,tipo,de,val,sample,val_ref,method,scenario,error
0,x_tcsc,1-14,-0.10706299645599154,0,-0.10706081259343138,WLS,1,2.1838625601650064e-06
1,B_svc,2,0.17511403594509092,0,0.17553938300861005,WLS,1,0.000425347063519127
2,UPFC_Vsh,5-15,1.111525926883191,0,1.111661121831751,WLS,1,0.00013519494855995795
3,UPFC_tsh,5-15,-0.23695867193639975,0,-0.2369556253674602,WLS,1,3.0465689395409168e-06
4,UPFC_Vse,5-15,0.05757421778374679,0,0.05781165891457163,WLS,1,0.00023744113082484197
5,UPFC_tse,5-15,-2.1190082776053027,0,-2.1195420076682687,WLS,1,0.0005337300629659758
0,x_tcsc,1-14,-0.10705981684586295,1,-0.10706081259343138,WLS,1,9.95747568427463e-07
1,B_svc,2,0.17565980976490592,1,0.17553938300861005,WLS,1,0.00012042675629586608
2,UPFC_Vsh,5-15,1.1116854910678957,1,1.111661121831751,WLS,1,2.436923614479447e-05
3,UPFC_tsh,5-15,-0.23691070380760465,1,-0.2369556253674602,WLS,1,4.492155985555413e-05
4,UPFC_Vse,5-15,0.057542127182355185,1,0.05781165891457163,WLS,1,0.00026953173221644366
5,UPFC_tse,5-15,-2.1170392276487737,1,-2.1195420076682687,WLS,1,0.002502780019494999
0,x_tcsc,1-14,-0.10706789830288431,2,-0.10706081259343138,WLS,1,7.085709452930855e-06
1,B_svc,2,0.1755435555735105,2,0.17553938300861005,WLS,1,4.172564900456477e-06
2,UPFC_Vsh,5-15,1.1116641677686667,2,1.111661121831751,WLS,1,3.0459369158020166e-06
3,UPFC_tsh,5-15,-0.23701197997111156,2,-0.2369556253674602,WLS,1,5.635460365135958e-05
4,UPFC_Vse,5-15,0.05779728851954779,2,0.05781165891457163,WLS,1,1.4370395023839688e-05
5,UPFC_tse,5-15,-2.1202789923828633,2,-2.1195420076682687,WLS,1,0.0007369847145946018
0,x_tcsc,1-14,-0.10706230393228269,3,-0.10706081259343138,WLS,1,1.491338851314361e-06
1,B_svc,2,0.17485158800463038,3,0.17553938300861005,WLS,1,0.0006877950039796688
2,UPFC_Vsh,5-15,1.112065472752855,3,1.111661121831751,WLS,1,0.00040435092110402415
3,UPFC_tsh,5-15,-0.23694819846549312,3,-0.2369556253674602,WLS,1,7.426901967089172e-06
4,UPFC_Vse,5-15,0.05745974985083051,3,0.05781165891457163,WLS,1,0.00035190906374112096
5,UPFC_tse,5-15,-2.1206282165941066,3,-2.1195420076682687,WLS,1,0.0010862089258378838
0,x_tcsc,1-14,-0.10706509420300724,4,-0.10706081259343138,WLS,1,4.281609575856882e-06
1,B_svc,2,0.1757506355480907,4,0.17553938300861005,WLS,1,0.0002112525394806497
2,UPFC_Vsh,5-15,1.1116420019917457,4,1.111661121831751,WLS,1,1.9119840005243915e-05
3,UPFC_tsh,5-15,-0.2369542614675032,4,-0.2369556253674602,WLS,1,1.363899957002035e-06
4,UPFC_Vse,5-15,0.057682493704910694,4,0.05781165891457163,WLS,1,0.00012916520966093498
5,UPFC_tse,5-15,-2.120262859812143,4,-2.1195420076682687,WLS,1,0.0007208521438744064
0,x_tcsc,1-14,-0.10705741428857003,5,-0.10706081259343138,WLS,1,3.3983048613461797e-06
1,B_svc,2,0.1756249220868336,5,0.17553938300861005,WLS,1,8.55390782235621e-05
2,UPFC_Vsh,5-15,1.1117666293468005,5,1.111661121831751,WLS,1,0.00010550751504956324
3,UPFC_tsh,5-15,-0.23695218639664764,5,-0.2369556253674602,WLS,1,3.438970812563724e-06
4,UPFC_Vse,5-15,0.05768779387282726,5,0.05781165891457163,WLS,1,0.0001238650417443657
5,UPFC_tse,5-15,-2.1196137315687364,5,-2.1195420076682687,WLS,1,7.172390046772392e-05
0,x_tcsc,1-14,-0.10706165542084871,6,-0.10706081259343138,WLS,1,8.428274173299943e-07
1,B_svc,2,0.1753091403857035,6,0.17553938300861005,WLS,1,0.00023024262290655129
2,UPFC_Vsh,5-15,1.1118568390842387,6,1.111661121831751,WLS,1,0.0001957172524877926
3,UPFC_tsh,5-15,-0.23703848617840784,6,-0.2369556253674602,WLS,1,8.286081094763253e-05
4,UPFC_Vse,5-15,0.05773033759214562,6,0.05781165891457163,WLS,1,8.132132242601176e-05
5,UPFC_tse,5-15,-2.1220049048677705,6,-2.1195420076682687,WLS,1,0.002462897199501768
0,x_tcsc,1-14,-0.10707347994795874,7,-0.10706081259343138,WLS,1,1.2667354527359787e-05
1,B_svc,2,0.1756144624352555,7,0.17553938300861005,WLS,1,7.507942664544687e-05
2,UPFC_Vsh,5-15,1.1118985084001025,7,1.111661121831751,WLS,1,0.0002373865683515941
3,UPFC_tsh,5-15,-0.23689675167052113,7,-0.2369556253674602,WLS,1,5.887369693907685e-05
4,UPFC_Vse,5-15,0.05708895404004591,7,0.05781165891457163,WLS,1,0.0007227048745257203
5,UPFC_tse,5-15,-2.11925721100143,7,-2.1195420076682687,WLS,1,0.0002847966668388935
0,x_tcsc,1-14,-0.10707542591970988,8,-0.10706081259343138,WLS,1,1.4613326278500871e-05
1,B_svc,2,0.17535117710463183,8,0.17553938300861005,WLS,1,0.00018820590397822246
2,UPFC_Vsh,5-15,1.1119109910086147,8,1.111661121831751,WLS,1,0.00024986917686375953
3,UPFC_tsh,5-15,-0.23700246959159338,8,-0.2369556253674602,WLS,1,4.684422413317457e-05
4,UPFC_Vse,5-15,0.05749028619697316,8,0.05781165891457163,WLS,1,0.0003213727175984671
5,UPFC_tse,5-15,-2.1194661968634247,8,-2.1195420076682687,WLS,1,7.581080484397873e-05
0,x_tcsc,1-14,-0.10706438000375162,9,-0.10706081259343138,WLS,1,3.5674103202459895e-06
1,B_svc,2,0.1755494106574226,9,0.17553938300861005,WLS,1,1.0027648812555023e-05
2,UPFC_Vsh,5-15,1.111604076652373,9,1.111661121831751,WLS,1,5.704517937799025e-05
3,UPFC_tsh,5-15,-0.23700575158933554,9,-0.2369556253674602,WLS,1,5.012622187533511e-05
4,UPFC_Vse,5-15,0.057877415220207125,9,0.05781165891457163,WLS,1,6.575630563549623e-05
5,UPFC_tse,5-15,-2.1192520668354833,9,-2.1195420076682687,WLS,1,0.00028994083278544025
0,x_tcsc,1-14,-0.10707408526376021,10,-0.10706081259343138,WLS,1,1.327267032882884e-05
1,B_svc,2,0.17540104133005138,10,0.17553938300861005,WLS,1,0.00013834167855866775
2,UPFC_Vsh,5-15,1.1114060887484294,10,1.111661121831751,WLS,1,0.00025503308332153196
3,UPFC_tsh,5-15,-0.2369205738520714,10,-0.2369556253674602,WLS,1,3.505151538879536e-05
4,UPFC_Vse,5-15,0.057089317903639365,10,0.05781165891457163,WLS,1,0.0007223410109322634
5,UPFC_tse,5-15,-2.1186810690828772,10,-2.1195420076682687,WLS,1,0.0008609385853914908
0,x_tcsc,1-14,-0.10707321667735523,11,-0.10706081259343138,WLS,1,1.240408392384762e-05
1,B_svc,2,0.1754595288427033,11,0.17553938300861005,WLS,1,7.985416590675087e-05
2,UPFC_Vsh,5-15,1.1117447654220813,11,1.111661121831751,WLS,1,8.36435903304178e-05
3,UPFC_tsh,5-15,-0.2369791169093453,11,-0.2369556253674602,WLS,1,2.3491541885106715e-05
4,UPFC_Vse,5-15,0.056912641639687706,11,0.05781165891457163,WLS,1,0.0008990172748839231
5,UPFC_tse,5-15,-2.1195625157199665,11,-2.1195420076682687,WLS,1,2.0508051697731844e-05
0,x_tcsc,1-14,-0.10706693886837051,12,-0.10706081259343138,WLS,1,6.126274939136089e-06
1,B_svc,2,0.17537540125536238,12,0.17553938300861005,WLS,1,0.00016398175324766617
2,UPFC_Vsh,5-15,1.1113772721220487,12,1.111661121831751,WLS,1,0.0002838497097021886
3,UPFC_tsh,5-15,-0.23700631038022352,12,-0.2369556253674602,WLS,1,5.068501276331294e-05
4,UPFC_Vse,5-15,0.05768259573302187,12,0.05781165891457163,WLS,1,0.00012906318154976004
5,UPFC_tse,5-15,-2.1187363822464422,12,-2.1195420076682687,WLS,1,0.0008056254218264947
0,x_tcsc,1-14,-0.10706725988477517,13,-0.10706081259343138,WLS,1,6.4472913437890744e-06
1,B_svc,2,0.17518522211488693,13,0.17553938300861005,WLS,1,0.00035416089372311554
2,UPFC_Vsh,5-15,1.1116511392176331,13,1.111661121831751,WLS,1,9.982614117776123e-06
3,UPFC_tsh,5-15,-0.2369411063771996,13,-0.2369556253674602,WLS,1,1.451899026061465e-05
4,UPFC_Vse,5-15,0.05727139632988499,13,0.05781165891457163,WLS,1,0.0005402625846866391
5,UPFC_tse,5-15,-2.1178309737075356,13,-2.1195420076682687,WLS,1,0.0017110339607331326
0,x_tcsc,1-14,-0.10706201954580379,14,-0.10706081259343138,WLS,1,1.2069523724067555e-06
1,B_svc,2,0.17527829549022075,14,0.17553938300861005,WLS,1,0.0002610875183892969
2,UPFC_Vsh,5-15,1.1117154642249725,14,1.111661121831751,WLS,1,5.434239322155143e-05
3,UPFC_tsh,5-15,-0.2369663382086332,14,-0.2369556253674602,WLS,1,1.071284117298843e-05
4,UPFC_Vse,5-15,0.05743721822046966,14,0.05781165891457163,WLS,1,0.00037444069410196706
5,UPFC_tse,5-15,-2.1205103393417066,14,-2.1195420076682687,WLS,1,0.0009683316734379055
0,x_tcsc,1-14,-0.10705851562031031,15,-0.10706081259343138,WLS,1,2.2969731210686906e-06
1,B_svc,2,0.17506584086297097,15,0.17553938300861005,WLS,1,0.0004735421456390776
2,UPFC_Vsh,5-15,1.1114164210425852,15,1.111661121831751,WLS,1,0.00024470078916571936
3,UPFC_tsh,5-15,-0.23696778109823757,15,-0.2369556253674602,WLS,1,1.2155730777368978e-05
4,UPFC_Vse,5-15,0.05772338792127417,15,0.05781165891457163,WLS,1,8.827099329745958e-05
5,UPFC_tse,5-15,-2.117098944350175,15,-2.1195420076682687,WLS,1,0.002443063318093852
0,x_tcsc,1-14,-0.10707106012334097,16,-0.10706081259343138,WLS,1,1.0247529909593323e-05
1,B_svc,2,0.17526550860842396,16,0.17553938300861005,WLS,1,0.000273874400186086
2,UPFC_Vsh,5-15,1.111207743142926,16,1.111661121831751,WLS,1,0.0004533786888250013
3,UPFC_tsh,5-15,-0.23699973012579872,16,-0.2369556253674602,WLS,1,4.410475833852012e-05
4,UPFC_Vse,5-15,0.057967646032131254,16,0.05781165891457163,WLS,1,0.00015598711755962502
5,UPFC_tse,5-15,-2.1156795317486172,16,-2.1195420076682687,WLS,1,0.003862475919651498
0,x_tcsc,1-14,-0.10707220142882524,17,-0.10706081259343138,WLS,1,1.1388835393866259e-05
1,B_svc,2,0.17528651139555554,17,0.17553938300861005,WLS,1,0.00025287161305451167
2,UPFC_Vsh,5-15,1.1118076882461667,17,1.111661121831751,WLS,1,0.0001465664144157941
3,UPFC_tsh,5-15,-0.23697764285783537,17,-0.2369556253674602,WLS,1,2.20174903751702e-05
4,UPFC_Vse,5-15,0.05728058276718131,17,0.05781165891457163,WLS,1,0.0005310761473903206
5,UPFC_tse,5-15,-2.1235755608630775,17,-2.1195420076682687,WLS,1,0.004033553194808803
0,x_tcsc,1-14,-0.10706462564115256,18,-0.10706081259343138,WLS,1,3.813047721179519e-06
1,B_svc,2,0.1751700645661337,18,0.17553938300861005,WLS,1,0.0003693184424763407
2,UPFC_Vsh,5-15,1.1118505030311103,18,1.111661121831751,WLS,1,0.00018938119935940634
3,UPFC_tsh,5-15,-0.23693126645137327,18,-0.2369556253674602,WLS,1,2.4358916086930638e-05
4,UPFC_Vse,5-15,0.05792836466001555,18,0.05781165891457163,WLS,1,0.00011670574544392354
5,UPFC_tse,5-15,-2.120030328215366,18,-2.1195420076682687,WLS,1,0.0004883205470971319
0,x_tcsc,1-14,-0.10708006417443917,19,-0.10706081259343138,WLS,1,1.9251581007795338e-05
1,B_svc,2,0.175773118744685,19,0.17553938300861005,WLS,1,0.00023373573607493592
2,UPFC_Vsh,5-15,1.1116411650164368,19,1.111661121831751,WLS,1,1.9956815314081666e-05
3,UPFC_tsh,5-15,-0.23697206367165796,19,-0.2369556253674602,WLS,1,1.6438304197757825e-05
4,UPFC_Vse,5-15,0.05754805789148166,19,0.05781165891457163,WLS,1,0.00026360102308996963
5,UPFC_tse,5-15,-2.1203813697142277,19,-2.1195420076682687,WLS,1,0.0008393620459590245
0,x_tcsc,1-14,-0.10707091253822112,20,-0.10706081259343138,WLS,1,1.0099944789745963e-05
1,B_svc,2,0.17502442586275513,20,0.17553938300861005,WLS,1,0.0005149571458549218
2,UPFC_Vsh,5-15,1.1116197684316615,20,1.111661121831751,WLS,1,4.135340008937227e-05
3,UPFC_tsh,5-15,-0.2369562826605934,20,-0.2369556253674602,WLS,1,6.572931331993992e-07
4,UPFC_Vse,5-15,0.0574816372923715,20,0.05781165891457163,WLS,1,0.0003300216222001315
5,UPFC_tse,5-15,-2.1211803919125027,20,-2.1195420076682687,WLS,1,0.0016383842442340146
0,x_tcsc,1-14,-0.1070728675352944,21,-0.10706081259343138,WLS,1,1.2054941863015589e-05
1,B_svc,2,0.17575276792983527,21,0.17553938300861005,WLS,1,0.00021338492122521813
2,UPFC_Vsh,5-15,1.1118851114563277,21,1.111661121831751,WLS,1,0.0002239896245768147
3,UPFC_tsh,5-15,-0.23692548306708125,21,-0.2369556253674602,WLS,1,3.0142300378954712e-05
4,UPFC_Vse,5-15,0.05806840134402094,21,0.05781165891457163,WLS,1,0.0002567424294493137
5,UPFC_tse,5-15,-2.117789428600751,21,-2.1195420076682687,WLS,1,0.00175257906751769
0,x_tcsc,1-14,-0.107070766491515,22,-0.10706081259343138,WLS,1,9.953898083614465e-06
1,B_svc,2,0.17577313941050335,22,0.17553938300861005,WLS,1,0.00023375640189329805
2,UPFC_Vsh,5-15,1.111810195166142,22,1.111661121831751,WLS,1,0.00014907333439118098
3,UPFC_tsh,5-15,-0.23697278361357849,22,-0.2369556253674602,WLS,1,1.715824611828176e-05
4,UPFC_Vse,5-15,0.057837032073505865,22,0.05781165891457163,WLS,1,2.5373158934235973e-05
5,UPFC_tse,5-15,-2.1168566111757174,22,-2.1195420076682687,WLS,1,0.002685396492551284
0,x_tcsc,1-14,-0.10705480609683896,23,-0.10706081259343138,WLS,1,6.006496592422805e-06
1,B_svc,2,0.17556339704217824,23,0.17553938300861005,WLS,1,2.401403356819265e-05
2,UPFC_Vsh,5-15,1.1116365870875982,23,1.111661121831751,WLS,1,2.4534744152759913e-05
3,UPFC_tsh,5-15,-0.23702517955396066,23,-0.2369556253674602,WLS,1,6.955418650045342e-05
4,UPFC_Vse,5-15,0.05789520052881865,23,0.05781165891457163,WLS,1,8.354161424702078e-05
5,UPFC_tse,5-15,-2.1177247699102075,23,-2.1195420076682687,WLS,1,0.0018172377580611965
0,x_tcsc,1-14,-0.10708108384376294,24,-0.10706081259343138,WLS,1,2.0271250331563295e-05
1,B_svc,2,0.17515271169768076,24,0.17553938300861005,WLS,1,0.0003866713109292874
2,UPFC_Vsh,5-15,1.1117124595573538,24,1.111661121831751,WLS,1,5.133772560284022e-05
3,UPFC_tsh,5-15,-0.2369884782347999,24,-0.2369556253674602,WLS,1,3.285286733969994e-05
4,UPFC_Vse,5-15,0.05742605646079918,24,0.05781165891457163,WLS,1,0.00038560245377244895
5,UPFC_tse,5-15,-2.1213531507983494,24,-2.1195420076682687,WLS,1,0.0018111431300806835
0,x_tcsc,1-14,-0.10707526021006639,25,-0.10706081259343138,WLS,1,1.444761663500771e-05
1,B_svc,2,0.17553987885946976,25,0.17553938300861005,WLS,1,4.958508597052713e-07
2,UPFC_Vsh,5-15,1.1120046825872762,25,1.111661121831751,WLS,1,0.0003435607555253295
3,UPFC_tsh,5-15,-0.23691863088863344,25,-0.2369556253674602,WLS,1,3.699447882676843e-05
4,UPFC_Vse,5-15,0.057278420687811554,25,0.05781165891457163,WLS,1,0.0005332382267600744
5,UPFC_tse,5-15,-2.116630919256202,25,-2.1195420076682687,WLS,1,0.0029110884120666647
0,x_tcsc,1-14,-0.10705261241513239,26,-0.10706081259343138,WLS,1,8.20017829898656e-06
1,B_svc,2,0.1757774153037536,26,0.17553938300861005,WLS,1,0.00023803229514354762
2,UPFC_Vsh,5-15,1.1117652677877061,26,1.111661121831751,WLS,1,0.00010414595595520382
3,UPFC_tsh,5-15,-0.23693877924347762,26,-0.2369556253674602,WLS,1,1.6846123982589e-05
4,UPFC_Vse,5-15,0.057420434127483926,26,0.05781165891457163,WLS,1,0.0003912247870877031
5,UPFC_tse,5-15,-2.1170513490685994,26,-2.1195420076682687,WLS,1,0.0024906585996693487
0,x_tcsc,1-14,-0.10706074796027404,27,-0.10706081259343138,WLS,1,6.463315734006603e-08
1,B_svc,2,0.1752252483801416,27,0.17553938300861005,WLS,1,0.00031413462846843765
2,UPFC_Vsh,5-15,1.1117577261203613,27,1.111661121831751,WLS,1,9.660428861035797e-05
3,UPFC_tsh,5-15,-0.236962212966944,27,-0.2369556253674602,WLS,1,6.587599483798279e-06
4,UPFC_Vse,5-15,0.05738969198600967,27,0.05781165891457163,WLS,1,0.0004219669285619593
5,UPFC_tse,5-15,-2.122063977174799,27,-2.1195420076682687,WLS,1,0.002521969506530386
0,x_tcsc,1-14,-0.10706770702916195,28,-0.10706081259343138,WLS,1,6.8944357305700255e-06
1,B_svc,2,0.175732150002177,28,0.17553938300861005,WLS,1,0.0001927669935669618
2,UPFC_Vsh,5-15,1.111894386516336,28,1.111661121831751,WLS,1,0.0002332646845850661
3,UPFC_tsh,5-15,-0.23695810112747107,28,-0.2369556253674602,WLS,1,2.475760010861583e-06
4,UPFC_Vse,5-15,0.05782699527499082,28,0.05781165891457163,WLS,1,1.533636041919223e-05
5,UPFC_tse,5-15,-2.1191244993037577,28,-2.1195420076682687,WLS,1,0.00041750836451104334
0,x_tcsc,1-14,-0.10707854698913334,29,-0.10706081259343138,WLS,1,1.773439570196267e-05
1,B_svc,2,0.17593587979543443,29,0.17553938300861005,WLS,1,0.0003964967868243796
2,UPFC_Vsh,5-15,1.1119960697211446,29,1.111661121831751,WLS,1,0.0003349478893936997
3,UPFC_tsh,5-15,-0.23697921087789478,29,-0.2369556253674602,WLS,1,2.358551043457613e-05
4,UPFC_Vse,5-15,0.05785182108914743,29,0.05781165891457163,WLS,1,4.016217457580157e-05
5,UPFC_tse,5-15,-2.1198692560366346,29,-2.1195420076682687,WLS,1,0.00032724836836584004
0,x_tcsc,1-14,-0.10705353186054954,30,-0.10706081259343138,WLS,1,7.280732881836949e-06
1,B_svc,2,0.17567342539716443,30,0.17553938300861005,WLS,1,0.000134042388554384
2,UPFC_Vsh,5-15,1.1119117668662493,30,1.111661121831751,WLS,1,0.0002506450344983424
3,UPFC_tsh,5-15,-0.23699583066220972,30,-0.2369556253674602,WLS,1,4.020529474951795e-05
4,UPFC_Vse,5-15,0.058353714517163535,30,0.05781165891457163,WLS,1,0.0005420556025919065
5,UPFC_tse,5-15,-2.1213987443371773,30,-2.1195420076682687,WLS,1,0.0018567366689086207
0,x_tcsc,1-14,-0.10706194160010701,31,-0.10706081259343138,WLS,1,1.1290066756347583e-06
1,B_svc,2,0.1756685980493966,31,0.17553938300861005,WLS,1,0.00012921504078655666
2,UPFC_Vsh,5-15,1.1115149717054376,31,1.111661121831751,WLS,1,0.00014615012631336022
3,UPFC_tsh,5-15,-0.23702212352013566,31,-0.2369556253674602,WLS,1,6.649815267545378e-05
4,UPFC_Vse,5-15,0.0574346188457302,31,0.05781165891457163,WLS,1,0.0003770400688414277
5,UPFC_tse,5-15,-2.1192485979016253,31,-2.1195420076682687,WLS,1,0.00029340976664338214
0,x_tcsc,1-14,-0.10705389495485038,32,-0.10706081259343138,WLS,1,6.917638581002694e-06
1,B_svc,2,0.17584407716315195,32,0.17553938300861005,WLS,1,0.0003046941545419013
2,UPFC_Vsh,5-15,1.1118724449698032,32,1.111661121831751,WLS,1,0.00021132313805227732
3,UPFC_tsh,5-15,-0.23694509589483043,32,-0.2369556253674602,WLS,1,1.052947262977777e-05
4,UPFC_Vse,5-15,0.057069857219340187,32,0.05781165891457163,WLS,1,0.0007418016952314421
5,UPFC_tse,5-15,-2.123015337269202,32,-2.1195420076682687,WLS,1,0.0034733296009332726
0,x_tcsc,1-14,-0.10708234673285018,33,-0.10706081259343138,WLS,1,2.1534139418799558e-05
1,B_svc,2,0.17538704228068125,33,0.17553938300861005,WLS,1,0.00015234072792880138
2,UPFC_Vsh,5-15,1.1116126837678664,33,1.111661121831751,WLS,1,4.84380638845483e-05
3,UPFC_tsh,5-15,-0.23700849784002292,33,-0.2369556253674602,WLS,1,5.287247256272054e-05
4,UPFC_Vse,5-15,0.057193167834289495,33,0.05781165891457163,WLS,1,0.0006184910802821339
5,UPFC_tse,5-15,-2.1176045448654803,33,-2.1195420076682687,WLS,1,0.0019374628027883922
0,x_tcsc,1-14,-0.10706989643932807,34,-0.10706081259343138,WLS,1,9.083845896692977e-06
1,B_svc,2,0.17535329656091883,34,0.17553938300861005,WLS,1,0.0001860864476912194
2,UPFC_Vsh,5-15,1.1118928611051995,34,1.111661121831751,WLS,1,0.00023173927344855016
3,UPFC_tsh,5-15,-0.23693910894864406,34,-0.2369556253674602,WLS,1,1.651641881614263e-05
4,UPFC_Vse,5-15,0.05760039234734262,34,0.05781165891457163,WLS,1,0.00021126656722900844
5,UPFC_tse,5-15,-2.120707888513493,34,-2.1195420076682687,WLS,1,0.0011658808452241765
0,x_tcsc,1-14,-0.10705858691666503,35,-0.10706081259343138,WLS,1,2.2256767663458854e-06
1,B_svc,2,0.17538540936084548,35,0.17553938300861005,WLS,1,0.0001539736477645659
2,UPFC_Vsh,5-15,1.1113696603311605,35,1.111661121831751,WLS,1,0.00029146150059045084
3,UPFC_tsh,5-15,-0.23693592540056668,35,-0.2369556253674602,WLS,1,1.9699966893521603e-05
4,UPFC_Vse,5-15,0.05773595678715995,35,0.05781165891457163,WLS,1,7.570212741167537e-05
5,UPFC_tse,5-15,-2.1180314847048276,35,-2.1195420076682687,WLS,1,0.0015105229634411188
0,x_tcsc,1-14,-0.10707782612253897,36,-0.10706081259343138,WLS,1,1.7013529107587355e-05
1,B_svc,2,0.17527567940021133,36,0.17553938300861005,WLS,1,0.0002637036083987243
2,UPFC_Vsh,5-15,1.1118622099807598,36,1.111661121831751,WLS,1,0.00020108814900887673
3,UPFC_tsh,5-15,-0.23696482715434383,36,-0.2369556253674602,WLS,1,9.20178688362805e-06
4,UPFC_Vse,5-15,0.05753354767130395,36,0.05781165891457163,WLS,1,0.00027811124326768133
5,UPFC_tse,5-15,-2.122278867775802,36,-2.1195420076682687,WLS,1,0.0027368601075332677
0,x_tcsc,1-14,-0.10707111400616234,37,-0.10706081259343138,WLS,1,1.0301412730964743e-05
1,B_svc,2,0.17564408140370777,37,0.17553938300861005,WLS,1,0.00010469839509771872
2,UPFC_Vsh,5-15,1.1115984119891031,37,1.111661121831751,WLS,1,6.270984264777901e-05
3,UPFC_tsh,5-15,-0.2369938201545261,37,-0.2369556253674602,WLS,1,3.8194787065903846e-05
4,UPFC_Vse,5-15,0.057918632914140865,37,0.05781165891457163,WLS,1,0.0001069739995692362
5,UPFC_tse,5-15,-2.120000012802618,37,-2.1195420076682687,WLS,1,0.00045800513434945955
0,x_tcsc,1-14,-0.10708384195550781,38,-0.10706081259343138,WLS,1,2.3029362076432136e-05
1,B_svc,2,0.17552732593927564,38,0.17553938300861005,WLS,1,1.2057069334409087e-05
2,UPFC_Vsh,5-15,1.1118402691930411,38,1.111661121831751,WLS,1,0.00017914736129021058
3,UPFC_tsh,5-15,-0.23699074316821914,38,-0.2369556253674602,WLS,1,3.511780075893256e-05
4,UPFC_Vse,5-15,0.057439222532838105,38,0.05781165891457163,WLS,1,0.00037243638173352356
5,UPFC_tse,5-15,-2.1215801327066006,38,-2.1195420076682687,WLS,1,0.002038125038331895
0,x_tcsc,1-14,-0.10706601160127589,39,-0.10706081259343138,WLS,1,5.199007844514103e-06
1,B_svc,2,0.17550904902252507,39,0.17553938300861005,WLS,1,3.0333986084984943e-05
2,UPFC_Vsh,5-15,1.1115081254628223,39,1.111661121831751,WLS,1,0.00015299636892862623
3,UPFC_tsh,5-15,-0.23692291406936916,39,-0.2369556253674602,WLS,1,3.271129809104267e-05
4,UPFC_Vse,5-15,0.05712683426055897,39,0.05781165891457163,WLS,1,0.0006848246540126571
5,UPFC_tse,5-15,-2.1200429736365303,39,-2.1195420076682687,WLS,1,0.0005009659682615464
0,x_tcsc,1-14,-0.10706781507398395,40,-0.10706081259343138,WLS,1,7.002480552575907e-06
1,B_svc,2,0.17599114178680764,40,0.17553938300861005,WLS,1,0.00045175877819758625
2,UPFC_Vsh,5-15,1.1115848947243632,40,1.111661121831751,WLS,1,7.622710738774963e-05
3,UPFC_tsh,5-15,-0.23698109007924037,40,-0.2369556253674602,WLS,1,2.5464711780165405e-05
4,UPFC_Vse,5-15,0.057882511803073654,40,0.05781165891457163,WLS,1,7.085288850202515e-05
5,UPFC_tse,5-15,-2.120992486865664,40,-2.1195420076682687,WLS,1,0.0014504791973952713
0,x_tcsc,1-14,-0.10706261803696547,41,-0.10706081259343138,WLS,1,1.805443534091955e-06
1,B_svc,2,0.17524512415077861,41,0.17553938300861005,WLS,1,0.00029425885783143646
2,UPFC_Vsh,5-15,1.111521957419149,41,1.111661121831751,WLS,1,0.00013916441260186652
3,UPFC_tsh,5-15,-0.2368976323148784,41,-0.2369556253674602,WLS,1,5.7993052581806204e-05
4,UPFC_Vse,5-15,0.05722140878242436,41,0.05781165891457163,WLS,1,0.0005902501321472658
5,UPFC_tse,5-15,-2.118237623227061,41,-2.1195420076682687,WLS,1,0.0013043844412075067
0,x_tcsc,1-14,-0.10706666857473324,42,-0.10706081259343138,WLS,1,5.855981301858271e-06
1,B_svc,2,0.17558631934239918,42,0.17553938300861005,WLS,1,4.6936333789132645e-05
2,UPFC_Vsh,5-15,1.1118950637281402,42,1.111661121831751,WLS,1,0.0002339418963892559
3,UPFC_tsh,5-15,-0.23692192863346137,42,-0.2369556253674602,WLS,1,3.369673399883366e-05
4,UPFC_Vse,5-15,0.05759838932060937,42,0.05781165891457163,WLS,1,0.00021326959396225642
5,UPFC_tse,5-15,-2.123839682104302,42,-2.1195420076682687,WLS,1,0.004297674436033461
0,x_tcsc,1-14,-0.1070766943449874,43,-0.10706081259343138,WLS,1,1.5881751556021118e-05
1,B_svc,2,0.17541282544756864,43,0.17553938300861005,WLS,1,0.00012655756104140714
2,UPFC_Vsh,5-15,1.1114903801434683,43,1.111661121831751,WLS,1,0.00017074168828257186
3,UPFC_tsh,5-15,-0.2369981411059787,43,-0.2369556253674602,WLS,1,4.251573851848933e-05
4,UPFC_Vse,5-15,0.05754458043283759,43,0.05781165891457163,WLS,1,0.00026707848173403853
5,UPFC_tse,5-15,-2.1178589656803037,43,-2.1195420076682687,WLS,1,0.0016830419879649838
0,x_tcsc,1-14,-0.10707224473285437,44,-0.10706081259343138,WLS,1,1.1432139422992704e-05
1,B_svc,2,0.17552108094708468,44,0.17553938300861005,WLS,1,1.8302061525365954e-05
2,UPFC_Vsh,5-15,1.111426537049647,44,1.111661121831751,WLS,1,0.0002345847821039193
3,UPFC_tsh,5-15,-0.2369895701277073,44,-0.2369556253674602,WLS,1,3.3944760247095473e-05
4,UPFC_Vse,5-15,0.0583007064029378,44,0.05781165891457163,WLS,1,0.0004890474883661733
5,UPFC_tse,5-15,-2.113574602772701,44,-2.1195420076682687,WLS,1,0.005967404895567796
0,x_tcsc,1-14,-0.10707411156979187,45,-0.10706081259343138,WLS,1,1.329897636048738e-05
1,B_svc,2,0.17554446818067124,45,0.17553938300861005,WLS,1,5.085172061186638e-06
2,UPFC_Vsh,5-15,1.111312976863176,45,1.111661121831751,WLS,1,0.00034814496857493715
3,UPFC_tsh,5-15,-0.2370130494415444,45,-0.2369556253674602,WLS,1,5.7424074084183596e-05
4,UPFC_Vse,5-15,0.05761006676043413,45,0.05781165891457163,WLS,1,0.0002015921541375018
5,UPFC_tse,5-15,-2.1171950844489618,45,-2.1195420076682687,WLS,1,0.0023469232193069622
0,x_tcsc,1-14,-0.10707552170804256,46,-0.10706081259343138,WLS,1,1.4709114611183294e-05
1,B_svc,2,0.17562091699736446,46,0.17553938300861005,WLS,1,8.153398875440643e-05
2,UPFC_Vsh,5-15,1.1117097189858425,46,1.111661121831751,WLS,1,4.8597154091556405e-05
3,UPFC_tsh,5-15,-0.23697541979369857,46,-0.2369556253674602,WLS,1,1.979442623836758e-05
4,UPFC_Vse,5-15,0.05733142984431597,46,0.05781165891457163,WLS,1,0.0004802290702556611
5,UPFC_tse,5-15,-2.1182331734609594,46,-2.1195420076682687,WLS,1,0.0013088342073093173
0,x_tcsc,1-14,-0.10707191672018666,47,-0.10706081259343138,WLS,1,1.1104126755284716e-05
1,B_svc,2,0.17525189005864228,47,0.17553938300861005,WLS,1,0.0002874929499677714
2,UPFC_Vsh,5-15,1.1121908425224916,47,1.111661121831751,WLS,1,0.0005297206907406427
3,UPFC_tsh,5-15,-0.2369145873425971,47,-0.2369556253674602,WLS,1,4.1038024863104816e-05
4,UPFC_Vse,5-15,0.057817307362128374,47,0.05781165891457163,WLS,1,5.648447556745595e-06
5,UPFC_tse,5-15,-2.120012777108732,47,-2.1195420076682687,WLS,1,0.0004707694404633145
0,x_tcsc,1-14,-0.10707317761392128,48,-0.10706081259343138,WLS,1,1.2365020489901735e-05
1,B_svc,2,0.17589001289054695,48,0.17553938300861005,WLS,1,0.0003506298819369036
2,UPFC_Vsh,5-15,1.1117601086751605,48,1.111661121831751,WLS,1,9.898684340958752e-05
3,UPFC_tsh,5-15,-0.23692131235345537,48,-0.2369556253674602,WLS,1,3.431301400483311e-05
4,UPFC_Vse,5-15,0.05747443513160707,48,0.05781165891457163,WLS,1,0.00033722378296455885
5,UPFC_tse,5-15,-2.1208230418881673,48,-2.1195420076682687,WLS,1,0.001281034219898558
0,x_tcsc,1-14,-0.1070722331655937,49,-0.10706081259343138,WLS,1,1.1420572162315623e-05
1,B_svc,2,0.1753312286256281,49,0.17553938300861005,WLS,1,0.0002081543829819399
2,UPFC_Vsh,5-15,1.1118594698397843,49,1.111661121831751,WLS,1,0.00019834800803342212
3,UPFC_tsh,5-15,-0.2369619846722584,49,-0.2369556253674602,WLS,1,6.359304798198018e-06
4,UPFC_Vse,5-15,0.05746881688330406,49,0.05781165891457163,WLS,1,0.00034284203126756785
5,UPFC_tse,5-15,-2.1189166707506852,49,-2.1195420076682687,WLS,1,0.0006253369175834855
0,x_tcsc,1-14,-0.10707298129076459,50,-0.10706081259343138,WLS,1,1.2168697333211909e-05
1,B_svc,2,0.1752162639113112,50,0.17553938300861005,WLS,1,0.00032311909729884625
2,UPFC_Vsh,5-15,1.1115123480972273,50,1.111661121831751,WLS,1,0.00014877373452359954
3,UPFC_tsh,5-15,-0.23694924670001513,50,-0.2369556253674602,WLS,1,6.378667445072761e-06
4,UPFC_Vse,5-15,0.05751397712095113,50,0.05781165891457163,WLS,1,0.00029768179362049674
5,UPFC_tse,5-15,-2.119993712161764,50,-2.1195420076682687,WLS,1,0.00045170449349507535
0,x_tcsc,1-14,-0.10707581097891385,51,-0.10706081259343138,WLS,1,1.4998385482467569e-05
1,B_svc,2,0.17567198091812788,51,0.17553938300861005,WLS,1,0.00013259790951783423
2,UPFC_Vsh,5-15,1.1118910647659592,51,1.111661121831751,WLS,1,0.0002299429342083048
3,UPFC_tsh,5-15,-0.23692490481537476,51,-0.2369556253674602,WLS,1,3.0720552085444774e-05
4,UPFC_Vse,5-15,0.057640918457515955,51,0.05781165891457163,WLS,1,0.00017074045705567364
5,UPFC_tse,5-15,-2.1193551127794934,51,-2.1195420076682687,WLS,1,0.00018689488877532412
0,x_tcsc,1-14,-0.10707505271266943,52,-0.10706081259343138,WLS,1,1.4240119238048687e-05
1,B_svc,2,0.17563924272005849,52,0.17553938300861005,WLS,1,9.985971144843564e-05
2,UPFC_Vsh,5-15,1.1114652898390291,52,1.111661121831751,WLS,1,0.00019583199272177332
3,UPFC_tsh,5-15,-0.23698317349705406,52,-0.2369556253674602,WLS,1,2.7548129593851778e-05
4,UPFC_Vse,5-15,0.05750591082236487,52,0.05781165891457163,WLS,1,0.00030574809220675764
5,UPFC_tse,5-15,-2.118540552844187,52,-2.1195420076682687,WLS,1,0.001001454824081538
0,x_tcsc,1-14,-0.1070683928051647,53,-0.10706081259343138,WLS,1,7.580211733318465e-06
1,B_svc,2,0.17518201723126245,53,0.17553938300861005,WLS,1,0.00035736577734760133
2,UPFC_Vsh,5-15,1.1116661706311686,53,1.111661121831751,WLS,1,5.0487994176506845e-06
3,UPFC_tsh,5-15,-0.23690296304579891,53,-0.2369556253674602,WLS,1,5.266232166128981e-05
4,UPFC_Vse,5-15,0.05716870427683176,53,0.05781165891457163,WLS,1,0.000642954637739869
5,UPFC_tse,5-15,-2.1221200131712665,53,-2.1195420076682687,WLS,1,0.0025780055029978044
0,x_tcsc,1-14,-0.10706815855785913,54,-0.10706081259343138,WLS,1,7.3459644277518166e-06
1,B_svc,2,0.17610526271317742,54,0.17553938300861005,WLS,1,0.000565879704567368
2,UPFC_Vsh,5-15,1.1114700606679961,54,1.111661121831751,WLS,1,0.00019106116375477988
3,UPFC_tsh,5-15,-0.2370053095976439,54,-0.2369556253674602,WLS,1,4.968423018369972e-05
4,UPFC_Vse,5-15,0.057316664710793434,54,0.05781165891457163,WLS,1,0.0004949942037781943
5,UPFC_tse,5-15,-2.1207848403195473,54,-2.1195420076682687,WLS,1,0.0012428326512785581
0,x_tcsc,1-14,-0.10705836770354092,55,-0.10706081259343138,WLS,1,2.4448898904572136e-06
1,B_svc,2,0.17543546000973592,55,0.17553938300861005,WLS,1,0.00010392299887412859
2,UPFC_Vsh,5-15,1.1119619089545312,55,1.111661121831751,WLS,1,0.000300787122780255
3,UPFC_tsh,5-15,-0.23698997642176678,55,-0.2369556253674602,WLS,1,3.4351054306575035e-05
4,UPFC_Vse,5-15,0.057843482811610225,55,0.05781165891457163,WLS,1,3.182389703859645e-05
5,UPFC_tse,5-15,-2.117511072511479,55,-2.1195420076682687,WLS,1,0.0020309351567897593
0,x_tcsc,1-14,-0.10705818744090412,56,-0.10706081259343138,WLS,1,2.62515252726081e-06
1,B_svc,2,0.17598188289131858,56,0.17553938300861005,WLS,1,0.00044249988270853025
2,UPFC_Vsh,5-15,1.1112244651920302,56,1.111661121831751,WLS,1,0.00043665663972070057
3,UPFC_tsh,5-15,-0.2370177109279925,56,-0.2369556253674602,WLS,1,6.208556053230452e-05
4,UPFC_Vse,5-15,0.05765157440027985,56,0.05781165891457163,WLS,1,0.0001600845142917806
5,UPFC_tse,5-15,-2.116460626579441,56,-2.1195420076682687,WLS,1,0.003081381088827939
0,x_tcsc,1-14,-0.10705770772179594,57,-0.10706081259343138,WLS,1,3.10487163543427e-06
1,B_svc,2,0.17516160658070082,57,0.17553938300861005,WLS,1,0.00037777642790923216
2,UPFC_Vsh,5-15,1.111996160710029,57,1.111661121831751,WLS,1,0.0003350388782781266
3,UPFC_tsh,5-15,-0.23687903909485972,57,-0.2369556253674602,WLS,1,7.658627260048734e-05
4,UPFC_Vse,5-15,0.05784885599748858,57,0.05781165891457163,WLS,1,3.719708291695378e-05
5,UPFC_tse,5-15,-2.1189314987370262,57,-2.1195420076682687,WLS,1,0.0006105089312424816
0,x_tcsc,1-14,-0.10707429230739832,58,-0.10706081259343138,WLS,1,1.3479713966937923e-05
1,B_svc,2,0.17539457066681974,58,0.17553938300861005,WLS,1,0.00014481234179031244
2,UPFC_Vsh,5-15,1.111677717018219,58,1.111661121831751,WLS,1,1.6595186468126855e-05
3,UPFC_tsh,5-15,-0.23699623535620465,58,-0.2369556253674602,WLS,1,4.0609988744444436e-05
4,UPFC_Vse,5-15,0.05717344331833114,58,0.05781165891457163,WLS,1,0.000638215596240492
5,UPFC_tse,5-15,-2.12055490104961,58,-2.1195420076682687,WLS,1,0.00101289338134114
0,x_tcsc,1-14,-0.10708009188799525,59,-0.10706081259343138,WLS,1,1.927929456387034e-05
1,B_svc,2,0.1753696857733277,59,0.17553938300861005,WLS,1,0.0001696972352823456
2,UPFC_Vsh,5-15,1.1118836015858802,59,1.111661121831751,WLS,1,0.0002224797541292567
3,UPFC_tsh,5-15,-0.23691681788543195,59,-0.2369556253674602,WLS,1,3.880748202825246e-05
4,UPFC_Vse,5-15,0.057812113677889146,59,0.05781165891457163,WLS,1,4.547633175172594e-07
5,UPFC_tse,5-15,-2.1167815381390302,59,-2.1195420076682687,WLS,1,0.002760469529238474
0,x_tcsc,1-14,-0.10707497717567725,60,-0.10706081259343138,WLS,1,1.416458224587358e-05
1,B_svc,2,0.17554288491652204,60,0.17553938300861005,WLS,1,3.5019079119846808e-06
2,UPFC_Vsh,5-15,1.1118865211433315,60,1.111661121831751,WLS,1,0.00022539931158060966
3,UPFC_tsh,5-15,-0.23692884334878905,60,-0.2369556253674602,WLS,1,2.678201867115093e-05
4,UPFC_Vse,5-15,0.05772189080343465,60,0.05781165891457163,WLS,1,8.976811113697858e-05
5,UPFC_tse,5-15,-2.116901497023356,60,-2.1195420076682687,WLS,1,0.0026405106449125526
0,x_tcsc,1-14,-0.10707189843835711,61,-0.10706081259343138,WLS,1,1.10858449257345e-05
1,B_svc,2,0.17513353737322998,61,0.17553938300861005,WLS,1,0.0004058456353800699
2,UPFC_Vsh,5-15,1.1117033723740917,61,1.111661121831751,WLS,1,4.225054234074932e-05
3,UPFC_tsh,5-15,-0.23697471467603815,61,-0.2369556253674602,WLS,1,1.908930857794089e-05
4,UPFC_Vse,5-15,0.05780796372592946,61,0.05781165891457163,WLS,1,3.6951886421693336e-06
5,UPFC_tse,5-15,-2.1203775320334306,61,-2.1195420076682687,WLS,1,0.0008355243651618771
0,x_tcsc,1-14,-0.1070833334366019,62,-0.10706081259343138,WLS,1,2.2520843170517613e-05
1,B_svc,2,0.1755475684339645,62,0.17553938300861005,WLS,1,8.185425354440001e-06
2,UPFC_Vsh,5-15,1.111611005048141,62,1.111661121831751,WLS,1,5.011678360999916e-05
3,UPFC_tsh,5-15,-0.23699213670248967,62,-0.2369556253674602,WLS,1,3.6511335029465464e-05
4,UPFC_Vse,5-15,0.05784163293084146,62,0.05781165891457163,WLS,1,2.9974016269834758e-05
5,UPFC_tse,5-15,-2.1203923979000305,62,-2.1195420076682687,WLS,1,0.0008503902317618106
0,x_tcsc,1-14,-0.10706684115245597,63,-0.10706081259343138,WLS,1,6.028559024595648e-06
1,B_svc,2,0.17556703050616207,63,0.17553938300861005,WLS,1,2.7647497552019118e-05
2,UPFC_Vsh,5-15,1.1116739535907898,63,1.111661121831751,WLS,1,1.2831759038878232e-05
3,UPFC_tsh,5-15,-0.23694951981454004,63,-0.2369556253674602,WLS,1,6.105552920160351e-06
4,UPFC_Vse,5-15,0.057593108200659666,63,0.05781165891457163,WLS,1,0.00021855071391196218
5,UPFC_tse,5-15,-2.120923061584136,63,-2.1195420076682687,WLS,1,0.0013810539158671808
0,x_tcsc,1-14,-0.10707206043421238,64,-0.10706081259343138,WLS,1,1.1247840781006269e-05
1,B_svc,2,0.1756599925637858,64,0.17553938300861005,WLS,1,0.00012060955517576022
2,UPFC_Vsh,5-15,1.1117164750973225,64,1.111661121831751,WLS,1,5.5353265571600474e-05
3,UPFC_tsh,5-15,-0.2369381389003999,64,-0.2369556253674602,WLS,1,1.7486467060290334e-05
4,UPFC_Vse,5-15,0.05766801406126277,64,0.05781165891457163,WLS,1,0.0001436448533088594
5,UPFC_tse,5-15,-2.123151705351852,64,-2.1195420076682687,WLS,1,0.003609697683583324
0,x_tcsc,1-14,-0.10707524860644732,65,-0.10706081259343138,WLS,1,1.4436013015942106e-05
1,B_svc,2,0.1752948220429269,65,0.17553938300861005,WLS,1,0.00024456096568314933
2,UPFC_Vsh,5-15,1.1116854758766925,65,1.111661121831751,WLS,1,2.4354044941610198e-05
3,UPFC_tsh,5-15,-0.23698192334519208,65,-0.2369556253674602,WLS,1,2.6297977731876143e-05
4,UPFC_Vse,5-15,0.057620210510946096,65,0.05781165891457163,WLS,1,0.00019144840362553261
5,UPFC_tse,5-15,-2.11700104859689,65,-2.1195420076682687,WLS,1,0.0025409590713785235
0,x_tcsc,1-14,-0.10705787229725813,66,-0.10706081259343138,WLS,1,2.940296173245538e-06
1,B_svc,2,0.17557864195313594,66,0.17553938300861005,WLS,1,3.9258944525888406e-05
2,UPFC_Vsh,5-15,1.1118368300629715,66,1.111661121831751,WLS,1,0.00017570823122059487
3,UPFC_tsh,5-15,-0.2369184957036663,66,-0.2369556253674602,WLS,1,3.712966379390559e-05
4,UPFC_Vse,5-15,0.057897487061640544,66,0.05781165891457163,WLS,1,8.582814706891567e-05
5,UPFC_tse,5-15,-2.117972277807574,66,-2.1195420076682687,WLS,1,0.001569729860694924
0,x_tcsc,1-14,-0.10706923747143031,67,-0.10706081259343138,WLS,1,8.424877998930436e-06
1,B_svc,2,0.17524631592904016,67,0.17553938300861005,WLS,1,0.0002930670795698864
2,UPFC_Vsh,5-15,1.1115343204161185,67,1.111661121831751,WLS,1,0.00012680141563237157
3,UPFC_tsh,5-15,-0.2369911275679511,67,-0.2369556253674602,WLS,1,3.5502200490894475e-05
4,UPFC_Vse,5-15,0.057562066988951,67,0.05781165891457163,WLS,1,0.00024959192562062915
5,UPFC_tse,5-15,-2.1217265962128096,67,-2.1195420076682687,WLS,1,0.002184588544540844
0,x_tcsc,1-14,-0.10706758433321095,68,-0.10706081259343138,WLS,1,6.771739779573571e-06
1,B_svc,2,0.17560944548040475,68,0.17553938300861005,WLS,1,7.006247179469627e-05
2,UPFC_Vsh,5-15,1.1118085113250356,68,1.111661121831751,WLS,1,0.00014738949328463313
3,UPFC_tsh,5-15,-0.23701227151955265,68,-0.2369556253674602,WLS,1,5.664615209244328e-05
4,UPFC_Vse,5-15,0.057808799108105456,68,0.05781165891457163,WLS,1,2.8598064661725098e-06
5,UPFC_tse,5-15,-2.118631622777975,68,-2.1195420076682687,WLS,1,0.0009103848902936029
0,x_tcsc,1-14,-0.10706883383188122,69,-0.10706081259343138,WLS,1,8.021238449840151e-06
1,B_svc,2,0.1759363913555888,69,0.17553938300861005,WLS,1,0.00039700834697875553
2,UPFC_Vsh,5-15,1.1117288729427646,69,1.111661121831751,WLS,1,6.77511110136475e-05
3,UPFC_tsh,5-15,-0.23693176314104328,69,-0.2369556253674602,WLS,1,2.386222641692637e-05
4,UPFC_Vse,5-15,0.05731453645816019,69,0.05781165891457163,WLS,1,0.000497122456411439
5,UPFC_tse,5-15,-2.119252466458329,69,-2.1195420076682687,WLS,1,0.0002895412099395145
0,x_tcsc,1-14,-0.10707429140531426,70,-0.10706081259343138,WLS,1,1.3478811882877695e-05
1,B_svc,2,0.17509016689084006,70,0.17553938300861005,WLS,1,0.0004492161177699905
2,UPFC_Vsh,5-15,1.1117111956076018,70,1.111661121831751,WLS,1,5.0073775850867364e-05
3,UPFC_tsh,5-15,-0.2369655259500008,70,-0.2369556253674602,WLS,1,9.900582540606218e-06
4,UPFC_Vse,5-15,0.05771217154045837,70,0.05781165891457163,WLS,1,9.948737411325653e-05
5,UPFC_tse,5-15,-2.1178387273218733,70,-2.1195420076682687,WLS,1,0.0017032803463954416
0,x_tcsc,1-14,-0.1070885262284724,71,-0.10706081259343138,WLS,1,2.7713635041018425e-05
1,B_svc,2,0.1753145786107754,71,0.17553938300861005,WLS,1,0.00022480439783464923
2,UPFC_Vsh,5-15,1.1117310010956887,71,1.111661121831751,WLS,1,6.987926393775545e-05
3,UPFC_tsh,5-15,-0.2368798203387058,71,-0.2369556253674602,WLS,1,7.580502875439987e-05
4,UPFC_Vse,5-15,0.05768149441979969,71,0.05781165891457163,WLS,1,0.00013016449477194075
5,UPFC_tse,5-15,-2.119771540707208,71,-2.1195420076682687,WLS,1,0.0002295330389392447
0,x_tcsc,1-14,-0.10707298833204779,72,-0.10706081259343138,WLS,1,1.2175738616407306e-05
1,B_svc,2,0.1757346557155468,72,0.17553938300861005,WLS,1,0.00019527270693675547
2,UPFC_Vsh,5-15,1.1119433973475386,72,1.111661121831751,WLS,1,0.0002822755157876333
3,UPFC_tsh,5-15,-0.23698229479327954,72,-0.2369556253674602,WLS,1,2.6669425819331183e-05
4,UPFC_Vse,5-15,0.05741855833164383,72,0.05781165891457163,WLS,1,0.0003931005829277967
5,UPFC_tse,5-15,-2.1190688140017513,72,-2.1195420076682687,WLS,1,0.0004731936665174352
0,x_tcsc,1-14,-0.10706265716576253,73,-0.10706081259343138,WLS,1,1.8445723311555362e-06
1,B_svc,2,0.175651438191295,73,0.17553938300861005,WLS,1,0.0001120551826849503
2,UPFC_Vsh,5-15,1.111808668475316,73,1.111661121831751,WLS,1,0.0001475466435649775
3,UPFC_tsh,5-15,-0.2369798517649256,73,-0.2369556253674602,WLS,1,2.4226397465382243e-05
4,UPFC_Vse,5-15,0.05738146422401656,73,0.05781165891457163,WLS,1,0.0004301946905550663
5,UPFC_tse,5-15,-2.121604833812921,73,-2.1195420076682687,WLS,1,0.0020628261446522522
0,x_tcsc,1-14,-0.10707596265028076,74,-0.10706081259343138,WLS,1,1.5150056849377869e-05
1,B_svc,2,0.1755683527934559,74,0.17553938300861005,WLS,1,2.896978484584478e-05
2,UPFC_Vsh,5-15,1.1118895653692047,74,1.111661121831751,WLS,1,0.00022844353745377077
3,UPFC_tsh,5-15,-0.23699547386375722,74,-0.2369556253674602,WLS,1,3.984849629701248e-05
4,UPFC_Vse,5-15,0.05769302777375648,74,0.05781165891457163,WLS,1,0.00011863114081514525
5,UPFC_tse,5-15,-2.1183452642469387,74,-2.1195420076682687,WLS,1,0.0011967434213300265
0,x_tcsc,1-14,-0.10706219839933366,75,-0.10706081259343138,WLS,1,1.385805902281989e-06
1,B_svc,2,0.1754041348509108,75,0.17553938300861005,WLS,1,0.00013524815769924703
2,UPFC_Vsh,5-15,1.1117605477931343,75,1.111661121831751,WLS,1,9.942596138334814e-05
3,UPFC_tsh,5-15,-0.23699339096790986,75,-0.2369556253674602,WLS,1,3.776560044965738e-05
4,UPFC_Vse,5-15,0.057495477449038185,75,0.05781165891457163,WLS,1,0.00031618146553344384
5,UPFC_tse,5-15,-2.1180559613557315,75,-2.1195420076682687,WLS,1,0.001486046312537237
0,x_tcsc,1-14,-0.10706851223748605,76,-0.10706081259343138,WLS,1,7.699644054670607e-06
1,B_svc,2,0.17592892318346554,76,0.17553938300861005,WLS,1,0.000389540174855485
2,UPFC_Vsh,5-15,1.1113768779794901,76,1.111661121831751,WLS,1,0.0002842438522607793
3,UPFC_tsh,5-15,-0.23701052733867334,76,-0.2369556253674602,WLS,1,5.490197121313378e-05
4,UPFC_Vse,5-15,0.05781251705439857,76,0.05781165891457163,WLS,1,8.581398269411067e-07
5,UPFC_tse,5-15,-2.119241265077135,76,-2.1195420076682687,WLS,1,0.00030074259113366253
0,x_tcsc,1-14,-0.10705865505451936,77,-0.10706081259343138,WLS,1,2.157538912014867e-06
1,B_svc,2,0.17566046072892558,77,0.17553938300861005,WLS,1,0.00012107772031552666
2,UPFC_Vsh,5-15,1.1113816843667064,77,1.111661121831751,WLS,1,0.0002794374650445519
3,UPFC_tsh,5-15,-0.2370352440794706,77,-0.2369556253674602,WLS,1,7.961871201039861e-05
4,UPFC_Vse,5-15,0.057674253212498465,77,0.05781165891457163,WLS,1,0.00013740570207316366
5,UPFC_tse,5-15,-2.1164975152222314,77,-2.1195420076682687,WLS,1,0.003044492446037328
0,x_tcsc,1-14,-0.10707180668641153,78,-0.10706081259343138,WLS,1,1.0994092980151637e-05
1,B_svc,2,0.17524844960889932,78,0.17553938300861005,WLS,1,0.00029093339971072996
2,UPFC_Vsh,5-15,1.1117508044446425,78,1.111661121831751,WLS,1,8.968261289155066e-05
3,UPFC_tsh,5-15,-0.23688930599096802,78,-0.2369556253674602,WLS,1,6.63193764921799e-05
4,UPFC_Vse,5-15,0.05767392693159846,78,0.05781165891457163,WLS,1,0.00013773198297317019
5,UPFC_tse,5-15,-2.120460647722565,78,-2.1195420076682687,WLS,1,0.0009186400542962048
0,x_tcsc,1-14,-0.10707906575173148,79,-0.10706081259343138,WLS,1,1.8253158300104988e-05
1,B_svc,2,0.17548009192712344,79,0.17553938300861005,WLS,1,5.929108148661211e-05
2,UPFC_Vsh,5-15,1.1116934602258681,79,1.111661121831751,WLS,1,3.233839411720396e-05
3,UPFC_tsh,5-15,-0.23703717398174126,79,-0.2369556253674602,WLS,1,8.154861428105731e-05
4,UPFC_Vse,5-15,0.0575287338372216,79,0.05781165891457163,WLS,1,0.00028292507735002553
5,UPFC_tse,5-15,-2.1188415384425228,79,-2.1195420076682687,WLS,1,0.0007004692257459588
0,x_tcsc,1-14,-0.10706352819119858,80,-0.10706081259343138,WLS,1,2.7155977671972087e-06
1,B_svc,2,0.17542336496117816,80,0.17553938300861005,WLS,1,0.00011601804743188726
2,UPFC_Vsh,5-15,1.1117722644496275,80,1.111661121831751,WLS,1,0.00011114261787659174
3,UPFC_tsh,5-15,-0.2369747166097702,80,-0.2369556253674602,WLS,1,1.9091242310004253e-05
4,UPFC_Vse,5-15,0.05781145017794066,80,0.05781165891457163,WLS,1,2.0873663096609985e-07
5,UPFC_tse,5-15,-2.1200521744709313,80,-2.1195420076682687,WLS,1,0.0005101668026625816
0,x_tcsc,1-14,-0.10708118508949951,81,-0.10706081259343138,WLS,1,2.0372496068135626e-05
1,B_svc,2,0.17551813882957124,81,0.17553938300861005,WLS,1,2.1244179038815147e-05
2,UPFC_Vsh,5-15,1.1116695496050508,81,1.111661121831751,WLS,1,8.42777329990163e-06
3,UPFC_tsh,5-15,-0.23694724511234033,81,-0.2369556253674602,WLS,1,8.380255119871949e-06
4,UPFC_Vse,5-15,0.057061638424680435,81,0.05781165891457163,WLS,1,0.0007500204898911941
5,UPFC_tse,5-15,-2.1212098012403406,81,-2.1195420076682687,WLS,1,0.0016677935720719184
0,x_tcsc,1-14,-0.10706952488868164,82,-0.10706081259343138,WLS,1,8.712295250262736e-06
1,B_svc,2,0.17559874380262724,82,0.17553938300861005,WLS,1,5.936079401719363e-05
2,UPFC_Vsh,5-15,1.1113823393408648,82,1.111661121831751,WLS,1,0.000278782490886087
3,UPFC_tsh,5-15,-0.23697892210711116,82,-0.2369556253674602,WLS,1,2.3296739650957576e-05
4,UPFC_Vse,5-15,0.05770683400541761,82,0.05781165891457163,WLS,1,0.00010482490915401932
5,UPFC_tse,5-15,-2.115691670011712,82,-2.1195420076682687,WLS,1,0.003850337656556846
0,x_tcsc,1-14,-0.10705687630456423,83,-0.10706081259343138,WLS,1,3.936288867148474e-06
1,B_svc,2,0.17595362700708905,83,0.17553938300861005,WLS,1,0.0004142439984790025
2,UPFC_Vsh,5-15,1.1115125600580218,83,1.111661121831751,WLS,1,0.00014856177372912782
3,UPFC_tsh,5-15,-0.2369643099341411,83,-0.2369556253674602,WLS,1,8.684566680905448e-06
4,UPFC_Vse,5-15,0.05788395705580562,83,0.05781165891457163,WLS,1,7.22981412339882e-05
5,UPFC_tse,5-15,-2.1185378273272795,83,-2.1195420076682687,WLS,1,0.001004180340989258
0,x_tcsc,1-14,-0.1070735786242942,84,-0.10706081259343138,WLS,1,1.2766030862823574e-05
1,B_svc,2,0.17554498830424364,84,0.17553938300861005,WLS,1,5.6052956335927995e-06
2,UPFC_Vsh,5-15,1.1118567207157275,84,1.111661121831751,WLS,1,0.00019559888397657765
3,UPFC_tsh,5-15,-0.23694728812712607,84,-0.2369556253674602,WLS,1,8.33724033413863e-06
4,UPFC_Vse,5-15,0.057909590542670024,84,0.05781165891457163,WLS,1,9.793162809839523e-05
5,UPFC_tse,5-15,-2.1201670716755676,84,-2.1195420076682687,WLS,1,0.0006250640072988922
0,x_tcsc,1-14,-0.10708510291042471,85,-0.10706081259343138,WLS,1,2.429031699333062e-05
1,B_svc,2,0.17541437972656182,85,0.17553938300861005,WLS,1,0.00012500328204823052
2,UPFC_Vsh,5-15,1.1118285102945762,85,1.111661121831751,WLS,1,0.00016738846282526865
3,UPFC_tsh,5-15,-0.23693955564073724,85,-0.2369556253674602,WLS,1,1.6069726722967026e-05
4,UPFC_Vse,5-15,0.05746972096856409,85,0.05781165891457163,WLS,1,0.0003419379460075367
5,UPFC_tse,5-15,-2.120501740417055,85,-2.1195420076682687,WLS,1,0.0009597327487864682
0,x_tcsc,1-14,-0.1070746889824263,86,-0.10706081259343138,WLS,1,1.3876388994915612e-05
1,B_svc,2,0.1754513895451137,86,0.17553938300861005,WLS,1,8.799346349636084e-05
2,UPFC_Vsh,5-15,1.111569893959509,86,1.111661121831751,WLS,1,9.122787224202789e-05
3,UPFC_tsh,5-15,-0.23695438478531286,86,-0.2369556253674602,WLS,1,1.240582147343794e-06
4,UPFC_Vse,5-15,0.05797710600265564,86,0.05781165891457163,WLS,1,0.00016544708808401143
5,UPFC_tse,5-15,-2.11932070279974,86,-2.1195420076682687,WLS,1,0.0002213048685288932
0,x_tcsc,1-14,-0.10706318559132792,87,-0.10706081259343138,WLS,1,2.3729978965436604e-06
1,B_svc,2,0.1755737940503801,87,0.17553938300861005,WLS,1,3.441104177004384e-05
2,UPFC_Vsh,5-15,1.1116864759053084,87,1.111661121831751,WLS,1,2.535407355752639e-05
3,UPFC_tsh,5-15,-0.23694782370595485,87,-0.2369556253674602,WLS,1,7.80166150535222e-06
4,UPFC_Vse,5-15,0.057233716386680074,87,0.05781165891457163,WLS,1,0.0005779425278915548
5,UPFC_tse,5-15,-2.118848085594452,87,-2.1195420076682687,WLS,1,0.0006939220738169105
0,x_tcsc,1-14,-0.10708071780702193,88,-0.10706081259343138,WLS,1,1.9905213590548643e-05
1,B_svc,2,0.17614611329203494,88,0.17553938300861005,WLS,1,0.0006067302834248944
2,UPFC_Vsh,5-15,1.1115740212056666,88,1.111661121831751,WLS,1,8.710062608430214e-05
3,UPFC_tsh,5-15,-0.23693853297389936,88,-0.2369556253674602,WLS,1,1.7092393560846908e-05
4,UPFC_Vse,5-15,0.05748899963435919,88,0.05781165891457163,WLS,1,0.0003226592802124395
5,UPFC_tse,5-15,-2.1175971419273587,88,-2.1195420076682687,WLS,1,0.0019448657409100178
0,x_tcsc,1-14,-0.10707794245724403,89,-0.10706081259343138,WLS,1,1.7129863812651025e-05
1,B_svc,2,0.17533001641194762,89,0.17553938300861005,WLS,1,0.0002093665966624303
2,UPFC_Vsh,5-15,1.111991628288533,89,1.111661121831751,WLS,1,0.0003305064567820093
3,UPFC_tsh,5-15,-0.23694521102968655,89,-0.2369556253674602,WLS,1,1.0414337773656523e-05
4,UPFC_Vse,5-15,0.05737487312397484,89,0.05781165891457163,WLS,1,0.00043678579059679146
5,UPFC_tse,5-15,-2.119227293329992,89,-2.1195420076682687,WLS,1,0.0003147143382769002
0,x_tcsc,1-14,-0.10706108199552272,90,-0.10706081259343138,WLS,1,2.69402091343518e-07
1,B_svc,2,0.1750820814407685,90,0.17553938300861005,WLS,1,0.00045730156784154485
2,UPFC_Vsh,5-15,1.1114460725816604,90,1.111661121831751,WLS,1,0.00021504925009052656
3,UPFC_tsh,5-15,-0.23695940778488037,90,-0.2369556253674602,WLS,1,3.782417420161721e-06
4,UPFC_Vse,5-15,0.0578673034129115,90,0.05781165891457163,WLS,1,5.56444983398699e-05
5,UPFC_tse,5-15,-2.115675642490453,90,-2.1195420076682687,WLS,1,0.0038663651778159114
0,x_tcsc,1-14,-0.10707813082606661,91,-0.10706081259343138,WLS,1,1.73182326352328e-05
1,B_svc,2,0.17536992387849024,91,0.17553938300861005,WLS,1,0.0001694591301198145
2,UPFC_Vsh,5-15,1.111891091585811,91,1.111661121831751,WLS,1,0.00022996975405997766
3,UPFC_tsh,5-15,-0.2369336847376016,91,-0.2369556253674602,WLS,1,2.1940629858607785e-05
4,UPFC_Vse,5-15,0.057414418862512154,91,0.05781165891457163,WLS,1,0.0003972400520594749
5,UPFC_tse,5-15,-2.122606452390153,91,-2.1195420076682687,WLS,1,0.003064444721884385
0,x_tcsc,1-14,-0.10707134306026905,92,-0.10706081259343138,WLS,1,1.0530466837674335e-05
1,B_svc,2,0.17543498014134493,92,0.17553938300861005,WLS,1,0.00010440286726512427
2,UPFC_Vsh,5-15,1.1115284237264822,92,1.111661121831751,WLS,1,0.00013269810526872483
3,UPFC_tsh,5-15,-0.23699500250391378,92,-0.2369556253674602,WLS,1,3.9377136453577766e-05
4,UPFC_Vse,5-15,0.05821094072608663,92,0.05781165891457163,WLS,1,0.00039928181151500236
5,UPFC_tse,5-15,-2.118330974360429,92,-2.1195420076682687,WLS,1,0.0012110333078396707
0,x_tcsc,1-14,-0.10709041632178014,93,-0.10706081259343138,WLS,1,2.960372834875935e-05
1,B_svc,2,0.1751673179748374,93,0.17553938300861005,WLS,1,0.0003720650337726561
2,UPFC_Vsh,5-15,1.1115951812036238,93,1.111661121831751,WLS,1,6.594062812714796e-05
3,UPFC_tsh,5-15,-0.23689426996992174,93,-0.2369556253674602,WLS,1,6.135539753845953e-05
4,UPFC_Vse,5-15,0.058208610512788604,93,0.05781165891457163,WLS,1,0.0003969515982169755
5,UPFC_tse,5-15,-2.117457759150345,93,-2.1195420076682687,WLS,1,0.002084248517923548
0,x_tcsc,1-14,-0.10708193688353954,94,-0.10706081259343138,WLS,1,2.1124290108157084e-05
1,B_svc,2,0.17518969194288359,94,0.17553938300861005,WLS,1,0.00034969106572646513
2,UPFC_Vsh,5-15,1.1113209344979051,94,1.111661121831751,WLS,1,0.00034018733384577615
3,UPFC_tsh,5-15,-0.23703702709952068,94,-0.2369556253674602,WLS,1,8.140173206047652e-05
4,UPFC_Vse,5-15,0.0572656666345429,94,0.05781165891457163,WLS,1,0.0005459922800287315
5,UPFC_tse,5-15,-2.118540587116121,94,-2.1195420076682687,WLS,1,0.0010014205521478026
0,x_tcsc,1-14,-0.10705385467438405,95,-0.10706081259343138,WLS,1,6.957919047326233e-06
1,B_svc,2,0.175508942106052,95,0.17553938300861005,WLS,1,3.0440902558048766e-05
2,UPFC_Vsh,5-15,1.1118356001480725,95,1.111661121831751,WLS,1,0.00017447831632155797
3,UPFC_tsh,5-15,-0.2369361598320532,95,-0.2369556253674602,WLS,1,1.9465535406992807e-05
4,UPFC_Vse,5-15,0.057994142140051434,95,0.05781165891457163,WLS,1,0.0001824832254798056
5,UPFC_tse,5-15,-2.119280593974898,95,-2.1195420076682687,WLS,1,0.00026141369337073783
0,x_tcsc,1-14,-0.10708175469300353,96,-0.10706081259343138,WLS,1,2.0942099572152095e-05
1,B_svc,2,0.17496801338928336,96,0.17553938300861005,WLS,1,0.0005713696193266893
2,UPFC_Vsh,5-15,1.1116988456659551,96,1.111661121831751,WLS,1,3.772383420419523e-05
3,UPFC_tsh,5-15,-0.2368805254583171,96,-0.2369556253674602,WLS,1,7.509990914311704e-05
4,UPFC_Vse,5-15,0.05691965153681839,96,0.05781165891457163,WLS,1,0.0008920073777532386
5,UPFC_tse,5-15,-2.1203691304599044,96,-2.1195420076682687,WLS,1,0.0008271227916356594
0,x_tcsc,1-14,-0.10708223845434958,97,-0.10706081259343138,WLS,1,2.142586091820331e-05
1,B_svc,2,0.17565570324045945,97,0.17553938300861005,WLS,1,0.00011632023184940388
2,UPFC_Vsh,5-15,1.1120195240170434,97,1.111661121831751,WLS,1,0.00035840218529248347
3,UPFC_tsh,5-15,-0.2369016221937492,97,-0.2369556253674602,WLS,1,5.400317371101471e-05
4,UPFC_Vse,5-15,0.05775977422062256,97,0.05781165891457163,WLS,1,5.188469394906692e-05
5,UPFC_tse,5-15,-2.1181054671889714,97,-2.1195420076682687,WLS,1,0.0014365404792973102
0,x_tcsc,1-14,-0.10706473724253424,98,-0.10706081259343138,WLS,1,3.9246491028571695e-06
1,B_svc,2,0.17549878404098904,98,0.17553938300861005,WLS,1,4.059896762101389e-05
2,UPFC_Vsh,5-15,1.1116835373228333,98,1.111661121831751,WLS,1,2.2415491082394823e-05
3,UPFC_tsh,5-15,-0.23696686285029497,98,-0.2369556253674602,WLS,1,1.1237482834769441e-05
4,UPFC_Vse,5-15,0.057668710968705204,98,0.05781165891457163,WLS,1,0.00014294794586642429
5,UPFC_tse,5-15,-2.1181874995289984,98,-2.1195420076682687,WLS,1,0.001354508139270294
0,x_tcsc,1-14,-0.1070714459618342,99,-0.10706081259343138,WLS,1,1.0633368402818144e-05
1,B_svc,2,0.1758118845777712,99,0.17553938300861005,WLS,1,0.0002725015691611432
2,UPFC_Vsh,5-15,1.1117587690361106,99,1.111661121831751,WLS,1,9.764720435967433e-05
3,UPFC_tsh,5-15,-0.2370309714132317,99,-0.2369556253674602,WLS,1,7.534604577150161e-05
4,UPFC_Vse,5-15,0.05822842958731081,99,0.05781165891457163,WLS,1,0.00041677067273918067
5,UPFC_tse,5-15,-2.122127305006051,99,-2.1195420076682687,WLS,1,0.002585297337782233
0,x_tcsc,1-14,-0.10818857133974862,0,-0.10819317341787957,WLS,3,4.6020781309524805e-06
1,B_svc,2,0.17665185033917818,0,0.17690161548655275,WLS,3,0.0002497651473745699
2,UPFC_Vsh,5-15,1.1115590398232271,0,1.1111651850922628,WLS,3,0.0003938547309643159
3,UPFC_tsh,5-15,-0.23580816710528807,0,-0.2358406885264805,WLS,3,3.252142119242185e-05
4,UPFC_Vse,5-15,0.057753879039870004,0,0.05832852764386398,WLS,3,0.0005746486039939769
5,UPFC_tse,5-15,-2.1194457963555178,0,-2.1215779562533372,WLS,3,0.0021321598978194523
0,x_tcsc,1-14,-0.10818851555281295,1,-0.10819317341787957,WLS,3,4.657865066620692e-06
1,B_svc,2,0.1771679368599708,1,0.17690161548655275,WLS,3,0.0002663213734180325
2,UPFC_Vsh,5-15,1.1113053248636986,1,1.1111651850922628,WLS,3,0.0001401397714357877
3,UPFC_tsh,5-15,-0.2357909789614294,1,-0.2358406885264805,WLS,3,4.970956505109814e-05
4,UPFC_Vse,5-15,0.05767958730719078,1,0.05832852764386398,WLS,3,0.0006489403366732038
5,UPFC_tse,5-15,-2.118848376406867,1,-2.1215779562533372,WLS,3,0.0027295798464703758
0,x_tcsc,1-14,-0.1081841041816704,2,-0.10819317341787957,WLS,3,9.069236209163778e-06
1,B_svc,2,0.17716214567022293,2,0.17690161548655275,WLS,3,0.0002605301836701712
2,UPFC_Vsh,5-15,1.1116277987157606,2,1.1111651850922628,WLS,3,0.00046261362349775403
3,UPFC_tsh,5-15,-0.23588030329016876,2,-0.2358406885264805,WLS,3,3.961476368827266e-05
4,UPFC_Vse,5-15,0.0581370230806818,2,0.05832852764386398,WLS,3,0.0001915045631821835
5,UPFC_tse,5-15,-2.121037630995672,2,-2.1215779562533372,WLS,3,0.0005403252576652307
0,x_tcsc,1-14,-0.10818706640123404,3,-0.10819317341787957,WLS,3,6.107016645523489e-06
1,B_svc,2,0.17631818644435085,3,0.17690161548655275,WLS,3,0.0005834290422019051
2,UPFC_Vsh,5-15,1.1116594635319237,3,1.1111651850922628,WLS,3,0.0004942784396608779
3,UPFC_tsh,5-15,-0.23582010415994478,3,-0.2358406885264805,WLS,3,2.058436653570861e-05
4,UPFC_Vse,5-15,0.05764500780780448,3,0.05832852764386398,WLS,3,0.0006835198360594999
5,UPFC_tse,5-15,-2.1208567596561947,3,-2.1215779562533372,WLS,3,0.0007211965971425371
0,x_tcsc,1-14,-0.10818922270530419,4,-0.10819317341787957,WLS,3,3.9507125753762695e-06
1,B_svc,2,0.17725533499616788,4,0.17690161548655275,WLS,3,0.0003537195096151302
2,UPFC_Vsh,5-15,1.1115801687141682,4,1.1111651850922628,WLS,3,0.00041498362190539595
3,UPFC_tsh,5-15,-0.2358090582359386,4,-0.2358406885264805,WLS,3,3.163029054190081e-05
4,UPFC_Vse,5-15,0.05785191046739213,4,0.05832852764386398,WLS,3,0.00047661717647184965
5,UPFC_tse,5-15,-2.120687158934314,4,-2.1215779562533372,WLS,3,0.0008907973190233065
0,x_tcsc,1-14,-0.10818587899245913,5,-0.10819317341787957,WLS,3,7.294425420439898e-06
1,B_svc,2,0.17712059260997592,5,0.17690161548655275,WLS,3,0.00021897712342316966
2,UPFC_Vsh,5-15,1.1115465664623065,5,1.1111651850922628,WLS,3,0.00038138137004373185
3,UPFC_tsh,5-15,-0.2358413745770101,5,-0.2358406885264805,WLS,3,6.860505296080177e-07
4,UPFC_Vse,5-15,0.057906089964343634,5,0.05832852764386398,WLS,3,0.00042243767952034744
5,UPFC_tse,5-15,-2.1201379014528126,5,-2.1215779562533372,WLS,3,0.0014400548005246705
0,x_tcsc,1-14,-0.10816575943112211,6,-0.10819317341787957,WLS,3,2.741398675745743e-05
1,B_svc,2,0.17682241040523072,6,0.17690161548655275,WLS,3,7.92050813220313e-05
2,UPFC_Vsh,5-15,1.111579591040497,6,1.1111651850922628,WLS,3,0.00041440594823427546
3,UPFC_tsh,5-15,-0.23579897279071801,6,-0.2358406885264805,WLS,3,4.171573576247645e-05
4,UPFC_Vse,5-15,0.057838562162520646,6,0.05832852764386398,WLS,3,0.0004899654813433352
5,UPFC_tse,5-15,-2.1228384242056926,6,-2.1215779562533372,WLS,3,0.0012604679523553486
0,x_tcsc,1-14,-0.10819356247338521,7,-0.10819317341787957,WLS,3,3.890555056451639e-07
1,B_svc,2,0.17710725724869558,7,0.17690161548655275,WLS,3,0.00020564176214282748
2,UPFC_Vsh,5-15,1.111358363040615,7,1.1111651850922628,WLS,3,0.0001931779483521634
3,UPFC_tsh,5-15,-0.23578951143534874,7,-0.2358406885264805,WLS,3,5.117709113175439e-05
4,UPFC_Vse,5-15,0.05748232987847218,7,0.05832852764386398,WLS,3,0.0008461977653917985
5,UPFC_tse,5-15,-2.1202468878309717,7,-2.1215779562533372,WLS,3,0.0013310684223655223
0,x_tcsc,1-14,-0.10819013639444028,8,-0.10819317341787957,WLS,3,3.0370234392895767e-06
1,B_svc,2,0.17704512303511133,8,0.17690161548655275,WLS,3,0.00014350754855857462
2,UPFC_Vsh,5-15,1.1115141078014394,8,1.1111651850922628,WLS,3,0.0003489227091766356
3,UPFC_tsh,5-15,-0.23581941926633632,8,-0.2358406885264805,WLS,3,2.1269260144174407e-05
4,UPFC_Vse,5-15,0.057807209870450196,8,0.05832852764386398,WLS,3,0.0005213177734137847
5,UPFC_tse,5-15,-2.1201960510144016,8,-2.1215779562533372,WLS,3,0.0013819052389356656
0,x_tcsc,1-14,-0.10818092020373851,9,-0.10819317341787957,WLS,3,1.2253214141055846e-05
1,B_svc,2,0.17701105140503823,9,0.17690161548655275,WLS,3,0.00010943591848547318
2,UPFC_Vsh,5-15,1.1115697490421543,9,1.1111651850922628,WLS,3,0.0004045639498915232
3,UPFC_tsh,5-15,-0.23582901927855837,9,-0.2358406885264805,WLS,3,1.1669247922119208e-05
4,UPFC_Vse,5-15,0.058094117242604604,9,0.05832852764386398,WLS,3,0.0002344104012593773
5,UPFC_tse,5-15,-2.1198885205258806,9,-2.1215779562533372,WLS,3,0.0016894357274566119
0,x_tcsc,1-14,-0.10817577788333904,10,-0.10819317341787957,WLS,3,1.7395534540526336e-05
1,B_svc,2,0.17685137412876517,10,0.17690161548655275,WLS,3,5.024135778758376e-05
2,UPFC_Vsh,5-15,1.1112156515810843,10,1.1111651850922628,WLS,3,5.046648882145455e-05
3,UPFC_tsh,5-15,-0.23582063539168213,10,-0.2358406885264805,WLS,3,2.0053134798359018e-05
4,UPFC_Vse,5-15,0.05733896661238328,10,0.05832852764386398,WLS,3,0.0009895610314807
5,UPFC_tse,5-15,-2.1193069515000436,10,-2.1215779562533372,WLS,3,0.0022710047532936706
0,x_tcsc,1-14,-0.10817247488292059,11,-0.10819317341787957,WLS,3,2.0698534958979442e-05
1,B_svc,2,0.17692918303180102,11,0.17690161548655275,WLS,3,2.756754524826932e-05
2,UPFC_Vsh,5-15,1.111470662266909,11,1.1111651850922628,WLS,3,0.00030547717464624036
3,UPFC_tsh,5-15,-0.23577220101783244,11,-0.2358406885264805,WLS,3,6.848750864804631e-05
4,UPFC_Vse,5-15,0.05718956831888898,11,0.05832852764386398,WLS,3,0.0011389593249750002
5,UPFC_tse,5-15,-2.120169636218222,11,-2.1215779562533372,WLS,3,0.0014083200351153735
0,x_tcsc,1-14,-0.10817114406389304,12,-0.10819317341787957,WLS,3,2.202935398652739e-05
1,B_svc,2,0.1768732023971209,12,0.17690161548655275,WLS,3,2.841308943185572e-05
2,UPFC_Vsh,5-15,1.111666919409536,12,1.1111651850922628,WLS,3,0.0005017343172732946
3,UPFC_tsh,5-15,-0.23576011557890375,12,-0.2358406885264805,WLS,3,8.057294757674027e-05
4,UPFC_Vse,5-15,0.05776123664550976,12,0.05832852764386398,WLS,3,0.0005672909983542238
5,UPFC_tse,5-15,-2.1192225530773032,12,-2.1215779562533372,WLS,3,0.002355403176033999
0,x_tcsc,1-14,-0.10818204138671217,13,-0.10819317341787957,WLS,3,1.1132031167399026e-05
1,B_svc,2,0.1766062156667808,13,0.17690161548655275,WLS,3,0.0002953998197719465
2,UPFC_Vsh,5-15,1.1119149822844394,13,1.1111651850922628,WLS,3,0.0007497971921766045
3,UPFC_tsh,5-15,-0.23573419012633345,13,-0.2358406885264805,WLS,3,0.00010649840014703704
4,UPFC_Vse,5-15,0.05731067073888083,13,0.05832852764386398,WLS,3,0.0010178569049831485
5,UPFC_tse,5-15,-2.118863067823664,13,-2.1215779562533372,WLS,3,0.0027148884296730458
0,x_tcsc,1-14,-0.10818414019593911,14,-0.10819317341787957,WLS,3,9.033221940457636e-06
1,B_svc,2,0.17686788600421632,14,0.17690161548655275,WLS,3,3.3729482336430916e-05
2,UPFC_Vsh,5-15,1.1115100965894873,14,1.1111651850922628,WLS,3,0.0003449114972244871
3,UPFC_tsh,5-15,-0.2358099522877163,14,-0.2358406885264805,WLS,3,3.0736238764178525e-05
4,UPFC_Vse,5-15,0.057785381509545784,14,0.05832852764386398,WLS,3,0.0005431461343181967
5,UPFC_tse,5-15,-2.119731733244675,14,-2.1215779562533372,WLS,3,0.0018462230086622178
0,x_tcsc,1-14,-0.10817215648345264,15,-0.10819317341787957,WLS,3,2.1016934426923428e-05
1,B_svc,2,0.17655289142125546,15,0.17690161548655275,WLS,3,0.00034872406529729005
2,UPFC_Vsh,5-15,1.1114390025658496,15,1.1111651850922628,WLS,3,0.00027381747358679043
3,UPFC_tsh,5-15,-0.23587843246968493,15,-0.2358406885264805,WLS,3,3.774394320443797e-05
4,UPFC_Vse,5-15,0.05795876621094276,15,0.05832852764386398,WLS,3,0.0003697614329212229
5,UPFC_tse,5-15,-2.1177284937753926,15,-2.1215779562533372,WLS,3,0.0038494624779445985
0,x_tcsc,1-14,-0.10818936894913915,16,-0.10819317341787957,WLS,3,3.8044687404176214e-06
1,B_svc,2,0.1766841968286001,16,0.17690161548655275,WLS,3,0.00021741865795266158
2,UPFC_Vsh,5-15,1.111426253647201,16,1.1111651850922628,WLS,3,0.00026106855493823744
3,UPFC_tsh,5-15,-0.2358307631844644,16,-0.2358406885264805,WLS,3,9.925342016103844e-06
4,UPFC_Vse,5-15,0.05810057767638362,16,0.05832852764386398,WLS,3,0.00022794996748035784
5,UPFC_tse,5-15,-2.115992421895748,16,-2.1215779562533372,WLS,3,0.005585534357589239
0,x_tcsc,1-14,-0.10818630991462458,17,-0.10819317341787957,WLS,3,6.8635032549890784e-06
1,B_svc,2,0.17699668563854773,17,0.17690161548655275,WLS,3,9.507015199497482e-05
2,UPFC_Vsh,5-15,1.1115360311275098,17,1.1111651850922628,WLS,3,0.00037084603524695225
3,UPFC_tsh,5-15,-0.23586422743780103,17,-0.2358406885264805,WLS,3,2.3538911320536426e-05
4,UPFC_Vse,5-15,0.057571093485144983,17,0.05832852764386398,WLS,3,0.0007574341587189976
5,UPFC_tse,5-15,-2.1235061059501206,17,-2.1215779562533372,WLS,3,0.0019281496967833434
0,x_tcsc,1-14,-0.10818179778053963,18,-0.10819317341787957,WLS,3,1.1375637339938738e-05
1,B_svc,2,0.17667525750500787,18,0.17690161548655275,WLS,3,0.0002263579815448835
2,UPFC_Vsh,5-15,1.1115086816296431,18,1.1111651850922628,WLS,3,0.0003434965373803056
3,UPFC_tsh,5-15,-0.23585544259977148,18,-0.2358406885264805,WLS,3,1.47540732909901e-05
4,UPFC_Vse,5-15,0.05829939581433567,18,0.05832852764386398,WLS,3,2.913182952830884e-05
5,UPFC_tse,5-15,-2.1200331892716493,18,-2.1215779562533372,WLS,3,0.0015447669816879284
0,x_tcsc,1-14,-0.10818545269953939,19,-0.10819317341787957,WLS,3,7.720718340181731e-06
1,B_svc,2,0.1773313712511722,19,0.17690161548655275,WLS,3,0.00042975576461945497
2,UPFC_Vsh,5-15,1.1111243427518667,19,1.1111651850922628,WLS,3,4.08423403961411e-05
3,UPFC_tsh,5-15,-0.23588189454596603,19,-0.2358406885264805,WLS,3,4.1206019485540146e-05
4,UPFC_Vse,5-15,0.05765742546907329,19,0.05832852764386398,WLS,3,0.0006711021747906887
5,UPFC_tse,5-15,-2.121791606810768,19,-2.1215779562533372,WLS,3,0.00021365055743061134
0,x_tcsc,1-14,-0.10817086066390122,20,-0.10819317341787957,WLS,3,2.2312753978348532e-05
1,B_svc,2,0.17661422924949857,20,0.17690161548655275,WLS,3,0.0002873862370541824
2,UPFC_Vsh,5-15,1.1114675292352438,20,1.1111651850922628,WLS,3,0.00030234414298102585
3,UPFC_tsh,5-15,-0.23587242219426227,20,-0.2358406885264805,WLS,3,3.173366778178033e-05
4,UPFC_Vse,5-15,0.057695854621425256,20,0.05832852764386398,WLS,3,0.0006326730224387248
5,UPFC_tse,5-15,-2.1214460451863397,20,-2.1215779562533372,WLS,3,0.0001319110669975032
0,x_tcsc,1-14,-0.10817822496105858,21,-0.10819317341787957,WLS,3,1.4948456820984557e-05
1,B_svc,2,0.17728095635022564,21,0.17690161548655275,WLS,3,0.000379340863672889
2,UPFC_Vsh,5-15,1.1115375098690294,21,1.1111651850922628,WLS,3,0.00037232477676663045
3,UPFC_tsh,5-15,-0.2358515612555392,21,-0.2358406885264805,WLS,3,1.0872729058697406e-05
4,UPFC_Vse,5-15,0.0582545414492217,21,0.05832852764386398,WLS,3,7.398619464227957e-05
5,UPFC_tse,5-15,-2.1191914243565004,21,-2.1215779562533372,WLS,3,0.0023865318968367966
0,x_tcsc,1-14,-0.10819855067724812,22,-0.10819317341787957,WLS,3,5.377259368555265e-06
1,B_svc,2,0.17728213510079976,22,0.17690161548655275,WLS,3,0.0003805196142470102
2,UPFC_Vsh,5-15,1.1115925602565095,22,1.1111651850922628,WLS,3,0.00042737516424673494
3,UPFC_tsh,5-15,-0.23575008876155343,22,-0.2358406885264805,WLS,3,9.05997649270629e-05
4,UPFC_Vse,5-15,0.0578525106256807,22,0.05832852764386398,WLS,3,0.00047601701818328346
5,UPFC_tse,5-15,-2.117276234797576,22,-2.1215779562533372,WLS,3,0.004301721455761243
0,x_tcsc,1-14,-0.10817715789766556,23,-0.10819317341787957,WLS,3,1.6015520214004986e-05
1,B_svc,2,0.17700489883407003,23,0.17690161548655275,WLS,3,0.00010328334751727453
2,UPFC_Vsh,5-15,1.1113402417406457,23,1.1111651850922628,WLS,3,0.00017505664838290969
3,UPFC_tsh,5-15,-0.23585782214002307,23,-0.2358406885264805,WLS,3,1.713361354258036e-05
4,UPFC_Vse,5-15,0.058200803507868826,23,0.05832852764386398,WLS,3,0.0001277241359951553
5,UPFC_tse,5-15,-2.117923800776105,23,-2.1215779562533372,WLS,3,0.003654155477232024
0,x_tcsc,1-14,-0.10817534634953598,24,-0.10819317341787957,WLS,3,1.782706834359271e-05
1,B_svc,2,0.17667513200959087,24,0.17690161548655275,WLS,3,0.0002264834769618862
2,UPFC_Vsh,5-15,1.1119126457184147,24,1.1111651850922628,WLS,3,0.0007474606261519412
3,UPFC_tsh,5-15,-0.23578838906267238,24,-0.2358406885264805,WLS,3,5.229946380810868e-05
4,UPFC_Vse,5-15,0.05740636177531998,24,0.05832852764386398,WLS,3,0.0009221658685440032
5,UPFC_tse,5-15,-2.1222367726544307,24,-2.1215779562533372,WLS,3,0.0006588164010934427
0,x_tcsc,1-14,-0.10818720690097856,25,-0.10819317341787957,WLS,3,5.9665169010042485e-06
1,B_svc,2,0.17708962447210674,25,0.17690161548655275,WLS,3,0.00018800898555398904
2,UPFC_Vsh,5-15,1.1114197636324044,25,1.1111651850922628,WLS,3,0.0002545785401415479
3,UPFC_tsh,5-15,-0.23571031477058957,25,-0.2358406885264805,WLS,3,0.00013037375589092237
4,UPFC_Vse,5-15,0.05743652327695443,25,0.05832852764386398,WLS,3,0.0008920043669095531
5,UPFC_tse,5-15,-2.117569563464123,25,-2.1215779562533372,WLS,3,0.004008392789214277
0,x_tcsc,1-14,-0.1081916182492652,26,-0.10819317341787957,WLS,3,1.5551686143727705e-06
1,B_svc,2,0.17736450863943848,26,0.17690161548655275,WLS,3,0.00046289315288572386
2,UPFC_Vsh,5-15,1.111376341604049,26,1.1111651850922628,WLS,3,0.00021115651178615913
3,UPFC_tsh,5-15,-0.2358346471923471,26,-0.2358406885264805,WLS,3,6.0413341333998005e-06
4,UPFC_Vse,5-15,0.05770872607645522,26,0.05832852764386398,WLS,3,0.000619801567408762
5,UPFC_tse,5-15,-2.1171340174552102,26,-2.1215779562533372,WLS,3,0.0044439387981269896
0,x_tcsc,1-14,-0.10818912403817563,27,-0.10819317341787957,WLS,3,4.049379703940925e-06
1,B_svc,2,0.17674594962066606,27,0.17690161548655275,WLS,3,0.00015566586588669495
2,UPFC_Vsh,5-15,1.111559639008749,27,1.1111651850922628,WLS,3,0.00039445391648618156
3,UPFC_tsh,5-15,-0.23584570803599014,27,-0.2358406885264805,WLS,3,5.019509509651687e-06
4,UPFC_Vse,5-15,0.05782327162758852,27,0.05832852764386398,WLS,3,0.0005052560162754627
5,UPFC_tse,5-15,-2.1215012557276163,27,-2.1215779562533372,WLS,3,7.670052572095187e-05
0,x_tcsc,1-14,-0.10818415327826875,28,-0.10819317341787957,WLS,3,9.020139610821376e-06
1,B_svc,2,0.17725101837325796,28,0.17690161548655275,WLS,3,0.0003494028867052079
2,UPFC_Vsh,5-15,1.1116293994833208,28,1.1111651850922628,WLS,3,0.00046421439105803763
3,UPFC_tsh,5-15,-0.23581469453689774,28,-0.2358406885264805,WLS,3,2.599398958275101e-05
4,UPFC_Vse,5-15,0.05801084659406673,28,0.05832852764386398,WLS,3,0.00031768104979724987
5,UPFC_tse,5-15,-2.1199985477475396,28,-2.1215779562533372,WLS,3,0.0015794085057976304
0,x_tcsc,1-14,-0.10819230350852473,29,-0.10819317341787957,WLS,3,8.699093548419912e-07
1,B_svc,2,0.1775218621844869,29,0.17690161548655275,WLS,3,0.0006202466979341459
2,UPFC_Vsh,5-15,1.111432345610529,29,1.1111651850922628,WLS,3,0.00026716051826625176
3,UPFC_tsh,5-15,-0.23586457930336194,29,-0.2358406885264805,WLS,3,2.3890776881446696e-05
4,UPFC_Vse,5-15,0.057964266285599836,29,0.05832852764386398,WLS,3,0.0003642613582641452
5,UPFC_tse,5-15,-2.1204229272669433,29,-2.1215779562533372,WLS,3,0.001155028986393969
0,x_tcsc,1-14,-0.10818306932282172,30,-0.10819317341787957,WLS,3,1.0104095057847373e-05
1,B_svc,2,0.1771736711617861,30,0.17690161548655275,WLS,3,0.00027205567523333474
2,UPFC_Vsh,5-15,1.1119190964007917,30,1.1111651850922628,WLS,3,0.0007539113085288651
3,UPFC_tsh,5-15,-0.2358212993118993,30,-0.2358406885264805,WLS,3,1.938921458119469e-05
4,UPFC_Vse,5-15,0.05849869475834694,30,0.05832852764386398,WLS,3,0.00017016711448295668
5,UPFC_tse,5-15,-2.1217368043587816,30,-2.1215779562533372,WLS,3,0.00015884810544442018
0,x_tcsc,1-14,-0.10816571160659805,31,-0.10819317341787957,WLS,3,2.7461811281520587e-05
1,B_svc,2,0.1772096664281968,31,0.17690161548655275,WLS,3,0.0003080509416440447
2,UPFC_Vsh,5-15,1.1116644916125324,31,1.1111651850922628,WLS,3,0.0004993065202696378
3,UPFC_tsh,5-15,-0.23582131075324322,31,-0.2358406885264805,WLS,3,1.937777323726686e-05
4,UPFC_Vse,5-15,0.05753261693405345,31,0.05832852764386398,WLS,3,0.0007959107098105336
5,UPFC_tse,5-15,-2.1193985197940353,31,-2.1215779562533372,WLS,3,0.0021794364593019644
0,x_tcsc,1-14,-0.10817969520940109,32,-0.10819317341787957,WLS,3,1.3478208478481801e-05
1,B_svc,2,0.17746426803318918,32,0.17690161548655275,WLS,3,0.0005626525466364274
2,UPFC_Vsh,5-15,1.1114021765913003,32,1.1111651850922628,WLS,3,0.0002369914990374422
3,UPFC_tsh,5-15,-0.2358367373178426,32,-0.2358406885264805,WLS,3,3.951208637886783e-06
4,UPFC_Vse,5-15,0.0573297925432744,32,0.05832852764386398,WLS,3,0.000998735100589579
5,UPFC_tse,5-15,-2.123930653755659,32,-2.1215779562533372,WLS,3,0.00235269750232181
0,x_tcsc,1-14,-0.10818431404643096,33,-0.10819317341787957,WLS,3,8.859371448607933e-06
1,B_svc,2,0.17690651731191942,33,0.17690161548655275,WLS,3,4.901825366665502e-06
2,UPFC_Vsh,5-15,1.1115252574931087,33,1.1111651850922628,WLS,3,0.0003600724008459011
3,UPFC_tsh,5-15,-0.23578824426693654,33,-0.2358406885264805,WLS,3,5.2444259543954486e-05
4,UPFC_Vse,5-15,0.05728448274600991,33,0.05832852764386398,WLS,3,0.0010440448978540698
5,UPFC_tse,5-15,-2.1176818939159707,33,-2.1215779562533372,WLS,3,0.0038960623373665015
0,x_tcsc,1-14,-0.10819061346082387,34,-0.10819317341787957,WLS,3,2.5599570556977813e-06
1,B_svc,2,0.17694329788469873,34,0.17690161548655275,WLS,3,4.168239814597574e-05
2,UPFC_Vsh,5-15,1.111238084928536,34,1.1111651850922628,WLS,3,7.289983627312147e-05
3,UPFC_tsh,5-15,-0.23585826401233614,34,-0.2358406885264805,WLS,3,1.757548585565316e-05
4,UPFC_Vse,5-15,0.05789852406264399,34,0.05832852764386398,WLS,3,0.000430003581219994
5,UPFC_tse,5-15,-2.121017104842996,34,-2.1215779562533372,WLS,3,0.0005608514103410123
0,x_tcsc,1-14,-0.1081624211377176,35,-0.10819317341787957,WLS,3,3.0752280161971957e-05
1,B_svc,2,0.17696655473865877,35,0.17690161548655275,WLS,3,6.493925210601659e-05
2,UPFC_Vsh,5-15,1.1115077950348546,35,1.1111651850922628,WLS,3,0.00034260994259183164
3,UPFC_tsh,5-15,-0.23582742675205534,35,-0.2358406885264805,WLS,3,1.326177442514953e-05
4,UPFC_Vse,5-15,0.057925639016655046,35,0.05832852764386398,WLS,3,0.00040288862720893465
5,UPFC_tse,5-15,-2.118391934798105,35,-2.1215779562533372,WLS,3,0.0031860214552321686
0,x_tcsc,1-14,-0.10818512620284088,36,-0.10819317341787957,WLS,3,8.047215038692324e-06
1,B_svc,2,0.1767890561042568,36,0.17690161548655275,WLS,3,0.00011255938229595697
2,UPFC_Vsh,5-15,1.1115521812133382,36,1.1111651850922628,WLS,3,0.00038699612107540027
3,UPFC_tsh,5-15,-0.23580882943141598,36,-0.2358406885264805,WLS,3,3.1859095064507015e-05
4,UPFC_Vse,5-15,0.05774180868367518,36,0.05832852764386398,WLS,3,0.0005867189601888034
5,UPFC_tse,5-15,-2.1230150987893905,36,-2.1215779562533372,WLS,3,0.0014371425360533152
0,x_tcsc,1-14,-0.10816685791548826,37,-0.10819317341787957,WLS,3,2.6315502391308088e-05
1,B_svc,2,0.17721523373139156,37,0.17690161548655275,WLS,3,0.00031361824483880363
2,UPFC_Vsh,5-15,1.1114973247961668,37,1.1111651850922628,WLS,3,0.0003321397039039997
3,UPFC_tsh,5-15,-0.23580170285974275,37,-0.2358406885264805,WLS,3,3.898566673773973e-05
4,UPFC_Vse,5-15,0.05801305516697775,37,0.05832852764386398,WLS,3,0.0003154724768862291
5,UPFC_tse,5-15,-2.1208750189473724,37,-2.1215779562533372,WLS,3,0.0007029373059648236
0,x_tcsc,1-14,-0.10818745107200085,38,-0.10819317341787957,WLS,3,5.72234587871423e-06
1,B_svc,2,0.17702223519409047,38,0.17690161548655275,WLS,3,0.00012061970753771134
2,UPFC_Vsh,5-15,1.1120193694952811,38,1.1111651850922628,WLS,3,0.000854184403018321
3,UPFC_tsh,5-15,-0.2357686801062294,38,-0.2358406885264805,WLS,3,7.200842025109622e-05
4,UPFC_Vse,5-15,0.057458572395681404,38,0.05832852764386398,WLS,3,0.0008699552481825773
5,UPFC_tse,5-15,-2.1213131631955235,38,-2.1215779562533372,WLS,3,0.0002647930578136837
0,x_tcsc,1-14,-0.10816589216975338,39,-0.10819317341787957,WLS,3,2.728124812619026e-05
1,B_svc,2,0.17699615291043513,39,0.17690161548655275,WLS,3,9.453742388237929e-05
2,UPFC_Vsh,5-15,1.1113470181556457,39,1.1111651850922628,WLS,3,0.00018183306338293015
3,UPFC_tsh,5-15,-0.2358814266337682,39,-0.2358406885264805,WLS,3,4.073810728771887e-05
4,UPFC_Vse,5-15,0.05739473355207275,39,0.05832852764386398,WLS,3,0.0009337940917912291
5,UPFC_tse,5-15,-2.1203403539944805,39,-2.1215779562533372,WLS,3,0.0012376022588567182
0,x_tcsc,1-14,-0.10818948234750561,40,-0.10819317341787957,WLS,3,3.691070373956773e-06
1,B_svc,2,0.1775249945269427,40,0.17690161548655275,WLS,3,0.0006233790403899486
2,UPFC_Vsh,5-15,1.1114057607886527,40,1.1111651850922628,WLS,3,0.00024057569638991083
3,UPFC_tsh,5-15,-0.2358520480368139,40,-0.2358406885264805,WLS,3,1.1359510333402989e-05
4,UPFC_Vse,5-15,0.05816167608925488,40,0.05832852764386398,WLS,3,0.00016685155460910428
5,UPFC_tse,5-15,-2.1213081529433775,40,-2.1215779562533372,WLS,3,0.00026980330995973745
0,x_tcsc,1-14,-0.10818199575587091,41,-0.10819317341787957,WLS,3,1.117766200865733e-05
1,B_svc,2,0.17682176365785462,41,0.17690161548655275,WLS,3,7.985182869812979e-05
2,UPFC_Vsh,5-15,1.1112976456136783,41,1.1111651850922628,WLS,3,0.00013246052141546727
3,UPFC_tsh,5-15,-0.23586789637500408,41,-0.2358406885264805,WLS,3,2.7207848523586042e-05
4,UPFC_Vse,5-15,0.057502980740655664,41,0.05832852764386398,WLS,3,0.0008255469032083171
5,UPFC_tse,5-15,-2.118658363376668,41,-2.1215779562533372,WLS,3,0.00291959287666943
0,x_tcsc,1-14,-0.10818378108221835,42,-0.10819317341787957,WLS,3,9.392335661217999e-06
1,B_svc,2,0.17716111886985636,42,0.17690161548655275,WLS,3,0.00025950338330360534
2,UPFC_Vsh,5-15,1.111503541345779,42,1.1111651850922628,WLS,3,0.00033835625351619214
3,UPFC_tsh,5-15,-0.23583368860487505,42,-0.2358406885264805,WLS,3,6.999921605438386e-06
4,UPFC_Vse,5-15,0.05762325119572738,42,0.05832852764386398,WLS,3,0.000705276448136602
5,UPFC_tse,5-15,-2.1247539268293867,42,-2.1215779562533372,WLS,3,0.0031759705760494583
0,x_tcsc,1-14,-0.10818161674788507,43,-0.10819317341787957,WLS,3,1.1556669994500224e-05
1,B_svc,2,0.17682826019805722,43,0.17690161548655275,WLS,3,7.335528849553019e-05
2,UPFC_Vsh,5-15,1.1115305357465153,43,1.1111651850922628,WLS,3,0.00036535065425247204
3,UPFC_tsh,5-15,-0.23580153025465952,43,-0.2358406885264805,WLS,3,3.9158271820965984e-05
4,UPFC_Vse,5-15,0.057746597493113096,43,0.05832852764386398,WLS,3,0.0005819301507508853
5,UPFC_tse,5-15,-2.118894734477232,43,-2.1215779562533372,WLS,3,0.002683221776105249
0,x_tcsc,1-14,-0.10819235147055287,44,-0.10819317341787957,WLS,3,8.219473267012667e-07
1,B_svc,2,0.1770424347252403,44,0.17690161548655275,WLS,3,0.0001408192386875562
2,UPFC_Vsh,5-15,1.1114333113529524,44,1.1111651850922628,WLS,3,0.0002681262606896162
3,UPFC_tsh,5-15,-0.2358542647340066,44,-0.2358406885264805,WLS,3,1.3576207526122541e-05
4,UPFC_Vse,5-15,0.058499930434863484,44,0.05832852764386398,WLS,3,0.00017140279099950306
5,UPFC_tse,5-15,-2.1136900053673755,44,-2.1215779562533372,WLS,3,0.007887950885961725
0,x_tcsc,1-14,-0.10817787898339976,45,-0.10819317341787957,WLS,3,1.529443447981227e-05
1,B_svc,2,0.17693865361489253,45,0.17690161548655275,WLS,3,3.703812833977249e-05
2,UPFC_Vsh,5-15,1.1117256210544515,45,1.1111651850922628,WLS,3,0.0005604359621886879
3,UPFC_tsh,5-15,-0.23575331065464059,45,-0.2358406885264805,WLS,3,8.737787183990542e-05
4,UPFC_Vse,5-15,0.05752714863587096,45,0.05832852764386398,WLS,3,0.0008013790079930208
5,UPFC_tse,5-15,-2.1177261220854446,45,-2.1215779562533372,WLS,3,0.003851834167892587
0,x_tcsc,1-14,-0.10818767134785966,46,-0.10819317341787957,WLS,3,5.502070019910987e-06
1,B_svc,2,0.17718546441328187,46,0.17690161548655275,WLS,3,0.0002838489267291133
2,UPFC_Vsh,5-15,1.1115506954961436,46,1.1111651850922628,WLS,3,0.0003855104038807955
3,UPFC_tsh,5-15,-0.23581913306059413,46,-0.2358406885264805,WLS,3,2.15554658863637e-05
4,UPFC_Vse,5-15,0.057350532141979695,46,0.05832852764386398,WLS,3,0.0009779955018842865
5,UPFC_tse,5-15,-2.118947832986583,46,-2.1215779562533372,WLS,3,0.0026301232667540475
0,x_tcsc,1-14,-0.10819314737413208,47,-0.10819317341787957,WLS,3,2.6043747491932834e-08
1,B_svc,2,0.17680680210374386,47,0.17690161548655275,WLS,3,9.481338280889484e-05
2,UPFC_Vsh,5-15,1.1120509135692953,47,1.1111651850922628,WLS,3,0.0008857284770324991
3,UPFC_tsh,5-15,-0.2357840469560373,47,-0.2358406885264805,WLS,3,5.664157044318885e-05
4,UPFC_Vse,5-15,0.057994623466018025,47,0.05832852764386398,WLS,3,0.00033390417784595616
5,UPFC_tse,5-15,-2.1208452641757747,47,-2.1215779562533372,WLS,3,0.0007326920775625467
0,x_tcsc,1-14,-0.10817593305362694,48,-0.10819317341787957,WLS,3,1.724036425262976e-05
1,B_svc,2,0.17732453670278386,48,0.17690161548655275,WLS,3,0.0004229212162311091
2,UPFC_Vsh,5-15,1.1117589842823545,48,1.1111651850922628,WLS,3,0.0005937991900917261
3,UPFC_tsh,5-15,-0.2357527146835141,48,-0.2358406885264805,WLS,3,8.797384296638233e-05
4,UPFC_Vse,5-15,0.05756107537565112,48,0.05832852764386398,WLS,3,0.0007674522682128634
5,UPFC_tse,5-15,-2.121275972415071,48,-2.1215779562533372,WLS,3,0.0003019838382662954
0,x_tcsc,1-14,-0.10818418288626105,49,-0.10819317341787957,WLS,3,8.990531618513486e-06
1,B_svc,2,0.177034442901846,49,0.17690161548655275,WLS,3,0.00013282741529324626
2,UPFC_Vsh,5-15,1.1115475206595336,49,1.1111651850922628,WLS,3,0.0003823355672707418
3,UPFC_tsh,5-15,-0.23582196979326683,49,-0.2358406885264805,WLS,3,1.8718733213657357e-05
4,UPFC_Vse,5-15,0.05764110274888303,49,0.05832852764386398,WLS,3,0.0006874248949809494
5,UPFC_tse,5-15,-2.1194429399733683,49,-2.1215779562533372,WLS,3,0.0021350162799689265
0,x_tcsc,1-14,-0.10818356568715959,50,-0.10819317341787957,WLS,3,9.607730719979335e-06
1,B_svc,2,0.1768225358551536,50,0.17690161548655275,WLS,3,7.907963139916485e-05
2,UPFC_Vsh,5-15,1.111295487787443,50,1.1111651850922628,WLS,3,0.00013030269518021775
3,UPFC_tsh,5-15,-0.23585440351932363,50,-0.2358406885264805,WLS,3,1.371499284313904e-05
4,UPFC_Vse,5-15,0.057814861497931365,50,0.05832852764386398,WLS,3,0.0005136661459326161
5,UPFC_tse,5-15,-2.120589743908381,50,-2.1215779562533372,WLS,3,0.000988212344956274
0,x_tcsc,1-14,-0.10817391324148588,51,-0.10819317341787957,WLS,3,1.926017639368449e-05
1,B_svc,2,0.1773088745056751,51,0.17690161548655275,WLS,3,0.00040725901912233575
2,UPFC_Vsh,5-15,1.1114655200517143,51,1.1111651850922628,WLS,3,0.0003003349594514759
3,UPFC_tsh,5-15,-0.23580447256573359,51,-0.2358406885264805,WLS,3,3.621596074690481e-05
4,UPFC_Vse,5-15,0.057743063009477846,51,0.05832852764386398,WLS,3,0.0005854646343861347
5,UPFC_tse,5-15,-2.1205079964502596,51,-2.1215779562533372,WLS,3,0.0010699598030776691
0,x_tcsc,1-14,-0.1081796853269187,52,-0.10819317341787957,WLS,3,1.348809096086978e-05
1,B_svc,2,0.1771796390975913,52,0.17690161548655275,WLS,3,0.00027802361103854145
2,UPFC_Vsh,5-15,1.1116867951407174,52,1.1111651850922628,WLS,3,0.0005216100484546349
3,UPFC_tsh,5-15,-0.23581976833230772,52,-0.2358406885264805,WLS,3,2.0920194172768802e-05
4,UPFC_Vse,5-15,0.05758674070554791,52,0.05832852764386398,WLS,3,0.0007417869383160719
5,UPFC_tse,5-15,-2.119021115150313,52,-2.1215779562533372,WLS,3,0.002556841103024343
0,x_tcsc,1-14,-0.10817741781478718,53,-0.10819317341787957,WLS,3,1.575560309238777e-05
1,B_svc,2,0.1766474082945598,53,0.17690161548655275,WLS,3,0.0002542071919929556
2,UPFC_Vsh,5-15,1.1119408795684482,53,1.1111651850922628,WLS,3,0.0007756944761854179
3,UPFC_tsh,5-15,-0.23575588719679202,53,-0.2358406885264805,WLS,3,8.480132968846643e-05
4,UPFC_Vse,5-15,0.05734854684617708,53,0.05832852764386398,WLS,3,0.000979980797686901
5,UPFC_tse,5-15,-2.121829692998676,53,-2.1215779562533372,WLS,3,0.0002517367453389596
0,x_tcsc,1-14,-0.10816899371479302,54,-0.10819317341787957,WLS,3,2.417970308654649e-05
1,B_svc,2,0.1775581343038967,54,0.17690161548655275,WLS,3,0.0006565188173439374
2,UPFC_Vsh,5-15,1.111788121416038,54,1.1111651850922628,WLS,3,0.0006229363237753027
3,UPFC_tsh,5-15,-0.2358596862553781,54,-0.2358406885264805,WLS,3,1.8997728897601762e-05
4,UPFC_Vse,5-15,0.05768239879180184,54,0.05832852764386398,WLS,3,0.0006461288520621389
5,UPFC_tse,5-15,-2.1208309042025224,54,-2.1215779562533372,WLS,3,0.0007470520508148226
0,x_tcsc,1-14,-0.10818458966174932,55,-0.10819317341787957,WLS,3,8.583756130248199e-06
1,B_svc,2,0.1768617878463648,55,0.17690161548655275,WLS,3,3.9827640187950486e-05
2,UPFC_Vsh,5-15,1.1118608613809626,55,1.1111651850922628,WLS,3,0.0006956762886998202
3,UPFC_tsh,5-15,-0.23576988202027316,55,-0.2358406885264805,WLS,3,7.080650620733264e-05
4,UPFC_Vse,5-15,0.05796175105262604,55,0.05832852764386398,WLS,3,0.00036677659123793976
5,UPFC_tse,5-15,-2.1188734533396323,55,-2.1215779562533372,WLS,3,0.0027045029137049426
0,x_tcsc,1-14,-0.10817830322219929,56,-0.10819317341787957,WLS,3,1.4870195680277698e-05
1,B_svc,2,0.17732185905863412,56,0.17690161548655275,WLS,3,0.0004202435720813691
2,UPFC_Vsh,5-15,1.1115068428544594,56,1.1111651850922628,WLS,3,0.00034165776219663435
3,UPFC_tsh,5-15,-0.23574253549282803,56,-0.2358406885264805,WLS,3,9.815303365245942e-05
4,UPFC_Vse,5-15,0.05761265932593919,56,0.05832852764386398,WLS,3,0.0007158683179247921
5,UPFC_tse,5-15,-2.1175737753958486,56,-2.1215779562533372,WLS,3,0.0040041808574886595
0,x_tcsc,1-14,-0.10818022686638977,57,-0.10819317341787957,WLS,3,1.2946551489798064e-05
1,B_svc,2,0.17679271300384436,57,0.17690161548655275,WLS,3,0.00010890248270839509
2,UPFC_Vsh,5-15,1.1112305812528138,57,1.1111651850922628,WLS,3,6.539616055101227e-05
3,UPFC_tsh,5-15,-0.23584029784240607,57,-0.2358406885264805,WLS,3,3.906840744249962e-07
4,UPFC_Vse,5-15,0.05801381523282693,57,0.05832852764386398,WLS,3,0.00031471241103705333
5,UPFC_tse,5-15,-2.1194868026317577,57,-2.1215779562533372,WLS,3,0.0020911536215795223
0,x_tcsc,1-14,-0.10816842332530285,58,-0.10819317341787957,WLS,3,2.4750092576714122e-05
1,B_svc,2,0.17685195676502205,58,0.17690161548655275,WLS,3,4.9658721530704275e-05
2,UPFC_Vsh,5-15,1.111988599477209,58,1.1111651850922628,WLS,3,0.0008234143849461528
3,UPFC_tsh,5-15,-0.235784190348009,58,-0.2358406885264805,WLS,3,5.649817847150351e-05
4,UPFC_Vse,5-15,0.057118974429782386,58,0.05832852764386398,WLS,3,0.0012095532140815948
5,UPFC_tse,5-15,-2.121249248882703,58,-2.1215779562533372,WLS,3,0.00032870737063417366
0,x_tcsc,1-14,-0.10818114401467901,59,-0.10819317341787957,WLS,3,1.2029403200553013e-05
1,B_svc,2,0.17688470059094583,59,0.17690161548655275,WLS,3,1.6914895606928715e-05
2,UPFC_Vsh,5-15,1.1114034297569406,59,1.1111651850922628,WLS,3,0.00023824466467781136
3,UPFC_tsh,5-15,-0.2357804696144655,59,-0.2358406885264805,WLS,3,6.0218912014992076e-05
4,UPFC_Vse,5-15,0.05805078156587361,59,0.05832852764386398,WLS,3,0.00027774607799037343
5,UPFC_tse,5-15,-2.1169249854096526,59,-2.1215779562533372,WLS,3,0.004652970843684656
0,x_tcsc,1-14,-0.10818334987880393,60,-0.10819317341787957,WLS,3,9.823539075637377e-06
1,B_svc,2,0.1770087007531329,60,0.17690161548655275,WLS,3,0.0001070852665801536
2,UPFC_Vsh,5-15,1.1120585150689815,60,1.1111651850922628,WLS,3,0.0008933299767186487
3,UPFC_tsh,5-15,-0.23575500476651123,60,-0.2358406885264805,WLS,3,8.568375996925726e-05
4,UPFC_Vse,5-15,0.0578203196601013,60,0.05832852764386398,WLS,3,0.0005082079837626791
5,UPFC_tse,5-15,-2.1171212901873604,60,-2.1215779562533372,WLS,3,0.004456666065976833
0,x_tcsc,1-14,-0.10818745352442058,61,-0.10819317341787957,WLS,3,5.719893458988601e-06
1,B_svc,2,0.1766123948523866,61,0.17690161548655275,WLS,3,0.00028922063416614296
2,UPFC_Vsh,5-15,1.111468289650121,61,1.1111651850922628,WLS,3,0.00030310455785809154
3,UPFC_tsh,5-15,-0.23578754566879892,61,-0.2358406885264805,WLS,3,5.3142857681570677e-05
4,UPFC_Vse,5-15,0.05782440131240236,61,0.05832852764386398,WLS,3,0.0005041263314616226
5,UPFC_tse,5-15,-2.121531144882903,61,-2.1215779562533372,WLS,3,4.681137043416328e-05
0,x_tcsc,1-14,-0.10817858996673067,62,-0.10819317341787957,WLS,3,1.4583451148894588e-05
1,B_svc,2,0.1772036155245164,62,0.17690161548655275,WLS,3,0.0003020000379636567
2,UPFC_Vsh,5-15,1.1114663023648337,62,1.1111651850922628,WLS,3,0.0003011172725708722
3,UPFC_tsh,5-15,-0.2358289353720592,62,-0.2358406885264805,WLS,3,1.175315442128455e-05
4,UPFC_Vse,5-15,0.05792986623362269,62,0.05832852764386398,WLS,3,0.00039866141024129387
5,UPFC_tse,5-15,-2.121019714597107,62,-2.1215779562533372,WLS,3,0.0005582416562304182
0,x_tcsc,1-14,-0.10818334087433787,63,-0.10819317341787957,WLS,3,9.832543541699046e-06
1,B_svc,2,0.17698548338644438,63,0.17690161548655275,WLS,3,8.386789989162091e-05
2,UPFC_Vsh,5-15,1.1117844152431386,63,1.1111651850922628,WLS,3,0.000619230150875838
3,UPFC_tsh,5-15,-0.23580235054113508,63,-0.2358406885264805,WLS,3,3.833798534541577e-05
4,UPFC_Vse,5-15,0.05769582942870415,63,0.05832852764386398,WLS,3,0.0006326982151598284
5,UPFC_tse,5-15,-2.1214179414994465,63,-2.1215779562533372,WLS,3,0.00016001475389071373
0,x_tcsc,1-14,-0.10817963965591663,64,-0.10819317341787957,WLS,3,1.3533761962933322e-05
1,B_svc,2,0.1771055530260161,64,0.17690161548655275,WLS,3,0.00020393753946335025
2,UPFC_Vsh,5-15,1.1117579888571327,64,1.1111651850922628,WLS,3,0.0005928037648699203
3,UPFC_tsh,5-15,-0.23584315283490076,64,-0.2358406885264805,WLS,3,2.4643084202691234e-06
4,UPFC_Vse,5-15,0.058091551761302665,64,0.05832852764386398,WLS,3,0.00023697588256131608
5,UPFC_tse,5-15,-2.1229964770204877,64,-2.1215779562533372,WLS,3,0.001418520767150433
0,x_tcsc,1-14,-0.10819246819737045,65,-0.10819317341787957,WLS,3,7.052205091145902e-07
1,B_svc,2,0.17682716791722666,65,0.17690161548655275,WLS,3,7.444756932609153e-05
2,UPFC_Vsh,5-15,1.1113279958508535,65,1.1111651850922628,WLS,3,0.00016281075859070349
3,UPFC_tsh,5-15,-0.23583606794597506,65,-0.2358406885264805,WLS,3,4.620580505432237e-06
4,UPFC_Vse,5-15,0.05778612068813622,65,0.05832852764386398,WLS,3,0.000542406955727763
5,UPFC_tse,5-15,-2.117937142130009,65,-2.1215779562533372,WLS,3,0.0036408141233281732
0,x_tcsc,1-14,-0.10817202951153757,66,-0.10819317341787957,WLS,3,2.1143906342002694e-05
1,B_svc,2,0.17707663719138417,66,0.17690161548655275,WLS,3,0.00017502170483141288
2,UPFC_Vsh,5-15,1.111805880015366,66,1.1111651850922628,WLS,3,0.0006406949231032577
3,UPFC_tsh,5-15,-0.23578200563945093,66,-0.2358406885264805,WLS,3,5.8682887029565256e-05
4,UPFC_Vse,5-15,0.05796197396960352,66,0.05832852764386398,WLS,3,0.0003665536742604586
5,UPFC_tse,5-15,-2.118674870509447,66,-2.1215779562533372,WLS,3,0.002903085743890088
0,x_tcsc,1-14,-0.10818221000762827,67,-0.10819317341787957,WLS,3,1.0963410251293992e-05
1,B_svc,2,0.17668988434173158,67,0.17690161548655275,WLS,3,0.0002117311448211756
2,UPFC_Vsh,5-15,1.1112682813051893,67,1.1111651850922628,WLS,3,0.00010309621292647897
3,UPFC_tsh,5-15,-0.23588391300508113,67,-0.2358406885264805,WLS,3,4.3224478600639715e-05
4,UPFC_Vse,5-15,0.057814415877923846,67,0.05832852764386398,WLS,3,0.0005141117659401354
5,UPFC_tse,5-15,-2.121719410859614,67,-2.1215779562533372,WLS,3,0.00014145460627679185
0,x_tcsc,1-14,-0.10816698355154399,68,-0.10819317341787957,WLS,3,2.6189866335582512e-05
1,B_svc,2,0.17711381186152886,68,0.17690161548655275,WLS,3,0.00021219637497610355
2,UPFC_Vsh,5-15,1.1117520425477319,68,1.1111651850922628,WLS,3,0.0005868574554690476
3,UPFC_tsh,5-15,-0.23586810496992014,68,-0.2358406885264805,WLS,3,2.741644343964844e-05
4,UPFC_Vse,5-15,0.05800982356592749,68,0.05832852764386398,WLS,3,0.0003187040779364936
5,UPFC_tse,5-15,-2.119065219969913,68,-2.1215779562533372,WLS,3,0.0025127362834242994
0,x_tcsc,1-14,-0.10818322384152816,69,-0.10819317341787957,WLS,3,9.949576351406253e-06
1,B_svc,2,0.1774490961061765,69,0.17690161548655275,WLS,3,0.000547480619623758
2,UPFC_Vsh,5-15,1.1115329484320016,69,1.1111651850922628,WLS,3,0.0003677633397387581
3,UPFC_tsh,5-15,-0.2357790167129487,69,-0.2358406885264805,WLS,3,6.167181353178286e-05
4,UPFC_Vse,5-15,0.05761935812248629,69,0.05832852764386398,WLS,3,0.0007091695213776936
5,UPFC_tse,5-15,-2.1194254587932226,69,-2.1215779562533372,WLS,3,0.0021524974601145885
0,x_tcsc,1-14,-0.10818919228402729,70,-0.10819317341787957,WLS,3,3.981133852276608e-06
1,B_svc,2,0.17660803319941157,70,0.17690161548655275,WLS,3,0.0002935822871411864
2,UPFC_Vsh,5-15,1.1115106300469024,70,1.1111651850922628,WLS,3,0.00034544495463961766
3,UPFC_tsh,5-15,-0.23577749697879705,70,-0.2358406885264805,WLS,3,6.319154768344437e-05
4,UPFC_Vse,5-15,0.057987889418149134,70,0.05832852764386398,WLS,3,0.00034063822571484687
5,UPFC_tse,5-15,-2.1182454713209755,70,-2.1215779562533372,WLS,3,0.0033324849323617123
0,x_tcsc,1-14,-0.10817667579828488,71,-0.10819317341787957,WLS,3,1.649761959468532e-05
1,B_svc,2,0.17683913439803522,71,0.17690161548655275,WLS,3,6.248108851752976e-05
2,UPFC_Vsh,5-15,1.1117832559523744,71,1.1111651850922628,WLS,3,0.0006180708601115636
3,UPFC_tsh,5-15,-0.23576252996453576,71,-0.2358406885264805,WLS,3,7.815856194473558e-05
4,UPFC_Vse,5-15,0.057940585763747963,71,0.05832852764386398,WLS,3,0.00038794188011601755
5,UPFC_tse,5-15,-2.1203008912186605,71,-2.1215779562533372,WLS,3,0.0012770650346767276
0,x_tcsc,1-14,-0.10816894703805986,72,-0.10819317341787957,WLS,3,2.4226379819705657e-05
1,B_svc,2,0.17717356132466563,72,0.17690161548655275,WLS,3,0.0002719458381128803
2,UPFC_Vsh,5-15,1.1119609407199373,72,1.1111651850922628,WLS,3,0.0007957556276745326
3,UPFC_tsh,5-15,-0.23579543792646016,72,-0.2358406885264805,WLS,3,4.525060002033565e-05
4,UPFC_Vse,5-15,0.05753517244851675,72,0.05832852764386398,WLS,3,0.000793355195347234
5,UPFC_tse,5-15,-2.1199539070681133,72,-2.1215779562533372,WLS,3,0.0016240491852239636
0,x_tcsc,1-14,-0.10818430768177749,73,-0.10819317341787957,WLS,3,8.865736102078858e-06
1,B_svc,2,0.17711312014048933,73,0.17690161548655275,WLS,3,0.0002115046539365728
2,UPFC_Vsh,5-15,1.1113770354631194,73,1.1111651850922628,WLS,3,0.0002118503708565811
3,UPFC_tsh,5-15,-0.23581816396192118,73,-0.2358406885264805,WLS,3,2.2524564559311955e-05
4,UPFC_Vse,5-15,0.05768397238766335,73,0.05832852764386398,WLS,3,0.0006445552562006282
5,UPFC_tse,5-15,-2.1225782728233735,73,-2.1215779562533372,WLS,3,0.001000316570036297
0,x_tcsc,1-14,-0.10819765122977708,74,-0.10819317341787957,WLS,3,4.4778118975102865e-06
1,B_svc,2,0.17717622040511977,74,0.17690161548655275,WLS,3,0.00027460491856701186
2,UPFC_Vsh,5-15,1.111645938049434,74,1.1111651850922628,WLS,3,0.00048075295717109334
3,UPFC_tsh,5-15,-0.23576034834026,74,-0.2358406885264805,WLS,3,8.034018622049555e-05
4,UPFC_Vse,5-15,0.05767865980837384,74,0.05832852764386398,WLS,3,0.0006498678354901408
5,UPFC_tse,5-15,-2.1196715776517836,74,-2.1215779562533372,WLS,3,0.0019063786015536266
0,x_tcsc,1-14,-0.10817697580745313,75,-0.10819317341787957,WLS,3,1.6197610426441078e-05
1,B_svc,2,0.17679406548154025,75,0.17690161548655275,WLS,3,0.00010755000501250223
2,UPFC_Vsh,5-15,1.1115292726008668,75,1.1111651850922628,WLS,3,0.00036408750860394967
3,UPFC_tsh,5-15,-0.23578607497233964,75,-0.2358406885264805,WLS,3,5.4613554140853227e-05
4,UPFC_Vse,5-15,0.057735990120291535,75,0.05832852764386398,WLS,3,0.0005925375235724464
5,UPFC_tse,5-15,-2.118570289317981,75,-2.1215779562533372,WLS,3,0.003007666935356035
0,x_tcsc,1-14,-0.10819311966700308,76,-0.10819317341787957,WLS,3,5.375087648584742e-08
1,B_svc,2,0.1773984263034173,76,0.17690161548655275,WLS,3,0.0004968108168645347
2,UPFC_Vsh,5-15,1.1112867621572329,76,1.1111651850922628,WLS,3,0.0001215770649700687
3,UPFC_tsh,5-15,-0.23583453350887118,76,-0.2358406885264805,WLS,3,6.155017609310587e-06
4,UPFC_Vse,5-15,0.058143929356417795,76,0.05832852764386398,WLS,3,0.000184598287446186
5,UPFC_tse,5-15,-2.119395605366906,76,-2.1215779562533372,WLS,3,0.0021823508864313723
0,x_tcsc,1-14,-0.10817688724470169,77,-0.10819317341787957,WLS,3,1.628617317787906e-05
1,B_svc,2,0.17706224541294704,77,0.17690161548655275,WLS,3,0.00016062992639429008
2,UPFC_Vsh,5-15,1.1111923702799054,77,1.1111651850922628,WLS,3,2.7185187642553288e-05
3,UPFC_tsh,5-15,-0.23579431037878842,77,-0.2358406885264805,WLS,3,4.637814769206661e-05
4,UPFC_Vse,5-15,0.058003918139599465,77,0.05832852764386398,WLS,3,0.00032460950426451557
5,UPFC_tse,5-15,-2.1167718865422502,77,-2.1215779562533372,WLS,3,0.004806069711086991
0,x_tcsc,1-14,-0.108182924982755,78,-0.10819317341787957,WLS,3,1.0248435124565747e-05
1,B_svc,2,0.17682595817823976,78,0.17690161548655275,WLS,3,7.5657308312993e-05
2,UPFC_Vsh,5-15,1.111571764488029,78,1.1111651850922628,WLS,3,0.0004065793957661601
3,UPFC_tsh,5-15,-0.2357747442423715,78,-0.2358406885264805,WLS,3,6.594428410899855e-05
4,UPFC_Vse,5-15,0.05782099865840094,78,0.05832852764386398,WLS,3,0.0005075289854630377
5,UPFC_tse,5-15,-2.1213594133660307,78,-2.1215779562533372,WLS,3,0.0002185428873064943
0,x_tcsc,1-14,-0.10818422560184318,79,-0.10819317341787957,WLS,3,8.947816036386502e-06
1,B_svc,2,0.1769905526831536,79,0.17690161548655275,WLS,3,8.893719660085786e-05
2,UPFC_Vsh,5-15,1.1118056947988657,79,1.1111651850922628,WLS,3,0.0006405097066028986
3,UPFC_tsh,5-15,-0.2358244338607256,79,-0.2358406885264805,WLS,3,1.6254665754888986e-05
4,UPFC_Vse,5-15,0.05763678438448881,79,0.05832852764386398,WLS,3,0.0006917432593751688
5,UPFC_tse,5-15,-2.1202055435213714,79,-2.1215779562533372,WLS,3,0.0013724127319658663
0,x_tcsc,1-14,-0.10817672140055526,80,-0.10819317341787957,WLS,3,1.6452017324308787e-05
1,B_svc,2,0.17694682616190793,80,0.17690161548655275,WLS,3,4.521067535517842e-05
2,UPFC_Vsh,5-15,1.111426843846265,80,1.1111651850922628,WLS,3,0.00026165875400208094
3,UPFC_tsh,5-15,-0.23585687999955668,80,-0.2358406885264805,WLS,3,1.6191473076188068e-05
4,UPFC_Vse,5-15,0.0581033450984966,80,0.05832852764386398,WLS,3,0.00022518254536738058
5,UPFC_tse,5-15,-2.120809160938428,80,-2.1215779562533372,WLS,3,0.0007687953149093651
0,x_tcsc,1-14,-0.1081860630426778,81,-0.10819317341787957,WLS,3,7.110375201763164e-06
1,B_svc,2,0.17698297433765128,81,0.17690161548655275,WLS,3,8.135885109852858e-05
2,UPFC_Vsh,5-15,1.1115507974482963,81,1.1111651850922628,WLS,3,0.0003856123560335156
3,UPFC_tsh,5-15,-0.23575234967928815,81,-0.2358406885264805,WLS,3,8.833884719233742e-05
4,UPFC_Vse,5-15,0.057347324516154104,81,0.05832852764386398,WLS,3,0.0009812031277098773
5,UPFC_tse,5-15,-2.1210106378466507,81,-2.1215779562533372,WLS,3,0.0005673184066865566
0,x_tcsc,1-14,-0.10818314290427579,82,-0.10819317341787957,WLS,3,1.0030513603778712e-05
1,B_svc,2,0.17693269323978092,82,0.17690161548655275,WLS,3,3.107775322816475e-05
2,UPFC_Vsh,5-15,1.111493962900678,82,1.1111651850922628,WLS,3,0.00032877780841511495
3,UPFC_tsh,5-15,-0.2357806157976404,82,-0.2358406885264805,WLS,3,6.0072728840093736e-05
4,UPFC_Vse,5-15,0.05781162341205035,82,0.05832852764386398,WLS,3,0.0005169042318136294
5,UPFC_tse,5-15,-2.115785350376404,82,-2.1215779562533372,WLS,3,0.005792605876933088
0,x_tcsc,1-14,-0.10817516493811725,83,-0.10819317341787957,WLS,3,1.8008479762313123e-05
1,B_svc,2,0.17737545785904615,83,0.17690161548655275,WLS,3,0.00047384237249339933
2,UPFC_Vsh,5-15,1.1114492031246384,83,1.1111651850922628,WLS,3,0.0002840180323755437
3,UPFC_tsh,5-15,-0.23580412798289688,83,-0.2358406885264805,WLS,3,3.65605435836136e-05
4,UPFC_Vse,5-15,0.05805889482236023,83,0.05832852764386398,WLS,3,0.00026963282150375273
5,UPFC_tse,5-15,-2.1187407546338397,83,-2.1215779562533372,WLS,3,0.0028372016194975203
0,x_tcsc,1-14,-0.10817054972903806,84,-0.10819317341787957,WLS,3,2.2623688841511003e-05
1,B_svc,2,0.17708344599829695,84,0.17690161548655275,WLS,3,0.0001818305117441965
2,UPFC_Vsh,5-15,1.111461915821156,84,1.1111651850922628,WLS,3,0.00029673072889324636
3,UPFC_tsh,5-15,-0.23586927884262457,84,-0.2358406885264805,WLS,3,2.8590316144078143e-05
4,UPFC_Vse,5-15,0.05831766524136877,84,0.05832852764386398,WLS,3,1.0862402495211143e-05
5,UPFC_tse,5-15,-2.1206776965155925,84,-2.1215779562533372,WLS,3,0.0009002597377447685
0,x_tcsc,1-14,-0.10818881270885203,85,-0.10819317341787957,WLS,3,4.360709027539933e-06
1,B_svc,2,0.17695726690734412,85,0.17690161548655275,WLS,3,5.565142079136387e-05
2,UPFC_Vsh,5-15,1.1118867022541388,85,1.1111651850922628,WLS,3,0.0007215171618759619
3,UPFC_tsh,5-15,-0.23585132912630385,85,-0.2358406885264805,WLS,3,1.064059982336385e-05
4,UPFC_Vse,5-15,0.05767819004569481,85,0.05832852764386398,WLS,3,0.0006503375981691678
5,UPFC_tse,5-15,-2.12067324937845,85,-2.1215779562533372,WLS,3,0.0009047068748873066
0,x_tcsc,1-14,-0.10818446855282686,86,-0.10819317341787957,WLS,3,8.704865052708288e-06
1,B_svc,2,0.17691294807805372,86,0.17690161548655275,WLS,3,1.1332591500962108e-05
2,UPFC_Vsh,5-15,1.1120396835743964,86,1.1111651850922628,WLS,3,0.0008744984821336121
3,UPFC_tsh,5-15,-0.23574842062181073,86,-0.2358406885264805,WLS,3,9.226790466976276e-05
4,UPFC_Vse,5-15,0.057911941121133334,86,0.05832852764386398,WLS,3,0.000416586522730647
5,UPFC_tse,5-15,-2.1201037391600797,86,-2.1215779562533372,WLS,3,0.0014742170932575682
0,x_tcsc,1-14,-0.1081750065491994,87,-0.10819317341787957,WLS,3,1.816686868016948e-05
1,B_svc,2,0.17701939776570658,87,0.17690161548655275,WLS,3,0.00011778227915382189
2,UPFC_Vsh,5-15,1.111699495335716,87,1.1111651850922628,WLS,3,0.0005343102434531843
3,UPFC_tsh,5-15,-0.23578486977923196,87,-0.2358406885264805,WLS,3,5.581874724852609e-05
4,UPFC_Vse,5-15,0.05742895218486487,87,0.05832852764386398,WLS,3,0.0008995754589991092
5,UPFC_tse,5-15,-2.1196184751807605,87,-2.1215779562533372,WLS,3,0.0019594810725767076
0,x_tcsc,1-14,-0.10818932879113706,88,-0.10819317341787957,WLS,3,3.844626742507962e-06
1,B_svc,2,0.17769903755572794,88,0.17690161548655275,WLS,3,0.0007974220691751854
2,UPFC_Vsh,5-15,1.111449453323079,88,1.1111651850922628,WLS,3,0.0002842682308161759
3,UPFC_tsh,5-15,-0.23574967564379185,88,-0.2358406885264805,WLS,3,9.101288268864582e-05
4,UPFC_Vse,5-15,0.05744852834778116,88,0.05832852764386398,WLS,3,0.0008799992960828243
5,UPFC_tse,5-15,-2.118650161921659,88,-2.1215779562533372,WLS,3,0.002927794331678335
0,x_tcsc,1-14,-0.10818683161335463,89,-0.10819317341787957,WLS,3,6.341804524939709e-06
1,B_svc,2,0.17687772246536154,89,0.17690161548655275,WLS,3,2.3893021191212505e-05
2,UPFC_Vsh,5-15,1.111726403189276,89,1.1111651850922628,WLS,3,0.0005612180970131497
3,UPFC_tsh,5-15,-0.23579012043659092,89,-0.2358406885264805,WLS,3,5.0568089889568846e-05
4,UPFC_Vse,5-15,0.057581899848535206,89,0.05832852764386398,WLS,3,0.0007466277953287748
5,UPFC_tse,5-15,-2.1202342841391952,89,-2.1215779562533372,WLS,3,0.0013436721141419916
0,x_tcsc,1-14,-0.10818954455986236,90,-0.10819317341787957,WLS,3,3.6288580172044727e-06
1,B_svc,2,0.1766920544519857,90,0.17690161548655275,WLS,3,0.00020956103456706843
2,UPFC_Vsh,5-15,1.1113062026662022,90,1.1111651850922628,WLS,3,0.00014101757393936154
3,UPFC_tsh,5-15,-0.2358747120733384,90,-0.2358406885264805,WLS,3,3.40235468579142e-05
4,UPFC_Vse,5-15,0.058051283917467944,90,0.05832852764386398,WLS,3,0.000277243726396037
5,UPFC_tse,5-15,-2.11647031978028,90,-2.1215779562533372,WLS,3,0.00510763647305712
0,x_tcsc,1-14,-0.10818387978357451,91,-0.10819317341787957,WLS,3,9.293634305060361e-06
1,B_svc,2,0.1769183404442942,91,0.17690161548655275,WLS,3,1.6724957741437452e-05
2,UPFC_Vsh,5-15,1.111572828482382,91,1.1111651850922628,WLS,3,0.0004076433901192278
3,UPFC_tsh,5-15,-0.23582200824955268,91,-0.2358406885264805,WLS,3,1.868027692780716e-05
4,UPFC_Vse,5-15,0.05765056932811448,91,0.05832852764386398,WLS,3,0.0006779583157495023
5,UPFC_tse,5-15,-2.1231410294791635,91,-2.1215779562533372,WLS,3,0.0015630732258262725
0,x_tcsc,1-14,-0.10818567269050702,92,-0.10819317341787957,WLS,3,7.500727372544702e-06
1,B_svc,2,0.17688106624516692,92,0.17690161548655275,WLS,3,2.054924138583658e-05
2,UPFC_Vsh,5-15,1.1114113466300102,92,1.1111651850922628,WLS,3,0.00024616153774736915
3,UPFC_tsh,5-15,-0.23573977008816818,92,-0.2358406885264805,WLS,3,0.00010091843831230851
4,UPFC_Vse,5-15,0.058321517627878273,92,0.05832852764386398,WLS,3,7.010015985707552e-06
5,UPFC_tse,5-15,-2.1192300624437923,92,-2.1215779562533372,WLS,3,0.002347893809544921
0,x_tcsc,1-14,-0.1081802652298211,93,-0.10819317341787957,WLS,3,1.290818805846361e-05
1,B_svc,2,0.17681344847937489,93,0.17690161548655275,WLS,3,8.816700717786952e-05
2,UPFC_Vsh,5-15,1.1116259939103665,93,1.1111651850922628,WLS,3,0.00046080881810373064
3,UPFC_tsh,5-15,-0.23580402422297322,93,-0.2358406885264805,WLS,3,3.666430350726668e-05
4,UPFC_Vse,5-15,0.058387787463033095,93,0.05832852764386398,WLS,3,5.925981916911349e-05
5,UPFC_tse,5-15,-2.117728813970763,93,-2.1215779562533372,WLS,3,0.0038491422825743804
0,x_tcsc,1-14,-0.10819356606150976,94,-0.10819317341787957,WLS,3,3.9264363019264614e-07
1,B_svc,2,0.17668778966045806,94,0.17690161548655275,WLS,3,0.00021382582609469347
2,UPFC_Vsh,5-15,1.1112126580059898,94,1.1111651850922628,WLS,3,4.747291372697582e-05
3,UPFC_tsh,5-15,-0.2358823398134027,94,-0.2358406885264805,WLS,3,4.165128692221187e-05
4,UPFC_Vse,5-15,0.057490533125910674,94,0.05832852764386398,WLS,3,0.0008379945179533069
5,UPFC_tse,5-15,-2.1196307178894287,94,-2.1215779562533372,WLS,3,0.0019472383639085322
0,x_tcsc,1-14,-0.10819894200009487,95,-0.10819317341787957,WLS,3,5.768582215306961e-06
1,B_svc,2,0.17696044507873487,95,0.17690161548655275,WLS,3,5.882959218211914e-05
2,UPFC_Vsh,5-15,1.1115951713456609,95,1.1111651850922628,WLS,3,0.0004299862533980736
3,UPFC_tsh,5-15,-0.235814761505659,95,-0.2358406885264805,WLS,3,2.592702082149234e-05
4,UPFC_Vse,5-15,0.05834411789591372,95,0.05832852764386398,WLS,3,1.5590252049738074e-05
5,UPFC_tse,5-15,-2.119127261347033,95,-2.1215779562533372,WLS,3,0.0024506949063041183
0,x_tcsc,1-14,-0.10816914386680679,96,-0.10819317341787957,WLS,3,2.4029551072779487e-05
1,B_svc,2,0.17652292855618892,96,0.17690161548655275,WLS,3,0.0003786869303638307
2,UPFC_Vsh,5-15,1.1114340594594194,96,1.1111651850922628,WLS,3,0.00026887436715661295
3,UPFC_tsh,5-15,-0.2357786300357614,96,-0.2358406885264805,WLS,3,6.20584907190802e-05
4,UPFC_Vse,5-15,0.05729577108767348,96,0.05832852764386398,WLS,3,0.0010327565561904992
5,UPFC_tse,5-15,-2.120561165724396,96,-2.1215779562533372,WLS,3,0.0010167905289413248
0,x_tcsc,1-14,-0.10819529036416617,97,-0.10819317341787957,WLS,3,2.1169462866010846e-06
1,B_svc,2,0.17719628059125642,97,0.17690161548655275,WLS,3,0.0002946651047036619
2,UPFC_Vsh,5-15,1.111996239793199,97,1.1111651850922628,WLS,3,0.0008310547009362512
3,UPFC_tsh,5-15,-0.23572473076222847,97,-0.2358406885264805,WLS,3,0.00011595776425202264
4,UPFC_Vse,5-15,0.05781954467648026,97,0.05832852764386398,WLS,3,0.0005089829673837198
5,UPFC_tse,5-15,-2.1187358939234135,97,-2.1215779562533372,WLS,3,0.002842062329923678
0,x_tcsc,1-14,-0.10818030124940377,98,-0.10819317341787957,WLS,3,1.2872168475799861e-05
1,B_svc,2,0.17686222605248691,98,0.17690161548655275,WLS,3,3.938943406583961e-05
2,UPFC_Vsh,5-15,1.111323685765754,98,1.1111651850922628,WLS,3,0.0001585006734912131
3,UPFC_tsh,5-15,-0.2358431795978729,98,-0.2358406885264805,WLS,3,2.4910713924131134e-06
4,UPFC_Vse,5-15,0.057986528538462805,98,0.05832852764386398,WLS,3,0.00034199910540117645
5,UPFC_tse,5-15,-2.118465328653453,98,-2.1215779562533372,WLS,3,0.003112627599884288
0,x_tcsc,1-14,-0.1081816731448391,99,-0.10819317341787957,WLS,3,1.150027304046286e-05
1,B_svc,2,0.1772962570489348,99,0.17690161548655275,WLS,3,0.0003946415623820587
2,UPFC_Vsh,5-15,1.1115951038360656,99,1.1111651850922628,WLS,3,0.00042991874380282624
3,UPFC_tsh,5-15,-0.23586927288333748,99,-0.2358406885264805,WLS,3,2.858435685698657e-05
4,UPFC_Vse,5-15,0.05839221150322171,99,0.05832852764386398,WLS,3,6.368385935772575e-05
5,UPFC_tse,5-15,-2.122380648405034,99,-2.1215779562533372,WLS,3,0.0008026921516965935
0,x_tcsc,1-14,-0.1075925715518842,0,-0.10759375181823708,WLS,5,1.1802663528737156e-06
1,B_svc,2,0.17580775427767073,0,0.17618784178147667,WLS,5,0.0003800875038059426
2,UPFC_Vsh,5-15,1.111415895366372,0,1.1115344568080843,WLS,5,0.00011856144171229488
3,UPFC_tsh,5-15,-0.23647055044788332,0,-0.23650317855655192,WLS,5,3.262810866860866e-05
4,UPFC_Vse,5-15,0.05756141825722206,0,0.05803446996422508,WLS,5,0.00047305170700302074
5,UPFC_tse,5-15,-2.1198876273123997,0,-2.1215839223104322,WLS,5,0.001696294998032588
0,x_tcsc,1-14,-0.10757531952827581,1,-0.10759375181823708,WLS,5,1.8432289961262116e-05
1,B_svc,2,0.17654519022765977,1,0.17618784178147667,WLS,5,0.0003573484461830978
2,UPFC_Vsh,5-15,1.1113892407829624,1,1.1115344568080843,WLS,5,0.0001452160251218526
3,UPFC_tsh,5-15,-0.2365039500291085,1,-0.23650317855655192,WLS,5,7.714725565877156e-07
4,UPFC_Vse,5-15,0.057758801411635405,1,0.05803446996422508,WLS,5,0.00027566855258967515
5,UPFC_tse,5-15,-2.1189217032517527,1,-2.1215839223104322,WLS,5,0.0026622190586795824
0,x_tcsc,1-14,-0.10757836187062061,2,-0.10759375181823708,WLS,5,1.5389947616462063e-05
1,B_svc,2,0.1763992434317626,2,0.17618784178147667,WLS,5,0.00021140165028593616
2,UPFC_Vsh,5-15,1.1114301482654694,2,1.1115344568080843,WLS,5,0.00010430854261489486
3,UPFC_tsh,5-15,-0.23650930199707743,2,-0.23650317855655192,WLS,5,6.123440525501733e-06
4,UPFC_Vse,5-15,0.057879821913238136,2,0.05803446996422508,WLS,5,0.00015464805098694412
5,UPFC_tse,5-15,-2.1214682819649786,2,-2.1215839223104322,WLS,5,0.0001156403454536381
0,x_tcsc,1-14,-0.10757253955800047,3,-0.10759375181823708,WLS,5,2.121226023660272e-05
1,B_svc,2,0.1756254164771674,3,0.17618784178147667,WLS,5,0.0005624253043092775
2,UPFC_Vsh,5-15,1.1114661027625135,3,1.1115344568080843,WLS,5,6.835404557081759e-05
3,UPFC_tsh,5-15,-0.23653764827229729,3,-0.23650317855655192,WLS,5,3.446971574536106e-05
4,UPFC_Vse,5-15,0.05765311915048072,3,0.05803446996422508,WLS,5,0.00038135081374435914
5,UPFC_tse,5-15,-2.1222275709311575,3,-2.1215839223104322,WLS,5,0.0006436486207253012
0,x_tcsc,1-14,-0.10758493370663504,4,-0.10759375181823708,WLS,5,8.818111602040823e-06
1,B_svc,2,0.17650064553236072,4,0.17618784178147667,WLS,5,0.00031280375088404977
2,UPFC_Vsh,5-15,1.1114231961687298,4,1.1115344568080843,WLS,5,0.00011126063935451569
3,UPFC_tsh,5-15,-0.2364739417822098,4,-0.23650317855655192,WLS,5,2.923677434213401e-05
4,UPFC_Vse,5-15,0.05779286974117218,4,0.05803446996422508,WLS,5,0.00024160022305289713
5,UPFC_tse,5-15,-2.121842967565181,4,-2.1215839223104322,WLS,5,0.0002590452547486244
0,x_tcsc,1-14,-0.10758561750992844,5,-0.10759375181823708,WLS,5,8.134308308635485e-06
1,B_svc,2,0.17630790918449377,5,0.17618784178147667,WLS,5,0.0001200674030170934
2,UPFC_Vsh,5-15,1.1114537415710133,5,1.1115344568080843,WLS,5,8.071523707098294e-05
3,UPFC_tsh,5-15,-0.2365496849013511,5,-0.23650317855655192,WLS,5,4.650634479916316e-05
4,UPFC_Vse,5-15,0.05797207472887682,5,0.05803446996422508,WLS,5,6.239523534826152e-05
5,UPFC_tse,5-15,-2.1203707890189016,5,-2.1215839223104322,WLS,5,0.0012131332915306103
0,x_tcsc,1-14,-0.10758665944268689,6,-0.10759375181823708,WLS,5,7.092375550188379e-06
1,B_svc,2,0.17607728898526018,6,0.17618784178147667,WLS,5,0.00011055279621649539
2,UPFC_Vsh,5-15,1.1118156819945164,6,1.1115344568080843,WLS,5,0.00028122518643214356
3,UPFC_tsh,5-15,-0.2364601064067995,6,-0.23650317855655192,WLS,5,4.307214975243778e-05
4,UPFC_Vse,5-15,0.05774847306998521,6,0.05803446996422508,WLS,5,0.0002859968942398733
5,UPFC_tse,5-15,-2.1227739791934805,6,-2.1215839223104322,WLS,5,0.001190056883048296
0,x_tcsc,1-14,-0.1075972808071009,7,-0.10759375181823708,WLS,5,3.5289888638267985e-06
1,B_svc,2,0.1764729576207476,7,0.17618784178147667,WLS,5,0.000285115839270933
2,UPFC_Vsh,5-15,1.111386749839283,7,1.1115344568080843,WLS,5,0.00014770696880117562
3,UPFC_tsh,5-15,-0.23650189666187946,7,-0.23650317855655192,WLS,5,1.2818946724668656e-06
4,UPFC_Vse,5-15,0.057235757771812175,7,0.05803446996422508,WLS,5,0.0007987121924129051
5,UPFC_tse,5-15,-2.1208444321730924,7,-2.1215839223104322,WLS,5,0.000739490137339871
0,x_tcsc,1-14,-0.10758950344001975,8,-0.10759375181823708,WLS,5,4.248378217330817e-06
1,B_svc,2,0.17620334805186147,8,0.17618784178147667,WLS,5,1.550627038479635e-05
2,UPFC_Vsh,5-15,1.111986331092508,8,1.1115344568080843,WLS,5,0.00045187428442372557
3,UPFC_tsh,5-15,-0.23651058521784882,8,-0.23650317855655192,WLS,5,7.406661296893713e-06
4,UPFC_Vse,5-15,0.057801793339797874,8,0.05803446996422508,WLS,5,0.0002326766244272055
5,UPFC_tse,5-15,-2.1202250016573134,8,-2.1215839223104322,WLS,5,0.0013589206531188225
0,x_tcsc,1-14,-0.10761561404449627,9,-0.10759375181823708,WLS,5,2.1862226259189432e-05
1,B_svc,2,0.17614952978362214,9,0.17618784178147667,WLS,5,3.831199785453432e-05
2,UPFC_Vsh,5-15,1.1115528951655884,9,1.1115344568080843,WLS,5,1.8438357504146907e-05
3,UPFC_tsh,5-15,-0.23640179255887678,9,-0.23650317855655192,WLS,5,0.00010138599767514633
4,UPFC_Vse,5-15,0.058022132742210006,9,0.05803446996422508,WLS,5,1.2337222015074145e-05
5,UPFC_tse,5-15,-2.120444399245035,9,-2.1215839223104322,WLS,5,0.0011395230653974409
0,x_tcsc,1-14,-0.10759376151163587,10,-0.10759375181823708,WLS,5,9.693398791976726e-09
1,B_svc,2,0.17611666374432822,10,0.17618784178147667,WLS,5,7.117803714845605e-05
2,UPFC_Vsh,5-15,1.111159405649338,10,1.1115344568080843,WLS,5,0.0003750511587463645
3,UPFC_tsh,5-15,-0.2364966940111232,10,-0.23650317855655192,WLS,5,6.484545428731003e-06
4,UPFC_Vse,5-15,0.05721640876967488,10,0.05803446996422508,WLS,5,0.0008180611945501973
5,UPFC_tse,5-15,-2.120060054865598,10,-2.1215839223104322,WLS,5,0.001523867444834348
0,x_tcsc,1-14,-0.10757995461536828,11,-0.10759375181823708,WLS,5,1.379720286880104e-05
1,B_svc,2,0.17627213401447905,11,0.17618784178147667,WLS,5,8.429223300238098e-05
2,UPFC_Vsh,5-15,1.111030166190057,11,1.1115344568080843,WLS,5,0.0005042906180272588
3,UPFC_tsh,5-15,-0.23649269645280221,11,-0.23650317855655192,WLS,5,1.048210374970937e-05
4,UPFC_Vse,5-15,0.05716169223131763,11,0.05803446996422508,WLS,5,0.0008727777329074482
5,UPFC_tse,5-15,-2.1212530528558218,11,-2.1215839223104322,WLS,5,0.0003308694546104718
0,x_tcsc,1-14,-0.10758027029490862,12,-0.10759375181823708,WLS,5,1.3481523328459644e-05
1,B_svc,2,0.17611199903766125,12,0.17618784178147667,WLS,5,7.584274381541856e-05
2,UPFC_Vsh,5-15,1.1115152781063333,12,1.1115344568080843,WLS,5,1.9178701750943716e-05
3,UPFC_tsh,5-15,-0.2364825719475899,12,-0.23650317855655192,WLS,5,2.060660896202604e-05
4,UPFC_Vse,5-15,0.05766856650220916,12,0.05803446996422508,WLS,5,0.00036590346201591933
5,UPFC_tse,5-15,-2.120138605853195,12,-2.1215839223104322,WLS,5,0.0014453164572372224
0,x_tcsc,1-14,-0.10759738001938154,13,-0.10759375181823708,WLS,5,3.628201144467713e-06
1,B_svc,2,0.17595933214612422,13,0.17618784178147667,WLS,5,0.00022850963535245294
2,UPFC_Vsh,5-15,1.1115684404523192,13,1.1115344568080843,WLS,5,3.3983644234902854e-05
3,UPFC_tsh,5-15,-0.23641949126339074,13,-0.23650317855655192,WLS,5,8.368729316118872e-05
4,UPFC_Vse,5-15,0.0572446350914372,13,0.05803446996422508,WLS,5,0.0007898348727878798
5,UPFC_tse,5-15,-2.1196261253009303,13,-2.1215839223104322,WLS,5,0.001957797009501938
0,x_tcsc,1-14,-0.10758820455685222,14,-0.10759375181823708,WLS,5,5.547261384852842e-06
1,B_svc,2,0.17605978422011906,14,0.17618784178147667,WLS,5,0.00012805756135761404
2,UPFC_Vsh,5-15,1.1113917768741985,14,1.1115344568080843,WLS,5,0.00014267993388572542
3,UPFC_tsh,5-15,-0.23646953196834306,14,-0.23650317855655192,WLS,5,3.364658820886879e-05
4,UPFC_Vse,5-15,0.05750817992745284,14,0.05803446996422508,WLS,5,0.0005262900367722367
5,UPFC_tse,5-15,-2.1212144524051406,14,-2.1215839223104322,WLS,5,0.0003694699052916306
0,x_tcsc,1-14,-0.10758707200472403,15,-0.10759375181823708,WLS,5,6.679813513044142e-06
1,B_svc,2,0.17589449628770903,15,0.17618784178147667,WLS,5,0.0002933454937676383
2,UPFC_Vsh,5-15,1.111181527692988,15,1.1115344568080843,WLS,5,0.0003529291150963232
3,UPFC_tsh,5-15,-0.23645450758712677,15,-0.23650317855655192,WLS,5,4.867096942515192e-05
4,UPFC_Vse,5-15,0.057828360424747774,15,0.05803446996422508,WLS,5,0.00020610953947730604
5,UPFC_tse,5-15,-2.1184985683397772,15,-2.1215839223104322,WLS,5,0.0030853539706550137
0,x_tcsc,1-14,-0.10759747544604026,16,-0.10759375181823708,WLS,5,3.723627803181584e-06
1,B_svc,2,0.1758758806759982,16,0.17618784178147667,WLS,5,0.00031196110547848654
2,UPFC_Vsh,5-15,1.1112049219970772,16,1.1115344568080843,WLS,5,0.0003295348110070595
3,UPFC_tsh,5-15,-0.23648635795429443,16,-0.23650317855655192,WLS,5,1.68206022574946e-05
4,UPFC_Vse,5-15,0.05791875678399071,16,0.05803446996422508,WLS,5,0.00011571318023437249
5,UPFC_tse,5-15,-2.116857316894704,16,-2.1215839223104322,WLS,5,0.0047266054157284465
0,x_tcsc,1-14,-0.1075938890528525,17,-0.10759375181823708,WLS,5,1.3723461542158866e-07
1,B_svc,2,0.1761361892080146,17,0.17618784178147667,WLS,5,5.165257346206875e-05
2,UPFC_Vsh,5-15,1.1115588254769064,17,1.1115344568080843,WLS,5,2.4368668822161155e-05
3,UPFC_tsh,5-15,-0.23651930638027216,17,-0.23650317855655192,WLS,5,1.612782372023558e-05
4,UPFC_Vse,5-15,0.057461877906547804,17,0.05803446996422508,WLS,5,0.0005725920576772764
5,UPFC_tse,5-15,-2.1248340703576614,17,-2.1215839223104322,WLS,5,0.0032501480472291178
0,x_tcsc,1-14,-0.10757896652410688,18,-0.10759375181823708,WLS,5,1.4785294130195692e-05
1,B_svc,2,0.17605933355641695,18,0.17618784178147667,WLS,5,0.00012850822505972026
2,UPFC_Vsh,5-15,1.1115190886965007,18,1.1115344568080843,WLS,5,1.5368111583535793e-05
3,UPFC_tsh,5-15,-0.2364565538862799,18,-0.23650317855655192,WLS,5,4.6624670272027435e-05
4,UPFC_Vse,5-15,0.058107592289577625,18,0.05803446996422508,WLS,5,7.312232535254537e-05
5,UPFC_tse,5-15,-2.1212761670121516,18,-2.1215839223104322,WLS,5,0.0003077552982806431
0,x_tcsc,1-14,-0.10759522512825767,19,-0.10759375181823708,WLS,5,1.473310020594365e-06
1,B_svc,2,0.17654759427757374,19,0.17618784178147667,WLS,5,0.00035975249609707105
2,UPFC_Vsh,5-15,1.1114554961508136,19,1.1115344568080843,WLS,5,7.896065727064361e-05
3,UPFC_tsh,5-15,-0.23641311093829936,19,-0.23650317855655192,WLS,5,9.006761825255949e-05
4,UPFC_Vse,5-15,0.05742376895602029,19,0.05803446996422508,WLS,5,0.0006107010082047892
5,UPFC_tse,5-15,-2.1215006352022807,19,-2.1215839223104322,WLS,5,8.328710815153073e-05
0,x_tcsc,1-14,-0.10760336065541437,20,-0.10759375181823708,WLS,5,9.608837177293994e-06
1,B_svc,2,0.1759031431167809,20,0.17618784178147667,WLS,5,0.00028469866469577054
2,UPFC_Vsh,5-15,1.1113752592704456,20,1.1115344568080843,WLS,5,0.00015919753763871114
3,UPFC_tsh,5-15,-0.23647709401575137,20,-0.23650317855655192,WLS,5,2.608454080055278e-05
4,UPFC_Vse,5-15,0.0575683049514835,20,0.05803446996422508,WLS,5,0.0004661650127415831
5,UPFC_tse,5-15,-2.1225050392456506,20,-2.1215839223104322,WLS,5,0.0009211169352183468
0,x_tcsc,1-14,-0.10757529364571239,21,-0.10759375181823708,WLS,5,1.8458172524687955e-05
1,B_svc,2,0.17657132367416367,21,0.17618784178147667,WLS,5,0.0003834818926869987
2,UPFC_Vsh,5-15,1.1112463024406973,21,1.1115344568080843,WLS,5,0.0002881543673869391
3,UPFC_tsh,5-15,-0.23653397664600062,21,-0.23650317855655192,WLS,5,3.0798089448697e-05
4,UPFC_Vse,5-15,0.05825213400506408,21,0.05803446996422508,WLS,5,0.0002176640408389982
5,UPFC_tse,5-15,-2.119506640380792,21,-2.1215839223104322,WLS,5,0.0020772819296404066
0,x_tcsc,1-14,-0.10759133281532458,22,-0.10759375181823708,WLS,5,2.4190029124931955e-06
1,B_svc,2,0.17655342233804627,22,0.17618784178147667,WLS,5,0.0003655805565696002
2,UPFC_Vsh,5-15,1.111541980528104,22,1.1115344568080843,WLS,5,7.523720019664282e-06
3,UPFC_tsh,5-15,-0.23642707969114057,22,-0.23650317855655192,WLS,5,7.609886541135036e-05
4,UPFC_Vse,5-15,0.05765477877700128,22,0.05803446996422508,WLS,5,0.0003796911872238004
5,UPFC_tse,5-15,-2.118547934698188,22,-2.1215839223104322,WLS,5,0.0030359876122441065
0,x_tcsc,1-14,-0.10758735752932938,23,-0.10759375181823708,WLS,5,6.394288907696222e-06
1,B_svc,2,0.17623527460383367,23,0.17618784178147667,WLS,5,4.743282235700197e-05
2,UPFC_Vsh,5-15,1.1113739035518078,23,1.1115344568080843,WLS,5,0.00016055325627650774
3,UPFC_tsh,5-15,-0.23647633397738627,23,-0.23650317855655192,WLS,5,2.6844579165657967e-05
4,UPFC_Vse,5-15,0.05803824590312907,23,0.05803446996422508,WLS,5,3.7759389039868085e-06
5,UPFC_tse,5-15,-2.1190841453473293,23,-2.1215839223104322,WLS,5,0.0024997769631029954
0,x_tcsc,1-14,-0.1075826273881226,24,-0.10759375181823708,WLS,5,1.112443011447306e-05
1,B_svc,2,0.1759515588065255,24,0.17618784178147667,WLS,5,0.00023628297495117967
2,UPFC_Vsh,5-15,1.1116497693808738,24,1.1115344568080843,WLS,5,0.00011531257278951657
3,UPFC_tsh,5-15,-0.2364980696194966,24,-0.23650317855655192,WLS,5,5.108937055325891e-06
4,UPFC_Vse,5-15,0.057445309495892626,24,0.05803446996422508,WLS,5,0.0005891604683324544
5,UPFC_tse,5-15,-2.122836001234805,24,-2.1215839223104322,WLS,5,0.0012520789243728458
0,x_tcsc,1-14,-0.10759311291668562,25,-0.10759375181823708,WLS,5,6.389015514557395e-07
1,B_svc,2,0.1763737000116689,25,0.17618784178147667,WLS,5,0.00018585823019223735
2,UPFC_Vsh,5-15,1.1113587877123656,25,1.1115344568080843,WLS,5,0.00017566909571864464
3,UPFC_tsh,5-15,-0.23647025194303398,25,-0.23650317855655192,WLS,5,3.2926613517947345e-05
4,UPFC_Vse,5-15,0.05732846000669526,25,0.05803446996422508,WLS,5,0.0007060099575298198
5,UPFC_tse,5-15,-2.1184505799450997,25,-2.1215839223104322,WLS,5,0.003133342365332581
0,x_tcsc,1-14,-0.10758830213364434,26,-0.10759375181823708,WLS,5,5.449684592734316e-06
1,B_svc,2,0.17653805391312857,26,0.17618784178147667,WLS,5,0.00035021213165190024
2,UPFC_Vsh,5-15,1.1112020927238937,26,1.1115344568080843,WLS,5,0.00033236408419057284
3,UPFC_tsh,5-15,-0.2364614380157667,26,-0.23650317855655192,WLS,5,4.174054078523448e-05
4,UPFC_Vse,5-15,0.05742333512669499,26,0.05803446996422508,WLS,5,0.0006111348375300932
5,UPFC_tse,5-15,-2.1183040559590784,26,-2.1215839223104322,WLS,5,0.0032798663513537996
0,x_tcsc,1-14,-0.10759848693189811,27,-0.10759375181823708,WLS,5,4.735113661030743e-06
1,B_svc,2,0.17595884076178073,27,0.17618784178147667,WLS,5,0.00022900101969594577
2,UPFC_Vsh,5-15,1.111518612504529,27,1.1115344568080843,WLS,5,1.5844303555168082e-05
3,UPFC_tsh,5-15,-0.2365481806437378,27,-0.23650317855655192,WLS,5,4.500208718588583e-05
4,UPFC_Vse,5-15,0.057522550807640696,27,0.05803446996422508,WLS,5,0.0005119191565843839
5,UPFC_tse,5-15,-2.122598257229341,27,-2.1215839223104322,WLS,5,0.001014334918908677
0,x_tcsc,1-14,-0.10759314061040946,28,-0.10759375181823708,WLS,5,6.112078276138133e-07
1,B_svc,2,0.17647424979348908,28,0.17618784178147667,WLS,5,0.00028640801201240684
2,UPFC_Vsh,5-15,1.1119430635441745,28,1.1115344568080843,WLS,5,0.00040860673609022236
3,UPFC_tsh,5-15,-0.2364436532689444,28,-0.23650317855655192,WLS,5,5.9525287607525845e-05
4,UPFC_Vse,5-15,0.05801576102580642,28,0.05803446996422508,WLS,5,1.8708938418661447e-05
5,UPFC_tse,5-15,-2.120040767827115,28,-2.1215839223104322,WLS,5,0.0015431544833170996
0,x_tcsc,1-14,-0.10759179195101645,29,-0.10759375181823708,WLS,5,1.959867220624467e-06
1,B_svc,2,0.17672290796451784,29,0.17618784178147667,WLS,5,0.0005350661830411663
2,UPFC_Vsh,5-15,1.111648351924694,29,1.1115344568080843,WLS,5,0.00011389511660975238
3,UPFC_tsh,5-15,-0.23643840253817386,29,-0.23650317855655192,WLS,5,6.477601837806546e-05
4,UPFC_Vse,5-15,0.05785859165644978,29,0.05803446996422508,WLS,5,0.0001758783077753026
5,UPFC_tse,5-15,-2.121241946061196,29,-2.1215839223104322,WLS,5,0.00034197624923626435
0,x_tcsc,1-14,-0.10758966280625328,30,-0.10759375181823708,WLS,5,4.089011983801627e-06
1,B_svc,2,0.17630988791832305,30,0.17618784178147667,WLS,5,0.0001220461368463821
2,UPFC_Vsh,5-15,1.1116668667114038,30,1.1115344568080843,WLS,5,0.0001324099033195303
3,UPFC_tsh,5-15,-0.23641456248691403,30,-0.23650317855655192,WLS,5,8.861606963789237e-05
4,UPFC_Vse,5-15,0.058244033525973404,30,0.05803446996422508,WLS,5,0.00020956356174832436
5,UPFC_tse,5-15,-2.1232916417466043,30,-2.1215839223104322,WLS,5,0.0017077194361720949
0,x_tcsc,1-14,-0.10757735844621481,31,-0.10759375181823708,WLS,5,1.6393372022263653e-05
1,B_svc,2,0.17643262205025526,31,0.17618784178147667,WLS,5,0.0002447802687785827
2,UPFC_Vsh,5-15,1.111294531469045,31,1.1115344568080843,WLS,5,0.00023992533903927082
3,UPFC_tsh,5-15,-0.23652639252995672,31,-0.23650317855655192,WLS,5,2.3213973404795363e-05
4,UPFC_Vse,5-15,0.057528490468270244,31,0.05803446996422508,WLS,5,0.0005059794959548364
5,UPFC_tse,5-15,-2.120493615843879,31,-2.1215839223104322,WLS,5,0.0010903064665530593
0,x_tcsc,1-14,-0.10757272677540454,32,-0.10759375181823708,WLS,5,2.1025042832537033e-05
1,B_svc,2,0.17667053238390773,32,0.17618784178147667,WLS,5,0.0004826906024310573
2,UPFC_Vsh,5-15,1.1118552329581721,32,1.1115344568080843,WLS,5,0.00032077615008785365
3,UPFC_tsh,5-15,-0.23647099572017027,32,-0.23650317855655192,WLS,5,3.218283638165009e-05
4,UPFC_Vse,5-15,0.057133054070739285,32,0.05803446996422508,WLS,5,0.0009014158934857949
5,UPFC_tse,5-15,-2.1243152567958,32,-2.1215839223104322,WLS,5,0.0027313344853676647
0,x_tcsc,1-14,-0.10759153978401019,33,-0.10759375181823708,WLS,5,2.21203422688665e-06
1,B_svc,2,0.176200397527319,33,0.17618784178147667,WLS,5,1.2555745842329769e-05
2,UPFC_Vsh,5-15,1.111181235132105,33,1.1115344568080843,WLS,5,0.0003532216759791762
3,UPFC_tsh,5-15,-0.23649145634627317,33,-0.23650317855655192,WLS,5,1.1722210278758416e-05
4,UPFC_Vse,5-15,0.05735137305581507,33,0.05803446996422508,WLS,5,0.000683096908410008
5,UPFC_tse,5-15,-2.1187384123606554,33,-2.1215839223104322,WLS,5,0.0028455099497768366
0,x_tcsc,1-14,-0.10758572471238019,34,-0.10759375181823708,WLS,5,8.027105856886485e-06
1,B_svc,2,0.17614962142755647,34,0.17618784178147667,WLS,5,3.8220353920204175e-05
2,UPFC_Vsh,5-15,1.1112530484255714,34,1.1115344568080843,WLS,5,0.00028140838251289324
3,UPFC_tsh,5-15,-0.23650427444785022,34,-0.23650317855655192,WLS,5,1.0958912982916846e-06
4,UPFC_Vse,5-15,0.05787602806351615,34,0.05803446996422508,WLS,5,0.00015844190070893327
5,UPFC_tse,5-15,-2.121459986954982,34,-2.1215839223104322,WLS,5,0.00012393535545029977
0,x_tcsc,1-14,-0.1075864061164928,35,-0.10759375181823708,WLS,5,7.34570174427962e-06
1,B_svc,2,0.17608977733375597,35,0.17618784178147667,WLS,5,9.806444772070266e-05
2,UPFC_Vsh,5-15,1.1114020097241668,35,1.1115344568080843,WLS,5,0.00013244708391746407
3,UPFC_tsh,5-15,-0.23644359026965805,35,-0.23650317855655192,WLS,5,5.958828689386908e-05
4,UPFC_Vse,5-15,0.057798539322055496,35,0.05803446996422508,WLS,5,0.00023593064216958365
5,UPFC_tse,5-15,-2.1192941285112163,35,-2.1215839223104322,WLS,5,0.0022897937992159
0,x_tcsc,1-14,-0.10759485247656286,36,-0.10759375181823708,WLS,5,1.100658325786652e-06
1,B_svc,2,0.17605957569758102,36,0.17618784178147667,WLS,5,0.0001282660838956562
2,UPFC_Vsh,5-15,1.1118279870228032,36,1.1115344568080843,WLS,5,0.0002935302147188956
3,UPFC_tsh,5-15,-0.23648349511262645,36,-0.23650317855655192,WLS,5,1.9683443925472277e-05
4,UPFC_Vse,5-15,0.05768528854342264,36,0.05803446996422508,WLS,5,0.0003491814208024385
5,UPFC_tse,5-15,-2.122725646385535,36,-2.1215839223104322,WLS,5,0.0011417240751026014
0,x_tcsc,1-14,-0.10759621879251627,37,-0.10759375181823708,WLS,5,2.466974279191625e-06
1,B_svc,2,0.17644271054875732,37,0.17618784178147667,WLS,5,0.0002548687672806471
2,UPFC_Vsh,5-15,1.1116491202048373,37,1.1115344568080843,WLS,5,0.00011466339675303416
3,UPFC_tsh,5-15,-0.23647276093123365,37,-0.23650317855655192,WLS,5,3.041762531827419e-05
4,UPFC_Vse,5-15,0.057913687775994586,37,0.05803446996422508,WLS,5,0.00012078218823049353
5,UPFC_tse,5-15,-2.1217602246835336,37,-2.1215839223104322,WLS,5,0.00017630237310140018
0,x_tcsc,1-14,-0.10758644344430872,38,-0.10759375181823708,WLS,5,7.308373928358036e-06
1,B_svc,2,0.17632053311200635,38,0.17618784178147667,WLS,5,0.0001326913305296773
2,UPFC_Vsh,5-15,1.1115504698937375,38,1.1115344568080843,WLS,5,1.6013085653243664e-05
3,UPFC_tsh,5-15,-0.23646507754274088,38,-0.23650317855655192,WLS,5,3.8101013811048245e-05
4,UPFC_Vse,5-15,0.05751456915846851,38,0.05803446996422508,WLS,5,0.0005199008057565693
5,UPFC_tse,5-15,-2.1224423344592966,38,-2.1215839223104322,WLS,5,0.0008584121488643959
0,x_tcsc,1-14,-0.10759013354954804,39,-0.10759375181823708,WLS,5,3.6182686890401383e-06
1,B_svc,2,0.17619368026089055,39,0.17618784178147667,WLS,5,5.838479413877717e-06
2,UPFC_Vsh,5-15,1.1115336733840746,39,1.1115344568080843,WLS,5,7.834240096649125e-07
3,UPFC_tsh,5-15,-0.2364631927710973,39,-0.23650317855655192,WLS,5,3.99857854546104e-05
4,UPFC_Vse,5-15,0.05710287966828036,39,0.05803446996422508,WLS,5,0.0009315902959447231
5,UPFC_tse,5-15,-2.121410311710919,39,-2.1215839223104322,WLS,5,0.0001736105995133741
0,x_tcsc,1-14,-0.1076045368281886,40,-0.10759375181823708,WLS,5,1.0785009951524982e-05
1,B_svc,2,0.176616720795214,40,0.17618784178147667,WLS,5,0.0004288790137373377
2,UPFC_Vsh,5-15,1.1114373847338201,40,1.1115344568080843,WLS,5,9.707207426412623e-05
3,UPFC_tsh,5-15,-0.23649618262355288,40,-0.23650317855655192,WLS,5,6.995932999048771e-06
4,UPFC_Vse,5-15,0.05799113504642674,40,0.05803446996422508,WLS,5,4.333491779834331e-05
5,UPFC_tse,5-15,-2.121958021231294,40,-2.1215839223104322,WLS,5,0.00037409892086159857
0,x_tcsc,1-14,-0.1075853767770532,41,-0.10759375181823708,WLS,5,8.37504118388066e-06
1,B_svc,2,0.1760461247417261,41,0.17618784178147667,WLS,5,0.00014171703975057737
2,UPFC_Vsh,5-15,1.111274881491064,41,1.1115344568080843,WLS,5,0.00025957531702025527
3,UPFC_tsh,5-15,-0.23650600200429076,41,-0.23650317855655192,WLS,5,2.823447738831142e-06
4,UPFC_Vse,5-15,0.057263802510394174,41,0.05803446996422508,WLS,5,0.0007706674538309061
5,UPFC_tse,5-15,-2.1203528869745756,41,-2.1215839223104322,WLS,5,0.0012310353358566672
0,x_tcsc,1-14,-0.1075696626926994,42,-0.10759375181823708,WLS,5,2.4089125537682388e-05
1,B_svc,2,0.17637199617216734,42,0.17618784178147667,WLS,5,0.0001841543906906662
2,UPFC_Vsh,5-15,1.1116386015077477,42,1.1115344568080843,WLS,5,0.00010414469966346651
3,UPFC_tsh,5-15,-0.2365042456445105,42,-0.23650317855655192,WLS,5,1.06708795857835e-06
4,UPFC_Vse,5-15,0.0575672664792797,42,0.05803446996422508,WLS,5,0.00046720348494538183
5,UPFC_tse,5-15,-2.124976906714343,42,-2.1215839223104322,WLS,5,0.0033929844039106705
0,x_tcsc,1-14,-0.10758414367949848,43,-0.10759375181823708,WLS,5,9.608138738598226e-06
1,B_svc,2,0.17610010636425008,43,0.17618784178147667,WLS,5,8.773541722659206e-05
2,UPFC_Vsh,5-15,1.111414891488859,43,1.1115344568080843,WLS,5,0.00011956531922518998
3,UPFC_tsh,5-15,-0.2364280710609323,43,-0.23650317855655192,WLS,5,7.51074956196196e-05
4,UPFC_Vse,5-15,0.05771768073389391,43,0.05803446996422508,WLS,5,0.0003167892303311687
5,UPFC_tse,5-15,-2.1192815581109548,43,-2.1215839223104322,WLS,5,0.0023023641994774913
0,x_tcsc,1-14,-0.10760647350855357,44,-0.10759375181823708,WLS,5,1.272169031649173e-05
1,B_svc,2,0.1762776001731935,44,0.17618784178147667,WLS,5,8.975839171682098e-05
2,UPFC_Vsh,5-15,1.1114388169794975,44,1.1115344568080843,WLS,5,9.563982858673548e-05
3,UPFC_tsh,5-15,-0.2364504928869049,44,-0.23650317855655192,WLS,5,5.268566964702903e-05
4,UPFC_Vse,5-15,0.05826245612240622,44,0.05803446996422508,WLS,5,0.00022798615818114126
5,UPFC_tse,5-15,-2.114255373314965,44,-2.1215839223104322,WLS,5,0.007328548995467088
0,x_tcsc,1-14,-0.10759373908592709,45,-0.10759375181823708,WLS,5,1.2732309984109236e-08
1,B_svc,2,0.17616916476770653,45,0.17618784178147667,WLS,5,1.867701377014641e-05
2,UPFC_Vsh,5-15,1.111673656776204,45,1.1115344568080843,WLS,5,0.0001391999681197298
3,UPFC_tsh,5-15,-0.2364346449226325,45,-0.23650317855655192,WLS,5,6.853363391942646e-05
4,UPFC_Vse,5-15,0.05764615934257746,45,0.05803446996422508,WLS,5,0.00038831062164761815
5,UPFC_tse,5-15,-2.1178346615938515,45,-2.1215839223104322,WLS,5,0.003749260716580771
0,x_tcsc,1-14,-0.10759450827600671,46,-0.10759375181823708,WLS,5,7.564577696322905e-07
1,B_svc,2,0.17651612451796309,46,0.17618784178147667,WLS,5,0.0003282827364864127
2,UPFC_Vsh,5-15,1.111524693749288,46,1.1115344568080843,WLS,5,9.76305879629713e-06
3,UPFC_tsh,5-15,-0.23648581157335666,46,-0.23650317855655192,WLS,5,1.7366983195266084e-05
4,UPFC_Vse,5-15,0.057285721162362364,46,0.05803446996422508,WLS,5,0.0007487488018627156
5,UPFC_tse,5-15,-2.119934042921033,46,-2.1215839223104322,WLS,5,0.0016498793893990893
0,x_tcsc,1-14,-0.10759570304175058,47,-0.10759375181823708,WLS,5,1.9512235134994116e-06
1,B_svc,2,0.17614524712238366,47,0.17618784178147667,WLS,5,4.25946590930093e-05
2,UPFC_Vsh,5-15,1.1116848700133293,47,1.1115344568080843,WLS,5,0.00015041320524500357
3,UPFC_tsh,5-15,-0.23650800286646598,47,-0.23650317855655192,WLS,5,4.824309914053249e-06
4,UPFC_Vse,5-15,0.058126722311421256,47,0.05803446996422508,WLS,5,9.225234719617559e-05
5,UPFC_tse,5-15,-2.121153765124824,47,-2.1215839223104322,WLS,5,0.00043015718560823757
0,x_tcsc,1-14,-0.10760428934449674,48,-0.10759375181823708,WLS,5,1.0537526259665753e-05
1,B_svc,2,0.1766121995503256,48,0.17618784178147667,WLS,5,0.0004243577688489153
2,UPFC_Vsh,5-15,1.111380822056405,48,1.1115344568080843,WLS,5,0.00015363475167928797
3,UPFC_tsh,5-15,-0.23648154261174745,48,-0.23650317855655192,WLS,5,2.1635944804476726e-05
4,UPFC_Vse,5-15,0.057705897930111646,48,0.05803446996422508,WLS,5,0.0003285720341134335
5,UPFC_tse,5-15,-2.1217595143506998,48,-2.1215839223104322,WLS,5,0.00017559204026751374
0,x_tcsc,1-14,-0.10759320795127995,49,-0.10759375181823708,WLS,5,5.438669571228294e-07
1,B_svc,2,0.17621837680205465,49,0.17618784178147667,WLS,5,3.0535020577981964e-05
2,UPFC_Vsh,5-15,1.111808920274264,49,1.1115344568080843,WLS,5,0.000274463466179764
3,UPFC_tsh,5-15,-0.2364413836560751,49,-0.23650317855655192,WLS,5,6.179490047683589e-05
4,UPFC_Vse,5-15,0.057352626496491844,49,0.05803446996422508,WLS,5,0.0006818434677332355
5,UPFC_tse,5-15,-2.120632150881709,49,-2.1215839223104322,WLS,5,0.0009517714287232693
0,x_tcsc,1-14,-0.10759328179022935,50,-0.10759375181823708,WLS,5,4.7002800772355524e-07
1,B_svc,2,0.1760511576742394,50,0.17618784178147667,WLS,5,0.00013668410723727265
2,UPFC_Vsh,5-15,1.1112590688508321,50,1.1115344568080843,WLS,5,0.0002753879572521267
3,UPFC_tsh,5-15,-0.2364560823306163,50,-0.23650317855655192,WLS,5,4.709622593562779e-05
4,UPFC_Vse,5-15,0.05762631800904261,50,0.05803446996422508,WLS,5,0.00040815195518247027
5,UPFC_tse,5-15,-2.1214624366363455,50,-2.1215839223104322,WLS,5,0.00012148567408676314
0,x_tcsc,1-14,-0.10759295522836276,51,-0.10759375181823708,WLS,5,7.965898743134137e-07
1,B_svc,2,0.1765124731704107,51,0.17618784178147667,WLS,5,0.0003246313889340158
2,UPFC_Vsh,5-15,1.1114102838827142,51,1.1115344568080843,WLS,5,0.00012417292537003632
3,UPFC_tsh,5-15,-0.2364651413280331,51,-0.23650317855655192,WLS,5,3.803722851883351e-05
4,UPFC_Vse,5-15,0.057772054826295126,51,0.05803446996422508,WLS,5,0.00026241513792995413
5,UPFC_tse,5-15,-2.121346648504016,51,-2.1215839223104322,WLS,5,0.00023727380641602736
0,x_tcsc,1-14,-0.10759004808824224,52,-0.10759375181823708,WLS,5,3.703729994836147e-06
1,B_svc,2,0.17643786554561822,52,0.17618784178147667,WLS,5,0.0002500237641415437
2,UPFC_Vsh,5-15,1.1114911934226641,52,1.1115344568080843,WLS,5,4.326338542015584e-05
3,UPFC_tsh,5-15,-0.23649187219780296,52,-0.23650317855655192,WLS,5,1.1306358748963685e-05
4,UPFC_Vse,5-15,0.05774762424901543,52,0.05803446996422508,WLS,5,0.0002868457152096493
5,UPFC_tse,5-15,-2.119548341523843,52,-2.1215839223104322,WLS,5,0.002035580786589275
0,x_tcsc,1-14,-0.1075725009189437,53,-0.10759375181823708,WLS,5,2.1250899293376313e-05
1,B_svc,2,0.17589823260364548,53,0.17618784178147667,WLS,5,0.00028960917783119045
2,UPFC_Vsh,5-15,1.111695458718194,53,1.1115344568080843,WLS,5,0.00016100191010970377
3,UPFC_tsh,5-15,-0.2364352734103705,53,-0.23650317855655192,WLS,5,6.790514618143506e-05
4,UPFC_Vse,5-15,0.05736425879170178,53,0.05803446996422508,WLS,5,0.0006702111725232981
5,UPFC_tse,5-15,-2.122840397406902,53,-2.1215839223104322,WLS,5,0.0012564750964698668
0,x_tcsc,1-14,-0.10758160893587224,54,-0.10759375181823708,WLS,5,1.2142882364840624e-05
1,B_svc,2,0.17681009213367493,54,0.17618784178147667,WLS,5,0.0006222503521982614
2,UPFC_Vsh,5-15,1.111598329895969,54,1.1115344568080843,WLS,5,6.387308788480262e-05
3,UPFC_tsh,5-15,-0.2364637080381654,54,-0.23650317855655192,WLS,5,3.947051838651405e-05
4,UPFC_Vse,5-15,0.057422308899876866,54,0.05803446996422508,WLS,5,0.0006121610643482142
5,UPFC_tse,5-15,-2.121849750020877,54,-2.1215839223104322,WLS,5,0.00026582771044481035
0,x_tcsc,1-14,-0.1075913170951811,55,-0.10759375181823708,WLS,5,2.4347230559718103e-06
1,B_svc,2,0.176168578353524,55,0.17618784178147667,WLS,5,1.926342795266489e-05
2,UPFC_Vsh,5-15,1.1114989990655408,55,1.1115344568080843,WLS,5,3.545774254343215e-05
3,UPFC_tsh,5-15,-0.23648362921390154,55,-0.23650317855655192,WLS,5,1.954934265038788e-05
4,UPFC_Vse,5-15,0.05787964303344302,55,0.05803446996422508,WLS,5,0.00015482693078205934
5,UPFC_tse,5-15,-2.119395631347425,55,-2.1215839223104322,WLS,5,0.002188290963007322
0,x_tcsc,1-14,-0.10758494794792622,56,-0.10759375181823708,WLS,5,8.803870310852835e-06
1,B_svc,2,0.1767523613113791,56,0.17618784178147667,WLS,5,0.0005645195299024408
2,UPFC_Vsh,5-15,1.1108650408104108,56,1.1115344568080843,WLS,5,0.0006694159976734504
3,UPFC_tsh,5-15,-0.23649943111944163,56,-0.23650317855655192,WLS,5,3.7474371102907966e-06
4,UPFC_Vse,5-15,0.05749172883363453,56,0.05803446996422508,WLS,5,0.0005427411305905516
5,UPFC_tse,5-15,-2.1186438921204283,56,-2.1215839223104322,WLS,5,0.002940030190003995
0,x_tcsc,1-14,-0.10758446060067266,57,-0.10759375181823708,WLS,5,9.291217564419418e-06
1,B_svc,2,0.17598339648400624,57,0.17618784178147667,WLS,5,0.00020444529747043472
2,UPFC_Vsh,5-15,1.1115996114080493,57,1.1115344568080843,WLS,5,6.515459996503381e-05
3,UPFC_tsh,5-15,-0.2364634915672809,57,-0.23650317855655192,WLS,5,3.96869892710372e-05
4,UPFC_Vse,5-15,0.05793448236070882,57,0.05803446996422508,WLS,5,9.998760351626057e-05
5,UPFC_tse,5-15,-2.1199887177953225,57,-2.1215839223104322,WLS,5,0.0015952045151097494
0,x_tcsc,1-14,-0.10758868431692561,58,-0.10759375181823708,WLS,5,5.067501311462053e-06
1,B_svc,2,0.17618146637565468,58,0.17618784178147667,WLS,5,6.375405821990032e-06
2,UPFC_Vsh,5-15,1.11150566407069,58,1.1115344568080843,WLS,5,2.8792737394311985e-05
3,UPFC_tsh,5-15,-0.23651636332518688,58,-0.23650317855655192,WLS,5,1.3184768634960653e-05
4,UPFC_Vse,5-15,0.05724304712699375,58,0.05803446996422508,WLS,5,0.0007914228372313328
5,UPFC_tse,5-15,-2.1219206682509406,58,-2.1215839223104322,WLS,5,0.00033674594050836504
0,x_tcsc,1-14,-0.10759066498230352,59,-0.10759375181823708,WLS,5,3.086835933557852e-06
1,B_svc,2,0.1761695347388009,59,0.17618784178147667,WLS,5,1.8307042675774765e-05
2,UPFC_Vsh,5-15,1.111336206934723,59,1.1115344568080843,WLS,5,0.00019824987336125588
3,UPFC_tsh,5-15,-0.236462992453354,59,-0.23650317855655192,WLS,5,4.018610319792004e-05
4,UPFC_Vse,5-15,0.05788408883088156,59,0.05803446996422508,WLS,5,0.00015038113334352177
5,UPFC_tse,5-15,-2.117578471124064,59,-2.1215839223104322,WLS,5,0.004005451186368081
0,x_tcsc,1-14,-0.10758400288605152,60,-0.10759375181823708,WLS,5,9.748932185554837e-06
1,B_svc,2,0.17635155533334307,60,0.17618784178147667,WLS,5,0.0001637135518663957
2,UPFC_Vsh,5-15,1.111781644045261,60,1.1115344568080843,WLS,5,0.0002471872371767603
3,UPFC_tsh,5-15,-0.23641081414253792,60,-0.23650317855655192,WLS,5,9.23644140140012e-05
4,UPFC_Vse,5-15,0.057866681173708794,60,0.05803446996422508,WLS,5,0.00016778879051628642
5,UPFC_tse,5-15,-2.1178998956236135,60,-2.1215839223104322,WLS,5,0.0036840266868187754
0,x_tcsc,1-14,-0.10760121717391921,61,-0.10759375181823708,WLS,5,7.465355682134689e-06
1,B_svc,2,0.1758032386043761,61,0.17618784178147667,WLS,5,0.00038460317710056757
2,UPFC_Vsh,5-15,1.1119702716919422,61,1.1115344568080843,WLS,5,0.0004358148838579101
3,UPFC_tsh,5-15,-0.23646359951503068,61,-0.23650317855655192,WLS,5,3.95790415212427e-05
4,UPFC_Vse,5-15,0.05794477748114609,61,0.05803446996422508,WLS,5,8.969248307898886e-05
5,UPFC_tse,5-15,-2.1211850011077305,61,-2.1215839223104322,WLS,5,0.0003989212027017963
0,x_tcsc,1-14,-0.10759038861754718,62,-0.10759375181823708,WLS,5,3.36320068990148e-06
1,B_svc,2,0.17643301312943313,62,0.17618784178147667,WLS,5,0.0002451713479564577
2,UPFC_Vsh,5-15,1.1114246943482604,62,1.1115344568080843,WLS,5,0.0001097624598238589
3,UPFC_tsh,5-15,-0.23641953690270845,62,-0.23650317855655192,WLS,5,8.364165384347477e-05
4,UPFC_Vse,5-15,0.05788799273492923,62,0.05803446996422508,WLS,5,0.00014647722929585216
5,UPFC_tse,5-15,-2.1219859620466046,62,-2.1215839223104322,WLS,5,0.000402039736172366
0,x_tcsc,1-14,-0.10759965737109431,63,-0.10759375181823708,WLS,5,5.90555285723271e-06
1,B_svc,2,0.17626438887811277,63,0.17618784178147667,WLS,5,7.654709663609816e-05
2,UPFC_Vsh,5-15,1.111511516092825,63,1.1115344568080843,WLS,5,2.294071525921204e-05
3,UPFC_tsh,5-15,-0.23646796182546262,63,-0.23650317855655192,WLS,5,3.521673108930479e-05
4,UPFC_Vse,5-15,0.05756050597155781,63,0.05803446996422508,WLS,5,0.0004739639926672687
5,UPFC_tse,5-15,-2.122703465244969,63,-2.1215839223104322,WLS,5,0.0011195429345365326
0,x_tcsc,1-14,-0.10758618490319148,64,-0.10759375181823708,WLS,5,7.566915045595368e-06
1,B_svc,2,0.17649460196315198,64,0.17618784178147667,WLS,5,0.00030676018167530295
2,UPFC_Vsh,5-15,1.1116675320404557,64,1.1115344568080843,WLS,5,0.0001330752323713824
3,UPFC_tsh,5-15,-0.23648034653793215,64,-0.23650317855655192,WLS,5,2.2832018619772798e-05
4,UPFC_Vse,5-15,0.05796137907876953,64,0.05803446996422508,WLS,5,7.309088545554704e-05
5,UPFC_tse,5-15,-2.124113544576897,64,-2.1215839223104322,WLS,5,0.0025296222664645818
0,x_tcsc,1-14,-0.10760376527573964,65,-0.10759375181823708,WLS,5,1.001345750256677e-05
1,B_svc,2,0.17608863263530672,65,0.17618784178147667,WLS,5,9.920914616995402e-05
2,UPFC_Vsh,5-15,1.1116123655000816,65,1.1115344568080843,WLS,5,7.790869199730821e-05
3,UPFC_tsh,5-15,-0.23645885296667746,65,-0.23650317855655192,WLS,5,4.432558987446655e-05
4,UPFC_Vse,5-15,0.057676085010241504,65,0.05803446996422508,WLS,5,0.00035838495398357595
5,UPFC_tse,5-15,-2.118683463959671,65,-2.1215839223104322,WLS,5,0.002900458350761248
0,x_tcsc,1-14,-0.10759549642067487,66,-0.10759375181823708,WLS,5,1.7446024377920644e-06
1,B_svc,2,0.17639102750547284,66,0.17618784178147667,WLS,5,0.0002031857239961632
2,UPFC_Vsh,5-15,1.1117627939570853,66,1.1115344568080843,WLS,5,0.00022833714900105662
3,UPFC_tsh,5-15,-0.23652293776257505,66,-0.23650317855655192,WLS,5,1.975920602312331e-05
4,UPFC_Vse,5-15,0.05802266815149164,66,0.05803446996422508,WLS,5,1.180181273344183e-05
5,UPFC_tse,5-15,-2.1193272628195543,66,-2.1215839223104322,WLS,5,0.0022566594908779436
0,x_tcsc,1-14,-0.10760318871575014,67,-0.10759375181823708,WLS,5,9.436897513065423e-06
1,B_svc,2,0.1759091055703153,67,0.17618784178147667,WLS,5,0.0002787362111613678
2,UPFC_Vsh,5-15,1.1114605049770092,67,1.1115344568080843,WLS,5,7.395183107505865e-05
3,UPFC_tsh,5-15,-0.23652734207337262,67,-0.23650317855655192,WLS,5,2.4163516820691067e-05
4,UPFC_Vse,5-15,0.05771555017683997,67,0.05803446996422508,WLS,5,0.00031891978738510934
5,UPFC_tse,5-15,-2.1221535567412007,67,-2.1215839223104322,WLS,5,0.0005696344307684065
0,x_tcsc,1-14,-0.10757760896853208,68,-0.10759375181823708,WLS,5,1.6142849704997575e-05
1,B_svc,2,0.176409807263198,68,0.17618784178147667,WLS,5,0.00022196548172132013
2,UPFC_Vsh,5-15,1.111542279247833,68,1.1115344568080843,WLS,5,7.822439748839116e-06
3,UPFC_tsh,5-15,-0.2364635955512214,68,-0.23650317855655192,WLS,5,3.95830053305235e-05
4,UPFC_Vse,5-15,0.05790667050084089,68,0.05803446996422508,WLS,5,0.00012779946338419002
5,UPFC_tse,5-15,-2.1202163969584933,68,-2.1215839223104322,WLS,5,0.0013675253519389585
0,x_tcsc,1-14,-0.10758572645751834,69,-0.10759375181823708,WLS,5,8.025360718741381e-06
1,B_svc,2,0.17665351478302527,69,0.17618784178147667,WLS,5,0.00046567300154859437
2,UPFC_Vsh,5-15,1.111533236696561,69,1.1115344568080843,WLS,5,1.2201115233700932e-06
3,UPFC_tsh,5-15,-0.2365107482656101,69,-0.23650317855655192,WLS,5,7.569709058186103e-06
4,UPFC_Vse,5-15,0.05766710338319664,69,0.05803446996422508,WLS,5,0.00036736658102844155
5,UPFC_tse,5-15,-2.119553558880972,69,-2.1215839223104322,WLS,5,0.00203036342946028
0,x_tcsc,1-14,-0.10758139113523124,70,-0.10759375181823708,WLS,5,1.2360683005835371e-05
1,B_svc,2,0.1759480793472566,70,0.17618784178147667,WLS,5,0.00023976243422008103
2,UPFC_Vsh,5-15,1.1112285277447482,70,1.1115344568080843,WLS,5,0.0003059290633360412
3,UPFC_tsh,5-15,-0.23653271884534588,70,-0.23650317855655192,WLS,5,2.9540288793955538e-05
4,UPFC_Vse,5-15,0.05795712243132297,70,0.05803446996422508,WLS,5,7.734753290210977e-05
5,UPFC_tse,5-15,-2.1193301972881815,70,-2.1215839223104322,WLS,5,0.002253725022250741
0,x_tcsc,1-14,-0.10757707648828597,71,-0.10759375181823708,WLS,5,1.667532995110188e-05
1,B_svc,2,0.1761229605826657,71,0.17618784178147667,WLS,5,6.488119881098431e-05
2,UPFC_Vsh,5-15,1.1112596649981914,71,1.1115344568080843,WLS,5,0.00027479180989287144
3,UPFC_tsh,5-15,-0.23644499594750554,71,-0.23650317855655192,WLS,5,5.818260904638661e-05
4,UPFC_Vse,5-15,0.05786039839334778,71,0.05803446996422508,WLS,5,0.00017407157087730163
5,UPFC_tse,5-15,-2.1211733135044684,71,-2.1215839223104322,WLS,5,0.0004106088059638857
0,x_tcsc,1-14,-0.10759904067977469,72,-0.10759375181823708,WLS,5,5.288861537611211e-06
1,B_svc,2,0.17648184226592967,72,0.17618784178147667,WLS,5,0.0002940004844529942
2,UPFC_Vsh,5-15,1.1115055833229386,72,1.1115344568080843,WLS,5,2.8873485145686217e-05
3,UPFC_tsh,5-15,-0.23650624375257628,72,-0.23650317855655192,WLS,5,3.0651960243599508e-06
4,UPFC_Vse,5-15,0.05761658862145473,72,0.05803446996422508,WLS,5,0.0004178813427703487
5,UPFC_tse,5-15,-2.1211955220632697,72,-2.1215839223104322,WLS,5,0.00038840024716257915
0,x_tcsc,1-14,-0.1075788750888786,73,-0.10759375181823708,WLS,5,1.4876729358473395e-05
1,B_svc,2,0.17637106419586374,73,0.17618784178147667,WLS,5,0.0001832224143870631
2,UPFC_Vsh,5-15,1.1114212629302611,73,1.1115344568080843,WLS,5,0.00011319387782315893
3,UPFC_tsh,5-15,-0.23643347502619785,73,-0.23650317855655192,WLS,5,6.970353035407051e-05
4,UPFC_Vse,5-15,0.05743389796145072,73,0.05803446996422508,WLS,5,0.0006005720027743577
5,UPFC_tse,5-15,-2.1235103095966537,73,-2.1215839223104322,WLS,5,0.0019263872862214093
0,x_tcsc,1-14,-0.10758649232739122,74,-0.10759375181823708,WLS,5,7.259490845859529e-06
1,B_svc,2,0.17640246003607377,74,0.17618784178147667,WLS,5,0.00021461825459709316
2,UPFC_Vsh,5-15,1.111598591560543,74,1.1115344568080843,WLS,5,6.413475245881095e-05
3,UPFC_tsh,5-15,-0.23651204737148898,74,-0.23650317855655192,WLS,5,8.86881493705749e-06
4,UPFC_Vse,5-15,0.05759120101130376,74,0.05803446996422508,WLS,5,0.00044326895292132185
5,UPFC_tse,5-15,-2.119675858160284,74,-2.1215839223104322,WLS,5,0.0019080641501481033
0,x_tcsc,1-14,-0.10759949966903865,75,-0.10759375181823708,WLS,5,5.747850801568477e-06
1,B_svc,2,0.17618462336058216,75,0.17618784178147667,WLS,5,3.2184208945129633e-06
2,UPFC_Vsh,5-15,1.111361877015825,75,1.1115344568080843,WLS,5,0.00017257979225937525
3,UPFC_tsh,5-15,-0.23642895120040272,75,-0.23650317855655192,WLS,5,7.42273561492035e-05
4,UPFC_Vse,5-15,0.05767461353376271,75,0.05803446996422508,WLS,5,0.00035985643046237276
5,UPFC_tse,5-15,-2.1190656479105145,75,-2.1215839223104322,WLS,5,0.002518274399917697
0,x_tcsc,1-14,-0.10758402903703404,76,-0.10759375181823708,WLS,5,9.72278120303649e-06
1,B_svc,2,0.1765362599253777,76,0.17618784178147667,WLS,5,0.0003484181439010192
2,UPFC_Vsh,5-15,1.1118870581877907,76,1.1115344568080843,WLS,5,0.0003526013797063854
3,UPFC_tsh,5-15,-0.2364439154821301,76,-0.23650317855655192,WLS,5,5.926307442183365e-05
4,UPFC_Vse,5-15,0.0578708591826901,76,0.05803446996422508,WLS,5,0.00016361078153497716
5,UPFC_tse,5-15,-2.1199943625833235,76,-2.1215839223104322,WLS,5,0.0015895597271087247
0,x_tcsc,1-14,-0.10758802124288312,77,-0.10759375181823708,WLS,5,5.730575353954381e-06
1,B_svc,2,0.17630543451627428,77,0.17618784178147667,WLS,5,0.00011759273479761134
2,UPFC_Vsh,5-15,1.1114271774242828,77,1.1115344568080843,WLS,5,0.00010727938380150626
3,UPFC_tsh,5-15,-0.23647284005783697,77,-0.23650317855655192,WLS,5,3.033849871494909e-05
4,UPFC_Vse,5-15,0.057910177981682485,77,0.05803446996422508,WLS,5,0.0001242919825425945
5,UPFC_tse,5-15,-2.117342034928588,77,-2.1215839223104322,WLS,5,0.004241887381844389
0,x_tcsc,1-14,-0.10761302329879045,78,-0.10759375181823708,WLS,5,1.927148055337613e-05
1,B_svc,2,0.17593456323501025,78,0.17618784178147667,WLS,5,0.00025327854646642334
2,UPFC_Vsh,5-15,1.1114929466032035,78,1.1115344568080843,WLS,5,4.151020488074586e-05
3,UPFC_tsh,5-15,-0.23639690474156458,78,-0.23650317855655192,WLS,5,0.00010627381498734545
4,UPFC_Vse,5-15,0.05770471720586956,78,0.05803446996422508,WLS,5,0.00032975275835551987
5,UPFC_tse,5-15,-2.12170972421374,78,-2.1215839223104322,WLS,5,0.0001258019033079094
0,x_tcsc,1-14,-0.1075864045656707,79,-0.10759375181823708,WLS,5,7.347252566375362e-06
1,B_svc,2,0.17631073589375137,79,0.17618784178147667,WLS,5,0.00012289411227470182
2,UPFC_Vsh,5-15,1.1113909229505277,79,1.1115344568080843,WLS,5,0.0001435338575566103
3,UPFC_tsh,5-15,-0.236522204382371,79,-0.23650317855655192,WLS,5,1.902582581908563e-05
4,UPFC_Vse,5-15,0.057637130761883835,79,0.05803446996422508,WLS,5,0.0003973392023412445
5,UPFC_tse,5-15,-2.1197378786018386,79,-2.1215839223104322,WLS,5,0.0018460437085936476
0,x_tcsc,1-14,-0.10758735597828445,80,-0.10759375181823708,WLS,5,6.395839952627602e-06
1,B_svc,2,0.17624498390889967,80,0.17618784178147667,WLS,5,5.7142127422998845e-05
2,UPFC_Vsh,5-15,1.1113782008942998,80,1.1115344568080843,WLS,5,0.00015625591378443104
3,UPFC_tsh,5-15,-0.23653019929769628,80,-0.23650317855655192,WLS,5,2.702074114435682e-05
4,UPFC_Vse,5-15,0.05800559598699645,80,0.05803446996422508,WLS,5,2.8873977228630054e-05
5,UPFC_tse,5-15,-2.1210896628552693,80,-2.1215839223104322,WLS,5,0.0004942594551629043
0,x_tcsc,1-14,-0.10760121504850911,81,-0.10759375181823708,WLS,5,7.463230272036769e-06
1,B_svc,2,0.1761435649075907,81,0.17618784178147667,WLS,5,4.4276873885973345e-05
2,UPFC_Vsh,5-15,1.1114962453196,81,1.1115344568080843,WLS,5,3.8211488484263256e-05
3,UPFC_tsh,5-15,-0.2364458579334436,81,-0.23650317855655192,WLS,5,5.732062310831454e-05
4,UPFC_Vse,5-15,0.057223261278702066,81,0.05803446996422508,WLS,5,0.0008112086855230141
5,UPFC_tse,5-15,-2.1221497376695946,81,-2.1215839223104322,WLS,5,0.000565815359162336
0,x_tcsc,1-14,-0.10759762607912567,82,-0.10759375181823708,WLS,5,3.8742608885894425e-06
1,B_svc,2,0.1762572038680704,82,0.17618784178147667,WLS,5,6.936208659372167e-05
2,UPFC_Vsh,5-15,1.1116285967463608,82,1.1115344568080843,WLS,5,9.413993827656064e-05
3,UPFC_tsh,5-15,-0.23645167946269308,82,-0.23650317855655192,WLS,5,5.1499093858847766e-05
4,UPFC_Vse,5-15,0.05778734770027295,82,0.05803446996422508,WLS,5,0.0002471222639521334
5,UPFC_tse,5-15,-2.115949584720413,82,-2.1215839223104322,WLS,5,0.0056343375900191894
0,x_tcsc,1-14,-0.1075926617768052,83,-0.10759375181823708,WLS,5,1.0900414318809615e-06
1,B_svc,2,0.17680400138804697,83,0.17618784178147667,WLS,5,0.000616159606570299
2,UPFC_Vsh,5-15,1.111450699433313,83,1.1115344568080843,WLS,5,8.375737477117617e-05
3,UPFC_tsh,5-15,-0.2364814544468102,83,-0.23650317855655192,WLS,5,2.1724109741716457e-05
4,UPFC_Vse,5-15,0.05792717990768892,83,0.05803446996422508,WLS,5,0.00010729005653616064
5,UPFC_tse,5-15,-2.120124583659979,83,-2.1215839223104322,WLS,5,0.0014593386504531125
0,x_tcsc,1-14,-0.1075957097814664,84,-0.10759375181823708,WLS,5,1.9579632293265092e-06
1,B_svc,2,0.17625966235638488,84,0.17618784178147667,WLS,5,7.182057490820459e-05
2,UPFC_Vsh,5-15,1.111685289578448,84,1.1115344568080843,WLS,5,0.0001508327703636514
3,UPFC_tsh,5-15,-0.2364422089672346,84,-0.23650317855655192,WLS,5,6.0969589317311224e-05
4,UPFC_Vse,5-15,0.05805890438790801,84,0.05803446996422508,WLS,5,2.443442368293275e-05
5,UPFC_tse,5-15,-2.1220094328429258,84,-2.1215839223104322,WLS,5,0.00042551053249351156
0,x_tcsc,1-14,-0.10759604150704533,85,-0.10759375181823708,WLS,5,2.2896888082490907e-06
1,B_svc,2,0.17627184399273893,85,0.17618784178147667,WLS,5,8.400221126225738e-05
2,UPFC_Vsh,5-15,1.1116051740028619,85,1.1115344568080843,WLS,5,7.071719477758087e-05
3,UPFC_tsh,5-15,-0.23645372048942276,85,-0.23650317855655192,WLS,5,4.945806712916556e-05
4,UPFC_Vse,5-15,0.05760836376373833,85,0.05803446996422508,WLS,5,0.00042610620048674774
5,UPFC_tse,5-15,-2.1212917183070648,85,-2.1215839223104322,WLS,5,0.0002922040033674911
0,x_tcsc,1-14,-0.10758538841267473,86,-0.10759375181823708,WLS,5,8.363405562344939e-06
1,B_svc,2,0.17628090898920512,86,0.17618784178147667,WLS,5,9.306720772844779e-05
2,UPFC_Vsh,5-15,1.1114204387970503,86,1.1115344568080843,WLS,5,0.00011401801103394504
3,UPFC_tsh,5-15,-0.23646027853299972,86,-0.23650317855655192,WLS,5,4.290002355220035e-05
4,UPFC_Vse,5-15,0.05786335213729577,86,0.05803446996422508,WLS,5,0.00017111782692930816
5,UPFC_tse,5-15,-2.1208369717323605,86,-2.1215839223104322,WLS,5,0.0007469505780717256
0,x_tcsc,1-14,-0.10760667167223555,87,-0.10759375181823708,WLS,5,1.2919853998469288e-05
1,B_svc,2,0.17633228498651465,87,0.17618784178147667,WLS,5,0.0001444432050379807
2,UPFC_Vsh,5-15,1.111166628101387,87,1.1115344568080843,WLS,5,0.00036782870669727075
3,UPFC_tsh,5-15,-0.2365268432531481,87,-0.23650317855655192,WLS,5,2.3664696596176205e-05
4,UPFC_Vse,5-15,0.057475210063400776,87,0.05803446996422508,WLS,5,0.0005592599008243035
5,UPFC_tse,5-15,-2.120234206683523,87,-2.1215839223104322,WLS,5,0.0013497156269091093
0,x_tcsc,1-14,-0.10758153493670224,88,-0.10759375181823708,WLS,5,1.2216881534840573e-05
1,B_svc,2,0.1768947759363138,88,0.17618784178147667,WLS,5,0.0007069341548371355
2,UPFC_Vsh,5-15,1.1114613907819344,88,1.1115344568080843,WLS,5,7.306602614987057e-05
3,UPFC_tsh,5-15,-0.23648845505272542,88,-0.23650317855655192,WLS,5,1.472350382650256e-05
4,UPFC_Vse,5-15,0.05755468187214879,88,0.05803446996422508,WLS,5,0.00047978809207629286
5,UPFC_tse,5-15,-2.118759334848902,88,-2.1215839223104322,WLS,5,0.002824587461530026
0,x_tcsc,1-14,-0.1075898943652026,89,-0.10759375181823708,WLS,5,3.857453034480929e-06
1,B_svc,2,0.17619165997615607,89,0.17618784178147667,WLS,5,3.818194679400255e-06
2,UPFC_Vsh,5-15,1.1118520243983283,89,1.1115344568080843,WLS,5,0.0003175675902440389
3,UPFC_tsh,5-15,-0.23651457683616198,89,-0.23650317855655192,WLS,5,1.139827961005313e-05
4,UPFC_Vse,5-15,0.057453351655967745,89,0.05803446996422508,WLS,5,0.0005811183082573348
5,UPFC_tse,5-15,-2.12060528357004,89,-2.1215839223104322,WLS,5,0.0009786387403920571
0,x_tcsc,1-14,-0.10760056179890477,90,-0.10759375181823708,WLS,5,6.809980667696336e-06
1,B_svc,2,0.17590088064720802,90,0.17618784178147667,WLS,5,0.000286961134268654
2,UPFC_Vsh,5-15,1.1112105298573869,90,1.1115344568080843,WLS,5,0.0003239269506973841
3,UPFC_tsh,5-15,-0.23640376599081586,90,-0.23650317855655192,WLS,5,9.941256573606227e-05
4,UPFC_Vse,5-15,0.05779372931193992,90,0.05803446996422508,WLS,5,0.00024074065228515962
5,UPFC_tse,5-15,-2.117457713105793,90,-2.1215839223104322,WLS,5,0.004126209204639242
0,x_tcsc,1-14,-0.10759113940957453,91,-0.10759375181823708,WLS,5,2.6124086625473053e-06
1,B_svc,2,0.17611335324396488,91,0.17618784178147667,WLS,5,7.448853751179652e-05
2,UPFC_Vsh,5-15,1.1117459493853,91,1.1115344568080843,WLS,5,0.00021149257721564396
3,UPFC_tsh,5-15,-0.236390165116541,91,-0.23650317855655192,WLS,5,0.00011301344001091174
4,UPFC_Vse,5-15,0.05735632979910621,91,0.05803446996422508,WLS,5,0.0006781401651188707
5,UPFC_tse,5-15,-2.1237752108620036,91,-2.1215839223104322,WLS,5,0.0021912885515713576
0,x_tcsc,1-14,-0.1075816091685235,92,-0.10759375181823708,WLS,5,1.2142649713581255e-05
1,B_svc,2,0.17621842546514785,92,0.17618784178147667,WLS,5,3.058368367117592e-05
2,UPFC_Vsh,5-15,1.1112830145803416,92,1.1115344568080843,WLS,5,0.0002514422277426487
3,UPFC_tsh,5-15,-0.23649756507978273,92,-0.23650317855655192,WLS,5,5.613476769195103e-06
4,UPFC_Vse,5-15,0.058266669450700054,92,0.05803446996422508,WLS,5,0.0002321994864749738
5,UPFC_tse,5-15,-2.1200571298472726,92,-2.1215839223104322,WLS,5,0.0015267924631596763
0,x_tcsc,1-14,-0.10758620331016844,93,-0.10759375181823708,WLS,5,7.548508068638826e-06
1,B_svc,2,0.17593163740294357,93,0.17618784178147667,WLS,5,0.00025620437853310363
2,UPFC_Vsh,5-15,1.1114622496433233,93,1.1115344568080843,WLS,5,7.220716476097344e-05
3,UPFC_tsh,5-15,-0.23643707093835675,93,-0.23650317855655192,WLS,5,6.610761819517141e-05
4,UPFC_Vse,5-15,0.05820853908938552,93,0.05803446996422508,WLS,5,0.00017406912516044343
5,UPFC_tse,5-15,-2.1189969609607777,93,-2.1215839223104322,WLS,5,0.0025869613496545263
0,x_tcsc,1-14,-0.10759296949781323,94,-0.10759375181823708,WLS,5,7.823204238449621e-07
1,B_svc,2,0.17582475886349327,94,0.17618784178147667,WLS,5,0.0003630829179833983
2,UPFC_Vsh,5-15,1.111276871601921,94,1.1115344568080843,WLS,5,0.00025758520616325775
3,UPFC_tsh,5-15,-0.236514874058469,94,-0.23650317855655192,WLS,5,1.1695501917069473e-05
4,UPFC_Vse,5-15,0.05719813032617415,94,0.05803446996422508,WLS,5,0.00083633963805093
5,UPFC_tse,5-15,-2.1204041274518293,94,-2.1215839223104322,WLS,5,0.0011797948586029783
0,x_tcsc,1-14,-0.10759034062636667,95,-0.10759375181823708,WLS,5,3.411191870403285e-06
1,B_svc,2,0.17626233199854208,95,0.17618784178147667,WLS,5,7.449021706540382e-05
2,UPFC_Vsh,5-15,1.1117308368920769,95,1.1115344568080843,WLS,5,0.00019638008399258666
3,UPFC_tsh,5-15,-0.23646900786123973,95,-0.23650317855655192,WLS,5,3.417069531219674e-05
4,UPFC_Vse,5-15,0.05815279327167471,95,0.05803446996422508,WLS,5,0.00011832330744963176
5,UPFC_tse,5-15,-2.120055490673808,95,-2.1215839223104322,WLS,5,0.0015284316366241946
0,x_tcsc,1-14,-0.1075802998108686,96,-0.10759375181823708,WLS,5,1.3452007368477958e-05
1,B_svc,2,0.17580873561789553,96,0.17618784178147667,WLS,5,0.0003791061635811388
2,UPFC_Vsh,5-15,1.1112902793656596,96,1.1115344568080843,WLS,5,0.00024417744242466455
3,UPFC_tsh,5-15,-0.2364470171085805,96,-0.23650317855655192,WLS,5,5.616144797143674e-05
4,UPFC_Vse,5-15,0.05731067691860017,96,0.05803446996422508,WLS,5,0.000723793045624907
5,UPFC_tse,5-15,-2.121288581809404,96,-2.1215839223104322,WLS,5,0.0002953405010281962
0,x_tcsc,1-14,-0.1075974155448025,97,-0.10759375181823708,WLS,5,3.6637265654199114e-06
1,B_svc,2,0.17663819046285442,97,0.17618784178147667,WLS,5,0.0004503486813777491
2,UPFC_Vsh,5-15,1.1114497868816613,97,1.1115344568080843,WLS,5,8.466992642297555e-05
3,UPFC_tsh,5-15,-0.23654965401010514,97,-0.23650317855655192,WLS,5,4.647545355321303e-05
4,UPFC_Vse,5-15,0.057945163666744945,97,0.05803446996422508,WLS,5,8.930629748013508e-05
5,UPFC_tse,5-15,-2.1194992050261314,97,-2.1215839223104322,WLS,5,0.002084717284300819
0,x_tcsc,1-14,-0.10757789453075722,98,-0.10759375181823708,WLS,5,1.5857287479853488e-05
1,B_svc,2,0.1761804755064026,98,0.17618784178147667,WLS,5,7.366275074083273e-06
2,UPFC_Vsh,5-15,1.111441667334033,98,1.1115344568080843,WLS,5,9.278947405122473e-05
3,UPFC_tsh,5-15,-0.23647800179235218,98,-0.23650317855655192,WLS,5,2.5176764199746904e-05
4,UPFC_Vse,5-15,0.05764607736260701,98,0.05803446996422508,WLS,5,0.00038839260161806916
5,UPFC_tse,5-15,-2.1194515479330533,98,-2.1215839223104322,WLS,5,0.0021323743773788983
0,x_tcsc,1-14,-0.10759303720050176,99,-0.10759375181823708,WLS,5,7.146177353201111e-07
1,B_svc,2,0.17647238169449092,99,0.17618784178147667,WLS,5,0.00028453991301424786
2,UPFC_Vsh,5-15,1.11193593349032,99,1.1115344568080843,WLS,5,0.0004014766822357796
3,UPFC_tsh,5-15,-0.23646192921075151,99,-0.23650317855655192,WLS,5,4.124934580040929e-05
4,UPFC_Vse,5-15,0.05822684584366744,99,0.05803446996422508,WLS,5,0.0001923758794423608
5,UPFC_tse,5-15,-2.1224315259555078,99,-2.1215839223104322,WLS,5,0.0008476036450755231
0,x_tcsc,1-14,-0.10631110839528285,0,-0.10627177274999698,WLS,7,3.933564528586786e-05
1,B_svc,2,0.17328186089081257,0,0.1737697612163251,WLS,7,0.00048790032551251916
2,UPFC_Vsh,5-15,1.1116047617291898,0,1.1111615739377885,WLS,7,0.0004431877914012894
3,UPFC_tsh,5-15,-0.23742212838529628,0,-0.23738078940175356,WLS,7,4.1338983542721364e-05
4,UPFC_Vse,5-15,0.05773868007071034,0,0.05887941255593789,WLS,7,0.001140732485227551
5,UPFC_tse,5-15,-2.1218660638910136,0,-2.13007471090317,WLS,7,0.008208647012156511
0,x_tcsc,1-14,-0.10630330049768255,1,-0.10627177274999698,WLS,7,3.152774768556965e-05
1,B_svc,2,0.1737701168512699,1,0.1737697612163251,WLS,7,3.556349447986218e-07
2,UPFC_Vsh,5-15,1.11130235542124,1,1.1111615739377885,WLS,7,0.0001407814834515353
3,UPFC_tsh,5-15,-0.23736058141695285,1,-0.23738078940175356,WLS,7,2.0207984800707512e-05
4,UPFC_Vse,5-15,0.05799410660240785,1,0.05887941255593789,WLS,7,0.0008853059535300425
5,UPFC_tse,5-15,-2.1206831637743413,1,-2.13007471090317,WLS,7,0.009391547128828837
0,x_tcsc,1-14,-0.10629240268711362,2,-0.10627177274999698,WLS,7,2.0629937116642405e-05
1,B_svc,2,0.17383054542327217,2,0.1737697612163251,WLS,7,6.0784206947078756e-05
2,UPFC_Vsh,5-15,1.111531347426172,2,1.1111615739377885,WLS,7,0.000369773488383629
3,UPFC_tsh,5-15,-0.2374249464398501,2,-0.23738078940175356,WLS,7,4.415703809654281e-05
4,UPFC_Vse,5-15,0.058120125639667,2,0.05887941255593789,WLS,7,0.0007592869162708904
5,UPFC_tse,5-15,-2.12372924328365,2,-2.13007471090317,WLS,7,0.00634546761952004
0,x_tcsc,1-14,-0.10630079592378688,3,-0.10627177274999698,WLS,7,2.9023173789902157e-05
1,B_svc,2,0.17296107350911796,3,0.1737697612163251,WLS,7,0.0008086877072071286
2,UPFC_Vsh,5-15,1.1116473036307823,3,1.1111615739377885,WLS,7,0.0004857296929938748
3,UPFC_tsh,5-15,-0.23737617262683236,3,-0.23738078940175356,WLS,7,4.61677492119561e-06
4,UPFC_Vse,5-15,0.0580221446489955,3,0.05887941255593789,WLS,7,0.0008572679069423911
5,UPFC_tse,5-15,-2.123081381805853,3,-2.13007471090317,WLS,7,0.00699332909731698
0,x_tcsc,1-14,-0.10630708571992183,4,-0.10627177274999698,WLS,7,3.531296992484445e-05
1,B_svc,2,0.17379366187024678,4,0.1737697612163251,WLS,7,2.3900653921687942e-05
2,UPFC_Vsh,5-15,1.1114144734161742,4,1.1111615739377885,WLS,7,0.00025289947838569304
3,UPFC_tsh,5-15,-0.23740634874993527,4,-0.23738078940175356,WLS,7,2.5559348181714014e-05
4,UPFC_Vse,5-15,0.05803461731253778,4,0.05887941255593789,WLS,7,0.0008447952434001149
5,UPFC_tse,5-15,-2.1234724665494356,4,-2.13007471090317,WLS,7,0.0066022443537345765
0,x_tcsc,1-14,-0.10629052631388301,5,-0.10627177274999698,WLS,7,1.8753563886031444e-05
1,B_svc,2,0.17370230565092737,5,0.1737697612163251,WLS,7,6.745556539772268e-05
2,UPFC_Vsh,5-15,1.1113569910538776,5,1.1111615739377885,WLS,7,0.00019541711608916934
3,UPFC_tsh,5-15,-0.23741027718529442,5,-0.23738078940175356,WLS,7,2.9487783540865786e-05
4,UPFC_Vse,5-15,0.057964781469666424,5,0.05887941255593789,WLS,7,0.0009146310862714682
5,UPFC_tse,5-15,-2.1228768060786147,5,-2.13007471090317,WLS,7,0.007197904824555401
0,x_tcsc,1-14,-0.10629992039990549,6,-0.10627177274999698,WLS,7,2.8147649908508154e-05
1,B_svc,2,0.17353948887223675,6,0.1737697612163251,WLS,7,0.00023027234408834474
2,UPFC_Vsh,5-15,1.1118013232821833,6,1.1111615739377885,WLS,7,0.0006397493443948132
3,UPFC_tsh,5-15,-0.2373185534445285,6,-0.23738078940175356,WLS,7,6.223595722504305e-05
4,UPFC_Vse,5-15,0.05809401566061413,6,0.05887941255593789,WLS,7,0.0007853968953237603
5,UPFC_tse,5-15,-2.1246801898174095,6,-2.13007471090317,WLS,7,0.005394521085760662
0,x_tcsc,1-14,-0.10630976354584558,7,-0.10627177274999698,WLS,7,3.799079584859699e-05
1,B_svc,2,0.17383548955744987,7,0.1737697612163251,WLS,7,6.572834112478221e-05
2,UPFC_Vsh,5-15,1.111458177851686,7,1.1111615739377885,WLS,7,0.00029660391389763063
3,UPFC_tsh,5-15,-0.23738551252589882,7,-0.23738078940175356,WLS,7,4.723124145261659e-06
4,UPFC_Vse,5-15,0.05766073037794587,7,0.05887941255593789,WLS,7,0.0012186821779920226
5,UPFC_tse,5-15,-2.121836717777272,7,-2.13007471090317,WLS,7,0.008237993125898235
0,x_tcsc,1-14,-0.10629399874206164,8,-0.10627177274999698,WLS,7,2.2225992064653366e-05
1,B_svc,2,0.17354001031462632,8,0.1737697612163251,WLS,7,0.000229750901698772
2,UPFC_Vsh,5-15,1.1116812780008944,8,1.1111615739377885,WLS,7,0.0005197040631059746
3,UPFC_tsh,5-15,-0.23739154480802155,8,-0.23738078940175356,WLS,7,1.0755406267992651e-05
4,UPFC_Vse,5-15,0.058004313024693326,8,0.05887941255593789,WLS,7,0.0008750995312445664
5,UPFC_tse,5-15,-2.122153001943813,8,-2.13007471090317,WLS,7,0.007921708959357066
0,x_tcsc,1-14,-0.10630137919473429,9,-0.10627177274999698,WLS,7,2.9606444737304005e-05
1,B_svc,2,0.17359772888346936,9,0.1737697612163251,WLS,7,0.0001720323328557316
2,UPFC_Vsh,5-15,1.1117073695492519,9,1.1111615739377885,WLS,7,0.0005457956114633955
3,UPFC_tsh,5-15,-0.2373702599570563,9,-0.23738078940175356,WLS,7,1.052944469726036e-05
4,UPFC_Vse,5-15,0.058252211243440086,9,0.05887941255593789,WLS,7,0.0006272013124978063
5,UPFC_tse,5-15,-2.122578668214546,9,-2.13007471090317,WLS,7,0.007496042688623916
0,x_tcsc,1-14,-0.10630462622602828,10,-0.10627177274999698,WLS,7,3.285347603129707e-05
1,B_svc,2,0.17347936919236356,10,0.1737697612163251,WLS,7,0.00029039202396152763
2,UPFC_Vsh,5-15,1.1115086228163698,10,1.1111615739377885,WLS,7,0.00034704887858127975
3,UPFC_tsh,5-15,-0.23732554926125274,10,-0.23738078940175356,WLS,7,5.524014050081738e-05
4,UPFC_Vse,5-15,0.0573624937234081,10,0.05887941255593789,WLS,7,0.0015169188325297941
5,UPFC_tse,5-15,-2.1217575455244386,10,-2.13007471090317,WLS,7,0.008317165378731506
0,x_tcsc,1-14,-0.10630512190975604,11,-0.10627177274999698,WLS,7,3.334915975905517e-05
1,B_svc,2,0.1737143381725032,11,0.1737697612163251,WLS,7,5.542304382188945e-05
2,UPFC_Vsh,5-15,1.1114270217728657,11,1.1111615739377885,WLS,7,0.0002654478350772038
3,UPFC_tsh,5-15,-0.23740237510480913,11,-0.23738078940175356,WLS,7,2.158570305557661e-05
4,UPFC_Vse,5-15,0.05739845804240791,11,0.05887941255593789,WLS,7,0.001480954513529982
5,UPFC_tse,5-15,-2.122451247635818,11,-2.13007471090317,WLS,7,0.007623463267352193
0,x_tcsc,1-14,-0.10628989647653898,12,-0.10627177274999698,WLS,7,1.8123726542002006e-05
1,B_svc,2,0.17351595647876686,12,0.1737697612163251,WLS,7,0.0002538047375582331
2,UPFC_Vsh,5-15,1.1114851914289847,12,1.1111615739377885,WLS,7,0.0003236174911962486
3,UPFC_tsh,5-15,-0.23740480276600298,12,-0.23738078940175356,WLS,7,2.4013364249425573e-05
4,UPFC_Vse,5-15,0.05785403677278902,12,0.05887941255593789,WLS,7,0.0010253757831488741
5,UPFC_tse,5-15,-2.1218286527372108,12,-2.13007471090317,WLS,7,0.008246058165959358
0,x_tcsc,1-14,-0.10629856701783573,13,-0.10627177274999698,WLS,7,2.679426783874783e-05
1,B_svc,2,0.17334519668812365,13,0.1737697612163251,WLS,7,0.0004245645282014432
2,UPFC_Vsh,5-15,1.1114210114574266,13,1.1111615739377885,WLS,7,0.0002594375196380838
3,UPFC_tsh,5-15,-0.23734609886208113,13,-0.23738078940175356,WLS,7,3.469053967242175e-05
4,UPFC_Vse,5-15,0.057600634975725006,13,0.05887941255593789,WLS,7,0.0012787775802128865
5,UPFC_tse,5-15,-2.121484804115201,13,-2.13007471090317,WLS,7,0.008589906787969337
0,x_tcsc,1-14,-0.10628971610681667,14,-0.10627177274999698,WLS,7,1.794335681969128e-05
1,B_svc,2,0.17336684673285488,14,0.1737697612163251,WLS,7,0.0004029144834702125
2,UPFC_Vsh,5-15,1.1114088909743116,14,1.1111615739377885,WLS,7,0.0002473170365231425
3,UPFC_tsh,5-15,-0.23732721813981228,14,-0.23738078940175356,WLS,7,5.357126194127648e-05
4,UPFC_Vse,5-15,0.05787315359942213,14,0.05887941255593789,WLS,7,0.0010062589565157654
5,UPFC_tse,5-15,-2.122590913899793,14,-2.13007471090317,WLS,7,0.007483797003377202
0,x_tcsc,1-14,-0.10629577353179688,15,-0.10627177274999698,WLS,7,2.400078179989884e-05
1,B_svc,2,0.1731269450252164,15,0.1737697612163251,WLS,7,0.0006428161911087027
2,UPFC_Vsh,5-15,1.111456089979717,15,1.1111615739377885,WLS,7,0.00029451604192853864
3,UPFC_tsh,5-15,-0.23731448733462007,15,-0.23738078940175356,WLS,7,6.630206713348352e-05
4,UPFC_Vse,5-15,0.05822718847130598,15,0.05887941255593789,WLS,7,0.0006522240846319124
5,UPFC_tse,5-15,-2.1195908741589706,15,-2.13007471090317,WLS,7,0.010483836744199504
0,x_tcsc,1-14,-0.10629774801739664,16,-0.10627177274999698,WLS,7,2.59752673996555e-05
1,B_svc,2,0.17334499244175075,16,0.1737697612163251,WLS,7,0.00042476877457434115
2,UPFC_Vsh,5-15,1.1111747586786223,16,1.1111615739377885,WLS,7,1.3184740833782627e-05
3,UPFC_tsh,5-15,-0.23740392384928258,16,-0.23738078940175356,WLS,7,2.313444752902183e-05
4,UPFC_Vse,5-15,0.05812945393214935,16,0.05887941255593789,WLS,7,0.0007499586237885436
5,UPFC_tse,5-15,-2.118493946984658,16,-2.13007471090317,WLS,7,0.011580763918511927
0,x_tcsc,1-14,-0.1062961815492464,17,-0.10627177274999698,WLS,7,2.4408799249420188e-05
1,B_svc,2,0.1734991322147685,17,0.1737697612163251,WLS,7,0.00027062900155658265
2,UPFC_Vsh,5-15,1.1118011596056216,17,1.1111615739377885,WLS,7,0.0006395856678331757
3,UPFC_tsh,5-15,-0.2373560758726918,17,-0.23738078940175356,WLS,7,2.4713529061748396e-05
4,UPFC_Vse,5-15,0.057689103607891,17,0.05887941255593789,WLS,7,0.001190308948046892
5,UPFC_tse,5-15,-2.1269020288973532,17,-2.13007471090317,WLS,7,0.0031726820058168848
0,x_tcsc,1-14,-0.10629386189045638,18,-0.10627177274999698,WLS,7,2.2089140459397028e-05
1,B_svc,2,0.17325303447205398,18,0.1737697612163251,WLS,7,0.0005167267442711121
2,UPFC_Vsh,5-15,1.111574203642956,18,1.1111615739377885,WLS,7,0.00041262970516742214
3,UPFC_tsh,5-15,-0.23729514758089015,18,-0.23738078940175356,WLS,7,8.564182086340244e-05
4,UPFC_Vse,5-15,0.05830503043657508,18,0.05887941255593789,WLS,7,0.0005743821193628096
5,UPFC_tse,5-15,-2.1229651468328647,18,-2.13007471090317,WLS,7,0.007109564070305385
0,x_tcsc,1-14,-0.10630364007301867,19,-0.10627177274999698,WLS,7,3.186732302168371e-05
1,B_svc,2,0.17390682027657126,19,0.1737697612163251,WLS,7,0.0001370590602461641
2,UPFC_Vsh,5-15,1.1114780928143677,19,1.1111615739377885,WLS,7,0.0003165188765792415
3,UPFC_tsh,5-15,-0.23743377153472384,19,-0.23738078940175356,WLS,7,5.298213297028065e-05
4,UPFC_Vse,5-15,0.057910847543784595,19,0.05887941255593789,WLS,7,0.0009685650121532968
5,UPFC_tse,5-15,-2.1233902271744816,19,-2.13007471090317,WLS,7,0.006684483728688573
0,x_tcsc,1-14,-0.10631348925193362,20,-0.10627177274999698,WLS,7,4.1716501936642225e-05
1,B_svc,2,0.1731366175181766,20,0.1737697612163251,WLS,7,0.0006331436981484861
2,UPFC_Vsh,5-15,1.1116416053216838,20,1.1111615739377885,WLS,7,0.0004800313838952963
3,UPFC_tsh,5-15,-0.23737835848375866,20,-0.23738078940175356,WLS,7,2.430917994900028e-06
4,UPFC_Vse,5-15,0.057895681114779184,20,0.05887941255593789,WLS,7,0.0009837314411587084
5,UPFC_tse,5-15,-2.1233626070093923,20,-2.13007471090317,WLS,7,0.006712103893777854
0,x_tcsc,1-14,-0.10629417885575335,21,-0.10627177274999698,WLS,7,2.240610575636459e-05
1,B_svc,2,0.1739628359326761,21,0.1737697612163251,WLS,7,0.00019307471635102158
2,UPFC_Vsh,5-15,1.1117056711025033,21,1.1111615739377885,WLS,7,0.0005440971647148185
3,UPFC_tsh,5-15,-0.23742193005329934,21,-0.23738078940175356,WLS,7,4.114065154578461e-05
4,UPFC_Vse,5-15,0.05838328458303698,21,0.05887941255593789,WLS,7,0.0004961279729009116
5,UPFC_tse,5-15,-2.1216164616120885,21,-2.13007471090317,WLS,7,0.008458249291081632
0,x_tcsc,1-14,-0.10630490696226451,22,-0.10627177274999698,WLS,7,3.313421226752711e-05
1,B_svc,2,0.17392369679866845,22,0.1737697612163251,WLS,7,0.0001539355823433619
2,UPFC_Vsh,5-15,1.1115998887851923,22,1.1111615739377885,WLS,7,0.0004383148474038645
3,UPFC_tsh,5-15,-0.23736506638833743,22,-0.23738078940175356,WLS,7,1.5723013416124587e-05
4,UPFC_Vse,5-15,0.058116699066765184,22,0.05887941255593789,WLS,7,0.0007627134891727075
5,UPFC_tse,5-15,-2.1207516203565913,22,-2.13007471090317,WLS,7,0.009323090546578872
0,x_tcsc,1-14,-0.10628058250702965,23,-0.10627177274999698,WLS,7,8.809757032671173e-06
1,B_svc,2,0.17360594746217492,23,0.1737697612163251,WLS,7,0.00016381375415017163
2,UPFC_Vsh,5-15,1.1115587234844513,23,1.1111615739377885,WLS,7,0.00039714954666281166
3,UPFC_tsh,5-15,-0.2374592543065706,23,-0.23738078940175356,WLS,7,7.846490481705493e-05
4,UPFC_Vse,5-15,0.05813783552661902,23,0.05887941255593789,WLS,7,0.0007415770293188739
5,UPFC_tse,5-15,-2.1213266229563423,23,-2.13007471090317,WLS,7,0.008748087946827798
0,x_tcsc,1-14,-0.10629726685102739,24,-0.10627177274999698,WLS,7,2.5494101030407168e-05
1,B_svc,2,0.17341991013103009,24,0.1737697612163251,WLS,7,0.0003498510852950054
2,UPFC_Vsh,5-15,1.1115068687403822,24,1.1111615739377885,WLS,7,0.0003452948025937097
3,UPFC_tsh,5-15,-0.2374194823426899,24,-0.23738078940175356,WLS,7,3.8692940936335685e-05
4,UPFC_Vse,5-15,0.057730062923116415,24,0.05887941255593789,WLS,7,0.0011493496328214767
5,UPFC_tse,5-15,-2.1250578499802093,24,-2.13007471090317,WLS,7,0.005016860922960831
0,x_tcsc,1-14,-0.10630523480842136,25,-0.10627177274999698,WLS,7,3.346205842437444e-05
1,B_svc,2,0.17380256442131745,25,0.1737697612163251,WLS,7,3.280320499235434e-05
2,UPFC_Vsh,5-15,1.1114572565956689,25,1.1111615739377885,WLS,7,0.0002956826578803806
3,UPFC_tsh,5-15,-0.237440483893927,25,-0.23738078940175356,WLS,7,5.969449217343992e-05
4,UPFC_Vse,5-15,0.05776031488240745,25,0.05887941255593789,WLS,7,0.0011190976735304392
5,UPFC_tse,5-15,-2.119476131524415,25,-2.13007471090317,WLS,7,0.01059857937875508
0,x_tcsc,1-14,-0.10629834265770927,26,-0.10627177274999698,WLS,7,2.6569907712284402e-05
1,B_svc,2,0.1739144642812274,26,0.1737697612163251,WLS,7,0.00014470306490230178
2,UPFC_Vsh,5-15,1.1112004305358727,26,1.1111615739377885,WLS,7,3.8856598084224814e-05
3,UPFC_tsh,5-15,-0.2373516658982033,26,-0.23738078940175356,WLS,7,2.9123503550249064e-05
4,UPFC_Vse,5-15,0.05784435690407686,26,0.05887941255593789,WLS,7,0.0010350556518610304
5,UPFC_tse,5-15,-2.1200633596910263,26,-2.13007471090317,WLS,7,0.010011351212143804
0,x_tcsc,1-14,-0.10630698471022913,27,-0.10627177274999698,WLS,7,3.521196023215101e-05
1,B_svc,2,0.17342240302186382,27,0.1737697612163251,WLS,7,0.0003473581944612725
2,UPFC_Vsh,5-15,1.1115899570676875,27,1.1111615739377885,WLS,7,0.0004283831298990126
3,UPFC_tsh,5-15,-0.23746845459724225,27,-0.23738078940175356,WLS,7,8.766519548869534e-05
4,UPFC_Vse,5-15,0.0577911838443854,27,0.05887941255593789,WLS,7,0.0010882287115524941
5,UPFC_tse,5-15,-2.124082855613002,27,-2.13007471090317,WLS,7,0.005991855290168324
0,x_tcsc,1-14,-0.10628996670894542,28,-0.10627177274999698,WLS,7,1.819395894843423e-05
1,B_svc,2,0.17389672907134915,28,0.1737697612163251,WLS,7,0.00012696785502405716
2,UPFC_Vsh,5-15,1.1117126547685896,28,1.1111615739377885,WLS,7,0.0005510808308011317
3,UPFC_tsh,5-15,-0.23734728787133524,28,-0.23738078940175356,WLS,7,3.350153041831172e-05
4,UPFC_Vse,5-15,0.05828443778240131,28,0.05887941255593789,WLS,7,0.0005949747735365801
5,UPFC_tse,5-15,-2.122028358210547,28,-2.13007471090317,WLS,7,0.008046352692623326
0,x_tcsc,1-14,-0.10631064485560283,29,-0.10627177274999698,WLS,7,3.887210560585275e-05
1,B_svc,2,0.17406860495544207,29,0.1737697612163251,WLS,7,0.0002988437391169829
2,UPFC_Vsh,5-15,1.1117436222587949,29,1.1111615739377885,WLS,7,0.0005820483210063898
3,UPFC_tsh,5-15,-0.2373764264984458,29,-0.23738078940175356,WLS,7,4.362903307769672e-06
4,UPFC_Vse,5-15,0.058213499149749194,29,0.05887941255593789,WLS,7,0.0006659134061886979
5,UPFC_tse,5-15,-2.122779194215213,29,-2.13007471090317,WLS,7,0.0072955166879569155
0,x_tcsc,1-14,-0.10630134158268442,30,-0.10627177274999698,WLS,7,2.9568832687440483e-05
1,B_svc,2,0.17374619892891413,30,0.1737697612163251,WLS,7,2.356228741096089e-05
2,UPFC_Vsh,5-15,1.1119376332554325,30,1.1111615739377885,WLS,7,0.0007760593176440178
3,UPFC_tsh,5-15,-0.23742169556519171,30,-0.23738078940175356,WLS,7,4.0906163438159115e-05
4,UPFC_Vse,5-15,0.058541439214511874,30,0.05887941255593789,WLS,7,0.00033797334142601776
5,UPFC_tse,5-15,-2.1244278113683017,30,-2.13007471090317,WLS,7,0.00564689953486841
0,x_tcsc,1-14,-0.10630235790619318,31,-0.10627177274999698,WLS,7,3.058515619619451e-05
1,B_svc,2,0.1737870997217597,31,0.1737697612163251,WLS,7,1.7338505434616458e-05
2,UPFC_Vsh,5-15,1.1117631544777116,31,1.1111615739377885,WLS,7,0.0006015805399230967
3,UPFC_tsh,5-15,-0.23736889914682635,31,-0.23738078940175356,WLS,7,1.1890254927204857e-05
4,UPFC_Vse,5-15,0.05765266972945015,31,0.05887941255593789,WLS,7,0.0012267428264877422
5,UPFC_tse,5-15,-2.1218094122376923,31,-2.13007471090317,WLS,7,0.008265298665477872
0,x_tcsc,1-14,-0.10628978063870032,32,-0.10627177274999698,WLS,7,1.8007888703333585e-05
1,B_svc,2,0.1740353167886088,32,0.1737697612163251,WLS,7,0.00026555557228372106
2,UPFC_Vsh,5-15,1.1116707120853035,32,1.1111615739377885,WLS,7,0.0005091381475150758
3,UPFC_tsh,5-15,-0.23738074581950291,32,-0.23738078940175356,WLS,7,4.358225064171606e-08
4,UPFC_Vse,5-15,0.0575262614818798,32,0.05887941255593789,WLS,7,0.0013531510740580899
5,UPFC_tse,5-15,-2.1262459913398577,32,-2.13007471090317,WLS,7,0.0038287195633124327
0,x_tcsc,1-14,-0.10629459153110135,33,-0.10627177274999698,WLS,7,2.2818781104369523e-05
1,B_svc,2,0.17353562376738535,33,0.1737697612163251,WLS,7,0.00023413744893974187
2,UPFC_Vsh,5-15,1.1115675613420335,33,1.1111615739377885,WLS,7,0.0004059874042450229
3,UPFC_tsh,5-15,-0.23731300795248256,33,-0.23738078940175356,WLS,7,6.778144927099827e-05
4,UPFC_Vse,5-15,0.05752648444223326,33,0.05887941255593789,WLS,7,0.0013529281137046323
5,UPFC_tse,5-15,-2.1201470551247446,33,-2.13007471090317,WLS,7,0.009927655778425581
0,x_tcsc,1-14,-0.10629825494239979,34,-0.10627177274999698,WLS,7,2.6482192402810245e-05
1,B_svc,2,0.17342365366915552,34,0.1737697612163251,WLS,7,0.0003461075471695718
2,UPFC_Vsh,5-15,1.1116850404722018,34,1.1111615739377885,WLS,7,0.0005234665344133749
3,UPFC_tsh,5-15,-0.23740678168132795,34,-0.23738078940175356,WLS,7,2.5992279574393873e-05
4,UPFC_Vse,5-15,0.05795216703118547,34,0.05887941255593789,WLS,7,0.0009272455247524222
5,UPFC_tse,5-15,-2.1231711715502577,34,-2.13007471090317,WLS,7,0.006903539352912436
0,x_tcsc,1-14,-0.10629959039786506,35,-0.10627177274999698,WLS,7,2.7817647868078055e-05
1,B_svc,2,0.1734029173521582,35,0.1737697612163251,WLS,7,0.00036684386416688253
2,UPFC_Vsh,5-15,1.1116676181948817,35,1.1111615739377885,WLS,7,0.0005060442570932189
3,UPFC_tsh,5-15,-0.23728392705686827,35,-0.23738078940175356,WLS,7,9.686234488529011e-05
4,UPFC_Vse,5-15,0.05803538081457682,35,0.05887941255593789,WLS,7,0.0008440317413610718
5,UPFC_tse,5-15,-2.120381747387067,35,-2.13007471090317,WLS,7,0.009692963516103159
0,x_tcsc,1-14,-0.10628801033793103,36,-0.10627177274999698,WLS,7,1.6237587934050945e-05
1,B_svc,2,0.1734606732481084,36,0.1737697612163251,WLS,7,0.00030908796821668694
2,UPFC_Vsh,5-15,1.1114877438286588,36,1.1111615739377885,WLS,7,0.00032616989087030923
3,UPFC_tsh,5-15,-0.23739305843664923,36,-0.23738078940175356,WLS,7,1.2269034895678876e-05
4,UPFC_Vse,5-15,0.057911507627751095,36,0.05887941255593789,WLS,7,0.0009679049281867969
5,UPFC_tse,5-15,-2.125463520986798,36,-2.13007471090317,WLS,7,0.004611189916372105
0,x_tcsc,1-14,-0.10630473477383291,37,-0.10627177274999698,WLS,7,3.296202383593072e-05
1,B_svc,2,0.1737779553123881,37,0.1737697612163251,WLS,7,8.194096063007805e-06
2,UPFC_Vsh,5-15,1.111682974770268,37,1.1111615739377885,WLS,7,0.0005214008324794239
3,UPFC_tsh,5-15,-0.23736319129453692,37,-0.23738078940175356,WLS,7,1.759810721663202e-05
4,UPFC_Vse,5-15,0.05805840973564339,37,0.05887941255593789,WLS,7,0.0008210028202945002
5,UPFC_tse,5-15,-2.1237275640138704,37,-2.13007471090317,WLS,7,0.006347146889299715
0,x_tcsc,1-14,-0.10629529200628088,38,-0.10627177274999698,WLS,7,2.3519256283896506e-05
1,B_svc,2,0.17371275085088386,38,0.1737697612163251,WLS,7,5.701036544122906e-05
2,UPFC_Vsh,5-15,1.111481007511632,38,1.1111615739377885,WLS,7,0.00031943357384345283
3,UPFC_tsh,5-15,-0.23741822578122385,38,-0.23738078940175356,WLS,7,3.7436379470290326e-05
4,UPFC_Vse,5-15,0.05779775666040395,38,0.05887941255593789,WLS,7,0.0010816558955339395
5,UPFC_tse,5-15,-2.1241454866384673,38,-2.13007471090317,WLS,7,0.0059292242647028814
0,x_tcsc,1-14,-0.10629500892552025,39,-0.10627177274999698,WLS,7,2.3236175523272395e-05
1,B_svc,2,0.17361866562583508,39,0.1737697612163251,WLS,7,0.00015109559049000798
2,UPFC_Vsh,5-15,1.111472509324243,39,1.1111615739377885,WLS,7,0.0003109353864545472
3,UPFC_tsh,5-15,-0.2373854745026402,39,-0.23738078940175356,WLS,7,4.685100886636651e-06
4,UPFC_Vse,5-15,0.05746553699573876,39,0.05887941255593789,WLS,7,0.001413875560199132
5,UPFC_tse,5-15,-2.122758371964901,39,-2.13007471090317,WLS,7,0.007316338938269329
0,x_tcsc,1-14,-0.10629900236660024,40,-0.10627177274999698,WLS,7,2.7229616603258178e-05
1,B_svc,2,0.17404016830710023,40,0.1737697612163251,WLS,7,0.0002704070907751377
2,UPFC_Vsh,5-15,1.1117265169453696,40,1.1111615739377885,WLS,7,0.0005649430075811424
3,UPFC_tsh,5-15,-0.23734711344436488,40,-0.23738078940175356,WLS,7,3.367595738867912e-05
4,UPFC_Vse,5-15,0.05818345896201648,40,0.05887941255593789,WLS,7,0.0006959535939214112
5,UPFC_tse,5-15,-2.1238118722683486,40,-2.13007471090317,WLS,7,0.006262838634821577
0,x_tcsc,1-14,-0.10629750662087184,41,-0.10627177274999698,WLS,7,2.5733870874858344e-05
1,B_svc,2,0.17344384264365847,41,0.1737697612163251,WLS,7,0.00032591857266661695
2,UPFC_Vsh,5-15,1.11144540371603,41,1.1111615739377885,WLS,7,0.0002838297782414845
3,UPFC_tsh,5-15,-0.23736037309855576,41,-0.23738078940175356,WLS,7,2.0416303197795527e-05
4,UPFC_Vse,5-15,0.057539650242367076,41,0.05887941255593789,WLS,7,0.0013397623135708164
5,UPFC_tse,5-15,-2.121500089346576,41,-2.13007471090317,WLS,7,0.008574621556594053
0,x_tcsc,1-14,-0.10630460358509977,42,-0.10627177274999698,WLS,7,3.283083510279006e-05
1,B_svc,2,0.17375351242819886,42,0.1737697612163251,WLS,7,1.624878812622743e-05
2,UPFC_Vsh,5-15,1.1116149652922012,42,1.1111615739377885,WLS,7,0.00045339135441269107
3,UPFC_tsh,5-15,-0.23740357560927194,42,-0.23738078940175356,WLS,7,2.2786207518388224e-05
4,UPFC_Vse,5-15,0.05785617129918736,42,0.05887941255593789,WLS,7,0.0010232412567505317
5,UPFC_tse,5-15,-2.1275052272340655,42,-2.13007471090317,WLS,7,0.0025694836691045886
0,x_tcsc,1-14,-0.10629701988435557,43,-0.10627177274999698,WLS,7,2.5247134358585832e-05
1,B_svc,2,0.17356981671280935,43,0.1737697612163251,WLS,7,0.00019994450351573656
2,UPFC_Vsh,5-15,1.1115515128634617,43,1.1111615739377885,WLS,7,0.00038993892567318333
3,UPFC_tsh,5-15,-0.23738454154137167,43,-0.23738078940175356,WLS,7,3.7521396181183775e-06
4,UPFC_Vse,5-15,0.05798354945824144,43,0.05887941255593789,WLS,7,0.0008958630976964518
5,UPFC_tse,5-15,-2.1211386545843003,43,-2.13007471090317,WLS,7,0.008936056318869845
0,x_tcsc,1-14,-0.1063052546401211,44,-0.10627177274999698,WLS,7,3.348189012411518e-05
1,B_svc,2,0.17364046270956873,44,0.1737697612163251,WLS,7,0.000129298506756359
2,UPFC_Vsh,5-15,1.111532906309399,44,1.1111615739377885,WLS,7,0.00037133237161057764
3,UPFC_tsh,5-15,-0.23742941013333366,44,-0.23738078940175356,WLS,7,4.862073158010127e-05
4,UPFC_Vse,5-15,0.05863302631693112,44,0.05887941255593789,WLS,7,0.0002463862390067739
5,UPFC_tse,5-15,-2.1166050628690476,44,-2.13007471090317,WLS,7,0.013469648034122539
0,x_tcsc,1-14,-0.10629981723127095,45,-0.10627177274999698,WLS,7,2.8044481273969968e-05
1,B_svc,2,0.17359281121046538,45,0.1737697612163251,WLS,7,0.00017695000585971066
2,UPFC_Vsh,5-15,1.111497870498985,45,1.1111615739377885,WLS,7,0.0003362965611966029
3,UPFC_tsh,5-15,-0.23732614979375025,45,-0.23738078940175356,WLS,7,5.463960800330958e-05
4,UPFC_Vse,5-15,0.05796055749831121,45,0.05887941255593789,WLS,7,0.0009188550576266843
5,UPFC_tse,5-15,-2.1200700576962803,45,-2.13007471090317,WLS,7,0.010004653206889813
0,x_tcsc,1-14,-0.10629931559541714,46,-0.10627177274999698,WLS,7,2.7542845420155948e-05
1,B_svc,2,0.17377463147369046,46,0.1737697612163251,WLS,7,4.870257365369168e-06
2,UPFC_Vsh,5-15,1.1115957803131766,46,1.1111615739377885,WLS,7,0.00043420637538815754
3,UPFC_tsh,5-15,-0.23733660532161682,46,-0.23738078940175356,WLS,7,4.418408013673325e-05
4,UPFC_Vse,5-15,0.05757312894325434,46,0.05887941255593789,WLS,7,0.001306283612683555
5,UPFC_tse,5-15,-2.1213609629707983,46,-2.13007471090317,WLS,7,0.008713747932371785
0,x_tcsc,1-14,-0.10629584089217915,47,-0.10627177274999698,WLS,7,2.4068142182170904e-05
1,B_svc,2,0.17347716790378645,47,0.1737697612163251,WLS,7,0.0002925933125386415
2,UPFC_Vsh,5-15,1.1116621607372354,47,1.1111615739377885,WLS,7,0.0005005867994469781
3,UPFC_tsh,5-15,-0.23737146090025119,47,-0.23738078940175356,WLS,7,9.328501502370301e-06
4,UPFC_Vse,5-15,0.058202738093570495,47,0.05887941255593789,WLS,7,0.0006766744623673965
5,UPFC_tse,5-15,-2.1238698982239117,47,-2.13007471090317,WLS,7,0.006204812679258431
0,x_tcsc,1-14,-0.10630277124227291,48,-0.10627177274999698,WLS,7,3.0998492275932654e-05
1,B_svc,2,0.17398650031028348,48,0.1737697612163251,WLS,7,0.0002167390939583902
2,UPFC_Vsh,5-15,1.1115440938564192,48,1.1111615739377885,WLS,7,0.0003825199186306971
3,UPFC_tsh,5-15,-0.23740049324234747,48,-0.23738078940175356,WLS,7,1.9703840593909838e-05
4,UPFC_Vse,5-15,0.057899771170362054,48,0.05887941255593789,WLS,7,0.0009796413855758385
5,UPFC_tse,5-15,-2.1236043981648693,48,-2.13007471090317,WLS,7,0.0064703127383007875
0,x_tcsc,1-14,-0.1062878486025357,49,-0.10627177274999698,WLS,7,1.6075852538724456e-05
1,B_svc,2,0.17358631448513434,49,0.1737697612163251,WLS,7,0.0001834467311907506
2,UPFC_Vsh,5-15,1.1117534063918613,49,1.1111615739377885,WLS,7,0.0005918324540727937
3,UPFC_tsh,5-15,-0.23737645103810404,49,-0.23738078940175356,WLS,7,4.338363649519783e-06
4,UPFC_Vse,5-15,0.05769323871870637,49,0.05887941255593789,WLS,7,0.001186173837231519
5,UPFC_tse,5-15,-2.121703568094082,49,-2.13007471090317,WLS,7,0.008371142809088017
0,x_tcsc,1-14,-0.1063052401730954,50,-0.10627177274999698,WLS,7,3.3467423098412774e-05
1,B_svc,2,0.17334128664905477,50,0.1737697612163251,WLS,7,0.00042847456727032607
2,UPFC_Vsh,5-15,1.111750233029848,50,1.1111615739377885,WLS,7,0.0005886590920596291
3,UPFC_tsh,5-15,-0.23737216790022514,50,-0.23738078940175356,WLS,7,8.621501528416342e-06
4,UPFC_Vse,5-15,0.05789754220836787,50,0.05887941255593789,WLS,7,0.0009818703475700241
5,UPFC_tse,5-15,-2.122534413855616,50,-2.13007471090317,WLS,7,0.007540297047554212
0,x_tcsc,1-14,-0.10628665361225173,51,-0.10627177274999698,WLS,7,1.4880862254748606e-05
1,B_svc,2,0.17391606903273293,51,0.1737697612163251,WLS,7,0.0001463078164078424
2,UPFC_Vsh,5-15,1.1116637706678552,51,1.1111615739377885,WLS,7,0.0005021967300666841
3,UPFC_tsh,5-15,-0.23740495175225612,51,-0.23738078940175356,WLS,7,2.4162350502565655e-05
4,UPFC_Vse,5-15,0.05801867645724302,51,0.05887941255593789,WLS,7,0.0008607360986948726
5,UPFC_tse,5-15,-2.1225750196022473,51,-2.13007471090317,WLS,7,0.007499691300922873
0,x_tcsc,1-14,-0.10630882690356616,52,-0.10627177274999698,WLS,7,3.705415356917985e-05
1,B_svc,2,0.17377204411712502,52,0.1737697612163251,WLS,7,2.28290079992699e-06
2,UPFC_Vsh,5-15,1.1116215439109842,52,1.1111615739377885,WLS,7,0.0004599699731957507
3,UPFC_tsh,5-15,-0.23737336905529619,52,-0.23738078940175356,WLS,7,7.4203464573707745e-06
4,UPFC_Vse,5-15,0.05766471097090944,52,0.05887941255593789,WLS,7,0.0012147015850284548
5,UPFC_tse,5-15,-2.1221506186952235,52,-2.13007471090317,WLS,7,0.007924092207946654
0,x_tcsc,1-14,-0.10629981960509158,53,-0.10627177274999698,WLS,7,2.8046855094596146e-05
1,B_svc,2,0.17336261297779024,53,0.1737697612163251,WLS,7,0.0004071482385348546
2,UPFC_Vsh,5-15,1.1114620571630383,53,1.1111615739377885,WLS,7,0.00030048322524978133
3,UPFC_tsh,5-15,-0.23741585425699552,53,-0.23738078940175356,WLS,7,3.50648552419619e-05
4,UPFC_Vse,5-15,0.05775985465750515,53,0.05887941255593789,WLS,7,0.001119557898432745
5,UPFC_tse,5-15,-2.124807789716412,53,-2.13007471090317,WLS,7,0.0052669211867582
0,x_tcsc,1-14,-0.10628481328738201,54,-0.10627177274999698,WLS,7,1.3040537385031192e-05
1,B_svc,2,0.17429444295763397,54,0.1737697612163251,WLS,7,0.0005246817413088745
2,UPFC_Vsh,5-15,1.1114577081346353,54,1.1111615739377885,WLS,7,0.0002961341968468201
3,UPFC_tsh,5-15,-0.2374560761544341,54,-0.23738078940175356,WLS,7,7.528675268053675e-05
4,UPFC_Vse,5-15,0.05770574434669813,54,0.05887941255593789,WLS,7,0.0011736682092397602
5,UPFC_tse,5-15,-2.123454826702291,54,-2.13007471090317,WLS,7,0.0066198842008793335
0,x_tcsc,1-14,-0.1062861063808835,55,-0.10627177274999698,WLS,7,1.4333630886514959e-05
1,B_svc,2,0.1735111840694866,55,0.1737697612163251,WLS,7,0.00025857714683849564
2,UPFC_Vsh,5-15,1.1116229624535534,55,1.1111615739377885,WLS,7,0.0004613885157649378
3,UPFC_tsh,5-15,-0.23742093301811185,55,-0.23738078940175356,WLS,7,4.0143616358290224e-05
4,UPFC_Vse,5-15,0.05833352951483448,55,0.05887941255593789,WLS,7,0.0005458830411034093
5,UPFC_tse,5-15,-2.120902399850721,55,-2.13007471090317,WLS,7,0.00917231105244909
0,x_tcsc,1-14,-0.1062828080775568,56,-0.10627177274999698,WLS,7,1.1035327559819064e-05
1,B_svc,2,0.17404417995777535,56,0.1737697612163251,WLS,7,0.0002744187414502608
2,UPFC_Vsh,5-15,1.1112862539099284,56,1.1111615739377885,WLS,7,0.00012467997213994053
3,UPFC_tsh,5-15,-0.23743290777951648,56,-0.23738078940175356,WLS,7,5.211837776292194e-05
4,UPFC_Vse,5-15,0.057948840221914585,56,0.05887941255593789,WLS,7,0.0009305723340233066
5,UPFC_tse,5-15,-2.1196912901107963,56,-2.13007471090317,WLS,7,0.010383420792373865
0,x_tcsc,1-14,-0.10630382142377169,57,-0.10627177274999698,WLS,7,3.2048673774709435e-05
1,B_svc,2,0.17333371779590814,57,0.1737697612163251,WLS,7,0.0004360434204169483
2,UPFC_Vsh,5-15,1.1114803282669328,57,1.1111615739377885,WLS,7,0.0003187543291442996
3,UPFC_tsh,5-15,-0.2373693944332724,57,-0.23738078940175356,WLS,7,1.1394968481154288e-05
4,UPFC_Vse,5-15,0.05814035041314298,57,0.05887941255593789,WLS,7,0.0007390621427949134
5,UPFC_tse,5-15,-2.121909222783283,57,-2.13007471090317,WLS,7,0.008165488119887154
0,x_tcsc,1-14,-0.10629489595460591,58,-0.10627177274999698,WLS,7,2.3123204608926917e-05
1,B_svc,2,0.1736126703433923,58,0.1737697612163251,WLS,7,0.00015709087293278023
2,UPFC_Vsh,5-15,1.1115727706779208,58,1.1111615739377885,WLS,7,0.00041119674013234686
3,UPFC_tsh,5-15,-0.23741670032097986,58,-0.23738078940175356,WLS,7,3.591091922630629e-05
4,UPFC_Vse,5-15,0.0575363494993685,58,0.05887941255593789,WLS,7,0.0013430630565693935
5,UPFC_tse,5-15,-2.123758583330051,58,-2.13007471090317,WLS,7,0.006316127573119168
0,x_tcsc,1-14,-0.10629496667961072,59,-0.10627177274999698,WLS,7,2.3193929613737896e-05
1,B_svc,2,0.17351111523723306,59,0.1737697612163251,WLS,7,0.00025864597909203146
2,UPFC_Vsh,5-15,1.1114106687985614,59,1.1111615739377885,WLS,7,0.00024909486077295817
3,UPFC_tsh,5-15,-0.2373644849858879,59,-0.23738078940175356,WLS,7,1.630441586564224e-05
4,UPFC_Vse,5-15,0.05800533110847633,59,0.05887941255593789,WLS,7,0.0008740814474615596
5,UPFC_tse,5-15,-2.1199353816108246,59,-2.13007471090317,WLS,7,0.010139329292345511
0,x_tcsc,1-14,-0.1062947235221809,60,-0.10627177274999698,WLS,7,2.295077218392172e-05
1,B_svc,2,0.17379177450410546,60,0.1737697612163251,WLS,7,2.201328778037026e-05
2,UPFC_Vsh,5-15,1.111674494928129,60,1.1111615739377885,WLS,7,0.0005129209903405041
3,UPFC_tsh,5-15,-0.23739372340634296,60,-0.23738078940175356,WLS,7,1.2934004589404413e-05
4,UPFC_Vse,5-15,0.0581680041747046,60,0.05887941255593789,WLS,7,0.0007114083812332916
5,UPFC_tse,5-15,-2.119607899746258,60,-2.13007471090317,WLS,7,0.010466811156911948
0,x_tcsc,1-14,-0.1063069126094708,61,-0.10627177274999698,WLS,7,3.513985947381504e-05
1,B_svc,2,0.1732448402283577,61,0.1737697612163251,WLS,7,0.0005249209879673866
2,UPFC_Vsh,5-15,1.1116105442757829,61,1.1111615739377885,WLS,7,0.0004489703379944032
3,UPFC_tsh,5-15,-0.23737184434996958,61,-0.23738078940175356,WLS,7,8.945051783976199e-06
4,UPFC_Vse,5-15,0.05822989499894987,61,0.05887941255593789,WLS,7,0.0006495175569880204
5,UPFC_tse,5-15,-2.123106981231916,61,-2.13007471090317,WLS,7,0.00696772967125403
0,x_tcsc,1-14,-0.106296065083813,62,-0.10627177274999698,WLS,7,2.4292333816011702e-05
1,B_svc,2,0.173665923358674,62,0.1737697612163251,WLS,7,0.00010383785765108455
2,UPFC_Vsh,5-15,1.1116461816489325,62,1.1111615739377885,WLS,7,0.0004846077111440028
3,UPFC_tsh,5-15,-0.2373722094151995,62,-0.23738078940175356,WLS,7,8.579986554069219e-06
4,UPFC_Vse,5-15,0.05810974529034686,62,0.05887941255593789,WLS,7,0.00076966726559103
5,UPFC_tse,5-15,-2.123014249644443,62,-2.13007471090317,WLS,7,0.00706046125872728
0,x_tcsc,1-14,-0.10630104748717631,63,-0.10627177274999698,WLS,7,2.927473717932727e-05
1,B_svc,2,0.1737120533185873,63,0.1737697612163251,WLS,7,5.770789773779095e-05
2,UPFC_Vsh,5-15,1.1114613908538853,63,1.1111615739377885,WLS,7,0.0002998169160968178
3,UPFC_tsh,5-15,-0.23738781290293262,63,-0.23738078940175356,WLS,7,7.023501179065361e-06
4,UPFC_Vse,5-15,0.057795063144230795,63,0.05887941255593789,WLS,7,0.0010843494117070973
5,UPFC_tse,5-15,-2.12455524718553,63,-2.13007471090317,WLS,7,0.005519463717640338
0,x_tcsc,1-14,-0.10629902636369933,64,-0.10627177274999698,WLS,7,2.7253613702343804e-05
1,B_svc,2,0.17378640309546853,64,0.1737697612163251,WLS,7,1.66418791434364e-05
2,UPFC_Vsh,5-15,1.1117957689431952,64,1.1111615739377885,WLS,7,0.0006341950054067347
3,UPFC_tsh,5-15,-0.23742708682328217,64,-0.23738078940175356,WLS,7,4.6297421528618266e-05
4,UPFC_Vse,5-15,0.058312203017785155,64,0.05887941255593789,WLS,7,0.0005672095381527367
5,UPFC_tse,5-15,-2.125819311190564,64,-2.13007471090317,WLS,7,0.004255399712606245
0,x_tcsc,1-14,-0.10631267572135202,65,-0.10627177274999698,WLS,7,4.090297135503351e-05
1,B_svc,2,0.1734974104922914,65,0.1737697612163251,WLS,7,0.00027235072403369864
2,UPFC_Vsh,5-15,1.1116955759978258,65,1.1111615739377885,WLS,7,0.0005340020600372863
3,UPFC_tsh,5-15,-0.23742200060189456,65,-0.23738078940175356,WLS,7,4.1211200141000326e-05
4,UPFC_Vse,5-15,0.05789579361259074,65,0.05887941255593789,WLS,7,0.000983618943347149
5,UPFC_tse,5-15,-2.1206808561569273,65,-2.13007471090317,WLS,7,0.00939385474624288
0,x_tcsc,1-14,-0.1063025861495486,66,-0.10627177274999698,WLS,7,3.081339955161855e-05
1,B_svc,2,0.173669874337829,66,0.1737697612163251,WLS,7,9.988687849610267e-05
2,UPFC_Vsh,5-15,1.1118673155371581,66,1.1111615739377885,WLS,7,0.000705741599369647
3,UPFC_tsh,5-15,-0.23734579351712362,66,-0.23738078940175356,WLS,7,3.499588462993475e-05
4,UPFC_Vse,5-15,0.05840000443730978,66,0.05887941255593789,WLS,7,0.0004794081186281149
5,UPFC_tse,5-15,-2.120844314260092,66,-2.13007471090317,WLS,7,0.00923039664307801
0,x_tcsc,1-14,-0.10630134132988332,67,-0.10627177274999698,WLS,7,2.9568579886340984e-05
1,B_svc,2,0.1733519712805042,67,0.1737697612163251,WLS,7,0.00041778993582089474
2,UPFC_Vsh,5-15,1.1112488947058374,67,1.1111615739377885,WLS,7,8.732076804895961e-05
3,UPFC_tsh,5-15,-0.23743336501707246,67,-0.23738078940175356,WLS,7,5.257561531890609e-05
4,UPFC_Vse,5-15,0.05800873819607924,67,0.05887941255593789,WLS,7,0.0008706743598586517
5,UPFC_tse,5-15,-2.1240914126311234,67,-2.13007471090317,WLS,7,0.005983298272046689
0,x_tcsc,1-14,-0.10629544095889192,68,-0.10627177274999698,WLS,7,2.3668208894933596e-05
1,B_svc,2,0.17373139725424908,68,0.1737697612163251,WLS,7,3.836396207601567e-05
2,UPFC_Vsh,5-15,1.111719575283307,68,1.1111615739377885,WLS,7,0.0005580013455184218
3,UPFC_tsh,5-15,-0.237339961144157,68,-0.23738078940175356,WLS,7,4.0828257596547957e-05
4,UPFC_Vse,5-15,0.05828798083022718,68,0.05887941255593789,WLS,7,0.0005914317257107102
5,UPFC_tse,5-15,-2.121061680726561,68,-2.13007471090317,WLS,7,0.00901303017660915
0,x_tcsc,1-14,-0.10628518055581153,69,-0.10627177274999698,WLS,7,1.3407805814547036e-05
1,B_svc,2,0.17408310532650884,69,0.1737697612163251,WLS,7,0.0003133441101837442
2,UPFC_Vsh,5-15,1.1115687137872545,69,1.1111615739377885,WLS,7,0.00040713984946605386
3,UPFC_tsh,5-15,-0.2373805399288356,69,-0.23738078940175356,WLS,7,2.4947291796251214e-07
4,UPFC_Vse,5-15,0.05780093524403859,69,0.05887941255593789,WLS,7,0.0010784773118992994
5,UPFC_tse,5-15,-2.121732753614991,69,-2.13007471090317,WLS,7,0.008341957288179103
0,x_tcsc,1-14,-0.10630785257469386,70,-0.10627177274999698,WLS,7,3.607982469687465e-05
1,B_svc,2,0.17327893544192433,70,0.1737697612163251,WLS,7,0.000490825774400766
2,UPFC_Vsh,5-15,1.1115227965705894,70,1.1111615739377885,WLS,7,0.00036122263280091715
3,UPFC_tsh,5-15,-0.23739833479053032,70,-0.23738078940175356,WLS,7,1.7545388776768478e-05
4,UPFC_Vse,5-15,0.058048947140779815,70,0.05887941255593789,WLS,7,0.000830465415158077
5,UPFC_tse,5-15,-2.121601928420425,70,-2.13007471090317,WLS,7,0.008472782482745078
0,x_tcsc,1-14,-0.10629120639831785,71,-0.10627177274999698,WLS,7,1.943364832086847e-05
1,B_svc,2,0.17342881263215795,71,0.1737697612163251,WLS,7,0.0003409485841671389
2,UPFC_Vsh,5-15,1.11152449723306,71,1.1111615739377885,WLS,7,0.00036292329527154443
3,UPFC_tsh,5-15,-0.23742190361307863,71,-0.23738078940175356,WLS,7,4.111421132507731e-05
4,UPFC_Vse,5-15,0.058092312629077214,71,0.05887941255593789,WLS,7,0.0007870999268606779
5,UPFC_tse,5-15,-2.1226513160465115,71,-2.13007471090317,WLS,7,0.0074233948566586605
0,x_tcsc,1-14,-0.10630113145749645,72,-0.10627177274999698,WLS,7,2.9358707499468895e-05
1,B_svc,2,0.1739537486777459,72,0.1737697612163251,WLS,7,0.0001839874614208148
2,UPFC_Vsh,5-15,1.1117554214831944,72,1.1111615739377885,WLS,7,0.0005938475454059233
3,UPFC_tsh,5-15,-0.2373989699614501,72,-0.23738078940175356,WLS,7,1.818055969654564e-05
4,UPFC_Vse,5-15,0.05768036474445042,72,0.05887941255593789,WLS,7,0.0011990478114874692
5,UPFC_tse,5-15,-2.1226776833217587,72,-2.13007471090317,WLS,7,0.007397027581411475
0,x_tcsc,1-14,-0.10629653468525194,73,-0.10627177274999698,WLS,7,2.476193525495496e-05
1,B_svc,2,0.17369532640824611,73,0.1737697612163251,WLS,7,7.443480807897696e-05
2,UPFC_Vsh,5-15,1.111554765050238,73,1.1111615739377885,WLS,7,0.0003931911124495091
3,UPFC_tsh,5-15,-0.23735072864113163,73,-0.23738078940175356,WLS,7,3.0060760621924976e-05
4,UPFC_Vse,5-15,0.057742565283750734,73,0.05887941255593789,WLS,7,0.001136847272187158
5,UPFC_tse,5-15,-2.1244518405993302,73,-2.13007471090317,WLS,7,0.0056228703038399
0,x_tcsc,1-14,-0.10628865039307389,74,-0.10627177274999698,WLS,7,1.6877643076909643e-05
1,B_svc,2,0.17381101069050653,74,0.1737697612163251,WLS,7,4.124947418143732e-05
2,UPFC_Vsh,5-15,1.1115862998387096,74,1.1111615739377885,WLS,7,0.00042472590092113016
3,UPFC_tsh,5-15,-0.2374395001854722,74,-0.23738078940175356,WLS,7,5.871078371863514e-05
4,UPFC_Vse,5-15,0.058190179782819734,74,0.05887941255593789,WLS,7,0.0006892327731181577
5,UPFC_tse,5-15,-2.1212686886792813,74,-2.13007471090317,WLS,7,0.00880602222388882
0,x_tcsc,1-14,-0.10630760645590333,75,-0.10627177274999698,WLS,7,3.583370590634627e-05
1,B_svc,2,0.17355400387893,75,0.1737697612163251,WLS,7,0.00021575733739509495
2,UPFC_Vsh,5-15,1.1117514898787209,75,1.1111615739377885,WLS,7,0.000589915940932384
3,UPFC_tsh,5-15,-0.23741271990709786,75,-0.23738078940175356,WLS,7,3.1930505344307525e-05
4,UPFC_Vse,5-15,0.05795813835705642,75,0.05887941255593789,WLS,7,0.0009212741988814735
5,UPFC_tse,5-15,-2.120533752972156,75,-2.13007471090317,WLS,7,0.00954095793101395
0,x_tcsc,1-14,-0.10630250095720892,76,-0.10627177274999698,WLS,7,3.072820721193581e-05
1,B_svc,2,0.17392449193162887,76,0.1737697612163251,WLS,7,0.00015473071530378024
2,UPFC_Vsh,5-15,1.1118194875020158,76,1.1111615739377885,WLS,7,0.000657913564227286
3,UPFC_tsh,5-15,-0.2374229748320883,76,-0.23738078940175356,WLS,7,4.2185430334740204e-05
4,UPFC_Vse,5-15,0.05826997675660503,76,0.05887941255593789,WLS,7,0.0006094357993328622
5,UPFC_tse,5-15,-2.1214227148015583,76,-2.13007471090317,WLS,7,0.008651996101611825
0,x_tcsc,1-14,-0.1062803987806613,77,-0.10627177274999698,WLS,7,8.626030664315998e-06
1,B_svc,2,0.17370335211758217,77,0.1737697612163251,WLS,7,6.640909874292e-05
2,UPFC_Vsh,5-15,1.1115315007638835,77,1.1111615739377885,WLS,7,0.0003699268260950461
3,UPFC_tsh,5-15,-0.23734361692442763,77,-0.23738078940175356,WLS,7,3.7172477325930764e-05
4,UPFC_Vse,5-15,0.05802579613829255,77,0.05887941255593789,WLS,7,0.0008536164176453434
5,UPFC_tse,5-15,-2.119505819314785,77,-2.13007471090317,WLS,7,0.010568891588385032
0,x_tcsc,1-14,-0.10631688415872557,78,-0.10627177274999698,WLS,7,4.5111408728593094e-05
1,B_svc,2,0.17336803148758598,78,0.1737697612163251,WLS,7,0.00040172972873911417
2,UPFC_Vsh,5-15,1.1115103380278313,78,1.1111615739377885,WLS,7,0.00034876409004280795
3,UPFC_tsh,5-15,-0.23735311879675916,78,-0.23738078940175356,WLS,7,2.767060499439533e-05
4,UPFC_Vse,5-15,0.05812801145526552,78,0.05887941255593789,WLS,7,0.000751401100672372
5,UPFC_tse,5-15,-2.1232482072208207,78,-2.13007471090317,WLS,7,0.006826503682349383
0,x_tcsc,1-14,-0.10631234475818137,79,-0.10627177274999698,WLS,7,4.057200818438633e-05
1,B_svc,2,0.17360364080036375,79,0.1737697612163251,WLS,7,0.00016612041596134053
2,UPFC_Vsh,5-15,1.1115692151986492,79,1.1111615739377885,WLS,7,0.00040764126086068053
3,UPFC_tsh,5-15,-0.23738860527430405,79,-0.23738078940175356,WLS,7,7.815872550498426e-06
4,UPFC_Vse,5-15,0.05780968843776972,79,0.05887941255593789,WLS,7,0.0010697241181681708
5,UPFC_tse,5-15,-2.121809478255564,79,-2.13007471090317,WLS,7,0.008265232647606258
0,x_tcsc,1-14,-0.10629678818470682,80,-0.10627177274999698,WLS,7,2.50154347098408e-05
1,B_svc,2,0.173596729413916,80,0.1737697612163251,WLS,7,0.00017303180240910154
2,UPFC_Vsh,5-15,1.1116125742982623,80,1.1111615739377885,WLS,7,0.00045100036047385217
3,UPFC_tsh,5-15,-0.23740773491343584,80,-0.23738078940175356,WLS,7,2.694551168228032e-05
4,UPFC_Vse,5-15,0.058089011063292215,80,0.05887941255593789,WLS,7,0.0007904014926456773
5,UPFC_tse,5-15,-2.123549574293734,80,-2.13007471090317,WLS,7,0.0065251366094361
0,x_tcsc,1-14,-0.10629326786308334,81,-0.10627177274999698,WLS,7,2.14951130863561e-05
1,B_svc,2,0.1735910198522566,81,0.1737697612163251,WLS,7,0.00017874136406847985
2,UPFC_Vsh,5-15,1.1116877032946966,81,1.1111615739377885,WLS,7,0.0005261293569081005
3,UPFC_tsh,5-15,-0.23738784571190105,81,-0.23738078940175356,WLS,7,7.056310147496303e-06
4,UPFC_Vse,5-15,0.05741938093653756,81,0.05887941255593789,WLS,7,0.0014600316194003302
5,UPFC_tse,5-15,-2.123691590375102,81,-2.13007471090317,WLS,7,0.006383120528067998
0,x_tcsc,1-14,-0.10630282175036274,82,-0.10627177274999698,WLS,7,3.104900036575431e-05
1,B_svc,2,0.17359562077184007,82,0.1737697612163251,WLS,7,0.00017414044448502142
2,UPFC_Vsh,5-15,1.1116292583983227,82,1.1111615739377885,WLS,7,0.0004676844605342456
3,UPFC_tsh,5-15,-0.23735339089811022,82,-0.23738078940175356,WLS,7,2.7398503643333294e-05
4,UPFC_Vse,5-15,0.05799387966978064,82,0.05887941255593789,WLS,7,0.0008855328861572531
5,UPFC_tse,5-15,-2.1179026383965085,82,-2.13007471090317,WLS,7,0.012172072506661635
0,x_tcsc,1-14,-0.10631117205550918,83,-0.10627177274999698,WLS,7,3.9399305512194394e-05
1,B_svc,2,0.17400290216600256,83,0.1737697612163251,WLS,7,0.00023314094967746835
2,UPFC_Vsh,5-15,1.1115504293268075,83,1.1111615739377885,WLS,7,0.00038885538901900496
3,UPFC_tsh,5-15,-0.23738145220042886,83,-0.23738078940175356,WLS,7,6.627986753049431e-07
4,UPFC_Vse,5-15,0.05821055128539438,83,0.05887941255593789,WLS,7,0.000668861270543511
5,UPFC_tse,5-15,-2.121212769589997,83,-2.13007471090317,WLS,7,0.008861941313173194
0,x_tcsc,1-14,-0.10630502120676541,84,-0.10627177274999698,WLS,7,3.324845676842825e-05
1,B_svc,2,0.17370987694166398,84,0.1737697612163251,WLS,7,5.988427466110946e-05
2,UPFC_Vsh,5-15,1.11154942604024,84,1.1111615739377885,WLS,7,0.0003878521024516246
3,UPFC_tsh,5-15,-0.2373580021004623,84,-0.23738078940175356,WLS,7,2.278730129126605e-05
4,UPFC_Vse,5-15,0.05839805549443776,84,0.05887941255593789,WLS,7,0.0004813570615001331
5,UPFC_tse,5-15,-2.123369389469969,84,-2.13007471090317,WLS,7,0.006705321433201128
0,x_tcsc,1-14,-0.10630663445235028,85,-0.10627177274999698,WLS,7,3.486170235329766e-05
1,B_svc,2,0.17352357709676183,85,0.1737697612163251,WLS,7,0.0002461841195632586
2,UPFC_Vsh,5-15,1.1118348612273998,85,1.1111615739377885,WLS,7,0.0006732872896113573
3,UPFC_tsh,5-15,-0.23745086424960288,85,-0.23738078940175356,WLS,7,7.007484784932183e-05
4,UPFC_Vse,5-15,0.05796541813669683,85,0.05887941255593789,WLS,7,0.0009139944192410598
5,UPFC_tse,5-15,-2.1226805761993073,85,-2.13007471090317,WLS,7,0.0073941347038628535
0,x_tcsc,1-14,-0.10630377964944628,86,-0.10627177274999698,WLS,7,3.200689944929391e-05
1,B_svc,2,0.17358121753168526,86,0.1737697612163251,WLS,7,0.0001885436846398303
2,UPFC_Vsh,5-15,1.1116973971385513,86,1.1111615739377885,WLS,7,0.0005358232007628416
3,UPFC_tsh,5-15,-0.23736825031183448,86,-0.23738078940175356,WLS,7,1.253908991907804e-05
4,UPFC_Vse,5-15,0.05815645379296414,86,0.05887941255593789,WLS,7,0.0007229587629737494
5,UPFC_tse,5-15,-2.1222422943953294,86,-2.13007471090317,WLS,7,0.007832416507840723
0,x_tcsc,1-14,-0.10629946666370238,87,-0.10627177274999698,WLS,7,2.769391370539831e-05
1,B_svc,2,0.17360800550568906,87,0.1737697612163251,WLS,7,0.00016175571063603567
2,UPFC_Vsh,5-15,1.1116881296267116,87,1.1111615739377885,WLS,7,0.0005265556889231249
3,UPFC_tsh,5-15,-0.23742049854417774,87,-0.23738078940175356,WLS,7,3.970914242418244e-05
4,UPFC_Vse,5-15,0.05760358957545611,87,0.05887941255593789,WLS,7,0.001275822980481782
5,UPFC_tse,5-15,-2.121184783047484,87,-2.13007471090317,WLS,7,0.008889927855685986
0,x_tcsc,1-14,-0.10630754414221522,88,-0.10627177274999698,WLS,7,3.5771392218234e-05
1,B_svc,2,0.1743146900736368,88,0.1737697612163251,WLS,7,0.0005449288573117217
2,UPFC_Vsh,5-15,1.111357916336507,88,1.1111615739377885,WLS,7,0.00019634239871857417
3,UPFC_tsh,5-15,-0.23736169983950478,88,-0.23738078940175356,WLS,7,1.9089562248775227e-05
4,UPFC_Vse,5-15,0.05774759861032972,88,0.05887941255593789,WLS,7,0.0011318139456081705
5,UPFC_tse,5-15,-2.121511781062059,88,-2.13007471090317,WLS,7,0.008562929841111178
0,x_tcsc,1-14,-0.10630572276691881,89,-0.10627177274999698,WLS,7,3.395001692182986e-05
1,B_svc,2,0.17348480931809412,89,0.1737697612163251,WLS,7,0.00028495189823096734
2,UPFC_Vsh,5-15,1.1117583242827567,89,1.1111615739377885,WLS,7,0.0005967503449681999
3,UPFC_tsh,5-15,-0.23740672792674494,89,-0.23738078940175356,WLS,7,2.5938524991386824e-05
4,UPFC_Vse,5-15,0.05779492908500722,89,0.05887941255593789,WLS,7,0.0010844834709306736
5,UPFC_tse,5-15,-2.1225357274694963,89,-2.13007471090317,WLS,7,0.007538983433673874
0,x_tcsc,1-14,-0.10629645483613509,90,-0.10627177274999698,WLS,7,2.4682086138108628e-05
1,B_svc,2,0.17332109961474196,90,0.1737697612163251,WLS,7,0.0004486616015831335
2,UPFC_Vsh,5-15,1.1111914054926766,90,1.1111615739377885,WLS,7,2.983155488811562e-05
3,UPFC_tsh,5-15,-0.2373888406700261,90,-0.23738078940175356,WLS,7,8.051268272551981e-06
4,UPFC_Vse,5-15,0.05811131840879672,90,0.05887941255593789,WLS,7,0.0007680941471411712
5,UPFC_tse,5-15,-2.1195351078682587,90,-2.13007471090317,WLS,7,0.010539603034911416
0,x_tcsc,1-14,-0.1063051998670018,91,-0.10627177274999698,WLS,7,3.3427117004825035e-05
1,B_svc,2,0.17354493095515738,91,0.1737697612163251,WLS,7,0.00022483026116770777
2,UPFC_Vsh,5-15,1.11185510276206,91,1.1111615739377885,WLS,7,0.0006935288242715387
3,UPFC_tsh,5-15,-0.2373262740264877,91,-0.23738078940175356,WLS,7,5.451537526585115e-05
4,UPFC_Vse,5-15,0.05780091945214133,91,0.05887941255593789,WLS,7,0.0010784931037965614
5,UPFC_tse,5-15,-2.1252045605956824,91,-2.13007471090317,WLS,7,0.0048701503074877195
0,x_tcsc,1-14,-0.10629477653884006,92,-0.10627177274999698,WLS,7,2.300378884308174e-05
1,B_svc,2,0.1736110516039579,92,0.1737697612163251,WLS,7,0.0001587096123671916
2,UPFC_Vsh,5-15,1.1109174603548844,92,1.1111615739377885,WLS,7,0.00024411358290410412
3,UPFC_tsh,5-15,-0.23743602359230825,92,-0.23738078940175356,WLS,7,5.523419055469825e-05
4,UPFC_Vse,5-15,0.05856357727131383,92,0.05887941255593789,WLS,7,0.00031583528462406085
5,UPFC_tse,5-15,-2.122374018004917,92,-2.13007471090317,WLS,7,0.0077006928982532585
0,x_tcsc,1-14,-0.10630988648350695,93,-0.10627177274999698,WLS,7,3.8113733509967385e-05
1,B_svc,2,0.17331145155562355,93,0.1737697612163251,WLS,7,0.0004583096607015391
2,UPFC_Vsh,5-15,1.1115088119181078,93,1.1111615739377885,WLS,7,0.00034723798031932596
3,UPFC_tsh,5-15,-0.23743612576216488,93,-0.23738078940175356,WLS,7,5.533636041132883e-05
4,UPFC_Vse,5-15,0.058627075493736525,93,0.05887941255593789,WLS,7,0.00025233706220136737
5,UPFC_tse,5-15,-2.120199595758291,93,-2.13007471090317,WLS,7,0.009875115144879043
0,x_tcsc,1-14,-0.10629499462104339,94,-0.10627177274999698,WLS,7,2.3221871046405496e-05
1,B_svc,2,0.1732308593042655,94,0.1737697612163251,WLS,7,0.0005389019120596028
2,UPFC_Vsh,5-15,1.1112754700396767,94,1.1111615739377885,WLS,7,0.00011389610188827781
3,UPFC_tsh,5-15,-0.2374134610249883,94,-0.23738078940175356,WLS,7,3.267162323475348e-05
4,UPFC_Vse,5-15,0.057538827561478774,94,0.05887941255593789,WLS,7,0.001340584994459118
5,UPFC_tse,5-15,-2.121587456298244,94,-2.13007471090317,WLS,7,0.008487254604926164
0,x_tcsc,1-14,-0.10630417458279652,95,-0.10627177274999698,WLS,7,3.240183279953901e-05
1,B_svc,2,0.17362083066981632,95,0.1737697612163251,WLS,7,0.00014893054650877424
2,UPFC_Vsh,5-15,1.1117647557808812,95,1.1111615739377885,WLS,7,0.0006031818430927149
3,UPFC_tsh,5-15,-0.23737525528578932,95,-0.23738078940175356,WLS,7,5.534115964239694e-06
4,UPFC_Vse,5-15,0.0583795227610634,95,0.05887941255593789,WLS,7,0.000499889794874489
5,UPFC_tse,5-15,-2.122374462128907,95,-2.13007471090317,WLS,7,0.00770024877426323
0,x_tcsc,1-14,-0.10629885215487149,96,-0.10627177274999698,WLS,7,2.7079404874508217e-05
1,B_svc,2,0.17314908697112108,96,0.1737697612163251,WLS,7,0.0006206742452040115
2,UPFC_Vsh,5-15,1.111252702063663,96,1.1111615739377885,WLS,7,9.112812587441788e-05
3,UPFC_tsh,5-15,-0.23737760761880883,96,-0.23738078940175356,WLS,7,3.181782944727818e-06
4,UPFC_Vse,5-15,0.057538724947410545,96,0.05887941255593789,WLS,7,0.0013406876085273467
5,UPFC_tse,5-15,-2.123495137961778,96,-2.13007471090317,WLS,7,0.006579572941391998
0,x_tcsc,1-14,-0.10630035403904074,97,-0.10627177274999698,WLS,7,2.8581289043760894e-05
1,B_svc,2,0.1738995771883418,97,0.1737697612163251,WLS,7,0.0001298159720166947
2,UPFC_Vsh,5-15,1.1116323878646808,97,1.1111615739377885,WLS,7,0.0004708139268922995
3,UPFC_tsh,5-15,-0.23737083144434915,97,-0.23738078940175356,WLS,7,9.957957404410633e-06
4,UPFC_Vse,5-15,0.05811897400540859,97,0.05887941255593789,WLS,7,0.0007604385505293049
5,UPFC_tse,5-15,-2.1207744251506195,97,-2.13007471090317,WLS,7,0.009300285752550597
0,x_tcsc,1-14,-0.10629915206059529,98,-0.10627177274999698,WLS,7,2.7379310598305007e-05
1,B_svc,2,0.17364381370459983,98,0.1737697612163251,WLS,7,0.00012594751172526064
2,UPFC_Vsh,5-15,1.1113362714208512,98,1.1111615739377885,WLS,7,0.0001746974830627579
3,UPFC_tsh,5-15,-0.2374022737710694,98,-0.23738078940175356,WLS,7,2.1484369315843965e-05
4,UPFC_Vse,5-15,0.05808575287773293,98,0.05887941255593789,WLS,7,0.0007936596782049596
5,UPFC_tse,5-15,-2.120674354618133,98,-2.13007471090317,WLS,7,0.009400356285037326
0,x_tcsc,1-14,-0.10630202973202,99,-0.10627177274999698,WLS,7,3.0256982023024737e-05
1,B_svc,2,0.17400610464211713,99,0.1737697612163251,WLS,7,0.00023634342579204048
2,UPFC_Vsh,5-15,1.1117575039833831,99,1.1111615739377885,WLS,7,0.0005959300455946615
3,UPFC_tsh,5-15,-0.23740194825317518,99,-0.23738078940175356,WLS,7,2.1158851421620994e-05
4,UPFC_Vse,5-15,0.05853131185405036,99,0.05887941255593789,WLS,7,0.00034810070188753123
5,UPFC_tse,5-15,-2.1250953358314804,99,-2.13007471090317,WLS,7,0.004979375071689773
0,x_tcsc,1-14,-0.10882634561687415,0,-0.1088307202502758,WLS,9,4.374633401652006e-06
1,B_svc,2,0.17721400347253904,0,0.17750443286609066,WLS,9,0.0002904293935516167
2,UPFC_Vsh,5-15,1.1115007497951108,0,1.1094107399366555,WLS,9,0.0020900098584553106
3,UPFC_tsh,5-15,-0.2345308082800784,0,-0.23457720339960228,WLS,9,4.6395119523867656e-05
4,UPFC_Vse,5-15,0.05804865304492478,0,0.059353713384124616,WLS,9,0.0013050603391998386
5,UPFC_tse,5-15,-2.120085046327877,0,-2.136839258184921,WLS,9,0.016754211857044066
0,x_tcsc,1-14,-0.1088368303523298,1,-0.1088307202502758,WLS,9,6.110102053993871e-06
1,B_svc,2,0.1777768908372503,1,0.17750443286609066,WLS,9,0.00027245797115962866
2,UPFC_Vsh,5-15,1.1115551634069967,1,1.1094107399366555,WLS,9,0.0021444234703411613
3,UPFC_tsh,5-15,-0.234489358292611,1,-0.23457720339960228,WLS,9,8.784510699128001e-05
4,UPFC_Vse,5-15,0.057989717185896635,1,0.059353713384124616,WLS,9,0.001363996198227982
5,UPFC_tse,5-15,-2.1196753505262675,1,-2.136839258184921,WLS,9,0.01716390765865361
0,x_tcsc,1-14,-0.10883747367061583,2,-0.1088307202502758,WLS,9,6.753420340024907e-06
1,B_svc,2,0.17771094403334695,2,0.17750443286609066,WLS,9,0.0002065111672562847
2,UPFC_Vsh,5-15,1.111746041545442,2,1.1094107399366555,WLS,9,0.0023353016087865885
3,UPFC_tsh,5-15,-0.23458441921628276,2,-0.23457720339960228,WLS,9,7.215816680478104e-06
4,UPFC_Vse,5-15,0.0582497465030188,2,0.059353713384124616,WLS,9,0.0011039668811058181
5,UPFC_tse,5-15,-2.1222144944923573,2,-2.136839258184921,WLS,9,0.014624763692563825
0,x_tcsc,1-14,-0.1088320423909443,3,-0.1088307202502758,WLS,9,1.3221406684887915e-06
1,B_svc,2,0.17677820695349822,3,0.17750443286609066,WLS,9,0.0007262259125924431
2,UPFC_Vsh,5-15,1.1115726258653267,3,1.1094107399366555,WLS,9,0.00216188592867117
3,UPFC_tsh,5-15,-0.23454367792579023,3,-0.23457720339960228,WLS,9,3.352547381205162e-05
4,UPFC_Vse,5-15,0.058110070451018646,3,0.059353713384124616,WLS,9,0.0012436429331059706
5,UPFC_tse,5-15,-2.122221122973349,3,-2.136839258184921,WLS,9,0.01461813521157218
0,x_tcsc,1-14,-0.10884440707440508,4,-0.1088307202502758,WLS,9,1.3686824129277575e-05
1,B_svc,2,0.17771764840230078,4,0.17750443286609066,WLS,9,0.00021321553621012068
2,UPFC_Vsh,5-15,1.1119842981233563,4,1.1094107399366555,WLS,9,0.0025735581867007973
3,UPFC_tsh,5-15,-0.23449631160934403,4,-0.23457720339960228,WLS,9,8.089179025824733e-05
4,UPFC_Vse,5-15,0.05799933002742528,4,0.059353713384124616,WLS,9,0.0013543833566993374
5,UPFC_tse,5-15,-2.1222702049443605,4,-2.136839258184921,WLS,9,0.014569053240560681
0,x_tcsc,1-14,-0.10883597907967207,5,-0.1088307202502758,WLS,9,5.258829396267983e-06
1,B_svc,2,0.1775076624239785,5,0.17750443286609066,WLS,9,3.2295578878405173e-06
2,UPFC_Vsh,5-15,1.1119277881893772,5,1.1094107399366555,WLS,9,0.0025170482527216986
3,UPFC_tsh,5-15,-0.2345166629418294,5,-0.23457720339960228,WLS,9,6.054045777287298e-05
4,UPFC_Vse,5-15,0.058226014204853044,5,0.059353713384124616,WLS,9,0.0011276991792715726
5,UPFC_tse,5-15,-2.1214241995712313,5,-2.136839258184921,WLS,9,0.015415058613689858
0,x_tcsc,1-14,-0.10882038190549076,6,-0.1088307202502758,WLS,9,1.033834478504636e-05
1,B_svc,2,0.17730782665596212,6,0.17750443286609066,WLS,9,0.00019660621012854151
2,UPFC_Vsh,5-15,1.1117086837019252,6,1.1094107399366555,WLS,9,0.0022979437652697055
3,UPFC_tsh,5-15,-0.23445431229268499,6,-0.23457720339960228,WLS,9,0.00012289110691729443
4,UPFC_Vse,5-15,0.058216639112947534,6,0.059353713384124616,WLS,9,0.0011370742711770826
5,UPFC_tse,5-15,-2.12325443482971,6,-2.136839258184921,WLS,9,0.01358482335521094
0,x_tcsc,1-14,-0.10884400531001867,7,-0.1088307202502758,WLS,9,1.3285059742865202e-05
1,B_svc,2,0.17778244493983575,7,0.17750443286609066,WLS,9,0.0002780120737450875
2,UPFC_Vsh,5-15,1.11160898855931,7,1.1094107399366555,WLS,9,0.0021982486226543863
3,UPFC_tsh,5-15,-0.23455137801536563,7,-0.23457720339960228,WLS,9,2.5825384236649596e-05
4,UPFC_Vse,5-15,0.05778921003548277,7,0.059353713384124616,WLS,9,0.0015645033486418464
5,UPFC_tse,5-15,-2.1208671896537403,7,-2.136839258184921,WLS,9,0.015972068531180827
0,x_tcsc,1-14,-0.1088358059295609,8,-0.1088307202502758,WLS,9,5.085679285088407e-06
1,B_svc,2,0.17745988451410336,8,0.17750443286609066,WLS,9,4.454835198730578e-05
2,UPFC_Vsh,5-15,1.1115401057281835,8,1.1094107399366555,WLS,9,0.002129365791528004
3,UPFC_tsh,5-15,-0.23454521198507944,8,-0.23457720339960228,WLS,9,3.199141452284171e-05
4,UPFC_Vse,5-15,0.05819646307678612,8,0.059353713384124616,WLS,9,0.0011572503073384935
5,UPFC_tse,5-15,-2.121814556045693,8,-2.136839258184921,WLS,9,0.015024702139228019
0,x_tcsc,1-14,-0.10883546364265194,9,-0.1088307202502758,WLS,9,4.743392376133082e-06
1,B_svc,2,0.17749892962395525,9,0.17750443286609066,WLS,9,5.503242135412867e-06
2,UPFC_Vsh,5-15,1.1115920296443937,9,1.1094107399366555,WLS,9,0.002181289707738232
3,UPFC_tsh,5-15,-0.23456199933319657,9,-0.23457720339960228,WLS,9,1.5204066405705152e-05
4,UPFC_Vse,5-15,0.0584129528809308,9,0.059353713384124616,WLS,9,0.0009407605031938188
5,UPFC_tse,5-15,-2.121863830341326,9,-2.136839258184921,WLS,9,0.014975427843594957
0,x_tcsc,1-14,-0.10881083987851656,10,-0.1088307202502758,WLS,9,1.9880371759248283e-05
1,B_svc,2,0.17742303828351416,10,0.17750443286609066,WLS,9,8.139458257649945e-05
2,UPFC_Vsh,5-15,1.1113755818277982,10,1.1094107399366555,WLS,9,0.0019648418911426546
3,UPFC_tsh,5-15,-0.23455582875275766,10,-0.23457720339960228,WLS,9,2.137464684462409e-05
4,UPFC_Vse,5-15,0.05762004109878739,10,0.059353713384124616,WLS,9,0.0017336722853372247
5,UPFC_tse,5-15,-2.1207421138379967,10,-2.136839258184921,WLS,9,0.01609714434692444
0,x_tcsc,1-14,-0.10883653050304537,11,-0.1088307202502758,WLS,9,5.81025276956415e-06
1,B_svc,2,0.1775640630880657,11,0.17750443286609066,WLS,9,5.9630221975026654e-05
2,UPFC_Vsh,5-15,1.1115783250316196,11,1.1094107399366555,WLS,9,0.002167585094964064
3,UPFC_tsh,5-15,-0.23448461393977638,11,-0.23457720339960228,WLS,9,9.258945982590361e-05
4,UPFC_Vse,5-15,0.057517575527839634,11,0.059353713384124616,WLS,9,0.001836137856284982
5,UPFC_tse,5-15,-2.1213481744774296,11,-2.136839258184921,WLS,9,0.015491083707491526
0,x_tcsc,1-14,-0.10882776842520867,12,-0.1088307202502758,WLS,9,2.9518250671406454e-06
1,B_svc,2,0.1774092995314996,12,0.17750443286609066,WLS,9,9.513333459107431e-05
2,UPFC_Vsh,5-15,1.1115137725987334,12,1.1094107399366555,WLS,9,0.002103032662077897
3,UPFC_tsh,5-15,-0.234545278444307,12,-0.23457720339960228,WLS,9,3.192495529527606e-05
4,UPFC_Vse,5-15,0.05821329347205788,12,0.059353713384124616,WLS,9,0.0011404199120667383
5,UPFC_tse,5-15,-2.1205633530040817,12,-2.136839258184921,WLS,9,0.016275905180839434
0,x_tcsc,1-14,-0.10882796900245233,13,-0.1088307202502758,WLS,9,2.7512478234792415e-06
1,B_svc,2,0.17713942178273495,13,0.17750443286609066,WLS,9,0.00036501108335570964
2,UPFC_Vsh,5-15,1.1117432367804019,13,1.1094107399366555,WLS,9,0.002332496843746368
3,UPFC_tsh,5-15,-0.23454712474495001,13,-0.23457720339960228,WLS,9,3.007865465226578e-05
4,UPFC_Vse,5-15,0.05778384840155937,13,0.059353713384124616,WLS,9,0.0015698649825652486
5,UPFC_tse,5-15,-2.1199827409292955,13,-2.136839258184921,WLS,9,0.016856517255625647
0,x_tcsc,1-14,-0.10882635649783709,14,-0.1088307202502758,WLS,9,4.3637524387157844e-06
1,B_svc,2,0.17727703376885523,14,0.17750443286609066,WLS,9,0.00022739909723543117
2,UPFC_Vsh,5-15,1.1117887904039823,14,1.1094107399366555,WLS,9,0.0023780504673267533
3,UPFC_tsh,5-15,-0.23446479951685487,14,-0.23457720339960228,WLS,9,0.00011240388274741386
4,UPFC_Vse,5-15,0.05804253230028296,14,0.059353713384124616,WLS,9,0.0013111810838416574
5,UPFC_tse,5-15,-2.120665116586708,14,-2.136839258184921,WLS,9,0.016174141598213065
0,x_tcsc,1-14,-0.1088247226867188,15,-0.1088307202502758,WLS,9,5.997563557000318e-06
1,B_svc,2,0.17709638568251126,15,0.17750443286609066,WLS,9,0.0004080471835793964
2,UPFC_Vsh,5-15,1.1113519817011588,15,1.1094107399366555,WLS,9,0.0019412417645032765
3,UPFC_tsh,5-15,-0.23456648847813813,15,-0.23457720339960228,WLS,9,1.0714921464149985e-05
4,UPFC_Vse,5-15,0.05839788716939374,15,0.059353713384124616,WLS,9,0.0009558262147308788
5,UPFC_tse,5-15,-2.1190029297535995,15,-2.136839258184921,WLS,9,0.017836328431321657
0,x_tcsc,1-14,-0.10883254815093467,16,-0.1088307202502758,WLS,9,1.8279006588628466e-06
1,B_svc,2,0.17720725620079034,16,0.17750443286609066,WLS,9,0.00029717666530032494
2,UPFC_Vsh,5-15,1.1115665826522214,16,1.1094107399366555,WLS,9,0.0021558427155659032
3,UPFC_tsh,5-15,-0.23447758691497406,16,-0.23457720339960228,WLS,9,9.961648462822326e-05
4,UPFC_Vse,5-15,0.05833123853805766,16,0.059353713384124616,WLS,9,0.001022474846066955
5,UPFC_tse,5-15,-2.1167483428445837,16,-2.136839258184921,WLS,9,0.020090915340337467
0,x_tcsc,1-14,-0.10883910567022817,17,-0.1088307202502758,WLS,9,8.385419952364193e-06
1,B_svc,2,0.17723495571859044,17,0.17750443286609066,WLS,9,0.00026947714750022445
2,UPFC_Vsh,5-15,1.112376280230405,17,1.1094107399366555,WLS,9,0.0029655402937494024
3,UPFC_tsh,5-15,-0.2344246391412405,17,-0.23457720339960228,WLS,9,0.00015256425836177034
4,UPFC_Vse,5-15,0.05760980421810061,17,0.059353713384124616,WLS,9,0.0017439091660240089
5,UPFC_tse,5-15,-2.1255922085111947,17,-2.136839258184921,WLS,9,0.011247049673726472
0,x_tcsc,1-14,-0.10882848113274082,18,-0.1088307202502758,WLS,9,2.2391175349828485e-06
1,B_svc,2,0.1771308199806548,18,0.17750443286609066,WLS,9,0.0003736128854358589
2,UPFC_Vsh,5-15,1.1117520187230754,18,1.1094107399366555,WLS,9,0.002341278786419876
3,UPFC_tsh,5-15,-0.23453184252317574,18,-0.23457720339960228,WLS,9,4.5360876426536745e-05
4,UPFC_Vse,5-15,0.058436223197347724,18,0.059353713384124616,WLS,9,0.0009174901867768925
5,UPFC_tse,5-15,-2.1217242923995134,18,-2.136839258184921,WLS,9,0.015114965785407719
0,x_tcsc,1-14,-0.10884285287981695,19,-0.1088307202502758,WLS,9,1.2132629541139472e-05
1,B_svc,2,0.17771221467967935,19,0.17750443286609066,WLS,9,0.00020778181358868664
2,UPFC_Vsh,5-15,1.1117377153950627,19,1.1094107399366555,WLS,9,0.00232697545840721
3,UPFC_tsh,5-15,-0.23451178242358298,19,-0.23457720339960228,WLS,9,6.542097601930363e-05
4,UPFC_Vse,5-15,0.05789178557637624,19,0.059353713384124616,WLS,9,0.0014619278077483769
5,UPFC_tse,5-15,-2.1222403204456795,19,-2.136839258184921,WLS,9,0.014598937739241702
0,x_tcsc,1-14,-0.10884358356880974,20,-0.1088307202502758,WLS,9,1.2863318533937185e-05
1,B_svc,2,0.17710409543122915,20,0.17750443286609066,WLS,9,0.0004003374348615085
2,UPFC_Vsh,5-15,1.1117295730252237,20,1.1094107399366555,WLS,9,0.002318833088568173
3,UPFC_tsh,5-15,-0.2345108093725314,20,-0.23457720339960228,WLS,9,6.639402707087072e-05
4,UPFC_Vse,5-15,0.058028107250169714,20,0.059353713384124616,WLS,9,0.0013256061339549027
5,UPFC_tse,5-15,-2.122663048932413,20,-2.136839258184921,WLS,9,0.014176209252508176
0,x_tcsc,1-14,-0.10882430807010252,21,-0.1088307202502758,WLS,9,6.4121801732902606e-06
1,B_svc,2,0.1778161290548017,21,0.17750443286609066,WLS,9,0.000311696188711047
2,UPFC_Vsh,5-15,1.1117013280831116,21,1.1094107399366555,WLS,9,0.0022905881464561073
3,UPFC_tsh,5-15,-0.23452069304507706,21,-0.23457720339960228,WLS,9,5.651035452522435e-05
4,UPFC_Vse,5-15,0.05862182330736107,21,0.059353713384124616,WLS,9,0.0007318900767635458
5,UPFC_tse,5-15,-2.12020153276965,21,-2.136839258184921,WLS,9,0.0166377254152712
0,x_tcsc,1-14,-0.1088202448397772,22,-0.1088307202502758,WLS,9,1.0475410498603233e-05
1,B_svc,2,0.17779419812272218,22,0.17750443286609066,WLS,9,0.000289765256631519
2,UPFC_Vsh,5-15,1.111577010572868,22,1.1094107399366555,WLS,9,0.0021662706362124418
3,UPFC_tsh,5-15,-0.23455516326165038,22,-0.23457720339960228,WLS,9,2.204013795190085e-05
4,UPFC_Vse,5-15,0.058236645805543226,22,0.059353713384124616,WLS,9,0.0011170675785813905
5,UPFC_tse,5-15,-2.118934582268612,22,-2.136839258184921,WLS,9,0.017904675916309287
0,x_tcsc,1-14,-0.10883079119725307,23,-0.1088307202502758,WLS,9,7.094697726528487e-08
1,B_svc,2,0.17755764718795006,23,0.17750443286609066,WLS,9,5.321432185939612e-05
2,UPFC_Vsh,5-15,1.1114177890970212,23,1.1094107399366555,WLS,9,0.002007049160365648
3,UPFC_tsh,5-15,-0.23463144920900386,23,-0.23457720339960228,WLS,9,5.424580940158186e-05
4,UPFC_Vse,5-15,0.05854543181412078,23,0.059353713384124616,WLS,9,0.0008082815700038368
5,UPFC_tse,5-15,-2.119471764089439,23,-2.136839258184921,WLS,9,0.017367494095481995
0,x_tcsc,1-14,-0.10882040863768312,24,-0.1088307202502758,WLS,9,1.0311612592683872e-05
1,B_svc,2,0.17728469010382344,24,0.17750443286609066,WLS,9,0.00021974276226721656
2,UPFC_Vsh,5-15,1.1119267260557673,24,1.1094107399366555,WLS,9,0.002515986119111746
3,UPFC_tsh,5-15,-0.23453947602302772,24,-0.23457720339960228,WLS,9,3.7727376574564486e-05
4,UPFC_Vse,5-15,0.057778925540787146,24,0.059353713384124616,WLS,9,0.0015747878433374704
5,UPFC_tse,5-15,-2.1234182954009757,24,-2.136839258184921,WLS,9,0.013420962783945445
0,x_tcsc,1-14,-0.10881723458303587,25,-0.1088307202502758,WLS,9,1.3485667239937493e-05
1,B_svc,2,0.17760348833134515,25,0.17750443286609066,WLS,9,9.905546525448838e-05
2,UPFC_Vsh,5-15,1.1119907798567006,25,1.1094107399366555,WLS,9,0.002580039920045074
3,UPFC_tsh,5-15,-0.23444637566029955,25,-0.23457720339960228,WLS,9,0.00013082773930273017
4,UPFC_Vse,5-15,0.057600512741779374,25,0.059353713384124616,WLS,9,0.0017532006423452429
5,UPFC_tse,5-15,-2.1187830430877135,25,-2.136839258184921,WLS,9,0.018056215097207673
0,x_tcsc,1-14,-0.10881914407055232,26,-0.1088307202502758,WLS,9,1.1576179723485347e-05
1,B_svc,2,0.17786918245272623,26,0.17750443286609066,WLS,9,0.000364749586635571
2,UPFC_Vsh,5-15,1.1114081846789292,26,1.1094107399366555,WLS,9,0.001997444742273702
3,UPFC_tsh,5-15,-0.23451386107696795,26,-0.23457720339960228,WLS,9,6.334232263432993e-05
4,UPFC_Vse,5-15,0.05787046964269884,26,0.059353713384124616,WLS,9,0.001483243741425777
5,UPFC_tse,5-15,-2.1184173015507572,26,-2.136839258184921,WLS,9,0.018421956634163905
0,x_tcsc,1-14,-0.10883700975882142,27,-0.1088307202502758,WLS,9,6.289508545614941e-06
1,B_svc,2,0.1772792567748188,27,0.17750443286609066,WLS,9,0.00022517609127187255
2,UPFC_Vsh,5-15,1.111699022073268,27,1.1094107399366555,WLS,9,0.002288282136612585
3,UPFC_tsh,5-15,-0.2345214132236421,27,-0.23457720339960228,WLS,9,5.579017596019087e-05
4,UPFC_Vse,5-15,0.057884983410039226,27,0.059353713384124616,WLS,9,0.0014687299740853907
5,UPFC_tse,5-15,-2.1232929127858617,27,-2.136839258184921,WLS,9,0.013546345399059412
0,x_tcsc,1-14,-0.10883534217071908,28,-0.1088307202502758,WLS,9,4.621920443273475e-06
1,B_svc,2,0.17786462805492592,28,0.17750443286609066,WLS,9,0.0003601951888352606
2,UPFC_Vsh,5-15,1.1116980995894137,28,1.1094107399366555,WLS,9,0.0022873596527581697
3,UPFC_tsh,5-15,-0.2345677434940687,28,-0.23457720339960228,WLS,9,9.459905533582003e-06
4,UPFC_Vse,5-15,0.05831390179255722,28,0.059353713384124616,WLS,9,0.0010398115915673939
5,UPFC_tse,5-15,-2.1210966935145583,28,-2.136839258184921,WLS,9,0.015742564670362835
0,x_tcsc,1-14,-0.10884295657585318,29,-0.1088307202502758,WLS,9,1.2236325577369422e-05
1,B_svc,2,0.17803496771403826,29,0.17750443286609066,WLS,9,0.0005305348479476002
2,UPFC_Vsh,5-15,1.1117105647809427,29,1.1094107399366555,WLS,9,0.002299824844287146
3,UPFC_tsh,5-15,-0.23457297583353573,29,-0.23457720339960228,WLS,9,4.227566066550281e-06
4,UPFC_Vse,5-15,0.05838311130752742,29,0.059353713384124616,WLS,9,0.0009706020765971948
5,UPFC_tse,5-15,-2.1216891752887146,29,-2.136839258184921,WLS,9,0.015150082896206563
0,x_tcsc,1-14,-0.10884060461268755,30,-0.1088307202502758,WLS,9,9.884362411741177e-06
1,B_svc,2,0.17751250991848544,30,0.17750443286609066,WLS,9,8.077052394778184e-06
2,UPFC_Vsh,5-15,1.111873009053371,30,1.1094107399366555,WLS,9,0.002462269116715543
3,UPFC_tsh,5-15,-0.234589834443425,30,-0.23457720339960228,WLS,9,1.263104382270841e-05
4,UPFC_Vse,5-15,0.058838373850245346,30,0.059353713384124616,WLS,9,0.0005153395338792707
5,UPFC_tse,5-15,-2.122797391644403,30,-2.136839258184921,WLS,9,0.0140418665405182
0,x_tcsc,1-14,-0.10881588794129633,31,-0.1088307202502758,WLS,9,1.4832308979473297e-05
1,B_svc,2,0.17764495245448594,31,0.17750443286609066,WLS,9,0.00014051958839528256
2,UPFC_Vsh,5-15,1.1118640829154867,31,1.1094107399366555,WLS,9,0.0024533429788311523
3,UPFC_tsh,5-15,-0.23445780696934768,31,-0.23457720339960228,WLS,9,0.00011939643025460356
4,UPFC_Vse,5-15,0.057865251020974805,31,0.059353713384124616,WLS,9,0.0014884623631498117
5,UPFC_tse,5-15,-2.1209821575381302,31,-2.136839258184921,WLS,9,0.01585710064679091
0,x_tcsc,1-14,-0.10882725260880324,32,-0.1088307202502758,WLS,9,3.4676414725626215e-06
1,B_svc,2,0.1779995135146949,32,0.17750443286609066,WLS,9,0.0004950806486042347
2,UPFC_Vsh,5-15,1.1113909355127967,32,1.1094107399366555,WLS,9,0.0019801955761411527
3,UPFC_tsh,5-15,-0.23452874951856675,32,-0.23457720339960228,WLS,9,4.845388103552617e-05
4,UPFC_Vse,5-15,0.05770572871236111,32,0.059353713384124616,WLS,9,0.001647984671763504
5,UPFC_tse,5-15,-2.124877729961257,32,-2.136839258184921,WLS,9,0.011961528223664253
0,x_tcsc,1-14,-0.10882272604746339,33,-0.1088307202502758,WLS,9,7.994202812416917e-06
1,B_svc,2,0.1774504786980958,33,0.17750443286609066,WLS,9,5.395416799486297e-05
2,UPFC_Vsh,5-15,1.1114735294237204,33,1.1094107399366555,WLS,9,0.0020627894870648422
3,UPFC_tsh,5-15,-0.23449391635945166,33,-0.23457720339960228,WLS,9,8.328704015062027e-05
4,UPFC_Vse,5-15,0.05776740093177776,33,0.059353713384124616,WLS,9,0.0015863124523468539
5,UPFC_tse,5-15,-2.11893219919676,33,-2.136839258184921,WLS,9,0.01790705898816114
0,x_tcsc,1-14,-0.10883790094261335,34,-0.1088307202502758,WLS,9,7.180692337543926e-06
1,B_svc,2,0.17728723219728523,34,0.17750443286609066,WLS,9,0.00021720066880542843
2,UPFC_Vsh,5-15,1.1113128349908425,34,1.1094107399366555,WLS,9,0.0019020950541870363
3,UPFC_tsh,5-15,-0.2345754842932854,34,-0.23457720339960228,WLS,9,1.7191063168831011e-06
4,UPFC_Vse,5-15,0.05832344295890062,34,0.059353713384124616,WLS,9,0.0010302704252239947
5,UPFC_tse,5-15,-2.121726833410587,34,-2.136839258184921,WLS,9,0.015112424774334166
0,x_tcsc,1-14,-0.10882987694469008,35,-0.1088307202502758,WLS,9,8.433055857237637e-07
1,B_svc,2,0.17739160251767683,35,0.17750443286609066,WLS,9,0.00011283034841383377
2,UPFC_Vsh,5-15,1.1115957884253027,35,1.1094107399366555,WLS,9,0.002185048488647201
3,UPFC_tsh,5-15,-0.23452558300560306,35,-0.23457720339960228,WLS,9,5.1620393999224357e-05
4,UPFC_Vse,5-15,0.05829719233586097,35,0.059353713384124616,WLS,9,0.0010565210482636478
5,UPFC_tse,5-15,-2.1188076400162354,35,-2.136839258184921,WLS,9,0.018031618168685704
0,x_tcsc,1-14,-0.10882409256550396,36,-0.1088307202502758,WLS,9,6.627684771845499e-06
1,B_svc,2,0.17737358978788526,36,0.17750443286609066,WLS,9,0.00013084307820540597
2,UPFC_Vsh,5-15,1.1116366642262023,36,1.1094107399366555,WLS,9,0.002225924289546821
3,UPFC_tsh,5-15,-0.23461491592966027,36,-0.23457720339960228,WLS,9,3.77125300579928e-05
4,UPFC_Vse,5-15,0.058168196011084125,36,0.059353713384124616,WLS,9,0.0011855173730404914
5,UPFC_tse,5-15,-2.124020291051287,36,-2.136839258184921,WLS,9,0.012818967133634285
0,x_tcsc,1-14,-0.10882087221080307,37,-0.1088307202502758,WLS,9,9.84803947273738e-06
1,B_svc,2,0.1776643629496219,37,0.17750443286609066,WLS,9,0.00015993008353124005
2,UPFC_Vsh,5-15,1.1120020456381425,37,1.1094107399366555,WLS,9,0.0025913057014870233
3,UPFC_tsh,5-15,-0.23448879630348923,37,-0.23457720339960228,WLS,9,8.840709611304676e-05
4,UPFC_Vse,5-15,0.058265770767022745,37,0.059353713384124616,WLS,9,0.001087942617101871
5,UPFC_tse,5-15,-2.122518488173206,37,-2.136839258184921,WLS,9,0.014320770011714945
0,x_tcsc,1-14,-0.10880815020384747,38,-0.1088307202502758,WLS,9,2.2570046428332935e-05
1,B_svc,2,0.17752333335067927,38,0.17750443286609066,WLS,9,1.8900484588607602e-05
2,UPFC_Vsh,5-15,1.111908688288095,38,1.1094107399366555,WLS,9,0.0024979483514395717
3,UPFC_tsh,5-15,-0.23446207221687596,38,-0.23457720339960228,WLS,9,0.00011513118272632461
4,UPFC_Vse,5-15,0.05797963892634668,38,0.059353713384124616,WLS,9,0.0013740744577779365
5,UPFC_tse,5-15,-2.123033572762484,38,-2.136839258184921,WLS,9,0.013805685422437097
0,x_tcsc,1-14,-0.10882779108080025,39,-0.1088307202502758,WLS,9,2.929169475557325e-06
1,B_svc,2,0.1776442960184706,39,0.17750443286609066,WLS,9,0.00013986315237993208
2,UPFC_Vsh,5-15,1.1113023709764192,39,1.1094107399366555,WLS,9,0.0018916310397636416
3,UPFC_tsh,5-15,-0.23456441587302468,39,-0.23457720339960228,WLS,9,1.2787526577601183e-05
4,UPFC_Vse,5-15,0.05775794062452259,39,0.059353713384124616,WLS,9,0.0015957727596020294
5,UPFC_tse,5-15,-2.1220226279204706,39,-2.136839258184921,WLS,9,0.01481663026445057
0,x_tcsc,1-14,-0.10884044143196736,40,-0.1088307202502758,WLS,9,9.721181691554892e-06
1,B_svc,2,0.17794737575672917,40,0.17750443286609066,WLS,9,0.0004429428906385091
2,UPFC_Vsh,5-15,1.1119722897419515,40,1.1094107399366555,WLS,9,0.002561549805295993
3,UPFC_tsh,5-15,-0.23458124893729906,40,-0.23457720339960228,WLS,9,4.045537696784063e-06
4,UPFC_Vse,5-15,0.05832463461586108,40,0.059353713384124616,WLS,9,0.0010290787682635388
5,UPFC_tse,5-15,-2.1228407170407113,40,-2.136839258184921,WLS,9,0.013998541144209842
0,x_tcsc,1-14,-0.10884161386800188,41,-0.1088307202502758,WLS,9,1.0893617726076554e-05
1,B_svc,2,0.17724943519149922,41,0.17750443286609066,WLS,9,0.00025499767459144507
2,UPFC_Vsh,5-15,1.1115382157080131,41,1.1094107399366555,WLS,9,0.002127475771357634
3,UPFC_tsh,5-15,-0.23453508958763225,41,-0.23457720339960228,WLS,9,4.211381197002928e-05
4,UPFC_Vse,5-15,0.05783591496089776,41,0.059353713384124616,WLS,9,0.001517798423226857
5,UPFC_tse,5-15,-2.1203073240948926,41,-2.136839258184921,WLS,9,0.01653193409002851
0,x_tcsc,1-14,-0.10882722657125049,42,-0.1088307202502758,WLS,9,3.493679025315388e-06
1,B_svc,2,0.17756405583707813,42,0.17750443286609066,WLS,9,5.962297098746627e-05
2,UPFC_Vsh,5-15,1.1115596129224141,42,1.1094107399366555,WLS,9,0.0021488729857586097
3,UPFC_tsh,5-15,-0.23449991380153606,42,-0.23457720339960228,WLS,9,7.728959806621583e-05
4,UPFC_Vse,5-15,0.05800781023197536,42,0.059353713384124616,WLS,9,0.001345903152149254
5,UPFC_tse,5-15,-2.1260361506704646,42,-2.136839258184921,WLS,9,0.010803107514456567
0,x_tcsc,1-14,-0.10883123582404923,43,-0.1088307202502758,WLS,9,5.155737734241495e-07
1,B_svc,2,0.1774120131934845,43,0.17750443286609066,WLS,9,9.24196726061477e-05
2,UPFC_Vsh,5-15,1.111496909582619,43,1.1094107399366555,WLS,9,0.0020861696459635315
3,UPFC_tsh,5-15,-0.23448845189851458,43,-0.23457720339960228,WLS,9,8.875150108769714e-05
4,UPFC_Vse,5-15,0.05814790246805704,43,0.059353713384124616,WLS,9,0.0012058109160675776
5,UPFC_tse,5-15,-2.1192661317864365,43,-2.136839258184921,WLS,9,0.01757312639848463
0,x_tcsc,1-14,-0.10884673435233315,44,-0.1088307202502758,WLS,9,1.6014102057343438e-05
1,B_svc,2,0.17756783044461094,44,0.17750443286609066,WLS,9,6.339757852028005e-05
2,UPFC_Vsh,5-15,1.1116088319796649,44,1.1094107399366555,WLS,9,0.0021980920430093587
3,UPFC_tsh,5-15,-0.23461666144312013,44,-0.23457720339960228,WLS,9,3.945804351784821e-05
4,UPFC_Vse,5-15,0.05865425581137431,44,0.059353713384124616,WLS,9,0.0006994575727503061
5,UPFC_tse,5-15,-2.1150719379514475,44,-2.136839258184921,WLS,9,0.021767320233473608
0,x_tcsc,1-14,-0.10882685675525335,45,-0.1088307202502758,WLS,9,3.863495022460306e-06
1,B_svc,2,0.1774790472386781,45,0.17750443286609066,WLS,9,2.5385627412555234e-05
2,UPFC_Vsh,5-15,1.1116367080604845,45,1.1094107399366555,WLS,9,0.002225968123829025
3,UPFC_tsh,5-15,-0.23454166693096476,45,-0.23457720339960228,WLS,9,3.553646863752036e-05
4,UPFC_Vse,5-15,0.05815314962468805,45,0.059353713384124616,WLS,9,0.001200563759436564
5,UPFC_tse,5-15,-2.118475391055723,45,-2.136839258184921,WLS,9,0.01836386712919813
0,x_tcsc,1-14,-0.10883153747350496,46,-0.1088307202502758,WLS,9,8.172232291575598e-07
1,B_svc,2,0.17759979257709496,46,0.17750443286609066,WLS,9,9.53597110043003e-05
2,UPFC_Vsh,5-15,1.1118860304376972,46,1.1094107399366555,WLS,9,0.0024752905010416715
3,UPFC_tsh,5-15,-0.23451150813930283,46,-0.23457720339960228,WLS,9,6.569526029945316e-05
4,UPFC_Vse,5-15,0.057617493557526926,46,0.059353713384124616,WLS,9,0.0017362198265976903
5,UPFC_tse,5-15,-2.1202589645999974,46,-2.136839258184921,WLS,9,0.016580293584923744
0,x_tcsc,1-14,-0.10883837833505988,47,-0.1088307202502758,WLS,9,7.658084784076258e-06
1,B_svc,2,0.17734179991252422,47,0.17750443286609066,WLS,9,0.00016263295356644392
2,UPFC_Vsh,5-15,1.111733356303212,47,1.1094107399366555,WLS,9,0.002322616366556396
3,UPFC_tsh,5-15,-0.23451750049563833,47,-0.23457720339960228,WLS,9,5.970290396395406e-05
4,UPFC_Vse,5-15,0.058426456994757854,47,0.059353713384124616,WLS,9,0.0009272563893667624
5,UPFC_tse,5-15,-2.12232233738329,47,-2.136839258184921,WLS,9,0.014516920801631361
0,x_tcsc,1-14,-0.10881223244492735,48,-0.1088307202502758,WLS,9,1.848780534845218e-05
1,B_svc,2,0.17781543305886133,48,0.17750443286609066,WLS,9,0.00031100019277066626
2,UPFC_Vsh,5-15,1.1120281742805949,48,1.1094107399366555,WLS,9,0.002617434343939351
3,UPFC_tsh,5-15,-0.2345032418597272,48,-0.23457720339960228,WLS,9,7.396153987507259e-05
4,UPFC_Vse,5-15,0.05818362237461825,48,0.059353713384124616,WLS,9,0.001170091009506366
5,UPFC_tse,5-15,-2.1215076437091485,48,-2.136839258184921,WLS,9,0.015331614475772692
0,x_tcsc,1-14,-0.10883740163864,49,-0.1088307202502758,WLS,9,6.681388364196406e-06
1,B_svc,2,0.17747407055733982,49,0.17750443286609066,WLS,9,3.0362308750836453e-05
2,UPFC_Vsh,5-15,1.1115288859417123,49,1.1094107399366555,WLS,9,0.0021181460050567757
3,UPFC_tsh,5-15,-0.23458829420327343,49,-0.23457720339960228,WLS,9,1.1090803671148786e-05
4,UPFC_Vse,5-15,0.05795207357329501,49,0.059353713384124616,WLS,9,0.001401639810829608
5,UPFC_tse,5-15,-2.120689375168676,49,-2.136839258184921,WLS,9,0.01614988301624498
0,x_tcsc,1-14,-0.10884371824968245,50,-0.1088307202502758,WLS,9,1.299799940664148e-05
1,B_svc,2,0.17726753060171097,50,0.17750443286609066,WLS,9,0.00023690226437969586
2,UPFC_Vsh,5-15,1.1114887893040468,50,1.1094107399366555,WLS,9,0.0020780493673913103
3,UPFC_tsh,5-15,-0.23447159972209783,50,-0.23457720339960228,WLS,9,0.0001056036775044511
4,UPFC_Vse,5-15,0.05810203460977224,50,0.059353713384124616,WLS,9,0.001251678774352373
5,UPFC_tse,5-15,-2.122025593260642,50,-2.136839258184921,WLS,9,0.014813664924278935
0,x_tcsc,1-14,-0.10881518934345233,51,-0.1088307202502758,WLS,9,1.553090682347713e-05
1,B_svc,2,0.1778436688828467,51,0.17750443286609066,WLS,9,0.00033923601675603376
2,UPFC_Vsh,5-15,1.1117644642320426,51,1.1094107399366555,WLS,9,0.0023537242953870496
3,UPFC_tsh,5-15,-0.2345233072036525,51,-0.23457720339960228,WLS,9,5.38961959497819e-05
4,UPFC_Vse,5-15,0.058114314339381086,51,0.059353713384124616,WLS,9,0.0012393990447435305
5,UPFC_tse,5-15,-2.121459913248213,51,-2.136839258184921,WLS,9,0.015379344936708339
0,x_tcsc,1-14,-0.10883823224146454,52,-0.1088307202502758,WLS,9,7.511991188730027e-06
1,B_svc,2,0.17772061163393643,52,0.17750443286609066,WLS,9,0.0002161787678457705
2,UPFC_Vsh,5-15,1.1117875095249503,52,1.1094107399366555,WLS,9,0.0023767695882948026
3,UPFC_tsh,5-15,-0.23447686037823595,52,-0.23457720339960228,WLS,9,0.00010034302136632811
4,UPFC_Vse,5-15,0.05806633953723272,52,0.059353713384124616,WLS,9,0.0012873738468918983
5,UPFC_tse,5-15,-2.1199450314908397,52,-2.136839258184921,WLS,9,0.01689422669408147
0,x_tcsc,1-14,-0.10882295772765595,53,-0.1088307202502758,WLS,9,7.762522619858547e-06
1,B_svc,2,0.17721666637899824,53,0.17750443286609066,WLS,9,0.0002877664870924168
2,UPFC_Vsh,5-15,1.1115797811106058,53,1.1094107399366555,WLS,9,0.002169041173950337
3,UPFC_tsh,5-15,-0.234551220137822,53,-0.23457720339960228,WLS,9,2.5983261780271327e-05
4,UPFC_Vse,5-15,0.057885720367262555,53,0.059353713384124616,WLS,9,0.0014679930168620611
5,UPFC_tse,5-15,-2.1233202881230264,53,-2.136839258184921,WLS,9,0.01351897006189473
0,x_tcsc,1-14,-0.10881904995839528,54,-0.1088307202502758,WLS,9,1.1670291880525041e-05
1,B_svc,2,0.17813627916305816,54,0.17750443286609066,WLS,9,0.0006318462969674976
2,UPFC_Vsh,5-15,1.1115637510440062,54,1.1094107399366555,WLS,9,0.0021530111073506664
3,UPFC_tsh,5-15,-0.23454110447068716,54,-0.23457720339960228,WLS,9,3.6098928915123674e-05
4,UPFC_Vse,5-15,0.057943927445660945,54,0.059353713384124616,WLS,9,0.0014097859384636716
5,UPFC_tse,5-15,-2.1218895323958478,54,-2.136839258184921,WLS,9,0.014949725789073387
0,x_tcsc,1-14,-0.10882549790732228,55,-0.1088307202502758,WLS,9,5.22234295352586e-06
1,B_svc,2,0.17737533000584993,55,0.17750443286609066,WLS,9,0.0001291028602407318
2,UPFC_Vsh,5-15,1.1119834008062255,55,1.1094107399366555,WLS,9,0.002572660869569976
3,UPFC_tsh,5-15,-0.23453978874292403,55,-0.23457720339960228,WLS,9,3.7414656678252944e-05
4,UPFC_Vse,5-15,0.05827317048292609,55,0.059353713384124616,WLS,9,0.0010805429011985293
5,UPFC_tse,5-15,-2.1201233758081455,55,-2.136839258184921,WLS,9,0.01671588237677568
0,x_tcsc,1-14,-0.1088281792929508,56,-0.1088307202502758,WLS,9,2.5409573250062545e-06
1,B_svc,2,0.1779413303158375,56,0.17750443286609066,WLS,9,0.0004368974497468425
2,UPFC_Vsh,5-15,1.1115496040610984,56,1.1094107399366555,WLS,9,0.002138864124442863
3,UPFC_tsh,5-15,-0.234537079142726,56,-0.23457720339960228,WLS,9,4.0124256876272746e-05
4,UPFC_Vse,5-15,0.05792245855333741,56,0.059353713384124616,WLS,9,0.0014312548307872097
5,UPFC_tse,5-15,-2.1191052469340206,56,-2.136839258184921,WLS,9,0.017734011250900572
0,x_tcsc,1-14,-0.10883274820714244,57,-0.1088307202502758,WLS,9,2.0279568666292658e-06
1,B_svc,2,0.17717173184504154,57,0.17750443286609066,WLS,9,0.00033270102104912547
2,UPFC_Vsh,5-15,1.1118226781714795,57,1.1094107399366555,WLS,9,0.002411938234823996
3,UPFC_tsh,5-15,-0.23453545731184544,57,-0.23457720339960228,WLS,9,4.1746087756838746e-05
4,UPFC_Vse,5-15,0.058315807216423834,57,0.059353713384124616,WLS,9,0.001037906167700782
5,UPFC_tse,5-15,-2.1199401432810316,57,-2.136839258184921,WLS,9,0.01689911490388951
0,x_tcsc,1-14,-0.10882517223106523,58,-0.1088307202502758,WLS,9,5.548019210571686e-06
1,B_svc,2,0.17738532616819197,58,0.17750443286609066,WLS,9,0.000119106697898691
2,UPFC_Vsh,5-15,1.1117457917763676,58,1.1094107399366555,WLS,9,0.0023350518397120545
3,UPFC_tsh,5-15,-0.23453619497871392,58,-0.23457720339960228,WLS,9,4.1008420888360986e-05
4,UPFC_Vse,5-15,0.057628530226608236,58,0.059353713384124616,WLS,9,0.00172518315751638
5,UPFC_tse,5-15,-2.122451027921681,58,-2.136839258184921,WLS,9,0.01438823026324032
0,x_tcsc,1-14,-0.10881801215464913,59,-0.1088307202502758,WLS,9,1.270809562667341e-05
1,B_svc,2,0.17743024707839616,59,0.17750443286609066,WLS,9,7.418578769449735e-05
2,UPFC_Vsh,5-15,1.1117299266509897,59,1.1094107399366555,WLS,9,0.002319186714334176
3,UPFC_tsh,5-15,-0.23452105641616844,59,-0.23457720339960228,WLS,9,5.614698343384128e-05
4,UPFC_Vse,5-15,0.058336286084805886,59,0.059353713384124616,WLS,9,0.0010174272993187308
5,UPFC_tse,5-15,-2.1176605895417238,59,-2.136839258184921,WLS,9,0.019178668643197394
0,x_tcsc,1-14,-0.10883624259163358,60,-0.1088307202502758,WLS,9,5.5223413577693e-06
1,B_svc,2,0.17755488224116417,60,0.17750443286609066,WLS,9,5.0449375073507996e-05
2,UPFC_Vsh,5-15,1.1116888925260517,60,1.1094107399366555,WLS,9,0.0022781525893962318
3,UPFC_tsh,5-15,-0.2344816632028743,60,-0.23457720339960228,WLS,9,9.554019672797232e-05
4,UPFC_Vse,5-15,0.0583288754339391,60,0.059353713384124616,WLS,9,0.0010248379501855143
5,UPFC_tse,5-15,-2.1185902334182556,60,-2.136839258184921,WLS,9,0.018249024766665567
0,x_tcsc,1-14,-0.10884057292189711,61,-0.1088307202502758,WLS,9,9.852671621304876e-06
1,B_svc,2,0.1771676847315573,61,0.17750443286609066,WLS,9,0.0003367481345333545
2,UPFC_Vsh,5-15,1.1117459880851055,61,1.1094107399366555,WLS,9,0.0023352481484499865
3,UPFC_tsh,5-15,-0.23455248735286097,61,-0.23457720339960228,WLS,9,2.4716046741313225e-05
4,UPFC_Vse,5-15,0.05828033926595473,61,0.059353713384124616,WLS,9,0.0010733741181698855
5,UPFC_tse,5-15,-2.121639768904018,61,-2.136839258184921,WLS,9,0.015199489280903311
0,x_tcsc,1-14,-0.10883619605707698,62,-0.1088307202502758,WLS,9,5.475806801172323e-06
1,B_svc,2,0.17765641868229723,62,0.17750443286609066,WLS,9,0.00015198581620656793
2,UPFC_Vsh,5-15,1.1113426187870104,62,1.1094107399366555,WLS,9,0.00193187885035484
3,UPFC_tsh,5-15,-0.23454797469895475,62,-0.23457720339960228,WLS,9,2.9228700647532246e-05
4,UPFC_Vse,5-15,0.05838263662422121,62,0.059353713384124616,WLS,9,0.0009710767599034054
5,UPFC_tse,5-15,-2.1226259025912313,62,-2.136839258184921,WLS,9,0.014213355593689858
0,x_tcsc,1-14,-0.10883076856429014,63,-0.1088307202502758,WLS,9,4.8314014330919086e-08
1,B_svc,2,0.17760291455884614,63,0.17750443286609066,WLS,9,9.848169275547547e-05
2,UPFC_Vsh,5-15,1.1115802291480577,63,1.1094107399366555,WLS,9,0.0021694892114021425
3,UPFC_tsh,5-15,-0.23458859305356305,63,-0.23457720339960228,WLS,9,1.138965396077496e-05
4,UPFC_Vse,5-15,0.05811831266194521,63,0.059353713384124616,WLS,9,0.0012354007221794042
5,UPFC_tse,5-15,-2.1226116441934426,63,-2.136839258184921,WLS,9,0.014227613991478538
0,x_tcsc,1-14,-0.10883322138595372,64,-0.1088307202502758,WLS,9,2.5011356779153227e-06
1,B_svc,2,0.17757842412245858,64,0.17750443286609066,WLS,9,7.399125636792236e-05
2,UPFC_Vsh,5-15,1.1117959378723354,64,1.1094107399366555,WLS,9,0.002385197935679928
3,UPFC_tsh,5-15,-0.2344917513028625,64,-0.23457720339960228,WLS,9,8.545209673976872e-05
4,UPFC_Vse,5-15,0.0583081462722327,64,0.059353713384124616,WLS,9,0.0010455671118919166
5,UPFC_tse,5-15,-2.1244404492890374,64,-2.136839258184921,WLS,9,0.01239880889588374
0,x_tcsc,1-14,-0.10882391731413249,65,-0.1088307202502758,WLS,9,6.802936143315841e-06
1,B_svc,2,0.17743680377751414,65,0.17750443286609066,WLS,9,6.762908857652072e-05
2,UPFC_Vsh,5-15,1.1117127788386059,65,1.1094107399366555,WLS,9,0.002302038901950354
3,UPFC_tsh,5-15,-0.2345675883561349,65,-0.23457720339960228,WLS,9,9.615043467386952e-06
4,UPFC_Vse,5-15,0.058176184378538456,65,0.059353713384124616,WLS,9,0.00117752900558616
5,UPFC_tse,5-15,-2.1190882234261936,65,-2.136839258184921,WLS,9,0.017751034758727524
0,x_tcsc,1-14,-0.10883438502083674,66,-0.1088307202502758,WLS,9,3.664770560934949e-06
1,B_svc,2,0.17758815226267613,66,0.17750443286609066,WLS,9,8.371939658546879e-05
2,UPFC_Vsh,5-15,1.1122396976856799,66,1.1094107399366555,WLS,9,0.0028289577490243634
3,UPFC_tsh,5-15,-0.2344682244408323,66,-0.23457720339960228,WLS,9,0.00010897895876998964
4,UPFC_Vse,5-15,0.058413869506525946,66,0.059353713384124616,WLS,9,0.00093984387759867
5,UPFC_tse,5-15,-2.1196192048055877,66,-2.136839258184921,WLS,9,0.01722005337933341
0,x_tcsc,1-14,-0.108854024227472,67,-0.1088307202502758,WLS,9,2.3303977196187375e-05
1,B_svc,2,0.17719096189399813,67,0.17750443286609066,WLS,9,0.0003134709720925277
2,UPFC_Vsh,5-15,1.1116449879666177,67,1.1094107399366555,WLS,9,0.0022342480299621936
3,UPFC_tsh,5-15,-0.2345745687145957,67,-0.23457720339960228,WLS,9,2.634685006580595e-06
4,UPFC_Vse,5-15,0.05816829689642252,67,0.059353713384124616,WLS,9,0.0011854164877020956
5,UPFC_tse,5-15,-2.123167467409207,67,-2.136839258184921,WLS,9,0.013671790775714232
0,x_tcsc,1-14,-0.10883703502532768,68,-0.1088307202502758,WLS,9,6.314775051877164e-06
1,B_svc,2,0.17762579219594182,68,0.17750443286609066,WLS,9,0.00012135932985116171
2,UPFC_Vsh,5-15,1.112110504578037,68,1.1094107399366555,WLS,9,0.0026997646413815524
3,UPFC_tsh,5-15,-0.23450203730140565,68,-0.23457720339960228,WLS,9,7.516609819663289e-05
4,UPFC_Vse,5-15,0.05831410051386991,68,0.059353713384124616,WLS,9,0.0010396128702547039
5,UPFC_tse,5-15,-2.1202706983382846,68,-2.136839258184921,WLS,9,0.01656855984663652
0,x_tcsc,1-14,-0.1088297392817602,69,-0.1088307202502758,WLS,9,9.809685156125791e-07
1,B_svc,2,0.17801936692931616,69,0.17750443286609066,WLS,9,0.0005149340632255028
2,UPFC_Vsh,5-15,1.1118232036041347,69,1.1094107399366555,WLS,9,0.002412463667479159
3,UPFC_tsh,5-15,-0.2344824467867322,69,-0.23457720339960228,WLS,9,9.475661287008941e-05
4,UPFC_Vse,5-15,0.057950330622384444,69,0.059353713384124616,WLS,9,0.0014033827617401726
5,UPFC_tse,5-15,-2.120257768894884,69,-2.136839258184921,WLS,9,0.016581489290037332
0,x_tcsc,1-14,-0.10882994882723294,70,-0.1088307202502758,WLS,9,7.714230428612634e-07
1,B_svc,2,0.17708633879037136,70,0.17750443286609066,WLS,9,0.0004180940757192997
2,UPFC_Vsh,5-15,1.1114681124376993,70,1.1094107399366555,WLS,9,0.002057372501043764
3,UPFC_tsh,5-15,-0.2345332573140417,70,-0.23457720339960228,WLS,9,4.3946085560575554e-05
4,UPFC_Vse,5-15,0.05828604672518608,70,0.059353713384124616,WLS,9,0.0010676666589385375
5,UPFC_tse,5-15,-2.1201980283692756,70,-2.136839258184921,WLS,9,0.01664122981564553
0,x_tcsc,1-14,-0.1088266164492122,71,-0.1088307202502758,WLS,9,4.103801063609636e-06
1,B_svc,2,0.1774163721536002,71,0.17750443286609066,WLS,9,8.806071249045644e-05
2,UPFC_Vsh,5-15,1.111799565719096,71,1.1094107399366555,WLS,9,0.0023888257824404846
3,UPFC_tsh,5-15,-0.23458057528932988,71,-0.23457720339960228,WLS,9,3.3718897275991644e-06
4,UPFC_Vse,5-15,0.05825007392197851,71,0.059353713384124616,WLS,9,0.0011036394621461096
5,UPFC_tse,5-15,-2.12086391536247,71,-2.136839258184921,WLS,9,0.015975342822450944
0,x_tcsc,1-14,-0.10883093606952786,72,-0.1088307202502758,WLS,9,2.1581925205294006e-07
1,B_svc,2,0.17783878336339362,72,0.17750443286609066,WLS,9,0.00033435049730295985
2,UPFC_Vsh,5-15,1.1117615583099714,72,1.1094107399366555,WLS,9,0.002350818373315855
3,UPFC_tsh,5-15,-0.23459095347944295,72,-0.23457720339960228,WLS,9,1.3750079840668672e-05
4,UPFC_Vse,5-15,0.057935960575750074,72,0.059353713384124616,WLS,9,0.0014177528083745422
5,UPFC_tse,5-15,-2.1208378326707087,72,-2.136839258184921,WLS,9,0.016001425514212464
0,x_tcsc,1-14,-0.10882470188225259,73,-0.1088307202502758,WLS,9,6.0183680232195336e-06
1,B_svc,2,0.17764959474322395,73,0.17750443286609066,WLS,9,0.00014516187713328743
2,UPFC_Vsh,5-15,1.1116778574909207,73,1.1094107399366555,WLS,9,0.00226711755426523
3,UPFC_tsh,5-15,-0.23455045688254514,73,-0.23457720339960228,WLS,9,2.674651705714126e-05
4,UPFC_Vse,5-15,0.05809936871496618,73,0.059353713384124616,WLS,9,0.0012543446691584345
5,UPFC_tse,5-15,-2.12337704914442,73,-2.136839258184921,WLS,9,0.013462209040500994
0,x_tcsc,1-14,-0.10883484554714783,74,-0.1088307202502758,WLS,9,4.125296872020678e-06
1,B_svc,2,0.17759003348856967,74,0.17750443286609066,WLS,9,8.560062247900402e-05
2,UPFC_Vsh,5-15,1.1118547823104614,74,1.1094107399366555,WLS,9,0.0024440423738059103
3,UPFC_tsh,5-15,-0.23450951386359428,74,-0.23457720339960228,WLS,9,6.768953600799765e-05
4,UPFC_Vse,5-15,0.0582339201698073,74,0.059353713384124616,WLS,9,0.0011197932143173148
5,UPFC_tse,5-15,-2.1203963798960843,74,-2.136839258184921,WLS,9,0.016442878288836837
0,x_tcsc,1-14,-0.10880970082002207,75,-0.1088307202502758,WLS,9,2.101943025373254e-05
1,B_svc,2,0.17744618291359196,75,0.17750443286609066,WLS,9,5.824995249870124e-05
2,UPFC_Vsh,5-15,1.11181601589967,75,1.1094107399366555,WLS,9,0.0024052759630144305
3,UPFC_tsh,5-15,-0.2345421380769762,75,-0.23457720339960228,WLS,9,3.50653226260933e-05
4,UPFC_Vse,5-15,0.05816310067521678,75,0.059353713384124616,WLS,9,0.0011906127089078358
5,UPFC_tse,5-15,-2.119602500082636,75,-2.136839258184921,WLS,9,0.017236758102284977
0,x_tcsc,1-14,-0.10881273910459596,76,-0.1088307202502758,WLS,9,1.7981145679843435e-05
1,B_svc,2,0.17787176951541073,76,0.17750443286609066,WLS,9,0.0003673366493200658
2,UPFC_Vsh,5-15,1.1120171228994815,76,1.1094107399366555,WLS,9,0.002606382962826004
3,UPFC_tsh,5-15,-0.234504385520932,76,-0.23457720339960228,WLS,9,7.281787867027822e-05
4,UPFC_Vse,5-15,0.05843519782690675,76,0.059353713384124616,WLS,9,0.0009185155572178638
5,UPFC_tse,5-15,-2.1198459188107734,76,-2.136839258184921,WLS,9,0.01699333937414771
0,x_tcsc,1-14,-0.10882894934966529,77,-0.1088307202502758,WLS,9,1.7709006105148806e-06
1,B_svc,2,0.17769595128498278,77,0.17750443286609066,WLS,9,0.00019151841889211707
2,UPFC_Vsh,5-15,1.1112966692410915,77,1.1094107399366555,WLS,9,0.0018859293044359848
3,UPFC_tsh,5-15,-0.23458700310055716,77,-0.23457720339960228,WLS,9,9.799700954882251e-06
4,UPFC_Vse,5-15,0.05838836790673388,77,0.059353713384124616,WLS,9,0.0009653454773907374
5,UPFC_tse,5-15,-2.1179992599588586,77,-2.136839258184921,WLS,9,0.018839998226062526
0,x_tcsc,1-14,-0.10884924905238577,78,-0.1088307202502758,WLS,9,1.8528802109965548e-05
1,B_svc,2,0.17721811915033528,78,0.17750443286609066,WLS,9,0.0002863137157553819
2,UPFC_Vsh,5-15,1.111865200351879,78,1.1094107399366555,WLS,9,0.0024544604152234584
3,UPFC_tsh,5-15,-0.23446666542550867,78,-0.23457720339960228,WLS,9,0.00011053797409360522
4,UPFC_Vse,5-15,0.05823863106086238,78,0.059353713384124616,WLS,9,0.0011150823232622398
5,UPFC_tse,5-15,-2.1219437782913566,78,-2.136839258184921,WLS,9,0.014895479893564545
0,x_tcsc,1-14,-0.10882887782171516,79,-0.1088307202502758,WLS,9,1.8424285606472024e-06
1,B_svc,2,0.1776667376024497,79,0.17750443286609066,WLS,9,0.0001623047363590313
2,UPFC_Vsh,5-15,1.111721217946497,79,1.1094107399366555,WLS,9,0.002310478009841521
3,UPFC_tsh,5-15,-0.23452792136939205,79,-0.23457720339960228,WLS,9,4.9282030210234806e-05
4,UPFC_Vse,5-15,0.057989595195403025,79,0.059353713384124616,WLS,9,0.0013641181887215914
5,UPFC_tse,5-15,-2.1206483565364187,79,-2.136839258184921,WLS,9,0.016190901648502454
0,x_tcsc,1-14,-0.10883021542410169,80,-0.1088307202502758,WLS,9,5.048261741136262e-07
1,B_svc,2,0.1775569028088917,80,0.17750443286609066,WLS,9,5.246994280103112e-05
2,UPFC_Vsh,5-15,1.1119435912869506,80,1.1094107399366555,WLS,9,0.002532851350295129
3,UPFC_tsh,5-15,-0.2345151660131005,80,-0.23457720339960228,WLS,9,6.20373865017898e-05
4,UPFC_Vse,5-15,0.058183796431350895,80,0.059353713384124616,WLS,9,0.001169916952773721
5,UPFC_tse,5-15,-2.1219420247028844,80,-2.136839258184921,WLS,9,0.014897233482036754
0,x_tcsc,1-14,-0.10883627001947743,81,-0.1088307202502758,WLS,9,5.549769201626531e-06
1,B_svc,2,0.17738665278314095,81,0.17750443286609066,WLS,9,0.00011778008294971443
2,UPFC_Vsh,5-15,1.1116394056306753,81,1.1094107399366555,WLS,9,0.0022286656940198046
3,UPFC_tsh,5-15,-0.2344642604554477,81,-0.23457720339960228,WLS,9,0.0001129429441545926
4,UPFC_Vse,5-15,0.057539186531268625,81,0.059353713384124616,WLS,9,0.001814526852855991
5,UPFC_tse,5-15,-2.1234613682756085,81,-2.136839258184921,WLS,9,0.013377889909312657
0,x_tcsc,1-14,-0.10883626319173739,82,-0.1088307202502758,WLS,9,5.542941461586515e-06
1,B_svc,2,0.1775177133886312,82,0.17750443286609066,WLS,9,1.3280522540543016e-05
2,UPFC_Vsh,5-15,1.1116775596202984,82,1.1094107399366555,WLS,9,0.00226681968364284
3,UPFC_tsh,5-15,-0.23447851770292302,82,-0.23457720339960228,WLS,9,9.868569667925708e-05
4,UPFC_Vse,5-15,0.05802099782948153,82,0.059353713384124616,WLS,9,0.0013327155546430866
5,UPFC_tse,5-15,-2.117196751831139,82,-2.136839258184921,WLS,9,0.019642506353782174
0,x_tcsc,1-14,-0.10883622234989125,83,-0.1088307202502758,WLS,9,5.502099615445344e-06
1,B_svc,2,0.17788815536491143,83,0.17750443286609066,WLS,9,0.0003837224988207655
2,UPFC_Vsh,5-15,1.1116886798595134,83,1.1094107399366555,WLS,9,0.0022779399228578523
3,UPFC_tsh,5-15,-0.2344952840127912,83,-0.23457720339960228,WLS,9,8.191938681106903e-05
4,UPFC_Vse,5-15,0.05821654462180658,83,0.059353713384124616,WLS,9,0.001137168762318036
5,UPFC_tse,5-15,-2.1198674485784426,83,-2.136839258184921,WLS,9,0.016971809606478594
0,x_tcsc,1-14,-0.1088381802691425,84,-0.1088307202502758,WLS,9,7.460018866700668e-06
1,B_svc,2,0.17754546323801315,84,0.17750443286609066,WLS,9,4.103037192249026e-05
2,UPFC_Vsh,5-15,1.1119423699237532,84,1.1094107399366555,WLS,9,0.002531629987097661
3,UPFC_tsh,5-15,-0.23452972706452221,84,-0.23457720339960228,WLS,9,4.7476335080065546e-05
4,UPFC_Vse,5-15,0.058514749970214525,84,0.059353713384124616,WLS,9,0.0008389634139100918
5,UPFC_tse,5-15,-2.121810921596177,84,-2.136839258184921,WLS,9,0.015028336588744029
0,x_tcsc,1-14,-0.10882441790107741,85,-0.1088307202502758,WLS,9,6.302349198392121e-06
1,B_svc,2,0.17746125692050568,85,0.17750443286609066,WLS,9,4.317594558497784e-05
2,UPFC_Vsh,5-15,1.1117593136378452,85,1.1094107399366555,WLS,9,0.0023485737011896823
3,UPFC_tsh,5-15,-0.23455633800740563,85,-0.23457720339960228,WLS,9,2.0865392196645072e-05
4,UPFC_Vse,5-15,0.057959741621294705,85,0.059353713384124616,WLS,9,0.0013939717628299111
5,UPFC_tse,5-15,-2.122487390682475,85,-2.136839258184921,WLS,9,0.014351867502446325
0,x_tcsc,1-14,-0.10884144163318185,86,-0.1088307202502758,WLS,9,1.0721382906045407e-05
1,B_svc,2,0.17753411036499606,86,0.17750443286609066,WLS,9,2.967749890539495e-05
2,UPFC_Vsh,5-15,1.1118085715438994,86,1.1094107399366555,WLS,9,0.0023978316072439387
3,UPFC_tsh,5-15,-0.23453147229247057,86,-0.23457720339960228,WLS,9,4.5731107131713467e-05
4,UPFC_Vse,5-15,0.058359909932878644,86,0.059353713384124616,WLS,9,0.0009938034512459726
5,UPFC_tse,5-15,-2.1208219119246983,86,-2.136839258184921,WLS,9,0.016017346260222887
0,x_tcsc,1-14,-0.10883559355404113,87,-0.1088307202502758,WLS,9,4.873303765320913e-06
1,B_svc,2,0.1775846228103394,87,0.17750443286609066,WLS,9,8.018994424874304e-05
2,UPFC_Vsh,5-15,1.11141390510537,87,1.1094107399366555,WLS,9,0.0020031651687144603
3,UPFC_tsh,5-15,-0.23452783677040454,87,-0.23457720339960228,WLS,9,4.9366629197744594e-05
4,UPFC_Vse,5-15,0.05782378499704887,87,0.059353713384124616,WLS,9,0.0015299283870757463
5,UPFC_tse,5-15,-2.120881305615401,87,-2.136839258184921,WLS,9,0.015957952569520373
0,x_tcsc,1-14,-0.10883776331221642,88,-0.1088307202502758,WLS,9,7.0430619406175454e-06
1,B_svc,2,0.17809266300409932,88,0.17750443286609066,WLS,9,0.0005882301380086552
2,UPFC_Vsh,5-15,1.1117782398117235,88,1.1094107399366555,WLS,9,0.002367499875068013
3,UPFC_tsh,5-15,-0.23445409355895958,88,-0.23457720339960228,WLS,9,0.00012310984064270447
4,UPFC_Vse,5-15,0.057944170529018534,88,0.059353713384124616,WLS,9,0.001409542855106083
5,UPFC_tse,5-15,-2.120211347743676,88,-2.136839258184921,WLS,9,0.01662791044124523
0,x_tcsc,1-14,-0.10883253282158009,89,-0.1088307202502758,WLS,9,1.8125713042854708e-06
1,B_svc,2,0.1774699423348282,89,0.17750443286609066,WLS,9,3.449053126244883e-05
2,UPFC_Vsh,5-15,1.1119940810830637,89,1.1094107399366555,WLS,9,0.0025833411464082356
3,UPFC_tsh,5-15,-0.23449417137189846,89,-0.23457720339960228,WLS,9,8.303202770382212e-05
4,UPFC_Vse,5-15,0.05790771477115897,89,0.059353713384124616,WLS,9,0.0014459986129656474
5,UPFC_tse,5-15,-2.121434440375393,89,-2.136839258184921,WLS,9,0.015404817809528293
0,x_tcsc,1-14,-0.10883132499608629,90,-0.1088307202502758,WLS,9,6.047458104840864e-07
1,B_svc,2,0.17719414742681663,90,0.17750443286609066,WLS,9,0.0003102854392740273
2,UPFC_Vsh,5-15,1.1113406054222124,90,1.1094107399366555,WLS,9,0.0019298654855568476
3,UPFC_tsh,5-15,-0.23453451159759908,90,-0.23457720339960228,WLS,9,4.269180200319744e-05
4,UPFC_Vse,5-15,0.05812488930499576,90,0.059353713384124616,WLS,9,0.0012288240791288596
5,UPFC_tse,5-15,-2.1180180158311566,90,-2.136839258184921,WLS,9,0.01882124235376459
0,x_tcsc,1-14,-0.10882500872842915,91,-0.1088307202502758,WLS,9,5.711521846654688e-06
1,B_svc,2,0.17744475119828373,91,0.17750443286609066,WLS,9,5.968166780692674e-05
2,UPFC_Vsh,5-15,1.11177166816785,91,1.1094107399366555,WLS,9,0.0023609282311944924
3,UPFC_tsh,5-15,-0.23451679872095726,91,-0.23457720339960228,WLS,9,6.04046786450152e-05
4,UPFC_Vse,5-15,0.057968848532456325,91,0.059353713384124616,WLS,9,0.001384864851668291
5,UPFC_tse,5-15,-2.1239696633459855,91,-2.136839258184921,WLS,9,0.012869594838935683
0,x_tcsc,1-14,-0.10882785414519743,92,-0.1088307202502758,WLS,9,2.8661050783806985e-06
1,B_svc,2,0.17746001211093318,92,0.17750443286609066,WLS,9,4.442075515748156e-05
2,UPFC_Vsh,5-15,1.1114113560197123,92,1.1094107399366555,WLS,9,0.0020006160830567943
3,UPFC_tsh,5-15,-0.23456470262716347,92,-0.23457720339960228,WLS,9,1.2500772438805985e-05
4,UPFC_Vse,5-15,0.058591776535841335,92,0.059353713384124616,WLS,9,0.0007619368482832817
5,UPFC_tse,5-15,-2.1211440518308837,92,-2.136839258184921,WLS,9,0.015695206354037428
0,x_tcsc,1-14,-0.10883741987375516,93,-0.1088307202502758,WLS,9,6.699623479350381e-06
1,B_svc,2,0.17719847402839012,93,0.17750443286609066,WLS,9,0.0003059588377005429
2,UPFC_Vsh,5-15,1.1115255866449698,93,1.1094107399366555,WLS,9,0.0021148467083142997
3,UPFC_tsh,5-15,-0.23448872609313007,93,-0.23457720339960228,WLS,9,8.847730647221219e-05
4,UPFC_Vse,5-15,0.05869795214243918,93,0.059353713384124616,WLS,9,0.0006557612416854333
5,UPFC_tse,5-15,-2.1191639255572188,93,-2.136839258184921,WLS,9,0.017675332627702378
0,x_tcsc,1-14,-0.10884512862939127,94,-0.1088307202502758,WLS,9,1.4408379115468661e-05
1,B_svc,2,0.17718417700452307,94,0.17750443286609066,WLS,9,0.00032025586156758656
2,UPFC_Vsh,5-15,1.1115715934542125,94,1.1094107399366555,WLS,9,0.0021608535175570154
3,UPFC_tsh,5-15,-0.23454175125086896,94,-0.23457720339960228,WLS,9,3.5452148733322586e-05
4,UPFC_Vse,5-15,0.05773682552802433,94,0.059353713384124616,WLS,9,0.0016168878561002853
5,UPFC_tse,5-15,-2.1204091335740287,94,-2.136839258184921,WLS,9,0.016430124610892438
0,x_tcsc,1-14,-0.10882364523198954,95,-0.1088307202502758,WLS,9,7.075018286270551e-06
1,B_svc,2,0.17752621295864007,95,0.17750443286609066,WLS,9,2.17800925494116e-05
2,UPFC_Vsh,5-15,1.1116187502711077,95,1.1094107399366555,WLS,9,0.0022080103344521707
3,UPFC_tsh,5-15,-0.23450996227588555,95,-0.23457720339960228,WLS,9,6.724112371672697e-05
4,UPFC_Vse,5-15,0.05865652853609207,95,0.059353713384124616,WLS,9,0.0006971848480325435
5,UPFC_tse,5-15,-2.1208436223390636,95,-2.136839258184921,WLS,9,0.015995635845857503
0,x_tcsc,1-14,-0.10882538064988492,96,-0.1088307202502758,WLS,9,5.3396003908828815e-06
1,B_svc,2,0.17708382396959993,96,0.17750443286609066,WLS,9,0.00042060889649073174
2,UPFC_Vsh,5-15,1.1116088767261165,96,1.1094107399366555,WLS,9,0.0021981367894610138
3,UPFC_tsh,5-15,-0.23455467551802026,96,-0.23457720339960228,WLS,9,2.2527881582024012e-05
4,UPFC_Vse,5-15,0.05763939095655631,96,0.059353713384124616,WLS,9,0.0017143224275683044
5,UPFC_tse,5-15,-2.1214182578410314,96,-2.136839258184921,WLS,9,0.015421000343889713
0,x_tcsc,1-14,-0.10882846883545957,97,-0.1088307202502758,WLS,9,2.2514148162317005e-06
1,B_svc,2,0.17771952554208906,97,0.17750443286609066,WLS,9,0.0002150926759983962
2,UPFC_Vsh,5-15,1.111983852947937,97,1.1094107399366555,WLS,9,0.0025731130112813805
3,UPFC_tsh,5-15,-0.23450278651594497,97,-0.23457720339960228,WLS,9,7.441688365730781e-05
4,UPFC_Vse,5-15,0.05826691466972761,97,0.059353713384124616,WLS,9,0.0010867987143970068
5,UPFC_tse,5-15,-2.119825680911711,97,-2.136839258184921,WLS,9,0.017013577273210068
0,x_tcsc,1-14,-0.10884024415505748,98,-0.1088307202502758,WLS,9,9.523904781677528e-06
1,B_svc,2,0.1774602782586835,98,0.17750443286609066,WLS,9,4.415460740717081e-05
2,UPFC_Vsh,5-15,1.1114768514401463,98,1.1094107399366555,WLS,9,0.002066111503490786
3,UPFC_tsh,5-15,-0.23450400416319267,98,-0.23457720339960228,WLS,9,7.319923640961012e-05
4,UPFC_Vse,5-15,0.05824642408269775,98,0.059353713384124616,WLS,9,0.001107289301426867
5,UPFC_tse,5-15,-2.1195527845745357,98,-2.136839258184921,WLS,9,0.01728647361038549
0,x_tcsc,1-14,-0.10881724050506277,99,-0.1088307202502758,WLS,9,1.347974521304085e-05
1,B_svc,2,0.17775832304970682,99,0.17750443286609066,WLS,9,0.00025389018361615667
2,UPFC_Vsh,5-15,1.112022685630967,99,1.1094107399366555,WLS,9,0.002611945694311446
3,UPFC_tsh,5-15,-0.23447157016178236,99,-0.23457720339960228,WLS,9,0.00010563323781992429
4,UPFC_Vse,5-15,0.05855796588322278,99,0.059353713384124616,WLS,9,0.0007957475009018333
5,UPFC_tse,5-15,-2.1237422077928936,99,-2.136839258184921,WLS,9,0.013097050392027576
0,x_tcsc,1-14,-0.10947307345162283,0,-0.10947218030394698,WLS,11,8.931476758455847e-07
1,B_svc,2,0.17805379012499903,0,0.17840466658361645,WLS,11,0.0003508764586174218
2,UPFC_Vsh,5-15,1.111538070463308,0,1.1082294745220034,WLS,11,0.003308595941304615
3,UPFC_tsh,5-15,-0.2331503664198954,0,-0.23325051147531872,WLS,11,0.00010014505542332852
4,UPFC_Vse,5-15,0.0583977433124205,0,0.061199218680310745,WLS,11,0.0028014753678902438
5,UPFC_tse,5-15,-2.120036541665907,0,-2.1500574846163754,WLS,11,0.03002094295046831
0,x_tcsc,1-14,-0.10943637271242904,1,-0.10947218030394698,WLS,11,3.580759151794455e-05
1,B_svc,2,0.17865965536265055,1,0.17840466658361645,WLS,11,0.0002549887790340988
2,UPFC_Vsh,5-15,1.1116305955243435,1,1.1082294745220034,WLS,11,0.003401121002340135
3,UPFC_tsh,5-15,-0.2331421622046154,1,-0.23325051147531872,WLS,11,0.00010834927070332845
4,UPFC_Vse,5-15,0.05866275289293306,1,0.061199218680310745,WLS,11,0.0025364657873776855
5,UPFC_tse,5-15,-2.118369837555719,1,-2.1500574846163754,WLS,11,0.03168764706065641
0,x_tcsc,1-14,-0.10946168814999085,2,-0.10947218030394698,WLS,11,1.049215395612646e-05
1,B_svc,2,0.17866841718652623,2,0.17840466658361645,WLS,11,0.0002637506029097847
2,UPFC_Vsh,5-15,1.1118876575141086,2,1.1082294745220034,WLS,11,0.0036581829921051856
3,UPFC_tsh,5-15,-0.2331226471399533,2,-0.23325051147531872,WLS,11,0.00012786433536543518
4,UPFC_Vse,5-15,0.058749051866467686,2,0.061199218680310745,WLS,11,0.002450166813843059
5,UPFC_tse,5-15,-2.121755838700249,2,-2.1500574846163754,WLS,11,0.028301645916126272
0,x_tcsc,1-14,-0.10946637480461563,3,-0.10947218030394698,WLS,11,5.80549933135166e-06
1,B_svc,2,0.17790511345423957,3,0.17840466658361645,WLS,11,0.000499553129376884
2,UPFC_Vsh,5-15,1.1118914602121692,3,1.1082294745220034,WLS,11,0.0036619856901658476
3,UPFC_tsh,5-15,-0.23310656905814506,3,-0.23325051147531872,WLS,11,0.00014394241717366474
4,UPFC_Vse,5-15,0.05849849703470549,3,0.061199218680310745,WLS,11,0.002700721645605253
5,UPFC_tse,5-15,-2.121655197748885,3,-2.1500574846163754,WLS,11,0.028402286867490467
0,x_tcsc,1-14,-0.10946058810777178,4,-0.10947218030394698,WLS,11,1.1592196175205793e-05
1,B_svc,2,0.1787136418864176,4,0.17840466658361645,WLS,11,0.00030897530280116214
2,UPFC_Vsh,5-15,1.1118863061391222,4,1.1082294745220034,WLS,11,0.0036568316171188275
3,UPFC_tsh,5-15,-0.2331453096168141,4,-0.23325051147531872,WLS,11,0.00010520185850462771
4,UPFC_Vse,5-15,0.05852966761393403,4,0.061199218680310745,WLS,11,0.002669551066376716
5,UPFC_tse,5-15,-2.1216182478609364,4,-2.1500574846163754,WLS,11,0.028439236755438912
0,x_tcsc,1-14,-0.10944866481684054,5,-0.10947218030394698,WLS,11,2.3515487106440247e-05
1,B_svc,2,0.1785101133625458,5,0.17840466658361645,WLS,11,0.00010544677892934673
2,UPFC_Vsh,5-15,1.1116762191445404,5,1.1082294745220034,WLS,11,0.0034467446225370235
3,UPFC_tsh,5-15,-0.2331173981888398,5,-0.23325051147531872,WLS,11,0.00013311328647891418
4,UPFC_Vse,5-15,0.058743802197312435,5,0.061199218680310745,WLS,11,0.00245541648299831
5,UPFC_tse,5-15,-2.1208374392468605,5,-2.1500574846163754,WLS,11,0.029220045369514835
0,x_tcsc,1-14,-0.10945885938296639,6,-0.10947218030394698,WLS,11,1.3320920980594564e-05
1,B_svc,2,0.17825394359940236,6,0.17840466658361645,WLS,11,0.00015072298421409114
2,UPFC_Vsh,5-15,1.1117884902153126,6,1.1082294745220034,WLS,11,0.0035590156933091865
3,UPFC_tsh,5-15,-0.2331096982579657,6,-0.23325051147531872,WLS,11,0.0001408132173530141
4,UPFC_Vse,5-15,0.05866719041001479,6,0.061199218680310745,WLS,11,0.002532028270295958
5,UPFC_tse,5-15,-2.1223999851403588,6,-2.1500574846163754,WLS,11,0.02765749947601659
0,x_tcsc,1-14,-0.10945447171097637,7,-0.10947218030394698,WLS,11,1.770859297060834e-05
1,B_svc,2,0.17866912086343445,7,0.17840466658361645,WLS,11,0.0002644542798179994
2,UPFC_Vsh,5-15,1.1116031361570666,7,1.1082294745220034,WLS,11,0.003373661635063252
3,UPFC_tsh,5-15,-0.23315280381157488,7,-0.23325051147531872,WLS,11,9.77076637438401e-05
4,UPFC_Vse,5-15,0.05814686852214139,7,0.061199218680310745,WLS,11,0.003052350158169355
5,UPFC_tse,5-15,-2.120267301533597,7,-2.1500574846163754,WLS,11,0.029790183082778476
0,x_tcsc,1-14,-0.10946738528417546,8,-0.10947218030394698,WLS,11,4.7950197715196374e-06
1,B_svc,2,0.17839338496094098,8,0.17840466658361645,WLS,11,1.1281622675468617e-05
2,UPFC_Vsh,5-15,1.111844868391358,8,1.1082294745220034,WLS,11,0.0036153938693546106
3,UPFC_tsh,5-15,-0.23312660539218627,8,-0.23325051147531872,WLS,11,0.00012390608313245233
4,UPFC_Vse,5-15,0.05869614713951782,8,0.061199218680310745,WLS,11,0.002503071540792927
5,UPFC_tse,5-15,-2.120360304438856,8,-2.1500574846163754,WLS,11,0.02969718017751921
0,x_tcsc,1-14,-0.10946744756843395,9,-0.10947218030394698,WLS,11,4.732735513032771e-06
1,B_svc,2,0.1784237317842628,9,0.17840466658361645,WLS,11,1.9065200646345426e-05
2,UPFC_Vsh,5-15,1.1117647225436618,9,1.1082294745220034,WLS,11,0.003535248021658388
3,UPFC_tsh,5-15,-0.2331728477211208,9,-0.23325051147531872,WLS,11,7.766375419793192e-05
4,UPFC_Vse,5-15,0.05910668133374532,9,0.061199218680310745,WLS,11,0.0020925373465654276
5,UPFC_tse,5-15,-2.119895982723314,9,-2.1500574846163754,WLS,11,0.030161501893061438
0,x_tcsc,1-14,-0.10944932716905942,10,-0.10947218030394698,WLS,11,2.2853134887562687e-05
1,B_svc,2,0.1783725421915436,10,0.17840466658361645,WLS,11,3.21243920728409e-05
2,UPFC_Vsh,5-15,1.1112533369230335,10,1.1082294745220034,WLS,11,0.003023862401030142
3,UPFC_tsh,5-15,-0.23310433794486626,10,-0.23325051147531872,WLS,11,0.00014617353045245918
4,UPFC_Vse,5-15,0.058109826887596555,10,0.061199218680310745,WLS,11,0.00308939179271419
5,UPFC_tse,5-15,-2.120047518838907,10,-2.1500574846163754,WLS,11,0.030009965777468395
0,x_tcsc,1-14,-0.10946705963063778,11,-0.10947218030394698,WLS,11,5.12067330919741e-06
1,B_svc,2,0.17847623511061922,11,0.17840466658361645,WLS,11,7.156852700276883e-05
2,UPFC_Vsh,5-15,1.1116899247197367,11,1.1082294745220034,WLS,11,0.0034604501977333335
3,UPFC_tsh,5-15,-0.23313669322449862,11,-0.23325051147531872,WLS,11,0.00011381825082010244
4,UPFC_Vse,5-15,0.05809795573845273,11,0.061199218680310745,WLS,11,0.0031012629418580157
5,UPFC_tse,5-15,-2.1203505021814766,11,-2.1500574846163754,WLS,11,0.029706982434898777
0,x_tcsc,1-14,-0.10944084876691806,12,-0.10947218030394698,WLS,11,3.133153702891689e-05
1,B_svc,2,0.17824615363392743,12,0.17840466658361645,WLS,11,0.0001585129496890214
2,UPFC_Vsh,5-15,1.111721075425929,12,1.1082294745220034,WLS,11,0.00349160090392564
3,UPFC_tsh,5-15,-0.2331279737902784,12,-0.23325051147531872,WLS,11,0.0001225376850403359
4,UPFC_Vse,5-15,0.0587718238883299,12,0.061199218680310745,WLS,11,0.0024273947919808483
5,UPFC_tse,5-15,-2.1193935722249355,12,-2.1500574846163754,WLS,11,0.03066391239143984
0,x_tcsc,1-14,-0.10944774932790836,13,-0.10947218030394698,WLS,11,2.443097603861688e-05
1,B_svc,2,0.17830455241131313,13,0.17840466658361645,WLS,11,0.00010011417230332276
2,UPFC_Vsh,5-15,1.1118646643200538,13,1.1082294745220034,WLS,11,0.003635189798050442
3,UPFC_tsh,5-15,-0.23316348988078386,13,-0.23325051147531872,WLS,11,8.702159453485847e-05
4,UPFC_Vse,5-15,0.05831298703320778,13,0.061199218680310745,WLS,11,0.0028862316471029645
5,UPFC_tse,5-15,-2.1189286186409952,13,-2.1500574846163754,WLS,11,0.031128865975380116
0,x_tcsc,1-14,-0.10947432218193556,14,-0.10947218030394698,WLS,11,2.1418779885817862e-06
1,B_svc,2,0.17817422736144056,14,0.17840466658361645,WLS,11,0.00023043922217588775
2,UPFC_Vsh,5-15,1.111735933231778,14,1.1082294745220034,WLS,11,0.003506458709774618
3,UPFC_tsh,5-15,-0.23307779834573308,14,-0.23325051147531872,WLS,11,0.00017271312958563878
4,UPFC_Vse,5-15,0.05862680078323563,14,0.061199218680310745,WLS,11,0.002572417897075116
5,UPFC_tse,5-15,-2.120295815846911,14,-2.1500574846163754,WLS,11,0.0297616687694644
0,x_tcsc,1-14,-0.10944997799861532,15,-0.10947218030394698,WLS,11,2.2202305331661676e-05
1,B_svc,2,0.17802454211143154,15,0.17840466658361645,WLS,11,0.00038012447218491174
2,UPFC_Vsh,5-15,1.1114584322426706,15,1.1082294745220034,WLS,11,0.003228957720667225
3,UPFC_tsh,5-15,-0.2330937279907696,15,-0.23325051147531872,WLS,11,0.00015678348454911673
4,UPFC_Vse,5-15,0.05881184943048394,15,0.061199218680310745,WLS,11,0.0023873692498268054
5,UPFC_tse,5-15,-2.1180964394218336,15,-2.1500574846163754,WLS,11,0.03196104519454179
0,x_tcsc,1-14,-0.10944689376024415,16,-0.10947218030394698,WLS,11,2.528654370283212e-05
1,B_svc,2,0.1781925635282393,16,0.17840466658361645,WLS,11,0.00021210305537713858
2,UPFC_Vsh,5-15,1.1112335074743136,16,1.1082294745220034,WLS,11,0.0030040329523102205
3,UPFC_tsh,5-15,-0.2331402463122676,16,-0.23325051147531872,WLS,11,0.00011026516305112644
4,UPFC_Vse,5-15,0.05907594315859717,16,0.061199218680310745,WLS,11,0.002123275521713576
5,UPFC_tse,5-15,-2.1155859276049322,16,-2.1500574846163754,WLS,11,0.03447155701144311
0,x_tcsc,1-14,-0.10946692701217749,17,-0.10947218030394698,WLS,11,5.253291769494184e-06
1,B_svc,2,0.17840596538759418,17,0.17840466658361645,WLS,11,1.2988039777284133e-06
2,UPFC_Vsh,5-15,1.111341960670762,17,1.1082294745220034,WLS,11,0.0031124861487585864
3,UPFC_tsh,5-15,-0.2331802542239512,17,-0.23325051147531872,WLS,11,7.025725136752814e-05
4,UPFC_Vse,5-15,0.05835487151961394,17,0.061199218680310745,WLS,11,0.002844347160696807
5,UPFC_tse,5-15,-2.124981759487098,17,-2.1500574846163754,WLS,11,0.02507572512927725
0,x_tcsc,1-14,-0.10946892993346127,18,-0.10947218030394698,WLS,11,3.2503704857078652e-06
1,B_svc,2,0.17821502625566568,18,0.17840466658361645,WLS,11,0.00018964032795076857
2,UPFC_Vsh,5-15,1.1118790324499765,18,1.1082294745220034,WLS,11,0.0036495579279731682
3,UPFC_tsh,5-15,-0.2331198400859757,18,-0.23325051147531872,WLS,11,0.0001306713893430289
4,UPFC_Vse,5-15,0.05910472861410998,18,0.061199218680310745,WLS,11,0.0020944900662007646
5,UPFC_tse,5-15,-2.120659285458646,18,-2.1500574846163754,WLS,11,0.029398199157729454
0,x_tcsc,1-14,-0.10945039490279473,19,-0.10947218030394698,WLS,11,2.1785401152246697e-05
1,B_svc,2,0.178819306231397,19,0.17840466658361645,WLS,11,0.00041463964778054585
2,UPFC_Vsh,5-15,1.1112502308194632,19,1.1082294745220034,WLS,11,0.0030207562974597923
3,UPFC_tsh,5-15,-0.23317560604625565,19,-0.23325051147531872,WLS,11,7.490542906307684e-05
4,UPFC_Vse,5-15,0.058626590890427786,19,0.061199218680310745,WLS,11,0.0025726277898829586
5,UPFC_tse,5-15,-2.121479034363972,19,-2.1500574846163754,WLS,11,0.028578450252403353
0,x_tcsc,1-14,-0.10945741212589945,20,-0.10947218030394698,WLS,11,1.4768178047533387e-05
1,B_svc,2,0.1780392248992373,20,0.17840466658361645,WLS,11,0.0003654416843791586
2,UPFC_Vsh,5-15,1.1116259959683499,20,1.1082294745220034,WLS,11,0.003396521446346501
3,UPFC_tsh,5-15,-0.2331803871037558,20,-0.23325051147531872,WLS,11,7.012437156292406e-05
4,UPFC_Vse,5-15,0.05866475531596293,20,0.061199218680310745,WLS,11,0.0025344633643478165
5,UPFC_tse,5-15,-2.1216712775080238,20,-2.1500574846163754,WLS,11,0.028386207108351602
0,x_tcsc,1-14,-0.10945753531772821,21,-0.10947218030394698,WLS,11,1.464498621876753e-05
1,B_svc,2,0.17883358142424802,21,0.17840466658361645,WLS,11,0.0004289148406315668
2,UPFC_Vsh,5-15,1.1115528410231976,21,1.1082294745220034,WLS,11,0.003323366501194247
3,UPFC_tsh,5-15,-0.23309792924429132,21,-0.23325051147531872,WLS,11,0.00015258223102740387
4,UPFC_Vse,5-15,0.05906445825912498,21,0.061199218680310745,WLS,11,0.0021347604211857663
5,UPFC_tse,5-15,-2.1187066125871667,21,-2.1500574846163754,WLS,11,0.03135087202920861
0,x_tcsc,1-14,-0.10947177205244263,22,-0.10947218030394698,WLS,11,4.082515043524193e-07
1,B_svc,2,0.17880810483265344,22,0.17840466658361645,WLS,11,0.00040343824903699144
2,UPFC_Vsh,5-15,1.1116155904362137,22,1.1082294745220034,WLS,11,0.0033861159142103414
3,UPFC_tsh,5-15,-0.2331621558487725,22,-0.23325051147531872,WLS,11,8.835562654621598e-05
4,UPFC_Vse,5-15,0.05886612700036733,22,0.061199218680310745,WLS,11,0.0023330916799434165
5,UPFC_tse,5-15,-2.1174246185686867,22,-2.1500574846163754,WLS,11,0.03263286604768867
0,x_tcsc,1-14,-0.10945658382143685,23,-0.10947218030394698,WLS,11,1.559648251013568e-05
1,B_svc,2,0.17845899368419893,23,0.17840466658361645,WLS,11,5.432710058247969e-05
2,UPFC_Vsh,5-15,1.1117341025899585,23,1.1082294745220034,WLS,11,0.003504628067955151
3,UPFC_tsh,5-15,-0.23313921549219174,23,-0.23325051147531872,WLS,11,0.00011129598312697997
4,UPFC_Vse,5-15,0.0587683519501221,23,0.061199218680310745,WLS,11,0.0024308667301886425
5,UPFC_tse,5-15,-2.117971669800361,23,-2.1500574846163754,WLS,11,0.03208581481601458
0,x_tcsc,1-14,-0.10946594822952233,24,-0.10947218030394698,WLS,11,6.232074424655787e-06
1,B_svc,2,0.1781690824583944,24,0.17840466658361645,WLS,11,0.0002355841252220381
2,UPFC_Vsh,5-15,1.1116365046644916,24,1.1082294745220034,WLS,11,0.003407030142488221
3,UPFC_tsh,5-15,-0.23316313322468935,24,-0.23325051147531872,WLS,11,8.737825062937743e-05
4,UPFC_Vse,5-15,0.05839474648422932,24,0.061199218680310745,WLS,11,0.0028044721960814242
5,UPFC_tse,5-15,-2.1224512370586397,24,-2.1500574846163754,WLS,11,0.027606247557735664
0,x_tcsc,1-14,-0.10945805356663485,25,-0.10947218030394698,WLS,11,1.412673731213121e-05
1,B_svc,2,0.17854672193127466,25,0.17840466658361645,WLS,11,0.00014205534765820982
2,UPFC_Vsh,5-15,1.1117809211931045,25,1.1082294745220034,WLS,11,0.0035514466711010773
3,UPFC_tsh,5-15,-0.2331205149797827,25,-0.23325051147531872,WLS,11,0.00012999649553602222
4,UPFC_Vse,5-15,0.05831292134296274,25,0.061199218680310745,WLS,11,0.0028862973373480066
5,UPFC_tse,5-15,-2.1173762714738804,25,-2.1500574846163754,WLS,11,0.03268121314249495
0,x_tcsc,1-14,-0.10947120080418421,26,-0.10947218030394698,WLS,11,9.794997627710078e-07
1,B_svc,2,0.1787987023869846,26,0.17840466658361645,WLS,11,0.0003940358033681368
2,UPFC_Vsh,5-15,1.1116457131131856,26,1.1082294745220034,WLS,11,0.00341623859118223
3,UPFC_tsh,5-15,-0.2331278646842325,26,-0.23325051147531872,WLS,11,0.00012264679108622834
4,UPFC_Vse,5-15,0.0583943670337829,26,0.061199218680310745,WLS,11,0.0028048516465278422
5,UPFC_tse,5-15,-2.1176162052943286,26,-2.1500574846163754,WLS,11,0.03244127932204677
0,x_tcsc,1-14,-0.10946313311366368,27,-0.10947218030394698,WLS,11,9.047190283301143e-06
1,B_svc,2,0.17806616904581848,27,0.17840466658361645,WLS,11,0.000338497537797966
2,UPFC_Vsh,5-15,1.1115464658826817,27,1.1082294745220034,WLS,11,0.003316991360678312
3,UPFC_tsh,5-15,-0.23308592289065524,27,-0.23325051147531872,WLS,11,0.0001645885846634776
4,UPFC_Vse,5-15,0.058551488995066035,27,0.061199218680310745,WLS,11,0.0026477296852447096
5,UPFC_tse,5-15,-2.1221587243153976,27,-2.1500574846163754,WLS,11,0.02789876030097771
0,x_tcsc,1-14,-0.10945373207835163,28,-0.10947218030394698,WLS,11,1.8448225595352197e-05
1,B_svc,2,0.17877712126664716,28,0.17840466658361645,WLS,11,0.0003724546830307096
2,UPFC_Vsh,5-15,1.1118551106168453,28,1.1082294745220034,WLS,11,0.0036256360948418997
3,UPFC_tsh,5-15,-0.23318592794292975,28,-0.23325051147531872,WLS,11,6.458353238897319e-05
4,UPFC_Vse,5-15,0.058937764840300375,28,0.061199218680310745,WLS,11,0.0022614538400103704
5,UPFC_tse,5-15,-2.119860689232619,28,-2.1500574846163754,WLS,11,0.030196795383756303
0,x_tcsc,1-14,-0.10946713167538696,29,-0.10947218030394698,WLS,11,5.048628560017088e-06
1,B_svc,2,0.17905355105633736,29,0.17840466658361645,WLS,11,0.0006488844727209064
2,UPFC_Vsh,5-15,1.1115454186308555,29,1.1082294745220034,WLS,11,0.0033159441088521646
3,UPFC_tsh,5-15,-0.23317650589706676,29,-0.23325051147531872,WLS,11,7.400557825196219e-05
4,UPFC_Vse,5-15,0.05903874650505687,29,0.061199218680310745,WLS,11,0.0021604721752538775
5,UPFC_tse,5-15,-2.1203414549886803,29,-2.1500574846163754,WLS,11,0.02971602962769504
0,x_tcsc,1-14,-0.10946444799021561,30,-0.10947218030394698,WLS,11,7.732313731370621e-06
1,B_svc,2,0.17858631226595115,30,0.17840466658361645,WLS,11,0.0001816456823346968
2,UPFC_Vsh,5-15,1.1119382424172948,30,1.1082294745220034,WLS,11,0.0037087678952913983
3,UPFC_tsh,5-15,-0.23315683939393678,30,-0.23325051147531872,WLS,11,9.367208138194583e-05
4,UPFC_Vse,5-15,0.05939073561016222,30,0.061199218680310745,WLS,11,0.0018084830701485255
5,UPFC_tse,5-15,-2.1221998646404185,30,-2.1500574846163754,WLS,11,0.027857619975956815
0,x_tcsc,1-14,-0.10945536532264627,31,-0.10947218030394698,WLS,11,1.681498130071124e-05
1,B_svc,2,0.17861407876334603,31,0.17840466658361645,WLS,11,0.00020941217972958448
2,UPFC_Vsh,5-15,1.1117478872730011,31,1.1082294745220034,WLS,11,0.0035184127509977348
3,UPFC_tsh,5-15,-0.2331483707681401,31,-0.23325051147531872,WLS,11,0.00010214070717862178
4,UPFC_Vse,5-15,0.058208757013650796,31,0.061199218680310745,WLS,11,0.0029904616666599493
5,UPFC_tse,5-15,-2.1201078730584033,31,-2.1500574846163754,WLS,11,0.029949611557972045
0,x_tcsc,1-14,-0.10945848357252602,32,-0.10947218030394698,WLS,11,1.3696731420959063e-05
1,B_svc,2,0.17887045410352326,32,0.17840466658361645,WLS,11,0.00046578751990680733
2,UPFC_Vsh,5-15,1.11190960682326,32,1.1082294745220034,WLS,11,0.0036801323012565224
3,UPFC_tsh,5-15,-0.23305726912015956,32,-0.23325051147531872,WLS,11,0.00019324235515916222
4,UPFC_Vse,5-15,0.05805859287076729,32,0.061199218680310745,WLS,11,0.003140625809543454
5,UPFC_tse,5-15,-2.1242528249999246,32,-2.1500574846163754,WLS,11,0.02580465961645073
0,x_tcsc,1-14,-0.10945967176369896,33,-0.10947218030394698,WLS,11,1.2508540248021283e-05
1,B_svc,2,0.17835620306653258,33,0.17840466658361645,WLS,11,4.846351708387431e-05
2,UPFC_Vsh,5-15,1.1116055128838858,33,1.1082294745220034,WLS,11,0.003376038361882383
3,UPFC_tsh,5-15,-0.23306362782255294,33,-0.23325051147531872,WLS,11,0.00018688365276578467
4,UPFC_Vse,5-15,0.05822705804687007,33,0.061199218680310745,WLS,11,0.0029721606334406764
5,UPFC_tse,5-15,-2.1177991439856503,33,-2.1500574846163754,WLS,11,0.03225834063072508
0,x_tcsc,1-14,-0.10945500182639852,34,-0.10947218030394698,WLS,11,1.7178477548465687e-05
1,B_svc,2,0.1784039030152961,34,0.17840466658361645,WLS,11,7.63568320349961e-07
2,UPFC_Vsh,5-15,1.1114435253536685,34,1.1082294745220034,WLS,11,0.0032140508316651495
3,UPFC_tsh,5-15,-0.2331792549995245,34,-0.23325051147531872,WLS,11,7.125647579422911e-05
4,UPFC_Vse,5-15,0.058691922530527414,34,0.061199218680310745,WLS,11,0.0025072961497833307
5,UPFC_tse,5-15,-2.1210512833574726,34,-2.1500574846163754,WLS,11,0.029006201258902742
0,x_tcsc,1-14,-0.10946040958631442,35,-0.10947218030394698,WLS,11,1.177071763255877e-05
1,B_svc,2,0.17829223959356472,35,0.17840466658361645,WLS,11,0.00011242699005173384
2,UPFC_Vsh,5-15,1.1115976322415937,35,1.1082294745220034,WLS,11,0.0033681577195903145
3,UPFC_tsh,5-15,-0.23311738445038432,35,-0.23325051147531872,WLS,11,0.00013312702493439854
4,UPFC_Vse,5-15,0.05889167239485739,35,0.061199218680310745,WLS,11,0.002307546285453356
5,UPFC_tse,5-15,-2.118091643668662,35,-2.1500574846163754,WLS,11,0.031965840947713264
0,x_tcsc,1-14,-0.10945360049813944,36,-0.10947218030394698,WLS,11,1.8579805807536487e-05
1,B_svc,2,0.17837515982981,36,0.17840466658361645,WLS,11,2.9506753806446406e-05
2,UPFC_Vsh,5-15,1.1117597304773548,36,1.1082294745220034,WLS,11,0.0035302559553513913
3,UPFC_tsh,5-15,-0.23316017629016583,36,-0.23325051147531872,WLS,11,9.033518515288996e-05
4,UPFC_Vse,5-15,0.058472642537861726,36,0.061199218680310745,WLS,11,0.0027265761424490192
5,UPFC_tse,5-15,-2.123410310140082,36,-2.1500574846163754,WLS,11,0.0266471744762935
0,x_tcsc,1-14,-0.10946368464005646,37,-0.10947218030394698,WLS,11,8.495663890523142e-06
1,B_svc,2,0.178809611773443,37,0.17840466658361645,WLS,11,0.000404945189826561
2,UPFC_Vsh,5-15,1.1119466024128435,37,1.1082294745220034,WLS,11,0.0037171278908401106
3,UPFC_tsh,5-15,-0.23316487582483605,37,-0.23325051147531872,WLS,11,8.56356504826683e-05
4,UPFC_Vse,5-15,0.05880462707853967,37,0.061199218680310745,WLS,11,0.002394591601771072
5,UPFC_tse,5-15,-2.1210353540660627,37,-2.1500574846163754,WLS,11,0.029022130550312664
0,x_tcsc,1-14,-0.10947049439247776,38,-0.10947218030394698,WLS,11,1.6859114692208133e-06
1,B_svc,2,0.1785385238059877,38,0.17840466658361645,WLS,11,0.00013385722237124753
2,UPFC_Vsh,5-15,1.1116322420074836,38,1.1082294745220034,WLS,11,0.003402767485480185
3,UPFC_tsh,5-15,-0.2331119745973684,38,-0.23325051147531872,WLS,11,0.00013853687795031822
4,UPFC_Vse,5-15,0.05839849967334357,38,0.061199218680310745,WLS,11,0.002800719006967177
5,UPFC_tse,5-15,-2.1224519968663427,38,-2.1500574846163754,WLS,11,0.027605487750032687
0,x_tcsc,1-14,-0.1094497032300865,39,-0.10947218030394698,WLS,11,2.2477073860480146e-05
1,B_svc,2,0.17843236361475726,39,0.17840466658361645,WLS,11,2.769703114080535e-05
2,UPFC_Vsh,5-15,1.1116973090498943,39,1.1082294745220034,WLS,11,0.0034678345278909006
3,UPFC_tsh,5-15,-0.23312322823698606,39,-0.23325051147531872,WLS,11,0.00012728323833266497
4,UPFC_Vse,5-15,0.05818158884137036,39,0.061199218680310745,WLS,11,0.0030176298389403833
5,UPFC_tse,5-15,-2.120929900208674,39,-2.1500574846163754,WLS,11,0.029127584407701246
0,x_tcsc,1-14,-0.10946358087159715,40,-0.10947218030394698,WLS,11,8.599432349834513e-06
1,B_svc,2,0.17888030498342933,40,0.17840466658361645,WLS,11,0.0004756383998128777
2,UPFC_Vsh,5-15,1.111626642831745,40,1.1082294745220034,WLS,11,0.0033971683097415717
3,UPFC_tsh,5-15,-0.23317774115601195,40,-0.23325051147531872,WLS,11,7.277031930677524e-05
4,UPFC_Vse,5-15,0.05892821787642696,40,0.061199218680310745,WLS,11,0.002271000803883788
5,UPFC_tse,5-15,-2.122479550552923,40,-2.1500574846163754,WLS,11,0.027577934063452325
0,x_tcsc,1-14,-0.10943812742302429,41,-0.10947218030394698,WLS,11,3.4052880922688655e-05
1,B_svc,2,0.1781853950650328,41,0.17840466658361645,WLS,11,0.00021927151858364136
2,UPFC_Vsh,5-15,1.111648540621108,41,1.1082294745220034,WLS,11,0.003419066099104695
3,UPFC_tsh,5-15,-0.23313464831598346,41,-0.23325051147531872,WLS,11,0.00011586315933526103
4,UPFC_Vse,5-15,0.05830341483210553,41,0.061199218680310745,WLS,11,0.0028958038482052167
5,UPFC_tse,5-15,-2.1193811218165712,41,-2.1500574846163754,WLS,11,0.030676362799804124
0,x_tcsc,1-14,-0.10945351820926592,42,-0.10947218030394698,WLS,11,1.8662094681057284e-05
1,B_svc,2,0.17859969524407315,42,0.17840466658361645,WLS,11,0.00019502866045670308
2,UPFC_Vsh,5-15,1.111705153348199,42,1.1082294745220034,WLS,11,0.003475678826195594
3,UPFC_tsh,5-15,-0.23314099633828086,42,-0.23325051147531872,WLS,11,0.00010951513703785776
4,UPFC_Vse,5-15,0.0585935192223599,42,0.061199218680310745,WLS,11,0.002605699457950847
5,UPFC_tse,5-15,-2.1249096640680243,42,-2.1500574846163754,WLS,11,0.025147820548351074
0,x_tcsc,1-14,-0.10946195511640759,43,-0.10947218030394698,WLS,11,1.0225187539389391e-05
1,B_svc,2,0.17829810317837502,43,0.17840466658361645,WLS,11,0.00010656340524142771
2,UPFC_Vsh,5-15,1.1115275263068325,43,1.1082294745220034,WLS,11,0.0032980517848291147
3,UPFC_tsh,5-15,-0.2331451224432131,43,-0.23325051147531872,WLS,11,0.000105389032105635
4,UPFC_Vse,5-15,0.05879456110076181,43,0.061199218680310745,WLS,11,0.002404657579548934
5,UPFC_tse,5-15,-2.119214001946947,43,-2.1500574846163754,WLS,11,0.03084348266942838
0,x_tcsc,1-14,-0.10945632213401675,44,-0.10947218030394698,WLS,11,1.5858169930230148e-05
1,B_svc,2,0.17857169598802047,44,0.17840466658361645,WLS,11,0.00016702940440402325
2,UPFC_Vsh,5-15,1.1113367699902703,44,1.1082294745220034,WLS,11,0.003107295468266935
3,UPFC_tsh,5-15,-0.23318285834460675,44,-0.23325051147531872,WLS,11,6.765313071196988e-05
4,UPFC_Vse,5-15,0.05921849427194121,44,0.061199218680310745,WLS,11,0.0019807244083695358
5,UPFC_tse,5-15,-2.1150448354668185,44,-2.1500574846163754,WLS,11,0.03501264914955682
0,x_tcsc,1-14,-0.10944656191344758,45,-0.10947218030394698,WLS,11,2.5618390499401733e-05
1,B_svc,2,0.17838191801449255,45,0.17840466658361645,WLS,11,2.2748569123903772e-05
2,UPFC_Vsh,5-15,1.1116397452100664,45,1.1082294745220034,WLS,11,0.0034102706880629885
3,UPFC_tsh,5-15,-0.23315469266067074,45,-0.23325051147531872,WLS,11,9.581881464798547e-05
4,UPFC_Vse,5-15,0.05873785280123815,45,0.061199218680310745,WLS,11,0.0024613658790725926
5,UPFC_tse,5-15,-2.1173787804719946,45,-2.1500574846163754,WLS,11,0.03267870414438079
0,x_tcsc,1-14,-0.10946280242104901,46,-0.10947218030394698,WLS,11,9.377882897967926e-06
1,B_svc,2,0.17862754161148037,46,0.17840466658361645,WLS,11,0.00022287502786391689
2,UPFC_Vsh,5-15,1.1117816699507133,46,1.1082294745220034,WLS,11,0.003552195428709881
3,UPFC_tsh,5-15,-0.23307356524709216,46,-0.23325051147531872,WLS,11,0.00017694622822655992
4,UPFC_Vse,5-15,0.05824440179836728,46,0.061199218680310745,WLS,11,0.0029548168819434617
5,UPFC_tse,5-15,-2.1190044844843943,46,-2.1500574846163754,WLS,11,0.03105300013198109
0,x_tcsc,1-14,-0.10946273179420885,47,-0.10947218030394698,WLS,11,9.448509738135824e-06
1,B_svc,2,0.17838250629734606,47,0.17840466658361645,WLS,11,2.2160286270389573e-05
2,UPFC_Vsh,5-15,1.1115148717108936,47,1.1082294745220034,WLS,11,0.0032853971888902045
3,UPFC_tsh,5-15,-0.23317250217789445,47,-0.23325051147531872,WLS,11,7.800929742426965e-05
4,UPFC_Vse,5-15,0.059045380331353155,47,0.061199218680310745,WLS,11,0.00215383834895759
5,UPFC_tse,5-15,-2.12118851847452,47,-2.1500574846163754,WLS,11,0.028868966141855523
0,x_tcsc,1-14,-0.1094593258619189,48,-0.10947218030394698,WLS,11,1.2854442028087387e-05
1,B_svc,2,0.1788855398966123,48,0.17840466658361645,WLS,11,0.00048087331299584424
2,UPFC_Vsh,5-15,1.111580684158909,48,1.1082294745220034,WLS,11,0.0033512096369057165
3,UPFC_tsh,5-15,-0.2331576442855472,48,-0.23325051147531872,WLS,11,9.28671897715283e-05
4,UPFC_Vse,5-15,0.0585452357853854,48,0.061199218680310745,WLS,11,0.0026539828949253483
5,UPFC_tse,5-15,-2.121255472954966,48,-2.1500574846163754,WLS,11,0.028802011661409388
0,x_tcsc,1-14,-0.10944543684281612,49,-0.10947218030394698,WLS,11,2.6743461130865342e-05
1,B_svc,2,0.1783296223804904,49,0.17840466658361645,WLS,11,7.50442031260401e-05
2,UPFC_Vsh,5-15,1.1118374026191136,49,1.1082294745220034,WLS,11,0.0036079280971101912
3,UPFC_tsh,5-15,-0.23310015905610643,49,-0.23325051147531872,WLS,11,0.00015035241921229625
4,UPFC_Vse,5-15,0.058368333219138285,49,0.061199218680310745,WLS,11,0.0028308854611724596
5,UPFC_tse,5-15,-2.1202145610456524,49,-2.1500574846163754,WLS,11,0.029842923570722935
0,x_tcsc,1-14,-0.10945345754197161,50,-0.10947218030394698,WLS,11,1.8722761975370483e-05
1,B_svc,2,0.17829915312651468,50,0.17840466658361645,WLS,11,0.00010551345710177462
2,UPFC_Vsh,5-15,1.1114025682354407,50,1.1082294745220034,WLS,11,0.003173093713437325
3,UPFC_tsh,5-15,-0.2331642804918839,50,-0.23325051147531872,WLS,11,8.623098343482627e-05
4,UPFC_Vse,5-15,0.05867246401371994,50,0.061199218680310745,WLS,11,0.0025267546665908025
5,UPFC_tse,5-15,-2.12031266522529,50,-2.1500574846163754,WLS,11,0.029744819391085198
0,x_tcsc,1-14,-0.10945216263793485,51,-0.10947218030394698,WLS,11,2.0017666012131508e-05
1,B_svc,2,0.1786891655673403,51,0.17840466658361645,WLS,11,0.0002844989837238465
2,UPFC_Vsh,5-15,1.1117178071739044,51,1.1082294745220034,WLS,11,0.0034883326519010716
3,UPFC_tsh,5-15,-0.23308994854506807,51,-0.23325051147531872,WLS,11,0.00016056293025065727
4,UPFC_Vse,5-15,0.05860143085098162,51,0.061199218680310745,WLS,11,0.0025977878293291234
5,UPFC_tse,5-15,-2.1205300340890307,51,-2.1500574846163754,WLS,11,0.029527450527344623
0,x_tcsc,1-14,-0.1094715175811464,52,-0.10947218030394698,WLS,11,6.62722800581772e-07
1,B_svc,2,0.17866578722249857,52,0.17840466658361645,WLS,11,0.00026112063888211745
2,UPFC_Vsh,5-15,1.1114284433330484,52,1.1082294745220034,WLS,11,0.0031989688110449777
3,UPFC_tsh,5-15,-0.23313875020872013,52,-0.23325051147531872,WLS,11,0.00011176126659859231
4,UPFC_Vse,5-15,0.058547579665992326,52,0.061199218680310745,WLS,11,0.0026516390143184188
5,UPFC_tse,5-15,-2.11940222062605,52,-2.1500574846163754,WLS,11,0.030655263990325476
0,x_tcsc,1-14,-0.10945381948864964,53,-0.10947218030394698,WLS,11,1.8360815297338573e-05
1,B_svc,2,0.1781465826034415,53,0.17840466658361645,WLS,11,0.00025808398017496126
2,UPFC_Vsh,5-15,1.1115329595271304,53,1.1082294745220034,WLS,11,0.003303485005127005
3,UPFC_tsh,5-15,-0.23316906159747802,53,-0.23325051147531872,WLS,11,8.144987784070024e-05
4,UPFC_Vse,5-15,0.058370220071675784,53,0.061199218680310745,WLS,11,0.002828998608634961
5,UPFC_tse,5-15,-2.122459649252512,53,-2.1500574846163754,WLS,11,0.02759783536386351
0,x_tcsc,1-14,-0.10945311818229696,54,-0.10947218030394698,WLS,11,1.9062121650023633e-05
1,B_svc,2,0.1790365673745216,54,0.17840466658361645,WLS,11,0.0006319007909051377
2,UPFC_Vsh,5-15,1.1117401040069848,54,1.1082294745220034,WLS,11,0.0035106294849813757
3,UPFC_tsh,5-15,-0.23316196088298088,54,-0.23325051147531872,WLS,11,8.855059233783824e-05
4,UPFC_Vse,5-15,0.05836097183479046,54,0.061199218680310745,WLS,11,0.0028382468455202883
5,UPFC_tse,5-15,-2.121161539927906,54,-2.1500574846163754,WLS,11,0.028895944688469566
0,x_tcsc,1-14,-0.1094531705420154,55,-0.10947218030394698,WLS,11,1.9009761931587654e-05
1,B_svc,2,0.17836874485251927,55,0.17840466658361645,WLS,11,3.592173109717711e-05
2,UPFC_Vsh,5-15,1.1118907046468227,55,1.1082294745220034,WLS,11,0.003661230124819337
3,UPFC_tsh,5-15,-0.23318526851776739,55,-0.23325051147531872,WLS,11,6.524295755133691e-05
4,UPFC_Vse,5-15,0.05888703463968861,55,0.061199218680310745,WLS,11,0.0023121840406221325
5,UPFC_tse,5-15,-2.118981133347131,55,-2.1500574846163754,WLS,11,0.031076351269244462
0,x_tcsc,1-14,-0.10947213106486371,56,-0.10947218030394698,WLS,11,4.923908326903703e-08
1,B_svc,2,0.17880600518494236,56,0.17840466658361645,WLS,11,0.0004013386013259068
2,UPFC_Vsh,5-15,1.1115292842055131,56,1.1082294745220034,WLS,11,0.0032998096835097357
3,UPFC_tsh,5-15,-0.23310296779170792,56,-0.23325051147531872,WLS,11,0.00014754368361080683
4,UPFC_Vse,5-15,0.05853287942730703,56,0.061199218680310745,WLS,11,0.002666339253003712
5,UPFC_tse,5-15,-2.118022901536439,56,-2.1500574846163754,WLS,11,0.03203458307993623
0,x_tcsc,1-14,-0.1094595367186499,57,-0.10947218030394698,WLS,11,1.2643585297081317e-05
1,B_svc,2,0.1782195363135418,57,0.17840466658361645,WLS,11,0.00018513027007466265
2,UPFC_Vsh,5-15,1.1114008163350106,57,1.1082294745220034,WLS,11,0.003171341813007267
3,UPFC_tsh,5-15,-0.23319638246930854,57,-0.23325051147531872,WLS,11,5.412900601017845e-05
4,UPFC_Vse,5-15,0.058985819626124224,57,0.061199218680310745,WLS,11,0.002213399054186521
5,UPFC_tse,5-15,-2.119474963564136,57,-2.1500574846163754,WLS,11,0.030582521052239464
0,x_tcsc,1-14,-0.10945293039274011,58,-0.10947218030394698,WLS,11,1.9249911206872805e-05
1,B_svc,2,0.17833477204881631,58,0.17840466658361645,WLS,11,6.989453480013563e-05
2,UPFC_Vsh,5-15,1.1117850293254277,58,1.1082294745220034,WLS,11,0.003555554803424288
3,UPFC_tsh,5-15,-0.23309926114604085,58,-0.23325051147531872,WLS,11,0.0001512503292778744
4,UPFC_Vse,5-15,0.05812776039631452,58,0.061199218680310745,WLS,11,0.0030714582839962215
5,UPFC_tse,5-15,-2.121249235192541,58,-2.1500574846163754,WLS,11,0.028808249423834198
0,x_tcsc,1-14,-0.10946373679841019,59,-0.10947218030394698,WLS,11,8.443505536789853e-06
1,B_svc,2,0.1783262524540895,59,0.17840466658361645,WLS,11,7.84141295269436e-05
2,UPFC_Vsh,5-15,1.111827033162574,59,1.1082294745220034,WLS,11,0.0035975586405705418
3,UPFC_tsh,5-15,-0.23309399923497173,59,-0.23325051147531872,WLS,11,0.00015651224034698985
4,UPFC_Vse,5-15,0.05892399436415511,59,0.061199218680310745,WLS,11,0.0022752243161556357
5,UPFC_tse,5-15,-2.117295051960616,59,-2.1500574846163754,WLS,11,0.03276243265575918
0,x_tcsc,1-14,-0.10946116923190807,60,-0.10947218030394698,WLS,11,1.1011072038907832e-05
1,B_svc,2,0.17849765976804624,60,0.17840466658361645,WLS,11,9.299318442979043e-05
2,UPFC_Vsh,5-15,1.1120087179298044,60,1.1082294745220034,WLS,11,0.003779243407801003
3,UPFC_tsh,5-15,-0.233044490131493,60,-0.23325051147531872,WLS,11,0.00020602134382571857
4,UPFC_Vse,5-15,0.05876523943748723,60,0.061199218680310745,WLS,11,0.002433979242823514
5,UPFC_tse,5-15,-2.117646168254114,60,-2.1500574846163754,WLS,11,0.032411316362261466
0,x_tcsc,1-14,-0.10946122419487651,61,-0.10947218030394698,WLS,11,1.0956109070467401e-05
1,B_svc,2,0.17816050887538076,61,0.17840466658361645,WLS,11,0.00024415770823568717
2,UPFC_Vsh,5-15,1.1116319188260881,61,1.1082294745220034,WLS,11,0.003402444304084762
3,UPFC_tsh,5-15,-0.23323222355801573,61,-0.23325051147531872,WLS,11,1.8287917302989287e-05
4,UPFC_Vse,5-15,0.05902378405342705,61,0.061199218680310745,WLS,11,0.0021754346268836947
5,UPFC_tse,5-15,-2.120446606737532,61,-2.1500574846163754,WLS,11,0.02961087787884331
0,x_tcsc,1-14,-0.10945898646473462,62,-0.10947218030394698,WLS,11,1.3193839212360947e-05
1,B_svc,2,0.17860570912190535,62,0.17840466658361645,WLS,11,0.00020104253828889806
2,UPFC_Vsh,5-15,1.1115024334890988,62,1.1082294745220034,WLS,11,0.0032729589670954518
3,UPFC_tsh,5-15,-0.23316102280411755,62,-0.23325051147531872,WLS,11,8.948867120117665e-05
4,UPFC_Vse,5-15,0.058890444405204016,62,0.061199218680310745,WLS,11,0.0023087742751067286
5,UPFC_tse,5-15,-2.1212275173787787,62,-2.1500574846163754,WLS,11,0.028829967237596676
0,x_tcsc,1-14,-0.10945482964704711,63,-0.10947218030394698,WLS,11,1.7350656899867145e-05
1,B_svc,2,0.17844784702598127,63,0.17840466658361645,WLS,11,4.318044236481522e-05
2,UPFC_Vsh,5-15,1.11187627973143,63,1.1082294745220034,WLS,11,0.003646805209426729
3,UPFC_tsh,5-15,-0.23309942416125912,63,-0.23325051147531872,WLS,11,0.00015108731405960585
4,UPFC_Vse,5-15,0.058427520266718165,63,0.061199218680310745,WLS,11,0.00277169841359258
5,UPFC_tse,5-15,-2.122168883618321,63,-2.1500574846163754,WLS,11,0.027888600998054347
0,x_tcsc,1-14,-0.10945284151944977,64,-0.10947218030394698,WLS,11,1.9338784497210937e-05
1,B_svc,2,0.17864731808278636,64,0.17840466658361645,WLS,11,0.00024265149916991025
2,UPFC_Vsh,5-15,1.1119148736001472,64,1.1082294745220034,WLS,11,0.003685399078143803
3,UPFC_tsh,5-15,-0.23311494230561702,64,-0.23325051147531872,WLS,11,0.0001355691697016992
4,UPFC_Vse,5-15,0.058854627390357475,64,0.061199218680310745,WLS,11,0.0023445912899532698
5,UPFC_tse,5-15,-2.123282031612945,64,-2.1500574846163754,WLS,11,0.026775453003430538
0,x_tcsc,1-14,-0.10947817292167929,65,-0.10947218030394698,WLS,11,5.9926177323060825e-06
1,B_svc,2,0.178276469705031,65,0.17840466658361645,WLS,11,0.00012819687858545148
2,UPFC_Vsh,5-15,1.1117916625115551,65,1.1082294745220034,WLS,11,0.0035621879895517683
3,UPFC_tsh,5-15,-0.23313705656197864,65,-0.23325051147531872,WLS,11,0.00011345491334008306
4,UPFC_Vse,5-15,0.058778960680352196,65,0.061199218680310745,WLS,11,0.0024202579999585486
5,UPFC_tse,5-15,-2.1179323438910207,65,-2.1500574846163754,WLS,11,0.03212514072535466
0,x_tcsc,1-14,-0.10945301786503793,66,-0.10947218030394698,WLS,11,1.9162438909051116e-05
1,B_svc,2,0.17860253020926564,66,0.17840466658361645,WLS,11,0.0001978636256491917
2,UPFC_Vsh,5-15,1.1118305332478908,66,1.1082294745220034,WLS,11,0.0036010587258874516
3,UPFC_tsh,5-15,-0.23304059373370922,66,-0.23325051147531872,WLS,11,0.00020991774160949994
4,UPFC_Vse,5-15,0.05884436316673733,66,0.061199218680310745,WLS,11,0.002354855513573416
5,UPFC_tse,5-15,-2.11834311332857,66,-2.1500574846163754,WLS,11,0.03171437128780541
0,x_tcsc,1-14,-0.10944823522874932,67,-0.10947218030394698,WLS,11,2.3945075197664978e-05
1,B_svc,2,0.17811576254882408,67,0.17840466658361645,WLS,11,0.0002889040347923699
2,UPFC_Vsh,5-15,1.11144316074156,67,1.1082294745220034,WLS,11,0.003213686219556644
3,UPFC_tsh,5-15,-0.2331565331489723,67,-0.23325051147531872,WLS,11,9.397832634641667e-05
4,UPFC_Vse,5-15,0.058571074559132734,67,0.061199218680310745,WLS,11,0.002628144121178011
5,UPFC_tse,5-15,-2.1223998826799813,67,-2.1500574846163754,WLS,11,0.027657601936394105
0,x_tcsc,1-14,-0.10945835886705602,68,-0.10947218030394698,WLS,11,1.3821436890965044e-05
1,B_svc,2,0.17856789954138605,68,0.17840466658361645,WLS,11,0.000163232957769599
2,UPFC_Vsh,5-15,1.1118991389805954,68,1.1082294745220034,WLS,11,0.00366966445859207
3,UPFC_tsh,5-15,-0.23313958793390574,68,-0.23325051147531872,WLS,11,0.00011092354141298277
4,UPFC_Vse,5-15,0.05888083923022874,68,0.061199218680310745,WLS,11,0.002318379450082002
5,UPFC_tse,5-15,-2.1195825481210844,68,-2.1500574846163754,WLS,11,0.030474936495290983
0,x_tcsc,1-14,-0.10945341829832334,69,-0.10947218030394698,WLS,11,1.876200562364594e-05
1,B_svc,2,0.17891367514969905,69,0.17840466658361645,WLS,11,0.0005090085660826027
2,UPFC_Vsh,5-15,1.1118641819039126,69,1.1082294745220034,WLS,11,0.0036347073819091857
3,UPFC_tsh,5-15,-0.23306260778163396,69,-0.23325051147531872,WLS,11,0.00018790369368476556
4,UPFC_Vse,5-15,0.058610907927121966,69,0.061199218680310745,WLS,11,0.0025883107531887786
5,UPFC_tse,5-15,-2.119597296011205,69,-2.1500574846163754,WLS,11,0.030460188605170302
0,x_tcsc,1-14,-0.10946971512531786,70,-0.10947218030394698,WLS,11,2.4651786291185473e-06
1,B_svc,2,0.17805197458284464,70,0.17840466658361645,WLS,11,0.00035269200077181484
2,UPFC_Vsh,5-15,1.1115229744536614,70,1.1082294745220034,WLS,11,0.0032934999316580615
3,UPFC_tsh,5-15,-0.23310831070224156,70,-0.23325051147531872,WLS,11,0.00014220077307716683
4,UPFC_Vse,5-15,0.058649632781813274,70,0.061199218680310745,WLS,11,0.002549585898497471
5,UPFC_tse,5-15,-2.1192327388701058,70,-2.1500574846163754,WLS,11,0.03082474574626959
0,x_tcsc,1-14,-0.10944662846813703,71,-0.10947218030394698,WLS,11,2.5551835809947687e-05
1,B_svc,2,0.17819877445731092,71,0.17840466658361645,WLS,11,0.00020589212630553466
2,UPFC_Vsh,5-15,1.1115837167493092,71,1.1082294745220034,WLS,11,0.003354242227305848
3,UPFC_tsh,5-15,-0.23309206780952887,71,-0.23325051147531872,WLS,11,0.00015844366578984803
4,UPFC_Vse,5-15,0.05866025506403925,71,0.061199218680310745,WLS,11,0.0025389636162714974
5,UPFC_tse,5-15,-2.1203106240072636,71,-2.1500574846163754,WLS,11,0.029746860609111803
0,x_tcsc,1-14,-0.10945582954764374,72,-0.10947218030394698,WLS,11,1.6350756303240566e-05
1,B_svc,2,0.17876710504267665,72,0.17840466658361645,WLS,11,0.0003624384590601992
2,UPFC_Vsh,5-15,1.1116827843521244,72,1.1082294745220034,WLS,11,0.003453309830121043
3,UPFC_tsh,5-15,-0.23313951425703855,72,-0.23325051147531872,WLS,11,0.00011099721828017328
4,UPFC_Vse,5-15,0.058395288662766796,72,0.061199218680310745,WLS,11,0.0028039300175439485
5,UPFC_tse,5-15,-2.1203284842513384,72,-2.1500574846163754,WLS,11,0.029729000365037006
0,x_tcsc,1-14,-0.10943647929495995,73,-0.10947218030394698,WLS,11,3.5701008987032434e-05
1,B_svc,2,0.17855818015485697,73,0.17840466658361645,WLS,11,0.00015351357124052112
2,UPFC_Vsh,5-15,1.1116714011743711,73,1.1082294745220034,WLS,11,0.003441926652367755
3,UPFC_tsh,5-15,-0.23311891555569905,73,-0.23325051147531872,WLS,11,0.00013159591961967032
4,UPFC_Vse,5-15,0.05841414902674017,73,0.061199218680310745,WLS,11,0.002785069653570574
5,UPFC_tse,5-15,-2.1222995349454266,73,-2.1500574846163754,WLS,11,0.0277579496709488
0,x_tcsc,1-14,-0.10946721390904314,74,-0.10947218030394698,WLS,11,4.966394903840876e-06
1,B_svc,2,0.17850231282494158,74,0.17840466658361645,WLS,11,9.764624132513333e-05
2,UPFC_Vsh,5-15,1.1121010624282461,74,1.1082294745220034,WLS,11,0.003871587906242757
3,UPFC_tsh,5-15,-0.2330562054933189,74,-0.23325051147531872,WLS,11,0.00019430598199982052
4,UPFC_Vse,5-15,0.05863590711566916,74,0.061199218680310745,WLS,11,0.002563311564641582
5,UPFC_tse,5-15,-2.1192910986733025,74,-2.1500574846163754,WLS,11,0.030766385943072905
0,x_tcsc,1-14,-0.109461278017711,75,-0.10947218030394698,WLS,11,1.0902286235986436e-05
1,B_svc,2,0.17842194042164852,75,0.17840466658361645,WLS,11,1.7273838032072497e-05
2,UPFC_Vsh,5-15,1.1117490263163436,75,1.1082294745220034,WLS,11,0.00351955179434027
3,UPFC_tsh,5-15,-0.23309723257720255,75,-0.23325051147531872,WLS,11,0.00015327889811617146
4,UPFC_Vse,5-15,0.05860283143462715,75,0.061199218680310745,WLS,11,0.002596387245683597
5,UPFC_tse,5-15,-2.11840218854142,75,-2.1500574846163754,WLS,11,0.03165529607495543
0,x_tcsc,1-14,-0.10944560825196502,76,-0.10947218030394698,WLS,11,2.6572051981962885e-05
1,B_svc,2,0.17880069674954222,76,0.17840466658361645,WLS,11,0.0003960301659257648
2,UPFC_Vsh,5-15,1.111891909035483,76,1.1082294745220034,WLS,11,0.0036624345134796954
3,UPFC_tsh,5-15,-0.2331271728509015,76,-0.23325051147531872,WLS,11,0.000123338624417213
4,UPFC_Vse,5-15,0.0590455376679495,76,0.061199218680310745,WLS,11,0.0021536810123612415
5,UPFC_tse,5-15,-2.119380888177706,76,-2.1500574846163754,WLS,11,0.030676596438669268
0,x_tcsc,1-14,-0.10943988235952382,77,-0.10947218030394698,WLS,11,3.229794442316525e-05
1,B_svc,2,0.17845466654123654,77,0.17840466658361645,WLS,11,4.999995762008935e-05
2,UPFC_Vsh,5-15,1.1116913607058676,77,1.1082294745220034,WLS,11,0.0034618861838642268
3,UPFC_tsh,5-15,-0.23309137895858112,77,-0.23325051147531872,WLS,11,0.00015913251673760342
4,UPFC_Vse,5-15,0.05873362803557782,77,0.061199218680310745,WLS,11,0.0024655906447329234
5,UPFC_tse,5-15,-2.1174026835347517,77,-2.1500574846163754,WLS,11,0.03265480108162366
0,x_tcsc,1-14,-0.10946467000015767,78,-0.10947218030394698,WLS,11,7.510303789315387e-06
1,B_svc,2,0.1780941598342606,78,0.17840466658361645,WLS,11,0.0003105067493558433
2,UPFC_Vsh,5-15,1.1115066098477224,78,1.1082294745220034,WLS,11,0.0032771353257190494
3,UPFC_tsh,5-15,-0.23313214171236174,78,-0.23325051147531872,WLS,11,0.00011836976295698243
4,UPFC_Vse,5-15,0.058777601965972426,78,0.061199218680310745,WLS,11,0.002421616714338319
5,UPFC_tse,5-15,-2.1212236755006266,78,-2.1500574846163754,WLS,11,0.028833809115748732
0,x_tcsc,1-14,-0.10947081067753146,79,-0.10947218030394698,WLS,11,1.369626415517744e-06
1,B_svc,2,0.17846421565128096,79,0.17840466658361645,WLS,11,5.954906766450496e-05
2,UPFC_Vsh,5-15,1.111737554230993,79,1.1082294745220034,WLS,11,0.0035080797089896976
3,UPFC_tsh,5-15,-0.2330967258370075,79,-0.23325051147531872,WLS,11,0.00015378563831122682
4,UPFC_Vse,5-15,0.05838011416552835,79,0.061199218680310745,WLS,11,0.002819104514782393
5,UPFC_tse,5-15,-2.1202040442695855,79,-2.1500574846163754,WLS,11,0.029853440346789828
0,x_tcsc,1-14,-0.10946604854321895,80,-0.10947218030394698,WLS,11,6.131760728028679e-06
1,B_svc,2,0.17849716523154593,80,0.17840466658361645,WLS,11,9.249864792948426e-05
2,UPFC_Vsh,5-15,1.111862862917797,80,1.1082294745220034,WLS,11,0.0036333883957935242
3,UPFC_tsh,5-15,-0.23318087947522856,80,-0.23325051147531872,WLS,11,6.963200009016401e-05
4,UPFC_Vse,5-15,0.05899048298367766,80,0.061199218680310745,WLS,11,0.002208735696633088
5,UPFC_tse,5-15,-2.120453300861001,80,-2.1500574846163754,WLS,11,0.029604183755374436
0,x_tcsc,1-14,-0.109455712261365,81,-0.10947218030394698,WLS,11,1.64680425819852e-05
1,B_svc,2,0.1783681166392411,81,0.17840466658361645,WLS,11,3.654994437535253e-05
2,UPFC_Vsh,5-15,1.111610441698681,81,1.1082294745220034,WLS,11,0.003380967176677574
3,UPFC_tsh,5-15,-0.23309157757630103,81,-0.23325051147531872,WLS,11,0.00015893389901769361
4,UPFC_Vse,5-15,0.058262764403303656,81,0.061199218680310745,WLS,11,0.002936454277007089
5,UPFC_tse,5-15,-2.1216164619236952,81,-2.1500574846163754,WLS,11,0.028441022692680118
0,x_tcsc,1-14,-0.1094438901154794,82,-0.10947218030394698,WLS,11,2.829018846757514e-05
1,B_svc,2,0.17845640253984493,82,0.17840466658361645,WLS,11,5.173595622848248e-05
2,UPFC_Vsh,5-15,1.1117328774420647,82,1.1082294745220034,WLS,11,0.0035034029200613492
3,UPFC_tsh,5-15,-0.23317596281175795,82,-0.23325051147531872,WLS,11,7.45486635607695e-05
4,UPFC_Vse,5-15,0.058690400905251856,82,0.061199218680310745,WLS,11,0.0025088177750588886
5,UPFC_tse,5-15,-2.115798812821981,82,-2.1500574846163754,WLS,11,0.034258671794394235
0,x_tcsc,1-14,-0.1094619772939533,83,-0.10947218030394698,WLS,11,1.0203009993686729e-05
1,B_svc,2,0.1788255585159412,83,0.17840466658361645,WLS,11,0.00042089193232475175
2,UPFC_Vsh,5-15,1.1116771099285567,83,1.1082294745220034,WLS,11,0.003447635406553351
3,UPFC_tsh,5-15,-0.23309369234117924,83,-0.23325051147531872,WLS,11,0.0001568191341394798
4,UPFC_Vse,5-15,0.058923743433400115,83,0.061199218680310745,WLS,11,0.00227547524691063
5,UPFC_tse,5-15,-2.119254712565518,83,-2.1500574846163754,WLS,11,0.030802772050857463
0,x_tcsc,1-14,-0.10944193489582824,84,-0.10947218030394698,WLS,11,3.024540811874532e-05
1,B_svc,2,0.1786025985826608,84,0.17840466658361645,WLS,11,0.00019793199904435954
2,UPFC_Vsh,5-15,1.1116985724128094,84,1.1082294745220034,WLS,11,0.003469097890806072
3,UPFC_tsh,5-15,-0.23316135421555956,84,-0.23325051147531872,WLS,11,8.9157259759165e-05
4,UPFC_Vse,5-15,0.059123694266138775,84,0.061199218680310745,WLS,11,0.0020755244141719698
5,UPFC_tse,5-15,-2.1208346759127026,84,-2.1500574846163754,WLS,11,0.029222808703672776
0,x_tcsc,1-14,-0.10946377480665877,85,-0.10947218030394698,WLS,11,8.405497288213604e-06
1,B_svc,2,0.17852366921557875,85,0.17840466658361645,WLS,11,0.00011900263196229499
2,UPFC_Vsh,5-15,1.1115286607183756,85,1.1082294745220034,WLS,11,0.0032991861963722613
3,UPFC_tsh,5-15,-0.233188555002538,85,-0.23325051147531872,WLS,11,6.195647278073313e-05
4,UPFC_Vse,5-15,0.05873911526437458,85,0.061199218680310745,WLS,11,0.0024601034159361657
5,UPFC_tse,5-15,-2.1211123969181314,85,-2.1500574846163754,WLS,11,0.028945087698244
0,x_tcsc,1-14,-0.10945799786774664,86,-0.10947218030394698,WLS,11,1.4182436200341209e-05
1,B_svc,2,0.17842013027779982,86,0.17840466658361645,WLS,11,1.546369418337079e-05
2,UPFC_Vsh,5-15,1.1119808283874248,86,1.1082294745220034,WLS,11,0.0037513538654214695
3,UPFC_tsh,5-15,-0.23317213583571936,86,-0.23325051147531872,WLS,11,7.837563959936511e-05
4,UPFC_Vse,5-15,0.05898260952006294,86,0.061199218680310745,WLS,11,0.0022166091602478025
5,UPFC_tse,5-15,-2.1200484851818735,86,-2.1500574846163754,WLS,11,0.03000899943450186
0,x_tcsc,1-14,-0.10947151441601635,87,-0.10947218030394698,WLS,11,6.658879306287169e-07
1,B_svc,2,0.17850148309492858,87,0.17840466658361645,WLS,11,9.681651131213109e-05
2,UPFC_Vsh,5-15,1.1115930942101762,87,1.1082294745220034,WLS,11,0.003363619688172781
3,UPFC_tsh,5-15,-0.23310266577568878,87,-0.23325051147531872,WLS,11,0.00014784569962994487
4,UPFC_Vse,5-15,0.05839739397931916,87,0.061199218680310745,WLS,11,0.0028018247009915856
5,UPFC_tse,5-15,-2.119472703126178,87,-2.1500574846163754,WLS,11,0.030584781490197166
0,x_tcsc,1-14,-0.10945849302570933,88,-0.10947218030394698,WLS,11,1.3687278237653477e-05
1,B_svc,2,0.17920369106800982,88,0.17840466658361645,WLS,11,0.000799024484393368
2,UPFC_Vsh,5-15,1.111444525629254,88,1.1082294745220034,WLS,11,0.0032150511072506216
3,UPFC_tsh,5-15,-0.23313054464470284,88,-0.23325051147531872,WLS,11,0.00011996683061588076
4,UPFC_Vse,5-15,0.058521261795976894,88,0.061199218680310745,WLS,11,0.0026779568843338514
5,UPFC_tse,5-15,-2.1187318198723104,88,-2.1500574846163754,WLS,11,0.03132566474406495
0,x_tcsc,1-14,-0.10946143502407692,89,-0.10947218030394698,WLS,11,1.0745279870064128e-05
1,B_svc,2,0.17844649901122667,89,0.17840466658361645,WLS,11,4.183242761021666e-05
2,UPFC_Vsh,5-15,1.111602125471694,89,1.1082294745220034,WLS,11,0.0033726509496905255
3,UPFC_tsh,5-15,-0.23315149517473335,89,-0.23325051147531872,WLS,11,9.901630058536948e-05
4,UPFC_Vse,5-15,0.05852928044106294,89,0.061199218680310745,WLS,11,0.0026699382392478058
5,UPFC_tse,5-15,-2.120182851412462,89,-2.1500574846163754,WLS,11,0.02987463320391326
0,x_tcsc,1-14,-0.10945417404693443,90,-0.10947218030394698,WLS,11,1.8006257012551097e-05
1,B_svc,2,0.1781110370295234,90,0.17840466658361645,WLS,11,0.0002936295540930389
2,UPFC_Vsh,5-15,1.1112497904309526,90,1.1082294745220034,WLS,11,0.003020315908949245
3,UPFC_tsh,5-15,-0.2331475523778321,90,-0.23325051147531872,WLS,11,0.00010295909748661569
4,UPFC_Vse,5-15,0.058973792949823,90,0.061199218680310745,WLS,11,0.002225425730487743
5,UPFC_tse,5-15,-2.116907652556544,90,-2.1500574846163754,WLS,11,0.033149832059831574
0,x_tcsc,1-14,-0.10946762872923124,91,-0.10947218030394698,WLS,11,4.551574715738749e-06
1,B_svc,2,0.17844817910861102,91,0.17840466658361645,WLS,11,4.3512524994571145e-05
2,UPFC_Vsh,5-15,1.1117415177735337,91,1.1082294745220034,WLS,11,0.003512043251530317
3,UPFC_tsh,5-15,-0.23312996813227568,91,-0.23325051147531872,WLS,11,0.00012054334304303915
4,UPFC_Vse,5-15,0.058449799912137744,91,0.061199218680310745,WLS,11,0.002749418768173001
5,UPFC_tse,5-15,-2.1229133221436864,91,-2.1500574846163754,WLS,11,0.027144162472688915
0,x_tcsc,1-14,-0.1094657912247091,92,-0.10947218030394698,WLS,11,6.389079237875683e-06
1,B_svc,2,0.17842439019016273,92,0.17840466658361645,WLS,11,1.972360654628469e-05
2,UPFC_Vsh,5-15,1.111660428352684,92,1.1082294745220034,WLS,11,0.0034309538306807053
3,UPFC_tsh,5-15,-0.2331552621036289,92,-0.23325051147531872,WLS,11,9.524937168980951e-05
4,UPFC_Vse,5-15,0.05930243628038471,92,0.061199218680310745,WLS,11,0.0018967823999260364
5,UPFC_tse,5-15,-2.1197252077467605,92,-2.1500574846163754,WLS,11,0.030332276869614816
0,x_tcsc,1-14,-0.1094656437407209,93,-0.10947218030394698,WLS,11,6.536563226078318e-06
1,B_svc,2,0.17832675840756296,93,0.17840466658361645,WLS,11,7.790817605349276e-05
2,UPFC_Vsh,5-15,1.1112861830308047,93,1.1082294745220034,WLS,11,0.0030567085088013535
3,UPFC_tsh,5-15,-0.2331623089441085,93,-0.23325051147531872,WLS,11,8.820253121022414e-05
4,UPFC_Vse,5-15,0.05924783528589256,93,0.061199218680310745,WLS,11,0.0019513833944181866
5,UPFC_tse,5-15,-2.11838495828077,93,-2.1500574846163754,WLS,11,0.031672526335605244
0,x_tcsc,1-14,-0.10946330841763814,94,-0.10947218030394698,WLS,11,8.871886308839394e-06
1,B_svc,2,0.17815270652601273,94,0.17840466658361645,WLS,11,0.00025196005760372286
2,UPFC_Vsh,5-15,1.111278934792738,94,1.1082294745220034,WLS,11,0.0030494602707347163
3,UPFC_tsh,5-15,-0.23316688312780007,94,-0.23325051147531872,WLS,11,8.3628347518655e-05
4,UPFC_Vse,5-15,0.058343091756454066,94,0.061199218680310745,WLS,11,0.002856126923856679
5,UPFC_tse,5-15,-2.1200195776851243,94,-2.1500574846163754,WLS,11,0.03003790693125108
0,x_tcsc,1-14,-0.10947027249625699,95,-0.10947218030394698,WLS,11,1.907807689993657e-06
1,B_svc,2,0.17847166700895314,95,0.17840466658361645,WLS,11,6.700042533669404e-05
2,UPFC_Vsh,5-15,1.1116076328617948,95,1.1082294745220034,WLS,11,0.0033781583397913817
3,UPFC_tsh,5-15,-0.23314370393408326,95,-0.23325051147531872,WLS,11,0.00010680754123545966
4,UPFC_Vse,5-15,0.05914370809143574,95,0.061199218680310745,WLS,11,0.0020555105888750078
5,UPFC_tse,5-15,-2.119751171633141,95,-2.1500574846163754,WLS,11,0.030306312983234385
0,x_tcsc,1-14,-0.1094663747833398,96,-0.10947218030394698,WLS,11,5.805520607179981e-06
1,B_svc,2,0.17792247214577092,96,0.17840466658361645,WLS,11,0.00048219443784552896
2,UPFC_Vsh,5-15,1.1114786406944126,96,1.1082294745220034,WLS,11,0.0032491661724092236
3,UPFC_tsh,5-15,-0.23311960443946614,96,-0.23325051147531872,WLS,11,0.00013090703585258434
4,UPFC_Vse,5-15,0.05819242193641262,96,0.061199218680310745,WLS,11,0.0030067967438981227
5,UPFC_tse,5-15,-2.1216986799740174,96,-2.1500574846163754,WLS,11,0.02835880464235796
0,x_tcsc,1-14,-0.10945156429136535,97,-0.10947218030394698,WLS,11,2.061601258163126e-05
1,B_svc,2,0.1788346912610093,97,0.17840466658361645,WLS,11,0.00043002467739283734
2,UPFC_Vsh,5-15,1.1117969654522124,97,1.1082294745220034,WLS,11,0.0035674909302090274
3,UPFC_tsh,5-15,-0.23313802490830088,97,-0.23325051147531872,WLS,11,0.00011248656701784432
4,UPFC_Vse,5-15,0.058732633010308746,97,0.061199218680310745,WLS,11,0.0024665856700019986
5,UPFC_tse,5-15,-2.1187903922753875,97,-2.1500574846163754,WLS,11,0.0312670923409879
0,x_tcsc,1-14,-0.10945824857524382,98,-0.10947218030394698,WLS,11,1.393172870316206e-05
1,B_svc,2,0.17845704830679762,98,0.17840466658361645,WLS,11,5.2381723181171846e-05
2,UPFC_Vsh,5-15,1.111616411247746,98,1.1082294745220034,WLS,11,0.0033869367257426397
3,UPFC_tsh,5-15,-0.2331499121888071,98,-0.23325051147531872,WLS,11,0.00010059928651162675
4,UPFC_Vse,5-15,0.05864434240133288,98,0.061199218680310745,WLS,11,0.002554876278977866
5,UPFC_tse,5-15,-2.1189292052616553,98,-2.1500574846163754,WLS,11,0.031128279354720068
0,x_tcsc,1-14,-0.10946219856313755,99,-0.10947218030394698,WLS,11,9.981740809433814e-06
1,B_svc,2,0.17881426620867344,99,0.17840466658361645,WLS,11,0.0004095996250569889
2,UPFC_Vsh,5-15,1.1118154947361132,99,1.1082294745220034,WLS,11,0.0035860202141098085
3,UPFC_tsh,5-15,-0.2332204471044342,99,-0.23325051147531872,WLS,11,3.0064370884513858e-05
4,UPFC_Vse,5-15,0.05927287297197074,99,0.061199218680310745,WLS,11,0.0019263457083400076
5,UPFC_tse,5-15,-2.1225843823797756,99,-2.1500574846163754,WLS,11,0.02747310223659971
0,x_tcsc,1-14,-0.10880707396716162,0,-0.10881859715735988,WLS,13,1.1523190198259314e-05
1,B_svc,2,0.17670259128439697,0,0.17701758795075362,WLS,13,0.00031499666635664836
2,UPFC_Vsh,5-15,1.1114334758614055,0,1.108194153716509,WLS,13,0.003239322144896528
3,UPFC_tsh,5-15,-0.23376238633825236,0,-0.23388672030178118,WLS,13,0.00012433396352881654
4,UPFC_Vse,5-15,0.058530231575626146,0,0.061591978129866186,WLS,13,0.00306174655424004
5,UPFC_tse,5-15,-2.1227653401090234,0,-2.154578417998358,WLS,13,0.03181307788933463
0,x_tcsc,1-14,-0.10879923294584609,1,-0.10881859715735988,WLS,13,1.9364211513786533e-05
1,B_svc,2,0.17724220705514943,1,0.17701758795075362,WLS,13,0.0002246191043958068
2,UPFC_Vsh,5-15,1.1115157896802965,1,1.108194153716509,WLS,13,0.0033216359637875392
3,UPFC_tsh,5-15,-0.2337725694899451,1,-0.23388672030178118,WLS,13,0.00011415081183607789
4,UPFC_Vse,5-15,0.05869912867487154,1,0.061591978129866186,WLS,13,0.002892849454994649
5,UPFC_tse,5-15,-2.1205260784723214,1,-2.154578417998358,WLS,13,0.03405233952603659
0,x_tcsc,1-14,-0.10882572300620076,2,-0.10881859715735988,WLS,13,7.125848840883187e-06
1,B_svc,2,0.1772108480475995,2,0.17701758795075362,WLS,13,0.00019326009684589307
2,UPFC_Vsh,5-15,1.1113965196486304,2,1.108194153716509,WLS,13,0.0032023659321214204
3,UPFC_tsh,5-15,-0.23378122162726805,2,-0.23388672030178118,WLS,13,0.00010549867451312145
4,UPFC_Vse,5-15,0.05902342702201538,2,0.061591978129866186,WLS,13,0.002568551107850807
5,UPFC_tse,5-15,-2.123236387645142,2,-2.154578417998358,WLS,13,0.03134203035321592
0,x_tcsc,1-14,-0.10881175628883784,3,-0.10881859715735988,WLS,13,6.840868522040022e-06
1,B_svc,2,0.1764541025102373,3,0.17701758795075362,WLS,13,0.0005634854405163203
2,UPFC_Vsh,5-15,1.1116971841069943,3,1.108194153716509,WLS,13,0.0035030303904852733
3,UPFC_tsh,5-15,-0.23380017485730104,3,-0.23388672030178118,WLS,13,8.654544448014057e-05
4,UPFC_Vse,5-15,0.05878401018850587,3,0.061591978129866186,WLS,13,0.0028079679413603176
5,UPFC_tse,5-15,-2.1236450311789605,3,-2.154578417998358,WLS,13,0.0309333868193975
0,x_tcsc,1-14,-0.1088144995127763,4,-0.10881859715735988,WLS,13,4.097644583575533e-06
1,B_svc,2,0.1773447205319212,4,0.17701758795075362,WLS,13,0.00032713258116759403
2,UPFC_Vsh,5-15,1.111633814904778,4,1.108194153716509,WLS,13,0.0034396611882689943
3,UPFC_tsh,5-15,-0.23375008494508612,4,-0.23388672030178118,WLS,13,0.00013663535669505844
4,UPFC_Vse,5-15,0.05881298065844807,4,0.061591978129866186,WLS,13,0.002778997471418118
5,UPFC_tse,5-15,-2.123265583793778,4,-2.154578417998358,WLS,13,0.031312834204579865
0,x_tcsc,1-14,-0.10880971531863179,5,-0.10881859715735988,WLS,13,8.88183872808923e-06
1,B_svc,2,0.17711472324005811,5,0.17701758795075362,WLS,13,9.713528930449522e-05
2,UPFC_Vsh,5-15,1.1117698522999488,5,1.108194153716509,WLS,13,0.003575698583439868
3,UPFC_tsh,5-15,-0.2337823316305958,5,-0.23388672030178118,WLS,13,0.0001043886711853681
4,UPFC_Vse,5-15,0.05904867266850501,5,0.061591978129866186,WLS,13,0.002543305461361174
5,UPFC_tse,5-15,-2.1222321112906504,5,-2.154578417998358,WLS,13,0.03234630670770766
0,x_tcsc,1-14,-0.10882630582476649,6,-0.10881859715735988,WLS,13,7.708667406611247e-06
1,B_svc,2,0.1768483777253967,6,0.17701758795075362,WLS,13,0.00016921022535693053
2,UPFC_Vsh,5-15,1.1121301754887356,6,1.108194153716509,WLS,13,0.003936021772226628
3,UPFC_tsh,5-15,-0.23374517893011637,6,-0.23388672030178118,WLS,13,0.00014154137166480507
4,UPFC_Vse,5-15,0.058886495519394406,6,0.061591978129866186,WLS,13,0.0027054826104717794
5,UPFC_tse,5-15,-2.124318236900551,6,-2.154578417998358,WLS,13,0.03026018109780715
0,x_tcsc,1-14,-0.10883281122517398,7,-0.10881859715735988,WLS,13,1.4214067814100062e-05
1,B_svc,2,0.17723944362018032,7,0.17701758795075362,WLS,13,0.00022185566942670154
2,UPFC_Vsh,5-15,1.111477187350093,7,1.108194153716509,WLS,13,0.003283033633584065
3,UPFC_tsh,5-15,-0.23380376653364796,7,-0.23388672030178118,WLS,13,8.295376813322042e-05
4,UPFC_Vse,5-15,0.05827588342118688,7,0.061591978129866186,WLS,13,0.0033160947086793083
5,UPFC_tse,5-15,-2.122560699294292,7,-2.154578417998358,WLS,13,0.03201771870406622
0,x_tcsc,1-14,-0.10882208842716237,8,-0.10881859715735988,WLS,13,3.4912698024941458e-06
1,B_svc,2,0.17690366409322036,8,0.17701758795075362,WLS,13,0.00011392385753325462
2,UPFC_Vsh,5-15,1.1117190331846638,8,1.108194153716509,WLS,13,0.003524879468154829
3,UPFC_tsh,5-15,-0.23371871378372733,8,-0.23388672030178118,WLS,13,0.00016800651805384814
4,UPFC_Vse,5-15,0.05874974501360057,8,0.061591978129866186,WLS,13,0.0028422331162656148
5,UPFC_tse,5-15,-2.122574679829443,8,-2.154578417998358,WLS,13,0.032003738168914886
0,x_tcsc,1-14,-0.10882496313234287,9,-0.10881859715735988,WLS,13,6.365974982991407e-06
1,B_svc,2,0.17692802872250854,9,0.17701758795075362,WLS,13,8.955922824507856e-05
2,UPFC_Vsh,5-15,1.111863546004191,9,1.108194153716509,WLS,13,0.0036693922876820384
3,UPFC_tsh,5-15,-0.23377260669533012,9,-0.23388672030178118,WLS,13,0.00011411360645105506
4,UPFC_Vse,5-15,0.05902248109965309,9,0.061591978129866186,WLS,13,0.002569497030213093
5,UPFC_tse,5-15,-2.12221002576119,9,-2.154578417998358,WLS,13,0.03236839223716803
0,x_tcsc,1-14,-0.10882333671619664,10,-0.10881859715735988,WLS,13,4.739558836758251e-06
1,B_svc,2,0.17687338034713618,10,0.17701758795075362,WLS,13,0.00014420760361744112
2,UPFC_Vsh,5-15,1.1112440788885114,10,1.108194153716509,WLS,13,0.003049925172002421
3,UPFC_tsh,5-15,-0.23374890942395007,10,-0.23388672030178118,WLS,13,0.00013781087783110157
4,UPFC_Vse,5-15,0.058346853059654924,10,0.061591978129866186,WLS,13,0.003245125070211262
5,UPFC_tse,5-15,-2.1209478067957876,10,-2.154578417998358,WLS,13,0.03363061120257038
0,x_tcsc,1-14,-0.108817174776483,11,-0.10881859715735988,WLS,13,1.422380876872631e-06
1,B_svc,2,0.17705716756329856,11,0.17701758795075362,WLS,13,3.9579612544943243e-05
2,UPFC_Vsh,5-15,1.1117258043697706,11,1.108194153716509,WLS,13,0.0035316506532616643
3,UPFC_tsh,5-15,-0.23372168923745434,11,-0.23388672030178118,WLS,13,0.00016503106432683157
4,UPFC_Vse,5-15,0.05823384179674823,11,0.061591978129866186,WLS,13,0.0033581363331179545
5,UPFC_tse,5-15,-2.122213102136479,11,-2.154578417998358,WLS,13,0.03236531586187885
0,x_tcsc,1-14,-0.10880838966650921,12,-0.10881859715735988,WLS,13,1.0207490850663858e-05
1,B_svc,2,0.17683986903054622,12,0.17701758795075362,WLS,13,0.00017771892020740365
2,UPFC_Vsh,5-15,1.1117198191855744,12,1.108194153716509,WLS,13,0.003525665469065409
3,UPFC_tsh,5-15,-0.23375266250949356,12,-0.23388672030178118,WLS,13,0.00013405779228761738
4,UPFC_Vse,5-15,0.058736408927137745,12,0.061591978129866186,WLS,13,0.0028555692027284404
5,UPFC_tse,5-15,-2.121329819140764,12,-2.154578417998358,WLS,13,0.033248598857594125
0,x_tcsc,1-14,-0.1088132650051861,13,-0.10881859715735988,WLS,13,5.332152173784244e-06
1,B_svc,2,0.17675852431954278,13,0.17701758795075362,WLS,13,0.0002590636312108374
2,UPFC_Vsh,5-15,1.1118253077482319,13,1.108194153716509,WLS,13,0.003631154031722872
3,UPFC_tsh,5-15,-0.23375608552536142,13,-0.23388672030178118,WLS,13,0.0001306347764197524
4,UPFC_Vse,5-15,0.058310179690757406,13,0.061591978129866186,WLS,13,0.0032817984391087796
5,UPFC_tse,5-15,-2.121294451185849,13,-2.154578417998358,WLS,13,0.033283966812509114
0,x_tcsc,1-14,-0.10879804171325327,14,-0.10881859715735988,WLS,13,2.0555444106604148e-05
1,B_svc,2,0.1769232047725045,14,0.17701758795075362,WLS,13,9.438317824911335e-05
2,UPFC_Vsh,5-15,1.1115242556885,14,1.108194153716509,WLS,13,0.0033301019719911285
3,UPFC_tsh,5-15,-0.23376316581877718,14,-0.23388672030178118,WLS,13,0.00012355448300399585
4,UPFC_Vse,5-15,0.05855646988070617,14,0.061591978129866186,WLS,13,0.0030355082491600183
5,UPFC_tse,5-15,-2.1226403292549483,14,-2.154578417998358,WLS,13,0.031938088743409754
0,x_tcsc,1-14,-0.10881354046209825,15,-0.10881859715735988,WLS,13,5.056695261629329e-06
1,B_svc,2,0.17669235466635605,15,0.17701758795075362,WLS,13,0.00032523328439756916
2,UPFC_Vsh,5-15,1.111452988613439,15,1.108194153716509,WLS,13,0.0032588348969300185
3,UPFC_tsh,5-15,-0.23376134945621985,15,-0.23388672030178118,WLS,13,0.00012537084556132894
4,UPFC_Vse,5-15,0.058969448650390784,15,0.061591978129866186,WLS,13,0.0026225294794754023
5,UPFC_tse,5-15,-2.119618465148409,15,-2.154578417998358,WLS,13,0.034959952849948905
0,x_tcsc,1-14,-0.1088142208153283,16,-0.10881859715735988,WLS,13,4.376342031583991e-06
1,B_svc,2,0.17678898484219258,16,0.17701758795075362,WLS,13,0.00022860310856104293
2,UPFC_Vsh,5-15,1.1112478103528296,16,1.108194153716509,WLS,13,0.003053656636320623
3,UPFC_tsh,5-15,-0.23378883703906383,16,-0.23388672030178118,WLS,13,9.788326271734094e-05
4,UPFC_Vse,5-15,0.059037082966594996,16,0.061591978129866186,WLS,13,0.0025548951632711897
5,UPFC_tse,5-15,-2.1187406909171314,16,-2.154578417998358,WLS,13,0.03583772708122668
0,x_tcsc,1-14,-0.1088194233182897,17,-0.10881859715735988,WLS,13,8.261609298204631e-07
1,B_svc,2,0.17704539839825328,17,0.17701758795075362,WLS,13,2.7810447499665436e-05
2,UPFC_Vsh,5-15,1.1113521140712455,17,1.108194153716509,WLS,13,0.0031579603547364776
3,UPFC_tsh,5-15,-0.23375589656761167,17,-0.23388672030178118,WLS,13,0.0001308237341695051
4,UPFC_Vse,5-15,0.05846836168366166,17,0.061591978129866186,WLS,13,0.0031236164462045274
5,UPFC_tse,5-15,-2.1272552138396823,17,-2.154578417998358,WLS,13,0.02732320415867573
0,x_tcsc,1-14,-0.10880769235611353,18,-0.10881859715735988,WLS,13,1.0904801246353069e-05
1,B_svc,2,0.17676147079726368,18,0.17701758795075362,WLS,13,0.00025611715348994313
2,UPFC_Vsh,5-15,1.1115339530520851,18,1.108194153716509,WLS,13,0.0033397993355761546
3,UPFC_tsh,5-15,-0.23380441124407242,18,-0.23388672030178118,WLS,13,8.230905770875707e-05
4,UPFC_Vse,5-15,0.05910844748422868,18,0.061591978129866186,WLS,13,0.0024835306456375064
5,UPFC_tse,5-15,-2.1231696675420975,18,-2.154578417998358,WLS,13,0.03140875045626057
0,x_tcsc,1-14,-0.10881473245328273,19,-0.10881859715735988,WLS,13,3.864704077150005e-06
1,B_svc,2,0.1773632165102301,19,0.17701758795075362,WLS,13,0.00034562855947647964
2,UPFC_Vsh,5-15,1.1110728032283959,19,1.108194153716509,WLS,13,0.002878649511886877
3,UPFC_tsh,5-15,-0.23373873185893385,19,-0.23388672030178118,WLS,13,0.00014798844284732993
4,UPFC_Vse,5-15,0.05875680372071508,19,0.061591978129866186,WLS,13,0.0028351744091511047
5,UPFC_tse,5-15,-2.123454138776655,19,-2.154578417998358,WLS,13,0.031124279221703244
0,x_tcsc,1-14,-0.10881715608829587,20,-0.10881859715735988,WLS,13,1.4410690640093149e-06
1,B_svc,2,0.17663356935104582,20,0.17701758795075362,WLS,13,0.00038401859970779717
2,UPFC_Vsh,5-15,1.1114509877042293,20,1.108194153716509,WLS,13,0.0032568339877203645
3,UPFC_tsh,5-15,-0.23385884446232252,20,-0.23388672030178118,WLS,13,2.787583945865202e-05
4,UPFC_Vse,5-15,0.058775057407651515,20,0.061591978129866186,WLS,13,0.0028169207222146705
5,UPFC_tse,5-15,-2.124098867925699,20,-2.154578417998358,WLS,13,0.030479550072659123
0,x_tcsc,1-14,-0.10881095470138571,21,-0.10881859715735988,WLS,13,7.642455974163354e-06
1,B_svc,2,0.17737113946853655,21,0.17701758795075362,WLS,13,0.00035355151778293514
2,UPFC_Vsh,5-15,1.1116492640521551,21,1.108194153716509,WLS,13,0.003455110335646161
3,UPFC_tsh,5-15,-0.23377832782788888,21,-0.23388672030178118,WLS,13,0.00010839247389229922
4,UPFC_Vse,5-15,0.05927586606164444,21,0.061591978129866186,WLS,13,0.002316112068221743
5,UPFC_tse,5-15,-2.1210340591716705,21,-2.154578417998358,WLS,13,0.03354435882668749
0,x_tcsc,1-14,-0.10879648894977866,22,-0.10881859715735988,WLS,13,2.2108207581222894e-05
1,B_svc,2,0.1774022747120384,22,0.17701758795075362,WLS,13,0.0003846867612847804
2,UPFC_Vsh,5-15,1.1113865039124426,22,1.108194153716509,WLS,13,0.0031923501959336686
3,UPFC_tsh,5-15,-0.23381765272411623,22,-0.23388672030178118,WLS,13,6.906757766494964e-05
4,UPFC_Vse,5-15,0.05908877686575938,22,0.061591978129866186,WLS,13,0.0025032012641068024
5,UPFC_tse,5-15,-2.1202552746563432,22,-2.154578417998358,WLS,13,0.034323143342014806
0,x_tcsc,1-14,-0.10880913729130949,23,-0.10881859715735988,WLS,13,9.459866050387511e-06
1,B_svc,2,0.177077138005316,23,0.17701758795075362,WLS,13,5.9550054562373944e-05
2,UPFC_Vsh,5-15,1.1114340452290887,23,1.108194153716509,WLS,13,0.003239891512579751
3,UPFC_tsh,5-15,-0.23374200527282793,23,-0.23388672030178118,WLS,13,0.00014471502895324617
4,UPFC_Vse,5-15,0.058988701630416196,23,0.061591978129866186,WLS,13,0.00260327649944999
5,UPFC_tse,5-15,-2.1205250613912705,23,-2.154578417998358,WLS,13,0.034053356607087526
0,x_tcsc,1-14,-0.10880721739968464,24,-0.10881859715735988,WLS,13,1.1379757675233915e-05
1,B_svc,2,0.1767657300442005,24,0.17701758795075362,WLS,13,0.00025185790655313234
2,UPFC_Vsh,5-15,1.1115523622424395,24,1.108194153716509,WLS,13,0.003358208525930495
3,UPFC_tsh,5-15,-0.2337520485900787,24,-0.23388672030178118,WLS,13,0.0001346717117024776
4,UPFC_Vse,5-15,0.05851193731386977,24,0.061591978129866186,WLS,13,0.0030800408159964154
5,UPFC_tse,5-15,-2.1252092788307126,24,-2.154578417998358,WLS,13,0.029369139167645386
0,x_tcsc,1-14,-0.10880990885701644,25,-0.10881859715735988,WLS,13,8.688300343437372e-06
1,B_svc,2,0.17721093362318238,25,0.17701758795075362,WLS,13,0.000193345672428763
2,UPFC_Vsh,5-15,1.1116432440951693,25,1.108194153716509,WLS,13,0.003449090378660369
3,UPFC_tsh,5-15,-0.23373876176709765,25,-0.23388672030178118,WLS,13,0.00014795853468352327
4,UPFC_Vse,5-15,0.05836059324712416,25,0.061591978129866186,WLS,13,0.003231384882742029
5,UPFC_tse,5-15,-2.120155372220857,25,-2.154578417998358,WLS,13,0.034423045777501216
0,x_tcsc,1-14,-0.10881058621264196,26,-0.10881859715735988,WLS,13,8.010944717917745e-06
1,B_svc,2,0.17725845711910515,26,0.17701758795075362,WLS,13,0.00024086916835153183
2,UPFC_Vsh,5-15,1.111601637945849,26,1.108194153716509,WLS,13,0.0034074842293401186
3,UPFC_tsh,5-15,-0.2336886509828297,26,-0.23388672030178118,WLS,13,0.0001980693189514715
4,UPFC_Vse,5-15,0.05845469953572216,26,0.061591978129866186,WLS,13,0.003137278594144026
5,UPFC_tse,5-15,-2.120070120850192,26,-2.154578417998358,WLS,13,0.034508297148165834
0,x_tcsc,1-14,-0.10881484442656296,27,-0.10881859715735988,WLS,13,3.752730796918735e-06
1,B_svc,2,0.17679271638065794,27,0.17701758795075362,WLS,13,0.00022487157009568048
2,UPFC_Vsh,5-15,1.1113746211929472,27,1.108194153716509,WLS,13,0.003180467476438187
3,UPFC_tsh,5-15,-0.23379198654515895,27,-0.23388672030178118,WLS,13,9.473375662222283e-05
4,UPFC_Vse,5-15,0.058730601838713446,27,0.061591978129866186,WLS,13,0.0028613762911527396
5,UPFC_tse,5-15,-2.1242576070513843,27,-2.154578417998358,WLS,13,0.030320810946973697
0,x_tcsc,1-14,-0.10881222624439249,28,-0.10881859715735988,WLS,13,6.370912967387787e-06
1,B_svc,2,0.17732764772352755,28,0.17701758795075362,WLS,13,0.0003100597727739296
2,UPFC_Vsh,5-15,1.1116297450299126,28,1.108194153716509,WLS,13,0.003435591313403652
3,UPFC_tsh,5-15,-0.2337754603585659,28,-0.23388672030178118,WLS,13,0.0001112599432152861
4,UPFC_Vse,5-15,0.059046954538667526,28,0.061591978129866186,WLS,13,0.00254502359119866
5,UPFC_tse,5-15,-2.1224853999533364,28,-2.154578417998358,WLS,13,0.032093018045021626
0,x_tcsc,1-14,-0.10882143270334636,29,-0.10881859715735988,WLS,13,2.835545986484833e-06
1,B_svc,2,0.1776267680621915,29,0.17701758795075362,WLS,13,0.0006091801114378737
2,UPFC_Vsh,5-15,1.1114287622111256,29,1.108194153716509,WLS,13,0.003234608494616653
3,UPFC_tsh,5-15,-0.2338627600315285,29,-0.23388672030178118,WLS,13,2.396027025267089e-05
4,UPFC_Vse,5-15,0.05908883423602875,29,0.061591978129866186,WLS,13,0.002503143893837434
5,UPFC_tse,5-15,-2.122854881283134,29,-2.154578417998358,WLS,13,0.03172353671522421
0,x_tcsc,1-14,-0.1087997588557062,30,-0.10881859715735988,WLS,13,1.883830165368139e-05
1,B_svc,2,0.17718102454216755,30,0.17701758795075362,WLS,13,0.00016343659141393463
2,UPFC_Vsh,5-15,1.1118898950277516,30,1.108194153716509,WLS,13,0.0036957413112426174
3,UPFC_tsh,5-15,-0.23375820048451249,30,-0.23388672030178118,WLS,13,0.00012851981726869077
4,UPFC_Vse,5-15,0.059345197931962905,30,0.061591978129866186,WLS,13,0.002246780197903281
5,UPFC_tse,5-15,-2.12490425435233,30,-2.154578417998358,WLS,13,0.029674163646027818
0,x_tcsc,1-14,-0.10880173926215311,31,-0.10881859715735988,WLS,13,1.685789520676495e-05
1,B_svc,2,0.1770955295380652,31,0.17701758795075362,WLS,13,7.794158731158629e-05
2,UPFC_Vsh,5-15,1.1115447324415713,31,1.108194153716509,WLS,13,0.003350578725062281
3,UPFC_tsh,5-15,-0.23374222351148022,31,-0.23388672030178118,WLS,13,0.00014449679030095752
4,UPFC_Vse,5-15,0.058441307207748136,31,0.061591978129866186,WLS,13,0.00315067092211805
5,UPFC_tse,5-15,-2.1226002960811297,31,-2.154578417998358,WLS,13,0.031978121917228375
0,x_tcsc,1-14,-0.10880907997322833,32,-0.10881859715735988,WLS,13,9.517184131543899e-06
1,B_svc,2,0.17742802068931013,32,0.17701758795075362,WLS,13,0.00041043273855650986
2,UPFC_Vsh,5-15,1.111789047714335,32,1.108194153716509,WLS,13,0.0035948939978260874
3,UPFC_tsh,5-15,-0.23368347724108923,32,-0.23388672030178118,WLS,13,0.0002032430606919433
4,UPFC_Vse,5-15,0.05814731807350621,32,0.061591978129866186,WLS,13,0.0034446600563599744
5,UPFC_tse,5-15,-2.126190648071108,32,-2.154578417998358,WLS,13,0.028387769927249895
0,x_tcsc,1-14,-0.10880465597558875,33,-0.10881859715735988,WLS,13,1.3941181771129352e-05
1,B_svc,2,0.17690867999319929,33,0.17701758795075362,WLS,13,0.0001089079575543328
2,UPFC_Vsh,5-15,1.1115729660495532,33,1.108194153716509,WLS,13,0.0033788123330442676
3,UPFC_tsh,5-15,-0.23367854014144923,33,-0.23388672030178118,WLS,13,0.00020818016033194442
4,UPFC_Vse,5-15,0.0583889730978347,33,0.061591978129866186,WLS,13,0.0032030050320314835
5,UPFC_tse,5-15,-2.1200929295849558,33,-2.154578417998358,WLS,13,0.034485488413402265
0,x_tcsc,1-14,-0.10881152169989522,34,-0.10881859715735988,WLS,13,7.075457464658652e-06
1,B_svc,2,0.17685566158834756,34,0.17701758795075362,WLS,13,0.0001619263624060563
2,UPFC_Vsh,5-15,1.1115156209769712,34,1.108194153716509,WLS,13,0.0033214672604622297
3,UPFC_tsh,5-15,-0.23374528574905837,34,-0.23388672030178118,WLS,13,0.0001414345527228078
4,UPFC_Vse,5-15,0.058823706246089194,34,0.061591978129866186,WLS,13,0.002768271883776992
5,UPFC_tse,5-15,-2.1230869944324278,34,-2.154578417998358,WLS,13,0.031491423565930265
0,x_tcsc,1-14,-0.10879900453905234,35,-0.10881859715735988,WLS,13,1.9592618307542886e-05
1,B_svc,2,0.17692656359903372,35,0.17701758795075362,WLS,13,9.102435171989831e-05
2,UPFC_Vsh,5-15,1.1111960182780318,35,1.108194153716509,WLS,13,0.003001864561522849
3,UPFC_tsh,5-15,-0.2337598829659971,35,-0.23388672030178118,WLS,13,0.00012683733578408574
4,UPFC_Vse,5-15,0.05899210605590761,35,0.061591978129866186,WLS,13,0.0025998720739585784
5,UPFC_tse,5-15,-2.1203643732689708,35,-2.154578417998358,WLS,13,0.03421404472938727
0,x_tcsc,1-14,-0.10882147576166509,36,-0.10881859715735988,WLS,13,2.8786043052148047e-06
1,B_svc,2,0.17689429255158456,36,0.17701758795075362,WLS,13,0.0001232953991690544
2,UPFC_Vsh,5-15,1.1115371455144083,36,1.108194153716509,WLS,13,0.0033429917978993196
3,UPFC_tsh,5-15,-0.2337996585222543,36,-0.23388672030178118,WLS,13,8.706177952688687e-05
4,UPFC_Vse,5-15,0.05885725277984581,36,0.061591978129866186,WLS,13,0.002734725350020374
5,UPFC_tse,5-15,-2.124651852702541,36,-2.154578417998358,WLS,13,0.029926565295816943
0,x_tcsc,1-14,-0.10879183788138098,37,-0.10881859715735988,WLS,13,2.6759275978893715e-05
1,B_svc,2,0.1772502781483609,37,0.17701758795075362,WLS,13,0.0002326901976072715
2,UPFC_Vsh,5-15,1.1117744880336282,37,1.108194153716509,WLS,13,0.003580334317119238
3,UPFC_tsh,5-15,-0.23377827946485663,37,-0.23388672030178118,WLS,13,0.00010844083692454487
4,UPFC_Vse,5-15,0.059075595247327445,37,0.061591978129866186,WLS,13,0.002516382882538741
5,UPFC_tse,5-15,-2.1228470927734784,37,-2.154578417998358,WLS,13,0.03173132522487965
0,x_tcsc,1-14,-0.10881465990892866,38,-0.10881859715735988,WLS,13,3.9372484312155676e-06
1,B_svc,2,0.17704822963760597,38,0.17701758795075362,WLS,13,3.064168685235069e-05
2,UPFC_Vsh,5-15,1.1118560176914773,38,1.108194153716509,WLS,13,0.0036618639749683712
3,UPFC_tsh,5-15,-0.2336909645209695,38,-0.23388672030178118,WLS,13,0.000195755780811685
4,UPFC_Vse,5-15,0.05848356883338567,38,0.061591978129866186,WLS,13,0.0031084092964805132
5,UPFC_tse,5-15,-2.124633761432203,38,-2.154578417998358,WLS,13,0.029944656566155192
0,x_tcsc,1-14,-0.10880415051667432,39,-0.10881859715735988,WLS,13,1.4446640685561452e-05
1,B_svc,2,0.17701882811449474,39,0.17701758795075362,WLS,13,1.2401637411174615e-06
2,UPFC_Vsh,5-15,1.1113956367975826,39,1.108194153716509,WLS,13,0.0032014830810735972
3,UPFC_tsh,5-15,-0.23381345670874745,39,-0.23388672030178118,WLS,13,7.326359303372332e-05
4,UPFC_Vse,5-15,0.05834390936170673,39,0.061591978129866186,WLS,13,0.0032480687681594525
5,UPFC_tse,5-15,-2.123065525689955,39,-2.154578417998358,WLS,13,0.03151289230840293
0,x_tcsc,1-14,-0.10881795770405997,40,-0.10881859715735988,WLS,13,6.394532999082214e-07
1,B_svc,2,0.1775928117048228,40,0.17701758795075362,WLS,13,0.0005752237540691818
2,UPFC_Vsh,5-15,1.11135630257317,40,1.108194153716509,WLS,13,0.0031621488566611067
3,UPFC_tsh,5-15,-0.23385679453413058,40,-0.23388672030178118,WLS,13,2.9925767650595958e-05
4,UPFC_Vse,5-15,0.058934183454140705,40,0.061591978129866186,WLS,13,0.0026577946757254806
5,UPFC_tse,5-15,-2.1240220786829176,40,-2.154578417998358,WLS,13,0.03055633931544044
0,x_tcsc,1-14,-0.10880202443857802,41,-0.10881859715735988,WLS,13,1.657271878185984e-05
1,B_svc,2,0.17687966928345866,41,0.17701758795075362,WLS,13,0.00013791866729495617
2,UPFC_Vsh,5-15,1.1115117352190824,41,1.108194153716509,WLS,13,0.003317581502573441
3,UPFC_tsh,5-15,-0.23380065423770527,41,-0.23388672030178118,WLS,13,8.6066064075907e-05
4,UPFC_Vse,5-15,0.058479922071561025,41,0.061591978129866186,WLS,13,0.0031120560583051612
5,UPFC_tse,5-15,-2.1218060452482246,41,-2.154578417998358,WLS,13,0.03277237275013345
0,x_tcsc,1-14,-0.10881170186859423,42,-0.10881859715735988,WLS,13,6.895288765643159e-06
1,B_svc,2,0.17717253113027226,42,0.17701758795075362,WLS,13,0.00015494317951864067
2,UPFC_Vsh,5-15,1.1115385920724428,42,1.108194153716509,WLS,13,0.0033444383559337876
3,UPFC_tsh,5-15,-0.23373324196092113,42,-0.23388672030178118,WLS,13,0.00015347834086004708
4,UPFC_Vse,5-15,0.05873273788930171,42,0.061591978129866186,WLS,13,0.002859240240564477
5,UPFC_tse,5-15,-2.1276109930546636,42,-2.154578417998358,WLS,13,0.026967424943694418
0,x_tcsc,1-14,-0.10881839922352556,43,-0.10881859715735988,WLS,13,1.9793383432276102e-07
1,B_svc,2,0.176989009087946,43,0.17701758795075362,WLS,13,2.857886280763222e-05
2,UPFC_Vsh,5-15,1.111249640965131,43,1.108194153716509,WLS,13,0.0030554872486219242
3,UPFC_tsh,5-15,-0.23370129885515506,43,-0.23388672030178118,WLS,13,0.00018542144662611615
4,UPFC_Vse,5-15,0.05866303481495514,43,0.061591978129866186,WLS,13,0.002928943314911045
5,UPFC_tse,5-15,-2.1216318829002407,43,-2.154578417998358,WLS,13,0.03294653509811729
0,x_tcsc,1-14,-0.10881805755395066,44,-0.10881859715735988,WLS,13,5.396034092192137e-07
1,B_svc,2,0.17716490561260184,44,0.17701758795075362,WLS,13,0.00014731766184822304
2,UPFC_Vsh,5-15,1.1113911619516863,44,1.108194153716509,WLS,13,0.0031970082351773232
3,UPFC_tsh,5-15,-0.23378073558204032,44,-0.23388672030178118,WLS,13,0.00010598471974085366
4,UPFC_Vse,5-15,0.05932981722757201,44,0.061591978129866186,WLS,13,0.002262160902294176
5,UPFC_tse,5-15,-2.116505435969388,44,-2.154578417998358,WLS,13,0.03807298202897025
0,x_tcsc,1-14,-0.1088184259128534,45,-0.10881859715735988,WLS,13,1.7124450647776346e-07
1,B_svc,2,0.17699999010955683,45,0.17701758795075362,WLS,13,1.759784119678698e-05
2,UPFC_Vsh,5-15,1.111354041349171,45,1.108194153716509,WLS,13,0.0031598876326619507
3,UPFC_tsh,5-15,-0.23373285730720839,45,-0.23388672030178118,WLS,13,0.00015386299457278985
4,UPFC_Vse,5-15,0.058678471666180884,45,0.061591978129866186,WLS,13,0.0029135064636853017
5,UPFC_tse,5-15,-2.119654868188436,45,-2.154578417998358,WLS,13,0.03492354980992207
0,x_tcsc,1-14,-0.10880886226319714,46,-0.10881859715735988,WLS,13,9.734894162741203e-06
1,B_svc,2,0.17731736257127467,46,0.17701758795075362,WLS,13,0.00029977462052105386
2,UPFC_Vsh,5-15,1.1114399739019583,46,1.108194153716509,WLS,13,0.0032458201854492774
3,UPFC_tsh,5-15,-0.23375700537593846,46,-0.23388672030178118,WLS,13,0.00012971492584271105
4,UPFC_Vse,5-15,0.05838021939839685,46,0.061591978129866186,WLS,13,0.0032117587314693385
5,UPFC_tse,5-15,-2.1212666149001853,46,-2.154578417998358,WLS,13,0.03331180309817272
0,x_tcsc,1-14,-0.10882191722936613,47,-0.10881859715735988,WLS,13,3.320072006249286e-06
1,B_svc,2,0.1768426147541374,47,0.17701758795075362,WLS,13,0.00017497319661621824
2,UPFC_Vsh,5-15,1.1117745486594746,47,1.108194153716509,WLS,13,0.0035803949429655813
3,UPFC_tsh,5-15,-0.23379530000197807,47,-0.23388672030178118,WLS,13,9.142029980310773e-05
4,UPFC_Vse,5-15,0.059058697727916484,47,0.061591978129866186,WLS,13,0.0025332804019497016
5,UPFC_tse,5-15,-2.123177014339373,47,-2.154578417998358,WLS,13,0.03140140365898514
0,x_tcsc,1-14,-0.1088038507967686,48,-0.10881859715735988,WLS,13,1.4746360591275098e-05
1,B_svc,2,0.1774500331513568,48,0.17701758795075362,WLS,13,0.0004324452006031765
2,UPFC_Vsh,5-15,1.1116339292182889,48,1.108194153716509,WLS,13,0.0034397755017798737
3,UPFC_tsh,5-15,-0.23372380093165449,48,-0.23388672030178118,WLS,13,0.00016291937012669067
4,UPFC_Vse,5-15,0.05865431137273238,48,0.061591978129866186,WLS,13,0.0029376667571338055
5,UPFC_tse,5-15,-2.123179508010172,48,-2.154578417998358,WLS,13,0.03139890998818595
0,x_tcsc,1-14,-0.10882554001497838,49,-0.10881859715735988,WLS,13,6.942857618499887e-06
1,B_svc,2,0.17692766412290356,49,0.17701758795075362,WLS,13,8.992382785005804e-05
2,UPFC_Vsh,5-15,1.1117946247283697,49,1.108194153716509,WLS,13,0.003600471011860673
3,UPFC_tsh,5-15,-0.23377592845672077,49,-0.23388672030178118,WLS,13,0.00011079184506040951
4,UPFC_Vse,5-15,0.058603768407919414,49,0.061591978129866186,WLS,13,0.002988209721946772
5,UPFC_tse,5-15,-2.1214152048352175,49,-2.154578417998358,WLS,13,0.033163213163140526
0,x_tcsc,1-14,-0.10879937050993108,50,-0.10881859715735988,WLS,13,1.92266474288022e-05
1,B_svc,2,0.17689193291705277,50,0.17701758795075362,WLS,13,0.00012565503370084996
2,UPFC_Vsh,5-15,1.1112183105094737,50,1.108194153716509,WLS,13,0.0030241567929647495
3,UPFC_tsh,5-15,-0.2337714684489667,50,-0.23388672030178118,WLS,13,0.00011525185281446859
4,UPFC_Vse,5-15,0.0587790261863608,50,0.061591978129866186,WLS,13,0.002812951943505386
5,UPFC_tse,5-15,-2.1233085630030826,50,-2.154578417998358,WLS,13,0.03126985499527546
0,x_tcsc,1-14,-0.10880869687367514,51,-0.10881859715735988,WLS,13,9.900283684735611e-06
1,B_svc,2,0.1773844465867588,51,0.17701758795075362,WLS,13,0.00036685863600519064
2,UPFC_Vsh,5-15,1.11124073383481,51,1.108194153716509,WLS,13,0.0030465801183010566
3,UPFC_tsh,5-15,-0.23377147417225558,51,-0.23388672030178118,WLS,13,0.00011524612952559798
4,UPFC_Vse,5-15,0.05892305999963003,51,0.061591978129866186,WLS,13,0.0026689181302361545
5,UPFC_tse,5-15,-2.1226782474668573,51,-2.154578417998358,WLS,13,0.03190017053150074
0,x_tcsc,1-14,-0.10881269802148334,52,-0.10881859715735988,WLS,13,5.899135876535899e-06
1,B_svc,2,0.17722289364754612,52,0.17701758795075362,WLS,13,0.00020530569679250155
2,UPFC_Vsh,5-15,1.111779364453187,52,1.108194153716509,WLS,13,0.0035852107366780572
3,UPFC_tsh,5-15,-0.23378407219699793,52,-0.23388672030178118,WLS,13,0.00010264810478324837
4,UPFC_Vse,5-15,0.05871925884902118,52,0.061591978129866186,WLS,13,0.0028727192808450028
5,UPFC_tse,5-15,-2.12084514446459,52,-2.154578417998358,WLS,13,0.03373327353376787
0,x_tcsc,1-14,-0.10881982885354723,53,-0.10881859715735988,WLS,13,1.2316961873481969e-06
1,B_svc,2,0.17681957429346118,53,0.17701758795075362,WLS,13,0.00019801365729243958
2,UPFC_Vsh,5-15,1.1115028323393086,53,1.108194153716509,WLS,13,0.003308678622799599
3,UPFC_tsh,5-15,-0.2337856666787911,53,-0.23388672030178118,WLS,13,0.00010105362299006604
4,UPFC_Vse,5-15,0.05853512056989288,53,0.061591978129866186,WLS,13,0.003056857559973307
5,UPFC_tse,5-15,-2.1247322714435883,53,-2.154578417998358,WLS,13,0.029846146554769692
0,x_tcsc,1-14,-0.10881583059718075,54,-0.10881859715735988,WLS,13,2.766560179126576e-06
1,B_svc,2,0.17758734761367026,54,0.17701758795075362,WLS,13,0.0005697596629166413
2,UPFC_Vsh,5-15,1.111804307442287,54,1.108194153716509,WLS,13,0.003610153725777998
3,UPFC_tsh,5-15,-0.23365416627841243,54,-0.23388672030178118,WLS,13,0.0002325540233687473
4,UPFC_Vse,5-15,0.05833118680561154,54,0.061591978129866186,WLS,13,0.003260791324254643
5,UPFC_tse,5-15,-2.1235118387090304,54,-2.154578417998358,WLS,13,0.031066579289327656
0,x_tcsc,1-14,-0.10881144882961985,55,-0.10881859715735988,WLS,13,7.148327740028049e-06
1,B_svc,2,0.17693404329042423,55,0.17701758795075362,WLS,13,8.354466032939323e-05
2,UPFC_Vsh,5-15,1.1118547754222181,55,1.108194153716509,WLS,13,0.003660621705709133
3,UPFC_tsh,5-15,-0.23374540597711085,55,-0.23388672030178118,WLS,13,0.0001413143246703219
4,UPFC_Vse,5-15,0.05893173348799853,55,0.061591978129866186,WLS,13,0.0026602446418676554
5,UPFC_tse,5-15,-2.121157855206127,55,-2.154578417998358,WLS,13,0.033420562792231046
0,x_tcsc,1-14,-0.10881199011855312,56,-0.10881859715735988,WLS,13,6.607038806755172e-06
1,B_svc,2,0.17748832412315788,56,0.17701758795075362,WLS,13,0.0004707361724042569
2,UPFC_Vsh,5-15,1.1113525555912653,56,1.108194153716509,WLS,13,0.003158401874756356
3,UPFC_tsh,5-15,-0.2337624396598869,56,-0.23388672030178118,WLS,13,0.00012428064189426435
4,UPFC_Vse,5-15,0.05863544003967043,56,0.061591978129866186,WLS,13,0.0029565380901957553
5,UPFC_tse,5-15,-2.120214499666304,56,-2.154578417998358,WLS,13,0.03436391833205388
0,x_tcsc,1-14,-0.10881008677394562,57,-0.10881859715735988,WLS,13,8.510383414261913e-06
1,B_svc,2,0.1767201414466856,57,0.17701758795075362,WLS,13,0.0002974465040680163
2,UPFC_Vsh,5-15,1.1116432567547425,57,1.108194153716509,WLS,13,0.0034491030382335364
3,UPFC_tsh,5-15,-0.23384344769375384,57,-0.23388672030178118,WLS,13,4.327260802733379e-05
4,UPFC_Vse,5-15,0.05900168557993495,57,0.061591978129866186,WLS,13,0.0025902925499312335
5,UPFC_tse,5-15,-2.121771781371524,57,-2.154578417998358,WLS,13,0.03280663662683425
0,x_tcsc,1-14,-0.10881351536789168,58,-0.10881859715735988,WLS,13,5.081789468203146e-06
1,B_svc,2,0.17699089963192827,58,0.17701758795075362,WLS,13,2.6688318825351942e-05
2,UPFC_Vsh,5-15,1.1115738607240668,58,1.108194153716509,WLS,13,0.003379707007557853
3,UPFC_tsh,5-15,-0.23375711933780494,58,-0.23388672030178118,WLS,13,0.00012960096397623966
4,UPFC_Vse,5-15,0.058300453544784935,58,0.061591978129866186,WLS,13,0.0032915245850812513
5,UPFC_tse,5-15,-2.12315072684245,58,-2.154578417998358,WLS,13,0.03142769115590793
0,x_tcsc,1-14,-0.1088080053208265,59,-0.10881859715735988,WLS,13,1.0591836533374588e-05
1,B_svc,2,0.17700327634096227,59,0.17701758795075362,WLS,13,1.4311609791345381e-05
2,UPFC_Vsh,5-15,1.1115408832221816,59,1.108194153716509,WLS,13,0.0033467295056726076
3,UPFC_tsh,5-15,-0.23372724601268427,59,-0.23388672030178118,WLS,13,0.00015947428909690586
4,UPFC_Vse,5-15,0.05901081549622641,59,0.061591978129866186,WLS,13,0.0025811626336397775
5,UPFC_tse,5-15,-2.1191816314354988,59,-2.154578417998358,WLS,13,0.03539678656285927
0,x_tcsc,1-14,-0.10880623677387789,60,-0.10881859715735988,WLS,13,1.2360383481985204e-05
1,B_svc,2,0.17719116640490243,60,0.17701758795075362,WLS,13,0.00017357845414880946
2,UPFC_Vsh,5-15,1.1115805590752492,60,1.108194153716509,WLS,13,0.003386405358740241
3,UPFC_tsh,5-15,-0.23376543954609966,60,-0.23388672030178118,WLS,13,0.00012128075568151875
4,UPFC_Vse,5-15,0.058993030104671454,60,0.061591978129866186,WLS,13,0.002598948025194732
5,UPFC_tse,5-15,-2.1199289393072,60,-2.154578417998358,WLS,13,0.0346494786911582
0,x_tcsc,1-14,-0.10881408910317629,61,-0.10881859715735988,WLS,13,4.508054183588461e-06
1,B_svc,2,0.17673045744210572,61,0.17701758795075362,WLS,13,0.00028713050864789813
2,UPFC_Vsh,5-15,1.1115085714518025,61,1.108194153716509,WLS,13,0.0033144177352935067
3,UPFC_tsh,5-15,-0.23376073256939756,61,-0.23388672030178118,WLS,13,0.00012598773238362004
4,UPFC_Vse,5-15,0.058978556615126146,61,0.061591978129866186,WLS,13,0.00261342151474004
5,UPFC_tse,5-15,-2.12305186473867,61,-2.154578417998358,WLS,13,0.03152655325968823
0,x_tcsc,1-14,-0.10882410701631255,62,-0.10881859715735988,WLS,13,5.509858952673641e-06
1,B_svc,2,0.1772470374673416,62,0.17701758795075362,WLS,13,0.0002294495165879873
2,UPFC_Vsh,5-15,1.1112847988981653,62,1.108194153716509,WLS,13,0.0030906451816563596
3,UPFC_tsh,5-15,-0.23380767913710174,62,-0.23388672030178118,WLS,13,7.904116467943867e-05
4,UPFC_Vse,5-15,0.059026849495151974,62,0.061591978129866186,WLS,13,0.0025651286347142116
5,UPFC_tse,5-15,-2.122721131107463,62,-2.154578417998358,WLS,13,0.031857286890895065
0,x_tcsc,1-14,-0.10881129988920518,63,-0.10881859715735988,WLS,13,7.297268154696224e-06
1,B_svc,2,0.17712599726914185,63,0.17701758795075362,WLS,13,0.0001084093183882362
2,UPFC_Vsh,5-15,1.1116778129288434,63,1.108194153716509,WLS,13,0.0034836592123344
3,UPFC_tsh,5-15,-0.23367077037326203,63,-0.23388672030178118,WLS,13,0.00021594992851914352
4,UPFC_Vse,5-15,0.058543700920189935,63,0.061591978129866186,WLS,13,0.0030482772096762506
5,UPFC_tse,5-15,-2.1238080838041986,63,-2.154578417998358,WLS,13,0.03077033419415942
0,x_tcsc,1-14,-0.10881430742989848,64,-0.10881859715735988,WLS,13,4.289727461401216e-06
1,B_svc,2,0.177267515973984,64,0.17701758795075362,WLS,13,0.00024992802323037244
2,UPFC_Vsh,5-15,1.1115183843767305,64,1.108194153716509,WLS,13,0.003324230660221472
3,UPFC_tsh,5-15,-0.23382729662530935,64,-0.23388672030178118,WLS,13,5.942367647182589e-05
4,UPFC_Vse,5-15,0.05919963932043772,64,0.061591978129866186,WLS,13,0.0023923388094284626
5,UPFC_tse,5-15,-2.1255949382252446,64,-2.154578417998358,WLS,13,0.02898347977311344
0,x_tcsc,1-14,-0.1088038499062802,65,-0.10881859715735988,WLS,13,1.4747251079680335e-05
1,B_svc,2,0.1769284705027721,65,0.17701758795075362,WLS,13,8.911744798151267e-05
2,UPFC_Vsh,5-15,1.1115728804463283,65,1.108194153716509,WLS,13,0.0033787267298193147
3,UPFC_tsh,5-15,-0.23376254816547729,65,-0.23388672030178118,WLS,13,0.00012417213630389057
4,UPFC_Vse,5-15,0.05885451563617519,65,0.061591978129866186,WLS,13,0.002737462493690994
5,UPFC_tse,5-15,-2.1200487890672735,65,-2.154578417998358,WLS,13,0.03452962893108458
0,x_tcsc,1-14,-0.10880995282434774,66,-0.10881859715735988,WLS,13,8.644333012133854e-06
1,B_svc,2,0.1772282649773548,66,0.17701758795075362,WLS,13,0.00021067702660118592
2,UPFC_Vsh,5-15,1.1114467512991786,66,1.108194153716509,WLS,13,0.003252597582669603
3,UPFC_tsh,5-15,-0.23379336282470534,66,-0.23388672030178118,WLS,13,9.335747707583941e-05
4,UPFC_Vse,5-15,0.059191407028969314,66,0.061591978129866186,WLS,13,0.0024005711008968714
5,UPFC_tse,5-15,-2.121029769674187,66,-2.154578417998358,WLS,13,0.03354864832417093
0,x_tcsc,1-14,-0.1088159235255526,67,-0.10881859715735988,WLS,13,2.673631807281751e-06
1,B_svc,2,0.17675779765161861,67,0.17701758795075362,WLS,13,0.0002597902991350043
2,UPFC_Vsh,5-15,1.1115723040364125,67,1.108194153716509,WLS,13,0.0033781503199035168
3,UPFC_tsh,5-15,-0.23378809003560314,67,-0.23388672030178118,WLS,13,9.863026617804027e-05
4,UPFC_Vse,5-15,0.05883520907401284,67,0.061591978129866186,WLS,13,0.002756769055853349
5,UPFC_tse,5-15,-2.124141372561891,67,-2.154578417998358,WLS,13,0.03043704543646708
0,x_tcsc,1-14,-0.10881685455508096,68,-0.10881859715735988,WLS,13,1.7426022789202023e-06
1,B_svc,2,0.17712304856381542,68,0.17701758795075362,WLS,13,0.00010546061306179744
2,UPFC_Vsh,5-15,1.1118336968017357,68,1.108194153716509,WLS,13,0.0036395430852267374
3,UPFC_tsh,5-15,-0.23371444831030017,68,-0.23388672030178118,WLS,13,0.00017227199148101002
4,UPFC_Vse,5-15,0.05885697550054547,68,0.061591978129866186,WLS,13,0.002735002629320714
5,UPFC_tse,5-15,-2.121402430676334,68,-2.154578417998358,WLS,13,0.03317598732202409
0,x_tcsc,1-14,-0.10881343590600917,69,-0.10881859715735988,WLS,13,5.161251350707663e-06
1,B_svc,2,0.1775367890410697,69,0.17701758795075362,WLS,13,0.0005192010903160849
2,UPFC_Vsh,5-15,1.111713947743913,69,1.108194153716509,WLS,13,0.0035197940274040995
3,UPFC_tsh,5-15,-0.23380759021638495,69,-0.23388672030178118,WLS,13,7.913008539622846e-05
4,UPFC_Vse,5-15,0.05874666405138566,69,0.061591978129866186,WLS,13,0.002845314078480529
5,UPFC_tse,5-15,-2.1213432305516515,69,-2.154578417998358,WLS,13,0.033235187446706504
0,x_tcsc,1-14,-0.10881851706149755,70,-0.10881859715735988,WLS,13,8.009586233148625e-08
1,B_svc,2,0.1766230986690902,70,0.17701758795075362,WLS,13,0.0003944892816634127
2,UPFC_Vsh,5-15,1.1112071407869186,70,1.108194153716509,WLS,13,0.003012987070409645
3,UPFC_tsh,5-15,-0.23376146698306507,70,-0.23388672030178118,WLS,13,0.0001252533187161009
4,UPFC_Vse,5-15,0.05895597040026402,70,0.061591978129866186,WLS,13,0.002636007729602166
5,UPFC_tse,5-15,-2.121358699074375,70,-2.154578417998358,WLS,13,0.0332197189239829
0,x_tcsc,1-14,-0.10880402248486272,71,-0.10881859715735988,WLS,13,1.4574672497158492e-05
1,B_svc,2,0.17693483531422605,71,0.17701758795075362,WLS,13,8.275263652757214e-05
2,UPFC_Vsh,5-15,1.1116560766258572,71,1.108194153716509,WLS,13,0.003461922909348214
3,UPFC_tsh,5-15,-0.23381331699113914,71,-0.23388672030178118,WLS,13,7.340331064203953e-05
4,UPFC_Vse,5-15,0.05885736168182599,71,0.061591978129866186,WLS,13,0.0027346164480401974
5,UPFC_tse,5-15,-2.122452555369359,71,-2.154578417998358,WLS,13,0.03212586262899908
0,x_tcsc,1-14,-0.10881797492796487,72,-0.10881859715735988,WLS,13,6.222293950086666e-07
1,B_svc,2,0.17734772190864606,72,0.17701758795075362,WLS,13,0.00033013395789244226
2,UPFC_Vsh,5-15,1.1117321917338638,72,1.108194153716509,WLS,13,0.003538038017354861
3,UPFC_tsh,5-15,-0.23376559817538567,72,-0.23388672030178118,WLS,13,0.00012112212639550646
4,UPFC_Vse,5-15,0.0586116448463878,72,0.061591978129866186,WLS,13,0.0029803332834783883
5,UPFC_tse,5-15,-2.122212713398309,72,-2.154578417998358,WLS,13,0.03236570460004895
0,x_tcsc,1-14,-0.1088097927298588,73,-0.10881859715735988,WLS,13,8.80442750107735e-06
1,B_svc,2,0.17715769918232832,73,0.17701758795075362,WLS,13,0.00014011123157470218
2,UPFC_Vsh,5-15,1.1116041452820165,73,1.108194153716509,WLS,13,0.0034099915655074753
3,UPFC_tsh,5-15,-0.23379571755927364,73,-0.23388672030178118,WLS,13,9.100274250753437e-05
4,UPFC_Vse,5-15,0.058690337917308114,73,0.061591978129866186,WLS,13,0.0029016402125580723
5,UPFC_tse,5-15,-2.124766321252782,73,-2.154578417998358,WLS,13,0.029812096745576167
0,x_tcsc,1-14,-0.10881743821292059,74,-0.10881859715735988,WLS,13,1.1589444392917647e-06
1,B_svc,2,0.1771909030972872,74,0.17701758795075362,WLS,13,0.00017331514653357027
2,UPFC_Vsh,5-15,1.1116187899462147,74,1.108194153716509,WLS,13,0.00342463622970568
3,UPFC_tsh,5-15,-0.2337755765508894,74,-0.23388672030178118,WLS,13,0.00011114375089177342
4,UPFC_Vse,5-15,0.058990802696326616,74,0.061591978129866186,WLS,13,0.0026011754335395695
5,UPFC_tse,5-15,-2.1211792331775796,74,-2.154578417998358,WLS,13,0.033399184820778416
0,x_tcsc,1-14,-0.10882255664198924,75,-0.10881859715735988,WLS,13,3.959484629362242e-06
1,B_svc,2,0.1769672501022502,75,0.17701758795075362,WLS,13,5.0337848503417826e-05
2,UPFC_Vsh,5-15,1.111321955149511,75,1.108194153716509,WLS,13,0.0031278014330020643
3,UPFC_tsh,5-15,-0.23383393197767752,75,-0.23388672030178118,WLS,13,5.2788324103658635e-05
4,UPFC_Vse,5-15,0.05885534208396537,75,0.061591978129866186,WLS,13,0.0027366360459008185
5,UPFC_tse,5-15,-2.120545150960928,75,-2.154578417998358,WLS,13,0.034033267037429926
0,x_tcsc,1-14,-0.10880750928308269,76,-0.10881859715735988,WLS,13,1.1087874277185272e-05
1,B_svc,2,0.1773120681014085,76,0.17701758795075362,WLS,13,0.0002944801506548911
2,UPFC_Vsh,5-15,1.1119666713437981,76,1.108194153716509,WLS,13,0.0037725176272891403
3,UPFC_tsh,5-15,-0.2336851753193436,76,-0.23388672030178118,WLS,13,0.00020154498243757368
4,UPFC_Vse,5-15,0.058834048069353405,76,0.061591978129866186,WLS,13,0.002757930060512781
5,UPFC_tse,5-15,-2.1214684321558144,76,-2.154578417998358,WLS,13,0.033109985842543654
0,x_tcsc,1-14,-0.10880217438302188,77,-0.10881859715735988,WLS,13,1.6422774337998547e-05
1,B_svc,2,0.1771409884340629,77,0.17701758795075362,WLS,13,0.00012340048330927722
2,UPFC_Vsh,5-15,1.1111857119409962,77,1.108194153716509,WLS,13,0.0029915582244872674
3,UPFC_tsh,5-15,-0.233757467954928,77,-0.23388672030178118,WLS,13,0.00012925234685318143
4,UPFC_Vse,5-15,0.058959862235015974,77,0.061591978129866186,WLS,13,0.002632115894850212
5,UPFC_tse,5-15,-2.1191652784167405,77,-2.154578417998358,WLS,13,0.035413139581617514
0,x_tcsc,1-14,-0.10881146915054149,78,-0.10881859715735988,WLS,13,7.128006818388211e-06
1,B_svc,2,0.17678978894929429,78,0.17701758795075362,WLS,13,0.0002277990014593334
2,UPFC_Vsh,5-15,1.1116630138412043,78,1.108194153716509,WLS,13,0.003468860124695272
3,UPFC_tsh,5-15,-0.23380468376266697,78,-0.23388672030178118,WLS,13,8.203653911420528e-05
4,UPFC_Vse,5-15,0.05872988229321256,78,0.061591978129866186,WLS,13,0.0028620958366536234
5,UPFC_tse,5-15,-2.1234716161374148,78,-2.154578417998358,WLS,13,0.03110680186094328
0,x_tcsc,1-14,-0.10881715894972915,79,-0.10881859715735988,WLS,13,1.4382076307245528e-06
1,B_svc,2,0.17703801533729002,79,0.17701758795075362,WLS,13,2.0427386536403525e-05
2,UPFC_Vsh,5-15,1.1115603105156218,79,1.108194153716509,WLS,13,0.003366156799112785
3,UPFC_tsh,5-15,-0.23376524796061451,79,-0.23388672030178118,WLS,13,0.00012147234116666183
4,UPFC_Vse,5-15,0.05866198930501433,79,0.061591978129866186,WLS,13,0.002929988824851855
5,UPFC_tse,5-15,-2.1217991879462397,79,-2.154578417998358,WLS,13,0.03277923005211836
0,x_tcsc,1-14,-0.10880524822720665,80,-0.10881859715735988,WLS,13,1.3348930153228578e-05
1,B_svc,2,0.17706288448493826,80,0.17701758795075362,WLS,13,4.529653418464119e-05
2,UPFC_Vsh,5-15,1.111605187925532,80,1.108194153716509,WLS,13,0.0034110342090230006
3,UPFC_tsh,5-15,-0.23373752315667584,80,-0.23388672030178118,WLS,13,0.00014919714510533422
4,UPFC_Vse,5-15,0.05896445992166532,80,0.061591978129866186,WLS,13,0.0026275182082008686
5,UPFC_tse,5-15,-2.1231690232359806,80,-2.154578417998358,WLS,13,0.031409394762377474
0,x_tcsc,1-14,-0.10881163479775295,81,-0.10881859715735988,WLS,13,6.962359606926816e-06
1,B_svc,2,0.1769641499979194,81,0.17701758795075362,WLS,13,5.3437952834217706e-05
2,UPFC_Vsh,5-15,1.1117810479811283,81,1.108194153716509,WLS,13,0.0035868942646193336
3,UPFC_tsh,5-15,-0.23373851828237624,81,-0.23388672030178118,WLS,13,0.00014820201940493605
4,UPFC_Vse,5-15,0.05833151827586947,81,0.061591978129866186,WLS,13,0.003260459853996714
5,UPFC_tse,5-15,-2.1234189449817493,81,-2.154578417998358,WLS,13,0.031159473016608707
0,x_tcsc,1-14,-0.10882957813335188,82,-0.10881859715735988,WLS,13,1.0980975992003206e-05
1,B_svc,2,0.17698792883198036,82,0.17701758795075362,WLS,13,2.9659118773256443e-05
2,UPFC_Vsh,5-15,1.1114778102524336,82,1.108194153716509,WLS,13,0.0032836565359246617
3,UPFC_tsh,5-15,-0.23368863972682982,82,-0.23388672030178118,WLS,13,0.00019808057495135367
4,UPFC_Vse,5-15,0.058673059434968367,82,0.061591978129866186,WLS,13,0.0029189186948978194
5,UPFC_tse,5-15,-2.1184116858472373,82,-2.154578417998358,WLS,13,0.03616673215112076
0,x_tcsc,1-14,-0.10880501463493356,83,-0.10881859715735988,WLS,13,1.3582522426322519e-05
1,B_svc,2,0.17748127691645363,83,0.17701758795075362,WLS,13,0.00046368896570000984
2,UPFC_Vsh,5-15,1.1117286300697753,83,1.108194153716509,WLS,13,0.0035344763532663137
3,UPFC_tsh,5-15,-0.23377547031456083,83,-0.23388672030178118,WLS,13,0.00011124998722034096
4,UPFC_Vse,5-15,0.05895126631315203,83,0.061591978129866186,WLS,13,0.0026407118167141586
5,UPFC_tse,5-15,-2.121499792608206,83,-2.154578417998358,WLS,13,0.03307862539015183
0,x_tcsc,1-14,-0.10880923396658598,84,-0.10881859715735988,WLS,13,9.363190773895025e-06
1,B_svc,2,0.17716022935356637,84,0.17701758795075362,WLS,13,0.00014264140281275428
2,UPFC_Vsh,5-15,1.1114713864640386,84,1.108194153716509,WLS,13,0.003277232747529668
3,UPFC_tsh,5-15,-0.23377643825875122,84,-0.23388672030178118,WLS,13,0.00011028204302995781
4,UPFC_Vse,5-15,0.05927915115424935,84,0.061591978129866186,WLS,13,0.0023128269756168343
5,UPFC_tse,5-15,-2.123188300952133,84,-2.154578417998358,WLS,13,0.031390117046225186
0,x_tcsc,1-14,-0.10881710468634363,85,-0.10881859715735988,WLS,13,1.4924710162456112e-06
1,B_svc,2,0.17702560021679906,85,0.17701758795075362,WLS,13,8.012266045437366e-06
2,UPFC_Vsh,5-15,1.11143980053985,85,1.108194153716509,WLS,13,0.003245646823341053
3,UPFC_tsh,5-15,-0.23381942097494482,85,-0.23388672030178118,WLS,13,6.729932683635642e-05
4,UPFC_Vse,5-15,0.05880058785063815,85,0.061591978129866186,WLS,13,0.0027913902792280343
5,UPFC_tse,5-15,-2.122771884835662,85,-2.154578417998358,WLS,13,0.031806533162696216
0,x_tcsc,1-14,-0.10880635395105112,86,-0.10881859715735988,WLS,13,1.224320630875686e-05
1,B_svc,2,0.1770413187208266,86,0.17701758795075362,WLS,13,2.3730770072977192e-05
2,UPFC_Vsh,5-15,1.1112294780494045,86,1.108194153716509,WLS,13,0.0030353243328955504
3,UPFC_tsh,5-15,-0.23382410673790965,86,-0.23388672030178118,WLS,13,6.261356387152195e-05
4,UPFC_Vse,5-15,0.05903618365432338,86,0.061591978129866186,WLS,13,0.0025557944755428066
5,UPFC_tse,5-15,-2.122596535800211,86,-2.154578417998358,WLS,13,0.031981882198147016
0,x_tcsc,1-14,-0.1088090191616403,87,-0.10881859715735988,WLS,13,9.577995719572963e-06
1,B_svc,2,0.17710311211803467,87,0.17701758795075362,WLS,13,8.552416728105361e-05
2,UPFC_Vsh,5-15,1.1114537046434327,87,1.108194153716509,WLS,13,0.00325955092692376
3,UPFC_tsh,5-15,-0.23376808371667274,87,-0.23388672030178118,WLS,13,0.00011863658510843922
4,UPFC_Vse,5-15,0.05851822755581264,87,0.061591978129866186,WLS,13,0.003073750574053548
5,UPFC_tse,5-15,-2.1215468678975613,87,-2.154578417998358,WLS,13,0.033031550100796725
0,x_tcsc,1-14,-0.1088234563980814,88,-0.10881859715735988,WLS,13,4.859240721521996e-06
1,B_svc,2,0.17768553542147703,88,0.17701758795075362,WLS,13,0.0006679474707234068
2,UPFC_Vsh,5-15,1.1116228590764432,88,1.108194153716509,WLS,13,0.0034287053599342254
3,UPFC_tsh,5-15,-0.233763707079085,88,-0.23388672030178118,WLS,13,0.0001230132226961722
4,UPFC_Vse,5-15,0.0586063152434785,88,0.061591978129866186,WLS,13,0.0029856628863876855
5,UPFC_tse,5-15,-2.120882352676234,88,-2.154578417998358,WLS,13,0.0336960653221241
0,x_tcsc,1-14,-0.1088113721397061,89,-0.10881859715735988,WLS,13,7.2250176537808075e-06
1,B_svc,2,0.1770562078368733,89,0.17701758795075362,WLS,13,3.8619886119695135e-05
2,UPFC_Vsh,5-15,1.1115803086878275,89,1.108194153716509,WLS,13,0.0033861549713185557
3,UPFC_tsh,5-15,-0.2338446111968583,89,-0.23388672030178118,WLS,13,4.210910492288833e-05
4,UPFC_Vse,5-15,0.05857988307860379,89,0.061591978129866186,WLS,13,0.0030120950512623965
5,UPFC_tse,5-15,-2.1226581573636856,89,-2.154578417998358,WLS,13,0.03192026063467246
0,x_tcsc,1-14,-0.1088152131619565,90,-0.10881859715735988,WLS,13,3.383995403380413e-06
1,B_svc,2,0.17670878232742213,90,0.17701758795075362,WLS,13,0.00030880562333149286
2,UPFC_Vsh,5-15,1.1113388712953556,90,1.108194153716509,WLS,13,0.003144717578846601
3,UPFC_tsh,5-15,-0.23373879255446461,90,-0.23388672030178118,WLS,13,0.00014792774731656189
4,UPFC_Vse,5-15,0.05890860404354416,90,0.061591978129866186,WLS,13,0.002683374086322028
5,UPFC_tse,5-15,-2.119597971211757,90,-2.154578417998358,WLS,13,0.03498044678660106
0,x_tcsc,1-14,-0.1088073187739385,91,-0.10881859715735988,WLS,13,1.1278383421381433e-05
1,B_svc,2,0.17699635710233247,91,0.17701758795075362,WLS,13,2.123084842114986e-05
2,UPFC_Vsh,5-15,1.1115479664965233,91,1.108194153716509,WLS,13,0.0033538127800143425
3,UPFC_tsh,5-15,-0.2337838166183711,91,-0.23388672030178118,WLS,13,0.00010290368341006606
4,UPFC_Vse,5-15,0.05866680913294255,91,0.061591978129866186,WLS,13,0.0029251689969236327
5,UPFC_tse,5-15,-2.1253058570943235,91,-2.154578417998358,WLS,13,0.029272560904034517
0,x_tcsc,1-14,-0.10881591938397712,92,-0.10881859715735988,WLS,13,2.6777733827532124e-06
1,B_svc,2,0.17702448293216852,92,0.17701758795075362,WLS,13,6.89498141490108e-06
2,UPFC_Vsh,5-15,1.111347465373605,92,1.108194153716509,WLS,13,0.0031533116570960917
3,UPFC_tsh,5-15,-0.2337969239887887,92,-0.23388672030178118,WLS,13,8.979631299246837e-05
4,UPFC_Vse,5-15,0.05939051005811627,92,0.061591978129866186,WLS,13,0.0022014680717499166
5,UPFC_tse,5-15,-2.1216257684644773,92,-2.154578417998358,WLS,13,0.03295264953388077
0,x_tcsc,1-14,-0.10881132463220534,93,-0.10881859715735988,WLS,13,7.272525154533582e-06
1,B_svc,2,0.17673442215256335,93,0.17701758795075362,WLS,13,0.00028316579819026577
2,UPFC_Vsh,5-15,1.1116339718036534,93,1.108194153716509,WLS,13,0.0034398180871444417
3,UPFC_tsh,5-15,-0.23372510915721242,93,-0.23388672030178118,WLS,13,0.0001616111445687518
4,UPFC_Vse,5-15,0.05930441806906715,93,0.061591978129866186,WLS,13,0.0022875600607990335
5,UPFC_tse,5-15,-2.120218266424336,93,-2.154578417998358,WLS,13,0.03436015157402217
0,x_tcsc,1-14,-0.10881264516252988,94,-0.10881859715735988,WLS,13,5.951994830000196e-06
1,B_svc,2,0.1767816781086693,94,0.17701758795075362,WLS,13,0.0002359098420843253
2,UPFC_Vsh,5-15,1.1114396296576172,94,1.108194153716509,WLS,13,0.0032454759411082446
3,UPFC_tsh,5-15,-0.23380623234977768,94,-0.23388672030178118,WLS,13,8.048795200349401e-05
4,UPFC_Vse,5-15,0.058375280483808495,94,0.061591978129866186,WLS,13,0.003216697646057691
5,UPFC_tse,5-15,-2.121719411534837,94,-2.154578417998358,WLS,13,0.03285900646352102
0,x_tcsc,1-14,-0.10882153444254912,95,-0.10881859715735988,WLS,13,2.937285189241745e-06
1,B_svc,2,0.17717863867669084,95,0.17701758795075362,WLS,13,0.00016105072593722292
2,UPFC_Vsh,5-15,1.1112977427772404,95,1.108194153716509,WLS,13,0.003103589060731382
3,UPFC_tsh,5-15,-0.23379092745236602,95,-0.23388672030178118,WLS,13,9.579284941516053e-05
4,UPFC_Vse,5-15,0.059314335251911904,95,0.061591978129866186,WLS,13,0.002277642877954282
5,UPFC_tse,5-15,-2.1224496448943757,95,-2.154578417998358,WLS,13,0.03212877310398232
0,x_tcsc,1-14,-0.10881049951868635,96,-0.10881859715735988,WLS,13,8.097638673529306e-06
1,B_svc,2,0.17667279993629606,96,0.17701758795075362,WLS,13,0.0003447880144575588
2,UPFC_Vsh,5-15,1.1111227069932534,96,1.108194153716509,WLS,13,0.002928553276744461
3,UPFC_tsh,5-15,-0.23384563415642945,96,-0.23388672030178118,WLS,13,4.108614535172639e-05
4,UPFC_Vse,5-15,0.05837239545119881,96,0.061591978129866186,WLS,13,0.003219582678667378
5,UPFC_tse,5-15,-2.1231110555426267,96,-2.154578417998358,WLS,13,0.03146736245573134
0,x_tcsc,1-14,-0.10879532313398195,97,-0.10881859715735988,WLS,13,2.3274023377928277e-05
1,B_svc,2,0.17730112123408248,97,0.17701758795075362,WLS,13,0.00028353328332886285
2,UPFC_Vsh,5-15,1.1117577481390228,97,1.108194153716509,WLS,13,0.0035635944225138605
3,UPFC_tsh,5-15,-0.2337290311770753,97,-0.23388672030178118,WLS,13,0.00015768912470587315
4,UPFC_Vse,5-15,0.05894507940296883,97,0.061591978129866186,WLS,13,0.0026468987268973565
5,UPFC_tse,5-15,-2.1208396132926217,97,-2.154578417998358,WLS,13,0.033738804705736314
0,x_tcsc,1-14,-0.10880042099019666,98,-0.10881859715735988,WLS,13,1.8176167163222456e-05
1,B_svc,2,0.17706864821352666,98,0.17701758795075362,WLS,13,5.1060262773044984e-05
2,UPFC_Vsh,5-15,1.1114659807587473,98,1.108194153716509,WLS,13,0.0032718270422382734
3,UPFC_tsh,5-15,-0.23378889612546425,98,-0.23388672030178118,WLS,13,9.782417631692963e-05
4,UPFC_Vse,5-15,0.05899487975875151,98,0.061591978129866186,WLS,13,0.002597098371114673
5,UPFC_tse,5-15,-2.1208619856289896,98,-2.154578417998358,WLS,13,0.03371643236936839
0,x_tcsc,1-14,-0.10879150273169022,99,-0.10881859715735988,WLS,13,2.7094425669657585e-05
1,B_svc,2,0.17725194667869137,99,0.17701758795075362,WLS,13,0.0002343587279377557
2,UPFC_Vsh,5-15,1.1119379195769727,99,1.108194153716509,WLS,13,0.003743765860463766
3,UPFC_tsh,5-15,-0.2336712281143825,99,-0.23388672030178118,WLS,13,0.00021549218739866371
4,UPFC_Vse,5-15,0.0593472674834378,99,0.061591978129866186,WLS,13,0.002244710646428387
5,UPFC_tse,5-15,-2.124688535557732,99,-2.154578417998358,WLS,13,0.02988988244062618
0,x_tcsc,1-14,-0.109564566773956,0,-0.10959305204605325,WLS,15,2.8485272097256154e-05
1,B_svc,2,0.17797624228895131,0,0.1782051506477067,WLS,15,0.0002289083587553864
2,UPFC_Vsh,5-15,1.1115846480368095,0,1.1079753959808807,WLS,15,0.003609252055928769
3,UPFC_tsh,5-15,-0.23344226205900057,0,-0.23357131560074731,WLS,15,0.00012905354174674866
4,UPFC_Vse,5-15,0.058444817747176046,0,0.0609313646449456,WLS,15,0.0024865468977695523
5,UPFC_tse,5-15,-2.122323446901571,0,-2.153802308666399,WLS,15,0.03147886176482784
0,x_tcsc,1-14,-0.10956696458025707,1,-0.10959305204605325,WLS,15,2.608746579618737e-05
1,B_svc,2,0.17854038971270078,1,0.1782051506477067,WLS,15,0.0003352390649940806
2,UPFC_Vsh,5-15,1.111275098259527,1,1.1079753959808807,WLS,15,0.003299702278646288
3,UPFC_tsh,5-15,-0.23339813908346357,1,-0.23357131560074731,WLS,15,0.00017317651728374073
4,UPFC_Vse,5-15,0.05856027947525504,1,0.0609313646449456,WLS,15,0.002371085169690555
5,UPFC_tse,5-15,-2.121539319689579,1,-2.153802308666399,WLS,15,0.032262988976819784
0,x_tcsc,1-14,-0.1095618227974642,2,-0.10959305204605325,WLS,15,3.122924858905973e-05
1,B_svc,2,0.17854525775203617,2,0.1782051506477067,WLS,15,0.0003401071043294679
2,UPFC_Vsh,5-15,1.1114842160670433,2,1.1079753959808807,WLS,15,0.0035088200861626007
3,UPFC_tsh,5-15,-0.23345941183701902,2,-0.23357131560074731,WLS,15,0.00011190376372829935
4,UPFC_Vse,5-15,0.05879368563602775,2,0.0609313646449456,WLS,15,0.002137679008917849
5,UPFC_tse,5-15,-2.1237860179285177,2,-2.153802308666399,WLS,15,0.030016290737881146
0,x_tcsc,1-14,-0.10956331829659909,3,-0.10959305204605325,WLS,15,2.97337494541694e-05
1,B_svc,2,0.17773362185611286,3,0.1782051506477067,WLS,15,0.00047152879159384486
2,UPFC_Vsh,5-15,1.111538623340291,3,1.1079753959808807,WLS,15,0.0035632273594103925
3,UPFC_tsh,5-15,-0.23346057520603597,3,-0.23357131560074731,WLS,15,0.000110740394711345
4,UPFC_Vse,5-15,0.05852095720660194,3,0.0609313646449456,WLS,15,0.0024104074383436563
5,UPFC_tse,5-15,-2.124226838782981,3,-2.153802308666399,WLS,15,0.02957546988341786
0,x_tcsc,1-14,-0.10957418386656843,4,-0.10959305204605325,WLS,15,1.8868179484821113e-05
1,B_svc,2,0.1786140345813415,4,0.1782051506477067,WLS,15,0.00040888393363480713
2,UPFC_Vsh,5-15,1.111627188162823,4,1.1079753959808807,WLS,15,0.003651792181942337
3,UPFC_tsh,5-15,-0.2334712818070035,4,-0.23357131560074731,WLS,15,0.00010003379374382004
4,UPFC_Vse,5-15,0.05871987327012532,4,0.0609313646449456,WLS,15,0.002211491374820282
5,UPFC_tse,5-15,-2.123601816612321,4,-2.153802308666399,WLS,15,0.03020049205407771
0,x_tcsc,1-14,-0.10955566055063999,5,-0.10959305204605325,WLS,15,3.73914954132637e-05
1,B_svc,2,0.1783277201365603,5,0.1782051506477067,WLS,15,0.0001225694888536133
2,UPFC_Vsh,5-15,1.1115855210286765,5,1.1079753959808807,WLS,15,0.003610125047795787
3,UPFC_tsh,5-15,-0.2334058073878797,5,-0.23357131560074731,WLS,15,0.00016550821286762107
4,UPFC_Vse,5-15,0.058823127677456205,5,0.0609313646449456,WLS,15,0.0021082369674893936
5,UPFC_tse,5-15,-2.1229511860581107,5,-2.153802308666399,WLS,15,0.03085112260828815
0,x_tcsc,1-14,-0.10955550209581565,6,-0.10959305204605325,WLS,15,3.7549950237608654e-05
1,B_svc,2,0.17824871926131258,6,0.1782051506477067,WLS,15,4.3568613605882156e-05
2,UPFC_Vsh,5-15,1.1116056258967713,6,1.1079753959808807,WLS,15,0.0036302299158905704
3,UPFC_tsh,5-15,-0.23340744686221374,6,-0.23357131560074731,WLS,15,0.00016386873853357908
4,UPFC_Vse,5-15,0.05868493360129699,6,0.0609313646449456,WLS,15,0.0022464310436486057
5,UPFC_tse,5-15,-2.125263201919605,6,-2.153802308666399,WLS,15,0.02853910674679394
0,x_tcsc,1-14,-0.10956690895124231,7,-0.10959305204605325,WLS,15,2.6143094810943124e-05
1,B_svc,2,0.17862570345292325,7,0.1782051506477067,WLS,15,0.0004205528052165508
2,UPFC_Vsh,5-15,1.1115264375755742,7,1.1079753959808807,WLS,15,0.003551041594693549
3,UPFC_tsh,5-15,-0.23337622376315806,7,-0.23357131560074731,WLS,15,0.0001950918375892563
4,UPFC_Vse,5-15,0.058046912440596427,7,0.0609313646449456,WLS,15,0.002884452204349172
5,UPFC_tse,5-15,-2.123844463233603,7,-2.153802308666399,WLS,15,0.029957845432795782
0,x_tcsc,1-14,-0.10956089470618154,8,-0.10959305204605325,WLS,15,3.215733987171898e-05
1,B_svc,2,0.17828132285913414,8,0.1782051506477067,WLS,15,7.617221142744435e-05
2,UPFC_Vsh,5-15,1.111675735282155,8,1.1079753959808807,WLS,15,0.0037003393012742247
3,UPFC_tsh,5-15,-0.2334398639960832,8,-0.23357131560074731,WLS,15,0.00013145160466410122
4,UPFC_Vse,5-15,0.05860610976709838,8,0.0609313646449456,WLS,15,0.0023252548778472173
5,UPFC_tse,5-15,-2.122710189618079,8,-2.153802308666399,WLS,15,0.031092119048319766
0,x_tcsc,1-14,-0.10955439826085783,9,-0.10959305204605325,WLS,15,3.8653785195422175e-05
1,B_svc,2,0.17834928319843346,9,0.1782051506477067,WLS,15,0.000144132550726761
2,UPFC_Vsh,5-15,1.1114555921553717,9,1.1079753959808807,WLS,15,0.0034801961744910237
3,UPFC_tsh,5-15,-0.23337510325227512,9,-0.23357131560074731,WLS,15,0.0001962123484721967
4,UPFC_Vse,5-15,0.05882419527686116,9,0.0609313646449456,WLS,15,0.002107169368084437
5,UPFC_tse,5-15,-2.123328388883791,9,-2.153802308666399,WLS,15,0.03047391978260805
0,x_tcsc,1-14,-0.10956019302075819,10,-0.10959305204605325,WLS,15,3.285902529506779e-05
1,B_svc,2,0.17827597111093865,10,0.1782051506477067,WLS,15,7.082046323195201e-05
2,UPFC_Vsh,5-15,1.1112967862809089,10,1.1079753959808807,WLS,15,0.003321390300028204
3,UPFC_tsh,5-15,-0.23338289535472684,10,-0.23357131560074731,WLS,15,0.00018842024602047647
4,UPFC_Vse,5-15,0.058133666422853586,10,0.0609313646449456,WLS,15,0.0027976982220920127
5,UPFC_tse,5-15,-2.1222870112978445,10,-2.153802308666399,WLS,15,0.03151529736855441
0,x_tcsc,1-14,-0.10958532771672876,11,-0.10959305204605325,WLS,15,7.724329324498846e-06
1,B_svc,2,0.17843911987102276,11,0.1782051506477067,WLS,15,0.00023396922331606063
2,UPFC_Vsh,5-15,1.1113331705038734,11,1.1079753959808807,WLS,15,0.0033577745229926848
3,UPFC_tsh,5-15,-0.23341064070405648,11,-0.23357131560074731,WLS,15,0.00016067489669083224
4,UPFC_Vse,5-15,0.0580046994679623,11,0.0609313646449456,WLS,15,0.002926665176983298
5,UPFC_tse,5-15,-2.123001514246053,11,-2.153802308666399,WLS,15,0.030800794420345667
0,x_tcsc,1-14,-0.10956009829841458,12,-0.10959305204605325,WLS,15,3.2953747638675424e-05
1,B_svc,2,0.17830323298540326,12,0.1782051506477067,WLS,15,9.808233769656449e-05
2,UPFC_Vsh,5-15,1.111592271039852,12,1.1079753959808807,WLS,15,0.003616875058971347
3,UPFC_tsh,5-15,-0.23336976058028921,12,-0.23357131560074731,WLS,15,0.0002015550204580996
4,UPFC_Vse,5-15,0.05871559252331233,12,0.0609313646449456,WLS,15,0.0022157721216332707
5,UPFC_tse,5-15,-2.122327669667996,12,-2.153802308666399,WLS,15,0.03147463899840286
0,x_tcsc,1-14,-0.10956789780167936,13,-0.10959305204605325,WLS,15,2.5154244373895573e-05
1,B_svc,2,0.17821919741402942,13,0.1782051506477067,WLS,15,1.4046766322717286e-05
2,UPFC_Vsh,5-15,1.1114397627528791,13,1.1079753959808807,WLS,15,0.0034643667719984617
3,UPFC_tsh,5-15,-0.23342727998057725,13,-0.23357131560074731,WLS,15,0.00014403562017006877
4,UPFC_Vse,5-15,0.05820373550861791,13,0.0609313646449456,WLS,15,0.0027276291363276875
5,UPFC_tse,5-15,-2.1220431722882402,13,-2.153802308666399,WLS,15,0.03175913637815864
0,x_tcsc,1-14,-0.10957146149138336,14,-0.10959305204605325,WLS,15,2.1590554669895234e-05
1,B_svc,2,0.17817685653629523,14,0.1782051506477067,WLS,15,2.829411141147542e-05
2,UPFC_Vsh,5-15,1.1116648081676435,14,1.1079753959808807,WLS,15,0.003689412186762775
3,UPFC_tsh,5-15,-0.2334047034627696,14,-0.23357131560074731,WLS,15,0.000166612137977723
4,UPFC_Vse,5-15,0.058395368538036056,14,0.0609313646449456,WLS,15,0.0025359961069095424
5,UPFC_tse,5-15,-2.1233740599315203,14,-2.153802308666399,WLS,15,0.030428248734878593
0,x_tcsc,1-14,-0.1095672085494285,15,-0.10959305204605325,WLS,15,2.5843496624752826e-05
1,B_svc,2,0.17796706596699374,15,0.1782051506477067,WLS,15,0.00023808468071295774
2,UPFC_Vsh,5-15,1.1110557017614056,15,1.1079753959808807,WLS,15,0.0030803057805248724
3,UPFC_tsh,5-15,-0.2334329264691472,15,-0.23357131560074731,WLS,15,0.00013838913160010846
4,UPFC_Vse,5-15,0.05884887925998521,15,0.0609313646449456,WLS,15,0.002082485384960392
5,UPFC_tse,5-15,-2.1204567646356374,15,-2.153802308666399,WLS,15,0.03334554403076151
0,x_tcsc,1-14,-0.10956218779763088,16,-0.10959305204605325,WLS,15,3.0864248422371454e-05
1,B_svc,2,0.17803702171547303,16,0.1782051506477067,WLS,15,0.00016812893223366876
2,UPFC_Vsh,5-15,1.1111245165523473,16,1.1079753959808807,WLS,15,0.003149120571466657
3,UPFC_tsh,5-15,-0.23343153007469886,16,-0.23357131560074731,WLS,15,0.00013978552604845818
4,UPFC_Vse,5-15,0.058869196109552026,16,0.0609313646449456,WLS,15,0.002062168535393573
5,UPFC_tse,5-15,-2.119169155576801,16,-2.153802308666399,WLS,15,0.0346331530895978
0,x_tcsc,1-14,-0.10956542348404803,17,-0.10959305204605325,WLS,15,2.76285620052219e-05
1,B_svc,2,0.17819533976421717,17,0.1782051506477067,WLS,15,9.81088348953052e-06
2,UPFC_Vsh,5-15,1.1116118152815706,17,1.1079753959808807,WLS,15,0.0036364193006899193
3,UPFC_tsh,5-15,-0.2334342308712327,17,-0.23357131560074731,WLS,15,0.00013708472951462491
4,UPFC_Vse,5-15,0.058318566518546,17,0.0609313646449456,WLS,15,0.0026127981263995986
5,UPFC_tse,5-15,-2.127144402121371,17,-2.153802308666399,WLS,15,0.026657906545028087
0,x_tcsc,1-14,-0.10956672570307267,18,-0.10959305204605325,WLS,15,2.6326342980581563e-05
1,B_svc,2,0.1781521025261513,18,0.1782051506477067,WLS,15,5.3048121555404615e-05
2,UPFC_Vsh,5-15,1.1115698948663977,18,1.1079753959808807,WLS,15,0.0035944988855169946
3,UPFC_tsh,5-15,-0.2334701108466995,18,-0.23357131560074731,WLS,15,0.00010120475404781781
4,UPFC_Vse,5-15,0.05891242882498358,18,0.0609313646449456,WLS,15,0.0020189358199620214
5,UPFC_tse,5-15,-2.1240212204260813,18,-2.153802308666399,WLS,15,0.029781088240317555
0,x_tcsc,1-14,-0.10957085850547557,19,-0.10959305204605325,WLS,15,2.2193540577683524e-05
1,B_svc,2,0.1786736582113975,19,0.1782051506477067,WLS,15,0.0004685075636907954
2,UPFC_Vsh,5-15,1.1115451596780237,19,1.1079753959808807,WLS,15,0.0035697636971430136
3,UPFC_tsh,5-15,-0.23337551011928112,19,-0.23357131560074731,WLS,15,0.0001958054814661936
4,UPFC_Vse,5-15,0.058475470047848345,19,0.0609313646449456,WLS,15,0.0024558945970972537
5,UPFC_tse,5-15,-2.1239868518588048,19,-2.153802308666399,WLS,15,0.02981545680759412
0,x_tcsc,1-14,-0.10956769500562363,20,-0.10959305204605325,WLS,15,2.5357040429621613e-05
1,B_svc,2,0.17796895362382723,20,0.1782051506477067,WLS,15,0.00023619702387947528
2,UPFC_Vsh,5-15,1.1116512920215254,20,1.1079753959808807,WLS,15,0.003675896040644666
3,UPFC_tsh,5-15,-0.23343410469655426,20,-0.23357131560074731,WLS,15,0.00013721090419305249
4,UPFC_Vse,5-15,0.058467910213855764,20,0.0609313646449456,WLS,15,0.0024634544310898343
5,UPFC_tse,5-15,-2.1245219227613723,20,-2.153802308666399,WLS,15,0.029280385905026574
0,x_tcsc,1-14,-0.10956676249542466,21,-0.10959305204605325,WLS,15,2.6289550628597058e-05
1,B_svc,2,0.17860479205229401,21,0.1782051506477067,WLS,15,0.00039964140458731423
2,UPFC_Vsh,5-15,1.1115469122392219,21,1.1079753959808807,WLS,15,0.0035715162583411786
3,UPFC_tsh,5-15,-0.23342707718487427,21,-0.23357131560074731,WLS,15,0.0001442384158730492
4,UPFC_Vse,5-15,0.05907656785816801,21,0.0609313646449456,WLS,15,0.0018547967867775864
5,UPFC_tse,5-15,-2.1210706202150487,21,-2.153802308666399,WLS,15,0.032731688451350216
0,x_tcsc,1-14,-0.1095617728211987,22,-0.10959305204605325,WLS,15,3.1279224854560694e-05
1,B_svc,2,0.178658718397398,22,0.1782051506477067,WLS,15,0.0004535677496912971
2,UPFC_Vsh,5-15,1.1117329343579123,22,1.1079753959808807,WLS,15,0.003757538377031633
3,UPFC_tsh,5-15,-0.23338429050939066,22,-0.23357131560074731,WLS,15,0.0001870250913566518
4,UPFC_Vse,5-15,0.058648154828639755,22,0.0609313646449456,WLS,15,0.0022832098163058437
5,UPFC_tse,5-15,-2.1207150512415796,22,-2.153802308666399,WLS,15,0.03308725742481933
0,x_tcsc,1-14,-0.10955302266822198,23,-0.10959305204605325,WLS,15,4.0029377831277135e-05
1,B_svc,2,0.17832683108425176,23,0.1782051506477067,WLS,15,0.000121680436545063
2,UPFC_Vsh,5-15,1.1110128712576293,23,1.1079753959808807,WLS,15,0.00303747527674858
3,UPFC_tsh,5-15,-0.23339468296530974,23,-0.23357131560074731,WLS,15,0.00017663263543757357
4,UPFC_Vse,5-15,0.05882391586142876,23,0.0609313646449456,WLS,15,0.0021074487835168396
5,UPFC_tse,5-15,-2.122084815073238,23,-2.153802308666399,WLS,15,0.031717493593161006
0,x_tcsc,1-14,-0.10956420652082063,24,-0.10959305204605325,WLS,15,2.884552523262085e-05
1,B_svc,2,0.17799404314641223,24,0.1782051506477067,WLS,15,0.00021110750129446632
2,UPFC_Vsh,5-15,1.1119741887964514,24,1.1079753959808807,WLS,15,0.003998792815570695
3,UPFC_tsh,5-15,-0.23338967867629187,24,-0.23357131560074731,WLS,15,0.00018163692445544166
4,UPFC_Vse,5-15,0.05822844365984979,24,0.0609313646449456,WLS,15,0.002702920985095808
5,UPFC_tse,5-15,-2.1251043271229384,24,-2.153802308666399,WLS,15,0.028697981543460482
0,x_tcsc,1-14,-0.1095601153345955,25,-0.10959305204605325,WLS,15,3.293671145775112e-05
1,B_svc,2,0.1784196633593649,25,0.1782051506477067,WLS,15,0.00021451271165820462
2,UPFC_Vsh,5-15,1.1117136732118424,25,1.1079753959808807,WLS,15,0.003738277230961762
3,UPFC_tsh,5-15,-0.2333727985964119,25,-0.23357131560074731,WLS,15,0.00019851700433540231
4,UPFC_Vse,5-15,0.05829486851474881,25,0.0609313646449456,WLS,15,0.002636496130196786
5,UPFC_tse,5-15,-2.120269318300511,25,-2.153802308666399,WLS,15,0.03353299036588808
0,x_tcsc,1-14,-0.10956332852045995,26,-0.10959305204605325,WLS,15,2.972352559330038e-05
1,B_svc,2,0.1786431031757862,26,0.1782051506477067,WLS,15,0.00043795252807948826
2,UPFC_Vsh,5-15,1.111317325314115,26,1.1079753959808807,WLS,15,0.0033419293332344058
3,UPFC_tsh,5-15,-0.23345071168398415,26,-0.23357131560074731,WLS,15,0.00012060391676316229
4,UPFC_Vse,5-15,0.05846993584956742,26,0.0609313646449456,WLS,15,0.0024614287953781816
5,UPFC_tse,5-15,-2.1206007137152674,26,-2.153802308666399,WLS,15,0.03320159495113151
0,x_tcsc,1-14,-0.10958637632304713,27,-0.10959305204605325,WLS,15,6.675723006124845e-06
1,B_svc,2,0.1780929598940861,27,0.1782051506477067,WLS,15,0.00011219075362059461
2,UPFC_Vsh,5-15,1.1116133757488782,27,1.1079753959808807,WLS,15,0.0036379797679975123
3,UPFC_tsh,5-15,-0.23344470405620454,27,-0.23357131560074731,WLS,15,0.00012661154454277068
4,UPFC_Vse,5-15,0.05850973543805768,27,0.0609313646449456,WLS,15,0.002421629206887918
5,UPFC_tse,5-15,-2.1251482995334254,27,-2.153802308666399,WLS,15,0.028654009132973446
0,x_tcsc,1-14,-0.10955747404191728,28,-0.10959305204605325,WLS,15,3.557800413597767e-05
1,B_svc,2,0.17859883051569803,28,0.1782051506477067,WLS,15,0.0003936798679913256
2,UPFC_Vsh,5-15,1.111693864827946,28,1.1079753959808807,WLS,15,0.0037184688470652816
3,UPFC_tsh,5-15,-0.23340330946479834,28,-0.23357131560074731,WLS,15,0.00016800613594897262
4,UPFC_Vse,5-15,0.05875480207302869,28,0.0609313646449456,WLS,15,0.0021765625719169096
5,UPFC_tse,5-15,-2.1229881794329573,28,-2.153802308666399,WLS,15,0.030814129233441623
0,x_tcsc,1-14,-0.10956585285783382,29,-0.10959305204605325,WLS,15,2.719918821943168e-05
1,B_svc,2,0.1788496135782597,29,0.1782051506477067,WLS,15,0.0006444629305530081
2,UPFC_Vsh,5-15,1.1115179559424484,29,1.1079753959808807,WLS,15,0.003542559961567715
3,UPFC_tsh,5-15,-0.23339232851332942,29,-0.23357131560074731,WLS,15,0.00017898708741789782
4,UPFC_Vse,5-15,0.058931170765581,29,0.0609313646449456,WLS,15,0.0020001938793645993
5,UPFC_tse,5-15,-2.1233120139727713,29,-2.153802308666399,WLS,15,0.03049029469362763
0,x_tcsc,1-14,-0.10958263511111645,30,-0.10959305204605325,WLS,15,1.0416934936807731e-05
1,B_svc,2,0.1785482075210681,30,0.1782051506477067,WLS,15,0.00034305687336139146
2,UPFC_Vsh,5-15,1.1116551645100716,30,1.1079753959808807,WLS,15,0.003679768529190941
3,UPFC_tsh,5-15,-0.23347854467761978,30,-0.23357131560074731,WLS,15,9.277092312753865e-05
4,UPFC_Vse,5-15,0.059204200838216904,30,0.0609313646449456,WLS,15,0.0017271638067286946
5,UPFC_tse,5-15,-2.125787322509526,30,-2.153802308666399,WLS,15,0.028014986156872812
0,x_tcsc,1-14,-0.10956413994495762,31,-0.10959305204605325,WLS,15,2.89121010956378e-05
1,B_svc,2,0.17846285216423002,31,0.1782051506477067,WLS,15,0.0002577015165233232
2,UPFC_Vsh,5-15,1.1113743656455424,31,1.1079753959808807,WLS,15,0.0033989696646616885
3,UPFC_tsh,5-15,-0.23339964084006126,31,-0.23357131560074731,WLS,15,0.00017167476068605247
4,UPFC_Vse,5-15,0.05838038243237631,31,0.0609313646449456,WLS,15,0.002550982212569289
5,UPFC_tse,5-15,-2.1234162077037126,31,-2.153802308666399,WLS,15,0.030386100962686236
0,x_tcsc,1-14,-0.10956573647690225,32,-0.10959305204605325,WLS,15,2.7315569151004082e-05
1,B_svc,2,0.17873027314362358,32,0.1782051506477067,WLS,15,0.0005251224959168799
2,UPFC_Vsh,5-15,1.1115488003633271,32,1.1079753959808807,WLS,15,0.0035734043824464656
3,UPFC_tsh,5-15,-0.23339235443907108,32,-0.23357131560074731,WLS,15,0.00017896116167623322
4,UPFC_Vse,5-15,0.058152064170030444,32,0.0609313646449456,WLS,15,0.0027793004749151543
5,UPFC_tse,5-15,-2.1263816087527463,32,-2.153802308666399,WLS,15,0.02742069991365259
0,x_tcsc,1-14,-0.10955980883328859,33,-0.10959305204605325,WLS,15,3.324321276466924e-05
1,B_svc,2,0.1784708273562748,33,0.1782051506477067,WLS,15,0.0002656767085681133
2,UPFC_Vsh,5-15,1.1111285333097212,33,1.1079753959808807,WLS,15,0.003153137328840483
3,UPFC_tsh,5-15,-0.23347545098381334,33,-0.23357131560074731,WLS,15,9.586461693397719e-05
4,UPFC_Vse,5-15,0.058182427368045124,33,0.0609313646449456,WLS,15,0.0027489372769004747
5,UPFC_tse,5-15,-2.120567530142914,33,-2.153802308666399,WLS,15,0.033234778523485
0,x_tcsc,1-14,-0.10956694692025941,34,-0.10959305204605325,WLS,15,2.610512579384605e-05
1,B_svc,2,0.17822357549279752,34,0.1782051506477067,WLS,15,1.8424845090819764e-05
2,UPFC_Vsh,5-15,1.1111078769809277,34,1.1079753959808807,WLS,15,0.0031324810000470382
3,UPFC_tsh,5-15,-0.2334425977792307,34,-0.23357131560074731,WLS,15,0.00012871782151660516
4,UPFC_Vse,5-15,0.05866687223990913,34,0.0609313646449456,WLS,15,0.0022644924050364695
5,UPFC_tse,5-15,-2.1239367777748583,34,-2.153802308666399,WLS,15,0.029865530891540537
0,x_tcsc,1-14,-0.10957512319763274,35,-0.10959305204605325,WLS,15,1.7928848420514787e-05
1,B_svc,2,0.17824586683848379,35,0.1782051506477067,WLS,15,4.071619077708477e-05
2,UPFC_Vsh,5-15,1.1115193708405835,35,1.1079753959808807,WLS,15,0.0035439748597028142
3,UPFC_tsh,5-15,-0.23347324691492638,35,-0.23357131560074731,WLS,15,9.806868582093453e-05
4,UPFC_Vse,5-15,0.05878928943212084,35,0.0609313646449456,WLS,15,0.002142075212824758
5,UPFC_tse,5-15,-2.121315800074543,35,-2.153802308666399,WLS,15,0.032486508591855756
0,x_tcsc,1-14,-0.10956980447613797,36,-0.10959305204605325,WLS,15,2.324756991528565e-05
1,B_svc,2,0.17816601111597852,36,0.1782051506477067,WLS,15,3.913953172818285e-05
2,UPFC_Vsh,5-15,1.1117755276679782,36,1.1079753959808807,WLS,15,0.0038001316870974744
3,UPFC_tsh,5-15,-0.23336122162715175,36,-0.23357131560074731,WLS,15,0.0002100939735955598
4,UPFC_Vse,5-15,0.05839379030279529,36,0.0609313646449456,WLS,15,0.002537574342150309
5,UPFC_tse,5-15,-2.1261083368964293,36,-2.153802308666399,WLS,15,0.027693971769969572
0,x_tcsc,1-14,-0.1095589460033395,37,-0.10959305204605325,WLS,15,3.410604271375517e-05
1,B_svc,2,0.17851677002273175,37,0.1782051506477067,WLS,15,0.00031161937502505177
2,UPFC_Vsh,5-15,1.1118670535558866,37,1.1079753959808807,WLS,15,0.003891657575005869
3,UPFC_tsh,5-15,-0.233407810334143,37,-0.23357131560074731,WLS,15,0.00016350526660430242
4,UPFC_Vse,5-15,0.05884909323501694,37,0.0609313646449456,WLS,15,0.002082271409928657
5,UPFC_tse,5-15,-2.1238997476086134,37,-2.153802308666399,WLS,15,0.029902561057785437
0,x_tcsc,1-14,-0.10955845520125067,38,-0.10959305204605325,WLS,15,3.4596844802586846e-05
1,B_svc,2,0.1784255810158071,38,0.1782051506477067,WLS,15,0.00022043036810040495
2,UPFC_Vsh,5-15,1.1116075351413452,38,1.1079753959808807,WLS,15,0.0036321391604645648
3,UPFC_tsh,5-15,-0.23344117260976868,38,-0.23357131560074731,WLS,15,0.00013014299097863224
4,UPFC_Vse,5-15,0.05833745795594927,38,0.0609313646449456,WLS,15,0.0025939066889963253
5,UPFC_tse,5-15,-2.124889308044622,38,-2.153802308666399,WLS,15,0.02891300062177704
0,x_tcsc,1-14,-0.1095437441486667,39,-0.10959305204605325,WLS,15,4.930789738655239e-05
1,B_svc,2,0.17833902147742217,39,0.1782051506477067,WLS,15,0.00013387082971547115
2,UPFC_Vsh,5-15,1.1114016488760363,39,1.1079753959808807,WLS,15,0.003426252895155635
3,UPFC_tsh,5-15,-0.23338205049352412,39,-0.23357131560074731,WLS,15,0.00018926510722319656
4,UPFC_Vse,5-15,0.058046017499403905,39,0.0609313646449456,WLS,15,0.002885347145541693
5,UPFC_tse,5-15,-2.1238917060613476,39,-2.153802308666399,WLS,15,0.029910602605051295
0,x_tcsc,1-14,-0.10956360912700545,40,-0.10959305204605325,WLS,15,2.944291904780072e-05
1,B_svc,2,0.17882609824743922,40,0.1782051506477067,WLS,15,0.0006209475997325242
2,UPFC_Vsh,5-15,1.1114999769956828,40,1.1079753959808807,WLS,15,0.0035245810148021306
3,UPFC_tsh,5-15,-0.23340347325556052,40,-0.23357131560074731,WLS,15,0.0001678423451867972
4,UPFC_Vse,5-15,0.05871226669025179,40,0.0609313646449456,WLS,15,0.0022190979546938064
5,UPFC_tse,5-15,-2.1250689489793975,40,-2.153802308666399,WLS,15,0.028733359687001414
0,x_tcsc,1-14,-0.10955732511111248,41,-0.10959305204605325,WLS,15,3.572693494077739e-05
1,B_svc,2,0.17805563420639692,41,0.1782051506477067,WLS,15,0.0001495164413097827
2,UPFC_Vsh,5-15,1.111356221384831,41,1.1079753959808807,WLS,15,0.0033808254039502383
3,UPFC_tsh,5-15,-0.23337643097779212,41,-0.23357131560074731,WLS,15,0.0001948846229551937
4,UPFC_Vse,5-15,0.0582311034413852,41,0.0609313646449456,WLS,15,0.0027002612035604
5,UPFC_tse,5-15,-2.122142031546099,41,-2.153802308666399,WLS,15,0.03166027712030006
0,x_tcsc,1-14,-0.1095594064667891,42,-0.10959305204605325,WLS,15,3.364557926414935e-05
1,B_svc,2,0.17852771523133537,42,0.1782051506477067,WLS,15,0.0003225645836286706
2,UPFC_Vsh,5-15,1.111468637793004,42,1.1079753959808807,WLS,15,0.0034932418121234043
3,UPFC_tsh,5-15,-0.2334445864514916,42,-0.23357131560074731,WLS,15,0.000126729149255711
4,UPFC_Vse,5-15,0.058436260696949634,42,0.0609313646449456,WLS,15,0.002495103947995965
5,UPFC_tse,5-15,-2.128072307945577,42,-2.153802308666399,WLS,15,0.025730000720821877
0,x_tcsc,1-14,-0.10956209421740526,43,-0.10959305204605325,WLS,15,3.095782864799557e-05
1,B_svc,2,0.17820922841800782,43,0.1782051506477067,WLS,15,4.077770301119665e-06
2,UPFC_Vsh,5-15,1.1114033640833005,43,1.1079753959808807,WLS,15,0.003427968102419854
3,UPFC_tsh,5-15,-0.23341723022473887,43,-0.23357131560074731,WLS,15,0.00015408537600844485
4,UPFC_Vse,5-15,0.058725200858700685,43,0.0609313646449456,WLS,15,0.0022061637862449135
5,UPFC_tse,5-15,-2.121995682095654,43,-2.153802308666399,WLS,15,0.03180662657074507
0,x_tcsc,1-14,-0.10957553703460435,44,-0.10959305204605325,WLS,15,1.7515011448906992e-05
1,B_svc,2,0.1784301206039558,44,0.1782051506477067,WLS,15,0.0002249699562490992
2,UPFC_Vsh,5-15,1.1114965150163334,44,1.1079753959808807,WLS,15,0.0035211190354527133
3,UPFC_tsh,5-15,-0.23340991073766437,44,-0.23357131560074731,WLS,15,0.00016140486308294233
4,UPFC_Vse,5-15,0.05917691413629231,44,0.0609313646449456,WLS,15,0.0017544505086532908
5,UPFC_tse,5-15,-2.117272003769529,44,-2.153802308666399,WLS,15,0.036530304896869925
0,x_tcsc,1-14,-0.10956777874172934,45,-0.10959305204605325,WLS,15,2.52733043239195e-05
1,B_svc,2,0.17836753055452442,45,0.1782051506477067,WLS,15,0.0001623799068177223
2,UPFC_Vsh,5-15,1.1113290508948337,45,1.1079753959808807,WLS,15,0.003353654913953008
3,UPFC_tsh,5-15,-0.23343486991232984,45,-0.23357131560074731,WLS,15,0.00013644568841747473
4,UPFC_Vse,5-15,0.05862824048936849,45,0.0609313646449456,WLS,15,0.0023031241555771104
5,UPFC_tse,5-15,-2.1205770231693712,45,-2.153802308666399,WLS,15,0.033225285497027635
0,x_tcsc,1-14,-0.10958177761126742,46,-0.10959305204605325,WLS,15,1.1274434785837895e-05
1,B_svc,2,0.17864624896847275,46,0.1782051506477067,WLS,15,0.0004410983207660535
2,UPFC_Vsh,5-15,1.1112792698420304,46,1.1079753959808807,WLS,15,0.00330387386114972
3,UPFC_tsh,5-15,-0.23340109795129307,46,-0.23357131560074731,WLS,15,0.00017021764945424067
4,UPFC_Vse,5-15,0.058214035151121724,46,0.0609313646449456,WLS,15,0.002717329493823875
5,UPFC_tse,5-15,-2.1222127948633465,46,-2.153802308666399,WLS,15,0.031589513803052416
0,x_tcsc,1-14,-0.1095597615406334,47,-0.10959305204605325,WLS,15,3.3290505419850125e-05
1,B_svc,2,0.17824701342941712,47,0.1782051506477067,WLS,15,4.186278171042224e-05
2,UPFC_Vsh,5-15,1.1115577346399599,47,1.1079753959808807,WLS,15,0.0035823386590791984
3,UPFC_tsh,5-15,-0.23339667017510254,47,-0.23357131560074731,WLS,15,0.00017464542564477048
4,UPFC_Vse,5-15,0.05892238856578561,47,0.0609313646449456,WLS,15,0.0020089760791599867
5,UPFC_tse,5-15,-2.124166293314228,47,-2.153802308666399,WLS,15,0.029636015352171086
0,x_tcsc,1-14,-0.10957534406066931,48,-0.10959305204605325,WLS,15,1.77079853839468e-05
1,B_svc,2,0.1787667979703993,48,0.1782051506477067,WLS,15,0.0005616473226925933
2,UPFC_Vsh,5-15,1.11137341955668,48,1.1079753959808807,WLS,15,0.003398023575799325
3,UPFC_tsh,5-15,-0.2334638113372948,48,-0.23357131560074731,WLS,15,0.00010750426345251807
4,UPFC_Vse,5-15,0.058638636116388976,48,0.0609313646449456,WLS,15,0.002292728528556623
5,UPFC_tse,5-15,-2.123894586459036,48,-2.153802308666399,WLS,15,0.02990772220736293
0,x_tcsc,1-14,-0.10956537582134919,49,-0.10959305204605325,WLS,15,2.7676224704065167e-05
1,B_svc,2,0.1782757345565589,49,0.1782051506477067,WLS,15,7.05839088522009e-05
2,UPFC_Vsh,5-15,1.1117748123416564,49,1.1079753959808807,WLS,15,0.0037994163607757425
3,UPFC_tsh,5-15,-0.23339802637181453,49,-0.23357131560074731,WLS,15,0.00017328922893278254
4,UPFC_Vse,5-15,0.058375669097139773,49,0.0609313646449456,WLS,15,0.002555695547805825
5,UPFC_tse,5-15,-2.1228349933069843,49,-2.153802308666399,WLS,15,0.03096731535941455
0,x_tcsc,1-14,-0.10956623160059753,50,-0.10959305204605325,WLS,15,2.6820445455724706e-05
1,B_svc,2,0.17816262643574834,50,0.1782051506477067,WLS,15,4.252421195835576e-05
2,UPFC_Vsh,5-15,1.1115134318091064,50,1.1079753959808807,WLS,15,0.0035380358282257607
3,UPFC_tsh,5-15,-0.23344234022756186,50,-0.23357131560074731,WLS,15,0.00012897537318545815
4,UPFC_Vse,5-15,0.058495613396851845,50,0.0609313646449456,WLS,15,0.0024357512480937538
5,UPFC_tse,5-15,-2.1232080966773443,50,-2.153802308666399,WLS,15,0.030594211989054543
0,x_tcsc,1-14,-0.10956240943210574,51,-0.10959305204605325,WLS,15,3.064261394751522e-05
1,B_svc,2,0.1787775525869876,51,0.1782051506477067,WLS,15,0.0005724019392809032
2,UPFC_Vsh,5-15,1.1113769941637837,51,1.1079753959808807,WLS,15,0.0034015981829029762
3,UPFC_tsh,5-15,-0.23339620295053895,51,-0.23357131560074731,WLS,15,0.00017511265020836442
4,UPFC_Vse,5-15,0.058736045843968306,51,0.0609313646449456,WLS,15,0.002195318800977293
5,UPFC_tse,5-15,-2.123028344520201,51,-2.153802308666399,WLS,15,0.03077396414619793
0,x_tcsc,1-14,-0.10956119696342381,52,-0.10959305204605325,WLS,15,3.1855082629442255e-05
1,B_svc,2,0.17859675978892933,52,0.1782051506477067,WLS,15,0.0003916091412226319
2,UPFC_Vsh,5-15,1.1112311395477865,52,1.1079753959808807,WLS,15,0.0032557435669058332
3,UPFC_tsh,5-15,-0.23350895755293755,52,-0.23357131560074731,WLS,15,6.23580478097685e-05
4,UPFC_Vse,5-15,0.05851060062603165,52,0.0609313646449456,WLS,15,0.0024207640189139457
5,UPFC_tse,5-15,-2.1222398434665326,52,-2.153802308666399,WLS,15,0.031562465199866274
0,x_tcsc,1-14,-0.1095597425687452,53,-0.10959305204605325,WLS,15,3.330947730804945e-05
1,B_svc,2,0.17815228337676048,53,0.1782051506477067,WLS,15,5.28672709462219e-05
2,UPFC_Vsh,5-15,1.111044189486564,53,1.1079753959808807,WLS,15,0.0030687935056832316
3,UPFC_tsh,5-15,-0.23347335382166748,53,-0.23357131560074731,WLS,15,9.796177907983594e-05
4,UPFC_Vse,5-15,0.05838008657214806,53,0.0609313646449456,WLS,15,0.002551278072797536
5,UPFC_tse,5-15,-2.125667395007268,53,-2.153802308666399,WLS,15,0.028134913659130678
0,x_tcsc,1-14,-0.10955377532816694,54,-0.10959305204605325,WLS,15,3.927671788631071e-05
1,B_svc,2,0.17894087813436166,54,0.1782051506477067,WLS,15,0.0007357274866549579
2,UPFC_Vsh,5-15,1.1115998436253554,54,1.1079753959808807,WLS,15,0.003624447644474671
3,UPFC_tsh,5-15,-0.2334919915061649,54,-0.23357131560074731,WLS,15,7.932409458241696e-05
4,UPFC_Vse,5-15,0.058399727527146846,54,0.0609313646449456,WLS,15,0.002531637117798753
5,UPFC_tse,5-15,-2.1241914097672443,54,-2.153802308666399,WLS,15,0.02961089889915458
0,x_tcsc,1-14,-0.10955014756135661,55,-0.10959305204605325,WLS,15,4.290448469664032e-05
1,B_svc,2,0.17832441339483834,55,0.1782051506477067,WLS,15,0.0001192627471316432
2,UPFC_Vsh,5-15,1.1118556746151798,55,1.1079753959808807,WLS,15,0.0038802786342990725
3,UPFC_tsh,5-15,-0.23340895750780938,55,-0.23357131560074731,WLS,15,0.00016235809293793646
4,UPFC_Vse,5-15,0.05880402811216827,55,0.0609313646449456,WLS,15,0.0021273365327773297
5,UPFC_tse,5-15,-2.121407831807222,55,-2.153802308666399,WLS,15,0.03239447685917707
0,x_tcsc,1-14,-0.10955996536587903,56,-0.10959305204605325,WLS,15,3.3086680174224115e-05
1,B_svc,2,0.17866347731055524,56,0.1782051506477067,WLS,15,0.00045832666284853496
2,UPFC_Vsh,5-15,1.1115331511307982,56,1.1079753959808807,WLS,15,0.0035577551499175186
3,UPFC_tsh,5-15,-0.23337635290477274,56,-0.23357131560074731,WLS,15,0.0001949626959745765
4,UPFC_Vse,5-15,0.058422063430213785,56,0.0609313646449456,WLS,15,0.002509301214731814
5,UPFC_tse,5-15,-2.120659060694765,56,-2.153802308666399,WLS,15,0.033143247971633816
0,x_tcsc,1-14,-0.10955601219452284,57,-0.10959305204605325,WLS,15,3.703985153041822e-05
1,B_svc,2,0.17816761104443762,57,0.1782051506477067,WLS,15,3.753960326907668e-05
2,UPFC_Vsh,5-15,1.111412904364242,57,1.1079753959808807,WLS,15,0.0034375083833613207
3,UPFC_tsh,5-15,-0.23350561303169848,57,-0.23357131560074731,WLS,15,6.570256904883665e-05
4,UPFC_Vse,5-15,0.05889629093249316,57,0.0609313646449456,WLS,15,0.0020350737124524357
5,UPFC_tse,5-15,-2.121769273896521,57,-2.153802308666399,WLS,15,0.032033034769877844
0,x_tcsc,1-14,-0.1095602940613497,58,-0.10959305204605325,WLS,15,3.275798470354918e-05
1,B_svc,2,0.17819400013427944,58,0.1782051506477067,WLS,15,1.1150513427260478e-05
2,UPFC_Vsh,5-15,1.1118929117945235,58,1.1079753959808807,WLS,15,0.003917515813642858
3,UPFC_tsh,5-15,-0.23336219883587075,58,-0.23357131560074731,WLS,15,0.00020911676487656017
4,UPFC_Vse,5-15,0.05815120872368438,58,0.0609313646449456,WLS,15,0.0027801559212612195
5,UPFC_tse,5-15,-2.1240552897176097,58,-2.153802308666399,WLS,15,0.029747018948789172
0,x_tcsc,1-14,-0.10957077215658598,59,-0.10959305204605325,WLS,15,2.2279889467277658e-05
1,B_svc,2,0.17832381335707942,59,0.1782051506477067,WLS,15,0.00011866270937271883
2,UPFC_Vsh,5-15,1.1114906475387885,59,1.1079753959808807,WLS,15,0.0035152515579077726
3,UPFC_tsh,5-15,-0.23339879233336383,59,-0.23357131560074731,WLS,15,0.00017252326738348422
4,UPFC_Vse,5-15,0.05879244191290175,59,0.0609313646449456,WLS,15,0.0021389227320438506
5,UPFC_tse,5-15,-2.120063116987075,59,-2.153802308666399,WLS,15,0.03373919167932371
0,x_tcsc,1-14,-0.10955908919669802,60,-0.10959305204605325,WLS,15,3.396284935523741e-05
1,B_svc,2,0.17846808982295373,60,0.1782051506477067,WLS,15,0.0002629391752470289
2,UPFC_Vsh,5-15,1.1118810575322708,60,1.1079753959808807,WLS,15,0.0039056615513901605
3,UPFC_tsh,5-15,-0.23336308983626186,60,-0.23357131560074731,WLS,15,0.0002082257644854535
4,UPFC_Vse,5-15,0.058790524256767014,60,0.0609313646449456,WLS,15,0.0021408403881785845
5,UPFC_tse,5-15,-2.120540295259436,60,-2.153802308666399,WLS,15,0.033262013406962776
0,x_tcsc,1-14,-0.10956413424228746,61,-0.10959305204605325,WLS,15,2.8917803765793337e-05
1,B_svc,2,0.1779643691932448,61,0.1782051506477067,WLS,15,0.00024078145446190802
2,UPFC_Vsh,5-15,1.1116252984628543,61,1.1079753959808807,WLS,15,0.0036499024819736103
3,UPFC_tsh,5-15,-0.23343284712451437,61,-0.23357131560074731,WLS,15,0.00013846847623294467
4,UPFC_Vse,5-15,0.058838146751858784,61,0.0609313646449456,WLS,15,0.0020932178930868142
5,UPFC_tse,5-15,-2.123945786108312,61,-2.153802308666399,WLS,15,0.029856522558086684
0,x_tcsc,1-14,-0.10956947528281008,62,-0.10959305204605325,WLS,15,2.357676324317437e-05
1,B_svc,2,0.1785444371032191,62,0.1782051506477067,WLS,15,0.0003392864555123998
2,UPFC_Vsh,5-15,1.111438103522708,62,1.1079753959808807,WLS,15,0.0034627075418274256
3,UPFC_tsh,5-15,-0.2334393358551402,62,-0.23357131560074731,WLS,15,0.00013197974560710812
4,UPFC_Vse,5-15,0.05885400214659358,62,0.0609313646449456,WLS,15,0.0020773624983520186
5,UPFC_tse,5-15,-2.1240313995104,62,-2.153802308666399,WLS,15,0.029770909155999004
0,x_tcsc,1-14,-0.1095666050633746,63,-0.10959305204605325,WLS,15,2.644698267866008e-05
1,B_svc,2,0.17846579844662416,63,0.1782051506477067,WLS,15,0.0002606477989174627
2,UPFC_Vsh,5-15,1.111575832342863,63,1.1079753959808807,WLS,15,0.003600436361982373
3,UPFC_tsh,5-15,-0.23343991288653562,63,-0.23357131560074731,WLS,15,0.00013140271421169247
4,UPFC_Vse,5-15,0.0586079867083664,63,0.0609313646449456,WLS,15,0.0023233779365791976
5,UPFC_tse,5-15,-2.124289249283866,63,-2.153802308666399,WLS,15,0.02951305938253279
0,x_tcsc,1-14,-0.1095610166997518,64,-0.10959305204605325,WLS,15,3.203534630145943e-05
1,B_svc,2,0.17851460866083205,64,0.1782051506477067,WLS,15,0.0003094580131253466
2,UPFC_Vsh,5-15,1.1117095217006894,64,1.1079753959808807,WLS,15,0.0037341257198086897
3,UPFC_tsh,5-15,-0.2334098099300737,64,-0.23357131560074731,WLS,15,0.00016150567067360622
4,UPFC_Vse,5-15,0.058898183989432064,64,0.0609313646449456,WLS,15,0.002033180655513535
5,UPFC_tse,5-15,-2.1264588627577434,64,-2.153802308666399,WLS,15,0.02734344590865545
0,x_tcsc,1-14,-0.1095674957052681,65,-0.10959305204605325,WLS,15,2.5556340785160003e-05
1,B_svc,2,0.17817500715916576,65,0.1782051506477067,WLS,15,3.0143488540940178e-05
2,UPFC_Vsh,5-15,1.1114607753685695,65,1.1079753959808807,WLS,15,0.0034853793876887806
3,UPFC_tsh,5-15,-0.2333540788367703,65,-0.23357131560074731,WLS,15,0.0002172367639770023
4,UPFC_Vse,5-15,0.058600845593584305,65,0.0609313646449456,WLS,15,0.0023305190513612933
5,UPFC_tse,5-15,-2.121045320871407,65,-2.153802308666399,WLS,15,0.03275698779499203
0,x_tcsc,1-14,-0.10957409257134204,66,-0.10959305204605325,WLS,15,1.895947471121373e-05
1,B_svc,2,0.17850323846621755,66,0.1782051506477067,WLS,15,0.00029808781851084487
2,UPFC_Vsh,5-15,1.11154790350447,66,1.1079753959808807,WLS,15,0.0035725075235892856
3,UPFC_tsh,5-15,-0.23337606970982247,66,-0.23357131560074731,WLS,15,0.00019524589092484446
4,UPFC_Vse,5-15,0.05888096819946094,66,0.0609313646449456,WLS,15,0.002050396445484659
5,UPFC_tse,5-15,-2.122081468433268,66,-2.153802308666399,WLS,15,0.03172084023313104
0,x_tcsc,1-14,-0.10957992934771928,67,-0.10959305204605325,WLS,15,1.3122698333978278e-05
1,B_svc,2,0.17801468496759165,67,0.1782051506477067,WLS,15,0.00019046568011504839
2,UPFC_Vsh,5-15,1.111566288159462,67,1.1079753959808807,WLS,15,0.0035908921785812176
3,UPFC_tsh,5-15,-0.23344020662090792,67,-0.23357131560074731,WLS,15,0.00013110897983939496
4,UPFC_Vse,5-15,0.058414641041346624,67,0.0609313646449456,WLS,15,0.002516723603598975
5,UPFC_tse,5-15,-2.1251277907470865,67,-2.153802308666399,WLS,15,0.028674517919312414
0,x_tcsc,1-14,-0.10956072046274593,68,-0.10959305204605325,WLS,15,3.233158330732955e-05
1,B_svc,2,0.17860794047583223,68,0.1782051506477067,WLS,15,0.0004027898281255271
2,UPFC_Vsh,5-15,1.1115531722907916,68,1.1079753959808807,WLS,15,0.0035777763099109627
3,UPFC_tsh,5-15,-0.23344748340536162,68,-0.23357131560074731,WLS,15,0.000123832195385698
4,UPFC_Vse,5-15,0.05883888652955099,68,0.0609313646449456,WLS,15,0.0020924781153946054
5,UPFC_tse,5-15,-2.122315313510835,68,-2.153802308666399,WLS,15,0.03148699515556386
0,x_tcsc,1-14,-0.10955576958778199,69,-0.10959305204605325,WLS,15,3.728245827126775e-05
1,B_svc,2,0.17872710117958468,69,0.1782051506477067,WLS,15,0.0005219505318779794
2,UPFC_Vsh,5-15,1.1114873854420741,69,1.1079753959808807,WLS,15,0.0035119894611934654
3,UPFC_tsh,5-15,-0.2333931079870924,69,-0.23357131560074731,WLS,15,0.00017820761365491822
4,UPFC_Vse,5-15,0.058431371403349405,69,0.0609313646449456,WLS,15,0.0024999932415961934
5,UPFC_tse,5-15,-2.122389709228325,69,-2.153802308666399,WLS,15,0.03141259943807384
0,x_tcsc,1-14,-0.1095590244052217,70,-0.10959305204605325,WLS,15,3.40276408315604e-05
1,B_svc,2,0.1779440815327834,70,0.1782051506477067,WLS,15,0.00026106911492329576
2,UPFC_Vsh,5-15,1.1113403414021017,70,1.1079753959808807,WLS,15,0.0033649454212210106
3,UPFC_tsh,5-15,-0.23339297598619554,70,-0.23357131560074731,WLS,15,0.00017833961455177016
4,UPFC_Vse,5-15,0.05870525299951896,70,0.0609313646449456,WLS,15,0.0022261116454266386
5,UPFC_tse,5-15,-2.122125305370819,70,-2.153802308666399,WLS,15,0.031677003295579986
0,x_tcsc,1-14,-0.1095632528690746,71,-0.10959305204605325,WLS,15,2.9799176978650976e-05
1,B_svc,2,0.17820874049107846,71,0.1782051506477067,WLS,15,3.5898433717596046e-06
2,UPFC_Vsh,5-15,1.1114121838413857,71,1.1079753959808807,WLS,15,0.003436787860505053
3,UPFC_tsh,5-15,-0.2334030137265521,71,-0.23357131560074731,WLS,15,0.0001683018741952258
4,UPFC_Vse,5-15,0.05878117326683957,71,0.0609313646449456,WLS,15,0.0021501913781060283
5,UPFC_tse,5-15,-2.123207007679613,71,-2.153802308666399,WLS,15,0.03059530098678609
0,x_tcsc,1-14,-0.1095726751933635,72,-0.10959305204605325,WLS,15,2.0376852689754643e-05
1,B_svc,2,0.1787946115630744,72,0.1782051506477067,WLS,15,0.0005894609153677122
2,UPFC_Vsh,5-15,1.1112818459231355,72,1.1079753959808807,WLS,15,0.003306449942254819
3,UPFC_tsh,5-15,-0.2335319960047503,72,-0.23357131560074731,WLS,15,3.9319595997011625e-05
4,UPFC_Vse,5-15,0.05852610463316898,72,0.0609313646449456,WLS,15,0.0024052600117766207
5,UPFC_tse,5-15,-2.1229200371525616,72,-2.153802308666399,WLS,15,0.030882271513837267
0,x_tcsc,1-14,-0.10955511587135201,73,-0.10959305204605325,WLS,15,3.793617470124189e-05
1,B_svc,2,0.17835136750963237,73,0.1782051506477067,WLS,15,0.0001462168619256743
2,UPFC_Vsh,5-15,1.1118696504156105,73,1.1079753959808807,WLS,15,0.0038942544347297936
3,UPFC_tsh,5-15,-0.2333890196126582,73,-0.23357131560074731,WLS,15,0.00018229598808910952
4,UPFC_Vse,5-15,0.05840395752875686,73,0.0609313646449456,WLS,15,0.0025274071161887415
5,UPFC_tse,5-15,-2.125129482837914,73,-2.153802308666399,WLS,15,0.02867282582848496
0,x_tcsc,1-14,-0.10955404677864347,74,-0.10959305204605325,WLS,15,3.9005267409783495e-05
1,B_svc,2,0.17843890456187708,74,0.1782051506477067,WLS,15,0.0002337539141703815
2,UPFC_Vsh,5-15,1.1118090030722418,74,1.1079753959808807,WLS,15,0.0038336070913611575
3,UPFC_tsh,5-15,-0.2334041566133154,74,-0.23357131560074731,WLS,15,0.0001671589874319146
4,UPFC_Vse,5-15,0.05842849384051846,74,0.0609313646449456,WLS,15,0.0025028708044271403
5,UPFC_tse,5-15,-2.1225219247929306,74,-2.153802308666399,WLS,15,0.03128038387346832
0,x_tcsc,1-14,-0.1095583166290927,75,-0.10959305204605325,WLS,15,3.4735416960557375e-05
1,B_svc,2,0.17816716398414603,75,0.1782051506477067,WLS,15,3.798666356066849e-05
2,UPFC_Vsh,5-15,1.1116320794512464,75,1.1079753959808807,WLS,15,0.0036566834703657403
3,UPFC_tsh,5-15,-0.2333947732066122,75,-0.23357131560074731,WLS,15,0.0001765423941351152
4,UPFC_Vse,5-15,0.05848764756348774,75,0.0609313646449456,WLS,15,0.0024437170814578593
5,UPFC_tse,5-15,-2.1215837291151907,75,-2.153802308666399,WLS,15,0.032218579551208215
0,x_tcsc,1-14,-0.1095745680530323,76,-0.10959305204605325,WLS,15,1.8483993020956824e-05
1,B_svc,2,0.1787564462191371,76,0.1782051506477067,WLS,15,0.0005512955714304102
2,UPFC_Vsh,5-15,1.1118403621758193,76,1.1079753959808807,WLS,15,0.0038649661949385905
3,UPFC_tsh,5-15,-0.2333957955154408,76,-0.23357131560074731,WLS,15,0.0001755200853065242
4,UPFC_Vse,5-15,0.05877843980349005,76,0.0609313646449456,WLS,15,0.0021529248414555516
5,UPFC_tse,5-15,-2.1227581758021183,76,-2.153802308666399,WLS,15,0.031044132864280538
0,x_tcsc,1-14,-0.10955535685807104,77,-0.10959305204605325,WLS,15,3.769518798221738e-05
1,B_svc,2,0.17855012991286712,77,0.1782051506477067,WLS,15,0.00034497926516041666
2,UPFC_Vsh,5-15,1.1111548641069602,77,1.1079753959808807,WLS,15,0.003179468126079499
3,UPFC_tsh,5-15,-0.23353376604065004,77,-0.23357131560074731,WLS,15,3.754956009727195e-05
4,UPFC_Vse,5-15,0.05897415313025285,77,0.0609313646449456,WLS,15,0.001957211514692747
5,UPFC_tse,5-15,-2.1197861290171014,77,-2.153802308666399,WLS,15,0.034016179649297484
0,x_tcsc,1-14,-0.10956647989464634,78,-0.10959305204605325,WLS,15,2.6572151406917266e-05
1,B_svc,2,0.17801853954755886,78,0.1782051506477067,WLS,15,0.00018661110014783766
2,UPFC_Vsh,5-15,1.1117030558933767,78,1.1079753959808807,WLS,15,0.0037276599124960175
3,UPFC_tsh,5-15,-0.23337927068996214,78,-0.23357131560074731,WLS,15,0.00019204491078517183
4,UPFC_Vse,5-15,0.05862509894017701,78,0.0609313646449456,WLS,15,0.0023062657047685856
5,UPFC_tse,5-15,-2.1240976785668892,78,-2.153802308666399,WLS,15,0.029704630099509632
0,x_tcsc,1-14,-0.10957527622080619,79,-0.10959305204605325,WLS,15,1.7775825247062782e-05
1,B_svc,2,0.1785058196296202,79,0.1782051506477067,WLS,15,0.0003006689819134989
2,UPFC_Vsh,5-15,1.1114456413620042,79,1.1079753959808807,WLS,15,0.0034702453811235046
3,UPFC_tsh,5-15,-0.23342803670726525,79,-0.23357131560074731,WLS,15,0.0001432788934820628
4,UPFC_Vse,5-15,0.058407154915016045,79,0.0609313646449456,WLS,15,0.0025242097299295538
5,UPFC_tse,5-15,-2.122717216002227,79,-2.153802308666399,WLS,15,0.03108509266417192
0,x_tcsc,1-14,-0.10957509417578055,80,-0.10959305204605325,WLS,15,1.7957870272700127e-05
1,B_svc,2,0.1783811095719784,80,0.1782051506477067,WLS,15,0.0001759589242716908
2,UPFC_Vsh,5-15,1.11164826441001,80,1.1079753959808807,WLS,15,0.0036728684291293945
3,UPFC_tsh,5-15,-0.2334244047853049,80,-0.23357131560074731,WLS,15,0.00014691081544240814
4,UPFC_Vse,5-15,0.05889756690928864,80,0.0609313646449456,WLS,15,0.002033797735656956
5,UPFC_tse,5-15,-2.12332081585191,80,-2.153802308666399,WLS,15,0.030481492814488753
0,x_tcsc,1-14,-0.10957438203890331,81,-0.10959305204605325,WLS,15,1.867000714994571e-05
1,B_svc,2,0.17832724259637597,81,0.1782051506477067,WLS,15,0.00012209194866927287
2,UPFC_Vsh,5-15,1.111381806914958,81,1.1079753959808807,WLS,15,0.003406410934077231
3,UPFC_tsh,5-15,-0.23339792170396403,81,-0.23357131560074731,WLS,15,0.00017339389678328043
4,UPFC_Vse,5-15,0.05828582809697723,81,0.0609313646449456,WLS,15,0.002645536547968369
5,UPFC_tse,5-15,-2.12422554176621,81,-2.153802308666399,WLS,15,0.029576766900188733
0,x_tcsc,1-14,-0.10957072437370025,82,-0.10959305204605325,WLS,15,2.2327672353009143e-05
1,B_svc,2,0.1783592676578782,82,0.1782051506477067,WLS,15,0.0001541170101715117
2,UPFC_Vsh,5-15,1.1113957133358114,82,1.1079753959808807,WLS,15,0.0034203173549307575
3,UPFC_tsh,5-15,-0.23335595808589882,82,-0.23357131560074731,WLS,15,0.00021535751484849652
4,UPFC_Vse,5-15,0.05862186450169417,82,0.0609313646449456,WLS,15,0.0023095001432514306
5,UPFC_tse,5-15,-2.119139081586114,82,-2.153802308666399,WLS,15,0.03466322708028491
0,x_tcsc,1-14,-0.10956144618527307,83,-0.10959305204605325,WLS,15,3.1605860780187234e-05
1,B_svc,2,0.1787107955247733,83,0.1782051506477067,WLS,15,0.0005056448770666133
2,UPFC_Vsh,5-15,1.1117239475464615,83,1.1079753959808807,WLS,15,0.003748551565580849
3,UPFC_tsh,5-15,-0.23336519511291057,83,-0.23357131560074731,WLS,15,0.0002061204878367473
4,UPFC_Vse,5-15,0.058650262694197146,83,0.0609313646449456,WLS,15,0.002281101950748453
5,UPFC_tse,5-15,-2.1223911356312524,83,-2.153802308666399,WLS,15,0.03141117303514651
0,x_tcsc,1-14,-0.10955644514055411,84,-0.10959305204605325,WLS,15,3.660690549914247e-05
1,B_svc,2,0.17857043699729372,84,0.1782051506477067,WLS,15,0.00036528634958701844
2,UPFC_Vsh,5-15,1.1117655502099142,84,1.1079753959808807,WLS,15,0.0037901542290335044
3,UPFC_tsh,5-15,-0.23342683655432978,84,-0.23357131560074731,WLS,15,0.0001444790464175394
4,UPFC_Vse,5-15,0.058996376312830695,84,0.0609313646449456,WLS,15,0.0019349883321149036
5,UPFC_tse,5-15,-2.1236111764041214,84,-2.153802308666399,WLS,15,0.03019113226227743
0,x_tcsc,1-14,-0.10955803267454359,85,-0.10959305204605325,WLS,15,3.5019371509667496e-05
1,B_svc,2,0.17835679516796837,85,0.1782051506477067,WLS,15,0.0001516445202616734
2,UPFC_Vsh,5-15,1.1117458273416005,85,1.1079753959808807,WLS,15,0.0037704313607198614
3,UPFC_tsh,5-15,-0.23343693382512365,85,-0.23357131560074731,WLS,15,0.00013438177562366538
4,UPFC_Vse,5-15,0.05858286872074431,85,0.0609313646449456,WLS,15,0.002348495924201291
5,UPFC_tse,5-15,-2.1233332540695358,85,-2.153802308666399,WLS,15,0.03046905459686311
0,x_tcsc,1-14,-0.10955997869829659,86,-0.10959305204605325,WLS,15,3.307334775666526e-05
1,B_svc,2,0.17830776264296297,86,0.1782051506477067,WLS,15,0.00010261199525626874
2,UPFC_Vsh,5-15,1.1116708017466612,86,1.1079753959808807,WLS,15,0.003695405765780535
3,UPFC_tsh,5-15,-0.23345070981997104,86,-0.23357131560074731,WLS,15,0.00012060578077627282
4,UPFC_Vse,5-15,0.05886447221066644,86,0.0609313646449456,WLS,15,0.002066892434279162
5,UPFC_tse,5-15,-2.122885805073416,86,-2.153802308666399,WLS,15,0.030916503592982814
0,x_tcsc,1-14,-0.10955929626588536,87,-0.10959305204605325,WLS,15,3.375578016789893e-05
1,B_svc,2,0.17854977846133635,87,0.1782051506477067,WLS,15,0.0003446278136296499
2,UPFC_Vsh,5-15,1.1113628698386657,87,1.1079753959808807,WLS,15,0.0033874738577850394
3,UPFC_tsh,5-15,-0.23344742374439068,87,-0.23357131560074731,WLS,15,0.00012389185635663935
4,UPFC_Vse,5-15,0.05824078814728822,87,0.0609313646449456,WLS,15,0.0026905764976573807
5,UPFC_tse,5-15,-2.122552797591684,87,-2.153802308666399,WLS,15,0.031249511074714853
0,x_tcsc,1-14,-0.10956451359108217,88,-0.10959305204605325,WLS,15,2.8538454971083205e-05
1,B_svc,2,0.17907355203643163,88,0.1782051506477067,WLS,15,0.000868401388724932
2,UPFC_Vsh,5-15,1.1113997362027939,88,1.1079753959808807,WLS,15,0.00342434022191318
3,UPFC_tsh,5-15,-0.23337737763867866,88,-0.23357131560074731,WLS,15,0.0001939379620686521
4,UPFC_Vse,5-15,0.058357780742759484,88,0.0609313646449456,WLS,15,0.002573583902186115
5,UPFC_tse,5-15,-2.121422346134182,88,-2.153802308666399,WLS,15,0.032379962532216755
0,x_tcsc,1-14,-0.10956986738238043,89,-0.10959305204605325,WLS,15,2.318466367282057e-05
1,B_svc,2,0.17822528119799502,89,0.1782051506477067,WLS,15,2.0130550288322002e-05
2,UPFC_Vsh,5-15,1.111418083608671,89,1.1079753959808807,WLS,15,0.0034426876277902085
3,UPFC_tsh,5-15,-0.23335616698680883,89,-0.23357131560074731,WLS,15,0.00021514861393848173
4,UPFC_Vse,5-15,0.05830077047517839,89,0.0609313646449456,WLS,15,0.0026305941697672072
5,UPFC_tse,5-15,-2.123529125276254,89,-2.153802308666399,WLS,15,0.030273183390145064
0,x_tcsc,1-14,-0.10956881283420343,90,-0.10959305204605325,WLS,15,2.4239211849824693e-05
1,B_svc,2,0.17801217761711524,90,0.1782051506477067,WLS,15,0.00019297303059145898
2,UPFC_Vsh,5-15,1.1113030515448317,90,1.1079753959808807,WLS,15,0.003327655563950982
3,UPFC_tsh,5-15,-0.23337634780759,90,-0.23357131560074731,WLS,15,0.00019496779315730794
4,UPFC_Vse,5-15,0.05878387735147346,90,0.0609313646449456,WLS,15,0.002147487293472139
5,UPFC_tse,5-15,-2.11978889149021,90,-2.153802308666399,WLS,15,0.034013417176189
0,x_tcsc,1-14,-0.10957000271296298,91,-0.10959305204605325,WLS,15,2.3049333090274793e-05
1,B_svc,2,0.17829264760232688,91,0.1782051506477067,WLS,15,8.749695462018092e-05
2,UPFC_Vsh,5-15,1.1115367897072694,91,1.1079753959808807,WLS,15,0.0035613937263887507
3,UPFC_tsh,5-15,-0.2333642317463647,91,-0.23357131560074731,WLS,15,0.000207083854382617
4,UPFC_Vse,5-15,0.05842432418093533,91,0.0609313646449456,WLS,15,0.0025070404640102698
5,UPFC_tse,5-15,-2.1263321724346698,91,-2.153802308666399,WLS,15,0.027470136231729114
0,x_tcsc,1-14,-0.10956328605236818,92,-0.10959305204605325,WLS,15,2.9765993685079706e-05
1,B_svc,2,0.17848830509315836,92,0.1782051506477067,WLS,15,0.00028315444545165547
2,UPFC_Vsh,5-15,1.1111717778831742,92,1.1079753959808807,WLS,15,0.0031963819022935436
3,UPFC_tsh,5-15,-0.23344756204037487,92,-0.23357131560074731,WLS,15,0.0001237535603724471
4,UPFC_Vse,5-15,0.05918223666723399,92,0.0609313646449456,WLS,15,0.0017491279777116092
5,UPFC_tse,5-15,-2.1229514999327432,92,-2.153802308666399,WLS,15,0.030850808733655644
0,x_tcsc,1-14,-0.10956505595007658,93,-0.10959305204605325,WLS,15,2.7996095976673407e-05
1,B_svc,2,0.17806589723127292,93,0.1782051506477067,WLS,15,0.0001392534164337822
2,UPFC_Vsh,5-15,1.111404469097934,93,1.1079753959808807,WLS,15,0.003429073117053205
3,UPFC_tsh,5-15,-0.23341606312407653,93,-0.23357131560074731,WLS,15,0.0001552524766707808
4,UPFC_Vse,5-15,0.05929943273873348,93,0.0609313646449456,WLS,15,0.0016319319062121154
5,UPFC_tse,5-15,-2.1212224994196816,93,-2.153802308666399,WLS,15,0.03257980924671733
0,x_tcsc,1-14,-0.10956974455636637,94,-0.10959305204605325,WLS,15,2.330748968688845e-05
1,B_svc,2,0.17802215963532383,94,0.1782051506477067,WLS,15,0.00018299101238286597
2,UPFC_Vsh,5-15,1.111383353209264,94,1.1079753959808807,WLS,15,0.0034079572283833848
3,UPFC_tsh,5-15,-0.23338795198710802,94,-0.23357131560074731,WLS,15,0.00018336361363929798
4,UPFC_Vse,5-15,0.05811953477890888,94,0.0609313646449456,WLS,15,0.0028118298660367164
5,UPFC_tse,5-15,-2.1234479803243995,94,-2.153802308666399,WLS,15,0.03035432834199936
0,x_tcsc,1-14,-0.10955396269425795,95,-0.10959305204605325,WLS,15,3.908935179530726e-05
1,B_svc,2,0.1783748352031403,95,0.1782051506477067,WLS,15,0.0001696845554335913
2,UPFC_Vsh,5-15,1.1115385431893194,95,1.1079753959808807,WLS,15,0.003563147208438755
3,UPFC_tsh,5-15,-0.23340653586440885,95,-0.23357131560074731,WLS,15,0.0001647797363384662
4,UPFC_Vse,5-15,0.05906425675893971,95,0.0609313646449456,WLS,15,0.0018671078860058865
5,UPFC_tse,5-15,-2.1229670859966325,95,-2.153802308666399,WLS,15,0.03083522266976635
0,x_tcsc,1-14,-0.10957994646547914,96,-0.10959305204605325,WLS,15,1.3105580574115927e-05
1,B_svc,2,0.17791561234831504,96,0.1782051506477067,WLS,15,0.0002895382993916562
2,UPFC_Vsh,5-15,1.1112802656924692,96,1.1079753959808807,WLS,15,0.0033048697115884984
3,UPFC_tsh,5-15,-0.23339800059827415,96,-0.23357131560074731,WLS,15,0.00017331500247316778
4,UPFC_Vse,5-15,0.058152074499771604,96,0.0609313646449456,WLS,15,0.0027792901451739946
5,UPFC_tse,5-15,-2.1239652987368745,96,-2.153802308666399,WLS,15,0.029837009929524427
0,x_tcsc,1-14,-0.10956731634569127,97,-0.10959305204605325,WLS,15,2.5735700361989577e-05
1,B_svc,2,0.17864608543429913,97,0.1782051506477067,WLS,15,0.000440934786592434
2,UPFC_Vsh,5-15,1.1117142776641307,97,1.1079753959808807,WLS,15,0.003738881683249984
3,UPFC_tsh,5-15,-0.23330360642631265,97,-0.23357131560074731,WLS,15,0.000267709174434666
4,UPFC_Vse,5-15,0.05879862281122685,97,0.0609313646449456,WLS,15,0.0021327418337187473
5,UPFC_tse,5-15,-2.1217691829915073,97,-2.153802308666399,WLS,15,0.03203312567489158
0,x_tcsc,1-14,-0.10955075719307958,98,-0.10959305204605325,WLS,15,4.229485297367608e-05
1,B_svc,2,0.17848751883182531,98,0.1782051506477067,WLS,15,0.0002823681841186143
2,UPFC_Vsh,5-15,1.1111517977798355,98,1.1079753959808807,WLS,15,0.003176401798954842
3,UPFC_tsh,5-15,-0.23342263159010412,98,-0.23357131560074731,WLS,15,0.0001486840106431908
4,UPFC_Vse,5-15,0.058639016668868185,98,0.0609313646449456,WLS,15,0.0022923479760774135
5,UPFC_tse,5-15,-2.121719684776346,98,-2.153802308666399,WLS,15,0.0320826238900529
0,x_tcsc,1-14,-0.10956234761262336,99,-0.10959305204605325,WLS,15,3.0704433429895595e-05
1,B_svc,2,0.17871438326002304,99,0.1782051506477067,WLS,15,0.0005092326123163349
2,UPFC_Vsh,5-15,1.1115181410654036,99,1.1079753959808807,WLS,15,0.0035427450845229025
3,UPFC_tsh,5-15,-0.23345041002033273,99,-0.23357131560074731,WLS,15,0.00012090558041458199
4,UPFC_Vse,5-15,0.05904653895995251,99,0.0609313646449456,WLS,15,0.0018848256849930897
5,UPFC_tse,5-15,-2.1258192700948904,99,-2.153802308666399,WLS,15,0.027983038571508523
0,x_tcsc,1-14,-0.11316945513861064,0,-0.11322089739296207,WLS,17,5.1442254351427574e-05
1,B_svc,2,0.18314501424621443,0,0.18331825945899513,WLS,17,0.00017324521278069827
2,UPFC_Vsh,5-15,1.1118050384581726,0,1.1054483183736596,WLS,17,0.006356720084512935
3,UPFC_tsh,5-15,-0.22961895525882126,0,-0.22985985232200498,WLS,17,0.00024089706318372595
4,UPFC_Vse,5-15,0.058661610042111394,0,0.06172078957104056,WLS,17,0.0030591795289291665
5,UPFC_tse,5-15,-2.1232607532249843,0,-2.1585402609080546,WLS,17,0.03527950768307031
0,x_tcsc,1-14,-0.11316734918146415,1,-0.11322089739296207,WLS,17,5.354821149791689e-05
1,B_svc,2,0.1837187131523413,1,0.18331825945899513,WLS,17,0.0004004536933461811
2,UPFC_Vsh,5-15,1.1116502264828547,1,1.1054483183736596,WLS,17,0.006201908109195076
3,UPFC_tsh,5-15,-0.22960380213291318,1,-0.22985985232200498,WLS,17,0.00025605018909180544
4,UPFC_Vse,5-15,0.05879418728570346,1,0.06172078957104056,WLS,17,0.0029266022853371015
5,UPFC_tse,5-15,-2.12175482825113,1,-2.1585402609080546,WLS,17,0.03678543265692458
0,x_tcsc,1-14,-0.1131682774133784,2,-0.11322089739296207,WLS,17,5.261997958366793e-05
1,B_svc,2,0.18370197228880886,2,0.18331825945899513,WLS,17,0.000383712829813726
2,UPFC_Vsh,5-15,1.1116340531700086,2,1.1054483183736596,WLS,17,0.006185734796348985
3,UPFC_tsh,5-15,-0.2296286389537951,2,-0.22985985232200498,WLS,17,0.00023121336820988714
4,UPFC_Vse,5-15,0.05905141532468223,2,0.06172078957104056,WLS,17,0.0026693742463583317
5,UPFC_tse,5-15,-2.1248283301314723,2,-2.1585402609080546,WLS,17,0.0337119307765823
0,x_tcsc,1-14,-0.11315706848903277,3,-0.11322089739296207,WLS,17,6.382890392929441e-05
1,B_svc,2,0.18300820446534544,3,0.18331825945899513,WLS,17,0.00031005499364969435
2,UPFC_Vsh,5-15,1.1115979944748284,3,1.1054483183736596,WLS,17,0.006149676101168788
3,UPFC_tsh,5-15,-0.2296157074893971,3,-0.22985985232200498,WLS,17,0.00024414483260787323
4,UPFC_Vse,5-15,0.05878711488117248,3,0.06172078957104056,WLS,17,0.0029336746898680835
5,UPFC_tse,5-15,-2.125346710830009,3,-2.1585402609080546,WLS,17,0.033193550078045586
0,x_tcsc,1-14,-0.11317111148493299,4,-0.11322089739296207,WLS,17,4.978590802907912e-05
1,B_svc,2,0.1838057660791496,4,0.18331825945899513,WLS,17,0.000487506620154482
2,UPFC_Vsh,5-15,1.1118249759543033,4,1.1054483183736596,WLS,17,0.006376657580643652
3,UPFC_tsh,5-15,-0.22962384468946423,4,-0.22985985232200498,WLS,17,0.0002360076325407523
4,UPFC_Vse,5-15,0.0590106422892122,4,0.06172078957104056,WLS,17,0.0027101472818283623
5,UPFC_tse,5-15,-2.1245354353091166,4,-2.1585402609080546,WLS,17,0.03400482559893803
0,x_tcsc,1-14,-0.11314599206380806,5,-0.11322089739296207,WLS,17,7.490532915400971e-05
1,B_svc,2,0.18374625763427757,5,0.18331825945899513,WLS,17,0.0004279981752824402
2,UPFC_Vsh,5-15,1.1117360431116168,5,1.1054483183736596,WLS,17,0.006287724737957134
3,UPFC_tsh,5-15,-0.22971673314423344,5,-0.22985985232200498,WLS,17,0.0001431191777715446
4,UPFC_Vse,5-15,0.05909396521090258,5,0.06172078957104056,WLS,17,0.0026268243601379818
5,UPFC_tse,5-15,-2.1239608034505264,5,-2.1585402609080546,WLS,17,0.03457945745752822
0,x_tcsc,1-14,-0.11316299507277094,6,-0.11322089739296207,WLS,17,5.790232019112218e-05
1,B_svc,2,0.18348801778546958,6,0.18331825945899513,WLS,17,0.00016975832647445066
2,UPFC_Vsh,5-15,1.1118075139436352,6,1.1054483183736596,WLS,17,0.006359195569975551
3,UPFC_tsh,5-15,-0.2296583633047375,6,-0.22985985232200498,WLS,17,0.00020148901726749213
4,UPFC_Vse,5-15,0.0590689502248253,6,0.06172078957104056,WLS,17,0.002651839346215261
5,UPFC_tse,5-15,-2.125565268335519,6,-2.1585402609080546,WLS,17,0.032974992572535555
0,x_tcsc,1-14,-0.11318289328280016,7,-0.11322089739296207,WLS,17,3.800411016190164e-05
1,B_svc,2,0.18387587455124765,7,0.18331825945899513,WLS,17,0.0005576150922525225
2,UPFC_Vsh,5-15,1.1114433316306545,7,1.1054483183736596,WLS,17,0.005995013256994808
3,UPFC_tsh,5-15,-0.22958652300440507,7,-0.22985985232200498,WLS,17,0.0002733293175999074
4,UPFC_Vse,5-15,0.058523501993989695,7,0.06172078957104056,WLS,17,0.0031972875770508655
5,UPFC_tse,5-15,-2.1233814245708187,7,-2.1585402609080546,WLS,17,0.03515883633723593
0,x_tcsc,1-14,-0.11317272561696654,8,-0.11322089739296207,WLS,17,4.817177599553135e-05
1,B_svc,2,0.18347160999183285,8,0.18331825945899513,WLS,17,0.00015335053283771494
2,UPFC_Vsh,5-15,1.111733903246047,8,1.1054483183736596,WLS,17,0.006285584872387284
3,UPFC_tsh,5-15,-0.22964012800056677,8,-0.22985985232200498,WLS,17,0.00021972432143821385
4,UPFC_Vse,5-15,0.058921075257182806,8,0.06172078957104056,WLS,17,0.002799714313857754
5,UPFC_tse,5-15,-2.1235442630831085,8,-2.1585402609080546,WLS,17,0.03499599782494611
0,x_tcsc,1-14,-0.1131819461432236,9,-0.11322089739296207,WLS,17,3.8951249738461424e-05
1,B_svc,2,0.18346779431669233,9,0.18331825945899513,WLS,17,0.00014953485769719776
2,UPFC_Vsh,5-15,1.111769279776842,9,1.1054483183736596,WLS,17,0.006320961403182279
3,UPFC_tsh,5-15,-0.2296337927294221,9,-0.22985985232200498,WLS,17,0.00022605959258287234
4,UPFC_Vse,5-15,0.05919909135016186,9,0.06172078957104056,WLS,17,0.0025216982208787
5,UPFC_tse,5-15,-2.123471597071873,9,-2.1585402609080546,WLS,17,0.03506866383618146
0,x_tcsc,1-14,-0.11314857701889977,10,-0.11322089739296207,WLS,17,7.232037406229574e-05
1,B_svc,2,0.1835108727286917,10,0.18331825945899513,WLS,17,0.00019261326969657877
2,UPFC_Vsh,5-15,1.11103382767212,10,1.1054483183736596,WLS,17,0.005585509298460245
3,UPFC_tsh,5-15,-0.2296976255865402,10,-0.22985985232200498,WLS,17,0.00016222673546478772
4,UPFC_Vse,5-15,0.0584531207128186,10,0.06172078957104056,WLS,17,0.00326766885822196
5,UPFC_tse,5-15,-2.1232198225450283,10,-2.1585402609080546,WLS,17,0.03532043836302634
0,x_tcsc,1-14,-0.11317406105873844,11,-0.11322089739296207,WLS,17,4.683633422362943e-05
1,B_svc,2,0.18365799740124772,11,0.18331825945899513,WLS,17,0.00033973794225258813
2,UPFC_Vsh,5-15,1.1112107569106873,11,1.1054483183736596,WLS,17,0.005762438537027625
3,UPFC_tsh,5-15,-0.22967102228910816,11,-0.22985985232200498,WLS,17,0.0001888300328968251
4,UPFC_Vse,5-15,0.0585865913792744,11,0.06172078957104056,WLS,17,0.003134198191766163
5,UPFC_tse,5-15,-2.1239557956743975,11,-2.1585402609080546,WLS,17,0.0345844652336571
0,x_tcsc,1-14,-0.11314887616220083,12,-0.11322089739296207,WLS,17,7.202123076123501e-05
1,B_svc,2,0.18348114009459593,12,0.18331825945899513,WLS,17,0.00016288063560079835
2,UPFC_Vsh,5-15,1.1114389704468974,12,1.1054483183736596,WLS,17,0.00599065207323779
3,UPFC_tsh,5-15,-0.22962234626782355,12,-0.22985985232200498,WLS,17,0.00023750605418143556
4,UPFC_Vse,5-15,0.05887203805034303,12,0.06172078957104056,WLS,17,0.0028487515206975303
5,UPFC_tse,5-15,-2.123169327506064,12,-2.1585402609080546,WLS,17,0.03537093340199071
0,x_tcsc,1-14,-0.11317089847825805,13,-0.11322089739296207,WLS,17,4.9998914704016406e-05
1,B_svc,2,0.183280736631081,13,0.18331825945899513,WLS,17,3.752282791413819e-05
2,UPFC_Vsh,5-15,1.1120435154093011,13,1.1054483183736596,WLS,17,0.006595197035641487
3,UPFC_tsh,5-15,-0.22963886096680786,13,-0.22985985232200498,WLS,17,0.00022099135519712543
4,UPFC_Vse,5-15,0.05852320935214491,13,0.06172078957104056,WLS,17,0.00319758021889565
5,UPFC_tse,5-15,-2.122372385178128,13,-2.1585402609080546,WLS,17,0.036167875729926635
0,x_tcsc,1-14,-0.11317720666025692,14,-0.11322089739296207,WLS,17,4.369073270514556e-05
1,B_svc,2,0.18344920593226405,14,0.18331825945899513,WLS,17,0.00013094647326891695
2,UPFC_Vsh,5-15,1.1114598716432382,14,1.1054483183736596,WLS,17,0.0060115532695785845
3,UPFC_tsh,5-15,-0.22969270361314326,14,-0.22985985232200498,WLS,17,0.00016714870886172517
4,UPFC_Vse,5-15,0.058952890094032095,14,0.06172078957104056,WLS,17,0.0027678994770084647
5,UPFC_tse,5-15,-2.123813094329648,14,-2.1585402609080546,WLS,17,0.0347271665784068
0,x_tcsc,1-14,-0.113165352967813,15,-0.11322089739296207,WLS,17,5.554442514907332e-05
1,B_svc,2,0.18319729471827248,15,0.18331825945899513,WLS,17,0.00012096474072265107
2,UPFC_Vsh,5-15,1.1113565268518495,15,1.1054483183736596,WLS,17,0.005908208478189847
3,UPFC_tsh,5-15,-0.2296645775554009,15,-0.22985985232200498,WLS,17,0.00019527476660408105
4,UPFC_Vse,5-15,0.05901864977360151,15,0.06172078957104056,WLS,17,0.0027021397974390515
5,UPFC_tse,5-15,-2.121502745790377,15,-2.1585402609080546,WLS,17,0.03703751511767761
0,x_tcsc,1-14,-0.11317150719625697,16,-0.11322089739296207,WLS,17,4.939019670509304e-05
1,B_svc,2,0.1832405119153294,16,0.18331825945899513,WLS,17,7.774754366574044e-05
2,UPFC_Vsh,5-15,1.1114711396698018,16,1.1054483183736596,WLS,17,0.006022821296142178
3,UPFC_tsh,5-15,-0.22963170434155525,16,-0.22985985232200498,WLS,17,0.00022814798044973328
4,UPFC_Vse,5-15,0.05916426971793086,16,0.06172078957104056,WLS,17,0.002556519853109701
5,UPFC_tse,5-15,-2.1197732692133098,16,-2.1585402609080546,WLS,17,0.038766991694744846
0,x_tcsc,1-14,-0.11316856508245839,17,-0.11322089739296207,WLS,17,5.233231050368048e-05
1,B_svc,2,0.18342151487341063,17,0.18331825945899513,WLS,17,0.00010325541441549846
2,UPFC_Vsh,5-15,1.111747907335547,17,1.1054483183736596,WLS,17,0.006299588961887315
3,UPFC_tsh,5-15,-0.22958432827862746,17,-0.22985985232200498,WLS,17,0.000275524043377523
4,UPFC_Vse,5-15,0.058542943709065924,17,0.06172078957104056,WLS,17,0.003177845861974636
5,UPFC_tse,5-15,-2.1283519341790638,17,-2.1585402609080546,WLS,17,0.030188326728990855
0,x_tcsc,1-14,-0.11315184558416361,18,-0.11322089739296207,WLS,17,6.905180879845929e-05
1,B_svc,2,0.18327728179348104,18,0.18331825945899513,WLS,17,4.097766551408588e-05
2,UPFC_Vsh,5-15,1.1118652423559352,18,1.1054483183736596,WLS,17,0.0064169239822755575
3,UPFC_tsh,5-15,-0.22960270162193652,18,-0.22985985232200498,WLS,17,0.0002571507000684592
4,UPFC_Vse,5-15,0.05918775172029991,18,0.06172078957104056,WLS,17,0.0025330378507406534
5,UPFC_tse,5-15,-2.12404430584143,18,-2.1585402609080546,WLS,17,0.03449595506662462
0,x_tcsc,1-14,-0.11317030819196372,19,-0.11322089739296207,WLS,17,5.058920099834663e-05
1,B_svc,2,0.1837478391949906,19,0.18331825945899513,WLS,17,0.0004295797359954723
2,UPFC_Vsh,5-15,1.1116795107631763,19,1.1054483183736596,WLS,17,0.006231192389516638
3,UPFC_tsh,5-15,-0.22961242882152694,19,-0.22985985232200498,WLS,17,0.0002474235004780445
4,UPFC_Vse,5-15,0.05877549953883713,19,0.06172078957104056,WLS,17,0.0029452900322034306
5,UPFC_tse,5-15,-2.1246775060206518,19,-2.1585402609080546,WLS,17,0.03386275488740287
0,x_tcsc,1-14,-0.11316392489442015,20,-0.11322089739296207,WLS,17,5.697249854191844e-05
1,B_svc,2,0.18315128910575862,20,0.18331825945899513,WLS,17,0.00016697035323651188
2,UPFC_Vsh,5-15,1.1117144296071306,20,1.1054483183736596,WLS,17,0.006266111233470983
3,UPFC_tsh,5-15,-0.22967037522315537,20,-0.22985985232200498,WLS,17,0.0001894770988496164
4,UPFC_Vse,5-15,0.05882548725658471,20,0.06172078957104056,WLS,17,0.0028953023144558526
5,UPFC_tse,5-15,-2.1256203435262226,20,-2.1585402609080546,WLS,17,0.032919917381831976
0,x_tcsc,1-14,-0.11316282689257771,21,-0.11322089739296207,WLS,17,5.807050038435235e-05
1,B_svc,2,0.18389692812163558,21,0.18331825945899513,WLS,17,0.0005786686626404469
2,UPFC_Vsh,5-15,1.111873021379436,21,1.1054483183736596,WLS,17,0.0064247030057764665
3,UPFC_tsh,5-15,-0.22962515581095944,21,-0.22985985232200498,WLS,17,0.00023469651104554567
4,UPFC_Vse,5-15,0.059368516900448524,21,0.06172078957104056,WLS,17,0.0023522726705920358
5,UPFC_tse,5-15,-2.1225032418227485,21,-2.1585402609080546,WLS,17,0.0360370190853061
0,x_tcsc,1-14,-0.11315835927517753,22,-0.11322089739296207,WLS,17,6.2538117784533e-05
1,B_svc,2,0.18399234630824232,22,0.18331825945899513,WLS,17,0.0006740868492471908
2,UPFC_Vsh,5-15,1.1115396915060305,22,1.1054483183736596,WLS,17,0.0060913731323708475
3,UPFC_tsh,5-15,-0.22963212798795235,22,-0.22985985232200498,WLS,17,0.00022772433405263137
4,UPFC_Vse,5-15,0.05895849569669463,22,0.06172078957104056,WLS,17,0.002762293874345928
5,UPFC_tse,5-15,-2.12185536205497,22,-2.1585402609080546,WLS,17,0.03668489885308457
0,x_tcsc,1-14,-0.11316068106045561,23,-0.11322089739296207,WLS,17,6.021633250645475e-05
1,B_svc,2,0.18357310686105185,23,0.18331825945899513,WLS,17,0.00025484740205672374
2,UPFC_Vsh,5-15,1.1114374660479367,23,1.1054483183736596,WLS,17,0.005989147674277051
3,UPFC_tsh,5-15,-0.2296609480934032,23,-0.22985985232200498,WLS,17,0.00019890422860177615
4,UPFC_Vse,5-15,0.0591626176139265,23,0.06172078957104056,WLS,17,0.0025581719571140596
5,UPFC_tse,5-15,-2.1218653478743392,23,-2.1585402609080546,WLS,17,0.036674913033715395
0,x_tcsc,1-14,-0.1131657210962905,24,-0.11322089739296207,WLS,17,5.5176296671566316e-05
1,B_svc,2,0.18329622825267092,24,0.18331825945899513,WLS,17,2.2031206324213404e-05
2,UPFC_Vsh,5-15,1.112012795420421,24,1.1054483183736596,WLS,17,0.006564477046761441
3,UPFC_tsh,5-15,-0.2296388141203628,24,-0.22985985232200498,WLS,17,0.0002210382016421819
4,UPFC_Vse,5-15,0.05872965536424499,24,0.06172078957104056,WLS,17,0.002991134206795573
5,UPFC_tse,5-15,-2.12531149794486,24,-2.1585402609080546,WLS,17,0.03322876296319466
0,x_tcsc,1-14,-0.11316238008091409,25,-0.11322089739296207,WLS,17,5.851731204797872e-05
1,B_svc,2,0.18370466162887714,25,0.18331825945899513,WLS,17,0.00038640216988200526
2,UPFC_Vsh,5-15,1.1118884400663487,25,1.1054483183736596,WLS,17,0.006440121692689038
3,UPFC_tsh,5-15,-0.2295769625234651,25,-0.22985985232200498,WLS,17,0.0002828897985398815
4,UPFC_Vse,5-15,0.05865185567310951,25,0.06172078957104056,WLS,17,0.003068933897931052
5,UPFC_tse,5-15,-2.1208626698278743,25,-2.1585402609080546,WLS,17,0.03767759108018032
0,x_tcsc,1-14,-0.11314956632460545,26,-0.11322089739296207,WLS,17,7.133106835661984e-05
1,B_svc,2,0.18399431856896556,26,0.18331825945899513,WLS,17,0.0006760591099704283
2,UPFC_Vsh,5-15,1.11141612313187,26,1.1054483183736596,WLS,17,0.005967804758210349
3,UPFC_tsh,5-15,-0.22966756286551232,26,-0.22985985232200498,WLS,17,0.00019228945649266138
4,UPFC_Vse,5-15,0.058794126529309376,26,0.06172078957104056,WLS,17,0.002926663041731184
5,UPFC_tse,5-15,-2.120560450172984,26,-2.1585402609080546,WLS,17,0.03797981073507062
0,x_tcsc,1-14,-0.11317567171373617,27,-0.11322089739296207,WLS,17,4.522567922589371e-05
1,B_svc,2,0.18334938552197708,27,0.18331825945899513,WLS,17,3.1126062981945424e-05
2,UPFC_Vsh,5-15,1.1117254638272709,27,1.1054483183736596,WLS,17,0.006277145453611244
3,UPFC_tsh,5-15,-0.22967045007820577,27,-0.22985985232200498,WLS,17,0.00018940224379920823
4,UPFC_Vse,5-15,0.05877297205104154,27,0.06172078957104056,WLS,17,0.0029478175199990214
5,UPFC_tse,5-15,-2.1261300038671584,27,-2.1585402609080546,WLS,17,0.03241025704089617
0,x_tcsc,1-14,-0.11315873098804236,28,-0.11322089739296207,WLS,17,6.216640491971126e-05
1,B_svc,2,0.18383763378044624,28,0.18331825945899513,WLS,17,0.0005193743214511048
2,UPFC_Vsh,5-15,1.111986920002504,28,1.1054483183736596,WLS,17,0.006538601628844454
3,UPFC_tsh,5-15,-0.22961494648674474,28,-0.22985985232200498,WLS,17,0.00024490583526023957
4,UPFC_Vse,5-15,0.05910083975282428,28,0.06172078957104056,WLS,17,0.002619949818216283
5,UPFC_tse,5-15,-2.1228039010641138,28,-2.1585402609080546,WLS,17,0.03573635984394086
0,x_tcsc,1-14,-0.11316208430497196,29,-0.11322089739296207,WLS,17,5.8813087990106094e-05
1,B_svc,2,0.1841401940080056,29,0.18331825945899513,WLS,17,0.0008219345490104724
2,UPFC_Vsh,5-15,1.11172025142618,29,1.1054483183736596,WLS,17,0.006271933052520273
3,UPFC_tsh,5-15,-0.22970177858958682,29,-0.22985985232200498,WLS,17,0.00015807373241816247
4,UPFC_Vse,5-15,0.0593127492147305,29,0.06172078957104056,WLS,17,0.002408040356310058
5,UPFC_tse,5-15,-2.123494635639817,29,-2.1585402609080546,WLS,17,0.0350456252682374
0,x_tcsc,1-14,-0.11317606365713498,30,-0.11322089739296207,WLS,17,4.483373582708783e-05
1,B_svc,2,0.18375901908632153,30,0.18331825945899513,WLS,17,0.00044075962732639806
2,UPFC_Vsh,5-15,1.112041453843883,30,1.1054483183736596,WLS,17,0.0065931354702233325
3,UPFC_tsh,5-15,-0.22969884565577717,30,-0.22985985232200498,WLS,17,0.00016100666622781423
4,UPFC_Vse,5-15,0.05963655855290618,30,0.06172078957104056,WLS,17,0.0020842310181343818
5,UPFC_tse,5-15,-2.125333397094614,30,-2.1585402609080546,WLS,17,0.033206863813440624
0,x_tcsc,1-14,-0.11315326145132527,31,-0.11322089739296207,WLS,17,6.763594163679276e-05
1,B_svc,2,0.1838063934745851,31,0.18331825945899513,WLS,17,0.00048813401558997493
2,UPFC_Vsh,5-15,1.1116957558437368,31,1.1054483183736596,WLS,17,0.006247437470077166
3,UPFC_tsh,5-15,-0.229636319301481,31,-0.22985985232200498,WLS,17,0.0002235330205239694
4,UPFC_Vse,5-15,0.05855721787216536,31,0.06172078957104056,WLS,17,0.0031635716988751977
5,UPFC_tse,5-15,-2.1233513246419693,31,-2.1585402609080546,WLS,17,0.035188936266085324
0,x_tcsc,1-14,-0.11316760902588649,32,-0.11322089739296207,WLS,17,5.3288367075576826e-05
1,B_svc,2,0.18400739919323042,32,0.18331825945899513,WLS,17,0.000689139734235289
2,UPFC_Vsh,5-15,1.1115576809707244,32,1.1054483183736596,WLS,17,0.006109362597064738
3,UPFC_tsh,5-15,-0.22965452977669262,32,-0.22985985232200498,WLS,17,0.0002053225453123586
4,UPFC_Vse,5-15,0.058483253383599956,32,0.06172078957104056,WLS,17,0.003237536187440604
5,UPFC_tse,5-15,-2.1272689787140924,32,-2.1585402609080546,WLS,17,0.031271282193962247
0,x_tcsc,1-14,-0.11314826348012424,33,-0.11322089739296207,WLS,17,7.263391283782172e-05
1,B_svc,2,0.18358936388299837,33,0.18331825945899513,WLS,17,0.0002711044240032434
2,UPFC_Vsh,5-15,1.1113760948109517,33,1.1054483183736596,WLS,17,0.005927776437292032
3,UPFC_tsh,5-15,-0.22967990399286053,33,-0.22985985232200498,WLS,17,0.00017994832914444703
4,UPFC_Vse,5-15,0.05854023067903565,33,0.06172078957104056,WLS,17,0.0031805588920049074
5,UPFC_tse,5-15,-2.121865953674294,33,-2.1585402609080546,WLS,17,0.03667430723376075
0,x_tcsc,1-14,-0.11316229562470864,34,-0.11322089739296207,WLS,17,5.860176825342456e-05
1,B_svc,2,0.1833929981247036,34,0.18331825945899513,WLS,17,7.47386657084792e-05
2,UPFC_Vsh,5-15,1.1116026218951185,34,1.1054483183736596,WLS,17,0.006154303521458848
3,UPFC_tsh,5-15,-0.22963133459201146,34,-0.22985985232200498,WLS,17,0.0002285177299935215
4,UPFC_Vse,5-15,0.05900632482309184,34,0.06172078957104056,WLS,17,0.0027144647479487236
5,UPFC_tse,5-15,-2.1243816197168135,34,-2.1585402609080546,WLS,17,0.034158641191241124
0,x_tcsc,1-14,-0.11314789574818568,35,-0.11322089739296207,WLS,17,7.300164477638815e-05
1,B_svc,2,0.18347099985799487,35,0.18331825945899513,WLS,17,0.00015274039899973446
2,UPFC_Vsh,5-15,1.111553315715782,35,1.1054483183736596,WLS,17,0.006104997342122331
3,UPFC_tsh,5-15,-0.22964698293007166,35,-0.22985985232200498,WLS,17,0.00021286939193332355
4,UPFC_Vse,5-15,0.059090202614270226,35,0.06172078957104056,WLS,17,0.002630586956770334
5,UPFC_tse,5-15,-2.1218473184205755,35,-2.1585402609080546,WLS,17,0.03669294248747912
0,x_tcsc,1-14,-0.11317757335517213,36,-0.11322089739296207,WLS,17,4.332403778993521e-05
1,B_svc,2,0.1833853369579518,36,0.18331825945899513,WLS,17,6.707749895668025e-05
2,UPFC_Vsh,5-15,1.1120744573177668,36,1.1054483183736596,WLS,17,0.0066261389441071294
3,UPFC_tsh,5-15,-0.2296572216272688,36,-0.22985985232200498,WLS,17,0.00020263069473619444
4,UPFC_Vse,5-15,0.058786606899737685,36,0.06172078957104056,WLS,17,0.002934182671302875
5,UPFC_tse,5-15,-2.1258765723382043,36,-2.1585402609080546,WLS,17,0.03266368856985036
0,x_tcsc,1-14,-0.11315326150654133,37,-0.11322089739296207,WLS,17,6.763588642073881e-05
1,B_svc,2,0.1838982174575335,37,0.18331825945899513,WLS,17,0.0005799579985383829
2,UPFC_Vsh,5-15,1.1116620086029578,37,1.1054483183736596,WLS,17,0.0062136902292981855
3,UPFC_tsh,5-15,-0.22968463042810508,37,-0.22985985232200498,WLS,17,0.00017522189389990173
4,UPFC_Vse,5-15,0.059227110181351864,37,0.06172078957104056,WLS,17,0.0024936793896886966
5,UPFC_tse,5-15,-2.1244161978284417,37,-2.1585402609080546,WLS,17,0.03412406307961291
0,x_tcsc,1-14,-0.1131673287123741,38,-0.11322089739296207,WLS,17,5.356868058796482e-05
1,B_svc,2,0.1836541217640026,38,0.18331825945899513,WLS,17,0.00033586230500745606
2,UPFC_Vsh,5-15,1.1117108292301128,38,1.1054483183736596,WLS,17,0.0062625108564531295
3,UPFC_tsh,5-15,-0.2296106845950712,38,-0.22985985232200498,WLS,17,0.00024916772693378553
4,UPFC_Vse,5-15,0.05862517921400368,38,0.06172078957104056,WLS,17,0.003095610357036878
5,UPFC_tse,5-15,-2.1256235253421374,38,-2.1585402609080546,WLS,17,0.03291673556591723
0,x_tcsc,1-14,-0.1131563083944091,39,-0.11322089739296207,WLS,17,6.458899855296685e-05
1,B_svc,2,0.18369252491703103,39,0.18331825945899513,WLS,17,0.0003742654580358995
2,UPFC_Vsh,5-15,1.111526500198634,39,1.1054483183736596,WLS,17,0.006078181824974438
3,UPFC_tsh,5-15,-0.22967771486332533,39,-0.22985985232200498,WLS,17,0.0001821374586796487
4,UPFC_Vse,5-15,0.05837629172139274,39,0.06172078957104056,WLS,17,0.003344497849647819
5,UPFC_tse,5-15,-2.1242682910335944,39,-2.1585402609080546,WLS,17,0.03427196987446024
0,x_tcsc,1-14,-0.11317012071927418,40,-0.11322089739296207,WLS,17,5.077667368788563e-05
1,B_svc,2,0.18417103846146846,40,0.18331825945899513,WLS,17,0.000852779002473325
2,UPFC_Vsh,5-15,1.111759057929558,40,1.1054483183736596,WLS,17,0.006310739555898337
3,UPFC_tsh,5-15,-0.22963813083549803,40,-0.22985985232200498,WLS,17,0.0002217214865069539
4,UPFC_Vse,5-15,0.0590802996913253,40,0.06172078957104056,WLS,17,0.0026404898797152618
5,UPFC_tse,5-15,-2.125338758750219,40,-2.1585402609080546,WLS,17,0.033201502157835794
0,x_tcsc,1-14,-0.11317193320566404,41,-0.11322089739296207,WLS,17,4.8964187298022877e-05
1,B_svc,2,0.18335657667330243,41,0.18331825945899513,WLS,17,3.831721430730406e-05
2,UPFC_Vsh,5-15,1.1118334087559778,41,1.1054483183736596,WLS,17,0.006385090382318159
3,UPFC_tsh,5-15,-0.22961865152500963,41,-0.22985985232200498,WLS,17,0.00024120079699535557
4,UPFC_Vse,5-15,0.0586051126668675,41,0.06172078957104056,WLS,17,0.0031156769041730606
5,UPFC_tse,5-15,-2.122784580087,41,-2.1585402609080546,WLS,17,0.035755680821054625
0,x_tcsc,1-14,-0.11315249044198282,42,-0.11322089739296207,WLS,17,6.840695097924676e-05
1,B_svc,2,0.18377458091459103,42,0.18331825945899513,WLS,17,0.00045632145559590387
2,UPFC_Vsh,5-15,1.1117553207339053,42,1.1054483183736596,WLS,17,0.006307002360245617
3,UPFC_tsh,5-15,-0.22961598559159496,42,-0.22985985232200498,WLS,17,0.0002438667304100195
4,UPFC_Vse,5-15,0.058872332300363615,42,0.06172078957104056,WLS,17,0.002848457270676945
5,UPFC_tse,5-15,-2.1280801545605463,42,-2.1585402609080546,WLS,17,0.030460106347508287
0,x_tcsc,1-14,-0.11315962435379885,43,-0.11322089739296207,WLS,17,6.127303916321492e-05
1,B_svc,2,0.18360621737393293,43,0.18331825945899513,WLS,17,0.00028795791493779754
2,UPFC_Vsh,5-15,1.1113902346807636,43,1.1054483183736596,WLS,17,0.005941916307103945
3,UPFC_tsh,5-15,-0.2296709697624694,43,-0.22985985232200498,WLS,17,0.00018888255953558586
4,UPFC_Vse,5-15,0.05893221534845051,43,0.06172078957104056,WLS,17,0.0027885742225900526
5,UPFC_tse,5-15,-2.122302921906884,43,-2.1585402609080546,WLS,17,0.03623733900117054
0,x_tcsc,1-14,-0.1131707156099851,44,-0.11322089739296207,WLS,17,5.018178297697129e-05
1,B_svc,2,0.18371222274666607,44,0.18331825945899513,WLS,17,0.0003939632876709398
2,UPFC_Vsh,5-15,1.111393065380971,44,1.1054483183736596,WLS,17,0.005944747007311291
3,UPFC_tsh,5-15,-0.22970610817627937,44,-0.22985985232200498,WLS,17,0.00015374414572560946
4,UPFC_Vse,5-15,0.059492529454270617,44,0.06172078957104056,WLS,17,0.0022282601167699437
5,UPFC_tse,5-15,-2.11859501228545,44,-2.1585402609080546,WLS,17,0.03994524862260462
0,x_tcsc,1-14,-0.11315533184869885,45,-0.11322089739296207,WLS,17,6.556554426322136e-05
1,B_svc,2,0.18359712303813458,45,0.18331825945899513,WLS,17,0.0002788635791394489
2,UPFC_Vsh,5-15,1.111558625950874,45,1.1054483183736596,WLS,17,0.006110307577214424
3,UPFC_tsh,5-15,-0.2296705409814264,45,-0.22985985232200498,WLS,17,0.00018931134057859067
4,UPFC_Vse,5-15,0.05903324832237093,45,0.06172078957104056,WLS,17,0.002687541248669628
5,UPFC_tse,5-15,-2.1209240632428212,45,-2.1585402609080546,WLS,17,0.037616197665233386
0,x_tcsc,1-14,-0.11315515219424127,46,-0.11322089739296207,WLS,17,6.574519872079576e-05
1,B_svc,2,0.1837592922699444,46,0.18331825945899513,WLS,17,0.00044103281094926006
2,UPFC_Vsh,5-15,1.1115765902722852,46,1.1054483183736596,WLS,17,0.006128271898625526
3,UPFC_tsh,5-15,-0.22966896443182275,46,-0.22985985232200498,WLS,17,0.00019088789018223418
4,UPFC_Vse,5-15,0.05849246811405863,46,0.06172078957104056,WLS,17,0.0032283214569819307
5,UPFC_tse,5-15,-2.1235608075757706,46,-2.1585402609080546,WLS,17,0.03497945333228403
0,x_tcsc,1-14,-0.11316571130933137,47,-0.11322089739296207,WLS,17,5.5186083630698324e-05
1,B_svc,2,0.18339153899572477,47,0.18331825945899513,WLS,17,7.327953672964238e-05
2,UPFC_Vsh,5-15,1.1117963733720626,47,1.1054483183736596,WLS,17,0.006348054998402963
3,UPFC_tsh,5-15,-0.2296812038484874,47,-0.22985985232200498,WLS,17,0.00017864847351758972
4,UPFC_Vse,5-15,0.059283747514670054,47,0.06172078957104056,WLS,17,0.002437042056370506
5,UPFC_tse,5-15,-2.124425149470369,47,-2.1585402609080546,WLS,17,0.03411511143768564
0,x_tcsc,1-14,-0.11315895076029664,48,-0.11322089739296207,WLS,17,6.194663266542721e-05
1,B_svc,2,0.1840633673775772,48,0.18331825945899513,WLS,17,0.0007451079185820664
2,UPFC_Vsh,5-15,1.1115792593408695,48,1.1054483183736596,WLS,17,0.006130940967209897
3,UPFC_tsh,5-15,-0.22964179025111467,48,-0.22985985232200498,WLS,17,0.0002180620708903125
4,UPFC_Vse,5-15,0.05891754987127385,48,0.06172078957104056,WLS,17,0.002803239699766709
5,UPFC_tse,5-15,-2.124648269133014,48,-2.1585402609080546,WLS,17,0.03389199177504043
0,x_tcsc,1-14,-0.11317607073535718,49,-0.11322089739296207,WLS,17,4.482665760488502e-05
1,B_svc,2,0.18356610282969357,49,0.18331825945899513,WLS,17,0.00024784337069844176
2,UPFC_Vsh,5-15,1.1115687975252895,49,1.1054483183736596,WLS,17,0.006120479151629832
3,UPFC_tsh,5-15,-0.229595275060258,49,-0.22985985232200498,WLS,17,0.00026457726174697327
4,UPFC_Vse,5-15,0.058506958789395984,49,0.06172078957104056,WLS,17,0.0032138307816445763
5,UPFC_tse,5-15,-2.1235752877722973,49,-2.1585402609080546,WLS,17,0.034964973135757305
0,x_tcsc,1-14,-0.11315201453865521,50,-0.11322089739296207,WLS,17,6.88828543068537e-05
1,B_svc,2,0.183470951454569,50,0.18331825945899513,WLS,17,0.00015269199557385593
2,UPFC_Vsh,5-15,1.1112911558366152,50,1.1054483183736596,WLS,17,0.005842837462955552
3,UPFC_tsh,5-15,-0.22971322858614585,50,-0.22985985232200498,WLS,17,0.00014662373585913602
4,UPFC_Vse,5-15,0.059029661659773275,50,0.06172078957104056,WLS,17,0.0026911279112672853
5,UPFC_tse,5-15,-2.1239215959202222,50,-2.1585402609080546,WLS,17,0.03461866498783239
0,x_tcsc,1-14,-0.11316342090770543,51,-0.11322089739296207,WLS,17,5.7476485256641174e-05
1,B_svc,2,0.18390720891344164,51,0.18331825945899513,WLS,17,0.0005889494544465135
2,UPFC_Vsh,5-15,1.1118177212652354,51,1.1054483183736596,WLS,17,0.006369402891575726
3,UPFC_tsh,5-15,-0.2296330993147024,51,-0.22985985232200498,WLS,17,0.00022675300730257142
4,UPFC_Vse,5-15,0.058945567278807974,51,0.06172078957104056,WLS,17,0.002775222292232586
5,UPFC_tse,5-15,-2.123967010668902,51,-2.1585402609080546,WLS,17,0.034573250239152475
0,x_tcsc,1-14,-0.113144411310973,52,-0.11322089739296207,WLS,17,7.648608198906892e-05
1,B_svc,2,0.18382547171146454,52,0.18331825945899513,WLS,17,0.0005072122524694134
2,UPFC_Vsh,5-15,1.1117461966431725,52,1.1054483183736596,WLS,17,0.006297878269512891
3,UPFC_tsh,5-15,-0.22971682625157977,52,-0.22985985232200498,WLS,17,0.00014302607042521176
4,UPFC_Vse,5-15,0.05883475833705668,52,0.06172078957104056,WLS,17,0.002886031233983878
5,UPFC_tse,5-15,-2.1222100237453674,52,-2.1585402609080546,WLS,17,0.03633023716268724
0,x_tcsc,1-14,-0.11315656899774698,53,-0.11322089739296207,WLS,17,6.432839521508527e-05
1,B_svc,2,0.1833977815309998,53,0.18331825945899513,WLS,17,7.952207200467853e-05
2,UPFC_Vsh,5-15,1.1112547946208884,53,1.1054483183736596,WLS,17,0.005806476247228742
3,UPFC_tsh,5-15,-0.22961152574512653,53,-0.22985985232200498,WLS,17,0.00024832657687845483
4,UPFC_Vse,5-15,0.05865519564067477,53,0.06172078957104056,WLS,17,0.0030655939303657898
5,UPFC_tse,5-15,-2.126319568415978,53,-2.1585402609080546,WLS,17,0.03222069249207671
0,x_tcsc,1-14,-0.11315760396257014,54,-0.11322089739296207,WLS,17,6.329343039192248e-05
1,B_svc,2,0.1841625685536497,54,0.18331825945899513,WLS,17,0.0008443090946545773
2,UPFC_Vsh,5-15,1.1114261274408432,54,1.1054483183736596,WLS,17,0.005977809067183593
3,UPFC_tsh,5-15,-0.2296131527276772,54,-0.22985985232200498,WLS,17,0.00024669959432777055
4,UPFC_Vse,5-15,0.058625668845454365,54,0.06172078957104056,WLS,17,0.003095120725586195
5,UPFC_tse,5-15,-2.125096996095929,54,-2.1585402609080546,WLS,17,0.03344326481212567
0,x_tcsc,1-14,-0.11315368905711495,55,-0.11322089739296207,WLS,17,6.720833584711317e-05
1,B_svc,2,0.18359498680767505,55,0.18331825945899513,WLS,17,0.00027672734867992266
2,UPFC_Vsh,5-15,1.111647175218199,55,1.1054483183736596,WLS,17,0.006198856844539247
3,UPFC_tsh,5-15,-0.22963543370525463,55,-0.22985985232200498,WLS,17,0.00022441861675034924
4,UPFC_Vse,5-15,0.05908351007528058,55,0.06172078957104056,WLS,17,0.002637279495759981
5,UPFC_tse,5-15,-2.1223931054909273,55,-2.1585402609080546,WLS,17,0.03614715541712732
0,x_tcsc,1-14,-0.11316320139094724,56,-0.11322089739296207,WLS,17,5.769600201482872e-05
1,B_svc,2,0.1839340067156962,56,0.18331825945899513,WLS,17,0.0006157472567010769
2,UPFC_Vsh,5-15,1.1116259720927317,56,1.1054483183736596,WLS,17,0.006177653719072085
3,UPFC_tsh,5-15,-0.2295643027250676,56,-0.22985985232200498,WLS,17,0.00029554959693739447
4,UPFC_Vse,5-15,0.05875711829159763,56,0.06172078957104056,WLS,17,0.002963671279442928
5,UPFC_tse,5-15,-2.1215367265421343,56,-2.1585402609080546,WLS,17,0.0370035343659203
0,x_tcsc,1-14,-0.11316414754076431,57,-0.11322089739296207,WLS,17,5.674985219775164e-05
1,B_svc,2,0.1833421945305346,57,0.18331825945899513,WLS,17,2.3935071539471497e-05
2,UPFC_Vsh,5-15,1.1115788139761562,57,1.1054483183736596,WLS,17,0.006130495602496566
3,UPFC_tsh,5-15,-0.22960969046260815,57,-0.22985985232200498,WLS,17,0.0002501618593968302
4,UPFC_Vse,5-15,0.059161201988697724,57,0.06172078957104056,WLS,17,0.0025595875823428357
5,UPFC_tse,5-15,-2.1227511154490886,57,-2.1585402609080546,WLS,17,0.035789145458966054
0,x_tcsc,1-14,-0.11315762078503194,58,-0.11322089739296207,WLS,17,6.327660793012391e-05
1,B_svc,2,0.18349028700681932,58,0.18331825945899513,WLS,17,0.00017202754782419394
2,UPFC_Vsh,5-15,1.111742415777763,58,1.1054483183736596,WLS,17,0.006294097404103249
3,UPFC_tsh,5-15,-0.22960571987921488,58,-0.22985985232200498,WLS,17,0.0002541324427901004
4,UPFC_Vse,5-15,0.0585722088580945,58,0.06172078957104056,WLS,17,0.0031485807129460613
5,UPFC_tse,5-15,-2.124483014149743,58,-2.1585402609080546,WLS,17,0.03405724675831179
0,x_tcsc,1-14,-0.11315766329310845,59,-0.11322089739296207,WLS,17,6.323409985362072e-05
1,B_svc,2,0.1836186949329131,59,0.18331825945899513,WLS,17,0.000300435473917976
2,UPFC_Vsh,5-15,1.1115653413538933,59,1.1054483183736596,WLS,17,0.006117022980233644
3,UPFC_tsh,5-15,-0.22965724994791384,59,-0.22985985232200498,WLS,17,0.00020260237409114312
4,UPFC_Vse,5-15,0.05913322777615437,59,0.06172078957104056,WLS,17,0.0025875617948861868
5,UPFC_tse,5-15,-2.1206567649247026,59,-2.1585402609080546,WLS,17,0.037883495983352056
0,x_tcsc,1-14,-0.11316121367646978,60,-0.11322089739296207,WLS,17,5.968371649228699e-05
1,B_svc,2,0.18372131858800175,60,0.18331825945899513,WLS,17,0.0004030591290066221
2,UPFC_Vsh,5-15,1.111813254609779,60,1.1054483183736596,WLS,17,0.006364936236119334
3,UPFC_tsh,5-15,-0.22964318710836917,60,-0.22985985232200498,WLS,17,0.00021666521363580826
4,UPFC_Vse,5-15,0.05917501437781922,60,0.06172078957104056,WLS,17,0.002545775193221342
5,UPFC_tse,5-15,-2.1205012532214655,60,-2.1585402609080546,WLS,17,0.03803900768658908
0,x_tcsc,1-14,-0.11315629916696489,61,-0.11322089739296207,WLS,17,6.459822599717835e-05
1,B_svc,2,0.18331985517427998,61,0.18331825945899513,WLS,17,1.5957152848522504e-06
2,UPFC_Vsh,5-15,1.1115322006448547,61,1.1054483183736596,WLS,17,0.006083882271195051
3,UPFC_tsh,5-15,-0.22967769508596333,61,-0.22985985232200498,WLS,17,0.0001821572360416468
4,UPFC_Vse,5-15,0.05923822738641826,61,0.06172078957104056,WLS,17,0.0024825621846222973
5,UPFC_tse,5-15,-2.1242108689208834,61,-2.1585402609080546,WLS,17,0.03432939198717122
0,x_tcsc,1-14,-0.11316842544303851,62,-0.11322089739296207,WLS,17,5.247194992355486e-05
1,B_svc,2,0.1837437261183928,62,0.18331825945899513,WLS,17,0.0004254666593976608
2,UPFC_Vsh,5-15,1.1115427179577977,62,1.1054483183736596,WLS,17,0.006094399584138044
3,UPFC_tsh,5-15,-0.22962523147671163,62,-0.22985985232200498,WLS,17,0.00023462084529335403
4,UPFC_Vse,5-15,0.05917157327932178,62,0.06172078957104056,WLS,17,0.002549216291718781
5,UPFC_tse,5-15,-2.1241578532003396,62,-2.1585402609080546,WLS,17,0.03438240770771506
0,x_tcsc,1-14,-0.1131838340044753,63,-0.11322089739296207,WLS,17,3.7063388486760496e-05
1,B_svc,2,0.18369589770457895,63,0.18331825945899513,WLS,17,0.00037763824558381676
2,UPFC_Vsh,5-15,1.111728666564413,63,1.1054483183736596,WLS,17,0.006280348190753404
3,UPFC_tsh,5-15,-0.22966742124030573,63,-0.22985985232200498,WLS,17,0.00019243108169925138
4,UPFC_Vse,5-15,0.05884386205138586,63,0.06172078957104056,WLS,17,0.0028769275196547026
5,UPFC_tse,5-15,-2.125520879541584,63,-2.1585402609080546,WLS,17,0.03301938136647076
0,x_tcsc,1-14,-0.1131587720559057,64,-0.11322089739296207,WLS,17,6.212533705636514e-05
1,B_svc,2,0.1837769002970524,64,0.18331825945899513,WLS,17,0.0004586408380572726
2,UPFC_Vsh,5-15,1.1119531405159382,64,1.1054483183736596,WLS,17,0.0065048221422785435
3,UPFC_tsh,5-15,-0.22968353982519893,64,-0.22985985232200498,WLS,17,0.00017631249680605254
4,UPFC_Vse,5-15,0.05913569109912323,64,0.06172078957104056,WLS,17,0.0025850984719173326
5,UPFC_tse,5-15,-2.126775197832707,64,-2.1585402609080546,WLS,17,0.031765063075347655
0,x_tcsc,1-14,-0.11316007839587552,65,-0.11322089739296207,WLS,17,6.081899708654248e-05
1,B_svc,2,0.18343271239794257,65,0.18331825945899513,WLS,17,0.00011445293894743469
2,UPFC_Vsh,5-15,1.1118434202254908,65,1.1054483183736596,WLS,17,0.00639510185183112
3,UPFC_tsh,5-15,-0.22957241999249106,65,-0.22985985232200498,WLS,17,0.0002874323295139203
4,UPFC_Vse,5-15,0.05887534749209586,65,0.06172078957104056,WLS,17,0.0028454420789447016
5,UPFC_tse,5-15,-2.121880192361824,65,-2.1585402609080546,WLS,17,0.03666006854623083
0,x_tcsc,1-14,-0.11315588389786589,66,-0.11322089739296207,WLS,17,6.501349509617504e-05
1,B_svc,2,0.18365173012090383,66,0.18331825945899513,WLS,17,0.0003334706619086969
2,UPFC_Vsh,5-15,1.1115834870525025,66,1.1054483183736596,WLS,17,0.006135168678842895
3,UPFC_tsh,5-15,-0.2296266092240031,66,-0.22985985232200498,WLS,17,0.00023324309800187848
4,UPFC_Vse,5-15,0.059128772081156626,66,0.06172078957104056,WLS,17,0.002592017489883934
5,UPFC_tse,5-15,-2.122596856783235,66,-2.1585402609080546,WLS,17,0.035943404124819445
0,x_tcsc,1-14,-0.1131631150419062,67,-0.11322089739296207,WLS,17,5.778235105587115e-05
1,B_svc,2,0.18325536056288588,67,0.18331825945899513,WLS,17,6.289889610924804e-05
2,UPFC_Vsh,5-15,1.1118966569211581,67,1.1054483183736596,WLS,17,0.006448338547498489
3,UPFC_tsh,5-15,-0.22959394742321587,67,-0.22985985232200498,WLS,17,0.00026590489878910994
4,UPFC_Vse,5-15,0.058875412843092896,67,0.06172078957104056,WLS,17,0.002845376727947664
5,UPFC_tse,5-15,-2.1253485331138644,67,-2.1585402609080546,WLS,17,0.03319172779419022
0,x_tcsc,1-14,-0.11316081393608295,68,-0.11322089739296207,WLS,17,6.008345687912031e-05
1,B_svc,2,0.18373683498796145,68,0.18331825945899513,WLS,17,0.00041857552896631955
2,UPFC_Vsh,5-15,1.1119056108179208,68,1.1054483183736596,WLS,17,0.006457292444261187
3,UPFC_tsh,5-15,-0.2296251084031592,68,-0.22985985232200498,WLS,17,0.00023474391884578671
4,UPFC_Vse,5-15,0.05891536278700522,68,0.06172078957104056,WLS,17,0.0028054267840353433
5,UPFC_tse,5-15,-2.1234839855312684,68,-2.1585402609080546,WLS,17,0.03505627537678624
0,x_tcsc,1-14,-0.11314286282432881,69,-0.11322089739296207,WLS,17,7.80345686332562e-05
1,B_svc,2,0.18412355763985747,69,0.18331825945899513,WLS,17,0.000805298180862335
2,UPFC_Vsh,5-15,1.1115540803408077,69,1.1054483183736596,WLS,17,0.006105761967148071
3,UPFC_tsh,5-15,-0.2296767494464661,69,-0.22985985232200498,WLS,17,0.00018310287553888194
4,UPFC_Vse,5-15,0.05892690246458435,69,0.06172078957104056,WLS,17,0.002793887106456207
5,UPFC_tse,5-15,-2.1225489849839985,69,-2.1585402609080546,WLS,17,0.035991275924056154
0,x_tcsc,1-14,-0.11316479531564155,70,-0.11322089739296207,WLS,17,5.610207732051342e-05
1,B_svc,2,0.18325811943654324,70,0.18331825945899513,WLS,17,6.0140022451887765e-05
2,UPFC_Vsh,5-15,1.1115344416254895,70,1.1054483183736596,WLS,17,0.006086123251829889
3,UPFC_tsh,5-15,-0.22965257008007472,70,-0.22985985232200498,WLS,17,0.00020728224193025668
4,UPFC_Vse,5-15,0.059109541999170026,70,0.06172078957104056,WLS,17,0.002611247571870534
5,UPFC_tse,5-15,-2.1223383857642135,70,-2.1585402609080546,WLS,17,0.0362018751438411
0,x_tcsc,1-14,-0.1131622316866851,71,-0.11322089739296207,WLS,17,5.866570627696688e-05
1,B_svc,2,0.18343996482474567,71,0.18331825945899513,WLS,17,0.0001217053657505407
2,UPFC_Vsh,5-15,1.1117596785828896,71,1.1054483183736596,WLS,17,0.006311360209229955
3,UPFC_tsh,5-15,-0.22966513621228518,71,-0.22985985232200498,WLS,17,0.00019471610971980025
4,UPFC_Vse,5-15,0.0590853051693928,71,0.06172078957104056,WLS,17,0.002635484401647757
5,UPFC_tse,5-15,-2.1239630354155343,71,-2.1585402609080546,WLS,17,0.03457722549252029
0,x_tcsc,1-14,-0.11316198405716374,72,-0.11322089739296207,WLS,17,5.891333579832736e-05
1,B_svc,2,0.18395257697715892,72,0.18331825945899513,WLS,17,0.000634317518163785
2,UPFC_Vsh,5-15,1.1115123540666327,72,1.1054483183736596,WLS,17,0.006064035692973091
3,UPFC_tsh,5-15,-0.22968522311166567,72,-0.22985985232200498,WLS,17,0.000174629210339311
4,UPFC_Vse,5-15,0.05888165467881934,72,0.06172078957104056,WLS,17,0.0028391348922212206
5,UPFC_tse,5-15,-2.123772765419479,72,-2.1585402609080546,WLS,17,0.034767495488575495
0,x_tcsc,1-14,-0.11317118328770097,73,-0.11322089739296207,WLS,17,4.971410526109776e-05
1,B_svc,2,0.18366058412887856,73,0.18331825945899513,WLS,17,0.00034232466988343146
2,UPFC_Vsh,5-15,1.1118643831428319,73,1.1054483183736596,WLS,17,0.006416064769172225
3,UPFC_tsh,5-15,-0.2295996140246804,73,-0.22985985232200498,WLS,17,0.0002602382973245776
4,UPFC_Vse,5-15,0.058697293787977056,73,0.06172078957104056,WLS,17,0.003023495783063504
5,UPFC_tse,5-15,-2.1258802083417776,73,-2.1585402609080546,WLS,17,0.03266005256627702
0,x_tcsc,1-14,-0.11315629709065665,74,-0.11322089739296207,WLS,17,6.46003023054148e-05
1,B_svc,2,0.18363511863075968,74,0.18331825945899513,WLS,17,0.0003168591717645497
2,UPFC_Vsh,5-15,1.1118566981696247,74,1.1054483183736596,WLS,17,0.006408379795965091
3,UPFC_tsh,5-15,-0.22958106053869146,74,-0.22985985232200498,WLS,17,0.0002787917833135256
4,UPFC_Vse,5-15,0.05873557987269523,74,0.06172078957104056,WLS,17,0.0029852096983453286
5,UPFC_tse,5-15,-2.1229161582177523,74,-2.1585402609080546,WLS,17,0.03562410269030236
0,x_tcsc,1-14,-0.1131787358908533,75,-0.11322089739296207,WLS,17,4.216150210877012e-05
1,B_svc,2,0.183512157093343,75,0.18331825945899513,WLS,17,0.0001938976343478782
2,UPFC_Vsh,5-15,1.1115611254763331,75,1.1054483183736596,WLS,17,0.006112807102673479
3,UPFC_tsh,5-15,-0.22966949302158987,75,-0.22985985232200498,WLS,17,0.0001903593004151105
4,UPFC_Vse,5-15,0.05893807458667077,75,0.06172078957104056,WLS,17,0.0027827149843697926
5,UPFC_tse,5-15,-2.1222256562549773,75,-2.1585402609080546,WLS,17,0.03631460465307734
0,x_tcsc,1-14,-0.11315114490088991,76,-0.11322089739296207,WLS,17,6.975249207215317e-05
1,B_svc,2,0.18398546523139236,76,0.18331825945899513,WLS,17,0.0006672057723972336
2,UPFC_Vsh,5-15,1.1115517164241198,76,1.1054483183736596,WLS,17,0.006103398050460118
3,UPFC_tsh,5-15,-0.22957785356681798,76,-0.22985985232200498,WLS,17,0.0002819987551870018
4,UPFC_Vse,5-15,0.05906785050009293,76,0.06172078957104056,WLS,17,0.0026529390709476297
5,UPFC_tse,5-15,-2.123418330818121,76,-2.1585402609080546,WLS,17,0.035121930089933695
0,x_tcsc,1-14,-0.11316364095851907,77,-0.11322089739296207,WLS,17,5.725643444300099e-05
1,B_svc,2,0.18359861689467383,77,0.18331825945899513,WLS,17,0.0002803574356786964
2,UPFC_Vsh,5-15,1.1117302090067533,77,1.1054483183736596,WLS,17,0.006281890633093701
3,UPFC_tsh,5-15,-0.22959560565613243,77,-0.22985985232200498,WLS,17,0.0002642466658725473
4,UPFC_Vse,5-15,0.05902554092194048,77,0.06172078957104056,WLS,17,0.0026952486491000835
5,UPFC_tse,5-15,-2.120918997455252,77,-2.1585402609080546,WLS,17,0.03762126345280281
0,x_tcsc,1-14,-0.11315649883443084,78,-0.11322089739296207,WLS,17,6.439855853122844e-05
1,B_svc,2,0.18337128048661594,78,0.18331825945899513,WLS,17,5.3021027620808736e-05
2,UPFC_Vsh,5-15,1.1116531903859372,78,1.1054483183736596,WLS,17,0.006204872012277596
3,UPFC_tsh,5-15,-0.22963328440848685,78,-0.22985985232200498,WLS,17,0.0002265679135181331
4,UPFC_Vse,5-15,0.05882404873165815,78,0.06172078957104056,WLS,17,0.0028967408393824126
5,UPFC_tse,5-15,-2.1250573870950964,78,-2.1585402609080546,WLS,17,0.033482873812958225
0,x_tcsc,1-14,-0.11316882456595298,79,-0.11322089739296207,WLS,17,5.207282700908644e-05
1,B_svc,2,0.18367477249010072,79,0.18331825945899513,WLS,17,0.00035651303110559307
2,UPFC_Vsh,5-15,1.1118615736847701,79,1.1054483183736596,WLS,17,0.006413255311110477
3,UPFC_tsh,5-15,-0.22964588648418,79,-0.22985985232200498,WLS,17,0.00021396583782498646
4,UPFC_Vse,5-15,0.05870993564154783,79,0.06172078957104056,WLS,17,0.0030108539294927336
5,UPFC_tse,5-15,-2.12297740105407,79,-2.1585402609080546,WLS,17,0.03556285985398455
0,x_tcsc,1-14,-0.11316115858480243,80,-0.11322089739296207,WLS,17,5.9738808159640056e-05
1,B_svc,2,0.18346180412241023,80,0.18331825945899513,WLS,17,0.00014354466341509609
2,UPFC_Vsh,5-15,1.1119321939863787,80,1.1054483183736596,WLS,17,0.0064838756127190145
3,UPFC_tsh,5-15,-0.22959397543601068,80,-0.22985985232200498,WLS,17,0.0002658768859943039
4,UPFC_Vse,5-15,0.058977751769090245,80,0.06172078957104056,WLS,17,0.0027430378019503154
5,UPFC_tse,5-15,-2.1240788361283327,80,-2.1585402609080546,WLS,17,0.034461424779721916
0,x_tcsc,1-14,-0.11316747971807216,81,-0.11322089739296207,WLS,17,5.3417674889907896e-05
1,B_svc,2,0.1836353270761038,81,0.18331825945899513,WLS,17,0.0003170676171086739
2,UPFC_Vsh,5-15,1.1115865827011409,81,1.1054483183736596,WLS,17,0.006138264327481213
3,UPFC_tsh,5-15,-0.2296280657873114,81,-0.22985985232200498,WLS,17,0.0002317865346935788
4,UPFC_Vse,5-15,0.05849368718505148,81,0.06172078957104056,WLS,17,0.0032271023859890835
5,UPFC_tse,5-15,-2.125316610082138,81,-2.1585402609080546,WLS,17,0.03322365082591672
0,x_tcsc,1-14,-0.11315132174160185,82,-0.11322089739296207,WLS,17,6.957565136021804e-05
1,B_svc,2,0.18367030421667505,82,0.18331825945899513,WLS,17,0.0003520447576799146
2,UPFC_Vsh,5-15,1.1116784437366947,82,1.1054483183736596,WLS,17,0.006230125363035022
3,UPFC_tsh,5-15,-0.2296671217661379,82,-0.22985985232200498,WLS,17,0.00019273055586707666
4,UPFC_Vse,5-15,0.058920603917722206,82,0.06172078957104056,WLS,17,0.0028001856533183545
5,UPFC_tse,5-15,-2.119380290568984,82,-2.1585402609080546,WLS,17,0.03915997033907059
0,x_tcsc,1-14,-0.11315429871399531,83,-0.11322089739296207,WLS,17,6.659867896675886e-05
1,B_svc,2,0.1840186005381692,83,0.18331825945899513,WLS,17,0.0007003410791740772
2,UPFC_Vsh,5-15,1.111739400389677,83,1.1054483183736596,WLS,17,0.0062910820160173575
3,UPFC_tsh,5-15,-0.2296811347038045,83,-0.22985985232200498,WLS,17,0.0001787176182004857
4,UPFC_Vse,5-15,0.058996976614219994,83,0.06172078957104056,WLS,17,0.0027238129568205663
5,UPFC_tse,5-15,-2.1229108476277085,83,-2.1585402609080546,WLS,17,0.03562941328034608
0,x_tcsc,1-14,-0.11314241967884336,84,-0.11322089739296207,WLS,17,7.847771411870208e-05
1,B_svc,2,0.18365155249537346,84,0.18331825945899513,WLS,17,0.0003332930363783293
2,UPFC_Vsh,5-15,1.111792815534714,84,1.1054483183736596,WLS,17,0.006344497161054452
3,UPFC_tsh,5-15,-0.22964102931931285,84,-0.22985985232200498,WLS,17,0.00021882300269213117
4,UPFC_Vse,5-15,0.05931310391665121,84,0.06172078957104056,WLS,17,0.002407685654389348
5,UPFC_tse,5-15,-2.1245547970002954,84,-2.1585402609080546,WLS,17,0.03398546390775925
0,x_tcsc,1-14,-0.11314807389431811,85,-0.11322089739296207,WLS,17,7.28234986439591e-05
1,B_svc,2,0.18350954844885428,85,0.18331825945899513,WLS,17,0.00019128898985915077
2,UPFC_Vsh,5-15,1.11188761255621,85,1.1054483183736596,WLS,17,0.0064392941825504035
3,UPFC_tsh,5-15,-0.2296334638735042,85,-0.22985985232200498,WLS,17,0.0002263884485007861
4,UPFC_Vse,5-15,0.058964699809110344,85,0.06172078957104056,WLS,17,0.0027560897619302166
5,UPFC_tse,5-15,-2.124549983535335,85,-2.1585402609080546,WLS,17,0.033990277372719646
0,x_tcsc,1-14,-0.11316592883033967,86,-0.11322089739296207,WLS,17,5.496856262239558e-05
1,B_svc,2,0.1835557629213923,86,0.18331825945899513,WLS,17,0.00023750346239717612
2,UPFC_Vsh,5-15,1.1116927073646292,86,1.1054483183736596,WLS,17,0.006244388990969574
3,UPFC_tsh,5-15,-0.22963254116748852,86,-0.22985985232200498,WLS,17,0.000227311154516463
4,UPFC_Vse,5-15,0.05920673147330612,86,0.06172078957104056,WLS,17,0.002514058097734438
5,UPFC_tse,5-15,-2.1236283696403526,86,-2.1585402609080546,WLS,17,0.034911891267702
0,x_tcsc,1-14,-0.11314688973963809,87,-0.11322089739296207,WLS,17,7.400765332397918e-05
1,B_svc,2,0.1836604222769184,87,0.18331825945899513,WLS,17,0.00034216281792326386
2,UPFC_Vsh,5-15,1.1115714479630372,87,1.1054483183736596,WLS,17,0.006123129589377552
3,UPFC_tsh,5-15,-0.22967858271362696,87,-0.22985985232200498,WLS,17,0.0001812696083780263
4,UPFC_Vse,5-15,0.058584759483790716,87,0.06172078957104056,WLS,17,0.0031360300872498442
5,UPFC_tse,5-15,-2.1227532119452177,87,-2.1585402609080546,WLS,17,0.03578704896283691
0,x_tcsc,1-14,-0.11316747279910899,88,-0.11322089739296207,WLS,17,5.342459385307419e-05
1,B_svc,2,0.18429561011857568,88,0.18331825945899513,WLS,17,0.0009773506595805448
2,UPFC_Vsh,5-15,1.1114890056031823,88,1.1054483183736596,WLS,17,0.006040687229522668
3,UPFC_tsh,5-15,-0.22961127219588334,88,-0.22985985232200498,WLS,17,0.00024858012612163916
4,UPFC_Vse,5-15,0.058648394207940935,88,0.06172078957104056,WLS,17,0.0030723953630996254
5,UPFC_tse,5-15,-2.122566271550205,88,-2.1585402609080546,WLS,17,0.03597398935784968
0,x_tcsc,1-14,-0.11315716273382863,89,-0.11322089739296207,WLS,17,6.373465913343812e-05
1,B_svc,2,0.18353808095946245,89,0.18331825945899513,WLS,17,0.0002198215004673154
2,UPFC_Vsh,5-15,1.1114629929604867,89,1.1054483183736596,WLS,17,0.006014674586827029
3,UPFC_tsh,5-15,-0.22964632369018262,89,-0.22985985232200498,WLS,17,0.0002135286318223628
4,UPFC_Vse,5-15,0.05882762880065494,89,0.06172078957104056,WLS,17,0.002893160770385622
5,UPFC_tse,5-15,-2.1238827211767988,89,-2.1585402609080546,WLS,17,0.03465753973125585
0,x_tcsc,1-14,-0.11316163968866316,90,-0.11322089739296207,WLS,17,5.925770429890398e-05
1,B_svc,2,0.18334648618386395,90,0.18331825945899513,WLS,17,2.8226724868823938e-05
2,UPFC_Vsh,5-15,1.1112618287122804,90,1.1054483183736596,WLS,17,0.005813510338620764
3,UPFC_tsh,5-15,-0.22973939093050336,90,-0.22985985232200498,WLS,17,0.00012046139150162505
4,UPFC_Vse,5-15,0.059180721811066886,90,0.06172078957104056,WLS,17,0.0025400677599736743
5,UPFC_tse,5-15,-2.1199838200495114,90,-2.1585402609080546,WLS,17,0.03855644085854326
0,x_tcsc,1-14,-0.11315284731169575,91,-0.11322089739296207,WLS,17,6.805008126631318e-05
1,B_svc,2,0.18352838464304,91,0.18331825945899513,WLS,17,0.00021012518404486813
2,UPFC_Vsh,5-15,1.111677370382046,91,1.1054483183736596,WLS,17,0.006229052008386304
3,UPFC_tsh,5-15,-0.22966882679626008,91,-0.22985985232200498,WLS,17,0.0001910255257449034
4,UPFC_Vse,5-15,0.05870029183736664,91,0.06172078957104056,WLS,17,0.0030204977336739172
5,UPFC_tse,5-15,-2.1267632255972417,91,-2.1585402609080546,WLS,17,0.031777035310812884
0,x_tcsc,1-14,-0.1131702109091023,92,-0.11322089739296207,WLS,17,5.068648385976593e-05
1,B_svc,2,0.1835962447564417,92,0.18331825945899513,WLS,17,0.00027798529744657574
2,UPFC_Vsh,5-15,1.1112745539814197,92,1.1054483183736596,WLS,17,0.005826235607760077
3,UPFC_tsh,5-15,-0.2296792876763673,92,-0.22985985232200498,WLS,17,0.00018056464563767638
4,UPFC_Vse,5-15,0.059608601608820894,92,0.06172078957104056,WLS,17,0.0021121879622196665
5,UPFC_tse,5-15,-2.122752792614229,92,-2.1585402609080546,WLS,17,0.03578746829382551
0,x_tcsc,1-14,-0.1131628051571456,93,-0.11322089739296207,WLS,17,5.809223581647316e-05
1,B_svc,2,0.183295894424953,93,0.18331825945899513,WLS,17,2.236503404212664e-05
2,UPFC_Vsh,5-15,1.1113368480059103,93,1.1054483183736596,WLS,17,0.005888529632250616
3,UPFC_tsh,5-15,-0.2295797288313299,93,-0.22985985232200498,WLS,17,0.00028012349067507714
4,UPFC_Vse,5-15,0.059551422871542914,93,0.06172078957104056,WLS,17,0.0021693666994976463
5,UPFC_tse,5-15,-2.1219874517960555,93,-2.1585402609080546,WLS,17,0.036552809111999096
0,x_tcsc,1-14,-0.11316770716387513,94,-0.11322089739296207,WLS,17,5.319022908693849e-05
1,B_svc,2,0.1832197550218435,94,0.18331825945899513,WLS,17,9.850443715161972e-05
2,UPFC_Vsh,5-15,1.1116935488470876,94,1.1054483183736596,WLS,17,0.006245230473427954
3,UPFC_tsh,5-15,-0.22958376734343355,94,-0.22985985232200498,WLS,17,0.0002760849785714281
4,UPFC_Vse,5-15,0.058389565012960325,94,0.06172078957104056,WLS,17,0.0033312245580802355
5,UPFC_tse,5-15,-2.1236472357300147,94,-2.1585402609080546,WLS,17,0.03489302517803994
0,x_tcsc,1-14,-0.11317098149103143,95,-0.11322089739296207,WLS,17,4.9915901930638884e-05
1,B_svc,2,0.18370469253655533,95,0.18331825945899513,WLS,17,0.00038643307756019984
2,UPFC_Vsh,5-15,1.1117985245001276,95,1.1054483183736596,WLS,17,0.006350206126467972
3,UPFC_tsh,5-15,-0.22966715637962704,95,-0.22985985232200498,WLS,17,0.00019269594237794618
4,UPFC_Vse,5-15,0.05939830108119159,95,0.06172078957104056,WLS,17,0.0023224884898489714
5,UPFC_tse,5-15,-2.123506201332853,95,-2.1585402609080546,WLS,17,0.03503405957520167
0,x_tcsc,1-14,-0.11316621859555094,96,-0.11322089739296207,WLS,17,5.467879741112569e-05
1,B_svc,2,0.18301183251915698,96,0.18331825945899513,WLS,17,0.0003064269398381503
2,UPFC_Vsh,5-15,1.1117108665572324,96,1.1054483183736596,WLS,17,0.006262548183572747
3,UPFC_tsh,5-15,-0.22967118024181338,96,-0.22985985232200498,WLS,17,0.0001886720801916042
4,UPFC_Vse,5-15,0.05833614597242365,96,0.06172078957104056,WLS,17,0.0033846435986169127
5,UPFC_tse,5-15,-2.1246030049156017,96,-2.1585402609080546,WLS,17,0.0339372559924529
0,x_tcsc,1-14,-0.11315529856843674,97,-0.11322089739296207,WLS,17,6.559882452532306e-05
1,B_svc,2,0.18384074640030584,97,0.18331825945899513,WLS,17,0.0005224869413107125
2,UPFC_Vsh,5-15,1.1119028615293025,97,1.1054483183736596,WLS,17,0.006454543155642867
3,UPFC_tsh,5-15,-0.22961537054326672,97,-0.22985985232200498,WLS,17,0.00024448177873825916
4,UPFC_Vse,5-15,0.05902312467699784,97,0.06172078957104056,WLS,17,0.0026976648940427173
5,UPFC_tse,5-15,-2.122543181985221,97,-2.1585402609080546,WLS,17,0.03599707892283366
0,x_tcsc,1-14,-0.11317227361859944,98,-0.11322089739296207,WLS,17,4.8623774362627215e-05
1,B_svc,2,0.18360782969107012,98,0.18331825945899513,WLS,17,0.0002895702320749871
2,UPFC_Vsh,5-15,1.111515279506681,98,1.1054483183736596,WLS,17,0.006066961133021298
3,UPFC_tsh,5-15,-0.22964681478144236,98,-0.22985985232200498,WLS,17,0.0002130375405626217
4,UPFC_Vse,5-15,0.05902191325560077,98,0.06172078957104056,WLS,17,0.0026988763154397882
5,UPFC_tse,5-15,-2.1219751229741224,98,-2.1585402609080546,WLS,17,0.036565137933932235
0,x_tcsc,1-14,-0.11313767164767007,99,-0.11322089739296207,WLS,17,8.3225745292001e-05
1,B_svc,2,0.18394922413119372,99,0.18331825945899513,WLS,17,0.0006309646721985862
2,UPFC_Vsh,5-15,1.1117390541904653,99,1.1054483183736596,WLS,17,0.006290735816805615
3,UPFC_tsh,5-15,-0.22967647667508992,99,-0.22985985232200498,WLS,17,0.0001833756469150627
4,UPFC_Vse,5-15,0.05945425375997963,99,0.06172078957104056,WLS,17,0.002266535811060927
5,UPFC_tse,5-15,-2.12595315218755,99,-2.1585402609080546,WLS,17,0.03258710872050452
0,x_tcsc,1-14,-0.11349590672416181,0,-0.11354314416308604,WLS,19,4.723743892423582e-05
1,B_svc,2,0.18313755880188956,0,0.18328693294864615,WLS,19,0.00014937414675658678
2,UPFC_Vsh,5-15,1.111528562145285,0,1.1043156118880415,WLS,19,0.0072129502572435555
3,UPFC_tsh,5-15,-0.22888200011242327,0,-0.2291201076256457,WLS,19,0.00023810751322242418
4,UPFC_Vse,5-15,0.05913871981383712,0,0.06277882033515635,WLS,19,0.003640100521319224
5,UPFC_tse,5-15,-2.125231059328752,0,-2.1680451844362034,WLS,19,0.04281412510745142
0,x_tcsc,1-14,-0.11348094283348739,1,-0.11354314416308604,WLS,19,6.220132959865177e-05
1,B_svc,2,0.1838469276010871,1,0.18328693294864615,WLS,19,0.0005599946524409427
2,UPFC_Vsh,5-15,1.1111235431165591,1,1.1043156118880415,WLS,19,0.0068079312285176385
3,UPFC_tsh,5-15,-0.22887565257415265,1,-0.2291201076256457,WLS,19,0.0002444550514930366
4,UPFC_Vse,5-15,0.05926835679601592,1,0.06277882033515635,WLS,19,0.003510463539140425
5,UPFC_tse,5-15,-2.1243749554231615,1,-2.1680451844362034,WLS,19,0.04367022901304196
0,x_tcsc,1-14,-0.11350334148054418,2,-0.11354314416308604,WLS,19,3.980268254186181e-05
1,B_svc,2,0.18372509463861075,2,0.18328693294864615,WLS,19,0.0004381616899646057
2,UPFC_Vsh,5-15,1.111316286893231,2,1.1043156118880415,WLS,19,0.007000675005189416
3,UPFC_tsh,5-15,-0.22889081507009243,2,-0.2291201076256457,WLS,19,0.0002292925555532621
4,UPFC_Vse,5-15,0.059313101940804754,2,0.06277882033515635,WLS,19,0.0034657183943515926
5,UPFC_tse,5-15,-2.127381051443689,2,-2.1680451844362034,WLS,19,0.04066413299251437
0,x_tcsc,1-14,-0.11349002365259248,3,-0.11354314416308604,WLS,19,5.312051049356781e-05
1,B_svc,2,0.18292756602954918,3,0.18328693294864615,WLS,19,0.00035936691909696505
2,UPFC_Vsh,5-15,1.1113467474473433,3,1.1043156118880415,WLS,19,0.007031135559301793
3,UPFC_tsh,5-15,-0.22895043593140213,3,-0.2291201076256457,WLS,19,0.00016967169424356165
4,UPFC_Vse,5-15,0.059235212194841166,3,0.06277882033515635,WLS,19,0.00354360814031518
5,UPFC_tse,5-15,-2.1266768384962598,3,-2.1680451844362034,WLS,19,0.04136834593994365
0,x_tcsc,1-14,-0.1134962362596831,4,-0.11354314416308604,WLS,19,4.690790340294848e-05
1,B_svc,2,0.18377240329488312,4,0.18328693294864615,WLS,19,0.0004854703462369714
2,UPFC_Vsh,5-15,1.111571423735789,4,1.1043156118880415,WLS,19,0.007255811847747484
3,UPFC_tsh,5-15,-0.22888974727390968,4,-0.2291201076256457,WLS,19,0.0002303603517360142
4,UPFC_Vse,5-15,0.0593110390965922,4,0.06277882033515635,WLS,19,0.0034677812385641438
5,UPFC_tse,5-15,-2.1265406796019413,4,-2.1680451844362034,WLS,19,0.04150450483426216
0,x_tcsc,1-14,-0.11349928889625047,5,-0.11354314416308604,WLS,19,4.3855266835576834e-05
1,B_svc,2,0.18354871103086132,5,0.18328693294864615,WLS,19,0.0002617780822151694
2,UPFC_Vsh,5-15,1.111680434608202,5,1.1043156118880415,WLS,19,0.007364822720160591
3,UPFC_tsh,5-15,-0.2288887018687429,5,-0.2291201076256457,WLS,19,0.00023140575690278054
4,UPFC_Vse,5-15,0.05940016516725444,5,0.06277882033515635,WLS,19,0.003378655167901909
5,UPFC_tse,5-15,-2.1261371030042926,5,-2.1680451844362034,WLS,19,0.041908081431910826
0,x_tcsc,1-14,-0.11349380797764531,6,-0.11354314416308604,WLS,19,4.933618544072926e-05
1,B_svc,2,0.18331995714308078,6,0.18328693294864615,WLS,19,3.3024194434627674e-05
2,UPFC_Vsh,5-15,1.1116803959615178,6,1.1043156118880415,WLS,19,0.007364784073476294
3,UPFC_tsh,5-15,-0.22890368118101057,6,-0.2291201076256457,WLS,19,0.00021642644463512606
4,UPFC_Vse,5-15,0.05940509489787545,6,0.06277882033515635,WLS,19,0.003373725437280893
5,UPFC_tse,5-15,-2.1279371688876663,6,-2.1680451844362034,WLS,19,0.04010801554853716
0,x_tcsc,1-14,-0.11350727848850574,7,-0.11354314416308604,WLS,19,3.586567458030432e-05
1,B_svc,2,0.18374978858915234,7,0.18328693294864615,WLS,19,0.0004628556405061879
2,UPFC_Vsh,5-15,1.1115295081551575,7,1.1043156118880415,WLS,19,0.007213896267115993
3,UPFC_tsh,5-15,-0.22891096489259255,7,-0.2291201076256457,WLS,19,0.00020914273305314146
4,UPFC_Vse,5-15,0.0589210402026735,7,0.06277882033515635,WLS,19,0.0038577801324828492
5,UPFC_tse,5-15,-2.125910092351693,7,-2.1680451844362034,WLS,19,0.04213509208451027
0,x_tcsc,1-14,-0.11349901009876448,8,-0.11354314416308604,WLS,19,4.413406432156319e-05
1,B_svc,2,0.18345884184825037,8,0.18328693294864615,WLS,19,0.00017190889960422284
2,UPFC_Vsh,5-15,1.1116070786026802,8,1.1043156118880415,WLS,19,0.00729146671463865
3,UPFC_tsh,5-15,-0.2289120432887901,8,-0.2291201076256457,WLS,19,0.000208064336855579
4,UPFC_Vse,5-15,0.059297400393456864,8,0.06277882033515635,WLS,19,0.0034814199416994818
5,UPFC_tse,5-15,-2.1259240469991108,8,-2.1680451844362034,WLS,19,0.04212113743709267
0,x_tcsc,1-14,-0.11349063599631475,9,-0.11354314416308604,WLS,19,5.250816677129788e-05
1,B_svc,2,0.18350583762370873,9,0.18328693294864615,WLS,19,0.00021890467506258116
2,UPFC_Vsh,5-15,1.111701334803624,9,1.1043156118880415,WLS,19,0.007385722915582482
3,UPFC_tsh,5-15,-0.22883647954360536,9,-0.2291201076256457,WLS,19,0.00028362808204032697
4,UPFC_Vse,5-15,0.05953053016053712,9,0.06277882033515635,WLS,19,0.0032482901746192228
5,UPFC_tse,5-15,-2.1259038514820086,9,-2.1680451844362034,WLS,19,0.042141332954194866
0,x_tcsc,1-14,-0.11347715942539738,10,-0.11354314416308604,WLS,19,6.59847376886652e-05
1,B_svc,2,0.18341189410901249,10,0.18328693294864615,WLS,19,0.0001249611603663381
2,UPFC_Vsh,5-15,1.1111804735996693,10,1.1043156118880415,WLS,19,0.006864861711627812
3,UPFC_tsh,5-15,-0.22887183421354182,10,-0.2291201076256457,WLS,19,0.0002482734121038721
4,UPFC_Vse,5-15,0.058774707804987114,10,0.06277882033515635,WLS,19,0.004004112530169232
5,UPFC_tse,5-15,-2.124943431522314,10,-2.1680451844362034,WLS,19,0.04310175291388951
0,x_tcsc,1-14,-0.11349869281806935,11,-0.11354314416308604,WLS,19,4.4451345016696675e-05
1,B_svc,2,0.18351648382148095,11,0.18328693294864615,WLS,19,0.00022955087283479947
2,UPFC_Vsh,5-15,1.1115421402933212,11,1.1043156118880415,WLS,19,0.0072265284052797085
3,UPFC_tsh,5-15,-0.22889285099576742,11,-0.2291201076256457,WLS,19,0.00022725662987826967
4,UPFC_Vse,5-15,0.05872166380373934,11,0.06277882033515635,WLS,19,0.004057156531417007
5,UPFC_tse,5-15,-2.1256434614420128,11,-2.1680451844362034,WLS,19,0.04240172299419065
0,x_tcsc,1-14,-0.11347921928928552,12,-0.11354314416308604,WLS,19,6.392487380052492e-05
1,B_svc,2,0.1833486008058041,12,0.18328693294864615,WLS,19,6.16678571579432e-05
2,UPFC_Vsh,5-15,1.111698979048477,12,1.1043156118880415,WLS,19,0.007383367160435528
3,UPFC_tsh,5-15,-0.22892077953544512,12,-0.2291201076256457,WLS,19,0.00019932809020056785
4,UPFC_Vse,5-15,0.05922811608215293,12,0.06277882033515635,WLS,19,0.0035507042530034186
5,UPFC_tse,5-15,-2.1251984530126258,12,-2.1680451844362034,WLS,19,0.042846731423577644
0,x_tcsc,1-14,-0.11349051436309704,13,-0.11354314416308604,WLS,19,5.262979998900408e-05
1,B_svc,2,0.18329368351556316,13,0.18328693294864615,WLS,19,6.7505669170131455e-06
2,UPFC_Vsh,5-15,1.1113469360063128,13,1.1043156118880415,WLS,19,0.007031324118271343
3,UPFC_tsh,5-15,-0.2289661363095425,13,-0.2291201076256457,WLS,19,0.00015397131610320192
4,UPFC_Vse,5-15,0.058995525327108146,13,0.06277882033515635,WLS,19,0.0037832950080482
5,UPFC_tse,5-15,-2.1248881232420063,13,-2.1680451844362034,WLS,19,0.043157061194197155
0,x_tcsc,1-14,-0.11349232139307962,14,-0.11354314416308604,WLS,19,5.0822770006425655e-05
1,B_svc,2,0.18327230287735496,14,0.18328693294864615,WLS,19,1.4630071291182878e-05
2,UPFC_Vsh,5-15,1.111792358317189,14,1.1043156118880415,WLS,19,0.007476746429147418
3,UPFC_tsh,5-15,-0.2288667896592066,14,-0.2291201076256457,WLS,19,0.0002533179664390983
4,UPFC_Vse,5-15,0.059127518433837616,14,0.06277882033515635,WLS,19,0.0036513019013187306
5,UPFC_tse,5-15,-2.1263128637045567,14,-2.1680451844362034,WLS,19,0.04173232073164668
0,x_tcsc,1-14,-0.1135007173967799,15,-0.11354314416308604,WLS,19,4.242676630614173e-05
1,B_svc,2,0.1829845110939857,15,0.18328693294864615,WLS,19,0.0003024218546604507
2,UPFC_Vsh,5-15,1.1114498035307676,15,1.1043156118880415,WLS,19,0.0071341916427261065
3,UPFC_tsh,5-15,-0.22884033485037145,15,-0.2291201076256457,WLS,19,0.00027977277527424516
4,UPFC_Vse,5-15,0.05954990707560946,15,0.06277882033515635,WLS,19,0.003228913259546884
5,UPFC_tse,5-15,-2.122906012521507,15,-2.1680451844362034,WLS,19,0.04513917191469652
0,x_tcsc,1-14,-0.11349188992306254,16,-0.11354314416308604,WLS,19,5.125424002350165e-05
1,B_svc,2,0.18331481343579512,16,0.18328693294864615,WLS,19,2.788048714896796e-05
2,UPFC_Vsh,5-15,1.1112289704923266,16,1.1043156118880415,WLS,19,0.0069133586042851025
3,UPFC_tsh,5-15,-0.228955872775797,16,-0.2291201076256457,WLS,19,0.0001642348498487045
4,UPFC_Vse,5-15,0.059641094133985,16,0.06277882033515635,WLS,19,0.003137726201171344
5,UPFC_tse,5-15,-2.121281324225998,16,-2.1680451844362034,WLS,19,0.04676386021020562
0,x_tcsc,1-14,-0.11349641620984785,17,-0.11354314416308604,WLS,19,4.672795323819312e-05
1,B_svc,2,0.18346535098154204,17,0.18328693294864615,WLS,19,0.00017841803289589397
2,UPFC_Vsh,5-15,1.1116045838845279,17,1.1043156118880415,WLS,19,0.007288971996486371
3,UPFC_tsh,5-15,-0.2289606593672813,17,-0.2291201076256457,WLS,19,0.00015944825836439191
4,UPFC_Vse,5-15,0.05896718927274755,17,0.06277882033515635,WLS,19,0.0038116310624087962
5,UPFC_tse,5-15,-2.1306593793165587,17,-2.1680451844362034,WLS,19,0.03738580511964473
0,x_tcsc,1-14,-0.1134915681900593,18,-0.11354314416308604,WLS,19,5.157597302674066e-05
1,B_svc,2,0.18331677582622308,18,0.18328693294864615,WLS,19,2.9842877576929938e-05
2,UPFC_Vsh,5-15,1.1116185581675229,18,1.1043156118880415,WLS,19,0.007302946279481359
3,UPFC_tsh,5-15,-0.2289284508005967,18,-0.2291201076256457,WLS,19,0.00019165682504898585
4,UPFC_Vse,5-15,0.05963963184062861,18,0.06277882033515635,WLS,19,0.0031391884945277393
5,UPFC_tse,5-15,-2.126480786157103,18,-2.1680451844362034,WLS,19,0.04156439827910052
0,x_tcsc,1-14,-0.11350129070942942,19,-0.11354314416308604,WLS,19,4.185345365662063e-05
1,B_svc,2,0.1838091468810512,19,0.18328693294864615,WLS,19,0.0005222139324050634
2,UPFC_Vsh,5-15,1.1113947908371125,19,1.1043156118880415,WLS,19,0.007079178949070952
3,UPFC_tsh,5-15,-0.22892069168679535,19,-0.2291201076256457,WLS,19,0.00019941593885033915
4,UPFC_Vse,5-15,0.05920837051512293,19,0.06277882033515635,WLS,19,0.0035704498200334195
5,UPFC_tse,5-15,-2.126580827364981,19,-2.1680451844362034,WLS,19,0.04146435707122231
0,x_tcsc,1-14,-0.11349296603893956,20,-0.11354314416308604,WLS,19,5.0178124146482705e-05
1,B_svc,2,0.1831226958736493,20,0.18328693294864615,WLS,19,0.00016423707499685358
2,UPFC_Vsh,5-15,1.111408841236747,20,1.1043156118880415,WLS,19,0.007093229348705599
3,UPFC_tsh,5-15,-0.2289246792374826,20,-0.2291201076256457,WLS,19,0.0001954283881630825
4,UPFC_Vse,5-15,0.059242398255412325,20,0.06277882033515635,WLS,19,0.0035364220797440213
5,UPFC_tse,5-15,-2.1268398234994907,20,-2.1680451844362034,WLS,19,0.041205360936712676
0,x_tcsc,1-14,-0.1134999011562108,21,-0.11354314416308604,WLS,19,4.3243006875248735e-05
1,B_svc,2,0.18388481290255826,21,0.18328693294864615,WLS,19,0.0005978799539121116
2,UPFC_Vsh,5-15,1.111552443721838,21,1.1043156118880415,WLS,19,0.007236831833796531
3,UPFC_tsh,5-15,-0.22894873468120208,21,-0.2291201076256457,WLS,19,0.00017137294444360962
4,UPFC_Vse,5-15,0.059802504528658346,21,0.06277882033515635,WLS,19,0.0029763158064980005
5,UPFC_tse,5-15,-2.1248627967907816,21,-2.1680451844362034,WLS,19,0.043182387645421816
0,x_tcsc,1-14,-0.11349007013120813,22,-0.11354314416308604,WLS,19,5.307403187791715e-05
1,B_svc,2,0.18390407628555966,22,0.18328693294864615,WLS,19,0.0006171433369135115
2,UPFC_Vsh,5-15,1.1115125954332064,22,1.1043156118880415,WLS,19,0.007196983545164848
3,UPFC_tsh,5-15,-0.22893325919720728,22,-0.2291201076256457,WLS,19,0.0001868484284384131
4,UPFC_Vse,5-15,0.05948175939512399,22,0.06277882033515635,WLS,19,0.003297060940032355
5,UPFC_tse,5-15,-2.123514029108,22,-2.1680451844362034,WLS,19,0.04453115532820329
0,x_tcsc,1-14,-0.11348365636215504,23,-0.11354314416308604,WLS,19,5.9487800930999035e-05
1,B_svc,2,0.18355649956791475,23,0.18328693294864615,WLS,19,0.0002695666192686075
2,UPFC_Vsh,5-15,1.1114080156742638,23,1.1043156118880415,WLS,19,0.007092403786222334
3,UPFC_tsh,5-15,-0.2289267691438581,23,-0.2291201076256457,WLS,19,0.00019333848178759716
4,UPFC_Vse,5-15,0.05947781124565064,23,0.06277882033515635,WLS,19,0.003301009089505709
5,UPFC_tse,5-15,-2.12374542674698,23,-2.1680451844362034,WLS,19,0.04429975768922345
0,x_tcsc,1-14,-0.11348773544471578,24,-0.11354314416308604,WLS,19,5.540871837025896e-05
1,B_svc,2,0.18323684662262013,24,0.18328693294864615,WLS,19,5.008632602601648e-05
2,UPFC_Vsh,5-15,1.1118412735919077,24,1.1043156118880415,WLS,19,0.007525661703866149
3,UPFC_tsh,5-15,-0.2289286293144864,24,-0.2291201076256457,WLS,19,0.0001914783111592877
4,UPFC_Vse,5-15,0.05898690793722075,24,0.06277882033515635,WLS,19,0.0037919123979355956
5,UPFC_tse,5-15,-2.1283204104150903,24,-2.1680451844362034,WLS,19,0.039724774021113074
0,x_tcsc,1-14,-0.11349995760320464,25,-0.11354314416308604,WLS,19,4.318655988140574e-05
1,B_svc,2,0.18366772682864962,25,0.18328693294864615,WLS,19,0.00038079388000347714
2,UPFC_Vsh,5-15,1.1116508083750343,25,1.1043156118880415,WLS,19,0.007335196486992768
3,UPFC_tsh,5-15,-0.22887518361015627,25,-0.2291201076256457,WLS,19,0.0002449240154894228
4,UPFC_Vse,5-15,0.05889275205544562,25,0.06277882033515635,WLS,19,0.0038860682797107263
5,UPFC_tse,5-15,-2.1231459192356428,25,-2.1680451844362034,WLS,19,0.044899265200560645
0,x_tcsc,1-14,-0.11349874143956566,26,-0.11354314416308604,WLS,19,4.440272352038144e-05
1,B_svc,2,0.18377661796117262,26,0.18328693294864615,WLS,19,0.0004896850125264696
2,UPFC_Vsh,5-15,1.111586287997046,26,1.1043156118880415,WLS,19,0.007270676109004448
3,UPFC_tsh,5-15,-0.2288164454214466,26,-0.2291201076256457,WLS,19,0.0003036622041990844
4,UPFC_Vse,5-15,0.05907964468440402,26,0.06277882033515635,WLS,19,0.003699175650752326
5,UPFC_tse,5-15,-2.123161480958058,26,-2.1680451844362034,WLS,19,0.04488370347814552
0,x_tcsc,1-14,-0.11351068074811804,27,-0.11354314416308604,WLS,19,3.246341496800087e-05
1,B_svc,2,0.1832789912578857,27,0.18328693294864615,WLS,19,7.94169076046014e-06
2,UPFC_Vsh,5-15,1.1116649912070684,27,1.1043156118880415,WLS,19,0.007349379319026905
3,UPFC_tsh,5-15,-0.22890840228068593,27,-0.2291201076256457,WLS,19,0.00021170534495976168
4,UPFC_Vse,5-15,0.05917767883079587,27,0.06277882033515635,WLS,19,0.003601141504360479
5,UPFC_tse,5-15,-2.127388701573675,27,-2.1680451844362034,WLS,19,0.04065648286252843
0,x_tcsc,1-14,-0.11349474925249178,28,-0.11354314416308604,WLS,19,4.839491059425993e-05
1,B_svc,2,0.1837959981588719,28,0.18328693294864615,WLS,19,0.0005090652102257565
2,UPFC_Vsh,5-15,1.1117932773216066,28,1.1043156118880415,WLS,19,0.007477665433565095
3,UPFC_tsh,5-15,-0.22888409915039987,28,-0.2291201076256457,WLS,19,0.0002360084752458247
4,UPFC_Vse,5-15,0.05960898444256395,28,0.06277882033515635,WLS,19,0.0031698358925923986
5,UPFC_tse,5-15,-2.1255712658306134,28,-2.1680451844362034,WLS,19,0.04247391860559002
0,x_tcsc,1-14,-0.11349905909810015,29,-0.11354314416308604,WLS,19,4.408506498589093e-05
1,B_svc,2,0.18414158843089026,29,0.18328693294864615,WLS,19,0.0008546554822441155
2,UPFC_Vsh,5-15,1.1114682734134813,29,1.1043156118880415,WLS,19,0.007152661525439807
3,UPFC_tsh,5-15,-0.22896726778451895,29,-0.2291201076256457,WLS,19,0.00015283984112673954
4,UPFC_Vse,5-15,0.05946696746302162,29,0.06277882033515635,WLS,19,0.0033118528721347296
5,UPFC_tse,5-15,-2.1258591231268724,29,-2.1680451844362034,WLS,19,0.042186061309331
0,x_tcsc,1-14,-0.11349878843743225,30,-0.11354314416308604,WLS,19,4.435572565379686e-05
1,B_svc,2,0.1836097579737005,30,0.18328693294864615,WLS,19,0.0003228250250543463
2,UPFC_Vsh,5-15,1.111842384672889,30,1.1043156118880415,WLS,19,0.007526772784847591
3,UPFC_tsh,5-15,-0.2289054312396247,30,-0.2291201076256457,WLS,19,0.00021467638602098993
4,UPFC_Vse,5-15,0.06000270681677402,30,0.06277882033515635,WLS,19,0.002776113518382327
5,UPFC_tse,5-15,-2.1277564658931607,30,-2.1680451844362034,WLS,19,0.04028871854304272
0,x_tcsc,1-14,-0.11350494376601201,31,-0.11354314416308604,WLS,19,3.820039707402856e-05
1,B_svc,2,0.1837151890328503,31,0.18328693294864615,WLS,19,0.0004282560842041594
2,UPFC_Vsh,5-15,1.1113947107122601,31,1.1043156118880415,WLS,19,0.007079098824218644
3,UPFC_tsh,5-15,-0.22892553251387665,31,-0.2291201076256457,WLS,19,0.00019457511176904085
4,UPFC_Vse,5-15,0.059100891045375005,31,0.06277882033515635,WLS,19,0.003677929289781341
5,UPFC_tse,5-15,-2.126211672154942,31,-2.1680451844362034,WLS,19,0.04183351228126142
0,x_tcsc,1-14,-0.11348675269946168,32,-0.11354314416308604,WLS,19,5.639146362436398e-05
1,B_svc,2,0.1839630779411039,32,0.18328693294864615,WLS,19,0.0006761449924577445
2,UPFC_Vsh,5-15,1.1116964531285762,32,1.1043156118880415,WLS,19,0.00738084124053473
3,UPFC_tsh,5-15,-0.2288422192601905,32,-0.2291201076256457,WLS,19,0.0002778883654551978
4,UPFC_Vse,5-15,0.05880440241946391,32,0.06277882033515635,WLS,19,0.0039744179156924395
5,UPFC_tse,5-15,-2.1291291340279592,32,-2.1680451844362034,WLS,19,0.038916050408244196
0,x_tcsc,1-14,-0.11349768901851115,33,-0.11354314416308604,WLS,19,4.5455144574893525e-05
1,B_svc,2,0.18344973089976346,33,0.18328693294864615,WLS,19,0.0001627979511173161
2,UPFC_Vsh,5-15,1.1113780852650657,33,1.1043156118880415,WLS,19,0.007062473377024148
3,UPFC_tsh,5-15,-0.2288933986506676,33,-0.2291201076256457,WLS,19,0.0002267089749780904
4,UPFC_Vse,5-15,0.05890576212548738,33,0.06277882033515635,WLS,19,0.0038730582096689684
5,UPFC_tse,5-15,-2.1240715052072465,33,-2.1680451844362034,WLS,19,0.0439736792289569
0,x_tcsc,1-14,-0.11349059976502124,34,-0.11354314416308604,WLS,19,5.254439806480493e-05
1,B_svc,2,0.18334789450858716,34,0.18328693294864615,WLS,19,6.096155994100849e-05
2,UPFC_Vsh,5-15,1.1114077741721713,34,1.1043156118880415,WLS,19,0.007092162284129788
3,UPFC_tsh,5-15,-0.22888164456663884,34,-0.2291201076256457,WLS,19,0.00023846305900684928
4,UPFC_Vse,5-15,0.05926506571534704,34,0.06277882033515635,WLS,19,0.003513754619809309
5,UPFC_tse,5-15,-2.1270977178737946,34,-2.1680451844362034,WLS,19,0.040947466562408774
0,x_tcsc,1-14,-0.11349065200805356,35,-0.11354314416308604,WLS,19,5.249215503248805e-05
1,B_svc,2,0.18340118047370105,35,0.18328693294864615,WLS,19,0.00011424752505490021
2,UPFC_Vsh,5-15,1.1113724422899678,35,1.1043156118880415,WLS,19,0.007056830401926284
3,UPFC_tsh,5-15,-0.22893351535183676,35,-0.2291201076256457,WLS,19,0.00018659227380893317
4,UPFC_Vse,5-15,0.059458835946637055,35,0.06277882033515635,WLS,19,0.003319984388519291
5,UPFC_tse,5-15,-2.1241799265204926,35,-2.1680451844362034,WLS,19,0.04386525791571083
0,x_tcsc,1-14,-0.1134917127809998,36,-0.11354314416308604,WLS,19,5.1431382086242206e-05
1,B_svc,2,0.1833750625562984,36,0.18328693294864615,WLS,19,8.81296076522542e-05
2,UPFC_Vsh,5-15,1.1115245597282828,36,1.1043156118880415,WLS,19,0.0072089478402412865
3,UPFC_tsh,5-15,-0.2289034969419516,36,-0.2291201076256457,WLS,19,0.00021661068369407954
4,UPFC_Vse,5-15,0.05928956111661807,36,0.06277882033515635,WLS,19,0.0034892592185382793
5,UPFC_tse,5-15,-2.1286797013316736,36,-2.1680451844362034,WLS,19,0.03936548310452981
0,x_tcsc,1-14,-0.11348775426881672,37,-0.11354314416308604,WLS,19,5.5389894269328166e-05
1,B_svc,2,0.18379632976539337,37,0.18328693294864615,WLS,19,0.0005093968167472207
2,UPFC_Vsh,5-15,1.1116921146618592,37,1.1043156118880415,WLS,19,0.007376502773817739
3,UPFC_tsh,5-15,-0.22883428880900264,37,-0.2291201076256457,WLS,19,0.000285818816643052
4,UPFC_Vse,5-15,0.0594964613076951,37,0.06277882033515635,WLS,19,0.003282359027461247
5,UPFC_tse,5-15,-2.126889358771513,37,-2.1680451844362034,WLS,19,0.041155825664690227
0,x_tcsc,1-14,-0.1134913169021371,38,-0.11354314416308604,WLS,19,5.1827260948947296e-05
1,B_svc,2,0.18353753642814508,38,0.18328693294864615,WLS,19,0.0002506034794989287
2,UPFC_Vsh,5-15,1.111819332842645,38,1.1043156118880415,WLS,19,0.007503720954603388
3,UPFC_tsh,5-15,-0.22893917369588695,38,-0.2291201076256457,WLS,19,0.00018093392975873646
4,UPFC_Vse,5-15,0.05920761791678745,38,0.06277882033515635,WLS,19,0.0035712024183688976
5,UPFC_tse,5-15,-2.1272389511522527,38,-2.1680451844362034,WLS,19,0.04080623328395072
0,x_tcsc,1-14,-0.11346909391595138,39,-0.11354314416308604,WLS,19,7.405024713466601e-05
1,B_svc,2,0.18353340224949644,39,0.18328693294864615,WLS,19,0.0002464693008502883
2,UPFC_Vsh,5-15,1.1115269457026282,39,1.1043156118880415,WLS,19,0.007211333814586718
3,UPFC_tsh,5-15,-0.2288996226977175,39,-0.2291201076256457,WLS,19,0.00022048492792819951
4,UPFC_Vse,5-15,0.058820263622926416,39,0.06277882033515635,WLS,19,0.00395855671222993
5,UPFC_tse,5-15,-2.1267554320132493,39,-2.1680451844362034,WLS,19,0.041289752422954074
0,x_tcsc,1-14,-0.11349205609395746,40,-0.11354314416308604,WLS,19,5.108806912858255e-05
1,B_svc,2,0.18407316637321441,40,0.18328693294864615,WLS,19,0.0007862334245682667
2,UPFC_Vsh,5-15,1.1113495826973154,40,1.1043156118880415,WLS,19,0.007033970809273926
3,UPFC_tsh,5-15,-0.2289968375105116,40,-0.2291201076256457,WLS,19,0.0001232701151340776
4,UPFC_Vse,5-15,0.059559331737133354,40,0.06277882033515635,WLS,19,0.0032194885980229918
5,UPFC_tse,5-15,-2.1277726064856632,40,-2.1680451844362034,WLS,19,0.04027257795054018
0,x_tcsc,1-14,-0.11348747565719118,41,-0.11354314416308604,WLS,19,5.56685058948625e-05
1,B_svc,2,0.18331099225676925,41,0.18328693294864615,WLS,19,2.4059308123103307e-05
2,UPFC_Vsh,5-15,1.111298805427025,41,1.1043156118880415,WLS,19,0.006983193538983468
3,UPFC_tsh,5-15,-0.22892359676307605,41,-0.2291201076256457,WLS,19,0.00019651086256963768
4,UPFC_Vse,5-15,0.05904816819506578,41,0.06277882033515635,WLS,19,0.003730652140090565
5,UPFC_tse,5-15,-2.125311198476598,41,-2.1680451844362034,WLS,19,0.0427339859596052
0,x_tcsc,1-14,-0.11348718806542393,42,-0.11354314416308604,WLS,19,5.5956097662110404e-05
1,B_svc,2,0.18369141068342032,42,0.18328693294864615,WLS,19,0.00040447773477417237
2,UPFC_Vsh,5-15,1.1113882312238992,42,1.1043156118880415,WLS,19,0.007072619335857677
3,UPFC_tsh,5-15,-0.2289453874562922,42,-0.2291201076256457,WLS,19,0.00017472016935349277
4,UPFC_Vse,5-15,0.059290435893412353,42,0.06277882033515635,WLS,19,0.0034883844417439927
5,UPFC_tse,5-15,-2.130821907495742,42,-2.1680451844362034,WLS,19,0.037223276940461236
0,x_tcsc,1-14,-0.11349731959468667,43,-0.11354314416308604,WLS,19,4.58245683993691e-05
1,B_svc,2,0.18354415103931263,43,0.18328693294864615,WLS,19,0.00025721809066647783
2,UPFC_Vsh,5-15,1.1112570256031804,43,1.1043156118880415,WLS,19,0.0069414137151389
3,UPFC_tsh,5-15,-0.22890061316201799,43,-0.2291201076256457,WLS,19,0.0002194944636277063
4,UPFC_Vse,5-15,0.059325137940968733,43,0.06277882033515635,WLS,19,0.0034536823941876127
5,UPFC_tse,5-15,-2.124308564414206,43,-2.1680451844362034,WLS,19,0.0437366200219973
0,x_tcsc,1-14,-0.1134954024427236,44,-0.11354314416308604,WLS,19,4.774172036244029e-05
1,B_svc,2,0.18356865720044183,44,0.18328693294864615,WLS,19,0.0002817242517956786
2,UPFC_Vsh,5-15,1.1114738921971659,44,1.1043156118880415,WLS,19,0.007158280309124354
3,UPFC_tsh,5-15,-0.22892375684060673,44,-0.2291201076256457,WLS,19,0.0001963507850389623
4,UPFC_Vse,5-15,0.059933493829748746,44,0.06277882033515635,WLS,19,0.0028453265054076
5,UPFC_tse,5-15,-2.119918204866831,44,-2.1680451844362034,WLS,19,0.04812697956937262
0,x_tcsc,1-14,-0.11348898793378873,45,-0.11354314416308604,WLS,19,5.4156229297316894e-05
1,B_svc,2,0.18356320844251567,45,0.18328693294864615,WLS,19,0.0002762754938695211
2,UPFC_Vsh,5-15,1.1115516287453848,45,1.1043156118880415,WLS,19,0.007236016857343319
3,UPFC_tsh,5-15,-0.2288902267782021,45,-0.2291201076256457,WLS,19,0.00022988084744360315
4,UPFC_Vse,5-15,0.05926676780257478,45,0.06277882033515635,WLS,19,0.003512052532581564
5,UPFC_tse,5-15,-2.1233007785133458,45,-2.1680451844362034,WLS,19,0.044744405922857666
0,x_tcsc,1-14,-0.11350484612959118,46,-0.11354314416308604,WLS,19,3.829803349486571e-05
1,B_svc,2,0.183784296634783,46,0.18328693294864615,WLS,19,0.0004973636861368425
2,UPFC_Vsh,5-15,1.1112906191111023,46,1.1043156118880415,WLS,19,0.00697500722306077
3,UPFC_tsh,5-15,-0.22889375892860855,46,-0.2291201076256457,WLS,19,0.00022634869703713756
4,UPFC_Vse,5-15,0.058904217359952785,46,0.06277882033515635,WLS,19,0.0038746029752035616
5,UPFC_tse,5-15,-2.1248942150945935,46,-2.1680451844362034,WLS,19,0.04315096934160989
0,x_tcsc,1-14,-0.11350541643667224,47,-0.11354314416308604,WLS,19,3.7727726413805396e-05
1,B_svc,2,0.1833258672612224,47,0.18328693294864615,WLS,19,3.89343125762609e-05
2,UPFC_Vsh,5-15,1.111805757410733,47,1.1043156118880415,WLS,19,0.007490145522691449
3,UPFC_tsh,5-15,-0.22889901431760318,47,-0.2291201076256457,WLS,19,0.0002210933080425137
4,UPFC_Vse,5-15,0.05971598142464949,47,0.06277882033515635,WLS,19,0.0030628389105068557
5,UPFC_tse,5-15,-2.125904541176472,47,-2.1680451844362034,WLS,19,0.04214064325973155
0,x_tcsc,1-14,-0.11350145063657067,48,-0.11354314416308604,WLS,19,4.1693526515368395e-05
1,B_svc,2,0.1838636764871764,48,0.18328693294864615,WLS,19,0.0005767435385302389
2,UPFC_Vsh,5-15,1.111713417802051,48,1.1043156118880415,WLS,19,0.007397805914009403
3,UPFC_tsh,5-15,-0.22891539052229873,48,-0.2291201076256457,WLS,19,0.00020471710334696303
4,UPFC_Vse,5-15,0.0591995943457166,48,0.06277882033515635,WLS,19,0.003579225989439744
5,UPFC_tse,5-15,-2.127076239715156,48,-2.1680451844362034,WLS,19,0.04096894472104751
0,x_tcsc,1-14,-0.11349902395358727,49,-0.11354314416308604,WLS,19,4.4120209498774154e-05
1,B_svc,2,0.18345315817853755,49,0.18328693294864615,WLS,19,0.00016622522989140354
2,UPFC_Vsh,5-15,1.1116627230423706,49,1.1043156118880415,WLS,19,0.007347111154329067
3,UPFC_tsh,5-15,-0.2288440131224248,49,-0.2291201076256457,WLS,19,0.00027609450322088613
4,UPFC_Vse,5-15,0.05919922542118943,49,0.06277882033515635,WLS,19,0.0035795949139669145
5,UPFC_tse,5-15,-2.1250485639075123,49,-2.1680451844362034,WLS,19,0.04299662052869113
0,x_tcsc,1-14,-0.11348019061091064,50,-0.11354314416308604,WLS,19,6.29535521754071e-05
1,B_svc,2,0.18335228237752804,50,0.18328693294864615,WLS,19,6.534942888189454e-05
2,UPFC_Vsh,5-15,1.1112510216159361,50,1.1043156118880415,WLS,19,0.006935409727894637
3,UPFC_tsh,5-15,-0.22894564329559355,50,-0.2291201076256457,WLS,19,0.00017446433005213757
4,UPFC_Vse,5-15,0.05935148225411788,50,0.06277882033515635,WLS,19,0.0034273380810384696
5,UPFC_tse,5-15,-2.126390363565195,50,-2.1680451844362034,WLS,19,0.04165482087100836
0,x_tcsc,1-14,-0.11348815760311742,51,-0.11354314416308604,WLS,19,5.498655996862001e-05
1,B_svc,2,0.18390600369555885,51,0.18328693294864615,WLS,19,0.0006190707469126977
2,UPFC_Vsh,5-15,1.1112947075279256,51,1.1043156118880415,WLS,19,0.006979095639884081
3,UPFC_tsh,5-15,-0.22891172686168876,51,-0.2291201076256457,WLS,19,0.0002083807639569335
4,UPFC_Vse,5-15,0.05940541268313461,51,0.06277882033515635,WLS,19,0.003373407652021737
5,UPFC_tse,5-15,-2.1257726225399516,51,-2.1680451844362034,WLS,19,0.04227256189625184
0,x_tcsc,1-14,-0.11348484664963127,52,-0.11354314416308604,WLS,19,5.8297513454777516e-05
1,B_svc,2,0.18367163445734985,52,0.18328693294864615,WLS,19,0.00038470150870370534
2,UPFC_Vsh,5-15,1.111598909228692,52,1.1043156118880415,WLS,19,0.007283297340650474
3,UPFC_tsh,5-15,-0.22891986994727,52,-0.2291201076256457,WLS,19,0.00020023767837568096
4,UPFC_Vse,5-15,0.05910936115579393,52,0.06277882033515635,WLS,19,0.0036694591793624137
5,UPFC_tse,5-15,-2.1248633334523226,52,-2.1680451844362034,WLS,19,0.04318185098388083
0,x_tcsc,1-14,-0.1134810957403716,53,-0.11354314416308604,WLS,19,6.204842271444189e-05
1,B_svc,2,0.18333615182254098,53,0.18328693294864615,WLS,19,4.921887389483515e-05
2,UPFC_Vsh,5-15,1.111327613710258,53,1.1043156118880415,WLS,19,0.007012001822216396
3,UPFC_tsh,5-15,-0.22889087059584057,53,-0.2291201076256457,WLS,19,0.00022923702980512384
4,UPFC_Vse,5-15,0.05897469593858561,53,0.06277882033515635,WLS,19,0.0038041243965707336
5,UPFC_tse,5-15,-2.128207954437676,53,-2.1680451844362034,WLS,19,0.039837229998527235
0,x_tcsc,1-14,-0.11348903375280438,54,-0.11354314416308604,WLS,19,5.4110410281665855e-05
1,B_svc,2,0.18419233719435665,54,0.18328693294864615,WLS,19,0.000905404245710506
2,UPFC_Vsh,5-15,1.1116197069089122,54,1.1043156118880415,WLS,19,0.0073040950208707045
3,UPFC_tsh,5-15,-0.22892658675315938,54,-0.2291201076256457,WLS,19,0.000193520872486308
4,UPFC_Vse,5-15,0.05887292916104325,54,0.06277882033515635,WLS,19,0.0039058911741130936
5,UPFC_tse,5-15,-2.1271223080115833,54,-2.1680451844362034,WLS,19,0.040922876424620114
0,x_tcsc,1-14,-0.11347993614860864,55,-0.11354314416308604,WLS,19,6.320801447740054e-05
1,B_svc,2,0.1833129628895111,55,0.18328693294864615,WLS,19,2.602994086495225e-05
2,UPFC_Vsh,5-15,1.1119469479777795,55,1.1043156118880415,WLS,19,0.007631336089737983
3,UPFC_tsh,5-15,-0.22882682102979782,55,-0.2291201076256457,WLS,19,0.00029328659584787475
4,UPFC_Vse,5-15,0.059474628725788764,55,0.06277882033515635,WLS,19,0.003304191609367582
5,UPFC_tse,5-15,-2.124134281193971,55,-2.1680451844362034,WLS,19,0.04391090324223246
0,x_tcsc,1-14,-0.11348920038961924,56,-0.11354314416308604,WLS,19,5.3943773466805234e-05
1,B_svc,2,0.18389868573811524,56,0.18328693294864615,WLS,19,0.0006117527894690944
2,UPFC_Vsh,5-15,1.1115473610745994,56,1.1043156118880415,WLS,19,0.00723174918655789
3,UPFC_tsh,5-15,-0.22884165693876224,56,-0.2291201076256457,WLS,19,0.0002784506868834524
4,UPFC_Vse,5-15,0.05910579539503672,56,0.06277882033515635,WLS,19,0.003673024940119625
5,UPFC_tse,5-15,-2.1241695225563513,56,-2.1680451844362034,WLS,19,0.043875661879852146
0,x_tcsc,1-14,-0.11348492935940772,57,-0.11354314416308604,WLS,19,5.8214803678319216e-05
1,B_svc,2,0.18328298794068462,57,0.18328693294864615,WLS,19,3.945007961525526e-06
2,UPFC_Vsh,5-15,1.1113813873454539,57,1.1043156118880415,WLS,19,0.007065775457412382
3,UPFC_tsh,5-15,-0.22894115157434275,57,-0.2291201076256457,WLS,19,0.000178956051302942
4,UPFC_Vse,5-15,0.05957172677940573,57,0.06277882033515635,WLS,19,0.0032070935557506133
5,UPFC_tse,5-15,-2.125006347369673,57,-2.1680451844362034,WLS,19,0.043038837066530444
0,x_tcsc,1-14,-0.11348990242963104,58,-0.11354314416308604,WLS,19,5.3241733455000606e-05
1,B_svc,2,0.18357598304860578,58,0.18328693294864615,WLS,19,0.0002890500999596368
2,UPFC_Vsh,5-15,1.1112598256626738,58,1.1043156118880415,WLS,19,0.00694421377463228
3,UPFC_tsh,5-15,-0.22894235499275742,58,-0.2291201076256457,WLS,19,0.0001777526328882728
4,UPFC_Vse,5-15,0.05890065619872981,58,0.06277882033515635,WLS,19,0.003878164136426533
5,UPFC_tse,5-15,-2.1273267401243894,58,-2.1680451844362034,WLS,19,0.04071844431181404
0,x_tcsc,1-14,-0.11348946346837918,59,-0.11354314416308604,WLS,19,5.3680694706861876e-05
1,B_svc,2,0.18352512626709808,59,0.18328693294864615,WLS,19,0.00023819331845192915
2,UPFC_Vsh,5-15,1.111644182175484,59,1.1043156118880415,WLS,19,0.007328570287442604
3,UPFC_tsh,5-15,-0.228931409346049,59,-0.2291201076256457,WLS,19,0.00018869827959669405
4,UPFC_Vse,5-15,0.05961094672706859,59,0.06277882033515635,WLS,19,0.0031678736080877554
5,UPFC_tse,5-15,-2.1224036529183805,59,-2.1680451844362034,WLS,19,0.04564153151782291
0,x_tcsc,1-14,-0.11349265237341007,60,-0.11354314416308604,WLS,19,5.049178967597712e-05
1,B_svc,2,0.18361430432385115,60,0.18328693294864615,WLS,19,0.0003273713752049989
2,UPFC_Vsh,5-15,1.111786932839346,60,1.1043156118880415,WLS,19,0.007471320951304428
3,UPFC_tsh,5-15,-0.22880725418782205,60,-0.2291201076256457,WLS,19,0.0003128534378236403
4,UPFC_Vse,5-15,0.0593987947712673,60,0.06277882033515635,WLS,19,0.0033800255638890483
5,UPFC_tse,5-15,-2.123427478702272,60,-2.1680451844362034,WLS,19,0.04461770573393142
0,x_tcsc,1-14,-0.11350048327421992,61,-0.11354314416308604,WLS,19,4.266088886611952e-05
1,B_svc,2,0.1832184404306208,61,0.18328693294864615,WLS,19,6.849251802534817e-05
2,UPFC_Vsh,5-15,1.1115619041102027,61,1.1043156118880415,WLS,19,0.007246292222161221
3,UPFC_tsh,5-15,-0.22888346551316532,61,-0.2291201076256457,WLS,19,0.00023664211248036748
4,UPFC_Vse,5-15,0.05949741104901015,61,0.06277882033515635,WLS,19,0.003281409286146196
5,UPFC_tse,5-15,-2.126193690450053,61,-2.1680451844362034,WLS,19,0.04185149398615051
0,x_tcsc,1-14,-0.11350420086802658,62,-0.11354314416308604,WLS,19,3.894329505946259e-05
1,B_svc,2,0.18360972872194878,62,0.18328693294864615,WLS,19,0.000322795773302631
2,UPFC_Vsh,5-15,1.1113878108663584,62,1.1043156118880415,WLS,19,0.0070721989783169015
3,UPFC_tsh,5-15,-0.22892755468064427,62,-0.2291201076256457,WLS,19,0.00019255294500142295
4,UPFC_Vse,5-15,0.0595211883166021,62,0.06277882033515635,WLS,19,0.003257632018554245
5,UPFC_tse,5-15,-2.125742271219925,62,-2.1680451844362034,WLS,19,0.04230291321627844
0,x_tcsc,1-14,-0.11349328637015922,63,-0.11354314416308604,WLS,19,4.98577929268218e-05
1,B_svc,2,0.1836641075312749,63,0.18328693294864615,WLS,19,0.0003771745826287587
2,UPFC_Vsh,5-15,1.1114510962245003,63,1.1043156118880415,WLS,19,0.0071354843364588305
3,UPFC_tsh,5-15,-0.22893378737292647,63,-0.2291201076256457,WLS,19,0.00018632025271922426
4,UPFC_Vse,5-15,0.05937717816716601,63,0.06277882033515635,WLS,19,0.0034016421679903333
5,UPFC_tse,5-15,-2.1266985144229693,63,-2.1680451844362034,WLS,19,0.04134667001323411
0,x_tcsc,1-14,-0.11350042518173174,64,-0.11354314416308604,WLS,19,4.271898135430052e-05
1,B_svc,2,0.18376852860694126,64,0.18328693294864615,WLS,19,0.0004815956582951142
2,UPFC_Vsh,5-15,1.111578956300156,64,1.1043156118880415,WLS,19,0.007263344412114403
3,UPFC_tsh,5-15,-0.2288899765399455,64,-0.2291201076256457,WLS,19,0.00023013108570019147
4,UPFC_Vse,5-15,0.05962496042505169,64,0.06277882033515635,WLS,19,0.0031538599101046533
5,UPFC_tse,5-15,-2.129386601376507,64,-2.1680451844362034,WLS,19,0.03865858305969638
0,x_tcsc,1-14,-0.11348904992647797,65,-0.11354314416308604,WLS,19,5.4094236608071e-05
1,B_svc,2,0.18338088971294322,65,0.18328693294864615,WLS,19,9.395676429707622e-05
2,UPFC_Vsh,5-15,1.1114599526024453,65,1.1043156118880415,WLS,19,0.007144340714403841
3,UPFC_tsh,5-15,-0.22889933779557792,65,-0.2291201076256457,WLS,19,0.00022076983006777406
4,UPFC_Vse,5-15,0.05922849915130822,65,0.06277882033515635,WLS,19,0.0035503211838481263
5,UPFC_tse,5-15,-2.123725327143286,65,-2.1680451844362034,WLS,19,0.04431985729291732
0,x_tcsc,1-14,-0.11350631178353475,66,-0.11354314416308604,WLS,19,3.6832379551293704e-05
1,B_svc,2,0.18358920781113214,66,0.18328693294864615,WLS,19,0.00030227486248599056
2,UPFC_Vsh,5-15,1.1119061474309124,66,1.1043156118880415,WLS,19,0.007590535542870924
3,UPFC_tsh,5-15,-0.22885288474520135,66,-0.2291201076256457,WLS,19,0.00026722288044433995
4,UPFC_Vse,5-15,0.05949573325710455,66,0.06277882033515635,WLS,19,0.003283087078051798
5,UPFC_tse,5-15,-2.124058021895753,66,-2.1680451844362034,WLS,19,0.04398716254045043
0,x_tcsc,1-14,-0.11349681058531622,67,-0.11354314416308604,WLS,19,4.6333577769827605e-05
1,B_svc,2,0.1830567653597302,67,0.18328693294864615,WLS,19,0.00023016758891594713
2,UPFC_Vsh,5-15,1.1117712729792797,67,1.1043156118880415,WLS,19,0.007455661091238186
3,UPFC_tsh,5-15,-0.22886741478286254,67,-0.2291201076256457,WLS,19,0.00025269284278314763
4,UPFC_Vse,5-15,0.059347503178468056,67,0.06277882033515635,WLS,19,0.0034313171566882905
5,UPFC_tse,5-15,-2.1266169653563107,67,-2.1680451844362034,WLS,19,0.04142821907989269
0,x_tcsc,1-14,-0.11349573163943219,68,-0.11354314416308604,WLS,19,4.741252365385307e-05
1,B_svc,2,0.18363406507761806,68,0.18328693294864615,WLS,19,0.0003471321289719165
2,UPFC_Vsh,5-15,1.111757646034779,68,1.1043156118880415,WLS,19,0.007442034146737386
3,UPFC_tsh,5-15,-0.22889674381979125,68,-0.2291201076256457,WLS,19,0.00022336380585444293
4,UPFC_Vse,5-15,0.059428827938768455,68,0.06277882033515635,WLS,19,0.003349992396387891
5,UPFC_tse,5-15,-2.125426545440039,68,-2.1680451844362034,WLS,19,0.04261863899616447
0,x_tcsc,1-14,-0.11348256934130053,69,-0.11354314416308604,WLS,19,6.057482178550844e-05
1,B_svc,2,0.18390138498411698,69,0.18328693294864615,WLS,19,0.000614452035470836
2,UPFC_Vsh,5-15,1.1118037499441789,69,1.1043156118880415,WLS,19,0.00748813805613735
3,UPFC_tsh,5-15,-0.22887308388424363,69,-0.2291201076256457,WLS,19,0.00024702374140206373
4,UPFC_Vse,5-15,0.05917181523007708,69,0.06277882033515635,WLS,19,0.003607005105079268
5,UPFC_tse,5-15,-2.1243705261380934,69,-2.1680451844362034,WLS,19,0.043674658298110014
0,x_tcsc,1-14,-0.11349205979689382,70,-0.11354314416308604,WLS,19,5.108436619222223e-05
1,B_svc,2,0.1830661930873784,70,0.18328693294864615,WLS,19,0.00022073986126774914
2,UPFC_Vsh,5-15,1.1114721046957055,70,1.1043156118880415,WLS,19,0.00715649280766395
3,UPFC_tsh,5-15,-0.22887590998591076,70,-0.2291201076256457,WLS,19,0.00024419763973493325
4,UPFC_Vse,5-15,0.05934076296111839,70,0.06277882033515635,WLS,19,0.0034380573740379547
5,UPFC_tse,5-15,-2.1244132850086515,70,-2.1680451844362034,WLS,19,0.04363189942755197
0,x_tcsc,1-14,-0.11347937623495885,71,-0.11354314416308604,WLS,19,6.376792812719245e-05
1,B_svc,2,0.18341982236296267,71,0.18328693294864615,WLS,19,0.00013288941431652268
2,UPFC_Vsh,5-15,1.1115777836250325,71,1.1043156118880415,WLS,19,0.007262171736990952
3,UPFC_tsh,5-15,-0.22887271654300903,71,-0.2291201076256457,WLS,19,0.000247391082636661
4,UPFC_Vse,5-15,0.05940277414738839,71,0.06277882033515635,WLS,19,0.0033760461877679546
5,UPFC_tse,5-15,-2.126457555869331,71,-2.1680451844362034,WLS,19,0.04158762856687259
0,x_tcsc,1-14,-0.11348967951809805,72,-0.11354314416308604,WLS,19,5.3464644987996635e-05
1,B_svc,2,0.18381039420510878,72,0.18328693294864615,WLS,19,0.0005234612564626318
2,UPFC_Vsh,5-15,1.1117731305962768,72,1.1043156118880415,WLS,19,0.0074575187082353
3,UPFC_tsh,5-15,-0.22889675513603228,72,-0.2291201076256457,WLS,19,0.00022335248961341536
4,UPFC_Vse,5-15,0.05910749293623634,72,0.06277882033515635,WLS,19,0.003671327398920003
5,UPFC_tse,5-15,-2.1256767170265056,72,-2.1680451844362034,WLS,19,0.042368467409697796
0,x_tcsc,1-14,-0.11349300963378134,73,-0.11354314416308604,WLS,19,5.013452930470452e-05
1,B_svc,2,0.18357236582052106,73,0.18328693294864615,WLS,19,0.00028543287187490773
2,UPFC_Vsh,5-15,1.1115121581182674,73,1.1043156118880415,WLS,19,0.00719654623022592
3,UPFC_tsh,5-15,-0.22888351832223902,73,-0.2291201076256457,WLS,19,0.00023658930340667017
4,UPFC_Vse,5-15,0.05913377128158542,73,0.06277882033515635,WLS,19,0.003645049053570923
5,UPFC_tse,5-15,-2.127770526787804,73,-2.1680451844362034,WLS,19,0.04027465764839944
0,x_tcsc,1-14,-0.11349578962064157,74,-0.11354314416308604,WLS,19,4.7354542444477676e-05
1,B_svc,2,0.1837182190582642,74,0.18328693294864615,WLS,19,0.0004312861096180398
2,UPFC_Vsh,5-15,1.1117362552462593,74,1.1043156118880415,WLS,19,0.007420643358217793
3,UPFC_tsh,5-15,-0.22888887440727887,74,-0.2291201076256457,WLS,19,0.00023123321836682198
4,UPFC_Vse,5-15,0.059344743754977024,74,0.06277882033515635,WLS,19,0.0034340765801793224
5,UPFC_tse,5-15,-2.124738950291121,74,-2.1680451844362034,WLS,19,0.04330623414508228
0,x_tcsc,1-14,-0.11348062324746831,75,-0.11354314416308604,WLS,19,6.252091561773088e-05
1,B_svc,2,0.18352769927640147,75,0.18328693294864615,WLS,19,0.00024076632775532625
2,UPFC_Vsh,5-15,1.1116037063594713,75,1.1043156118880415,WLS,19,0.007288094471429751
3,UPFC_tsh,5-15,-0.22888939222428237,75,-0.2291201076256457,WLS,19,0.0002307154013633239
4,UPFC_Vse,5-15,0.05934108979718914,75,0.06277882033515635,WLS,19,0.0034377305379672055
5,UPFC_tse,5-15,-2.1236380099645533,75,-2.1680451844362034,WLS,19,0.0444071744716501
0,x_tcsc,1-14,-0.11348539705683455,76,-0.11354314416308604,WLS,19,5.77471062514906e-05
1,B_svc,2,0.18394359461247142,76,0.18328693294864615,WLS,19,0.0006566616638252754
2,UPFC_Vsh,5-15,1.1117424740355406,76,1.1043156118880415,WLS,19,0.0074268621474991026
3,UPFC_tsh,5-15,-0.2289292909997592,76,-0.2291201076256457,WLS,19,0.00019081662588649184
4,UPFC_Vse,5-15,0.05952608418202582,76,0.06277882033515635,WLS,19,0.0032527361531305282
5,UPFC_tse,5-15,-2.125283594555579,76,-2.1680451844362034,WLS,19,0.042761589880624395
0,x_tcsc,1-14,-0.1134802806628302,77,-0.11354314416308604,WLS,19,6.286350025584697e-05
1,B_svc,2,0.18359156498519066,77,0.18328693294864615,WLS,19,0.00030463203654451654
2,UPFC_Vsh,5-15,1.1113038193832718,77,1.1043156118880415,WLS,19,0.006988207495230325
3,UPFC_tsh,5-15,-0.22892784022438795,77,-0.2291201076256457,WLS,19,0.00019226740125774522
4,UPFC_Vse,5-15,0.059508944973106506,77,0.06277882033515635,WLS,19,0.00326987536204984
5,UPFC_tse,5-15,-2.1227033704234626,77,-2.1680451844362034,WLS,19,0.045341814012740844
0,x_tcsc,1-14,-0.11348298140340773,78,-0.11354314416308604,WLS,19,6.0162759678308864e-05
1,B_svc,2,0.18330851645199325,78,0.18328693294864615,WLS,19,2.158350334710568e-05
2,UPFC_Vsh,5-15,1.111700206843309,78,1.1043156118880415,WLS,19,0.007384594955267554
3,UPFC_tsh,5-15,-0.22893229939031284,78,-0.2291201076256457,WLS,19,0.00018780823533284807
4,UPFC_Vse,5-15,0.059364323496404615,78,0.06277882033515635,WLS,19,0.0034144968387517308
5,UPFC_tse,5-15,-2.1266602610450094,78,-2.1680451844362034,WLS,19,0.04138492339119404
0,x_tcsc,1-14,-0.11350529033914036,79,-0.11354314416308604,WLS,19,3.785382394567993e-05
1,B_svc,2,0.18363855242840305,79,0.18328693294864615,WLS,19,0.00035161947975689833
2,UPFC_Vsh,5-15,1.1112035654041705,79,1.1043156118880415,WLS,19,0.006887953516129031
3,UPFC_tsh,5-15,-0.2288936168243762,79,-0.2291201076256457,WLS,19,0.00022649080126949106
4,UPFC_Vse,5-15,0.05915572653501912,79,0.06277882033515635,WLS,19,0.003623093800137228
5,UPFC_tse,5-15,-2.1261188585150523,79,-2.1680451844362034,WLS,19,0.041926325921151086
0,x_tcsc,1-14,-0.11350335748224637,80,-0.11354314416308604,WLS,19,3.978668083967629e-05
1,B_svc,2,0.18353672023162018,80,0.18328693294864615,WLS,19,0.0002497872829740344
2,UPFC_Vsh,5-15,1.111408195569461,80,1.1043156118880415,WLS,19,0.0070925836814195176
3,UPFC_tsh,5-15,-0.22889526271002128,80,-0.2291201076256457,WLS,19,0.00022484491562441145
4,UPFC_Vse,5-15,0.05952084659904581,80,0.06277882033515635,WLS,19,0.003257973736110538
5,UPFC_tse,5-15,-2.1268286641346053,80,-2.1680451844362034,WLS,19,0.04121652030159817
0,x_tcsc,1-14,-0.11351210412215881,81,-0.11354314416308604,WLS,19,3.1040040927229895e-05
1,B_svc,2,0.18347184675924383,81,0.18328693294864615,WLS,19,0.00018491381059768108
2,UPFC_Vsh,5-15,1.111694293295897,81,1.1043156118880415,WLS,19,0.007378681407855581
3,UPFC_tsh,5-15,-0.22888407534385105,81,-0.2291201076256457,WLS,19,0.0002360322817946403
4,UPFC_Vse,5-15,0.058817832145478775,81,0.06277882033515635,WLS,19,0.003960988189677571
5,UPFC_tse,5-15,-2.1268755368610175,81,-2.1680451844362034,WLS,19,0.04116964757518593
0,x_tcsc,1-14,-0.1135033006579033,82,-0.11354314416308604,WLS,19,3.98435051827406e-05
1,B_svc,2,0.18357359695483258,82,0.18328693294864615,WLS,19,0.0002866640061864323
2,UPFC_Vsh,5-15,1.1116309366599995,82,1.1043156118880415,WLS,19,0.007315324771957954
3,UPFC_tsh,5-15,-0.22886468864221984,82,-0.2291201076256457,WLS,19,0.000255418983425848
4,UPFC_Vse,5-15,0.05915422746903905,82,0.06277882033515635,WLS,19,0.003624592866117299
5,UPFC_tse,5-15,-2.121822220213616,82,-2.1680451844362034,WLS,19,0.046222964222587315
0,x_tcsc,1-14,-0.11348888113297284,83,-0.11354314416308604,WLS,19,5.426303011320244e-05
1,B_svc,2,0.18387620745039965,83,0.18328693294864615,WLS,19,0.0005892745017535006
2,UPFC_Vsh,5-15,1.111733866904179,83,1.1043156118880415,WLS,19,0.007418255016137465
3,UPFC_tsh,5-15,-0.22888480010894008,83,-0.2291201076256457,WLS,19,0.0002353075167056129
4,UPFC_Vse,5-15,0.05949347957609379,83,0.06277882033515635,WLS,19,0.0032853407590625536
5,UPFC_tse,5-15,-2.1246525786376083,83,-2.1680451844362034,WLS,19,0.04339260579859516
0,x_tcsc,1-14,-0.11348872122660691,84,-0.11354314416308604,WLS,19,5.442293647912877e-05
1,B_svc,2,0.1836147975626085,84,0.18328693294864615,WLS,19,0.0003278646139623642
2,UPFC_Vsh,5-15,1.1115179432139595,84,1.1043156118880415,WLS,19,0.0072023313259179655
3,UPFC_tsh,5-15,-0.22886964756895256,84,-0.2291201076256457,WLS,19,0.0002504600566931303
4,UPFC_Vse,5-15,0.05956131017004653,84,0.06277882033515635,WLS,19,0.0032175101651098145
5,UPFC_tse,5-15,-2.1269541133754526,84,-2.1680451844362034,WLS,19,0.04109107106075083
0,x_tcsc,1-14,-0.11348462843694733,85,-0.11354314416308604,WLS,19,5.85157261387137e-05
1,B_svc,2,0.1835268043332179,85,0.18328693294864615,WLS,19,0.00023987138457176593
2,UPFC_Vsh,5-15,1.1115859888498558,85,1.1043156118880415,WLS,19,0.007270376961814318
3,UPFC_tsh,5-15,-0.22890159967581675,85,-0.2291201076256457,WLS,19,0.0002185079498289444
4,UPFC_Vse,5-15,0.059212162061007795,85,0.06277882033515635,WLS,19,0.0035666582741485514
5,UPFC_tse,5-15,-2.1267029995444395,85,-2.1680451844362034,WLS,19,0.04134218489176389
0,x_tcsc,1-14,-0.11348796356608445,86,-0.11354314416308604,WLS,19,5.518059700158895e-05
1,B_svc,2,0.18347193015215735,86,0.18328693294864615,WLS,19,0.0001849972035112002
2,UPFC_Vsh,5-15,1.111594151341872,86,1.1043156118880415,WLS,19,0.0072785394538303905
3,UPFC_tsh,5-15,-0.22888201866126553,86,-0.2291201076256457,WLS,19,0.00023808896438015648
4,UPFC_Vse,5-15,0.05949586375693244,86,0.06277882033515635,WLS,19,0.003282956578223903
5,UPFC_tse,5-15,-2.1255971704611074,86,-2.1680451844362034,WLS,19,0.04244801397509601
0,x_tcsc,1-14,-0.11351053353262865,87,-0.11354314416308604,WLS,19,3.261063045739698e-05
1,B_svc,2,0.18350821821031724,87,0.18328693294864615,WLS,19,0.0002212852616710892
2,UPFC_Vsh,5-15,1.1115635530084544,87,1.1043156118880415,WLS,19,0.007247941120412937
3,UPFC_tsh,5-15,-0.22887673167276515,87,-0.2291201076256457,WLS,19,0.00024337595288054237
4,UPFC_Vse,5-15,0.05901995910625317,87,0.06277882033515635,WLS,19,0.0037588612289031764
5,UPFC_tse,5-15,-2.124803566810644,87,-2.1680451844362034,WLS,19,0.043241617625559226
0,x_tcsc,1-14,-0.11349504422377618,88,-0.11354314416308604,WLS,19,4.8099939309861894e-05
1,B_svc,2,0.1842393403838156,88,0.18328693294864615,WLS,19,0.0009524074351694445
2,UPFC_Vsh,5-15,1.1113268811001709,88,1.1043156118880415,WLS,19,0.007011269212129356
3,UPFC_tsh,5-15,-0.22890613248689692,88,-0.2291201076256457,WLS,19,0.0002139751387487676
4,UPFC_Vse,5-15,0.05929606607575431,88,0.06277882033515635,WLS,19,0.003482754259402039
5,UPFC_tse,5-15,-2.1238373943288638,88,-2.1680451844362034,WLS,19,0.04420779010733966
0,x_tcsc,1-14,-0.11349504714346992,89,-0.11354314416308604,WLS,19,4.8097019616125114e-05
1,B_svc,2,0.1834035454254635,89,0.18328693294864615,WLS,19,0.00011661247681735154
2,UPFC_Vsh,5-15,1.1116449461950426,89,1.1043156118880415,WLS,19,0.007329334307001112
3,UPFC_tsh,5-15,-0.22890543340384353,89,-0.2291201076256457,WLS,19,0.000214674221802158
4,UPFC_Vse,5-15,0.059087098812546895,89,0.06277882033515635,WLS,19,0.0036917215226094507
5,UPFC_tse,5-15,-2.126036660239237,89,-2.1680451844362034,WLS,19,0.042008524196966324
0,x_tcsc,1-14,-0.11349536898225641,90,-0.11354314416308604,WLS,19,4.777518082962895e-05
1,B_svc,2,0.18325726040846882,90,0.18328693294864615,WLS,19,2.96725401773279e-05
2,UPFC_Vsh,5-15,1.111499079878347,90,1.1043156118880415,WLS,19,0.007183467990305559
3,UPFC_tsh,5-15,-0.22893466117256708,90,-0.2291201076256457,WLS,19,0.0001854464530786082
4,UPFC_Vse,5-15,0.05942195155987562,90,0.06277882033515635,WLS,19,0.0033568687752807275
5,UPFC_tse,5-15,-2.12272561907037,90,-2.1680451844362034,WLS,19,0.04531956536583337
0,x_tcsc,1-14,-0.11349902260978885,91,-0.11354314416308604,WLS,19,4.4121553297193916e-05
1,B_svc,2,0.18349246483958231,91,0.18328693294864615,WLS,19,0.00020553189093616697
2,UPFC_Vsh,5-15,1.1115260180949242,91,1.1043156118880415,WLS,19,0.007210406206882736
3,UPFC_tsh,5-15,-0.22890386534121673,91,-0.2291201076256457,WLS,19,0.000216242284428958
4,UPFC_Vse,5-15,0.0591246302464801,91,0.06277882033515635,WLS,19,0.0036541900886762485
5,UPFC_tse,5-15,-2.128360773953011,91,-2.1680451844362034,WLS,19,0.0396844104831926
0,x_tcsc,1-14,-0.11349962582515728,92,-0.11354314416308604,WLS,19,4.35183379287607e-05
1,B_svc,2,0.1835121088822362,92,0.18328693294864615,WLS,19,0.0002251759335900605
2,UPFC_Vsh,5-15,1.1117684755966384,92,1.1043156118880415,WLS,19,0.00745286370859688
3,UPFC_tsh,5-15,-0.22884176271659304,92,-0.2291201076256457,WLS,19,0.0002783449090526524
4,UPFC_Vse,5-15,0.059849373507214004,92,0.06277882033515635,WLS,19,0.002929446827942342
5,UPFC_tse,5-15,-2.1251813844317344,92,-2.1680451844362034,WLS,19,0.04286380000446899
0,x_tcsc,1-14,-0.11349045204865045,93,-0.11354314416308604,WLS,19,5.269211443559296e-05
1,B_svc,2,0.18324026054534923,93,0.18328693294864615,WLS,19,4.667240329692124e-05
2,UPFC_Vsh,5-15,1.1113708862740397,93,1.1043156118880415,WLS,19,0.007055274385998178
3,UPFC_tsh,5-15,-0.22891886152541763,93,-0.2291201076256457,WLS,19,0.0002012461002280641
4,UPFC_Vse,5-15,0.059901478074377894,93,0.06277882033515635,WLS,19,0.0028773422607784524
5,UPFC_tse,5-15,-2.124251209232689,93,-2.1680451844362034,WLS,19,0.04379397520351436
0,x_tcsc,1-14,-0.11350151641830172,94,-0.11354314416308604,WLS,19,4.1627744784319964e-05
1,B_svc,2,0.183150404522244,94,0.18328693294864615,WLS,19,0.00013652842640216045
2,UPFC_Vsh,5-15,1.1115080090651843,94,1.1043156118880415,WLS,19,0.0071923971771428175
3,UPFC_tsh,5-15,-0.22890346348846205,94,-0.2291201076256457,WLS,19,0.0002166441371836414
4,UPFC_Vse,5-15,0.05888995149665959,94,0.06277882033515635,WLS,19,0.003888868838496755
5,UPFC_tse,5-15,-2.1253796859019567,94,-2.1680451844362034,WLS,19,0.042665498534246726
0,x_tcsc,1-14,-0.1134864743503737,95,-0.11354314416308604,WLS,19,5.6669812712337175e-05
1,B_svc,2,0.18361049994074657,95,0.18328693294864615,WLS,19,0.00032356699210042694
2,UPFC_Vsh,5-15,1.111770864063026,95,1.1043156118880415,WLS,19,0.007455252174984439
3,UPFC_tsh,5-15,-0.2288638643890529,95,-0.2291201076256457,WLS,19,0.00025624323659279025
4,UPFC_Vse,5-15,0.0598115175356419,95,0.06277882033515635,WLS,19,0.0029673027995144458
5,UPFC_tse,5-15,-2.1249376878089463,95,-2.1680451844362034,WLS,19,0.0431074966272571
0,x_tcsc,1-14,-0.11348639346448157,96,-0.11354314416308604,WLS,19,5.6750698604474126e-05
1,B_svc,2,0.1830944408227011,96,0.18328693294864615,WLS,19,0.0001924921259450485
2,UPFC_Vsh,5-15,1.111180416102534,96,1.1043156118880415,WLS,19,0.006864804214492537
3,UPFC_tsh,5-15,-0.2289841697975174,96,-0.2291201076256457,WLS,19,0.0001359378281282908
4,UPFC_Vse,5-15,0.05891028034825884,96,0.06277882033515635,WLS,19,0.0038685399868975054
5,UPFC_tse,5-15,-2.126348723042147,96,-2.1680451844362034,WLS,19,0.04169646139405625
0,x_tcsc,1-14,-0.11349170371786504,97,-0.11354314416308604,WLS,19,5.1440445220998776e-05
1,B_svc,2,0.18392165473655986,97,0.18328693294864615,WLS,19,0.0006347217879137113
2,UPFC_Vsh,5-15,1.1115027059558875,97,1.1043156118880415,WLS,19,0.007187094067846012
3,UPFC_tsh,5-15,-0.22893362228361133,97,-0.2291201076256457,WLS,19,0.0001864853420343593
4,UPFC_Vse,5-15,0.05954416996641501,97,0.06277882033515635,WLS,19,0.0032346503687413347
5,UPFC_tse,5-15,-2.124521729284307,97,-2.1680451844362034,WLS,19,0.043523455151896595
0,x_tcsc,1-14,-0.11349500229388974,98,-0.11354314416308604,WLS,19,4.8141869196299814e-05
1,B_svc,2,0.18352036829369833,98,0.18328693294864615,WLS,19,0.00023343534505218533
2,UPFC_Vsh,5-15,1.1115462017450126,98,1.1043156118880415,WLS,19,0.007230589856971115
3,UPFC_tsh,5-15,-0.22891107868477645,98,-0.2291201076256457,WLS,19,0.00020902894086924362
4,UPFC_Vse,5-15,0.05951168876629147,98,0.06277882033515635,WLS,19,0.0032671315688648783
5,UPFC_tse,5-15,-2.1236804101900466,98,-2.1680451844362034,WLS,19,0.04436477424615681
0,x_tcsc,1-14,-0.11350793785827755,99,-0.11354314416308604,WLS,19,3.520630480849385e-05
1,B_svc,2,0.18378071158484194,99,0.18328693294864615,WLS,19,0.0004937786361957908
2,UPFC_Vsh,5-15,1.1119414574802542,99,1.1043156118880415,WLS,19,0.007625845592212688
3,UPFC_tsh,5-15,-0.22890264160600826,99,-0.2291201076256457,WLS,19,0.00021746601963743006
4,UPFC_Vse,5-15,0.059804478947275974,99,0.06277882033515635,WLS,19,0.002974341387880372
5,UPFC_tse,5-15,-2.127676352909653,99,-2.1680451844362034,WLS,19,0.04036883152655024
0,x_tcsc,1-14,-0.11451336445530469,0,-0.11458232990911095,WLS,21,6.896545380626062e-05
1,B_svc,2,0.18552483143232276,0,0.18554927214690295,WLS,21,2.444071458018726e-05
2,UPFC_Vsh,5-15,1.1117060529885403,0,1.1031678178908981,WLS,21,0.008538235097642177
3,UPFC_tsh,5-15,-0.22751876984929528,0,-0.2277859627596508,WLS,21,0.0002671929103555126
4,UPFC_Vse,5-15,0.059348725230342875,0,0.06341033325853165,WLS,21,0.004061608028188779
5,UPFC_tse,5-15,-2.124030801865555,0,-2.1772836908686806,WLS,21,0.053252889003125414
0,x_tcsc,1-14,-0.11450530155642427,1,-0.11458232990911095,WLS,21,7.702835268667829e-05
1,B_svc,2,0.18612813332764955,1,0.18554927214690295,WLS,21,0.0005788611807465982
2,UPFC_Vsh,5-15,1.1112975265558263,1,1.1031678178908981,WLS,21,0.008129708664928126
3,UPFC_tsh,5-15,-0.22754583923478253,1,-0.2277859627596508,WLS,21,0.0002401235248682687
4,UPFC_Vse,5-15,0.05930378354479962,1,0.06341033325853165,WLS,21,0.004106549713732033
5,UPFC_tse,5-15,-2.12313928483495,1,-2.1772836908686806,WLS,21,0.05414440603373061
0,x_tcsc,1-14,-0.11452344733939333,2,-0.11458232990911095,WLS,21,5.888256971761652e-05
1,B_svc,2,0.18596703087226907,2,0.18554927214690295,WLS,21,0.0004177587253661186
2,UPFC_Vsh,5-15,1.1118205046065675,2,1.1031678178908981,WLS,21,0.008652686715669322
3,UPFC_tsh,5-15,-0.22752070787541143,2,-0.2277859627596508,WLS,21,0.0002652548842393687
4,UPFC_Vse,5-15,0.05966548633039099,2,0.06341033325853165,WLS,21,0.0037448469281406646
5,UPFC_tse,5-15,-2.1250302501747873,2,-2.1772836908686806,WLS,21,0.05225344069389326
0,x_tcsc,1-14,-0.11452294334022471,3,-0.11458232990911095,WLS,21,5.938656888623828e-05
1,B_svc,2,0.1851955298434722,3,0.18554927214690295,WLS,21,0.000353742303430743
2,UPFC_Vsh,5-15,1.1116820563795817,3,1.1031678178908981,WLS,21,0.008514238488683601
3,UPFC_tsh,5-15,-0.22744683784453876,3,-0.2277859627596508,WLS,21,0.0003391249151120379
4,UPFC_Vse,5-15,0.05934733508055114,3,0.06341033325853165,WLS,21,0.0040629981779805105
5,UPFC_tse,5-15,-2.1260911578934074,3,-2.1772836908686806,WLS,21,0.05119253297527315
0,x_tcsc,1-14,-0.1145166310264753,4,-0.11458232990911095,WLS,21,6.569888263564805e-05
1,B_svc,2,0.18620639082352977,4,0.18554927214690295,WLS,21,0.0006571186766268222
2,UPFC_Vsh,5-15,1.1115175041611391,4,1.1031678178908981,WLS,21,0.008349686270241019
3,UPFC_tsh,5-15,-0.2275390677849703,4,-0.2277859627596508,WLS,21,0.0002468949746805005
4,UPFC_Vse,5-15,0.05959346157172869,4,0.06341033325853165,WLS,21,0.003816871686802961
5,UPFC_tse,5-15,-2.12556817549429,4,-2.1772836908686806,WLS,21,0.05171551537439045
0,x_tcsc,1-14,-0.1145135597243251,5,-0.11458232990911095,WLS,21,6.877018478584906e-05
1,B_svc,2,0.18597454486469486,5,0.18554927214690295,WLS,21,0.00042527271779191356
2,UPFC_Vsh,5-15,1.1116472833394786,5,1.1031678178908981,WLS,21,0.00847946544858047
3,UPFC_tsh,5-15,-0.22749144580281472,5,-0.2277859627596508,WLS,21,0.00029451695683607726
4,UPFC_Vse,5-15,0.05964287861557644,5,0.06341033325853165,WLS,21,0.0037674546429552133
5,UPFC_tse,5-15,-2.1245692768676117,5,-2.1772836908686806,WLS,21,0.05271441400106891
0,x_tcsc,1-14,-0.11451563997591335,6,-0.11458232990911095,WLS,21,6.66899331975973e-05
1,B_svc,2,0.185735512782759,6,0.18554927214690295,WLS,21,0.00018624063585603867
2,UPFC_Vsh,5-15,1.111717178349337,6,1.1031678178908981,WLS,21,0.008549360458438793
3,UPFC_tsh,5-15,-0.2275016724017359,6,-0.2277859627596508,WLS,21,0.00028429035791488477
4,UPFC_Vse,5-15,0.05968462204537708,6,0.06341033325853165,WLS,21,0.003725711213154577
5,UPFC_tse,5-15,-2.126488590527751,6,-2.1772836908686806,WLS,21,0.05079510034092971
0,x_tcsc,1-14,-0.11452285216271302,7,-0.11458232990911095,WLS,21,5.94777463979318e-05
1,B_svc,2,0.18597046006950763,7,0.18554927214690295,WLS,21,0.00042118792260467663
2,UPFC_Vsh,5-15,1.111598815814332,7,1.1031678178908981,WLS,21,0.008430997923433825
3,UPFC_tsh,5-15,-0.2275011923698391,7,-0.2277859627596508,WLS,21,0.00028477038981170044
4,UPFC_Vse,5-15,0.059080906750991924,7,0.06341033325853165,WLS,21,0.00432942650753973
5,UPFC_tse,5-15,-2.1247399322870395,7,-2.1772836908686806,WLS,21,0.052543758581641065
0,x_tcsc,1-14,-0.11452332619216801,8,-0.11458232990911095,WLS,21,5.900371694293749e-05
1,B_svc,2,0.18575946177874655,8,0.18554927214690295,WLS,21,0.00021018963184360473
2,UPFC_Vsh,5-15,1.1117488994319666,8,1.1031678178908981,WLS,21,0.008581081541068514
3,UPFC_tsh,5-15,-0.22750751484031428,8,-0.2277859627596508,WLS,21,0.0002784479193365108
4,UPFC_Vse,5-15,0.05951319065080717,8,0.06341033325853165,WLS,21,0.003897142607724481
5,UPFC_tse,5-15,-2.1244842136566344,8,-2.1772836908686806,WLS,21,0.05279947721204614
0,x_tcsc,1-14,-0.11451328678256183,9,-0.11458232990911095,WLS,21,6.904312654912315e-05
1,B_svc,2,0.18576733375446328,9,0.18554927214690295,WLS,21,0.000218061607560327
2,UPFC_Vsh,5-15,1.1119740768304818,9,1.1031678178908981,WLS,21,0.008806258939583644
3,UPFC_tsh,5-15,-0.2274970952729342,9,-0.2277859627596508,WLS,21,0.0002888674867165819
4,UPFC_Vse,5-15,0.059702455331792526,9,0.06341033325853165,WLS,21,0.003707877926739128
5,UPFC_tse,5-15,-2.124950391029556,9,-2.1772836908686806,WLS,21,0.0523332998391246
0,x_tcsc,1-14,-0.1145237889249772,10,-0.11458232990911095,WLS,21,5.854098413375641e-05
1,B_svc,2,0.1857725720233829,10,0.18554927214690295,WLS,21,0.0002232998764799543
2,UPFC_Vsh,5-15,1.1114831870551263,10,1.1031678178908981,WLS,21,0.008315369164228148
3,UPFC_tsh,5-15,-0.22750580573644807,10,-0.2277859627596508,WLS,21,0.0002801570232027206
4,UPFC_Vse,5-15,0.05900992725687805,10,0.06341033325853165,WLS,21,0.004400406001653603
5,UPFC_tse,5-15,-2.123663502920835,10,-2.1772836908686806,WLS,21,0.05362018794784573
0,x_tcsc,1-14,-0.11452756513202313,11,-0.11458232990911095,WLS,21,5.476477708782346e-05
1,B_svc,2,0.18582568303820593,11,0.18554927214690295,WLS,21,0.0002764108913029806
2,UPFC_Vsh,5-15,1.1116844622887208,11,1.1031678178908981,WLS,21,0.008516644397822626
3,UPFC_tsh,5-15,-0.22749138302099206,11,-0.2277859627596508,WLS,21,0.00029457973865873455
4,UPFC_Vse,5-15,0.05892853852125353,11,0.06341033325853165,WLS,21,0.004481794737278125
5,UPFC_tse,5-15,-2.124427362790686,11,-2.1772836908686806,WLS,21,0.052856328077994785
0,x_tcsc,1-14,-0.1145118769568833,12,-0.11458232990911095,WLS,21,7.045295222765646e-05
1,B_svc,2,0.1856786121666979,12,0.18554927214690295,WLS,21,0.00012934001979494902
2,UPFC_Vsh,5-15,1.1116296583833205,12,1.1031678178908981,WLS,21,0.008461840492422379
3,UPFC_tsh,5-15,-0.2275054575185946,12,-0.2277859627596508,WLS,21,0.00028050524105618924
4,UPFC_Vse,5-15,0.05944200810083006,12,0.06341033325853165,WLS,21,0.0039683251577015966
5,UPFC_tse,5-15,-2.124126018566152,12,-2.1772836908686806,WLS,21,0.053157672302528436
0,x_tcsc,1-14,-0.1145180478665104,13,-0.11458232990911095,WLS,21,6.428204260054693e-05
1,B_svc,2,0.18559396592940813,13,0.18554927214690295,WLS,21,4.4693782505184076e-05
2,UPFC_Vsh,5-15,1.1118157781851281,13,1.1031678178908981,WLS,21,0.008647960294229984
3,UPFC_tsh,5-15,-0.22744801556466124,13,-0.2277859627596508,WLS,21,0.0003379471949895574
4,UPFC_Vse,5-15,0.059087884912117285,13,0.06341033325853165,WLS,21,0.004322448346414369
5,UPFC_tse,5-15,-2.1235571812702774,13,-2.1772836908686806,WLS,21,0.053726509598403194
0,x_tcsc,1-14,-0.1145227611777566,14,-0.11458232990911095,WLS,21,5.956873135434804e-05
1,B_svc,2,0.18551532060027073,14,0.18554927214690295,WLS,21,3.3951546632216e-05
2,UPFC_Vsh,5-15,1.1117871658414529,14,1.1031678178908981,WLS,21,0.008619347950554745
3,UPFC_tsh,5-15,-0.2273922340803797,14,-0.2277859627596508,WLS,21,0.0003937286792710937
4,UPFC_Vse,5-15,0.05926762208594158,14,0.06341033325853165,WLS,21,0.0041427111725900745
5,UPFC_tse,5-15,-2.1249869031988045,14,-2.1772836908686806,WLS,21,0.05229678766987611
0,x_tcsc,1-14,-0.11451470084605797,15,-0.11458232990911095,WLS,21,6.762906305297911e-05
1,B_svc,2,0.18535731267637695,15,0.18554927214690295,WLS,21,0.0001919594705259986
2,UPFC_Vsh,5-15,1.1115017056344263,15,1.1031678178908981,WLS,21,0.008333887743528168
3,UPFC_tsh,5-15,-0.22752975793963293,15,-0.2277859627596508,WLS,21,0.00025620482001786904
4,UPFC_Vse,5-15,0.059646759994591604,15,0.06341033325853165,WLS,21,0.0037635732639400496
5,UPFC_tse,5-15,-2.1218618366591087,15,-2.1772836908686806,WLS,21,0.05542185420957191
0,x_tcsc,1-14,-0.11451487018372139,16,-0.11458232990911095,WLS,21,6.74597253895598e-05
1,B_svc,2,0.18554236969413848,16,0.18554927214690295,WLS,21,6.902452764467881e-06
2,UPFC_Vsh,5-15,1.1114598061070615,16,1.1031678178908981,WLS,21,0.008291988216163393
3,UPFC_tsh,5-15,-0.227535266213151,16,-0.2277859627596508,WLS,21,0.00025069654649978457
4,UPFC_Vse,5-15,0.059686755483029826,16,0.06341033325853165,WLS,21,0.003723577775501828
5,UPFC_tse,5-15,-2.12038200844029,16,-2.1772836908686806,WLS,21,0.056901682428390554
0,x_tcsc,1-14,-0.11451256854792358,17,-0.11458232990911095,WLS,21,6.97613611873732e-05
1,B_svc,2,0.1858391729008574,17,0.18554927214690295,WLS,21,0.000289900753954464
2,UPFC_Vsh,5-15,1.1115649950685806,17,1.1031678178908981,WLS,21,0.008397177177682513
3,UPFC_tsh,5-15,-0.22757098405549003,17,-0.2277859627596508,WLS,21,0.00021497870416076204
4,UPFC_Vse,5-15,0.059189295158811904,17,0.06341033325853165,WLS,21,0.00422103809971975
5,UPFC_tse,5-15,-2.128855331112819,17,-2.1772836908686806,WLS,21,0.04842835975586146
0,x_tcsc,1-14,-0.11451470973814804,18,-0.11458232990911095,WLS,21,6.762017096291484e-05
1,B_svc,2,0.1855890826877459,18,0.18554927214690295,WLS,21,3.981054084295499e-05
2,UPFC_Vsh,5-15,1.1117298054830427,18,1.1031678178908981,WLS,21,0.008561987592144549
3,UPFC_tsh,5-15,-0.22747831707932564,18,-0.2277859627596508,WLS,21,0.0003076456803251526
4,UPFC_Vse,5-15,0.05983232762838988,18,0.06341033325853165,WLS,21,0.0035780056301417743
5,UPFC_tse,5-15,-2.1250808271787003,18,-2.1772836908686806,WLS,21,0.05220286368998028
0,x_tcsc,1-14,-0.11452442399060343,19,-0.11458232990911095,WLS,21,5.790591850751703e-05
1,B_svc,2,0.18607568008988984,19,0.18554927214690295,WLS,21,0.0005264079429868895
2,UPFC_Vsh,5-15,1.1117214773344248,19,1.1031678178908981,WLS,21,0.008553659443526707
3,UPFC_tsh,5-15,-0.22750283589213507,19,-0.2277859627596508,WLS,21,0.0002831268675157206
4,UPFC_Vse,5-15,0.05937942598892738,19,0.06341033325853165,WLS,21,0.004030907269604277
5,UPFC_tse,5-15,-2.1253450799978753,19,-2.1772836908686806,WLS,21,0.05193861087080531
0,x_tcsc,1-14,-0.11451859079577635,20,-0.11458232990911095,WLS,21,6.373911333459881e-05
1,B_svc,2,0.18547477695067557,20,0.18554927214690295,WLS,21,7.449519622737544e-05
2,UPFC_Vsh,5-15,1.1117000139646591,20,1.1031678178908981,WLS,21,0.00853219607376099
3,UPFC_tsh,5-15,-0.22754114452038032,20,-0.2277859627596508,WLS,21,0.0002448182392704723
4,UPFC_Vse,5-15,0.05928403714402147,20,0.06341033325853165,WLS,21,0.004126296114510181
5,UPFC_tse,5-15,-2.1255948987089526,20,-2.1772836908686806,WLS,21,0.05168879215972799
0,x_tcsc,1-14,-0.11451065586778589,21,-0.11458232990911095,WLS,21,7.167404132506217e-05
1,B_svc,2,0.18619935700984552,21,0.18554927214690295,WLS,21,0.0006500848629425737
2,UPFC_Vsh,5-15,1.111549400425965,21,1.1031678178908981,WLS,21,0.008381582535066823
3,UPFC_tsh,5-15,-0.22747098473857083,21,-0.2277859627596508,WLS,21,0.00031497802107996464
4,UPFC_Vse,5-15,0.06001980808820394,21,0.06341033325853165,WLS,21,0.0033905251703277156
5,UPFC_tse,5-15,-2.1229573796760506,21,-2.1772836908686806,WLS,21,0.054326311192629984
0,x_tcsc,1-14,-0.11450437778135693,22,-0.11458232990911095,WLS,21,7.795212775402183e-05
1,B_svc,2,0.18626577236463343,22,0.18554927214690295,WLS,21,0.0007165002177304813
2,UPFC_Vsh,5-15,1.1118647817331402,22,1.1031678178908981,WLS,21,0.008696963842242056
3,UPFC_tsh,5-15,-0.2275447274426737,22,-0.2277859627596508,WLS,21,0.00024123531697708978
4,UPFC_Vse,5-15,0.05960433424385168,22,0.06341033325853165,WLS,21,0.003805999014679977
5,UPFC_tse,5-15,-2.121860667731211,22,-2.1772836908686806,WLS,21,0.055423023137469496
0,x_tcsc,1-14,-0.11451881867014099,23,-0.11458232990911095,WLS,21,6.351123896995714e-05
1,B_svc,2,0.18587177211468917,23,0.18554927214690295,WLS,21,0.00032249996778621615
2,UPFC_Vsh,5-15,1.1114939669700283,23,1.1031678178908981,WLS,21,0.008326149079130207
3,UPFC_tsh,5-15,-0.22748736161278454,23,-0.2277859627596508,WLS,21,0.00029860114686625083
4,UPFC_Vse,5-15,0.05972359844359068,23,0.06341033325853165,WLS,21,0.003686734814940973
5,UPFC_tse,5-15,-2.1229564779265173,23,-2.1772836908686806,WLS,21,0.05432721294216325
0,x_tcsc,1-14,-0.11452300770010927,24,-0.11458232990911095,WLS,21,5.932220900167762e-05
1,B_svc,2,0.18560954348603392,24,0.18554927214690295,WLS,21,6.027133913097393e-05
2,UPFC_Vsh,5-15,1.1118927901891342,24,1.1031678178908981,WLS,21,0.0087249722982361
3,UPFC_tsh,5-15,-0.2275434897373526,24,-0.2277859627596508,WLS,21,0.00024247302229818413
4,UPFC_Vse,5-15,0.05938966596428673,24,0.06341033325853165,WLS,21,0.004020667294244926
5,UPFC_tse,5-15,-2.12623656596337,24,-2.1772836908686806,WLS,21,0.051047124905310604
0,x_tcsc,1-14,-0.1145143243187026,25,-0.11458232990911095,WLS,21,6.80055904083432e-05
1,B_svc,2,0.18598007090222796,25,0.18554927214690295,WLS,21,0.000430798755325007
2,UPFC_Vsh,5-15,1.1115471440841156,25,1.1031678178908981,WLS,21,0.008379326193217462
3,UPFC_tsh,5-15,-0.22752698395683565,25,-0.2277859627596508,WLS,21,0.00025897880281514074
4,UPFC_Vse,5-15,0.05907065219618813,25,0.06341033325853165,WLS,21,0.004339681062343524
5,UPFC_tse,5-15,-2.1219014831072722,25,-2.1772836908686806,WLS,21,0.05538220776140834
0,x_tcsc,1-14,-0.11451822559059217,26,-0.11458232990911095,WLS,21,6.410431851877618e-05
1,B_svc,2,0.18619500355640406,26,0.18554927214690295,WLS,21,0.0006457314095011102
2,UPFC_Vsh,5-15,1.111439114346247,26,1.1031678178908981,WLS,21,0.008271296455348853
3,UPFC_tsh,5-15,-0.22755258752961138,26,-0.2277859627596508,WLS,21,0.00023337523003941207
4,UPFC_Vse,5-15,0.05933018591949685,26,0.06341033325853165,WLS,21,0.004080147339034806
5,UPFC_tse,5-15,-2.122360686601129,26,-2.1772836908686806,WLS,21,0.0549230042675517
0,x_tcsc,1-14,-0.11453250715002572,27,-0.11458232990911095,WLS,21,4.982275908523015e-05
1,B_svc,2,0.1855426242185419,27,0.18554927214690295,WLS,21,6.6479283610532125e-06
2,UPFC_Vsh,5-15,1.1117277016563674,27,1.1031678178908981,WLS,21,0.008559883765469234
3,UPFC_tsh,5-15,-0.22747696866652656,27,-0.2277859627596508,WLS,21,0.0003089940931242374
4,UPFC_Vse,5-15,0.059206314002291587,27,0.06341033325853165,WLS,21,0.004204019256240067
5,UPFC_tse,5-15,-2.1267626931723336,27,-2.1772836908686806,WLS,21,0.05052099769634699
0,x_tcsc,1-14,-0.11451775752375264,28,-0.11458232990911095,WLS,21,6.457238535831356e-05
1,B_svc,2,0.1861029530777284,28,0.18554927214690295,WLS,21,0.0005536809308254453
2,UPFC_Vsh,5-15,1.1117951475187184,28,1.1031678178908981,WLS,21,0.008627329627820313
3,UPFC_tsh,5-15,-0.22750301823530691,28,-0.2277859627596508,WLS,21,0.00028294452434388107
4,UPFC_Vse,5-15,0.05969935836956388,28,0.06341033325853165,WLS,21,0.0037109748889677732
5,UPFC_tse,5-15,-2.12430331160956,28,-2.1772836908686806,WLS,21,0.05298037925912036
0,x_tcsc,1-14,-0.11450544948068656,29,-0.11458232990911095,WLS,21,7.688042842439458e-05
1,B_svc,2,0.18646709974830095,29,0.18554927214690295,WLS,21,0.0009178276013979969
2,UPFC_Vsh,5-15,1.1117853548663403,29,1.1031678178908981,WLS,21,0.008617536975442208
3,UPFC_tsh,5-15,-0.22751562587235383,29,-0.2277859627596508,WLS,21,0.00027033688729696803
4,UPFC_Vse,5-15,0.05970543801772505,29,0.06341033325853165,WLS,21,0.0037048952408066035
5,UPFC_tse,5-15,-2.124937136904315,29,-2.1772836908686806,WLS,21,0.052346553964365494
0,x_tcsc,1-14,-0.11451391303580402,30,-0.11458232990911095,WLS,21,6.841687330692847e-05
1,B_svc,2,0.18602543912280906,30,0.18554927214690295,WLS,21,0.000476166975906106
2,UPFC_Vsh,5-15,1.1118305102815151,30,1.1031678178908981,WLS,21,0.00866269239061701
3,UPFC_tsh,5-15,-0.22754874987879978,30,-0.2277859627596508,WLS,21,0.00023721288085101766
4,UPFC_Vse,5-15,0.06004494413768782,30,0.06341033325853165,WLS,21,0.0033653891208438313
5,UPFC_tse,5-15,-2.1270626717444157,30,-2.1772836908686806,WLS,21,0.05022101912426491
0,x_tcsc,1-14,-0.11451544187238873,31,-0.11458232990911095,WLS,21,6.688803672222354e-05
1,B_svc,2,0.18599825645732346,31,0.18554927214690295,WLS,21,0.00044898431042050824
2,UPFC_Vsh,5-15,1.1117918799077153,31,1.1031678178908981,WLS,21,0.008624062016817202
3,UPFC_tsh,5-15,-0.2274687217449978,31,-0.2277859627596508,WLS,21,0.0003172410146529969
4,UPFC_Vse,5-15,0.05908135032437641,31,0.06341033325853165,WLS,21,0.004328982934155241
5,UPFC_tse,5-15,-2.1245753048494174,31,-2.1772836908686806,WLS,21,0.0527083860192632
0,x_tcsc,1-14,-0.11450916043536007,32,-0.11458232990911095,WLS,21,7.316947375088367e-05
1,B_svc,2,0.1862612852022115,32,0.18554927214690295,WLS,21,0.0007120130553085469
2,UPFC_Vsh,5-15,1.111966659566286,32,1.1031678178908981,WLS,21,0.008798841675387914
3,UPFC_tsh,5-15,-0.22755164019193824,32,-0.2277859627596508,WLS,21,0.00023432256771255267
4,UPFC_Vse,5-15,0.05881544699159296,32,0.06341033325853165,WLS,21,0.004594886266938693
5,UPFC_tse,5-15,-2.128190329086994,32,-2.1772836908686806,WLS,21,0.04909336178168644
0,x_tcsc,1-14,-0.11451217804838074,33,-0.11458232990911095,WLS,21,7.015186073021373e-05
1,B_svc,2,0.1856840159174055,33,0.18554927214690295,WLS,21,0.00013474377050254338
2,UPFC_Vsh,5-15,1.1118319608421174,33,1.1031678178908981,WLS,21,0.008664142951219311
3,UPFC_tsh,5-15,-0.22750947221440576,33,-0.2277859627596508,WLS,21,0.0002764905452450339
4,UPFC_Vse,5-15,0.05886587838662841,33,0.06341033325853165,WLS,21,0.0045444548719032404
5,UPFC_tse,5-15,-2.1223283390843397,33,-2.1772836908686806,WLS,21,0.054955351784340856
0,x_tcsc,1-14,-0.11451331659028162,34,-0.11458232990911095,WLS,21,6.90133188293307e-05
1,B_svc,2,0.18573173976619992,34,0.18554927214690295,WLS,21,0.00018246761929696653
2,UPFC_Vsh,5-15,1.1114573161587833,34,1.1031678178908981,WLS,21,0.008289498267885165
3,UPFC_tsh,5-15,-0.2274982141313543,34,-0.2277859627596508,WLS,21,0.0002877486282965025
4,UPFC_Vse,5-15,0.059448914115120655,34,0.06341033325853165,WLS,21,0.003961419143410999
5,UPFC_tse,5-15,-2.1255086809727795,34,-2.1772836908686806,WLS,21,0.051775009895901114
0,x_tcsc,1-14,-0.11452800735701779,35,-0.11458232990911095,WLS,21,5.4322552093158394e-05
1,B_svc,2,0.18567669950339497,35,0.18554927214690295,WLS,21,0.00012742735649201586
2,UPFC_Vsh,5-15,1.1117213744902181,35,1.1031678178908981,WLS,21,0.00855355659932
3,UPFC_tsh,5-15,-0.22746703848700559,35,-0.2277859627596508,WLS,21,0.00031892427264521017
4,UPFC_Vse,5-15,0.05953658706668922,35,0.06341033325853165,WLS,21,0.003873746191842435
5,UPFC_tse,5-15,-2.1227183822878333,35,-2.1772836908686806,WLS,21,0.054565308580847294
0,x_tcsc,1-14,-0.11452508045284358,36,-0.11458232990911095,WLS,21,5.724945626736644e-05
1,B_svc,2,0.18573633391373495,36,0.18554927214690295,WLS,21,0.00018706176683200293
2,UPFC_Vsh,5-15,1.111809784418685,36,1.1031678178908981,WLS,21,0.008641966527786815
3,UPFC_tsh,5-15,-0.2275590031670376,36,-0.2277859627596508,WLS,21,0.0002269595926132073
4,UPFC_Vse,5-15,0.05940827970780235,36,0.06341033325853165,WLS,21,0.004002053550729301
5,UPFC_tse,5-15,-2.1272248874102684,36,-2.1772836908686806,WLS,21,0.05005880345841218
0,x_tcsc,1-14,-0.11451822040387818,37,-0.11458232990911095,WLS,21,6.410950523276504e-05
1,B_svc,2,0.18596317693688594,37,0.18554927214690295,WLS,21,0.0004139047899829884
2,UPFC_Vsh,5-15,1.1118361329364117,37,1.1031678178908981,WLS,21,0.008668315045513575
3,UPFC_tsh,5-15,-0.2274589832924957,37,-0.2277859627596508,WLS,21,0.0003269794671550974
4,UPFC_Vse,5-15,0.059619698634164386,37,0.06341033325853165,WLS,21,0.0037906346243672673
5,UPFC_tse,5-15,-2.1250244720548612,37,-2.1772836908686806,WLS,21,0.05225921881381934
0,x_tcsc,1-14,-0.11450851747364313,38,-0.11458232990911095,WLS,21,7.381243546782101e-05
1,B_svc,2,0.18586657203322443,38,0.18554927214690295,WLS,21,0.00031729988632148154
2,UPFC_Vsh,5-15,1.1118250214304497,38,1.1031678178908981,WLS,21,0.008657203539551572
3,UPFC_tsh,5-15,-0.22753424785738938,38,-0.2277859627596508,WLS,21,0.00025171490226141846
4,UPFC_Vse,5-15,0.05943428905901105,38,0.06341033325853165,WLS,21,0.003976044199520606
5,UPFC_tse,5-15,-2.126212385710651,38,-2.1772836908686806,WLS,21,0.05107130515802938
0,x_tcsc,1-14,-0.11450582163809386,39,-0.11458232990911095,WLS,21,7.650827101708668e-05
1,B_svc,2,0.18587799000596755,39,0.18554927214690295,WLS,21,0.0003287178590646034
2,UPFC_Vsh,5-15,1.1113599013558784,39,1.1031678178908981,WLS,21,0.008192083464980238
3,UPFC_tsh,5-15,-0.22746319399221623,39,-0.2277859627596508,WLS,21,0.0003227687674345614
4,UPFC_Vse,5-15,0.058991417793236266,39,0.06341033325853165,WLS,21,0.004418915465295388
5,UPFC_tse,5-15,-2.1253320098978317,39,-2.1772836908686806,WLS,21,0.0519516809708489
0,x_tcsc,1-14,-0.11451545610762609,40,-0.11458232990911095,WLS,21,6.687380148485966e-05
1,B_svc,2,0.18634591589126862,40,0.18554927214690295,WLS,21,0.000796643744365666
2,UPFC_Vsh,5-15,1.1114282772584931,40,1.1031678178908981,WLS,21,0.008260459367595008
3,UPFC_tsh,5-15,-0.22751112022285924,40,-0.2277859627596508,WLS,21,0.000274842536791553
4,UPFC_Vse,5-15,0.05968816452855344,40,0.06341033325853165,WLS,21,0.0037221687299782147
5,UPFC_tse,5-15,-2.1263902603852993,40,-2.1772836908686806,WLS,21,0.05089343048338124
0,x_tcsc,1-14,-0.11450663112991326,41,-0.11458232990911095,WLS,21,7.569877919769152e-05
1,B_svc,2,0.18554243836403536,41,0.18554927214690295,WLS,21,6.833782867587956e-06
2,UPFC_Vsh,5-15,1.1117213087883477,41,1.1031678178908981,WLS,21,0.008553490897449612
3,UPFC_tsh,5-15,-0.2274958438882967,41,-0.2277859627596508,WLS,21,0.00029011887135410586
4,UPFC_Vse,5-15,0.05901969685706674,41,0.06341033325853165,WLS,21,0.004390636401464913
5,UPFC_tse,5-15,-2.1234778128318417,41,-2.1772836908686806,WLS,21,0.053805878036838894
0,x_tcsc,1-14,-0.11450524006082148,42,-0.11458232990911095,WLS,21,7.708984828946885e-05
1,B_svc,2,0.1860201003828251,42,0.18554927214690295,WLS,21,0.0004708282359221494
2,UPFC_Vsh,5-15,1.1117821873306852,42,1.1031678178908981,WLS,21,0.008614369439787106
3,UPFC_tsh,5-15,-0.22749591666347949,42,-0.2277859627596508,WLS,21,0.00029004609617130916
4,UPFC_Vse,5-15,0.059293627382494066,42,0.06341033325853165,WLS,21,0.004116705876037588
5,UPFC_tse,5-15,-2.1293161774403533,42,-2.1772836908686806,WLS,21,0.04796751342832728
0,x_tcsc,1-14,-0.11452494736399914,43,-0.11458232990911095,WLS,21,5.738254511181151e-05
1,B_svc,2,0.18570600546469376,43,0.18554927214690295,WLS,21,0.00015673331779081368
2,UPFC_Vsh,5-15,1.1116462509817966,43,1.1031678178908981,WLS,21,0.008478433090898463
3,UPFC_tsh,5-15,-0.22752283632422282,43,-0.2277859627596508,WLS,21,0.00026312643542797387
4,UPFC_Vse,5-15,0.05940797648429791,43,0.06341033325853165,WLS,21,0.004002356774233745
5,UPFC_tse,5-15,-2.123575113198506,43,-2.1772836908686806,WLS,21,0.05370857767017467
0,x_tcsc,1-14,-0.11452782147997191,44,-0.11458232990911095,WLS,21,5.450842913903853e-05
1,B_svc,2,0.18593785334883653,44,0.18554927214690295,WLS,21,0.0003885812019335799
2,UPFC_Vsh,5-15,1.1113255855758017,44,1.1031678178908981,WLS,21,0.008157767684903616
3,UPFC_tsh,5-15,-0.22759028644415444,44,-0.2277859627596508,WLS,21,0.000195676315496357
4,UPFC_Vse,5-15,0.06006048912743067,44,0.06341033325853165,WLS,21,0.003349844131100982
5,UPFC_tse,5-15,-2.118753307137768,44,-2.1772836908686806,WLS,21,0.05853038373091257
0,x_tcsc,1-14,-0.11450348478196547,45,-0.11458232990911095,WLS,21,7.884512714548264e-05
1,B_svc,2,0.18585090523000933,45,0.18554927214690295,WLS,21,0.0003016330831063785
2,UPFC_Vsh,5-15,1.111461065931792,45,1.1031678178908981,WLS,21,0.00829324804089393
3,UPFC_tsh,5-15,-0.22747430201170335,45,-0.2277859627596508,WLS,21,0.00031166074794744536
4,UPFC_Vse,5-15,0.05942566455075666,45,0.06341033325853165,WLS,21,0.003984668707774995
5,UPFC_tse,5-15,-2.1220451432839007,45,-2.1772836908686806,WLS,21,0.05523854758477986
0,x_tcsc,1-14,-0.11450283825760817,46,-0.11458232990911095,WLS,21,7.949165150278326e-05
1,B_svc,2,0.18598574622502242,46,0.18554927214690295,WLS,21,0.00043647407811947536
2,UPFC_Vsh,5-15,1.1115235088693383,46,1.1031678178908981,WLS,21,0.008355690978440133
3,UPFC_tsh,5-15,-0.22755311466477035,46,-0.2277859627596508,WLS,21,0.00023284809488044456
4,UPFC_Vse,5-15,0.05905130894681608,46,0.06341033325853165,WLS,21,0.004359024311715573
5,UPFC_tse,5-15,-2.123527730174599,46,-2.1772836908686806,WLS,21,0.053755960694081395
0,x_tcsc,1-14,-0.11453226711495235,47,-0.11458232990911095,WLS,21,5.0062794158603485e-05
1,B_svc,2,0.18572479501128206,47,0.18554927214690295,WLS,21,0.00017552286437910736
2,UPFC_Vsh,5-15,1.1117186895492643,47,1.1031678178908981,WLS,21,0.00855087165836621
3,UPFC_tsh,5-15,-0.22752437342631618,47,-0.2277859627596508,WLS,21,0.0002615893333346164
4,UPFC_Vse,5-15,0.059810329148058436,47,0.06341033325853165,WLS,21,0.0036000041104732178
5,UPFC_tse,5-15,-2.12531450875274,47,-2.1772836908686806,WLS,21,0.051969182115940704
0,x_tcsc,1-14,-0.1145122341796185,48,-0.11458232990911095,WLS,21,7.00957294924448e-05
1,B_svc,2,0.18620500179785288,48,0.18554927214690295,WLS,21,0.0006557296509499266
2,UPFC_Vsh,5-15,1.1118616679832156,48,1.1031678178908981,WLS,21,0.00869385009231749
3,UPFC_tsh,5-15,-0.2274761688355172,48,-0.2277859627596508,WLS,21,0.0003097939241336056
4,UPFC_Vse,5-15,0.05925905764822141,48,0.06341033325853165,WLS,21,0.004151275610310243
5,UPFC_tse,5-15,-2.1254187598719407,48,-2.1772836908686806,WLS,21,0.05186493099673983
0,x_tcsc,1-14,-0.11451143000585996,49,-0.11458232990911095,WLS,21,7.089990325098716e-05
1,B_svc,2,0.18574789710796885,49,0.18554927214690295,WLS,21,0.00019862496106590188
2,UPFC_Vsh,5-15,1.1118516469140776,49,1.1031678178908981,WLS,21,0.008683829023179435
3,UPFC_tsh,5-15,-0.22747473251430325,49,-0.2277859627596508,WLS,21,0.0003112302453475435
4,UPFC_Vse,5-15,0.059174069697429804,49,0.06341033325853165,WLS,21,0.0042362635611018495
5,UPFC_tse,5-15,-2.124190587116753,49,-2.1772836908686806,WLS,21,0.05309310375192755
0,x_tcsc,1-14,-0.11450663939465329,50,-0.11458232990911095,WLS,21,7.569051445766029e-05
1,B_svc,2,0.18556449516818418,50,0.18554927214690295,WLS,21,1.5223021281235427e-05
2,UPFC_Vsh,5-15,1.1117092122383654,50,1.1031678178908981,WLS,21,0.008541394347467257
3,UPFC_tsh,5-15,-0.22751783730884012,50,-0.2277859627596508,WLS,21,0.0002681254508106745
4,UPFC_Vse,5-15,0.05954179100411543,50,0.06341033325853165,WLS,21,0.003868542254416227
5,UPFC_tse,5-15,-2.124285744328252,50,-2.1772836908686806,WLS,21,0.052997946540428664
0,x_tcsc,1-14,-0.11451769932955778,51,-0.11458232990911095,WLS,21,6.463057955316542e-05
1,B_svc,2,0.1862079588923653,51,0.18554927214690295,WLS,21,0.0006586867454623502
2,UPFC_Vsh,5-15,1.111418359873669,51,1.1031678178908981,WLS,21,0.008250541982770976
3,UPFC_tsh,5-15,-0.22751892984784164,51,-0.2277859627596508,WLS,21,0.00026703291180915634
4,UPFC_Vse,5-15,0.059488578042236,51,0.06341033325853165,WLS,21,0.003921755216295654
5,UPFC_tse,5-15,-2.1252562923869136,51,-2.1772836908686806,WLS,21,0.05202739848176696
0,x_tcsc,1-14,-0.1145118266558879,52,-0.11458232990911095,WLS,21,7.050325322305317e-05
1,B_svc,2,0.18596207309617016,52,0.18554927214690295,WLS,21,0.00041280094926721134
2,UPFC_Vsh,5-15,1.1119448800245095,52,1.1031678178908981,WLS,21,0.008777062133611402
3,UPFC_tsh,5-15,-0.2274910325691272,52,-0.2277859627596508,WLS,21,0.0002949301905235957
4,UPFC_Vse,5-15,0.05919553930497727,52,0.06341033325853165,WLS,21,0.004214793953554383
5,UPFC_tse,5-15,-2.1238171686422693,52,-2.1772836908686806,WLS,21,0.05346652222641124
0,x_tcsc,1-14,-0.11451866528180259,53,-0.11458232990911095,WLS,21,6.366462730836298e-05
1,B_svc,2,0.18554159394484757,53,0.18554927214690295,WLS,21,7.678202055383387e-06
2,UPFC_Vsh,5-15,1.1116106915363624,53,1.1031678178908981,WLS,21,0.008442873645464255
3,UPFC_tsh,5-15,-0.22745734501634626,53,-0.2277859627596508,WLS,21,0.0003286177433045323
4,UPFC_Vse,5-15,0.059011631970256974,53,0.06341033325853165,WLS,21,0.00439870128827468
5,UPFC_tse,5-15,-2.1268389387915585,53,-2.1772836908686806,WLS,21,0.05044475207712207
0,x_tcsc,1-14,-0.11452241278202314,54,-0.11458232990911095,WLS,21,5.9917127087805166e-05
1,B_svc,2,0.18643147020960676,54,0.18554927214690295,WLS,21,0.0008821980627038151
2,UPFC_Vsh,5-15,1.1117056158554213,54,1.1031678178908981,WLS,21,0.008537797964523142
3,UPFC_tsh,5-15,-0.2274395413135995,54,-0.2277859627596508,WLS,21,0.00034642144605129266
4,UPFC_Vse,5-15,0.05906570762554041,54,0.06341033325853165,WLS,21,0.0043446256329912405
5,UPFC_tse,5-15,-2.1255145755521667,54,-2.1772836908686806,WLS,21,0.05176911531651385
0,x_tcsc,1-14,-0.1145037895586487,55,-0.11458232990911095,WLS,21,7.85403504622445e-05
1,B_svc,2,0.18570389462371203,55,0.18554927214690295,WLS,21,0.00015462247680908536
2,UPFC_Vsh,5-15,1.1116963026516062,55,1.1031678178908981,WLS,21,0.00852848476070811
3,UPFC_tsh,5-15,-0.22744828550175064,55,-0.2277859627596508,WLS,21,0.0003376772579001541
4,UPFC_Vse,5-15,0.05964723695265534,55,0.06341033325853165,WLS,21,0.003763096305876311
5,UPFC_tse,5-15,-2.123258211777216,55,-2.1772836908686806,WLS,21,0.05402547909146449
0,x_tcsc,1-14,-0.11451099893841908,56,-0.11458232990911095,WLS,21,7.133097069186856e-05
1,B_svc,2,0.18620158244811022,56,0.18554927214690295,WLS,21,0.0006523103012072706
2,UPFC_Vsh,5-15,1.1114897382868107,56,1.1031678178908981,WLS,21,0.008321920395912619
3,UPFC_tsh,5-15,-0.227527004746887,56,-0.2277859627596508,WLS,21,0.0002589580127637936
4,UPFC_Vse,5-15,0.05944647105991373,56,0.06341033325853165,WLS,21,0.003963862198617926
5,UPFC_tse,5-15,-2.1222078679707677,56,-2.1772836908686806,WLS,21,0.05507582289791291
0,x_tcsc,1-14,-0.11450021100968813,57,-0.11458232990911095,WLS,21,8.211889942282002e-05
1,B_svc,2,0.18550382473922924,57,0.18554927214690295,WLS,21,4.5447407673704365e-05
2,UPFC_Vsh,5-15,1.1119280331297157,57,1.1031678178908981,WLS,21,0.008760215238817537
3,UPFC_tsh,5-15,-0.2275053330960155,57,-0.2277859627596508,WLS,21,0.00028062966363529007
4,UPFC_Vse,5-15,0.059647462875559554,57,0.06341033325853165,WLS,21,0.0037628703829721
5,UPFC_tse,5-15,-2.1237110319539134,57,-2.1772836908686806,WLS,21,0.053572658914767146
0,x_tcsc,1-14,-0.11451497662056892,58,-0.11458232990911095,WLS,21,6.735328854202971e-05
1,B_svc,2,0.18585565283677416,58,0.18554927214690295,WLS,21,0.0003063806898712107
2,UPFC_Vsh,5-15,1.1117531825545857,58,1.1031678178908981,WLS,21,0.008585364663687534
3,UPFC_tsh,5-15,-0.22747535232989194,58,-0.2277859627596508,WLS,21,0.00031061042975885633
4,UPFC_Vse,5-15,0.0590295132313904,58,0.06341033325853165,WLS,21,0.004380820027141255
5,UPFC_tse,5-15,-2.125510401833122,58,-2.1772836908686806,WLS,21,0.051773289035558445
0,x_tcsc,1-14,-0.11451359802348915,59,-0.11458232990911095,WLS,21,6.873188562180055e-05
1,B_svc,2,0.18576956623929627,59,0.18554927214690295,WLS,21,0.00022029409239332498
2,UPFC_Vsh,5-15,1.1115862708738493,59,1.1031678178908981,WLS,21,0.008418452982951186
3,UPFC_tsh,5-15,-0.22746823230965782,59,-0.2277859627596508,WLS,21,0.0003177304499929756
4,UPFC_Vse,5-15,0.059720812865960864,59,0.06341033325853165,WLS,21,0.00368952039257079
5,UPFC_tse,5-15,-2.1211281494352465,59,-2.1772836908686806,WLS,21,0.05615554143343404
0,x_tcsc,1-14,-0.11450210566171198,60,-0.11458232990911095,WLS,21,8.022424739896616e-05
1,B_svc,2,0.18615743750093194,60,0.18554927214690295,WLS,21,0.0006081653540289944
2,UPFC_Vsh,5-15,1.111609904235804,60,1.1031678178908981,WLS,21,0.008442086344905952
3,UPFC_tsh,5-15,-0.22750571161724772,60,-0.2277859627596508,WLS,21,0.0002802511424030707
4,UPFC_Vse,5-15,0.05962260010914634,60,0.06341033325853165,WLS,21,0.003787733149385311
5,UPFC_tse,5-15,-2.1218302050857987,60,-2.1772836908686806,WLS,21,0.055453485782881895
0,x_tcsc,1-14,-0.11451905915356123,61,-0.11458232990911095,WLS,21,6.327075554972417e-05
1,B_svc,2,0.1854494398863028,61,0.18554927214690295,WLS,21,9.983226060014672e-05
2,UPFC_Vsh,5-15,1.1116898326642983,61,1.1031678178908981,WLS,21,0.0085220147734002
3,UPFC_tsh,5-15,-0.22752267468038517,61,-0.2277859627596508,WLS,21,0.00026328807926562225
4,UPFC_Vse,5-15,0.05964410728498525,61,0.06341033325853165,WLS,21,0.0037662259735464013
5,UPFC_tse,5-15,-2.1252093273222346,61,-2.1772836908686806,WLS,21,0.05207436354644601
0,x_tcsc,1-14,-0.11451541867319483,62,-0.11458232990911095,WLS,21,6.69112359161228e-05
1,B_svc,2,0.18605903010739733,62,0.18554927214690295,WLS,21,0.000509757960494378
2,UPFC_Vsh,5-15,1.111586014376377,62,1.1031678178908981,WLS,21,0.008418196485478813
3,UPFC_tsh,5-15,-0.22756120238206887,62,-0.2277859627596508,WLS,21,0.00022476037758192846
4,UPFC_Vse,5-15,0.059722608545108025,62,0.06341033325853165,WLS,21,0.003687724713423629
5,UPFC_tse,5-15,-2.1252249902566476,62,-2.1772836908686806,WLS,21,0.05205870061203299
0,x_tcsc,1-14,-0.11451666741380388,63,-0.11458232990911095,WLS,21,6.566249530706725e-05
1,B_svc,2,0.1859199900575977,63,0.18554927214690295,WLS,21,0.00037071791069476223
2,UPFC_Vsh,5-15,1.1116096453229112,63,1.1031678178908981,WLS,21,0.00844182743201305
3,UPFC_tsh,5-15,-0.22754721062627964,63,-0.2277859627596508,WLS,21,0.0002387521333711562
4,UPFC_Vse,5-15,0.05948695789151902,63,0.06341033325853165,WLS,21,0.003923375367012635
5,UPFC_tse,5-15,-2.1263645462130896,63,-2.1772836908686806,WLS,21,0.050919144655591
0,x_tcsc,1-14,-0.11451067312177547,64,-0.11458232990911095,WLS,21,7.165678733547787e-05
1,B_svc,2,0.18600009788107733,64,0.18554927214690295,WLS,21,0.000450825734174376
2,UPFC_Vsh,5-15,1.1116274933057846,64,1.1031678178908981,WLS,21,0.008459675414886458
3,UPFC_tsh,5-15,-0.22751078274837275,64,-0.2277859627596508,WLS,21,0.0002751800112780478
4,UPFC_Vse,5-15,0.059618604264626285,64,0.06341033325853165,WLS,21,0.003791728993905369
5,UPFC_tse,5-15,-2.1283837341880303,64,-2.1772836908686806,WLS,21,0.04889995668065028
0,x_tcsc,1-14,-0.11454278582081498,65,-0.11458232990911095,WLS,21,3.9544088295970226e-05
1,B_svc,2,0.18581726150833,65,0.18554927214690295,WLS,21,0.0002679893614270512
2,UPFC_Vsh,5-15,1.1115692090937959,65,1.1031678178908981,WLS,21,0.008401391202897734
3,UPFC_tsh,5-15,-0.2275164861063451,65,-0.2277859627596508,WLS,21,0.0002694766533057058
4,UPFC_Vse,5-15,0.05960108458107939,65,0.06341033325853165,WLS,21,0.003809248677452262
5,UPFC_tse,5-15,-2.1225077822716734,65,-2.1772836908686806,WLS,21,0.054775908597007206
0,x_tcsc,1-14,-0.11451680073306901,66,-0.11458232990911095,WLS,21,6.552917604193964e-05
1,B_svc,2,0.1860266994040993,66,0.18554927214690295,WLS,21,0.00047742725719635004
2,UPFC_Vsh,5-15,1.1116978145053156,66,1.1031678178908981,WLS,21,0.008529996614417445
3,UPFC_tsh,5-15,-0.22750487722246215,66,-0.2277859627596508,WLS,21,0.00028108553718864115
4,UPFC_Vse,5-15,0.0597394423780504,66,0.06341033325853165,WLS,21,0.0036708908804812534
5,UPFC_tse,5-15,-2.1238736434231775,66,-2.1772836908686806,WLS,21,0.05341004744550304
0,x_tcsc,1-14,-0.11452808253299009,67,-0.11458232990911095,WLS,21,5.4247376120863944e-05
1,B_svc,2,0.18547914241168664,67,0.18554927214690295,WLS,21,7.012973521630661e-05
2,UPFC_Vsh,5-15,1.1116911711553994,67,1.1031678178908981,WLS,21,0.008523353264501266
3,UPFC_tsh,5-15,-0.22752356352497105,67,-0.2277859627596508,WLS,21,0.00026239923467974435
4,UPFC_Vse,5-15,0.059333018871714556,67,0.06341033325853165,WLS,21,0.004077314386817098
5,UPFC_tse,5-15,-2.126463801568478,67,-2.1772836908686806,WLS,21,0.050819889300202536
0,x_tcsc,1-14,-0.11449254689418287,68,-0.11458232990911095,WLS,21,8.97830149280826e-05
1,B_svc,2,0.18595739103626477,68,0.18554927214690295,WLS,21,0.0004081188893618193
2,UPFC_Vsh,5-15,1.1118905719503045,68,1.1031678178908981,WLS,21,0.008722754059406368
3,UPFC_tsh,5-15,-0.22757451121603128,68,-0.2277859627596508,WLS,21,0.0002114515436195119
4,UPFC_Vse,5-15,0.05952172295295449,68,0.06341033325853165,WLS,21,0.0038886103055771615
5,UPFC_tse,5-15,-2.123388232781891,68,-2.1772836908686806,WLS,21,0.05389545808678964
0,x_tcsc,1-14,-0.11452145479321384,69,-0.11458232990911095,WLS,21,6.087511589711325e-05
1,B_svc,2,0.1864435891895451,69,0.18554927214690295,WLS,21,0.0008943170426421454
2,UPFC_Vsh,5-15,1.1117091283415284,69,1.1031678178908981,WLS,21,0.008541310450630224
3,UPFC_tsh,5-15,-0.22759352886883008,69,-0.2277859627596508,WLS,21,0.0001924338908207146
4,UPFC_Vse,5-15,0.05941745126675388,69,0.06341033325853165,WLS,21,0.003992881991777775
5,UPFC_tse,5-15,-2.1235073943321807,69,-2.1772836908686806,WLS,21,0.053776296536499846
0,x_tcsc,1-14,-0.11449108293561479,70,-0.11458232990911095,WLS,21,9.124697349616184e-05
1,B_svc,2,0.1855853827520241,70,0.18554927214690295,WLS,21,3.6110605121153494e-05
2,UPFC_Vsh,5-15,1.1112704621559382,70,1.1031678178908981,WLS,21,0.008102644265040038
3,UPFC_tsh,5-15,-0.2275116887297245,70,-0.2277859627596508,WLS,21,0.00027427402992630245
4,UPFC_Vse,5-15,0.059561046980592475,70,0.06341033325853165,WLS,21,0.003849286277939179
5,UPFC_tse,5-15,-2.1234853957305977,70,-2.1772836908686806,WLS,21,0.053798295138082874
0,x_tcsc,1-14,-0.11452319016682197,71,-0.11458232990911095,WLS,21,5.913974228898e-05
1,B_svc,2,0.18575619436714427,71,0.18554927214690295,WLS,21,0.00020692222024132345
2,UPFC_Vsh,5-15,1.1116888236506497,71,1.1031678178908981,WLS,21,0.008521005759751565
3,UPFC_tsh,5-15,-0.2275233593124919,71,-0.2277859627596508,WLS,21,0.0002626034471588934
4,UPFC_Vse,5-15,0.05963009151683463,71,0.06341033325853165,WLS,21,0.003780241741697027
5,UPFC_tse,5-15,-2.1242130100441896,71,-2.1772836908686806,WLS,21,0.05307068082449096
0,x_tcsc,1-14,-0.11451567686749758,72,-0.11458232990911095,WLS,21,6.665304161336538e-05
1,B_svc,2,0.1862250140570266,72,0.18554927214690295,WLS,21,0.0006757419101236506
2,UPFC_Vsh,5-15,1.1115514110511806,72,1.1031678178908981,WLS,21,0.008383593160282476
3,UPFC_tsh,5-15,-0.22756477014988152,72,-0.2277859627596508,WLS,21,0.0002211926097692718
4,UPFC_Vse,5-15,0.05936977332731831,72,0.06341033325853165,WLS,21,0.004040559931213342
5,UPFC_tse,5-15,-2.1244640276633735,72,-2.1772836908686806,WLS,21,0.052819663205307066
0,x_tcsc,1-14,-0.1145007413574947,73,-0.11458232990911095,WLS,21,8.158855161624623e-05
1,B_svc,2,0.1860323153689185,73,0.18554927214690295,WLS,21,0.00048304322201556116
2,UPFC_Vsh,5-15,1.1115708263422492,73,1.1031678178908981,WLS,21,0.008403008451351113
3,UPFC_tsh,5-15,-0.22746418532997706,73,-0.2277859627596508,WLS,21,0.00032177742967373635
4,UPFC_Vse,5-15,0.05926102360056224,73,0.06341033325853165,WLS,21,0.004149309657969412
5,UPFC_tse,5-15,-2.126965367086086,73,-2.1772836908686806,WLS,21,0.050318323782594376
0,x_tcsc,1-14,-0.11452136135056365,74,-0.11458232990911095,WLS,21,6.096855854730021e-05
1,B_svc,2,0.18595218731302982,74,0.18554927214690295,WLS,21,0.00040291516612686595
2,UPFC_Vsh,5-15,1.111905680738805,74,1.1031678178908981,WLS,21,0.008737862847906896
3,UPFC_tsh,5-15,-0.22749881744846798,74,-0.2277859627596508,WLS,21,0.00028714531118281816
4,UPFC_Vse,5-15,0.05935721094448556,74,0.06341033325853165,WLS,21,0.004053122314046094
5,UPFC_tse,5-15,-2.1238487561123414,74,-2.1772836908686806,WLS,21,0.0534349347563392
0,x_tcsc,1-14,-0.11451005068926315,75,-0.11458232990911095,WLS,21,7.227921984780117e-05
1,B_svc,2,0.18582616167253813,75,0.18554927214690295,WLS,21,0.00027688952563517666
2,UPFC_Vsh,5-15,1.1116506748133264,75,1.1031678178908981,WLS,21,0.008482856922428228
3,UPFC_tsh,5-15,-0.2275043990914193,75,-0.2277859627596508,WLS,21,0.0002815636682314826
4,UPFC_Vse,5-15,0.059511102206605423,75,0.06341033325853165,WLS,21,0.00389923105192623
5,UPFC_tse,5-15,-2.1228047093567652,75,-2.1772836908686806,WLS,21,0.054478981511915325
0,x_tcsc,1-14,-0.11451394071997043,76,-0.11458232990911095,WLS,21,6.838918914052472e-05
1,B_svc,2,0.18616119100303857,76,0.18554927214690295,WLS,21,0.0006119188561356237
2,UPFC_Vsh,5-15,1.1119190243234756,76,1.1031678178908981,WLS,21,0.00875120643257743
3,UPFC_tsh,5-15,-0.22743492206662572,76,-0.2277859627596508,WLS,21,0.0003510406930250787
4,UPFC_Vse,5-15,0.059720102302695484,76,0.06341033325853165,WLS,21,0.00369023095583617
5,UPFC_tse,5-15,-2.1235940851690005,76,-2.1772836908686806,WLS,21,0.053689605699680065
0,x_tcsc,1-14,-0.11452877839919659,77,-0.11458232990911095,WLS,21,5.355150991435964e-05
1,B_svc,2,0.1858981061354724,77,0.18554927214690295,WLS,21,0.00034883398856944137
2,UPFC_Vsh,5-15,1.1113883380880076,77,1.1031678178908981,WLS,21,0.008220520197109504
3,UPFC_tsh,5-15,-0.22749950022933935,77,-0.2277859627596508,WLS,21,0.00028646253031144875
4,UPFC_Vse,5-15,0.05960395791345855,77,0.06341033325853165,WLS,21,0.0038063753450731028
5,UPFC_tse,5-15,-2.1213928559060755,77,-2.1772836908686806,WLS,21,0.05589083496260505
0,x_tcsc,1-14,-0.11452230480334999,78,-0.11458232990911095,WLS,21,6.002510576096076e-05
1,B_svc,2,0.18555299774802872,78,0.18554927214690295,WLS,21,3.7256011257702504e-06
2,UPFC_Vsh,5-15,1.111750060595511,78,1.1031678178908981,WLS,21,0.008582242704612941
3,UPFC_tsh,5-15,-0.2274671929447933,78,-0.2277859627596508,WLS,21,0.00031876981485748357
4,UPFC_Vse,5-15,0.05952977117578606,78,0.06341033325853165,WLS,21,0.0038805620827455922
5,UPFC_tse,5-15,-2.1255035250768595,78,-2.1772836908686806,WLS,21,0.0517801657918211
0,x_tcsc,1-14,-0.11451200157076452,79,-0.11458232990911095,WLS,21,7.032833834642871e-05
1,B_svc,2,0.18590743163305434,79,0.18554927214690295,WLS,21,0.0003581594861513937
2,UPFC_Vsh,5-15,1.1116373231763739,79,1.1031678178908981,WLS,21,0.008469505285475742
3,UPFC_tsh,5-15,-0.22755332946650964,79,-0.2277859627596508,WLS,21,0.0002326332931411601
4,UPFC_Vse,5-15,0.059290346538828795,79,0.06341033325853165,WLS,21,0.004119986719702859
5,UPFC_tse,5-15,-2.1244388192634025,79,-2.1772836908686806,WLS,21,0.052844871605278065
0,x_tcsc,1-14,-0.11451059702371558,80,-0.11458232990911095,WLS,21,7.173288539537304e-05
1,B_svc,2,0.18587140481338385,80,0.18554927214690295,WLS,21,0.000322132666480901
2,UPFC_Vsh,5-15,1.111413675407319,80,1.1031678178908981,WLS,21,0.008245857516420818
3,UPFC_tsh,5-15,-0.22755724479220313,80,-0.2277859627596508,WLS,21,0.00022871796744766693
4,UPFC_Vse,5-15,0.05982724415506388,80,0.06341033325853165,WLS,21,0.0035830891034677737
5,UPFC_tse,5-15,-2.1250394457037274,80,-2.1772836908686806,WLS,21,0.052244245164953185
0,x_tcsc,1-14,-0.11452133231292758,81,-0.11458232990911095,WLS,21,6.099759618337364e-05
1,B_svc,2,0.18578476257650936,81,0.18554927214690295,WLS,21,0.00023549042960641087
2,UPFC_Vsh,5-15,1.1117247791856018,81,1.1031678178908981,WLS,21,0.008556961294703624
3,UPFC_tsh,5-15,-0.22747397475370243,81,-0.2277859627596508,WLS,21,0.00031198800594836595
4,UPFC_Vse,5-15,0.05907564355991592,81,0.06341033325853165,WLS,21,0.0043346896986157304
5,UPFC_tse,5-15,-2.1256700145385836,81,-2.1772836908686806,WLS,21,0.05161367633009695
0,x_tcsc,1-14,-0.11450082196617803,82,-0.11458232990911095,WLS,21,8.150794293292074e-05
1,B_svc,2,0.1858734495988911,82,0.18554927214690295,WLS,21,0.0003241774519881502
2,UPFC_Vsh,5-15,1.1115551440161078,82,1.1031678178908981,WLS,21,0.008387326125209649
3,UPFC_tsh,5-15,-0.22750341162332358,82,-0.2277859627596508,WLS,21,0.0002825511363272193
4,UPFC_Vse,5-15,0.05949819138717926,82,0.06341033325853165,WLS,21,0.003912141871352394
5,UPFC_tse,5-15,-2.1205351537660313,82,-2.1772836908686806,WLS,21,0.056748537102649266
0,x_tcsc,1-14,-0.11450270157338223,83,-0.11458232990911095,WLS,21,7.962833572872086e-05
1,B_svc,2,0.1861574955498843,83,0.18554927214690295,WLS,21,0.0006082234029813616
2,UPFC_Vsh,5-15,1.1116551857057546,83,1.1031678178908981,WLS,21,0.008487367814856484
3,UPFC_tsh,5-15,-0.22747878459802426,83,-0.2277859627596508,WLS,21,0.00030717816162653677
4,UPFC_Vse,5-15,0.05968270736080532,83,0.06341033325853165,WLS,21,0.003727625897726336
5,UPFC_tse,5-15,-2.123713707750279,83,-2.1772836908686806,WLS,21,0.053569983118401776
0,x_tcsc,1-14,-0.11450896183920176,84,-0.11458232990911095,WLS,21,7.336806990919376e-05
1,B_svc,2,0.18596568177242395,84,0.18554927214690295,WLS,21,0.0004164096255210026
2,UPFC_Vsh,5-15,1.1118548496764755,84,1.1031678178908981,WLS,21,0.008687031785577393
3,UPFC_tsh,5-15,-0.2275306663757944,84,-0.2277859627596508,WLS,21,0.00025529638385640707
4,UPFC_Vse,5-15,0.05981774481846394,84,0.06341033325853165,WLS,21,0.003592588440067712
5,UPFC_tse,5-15,-2.1254105338128846,84,-2.1772836908686806,WLS,21,0.05187315705579598
0,x_tcsc,1-14,-0.11451271412174456,85,-0.11458232990911095,WLS,21,6.96157873663894e-05
1,B_svc,2,0.18566937573192113,85,0.18554927214690295,WLS,21,0.00012010358501818308
2,UPFC_Vsh,5-15,1.1119979748956672,85,1.1031678178908981,WLS,21,0.00883015700476908
3,UPFC_tsh,5-15,-0.22753571289934393,85,-0.2277859627596508,WLS,21,0.00025024986030686147
4,UPFC_Vse,5-15,0.059356105776778155,85,0.06341033325853165,WLS,21,0.004054227481753499
5,UPFC_tse,5-15,-2.125180943274481,85,-2.1772836908686806,WLS,21,0.05210274759419953
0,x_tcsc,1-14,-0.11451022282501648,86,-0.11458232990911095,WLS,21,7.210708409446931e-05
1,B_svc,2,0.18593030850577236,86,0.18554927214690295,WLS,21,0.0003810363588694077
2,UPFC_Vsh,5-15,1.1117211693119413,86,1.1031678178908981,WLS,21,0.008553351421043187
3,UPFC_tsh,5-15,-0.2275158378555518,86,-0.2277859627596508,WLS,21,0.0002701249040990006
4,UPFC_Vse,5-15,0.05977306763479874,86,0.06341033325853165,WLS,21,0.003637265623732913
5,UPFC_tse,5-15,-2.124035155165214,86,-2.1772836908686806,WLS,21,0.05324853570346644
0,x_tcsc,1-14,-0.11451350817868783,87,-0.11458232990911095,WLS,21,6.882173042312145e-05
1,B_svc,2,0.18591793473405596,87,0.18554927214690295,WLS,21,0.0003686625871530125
2,UPFC_Vsh,5-15,1.1115182245098498,87,1.1031678178908981,WLS,21,0.0083504066189517
3,UPFC_tsh,5-15,-0.22748803390034683,87,-0.2277859627596508,WLS,21,0.0002979288593039642
4,UPFC_Vse,5-15,0.059206791193248,87,0.06341033325853165,WLS,21,0.004203542065283651
5,UPFC_tse,5-15,-2.124428872820966,87,-2.1772836908686806,WLS,21,0.052854818047714414
0,x_tcsc,1-14,-0.11451322854784154,88,-0.11458232990911095,WLS,21,6.910136126940525e-05
1,B_svc,2,0.186458931914392,88,0.18554927214690295,WLS,21,0.0009096597674890516
2,UPFC_Vsh,5-15,1.1113184550347661,88,1.1031678178908981,WLS,21,0.00815063714386799
3,UPFC_tsh,5-15,-0.22751880124243112,88,-0.2277859627596508,WLS,21,0.00026716151721967174
4,UPFC_Vse,5-15,0.05927660920942156,88,0.06341033325853165,WLS,21,0.004133724049110096
5,UPFC_tse,5-15,-2.1226297340596147,88,-2.1772836908686806,WLS,21,0.05465395680906582
0,x_tcsc,1-14,-0.11452263678912049,89,-0.11458232990911095,WLS,21,5.969311999046156e-05
1,B_svc,2,0.18586937144859503,89,0.18554927214690295,WLS,21,0.00032009930169207834
2,UPFC_Vsh,5-15,1.1118308076851526,89,1.1031678178908981,WLS,21,0.008662989794254505
3,UPFC_tsh,5-15,-0.22751456978639933,89,-0.2277859627596508,WLS,21,0.00027139297325146083
4,UPFC_Vse,5-15,0.059321979585323384,89,0.06341033325853165,WLS,21,0.00408835367320827
5,UPFC_tse,5-15,-2.124267475693022,89,-2.1772836908686806,WLS,21,0.053016215175658576
0,x_tcsc,1-14,-0.11451755466925947,90,-0.11458232990911095,WLS,21,6.477523985147504e-05
1,B_svc,2,0.18553719602622956,90,0.18554927214690295,WLS,21,1.2076120673387702e-05
2,UPFC_Vsh,5-15,1.1113564176286663,90,1.1031678178908981,WLS,21,0.008188599737768198
3,UPFC_tsh,5-15,-0.2275139871186881,90,-0.2277859627596508,WLS,21,0.0002719756409627072
4,UPFC_Vse,5-15,0.05955031338982414,90,0.06341033325853165,WLS,21,0.003860019868707515
5,UPFC_tse,5-15,-2.1211396421228037,90,-2.1772836908686806,WLS,21,0.05614404874587686
0,x_tcsc,1-14,-0.11452407526518417,91,-0.11458232990911095,WLS,21,5.825464392678059e-05
1,B_svc,2,0.18580173510697293,91,0.18554927214690295,WLS,21,0.0002524629600699768
2,UPFC_Vsh,5-15,1.1116945194749281,91,1.1031678178908981,WLS,21,0.008526701584030016
3,UPFC_tsh,5-15,-0.22749468921243948,91,-0.2277859627596508,WLS,21,0.0002912735472113126
4,UPFC_Vse,5-15,0.05920302243628433,91,0.06341033325853165,WLS,21,0.004207310822247325
5,UPFC_tse,5-15,-2.127427050874347,91,-2.1772836908686806,WLS,21,0.04985663999433365
0,x_tcsc,1-14,-0.11450728672616271,92,-0.11458232990911095,WLS,21,7.504318294823675e-05
1,B_svc,2,0.18575041574997372,92,0.18554927214690295,WLS,21,0.00020114360307077472
2,UPFC_Vsh,5-15,1.1113605551910917,92,1.1031678178908981,WLS,21,0.008192737300193542
3,UPFC_tsh,5-15,-0.22750752734883337,92,-0.2277859627596508,WLS,21,0.0002784354108174292
4,UPFC_Vse,5-15,0.06010867334988787,92,0.06341033325853165,WLS,21,0.0033016599086437837
5,UPFC_tse,5-15,-2.123774675859969,92,-2.1772836908686806,WLS,21,0.053509015008711636
0,x_tcsc,1-14,-0.11450193800744031,93,-0.11458232990911095,WLS,21,8.039190167064003e-05
1,B_svc,2,0.18555249003093738,93,0.18554927214690295,WLS,21,3.2178840344287973e-06
2,UPFC_Vsh,5-15,1.1116798382889683,93,1.1031678178908981,WLS,21,0.008512020398070197
3,UPFC_tsh,5-15,-0.2274910733165821,93,-0.2277859627596508,WLS,21,0.0002948894430686855
4,UPFC_Vse,5-15,0.06009241587264542,93,0.06341033325853165,WLS,21,0.0033179173858862362
5,UPFC_tse,5-15,-2.122209688870441,93,-2.1772836908686806,WLS,21,0.05507400199823964
0,x_tcsc,1-14,-0.11452164550436562,94,-0.11458232990911095,WLS,21,6.068440474532588e-05
1,B_svc,2,0.18541425593663802,94,0.18554927214690295,WLS,21,0.00013501621026493216
2,UPFC_Vsh,5-15,1.111585484679253,94,1.1031678178908981,WLS,21,0.008417666788354872
3,UPFC_tsh,5-15,-0.22745689556656934,94,-0.2277859627596508,WLS,21,0.00032906719308145593
4,UPFC_Vse,5-15,0.059007369527338586,94,0.06341033325853165,WLS,21,0.004402963731193067
5,UPFC_tse,5-15,-2.1240650553543015,94,-2.1772836908686806,WLS,21,0.05321863551437911
0,x_tcsc,1-14,-0.1145004930326198,95,-0.11458232990911095,WLS,21,8.183687649114535e-05
1,B_svc,2,0.1859242716636203,95,0.18554927214690295,WLS,21,0.0003749995167173503
2,UPFC_Vsh,5-15,1.1116054668086235,95,1.1031678178908981,WLS,21,0.00843764891772536
3,UPFC_tsh,5-15,-0.2275532754683425,95,-0.2277859627596508,WLS,21,0.00023268729130829224
4,UPFC_Vse,5-15,0.06000627423693839,95,0.06341033325853165,WLS,21,0.003404059021593263
5,UPFC_tse,5-15,-2.124225403180196,95,-2.1772836908686806,WLS,21,0.05305828768848464
0,x_tcsc,1-14,-0.11450532274059316,96,-0.11458232990911095,WLS,21,7.7007168517787e-05
1,B_svc,2,0.18541890107487577,96,0.18554927214690295,WLS,21,0.00013037107202718
2,UPFC_Vsh,5-15,1.1113046147078474,96,1.1031678178908981,WLS,21,0.008136796816949232
3,UPFC_tsh,5-15,-0.22753576630962005,96,-0.2277859627596508,WLS,21,0.000250196450030743
4,UPFC_Vse,5-15,0.05901858788779014,96,0.06341033325853165,WLS,21,0.004391745370741516
5,UPFC_tse,5-15,-2.1251554392538354,96,-2.1772836908686806,WLS,21,0.052128251614845134
0,x_tcsc,1-14,-0.11451260334666798,97,-0.11458232990911095,WLS,21,6.972656244297326e-05
1,B_svc,2,0.1860349329899461,97,0.18554927214690295,WLS,21,0.00048566084304316193
2,UPFC_Vsh,5-15,1.1120997073028165,97,1.1031678178908981,WLS,21,0.008931889411918359
3,UPFC_tsh,5-15,-0.22745358902562637,97,-0.2277859627596508,WLS,21,0.0003323737340244215
4,UPFC_Vse,5-15,0.059657668498907725,97,0.06341033325853165,WLS,21,0.003752664759623929
5,UPFC_tse,5-15,-2.1228144647615363,97,-2.1772836908686806,WLS,21,0.05446922610714422
0,x_tcsc,1-14,-0.11451595469826882,98,-0.11458232990911095,WLS,21,6.637521084212894e-05
1,B_svc,2,0.18589196337288563,98,0.18554927214690295,WLS,21,0.0003426912259826831
2,UPFC_Vsh,5-15,1.1113211814476096,98,1.1031678178908981,WLS,21,0.00815336355671148
3,UPFC_tsh,5-15,-0.22755159114941104,98,-0.2277859627596508,WLS,21,0.0002343716102397586
4,UPFC_Vse,5-15,0.059589061599666794,98,0.06341033325853165,WLS,21,0.0038212716588648596
5,UPFC_tse,5-15,-2.1229158141240596,98,-2.1772836908686806,WLS,21,0.05436787674462096
0,x_tcsc,1-14,-0.11449971879098168,99,-0.11458232990911095,WLS,21,8.261111812926658e-05
1,B_svc,2,0.18622414667235132,99,0.18554927214690295,WLS,21,0.0006748745254483712
2,UPFC_Vsh,5-15,1.1118908765498061,99,1.1031678178908981,WLS,21,0.00872305865890799
3,UPFC_tsh,5-15,-0.22755316341655904,99,-0.2277859627596508,WLS,21,0.0002327993430917552
4,UPFC_Vse,5-15,0.0599351134826316,99,0.06341033325853165,WLS,21,0.003475219775900054
5,UPFC_tse,5-15,-2.126668186785355,99,-2.1772836908686806,WLS,21,0.05061550408332538
0,x_tcsc,1-14,-0.11264421953215743,0,-0.11268960664171954,WLS,23,4.5387109562103345e-05
1,B_svc,2,0.18270595961937786,0,0.1828549729699234,WLS,23,0.00014901335054554044
2,UPFC_Vsh,5-15,1.1115919827692646,0,1.1038052401113907,WLS,23,0.007786742657873935
3,UPFC_tsh,5-15,-0.22900679997963816,0,-0.22917208547285292,WLS,23,0.00016528549321476182
4,UPFC_Vse,5-15,0.05940861651221886,0,0.06366641822200121,WLS,23,0.0042578017097823495
5,UPFC_tse,5-15,-2.121914722386591,0,-2.1809502520660033,WLS,23,0.0590355296794125
0,x_tcsc,1-14,-0.11263949751902383,1,-0.11268960664171954,WLS,23,5.010912269570733e-05
1,B_svc,2,0.18324851331287664,1,0.1828549729699234,WLS,23,0.0003935403429532469
2,UPFC_Vsh,5-15,1.1116847786004151,1,1.1038052401113907,WLS,23,0.007879538489024451
3,UPFC_tsh,5-15,-0.228927663604081,1,-0.22917208547285292,WLS,23,0.0002444218687719102
4,UPFC_Vse,5-15,0.05944905301309766,1,0.06366641822200121,WLS,23,0.004217365208903555
5,UPFC_tse,5-15,-2.120240138254318,1,-2.1809502520660033,WLS,23,0.06071011381168523
0,x_tcsc,1-14,-0.11265029447739025,2,-0.11268960664171954,WLS,23,3.931216432928597e-05
1,B_svc,2,0.1831334739793729,2,0.1828549729699234,WLS,23,0.00027850100944951106
2,UPFC_Vsh,5-15,1.1119434067841991,2,1.1038052401113907,WLS,23,0.008138166672808422
3,UPFC_tsh,5-15,-0.22890332369842797,2,-0.22917208547285292,WLS,23,0.0002687617744249471
4,UPFC_Vse,5-15,0.05977342929558785,2,0.06366641822200121,WLS,23,0.0038929889264133627
5,UPFC_tse,5-15,-2.1224163865073313,2,-2.1809502520660033,WLS,23,0.058533865558672016
0,x_tcsc,1-14,-0.11264698738372912,3,-0.11268960664171954,WLS,23,4.261925799041444e-05
1,B_svc,2,0.1823831282268158,3,0.1828549729699234,WLS,23,0.00047184474310760227
2,UPFC_Vsh,5-15,1.1116157008368268,3,1.1038052401113907,WLS,23,0.007810460725436119
3,UPFC_tsh,5-15,-0.22894632893250955,3,-0.22917208547285292,WLS,23,0.00022575654034337478
4,UPFC_Vse,5-15,0.05941447869901567,3,0.06366641822200121,WLS,23,0.00425193952298554
5,UPFC_tse,5-15,-2.123572410568695,3,-2.1809502520660033,WLS,23,0.05737784149730851
0,x_tcsc,1-14,-0.11264901163785322,4,-0.11268960664171954,WLS,23,4.059500386631443e-05
1,B_svc,2,0.18326562234130317,4,0.1828549729699234,WLS,23,0.0004106493713797732
2,UPFC_Vsh,5-15,1.1116613967902964,4,1.1038052401113907,WLS,23,0.007856156678905712
3,UPFC_tsh,5-15,-0.22900039299531338,4,-0.22917208547285292,WLS,23,0.00017169247753953676
4,UPFC_Vse,5-15,0.0596651165611223,4,0.06366641822200121,WLS,23,0.004001301660878913
5,UPFC_tse,5-15,-2.1226360766149313,4,-2.1809502520660033,WLS,23,0.05831417545107209
0,x_tcsc,1-14,-0.11265543281323172,5,-0.11268960664171954,WLS,23,3.417382848781847e-05
1,B_svc,2,0.18312866849455353,5,0.1828549729699234,WLS,23,0.00027369552463013536
2,UPFC_Vsh,5-15,1.1115850879236688,5,1.1038052401113907,WLS,23,0.00777984781227814
3,UPFC_tsh,5-15,-0.22897888725800628,5,-0.22917208547285292,WLS,23,0.000193198214846646
4,UPFC_Vse,5-15,0.05950590223648245,5,0.06366641822200121,WLS,23,0.00416051598551876
5,UPFC_tse,5-15,-2.122648316902057,5,-2.1809502520660033,WLS,23,0.05830193516394644
0,x_tcsc,1-14,-0.11264339799170459,6,-0.11268960664171954,WLS,23,4.620865001495056e-05
1,B_svc,2,0.1828282003115734,6,0.1828549729699234,WLS,23,2.6772658349993872e-05
2,UPFC_Vsh,5-15,1.1119468965311479,6,1.1038052401113907,WLS,23,0.00814165641975717
3,UPFC_tsh,5-15,-0.22894545728851556,6,-0.22917208547285292,WLS,23,0.00022662818433735743
4,UPFC_Vse,5-15,0.05975122445319391,6,0.06366641822200121,WLS,23,0.0039151937688073
5,UPFC_tse,5-15,-2.1245845387709577,6,-2.1809502520660033,WLS,23,0.056365713295045694
0,x_tcsc,1-14,-0.1126569526027924,7,-0.11268960664171954,WLS,23,3.265403892713237e-05
1,B_svc,2,0.18335743346430516,7,0.1828549729699234,WLS,23,0.0005024604943817679
2,UPFC_Vsh,5-15,1.1115632449112554,7,1.1038052401113907,WLS,23,0.0077580047998646595
3,UPFC_tsh,5-15,-0.228950314347245,7,-0.22917208547285292,WLS,23,0.00022177112560792245
4,UPFC_Vse,5-15,0.05911800980678353,7,0.06366641822200121,WLS,23,0.0045484084152176835
5,UPFC_tse,5-15,-2.121918053013357,7,-2.1809502520660033,WLS,23,0.05903219905264656
0,x_tcsc,1-14,-0.11263940595191259,8,-0.11268960664171954,WLS,23,5.020068980694792e-05
1,B_svc,2,0.18300811596086153,8,0.1828549729699234,WLS,23,0.0001531429909381321
2,UPFC_Vsh,5-15,1.1117217643827906,8,1.1038052401113907,WLS,23,0.007916524271399883
3,UPFC_tsh,5-15,-0.22887645551639543,8,-0.22917208547285292,WLS,23,0.00029562995645748824
4,UPFC_Vse,5-15,0.059542903883555764,8,0.06366641822200121,WLS,23,0.004123514338445447
5,UPFC_tse,5-15,-2.1227216017954653,8,-2.1809502520660033,WLS,23,0.05822865027053803
0,x_tcsc,1-14,-0.11264515625019565,9,-0.11268960664171954,WLS,23,4.445039152388419e-05
1,B_svc,2,0.18304112291229033,9,0.1828549729699234,WLS,23,0.00018614994236693105
2,UPFC_Vsh,5-15,1.1116645537809835,9,1.1038052401113907,WLS,23,0.007859313669592805
3,UPFC_tsh,5-15,-0.22895277057387384,9,-0.22917208547285292,WLS,23,0.00021931489897908385
4,UPFC_Vse,5-15,0.059803185850261086,9,0.06366641822200121,WLS,23,0.003863232371740126
5,UPFC_tse,5-15,-2.122307425918014,9,-2.1809502520660033,WLS,23,0.058642826147989435
0,x_tcsc,1-14,-0.11264782734626898,10,-0.11268960664171954,WLS,23,4.1779295450558585e-05
1,B_svc,2,0.18288335919271143,10,0.1828549729699234,WLS,23,2.838622278802938e-05
2,UPFC_Vsh,5-15,1.11168544344484,10,1.1038052401113907,WLS,23,0.007880203333449298
3,UPFC_tsh,5-15,-0.22886013293752053,10,-0.22917208547285292,WLS,23,0.00031195253533239375
4,UPFC_Vse,5-15,0.058746383066303545,10,0.06366641822200121,WLS,23,0.004920035155697666
5,UPFC_tse,5-15,-2.1218338558137377,10,-2.1809502520660033,WLS,23,0.05911639625226561
0,x_tcsc,1-14,-0.11266142651392959,11,-0.11268960664171954,WLS,23,2.818012778994794e-05
1,B_svc,2,0.1829834004891111,11,0.1828549729699234,WLS,23,0.00012842751918770712
2,UPFC_Vsh,5-15,1.1121236452566166,11,1.1038052401113907,WLS,23,0.00831840514522586
3,UPFC_tsh,5-15,-0.22890040857543767,11,-0.22917208547285292,WLS,23,0.0002716768974152517
4,UPFC_Vse,5-15,0.05887336264695511,11,0.06366641822200121,WLS,23,0.0047930555750460985
5,UPFC_tse,5-15,-2.1226079772400834,11,-2.1809502520660033,WLS,23,0.058342274825919915
0,x_tcsc,1-14,-0.112646167717088,12,-0.11268960664171954,WLS,23,4.343892463153087e-05
1,B_svc,2,0.1829979815938364,12,0.1828549729699234,WLS,23,0.00014300862391300462
2,UPFC_Vsh,5-15,1.111648459260129,12,1.1038052401113907,WLS,23,0.007843219148738312
3,UPFC_tsh,5-15,-0.22900931956373916,12,-0.22917208547285292,WLS,23,0.00016276590911376565
4,UPFC_Vse,5-15,0.0595836627665681,12,0.06366641822200121,WLS,23,0.004082755455433108
5,UPFC_tse,5-15,-2.1212851113428473,12,-2.1809502520660033,WLS,23,0.059665140723156096
0,x_tcsc,1-14,-0.11264345645388114,13,-0.11268960664171954,WLS,23,4.615018783839242e-05
1,B_svc,2,0.182836519456999,13,0.1828549729699234,WLS,23,1.8453512924399007e-05
2,UPFC_Vsh,5-15,1.1118163563407675,13,1.1038052401113907,WLS,23,0.00801111622937678
3,UPFC_tsh,5-15,-0.22893185351625084,13,-0.22917208547285292,WLS,23,0.00024023195660208274
4,UPFC_Vse,5-15,0.05903884540291224,13,0.06366641822200121,WLS,23,0.004627572819088974
5,UPFC_tse,5-15,-2.121176649348582,13,-2.1809502520660033,WLS,23,0.05977360271742116
0,x_tcsc,1-14,-0.11264812756946757,14,-0.11268960664171954,WLS,23,4.147907225196534e-05
1,B_svc,2,0.18294504544349463,14,0.1828549729699234,WLS,23,9.007247357123438e-05
2,UPFC_Vsh,5-15,1.1115318571252124,14,1.1038052401113907,WLS,23,0.007726617013821713
3,UPFC_tsh,5-15,-0.22897714940227643,14,-0.22917208547285292,WLS,23,0.00019493607057649576
4,UPFC_Vse,5-15,0.059269791937183895,14,0.06366641822200121,WLS,23,0.004396626284817316
5,UPFC_tse,5-15,-2.1232708986498787,14,-2.1809502520660033,WLS,23,0.057679353416124624
0,x_tcsc,1-14,-0.11262993828030295,15,-0.11268960664171954,WLS,23,5.966836141658993e-05
1,B_svc,2,0.18259513650118567,15,0.1828549729699234,WLS,23,0.0002598364687377286
2,UPFC_Vsh,5-15,1.1117594028946725,15,1.1038052401113907,WLS,23,0.00795416278328176
3,UPFC_tsh,5-15,-0.2288187548358871,15,-0.22917208547285292,WLS,23,0.00035333063696582623
4,UPFC_Vse,5-15,0.059637456445486466,15,0.06366641822200121,WLS,23,0.004028961776514746
5,UPFC_tse,5-15,-2.1197809618009837,15,-2.1809502520660033,WLS,23,0.061169290265019605
0,x_tcsc,1-14,-0.11266099460701576,16,-0.11268960664171954,WLS,23,2.861203470377882e-05
1,B_svc,2,0.18272103695346975,16,0.1828549729699234,WLS,23,0.00013393601645364517
2,UPFC_Vsh,5-15,1.1114017003014975,16,1.1038052401113907,WLS,23,0.007596460190106846
3,UPFC_tsh,5-15,-0.22890179606957062,16,-0.22917208547285292,WLS,23,0.00027028940328230333
4,UPFC_Vse,5-15,0.05959857287041541,16,0.06366641822200121,WLS,23,0.004067845351585803
5,UPFC_tse,5-15,-2.1187822433540466,16,-2.1809502520660033,WLS,23,0.06216800871195671
0,x_tcsc,1-14,-0.11264785187982108,17,-0.11268960664171954,WLS,23,4.1754761898452064e-05
1,B_svc,2,0.18295214184319883,17,0.1828549729699234,WLS,23,9.716887327543278e-05
2,UPFC_Vsh,5-15,1.1121595628156737,17,1.1038052401113907,WLS,23,0.008354322704283046
3,UPFC_tsh,5-15,-0.22890530777752469,17,-0.22917208547285292,WLS,23,0.00026677769532823525
4,UPFC_Vse,5-15,0.059208501476309953,17,0.06366641822200121,WLS,23,0.004457916745691258
5,UPFC_tse,5-15,-2.1257806813985307,17,-2.1809502520660033,WLS,23,0.055169570667472634
0,x_tcsc,1-14,-0.11265164311713499,18,-0.11268960664171954,WLS,23,3.796352458454444e-05
1,B_svc,2,0.1826495007089238,18,0.1828549729699234,WLS,23,0.00020547226099959515
2,UPFC_Vsh,5-15,1.1116836230153637,18,1.1038052401113907,WLS,23,0.007878382903973025
3,UPFC_tsh,5-15,-0.22889151772163546,18,-0.22917208547285292,WLS,23,0.0002805677512174587
4,UPFC_Vse,5-15,0.05980420486545669,18,0.06366641822200121,WLS,23,0.0038622133565445194
5,UPFC_tse,5-15,-2.1231080953974644,18,-2.1809502520660033,WLS,23,0.05784215666853898
0,x_tcsc,1-14,-0.11265135634050714,19,-0.11268960664171954,WLS,23,3.8250301212391924e-05
1,B_svc,2,0.1832572456920445,19,0.1828549729699234,WLS,23,0.0004022727221210942
2,UPFC_Vsh,5-15,1.1117592809013475,19,1.1038052401113907,WLS,23,0.007954040789956762
3,UPFC_tsh,5-15,-0.22894109070638147,19,-0.22917208547285292,WLS,23,0.000230994766471454
4,UPFC_Vse,5-15,0.0593038635380767,19,0.06366641822200121,WLS,23,0.004362554683924512
5,UPFC_tse,5-15,-2.1233450931480533,19,-2.1809502520660033,WLS,23,0.05760515891795004
0,x_tcsc,1-14,-0.11265202588940852,20,-0.11268960664171954,WLS,23,3.758075231101443e-05
1,B_svc,2,0.1825658716376448,20,0.1828549729699234,WLS,23,0.00028910133227860735
2,UPFC_Vsh,5-15,1.1118757274050795,20,1.1038052401113907,WLS,23,0.008070487293688755
3,UPFC_tsh,5-15,-0.22894889092147436,20,-0.22917208547285292,WLS,23,0.0002231945513785638
4,UPFC_Vse,5-15,0.059355304535274725,20,0.06366641822200121,WLS,23,0.0043111136867264865
5,UPFC_tse,5-15,-2.123489541755934,20,-2.1809502520660033,WLS,23,0.057460710310069274
0,x_tcsc,1-14,-0.112644691806165,21,-0.11268960664171954,WLS,23,4.491483555453535e-05
1,B_svc,2,0.18337117913829917,21,0.1828549729699234,WLS,23,0.0005162061683757768
2,UPFC_Vsh,5-15,1.1116886626259073,21,1.1038052401113907,WLS,23,0.00788342251451657
3,UPFC_tsh,5-15,-0.22888277632429965,21,-0.22917208547285292,WLS,23,0.0002893091485532684
4,UPFC_Vse,5-15,0.05987756237008057,21,0.06366641822200121,WLS,23,0.003788855851920639
5,UPFC_tse,5-15,-2.1217303321261607,21,-2.1809502520660033,WLS,23,0.05921991993984266
0,x_tcsc,1-14,-0.11262104418865326,22,-0.11268960664171954,WLS,23,6.856245306627318e-05
1,B_svc,2,0.18331760828529245,22,0.1828549729699234,WLS,23,0.0004626353153690532
2,UPFC_Vsh,5-15,1.111745665846582,22,1.1038052401113907,WLS,23,0.007940425735191381
3,UPFC_tsh,5-15,-0.22895025405009353,22,-0.22917208547285292,WLS,23,0.00022183142275938872
4,UPFC_Vse,5-15,0.059628366266858114,22,0.06366641822200121,WLS,23,0.004038051955143097
5,UPFC_tse,5-15,-2.120158438602892,22,-2.1809502520660033,WLS,23,0.06079181346311113
0,x_tcsc,1-14,-0.1126411671740281,23,-0.11268960664171954,WLS,23,4.8439467691438476e-05
1,B_svc,2,0.18299063162294174,23,0.1828549729699234,WLS,23,0.00013565865301834457
2,UPFC_Vsh,5-15,1.111853412383343,23,1.1038052401113907,WLS,23,0.008048172271952314
3,UPFC_tsh,5-15,-0.22892867189291288,23,-0.22917208547285292,WLS,23,0.00024341357994003832
4,UPFC_Vse,5-15,0.05959088579128824,23,0.06366641822200121,WLS,23,0.004075532430712972
5,UPFC_tse,5-15,-2.120654637563803,23,-2.1809502520660033,WLS,23,0.06029561450220022
0,x_tcsc,1-14,-0.11263004386419395,24,-0.11268960664171954,WLS,23,5.95627775255847e-05
1,B_svc,2,0.18270544559673993,24,0.1828549729699234,WLS,23,0.00014952737318346676
2,UPFC_Vsh,5-15,1.1117137264815433,24,1.1038052401113907,WLS,23,0.007908486370152623
3,UPFC_tsh,5-15,-0.22891795293628103,24,-0.22917208547285292,WLS,23,0.0002541325365718883
4,UPFC_Vse,5-15,0.059074217574267424,24,0.06366641822200121,WLS,23,0.004592200647733788
5,UPFC_tse,5-15,-2.1253484274347874,24,-2.1809502520660033,WLS,23,0.05560182463121599
0,x_tcsc,1-14,-0.11264275546395383,25,-0.11268960664171954,WLS,23,4.6851177765705465e-05
1,B_svc,2,0.1831833763441957,25,0.1828549729699234,WLS,23,0.0003284033742723125
2,UPFC_Vsh,5-15,1.111743420529301,25,1.1038052401113907,WLS,23,0.00793818041791039
3,UPFC_tsh,5-15,-0.2288824565608491,25,-0.22917208547285292,WLS,23,0.0002896289120038198
4,UPFC_Vse,5-15,0.05907663023344096,25,0.06366641822200121,WLS,23,0.0045897879885602524
5,UPFC_tse,5-15,-2.120223006722343,25,-2.1809502520660033,WLS,23,0.060727245343660474
0,x_tcsc,1-14,-0.11264805107163427,26,-0.11268960664171954,WLS,23,4.155557008526933e-05
1,B_svc,2,0.1833210090056896,26,0.1828549729699234,WLS,23,0.00046603603576619856
2,UPFC_Vsh,5-15,1.1117499833759072,26,1.1038052401113907,WLS,23,0.007944743264516552
3,UPFC_tsh,5-15,-0.22888699374026067,26,-0.22917208547285292,WLS,23,0.00028509173259225196
4,UPFC_Vse,5-15,0.059158709223198075,26,0.06366641822200121,WLS,23,0.004507708998803137
5,UPFC_tse,5-15,-2.120286847315012,26,-2.1809502520660033,WLS,23,0.0606634047509913
0,x_tcsc,1-14,-0.11264646366090322,27,-0.11268960664171954,WLS,23,4.314298081631307e-05
1,B_svc,2,0.18277684381784698,27,0.1828549729699234,WLS,23,7.812915207641713e-05
2,UPFC_Vsh,5-15,1.1115651467838155,27,1.1038052401113907,WLS,23,0.007759906672424766
3,UPFC_tsh,5-15,-0.2289694247089895,27,-0.22917208547285292,WLS,23,0.00020266076386341036
4,UPFC_Vse,5-15,0.0591922565350997,27,0.06366641822200121,WLS,23,0.004474161686901512
5,UPFC_tse,5-15,-2.125400027420354,27,-2.1809502520660033,WLS,23,0.055550224645649404
0,x_tcsc,1-14,-0.1126528727515169,28,-0.11268960664171954,WLS,23,3.673389020263096e-05
1,B_svc,2,0.18340305762808987,28,0.1828549729699234,WLS,23,0.00054808465816647
2,UPFC_Vsh,5-15,1.1116972453706626,28,1.1038052401113907,WLS,23,0.007892005259271917
3,UPFC_tsh,5-15,-0.22889616177670385,28,-0.22917208547285292,WLS,23,0.0002759236961490663
4,UPFC_Vse,5-15,0.05980794447800355,28,0.06366641822200121,WLS,23,0.0038584737439976632
5,UPFC_tse,5-15,-2.1225698406189673,28,-2.1809502520660033,WLS,23,0.058380411447036096
0,x_tcsc,1-14,-0.11266608810385119,29,-0.11268960664171954,WLS,23,2.3518537868347233e-05
1,B_svc,2,0.18344153777093583,29,0.1828549729699234,WLS,23,0.0005865648010124347
2,UPFC_Vsh,5-15,1.1121023096830398,29,1.1038052401113907,WLS,23,0.008297069571649107
3,UPFC_tsh,5-15,-0.22885628210623796,29,-0.22917208547285292,WLS,23,0.000315803366614964
4,UPFC_Vse,5-15,0.059681167041280715,29,0.06366641822200121,WLS,23,0.003985251180720496
5,UPFC_tse,5-15,-2.1219678287364356,29,-2.1809502520660033,WLS,23,0.05898242332956771
0,x_tcsc,1-14,-0.11265783617627542,30,-0.11268960664171954,WLS,23,3.1770465444114215e-05
1,B_svc,2,0.18315626509368493,30,0.1828549729699234,WLS,23,0.00030129212376153736
2,UPFC_Vsh,5-15,1.1118076763942462,30,1.1038052401113907,WLS,23,0.008002436282855463
3,UPFC_tsh,5-15,-0.2289206069881655,30,-0.22917208547285292,WLS,23,0.0002514784846874285
4,UPFC_Vse,5-15,0.06013946915640805,30,0.06366641822200121,WLS,23,0.0035269490655931643
5,UPFC_tse,5-15,-2.123799022292002,30,-2.1809502520660033,WLS,23,0.05715122977400133
0,x_tcsc,1-14,-0.11263413850261757,31,-0.11268960664171954,WLS,23,5.5468139101969016e-05
1,B_svc,2,0.18325144138327218,31,0.1828549729699234,WLS,23,0.0003964684133487828
2,UPFC_Vsh,5-15,1.111543828023528,31,1.1038052401113907,WLS,23,0.007738587912137218
3,UPFC_tsh,5-15,-0.2289367989465811,31,-0.22917208547285292,WLS,23,0.00023528652627183289
4,UPFC_Vse,5-15,0.05923076949838706,31,0.06366641822200121,WLS,23,0.004435648723614148
5,UPFC_tse,5-15,-2.1223927286764432,31,-2.1809502520660033,WLS,23,0.05855752338956011
0,x_tcsc,1-14,-0.11264119829325746,32,-0.11268960664171954,WLS,23,4.840834846207842e-05
1,B_svc,2,0.18343125287330195,32,0.1828549729699234,WLS,23,0.0005762799033785515
2,UPFC_Vsh,5-15,1.11198522938886,32,1.1038052401113907,WLS,23,0.008179989277469213
3,UPFC_tsh,5-15,-0.22892565983389146,32,-0.22917208547285292,WLS,23,0.00024642563896146163
4,UPFC_Vse,5-15,0.05907723108171475,32,0.06366641822200121,WLS,23,0.0045891871402864645
5,UPFC_tse,5-15,-2.1254624087003835,32,-2.1809502520660033,WLS,23,0.05548784336561985
0,x_tcsc,1-14,-0.1126435404306764,33,-0.11268960664171954,WLS,23,4.606621104313868e-05
1,B_svc,2,0.18290306829670322,33,0.1828549729699234,WLS,23,4.809532677982342e-05
2,UPFC_Vsh,5-15,1.111891954338431,33,1.1038052401113907,WLS,23,0.008086714227040215
3,UPFC_tsh,5-15,-0.22888101256668977,33,-0.22917208547285292,WLS,23,0.00029107290616314785
4,UPFC_Vse,5-15,0.059005034315433635,33,0.06366641822200121,WLS,23,0.004661383906567576
5,UPFC_tse,5-15,-2.120118012462458,33,-2.1809502520660033,WLS,23,0.060832239603545446
0,x_tcsc,1-14,-0.11265117345465445,34,-0.11268960664171954,WLS,23,3.8433187065090024e-05
1,B_svc,2,0.1828603744879242,34,0.1828549729699234,WLS,23,5.401518000797134e-06
2,UPFC_Vsh,5-15,1.1116311581611262,34,1.1038052401113907,WLS,23,0.007825918049735536
3,UPFC_tsh,5-15,-0.22887544890870412,34,-0.22917208547285292,WLS,23,0.0002966365641488
4,UPFC_Vse,5-15,0.05955928019481416,34,0.06366641822200121,WLS,23,0.0041071380271870545
5,UPFC_tse,5-15,-2.1229067572304383,34,-2.1809502520660033,WLS,23,0.058043494835565035
0,x_tcsc,1-14,-0.11265302283867647,35,-0.11268960664171954,WLS,23,3.6583803043069296e-05
1,B_svc,2,0.18295506710952344,35,0.1828549729699234,WLS,23,0.00010009413960004876
2,UPFC_Vsh,5-15,1.1116096150036034,35,1.1038052401113907,WLS,23,0.007804374892212751
3,UPFC_tsh,5-15,-0.22888450406835356,35,-0.22917208547285292,WLS,23,0.00028758140449935965
4,UPFC_Vse,5-15,0.05953780348613969,35,0.06366641822200121,WLS,23,0.00412861473586152
5,UPFC_tse,5-15,-2.1212365149449357,35,-2.1809502520660033,WLS,23,0.059713737121067645
0,x_tcsc,1-14,-0.1126422829812279,36,-0.11268960664171954,WLS,23,4.73236604916355e-05
1,B_svc,2,0.18288242047894857,36,0.1828549729699234,WLS,23,2.7447509025169126e-05
2,UPFC_Vsh,5-15,1.1118842520678114,36,1.1038052401113907,WLS,23,0.00807901195642069
3,UPFC_tsh,5-15,-0.2289226269665572,36,-0.22917208547285292,WLS,23,0.00024945850629570776
4,UPFC_Vse,5-15,0.059382022305526444,36,0.06366641822200121,WLS,23,0.0042843959164747675
5,UPFC_tse,5-15,-2.124908781063908,36,-2.1809502520660033,WLS,23,0.056041471002095555
0,x_tcsc,1-14,-0.11264876419331984,37,-0.11268960664171954,WLS,23,4.0842448399691644e-05
1,B_svc,2,0.18312819342930337,37,0.1828549729699234,WLS,23,0.0002732204593799692
2,UPFC_Vsh,5-15,1.1120607435769436,37,1.1038052401113907,WLS,23,0.008255503465552927
3,UPFC_tsh,5-15,-0.2289502534520624,37,-0.22917208547285292,WLS,23,0.00022183202079051334
4,UPFC_Vse,5-15,0.0597528756749184,37,0.06366641822200121,WLS,23,0.003913542547082809
5,UPFC_tse,5-15,-2.1231499075468205,37,-2.1809502520660033,WLS,23,0.05780034451918281
0,x_tcsc,1-14,-0.11265550209146412,38,-0.11268960664171954,WLS,23,3.41045502554177e-05
1,B_svc,2,0.18304819468269,38,0.1828549729699234,WLS,23,0.00019322171276661693
2,UPFC_Vsh,5-15,1.1119315312226221,38,1.1038052401113907,WLS,23,0.00812629111123142
3,UPFC_tsh,5-15,-0.22887532012671083,38,-0.22917208547285292,WLS,23,0.0002967653461420916
4,UPFC_Vse,5-15,0.059275542376440934,38,0.06366641822200121,WLS,23,0.004390875845560277
5,UPFC_tse,5-15,-2.1238486504020595,38,-2.1809502520660033,WLS,23,0.057101601663943846
0,x_tcsc,1-14,-0.11264625080893419,39,-0.11268960664171954,WLS,23,4.335583278534949e-05
1,B_svc,2,0.18309522361622158,39,0.1828549729699234,WLS,23,0.00024025064629817905
2,UPFC_Vsh,5-15,1.1117436416740525,39,1.1038052401113907,WLS,23,0.00793840156266179
3,UPFC_tsh,5-15,-0.22890644076755096,39,-0.22917208547285292,WLS,23,0.00026564470530196505
4,UPFC_Vse,5-15,0.058959996555365886,39,0.06366641822200121,WLS,23,0.004706421666635326
5,UPFC_tse,5-15,-2.122836527685249,39,-2.1809502520660033,WLS,23,0.05811372438075413
0,x_tcsc,1-14,-0.1126430459775739,40,-0.11268960664171954,WLS,23,4.6560664145642305e-05
1,B_svc,2,0.1835504951480738,40,0.1828549729699234,WLS,23,0.0006955221781504151
2,UPFC_Vsh,5-15,1.1114557381438834,40,1.1038052401113907,WLS,23,0.007650498032492736
3,UPFC_tsh,5-15,-0.22894243535991313,40,-0.22917208547285292,WLS,23,0.00022965011293979432
4,UPFC_Vse,5-15,0.059649619154811484,40,0.06366641822200121,WLS,23,0.0040167990671897275
5,UPFC_tse,5-15,-2.124509862454094,40,-2.1809502520660033,WLS,23,0.056440389611909225
0,x_tcsc,1-14,-0.1126316579748145,41,-0.11268960664171954,WLS,23,5.794866690503331e-05
1,B_svc,2,0.18286057962817445,41,0.1828549729699234,WLS,23,5.606658251056107e-06
2,UPFC_Vsh,5-15,1.1117415129574044,41,1.1038052401113907,WLS,23,0.007936272846013726
3,UPFC_tsh,5-15,-0.22893727224995228,41,-0.22917208547285292,WLS,23,0.00023481322290064277
4,UPFC_Vse,5-15,0.05917889641024545,41,0.06366641822200121,WLS,23,0.004487521811755761
5,UPFC_tse,5-15,-2.1213502479526447,41,-2.1809502520660033,WLS,23,0.05960000411335864
0,x_tcsc,1-14,-0.11264330263902596,42,-0.11268960664171954,WLS,23,4.630400269357848e-05
1,B_svc,2,0.18318024644624065,42,0.1828549729699234,WLS,23,0.00032527347631725045
2,UPFC_Vsh,5-15,1.1116882250205662,42,1.1038052401113907,WLS,23,0.007882984909175494
3,UPFC_tsh,5-15,-0.22895309837310443,42,-0.22917208547285292,WLS,23,0.00021898709974849107
4,UPFC_Vse,5-15,0.05950685823839762,42,0.06366641822200121,WLS,23,0.004159559983603595
5,UPFC_tse,5-15,-2.126823492148027,42,-2.1809502520660033,WLS,23,0.05412675991797622
0,x_tcsc,1-14,-0.11264096289070542,43,-0.11268960664171954,WLS,23,4.8643751014113e-05
1,B_svc,2,0.18291036858450072,43,0.1828549729699234,WLS,23,5.539561457731934e-05
2,UPFC_Vsh,5-15,1.1119138774435797,43,1.1038052401113907,WLS,23,0.008108637332189028
3,UPFC_tsh,5-15,-0.2289439681673776,43,-0.22917208547285292,WLS,23,0.00022811730547531162
4,UPFC_Vse,5-15,0.059474364246311855,43,0.06366641822200121,WLS,23,0.004192053975689357
5,UPFC_tse,5-15,-2.120536748663774,43,-2.1809502520660033,WLS,23,0.060413503402229285
0,x_tcsc,1-14,-0.1126352809415133,44,-0.11268960664171954,WLS,23,5.432570020623417e-05
1,B_svc,2,0.183172433128497,44,0.1828549729699234,WLS,23,0.00031746015857359033
2,UPFC_Vsh,5-15,1.1115822145512855,44,1.1038052401113907,WLS,23,0.007776974439894779
3,UPFC_tsh,5-15,-0.22896406030912692,44,-0.22917208547285292,WLS,23,0.00020802516372600555
4,UPFC_Vse,5-15,0.05987983495259398,44,0.06366641822200121,WLS,23,0.0037865832694072288
5,UPFC_tse,5-15,-2.116534483959522,44,-2.1809502520660033,WLS,23,0.06441576810648142
0,x_tcsc,1-14,-0.11265374724631982,45,-0.11268960664171954,WLS,23,3.585939539971217e-05
1,B_svc,2,0.1829988031854574,45,0.1828549729699234,WLS,23,0.000143830215533991
2,UPFC_Vsh,5-15,1.1119215395640496,45,1.1038052401113907,WLS,23,0.008116299452658904
3,UPFC_tsh,5-15,-0.2289249374633345,45,-0.22917208547285292,WLS,23,0.0002471480095184164
4,UPFC_Vse,5-15,0.0593232415096739,45,0.06366641822200121,WLS,23,0.004343176712327312
5,UPFC_tse,5-15,-2.119711299731526,45,-2.1809502520660033,WLS,23,0.0612389523344774
0,x_tcsc,1-14,-0.11264181237010626,46,-0.11268960664171954,WLS,23,4.779427161327732e-05
1,B_svc,2,0.18327742011263362,46,0.1828549729699234,WLS,23,0.000422447142710225
2,UPFC_Vsh,5-15,1.1115479570392361,46,1.1038052401113907,WLS,23,0.00774271692784545
3,UPFC_tsh,5-15,-0.22895810280871318,46,-0.22917208547285292,WLS,23,0.00021398266413974465
4,UPFC_Vse,5-15,0.05910728648501661,46,0.06366641822200121,WLS,23,0.004559131736984599
5,UPFC_tse,5-15,-2.12115923729056,46,-2.1809502520660033,WLS,23,0.05979101477544324
0,x_tcsc,1-14,-0.11265759430057717,47,-0.11268960664171954,WLS,23,3.201234114236229e-05
1,B_svc,2,0.18288920307193685,47,0.1828549729699234,WLS,23,3.423010201344945e-05
2,UPFC_Vsh,5-15,1.1121104391487833,47,1.1038052401113907,WLS,23,0.008305199037392574
3,UPFC_tsh,5-15,-0.22891195292143315,47,-0.22917208547285292,WLS,23,0.0002601325514197672
4,UPFC_Vse,5-15,0.059807302884949426,47,0.06366641822200121,WLS,23,0.0038591153370517856
5,UPFC_tse,5-15,-2.123372052588459,47,-2.1809502520660033,WLS,23,0.05757819947754417
0,x_tcsc,1-14,-0.11266152431492234,48,-0.11268960664171954,WLS,23,2.808232679719913e-05
1,B_svc,2,0.1833692731500396,48,0.1828549729699234,WLS,23,0.000514300180116195
2,UPFC_Vsh,5-15,1.1119104652088612,48,1.1038052401113907,WLS,23,0.00810522509747047
3,UPFC_tsh,5-15,-0.2288980005406099,48,-0.22917208547285292,WLS,23,0.0002740849322430128
4,UPFC_Vse,5-15,0.05926063335039594,48,0.06366641822200121,WLS,23,0.00440578487160527
5,UPFC_tse,5-15,-2.123249176048717,48,-2.1809502520660033,WLS,23,0.05770107601728647
0,x_tcsc,1-14,-0.11266142879135016,49,-0.11268960664171954,WLS,23,2.8177850369376367e-05
1,B_svc,2,0.18292201580716003,49,0.1828549729699234,WLS,23,6.704283723663051e-05
2,UPFC_Vsh,5-15,1.1117588947497865,49,1.1038052401113907,WLS,23,0.007953654638395813
3,UPFC_tsh,5-15,-0.22891193805927418,49,-0.22917208547285292,WLS,23,0.00026014741357874294
4,UPFC_Vse,5-15,0.05915290252335783,49,0.06366641822200121,WLS,23,0.004513515698643382
5,UPFC_tse,5-15,-2.1217302956703996,49,-2.1809502520660033,WLS,23,0.059219956395603734
0,x_tcsc,1-14,-0.11264796038826982,50,-0.11268960664171954,WLS,23,4.1646253449711956e-05
1,B_svc,2,0.18286961449426672,50,0.1828549729699234,WLS,23,1.4641524343328438e-05
2,UPFC_Vsh,5-15,1.1116343517314051,50,1.1038052401113907,WLS,23,0.007829111620014428
3,UPFC_tsh,5-15,-0.22887106754227665,50,-0.22917208547285292,WLS,23,0.00030101793057626947
4,UPFC_Vse,5-15,0.05947934350288203,50,0.06366641822200121,WLS,23,0.00418707471911918
5,UPFC_tse,5-15,-2.122855805678455,50,-2.1809502520660033,WLS,23,0.05809444638754835
0,x_tcsc,1-14,-0.1126356053466273,51,-0.11268960664171954,WLS,23,5.4001295092240276e-05
1,B_svc,2,0.18336821734307535,51,0.1828549729699234,WLS,23,0.0005132443731519498
2,UPFC_Vsh,5-15,1.111874926054934,51,1.1038052401113907,WLS,23,0.008069685943543403
3,UPFC_tsh,5-15,-0.22891304839780424,51,-0.22917208547285292,WLS,23,0.00025903707504867923
4,UPFC_Vse,5-15,0.059418784751700336,51,0.06366641822200121,WLS,23,0.004247633470300875
5,UPFC_tse,5-15,-2.1224911639627146,51,-2.1809502520660033,WLS,23,0.0584590881032887
0,x_tcsc,1-14,-0.11265389835241792,52,-0.11268960664171954,WLS,23,3.570828930161973e-05
1,B_svc,2,0.18314799224872672,52,0.1828549729699234,WLS,23,0.00029301927880331924
2,UPFC_Vsh,5-15,1.1118250880563307,52,1.1038052401113907,WLS,23,0.00801984794494004
3,UPFC_tsh,5-15,-0.22895238320737005,52,-0.22917208547285292,WLS,23,0.00021970226548287397
4,UPFC_Vse,5-15,0.05934312301308506,52,0.06366641822200121,WLS,23,0.004323295208916153
5,UPFC_tse,5-15,-2.1208802580176647,52,-2.1809502520660033,WLS,23,0.06006999404833868
0,x_tcsc,1-14,-0.11264357618728338,53,-0.11268960664171954,WLS,23,4.603045443615783e-05
1,B_svc,2,0.18289089646835938,53,0.1828549729699234,WLS,23,3.5923498435980195e-05
2,UPFC_Vsh,5-15,1.1113042599209797,53,1.1038052401113907,WLS,23,0.007499019809589003
3,UPFC_tsh,5-15,-0.22898847165082836,53,-0.22917208547285292,WLS,23,0.00018361382202455867
4,UPFC_Vse,5-15,0.05911499593668685,53,0.06366641822200121,WLS,23,0.004551422285314362
5,UPFC_tse,5-15,-2.1248441275933176,53,-2.1809502520660033,WLS,23,0.0561061244726857
0,x_tcsc,1-14,-0.11265926215219421,54,-0.11268960664171954,WLS,23,3.0344489525324647e-05
1,B_svc,2,0.1837116962549166,54,0.1828549729699234,WLS,23,0.0008567232849931994
2,UPFC_Vsh,5-15,1.1119096797424066,54,1.1038052401113907,WLS,23,0.008104439631015925
3,UPFC_tsh,5-15,-0.22889547720068798,54,-0.22917208547285292,WLS,23,0.000276608272164941
4,UPFC_Vse,5-15,0.05914821939246157,54,0.06366641822200121,WLS,23,0.004518198829539639
5,UPFC_tse,5-15,-2.1234902527930624,54,-2.1809502520660033,WLS,23,0.05745999927294099
0,x_tcsc,1-14,-0.11264327153859081,55,-0.11268960664171954,WLS,23,4.6335103128722355e-05
1,B_svc,2,0.18294001960622616,55,0.1828549729699234,WLS,23,8.504663630276577e-05
2,UPFC_Vsh,5-15,1.111831969171183,55,1.1038052401113907,WLS,23,0.008026729059792403
3,UPFC_tsh,5-15,-0.2289150688955649,55,-0.22917208547285292,WLS,23,0.00025701657728802174
4,UPFC_Vse,5-15,0.05968030021071545,55,0.06366641822200121,WLS,23,0.003986118011285761
5,UPFC_tse,5-15,-2.121503958707959,55,-2.1809502520660033,WLS,23,0.05944629335804441
0,x_tcsc,1-14,-0.11263877426348659,56,-0.11268960664171954,WLS,23,5.083237823294562e-05
1,B_svc,2,0.1834933706133112,56,0.1828549729699234,WLS,23,0.0006383976433878003
2,UPFC_Vsh,5-15,1.1115409815792827,56,1.1038052401113907,WLS,23,0.007735741467892021
3,UPFC_tsh,5-15,-0.22897875714485594,56,-0.22917208547285292,WLS,23,0.0001933283279969833
4,UPFC_Vse,5-15,0.05938877563036614,56,0.06366641822200121,WLS,23,0.004277642591635072
5,UPFC_tse,5-15,-2.119928038135405,56,-2.1809502520660033,WLS,23,0.06102221393059848
0,x_tcsc,1-14,-0.11266159231827583,57,-0.11268960664171954,WLS,23,2.8014323443709133e-05
1,B_svc,2,0.1827609962329436,57,0.1828549729699234,WLS,23,9.397673697980613e-05
2,UPFC_Vsh,5-15,1.1117219326012486,57,1.1038052401113907,WLS,23,0.007916692489857935
3,UPFC_tsh,5-15,-0.22894487358794494,57,-0.22917208547285292,WLS,23,0.00022721188490798516
4,UPFC_Vse,5-15,0.05972897570874759,57,0.06366641822200121,WLS,23,0.0039374425132536195
5,UPFC_tse,5-15,-2.1217083406454766,57,-2.1809502520660033,WLS,23,0.059241911420526705
0,x_tcsc,1-14,-0.11265792965943841,58,-0.11268960664171954,WLS,23,3.167698228112581e-05
1,B_svc,2,0.18303023108702726,58,0.1828549729699234,WLS,23,0.00017525811710386585
2,UPFC_Vsh,5-15,1.1117679163439722,58,1.1038052401113907,WLS,23,0.007962676232581511
3,UPFC_tsh,5-15,-0.22892171353926535,58,-0.22917208547285292,WLS,23,0.0002503719335875676
4,UPFC_Vse,5-15,0.05913542599096663,58,0.06366641822200121,WLS,23,0.004530992231034585
5,UPFC_tse,5-15,-2.123197209019055,58,-2.1809502520660033,WLS,23,0.05775304304694817
0,x_tcsc,1-14,-0.11264480893180104,59,-0.11268960664171954,WLS,23,4.4797709918498185e-05
1,B_svc,2,0.18290035393188422,59,0.1828549729699234,WLS,23,4.538096196082808e-05
2,UPFC_Vsh,5-15,1.112124665303654,59,1.1038052401113907,WLS,23,0.008319425192263363
3,UPFC_tsh,5-15,-0.22890418466581416,59,-0.22917208547285292,WLS,23,0.00026790080703875674
4,UPFC_Vse,5-15,0.05969401117222054,59,0.06366641822200121,WLS,23,0.00397240704978067
5,UPFC_tse,5-15,-2.1184681739918925,59,-2.1809502520660033,WLS,23,0.06248207807411088
0,x_tcsc,1-14,-0.11262855451600012,60,-0.11268960664171954,WLS,23,6.105212571941299e-05
1,B_svc,2,0.18310926090580124,60,0.1828549729699234,WLS,23,0.0002542879358778394
2,UPFC_Vsh,5-15,1.1118617732949219,60,1.1038052401113907,WLS,23,0.008056533183531167
3,UPFC_tsh,5-15,-0.22887185299028265,60,-0.22917208547285292,WLS,23,0.0003002324825702729
4,UPFC_Vse,5-15,0.059600318510864,60,0.06366641822200121,WLS,23,0.004066099711137208
5,UPFC_tse,5-15,-2.119494621036546,60,-2.1809502520660033,WLS,23,0.06145563102945717
0,x_tcsc,1-14,-0.11264515611393698,61,-0.11268960664171954,WLS,23,4.4450527782555205e-05
1,B_svc,2,0.18268481085398716,61,0.1828549729699234,WLS,23,0.00017016211593623431
2,UPFC_Vsh,5-15,1.1117054313321677,61,1.1038052401113907,WLS,23,0.007900191220777009
3,UPFC_tsh,5-15,-0.22895823800685006,61,-0.22917208547285292,WLS,23,0.00021384746600286442
4,UPFC_Vse,5-15,0.059744024981125084,61,0.06366641822200121,WLS,23,0.003922393240876128
5,UPFC_tse,5-15,-2.1230514197013655,61,-2.1809502520660033,WLS,23,0.05789883236463789
0,x_tcsc,1-14,-0.11266315479147859,62,-0.11268960664171954,WLS,23,2.6451850240943875e-05
1,B_svc,2,0.1831480714289645,62,0.1828549729699234,WLS,23,0.0002930984590411023
2,UPFC_Vsh,5-15,1.1114637545315527,62,1.1038052401113907,WLS,23,0.007658514420161966
3,UPFC_tsh,5-15,-0.22890124590157582,62,-0.22917208547285292,WLS,23,0.0002708395712771039
4,UPFC_Vse,5-15,0.05964839659875255,62,0.06366641822200121,WLS,23,0.004018021623248665
5,UPFC_tse,5-15,-2.1230361987529895,62,-2.1809502520660033,WLS,23,0.0579140533130138
0,x_tcsc,1-14,-0.11265903161239044,63,-0.11268960664171954,WLS,23,3.057502932909961e-05
1,B_svc,2,0.1830806330798035,63,0.1828549729699234,WLS,23,0.00022566010988009366
2,UPFC_Vsh,5-15,1.1118669398270749,63,1.1038052401113907,WLS,23,0.008061699715684156
3,UPFC_tsh,5-15,-0.22904302082550887,63,-0.22917208547285292,WLS,23,0.00012906464734405154
4,UPFC_Vse,5-15,0.05927598128199392,63,0.06366641822200121,WLS,23,0.004390436940007292
5,UPFC_tse,5-15,-2.1240800307651497,63,-2.1809502520660033,WLS,23,0.05687022130085362
0,x_tcsc,1-14,-0.11264841448136703,64,-0.11268960664171954,WLS,23,4.11921603525045e-05
1,B_svc,2,0.1832406246167656,64,0.1828549729699234,WLS,23,0.00038565164684220554
2,UPFC_Vsh,5-15,1.111670054706022,64,1.1038052401113907,WLS,23,0.007864814594631397
3,UPFC_tsh,5-15,-0.22896090472204153,64,-0.22917208547285292,WLS,23,0.00021118075081139054
4,UPFC_Vse,5-15,0.0597216252721169,64,0.06366641822200121,WLS,23,0.003944792949884313
5,UPFC_tse,5-15,-2.1264011477993905,64,-2.1809502520660033,WLS,23,0.05454910426661286
0,x_tcsc,1-14,-0.11263332799634983,65,-0.11268960664171954,WLS,23,5.6278645369708946e-05
1,B_svc,2,0.18289343961020785,65,0.1828549729699234,WLS,23,3.846664028445135e-05
2,UPFC_Vsh,5-15,1.1119552644322142,65,1.1038052401113907,WLS,23,0.008150024320823457
3,UPFC_tsh,5-15,-0.2289199156180599,65,-0.22917208547285292,WLS,23,0.0002521698547930107
4,UPFC_Vse,5-15,0.05947441465996887,65,0.06366641822200121,WLS,23,0.004192003562032344
5,UPFC_tse,5-15,-2.1202140854444993,65,-2.1809502520660033,WLS,23,0.06073616662150405
0,x_tcsc,1-14,-0.11266505353106174,66,-0.11268960664171954,WLS,23,2.455311065779897e-05
1,B_svc,2,0.18304363703799795,66,0.1828549729699234,WLS,23,0.00018866406807455105
2,UPFC_Vsh,5-15,1.112002151937925,66,1.1038052401113907,WLS,23,0.00819691182653437
3,UPFC_tsh,5-15,-0.22888119332421814,66,-0.22917208547285292,WLS,23,0.00029089214863478596
4,UPFC_Vse,5-15,0.05969152758596811,66,0.06366641822200121,WLS,23,0.003974890636033103
5,UPFC_tse,5-15,-2.120584016655557,66,-2.1809502520660033,WLS,23,0.06036623541044639
0,x_tcsc,1-14,-0.11264400159417495,67,-0.11268960664171954,WLS,23,4.56050475445835e-05
1,B_svc,2,0.18266385193167653,67,0.1828549729699234,WLS,23,0.00019112103824686644
2,UPFC_Vsh,5-15,1.1118762447405168,67,1.1038052401113907,WLS,23,0.008071004629126133
3,UPFC_tsh,5-15,-0.22891279691481156,67,-0.22917208547285292,WLS,23,0.00025928855804135953
4,UPFC_Vse,5-15,0.05926509621550622,67,0.06366641822200121,WLS,23,0.004401322006494991
5,UPFC_tse,5-15,-2.1245958772055977,67,-2.1809502520660033,WLS,23,0.05635437486040562
0,x_tcsc,1-14,-0.11265865686277357,68,-0.11268960664171954,WLS,23,3.094977894596562e-05
1,B_svc,2,0.18314585054577417,68,0.1828549729699234,WLS,23,0.00029087757585077867
2,UPFC_Vsh,5-15,1.1116051191939083,68,1.1038052401113907,WLS,23,0.007799879082517558
3,UPFC_tsh,5-15,-0.22890511708175476,68,-0.22917208547285292,WLS,23,0.0002669683910981602
4,UPFC_Vse,5-15,0.059727480862477006,68,0.06366641822200121,WLS,23,0.0039389373595242055
5,UPFC_tse,5-15,-2.1217636870151333,68,-2.1809502520660033,WLS,23,0.059186565050870055
0,x_tcsc,1-14,-0.11264892519408072,69,-0.11268960664171954,WLS,23,4.068144763881565e-05
1,B_svc,2,0.1835065449364457,69,0.1828549729699234,WLS,23,0.0006515719665222963
2,UPFC_Vsh,5-15,1.1119619637471465,69,1.1038052401113907,WLS,23,0.008156723635755814
3,UPFC_tsh,5-15,-0.22891519720880874,69,-0.22917208547285292,WLS,23,0.0002568882640441861
4,UPFC_Vse,5-15,0.059462033947570374,69,0.06366641822200121,WLS,23,0.004204384274430838
5,UPFC_tse,5-15,-2.1210182884249424,69,-2.1809502520660033,WLS,23,0.059931963641060904
0,x_tcsc,1-14,-0.1126501910689758,70,-0.11268960664171954,WLS,23,3.94155727437423e-05
1,B_svc,2,0.1826062271034195,70,0.1828549729699234,WLS,23,0.0002487458665038911
2,UPFC_Vsh,5-15,1.111702639767003,70,1.1038052401113907,WLS,23,0.007897399655612203
3,UPFC_tsh,5-15,-0.22885758293147232,70,-0.22917208547285292,WLS,23,0.0003145025413806013
4,UPFC_Vse,5-15,0.05953370081283063,70,0.06366641822200121,WLS,23,0.00413271740917058
5,UPFC_tse,5-15,-2.121738457388028,70,-2.1809502520660033,WLS,23,0.05921179467797533
0,x_tcsc,1-14,-0.1126544420156386,71,-0.11268960664171954,WLS,23,3.5164626080941286e-05
1,B_svc,2,0.18286722901995336,71,0.1828549729699234,WLS,23,1.2256050029968435e-05
2,UPFC_Vsh,5-15,1.1114853466138617,71,1.1038052401113907,WLS,23,0.007680106502470974
3,UPFC_tsh,5-15,-0.2289623717387454,71,-0.22917208547285292,WLS,23,0.00020971373410752503
4,UPFC_Vse,5-15,0.05965972846673304,71,0.06366641822200121,WLS,23,0.004006689755268168
5,UPFC_tse,5-15,-2.122081358736102,71,-2.1809502520660033,WLS,23,0.05886889332990153
0,x_tcsc,1-14,-0.11265586756907965,72,-0.11268960664171954,WLS,23,3.373907263988507e-05
1,B_svc,2,0.18328243265024213,72,0.1828549729699234,WLS,23,0.00042745968031873693
2,UPFC_Vsh,5-15,1.1120823003822737,72,1.1038052401113907,WLS,23,0.008277060270883041
3,UPFC_tsh,5-15,-0.22890576922791755,72,-0.22917208547285292,WLS,23,0.0002663162449353662
4,UPFC_Vse,5-15,0.05926801122960687,72,0.06366641822200121,WLS,23,0.004398406992394341
5,UPFC_tse,5-15,-2.1225129733265438,72,-2.1809502520660033,WLS,23,0.058437278739459586
0,x_tcsc,1-14,-0.11264256845102438,73,-0.11268960664171954,WLS,23,4.703819069515336e-05
1,B_svc,2,0.18308313923468064,73,0.1828549729699234,WLS,23,0.00022816626475724577
2,UPFC_Vsh,5-15,1.1118538117217944,73,1.1038052401113907,WLS,23,0.008048571610403732
3,UPFC_tsh,5-15,-0.22887033239149746,73,-0.22917208547285292,WLS,23,0.00030175308135546586
4,UPFC_Vse,5-15,0.05921178641991712,73,0.06366641822200121,WLS,23,0.004454631802084094
5,UPFC_tse,5-15,-2.1247422728313348,73,-2.1809502520660033,WLS,23,0.05620797923466858
0,x_tcsc,1-14,-0.11264197107298389,74,-0.11268960664171954,WLS,23,4.7635568735646117e-05
1,B_svc,2,0.18317106050050658,74,0.1828549729699234,WLS,23,0.0003160875305831812
2,UPFC_Vsh,5-15,1.1120305008094313,74,1.1038052401113907,WLS,23,0.008225260698040637
3,UPFC_tsh,5-15,-0.22887639711149435,74,-0.22917208547285292,WLS,23,0.00029568836135857035
4,UPFC_Vse,5-15,0.05931645223889366,74,0.06366641822200121,WLS,23,0.004349965983107551
5,UPFC_tse,5-15,-2.121800671158271,74,-2.1809502520660033,WLS,23,0.05914958090773226
0,x_tcsc,1-14,-0.11264786870306318,75,-0.11268960664171954,WLS,23,4.1737938656360996e-05
1,B_svc,2,0.18288291387220101,75,0.1828549729699234,WLS,23,2.7940902277617807e-05
2,UPFC_Vsh,5-15,1.1118072890869657,75,1.1038052401113907,WLS,23,0.008002048975574994
3,UPFC_tsh,5-15,-0.22891143596359942,75,-0.22917208547285292,WLS,23,0.00026064950925350217
4,UPFC_Vse,5-15,0.059388163055579715,75,0.06366641822200121,WLS,23,0.004278255166421496
5,UPFC_tse,5-15,-2.1210807246698424,75,-2.1809502520660033,WLS,23,0.059869527396160915
0,x_tcsc,1-14,-0.1126469619459568,76,-0.11268960664171954,WLS,23,4.264469576273355e-05
1,B_svc,2,0.18346278349261555,76,0.1828549729699234,WLS,23,0.0006078105226921537
2,UPFC_Vsh,5-15,1.1117911070822013,76,1.1038052401113907,WLS,23,0.007985866970810607
3,UPFC_tsh,5-15,-0.22893007930262077,76,-0.22917208547285292,WLS,23,0.00024200617023215076
4,UPFC_Vse,5-15,0.05969937361753441,76,0.06366641822200121,WLS,23,0.003967044604466799
5,UPFC_tse,5-15,-2.121968710117471,76,-2.1809502520660033,WLS,23,0.058981541948532445
0,x_tcsc,1-14,-0.11263813156721773,77,-0.11268960664171954,WLS,23,5.1475074501802776e-05
1,B_svc,2,0.18317716981223575,77,0.1828549729699234,WLS,23,0.00032219684231235557
2,UPFC_Vsh,5-15,1.1116227381683035,77,1.1038052401113907,WLS,23,0.007817498056912786
3,UPFC_tsh,5-15,-0.22888796592316893,77,-0.22917208547285292,WLS,23,0.0002841195496839921
4,UPFC_Vse,5-15,0.05943928799448499,77,0.06366641822200121,WLS,23,0.004227130227516224
5,UPFC_tse,5-15,-2.1194229517383967,77,-2.1809502520660033,WLS,23,0.06152730032760667
0,x_tcsc,1-14,-0.11264877177184592,78,-0.11268960664171954,WLS,23,4.083486987362106e-05
1,B_svc,2,0.18270312870040456,78,0.1828549729699234,WLS,23,0.000151844269518836
2,UPFC_Vsh,5-15,1.1121135279015109,78,1.1038052401113907,WLS,23,0.008308287790120161
3,UPFC_tsh,5-15,-0.22886232831938863,78,-0.22917208547285292,WLS,23,0.00030975715346429067
4,UPFC_Vse,5-15,0.05951737202648792,78,0.06366641822200121,WLS,23,0.00414904619551329
5,UPFC_tse,5-15,-2.1230026187030546,78,-2.1809502520660033,WLS,23,0.057947633362948725
0,x_tcsc,1-14,-0.11266578618876744,79,-0.11268960664171954,WLS,23,2.3820452952100224e-05
1,B_svc,2,0.18306560979213973,79,0.1828549729699234,WLS,23,0.00021063682221633684
2,UPFC_Vsh,5-15,1.1117243460391295,79,1.1038052401113907,WLS,23,0.007919105927738812
3,UPFC_tsh,5-15,-0.22893350357311557,79,-0.22917208547285292,WLS,23,0.00023858189973735566
4,UPFC_Vse,5-15,0.059122685266476654,79,0.06366641822200121,WLS,23,0.004543732955524557
5,UPFC_tse,5-15,-2.1226129737864143,79,-2.1809502520660033,WLS,23,0.05833727827958901
0,x_tcsc,1-14,-0.11264890839788436,80,-0.11268960664171954,WLS,23,4.069824383517995e-05
1,B_svc,2,0.18308180205661972,80,0.1828549729699234,WLS,23,0.0002268290866963285
2,UPFC_Vsh,5-15,1.1119249442850345,80,1.1038052401113907,WLS,23,0.008119704173643827
3,UPFC_tsh,5-15,-0.22895473973578337,80,-0.22917208547285292,WLS,23,0.00021734573706955196
4,UPFC_Vse,5-15,0.059609317019204196,80,0.06366641822200121,WLS,23,0.004057101202797016
5,UPFC_tse,5-15,-2.122786156762323,80,-2.1809502520660033,WLS,23,0.05816409530368016
0,x_tcsc,1-14,-0.11264853836233764,81,-0.11268960664171954,WLS,23,4.106827938189783e-05
1,B_svc,2,0.1829891485800985,81,0.1828549729699234,WLS,23,0.00013417561017509128
2,UPFC_Vsh,5-15,1.1120845656373866,81,1.1038052401113907,WLS,23,0.008279325525995862
3,UPFC_tsh,5-15,-0.2288778503797005,81,-0.22917208547285292,WLS,23,0.000294235093152434
4,UPFC_Vse,5-15,0.05900989505623855,81,0.06366641822200121,WLS,23,0.004656523165762663
5,UPFC_tse,5-15,-2.1232554282192853,81,-2.1809502520660033,WLS,23,0.05769482384671809
0,x_tcsc,1-14,-0.11265085353261935,82,-0.11268960664171954,WLS,23,3.87531091001897e-05
1,B_svc,2,0.18293508653505278,82,0.1828549729699234,WLS,23,8.01135651293805e-05
2,UPFC_Vsh,5-15,1.111709074160273,82,1.1038052401113907,WLS,23,0.007903834048882397
3,UPFC_tsh,5-15,-0.22885000792736745,82,-0.22917208547285292,WLS,23,0.0003220775454854663
4,UPFC_Vse,5-15,0.05924016583511873,82,0.06366641822200121,WLS,23,0.004426252386882483
5,UPFC_tse,5-15,-2.1185318253913286,82,-2.1809502520660033,WLS,23,0.06241842667467479
0,x_tcsc,1-14,-0.1126399115157796,83,-0.11268960664171954,WLS,23,4.969512593994141e-05
1,B_svc,2,0.18344339816041866,83,0.1828549729699234,WLS,23,0.000588425190495262
2,UPFC_Vsh,5-15,1.1118028636577713,83,1.1038052401113907,WLS,23,0.007997623546380561
3,UPFC_tsh,5-15,-0.2289405181205126,83,-0.22917208547285292,WLS,23,0.00023156735234031167
4,UPFC_Vse,5-15,0.05963998375827571,83,0.06366641822200121,WLS,23,0.004026434463725505
5,UPFC_tse,5-15,-2.1211375072968712,83,-2.1809502520660033,WLS,23,0.05981274476913212
0,x_tcsc,1-14,-0.11263836042213654,84,-0.11268960664171954,WLS,23,5.124621958299547e-05
1,B_svc,2,0.1830132220539721,84,0.1828549729699234,WLS,23,0.00015824908404871163
2,UPFC_Vsh,5-15,1.1119346734530526,84,1.1038052401113907,WLS,23,0.00812943334166194
3,UPFC_tsh,5-15,-0.22893110505255088,84,-0.22917208547285292,WLS,23,0.00024098042030204492
4,UPFC_Vse,5-15,0.05977526740259505,84,0.06366641822200121,WLS,23,0.003891150819406164
5,UPFC_tse,5-15,-2.122990001799388,84,-2.1809502520660033,WLS,23,0.05796025026661544
0,x_tcsc,1-14,-0.11264250757485006,85,-0.11268960664171954,WLS,23,4.709906686947707e-05
1,B_svc,2,0.18305451557870409,85,0.1828549729699234,WLS,23,0.00019954260878068952
2,UPFC_Vsh,5-15,1.1115635275734317,85,1.1038052401113907,WLS,23,0.007758287462040991
3,UPFC_tsh,5-15,-0.22897573254635384,85,-0.22917208547285292,WLS,23,0.00019635292649908265
4,UPFC_Vse,5-15,0.05948538602292322,85,0.06366641822200121,WLS,23,0.004181032199077991
5,UPFC_tse,5-15,-2.1229848519384222,85,-2.1809502520660033,WLS,23,0.05796540012758111
0,x_tcsc,1-14,-0.11265517868766796,86,-0.11268960664171954,WLS,23,3.442795405157739e-05
1,B_svc,2,0.18298271709637534,86,0.1828549729699234,WLS,23,0.00012774412645194522
2,UPFC_Vsh,5-15,1.1122276421544663,86,1.1038052401113907,WLS,23,0.00842240204307565
3,UPFC_tsh,5-15,-0.22891901478551538,86,-0.22917208547285292,WLS,23,0.0002530706873375421
4,UPFC_Vse,5-15,0.05964663251229751,86,0.06366641822200121,WLS,23,0.0040197857097037035
5,UPFC_tse,5-15,-2.1219554570601216,86,-2.1809502520660033,WLS,23,0.058994795005881784
0,x_tcsc,1-14,-0.11263545373990001,87,-0.11268960664171954,WLS,23,5.415290181952359e-05
1,B_svc,2,0.18306169156414742,87,0.1828549729699234,WLS,23,0.00020671859422402572
2,UPFC_Vsh,5-15,1.1117732968772747,87,1.1038052401113907,WLS,23,0.007968056765883968
3,UPFC_tsh,5-15,-0.22881576002058285,87,-0.22917208547285292,WLS,23,0.0003563254522700732
4,UPFC_Vse,5-15,0.05895755489416049,87,0.06366641822200121,WLS,23,0.0047088633278407205
5,UPFC_tse,5-15,-2.1218876657587358,87,-2.1809502520660033,WLS,23,0.05906258630726757
0,x_tcsc,1-14,-0.1126507421230028,88,-0.11268960664171954,WLS,23,3.8864518716735796e-05
1,B_svc,2,0.18371776201461118,88,0.1828549729699234,WLS,23,0.000862789044687784
2,UPFC_Vsh,5-15,1.1119125518718314,88,1.1038052401113907,WLS,23,0.00810731176044066
3,UPFC_tsh,5-15,-0.22888733117863572,88,-0.22917208547285292,WLS,23,0.00028475429421720433
4,UPFC_Vse,5-15,0.059324595865956925,88,0.06366641822200121,WLS,23,0.0043418223560442865
5,UPFC_tse,5-15,-2.120344519198093,88,-2.1809502520660033,WLS,23,0.060605732867910156
0,x_tcsc,1-14,-0.11264907473900752,89,-0.11268960664171954,WLS,23,4.053190271201268e-05
1,B_svc,2,0.1828756169005814,89,0.1828549729699234,WLS,23,2.0643930658009735e-05
2,UPFC_Vsh,5-15,1.1121277757488386,89,1.1038052401113907,WLS,23,0.008322535637447892
3,UPFC_tsh,5-15,-0.22885410558068478,89,-0.22917208547285292,WLS,23,0.00031797989216814093
4,UPFC_Vse,5-15,0.05920322852644612,89,0.06366641822200121,WLS,23,0.004463189695555092
5,UPFC_tse,5-15,-2.121799146335388,89,-2.1809502520660033,WLS,23,0.05915110573061533
0,x_tcsc,1-14,-0.1126479053035445,90,-0.11268960664171954,WLS,23,4.170133817503474e-05
1,B_svc,2,0.1827214760857501,90,0.1828549729699234,WLS,23,0.00013349688417330086
2,UPFC_Vsh,5-15,1.1115710388051483,90,1.1038052401113907,WLS,23,0.007765798693757597
3,UPFC_tsh,5-15,-0.2289332366749628,90,-0.22917208547285292,WLS,23,0.0002388487978901288
4,UPFC_Vse,5-15,0.05959989021367773,90,0.06366641822200121,WLS,23,0.004066528008323481
5,UPFC_tse,5-15,-2.1191320062973658,90,-2.1809502520660033,WLS,23,0.06181824576863759
0,x_tcsc,1-14,-0.11265165137908582,91,-0.11268960664171954,WLS,23,3.795526263371263e-05
1,B_svc,2,0.18296031611456778,91,0.1828549729699234,WLS,23,0.00010534314464438754
2,UPFC_Vsh,5-15,1.111868188403641,91,1.1038052401113907,WLS,23,0.008062948292250294
3,UPFC_tsh,5-15,-0.22888686076847037,91,-0.22917208547285292,WLS,23,0.0002852247043825529
4,UPFC_Vse,5-15,0.05920261360834996,91,0.06366641822200121,WLS,23,0.00446380461365125
5,UPFC_tse,5-15,-2.125491727326601,91,-2.1809502520660033,WLS,23,0.05545852473940238
0,x_tcsc,1-14,-0.11264151014033702,92,-0.11268960664171954,WLS,23,4.809650138251631e-05
1,B_svc,2,0.18302326362866006,92,0.1828549729699234,WLS,23,0.00016829065873666393
2,UPFC_Vsh,5-15,1.1115101156749514,92,1.1038052401113907,WLS,23,0.007704875563560698
3,UPFC_tsh,5-15,-0.2288692087294148,92,-0.22917208547285292,WLS,23,0.0003028767434381241
4,UPFC_Vse,5-15,0.05986777140627431,92,0.06366641822200121,WLS,23,0.0037986468157268985
5,UPFC_tse,5-15,-2.122329536140564,92,-2.1809502520660033,WLS,23,0.05862071592543927
0,x_tcsc,1-14,-0.11265466955258513,93,-0.11268960664171954,WLS,23,3.493708913440696e-05
1,B_svc,2,0.18281010640870582,93,0.1828549729699234,WLS,23,4.486656121757693e-05
2,UPFC_Vsh,5-15,1.1113245398145968,93,1.1038052401113907,WLS,23,0.007519299703206084
3,UPFC_tsh,5-15,-0.22890198249986107,93,-0.22917208547285292,WLS,23,0.00027010297299184804
4,UPFC_Vse,5-15,0.06022128789871479,93,0.06366641822200121,WLS,23,0.003445130323286423
5,UPFC_tse,5-15,-2.119956769473234,93,-2.1809502520660033,WLS,23,0.060993482592769155
0,x_tcsc,1-14,-0.11265351773040705,94,-0.11268960664171954,WLS,23,3.608891131248737e-05
1,B_svc,2,0.1826666771453833,94,0.1828549729699234,WLS,23,0.00018829582454010785
2,UPFC_Vsh,5-15,1.111539562331697,94,1.1038052401113907,WLS,23,0.007734322220306344
3,UPFC_tsh,5-15,-0.22903478201224603,94,-0.22917208547285292,WLS,23,0.00013730346060689125
4,UPFC_Vse,5-15,0.0590778334784959,94,0.06366641822200121,WLS,23,0.004588584743505313
5,UPFC_tse,5-15,-2.1221007488156944,94,-2.1809502520660033,WLS,23,0.05884950325030891
0,x_tcsc,1-14,-0.11264605311502794,95,-0.11268960664171954,WLS,23,4.3553526691594846e-05
1,B_svc,2,0.18297211410960382,95,0.1828549729699234,WLS,23,0.00011714113968042117
2,UPFC_Vsh,5-15,1.1115959171406435,95,1.1038052401113907,WLS,23,0.007790677029252846
3,UPFC_tsh,5-15,-0.2288972964206746,95,-0.22917208547285292,WLS,23,0.00027478905217831473
4,UPFC_Vse,5-15,0.0598950240873836,95,0.06366641822200121,WLS,23,0.003771394134617613
5,UPFC_tse,5-15,-2.1220925067038805,95,-2.1809502520660033,WLS,23,0.05885774536212285
0,x_tcsc,1-14,-0.11263931882005514,96,-0.11268960664171954,WLS,23,5.028782166439927e-05
1,B_svc,2,0.18265902290640068,96,0.1828549729699234,WLS,23,0.00019595006352271516
2,UPFC_Vsh,5-15,1.1113151360102658,96,1.1038052401113907,WLS,23,0.007509895898875074
3,UPFC_tsh,5-15,-0.2289475360277432,96,-0.22917208547285292,WLS,23,0.00022454944510971742
4,UPFC_Vse,5-15,0.05891257699494423,96,0.06366641822200121,WLS,23,0.004753841227056979
5,UPFC_tse,5-15,-2.122901274877703,96,-2.1809502520660033,WLS,23,0.05804897718830038
0,x_tcsc,1-14,-0.11265672618066054,97,-0.11268960664171954,WLS,23,3.288046105899556e-05
1,B_svc,2,0.18327056914432338,97,0.1828549729699234,WLS,23,0.00041559617439998475
2,UPFC_Vsh,5-15,1.111891823635806,97,1.1038052401113907,WLS,23,0.00808658352441527
3,UPFC_tsh,5-15,-0.22890417843718433,97,-0.22917208547285292,WLS,23,0.00026790703566859086
4,UPFC_Vse,5-15,0.05967994564116924,97,0.06366641822200121,WLS,23,0.003986472580831971
5,UPFC_tse,5-15,-2.1212588023075356,97,-2.1809502520660033,WLS,23,0.05969144975846774
0,x_tcsc,1-14,-0.11264302058282966,98,-0.11268960664171954,WLS,23,4.658605888988032e-05
1,B_svc,2,0.18306635420890252,98,0.1828549729699234,WLS,23,0.00021138123897912475
2,UPFC_Vsh,5-15,1.1115137716357597,98,1.1038052401113907,WLS,23,0.007708531524369011
3,UPFC_tsh,5-15,-0.22889851960375326,98,-0.22917208547285292,WLS,23,0.00027356586909965674
4,UPFC_Vse,5-15,0.059507672282690306,98,0.06366641822200121,WLS,23,0.004158745939310905
5,UPFC_tse,5-15,-2.1217318624459405,98,-2.1809502520660033,WLS,23,0.05921838962006287
0,x_tcsc,1-14,-0.11265434285876813,99,-0.11268960664171954,WLS,23,3.526378295140575e-05
1,B_svc,2,0.1832761939492395,99,0.1828549729699234,WLS,23,0.00042122097931610036
2,UPFC_Vsh,5-15,1.1120429257677156,99,1.1038052401113907,WLS,23,0.008237685656324878
3,UPFC_tsh,5-15,-0.22892161180423282,99,-0.22917208547285292,WLS,23,0.0002504736686201048
4,UPFC_Vse,5-15,0.05986558679208551,99,0.06366641822200121,WLS,23,0.0038008314299157048
5,UPFC_tse,5-15,-2.125003961212097,99,-2.1809502520660033,WLS,23,0.055946290853906344
0,x_tcsc,1-14,-0.10712482230378603,0,-0.10712355401333491,WLS,25,1.268290451120202e-06
1,B_svc,2,0.17471229712977776,0,0.17518321676031778,WLS,25,0.00047091963054002317
2,UPFC_Vsh,5-15,1.1114521621484033,0,1.1060979056896427,WLS,25,0.005354256458760531
3,UPFC_tsh,5-15,-0.23413863285694922,0,-0.23431126976982974,WLS,25,0.00017263691288052496
4,UPFC_Vse,5-15,0.05922025002040857,0,0.06352137262246502,WLS,25,0.004301122602056444
5,UPFC_tse,5-15,-2.122321240750898,0,-2.1889909910378806,WLS,25,0.06666975028698285
0,x_tcsc,1-14,-0.10712654576115968,1,-0.10712355401333491,WLS,25,2.9917478247681872e-06
1,B_svc,2,0.17535666354422366,1,0.17518321676031778,WLS,25,0.00017344678390587842
2,UPFC_Vsh,5-15,1.111198030916076,1,1.1060979056896427,WLS,25,0.0051001252264333274
3,UPFC_tsh,5-15,-0.23416008899103194,1,-0.23431126976982974,WLS,25,0.00015118077879780478
4,UPFC_Vse,5-15,0.05928946036498341,1,0.06352137262246502,WLS,25,0.00423191225748161
5,UPFC_tse,5-15,-2.1214422974898506,1,-2.1889909910378806,WLS,25,0.06754869354803006
0,x_tcsc,1-14,-0.10713326491729104,2,-0.10712355401333491,WLS,25,9.71090395612828e-06
1,B_svc,2,0.1753343332797991,2,0.17518321676031778,WLS,25,0.00015111651948132576
2,UPFC_Vsh,5-15,1.1114168064944274,2,1.1060979056896427,WLS,25,0.005318900804784699
3,UPFC_tsh,5-15,-0.23419772721745916,2,-0.23431126976982974,WLS,25,0.00011354255237058797
4,UPFC_Vse,5-15,0.05953524015952196,2,0.06352137262246502,WLS,25,0.003986132462943055
5,UPFC_tse,5-15,-2.1235742081165463,2,-2.1889909910378806,WLS,25,0.06541678292133435
0,x_tcsc,1-14,-0.10713213930237878,3,-0.10712355401333491,WLS,25,8.585289043863686e-06
1,B_svc,2,0.17436138448345326,3,0.17518321676031778,WLS,25,0.0008218322768645259
2,UPFC_Vsh,5-15,1.1119805376813996,3,1.1060979056896427,WLS,25,0.00588263199175687
3,UPFC_tsh,5-15,-0.23410368104244933,3,-0.23431126976982974,WLS,25,0.00020758872738041445
4,UPFC_Vse,5-15,0.05926920600302092,3,0.06352137262246502,WLS,25,0.004252166619444095
5,UPFC_tse,5-15,-2.123358269859235,3,-2.1889909910378806,WLS,25,0.0656327211786456
0,x_tcsc,1-14,-0.10714044650933553,4,-0.10712355401333491,WLS,25,1.689249600062004e-05
1,B_svc,2,0.17530149169874124,4,0.17518321676031778,WLS,25,0.0001182749384234516
2,UPFC_Vsh,5-15,1.111956199033949,4,1.1060979056896427,WLS,25,0.00585829334430632
3,UPFC_tsh,5-15,-0.23416265175474327,4,-0.23431126976982974,WLS,25,0.00014861801508647687
4,UPFC_Vse,5-15,0.05934249166817937,4,0.06352137262246502,WLS,25,0.004178880954285646
5,UPFC_tse,5-15,-2.122914123505171,4,-2.1889909910378806,WLS,25,0.06607686753270947
0,x_tcsc,1-14,-0.10713180542547032,5,-0.10712355401333491,WLS,25,8.251412135409919e-06
1,B_svc,2,0.17521668773393406,5,0.17518321676031778,WLS,25,3.34709736162786e-05
2,UPFC_Vsh,5-15,1.111570708373919,5,1.1060979056896427,WLS,25,0.005472802684276301
3,UPFC_tsh,5-15,-0.23412001822262968,5,-0.23431126976982974,WLS,25,0.00019125154720006643
4,UPFC_Vse,5-15,0.059292395131980605,5,0.06352137262246502,WLS,25,0.004228977490484412
5,UPFC_tse,5-15,-2.1231918627927433,5,-2.1889909910378806,WLS,25,0.06579912824513734
0,x_tcsc,1-14,-0.10713934735057414,6,-0.10712355401333491,WLS,25,1.5793337239222716e-05
1,B_svc,2,0.1748682472293977,6,0.17518321676031778,WLS,25,0.00031496953092008395
2,UPFC_Vsh,5-15,1.1117907368365394,6,1.1060979056896427,WLS,25,0.005692831146896671
3,UPFC_tsh,5-15,-0.23412392462563883,6,-0.23431126976982974,WLS,25,0.00018734514419091464
4,UPFC_Vse,5-15,0.05937321935273892,6,0.06352137262246502,WLS,25,0.004148153269726097
5,UPFC_tse,5-15,-2.1247669498017507,6,-2.1889909910378806,WLS,25,0.0642240412361299
0,x_tcsc,1-14,-0.10714893756480078,7,-0.10712355401333491,WLS,25,2.5383551465862908e-05
1,B_svc,2,0.1752519899929678,7,0.17518321676031778,WLS,25,6.877323265000457e-05
2,UPFC_Vsh,5-15,1.1116424647176635,7,1.1060979056896427,WLS,25,0.005544559028020757
3,UPFC_tsh,5-15,-0.23409288096241523,7,-0.23431126976982974,WLS,25,0.00021838880741451017
4,UPFC_Vse,5-15,0.05887054765869923,7,0.06352137262246502,WLS,25,0.004650824963765787
5,UPFC_tse,5-15,-2.1224957648788485,7,-2.1889909910378806,WLS,25,0.06649522615903214
0,x_tcsc,1-14,-0.10713097965081152,8,-0.10712355401333491,WLS,25,7.42563747660463e-06
1,B_svc,2,0.17503105426198023,8,0.17518321676031778,WLS,25,0.00015216249833754913
2,UPFC_Vsh,5-15,1.1116844638311447,8,1.1060979056896427,WLS,25,0.005586558141501996
3,UPFC_tsh,5-15,-0.23409405005979025,8,-0.23431126976982974,WLS,25,0.00021721971003949014
4,UPFC_Vse,5-15,0.05932918030710746,8,0.06352137262246502,WLS,25,0.004192192315357557
5,UPFC_tse,5-15,-2.1223130715638603,8,-2.1889909910378806,WLS,25,0.06667791947402035
0,x_tcsc,1-14,-0.1071349842091117,9,-0.10712355401333491,WLS,25,1.1430195776790386e-05
1,B_svc,2,0.17520235631450826,9,0.17518321676031778,WLS,25,1.913955419047264e-05
2,UPFC_Vsh,5-15,1.111633689512145,9,1.1060979056896427,WLS,25,0.005535783822502305
3,UPFC_tsh,5-15,-0.23419938159790027,9,-0.23431126976982974,WLS,25,0.00011188817192947509
4,UPFC_Vse,5-15,0.059547742022220226,9,0.06352137262246502,WLS,25,0.00397363060024479
5,UPFC_tse,5-15,-2.1226582407588075,9,-2.1889909910378806,WLS,25,0.06633275027907315
0,x_tcsc,1-14,-0.1071254109150044,10,-0.10712355401333491,WLS,25,1.8569016694836016e-06
1,B_svc,2,0.17493887206580722,10,0.17518321676031778,WLS,25,0.0002443446945105676
2,UPFC_Vsh,5-15,1.111500976817809,10,1.1060979056896427,WLS,25,0.005403071128166292
3,UPFC_tsh,5-15,-0.2341398004540202,10,-0.23431126976982974,WLS,25,0.0001714693158095526
4,UPFC_Vse,5-15,0.05874131153314615,10,0.06352137262246502,WLS,25,0.004780061089318867
5,UPFC_tse,5-15,-2.121931325638647,10,-2.1889909910378806,WLS,25,0.06705966539923347
0,x_tcsc,1-14,-0.10714193550730847,11,-0.10712355401333491,WLS,25,1.8381493973554375e-05
1,B_svc,2,0.17502014933936547,11,0.17518321676031778,WLS,25,0.00016306742095231752
2,UPFC_Vsh,5-15,1.1115189310484985,11,1.1060979056896427,WLS,25,0.005421025358855802
3,UPFC_tsh,5-15,-0.2341227268360805,11,-0.23431126976982974,WLS,25,0.0001885429337492306
4,UPFC_Vse,5-15,0.058650234914633885,11,0.06352137262246502,WLS,25,0.004871137707831132
5,UPFC_tse,5-15,-2.1228683516808826,11,-2.1889909910378806,WLS,25,0.06612263935699803
0,x_tcsc,1-14,-0.1071461764845815,12,-0.10712355401333491,WLS,25,2.2622471246583342e-05
1,B_svc,2,0.17497849720514505,12,0.17518321676031778,WLS,25,0.00020471955517273321
2,UPFC_Vsh,5-15,1.1114884914603458,12,1.1060979056896427,WLS,25,0.00539058577070306
3,UPFC_tsh,5-15,-0.23419117265130748,12,-0.23431126976982974,WLS,25,0.00012009711852226101
4,UPFC_Vse,5-15,0.05935143284074377,12,0.06352137262246502,WLS,25,0.004169939781721248
5,UPFC_tse,5-15,-2.12150018456034,12,-2.1889909910378806,WLS,25,0.06749080647754058
0,x_tcsc,1-14,-0.1071373195775795,13,-0.10712355401333491,WLS,25,1.3765564244594408e-05
1,B_svc,2,0.17480530617955317,13,0.17518321676031778,WLS,25,0.00037791058076461215
2,UPFC_Vsh,5-15,1.1119733506982958,13,1.1060979056896427,WLS,25,0.005875445008653113
3,UPFC_tsh,5-15,-0.23411317224569597,13,-0.23431126976982974,WLS,25,0.00019809752413377235
4,UPFC_Vse,5-15,0.05892131955989864,13,0.06352137262246502,WLS,25,0.0046000530625663755
5,UPFC_tse,5-15,-2.120639012009797,13,-2.1889909910378806,WLS,25,0.06835197902808376
0,x_tcsc,1-14,-0.10713750320028957,14,-0.10712355401333491,WLS,25,1.3949186954659298e-05
1,B_svc,2,0.17489014264247435,14,0.17518321676031778,WLS,25,0.00029307411784343373
2,UPFC_Vsh,5-15,1.11189454934832,14,1.1060979056896427,WLS,25,0.005796643658677381
3,UPFC_tsh,5-15,-0.23412361633115888,14,-0.23431126976982974,WLS,25,0.00018765343867085948
4,UPFC_Vse,5-15,0.05922672445329707,14,0.06352137262246502,WLS,25,0.004294648169167949
5,UPFC_tse,5-15,-2.1224807694646146,14,-2.1889909910378806,WLS,25,0.06651022157326603
0,x_tcsc,1-14,-0.10714216197557816,15,-0.10712355401333491,WLS,25,1.8607962243247234e-05
1,B_svc,2,0.17468469709824652,15,0.17518321676031778,WLS,25,0.0004985196620712617
2,UPFC_Vsh,5-15,1.1113611676377066,15,1.1060979056896427,WLS,25,0.005263261948063924
3,UPFC_tsh,5-15,-0.23417974972726746,15,-0.23431126976982974,WLS,25,0.0001315200425622831
4,UPFC_Vse,5-15,0.05941776676065554,15,0.06352137262246502,WLS,25,0.004103605861809474
5,UPFC_tse,5-15,-2.12010741827308,15,-2.1889909910378806,WLS,25,0.0688835727648005
0,x_tcsc,1-14,-0.10712203124000946,16,-0.10712355401333491,WLS,25,1.522773325449145e-06
1,B_svc,2,0.1747082218737958,16,0.17518321676031778,WLS,25,0.0004749948865219733
2,UPFC_Vsh,5-15,1.1115093045901177,16,1.1060979056896427,WLS,25,0.0054113989004749286
3,UPFC_tsh,5-15,-0.23411968262633534,16,-0.23431126976982974,WLS,25,0.00019158714349440387
4,UPFC_Vse,5-15,0.05954020680659641,16,0.06352137262246502,WLS,25,0.003981165815868604
5,UPFC_tse,5-15,-2.118924587362442,16,-2.1889909910378806,WLS,25,0.0700664036754386
0,x_tcsc,1-14,-0.1071441249525603,17,-0.10712355401333491,WLS,25,2.057093922538944e-05
1,B_svc,2,0.17507960892498808,17,0.17518321676031778,WLS,25,0.00010360783532969986
2,UPFC_Vsh,5-15,1.1117470860170109,17,1.1060979056896427,WLS,25,0.005649180327368164
3,UPFC_tsh,5-15,-0.23411008018169005,17,-0.23431126976982974,WLS,25,0.00020118958813969412
4,UPFC_Vse,5-15,0.05888508440652623,17,0.06352137262246502,WLS,25,0.00463628821593879
5,UPFC_tse,5-15,-2.127346761945065,17,-2.1889909910378806,WLS,25,0.06164422909281564
0,x_tcsc,1-14,-0.10714264124448895,18,-0.10712355401333491,WLS,25,1.9087231154041318e-05
1,B_svc,2,0.17473084106465137,18,0.17518321676031778,WLS,25,0.0004523756956664182
2,UPFC_Vsh,5-15,1.1119838620287221,18,1.1060979056896427,WLS,25,0.005885956339079401
3,UPFC_tsh,5-15,-0.23415030653149754,18,-0.23431126976982974,WLS,25,0.00016096323833220127
4,UPFC_Vse,5-15,0.05969002707319286,18,0.06352137262246502,WLS,25,0.0038313455492721554
5,UPFC_tse,5-15,-2.1228442630056192,18,-2.1889909910378806,WLS,25,0.0661467280322614
0,x_tcsc,1-14,-0.10715221064075574,19,-0.10712355401333491,WLS,25,2.865662742082553e-05
1,B_svc,2,0.1753155687543329,19,0.17518321676031778,WLS,25,0.000132351994015123
2,UPFC_Vsh,5-15,1.111508208385541,19,1.1060979056896427,WLS,25,0.005410302695898261
3,UPFC_tsh,5-15,-0.2341330359250871,19,-0.23431126976982974,WLS,25,0.00017823384474263682
4,UPFC_Vse,5-15,0.05914916024783004,19,0.06352137262246502,WLS,25,0.004372212374634976
5,UPFC_tse,5-15,-2.1238179427971944,19,-2.1889909910378806,WLS,25,0.06517304824068626
0,x_tcsc,1-14,-0.10714518314881195,20,-0.10712355401333491,WLS,25,2.1629135477041483e-05
1,B_svc,2,0.17471602743290193,20,0.17518321676031778,WLS,25,0.0004671893274158512
2,UPFC_Vsh,5-15,1.111521053632343,20,1.1060979056896427,WLS,25,0.005423147942700268
3,UPFC_tsh,5-15,-0.23420962070176993,20,-0.23431126976982974,WLS,25,0.000101649068059817
4,UPFC_Vse,5-15,0.05916446192026083,20,0.06352137262246502,WLS,25,0.004356910702204189
5,UPFC_tse,5-15,-2.124046639141211,20,-2.1889909910378806,WLS,25,0.0649443518966697
0,x_tcsc,1-14,-0.10713186997839214,21,-0.10712355401333491,WLS,25,8.315965057223429e-06
1,B_svc,2,0.17541865132688986,21,0.17518321676031778,WLS,25,0.00023543456657207362
2,UPFC_Vsh,5-15,1.1115630045338118,21,1.1060979056896427,WLS,25,0.005465098844169125
3,UPFC_tsh,5-15,-0.23414023142189305,21,-0.23431126976982974,WLS,25,0.0001710383479366917
4,UPFC_Vse,5-15,0.05988421242406699,21,0.06352137262246502,WLS,25,0.0036371601983980276
5,UPFC_tse,5-15,-2.121528209062507,21,-2.1889909910378806,WLS,25,0.0674627819753737
0,x_tcsc,1-14,-0.10713143032997496,22,-0.10712355401333491,WLS,25,7.876316640051395e-06
1,B_svc,2,0.17532610861782483,22,0.17518321676031778,WLS,25,0.0001428918575070437
2,UPFC_Vsh,5-15,1.111553359572145,22,1.1060979056896427,WLS,25,0.005455453882502237
3,UPFC_tsh,5-15,-0.2341774948115242,22,-0.23431126976982974,WLS,25,0.0001337749583055492
4,UPFC_Vse,5-15,0.05965267802476751,22,0.06352137262246502,WLS,25,0.0038686945976975085
5,UPFC_tse,5-15,-2.1197844390304117,22,-2.1889909910378806,WLS,25,0.06920655200746895
0,x_tcsc,1-14,-0.10714615954891611,23,-0.10712355401333491,WLS,25,2.2605535581199376e-05
1,B_svc,2,0.17508791191411294,23,0.17518321676031778,WLS,25,9.53048462048467e-05
2,UPFC_Vsh,5-15,1.1112070056151129,23,1.1060979056896427,WLS,25,0.005109099925470151
3,UPFC_tsh,5-15,-0.23420650555928035,23,-0.23431126976982974,WLS,25,0.00010476421054939067
4,UPFC_Vse,5-15,0.059630149353824394,23,0.06352137262246502,WLS,25,0.003891223268640623
5,UPFC_tse,5-15,-2.1211418067305674,23,-2.1889909910378806,WLS,25,0.06784918430731324
0,x_tcsc,1-14,-0.10714166237302317,24,-0.10712355401333491,WLS,25,1.8108359688254194e-05
1,B_svc,2,0.1747356054272607,24,0.17518321676031778,WLS,25,0.00044761133305709633
2,UPFC_Vsh,5-15,1.1117673369829493,24,1.1060979056896427,WLS,25,0.005669431293306548
3,UPFC_tsh,5-15,-0.23412278546293877,24,-0.23431126976982974,WLS,25,0.00018848430689097362
4,UPFC_Vse,5-15,0.05902650836595799,24,0.06352137262246502,WLS,25,0.004494864256507025
5,UPFC_tse,5-15,-2.1250158673265838,24,-2.1889909910378806,WLS,25,0.06397512371129688
0,x_tcsc,1-14,-0.1071544893298631,25,-0.10712355401333491,WLS,25,3.093531652818837e-05
1,B_svc,2,0.17514092910903784,25,0.17518321676031778,WLS,25,4.22876512799486e-05
2,UPFC_Vsh,5-15,1.1116912793506057,25,1.1060979056896427,WLS,25,0.005593373660963019
3,UPFC_tsh,5-15,-0.23413013575565134,25,-0.23431126976982974,WLS,25,0.0001811340141784079
4,UPFC_Vse,5-15,0.058924601334253916,25,0.06352137262246502,WLS,25,0.0045967712882111
5,UPFC_tse,5-15,-2.119842934336929,25,-2.1889909910378806,WLS,25,0.0691480567009517
0,x_tcsc,1-14,-0.10713839271082197,26,-0.10712355401333491,WLS,25,1.483869748705735e-05
1,B_svc,2,0.1752917963125483,26,0.17518321676031778,WLS,25,0.00010857955223050886
2,UPFC_Vsh,5-15,1.1116567142469624,26,1.1060979056896427,WLS,25,0.005558808557319717
3,UPFC_tsh,5-15,-0.2341190176899344,26,-0.23431126976982974,WLS,25,0.0001922520798953442
4,UPFC_Vse,5-15,0.059082356156046976,26,0.06352137262246502,WLS,25,0.00443901646641804
5,UPFC_tse,5-15,-2.119999488713244,26,-2.1889909910378806,WLS,25,0.06899150232463658
0,x_tcsc,1-14,-0.10714280991479999,27,-0.10712355401333491,WLS,25,1.925590146507894e-05
1,B_svc,2,0.1749433476026775,27,0.17518321676031778,WLS,25,0.00023986915764029337
2,UPFC_Vsh,5-15,1.1115088903022294,27,1.1060979056896427,WLS,25,0.005410984612586711
3,UPFC_tsh,5-15,-0.2341994975920976,27,-0.23431126976982974,WLS,25,0.00011177217773214454
4,UPFC_Vse,5-15,0.05933479867962958,27,0.06352137262246502,WLS,25,0.004186573942835434
5,UPFC_tse,5-15,-2.1239776136887647,27,-2.1889909910378806,WLS,25,0.06501337734911594
0,x_tcsc,1-14,-0.10713773891639633,28,-0.10712355401333491,WLS,25,1.418490306141773e-05
1,B_svc,2,0.17534900623894464,28,0.17518321676031778,WLS,25,0.0001657894786268599
2,UPFC_Vsh,5-15,1.1118518970092808,28,1.1060979056896427,WLS,25,0.005753991319638052
3,UPFC_tsh,5-15,-0.23408322076813642,28,-0.23431126976982974,WLS,25,0.0002280490016933201
4,UPFC_Vse,5-15,0.05949472003449317,28,0.06352137262246502,WLS,25,0.0040266525879718434
5,UPFC_tse,5-15,-2.122095014170288,28,-2.1889909910378806,WLS,25,0.06689597686759274
0,x_tcsc,1-14,-0.10715393247280346,29,-0.10712355401333491,WLS,25,3.0378459468544117e-05
1,B_svc,2,0.17557332871307751,29,0.17518321676031778,WLS,25,0.00039011195275973076
2,UPFC_Vsh,5-15,1.1120607175425672,29,1.1060979056896427,WLS,25,0.005962811852924466
3,UPFC_tsh,5-15,-0.23412657038427917,29,-0.23431126976982974,WLS,25,0.00018469938555057408
4,UPFC_Vse,5-15,0.05947343935787674,29,0.06352137262246502,WLS,25,0.0040479332645882785
5,UPFC_tse,5-15,-2.1226956406397726,29,-2.1889909910378806,WLS,25,0.06629535039810808
0,x_tcsc,1-14,-0.10714148078912532,30,-0.10712355401333491,WLS,25,1.792677579040558e-05
1,B_svc,2,0.17519166497348465,30,0.17518321676031778,WLS,25,8.44821316686728e-06
2,UPFC_Vsh,5-15,1.1117952862909506,30,1.1060979056896427,WLS,25,0.0056973806013078665
3,UPFC_tsh,5-15,-0.23417787288932937,30,-0.23431126976982974,WLS,25,0.0001333968805003749
4,UPFC_Vse,5-15,0.059895513381848155,30,0.06352137262246502,WLS,25,0.003625859240616862
5,UPFC_tse,5-15,-2.124875016192927,30,-2.1889909910378806,WLS,25,0.0641159748449538
0,x_tcsc,1-14,-0.10714276448409389,31,-0.10712355401333491,WLS,25,1.921047075897908e-05
1,B_svc,2,0.1752578823273479,31,0.17518321676031778,WLS,25,7.466556703011884e-05
2,UPFC_Vsh,5-15,1.1115738682873721,31,1.1060979056896427,WLS,25,0.005475962597729422
3,UPFC_tsh,5-15,-0.2341329191282163,31,-0.23431126976982974,WLS,25,0.0001783506416134506
4,UPFC_Vse,5-15,0.05896200578326431,31,0.06352137262246502,WLS,25,0.004559366839200704
5,UPFC_tse,5-15,-2.1225051320159336,31,-2.1889909910378806,WLS,25,0.06648585902194704
0,x_tcsc,1-14,-0.10712885920713792,32,-0.10712355401333491,WLS,25,5.30519380301242e-06
1,B_svc,2,0.17554576213697548,32,0.17518321676031778,WLS,25,0.00036254537665769693
2,UPFC_Vsh,5-15,1.112005017765092,32,1.1060979056896427,WLS,25,0.00590711207544925
3,UPFC_tsh,5-15,-0.23415171665708154,32,-0.23431126976982974,WLS,25,0.00015955311274820638
4,UPFC_Vse,5-15,0.05869342475823524,32,0.06352137262246502,WLS,25,0.004827947864229777
5,UPFC_tse,5-15,-2.1263708267301302,32,-2.1889909910378806,WLS,25,0.06262016430775041
0,x_tcsc,1-14,-0.10713885233538814,33,-0.10712355401333491,WLS,25,1.529832205322823e-05
1,B_svc,2,0.1749805918866531,33,0.17518321676031778,WLS,25,0.00020262487366468074
2,UPFC_Vsh,5-15,1.111812658954639,33,1.1060979056896427,WLS,25,0.005714753264996375
3,UPFC_tsh,5-15,-0.2341643841853814,33,-0.23431126976982974,WLS,25,0.00014688558444833633
4,UPFC_Vse,5-15,0.05881234481741226,33,0.06352137262246502,WLS,25,0.004709027805052758
5,UPFC_tse,5-15,-2.1204477225754177,33,-2.1889909910378806,WLS,25,0.06854326846246295
0,x_tcsc,1-14,-0.10714865147726643,34,-0.10712355401333491,WLS,25,2.5097463931519903e-05
1,B_svc,2,0.1748711450252532,34,0.17518321676031778,WLS,25,0.00031207173506458963
2,UPFC_Vsh,5-15,1.111800069686625,34,1.1060979056896427,WLS,25,0.005702163996982312
3,UPFC_tsh,5-15,-0.23416301954986998,34,-0.23431126976982974,WLS,25,0.0001482502199597613
4,UPFC_Vse,5-15,0.05938153140680358,34,0.06352137262246502,WLS,25,0.004139841215661438
5,UPFC_tse,5-15,-2.1229917533257985,34,-2.1889909910378806,WLS,25,0.06599923771208216
0,x_tcsc,1-14,-0.10712664646507992,35,-0.10712355401333491,WLS,25,3.0924517450126032e-06
1,B_svc,2,0.17485328927280958,35,0.17518321676031778,WLS,25,0.0003299274875082081
2,UPFC_Vsh,5-15,1.1118794542725208,35,1.1060979056896427,WLS,25,0.005781548582878049
3,UPFC_tsh,5-15,-0.23412922395965133,35,-0.23431126976982974,WLS,25,0.00018204581017841615
4,UPFC_Vse,5-15,0.05938321336969965,35,0.06352137262246502,WLS,25,0.0041381592527653666
5,UPFC_tse,5-15,-2.1205079619368896,35,-2.1889909910378806,WLS,25,0.06848302910099102
0,x_tcsc,1-14,-0.10713967321534798,36,-0.10712355401333491,WLS,25,1.6119202013067935e-05
1,B_svc,2,0.17490257522564112,36,0.17518321676031778,WLS,25,0.0002806415346766622
2,UPFC_Vsh,5-15,1.111832176430089,36,1.1060979056896427,WLS,25,0.00573427074044619
3,UPFC_tsh,5-15,-0.23408750044689286,36,-0.23431126976982974,WLS,25,0.00022376932293688423
4,UPFC_Vse,5-15,0.0592607057757697,36,0.06352137262246502,WLS,25,0.004260666846695314
5,UPFC_tse,5-15,-2.124665483220956,36,-2.1889909910378806,WLS,25,0.0643255078169247
0,x_tcsc,1-14,-0.10712817933601314,37,-0.10712355401333491,WLS,25,4.625322678225574e-06
1,B_svc,2,0.1753232453062349,37,0.17518321676031778,WLS,25,0.00014002854591710356
2,UPFC_Vsh,5-15,1.1117495476020138,37,1.1060979056896427,WLS,25,0.005651641912371108
3,UPFC_tsh,5-15,-0.23413679188177872,37,-0.23431126976982974,WLS,25,0.00017447788805102782
4,UPFC_Vse,5-15,0.05949938694053012,37,0.06352137262246502,WLS,25,0.004021985681934896
5,UPFC_tse,5-15,-2.1235762479103895,37,-2.1889909910378806,WLS,25,0.06541474312749118
0,x_tcsc,1-14,-0.10715115140963524,38,-0.10712355401333491,WLS,25,2.759739630033009e-05
1,B_svc,2,0.17507623840962205,38,0.17518321676031778,WLS,25,0.00010697835069573003
2,UPFC_Vsh,5-15,1.1118503146780059,38,1.1060979056896427,WLS,25,0.005752408988363156
3,UPFC_tsh,5-15,-0.2341207038014758,38,-0.23431126976982974,WLS,25,0.00019056596835395623
4,UPFC_Vse,5-15,0.058999954185506145,38,0.06352137262246502,WLS,25,0.004521418436958871
5,UPFC_tse,5-15,-2.1245994625201976,38,-2.1889909910378806,WLS,25,0.06439152851768304
0,x_tcsc,1-14,-0.10712879574161382,39,-0.10712355401333491,WLS,25,5.24172827891245e-06
1,B_svc,2,0.17505938685983696,39,0.17518321676031778,WLS,25,0.00012382990048082076
2,UPFC_Vsh,5-15,1.1116407285327048,39,1.1060979056896427,WLS,25,0.005542822843062067
3,UPFC_tsh,5-15,-0.23409033181066188,39,-0.23431126976982974,WLS,25,0.00022093795916786063
4,UPFC_Vse,5-15,0.05869233060969134,39,0.06352137262246502,WLS,25,0.004829042012773677
5,UPFC_tse,5-15,-2.1237838098469393,39,-2.1889909910378806,WLS,25,0.06520718119094138
0,x_tcsc,1-14,-0.1071317693680166,40,-0.10712355401333491,WLS,25,8.215354681692655e-06
1,B_svc,2,0.17558750202349963,40,0.17518321676031778,WLS,25,0.00040428526318184166
2,UPFC_Vsh,5-15,1.1115730550933158,40,1.1060979056896427,WLS,25,0.005475149403673107
3,UPFC_tsh,5-15,-0.23412329334194448,40,-0.23431126976982974,WLS,25,0.00018797642788526137
4,UPFC_Vse,5-15,0.0593268319185807,40,0.06352137262246502,WLS,25,0.0041945407038843155
5,UPFC_tse,5-15,-2.124789139547081,40,-2.1889909910378806,WLS,25,0.06420185149079982
0,x_tcsc,1-14,-0.10714338486593783,41,-0.10712355401333491,WLS,25,1.983085260291728e-05
1,B_svc,2,0.1749495555211309,41,0.17518321676031778,WLS,25,0.00023366123918688864
2,UPFC_Vsh,5-15,1.1115421960114873,41,1.1060979056896427,WLS,25,0.005444290321844569
3,UPFC_tsh,5-15,-0.23413551419348586,41,-0.23431126976982974,WLS,25,0.00017575557634388894
4,UPFC_Vse,5-15,0.059036834585222735,41,0.06352137262246502,WLS,25,0.004484538037242282
5,UPFC_tse,5-15,-2.121803853593137,41,-2.1889909910378806,WLS,25,0.0671871374447437
0,x_tcsc,1-14,-0.10714181653845826,42,-0.10712355401333491,WLS,25,1.826252512335258e-05
1,B_svc,2,0.17522855699919662,42,0.17518321676031778,WLS,25,4.53402388788382e-05
2,UPFC_Vsh,5-15,1.1115153522140226,42,1.1060979056896427,WLS,25,0.005417446524379921
3,UPFC_tsh,5-15,-0.23418327842831746,42,-0.23431126976982974,WLS,25,0.00012799134151228464
4,UPFC_Vse,5-15,0.059283019684742116,42,0.06352137262246502,WLS,25,0.0042383529377229
5,UPFC_tse,5-15,-2.1270128071495322,42,-2.1889909910378806,WLS,25,0.061978183888348415
0,x_tcsc,1-14,-0.1071364455947156,43,-0.10712355401333491,WLS,25,1.2891581380694572e-05
1,B_svc,2,0.17489059381906208,43,0.17518321676031778,WLS,25,0.00029262294125570465
2,UPFC_Vsh,5-15,1.1118481484250298,43,1.1060979056896427,WLS,25,0.0057502427353870456
3,UPFC_tsh,5-15,-0.2341226010075127,43,-0.23431126976982974,WLS,25,0.00018866876231704577
4,UPFC_Vse,5-15,0.05912209282688884,43,0.06352137262246502,WLS,25,0.004399279795576173
5,UPFC_tse,5-15,-2.1206609960192337,43,-2.1889909910378806,WLS,25,0.0683299950186469
0,x_tcsc,1-14,-0.10715553272497308,44,-0.10712355401333491,WLS,25,3.197871163816701e-05
1,B_svc,2,0.17507463509443855,44,0.17518321676031778,WLS,25,0.00010858166587923712
2,UPFC_Vsh,5-15,1.1114081062693335,44,1.1060979056896427,WLS,25,0.0053102005796907825
3,UPFC_tsh,5-15,-0.2341008722967826,44,-0.23431126976982974,WLS,25,0.00021039747304715806
4,UPFC_Vse,5-15,0.059784195355711583,44,0.06352137262246502,WLS,25,0.003737177266753433
5,UPFC_tse,5-15,-2.1167926671298254,44,-2.1889909910378806,WLS,25,0.07219832390805525
0,x_tcsc,1-14,-0.10712825924330027,45,-0.10712355401333491,WLS,25,4.705229965359936e-06
1,B_svc,2,0.17504119479200436,45,0.17518321676031778,WLS,25,0.00014202196831342162
2,UPFC_Vsh,5-15,1.1116897927233305,45,1.1060979056896427,WLS,25,0.005591887033687737
3,UPFC_tsh,5-15,-0.23415321314149404,45,-0.23431126976982974,WLS,25,0.00015805662833570655
4,UPFC_Vse,5-15,0.05930822221880895,45,0.06352137262246502,WLS,25,0.004213150403656066
5,UPFC_tse,5-15,-2.1195643007874594,45,-2.1889909910378806,WLS,25,0.06942669025042125
0,x_tcsc,1-14,-0.10713428689280823,46,-0.10712355401333491,WLS,25,1.0732879473313028e-05
1,B_svc,2,0.17522835400795056,46,0.17518321676031778,WLS,25,4.5137247632776045e-05
2,UPFC_Vsh,5-15,1.1117707633042087,46,1.1060979056896427,WLS,25,0.005672857614565929
3,UPFC_tsh,5-15,-0.2341844693550015,46,-0.23431126976982974,WLS,25,0.00012680041482823756
4,UPFC_Vse,5-15,0.058877519244632255,46,0.06352137262246502,WLS,25,0.0046438533778327615
5,UPFC_tse,5-15,-2.120885147417561,46,-2.1889909910378806,WLS,25,0.06810584362031946
0,x_tcsc,1-14,-0.10715562723061951,47,-0.10712355401333491,WLS,25,3.207321728460055e-05
1,B_svc,2,0.17496761037184685,47,0.17518321676031778,WLS,25,0.00021560638847092917
2,UPFC_Vsh,5-15,1.1117443372871405,47,1.1060979056896427,WLS,25,0.005646431597497781
3,UPFC_tsh,5-15,-0.23410871954415882,47,-0.23431126976982974,WLS,25,0.00020255022567092218
4,UPFC_Vse,5-15,0.05953208783705822,47,0.06352137262246502,WLS,25,0.003989284785406798
5,UPFC_tse,5-15,-2.123840608777024,47,-2.1889909910378806,WLS,25,0.06515038226085679
0,x_tcsc,1-14,-0.1071548404032366,48,-0.10712355401333491,WLS,25,3.128638990168575e-05
1,B_svc,2,0.17544957204972556,48,0.17518321676031778,WLS,25,0.0002663552894077714
2,UPFC_Vsh,5-15,1.1119313588539574,48,1.1060979056896427,WLS,25,0.005833453164314717
3,UPFC_tsh,5-15,-0.2341020638082972,48,-0.23431126976982974,WLS,25,0.00020920596153253812
4,UPFC_Vse,5-15,0.05915157152014003,48,0.06352137262246502,WLS,25,0.004369801102324988
5,UPFC_tse,5-15,-2.123026550665558,48,-2.1889909910378806,WLS,25,0.06596444037232274
0,x_tcsc,1-14,-0.1071489009836722,49,-0.10712355401333491,WLS,25,2.5346970337292163e-05
1,B_svc,2,0.1749819063351613,49,0.17518321676031778,WLS,25,0.00020131042515647568
2,UPFC_Vsh,5-15,1.111689785951631,49,1.1060979056896427,WLS,25,0.0055918802619883134
3,UPFC_tsh,5-15,-0.23410442168624762,49,-0.23431126976982974,WLS,25,0.00020684808358212292
4,UPFC_Vse,5-15,0.05919131617148392,49,0.06352137262246502,WLS,25,0.0043300564509810985
5,UPFC_tse,5-15,-2.12191556047402,49,-2.1889909910378806,WLS,25,0.06707543056386056
0,x_tcsc,1-14,-0.10715205378506998,50,-0.10712355401333491,WLS,25,2.8499771735066015e-05
1,B_svc,2,0.17474475623734412,50,0.17518321676031778,WLS,25,0.000438460522973666
2,UPFC_Vsh,5-15,1.1117234697533718,50,1.1060979056896427,WLS,25,0.005625564063729049
3,UPFC_tsh,5-15,-0.23411593162237918,50,-0.23431126976982974,WLS,25,0.00019533814745056888
4,UPFC_Vse,5-15,0.059214350485886816,50,0.06352137262246502,WLS,25,0.004307022136578201
5,UPFC_tse,5-15,-2.1227523278698497,50,-2.1889909910378806,WLS,25,0.06623866316803095
0,x_tcsc,1-14,-0.1071247058817261,51,-0.10712355401333491,WLS,25,1.1518683911831973e-06
1,B_svc,2,0.17543221589296668,51,0.17518321676031778,WLS,25,0.0002489991326488916
2,UPFC_Vsh,5-15,1.1116473932925137,51,1.1060979056896427,WLS,25,0.005549487602870995
3,UPFC_tsh,5-15,-0.23406666359690428,51,-0.23431126976982974,WLS,25,0.00024460617292546005
4,UPFC_Vse,5-15,0.059216943999195346,51,0.06352137262246502,WLS,25,0.004304428623269671
5,UPFC_tse,5-15,-2.12307201194028,51,-2.1889909910378806,WLS,25,0.0659189790976007
0,x_tcsc,1-14,-0.1071288687792148,52,-0.10712355401333491,WLS,25,5.314765879893546e-06
1,B_svc,2,0.17530965589033842,52,0.17518321676031778,WLS,25,0.0001264391300206391
2,UPFC_Vsh,5-15,1.1115015836730855,52,1.1060979056896427,WLS,25,0.005403677983442767
3,UPFC_tsh,5-15,-0.23421601157402885,52,-0.23431126976982974,WLS,25,9.525819580089023e-05
4,UPFC_Vse,5-15,0.059240529736433366,52,0.06352137262246502,WLS,25,0.004280842886031651
5,UPFC_tse,5-15,-2.1210646000837987,52,-2.1889909910378806,WLS,25,0.06792639095408193
0,x_tcsc,1-14,-0.10714762324609842,53,-0.10712355401333491,WLS,25,2.4069232763504478e-05
1,B_svc,2,0.17484799789996538,53,0.17518321676031778,WLS,25,0.0003352188603523987
2,UPFC_Vsh,5-15,1.1114381294675049,53,1.1060979056896427,WLS,25,0.005340223777862141
3,UPFC_tsh,5-15,-0.23418895017199737,53,-0.23431126976982974,WLS,25,0.00012231959783237656
4,UPFC_Vse,5-15,0.05894770236033846,53,0.06352137262246502,WLS,25,0.0045736702621265585
5,UPFC_tse,5-15,-2.1250416443559192,53,-2.1889909910378806,WLS,25,0.0639493466819614
0,x_tcsc,1-14,-0.10713091007403831,54,-0.10712355401333491,WLS,25,7.356060703400669e-06
1,B_svc,2,0.1757294816052234,54,0.17518321676031778,WLS,25,0.0005462648449056084
2,UPFC_Vsh,5-15,1.1117138407544798,54,1.1060979056896427,WLS,25,0.005615935064837041
3,UPFC_tsh,5-15,-0.23415693108135988,54,-0.23431126976982974,WLS,25,0.0001543386884698683
4,UPFC_Vse,5-15,0.058952293961064293,54,0.06352137262246502,WLS,25,0.004569078661400723
5,UPFC_tse,5-15,-2.1235060366881977,54,-2.1889909910378806,WLS,25,0.06548495434968293
0,x_tcsc,1-14,-0.1071397905201004,55,-0.10712355401333491,WLS,25,1.6236506765493486e-05
1,B_svc,2,0.17498143251105117,55,0.17518321676031778,WLS,25,0.00020178424926661775
2,UPFC_Vsh,5-15,1.1117951840174303,55,1.1060979056896427,WLS,25,0.005697278327787547
3,UPFC_tsh,5-15,-0.23414113346779888,55,-0.23431126976982974,WLS,25,0.00017013630203085994
4,UPFC_Vse,5-15,0.05960792669336416,55,0.06352137262246502,WLS,25,0.003913445929100853
5,UPFC_tse,5-15,-2.1207801780403446,55,-2.1889909910378806,WLS,25,0.06821081299753606
0,x_tcsc,1-14,-0.10713541167246421,56,-0.10712355401333491,WLS,25,1.1857659129296816e-05
1,B_svc,2,0.1754966747963652,56,0.17518321676031778,WLS,25,0.00031345803604740374
2,UPFC_Vsh,5-15,1.111653329494055,56,1.1060979056896427,WLS,25,0.005555423804412207
3,UPFC_tsh,5-15,-0.2341681430025978,56,-0.23431126976982974,WLS,25,0.00014312676723193807
4,UPFC_Vse,5-15,0.05909502352983541,56,0.06352137262246502,WLS,25,0.004426349092629608
5,UPFC_tse,5-15,-2.12043435893948,56,-2.1889909910378806,WLS,25,0.0685566320984008
0,x_tcsc,1-14,-0.10712595859372583,57,-0.10712355401333491,WLS,25,2.4045803909134023e-06
1,B_svc,2,0.17477513384745513,57,0.17518321676031778,WLS,25,0.00040808291286265064
2,UPFC_Vsh,5-15,1.1115992673540906,57,1.1060979056896427,WLS,25,0.0055013616644479235
3,UPFC_tsh,5-15,-0.23414039089641756,57,-0.23431126976982974,WLS,25,0.0001708788734121891
4,UPFC_Vse,5-15,0.059453370573079124,57,0.06352137262246502,WLS,25,0.004068002049385892
5,UPFC_tse,5-15,-2.1219786629545365,57,-2.1889909910378806,WLS,25,0.06701232808334412
0,x_tcsc,1-14,-0.10714486684502389,58,-0.10712355401333491,WLS,25,2.131283168897713e-05
1,B_svc,2,0.17502770526723024,58,0.17518321676031778,WLS,25,0.0001555114930875401
2,UPFC_Vsh,5-15,1.111831361740286,58,1.1060979056896427,WLS,25,0.0057334560506432375
3,UPFC_tsh,5-15,-0.23405760580652224,58,-0.23431126976982974,WLS,25,0.0002536639633075044
4,UPFC_Vse,5-15,0.05866175627268524,58,0.06352137262246502,WLS,25,0.004859616349779779
5,UPFC_tse,5-15,-2.1237189543464767,58,-2.1889909910378806,WLS,25,0.06527203669140391
0,x_tcsc,1-14,-0.10714012045685942,59,-0.10712355401333491,WLS,25,1.6566443524504426e-05
1,B_svc,2,0.17503790650566944,59,0.17518321676031778,WLS,25,0.0001453102546483398
2,UPFC_Vsh,5-15,1.1117922593653273,59,1.1060979056896427,WLS,25,0.005694353675684605
3,UPFC_tsh,5-15,-0.23415194125690908,59,-0.23431126976982974,WLS,25,0.00015932851292066452
4,UPFC_Vse,5-15,0.05939599594693692,59,0.06352137262246502,WLS,25,0.004125376675528099
5,UPFC_tse,5-15,-2.1197557164927887,59,-2.1889909910378806,WLS,25,0.06923527454509193
0,x_tcsc,1-14,-0.10713326493775899,60,-0.10712355401333491,WLS,25,9.710924424075063e-06
1,B_svc,2,0.1751870571752094,60,0.17518321676031778,WLS,25,3.8404148916260095e-06
2,UPFC_Vsh,5-15,1.1116930269953893,60,1.1060979056896427,WLS,25,0.005595121305746575
3,UPFC_tsh,5-15,-0.23412676309041236,60,-0.23431126976982974,WLS,25,0.0001845066794173844
4,UPFC_Vse,5-15,0.05941107746737667,60,0.06352137262246502,WLS,25,0.004110295155088345
5,UPFC_tse,5-15,-2.120421372524294,60,-2.1889909910378806,WLS,25,0.06856961851358667
0,x_tcsc,1-14,-0.10714478965461229,61,-0.10712355401333491,WLS,25,2.1235641277372874e-05
1,B_svc,2,0.17469725342364734,61,0.17518321676031778,WLS,25,0.00048596333667044744
2,UPFC_Vsh,5-15,1.1120547856759437,61,1.1060979056896427,WLS,25,0.005956879986301011
3,UPFC_tsh,5-15,-0.23410491211286663,61,-0.23431126976982974,WLS,25,0.00020635765696311315
4,UPFC_Vse,5-15,0.05957227698318751,61,0.06352137262246502,WLS,25,0.003949095639277506
5,UPFC_tse,5-15,-2.122809210199422,61,-2.1889909910378806,WLS,25,0.0661817808384586
0,x_tcsc,1-14,-0.1071364337284874,62,-0.10712355401333491,WLS,25,1.2879715152486204e-05
1,B_svc,2,0.17523315409595253,62,0.17518321676031778,WLS,25,4.993733563474212e-05
2,UPFC_Vsh,5-15,1.1115361043341632,62,1.1060979056896427,WLS,25,0.005438198644520442
3,UPFC_tsh,5-15,-0.2341605828145919,62,-0.23431126976982974,WLS,25,0.00015068695523784426
4,UPFC_Vse,5-15,0.05947754135788214,62,0.06352137262246502,WLS,25,0.004043831264582874
5,UPFC_tse,5-15,-2.1231044092140836,62,-2.1889909910378806,WLS,25,0.06588658182379703
0,x_tcsc,1-14,-0.1071242283358455,63,-0.10712355401333491,WLS,25,6.743225105937389e-07
1,B_svc,2,0.17520229602084939,63,0.17518321676031778,WLS,25,1.9079260531601472e-05
2,UPFC_Vsh,5-15,1.1116584298589383,63,1.1060979056896427,WLS,25,0.005560524169295533
3,UPFC_tsh,5-15,-0.23419373960169867,63,-0.23431126976982974,WLS,25,0.0001175301681310692
4,UPFC_Vse,5-15,0.05930596572933904,63,0.06352137262246502,WLS,25,0.004215406893125974
5,UPFC_tse,5-15,-2.1236881463732447,63,-2.1889909910378806,WLS,25,0.06530284466463598
0,x_tcsc,1-14,-0.10714928821889495,64,-0.10712355401333491,WLS,25,2.573420556004069e-05
1,B_svc,2,0.17522342329535057,64,0.17518321676031778,WLS,25,4.020653503278293e-05
2,UPFC_Vsh,5-15,1.1117963747114588,64,1.1060979056896427,WLS,25,0.005698469021816033
3,UPFC_tsh,5-15,-0.23413920490948678,64,-0.23431126976982974,WLS,25,0.0001720648603429631
4,UPFC_Vse,5-15,0.05955154320177253,64,0.06352137262246502,WLS,25,0.003969829420692489
5,UPFC_tse,5-15,-2.1254948446932143,64,-2.1889909910378806,WLS,25,0.06349614634466638
0,x_tcsc,1-14,-0.10712344220651626,65,-0.10712355401333491,WLS,25,1.1180681865063935e-07
1,B_svc,2,0.17499369012471086,65,0.17518321676031778,WLS,25,0.00018952663560692362
2,UPFC_Vsh,5-15,1.111694942324082,65,1.1060979056896427,WLS,25,0.005597036634439334
3,UPFC_tsh,5-15,-0.234132955144911,65,-0.23431126976982974,WLS,25,0.00017831462491874062
4,UPFC_Vse,5-15,0.05923380117936079,65,0.06352137262246502,WLS,25,0.004287571443104224
5,UPFC_tse,5-15,-2.12067068446818,65,-2.1889909910378806,WLS,25,0.06832030656970067
0,x_tcsc,1-14,-0.10714344069677618,66,-0.10712355401333491,WLS,25,1.9886683441272535e-05
1,B_svc,2,0.17526521425568814,66,0.17518321676031778,WLS,25,8.199749537035617e-05
2,UPFC_Vsh,5-15,1.1116330649309376,66,1.1060979056896427,WLS,25,0.005535159241294885
3,UPFC_tsh,5-15,-0.2342033758928127,66,-0.23431126976982974,WLS,25,0.00010789387701704012
4,UPFC_Vse,5-15,0.05974375151193054,66,0.06352137262246502,WLS,25,0.0037776211105344792
5,UPFC_tse,5-15,-2.1210678283506996,66,-2.1889909910378806,WLS,25,0.06792316268718102
0,x_tcsc,1-14,-0.10714230243132701,67,-0.10712355401333491,WLS,25,1.8748417992098254e-05
1,B_svc,2,0.17476023538250546,67,0.17518321676031778,WLS,25,0.0004229813778123259
2,UPFC_Vsh,5-15,1.1119114232169607,67,1.1060979056896427,WLS,25,0.005813517527317957
3,UPFC_tsh,5-15,-0.2341810774017438,67,-0.23431126976982974,WLS,25,0.0001301923680859518
4,UPFC_Vse,5-15,0.059228653204050255,67,0.06352137262246502,WLS,25,0.004292719418414762
5,UPFC_tse,5-15,-2.124070529169975,67,-2.1889909910378806,WLS,25,0.06492046186790557
0,x_tcsc,1-14,-0.10714212010748059,68,-0.10712355401333491,WLS,25,1.8566094145675005e-05
1,B_svc,2,0.17516167356827328,68,0.17518321676031778,WLS,25,2.1543192044504167e-05
2,UPFC_Vsh,5-15,1.111817494170797,68,1.1060979056896427,WLS,25,0.005719588481154281
3,UPFC_tsh,5-15,-0.2341277380283718,68,-0.23431126976982974,WLS,25,0.00018353174145793738
4,UPFC_Vse,5-15,0.059426826913336436,68,0.06352137262246502,WLS,25,0.00409454570912858
5,UPFC_tse,5-15,-2.121664082411605,68,-2.1889909910378806,WLS,25,0.06732690862627555
0,x_tcsc,1-14,-0.1071338230851225,69,-0.10712355401333491,WLS,25,1.0269071787583073e-05
1,B_svc,2,0.17537725881929078,69,0.17518321676031778,WLS,25,0.00019404205897299853
2,UPFC_Vsh,5-15,1.1120650676721675,69,1.1060979056896427,WLS,25,0.005967161982524782
3,UPFC_tsh,5-15,-0.23403828332566418,69,-0.23431126976982974,WLS,25,0.0002729864441655683
4,UPFC_Vse,5-15,0.05900750687856438,69,0.06352137262246502,WLS,25,0.004513865743900634
5,UPFC_tse,5-15,-2.1217196097761444,69,-2.1889909910378806,WLS,25,0.06727138126173626
0,x_tcsc,1-14,-0.10714171081125162,70,-0.10712355401333491,WLS,25,1.815679791671021e-05
1,B_svc,2,0.17472674383456493,70,0.17518321676031778,WLS,25,0.0004564729257528488
2,UPFC_Vsh,5-15,1.1114361749302366,70,1.1060979056896427,WLS,25,0.005338269240593885
3,UPFC_tsh,5-15,-0.23414552156921842,70,-0.23431126976982974,WLS,25,0.00016574820061132645
4,UPFC_Vse,5-15,0.05939745954981292,70,0.06352137262246502,WLS,25,0.0041239130726520995
5,UPFC_tse,5-15,-2.121111019765931,70,-2.1889909910378806,WLS,25,0.06787997127194956
0,x_tcsc,1-14,-0.10713992907050457,71,-0.10712355401333491,WLS,25,1.6375057169656926e-05
1,B_svc,2,0.174916328174053,71,0.17518321676031778,WLS,25,0.0002668885862647796
2,UPFC_Vsh,5-15,1.1118060998528472,71,1.1060979056896427,WLS,25,0.00570819416320445
3,UPFC_tsh,5-15,-0.23415170249877196,71,-0.23431126976982974,WLS,25,0.00015956727105778667
4,UPFC_Vse,5-15,0.05947844816648375,71,0.06352137262246502,WLS,25,0.00404292445598127
5,UPFC_tse,5-15,-2.1224731086178186,71,-2.1889909910378806,WLS,25,0.06651788242006207
0,x_tcsc,1-14,-0.10713588080523379,72,-0.10712355401333491,WLS,25,1.2326791898872869e-05
1,B_svc,2,0.1754421148812135,72,0.17518321676031778,WLS,25,0.0002588981208957175
2,UPFC_Vsh,5-15,1.1117488167317293,72,1.1060979056896427,WLS,25,0.005650911042086593
3,UPFC_tsh,5-15,-0.234089507530825,72,-0.23431126976982974,WLS,25,0.0002217622390047469
4,UPFC_Vse,5-15,0.058924813244398876,72,0.06352137262246502,WLS,25,0.004596559378066141
5,UPFC_tse,5-15,-2.1230981839719347,72,-2.1889909910378806,WLS,25,0.06589280706594591
0,x_tcsc,1-14,-0.10713774676708668,73,-0.10712355401333491,WLS,25,1.4192753751765541e-05
1,B_svc,2,0.17510675911896317,73,0.17518321676031778,WLS,25,7.64576413546103e-05
2,UPFC_Vsh,5-15,1.1117926118187096,73,1.1060979056896427,WLS,25,0.005694706129066862
3,UPFC_tsh,5-15,-0.23415422857305004,73,-0.23431126976982974,WLS,25,0.0001570411967797003
4,UPFC_Vse,5-15,0.05908892110689059,73,0.06352137262246502,WLS,25,0.004432451515574427
5,UPFC_tse,5-15,-2.1246894063543857,73,-2.1889909910378806,WLS,25,0.0643015846834949
0,x_tcsc,1-14,-0.10713452163540453,74,-0.10712355401333491,WLS,25,1.0967622069618654e-05
1,B_svc,2,0.17517005857217013,74,0.17518321676031778,WLS,25,1.3158188147649463e-05
2,UPFC_Vsh,5-15,1.1120244618636481,74,1.1060979056896427,WLS,25,0.005926556174005393
3,UPFC_tsh,5-15,-0.23410156436255528,74,-0.23431126976982974,WLS,25,0.00020970540727446862
4,UPFC_Vse,5-15,0.059296724262212205,74,0.06352137262246502,WLS,25,0.004224648360252811
5,UPFC_tse,5-15,-2.1216100298231506,74,-2.1889909910378806,WLS,25,0.06738096121473003
0,x_tcsc,1-14,-0.10713088875884123,75,-0.10712355401333491,WLS,25,7.334745506321072e-06
1,B_svc,2,0.17493408448443362,75,0.17518321676031778,WLS,25,0.00024913227588416187
2,UPFC_Vsh,5-15,1.1117632512595004,75,1.1060979056896427,WLS,25,0.005665345569857649
3,UPFC_tsh,5-15,-0.2341885727587791,75,-0.23431126976982974,WLS,25,0.00012269701105063757
4,UPFC_Vse,5-15,0.059292602760299754,75,0.06352137262246502,WLS,25,0.004228769862165263
5,UPFC_tse,5-15,-2.120778070095371,75,-2.1889909910378806,WLS,25,0.06821292094250975
0,x_tcsc,1-14,-0.10714044629223916,76,-0.10712355401333491,WLS,25,1.689227890425138e-05
1,B_svc,2,0.1754249095447735,76,0.17518321676031778,WLS,25,0.0002416927844557104
2,UPFC_Vsh,5-15,1.1120394766084323,76,1.1060979056896427,WLS,25,0.005941570918789552
3,UPFC_tsh,5-15,-0.2340532063629212,76,-0.23431126976982974,WLS,25,0.00025806340690853746
4,UPFC_Vse,5-15,0.059349500139035366,76,0.06352137262246502,WLS,25,0.0041718724834296506
5,UPFC_tse,5-15,-2.122412128305663,76,-2.1889909910378806,WLS,25,0.06657886273221747
0,x_tcsc,1-14,-0.10714224681914133,77,-0.10712355401333491,WLS,25,1.8692805806422297e-05
1,B_svc,2,0.1752178525939745,77,0.17518321676031778,WLS,25,3.463583365670431e-05
2,UPFC_Vsh,5-15,1.1112500958562714,77,1.1060979056896427,WLS,25,0.005152190166628712
3,UPFC_tsh,5-15,-0.2341618599233772,77,-0.23431126976982974,WLS,25,0.0001494098464525362
4,UPFC_Vse,5-15,0.05937483701970155,77,0.06352137262246502,WLS,25,0.004146535602763464
5,UPFC_tse,5-15,-2.1198806056676185,77,-2.1889909910378806,WLS,25,0.06911038537026215
0,x_tcsc,1-14,-0.10714632944949966,78,-0.10712355401333491,WLS,25,2.2775436164745866e-05
1,B_svc,2,0.17486870341647293,78,0.17518321676031778,WLS,25,0.00031451334384485774
2,UPFC_Vsh,5-15,1.1116539630851905,78,1.1060979056896427,WLS,25,0.005556057395547764
3,UPFC_tsh,5-15,-0.2341373885834936,78,-0.23431126976982974,WLS,25,0.00017388118633615557
4,UPFC_Vse,5-15,0.059383397289184334,78,0.06352137262246502,WLS,25,0.004137975333280683
5,UPFC_tse,5-15,-2.1230156751808305,78,-2.1889909910378806,WLS,25,0.06597531585705019
0,x_tcsc,1-14,-0.10715047859929648,79,-0.10712355401333491,WLS,25,2.6924585961568548e-05
1,B_svc,2,0.17511206882741634,79,0.17518321676031778,WLS,25,7.114793290144417e-05
2,UPFC_Vsh,5-15,1.1116599721338123,79,1.1060979056896427,WLS,25,0.005562066444169567
3,UPFC_tsh,5-15,-0.23418566093028073,79,-0.23431126976982974,WLS,25,0.00012560883954901292
4,UPFC_Vse,5-15,0.05910152050139318,79,0.06352137262246502,WLS,25,0.004419852121071835
5,UPFC_tse,5-15,-2.121665269791535,79,-2.1889909910378806,WLS,25,0.06732572124634562
0,x_tcsc,1-14,-0.10712740731673093,80,-0.10712355401333491,WLS,25,3.853303396014751e-06
1,B_svc,2,0.17509893071697846,80,0.17518321676031778,WLS,25,8.42860433393211e-05
2,UPFC_Vsh,5-15,1.1116957009904767,80,1.1060979056896427,WLS,25,0.00559779530083393
3,UPFC_tsh,5-15,-0.23419868845244227,80,-0.23431126976982974,WLS,25,0.0001125813173874779
4,UPFC_Vse,5-15,0.05944775309592525,80,0.06352137262246502,WLS,25,0.004073619526539764
5,UPFC_tse,5-15,-2.123188070681712,80,-2.1889909910378806,WLS,25,0.06580292035616875
0,x_tcsc,1-14,-0.10714089886798722,81,-0.10712355401333491,WLS,25,1.7344854652309727e-05
1,B_svc,2,0.17495959040252204,81,0.17518321676031778,WLS,25,0.00022362635779574203
2,UPFC_Vsh,5-15,1.1117160302949152,81,1.1060979056896427,WLS,25,0.005618124605272445
3,UPFC_tsh,5-15,-0.23416761013885348,81,-0.23431126976982974,WLS,25,0.00014365963097626167
4,UPFC_Vse,5-15,0.058770074366516135,81,0.06352137262246502,WLS,25,0.004751298255948881
5,UPFC_tse,5-15,-2.123967943981545,81,-2.1889909910378806,WLS,25,0.06502304705633577
0,x_tcsc,1-14,-0.10712821608532805,82,-0.10712355401333491,WLS,25,4.662071993136174e-06
1,B_svc,2,0.17504582250258496,82,0.17518321676031778,WLS,25,0.0001373942577328202
2,UPFC_Vsh,5-15,1.1116922233750053,82,1.1060979056896427,WLS,25,0.00559431768536256
3,UPFC_tsh,5-15,-0.23417743085737824,82,-0.23431126976982974,WLS,25,0.00013383891245150048
4,UPFC_Vse,5-15,0.059204977400653884,82,0.06352137262246502,WLS,25,0.004316395221811133
5,UPFC_tse,5-15,-2.1185334034345447,82,-2.1889909910378806,WLS,25,0.07045758760333598
0,x_tcsc,1-14,-0.10713274894697004,83,-0.10712355401333491,WLS,25,9.194933635131575e-06
1,B_svc,2,0.17549135669446836,83,0.17518321676031778,WLS,25,0.0003081399341505753
2,UPFC_Vsh,5-15,1.1116074723014902,83,1.1060979056896427,WLS,25,0.005509566611847427
3,UPFC_tsh,5-15,-0.23407899656796521,83,-0.23431126976982974,WLS,25,0.00023227320186453015
4,UPFC_Vse,5-15,0.059357086645339986,83,0.06352137262246502,WLS,25,0.00416428597712503
5,UPFC_tse,5-15,-2.1222595263691613,83,-2.1889909910378806,WLS,25,0.06673146466871938
0,x_tcsc,1-14,-0.10712543873296125,84,-0.10712355401333491,WLS,25,1.8847196263382937e-06
1,B_svc,2,0.1751942063705356,84,0.17518321676031778,WLS,25,1.0989610217809753e-05
2,UPFC_Vsh,5-15,1.111888032129708,84,1.1060979056896427,WLS,25,0.0057901264400652686
3,UPFC_tsh,5-15,-0.23416211446799495,84,-0.23431126976982974,WLS,25,0.0001491553018347913
4,UPFC_Vse,5-15,0.05963264456882805,84,0.06352137262246502,WLS,25,0.003888728053636964
5,UPFC_tse,5-15,-2.1234055159092553,84,-2.1889909910378806,WLS,25,0.06558547512862534
0,x_tcsc,1-14,-0.10715500849579455,85,-0.10712355401333491,WLS,25,3.1454482459641886e-05
1,B_svc,2,0.1748631361648022,85,0.17518321676031778,WLS,25,0.00032008059551558166
2,UPFC_Vsh,5-15,1.1118971460860543,85,1.1060979056896427,WLS,25,0.0057992403964115535
3,UPFC_tsh,5-15,-0.23407143476118267,85,-0.23431126976982974,WLS,25,0.00023983500864707685
4,UPFC_Vse,5-15,0.059245735532241973,85,0.06352137262246502,WLS,25,0.004275637090223043
5,UPFC_tse,5-15,-2.1227318805535957,85,-2.1889909910378806,WLS,25,0.0662591104842849
0,x_tcsc,1-14,-0.10713641828185529,86,-0.10712355401333491,WLS,25,1.2864268520373923e-05
1,B_svc,2,0.17500246594533192,86,0.17518321676031778,WLS,25,0.00018075081498586387
2,UPFC_Vsh,5-15,1.111742465815639,86,1.1060979056896427,WLS,25,0.005644560125996234
3,UPFC_tsh,5-15,-0.23409246104920622,86,-0.23431126976982974,WLS,25,0.00021880872062352008
4,UPFC_Vse,5-15,0.05942056862085686,86,0.06352137262246502,WLS,25,0.004100804001608158
5,UPFC_tse,5-15,-2.1226623385857186,86,-2.1889909910378806,WLS,25,0.06632865245216202
0,x_tcsc,1-14,-0.10713853310295593,87,-0.10712355401333491,WLS,25,1.4979089621017239e-05
1,B_svc,2,0.17512602392247056,87,0.17518321676031778,WLS,25,5.7192837847219735e-05
2,UPFC_Vsh,5-15,1.111520344176382,87,1.1060979056896427,WLS,25,0.005422438486739178
3,UPFC_tsh,5-15,-0.2341218374471292,87,-0.23431126976982974,WLS,25,0.0001894323227005501
4,UPFC_Vse,5-15,0.058927324882697495,87,0.06352137262246502,WLS,25,0.004594047739767522
5,UPFC_tse,5-15,-2.1221373870721343,87,-2.1889909910378806,WLS,25,0.06685360396574636
0,x_tcsc,1-14,-0.10715252121964745,88,-0.10712355401333491,WLS,25,2.8967206312541238e-05
1,B_svc,2,0.17572822514044234,88,0.17518321676031778,WLS,25,0.0005450083801245564
2,UPFC_Vsh,5-15,1.1114614402094545,88,1.1060979056896427,WLS,25,0.005363534519811752
3,UPFC_tsh,5-15,-0.2341604366991982,88,-0.23431126976982974,WLS,25,0.00015083307063154527
4,UPFC_Vse,5-15,0.05911859794314271,88,0.06352137262246502,WLS,25,0.004402774679322305
5,UPFC_tse,5-15,-2.120836787600391,88,-2.1889909910378806,WLS,25,0.06815420343748979
0,x_tcsc,1-14,-0.10714401464287902,89,-0.10712355401333491,WLS,25,2.046062954411121e-05
1,B_svc,2,0.17498273310876386,89,0.17518321676031778,WLS,25,0.00020048365155392323
2,UPFC_Vsh,5-15,1.1118386786904788,89,1.1060979056896427,WLS,25,0.005740773000836086
3,UPFC_tsh,5-15,-0.23412468349157464,89,-0.23431126976982974,WLS,25,0.000186586278255102
4,UPFC_Vse,5-15,0.05907460249774358,89,0.06352137262246502,WLS,25,0.004446770124721437
5,UPFC_tse,5-15,-2.1222537709692255,89,-2.1889909910378806,WLS,25,0.06673722006865512
0,x_tcsc,1-14,-0.1071344949088112,90,-0.10712355401333491,WLS,25,1.094089547629129e-05
1,B_svc,2,0.1747728403562814,90,0.17518321676031778,WLS,25,0.00041037640403637776
2,UPFC_Vsh,5-15,1.1116016522505563,90,1.1060979056896427,WLS,25,0.005503746560913569
3,UPFC_tsh,5-15,-0.2341720440286524,90,-0.23431126976982974,WLS,25,0.00013922574117733455
4,UPFC_Vse,5-15,0.05948410666974903,90,0.06352137262246502,WLS,25,0.004037265952715988
5,UPFC_tse,5-15,-2.119002502479858,90,-2.1889909910378806,WLS,25,0.06998848855802242
0,x_tcsc,1-14,-0.10714149477921985,91,-0.10712355401333491,WLS,25,1.7940765884932874e-05
1,B_svc,2,0.17513668949149788,91,0.17518321676031778,WLS,25,4.6527268819901435e-05
2,UPFC_Vsh,5-15,1.1116537991109607,91,1.1060979056896427,WLS,25,0.0055558934213180144
3,UPFC_tsh,5-15,-0.23413364758247812,91,-0.23431126976982974,WLS,25,0.0001776221873516226
4,UPFC_Vse,5-15,0.059129331515626535,91,0.06352137262246502,WLS,25,0.004392041106838482
5,UPFC_tse,5-15,-2.125318754828196,91,-2.1889909910378806,WLS,25,0.06367223620968465
0,x_tcsc,1-14,-0.10712396955298716,92,-0.10712355401333491,WLS,25,4.155396522431687e-07
1,B_svc,2,0.1749254530114897,92,0.17518321676031778,WLS,25,0.00025776374882807707
2,UPFC_Vsh,5-15,1.111537252140164,92,1.1060979056896427,WLS,25,0.005439346450521354
3,UPFC_tsh,5-15,-0.23412577405557902,92,-0.23431126976982974,WLS,25,0.00018549571425072187
4,UPFC_Vse,5-15,0.0598319336598522,92,0.06352137262246502,WLS,25,0.003689438962612819
5,UPFC_tse,5-15,-2.1221846986628026,92,-2.1889909910378806,WLS,25,0.06680629237507807
0,x_tcsc,1-14,-0.1071341650559965,93,-0.10712355401333491,WLS,25,1.0611042661590186e-05
1,B_svc,2,0.17481976663071971,93,0.17518321676031778,WLS,25,0.00036345012959806966
2,UPFC_Vsh,5-15,1.1118936663177479,93,1.1060979056896427,WLS,25,0.005795760628105162
3,UPFC_tsh,5-15,-0.23415104048351562,93,-0.23431126976982974,WLS,25,0.00016022928631412303
4,UPFC_Vse,5-15,0.05984901530018599,93,0.06352137262246502,WLS,25,0.003672357322279024
5,UPFC_tse,5-15,-2.1204069047484997,93,-2.1889909910378806,WLS,25,0.06858408628938095
0,x_tcsc,1-14,-0.1071370537427041,94,-0.10712355401333491,WLS,25,1.3499729369190194e-05
1,B_svc,2,0.17461184280436728,94,0.17518321676031778,WLS,25,0.0005713739559504993
2,UPFC_Vsh,5-15,1.1117185072525775,94,1.1060979056896427,WLS,25,0.005620601562934757
3,UPFC_tsh,5-15,-0.2341045565233877,94,-0.23431126976982974,WLS,25,0.0002067132464420307
4,UPFC_Vse,5-15,0.05880788446177422,94,0.06352137262246502,WLS,25,0.004713488160690796
5,UPFC_tse,5-15,-2.122010005221325,94,-2.1889909910378806,WLS,25,0.06698098581655554
0,x_tcsc,1-14,-0.10713328857738864,95,-0.10712355401333491,WLS,25,9.734564053731631e-06
1,B_svc,2,0.17502281532685335,95,0.17518321676031778,WLS,25,0.00016040143346443547
2,UPFC_Vsh,5-15,1.1119264111604443,95,1.1060979056896427,WLS,25,0.005828505470801604
3,UPFC_tsh,5-15,-0.23412031953947615,95,-0.23431126976982974,WLS,25,0.0001909502303535926
4,UPFC_Vse,5-15,0.05977774797787039,95,0.06352137262246502,WLS,25,0.0037436246445946286
5,UPFC_tse,5-15,-2.121621101518755,95,-2.1889909910378806,WLS,25,0.0673698895191257
0,x_tcsc,1-14,-0.10714010261023403,96,-0.10712355401333491,WLS,25,1.6548596899118584e-05
1,B_svc,2,0.1745978982490802,96,0.17518321676031778,WLS,25,0.0005853185112375814
2,UPFC_Vsh,5-15,1.1115498737405607,96,1.1060979056896427,WLS,25,0.005451968050917966
3,UPFC_tsh,5-15,-0.23415488407596238,96,-0.23431126976982974,WLS,25,0.00015638569386736134
4,UPFC_Vse,5-15,0.05880348000363668,96,0.06352137262246502,WLS,25,0.004717892618828337
5,UPFC_tse,5-15,-2.1229062112473898,96,-2.1889909910378806,WLS,25,0.06608477979049088
0,x_tcsc,1-14,-0.1071407638592204,97,-0.10712355401333491,WLS,25,1.7209845885490793e-05
1,B_svc,2,0.1753214005022746,97,0.17518321676031778,WLS,25,0.0001381837419568155
2,UPFC_Vsh,5-15,1.1118851939998138,97,1.1060979056896427,WLS,25,0.005787288310171057
3,UPFC_tsh,5-15,-0.23409921824562896,97,-0.23431126976982974,WLS,25,0.00021205152420078477
4,UPFC_Vse,5-15,0.05946256847244715,97,0.06352137262246502,WLS,25,0.004058804150017865
5,UPFC_tse,5-15,-2.120722232684834,97,-2.1889909910378806,WLS,25,0.0682687583530468
0,x_tcsc,1-14,-0.10713029981368058,98,-0.10712355401333491,WLS,25,6.7458003456671856e-06
1,B_svc,2,0.17505662223795376,98,0.17518321676031778,WLS,25,0.0001265945223640208
2,UPFC_Vsh,5-15,1.1117380376902513,98,1.1060979056896427,WLS,25,0.005640132000608533
3,UPFC_tsh,5-15,-0.23411081134280268,98,-0.23431126976982974,WLS,25,0.00020045842702706707
4,UPFC_Vse,5-15,0.059247476791815516,98,0.06352137262246502,WLS,25,0.0042738958306495
5,UPFC_tse,5-15,-2.121233471620164,98,-2.1889909910378806,WLS,25,0.06775751941771668
0,x_tcsc,1-14,-0.107148278821373,99,-0.10712355401333491,WLS,25,2.4724808038084634e-05
1,B_svc,2,0.17533041494790738,99,0.17518321676031778,WLS,25,0.0001471981875895978
2,UPFC_Vsh,5-15,1.1118368965384717,99,1.1060979056896427,WLS,25,0.0057389908488290065
3,UPFC_tsh,5-15,-0.23416397932359212,99,-0.23431126976982974,WLS,25,0.00014729044623762455
4,UPFC_Vse,5-15,0.059757338901451594,99,0.06352137262246502,WLS,25,0.0037640337210134225
5,UPFC_tse,5-15,-2.125172996500486,99,-2.1889909910378806,WLS,25,0.06381799453739445
0,x_tcsc,1-14,-0.10317402455710306,0,-0.10313647098139568,WLS,27,3.755357570738027e-05
1,B_svc,2,0.16936936953856893,0,0.17010786747234868,WLS,27,0.0007384979337797526
2,UPFC_Vsh,5-15,1.1116127756038516,0,1.1079187611445198,WLS,27,0.003694014459331818
3,UPFC_tsh,5-15,-0.23821932619116157,0,-0.2383354064631268,WLS,27,0.00011608027196521875
4,UPFC_Vse,5-15,0.058929627422172774,0,0.06342614165105752,WLS,27,0.0044965142288847446
5,UPFC_tse,5-15,-2.1240460323573283,0,-2.1915440342773853,WLS,27,0.06749800192005706
0,x_tcsc,1-14,-0.10318670619551781,1,-0.10313647098139568,WLS,27,5.023521412213239e-05
1,B_svc,2,0.16997156204603864,1,0.17010786747234868,WLS,27,0.00013630542631004605
2,UPFC_Vsh,5-15,1.1114797609190932,1,1.1079187611445198,WLS,27,0.003560999774573359
3,UPFC_tsh,5-15,-0.238196065241169,1,-0.2383354064631268,WLS,27,0.00013934122195777277
4,UPFC_Vse,5-15,0.05907559514026807,1,0.06342614165105752,WLS,27,0.004350546510789449
5,UPFC_tse,5-15,-2.1235192142832364,1,-2.1915440342773853,WLS,27,0.06802481999414889
0,x_tcsc,1-14,-0.10320558744086261,2,-0.10313647098139568,WLS,27,6.911645946693079e-05
1,B_svc,2,0.1698900279656646,2,0.17010786747234868,WLS,27,0.00021783950668408103
2,UPFC_Vsh,5-15,1.1114922374149192,2,1.1079187611445198,WLS,27,0.0035734762703993894
3,UPFC_tsh,5-15,-0.2382997542707094,2,-0.2383354064631268,WLS,27,3.565219241738471e-05
4,UPFC_Vse,5-15,0.05948114810227408,2,0.06342614165105752,WLS,27,0.003944993548783436
5,UPFC_tse,5-15,-2.125736524222234,2,-2.1915440342773853,WLS,27,0.0658075100551514
0,x_tcsc,1-14,-0.10319749550218006,3,-0.10313647098139568,WLS,27,6.10245207843807e-05
1,B_svc,2,0.16900842297964064,3,0.17010786747234868,WLS,27,0.001099444492708046
2,UPFC_Vsh,5-15,1.111555898258281,3,1.1079187611445198,WLS,27,0.003637137113761124
3,UPFC_tsh,5-15,-0.23821256640642705,3,-0.2383354064631268,WLS,27,0.00012284005669974118
4,UPFC_Vse,5-15,0.05922339884183194,3,0.06342614165105752,WLS,27,0.004202742809225578
5,UPFC_tse,5-15,-2.125622475874045,3,-2.1915440342773853,WLS,27,0.06592155840334035
0,x_tcsc,1-14,-0.10319748717270334,4,-0.10313647098139568,WLS,27,6.101619130766123e-05
1,B_svc,2,0.17002350113534673,4,0.17010786747234868,WLS,27,8.43663370019565e-05
2,UPFC_Vsh,5-15,1.1112938947603495,4,1.1079187611445198,WLS,27,0.0033751336158296397
3,UPFC_tsh,5-15,-0.2382529737946259,4,-0.2383354064631268,WLS,27,8.243266850088693e-05
4,UPFC_Vse,5-15,0.05929253593414642,4,0.06342614165105752,WLS,27,0.0041336057169110985
5,UPFC_tse,5-15,-2.1259400881177535,4,-2.1915440342773853,WLS,27,0.06560394615963183
0,x_tcsc,1-14,-0.10319088212138569,5,-0.10313647098139568,WLS,27,5.4411139990009905e-05
1,B_svc,2,0.16979004669278214,5,0.17010786747234868,WLS,27,0.00031782077956654664
2,UPFC_Vsh,5-15,1.1116603305323876,5,1.1079187611445198,WLS,27,0.003741569387867738
3,UPFC_tsh,5-15,-0.23825338680066774,5,-0.2383354064631268,WLS,27,8.201966245904857e-05
4,UPFC_Vse,5-15,0.05931519909627004,5,0.06342614165105752,WLS,27,0.004110942554787479
5,UPFC_tse,5-15,-2.1246730445884485,5,-2.1915440342773853,WLS,27,0.06687098968893679
0,x_tcsc,1-14,-0.10319184450847364,6,-0.10313647098139568,WLS,27,5.537352707796206e-05
1,B_svc,2,0.16955612954444296,6,0.17010786747234868,WLS,27,0.0005517379279057211
2,UPFC_Vsh,5-15,1.1117081993630848,6,1.1079187611445198,WLS,27,0.0037894382185650333
3,UPFC_tsh,5-15,-0.23818929527536126,6,-0.2383354064631268,WLS,27,0.00014611118776552967
4,UPFC_Vse,5-15,0.05932474658587733,6,0.06342614165105752,WLS,27,0.004101395065180188
5,UPFC_tse,5-15,-2.1267749821992417,6,-2.1915440342773853,WLS,27,0.06476905207814365
0,x_tcsc,1-14,-0.10320521889242365,7,-0.10313647098139568,WLS,27,6.874791102796929e-05
1,B_svc,2,0.16998560145568006,7,0.17010786747234868,WLS,27,0.0001222660166686207
2,UPFC_Vsh,5-15,1.111512082811678,7,1.1079187611445198,WLS,27,0.0035933216671582002
3,UPFC_tsh,5-15,-0.23822434308198984,7,-0.2383354064631268,WLS,27,0.00011106338113694991
4,UPFC_Vse,5-15,0.058745083720083885,7,0.06342614165105752,WLS,27,0.004681057930973634
5,UPFC_tse,5-15,-2.1242877059774257,7,-2.1915440342773853,WLS,27,0.06725632829995964
0,x_tcsc,1-14,-0.10320250706262987,8,-0.10313647098139568,WLS,27,6.603608123419147e-05
1,B_svc,2,0.16968279331825478,8,0.17010786747234868,WLS,27,0.0004250741540939018
2,UPFC_Vsh,5-15,1.111833016360441,8,1.1079187611445198,WLS,27,0.0039142552159212585
3,UPFC_tsh,5-15,-0.23817902851110898,8,-0.2383354064631268,WLS,27,0.00015637795201781102
4,UPFC_Vse,5-15,0.059182665644017744,8,0.06342614165105752,WLS,27,0.0042434760070397745
5,UPFC_tse,5-15,-2.1247670214061403,8,-2.1915440342773853,WLS,27,0.06677701287124505
0,x_tcsc,1-14,-0.10319143637110287,9,-0.10313647098139568,WLS,27,5.496538970718723e-05
1,B_svc,2,0.16973067746372342,9,0.17010786747234868,WLS,27,0.00037719000862526664
2,UPFC_Vsh,5-15,1.1115057980888012,9,1.1079187611445198,WLS,27,0.0035870369442814187
3,UPFC_tsh,5-15,-0.23826128825488965,9,-0.2383354064631268,WLS,27,7.411820823713389e-05
4,UPFC_Vse,5-15,0.059455290308367874,9,0.06342614165105752,WLS,27,0.003970851342689645
5,UPFC_tse,5-15,-2.1244254390924224,9,-2.1915440342773853,WLS,27,0.06711859518496288
0,x_tcsc,1-14,-0.10318603304390114,10,-0.10313647098139568,WLS,27,4.9562062505462134e-05
1,B_svc,2,0.16959725877728918,10,0.17010786747234868,WLS,27,0.0005106086950595057
2,UPFC_Vsh,5-15,1.1113218138246714,10,1.1079187611445198,WLS,27,0.003403052680151619
3,UPFC_tsh,5-15,-0.23817879182665494,10,-0.2383354064631268,WLS,27,0.0001566146364718468
4,UPFC_Vse,5-15,0.058611178597152314,10,0.06342614165105752,WLS,27,0.004814963053905205
5,UPFC_tse,5-15,-2.1236528158038435,10,-2.1915440342773853,WLS,27,0.06789121847354185
0,x_tcsc,1-14,-0.10319245913508061,11,-0.10313647098139568,WLS,27,5.5988153684932707e-05
1,B_svc,2,0.1697638918151054,11,0.17010786747234868,WLS,27,0.00034397565724328394
2,UPFC_Vsh,5-15,1.1114316565072184,11,1.1079187611445198,WLS,27,0.0035128953626986092
3,UPFC_tsh,5-15,-0.2381885899259513,11,-0.2383354064631268,WLS,27,0.0001468165371754926
4,UPFC_Vse,5-15,0.058652027423042805,11,0.06342614165105752,WLS,27,0.004774114228014714
5,UPFC_tse,5-15,-2.1243181368715804,11,-2.1915440342773853,WLS,27,0.06722589740580487
0,x_tcsc,1-14,-0.10319232766311365,12,-0.10313647098139568,WLS,27,5.585668171796676e-05
1,B_svc,2,0.16960596438002948,12,0.17010786747234868,WLS,27,0.0005019030923192058
2,UPFC_Vsh,5-15,1.1114543851525944,12,1.1079187611445198,WLS,27,0.0035356240080746115
3,UPFC_tsh,5-15,-0.23821994440940433,12,-0.2383354064631268,WLS,27,0.00011546205372245377
4,UPFC_Vse,5-15,0.05926906164041685,12,0.06342614165105752,WLS,27,0.004157080010640669
5,UPFC_tse,5-15,-2.123373216000114,12,-2.1915440342773853,WLS,27,0.06817081827727112
0,x_tcsc,1-14,-0.1032024702647732,13,-0.10313647098139568,WLS,27,6.599928337751304e-05
1,B_svc,2,0.1695486369482956,13,0.17010786747234868,WLS,27,0.0005592305240530726
2,UPFC_Vsh,5-15,1.1113918108175662,13,1.1079187611445198,WLS,27,0.0034730496730464022
3,UPFC_tsh,5-15,-0.23822515163670796,13,-0.2383354064631268,WLS,27,0.00011025482641882633
4,UPFC_Vse,5-15,0.05880323442970021,13,0.06342614165105752,WLS,27,0.00462290722135731
5,UPFC_tse,5-15,-2.1238191732813005,13,-2.1915440342773853,WLS,27,0.06772486099608477
0,x_tcsc,1-14,-0.10320861365203576,14,-0.10313647098139568,WLS,27,7.21426706400824e-05
1,B_svc,2,0.1694945563280887,14,0.17010786747234868,WLS,27,0.0006133111442599704
2,UPFC_Vsh,5-15,1.1118347234539374,14,1.1079187611445198,WLS,27,0.003915962309417598
3,UPFC_tsh,5-15,-0.23820758800450764,14,-0.2383354064631268,WLS,27,0.00012781845861914443
4,UPFC_Vse,5-15,0.059050703694227616,14,0.06342614165105752,WLS,27,0.004375437956829903
5,UPFC_tse,5-15,-2.1246265770043586,14,-2.1915440342773853,WLS,27,0.06691745727302667
0,x_tcsc,1-14,-0.10319386264851388,15,-0.10313647098139568,WLS,27,5.7391667118197875e-05
1,B_svc,2,0.16925309512646952,15,0.17010786747234868,WLS,27,0.0008547723458791623
2,UPFC_Vsh,5-15,1.1114496980265198,15,1.1079187611445198,WLS,27,0.003530936882000013
3,UPFC_tsh,5-15,-0.2381691384632553,15,-0.2383354064631268,WLS,27,0.00016626799987148888
4,UPFC_Vse,5-15,0.05921912437437072,15,0.06342614165105752,WLS,27,0.004207017276686799
5,UPFC_tse,5-15,-2.122506843829459,15,-2.1915440342773853,WLS,27,0.06903719044792611
0,x_tcsc,1-14,-0.1031904953400401,16,-0.10313647098139568,WLS,27,5.402435864441946e-05
1,B_svc,2,0.16946158131219646,16,0.17010786747234868,WLS,27,0.0006462861601522207
2,UPFC_Vsh,5-15,1.111306052217766,16,1.1079187611445198,WLS,27,0.0033872910732462014
3,UPFC_tsh,5-15,-0.2381862129312545,16,-0.2383354064631268,WLS,27,0.00014919353187228812
4,UPFC_Vse,5-15,0.059315905707567396,16,0.06342614165105752,WLS,27,0.004110235943490123
5,UPFC_tse,5-15,-2.1206422668126996,16,-2.1915440342773853,WLS,27,0.07090176746468568
0,x_tcsc,1-14,-0.1031942460590927,17,-0.10313647098139568,WLS,27,5.777507769702539e-05
1,B_svc,2,0.16965929128555168,17,0.17010786747234868,WLS,27,0.0004485761867970006
2,UPFC_Vsh,5-15,1.1115970664573425,17,1.1079187611445198,WLS,27,0.0036783053128226495
3,UPFC_tsh,5-15,-0.2383102636374182,17,-0.2383354064631268,WLS,27,2.514282570859061e-05
4,UPFC_Vse,5-15,0.059003729356507606,17,0.06342614165105752,WLS,27,0.004422412294549913
5,UPFC_tse,5-15,-2.1285491172521156,17,-2.1915440342773853,WLS,27,0.06299491702526971
0,x_tcsc,1-14,-0.10319739491560576,18,-0.10313647098139568,WLS,27,6.0923934210074804e-05
1,B_svc,2,0.16944116744282572,18,0.17010786747234868,WLS,27,0.0006667000295229597
2,UPFC_Vsh,5-15,1.1117173010684256,18,1.1079187611445198,WLS,27,0.003798539923905775
3,UPFC_tsh,5-15,-0.23828114588189858,18,-0.2383354064631268,WLS,27,5.4260581228204874e-05
4,UPFC_Vse,5-15,0.059641581323839815,18,0.06342614165105752,WLS,27,0.0037845603272177036
5,UPFC_tse,5-15,-2.124243809296378,18,-2.1915440342773853,WLS,27,0.06730022498100752
0,x_tcsc,1-14,-0.10319978483140414,19,-0.10313647098139568,WLS,27,6.331385000846179e-05
1,B_svc,2,0.17005990318799719,19,0.17010786747234868,WLS,27,4.796428435149824e-05
2,UPFC_Vsh,5-15,1.1112028109333776,19,1.1079187611445198,WLS,27,0.003284049788857768
3,UPFC_tsh,5-15,-0.23825651649395863,19,-0.2383354064631268,WLS,27,7.888996916816104e-05
4,UPFC_Vse,5-15,0.059080389115455774,19,0.06342614165105752,WLS,27,0.004345752535601745
5,UPFC_tse,5-15,-2.1256595457920513,19,-2.1915440342773853,WLS,27,0.06588448848533401
0,x_tcsc,1-14,-0.10320772269098055,20,-0.10313647098139568,WLS,27,7.125170958487137e-05
1,B_svc,2,0.16939455361429476,20,0.17010786747234868,WLS,27,0.0007133138580539267
2,UPFC_Vsh,5-15,1.1113213692803932,20,1.1079187611445198,WLS,27,0.0034026081358733418
3,UPFC_tsh,5-15,-0.23826758808192777,20,-0.2383354064631268,WLS,27,6.781838119901407e-05
4,UPFC_Vse,5-15,0.05920205884522448,20,0.06342614165105752,WLS,27,0.004224082805833036
5,UPFC_tse,5-15,-2.1259956105743067,20,-2.1915440342773853,WLS,27,0.06554842370307856
0,x_tcsc,1-14,-0.10319121537946027,21,-0.10313647098139568,WLS,27,5.474439806459064e-05
1,B_svc,2,0.1700676833237326,21,0.17010786747234868,WLS,27,4.018414861609032e-05
2,UPFC_Vsh,5-15,1.1113850112332315,21,1.1079187611445198,WLS,27,0.0034662500887117087
3,UPFC_tsh,5-15,-0.23823263997772123,21,-0.2383354064631268,WLS,27,0.00010276648540555322
4,UPFC_Vse,5-15,0.05981402206114178,21,0.06342614165105752,WLS,27,0.0036121195899157382
5,UPFC_tse,5-15,-2.123240553687153,21,-2.1915440342773853,WLS,27,0.06830348059023228
0,x_tcsc,1-14,-0.1031915053464857,22,-0.10313647098139568,WLS,27,5.503436509002313e-05
1,B_svc,2,0.17014743154471437,22,0.17010786747234868,WLS,27,3.956407236568871e-05
2,UPFC_Vsh,5-15,1.1115064286667993,22,1.1079187611445198,WLS,27,0.0035876675222794585
3,UPFC_tsh,5-15,-0.23822563287025258,22,-0.2383354064631268,WLS,27,0.00010977359287420163
4,UPFC_Vse,5-15,0.0593987996515483,22,0.06342614165105752,WLS,27,0.004027341999509222
5,UPFC_tse,5-15,-2.121680835340153,22,-2.1915440342773853,WLS,27,0.06986319893723225
0,x_tcsc,1-14,-0.10319574196521017,23,-0.10313647098139568,WLS,27,5.9270983814488365e-05
1,B_svc,2,0.16972354965703582,23,0.17010786747234868,WLS,27,0.0003843178153128679
2,UPFC_Vsh,5-15,1.1116552665415107,23,1.1079187611445198,WLS,27,0.0037365053969908857
3,UPFC_tsh,5-15,-0.238214297310479,23,-0.2383354064631268,WLS,27,0.00012110915264779143
4,UPFC_Vse,5-15,0.05941559870146531,23,0.06342614165105752,WLS,27,0.004010542949592209
5,UPFC_tse,5-15,-2.1227889416061863,23,-2.1915440342773853,WLS,27,0.06875509267119906
0,x_tcsc,1-14,-0.10319749018325684,24,-0.10313647098139568,WLS,27,6.1019201861162164e-05
1,B_svc,2,0.1694467402760732,24,0.17010786747234868,WLS,27,0.0006611271962754794
2,UPFC_Vsh,5-15,1.1117888977454664,24,1.1079187611445198,WLS,27,0.0038701366009465943
3,UPFC_tsh,5-15,-0.2381671643988619,24,-0.2383354064631268,WLS,27,0.00016824206426488408
4,UPFC_Vse,5-15,0.058840801519115325,24,0.06342614165105752,WLS,27,0.0045853401319421935
5,UPFC_tse,5-15,-2.1263714960994284,24,-2.1915440342773853,WLS,27,0.06517253817795687
0,x_tcsc,1-14,-0.10320217845057558,25,-0.10313647098139568,WLS,27,6.570746917990145e-05
1,B_svc,2,0.1699257664641863,25,0.17010786747234868,WLS,27,0.0001821010081623775
2,UPFC_Vsh,5-15,1.111215558153514,25,1.1079187611445198,WLS,27,0.0032967970089941012
3,UPFC_tsh,5-15,-0.23823978579649982,25,-0.2383354064631268,WLS,27,9.562066662696656e-05
4,UPFC_Vse,5-15,0.058856439271141966,25,0.06342614165105752,WLS,27,0.004569702379915552
5,UPFC_tse,5-15,-2.1220552600146183,25,-2.1915440342773853,WLS,27,0.069488774262767
0,x_tcsc,1-14,-0.10319866754457754,26,-0.10313647098139568,WLS,27,6.219656318186273e-05
1,B_svc,2,0.17012164857083703,26,0.17010786747234868,WLS,27,1.3781098488346855e-05
2,UPFC_Vsh,5-15,1.1112732888952281,26,1.1079187611445198,WLS,27,0.003354527750708325
3,UPFC_tsh,5-15,-0.23817612970329893,26,-0.2383354064631268,WLS,27,0.00015927675982785328
4,UPFC_Vse,5-15,0.059082718725663494,26,0.06342614165105752,WLS,27,0.004343422925394025
5,UPFC_tse,5-15,-2.1222885276984704,26,-2.1915440342773853,WLS,27,0.06925550657891488
0,x_tcsc,1-14,-0.10320536147846722,27,-0.10313647098139568,WLS,27,6.889049707153871e-05
1,B_svc,2,0.16945619162709666,27,0.17010786747234868,WLS,27,0.0006516758452520255
2,UPFC_Vsh,5-15,1.111712288244259,27,1.1079187611445198,WLS,27,0.0037935270997391246
3,UPFC_tsh,5-15,-0.23819849950900127,27,-0.2383354064631268,WLS,27,0.00013690695412552079
4,UPFC_Vse,5-15,0.05901867179611045,27,0.06342614165105752,WLS,27,0.004407469854947069
5,UPFC_tse,5-15,-2.1269582597202876,27,-2.1915440342773853,WLS,27,0.06458577455709769
0,x_tcsc,1-14,-0.10319747346913424,28,-0.10313647098139568,WLS,27,6.1002487738562317e-05
1,B_svc,2,0.16998067572974357,28,0.17010786747234868,WLS,27,0.000127191742605115
2,UPFC_Vsh,5-15,1.1119011660274307,28,1.1079187611445198,WLS,27,0.003982404882910906
3,UPFC_tsh,5-15,-0.2382612725169427,28,-0.2383354064631268,WLS,27,7.413394618407954e-05
4,UPFC_Vse,5-15,0.059614937185390925,28,0.06342614165105752,WLS,27,0.003811204465666594
5,UPFC_tse,5-15,-2.1240180462910283,28,-2.1915440342773853,WLS,27,0.067525987986357
0,x_tcsc,1-14,-0.10319592873209571,29,-0.10313647098139568,WLS,27,5.945775070002879e-05
1,B_svc,2,0.17022244767496333,29,0.17010786747234868,WLS,27,0.0001145802026146503
2,UPFC_Vsh,5-15,1.1114577881596563,29,1.1079187611445198,WLS,27,0.003539027015136531
3,UPFC_tsh,5-15,-0.23827530907628539,29,-0.2383354064631268,WLS,27,6.00973868414012e-05
4,UPFC_Vse,5-15,0.05966366755375995,29,0.06342614165105752,WLS,27,0.0037624740972975676
5,UPFC_tse,5-15,-2.124532860756934,29,-2.1915440342773853,WLS,27,0.06701117352045127
0,x_tcsc,1-14,-0.10319666454451787,30,-0.10313647098139568,WLS,27,6.019356312218782e-05
1,B_svc,2,0.16987553131367417,30,0.17010786747234868,WLS,27,0.00023233615867451762
2,UPFC_Vsh,5-15,1.1118398429641174,30,1.1079187611445198,WLS,27,0.003921081819597605
3,UPFC_tsh,5-15,-0.23819401792944342,30,-0.2383354064631268,WLS,27,0.00014138853368336757
4,UPFC_Vse,5-15,0.05982254461549098,30,0.06342614165105752,WLS,27,0.003603597035566536
5,UPFC_tse,5-15,-2.126464584728597,30,-2.1915440342773853,WLS,27,0.0650794495487883
0,x_tcsc,1-14,-0.10318828224510129,31,-0.10313647098139568,WLS,27,5.181126370561173e-05
1,B_svc,2,0.16984170984512958,31,0.17010786747234868,WLS,27,0.0002661576272190991
2,UPFC_Vsh,5-15,1.111537560486376,31,1.1079187611445198,WLS,27,0.0036187993418561604
3,UPFC_tsh,5-15,-0.23816705229248922,31,-0.2383354064631268,WLS,27,0.00016835417063756908
4,UPFC_Vse,5-15,0.05890895716328381,31,0.06342614165105752,WLS,27,0.004517184487773711
5,UPFC_tse,5-15,-2.1248512779168354,31,-2.1915440342773853,WLS,27,0.06669275636054994
0,x_tcsc,1-14,-0.10319089747640776,32,-0.10313647098139568,WLS,27,5.442649501208319e-05
1,B_svc,2,0.17016988624784032,32,0.17010786747234868,WLS,27,6.201877549164014e-05
2,UPFC_Vsh,5-15,1.1113627277709826,32,1.1079187611445198,WLS,27,0.0034439666264627355
3,UPFC_tsh,5-15,-0.23823548013375173,32,-0.2383354064631268,WLS,27,9.992632937505519e-05
4,UPFC_Vse,5-15,0.05878279917539995,32,0.06342614165105752,WLS,27,0.004643342475657571
5,UPFC_tse,5-15,-2.1282546322536495,32,-2.1915440342773853,WLS,27,0.06328940202373579
0,x_tcsc,1-14,-0.1032021069998223,33,-0.10313647098139568,WLS,27,6.563601842661526e-05
1,B_svc,2,0.16974917911310564,33,0.17010786747234868,WLS,27,0.00035868835924304787
2,UPFC_Vsh,5-15,1.111507046020927,33,1.1079187611445198,WLS,27,0.0035882848764072772
3,UPFC_tsh,5-15,-0.23824028469750144,33,-0.2383354064631268,WLS,27,9.512176562534447e-05
4,UPFC_Vse,5-15,0.058892440859821496,33,0.06342614165105752,WLS,27,0.004533700791236023
5,UPFC_tse,5-15,-2.1222367327521194,33,-2.1915440342773853,WLS,27,0.06930730152526587
0,x_tcsc,1-14,-0.10318307921282677,34,-0.10313647098139568,WLS,27,4.660823143108617e-05
1,B_svc,2,0.16957145961513317,34,0.17010786747234868,WLS,27,0.0005364078572155095
2,UPFC_Vsh,5-15,1.1115842231815265,34,1.1079187611445198,WLS,27,0.0036654620370066837
3,UPFC_tsh,5-15,-0.23821381566334893,34,-0.2383354064631268,WLS,27,0.0001215907997778598
4,UPFC_Vse,5-15,0.059199039180875046,34,0.06342614165105752,WLS,27,0.004227102470182473
5,UPFC_tse,5-15,-2.1249768792152244,34,-2.1915440342773853,WLS,27,0.06656715506216093
0,x_tcsc,1-14,-0.10319319722569043,35,-0.10313647098139568,WLS,27,5.6726244294744155e-05
1,B_svc,2,0.16952326864160633,35,0.17010786747234868,WLS,27,0.0005845988307423555
2,UPFC_Vsh,5-15,1.1117633584944768,35,1.1079187611445198,WLS,27,0.003844597349957013
3,UPFC_tsh,5-15,-0.23817264902182217,35,-0.2383354064631268,WLS,27,0.00016275744130461733
4,UPFC_Vse,5-15,0.059399850485943664,35,0.06342614165105752,WLS,27,0.004026291165113854
5,UPFC_tse,5-15,-2.1226937189636774,35,-2.1915440342773853,WLS,27,0.06885031531370789
0,x_tcsc,1-14,-0.10319045009412901,36,-0.10313647098139568,WLS,27,5.3979112733332224e-05
1,B_svc,2,0.1694521963863814,36,0.17010786747234868,WLS,27,0.0006556710859672854
2,UPFC_Vsh,5-15,1.1118370762510574,36,1.1079187611445198,WLS,27,0.003918315106537618
3,UPFC_tsh,5-15,-0.23815632840217782,36,-0.2383354064631268,WLS,27,0.00017907806094896728
4,UPFC_Vse,5-15,0.059140283932352,36,0.06342614165105752,WLS,27,0.004285857718705516
5,UPFC_tse,5-15,-2.1270291061801827,36,-2.1915440342773853,WLS,27,0.0645149280972026
0,x_tcsc,1-14,-0.10320780746811142,37,-0.10313647098139568,WLS,27,7.133648671574233e-05
1,B_svc,2,0.16995654078756542,37,0.17010786747234868,WLS,27,0.00015132668478326505
2,UPFC_Vsh,5-15,1.1117336331686651,37,1.1079187611445198,WLS,27,0.0038148720241453216
3,UPFC_tsh,5-15,-0.2382429549240989,37,-0.2383354064631268,WLS,27,9.245153902789904e-05
4,UPFC_Vse,5-15,0.05934185297329244,37,0.06342614165105752,WLS,27,0.004084288677765079
5,UPFC_tse,5-15,-2.125203366571585,37,-2.1915440342773853,WLS,27,0.06634066770580027
0,x_tcsc,1-14,-0.10318269677965876,38,-0.10313647098139568,WLS,27,4.62257982630776e-05
1,B_svc,2,0.1698516608047751,38,0.17010786747234868,WLS,27,0.00025620666757358856
2,UPFC_Vsh,5-15,1.1116933466973353,38,1.1079187611445198,WLS,27,0.0037745855528155126
3,UPFC_tsh,5-15,-0.23823216773491496,38,-0.2383354064631268,WLS,27,0.00010323872821182967
4,UPFC_Vse,5-15,0.05894556819969991,38,0.06342614165105752,WLS,27,0.004480573451357606
5,UPFC_tse,5-15,-2.126722437352441,38,-2.1915440342773853,WLS,27,0.06482159692494438
0,x_tcsc,1-14,-0.10318350090954784,39,-0.10313647098139568,WLS,27,4.702992815215634e-05
1,B_svc,2,0.1697602934894789,39,0.17010786747234868,WLS,27,0.0003475739828697755
2,UPFC_Vsh,5-15,1.1115689917476899,39,1.1079187611445198,WLS,27,0.003650230603170046
3,UPFC_tsh,5-15,-0.23821252345100677,39,-0.2383354064631268,WLS,27,0.0001228830121200175
4,UPFC_Vse,5-15,0.058559730720278036,39,0.06342614165105752,WLS,27,0.004866410930779483
5,UPFC_tse,5-15,-2.1257814957866032,39,-2.1915440342773853,WLS,27,0.06576253849078206
0,x_tcsc,1-14,-0.10319216985913912,40,-0.10313647098139568,WLS,27,5.569887774344029e-05
1,B_svc,2,0.17024908294188712,40,0.17010786747234868,WLS,27,0.000141215469538436
2,UPFC_Vsh,5-15,1.1115440312859848,40,1.1079187611445198,WLS,27,0.0036252701414649646
3,UPFC_tsh,5-15,-0.23823788310013214,40,-0.2383354064631268,WLS,27,9.752336299465036e-05
4,UPFC_Vse,5-15,0.05937767207069075,40,0.06342614165105752,WLS,27,0.0040484695803667675
5,UPFC_tse,5-15,-2.125941228195101,40,-2.1915440342773853,WLS,27,0.06560280608228419
0,x_tcsc,1-14,-0.10317355768487894,41,-0.10313647098139568,WLS,27,3.708670348326337e-05
1,B_svc,2,0.16956743503256747,41,0.17010786747234868,WLS,27,0.0005404324397812188
2,UPFC_Vsh,5-15,1.111487416793596,41,1.1079187611445198,WLS,27,0.003568655649076158
3,UPFC_tsh,5-15,-0.2382298070075256,41,-0.2383354064631268,WLS,27,0.00010559945560117967
4,UPFC_Vse,5-15,0.05890708535148439,41,0.06342614165105752,WLS,27,0.004519056299573131
5,UPFC_tse,5-15,-2.1235667897135326,41,-2.1915440342773853,WLS,27,0.06797724456385268
0,x_tcsc,1-14,-0.10320667994527734,42,-0.10313647098139568,WLS,27,7.02089638816572e-05
1,B_svc,2,0.16981570677377253,42,0.17010786747234868,WLS,27,0.0002921606985761549
2,UPFC_Vsh,5-15,1.1113957050344179,42,1.1079187611445198,WLS,27,0.0034769438898980543
3,UPFC_tsh,5-15,-0.2382532207805052,42,-0.2383354064631268,WLS,27,8.218568262158277e-05
4,UPFC_Vse,5-15,0.05906716964743093,42,0.06342614165105752,WLS,27,0.004358972003626588
5,UPFC_tse,5-15,-2.128974081245535,42,-2.1915440342773853,WLS,27,0.0625699530318502
0,x_tcsc,1-14,-0.10319236590902456,43,-0.10313647098139568,WLS,27,5.589492762887727e-05
1,B_svc,2,0.16961799870305505,43,0.17010786747234868,WLS,27,0.0004898687692936332
2,UPFC_Vsh,5-15,1.1116161166483012,43,1.1079187611445198,WLS,27,0.0036973555037813632
3,UPFC_tsh,5-15,-0.23819502825460848,43,-0.2383354064631268,WLS,27,0.0001403782085183103
4,UPFC_Vse,5-15,0.059207669083080956,43,0.06342614165105752,WLS,27,0.0042184725679765625
5,UPFC_tse,5-15,-2.122947920002694,43,-2.1915440342773853,WLS,27,0.06859611427469137
0,x_tcsc,1-14,-0.10319191318542227,44,-0.10313647098139568,WLS,27,5.544220402659006e-05
1,B_svc,2,0.16980402957502608,44,0.17010786747234868,WLS,27,0.00030383789732260635
2,UPFC_Vsh,5-15,1.1113907291985277,44,1.1079187611445198,WLS,27,0.0034719680540078457
3,UPFC_tsh,5-15,-0.23822867677414553,44,-0.2383354064631268,WLS,27,0.00010672968898126078
4,UPFC_Vse,5-15,0.05975339704499678,44,0.06342614165105752,WLS,27,0.003672744606060742
5,UPFC_tse,5-15,-2.1185204682800203,44,-2.1915440342773853,WLS,27,0.07302356599736504
0,x_tcsc,1-14,-0.10319540158150331,45,-0.10313647098139568,WLS,27,5.893060010762896e-05
1,B_svc,2,0.16969639458312227,45,0.17010786747234868,WLS,27,0.0004114728892264108
2,UPFC_Vsh,5-15,1.1117011493994842,45,1.1079187611445198,WLS,27,0.003782388254964353
3,UPFC_tsh,5-15,-0.23816132283203073,45,-0.2383354064631268,WLS,27,0.00017408363109605585
4,UPFC_Vse,5-15,0.059116948511209466,45,0.06342614165105752,WLS,27,0.004309193139848053
5,UPFC_tse,5-15,-2.1217105294590772,45,-2.1915440342773853,WLS,27,0.06983350481830808
0,x_tcsc,1-14,-0.10319593496500797,46,-0.10313647098139568,WLS,27,5.9463983612284554e-05
1,B_svc,2,0.1699539410390789,46,0.17010786747234868,WLS,27,0.00015392643326977984
2,UPFC_Vsh,5-15,1.1113027191423108,46,1.1079187611445198,WLS,27,0.0033839579977910095
3,UPFC_tsh,5-15,-0.23826907835726494,46,-0.2383354064631268,WLS,27,6.632810586185145e-05
4,UPFC_Vse,5-15,0.05885517911932642,46,0.06342614165105752,WLS,27,0.0045709625317311015
5,UPFC_tse,5-15,-2.123660006723976,46,-2.1915440342773853,WLS,27,0.06788402755340917
0,x_tcsc,1-14,-0.10320453522014907,47,-0.10313647098139568,WLS,27,6.806423875338474e-05
1,B_svc,2,0.1695825640734112,47,0.17010786747234868,WLS,27,0.0005253033989374711
2,UPFC_Vsh,5-15,1.1114975898511488,47,1.1079187611445198,WLS,27,0.003578828706628956
3,UPFC_tsh,5-15,-0.2382287744436655,47,-0.2383354064631268,WLS,27,0.00010663201946128908
4,UPFC_Vse,5-15,0.05951520403567996,47,0.06342614165105752,WLS,27,0.003910937615377558
5,UPFC_tse,5-15,-2.12550803481644,47,-2.1915440342773853,WLS,27,0.0660359994609454
0,x_tcsc,1-14,-0.10320032175079868,48,-0.10313647098139568,WLS,27,6.385076940300383e-05
1,B_svc,2,0.1701039058316655,48,0.17010786747234868,WLS,27,3.961640683197709e-06
2,UPFC_Vsh,5-15,1.1118775156022374,48,1.1079187611445198,WLS,27,0.003958754457717539
3,UPFC_tsh,5-15,-0.23817393886897997,48,-0.2383354064631268,WLS,27,0.00016146759414681355
4,UPFC_Vse,5-15,0.05903967977724428,48,0.06342614165105752,WLS,27,0.004386461873813238
5,UPFC_tse,5-15,-2.1251872266468443,48,-2.1915440342773853,WLS,27,0.06635680763054097
0,x_tcsc,1-14,-0.10319421093982668,49,-0.10313647098139568,WLS,27,5.7739958431002325e-05
1,B_svc,2,0.16964383710673087,49,0.17010786747234868,WLS,27,0.00046403036561781796
2,UPFC_Vsh,5-15,1.1119313397473518,49,1.1079187611445198,WLS,27,0.004012578602831995
3,UPFC_tsh,5-15,-0.23815200680718313,49,-0.2383354064631268,WLS,27,0.00018339965594366126
4,UPFC_Vse,5-15,0.05891333176583056,49,0.06342614165105752,WLS,27,0.004512809885226961
5,UPFC_tse,5-15,-2.1238219293038982,49,-2.1915440342773853,WLS,27,0.06772210497348707
0,x_tcsc,1-14,-0.10320002762541226,50,-0.10313647098139568,WLS,27,6.355664401658245e-05
1,B_svc,2,0.1694798378434914,50,0.17010786747234868,WLS,27,0.000628029628857274
2,UPFC_Vsh,5-15,1.111646557475069,50,1.1079187611445198,WLS,27,0.0037277963305490935
3,UPFC_tsh,5-15,-0.23819873711613726,50,-0.2383354064631268,WLS,27,0.00013666934698952637
4,UPFC_Vse,5-15,0.05908594260398385,50,0.06342614165105752,WLS,27,0.004340199047073667
5,UPFC_tse,5-15,-2.124166199769735,50,-2.1915440342773853,WLS,27,0.06737783450765011
0,x_tcsc,1-14,-0.10319510409779709,51,-0.10313647098139568,WLS,27,5.8633116401404783e-05
1,B_svc,2,0.1701139767692385,51,0.17010786747234868,WLS,27,6.109296889822424e-06
2,UPFC_Vsh,5-15,1.1115821787522144,51,1.1079187611445198,WLS,27,0.003663417607694619
3,UPFC_tsh,5-15,-0.2381425046781748,51,-0.2383354064631268,WLS,27,0.00019290178495198762
4,UPFC_Vse,5-15,0.059166340372577474,51,0.06342614165105752,WLS,27,0.004259801278480045
5,UPFC_tse,5-15,-2.1247585119423906,51,-2.1915440342773853,WLS,27,0.06678552233499468
0,x_tcsc,1-14,-0.1031936492204041,52,-0.10313647098139568,WLS,27,5.717823900841523e-05
1,B_svc,2,0.1700229266655607,52,0.17010786747234868,WLS,27,8.494080678797533e-05
2,UPFC_Vsh,5-15,1.1113556219176988,52,1.1079187611445198,WLS,27,0.0034368607731789513
3,UPFC_tsh,5-15,-0.23828034890251723,52,-0.2383354064631268,WLS,27,5.505756060955602e-05
4,UPFC_Vse,5-15,0.05905762249285623,52,0.06342614165105752,WLS,27,0.004368519158201287
5,UPFC_tse,5-15,-2.1237063799002005,52,-2.1915440342773853,WLS,27,0.06783765437718481
0,x_tcsc,1-14,-0.10318866056994237,53,-0.10313647098139568,WLS,27,5.2189588546691645e-05
1,B_svc,2,0.1694833217203995,53,0.17010786747234868,WLS,27,0.0006245457519491737
2,UPFC_Vsh,5-15,1.1113804692582676,53,1.1079187611445198,WLS,27,0.0034617081137477967
3,UPFC_tsh,5-15,-0.23822467418752646,53,-0.2383354064631268,WLS,27,0.00011073227560032262
4,UPFC_Vse,5-15,0.05880102003115065,53,0.06342614165105752,WLS,27,0.004625121619906872
5,UPFC_tse,5-15,-2.127103530609643,53,-2.1915440342773853,WLS,27,0.06444050366774245
0,x_tcsc,1-14,-0.10319195383542579,54,-0.10313647098139568,WLS,27,5.548285403010611e-05
1,B_svc,2,0.17031266808448986,54,0.17010786747234868,WLS,27,0.00020480061214117606
2,UPFC_Vsh,5-15,1.1116572807815968,54,1.1079187611445198,WLS,27,0.0037385196370769425
3,UPFC_tsh,5-15,-0.23826790810942253,54,-0.2383354064631268,WLS,27,6.74983537042595e-05
4,UPFC_Vse,5-15,0.058991049218449144,54,0.06342614165105752,WLS,27,0.004435092432608374
5,UPFC_tse,5-15,-2.1253333832094556,54,-2.1915440342773853,WLS,27,0.06621065106792967
0,x_tcsc,1-14,-0.10319165964060202,55,-0.10313647098139568,WLS,27,5.5188659206339974e-05
1,B_svc,2,0.1696377801904834,55,0.17010786747234868,WLS,27,0.00047008728186528903
2,UPFC_Vsh,5-15,1.1115825500301204,55,1.1079187611445198,WLS,27,0.003663788885600594
3,UPFC_tsh,5-15,-0.23816009919635006,55,-0.2383354064631268,WLS,27,0.00017530726677672526
4,UPFC_Vse,5-15,0.05950395205258773,55,0.06342614165105752,WLS,27,0.003922189598469787
5,UPFC_tse,5-15,-2.122989051088726,55,-2.1915440342773853,WLS,27,0.06855498318865916
0,x_tcsc,1-14,-0.10319457817849362,56,-0.10313647098139568,WLS,27,5.810719709793688e-05
1,B_svc,2,0.17010518308787645,56,0.17010786747234868,WLS,27,2.6843844722346244e-06
2,UPFC_Vsh,5-15,1.111475138498503,56,1.1079187611445198,WLS,27,0.0035563773539832866
3,UPFC_tsh,5-15,-0.23818805020459996,56,-0.2383354064631268,WLS,27,0.0001473562585268262
4,UPFC_Vse,5-15,0.0589908588136715,56,0.06342614165105752,WLS,27,0.00443528283738602
5,UPFC_tse,5-15,-2.1215932345467916,56,-2.1915440342773853,WLS,27,0.0699507997305937
0,x_tcsc,1-14,-0.1031881581688737,57,-0.10313647098139568,WLS,27,5.168718747801393e-05
1,B_svc,2,0.16940462587919863,57,0.17010786747234868,WLS,27,0.0007032415931500502
2,UPFC_Vsh,5-15,1.1118231018872515,57,1.1079187611445198,WLS,27,0.0039043407427317156
3,UPFC_tsh,5-15,-0.23819130383108567,57,-0.2383354064631268,WLS,27,0.00014410263204112095
4,UPFC_Vse,5-15,0.05937921737495232,57,0.06342614165105752,WLS,27,0.0040469242761052016
5,UPFC_tse,5-15,-2.124092817616602,57,-2.1915440342773853,WLS,27,0.06745121666078324
0,x_tcsc,1-14,-0.1031890686352785,58,-0.10313647098139568,WLS,27,5.2597653882824336e-05
1,B_svc,2,0.1696279701703778,58,0.17010786747234868,WLS,27,0.0004798973019708719
2,UPFC_Vsh,5-15,1.111579332521384,58,1.1079187611445198,WLS,27,0.0036605713768642634
3,UPFC_tsh,5-15,-0.23819259686519054,58,-0.2383354064631268,WLS,27,0.0001428095979362498
4,UPFC_Vse,5-15,0.0587125655045955,58,0.06342614165105752,WLS,27,0.00471357614646202
5,UPFC_tse,5-15,-2.12590785200596,58,-2.1915440342773853,WLS,27,0.06563618227142509
0,x_tcsc,1-14,-0.10318701865353432,59,-0.10313647098139568,WLS,27,5.0547672138634425e-05
1,B_svc,2,0.1696725115272545,59,0.17010786747234868,WLS,27,0.00043535594509419573
2,UPFC_Vsh,5-15,1.1117967844179852,59,1.1079187611445198,WLS,27,0.003878023273465425
3,UPFC_tsh,5-15,-0.23823187598959794,59,-0.2383354064631268,WLS,27,0.00010353047352884559
4,UPFC_Vse,5-15,0.05934212748081603,59,0.06342614165105752,WLS,27,0.0040840141702414914
5,UPFC_tse,5-15,-2.121064504973142,59,-2.1915440342773853,WLS,27,0.07047952930424328
0,x_tcsc,1-14,-0.10319407931220283,60,-0.10313647098139568,WLS,27,5.7608330807146224e-05
1,B_svc,2,0.1698536228312812,60,0.17010786747234868,WLS,27,0.00025424464106749145
2,UPFC_Vsh,5-15,1.1117099460613273,60,1.1079187611445198,WLS,27,0.003791184916807522
3,UPFC_tsh,5-15,-0.2382648630629308,60,-0.2383354064631268,WLS,27,7.05434001959937e-05
4,UPFC_Vse,5-15,0.05940265357170444,60,0.06342614165105752,WLS,27,0.004023488079353078
5,UPFC_tse,5-15,-2.1217718930805245,60,-2.1915440342773853,WLS,27,0.06977214119686082
0,x_tcsc,1-14,-0.10319669370226961,61,-0.10313647098139568,WLS,27,6.022272087392866e-05
1,B_svc,2,0.16938887082602677,61,0.17010786747234868,WLS,27,0.0007189966463219122
2,UPFC_Vsh,5-15,1.1116803914150386,61,1.1079187611445198,WLS,27,0.00376163027051879
3,UPFC_tsh,5-15,-0.23821267866033685,61,-0.2383354064631268,WLS,27,0.00012272780278993478
4,UPFC_Vse,5-15,0.05945172389214293,61,0.06342614165105752,WLS,27,0.003974417758914592
5,UPFC_tse,5-15,-2.1250866272061173,61,-2.1915440342773853,WLS,27,0.06645740707126802
0,x_tcsc,1-14,-0.10319607376616514,62,-0.10313647098139568,WLS,27,5.960278476946357e-05
1,B_svc,2,0.16988787496833785,62,0.17010786747234868,WLS,27,0.00021999250401083525
2,UPFC_Vsh,5-15,1.111561913773534,62,1.1079187611445198,WLS,27,0.003643152629014157
3,UPFC_tsh,5-15,-0.23819505848701328,62,-0.2383354064631268,WLS,27,0.00014034797611350847
4,UPFC_Vse,5-15,0.05936095918397824,62,0.06342614165105752,WLS,27,0.0040651824670792785
5,UPFC_tse,5-15,-2.125529783136995,62,-2.1915440342773853,WLS,27,0.06601425114039028
0,x_tcsc,1-14,-0.10319347059704183,63,-0.10313647098139568,WLS,27,5.6999615646147195e-05
1,B_svc,2,0.1697842301265406,63,0.17010786747234868,WLS,27,0.0003236373458080921
2,UPFC_Vsh,5-15,1.1116959371204242,63,1.1079187611445198,WLS,27,0.0037771759759044343
3,UPFC_tsh,5-15,-0.23816692922857846,63,-0.2383354064631268,WLS,27,0.00016847723454832542
4,UPFC_Vse,5-15,0.059009100915586546,63,0.06342614165105752,WLS,27,0.004417040735470973
5,UPFC_tse,5-15,-2.1261263611617163,63,-2.1915440342773853,WLS,27,0.06541767311566904
0,x_tcsc,1-14,-0.1031830336427688,64,-0.10313647098139568,WLS,27,4.656266137312293e-05
1,B_svc,2,0.16996852587003244,64,0.17010786747234868,WLS,27,0.0001393416023162397
2,UPFC_Vsh,5-15,1.1117923447669165,64,1.1079187611445198,WLS,27,0.003873583622396648
3,UPFC_tsh,5-15,-0.23825382798921743,64,-0.2383354064631268,WLS,27,8.157847390935502e-05
4,UPFC_Vse,5-15,0.05936664200841874,64,0.06342614165105752,WLS,27,0.004059499642638777
5,UPFC_tse,5-15,-2.127427114163529,64,-2.1915440342773853,WLS,27,0.0641169201138565
0,x_tcsc,1-14,-0.10320281776643744,65,-0.10313647098139568,WLS,27,6.634678504176261e-05
1,B_svc,2,0.16974799659754103,65,0.17010786747234868,WLS,27,0.0003598708748076551
2,UPFC_Vsh,5-15,1.11140381893718,65,1.1079187611445198,WLS,27,0.0034850577926601733
3,UPFC_tsh,5-15,-0.238210954172803,65,-0.2383354064631268,WLS,27,0.0001244522903237899
4,UPFC_Vse,5-15,0.05914707977088492,65,0.06342614165105752,WLS,27,0.004279061880172602
5,UPFC_tse,5-15,-2.1228451707205624,65,-2.1915440342773853,WLS,27,0.06869886355682286
0,x_tcsc,1-14,-0.10320195601112371,66,-0.10313647098139568,WLS,27,6.548502972802961e-05
1,B_svc,2,0.16980221236333762,66,0.17010786747234868,WLS,27,0.00030565510901106596
2,UPFC_Vsh,5-15,1.1119441186280392,66,1.1079187611445198,WLS,27,0.004025357483519398
3,UPFC_tsh,5-15,-0.23818654939137202,66,-0.2383354064631268,WLS,27,0.00014885707175477103
4,UPFC_Vse,5-15,0.05945210372399681,66,0.06342614165105752,WLS,27,0.003974037927060706
5,UPFC_tse,5-15,-2.122935180366419,66,-2.1915440342773853,WLS,27,0.06860885391096616
0,x_tcsc,1-14,-0.10320749296364151,67,-0.10313647098139568,WLS,27,7.102198224583078e-05
1,B_svc,2,0.16943793517324457,67,0.17010786747234868,WLS,27,0.0006699322991041146
2,UPFC_Vsh,5-15,1.1115203790475434,67,1.1079187611445198,WLS,27,0.0036016179030236017
3,UPFC_tsh,5-15,-0.238283278661042,67,-0.2383354064631268,WLS,27,5.212780208480039e-05
4,UPFC_Vse,5-15,0.059287521880128015,67,0.06342614165105752,WLS,27,0.004138619770929504
5,UPFC_tse,5-15,-2.126095247973983,67,-2.1915440342773853,WLS,27,0.06544878630340234
0,x_tcsc,1-14,-0.1031895284096627,68,-0.10313647098139568,WLS,27,5.305742826701432e-05
1,B_svc,2,0.16986029750339418,68,0.17010786747234868,WLS,27,0.000247569968954503
2,UPFC_Vsh,5-15,1.1118395541748132,68,1.1079187611445198,WLS,27,0.003920793030293357
3,UPFC_tsh,5-15,-0.23817786662546442,68,-0.2383354064631268,WLS,27,0.00015753983766236823
4,UPFC_Vse,5-15,0.05930505141791351,68,0.06342614165105752,WLS,27,0.004121090233144012
5,UPFC_tse,5-15,-2.124117003588168,68,-2.1915440342773853,WLS,27,0.0674270306892173
0,x_tcsc,1-14,-0.10319089213886858,69,-0.10313647098139568,WLS,27,5.442115747289478e-05
1,B_svc,2,0.1701739722540666,69,0.17010786747234868,WLS,27,6.610478171792389e-05
2,UPFC_Vsh,5-15,1.1115363248310843,69,1.1079187611445198,WLS,27,0.0036175636865645178
3,UPFC_tsh,5-15,-0.23817065093600126,69,-0.2383354064631268,WLS,27,0.00016475552712552632
4,UPFC_Vse,5-15,0.059023930706220466,69,0.06342614165105752,WLS,27,0.0044022109448370525
5,UPFC_tse,5-15,-2.1237986304221885,69,-2.1915440342773853,WLS,27,0.06774540385519678
0,x_tcsc,1-14,-0.10320701935323366,70,-0.10313647098139568,WLS,27,7.054837183798068e-05
1,B_svc,2,0.16923934583717196,70,0.17010786747234868,WLS,27,0.0008685216351767278
2,UPFC_Vsh,5-15,1.1117588114836043,70,1.1079187611445198,WLS,27,0.003840050339084522
3,UPFC_tsh,5-15,-0.23813021107039997,70,-0.2383354064631268,WLS,27,0.00020519539272681464
4,UPFC_Vse,5-15,0.059345189765768754,70,0.06342614165105752,WLS,27,0.004080951885288765
5,UPFC_tse,5-15,-2.1225839976567555,70,-2.1915440342773853,WLS,27,0.06896003662062977
0,x_tcsc,1-14,-0.10319116192914268,71,-0.10313647098139568,WLS,27,5.4690947747002006e-05
1,B_svc,2,0.16956641658474228,71,0.17010786747234868,WLS,27,0.0005414508876064039
2,UPFC_Vsh,5-15,1.111543379874749,71,1.1079187611445198,WLS,27,0.0036246187302291233
3,UPFC_tsh,5-15,-0.23825781827969078,71,-0.2383354064631268,WLS,27,7.758818343600593e-05
4,UPFC_Vse,5-15,0.05924602377091642,71,0.06342614165105752,WLS,27,0.004180117880141096
5,UPFC_tse,5-15,-2.1249251533582636,71,-2.1915440342773853,WLS,27,0.06661888091912171
0,x_tcsc,1-14,-0.10320176913257453,72,-0.10313647098139568,WLS,27,6.529815117885251e-05
1,B_svc,2,0.1700223067908488,72,0.17010786747234868,WLS,27,8.55606814998966e-05
2,UPFC_Vsh,5-15,1.111628708539509,72,1.1079187611445198,WLS,27,0.003709947394989088
3,UPFC_tsh,5-15,-0.23822099933495597,72,-0.2383354064631268,WLS,27,0.0001144071281708181
4,UPFC_Vse,5-15,0.058892851356046404,72,0.06342614165105752,WLS,27,0.004533290295011115
5,UPFC_tse,5-15,-2.125184770781208,72,-2.1915440342773853,WLS,27,0.06635926349617716
0,x_tcsc,1-14,-0.10318399757294158,73,-0.10313647098139568,WLS,27,4.7526591545901664e-05
1,B_svc,2,0.16986714480486215,73,0.17010786747234868,WLS,27,0.00024072266748653703
2,UPFC_Vsh,5-15,1.1117117161034065,73,1.1079187611445198,WLS,27,0.003792954958886652
3,UPFC_tsh,5-15,-0.2382246475819564,73,-0.2383354064631268,WLS,27,0.00011075888117037525
4,UPFC_Vse,5-15,0.05904263007404987,73,0.06342614165105752,WLS,27,0.00438351157700765
5,UPFC_tse,5-15,-2.1263220028016576,73,-2.1915440342773853,WLS,27,0.0652220314757277
0,x_tcsc,1-14,-0.10318135613340307,74,-0.10313647098139568,WLS,27,4.48851520073873e-05
1,B_svc,2,0.16992574335287655,74,0.17010786747234868,WLS,27,0.00018212411947213236
2,UPFC_Vsh,5-15,1.111659911631207,74,1.1079187611445198,WLS,27,0.003741150486687106
3,UPFC_tsh,5-15,-0.23822481316654884,74,-0.2383354064631268,WLS,27,0.00011059329657794881
4,UPFC_Vse,5-15,0.059215564457844434,74,0.06342614165105752,WLS,27,0.0042105771932130845
5,UPFC_tse,5-15,-2.1240651887364224,74,-2.1915440342773853,WLS,27,0.06747884554096295
0,x_tcsc,1-14,-0.1031952002670488,75,-0.10313647098139568,WLS,27,5.8729285653119634e-05
1,B_svc,2,0.1697139646708723,75,0.17010786747234868,WLS,27,0.0003939028014763868
2,UPFC_Vsh,5-15,1.1114268507602445,75,1.1079187611445198,WLS,27,0.0035080896157246855
3,UPFC_tsh,5-15,-0.23823627210046425,75,-0.2383354064631268,WLS,27,9.913436266253961e-05
4,UPFC_Vse,5-15,0.05907290205225717,75,0.06342614165105752,WLS,27,0.004353239598800351
5,UPFC_tse,5-15,-2.123565442689712,75,-2.1915440342773853,WLS,27,0.06797859158767317
0,x_tcsc,1-14,-0.10320441584555096,76,-0.10313647098139568,WLS,27,6.794486415527545e-05
1,B_svc,2,0.17009171032574866,76,0.17010786747234868,WLS,27,1.615714660002654e-05
2,UPFC_Vsh,5-15,1.1120052995304557,76,1.1079187611445198,WLS,27,0.004086538385935867
3,UPFC_tsh,5-15,-0.23824329915117232,76,-0.2383354064631268,WLS,27,9.21073119544702e-05
4,UPFC_Vse,5-15,0.059451257104058325,76,0.06342614165105752,WLS,27,0.003974884546999194
5,UPFC_tse,5-15,-2.1232523354456236,76,-2.1915440342773853,WLS,27,0.06829169883176167
0,x_tcsc,1-14,-0.10319850276474374,77,-0.10313647098139568,WLS,27,6.203178334805715e-05
1,B_svc,2,0.16989243020591885,77,0.17010786747234868,WLS,27,0.0002154372664298354
2,UPFC_Vsh,5-15,1.111176395306453,77,1.1079187611445198,WLS,27,0.003257634161933254
3,UPFC_tsh,5-15,-0.23821770711748977,77,-0.2383354064631268,WLS,27,0.0001176993456370179
4,UPFC_Vse,5-15,0.05950350934020918,77,0.06342614165105752,WLS,27,0.0039226323108483355
5,UPFC_tse,5-15,-2.1210143924079503,77,-2.1915440342773853,WLS,27,0.070529641869435
0,x_tcsc,1-14,-0.10320198001258997,78,-0.10313647098139568,WLS,27,6.550903119428853e-05
1,B_svc,2,0.16942798967254372,78,0.17010786747234868,WLS,27,0.0006798777998049677
2,UPFC_Vsh,5-15,1.1119045609334868,78,1.1079187611445198,WLS,27,0.003985799788966959
3,UPFC_tsh,5-15,-0.23821147760805286,78,-0.2383354064631268,WLS,27,0.0001239288550739237
4,UPFC_Vse,5-15,0.05918425358847871,78,0.06342614165105752,WLS,27,0.004241888062578809
5,UPFC_tse,5-15,-2.125195137110235,78,-2.1915440342773853,WLS,27,0.06634889716715042
0,x_tcsc,1-14,-0.10318769647471257,79,-0.10313647098139568,WLS,27,5.1225493316889303e-05
1,B_svc,2,0.16985538808708864,79,0.17010786747234868,WLS,27,0.000252479385260046
2,UPFC_Vsh,5-15,1.1112728376212326,79,1.1079187611445198,WLS,27,0.0033540764767128195
3,UPFC_tsh,5-15,-0.23823267147774332,79,-0.2383354064631268,WLS,27,0.00010273498538346248
4,UPFC_Vse,5-15,0.059074343424332765,79,0.06342614165105752,WLS,27,0.004351798226724754
5,UPFC_tse,5-15,-2.1247430492815087,79,-2.1915440342773853,WLS,27,0.06680098499587661
0,x_tcsc,1-14,-0.10319180187794798,80,-0.10313647098139568,WLS,27,5.533089655229695e-05
1,B_svc,2,0.1697832348726535,80,0.17010786747234868,WLS,27,0.0003246325996951738
2,UPFC_Vsh,5-15,1.1115226091566535,80,1.1079187611445198,WLS,27,0.003603848012133648
3,UPFC_tsh,5-15,-0.23823712931287971,80,-0.2383354064631268,WLS,27,9.827715024707251e-05
4,UPFC_Vse,5-15,0.05944596798608443,80,0.06342614165105752,WLS,27,0.003980173664973087
5,UPFC_tse,5-15,-2.124744485694736,80,-2.1915440342773853,WLS,27,0.06679954858264914
0,x_tcsc,1-14,-0.10319838963194994,81,-0.10313647098139568,WLS,27,6.191865055425738e-05
1,B_svc,2,0.16960104838078324,81,0.17010786747234868,WLS,27,0.0005068190915654414
2,UPFC_Vsh,5-15,1.111800475161785,81,1.1079187611445198,WLS,27,0.0038817140172651143
3,UPFC_tsh,5-15,-0.2381794768090349,81,-0.2383354064631268,WLS,27,0.00015592965409189086
4,UPFC_Vse,5-15,0.05873909312032497,81,0.06342614165105752,WLS,27,0.004687048530732547
5,UPFC_tse,5-15,-2.1260270709271465,81,-2.1915440342773853,WLS,27,0.06551696335023882
0,x_tcsc,1-14,-0.1031884945755889,82,-0.10313647098139568,WLS,27,5.202359419322067e-05
1,B_svc,2,0.16965114094987588,82,0.17010786747234868,WLS,27,0.00045672652247280565
2,UPFC_Vsh,5-15,1.1113882730811813,82,1.1079187611445198,WLS,27,0.0034695119366614513
3,UPFC_tsh,5-15,-0.23818428194257196,82,-0.2383354064631268,WLS,27,0.00015112452055482395
4,UPFC_Vse,5-15,0.05920919465022576,82,0.06342614165105752,WLS,27,0.004216947000831757
5,UPFC_tse,5-15,-2.1206863928127393,82,-2.1915440342773853,WLS,27,0.07085764146464602
0,x_tcsc,1-14,-0.10320076101976783,83,-0.10313647098139568,WLS,27,6.42900383721473e-05
1,B_svc,2,0.17010675762921784,83,0.17010786747234868,WLS,27,1.1098431308420587e-06
2,UPFC_Vsh,5-15,1.1116655632261747,83,1.1079187611445198,WLS,27,0.0037468020816548986
3,UPFC_tsh,5-15,-0.23813279649701694,83,-0.2383354064631268,WLS,27,0.00020260996610985127
4,UPFC_Vse,5-15,0.0591983454417284,83,0.06342614165105752,WLS,27,0.0042277962093291155
5,UPFC_tse,5-15,-2.124268140011195,83,-2.1915440342773853,WLS,27,0.0672758942661904
0,x_tcsc,1-14,-0.10319037949519572,84,-0.10313647098139568,WLS,27,5.3908513800035585e-05
1,B_svc,2,0.1697745231288491,84,0.17010786747234868,WLS,27,0.0003333443434995753
2,UPFC_Vsh,5-15,1.1119444823231521,84,1.1079187611445198,WLS,27,0.004025721178632313
3,UPFC_tsh,5-15,-0.23817264214860148,84,-0.2383354064631268,WLS,27,0.00016276431452530438
4,UPFC_Vse,5-15,0.059540232645094254,84,0.06342614165105752,WLS,27,0.0038859090059632645
5,UPFC_tse,5-15,-2.1255013609547735,84,-2.1915440342773853,WLS,27,0.06604267332261182
0,x_tcsc,1-14,-0.1031884984625889,85,-0.10313647098139568,WLS,27,5.2027481193220315e-05
1,B_svc,2,0.1696799494152677,85,0.17010786747234868,WLS,27,0.0004279180570809782
2,UPFC_Vsh,5-15,1.11194367638243,85,1.1079187611445198,WLS,27,0.004024915237910154
3,UPFC_tsh,5-15,-0.2382013162057683,85,-0.2383354064631268,WLS,27,0.000134090257358499
4,UPFC_Vse,5-15,0.059167029944577114,85,0.06342614165105752,WLS,27,0.004259111706480405
5,UPFC_tse,5-15,-2.1247842731493902,85,-2.1915440342773853,WLS,27,0.06675976112799509
0,x_tcsc,1-14,-0.10319557204043385,86,-0.10313647098139568,WLS,27,5.910105903816909e-05
1,B_svc,2,0.16974789249617478,86,0.17010786747234868,WLS,27,0.0003599749761739046
2,UPFC_Vsh,5-15,1.1115386179078688,86,1.1079187611445198,WLS,27,0.003619856763348972
3,UPFC_tsh,5-15,-0.2382389580411806,86,-0.2383354064631268,WLS,27,9.644842194619918e-05
4,UPFC_Vse,5-15,0.059398842651900666,86,0.06342614165105752,WLS,27,0.004027298999156853
5,UPFC_tse,5-15,-2.124562539747321,86,-2.1915440342773853,WLS,27,0.06698149453006419
0,x_tcsc,1-14,-0.10319351659794819,87,-0.10313647098139568,WLS,27,5.704561655250906e-05
1,B_svc,2,0.16980199279105287,87,0.17010786747234868,WLS,27,0.0003058746812958091
2,UPFC_Vsh,5-15,1.1116882005306923,87,1.1079187611445198,WLS,27,0.0037694393861724684
3,UPFC_tsh,5-15,-0.2381493015081526,87,-0.2383354064631268,WLS,27,0.00018610495497417556
4,UPFC_Vse,5-15,0.05886656024683209,87,0.06342614165105752,WLS,27,0.004559581404225431
5,UPFC_tse,5-15,-2.123623548713106,87,-2.1915440342773853,WLS,27,0.06792048556427943
0,x_tcsc,1-14,-0.10318780951740625,88,-0.10313647098139568,WLS,27,5.133853601056726e-05
1,B_svc,2,0.17037338407106317,88,0.17010786747234868,WLS,27,0.00026551659871448807
2,UPFC_Vsh,5-15,1.1114933442385728,88,1.1079187611445198,WLS,27,0.0035745830940530077
3,UPFC_tsh,5-15,-0.23821620178284122,88,-0.2383354064631268,WLS,27,0.00011920468028556175
4,UPFC_Vse,5-15,0.05908147196904856,88,0.06342614165105752,WLS,27,0.004344669682008959
5,UPFC_tse,5-15,-2.122999044187949,88,-2.1915440342773853,WLS,27,0.06854499008943638
0,x_tcsc,1-14,-0.1031907660113097,89,-0.10313647098139568,WLS,27,5.429502991402546e-05
1,B_svc,2,0.169547989684571,89,0.17010786747234868,WLS,27,0.0005598777877776906
2,UPFC_Vsh,5-15,1.1116891852872501,89,1.1079187611445198,WLS,27,0.003770424142730322
3,UPFC_tsh,5-15,-0.23818485055004046,89,-0.2383354064631268,WLS,27,0.00015055591308632543
4,UPFC_Vse,5-15,0.0588499465200771,89,0.06342614165105752,WLS,27,0.004576195130980419
5,UPFC_tse,5-15,-2.1246080391359947,89,-2.1915440342773853,WLS,27,0.06693599514139059
0,x_tcsc,1-14,-0.10319735906071792,90,-0.10313647098139568,WLS,27,6.0888079322238275e-05
1,B_svc,2,0.16955455494192453,90,0.17010786747234868,WLS,27,0.0005533125304241493
2,UPFC_Vsh,5-15,1.111162768965419,90,1.1079187611445198,WLS,27,0.003244007820899286
3,UPFC_tsh,5-15,-0.23827809042575854,90,-0.2383354064631268,WLS,27,5.7316037368249084e-05
4,UPFC_Vse,5-15,0.059408920872594057,90,0.06342614165105752,WLS,27,0.004017220778463462
5,UPFC_tse,5-15,-2.1211174062131732,90,-2.1915440342773853,WLS,27,0.07042662806421207
0,x_tcsc,1-14,-0.10319489060652794,91,-0.10313647098139568,WLS,27,5.8419625132255515e-05
1,B_svc,2,0.16964513183715993,91,0.17010786747234868,WLS,27,0.0004627356351887546
2,UPFC_Vsh,5-15,1.1116324124292392,91,1.1079187611445198,WLS,27,0.0037136512847193437
3,UPFC_tsh,5-15,-0.2381858685773134,91,-0.2383354064631268,WLS,27,0.0001495378858134
4,UPFC_Vse,5-15,0.05897918406673926,91,0.06342614165105752,WLS,27,0.004446957584318262
5,UPFC_tse,5-15,-2.127303319218316,91,-2.1915440342773853,WLS,27,0.06424071505906914
0,x_tcsc,1-14,-0.10318388807280346,92,-0.10313647098139568,WLS,27,4.741709140777817e-05
1,B_svc,2,0.16971560168884675,92,0.17010786747234868,WLS,27,0.00039226578350193275
2,UPFC_Vsh,5-15,1.1111996827800836,92,1.1079187611445198,WLS,27,0.003280921635563816
3,UPFC_tsh,5-15,-0.23832219337510072,92,-0.2383354064631268,WLS,27,1.3213088026070574e-05
4,UPFC_Vse,5-15,0.05987318442478575,92,0.06342614165105752,WLS,27,0.0035529572262717676
5,UPFC_tse,5-15,-2.123850105502285,92,-2.1915440342773853,WLS,27,0.06769392877510017
0,x_tcsc,1-14,-0.10318936770807616,93,-0.10313647098139568,WLS,27,5.28967266804764e-05
1,B_svc,2,0.1695322077131791,93,0.17010786747234868,WLS,27,0.0005756597591695944
2,UPFC_Vsh,5-15,1.1116119214443319,93,1.1079187611445198,WLS,27,0.003693160299812037
3,UPFC_tsh,5-15,-0.2381848472721573,93,-0.2383354064631268,WLS,27,0.00015055919096948478
4,UPFC_Vse,5-15,0.05977813977447745,93,0.06342614165105752,WLS,27,0.0036480018765800704
5,UPFC_tse,5-15,-2.1228511432239565,93,-2.1915440342773853,WLS,27,0.0686928910534288
0,x_tcsc,1-14,-0.10319140814014513,94,-0.10313647098139568,WLS,27,5.4937158749449044e-05
1,B_svc,2,0.169466360885704,94,0.17010786747234868,WLS,27,0.0006415065866446912
2,UPFC_Vsh,5-15,1.1114026247144806,94,1.1079187611445198,WLS,27,0.0034838635699607767
3,UPFC_tsh,5-15,-0.23823791054455964,94,-0.2383354064631268,WLS,27,9.749591856714201e-05
4,UPFC_Vse,5-15,0.058742724842953266,94,0.06342614165105752,WLS,27,0.004683416808104253
5,UPFC_tse,5-15,-2.123896546751949,94,-2.1915440342773853,WLS,27,0.06764748752543648
0,x_tcsc,1-14,-0.10318812225009695,95,-0.10313647098139568,WLS,27,5.165126870126935e-05
1,B_svc,2,0.16981409772145975,95,0.17010786747234868,WLS,27,0.00029376975088893365
2,UPFC_Vsh,5-15,1.1114441460013904,95,1.1079187611445198,WLS,27,0.0035253848568705948
3,UPFC_tsh,5-15,-0.23827235206279607,95,-0.2383354064631268,WLS,27,6.305440033071985e-05
4,UPFC_Vse,5-15,0.05977822951377597,95,0.06342614165105752,WLS,27,0.0036479121372815504
5,UPFC_tse,5-15,-2.123992805130026,95,-2.1915440342773853,WLS,27,0.06755122914735923
0,x_tcsc,1-14,-0.10318670792895013,96,-0.10313647098139568,WLS,27,5.023694755444674e-05
1,B_svc,2,0.16921010484183927,96,0.17010786747234868,WLS,27,0.0008977626305094188
2,UPFC_Vsh,5-15,1.1111845564857314,96,1.1079187611445198,WLS,27,0.0032657953412116303
3,UPFC_tsh,5-15,-0.2382884040133968,96,-0.2383354064631268,WLS,27,4.700244972999368e-05
4,UPFC_Vse,5-15,0.058949347418856775,96,0.06342614165105752,WLS,27,0.004476794232200744
5,UPFC_tse,5-15,-2.1250375769706373,96,-2.1915440342773853,WLS,27,0.06650645730674798
0,x_tcsc,1-14,-0.10318203836392811,97,-0.10313647098139568,WLS,27,4.556738253243264e-05
1,B_svc,2,0.17006295856802764,97,0.17010786747234868,WLS,27,4.4908904321044885e-05
2,UPFC_Vsh,5-15,1.1118448782166348,97,1.1079187611445198,WLS,27,0.003926117072114987
3,UPFC_tsh,5-15,-0.2382165881176056,97,-0.2383354064631268,WLS,27,0.00011881834552118775
4,UPFC_Vse,5-15,0.059325687587021156,97,0.06342614165105752,WLS,27,0.004100454064036363
5,UPFC_tse,5-15,-2.1228632360761246,97,-2.1915440342773853,WLS,27,0.06868079820126072
0,x_tcsc,1-14,-0.10320358182338604,98,-0.10313647098139568,WLS,27,6.711084199036155e-05
1,B_svc,2,0.1698024850809901,98,0.17010786747234868,WLS,27,0.00030538239135857737
2,UPFC_Vsh,5-15,1.1111978299964933,98,1.1079187611445198,WLS,27,0.003279068851973488
3,UPFC_tsh,5-15,-0.23828213412476645,98,-0.2383354064631268,WLS,27,5.327233836033285e-05
4,UPFC_Vse,5-15,0.059329584097927816,98,0.06342614165105752,WLS,27,0.004096557553129702
5,UPFC_tse,5-15,-2.1229234841580507,98,-2.1915440342773853,WLS,27,0.06862055011933466
0,x_tcsc,1-14,-0.10319549430376575,99,-0.10313647098139568,WLS,27,5.902332237006647e-05
1,B_svc,2,0.1699844262792794,99,0.17010786747234868,WLS,27,0.0001234411930692847
2,UPFC_Vsh,5-15,1.1118403326277035,99,1.1079187611445198,WLS,27,0.003921571483183728
3,UPFC_tsh,5-15,-0.23825905530387734,99,-0.2383354064631268,WLS,27,7.635115924944924e-05
4,UPFC_Vse,5-15,0.05969141870619545,99,0.06342614165105752,WLS,27,0.0037347229448620664
5,UPFC_tse,5-15,-2.1274677757486784,99,-2.1915440342773853,WLS,27,0.06407625852870691
0,x_tcsc,1-14,-0.106186426868868,0,-0.10618555526997268,WLS,29,8.715988953217346e-07
1,B_svc,2,0.17330690955123554,0,0.17373769081908705,WLS,29,0.00043078126785150994
2,UPFC_Vsh,5-15,1.1116903211119504,0,1.106213291744122,WLS,29,0.0054770293678283455
3,UPFC_tsh,5-15,-0.23529570038414302,0,-0.23548505946192488,WLS,29,0.00018935907778186434
4,UPFC_Vse,5-15,0.0591882211458253,0,0.06346467738407933,WLS,29,0.0042764562382540325
5,UPFC_tse,5-15,-2.123810510852443,0,-2.19365574243551,WLS,29,0.06984523158306688
0,x_tcsc,1-14,-0.10619743512694864,1,-0.10618555526997268,WLS,29,1.1879856975954839e-05
1,B_svc,2,0.1738506121872322,1,0.17373769081908705,WLS,29,0.00011292136814514131
2,UPFC_Vsh,5-15,1.1116120683342572,1,1.106213291744122,WLS,29,0.0053987765901351015
3,UPFC_tsh,5-15,-0.23523759938950184,1,-0.23548505946192488,WLS,29,0.0002474600724230447
4,UPFC_Vse,5-15,0.059075598167477705,1,0.06346467738407933,WLS,29,0.00438907921660163
5,UPFC_tse,5-15,-2.1231334544800506,1,-2.19365574243551,WLS,29,0.07052228795545945
0,x_tcsc,1-14,-0.10620385894881189,2,-0.10618555526997268,WLS,29,1.8303678839204363e-05
1,B_svc,2,0.17375821902269706,2,0.17373769081908705,WLS,29,2.052820361000962e-05
2,UPFC_Vsh,5-15,1.11159501787627,2,1.106213291744122,WLS,29,0.005381726132147824
3,UPFC_tsh,5-15,-0.23530128118777965,2,-0.23548505946192488,WLS,29,0.00018377827414522985
4,UPFC_Vse,5-15,0.05955659631940042,2,0.06346467738407933,WLS,29,0.003908081064678916
5,UPFC_tse,5-15,-2.1245189538720797,2,-2.19365574243551,WLS,29,0.06913678856343042
0,x_tcsc,1-14,-0.10618946946601214,3,-0.10618555526997268,WLS,29,3.914196039456197e-06
1,B_svc,2,0.17297820464366462,3,0.17373769081908705,WLS,29,0.0007594861754224302
2,UPFC_Vsh,5-15,1.1114811631024293,3,1.106213291744122,WLS,29,0.005267871358307197
3,UPFC_tsh,5-15,-0.23535489494737455,3,-0.23548505946192488,WLS,29,0.00013016451455033495
4,UPFC_Vse,5-15,0.059283947894429666,3,0.06346467738407933,WLS,29,0.004180729489649669
5,UPFC_tse,5-15,-2.125224215748764,3,-2.19365574243551,WLS,29,0.06843152668674612
0,x_tcsc,1-14,-0.10621144557166254,4,-0.10618555526997268,WLS,29,2.589030168985429e-05
1,B_svc,2,0.17390832398872832,4,0.17373769081908705,WLS,29,0.00017063316964127662
2,UPFC_Vsh,5-15,1.111671499670802,4,1.106213291744122,WLS,29,0.005458207926679837
3,UPFC_tsh,5-15,-0.2352637461383164,4,-0.23548505946192488,WLS,29,0.0002213133236084741
4,UPFC_Vse,5-15,0.05921721637232072,4,0.06346467738407933,WLS,29,0.004247461011758616
5,UPFC_tse,5-15,-2.1251118038218366,4,-2.19365574243551,WLS,29,0.06854393861367347
0,x_tcsc,1-14,-0.10618548797954873,5,-0.10618555526997268,WLS,29,6.72904239551464e-08
1,B_svc,2,0.1737702972587089,5,0.17373769081908705,WLS,29,3.2606439621857275e-05
2,UPFC_Vsh,5-15,1.1116321361578503,5,1.106213291744122,WLS,29,0.005418844413728197
3,UPFC_tsh,5-15,-0.23533509535959124,5,-0.23548505946192488,WLS,29,0.000149964102333644
4,UPFC_Vse,5-15,0.05928118134900839,5,0.06346467738407933,WLS,29,0.004183496035070948
5,UPFC_tse,5-15,-2.1243887419982626,5,-2.19365574243551,WLS,29,0.06926700043724754
0,x_tcsc,1-14,-0.10620126096477163,6,-0.10618555526997268,WLS,29,1.5705694798945347e-05
1,B_svc,2,0.17339280327351908,6,0.17373769081908705,WLS,29,0.00034488754556796786
2,UPFC_Vsh,5-15,1.1119321401547355,6,1.106213291744122,WLS,29,0.005718848410613431
3,UPFC_tsh,5-15,-0.23523617811660105,6,-0.23548505946192488,WLS,29,0.00024888134532383144
4,UPFC_Vse,5-15,0.05931885920796349,6,0.06346467738407933,WLS,29,0.004145818176115847
5,UPFC_tse,5-15,-2.126331911144728,6,-2.19365574243551,WLS,29,0.06732383129078201
0,x_tcsc,1-14,-0.10621008168253689,7,-0.10618555526997268,WLS,29,2.452641256420196e-05
1,B_svc,2,0.17374962745351039,7,0.17373769081908705,WLS,29,1.1936634423337367e-05
2,UPFC_Vsh,5-15,1.1119758066040304,7,1.106213291744122,WLS,29,0.005762514859908308
3,UPFC_tsh,5-15,-0.23520568005245762,7,-0.23548505946192488,WLS,29,0.0002793794094672619
4,UPFC_Vse,5-15,0.058765410885137655,7,0.06346467738407933,WLS,29,0.00469926649894168
5,UPFC_tse,5-15,-2.1236171561601913,7,-2.19365574243551,WLS,29,0.07003858627531878
0,x_tcsc,1-14,-0.10620036936735491,8,-0.10618555526997268,WLS,29,1.4814097382229163e-05
1,B_svc,2,0.17358289497112672,8,0.17373769081908705,WLS,29,0.0001547958479603262
2,UPFC_Vsh,5-15,1.1116628801455835,8,1.106213291744122,WLS,29,0.005449588401461369
3,UPFC_tsh,5-15,-0.2353437390802863,8,-0.23548505946192488,WLS,29,0.00014132038163858218
4,UPFC_Vse,5-15,0.059440273789242444,8,0.06346467738407933,WLS,29,0.004024403594836891
5,UPFC_tse,5-15,-2.1235021638985074,8,-2.19365574243551,WLS,29,0.07015357853700266
0,x_tcsc,1-14,-0.10620221400759886,9,-0.10618555526997268,WLS,29,1.6658737626171205e-05
1,B_svc,2,0.1735789276714884,9,0.17373769081908705,WLS,29,0.00015876314759866172
2,UPFC_Vsh,5-15,1.1119138969336002,9,1.106213291744122,WLS,29,0.005700605189478125
3,UPFC_tsh,5-15,-0.23523531178893192,9,-0.23548505946192488,WLS,29,0.0002497476729929615
4,UPFC_Vse,5-15,0.059500743339210876,9,0.06346467738407933,WLS,29,0.0039639340448684585
5,UPFC_tse,5-15,-2.123617456431407,9,-2.19365574243551,WLS,29,0.07003828600410289
0,x_tcsc,1-14,-0.10619013077398627,10,-0.10618555526997268,WLS,29,4.575504013587528e-06
1,B_svc,2,0.1735631784697113,10,0.17373769081908705,WLS,29,0.00017451234937573834
2,UPFC_Vsh,5-15,1.1109649859912127,10,1.106213291744122,WLS,29,0.004751694247090654
3,UPFC_tsh,5-15,-0.2352350368209245,10,-0.23548505946192488,WLS,29,0.0002500226410003803
4,UPFC_Vse,5-15,0.0587091955805592,10,0.06346467738407933,WLS,29,0.004755481803520138
5,UPFC_tse,5-15,-2.1242908001647853,10,-2.19365574243551,WLS,29,0.06936494227072476
0,x_tcsc,1-14,-0.10621039117932395,11,-0.10618555526997268,WLS,29,2.4835909351261787e-05
1,B_svc,2,0.1736546400949997,11,0.17373769081908705,WLS,29,8.305072408734682e-05
2,UPFC_Vsh,5-15,1.1113590721213011,11,1.106213291744122,WLS,29,0.0051457803771790545
3,UPFC_tsh,5-15,-0.2352650009385351,11,-0.23548505946192488,WLS,29,0.00022005852338977117
4,UPFC_Vse,5-15,0.05870335894502048,11,0.06346467738407933,WLS,29,0.004761318439058852
5,UPFC_tse,5-15,-2.1246631790688464,11,-2.19365574243551,WLS,29,0.0689925633666637
0,x_tcsc,1-14,-0.10619521435552891,12,-0.10618555526997268,WLS,29,9.659085556223967e-06
1,B_svc,2,0.17354671409943018,12,0.17373769081908705,WLS,29,0.00019097671965687124
2,UPFC_Vsh,5-15,1.1115971861274287,12,1.106213291744122,WLS,29,0.005383894383306664
3,UPFC_tsh,5-15,-0.23532540153443704,12,-0.23548505946192488,WLS,29,0.00015965792748784402
4,UPFC_Vse,5-15,0.059258904888091664,12,0.06346467738407933,WLS,29,0.004205772495987671
5,UPFC_tse,5-15,-2.123169123351683,12,-2.19365574243551,WLS,29,0.07048661908382714
0,x_tcsc,1-14,-0.10621926845232899,13,-0.10618555526997268,WLS,29,3.3713182356301385e-05
1,B_svc,2,0.17337849896457336,13,0.17373769081908705,WLS,29,0.00035919185451369073
2,UPFC_Vsh,5-15,1.111849553159706,13,1.106213291744122,WLS,29,0.005636261415583821
3,UPFC_tsh,5-15,-0.23527137172834317,13,-0.23548505946192488,WLS,29,0.00021368773358171333
4,UPFC_Vse,5-15,0.05882061103772783,13,0.06346467738407933,WLS,29,0.004644066346351505
5,UPFC_tse,5-15,-2.123188788359854,13,-2.19365574243551,WLS,29,0.07046695407565595
0,x_tcsc,1-14,-0.10618981250010062,14,-0.10618555526997268,WLS,29,4.257230127938105e-06
1,B_svc,2,0.1734808356671653,14,0.17373769081908705,WLS,29,0.00025685515192175323
2,UPFC_Vsh,5-15,1.1116642298682253,14,1.106213291744122,WLS,29,0.005450938124103244
3,UPFC_tsh,5-15,-0.23527482472874214,14,-0.23548505946192488,WLS,29,0.00021023473318274033
4,UPFC_Vse,5-15,0.059077570531560854,14,0.06346467738407933,WLS,29,0.004387106852518481
5,UPFC_tse,5-15,-2.1243680793369246,14,-2.19365574243551,WLS,29,0.06928766309858547
0,x_tcsc,1-14,-0.10619869196124326,15,-0.10618555526997268,WLS,29,1.313669127057937e-05
1,B_svc,2,0.17317871042861155,15,0.17373769081908705,WLS,29,0.0005589803904754997
2,UPFC_Vsh,5-15,1.111642150855092,15,1.106213291744122,WLS,29,0.005428859110969908
3,UPFC_tsh,5-15,-0.23527565234256217,15,-0.23548505946192488,WLS,29,0.00020940711936270895
4,UPFC_Vse,5-15,0.059427614184608846,15,0.06346467738407933,WLS,29,0.004037063199470489
5,UPFC_tse,5-15,-2.121186019990263,15,-2.19365574243551,WLS,29,0.07246972244524708
0,x_tcsc,1-14,-0.10620630933388929,16,-0.10618555526997268,WLS,29,2.0754063916605947e-05
1,B_svc,2,0.17341610253615397,16,0.17373769081908705,WLS,29,0.0003215882829330774
2,UPFC_Vsh,5-15,1.1113647190449787,16,1.106213291744122,WLS,29,0.005151427300856604
3,UPFC_tsh,5-15,-0.23528607733006468,16,-0.23548505946192488,WLS,29,0.00019898213186020364
4,UPFC_Vse,5-15,0.05952914683112827,16,0.06346467738407933,WLS,29,0.0039355305529510665
5,UPFC_tse,5-15,-2.1204775635954385,16,-2.19365574243551,WLS,29,0.0731781788400716
0,x_tcsc,1-14,-0.1062067974298779,17,-0.10618555526997268,WLS,29,2.1242159905218716e-05
1,B_svc,2,0.17349715751657252,17,0.17373769081908705,WLS,29,0.00024053330251452842
2,UPFC_Vsh,5-15,1.1119184704513185,17,1.106213291744122,WLS,29,0.0057051787071964455
3,UPFC_tsh,5-15,-0.23523286646337094,17,-0.23548505946192488,WLS,29,0.00025219299855394617
4,UPFC_Vse,5-15,0.058900456979604617,17,0.06346467738407933,WLS,29,0.004564220404474718
5,UPFC_tse,5-15,-2.127971632275879,17,-2.19365574243551,WLS,29,0.06568411015963127
0,x_tcsc,1-14,-0.10619672514099639,18,-0.10618555526997268,WLS,29,1.1169871023702926e-05
1,B_svc,2,0.17332153410683637,18,0.17373769081908705,WLS,29,0.00041615671225067596
2,UPFC_Vsh,5-15,1.1116097926608102,18,1.106213291744122,WLS,29,0.005396500916688085
3,UPFC_tsh,5-15,-0.23529573371362245,18,-0.23548505946192488,WLS,29,0.00018932574830243798
4,UPFC_Vse,5-15,0.05967321137115875,18,0.06346467738407933,WLS,29,0.0037914660129205816
5,UPFC_tse,5-15,-2.124627692218453,18,-2.19365574243551,WLS,29,0.06902805021705705
0,x_tcsc,1-14,-0.10620561113167268,19,-0.10618555526997268,WLS,29,2.005586169999407e-05
1,B_svc,2,0.17399213959954124,19,0.17373769081908705,WLS,29,0.0002544487804541917
2,UPFC_Vsh,5-15,1.1115063171692816,19,1.106213291744122,WLS,29,0.0052930254251595255
3,UPFC_tsh,5-15,-0.2353252884382143,19,-0.23548505946192488,WLS,29,0.00015977102371059204
4,UPFC_Vse,5-15,0.05919324595198534,19,0.06346467738407933,WLS,29,0.004271431432093992
5,UPFC_tse,5-15,-2.1253334430122433,19,-2.19365574243551,WLS,29,0.06832229942326684
0,x_tcsc,1-14,-0.10619570349464057,20,-0.10618555526997268,WLS,29,1.014822466788301e-05
1,B_svc,2,0.17322627718437145,20,0.17373769081908705,WLS,29,0.0005114136347156018
2,UPFC_Vsh,5-15,1.1119746951649478,20,1.106213291744122,WLS,29,0.005761403420825761
3,UPFC_tsh,5-15,-0.23526799458389194,20,-0.23548505946192488,WLS,29,0.00021706487803294094
4,UPFC_Vse,5-15,0.059109803674986444,20,0.06346467738407933,WLS,29,0.004354873709092891
5,UPFC_tse,5-15,-2.1253561074416494,20,-2.19365574243551,WLS,29,0.06829963499386071
0,x_tcsc,1-14,-0.10619838536658373,21,-0.10618555526997268,WLS,29,1.283009661104395e-05
1,B_svc,2,0.17397108208813153,21,0.17373769081908705,WLS,29,0.0002333912690444806
2,UPFC_Vsh,5-15,1.1115301966744424,21,1.106213291744122,WLS,29,0.005316904930320332
3,UPFC_tsh,5-15,-0.23529894301471002,21,-0.23548505946192488,WLS,29,0.00018611644721486242
4,UPFC_Vse,5-15,0.05979975433554799,21,0.06346467738407933,WLS,29,0.003664923048531346
5,UPFC_tse,5-15,-2.122802572316925,21,-2.19365574243551,WLS,29,0.07085317011858505
0,x_tcsc,1-14,-0.10620421094016098,22,-0.10618555526997268,WLS,29,1.8655670188300055e-05
1,B_svc,2,0.17397847235130795,22,0.17373769081908705,WLS,29,0.0002407815322209017
2,UPFC_Vsh,5-15,1.1117801352384675,22,1.106213291744122,WLS,29,0.0055668434943454415
3,UPFC_tsh,5-15,-0.23528655121098568,22,-0.23548505946192488,WLS,29,0.0001985082509392
4,UPFC_Vse,5-15,0.0593852230121432,22,0.06346467738407933,WLS,29,0.004079454371936138
5,UPFC_tse,5-15,-2.1221698808061014,22,-2.19365574243551,WLS,29,0.07148586162940873
0,x_tcsc,1-14,-0.1062031742580394,23,-0.10618555526997268,WLS,29,1.7618988066722685e-05
1,B_svc,2,0.17365116005544748,23,0.17373769081908705,WLS,29,8.653076363956957e-05
2,UPFC_Vsh,5-15,1.1118165056359575,23,1.106213291744122,WLS,29,0.005603213891835379
3,UPFC_tsh,5-15,-0.23528735721386787,23,-0.23548505946192488,WLS,29,0.00019770224805701342
4,UPFC_Vse,5-15,0.059369154484527835,23,0.06346467738407933,WLS,29,0.0040955228995515
5,UPFC_tse,5-15,-2.1225049369678417,23,-2.19365574243551,WLS,29,0.07115080546766839
0,x_tcsc,1-14,-0.10620048459141605,24,-0.10618555526997268,WLS,29,1.4929321443368782e-05
1,B_svc,2,0.17331396825486506,24,0.17373769081908705,WLS,29,0.00042372256422198995
2,UPFC_Vsh,5-15,1.1116522203306367,24,1.106213291744122,WLS,29,0.005438928586514624
3,UPFC_tsh,5-15,-0.23526973439337648,24,-0.23548505946192488,WLS,29,0.00021532506854840539
4,UPFC_Vse,5-15,0.05899200680691113,24,0.06346467738407933,WLS,29,0.004472670577168207
5,UPFC_tse,5-15,-2.12643609257754,24,-2.19365574243551,WLS,29,0.06721964985797024
0,x_tcsc,1-14,-0.10620188998077137,25,-0.10618555526997268,WLS,29,1.6334710798690533e-05
1,B_svc,2,0.1738342025931785,25,0.17373769081908705,WLS,29,9.651177409145117e-05
2,UPFC_Vsh,5-15,1.1117701002630884,25,1.106213291744122,WLS,29,0.0055568085189663385
3,UPFC_tsh,5-15,-0.23537390133662414,25,-0.23548505946192488,WLS,29,0.0001111581253007421
4,UPFC_Vse,5-15,0.05908350049230306,25,0.06346467738407933,WLS,29,0.004381176891776278
5,UPFC_tse,5-15,-2.1214206406542315,25,-2.19365574243551,WLS,29,0.07223510178127857
0,x_tcsc,1-14,-0.10619545331623735,26,-0.10618555526997268,WLS,29,9.898046264666949e-06
1,B_svc,2,0.1739245941821514,26,0.17373769081908705,WLS,29,0.00018690336306434463
2,UPFC_Vsh,5-15,1.1117072893166715,26,1.106213291744122,WLS,29,0.005493997572549425
3,UPFC_tsh,5-15,-0.2351861932920892,26,-0.23548505946192488,WLS,29,0.00029886616983568204
4,UPFC_Vse,5-15,0.05879560594696701,26,0.06346467738407933,WLS,29,0.004669071437112322
5,UPFC_tse,5-15,-2.1226047817031146,26,-2.19365574243551,WLS,29,0.07105096073239547
0,x_tcsc,1-14,-0.1062072422422053,27,-0.10618555526997268,WLS,29,2.1686972232620727e-05
1,B_svc,2,0.1733601621927405,27,0.17373769081908705,WLS,29,0.00037752862634654605
2,UPFC_Vsh,5-15,1.1115730135285518,27,1.106213291744122,WLS,29,0.005359721784429672
3,UPFC_tsh,5-15,-0.23527382742597694,27,-0.23548505946192488,WLS,29,0.0002112320359479447
4,UPFC_Vse,5-15,0.05914971308997493,27,0.06346467738407933,WLS,29,0.004314964294104405
5,UPFC_tse,5-15,-2.1261276752742106,27,-2.19365574243551,WLS,29,0.06752806716129944
0,x_tcsc,1-14,-0.10620721432887639,28,-0.10618555526997268,WLS,29,2.165905890370856e-05
1,B_svc,2,0.17393276845283212,28,0.17373769081908705,WLS,29,0.00019507763374507214
2,UPFC_Vsh,5-15,1.1120844185251872,28,1.106213291744122,WLS,29,0.005871126781065161
3,UPFC_tsh,5-15,-0.23525945586302627,28,-0.23548505946192488,WLS,29,0.00022560359889861603
4,UPFC_Vse,5-15,0.05938017735000283,28,0.06346467738407933,WLS,29,0.004084500034076503
5,UPFC_tse,5-15,-2.123713176523138,28,-2.19365574243551,WLS,29,0.06994256591237225
0,x_tcsc,1-14,-0.10620034485477453,29,-0.10618555526997268,WLS,29,1.4789584801847e-05
1,B_svc,2,0.17411654220208841,29,0.17373769081908705,WLS,29,0.0003788513830013662
2,UPFC_Vsh,5-15,1.111521551436861,29,1.106213291744122,WLS,29,0.005308259692738959
3,UPFC_tsh,5-15,-0.2353249284157309,29,-0.23548505946192488,WLS,29,0.00016013104619397311
4,UPFC_Vse,5-15,0.05942690199681598,29,0.06346467738407933,WLS,29,0.004037775387263354
5,UPFC_tse,5-15,-2.1248829832722027,29,-2.19365574243551,WLS,29,0.06877275916330738
0,x_tcsc,1-14,-0.10621591604426775,30,-0.10618555526997268,WLS,29,3.0360774295065673e-05
1,B_svc,2,0.17373590841239345,30,0.17373769081908705,WLS,29,1.7824066936011906e-06
2,UPFC_Vsh,5-15,1.1119070402882703,30,1.106213291744122,WLS,29,0.0056937485441481694
3,UPFC_tsh,5-15,-0.23531677213361282,30,-0.23548505946192488,WLS,29,0.00016828732831206117
4,UPFC_Vse,5-15,0.05984147575677831,30,0.06346467738407933,WLS,29,0.003623201627301023
5,UPFC_tse,5-15,-2.125742760665625,30,-2.19365574243551,WLS,29,0.06791298176988514
0,x_tcsc,1-14,-0.10620400806749103,31,-0.10618555526997268,WLS,29,1.8452797518345165e-05
1,B_svc,2,0.17377247790294406,31,0.17373769081908705,WLS,29,3.478708385701301e-05
2,UPFC_Vsh,5-15,1.111597734610425,31,1.106213291744122,WLS,29,0.005384442866303019
3,UPFC_tsh,5-15,-0.23527492909688566,31,-0.23548505946192488,WLS,29,0.0002101303650392239
4,UPFC_Vse,5-15,0.058929479961964785,31,0.06346467738407933,WLS,29,0.004535197422114549
5,UPFC_tse,5-15,-2.1238603131130915,31,-2.19365574243551,WLS,29,0.06979542932241856
0,x_tcsc,1-14,-0.10618933172028655,32,-0.10618555526997268,WLS,29,3.7764503138665306e-06
1,B_svc,2,0.1741279448402396,32,0.17373769081908705,WLS,29,0.00039025402115255847
2,UPFC_Vsh,5-15,1.1117916269527446,32,1.106213291744122,WLS,29,0.005578335208622498
3,UPFC_tsh,5-15,-0.23529662961708497,32,-0.23548505946192488,WLS,29,0.0001884298448399102
4,UPFC_Vse,5-15,0.058699820101867944,32,0.06346467738407933,WLS,29,0.0047648572822113905
5,UPFC_tse,5-15,-2.1280241308799535,32,-2.19365574243551,WLS,29,0.06563161155555663
0,x_tcsc,1-14,-0.10620283051401994,33,-0.10618555526997268,WLS,29,1.727524404725178e-05
1,B_svc,2,0.17355670539253343,33,0.17373769081908705,WLS,29,0.00018098542655362038
2,UPFC_Vsh,5-15,1.1114498230558825,33,1.106213291744122,WLS,29,0.005236531311760384
3,UPFC_tsh,5-15,-0.2352825072186351,33,-0.23548505946192488,WLS,29,0.00020255224328977195
4,UPFC_Vse,5-15,0.05867783242007204,33,0.06346467738407933,WLS,29,0.004786844964007296
5,UPFC_tse,5-15,-2.12276061049159,33,-2.19365574243551,WLS,29,0.07089513194391994
0,x_tcsc,1-14,-0.10618858117912036,34,-0.10618555526997268,WLS,29,3.02590914767753e-06
1,B_svc,2,0.17348781177884337,34,0.17373769081908705,WLS,29,0.0002498790402436779
2,UPFC_Vsh,5-15,1.1114863983285466,34,1.106213291744122,WLS,29,0.005273106584424481
3,UPFC_tsh,5-15,-0.23535048849279988,34,-0.23548505946192488,WLS,29,0.000134570969125003
4,UPFC_Vse,5-15,0.05925744109463975,34,0.06346467738407933,WLS,29,0.0042072362894395865
5,UPFC_tse,5-15,-2.124743318667888,34,-2.19365574243551,WLS,29,0.06891242376762197
0,x_tcsc,1-14,-0.10619712494447409,35,-0.10618555526997268,WLS,29,1.1569674501402116e-05
1,B_svc,2,0.17346634473087097,35,0.17373769081908705,WLS,29,0.000271346088216079
2,UPFC_Vsh,5-15,1.1116128350167431,35,1.106213291744122,WLS,29,0.0053995432726210435
3,UPFC_tsh,5-15,-0.23525685413660619,35,-0.23548505946192488,WLS,29,0.00022820532531869775
4,UPFC_Vse,5-15,0.0594898143301512,35,0.06346467738407933,WLS,29,0.003974863053928135
5,UPFC_tse,5-15,-2.122488055528886,35,-2.19365574243551,WLS,29,0.071167686906624
0,x_tcsc,1-14,-0.10619999817355297,36,-0.10618555526997268,WLS,29,1.444290358028344e-05
1,B_svc,2,0.17353020755043277,36,0.17373769081908705,WLS,29,0.0002074832686542738
2,UPFC_Vsh,5-15,1.1117356806416265,36,1.106213291744122,WLS,29,0.005522388897504449
3,UPFC_tsh,5-15,-0.2353106532506809,36,-0.23548505946192488,WLS,29,0.0001744062112439826
4,UPFC_Vse,5-15,0.05924150673884734,36,0.06346467738407933,WLS,29,0.004223170645231998
5,UPFC_tse,5-15,-2.127100844161526,36,-2.19365574243551,WLS,29,0.06655489827398409
0,x_tcsc,1-14,-0.10620539294564696,37,-0.10618555526997268,WLS,29,1.983767567427519e-05
1,B_svc,2,0.17385201280160817,37,0.17373769081908705,WLS,29,0.00011432198252112058
2,UPFC_Vsh,5-15,1.1119430610154242,37,1.106213291744122,WLS,29,0.005729769271302088
3,UPFC_tsh,5-15,-0.23525303108096432,37,-0.23548505946192488,WLS,29,0.00023202838096056388
4,UPFC_Vse,5-15,0.05950031174500863,37,0.06346467738407933,WLS,29,0.0039643656390707036
5,UPFC_tse,5-15,-2.1247584112645175,37,-2.19365574243551,WLS,29,0.06889733117099262
0,x_tcsc,1-14,-0.10619279475503214,38,-0.10618555526997268,WLS,29,7.23948505945704e-06
1,B_svc,2,0.1736268332998452,38,0.17373769081908705,WLS,29,0.00011085751924183596
2,UPFC_Vsh,5-15,1.1119849004942532,38,1.106213291744122,WLS,29,0.005771608750131163
3,UPFC_tsh,5-15,-0.23528487061369074,38,-0.23548505946192488,WLS,29,0.00020018884823413963
4,UPFC_Vse,5-15,0.059098750052417034,38,0.06346467738407933,WLS,29,0.0043659273316623
5,UPFC_tse,5-15,-2.1258089312714095,38,-2.19365574243551,WLS,29,0.06784681116410063
0,x_tcsc,1-14,-0.10619110573519112,39,-0.10618555526997268,WLS,29,5.550465218440159e-06
1,B_svc,2,0.17365138760363766,39,0.17373769081908705,WLS,29,8.630321544939035e-05
2,UPFC_Vsh,5-15,1.111673641533374,39,1.106213291744122,WLS,29,0.005460349789251806
3,UPFC_tsh,5-15,-0.23518058852044887,39,-0.23548505946192488,WLS,29,0.0003044709414760094
4,UPFC_Vse,5-15,0.05860244458228281,39,0.06346467738407933,WLS,29,0.004862232801796526
5,UPFC_tse,5-15,-2.125220640661641,39,-2.19365574243551,WLS,29,0.06843510177386891
0,x_tcsc,1-14,-0.10619579498983499,40,-0.10618555526997268,WLS,29,1.0239719862303875e-05
1,B_svc,2,0.1740489997841108,40,0.17373769081908705,WLS,29,0.0003113089650237655
2,UPFC_Vsh,5-15,1.111978111674624,40,1.106213291744122,WLS,29,0.005764819930501819
3,UPFC_tsh,5-15,-0.2352566532716229,40,-0.23548505946192488,WLS,29,0.00022840619030198295
4,UPFC_Vse,5-15,0.05938967486654889,40,0.06346467738407933,WLS,29,0.004075002517530443
5,UPFC_tse,5-15,-2.1258497493952717,40,-2.19365574243551,WLS,29,0.06780599304023838
0,x_tcsc,1-14,-0.10620495242232254,41,-0.10618555526997268,WLS,29,1.939715234985928e-05
1,B_svc,2,0.17342349697814385,41,0.17373769081908705,WLS,29,0.00031419384094319436
2,UPFC_Vsh,5-15,1.1113147898700202,41,1.106213291744122,WLS,29,0.005101498125898107
3,UPFC_tsh,5-15,-0.23530754329642664,41,-0.23548505946192488,WLS,29,0.00017751616549824267
4,UPFC_Vse,5-15,0.05888306922739679,41,0.06346467738407933,WLS,29,0.004581608156682543
5,UPFC_tse,5-15,-2.1237234719080242,41,-2.19365574243551,WLS,29,0.06993227052748585
0,x_tcsc,1-14,-0.10619149373829329,42,-0.10618555526997268,WLS,29,5.93846832060152e-06
1,B_svc,2,0.1737925950615269,42,0.17373769081908705,WLS,29,5.490424243984049e-05
2,UPFC_Vsh,5-15,1.1117300808795285,42,1.106213291744122,WLS,29,0.00551678913540643
3,UPFC_tsh,5-15,-0.23533023968797306,42,-0.23548505946192488,WLS,29,0.00015481977395181978
4,UPFC_Vse,5-15,0.05919501074858235,42,0.06346467738407933,WLS,29,0.004269666635496987
5,UPFC_tse,5-15,-2.128954923872128,42,-2.19365574243551,WLS,29,0.06470081856338217
0,x_tcsc,1-14,-0.10620151591431773,43,-0.10618555526997268,WLS,29,1.596064434504496e-05
1,B_svc,2,0.1734695118175302,43,0.17373769081908705,WLS,29,0.00026817900155684526
2,UPFC_Vsh,5-15,1.1116538020240865,43,1.106213291744122,WLS,29,0.0054405102799643945
3,UPFC_tsh,5-15,-0.23524395313484386,43,-0.23548505946192488,WLS,29,0.00024110632708101987
4,UPFC_Vse,5-15,0.059212149593784534,43,0.06346467738407933,WLS,29,0.004252527790294801
5,UPFC_tse,5-15,-2.123033937428669,43,-2.19365574243551,WLS,29,0.07062180500684123
0,x_tcsc,1-14,-0.10620900771627917,44,-0.10618555526997268,WLS,29,2.345244630648502e-05
1,B_svc,2,0.17359622610683226,44,0.17373769081908705,WLS,29,0.00014146471225479074
2,UPFC_Vsh,5-15,1.1118862977745012,44,1.106213291744122,WLS,29,0.005673006030379124
3,UPFC_tsh,5-15,-0.23530588072830622,44,-0.23548505946192488,WLS,29,0.00017917873361866787
4,UPFC_Vse,5-15,0.05976177627435276,44,0.06346467738407933,WLS,29,0.0037029011097265765
5,UPFC_tse,5-15,-2.1181815192650832,44,-2.19365574243551,WLS,29,0.07547422317042685
0,x_tcsc,1-14,-0.1061902086545307,45,-0.10618555526997268,WLS,29,4.65338455801767e-06
1,B_svc,2,0.1736356012113188,45,0.17373769081908705,WLS,29,0.00010208960776825204
2,UPFC_Vsh,5-15,1.1115109233639686,45,1.106213291744122,WLS,29,0.005297631619846532
3,UPFC_tsh,5-15,-0.23527952915015193,45,-0.23548505946192488,WLS,29,0.00020553031177295011
4,UPFC_Vse,5-15,0.05921694111573043,45,0.06346467738407933,WLS,29,0.0042477362683489076
5,UPFC_tse,5-15,-2.121380482494369,45,-2.19365574243551,WLS,29,0.07227525994114092
0,x_tcsc,1-14,-0.10619439338492262,46,-0.10618555526997268,WLS,29,8.838114949935583e-06
1,B_svc,2,0.1738240026934434,46,0.17373769081908705,WLS,29,8.631187435634291e-05
2,UPFC_Vsh,5-15,1.1118089433564147,46,1.106213291744122,WLS,29,0.005595651612292585
3,UPFC_tsh,5-15,-0.23523933632959781,46,-0.23548505946192488,WLS,29,0.0002457231323270692
4,UPFC_Vse,5-15,0.05882528145762353,46,0.06346467738407933,WLS,29,0.0046393959264558055
5,UPFC_tse,5-15,-2.122995387430843,46,-2.19365574243551,WLS,29,0.07066035500466716
0,x_tcsc,1-14,-0.10620466940937148,47,-0.10618555526997268,WLS,29,1.911413939879869e-05
1,B_svc,2,0.17351186250966533,47,0.17373769081908705,WLS,29,0.00022582830942172172
2,UPFC_Vsh,5-15,1.1116502945766638,47,1.106213291744122,WLS,29,0.005437002832541671
3,UPFC_tsh,5-15,-0.23530492117349108,47,-0.23548505946192488,WLS,29,0.00018013828843380097
4,UPFC_Vse,5-15,0.059587977490677006,47,0.06346467738407933,WLS,29,0.0038766998934023286
5,UPFC_tse,5-15,-2.1243270860552315,47,-2.19365574243551,WLS,29,0.06932865638027863
0,x_tcsc,1-14,-0.10619383723811937,48,-0.10618555526997268,WLS,29,8.281968146686691e-06
1,B_svc,2,0.17399046892554537,48,0.17373769081908705,WLS,29,0.00025277810645832344
2,UPFC_Vsh,5-15,1.1114097868135198,48,1.106213291744122,WLS,29,0.0051964950693976775
3,UPFC_tsh,5-15,-0.23530838470642995,48,-0.23548505946192488,WLS,29,0.00017667475549493217
4,UPFC_Vse,5-15,0.05926086224241772,48,0.06346467738407933,WLS,29,0.004203815141661613
5,UPFC_tse,5-15,-2.124769283520013,48,-2.19365574243551,WLS,29,0.06888645891549716
0,x_tcsc,1-14,-0.1062099431771275,49,-0.10618555526997268,WLS,29,2.4387907154810318e-05
1,B_svc,2,0.1735559283807492,49,0.17373769081908705,WLS,29,0.00018176243833784023
2,UPFC_Vsh,5-15,1.1117801780688836,49,1.106213291744122,WLS,29,0.005566886324761544
3,UPFC_tsh,5-15,-0.2352417212696084,49,-0.23548505946192488,WLS,29,0.0002433381923164779
4,UPFC_Vse,5-15,0.05889517496987434,49,0.06346467738407933,WLS,29,0.004569502414204993
5,UPFC_tse,5-15,-2.124154015783948,49,-2.19365574243551,WLS,29,0.06950172665156229
0,x_tcsc,1-14,-0.10620613250997724,50,-0.10618555526997268,WLS,29,2.0577240004551745e-05
1,B_svc,2,0.17338688504150446,50,0.17373769081908705,WLS,29,0.00035080577758259124
2,UPFC_Vsh,5-15,1.111381866650666,50,1.106213291744122,WLS,29,0.005168574906543988
3,UPFC_tsh,5-15,-0.23532651407737523,50,-0.23548505946192488,WLS,29,0.00015854538454965206
4,UPFC_Vse,5-15,0.05919201563872116,50,0.06346467738407933,WLS,29,0.004272661745358175
5,UPFC_tse,5-15,-2.125218071616771,50,-2.19365574243551,WLS,29,0.06843767081873908
0,x_tcsc,1-14,-0.10620833876812014,51,-0.10618555526997268,WLS,29,2.2783498147452286e-05
1,B_svc,2,0.17398974209185505,51,0.17373769081908705,WLS,29,0.00025205127276800576
2,UPFC_Vsh,5-15,1.1116752244282968,51,1.106213291744122,WLS,29,0.0054619326841747196
3,UPFC_tsh,5-15,-0.2353017237017283,51,-0.23548505946192488,WLS,29,0.00018333576019657905
4,UPFC_Vse,5-15,0.05931788827776267,51,0.06346467738407933,WLS,29,0.004146789106316662
5,UPFC_tse,5-15,-2.12411277139084,51,-2.19365574243551,WLS,29,0.06954297104467022
0,x_tcsc,1-14,-0.1061988667465843,52,-0.10618555526997268,WLS,29,1.3311476611613249e-05
1,B_svc,2,0.17383503175870177,52,0.17373769081908705,WLS,29,9.734093961472068e-05
2,UPFC_Vsh,5-15,1.111581133419027,52,1.106213291744122,WLS,29,0.005367841674905005
3,UPFC_tsh,5-15,-0.2352863038952923,52,-0.23548505946192488,WLS,29,0.00019875556663259686
4,UPFC_Vse,5-15,0.05928877916053364,52,0.06346467738407933,WLS,29,0.004175898223545693
5,UPFC_tse,5-15,-2.122486140172979,52,-2.19365574243551,WLS,29,0.07116960226253122
0,x_tcsc,1-14,-0.10619247649858599,53,-0.10618555526997268,WLS,29,6.921228613301911e-06
1,B_svc,2,0.17342713574739926,53,0.17373769081908705,WLS,29,0.00031055507168778473
2,UPFC_Vsh,5-15,1.1116705018061832,53,1.106213291744122,WLS,29,0.005457210062061124
3,UPFC_tsh,5-15,-0.23523179592109714,53,-0.23548505946192488,WLS,29,0.00025326354082774727
4,UPFC_Vse,5-15,0.05882633150694216,53,0.06346467738407933,WLS,29,0.0046383458771371774
5,UPFC_tse,5-15,-2.126721682730772,53,-2.19365574243551,WLS,29,0.06693405970473831
0,x_tcsc,1-14,-0.10620541607480836,54,-0.10618555526997268,WLS,29,1.9860804835680756e-05
1,B_svc,2,0.17424824177292847,54,0.17373769081908705,WLS,29,0.000510550953841421
2,UPFC_Vsh,5-15,1.1116462300101968,54,1.106213291744122,WLS,29,0.005432938266074716
3,UPFC_tsh,5-15,-0.23523647846022538,54,-0.23548505946192488,WLS,29,0.00024858100169949937
4,UPFC_Vse,5-15,0.05891452020152246,54,0.06346467738407933,WLS,29,0.0045501571825568715
5,UPFC_tse,5-15,-2.1256848191573905,54,-2.19365574243551,WLS,29,0.0679709232781196
0,x_tcsc,1-14,-0.10619676096771206,55,-0.10618555526997268,WLS,29,1.1205697739380405e-05
1,B_svc,2,0.17350313293567957,55,0.17373769081908705,WLS,29,0.0002345578834074824
2,UPFC_Vsh,5-15,1.1119586865014275,55,1.106213291744122,WLS,29,0.0057453947573054
3,UPFC_tsh,5-15,-0.23528894506781867,55,-0.23548505946192488,WLS,29,0.00019611439410621712
4,UPFC_Vse,5-15,0.059441494097821256,55,0.06346467738407933,WLS,29,0.004023183286258079
5,UPFC_tse,5-15,-2.1223091139878902,55,-2.19365574243551,WLS,29,0.07134662844761985
0,x_tcsc,1-14,-0.10620497065786547,56,-0.10618555526997268,WLS,29,1.9415387892782188e-05
1,B_svc,2,0.17404497907429112,56,0.17373769081908705,WLS,29,0.000307288255204069
2,UPFC_Vsh,5-15,1.1115505061361963,56,1.106213291744122,WLS,29,0.005337214392074241
3,UPFC_tsh,5-15,-0.23526173771511025,56,-0.23548505946192488,WLS,29,0.00022332174681463646
4,UPFC_Vse,5-15,0.05912215359313653,56,0.06346467738407933,WLS,29,0.004342523790942805
5,UPFC_tse,5-15,-2.1215869894356145,56,-2.19365574243551,WLS,29,0.07206875299989557
0,x_tcsc,1-14,-0.1061972111634724,57,-0.10618555526997268,WLS,29,1.1655893499717962e-05
1,B_svc,2,0.17342348358141307,57,0.17373769081908705,WLS,29,0.0003142072376739746
2,UPFC_Vsh,5-15,1.1117229069257932,57,1.106213291744122,WLS,29,0.005509615181671146
3,UPFC_tsh,5-15,-0.23528570475557398,57,-0.23548505946192488,WLS,29,0.00019935470635090713
4,UPFC_Vse,5-15,0.0593281480327448,57,0.06346467738407933,WLS,29,0.004136529351334538
5,UPFC_tse,5-15,-2.1239683970276553,57,-2.19365574243551,WLS,29,0.06968734540785482
0,x_tcsc,1-14,-0.10621138411559382,58,-0.10618555526997268,WLS,29,2.582884562113419e-05
1,B_svc,2,0.17348687999432827,58,0.17373769081908705,WLS,29,0.00025081082475877925
2,UPFC_Vsh,5-15,1.1116689038215894,58,1.106213291744122,WLS,29,0.005455612077467364
3,UPFC_tsh,5-15,-0.23526743560257418,58,-0.23548505946192488,WLS,29,0.00021762385935070183
4,UPFC_Vse,5-15,0.05893215531496305,58,0.06346467738407933,WLS,29,0.004532522069116286
5,UPFC_tse,5-15,-2.1249819444094897,58,-2.19365574243551,WLS,29,0.06867379802602036
0,x_tcsc,1-14,-0.10620055882666617,59,-0.10618555526997268,WLS,29,1.5003556693482523e-05
1,B_svc,2,0.1735396376136579,59,0.17373769081908705,WLS,29,0.0001980532054291495
2,UPFC_Vsh,5-15,1.1118241954120751,59,1.106213291744122,WLS,29,0.005610903667953027
3,UPFC_tsh,5-15,-0.2352428789718224,59,-0.23548505946192488,WLS,29,0.00024218049010249487
4,UPFC_Vse,5-15,0.059394417324519784,59,0.06346467738407933,WLS,29,0.004070260059559551
5,UPFC_tse,5-15,-2.1211275609334552,59,-2.19365574243551,WLS,29,0.07252818150205487
0,x_tcsc,1-14,-0.1061879702821238,60,-0.10618555526997268,WLS,29,2.415012151119056e-06
1,B_svc,2,0.17373456725715658,60,0.17373769081908705,WLS,29,3.123561930468144e-06
2,UPFC_Vsh,5-15,1.1118356340252529,60,1.106213291744122,WLS,29,0.005622342281130788
3,UPFC_tsh,5-15,-0.23530118694942745,60,-0.23548505946192488,WLS,29,0.00018387251249743497
4,UPFC_Vse,5-15,0.05948811114621642,60,0.06346467738407933,WLS,29,0.003976566237862918
5,UPFC_tse,5-15,-2.121338320406325,60,-2.19365574243551,WLS,29,0.0723174220291849
0,x_tcsc,1-14,-0.10619617576141767,61,-0.10618555526997268,WLS,29,1.0620491444984781e-05
1,B_svc,2,0.1733035832033158,61,0.17373769081908705,WLS,29,0.00043410761577125645
2,UPFC_Vsh,5-15,1.111672283466536,61,1.106213291744122,WLS,29,0.005458991722413931
3,UPFC_tsh,5-15,-0.23530894918286913,61,-0.23548505946192488,WLS,29,0.00017611027905575782
4,UPFC_Vse,5-15,0.059375579173107804,61,0.06346467738407933,WLS,29,0.004089098210971531
5,UPFC_tse,5-15,-2.1249712356547708,61,-2.19365574243551,WLS,29,0.06868450678073934
0,x_tcsc,1-14,-0.10619807630252338,62,-0.10618555526997268,WLS,29,1.2521032550699696e-05
1,B_svc,2,0.1738693008590472,62,0.17373769081908705,WLS,29,0.00013161003996015053
2,UPFC_Vsh,5-15,1.111646863715025,62,1.106213291744122,WLS,29,0.005433571970902884
3,UPFC_tsh,5-15,-0.23531285298064464,62,-0.23548505946192488,WLS,29,0.00017220648128024596
4,UPFC_Vse,5-15,0.059390139951517776,62,0.06346467738407933,WLS,29,0.004074537432561559
5,UPFC_tse,5-15,-2.124530469148066,62,-2.19365574243551,WLS,29,0.06912527328744389
0,x_tcsc,1-14,-0.10619503896641053,63,-0.10618555526997268,WLS,29,9.483696437842526e-06
1,B_svc,2,0.17370609445474802,63,0.17373769081908705,WLS,29,3.159636433902602e-05
2,UPFC_Vsh,5-15,1.1116238109841108,63,1.106213291744122,WLS,29,0.005410519239988698
3,UPFC_tsh,5-15,-0.23530781403174422,63,-0.23548505946192488,WLS,29,0.0001772454301806614
4,UPFC_Vse,5-15,0.05920106920171076,63,0.06346467738407933,WLS,29,0.004263608182368574
5,UPFC_tse,5-15,-2.1261158079834717,63,-2.19365574243551,WLS,29,0.06753993445203843
0,x_tcsc,1-14,-0.10620195309545259,64,-0.10618555526997268,WLS,29,1.639782547990798e-05
1,B_svc,2,0.17377985494073267,64,0.17373769081908705,WLS,29,4.2164121645621444e-05
2,UPFC_Vsh,5-15,1.1119160240548804,64,1.106213291744122,WLS,29,0.005702732310758352
3,UPFC_tsh,5-15,-0.23522716328393473,64,-0.23548505946192488,WLS,29,0.00025789617799015785
4,UPFC_Vse,5-15,0.05943116966262245,64,0.06346467738407933,WLS,29,0.004033507721456886
5,UPFC_tse,5-15,-2.1274909924034473,64,-2.19365574243551,WLS,29,0.06616475003206279
0,x_tcsc,1-14,-0.10620451889898024,65,-0.10618555526997268,WLS,29,1.896362900755122e-05
1,B_svc,2,0.17352542803622648,65,0.17373769081908705,WLS,29,0.00021226278286057276
2,UPFC_Vsh,5-15,1.111708172368618,65,1.106213291744122,WLS,29,0.005494880624495879
3,UPFC_tsh,5-15,-0.23529764063768543,65,-0.23548505946192488,WLS,29,0.00018741882423944922
4,UPFC_Vse,5-15,0.05930833527184324,65,0.06346467738407933,WLS,29,0.004156342112236096
5,UPFC_tse,5-15,-2.122101983166407,65,-2.19365574243551,WLS,29,0.0715537592691029
0,x_tcsc,1-14,-0.1062026241202358,66,-0.10618555526997268,WLS,29,1.7068850263118884e-05
1,B_svc,2,0.17372592964801822,66,0.17373769081908705,WLS,29,1.1761171068824794e-05
2,UPFC_Vsh,5-15,1.1118170800853295,66,1.106213291744122,WLS,29,0.00560378834120745
3,UPFC_tsh,5-15,-0.2352858287810963,66,-0.23548505946192488,WLS,29,0.00019923068082858264
4,UPFC_Vse,5-15,0.05945069251242553,66,0.06346467738407933,WLS,29,0.004013984871653803
5,UPFC_tse,5-15,-2.1229273171373944,66,-2.19365574243551,WLS,29,0.07072842529811574
0,x_tcsc,1-14,-0.10621428953709794,67,-0.10618555526997268,WLS,29,2.8734267125254953e-05
1,B_svc,2,0.17331823785200193,67,0.17373769081908705,WLS,29,0.00041945296708512103
2,UPFC_Vsh,5-15,1.1118579448146804,67,1.106213291744122,WLS,29,0.005644653070558281
3,UPFC_tsh,5-15,-0.23522804877811795,67,-0.23548505946192488,WLS,29,0.0002570106838069297
4,UPFC_Vse,5-15,0.05920648862014172,67,0.06346467738407933,WLS,29,0.004258188763937618
5,UPFC_tse,5-15,-2.125430924156803,67,-2.19365574243551,WLS,29,0.0682248182787073
0,x_tcsc,1-14,-0.10619300251638426,68,-0.10618555526997268,WLS,29,7.447246411579345e-06
1,B_svc,2,0.17376961118727088,68,0.17373769081908705,WLS,29,3.192036818383537e-05
2,UPFC_Vsh,5-15,1.1117631470575104,68,1.106213291744122,WLS,29,0.005549855313388363
3,UPFC_tsh,5-15,-0.23529874350230776,68,-0.23548505946192488,WLS,29,0.0001863159596171282
4,UPFC_Vse,5-15,0.059488596386026785,68,0.06346467738407933,WLS,29,0.00397608099805255
5,UPFC_tse,5-15,-2.123301552812847,68,-2.19365574243551,WLS,29,0.07035418962266293
0,x_tcsc,1-14,-0.10619659776264175,69,-0.10618555526997268,WLS,29,1.10424926690611e-05
1,B_svc,2,0.17415756673412788,69,0.17373769081908705,WLS,29,0.0004198759150408349
2,UPFC_Vsh,5-15,1.1114872992701756,69,1.106213291744122,WLS,29,0.005274007526053559
3,UPFC_tsh,5-15,-0.23531495887833445,69,-0.23548505946192488,WLS,29,0.00017010058359043234
4,UPFC_Vse,5-15,0.059196138563477066,69,0.06346467738407933,WLS,29,0.004268538820602269
5,UPFC_tse,5-15,-2.123290366479314,69,-2.19365574243551,WLS,29,0.07036537595619619
0,x_tcsc,1-14,-0.10619236308538411,70,-0.10618555526997268,WLS,29,6.807815411430385e-06
1,B_svc,2,0.1732446615930459,70,0.17373769081908705,WLS,29,0.0004930292260411362
2,UPFC_Vsh,5-15,1.1115038931059051,70,1.106213291744122,WLS,29,0.005290601361783054
3,UPFC_tsh,5-15,-0.23527878448176082,70,-0.23548505946192488,WLS,29,0.0002062749801640673
4,UPFC_Vse,5-15,0.05942598141219041,70,0.06346467738407933,WLS,29,0.004038695971888925
5,UPFC_tse,5-15,-2.1227324141123893,70,-2.19365574243551,WLS,29,0.07092332832312076
0,x_tcsc,1-14,-0.10620759136945526,71,-0.10618555526997268,WLS,29,2.203609948257801e-05
1,B_svc,2,0.17355002326775193,71,0.17373769081908705,WLS,29,0.00018766755133511892
2,UPFC_Vsh,5-15,1.1117416202294066,71,1.106213291744122,WLS,29,0.005528328485284506
3,UPFC_tsh,5-15,-0.23522277382229578,71,-0.23548505946192488,WLS,29,0.0002622856396291007
4,UPFC_Vse,5-15,0.05934731715488038,71,0.06346467738407933,WLS,29,0.004117360229198952
5,UPFC_tse,5-15,-2.1246698194747466,71,-2.19365574243551,WLS,29,0.06898592296076345
0,x_tcsc,1-14,-0.10619478722137402,72,-0.10618555526997268,WLS,29,9.231951401331151e-06
1,B_svc,2,0.1739101700577358,72,0.17373769081908705,WLS,29,0.00017247923864874282
2,UPFC_Vsh,5-15,1.1119911720178361,72,1.106213291744122,WLS,29,0.005777880273714064
3,UPFC_tsh,5-15,-0.23521838277713078,72,-0.23548505946192488,WLS,29,0.0002666766847941038
4,UPFC_Vse,5-15,0.05886713359755014,72,0.06346467738407933,WLS,29,0.0045975437865291915
5,UPFC_tse,5-15,-2.123868947644859,72,-2.19365574243551,WLS,29,0.0697867947906512
0,x_tcsc,1-14,-0.10619238508803418,73,-0.10618555526997268,WLS,29,6.829818061493409e-06
1,B_svc,2,0.17380479916635433,73,0.17373769081908705,WLS,29,6.710834726728065e-05
2,UPFC_Vsh,5-15,1.1117117732392978,73,1.106213291744122,WLS,29,0.005498481495175733
3,UPFC_tsh,5-15,-0.23535369234057965,73,-0.23548505946192488,WLS,29,0.00013136712134523276
4,UPFC_Vse,5-15,0.05909468656089474,73,0.06346467738407933,WLS,29,0.004369990823184594
5,UPFC_tse,5-15,-2.1256949510586542,73,-2.19365574243551,WLS,29,0.06796079137685584
0,x_tcsc,1-14,-0.10618758618166362,74,-0.10618555526997268,WLS,29,2.0309116909311697e-06
1,B_svc,2,0.17378397687958433,74,0.17373769081908705,WLS,29,4.6286060497280346e-05
2,UPFC_Vsh,5-15,1.111418751174467,74,1.106213291744122,WLS,29,0.005205459430345005
3,UPFC_tsh,5-15,-0.2352504947184379,74,-0.23548505946192488,WLS,29,0.00023456474348698686
4,UPFC_Vse,5-15,0.059191327191864616,74,0.06346467738407933,WLS,29,0.0042733501922147185
5,UPFC_tse,5-15,-2.1238647256711674,74,-2.19365574243551,WLS,29,0.06979101676434274
0,x_tcsc,1-14,-0.10619934098564147,75,-0.10618555526997268,WLS,29,1.3785715668790388e-05
1,B_svc,2,0.17357551900162307,75,0.17373769081908705,WLS,29,0.00016217181746397413
2,UPFC_Vsh,5-15,1.111619881772494,75,1.106213291744122,WLS,29,0.00540659002837196
3,UPFC_tsh,5-15,-0.23519013318501564,75,-0.23548505946192488,WLS,29,0.00029492627690924644
4,UPFC_Vse,5-15,0.05917442238620427,75,0.06346467738407933,WLS,29,0.004290254997875068
5,UPFC_tse,5-15,-2.1229035202718083,75,-2.19365574243551,WLS,29,0.0707522221637018
0,x_tcsc,1-14,-0.10620677364200852,76,-0.10618555526997268,WLS,29,2.1218372035836097e-05
1,B_svc,2,0.17397586556812178,76,0.17373769081908705,WLS,29,0.0002381747490347308
2,UPFC_Vsh,5-15,1.111546394497185,76,1.106213291744122,WLS,29,0.005333102753062979
3,UPFC_tsh,5-15,-0.23528496777984723,76,-0.23548505946192488,WLS,29,0.0002000916820776577
4,UPFC_Vse,5-15,0.05952528926743995,76,0.06346467738407933,WLS,29,0.003939388116639388
5,UPFC_tse,5-15,-2.123619340956827,76,-2.19365574243551,WLS,29,0.07003640147868317
0,x_tcsc,1-14,-0.10619152975450148,77,-0.10618555526997268,WLS,29,5.9744845287978965e-06
1,B_svc,2,0.17376951451933634,77,0.17373769081908705,WLS,29,3.182370024928938e-05
2,UPFC_Vsh,5-15,1.1114858472256013,77,1.106213291744122,WLS,29,0.005272555481479202
3,UPFC_tsh,5-15,-0.23527544242548343,77,-0.23548505946192488,WLS,29,0.00020961703644145624
4,UPFC_Vse,5-15,0.059487661776263134,77,0.06346467738407933,WLS,29,0.0039770156078162006
5,UPFC_tse,5-15,-2.121215402265812,77,-2.19365574243551,WLS,29,0.07244034016969803
0,x_tcsc,1-14,-0.10620837648135138,78,-0.10618555526997268,WLS,29,2.2821211378698525e-05
1,B_svc,2,0.17333637456400633,78,0.17373769081908705,WLS,29,0.0004013162550807192
2,UPFC_Vsh,5-15,1.1118166982435316,78,1.106213291744122,WLS,29,0.005603406499409491
3,UPFC_tsh,5-15,-0.23526180532667712,78,-0.23548505946192488,WLS,29,0.0002232541352477635
4,UPFC_Vse,5-15,0.05934517843088417,78,0.06346467738407933,WLS,29,0.004119498953195168
5,UPFC_tse,5-15,-2.125287028840414,78,-2.19365574243551,WLS,29,0.06836871359509589
0,x_tcsc,1-14,-0.10619463794686088,79,-0.10618555526997268,WLS,29,9.082676888191865e-06
1,B_svc,2,0.17374451725613307,79,0.17373769081908705,WLS,29,6.826437046025813e-06
2,UPFC_Vsh,5-15,1.1117417911297305,79,1.106213291744122,WLS,29,0.005528499385608399
3,UPFC_tsh,5-15,-0.23528594268597908,79,-0.23548505946192488,WLS,29,0.0001991167759458068
4,UPFC_Vse,5-15,0.05914365459094461,79,0.06346467738407933,WLS,29,0.004321022793134725
5,UPFC_tse,5-15,-2.1238106956212164,79,-2.19365574243551,WLS,29,0.06984504681429371
0,x_tcsc,1-14,-0.10620065682704322,80,-0.10618555526997268,WLS,29,1.5101557070532068e-05
1,B_svc,2,0.17364722237541824,80,0.17373769081908705,WLS,29,9.046844366880635e-05
2,UPFC_Vsh,5-15,1.1116775998046577,80,1.106213291744122,WLS,29,0.005464308060535661
3,UPFC_tsh,5-15,-0.2352735945600548,80,-0.23548505946192488,WLS,29,0.00021146490187007316
4,UPFC_Vse,5-15,0.05943677808657501,80,0.06346467738407933,WLS,29,0.004027899297504328
5,UPFC_tse,5-15,-2.124712325542608,80,-2.19365574243551,WLS,29,0.06894341689290195
0,x_tcsc,1-14,-0.1061975372570066,81,-0.10618555526997268,WLS,29,1.198198703392106e-05
1,B_svc,2,0.1735195610370461,81,0.17373769081908705,WLS,29,0.00021812978204094335
2,UPFC_Vsh,5-15,1.1118782208839524,81,1.106213291744122,WLS,29,0.005664929139830299
3,UPFC_tsh,5-15,-0.2352610547016636,81,-0.23548505946192488,WLS,29,0.00022400476026127047
4,UPFC_Vse,5-15,0.05881691413246055,81,0.06346467738407933,WLS,29,0.0046477632516187875
5,UPFC_tse,5-15,-2.125284087506135,81,-2.19365574243551,WLS,29,0.06837165492937514
0,x_tcsc,1-14,-0.10618426049414846,82,-0.10618555526997268,WLS,29,1.2947758242232155e-06
1,B_svc,2,0.17360073955359415,82,0.17373769081908705,WLS,29,0.0001369512654929017
2,UPFC_Vsh,5-15,1.111595227275012,82,1.106213291744122,WLS,29,0.0053819355308899475
3,UPFC_tsh,5-15,-0.23528211724349254,82,-0.23548505946192488,WLS,29,0.00020294221843233928
4,UPFC_Vse,5-15,0.059216400351562455,82,0.06346467738407933,WLS,29,0.00424827703251688
5,UPFC_tse,5-15,-2.1206893840452947,82,-2.19365574243551,WLS,29,0.07296635839021537
0,x_tcsc,1-14,-0.10619213619297346,83,-0.10618555526997268,WLS,29,6.58092300077906e-06
1,B_svc,2,0.17412772973226168,83,0.17373769081908705,WLS,29,0.00039003891317462847
2,UPFC_Vsh,5-15,1.111760611587614,83,1.106213291744122,WLS,29,0.0055473198434918825
3,UPFC_tsh,5-15,-0.2352849282154072,83,-0.23548505946192488,WLS,29,0.00020013124651768743
4,UPFC_Vse,5-15,0.05928027993133474,83,0.06346467738407933,WLS,29,0.004184397452744598
5,UPFC_tse,5-15,-2.123381750421684,83,-2.19365574243551,WLS,29,0.070273992013826
0,x_tcsc,1-14,-0.10619753755530273,84,-0.10618555526997268,WLS,29,1.1982285330044973e-05
1,B_svc,2,0.1737502646503939,84,0.17373769081908705,WLS,29,1.257383130684464e-05
2,UPFC_Vsh,5-15,1.1115567431465165,84,1.106213291744122,WLS,29,0.00534345140239445
3,UPFC_tsh,5-15,-0.23533516301217308,84,-0.23548505946192488,WLS,29,0.00014989644975180183
4,UPFC_Vse,5-15,0.05986000338728935,84,0.06346467738407933,WLS,29,0.0036046739967899866
5,UPFC_tse,5-15,-2.1245726790227084,84,-2.19365574243551,WLS,29,0.06908306341280168
0,x_tcsc,1-14,-0.10620267836111684,85,-0.10618555526997268,WLS,29,1.7123091144155556e-05
1,B_svc,2,0.1736275577708107,85,0.17373769081908705,WLS,29,0.00011013304827633963
2,UPFC_Vsh,5-15,1.1116399289077559,85,1.106213291744122,WLS,29,0.005426637163633785
3,UPFC_tsh,5-15,-0.23526624997347206,85,-0.23548505946192488,WLS,29,0.00021880948845282022
4,UPFC_Vse,5-15,0.05920298341084748,85,0.06346467738407933,WLS,29,0.004261693973231853
5,UPFC_tse,5-15,-2.1247869469856293,85,-2.19365574243551,WLS,29,0.06886879544988078
0,x_tcsc,1-14,-0.10620777262951085,86,-0.10618555526997268,WLS,29,2.2217359538168058e-05
1,B_svc,2,0.17369331313653563,86,0.17373769081908705,WLS,29,4.4377682551416386e-05
2,UPFC_Vsh,5-15,1.1115140348704218,86,1.106213291744122,WLS,29,0.00530074312629969
3,UPFC_tsh,5-15,-0.2352808135736824,86,-0.23548505946192488,WLS,29,0.00020424588824247136
4,UPFC_Vse,5-15,0.05960149230367191,86,0.06346467738407933,WLS,29,0.003863185080407422
5,UPFC_tse,5-15,-2.1240665377274066,86,-2.19365574243551,WLS,29,0.06958920470810348
0,x_tcsc,1-14,-0.10620821714353866,87,-0.10618555526997268,WLS,29,2.266187356597671e-05
1,B_svc,2,0.17366268954784841,87,0.17373769081908705,WLS,29,7.500127123863387e-05
2,UPFC_Vsh,5-15,1.1115643841619294,87,1.106213291744122,WLS,29,0.0053510924178072905
3,UPFC_tsh,5-15,-0.23524871860172575,87,-0.23548505946192488,WLS,29,0.0002363408601991357
4,UPFC_Vse,5-15,0.05901018777473927,87,0.06346467738407933,WLS,29,0.0044544896093400635
5,UPFC_tse,5-15,-2.1233104195593215,87,-2.19365574243551,WLS,29,0.07034532287618855
0,x_tcsc,1-14,-0.10620897306994662,88,-0.10618555526997268,WLS,29,2.341779997393212e-05
1,B_svc,2,0.17429851684958136,88,0.17373769081908705,WLS,29,0.0005608260304943158
2,UPFC_Vsh,5-15,1.1116038550874454,88,1.106213291744122,WLS,29,0.005390563343323329
3,UPFC_tsh,5-15,-0.23526383152974448,88,-0.23548505946192488,WLS,29,0.0002212279321804067
4,UPFC_Vse,5-15,0.05908161958673933,88,0.06346467738407933,WLS,29,0.004383057797340002
5,UPFC_tse,5-15,-2.1226164388273285,88,-2.19365574243551,WLS,29,0.07103930360818156
0,x_tcsc,1-14,-0.10619898737944428,89,-0.10618555526997268,WLS,29,1.3432109471592235e-05
1,B_svc,2,0.17351532319792437,89,0.17373769081908705,WLS,29,0.00022236762116267794
2,UPFC_Vsh,5-15,1.1116356947473278,89,1.106213291744122,WLS,29,0.0054224030032057335
3,UPFC_tsh,5-15,-0.23531116543464733,89,-0.23548505946192488,WLS,29,0.0001738940272775491
4,UPFC_Vse,5-15,0.05910089346137548,89,0.06346467738407933,WLS,29,0.004363783922703854
5,UPFC_tse,5-15,-2.1243623300179078,89,-2.19365574243551,WLS,29,0.06929341241760234
0,x_tcsc,1-14,-0.10620349868756211,90,-0.10618555526997268,WLS,29,1.7943417589427746e-05
1,B_svc,2,0.17331431085530577,90,0.17373769081908705,WLS,29,0.0004233799637812785
2,UPFC_Vsh,5-15,1.111287914823624,90,1.106213291744122,WLS,29,0.005074623079502016
3,UPFC_tsh,5-15,-0.235327944537542,90,-0.23548505946192488,WLS,29,0.00015711492438288954
4,UPFC_Vse,5-15,0.05937435704842004,90,0.06346467738407933,WLS,29,0.0040903203356592935
5,UPFC_tse,5-15,-2.1213636663107165,90,-2.19365574243551,WLS,29,0.0722920761247936
0,x_tcsc,1-14,-0.10618617149011352,91,-0.10618555526997268,WLS,29,6.162201408310697e-07
1,B_svc,2,0.17362836717930785,91,0.17373769081908705,WLS,29,0.00010932363977919635
2,UPFC_Vsh,5-15,1.111796144738885,91,1.106213291744122,WLS,29,0.005582852994763021
3,UPFC_tsh,5-15,-0.235275617034138,91,-0.23548505946192488,WLS,29,0.00020944242778689337
4,UPFC_Vse,5-15,0.05921293357832946,91,0.06346467738407933,WLS,29,0.004251743805749872
5,UPFC_tse,5-15,-2.12676396768501,91,-2.19365574243551,WLS,29,0.06689177475050023
0,x_tcsc,1-14,-0.10619386787646753,92,-0.10618555526997268,WLS,29,8.312606494850772e-06
1,B_svc,2,0.17363716933152645,92,0.17373769081908705,WLS,29,0.00010052148756059531
2,UPFC_Vsh,5-15,1.1115415242349573,92,1.106213291744122,WLS,29,0.00532823249083525
3,UPFC_tsh,5-15,-0.23523690375072623,92,-0.23548505946192488,WLS,29,0.0002481557111986554
4,UPFC_Vse,5-15,0.059864674887322174,92,0.06346467738407933,WLS,29,0.003600002496757161
5,UPFC_tse,5-15,-2.123698902363566,92,-2.19365574243551,WLS,29,0.06995684007194392
0,x_tcsc,1-14,-0.10619670458642054,93,-0.10618555526997268,WLS,29,1.1149316447855995e-05
1,B_svc,2,0.17333351791274676,93,0.17373769081908705,WLS,29,0.0004041729063402888
2,UPFC_Vsh,5-15,1.111811430869023,93,1.106213291744122,WLS,29,0.005598139124900925
3,UPFC_tsh,5-15,-0.23525337677542793,93,-0.23548505946192488,WLS,29,0.00023168268649695345
4,UPFC_Vse,5-15,0.059688956942908156,93,0.06346467738407933,WLS,29,0.0037757204411711792
5,UPFC_tse,5-15,-2.122475453959951,93,-2.19365574243551,WLS,29,0.07118028847555902
0,x_tcsc,1-14,-0.10620129319645691,94,-0.10618555526997268,WLS,29,1.573792648422445e-05
1,B_svc,2,0.1733142575694011,94,0.17373769081908705,WLS,29,0.00042343324968593943
2,UPFC_Vsh,5-15,1.1115758677911753,94,1.106213291744122,WLS,29,0.005362576047053258
3,UPFC_tsh,5-15,-0.23533592620794141,94,-0.23548505946192488,WLS,29,0.00014913325398346888
4,UPFC_Vse,5-15,0.058799190756661894,94,0.06346467738407933,WLS,29,0.004665486627417441
5,UPFC_tse,5-15,-2.12383843542781,94,-2.19365574243551,WLS,29,0.06981730700770017
0,x_tcsc,1-14,-0.10619909189054466,95,-0.10618555526997268,WLS,29,1.3536620571977243e-05
1,B_svc,2,0.17371093751023509,95,0.17373769081908705,WLS,29,2.6753308851962254e-05
2,UPFC_Vsh,5-15,1.1115659329369931,95,1.106213291744122,WLS,29,0.005352641192871044
3,UPFC_tsh,5-15,-0.23524505390604972,95,-0.23548505946192488,WLS,29,0.0002400055558751668
4,UPFC_Vse,5-15,0.059661987076818086,95,0.06346467738407933,WLS,29,0.0038026903072612486
5,UPFC_tse,5-15,-2.1240629593766016,95,-2.19365574243551,WLS,29,0.06959278305890848
0,x_tcsc,1-14,-0.1062078531180301,96,-0.10618555526997268,WLS,29,2.229784805742041e-05
1,B_svc,2,0.1731533392579437,96,0.17373769081908705,WLS,29,0.000584351561143337
2,UPFC_Vsh,5-15,1.1116034637134358,96,1.106213291744122,WLS,29,0.005390171969313684
3,UPFC_tsh,5-15,-0.2353153279883774,96,-0.23548505946192488,WLS,29,0.0001697314735474853
4,UPFC_Vse,5-15,0.058693509751410626,96,0.06346467738407933,WLS,29,0.004771167632668709
5,UPFC_tse,5-15,-2.1250692265662217,96,-2.19365574243551,WLS,29,0.06858651586928843
0,x_tcsc,1-14,-0.10620744126497757,97,-0.10618555526997268,WLS,29,2.1885995004883307e-05
1,B_svc,2,0.1738985326995526,97,0.17373769081908705,WLS,29,0.00016084188046555647
2,UPFC_Vsh,5-15,1.112037065310368,97,1.106213291744122,WLS,29,0.00582377356624586
3,UPFC_tsh,5-15,-0.23530686770608922,97,-0.23548505946192488,WLS,29,0.00017819175583566604
4,UPFC_Vse,5-15,0.05950637182358197,97,0.06346467738407933,WLS,29,0.003958305560497366
5,UPFC_tse,5-15,-2.122257620868901,97,-2.19365574243551,WLS,29,0.07139812156660907
0,x_tcsc,1-14,-0.10619257151701861,98,-0.10618555526997268,WLS,29,7.016247045923962e-06
1,B_svc,2,0.17356745410986477,98,0.17373769081908705,WLS,29,0.0001702367092222823
2,UPFC_Vsh,5-15,1.1117509287785,98,1.106213291744122,WLS,29,0.005537637034377818
3,UPFC_tsh,5-15,-0.23525202696541736,98,-0.23548505946192488,WLS,29,0.00023303249650752367
4,UPFC_Vse,5-15,0.05932551814218224,98,0.06346467738407933,WLS,29,0.004139159241897096
5,UPFC_tse,5-15,-2.1225748785241274,98,-2.19365574243551,WLS,29,0.07108086391138269
0,x_tcsc,1-14,-0.10619870468444283,99,-0.10618555526997268,WLS,29,1.3149414470142728e-05
1,B_svc,2,0.17392235693491614,99,0.17373769081908705,WLS,29,0.0001846661158290963
2,UPFC_Vsh,5-15,1.1117949178662923,99,1.106213291744122,WLS,29,0.005581626122170169
3,UPFC_tsh,5-15,-0.2353108612502695,99,-0.23548505946192488,WLS,29,0.0001741982116553742
4,UPFC_Vse,5-15,0.05976043887493606,99,0.06346467738407933,WLS,29,0.0037042385091432747
5,UPFC_tse,5-15,-2.1264451846473933,99,-2.19365574243551,WLS,29,0.0672105577881168
0,x_tcsc,1-14,-0.10735643298431187,0,-0.10736529943830521,WLS,31,8.866453993339185e-06
1,B_svc,2,0.17445809554605196,0,0.17486244140871618,WLS,31,0.00040434586266421824
2,UPFC_Vsh,5-15,1.111579865833651,0,1.1061332951757237,WLS,31,0.005446570657927419
3,UPFC_tsh,5-15,-0.23483460238769868,0,-0.23502928821494312,WLS,31,0.0001946858272444396
4,UPFC_Vse,5-15,0.05881079665716635,0,0.062225508284088855,WLS,31,0.003414711626922508
5,UPFC_tse,5-15,-2.1255938498439457,0,-2.185793188678617,WLS,31,0.06019933883467132
0,x_tcsc,1-14,-0.10736241003653517,1,-0.10736529943830521,WLS,31,2.8894017700398233e-06
1,B_svc,2,0.17502971175081009,1,0.17486244140871618,WLS,31,0.0001672703420939059
2,UPFC_Vsh,5-15,1.1115487702151385,1,1.1061332951757237,WLS,31,0.005415475039414863
3,UPFC_tsh,5-15,-0.23480518054746063,1,-0.23502928821494312,WLS,31,0.00022410766748248712
4,UPFC_Vse,5-15,0.058854389832546594,1,0.062225508284088855,WLS,31,0.0033711184515422613
5,UPFC_tse,5-15,-2.1241746245530853,1,-2.185793188678617,WLS,31,0.061618564125531794
0,x_tcsc,1-14,-0.10737231299272677,2,-0.10736529943830521,WLS,31,7.013554421564372e-06
1,B_svc,2,0.17498543413590992,2,0.17486244140871618,WLS,31,0.0001229927271937381
2,UPFC_Vsh,5-15,1.1116148680809654,2,1.1061332951757237,WLS,31,0.0054815729052417606
3,UPFC_tsh,5-15,-0.23487627878979567,2,-0.23502928821494312,WLS,31,0.00015300942514745453
4,UPFC_Vse,5-15,0.0591188022838013,2,0.062225508284088855,WLS,31,0.0031067060002875554
5,UPFC_tse,5-15,-2.1268987624067957,2,-2.185793188678617,WLS,31,0.0588944262718214
0,x_tcsc,1-14,-0.10735791508146984,3,-0.10736529943830521,WLS,31,7.384356835365979e-06
1,B_svc,2,0.1742134026367514,3,0.17486244140871618,WLS,31,0.0006490387719647883
2,UPFC_Vsh,5-15,1.111676580369349,3,1.1061332951757237,WLS,31,0.005543285193625236
3,UPFC_tsh,5-15,-0.2348291799096221,3,-0.23502928821494312,WLS,31,0.00020010830532102286
4,UPFC_Vse,5-15,0.05889513203818411,3,0.062225508284088855,WLS,31,0.003330376245904744
5,UPFC_tse,5-15,-2.1268737344778135,3,-2.185793188678617,WLS,31,0.05891945420080358
0,x_tcsc,1-14,-0.10736990141364497,4,-0.10736529943830521,WLS,31,4.601975339760256e-06
1,B_svc,2,0.17508335421806476,4,0.17486244140871618,WLS,31,0.00022091280934857793
2,UPFC_Vsh,5-15,1.1115662051430786,4,1.1061332951757237,WLS,31,0.005432909967354904
3,UPFC_tsh,5-15,-0.23481276081105448,4,-0.23502928821494312,WLS,31,0.0002165274038886389
4,UPFC_Vse,5-15,0.058946833700916405,4,0.062225508284088855,WLS,31,0.00327867458317245
5,UPFC_tse,5-15,-2.1272867136764213,4,-2.185793188678617,WLS,31,0.058506475002195746
0,x_tcsc,1-14,-0.10738058008082127,5,-0.10736529943830521,WLS,31,1.528064251606065e-05
1,B_svc,2,0.1748729839591753,5,0.17486244140871618,WLS,31,1.0542550459125e-05
2,UPFC_Vsh,5-15,1.1118154455857272,5,1.1061332951757237,WLS,31,0.005682150410003528
3,UPFC_tsh,5-15,-0.23481211616639533,5,-0.23502928821494312,WLS,31,0.00021717204854779237
4,UPFC_Vse,5-15,0.05911758521810466,5,0.062225508284088855,WLS,31,0.003107923065984196
5,UPFC_tse,5-15,-2.1254841506102675,5,-2.185793188678617,WLS,31,0.06030903806834953
0,x_tcsc,1-14,-0.10736811487185478,6,-0.10736529943830521,WLS,31,2.8154335495744753e-06
1,B_svc,2,0.17463790006401814,6,0.17486244140871618,WLS,31,0.00022454134469804266
2,UPFC_Vsh,5-15,1.1119946038984256,6,1.1061332951757237,WLS,31,0.005861308722701963
3,UPFC_tsh,5-15,-0.2348170226741612,6,-0.23502928821494312,WLS,31,0.0002122655407819085
4,UPFC_Vse,5-15,0.05887322050495587,6,0.062225508284088855,WLS,31,0.0033522877791329828
5,UPFC_tse,5-15,-2.1286497862134093,6,-2.185793188678617,WLS,31,0.05714340246520777
0,x_tcsc,1-14,-0.10736709051156063,7,-0.10736529943830521,WLS,31,1.7910732554166087e-06
1,B_svc,2,0.17503422565301774,7,0.17486244140871618,WLS,31,0.00017178424430155936
2,UPFC_Vsh,5-15,1.11171089242058,7,1.1061332951757237,WLS,31,0.005577597244856403
3,UPFC_tsh,5-15,-0.2348953073340726,7,-0.23502928821494312,WLS,31,0.00013398088087052118
4,UPFC_Vse,5-15,0.058504741746115356,7,0.062225508284088855,WLS,31,0.0037207665379734994
5,UPFC_tse,5-15,-2.125680092946208,7,-2.185793188678617,WLS,31,0.06011309573240897
0,x_tcsc,1-14,-0.10737174490640135,8,-0.10736529943830521,WLS,31,6.445468096138995e-06
1,B_svc,2,0.1748922788436273,8,0.17486244140871618,WLS,31,2.9837434911111904e-05
2,UPFC_Vsh,5-15,1.1114676050692585,8,1.1061332951757237,WLS,31,0.005334309893534783
3,UPFC_tsh,5-15,-0.23482771733089336,8,-0.23502928821494312,WLS,31,0.0002015708840497621
4,UPFC_Vse,5-15,0.05903986908634008,8,0.062225508284088855,WLS,31,0.0031856391977487727
5,UPFC_tse,5-15,-2.1261731430700785,8,-2.185793188678617,WLS,31,0.05962004560853851
0,x_tcsc,1-14,-0.10737053218226414,9,-0.10736529943830521,WLS,31,5.232743958930031e-06
1,B_svc,2,0.17477034760852234,9,0.17486244140871618,WLS,31,9.209380019384317e-05
2,UPFC_Vsh,5-15,1.1120528830826804,9,1.1061332951757237,WLS,31,0.00591958790695668
3,UPFC_tsh,5-15,-0.23480223324292868,9,-0.23502928821494312,WLS,31,0.00022705497201444547
4,UPFC_Vse,5-15,0.05913226147909201,9,0.062225508284088855,WLS,31,0.003093246804996848
5,UPFC_tse,5-15,-2.1255491708363246,9,-2.185793188678617,WLS,31,0.0602440178422925
0,x_tcsc,1-14,-0.10736546621939429,10,-0.10736529943830521,WLS,31,1.66781089078194e-07
1,B_svc,2,0.1746975306772978,10,0.17486244140871618,WLS,31,0.0001649107314183884
2,UPFC_Vsh,5-15,1.111427501990926,10,1.1061332951757237,WLS,31,0.005294206815202429
3,UPFC_tsh,5-15,-0.23485232370150758,10,-0.23502928821494312,WLS,31,0.00017696451343554576
4,UPFC_Vse,5-15,0.0583260420043268,10,0.062225508284088855,WLS,31,0.003899466279762058
5,UPFC_tse,5-15,-2.1254048868624995,10,-2.185793188678617,WLS,31,0.06038830181611754
0,x_tcsc,1-14,-0.10736914063615433,11,-0.10736529943830521,WLS,31,3.841197849116518e-06
1,B_svc,2,0.17478851823573863,11,0.17486244140871618,WLS,31,7.392317297755246e-05
2,UPFC_Vsh,5-15,1.1116587585374809,11,1.1061332951757237,WLS,31,0.005525463361757188
3,UPFC_tsh,5-15,-0.2347964181990936,11,-0.23502928821494312,WLS,31,0.00023287001584951228
4,UPFC_Vse,5-15,0.05830368305005676,11,0.062225508284088855,WLS,31,0.003921825234032096
5,UPFC_tse,5-15,-2.126240197586055,11,-2.185793188678617,WLS,31,0.05955299109256185
0,x_tcsc,1-14,-0.10736403195460224,12,-0.10736529943830521,WLS,31,1.2674837029658104e-06
1,B_svc,2,0.1746287514602528,12,0.17486244140871618,WLS,31,0.00023368994846337254
2,UPFC_Vsh,5-15,1.111563996658853,12,1.1061332951757237,WLS,31,0.005430701483129408
3,UPFC_tsh,5-15,-0.23481925762815553,12,-0.23502928821494312,WLS,31,0.00021003058678759068
4,UPFC_Vse,5-15,0.059057808065020985,12,0.062225508284088855,WLS,31,0.0031677002190678705
5,UPFC_tse,5-15,-2.125170593597141,12,-2.185793188678617,WLS,31,0.06062259508147605
0,x_tcsc,1-14,-0.10737896643558656,13,-0.10736529943830521,WLS,31,1.3666997281350235e-05
1,B_svc,2,0.17463199884209024,13,0.17486244140871618,WLS,31,0.00023044256662593798
2,UPFC_Vsh,5-15,1.1117408616875135,13,1.1061332951757237,WLS,31,0.005607566511789841
3,UPFC_tsh,5-15,-0.23483209080058298,13,-0.23502928821494312,WLS,31,0.0001971974143601396
4,UPFC_Vse,5-15,0.05857027913788998,13,0.062225508284088855,WLS,31,0.0036552291461988753
5,UPFC_tse,5-15,-2.1247674300619654,13,-2.185793188678617,WLS,31,0.061025758616651604
0,x_tcsc,1-14,-0.10736117714351356,14,-0.10736529943830521,WLS,31,4.1222947916447206e-06
1,B_svc,2,0.17462551201675042,14,0.17486244140871618,WLS,31,0.00023692939196576224
2,UPFC_Vsh,5-15,1.1113728226980224,14,1.1061332951757237,WLS,31,0.005239527522298726
3,UPFC_tsh,5-15,-0.23484934566528823,14,-0.23502928821494312,WLS,31,0.00017994254965489342
4,UPFC_Vse,5-15,0.05880777163513339,14,0.062225508284088855,WLS,31,0.0034177366489554634
5,UPFC_tse,5-15,-2.1260754538591655,14,-2.185793188678617,WLS,31,0.05971773481945153
0,x_tcsc,1-14,-0.10737538159218672,15,-0.10736529943830521,WLS,31,1.0082153881513234e-05
1,B_svc,2,0.17435372556229523,15,0.17486244140871618,WLS,31,0.000508715846420954
2,UPFC_Vsh,5-15,1.1113687337358835,15,1.1061332951757237,WLS,31,0.005235438560159844
3,UPFC_tsh,5-15,-0.23484211152221787,15,-0.23502928821494312,WLS,31,0.0001871766927252494
4,UPFC_Vse,5-15,0.05913172131981772,15,0.062225508284088855,WLS,31,0.0030937869642711363
5,UPFC_tse,5-15,-2.12370299530473,15,-2.185793188678617,WLS,31,0.062090193373887104
0,x_tcsc,1-14,-0.10736235069914554,16,-0.10736529943830521,WLS,31,2.948739159666647e-06
1,B_svc,2,0.17453936641447207,16,0.17486244140871618,WLS,31,0.00032307499424411024
2,UPFC_Vsh,5-15,1.111301790809927,16,1.1061332951757237,WLS,31,0.005168495634203296
3,UPFC_tsh,5-15,-0.23488703096243546,16,-0.23502928821494312,WLS,31,0.00014225725250766041
4,UPFC_Vse,5-15,0.05912770618691533,16,0.062225508284088855,WLS,31,0.003097802097173523
5,UPFC_tse,5-15,-2.122555997007102,16,-2.185793188678617,WLS,31,0.06323719167151509
0,x_tcsc,1-14,-0.10737167890443187,17,-0.10736529943830521,WLS,31,6.379466126665845e-06
1,B_svc,2,0.1747560550172924,17,0.17486244140871618,WLS,31,0.00010638639142376838
2,UPFC_Vsh,5-15,1.1116255780844035,17,1.1061332951757237,WLS,31,0.005492282908679869
3,UPFC_tsh,5-15,-0.23490429997682113,17,-0.23502928821494312,WLS,31,0.0001249882381219869
4,UPFC_Vse,5-15,0.058695982765785894,17,0.062225508284088855,WLS,31,0.0035295255183029617
5,UPFC_tse,5-15,-2.1307931908871476,17,-2.185793188678617,WLS,31,0.05499999779146947
0,x_tcsc,1-14,-0.10737049644634836,18,-0.10736529943830521,WLS,31,5.197008043147933e-06
1,B_svc,2,0.17456592050905795,18,0.17486244140871618,WLS,31,0.00029652089965823136
2,UPFC_Vsh,5-15,1.1114943025874806,18,1.1061332951757237,WLS,31,0.005361007411756935
3,UPFC_tsh,5-15,-0.23476456744407573,18,-0.23502928821494312,WLS,31,0.00026472077086739376
4,UPFC_Vse,5-15,0.0593351513938058,18,0.062225508284088855,WLS,31,0.0028903568902830523
5,UPFC_tse,5-15,-2.1268512136601894,18,-2.185793188678617,WLS,31,0.058941975018427684
0,x_tcsc,1-14,-0.10737101105864427,19,-0.10736529943830521,WLS,31,5.711620339063361e-06
1,B_svc,2,0.1750932432248484,19,0.17486244140871618,WLS,31,0.00023080181613222006
2,UPFC_Vsh,5-15,1.1114054054471014,19,1.1061332951757237,WLS,31,0.00527211027137775
3,UPFC_tsh,5-15,-0.23480873577668104,19,-0.23502928821494312,WLS,31,0.00022055243826207827
4,UPFC_Vse,5-15,0.05881744873916701,19,0.062225508284088855,WLS,31,0.0034080595449218487
5,UPFC_tse,5-15,-2.127056971330662,19,-2.185793188678617,WLS,31,0.05873621734795487
0,x_tcsc,1-14,-0.10737029294068631,20,-0.10736529943830521,WLS,31,4.993502381103743e-06
1,B_svc,2,0.1743819476609241,20,0.17486244140871618,WLS,31,0.00048049374779207676
2,UPFC_Vsh,5-15,1.111608053706662,20,1.1061332951757237,WLS,31,0.005474758530938262
3,UPFC_tsh,5-15,-0.23486304723626375,20,-0.23502928821494312,WLS,31,0.0001662409786793717
4,UPFC_Vse,5-15,0.05877496698674376,20,0.062225508284088855,WLS,31,0.0034505412973450944
5,UPFC_tse,5-15,-2.127954412086303,20,-2.185793188678617,WLS,31,0.057838776592313845
0,x_tcsc,1-14,-0.10735700117711604,21,-0.10736529943830521,WLS,31,8.298261189171319e-06
1,B_svc,2,0.17519294612732064,21,0.17486244140871618,WLS,31,0.00033050471860446295
2,UPFC_Vsh,5-15,1.1117429955455944,21,1.1061332951757237,WLS,31,0.00560970036987074
3,UPFC_tsh,5-15,-0.23483561678804896,21,-0.23502928821494312,WLS,31,0.00019367142689416528
4,UPFC_Vse,5-15,0.05941660345539781,21,0.062225508284088855,WLS,31,0.0028089048286910473
5,UPFC_tse,5-15,-2.1252529199336383,21,-2.185793188678617,WLS,31,0.060540268744978754
0,x_tcsc,1-14,-0.10735903798779721,22,-0.10736529943830521,WLS,31,6.261450507999422e-06
1,B_svc,2,0.17514643604173546,22,0.17486244140871618,WLS,31,0.0002839946330192855
2,UPFC_Vsh,5-15,1.111550446569189,22,1.1061332951757237,WLS,31,0.005417151393465325
3,UPFC_tsh,5-15,-0.23488723409898526,22,-0.23502928821494312,WLS,31,0.000142054115957857
4,UPFC_Vse,5-15,0.058979940371183884,22,0.062225508284088855,WLS,31,0.0032455679129049717
5,UPFC_tse,5-15,-2.1237713457116243,22,-2.185793188678617,WLS,31,0.06202184296699276
0,x_tcsc,1-14,-0.10737118954507002,23,-0.10736529943830521,WLS,31,5.890106764813718e-06
1,B_svc,2,0.17491856554891122,23,0.17486244140871618,WLS,31,5.612414019504075e-05
2,UPFC_Vsh,5-15,1.1112411464580394,23,1.1061332951757237,WLS,31,0.005107851282315723
3,UPFC_tsh,5-15,-0.23488668768158427,23,-0.23502928821494312,WLS,31,0.0001426005333588498
4,UPFC_Vse,5-15,0.059163476985352126,23,0.062225508284088855,WLS,31,0.0030620312987367296
5,UPFC_tse,5-15,-2.1241509732347286,23,-2.185793188678617,WLS,31,0.06164221544388848
0,x_tcsc,1-14,-0.10736465027016354,24,-0.10736529943830521,WLS,31,6.491681416725958e-07
1,B_svc,2,0.1745544704357126,24,0.17486244140871618,WLS,31,0.0003079709730035851
2,UPFC_Vsh,5-15,1.111699253680571,24,1.1061332951757237,WLS,31,0.005565958504847313
3,UPFC_tsh,5-15,-0.23483591304567106,24,-0.23502928821494312,WLS,31,0.00019337516927206422
4,UPFC_Vse,5-15,0.05875310259205393,24,0.062225508284088855,WLS,31,0.003472405692034927
5,UPFC_tse,5-15,-2.127762636304094,24,-2.185793188678617,WLS,31,0.05803055237452304
0,x_tcsc,1-14,-0.10737861259735279,25,-0.10736529943830521,WLS,31,1.3313159047581569e-05
1,B_svc,2,0.17493579290546402,25,0.17486244140871618,WLS,31,7.335149674783659e-05
2,UPFC_Vsh,5-15,1.1116873048438707,25,1.1061332951757237,WLS,31,0.005554009668147009
3,UPFC_tsh,5-15,-0.2347963717532947,25,-0.23502928821494312,WLS,31,0.00023291646164841362
4,UPFC_Vse,5-15,0.058748463543540325,25,0.062225508284088855,WLS,31,0.003477044740548531
5,UPFC_tse,5-15,-2.1229484767229523,25,-2.185793188678617,WLS,31,0.06284471195566477
0,x_tcsc,1-14,-0.10735648720422368,26,-0.10736529943830521,WLS,31,8.812234081528869e-06
1,B_svc,2,0.1751312770563179,26,0.17486244140871618,WLS,31,0.0002688356476017173
2,UPFC_Vsh,5-15,1.1114062905095599,26,1.1061332951757237,WLS,31,0.0052729953338361835
3,UPFC_tsh,5-15,-0.2347984980156498,26,-0.23502928821494312,WLS,31,0.00023079019929331257
4,UPFC_Vse,5-15,0.05885413643409063,26,0.062225508284088855,WLS,31,0.0033713718499982226
5,UPFC_tse,5-15,-2.1235113462188133,26,-2.185793188678617,WLS,31,0.06228184245980373
0,x_tcsc,1-14,-0.1073717408582741,27,-0.10736529943830521,WLS,31,6.441419968888917e-06
1,B_svc,2,0.17456117337469246,27,0.17486244140871618,WLS,31,0.0003012680340237217
2,UPFC_Vsh,5-15,1.1119309743734203,27,1.1061332951757237,WLS,31,0.005797679197696581
3,UPFC_tsh,5-15,-0.23483869987672584,27,-0.23502928821494312,WLS,31,0.00019058833821727905
4,UPFC_Vse,5-15,0.058764933173552046,27,0.062225508284088855,WLS,31,0.0034605751105368093
5,UPFC_tse,5-15,-2.1277201117555804,27,-2.185793188678617,WLS,31,0.05807307692303665
0,x_tcsc,1-14,-0.10737360471812107,28,-0.10736529943830521,WLS,31,8.305279815865041e-06
1,B_svc,2,0.17507080232722066,28,0.17486244140871618,WLS,31,0.00020836091850448546
2,UPFC_Vsh,5-15,1.1117799332958505,28,1.1061332951757237,WLS,31,0.005646638120126779
3,UPFC_tsh,5-15,-0.23482623046947537,28,-0.23502928821494312,WLS,31,0.00020305774546774957
4,UPFC_Vse,5-15,0.059218816440170866,28,0.062225508284088855,WLS,31,0.00300669184391799
5,UPFC_tse,5-15,-2.1255270329381233,28,-2.185793188678617,WLS,31,0.060266155740493765
0,x_tcsc,1-14,-0.10736796765782922,29,-0.10736529943830521,WLS,31,2.6682195240074202e-06
1,B_svc,2,0.17537833832290342,29,0.17486244140871618,WLS,31,0.0005158969141872416
2,UPFC_Vsh,5-15,1.1115358553683867,29,1.1061332951757237,WLS,31,0.005402560192663053
3,UPFC_tsh,5-15,-0.23484582479828925,29,-0.23502928821494312,WLS,31,0.0001834634166538729
4,UPFC_Vse,5-15,0.059216446065769486,29,0.062225508284088855,WLS,31,0.0030090622183193694
5,UPFC_tse,5-15,-2.126979509052662,29,-2.185793188678617,WLS,31,0.05881367962595485
0,x_tcsc,1-14,-0.10735602023058498,30,-0.10736529943830521,WLS,31,9.279207720230831e-06
1,B_svc,2,0.17503736480543144,30,0.17486244140871618,WLS,31,0.00017492339671526524
2,UPFC_Vsh,5-15,1.1117453242923492,30,1.1061332951757237,WLS,31,0.005612029116625505
3,UPFC_tsh,5-15,-0.2348486277340161,30,-0.23502928821494312,WLS,31,0.00018066048092701958
4,UPFC_Vse,5-15,0.059588232613261016,30,0.062225508284088855,WLS,31,0.002637275670827839
5,UPFC_tse,5-15,-2.1280011350734953,30,-2.185793188678617,WLS,31,0.05779205360512174
0,x_tcsc,1-14,-0.10735953531976301,31,-0.10736529943830521,WLS,31,5.764118542195273e-06
1,B_svc,2,0.17507874208135685,31,0.17486244140871618,WLS,31,0.000216300672640668
2,UPFC_Vsh,5-15,1.1114118115467904,31,1.1061332951757237,WLS,31,0.005278516371066688
3,UPFC_tsh,5-15,-0.23485724893603302,31,-0.23502928821494312,WLS,31,0.00017203927891010218
4,UPFC_Vse,5-15,0.05868555926634426,31,0.062225508284088855,WLS,31,0.003539949017744598
5,UPFC_tse,5-15,-2.1264453137768937,31,-2.185793188678617,WLS,31,0.05934787490172333
0,x_tcsc,1-14,-0.10737688098625947,32,-0.10736529943830521,WLS,31,1.1581547954261917e-05
1,B_svc,2,0.17524715873852414,32,0.17486244140871618,WLS,31,0.00038471732980796536
2,UPFC_Vsh,5-15,1.1118653696569836,32,1.1061332951757237,WLS,31,0.005732074481259897
3,UPFC_tsh,5-15,-0.23479964433875225,32,-0.23502928821494312,WLS,31,0.00022964387619087145
4,UPFC_Vse,5-15,0.05840098603446042,32,0.062225508284088855,WLS,31,0.003824522249628433
5,UPFC_tse,5-15,-2.1302417306832155,32,-2.185793188678617,WLS,31,0.05555145799540151
0,x_tcsc,1-14,-0.10736396845289904,33,-0.10736529943830521,WLS,31,1.3309854061671622e-06
1,B_svc,2,0.17481715830283218,33,0.17486244140871618,WLS,31,4.528310588400308e-05
2,UPFC_Vsh,5-15,1.1113902654223546,33,1.1061332951757237,WLS,31,0.005256970246630965
3,UPFC_tsh,5-15,-0.23485661023683624,33,-0.23502928821494312,WLS,31,0.00017267797810688323
4,UPFC_Vse,5-15,0.05860330517141712,33,0.062225508284088855,WLS,31,0.0036222031126717374
5,UPFC_tse,5-15,-2.124082182605298,33,-2.185793188678617,WLS,31,0.06171100607331903
0,x_tcsc,1-14,-0.10735163510554406,34,-0.10736529943830521,WLS,31,1.3664332761148534e-05
1,B_svc,2,0.17467365364899518,34,0.17486244140871618,WLS,31,0.00018878775972100414
2,UPFC_Vsh,5-15,1.111497551725118,34,1.1061332951757237,WLS,31,0.0053642565493943195
3,UPFC_tsh,5-15,-0.23486509127738872,34,-0.23502928821494312,WLS,31,0.00016419693755440057
4,UPFC_Vse,5-15,0.05904023331656957,34,0.062225508284088855,WLS,31,0.0031852749675192887
5,UPFC_tse,5-15,-2.126735100589616,34,-2.185793188678617,WLS,31,0.05905808808900126
0,x_tcsc,1-14,-0.10736556004450866,35,-0.10736529943830521,WLS,31,2.6060620345047525e-07
1,B_svc,2,0.17475762480639745,35,0.17486244140871618,WLS,31,0.00010481660231873025
2,UPFC_Vsh,5-15,1.111413167273755,35,1.1061332951757237,WLS,31,0.00527987209803138
3,UPFC_tsh,5-15,-0.23486872003155673,35,-0.23502928821494312,WLS,31,0.00016056818338638923
4,UPFC_Vse,5-15,0.059167743912152376,35,0.062225508284088855,WLS,31,0.003057764371936479
5,UPFC_tse,5-15,-2.1238482329112593,35,-2.185793188678617,WLS,31,0.0619449557673577
0,x_tcsc,1-14,-0.10737462251146145,36,-0.10736529943830521,WLS,31,9.323073156236594e-06
1,B_svc,2,0.17467273498708333,36,0.17486244140871618,WLS,31,0.00018970642163285145
2,UPFC_Vsh,5-15,1.1120030910867578,36,1.1061332951757237,WLS,31,0.0058697959110340925
3,UPFC_tsh,5-15,-0.23478680290961543,36,-0.23502928821494312,WLS,31,0.0002424853053276943
4,UPFC_Vse,5-15,0.05883440183048238,36,0.062225508284088855,WLS,31,0.0033911064536064767
5,UPFC_tse,5-15,-2.1286332889429573,36,-2.185793188678617,WLS,31,0.057159899735659714
0,x_tcsc,1-14,-0.10736056919770456,37,-0.10736529943830521,WLS,31,4.730240600644975e-06
1,B_svc,2,0.17514327762101217,37,0.17486244140871618,WLS,31,0.00028083621229599287
2,UPFC_Vsh,5-15,1.1119512655468051,37,1.1061332951757237,WLS,31,0.005817970371081449
3,UPFC_tsh,5-15,-0.23485393401075216,37,-0.23502928821494312,WLS,31,0.00017535420419095837
4,UPFC_Vse,5-15,0.059244127230994786,37,0.062225508284088855,WLS,31,0.002981381053094069
5,UPFC_tse,5-15,-2.1266141766989946,37,-2.185793188678617,WLS,31,0.0591790119796225
0,x_tcsc,1-14,-0.10736632084781622,38,-0.10736529943830521,WLS,31,1.0214095110122612e-06
1,B_svc,2,0.17484248748784978,38,0.17486244140871618,WLS,31,1.9953920866400132e-05
2,UPFC_Vsh,5-15,1.1119080755502402,38,1.1061332951757237,WLS,31,0.005774780374516508
3,UPFC_tsh,5-15,-0.2348092286132563,38,-0.23502928821494312,WLS,31,0.00022005960168683392
4,UPFC_Vse,5-15,0.05874050570335423,38,0.062225508284088855,WLS,31,0.003485002580734628
5,UPFC_tse,5-15,-2.1272345444599123,38,-2.185793188678617,WLS,31,0.058558644218704714
0,x_tcsc,1-14,-0.10737778339302934,39,-0.10736529943830521,WLS,31,1.2483954724126778e-05
1,B_svc,2,0.17492596804758534,39,0.17486244140871618,WLS,31,6.352663886916021e-05
2,UPFC_Vsh,5-15,1.111317495996606,39,1.1061332951757237,WLS,31,0.005184200820882223
3,UPFC_tsh,5-15,-0.23482338429720984,39,-0.23502928821494312,WLS,31,0.00020590391773328554
4,UPFC_Vse,5-15,0.05844788368173793,39,0.062225508284088855,WLS,31,0.0037776246023509263
5,UPFC_tse,5-15,-2.1270999371573884,39,-2.185793188678617,WLS,31,0.05869325152122862
0,x_tcsc,1-14,-0.10737395262674883,40,-0.10736529943830521,WLS,31,8.653188443619175e-06
1,B_svc,2,0.17532711901327083,40,0.17486244140871618,WLS,31,0.000464677604554653
2,UPFC_Vsh,5-15,1.1117102657769602,40,1.1061332951757237,WLS,31,0.0055769706012365194
3,UPFC_tsh,5-15,-0.23481659670037672,40,-0.23502928821494312,WLS,31,0.00021269151456640434
4,UPFC_Vse,5-15,0.05919272732469428,40,0.062225508284088855,WLS,31,0.0030327809593945765
5,UPFC_tse,5-15,-2.1277677399463903,40,-2.185793188678617,WLS,31,0.0580254487322267
0,x_tcsc,1-14,-0.10736961587419531,41,-0.10736529943830521,WLS,31,4.316435890105996e-06
1,B_svc,2,0.17469498275470133,41,0.17486244140871618,WLS,31,0.0001674586540148515
2,UPFC_Vsh,5-15,1.1114712896520416,41,1.1061332951757237,WLS,31,0.005337994476317887
3,UPFC_tsh,5-15,-0.23478235055277583,41,-0.23502928821494312,WLS,31,0.00024693766216729585
4,UPFC_Vse,5-15,0.05845631064820429,41,0.062225508284088855,WLS,31,0.003769197635884562
5,UPFC_tse,5-15,-2.1249083240526803,41,-2.185793188678617,WLS,31,0.060884864625936785
0,x_tcsc,1-14,-0.10736125049255602,42,-0.10736529943830521,WLS,31,4.048945749193789e-06
1,B_svc,2,0.17502643480098812,42,0.17486244140871618,WLS,31,0.00016399339227193832
2,UPFC_Vsh,5-15,1.1116702168110022,42,1.1061332951757237,WLS,31,0.0055369216352785244
3,UPFC_tsh,5-15,-0.23485802049344115,42,-0.23502928821494312,WLS,31,0.000171267721501972
4,UPFC_Vse,5-15,0.05895441417697439,42,0.062225508284088855,WLS,31,0.0032710941071144653
5,UPFC_tse,5-15,-2.1302464112292867,42,-2.185793188678617,WLS,31,0.05554677744933034
0,x_tcsc,1-14,-0.10737480959855325,43,-0.10736529943830521,WLS,31,9.5101602480413e-06
1,B_svc,2,0.17477026360688125,43,0.17486244140871618,WLS,31,9.217780183493063e-05
2,UPFC_Vsh,5-15,1.1116786315988743,43,1.1061332951757237,WLS,31,0.005545336423150582
3,UPFC_tsh,5-15,-0.2347730390451819,43,-0.23502928821494312,WLS,31,0.00025624916976121903
4,UPFC_Vse,5-15,0.05874353342707835,43,0.062225508284088855,WLS,31,0.003481974857010503
5,UPFC_tse,5-15,-2.1252432908825294,43,-2.185793188678617,WLS,31,0.06054989779608766
0,x_tcsc,1-14,-0.10736381078200895,44,-0.10736529943830521,WLS,31,1.4886562962612704e-06
1,B_svc,2,0.17493536628017178,44,0.17486244140871618,WLS,31,7.292487145560411e-05
2,UPFC_Vsh,5-15,1.1113629055381549,44,1.1061332951757237,WLS,31,0.005229610362431192
3,UPFC_tsh,5-15,-0.23477002760353324,44,-0.23502928821494312,WLS,31,0.00025926061140987833
4,UPFC_Vse,5-15,0.059458569699071706,44,0.062225508284088855,WLS,31,0.0027669385850171493
5,UPFC_tse,5-15,-2.1203204199174555,44,-2.185793188678617,WLS,31,0.06547276876116159
0,x_tcsc,1-14,-0.10736685201996571,45,-0.10736529943830521,WLS,31,1.5525816604994302e-06
1,B_svc,2,0.1749277157990716,45,0.17486244140871618,WLS,31,6.527439035541871e-05
2,UPFC_Vsh,5-15,1.1114554067079263,45,1.1061332951757237,WLS,31,0.0053221115322026336
3,UPFC_tsh,5-15,-0.2348195523570439,45,-0.23502928821494312,WLS,31,0.00020973585789921256
4,UPFC_Vse,5-15,0.058924303532718936,45,0.062225508284088855,WLS,31,0.0033012047513699197
5,UPFC_tse,5-15,-2.123910051745794,45,-2.185793188678617,WLS,31,0.06188313693282321
0,x_tcsc,1-14,-0.10736966735441428,46,-0.10736529943830521,WLS,31,4.367916109068726e-06
1,B_svc,2,0.17507383031589702,46,0.17486244140871618,WLS,31,0.00021138890718083725
2,UPFC_Vsh,5-15,1.1115148836608637,46,1.1061332951757237,WLS,31,0.005381588485140032
3,UPFC_tsh,5-15,-0.23484050808966336,46,-0.23502928821494312,WLS,31,0.0001887801252797583
4,UPFC_Vse,5-15,0.05849796219037638,46,0.062225508284088855,WLS,31,0.0037275460937124735
5,UPFC_tse,5-15,-2.125490213187365,46,-2.185793188678617,WLS,31,0.06030297549125185
0,x_tcsc,1-14,-0.10736419916937598,47,-0.10736529943830521,WLS,31,1.100268929229986e-06
1,B_svc,2,0.17473861534718688,47,0.17486244140871618,WLS,31,0.00012382606152930298
2,UPFC_Vsh,5-15,1.1117671203570494,47,1.1061332951757237,WLS,31,0.005633825181325713
3,UPFC_tsh,5-15,-0.23482989483661232,47,-0.23502928821494312,WLS,31,0.00019939337833080328
4,UPFC_Vse,5-15,0.05941835499447397,47,0.062225508284088855,WLS,31,0.0028071532896148874
5,UPFC_tse,5-15,-2.1263823683600926,47,-2.185793188678617,WLS,31,0.059410820318524404
0,x_tcsc,1-14,-0.107352692774433,48,-0.10736529943830521,WLS,31,1.2606663872205548e-05
1,B_svc,2,0.17514570405963092,48,0.17486244140871618,WLS,31,0.0002832626509147451
2,UPFC_Vsh,5-15,1.1118755659290354,48,1.1061332951757237,WLS,31,0.005742270753311685
3,UPFC_tsh,5-15,-0.23478329235813833,48,-0.23502928821494312,WLS,31,0.00024599585680479263
4,UPFC_Vse,5-15,0.05879722713227458,48,0.062225508284088855,WLS,31,0.0034282811518142747
5,UPFC_tse,5-15,-2.127183711481507,48,-2.185793188678617,WLS,31,0.05860947719710996
0,x_tcsc,1-14,-0.10736646912352486,49,-0.10736529943830521,WLS,31,1.169685219654104e-06
1,B_svc,2,0.1747957016839417,49,0.17486244140871618,WLS,31,6.673972477447276e-05
2,UPFC_Vsh,5-15,1.111760407495937,49,1.1061332951757237,WLS,31,0.005627112320213401
3,UPFC_tsh,5-15,-0.23482683322392323,49,-0.23502928821494312,WLS,31,0.00020245499101989584
4,UPFC_Vse,5-15,0.058745890300299794,49,0.062225508284088855,WLS,31,0.0034796179837890615
5,UPFC_tse,5-15,-2.125813769711524,49,-2.185793188678617,WLS,31,0.059979418967093245
0,x_tcsc,1-14,-0.10736242143715219,50,-0.10736529943830521,WLS,31,2.878001153019949e-06
1,B_svc,2,0.17465753217438745,50,0.17486244140871618,WLS,31,0.0002049092343287262
2,UPFC_Vsh,5-15,1.1114671773720695,50,1.1061332951757237,WLS,31,0.005333882196345785
3,UPFC_tsh,5-15,-0.2348193090515807,50,-0.23502928821494312,WLS,31,0.00020997916336243372
4,UPFC_Vse,5-15,0.05882629132875509,50,0.062225508284088855,WLS,31,0.003399216955333767
5,UPFC_tse,5-15,-2.126619227976532,50,-2.185793188678617,WLS,31,0.059173960702084916
0,x_tcsc,1-14,-0.10736405006052469,51,-0.10736529943830521,WLS,31,1.2493777805239192e-06
1,B_svc,2,0.17518595267180473,51,0.17486244140871618,WLS,31,0.0003235112630885495
2,UPFC_Vsh,5-15,1.1118333256896655,51,1.1061332951757237,WLS,31,0.005700030513941856
3,UPFC_tsh,5-15,-0.23480014925193182,51,-0.23502928821494312,WLS,31,0.00022913896301129943
4,UPFC_Vse,5-15,0.058943334237787366,51,0.062225508284088855,WLS,31,0.0032821740463014892
5,UPFC_tse,5-15,-2.125918830727724,51,-2.185793188678617,WLS,31,0.05987435795089313
0,x_tcsc,1-14,-0.10736248612602269,52,-0.10736529943830521,WLS,31,2.8133122825235723e-06
1,B_svc,2,0.17498630430366216,52,0.17486244140871618,WLS,31,0.0001238628949459808
2,UPFC_Vsh,5-15,1.1117100472148276,52,1.1061332951757237,WLS,31,0.005576752039103905
3,UPFC_tsh,5-15,-0.23484174282513642,52,-0.23502928821494312,WLS,31,0.0001875453898066981
4,UPFC_Vse,5-15,0.05880730676741275,52,0.062225508284088855,WLS,31,0.0034182015166761073
5,UPFC_tse,5-15,-2.1246602412145243,52,-2.185793188678617,WLS,31,0.0611329474640927
0,x_tcsc,1-14,-0.10736508568952113,53,-0.10736529943830521,WLS,31,2.1374878407531828e-07
1,B_svc,2,0.17457692784372209,53,0.17486244140871618,WLS,31,0.0002855135649940943
2,UPFC_Vsh,5-15,1.111743750220495,53,1.1061332951757237,WLS,31,0.005610455044771312
3,UPFC_tsh,5-15,-0.2348267619873113,53,-0.23502928821494312,WLS,31,0.00020252622763181072
4,UPFC_Vse,5-15,0.05864777305730057,53,0.062225508284088855,WLS,31,0.003577735226788288
5,UPFC_tse,5-15,-2.128411196050575,53,-2.185793188678617,WLS,31,0.05738199262804189
0,x_tcsc,1-14,-0.10736978677800363,54,-0.10736529943830521,WLS,31,4.4873396984196345e-06
1,B_svc,2,0.17547804147239993,54,0.17486244140871618,WLS,31,0.0006156000636837466
2,UPFC_Vsh,5-15,1.111516606977251,54,1.1061332951757237,WLS,31,0.005383311801527402
3,UPFC_tsh,5-15,-0.23487058013880166,54,-0.23502928821494312,WLS,31,0.00015870807614146165
4,UPFC_Vse,5-15,0.05857406180145117,54,0.062225508284088855,WLS,31,0.0036514464826376825
5,UPFC_tse,5-15,-2.127315913832461,54,-2.185793188678617,WLS,31,0.05847727484615595
0,x_tcsc,1-14,-0.10736848383482267,55,-0.10736529943830521,WLS,31,3.1843965174610522e-06
1,B_svc,2,0.17473061097895176,55,0.17486244140871618,WLS,31,0.00013183042976441794
2,UPFC_Vsh,5-15,1.1116707874014693,55,1.1061332951757237,WLS,31,0.005537492225745622
3,UPFC_tsh,5-15,-0.23485540986419412,55,-0.23502928821494312,WLS,31,0.0001738783507490016
4,UPFC_Vse,5-15,0.059206894108558804,55,0.062225508284088855,WLS,31,0.0030186141755300516
5,UPFC_tse,5-15,-2.124675720552225,55,-2.185793188678617,WLS,31,0.06111746812639218
0,x_tcsc,1-14,-0.10737090944141257,56,-0.10736529943830521,WLS,31,5.610003107364703e-06
1,B_svc,2,0.17526425990400177,56,0.17486244140871618,WLS,31,0.00040181849528558855
2,UPFC_Vsh,5-15,1.11145863247581,56,1.1061332951757237,WLS,31,0.00532533730008633
3,UPFC_tsh,5-15,-0.23487562078379332,56,-0.23502928821494312,WLS,31,0.00015366743114980652
4,UPFC_Vse,5-15,0.05875449104982643,56,0.062225508284088855,WLS,31,0.0034710172342624288
5,UPFC_tse,5-15,-2.123560913378486,56,-2.185793188678617,WLS,31,0.06223227530013098
0,x_tcsc,1-14,-0.10736315271566224,57,-0.10736529943830521,WLS,31,2.14672264296778e-06
1,B_svc,2,0.17468027334742856,57,0.17486244140871618,WLS,31,0.0001821680612876242
2,UPFC_Vsh,5-15,1.1116426702678888,57,1.1061332951757237,WLS,31,0.005509375092165092
3,UPFC_tsh,5-15,-0.2348675566847838,57,-0.23502928821494312,WLS,31,0.0001617315301593314
4,UPFC_Vse,5-15,0.059167247503073284,57,0.062225508284088855,WLS,31,0.003058260781015572
5,UPFC_tse,5-15,-2.124930388097461,57,-2.185793188678617,WLS,31,0.06086280058115623
0,x_tcsc,1-14,-0.10736636325171095,58,-0.10736529943830521,WLS,31,1.063813405741132e-06
1,B_svc,2,0.1747712622302813,58,0.17486244140871618,WLS,31,9.117917843487477e-05
2,UPFC_Vsh,5-15,1.1113942997361201,58,1.1061332951757237,WLS,31,0.005261004560396465
3,UPFC_tsh,5-15,-0.2348283240166446,58,-0.23502928821494312,WLS,31,0.00020096419829851442
4,UPFC_Vse,5-15,0.0585252703218083,58,0.062225508284088855,WLS,31,0.003700237962280556
5,UPFC_tse,5-15,-2.1274021157058307,58,-2.185793188678617,WLS,31,0.05839107297278634
0,x_tcsc,1-14,-0.10737102768589019,59,-0.10736529943830521,WLS,31,5.728247584976809e-06
1,B_svc,2,0.17480467035192254,59,0.17486244140871618,WLS,31,5.7771056793637365e-05
2,UPFC_Vsh,5-15,1.1117916341724075,59,1.1061332951757237,WLS,31,0.005658338996683776
3,UPFC_tsh,5-15,-0.23482101889634735,59,-0.23502928821494312,WLS,31,0.0002082693185957718
4,UPFC_Vse,5-15,0.05909748311388448,59,0.062225508284088855,WLS,31,0.003128025170204378
5,UPFC_tse,5-15,-2.1227981896492634,59,-2.185793188678617,WLS,31,0.06299499902935368
0,x_tcsc,1-14,-0.10736304879166093,60,-0.10736529943830521,WLS,31,2.2506466442751005e-06
1,B_svc,2,0.17494990421962625,60,0.17486244140871618,WLS,31,8.746281091007169e-05
2,UPFC_Vsh,5-15,1.1115638302612902,60,1.1061332951757237,WLS,31,0.005430535085566568
3,UPFC_tsh,5-15,-0.23483314155113727,60,-0.23502928821494312,WLS,31,0.00019614666380585177
4,UPFC_Vse,5-15,0.05921270774522889,60,0.062225508284088855,WLS,31,0.0030128005388599666
5,UPFC_tse,5-15,-2.1232685721636555,60,-2.185793188678617,WLS,31,0.06252461651496155
0,x_tcsc,1-14,-0.10736735589070479,61,-0.10736529943830521,WLS,31,2.056452399576414e-06
1,B_svc,2,0.17449247371833887,61,0.17486244140871618,WLS,31,0.0003699676903773097
2,UPFC_Vsh,5-15,1.1117856572455456,61,1.1061332951757237,WLS,31,0.005652362069821892
3,UPFC_tsh,5-15,-0.2347938474914704,61,-0.23502928821494312,WLS,31,0.0002354407234727296
4,UPFC_Vse,5-15,0.059233045904319916,61,0.062225508284088855,WLS,31,0.00299246237976894
5,UPFC_tse,5-15,-2.126617347302298,61,-2.185793188678617,WLS,31,0.05917584137631904
0,x_tcsc,1-14,-0.10735656502240638,62,-0.10736529943830521,WLS,31,8.73441589882562e-06
1,B_svc,2,0.17496049165150512,62,0.17486244140871618,WLS,31,9.805024278894403e-05
2,UPFC_Vsh,5-15,1.1116881588284493,62,1.1061332951757237,WLS,31,0.005554863652725617
3,UPFC_tsh,5-15,-0.2348697580327331,62,-0.23502928821494312,WLS,31,0.00015953018221001591
4,UPFC_Vse,5-15,0.0593468954726274,62,0.062225508284088855,WLS,31,0.002878612811461456
5,UPFC_tse,5-15,-2.1258969662594223,62,-2.185793188678617,WLS,31,0.05989622241919479
0,x_tcsc,1-14,-0.10735591258512753,63,-0.10736529943830521,WLS,31,9.386853177681398e-06
1,B_svc,2,0.17493480490456476,63,0.17486244140871618,WLS,31,7.236349584857638e-05
2,UPFC_Vsh,5-15,1.111740497992189,63,1.1061332951757237,WLS,31,0.005607202816465318
3,UPFC_tsh,5-15,-0.23483651448624224,63,-0.23502928821494312,WLS,31,0.0001927737287008846
4,UPFC_Vse,5-15,0.05884685482205147,63,0.062225508284088855,WLS,31,0.003378653462037383
5,UPFC_tse,5-15,-2.1278757429136497,63,-2.185793188678617,WLS,31,0.05791744576496738
0,x_tcsc,1-14,-0.1073449700960185,64,-0.10736529943830521,WLS,31,2.032934228671235e-05
1,B_svc,2,0.17500510812643613,64,0.17486244140871618,WLS,31,0.00014266671771995254
2,UPFC_Vsh,5-15,1.1119546375979972,64,1.1061332951757237,WLS,31,0.005821342422273501
3,UPFC_tsh,5-15,-0.2348527127142364,64,-0.23502928821494312,WLS,31,0.00017657550070671046
4,UPFC_Vse,5-15,0.05915092694092057,64,0.062225508284088855,WLS,31,0.0030745813431682853
5,UPFC_tse,5-15,-2.129349336026545,64,-2.185793188678617,WLS,31,0.05644385265207186
0,x_tcsc,1-14,-0.10735328494916005,65,-0.10736529943830521,WLS,31,1.2014489145159568e-05
1,B_svc,2,0.17471108761488932,65,0.17486244140871618,WLS,31,0.00015135379382685832
2,UPFC_Vsh,5-15,1.1116738790018876,65,1.1061332951757237,WLS,31,0.005540583826163958
3,UPFC_tsh,5-15,-0.23477788407001027,65,-0.23502928821494312,WLS,31,0.0002514041449328541
4,UPFC_Vse,5-15,0.05890872830090611,65,0.062225508284088855,WLS,31,0.0033167799831827424
5,UPFC_tse,5-15,-2.124774380870488,65,-2.185793188678617,WLS,31,0.06101880780812907
0,x_tcsc,1-14,-0.10736479645416472,66,-0.10736529943830521,WLS,31,5.029841404907698e-07
1,B_svc,2,0.1750335374349528,66,0.17486244140871618,WLS,31,0.00017109602623663345
2,UPFC_Vsh,5-15,1.1116770288519646,66,1.1061332951757237,WLS,31,0.005543733676240947
3,UPFC_tsh,5-15,-0.2348344644351965,66,-0.23502928821494312,WLS,31,0.00019482377974661125
4,UPFC_Vse,5-15,0.05919960423528906,66,0.062225508284088855,WLS,31,0.0030259040487997935
5,UPFC_tse,5-15,-2.1248469298421018,66,-2.185793188678617,WLS,31,0.06094625883651528
0,x_tcsc,1-14,-0.10736748810110092,67,-0.10736529943830521,WLS,31,2.1886627957073967e-06
1,B_svc,2,0.17455277373161743,67,0.17486244140871618,WLS,31,0.00030966767709875165
2,UPFC_Vsh,5-15,1.1116127479474227,67,1.1061332951757237,WLS,31,0.005479452771699034
3,UPFC_tsh,5-15,-0.234785803555383,67,-0.23502928821494312,WLS,31,0.000243484659560117
4,UPFC_Vse,5-15,0.05884103742767193,67,0.062225508284088855,WLS,31,0.003384470856416924
5,UPFC_tse,5-15,-2.1279556777116504,67,-2.185793188678617,WLS,31,0.057837510966966654
0,x_tcsc,1-14,-0.10735480464811925,68,-0.10736529943830521,WLS,31,1.0494790185958114e-05
1,B_svc,2,0.17492886999033566,68,0.17486244140871618,WLS,31,6.642858161948206e-05
2,UPFC_Vsh,5-15,1.1118423931317092,68,1.1061332951757237,WLS,31,0.005709097955985509
3,UPFC_tsh,5-15,-0.2348005635067819,68,-0.23502928821494312,WLS,31,0.00022872470816120982
4,UPFC_Vse,5-15,0.05900071529853845,68,0.062225508284088855,WLS,31,0.0032247929855504023
5,UPFC_tse,5-15,-2.12531631178128,68,-2.185793188678617,WLS,31,0.06047687689733694
0,x_tcsc,1-14,-0.10737374789003401,69,-0.10736529943830521,WLS,31,8.448451728801376e-06
1,B_svc,2,0.17528674811672496,69,0.17486244140871618,WLS,31,0.0004243067080087759
2,UPFC_Vsh,5-15,1.111690043000694,69,1.1061332951757237,WLS,31,0.005556747824970287
3,UPFC_tsh,5-15,-0.23485147962663772,69,-0.23502928821494312,WLS,31,0.0001778085883054059
4,UPFC_Vse,5-15,0.05884989841420603,69,0.062225508284088855,WLS,31,0.003375609869882827
5,UPFC_tse,5-15,-2.1251559599449674,69,-2.185793188678617,WLS,31,0.06063722873364963
0,x_tcsc,1-14,-0.10736023342142456,70,-0.10736529943830521,WLS,31,5.066016880647672e-06
1,B_svc,2,0.17437086821062864,70,0.17486244140871618,WLS,31,0.0004915731980875415
2,UPFC_Vsh,5-15,1.1117458607436264,70,1.1061332951757237,WLS,31,0.005612565567902683
3,UPFC_tsh,5-15,-0.234690669382963,70,-0.23502928821494312,WLS,31,0.00033861883198010867
4,UPFC_Vse,5-15,0.0590109608036205,70,0.062225508284088855,WLS,31,0.0032145474804683577
5,UPFC_tse,5-15,-2.1250513268293885,70,-2.185793188678617,WLS,31,0.060741861849228584
0,x_tcsc,1-14,-0.1073559913546208,71,-0.10736529943830521,WLS,31,9.308083684406165e-06
1,B_svc,2,0.17466561869911482,71,0.17486244140871618,WLS,31,0.00019682270960136306
2,UPFC_Vsh,5-15,1.1118191439518184,71,1.1061332951757237,WLS,31,0.005685848776094682
3,UPFC_tsh,5-15,-0.2348218432758871,71,-0.23502928821494312,WLS,31,0.00020744493905602845
4,UPFC_Vse,5-15,0.05907555872607815,71,0.062225508284088855,WLS,31,0.003149949558010706
5,UPFC_tse,5-15,-2.1262294279592022,71,-2.185793188678617,WLS,31,0.05956376071941483
0,x_tcsc,1-14,-0.10735759251841405,72,-0.10736529943830521,WLS,31,7.706919891159458e-06
1,B_svc,2,0.1751135584911841,72,0.17486244140871618,WLS,31,0.00025111708246791653
2,UPFC_Vsh,5-15,1.111779651208159,72,1.1061332951757237,WLS,31,0.005646356032435351
3,UPFC_tsh,5-15,-0.23479769956149765,72,-0.23502928821494312,WLS,31,0.0002315886534454692
4,UPFC_Vse,5-15,0.05876042416433706,72,0.062225508284088855,WLS,31,0.003465084119751792
5,UPFC_tse,5-15,-2.125826686802098,72,-2.185793188678617,WLS,31,0.059966501876519196
0,x_tcsc,1-14,-0.10735719552961362,73,-0.10736529943830521,WLS,31,8.103908691589612e-06
1,B_svc,2,0.17506228595995824,73,0.17486244140871618,WLS,31,0.00019984455124205658
2,UPFC_Vsh,5-15,1.111733946388619,73,1.1061332951757237,WLS,31,0.0056006512128954355
3,UPFC_tsh,5-15,-0.23484296930063694,73,-0.23502928821494312,WLS,31,0.0001863189143061772
4,UPFC_Vse,5-15,0.05885144876292335,73,0.062225508284088855,WLS,31,0.0033740595211655053
5,UPFC_tse,5-15,-2.1278862519013138,73,-2.185793188678617,WLS,31,0.0579069367773033
0,x_tcsc,1-14,-0.10738003224291355,74,-0.10736529943830521,WLS,31,1.4732804608341699e-05
1,B_svc,2,0.17498968978246413,74,0.17486244140871618,WLS,31,0.00012724837374794573
2,UPFC_Vsh,5-15,1.1116813456400458,74,1.1061332951757237,WLS,31,0.005548050464322163
3,UPFC_tsh,5-15,-0.23482383150310038,74,-0.23502928821494312,WLS,31,0.00020545671184274417
4,UPFC_Vse,5-15,0.05903680062197656,74,0.062225508284088855,WLS,31,0.0031887076621122945
5,UPFC_tse,5-15,-2.1248998780103774,74,-2.185793188678617,WLS,31,0.060893310668239664
0,x_tcsc,1-14,-0.10735756015252418,75,-0.10736529943830521,WLS,31,7.739285781030447e-06
1,B_svc,2,0.1748238021131212,75,0.17486244140871618,WLS,31,3.8639295594972145e-05
2,UPFC_Vsh,5-15,1.1116299156401988,75,1.1061332951757237,WLS,31,0.005496620464475077
3,UPFC_tsh,5-15,-0.23480434299262187,75,-0.23502928821494312,WLS,31,0.00022494522232124892
4,UPFC_Vse,5-15,0.058876826717880276,75,0.062225508284088855,WLS,31,0.003348681566208579
5,UPFC_tse,5-15,-2.124435923447728,75,-2.185793188678617,WLS,31,0.06135726523088891
0,x_tcsc,1-14,-0.10735772842298971,76,-0.10736529943830521,WLS,31,7.571015315496754e-06
1,B_svc,2,0.17525489637046868,76,0.17486244140871618,WLS,31,0.0003924549617524975
2,UPFC_Vsh,5-15,1.1114393235856657,76,1.1061332951757237,WLS,31,0.0053060284099419874
3,UPFC_tsh,5-15,-0.2348343140537738,76,-0.23502928821494312,WLS,31,0.00019497416116931454
4,UPFC_Vse,5-15,0.059201721369697397,76,0.062225508284088855,WLS,31,0.003023786914391459
5,UPFC_tse,5-15,-2.1251308679973433,76,-2.185793188678617,WLS,31,0.06066232068127375
0,x_tcsc,1-14,-0.1073626866175314,77,-0.10736529943830521,WLS,31,2.612820773809088e-06
1,B_svc,2,0.1749132159861952,77,0.17486244140871618,WLS,31,5.0774577479012484e-05
2,UPFC_Vsh,5-15,1.1113691098571932,77,1.1061332951757237,WLS,31,0.005235814681469497
3,UPFC_tsh,5-15,-0.23476935693222242,77,-0.23502928821494312,WLS,31,0.000259931282720699
4,UPFC_Vse,5-15,0.059060242975356704,77,0.062225508284088855,WLS,31,0.0031652653087321514
5,UPFC_tse,5-15,-2.123488770207569,77,-2.185793188678617,WLS,31,0.06230441847104817
0,x_tcsc,1-14,-0.10736901311120264,78,-0.10736529943830521,WLS,31,3.713672897434628e-06
1,B_svc,2,0.1745862958875168,78,0.17486244140871618,WLS,31,0.00027614552119936686
2,UPFC_Vsh,5-15,1.1118826379584887,78,1.1061332951757237,WLS,31,0.005749342782765066
3,UPFC_tsh,5-15,-0.23488718069360723,78,-0.23502928821494312,WLS,31,0.00014210752133589355
4,UPFC_Vse,5-15,0.05905999146790858,78,0.062225508284088855,WLS,31,0.0031655168161802763
5,UPFC_tse,5-15,-2.1266437188019145,78,-2.185793188678617,WLS,31,0.059149469876702554
0,x_tcsc,1-14,-0.10736831546603946,79,-0.10736529943830521,WLS,31,3.016027734253912e-06
1,B_svc,2,0.1749277962742174,79,0.17486244140871618,WLS,31,6.535486550121594e-05
2,UPFC_Vsh,5-15,1.111512445526355,79,1.1061332951757237,WLS,31,0.005379150350631301
3,UPFC_tsh,5-15,-0.23480789598787088,79,-0.23502928821494312,WLS,31,0.00022139222707223682
4,UPFC_Vse,5-15,0.058809158871545274,79,0.062225508284088855,WLS,31,0.0034163494125435817
5,UPFC_tse,5-15,-2.1256125175036167,79,-2.185793188678617,WLS,31,0.060180671175000366
0,x_tcsc,1-14,-0.10737926296198654,80,-0.10736529943830521,WLS,31,1.3963523681326251e-05
1,B_svc,2,0.17482801106336907,80,0.17486244140871618,WLS,31,3.443034534711398e-05
2,UPFC_Vsh,5-15,1.1116889100316338,80,1.1061332951757237,WLS,31,0.005555614855910163
3,UPFC_tsh,5-15,-0.2348402650519518,80,-0.23502928821494312,WLS,31,0.00018902316299132527
4,UPFC_Vse,5-15,0.05913639930462164,80,0.062225508284088855,WLS,31,0.003089108979467216
5,UPFC_tse,5-15,-2.1263540041285736,80,-2.185793188678617,WLS,31,0.05943918455004349
0,x_tcsc,1-14,-0.10737669460873632,81,-0.10736529943830521,WLS,31,1.1395170431111046e-05
1,B_svc,2,0.1747709921482694,81,0.17486244140871618,WLS,31,9.144926044676871e-05
2,UPFC_Vsh,5-15,1.1117776739252705,81,1.1061332951757237,WLS,31,0.005644378749546819
3,UPFC_tsh,5-15,-0.23482477755611528,81,-0.23502928821494312,WLS,31,0.00020451065882784447
4,UPFC_Vse,5-15,0.05848291660118721,81,0.062225508284088855,WLS,31,0.0037425916829016484
5,UPFC_tse,5-15,-2.1274996854622317,81,-2.185793188678617,WLS,31,0.05829350321638538
0,x_tcsc,1-14,-0.107366175080547,82,-0.10736529943830521,WLS,31,8.756422417849352e-07
1,B_svc,2,0.17474526922109399,82,0.17486244140871618,WLS,31,0.00011717218762219428
2,UPFC_Vsh,5-15,1.1115939558021597,82,1.1061332951757237,WLS,31,0.00546066062643602
3,UPFC_tsh,5-15,-0.23477906892935813,82,-0.23502928821494312,WLS,31,0.00025021928558499607
4,UPFC_Vse,5-15,0.05876888736762425,82,0.062225508284088855,WLS,31,0.003456620916464606
5,UPFC_tse,5-15,-2.122198910691123,82,-2.185793188678617,WLS,31,0.06359427798749406
0,x_tcsc,1-14,-0.10736605483042143,83,-0.10736529943830521,WLS,31,7.553921162195554e-07
1,B_svc,2,0.17525330022144295,83,0.17486244140871618,WLS,31,0.0003908588127267687
2,UPFC_Vsh,5-15,1.11151003210117,83,1.1061332951757237,WLS,31,0.005376736925446268
3,UPFC_tsh,5-15,-0.23481931531690972,83,-0.23502928821494312,WLS,31,0.00020997289803340036
4,UPFC_Vse,5-15,0.05912381414564637,83,0.062225508284088855,WLS,31,0.0031016941384424887
5,UPFC_tse,5-15,-2.125066208240918,83,-2.185793188678617,WLS,31,0.06072698043769886
0,x_tcsc,1-14,-0.10736278350251857,84,-0.10736529943830521,WLS,31,2.5159357866372245e-06
1,B_svc,2,0.17505739599518602,84,0.17486244140871618,WLS,31,0.0001949545864698421
2,UPFC_Vsh,5-15,1.1114780174988395,84,1.1061332951757237,WLS,31,0.00534472232311578
3,UPFC_tsh,5-15,-0.23487708176536398,84,-0.23502928821494312,WLS,31,0.00015220644957913976
4,UPFC_Vse,5-15,0.05944903359948569,84,0.062225508284088855,WLS,31,0.002776474684603167
5,UPFC_tse,5-15,-2.1268839632479217,84,-2.185793188678617,WLS,31,0.05890922543069532
0,x_tcsc,1-14,-0.10736446346027652,85,-0.10736529943830521,WLS,31,8.359780286903984e-07
1,B_svc,2,0.17480624323624092,85,0.17486244140871618,WLS,31,5.61981724752636e-05
2,UPFC_Vsh,5-15,1.1119153262444876,85,1.1061332951757237,WLS,31,0.00578203106876396
3,UPFC_tsh,5-15,-0.23485873816382033,85,-0.23502928821494312,WLS,31,0.00017055005112279198
4,UPFC_Vse,5-15,0.05875702250170749,85,0.062225508284088855,WLS,31,0.0034684857823813683
5,UPFC_tse,5-15,-2.1266674077149443,85,-2.185793188678617,WLS,31,0.059125780963672714
0,x_tcsc,1-14,-0.10735529975070499,86,-0.10736529943830521,WLS,31,9.999687600223406e-06
1,B_svc,2,0.17488818553424126,86,0.17486244140871618,WLS,31,2.5744125525084538e-05
2,UPFC_Vsh,5-15,1.1114437718415806,86,1.1061332951757237,WLS,31,0.0053104766658569336
3,UPFC_tsh,5-15,-0.23496055853403663,86,-0.23502928821494312,WLS,31,6.872968090648746e-05
4,UPFC_Vse,5-15,0.05937056647789888,86,0.062225508284088855,WLS,31,0.0028549418061899756
5,UPFC_tse,5-15,-2.1259511042263233,86,-2.185793188678617,WLS,31,0.059842084452293776
0,x_tcsc,1-14,-0.1073656572279233,87,-0.10736529943830521,WLS,31,3.577896180856355e-07
1,B_svc,2,0.17493751908662,87,0.17486244140871618,WLS,31,7.507767790382314e-05
2,UPFC_Vsh,5-15,1.1113558914172823,87,1.1061332951757237,WLS,31,0.00522259624155863
3,UPFC_tsh,5-15,-0.23490309979518212,87,-0.23502928821494312,WLS,31,0.00012618841976100303
4,UPFC_Vse,5-15,0.05854471739190345,87,0.062225508284088855,WLS,31,0.003680790892185405
5,UPFC_tse,5-15,-2.1252839489971884,87,-2.185793188678617,WLS,31,0.06050923968142863
0,x_tcsc,1-14,-0.10735524312758918,88,-0.10736529943830521,WLS,31,1.0056310716030636e-05
1,B_svc,2,0.175620321522257,88,0.17486244140871618,WLS,31,0.000757880113540832
2,UPFC_Vsh,5-15,1.1113465109605696,88,1.1061332951757237,WLS,31,0.005213215784845904
3,UPFC_tsh,5-15,-0.2348434545553516,88,-0.23502928821494312,WLS,31,0.00018583365959151665
4,UPFC_Vse,5-15,0.05882042928616528,88,0.062225508284088855,WLS,31,0.003405078997923576
5,UPFC_tse,5-15,-2.123810950905113,88,-2.185793188678617,WLS,31,0.06198223777350398
0,x_tcsc,1-14,-0.10736440220333113,89,-0.10736529943830521,WLS,31,8.972349740815622e-07
1,B_svc,2,0.17469921696965773,89,0.17486244140871618,WLS,31,0.00016322443905844586
2,UPFC_Vsh,5-15,1.1117722421248664,89,1.1061332951757237,WLS,31,0.005638946949142687
3,UPFC_tsh,5-15,-0.2348280935286752,89,-0.23502928821494312,WLS,31,0.00020119468626791925
4,UPFC_Vse,5-15,0.05879576924906049,89,0.062225508284088855,WLS,31,0.0034297390350283632
5,UPFC_tse,5-15,-2.1258530782080935,89,-2.185793188678617,WLS,31,0.0599401104705235
0,x_tcsc,1-14,-0.10735591026193039,90,-0.10736529943830521,WLS,31,9.389176374816066e-06
1,B_svc,2,0.1744806585141742,90,0.17486244140871618,WLS,31,0.0003817828945419932
2,UPFC_Vsh,5-15,1.1114092946957599,90,1.1061332951757237,WLS,31,0.005275999520036212
3,UPFC_tsh,5-15,-0.23476583941167942,90,-0.23502928821494312,WLS,31,0.000263448803263705
4,UPFC_Vse,5-15,0.05909424361952279,90,0.062225508284088855,WLS,31,0.0031312646645660636
5,UPFC_tse,5-15,-2.1227929407173445,90,-2.185793188678617,WLS,31,0.06300024796127257
0,x_tcsc,1-14,-0.10736595079257039,91,-0.10736529943830521,WLS,31,6.513542651770399e-07
1,B_svc,2,0.17473473411250023,91,0.17486244140871618,WLS,31,0.00012770729621594534
2,UPFC_Vsh,5-15,1.111649548513013,91,1.1061332951757237,WLS,31,0.005516253337289223
3,UPFC_tsh,5-15,-0.23489386228494666,91,-0.23502928821494312,WLS,31,0.0001354259299964633
4,UPFC_Vse,5-15,0.05882548440201258,91,0.062225508284088855,WLS,31,0.003400023882076275
5,UPFC_tse,5-15,-2.1287553160320383,91,-2.185793188678617,WLS,31,0.05703787264657878
0,x_tcsc,1-14,-0.10735629810570896,92,-0.10736529943830521,WLS,31,9.001332596250688e-06
1,B_svc,2,0.17480084301738344,92,0.17486244140871618,WLS,31,6.159839133274003e-05
2,UPFC_Vsh,5-15,1.111367717971972,92,1.1061332951757237,WLS,31,0.005234422796248417
3,UPFC_tsh,5-15,-0.23485079642547751,92,-0.23502928821494312,WLS,31,0.00017849178946560684
4,UPFC_Vse,5-15,0.05934669532569823,92,0.062225508284088855,WLS,31,0.0028788129583906252
5,UPFC_tse,5-15,-2.1261961276064865,92,-2.185793188678617,WLS,31,0.059597061072130586
0,x_tcsc,1-14,-0.10737229807513667,93,-0.10736529943830521,WLS,31,6.998636831456739e-06
1,B_svc,2,0.17459397864749798,93,0.17486244140871618,WLS,31,0.0002684627612181967
2,UPFC_Vsh,5-15,1.1114485050293468,93,1.1061332951757237,WLS,31,0.005315209853623104
3,UPFC_tsh,5-15,-0.23483662464553787,93,-0.23502928821494312,WLS,31,0.00019266356940525475
4,UPFC_Vse,5-15,0.05955182289438541,93,0.062225508284088855,WLS,31,0.002673685389703445
5,UPFC_tse,5-15,-2.1239559583240424,93,-2.185793188678617,WLS,31,0.06183723035457467
0,x_tcsc,1-14,-0.10734629229153975,94,-0.10736529943830521,WLS,31,1.9007146765462335e-05
1,B_svc,2,0.17453883008447618,94,0.17486244140871618,WLS,31,0.0003236113242399974
2,UPFC_Vsh,5-15,1.1115957831271368,94,1.1061332951757237,WLS,31,0.005462487951413131
3,UPFC_tsh,5-15,-0.23481043811343158,94,-0.23502928821494312,WLS,31,0.00021885010151154183
4,UPFC_Vse,5-15,0.058338686770778254,94,0.062225508284088855,WLS,31,0.003886821513310601
5,UPFC_tse,5-15,-2.1259677196581555,94,-2.185793188678617,WLS,31,0.0598254690204616
0,x_tcsc,1-14,-0.10736956909817556,95,-0.10736529943830521,WLS,31,4.269659870353992e-06
1,B_svc,2,0.1749004014656913,95,0.17486244140871618,WLS,31,3.7960056975122614e-05
2,UPFC_Vsh,5-15,1.1113745105824706,95,1.1061332951757237,WLS,31,0.005241215406746935
3,UPFC_tsh,5-15,-0.23485641683267572,95,-0.23502928821494312,WLS,31,0.00017287138226740328
4,UPFC_Vse,5-15,0.059523597094448655,95,0.062225508284088855,WLS,31,0.0027019111896402007
5,UPFC_tse,5-15,-2.1255595437454584,95,-2.185793188678617,WLS,31,0.06023364493315864
0,x_tcsc,1-14,-0.1073667925415364,96,-0.10736529943830521,WLS,31,1.4931032311926717e-06
1,B_svc,2,0.17429608238921368,96,0.17486244140871618,WLS,31,0.0005663590195024992
2,UPFC_Vsh,5-15,1.1116357893618103,96,1.1061332951757237,WLS,31,0.005502494186086615
3,UPFC_tsh,5-15,-0.23481183581559506,96,-0.23502928821494312,WLS,31,0.0002174523993480615
4,UPFC_Vse,5-15,0.05841364460229904,96,0.062225508284088855,WLS,31,0.0038118636817898177
5,UPFC_tse,5-15,-2.1269184004979933,96,-2.185793188678617,WLS,31,0.05887478818062375
0,x_tcsc,1-14,-0.10737283303931236,97,-0.10736529943830521,WLS,31,7.533601007150836e-06
1,B_svc,2,0.17516741769551494,97,0.17486244140871618,WLS,31,0.00030497628679876376
2,UPFC_Vsh,5-15,1.1117911527028748,97,1.1061332951757237,WLS,31,0.005657857527151089
3,UPFC_tsh,5-15,-0.23485806299833906,97,-0.23502928821494312,WLS,31,0.0001712252166040651
4,UPFC_Vse,5-15,0.059174351853687204,97,0.062225508284088855,WLS,31,0.003051156430401651
5,UPFC_tse,5-15,-2.1240960613889843,97,-2.185793188678617,WLS,31,0.061697127289632725
0,x_tcsc,1-14,-0.10734245415273244,98,-0.10736529943830521,WLS,31,2.2845285572767327e-05
1,B_svc,2,0.1748877064433191,98,0.17486244140871618,WLS,31,2.526503460292817e-05
2,UPFC_Vsh,5-15,1.1118467240923129,98,1.1061332951757237,WLS,31,0.005713428916589214
3,UPFC_tsh,5-15,-0.23481684888576468,98,-0.23502928821494312,WLS,31,0.00021243932917844321
4,UPFC_Vse,5-15,0.05887855341079002,98,0.062225508284088855,WLS,31,0.0033469548732988352
5,UPFC_tse,5-15,-2.124748909200979,98,-2.185793188678617,WLS,31,0.06104427947763824
0,x_tcsc,1-14,-0.10736835673381818,99,-0.10736529943830521,WLS,31,3.057295512975955e-06
1,B_svc,2,0.17514559224892992,99,0.17486244140871618,WLS,31,0.0002831508402137417
2,UPFC_Vsh,5-15,1.1115981997904727,99,1.1061332951757237,WLS,31,0.005464904614749022
3,UPFC_tsh,5-15,-0.2348372880394581,99,-0.23502928821494312,WLS,31,0.00019200017548501314
4,UPFC_Vse,5-15,0.05943059870596349,99,0.062225508284088855,WLS,31,0.0027949095781253652
5,UPFC_tse,5-15,-2.1288646194776994,99,-2.185793188678617,WLS,31,0.0569285692009176
0,x_tcsc,1-14,-0.1064995866094519,0,-0.10650647426468991,WLS,33,6.887655238013712e-06
1,B_svc,2,0.17448297658071094,0,0.17481718540140737,WLS,33,0.00033420882069643
2,UPFC_Vsh,5-15,1.1117214872572345,0,1.1072116531227494,WLS,33,0.004509834134485136
3,UPFC_tsh,5-15,-0.2357312116236568,0,-0.23588325761662496,WLS,33,0.00015204599296816945
4,UPFC_Vse,5-15,0.05871985287538934,0,0.062051247461420725,WLS,33,0.0033313945860313846
5,UPFC_tse,5-15,-2.121085838079751,0,-2.18409127855749,WLS,33,0.06300544047773915
0,x_tcsc,1-14,-0.10649076773422517,1,-0.10650647426468991,WLS,33,1.5706530464745794e-05
1,B_svc,2,0.17527668928686854,1,0.17481718540140737,WLS,33,0.0004595038854611766
2,UPFC_Vsh,5-15,1.1112505895896885,1,1.1072116531227494,WLS,33,0.0040389364669390915
3,UPFC_tsh,5-15,-0.23566090897917807,1,-0.23588325761662496,WLS,33,0.00022234863744688416
4,UPFC_Vse,5-15,0.058647937935029835,1,0.062051247461420725,WLS,33,0.0034033095263908894
5,UPFC_tse,5-15,-2.121116545795684,1,-2.18409127855749,WLS,33,0.06297473276180598
0,x_tcsc,1-14,-0.10649144647982109,2,-0.10650647426468991,WLS,33,1.5027784868823502e-05
1,B_svc,2,0.17505436798879973,2,0.17481718540140737,WLS,33,0.00023718258739235942
2,UPFC_Vsh,5-15,1.1116587532492332,2,1.1072116531227494,WLS,33,0.0044471001264838605
3,UPFC_tsh,5-15,-0.2357420291044831,2,-0.23588325761662496,WLS,33,0.00014122851214184995
4,UPFC_Vse,5-15,0.05896885722678801,2,0.062051247461420725,WLS,33,0.0030823902346327134
5,UPFC_tse,5-15,-2.1229494194201823,2,-2.18409127855749,WLS,33,0.06114185913730763
0,x_tcsc,1-14,-0.10649629435860829,3,-0.10650647426468991,WLS,33,1.0179906081625445e-05
1,B_svc,2,0.17431051161439184,3,0.17481718540140737,WLS,33,0.0005066737870155213
2,UPFC_Vsh,5-15,1.1116223794021411,3,1.1072116531227494,WLS,33,0.004410726279391763
3,UPFC_tsh,5-15,-0.23573938189142446,3,-0.23588325761662496,WLS,33,0.00014387572520049852
4,UPFC_Vse,5-15,0.058829160256284416,3,0.062051247461420725,WLS,33,0.003222087205136309
5,UPFC_tse,5-15,-2.1228360122411174,3,-2.18409127855749,WLS,33,0.06125526631637257
0,x_tcsc,1-14,-0.10649306302785252,4,-0.10650647426468991,WLS,33,1.3411236837387874e-05
1,B_svc,2,0.1751307568127204,4,0.17481718540140737,WLS,33,0.0003135714113130239
2,UPFC_Vsh,5-15,1.111528970623892,4,1.1072116531227494,WLS,33,0.004317317501142615
3,UPFC_tsh,5-15,-0.23565343494058147,4,-0.23588325761662496,WLS,33,0.0002298226760434896
4,UPFC_Vse,5-15,0.058924135061556485,4,0.062051247461420725,WLS,33,0.0031271123998642403
5,UPFC_tse,5-15,-2.1238686659277253,4,-2.18409127855749,WLS,33,0.060222612629764694
0,x_tcsc,1-14,-0.10649634335589596,5,-0.10650647426468991,WLS,33,1.0130908793953841e-05
1,B_svc,2,0.1749838493509975,5,0.17481718540140737,WLS,33,0.00016666394959014008
2,UPFC_Vsh,5-15,1.1116397249189272,5,1.1072116531227494,WLS,33,0.004428071796177768
3,UPFC_tsh,5-15,-0.23571133504210834,5,-0.23588325761662496,WLS,33,0.00017192257451661974
4,UPFC_Vse,5-15,0.05891289838784857,5,0.062051247461420725,WLS,33,0.003138349073572154
5,UPFC_tse,5-15,-2.1227105277064973,5,-2.18409127855749,WLS,33,0.061380750850992705
0,x_tcsc,1-14,-0.10649162316936957,6,-0.10650647426468991,WLS,33,1.485109532034512e-05
1,B_svc,2,0.17466541582556816,6,0.17481718540140737,WLS,33,0.0001517695758392057
2,UPFC_Vsh,5-15,1.111951616398177,6,1.1072116531227494,WLS,33,0.004739963275427694
3,UPFC_tsh,5-15,-0.23559934404258714,6,-0.23588325761662496,WLS,33,0.00028391357403781403
4,UPFC_Vse,5-15,0.058835914702254924,6,0.062051247461420725,WLS,33,0.003215332759165801
5,UPFC_tse,5-15,-2.1246918098157144,6,-2.18409127855749,WLS,33,0.059399468741775596
0,x_tcsc,1-14,-0.10650034127285593,7,-0.10650647426468991,WLS,33,6.132991833981971e-06
1,B_svc,2,0.17510283776867536,7,0.17481718540140737,WLS,33,0.00028565236726799115
2,UPFC_Vsh,5-15,1.111475402517147,7,1.1072116531227494,WLS,33,0.0042637493943975535
3,UPFC_tsh,5-15,-0.23563552428700246,7,-0.23588325761662496,WLS,33,0.00024773332962249595
4,UPFC_Vse,5-15,0.058236992156862954,7,0.062051247461420725,WLS,33,0.0038142553045577704
5,UPFC_tse,5-15,-2.122558319645006,7,-2.18409127855749,WLS,33,0.06153295891248378
0,x_tcsc,1-14,-0.10648368823511078,8,-0.10650647426468991,WLS,33,2.2786029579127676e-05
1,B_svc,2,0.1748585884094571,8,0.17481718540140737,WLS,33,4.140300804972297e-05
2,UPFC_Vsh,5-15,1.1120180938931563,8,1.1072116531227494,WLS,33,0.004806440770406928
3,UPFC_tsh,5-15,-0.23565276646788824,8,-0.23588325761662496,WLS,33,0.00023049114873671672
4,UPFC_Vse,5-15,0.05867233332526784,8,0.062051247461420725,WLS,33,0.0033789141361528843
5,UPFC_tse,5-15,-2.1224201326082643,8,-2.18409127855749,WLS,33,0.061671145949225625
0,x_tcsc,1-14,-0.10649840102024234,9,-0.10650647426468991,WLS,33,8.073244447570627e-06
1,B_svc,2,0.17490685439085818,9,0.17481718540140737,WLS,33,8.966898945081403e-05
2,UPFC_Vsh,5-15,1.1116601077521389,9,1.1072116531227494,WLS,33,0.0044484546293894756
3,UPFC_tsh,5-15,-0.2357241793347414,9,-0.23588325761662496,WLS,33,0.00015907828188355122
4,UPFC_Vse,5-15,0.05910524016901444,9,0.062051247461420725,WLS,33,0.002946007292406287
5,UPFC_tse,5-15,-2.122286154102856,9,-2.18409127855749,WLS,33,0.06180512445463382
0,x_tcsc,1-14,-0.10648004423837167,10,-0.10650647426468991,WLS,33,2.643002631824709e-05
1,B_svc,2,0.17477627353316436,10,0.17481718540140737,WLS,33,4.091186824300985e-05
2,UPFC_Vsh,5-15,1.1114225986722788,10,1.1072116531227494,WLS,33,0.004210945549529388
3,UPFC_tsh,5-15,-0.23562107453038622,10,-0.23588325761662496,WLS,33,0.00026218308623873754
4,UPFC_Vse,5-15,0.05822412680024738,10,0.062051247461420725,WLS,33,0.0038271206611733416
5,UPFC_tse,5-15,-2.1213142205913984,10,-2.18409127855749,WLS,33,0.06277705796609157
0,x_tcsc,1-14,-0.10648793310529937,11,-0.10650647426468991,WLS,33,1.8541159390539352e-05
1,B_svc,2,0.17488284146366778,11,0.17481718540140737,WLS,33,6.565606226041631e-05
2,UPFC_Vsh,5-15,1.1112435874087114,11,1.1072116531227494,WLS,33,0.004031934285962047
3,UPFC_tsh,5-15,-0.23568465939703148,11,-0.23588325761662496,WLS,33,0.00019859821959347657
4,UPFC_Vse,5-15,0.0581948299777197,11,0.062051247461420725,WLS,33,0.0038564174837010246
5,UPFC_tse,5-15,-2.1230069213529585,11,-2.18409127855749,WLS,33,0.061084357204531425
0,x_tcsc,1-14,-0.10648733226584564,12,-0.10650647426468991,WLS,33,1.914199884427148e-05
1,B_svc,2,0.17484785742664843,12,0.17481718540140737,WLS,33,3.06720252410686e-05
2,UPFC_Vsh,5-15,1.1116495002026254,12,1.1072116531227494,WLS,33,0.004437847079876045
3,UPFC_tsh,5-15,-0.23575340109566534,12,-0.23588325761662496,WLS,33,0.0001298565209596203
4,UPFC_Vse,5-15,0.05882309629674222,12,0.062051247461420725,WLS,33,0.0032281511646785055
5,UPFC_tse,5-15,-2.121199330421268,12,-2.18409127855749,WLS,33,0.06289194813622201
0,x_tcsc,1-14,-0.10649980640901925,13,-0.10650647426468991,WLS,33,6.6678556706611936e-06
1,B_svc,2,0.1746359336160083,13,0.17481718540140737,WLS,33,0.0001812517853990725
2,UPFC_Vsh,5-15,1.1118534923108327,13,1.1072116531227494,WLS,33,0.004641839188083363
3,UPFC_tsh,5-15,-0.2356808197728127,13,-0.23588325761662496,WLS,33,0.0002024378438122698
4,UPFC_Vse,5-15,0.058470124710961864,13,0.062051247461420725,WLS,33,0.003581122750458861
5,UPFC_tse,5-15,-2.121266014179175,13,-2.18409127855749,WLS,33,0.06282526437831493
0,x_tcsc,1-14,-0.10648132168159215,14,-0.10650647426468991,WLS,33,2.5152583097765024e-05
1,B_svc,2,0.17475270209890612,14,0.17481718540140737,WLS,33,6.448330250125034e-05
2,UPFC_Vsh,5-15,1.1114064550314005,14,1.1072116531227494,WLS,33,0.004194801908651069
3,UPFC_tsh,5-15,-0.23567490454387524,14,-0.23588325761662496,WLS,33,0.00020835307274971737
4,UPFC_Vse,5-15,0.05863429257444566,14,0.062051247461420725,WLS,33,0.0034169548869750627
5,UPFC_tse,5-15,-2.1226035110753285,14,-2.18409127855749,WLS,33,0.06148776748216145
0,x_tcsc,1-14,-0.10648817092366593,15,-0.10650647426468991,WLS,33,1.830334102398412e-05
1,B_svc,2,0.1744661510135842,15,0.17481718540140737,WLS,33,0.00035103438782316254
2,UPFC_Vsh,5-15,1.1111624631913624,15,1.1072116531227494,WLS,33,0.0039508100686129755
3,UPFC_tsh,5-15,-0.2356838350248449,15,-0.23588325761662496,WLS,33,0.0001994225917800463
4,UPFC_Vse,5-15,0.059055814563317786,15,0.062051247461420725,WLS,33,0.0029954328981029385
5,UPFC_tse,5-15,-2.12043175856658,15,-2.18409127855749,WLS,33,0.0636595199909098
0,x_tcsc,1-14,-0.10647842306086551,16,-0.10650647426468991,WLS,33,2.805120382440296e-05
1,B_svc,2,0.17462217506189376,16,0.17481718540140737,WLS,33,0.00019501033951360713
2,UPFC_Vsh,5-15,1.1114534268449472,16,1.1072116531227494,WLS,33,0.004241773722197806
3,UPFC_tsh,5-15,-0.23562825368662596,16,-0.23588325761662496,WLS,33,0.0002550039299989981
4,UPFC_Vse,5-15,0.05899017290448277,16,0.062051247461420725,WLS,33,0.003061074556937958
5,UPFC_tse,5-15,-2.1185761391139075,16,-2.18409127855749,WLS,33,0.06551513944358245
0,x_tcsc,1-14,-0.1065010282413934,17,-0.10650647426468991,WLS,33,5.446023296509783e-06
1,B_svc,2,0.1747677957527229,17,0.17481718540140737,WLS,33,4.938964868447804e-05
2,UPFC_Vsh,5-15,1.1115999159717835,17,1.1072116531227494,WLS,33,0.004388262849034152
3,UPFC_tsh,5-15,-0.23571469327111783,17,-0.23588325761662496,WLS,33,0.00016856434550713284
4,UPFC_Vse,5-15,0.05843388872376674,17,0.062051247461420725,WLS,33,0.0036173587376539876
5,UPFC_tse,5-15,-2.1266776991293415,17,-2.18409127855749,WLS,33,0.05741357942814851
0,x_tcsc,1-14,-0.10650537357015655,18,-0.10650647426468991,WLS,33,1.100694533365254e-06
1,B_svc,2,0.174579018994751,18,0.17481718540140737,WLS,33,0.00023816640665635935
2,UPFC_Vsh,5-15,1.1116697679238512,18,1.1072116531227494,WLS,33,0.004458114801101809
3,UPFC_tsh,5-15,-0.2356543649430687,18,-0.23588325761662496,WLS,33,0.00022889267355624687
4,UPFC_Vse,5-15,0.05920977937003465,18,0.062051247461420725,WLS,33,0.002841468091386072
5,UPFC_tse,5-15,-2.122514531438198,18,-2.18409127855749,WLS,33,0.06157674711929184
0,x_tcsc,1-14,-0.1065019305535938,19,-0.10650647426468991,WLS,33,4.543711096108294e-06
1,B_svc,2,0.17515851389633852,19,0.17481718540140737,WLS,33,0.00034132849493115347
2,UPFC_Vsh,5-15,1.1114490328372202,19,1.1072116531227494,WLS,33,0.004237379714470801
3,UPFC_tsh,5-15,-0.23567436097683667,19,-0.23588325761662496,WLS,33,0.00020889663978829187
4,UPFC_Vse,5-15,0.05853632718484842,19,0.062051247461420725,WLS,33,0.0035149202765723045
5,UPFC_tse,5-15,-2.1236550973909814,19,-2.18409127855749,WLS,33,0.06043618116650862
0,x_tcsc,1-14,-0.10649764860860225,20,-0.10650647426468991,WLS,33,8.825656087660394e-06
1,B_svc,2,0.1743766553516452,20,0.17481718540140737,WLS,33,0.00044053004976216115
2,UPFC_Vsh,5-15,1.1120273276563806,20,1.1072116531227494,WLS,33,0.004815674533631187
3,UPFC_tsh,5-15,-0.23564601165840873,20,-0.23588325761662496,WLS,33,0.00023724595821622563
4,UPFC_Vse,5-15,0.05870578073741891,20,0.062051247461420725,WLS,33,0.003345466724001815
5,UPFC_tse,5-15,-2.1234091091549865,20,-2.18409127855749,WLS,33,0.06068216940250348
0,x_tcsc,1-14,-0.10649402441649462,21,-0.10650647426468991,WLS,33,1.2449848195289492e-05
1,B_svc,2,0.17520317687807493,21,0.17481718540140737,WLS,33,0.0003859914766675687
2,UPFC_Vsh,5-15,1.111636774930811,21,1.1072116531227494,WLS,33,0.004425121808061538
3,UPFC_tsh,5-15,-0.23563705278017594,21,-0.23588325761662496,WLS,33,0.000246204836449021
4,UPFC_Vse,5-15,0.05924224539104886,21,0.062051247461420725,WLS,33,0.002809002070371866
5,UPFC_tse,5-15,-2.1209865782413004,21,-2.18409127855749,WLS,33,0.06310470031618953
0,x_tcsc,1-14,-0.10647518115290365,22,-0.10650647426468991,WLS,33,3.1293111786262484e-05
1,B_svc,2,0.17517874888418128,22,0.17481718540140737,WLS,33,0.00036156348277391337
2,UPFC_Vsh,5-15,1.1115304400883053,22,1.1072116531227494,WLS,33,0.004318786965555876
3,UPFC_tsh,5-15,-0.23563053372111373,22,-0.23588325761662496,WLS,33,0.000252723895511231
4,UPFC_Vse,5-15,0.05893884003390703,22,0.062051247461420725,WLS,33,0.0031124074275136956
5,UPFC_tse,5-15,-2.1205665251089423,22,-2.18409127855749,WLS,33,0.06352475344854769
0,x_tcsc,1-14,-0.10650073205288355,23,-0.10650647426468991,WLS,33,5.742211806367137e-06
1,B_svc,2,0.17484310421957902,23,0.17481718540140737,WLS,33,2.59188181716552e-05
2,UPFC_Vsh,5-15,1.1115631679949598,23,1.1072116531227494,WLS,33,0.004351514872210416
3,UPFC_tsh,5-15,-0.23564274048066405,23,-0.23588325761662496,WLS,33,0.00024051713596090485
4,UPFC_Vse,5-15,0.059029301530861694,23,0.062051247461420725,WLS,33,0.0030219459305590307
5,UPFC_tse,5-15,-2.1210008698528156,23,-2.18409127855749,WLS,33,0.06309040870467442
0,x_tcsc,1-14,-0.10648575171886185,24,-0.10650647426468991,WLS,33,2.07225458280641e-05
1,B_svc,2,0.1746263475982393,24,0.17481718540140737,WLS,33,0.0001908378031680591
2,UPFC_Vsh,5-15,1.1119619161282202,24,1.1072116531227494,WLS,33,0.004750263005470767
3,UPFC_tsh,5-15,-0.23569316236446877,24,-0.23588325761662496,WLS,33,0.00019009525215618606
4,UPFC_Vse,5-15,0.058518857163131176,24,0.062051247461420725,WLS,33,0.003532390298289549
5,UPFC_tse,5-15,-2.124250833415026,24,-2.18409127855749,WLS,33,0.059840445142464116
0,x_tcsc,1-14,-0.1064839880251557,25,-0.10650647426468991,WLS,33,2.2486239534214025e-05
1,B_svc,2,0.17495810378146448,25,0.17481718540140737,WLS,33,0.00014091838005711455
2,UPFC_Vsh,5-15,1.1118040725852578,25,1.1072116531227494,WLS,33,0.004592419462508435
3,UPFC_tsh,5-15,-0.2356620574789588,25,-0.23588325761662496,WLS,33,0.00022120013766616098
4,UPFC_Vse,5-15,0.05844253906516767,25,0.062051247461420725,WLS,33,0.0036087083962530533
5,UPFC_tse,5-15,-2.1198649780419885,25,-2.18409127855749,WLS,33,0.06422630051550149
0,x_tcsc,1-14,-0.10649227058765966,26,-0.10650647426468991,WLS,33,1.4203677030255601e-05
1,B_svc,2,0.1751455939319607,26,0.17481718540140737,WLS,33,0.00032840853055332575
2,UPFC_Vsh,5-15,1.1115417427450822,26,1.1072116531227494,WLS,33,0.004330089622332833
3,UPFC_tsh,5-15,-0.23564471729324507,26,-0.23588325761662496,WLS,33,0.00023854032337988773
4,UPFC_Vse,5-15,0.05874576564448787,26,0.062051247461420725,WLS,33,0.0033054818169328537
5,UPFC_tse,5-15,-2.1191494208640678,26,-2.18409127855749,WLS,33,0.0649418576934222
0,x_tcsc,1-14,-0.10650643351407577,27,-0.10650647426468991,WLS,33,4.075061414698933e-08
1,B_svc,2,0.17465531652020044,27,0.17481718540140737,WLS,33,0.00016186888120692244
2,UPFC_Vsh,5-15,1.1118407411886,27,1.1072116531227494,WLS,33,0.004629088065850606
3,UPFC_tsh,5-15,-0.2357135724396683,27,-0.23588325761662496,WLS,33,0.00016968517695664653
4,UPFC_Vse,5-15,0.058643223103551384,27,0.062051247461420725,WLS,33,0.003408024357869341
5,UPFC_tse,5-15,-2.1236849827214934,27,-2.18409127855749,WLS,33,0.06040629583599655
0,x_tcsc,1-14,-0.10650528214517198,28,-0.10650647426468991,WLS,33,1.192119517934298e-06
1,B_svc,2,0.17516784061792545,28,0.17481718540140737,WLS,33,0.0003506552165180865
2,UPFC_Vsh,5-15,1.1115254981988043,28,1.1072116531227494,WLS,33,0.004313845076054923
3,UPFC_tsh,5-15,-0.235708183451723,28,-0.23588325761662496,WLS,33,0.0001750741649019505
4,UPFC_Vse,5-15,0.05925343516730764,28,0.062051247461420725,WLS,33,0.002797812294113085
5,UPFC_tse,5-15,-2.1220527169568766,28,-2.18409127855749,WLS,33,0.062038561600613384
0,x_tcsc,1-14,-0.10649122510907043,29,-0.10650647426468991,WLS,33,1.5249155619484478e-05
1,B_svc,2,0.17544890941018676,29,0.17481718540140737,WLS,33,0.000631724008779394
2,UPFC_Vsh,5-15,1.1117615534899044,29,1.1072116531227494,WLS,33,0.004549900367154969
3,UPFC_tsh,5-15,-0.23572060809380538,29,-0.23588325761662496,WLS,33,0.00016264952281958012
4,UPFC_Vse,5-15,0.05917839293111052,29,0.062051247461420725,WLS,33,0.0028728545303102065
5,UPFC_tse,5-15,-2.121990050546428,29,-2.18409127855749,WLS,33,0.06210122801106177
0,x_tcsc,1-14,-0.10650792992701842,30,-0.10650647426468991,WLS,33,1.455662328508911e-06
1,B_svc,2,0.1750094895440744,30,0.17481718540140737,WLS,33,0.00019230414266702134
2,UPFC_Vsh,5-15,1.1119383431303744,30,1.1072116531227494,WLS,33,0.004726690007625045
3,UPFC_tsh,5-15,-0.23563335366631716,30,-0.23588325761662496,WLS,33,0.00024990395030780044
4,UPFC_Vse,5-15,0.05931775969468489,30,0.062051247461420725,WLS,33,0.0027334877667358343
5,UPFC_tse,5-15,-2.124607362569399,30,-2.18409127855749,WLS,33,0.059483915988090885
0,x_tcsc,1-14,-0.10648935760497585,31,-0.10650647426468991,WLS,33,1.7116659714058735e-05
1,B_svc,2,0.17511855312655858,31,0.17481718540140737,WLS,33,0.0003013677251512137
2,UPFC_Vsh,5-15,1.111370708683877,31,1.1072116531227494,WLS,33,0.0041590555611277225
3,UPFC_tsh,5-15,-0.23562304772825343,31,-0.23588325761662496,WLS,33,0.0002602098883715265
4,UPFC_Vse,5-15,0.0584747183352375,31,0.062051247461420725,WLS,33,0.0035765291261832255
5,UPFC_tse,5-15,-2.12277336732156,31,-2.18409127855749,WLS,33,0.06131791123593011
0,x_tcsc,1-14,-0.10647016575100009,32,-0.10650647426468991,WLS,33,3.630851368982557e-05
1,B_svc,2,0.1753897297157351,32,0.17481718540140737,WLS,33,0.0005725443143277387
2,UPFC_Vsh,5-15,1.1115974016381112,32,1.1072116531227494,WLS,33,0.004385748515361776
3,UPFC_tsh,5-15,-0.23570479792607707,32,-0.23588325761662496,WLS,33,0.00017845969054788857
4,UPFC_Vse,5-15,0.05823228966569293,32,0.062051247461420725,WLS,33,0.003818957795727794
5,UPFC_tse,5-15,-2.1263478676962135,32,-2.18409127855749,WLS,33,0.057743410861276434
0,x_tcsc,1-14,-0.10649291875074958,33,-0.10650647426468991,WLS,33,1.3555513940333164e-05
1,B_svc,2,0.17475468055692164,33,0.17481718540140737,WLS,33,6.250484448572236e-05
2,UPFC_Vsh,5-15,1.1118876896976124,33,1.1072116531227494,WLS,33,0.004676036574863041
3,UPFC_tsh,5-15,-0.23568026068248638,33,-0.23588325761662496,WLS,33,0.00020299693413858289
4,UPFC_Vse,5-15,0.0583896871564226,33,0.062051247461420725,WLS,33,0.003661560304998125
5,UPFC_tse,5-15,-2.1204504174788266,33,-2.18409127855749,WLS,33,0.0636408610786634
0,x_tcsc,1-14,-0.10649380364613524,34,-0.10650647426468991,WLS,33,1.2670618554672108e-05
1,B_svc,2,0.17463319062496063,34,0.17481718540140737,WLS,33,0.00018399477644673312
2,UPFC_Vsh,5-15,1.1116331030322182,34,1.1072116531227494,WLS,33,0.0044214499094688
3,UPFC_tsh,5-15,-0.23562942748017351,34,-0.23588325761662496,WLS,33,0.0002538301364514439
4,UPFC_Vse,5-15,0.05875739825407809,34,0.062051247461420725,WLS,33,0.0032938492073426376
5,UPFC_tse,5-15,-2.1233504398960497,34,-2.18409127855749,WLS,33,0.06074083866144031
0,x_tcsc,1-14,-0.10648280146193145,35,-0.10650647426468991,WLS,33,2.3672802758459288e-05
1,B_svc,2,0.17471959423502198,35,0.17481718540140737,WLS,33,9.759116638538567e-05
2,UPFC_Vsh,5-15,1.1116414936128203,35,1.1072116531227494,WLS,33,0.004429840490070891
3,UPFC_tsh,5-15,-0.23558337844911603,35,-0.23588325761662496,WLS,33,0.0002998791675089263
4,UPFC_Vse,5-15,0.05874675744554901,35,0.062051247461420725,WLS,33,0.003304490015871714
5,UPFC_tse,5-15,-2.120500099951128,35,-2.18409127855749,WLS,33,0.06359117860636188
0,x_tcsc,1-14,-0.10648872093585193,36,-0.10650647426468991,WLS,33,1.7753328837979976e-05
1,B_svc,2,0.17480246438101824,36,0.17481718540140737,WLS,33,1.4721020389130146e-05
2,UPFC_Vsh,5-15,1.1116388042174672,36,1.1072116531227494,WLS,33,0.004427151094717807
3,UPFC_tsh,5-15,-0.23568347105756618,36,-0.23588325761662496,WLS,33,0.00019978655905877885
4,UPFC_Vse,5-15,0.05882936918378613,36,0.062051247461420725,WLS,33,0.0032218782776345933
5,UPFC_tse,5-15,-2.125134510290038,36,-2.18409127855749,WLS,33,0.05895676826745211
0,x_tcsc,1-14,-0.10648944806712207,37,-0.10650647426468991,WLS,33,1.7026197567840406e-05
1,B_svc,2,0.1750480005238735,37,0.17481718540140737,WLS,33,0.00023081512246614366
2,UPFC_Vsh,5-15,1.1119004705708628,37,1.1072116531227494,WLS,33,0.004688817448113447
3,UPFC_tsh,5-15,-0.23568790234876408,37,-0.23588325761662496,WLS,33,0.00019535526786088053
4,UPFC_Vse,5-15,0.059147410320128296,37,0.062051247461420725,WLS,33,0.0029038371412924285
5,UPFC_tse,5-15,-2.1226726357486387,37,-2.18409127855749,WLS,33,0.06141864280885123
0,x_tcsc,1-14,-0.10648570157517534,38,-0.10650647426468991,WLS,33,2.0772689514572673e-05
1,B_svc,2,0.17500969564702643,38,0.17481718540140737,WLS,33,0.00019251024561905972
2,UPFC_Vsh,5-15,1.1117035281537413,38,1.1072116531227494,WLS,33,0.00449187503099191
3,UPFC_tsh,5-15,-0.23566342795710174,38,-0.23588325761662496,WLS,33,0.00021982965952321853
4,UPFC_Vse,5-15,0.05860014037067677,38,0.062051247461420725,WLS,33,0.003451107090743956
5,UPFC_tse,5-15,-2.1241568582071313,38,-2.18409127855749,WLS,33,0.059934420350358675
0,x_tcsc,1-14,-0.10649114540076833,39,-0.10650647426468991,WLS,33,1.532886392158206e-05
1,B_svc,2,0.1749003544750153,39,0.17481718540140737,WLS,33,8.316907360794712e-05
2,UPFC_Vsh,5-15,1.1114708750663709,39,1.1072116531227494,WLS,33,0.004259221943621494
3,UPFC_tsh,5-15,-0.23561078881930667,39,-0.23588325761662496,WLS,33,0.00027246879731829265
4,UPFC_Vse,5-15,0.0583530182864403,39,0.062051247461420725,WLS,33,0.0036982291749804233
5,UPFC_tse,5-15,-2.123195214153528,39,-2.18409127855749,WLS,33,0.06089606440396178
0,x_tcsc,1-14,-0.10649308385297701,40,-0.10650647426468991,WLS,33,1.3390411712901895e-05
1,B_svc,2,0.17530015722827563,40,0.17481718540140737,WLS,33,0.000482971826868267
2,UPFC_Vsh,5-15,1.111651052430855,40,1.1072116531227494,WLS,33,0.004439399308105552
3,UPFC_tsh,5-15,-0.23566889358972756,40,-0.23588325761662496,WLS,33,0.00021436402689739564
4,UPFC_Vse,5-15,0.05890395057940596,40,0.062051247461420725,WLS,33,0.0031472968820147676
5,UPFC_tse,5-15,-2.1243721350047178,40,-2.18409127855749,WLS,33,0.05971914355277219
0,x_tcsc,1-14,-0.10648666535445778,41,-0.10650647426468991,WLS,33,1.9808910232135823e-05
1,B_svc,2,0.17463421540103546,41,0.17481718540140737,WLS,33,0.00018297000037190148
2,UPFC_Vsh,5-15,1.111561652271709,41,1.1072116531227494,WLS,33,0.004349999148959727
3,UPFC_tsh,5-15,-0.235662580743121,41,-0.23588325761662496,WLS,33,0.00022067687350396659
4,UPFC_Vse,5-15,0.05850349483740402,41,0.062051247461420725,WLS,33,0.0035477526240167076
5,UPFC_tse,5-15,-2.1213077735589696,41,-2.18409127855749,WLS,33,0.06278350499852037
0,x_tcsc,1-14,-0.10649179840473925,42,-0.10650647426468991,WLS,33,1.467585995065801e-05
1,B_svc,2,0.17508743625266557,42,0.17481718540140737,WLS,33,0.0002702508512582025
2,UPFC_Vsh,5-15,1.1117361536621568,42,1.1072116531227494,WLS,33,0.00452450053940745
3,UPFC_tsh,5-15,-0.23568635750484704,42,-0.23588325761662496,WLS,33,0.0001969001117779201
4,UPFC_Vse,5-15,0.058842789848878516,42,0.062051247461420725,WLS,33,0.0032084576125422093
5,UPFC_tse,5-15,-2.126492754375959,42,-2.18409127855749,WLS,33,0.05759852418153111
0,x_tcsc,1-14,-0.10647322436697323,43,-0.10650647426468991,WLS,33,3.3249897716677856e-05
1,B_svc,2,0.17483968431705227,43,0.17481718540140737,WLS,33,2.2498915644902917e-05
2,UPFC_Vsh,5-15,1.111585051854423,43,1.1072116531227494,WLS,33,0.004373398731673639
3,UPFC_tsh,5-15,-0.2356679420482791,43,-0.23588325761662496,WLS,33,0.00021531556834586407
4,UPFC_Vse,5-15,0.05884254746108748,43,0.062051247461420725,WLS,33,0.003208700000333242
5,UPFC_tse,5-15,-2.120810869530986,43,-2.18409127855749,WLS,33,0.063280409026504
0,x_tcsc,1-14,-0.10650437559624523,44,-0.10650647426468991,WLS,33,2.0986684446805404e-06
1,B_svc,2,0.17485866376465395,44,0.17481718540140737,WLS,33,4.147836324658316e-05
2,UPFC_Vsh,5-15,1.1118732289955218,44,1.1072116531227494,WLS,33,0.004661575872772383
3,UPFC_tsh,5-15,-0.2355669860370552,44,-0.23588325761662496,WLS,33,0.00031627157956976015
4,UPFC_Vse,5-15,0.0593852049097199,44,0.062051247461420725,WLS,33,0.0026660425517008243
5,UPFC_tse,5-15,-2.1159475777444956,44,-2.18409127855749,WLS,33,0.06814370081299437
0,x_tcsc,1-14,-0.1064845450926352,45,-0.10650647426468991,WLS,33,2.192917205470768e-05
1,B_svc,2,0.1749002960230382,45,0.17481718540140737,WLS,33,8.31106216308275e-05
2,UPFC_Vsh,5-15,1.1115520493648592,45,1.1072116531227494,WLS,33,0.004340396242109801
3,UPFC_tsh,5-15,-0.23570302994161946,45,-0.23588325761662496,WLS,33,0.00018022767500550096
4,UPFC_Vse,5-15,0.05876572088723671,45,0.062051247461420725,WLS,33,0.0032855265741840167
5,UPFC_tse,5-15,-2.120403133677329,45,-2.18409127855749,WLS,33,0.06368814488016117
0,x_tcsc,1-14,-0.10649866806762953,46,-0.10650647426468991,WLS,33,7.806197060380993e-06
1,B_svc,2,0.1750983298655541,46,0.17481718540140737,WLS,33,0.000281144464146732
2,UPFC_Vsh,5-15,1.1113650834286422,46,1.1072116531227494,WLS,33,0.004153430305892769
3,UPFC_tsh,5-15,-0.23576689495937078,46,-0.23588325761662496,WLS,33,0.0001163626572541765
4,UPFC_Vse,5-15,0.05844586656200517,46,0.062051247461420725,WLS,33,0.0036053808994155542
5,UPFC_tse,5-15,-2.12155683209041,46,-2.18409127855749,WLS,33,0.06253444646708006
0,x_tcsc,1-14,-0.1064967680076512,47,-0.10650647426468991,WLS,33,9.706257038707977e-06
1,B_svc,2,0.1747630912096689,47,0.17481718540140737,WLS,33,5.409419173846297e-05
2,UPFC_Vsh,5-15,1.1116630141547195,47,1.1072116531227494,WLS,33,0.00445136103197008
3,UPFC_tsh,5-15,-0.23570036838662875,47,-0.23588325761662496,WLS,33,0.00018288922999620816
4,UPFC_Vse,5-15,0.05907855101348439,47,0.062051247461420725,WLS,33,0.0029726964479363377
5,UPFC_tse,5-15,-2.1236790906747647,47,-2.18409127855749,WLS,33,0.06041218788272529
0,x_tcsc,1-14,-0.10650180889981757,48,-0.10650647426468991,WLS,33,4.665364872341593e-06
1,B_svc,2,0.17523139642020033,48,0.17481718540140737,WLS,33,0.00041421101879296485
2,UPFC_Vsh,5-15,1.111703973315952,48,1.1072116531227494,WLS,33,0.004492320193202559
3,UPFC_tsh,5-15,-0.23564977037705573,48,-0.23588325761662496,WLS,33,0.00023348723956923
4,UPFC_Vse,5-15,0.05866356591408448,48,0.062051247461420725,WLS,33,0.0033876815473362423
5,UPFC_tse,5-15,-2.123084610765952,48,-2.18409127855749,WLS,33,0.06100666779153796
0,x_tcsc,1-14,-0.10649412711858877,49,-0.10650647426468991,WLS,33,1.234714610114096e-05
1,B_svc,2,0.17478369124240253,49,0.17481718540140737,WLS,33,3.34941590048321e-05
2,UPFC_Vsh,5-15,1.1120916139187924,49,1.1072116531227494,WLS,33,0.004879960796043026
3,UPFC_tsh,5-15,-0.23561148681809463,49,-0.23588325761662496,WLS,33,0.0002717707985303297
4,UPFC_Vse,5-15,0.058481041650853334,49,0.062051247461420725,WLS,33,0.003570205810567391
5,UPFC_tse,5-15,-2.121597292639064,49,-2.18409127855749,WLS,33,0.06249398591842592
0,x_tcsc,1-14,-0.10649357685239146,50,-0.10650647426468991,WLS,33,1.289741229845709e-05
1,B_svc,2,0.17463467444352337,50,0.17481718540140737,WLS,33,0.0001825109578839912
2,UPFC_Vsh,5-15,1.1116364888044898,50,1.1072116531227494,WLS,33,0.004424835681740458
3,UPFC_tsh,5-15,-0.23565925753532077,50,-0.23588325761662496,WLS,33,0.00022400008130418758
4,UPFC_Vse,5-15,0.058698643186992305,50,0.062051247461420725,WLS,33,0.0033526042744284196
5,UPFC_tse,5-15,-2.1225063999298115,50,-2.18409127855749,WLS,33,0.061584878627678474
0,x_tcsc,1-14,-0.1064865312762689,51,-0.10650647426468991,WLS,33,1.9942988421006724e-05
1,B_svc,2,0.17518081563836463,51,0.17481718540140737,WLS,33,0.00036363023695726304
2,UPFC_Vsh,5-15,1.1118377937593542,51,1.1072116531227494,WLS,33,0.004626140636604825
3,UPFC_tsh,5-15,-0.23560997817967394,51,-0.23588325761662496,WLS,33,0.0002732794369510183
4,UPFC_Vse,5-15,0.058735562555960366,51,0.062051247461420725,WLS,33,0.0033156849054603588
5,UPFC_tse,5-15,-2.122799488706026,51,-2.18409127855749,WLS,33,0.061291789851463996
0,x_tcsc,1-14,-0.10649283563711423,52,-0.10650647426468991,WLS,33,1.3638627575682238e-05
1,B_svc,2,0.17498309057310524,52,0.17481718540140737,WLS,33,0.0001659051716978721
2,UPFC_Vsh,5-15,1.1114384904005936,52,1.1072116531227494,WLS,33,0.004226837277844231
3,UPFC_tsh,5-15,-0.23560476064585142,52,-0.23588325761662496,WLS,33,0.0002784969707735341
4,UPFC_Vse,5-15,0.058597466289594814,52,0.062051247461420725,WLS,33,0.0034537811718259107
5,UPFC_tse,5-15,-2.121978912344395,52,-2.18409127855749,WLS,33,0.062112366213094905
0,x_tcsc,1-14,-0.10649621087620946,53,-0.10650647426468991,WLS,33,1.0263388480452607e-05
1,B_svc,2,0.17468183802077006,53,0.17481718540140737,WLS,33,0.00013534738063730734
2,UPFC_Vsh,5-15,1.111251922683958,53,1.1072116531227494,WLS,33,0.004040269561208509
3,UPFC_tsh,5-15,-0.23566346251152082,53,-0.23588325761662496,WLS,33,0.00021979510510414246
4,UPFC_Vse,5-15,0.058472658928186066,53,0.062051247461420725,WLS,33,0.0035785885332346584
5,UPFC_tse,5-15,-2.1253691869238183,53,-2.18409127855749,WLS,33,0.0587220916336717
0,x_tcsc,1-14,-0.10649078108625973,54,-0.10650647426468991,WLS,33,1.5693178430184473e-05
1,B_svc,2,0.17550777526541647,54,0.17481718540140737,WLS,33,0.0006905898640091057
2,UPFC_Vsh,5-15,1.1115948344806166,54,1.1072116531227494,WLS,33,0.004383181357867194
3,UPFC_tsh,5-15,-0.2356549470626712,54,-0.23588325761662496,WLS,33,0.00022831055395375333
4,UPFC_Vse,5-15,0.058437359394818235,54,0.062051247461420725,WLS,33,0.00361388806660249
5,UPFC_tse,5-15,-2.1240099680766935,54,-2.18409127855749,WLS,33,0.06008131048079646
0,x_tcsc,1-14,-0.10649450267741609,55,-0.10650647426468991,WLS,33,1.19715872738263e-05
1,B_svc,2,0.1748082746970215,55,0.17481718540140737,WLS,33,8.91070438585606e-06
2,UPFC_Vsh,5-15,1.1117406141717259,55,1.1072116531227494,WLS,33,0.0045289610489764875
3,UPFC_tsh,5-15,-0.23571689017347855,55,-0.23588325761662496,WLS,33,0.00016636744314640906
4,UPFC_Vse,5-15,0.059004502789772144,55,0.062051247461420725,WLS,33,0.003046744671648581
5,UPFC_tse,5-15,-2.1210042899147568,55,-2.18409127855749,WLS,33,0.06308698864273321
0,x_tcsc,1-14,-0.1064785990376264,56,-0.10650647426468991,WLS,33,2.7875227063517416e-05
1,B_svc,2,0.17538611720791752,56,0.17481718540140737,WLS,33,0.000568931806510159
2,UPFC_Vsh,5-15,1.1112788237267193,56,1.1072116531227494,WLS,33,0.004067170603969883
3,UPFC_tsh,5-15,-0.23569434866869265,56,-0.23588325761662496,WLS,33,0.00018890894793230362
4,UPFC_Vse,5-15,0.05872072280414416,56,0.062051247461420725,WLS,33,0.003330524657276568
5,UPFC_tse,5-15,-2.1202824380030005,56,-2.18409127855749,WLS,33,0.06380884055448943
0,x_tcsc,1-14,-0.10649365951604374,57,-0.10650647426468991,WLS,33,1.2814748646172713e-05
1,B_svc,2,0.17462920885173866,57,0.17481718540140737,WLS,33,0.0001879765496687058
2,UPFC_Vsh,5-15,1.11143304869265,57,1.1072116531227494,WLS,33,0.004221395569900643
3,UPFC_tsh,5-15,-0.23570686826696113,57,-0.23588325761662496,WLS,33,0.0001763893496638247
4,UPFC_Vse,5-15,0.05912836015040992,57,0.062051247461420725,WLS,33,0.0029228873110108064
5,UPFC_tse,5-15,-2.1213318503577807,57,-2.18409127855749,WLS,33,0.06275942819970926
0,x_tcsc,1-14,-0.10649921539010006,58,-0.10650647426468991,WLS,33,7.258874589854969e-06
1,B_svc,2,0.17482867266637223,58,0.17481718540140737,WLS,33,1.1487264964860078e-05
2,UPFC_Vsh,5-15,1.1115392785150662,58,1.1072116531227494,WLS,33,0.004327625392316792
3,UPFC_tsh,5-15,-0.23568625690972608,58,-0.23588325761662496,WLS,33,0.0001970007068988755
4,UPFC_Vse,5-15,0.05835585145674165,58,0.062051247461420725,WLS,33,0.003695396004679073
5,UPFC_tse,5-15,-2.1236694341078013,58,-2.18409127855749,WLS,33,0.06042184444968868
0,x_tcsc,1-14,-0.10648338401506027,59,-0.10650647426468991,WLS,33,2.3090249629639792e-05
1,B_svc,2,0.1749659072027753,59,0.17481718540140737,WLS,33,0.00014872180136793478
2,UPFC_Vsh,5-15,1.1114794008024955,59,1.1072116531227494,WLS,33,0.004267747679746137
3,UPFC_tsh,5-15,-0.23565929826569262,59,-0.23588325761662496,WLS,33,0.00022395935093233454
4,UPFC_Vse,5-15,0.05909379646258724,59,0.062051247461420725,WLS,33,0.0029574509988334816
5,UPFC_tse,5-15,-2.1192951460047365,59,-2.18409127855749,WLS,33,0.06479613255275352
0,x_tcsc,1-14,-0.10649662966841408,60,-0.10650647426468991,WLS,33,9.844596275829232e-06
1,B_svc,2,0.17494212126798417,60,0.17481718540140737,WLS,33,0.000124935866576803
2,UPFC_Vsh,5-15,1.11169630119902,60,1.1072116531227494,WLS,33,0.004484648076270581
3,UPFC_tsh,5-15,-0.2355979757282635,60,-0.23588325761662496,WLS,33,0.00028528188836146606
4,UPFC_Vse,5-15,0.0590167852180794,60,0.062051247461420725,WLS,33,0.003034462243341328
5,UPFC_tse,5-15,-2.120226211119687,60,-2.18409127855749,WLS,33,0.06386506743780318
0,x_tcsc,1-14,-0.10648645124113885,61,-0.10650647426468991,WLS,33,2.0023023551057895e-05
1,B_svc,2,0.17452966655283916,61,0.17481718540140737,WLS,33,0.0002875188485682023
2,UPFC_Vsh,5-15,1.1118629773818487,61,1.1072116531227494,WLS,33,0.00465132425909931
3,UPFC_tsh,5-15,-0.23568272036214216,61,-0.23588325761662496,WLS,33,0.00020053725448279658
4,UPFC_Vse,5-15,0.058994313760944064,61,0.062051247461420725,WLS,33,0.0030569337004766606
5,UPFC_tse,5-15,-2.1232615666249313,61,-2.18409127855749,WLS,33,0.060829711932558705
0,x_tcsc,1-14,-0.106500813015881,62,-0.10650647426468991,WLS,33,5.661248808908059e-06
1,B_svc,2,0.17502209048415185,62,0.17481718540140737,WLS,33,0.00020490508274448316
2,UPFC_Vsh,5-15,1.1116920584163223,62,1.1072116531227494,WLS,33,0.004480405293572964
3,UPFC_tsh,5-15,-0.23565842068653392,62,-0.23588325761662496,WLS,33,0.000224836930091038
4,UPFC_Vse,5-15,0.058968210082959556,62,0.062051247461420725,WLS,33,0.003083037378461169
5,UPFC_tse,5-15,-2.1232432717254808,62,-2.18409127855749,WLS,33,0.060848006832009194
0,x_tcsc,1-14,-0.10649396299703644,63,-0.10650647426468991,WLS,33,1.2511267653475544e-05
1,B_svc,2,0.1748939367089456,63,0.17481718540140737,WLS,33,7.67513075382309e-05
2,UPFC_Vsh,5-15,1.1118852344856853,63,1.1072116531227494,WLS,33,0.004673581362935941
3,UPFC_tsh,5-15,-0.23571597851157344,63,-0.23588325761662496,WLS,33,0.00016727910505151544
4,UPFC_Vse,5-15,0.05873316668647939,63,0.062051247461420725,WLS,33,0.0033180807749413344
5,UPFC_tse,5-15,-2.123808785335833,63,-2.18409127855749,WLS,33,0.0602824932216568
0,x_tcsc,1-14,-0.10649158896155163,64,-0.10650647426468991,WLS,33,1.4885303138284511e-05
1,B_svc,2,0.17511966606583365,64,0.17481718540140737,WLS,33,0.00030248066442628563
2,UPFC_Vsh,5-15,1.1115913870594822,64,1.1072116531227494,WLS,33,0.004379733936732855
3,UPFC_tsh,5-15,-0.23567588471565887,64,-0.23588325761662496,WLS,33,0.00020737290096609073
4,UPFC_Vse,5-15,0.05898721128081035,64,0.062051247461420725,WLS,33,0.003064036180610373
5,UPFC_tse,5-15,-2.1262971707191483,64,-2.18409127855749,WLS,33,0.05779410783834171
0,x_tcsc,1-14,-0.10649227654289137,65,-0.10650647426468991,WLS,33,1.419772179854506e-05
1,B_svc,2,0.1747831311258101,65,0.17481718540140737,WLS,33,3.405427559727281e-05
2,UPFC_Vsh,5-15,1.1116041381198523,65,1.1072116531227494,WLS,33,0.0043924849971028745
3,UPFC_tsh,5-15,-0.23561728090325496,65,-0.23588325761662496,WLS,33,0.00026597671337000306
4,UPFC_Vse,5-15,0.05885061660160819,65,0.062051247461420725,WLS,33,0.0032006308598125366
5,UPFC_tse,5-15,-2.12011452792933,65,-2.18409127855749,WLS,33,0.06397675062815988
0,x_tcsc,1-14,-0.10650007317584421,66,-0.10650647426468991,WLS,33,6.401088845697789e-06
1,B_svc,2,0.17497574024074944,66,0.17481718540140737,WLS,33,0.00015855483934207326
2,UPFC_Vsh,5-15,1.1120022853042564,66,1.1072116531227494,WLS,33,0.004790632181506993
3,UPFC_tsh,5-15,-0.23562180672289218,66,-0.23588325761662496,WLS,33,0.00026145089373277863
4,UPFC_Vse,5-15,0.05896086999638461,66,0.062051247461420725,WLS,33,0.003090377465036112
5,UPFC_tse,5-15,-2.1209289218933196,66,-2.18409127855749,WLS,33,0.06316235666417036
0,x_tcsc,1-14,-0.10649257331275754,67,-0.10650647426468991,WLS,33,1.3900951932377392e-05
1,B_svc,2,0.17457357104561202,67,0.17481718540140737,WLS,33,0.00024361435579534074
2,UPFC_Vsh,5-15,1.1115116074489948,67,1.1072116531227494,WLS,33,0.004299954326245414
3,UPFC_tsh,5-15,-0.2356163147409921,67,-0.23588325761662496,WLS,33,0.000266942875632864
4,UPFC_Vse,5-15,0.05881897395415283,67,0.062051247461420725,WLS,33,0.003232273507267895
5,UPFC_tse,5-15,-2.124216457472646,67,-2.18409127855749,WLS,33,0.05987482108484388
0,x_tcsc,1-14,-0.10649523792991387,68,-0.10650647426468991,WLS,33,1.1236334776038026e-05
1,B_svc,2,0.17500840853363603,68,0.17481718540140737,WLS,33,0.00019122313222866283
2,UPFC_Vsh,5-15,1.111784102567975,68,1.1072116531227494,WLS,33,0.004572449445225724
3,UPFC_tsh,5-15,-0.23565817125542593,68,-0.23588325761662496,WLS,33,0.00022508636119902836
4,UPFC_Vse,5-15,0.05901057846827862,68,0.062051247461420725,WLS,33,0.0030406689931421066
5,UPFC_tse,5-15,-2.1213682904392734,68,-2.18409127855749,WLS,33,0.06272298811821653
0,x_tcsc,1-14,-0.10649366121790405,69,-0.10650647426468991,WLS,33,1.2813046785867255e-05
1,B_svc,2,0.175373160759803,69,0.17481718540140737,WLS,33,0.0005559753583956328
2,UPFC_Vsh,5-15,1.1116650231119192,69,1.1072116531227494,WLS,33,0.0044533699891697864
3,UPFC_tsh,5-15,-0.23568471873943342,69,-0.23588325761662496,WLS,33,0.00019853887719153973
4,UPFC_Vse,5-15,0.05859657038860067,69,0.062051247461420725,WLS,33,0.003454677072820052
5,UPFC_tse,5-15,-2.121658244868829,69,-2.18409127855749,WLS,33,0.062433033688661155
0,x_tcsc,1-14,-0.10650010037677235,70,-0.10650647426468991,WLS,33,6.3738879175628815e-06
1,B_svc,2,0.17451366663722298,70,0.17481718540140737,WLS,33,0.00030351876418438506
2,UPFC_Vsh,5-15,1.1116464048011427,70,1.1072116531227494,WLS,33,0.004434751678393356
3,UPFC_tsh,5-15,-0.23567743192027701,70,-0.23588325761662496,WLS,33,0.00020582569634794434
4,UPFC_Vse,5-15,0.058818689889695144,70,0.062051247461420725,WLS,33,0.0032325575717255806
5,UPFC_tse,5-15,-2.121315176136144,70,-2.18409127855749,WLS,33,0.06277610242134601
0,x_tcsc,1-14,-0.10648990256030447,71,-0.10650647426468991,WLS,33,1.657170438544575e-05
1,B_svc,2,0.17467521898530491,71,0.17481718540140737,WLS,33,0.00014196641610245142
2,UPFC_Vsh,5-15,1.1115112632304278,71,1.1072116531227494,WLS,33,0.004299610107678431
3,UPFC_tsh,5-15,-0.2356611454804249,71,-0.23588325761662496,WLS,33,0.00022211213620004777
4,UPFC_Vse,5-15,0.05901378189496904,71,0.062051247461420725,WLS,33,0.0030374655664516872
5,UPFC_tse,5-15,-2.122677475436821,71,-2.18409127855749,WLS,33,0.06141380312066902
0,x_tcsc,1-14,-0.10649455934410397,72,-0.10650647426468991,WLS,33,1.1914920585942568e-05
1,B_svc,2,0.1752214874608182,72,0.17481718540140737,WLS,33,0.00040430205941083264
2,UPFC_Vsh,5-15,1.1117169273035612,72,1.1072116531227494,WLS,33,0.0045052741808118135
3,UPFC_tsh,5-15,-0.2356945173386916,72,-0.23588325761662496,WLS,33,0.00018874027793336356
4,UPFC_Vse,5-15,0.058591590821451295,72,0.062051247461420725,WLS,33,0.00345965663996943
5,UPFC_tse,5-15,-2.1226245561137826,72,-2.18409127855749,WLS,33,0.06146672244370732
0,x_tcsc,1-14,-0.10650171227255929,73,-0.10650647426468991,WLS,33,4.761992130619674e-06
1,B_svc,2,0.1749713809340835,73,0.17481718540140737,WLS,33,0.0001541955326761213
2,UPFC_Vsh,5-15,1.1114594911828255,73,1.1072116531227494,WLS,33,0.0042478380600761145
3,UPFC_tsh,5-15,-0.23564956477932592,73,-0.23588325761662496,WLS,33,0.00023369283729904322
4,UPFC_Vse,5-15,0.058523198774875544,73,0.062051247461420725,WLS,33,0.0035280486865451807
5,UPFC_tse,5-15,-2.1242935461292483,73,-2.18409127855749,WLS,33,0.05979773242824171
0,x_tcsc,1-14,-0.10649753618607492,74,-0.10650647426468991,WLS,33,8.93807861498952e-06
1,B_svc,2,0.17511448860785944,74,0.17481718540140737,WLS,33,0.0002973032064520764
2,UPFC_Vsh,5-15,1.1118804524429815,74,1.1072116531227494,WLS,33,0.00466879932023212
3,UPFC_tsh,5-15,-0.23567990881308193,74,-0.23588325761662496,WLS,33,0.00020334880354302975
4,UPFC_Vse,5-15,0.05879325313716051,74,0.062051247461420725,WLS,33,0.003257994324260216
5,UPFC_tse,5-15,-2.1216892338455775,74,-2.18409127855749,WLS,33,0.06240204471191246
0,x_tcsc,1-14,-0.10649211445505483,75,-0.10650647426468991,WLS,33,1.4359809635086651e-05
1,B_svc,2,0.17479400072690449,75,0.17481718540140737,WLS,33,2.3184674502879643e-05
2,UPFC_Vsh,5-15,1.1115591348253826,75,1.1072116531227494,WLS,33,0.004347481702633216
3,UPFC_tsh,5-15,-0.23564703211959387,75,-0.23588325761662496,WLS,33,0.00023622549703108953
4,UPFC_Vse,5-15,0.058734900273207366,75,0.062051247461420725,WLS,33,0.003316347188213359
5,UPFC_tse,5-15,-2.1209580386993503,75,-2.18409127855749,WLS,33,0.06313323985813968
0,x_tcsc,1-14,-0.10647247457633169,76,-0.10650647426468991,WLS,33,3.399968835822442e-05
1,B_svc,2,0.1751995103343627,76,0.17481718540140737,WLS,33,0.0003823249329553413
2,UPFC_Vsh,5-15,1.1119021159625957,76,1.1072116531227494,WLS,33,0.00469046283984631
3,UPFC_tsh,5-15,-0.23561531274893943,76,-0.23588325761662496,WLS,33,0.0002679448676855267
4,UPFC_Vse,5-15,0.05897282148329503,76,0.062051247461420725,WLS,33,0.0030784259781256942
5,UPFC_tse,5-15,-2.121511956290738,76,-2.18409127855749,WLS,33,0.06257932226675189
0,x_tcsc,1-14,-0.10648142387308981,77,-0.10650647426468991,WLS,33,2.5050391600098254e-05
1,B_svc,2,0.17499616153740646,77,0.17481718540140737,WLS,33,0.00017897613599909823
2,UPFC_Vsh,5-15,1.1115403139044735,77,1.1072116531227494,WLS,33,0.004328660781724114
3,UPFC_tsh,5-15,-0.23565795362341932,77,-0.23588325761662496,WLS,33,0.00022530399320563887
4,UPFC_Vse,5-15,0.05888535146661403,77,0.062051247461420725,WLS,33,0.0031658959948066973
5,UPFC_tse,5-15,-2.1194646369213572,77,-2.18409127855749,WLS,33,0.06462664163613274
0,x_tcsc,1-14,-0.10650031820824582,78,-0.10650647426468991,WLS,33,6.156056444092672e-06
1,B_svc,2,0.17464119365254038,78,0.17481718540140737,WLS,33,0.00017599174886698266
2,UPFC_Vsh,5-15,1.1117540754973492,78,1.1072116531227494,WLS,33,0.004542422374599786
3,UPFC_tsh,5-15,-0.2356593016565646,78,-0.23588325761662496,WLS,33,0.00022395596006036245
4,UPFC_Vse,5-15,0.058855764566558756,78,0.062051247461420725,WLS,33,0.0031954828948619687
5,UPFC_tse,5-15,-2.1232760946179274,78,-2.18409127855749,WLS,33,0.060815183939562534
0,x_tcsc,1-14,-0.1064957329313253,79,-0.10650647426468991,WLS,33,1.0741333364608363e-05
1,B_svc,2,0.1750024850414747,79,0.17481718540140737,WLS,33,0.00018529964006733235
2,UPFC_Vsh,5-15,1.1113813296566486,79,1.1072116531227494,WLS,33,0.004169676533899214
3,UPFC_tsh,5-15,-0.2357449898075119,79,-0.23588325761662496,WLS,33,0.0001382678091130518
4,UPFC_Vse,5-15,0.0587399904866151,79,0.062051247461420725,WLS,33,0.0033112569748056236
5,UPFC_tse,5-15,-2.1218594604939844,79,-2.18409127855749,WLS,33,0.06223181806350553
0,x_tcsc,1-14,-0.10649043705717627,80,-0.10650647426468991,WLS,33,1.6037207513641683e-05
1,B_svc,2,0.17480990445023473,80,0.17481718540140737,WLS,33,7.28095117263905e-06
2,UPFC_Vsh,5-15,1.1116919632375784,80,1.1072116531227494,WLS,33,0.004480310114828967
3,UPFC_tsh,5-15,-0.23570128455322176,80,-0.23588325761662496,WLS,33,0.0001819730634032013
4,UPFC_Vse,5-15,0.05902282524593863,80,0.062051247461420725,WLS,33,0.0030284222154820933
5,UPFC_tse,5-15,-2.122295913131434,80,-2.18409127855749,WLS,33,0.061795365426056126
0,x_tcsc,1-14,-0.10649045317555705,81,-0.10650647426468991,WLS,33,1.6021089132858823e-05
1,B_svc,2,0.1747772429167939,81,0.17481718540140737,WLS,33,3.994248461347549e-05
2,UPFC_Vsh,5-15,1.1120215507009943,81,1.1072116531227494,WLS,33,0.004809897578244904
3,UPFC_tsh,5-15,-0.23564627486231143,81,-0.23588325761662496,WLS,33,0.000236982754313525
4,UPFC_Vse,5-15,0.05839374365385997,81,0.062051247461420725,WLS,33,0.003657503807560754
5,UPFC_tse,5-15,-2.1231186063062983,81,-2.18409127855749,WLS,33,0.06097267225119163
0,x_tcsc,1-14,-0.10647876798407495,82,-0.10650647426468991,WLS,33,2.7706280614964163e-05
1,B_svc,2,0.17489176121951047,82,0.17481718540140737,WLS,33,7.457581810310643e-05
2,UPFC_Vsh,5-15,1.1117102583571048,82,1.1072116531227494,WLS,33,0.004498605234355413
3,UPFC_tsh,5-15,-0.23561192636935535,82,-0.23588325761662496,WLS,33,0.0002713312472696072
4,UPFC_Vse,5-15,0.05866493779746901,82,0.062051247461420725,WLS,33,0.003386309663951717
5,UPFC_tse,5-15,-2.1183381694638013,82,-2.18409127855749,WLS,33,0.0657531090936887
0,x_tcsc,1-14,-0.10649044221521992,83,-0.10650647426468991,WLS,33,1.60320494699967e-05
1,B_svc,2,0.17524233283828683,83,0.17481718540140737,WLS,33,0.0004251474368794639
2,UPFC_Vsh,5-15,1.111874304836597,83,1.1072116531227494,WLS,33,0.004662651713847721
3,UPFC_tsh,5-15,-0.2356075653599085,83,-0.23588325761662496,WLS,33,0.0002756922567164477
4,UPFC_Vse,5-15,0.05896229161653907,83,0.062051247461420725,WLS,33,0.003088955844881655
5,UPFC_tse,5-15,-2.1216134603504235,83,-2.18409127855749,WLS,33,0.06247781820706644
0,x_tcsc,1-14,-0.10650275296725932,84,-0.10650647426468991,WLS,33,3.721297430592241e-06
1,B_svc,2,0.17495651514724883,84,0.17481718540140737,WLS,33,0.0001393297458414655
2,UPFC_Vsh,5-15,1.1118383129430427,84,1.1072116531227494,WLS,33,0.004626659820293311
3,UPFC_tsh,5-15,-0.2356852334344457,84,-0.23588325761662496,WLS,33,0.00019802418217926276
4,UPFC_Vse,5-15,0.05917049809213102,84,0.062051247461420725,WLS,33,0.002880749369289705
5,UPFC_tse,5-15,-2.1229578551447665,84,-2.18409127855749,WLS,33,0.06113342341272343
0,x_tcsc,1-14,-0.10648926403817703,85,-0.10650647426468991,WLS,33,1.721022651288151e-05
1,B_svc,2,0.17479694685842476,85,0.17481718540140737,WLS,33,2.0238542982609076e-05
2,UPFC_Vsh,5-15,1.1117908249771737,85,1.1072116531227494,WLS,33,0.004579171854424358
3,UPFC_tsh,5-15,-0.23567921838103195,85,-0.23588325761662496,WLS,33,0.00020403923559300652
4,UPFC_Vse,5-15,0.05877031322640459,85,0.062051247461420725,WLS,33,0.0032809342350161377
5,UPFC_tse,5-15,-2.1224126065518902,85,-2.18409127855749,WLS,33,0.06167867200559973
0,x_tcsc,1-14,-0.10649315536402938,86,-0.10650647426468991,WLS,33,1.3318900660530542e-05
1,B_svc,2,0.17485863466869403,86,0.17481718540140737,WLS,33,4.144926728666398e-05
2,UPFC_Vsh,5-15,1.1116803062060234,86,1.1072116531227494,WLS,33,0.004468653083274043
3,UPFC_tsh,5-15,-0.23568091373897668,86,-0.23588325761662496,WLS,33,0.0002023438776482811
4,UPFC_Vse,5-15,0.059170602232424575,86,0.062051247461420725,WLS,33,0.0028806452289961496
5,UPFC_tse,5-15,-2.1224551116454258,86,-2.18409127855749,WLS,33,0.061636166912064194
0,x_tcsc,1-14,-0.10649470264713422,87,-0.10650647426468991,WLS,33,1.177161755569478e-05
1,B_svc,2,0.1749186428806744,87,0.17481718540140737,WLS,33,0.00010145747926704196
2,UPFC_Vsh,5-15,1.1118876527131116,87,1.1072116531227494,WLS,33,0.004675999590362245
3,UPFC_tsh,5-15,-0.23566268610105712,87,-0.23588325761662496,WLS,33,0.00022057151556784116
4,UPFC_Vse,5-15,0.058432252872285095,87,0.062051247461420725,WLS,33,0.0036189945891356295
5,UPFC_tse,5-15,-2.121346422334662,87,-2.18409127855749,WLS,33,0.0627448562228281
0,x_tcsc,1-14,-0.10647958701064839,88,-0.10650647426468991,WLS,33,2.6887254041527142e-05
1,B_svc,2,0.17554890914664573,88,0.17481718540140737,WLS,33,0.0007317237452383607
2,UPFC_Vsh,5-15,1.111598114016166,88,1.1072116531227494,WLS,33,0.004386460893416544
3,UPFC_tsh,5-15,-0.23562382093747464,88,-0.23588325761662496,WLS,33,0.0002594366791503211
4,UPFC_Vse,5-15,0.05851603598591518,88,0.062051247461420725,WLS,33,0.003535211475505548
5,UPFC_tse,5-15,-2.1205103051041228,88,-2.18409127855749,WLS,33,0.06358097345336722
0,x_tcsc,1-14,-0.10648842039729585,89,-0.10650647426468991,WLS,33,1.805386739406334e-05
1,B_svc,2,0.17480040554379764,89,0.17481718540140737,WLS,33,1.6779857609727777e-05
2,UPFC_Vsh,5-15,1.1119238067324928,89,1.1072116531227494,WLS,33,0.004712153609743419
3,UPFC_tsh,5-15,-0.2356885715565891,89,-0.23588325761662496,WLS,33,0.00019468606003586464
4,UPFC_Vse,5-15,0.05854849273763132,89,0.062051247461420725,WLS,33,0.003502754723789407
5,UPFC_tse,5-15,-2.122019780617436,89,-2.18409127855749,WLS,33,0.062071497940054066
0,x_tcsc,1-14,-0.10650649635733521,90,-0.10650647426468991,WLS,33,2.2092645296512003e-08
1,B_svc,2,0.17461881094914927,90,0.17481718540140737,WLS,33,0.00019837445225809325
2,UPFC_Vsh,5-15,1.111423121243714,90,1.1072116531227494,WLS,33,0.004211468120964623
3,UPFC_tsh,5-15,-0.23568963515924812,90,-0.23588325761662496,WLS,33,0.00019362245737683526
4,UPFC_Vse,5-15,0.05902288174517315,90,0.062051247461420725,WLS,33,0.0030283657162475733
5,UPFC_tse,5-15,-2.1183034058664174,90,-2.18409127855749,WLS,33,0.06578787269107256
0,x_tcsc,1-14,-0.10649485576027057,91,-0.10650647426468991,WLS,33,1.1618504419344533e-05
1,B_svc,2,0.1749436916814243,91,0.17481718540140737,WLS,33,0.00012650628001692477
2,UPFC_Vsh,5-15,1.1113914637630151,91,1.1072116531227494,WLS,33,0.004179810640265735
3,UPFC_tsh,5-15,-0.235704487711604,91,-0.23588325761662496,WLS,33,0.00017876990502097012
4,UPFC_Vse,5-15,0.058656115003480336,91,0.062051247461420725,WLS,33,0.003395132457940389
5,UPFC_tse,5-15,-2.1254738505558572,91,-2.18409127855749,WLS,33,0.05861742800163272
0,x_tcsc,1-14,-0.1065022807338034,92,-0.10650647426468991,WLS,33,4.193530886514862e-06
1,B_svc,2,0.17487498469552784,92,0.17481718540140737,WLS,33,5.779929412047524e-05
2,UPFC_Vsh,5-15,1.1114929760217922,92,1.1072116531227494,WLS,33,0.0042813228990428165
3,UPFC_tsh,5-15,-0.23568741527748518,92,-0.23588325761662496,WLS,33,0.00019584233913977345
4,UPFC_Vse,5-15,0.05939518704512142,92,0.062051247461420725,WLS,33,0.0026560604162993023
5,UPFC_tse,5-15,-2.1215637366375018,92,-2.18409127855749,WLS,33,0.06252754191998822
0,x_tcsc,1-14,-0.10650140044411452,93,-0.10650647426468991,WLS,33,5.073820575393628e-06
1,B_svc,2,0.1747142034965659,93,0.17481718540140737,WLS,33,0.00010298190484145375
2,UPFC_Vsh,5-15,1.1115501120435034,93,1.1072116531227494,WLS,33,0.004338458920754018
3,UPFC_tsh,5-15,-0.23568753168680742,93,-0.23588325761662496,WLS,33,0.00019572592981753623
4,UPFC_Vse,5-15,0.059274137449700844,93,0.062051247461420725,WLS,33,0.0027771100117198813
5,UPFC_tse,5-15,-2.1202875342060596,93,-2.18409127855749,WLS,33,0.06380374435143032
0,x_tcsc,1-14,-0.10649066297860024,94,-0.10650647426468991,WLS,33,1.5811286089670307e-05
1,B_svc,2,0.17455149700417846,94,0.17481718540140737,WLS,33,0.0002656883972289026
2,UPFC_Vsh,5-15,1.1113285402555169,94,1.1072116531227494,WLS,33,0.004116887132767477
3,UPFC_tsh,5-15,-0.23566292213407058,94,-0.23588325761662496,WLS,33,0.00022033548255437352
4,UPFC_Vse,5-15,0.05828784566492977,94,0.062051247461420725,WLS,33,0.003763401796490956
5,UPFC_tse,5-15,-2.1224862662462414,94,-2.18409127855749,WLS,33,0.0616050123112486
0,x_tcsc,1-14,-0.10648462399441293,95,-0.10650647426468991,WLS,33,2.1850270276985162e-05
1,B_svc,2,0.1748914328509325,95,0.17481718540140737,WLS,33,7.424744952513884e-05
2,UPFC_Vsh,5-15,1.1116979721950506,95,1.1072116531227494,WLS,33,0.004486319072301237
3,UPFC_tsh,5-15,-0.2356556097223607,95,-0.23588325761662496,WLS,33,0.00022764789426427123
4,UPFC_Vse,5-15,0.05929500367643397,95,0.062051247461420725,WLS,33,0.0027562437849867547
5,UPFC_tse,5-15,-2.122019819272475,95,-2.18409127855749,WLS,33,0.062071459285014896
0,x_tcsc,1-14,-0.10648778268094326,96,-0.10650647426468991,WLS,33,1.8691583746649476e-05
1,B_svc,2,0.17449484938929488,96,0.17481718540140737,WLS,33,0.0003223360121124841
2,UPFC_Vsh,5-15,1.1112563458182356,96,1.1072116531227494,WLS,33,0.0040446926954862406
3,UPFC_tsh,5-15,-0.2356952671389661,96,-0.23588325761662496,WLS,33,0.0001879904776588559
4,UPFC_Vse,5-15,0.058407338455468506,96,0.062051247461420725,WLS,33,0.0036439090059522186
5,UPFC_tse,5-15,-2.1227697888200217,96,-2.18409127855749,WLS,33,0.061321489737468315
0,x_tcsc,1-14,-0.10648815268828053,97,-0.10650647426468991,WLS,33,1.8321576409380258e-05
1,B_svc,2,0.17510955276439535,97,0.17481718540140737,WLS,33,0.0002923673629879886
2,UPFC_Vsh,5-15,1.1120580464465113,97,1.1072116531227494,WLS,33,0.0048463933237619106
3,UPFC_tsh,5-15,-0.2355765317681528,97,-0.23588325761662496,WLS,33,0.00030672584847216133
4,UPFC_Vse,5-15,0.05890954082441605,97,0.062051247461420725,WLS,33,0.0031417066370046723
5,UPFC_tse,5-15,-2.1206739163004786,97,-2.18409127855749,WLS,33,0.06341736225701133
0,x_tcsc,1-14,-0.10649875067310459,98,-0.10650647426468991,WLS,33,7.723591585323542e-06
1,B_svc,2,0.17487850850651876,98,0.17481718540140737,WLS,33,6.132310511139383e-05
2,UPFC_Vsh,5-15,1.111447159121132,98,1.1072116531227494,WLS,33,0.004235505998382516
3,UPFC_tsh,5-15,-0.23562000004415834,98,-0.23588325761662496,WLS,33,0.00026325757246661863
4,UPFC_Vse,5-15,0.05879633818106215,98,0.062051247461420725,WLS,33,0.003254909280358577
5,UPFC_tse,5-15,-2.1210020737083233,98,-2.18409127855749,WLS,33,0.06308920484916669
0,x_tcsc,1-14,-0.1064822823321592,99,-0.10650647426468991,WLS,33,2.4191932530712168e-05
1,B_svc,2,0.17516940174923878,99,0.17481718540140737,WLS,33,0.00035221634783141886
2,UPFC_Vsh,5-15,1.112224814939007,99,1.1072116531227494,WLS,33,0.005013161816257661
3,UPFC_tsh,5-15,-0.23567852729821814,99,-0.23588325761662496,WLS,33,0.000204730318406815
4,UPFC_Vse,5-15,0.05914481033345577,99,0.062051247461420725,WLS,33,0.002906437127964956
5,UPFC_tse,5-15,-2.124760820805426,99,-2.18409127855749,WLS,33,0.059330457752063914
0,x_tcsc,1-14,-0.10518066346954869,0,-0.10518846218144336,WLS,35,7.798711894671517e-06
1,B_svc,2,0.17314438914380156,0,0.17337910879413151,WLS,35,0.0002347196503299509
2,UPFC_Vsh,5-15,1.1115779544812692,0,1.107835439290343,WLS,35,0.0037425151909262766
3,UPFC_tsh,5-15,-0.237223323781054,0,-0.23742095806497576,WLS,35,0.0001976342839217493
4,UPFC_Vse,5-15,0.058619430235104825,0,0.06165077901426305,WLS,35,0.003031348779158227
5,UPFC_tse,5-15,-2.1223164823831944,0,-2.1859856780255793,WLS,35,0.06366919564238493
0,x_tcsc,1-14,-0.10517089683838278,1,-0.10518846218144336,WLS,35,1.756534306057711e-05
1,B_svc,2,0.17364886223101617,1,0.17337910879413151,WLS,35,0.00026975343688465103
2,UPFC_Vsh,5-15,1.1114728465146964,1,1.107835439290343,WLS,35,0.0036374072243534616
3,UPFC_tsh,5-15,-0.23722324103845968,1,-0.23742095806497576,WLS,35,0.00019771702651608103
4,UPFC_Vse,5-15,0.058699125770082745,1,0.06165077901426305,WLS,35,0.0029516532441803064
5,UPFC_tse,5-15,-2.1206788343881935,1,-2.1859856780255793,WLS,35,0.06530684363738581
0,x_tcsc,1-14,-0.10518190088679046,2,-0.10518846218144336,WLS,35,6.56129465290145e-06
1,B_svc,2,0.17361290493871576,2,0.17337910879413151,WLS,35,0.0002337961445842418
2,UPFC_Vsh,5-15,1.1115272089545392,2,1.107835439290343,WLS,35,0.003691769664196265
3,UPFC_tsh,5-15,-0.2372785779281445,2,-0.23742095806497576,WLS,35,0.00014238013683126605
4,UPFC_Vse,5-15,0.059017842122777,2,0.06165077901426305,WLS,35,0.002632936891486054
5,UPFC_tse,5-15,-2.12323440977225,2,-2.1859856780255793,WLS,35,0.06275126825332933
0,x_tcsc,1-14,-0.10516850023490536,3,-0.10518846218144336,WLS,35,1.9961946537999653e-05
1,B_svc,2,0.17287155436469218,3,0.17337910879413151,WLS,35,0.0005075544294393386
2,UPFC_Vsh,5-15,1.1116549298266716,3,1.107835439290343,WLS,35,0.0038194905363286846
3,UPFC_tsh,5-15,-0.23726690905481768,3,-0.23742095806497576,WLS,35,0.00015404901015808603
4,UPFC_Vse,5-15,0.05871734817264365,3,0.06165077901426305,WLS,35,0.0029334308416194
5,UPFC_tse,5-15,-2.123343362569822,3,-2.1859856780255793,WLS,35,0.06264231545575738
0,x_tcsc,1-14,-0.10518732202000501,4,-0.10518846218144336,WLS,35,1.1401614383454994e-06
1,B_svc,2,0.17359882149135947,4,0.17337910879413151,WLS,35,0.00021971269722795284
2,UPFC_Vsh,5-15,1.1119286589612736,4,1.107835439290343,WLS,35,0.004093219670930681
3,UPFC_tsh,5-15,-0.2371664162928874,4,-0.23742095806497576,WLS,35,0.0002545417720883625
4,UPFC_Vse,5-15,0.058564790019485766,4,0.06165077901426305,WLS,35,0.003085988994777286
5,UPFC_tse,5-15,-2.1234103435943297,4,-2.1859856780255793,WLS,35,0.06257533443124963
0,x_tcsc,1-14,-0.10517879701208428,5,-0.10518846218144336,WLS,35,9.665169359074355e-06
1,B_svc,2,0.17361550479224513,5,0.17337910879413151,WLS,35,0.0002363959981136199
2,UPFC_Vsh,5-15,1.1114016628834482,5,1.107835439290343,WLS,35,0.003566223593105322
3,UPFC_tsh,5-15,-0.23732365035935482,5,-0.23742095806497576,WLS,35,9.730770562094149e-05
4,UPFC_Vse,5-15,0.05897288667405919,5,0.06165077901426305,WLS,35,0.0026778923402038593
5,UPFC_tse,5-15,-2.1223991675787492,5,-2.1859856780255793,WLS,35,0.06358651044683006
0,x_tcsc,1-14,-0.1051790224320879,6,-0.10518846218144336,WLS,35,9.439749355452665e-06
1,B_svc,2,0.17333347491187817,6,0.17337910879413151,WLS,35,4.563388225334308e-05
2,UPFC_Vsh,5-15,1.1119253376309437,6,1.107835439290343,WLS,35,0.004089898340600806
3,UPFC_tsh,5-15,-0.2371817464792524,6,-0.23742095806497576,WLS,35,0.00023921158572337564
4,UPFC_Vse,5-15,0.05879763352217905,6,0.06165077901426305,WLS,35,0.002853145492084
5,UPFC_tse,5-15,-2.124761012686416,6,-2.1859856780255793,WLS,35,0.061224665339163487
0,x_tcsc,1-14,-0.1051788175704273,7,-0.10518846218144336,WLS,35,9.64461101606029e-06
1,B_svc,2,0.17368987983180895,7,0.17337910879413151,WLS,35,0.00031077103767743197
2,UPFC_Vsh,5-15,1.1114000937560908,7,1.107835439290343,WLS,35,0.0035646544657479406
3,UPFC_tsh,5-15,-0.23722652387095472,7,-0.23742095806497576,WLS,35,0.00019443419402104256
4,UPFC_Vse,5-15,0.05820286942968814,7,0.06165077901426305,WLS,35,0.0034479095845749153
5,UPFC_tse,5-15,-2.122059091311034,7,-2.1859856780255793,WLS,35,0.06392658671454532
0,x_tcsc,1-14,-0.10515964090005746,8,-0.10518846218144336,WLS,35,2.882128138589901e-05
1,B_svc,2,0.17344885077396882,8,0.17337910879413151,WLS,35,6.974197983730668e-05
2,UPFC_Vsh,5-15,1.1116396420148975,8,1.107835439290343,WLS,35,0.0038042027245546173
3,UPFC_tsh,5-15,-0.2372212654867175,8,-0.23742095806497576,WLS,35,0.0001996925782582759
4,UPFC_Vse,5-15,0.05859196113782676,8,0.06165077901426305,WLS,35,0.00305881787643629
5,UPFC_tse,5-15,-2.1228505273906766,8,-2.1859856780255793,WLS,35,0.06313515063490271
0,x_tcsc,1-14,-0.10518535387962571,9,-0.10518846218144336,WLS,35,3.1083018176419897e-06
1,B_svc,2,0.173384488515115,9,0.17337910879413151,WLS,35,5.379720983494929e-06
2,UPFC_Vsh,5-15,1.1117534127128692,9,1.107835439290343,WLS,35,0.003917973422526311
3,UPFC_tsh,5-15,-0.2372278392340583,9,-0.23742095806497576,WLS,35,0.00019311883091746584
4,UPFC_Vse,5-15,0.05887077815897558,9,0.06165077901426305,WLS,35,0.0027800008552874705
5,UPFC_tse,5-15,-2.122259434056139,9,-2.1859856780255793,WLS,35,0.06372624396944016
0,x_tcsc,1-14,-0.10516834349637896,10,-0.10518846218144336,WLS,35,2.0118685064393627e-05
1,B_svc,2,0.1733878909157637,10,0.17337910879413151,WLS,35,8.782121632189277e-06
2,UPFC_Vsh,5-15,1.111223462503836,10,1.107835439290343,WLS,35,0.0033880232134930743
3,UPFC_tsh,5-15,-0.23718476565168795,10,-0.23742095806497576,WLS,35,0.00023619241328781682
4,UPFC_Vse,5-15,0.05805613922344303,10,0.06165077901426305,WLS,35,0.003594639790820024
5,UPFC_tse,5-15,-2.1219181884706555,10,-2.1859856780255793,WLS,35,0.0640674895549238
0,x_tcsc,1-14,-0.10519334513726777,11,-0.10518846218144336,WLS,35,4.882955824417334e-06
1,B_svc,2,0.17342682604139975,11,0.17337910879413151,WLS,35,4.771724726823634e-05
2,UPFC_Vsh,5-15,1.111361135968225,11,1.107835439290343,WLS,35,0.003525696677882051
3,UPFC_tsh,5-15,-0.23716006267330028,11,-0.23742095806497576,WLS,35,0.0002608953916754808
4,UPFC_Vse,5-15,0.05806374532733339,11,0.06165077901426305,WLS,35,0.0035870336869296623
5,UPFC_tse,5-15,-2.1224097611255557,11,-2.1859856780255793,WLS,35,0.06357591690002362
0,x_tcsc,1-14,-0.10516806354127946,12,-0.10518846218144336,WLS,35,2.0398640163898918e-05
1,B_svc,2,0.17338831223735118,12,0.17337910879413151,WLS,35,9.203443219668594e-06
2,UPFC_Vsh,5-15,1.1117339195532534,12,1.107835439290343,WLS,35,0.0038984802629105086
3,UPFC_tsh,5-15,-0.2372106589813945,12,-0.23742095806497576,WLS,35,0.00021029908358125016
4,UPFC_Vse,5-15,0.058764000128718595,12,0.06165077901426305,WLS,35,0.0028867788855444568
5,UPFC_tse,5-15,-2.1213643236188773,12,-2.1859856780255793,WLS,35,0.06462135440670203
0,x_tcsc,1-14,-0.10517768735134939,13,-0.10518846218144336,WLS,35,1.0774830093970844e-05
1,B_svc,2,0.17319451023684007,13,0.17337910879413151,WLS,35,0.00018459855729144325
2,UPFC_Vsh,5-15,1.1116210664087691,13,1.107835439290343,WLS,35,0.003785627118426227
3,UPFC_tsh,5-15,-0.2371593364775689,13,-0.23742095806497576,WLS,35,0.0002616215874068628
4,UPFC_Vse,5-15,0.05810260041145661,13,0.06165077901426305,WLS,35,0.0035481786028064427
5,UPFC_tse,5-15,-2.1216375858110634,13,-2.1859856780255793,WLS,35,0.06434809221451587
0,x_tcsc,1-14,-0.10516598570018332,14,-0.10518846218144336,WLS,35,2.2476481260039205e-05
1,B_svc,2,0.17327285910807472,14,0.17337910879413151,WLS,35,0.00010624968605679741
2,UPFC_Vsh,5-15,1.1115814426102795,14,1.107835439290343,WLS,35,0.003746003319936575
3,UPFC_tsh,5-15,-0.23718189589110666,14,-0.23742095806497576,WLS,35,0.0002390621738690979
4,UPFC_Vse,5-15,0.058516356358545615,14,0.06165077901426305,WLS,35,0.0031344226557174365
5,UPFC_tse,5-15,-2.1231790549321463,14,-2.1859856780255793,WLS,35,0.06280662309343299
0,x_tcsc,1-14,-0.10517256209404335,15,-0.10518846218144336,WLS,35,1.590008740000315e-05
1,B_svc,2,0.17297587004097856,15,0.17337910879413151,WLS,35,0.0004032387531529569
2,UPFC_Vsh,5-15,1.111527207216238,15,1.107835439290343,WLS,35,0.0036917679258952063
3,UPFC_tsh,5-15,-0.23718462138817528,15,-0.23742095806497576,WLS,35,0.00023633667680048043
4,UPFC_Vse,5-15,0.058850708277116914,15,0.06165077901426305,WLS,35,0.0028000707371461375
5,UPFC_tse,5-15,-2.120111274225802,15,-2.1859856780255793,WLS,35,0.06587440379977716
0,x_tcsc,1-14,-0.10518090563847278,16,-0.10518846218144336,WLS,35,7.556542970577063e-06
1,B_svc,2,0.17322299067733418,16,0.17337910879413151,WLS,35,0.00015611811679733245
2,UPFC_Vsh,5-15,1.1112581605418408,16,1.107835439290343,WLS,35,0.0034227212514978955
3,UPFC_tsh,5-15,-0.23725697128638615,16,-0.23742095806497576,WLS,35,0.0001639867785896143
4,UPFC_Vse,5-15,0.0589459185009451,16,0.06165077901426305,WLS,35,0.002704860513317954
5,UPFC_tse,5-15,-2.117969222224223,16,-2.1859856780255793,WLS,35,0.06801645580135629
0,x_tcsc,1-14,-0.10517860578653564,17,-0.10518846218144336,WLS,35,9.856394907720167e-06
1,B_svc,2,0.17337277999855133,17,0.17337910879413151,WLS,35,6.328795580184954e-06
2,UPFC_Vsh,5-15,1.1117581831366774,17,1.107835439290343,WLS,35,0.003922743846334509
3,UPFC_tsh,5-15,-0.23722972610657497,17,-0.23742095806497576,WLS,35,0.00019123195840078933
4,UPFC_Vse,5-15,0.05828454444416162,17,0.06165077901426305,WLS,35,0.003366234570101434
5,UPFC_tse,5-15,-2.1271130892909547,17,-2.1859856780255793,WLS,35,0.05887258873462464
0,x_tcsc,1-14,-0.10515541215912322,18,-0.10518846218144336,WLS,35,3.305002232013854e-05
1,B_svc,2,0.17320109049993965,18,0.17337910879413151,WLS,35,0.00017801829419186732
2,UPFC_Vsh,5-15,1.1117457015237808,18,1.107835439290343,WLS,35,0.003910262233437933
3,UPFC_tsh,5-15,-0.23714286229096268,18,-0.23742095806497576,WLS,35,0.00027809577401308183
4,UPFC_Vse,5-15,0.05899025670707274,18,0.06165077901426305,WLS,35,0.0026605223071903134
5,UPFC_tse,5-15,-2.1231457793250845,18,-2.1859856780255793,WLS,35,0.06283989870049478
0,x_tcsc,1-14,-0.10517683084976923,19,-0.10518846218144336,WLS,35,1.1631331674130663e-05
1,B_svc,2,0.17379467303710502,19,0.17337910879413151,WLS,35,0.0004155642429735096
2,UPFC_Vsh,5-15,1.1114569149735805,19,1.107835439290343,WLS,35,0.0036214756832375627
3,UPFC_tsh,5-15,-0.2371757171389409,19,-0.23742095806497576,WLS,35,0.0002452409260348676
4,UPFC_Vse,5-15,0.05843503916420833,19,0.06165077901426305,WLS,35,0.0032157398500547232
5,UPFC_tse,5-15,-2.1232679315628027,19,-2.1859856780255793,WLS,35,0.06271774646277661
0,x_tcsc,1-14,-0.10517200819495232,20,-0.10518846218144336,WLS,35,1.645398649104124e-05
1,B_svc,2,0.17299868435054647,20,0.17337910879413151,WLS,35,0.0003804244435850479
2,UPFC_Vsh,5-15,1.111789492405266,20,1.107835439290343,WLS,35,0.0039540531149231395
3,UPFC_tsh,5-15,-0.2372032262012645,20,-0.23742095806497576,WLS,35,0.00021773186371126796
4,UPFC_Vse,5-15,0.058526761618652536,20,0.06165077901426305,WLS,35,0.0031240173956105163
5,UPFC_tse,5-15,-2.1242263715276968,20,-2.1859856780255793,WLS,35,0.06175930649788253
0,x_tcsc,1-14,-0.10516299849994125,21,-0.10518846218144336,WLS,35,2.5463681502108093e-05
1,B_svc,2,0.17376093678616028,21,0.17337910879413151,WLS,35,0.00038182799202876594
2,UPFC_Vsh,5-15,1.1117398169355759,21,1.107835439290343,WLS,35,0.0039043776452329926
3,UPFC_tsh,5-15,-0.2371394608364255,21,-0.23742095806497576,WLS,35,0.0002814972285502537
4,UPFC_Vse,5-15,0.05910438742354481,21,0.06165077901426305,WLS,35,0.0025463915907182402
5,UPFC_tse,5-15,-2.1212427699394607,21,-2.1859856780255793,WLS,35,0.0647429080861186
0,x_tcsc,1-14,-0.10517024512608915,22,-0.10518846218144336,WLS,35,1.8217055354208256e-05
1,B_svc,2,0.1737670943340141,22,0.17337910879413151,WLS,35,0.00038798553988259044
2,UPFC_Vsh,5-15,1.1117600379365262,22,1.107835439290343,WLS,35,0.00392459864618333
3,UPFC_tsh,5-15,-0.23715879946772692,22,-0.23742095806497576,WLS,35,0.00026215859724884605
4,UPFC_Vse,5-15,0.05868388623397617,22,0.06165077901426305,WLS,35,0.0029668927802868825
5,UPFC_tse,5-15,-2.1204215657073875,22,-2.1859856780255793,WLS,35,0.06556411231819181
0,x_tcsc,1-14,-0.10518835124788654,23,-0.10518846218144336,WLS,35,1.1093355681279782e-07
1,B_svc,2,0.1734335159375836,23,0.17337910879413151,WLS,35,5.440714345208986e-05
2,UPFC_Vsh,5-15,1.1114619835897201,23,1.107835439290343,WLS,35,0.0036265442993772545
3,UPFC_tsh,5-15,-0.2372263649083525,23,-0.23742095806497576,WLS,35,0.00019459315662326282
4,UPFC_Vse,5-15,0.05885884610846606,23,0.06165077901426305,WLS,35,0.00279193290579699
5,UPFC_tse,5-15,-2.1211108364742564,23,-2.1859856780255793,WLS,35,0.06487484155132295
0,x_tcsc,1-14,-0.10516671880042239,24,-0.10518846218144336,WLS,35,2.17433810209694e-05
1,B_svc,2,0.17316808787417473,24,0.17337910879413151,WLS,35,0.00021102091995678363
2,UPFC_Vsh,5-15,1.1117434608794992,24,1.107835439290343,WLS,35,0.003908021589156263
3,UPFC_tsh,5-15,-0.23716711480166,24,-0.23742095806497576,WLS,35,0.0002538432633157617
4,UPFC_Vse,5-15,0.05831696401288663,24,0.06165077901426305,WLS,35,0.0033338150013764237
5,UPFC_tse,5-15,-2.124661858386655,24,-2.1859856780255793,WLS,35,0.061323819638924526
0,x_tcsc,1-14,-0.10516310537269333,25,-0.10518846218144336,WLS,35,2.5356808750029436e-05
1,B_svc,2,0.1736924982361365,25,0.17337910879413151,WLS,35,0.0003133894420049854
2,UPFC_Vsh,5-15,1.1115940775270958,25,1.107835439290343,WLS,35,0.0037586382367529314
3,UPFC_tsh,5-15,-0.23727147407837082,25,-0.23742095806497576,WLS,35,0.00014948398660494244
4,UPFC_Vse,5-15,0.058381154532158884,25,0.06165077901426305,WLS,35,0.003269624482104168
5,UPFC_tse,5-15,-2.119493878197881,25,-2.1859856780255793,WLS,35,0.06649179982769837
0,x_tcsc,1-14,-0.1051751788864509,26,-0.10518846218144336,WLS,35,1.3283294992449957e-05
1,B_svc,2,0.1737742400364523,26,0.17337910879413151,WLS,35,0.00039513124232079533
2,UPFC_Vsh,5-15,1.1112828005999744,26,1.107835439290343,WLS,35,0.0034473613096315248
3,UPFC_tsh,5-15,-0.2372096965964105,26,-0.23742095806497576,WLS,35,0.0002112614685652603
4,UPFC_Vse,5-15,0.05839801820234529,26,0.06165077901426305,WLS,35,0.0032527608119177626
5,UPFC_tse,5-15,-2.1199693721044386,26,-2.1859856780255793,WLS,35,0.06601630592114072
0,x_tcsc,1-14,-0.10518366602952242,27,-0.10518846218144336,WLS,35,4.796151920935521e-06
1,B_svc,2,0.17324616296353434,27,0.17337910879413151,WLS,35,0.0001329458305971698
2,UPFC_Vsh,5-15,1.1119046778912158,27,1.107835439290343,WLS,35,0.0040692386008729375
3,UPFC_tsh,5-15,-0.23725602490583902,27,-0.23742095806497576,WLS,35,0.00016493315913673756
4,UPFC_Vse,5-15,0.058642054218256086,27,0.06165077901426305,WLS,35,0.003008724796006966
5,UPFC_tse,5-15,-2.1240494032020694,27,-2.1859856780255793,WLS,35,0.06193627482350994
0,x_tcsc,1-14,-0.1051599022209954,28,-0.10518846218144336,WLS,35,2.8559960447954724e-05
1,B_svc,2,0.17380164232050715,28,0.17337910879413151,WLS,35,0.00042253352637564023
2,UPFC_Vsh,5-15,1.1115615195362467,28,1.107835439290343,WLS,35,0.003726080245903818
3,UPFC_tsh,5-15,-0.23719507946698562,28,-0.23742095806497576,WLS,35,0.00022587859799014232
4,UPFC_Vse,5-15,0.05883182757815882,28,0.06165077901426305,WLS,35,0.002818951436104229
5,UPFC_tse,5-15,-2.1222983229984593,28,-2.1859856780255793,WLS,35,0.06368735502711997
0,x_tcsc,1-14,-0.10518281830045256,29,-0.10518846218144336,WLS,35,5.643880990793826e-06
1,B_svc,2,0.17401318595203838,29,0.17337910879413151,WLS,35,0.0006340771579068649
2,UPFC_Vsh,5-15,1.1115799287314305,29,1.107835439290343,WLS,35,0.0037444894410876284
3,UPFC_tsh,5-15,-0.237226520710698,29,-0.23742095806497576,WLS,35,0.00019443735427776554
4,UPFC_Vse,5-15,0.05883861159505284,29,0.06165077901426305,WLS,35,0.0028121674192102125
5,UPFC_tse,5-15,-2.1230320204335067,29,-2.1859856780255793,WLS,35,0.06295365759207261
0,x_tcsc,1-14,-0.10517766092096635,30,-0.10518846218144336,WLS,35,1.0801260477005803e-05
1,B_svc,2,0.17351481932365118,30,0.17337910879413151,WLS,35,0.00013571052951966145
2,UPFC_Vsh,5-15,1.1122198167466375,30,1.107835439290343,WLS,35,0.004384377456294608
3,UPFC_tsh,5-15,-0.23718993841944006,30,-0.23742095806497576,WLS,35,0.0002310196455357072
4,UPFC_Vse,5-15,0.05907431864890961,30,0.06165077901426305,WLS,35,0.0025764603653534446
5,UPFC_tse,5-15,-2.1243756372815397,30,-2.1859856780255793,WLS,35,0.06161004074403964
0,x_tcsc,1-14,-0.10517601923786682,31,-0.10518846218144336,WLS,35,1.2442943576537746e-05
1,B_svc,2,0.17357519693741405,31,0.17337910879413151,WLS,35,0.00019608814328253565
2,UPFC_Vsh,5-15,1.1113905945942895,31,1.107835439290343,WLS,35,0.0035551553039465666
3,UPFC_tsh,5-15,-0.2371992784107416,31,-0.23742095806497576,WLS,35,0.00022167965423416924
4,UPFC_Vse,5-15,0.058370584562238155,31,0.06165077901426305,WLS,35,0.003280194452024897
5,UPFC_tse,5-15,-2.122774778756544,31,-2.1859856780255793,WLS,35,0.06321089926903545
0,x_tcsc,1-14,-0.10517683745954859,32,-0.10518846218144336,WLS,35,1.1624721894767931e-05
1,B_svc,2,0.17398846777046603,32,0.17337910879413151,WLS,35,0.0006093589763345175
2,UPFC_Vsh,5-15,1.1116081395402224,32,1.107835439290343,WLS,35,0.0037727002498795237
3,UPFC_tsh,5-15,-0.2372148705372899,32,-0.23742095806497576,WLS,35,0.00020608752768586092
4,UPFC_Vse,5-15,0.058167944663167576,32,0.06165077901426305,WLS,35,0.0034828343510954762
5,UPFC_tse,5-15,-2.1257952511543703,32,-2.1859856780255793,WLS,35,0.06019042687120901
0,x_tcsc,1-14,-0.10516490840998755,33,-0.10518846218144336,WLS,35,2.35537714558115e-05
1,B_svc,2,0.17350429370190973,33,0.17337910879413151,WLS,35,0.00012518490777821412
2,UPFC_Vsh,5-15,1.1114360642082037,33,1.107835439290343,WLS,35,0.0036006249178608396
3,UPFC_tsh,5-15,-0.2371998441733517,33,-0.23742095806497576,WLS,35,0.00022111389162407513
4,UPFC_Vse,5-15,0.05822319897965597,33,0.06165077901426305,WLS,35,0.0034275800346070806
5,UPFC_tse,5-15,-2.1205450097331413,33,-2.1859856780255793,WLS,35,0.065440668292438
0,x_tcsc,1-14,-0.10517388673343527,34,-0.10518846218144336,WLS,35,1.457544800809174e-05
1,B_svc,2,0.17334274210718115,34,0.17337910879413151,WLS,35,3.63666869503676e-05
2,UPFC_Vsh,5-15,1.1113055838096808,34,1.107835439290343,WLS,35,0.0034701445193379143
3,UPFC_tsh,5-15,-0.2371853737712074,34,-0.23742095806497576,WLS,35,0.00023558429376835388
4,UPFC_Vse,5-15,0.058782851227214,34,0.06165077901426305,WLS,35,0.00286792778704905
5,UPFC_tse,5-15,-2.1232338123752434,34,-2.1859856780255793,WLS,35,0.06275186565033586
0,x_tcsc,1-14,-0.10515994211498764,35,-0.10518846218144336,WLS,35,2.8520066455720028e-05
1,B_svc,2,0.17333466179983975,35,0.17337910879413151,WLS,35,4.4446994291763575e-05
2,UPFC_Vsh,5-15,1.1115352897996498,35,1.107835439290343,WLS,35,0.003699850509306879
3,UPFC_tsh,5-15,-0.23718841687481684,35,-0.23742095806497576,WLS,35,0.00023254119015891916
4,UPFC_Vse,5-15,0.058815724600150124,35,0.06165077901426305,WLS,35,0.002835054414112928
5,UPFC_tse,5-15,-2.120632353322709,35,-2.1859856780255793,WLS,35,0.06535332470287036
0,x_tcsc,1-14,-0.10518179048032104,36,-0.10518846218144336,WLS,35,6.671701122312745e-06
1,B_svc,2,0.17325315193671859,36,0.17337910879413151,WLS,35,0.00012595685741292884
2,UPFC_Vsh,5-15,1.111839308469183,36,1.107835439290343,WLS,35,0.004003869178840214
3,UPFC_tsh,5-15,-0.2371562872104345,36,-0.23742095806497576,WLS,35,0.0002646708545412657
4,UPFC_Vse,5-15,0.05843511018653181,36,0.06165077901426305,WLS,35,0.0032156688277312426
5,UPFC_tse,5-15,-2.1250865308009494,36,-2.1859856780255793,WLS,35,0.06089914722462986
0,x_tcsc,1-14,-0.1051743895090491,37,-0.10518846218144336,WLS,35,1.4072672394255248e-05
1,B_svc,2,0.17362539541172878,37,0.17337910879413151,WLS,35,0.00024628661759726334
2,UPFC_Vsh,5-15,1.1117792282744525,37,1.107835439290343,WLS,35,0.003943788984109631
3,UPFC_tsh,5-15,-0.23718209797628131,37,-0.23742095806497576,WLS,35,0.00023886008869444808
4,UPFC_Vse,5-15,0.058842505554695765,37,0.06165077901426305,WLS,35,0.002808273459567287
5,UPFC_tse,5-15,-2.1234762506761564,37,-2.1859856780255793,WLS,35,0.06250942734942289
0,x_tcsc,1-14,-0.10517657117844655,38,-0.10518846218144336,WLS,35,1.1891002996811117e-05
1,B_svc,2,0.17344367347781287,38,0.17337910879413151,WLS,35,6.456468368135071e-05
2,UPFC_Vsh,5-15,1.1118612473004392,38,1.107835439290343,WLS,35,0.004025808010096332
3,UPFC_tsh,5-15,-0.2371811506657766,38,-0.23742095806497576,WLS,35,0.0002398073991991545
4,UPFC_Vse,5-15,0.05836071950116159,38,0.06165077901426305,WLS,35,0.003290059513101462
5,UPFC_tse,5-15,-2.1237788889002975,38,-2.1859856780255793,WLS,35,0.06220678912528177
0,x_tcsc,1-14,-0.10516618968397347,39,-0.10518846218144336,WLS,35,2.2272497469888464e-05
1,B_svc,2,0.17352551503238076,39,0.17337910879413151,WLS,35,0.00014640623824924148
2,UPFC_Vsh,5-15,1.1114699409997344,39,1.107835439290343,WLS,35,0.003634501709391502
3,UPFC_tsh,5-15,-0.23722491679962035,39,-0.23742095806497576,WLS,35,0.00019604126535541222
4,UPFC_Vse,5-15,0.05812323250097791,39,0.06165077901426305,WLS,35,0.003527546513285143
5,UPFC_tse,5-15,-2.1230578622716996,39,-2.1859856780255793,WLS,35,0.06292781575387973
0,x_tcsc,1-14,-0.10518659129248434,40,-0.10518846218144336,WLS,35,1.8708889590185462e-06
1,B_svc,2,0.17397447538273467,40,0.17337910879413151,WLS,35,0.0005953665886031523
2,UPFC_Vsh,5-15,1.1113907935791099,40,1.107835439290343,WLS,35,0.0035553542887669654
3,UPFC_tsh,5-15,-0.23726457530400183,40,-0.23742095806497576,WLS,35,0.00015638276097393322
4,UPFC_Vse,5-15,0.05873719786433776,40,0.06165077901426305,WLS,35,0.002913581149925293
5,UPFC_tse,5-15,-2.1245357461559347,40,-2.1859856780255793,WLS,35,0.06144993186964465
0,x_tcsc,1-14,-0.10518039131573166,41,-0.10518846218144336,WLS,35,8.070865711695685e-06
1,B_svc,2,0.17315739786325712,41,0.17337910879413151,WLS,35,0.00022171093087439142
2,UPFC_Vsh,5-15,1.111576691172461,41,1.107835439290343,WLS,35,0.0037412518821180463
3,UPFC_tsh,5-15,-0.23706134081266836,41,-0.23742095806497576,WLS,35,0.0003596172523074037
4,UPFC_Vse,5-15,0.05816903380841195,41,0.06165077901426305,WLS,35,0.0034817452058511014
5,UPFC_tse,5-15,-2.1210634751911117,41,-2.1859856780255793,WLS,35,0.06492220283446759
0,x_tcsc,1-14,-0.10515717781257473,42,-0.10518846218144336,WLS,35,3.1284368868622625e-05
1,B_svc,2,0.17371524270058247,42,0.17337910879413151,WLS,35,0.0003361339064509583
2,UPFC_Vsh,5-15,1.1116444063946036,42,1.107835439290343,WLS,35,0.0038089671042607076
3,UPFC_tsh,5-15,-0.23729816041477012,42,-0.23742095806497576,WLS,35,0.00012279765020564715
4,UPFC_Vse,5-15,0.058610244492866344,42,0.06165077901426305,WLS,35,0.003040534521396708
5,UPFC_tse,5-15,-2.1269389328186015,42,-2.1859856780255793,WLS,35,0.059046745206977835
0,x_tcsc,1-14,-0.10518237204781282,43,-0.10518846218144336,WLS,35,6.090133630537453e-06
1,B_svc,2,0.173311407791111,43,0.17337910879413151,WLS,35,6.770100302050386e-05
2,UPFC_Vsh,5-15,1.11154891114963,43,1.107835439290343,WLS,35,0.003713471859287054
3,UPFC_tsh,5-15,-0.2371658119831368,43,-0.23742095806497576,WLS,35,0.0002551460818389639
4,UPFC_Vse,5-15,0.05858305046206702,43,0.06165077901426305,WLS,35,0.0030677285521960307
5,UPFC_tse,5-15,-2.120684447334715,43,-2.1859856780255793,WLS,35,0.06530123069086446
0,x_tcsc,1-14,-0.10517780930066424,44,-0.10518846218144336,WLS,35,1.0652880779116192e-05
1,B_svc,2,0.17361972865980488,44,0.17337910879413151,WLS,35,0.0002406198656733638
2,UPFC_Vsh,5-15,1.1115128675885917,44,1.107835439290343,WLS,35,0.003677428298248797
3,UPFC_tsh,5-15,-0.23721160421760787,44,-0.23742095806497576,WLS,35,0.00020935384736789353
4,UPFC_Vse,5-15,0.05906053963913166,44,0.06165077901426305,WLS,35,0.0025902393751313924
5,UPFC_tse,5-15,-2.116762332167959,44,-2.1859856780255793,WLS,35,0.06922334585762036
0,x_tcsc,1-14,-0.10517257632461882,45,-0.10518846218144336,WLS,35,1.588585682453514e-05
1,B_svc,2,0.17332123331928695,45,0.17337910879413151,WLS,35,5.7875474844565344e-05
2,UPFC_Vsh,5-15,1.1116632512562596,45,1.107835439290343,WLS,35,0.0038278119659167498
3,UPFC_tsh,5-15,-0.2371838317888215,45,-0.23742095806497576,WLS,35,0.0002371262761542703
4,UPFC_Vse,5-15,0.05848898095774871,45,0.06165077901426305,WLS,35,0.003161798056514342
5,UPFC_tse,5-15,-2.120077538275534,45,-2.1859856780255793,WLS,35,0.06590813975004517
0,x_tcsc,1-14,-0.1051710492562036,46,-0.10518846218144336,WLS,35,1.741292523975424e-05
1,B_svc,2,0.17370615263167932,46,0.17337910879413151,WLS,35,0.00032704383754780797
2,UPFC_Vsh,5-15,1.1113261660383391,46,1.107835439290343,WLS,35,0.00349072674799622
3,UPFC_tsh,5-15,-0.23724440903372926,46,-0.23742095806497576,WLS,35,0.00017654903124650345
4,UPFC_Vse,5-15,0.05837085785921547,46,0.06165077901426305,WLS,35,0.003279921155047584
5,UPFC_tse,5-15,-2.1213746546975383,46,-2.1859856780255793,WLS,35,0.06461102332804103
0,x_tcsc,1-14,-0.10517355303228684,47,-0.10518846218144336,WLS,35,1.4909149156513979e-05
1,B_svc,2,0.17336469346931233,47,0.17337910879413151,WLS,35,1.4415324819189168e-05
2,UPFC_Vsh,5-15,1.111595061661443,47,1.107835439290343,WLS,35,0.0037596223711000576
3,UPFC_tsh,5-15,-0.23722193690856208,47,-0.23742095806497576,WLS,35,0.00019902115641368123
4,UPFC_Vse,5-15,0.0589226672659187,47,0.06165077901426305,WLS,35,0.00272811174834435
5,UPFC_tse,5-15,-2.1235208019988128,47,-2.1859856780255793,WLS,35,0.062464876026766536
0,x_tcsc,1-14,-0.10517510899435785,48,-0.10518846218144336,WLS,35,1.3353187085507479e-05
1,B_svc,2,0.17391766065116723,48,0.17337910879413151,WLS,35,0.0005385518570357184
2,UPFC_Vsh,5-15,1.1113172156739775,48,1.107835439290343,WLS,35,0.0034817763836345605
3,UPFC_tsh,5-15,-0.23725587660184416,48,-0.23742095806497576,WLS,35,0.0001650814631316
4,UPFC_Vse,5-15,0.058522989122148525,48,0.06165077901426305,WLS,35,0.003127789892114527
5,UPFC_tse,5-15,-2.1240047405483766,48,-2.1859856780255793,WLS,35,0.06198093747720268
0,x_tcsc,1-14,-0.10518676055192772,49,-0.10518846218144336,WLS,35,1.7016295156407901e-06
1,B_svc,2,0.17327032474404663,49,0.17337910879413151,WLS,35,0.00010878405008488135
2,UPFC_Vsh,5-15,1.111901884169294,49,1.107835439290343,WLS,35,0.0040664448789511365
3,UPFC_tsh,5-15,-0.23712076598471588,49,-0.23742095806497576,WLS,35,0.00030019208025988675
4,UPFC_Vse,5-15,0.05815037941424404,49,0.06165077901426305,WLS,35,0.003500399600019015
5,UPFC_tse,5-15,-2.122319048897804,49,-2.1859856780255793,WLS,35,0.06366662912777521
0,x_tcsc,1-14,-0.10518428072662978,50,-0.10518846218144336,WLS,35,4.181454813581564e-06
1,B_svc,2,0.17319227804267046,50,0.17337910879413151,WLS,35,0.00018683075146105899
2,UPFC_Vsh,5-15,1.11163677777621,50,1.107835439290343,WLS,35,0.0038013384858670562
3,UPFC_tsh,5-15,-0.2371369522712522,50,-0.23742095806497576,WLS,35,0.00028400579372356294
4,UPFC_Vse,5-15,0.05859352955926252,50,0.06165077901426305,WLS,35,0.0030572494550005352
5,UPFC_tse,5-15,-2.122796282078778,50,-2.1859856780255793,WLS,35,0.06318939594680151
0,x_tcsc,1-14,-0.10516147919400408,51,-0.10518846218144336,WLS,35,2.698298743927796e-05
1,B_svc,2,0.17384060263504522,51,0.17337910879413151,WLS,35,0.00046149384091370704
2,UPFC_Vsh,5-15,1.1116625441434196,51,1.107835439290343,WLS,35,0.0038271048530766905
3,UPFC_tsh,5-15,-0.23717204042711523,51,-0.23742095806497576,WLS,35,0.00024891763786052956
4,UPFC_Vse,5-15,0.05860557268460201,51,0.06165077901426305,WLS,35,0.003045206329661043
5,UPFC_tse,5-15,-2.1227748785665344,51,-2.1859856780255793,WLS,35,0.06321079945904495
0,x_tcsc,1-14,-0.10518295029546859,52,-0.10518846218144336,WLS,35,5.511885974765485e-06
1,B_svc,2,0.1737026861687366,52,0.17337910879413151,WLS,35,0.0003235773746050885
2,UPFC_Vsh,5-15,1.11150772580913,52,1.107835439290343,WLS,35,0.003672286518787038
3,UPFC_tsh,5-15,-0.23722878608714526,52,-0.23742095806497576,WLS,35,0.000192171977830502
4,UPFC_Vse,5-15,0.05850844867334726,52,0.06165077901426305,WLS,35,0.0031423303409157943
5,UPFC_tse,5-15,-2.1212821369344876,52,-2.1859856780255793,WLS,35,0.06470354109109167
0,x_tcsc,1-14,-0.10517404621924134,53,-0.10518846218144336,WLS,35,1.4415962202016241e-05
1,B_svc,2,0.1731675093401346,53,0.17337910879413151,WLS,35,0.0002115994539969024
2,UPFC_Vsh,5-15,1.1116610433201715,53,1.107835439290343,WLS,35,0.0038256040298285665
3,UPFC_tsh,5-15,-0.23722903942765414,53,-0.23742095806497576,WLS,35,0.00019191863732162528
4,UPFC_Vse,5-15,0.05845231454349073,53,0.06165077901426305,WLS,35,0.003198464470772322
5,UPFC_tse,5-15,-2.1237937474524564,53,-2.1859856780255793,WLS,35,0.06219193057312289
0,x_tcsc,1-14,-0.10517680170668924,54,-0.10518846218144336,WLS,35,1.1660474754121575e-05
1,B_svc,2,0.17396200995495703,54,0.17337910879413151,WLS,35,0.0005829011608255164
2,UPFC_Vsh,5-15,1.1118642692292666,54,1.107835439290343,WLS,35,0.004028829938923728
3,UPFC_tsh,5-15,-0.23710946933088825,54,-0.23742095806497576,WLS,35,0.00031148873408751165
4,UPFC_Vse,5-15,0.05836670872020997,54,0.06165077901426305,WLS,35,0.0032840702940530805
5,UPFC_tse,5-15,-2.123532721453801,54,-2.1859856780255793,WLS,35,0.062452956571778184
0,x_tcsc,1-14,-0.10517731409832079,55,-0.10518846218144336,WLS,35,1.1148083122566876e-05
1,B_svc,2,0.17341497733457345,55,0.17337910879413151,WLS,35,3.586854044193566e-05
2,UPFC_Vsh,5-15,1.1117266738692815,55,1.107835439290343,WLS,35,0.003891234578938585
3,UPFC_tsh,5-15,-0.23721796269150358,55,-0.23742095806497576,WLS,35,0.00020299537347218122
4,UPFC_Vse,5-15,0.058819846052958286,55,0.06165077901426305,WLS,35,0.0028309329613047662
5,UPFC_tse,5-15,-2.1215738394123127,55,-2.1859856780255793,WLS,35,0.0644118386132666
0,x_tcsc,1-14,-0.10516767863723935,56,-0.10518846218144336,WLS,35,2.0783544204011628e-05
1,B_svc,2,0.17396229091633983,56,0.17337910879413151,WLS,35,0.0005831821222083144
2,UPFC_Vsh,5-15,1.111100375759624,56,1.107835439290343,WLS,35,0.0032649364692811655
3,UPFC_tsh,5-15,-0.2372177373227465,56,-0.23742095806497576,WLS,35,0.00020322074222925424
4,UPFC_Vse,5-15,0.05858610315423428,56,0.06165077901426305,WLS,35,0.0030646758600287732
5,UPFC_tse,5-15,-2.1202388402683376,56,-2.1859856780255793,WLS,35,0.06574683775724166
0,x_tcsc,1-14,-0.10518006092084932,57,-0.10518846218144336,WLS,35,8.401260594037563e-06
1,B_svc,2,0.17318374625277547,57,0.17337910879413151,WLS,35,0.0001953625413560478
2,UPFC_Vsh,5-15,1.1115745500633256,57,1.107835439290343,WLS,35,0.0037391107729827233
3,UPFC_tsh,5-15,-0.237254118472696,57,-0.23742095806497576,WLS,35,0.00016683959227975498
4,UPFC_Vse,5-15,0.058795034067572964,57,0.06165077901426305,WLS,35,0.0028557449466900878
5,UPFC_tse,5-15,-2.122115342048745,57,-2.1859856780255793,WLS,35,0.06387033597683445
0,x_tcsc,1-14,-0.10518528733376724,58,-0.10518846218144336,WLS,35,3.1748476761184197e-06
1,B_svc,2,0.17326431007926163,58,0.17337910879413151,WLS,35,0.0001147987148698848
2,UPFC_Vsh,5-15,1.1115789663030102,58,1.107835439290343,WLS,35,0.003743527012667336
3,UPFC_tsh,5-15,-0.23716286633643002,58,-0.23742095806497576,WLS,35,0.0002580917285457396
4,UPFC_Vse,5-15,0.0581296374332332,58,0.06165077901426305,WLS,35,0.0035211415810298546
5,UPFC_tse,5-15,-2.123897793041547,58,-2.1859856780255793,WLS,35,0.06208788498403228
0,x_tcsc,1-14,-0.10518172206361967,59,-0.10518846218144336,WLS,35,6.740117823686442e-06
1,B_svc,2,0.17338851943742248,59,0.17337910879413151,WLS,35,9.410643290963527e-06
2,UPFC_Vsh,5-15,1.1115763540324084,59,1.107835439290343,WLS,35,0.0037409147420655042
3,UPFC_tsh,5-15,-0.23716792011493318,59,-0.23742095806497576,WLS,35,0.0002530379500425839
4,UPFC_Vse,5-15,0.05889004941500337,59,0.06165077901426305,WLS,35,0.00276072959925968
5,UPFC_tse,5-15,-2.1193646764896164,59,-2.1859856780255793,WLS,35,0.06662100153596295
0,x_tcsc,1-14,-0.10517420234557129,60,-0.10518846218144336,WLS,35,1.4259835872068582e-05
1,B_svc,2,0.1735708323148451,60,0.17337910879413151,WLS,35,0.00019172352071358811
2,UPFC_Vsh,5-15,1.1119737629436028,60,1.107835439290343,WLS,35,0.0041383236532599454
3,UPFC_tsh,5-15,-0.23715731084579197,60,-0.23742095806497576,WLS,35,0.000263647219183788
4,UPFC_Vse,5-15,0.05877501800999486,60,0.06165077901426305,WLS,35,0.0028757610042681944
5,UPFC_tse,5-15,-2.1201986016396694,60,-2.1859856780255793,WLS,35,0.06578707638590986
0,x_tcsc,1-14,-0.1051811920952074,61,-0.10518846218144336,WLS,35,7.2700862359526e-06
1,B_svc,2,0.17300469885783337,61,0.17337910879413151,WLS,35,0.00037440993629814234
2,UPFC_Vsh,5-15,1.1120423801507613,61,1.107835439290343,WLS,35,0.0042069408604183955
3,UPFC_tsh,5-15,-0.23717501812068562,61,-0.23742095806497576,WLS,35,0.00024593994429014665
4,UPFC_Vse,5-15,0.05881795433127199,61,0.06165077901426305,WLS,35,0.002832824682991064
5,UPFC_tse,5-15,-2.122923975690474,61,-2.1859856780255793,WLS,35,0.06306170233510544
0,x_tcsc,1-14,-0.10516419896514614,62,-0.10518846218144336,WLS,35,2.4263216297212842e-05
1,B_svc,2,0.17364178333837607,62,0.17337910879413151,WLS,35,0.0002626745442445566
2,UPFC_Vsh,5-15,1.1115405223211565,62,1.107835439290343,WLS,35,0.0037050830308136273
3,UPFC_tsh,5-15,-0.2372336580464098,62,-0.23742095806497576,WLS,35,0.00018730001856595568
4,UPFC_Vse,5-15,0.058803846539143424,62,0.06165077901426305,WLS,35,0.0028469324751196276
5,UPFC_tse,5-15,-2.1231661819464653,62,-2.1859856780255793,WLS,35,0.06281949607911397
0,x_tcsc,1-14,-0.1051732525443296,63,-0.10518846218144336,WLS,35,1.5209637113752783e-05
1,B_svc,2,0.17350401781253913,63,0.17337910879413151,WLS,35,0.00012490901840761515
2,UPFC_Vsh,5-15,1.1119331668972525,63,1.107835439290343,WLS,35,0.004097727606909629
3,UPFC_tsh,5-15,-0.23720265095314488,63,-0.23742095806497576,WLS,35,0.0002183071118308788
4,UPFC_Vse,5-15,0.05855019033809707,63,0.06165077901426305,WLS,35,0.0031005886761659787
5,UPFC_tse,5-15,-2.1240886925212266,63,-2.1859856780255793,WLS,35,0.06189698550435274
0,x_tcsc,1-14,-0.1051809384623914,64,-0.10518846218144336,WLS,35,7.52371905195226e-06
1,B_svc,2,0.17359568610472995,64,0.17337910879413151,WLS,35,0.00021657731059843144
2,UPFC_Vsh,5-15,1.1118563563577324,64,1.107835439290343,WLS,35,0.004020917067389496
3,UPFC_tsh,5-15,-0.237184654646735,64,-0.23742095806497576,WLS,35,0.00023630341824076861
4,UPFC_Vse,5-15,0.05881103660547153,64,0.06165077901426305,WLS,35,0.0028397424087915207
5,UPFC_tse,5-15,-2.125797034639712,64,-2.1859856780255793,WLS,35,0.06018864338586738
0,x_tcsc,1-14,-0.10517537226386948,65,-0.10518846218144336,WLS,35,1.3089917573871901e-05
1,B_svc,2,0.1733083797804771,65,0.17337910879413151,WLS,35,7.072901365440254e-05
2,UPFC_Vsh,5-15,1.1113448952492224,65,1.107835439290343,WLS,35,0.003509455958879526
3,UPFC_tsh,5-15,-0.23727176141525444,65,-0.23742095806497576,WLS,35,0.00014919664972132263
4,UPFC_Vse,5-15,0.05879134701424769,65,0.06165077901426305,WLS,35,0.0028594320000153647
5,UPFC_tse,5-15,-2.1203667429923923,65,-2.1859856780255793,WLS,35,0.06561893503318705
0,x_tcsc,1-14,-0.10517365327047418,66,-0.10518846218144336,WLS,35,1.4808910969180133e-05
1,B_svc,2,0.1736065497027589,66,0.17337910879413151,WLS,35,0.00022744090862739097
2,UPFC_Vsh,5-15,1.1114736511455776,66,1.107835439290343,WLS,35,0.0036382118552347187
3,UPFC_tsh,5-15,-0.23721695416568522,66,-0.23742095806497576,WLS,35,0.00020400389929053908
4,UPFC_Vse,5-15,0.059079551154088715,66,0.06165077901426305,WLS,35,0.002571227860174337
5,UPFC_tse,5-15,-2.120618748096964,66,-2.1859856780255793,WLS,35,0.06536692992861548
0,x_tcsc,1-14,-0.10517632561389709,67,-0.10518846218144336,WLS,35,1.2136567546269794e-05
1,B_svc,2,0.17313939360029362,67,0.17337910879413151,WLS,35,0.00023971519383789164
2,UPFC_Vsh,5-15,1.1116791779161719,67,1.107835439290343,WLS,35,0.003843738625828985
3,UPFC_tsh,5-15,-0.2371617890143954,67,-0.23742095806497576,WLS,35,0.000259169050580349
4,UPFC_Vse,5-15,0.05864849023291052,67,0.06165077901426305,WLS,35,0.00300228878135253
5,UPFC_tse,5-15,-2.124149864718401,67,-2.1859856780255793,WLS,35,0.061835813307178356
0,x_tcsc,1-14,-0.10517275786738046,68,-0.10518846218144336,WLS,35,1.5704314062892077e-05
1,B_svc,2,0.17358552775001265,68,0.17337910879413151,WLS,35,0.000206418955881138
2,UPFC_Vsh,5-15,1.111772486249147,68,1.107835439290343,WLS,35,0.003937046958804036
3,UPFC_tsh,5-15,-0.23714679204889577,68,-0.23742095806497576,WLS,35,0.0002741660160799908
4,UPFC_Vse,5-15,0.058867791599758225,68,0.06165077901426305,WLS,35,0.002782987414504827
5,UPFC_tse,5-15,-2.121943862612455,68,-2.1859856780255793,WLS,35,0.06404181541312415
0,x_tcsc,1-14,-0.10517160842012192,69,-0.10518846218144336,WLS,35,1.685376132143368e-05
1,B_svc,2,0.1740112864218655,69,0.17337910879413151,WLS,35,0.0006321776277339874
2,UPFC_Vsh,5-15,1.1116351752296192,69,1.107835439290343,WLS,35,0.003799735939276294
3,UPFC_tsh,5-15,-0.23720924340415545,69,-0.23742095806497576,WLS,35,0.00021171466082031687
4,UPFC_Vse,5-15,0.058482781614614156,69,0.06165077901426305,WLS,35,0.003167997399648896
5,UPFC_tse,5-15,-2.1218695117204422,69,-2.1859856780255793,WLS,35,0.06411616630513706
0,x_tcsc,1-14,-0.10517750032286638,70,-0.10518846218144336,WLS,35,1.096185857697718e-05
1,B_svc,2,0.17317684494997118,70,0.17337910879413151,WLS,35,0.00020226384416033305
2,UPFC_Vsh,5-15,1.11157735287425,70,1.107835439290343,WLS,35,0.003741913583907186
3,UPFC_tsh,5-15,-0.23720835746530985,70,-0.23742095806497576,WLS,35,0.0002126005996659075
4,UPFC_Vse,5-15,0.05877712260432,70,0.06165077901426305,WLS,35,0.002873656409943054
5,UPFC_tse,5-15,-2.120829475451775,70,-2.1859856780255793,WLS,35,0.06515620257380439
0,x_tcsc,1-14,-0.10517412917717064,71,-0.10518846218144336,WLS,35,1.4333004272712446e-05
1,B_svc,2,0.1733198579205636,71,0.17337910879413151,WLS,35,5.9250873567923135e-05
2,UPFC_Vsh,5-15,1.1114450343978401,71,1.107835439290343,WLS,35,0.0036095951074972543
3,UPFC_tsh,5-15,-0.23724686169931153,71,-0.23742095806497576,WLS,35,0.0001740963656642336
4,UPFC_Vse,5-15,0.058812220570698175,71,0.06165077901426305,WLS,35,0.0028385584435648772
5,UPFC_tse,5-15,-2.122635947840496,71,-2.1859856780255793,WLS,35,0.06334973018508316
0,x_tcsc,1-14,-0.10517856012983894,72,-0.10518846218144336,WLS,35,9.902051604421258e-06
1,B_svc,2,0.1737218597892562,72,0.17337910879413151,WLS,35,0.0003427509951246799
2,UPFC_Vsh,5-15,1.1118850770333124,72,1.107835439290343,WLS,35,0.004049637742969514
3,UPFC_tsh,5-15,-0.23719216821419273,72,-0.23742095806497576,WLS,35,0.00022878985078303438
4,UPFC_Vse,5-15,0.058360167389580705,72,0.06165077901426305,WLS,35,0.0032906116246823464
5,UPFC_tse,5-15,-2.1223651021549323,72,-2.1859856780255793,WLS,35,0.06362057587064696
0,x_tcsc,1-14,-0.10515751965013125,73,-0.10518846218144336,WLS,35,3.094253131211144e-05
1,B_svc,2,0.17358192848528856,73,0.17337910879413151,WLS,35,0.00020281969115704124
2,UPFC_Vsh,5-15,1.111455202483244,73,1.107835439290343,WLS,35,0.0036197631929011376
3,UPFC_tsh,5-15,-0.23725596548950076,73,-0.23742095806497576,WLS,35,0.00016499257547500368
4,UPFC_Vse,5-15,0.058439700389944414,73,0.06165077901426305,WLS,35,0.0032110786243186376
5,UPFC_tse,5-15,-2.1251403561158955,73,-2.1859856780255793,WLS,35,0.060845321909683836
0,x_tcsc,1-14,-0.10517382947568864,74,-0.10518846218144336,WLS,35,1.4632705754719089e-05
1,B_svc,2,0.17356786245937011,74,0.17337910879413151,WLS,35,0.00018875366523860015
2,UPFC_Vsh,5-15,1.112022081472793,74,1.107835439290343,WLS,35,0.004186642182450129
3,UPFC_tsh,5-15,-0.23714798899545328,74,-0.23742095806497576,WLS,35,0.0002729690695224829
4,UPFC_Vse,5-15,0.05865560554684167,74,0.06165077901426305,WLS,35,0.002995173467421383
5,UPFC_tse,5-15,-2.121520571387297,74,-2.1859856780255793,WLS,35,0.06446510663828242
0,x_tcsc,1-14,-0.10518227926631907,75,-0.10518846218144336,WLS,35,6.182915124289257e-06
1,B_svc,2,0.17330588687138357,75,0.17337910879413151,WLS,35,7.322192274794581e-05
2,UPFC_Vsh,5-15,1.111795444358292,75,1.107835439290343,WLS,35,0.003960005067949135
3,UPFC_tsh,5-15,-0.23718796636787476,75,-0.23742095806497576,WLS,35,0.00023299169710100376
4,UPFC_Vse,5-15,0.058688601834519315,75,0.06165077901426305,WLS,35,0.002962177179743737
5,UPFC_tse,5-15,-2.1207731670718197,75,-2.1859856780255793,WLS,35,0.06521251095375957
0,x_tcsc,1-14,-0.10518667021045246,76,-0.10518846218144336,WLS,35,1.7919709908997827e-06
1,B_svc,2,0.17384121480480808,76,0.17337910879413151,WLS,35,0.00046210601067656065
2,UPFC_Vsh,5-15,1.111636998879017,76,1.107835439290343,WLS,35,0.0038015595886740083
3,UPFC_tsh,5-15,-0.2371717476136523,76,-0.23742095806497576,WLS,35,0.00024921045132345054
4,UPFC_Vse,5-15,0.05889141593861354,76,0.06165077901426305,WLS,35,0.0027593630756495152
5,UPFC_tse,5-15,-2.12161230068272,76,-2.1859856780255793,WLS,35,0.06437337734285942
0,x_tcsc,1-14,-0.1051729611330773,77,-0.10518846218144336,WLS,35,1.5501048366062253e-05
1,B_svc,2,0.1735579463182174,77,0.17337910879413151,WLS,35,0.00017883752408587306
2,UPFC_Vsh,5-15,1.111610364728666,77,1.107835439290343,WLS,35,0.003774925438323029
3,UPFC_tsh,5-15,-0.23721129807452426,77,-0.23742095806497576,WLS,35,0.00020965999045149952
4,UPFC_Vse,5-15,0.0587821031963903,77,0.06165077901426305,WLS,35,0.0028686758178727498
5,UPFC_tse,5-15,-2.119069795881958,77,-2.1859856780255793,WLS,35,0.0669158821436211
0,x_tcsc,1-14,-0.10517634517357533,78,-0.10518846218144336,WLS,35,1.2117007868031604e-05
1,B_svc,2,0.1731810852633589,78,0.17337910879413151,WLS,35,0.00019802353077261192
2,UPFC_Vsh,5-15,1.1117412353613596,78,1.107835439290343,WLS,35,0.0039057960710167094
3,UPFC_tsh,5-15,-0.23719785454619702,78,-0.23742095806497576,WLS,35,0.00022310351877874446
4,UPFC_Vse,5-15,0.05881740231309023,78,0.06165077901426305,WLS,35,0.0028333767011728198
5,UPFC_tse,5-15,-2.1228085053216446,78,-2.1859856780255793,WLS,35,0.06317717270393475
0,x_tcsc,1-14,-0.10518051870013942,79,-0.10518846218144336,WLS,35,7.943481303937516e-06
1,B_svc,2,0.17344256390043936,79,0.17337910879413151,WLS,35,6.345510630784146e-05
2,UPFC_Vsh,5-15,1.1117477205512354,79,1.107835439290343,WLS,35,0.003912281260892492
3,UPFC_tsh,5-15,-0.23715719146825798,79,-0.23742095806497576,WLS,35,0.0002637665967177849
4,UPFC_Vse,5-15,0.0583399277042811,79,0.06165077901426305,WLS,35,0.0033108513099819534
5,UPFC_tse,5-15,-2.1219915314831765,79,-2.1859856780255793,WLS,35,0.06399414654240276
0,x_tcsc,1-14,-0.10519120327858394,80,-0.10518846218144336,WLS,35,2.7410971405877893e-06
1,B_svc,2,0.1734834023606469,80,0.17337910879413151,WLS,35,0.00010429356651539545
2,UPFC_Vsh,5-15,1.111533971454362,80,1.107835439290343,WLS,35,0.0036985321640190527
3,UPFC_tsh,5-15,-0.2371935590141559,80,-0.23742095806497576,WLS,35,0.00022739905081986533
4,UPFC_Vse,5-15,0.058784000880303985,80,0.06165077901426305,WLS,35,0.0028667781339590664
5,UPFC_tse,5-15,-2.122954555605324,80,-2.1859856780255793,WLS,35,0.06303112242025533
0,x_tcsc,1-14,-0.10518167597989436,81,-0.10518846218144336,WLS,35,6.786201548994453e-06
1,B_svc,2,0.17339083357478416,81,0.17337910879413151,WLS,35,1.1724780652644373e-05
2,UPFC_Vsh,5-15,1.1115210300852831,81,1.107835439290343,WLS,35,0.003685590794940241
3,UPFC_tsh,5-15,-0.2372100671569146,81,-0.23742095806497576,WLS,35,0.00021089090806117317
4,UPFC_Vse,5-15,0.0582880516836631,81,0.06165077901426305,WLS,35,0.003362727330599953
5,UPFC_tse,5-15,-2.1234540057313027,81,-2.1859856780255793,WLS,35,0.06253167229427659
0,x_tcsc,1-14,-0.10517389069479674,82,-0.10518846218144336,WLS,35,1.4571486646616783e-05
1,B_svc,2,0.17345422664185697,82,0.17337910879413151,WLS,35,7.511784772545882e-05
2,UPFC_Vsh,5-15,1.1116721981720254,82,1.107835439290343,WLS,35,0.003836758881682556
3,UPFC_tsh,5-15,-0.237158016976104,82,-0.23742095806497576,WLS,35,0.0002629410888717598
4,UPFC_Vse,5-15,0.05856711754555769,82,0.06165077901426305,WLS,35,0.0030836614687053607
5,UPFC_tse,5-15,-2.1185552243436128,82,-2.1859856780255793,WLS,35,0.06743045368196654
0,x_tcsc,1-14,-0.10517613529621768,83,-0.10518846218144336,WLS,35,1.2326885225677486e-05
1,B_svc,2,0.17401404667215017,83,0.17337910879413151,WLS,35,0.0006349378780186599
2,UPFC_Vsh,5-15,1.1114474215347192,83,1.107835439290343,WLS,35,0.0036119822443763105
3,UPFC_tsh,5-15,-0.23723971206259306,83,-0.23742095806497576,WLS,35,0.00018124600238270117
4,UPFC_Vse,5-15,0.05882288537460605,83,0.06165077901426305,WLS,35,0.002827893639656999
5,UPFC_tse,5-15,-2.1217362949060163,83,-2.1859856780255793,WLS,35,0.06424938311956296
0,x_tcsc,1-14,-0.1051780553667616,84,-0.10518846218144336,WLS,35,1.0406814681757082e-05
1,B_svc,2,0.17352123709000133,84,0.17337910879413151,WLS,35,0.00014212829586982
2,UPFC_Vsh,5-15,1.111616401591642,84,1.107835439290343,WLS,35,0.0037809623012992066
3,UPFC_tsh,5-15,-0.23719858913275116,84,-0.23742095806497576,WLS,35,0.00022236893222460363
4,UPFC_Vse,5-15,0.05900131790339524,84,0.06165077901426305,WLS,35,0.0026494611108678137
5,UPFC_tse,5-15,-2.1238405237733127,84,-2.1859856780255793,WLS,35,0.06214515425226663
0,x_tcsc,1-14,-0.10517777666748614,85,-0.10518846218144336,WLS,35,1.0685513957220394e-05
1,B_svc,2,0.17345177123608146,85,0.17337910879413151,WLS,35,7.266244194994997e-05
2,UPFC_Vsh,5-15,1.111699829245195,85,1.107835439290343,WLS,35,0.0038643899548520544
3,UPFC_tsh,5-15,-0.23725206903647053,85,-0.23742095806497576,WLS,35,0.00016888902850523135
4,UPFC_Vse,5-15,0.058631543252118994,85,0.06165077901426305,WLS,35,0.0030192357621440583
5,UPFC_tse,5-15,-2.1227929369338256,85,-2.1859856780255793,WLS,35,0.06319274109175366
0,x_tcsc,1-14,-0.10517121202186835,86,-0.10518846218144336,WLS,35,1.7250159575002422e-05
1,B_svc,2,0.17343140093134266,86,0.17337910879413151,WLS,35,5.229213721114068e-05
2,UPFC_Vsh,5-15,1.1115641239483942,86,1.107835439290343,WLS,35,0.0037286846580513178
3,UPFC_tsh,5-15,-0.23721802944247222,86,-0.23742095806497576,WLS,35,0.00020292862250353982
4,UPFC_Vse,5-15,0.05887150836177156,86,0.06165077901426305,WLS,35,0.0027792706524914917
5,UPFC_tse,5-15,-2.122564899328921,86,-2.1859856780255793,WLS,35,0.06342077869665852
0,x_tcsc,1-14,-0.10517778807998732,87,-0.10518846218144336,WLS,35,1.0674101456040197e-05
1,B_svc,2,0.17352684686299782,87,0.17337910879413151,WLS,35,0.0001477380688663099
2,UPFC_Vsh,5-15,1.1117730109610067,87,1.107835439290343,WLS,35,0.003937571670663775
3,UPFC_tsh,5-15,-0.2371028729032111,87,-0.23742095806497576,WLS,35,0.00031808516176465296
4,UPFC_Vse,5-15,0.058276073714956064,87,0.06165077901426305,WLS,35,0.0033747052993069876
5,UPFC_tse,5-15,-2.1221413113828507,87,-2.1859856780255793,WLS,35,0.06384436664272863
0,x_tcsc,1-14,-0.10517207887045472,88,-0.10518846218144336,WLS,35,1.6383310988632438e-05
1,B_svc,2,0.17414024012801207,88,0.17337910879413151,WLS,35,0.0007611313338805603
2,UPFC_Vsh,5-15,1.1117070986439956,88,1.107835439290343,WLS,35,0.0038716593536527455
3,UPFC_tsh,5-15,-0.23718995880921884,88,-0.23742095806497576,WLS,35,0.00023099925575692515
4,UPFC_Vse,5-15,0.05831516409410291,88,0.06165077901426305,WLS,35,0.003335614920160143
5,UPFC_tse,5-15,-2.121027965550265,88,-2.1859856780255793,WLS,35,0.06495771247531446
0,x_tcsc,1-14,-0.1051781953499273,89,-0.10518846218144336,WLS,35,1.0266831516059227e-05
1,B_svc,2,0.17346088868198828,89,0.17337910879413151,WLS,35,8.177988785676438e-05
2,UPFC_Vsh,5-15,1.1118187812130922,89,1.107835439290343,WLS,35,0.003983341922749295
3,UPFC_tsh,5-15,-0.23721947702288523,89,-0.23742095806497576,WLS,35,0.00020148104209052886
4,UPFC_Vse,5-15,0.05830192976045235,89,0.06165077901426305,WLS,35,0.0033488492538107026
5,UPFC_tse,5-15,-2.1228755653786724,89,-2.1859856780255793,WLS,35,0.06311011264690691
0,x_tcsc,1-14,-0.10517397858884385,90,-0.10518846218144336,WLS,35,1.4483592599506823e-05
1,B_svc,2,0.17317179863211732,90,0.17337910879413151,WLS,35,0.00020731016201419594
2,UPFC_Vsh,5-15,1.1112754745326532,90,1.107835439290343,WLS,35,0.003440035242310291
3,UPFC_tsh,5-15,-0.23718920946609326,90,-0.23742095806497576,WLS,35,0.000231748598882503
4,UPFC_Vse,5-15,0.058690206511453444,90,0.06165077901426305,WLS,35,0.002960572502809608
5,UPFC_tse,5-15,-2.119562586727359,90,-2.1859856780255793,WLS,35,0.06642309129822044
0,x_tcsc,1-14,-0.1051784904929783,91,-0.10518846218144336,WLS,35,9.971688465060247e-06
1,B_svc,2,0.1733938740644573,91,0.17337910879413151,WLS,35,1.4765270325789448e-05
2,UPFC_Vsh,5-15,1.1118860323076307,91,1.107835439290343,WLS,35,0.004050593017287829
3,UPFC_tsh,5-15,-0.23716962784155238,91,-0.23742095806497576,WLS,35,0.00025133022342338496
4,UPFC_Vse,5-15,0.058347692740781214,91,0.06165077901426305,WLS,35,0.003303086273481838
5,UPFC_tse,5-15,-2.125359147184254,91,-2.1859856780255793,WLS,35,0.06062653084132519
0,x_tcsc,1-14,-0.10517009714491543,92,-0.10518846218144336,WLS,35,1.836503652792587e-05
1,B_svc,2,0.17342969842423672,92,0.17337910879413151,WLS,35,5.0589630105207783e-05
2,UPFC_Vsh,5-15,1.1115154019119267,92,1.107835439290343,WLS,35,0.0036799626215837655
3,UPFC_tsh,5-15,-0.23714055347793775,92,-0.23742095806497576,WLS,35,0.0002804045870380134
4,UPFC_Vse,5-15,0.059231002838139285,92,0.06165077901426305,WLS,35,0.002419776176123767
5,UPFC_tse,5-15,-2.121972171414062,92,-2.1859856780255793,WLS,35,0.06401350661151728
0,x_tcsc,1-14,-0.10517901752124031,93,-0.10518846218144336,WLS,35,9.444660203042354e-06
1,B_svc,2,0.1732252288490664,93,0.17337910879413151,WLS,35,0.00015387994506510516
2,UPFC_Vsh,5-15,1.111665757886083,93,1.107835439290343,WLS,35,0.003830318595740012
3,UPFC_tsh,5-15,-0.23716243402537313,93,-0.23742095806497576,WLS,35,0.0002585240396026367
4,UPFC_Vse,5-15,0.05920080278564036,93,0.06165077901426305,WLS,35,0.0024499762286226898
5,UPFC_tse,5-15,-2.120166804208093,93,-2.1859856780255793,WLS,35,0.06581887381748652
0,x_tcsc,1-14,-0.10517488538441193,94,-0.10518846218144336,WLS,35,1.3576797031428223e-05
1,B_svc,2,0.173087268140465,94,0.17337910879413151,WLS,35,0.00029184065366652523
2,UPFC_Vsh,5-15,1.1114952477262505,94,1.107835439290343,WLS,35,0.00365980843590763
3,UPFC_tsh,5-15,-0.2372096171950036,94,-0.23742095806497576,WLS,35,0.00021134086997215418
4,UPFC_Vse,5-15,0.05812596743076324,94,0.06165077901426305,WLS,35,0.0035248115834998137
5,UPFC_tse,5-15,-2.1220524971415475,94,-2.1859856780255793,WLS,35,0.06393318088403177
0,x_tcsc,1-14,-0.10516449086258914,95,-0.10518846218144336,WLS,35,2.3971318854218437e-05
1,B_svc,2,0.17352666459609603,95,0.17337910879413151,WLS,35,0.00014755580196451623
2,UPFC_Vsh,5-15,1.1115130148033368,95,1.107835439290343,WLS,35,0.003677575512993858
3,UPFC_tsh,5-15,-0.23717770827964205,95,-0.23742095806497576,WLS,35,0.00024324978533371566
4,UPFC_Vse,5-15,0.05914959175267836,95,0.06165077901426305,WLS,35,0.0025011872615846933
5,UPFC_tse,5-15,-2.122379176721405,95,-2.1859856780255793,WLS,35,0.06360650130417422
0,x_tcsc,1-14,-0.10517512047450384,96,-0.10518846218144336,WLS,35,1.3341706939520859e-05
1,B_svc,2,0.172949924918704,96,0.17337910879413151,WLS,35,0.0004291838754275079
2,UPFC_Vsh,5-15,1.1115526415461543,96,1.107835439290343,WLS,35,0.0037172022558114026
3,UPFC_tsh,5-15,-0.23721965306441037,96,-0.23742095806497576,WLS,35,0.0002013050005653938
4,UPFC_Vse,5-15,0.058097489105181414,96,0.06165077901426305,WLS,35,0.0035532899090816375
5,UPFC_tse,5-15,-2.1231801152890593,96,-2.1859856780255793,WLS,35,0.06280556273652005
0,x_tcsc,1-14,-0.10517439627352526,97,-0.10518846218144336,WLS,35,1.4065907918095477e-05
1,B_svc,2,0.17371907296900224,97,0.17337910879413151,WLS,35,0.00033996417487072716
2,UPFC_Vsh,5-15,1.1117888848981916,97,1.107835439290343,WLS,35,0.003953445607848716
3,UPFC_tsh,5-15,-0.23716401473006998,97,-0.23742095806497576,WLS,35,0.00025694333490577925
4,UPFC_Vse,5-15,0.05877922609281302,97,0.06165077901426305,WLS,35,0.0028715529214500338
5,UPFC_tse,5-15,-2.121432564062483,97,-2.1859856780255793,WLS,35,0.06455311396309638
0,x_tcsc,1-14,-0.10516619490409224,98,-0.10518846218144336,WLS,35,2.2267277351120662e-05
1,B_svc,2,0.17346215065869164,98,0.17337910879413151,WLS,35,8.304186456012386e-05
2,UPFC_Vsh,5-15,1.111738945871708,98,1.107835439290343,WLS,35,0.0039035065813650682
3,UPFC_tsh,5-15,-0.23718164427245841,98,-0.23742095806497576,WLS,35,0.0002393137925173483
4,UPFC_Vse,5-15,0.05864580634800902,98,0.06165077901426305,WLS,35,0.0030049726662540327
5,UPFC_tse,5-15,-2.1203942022027897,98,-2.1859856780255793,WLS,35,0.06559147582278957
0,x_tcsc,1-14,-0.10517812597404018,99,-0.10518846218144336,WLS,35,1.0336207403177644e-05
1,B_svc,2,0.17371716086879796,99,0.17337910879413151,WLS,35,0.00033805207466644505
2,UPFC_Vsh,5-15,1.111876846168327,99,1.107835439290343,WLS,35,0.004041406877984155
3,UPFC_tsh,5-15,-0.2371435772986275,99,-0.23742095806497576,WLS,35,0.00027738076634825637
4,UPFC_Vse,5-15,0.05921343894257965,99,0.06165077901426305,WLS,35,0.0024373400716833984
5,UPFC_tse,5-15,-2.1247103296908447,99,-2.1859856780255793,WLS,35,0.06127534833473458
0,x_tcsc,1-14,-0.1039941364214228,0,-0.10399206412538203,WLS,37,2.0722960407670854e-06
1,B_svc,2,0.17183452646517805,0,0.17216013355633938,WLS,37,0.000325607091161334
2,UPFC_Vsh,5-15,1.1114639429231645,0,1.1087374027816932,WLS,37,0.002726540141471334
3,UPFC_tsh,5-15,-0.23811729271929094,0,-0.23835974069306037,WLS,37,0.00024244797376943295
4,UPFC_Vse,5-15,0.05869688059874554,0,0.06235649419821321,WLS,37,0.003659613599467669
5,UPFC_tse,5-15,-2.1200847222384076,0,-2.185360136449756,WLS,37,0.06527541421134853
0,x_tcsc,1-14,-0.1039770652449628,1,-0.10399206412538203,WLS,37,1.499888041923969e-05
1,B_svc,2,0.17237339087099787,1,0.17216013355633938,WLS,37,0.00021325731465848818
2,UPFC_Vsh,5-15,1.1115026516554034,1,1.1087374027816932,WLS,37,0.0027652488737102132
3,UPFC_tsh,5-15,-0.23811551381872556,1,-0.23835974069306037,WLS,37,0.00024422687433481305
4,UPFC_Vse,5-15,0.05881459490430484,1,0.06235649419821321,WLS,37,0.003541899293908371
5,UPFC_tse,5-15,-2.1192555925372574,1,-2.185360136449756,WLS,37,0.06610454391249876
0,x_tcsc,1-14,-0.10398417408734029,2,-0.10399206412538203,WLS,37,7.890038041746816e-06
1,B_svc,2,0.17233255996027738,2,0.17216013355633938,WLS,37,0.00017242640393799746
2,UPFC_Vsh,5-15,1.1116395957160017,2,1.1087374027816932,WLS,37,0.0029021929343084896
3,UPFC_tsh,5-15,-0.23820431899731262,2,-0.23835974069306037,WLS,37,0.00015542169574775389
4,UPFC_Vse,5-15,0.058910187318911,2,0.06235649419821321,WLS,37,0.0034463068793022106
5,UPFC_tse,5-15,-2.1218381949847815,2,-2.185360136449756,WLS,37,0.06352194146497459
0,x_tcsc,1-14,-0.10399116236975185,3,-0.10399206412538203,WLS,37,9.017556301810226e-07
1,B_svc,2,0.17144859110266084,3,0.17216013355633938,WLS,37,0.0007115424536785486
2,UPFC_Vsh,5-15,1.1117131342400175,3,1.1087374027816932,WLS,37,0.0029757314583243044
3,UPFC_tsh,5-15,-0.2380846348829326,3,-0.23835974069306037,WLS,37,0.00027510581012776814
4,UPFC_Vse,5-15,0.05865543767891808,3,0.06235649419821321,WLS,37,0.003701056519295129
5,UPFC_tse,5-15,-2.1220812680810544,3,-2.185360136449756,WLS,37,0.06327886836870178
0,x_tcsc,1-14,-0.10399153474167319,4,-0.10399206412538203,WLS,37,5.293837088415909e-07
1,B_svc,2,0.17245622186441328,4,0.17216013355633938,WLS,37,0.00029608830807389963
2,UPFC_Vsh,5-15,1.1116877122043438,4,1.1087374027816932,WLS,37,0.002950309422650621
3,UPFC_tsh,5-15,-0.2381700005044171,4,-0.23835974069306037,WLS,37,0.00018974018864326148
4,UPFC_Vse,5-15,0.058889028279162176,4,0.06235649419821321,WLS,37,0.0034674659190510326
5,UPFC_tse,5-15,-2.1214249597209522,4,-2.185360136449756,WLS,37,0.06393517672880389
0,x_tcsc,1-14,-0.1039966721952681,5,-0.10399206412538203,WLS,37,4.608069886072319e-06
1,B_svc,2,0.17237770152831133,5,0.17216013355633938,WLS,37,0.00021756797197194921
2,UPFC_Vsh,5-15,1.111587019307018,5,1.1087374027816932,WLS,37,0.002849616525324894
3,UPFC_tsh,5-15,-0.238175316331432,5,-0.23835974069306037,WLS,37,0.0001844243616283825
4,UPFC_Vse,5-15,0.059013852000112166,5,0.06235649419821321,WLS,37,0.0033426421981010424
5,UPFC_tse,5-15,-2.121044539080695,5,-2.185360136449756,WLS,37,0.064315597369061
0,x_tcsc,1-14,-0.10399667944790238,6,-0.10399206412538203,WLS,37,4.615322520343246e-06
1,B_svc,2,0.17205560461770258,6,0.17216013355633938,WLS,37,0.0001045289386367998
2,UPFC_Vsh,5-15,1.1118218243295752,6,1.1087374027816932,WLS,37,0.0030844215478820214
3,UPFC_tsh,5-15,-0.23816461502479327,6,-0.23835974069306037,WLS,37,0.00019512566826709876
4,UPFC_Vse,5-15,0.05896535495075574,6,0.06235649419821321,WLS,37,0.0033911392474574656
5,UPFC_tse,5-15,-2.122811847077079,6,-2.185360136449756,WLS,37,0.06254828937267698
0,x_tcsc,1-14,-0.10398634361089229,7,-0.10399206412538203,WLS,37,5.7205144897432e-06
1,B_svc,2,0.1724550342290455,7,0.17216013355633938,WLS,37,0.00029490067270612763
2,UPFC_Vsh,5-15,1.1117129684841127,7,1.1087374027816932,WLS,37,0.0029755657024195248
3,UPFC_tsh,5-15,-0.23814585759931173,7,-0.23835974069306037,WLS,37,0.00021388309374864578
4,UPFC_Vse,5-15,0.058345388353180136,7,0.06235649419821321,WLS,37,0.004011105845033072
5,UPFC_tse,5-15,-2.1210676224644733,7,-2.185360136449756,WLS,37,0.0642925139852828
0,x_tcsc,1-14,-0.10399026693246201,8,-0.10399206412538203,WLS,37,1.7971929200250036e-06
1,B_svc,2,0.1721738701530151,8,0.17216013355633938,WLS,37,1.3736596675723023e-05
2,UPFC_Vsh,5-15,1.111511807249583,8,1.1087374027816932,WLS,37,0.0027744044678899016
3,UPFC_tsh,5-15,-0.23816172535395785,8,-0.23835974069306037,WLS,37,0.00019801533910251967
4,UPFC_Vse,5-15,0.0587459570825983,8,0.06235649419821321,WLS,37,0.0036105371156149105
5,UPFC_tse,5-15,-2.121401585344146,8,-2.185360136449756,WLS,37,0.06395855110561
0,x_tcsc,1-14,-0.10398219445664708,9,-0.10399206412538203,WLS,37,9.869668734951986e-06
1,B_svc,2,0.1722674872462248,9,0.17216013355633938,WLS,37,0.00010735368988540328
2,UPFC_Vsh,5-15,1.1115462470804318,9,1.1087374027816932,WLS,37,0.002808844298738622
3,UPFC_tsh,5-15,-0.2381866329002357,9,-0.23835974069306037,WLS,37,0.0001731077928246727
4,UPFC_Vse,5-15,0.059189597549333374,9,0.06235649419821321,WLS,37,0.003166896648879834
5,UPFC_tse,5-15,-2.1208231391575088,9,-2.185360136449756,WLS,37,0.06453699729224738
0,x_tcsc,1-14,-0.10398645275898606,10,-0.10399206412538203,WLS,37,5.611366395971706e-06
1,B_svc,2,0.17212655886311684,10,0.17216013355633938,WLS,37,3.357469322254336e-05
2,UPFC_Vsh,5-15,1.1114200200901232,10,1.1087374027816932,WLS,37,0.002682617308430002
3,UPFC_tsh,5-15,-0.23808441081082518,10,-0.23835974069306037,WLS,37,0.0002753298822351924
4,UPFC_Vse,5-15,0.05809757207345957,10,0.06235649419821321,WLS,37,0.004258922124753636
5,UPFC_tse,5-15,-2.120185600124588,10,-2.185360136449756,WLS,37,0.06517453632516812
0,x_tcsc,1-14,-0.10399254964651476,11,-0.10399206412538203,WLS,37,4.855211327287057e-07
1,B_svc,2,0.17217653677141045,11,0.17216013355633938,WLS,37,1.6403215071070232e-05
2,UPFC_Vsh,5-15,1.1114594489001655,11,1.1087374027816932,WLS,37,0.0027220461184722655
3,UPFC_tsh,5-15,-0.23817079270556332,11,-0.23835974069306037,WLS,37,0.00018894798749705122
4,UPFC_Vse,5-15,0.05820197907689884,11,0.06235649419821321,WLS,37,0.004154515121314366
5,UPFC_tse,5-15,-2.12092290812032,11,-2.185360136449756,WLS,37,0.0644372283294361
0,x_tcsc,1-14,-0.10396209972333546,12,-0.10399206412538203,WLS,37,2.9964402046570027e-05
1,B_svc,2,0.17213170134988146,12,0.17216013355633938,WLS,37,2.8432206457928988e-05
2,UPFC_Vsh,5-15,1.1113948602787735,12,1.1087374027816932,WLS,37,0.002657457497080351
3,UPFC_tsh,5-15,-0.23813260978837314,12,-0.23835974069306037,WLS,37,0.00022713090468723385
4,UPFC_Vse,5-15,0.05881836677223986,12,0.06235649419821321,WLS,37,0.003538127425973349
5,UPFC_tse,5-15,-2.1205066087634683,12,-2.185360136449756,WLS,37,0.06485352768628783
0,x_tcsc,1-14,-0.10399452785075439,13,-0.10399206412538203,WLS,37,2.46372537235362e-06
1,B_svc,2,0.17194558388961684,13,0.17216013355633938,WLS,37,0.0002145496667225466
2,UPFC_Vsh,5-15,1.111520070340405,13,1.1087374027816932,WLS,37,0.0027826675587117045
3,UPFC_tsh,5-15,-0.23808699456888577,13,-0.23835974069306037,WLS,37,0.0002727461241746054
4,UPFC_Vse,5-15,0.058449305599582335,13,0.06235649419821321,WLS,37,0.003907188598630873
5,UPFC_tse,5-15,-2.1199496888069764,13,-2.185360136449756,WLS,37,0.0654104476427797
0,x_tcsc,1-14,-0.10398550015889406,14,-0.10399206412538203,WLS,37,6.563966487974082e-06
1,B_svc,2,0.17202366583957293,14,0.17216013355633938,WLS,37,0.00013646771676645297
2,UPFC_Vsh,5-15,1.1114382418403608,14,1.1087374027816932,WLS,37,0.0027008390586675812
3,UPFC_tsh,5-15,-0.23815352238455467,14,-0.23835974069306037,WLS,37,0.00020621830850570122
4,UPFC_Vse,5-15,0.05863313757839437,14,0.06235649419821321,WLS,37,0.003723356619818839
5,UPFC_tse,5-15,-2.1210245836728436,14,-2.185360136449756,WLS,37,0.0643355527769125
0,x_tcsc,1-14,-0.10397862053893887,15,-0.10399206412538203,WLS,37,1.3443586443159794e-05
1,B_svc,2,0.17170473702579328,15,0.17216013355633938,WLS,37,0.00045539653054610385
2,UPFC_Vsh,5-15,1.1114535677013426,15,1.1087374027816932,WLS,37,0.002716164919649433
3,UPFC_tsh,5-15,-0.2381054856486505,15,-0.23835974069306037,WLS,37,0.00025425504440987345
4,UPFC_Vse,5-15,0.05893743999547773,15,0.06235649419821321,WLS,37,0.003419054202735479
5,UPFC_tse,5-15,-2.118436976439244,15,-2.185360136449756,WLS,37,0.06692316001051202
0,x_tcsc,1-14,-0.10398491077103893,16,-0.10399206412538203,WLS,37,7.153354343106266e-06
1,B_svc,2,0.17189830715541804,16,0.17216013355633938,WLS,37,0.00026182640092134446
2,UPFC_Vsh,5-15,1.1113866392481473,16,1.1087374027816932,WLS,37,0.002649236466454097
3,UPFC_tsh,5-15,-0.2381105880961803,16,-0.23835974069306037,WLS,37,0.00024915259688007563
4,UPFC_Vse,5-15,0.05899666107093721,16,0.06235649419821321,WLS,37,0.003359833127275995
5,UPFC_tse,5-15,-2.117022832188519,16,-2.185360136449756,WLS,37,0.06833730426123719
0,x_tcsc,1-14,-0.1039839616909849,17,-0.10399206412538203,WLS,37,8.102434397139202e-06
1,B_svc,2,0.17211833950720265,17,0.17216013355633938,WLS,37,4.1794049136734124e-05
2,UPFC_Vsh,5-15,1.1117314049571636,17,1.1087374027816932,WLS,37,0.0029940021754704116
3,UPFC_tsh,5-15,-0.2381446072850582,17,-0.23835974069306037,WLS,37,0.00021513340800216607
4,UPFC_Vse,5-15,0.0584493468879188,17,0.06235649419821321,WLS,37,0.003907147310294408
5,UPFC_tse,5-15,-2.1255012999689957,17,-2.185360136449756,WLS,37,0.0598588364807604
0,x_tcsc,1-14,-0.10398734413900143,18,-0.10399206412538203,WLS,37,4.719986380602448e-06
1,B_svc,2,0.1719324170969701,18,0.17216013355633938,WLS,37,0.00022771645936928153
2,UPFC_Vsh,5-15,1.1114154070954647,18,1.1087374027816932,WLS,37,0.0026780043137715204
3,UPFC_tsh,5-15,-0.23812008315286023,18,-0.23835974069306037,WLS,37,0.00023965754020013885
4,UPFC_Vse,5-15,0.05921278371336369,18,0.06235649419821321,WLS,37,0.0031437104848495157
5,UPFC_tse,5-15,-2.1215667374558813,18,-2.185360136449756,WLS,37,0.06379339899387482
0,x_tcsc,1-14,-0.10400217437782598,19,-0.10399206412538203,WLS,37,1.0110252443948364e-05
1,B_svc,2,0.1725505136724666,19,0.17216013355633938,WLS,37,0.0003903801161272147
2,UPFC_Vsh,5-15,1.1113155190415032,19,1.1087374027816932,WLS,37,0.0025781162598099705
3,UPFC_tsh,5-15,-0.23813992142512153,19,-0.23835974069306037,WLS,37,0.00021981926793884776
4,UPFC_Vse,5-15,0.058747533119124735,19,0.06235649419821321,WLS,37,0.0036089610790884727
5,UPFC_tse,5-15,-2.121893057360063,19,-2.185360136449756,WLS,37,0.06346707908969318
0,x_tcsc,1-14,-0.10398485889444004,20,-0.10399206412538203,WLS,37,7.2052309419978755e-06
1,B_svc,2,0.17186694871628214,20,0.17216013355633938,WLS,37,0.0002931848400572479
2,UPFC_Vsh,5-15,1.1113146239446345,20,1.1087374027816932,WLS,37,0.0025772211629413455
3,UPFC_tsh,5-15,-0.238204848967316,20,-0.23835974069306037,WLS,37,0.0001548917257443716
4,UPFC_Vse,5-15,0.0588775030794805,20,0.06235649419821321,WLS,37,0.003478991118732705
5,UPFC_tse,5-15,-2.1220474582589457,20,-2.185360136449756,WLS,37,0.06331267819081043
0,x_tcsc,1-14,-0.10396546904586088,21,-0.10399206412538203,WLS,37,2.6595079521157805e-05
1,B_svc,2,0.17258929142753568,21,0.17216013355633938,WLS,37,0.0004291578711962951
2,UPFC_Vsh,5-15,1.1112495273456595,21,1.1087374027816932,WLS,37,0.0025121245639663226
3,UPFC_tsh,5-15,-0.23818301641151127,21,-0.23835974069306037,WLS,37,0.00017672428154910658
4,UPFC_Vse,5-15,0.059343824252148396,21,0.06235649419821321,WLS,37,0.0030126699460648124
5,UPFC_tse,5-15,-2.1202411341289307,21,-2.185360136449756,WLS,37,0.06511900232082546
0,x_tcsc,1-14,-0.103977771983186,22,-0.10399206412538203,WLS,37,1.429214219603181e-05
1,B_svc,2,0.17249930330955415,22,0.17216013355633938,WLS,37,0.0003391697532147686
2,UPFC_Vsh,5-15,1.1117507470630899,22,1.1087374027816932,WLS,37,0.003013344281396657
3,UPFC_tsh,5-15,-0.2381113180000726,22,-0.23835974069306037,WLS,37,0.0002484226929877764
4,UPFC_Vse,5-15,0.05886858396519621,22,0.06235649419821321,WLS,37,0.0034879102330169984
5,UPFC_tse,5-15,-2.118636409836172,22,-2.185360136449756,WLS,37,0.06672372661358406
0,x_tcsc,1-14,-0.10398832256849322,23,-0.10399206412538203,WLS,37,3.74155688881439e-06
1,B_svc,2,0.17221426386757957,23,0.17216013355633938,WLS,37,5.413031124018586e-05
2,UPFC_Vsh,5-15,1.1114021761471158,23,1.1087374027816932,WLS,37,0.0026647733654225902
3,UPFC_tsh,5-15,-0.2382113372500719,23,-0.23835974069306037,WLS,37,0.00014840344298847064
4,UPFC_Vse,5-15,0.05900225866143682,23,0.06235649419821321,WLS,37,0.0033542355367763912
5,UPFC_tse,5-15,-2.1195173179584845,23,-2.185360136449756,WLS,37,0.0658428184912716
0,x_tcsc,1-14,-0.10398936082898756,24,-0.10399206412538203,WLS,37,2.7032963944711996e-06
1,B_svc,2,0.17183248840720317,24,0.17216013355633938,WLS,37,0.00032764514913621867
2,UPFC_Vsh,5-15,1.112081268231698,24,1.1087374027816932,WLS,37,0.003343865450004868
3,UPFC_tsh,5-15,-0.23815255346708028,24,-0.23835974069306037,WLS,37,0.00020718722598009331
4,UPFC_Vse,5-15,0.05848141968811243,24,0.06235649419821321,WLS,37,0.0038750745101007802
5,UPFC_tse,5-15,-2.12284249868163,24,-2.185360136449756,WLS,37,0.06251763776812602
0,x_tcsc,1-14,-0.10398350692020555,25,-0.10399206412538203,WLS,37,8.557205176479288e-06
1,B_svc,2,0.1722920688614414,25,0.17216013355633938,WLS,37,0.00013193530510202667
2,UPFC_Vsh,5-15,1.1115784804343238,25,1.1087374027816932,WLS,37,0.0028410776526306414
3,UPFC_tsh,5-15,-0.2380749336596852,25,-0.23835974069306037,WLS,37,0.0002848070333751618
4,UPFC_Vse,5-15,0.05848565849417066,25,0.06235649419821321,WLS,37,0.0038708357040425495
5,UPFC_tse,5-15,-2.118553695406409,25,-2.185360136449756,WLS,37,0.06680644104334732
0,x_tcsc,1-14,-0.10398591878204369,26,-0.10399206412538203,WLS,37,6.1453433383429346e-06
1,B_svc,2,0.1725340494776416,26,0.17216013355633938,WLS,37,0.00037391592130220364
2,UPFC_Vsh,5-15,1.111277883017204,26,1.1087374027816932,WLS,37,0.0025404802355109
3,UPFC_tsh,5-15,-0.23813391684654128,26,-0.23835974069306037,WLS,37,0.00022582384651909093
4,UPFC_Vse,5-15,0.05869688721728757,26,0.06235649419821321,WLS,37,0.003659606980925635
5,UPFC_tse,5-15,-2.1179782806160303,26,-2.185360136449756,WLS,37,0.0673818558337258
0,x_tcsc,1-14,-0.10399276163603871,27,-0.10399206412538203,WLS,37,6.97510656677558e-07
1,B_svc,2,0.1719385322178781,27,0.17216013355633938,WLS,37,0.00022160133846127472
2,UPFC_Vsh,5-15,1.1119182997922459,27,1.1087374027816932,WLS,37,0.0031808970105526857
3,UPFC_tsh,5-15,-0.2381034643214412,27,-0.23835974069306037,WLS,37,0.0002562763716191796
4,UPFC_Vse,5-15,0.05854006241845519,27,0.06235649419821321,WLS,37,0.003816431779758017
5,UPFC_tse,5-15,-2.1230798151046555,27,-2.185360136449756,WLS,37,0.06228032134510064
0,x_tcsc,1-14,-0.10399305588684085,28,-0.10399206412538203,WLS,37,9.917614588184076e-07
1,B_svc,2,0.1725166458864621,28,0.17216013355633938,WLS,37,0.0003565123301227102
2,UPFC_Vsh,5-15,1.1117037285315106,28,1.1087374027816932,WLS,37,0.0029663257498173667
3,UPFC_tsh,5-15,-0.23816843426549814,28,-0.23835974069306037,WLS,37,0.0001913064275622378
4,UPFC_Vse,5-15,0.05901625302572127,28,0.06235649419821321,WLS,37,0.003340241172491938
5,UPFC_tse,5-15,-2.1206514718609837,28,-2.185360136449756,WLS,37,0.06470866458877245
0,x_tcsc,1-14,-0.1039929565686233,29,-0.10399206412538203,WLS,37,8.924432412654726e-07
1,B_svc,2,0.17271313156675983,29,0.17216013355633938,WLS,37,0.0005529980104204413
2,UPFC_Vsh,5-15,1.1116040348262877,29,1.1087374027816932,WLS,37,0.002866632044594475
3,UPFC_tsh,5-15,-0.2382141416019602,29,-0.23835974069306037,WLS,37,0.0001455990911001792
4,UPFC_Vse,5-15,0.059064010551710885,29,0.06235649419821321,WLS,37,0.0032924836465023227
5,UPFC_tse,5-15,-2.121220949787989,29,-2.185360136449756,WLS,37,0.06413918666176732
0,x_tcsc,1-14,-0.10397983762769887,30,-0.10399206412538203,WLS,37,1.222649768316264e-05
1,B_svc,2,0.17234568811617101,30,0.17216013355633938,WLS,37,0.00018555455983162994
2,UPFC_Vsh,5-15,1.11181698970604,30,1.1087374027816932,WLS,37,0.0030795869243467333
3,UPFC_tsh,5-15,-0.2381546325724905,30,-0.23835974069306037,WLS,37,0.00020510812056986905
4,UPFC_Vse,5-15,0.05944712230268931,30,0.06235649419821321,WLS,37,0.002909371895523899
5,UPFC_tse,5-15,-2.122632649160591,30,-2.185360136449756,WLS,37,0.06272748728916522
0,x_tcsc,1-14,-0.1039774675249042,31,-0.10399206412538203,WLS,37,1.4596600477839727e-05
1,B_svc,2,0.17246796839565798,31,0.17216013355633938,WLS,37,0.0003078348393185937
2,UPFC_Vsh,5-15,1.11153595754968,31,1.1087374027816932,WLS,37,0.0027985547679867384
3,UPFC_tsh,5-15,-0.23814296800642287,31,-0.23835974069306037,WLS,37,0.00021677268663750082
4,UPFC_Vse,5-15,0.05846269480847917,31,0.06235649419821321,WLS,37,0.00389379938973404
5,UPFC_tse,5-15,-2.121098656431589,31,-2.185360136449756,WLS,37,0.06426148001816712
0,x_tcsc,1-14,-0.10399463792461155,32,-0.10399206412538203,WLS,37,2.5737992295216117e-06
1,B_svc,2,0.17263614283149054,32,0.17216013355633938,WLS,37,0.0004760092751511513
2,UPFC_Vsh,5-15,1.111343901523947,32,1.1087374027816932,WLS,37,0.0026064987422538266
3,UPFC_tsh,5-15,-0.23811116349549763,32,-0.23835974069306037,WLS,37,0.00024857719756274377
4,UPFC_Vse,5-15,0.05829296323433024,32,0.06235649419821321,WLS,37,0.004063530963882969
5,UPFC_tse,5-15,-2.1249925141593766,32,-2.185360136449756,WLS,37,0.06036762229037951
0,x_tcsc,1-14,-0.10399966699325443,33,-0.10399206412538203,WLS,37,7.602867872394392e-06
1,B_svc,2,0.1720347673379409,33,0.17216013355633938,WLS,37,0.0001253662183984816
2,UPFC_Vsh,5-15,1.1116119308723362,33,1.1087374027816932,WLS,37,0.002874528090643036
3,UPFC_tsh,5-15,-0.23806098073949958,33,-0.23835974069306037,WLS,37,0.00029875995356079543
4,UPFC_Vse,5-15,0.058228686706728226,33,0.06235649419821321,WLS,37,0.004127807491484982
5,UPFC_tse,5-15,-2.118810298039556,33,-2.185360136449756,WLS,37,0.06654983841020012
0,x_tcsc,1-14,-0.10398871659740964,34,-0.10399206412538203,WLS,37,3.3475279723887974e-06
1,B_svc,2,0.171900934375131,34,0.17216013355633938,WLS,37,0.00025919918120839713
2,UPFC_Vsh,5-15,1.1115212576370646,34,1.1087374027816932,WLS,37,0.0027838548553713593
3,UPFC_tsh,5-15,-0.23806870314545867,34,-0.23835974069306037,WLS,37,0.00029103754760170797
4,UPFC_Vse,5-15,0.05882588993887068,34,0.06235649419821321,WLS,37,0.0035306042593425263
5,UPFC_tse,5-15,-2.122511759615624,34,-2.185360136449756,WLS,37,0.06284837683413214
0,x_tcsc,1-14,-0.10399356430987025,35,-0.10399206412538203,WLS,37,1.5001844882178705e-06
1,B_svc,2,0.1721352135345396,35,0.17216013355633938,WLS,37,2.49200217997958e-05
2,UPFC_Vsh,5-15,1.1116974197960963,35,1.1087374027816932,WLS,37,0.0029600170144030713
3,UPFC_tsh,5-15,-0.23818791748759147,35,-0.23835974069306037,WLS,37,0.00017182320546890728
4,UPFC_Vse,5-15,0.058901737057612376,35,0.06235649419821321,WLS,37,0.0034547571406008323
5,UPFC_tse,5-15,-2.118782544277483,35,-2.185360136449756,WLS,37,0.0665775921722731
0,x_tcsc,1-14,-0.10398738917729,36,-0.10399206412538203,WLS,37,4.674948092031617e-06
1,B_svc,2,0.17198902582697773,36,0.17216013355633938,WLS,37,0.00017110772936165808
2,UPFC_Vsh,5-15,1.1117547331548758,36,1.1087374027816932,WLS,37,0.003017330373182636
3,UPFC_tsh,5-15,-0.2381129125742756,36,-0.23835974069306037,WLS,37,0.0002468281187847643
4,UPFC_Vse,5-15,0.05869727785260627,36,0.06235649419821321,WLS,37,0.0036592163456069388
5,UPFC_tse,5-15,-2.123919879028214,36,-2.185360136449756,WLS,37,0.06144025742154202
0,x_tcsc,1-14,-0.10398321367280271,37,-0.10399206412538203,WLS,37,8.85045257932593e-06
1,B_svc,2,0.1724168122165758,37,0.17216013355633938,WLS,37,0.0002566786602364035
2,UPFC_Vsh,5-15,1.1115719956317944,37,1.1087374027816932,WLS,37,0.0028345928501012363
3,UPFC_tsh,5-15,-0.23812664599568065,37,-0.23835974069306037,WLS,37,0.00023309469737972655
4,UPFC_Vse,5-15,0.05908854742634717,37,0.06235649419821321,WLS,37,0.003267946771866037
5,UPFC_tse,5-15,-2.122092326430055,37,-2.185360136449756,WLS,37,0.06326781001970128
0,x_tcsc,1-14,-0.1039787590269826,38,-0.10399206412538203,WLS,37,1.3305098399432613e-05
1,B_svc,2,0.17215004901842645,38,0.17216013355633938,WLS,37,1.0084537912929958e-05
2,UPFC_Vsh,5-15,1.112083442549467,38,1.1087374027816932,WLS,37,0.003346039767773812
3,UPFC_tsh,5-15,-0.23809407711882621,38,-0.23835974069306037,WLS,37,0.00026566357423415954
4,UPFC_Vse,5-15,0.05841163973413209,38,0.06235649419821321,WLS,37,0.003944854464081118
5,UPFC_tse,5-15,-2.122037243704955,38,-2.185360136449756,WLS,37,0.06332289274480107
0,x_tcsc,1-14,-0.10397522213724396,39,-0.10399206412538203,WLS,37,1.6841988138074915e-05
1,B_svc,2,0.17222845596685207,39,0.17216013355633938,WLS,37,6.832241051268895e-05
2,UPFC_Vsh,5-15,1.1112997761249315,39,1.1087374027816932,WLS,37,0.002562373343238278
3,UPFC_tsh,5-15,-0.23811029571595577,39,-0.23835974069306037,WLS,37,0.000249444977104607
4,UPFC_Vse,5-15,0.05833789053203873,39,0.06235649419821321,WLS,37,0.004018603666174479
5,UPFC_tse,5-15,-2.1218259918863493,39,-2.185360136449756,WLS,37,0.06353414456340678
0,x_tcsc,1-14,-0.10397998348278772,40,-0.10399206412538203,WLS,37,1.2080642594308744e-05
1,B_svc,2,0.17263407001679257,40,0.17216013355633938,WLS,37,0.0004739364604531837
2,UPFC_Vsh,5-15,1.1119102173823663,40,1.1087374027816932,WLS,37,0.0031728146006730906
3,UPFC_tsh,5-15,-0.23816072680078224,40,-0.23835974069306037,WLS,37,0.00019901389227813815
4,UPFC_Vse,5-15,0.0588886288593492,40,0.06235649419821321,WLS,37,0.003467865338864007
5,UPFC_tse,5-15,-2.122320049618342,40,-2.185360136449756,WLS,37,0.06304008683141404
0,x_tcsc,1-14,-0.10397807904587801,41,-0.10399206412538203,WLS,37,1.3985079504022502e-05
1,B_svc,2,0.1720300203451977,41,0.17216013355633938,WLS,37,0.00013011321114167473
2,UPFC_Vsh,5-15,1.1115389631862083,41,1.1087374027816932,WLS,37,0.002801560404515069
3,UPFC_tsh,5-15,-0.23809200226953975,41,-0.23835974069306037,WLS,37,0.0002677384235206248
4,UPFC_Vse,5-15,0.058416397232300785,41,0.06235649419821321,WLS,37,0.0039400969659124235
5,UPFC_tse,5-15,-2.120721122283019,41,-2.185360136449756,WLS,37,0.06463901416673723
0,x_tcsc,1-14,-0.10397652765038594,42,-0.10399206412538203,WLS,37,1.5536474996094563e-05
1,B_svc,2,0.1723840385344379,42,0.17216013355633938,WLS,37,0.00022390497809851584
2,UPFC_Vsh,5-15,1.111420047744174,42,1.1087374027816932,WLS,37,0.002682644962480829
3,UPFC_tsh,5-15,-0.23820074701968627,42,-0.23835974069306037,WLS,37,0.00015899367337410264
4,UPFC_Vse,5-15,0.058716146074331274,42,0.06235649419821321,WLS,37,0.003640348123881934
5,UPFC_tse,5-15,-2.125398770362647,42,-2.185360136449756,WLS,37,0.059961366087109
0,x_tcsc,1-14,-0.10398685682345968,43,-0.10399206412538203,WLS,37,5.207301922355301e-06
1,B_svc,2,0.1721090650396896,43,0.17216013355633938,WLS,37,5.106851664979373e-05
2,UPFC_Vsh,5-15,1.1115192453530842,43,1.1087374027816932,WLS,37,0.0027818425713910244
3,UPFC_tsh,5-15,-0.23810135955901177,43,-0.23835974069306037,WLS,37,0.0002583811340486075
4,UPFC_Vse,5-15,0.05878182525084154,43,0.06235649419821321,WLS,37,0.0035746689473716703
5,UPFC_tse,5-15,-2.119600092578643,43,-2.185360136449756,WLS,37,0.065760043871113
0,x_tcsc,1-14,-0.10398290239086072,44,-0.10399206412538203,WLS,37,9.161734521312415e-06
1,B_svc,2,0.17231500290905863,44,0.17216013355633938,WLS,37,0.00015486935271924462
2,UPFC_Vsh,5-15,1.1113326877350884,44,1.1087374027816932,WLS,37,0.002595284953395227
3,UPFC_tsh,5-15,-0.2381309687798292,44,-0.23835974069306037,WLS,37,0.00022877191323117385
4,UPFC_Vse,5-15,0.05937660552574635,44,0.06235649419821321,WLS,37,0.00297988867246686
5,UPFC_tse,5-15,-2.1160960890636273,44,-2.185360136449756,WLS,37,0.06926404738612879
0,x_tcsc,1-14,-0.10398732126731967,45,-0.10399206412538203,WLS,37,4.742858062359301e-06
1,B_svc,2,0.17222017801793083,45,0.17216013355633938,WLS,37,6.0044461591440834e-05
2,UPFC_Vsh,5-15,1.1114673832254311,45,1.1087374027816932,WLS,37,0.002729980443737956
3,UPFC_tsh,5-15,-0.2381320258952238,45,-0.23835974069306037,WLS,37,0.00022771479783656456
4,UPFC_Vse,5-15,0.058615641741396135,45,0.06235649419821321,WLS,37,0.003740852456817073
5,UPFC_tse,5-15,-2.1185609613464345,45,-2.185360136449756,WLS,37,0.06679917510332167
0,x_tcsc,1-14,-0.10399419005580032,46,-0.10399206412538203,WLS,37,2.1259304182896788e-06
1,B_svc,2,0.17238923149265373,46,0.17216013355633938,WLS,37,0.00022909793631434305
2,UPFC_Vsh,5-15,1.1115457098299657,46,1.1087374027816932,WLS,37,0.002808307048272507
3,UPFC_tsh,5-15,-0.23814952440374085,46,-0.23835974069306037,WLS,37,0.00021021628931952585
4,UPFC_Vse,5-15,0.058423462408806325,46,0.06235649419821321,WLS,37,0.003933031789406884
5,UPFC_tse,5-15,-2.1201344233378085,46,-2.185360136449756,WLS,37,0.06522571311194758
0,x_tcsc,1-14,-0.10399371638929514,47,-0.10399206412538203,WLS,37,1.652263913104468e-06
1,B_svc,2,0.172058366619352,47,0.17216013355633938,WLS,37,0.00010176693698737971
2,UPFC_Vsh,5-15,1.1117297888216888,47,1.1087374027816932,WLS,37,0.0029923860399956315
3,UPFC_tsh,5-15,-0.23812906514505253,47,-0.23835974069306037,WLS,37,0.00023067554800784706
4,UPFC_Vse,5-15,0.05898083861314573,47,0.06235649419821321,WLS,37,0.003375655585067479
5,UPFC_tse,5-15,-2.121430487273654,47,-2.185360136449756,WLS,37,0.06392964917610211
0,x_tcsc,1-14,-0.10397571794128307,48,-0.10399206412538203,WLS,37,1.6346184098958716e-05
1,B_svc,2,0.17253889601182093,48,0.17216013355633938,WLS,37,0.0003787624554815461
2,UPFC_Vsh,5-15,1.1116591049236562,48,1.1087374027816932,WLS,37,0.0029217021419629674
3,UPFC_tsh,5-15,-0.23813254478076545,48,-0.23835974069306037,WLS,37,0.00022719591229491964
4,UPFC_Vse,5-15,0.05876647745683002,48,0.06235649419821321,WLS,37,0.0035900167413831854
5,UPFC_tse,5-15,-2.1216902924676484,48,-2.185360136449756,WLS,37,0.06366984398210773
0,x_tcsc,1-14,-0.1039873990744792,49,-0.10399206412538203,WLS,37,4.665050902838419e-06
1,B_svc,2,0.17214824450616723,49,0.17216013355633938,WLS,37,1.1889050172159132e-05
2,UPFC_Vsh,5-15,1.1117960891941736,49,1.1087374027816932,WLS,37,0.003058686412480416
3,UPFC_tsh,5-15,-0.2381080330000704,49,-0.23835974069306037,WLS,37,0.0002517076929899609
4,UPFC_Vse,5-15,0.05845720067348334,49,0.06235649419821321,WLS,37,0.003899293524729869
5,UPFC_tse,5-15,-2.1206716412183044,49,-2.185360136449756,WLS,37,0.0646884952314517
0,x_tcsc,1-14,-0.10397675947106723,50,-0.10399206412538203,WLS,37,1.5304654314804433e-05
1,B_svc,2,0.17202884817603736,50,0.17216013355633938,WLS,37,0.00013128538030202086
2,UPFC_Vsh,5-15,1.111422989543992,50,1.1087374027816932,WLS,37,0.0026855867622987972
3,UPFC_tsh,5-15,-0.23815269128497232,50,-0.23835974069306037,WLS,37,0.00020704940808805028
4,UPFC_Vse,5-15,0.05885752802766938,50,0.06235649419821321,WLS,37,0.0034989661705438282
5,UPFC_tse,5-15,-2.121024193308056,50,-2.185360136449756,WLS,37,0.0643359431417001
0,x_tcsc,1-14,-0.10398924479816392,51,-0.10399206412538203,WLS,37,2.819327218114842e-06
1,B_svc,2,0.17250330437417224,51,0.17216013355633938,WLS,37,0.00034317081783286074
2,UPFC_Vsh,5-15,1.1116994499034514,51,1.1087374027816932,WLS,37,0.0029620471217581823
3,UPFC_tsh,5-15,-0.23814317308266844,51,-0.23835974069306037,WLS,37,0.00021656761039193229
4,UPFC_Vse,5-15,0.058858047298341785,51,0.06235649419821321,WLS,37,0.0034984468998714227
5,UPFC_tse,5-15,-2.120931601916003,51,-2.185360136449756,WLS,37,0.06442853453375319
0,x_tcsc,1-14,-0.10398771061491834,52,-0.10399206412538203,WLS,37,4.353510463697696e-06
1,B_svc,2,0.17232664293218333,52,0.17216013355633938,WLS,37,0.00016650937584394843
2,UPFC_Vsh,5-15,1.1114246162311747,52,1.1087374027816932,WLS,37,0.002687213449481529
3,UPFC_tsh,5-15,-0.23809416713320977,52,-0.23835974069306037,WLS,37,0.0002655735598506015
4,UPFC_Vse,5-15,0.0587190713937119,52,0.06235649419821321,WLS,37,0.003637422804501307
5,UPFC_tse,5-15,-2.1198902448824914,52,-2.185360136449756,WLS,37,0.06546989156726468
0,x_tcsc,1-14,-0.1039790953939102,53,-0.10399206412538203,WLS,37,1.2968731471829642e-05
1,B_svc,2,0.17197904550735799,53,0.17216013355633938,WLS,37,0.00018108804898139819
2,UPFC_Vsh,5-15,1.1113215381480008,53,1.1087374027816932,WLS,37,0.0025841353663076383
3,UPFC_tsh,5-15,-0.23816315064167212,53,-0.23835974069306037,WLS,37,0.00019659005138825125
4,UPFC_Vse,5-15,0.058421145734736446,53,0.06235649419821321,WLS,37,0.003935348463476762
5,UPFC_tse,5-15,-2.1233705258999707,53,-2.185360136449756,WLS,37,0.06198961054978547
0,x_tcsc,1-14,-0.10398638705717377,54,-0.10399206412538203,WLS,37,5.677068208267966e-06
1,B_svc,2,0.17282524923049614,54,0.17216013355633938,WLS,37,0.0006651156741567521
2,UPFC_Vsh,5-15,1.1119405262912063,54,1.1087374027816932,WLS,37,0.0032031235095131283
3,UPFC_tsh,5-15,-0.2381392280019463,54,-0.23835974069306037,WLS,37,0.0002205126911140609
4,UPFC_Vse,5-15,0.058400575742435616,54,0.06235649419821321,WLS,37,0.003955918455777592
5,UPFC_tse,5-15,-2.12170454947361,54,-2.185360136449756,WLS,37,0.06365558697614615
0,x_tcsc,1-14,-0.1039897218088342,55,-0.10399206412538203,WLS,37,2.342316547832013e-06
1,B_svc,2,0.17207639408179382,55,0.17216013355633938,WLS,37,8.373947454556885e-05
2,UPFC_Vsh,5-15,1.1117287190459473,55,1.1087374027816932,WLS,37,0.0029913162642540847
3,UPFC_tsh,5-15,-0.23811920200482425,55,-0.23835974069306037,WLS,37,0.00024053868823611935
4,UPFC_Vse,5-15,0.05896570527419056,55,0.06235649419821321,WLS,37,0.003390788924022649
5,UPFC_tse,5-15,-2.1192543569828173,55,-2.185360136449756,WLS,37,0.06610577946693885
0,x_tcsc,1-14,-0.10398178358838618,56,-0.10399206412538203,WLS,37,1.0280536995851963e-05
1,B_svc,2,0.1725350291957361,56,0.17216013355633938,WLS,37,0.0003748956393967162
2,UPFC_Vsh,5-15,1.1116741511899533,56,1.1087374027816932,WLS,37,0.0029367484082600814
3,UPFC_tsh,5-15,-0.23814744904359017,56,-0.23835974069306037,WLS,37,0.00021229164947020318
4,UPFC_Vse,5-15,0.0585919396631336,56,0.06235649419821321,WLS,37,0.003764554535079609
5,UPFC_tse,5-15,-2.1184509112483174,56,-2.185360136449756,WLS,37,0.06690922520143872
0,x_tcsc,1-14,-0.10396908666220157,57,-0.10399206412538203,WLS,37,2.297746318045968e-05
1,B_svc,2,0.17201484361747865,57,0.17216013355633938,WLS,37,0.00014528993886073205
2,UPFC_Vsh,5-15,1.1115011502262244,57,1.1087374027816932,WLS,37,0.0027637474445312282
3,UPFC_tsh,5-15,-0.23814158589965762,57,-0.23835974069306037,WLS,37,0.00021815479340275834
4,UPFC_Vse,5-15,0.05904040638390274,57,0.06235649419821321,WLS,37,0.0033160878143104686
5,UPFC_tse,5-15,-2.1205792014433213,57,-2.185360136449756,WLS,37,0.06478093500643478
0,x_tcsc,1-14,-0.1039994701702356,58,-0.10399206412538203,WLS,37,7.406044853566773e-06
1,B_svc,2,0.17208666864999694,58,0.17216013355633938,WLS,37,7.346490634244085e-05
2,UPFC_Vsh,5-15,1.1117762845532329,58,1.1087374027816932,WLS,37,0.0030388817715396588
3,UPFC_tsh,5-15,-0.23812414197637702,58,-0.23835974069306037,WLS,37,0.00023559871668335508
4,UPFC_Vse,5-15,0.058171621780092435,58,0.06235649419821321,WLS,37,0.004184872418120773
5,UPFC_tse,5-15,-2.1214841206052673,58,-2.185360136449756,WLS,37,0.06387601584448888
0,x_tcsc,1-14,-0.10398815030372291,59,-0.10399206412538203,WLS,37,3.913821659123906e-06
1,B_svc,2,0.17205152235725077,59,0.17216013355633938,WLS,37,0.00010861119908861516
2,UPFC_Vsh,5-15,1.1115828154772318,59,1.1087374027816932,WLS,37,0.0028454126955386183
3,UPFC_tsh,5-15,-0.23812865732760913,59,-0.23835974069306037,WLS,37,0.00023108336545124564
4,UPFC_Vse,5-15,0.05900949951633701,59,0.06235649419821321,WLS,37,0.0033469946818762003
5,UPFC_tse,5-15,-2.1177248301260057,59,-2.185360136449756,WLS,37,0.06763530632375048
0,x_tcsc,1-14,-0.10397893610338195,60,-0.10399206412538203,WLS,37,1.312802200008345e-05
1,B_svc,2,0.17225357990027057,60,0.17216013355633938,WLS,37,9.344634393118612e-05
2,UPFC_Vsh,5-15,1.1118137798861503,60,1.1087374027816932,WLS,37,0.003076377104457073
3,UPFC_tsh,5-15,-0.23817066594781025,60,-0.23835974069306037,WLS,37,0.0001890747452501229
4,UPFC_Vse,5-15,0.05899289931373316,60,0.06235649419821321,WLS,37,0.0033635948844800492
5,UPFC_tse,5-15,-2.118400926170628,60,-2.185360136449756,WLS,37,0.0669592102791281
0,x_tcsc,1-14,-0.10399674528999903,61,-0.10399206412538203,WLS,37,4.681164616993083e-06
1,B_svc,2,0.1718594211065707,61,0.17216013355633938,WLS,37,0.0003007124497686753
2,UPFC_Vsh,5-15,1.111697402661045,61,1.1087374027816932,WLS,37,0.0029599998793519156
3,UPFC_tsh,5-15,-0.23811992048675498,61,-0.23835974069306037,WLS,37,0.00023982020630539114
4,UPFC_Vse,5-15,0.058956823579215584,61,0.06235649419821321,WLS,37,0.0033996706189976245
5,UPFC_tse,5-15,-2.121540879379298,61,-2.185360136449756,WLS,37,0.06381925707045832
0,x_tcsc,1-14,-0.10398207904658309,62,-0.10399206412538203,WLS,37,9.985078798943614e-06
1,B_svc,2,0.1723704763798917,62,0.17216013355633938,WLS,37,0.00021034282355231193
2,UPFC_Vsh,5-15,1.1112058508101903,62,1.1087374027816932,WLS,37,0.0024684480284971055
3,UPFC_tsh,5-15,-0.23817867402595563,62,-0.23835974069306037,WLS,37,0.00018106666710474006
4,UPFC_Vse,5-15,0.05905473516005944,62,0.06235649419821321,WLS,37,0.003301759038153766
5,UPFC_tse,5-15,-2.121692395811151,62,-2.185360136449756,WLS,37,0.06366774063860525
0,x_tcsc,1-14,-0.1039802257663374,63,-0.10399206412538203,WLS,37,1.1838359044627489e-05
1,B_svc,2,0.17227536302533902,63,0.17216013355633938,WLS,37,0.00011522946899963915
2,UPFC_Vsh,5-15,1.1117444706741921,63,1.1087374027816932,WLS,37,0.003007067892498938
3,UPFC_tsh,5-15,-0.23807330037402952,63,-0.23835974069306037,WLS,37,0.0002864403190308562
4,UPFC_Vse,5-15,0.058575853112531336,63,0.06235649419821321,WLS,37,0.0037806410856818726
5,UPFC_tse,5-15,-2.1221790077142235,63,-2.185360136449756,WLS,37,0.06318112873553261
0,x_tcsc,1-14,-0.10399589860625273,64,-0.10399206412538203,WLS,37,3.834480870698598e-06
1,B_svc,2,0.17236270771080633,64,0.17216013355633938,WLS,37,0.00020257415446695015
2,UPFC_Vsh,5-15,1.1117079925074056,64,1.1087374027816932,WLS,37,0.0029705897257124025
3,UPFC_tsh,5-15,-0.23816561608129833,64,-0.23835974069306037,WLS,37,0.00019412461176204765
4,UPFC_Vse,5-15,0.059015014720036736,64,0.06235649419821321,WLS,37,0.003341479478176472
5,UPFC_tse,5-15,-2.124194716959267,64,-2.185360136449756,WLS,37,0.061165419490488926
0,x_tcsc,1-14,-0.10399655135876211,65,-0.10399206412538203,WLS,37,4.487233380076616e-06
1,B_svc,2,0.17206180833737766,65,0.17216013355633938,WLS,37,9.832521896172008e-05
2,UPFC_Vsh,5-15,1.1114786869283102,65,1.1087374027816932,WLS,37,0.002741284146617007
3,UPFC_tsh,5-15,-0.23810359759934702,65,-0.23835974069306037,WLS,37,0.00025614309371335686
4,UPFC_Vse,5-15,0.05871523665465074,65,0.06235649419821321,WLS,37,0.0036412575435624678
5,UPFC_tse,5-15,-2.1187893757771503,65,-2.185360136449756,WLS,37,0.06657076067260581
0,x_tcsc,1-14,-0.10398902029019817,66,-0.10399206412538203,WLS,37,3.0438351838607547e-06
1,B_svc,2,0.17235076286825765,66,0.17216013355633938,WLS,37,0.0001906293119182667
2,UPFC_Vsh,5-15,1.1116441882206842,66,1.1087374027816932,WLS,37,0.002906785438991033
3,UPFC_tsh,5-15,-0.23813987554608398,66,-0.23835974069306037,WLS,37,0.00021986514697638904
4,UPFC_Vse,5-15,0.05899757734646827,66,0.06235649419821321,WLS,37,0.003358916851744935
5,UPFC_tse,5-15,-2.1193335662962456,66,-2.185360136449756,WLS,37,0.06602657015351054
0,x_tcsc,1-14,-0.10399209012039722,67,-0.10399206412538203,WLS,37,2.5995015182078696e-08
1,B_svc,2,0.17196325415670716,67,0.17216013355633938,WLS,37,0.00019687939963222711
2,UPFC_Vsh,5-15,1.1114228430984248,67,1.1087374027816932,WLS,37,0.002685440316731569
3,UPFC_tsh,5-15,-0.23818870962074787,67,-0.23835974069306037,WLS,37,0.00017103107231250525
4,UPFC_Vse,5-15,0.05880094340276238,67,0.06235649419821321,WLS,37,0.003555550795450828
5,UPFC_tse,5-15,-2.1230676646178184,67,-2.185360136449756,WLS,37,0.06229247183193776
0,x_tcsc,1-14,-0.10398516314414293,68,-0.10399206412538203,WLS,37,6.900981239107984e-06
1,B_svc,2,0.17235399257326317,68,0.17216013355633938,WLS,37,0.00019385901692378638
2,UPFC_Vsh,5-15,1.1116704826224124,68,1.1087374027816932,WLS,37,0.0029330798407192216
3,UPFC_tsh,5-15,-0.23815975178028564,68,-0.23835974069306037,WLS,37,0.00019998891277472897
4,UPFC_Vse,5-15,0.05906222092846464,68,0.06235649419821321,WLS,37,0.003294273269748571
5,UPFC_tse,5-15,-2.1198564639330915,68,-2.185360136449756,WLS,37,0.06550367251666467
0,x_tcsc,1-14,-0.10399364754950977,69,-0.10399206412538203,WLS,37,1.5834241277323802e-06
1,B_svc,2,0.17272980719741393,69,0.17216013355633938,WLS,37,0.0005696736410745473
2,UPFC_Vsh,5-15,1.111516868191834,69,1.1087374027816932,WLS,37,0.0027794654101407357
3,UPFC_tsh,5-15,-0.23821435582590925,69,-0.23835974069306037,WLS,37,0.00014538486715112708
4,UPFC_Vse,5-15,0.05862882355234283,69,0.06235649419821321,WLS,37,0.0037276706458703804
5,UPFC_tse,5-15,-2.1201341729339807,69,-2.185360136449756,WLS,37,0.06522596351577548
0,x_tcsc,1-14,-0.10399324109234132,70,-0.10399206412538203,WLS,37,1.1769669592820442e-06
1,B_svc,2,0.17177230120470258,70,0.17216013355633938,WLS,37,0.0003878323516368076
2,UPFC_Vsh,5-15,1.1116890997547488,70,1.1087374027816932,WLS,37,0.0029516969730556397
3,UPFC_tsh,5-15,-0.2381303260936439,70,-0.23835974069306037,WLS,37,0.00022941459941647202
4,UPFC_Vse,5-15,0.058853767972567333,70,0.06235649419821321,WLS,37,0.0035027262256458747
5,UPFC_tse,5-15,-2.119459960992056,70,-2.185360136449756,WLS,37,0.0659001754577
0,x_tcsc,1-14,-0.10399454755406995,71,-0.10399206412538203,WLS,37,2.483428687916067e-06
1,B_svc,2,0.17200057926451928,71,0.17216013355633938,WLS,37,0.00015955429182010206
2,UPFC_Vsh,5-15,1.1116649662926565,71,1.1087374027816932,WLS,37,0.002927563510963349
3,UPFC_tsh,5-15,-0.2381373863242245,71,-0.23835974069306037,WLS,37,0.00022235436883588644
4,UPFC_Vse,5-15,0.05886528731175795,71,0.06235649419821321,WLS,37,0.00349120688645526
5,UPFC_tse,5-15,-2.1207677046743205,71,-2.185360136449756,WLS,37,0.06459243177543561
0,x_tcsc,1-14,-0.10398603034867047,72,-0.10399206412538203,WLS,37,6.0337767115586916e-06
1,B_svc,2,0.1724763010423871,72,0.17216013355633938,WLS,37,0.00031616748604770817
2,UPFC_Vsh,5-15,1.111697822432961,72,1.1087374027816932,WLS,37,0.0029604196512678094
3,UPFC_tsh,5-15,-0.23817310213362705,72,-0.23835974069306037,WLS,37,0.00018663855943332197
4,UPFC_Vse,5-15,0.05846827265377112,72,0.06235649419821321,WLS,37,0.003888221544442086
5,UPFC_tse,5-15,-2.1214063506811605,72,-2.185360136449756,WLS,37,0.06395378576859567
0,x_tcsc,1-14,-0.10398394418121087,73,-0.10399206412538203,WLS,37,8.1199441711588e-06
1,B_svc,2,0.1723154203368689,73,0.17216013355633938,WLS,37,0.00015528678052950662
2,UPFC_Vsh,5-15,1.111742734466145,73,1.1087374027816932,WLS,37,0.0030053316844518285
3,UPFC_tsh,5-15,-0.23813554119879832,73,-0.23835974069306037,WLS,37,0.0002241994942620562
4,UPFC_Vse,5-15,0.05850099733541737,73,0.06235649419821321,WLS,37,0.0038554968627958347
5,UPFC_tse,5-15,-2.123359262101218,73,-2.185360136449756,WLS,37,0.06200087434853829
0,x_tcsc,1-14,-0.10397699143388225,74,-0.10399206412538203,WLS,37,1.5072691499778967e-05
1,B_svc,2,0.17236601534701587,74,0.17216013355633938,WLS,37,0.0002058817906764876
2,UPFC_Vsh,5-15,1.1116309483613562,74,1.1087374027816932,WLS,37,0.002893545579663037
3,UPFC_tsh,5-15,-0.23815738692465974,74,-0.23835974069306037,WLS,37,0.00020235376840063712
4,UPFC_Vse,5-15,0.05884003274205158,74,0.06235649419821321,WLS,37,0.003516461456161628
5,UPFC_tse,5-15,-2.1205249380306266,74,-2.185360136449756,WLS,37,0.06483519841912955
0,x_tcsc,1-14,-0.10398801464272582,75,-0.10399206412538203,WLS,37,4.049482656212633e-06
1,B_svc,2,0.1720872099058952,75,0.17216013355633938,WLS,37,7.292365044417326e-05
2,UPFC_Vsh,5-15,1.1117976204030646,75,1.1087374027816932,WLS,37,0.0030602176213714305
3,UPFC_tsh,5-15,-0.2380785388416382,75,-0.23835974069306037,WLS,37,0.0002812018514221637
4,UPFC_Vse,5-15,0.05877449337647277,75,0.06235649419821321,WLS,37,0.0035820008217404414
5,UPFC_tse,5-15,-2.11883251524067,75,-2.185360136449756,WLS,37,0.06652762120908617
0,x_tcsc,1-14,-0.10399483011583717,76,-0.10399206412538203,WLS,37,2.765990455136369e-06
1,B_svc,2,0.17252958507783459,76,0.17216013355633938,WLS,37,0.000369451521495201
2,UPFC_Vsh,5-15,1.1117681551431495,76,1.1087374027816932,WLS,37,0.0030307523614563348
3,UPFC_tsh,5-15,-0.23814812746852662,76,-0.23835974069306037,WLS,37,0.0002116132245337521
4,UPFC_Vse,5-15,0.05901775316987867,76,0.06235649419821321,WLS,37,0.0033387410283345353
5,UPFC_tse,5-15,-2.1200118725344756,76,-2.185360136449756,WLS,37,0.06534826391528048
0,x_tcsc,1-14,-0.1039861276608231,77,-0.10399206412538203,WLS,37,5.936464558931043e-06
1,B_svc,2,0.17234518460182802,77,0.17216013355633938,WLS,37,0.00018505104548863227
2,UPFC_Vsh,5-15,1.1112155611587642,77,1.1087374027816932,WLS,37,0.0024781583770709936
3,UPFC_tsh,5-15,-0.23817151768521638,77,-0.23835974069306037,WLS,37,0.0001882230078439906
4,UPFC_Vse,5-15,0.058837497481373735,77,0.06235649419821321,WLS,37,0.003518996716839473
5,UPFC_tse,5-15,-2.1188556202736843,77,-2.185360136449756,WLS,37,0.06650451617607178
0,x_tcsc,1-14,-0.10398716335859894,78,-0.10399206412538203,WLS,37,4.900766783097477e-06
1,B_svc,2,0.17194060894831864,78,0.17216013355633938,WLS,37,0.00021952460802074358
2,UPFC_Vsh,5-15,1.1118237023317783,78,1.1087374027816932,WLS,37,0.003086299550085103
3,UPFC_tsh,5-15,-0.2381342093609975,78,-0.23835974069306037,WLS,37,0.00022553133206287823
4,UPFC_Vse,5-15,0.058717215252088145,78,0.06235649419821321,WLS,37,0.003639278946125063
5,UPFC_tse,5-15,-2.1219903031524057,78,-2.185360136449756,WLS,37,0.06336983329735046
0,x_tcsc,1-14,-0.1039978633129885,79,-0.10399206412538203,WLS,37,5.7991876064728e-06
1,B_svc,2,0.17220937959038848,79,0.17216013355633938,WLS,37,4.924603404909966e-05
2,UPFC_Vsh,5-15,1.1115414164900295,79,1.1087374027816932,WLS,37,0.0028040137083362726
3,UPFC_tsh,5-15,-0.23817388817513832,79,-0.23835974069306037,WLS,37,0.0001858525179220527
4,UPFC_Vse,5-15,0.05854453256163941,79,0.06235649419821321,WLS,37,0.0038119616365737963
5,UPFC_tse,5-15,-2.1210853462142762,79,-2.185360136449756,WLS,37,0.06427479023547988
0,x_tcsc,1-14,-0.10399186880527649,80,-0.10399206412538203,WLS,37,1.9532010554768053e-07
1,B_svc,2,0.1721776670480609,80,0.17216013355633938,WLS,37,1.7533491721510863e-05
2,UPFC_Vsh,5-15,1.1114742681989833,80,1.1087374027816932,WLS,37,0.002736865417290124
3,UPFC_tsh,5-15,-0.23813309964291435,80,-0.23835974069306037,WLS,37,0.00022664105014602587
4,UPFC_Vse,5-15,0.058951883351105766,80,0.06235649419821321,WLS,37,0.003404610847107442
5,UPFC_tse,5-15,-2.121667132858551,80,-2.185360136449756,WLS,37,0.06369300359120533
0,x_tcsc,1-14,-0.10399452445625687,81,-0.10399206412538203,WLS,37,2.4603308748372132e-06
1,B_svc,2,0.1722082041433587,81,0.17216013355633938,WLS,37,4.8070587019305444e-05
2,UPFC_Vsh,5-15,1.1115454389154413,81,1.1087374027816932,WLS,37,0.0028080361337481374
3,UPFC_tsh,5-15,-0.2381285971634555,81,-0.23835974069306037,WLS,37,0.00023114352960487694
4,UPFC_Vse,5-15,0.058359970747481865,81,0.06235649419821321,WLS,37,0.003996523450731343
5,UPFC_tse,5-15,-2.122382019999656,81,-2.185360136449756,WLS,37,0.06297811645009999
0,x_tcsc,1-14,-0.10398455049409468,82,-0.10399206412538203,WLS,37,7.5136312873563815e-06
1,B_svc,2,0.17220034222089337,82,0.17216013355633938,WLS,37,4.02086645539812e-05
2,UPFC_Vsh,5-15,1.1113569768414449,82,1.1087374027816932,WLS,37,0.0026195740597516615
3,UPFC_tsh,5-15,-0.238176567545088,82,-0.23835974069306037,WLS,37,0.00018317314797236528
4,UPFC_Vse,5-15,0.05881499371585084,82,0.06235649419821321,WLS,37,0.0035415004823623683
5,UPFC_tse,5-15,-2.1171532501287182,82,-2.185360136449756,WLS,37,0.06820688632103789
0,x_tcsc,1-14,-0.1039789512408113,83,-0.10399206412538203,WLS,37,1.3112884570731786e-05
1,B_svc,2,0.17255782387447355,83,0.17216013355633938,WLS,37,0.000397690318134164
2,UPFC_Vsh,5-15,1.111655373077497,83,1.1087374027816932,WLS,37,0.0029179702958037623
3,UPFC_tsh,5-15,-0.2381015577147165,83,-0.23835974069306037,WLS,37,0.0002581829783438738
4,UPFC_Vse,5-15,0.0588094629908106,83,0.06235649419821321,WLS,37,0.003547031207402608
5,UPFC_tse,5-15,-2.1205448446479465,83,-2.185360136449756,WLS,37,0.06481529180180967
0,x_tcsc,1-14,-0.10399011937784022,84,-0.10399206412538203,WLS,37,1.9447475418099547e-06
1,B_svc,2,0.17237784753408825,84,0.17216013355633938,WLS,37,0.00021771397774886236
2,UPFC_Vsh,5-15,1.111542560605715,84,1.1087374027816932,WLS,37,0.002805157824021798
3,UPFC_tsh,5-15,-0.2382121977290233,84,-0.23835974069306037,WLS,37,0.0001475429640370729
4,UPFC_Vse,5-15,0.05919363247141771,84,0.06235649419821321,WLS,37,0.0031628617267954948
5,UPFC_tse,5-15,-2.1220805943352974,84,-2.185360136449756,WLS,37,0.06327954211445874
0,x_tcsc,1-14,-0.10398922139803105,85,-0.10399206412538203,WLS,37,2.8427273509878948e-06
1,B_svc,2,0.1721887783310862,85,0.17216013355633938,WLS,37,2.8644774746816593e-05
2,UPFC_Vsh,5-15,1.1116689712775747,85,1.1087374027816932,WLS,37,0.002931568495881498
3,UPFC_tsh,5-15,-0.2381860109442165,85,-0.23835974069306037,WLS,37,0.00017372974884388714
4,UPFC_Vse,5-15,0.058717332730672075,85,0.06235649419821321,WLS,37,0.0036391614675411327
5,UPFC_tse,5-15,-2.1212147122762297,85,-2.185360136449756,WLS,37,0.06414542417352642
0,x_tcsc,1-14,-0.10398078255112841,86,-0.10399206412538203,WLS,37,1.1281574253618754e-05
1,B_svc,2,0.1722716654753515,86,0.17216013355633938,WLS,37,0.00011153191901211446
2,UPFC_Vsh,5-15,1.111498284953532,86,1.1087374027816932,WLS,37,0.0027608821718387855
3,UPFC_tsh,5-15,-0.23823235920066552,86,-0.23835974069306037,WLS,37,0.00012738149239485685
4,UPFC_Vse,5-15,0.059233176379549585,86,0.06235649419821321,WLS,37,0.0031233178186636235
5,UPFC_tse,5-15,-2.120530330079333,86,-2.185360136449756,WLS,37,0.06482980637042335
0,x_tcsc,1-14,-0.10397364839178376,87,-0.10399206412538203,WLS,37,1.84157335982732e-05
1,B_svc,2,0.17233048035903212,87,0.17216013355633938,WLS,37,0.0001703468026927335
2,UPFC_Vsh,5-15,1.1115476209233663,87,1.1087374027816932,WLS,37,0.0028102181416731487
3,UPFC_tsh,5-15,-0.23817132708505773,87,-0.23835974069306037,WLS,37,0.00018841360800264662
4,UPFC_Vse,5-15,0.058411781489778034,87,0.06235649419821321,WLS,37,0.003944712708435175
5,UPFC_tse,5-15,-2.1206126570002173,87,-2.185360136449756,WLS,37,0.06474747944953885
0,x_tcsc,1-14,-0.10398818857947327,88,-0.10399206412538203,WLS,37,3.875545908763045e-06
1,B_svc,2,0.17290824523944645,88,0.17216013355633938,WLS,37,0.0007481116831070667
2,UPFC_Vsh,5-15,1.1111147793969185,88,1.1087374027816932,WLS,37,0.0023773766152253017
3,UPFC_tsh,5-15,-0.23814590714759193,88,-0.23835974069306037,WLS,37,0.0002138335454684448
4,UPFC_Vse,5-15,0.05866016851256542,88,0.06235649419821321,WLS,37,0.003696325685647789
5,UPFC_tse,5-15,-2.1191583041520277,88,-2.185360136449756,WLS,37,0.06620183229772847
0,x_tcsc,1-14,-0.10398230928231522,89,-0.10399206412538203,WLS,37,9.754843066811514e-06
1,B_svc,2,0.17214866122810157,89,0.17216013355633938,WLS,37,1.1472328237810414e-05
2,UPFC_Vsh,5-15,1.111213462772408,89,1.1087374027816932,WLS,37,0.002476059990714763
3,UPFC_tsh,5-15,-0.23822889139534398,89,-0.23835974069306037,WLS,37,0.00013084929771639553
4,UPFC_Vse,5-15,0.05874583659614473,89,0.06235649419821321,WLS,37,0.0036106576020684747
5,UPFC_tse,5-15,-2.1209275203898867,89,-2.185360136449756,WLS,37,0.06443261605986939
0,x_tcsc,1-14,-0.10399680821219288,90,-0.10399206412538203,WLS,37,4.744086810851145e-06
1,B_svc,2,0.1718315447235737,90,0.17216013355633938,WLS,37,0.0003285888327656805
2,UPFC_Vsh,5-15,1.1114727868803036,90,1.1087374027816932,WLS,37,0.002735384098610405
3,UPFC_tsh,5-15,-0.23815438360305644,90,-0.23835974069306037,WLS,37,0.0002053570900039381
4,UPFC_Vse,5-15,0.05875011844018166,90,0.06235649419821321,WLS,37,0.003606375758031549
5,UPFC_tse,5-15,-2.118038108457805,90,-2.185360136449756,WLS,37,0.0673220279919513
0,x_tcsc,1-14,-0.10399691101769737,91,-0.10399206412538203,WLS,37,4.846892315335527e-06
1,B_svc,2,0.1720583477267763,91,0.17216013355633938,WLS,37,0.00010178582956307802
2,UPFC_Vsh,5-15,1.111639868267427,91,1.1087374027816932,WLS,37,0.0029024654857336962
3,UPFC_tsh,5-15,-0.238147498584008,91,-0.23835974069306037,WLS,37,0.0002122421090523796
4,UPFC_Vse,5-15,0.05864861558650259,91,0.06235649419821321,WLS,37,0.0037078786117106174
5,UPFC_tse,5-15,-2.1235447752694725,91,-2.185360136449756,WLS,37,0.061815361180283634
0,x_tcsc,1-14,-0.103997177454792,92,-0.10399206412538203,WLS,37,5.113329409972556e-06
1,B_svc,2,0.1722283202751082,92,0.17216013355633938,WLS,37,6.81867187688201e-05
2,UPFC_Vsh,5-15,1.1114432249997925,92,1.1087374027816932,WLS,37,0.0027058222180993408
3,UPFC_tsh,5-15,-0.23814592234760784,92,-0.23835974069306037,WLS,37,0.0002138183454525322
4,UPFC_Vse,5-15,0.05938524517090804,92,0.06235649419821321,WLS,37,0.0029712490273051673
5,UPFC_tse,5-15,-2.120159891899809,92,-2.185360136449756,WLS,37,0.06520024454994733
0,x_tcsc,1-14,-0.10399640148874287,93,-0.10399206412538203,WLS,37,4.337363360834567e-06
1,B_svc,2,0.17194367721363207,93,0.17216013355633938,WLS,37,0.00021645634270731073
2,UPFC_Vsh,5-15,1.1114177069091575,93,1.1087374027816932,WLS,37,0.002680304127464339
3,UPFC_tsh,5-15,-0.2382085423225034,93,-0.23835974069306037,WLS,37,0.00015119837055696528
4,UPFC_Vse,5-15,0.05941503132736545,93,0.06235649419821321,WLS,37,0.002941462870847761
5,UPFC_tse,5-15,-2.119097213568634,93,-2.185360136449756,WLS,37,0.06626292288112223
0,x_tcsc,1-14,-0.10397787474153074,94,-0.10399206412538203,WLS,37,1.4189383851295756e-05
1,B_svc,2,0.17192571883289792,94,0.17216013355633938,WLS,37,0.00023441472344146175
2,UPFC_Vsh,5-15,1.111234721464652,94,1.1087374027816932,WLS,37,0.0024973186829588823
3,UPFC_tsh,5-15,-0.23817271862441053,94,-0.23835974069306037,WLS,37,0.00018702206864984472
4,UPFC_Vse,5-15,0.05844398280250749,94,0.06235649419821321,WLS,37,0.003912511395705719
5,UPFC_tse,5-15,-2.120624943156494,94,-2.185360136449756,WLS,37,0.06473519329326205
0,x_tcsc,1-14,-0.10398679180411649,95,-0.10399206412538203,WLS,37,5.272321265542557e-06
1,B_svc,2,0.172223694110407,95,0.17216013355633938,WLS,37,6.35605540676154e-05
2,UPFC_Vsh,5-15,1.1115755937753826,95,1.1087374027816932,WLS,37,0.0028381909936894267
3,UPFC_tsh,5-15,-0.23810441173759303,95,-0.23835974069306037,WLS,37,0.00025532895546734324
4,UPFC_Vse,5-15,0.059115005465115375,95,0.06235649419821321,WLS,37,0.003241488733097833
5,UPFC_tse,5-15,-2.1212800789895856,95,-2.185360136449756,WLS,37,0.06408005746017054
0,x_tcsc,1-14,-0.10398511271397666,96,-0.10399206412538203,WLS,37,6.951411405373142e-06
1,B_svc,2,0.17160067683497668,96,0.17216013355633938,WLS,37,0.0005594567213627055
2,UPFC_Vsh,5-15,1.1115834531355222,96,1.1087374027816932,WLS,37,0.0028460503538290105
3,UPFC_tsh,5-15,-0.23813860035630496,96,-0.23835974069306037,WLS,37,0.0002211403367554099
4,UPFC_Vse,5-15,0.05820843517839739,96,0.06235649419821321,WLS,37,0.004148059019815818
5,UPFC_tse,5-15,-2.121520250939509,96,-2.185360136449756,WLS,37,0.06383988551024711
0,x_tcsc,1-14,-0.10399182057016917,97,-0.10399206412538203,WLS,37,2.4355521285879256e-07
1,B_svc,2,0.1725214431673417,97,0.17216013355633938,WLS,37,0.0003613096110023084
2,UPFC_Vsh,5-15,1.111665386853149,97,1.1087374027816932,WLS,37,0.0029279840714557803
3,UPFC_tsh,5-15,-0.23816942878833758,97,-0.23835974069306037,WLS,37,0.00019031190472279524
4,UPFC_Vse,5-15,0.0590180955336829,97,0.06235649419821321,WLS,37,0.003338398664530305
5,UPFC_tse,5-15,-2.119712846711524,97,-2.185360136449756,WLS,37,0.0656472897382323
0,x_tcsc,1-14,-0.10398432670722815,98,-0.10399206412538203,WLS,37,7.737418153880293e-06
1,B_svc,2,0.1723000111922161,98,0.17216013355633938,WLS,37,0.00013987763587672286
2,UPFC_Vsh,5-15,1.1113953412207587,98,1.1087374027816932,WLS,37,0.002657938439065477
3,UPFC_tsh,5-15,-0.23811891764495596,98,-0.23835974069306037,WLS,37,0.00024082304810441046
4,UPFC_Vse,5-15,0.05873032342555644,98,0.06235649419821321,WLS,37,0.00362617077265677
5,UPFC_tse,5-15,-2.1196555417392435,98,-2.185360136449756,WLS,37,0.0657045947105126
0,x_tcsc,1-14,-0.10399604225285142,99,-0.10399206412538203,WLS,37,3.978127469383974e-06
1,B_svc,2,0.17247035376417205,99,0.17216013355633938,WLS,37,0.0003102202078326677
2,UPFC_Vsh,5-15,1.1117454193159892,99,1.1087374027816932,WLS,37,0.003008016534296054
3,UPFC_tsh,5-15,-0.23812943872298764,99,-0.23835974069306037,WLS,37,0.00023030197007273268
4,UPFC_Vse,5-15,0.05932928739044519,99,0.06235649419821321,WLS,37,0.0030272068077680167
5,UPFC_tse,5-15,-2.123064789104622,99,-2.185360136449756,WLS,37,0.0622953473451342
0,x_tcsc,1-14,-0.10284093596109653,0,-0.10282084727769869,WLS,39,2.0088683397839757e-05
1,B_svc,2,0.17019098976249314,0,0.17063268182808,WLS,39,0.0004416920655868628
2,UPFC_Vsh,5-15,1.1116034034868305,0,1.1083919092205516,WLS,39,0.0032114942662788692
3,UPFC_tsh,5-15,-0.23878041208558679,0,-0.23894186672585602,WLS,39,0.00016145464026923184
4,UPFC_Vse,5-15,0.059015583369659126,0,0.06353665562006047,WLS,39,0.0045210722504013465
5,UPFC_tse,5-15,-2.1207051422913885,0,-2.1957153499703965,WLS,39,0.07501020767900801
0,x_tcsc,1-14,-0.10282474249806471,1,-0.10282084727769869,WLS,39,3.895220366020857e-06
1,B_svc,2,0.17079043177747558,1,0.17063268182808,WLS,39,0.00015774994939557474
2,UPFC_Vsh,5-15,1.1114124731730128,1,1.1083919092205516,WLS,39,0.003020563952461197
3,UPFC_tsh,5-15,-0.23869300648960018,1,-0.23894186672585602,WLS,39,0.00024886023625583786
4,UPFC_Vse,5-15,0.059044993989685324,1,0.06353665562006047,WLS,39,0.004491661630375149
5,UPFC_tse,5-15,-2.1205436348995574,1,-2.1957153499703965,WLS,39,0.07517171507083908
0,x_tcsc,1-14,-0.10285015772465947,2,-0.10282084727769869,WLS,39,2.9310446960778558e-05
1,B_svc,2,0.17065196875141683,2,0.17063268182808,WLS,39,1.9286923336830908e-05
2,UPFC_Vsh,5-15,1.1116804502412674,2,1.1083919092205516,WLS,39,0.0032885410207157406
3,UPFC_tsh,5-15,-0.23873151445454335,2,-0.23894186672585602,WLS,39,0.00021035227131266376
4,UPFC_Vse,5-15,0.05930463487735467,2,0.06353665562006047,WLS,39,0.004232020742705803
5,UPFC_tse,5-15,-2.122392257829683,2,-2.1957153499703965,WLS,39,0.07332309214071353
0,x_tcsc,1-14,-0.1028373693643653,3,-0.10282084727769869,WLS,39,1.652208666660937e-05
1,B_svc,2,0.169903545962694,3,0.17063268182808,WLS,39,0.0007291358653860047
2,UPFC_Vsh,5-15,1.1116054442645675,3,1.1083919092205516,WLS,39,0.0032135350440158916
3,UPFC_tsh,5-15,-0.2387240436631092,3,-0.23894186672585602,WLS,39,0.00021782306274681362
4,UPFC_Vse,5-15,0.059152236099267216,3,0.06353665562006047,WLS,39,0.004384419520793256
5,UPFC_tse,5-15,-2.122908197355115,3,-2.1957153499703965,WLS,39,0.07280715261528137
0,x_tcsc,1-14,-0.10282718079644936,4,-0.10282084727769869,WLS,39,6.3335187506646795e-06
1,B_svc,2,0.17067433023579134,4,0.17063268182808,WLS,39,4.164840771134215e-05
2,UPFC_Vsh,5-15,1.1116842936565923,4,1.1083919092205516,WLS,39,0.0032923844360406296
3,UPFC_tsh,5-15,-0.2386985633860639,4,-0.23894186672585602,WLS,39,0.00024330333979211138
4,UPFC_Vse,5-15,0.05910717068211798,4,0.06353665562006047,WLS,39,0.004429484937942492
5,UPFC_tse,5-15,-2.1230550766293343,4,-2.1957153499703965,WLS,39,0.07266027334106218
0,x_tcsc,1-14,-0.10284552628565191,5,-0.10282084727769869,WLS,39,2.4679007953221088e-05
1,B_svc,2,0.17055464742075357,5,0.17063268182808,WLS,39,7.803440732642719e-05
2,UPFC_Vsh,5-15,1.1112819583375761,5,1.1083919092205516,WLS,39,0.002890049117024507
3,UPFC_tsh,5-15,-0.2387276155128133,5,-0.23894186672585602,WLS,39,0.000214251213042721
4,UPFC_Vse,5-15,0.059378436043422786,5,0.06353665562006047,WLS,39,0.004158219576637687
5,UPFC_tse,5-15,-2.1217764544896744,5,-2.1957153499703965,WLS,39,0.07393889548072208
0,x_tcsc,1-14,-0.10282635456128941,6,-0.10282084727769869,WLS,39,5.507283590722167e-06
1,B_svc,2,0.17032080907115632,6,0.17063268182808,WLS,39,0.0003118727569236812
2,UPFC_Vsh,5-15,1.1115457311115735,6,1.1083919092205516,WLS,39,0.0031538218910218685
3,UPFC_tsh,5-15,-0.238690673038033,6,-0.23894186672585602,WLS,39,0.00025119368782300366
4,UPFC_Vse,5-15,0.05918035451307393,6,0.06353665562006047,WLS,39,0.0043563011069865445
5,UPFC_tse,5-15,-2.12478974074361,6,-2.1957153499703965,WLS,39,0.0709256092267867
0,x_tcsc,1-14,-0.10283313220803543,7,-0.10282084727769869,WLS,39,1.2284930336739497e-05
1,B_svc,2,0.17079583002846455,7,0.17063268182808,WLS,39,0.00016314820038454414
2,UPFC_Vsh,5-15,1.1112895797860338,7,1.1083919092205516,WLS,39,0.00289767056548218
3,UPFC_tsh,5-15,-0.23874572611482855,7,-0.23894186672585602,WLS,39,0.00019614061102746216
4,UPFC_Vse,5-15,0.058783394194372736,7,0.06353665562006047,WLS,39,0.004753261425687737
5,UPFC_tse,5-15,-2.1219134234098016,7,-2.1957153499703965,WLS,39,0.07380192656059492
0,x_tcsc,1-14,-0.10284717386288632,8,-0.10282084727769869,WLS,39,2.632658518762765e-05
1,B_svc,2,0.17051127853733328,8,0.17063268182808,WLS,39,0.0001214032907467244
2,UPFC_Vsh,5-15,1.111389710882752,8,1.1083919092205516,WLS,39,0.0029978016622003167
3,UPFC_tsh,5-15,-0.23871537420692904,8,-0.23894186672585602,WLS,39,0.00022649251892697952
4,UPFC_Vse,5-15,0.05910121671712332,8,0.06353665562006047,WLS,39,0.0044354389029371555
5,UPFC_tse,5-15,-2.1224210235296974,8,-2.1957153499703965,WLS,39,0.07329432644069911
0,x_tcsc,1-14,-0.10283476980205081,9,-0.10282084727769869,WLS,39,1.3922524352116827e-05
1,B_svc,2,0.1704869677075959,9,0.17063268182808,WLS,39,0.00014571412048411392
2,UPFC_Vsh,5-15,1.1116102295030383,9,1.1083919092205516,WLS,39,0.0032183202824866974
3,UPFC_tsh,5-15,-0.23872340142028328,9,-0.23894186672585602,WLS,39,0.0002184653055727348
4,UPFC_Vse,5-15,0.0594252140229292,9,0.06353665562006047,WLS,39,0.004111441597131275
5,UPFC_tse,5-15,-2.1218802394989997,9,-2.1957153499703965,WLS,39,0.07383511047139679
0,x_tcsc,1-14,-0.1028352632612887,10,-0.10282084727769869,WLS,39,1.4415983590004844e-05
1,B_svc,2,0.17041394271154114,10,0.17063268182808,WLS,39,0.00021873911653885747
2,UPFC_Vsh,5-15,1.1112313088583652,10,1.1083919092205516,WLS,39,0.0028393996378135444
3,UPFC_tsh,5-15,-0.23868495410067161,10,-0.23894186672585602,WLS,39,0.0002569126251844023
4,UPFC_Vse,5-15,0.058554743975486635,10,0.06353665562006047,WLS,39,0.004981911644573837
5,UPFC_tse,5-15,-2.1219395887084964,10,-2.1957153499703965,WLS,39,0.07377576126190011
0,x_tcsc,1-14,-0.10284135836564913,11,-0.10282084727769869,WLS,39,2.0511087950439433e-05
1,B_svc,2,0.1705951116345332,11,0.17063268182808,WLS,39,3.757019354680424e-05
2,UPFC_Vsh,5-15,1.11135394134603,11,1.1083919092205516,WLS,39,0.0029620321254784088
3,UPFC_tsh,5-15,-0.23874288436868438,11,-0.23894186672585602,WLS,39,0.0001989823571716398
4,UPFC_Vse,5-15,0.058567277732147635,11,0.06353665562006047,WLS,39,0.0049693778879128375
5,UPFC_tse,5-15,-2.1220819122152643,11,-2.1957153499703965,WLS,39,0.0736334377551322
0,x_tcsc,1-14,-0.1028232686984795,12,-0.10282084727769869,WLS,39,2.4214207808154198e-06
1,B_svc,2,0.1704931435545527,12,0.17063268182808,WLS,39,0.00013953827352730652
2,UPFC_Vsh,5-15,1.1113988908532655,12,1.1083919092205516,WLS,39,0.0030069816327138454
3,UPFC_tsh,5-15,-0.23872978907360312,12,-0.23894186672585602,WLS,39,0.00021207765225289554
4,UPFC_Vse,5-15,0.05902248608368814,12,0.06353665562006047,WLS,39,0.004514169536372334
5,UPFC_tse,5-15,-2.121702421434845,12,-2.1957153499703965,WLS,39,0.0740129285355513
0,x_tcsc,1-14,-0.10282643141488712,13,-0.10282084727769869,WLS,39,5.584137188430205e-06
1,B_svc,2,0.17030740910244976,13,0.17063268182808,WLS,39,0.0003252727256302379
2,UPFC_Vsh,5-15,1.1112947549087762,13,1.1083919092205516,WLS,39,0.00290284568822452
3,UPFC_tsh,5-15,-0.23870072502774028,13,-0.23894186672585602,WLS,39,0.00024114169811573216
4,UPFC_Vse,5-15,0.05882271693426973,13,0.06353665562006047,WLS,39,0.0047139386857907445
5,UPFC_tse,5-15,-2.120968426454548,13,-2.1957153499703965,WLS,39,0.07474692351584844
0,x_tcsc,1-14,-0.10283795930047986,14,-0.10282084727769869,WLS,39,1.7112022781165526e-05
1,B_svc,2,0.17041980328122563,14,0.17063268182808,WLS,39,0.00021287854685436702
2,UPFC_Vsh,5-15,1.1113587174231587,14,1.1083919092205516,WLS,39,0.0029668082026070852
3,UPFC_tsh,5-15,-0.23876426960126357,14,-0.23894186672585602,WLS,39,0.00017759712459244903
4,UPFC_Vse,5-15,0.05911460346498176,14,0.06353665562006047,WLS,39,0.0044220521550787095
5,UPFC_tse,5-15,-2.1221765508720205,14,-2.1957153499703965,WLS,39,0.07353879909837602
0,x_tcsc,1-14,-0.10284148596972174,15,-0.10282084727769869,WLS,39,2.063869202305335e-05
1,B_svc,2,0.17007743515391446,15,0.17063268182808,WLS,39,0.0005552466741655382
2,UPFC_Vsh,5-15,1.111171675068445,15,1.1083919092205516,WLS,39,0.0027797658478934117
3,UPFC_tsh,5-15,-0.23868899985710068,15,-0.23894186672585602,WLS,39,0.00025286686875533593
4,UPFC_Vse,5-15,0.05936115946782439,15,0.06353665562006047,WLS,39,0.004175496152236086
5,UPFC_tse,5-15,-2.1194775586702086,15,-2.1957153499703965,WLS,39,0.07623779130018793
0,x_tcsc,1-14,-0.1028389876634534,16,-0.10282084727769869,WLS,39,1.814038575470578e-05
1,B_svc,2,0.1702446054453854,16,0.17063268182808,WLS,39,0.0003880763826946132
2,UPFC_Vsh,5-15,1.1110411454328246,16,1.1083919092205516,WLS,39,0.0026492362122729762
3,UPFC_tsh,5-15,-0.2387367421783347,16,-0.23894186672585602,WLS,39,0.00020512454752130704
4,UPFC_Vse,5-15,0.05946867413926171,16,0.06353665562006047,WLS,39,0.00406798148079876
5,UPFC_tse,5-15,-2.1179053694958645,16,-2.1957153499703965,WLS,39,0.07780998047453203
0,x_tcsc,1-14,-0.10282764975771043,17,-0.10282084727769869,WLS,39,6.802480011738887e-06
1,B_svc,2,0.1704265028112081,17,0.17063268182808,WLS,39,0.00020617901687189355
2,UPFC_Vsh,5-15,1.1116611937224852,17,1.1083919092205516,WLS,39,0.0032692845019335337
3,UPFC_tsh,5-15,-0.23876427521649368,17,-0.23894186672585602,WLS,39,0.0001775915093623348
4,UPFC_Vse,5-15,0.05886282121684299,17,0.06353665562006047,WLS,39,0.004673834403217482
5,UPFC_tse,5-15,-2.126072904125239,17,-2.1957153499703965,WLS,39,0.06964244584515766
0,x_tcsc,1-14,-0.10283465952980218,18,-0.10282084727769869,WLS,39,1.3812252103492795e-05
1,B_svc,2,0.17037807224389862,18,0.17063268182808,WLS,39,0.0002546095841813867
2,UPFC_Vsh,5-15,1.1115866956043692,18,1.1083919092205516,WLS,39,0.0031947863838175383
3,UPFC_tsh,5-15,-0.23881350671187096,18,-0.23894186672585602,WLS,39,0.00012836001398505714
4,UPFC_Vse,5-15,0.059552142590036154,18,0.06353665562006047,WLS,39,0.003984513030024318
5,UPFC_tse,5-15,-2.1221966753842363,18,-2.1957153499703965,WLS,39,0.07351867458616024
0,x_tcsc,1-14,-0.10283728774120895,19,-0.10282084727769869,WLS,39,1.6440463510264403e-05
1,B_svc,2,0.17093196557058113,19,0.17063268182808,WLS,39,0.00029928374250112744
2,UPFC_Vsh,5-15,1.1112633179118456,19,1.1083919092205516,WLS,39,0.0028714086912939862
3,UPFC_tsh,5-15,-0.23875562810775205,19,-0.23894186672585602,WLS,39,0.00018623861810396214
4,UPFC_Vse,5-15,0.05908697147496464,19,0.06353665562006047,WLS,39,0.0044496841450958335
5,UPFC_tse,5-15,-2.1228319744816795,19,-2.1957153499703965,WLS,39,0.07288337548871704
0,x_tcsc,1-14,-0.10284453510175344,20,-0.10282084727769869,WLS,39,2.368782405474945e-05
1,B_svc,2,0.17015367452046848,20,0.17063268182808,WLS,39,0.0004790073076115231
2,UPFC_Vsh,5-15,1.111556102690267,20,1.1083919092205516,WLS,39,0.003164193469715304
3,UPFC_tsh,5-15,-0.23875185711389363,20,-0.23894186672585602,WLS,39,0.00019000961196238841
4,UPFC_Vse,5-15,0.05908491405174781,20,0.06353665562006047,WLS,39,0.004451741568312663
5,UPFC_tse,5-15,-2.1233995779277746,20,-2.1957153499703965,WLS,39,0.07231577204262196
0,x_tcsc,1-14,-0.1028317620731725,21,-0.10282084727769869,WLS,39,1.0914795473812577e-05
1,B_svc,2,0.17087662918053292,21,0.17063268182808,WLS,39,0.00024394735245292232
2,UPFC_Vsh,5-15,1.1112870591451511,21,1.1083919092205516,WLS,39,0.002895149924599494
3,UPFC_tsh,5-15,-0.23868111920364732,21,-0.23894186672585602,WLS,39,0.00026074752220869857
4,UPFC_Vse,5-15,0.05966279453101528,21,0.06353665562006047,WLS,39,0.003873861089045194
5,UPFC_tse,5-15,-2.12106316011519,21,-2.1957153499703965,WLS,39,0.07465218985520661
0,x_tcsc,1-14,-0.1028216868851213,22,-0.10282084727769869,WLS,39,8.396074226146855e-07
1,B_svc,2,0.17089187986918505,22,0.17063268182808,WLS,39,0.00025919804110505207
2,UPFC_Vsh,5-15,1.1114749228852894,22,1.1083919092205516,WLS,39,0.0030830136647377326
3,UPFC_tsh,5-15,-0.2387196527112988,22,-0.23894186672585602,WLS,39,0.0002222140145572149
4,UPFC_Vse,5-15,0.05917649643211464,22,0.06353665562006047,WLS,39,0.004360159187945835
5,UPFC_tse,5-15,-2.1200874809776153,22,-2.1957153499703965,WLS,39,0.07562786899278118
0,x_tcsc,1-14,-0.10284814145101345,23,-0.10282084727769869,WLS,39,2.729417331476247e-05
1,B_svc,2,0.17053768709625577,23,0.17063268182808,WLS,39,9.499473182422724e-05
2,UPFC_Vsh,5-15,1.1111872618571594,23,1.1083919092205516,WLS,39,0.002795352636607795
3,UPFC_tsh,5-15,-0.23871882174539674,23,-0.23894186672585602,WLS,39,0.0002230449804592749
4,UPFC_Vse,5-15,0.05926437307576844,23,0.06353665562006047,WLS,39,0.00427228254429203
5,UPFC_tse,5-15,-2.1207737414194856,23,-2.1957153499703965,WLS,39,0.07494160855091092
0,x_tcsc,1-14,-0.10282733717058033,24,-0.10282084727769869,WLS,39,6.489892881642034e-06
1,B_svc,2,0.17018687074538183,24,0.17063268182808,WLS,39,0.00044581108269817205
2,UPFC_Vsh,5-15,1.111565231185271,24,1.1083919092205516,WLS,39,0.003173321964719422
3,UPFC_tsh,5-15,-0.23874793598076682,24,-0.23894186672585602,WLS,39,0.0001939307450891936
4,UPFC_Vse,5-15,0.05893950636233661,24,0.06353665562006047,WLS,39,0.004597149257723865
5,UPFC_tse,5-15,-2.124101596851743,24,-2.1957153499703965,WLS,39,0.07161375311865337
0,x_tcsc,1-14,-0.10283554318674692,25,-0.10282084727769869,WLS,39,1.469590904823459e-05
1,B_svc,2,0.17070223720424507,25,0.17063268182808,WLS,39,6.955537616507024e-05
2,UPFC_Vsh,5-15,1.1115230849514746,25,1.1083919092205516,WLS,39,0.0031311757309229193
3,UPFC_tsh,5-15,-0.23871441158305695,25,-0.23894186672585602,WLS,39,0.00022745514279906565
4,UPFC_Vse,5-15,0.05868306604250568,25,0.06353665562006047,WLS,39,0.004853589577554794
5,UPFC_tse,5-15,-2.119396908330099,25,-2.1957153499703965,WLS,39,0.07631844164029733
0,x_tcsc,1-14,-0.10282016824077327,26,-0.10282084727769869,WLS,39,6.79036925424481e-07
1,B_svc,2,0.1708313834292129,26,0.17063268182808,WLS,39,0.00019870160113288904
2,UPFC_Vsh,5-15,1.111639829579114,26,1.1083919092205516,WLS,39,0.0032479203585622507
3,UPFC_tsh,5-15,-0.2387298222321709,26,-0.23894186672585602,WLS,39,0.00021204449368511513
4,UPFC_Vse,5-15,0.05881138677207196,26,0.06353665562006047,WLS,39,0.0047252688479885105
5,UPFC_tse,5-15,-2.119493708461133,26,-2.1957153499703965,WLS,39,0.07622164150926336
0,x_tcsc,1-14,-0.10283184282291759,27,-0.10282084727769869,WLS,39,1.0995545218897562e-05
1,B_svc,2,0.17027758658406014,27,0.17063268182808,WLS,39,0.0003550952440198596
2,UPFC_Vsh,5-15,1.1116075947300719,27,1.1083919092205516,WLS,39,0.0032156855095202275
3,UPFC_tsh,5-15,-0.2387868006825116,27,-0.23894186672585602,WLS,39,0.00015506604334442065
4,UPFC_Vse,5-15,0.05908245433380727,27,0.06353665562006047,WLS,39,0.0044542012862532
5,UPFC_tse,5-15,-2.123268871119889,27,-2.1957153499703965,WLS,39,0.07244647885050748
0,x_tcsc,1-14,-0.10284013452973899,28,-0.10282084727769869,WLS,39,1.928725204029813e-05
1,B_svc,2,0.17082844259346527,28,0.17063268182808,WLS,39,0.0001957607653852722
2,UPFC_Vsh,5-15,1.1118547327116495,28,1.1083919092205516,WLS,39,0.003462823491097833
3,UPFC_tsh,5-15,-0.2387328743040261,28,-0.23894186672585602,WLS,39,0.00020899242182992328
4,UPFC_Vse,5-15,0.05940930382567031,28,0.06353665562006047,WLS,39,0.004127351794390166
5,UPFC_tse,5-15,-2.1212376402500137,28,-2.1957153499703965,WLS,39,0.07447770972038281
0,x_tcsc,1-14,-0.10284641549372431,29,-0.10282084727769869,WLS,39,2.556821602561765e-05
1,B_svc,2,0.17113831981009406,29,0.17063268182808,WLS,39,0.0005056379820140566
2,UPFC_Vsh,5-15,1.1116411288347945,29,1.1083919092205516,WLS,39,0.0032492196142428487
3,UPFC_tsh,5-15,-0.23876791148430918,29,-0.23894186672585602,WLS,39,0.0001739552415468415
4,UPFC_Vse,5-15,0.05933216249240216,29,0.06353665562006047,WLS,39,0.004204493127658311
5,UPFC_tse,5-15,-2.122143750095402,29,-2.1957153499703965,WLS,39,0.0735715998749944
0,x_tcsc,1-14,-0.10283854095117798,30,-0.10282084727769869,WLS,39,1.769367347928541e-05
1,B_svc,2,0.1706920723459108,30,0.17063268182808,WLS,39,5.939051783079852e-05
2,UPFC_Vsh,5-15,1.1115575648454852,30,1.1083919092205516,WLS,39,0.003165655624933539
3,UPFC_tsh,5-15,-0.2387548966599297,30,-0.23894186672585602,WLS,39,0.00018697006592632848
4,UPFC_Vse,5-15,0.05975710749586237,30,0.06353665562006047,WLS,39,0.003779548124198104
5,UPFC_tse,5-15,-2.124415665011298,30,-2.1957153499703965,WLS,39,0.07129968495909855
0,x_tcsc,1-14,-0.10283983436582124,31,-0.10282084727769869,WLS,39,1.8987088122549012e-05
1,B_svc,2,0.17068727466016534,31,0.17063268182808,WLS,39,5.459283208533727e-05
2,UPFC_Vsh,5-15,1.1115533456436362,31,1.1083919092205516,WLS,39,0.0031614364230845293
3,UPFC_tsh,5-15,-0.23874004874150204,31,-0.23894186672585602,WLS,39,0.00020181798435398024
4,UPFC_Vse,5-15,0.058836459645341906,31,0.06353665562006047,WLS,39,0.004700195974718567
5,UPFC_tse,5-15,-2.1218623231664484,31,-2.1957153499703965,WLS,39,0.07385302680394812
0,x_tcsc,1-14,-0.10284185430637188,32,-0.10282084727769869,WLS,39,2.1007028673192263e-05
1,B_svc,2,0.17093670703413574,32,0.17063268182808,WLS,39,0.00030402520605574135
2,UPFC_Vsh,5-15,1.1114056751804104,32,1.1083919092205516,WLS,39,0.003013765959858805
3,UPFC_tsh,5-15,-0.23874273205231722,32,-0.23894186672585602,WLS,39,0.00019913467353879777
4,UPFC_Vse,5-15,0.05866231092383705,32,0.06353665562006047,WLS,39,0.004874344696223422
5,UPFC_tse,5-15,-2.1259849825377652,32,-2.1957153499703965,WLS,39,0.06973036743263128
0,x_tcsc,1-14,-0.10284325922827135,33,-0.10282084727769869,WLS,39,2.241195057266221e-05
1,B_svc,2,0.17051547927781294,33,0.17063268182808,WLS,39,0.00011720255026706483
2,UPFC_Vsh,5-15,1.1113046013948533,33,1.1083919092205516,WLS,39,0.0029126921743016787
3,UPFC_tsh,5-15,-0.23878964851407422,33,-0.23894186672585602,WLS,39,0.00015221821178179606
4,UPFC_Vse,5-15,0.058799849122262764,33,0.06353665562006047,WLS,39,0.004736806497797709
5,UPFC_tse,5-15,-2.119660575435987,33,-2.1957153499703965,WLS,39,0.07605477453440956
0,x_tcsc,1-14,-0.10283353205608067,34,-0.10282084727769869,WLS,39,1.2684778381982786e-05
1,B_svc,2,0.17035251173073046,34,0.17063268182808,WLS,39,0.00028017009734954135
2,UPFC_Vsh,5-15,1.1112883568971705,34,1.1083919092205516,WLS,39,0.0028964476766188962
3,UPFC_tsh,5-15,-0.23874447914715977,34,-0.23894186672585602,WLS,39,0.0001973875786962509
4,UPFC_Vse,5-15,0.05921087526180461,34,0.06353665562006047,WLS,39,0.004325780358255864
5,UPFC_tse,5-15,-2.122943838752817,34,-2.1957153499703965,WLS,39,0.07277151121757974
0,x_tcsc,1-14,-0.10283793082059382,35,-0.10282084727769869,WLS,39,1.7083542895132697e-05
1,B_svc,2,0.17040734419291242,35,0.17063268182808,WLS,39,0.00022533763516757732
2,UPFC_Vsh,5-15,1.1110692830964222,35,1.1083919092205516,WLS,39,0.0026773738758705257
3,UPFC_tsh,5-15,-0.2387302703870816,35,-0.23894186672585602,WLS,39,0.00021159633877440576
4,UPFC_Vse,5-15,0.059315188469622436,35,0.06353665562006047,WLS,39,0.004221467150438037
5,UPFC_tse,5-15,-2.120765646275187,35,-2.1957153499703965,WLS,39,0.07494970369520937
0,x_tcsc,1-14,-0.10283709560553628,36,-0.10282084727769869,WLS,39,1.6248327837586896e-05
1,B_svc,2,0.1703646194644647,36,0.17063268182808,WLS,39,0.0002680623636152901
2,UPFC_Vsh,5-15,1.111423389771007,36,1.1083919092205516,WLS,39,0.0030314805504554343
3,UPFC_tsh,5-15,-0.23867949482437326,36,-0.23894186672585602,WLS,39,0.0002623719014827608
4,UPFC_Vse,5-15,0.05898016300191289,36,0.06353665562006047,WLS,39,0.004556492618147584
5,UPFC_tse,5-15,-2.1245598731859383,36,-2.1957153499703965,WLS,39,0.07115547678445822
0,x_tcsc,1-14,-0.10283406668320708,37,-0.10282084727769869,WLS,39,1.3219405508385629e-05
1,B_svc,2,0.17079315204826032,37,0.17063268182808,WLS,39,0.00016047022018031432
2,UPFC_Vsh,5-15,1.111656442643564,37,1.1083919092205516,WLS,39,0.0032645334230123613
3,UPFC_tsh,5-15,-0.238717279119637,37,-0.23894186672585602,WLS,39,0.00022458760621901774
4,UPFC_Vse,5-15,0.05935741765102301,37,0.06353665562006047,WLS,39,0.004179237969037464
5,UPFC_tse,5-15,-2.122519988869716,37,-2.1957153499703965,WLS,39,0.07319536110068059
0,x_tcsc,1-14,-0.10282516766040128,38,-0.10282084727769869,WLS,39,4.320382702593939e-06
1,B_svc,2,0.17067027814906863,38,0.17063268182808,WLS,39,3.759632098862542e-05
2,UPFC_Vsh,5-15,1.111591973574995,38,1.1083919092205516,WLS,39,0.0032000643544434215
3,UPFC_tsh,5-15,-0.2387713615045379,38,-0.23894186672585602,WLS,39,0.00017050522131811796
4,UPFC_Vse,5-15,0.05892881724742459,38,0.06353665562006047,WLS,39,0.0046078383726358835
5,UPFC_tse,5-15,-2.1236229200659915,38,-2.1957153499703965,WLS,39,0.07209242990440501
0,x_tcsc,1-14,-0.10281255658298853,39,-0.10282084727769869,WLS,39,8.29069471015853e-06
1,B_svc,2,0.17063182178990774,39,0.17063268182808,WLS,39,8.600381722623229e-07
2,UPFC_Vsh,5-15,1.1113493499769203,39,1.1083919092205516,WLS,39,0.0029574407563686123
3,UPFC_tsh,5-15,-0.23870625725231642,39,-0.23894186672585602,WLS,39,0.00023560947353959416
4,UPFC_Vse,5-15,0.05868932841325988,39,0.06353665562006047,WLS,39,0.004847327206800596
5,UPFC_tse,5-15,-2.1226481576758984,39,-2.1957153499703965,WLS,39,0.0730671922944981
0,x_tcsc,1-14,-0.1028392588048927,40,-0.10282084727769869,WLS,39,1.8411527194006627e-05
1,B_svc,2,0.17091846362506952,40,0.17063268182808,WLS,39,0.0002857817969895149
2,UPFC_Vsh,5-15,1.1117360920426311,40,1.1083919092205516,WLS,39,0.003344182822079489
3,UPFC_tsh,5-15,-0.23863708770149772,40,-0.23894186672585602,WLS,39,0.0003047790243582982
4,UPFC_Vse,5-15,0.059175141924501094,40,0.06353665562006047,WLS,39,0.004361513695559378
5,UPFC_tse,5-15,-2.1240579490723746,40,-2.1957153499703965,WLS,39,0.07165740089802197
0,x_tcsc,1-14,-0.10283621435809766,41,-0.10282084727769869,WLS,39,1.5367080398967503e-05
1,B_svc,2,0.1703161369423248,41,0.17063268182808,WLS,39,0.00031654488575519335
2,UPFC_Vsh,5-15,1.111127613305505,41,1.1083919092205516,WLS,39,0.002735704084953383
3,UPFC_tsh,5-15,-0.23871789090342838,41,-0.23894186672585602,WLS,39,0.00022397582242764114
4,UPFC_Vse,5-15,0.05884697238276039,41,0.06353665562006047,WLS,39,0.004689683237300082
5,UPFC_tse,5-15,-2.121097882302363,41,-2.1957153499703965,WLS,39,0.07461746766803357
0,x_tcsc,1-14,-0.1028460951235679,42,-0.10282084727769869,WLS,39,2.5247845869214025e-05
1,B_svc,2,0.1706942427515854,42,0.17063268182808,WLS,39,6.156092350539932e-05
2,UPFC_Vsh,5-15,1.1114755137820265,42,1.1083919092205516,WLS,39,0.0030836045614748286
3,UPFC_tsh,5-15,-0.2387060478141887,42,-0.23894186672585602,WLS,39,0.00023581891166732372
4,UPFC_Vse,5-15,0.05899604204445721,42,0.06353665562006047,WLS,39,0.004540613575603265
5,UPFC_tse,5-15,-2.1268199293064107,42,-2.1957153499703965,WLS,39,0.0688954206639858
0,x_tcsc,1-14,-0.10283108177909582,43,-0.10282084727769869,WLS,39,1.0234501397130003e-05
1,B_svc,2,0.17045816324968469,43,0.17063268182808,WLS,39,0.00017451857839531626
2,UPFC_Vsh,5-15,1.111418728990517,43,1.1083919092205516,WLS,39,0.0030268197699654387
3,UPFC_tsh,5-15,-0.23876024138986165,43,-0.23894186672585602,WLS,39,0.00018162533599436204
4,UPFC_Vse,5-15,0.0590062788537976,43,0.06353665562006047,WLS,39,0.004530376766262875
5,UPFC_tse,5-15,-2.1206939228486,43,-2.1957153499703965,WLS,39,0.0750214271217966
0,x_tcsc,1-14,-0.10285077735807796,44,-0.10282084727769869,WLS,39,2.993008037927014e-05
1,B_svc,2,0.17050738386690018,44,0.17063268182808,WLS,39,0.0001252979611798266
2,UPFC_Vsh,5-15,1.1113188430882799,44,1.1083919092205516,WLS,39,0.002926933867728243
3,UPFC_tsh,5-15,-0.23870828680064635,44,-0.23894186672585602,WLS,39,0.00023357992520967041
4,UPFC_Vse,5-15,0.059691431566254706,44,0.06353665562006047,WLS,39,0.0038452240538057667
5,UPFC_tse,5-15,-2.1161644103500743,44,-2.1957153499703965,WLS,39,0.07955093962032223
0,x_tcsc,1-14,-0.10284562976953851,45,-0.10282084727769869,WLS,39,2.4782491839819842e-05
1,B_svc,2,0.1704772826547525,45,0.17063268182808,WLS,39,0.00015539917332749176
2,UPFC_Vsh,5-15,1.1110012742204345,45,1.1083919092205516,WLS,39,0.002609364999882846
3,UPFC_tsh,5-15,-0.2387754999947115,45,-0.23894186672585602,WLS,39,0.00016636673114450717
4,UPFC_Vse,5-15,0.05912388377653503,45,0.06353665562006047,WLS,39,0.00441277184352544
5,UPFC_tse,5-15,-2.119954146527249,45,-2.1957153499703965,WLS,39,0.07576120344314763
0,x_tcsc,1-14,-0.10283641170604764,46,-0.10282084727769869,WLS,39,1.5564428348949222e-05
1,B_svc,2,0.17078980652588385,46,0.17063268182808,WLS,39,0.00015712469780385097
2,UPFC_Vsh,5-15,1.1112877900760092,46,1.1083919092205516,WLS,39,0.0028958808554575555
3,UPFC_tsh,5-15,-0.23878095432404128,46,-0.23894186672585602,WLS,39,0.00016091240181473343
4,UPFC_Vse,5-15,0.058701472751954094,46,0.06353665562006047,WLS,39,0.004835182868106379
5,UPFC_tse,5-15,-2.121358296980488,46,-2.1957153499703965,WLS,39,0.07435705298990847
0,x_tcsc,1-14,-0.10284260987866861,47,-0.10282084727769869,WLS,39,2.176260096992122e-05
1,B_svc,2,0.1703456029338721,47,0.17063268182808,WLS,39,0.00028707889420789834
2,UPFC_Vsh,5-15,1.111665793290082,47,1.1083919092205516,WLS,39,0.0032738840695303306
3,UPFC_tsh,5-15,-0.2387367872842747,47,-0.23894186672585602,WLS,39,0.00020507944158132396
4,UPFC_Vse,5-15,0.059328711735267096,47,0.06353665562006047,WLS,39,0.004207943884793376
5,UPFC_tse,5-15,-2.122943836499074,47,-2.1957153499703965,WLS,39,0.07277151347132271
0,x_tcsc,1-14,-0.10284008072957351,48,-0.10282084727769869,WLS,39,1.9233451874822727e-05
1,B_svc,2,0.1709307316263254,48,0.17063268182808,WLS,39,0.0002980497982454089
2,UPFC_Vsh,5-15,1.1117454417189827,48,1.1083919092205516,WLS,39,0.0033535324984310666
3,UPFC_tsh,5-15,-0.2386756583172167,48,-0.23894186672585602,WLS,39,0.00026620840863930684
4,UPFC_Vse,5-15,0.05901861950431626,48,0.06353665562006047,WLS,39,0.004518036115744216
5,UPFC_tse,5-15,-2.1230158897805875,48,-2.1957153499703965,WLS,39,0.072699460189809
0,x_tcsc,1-14,-0.10284404311847298,49,-0.10282084727769869,WLS,39,2.3195840774287158e-05
1,B_svc,2,0.1704734824101864,49,0.17063268182808,WLS,39,0.00015919941789360736
2,UPFC_Vsh,5-15,1.1116612706452544,49,1.1083919092205516,WLS,39,0.003269361424702799
3,UPFC_tsh,5-15,-0.23867422854292014,49,-0.23894186672585602,WLS,39,0.0002676381829358754
4,UPFC_Vse,5-15,0.05899797945368488,49,0.06353665562006047,WLS,39,0.004538676166375592
5,UPFC_tse,5-15,-2.1212449239991886,49,-2.1957153499703965,WLS,39,0.0744704259712079
0,x_tcsc,1-14,-0.10282278244542715,50,-0.10282084727769869,WLS,39,1.935167728464582e-06
1,B_svc,2,0.17030702817719381,50,0.17063268182808,WLS,39,0.00032565365088618736
2,UPFC_Vsh,5-15,1.1115259075811401,50,1.1083919092205516,WLS,39,0.0031339983605884747
3,UPFC_tsh,5-15,-0.2386726983036385,50,-0.23894186672585602,WLS,39,0.000269168422217525
4,UPFC_Vse,5-15,0.0589820516719491,50,0.06353665562006047,WLS,39,0.0045546039481113715
5,UPFC_tse,5-15,-2.122660715848775,50,-2.1957153499703965,WLS,39,0.07305463412162139
0,x_tcsc,1-14,-0.10282859141497673,51,-0.10282084727769869,WLS,39,7.74413727804013e-06
1,B_svc,2,0.1708778802514872,51,0.17063268182808,WLS,39,0.0002451984234072002
2,UPFC_Vsh,5-15,1.111586904511812,51,1.1083919092205516,WLS,39,0.0031949952912604385
3,UPFC_tsh,5-15,-0.2386903092545358,51,-0.23894186672585602,WLS,39,0.00025155747132021844
4,UPFC_Vse,5-15,0.05905518315563998,51,0.06353665562006047,WLS,39,0.004481472464420495
5,UPFC_tse,5-15,-2.122503450358174,51,-2.1957153499703965,WLS,39,0.07321189961222263
0,x_tcsc,1-14,-0.10283213318749951,52,-0.10282084727769869,WLS,39,1.1285909800817784e-05
1,B_svc,2,0.17078123208321125,52,0.17063268182808,WLS,39,0.00014855025513124676
2,UPFC_Vsh,5-15,1.1112314652325066,52,1.1083919092205516,WLS,39,0.002839556011954958
3,UPFC_tsh,5-15,-0.2388004759191269,52,-0.23894186672585602,WLS,39,0.0001413908067291192
4,UPFC_Vse,5-15,0.059039426035282984,52,0.06353665562006047,WLS,39,0.004497229584777489
5,UPFC_tse,5-15,-2.1209286318237166,52,-2.1957153499703965,WLS,39,0.07478671814667992
0,x_tcsc,1-14,-0.10283570320962175,53,-0.10282084727769869,WLS,39,1.4855931923060672e-05
1,B_svc,2,0.1702672163354996,53,0.17063268182808,WLS,39,0.0003654654925804024
2,UPFC_Vsh,5-15,1.1112628643367186,53,1.1083919092205516,WLS,39,0.0028709551161669733
3,UPFC_tsh,5-15,-0.23872930513415852,53,-0.23894186672585602,WLS,39,0.00021256159169749655
4,UPFC_Vse,5-15,0.058732219554753426,53,0.06353665562006047,WLS,39,0.004804436065307047
5,UPFC_tse,5-15,-2.124566169042689,53,-2.1957153499703965,WLS,39,0.07114918092770761
0,x_tcsc,1-14,-0.10283984475884533,54,-0.10282084727769869,WLS,39,1.8997481146643125e-05
1,B_svc,2,0.1711131552622034,54,0.17063268182808,WLS,39,0.00048047343412338517
2,UPFC_Vsh,5-15,1.1116356414410997,54,1.1083919092205516,WLS,39,0.003243732220548079
3,UPFC_tsh,5-15,-0.23872935143773288,54,-0.23894186672585602,WLS,39,0.00021251528812313292
4,UPFC_Vse,5-15,0.05891790847928713,54,0.06353665562006047,WLS,39,0.004618747140773344
5,UPFC_tse,5-15,-2.1229078417021903,54,-2.1957153499703965,WLS,39,0.07280750826820626
0,x_tcsc,1-14,-0.10282475001720078,55,-0.10282084727769869,WLS,39,3.90273950208464e-06
1,B_svc,2,0.17048304982243281,55,0.17063268182808,WLS,39,0.00014963200564718782
2,UPFC_Vsh,5-15,1.111655283389648,55,1.1083919092205516,WLS,39,0.003263374169096389
3,UPFC_tsh,5-15,-0.23873910881193583,55,-0.23894186672585602,WLS,39,0.00020275791392018738
4,UPFC_Vse,5-15,0.05936625346084464,55,0.06353665562006047,WLS,39,0.004170402159215832
5,UPFC_tse,5-15,-2.120135916716969,55,-2.1957153499703965,WLS,39,0.07557943325342764
0,x_tcsc,1-14,-0.10284302695610431,56,-0.10282084727769869,WLS,39,2.2179678405620518e-05
1,B_svc,2,0.17091879705131607,56,0.17063268182808,WLS,39,0.00028611522323607197
2,UPFC_Vsh,5-15,1.1114737944032942,56,1.1083919092205516,WLS,39,0.0030818851827425497
3,UPFC_tsh,5-15,-0.23865231564257963,56,-0.23894186672585602,WLS,39,0.0002895510832763848
4,UPFC_Vse,5-15,0.058887089450259465,56,0.06353665562006047,WLS,39,0.004649566169801007
5,UPFC_tse,5-15,-2.1196220433291,56,-2.1957153499703965,WLS,39,0.07609330664129654
0,x_tcsc,1-14,-0.10283965467775814,57,-0.10282084727769869,WLS,39,1.8807400059453472e-05
1,B_svc,2,0.17034982342918567,57,0.17063268182808,WLS,39,0.0002828583988943312
2,UPFC_Vsh,5-15,1.1111665914195612,57,1.1083919092205516,WLS,39,0.0027746821990095594
3,UPFC_tsh,5-15,-0.23877818070006604,57,-0.23894186672585602,WLS,39,0.00016368602578997749
4,UPFC_Vse,5-15,0.059328900395764994,57,0.06353665562006047,WLS,39,0.0042077552242954785
5,UPFC_tse,5-15,-2.121776597608431,57,-2.1957153499703965,WLS,39,0.07393875236196568
0,x_tcsc,1-14,-0.10283557187037584,58,-0.10282084727769869,WLS,39,1.4724592677151094e-05
1,B_svc,2,0.17045716006405015,58,0.17063268182808,WLS,39,0.0001755217640298512
2,UPFC_Vsh,5-15,1.1114562420093244,58,1.1083919092205516,WLS,39,0.0030643327887727168
3,UPFC_tsh,5-15,-0.23873613380310324,58,-0.23894186672585602,WLS,39,0.0002057329227527771
4,UPFC_Vse,5-15,0.0586567754039456,58,0.06353665562006047,WLS,39,0.004879880216114872
5,UPFC_tse,5-15,-2.123230766794589,58,-2.1957153499703965,WLS,39,0.07248458317580742
0,x_tcsc,1-14,-0.10283132597714602,59,-0.10282084727769869,WLS,39,1.047869944732771e-05
1,B_svc,2,0.1705632995512073,59,0.17063268182808,WLS,39,6.938227687269816e-05
2,UPFC_Vsh,5-15,1.1115576930029865,59,1.1083919092205516,WLS,39,0.0031657837824348167
3,UPFC_tsh,5-15,-0.2387349026858235,59,-0.23894186672585602,WLS,39,0.000206964040032509
4,UPFC_Vse,5-15,0.059361741531793945,59,0.06353665562006047,WLS,39,0.004174914088266528
5,UPFC_tse,5-15,-2.1191228435120686,59,-2.1957153499703965,WLS,39,0.07659250645832794
0,x_tcsc,1-14,-0.10283264254109634,60,-0.10282084727769869,WLS,39,1.1795263397645916e-05
1,B_svc,2,0.17064830811726014,60,0.17063268182808,WLS,39,1.562628918014286e-05
2,UPFC_Vsh,5-15,1.1112843585595287,60,1.1083919092205516,WLS,39,0.0028924493389770323
3,UPFC_tsh,5-15,-0.23878482291764114,60,-0.23894186672585602,WLS,39,0.0001570438082148795
4,UPFC_Vse,5-15,0.05939844203655508,60,0.06353665562006047,WLS,39,0.0041382135835053915
5,UPFC_tse,5-15,-2.1198792672565974,60,-2.1957153499703965,WLS,39,0.07583608271379916
0,x_tcsc,1-14,-0.10283993441145646,61,-0.10282084727769869,WLS,39,1.9087133757769714e-05
1,B_svc,2,0.17016383847239577,61,0.17063268182808,WLS,39,0.00046884335568422864
2,UPFC_Vsh,5-15,1.1118199033468075,61,1.1083919092205516,WLS,39,0.003427994126255829
3,UPFC_tsh,5-15,-0.23869935271887036,61,-0.23894186672585602,WLS,39,0.00024251400698566128
4,UPFC_Vse,5-15,0.05933004295787824,61,0.06353665562006047,WLS,39,0.004206612662182231
5,UPFC_tse,5-15,-2.122308104176167,61,-2.1957153499703965,WLS,39,0.07340724579422941
0,x_tcsc,1-14,-0.1028402554153495,62,-0.10282084727769869,WLS,39,1.9408137650805957e-05
1,B_svc,2,0.17070802121211845,62,0.17063268182808,WLS,39,7.533938403844753e-05
2,UPFC_Vsh,5-15,1.111611435821739,62,1.1083919092205516,WLS,39,0.0032195266011874057
3,UPFC_tsh,5-15,-0.23874206197086412,62,-0.23894186672585602,WLS,39,0.0001998047549919002
4,UPFC_Vse,5-15,0.05920904708963559,62,0.06353665562006047,WLS,39,0.004327608530424881
5,UPFC_tse,5-15,-2.1234107335615504,62,-2.1957153499703965,WLS,39,0.07230461640884611
0,x_tcsc,1-14,-0.10283894648432544,63,-0.10282084727769869,WLS,39,1.809920662675102e-05
1,B_svc,2,0.17063386799957825,63,0.17063268182808,WLS,39,1.1861714982464022e-06
2,UPFC_Vsh,5-15,1.111570124047486,63,1.1083919092205516,WLS,39,0.003178214826934367
3,UPFC_tsh,5-15,-0.238724456150961,63,-0.23894186672585602,WLS,39,0.0002174105748950217
4,UPFC_Vse,5-15,0.05893930258917965,63,0.06353665562006047,WLS,39,0.004597353030880824
5,UPFC_tse,5-15,-2.1234022745829857,63,-2.1957153499703965,WLS,39,0.07231307538741083
0,x_tcsc,1-14,-0.10283339618611248,64,-0.10282084727769869,WLS,39,1.254890841378975e-05
1,B_svc,2,0.1707220628095873,64,0.17063268182808,WLS,39,8.938098150729212e-05
2,UPFC_Vsh,5-15,1.1115694084814554,64,1.1083919092205516,WLS,39,0.0031774992609037156
3,UPFC_tsh,5-15,-0.23868274503552564,64,-0.23894186672585602,WLS,39,0.00025912169033037724
4,UPFC_Vse,5-15,0.059436786967887345,64,0.06353665562006047,WLS,39,0.004099868652173128
5,UPFC_tse,5-15,-2.124807183580512,64,-2.1957153499703965,WLS,39,0.07090816638988473
0,x_tcsc,1-14,-0.10284050894825268,65,-0.10282084727769869,WLS,39,1.9661670553991484e-05
1,B_svc,2,0.170370338483313,65,0.17063268182808,WLS,39,0.00026234334476699095
2,UPFC_Vsh,5-15,1.1116411728977098,65,1.1083919092205516,WLS,39,0.003249263677158165
3,UPFC_tsh,5-15,-0.23871538466186262,65,-0.23894186672585602,WLS,39,0.000226482063993394
4,UPFC_Vse,5-15,0.05912945930586514,65,0.06353665562006047,WLS,39,0.004407196314195332
5,UPFC_tse,5-15,-2.1200074561461046,65,-2.1957153499703965,WLS,39,0.07570789382429188
0,x_tcsc,1-14,-0.10284475305370734,66,-0.10282084727769869,WLS,39,2.3905776008650848e-05
1,B_svc,2,0.17065560694080512,66,0.17063268182808,WLS,39,2.2925112725113994e-05
2,UPFC_Vsh,5-15,1.1115412631789003,66,1.1083919092205516,WLS,39,0.0031493539583486996
3,UPFC_tsh,5-15,-0.23874156064297106,66,-0.23894186672585602,WLS,39,0.0002003060828849601
4,UPFC_Vse,5-15,0.05942577829798042,66,0.06353665562006047,WLS,39,0.004110877322080056
5,UPFC_tse,5-15,-2.120536109905068,66,-2.1957153499703965,WLS,39,0.07517924006532839
0,x_tcsc,1-14,-0.102844142278768,67,-0.10282084727769869,WLS,39,2.3295001069303933e-05
1,B_svc,2,0.17017789366794467,67,0.17063268182808,WLS,39,0.0004547881601353332
2,UPFC_Vsh,5-15,1.1115067711554745,67,1.1083919092205516,WLS,39,0.00311486193492283
3,UPFC_tsh,5-15,-0.2387399079669582,67,-0.23894186672585602,WLS,39,0.0002019587588978078
4,UPFC_Vse,5-15,0.05910498342988347,67,0.06353665562006047,WLS,39,0.004431672190177004
5,UPFC_tse,5-15,-2.123946233478276,67,-2.1957153499703965,WLS,39,0.07176911649212059
0,x_tcsc,1-14,-0.10282452767127026,68,-0.10282084727769869,WLS,39,3.6803935715701286e-06
1,B_svc,2,0.17068911199335887,68,0.17063268182808,WLS,39,5.6430165278870126e-05
2,UPFC_Vsh,5-15,1.1117751589512768,68,1.1083919092205516,WLS,39,0.003383249730725124
3,UPFC_tsh,5-15,-0.23871535086377652,68,-0.23894186672585602,WLS,39,0.00022651586207950158
4,UPFC_Vse,5-15,0.059274551914852695,68,0.06353665562006047,WLS,39,0.004262103705207777
5,UPFC_tse,5-15,-2.1212743025620653,68,-2.1957153499703965,WLS,39,0.07444104740833124
0,x_tcsc,1-14,-0.10283615369205625,69,-0.10282084727769869,WLS,39,1.5306414357554865e-05
1,B_svc,2,0.17100011035204438,69,0.17063268182808,WLS,39,0.00036742852396437486
2,UPFC_Vsh,5-15,1.1113015706896658,69,1.1083919092205516,WLS,39,0.0029096614691141998
3,UPFC_tsh,5-15,-0.23867028284127154,69,-0.23894186672585602,WLS,39,0.0002715838845844809
4,UPFC_Vse,5-15,0.05886781684088336,69,0.06353665562006047,WLS,39,0.004668838779177113
5,UPFC_tse,5-15,-2.121752421223464,69,-2.1957153499703965,WLS,39,0.07396292874693255
0,x_tcsc,1-14,-0.10284884972420998,70,-0.10282084727769869,WLS,39,2.8002446511285473e-05
1,B_svc,2,0.17019844688553673,70,0.17063268182808,WLS,39,0.0004342349425432712
2,UPFC_Vsh,5-15,1.1113645288470853,70,1.1083919092205516,WLS,39,0.0029726196265336124
3,UPFC_tsh,5-15,-0.23864142145994455,70,-0.23894186672585602,WLS,39,0.0003004452659114698
4,UPFC_Vse,5-15,0.059339825265263005,70,0.06353665562006047,WLS,39,0.004196830354797468
5,UPFC_tse,5-15,-2.1203621547223617,70,-2.1957153499703965,WLS,39,0.07535319524803485
0,x_tcsc,1-14,-0.10283242027270742,71,-0.10282084727769869,WLS,39,1.1572995008729547e-05
1,B_svc,2,0.17037933307127312,71,0.17063268182808,WLS,39,0.0002533487568068815
2,UPFC_Vsh,5-15,1.1117268535148401,71,1.1083919092205516,WLS,39,0.003334944294288489
3,UPFC_tsh,5-15,-0.2386898199298068,71,-0.23894186672585602,WLS,39,0.00025204679604920455
4,UPFC_Vse,5-15,0.059180760939861195,71,0.06353665562006047,WLS,39,0.004355894680199278
5,UPFC_tse,5-15,-2.1222389653930085,71,-2.1957153499703965,WLS,39,0.07347638457738803
0,x_tcsc,1-14,-0.10283726173677857,72,-0.10282084727769869,WLS,39,1.6414459079877597e-05
1,B_svc,2,0.1708473400483085,72,0.17063268182808,WLS,39,0.00021465822022850856
2,UPFC_Vsh,5-15,1.1117516619687966,72,1.1083919092205516,WLS,39,0.0033597527482449596
3,UPFC_tsh,5-15,-0.23875591706720128,72,-0.23894186672585602,WLS,39,0.00018594965865473267
4,UPFC_Vse,5-15,0.059056528991375694,72,0.06353665562006047,WLS,39,0.004480126628684779
5,UPFC_tse,5-15,-2.1220790562175913,72,-2.1957153499703965,WLS,39,0.07363629375280523
0,x_tcsc,1-14,-0.10283427026792295,73,-0.10282084727769869,WLS,39,1.3422990224262743e-05
1,B_svc,2,0.17057750888873688,73,0.17063268182808,WLS,39,5.5172939343123284e-05
2,UPFC_Vsh,5-15,1.1116776012213638,73,1.1083919092205516,WLS,39,0.0032856920008121904
3,UPFC_tsh,5-15,-0.23870964479818274,73,-0.23894186672585602,WLS,39,0.0002322219276732762
4,UPFC_Vse,5-15,0.05898624680206146,73,0.06353665562006047,WLS,39,0.004550408817999015
5,UPFC_tse,5-15,-2.123591871443067,73,-2.1957153499703965,WLS,39,0.0721234785273297
0,x_tcsc,1-14,-0.10283886803656313,74,-0.10282084727769869,WLS,39,1.8020758864437103e-05
1,B_svc,2,0.17068311008731926,74,0.17063268182808,WLS,39,5.04282592392602e-05
2,UPFC_Vsh,5-15,1.1115270494464835,74,1.1083919092205516,WLS,39,0.003135140225931865
3,UPFC_tsh,5-15,-0.23876670932514912,74,-0.23894186672585602,WLS,39,0.00017515740070689345
4,UPFC_Vse,5-15,0.0591838309994606,74,0.06353665562006047,WLS,39,0.004352824620599875
5,UPFC_tse,5-15,-2.1206701711340386,74,-2.1957153499703965,WLS,39,0.07504517883635797
0,x_tcsc,1-14,-0.10284281068433532,75,-0.10282084727769869,WLS,39,2.1963406636626992e-05
1,B_svc,2,0.17047840984460322,75,0.17063268182808,WLS,39,0.00015427198347678361
2,UPFC_Vsh,5-15,1.1114070261500721,75,1.1083919092205516,WLS,39,0.0030151169295205005
3,UPFC_tsh,5-15,-0.2387657260161104,75,-0.23894186672585602,WLS,39,0.0001761407097456147
4,UPFC_Vse,5-15,0.059240199719088484,75,0.06353665562006047,WLS,39,0.004296455900971989
5,UPFC_tse,5-15,-2.1197412768248878,75,-2.1957153499703965,WLS,39,0.07597407314550875
0,x_tcsc,1-14,-0.10284469845501512,76,-0.10282084727769869,WLS,39,2.3851177316430716e-05
1,B_svc,2,0.17087247631226093,76,0.17063268182808,WLS,39,0.00023979448418093297
2,UPFC_Vsh,5-15,1.111752761499314,76,1.1083919092205516,WLS,39,0.0033608522787622608
3,UPFC_tsh,5-15,-0.23867940792136808,76,-0.23894186672585602,WLS,39,0.0002624588044879417
4,UPFC_Vse,5-15,0.05930900405077509,76,0.06353665562006047,WLS,39,0.004227651569285382
5,UPFC_tse,5-15,-2.121549252560953,76,-2.1957153499703965,WLS,39,0.07416609740944358
0,x_tcsc,1-14,-0.10282535717352975,77,-0.10282084727769869,WLS,39,4.509895831061872e-06
1,B_svc,2,0.17073149757556444,77,0.17063268182808,WLS,39,9.881574748443755e-05
2,UPFC_Vsh,5-15,1.1112006654464417,77,1.1083919092205516,WLS,39,0.0028087562258900522
3,UPFC_tsh,5-15,-0.23878102285208766,77,-0.23894186672585602,WLS,39,0.00016084387376835707
4,UPFC_Vse,5-15,0.05934822370072635,77,0.06353665562006047,WLS,39,0.004188431919334122
5,UPFC_tse,5-15,-2.1184902947914823,77,-2.1957153499703965,WLS,39,0.0772250551789142
0,x_tcsc,1-14,-0.1028431579763592,78,-0.10282084727769869,WLS,39,2.2310698660515937e-05
1,B_svc,2,0.17030423567412742,78,0.17063268182808,WLS,39,0.0003284461539525829
2,UPFC_Vsh,5-15,1.1112101685846156,78,1.1083919092205516,WLS,39,0.002818259364063991
3,UPFC_tsh,5-15,-0.2386883268715826,78,-0.23894186672585602,WLS,39,0.00025353985427342685
4,UPFC_Vse,5-15,0.05932834545909662,78,0.06353665562006047,WLS,39,0.004208310160963853
5,UPFC_tse,5-15,-2.1231748295565387,78,-2.1957153499703965,WLS,39,0.07254052041385783
0,x_tcsc,1-14,-0.1028437723798785,79,-0.10282084727769869,WLS,39,2.292510217981325e-05
1,B_svc,2,0.17055766927124044,79,0.17063268182808,WLS,39,7.501255683955987e-05
2,UPFC_Vsh,5-15,1.1114921741339727,79,1.1083919092205516,WLS,39,0.0031002649134210802
3,UPFC_tsh,5-15,-0.23877858114056275,79,-0.23894186672585602,WLS,39,0.0001632855852932713
4,UPFC_Vse,5-15,0.05900036777376767,79,0.06353665562006047,WLS,39,0.0045362878462928
5,UPFC_tse,5-15,-2.1211525295619644,79,-2.1957153499703965,WLS,39,0.0745628204084321
0,x_tcsc,1-14,-0.10283988643518137,80,-0.10282084727769869,WLS,39,1.903915748267815e-05
1,B_svc,2,0.1704819471555937,80,0.17063268182808,WLS,39,0.00015073467248630235
2,UPFC_Vsh,5-15,1.111664294986929,80,1.1083919092205516,WLS,39,0.0032723857663774503
3,UPFC_tsh,5-15,-0.2387450940298432,80,-0.23894186672585602,WLS,39,0.00019677269601281466
4,UPFC_Vse,5-15,0.05925074876852429,80,0.06353665562006047,WLS,39,0.004285906851536181
5,UPFC_tse,5-15,-2.122384597614496,80,-2.1957153499703965,WLS,39,0.07333075235590059
0,x_tcsc,1-14,-0.10283453447784431,81,-0.10282084727769869,WLS,39,1.3687200145620637e-05
1,B_svc,2,0.17047029458137244,81,0.17063268182808,WLS,39,0.0001623872467075571
2,UPFC_Vsh,5-15,1.1113660773914638,81,1.1083919092205516,WLS,39,0.002974168170912117
3,UPFC_tsh,5-15,-0.23868271229552251,81,-0.23894186672585602,WLS,39,0.0002591544303335025
4,UPFC_Vse,5-15,0.05865527019282343,81,0.06353665562006047,WLS,39,0.004881385427237039
5,UPFC_tse,5-15,-2.1232126248950864,81,-2.1957153499703965,WLS,39,0.07250272507531008
0,x_tcsc,1-14,-0.10283687447004232,82,-0.10282084727769869,WLS,39,1.6027192343628927e-05
1,B_svc,2,0.17059054366194518,82,0.17063268182808,WLS,39,4.213816613482524e-05
2,UPFC_Vsh,5-15,1.1112423549627892,82,1.1083919092205516,WLS,39,0.002850445742237584
3,UPFC_tsh,5-15,-0.23870721258479652,82,-0.23894186672585602,WLS,39,0.00023465414105949822
4,UPFC_Vse,5-15,0.05904578739931446,82,0.06353665562006047,WLS,39,0.004490868220746014
5,UPFC_tse,5-15,-2.1188651251027597,82,-2.1957153499703965,WLS,39,0.07685022486763682
0,x_tcsc,1-14,-0.10283041192354699,83,-0.10282084727769869,WLS,39,9.564645848295084e-06
1,B_svc,2,0.1710267181088759,83,0.17063268182808,WLS,39,0.0003940362807959008
2,UPFC_Vsh,5-15,1.111657067232953,83,1.1083919092205516,WLS,39,0.003265158012401459
3,UPFC_tsh,5-15,-0.23870270419029338,83,-0.23894186672585602,WLS,39,0.000239162535562637
4,UPFC_Vse,5-15,0.05918619061496978,83,0.06353665562006047,WLS,39,0.0043504650050906896
5,UPFC_tse,5-15,-2.121462309332023,83,-2.1957153499703965,WLS,39,0.07425304063837368
0,x_tcsc,1-14,-0.10284208488807951,84,-0.10282084727769869,WLS,39,2.1237610380822614e-05
1,B_svc,2,0.17058811657718034,84,0.17063268182808,WLS,39,4.456525089965857e-05
2,UPFC_Vsh,5-15,1.1115070063799246,84,1.1083919092205516,WLS,39,0.0031150971593729704
3,UPFC_tsh,5-15,-0.23873446560353762,84,-0.23894186672585602,WLS,39,0.00020740112231840135
4,UPFC_Vse,5-15,0.05949144915753885,84,0.06353665562006047,WLS,39,0.004045206462521621
5,UPFC_tse,5-15,-2.1230718337215477,84,-2.1957153499703965,WLS,39,0.0726435162488488
0,x_tcsc,1-14,-0.1028510017055321,85,-0.10282084727769869,WLS,39,3.0154427833412045e-05
1,B_svc,2,0.17050991413741842,85,0.17063268182808,WLS,39,0.00012276769066157933
2,UPFC_Vsh,5-15,1.111382898797879,85,1.1083919092205516,WLS,39,0.002990989577327463
3,UPFC_tsh,5-15,-0.23877753670182156,85,-0.23894186672585602,WLS,39,0.00016433002403445918
4,UPFC_Vse,5-15,0.05913904913280172,85,0.06353665562006047,WLS,39,0.0043976064872587525
5,UPFC_tse,5-15,-2.1223276357819407,85,-2.1957153499703965,WLS,39,0.0733877141884558
0,x_tcsc,1-14,-0.1028299711759734,86,-0.10282084727769869,WLS,39,9.12389827470439e-06
1,B_svc,2,0.17053630128130232,86,0.17063268182808,WLS,39,9.63805467776857e-05
2,UPFC_Vsh,5-15,1.111722941296197,86,1.1083919092205516,WLS,39,0.003331032075645446
3,UPFC_tsh,5-15,-0.2386931150570597,86,-0.23894186672585602,WLS,39,0.0002487516687963154
4,UPFC_Vse,5-15,0.05928055169777822,86,0.06353665562006047,WLS,39,0.004256103922282255
5,UPFC_tse,5-15,-2.121630240631824,86,-2.1957153499703965,WLS,39,0.0740851093385726
0,x_tcsc,1-14,-0.10283180829830582,87,-0.10282084727769869,WLS,39,1.0961020607130889e-05
1,B_svc,2,0.17064645535862924,87,0.17063268182808,WLS,39,1.3773530549238133e-05
2,UPFC_Vsh,5-15,1.1115724734062342,87,1.1083919092205516,WLS,39,0.0031805641856825773
3,UPFC_tsh,5-15,-0.23874901603786067,87,-0.23894186672585602,WLS,39,0.00019285068799534955
4,UPFC_Vse,5-15,0.05875255146035267,87,0.06353665562006047,WLS,39,0.0047841041597078
5,UPFC_tse,5-15,-2.1215172734038372,87,-2.1957153499703965,WLS,39,0.0741980765665593
0,x_tcsc,1-14,-0.10284312044943587,88,-0.10282084727769869,WLS,39,2.227317173718324e-05
1,B_svc,2,0.17118913966639232,88,0.17063268182808,WLS,39,0.0005564578383123187
2,UPFC_Vsh,5-15,1.1116193752037695,88,1.1083919092205516,WLS,39,0.003227465983217881
3,UPFC_tsh,5-15,-0.23874012821998092,88,-0.23894186672585602,WLS,39,0.00020173850587509867
4,UPFC_Vse,5-15,0.05891633676601925,88,0.06353665562006047,WLS,39,0.004620318854041225
5,UPFC_tse,5-15,-2.120271500048898,88,-2.1957153499703965,WLS,39,0.07544384992149844
0,x_tcsc,1-14,-0.10283428376463617,89,-0.10282084727769869,WLS,39,1.3436486937482006e-05
1,B_svc,2,0.17045663845387196,89,0.17063268182808,WLS,39,0.00017604337420804028
2,UPFC_Vsh,5-15,1.1120042479444086,89,1.1083919092205516,WLS,39,0.0036123387238569116
3,UPFC_tsh,5-15,-0.23870783002336743,89,-0.23894186672585602,WLS,39,0.0002340367024885881
4,UPFC_Vse,5-15,0.058806720316553644,89,0.06353665562006047,WLS,39,0.004729935303506828
5,UPFC_tse,5-15,-2.1219582250485347,89,-2.1957153499703965,WLS,39,0.07375712492186182
0,x_tcsc,1-14,-0.10285653588955869,90,-0.10282084727769869,WLS,39,3.5688611859999164e-05
1,B_svc,2,0.17023768435047318,90,0.17063268182808,WLS,39,0.00039499747760682324
2,UPFC_Vsh,5-15,1.111165254656145,90,1.1083919092205516,WLS,39,0.0027733454355933773
3,UPFC_tsh,5-15,-0.2387615471271424,90,-0.23894186672585602,WLS,39,0.00018031959871361858
4,UPFC_Vse,5-15,0.05934640708091508,90,0.06353665562006047,WLS,39,0.004190248539145396
5,UPFC_tse,5-15,-2.1186331762502566,90,-2.1957153499703965,WLS,39,0.07708217372013992
0,x_tcsc,1-14,-0.10284065369397195,91,-0.10282084727769869,WLS,39,1.9806416273263072e-05
1,B_svc,2,0.1705524428444941,91,0.17063268182808,WLS,39,8.023898358588966e-05
2,UPFC_Vsh,5-15,1.1113878867246503,91,1.1083919092205516,WLS,39,0.0029959775040986347
3,UPFC_tsh,5-15,-0.23878901798142846,91,-0.23894186672585602,WLS,39,0.00015284874442755836
4,UPFC_Vse,5-15,0.058997996566499046,91,0.06353665562006047,WLS,39,0.004538659053561427
5,UPFC_tse,5-15,-2.1248109843787146,91,-2.1957153499703965,WLS,39,0.0709043655916819
0,x_tcsc,1-14,-0.10284594253975372,92,-0.10282084727769869,WLS,39,2.5095262055033207e-05
1,B_svc,2,0.17047533273260435,92,0.17063268182808,WLS,39,0.00015734909547565623
2,UPFC_Vsh,5-15,1.1115105773271374,92,1.1083919092205516,WLS,39,0.003118668106585787
3,UPFC_tsh,5-15,-0.23876528766691127,92,-0.23894186672585602,WLS,39,0.000176579058944748
4,UPFC_Vse,5-15,0.0597349703805259,92,0.06353665562006047,WLS,39,0.003801685239534572
5,UPFC_tse,5-15,-2.1212470478452277,92,-2.1957153499703965,WLS,39,0.07446830212516886
0,x_tcsc,1-14,-0.10283670364408436,93,-0.10282084727769869,WLS,39,1.5856366385666454e-05
1,B_svc,2,0.17026045101425347,93,0.17063268182808,WLS,39,0.0003722308138265351
2,UPFC_Vsh,5-15,1.1114603208467586,93,1.1083919092205516,WLS,39,0.0030684116262069683
3,UPFC_tsh,5-15,-0.23873022199848606,93,-0.23894186672585602,WLS,39,0.00021164472736995288
4,UPFC_Vse,5-15,0.059642358411487024,93,0.06353665562006047,WLS,39,0.003894297208573448
5,UPFC_tse,5-15,-2.1201117880274145,93,-2.1957153499703965,WLS,39,0.07560356194298201
0,x_tcsc,1-14,-0.1028408306783705,94,-0.10282084727769869,WLS,39,1.9983400671816365e-05
1,B_svc,2,0.17013984839320068,94,0.17063268182808,WLS,39,0.0004928334348793251
2,UPFC_Vsh,5-15,1.1114530153840418,94,1.1083919092205516,WLS,39,0.0030611061634902015
3,UPFC_tsh,5-15,-0.23870395800859706,94,-0.23894186672585602,WLS,39,0.00023790871725895557
4,UPFC_Vse,5-15,0.0587028815836388,94,0.06353665562006047,WLS,39,0.00483377403642167
5,UPFC_tse,5-15,-2.1211126175068054,94,-2.1957153499703965,WLS,39,0.07460273246359117
0,x_tcsc,1-14,-0.10283353314719211,95,-0.10282084727769869,WLS,39,1.2685869493420099e-05
1,B_svc,2,0.1705603722860582,95,0.17063268182808,WLS,39,7.230954202180895e-05
2,UPFC_Vsh,5-15,1.1113516744528233,95,1.1083919092205516,WLS,39,0.002959765232271705
3,UPFC_tsh,5-15,-0.238696335238231,95,-0.23894186672585602,WLS,39,0.000245531487625017
4,UPFC_Vse,5-15,0.05954485654706651,95,0.06353665562006047,WLS,39,0.003991799072993962
5,UPFC_tse,5-15,-2.1224402000083336,95,-2.1957153499703965,WLS,39,0.07327514996206297
0,x_tcsc,1-14,-0.10284118926404456,96,-0.10282084727769869,WLS,39,2.0341986345873142e-05
1,B_svc,2,0.1700327670730682,96,0.17063268182808,WLS,39,0.00059991475501181
2,UPFC_Vsh,5-15,1.1112649203544078,96,1.1083919092205516,WLS,39,0.002873011133856185
3,UPFC_tsh,5-15,-0.23868012908050373,96,-0.23894186672585602,WLS,39,0.0002617376453522835
4,UPFC_Vse,5-15,0.05871341015639133,96,0.06353665562006047,WLS,39,0.004823245463669142
5,UPFC_tse,5-15,-2.1228158152841043,96,-2.1957153499703965,WLS,39,0.07289953468629218
0,x_tcsc,1-14,-0.10284580583583698,97,-0.10282084727769869,WLS,39,2.4958558138291065e-05
1,B_svc,2,0.17087203876884444,97,0.17063268182808,WLS,39,0.0002393569407644347
2,UPFC_Vsh,5-15,1.1113534177244564,97,1.1083919092205516,WLS,39,0.002961508503904753
3,UPFC_tsh,5-15,-0.2387901268585239,97,-0.23894186672585602,WLS,39,0.00015173986733210687
4,UPFC_Vse,5-15,0.0594168646035722,97,0.06353665562006047,WLS,39,0.004119791016488274
5,UPFC_tse,5-15,-2.1203087527631577,97,-2.1957153499703965,WLS,39,0.07540659720723886
0,x_tcsc,1-14,-0.10283733860390337,98,-0.10282084727769869,WLS,39,1.6491326204681744e-05
1,B_svc,2,0.17040870475708836,98,0.17063268182808,WLS,39,0.00022397707099164332
2,UPFC_Vsh,5-15,1.1116175718230488,98,1.1083919092205516,WLS,39,0.0032256626024971258
3,UPFC_tsh,5-15,-0.23868019751447486,98,-0.23894186672585602,WLS,39,0.00026166921138115473
4,UPFC_Vse,5-15,0.05912017453122671,98,0.06353665562006047,WLS,39,0.00441648108883376
5,UPFC_tse,5-15,-2.120642848359867,98,-2.1957153499703965,WLS,39,0.07507250161052959
0,x_tcsc,1-14,-0.10284580097290245,99,-0.10282084727769869,WLS,39,2.495369520376378e-05
1,B_svc,2,0.17086210195646492,99,0.17063268182808,WLS,39,0.00022942012838492176
2,UPFC_Vsh,5-15,1.1115314770145022,99,1.1083919092205516,WLS,39,0.003139567793950526
3,UPFC_tsh,5-15,-0.23878070209741284,99,-0.23894186672585602,WLS,39,0.0001611646284431778
4,UPFC_Vse,5-15,0.059856057065535914,99,0.06353665562006047,WLS,39,0.0036805985545245584
5,UPFC_tse,5-15,-2.124310345990464,99,-2.1957153499703965,WLS,39,0.07140500397993232
0,x_tcsc,1-14,-0.10180143382527322,0,-0.10177440226193647,WLS,41,2.7031563336749054e-05
1,B_svc,2,0.16913418202747188,0,0.1696304623584784,WLS,41,0.0004962803310065156
2,UPFC_Vsh,5-15,1.1087778461560127,0,1.1093945489559667,WLS,41,0.0006167027999539609
3,UPFC_tsh,5-15,-0.2401474580083331,0,-0.24013954761767484,WLS,41,7.910390658255606e-06
4,UPFC_Vse,5-15,0.06315582185917229,0,0.06329343109216622,WLS,41,0.00013760923299392658
5,UPFC_tse,5-15,-2.191605613012654,0,-2.191750636357216,WLS,41,0.00014502334456212296
0,x_tcsc,1-14,-0.10179299976595259,1,-0.10177440226193647,WLS,41,1.8597504016115707e-05
1,B_svc,2,0.1693271917303137,1,0.1696304623584784,WLS,41,0.00030327062816470907
2,UPFC_Vsh,5-15,1.1086727354734602,1,1.1093945489559667,WLS,41,0.0007218134825064393
3,UPFC_tsh,5-15,-0.24010607829741157,1,-0.24013954761767484,WLS,41,3.346932026326854e-05
4,UPFC_Vse,5-15,0.06348972200902941,1,0.06329343109216622,WLS,41,0.00019629091686319822
5,UPFC_tse,5-15,-2.188738882136267,1,-2.191750636357216,WLS,41,0.0030117542209491255
0,x_tcsc,1-14,-0.10178548639192887,2,-0.10177440226193647,WLS,41,1.1084129992400271e-05
1,B_svc,2,0.1694206326193039,2,0.1696304623584784,WLS,41,0.0002098297391744941
2,UPFC_Vsh,5-15,1.1088885836156042,2,1.1093945489559667,WLS,41,0.0005059653403625131
3,UPFC_tsh,5-15,-0.24011988459918393,2,-0.24013954761767484,WLS,41,1.9663018490906348e-05
4,UPFC_Vse,5-15,0.06310570994898752,2,0.06329343109216622,WLS,41,0.00018772114317869293
5,UPFC_tse,5-15,-2.1926860542200184,2,-2.191750636357216,WLS,41,0.000935417862802268
0,x_tcsc,1-14,-0.10178550340809417,3,-0.10177440226193647,WLS,41,1.1101146157696529e-05
1,B_svc,2,0.16975436638303537,3,0.1696304623584784,WLS,41,0.00012390402455697558
2,UPFC_Vsh,5-15,1.1083168928731268,3,1.1093945489559667,WLS,41,0.0010776560828398285
3,UPFC_tsh,5-15,-0.24020129045789054,3,-0.24013954761767484,WLS,41,6.174284021570609e-05
4,UPFC_Vse,5-15,0.06371427617514974,3,0.06329343109216622,WLS,41,0.00042084508298352585
5,UPFC_tse,5-15,-2.1934171453961655,3,-2.191750636357216,WLS,41,0.001666509038949382
0,x_tcsc,1-14,-0.10178382078534112,4,-0.10177440226193647,WLS,41,9.418523404650103e-06
1,B_svc,2,0.16969923630788392,4,0.1696304623584784,WLS,41,6.877394940552062e-05
2,UPFC_Vsh,5-15,1.108672560006606,4,1.1093945489559667,WLS,41,0.0007219889493605969
3,UPFC_tsh,5-15,-0.24015363436828996,4,-0.24013954761767484,WLS,41,1.4086750615122101e-05
4,UPFC_Vse,5-15,0.06271989017033622,4,0.06329343109216622,WLS,41,0.0005735409218299986
5,UPFC_tse,5-15,-2.1921647751928544,4,-2.191750636357216,WLS,41,0.0004141388356382336
0,x_tcsc,1-14,-0.1017817671400462,5,-0.10177440226193647,WLS,41,7.364878109733519e-06
1,B_svc,2,0.16947070366559822,5,0.1696304623584784,WLS,41,0.00015975869288017974
2,UPFC_Vsh,5-15,1.1087202856784975,5,1.1093945489559667,WLS,41,0.0006742632774692225
3,UPFC_tsh,5-15,-0.24018955560518265,5,-0.24013954761767484,WLS,41,5.000798750781632e-05
4,UPFC_Vse,5-15,0.06324295128438111,5,0.06329343109216622,WLS,41,5.0479807785108743e-05
5,UPFC_tse,5-15,-2.1934301097192352,5,-2.191750636357216,WLS,41,0.0016794733620191238
0,x_tcsc,1-14,-0.10178270346783806,6,-0.10177440226193647,WLS,41,8.30120590158967e-06
1,B_svc,2,0.16925404937556107,6,0.1696304623584784,WLS,41,0.0003764129829173235
2,UPFC_Vsh,5-15,1.108809615683158,6,1.1093945489559667,WLS,41,0.0005849332728087298
3,UPFC_tsh,5-15,-0.24019669616019926,6,-0.24013954761767484,WLS,41,5.714854252442114e-05
4,UPFC_Vse,5-15,0.06283161760826603,6,0.06329343109216622,WLS,41,0.00046181348390018917
5,UPFC_tse,5-15,-2.1935967646428254,6,-2.191750636357216,WLS,41,0.001846128285609261
0,x_tcsc,1-14,-0.1017926021641166,7,-0.10177440226193647,WLS,41,1.8199902180132677e-05
1,B_svc,2,0.16957908487902937,7,0.1696304623584784,WLS,41,5.1377479449027375e-05
2,UPFC_Vsh,5-15,1.108574190097871,7,1.1093945489559667,WLS,41,0.0008203588580957266
3,UPFC_tsh,5-15,-0.2401834830061683,7,-0.24013954761767484,WLS,41,4.3935388493454575e-05
4,UPFC_Vse,5-15,0.0629634464275584,7,0.06329343109216622,WLS,41,0.0003299846646078186
5,UPFC_tse,5-15,-2.189275178798144,7,-2.191750636357216,WLS,41,0.0024754575590719696
0,x_tcsc,1-14,-0.10178868043175207,8,-0.10177440226193647,WLS,41,1.4278169815598596e-05
1,B_svc,2,0.16950524763115923,8,0.1696304623584784,WLS,41,0.00012521472731916172
2,UPFC_Vsh,5-15,1.1085599214109154,8,1.1093945489559667,WLS,41,0.0008346275450512586
3,UPFC_tsh,5-15,-0.24012288949517588,8,-0.24013954761767484,WLS,41,1.665812249895815e-05
4,UPFC_Vse,5-15,0.06358186067855497,8,0.06329343109216622,WLS,41,0.0002884295863887498
5,UPFC_tse,5-15,-2.1881150725496714,8,-2.191750636357216,WLS,41,0.003635563807544706
0,x_tcsc,1-14,-0.10178956115724395,9,-0.10177440226193647,WLS,41,1.5158895307482156e-05
1,B_svc,2,0.16939199700977112,9,0.1696304623584784,WLS,41,0.00023846534870727853
2,UPFC_Vsh,5-15,1.10870983520308,9,1.1093945489559667,WLS,41,0.0006847137528867009
3,UPFC_tsh,5-15,-0.2401529401427064,9,-0.24013954761767484,WLS,41,1.3392525031574731e-05
4,UPFC_Vse,5-15,0.06294985848962467,9,0.06329343109216622,WLS,41,0.00034357260254154476
5,UPFC_tse,5-15,-2.192227427794905,9,-2.191750636357216,WLS,41,0.0004767914376890836
0,x_tcsc,1-14,-0.10178454445573895,10,-0.10177440226193647,WLS,41,1.0142193802478716e-05
1,B_svc,2,0.1695201729177314,10,0.1696304623584784,WLS,41,0.00011028944074700786
2,UPFC_Vsh,5-15,1.108399935552,10,1.1093945489559667,WLS,41,0.000994613403966671
3,UPFC_tsh,5-15,-0.24015506575744536,10,-0.24013954761767484,WLS,41,1.5518139770520634e-05
4,UPFC_Vse,5-15,0.06341891525143793,10,0.06329343109216622,WLS,41,0.00012548415927171597
5,UPFC_tse,5-15,-2.1878801259465233,10,-2.191750636357216,WLS,41,0.0038705104106928623
0,x_tcsc,1-14,-0.10178566037540672,11,-0.10177440226193647,WLS,41,1.1258113470247189e-05
1,B_svc,2,0.16994880236986834,11,0.1696304623584784,WLS,41,0.00031834001138994483
2,UPFC_Vsh,5-15,1.1082380177148528,11,1.1093945489559667,WLS,41,0.0011565312411139228
3,UPFC_tsh,5-15,-0.24017593448378444,11,-0.24013954761767484,WLS,41,3.638686610960007e-05
4,UPFC_Vse,5-15,0.06344026308938583,11,0.06329343109216622,WLS,41,0.0001468319972196125
5,UPFC_tse,5-15,-2.1917687537283026,11,-2.191750636357216,WLS,41,1.811737108647904e-05
0,x_tcsc,1-14,-0.10178321903503902,12,-0.10177440226193647,WLS,41,8.816773102549025e-06
1,B_svc,2,0.16933393665904914,12,0.1696304623584784,WLS,41,0.00029652569942925644
2,UPFC_Vsh,5-15,1.108554361802801,12,1.1093945489559667,WLS,41,0.0008401871531655836
3,UPFC_tsh,5-15,-0.240139874291033,12,-0.24013954761767484,WLS,41,3.2667335816971566e-07
4,UPFC_Vse,5-15,0.06391493766557928,12,0.06329343109216622,WLS,41,0.0006215065734130609
5,UPFC_tse,5-15,-2.189186471576707,12,-2.191750636357216,WLS,41,0.0025641647805092482
0,x_tcsc,1-14,-0.10178131275128371,13,-0.10177440226193647,WLS,41,6.910489347242144e-06
1,B_svc,2,0.16972375572215015,13,0.1696304623584784,WLS,41,9.329336367175367e-05
2,UPFC_Vsh,5-15,1.1086687004925695,13,1.1093945489559667,WLS,41,0.0007258484633971829
3,UPFC_tsh,5-15,-0.24014135433950137,13,-0.24013954761767484,WLS,41,1.806721826536073e-06
4,UPFC_Vse,5-15,0.0627942443847719,13,0.06329343109216622,WLS,41,0.0004991867073943224
5,UPFC_tse,5-15,-2.1956833574454753,13,-2.191750636357216,WLS,41,0.00393272108825915
0,x_tcsc,1-14,-0.10177785886800478,14,-0.10177440226193647,WLS,41,3.4566060683055566e-06
1,B_svc,2,0.16928575520841294,14,0.1696304623584784,WLS,41,0.0003447071500654597
2,UPFC_Vsh,5-15,1.1085236838505432,14,1.1093945489559667,WLS,41,0.0008708651054234462
3,UPFC_tsh,5-15,-0.24019646996388339,14,-0.24013954761767484,WLS,41,5.692234620854886e-05
4,UPFC_Vse,5-15,0.06305742667369743,14,0.06329343109216622,WLS,41,0.0002360044184687854
5,UPFC_tse,5-15,-2.1915198152758175,14,-2.191750636357216,WLS,41,0.00023082108139860225
0,x_tcsc,1-14,-0.10178515931688033,15,-0.10177440226193647,WLS,41,1.0757054943855149e-05
1,B_svc,2,0.16921643819935672,15,0.1696304623584784,WLS,41,0.0004140241591216731
2,UPFC_Vsh,5-15,1.108838655096873,15,1.1093945489559667,WLS,41,0.0005558938590937146
3,UPFC_tsh,5-15,-0.24015107981524436,15,-0.24013954761767484,WLS,41,1.1532197569524838e-05
4,UPFC_Vse,5-15,0.06308972034423004,15,0.06329343109216622,WLS,41,0.00020371074793618105
5,UPFC_tse,5-15,-2.190060250507169,15,-2.191750636357216,WLS,41,0.0016903858500469937
0,x_tcsc,1-14,-0.10178669785641825,16,-0.10177440226193647,WLS,41,1.2295594481778749e-05
1,B_svc,2,0.1696156518833198,16,0.1696304623584784,WLS,41,1.4810475158583136e-05
2,UPFC_Vsh,5-15,1.1087345005926004,16,1.1093945489559667,WLS,41,0.0006600483633663057
3,UPFC_tsh,5-15,-0.24013925072053588,16,-0.24013954761767484,WLS,41,2.9689713895719727e-07
4,UPFC_Vse,5-15,0.06254755086068713,16,0.06329343109216622,WLS,41,0.0007458802314790902
5,UPFC_tse,5-15,-2.1957593537254345,16,-2.191750636357216,WLS,41,0.004008717368218395
0,x_tcsc,1-14,-0.10179884391876227,17,-0.10177440226193647,WLS,41,2.4441656825802127e-05
1,B_svc,2,0.1696885477664825,17,0.1696304623584784,WLS,41,5.808540800411599e-05
2,UPFC_Vsh,5-15,1.1088036379571646,17,1.1093945489559667,WLS,41,0.0005909109988020411
3,UPFC_tsh,5-15,-0.2402380684665084,17,-0.24013954761767484,WLS,41,9.852084883354983e-05
4,UPFC_Vse,5-15,0.06373630487777465,17,0.06329343109216622,WLS,41,0.0004428737856084358
5,UPFC_tse,5-15,-2.1888688656016786,17,-2.191750636357216,WLS,41,0.002881770755537527
0,x_tcsc,1-14,-0.10179424905880517,18,-0.10177440226193647,WLS,41,1.9846796868699945e-05
1,B_svc,2,0.16920152110356776,18,0.1696304623584784,WLS,41,0.0004289412549106364
2,UPFC_Vsh,5-15,1.1086303224875083,18,1.1093945489559667,WLS,41,0.0007642264684584177
3,UPFC_tsh,5-15,-0.24022004203311334,18,-0.24013954761767484,WLS,41,8.049441543850344e-05
4,UPFC_Vse,5-15,0.06336634321153897,18,0.06329343109216622,WLS,41,7.29121193727561e-05
5,UPFC_tse,5-15,-2.1918381784953747,18,-2.191750636357216,WLS,41,8.754213815853618e-05
0,x_tcsc,1-14,-0.10177748064116911,19,-0.10177440226193647,WLS,41,3.078379232634987e-06
1,B_svc,2,0.1691407009323841,19,0.1696304623584784,WLS,41,0.000489761426094304
2,UPFC_Vsh,5-15,1.1085695715281363,19,1.1093945489559667,WLS,41,0.0008249774278303867
3,UPFC_tsh,5-15,-0.2401462244764349,19,-0.24013954761767484,WLS,41,6.676858760074067e-06
4,UPFC_Vse,5-15,0.06316990371443006,19,0.06329343109216622,WLS,41,0.00012352737773616007
5,UPFC_tse,5-15,-2.1899179870250034,19,-2.191750636357216,WLS,41,0.0018326493322127213
0,x_tcsc,1-14,-0.10179330882330485,20,-0.10177440226193647,WLS,41,1.8906561368381425e-05
1,B_svc,2,0.16980299526282036,20,0.1696304623584784,WLS,41,0.00017253290434196544
2,UPFC_Vsh,5-15,1.108697141427875,20,1.1093945489559667,WLS,41,0.0006974075280916647
3,UPFC_tsh,5-15,-0.2401857625959987,20,-0.24013954761767484,WLS,41,4.621497832385524e-05
4,UPFC_Vse,5-15,0.06279086183259254,20,0.06329343109216622,WLS,41,0.0005025692595736764
5,UPFC_tse,5-15,-2.192852608768822,20,-2.191750636357216,WLS,41,0.0011019724116057006
0,x_tcsc,1-14,-0.10179935704490059,21,-0.10177440226193647,WLS,41,2.4954782964117794e-05
1,B_svc,2,0.1698518502431739,21,0.1696304623584784,WLS,41,0.00022138788469550086
2,UPFC_Vsh,5-15,1.1092259337538013,21,1.1093945489559667,WLS,41,0.00016861520216537862
3,UPFC_tsh,5-15,-0.24001819212760303,21,-0.24013954761767484,WLS,41,0.00012135549007180613
4,UPFC_Vse,5-15,0.06298724056427006,21,0.06329343109216622,WLS,41,0.0003061905278961552
5,UPFC_tse,5-15,-2.1925798091785476,21,-2.191750636357216,WLS,41,0.0008291728213314364
0,x_tcsc,1-14,-0.10179640300588659,22,-0.10177440226193647,WLS,41,2.2000743950117974e-05
1,B_svc,2,0.16923095041642455,22,0.1696304623584784,WLS,41,0.0003995119420538429
2,UPFC_Vsh,5-15,1.1087286579715172,22,1.1093945489559667,WLS,41,0.0006658909844494687
3,UPFC_tsh,5-15,-0.24022193895881377,22,-0.24013954761767484,WLS,41,8.239134113893765e-05
4,UPFC_Vse,5-15,0.06306160100451477,22,0.06329343109216622,WLS,41,0.00023183008765144397
5,UPFC_tse,5-15,-2.191315861747519,22,-2.191750636357216,WLS,41,0.00043477460969709725
0,x_tcsc,1-14,-0.1017836124222931,23,-0.10177440226193647,WLS,41,9.210160356626362e-06
1,B_svc,2,0.17001002261513354,23,0.1696304623584784,WLS,41,0.0003795602566551426
2,UPFC_Vsh,5-15,1.1085163018166517,23,1.1093945489559667,WLS,41,0.0008782471393149471
3,UPFC_tsh,5-15,-0.24024911179095426,23,-0.24013954761767484,WLS,41,0.00010956417327942503
4,UPFC_Vse,5-15,0.06298695747646149,23,0.06329343109216622,WLS,41,0.00030647361570472487
5,UPFC_tse,5-15,-2.193105725467218,23,-2.191750636357216,WLS,41,0.001355089110001817
0,x_tcsc,1-14,-0.10179314727679872,24,-0.10177440226193647,WLS,41,1.8745014862250886e-05
1,B_svc,2,0.16980881724533575,24,0.1696304623584784,WLS,41,0.000178354886857357
2,UPFC_Vsh,5-15,1.1087745418481498,24,1.1093945489559667,WLS,41,0.0006200071078168445
3,UPFC_tsh,5-15,-0.24017972946062638,24,-0.24013954761767484,WLS,41,4.0181842951542146e-05
4,UPFC_Vse,5-15,0.06367396597365345,24,0.06329343109216622,WLS,41,0.00038053488148723225
5,UPFC_tse,5-15,-2.193257328248457,24,-2.191750636357216,WLS,41,0.0015066918912407523
0,x_tcsc,1-14,-0.101797606315069,25,-0.10177440226193647,WLS,41,2.320405313252505e-05
1,B_svc,2,0.1698316656102816,25,0.1696304623584784,WLS,41,0.0002012032518032003
2,UPFC_Vsh,5-15,1.108889921957528,25,1.1093945489559667,WLS,41,0.0005046269984387841
3,UPFC_tsh,5-15,-0.2401325680287889,25,-0.24013954761767484,WLS,41,6.97958888593031e-06
4,UPFC_Vse,5-15,0.06323662936408195,25,0.06329343109216622,WLS,41,5.6801728084268643e-05
5,UPFC_tse,5-15,-2.193054402542761,25,-2.191750636357216,WLS,41,0.0013037661855448412
0,x_tcsc,1-14,-0.10177633841364142,26,-0.10177440226193647,WLS,41,1.936151704948208e-06
1,B_svc,2,0.16973977229054554,26,0.1696304623584784,WLS,41,0.00010930993206714756
2,UPFC_Vsh,5-15,1.1088145776671783,26,1.1093945489559667,WLS,41,0.0005799712887883945
3,UPFC_tsh,5-15,-0.24014336296750732,26,-0.24013954761767484,WLS,41,3.815349832486659e-06
4,UPFC_Vse,5-15,0.06282246053819932,26,0.06329343109216622,WLS,41,0.00047097055396690124
5,UPFC_tse,5-15,-2.190899079707305,26,-2.191750636357216,WLS,41,0.0008515566499109894
0,x_tcsc,1-14,-0.10178672146124616,27,-0.10177440226193647,WLS,41,1.2319199309690498e-05
1,B_svc,2,0.1695093552908771,27,0.1696304623584784,WLS,41,0.00012110706760129486
2,UPFC_Vsh,5-15,1.1086938813922305,27,1.1093945489559667,WLS,41,0.0007006675637362125
3,UPFC_tsh,5-15,-0.24021524537821265,27,-0.24013954761767484,WLS,41,7.569776053781285e-05
4,UPFC_Vse,5-15,0.06284778889479237,27,0.06329343109216622,WLS,41,0.00044564219737384947
5,UPFC_tse,5-15,-2.19446284492737,27,-2.191750636357216,WLS,41,0.0027122085701538623
0,x_tcsc,1-14,-0.1017815481754499,28,-0.10177440226193647,WLS,41,7.145913513431634e-06
1,B_svc,2,0.16948616229503502,28,0.1696304623584784,WLS,41,0.00014430006344337554
2,UPFC_Vsh,5-15,1.1086808791363203,28,1.1093945489559667,WLS,41,0.0007136698196463787
3,UPFC_tsh,5-15,-0.24017353995094304,28,-0.24013954761767484,WLS,41,3.399233326820128e-05
4,UPFC_Vse,5-15,0.06327624399649284,28,0.06329343109216622,WLS,41,1.7187095673373842e-05
5,UPFC_tse,5-15,-2.1922276522271162,28,-2.191750636357216,WLS,41,0.00047701586990012146
0,x_tcsc,1-14,-0.10178256831882951,29,-0.10177440226193647,WLS,41,8.166056893035845e-06
1,B_svc,2,0.16941859000149703,29,0.1696304623584784,WLS,41,0.00021187235698136297
2,UPFC_Vsh,5-15,1.1086218865608897,29,1.1093945489559667,WLS,41,0.0007726623950770062
3,UPFC_tsh,5-15,-0.24012673155707778,29,-0.24013954761767484,WLS,41,1.281606059705398e-05
4,UPFC_Vse,5-15,0.06286183538705162,29,0.06329343109216622,WLS,41,0.00043159570511459855
5,UPFC_tse,5-15,-2.1950984374379767,29,-2.191750636357216,WLS,41,0.003347801080760604
0,x_tcsc,1-14,-0.10177949048033308,30,-0.10177440226193647,WLS,41,5.08821839660667e-06
1,B_svc,2,0.1695816502195569,30,0.1696304623584784,WLS,41,4.881213892149461e-05
2,UPFC_Vsh,5-15,1.1087452157555868,30,1.1093945489559667,WLS,41,0.0006493332003798535
3,UPFC_tsh,5-15,-0.24015392811622632,30,-0.24013954761767484,WLS,41,1.4380498551486154e-05
4,UPFC_Vse,5-15,0.06350466007202588,30,0.06329343109216622,WLS,41,0.0002112289798596595
5,UPFC_tse,5-15,-2.192795591115281,30,-2.191750636357216,WLS,41,0.0010449547580648755
0,x_tcsc,1-14,-0.10177746415680132,31,-0.10177440226193647,WLS,41,3.0618948648475364e-06
1,B_svc,2,0.16935923621622917,31,0.1696304623584784,WLS,41,0.0002712261422492257
2,UPFC_Vsh,5-15,1.108858161077431,31,1.1093945489559667,WLS,41,0.0005363878785356047
3,UPFC_tsh,5-15,-0.24014333182336828,31,-0.24013954761767484,WLS,41,3.7842056934411783e-06
4,UPFC_Vse,5-15,0.06324196643631316,31,0.06329343109216622,WLS,41,5.146465585305349e-05
5,UPFC_tse,5-15,-2.192462111527478,31,-2.191750636357216,WLS,41,0.0007114751702617106
0,x_tcsc,1-14,-0.10178980306566243,32,-0.10177440226193647,WLS,41,1.5400803725959533e-05
1,B_svc,2,0.1697380624259008,32,0.1696304623584784,WLS,41,0.00010760006742241424
2,UPFC_Vsh,5-15,1.1084956161215425,32,1.1093945489559667,WLS,41,0.0008989328344242153
3,UPFC_tsh,5-15,-0.24014770266921046,32,-0.24013954761767484,WLS,41,8.155051535618796e-06
4,UPFC_Vse,5-15,0.06310838254928376,32,0.06329343109216622,WLS,41,0.00018504854288245443
5,UPFC_tse,5-15,-2.191665585576831,32,-2.191750636357216,WLS,41,8.505078038512082e-05
0,x_tcsc,1-14,-0.10178601389075477,33,-0.10177440226193647,WLS,41,1.1611628818297692e-05
1,B_svc,2,0.16922796505872995,33,0.1696304623584784,WLS,41,0.00040249729974844994
2,UPFC_Vsh,5-15,1.108327929127303,33,1.1093945489559667,WLS,41,0.0010666198286637396
3,UPFC_tsh,5-15,-0.24017335850072785,33,-0.24013954761767484,WLS,41,3.381088305301483e-05
4,UPFC_Vse,5-15,0.06303266431986526,33,0.06329343109216622,WLS,41,0.0002607667723009549
5,UPFC_tse,5-15,-2.192482363788024,33,-2.191750636357216,WLS,41,0.0007317274308080712
0,x_tcsc,1-14,-0.10178138220973092,34,-0.10177440226193647,WLS,41,6.97994779444433e-06
1,B_svc,2,0.16954775629556207,34,0.1696304623584784,WLS,41,8.270606291632676e-05
2,UPFC_Vsh,5-15,1.1089872881199905,34,1.1093945489559667,WLS,41,0.00040726083597619755
3,UPFC_tsh,5-15,-0.24006428840983673,34,-0.24013954761767484,WLS,41,7.525920783810203e-05
4,UPFC_Vse,5-15,0.06342444840452488,34,0.06329343109216622,WLS,41,0.00013101731235866387
5,UPFC_tse,5-15,-2.188399527520421,34,-2.191750636357216,WLS,41,0.0033511088367950137
0,x_tcsc,1-14,-0.10179292962515904,35,-0.10177440226193647,WLS,41,1.8527363222567428e-05
1,B_svc,2,0.1698340883457669,35,0.1696304623584784,WLS,41,0.00020362598728851378
2,UPFC_Vsh,5-15,1.108761264978992,35,1.1093945489559667,WLS,41,0.0006332839769747078
3,UPFC_tsh,5-15,-0.24011623250143932,35,-0.24013954761767484,WLS,41,2.3315116235517186e-05
4,UPFC_Vse,5-15,0.0633692716276284,35,0.06329343109216622,WLS,41,7.584053546218217e-05
5,UPFC_tse,5-15,-2.1908001362375615,35,-2.191750636357216,WLS,41,0.0009505001196545848
0,x_tcsc,1-14,-0.10178849703360006,36,-0.10177440226193647,WLS,41,1.4094771663586414e-05
1,B_svc,2,0.16943754082016615,36,0.1696304623584784,WLS,41,0.00019292153831224068
2,UPFC_Vsh,5-15,1.1090877901451173,36,1.1093945489559667,WLS,41,0.0003067588108494057
3,UPFC_tsh,5-15,-0.2401060006819518,36,-0.24013954761767484,WLS,41,3.354693572305001e-05
4,UPFC_Vse,5-15,0.06293082003489657,36,0.06329343109216622,WLS,41,0.00036261105726964615
5,UPFC_tse,5-15,-2.192170499991375,36,-2.191750636357216,WLS,41,0.00041986363415880135
0,x_tcsc,1-14,-0.10178676643866799,37,-0.10177440226193647,WLS,41,1.2364176731519128e-05
1,B_svc,2,0.16916559385231658,37,0.1696304623584784,WLS,41,0.0004648685061618141
2,UPFC_Vsh,5-15,1.1084603267118194,37,1.1093945489559667,WLS,41,0.000934222244147298
3,UPFC_tsh,5-15,-0.24014620905420558,37,-0.24013954761767484,WLS,41,6.6614365307471335e-06
4,UPFC_Vse,5-15,0.06274138718640443,37,0.06329343109216622,WLS,41,0.0005520439057617871
5,UPFC_tse,5-15,-2.1952575227200914,37,-2.191750636357216,WLS,41,0.0035068863628753277
0,x_tcsc,1-14,-0.10178235230301501,38,-0.10177440226193647,WLS,41,7.95004107853603e-06
1,B_svc,2,0.16896309582606697,38,0.1696304623584784,WLS,41,0.0006673665324114231
2,UPFC_Vsh,5-15,1.1080327838525732,38,1.1093945489559667,WLS,41,0.0013617651033934752
3,UPFC_tsh,5-15,-0.2401866458887059,38,-0.24013954761767484,WLS,41,4.709827103105413e-05
4,UPFC_Vse,5-15,0.06308340165708955,38,0.06329343109216622,WLS,41,0.0002100294350766696
5,UPFC_tse,5-15,-2.1890793491197873,38,-2.191750636357216,WLS,41,0.002671287237428821
0,x_tcsc,1-14,-0.1017878524905213,39,-0.10177440226193647,WLS,41,1.3450228584829804e-05
1,B_svc,2,0.16948574721478427,39,0.1696304623584784,WLS,41,0.00014471514369412963
2,UPFC_Vsh,5-15,1.1084855740912527,39,1.1093945489559667,WLS,41,0.0009089748647139739
3,UPFC_tsh,5-15,-0.24017332483611803,39,-0.24013954761767484,WLS,41,3.3777218443192814e-05
4,UPFC_Vse,5-15,0.06296409544080801,39,0.06329343109216622,WLS,41,0.00032933565135820353
5,UPFC_tse,5-15,-2.190275926933085,39,-2.191750636357216,WLS,41,0.001474709424130971
0,x_tcsc,1-14,-0.10179870541964466,40,-0.10177440226193647,WLS,41,2.4303157708183143e-05
1,B_svc,2,0.16886051249019735,40,0.1696304623584784,WLS,41,0.0007699498682810502
2,UPFC_Vsh,5-15,1.1081791434174313,40,1.1093945489559667,WLS,41,0.0012154055385353857
3,UPFC_tsh,5-15,-0.24022718489740255,40,-0.24013954761767484,WLS,41,8.763727972771473e-05
4,UPFC_Vse,5-15,0.06309998904025065,40,0.06329343109216622,WLS,41,0.00019344205191557107
5,UPFC_tse,5-15,-2.1912966564541723,40,-2.191750636357216,WLS,41,0.00045397990304385516
0,x_tcsc,1-14,-0.10178537085471519,41,-0.10177440226193647,WLS,41,1.0968592778715092e-05
1,B_svc,2,0.1695517016239238,41,0.1696304623584784,WLS,41,7.876073455459487e-05
2,UPFC_Vsh,5-15,1.1087306476780567,41,1.1093945489559667,WLS,41,0.0006639012779099396
3,UPFC_tsh,5-15,-0.24016124215237686,41,-0.24013954761767484,WLS,41,2.169453470202143e-05
4,UPFC_Vse,5-15,0.06340483247890286,41,0.06329343109216622,WLS,41,0.0001114013867366398
5,UPFC_tse,5-15,-2.1917703509480995,41,-2.191750636357216,WLS,41,1.971459088334626e-05
0,x_tcsc,1-14,-0.10179478618017812,42,-0.10177440226193647,WLS,41,2.0383918241648202e-05
1,B_svc,2,0.16937897774334604,42,0.1696304623584784,WLS,41,0.000251484615132358
2,UPFC_Vsh,5-15,1.1088364013188912,42,1.1093945489559667,WLS,41,0.0005581476370755123
3,UPFC_tsh,5-15,-0.24016198333511773,42,-0.24013954761767484,WLS,41,2.2435717442897962e-05
4,UPFC_Vse,5-15,0.0630249771936071,42,0.06329343109216622,WLS,41,0.00026845389855911783
5,UPFC_tse,5-15,-2.191297218175467,42,-2.191750636357216,WLS,41,0.00045341818174904347
0,x_tcsc,1-14,-0.1018014983242614,43,-0.10177440226193647,WLS,41,2.7096062324927228e-05
1,B_svc,2,0.16961572078561415,43,0.1696304623584784,WLS,41,1.4741572864240826e-05
2,UPFC_Vsh,5-15,1.1086533254184414,43,1.1093945489559667,WLS,41,0.0007412235375252596
3,UPFC_tsh,5-15,-0.24020044389871098,43,-0.24013954761767484,WLS,41,6.089628103614353e-05
4,UPFC_Vse,5-15,0.0634805771580967,43,0.06329343109216622,WLS,41,0.00018714606593048244
5,UPFC_tse,5-15,-2.1929434928403286,43,-2.191750636357216,WLS,41,0.0011928564831125144
0,x_tcsc,1-14,-0.10177696589549469,44,-0.10177440226193647,WLS,41,2.5636335582168712e-06
1,B_svc,2,0.1698810238459596,44,0.1696304623584784,WLS,41,0.00025056148748120455
2,UPFC_Vsh,5-15,1.1088797077147161,44,1.1093945489559667,WLS,41,0.0005148412412505632
3,UPFC_tsh,5-15,-0.24014373967186092,44,-0.24013954761767484,WLS,41,4.192054186086258e-06
4,UPFC_Vse,5-15,0.0637366830608178,44,0.06329343109216622,WLS,41,0.00044325196865158123
5,UPFC_tse,5-15,-2.1892861052428225,44,-2.191750636357216,WLS,41,0.0024645311143935977
0,x_tcsc,1-14,-0.10179176560244582,45,-0.10177440226193647,WLS,41,1.736334050934929e-05
1,B_svc,2,0.16973407502091892,45,0.1696304623584784,WLS,41,0.00010361266244052203
2,UPFC_Vsh,5-15,1.1085591560558352,45,1.1093945489559667,WLS,41,0.0008353929001314597
3,UPFC_tsh,5-15,-0.2401671995250017,45,-0.24013954761767484,WLS,41,2.765190732686995e-05
4,UPFC_Vse,5-15,0.06338968557770613,45,0.06329343109216622,WLS,41,9.625448553991778e-05
5,UPFC_tse,5-15,-2.1920966070799155,45,-2.191750636357216,WLS,41,0.00034597072269937357
0,x_tcsc,1-14,-0.10178320001247701,46,-0.10177440226193647,WLS,41,8.79775054053733e-06
1,B_svc,2,0.1695344469113492,46,0.1696304623584784,WLS,41,9.601544712919963e-05
2,UPFC_Vsh,5-15,1.1085134986414236,46,1.1093945489559667,WLS,41,0.0008810503145431081
3,UPFC_tsh,5-15,-0.24014799424839237,46,-0.24013954761767484,WLS,41,8.446630717529047e-06
4,UPFC_Vse,5-15,0.06336286426133496,46,0.06329343109216622,WLS,41,6.94331691687422e-05
5,UPFC_tse,5-15,-2.189372023252,46,-2.191750636357216,WLS,41,0.002378613105216143
0,x_tcsc,1-14,-0.10179314108592202,47,-0.10177440226193647,WLS,41,1.8738823985550712e-05
1,B_svc,2,0.16941129368207608,47,0.1696304623584784,WLS,41,0.00021916867640231485
2,UPFC_Vsh,5-15,1.1086056548347112,47,1.1093945489559667,WLS,41,0.0007888941212554901
3,UPFC_tsh,5-15,-0.24016255166157102,47,-0.24013954761767484,WLS,41,2.3004043896185378e-05
4,UPFC_Vse,5-15,0.06299236881205601,47,0.06329343109216622,WLS,41,0.00030106228011020364
5,UPFC_tse,5-15,-2.19448483520421,47,-2.191750636357216,WLS,41,0.002734198846993774
0,x_tcsc,1-14,-0.10178570678374628,48,-0.10177440226193647,WLS,41,1.1304521809807344e-05
1,B_svc,2,0.16934689581412146,48,0.1696304623584784,WLS,41,0.0002835665443569335
2,UPFC_Vsh,5-15,1.1089153868571282,48,1.1093945489559667,WLS,41,0.0004791620988384704
3,UPFC_tsh,5-15,-0.24014945182903208,48,-0.24013954761767484,WLS,41,9.904211357242287e-06
4,UPFC_Vse,5-15,0.06266799194072178,48,0.06329343109216622,WLS,41,0.0006254391514444319
5,UPFC_tse,5-15,-2.1933246120747687,48,-2.191750636357216,WLS,41,0.0015739757175525781
0,x_tcsc,1-14,-0.10178386895719305,49,-0.10177440226193647,WLS,41,9.466695256574176e-06
1,B_svc,2,0.16991390896913333,49,0.1696304623584784,WLS,41,0.00028344661065493604
2,UPFC_Vsh,5-15,1.1082922666837853,49,1.1093945489559667,WLS,41,0.001102282272181343
3,UPFC_tsh,5-15,-0.24016174474443613,49,-0.24013954761767484,WLS,41,2.219712676129748e-05
4,UPFC_Vse,5-15,0.06276210880521012,49,0.06329343109216622,WLS,41,0.0005313222869560985
5,UPFC_tse,5-15,-2.1927650737546,49,-2.191750636357216,WLS,41,0.0010144373973837162
0,x_tcsc,1-14,-0.10178263489303088,50,-0.10177440226193647,WLS,41,8.232631094409748e-06
1,B_svc,2,0.16933975729983058,50,0.1696304623584784,WLS,41,0.00029070505864781104
2,UPFC_Vsh,5-15,1.1085135768403769,50,1.1093945489559667,WLS,41,0.0008809721155897954
3,UPFC_tsh,5-15,-0.24016781124021835,50,-0.24013954761767484,WLS,41,2.826362254351733e-05
4,UPFC_Vse,5-15,0.06347354707848749,50,0.06329343109216622,WLS,41,0.00018011598632126924
5,UPFC_tse,5-15,-2.1921550008814354,50,-2.191750636357216,WLS,41,0.000404364524219325
0,x_tcsc,1-14,-0.10179114203093252,51,-0.10177440226193647,WLS,41,1.673976899604912e-05
1,B_svc,2,0.16972864842736954,51,0.1696304623584784,WLS,41,9.81860688911429e-05
2,UPFC_Vsh,5-15,1.1087288317291917,51,1.1093945489559667,WLS,41,0.0006657172267749978
3,UPFC_tsh,5-15,-0.24015224310373218,51,-0.24013954761767484,WLS,41,1.2695486057340277e-05
4,UPFC_Vse,5-15,0.06328456851822817,51,0.06329343109216622,WLS,41,8.862573938048235e-06
5,UPFC_tse,5-15,-2.1917343648628433,51,-2.191750636357216,WLS,41,1.6271494372777084e-05
0,x_tcsc,1-14,-0.10179461343921818,52,-0.10177440226193647,WLS,41,2.021117728170929e-05
1,B_svc,2,0.1699166518193066,52,0.1696304623584784,WLS,41,0.0002861894608282012
2,UPFC_Vsh,5-15,1.1087845921042614,52,1.1093945489559667,WLS,41,0.0006099568517052845
3,UPFC_tsh,5-15,-0.24011206441222369,52,-0.24013954761767484,WLS,41,2.7483205451150905e-05
4,UPFC_Vse,5-15,0.06352157864100723,52,0.06329343109216622,WLS,41,0.0002281475488410123
5,UPFC_tse,5-15,-2.1910353422444193,52,-2.191750636357216,WLS,41,0.0007152941127968049
0,x_tcsc,1-14,-0.101782609147844,53,-0.10177440226193647,WLS,41,8.206885907524608e-06
1,B_svc,2,0.16928811146046394,53,0.1696304623584784,WLS,41,0.0003423508980144596
2,UPFC_Vsh,5-15,1.1088213964771247,53,1.1093945489559667,WLS,41,0.0005731524788419318
3,UPFC_tsh,5-15,-0.24011322085562078,53,-0.24013954761767484,WLS,41,2.6326762054051933e-05
4,UPFC_Vse,5-15,0.0632732599244386,53,0.06329343109216622,WLS,41,2.017116772762284e-05
5,UPFC_tse,5-15,-2.188708515347308,53,-2.191750636357216,WLS,41,0.003042121009908083
0,x_tcsc,1-14,-0.10178154523245782,54,-0.10177440226193647,WLS,41,7.142970521345493e-06
1,B_svc,2,0.16963433839915004,54,0.1696304623584784,WLS,41,3.876040671646486e-06
2,UPFC_Vsh,5-15,1.1090076119337153,54,1.1093945489559667,WLS,41,0.0003869370222513435
3,UPFC_tsh,5-15,-0.24007902764710173,54,-0.24013954761767484,WLS,41,6.051997057310299e-05
4,UPFC_Vse,5-15,0.0631909318924166,54,0.06329343109216622,WLS,41,0.00010249919974961164
5,UPFC_tse,5-15,-2.1922268369362774,54,-2.191750636357216,WLS,41,0.0004762005790612811
0,x_tcsc,1-14,-0.10177997356980806,55,-0.10177440226193647,WLS,41,5.571307871585218e-06
1,B_svc,2,0.16994612262273187,55,0.1696304623584784,WLS,41,0.0003156602642534756
2,UPFC_Vsh,5-15,1.1088569258220626,55,1.1093945489559667,WLS,41,0.0005376231339040416
3,UPFC_tsh,5-15,-0.24008419924178379,55,-0.24013954761767484,WLS,41,5.534837589105113e-05
4,UPFC_Vse,5-15,0.0634779368158332,55,0.06329343109216622,WLS,41,0.00018450572366698892
5,UPFC_tse,5-15,-2.1936888807126342,55,-2.191750636357216,WLS,41,0.0019382443554181172
0,x_tcsc,1-14,-0.10178649753062387,56,-0.10177440226193647,WLS,41,1.209526868739541e-05
1,B_svc,2,0.16986458490142256,56,0.1696304623584784,WLS,41,0.00023412254294416512
2,UPFC_Vsh,5-15,1.1084453716141538,56,1.1093945489559667,WLS,41,0.000949177341812879
3,UPFC_tsh,5-15,-0.24006953568638048,56,-0.24013954761767484,WLS,41,7.00119312943559e-05
4,UPFC_Vse,5-15,0.06278390769139264,56,0.06329343109216622,WLS,41,0.0005095234007735788
5,UPFC_tse,5-15,-2.192103397756686,56,-2.191750636357216,WLS,41,0.00035276139947004737
0,x_tcsc,1-14,-0.10178500153397525,57,-0.10177440226193647,WLS,41,1.0599272038780416e-05
1,B_svc,2,0.16980250434206437,57,0.1696304623584784,WLS,41,0.00017204198358597433
2,UPFC_Vsh,5-15,1.1085303016890489,57,1.1093945489559667,WLS,41,0.0008642472669178058
3,UPFC_tsh,5-15,-0.24014265347907415,57,-0.24013954761767484,WLS,41,3.1058613993162343e-06
4,UPFC_Vse,5-15,0.06281437393803865,57,0.06329343109216622,WLS,41,0.0004790571541275629
5,UPFC_tse,5-15,-2.1897249487007158,57,-2.191750636357216,WLS,41,0.0020256876565003523
0,x_tcsc,1-14,-0.1017899821349302,58,-0.10177440226193647,WLS,41,1.5579872993720656e-05
1,B_svc,2,0.16941346827713155,58,0.1696304623584784,WLS,41,0.00021699408134684406
2,UPFC_Vsh,5-15,1.1088044952554768,58,1.1093945489559667,WLS,41,0.0005900537004899231
3,UPFC_tsh,5-15,-0.24014057730150587,58,-0.24013954761767484,WLS,41,1.0296838310330791e-06
4,UPFC_Vse,5-15,0.06318298308428813,58,0.06329343109216622,WLS,41,0.00011044800787808617
5,UPFC_tse,5-15,-2.191175209381289,58,-2.191750636357216,WLS,41,0.0005754269759270514
0,x_tcsc,1-14,-0.1017937048105016,59,-0.10177440226193647,WLS,41,1.93025485651227e-05
1,B_svc,2,0.16933724585088272,59,0.1696304623584784,WLS,41,0.00029321650759567275
2,UPFC_Vsh,5-15,1.1085392407184478,59,1.1093945489559667,WLS,41,0.0008553082375188925
3,UPFC_tsh,5-15,-0.2401603851582409,59,-0.24013954761767484,WLS,41,2.083754056605991e-05
4,UPFC_Vse,5-15,0.06310145616879537,59,0.06329343109216622,WLS,41,0.00019197492337084954
5,UPFC_tse,5-15,-2.19231503305939,59,-2.191750636357216,WLS,41,0.0005643967021740082
0,x_tcsc,1-14,-0.10178294458378052,60,-0.10177440226193647,WLS,41,8.542321844051681e-06
1,B_svc,2,0.16998199085339713,60,0.1696304623584784,WLS,41,0.0003515284949187347
2,UPFC_Vsh,5-15,1.1089231962933463,60,1.1093945489559667,WLS,41,0.00047135266262032793
3,UPFC_tsh,5-15,-0.24018856273356354,60,-0.24013954761767484,WLS,41,4.901511588870089e-05
4,UPFC_Vse,5-15,0.06289171387310989,60,0.06329343109216622,WLS,41,0.0004017172190563245
5,UPFC_tse,5-15,-2.192517718747528,60,-2.191750636357216,WLS,41,0.0007670823903120905
0,x_tcsc,1-14,-0.10179666935101499,61,-0.10177440226193647,WLS,41,2.2267089078514823e-05
1,B_svc,2,0.16941544472031078,61,0.1696304623584784,WLS,41,0.00021501763816761388
2,UPFC_Vsh,5-15,1.1085934253613277,61,1.1093945489559667,WLS,41,0.0008011235946390194
3,UPFC_tsh,5-15,-0.2401397371281646,61,-0.24013954761767484,WLS,41,1.895104897731148e-07
4,UPFC_Vse,5-15,0.06349257000819748,61,0.06329343109216622,WLS,41,0.0001991389160312662
5,UPFC_tse,5-15,-2.190057559363912,61,-2.191750636357216,WLS,41,0.0016930769933041212
0,x_tcsc,1-14,-0.1017868755660809,62,-0.10177440226193647,WLS,41,1.2473304144430819e-05
1,B_svc,2,0.16924562093760648,62,0.1696304623584784,WLS,41,0.00038484142087191753
2,UPFC_Vsh,5-15,1.1087299527967163,62,1.1093945489559667,WLS,41,0.0006645961592504079
3,UPFC_tsh,5-15,-0.2401328959172667,62,-0.24013954761767484,WLS,41,6.651700408144556e-06
4,UPFC_Vse,5-15,0.0629356906735343,62,0.06329343109216622,WLS,41,0.0003577404186319161
5,UPFC_tse,5-15,-2.1949185199686614,62,-2.191750636357216,WLS,41,0.0031678836114452658
0,x_tcsc,1-14,-0.1017909897371071,63,-0.10177440226193647,WLS,41,1.6587475170623533e-05
1,B_svc,2,0.16934126195897142,63,0.1696304623584784,WLS,41,0.0002892003995069725
2,UPFC_Vsh,5-15,1.10856604212315,63,1.1093945489559667,WLS,41,0.0008285068328166556
3,UPFC_tsh,5-15,-0.24015145041042144,63,-0.24013954761767484,WLS,41,1.1902792746598667e-05
4,UPFC_Vse,5-15,0.06268562487448248,63,0.06329343109216622,WLS,41,0.0006078062176837346
5,UPFC_tse,5-15,-2.1922895945374896,63,-2.191750636357216,WLS,41,0.0005389581802734966
0,x_tcsc,1-14,-0.1017898107918263,64,-0.10177440226193647,WLS,41,1.5408529889821e-05
1,B_svc,2,0.16943881457617285,64,0.1696304623584784,WLS,41,0.0001916477823055429
2,UPFC_Vsh,5-15,1.1083719227897804,64,1.1093945489559667,WLS,41,0.0010226261661863134
3,UPFC_tsh,5-15,-0.2401390475128682,64,-0.24013954761767484,WLS,41,5.001048066499703e-07
4,UPFC_Vse,5-15,0.06300152605565117,64,0.06329343109216622,WLS,41,0.00029190503651504995
5,UPFC_tse,5-15,-2.1921652811939953,64,-2.191750636357216,WLS,41,0.00041464483677922104
0,x_tcsc,1-14,-0.10178118948937274,65,-0.10177440226193647,WLS,41,6.787227436272358e-06
1,B_svc,2,0.16995718940382687,65,0.1696304623584784,WLS,41,0.00032672704534847385
2,UPFC_Vsh,5-15,1.108390091127398,65,1.1093945489559667,WLS,41,0.0010044578285686168
3,UPFC_tsh,5-15,-0.24026294034226683,65,-0.24013954761767484,WLS,41,0.00012339272459199746
4,UPFC_Vse,5-15,0.0631702720545632,65,0.06329343109216622,WLS,41,0.0001231590376030156
5,UPFC_tse,5-15,-2.1943166151439204,65,-2.191750636357216,WLS,41,0.0025659787867042816
0,x_tcsc,1-14,-0.10179093523621531,66,-0.10177440226193647,WLS,41,1.653297427883782e-05
1,B_svc,2,0.16966130216841463,66,0.1696304623584784,WLS,41,3.083980993623392e-05
2,UPFC_Vsh,5-15,1.1086436403374886,66,1.1093945489559667,WLS,41,0.0007509086184780411
3,UPFC_tsh,5-15,-0.24011048559850715,66,-0.24013954761767484,WLS,41,2.9062019167691577e-05
4,UPFC_Vse,5-15,0.06326096237910188,66,0.06329343109216622,WLS,41,3.246871306433752e-05
5,UPFC_tse,5-15,-2.189175039948927,66,-2.191750636357216,WLS,41,0.0025755964082891936
0,x_tcsc,1-14,-0.10177201696672075,67,-0.10177440226193647,WLS,41,2.3852952157205065e-06
1,B_svc,2,0.16967781536832421,67,0.1696304623584784,WLS,41,4.735300984581858e-05
2,UPFC_Vsh,5-15,1.1086627434302954,67,1.1093945489559667,WLS,41,0.0007318055256713141
3,UPFC_tsh,5-15,-0.24019235347430262,67,-0.24013954761767484,WLS,41,5.2805856627785586e-05
4,UPFC_Vse,5-15,0.06322678743967898,67,0.06329343109216622,WLS,41,6.664365248723603e-05
5,UPFC_tse,5-15,-2.1905796517686884,67,-2.191750636357216,WLS,41,0.0011709845885277126
0,x_tcsc,1-14,-0.10179764524510208,68,-0.10177440226193647,WLS,41,2.324298316561113e-05
1,B_svc,2,0.16974827961423372,68,0.1696304623584784,WLS,41,0.00011781725575532587
2,UPFC_Vsh,5-15,1.1085928113770078,68,1.1093945489559667,WLS,41,0.0008017375789588499
3,UPFC_tsh,5-15,-0.24016118124297825,68,-0.24013954761767484,WLS,41,2.1633625303413284e-05
4,UPFC_Vse,5-15,0.06280280231264637,68,0.06329343109216622,WLS,41,0.0004906287795198444
5,UPFC_tse,5-15,-2.19022144394306,68,-2.191750636357216,WLS,41,0.0015291924141562774
0,x_tcsc,1-14,-0.1017885831487317,69,-0.10177440226193647,WLS,41,1.4180886795223113e-05
1,B_svc,2,0.16937365889897596,69,0.1696304623584784,WLS,41,0.000256803459502436
2,UPFC_Vsh,5-15,1.1083763556542179,69,1.1093945489559667,WLS,41,0.0010181933017487932
3,UPFC_tsh,5-15,-0.240128051598128,69,-0.24013954761767484,WLS,41,1.14960195468361e-05
4,UPFC_Vse,5-15,0.06257164464814337,69,0.06329343109216622,WLS,41,0.0007217864440228483
5,UPFC_tse,5-15,-2.192565088844366,69,-2.191750636357216,WLS,41,0.0008144524871500636
0,x_tcsc,1-14,-0.10178405432445738,70,-0.10177440226193647,WLS,41,9.652062520904003e-06
1,B_svc,2,0.16908688169370117,70,0.1696304623584784,WLS,41,0.0005435806647772212
2,UPFC_Vsh,5-15,1.1089072326023572,70,1.1093945489559667,WLS,41,0.0004873163536094349
3,UPFC_tsh,5-15,-0.24004765585158147,70,-0.24013954761767484,WLS,41,9.189176609336602e-05
4,UPFC_Vse,5-15,0.06272823287221194,70,0.06329343109216622,WLS,41,0.0005651982199542799
5,UPFC_tse,5-15,-2.1920983015983544,70,-2.191750636357216,WLS,41,0.000347665241138273
0,x_tcsc,1-14,-0.10180342473825796,71,-0.10177440226193647,WLS,41,2.9022476321485802e-05
1,B_svc,2,0.16950981994977984,71,0.1696304623584784,WLS,41,0.00012064240869855136
2,UPFC_Vsh,5-15,1.1087085145077076,71,1.1093945489559667,WLS,41,0.0006860344482590985
3,UPFC_tsh,5-15,-0.24016843010285555,71,-0.24013954761767484,WLS,41,2.8882485180709017e-05
4,UPFC_Vse,5-15,0.06369257423084843,71,0.06329343109216622,WLS,41,0.0003991431386822092
5,UPFC_tse,5-15,-2.188052734190001,71,-2.191750636357216,WLS,41,0.0036979021672149948
0,x_tcsc,1-14,-0.10178637651202667,72,-0.10177440226193647,WLS,41,1.1974250090196481e-05
1,B_svc,2,0.16911966344673826,72,0.1696304623584784,WLS,41,0.0005107989117401346
2,UPFC_Vsh,5-15,1.108646844334244,72,1.1093945489559667,WLS,41,0.000747704621722578
3,UPFC_tsh,5-15,-0.240125936534522,72,-0.24013954761767484,WLS,41,1.361108315284243e-05
4,UPFC_Vse,5-15,0.06292151168976073,72,0.06329343109216622,WLS,41,0.00037191940240548227
5,UPFC_tse,5-15,-2.1929814972017914,72,-2.191750636357216,WLS,41,0.0012308608445752434
0,x_tcsc,1-14,-0.10180439864224364,73,-0.10177440226193647,WLS,41,2.9996380307165116e-05
1,B_svc,2,0.1699291246726572,73,0.1696304623584784,WLS,41,0.0002986623141787992
2,UPFC_Vsh,5-15,1.1088414507562212,73,1.1093945489559667,WLS,41,0.000553098199745472
3,UPFC_tsh,5-15,-0.2401318109204862,73,-0.24013954761767484,WLS,41,7.736697188648334e-06
4,UPFC_Vse,5-15,0.06317653932307278,73,0.06329343109216622,WLS,41,0.00011689176909343568
5,UPFC_tse,5-15,-2.1919196405748735,73,-2.191750636357216,WLS,41,0.00016900421765742024
0,x_tcsc,1-14,-0.10178049347885422,74,-0.10177440226193647,WLS,41,6.0912169177473885e-06
1,B_svc,2,0.16984224858401742,74,0.1696304623584784,WLS,41,0.0002117862255390235
2,UPFC_Vsh,5-15,1.1085324154673148,74,1.1093945489559667,WLS,41,0.0008621334886518284
3,UPFC_tsh,5-15,-0.24020594278027066,74,-0.24013954761767484,WLS,41,6.639516259582257e-05
4,UPFC_Vse,5-15,0.06297019889584247,74,0.06329343109216622,WLS,41,0.00032323219632374167
5,UPFC_tse,5-15,-2.1935556050985068,74,-2.191750636357216,WLS,41,0.0018049687412906579
0,x_tcsc,1-14,-0.10179736637953994,75,-0.10177440226193647,WLS,41,2.2964117603468948e-05
1,B_svc,2,0.16974690210375976,75,0.1696304623584784,WLS,41,0.00011643974528136036
2,UPFC_Vsh,5-15,1.1085646996500518,75,1.1093945489559667,WLS,41,0.0008298493059148981
3,UPFC_tsh,5-15,-0.24011127463265486,75,-0.24013954761767484,WLS,41,2.8272985019978103e-05
4,UPFC_Vse,5-15,0.06305928602437173,75,0.06329343109216622,WLS,41,0.0002341450677944834
5,UPFC_tse,5-15,-2.1944642829337733,75,-2.191750636357216,WLS,41,0.0027136465765571494
0,x_tcsc,1-14,-0.10178814653541779,76,-0.10177440226193647,WLS,41,1.3744273481317015e-05
1,B_svc,2,0.17026857268593065,76,0.1696304623584784,WLS,41,0.000638110327452257
2,UPFC_Vsh,5-15,1.108692563992562,76,1.1093945489559667,WLS,41,0.0007019849634046782
3,UPFC_tsh,5-15,-0.24017561524328085,76,-0.24013954761767484,WLS,41,3.606762560601218e-05
4,UPFC_Vse,5-15,0.0628821849854345,76,0.06329343109216622,WLS,41,0.0004112461067317108
5,UPFC_tse,5-15,-2.1897085532594653,76,-2.191750636357216,WLS,41,0.00204208309775078
0,x_tcsc,1-14,-0.10179416801996037,77,-0.10177440226193647,WLS,41,1.9765758023898572e-05
1,B_svc,2,0.1692326640441138,77,0.1696304623584784,WLS,41,0.0003977983143645947
2,UPFC_Vsh,5-15,1.108719518423686,77,1.1093945489559667,WLS,41,0.0006750305322806849
3,UPFC_tsh,5-15,-0.24014868963170788,77,-0.24013954761767484,WLS,41,9.142014033042267e-06
4,UPFC_Vse,5-15,0.06346834724984929,77,0.06329343109216622,WLS,41,0.00017491615768307212
5,UPFC_tse,5-15,-2.190380912109229,77,-2.191750636357216,WLS,41,0.001369724247987314
0,x_tcsc,1-14,-0.10178976662685098,78,-0.10177440226193647,WLS,41,1.5364364914505213e-05
1,B_svc,2,0.16936468758126516,78,0.1696304623584784,WLS,41,0.0002657747772132346
2,UPFC_Vsh,5-15,1.1085775202735655,78,1.1093945489559667,WLS,41,0.0008170286824011885
3,UPFC_tsh,5-15,-0.24016228286191713,78,-0.24013954761767484,WLS,41,2.273524424228901e-05
4,UPFC_Vse,5-15,0.06341760247048105,78,0.06329343109216622,WLS,41,0.00012417137831483016
5,UPFC_tse,5-15,-2.1899353538093043,78,-2.191750636357216,WLS,41,0.0018152825479118562
0,x_tcsc,1-14,-0.10180062168416613,79,-0.10177440226193647,WLS,41,2.6219422229661893e-05
1,B_svc,2,0.16976713363131934,79,0.1696304623584784,WLS,41,0.00013667127284094915
2,UPFC_Vsh,5-15,1.1086478393896821,79,1.1093945489559667,WLS,41,0.0007467095662845313
3,UPFC_tsh,5-15,-0.2402034723295637,79,-0.24013954761767484,WLS,41,6.392471188887416e-05
4,UPFC_Vse,5-15,0.06257962015737192,79,0.06329343109216622,WLS,41,0.0007138109347942928
5,UPFC_tse,5-15,-2.191226079656135,79,-2.191750636357216,WLS,41,0.0005245567010812024
0,x_tcsc,1-14,-0.10178624915887416,80,-0.10177440226193647,WLS,41,1.1846896937686702e-05
1,B_svc,2,0.16999517573716968,80,0.1696304623584784,WLS,41,0.0003647133786912893
2,UPFC_Vsh,5-15,1.1087191518600619,80,1.1093945489559667,WLS,41,0.0006753970959048061
3,UPFC_tsh,5-15,-0.24017407493390036,80,-0.24013954761767484,WLS,41,3.452731622552441e-05
4,UPFC_Vse,5-15,0.06313130859019178,80,0.06329343109216622,WLS,41,0.0001621225019744349
5,UPFC_tse,5-15,-2.194652352263327,80,-2.191750636357216,WLS,41,0.00290171590611088
0,x_tcsc,1-14,-0.10179530993506107,81,-0.10177440226193647,WLS,41,2.090767312459829e-05
1,B_svc,2,0.1695557376855005,81,0.1696304623584784,WLS,41,7.472467297789387e-05
2,UPFC_Vsh,5-15,1.1085630829112914,81,1.1093945489559667,WLS,41,0.0008314660446753219
3,UPFC_tsh,5-15,-0.2401328068512736,81,-0.24013954761767484,WLS,41,6.74076640122534e-06
4,UPFC_Vse,5-15,0.06258097080359337,81,0.06329343109216622,WLS,41,0.0007124602885728443
5,UPFC_tse,5-15,-2.1939426441759027,81,-2.191750636357216,WLS,41,0.002192007818686559
0,x_tcsc,1-14,-0.10178367170868666,82,-0.10177440226193647,WLS,41,9.269446750184707e-06
1,B_svc,2,0.16979846446330207,82,0.1696304623584784,WLS,41,0.00016800210482367794
2,UPFC_Vsh,5-15,1.1087886000830318,82,1.1093945489559667,WLS,41,0.0006059488729348583
3,UPFC_tsh,5-15,-0.24019234219609636,82,-0.24013954761767484,WLS,41,5.2794578421527794e-05
4,UPFC_Vse,5-15,0.06365434019247945,82,0.06329343109216622,WLS,41,0.0003609091003132364
5,UPFC_tse,5-15,-2.1906617434065976,82,-2.191750636357216,WLS,41,0.0010888929506185363
0,x_tcsc,1-14,-0.10177710333021753,83,-0.10177440226193647,WLS,41,2.701068281055208e-06
1,B_svc,2,0.17003547637794755,83,0.1696304623584784,WLS,41,0.0004050140194691576
2,UPFC_Vsh,5-15,1.108866323565093,83,1.1093945489559667,WLS,41,0.0005282253908736045
3,UPFC_tsh,5-15,-0.2401504093511548,83,-0.24013954761767484,WLS,41,1.0861733479972102e-05
4,UPFC_Vse,5-15,0.06322447965577797,83,0.06329343109216622,WLS,41,6.895143638824264e-05
5,UPFC_tse,5-15,-2.1954268252831044,83,-2.191750636357216,WLS,41,0.0036761889258882796
0,x_tcsc,1-14,-0.10178772146450697,84,-0.10177440226193647,WLS,41,1.3319202570499789e-05
1,B_svc,2,0.16950528988481262,84,0.1696304623584784,WLS,41,0.00012517247366578
2,UPFC_Vsh,5-15,1.1085838589380006,84,1.1093945489559667,WLS,41,0.0008106900179660759
3,UPFC_tsh,5-15,-0.2401368582938842,84,-0.24013954761767484,WLS,41,2.689323790633358e-06
4,UPFC_Vse,5-15,0.06343798375548067,84,0.06329343109216622,WLS,41,0.00014455266331445116
5,UPFC_tse,5-15,-2.191567607512707,84,-2.191750636357216,WLS,41,0.00018302884450926982
0,x_tcsc,1-14,-0.10179382726102666,85,-0.10177440226193647,WLS,41,1.9424999090189576e-05
1,B_svc,2,0.16969042140031065,85,0.1696304623584784,WLS,41,5.99590418322582e-05
2,UPFC_Vsh,5-15,1.1087763418893544,85,1.1093945489559667,WLS,41,0.0006182070666123085
3,UPFC_tsh,5-15,-0.24016357879464323,85,-0.24013954761767484,WLS,41,2.4031176968392076e-05
4,UPFC_Vse,5-15,0.06268269507868873,85,0.06329343109216622,WLS,41,0.0006107360134774836
5,UPFC_tse,5-15,-2.1936196143326203,85,-2.191750636357216,WLS,41,0.0018689779754041957
0,x_tcsc,1-14,-0.10178434171751151,86,-0.10177440226193647,WLS,41,9.939455575036504e-06
1,B_svc,2,0.16988377014206546,86,0.1696304623584784,WLS,41,0.0002533077835870645
2,UPFC_Vsh,5-15,1.1087226044883076,86,1.1093945489559667,WLS,41,0.000671944467659058
3,UPFC_tsh,5-15,-0.24020432036905368,86,-0.24013954761767484,WLS,41,6.477275137883876e-05
4,UPFC_Vse,5-15,0.0627239479879675,86,0.06329343109216622,WLS,41,0.0005694831041987147
5,UPFC_tse,5-15,-2.1929501203526036,86,-2.191750636357216,WLS,41,0.0011994839953874958
0,x_tcsc,1-14,-0.10179077243689388,87,-0.10177440226193647,WLS,41,1.6370174957411332e-05
1,B_svc,2,0.16957905355556094,87,0.1696304623584784,WLS,41,5.140880291745753e-05
2,UPFC_Vsh,5-15,1.1087427858798584,87,1.1093945489559667,WLS,41,0.0006517630761082582
3,UPFC_tsh,5-15,-0.24020900776180773,87,-0.24013954761767484,WLS,41,6.946014413289348e-05
4,UPFC_Vse,5-15,0.06354812850908749,87,0.06329343109216622,WLS,41,0.00025469741692127346
5,UPFC_tse,5-15,-2.1913759456072572,87,-2.191750636357216,WLS,41,0.00037469074995888363
0,x_tcsc,1-14,-0.10179078882971017,88,-0.10177440226193647,WLS,41,1.6386567773696292e-05
1,B_svc,2,0.16988442491663444,88,0.1696304623584784,WLS,41,0.0002539625581560456
2,UPFC_Vsh,5-15,1.1086042232210156,88,1.1093945489559667,WLS,41,0.0007903257349510806
3,UPFC_tsh,5-15,-0.24015991074505053,88,-0.24013954761767484,WLS,41,2.0363127375688794e-05
4,UPFC_Vse,5-15,0.06271606425562055,88,0.06329343109216622,WLS,41,0.0005773668365456619
5,UPFC_tse,5-15,-2.189931883636846,88,-2.191750636357216,WLS,41,0.0018187527203701315
0,x_tcsc,1-14,-0.10179350938894373,89,-0.10177440226193647,WLS,41,1.9107127007256253e-05
1,B_svc,2,0.16950822890093573,89,0.1696304623584784,WLS,41,0.0001222334575426698
2,UPFC_Vsh,5-15,1.1083693316866714,89,1.1093945489559667,WLS,41,0.0010252172692952755
3,UPFC_tsh,5-15,-0.24024882312819387,89,-0.24013954761767484,WLS,41,0.00010927551051903572
4,UPFC_Vse,5-15,0.06284460928064899,89,0.06329343109216622,WLS,41,0.00044882181151723044
5,UPFC_tse,5-15,-2.1913242252687017,89,-2.191750636357216,WLS,41,0.0004264110885143779
0,x_tcsc,1-14,-0.10179225718647755,90,-0.10177440226193647,WLS,41,1.7854924541080286e-05
1,B_svc,2,0.16947035660432266,90,0.1696304623584784,WLS,41,0.00016010575415573158
2,UPFC_Vsh,5-15,1.1085041831793025,90,1.1093945489559667,WLS,41,0.000890365776664126
3,UPFC_tsh,5-15,-0.24016161537340933,90,-0.24013954761767484,WLS,41,2.206775573448949e-05
4,UPFC_Vse,5-15,0.06301844828468446,90,0.06329343109216622,WLS,41,0.0002749828074817551
5,UPFC_tse,5-15,-2.1921244924068044,90,-2.191750636357216,WLS,41,0.00037385604958828367
0,x_tcsc,1-14,-0.10178191794349721,91,-0.10177440226193647,WLS,41,7.515681560738008e-06
1,B_svc,2,0.17006426093697824,91,0.1696304623584784,WLS,41,0.0004337985784998444
2,UPFC_Vsh,5-15,1.1087063323248676,91,1.1093945489559667,WLS,41,0.0006882166310990812
3,UPFC_tsh,5-15,-0.24010954616726912,91,-0.24013954761767484,WLS,41,3.0001450405714447e-05
4,UPFC_Vse,5-15,0.0633243690089927,91,0.06329343109216622,WLS,41,3.09379168264845e-05
5,UPFC_tse,5-15,-2.1883232894778786,91,-2.191750636357216,WLS,41,0.003427346879337545
0,x_tcsc,1-14,-0.10178105627647643,92,-0.10177440226193647,WLS,41,6.654014539961284e-06
1,B_svc,2,0.1697309981823284,92,0.1696304623584784,WLS,41,0.00010053582385000093
2,UPFC_Vsh,5-15,1.1089031120579496,92,1.1093945489559667,WLS,41,0.0004914368980171169
3,UPFC_tsh,5-15,-0.24011469593212653,92,-0.24013954761767484,WLS,41,2.485168554830497e-05
4,UPFC_Vse,5-15,0.0633859041905416,92,0.06329343109216622,WLS,41,9.247309837538686e-05
5,UPFC_tse,5-15,-2.189101153537036,92,-2.191750636357216,WLS,41,0.0026494828201801823
0,x_tcsc,1-14,-0.10179301864768246,93,-0.10177440226193647,WLS,41,1.8616385745989783e-05
1,B_svc,2,0.16925197324811314,93,0.1696304623584784,WLS,41,0.00037848911036525434
2,UPFC_Vsh,5-15,1.1087682941169672,93,1.1093945489559667,WLS,41,0.0006262548389994738
3,UPFC_tsh,5-15,-0.24006638332102043,93,-0.24013954761767484,WLS,41,7.316429665440993e-05
4,UPFC_Vse,5-15,0.06274172788766799,93,0.06329343109216622,WLS,41,0.0005517032044982245
5,UPFC_tse,5-15,-2.1929925534753933,93,-2.191750636357216,WLS,41,0.001241917118177227
0,x_tcsc,1-14,-0.10177024466788855,94,-0.10177440226193647,WLS,41,4.157594047926594e-06
1,B_svc,2,0.16974461542872354,94,0.1696304623584784,WLS,41,0.00011415307024514876
2,UPFC_Vsh,5-15,1.1086072390141384,94,1.1093945489559667,WLS,41,0.0007873099418282958
3,UPFC_tsh,5-15,-0.2401789886834433,94,-0.24013954761767484,WLS,41,3.944106576847517e-05
4,UPFC_Vse,5-15,0.06339568473695109,94,0.06329343109216622,WLS,41,0.00010225364478487486
5,UPFC_tse,5-15,-2.1894635302081076,94,-2.191750636357216,WLS,41,0.002287106149108542
0,x_tcsc,1-14,-0.10177965782469124,95,-0.10177440226193647,WLS,41,5.2555627547690165e-06
1,B_svc,2,0.16986737166444452,95,0.1696304623584784,WLS,41,0.00023690930596612092
2,UPFC_Vsh,5-15,1.1088603436989775,95,1.1093945489559667,WLS,41,0.0005342052569892175
3,UPFC_tsh,5-15,-0.2401193353437346,95,-0.24013954761767484,WLS,41,2.021227394022329e-05
4,UPFC_Vse,5-15,0.06321148190780947,95,0.06329343109216622,WLS,41,8.194918435674992e-05
5,UPFC_tse,5-15,-2.1927142849229186,95,-2.191750636357216,WLS,41,0.000963648565702524
0,x_tcsc,1-14,-0.10178402292584379,96,-0.10177440226193647,WLS,41,9.62066390731986e-06
1,B_svc,2,0.16948304650363455,96,0.1696304623584784,WLS,41,0.00014741585484384645
2,UPFC_Vsh,5-15,1.108748391127935,96,1.1093945489559667,WLS,41,0.0006461578280316793
3,UPFC_tsh,5-15,-0.24018065133846314,96,-0.24013954761767484,WLS,41,4.110372078830471e-05
4,UPFC_Vse,5-15,0.06329281530478106,96,0.06329343109216622,WLS,41,6.157873851525553e-07
5,UPFC_tse,5-15,-2.1903370889462495,96,-2.191750636357216,WLS,41,0.0014135474109666646
0,x_tcsc,1-14,-0.10179126628948504,97,-0.10177440226193647,WLS,41,1.6864027548565974e-05
1,B_svc,2,0.1696701702592406,97,0.1696304623584784,WLS,41,3.9707900762214754e-05
2,UPFC_Vsh,5-15,1.1088321915417079,97,1.1093945489559667,WLS,41,0.0005623574142588073
3,UPFC_tsh,5-15,-0.2401831676098009,97,-0.24013954761767484,WLS,41,4.3619992126070484e-05
4,UPFC_Vse,5-15,0.06376541145545794,97,0.06329343109216622,WLS,41,0.0004719803632917269
5,UPFC_tse,5-15,-2.192727061296564,97,-2.191750636357216,WLS,41,0.0009764249393477975
0,x_tcsc,1-14,-0.10178452116388656,98,-0.10177440226193647,WLS,41,1.0118901950087467e-05
1,B_svc,2,0.16976249994510584,98,0.1696304623584784,WLS,41,0.00013203758662744258
2,UPFC_Vsh,5-15,1.1088383200445064,98,1.1093945489559667,WLS,41,0.0005562289114602326
3,UPFC_tsh,5-15,-0.24021224972520688,98,-0.24013954761767484,WLS,41,7.270210753204664e-05
4,UPFC_Vse,5-15,0.06314873574877612,98,0.06329343109216622,WLS,41,0.00014469534339009438
5,UPFC_tse,5-15,-2.1933972498127954,98,-2.191750636357216,WLS,41,0.00164661345557926
0,x_tcsc,1-14,-0.10178945689973112,99,-0.10177440226193647,WLS,41,1.5054637794650882e-05
1,B_svc,2,0.16970002442107923,99,0.1696304623584784,WLS,41,6.956206260083642e-05
2,UPFC_Vsh,5-15,1.1086676272213847,99,1.1093945489559667,WLS,41,0.0007269217345819978
3,UPFC_tsh,5-15,-0.24009489354329758,99,-0.24013954761767484,WLS,41,4.4654074377259434e-05
4,UPFC_Vse,5-15,0.06310685403064922,99,0.06329343109216622,WLS,41,0.00018657706151699316
5,UPFC_tse,5-15,-2.189838474101375,99,-2.191750636357216,WLS,41,0.001912162255841121
0,x_tcsc,1-14,-0.09898345188633213,0,-0.09895057091375115,WLS,43,3.288097258098699e-05
1,B_svc,2,0.16740059573330168,0,0.16791140385641468,WLS,43,0.0005108081231129935
2,UPFC_Vsh,5-15,1.1086813813694374,0,1.1114400293974098,WLS,43,0.0027586480279724324
3,UPFC_tsh,5-15,-0.2434750838193404,0,-0.24350699109361115,WLS,43,3.190727427074269e-05
4,UPFC_Vse,5-15,0.06220184707507643,0,0.061608756331860415,WLS,43,0.000593090743216014
5,UPFC_tse,5-15,-2.1921988912414907,0,-2.1888404503102423,WLS,43,0.0033584409312483743
0,x_tcsc,1-14,-0.09896294131538949,1,-0.09895057091375115,WLS,43,1.2370401638345241e-05
1,B_svc,2,0.1676455272334789,1,0.16791140385641468,WLS,43,0.0002658766229357845
2,UPFC_Vsh,5-15,1.1084667901844552,1,1.1114400293974098,WLS,43,0.0029732392129546703
3,UPFC_tsh,5-15,-0.2435954942690744,1,-0.24350699109361115,WLS,43,8.850317546324482e-05
4,UPFC_Vse,5-15,0.06267123138293783,1,0.061608756331860415,WLS,43,0.0010624750510774134
5,UPFC_tse,5-15,-2.189356843826359,1,-2.1888404503102423,WLS,43,0.0005163935161167643
0,x_tcsc,1-14,-0.09897429516446482,2,-0.09895057091375115,WLS,43,2.3724250713674788e-05
1,B_svc,2,0.16761611059229284,2,0.16791140385641468,WLS,43,0.00029529326412183754
2,UPFC_Vsh,5-15,1.108709532802386,2,1.1114400293974098,WLS,43,0.00273049659502389
3,UPFC_tsh,5-15,-0.24357415885886746,2,-0.24350699109361115,WLS,43,6.716776525630963e-05
4,UPFC_Vse,5-15,0.06256973870328526,2,0.061608756331860415,WLS,43,0.0009609823714248483
5,UPFC_tse,5-15,-2.1921350054414193,2,-2.1888404503102423,WLS,43,0.003294555131176935
0,x_tcsc,1-14,-0.09896411527066752,3,-0.09895057091375115,WLS,43,1.3544356916375677e-05
1,B_svc,2,0.16810052207124176,3,0.16791140385641468,WLS,43,0.00018911821482708868
2,UPFC_Vsh,5-15,1.1085642529022064,3,1.1114400293974098,WLS,43,0.0028757764952034304
3,UPFC_tsh,5-15,-0.2435841439171572,3,-0.24350699109361115,WLS,43,7.715282354603392e-05
4,UPFC_Vse,5-15,0.06315085546774804,3,0.061608756331860415,WLS,43,0.0015420991358876257
5,UPFC_tse,5-15,-2.193009294374236,3,-2.1888404503102423,WLS,43,0.00416884406399376
0,x_tcsc,1-14,-0.09896946028858959,4,-0.09895057091375115,WLS,43,1.8889374838446105e-05
1,B_svc,2,0.16800884100691957,4,0.16791140385641468,WLS,43,9.74371505048921e-05
2,UPFC_Vsh,5-15,1.1086432846330536,4,1.1114400293974098,WLS,43,0.002796744764356207
3,UPFC_tsh,5-15,-0.24356939950168735,4,-0.24350699109361115,WLS,43,6.240840807619774e-05
4,UPFC_Vse,5-15,0.06222577284447502,4,0.061608756331860415,WLS,43,0.0006170165126146085
5,UPFC_tse,5-15,-2.19146107445251,4,-2.1888404503102423,WLS,43,0.0026206241422674914
0,x_tcsc,1-14,-0.09896743964257973,5,-0.09895057091375115,WLS,43,1.6868728828584034e-05
1,B_svc,2,0.16759521762986274,5,0.16791140385641468,WLS,43,0.00031618622655193995
2,UPFC_Vsh,5-15,1.1091361384932499,5,1.1114400293974098,WLS,43,0.0023038909041599442
3,UPFC_tsh,5-15,-0.24348707933825076,5,-0.24350699109361115,WLS,43,1.9911755360396688e-05
4,UPFC_Vse,5-15,0.06252068662472626,5,0.061608756331860415,WLS,43,0.0009119302928658479
5,UPFC_tse,5-15,-2.1929137144695314,5,-2.1888404503102423,WLS,43,0.004073264159289103
0,x_tcsc,1-14,-0.09897595680837694,6,-0.09895057091375115,WLS,43,2.5385894625792882e-05
1,B_svc,2,0.1675343562309634,6,0.16791140385641468,WLS,43,0.0003770476254512656
2,UPFC_Vsh,5-15,1.1087274215521246,6,1.1114400293974098,WLS,43,0.0027126078452852642
3,UPFC_tsh,5-15,-0.2435503806304377,6,-0.24350699109361115,WLS,43,4.3389536826560215e-05
4,UPFC_Vse,5-15,0.06224479514013431,6,0.061608756331860415,WLS,43,0.0006360388082738977
5,UPFC_tse,5-15,-2.1928827918717793,6,-2.1888404503102423,WLS,43,0.004042341561536933
0,x_tcsc,1-14,-0.09895702025862704,7,-0.09895057091375115,WLS,43,6.449344875897323e-06
1,B_svc,2,0.1677834655731607,7,0.16791140385641468,WLS,43,0.00012793828325396994
2,UPFC_Vsh,5-15,1.1087738033338597,7,1.1114400293974098,WLS,43,0.002666226063550159
3,UPFC_tsh,5-15,-0.2435011423995956,7,-0.24350699109361115,WLS,43,5.848694015542222e-06
4,UPFC_Vse,5-15,0.062210313832274676,7,0.061608756331860415,WLS,43,0.0006015575004142612
5,UPFC_tse,5-15,-2.189022383932908,7,-2.1888404503102423,WLS,43,0.0001819336226658308
0,x_tcsc,1-14,-0.09895566068738058,8,-0.09895057091375115,WLS,43,5.089773629438077e-06
1,B_svc,2,0.1678162435016939,8,0.16791140385641468,WLS,43,9.516035472076356e-05
2,UPFC_Vsh,5-15,1.1083994729758968,8,1.1114400293974098,WLS,43,0.0030405564215130187
3,UPFC_tsh,5-15,-0.24358793364947742,8,-0.24350699109361115,WLS,43,8.09425558662702e-05
4,UPFC_Vse,5-15,0.06295529862021539,8,0.061608756331860415,WLS,43,0.001346542288354971
5,UPFC_tse,5-15,-2.1879955533087423,8,-2.1888404503102423,WLS,43,0.0008448970015000334
0,x_tcsc,1-14,-0.09896564193574577,9,-0.09895057091375115,WLS,43,1.5071021994619849e-05
1,B_svc,2,0.16771812434299924,9,0.16791140385641468,WLS,43,0.0001932795134154397
2,UPFC_Vsh,5-15,1.1087044424106172,9,1.1114400293974098,WLS,43,0.0027355869867926597
3,UPFC_tsh,5-15,-0.24358612479751288,9,-0.24350699109361115,WLS,43,7.91337039017237e-05
4,UPFC_Vse,5-15,0.06248036989338354,9,0.061608756331860415,WLS,43,0.0008716135615231269
5,UPFC_tse,5-15,-2.1915858131603434,9,-2.1888404503102423,WLS,43,0.002745362850101074
0,x_tcsc,1-14,-0.09897187285370768,10,-0.09895057091375115,WLS,43,2.1301939956530624e-05
1,B_svc,2,0.1677410173558473,10,0.16791140385641468,WLS,43,0.0001703865005673877
2,UPFC_Vsh,5-15,1.1084696994661678,10,1.1114400293974098,WLS,43,0.0029703299312420217
3,UPFC_tsh,5-15,-0.24355889551433238,10,-0.24350699109361115,WLS,43,5.190442072122714e-05
4,UPFC_Vse,5-15,0.06262659288756169,10,0.061608756331860415,WLS,43,0.0010178365557012709
5,UPFC_tse,5-15,-2.1878902878596422,10,-2.1888404503102423,WLS,43,0.0009501624506000894
0,x_tcsc,1-14,-0.09896787414691911,11,-0.09895057091375115,WLS,43,1.7303233167967336e-05
1,B_svc,2,0.16800755363514402,11,0.16791140385641468,WLS,43,9.61497787293486e-05
2,UPFC_Vsh,5-15,1.1083639597640271,11,1.1114400293974098,WLS,43,0.0030760696333826942
3,UPFC_tsh,5-15,-0.24355183090036878,11,-0.24350699109361115,WLS,43,4.483980675762389e-05
4,UPFC_Vse,5-15,0.06266715710295376,11,0.061608756331860415,WLS,43,0.001058400771093343
5,UPFC_tse,5-15,-2.191451996833254,11,-2.1888404503102423,WLS,43,0.002611546523011654
0,x_tcsc,1-14,-0.0989731127584297,12,-0.09895057091375115,WLS,43,2.254184467855025e-05
1,B_svc,2,0.1674961181111077,12,0.16791140385641468,WLS,43,0.00041528574530697027
2,UPFC_Vsh,5-15,1.108744237736451,12,1.1114400293974098,WLS,43,0.0026957916609589017
3,UPFC_tsh,5-15,-0.24351149301063502,12,-0.24350699109361115,WLS,43,4.5019170238636e-06
4,UPFC_Vse,5-15,0.0630786535056853,12,0.061608756331860415,WLS,43,0.0014698971738248828
5,UPFC_tse,5-15,-2.189933604188462,12,-2.1888404503102423,WLS,43,0.0010931538782195105
0,x_tcsc,1-14,-0.09896667850157523,13,-0.09895057091375115,WLS,43,1.6107587824082392e-05
1,B_svc,2,0.1677965786305111,13,0.16791140385641468,WLS,43,0.00011482522590358646
2,UPFC_Vsh,5-15,1.1085624256228508,13,1.1114400293974098,WLS,43,0.0028776037745590344
3,UPFC_tsh,5-15,-0.24343581372983608,13,-0.24350699109361115,WLS,43,7.117736377507122e-05
4,UPFC_Vse,5-15,0.062090397738618366,13,0.061608756331860415,WLS,43,0.00048164140675795164
5,UPFC_tse,5-15,-2.1955836302072296,13,-2.1888404503102423,WLS,43,0.00674317989698725
0,x_tcsc,1-14,-0.09896530354024219,14,-0.09895057091375115,WLS,43,1.473262649104301e-05
1,B_svc,2,0.16756507258333753,14,0.16791140385641468,WLS,43,0.0003463312730771495
2,UPFC_Vsh,5-15,1.1086349160117135,14,1.1114400293974098,WLS,43,0.002805113385696334
3,UPFC_tsh,5-15,-0.24353079062328684,14,-0.24350699109361115,WLS,43,2.3799529675683218e-05
4,UPFC_Vse,5-15,0.06226395466674818,14,0.061608756331860415,WLS,43,0.000655198334887766
5,UPFC_tse,5-15,-2.190951094894768,14,-2.1888404503102423,WLS,43,0.0021106445845258115
0,x_tcsc,1-14,-0.09896059136952691,15,-0.09895057091375115,WLS,43,1.0020455775763826e-05
1,B_svc,2,0.16749423420404003,15,0.16791140385641468,WLS,43,0.0004171696523746493
2,UPFC_Vsh,5-15,1.108842262925396,15,1.1114400293974098,WLS,43,0.0025977664720138183
3,UPFC_tsh,5-15,-0.24352433940461268,15,-0.24350699109361115,WLS,43,1.7348311001530448e-05
4,UPFC_Vse,5-15,0.0624318466994098,15,0.061608756331860415,WLS,43,0.0008230903675493853
5,UPFC_tse,5-15,-2.1895792070948206,15,-2.1888404503102423,WLS,43,0.0007387567845782428
0,x_tcsc,1-14,-0.09898189057111705,16,-0.09895057091375115,WLS,43,3.13196573658997e-05
1,B_svc,2,0.16769897230825365,16,0.16791140385641468,WLS,43,0.0002124315481610295
2,UPFC_Vsh,5-15,1.108789328837357,16,1.1114400293974098,WLS,43,0.0026507005600528988
3,UPFC_tsh,5-15,-0.243560428029514,16,-0.24350699109361115,WLS,43,5.343693590284526e-05
4,UPFC_Vse,5-15,0.06202139772761937,16,0.061608756331860415,WLS,43,0.00041264139575895864
5,UPFC_tse,5-15,-2.1944900018554074,16,-2.1888404503102423,WLS,43,0.00564955154516511
0,x_tcsc,1-14,-0.09896616042440198,17,-0.09895057091375115,WLS,43,1.5589510650837468e-05
1,B_svc,2,0.16788493788857387,17,0.16791140385641468,WLS,43,2.646596784081079e-05
2,UPFC_Vsh,5-15,1.108776384214519,17,1.1114400293974098,WLS,43,0.0026636451828907504
3,UPFC_tsh,5-15,-0.24361615690047905,17,-0.24350699109361115,WLS,43,0.00010916580686790023
4,UPFC_Vse,5-15,0.06290530264721672,17,0.061608756331860415,WLS,43,0.0012965463153563062
5,UPFC_tse,5-15,-2.189085859355656,17,-2.1888404503102423,WLS,43,0.00024540904541359154
0,x_tcsc,1-14,-0.09897425223765698,18,-0.09895057091375115,WLS,43,2.368132390583033e-05
1,B_svc,2,0.1674854677987879,18,0.16791140385641468,WLS,43,0.0004259360576267801
2,UPFC_Vsh,5-15,1.1086902160924357,18,1.1114400293974098,WLS,43,0.002749813304974147
3,UPFC_tsh,5-15,-0.24354668899946882,18,-0.24350699109361115,WLS,43,3.9697905857671856e-05
4,UPFC_Vse,5-15,0.0625808699577303,18,0.061608756331860415,WLS,43,0.0009721136258698804
5,UPFC_tse,5-15,-2.1916042411732715,18,-2.1888404503102423,WLS,43,0.0027637908630291363
0,x_tcsc,1-14,-0.09895856604108064,19,-0.09895057091375115,WLS,43,7.995127329490925e-06
1,B_svc,2,0.1674150636077907,19,0.16791140385641468,WLS,43,0.0004963402486239665
2,UPFC_Vsh,5-15,1.1083359287114984,19,1.1114400293974098,WLS,43,0.0031041006859113818
3,UPFC_tsh,5-15,-0.24351825131822954,19,-0.24350699109361115,WLS,43,1.1260224618392378e-05
4,UPFC_Vse,5-15,0.06256234202713627,19,0.061608756331860415,WLS,43,0.0009535856952758576
5,UPFC_tse,5-15,-2.1898496032092822,19,-2.1888404503102423,WLS,43,0.0010091528990399112
0,x_tcsc,1-14,-0.09897382050706682,20,-0.09895057091375115,WLS,43,2.324959331567733e-05
1,B_svc,2,0.16796602149872425,20,0.16791140385641468,WLS,43,5.4617642309573444e-05
2,UPFC_Vsh,5-15,1.1087195680079502,20,1.1114400293974098,WLS,43,0.002720461389459583
3,UPFC_tsh,5-15,-0.24360189047639677,20,-0.24350699109361115,WLS,43,9.489938278561816e-05
4,UPFC_Vse,5-15,0.062265832406508265,20,0.061608756331860415,WLS,43,0.0006570760746478499
5,UPFC_tse,5-15,-2.191916874261236,20,-2.1888404503102423,WLS,43,0.003076423950993501
0,x_tcsc,1-14,-0.098974924416252,21,-0.09895057091375115,WLS,43,2.435350250085122e-05
1,B_svc,2,0.16817577571938297,21,0.16791140385641468,WLS,43,0.0002643718629682934
2,UPFC_Vsh,5-15,1.1090519745022096,21,1.1114400293974098,WLS,43,0.00238805489520022
3,UPFC_tsh,5-15,-0.24355888792142474,21,-0.24350699109361115,WLS,43,5.189682781359117e-05
4,UPFC_Vse,5-15,0.06232737661957521,21,0.061608756331860415,WLS,43,0.0007186202877147926
5,UPFC_tse,5-15,-2.192101388959535,21,-2.1888404503102423,WLS,43,0.003260938649292555
0,x_tcsc,1-14,-0.09898295216190363,22,-0.09895057091375115,WLS,43,3.238124815248267e-05
1,B_svc,2,0.16744705910458366,22,0.16791140385641468,WLS,43,0.00046434475183101953
2,UPFC_Vsh,5-15,1.108372188686626,22,1.1114400293974098,WLS,43,0.003067840710783809
3,UPFC_tsh,5-15,-0.24353194231568248,22,-0.24350699109361115,WLS,43,2.4951222071328827e-05
4,UPFC_Vse,5-15,0.06254146041960355,22,0.061608756331860415,WLS,43,0.0009327040877431386
5,UPFC_tse,5-15,-2.1913029564152144,22,-2.1888404503102423,WLS,43,0.0024625061049721175
0,x_tcsc,1-14,-0.09897330513440751,23,-0.09895057091375115,WLS,43,2.2734220656364656e-05
1,B_svc,2,0.16815373391530158,23,0.16791140385641468,WLS,43,0.00024233005888690817
2,UPFC_Vsh,5-15,1.108520875059086,23,1.1114400293974098,WLS,43,0.002919154338323793
3,UPFC_tsh,5-15,-0.24361273277028977,23,-0.24350699109361115,WLS,43,0.00010574167667862233
4,UPFC_Vse,5-15,0.06247658920183881,23,0.061608756331860415,WLS,43,0.0008678328699783938
5,UPFC_tse,5-15,-2.1916852559963265,23,-2.1888404503102423,WLS,43,0.0028448056860841398
0,x_tcsc,1-14,-0.09896902754146213,24,-0.09895057091375115,WLS,43,1.8456627710980444e-05
1,B_svc,2,0.16798166182360783,24,0.16791140385641468,WLS,43,7.025796719314914e-05
2,UPFC_Vsh,5-15,1.1089896157185988,24,1.1114400293974098,WLS,43,0.0024504136788110475
3,UPFC_tsh,5-15,-0.24350985536185343,24,-0.24350699109361115,WLS,43,2.8642682422808097e-06
4,UPFC_Vse,5-15,0.06292683893808526,24,0.061608756331860415,WLS,43,0.0013180826062248463
5,UPFC_tse,5-15,-2.193399117348932,24,-2.1888404503102423,WLS,43,0.004558667038689457
0,x_tcsc,1-14,-0.09897529966774568,25,-0.09895057091375115,WLS,43,2.4728753994535113e-05
1,B_svc,2,0.16814654924922198,25,0.16791140385641468,WLS,43,0.00023514539280730662
2,UPFC_Vsh,5-15,1.108781187804247,25,1.1114400293974098,WLS,43,0.002658841593162764
3,UPFC_tsh,5-15,-0.2435791584108396,25,-0.24350699109361115,WLS,43,7.216731722844982e-05
4,UPFC_Vse,5-15,0.06257240179959209,25,0.061608756331860415,WLS,43,0.0009636454677316719
5,UPFC_tse,5-15,-2.192422849160105,25,-2.1888404503102423,WLS,43,0.003582398849862667
0,x_tcsc,1-14,-0.09896381256130177,26,-0.09895057091375115,WLS,43,1.3241647550621405e-05
1,B_svc,2,0.1678928734736059,26,0.16791140385641468,WLS,43,1.8530382808773505e-05
2,UPFC_Vsh,5-15,1.1085830653369695,26,1.1114400293974098,WLS,43,0.002856964060440337
3,UPFC_tsh,5-15,-0.24349363312738212,26,-0.24350699109361115,WLS,43,1.3357966229032847e-05
4,UPFC_Vse,5-15,0.06232080761986902,26,0.061608756331860415,WLS,43,0.0007120512880086083
5,UPFC_tse,5-15,-2.189823008497222,26,-2.1888404503102423,WLS,43,0.0009825581869797873
0,x_tcsc,1-14,-0.09896581118830364,27,-0.09895057091375115,WLS,43,1.524027455249155e-05
1,B_svc,2,0.1677654621517668,27,0.16791140385641468,WLS,43,0.00014594170464787837
2,UPFC_Vsh,5-15,1.1087710078503572,27,1.1114400293974098,WLS,43,0.002669021547052619
3,UPFC_tsh,5-15,-0.24356153049498686,27,-0.24350699109361115,WLS,43,5.453940137570279e-05
4,UPFC_Vse,5-15,0.062125007633474595,27,0.061608756331860415,WLS,43,0.0005162513016141804
5,UPFC_tse,5-15,-2.1949589086360435,27,-2.1888404503102423,WLS,43,0.006118458325801157
0,x_tcsc,1-14,-0.09897044974280929,28,-0.09895057091375115,WLS,43,1.9878829058142533e-05
1,B_svc,2,0.1677695607730813,28,0.16791140385641468,WLS,43,0.0001418430833333706
2,UPFC_Vsh,5-15,1.1085359846689842,28,1.1114400293974098,WLS,43,0.0029040447284256476
3,UPFC_tsh,5-15,-0.24356288822010058,28,-0.24350699109361115,WLS,43,5.589712648942924e-05
4,UPFC_Vse,5-15,0.06254088147092192,28,0.061608756331860415,WLS,43,0.0009321251390615043
5,UPFC_tse,5-15,-2.192037243972836,28,-2.1888404503102423,WLS,43,0.0031967936625938442
0,x_tcsc,1-14,-0.09896743074634493,29,-0.09895057091375115,WLS,43,1.6859832593779656e-05
1,B_svc,2,0.1676570333983478,29,0.16791140385641468,WLS,43,0.000254370458066866
2,UPFC_Vsh,5-15,1.1085665286540423,29,1.1114400293974098,WLS,43,0.002873500743367563
3,UPFC_tsh,5-15,-0.243535917035188,29,-0.24350699109361115,WLS,43,2.892594157685724e-05
4,UPFC_Vse,5-15,0.06238449841974767,29,0.061608756331860415,WLS,43,0.0007757420878872559
5,UPFC_tse,5-15,-2.1939319862960063,29,-2.1888404503102423,WLS,43,0.005091535985763951
0,x_tcsc,1-14,-0.09896448748802854,30,-0.09895057091375115,WLS,43,1.3916574277392235e-05
1,B_svc,2,0.16782303800596368,30,0.16791140385641468,WLS,43,8.836585045099432e-05
2,UPFC_Vsh,5-15,1.1087486416540788,30,1.1114400293974098,WLS,43,0.0026913877433309974
3,UPFC_tsh,5-15,-0.24355202807555162,30,-0.24350699109361115,WLS,43,4.5036981940471676e-05
4,UPFC_Vse,5-15,0.06286474435154671,30,0.061608756331860415,WLS,43,0.0012559880196862938
5,UPFC_tse,5-15,-2.192662874303472,30,-2.1888404503102423,WLS,43,0.003822423993229851
0,x_tcsc,1-14,-0.09895742552878667,31,-0.09895057091375115,WLS,43,6.854615035523093e-06
1,B_svc,2,0.16761320396276694,31,0.16791140385641468,WLS,43,0.00029819989364773813
2,UPFC_Vsh,5-15,1.1086227851685042,31,1.1114400293974098,WLS,43,0.002817244228905613
3,UPFC_tsh,5-15,-0.24354860809407292,31,-0.24350699109361115,WLS,43,4.161700046176331e-05
4,UPFC_Vse,5-15,0.06258984672219953,31,0.061608756331860415,WLS,43,0.0009810903903391122
5,UPFC_tse,5-15,-2.192985814410733,31,-2.1888404503102423,WLS,43,0.0041453641004904895
0,x_tcsc,1-14,-0.09897037828456223,32,-0.09895057091375115,WLS,43,1.9807370811086855e-05
1,B_svc,2,0.16798873488677657,32,0.16791140385641468,WLS,43,7.733103036189348e-05
2,UPFC_Vsh,5-15,1.108815586962538,32,1.1114400293974098,WLS,43,0.00262444243487181
3,UPFC_tsh,5-15,-0.2435656118940202,32,-0.24350699109361115,WLS,43,5.862080040905382e-05
4,UPFC_Vse,5-15,0.06246864475767504,32,0.061608756331860415,WLS,43,0.0008598884258146228
5,UPFC_tse,5-15,-2.1906948707396583,32,-2.1888404503102423,WLS,43,0.0018544204294159705
0,x_tcsc,1-14,-0.09896923311537727,33,-0.09895057091375115,WLS,43,1.86622016261212e-05
1,B_svc,2,0.16748588666501668,33,0.16791140385641468,WLS,43,0.00042551719139799493
2,UPFC_Vsh,5-15,1.1087313337898812,33,1.1114400293974098,WLS,43,0.0027086956075286217
3,UPFC_tsh,5-15,-0.2435615229855183,33,-0.24350699109361115,WLS,43,5.4531891907155794e-05
4,UPFC_Vse,5-15,0.06239083617361387,33,0.061608756331860415,WLS,43,0.0007820798417534566
5,UPFC_tse,5-15,-2.191345627464875,33,-2.1888404503102423,WLS,43,0.0025051771546324986
0,x_tcsc,1-14,-0.09897509602878173,34,-0.09895057091375115,WLS,43,2.4525115030579747e-05
1,B_svc,2,0.1679197480672647,34,0.16791140385641468,WLS,43,8.344210850025346e-06
2,UPFC_Vsh,5-15,1.1086062646367194,34,1.1114400293974098,WLS,43,0.002833764760690416
3,UPFC_tsh,5-15,-0.24355060244299434,34,-0.24350699109361115,WLS,43,4.3611349383188e-05
4,UPFC_Vse,5-15,0.06291090847001589,34,0.061608756331860415,WLS,43,0.001302152138155474
5,UPFC_tse,5-15,-2.1878598270099197,34,-2.1888404503102423,WLS,43,0.0009806233003226694
0,x_tcsc,1-14,-0.09897398085282086,35,-0.09895057091375115,WLS,43,2.3409939069712893e-05
1,B_svc,2,0.16803635230466285,35,0.16791140385641468,WLS,43,0.00012494844824817442
2,UPFC_Vsh,5-15,1.1085827686932612,35,1.1114400293974098,WLS,43,0.002857260704148601
3,UPFC_tsh,5-15,-0.2435336067600257,35,-0.24350699109361115,WLS,43,2.661566641454227e-05
4,UPFC_Vse,5-15,0.06262362854348016,35,0.061608756331860415,WLS,43,0.0010148722116197495
5,UPFC_tse,5-15,-2.191082388152407,35,-2.1888404503102423,WLS,43,0.002241937842164532
0,x_tcsc,1-14,-0.0989775017904737,36,-0.09895057091375115,WLS,43,2.6930876722550123e-05
1,B_svc,2,0.16767546693566324,36,0.16791140385641468,WLS,43,0.00023593692075143946
2,UPFC_Vsh,5-15,1.1086969868472827,36,1.1114400293974098,WLS,43,0.0027430425501271394
3,UPFC_tsh,5-15,-0.2435020510517521,36,-0.24350699109361115,WLS,43,4.940041859052835e-06
4,UPFC_Vse,5-15,0.06228448338543318,36,0.061608756331860415,WLS,43,0.0006757270535727652
5,UPFC_tse,5-15,-2.1924548567765414,36,-2.1888404503102423,WLS,43,0.0036144064662990694
0,x_tcsc,1-14,-0.09895995352912407,37,-0.09895057091375115,WLS,43,9.38261537292151e-06
1,B_svc,2,0.16742326645797817,37,0.16791140385641468,WLS,43,0.0004881373984365056
2,UPFC_Vsh,5-15,1.1086452348465183,37,1.1114400293974098,WLS,43,0.0027947945508914884
3,UPFC_tsh,5-15,-0.24354365421367866,37,-0.24350699109361115,WLS,43,3.666312006750383e-05
4,UPFC_Vse,5-15,0.06216467603193469,37,0.061608756331860415,WLS,43,0.0005559197000742783
5,UPFC_tse,5-15,-2.1942606471599997,37,-2.1888404503102423,WLS,43,0.005420196849757364
0,x_tcsc,1-14,-0.0989697889969264,38,-0.09895057091375115,WLS,43,1.9218083175259748e-05
1,B_svc,2,0.16716418480554796,38,0.16791140385641468,WLS,43,0.0007472190508667209
2,UPFC_Vsh,5-15,1.108392046319939,38,1.1114400293974098,WLS,43,0.003047983077470784
3,UPFC_tsh,5-15,-0.243546585104183,38,-0.24350699109361115,WLS,43,3.9594010571852856e-05
4,UPFC_Vse,5-15,0.06227505447805752,38,0.061608756331860415,WLS,43,0.0006662981461971057
5,UPFC_tse,5-15,-2.189230469966775,38,-2.1888404503102423,WLS,43,0.0003900196565327363
0,x_tcsc,1-14,-0.0989610708328895,39,-0.09895057091375115,WLS,43,1.0499919138359792e-05
1,B_svc,2,0.1676830263802593,39,0.16791140385641468,WLS,43,0.00022837747615536697
2,UPFC_Vsh,5-15,1.1084174131792963,39,1.1114400293974098,WLS,43,0.0030226162181135052
3,UPFC_tsh,5-15,-0.24359646761404102,39,-0.24350699109361115,WLS,43,8.947652042987086e-05
4,UPFC_Vse,5-15,0.06237845254084124,39,0.061608756331860415,WLS,43,0.000769696208980826
5,UPFC_tse,5-15,-2.1899853502871247,39,-2.1888404503102423,WLS,43,0.0011448999768823853
0,x_tcsc,1-14,-0.09898285973274361,40,-0.09895057091375115,WLS,43,3.22888189924625e-05
1,B_svc,2,0.16701698305686632,40,0.16791140385641468,WLS,43,0.0008944207995483511
2,UPFC_Vsh,5-15,1.108617096755089,40,1.1114400293974098,WLS,43,0.002822932642320808
3,UPFC_tsh,5-15,-0.24350863674822282,40,-0.24350699109361115,WLS,43,1.6456546116649928e-06
4,UPFC_Vse,5-15,0.06237857282851666,40,0.061608756331860415,WLS,43,0.0007698164966562435
5,UPFC_tse,5-15,-2.1909155940129286,40,-2.1888404503102423,WLS,43,0.002075143702686244
0,x_tcsc,1-14,-0.09897842406434126,41,-0.09895057091375115,WLS,43,2.785315059011806e-05
1,B_svc,2,0.16783565256071742,41,0.16791140385641468,WLS,43,7.575129569725725e-05
2,UPFC_Vsh,5-15,1.1087033902069716,41,1.1114400293974098,WLS,43,0.002736639190438206
3,UPFC_tsh,5-15,-0.24357847846004035,41,-0.24350699109361115,WLS,43,7.14873664292015e-05
4,UPFC_Vse,5-15,0.06267771038128193,41,0.061608756331860415,WLS,43,0.0010689540494215194
5,UPFC_tse,5-15,-2.191623041854319,41,-2.1888404503102423,WLS,43,0.0027825915440766735
0,x_tcsc,1-14,-0.09898339289798704,42,-0.09895057091375115,WLS,43,3.2821984235889556e-05
1,B_svc,2,0.1676204889598241,42,0.16791140385641468,WLS,43,0.0002909148965905828
2,UPFC_Vsh,5-15,1.1085888083814066,42,1.1114400293974098,WLS,43,0.0028512210160032136
3,UPFC_tsh,5-15,-0.24360154191759784,42,-0.24350699109361115,WLS,43,9.455082398668324e-05
4,UPFC_Vse,5-15,0.062346709401293034,42,0.061608756331860415,WLS,43,0.0007379530694326189
5,UPFC_tse,5-15,-2.1914978049863474,42,-2.1888404503102423,WLS,43,0.0026573546761050615
0,x_tcsc,1-14,-0.09896943359991763,43,-0.09895057091375115,WLS,43,1.8862686166479237e-05
1,B_svc,2,0.16773056377630693,43,0.16791140385641468,WLS,43,0.00018084008010774144
2,UPFC_Vsh,5-15,1.1089662878632198,43,1.1114400293974098,WLS,43,0.0024737415341899993
3,UPFC_tsh,5-15,-0.24353162329362957,43,-0.24350699109361115,WLS,43,2.463220001841515e-05
4,UPFC_Vse,5-15,0.0627374228625906,43,0.061608756331860415,WLS,43,0.0011286665307301824
5,UPFC_tse,5-15,-2.192768234818242,43,-2.1888404503102423,WLS,43,0.0039277845079994655
0,x_tcsc,1-14,-0.09897846170413283,44,-0.09895057091375115,WLS,43,2.789079038167941e-05
1,B_svc,2,0.16809750419829536,44,0.16791140385641468,WLS,43,0.00018610034188068503
2,UPFC_Vsh,5-15,1.1088153128223863,44,1.1114400293974098,WLS,43,0.0026247165750235
3,UPFC_tsh,5-15,-0.24353433475329703,44,-0.24350699109361115,WLS,43,2.734365968587449e-05
4,UPFC_Vse,5-15,0.06318598306548337,44,0.061608756331860415,WLS,43,0.001577226733622955
5,UPFC_tse,5-15,-2.1882806789803277,44,-2.1888404503102423,WLS,43,0.0005597713299145823
0,x_tcsc,1-14,-0.09895496533390792,45,-0.09895057091375115,WLS,43,4.3944201567752694e-06
1,B_svc,2,0.16800212738119222,45,0.16791140385641468,WLS,43,9.072352477754175e-05
2,UPFC_Vsh,5-15,1.1086391163211686,45,1.1114400293974098,WLS,43,0.002800913076241196
3,UPFC_tsh,5-15,-0.24351404231355278,45,-0.24350699109361115,WLS,43,7.051219941628384e-06
4,UPFC_Vse,5-15,0.06275896816590476,45,0.061608756331860415,WLS,43,0.0011502118340443457
5,UPFC_tse,5-15,-2.192264420818537,45,-2.1888404503102423,WLS,43,0.0034239705082947935
0,x_tcsc,1-14,-0.09896939785456664,46,-0.09895057091375115,WLS,43,1.882694081549452e-05
1,B_svc,2,0.16771713194079396,46,0.16791140385641468,WLS,43,0.000194271915620714
2,UPFC_Vsh,5-15,1.1084235882407263,46,1.1114400293974098,WLS,43,0.003016441156683536
3,UPFC_tsh,5-15,-0.24354977424465754,46,-0.24350699109361115,WLS,43,4.27831510463883e-05
4,UPFC_Vse,5-15,0.06258054704605945,46,0.061608756331860415,WLS,43,0.0009717907141990334
5,UPFC_tse,5-15,-2.1897525423134967,46,-2.1888404503102423,WLS,43,0.0009120920032543722
0,x_tcsc,1-14,-0.0989800037229265,47,-0.09895057091375115,WLS,43,2.943280917534763e-05
1,B_svc,2,0.16755867290940377,47,0.16791140385641468,WLS,43,0.0003527309470109097
2,UPFC_Vsh,5-15,1.1088518566212735,47,1.1114400293974098,WLS,43,0.0025881727761363216
3,UPFC_tsh,5-15,-0.24355641259906013,47,-0.24350699109361115,WLS,43,4.942150544898216e-05
4,UPFC_Vse,5-15,0.062445539620833886,47,0.061608756331860415,WLS,43,0.0008367832889734708
5,UPFC_tse,5-15,-2.193415843333971,47,-2.1888404503102423,WLS,43,0.004575393023728669
0,x_tcsc,1-14,-0.09897557863789494,48,-0.09895057091375115,WLS,43,2.500772414379404e-05
1,B_svc,2,0.16756090320768735,48,0.16791140385641468,WLS,43,0.00035050064872732545
2,UPFC_Vsh,5-15,1.1085713332404226,48,1.1114400293974098,WLS,43,0.0028686961569872604
3,UPFC_tsh,5-15,-0.2436042799096061,48,-0.24350699109361115,WLS,43,9.728881599493922e-05
4,UPFC_Vse,5-15,0.06227329072028033,48,0.061608756331860415,WLS,43,0.0006645343884199156
5,UPFC_tse,5-15,-2.1926271071814267,48,-2.1888404503102423,WLS,43,0.0037866568711844018
0,x_tcsc,1-14,-0.09897045809858414,49,-0.09895057091375115,WLS,43,1.9887184832992344e-05
1,B_svc,2,0.16812369897123858,49,0.16791140385641468,WLS,43,0.00021229511482390162
2,UPFC_Vsh,5-15,1.1088363455415975,49,1.1114400293974098,WLS,43,0.002603683855812333
3,UPFC_tsh,5-15,-0.24354144798335772,49,-0.24350699109361115,WLS,43,3.445688974657024e-05
4,UPFC_Vse,5-15,0.062195878500948584,49,0.061608756331860415,WLS,43,0.0005871221690881695
5,UPFC_tse,5-15,-2.191090798624351,49,-2.1888404503102423,WLS,43,0.002250348314108752
0,x_tcsc,1-14,-0.09895850649293395,50,-0.09895057091375115,WLS,43,7.935579182799524e-06
1,B_svc,2,0.16756401691859169,50,0.16791140385641468,WLS,43,0.000347386937822991
2,UPFC_Vsh,5-15,1.1084680987909035,50,1.1114400293974098,WLS,43,0.0029719306065063567
3,UPFC_tsh,5-15,-0.24351338143298265,50,-0.24350699109361115,WLS,43,6.390339371498133e-06
4,UPFC_Vse,5-15,0.06287067119141515,50,0.061608756331860415,WLS,43,0.0012619148595547358
5,UPFC_tse,5-15,-2.191133560471489,50,-2.1888404503102423,WLS,43,0.0022931101612466698
0,x_tcsc,1-14,-0.09896240829057154,51,-0.09895057091375115,WLS,43,1.1837376820394985e-05
1,B_svc,2,0.1680067030387943,51,0.16791140385641468,WLS,43,9.529918237963231e-05
2,UPFC_Vsh,5-15,1.1087448533989739,51,1.1114400293974098,WLS,43,0.002695175998435939
3,UPFC_tsh,5-15,-0.243601724570549,51,-0.24350699109361115,WLS,43,9.473347693783607e-05
4,UPFC_Vse,5-15,0.06274468706274192,51,0.061608756331860415,WLS,43,0.0011359307308815014
5,UPFC_tse,5-15,-2.1921076963942343,51,-2.1888404503102423,WLS,43,0.0032672460839919815
0,x_tcsc,1-14,-0.09895375433959583,52,-0.09895057091375115,WLS,43,3.1834258446827857e-06
1,B_svc,2,0.16813895428272202,52,0.16791140385641468,WLS,43,0.00022755042630734357
2,UPFC_Vsh,5-15,1.1090250867393063,52,1.1114400293974098,WLS,43,0.0024149426581034916
3,UPFC_tsh,5-15,-0.2435017199597603,52,-0.24350699109361115,WLS,43,5.271133850848209e-06
4,UPFC_Vse,5-15,0.06282280374813586,52,0.061608756331860415,WLS,43,0.0012140474162754405
5,UPFC_tse,5-15,-2.190739826362718,52,-2.1888404503102423,WLS,43,0.0018993760524756986
0,x_tcsc,1-14,-0.09896164417927417,53,-0.09895057091375115,WLS,43,1.107326552302057e-05
1,B_svc,2,0.16758479141400776,53,0.16791140385641468,WLS,43,0.00032661244240692056
2,UPFC_Vsh,5-15,1.1085674687889953,53,1.1114400293974098,WLS,43,0.002872560608414565
3,UPFC_tsh,5-15,-0.24347598517435165,53,-0.24350699109361115,WLS,43,3.100591925950247e-05
4,UPFC_Vse,5-15,0.06267793990052874,53,0.061608756331860415,WLS,43,0.001069183568668322
5,UPFC_tse,5-15,-2.1881021000725185,53,-2.1888404503102423,WLS,43,0.0007383502377238393
0,x_tcsc,1-14,-0.09896284023970092,54,-0.09895057091375115,WLS,43,1.2269325949776366e-05
1,B_svc,2,0.1679236929179938,54,0.16791140385641468,WLS,43,1.2289061579129346e-05
2,UPFC_Vsh,5-15,1.1087326926732208,54,1.1114400293974098,WLS,43,0.002707336724188991
3,UPFC_tsh,5-15,-0.2434825795314512,54,-0.24350699109361115,WLS,43,2.4411562159959432e-05
4,UPFC_Vse,5-15,0.0625167632578331,54,0.061608756331860415,WLS,43,0.0009080069259726903
5,UPFC_tse,5-15,-2.192098986386268,54,-2.1888404503102423,WLS,43,0.0032585360760255533
0,x_tcsc,1-14,-0.09895940897082002,55,-0.09895057091375115,WLS,43,8.838057068874527e-06
1,B_svc,2,0.16828148186431105,55,0.16791140385641468,WLS,43,0.0003700780078963739
2,UPFC_Vsh,5-15,1.1085479329012835,55,1.1114400293974098,WLS,43,0.0028920964961263174
3,UPFC_tsh,5-15,-0.24360987485639757,55,-0.24350699109361115,WLS,43,0.00010288376278641542
4,UPFC_Vse,5-15,0.0630141437539749,55,0.061608756331860415,WLS,43,0.0014053874221144902
5,UPFC_tse,5-15,-2.192699505747167,55,-2.1888404503102423,WLS,43,0.0038590554369246632
0,x_tcsc,1-14,-0.09897476016923858,56,-0.09895057091375115,WLS,43,2.4189255487430672e-05
1,B_svc,2,0.16815206722593828,56,0.16791140385641468,WLS,43,0.00024066336952360823
2,UPFC_Vsh,5-15,1.10836506112355,56,1.1114400293974098,WLS,43,0.0030749682738597794
3,UPFC_tsh,5-15,-0.24360887337653223,56,-0.24350699109361115,WLS,43,0.00010188228292107304
4,UPFC_Vse,5-15,0.062184956947786474,56,0.061608756331860415,WLS,43,0.0005762006159260591
5,UPFC_tse,5-15,-2.1905342553860976,56,-2.1888404503102423,WLS,43,0.0016938050758552592
0,x_tcsc,1-14,-0.09897182944681021,57,-0.09895057091375115,WLS,43,2.1258533059065332e-05
1,B_svc,2,0.1680371133568639,57,0.16791140385641468,WLS,43,0.00012570950044921148
2,UPFC_Vsh,5-15,1.108289847282302,57,1.1114400293974098,WLS,43,0.003150182115107869
3,UPFC_tsh,5-15,-0.2434860223145248,57,-0.24350699109361115,WLS,43,2.0968779086361078e-05
4,UPFC_Vse,5-15,0.06228916882318875,57,0.061608756331860415,WLS,43,0.0006804124913283374
5,UPFC_tse,5-15,-2.1891114808380028,57,-2.1888404503102423,WLS,43,0.0002710305277604519
0,x_tcsc,1-14,-0.09896631047758545,58,-0.09895057091375115,WLS,43,1.573956383429942e-05
1,B_svc,2,0.16768968219196725,58,0.16791140385641468,WLS,43,0.0002217216644474218
2,UPFC_Vsh,5-15,1.1084594166550619,58,1.1114400293974098,WLS,43,0.0029806127423479545
3,UPFC_tsh,5-15,-0.24358960574467373,58,-0.24350699109361115,WLS,43,8.26146510625736e-05
4,UPFC_Vse,5-15,0.06255779857988944,58,0.061608756331860415,WLS,43,0.000949042248029025
5,UPFC_tse,5-15,-2.190432175899674,58,-2.1888404503102423,WLS,43,0.0015917255894315474
0,x_tcsc,1-14,-0.09897253959081458,59,-0.09895057091375115,WLS,43,2.196867706343031e-05
1,B_svc,2,0.16755534401840474,59,0.16791140385641468,WLS,43,0.00035605983800993113
2,UPFC_Vsh,5-15,1.1083056828536746,59,1.1114400293974098,WLS,43,0.0031343465437352336
3,UPFC_tsh,5-15,-0.2435809355306555,59,-0.24350699109361115,WLS,43,7.394443704433762e-05
4,UPFC_Vse,5-15,0.06248056677468675,59,0.061608756331860415,WLS,43,0.0008718104428263318
5,UPFC_tse,5-15,-2.1918356632218154,59,-2.1888404503102423,WLS,43,0.0029952129115731196
0,x_tcsc,1-14,-0.09897391117173132,60,-0.09895057091375115,WLS,43,2.3340257980175583e-05
1,B_svc,2,0.1681478283464099,60,0.16791140385641468,WLS,43,0.00023642448999522392
2,UPFC_Vsh,5-15,1.1087306386170217,60,1.1114400293974098,WLS,43,0.002709390780388121
3,UPFC_tsh,5-15,-0.2435078431422816,60,-0.24350699109361115,WLS,43,8.520486704521879e-07
4,UPFC_Vse,5-15,0.062192035384885484,60,0.061608756331860415,WLS,43,0.0005832790530250695
5,UPFC_tse,5-15,-2.1930687983456782,60,-2.1888404503102423,WLS,43,0.004228348035435925
0,x_tcsc,1-14,-0.09896674522135952,61,-0.09895057091375115,WLS,43,1.6174307608377014e-05
1,B_svc,2,0.16753523532469367,61,0.16791140385641468,WLS,43,0.0003761685317210106
2,UPFC_Vsh,5-15,1.1089132352671576,61,1.1114400293974098,WLS,43,0.0025267941302522523
3,UPFC_tsh,5-15,-0.2435120489849938,61,-0.24350699109361115,WLS,43,5.057891382637125e-06
4,UPFC_Vse,5-15,0.06269950466310042,61,0.061608756331860415,WLS,43,0.0010907483312400101
5,UPFC_tse,5-15,-2.189670303233155,61,-2.1888404503102423,WLS,43,0.0008298529229127105
0,x_tcsc,1-14,-0.09896220764659698,62,-0.09895057091375115,WLS,43,1.1636732845834996e-05
1,B_svc,2,0.1674142284235144,62,0.16791140385641468,WLS,43,0.0004971754329002875
2,UPFC_Vsh,5-15,1.1083972432291327,62,1.1114400293974098,WLS,43,0.003042786168277134
3,UPFC_tsh,5-15,-0.24355764212316375,62,-0.24350699109361115,WLS,43,5.065102955259526e-05
4,UPFC_Vse,5-15,0.062447993652903,62,0.061608756331860415,WLS,43,0.000839237321042588
5,UPFC_tse,5-15,-2.194252218070523,62,-2.1888404503102423,WLS,43,0.005411767760280739
0,x_tcsc,1-14,-0.09897501473731121,63,-0.09895057091375115,WLS,43,2.4443823560066358e-05
1,B_svc,2,0.16748547351866858,63,0.16791140385641468,WLS,43,0.0004259303377460999
2,UPFC_Vsh,5-15,1.1087048741591452,63,1.1114400293974098,WLS,43,0.0027351552382646194
3,UPFC_tsh,5-15,-0.24348965179044674,63,-0.24350699109361115,WLS,43,1.7339303164415343e-05
4,UPFC_Vse,5-15,0.062182537244844724,63,0.061608756331860415,WLS,43,0.0005737809129843091
5,UPFC_tse,5-15,-2.191540542128021,63,-2.1888404503102423,WLS,43,0.002700091817778638
0,x_tcsc,1-14,-0.0989763546396435,64,-0.09895057091375115,WLS,43,2.5783725892347675e-05
1,B_svc,2,0.16768659209710346,64,0.16791140385641468,WLS,43,0.00022481175931121644
2,UPFC_Vsh,5-15,1.1087365987629993,64,1.1114400293974098,WLS,43,0.0027034306344104753
3,UPFC_tsh,5-15,-0.24355522330425297,64,-0.24350699109361115,WLS,43,4.823221064181871e-05
4,UPFC_Vse,5-15,0.06264997866580393,64,0.061608756331860415,WLS,43,0.00104122233394352
5,UPFC_tse,5-15,-2.190628804213783,64,-2.1888404503102423,WLS,43,0.001788353903540596
0,x_tcsc,1-14,-0.09897457374183788,65,-0.09895057091375115,WLS,43,2.4002828086733263e-05
1,B_svc,2,0.16802208854980674,65,0.16791140385641468,WLS,43,0.00011068469339206577
2,UPFC_Vsh,5-15,1.1089321652009345,65,1.1114400293974098,WLS,43,0.002507864196475307
3,UPFC_tsh,5-15,-0.24349392706892614,65,-0.24350699109361115,WLS,43,1.306402468501111e-05
4,UPFC_Vse,5-15,0.062342498344140906,65,0.061608756331860415,WLS,43,0.0007337420122804916
5,UPFC_tse,5-15,-2.194471006194615,65,-2.1888404503102423,WLS,43,0.005630555884372779
0,x_tcsc,1-14,-0.09895929617617256,66,-0.09895057091375115,WLS,43,8.725262421419022e-06
1,B_svc,2,0.16790864739234354,66,0.16791140385641468,WLS,43,2.7564640711352784e-06
2,UPFC_Vsh,5-15,1.1085320377944006,66,1.1114400293974098,WLS,43,0.0029079916030092523
3,UPFC_tsh,5-15,-0.24355160210338192,66,-0.24350699109361115,WLS,43,4.4611009770767485e-05
4,UPFC_Vse,5-15,0.06278509131898409,66,0.061608756331860415,WLS,43,0.0011763349871236756
5,UPFC_tse,5-15,-2.1884227873642557,66,-2.1888404503102423,WLS,43,0.0004176629459866632
0,x_tcsc,1-14,-0.0989682250123412,67,-0.09895057091375115,WLS,43,1.765409859005862e-05
1,B_svc,2,0.16784127853580308,67,0.16791140385641468,WLS,43,7.012532061159704e-05
2,UPFC_Vsh,5-15,1.108534639882168,67,1.1114400293974098,WLS,43,0.002905389515241774
3,UPFC_tsh,5-15,-0.24356727208776982,67,-0.24350699109361115,WLS,43,6.0280994158667944e-05
4,UPFC_Vse,5-15,0.06278645589250106,67,0.061608756331860415,WLS,43,0.0011776995606406493
5,UPFC_tse,5-15,-2.1904556340039036,67,-2.1888404503102423,WLS,43,0.001615183693661315
0,x_tcsc,1-14,-0.09896003351425116,68,-0.09895057091375115,WLS,43,9.462600500012575e-06
1,B_svc,2,0.16798562543725493,68,0.16791140385641468,WLS,43,7.422158084025021e-05
2,UPFC_Vsh,5-15,1.1083832878653606,68,1.1114400293974098,WLS,43,0.0030567415320492675
3,UPFC_tsh,5-15,-0.24353153862781524,68,-0.24350699109361115,WLS,43,2.454753420408351e-05
4,UPFC_Vse,5-15,0.0621525424220248,68,0.061608756331860415,WLS,43,0.0005437860901643873
5,UPFC_tse,5-15,-2.1904086528515174,68,-2.1888404503102423,WLS,43,0.0015682025412750988
0,x_tcsc,1-14,-0.09898349029844809,69,-0.09895057091375115,WLS,43,3.291938469694722e-05
1,B_svc,2,0.1675569523716096,69,0.16791140385641468,WLS,43,0.00035445148480506283
2,UPFC_Vsh,5-15,1.1087416569797437,69,1.1114400293974098,WLS,43,0.0026983724176661283
3,UPFC_tsh,5-15,-0.2435345791720422,69,-0.24350699109361115,WLS,43,2.7588078431034502e-05
4,UPFC_Vse,5-15,0.06192632477709779,69,0.061608756331860415,WLS,43,0.000317568445237372
5,UPFC_tse,5-15,-2.1917521451713635,69,-2.1888404503102423,WLS,43,0.0029116948611211946
0,x_tcsc,1-14,-0.09897331929886613,70,-0.09895057091375115,WLS,43,2.274838511498456e-05
1,B_svc,2,0.16741911746407168,70,0.16791140385641468,WLS,43,0.0004922863923429999
2,UPFC_Vsh,5-15,1.1082963536262258,70,1.1114400293974098,WLS,43,0.003143675771184018
3,UPFC_tsh,5-15,-0.24355491174864624,70,-0.24350699109361115,WLS,43,4.792065503508858e-05
4,UPFC_Vse,5-15,0.062277673664184664,70,0.061608756331860415,WLS,43,0.0006689173323242495
5,UPFC_tse,5-15,-2.191129837820141,70,-2.1888404503102423,WLS,43,0.0022893875098985994
0,x_tcsc,1-14,-0.09898082223143033,71,-0.09895057091375115,WLS,43,3.0251317679183543e-05
1,B_svc,2,0.16785656117765543,71,0.16791140385641468,WLS,43,5.484267875924265e-05
2,UPFC_Vsh,5-15,1.1086987951599512,71,1.1114400293974098,WLS,43,0.002741234237458645
3,UPFC_tsh,5-15,-0.24358514268255677,71,-0.24350699109361115,WLS,43,7.815158894561303e-05
4,UPFC_Vse,5-15,0.06300599417412336,71,0.061608756331860415,WLS,43,0.0013972378422629494
5,UPFC_tse,5-15,-2.1874180466526485,71,-2.1888404503102423,WLS,43,0.0014224036575938293
0,x_tcsc,1-14,-0.09896950613842419,72,-0.09895057091375115,WLS,43,1.8935224673041762e-05
1,B_svc,2,0.1673394589010137,72,0.16791140385641468,WLS,43,0.0005719449554009715
2,UPFC_Vsh,5-15,1.1087528336586312,72,1.1114400293974098,WLS,43,0.002687195738778625
3,UPFC_tsh,5-15,-0.2435331715712858,72,-0.24350699109361115,WLS,43,2.6180477674636604e-05
4,UPFC_Vse,5-15,0.06240007632452745,72,0.061608756331860415,WLS,43,0.0007913199926670375
5,UPFC_tse,5-15,-2.192166300891261,72,-2.1888404503102423,WLS,43,0.003325850581018752
0,x_tcsc,1-14,-0.0989669147806641,73,-0.09895057091375115,WLS,43,1.634386691296008e-05
1,B_svc,2,0.16824834555802032,73,0.16791140385641468,WLS,43,0.00033694170160564196
2,UPFC_Vsh,5-15,1.1087794711988384,73,1.1114400293974098,WLS,43,0.002660558198571472
3,UPFC_tsh,5-15,-0.24352765004881538,73,-0.24350699109361115,WLS,43,2.0658955204228002e-05
4,UPFC_Vse,5-15,0.0625290535555528,73,0.061608756331860415,WLS,43,0.0009202972236923845
5,UPFC_tse,5-15,-2.1920352527357356,73,-2.1888404503102423,WLS,43,0.003194802425493304
0,x_tcsc,1-14,-0.09897348836534844,74,-0.09895057091375115,WLS,43,2.291745159729852e-05
1,B_svc,2,0.16792482133573108,74,0.16791140385641468,WLS,43,1.3417479316407688e-05
2,UPFC_Vsh,5-15,1.1084323856559442,74,1.1114400293974098,WLS,43,0.003007643741465671
3,UPFC_tsh,5-15,-0.24349857931420552,74,-0.24350699109361115,WLS,43,8.411779405637088e-06
4,UPFC_Vse,5-15,0.06231410388903427,74,0.061608756331860415,WLS,43,0.0007053475571738577
5,UPFC_tse,5-15,-2.193419547153587,74,-2.1888404503102423,WLS,43,0.004579096843344566
0,x_tcsc,1-14,-0.09897289347049755,75,-0.09895057091375115,WLS,43,2.2322556746404154e-05
1,B_svc,2,0.16807598734920695,75,0.16791140385641468,WLS,43,0.00016458349279227513
2,UPFC_Vsh,5-15,1.108629956914796,75,1.1114400293974098,WLS,43,0.00281007248261389
3,UPFC_tsh,5-15,-0.24352054282093677,75,-0.24350699109361115,WLS,43,1.3551727325616936e-05
4,UPFC_Vse,5-15,0.06239396116760344,75,0.061608756331860415,WLS,43,0.000785204835743028
5,UPFC_tse,5-15,-2.1942625854673823,75,-2.1888404503102423,WLS,43,0.005422135157139962
0,x_tcsc,1-14,-0.09895231006257027,76,-0.09895057091375115,WLS,43,1.739148819124292e-06
1,B_svc,2,0.16847951170233597,76,0.16791140385641468,WLS,43,0.0005681078459212896
2,UPFC_Vsh,5-15,1.10888789028725,76,1.1114400293974098,WLS,43,0.0025521391101597235
3,UPFC_tsh,5-15,-0.2435014313568558,76,-0.24350699109361115,WLS,43,5.559736755339495e-06
4,UPFC_Vse,5-15,0.06215036583828114,76,0.061608756331860415,WLS,43,0.0005416095064207233
5,UPFC_tse,5-15,-2.189045688120913,76,-2.1888404503102423,WLS,43,0.00020523781067049995
0,x_tcsc,1-14,-0.09897035564608613,77,-0.09895057091375115,WLS,43,1.9784732334979238e-05
1,B_svc,2,0.16745261243918494,77,0.16791140385641468,WLS,43,0.00045879141722973693
2,UPFC_Vsh,5-15,1.1086854385944032,77,1.1114400293974098,WLS,43,0.0027545908030066624
3,UPFC_tsh,5-15,-0.24350297534949022,77,-0.24350699109361115,WLS,43,4.0157441209276445e-06
4,UPFC_Vse,5-15,0.06283942266749393,77,0.061608756331860415,WLS,43,0.0012306663356335124
5,UPFC_tse,5-15,-2.1894885649898255,77,-2.1888404503102423,WLS,43,0.000648114679583145
0,x_tcsc,1-14,-0.09895729420498454,78,-0.09895057091375115,WLS,43,6.723291233398654e-06
1,B_svc,2,0.16751746210723986,78,0.16791140385641468,WLS,43,0.0003939417491748143
2,UPFC_Vsh,5-15,1.1086627786523067,78,1.1114400293974098,WLS,43,0.0027772507451031547
3,UPFC_tsh,5-15,-0.24348976936889427,78,-0.24350699109361115,WLS,43,1.7221724716881548e-05
4,UPFC_Vse,5-15,0.06290211049285578,78,0.061608756331860415,WLS,43,0.0012933541609953664
5,UPFC_tse,5-15,-2.1894760541709246,78,-2.1888404503102423,WLS,43,0.0006356038606822878
0,x_tcsc,1-14,-0.09897437628044524,79,-0.09895057091375115,WLS,43,2.38053666940935e-05
1,B_svc,2,0.16818913500949328,79,0.16791140385641468,WLS,43,0.00027773115307860863
2,UPFC_Vsh,5-15,1.1085145248644706,79,1.1114400293974098,WLS,43,0.0029255045329392715
3,UPFC_tsh,5-15,-0.24352209017241824,79,-0.24350699109361115,WLS,43,1.5099078807090383e-05
4,UPFC_Vse,5-15,0.06190744574081694,79,0.061608756331860415,WLS,43,0.0002986894089565262
5,UPFC_tse,5-15,-2.1906789494219,79,-2.1888404503102423,WLS,43,0.0018384991116575655
0,x_tcsc,1-14,-0.09896467151418503,80,-0.09895057091375115,WLS,43,1.4100600433886168e-05
1,B_svc,2,0.16816128283579987,80,0.16791140385641468,WLS,43,0.000249878979385193
2,UPFC_Vsh,5-15,1.1092561228582292,80,1.1114400293974098,WLS,43,0.002183906539180658
3,UPFC_tsh,5-15,-0.24355217452074193,80,-0.24350699109361115,WLS,43,4.5183427130779386e-05
4,UPFC_Vse,5-15,0.06246697770549383,80,0.061608756331860415,WLS,43,0.0008582213736334152
5,UPFC_tse,5-15,-2.1944748773669107,80,-2.1888404503102423,WLS,43,0.00563442705666839
0,x_tcsc,1-14,-0.0989665793866091,81,-0.09895057091375115,WLS,43,1.6008472857959033e-05
1,B_svc,2,0.16773703630232417,81,0.16791140385641468,WLS,43,0.0001743675540905043
2,UPFC_Vsh,5-15,1.1084757288223,81,1.1114400293974098,WLS,43,0.0029643005751098794
3,UPFC_tsh,5-15,-0.24355740530793807,81,-0.24350699109361115,WLS,43,5.041421432691595e-05
4,UPFC_Vse,5-15,0.06197022058763567,81,0.061608756331860415,WLS,43,0.000361464255775254
5,UPFC_tse,5-15,-2.1935315038427143,81,-2.1888404503102423,WLS,43,0.0046910535324720115
0,x_tcsc,1-14,-0.09897862870330566,82,-0.09895057091375115,WLS,43,2.8057789554516988e-05
1,B_svc,2,0.1681672276399848,82,0.16791140385641468,WLS,43,0.0002558237835701138
2,UPFC_Vsh,5-15,1.108616838835864,82,1.1114400293974098,WLS,43,0.0028231905615458963
3,UPFC_tsh,5-15,-0.24355250860566924,82,-0.24350699109361115,WLS,43,4.5517512058085297e-05
4,UPFC_Vse,5-15,0.06300689304555726,82,0.061608756331860415,WLS,43,0.0013981367136968459
5,UPFC_tse,5-15,-2.1902798667998984,82,-2.1888404503102423,WLS,43,0.0014394164896560646
0,x_tcsc,1-14,-0.0989643430923417,83,-0.09895057091375115,WLS,43,1.377217859055424e-05
1,B_svc,2,0.16839652732386737,83,0.16791140385641468,WLS,43,0.00048512346745269164
2,UPFC_Vsh,5-15,1.1087607818883716,83,1.1114400293974098,WLS,43,0.0026792475090382517
3,UPFC_tsh,5-15,-0.24353946112128266,83,-0.24350699109361115,WLS,43,3.247002767151064e-05
4,UPFC_Vse,5-15,0.06249512769887094,83,0.061608756331860415,WLS,43,0.000886371367010523
5,UPFC_tse,5-15,-2.1957041738879863,83,-2.1888404503102423,WLS,43,0.0068637235777440075
0,x_tcsc,1-14,-0.09897694037469676,84,-0.09895057091375115,WLS,43,2.636946094561332e-05
1,B_svc,2,0.16779219180576294,84,0.16791140385641468,WLS,43,0.00011921205065174023
2,UPFC_Vsh,5-15,1.1087980146063057,84,1.1114400293974098,WLS,43,0.0026420147911041525
3,UPFC_tsh,5-15,-0.24356939702086713,84,-0.24350699109361115,WLS,43,6.240592725598182e-05
4,UPFC_Vse,5-15,0.06267962630225397,84,0.061608756331860415,WLS,43,0.0010708699703935592
5,UPFC_tse,5-15,-2.191318510436708,84,-2.1888404503102423,WLS,43,0.0024780601264655644
0,x_tcsc,1-14,-0.09896314380766111,85,-0.09895057091375115,WLS,43,1.2572893909962302e-05
1,B_svc,2,0.16797560832652295,85,0.16791140385641468,WLS,43,6.420447010827002e-05
2,UPFC_Vsh,5-15,1.108657358451542,85,1.1114400293974098,WLS,43,0.0027826709458678156
3,UPFC_tsh,5-15,-0.2435315121022358,85,-0.24350699109361115,WLS,43,2.4521008624656115e-05
4,UPFC_Vse,5-15,0.06203971390982679,85,0.061608756331860415,WLS,43,0.00043095757796637185
5,UPFC_tse,5-15,-2.1942682070542494,85,-2.1888404503102423,WLS,43,0.005427756744007084
0,x_tcsc,1-14,-0.0989764849298224,86,-0.09895057091375115,WLS,43,2.5914016071257318e-05
1,B_svc,2,0.1681584941562832,86,0.16791140385641468,WLS,43,0.00024709029986852427
2,UPFC_Vsh,5-15,1.1084829429825276,86,1.1114400293974098,WLS,43,0.0029570864148822373
3,UPFC_tsh,5-15,-0.24361413835276827,86,-0.24350699109361115,WLS,43,0.00010714725915711432
4,UPFC_Vse,5-15,0.06210836192203416,86,0.061608756331860415,WLS,43,0.0004996055901737434
5,UPFC_tse,5-15,-2.192529419235274,86,-2.1888404503102423,WLS,43,0.003688968925031677
0,x_tcsc,1-14,-0.0989696507074453,87,-0.09895057091375115,WLS,43,1.9079793694157243e-05
1,B_svc,2,0.1677555074460355,87,0.16791140385641468,WLS,43,0.0001558964103791638
2,UPFC_Vsh,5-15,1.1085845552701519,87,1.1114400293974098,WLS,43,0.002855474127257951
3,UPFC_tsh,5-15,-0.24356134259718926,87,-0.24350699109361115,WLS,43,5.435150357810392e-05
4,UPFC_Vse,5-15,0.06285929597919515,87,0.061608756331860415,WLS,43,0.0012505396473347363
5,UPFC_tse,5-15,-2.1914311084891533,87,-2.1888404503102423,WLS,43,0.0025906581789110206
0,x_tcsc,1-14,-0.09895936682099185,88,-0.09895057091375115,WLS,43,8.795907240705114e-06
1,B_svc,2,0.16816933277214058,88,0.16791140385641468,WLS,43,0.0002579289157259024
2,UPFC_Vsh,5-15,1.108751419948309,88,1.1114400293974098,WLS,43,0.002688609449100765
3,UPFC_tsh,5-15,-0.24358696861575832,88,-0.24350699109361115,WLS,43,7.997752214716769e-05
4,UPFC_Vse,5-15,0.06216031397824425,88,0.061608756331860415,WLS,43,0.0005515576463838365
5,UPFC_tse,5-15,-2.189575587552865,88,-2.1888404503102423,WLS,43,0.000735137242622752
0,x_tcsc,1-14,-0.09896524587306772,89,-0.09895057091375115,WLS,43,1.4674959316576808e-05
1,B_svc,2,0.16766604555764622,89,0.16791140385641468,WLS,43,0.0002453582987684555
2,UPFC_Vsh,5-15,1.1087812082665658,89,1.1114400293974098,WLS,43,0.0026588211308440357
3,UPFC_tsh,5-15,-0.24352492904351253,89,-0.24350699109361115,WLS,43,1.7937949901375427e-05
4,UPFC_Vse,5-15,0.06214187288801986,89,0.061608756331860415,WLS,43,0.000533116556159445
5,UPFC_tse,5-15,-2.1911103265553353,89,-2.1888404503102423,WLS,43,0.0022698762450930055
0,x_tcsc,1-14,-0.09897511010554197,90,-0.09895057091375115,WLS,43,2.453919179082331e-05
1,B_svc,2,0.16762027382510591,90,0.16791140385641468,WLS,43,0.0002911300313087617
2,UPFC_Vsh,5-15,1.1087035734848094,90,1.1114400293974098,WLS,43,0.0027364559126004107
3,UPFC_tsh,5-15,-0.2435492713513012,90,-0.24350699109361115,WLS,43,4.228025769004162e-05
4,UPFC_Vse,5-15,0.06241703860209235,90,0.061608756331860415,WLS,43,0.0008082822702319345
5,UPFC_tse,5-15,-2.191539876916688,90,-2.1888404503102423,WLS,43,0.0026994266064455097
0,x_tcsc,1-14,-0.09896716577000765,91,-0.09895057091375115,WLS,43,1.659485625650492e-05
1,B_svc,2,0.16831933403606494,91,0.16791140385641468,WLS,43,0.0004079301796502677
2,UPFC_Vsh,5-15,1.1085793836807323,91,1.1114400293974098,WLS,43,0.0028606457166775456
3,UPFC_tsh,5-15,-0.24351670812618,91,-0.24350699109361115,WLS,43,9.717032568856698e-06
4,UPFC_Vse,5-15,0.06254603577206286,91,0.061608756331860415,WLS,43,0.0009372794402024431
5,UPFC_tse,5-15,-2.189122436895224,91,-2.1888404503102423,WLS,43,0.000281986584981464
0,x_tcsc,1-14,-0.09895884689388082,92,-0.09895057091375115,WLS,43,8.275980129673899e-06
1,B_svc,2,0.1680260922544632,92,0.16791140385641468,WLS,43,0.0001146883980485125
2,UPFC_Vsh,5-15,1.108415257997027,92,1.1114400293974098,WLS,43,0.0030247714003828197
3,UPFC_tsh,5-15,-0.24354099883437624,92,-0.24350699109361115,WLS,43,3.400774076509072e-05
4,UPFC_Vse,5-15,0.06287702356458333,92,0.061608756331860415,WLS,43,0.0012682672327229139
5,UPFC_tse,5-15,-2.1884879911745,92,-2.1888404503102423,WLS,43,0.00035245913574222243
0,x_tcsc,1-14,-0.09895468479122564,93,-0.09895057091375115,WLS,43,4.113877474495875e-06
1,B_svc,2,0.16746596998832852,93,0.16791140385641468,WLS,43,0.0004454338680861536
2,UPFC_Vsh,5-15,1.108954041014372,93,1.1114400293974098,WLS,43,0.0024859883830379292
3,UPFC_tsh,5-15,-0.24348104503038992,93,-0.24350699109361115,WLS,43,2.5946063221232718e-05
4,UPFC_Vse,5-15,0.06202177870682405,93,0.061608756331860415,WLS,43,0.00041302237496363553
5,UPFC_tse,5-15,-2.1927539375301763,93,-2.1888404503102423,WLS,43,0.003913487219934009
0,x_tcsc,1-14,-0.09896267273405235,94,-0.09895057091375115,WLS,43,1.2101820301202437e-05
1,B_svc,2,0.16805255016648063,94,0.16791140385641468,WLS,43,0.0001411463100659538
2,UPFC_Vsh,5-15,1.1084370569316249,94,1.1114400293974098,WLS,43,0.003002972465784959
3,UPFC_tsh,5-15,-0.24355660328336257,94,-0.24350699109361115,WLS,43,4.961218975141346e-05
4,UPFC_Vse,5-15,0.0626697111845587,94,0.061608756331860415,WLS,43,0.0010609548526982898
5,UPFC_tse,5-15,-2.1893820320098674,94,-2.1888404503102423,WLS,43,0.0005415816996250378
0,x_tcsc,1-14,-0.09897246596880897,95,-0.09895057091375115,WLS,43,2.1895055057827295e-05
1,B_svc,2,0.16805294632931023,95,0.16791140385641468,WLS,43,0.00014154247289555055
2,UPFC_Vsh,5-15,1.1086611301819154,95,1.1114400293974098,WLS,43,0.002778899215494457
3,UPFC_tsh,5-15,-0.24358939517328515,95,-0.24350699109361115,WLS,43,8.240407967399777e-05
4,UPFC_Vse,5-15,0.06265878449950268,95,0.061608756331860415,WLS,43,0.0010500281676422696
5,UPFC_tse,5-15,-2.1915880692357455,95,-2.1888404503102423,WLS,43,0.002747618925503126
0,x_tcsc,1-14,-0.09895906000633635,96,-0.09895057091375115,WLS,43,8.489092585203806e-06
1,B_svc,2,0.16778645158748556,96,0.16791140385641468,WLS,43,0.0001249522689291127
2,UPFC_Vsh,5-15,1.1085810525308437,96,1.1114400293974098,WLS,43,0.0028589768665661097
3,UPFC_tsh,5-15,-0.2435357428607239,96,-0.24350699109361115,WLS,43,2.8751767112755733e-05
4,UPFC_Vse,5-15,0.06271104769754769,96,0.061608756331860415,WLS,43,0.0011022913656872774
5,UPFC_tse,5-15,-2.1902754532403166,96,-2.1888404503102423,WLS,43,0.0014350029300742584
0,x_tcsc,1-14,-0.09895958333109812,97,-0.09895057091375115,WLS,43,9.012417346979107e-06
1,B_svc,2,0.16796960210102702,97,0.16791140385641468,WLS,43,5.819824461233969e-05
2,UPFC_Vsh,5-15,1.1086459186232265,97,1.1114400293974098,WLS,43,0.002794110774183345
3,UPFC_tsh,5-15,-0.24351730863224952,97,-0.24350699109361115,WLS,43,1.031753863836582e-05
4,UPFC_Vse,5-15,0.0630137788813204,97,0.061608756331860415,WLS,43,0.0014050225494599833
5,UPFC_tse,5-15,-2.1935240621960324,97,-2.1888404503102423,WLS,43,0.004683611885790029
0,x_tcsc,1-14,-0.09896724998190459,98,-0.09895057091375115,WLS,43,1.6679068153446774e-05
1,B_svc,2,0.16804159980717315,98,0.16791140385641468,WLS,43,0.00013019595075847157
2,UPFC_Vsh,5-15,1.1086077007248132,98,1.1114400293974098,WLS,43,0.00283232867259664
3,UPFC_tsh,5-15,-0.24351417615046878,98,-0.24350699109361115,WLS,43,7.185056857622607e-06
4,UPFC_Vse,5-15,0.062482288439876424,98,0.061608756331860415,WLS,43,0.0008735321080160091
5,UPFC_tse,5-15,-2.192717733795133,98,-2.1888404503102423,WLS,43,0.0038772834848908033
0,x_tcsc,1-14,-0.09897505112458602,99,-0.09895057091375115,WLS,43,2.448021083487073e-05
1,B_svc,2,0.16801080114897932,99,0.16791140385641468,WLS,43,9.939729256464025e-05
2,UPFC_Vsh,5-15,1.1083398872181258,99,1.1114400293974098,WLS,43,0.0031001421792840045
3,UPFC_tsh,5-15,-0.2436041201265812,99,-0.24350699109361115,WLS,43,9.712903297004472e-05
4,UPFC_Vse,5-15,0.06251545162816777,99,0.061608756331860415,WLS,43,0.0009066952963073527
5,UPFC_tse,5-15,-2.189243996895084,99,-2.1888404503102423,WLS,43,0.000403546584841763
0,x_tcsc,1-14,-0.10078523366578435,0,-0.10080920433053986,WLS,45,2.3970664755512683e-05
1,B_svc,2,0.16955125406166457,0,0.16987451892177505,WLS,45,0.0003232648601104726
2,UPFC_Vsh,5-15,1.109126699386544,0,1.1111883431135414,WLS,45,0.002061643726997353
3,UPFC_tsh,5-15,-0.24177692372496465,0,-0.2418125648168908,WLS,45,3.564109192616405e-05
4,UPFC_Vse,5-15,0.062352564560908076,0,0.06152592446691194,WLS,45,0.0008266400939961338
5,UPFC_tse,5-15,-2.189041688332968,0,-2.1818707827195163,WLS,45,0.0071709056134516835
0,x_tcsc,1-14,-0.10080242978413825,1,-0.10080920433053986,WLS,45,6.7745464016055745e-06
1,B_svc,2,0.16972016340399368,1,0.16987451892177505,WLS,45,0.00015435551778136825
2,UPFC_Vsh,5-15,1.1085410800504463,1,1.1111883431135414,WLS,45,0.002647263063095151
3,UPFC_tsh,5-15,-0.24177226024901444,1,-0.2418125648168908,WLS,45,4.030456787637582e-05
4,UPFC_Vse,5-15,0.06266590807441391,1,0.06152592446691194,WLS,45,0.0011399836075019695
5,UPFC_tse,5-15,-2.1869862374524636,1,-2.1818707827195163,WLS,45,0.005115454732947278
0,x_tcsc,1-14,-0.10080566426581045,2,-0.10080920433053986,WLS,45,3.5400647294125953e-06
1,B_svc,2,0.16983395667075818,2,0.16987451892177505,WLS,45,4.0562251016867945e-05
2,UPFC_Vsh,5-15,1.1088934704886422,2,1.1111883431135414,WLS,45,0.002294872624899247
3,UPFC_tsh,5-15,-0.241808443197239,2,-0.2418125648168908,WLS,45,4.12161965182567e-06
4,UPFC_Vse,5-15,0.06261557869061721,2,0.06152592446691194,WLS,45,0.001089654223705265
5,UPFC_tse,5-15,-2.188965721757648,2,-2.1818707827195163,WLS,45,0.007094939038131631
0,x_tcsc,1-14,-0.10079071245079764,3,-0.10080920433053986,WLS,45,1.8491879742218997e-05
1,B_svc,2,0.17023628970959395,3,0.16987451892177505,WLS,45,0.0003617707878189047
2,UPFC_Vsh,5-15,1.1087459832739366,3,1.1111883431135414,WLS,45,0.002442359839604835
3,UPFC_tsh,5-15,-0.24181807958578405,3,-0.2418125648168908,WLS,45,5.514768893238875e-06
4,UPFC_Vse,5-15,0.06312628513907954,3,0.06152592446691194,WLS,45,0.0016003606721676014
5,UPFC_tse,5-15,-2.1905197054852765,3,-2.1818707827195163,WLS,45,0.008648922765760236
0,x_tcsc,1-14,-0.10078417587736707,4,-0.10080920433053986,WLS,45,2.5028453172787346e-05
1,B_svc,2,0.17016269138851425,4,0.16987451892177505,WLS,45,0.00028817246673920605
2,UPFC_Vsh,5-15,1.108661573929744,4,1.1111883431135414,WLS,45,0.0025267691837973505
3,UPFC_tsh,5-15,-0.24181090449185083,4,-0.2418125648168908,WLS,45,1.6603250399815916e-06
4,UPFC_Vse,5-15,0.062314413213160655,4,0.06152592446691194,WLS,45,0.0007884887462487125
5,UPFC_tse,5-15,-2.1888245504547275,4,-2.1818707827195163,WLS,45,0.006953767735211169
0,x_tcsc,1-14,-0.10079802754527561,5,-0.10080920433053986,WLS,45,1.1176785264244149e-05
1,B_svc,2,0.16972612839192913,5,0.16987451892177505,WLS,45,0.0001483905298459154
2,UPFC_Vsh,5-15,1.1087295085049207,5,1.1111883431135414,WLS,45,0.0024588346086207302
3,UPFC_tsh,5-15,-0.24182924666204453,5,-0.2418125648168908,WLS,45,1.6681845153715402e-05
4,UPFC_Vse,5-15,0.06257834000714686,5,0.06152592446691194,WLS,45,0.0010524155402349203
5,UPFC_tse,5-15,-2.1909983686619445,5,-2.1818707827195163,WLS,45,0.00912758594242824
0,x_tcsc,1-14,-0.10080757638059226,6,-0.10080920433053986,WLS,45,1.6279499475968517e-06
1,B_svc,2,0.16961024372779313,6,0.16987451892177505,WLS,45,0.0002642751939819221
2,UPFC_Vsh,5-15,1.10886998018485,6,1.1111883431135414,WLS,45,0.0023183629286913643
3,UPFC_tsh,5-15,-0.24177419237702014,6,-0.2418125648168908,WLS,45,3.83724398706764e-05
4,UPFC_Vse,5-15,0.06214109436819235,6,0.06152592446691194,WLS,45,0.0006151699012804102
5,UPFC_tse,5-15,-2.190931393229057,6,-2.1818707827195163,WLS,45,0.009060610509540545
0,x_tcsc,1-14,-0.10079959566354905,7,-0.10080920433053986,WLS,45,9.608666990804093e-06
1,B_svc,2,0.16988860608654321,7,0.16987451892177505,WLS,45,1.4087164768167293e-05
2,UPFC_Vsh,5-15,1.1087404564301548,7,1.1111883431135414,WLS,45,0.0024478866833865798
3,UPFC_tsh,5-15,-0.24179576217786264,7,-0.2418125648168908,WLS,45,1.6802639028173916e-05
4,UPFC_Vse,5-15,0.06218585432840338,7,0.06152592446691194,WLS,45,0.0006599298614914373
5,UPFC_tse,5-15,-2.1869905686466202,7,-2.1818707827195163,WLS,45,0.005119785927103937
0,x_tcsc,1-14,-0.10079638230433854,8,-0.10080920433053986,WLS,45,1.2822026201314562e-05
1,B_svc,2,0.16981132624037587,8,0.16987451892177505,WLS,45,6.319268139917678e-05
2,UPFC_Vsh,5-15,1.1086778046225068,8,1.1111883431135414,WLS,45,0.002510538491034664
3,UPFC_tsh,5-15,-0.24178935317650455,8,-0.2418125648168908,WLS,45,2.3211640386266996e-05
4,UPFC_Vse,5-15,0.06291478071946398,8,0.06152592446691194,WLS,45,0.0013888562525520357
5,UPFC_tse,5-15,-2.185542795663014,8,-2.1818707827195163,WLS,45,0.0036720129434977267
0,x_tcsc,1-14,-0.1008083740221888,9,-0.10080920433053986,WLS,45,8.303083510602383e-07
1,B_svc,2,0.1698719903575487,9,0.16987451892177505,WLS,45,2.5285642263339625e-06
2,UPFC_Vsh,5-15,1.1085448924489272,9,1.1111883431135414,WLS,45,0.002643450664614244
3,UPFC_tsh,5-15,-0.24187737759135589,9,-0.2418125648168908,WLS,45,6.481277446507283e-05
4,UPFC_Vse,5-15,0.06238866809894627,9,0.06152592446691194,WLS,45,0.0008627436320343268
5,UPFC_tse,5-15,-2.1896475126715584,9,-2.1818707827195163,WLS,45,0.0077767299520421496
0,x_tcsc,1-14,-0.10079916233582406,10,-0.10080920433053986,WLS,45,1.0041994715798142e-05
1,B_svc,2,0.1698500925999718,10,0.16987451892177505,WLS,45,2.4426321803244777e-05
2,UPFC_Vsh,5-15,1.1086056043623835,10,1.1111883431135414,WLS,45,0.002582738751157887
3,UPFC_tsh,5-15,-0.24178077031955275,10,-0.2418125648168908,WLS,45,3.179449733806128e-05
4,UPFC_Vse,5-15,0.06265678701287299,10,0.06152592446691194,WLS,45,0.0011308625459610436
5,UPFC_tse,5-15,-2.185317338842106,10,-2.1818707827195163,WLS,45,0.0034465561225895947
0,x_tcsc,1-14,-0.10079198744560772,11,-0.10080920433053986,WLS,45,1.7216884932141907e-05
1,B_svc,2,0.1702466566171771,11,0.16987451892177505,WLS,45,0.00037213769540206387
2,UPFC_Vsh,5-15,1.1087322115441434,11,1.1111883431135414,WLS,45,0.0024561315693980568
3,UPFC_tsh,5-15,-0.24179279679795887,11,-0.2418125648168908,WLS,45,1.9768018931942688e-05
4,UPFC_Vse,5-15,0.06257249450535787,11,0.06152592446691194,WLS,45,0.0010465700384459306
5,UPFC_tse,5-15,-2.188487244678303,11,-2.1818707827195163,WLS,45,0.0066164619587865126
0,x_tcsc,1-14,-0.10079735962739009,12,-0.10080920433053986,WLS,45,1.1844703149771485e-05
1,B_svc,2,0.16970855276546312,12,0.16987451892177505,WLS,45,0.00016596615631192524
2,UPFC_Vsh,5-15,1.1087797268078254,12,1.1111883431135414,WLS,45,0.0024086163057159826
3,UPFC_tsh,5-15,-0.2418075359712279,12,-0.2418125648168908,WLS,45,5.028845662918835e-06
4,UPFC_Vse,5-15,0.06313086949668359,12,0.06152592446691194,WLS,45,0.001604945029771647
5,UPFC_tse,5-15,-2.186583025448762,12,-2.1818707827195163,WLS,45,0.0047122427292456415
0,x_tcsc,1-14,-0.10079229195539009,13,-0.10080920433053986,WLS,45,1.691237514976629e-05
1,B_svc,2,0.17008947336187707,13,0.16987451892177505,WLS,45,0.00021495444010202758
2,UPFC_Vsh,5-15,1.1087959394230242,13,1.1111883431135414,WLS,45,0.0023924036905171864
3,UPFC_tsh,5-15,-0.24180428563708095,13,-0.2418125648168908,WLS,45,8.27917980986137e-06
4,UPFC_Vse,5-15,0.0621654189444542,13,0.06152592446691194,WLS,45,0.0006394944775422601
5,UPFC_tse,5-15,-2.1925277232078644,13,-2.1818707827195163,WLS,45,0.010656940488348088
0,x_tcsc,1-14,-0.10079636011972515,14,-0.10080920433053986,WLS,45,1.2844210814710877e-05
1,B_svc,2,0.16961677421677782,14,0.16987451892177505,WLS,45,0.00025774470499723146
2,UPFC_Vsh,5-15,1.1086176199623898,14,1.1111883431135414,WLS,45,0.0025707231511515882
3,UPFC_tsh,5-15,-0.24176362799356418,14,-0.2418125648168908,WLS,45,4.893682332662852e-05
4,UPFC_Vse,5-15,0.06219896051136227,14,0.06152592446691194,WLS,45,0.0006730360444503272
5,UPFC_tse,5-15,-2.18974734113639,14,-2.1818707827195163,WLS,45,0.007876558416873625
0,x_tcsc,1-14,-0.1007892383230702,15,-0.10080920433053986,WLS,45,1.996600746966004e-05
1,B_svc,2,0.1696550517614152,15,0.16987451892177505,WLS,45,0.0002194671603598375
2,UPFC_Vsh,5-15,1.1088122615577525,15,1.1111883431135414,WLS,45,0.0023760815557889448
3,UPFC_tsh,5-15,-0.2417682242853526,15,-0.2418125648168908,WLS,45,4.434053153820616e-05
4,UPFC_Vse,5-15,0.062428658361512,15,0.06152592446691194,WLS,45,0.0009027338946000565
5,UPFC_tse,5-15,-2.1871556687377516,15,-2.1818707827195163,WLS,45,0.005284886018235291
0,x_tcsc,1-14,-0.1008043270592445,16,-0.10080920433053986,WLS,45,4.877271295361529e-06
1,B_svc,2,0.1699463289033172,16,0.16987451892177505,WLS,45,7.180998154215912e-05
2,UPFC_Vsh,5-15,1.1086771982180694,16,1.1111883431135414,WLS,45,0.002511144895471995
3,UPFC_tsh,5-15,-0.2418200166750872,16,-0.2418125648168908,WLS,45,7.45185819639449e-06
4,UPFC_Vse,5-15,0.06213520536803213,16,0.06152592446691194,WLS,45,0.0006092809011201891
5,UPFC_tse,5-15,-2.1925489690273054,16,-2.1818707827195163,WLS,45,0.010678186307789161
0,x_tcsc,1-14,-0.10080527928837371,17,-0.10080920433053986,WLS,45,3.925042166147419e-06
1,B_svc,2,0.1699933982584874,17,0.16987451892177505,WLS,45,0.00011887933671234086
2,UPFC_Vsh,5-15,1.1087359592756336,17,1.1111883431135414,WLS,45,0.002452383837907801
3,UPFC_tsh,5-15,-0.24182224557982898,17,-0.2418125648168908,WLS,45,9.680762938168996e-06
4,UPFC_Vse,5-15,0.06284312084672275,17,0.06152592446691194,WLS,45,0.0013171963798108074
5,UPFC_tse,5-15,-2.1871950778422034,17,-2.1818707827195163,WLS,45,0.005324295122687062
0,x_tcsc,1-14,-0.1007893798504063,18,-0.10080920433053986,WLS,45,1.982448013355953e-05
1,B_svc,2,0.16974439277869416,18,0.16987451892177505,WLS,45,0.00013012614308088866
2,UPFC_Vsh,5-15,1.1088389616228393,18,1.1111883431135414,WLS,45,0.002349381490702074
3,UPFC_tsh,5-15,-0.2417541388867945,18,-0.2418125648168908,WLS,45,5.8425930096306367e-05
4,UPFC_Vse,5-15,0.06250348941604043,18,0.06152592446691194,WLS,45,0.0009775649491284913
5,UPFC_tse,5-15,-2.1901651943080536,18,-2.1818707827195163,WLS,45,0.008294411588537276
0,x_tcsc,1-14,-0.10078377158346187,19,-0.10080920433053986,WLS,45,2.5432747077988593e-05
1,B_svc,2,0.16959087036472914,19,0.16987451892177505,WLS,45,0.00028364855704590686
2,UPFC_Vsh,5-15,1.1081404386966525,19,1.1111883431135414,WLS,45,0.003047904416888958
3,UPFC_tsh,5-15,-0.2417987630856865,19,-0.2418125648168908,WLS,45,1.3801731204299283e-05
4,UPFC_Vse,5-15,0.06266526697218679,19,0.06152592446691194,WLS,45,0.0011393425052748443
5,UPFC_tse,5-15,-2.1874341006718323,19,-2.1818707827195163,WLS,45,0.005563317952316016
0,x_tcsc,1-14,-0.10078381420306641,20,-0.10080920433053986,WLS,45,2.5390127473448598e-05
1,B_svc,2,0.17010306512137283,20,0.16987451892177505,WLS,45,0.0002285461995977789
2,UPFC_Vsh,5-15,1.1087622942923405,20,1.1111883431135414,WLS,45,0.002426048821200899
3,UPFC_tsh,5-15,-0.24177245534892036,20,-0.2418125648168908,WLS,45,4.010946797045056e-05
4,UPFC_Vse,5-15,0.06204735846577077,20,0.06152592446691194,WLS,45,0.0005214339988588307
5,UPFC_tse,5-15,-2.1907863097682396,20,-2.1818707827195163,WLS,45,0.008915527048723337
0,x_tcsc,1-14,-0.100797371762349,21,-0.10080920433053986,WLS,45,1.1832568190858761e-05
1,B_svc,2,0.17028906757298834,21,0.16987451892177505,WLS,45,0.0004145486512132923
2,UPFC_Vsh,5-15,1.1091461764141537,21,1.1111883431135414,WLS,45,0.0020421666993877263
3,UPFC_tsh,5-15,-0.24170792607238417,21,-0.2418125648168908,WLS,45,0.00010463874450664101
4,UPFC_Vse,5-15,0.06234018856631498,21,0.06152592446691194,WLS,45,0.0008142640994030365
5,UPFC_tse,5-15,-2.190155734931597,21,-2.1818707827195163,WLS,45,0.00828495221208092
0,x_tcsc,1-14,-0.10080884532694244,22,-0.10080920433053986,WLS,45,3.590035974193606e-07
1,B_svc,2,0.16965393264141285,22,0.16987451892177505,WLS,45,0.00022058628036220052
2,UPFC_Vsh,5-15,1.1083736809310039,22,1.1111883431135414,WLS,45,0.002814662182537564
3,UPFC_tsh,5-15,-0.24184745168112795,22,-0.2418125648168908,WLS,45,3.488686423713805e-05
4,UPFC_Vse,5-15,0.06257727222402912,22,0.06152592446691194,WLS,45,0.0010513477571171756
5,UPFC_tse,5-15,-2.1888074504413826,22,-2.1818707827195163,WLS,45,0.006936667721866296
0,x_tcsc,1-14,-0.1007863500005574,23,-0.10080920433053986,WLS,45,2.285432998246073e-05
1,B_svc,2,0.1703069829697272,23,0.16987451892177505,WLS,45,0.00043246404795216353
2,UPFC_Vsh,5-15,1.1085252276917423,23,1.1111883431135414,WLS,45,0.0026631154217990893
3,UPFC_tsh,5-15,-0.2418530040545954,23,-0.2418125648168908,WLS,45,4.0439237704581465e-05
4,UPFC_Vse,5-15,0.06231287224991782,23,0.06152592446691194,WLS,45,0.0007869477830058785
5,UPFC_tse,5-15,-2.190338826237351,23,-2.1818707827195163,WLS,45,0.008468043517834811
0,x_tcsc,1-14,-0.10079844915513488,24,-0.10080920433053986,WLS,45,1.0755175404983386e-05
1,B_svc,2,0.17026837661007363,24,0.16987451892177505,WLS,45,0.00039385768829858225
2,UPFC_Vsh,5-15,1.1085336729231217,24,1.1111883431135414,WLS,45,0.002654670190419761
3,UPFC_tsh,5-15,-0.24178810929109423,24,-0.2418125648168908,WLS,45,2.4455525796579503e-05
4,UPFC_Vse,5-15,0.06284759235489756,24,0.06152592446691194,WLS,45,0.0013216678879856211
5,UPFC_tse,5-15,-2.191261186398082,24,-2.1818707827195163,WLS,45,0.009390403678565917
0,x_tcsc,1-14,-0.10078364147123715,25,-0.10080920433053986,WLS,45,2.5562859302705188e-05
1,B_svc,2,0.17031802300598428,25,0.16987451892177505,WLS,45,0.00044350408420923415
2,UPFC_Vsh,5-15,1.1089744977735145,25,1.1111883431135414,WLS,45,0.0022138453400268876
3,UPFC_tsh,5-15,-0.24180314662192876,25,-0.2418125648168908,WLS,45,9.418194962057536e-06
4,UPFC_Vse,5-15,0.062389797088723595,25,0.06152592446691194,WLS,45,0.0008638726218116524
5,UPFC_tse,5-15,-2.190952388277745,25,-2.1818707827195163,WLS,45,0.009081605558228567
0,x_tcsc,1-14,-0.10080108738868448,26,-0.10080920433053986,WLS,45,8.116941855373927e-06
1,B_svc,2,0.17007229271053878,26,0.16987451892177505,WLS,45,0.0001977737887637332
2,UPFC_Vsh,5-15,1.1087813468247858,26,1.1111883431135414,WLS,45,0.002406996288755625
3,UPFC_tsh,5-15,-0.24181272830245704,26,-0.2418125648168908,WLS,45,1.634855662235868e-07
4,UPFC_Vse,5-15,0.062251774434885984,26,0.06152592446691194,WLS,45,0.0007258499679740418
5,UPFC_tse,5-15,-2.1872633149938117,26,-2.1818707827195163,WLS,45,0.00539253227429537
0,x_tcsc,1-14,-0.10078785993822675,27,-0.10080920433053986,WLS,45,2.1344392313105143e-05
1,B_svc,2,0.16992644604828475,27,0.16987451892177505,WLS,45,5.192712650969877e-05
2,UPFC_Vsh,5-15,1.1088255035749002,27,1.1111883431135414,WLS,45,0.002362839538641248
3,UPFC_tsh,5-15,-0.24184463235397455,27,-0.2418125648168908,WLS,45,3.206753708373533e-05
4,UPFC_Vse,5-15,0.06207273874471733,27,0.06152592446691194,WLS,45,0.0005468142778053894
5,UPFC_tse,5-15,-2.193384102425255,27,-2.1818707827195163,WLS,45,0.011513319705738656
0,x_tcsc,1-14,-0.10079675361339273,28,-0.10080920433053986,WLS,45,1.245071714713053e-05
1,B_svc,2,0.16984959341811964,28,0.16987451892177505,WLS,45,2.4925503655404135e-05
2,UPFC_Vsh,5-15,1.1083486950669137,28,1.1111883431135414,WLS,45,0.0028396480466277296
3,UPFC_tsh,5-15,-0.24189983665382928,28,-0.2418125648168908,WLS,45,8.727183693846285e-05
4,UPFC_Vse,5-15,0.06262223541947606,28,0.06152592446691194,WLS,45,0.001096310952564121
5,UPFC_tse,5-15,-2.189986606838585,28,-2.1818707827195163,WLS,45,0.008115824119068638
0,x_tcsc,1-14,-0.10080327303058136,29,-0.10080920433053986,WLS,45,5.931299958503167e-06
1,B_svc,2,0.16983049562440033,29,0.16987451892177505,WLS,45,4.4023297374712334e-05
2,UPFC_Vsh,5-15,1.1087193070586712,29,1.1111883431135414,WLS,45,0.002469036054870255
3,UPFC_tsh,5-15,-0.2418157981047443,29,-0.2418125648168908,WLS,45,3.233287853482425e-06
4,UPFC_Vse,5-15,0.0622769734160195,29,0.06152592446691194,WLS,45,0.0007510489491075606
5,UPFC_tse,5-15,-2.191820545201423,29,-2.1818707827195163,WLS,45,0.00994976248190671
0,x_tcsc,1-14,-0.1007954461145271,30,-0.10080920433053986,WLS,45,1.3758216012751956e-05
1,B_svc,2,0.17003553292113263,30,0.16987451892177505,WLS,45,0.00016101399935758431
2,UPFC_Vsh,5-15,1.1087129433119471,30,1.1111883431135414,WLS,45,0.00247539980159428
3,UPFC_tsh,5-15,-0.24182184501601386,30,-0.2418125648168908,WLS,45,9.28019912305178e-06
4,UPFC_Vse,5-15,0.06283310730246763,30,0.06152592446691194,WLS,45,0.001307182835555691
5,UPFC_tse,5-15,-2.1900905877619876,30,-2.1818707827195163,WLS,45,0.008219805042471329
0,x_tcsc,1-14,-0.10079540218320511,31,-0.10080920433053986,WLS,45,1.3802147334748827e-05
1,B_svc,2,0.16976161572767612,31,0.16987451892177505,WLS,45,0.0001129031940989289
2,UPFC_Vsh,5-15,1.1087198546876247,31,1.1111883431135414,WLS,45,0.0024684884259167372
3,UPFC_tsh,5-15,-0.24181220878773338,31,-0.2418125648168908,WLS,45,3.560291574333796e-07
4,UPFC_Vse,5-15,0.06258222536997814,31,0.06152592446691194,WLS,45,0.0010563009030661943
5,UPFC_tse,5-15,-2.190768490269704,31,-2.1818707827195163,WLS,45,0.008897707550187928
0,x_tcsc,1-14,-0.10080001740775475,32,-0.10080920433053986,WLS,45,9.186922785106577e-06
1,B_svc,2,0.1701224862971998,32,0.16987451892177505,WLS,45,0.00024796737542476244
2,UPFC_Vsh,5-15,1.1083740587766255,32,1.1111883431135414,WLS,45,0.0028142843369158843
3,UPFC_tsh,5-15,-0.24176456787594208,32,-0.2418125648168908,WLS,45,4.7996940948730193e-05
4,UPFC_Vse,5-15,0.06257138798069693,32,0.06152592446691194,WLS,45,0.0010454635137849902
5,UPFC_tse,5-15,-2.1890064430795575,32,-2.1818707827195163,WLS,45,0.007135660360041207
0,x_tcsc,1-14,-0.10080601817495224,33,-0.10080920433053986,WLS,45,3.186155587614481e-06
1,B_svc,2,0.16962911258738733,33,0.16987451892177505,WLS,45,0.00024540633438771553
2,UPFC_Vsh,5-15,1.1088851685845218,33,1.1111883431135414,WLS,45,0.002303174529019625
3,UPFC_tsh,5-15,-0.24185339762583194,33,-0.2418125648168908,WLS,45,4.083280894112695e-05
4,UPFC_Vse,5-15,0.06231658211257197,33,0.06152592446691194,WLS,45,0.0007906576456600256
5,UPFC_tse,5-15,-2.1900742474308617,33,-2.1818707827195163,WLS,45,0.008203464711345365
0,x_tcsc,1-14,-0.10078844297097739,34,-0.10080920433053986,WLS,45,2.076135956247116e-05
1,B_svc,2,0.17008995145411687,34,0.16987451892177505,WLS,45,0.0002154325323418249
2,UPFC_Vsh,5-15,1.108638350384706,34,1.1111883431135414,WLS,45,0.002549992728835493
3,UPFC_tsh,5-15,-0.2418541810538305,34,-0.2418125648168908,WLS,45,4.1616236939684415e-05
4,UPFC_Vse,5-15,0.06285387573950253,34,0.06152592446691194,WLS,45,0.0013279512725905898
5,UPFC_tse,5-15,-2.186044194801457,34,-2.1818707827195163,WLS,45,0.004173412081940775
0,x_tcsc,1-14,-0.10081110769281161,35,-0.10080920433053986,WLS,45,1.9033622717518073e-06
1,B_svc,2,0.17012052228105923,35,0.16987451892177505,WLS,45,0.0002460033592841804
2,UPFC_Vsh,5-15,1.1090075154249261,35,1.1111883431135414,WLS,45,0.002180827688615272
3,UPFC_tsh,5-15,-0.2417797365107274,35,-0.2418125648168908,WLS,45,3.28283061634127e-05
4,UPFC_Vse,5-15,0.06262237940691824,35,0.06152592446691194,WLS,45,0.0010964549400062987
5,UPFC_tse,5-15,-2.1882965226257074,35,-2.1818707827195163,WLS,45,0.006425739906191108
0,x_tcsc,1-14,-0.1008024901069578,36,-0.10080920433053986,WLS,45,6.71422358206053e-06
1,B_svc,2,0.16999103315919453,36,0.16987451892177505,WLS,45,0.00011651423741948497
2,UPFC_Vsh,5-15,1.108699251125513,36,1.1111883431135414,WLS,45,0.002489091988028491
3,UPFC_tsh,5-15,-0.2418431482120664,36,-0.2418125648168908,WLS,45,3.058339517558739e-05
4,UPFC_Vse,5-15,0.06223631340606667,36,0.06152592446691194,WLS,45,0.0007103889391547255
5,UPFC_tse,5-15,-2.190227572425391,36,-2.1818707827195163,WLS,45,0.008356789705874501
0,x_tcsc,1-14,-0.10079680338766193,37,-0.10080920433053986,WLS,45,1.240094287792426e-05
1,B_svc,2,0.16953860192989892,37,0.16987451892177505,WLS,45,0.00033591699187612845
2,UPFC_Vsh,5-15,1.1088226652753639,37,1.1111883431135414,WLS,45,0.002365677838177538
3,UPFC_tsh,5-15,-0.24180865351044117,37,-0.2418125648168908,WLS,45,3.911306449638774e-06
4,UPFC_Vse,5-15,0.0620799707998252,37,0.06152592446691194,WLS,45,0.000554046332913255
5,UPFC_tse,5-15,-2.192289549710772,37,-2.1818707827195163,WLS,45,0.010418766991255879
0,x_tcsc,1-14,-0.10079647097422792,38,-0.10080920433053986,WLS,45,1.273335631193917e-05
1,B_svc,2,0.16930602845162282,38,0.16987451892177505,WLS,45,0.0005684904701522275
2,UPFC_Vsh,5-15,1.1086730331529853,38,1.1111883431135414,WLS,45,0.0025153099605561557
3,UPFC_tsh,5-15,-0.2418219005846354,38,-0.2418125648168908,WLS,45,9.33576774458933e-06
4,UPFC_Vse,5-15,0.06227106430264397,38,0.06152592446691194,WLS,45,0.000745139835732031
5,UPFC_tse,5-15,-2.187010178990423,38,-2.1818707827195163,WLS,45,0.005139396270906538
0,x_tcsc,1-14,-0.10080998066253581,39,-0.10080920433053986,WLS,45,7.763319959525061e-07
1,B_svc,2,0.1697837177286549,39,0.16987451892177505,WLS,45,9.080119312016022e-05
2,UPFC_Vsh,5-15,1.1089375103469337,39,1.1111883431135414,WLS,45,0.0022508327666077577
3,UPFC_tsh,5-15,-0.2417713664485749,39,-0.2418125648168908,WLS,45,4.1198368315925604e-05
4,UPFC_Vse,5-15,0.0622302308269788,39,0.06152592446691194,WLS,45,0.00070430636006686
5,UPFC_tse,5-15,-2.1873964336104557,39,-2.1818707827195163,WLS,45,0.005525650890939371
0,x_tcsc,1-14,-0.10080722806436805,40,-0.10080920433053986,WLS,45,1.9762661718075725e-06
1,B_svc,2,0.16923619662260336,40,0.16987451892177505,WLS,45,0.0006383222991716841
2,UPFC_Vsh,5-15,1.108621858656482,40,1.1111883431135414,WLS,45,0.002566484457059426
3,UPFC_tsh,5-15,-0.2418407240399949,40,-0.2418125648168908,WLS,45,2.815922310409058e-05
4,UPFC_Vse,5-15,0.062453140361108855,40,0.06152592446691194,WLS,45,0.000927215894196913
5,UPFC_tse,5-15,-2.1883451608352975,40,-2.1818707827195163,WLS,45,0.006474378115781221
0,x_tcsc,1-14,-0.10080176596587823,41,-0.10080920433053986,WLS,45,7.438364661632724e-06
1,B_svc,2,0.16980504788092304,41,0.16987451892177505,WLS,45,6.947104085200384e-05
2,UPFC_Vsh,5-15,1.1093467547925888,41,1.1111883431135414,WLS,45,0.001841588320952603
3,UPFC_tsh,5-15,-0.241745316006174,41,-0.2418125648168908,WLS,45,6.724881071681899e-05
4,UPFC_Vse,5-15,0.06256057102977088,41,0.06152592446691194,WLS,45,0.0010346465628589332
5,UPFC_tse,5-15,-2.18944910709512,41,-2.1818707827195163,WLS,45,0.0075783243756037955
0,x_tcsc,1-14,-0.10078727397100114,42,-0.10080920433053986,WLS,45,2.1930359538721578e-05
1,B_svc,2,0.16986443136691826,42,0.16987451892177505,WLS,45,1.0087554856791359e-05
2,UPFC_Vsh,5-15,1.1086095050796472,42,1.1111883431135414,WLS,45,0.0025788380338942485
3,UPFC_tsh,5-15,-0.24187417450599696,42,-0.2418125648168908,WLS,45,6.160968910615128e-05
4,UPFC_Vse,5-15,0.06227645628122377,42,0.06152592446691194,WLS,45,0.000750531814311825
5,UPFC_tse,5-15,-2.1894644593060972,42,-2.1818707827195163,WLS,45,0.007593676586580944
0,x_tcsc,1-14,-0.10081436278894004,43,-0.10080920433053986,WLS,45,5.1584584001840295e-06
1,B_svc,2,0.16996891521018545,43,0.16987451892177505,WLS,45,9.439628841040326e-05
2,UPFC_Vsh,5-15,1.1087223247839888,43,1.1111883431135414,WLS,45,0.0024660183295526217
3,UPFC_tsh,5-15,-0.241768532086556,43,-0.2418125648168908,WLS,45,4.40327303348198e-05
4,UPFC_Vse,5-15,0.06279307565191727,43,0.06152592446691194,WLS,45,0.0012671511850053316
5,UPFC_tse,5-15,-2.190918412543282,43,-2.1818707827195163,WLS,45,0.009047629823765835
0,x_tcsc,1-14,-0.10079091203552748,44,-0.10080920433053986,WLS,45,1.8292295012378723e-05
1,B_svc,2,0.1702806108681191,44,0.16987451892177505,WLS,45,0.000406091946344056
2,UPFC_Vsh,5-15,1.108781428482927,44,1.1111883431135414,WLS,45,0.0024069146306144873
3,UPFC_tsh,5-15,-0.24182522082930177,44,-0.2418125648168908,WLS,45,1.2656012410960926e-05
4,UPFC_Vse,5-15,0.06314951784673169,44,0.06152592446691194,WLS,45,0.0016235933798197447
5,UPFC_tse,5-15,-2.1863043613620814,44,-2.1818707827195163,WLS,45,0.004433578642565106
0,x_tcsc,1-14,-0.1007828326699422,45,-0.10080920433053986,WLS,45,2.6371660597657165e-05
1,B_svc,2,0.17011712089342068,45,0.16987451892177505,WLS,45,0.00024260197164563402
2,UPFC_Vsh,5-15,1.1087032131828791,45,1.1111883431135414,WLS,45,0.0024851299306623
3,UPFC_tsh,5-15,-0.2418062732276489,45,-0.2418125648168908,WLS,45,6.291589241924633e-06
4,UPFC_Vse,5-15,0.06271050970107177,45,0.06152592446691194,WLS,45,0.0011845852341598254
5,UPFC_tse,5-15,-2.190061057651858,45,-2.1818707827195163,WLS,45,0.008190274932341701
0,x_tcsc,1-14,-0.10079899446039173,46,-0.10080920433053986,WLS,45,1.020987014813124e-05
1,B_svc,2,0.16985516190461009,46,0.16987451892177505,WLS,45,1.935701716496152e-05
2,UPFC_Vsh,5-15,1.1088431392486042,46,1.1111883431135414,WLS,45,0.0023452038649371953
3,UPFC_tsh,5-15,-0.24176342538660903,46,-0.2418125648168908,WLS,45,4.913943028178602e-05
4,UPFC_Vse,5-15,0.06246428038958881,46,0.06152592446691194,WLS,45,0.0009383559226768673
5,UPFC_tse,5-15,-2.1878158758162183,46,-2.1818707827195163,WLS,45,0.005945093096701992
0,x_tcsc,1-14,-0.1008063720267419,47,-0.10080920433053986,WLS,45,2.832303797953295e-06
1,B_svc,2,0.16970661956128708,47,0.16987451892177505,WLS,45,0.00016789936048797194
2,UPFC_Vsh,5-15,1.1087133055167429,47,1.1111883431135414,WLS,45,0.0024750375967985683
3,UPFC_tsh,5-15,-0.2418610402553784,47,-0.2418125648168908,WLS,45,4.847543848759961e-05
4,UPFC_Vse,5-15,0.06243622192321033,47,0.06152592446691194,WLS,45,0.0009102974562983854
5,UPFC_tse,5-15,-2.1922526836715464,47,-2.1818707827195163,WLS,45,0.010381900952030065
0,x_tcsc,1-14,-0.10080594484583277,48,-0.10080920433053986,WLS,45,3.2594847070854804e-06
1,B_svc,2,0.16968779397114211,48,0.16987451892177505,WLS,45,0.0001867249506329327
2,UPFC_Vsh,5-15,1.1088723291966678,48,1.1111883431135414,WLS,45,0.0023160139168736382
3,UPFC_tsh,5-15,-0.24180062197297708,48,-0.2418125648168908,WLS,45,1.194284391373146e-05
4,UPFC_Vse,5-15,0.06212936456397906,48,0.06152592446691194,WLS,45,0.000603440097067115
5,UPFC_tse,5-15,-2.191016847544511,48,-2.1818707827195163,WLS,45,0.009146064824994582
0,x_tcsc,1-14,-0.10079888968352177,49,-0.10080920433053986,WLS,45,1.0314647018089262e-05
1,B_svc,2,0.1702562069874567,49,0.16987451892177505,WLS,45,0.0003816880656816457
2,UPFC_Vsh,5-15,1.1086253522952438,49,1.1111883431135414,WLS,45,0.0025629908182975836
3,UPFC_tsh,5-15,-0.24185044629208535,49,-0.2418125648168908,WLS,45,3.788147519453999e-05
4,UPFC_Vse,5-15,0.06217019706667773,49,0.06152592446691194,WLS,45,0.0006442725997657869
5,UPFC_tse,5-15,-2.18974791064814,49,-2.1818707827195163,WLS,45,0.007877127928623828
0,x_tcsc,1-14,-0.10078642696216875,50,-0.10080920433053986,WLS,45,2.2777368371112994e-05
1,B_svc,2,0.16978846860504815,50,0.16987451892177505,WLS,45,8.605031672689889e-05
2,UPFC_Vsh,5-15,1.1087909858766924,50,1.1111883431135414,WLS,45,0.0023973572368489737
3,UPFC_tsh,5-15,-0.24186186919428063,50,-0.2418125648168908,WLS,45,4.930437738981386e-05
4,UPFC_Vse,5-15,0.06292048056765247,50,0.06152592446691194,WLS,45,0.0013945561007405252
5,UPFC_tse,5-15,-2.1884870355587163,50,-2.1818707827195163,WLS,45,0.006616252839199976
0,x_tcsc,1-14,-0.10080853980422382,51,-0.10080920433053986,WLS,45,6.645263160437453e-07
1,B_svc,2,0.16999806559693642,51,0.16987451892177505,WLS,45,0.0001235466751613734
2,UPFC_Vsh,5-15,1.1086461386263669,51,1.1111883431135414,WLS,45,0.002542204487174571
3,UPFC_tsh,5-15,-0.24182762092586044,51,-0.2418125648168908,WLS,45,1.5056108969624393e-05
4,UPFC_Vse,5-15,0.06265884519424712,51,0.06152592446691194,WLS,45,0.0011329207273351807
5,UPFC_tse,5-15,-2.190193345641775,51,-2.1818707827195163,WLS,45,0.008322562922258747
0,x_tcsc,1-14,-0.10079368252159322,52,-0.10080920433053986,WLS,45,1.552180894663635e-05
1,B_svc,2,0.1703052957543705,52,0.16987451892177505,WLS,45,0.0004307768325954586
2,UPFC_Vsh,5-15,1.1084285408164112,52,1.1111883431135414,WLS,45,0.0027598022971302427
3,UPFC_tsh,5-15,-0.24187778110664943,52,-0.2418125648168908,WLS,45,6.521628975861282e-05
4,UPFC_Vse,5-15,0.06287211472742714,52,0.06152592446691194,WLS,45,0.0013461902605151968
5,UPFC_tse,5-15,-2.188756427320465,52,-2.1818707827195163,WLS,45,0.006885644600948648
0,x_tcsc,1-14,-0.10079683880894919,53,-0.10080920433053986,WLS,45,1.2365521590673723e-05
1,B_svc,2,0.16984829903307902,53,0.16987451892177505,WLS,45,2.6219888696027427e-05
2,UPFC_Vsh,5-15,1.1084394026794706,53,1.1111883431135414,WLS,45,0.0027489404340708123
3,UPFC_tsh,5-15,-0.2418375723429422,53,-0.2418125648168908,WLS,45,2.500752605139045e-05
4,UPFC_Vse,5-15,0.06256344760393857,53,0.06152592446691194,WLS,45,0.0010375231370266316
5,UPFC_tse,5-15,-2.1870207912087367,53,-2.1818707827195163,WLS,45,0.005150008489220426
0,x_tcsc,1-14,-0.10079433648056081,54,-0.10080920433053986,WLS,45,1.486784997904722e-05
1,B_svc,2,0.17001759340479514,54,0.16987451892177505,WLS,45,0.00014307448302008918
2,UPFC_Vsh,5-15,1.1089085279879338,54,1.1111883431135414,WLS,45,0.0022798151256075982
3,UPFC_tsh,5-15,-0.24179008466377955,54,-0.2418125648168908,WLS,45,2.2480153111265055e-05
4,UPFC_Vse,5-15,0.06260574144557798,54,0.06152592446691194,WLS,45,0.0010798169786660414
5,UPFC_tse,5-15,-2.189196161425075,54,-2.1818707827195163,WLS,45,0.007325378705558716
0,x_tcsc,1-14,-0.10079894482198526,55,-0.10080920433053986,WLS,45,1.0259508554599783e-05
1,B_svc,2,0.17032840878961258,55,0.16987451892177505,WLS,45,0.00045388986783753693
2,UPFC_Vsh,5-15,1.1085345896258805,55,1.1111883431135414,WLS,45,0.002653753487660948
3,UPFC_tsh,5-15,-0.2419011294220558,55,-0.2418125648168908,WLS,45,8.856460516498688e-05
4,UPFC_Vse,5-15,0.06292118053595475,55,0.06152592446691194,WLS,45,0.0013952560690428037
5,UPFC_tse,5-15,-2.191393526800541,55,-2.1818707827195163,WLS,45,0.009522744081024825
0,x_tcsc,1-14,-0.10079366365599063,56,-0.10080920433053986,WLS,45,1.554067454923036e-05
1,B_svc,2,0.1702804003731919,56,0.16987451892177505,WLS,45,0.0004058814514168452
2,UPFC_Vsh,5-15,1.1084521526395879,56,1.1111883431135414,WLS,45,0.0027361904739535703
3,UPFC_tsh,5-15,-0.24184275237687744,56,-0.2418125648168908,WLS,45,3.0187559986627477e-05
4,UPFC_Vse,5-15,0.06225168685223528,56,0.06152592446691194,WLS,45,0.0007257623853233405
5,UPFC_tse,5-15,-2.188224058594532,56,-2.1818707827195163,WLS,45,0.006353275875015552
0,x_tcsc,1-14,-0.10079456341494777,57,-0.10080920433053986,WLS,45,1.464091559208458e-05
1,B_svc,2,0.17015915199841802,57,0.16987451892177505,WLS,45,0.0002846330766429761
2,UPFC_Vsh,5-15,1.1085456259867907,57,1.1111883431135414,WLS,45,0.002642717126750682
3,UPFC_tsh,5-15,-0.2418218484707394,57,-0.2418125648168908,WLS,45,9.283653848585205e-06
4,UPFC_Vse,5-15,0.06215200712672854,57,0.06152592446691194,WLS,45,0.0006260826598165972
5,UPFC_tse,5-15,-2.1870544560363547,57,-2.1818707827195163,WLS,45,0.005183673316838444
0,x_tcsc,1-14,-0.10079296900929162,58,-0.10080920433053986,WLS,45,1.6235321248239676e-05
1,B_svc,2,0.1698538423231974,58,0.16987451892177505,WLS,45,2.0676598577656913e-05
2,UPFC_Vsh,5-15,1.1086703696868554,58,1.1111883431135414,WLS,45,0.0025179734266860265
3,UPFC_tsh,5-15,-0.2417678135312385,58,-0.2418125648168908,WLS,45,4.47512856523169e-05
4,UPFC_Vse,5-15,0.06238091714690056,58,0.06152592446691194,WLS,45,0.0008549926799886198
5,UPFC_tse,5-15,-2.189573674941303,58,-2.1818707827195163,WLS,45,0.007702892221786772
0,x_tcsc,1-14,-0.10079873432103738,59,-0.10080920433053986,WLS,45,1.047000950248067e-05
1,B_svc,2,0.16990595416947532,59,0.16987451892177505,WLS,45,3.143524770027328e-05
2,UPFC_Vsh,5-15,1.1085115829019505,59,1.1111883431135414,WLS,45,0.0026767602115909117
3,UPFC_tsh,5-15,-0.24189222099644353,59,-0.2418125648168908,WLS,45,7.965617955271731e-05
4,UPFC_Vse,5-15,0.062369774784142774,59,0.06152592446691194,WLS,45,0.000843850317230832
5,UPFC_tse,5-15,-2.1902500984080766,59,-2.1818707827195163,WLS,45,0.008379315688560318
0,x_tcsc,1-14,-0.10079496153887112,60,-0.10080920433053986,WLS,45,1.4242791668742094e-05
1,B_svc,2,0.17028130958218177,60,0.16987451892177505,WLS,45,0.0004067906604067195
2,UPFC_Vsh,5-15,1.1087503096208777,60,1.1111883431135414,WLS,45,0.0024380334926636937
3,UPFC_tsh,5-15,-0.24179586561639582,60,-0.2418125648168908,WLS,45,1.669920049499063e-05
4,UPFC_Vse,5-15,0.06224142045220864,60,0.06152592446691194,WLS,45,0.000715495985296695
5,UPFC_tse,5-15,-2.190203223690621,60,-2.1818707827195163,WLS,45,0.008332440971104749
0,x_tcsc,1-14,-0.1008038257347114,61,-0.10080920433053986,WLS,45,5.378595828456345e-06
1,B_svc,2,0.1698476878825608,61,0.16987451892177505,WLS,45,2.6831039214247898e-05
2,UPFC_Vsh,5-15,1.1086822276406751,61,1.1111883431135414,WLS,45,0.002506115472866277
3,UPFC_tsh,5-15,-0.241856780486229,61,-0.2418125648168908,WLS,45,4.421566933818233e-05
4,UPFC_Vse,5-15,0.06284325043782725,61,0.06152592446691194,WLS,45,0.0013173259709153076
5,UPFC_tse,5-15,-2.186826980815154,61,-2.1818707827195163,WLS,45,0.004956198095637632
0,x_tcsc,1-14,-0.10080929856812189,62,-0.10080920433053986,WLS,45,9.42375820295327e-08
1,B_svc,2,0.1695393486272496,62,0.16987451892177505,WLS,45,0.0003351702945254553
2,UPFC_Vsh,5-15,1.108741496817805,62,1.1111883431135414,WLS,45,0.002446846295736327
3,UPFC_tsh,5-15,-0.2418645051166768,62,-0.2418125648168908,WLS,45,5.194029978597414e-05
4,UPFC_Vse,5-15,0.06242235702011704,62,0.06152592446691194,WLS,45,0.0008964325532050954
5,UPFC_tse,5-15,-2.191290982987756,62,-2.1818707827195163,WLS,45,0.009420200268239753
0,x_tcsc,1-14,-0.10080670480537939,63,-0.10080920433053986,WLS,45,2.4995251604736923e-06
1,B_svc,2,0.1696795374386842,63,0.16987451892177505,WLS,45,0.00019498148309085583
2,UPFC_Vsh,5-15,1.1085726294952405,63,1.1111883431135414,WLS,45,0.00261571361830093
3,UPFC_tsh,5-15,-0.24183287818319443,63,-0.2418125648168908,WLS,45,2.031336630362035e-05
4,UPFC_Vse,5-15,0.06195736501641986,63,0.06152592446691194,WLS,45,0.00043144054950791655
5,UPFC_tse,5-15,-2.190572353404816,63,-2.1818707827195163,WLS,45,0.008701570685299753
0,x_tcsc,1-14,-0.10080433434298323,64,-0.10080920433053986,WLS,45,4.869987556624378e-06
1,B_svc,2,0.1698772291630906,64,0.16987451892177505,WLS,45,2.710241315539985e-06
2,UPFC_Vsh,5-15,1.108596155992713,64,1.1111883431135414,WLS,45,0.0025921871208283154
3,UPFC_tsh,5-15,-0.24189483803261827,64,-0.2418125648168908,WLS,45,8.22732157274575e-05
4,UPFC_Vse,5-15,0.06239270385097643,64,0.06152592446691194,WLS,45,0.0008667793840644866
5,UPFC_tse,5-15,-2.189000170179359,64,-2.1818707827195163,WLS,45,0.0071293874598428175
0,x_tcsc,1-14,-0.10079176415993936,65,-0.10080920433053986,WLS,45,1.7440170600499516e-05
1,B_svc,2,0.1702254711255791,65,0.16987451892177505,WLS,45,0.0003509522038040447
2,UPFC_Vsh,5-15,1.108816317416122,65,1.1111883431135414,WLS,45,0.0023720256974193443
3,UPFC_tsh,5-15,-0.24179456926062046,65,-0.2418125648168908,WLS,45,1.7995556270355983e-05
4,UPFC_Vse,5-15,0.062387005321760954,65,0.06152592446691194,WLS,45,0.0008610808548490112
5,UPFC_tse,5-15,-2.191967873608442,65,-2.1818707827195163,WLS,45,0.010097090888925742
0,x_tcsc,1-14,-0.10080189238510005,66,-0.10080920433053986,WLS,45,7.311945439805734e-06
1,B_svc,2,0.17005467668798252,66,0.16987451892177505,WLS,45,0.0001801577662074727
2,UPFC_Vsh,5-15,1.1087077453714431,66,1.1111883431135414,WLS,45,0.0024805977420983005
3,UPFC_tsh,5-15,-0.24178069047971568,66,-0.2418125648168908,WLS,45,3.1874337175136214e-05
4,UPFC_Vse,5-15,0.06262899120393757,66,0.06152592446691194,WLS,45,0.0011030667370256278
5,UPFC_tse,5-15,-2.1866948496161354,66,-2.1818707827195163,WLS,45,0.0048240668966190725
0,x_tcsc,1-14,-0.10079087842514411,67,-0.10080920433053986,WLS,45,1.832590539574408e-05
1,B_svc,2,0.1701297102635212,67,0.16987451892177505,WLS,45,0.0002551913417461471
2,UPFC_Vsh,5-15,1.1082968388008203,67,1.1111883431135414,WLS,45,0.002891504312721116
3,UPFC_tsh,5-15,-0.2417921655464958,67,-0.2418125648168908,WLS,45,2.039927039501621e-05
4,UPFC_Vse,5-15,0.062725180424489,67,0.06152592446691194,WLS,45,0.0011992559575770625
5,UPFC_tse,5-15,-2.1889957320690923,67,-2.1818707827195163,WLS,45,0.007124949349575971
0,x_tcsc,1-14,-0.10079305681439278,68,-0.10080920433053986,WLS,45,1.6147516147077545e-05
1,B_svc,2,0.17016551273415453,68,0.16987451892177505,WLS,45,0.0002909938123794864
2,UPFC_Vsh,5-15,1.1084119866496926,68,1.1111883431135414,WLS,45,0.0027763564638487725
3,UPFC_tsh,5-15,-0.2418131093138023,68,-0.2418125648168908,WLS,45,5.444969114754006e-07
4,UPFC_Vse,5-15,0.06202081413514906,68,0.06152592446691194,WLS,45,0.0004948896682371168
5,UPFC_tse,5-15,-2.188230471805128,68,-2.1818707827195163,WLS,45,0.006359689085611908
0,x_tcsc,1-14,-0.10081529654225324,69,-0.10080920433053986,WLS,45,6.092211713382145e-06
1,B_svc,2,0.16969974398431367,69,0.16987451892177505,WLS,45,0.00017477493746137496
2,UPFC_Vsh,5-15,1.1085522048163314,69,1.1111883431135414,WLS,45,0.002636138297209989
3,UPFC_tsh,5-15,-0.24181839851670753,69,-0.2418125648168908,WLS,45,5.833699816715221e-06
4,UPFC_Vse,5-15,0.062055811380512575,69,0.06152592446691194,WLS,45,0.0005298869136006329
5,UPFC_tse,5-15,-2.1891212687285213,69,-2.1818707827195163,WLS,45,0.007250486009005019
0,x_tcsc,1-14,-0.1008161709365744,70,-0.10080920433053986,WLS,45,6.966606034539136e-06
1,B_svc,2,0.16956845254417063,70,0.16987451892177505,WLS,45,0.0003060663776044137
2,UPFC_Vsh,5-15,1.1088020890382662,70,1.1111883431135414,WLS,45,0.0023862540752752626
3,UPFC_tsh,5-15,-0.24184293253798878,70,-0.2418125648168908,WLS,45,3.0367721097962486e-05
4,UPFC_Vse,5-15,0.06211503562859251,70,0.06152592446691194,WLS,45,0.000589111161680568
5,UPFC_tse,5-15,-2.1892106478413194,70,-2.1818707827195163,WLS,45,0.007339865121803069
0,x_tcsc,1-14,-0.10081356276319176,71,-0.10080920433053986,WLS,45,4.358432651896393e-06
1,B_svc,2,0.16997223574309855,71,0.16987451892177505,WLS,45,9.77168213235069e-05
2,UPFC_Vsh,5-15,1.1087616420819768,71,1.1111883431135414,WLS,45,0.0024267010315646154
3,UPFC_tsh,5-15,-0.2418646101196745,71,-0.2418125648168908,WLS,45,5.2045302783687575e-05
4,UPFC_Vse,5-15,0.06290263268723376,71,0.06152592446691194,WLS,45,0.0013767082203218137
5,UPFC_tse,5-15,-2.1856174056975197,71,-2.1818707827195163,WLS,45,0.0037466229780034332
0,x_tcsc,1-14,-0.10078789612579894,72,-0.10080920433053986,WLS,45,2.1308204740916326e-05
1,B_svc,2,0.1696435462714167,72,0.16987451892177505,WLS,45,0.00023097265035834647
2,UPFC_Vsh,5-15,1.1086112604061087,72,1.1111883431135414,WLS,45,0.002577082707432732
3,UPFC_tsh,5-15,-0.24188008016221774,72,-0.2418125648168908,WLS,45,6.751534532692394e-05
4,UPFC_Vse,5-15,0.06250658212763587,72,0.06152592446691194,WLS,45,0.0009806576607239229
5,UPFC_tse,5-15,-2.1900842801455926,72,-2.1818707827195163,WLS,45,0.008213497426076355
0,x_tcsc,1-14,-0.10079875273148683,73,-0.10080920433053986,WLS,45,1.0451599053024063e-05
1,B_svc,2,0.1704090997178849,73,0.16987451892177505,WLS,45,0.0005345807961098514
2,UPFC_Vsh,5-15,1.1086326262255197,73,1.1111883431135414,WLS,45,0.0025557168880216974
3,UPFC_tsh,5-15,-0.24186699654480404,73,-0.2418125648168908,WLS,45,5.443172791322337e-05
4,UPFC_Vse,5-15,0.06243783541526045,73,0.06152592446691194,WLS,45,0.0009119109483485058
5,UPFC_tse,5-15,-2.190030164304852,73,-2.1818707827195163,WLS,45,0.008159381585335801
0,x_tcsc,1-14,-0.10079246743197727,74,-0.10080920433053986,WLS,45,1.6736898562588753e-05
1,B_svc,2,0.17015734205388175,74,0.16987451892177505,WLS,45,0.00028282313210670207
2,UPFC_Vsh,5-15,1.1084797817228547,74,1.1111883431135414,WLS,45,0.002708561390686759
3,UPFC_tsh,5-15,-0.2418023838658833,74,-0.2418125648168908,WLS,45,1.0180951007521255e-05
4,UPFC_Vse,5-15,0.06242511537931055,74,0.06152592446691194,WLS,45,0.0008991909123986092
5,UPFC_tse,5-15,-2.1908833514904016,74,-2.1818707827195163,WLS,45,0.009012568770885299
0,x_tcsc,1-14,-0.10078802477925172,75,-0.10080920433053986,WLS,45,2.117955128813631e-05
1,B_svc,2,0.17019309150379894,75,0.16987451892177505,WLS,45,0.0003185725820238905
2,UPFC_Vsh,5-15,1.1088573720106625,75,1.1111883431135414,WLS,45,0.0023309711028789426
3,UPFC_tsh,5-15,-0.24183960109048944,75,-0.2418125648168908,WLS,45,2.703627359862404e-05
4,UPFC_Vse,5-15,0.06237224572998249,75,0.06152592446691194,WLS,45,0.0008463212630705486
5,UPFC_tse,5-15,-2.1916172403358845,75,-2.1818707827195163,WLS,45,0.009746457616368165
0,x_tcsc,1-14,-0.10080951681012706,76,-0.10080920433053986,WLS,45,3.124795872055941e-07
1,B_svc,2,0.17053962017536914,76,0.16987451892177505,WLS,45,0.0006651012535940914
2,UPFC_Vsh,5-15,1.1088592843090999,76,1.1111883431135414,WLS,45,0.002329058804441564
3,UPFC_tsh,5-15,-0.2418307635863162,76,-0.2418125648168908,WLS,45,1.8198769425381567e-05
4,UPFC_Vse,5-15,0.062311411807901465,76,0.06152592446691194,WLS,45,0.0007854873409895227
5,UPFC_tse,5-15,-2.1864994015859325,76,-2.1818707827195163,WLS,45,0.00462861886641619
0,x_tcsc,1-14,-0.10079240171116552,77,-0.10080920433053986,WLS,45,1.68026193743398e-05
1,B_svc,2,0.16966937662137027,77,0.16987451892177505,WLS,45,0.00020514230040477588
2,UPFC_Vsh,5-15,1.1086607160363708,77,1.1111883431135414,WLS,45,0.00252762707717058
3,UPFC_tsh,5-15,-0.24177541136758646,77,-0.2418125648168908,WLS,45,3.715344930435571e-05
4,UPFC_Vse,5-15,0.06287082914560052,77,0.06152592446691194,WLS,45,0.0013449046786885785
5,UPFC_tse,5-15,-2.1875798525164143,77,-2.1818707827195163,WLS,45,0.005709069796898003
0,x_tcsc,1-14,-0.10080070583673313,78,-0.10080920433053986,WLS,45,8.498493806727292e-06
1,B_svc,2,0.16963988388862583,78,0.16987451892177505,WLS,45,0.0002346350331492164
2,UPFC_Vsh,5-15,1.1085829510832148,78,1.1111883431135414,WLS,45,0.0026053920303266143
3,UPFC_tsh,5-15,-0.24182606882500945,78,-0.2418125648168908,WLS,45,1.3504008118642163e-05
4,UPFC_Vse,5-15,0.06289214020506774,78,0.06152592446691194,WLS,45,0.0013662157381557974
5,UPFC_tse,5-15,-2.1870586792789077,78,-2.1818707827195163,WLS,45,0.005187896559391447
0,x_tcsc,1-14,-0.10079164674446338,79,-0.10080920433053986,WLS,45,1.755758607648039e-05
1,B_svc,2,0.17028440346673934,79,0.16987451892177505,WLS,45,0.00040988454496429516
2,UPFC_Vsh,5-15,1.1089488675116377,79,1.1111883431135414,WLS,45,0.00223947560190374
3,UPFC_tsh,5-15,-0.24179821080721867,79,-0.2418125648168908,WLS,45,1.4354009672146173e-05
4,UPFC_Vse,5-15,0.061936574834736274,79,0.06152592446691194,WLS,45,0.000410650367824332
5,UPFC_tse,5-15,-2.1885715461641757,79,-2.1818707827195163,WLS,45,0.006700763444659419
0,x_tcsc,1-14,-0.10079749801871617,80,-0.10080920433053986,WLS,45,1.1706311823692084e-05
1,B_svc,2,0.17036311857401784,80,0.16987451892177505,WLS,45,0.0004885996522427938
2,UPFC_Vsh,5-15,1.1087040539272142,80,1.1111883431135414,WLS,45,0.00248428918632726
3,UPFC_tsh,5-15,-0.2418441228423356,80,-0.2418125648168908,WLS,45,3.155802544480002e-05
4,UPFC_Vse,5-15,0.062482086614087856,80,0.06152592446691194,WLS,45,0.0009561621471759138
5,UPFC_tse,5-15,-2.1925890125980785,80,-2.1818707827195163,WLS,45,0.010718229878562191
0,x_tcsc,1-14,-0.1007988216755379,81,-0.10080920433053986,WLS,45,1.0382655001958674e-05
1,B_svc,2,0.16991382132418265,81,0.16987451892177505,WLS,45,3.93024024075983e-05
2,UPFC_Vsh,5-15,1.1084736546129264,81,1.1111883431135414,WLS,45,0.00271468850061507
3,UPFC_tsh,5-15,-0.24182645109887704,81,-0.2418125648168908,WLS,45,1.3886281986230653e-05
4,UPFC_Vse,5-15,0.06193244734146305,81,0.06152592446691194,WLS,45,0.0004065228745511046
5,UPFC_tse,5-15,-2.1908527493601127,81,-2.1818707827195163,WLS,45,0.008981966640596362
0,x_tcsc,1-14,-0.10079854423789092,82,-0.10080920433053986,WLS,45,1.0660092648939745e-05
1,B_svc,2,0.17029240196333392,82,0.16987451892177505,WLS,45,0.00041788304155887523
2,UPFC_Vsh,5-15,1.1089568755092345,82,1.1111883431135414,WLS,45,0.002231467604306925
3,UPFC_tsh,5-15,-0.2417719694362304,82,-0.2418125648168908,WLS,45,4.059538066042423e-05
4,UPFC_Vse,5-15,0.06294973356640834,82,0.06152592446691194,WLS,45,0.0014238090994964023
5,UPFC_tse,5-15,-2.1879093800461757,82,-2.1818707827195163,WLS,45,0.006038597326659456
0,x_tcsc,1-14,-0.1007784312151677,83,-0.10080920433053986,WLS,45,3.07731153721541e-05
1,B_svc,2,0.1704616704283988,83,0.16987451892177505,WLS,45,0.0005871515066237509
2,UPFC_Vsh,5-15,1.1089016985009799,83,1.1111883431135414,WLS,45,0.0022866446125615614
3,UPFC_tsh,5-15,-0.24174547610680677,83,-0.2418125648168908,WLS,45,6.708871008404005e-05
4,UPFC_Vse,5-15,0.06246894190372591,83,0.06152592446691194,WLS,45,0.0009430174368139643
5,UPFC_tse,5-15,-2.19319268372244,83,-2.1818707827195163,WLS,45,0.011321901002923518
0,x_tcsc,1-14,-0.10079052669227126,84,-0.10080920433053986,WLS,45,1.867763826859936e-05
1,B_svc,2,0.1699434324971777,84,0.16987451892177505,WLS,45,6.891357540264598e-05
2,UPFC_Vsh,5-15,1.1084782970363638,84,1.1111883431135414,WLS,45,0.002710046077177619
3,UPFC_tsh,5-15,-0.24183393994080374,84,-0.2418125648168908,WLS,45,2.137512391292562e-05
4,UPFC_Vse,5-15,0.06283048418281671,84,0.06152592446691194,WLS,45,0.0013045597159047698
5,UPFC_tse,5-15,-2.1883084511811175,84,-2.1818707827195163,WLS,45,0.006437668461601209
0,x_tcsc,1-14,-0.10080175493155999,85,-0.10080920433053986,WLS,45,7.449398979869626e-06
1,B_svc,2,0.1701407905231822,85,0.16987451892177505,WLS,45,0.00026627160140715866
2,UPFC_Vsh,5-15,1.1085442900134783,85,1.1111883431135414,WLS,45,0.002644053100063104
3,UPFC_tsh,5-15,-0.24187840312281372,85,-0.2418125648168908,WLS,45,6.583830592291062e-05
4,UPFC_Vse,5-15,0.06218847800764044,85,0.06152592446691194,WLS,45,0.0006625535407284999
5,UPFC_tse,5-15,-2.1910499283760494,85,-2.1818707827195163,WLS,45,0.009179145656533105
0,x_tcsc,1-14,-0.1008015342442106,86,-0.10080920433053986,WLS,45,7.67008632926447e-06
1,B_svc,2,0.17017236175414643,86,0.16987451892177505,WLS,45,0.00029784283237138665
2,UPFC_Vsh,5-15,1.1087553048935437,86,1.1111883431135414,WLS,45,0.0024330382199977407
3,UPFC_tsh,5-15,-0.24178664644904171,86,-0.2418125648168908,WLS,45,2.591836784909818e-05
4,UPFC_Vse,5-15,0.06198095840505479,86,0.06152592446691194,WLS,45,0.00045503393814284865
5,UPFC_tse,5-15,-2.190846624227608,86,-2.1818707827195163,WLS,45,0.008975841508091609
0,x_tcsc,1-14,-0.10080466843465437,87,-0.10080920433053986,WLS,45,4.535895885490748e-06
1,B_svc,2,0.16986462498282673,87,0.16987451892177505,WLS,45,9.893938948318803e-06
2,UPFC_Vsh,5-15,1.108638866992294,87,1.1111883431135414,WLS,45,0.0025494761212474515
3,UPFC_tsh,5-15,-0.2417544263572063,87,-0.2418125648168908,WLS,45,5.81384596845258e-05
4,UPFC_Vse,5-15,0.06264627287865854,87,0.06152592446691194,WLS,45,0.0011203484117465953
5,UPFC_tse,5-15,-2.190287485092176,87,-2.1818707827195163,WLS,45,0.008416702372659568
0,x_tcsc,1-14,-0.10079103854060042,88,-0.10080920433053986,WLS,45,1.8165789939433852e-05
1,B_svc,2,0.17028043091213796,88,0.16987451892177505,WLS,45,0.0004059119903629116
2,UPFC_Vsh,5-15,1.1087603199816525,88,1.1111883431135414,WLS,45,0.0024280231318889456
3,UPFC_tsh,5-15,-0.2417960190212834,88,-0.2418125648168908,WLS,45,1.6545795607419977e-05
4,UPFC_Vse,5-15,0.062101745275120426,88,0.06152592446691194,WLS,45,0.000575820808208484
5,UPFC_tse,5-15,-2.187123754118492,88,-2.1818707827195163,WLS,45,0.0052529713989755145
0,x_tcsc,1-14,-0.1008079222558526,89,-0.10080920433053986,WLS,45,1.282074687261603e-06
1,B_svc,2,0.16992834202162468,89,0.16987451892177505,WLS,45,5.382309984963696e-05
2,UPFC_Vsh,5-15,1.1083802118242188,89,1.1111883431135414,WLS,45,0.0028081312893226684
3,UPFC_tsh,5-15,-0.2418785804344417,89,-0.2418125648168908,WLS,45,6.601561755087415e-05
4,UPFC_Vse,5-15,0.06219515090292474,89,0.06152592446691194,WLS,45,0.0006692264360127972
5,UPFC_tse,5-15,-2.1889567277351945,89,-2.1818707827195163,WLS,45,0.007085945015678163
0,x_tcsc,1-14,-0.10079392889403478,90,-0.10080920433053986,WLS,45,1.5275436505077233e-05
1,B_svc,2,0.1699310510097686,90,0.16987451892177505,WLS,45,5.6532087993554914e-05
2,UPFC_Vsh,5-15,1.108675642343288,90,1.1111883431135414,WLS,45,0.002512700770253451
3,UPFC_tsh,5-15,-0.24191371801524283,90,-0.2418125648168908,WLS,45,0.00010115319835202197
4,UPFC_Vse,5-15,0.06256294452505803,90,0.06152592446691194,WLS,45,0.0010370200581460917
5,UPFC_tse,5-15,-2.188844634417226,90,-2.1818707827195163,WLS,45,0.006973851697709588
0,x_tcsc,1-14,-0.10078673408044247,91,-0.10080920433053986,WLS,45,2.2470250097383904e-05
1,B_svc,2,0.17048249219707043,91,0.16987451892177505,WLS,45,0.0006079732752953815
2,UPFC_Vsh,5-15,1.1088444228811736,91,1.1111883431135414,WLS,45,0.0023439202323678465
3,UPFC_tsh,5-15,-0.24179615625389536,91,-0.2418125648168908,WLS,45,1.6408562995451348e-05
4,UPFC_Vse,5-15,0.06256133694787866,91,0.06152592446691194,WLS,45,0.0010354124809667173
5,UPFC_tse,5-15,-2.1860007545919347,91,-2.1818707827195163,WLS,45,0.00412997187241837
0,x_tcsc,1-14,-0.10080962571640345,92,-0.10080920433053986,WLS,45,4.2138586359152796e-07
1,B_svc,2,0.17026854221428137,92,0.16987451892177505,WLS,45,0.00039402329250631807
2,UPFC_Vsh,5-15,1.1087178468937722,92,1.1111883431135414,WLS,45,0.002470496219769247
3,UPFC_tsh,5-15,-0.24195504198198547,92,-0.2418125648168908,WLS,45,0.00014247716509466213
4,UPFC_Vse,5-15,0.06273102001885629,92,0.06152592446691194,WLS,45,0.0012050955519443476
5,UPFC_tse,5-15,-2.1864273680887107,92,-2.1818707827195163,WLS,45,0.004556585369194455
0,x_tcsc,1-14,-0.10079152769173017,93,-0.10080920433053986,WLS,45,1.7676638809693834e-05
1,B_svc,2,0.16966260682448842,93,0.16987451892177505,WLS,45,0.00021191209728663174
2,UPFC_Vsh,5-15,1.1087723015379185,93,1.1111883431135414,WLS,45,0.002416041575622918
3,UPFC_tsh,5-15,-0.24180634016524966,93,-0.2418125648168908,WLS,45,6.22465164115682e-06
4,UPFC_Vse,5-15,0.062202675534191426,93,0.06152592446691194,WLS,45,0.0006767510672794838
5,UPFC_tse,5-15,-2.1900076018144112,93,-2.1818707827195163,WLS,45,0.008136819094894943
0,x_tcsc,1-14,-0.10079159771178181,94,-0.10080920433053986,WLS,45,1.7606618758048143e-05
1,B_svc,2,0.17013011227092714,94,0.16987451892177505,WLS,45,0.00025559334915209453
2,UPFC_Vsh,5-15,1.108492810269344,94,1.1111883431135414,WLS,45,0.0026955328441973236
3,UPFC_tsh,5-15,-0.241814490964185,94,-0.2418125648168908,WLS,45,1.9261472941900504e-06
4,UPFC_Vse,5-15,0.06262936496982631,94,0.06152592446691194,WLS,45,0.001103440502914367
5,UPFC_tse,5-15,-2.188038310826856,94,-2.1818707827195163,WLS,45,0.00616752810733967
0,x_tcsc,1-14,-0.10078901127228324,95,-0.10080920433053986,WLS,45,2.019305825662343e-05
1,B_svc,2,0.17016570385984398,95,0.16987451892177505,WLS,45,0.000291184938068928
2,UPFC_Vsh,5-15,1.1086961063332235,95,1.1111883431135414,WLS,45,0.002492236780317958
3,UPFC_tsh,5-15,-0.2418463273014909,95,-0.2418125648168908,WLS,45,3.376248460007503e-05
4,UPFC_Vse,5-15,0.06261504121627065,95,0.06152592446691194,WLS,45,0.0010891167493587081
5,UPFC_tse,5-15,-2.189625471318738,95,-2.1818707827195163,WLS,45,0.007754688599221904
0,x_tcsc,1-14,-0.10079868901953404,96,-0.10080920433053986,WLS,45,1.0515311005820926e-05
1,B_svc,2,0.16986522897640327,96,0.16987451892177505,WLS,45,9.28994537177652e-06
2,UPFC_Vsh,5-15,1.1087694292770884,96,1.1111883431135414,WLS,45,0.002418913836452985
3,UPFC_tsh,5-15,-0.24177338952983932,96,-0.2418125648168908,WLS,45,3.917528705149609e-05
4,UPFC_Vse,5-15,0.06243988802061253,96,0.06152592446691194,WLS,45,0.0009139635537005891
5,UPFC_tse,5-15,-2.1884699645530956,96,-2.1818707827195163,WLS,45,0.006599181833579326
0,x_tcsc,1-14,-0.10080510831270617,97,-0.10080920433053986,WLS,45,4.096017833687959e-06
1,B_svc,2,0.17001670463249588,97,0.16987451892177505,WLS,45,0.00014218571072083241
2,UPFC_Vsh,5-15,1.1086797681376157,97,1.1111883431135414,WLS,45,0.0025085749759257148
3,UPFC_tsh,5-15,-0.2418432337497941,97,-0.2418125648168908,WLS,45,3.0668932903293866e-05
4,UPFC_Vse,5-15,0.0632171642209212,97,0.06152592446691194,WLS,45,0.001691239754009262
5,UPFC_tse,5-15,-2.1904852570950837,97,-2.1818707827195163,WLS,45,0.008614474375567394
0,x_tcsc,1-14,-0.10079461938263544,98,-0.10080920433053986,WLS,45,1.4584947904419665e-05
1,B_svc,2,0.1701381458547385,98,0.16987451892177505,WLS,45,0.0002636269329634455
2,UPFC_Vsh,5-15,1.1087832601890413,98,1.1111883431135414,WLS,45,0.002405082924500146
3,UPFC_tsh,5-15,-0.24176030292126266,98,-0.2418125648168908,WLS,45,5.2261895628152866e-05
4,UPFC_Vse,5-15,0.06238702110871664,98,0.06152592446691194,WLS,45,0.0008610966418046984
5,UPFC_tse,5-15,-2.191156638061362,98,-2.1818707827195163,WLS,45,0.009285855341845561
0,x_tcsc,1-14,-0.10080021046654866,99,-0.10080920433053986,WLS,45,8.993863991196838e-06
1,B_svc,2,0.1700833412286814,99,0.16987451892177505,WLS,45,0.00020882230690635883
2,UPFC_Vsh,5-15,1.108465226963019,99,1.1111883431135414,WLS,45,0.0027231161505223422
3,UPFC_tsh,5-15,-0.24174507405642462,99,-0.2418125648168908,WLS,45,6.74907604661934e-05
4,UPFC_Vse,5-15,0.06242578567510176,99,0.06152592446691194,WLS,45,0.0008998612081898144
5,UPFC_tse,5-15,-2.1870391350548695,99,-2.1818707827195163,WLS,45,0.005168352335353177
0,x_tcsc,1-14,-0.10130332728204193,0,-0.1013210017993398,WLS,47,1.767451729786651e-05
1,B_svc,2,0.17041759196135473,0,0.17066003762868956,WLS,47,0.00024244566733483408
2,UPFC_Vsh,5-15,1.1088318007093139,0,1.1116915683153972,WLS,47,0.0028597676060833077
3,UPFC_tsh,5-15,-0.2413090746152406,0,-0.24127632818086714,WLS,47,3.2746434373454036e-05
4,UPFC_Vse,5-15,0.06242574204895727,0,0.06157371273501352,WLS,47,0.0008520293139437501
5,UPFC_tse,5-15,-2.186602673759041,0,-2.173806745596809,WLS,47,0.012795928162232073
0,x_tcsc,1-14,-0.10130302929804068,1,-0.1013210017993398,WLS,47,1.7972501299118315e-05
1,B_svc,2,0.17056561829432026,1,0.17066003762868956,WLS,47,9.44193343692945e-05
2,UPFC_Vsh,5-15,1.108854247607746,1,1.1116915683153972,WLS,47,0.002837320707651081
3,UPFC_tsh,5-15,-0.2412455263081699,1,-0.24127632818086714,WLS,47,3.080187269724477e-05
4,UPFC_Vse,5-15,0.06278173178848157,1,0.06157371273501352,WLS,47,0.0012080190534680471
5,UPFC_tse,5-15,-2.184366280725436,1,-2.173806745596809,WLS,47,0.010559535128626951
0,x_tcsc,1-14,-0.10129294122488118,2,-0.1013210017993398,WLS,47,2.8060574458615983e-05
1,B_svc,2,0.1706878894725757,2,0.17066003762868956,WLS,47,2.7851843886150807e-05
2,UPFC_Vsh,5-15,1.108628261778207,2,1.1116915683153972,WLS,47,0.0030633065371901136
3,UPFC_tsh,5-15,-0.2412983441987218,2,-0.24127632818086714,WLS,47,2.2016017854648018e-05
4,UPFC_Vse,5-15,0.06260200457406959,2,0.06157371273501352,WLS,47,0.0010282918390560683
5,UPFC_tse,5-15,-2.187759744328053,2,-2.173806745596809,WLS,47,0.013952998731244115
0,x_tcsc,1-14,-0.10131684739970227,3,-0.1013210017993398,WLS,47,4.154399637523731e-06
1,B_svc,2,0.1710967291639404,3,0.17066003762868956,WLS,47,0.0004366915352508327
2,UPFC_Vsh,5-15,1.1084936917409103,3,1.1116915683153972,WLS,47,0.003197876574486891
3,UPFC_tsh,5-15,-0.24130794157264204,3,-0.24127632818086714,WLS,47,3.1613391774903965e-05
4,UPFC_Vse,5-15,0.06317795062421634,3,0.06157371273501352,WLS,47,0.001604237889202824
5,UPFC_tse,5-15,-2.1883994627899375,3,-2.173806745596809,WLS,47,0.01459271719312838
0,x_tcsc,1-14,-0.10130149004120025,4,-0.1013210017993398,WLS,47,1.9511758139550972e-05
1,B_svc,2,0.1709839431245974,4,0.17066003762868956,WLS,47,0.000323905495907828
2,UPFC_Vsh,5-15,1.1085282839109039,4,1.1116915683153972,WLS,47,0.003163284404493316
3,UPFC_tsh,5-15,-0.2412863414023476,4,-0.24127632818086714,WLS,47,1.0013221480448253e-05
4,UPFC_Vse,5-15,0.06218027052653156,4,0.06157371273501352,WLS,47,0.0006065577915180392
5,UPFC_tse,5-15,-2.1873149093321924,4,-2.173806745596809,WLS,47,0.013508163735383327
0,x_tcsc,1-14,-0.10129135907417704,5,-0.1013210017993398,WLS,47,2.9642725162759564e-05
1,B_svc,2,0.17063462629424325,5,0.17066003762868956,WLS,47,2.5411334446306943e-05
2,UPFC_Vsh,5-15,1.1090194756249723,5,1.1116915683153972,WLS,47,0.0026720926904248987
3,UPFC_tsh,5-15,-0.24129717110675517,5,-0.24127632818086714,WLS,47,2.0842925888026054e-05
4,UPFC_Vse,5-15,0.06249936688087813,5,0.06157371273501352,WLS,47,0.00092565414586461
5,UPFC_tse,5-15,-2.188586191434382,5,-2.173806745596809,WLS,47,0.014779445837572958
0,x_tcsc,1-14,-0.10129693351080898,6,-0.1013210017993398,WLS,47,2.4068288530812443e-05
1,B_svc,2,0.17051410022953195,6,0.17066003762868956,WLS,47,0.0001459373991576085
2,UPFC_Vsh,5-15,1.10864560120871,6,1.1116915683153972,WLS,47,0.003045967106687142
3,UPFC_tsh,5-15,-0.24133906034412253,6,-0.24127632818086714,WLS,47,6.273216325539122e-05
4,UPFC_Vse,5-15,0.062330963059653154,6,0.06157371273501352,WLS,47,0.0007572503246396356
5,UPFC_tse,5-15,-2.188069131351503,6,-2.173806745596809,WLS,47,0.014262385754693963
0,x_tcsc,1-14,-0.10129965440993896,7,-0.1013210017993398,WLS,47,2.1347389400835914e-05
1,B_svc,2,0.17073917431882632,7,0.17066003762868956,WLS,47,7.913669013676072e-05
2,UPFC_Vsh,5-15,1.108662634738867,7,1.1116915683153972,WLS,47,0.003028933576530113
3,UPFC_tsh,5-15,-0.24130393202519934,7,-0.24127632818086714,WLS,47,2.760384433220242e-05
4,UPFC_Vse,5-15,0.06231393408993522,7,0.06157371273501352,WLS,47,0.0007402213549217024
5,UPFC_tse,5-15,-2.184210054386598,7,-2.173806745596809,WLS,47,0.010403308789789012
0,x_tcsc,1-14,-0.10130252527165265,8,-0.1013210017993398,WLS,47,1.847652768714736e-05
1,B_svc,2,0.17075547293676624,8,0.17066003762868956,WLS,47,9.54353080766801e-05
2,UPFC_Vsh,5-15,1.1085148806035319,8,1.1116915683153972,WLS,47,0.0031766877118653003
3,UPFC_tsh,5-15,-0.24133388444858125,8,-0.24127632818086714,WLS,47,5.755626771411504e-05
4,UPFC_Vse,5-15,0.06275998619430452,8,0.06157371273501352,WLS,47,0.0011862734592910026
5,UPFC_tse,5-15,-2.1829554341675417,8,-2.173806745596809,WLS,47,0.009148688570732588
0,x_tcsc,1-14,-0.10130124195353178,9,-0.1013210017993398,WLS,47,1.9759845808015042e-05
1,B_svc,2,0.17063849327780872,9,0.17066003762868956,WLS,47,2.1544350880836616e-05
2,UPFC_Vsh,5-15,1.108690126161553,9,1.1116915683153972,WLS,47,0.003001442153844236
3,UPFC_tsh,5-15,-0.24135503273374698,9,-0.24127632818086714,WLS,47,7.870455287983802e-05
4,UPFC_Vse,5-15,0.06230529340133146,9,0.06157371273501352,WLS,47,0.0007315806663179408
5,UPFC_tse,5-15,-2.1872591262500705,9,-2.173806745596809,WLS,47,0.013452380653261375
0,x_tcsc,1-14,-0.10130719264861762,10,-0.1013210017993398,WLS,47,1.3809150722174368e-05
1,B_svc,2,0.17069384008501787,10,0.17066003762868956,WLS,47,3.380245632830792e-05
2,UPFC_Vsh,5-15,1.1086953340694814,10,1.1116915683153972,WLS,47,0.0029962342459157743
3,UPFC_tsh,5-15,-0.24131427363302568,10,-0.24127632818086714,WLS,47,3.794545215854428e-05
4,UPFC_Vse,5-15,0.06275802736647222,10,0.06157371273501352,WLS,47,0.0011843146314587036
5,UPFC_tse,5-15,-2.182503384242205,10,-2.173806745596809,WLS,47,0.008696638645395716
0,x_tcsc,1-14,-0.10129840676482507,11,-0.1013210017993398,WLS,47,2.2595034514724666e-05
1,B_svc,2,0.1712036930375223,11,0.17066003762868956,WLS,47,0.0005436554088327494
2,UPFC_Vsh,5-15,1.1085317306442855,11,1.1116915683153972,WLS,47,0.0031598376711117204
3,UPFC_tsh,5-15,-0.2413028194191704,11,-0.24127632818086714,WLS,47,2.6491238303255615e-05
4,UPFC_Vse,5-15,0.06263357832098332,11,0.06157371273501352,WLS,47,0.0010598655859698006
5,UPFC_tse,5-15,-2.1868926219519653,11,-2.173806745596809,WLS,47,0.013085876355156234
0,x_tcsc,1-14,-0.10130243820213591,12,-0.1013210017993398,WLS,47,1.8563597203882787e-05
1,B_svc,2,0.1704767922133075,12,0.17066003762868956,WLS,47,0.00018324541538206063
2,UPFC_Vsh,5-15,1.1086336441950786,12,1.1116915683153972,WLS,47,0.003057924120318578
3,UPFC_tsh,5-15,-0.2412768260043981,12,-0.24127632818086714,WLS,47,4.978235309538448e-07
4,UPFC_Vse,5-15,0.06313942433478749,12,0.06157371273501352,WLS,47,0.001565711599773971
5,UPFC_tse,5-15,-2.1840436715387788,12,-2.173806745596809,WLS,47,0.010236925941969677
0,x_tcsc,1-14,-0.1012894080937521,13,-0.1013210017993398,WLS,47,3.159370558769581e-05
1,B_svc,2,0.17089684722773127,13,0.17066003762868956,WLS,47,0.00023680959904170962
2,UPFC_Vsh,5-15,1.1085336252796911,13,1.1116915683153972,WLS,47,0.0031579430357060456
3,UPFC_tsh,5-15,-0.24129206766570682,13,-0.24127632818086714,WLS,47,1.5739484839683016e-05
4,UPFC_Vse,5-15,0.06220525942895705,13,0.06157371273501352,WLS,47,0.0006315466939435313
5,UPFC_tse,5-15,-2.1903307635778795,13,-2.173806745596809,WLS,47,0.016524017981070394
0,x_tcsc,1-14,-0.10130959932800232,14,-0.1013210017993398,WLS,47,1.1402471337476627e-05
1,B_svc,2,0.17044400337855228,14,0.17066003762868956,WLS,47,0.00021603425013727584
2,UPFC_Vsh,5-15,1.1087297065349757,14,1.1116915683153972,WLS,47,0.0029618617804214598
3,UPFC_tsh,5-15,-0.24116878981173823,14,-0.24127632818086714,WLS,47,0.00010753836912891224
4,UPFC_Vse,5-15,0.062148367290104374,14,0.06157371273501352,WLS,47,0.0005746545550908561
5,UPFC_tse,5-15,-2.187168300071308,14,-2.173806745596809,WLS,47,0.013361554474498938
0,x_tcsc,1-14,-0.10129209373548531,15,-0.1013210017993398,WLS,47,2.89080638544853e-05
1,B_svc,2,0.1704523867308635,15,0.17066003762868956,WLS,47,0.00020765089782606716
2,UPFC_Vsh,5-15,1.1089665967703444,15,1.1116915683153972,WLS,47,0.002724971545052801
3,UPFC_tsh,5-15,-0.24127379573301241,15,-0.24127632818086714,WLS,47,2.5324478547250617e-06
4,UPFC_Vse,5-15,0.0625301599866287,15,0.06157371273501352,WLS,47,0.0009564472516151792
5,UPFC_tse,5-15,-2.184261167339438,15,-2.173806745596809,WLS,47,0.010454421742629005
0,x_tcsc,1-14,-0.10129649003278922,16,-0.1013210017993398,WLS,47,2.451176655057785e-05
1,B_svc,2,0.17082950217451676,16,0.17066003762868956,WLS,47,0.00016946454582719706
2,UPFC_Vsh,5-15,1.1087151122138252,16,1.1116915683153972,WLS,47,0.0029764561015719337
3,UPFC_tsh,5-15,-0.24132173871999985,16,-0.24127632818086714,WLS,47,4.541053913270643e-05
4,UPFC_Vse,5-15,0.06199916734545627,16,0.06157371273501352,WLS,47,0.0004254546104427506
5,UPFC_tse,5-15,-2.190196791787219,16,-2.173806745596809,WLS,47,0.016390046190410068
0,x_tcsc,1-14,-0.10130686975935192,17,-0.1013210017993398,WLS,47,1.4132039987874156e-05
1,B_svc,2,0.17091657622213452,17,0.17066003762868956,WLS,47,0.00025653859344496044
2,UPFC_Vsh,5-15,1.1088196282276768,17,1.1116915683153972,WLS,47,0.0028719400877204038
3,UPFC_tsh,5-15,-0.24130850219881292,17,-0.24127632818086714,WLS,47,3.2174017945779676e-05
4,UPFC_Vse,5-15,0.06291466008225687,17,0.06157371273501352,WLS,47,0.0013409473472433472
5,UPFC_tse,5-15,-2.1843013410672065,17,-2.173806745596809,WLS,47,0.010494595470397439
0,x_tcsc,1-14,-0.10130342951486979,18,-0.1013210017993398,WLS,47,1.757228447001047e-05
1,B_svc,2,0.17048289197354036,18,0.17066003762868956,WLS,47,0.00017714565514920233
2,UPFC_Vsh,5-15,1.1086490309867858,18,1.1116915683153972,WLS,47,0.003042537328611372
3,UPFC_tsh,5-15,-0.24131139945916125,18,-0.24127632818086714,WLS,47,3.507127829410761e-05
4,UPFC_Vse,5-15,0.0626920312383974,18,0.06157371273501352,WLS,47,0.0011183185033838763
5,UPFC_tse,5-15,-2.1865262979614464,18,-2.173806745596809,WLS,47,0.012719552364637288
0,x_tcsc,1-14,-0.10129598701510589,19,-0.1013210017993398,WLS,47,2.5014784233903797e-05
1,B_svc,2,0.17033427842865242,19,0.17066003762868956,WLS,47,0.00032575920003713454
2,UPFC_Vsh,5-15,1.108452139626985,19,1.1116915683153972,WLS,47,0.0032394286884120937
3,UPFC_tsh,5-15,-0.24129348928776356,19,-0.24127632818086714,WLS,47,1.7161106896423917e-05
4,UPFC_Vse,5-15,0.06251607220112246,19,0.06157371273501352,WLS,47,0.0009423594661089399
5,UPFC_tse,5-15,-2.1853900442664265,19,-2.173806745596809,WLS,47,0.011583298669617381
0,x_tcsc,1-14,-0.10129216419986685,20,-0.1013210017993398,WLS,47,2.8837599472947284e-05
1,B_svc,2,0.17092325412563716,20,0.17066003762868956,WLS,47,0.00026321649694760474
2,UPFC_Vsh,5-15,1.1087983452558816,20,1.1116915683153972,WLS,47,0.0028932230595155595
3,UPFC_tsh,5-15,-0.24123189770984585,20,-0.24127632818086714,WLS,47,4.44304710212895e-05
4,UPFC_Vse,5-15,0.062190663850323784,20,0.06157371273501352,WLS,47,0.0006169511153102658
5,UPFC_tse,5-15,-2.1873325747829164,20,-2.173806745596809,WLS,47,0.013525829186107341
0,x_tcsc,1-14,-0.10129692123152825,21,-0.1013210017993398,WLS,47,2.4080567811543552e-05
1,B_svc,2,0.1711171352310859,21,0.17066003762868956,WLS,47,0.00045709760239634467
2,UPFC_Vsh,5-15,1.1091414126078918,21,1.1116915683153972,WLS,47,0.002550155707505386
3,UPFC_tsh,5-15,-0.24131583188320457,21,-0.24127632818086714,WLS,47,3.95037023374345e-05
4,UPFC_Vse,5-15,0.062402498381298376,21,0.06157371273501352,WLS,47,0.0008287856462848575
5,UPFC_tse,5-15,-2.18723967863678,21,-2.173806745596809,WLS,47,0.013432933039970951
0,x_tcsc,1-14,-0.10130747115209984,22,-0.1013210017993398,WLS,47,1.3530647239953786e-05
1,B_svc,2,0.17046983064137344,22,0.17066003762868956,WLS,47,0.00019020698731611607
2,UPFC_Vsh,5-15,1.1085136310113053,22,1.1116915683153972,WLS,47,0.0031779373040918824
3,UPFC_tsh,5-15,-0.2412784265083293,22,-0.24127632818086714,WLS,47,2.0983274621744208e-06
4,UPFC_Vse,5-15,0.062370391699670694,22,0.06157371273501352,WLS,47,0.0007966789646571756
5,UPFC_tse,5-15,-2.187011281392241,22,-2.173806745596809,WLS,47,0.013204535795432015
0,x_tcsc,1-14,-0.10129566758374821,23,-0.1013210017993398,WLS,47,2.5334215591588105e-05
1,B_svc,2,0.1710658724032095,23,0.17066003762868956,WLS,47,0.000405834774519942
2,UPFC_Vsh,5-15,1.1086844211512104,23,1.1116915683153972,WLS,47,0.0030071471641868186
3,UPFC_tsh,5-15,-0.24127381858090508,23,-0.24127632818086714,WLS,47,2.509599962063902e-06
4,UPFC_Vse,5-15,0.06237789462077849,23,0.06157371273501352,WLS,47,0.0008041818857649694
5,UPFC_tse,5-15,-2.1873485438698395,23,-2.173806745596809,WLS,47,0.01354179827303037
0,x_tcsc,1-14,-0.10128828624018758,24,-0.1013210017993398,WLS,47,3.271555915221325e-05
1,B_svc,2,0.17126957204724597,24,0.17066003762868956,WLS,47,0.0006095344185564067
2,UPFC_Vsh,5-15,1.1085377879319827,24,1.1116915683153972,WLS,47,0.0031537803834145173
3,UPFC_tsh,5-15,-0.2413475183066336,24,-0.24127632818086714,WLS,47,7.119012576645156e-05
4,UPFC_Vse,5-15,0.06290462904600087,24,0.06157371273501352,WLS,47,0.0013309163109873554
5,UPFC_tse,5-15,-2.189241344122125,24,-2.173806745596809,WLS,47,0.015434598525315923
0,x_tcsc,1-14,-0.10129960895727935,25,-0.1013210017993398,WLS,47,2.1392842060444228e-05
1,B_svc,2,0.17117081523915612,25,0.17066003762868956,WLS,47,0.0005107776104665562
2,UPFC_Vsh,5-15,1.1086054402677505,25,1.1116915683153972,WLS,47,0.00308612804764663
3,UPFC_tsh,5-15,-0.24130266433152203,25,-0.24127632818086714,WLS,47,2.6336150654893142e-05
4,UPFC_Vse,5-15,0.06248657694014919,25,0.06157371273501352,WLS,47,0.0009128642051356717
5,UPFC_tse,5-15,-2.18847418705249,25,-2.173806745596809,WLS,47,0.014667441455681107
0,x_tcsc,1-14,-0.1013089184955329,26,-0.1013210017993398,WLS,47,1.2083303806892376e-05
1,B_svc,2,0.17093637518928959,26,0.17066003762868956,WLS,47,0.00027633756060002623
2,UPFC_Vsh,5-15,1.1086543605352326,26,1.1116915683153972,WLS,47,0.003037207780164586
3,UPFC_tsh,5-15,-0.24121889798034404,26,-0.24127632818086714,WLS,47,5.743020052309533e-05
4,UPFC_Vse,5-15,0.06215790067358677,26,0.06157371273501352,WLS,47,0.0005841879385732537
5,UPFC_tse,5-15,-2.1852734830024367,26,-2.173806745596809,WLS,47,0.011466737405627647
0,x_tcsc,1-14,-0.1012931375499582,27,-0.1013210017993398,WLS,47,2.7864249381601147e-05
1,B_svc,2,0.17081572581126592,27,0.17066003762868956,WLS,47,0.00015568818257635786
2,UPFC_Vsh,5-15,1.1090281843829042,27,1.1116915683153972,WLS,47,0.002663383932492991
3,UPFC_tsh,5-15,-0.24128606172972583,27,-0.24127632818086714,WLS,47,9.733548858692487e-06
4,UPFC_Vse,5-15,0.06211786181105835,27,0.06157371273501352,WLS,47,0.0005441490760448309
5,UPFC_tse,5-15,-2.190010087075405,27,-2.173806745596809,WLS,47,0.016203341478596034
0,x_tcsc,1-14,-0.10130188974082135,28,-0.1013210017993398,WLS,47,1.9112058518441777e-05
1,B_svc,2,0.1706420091717819,28,0.17066003762868956,WLS,47,1.8028456907653867e-05
2,UPFC_Vsh,5-15,1.1089795957228785,28,1.1116915683153972,WLS,47,0.002711972592518652
3,UPFC_tsh,5-15,-0.24131447568257344,28,-0.24127632818086714,WLS,47,3.8147501706303766e-05
4,UPFC_Vse,5-15,0.06247976555561637,28,0.06157371273501352,WLS,47,0.000906052820602854
5,UPFC_tse,5-15,-2.1874591999580524,28,-2.173806745596809,WLS,47,0.013652454361243294
0,x_tcsc,1-14,-0.1013120661126134,29,-0.1013210017993398,WLS,47,8.93568672639955e-06
1,B_svc,2,0.17060694627175413,29,0.17066003762868956,WLS,47,5.309135693543077e-05
2,UPFC_Vsh,5-15,1.108714073959596,29,1.1116915683153972,WLS,47,0.0029774943558011913
3,UPFC_tsh,5-15,-0.24126047492361374,29,-0.24127632818086714,WLS,47,1.585325725339537e-05
4,UPFC_Vse,5-15,0.062179720336452325,29,0.06157371273501352,WLS,47,0.0006060076014388072
5,UPFC_tse,5-15,-2.1896357780576152,29,-2.173806745596809,WLS,47,0.015829032460806136
0,x_tcsc,1-14,-0.10129356711896596,30,-0.1013210017993398,WLS,47,2.7434680373833453e-05
1,B_svc,2,0.17084714203194387,30,0.17066003762868956,WLS,47,0.00018710440325431232
2,UPFC_Vsh,5-15,1.108641823322149,30,1.1116915683153972,WLS,47,0.0030497449932482823
3,UPFC_tsh,5-15,-0.24133847673774658,30,-0.24127632818086714,WLS,47,6.214855687944332e-05
4,UPFC_Vse,5-15,0.06272856371246445,30,0.06157371273501352,WLS,47,0.0011548509774509316
5,UPFC_tse,5-15,-2.188245577745175,30,-2.173806745596809,WLS,47,0.014438832148365943
0,x_tcsc,1-14,-0.10128957862876811,31,-0.1013210017993398,WLS,47,3.142317057168442e-05
1,B_svc,2,0.17051756214082572,31,0.17066003762868956,WLS,47,0.00014247548786383568
2,UPFC_Vsh,5-15,1.1088430411189028,31,1.1116915683153972,WLS,47,0.0028485271964944214
3,UPFC_tsh,5-15,-0.2413086220046609,31,-0.24127632818086714,WLS,47,3.229382379377199e-05
4,UPFC_Vse,5-15,0.06263555456942256,31,0.06157371273501352,WLS,47,0.0010618418344090427
5,UPFC_tse,5-15,-2.1876822381601566,31,-2.173806745596809,WLS,47,0.013875492563347525
0,x_tcsc,1-14,-0.10129419816191927,32,-0.1013210017993398,WLS,47,2.680363742052494e-05
1,B_svc,2,0.17096275656963203,32,0.17066003762868956,WLS,47,0.0003027189409424702
2,UPFC_Vsh,5-15,1.1087948867379729,32,1.1116915683153972,WLS,47,0.002896681577424287
3,UPFC_tsh,5-15,-0.2413428533428315,32,-0.24127632818086714,WLS,47,6.65251619643703e-05
4,UPFC_Vse,5-15,0.06257076957650844,32,0.06157371273501352,WLS,47,0.0009970568414949185
5,UPFC_tse,5-15,-2.1862355637198325,32,-2.173806745596809,WLS,47,0.012428818123023433
0,x_tcsc,1-14,-0.10129695651156541,33,-0.1013210017993398,WLS,47,2.404528777438797e-05
1,B_svc,2,0.17038871981257292,33,0.17066003762868956,WLS,47,0.00027131781611663963
2,UPFC_Vsh,5-15,1.1089142244855892,33,1.1116915683153972,WLS,47,0.0027773438298079878
3,UPFC_tsh,5-15,-0.24131402945621086,33,-0.24127632818086714,WLS,47,3.770127534372114e-05
4,UPFC_Vse,5-15,0.06238179936004295,33,0.06157371273501352,WLS,47,0.0008080866250294305
5,UPFC_tse,5-15,-2.186904794451908,33,-2.173806745596809,WLS,47,0.01309804885509891
0,x_tcsc,1-14,-0.10128754896831249,34,-0.1013210017993398,WLS,47,3.3452831027305785e-05
1,B_svc,2,0.1708193748565155,34,0.17066003762868956,WLS,47,0.00015933722782593418
2,UPFC_Vsh,5-15,1.108755433989971,34,1.1116915683153972,WLS,47,0.002936134325426165
3,UPFC_tsh,5-15,-0.24125987817033887,34,-0.24127632818086714,WLS,47,1.6450010528273884e-05
4,UPFC_Vse,5-15,0.06273151930905892,34,0.06157371273501352,WLS,47,0.0011578065740453988
5,UPFC_tse,5-15,-2.1841614833004006,34,-2.173806745596809,WLS,47,0.010354737703591521
0,x_tcsc,1-14,-0.10130381392880641,35,-0.1013210017993398,WLS,47,1.718787053338333e-05
1,B_svc,2,0.1710384721020412,35,0.17066003762868956,WLS,47,0.0003784344733516465
2,UPFC_Vsh,5-15,1.1087941198852804,35,1.1116915683153972,WLS,47,0.0028974484301167447
3,UPFC_tsh,5-15,-0.24122186098965331,35,-0.24127632818086714,WLS,47,5.446719121382504e-05
4,UPFC_Vse,5-15,0.06271895863646747,35,0.06157371273501352,WLS,47,0.0011452459014539493
5,UPFC_tse,5-15,-2.1856440751275614,35,-2.173806745596809,WLS,47,0.011837329530752339
0,x_tcsc,1-14,-0.10130482632208103,36,-0.1013210017993398,WLS,47,1.6175477258767446e-05
1,B_svc,2,0.17075355579387108,36,0.17066003762868956,WLS,47,9.3518165181522e-05
2,UPFC_Vsh,5-15,1.1088961220964926,36,1.1116915683153972,WLS,47,0.002795446218904596
3,UPFC_tsh,5-15,-0.24132548786468386,36,-0.24127632818086714,WLS,47,4.9159683816718536e-05
4,UPFC_Vse,5-15,0.06224955839886454,36,0.06157371273501352,WLS,47,0.0006758456638510241
5,UPFC_tse,5-15,-2.1876429689594494,36,-2.173806745596809,WLS,47,0.013836223362640343
0,x_tcsc,1-14,-0.10131299687221551,37,-0.1013210017993398,WLS,47,8.004927124286021e-06
1,B_svc,2,0.17031690125997617,37,0.17066003762868956,WLS,47,0.00034313636871338704
2,UPFC_Vsh,5-15,1.1089576380321402,37,1.1116915683153972,WLS,47,0.002733930283256969
3,UPFC_tsh,5-15,-0.2412426699461269,37,-0.24127632818086714,WLS,47,3.3658234740246984e-05
4,UPFC_Vse,5-15,0.06195296011439916,37,0.06157371273501352,WLS,47,0.0003792473793856402
5,UPFC_tse,5-15,-2.1901284638616705,37,-2.173806745596809,WLS,47,0.016321718264861396
0,x_tcsc,1-14,-0.10129631318240315,38,-0.1013210017993398,WLS,47,2.4688616936649477e-05
1,B_svc,2,0.17014000506323554,38,0.17066003762868956,WLS,47,0.0005200325654540205
2,UPFC_Vsh,5-15,1.1087076305782455,38,1.1116915683153972,WLS,47,0.002983937737151665
3,UPFC_tsh,5-15,-0.24128836641218981,38,-0.24127632818086714,WLS,47,1.203823132267523e-05
4,UPFC_Vse,5-15,0.062413870813458006,38,0.06157371273501352,WLS,47,0.0008401580784444876
5,UPFC_tse,5-15,-2.183758981175352,38,-2.173806745596809,WLS,47,0.009952235578543078
0,x_tcsc,1-14,-0.10129985359711077,39,-0.1013210017993398,WLS,47,2.1148202229023805e-05
1,B_svc,2,0.1707008151755902,39,0.17066003762868956,WLS,47,4.077754690062774e-05
2,UPFC_Vsh,5-15,1.1085039051859895,39,1.1116915683153972,WLS,47,0.0031876631294076585
3,UPFC_tsh,5-15,-0.24129061223933393,39,-0.24127632818086714,WLS,47,1.4284058466790261e-05
4,UPFC_Vse,5-15,0.0622904462693846,39,0.06157371273501352,WLS,47,0.0007167335343710793
5,UPFC_tse,5-15,-2.185417899583385,39,-2.173806745596809,WLS,47,0.01161115398657575
0,x_tcsc,1-14,-0.10129826959592284,40,-0.1013210017993398,WLS,47,2.273220341696136e-05
1,B_svc,2,0.17009614893403494,40,0.17066003762868956,WLS,47,0.000563888694654624
2,UPFC_Vsh,5-15,1.1086981704674546,40,1.1116915683153972,WLS,47,0.0029933978479426138
3,UPFC_tsh,5-15,-0.24134555226756596,40,-0.24127632818086714,WLS,47,6.922408669882141e-05
4,UPFC_Vse,5-15,0.062251080910499274,40,0.06157371273501352,WLS,47,0.0006773681754857555
5,UPFC_tse,5-15,-2.18617333091137,40,-2.173806745596809,WLS,47,0.012366585314560918
0,x_tcsc,1-14,-0.10131052486889075,41,-0.1013210017993398,WLS,47,1.0476930449046518e-05
1,B_svc,2,0.1707529625709355,41,0.17066003762868956,WLS,47,9.292494224594217e-05
2,UPFC_Vsh,5-15,1.1089347484406213,41,1.1116915683153972,WLS,47,0.002756819874775829
3,UPFC_tsh,5-15,-0.241185212684295,41,-0.24127632818086714,WLS,47,9.111549657214724e-05
4,UPFC_Vse,5-15,0.06253221117394114,41,0.06157371273501352,WLS,47,0.0009584984389276255
5,UPFC_tse,5-15,-2.1874818318366174,41,-2.173806745596809,WLS,47,0.013675086239808287
0,x_tcsc,1-14,-0.10129951424291286,42,-0.1013210017993398,WLS,47,2.1487556426932897e-05
1,B_svc,2,0.17063471798880964,42,0.17066003762868956,WLS,47,2.5319639879922695e-05
2,UPFC_Vsh,5-15,1.1086483189902108,42,1.1116915683153972,WLS,47,0.0030432493251864035
3,UPFC_tsh,5-15,-0.24135228703624514,42,-0.24127632818086714,WLS,47,7.595885537800551e-05
4,UPFC_Vse,5-15,0.062271574089822736,42,0.06157371273501352,WLS,47,0.0006978613548092177
5,UPFC_tse,5-15,-2.186949911369855,42,-2.173806745596809,WLS,47,0.013143165773045862
0,x_tcsc,1-14,-0.10129826208867627,43,-0.1013210017993398,WLS,47,2.2739710663521873e-05
1,B_svc,2,0.17086564021482012,43,0.17066003762868956,WLS,47,0.00020560258613055993
2,UPFC_Vsh,5-15,1.108580095016149,43,1.1116915683153972,WLS,47,0.003111473299248102
3,UPFC_tsh,5-15,-0.2413160979291276,43,-0.24127632818086714,WLS,47,3.9769748260448656e-05
4,UPFC_Vse,5-15,0.06284694159883175,43,0.06157371273501352,WLS,47,0.0012732288638182335
5,UPFC_tse,5-15,-2.1882984788788544,43,-2.173806745596809,WLS,47,0.014491733282045338
0,x_tcsc,1-14,-0.10130148282305008,44,-0.1013210017993398,WLS,47,1.9518976289711887e-05
1,B_svc,2,0.17117368500062421,44,0.17066003762868956,WLS,47,0.0005136473719346557
2,UPFC_Vsh,5-15,1.1085208287967658,44,1.1116915683153972,WLS,47,0.003170739518631338
3,UPFC_tsh,5-15,-0.24134580604885078,44,-0.24127632818086714,WLS,47,6.947786798364164e-05
4,UPFC_Vse,5-15,0.06329467685184063,44,0.06157371273501352,WLS,47,0.0017209641168271159
5,UPFC_tse,5-15,-2.1837751313129434,44,-2.173806745596809,WLS,47,0.009968385716134343
0,x_tcsc,1-14,-0.10129749923876366,45,-0.1013210017993398,WLS,47,2.3502560576135756e-05
1,B_svc,2,0.1709642072809848,45,0.17066003762868956,WLS,47,0.0003041696522952386
2,UPFC_Vsh,5-15,1.1087937404457937,45,1.1116915683153972,WLS,47,0.0028978278696034643
3,UPFC_tsh,5-15,-0.24128491443798322,45,-0.24127632818086714,WLS,47,8.586257116083296e-06
4,UPFC_Vse,5-15,0.06274257662805809,45,0.06157371273501352,WLS,47,0.001168863893044568
5,UPFC_tse,5-15,-2.1877893060232196,45,-2.173806745596809,WLS,47,0.01398256042641055
0,x_tcsc,1-14,-0.10129462709399459,46,-0.1013210017993398,WLS,47,2.637470534520847e-05
1,B_svc,2,0.17075009121726697,46,0.17066003762868956,WLS,47,9.005358857741563e-05
2,UPFC_Vsh,5-15,1.1088587693233325,46,1.1116915683153972,WLS,47,0.002832798992064678
3,UPFC_tsh,5-15,-0.24126006742023728,46,-0.24127632818086714,WLS,47,1.626076062985482e-05
4,UPFC_Vse,5-15,0.0625021894092922,46,0.06157371273501352,WLS,47,0.000928476674278679
5,UPFC_tse,5-15,-2.185053342646719,46,-2.173806745596809,WLS,47,0.011246597049909823
0,x_tcsc,1-14,-0.1013105245026797,47,-0.1013210017993398,WLS,47,1.0477296660094115e-05
1,B_svc,2,0.170601141765202,47,0.17066003762868956,WLS,47,5.889586348756248e-05
2,UPFC_Vsh,5-15,1.1086951694514,47,1.1116915683153972,WLS,47,0.002996398863997163
3,UPFC_tsh,5-15,-0.24130914466577752,47,-0.24127632818086714,WLS,47,3.2816484910380694e-05
4,UPFC_Vse,5-15,0.062411838676903884,47,0.06157371273501352,WLS,47,0.0008381259418903664
5,UPFC_tse,5-15,-2.1894805688290075,47,-2.173806745596809,WLS,47,0.01567382323219846
0,x_tcsc,1-14,-0.10130253631218802,48,-0.1013210017993398,WLS,47,1.846548715177254e-05
1,B_svc,2,0.17057487384678688,48,0.17066003762868956,WLS,47,8.51637819026807e-05
2,UPFC_Vsh,5-15,1.1088370139136279,48,1.1116915683153972,WLS,47,0.0028545544017692936
3,UPFC_tsh,5-15,-0.24129095938042208,48,-0.24127632818086714,WLS,47,1.4631199554943075e-05
4,UPFC_Vse,5-15,0.06204454728688534,48,0.06157371273501352,WLS,47,0.0004708345518718224
5,UPFC_tse,5-15,-2.188756928627849,48,-2.173806745596809,WLS,47,0.014950183031039899
0,x_tcsc,1-14,-0.10129551337438554,49,-0.1013210017993398,WLS,47,2.5488424954256406e-05
1,B_svc,2,0.17118416608163922,49,0.17066003762868956,WLS,47,0.0005241284529496626
2,UPFC_Vsh,5-15,1.1086584705610485,49,1.1116915683153972,WLS,47,0.0030330977543486792
3,UPFC_tsh,5-15,-0.24130368364120247,49,-0.24127632818086714,WLS,47,2.7355460335332094e-05
4,UPFC_Vse,5-15,0.06219622261023545,49,0.06157371273501352,WLS,47,0.0006225098752219299
5,UPFC_tse,5-15,-2.187018855822149,49,-2.173806745596809,WLS,47,0.013212110225339746
0,x_tcsc,1-14,-0.1012943720868554,50,-0.1013210017993398,WLS,47,2.6629712484391166e-05
1,B_svc,2,0.17050019709856584,50,0.17066003762868956,WLS,47,0.00015984053012371713
2,UPFC_Vsh,5-15,1.1085611244736042,50,1.1116915683153972,WLS,47,0.0031304438417929514
3,UPFC_tsh,5-15,-0.24131338496737242,50,-0.24127632818086714,WLS,47,3.70567865052851e-05
4,UPFC_Vse,5-15,0.06287418501381478,50,0.06157371273501352,WLS,47,0.0013004722788012638
5,UPFC_tse,5-15,-2.1862809266277683,50,-2.173806745596809,WLS,47,0.012474181030959208
0,x_tcsc,1-14,-0.1012994233599185,51,-0.1013210017993398,WLS,47,2.1578439421299223e-05
1,B_svc,2,0.17083765419143432,51,0.17066003762868956,WLS,47,0.000177616562744759
2,UPFC_Vsh,5-15,1.1088406657611654,51,1.1116915683153972,WLS,47,0.0028509025542318156
3,UPFC_tsh,5-15,-0.24125317219451506,51,-0.24127632818086714,WLS,47,2.315598635208027e-05
4,UPFC_Vse,5-15,0.06260734119825906,51,0.06157371273501352,WLS,47,0.0010336284632455409
5,UPFC_tse,5-15,-2.187756715392283,51,-2.173806745596809,WLS,47,0.013949969795473915
0,x_tcsc,1-14,-0.10129515586540731,52,-0.1013210017993398,WLS,47,2.5845933932483467e-05
1,B_svc,2,0.17111840522006347,52,0.17066003762868956,WLS,47,0.00045836759137390937
2,UPFC_Vsh,5-15,1.1088078526421528,52,1.1116915683153972,WLS,47,0.0028837156732444136
3,UPFC_tsh,5-15,-0.24121130863841989,52,-0.24127632818086714,WLS,47,6.501954244725328e-05
4,UPFC_Vse,5-15,0.06268190989475256,52,0.06157371273501352,WLS,47,0.0011081971597390397
5,UPFC_tse,5-15,-2.186739354051863,52,-2.173806745596809,WLS,47,0.012932608455054062
0,x_tcsc,1-14,-0.10129266034127142,53,-0.1013210017993398,WLS,47,2.834145806837607e-05
1,B_svc,2,0.17070467388787752,53,0.17066003762868956,WLS,47,4.4636259187963434e-05
2,UPFC_Vsh,5-15,1.1085042155869396,53,1.1116915683153972,WLS,47,0.003187352728457604
3,UPFC_tsh,5-15,-0.24122167300289724,53,-0.24127632818086714,WLS,47,5.465517796990338e-05
4,UPFC_Vse,5-15,0.06254721153349502,53,0.06157371273501352,WLS,47,0.0009734987984814994
5,UPFC_tse,5-15,-2.1838470426611982,53,-2.173806745596809,WLS,47,0.010040297064389136
0,x_tcsc,1-14,-0.10130033269211498,54,-0.1013210017993398,WLS,47,2.06691072248133e-05
1,B_svc,2,0.17093779874671375,54,0.17066003762868956,WLS,47,0.000277761118024189
2,UPFC_Vsh,5-15,1.1088444111845077,54,1.1116915683153972,WLS,47,0.002847157130889455
3,UPFC_tsh,5-15,-0.24127523266506087,54,-0.24127632818086714,WLS,47,1.0955158062653236e-06
4,UPFC_Vse,5-15,0.06259140192832872,54,0.06157371273501352,WLS,47,0.0010176891933152063
5,UPFC_tse,5-15,-2.1868463852165645,54,-2.173806745596809,WLS,47,0.013039639619755405
0,x_tcsc,1-14,-0.10129502118109486,55,-0.1013210017993398,WLS,47,2.598061824493625e-05
1,B_svc,2,0.17128152759312362,55,0.17066003762868956,WLS,47,0.0006214899644340632
2,UPFC_Vsh,5-15,1.108824970127303,55,1.1116915683153972,WLS,47,0.002866598188094205
3,UPFC_tsh,5-15,-0.24130359285246125,55,-0.24127632818086714,WLS,47,2.726467159411272e-05
4,UPFC_Vse,5-15,0.06286228471269854,55,0.06157371273501352,WLS,47,0.0012885719776850255
5,UPFC_tse,5-15,-2.1885319713814635,55,-2.173806745596809,WLS,47,0.014725225784654405
0,x_tcsc,1-14,-0.10128765944982163,56,-0.1013210017993398,WLS,47,3.3342349518170056e-05
1,B_svc,2,0.17111559611084662,56,0.17066003762868956,WLS,47,0.0004555584821570591
2,UPFC_Vsh,5-15,1.108378934024734,56,1.1116915683153972,WLS,47,0.0033126342906630857
3,UPFC_tsh,5-15,-0.24136618086407866,56,-0.24127632818086714,WLS,47,8.985268321151652e-05
4,UPFC_Vse,5-15,0.06214909053027959,56,0.06157371273501352,WLS,47,0.0005753777952660702
5,UPFC_tse,5-15,-2.1865648650155265,56,-2.173806745596809,WLS,47,0.012758119418717406
0,x_tcsc,1-14,-0.10129876190454516,57,-0.1013210017993398,WLS,47,2.2239894794634507e-05
1,B_svc,2,0.17097129411742792,57,0.17066003762868956,WLS,47,0.0003112564887383651
2,UPFC_Vsh,5-15,1.1086413591546733,57,1.1116915683153972,WLS,47,0.003050209160723849
3,UPFC_tsh,5-15,-0.2413199892878729,57,-0.24127632818086714,WLS,47,4.3661107005765754e-05
4,UPFC_Vse,5-15,0.06226520922206085,57,0.06157371273501352,WLS,47,0.0006914964870473328
5,UPFC_tse,5-15,-2.1840494640990964,57,-2.173806745596809,WLS,47,0.010242718502287307
0,x_tcsc,1-14,-0.10130549517213158,58,-0.1013210017993398,WLS,47,1.5506627208214385e-05
1,B_svc,2,0.1705771362917568,58,0.17066003762868956,WLS,47,8.290133693275581e-05
2,UPFC_Vsh,5-15,1.108969627583733,58,1.1116915683153972,WLS,47,0.0027219407316640964
3,UPFC_tsh,5-15,-0.2412556739925815,58,-0.24127632818086714,WLS,47,2.0654188285645914e-05
4,UPFC_Vse,5-15,0.06246843176440476,58,0.06157371273501352,WLS,47,0.0008947190293912416
5,UPFC_tse,5-15,-2.1859172775253244,58,-2.173806745596809,WLS,47,0.0121105319285153
0,x_tcsc,1-14,-0.10129647497972169,59,-0.1013210017993398,WLS,47,2.4526819618106432e-05
1,B_svc,2,0.1706045512396612,59,0.17066003762868956,WLS,47,5.548638902835856e-05
2,UPFC_Vsh,5-15,1.1085233233683633,59,1.1116915683153972,WLS,47,0.003168244947033827
3,UPFC_tsh,5-15,-0.24128449350431372,59,-0.24127632818086714,WLS,47,8.165323446579498e-06
4,UPFC_Vse,5-15,0.0624569550734981,59,0.06157371273501352,WLS,47,0.00088324233848458
5,UPFC_tse,5-15,-2.1874174737901866,59,-2.173806745596809,WLS,47,0.013610728193377497
0,x_tcsc,1-14,-0.10129765525294124,60,-0.1013210017993398,WLS,47,2.334654639855882e-05
1,B_svc,2,0.17124947003068955,60,0.17066003762868956,WLS,47,0.0005894324019999897
2,UPFC_Vsh,5-15,1.1084379949811827,60,1.1116915683153972,WLS,47,0.003253573334214499
3,UPFC_tsh,5-15,-0.24139620018954722,60,-0.24127632818086714,WLS,47,0.00011987200868007752
4,UPFC_Vse,5-15,0.06236807234441559,60,0.06157371273501352,WLS,47,0.0007943596094020719
5,UPFC_tse,5-15,-2.187971600451551,60,-2.173806745596809,WLS,47,0.014164854854741726
0,x_tcsc,1-14,-0.10131632628422393,61,-0.1013210017993398,WLS,47,4.675515115862283e-06
1,B_svc,2,0.17065249402861207,61,0.17066003762868956,WLS,47,7.543600077486445e-06
2,UPFC_Vsh,5-15,1.1089311913893791,61,1.1116915683153972,WLS,47,0.002760376926018049
3,UPFC_tsh,5-15,-0.24131084577448167,61,-0.24127632818086714,WLS,47,3.451759361453033e-05
4,UPFC_Vse,5-15,0.06273956616405815,61,0.06157371273501352,WLS,47,0.0011658534290446346
5,UPFC_tse,5-15,-2.1850446260723526,61,-2.173806745596809,WLS,47,0.011237880475543527
0,x_tcsc,1-14,-0.10130691174393969,62,-0.1013210017993398,WLS,47,1.4090055400109436e-05
1,B_svc,2,0.17030251292095056,62,0.17066003762868956,WLS,47,0.00035752470773900424
2,UPFC_Vsh,5-15,1.1088223479696366,62,1.1116915683153972,WLS,47,0.002869220345760537
3,UPFC_tsh,5-15,-0.24129387886498824,62,-0.24127632818086714,WLS,47,1.755068412109817e-05
4,UPFC_Vse,5-15,0.06229437903725085,62,0.06157371273501352,WLS,47,0.0007206663022373341
5,UPFC_tse,5-15,-2.1890022365166297,62,-2.173806745596809,WLS,47,0.015195490919820642
0,x_tcsc,1-14,-0.1012956878850024,63,-0.1013210017993398,WLS,47,2.5313914337396493e-05
1,B_svc,2,0.1705400664131239,63,0.17066003762868956,WLS,47,0.00011997121556567292
2,UPFC_Vsh,5-15,1.1087024599156656,63,1.1116915683153972,WLS,47,0.0029891083997315437
3,UPFC_tsh,5-15,-0.24127423073543655,63,-0.24127632818086714,WLS,47,2.0974454305877632e-06
4,UPFC_Vse,5-15,0.062102187804840336,63,0.06157371273501352,WLS,47,0.0005284750698268184
5,UPFC_tse,5-15,-2.187236537925237,63,-2.173806745596809,WLS,47,0.013429792328428114
0,x_tcsc,1-14,-0.10129475364841099,64,-0.1013210017993398,WLS,47,2.6248150928803726e-05
1,B_svc,2,0.17073821244047746,64,0.17066003762868956,WLS,47,7.817481178790109e-05
2,UPFC_Vsh,5-15,1.1085796619685861,64,1.1116915683153972,WLS,47,0.003111906346811022
3,UPFC_tsh,5-15,-0.24136102782499744,64,-0.24127632818086714,WLS,47,8.469964413029829e-05
4,UPFC_Vse,5-15,0.06235509646192545,64,0.06157371273501352,WLS,47,0.00078138372691193
5,UPFC_tse,5-15,-2.187066587580656,64,-2.173806745596809,WLS,47,0.013259841983846776
0,x_tcsc,1-14,-0.10129429054128751,65,-0.1013210017993398,WLS,47,2.671125805228658e-05
1,B_svc,2,0.17100757451461693,65,0.17066003762868956,WLS,47,0.00034753688592736864
2,UPFC_Vsh,5-15,1.1088476437864019,65,1.1116915683153972,WLS,47,0.0028439245289952897
3,UPFC_tsh,5-15,-0.24130943552567252,65,-0.24127632818086714,WLS,47,3.310734480538313e-05
4,UPFC_Vse,5-15,0.062353780977370335,65,0.06157371273501352,WLS,47,0.000780068242356817
5,UPFC_tse,5-15,-2.1896965494786693,65,-2.173806745596809,WLS,47,0.01588980388186023
0,x_tcsc,1-14,-0.10129413100821326,66,-0.1013210017993398,WLS,47,2.6870791126537563e-05
1,B_svc,2,0.17090484362108047,66,0.17066003762868956,WLS,47,0.0002448059923909063
2,UPFC_Vsh,5-15,1.1083361750678908,66,1.1116915683153972,WLS,47,0.003355393247506333
3,UPFC_tsh,5-15,-0.24128068603800357,66,-0.24127632818086714,WLS,47,4.3578571364277785e-06
4,UPFC_Vse,5-15,0.06273544226556417,66,0.06157371273501352,WLS,47,0.0011617295305506523
5,UPFC_tse,5-15,-2.184240031853597,66,-2.173806745596809,WLS,47,0.010433286256787966
0,x_tcsc,1-14,-0.1012905694388418,67,-0.1013210017993398,WLS,47,3.0432360498003352e-05
1,B_svc,2,0.17096590039866622,67,0.17066003762868956,WLS,47,0.00030586276997665585
2,UPFC_Vsh,5-15,1.1086804339399754,67,1.1116915683153972,WLS,47,0.0030111343754217756
3,UPFC_tsh,5-15,-0.24131498968991857,67,-0.24127632818086714,WLS,47,3.866150905143528e-05
4,UPFC_Vse,5-15,0.06263826541421309,67,0.06157371273501352,WLS,47,0.001064552679199575
5,UPFC_tse,5-15,-2.186116104656509,67,-2.173806745596809,WLS,47,0.012309359059699876
0,x_tcsc,1-14,-0.10129769808237604,68,-0.1013210017993398,WLS,47,2.330371696375455e-05
1,B_svc,2,0.17096518446520131,68,0.17066003762868956,WLS,47,0.0003051468365117549
2,UPFC_Vsh,5-15,1.108540898023839,68,1.1116915683153972,WLS,47,0.003150670291558244
3,UPFC_tsh,5-15,-0.24125937919318374,68,-0.24127632818086714,WLS,47,1.6948987683396144e-05
4,UPFC_Vse,5-15,0.062080706243630164,68,0.06157371273501352,WLS,47,0.000506993508616646
5,UPFC_tse,5-15,-2.1853978126246716,68,-2.173806745596809,WLS,47,0.0115910670278625
0,x_tcsc,1-14,-0.10130345890713997,69,-0.1013210017993398,WLS,47,1.75428921998233e-05
1,B_svc,2,0.1705122817925072,69,0.17066003762868956,WLS,47,0.00014775583618237276
2,UPFC_Vsh,5-15,1.1087787228420478,69,1.1116915683153972,WLS,47,0.002912845473349357
3,UPFC_tsh,5-15,-0.2412953757484367,69,-0.24127632818086714,WLS,47,1.9047567569568935e-05
4,UPFC_Vse,5-15,0.06193643251909512,69,0.06157371273501352,WLS,47,0.00036271978408160266
5,UPFC_tse,5-15,-2.1872042969388046,69,-2.173806745596809,WLS,47,0.013397551341995495
0,x_tcsc,1-14,-0.1012999083283288,70,-0.1013210017993398,WLS,47,2.1093471010993903e-05
1,B_svc,2,0.1702784467111354,70,0.17066003762868956,WLS,47,0.00038159091755415875
2,UPFC_Vsh,5-15,1.1087201885253957,70,1.1116915683153972,WLS,47,0.002971379790001505
3,UPFC_tsh,5-15,-0.24127258633877208,70,-0.24127632818086714,WLS,47,3.741842095061898e-06
4,UPFC_Vse,5-15,0.062270115148558604,70,0.06157371273501352,WLS,47,0.0006964024135450858
5,UPFC_tse,5-15,-2.1863156278293827,70,-2.173806745596809,WLS,47,0.012508882232573626
0,x_tcsc,1-14,-0.10130385234861007,71,-0.1013210017993398,WLS,47,1.7149450729725402e-05
1,B_svc,2,0.17085777364833052,71,0.17066003762868956,WLS,47,0.00019773601964095944
2,UPFC_Vsh,5-15,1.1087494985616972,71,1.1116915683153972,WLS,47,0.0029420697536999274
3,UPFC_tsh,5-15,-0.24129159381935292,71,-0.24127632818086714,WLS,47,1.5265638485778554e-05
4,UPFC_Vse,5-15,0.06300164880340299,71,0.06157371273501352,WLS,47,0.0014279360683894723
5,UPFC_tse,5-15,-2.1826348220353013,71,-2.173806745596809,WLS,47,0.00882807643849226
0,x_tcsc,1-14,-0.10130541138294175,72,-0.1013210017993398,WLS,47,1.559041639805081e-05
1,B_svc,2,0.17036832577691782,72,0.17066003762868956,WLS,47,0.00029171185177173653
2,UPFC_Vsh,5-15,1.108774051499284,72,1.1116915683153972,WLS,47,0.002917516816113075
3,UPFC_tsh,5-15,-0.24132893798399624,72,-0.24127632818086714,WLS,47,5.260980312910002e-05
4,UPFC_Vse,5-15,0.062303217825486694,72,0.06157371273501352,WLS,47,0.0007295050904731759
5,UPFC_tse,5-15,-2.1877630265900687,72,-2.173806745596809,WLS,47,0.013956280993259629
0,x_tcsc,1-14,-0.10130495749478813,73,-0.1013210017993398,WLS,47,1.6044304551668387e-05
1,B_svc,2,0.17122357384232234,73,0.17066003762868956,WLS,47,0.0005635362136327815
2,UPFC_Vsh,5-15,1.1086635813732126,73,1.1116915683153972,WLS,47,0.003027986942184535
3,UPFC_tsh,5-15,-0.2412795795370053,73,-0.24127632818086714,WLS,47,3.2513561381564138e-06
4,UPFC_Vse,5-15,0.06243353400793039,73,0.06157371273501352,WLS,47,0.0008598212729168733
5,UPFC_tse,5-15,-2.1875482191101927,73,-2.173806745596809,WLS,47,0.013741473513383617
0,x_tcsc,1-14,-0.1013036977236926,74,-0.1013210017993398,WLS,47,1.7304075647192607e-05
1,B_svc,2,0.1710674947274193,74,0.17066003762868956,WLS,47,0.00040745709872974656
2,UPFC_Vsh,5-15,1.1086763449681873,74,1.1116915683153972,WLS,47,0.0030152233472098278
3,UPFC_tsh,5-15,-0.24136501914166247,74,-0.24127632818086714,WLS,47,8.869096079533456e-05
4,UPFC_Vse,5-15,0.062429091000431675,74,0.06157371273501352,WLS,47,0.0008553782654181566
5,UPFC_tse,5-15,-2.187975683863983,74,-2.173806745596809,WLS,47,0.014168938267173914
0,x_tcsc,1-14,-0.10129735652039726,75,-0.1013210017993398,WLS,47,2.3645278942538428e-05
1,B_svc,2,0.17110249983942802,75,0.17066003762868956,WLS,47,0.00044246221073845904
2,UPFC_Vsh,5-15,1.108567593484591,75,1.1116915683153972,WLS,47,0.0031239748308060644
3,UPFC_tsh,5-15,-0.24126755135592223,75,-0.24127632818086714,WLS,47,8.776824944906059e-06
4,UPFC_Vse,5-15,0.06239622111644087,75,0.06157371273501352,WLS,47,0.0008225083814273546
5,UPFC_tse,5-15,-2.189378301688566,75,-2.173806745596809,WLS,47,0.015571556091757088
0,x_tcsc,1-14,-0.1012909254571923,76,-0.1013210017993398,WLS,47,3.0076342147494772e-05
1,B_svc,2,0.17139465453343894,76,0.17066003762868956,WLS,47,0.00073461690474938
2,UPFC_Vsh,5-15,1.1088121193285896,76,1.1116915683153972,WLS,47,0.0028794489868075868
3,UPFC_tsh,5-15,-0.24132652539934638,76,-0.24127632818086714,WLS,47,5.019721847923653e-05
4,UPFC_Vse,5-15,0.06226871851288339,76,0.06157371273501352,WLS,47,0.0006950057778698712
5,UPFC_tse,5-15,-2.184634312501327,76,-2.173806745596809,WLS,47,0.010827566904517916
0,x_tcsc,1-14,-0.10130331334208763,77,-0.1013210017993398,WLS,47,1.76884572521685e-05
1,B_svc,2,0.1704786462065011,77,0.17066003762868956,WLS,47,0.00018139142218845383
2,UPFC_Vsh,5-15,1.1090548012382024,77,1.1116915683153972,WLS,47,0.002636767077194735
3,UPFC_tsh,5-15,-0.2412668031482454,77,-0.24127632818086714,WLS,47,9.525032621748863e-06
4,UPFC_Vse,5-15,0.06269290644313422,77,0.06157371273501352,WLS,47,0.0011191937081206985
5,UPFC_tse,5-15,-2.1851938855850963,77,-2.173806745596809,WLS,47,0.01138713998828722
0,x_tcsc,1-14,-0.10129451305338905,78,-0.1013210017993398,WLS,47,2.648874595075068e-05
1,B_svc,2,0.17060246977252166,78,0.17066003762868956,WLS,47,5.756785616789495e-05
2,UPFC_Vsh,5-15,1.1084918802073196,78,1.1116915683153972,WLS,47,0.0031996881080775808
3,UPFC_tsh,5-15,-0.24130990600255095,78,-0.24127632818086714,WLS,47,3.357782168381118e-05
4,UPFC_Vse,5-15,0.06283987789742851,78,0.06157371273501352,WLS,47,0.0012661651624149908
5,UPFC_tse,5-15,-2.185063906357751,78,-2.173806745596809,WLS,47,0.011257160760941964
0,x_tcsc,1-14,-0.10130142397203915,79,-0.1013210017993398,WLS,47,1.9577827300651385e-05
1,B_svc,2,0.17104920882088026,79,0.17066003762868956,WLS,47,0.0003891711921907015
2,UPFC_Vsh,5-15,1.1083797602009784,79,1.1116915683153972,WLS,47,0.0033118081144187794
3,UPFC_tsh,5-15,-0.24128115733201513,79,-0.24127632818086714,WLS,47,4.829151147994759e-06
4,UPFC_Vse,5-15,0.06209309422229176,79,0.06157371273501352,WLS,47,0.0005193814872782448
5,UPFC_tse,5-15,-2.185845067045931,79,-2.173806745596809,WLS,47,0.01203832144912198
0,x_tcsc,1-14,-0.10129086309264679,80,-0.1013210017993398,WLS,47,3.0138706693008666e-05
1,B_svc,2,0.1712955907250354,80,0.17066003762868956,WLS,47,0.0006355530963458311
2,UPFC_Vsh,5-15,1.1087394109876214,80,1.1116915683153972,WLS,47,0.002952157327775762
3,UPFC_tsh,5-15,-0.24139208121962916,80,-0.24127632818086714,WLS,47,0.00011575303876201759
4,UPFC_Vse,5-15,0.06255187839210954,80,0.06157371273501352,WLS,47,0.0009781656570960265
5,UPFC_tse,5-15,-2.189773564944443,80,-2.173806745596809,WLS,47,0.015966819347633887
0,x_tcsc,1-14,-0.10130339348497147,81,-0.1013210017993398,WLS,47,1.760831436832533e-05
1,B_svc,2,0.1707805310057208,81,0.17066003762868956,WLS,47,0.00012049337703123886
2,UPFC_Vsh,5-15,1.1089229265078877,81,1.1116915683153972,WLS,47,0.0027686418075094643
3,UPFC_tsh,5-15,-0.2412545488465964,81,-0.24127632818086714,WLS,47,2.1779334270749517e-05
4,UPFC_Vse,5-15,0.061944685767909145,81,0.06157371273501352,WLS,47,0.00037097303289562733
5,UPFC_tse,5-15,-2.188454722974103,81,-2.173806745596809,WLS,47,0.014647977377293842
0,x_tcsc,1-14,-0.10128806704772893,82,-0.1013210017993398,WLS,47,3.293475161086912e-05
1,B_svc,2,0.171132142765913,82,0.17066003762868956,WLS,47,0.0004721051372234275
2,UPFC_Vsh,5-15,1.1089089975795066,82,1.1116915683153972,WLS,47,0.0027825707358906104
3,UPFC_tsh,5-15,-0.24128979661653893,82,-0.24127632818086714,WLS,47,1.34684356717929e-05
4,UPFC_Vse,5-15,0.06298837875197627,82,0.06157371273501352,WLS,47,0.0014146660169627526
5,UPFC_tse,5-15,-2.1853286762376536,82,-2.173806745596809,WLS,47,0.011521930640844502
0,x_tcsc,1-14,-0.10129361814655782,83,-0.1013210017993398,WLS,47,2.738365278197319e-05
1,B_svc,2,0.1712669018005001,83,0.17066003762868956,WLS,47,0.0006068641718105505
2,UPFC_Vsh,5-15,1.1091078199155124,83,1.1116915683153972,WLS,47,0.0025837483998847333
3,UPFC_tsh,5-15,-0.2412857050365972,83,-0.24127632818086714,WLS,47,9.376855730047762e-06
4,UPFC_Vse,5-15,0.06239060328554765,83,0.06157371273501352,WLS,47,0.0008168905505341328
5,UPFC_tse,5-15,-2.1904893502610214,83,-2.173806745596809,WLS,47,0.01668260466421234
0,x_tcsc,1-14,-0.10129944607807681,84,-0.1013210017993398,WLS,47,2.1555721262986327e-05
1,B_svc,2,0.17075739012996735,84,0.17066003762868956,WLS,47,9.735250127779205e-05
2,UPFC_Vsh,5-15,1.1086770708066696,84,1.1116915683153972,WLS,47,0.0030144975087276205
3,UPFC_tsh,5-15,-0.24132078793915956,84,-0.24127632818086714,WLS,47,4.4459758292425544e-05
4,UPFC_Vse,5-15,0.06268806908228221,84,0.06157371273501352,WLS,47,0.0011143563472686899
5,UPFC_tse,5-15,-2.186815409317861,84,-2.173806745596809,WLS,47,0.013008663721052027
0,x_tcsc,1-14,-0.10128720154845616,85,-0.1013210017993398,WLS,47,3.380025088363381e-05
1,B_svc,2,0.1710263889818712,85,0.17066003762868956,WLS,47,0.0003663513531816376
2,UPFC_Vsh,5-15,1.108665141362209,85,1.1116915683153972,WLS,47,0.0030264269531881105
3,UPFC_tsh,5-15,-0.24127347746273595,85,-0.24127632818086714,WLS,47,2.850718131192087e-06
4,UPFC_Vse,5-15,0.062103205621342514,85,0.06157371273501352,WLS,47,0.0005294928863289958
5,UPFC_tse,5-15,-2.188818661775546,85,-2.173806745596809,WLS,47,0.015011916178736762
0,x_tcsc,1-14,-0.10131004008154706,86,-0.1013210017993398,WLS,47,1.0961717792731807e-05
1,B_svc,2,0.17108804196451574,86,0.17066003762868956,WLS,47,0.000428004335826182
2,UPFC_Vsh,5-15,1.108678129142031,86,1.1116915683153972,WLS,47,0.0030134391733662724
3,UPFC_tsh,5-15,-0.24136489401075592,86,-0.24127632818086714,WLS,47,8.856582988878148e-05
4,UPFC_Vse,5-15,0.06198304109476058,86,0.06157371273501352,WLS,47,0.000409328359747059
5,UPFC_tse,5-15,-2.1884358366147945,86,-2.173806745596809,WLS,47,0.014629091017985374
0,x_tcsc,1-14,-0.1013054027274405,87,-0.1013210017993398,WLS,47,1.55990718992971e-05
1,B_svc,2,0.17069619576771985,87,0.17066003762868956,WLS,47,3.615813903029563e-05
2,UPFC_Vsh,5-15,1.1091450953593336,87,1.1116915683153972,WLS,47,0.0025464729560635835
3,UPFC_tsh,5-15,-0.24120629385936715,87,-0.24127632818086714,WLS,47,7.00343214999899e-05
4,UPFC_Vse,5-15,0.06260008791240117,87,0.06157371273501352,WLS,47,0.0010263751773876492
5,UPFC_tse,5-15,-2.1873309447988083,87,-2.173806745596809,WLS,47,0.01352419920199921
0,x_tcsc,1-14,-0.10129269305629884,88,-0.1013210017993398,WLS,47,2.8308743040952877e-05
1,B_svc,2,0.17115191113442688,88,0.17066003762868956,WLS,47,0.0004918735057373169
2,UPFC_Vsh,5-15,1.108753261097487,88,1.1116915683153972,WLS,47,0.0029383072179101077
3,UPFC_tsh,5-15,-0.2412824818632672,88,-0.24127632818086714,WLS,47,6.153682400061866e-06
4,UPFC_Vse,5-15,0.0620980199740203,88,0.06157371273501352,WLS,47,0.0005243072390067813
5,UPFC_tse,5-15,-2.1848398493514614,88,-2.173806745596809,WLS,47,0.011033103754652274
0,x_tcsc,1-14,-0.10129326218678564,89,-0.1013210017993398,WLS,47,2.773961255415902e-05
1,B_svc,2,0.17072205475536126,89,0.17066003762868956,WLS,47,6.201712667169845e-05
2,UPFC_Vsh,5-15,1.1086505603262584,89,1.1116915683153972,WLS,47,0.0030410079891387554
3,UPFC_tsh,5-15,-0.24133917373844566,89,-0.24127632818086714,WLS,47,6.284555757851695e-05
4,UPFC_Vse,5-15,0.06222196728760422,89,0.06157371273501352,WLS,47,0.0006482545525907032
5,UPFC_tse,5-15,-2.1859182237794603,89,-2.173806745596809,WLS,47,0.012111478182651236
0,x_tcsc,1-14,-0.10129205199894666,90,-0.1013210017993398,WLS,47,2.894980039314099e-05
1,B_svc,2,0.1706860417927928,90,0.17066003762868956,WLS,47,2.6004164103227145e-05
2,UPFC_Vsh,5-15,1.10885737799195,90,1.1116915683153972,WLS,47,0.0028341903234472277
3,UPFC_tsh,5-15,-0.24131846016642008,90,-0.24127632818086714,WLS,47,4.213198555294562e-05
4,UPFC_Vse,5-15,0.06239796311320737,90,0.06157371273501352,WLS,47,0.0008242503781938498
5,UPFC_tse,5-15,-2.186851158395146,90,-2.173806745596809,WLS,47,0.013044412798337124
0,x_tcsc,1-14,-0.10128104153711952,91,-0.1013210017993398,WLS,47,3.996026222027882e-05
1,B_svc,2,0.1713143389979991,91,0.17066003762868956,WLS,47,0.0006543013693095512
2,UPFC_Vsh,5-15,1.1088257496314329,91,1.1116915683153972,WLS,47,0.002865818683964294
3,UPFC_tsh,5-15,-0.24130107535659548,91,-0.24127632818086714,WLS,47,2.4747175728340176e-05
4,UPFC_Vse,5-15,0.06261586357973921,91,0.06157371273501352,WLS,47,0.0010421508447256908
5,UPFC_tse,5-15,-2.183227151707259,91,-2.173806745596809,WLS,47,0.009420406110449697
0,x_tcsc,1-14,-0.10130155499450257,92,-0.1013210017993398,WLS,47,1.9446804837230935e-05
1,B_svc,2,0.1710080056552829,92,0.17066003762868956,WLS,47,0.0003479680265933427
2,UPFC_Vsh,5-15,1.1087778274624813,92,1.1116915683153972,WLS,47,0.002913740852915847
3,UPFC_tsh,5-15,-0.24133755920838912,92,-0.24127632818086714,WLS,47,6.123102752197962e-05
4,UPFC_Vse,5-15,0.0628171087002913,92,0.06157371273501352,WLS,47,0.0012433959652777757
5,UPFC_tse,5-15,-2.1834130972048897,92,-2.173806745596809,WLS,47,0.009606351608080654
0,x_tcsc,1-14,-0.1013035491302876,93,-0.1013210017993398,WLS,47,1.7452669052189784e-05
1,B_svc,2,0.17041585784196156,93,0.17066003762868956,WLS,47,0.00024417978672799934
2,UPFC_Vsh,5-15,1.1089614369638119,93,1.1116915683153972,WLS,47,0.0027301313515852854
3,UPFC_tsh,5-15,-0.24123984576906007,93,-0.24127632818086714,WLS,47,3.648241180706502e-05
4,UPFC_Vse,5-15,0.062154141172350415,93,0.06157371273501352,WLS,47,0.0005804284373368968
5,UPFC_tse,5-15,-2.1875464621434806,93,-2.173806745596809,WLS,47,0.013739716546671499
0,x_tcsc,1-14,-0.10128010552265321,94,-0.1013210017993398,WLS,47,4.0896276686588906e-05
1,B_svc,2,0.17102948081906627,94,0.17066003762868956,WLS,47,0.00036944319037671147
2,UPFC_Vsh,5-15,1.1087064611475097,94,1.1116915683153972,WLS,47,0.0029851071678874685
3,UPFC_tsh,5-15,-0.24130721528658325,94,-0.24127632818086714,WLS,47,3.088710571610975e-05
4,UPFC_Vse,5-15,0.0625361232631307,94,0.06157371273501352,WLS,47,0.0009624105281171788
5,UPFC_tse,5-15,-2.1852632520453836,94,-2.173806745596809,WLS,47,0.011456506448574544
0,x_tcsc,1-14,-0.10129952553152255,95,-0.1013210017993398,WLS,47,2.1476267817246986e-05
1,B_svc,2,0.1710482371129203,95,0.17066003762868956,WLS,47,0.0003881994842307446
2,UPFC_Vsh,5-15,1.108490697980337,95,1.1116915683153972,WLS,47,0.003200870335060113
3,UPFC_tsh,5-15,-0.24134535320379508,95,-0.24127632818086714,WLS,47,6.902502292793766e-05
4,UPFC_Vse,5-15,0.06272462082923283,95,0.06157371273501352,WLS,47,0.001150908094219312
5,UPFC_tse,5-15,-2.1867416487045785,95,-2.173806745596809,WLS,47,0.012934903107769458
0,x_tcsc,1-14,-0.10130759630697067,96,-0.1013210017993398,WLS,47,1.3405492369125693e-05
1,B_svc,2,0.17076226284255905,96,0.17066003762868956,WLS,47,0.00010222521386948902
2,UPFC_Vsh,5-15,1.1087046054370746,96,1.1116915683153972,WLS,47,0.0029869628783225632
3,UPFC_tsh,5-15,-0.24132616679040783,96,-0.24127632818086714,WLS,47,4.983860954069219e-05
4,UPFC_Vse,5-15,0.06254219445670774,96,0.06157371273501352,WLS,47,0.0009684817216942185
5,UPFC_tse,5-15,-2.1863917920283753,96,-2.173806745596809,WLS,47,0.012585046431566216
0,x_tcsc,1-14,-0.10130199719390649,97,-0.1013210017993398,WLS,47,1.9004605433303734e-05
1,B_svc,2,0.17094723818141003,97,0.17066003762868956,WLS,47,0.00028720055272046796
2,UPFC_Vsh,5-15,1.1090480321818466,97,1.1116915683153972,WLS,47,0.002643536133550617
3,UPFC_tsh,5-15,-0.24134083097056944,97,-0.24127632818086714,WLS,47,6.450278970229761e-05
4,UPFC_Vse,5-15,0.06303638535624924,97,0.06157371273501352,WLS,47,0.0014626726212357208
5,UPFC_tse,5-15,-2.188268498463366,97,-2.173806745596809,WLS,47,0.014461752866556932
0,x_tcsc,1-14,-0.10128354112757995,98,-0.1013210017993398,WLS,47,3.746067175984524e-05
1,B_svc,2,0.1711224127065207,98,0.17066003762868956,WLS,47,0.0004623750778311453
2,UPFC_Vsh,5-15,1.1084944316617509,98,1.1116915683153972,WLS,47,0.003197136653646293
3,UPFC_tsh,5-15,-0.24136632218218815,98,-0.24127632818086714,WLS,47,8.999400132100877e-05
4,UPFC_Vse,5-15,0.06250781320897464,98,0.06157371273501352,WLS,47,0.0009341004739611206
5,UPFC_tse,5-15,-2.188545319826838,98,-2.173806745596809,WLS,47,0.014738574230028778
0,x_tcsc,1-14,-0.10131465284752757,99,-0.1013210017993398,WLS,47,6.3489518122294974e-06
1,B_svc,2,0.1709917321060322,99,0.17066003762868956,WLS,47,0.00033169447734263113
2,UPFC_Vsh,5-15,1.1087180824309997,99,1.1116915683153972,WLS,47,0.0029734858843974976
3,UPFC_tsh,5-15,-0.24126293645808292,99,-0.24127632818086714,WLS,47,1.3391722784222848e-05
4,UPFC_Vse,5-15,0.06236217510596063,99,0.06157371273501352,WLS,47,0.00078846237094711
5,UPFC_tse,5-15,-2.1848629066874583,99,-2.173806745596809,WLS,47,0.01105616109064922
0,x_tcsc,1-14,-0.10123742488387175,0,-0.10125275692686818,WLS,49,1.533204299643265e-05
1,B_svc,2,0.1698293930615742,0,0.1701011310761069,WLS,49,0.0002717380145326742
2,UPFC_Vsh,5-15,1.1089401806020602,0,1.1111356553452798,WLS,49,0.002195474743219572
3,UPFC_tsh,5-15,-0.24123809200828983,0,-0.24128082034855702,WLS,49,4.2728340267195186e-05
4,UPFC_Vse,5-15,0.06255705741999287,0,0.06207548655607561,WLS,49,0.0004815708639172647
5,UPFC_tse,5-15,-2.1890346604909396,0,-2.17964137895095,WLS,49,0.00939328153998975
0,x_tcsc,1-14,-0.10124786143662123,1,-0.10125275692686818,WLS,49,4.895490246945022e-06
1,B_svc,2,0.17005116485662594,1,0.1701011310761069,WLS,49,4.996621948094582e-05
2,UPFC_Vsh,5-15,1.1085673767933544,1,1.1111356553452798,WLS,49,0.002568278551925429
3,UPFC_tsh,5-15,-0.24125179729578183,1,-0.24128082034855702,WLS,49,2.9023052775190017e-05
4,UPFC_Vse,5-15,0.06280075822100113,1,0.06207548655607561,WLS,49,0.0007252716649255239
5,UPFC_tse,5-15,-2.185849277129653,1,-2.17964137895095,WLS,49,0.006207898178703264
0,x_tcsc,1-14,-0.10125285486136452,2,-0.10125275692686818,WLS,49,9.793449634587503e-08
1,B_svc,2,0.1700745758877335,2,0.1701011310761069,WLS,49,2.6555188373383887e-05
2,UPFC_Vsh,5-15,1.1088660651964695,2,1.1111356553452798,WLS,49,0.002269590148810341
3,UPFC_tsh,5-15,-0.24129032082991309,2,-0.24128082034855702,WLS,49,9.50048135606174e-06
4,UPFC_Vse,5-15,0.06280352301301821,2,0.06207548655607561,WLS,49,0.0007280364569426032
5,UPFC_tse,5-15,-2.1890047262069974,2,-2.17964137895095,WLS,49,0.009363347256047483
0,x_tcsc,1-14,-0.10122662808711833,3,-0.10125275692686818,WLS,49,2.612883974985325e-05
1,B_svc,2,0.17056369272992344,3,0.1701011310761069,WLS,49,0.00046256165381655667
2,UPFC_Vsh,5-15,1.1087485292587231,3,1.1111356553452798,WLS,49,0.002387126086556668
3,UPFC_tsh,5-15,-0.24125654955886555,3,-0.24128082034855702,WLS,49,2.4270789691471784e-05
4,UPFC_Vse,5-15,0.06326343891488667,3,0.06207548655607561,WLS,49,0.0011879523588110633
5,UPFC_tse,5-15,-2.1896608672281594,3,-2.17964137895095,WLS,49,0.010019488277209554
0,x_tcsc,1-14,-0.10123895367487541,4,-0.10125275692686818,WLS,49,1.3803251992766663e-05
1,B_svc,2,0.17032800462934658,4,0.1701011310761069,WLS,49,0.0002268735532396926
2,UPFC_Vsh,5-15,1.1084037320962707,4,1.1111356553452798,WLS,49,0.0027319232490090606
3,UPFC_tsh,5-15,-0.24129438374135667,4,-0.24128082034855702,WLS,49,1.3563392799648133e-05
4,UPFC_Vse,5-15,0.06235045339094302,4,0.06207548655607561,WLS,49,0.0002749668348674128
5,UPFC_tse,5-15,-2.189017839338144,4,-2.17964137895095,WLS,49,0.009376460387194196
0,x_tcsc,1-14,-0.10122852530748323,5,-0.10125275692686818,WLS,49,2.423161938494567e-05
1,B_svc,2,0.17013819223461304,5,0.1701011310761069,WLS,49,3.706115850615754e-05
2,UPFC_Vsh,5-15,1.1089530918668733,5,1.1111356553452798,WLS,49,0.0021825634784065073
3,UPFC_tsh,5-15,-0.24126898580722692,5,-0.24128082034855702,WLS,49,1.1834541330107973e-05
4,UPFC_Vse,5-15,0.06276041187816042,5,0.06207548655607561,WLS,49,0.0006849253220848131
5,UPFC_tse,5-15,-2.1895568455806416,5,-2.17964137895095,WLS,49,0.009915466629691672
0,x_tcsc,1-14,-0.10123215871486245,6,-0.10125275692686818,WLS,49,2.059821200572909e-05
1,B_svc,2,0.16990958191291222,6,0.1701011310761069,WLS,49,0.0001915491631946653
2,UPFC_Vsh,5-15,1.1089954622761515,6,1.1111356553452798,WLS,49,0.002140193069128271
3,UPFC_tsh,5-15,-0.24132645590323085,6,-0.24128082034855702,WLS,49,4.5635554673822964e-05
4,UPFC_Vse,5-15,0.06225528402266065,6,0.06207548655607561,WLS,49,0.0001797974665850438
5,UPFC_tse,5-15,-2.1904211285815527,6,-2.17964137895095,WLS,49,0.010779749630602797
0,x_tcsc,1-14,-0.10122182355409036,7,-0.10125275692686818,WLS,49,3.093337277781938e-05
1,B_svc,2,0.17025297254952676,7,0.1701011310761069,WLS,49,0.00015184147341987253
2,UPFC_Vsh,5-15,1.108580061534212,7,1.1111356553452798,WLS,49,0.0025555938110677356
3,UPFC_tsh,5-15,-0.2412760426502637,7,-0.24128082034855702,WLS,49,4.777698293323418e-06
4,UPFC_Vse,5-15,0.06257037263356864,7,0.06207548655607561,WLS,49,0.0004948860774930328
5,UPFC_tse,5-15,-2.185920045589169,7,-2.17964137895095,WLS,49,0.006278666638219299
0,x_tcsc,1-14,-0.10122588492492944,8,-0.10125275692686818,WLS,49,2.6872001938738066e-05
1,B_svc,2,0.1701668454671673,8,0.1701011310761069,WLS,49,6.571439106040078e-05
2,UPFC_Vsh,5-15,1.1085373722046514,8,1.1111356553452798,WLS,49,0.002598283140628377
3,UPFC_tsh,5-15,-0.2412668240657121,8,-0.24128082034855702,WLS,49,1.3996282844930263e-05
4,UPFC_Vse,5-15,0.06304224915077447,8,0.06207548655607561,WLS,49,0.0009667625946988626
5,UPFC_tse,5-15,-2.184777593886305,8,-2.17964137895095,WLS,49,0.005136214935355099
0,x_tcsc,1-14,-0.10123058876444578,9,-0.10125275692686818,WLS,49,2.216816242239794e-05
1,B_svc,2,0.17011267353014217,9,0.1701011310761069,WLS,49,1.1542454035284866e-05
2,UPFC_Vsh,5-15,1.1083613632653588,9,1.1111356553452798,WLS,49,0.0027742920799209703
3,UPFC_tsh,5-15,-0.24129909106549732,9,-0.24128082034855702,WLS,49,1.827071694029958e-05
4,UPFC_Vse,5-15,0.06260315112532963,9,0.06207548655607561,WLS,49,0.000527664569254023
5,UPFC_tse,5-15,-2.188390944426933,9,-2.17964137895095,WLS,49,0.008749565475983268
0,x_tcsc,1-14,-0.10124477142320354,10,-0.10125275692686818,WLS,49,7.985503664639793e-06
1,B_svc,2,0.1700410919562462,10,0.1701011310761069,WLS,49,6.003911986068866e-05
2,UPFC_Vsh,5-15,1.108712889500237,10,1.1111356553452798,WLS,49,0.0024227658450428624
3,UPFC_tsh,5-15,-0.24129688216332776,10,-0.24128082034855702,WLS,49,1.606181477073476e-05
4,UPFC_Vse,5-15,0.06282797987172693,10,0.06207548655607561,WLS,49,0.0007524933156513244
5,UPFC_tse,5-15,-2.1847155762717287,10,-2.17964137895095,WLS,49,0.0050741973207788504
0,x_tcsc,1-14,-0.10123556952934405,11,-0.10125275692686818,WLS,49,1.718739752412657e-05
1,B_svc,2,0.17054923453262447,11,0.1701011310761069,WLS,49,0.000448103456517579
2,UPFC_Vsh,5-15,1.1084494532349531,11,1.1111356553452798,WLS,49,0.002686202110326663
3,UPFC_tsh,5-15,-0.24125221868755362,11,-0.24128082034855702,WLS,49,2.8601661003407886e-05
4,UPFC_Vse,5-15,0.06289130939702682,11,0.06207548655607561,WLS,49,0.0008158228409512122
5,UPFC_tse,5-15,-2.1880831310233058,11,-2.17964137895095,WLS,49,0.008441752072355868
0,x_tcsc,1-14,-0.10124283715488147,12,-0.10125275692686818,WLS,49,9.919771986707793e-06
1,B_svc,2,0.16993087713985974,12,0.1701011310761069,WLS,49,0.00017025393624714447
2,UPFC_Vsh,5-15,1.1087390895112998,12,1.1111356553452798,WLS,49,0.002396565833979958
3,UPFC_tsh,5-15,-0.24134032726138197,12,-0.24128082034855702,WLS,49,5.950691282494147e-05
4,UPFC_Vse,5-15,0.06338971039439682,12,0.06207548655607561,WLS,49,0.0013142238383212143
5,UPFC_tse,5-15,-2.1857142338820332,12,-2.17964137895095,WLS,49,0.006072854931083338
0,x_tcsc,1-14,-0.10124481354593022,13,-0.10125275692686818,WLS,49,7.9433809379581e-06
1,B_svc,2,0.17028676759297703,13,0.1701011310761069,WLS,49,0.00018563651687014682
2,UPFC_Vsh,5-15,1.1086452785373246,13,1.1111356553452798,WLS,49,0.0024903768079551636
3,UPFC_tsh,5-15,-0.24131547067085285,13,-0.24128082034855702,WLS,49,3.46503222958261e-05
4,UPFC_Vse,5-15,0.06233887376804406,13,0.06207548655607561,WLS,49,0.00026338721196845355
5,UPFC_tse,5-15,-2.191562350180262,13,-2.17964137895095,WLS,49,0.011920971229312016
0,x_tcsc,1-14,-0.10123788283549436,14,-0.10125275692686818,WLS,49,1.4874091373823228e-05
1,B_svc,2,0.16993396440107073,14,0.1701011310761069,WLS,49,0.00016716667503616223
2,UPFC_Vsh,5-15,1.1089645375611743,14,1.1111356553452798,WLS,49,0.002171117784105503
3,UPFC_tsh,5-15,-0.24126322487954596,14,-0.24128082034855702,WLS,49,1.759546901106135e-05
4,UPFC_Vse,5-15,0.0625347937000293,14,0.06207548655607561,WLS,49,0.00045930714395369526
5,UPFC_tse,5-15,-2.1877049884914164,14,-2.17964137895095,WLS,49,0.008063609540466476
0,x_tcsc,1-14,-0.10123172176421347,15,-0.10125275692686818,WLS,49,2.1035162654711725e-05
1,B_svc,2,0.16984906431114655,15,0.1701011310761069,WLS,49,0.0002520667649603403
2,UPFC_Vsh,5-15,1.1088232370401712,15,1.1111356553452798,WLS,49,0.0023124183051086433
3,UPFC_tsh,5-15,-0.241187051226143,15,-0.24128082034855702,WLS,49,9.376912241401691e-05
4,UPFC_Vse,5-15,0.06249604536964266,15,0.06207548655607561,WLS,49,0.0004205588135670485
5,UPFC_tse,5-15,-2.187273418179715,15,-2.17964137895095,WLS,49,0.007632039228765208
0,x_tcsc,1-14,-0.10124550090974886,16,-0.10125275692686818,WLS,49,7.256017119317004e-06
1,B_svc,2,0.17019706820137281,16,0.1701011310761069,WLS,49,9.59371252659269e-05
2,UPFC_Vsh,5-15,1.1088129321663671,16,1.1111356553452798,WLS,49,0.002322723178912689
3,UPFC_tsh,5-15,-0.24126696334802053,16,-0.24128082034855702,WLS,49,1.3857000536493524e-05
4,UPFC_Vse,5-15,0.06217585760862924,16,0.06207548655607561,WLS,49,0.00010037105255362999
5,UPFC_tse,5-15,-2.191547230673516,16,-2.17964137895095,WLS,49,0.011905851722566307
0,x_tcsc,1-14,-0.1012431365468135,17,-0.10125275692686818,WLS,49,9.620380054684019e-06
1,B_svc,2,0.1701730841391598,17,0.1701011310761069,WLS,49,7.195306305290972e-05
2,UPFC_Vsh,5-15,1.1092996854263608,17,1.1111356553452798,WLS,49,0.0018359699189189893
3,UPFC_tsh,5-15,-0.24130202011886254,17,-0.24128082034855702,WLS,49,2.1199770305513344e-05
4,UPFC_Vse,5-15,0.06305619492532473,17,0.06207548655607561,WLS,49,0.0009807083692491211
5,UPFC_tse,5-15,-2.185473821000611,17,-2.17964137895095,WLS,49,0.005832442049661157
0,x_tcsc,1-14,-0.10124552076810121,18,-0.10125275692686818,WLS,49,7.236158766965595e-06
1,B_svc,2,0.16984684556614574,18,0.1701011310761069,WLS,49,0.0002542855099611496
2,UPFC_Vsh,5-15,1.108772309122247,18,1.1111356553452798,WLS,49,0.002363346223032803
3,UPFC_tsh,5-15,-0.24122853701638972,18,-0.24128082034855702,WLS,49,5.228333216730774e-05
4,UPFC_Vse,5-15,0.06264622195715239,18,0.06207548655607561,WLS,49,0.0005707354010767787
5,UPFC_tse,5-15,-2.1891028435588993,18,-2.17964137895095,WLS,49,0.009461464607949388
0,x_tcsc,1-14,-0.10123314113248934,19,-0.10125275692686818,WLS,49,1.961579437884109e-05
1,B_svc,2,0.16971515884410007,19,0.1701011310761069,WLS,49,0.00038597223200681485
2,UPFC_Vsh,5-15,1.1086415171188426,19,1.1111356553452798,WLS,49,0.0024941382264371814
3,UPFC_tsh,5-15,-0.24127915374785697,19,-0.24128082034855702,WLS,49,1.6666007000565308e-06
4,UPFC_Vse,5-15,0.06277636538974618,19,0.06207548655607561,WLS,49,0.0007008788336705721
5,UPFC_tse,5-15,-2.1860098205399074,19,-2.17964137895095,WLS,49,0.006368441588957552
0,x_tcsc,1-14,-0.10123415418834891,20,-0.10125275692686818,WLS,49,1.8602738519266082e-05
1,B_svc,2,0.17038898809890712,20,0.1701011310761069,WLS,49,0.0002878570228002364
2,UPFC_Vsh,5-15,1.1085648173035085,20,1.1111356553452798,WLS,49,0.002570838041771273
3,UPFC_tsh,5-15,-0.24130470730449172,20,-0.24128082034855702,WLS,49,2.3886955934693255e-05
4,UPFC_Vse,5-15,0.06241505111936348,20,0.06207548655607561,WLS,49,0.00033956456328786827
5,UPFC_tse,5-15,-2.189113794700218,20,-2.17964137895095,WLS,49,0.009472415749268048
0,x_tcsc,1-14,-0.10123366296203694,21,-0.10125275692686818,WLS,49,1.9093964831240484e-05
1,B_svc,2,0.17063388299318985,21,0.1701011310761069,WLS,49,0.0005327519170829631
2,UPFC_Vsh,5-15,1.1087872003353998,21,1.1111356553452798,WLS,49,0.0023484550098800128
3,UPFC_tsh,5-15,-0.24130513950521434,21,-0.24128082034855702,WLS,49,2.4319156657320873e-05
4,UPFC_Vse,5-15,0.06256319848812439,21,0.06207548655607561,WLS,49,0.0004877119320487802
5,UPFC_tse,5-15,-2.1895049498161447,21,-2.17964137895095,WLS,49,0.009863570865194848
0,x_tcsc,1-14,-0.1012444590053131,22,-0.10125275692686818,WLS,49,8.297921555072696e-06
1,B_svc,2,0.1698892731110415,22,0.1701011310761069,WLS,49,0.00021185796506539845
2,UPFC_Vsh,5-15,1.1086702016056529,22,1.1111356553452798,WLS,49,0.0024654537396269216
3,UPFC_tsh,5-15,-0.2412931717202732,22,-0.24128082034855702,WLS,49,1.2351371716179393e-05
4,UPFC_Vse,5-15,0.06269915570570436,22,0.06207548655607561,WLS,49,0.0006236691496287541
5,UPFC_tse,5-15,-2.187558510383044,22,-2.17964137895095,WLS,49,0.007917131432094049
0,x_tcsc,1-14,-0.10123770013265215,23,-0.10125275692686818,WLS,49,1.5056794216025682e-05
1,B_svc,2,0.17059311368069438,23,0.1701011310761069,WLS,49,0.0004919826045874931
2,UPFC_Vsh,5-15,1.1086523186295385,23,1.1111356553452798,WLS,49,0.002483336715741302
3,UPFC_tsh,5-15,-0.24128422232675203,23,-0.24128082034855702,WLS,49,3.4019781950112016e-06
4,UPFC_Vse,5-15,0.06257890457001794,23,0.06207548655607561,WLS,49,0.0005034180139423319
5,UPFC_tse,5-15,-2.189345707296624,23,-2.17964137895095,WLS,49,0.009704328345673918
0,x_tcsc,1-14,-0.10123021698340331,24,-0.10125275692686818,WLS,49,2.2539943464863765e-05
1,B_svc,2,0.17045145950635135,24,0.1701011310761069,WLS,49,0.00035032843024446203
2,UPFC_Vsh,5-15,1.108906221807793,24,1.1111356553452798,WLS,49,0.0022294335374868357
3,UPFC_tsh,5-15,-0.2412644167783251,24,-0.24128082034855702,WLS,49,1.640357023191541e-05
4,UPFC_Vse,5-15,0.06291108084478172,24,0.06207548655607561,WLS,49,0.0008355942887061166
5,UPFC_tse,5-15,-2.1906683407899834,24,-2.17964137895095,WLS,49,0.011026961839033511
0,x_tcsc,1-14,-0.10123203362160789,25,-0.10125275692686818,WLS,49,2.0723305260289537e-05
1,B_svc,2,0.17053591553385938,25,0.1701011310761069,WLS,49,0.0004347844577524962
2,UPFC_Vsh,5-15,1.109009443619612,25,1.1111356553452798,WLS,49,0.002126211725667737
3,UPFC_tsh,5-15,-0.24126083638846077,25,-0.24128082034855702,WLS,49,1.9983960096253695e-05
4,UPFC_Vse,5-15,0.06267530535819281,25,0.06207548655607561,WLS,49,0.000599818802117201
5,UPFC_tse,5-15,-2.1893388964384792,25,-2.17964137895095,WLS,49,0.009697517487529339
0,x_tcsc,1-14,-0.10124218667997827,26,-0.10125275692686818,WLS,49,1.0570246889912704e-05
1,B_svc,2,0.17034349430685905,26,0.1701011310761069,WLS,49,0.00024236323075216282
2,UPFC_Vsh,5-15,1.1087338370724387,26,1.1111356553452798,WLS,49,0.0024018182728411386
3,UPFC_tsh,5-15,-0.2412868569215565,26,-0.24128082034855702,WLS,49,6.036572999468248e-06
4,UPFC_Vse,5-15,0.06226150857140349,26,0.06207548655607561,WLS,49,0.00018602201532787882
5,UPFC_tse,5-15,-2.187398976873841,26,-2.17964137895095,WLS,49,0.007757597922890991
0,x_tcsc,1-14,-0.10124130279496157,27,-0.10125275692686818,WLS,49,1.1454131906604714e-05
1,B_svc,2,0.1700962036439889,27,0.1701011310761069,WLS,49,4.927432117995956e-06
2,UPFC_Vsh,5-15,1.1088737666897597,27,1.1111356553452798,WLS,49,0.002261888655520128
3,UPFC_tsh,5-15,-0.24124022835035966,27,-0.24128082034855702,WLS,49,4.059199819736459e-05
4,UPFC_Vse,5-15,0.062320613176969665,27,0.06207548655607561,WLS,49,0.0002451266208940567
5,UPFC_tse,5-15,-2.192043641072382,27,-2.17964137895095,WLS,49,0.012402262121431917
0,x_tcsc,1-14,-0.10123324473727367,28,-0.10125275692686818,WLS,49,1.951218959450607e-05
1,B_svc,2,0.1701814471003265,28,0.1701011310761069,WLS,49,8.031602421962325e-05
2,UPFC_Vsh,5-15,1.1086828672044686,28,1.1111356553452798,WLS,49,0.0024527881408111796
3,UPFC_tsh,5-15,-0.24133993038353702,28,-0.24128082034855702,WLS,49,5.911003497999223e-05
4,UPFC_Vse,5-15,0.06276051569520916,28,0.06207548655607561,WLS,49,0.0006850291391335486
5,UPFC_tse,5-15,-2.1890898332664466,28,-2.17964137895095,WLS,49,0.00944845431549668
0,x_tcsc,1-14,-0.10123109303700087,29,-0.10125275692686818,WLS,49,2.1663889867309938e-05
1,B_svc,2,0.1700999111364666,29,0.1701011310761069,WLS,49,1.2199396402789997e-06
2,UPFC_Vsh,5-15,1.1085462636304357,29,1.1111356553452798,WLS,49,0.0025893917148440693
3,UPFC_tsh,5-15,-0.2412620681245065,29,-0.24128082034855702,WLS,49,1.8752224050511135e-05
4,UPFC_Vse,5-15,0.06250998660056606,29,0.06207548655607561,WLS,49,0.0004345000444904504
5,UPFC_tse,5-15,-2.1913782136523485,29,-2.17964137895095,WLS,49,0.011736834701398635
0,x_tcsc,1-14,-0.10123622569222648,30,-0.10125275692686818,WLS,49,1.6531234641695147e-05
1,B_svc,2,0.1701302518136265,30,0.1701011310761069,WLS,49,2.9120737519622297e-05
2,UPFC_Vsh,5-15,1.1087335229471578,30,1.1111356553452798,WLS,49,0.0024021323981220366
3,UPFC_tsh,5-15,-0.24121543905444112,30,-0.24128082034855702,WLS,49,6.538129411590154e-05
4,UPFC_Vse,5-15,0.06301638255561588,30,0.06207548655607561,WLS,49,0.0009408959995402741
5,UPFC_tse,5-15,-2.189474995629974,30,-2.17964137895095,WLS,49,0.00983361667902427
0,x_tcsc,1-14,-0.10122706344707608,31,-0.10125275692686818,WLS,49,2.5693479792102125e-05
1,B_svc,2,0.16997480693151526,31,0.1701011310761069,WLS,49,0.00012632414459162744
2,UPFC_Vsh,5-15,1.1088631202692205,31,1.1111356553452798,WLS,49,0.00227253507605929
3,UPFC_tsh,5-15,-0.24132169773888495,31,-0.24128082034855702,WLS,49,4.087739032793136e-05
4,UPFC_Vse,5-15,0.0628489035793466,31,0.06207548655607561,WLS,49,0.0007734170232709878
5,UPFC_tse,5-15,-2.189231089533079,31,-2.17964137895095,WLS,49,0.009589710582129207
0,x_tcsc,1-14,-0.10123086025906845,32,-0.10125275692686818,WLS,49,2.1896667799725655e-05
1,B_svc,2,0.17031599616761015,32,0.1701011310761069,WLS,49,0.00021486509150325794
2,UPFC_Vsh,5-15,1.108897148320273,32,1.1111356553452798,WLS,49,0.0022385070250068306
3,UPFC_tsh,5-15,-0.2412048281383199,32,-0.24128082034855702,WLS,49,7.599221023713021e-05
4,UPFC_Vse,5-15,0.06275406924691557,32,0.06207548655607561,WLS,49,0.0006785826908399586
5,UPFC_tse,5-15,-2.1875523104064416,32,-2.17964137895095,WLS,49,0.00791093145549171
0,x_tcsc,1-14,-0.10124893525291641,33,-0.10125275692686818,WLS,49,3.821673951770466e-06
1,B_svc,2,0.16984370756957826,33,0.1701011310761069,WLS,49,0.0002574235065286312
2,UPFC_Vsh,5-15,1.1087393206035603,33,1.1111356553452798,WLS,49,0.002396334741719519
3,UPFC_tsh,5-15,-0.24133261553631463,33,-0.24128082034855702,WLS,49,5.1795187757608385e-05
4,UPFC_Vse,5-15,0.06246908718196213,33,0.06207548655607561,WLS,49,0.00039360062588652406
5,UPFC_tse,5-15,-2.189043202170164,33,-2.17964137895095,WLS,49,0.009401823219214123
0,x_tcsc,1-14,-0.10123418223726977,34,-0.10125275692686818,WLS,49,1.8574689598413463e-05
1,B_svc,2,0.17030231027279022,34,0.1701011310761069,WLS,49,0.00020117919668333206
2,UPFC_Vsh,5-15,1.1085615502196386,34,1.1111356553452798,WLS,49,0.0025741051256411573
3,UPFC_tsh,5-15,-0.2413123198934866,34,-0.24128082034855702,WLS,49,3.149954492956408e-05
4,UPFC_Vse,5-15,0.06312825275283365,34,0.06207548655607561,WLS,49,0.001052766196758044
5,UPFC_tse,5-15,-2.184941674458209,34,-2.17964137895095,WLS,49,0.0053002955072591895
0,x_tcsc,1-14,-0.10124920809917612,35,-0.10125275692686818,WLS,49,3.548827692059775e-06
1,B_svc,2,0.17045834789942418,35,0.1701011310761069,WLS,49,0.00035721682331729676
2,UPFC_Vsh,5-15,1.1087850247010156,35,1.1111356553452798,WLS,49,0.0023506306442642178
3,UPFC_tsh,5-15,-0.24122649285133116,35,-0.24128082034855702,WLS,49,5.4327497225864496e-05
4,UPFC_Vse,5-15,0.06285701085276467,35,0.06207548655607561,WLS,49,0.0007815242966890609
5,UPFC_tse,5-15,-2.1873375187828077,35,-2.17964137895095,WLS,49,0.007696139831857796
0,x_tcsc,1-14,-0.10124466020812435,36,-0.10125275692686818,WLS,49,8.096718743827447e-06
1,B_svc,2,0.17010640924680379,36,0.1701011310761069,WLS,49,5.27817069689851e-06
2,UPFC_Vsh,5-15,1.1090961618938202,36,1.1111356553452798,WLS,49,0.0020394934514595953
3,UPFC_tsh,5-15,-0.24121858233413213,36,-0.24128082034855702,WLS,49,6.223801442489796e-05
4,UPFC_Vse,5-15,0.062477377636296336,36,0.06207548655607561,WLS,49,0.00040189108022072734
5,UPFC_tse,5-15,-2.188722148006664,36,-2.17964137895095,WLS,49,0.0090807690557142
0,x_tcsc,1-14,-0.10122770854395867,37,-0.10125275692686818,WLS,49,2.5048382909509392e-05
1,B_svc,2,0.1697610036921686,37,0.1701011310761069,WLS,49,0.00034012738393829345
2,UPFC_Vsh,5-15,1.1086406930368187,37,1.1111356553452798,WLS,49,0.002494962308461135
3,UPFC_tsh,5-15,-0.24127222469350326,37,-0.24128082034855702,WLS,49,8.595655053761364e-06
4,UPFC_Vse,5-15,0.06226470044481007,37,0.06207548655607561,WLS,49,0.0001892138887344616
5,UPFC_tse,5-15,-2.1920025410912096,37,-2.17964137895095,WLS,49,0.01236116214025973
0,x_tcsc,1-14,-0.10123078976789907,38,-0.10125275692686818,WLS,49,2.1967158969113387e-05
1,B_svc,2,0.1696374822662127,38,0.1701011310761069,WLS,49,0.00046364880989419044
2,UPFC_Vsh,5-15,1.1082410920868018,38,1.1111356553452798,WLS,49,0.0028945632584780334
3,UPFC_tsh,5-15,-0.24136863492637173,38,-0.24128082034855702,WLS,49,8.781457781470436e-05
4,UPFC_Vse,5-15,0.06261883915657836,38,0.06207548655607561,WLS,49,0.0005433526005027486
5,UPFC_tse,5-15,-2.1860220328509308,38,-2.17964137895095,WLS,49,0.0063806538999808815
0,x_tcsc,1-14,-0.10123097631476094,39,-0.10125275692686818,WLS,49,2.1780612107238917e-05
1,B_svc,2,0.17009287402389495,39,0.1701011310761069,WLS,49,8.25705221194073e-06
2,UPFC_Vsh,5-15,1.108552367250747,39,1.1111356553452798,WLS,49,0.0025832880945328984
3,UPFC_tsh,5-15,-0.24126677264293833,39,-0.24128082034855702,WLS,49,1.404770561869162e-05
4,UPFC_Vse,5-15,0.06253505255715254,39,0.06207548655607561,WLS,49,0.00045956600107693174
5,UPFC_tse,5-15,-2.1872794999618677,39,-2.17964137895095,WLS,49,0.007638121010917764
0,x_tcsc,1-14,-0.10123033353131144,40,-0.10125275692686818,WLS,49,2.2423395556733783e-05
1,B_svc,2,0.16959297199485882,40,0.1701011310761069,WLS,49,0.0005081590812480719
2,UPFC_Vsh,5-15,1.1082865151699475,40,1.1111356553452798,WLS,49,0.002849140175332332
3,UPFC_tsh,5-15,-0.24132840529384483,40,-0.24128082034855702,WLS,49,4.7584945287809655e-05
4,UPFC_Vse,5-15,0.062471539743685495,40,0.06207548655607561,WLS,49,0.00039605318760988634
5,UPFC_tse,5-15,-2.1887187376884802,40,-2.17964137895095,WLS,49,0.00907735873753035
0,x_tcsc,1-14,-0.10122860753022121,41,-0.10125275692686818,WLS,49,2.414939664696636e-05
1,B_svc,2,0.1701727262609741,41,0.1701011310761069,WLS,49,7.15951848672125e-05
2,UPFC_Vsh,5-15,1.1088250346912971,41,1.1111356553452798,WLS,49,0.002310620653982687
3,UPFC_tsh,5-15,-0.24123545665851143,41,-0.24128082034855702,WLS,49,4.5363690045596705e-05
4,UPFC_Vse,5-15,0.06269345312975856,41,0.06207548655607561,WLS,49,0.0006179665736829529
5,UPFC_tse,5-15,-2.1892963205307043,41,-2.17964137895095,WLS,49,0.009654941579754439
0,x_tcsc,1-14,-0.10124498815635044,42,-0.10125275692686818,WLS,49,7.768770517738166e-06
1,B_svc,2,0.1700391607221092,42,0.1701011310761069,WLS,49,6.19703539976868e-05
2,UPFC_Vsh,5-15,1.1087091183001303,42,1.1111356553452798,WLS,49,0.0024265370451495016
3,UPFC_tsh,5-15,-0.24133174791765633,42,-0.24128082034855702,WLS,49,5.092756909930163e-05
4,UPFC_Vse,5-15,0.06260384861451075,42,0.06207548655607561,WLS,49,0.0005283620584351431
5,UPFC_tse,5-15,-2.1876798898451355,42,-2.17964137895095,WLS,49,0.008038510894185613
0,x_tcsc,1-14,-0.10123444757375853,43,-0.10125275692686818,WLS,49,1.8309353109646764e-05
1,B_svc,2,0.17027313928076632,43,0.1701011310761069,WLS,49,0.00017200820465942956
2,UPFC_Vsh,5-15,1.10887524204232,43,1.1111356553452798,WLS,49,0.002260413302959785
3,UPFC_tsh,5-15,-0.2412781794431705,43,-0.24128082034855702,WLS,49,2.6409053865139587e-06
4,UPFC_Vse,5-15,0.06283169344431404,43,0.06207548655607561,WLS,49,0.0007562068882384296
5,UPFC_tse,5-15,-2.19035039108544,43,-2.17964137895095,WLS,49,0.010709012134490159
0,x_tcsc,1-14,-0.10124572549632739,44,-0.10125275692686818,WLS,49,7.031430540788142e-06
1,B_svc,2,0.17061278672509528,44,0.1701011310761069,WLS,49,0.0005116556489883906
2,UPFC_Vsh,5-15,1.1085864478349299,44,1.1111356553452798,WLS,49,0.0025492075103499268
3,UPFC_tsh,5-15,-0.2413883450753228,44,-0.24128082034855702,WLS,49,0.00010752472676578417
4,UPFC_Vse,5-15,0.06344728100411016,44,0.06207548655607561,WLS,49,0.0013717944480345565
5,UPFC_tse,5-15,-2.185753540036068,44,-2.17964137895095,WLS,49,0.006112161085118029
0,x_tcsc,1-14,-0.10123697944199278,45,-0.10125275692686818,WLS,49,1.5777484875398318e-05
1,B_svc,2,0.17034531995815627,45,0.1701011310761069,WLS,49,0.00024418888204938427
2,UPFC_Vsh,5-15,1.1090095883049191,45,1.1111356553452798,WLS,49,0.0021260670403606685
3,UPFC_tsh,5-15,-0.24125242971581157,45,-0.24128082034855702,WLS,49,2.839063274545639e-05
4,UPFC_Vse,5-15,0.06294279266036773,45,0.06207548655607561,WLS,49,0.0008673061042921218
5,UPFC_tse,5-15,-2.188914665062761,45,-2.17964137895095,WLS,49,0.009273286111810997
0,x_tcsc,1-14,-0.1012423932667744,46,-0.10125275692686818,WLS,49,1.0363660093784532e-05
1,B_svc,2,0.17002429766293684,46,0.1701011310761069,WLS,49,7.68334131700521e-05
2,UPFC_Vsh,5-15,1.1086458977184748,46,1.1111356553452798,WLS,49,0.0024897576268050337
3,UPFC_tsh,5-15,-0.24124714537804595,46,-0.24128082034855702,WLS,49,3.367497051107171e-05
4,UPFC_Vse,5-15,0.06279393072591455,46,0.06207548655607561,WLS,49,0.0007184441698389402
5,UPFC_tse,5-15,-2.1862924533590515,46,-2.17964137895095,WLS,49,0.006651074408101643
0,x_tcsc,1-14,-0.10124209882315624,47,-0.10125275692686818,WLS,49,1.0658103711938538e-05
1,B_svc,2,0.16999685042696572,47,0.1701011310761069,WLS,49,0.00010428064914116963
2,UPFC_Vsh,5-15,1.1086640497742632,47,1.1111356553452798,WLS,49,0.002471605571016555
3,UPFC_tsh,5-15,-0.24139532864580254,47,-0.24128082034855702,WLS,49,0.00011450829724551914
4,UPFC_Vse,5-15,0.062772806454286,47,0.06207548655607561,WLS,49,0.0006973198982103898
5,UPFC_tse,5-15,-2.1903308571749918,47,-2.17964137895095,WLS,49,0.01068947822404187
0,x_tcsc,1-14,-0.10124549978589736,48,-0.10125275692686818,WLS,49,7.257140970814979e-06
1,B_svc,2,0.16986943620676317,48,0.1701011310761069,WLS,49,0.00023169486934371264
2,UPFC_Vsh,5-15,1.109090608837416,48,1.1111356553452798,WLS,49,0.002045046507863857
3,UPFC_tsh,5-15,-0.24125144693032763,48,-0.24128082034855702,WLS,49,2.9373418229394765e-05
4,UPFC_Vse,5-15,0.062277844864717116,48,0.06207548655607561,WLS,49,0.0002023583086415079
5,UPFC_tse,5-15,-2.1892203042008207,48,-2.17964137895095,WLS,49,0.009578925249870807
0,x_tcsc,1-14,-0.10124765697660788,49,-0.10125275692686818,WLS,49,5.099950260295527e-06
1,B_svc,2,0.17048875116572626,49,0.1701011310761069,WLS,49,0.00038762008961937267
2,UPFC_Vsh,5-15,1.1086567766501456,49,1.1111356553452798,WLS,49,0.00247887869513419
3,UPFC_tsh,5-15,-0.24122308531062392,49,-0.24128082034855702,WLS,49,5.7735037933104305e-05
4,UPFC_Vse,5-15,0.062275232886614594,49,0.06207548655607561,WLS,49,0.00019974633053898572
5,UPFC_tse,5-15,-2.188784327550401,49,-2.17964137895095,WLS,49,0.009142948599451195
0,x_tcsc,1-14,-0.10123707184557952,50,-0.10125275692686818,WLS,49,1.5685081288657754e-05
1,B_svc,2,0.1699593358442978,50,0.1701011310761069,WLS,49,0.0001417952318090998
2,UPFC_Vsh,5-15,1.1086188737059752,50,1.1111356553452798,WLS,49,0.002516781639304577
3,UPFC_tsh,5-15,-0.241246404322239,50,-0.24128082034855702,WLS,49,3.441602631801266e-05
4,UPFC_Vse,5-15,0.06289237306620411,50,0.06207548655607561,WLS,49,0.0008168865101285047
5,UPFC_tse,5-15,-2.188949711989515,50,-2.17964137895095,WLS,49,0.009308333038565042
0,x_tcsc,1-14,-0.10124846018216087,51,-0.10125275692686818,WLS,49,4.2967447073105625e-06
1,B_svc,2,0.17023592018255373,51,0.1701011310761069,WLS,49,0.0001347891064468476
2,UPFC_Vsh,5-15,1.108872120576637,51,1.1111356553452798,WLS,49,0.0022635347686428275
3,UPFC_tsh,5-15,-0.24120538650379633,51,-0.24128082034855702,WLS,49,7.54338447606917e-05
4,UPFC_Vse,5-15,0.06276432592719935,51,0.06207548655607561,WLS,49,0.0006888393711237464
5,UPFC_tse,5-15,-2.1896484694432257,51,-2.17964137895095,WLS,49,0.010007090492275772
0,x_tcsc,1-14,-0.10124386324739552,52,-0.10125275692686818,WLS,49,8.893679472654625e-06
1,B_svc,2,0.17053177882668683,52,0.1701011310761069,WLS,49,0.00043064775057993776
2,UPFC_Vsh,5-15,1.1085773984889202,52,1.1111356553452798,WLS,49,0.0025582568563595753
3,UPFC_tsh,5-15,-0.24126224479315536,52,-0.24128082034855702,WLS,49,1.8575555401662003e-05
4,UPFC_Vse,5-15,0.06289924452955938,52,0.06207548655607561,WLS,49,0.0008237579734837672
5,UPFC_tse,5-15,-2.1881345545602726,52,-2.17964137895095,WLS,49,0.008493175609322723
0,x_tcsc,1-14,-0.10123042223098451,53,-0.10125275692686818,WLS,49,2.2334695883668987e-05
1,B_svc,2,0.17005216798905737,53,0.1701011310761069,WLS,49,4.896308704951946e-05
2,UPFC_Vsh,5-15,1.1083501739052513,53,1.1111356553452798,WLS,49,0.0027854814400285477
3,UPFC_tsh,5-15,-0.24138318590096297,53,-0.24128082034855702,WLS,49,0.00010236555240594747
4,UPFC_Vse,5-15,0.06281999070812201,53,0.06207548655607561,WLS,49,0.0007445041520464032
5,UPFC_tse,5-15,-2.185547448286566,53,-2.17964137895095,WLS,49,0.005906069335616326
0,x_tcsc,1-14,-0.10123057709969766,54,-0.10125275692686818,WLS,49,2.217982717052369e-05
1,B_svc,2,0.1703538195837947,54,0.1701011310761069,WLS,49,0.00025268850768780937
2,UPFC_Vsh,5-15,1.1087316987590028,54,1.1111356553452798,WLS,49,0.002403956586277012
3,UPFC_tsh,5-15,-0.24131632768437805,54,-0.24128082034855702,WLS,49,3.550733582102783e-05
4,UPFC_Vse,5-15,0.06292124485426401,54,0.06207548655607561,WLS,49,0.0008457582981883996
5,UPFC_tse,5-15,-2.188200466423605,54,-2.17964137895095,WLS,49,0.008559087472655325
0,x_tcsc,1-14,-0.10123820546625821,55,-0.10125275692686818,WLS,49,1.455146060996837e-05
1,B_svc,2,0.1706920435845904,55,0.1701011310761069,WLS,49,0.0005909125084835043
2,UPFC_Vsh,5-15,1.1087488483477375,55,1.1111356553452798,WLS,49,0.0023868069975423456
3,UPFC_tsh,5-15,-0.24133296128315487,55,-0.24128082034855702,WLS,49,5.214093459784963e-05
4,UPFC_Vse,5-15,0.06312288863896537,55,0.06207548655607561,WLS,49,0.0010474020828897604
5,UPFC_tse,5-15,-2.189912302427438,55,-2.17964137895095,WLS,49,0.010270923476487948
0,x_tcsc,1-14,-0.10123669164283494,56,-0.10125275692686818,WLS,49,1.6065284033237037e-05
1,B_svc,2,0.170559257172794,56,0.1701011310761069,WLS,49,0.0004581260966871059
2,UPFC_Vsh,5-15,1.1084262703844163,56,1.1111356553452798,WLS,49,0.0027093849608634812
3,UPFC_tsh,5-15,-0.24135010963106643,56,-0.24128082034855702,WLS,49,6.928928250940491e-05
4,UPFC_Vse,5-15,0.06250413719381788,56,0.06207548655607561,WLS,49,0.00042865063774227136
5,UPFC_tse,5-15,-2.1874872258190297,56,-2.17964137895095,WLS,49,0.007845846868079764
0,x_tcsc,1-14,-0.10123715554134322,57,-0.10125275692686818,WLS,49,1.560138552496315e-05
1,B_svc,2,0.1703563965901625,57,0.1701011310761069,WLS,49,0.00025526551405560816
2,UPFC_Vsh,5-15,1.1085662431812828,57,1.1111356553452798,WLS,49,0.002569412163996976
3,UPFC_tsh,5-15,-0.24124038026934377,57,-0.24128082034855702,WLS,49,4.044007921324977e-05
4,UPFC_Vse,5-15,0.06232074953258409,57,0.06207548655607561,WLS,49,0.0002452629765084813
5,UPFC_tse,5-15,-2.1863336783194773,57,-2.17964137895095,WLS,49,0.0066922993685274434
0,x_tcsc,1-14,-0.10123419794287028,58,-0.10125275692686818,WLS,49,1.8558983997898904e-05
1,B_svc,2,0.1700926705354565,58,0.1701011310761069,WLS,49,8.460540650373494e-06
2,UPFC_Vsh,5-15,1.1086289406254126,58,1.1111356553452798,WLS,49,0.002506714719867187
3,UPFC_tsh,5-15,-0.2412864821422546,58,-0.24128082034855702,WLS,49,5.661793697570028e-06
4,UPFC_Vse,5-15,0.06268310507936703,58,0.06207548655607561,WLS,49,0.0006076185232914214
5,UPFC_tse,5-15,-2.1881693300340572,58,-2.17964137895095,WLS,49,0.008527951083107332
0,x_tcsc,1-14,-0.10123477831318502,59,-0.10125275692686818,WLS,49,1.797861368316167e-05
1,B_svc,2,0.17000700026711912,59,0.1701011310761069,WLS,49,9.413080898776349e-05
2,UPFC_Vsh,5-15,1.1086012105619365,59,1.1111356553452798,WLS,49,0.0025344447833433037
3,UPFC_tsh,5-15,-0.24133901542067177,59,-0.24128082034855702,WLS,49,5.819507211474173e-05
4,UPFC_Vse,5-15,0.06268436630800307,59,0.06207548655607561,WLS,49,0.0006088797519274644
5,UPFC_tse,5-15,-2.1885689463010523,59,-2.17964137895095,WLS,49,0.008927567350102361
0,x_tcsc,1-14,-0.1012357876326934,60,-0.10125275692686818,WLS,49,1.696929417477344e-05
1,B_svc,2,0.170668256210153,60,0.1701011310761069,WLS,49,0.0005671251340461092
2,UPFC_Vsh,5-15,1.1085720611268557,60,1.1111356553452798,WLS,49,0.0025635942184241145
3,UPFC_tsh,5-15,-0.24132959330377854,60,-0.24128082034855702,WLS,49,4.877295522151548e-05
4,UPFC_Vse,5-15,0.062446034821117755,60,0.06207548655607561,WLS,49,0.0003705482650421463
5,UPFC_tse,5-15,-2.189635349306314,60,-2.17964137895095,WLS,49,0.009993970355364201
0,x_tcsc,1-14,-0.10124312397867123,61,-0.10125275692686818,WLS,49,9.632948196947044e-06
1,B_svc,2,0.17011409593690835,61,0.1701011310761069,WLS,49,1.2964860801462086e-05
2,UPFC_Vsh,5-15,1.1085375234483938,61,1.1111356553452798,WLS,49,0.002598131896885958
3,UPFC_tsh,5-15,-0.24127414318847915,61,-0.24128082034855702,WLS,49,6.677160077878108e-06
4,UPFC_Vse,5-15,0.06290283517530537,61,0.06207548655607561,WLS,49,0.0008273486192297633
5,UPFC_tse,5-15,-2.187307032995596,61,-2.17964137895095,WLS,49,0.007665654044646253
0,x_tcsc,1-14,-0.10124502619868582,62,-0.10125275692686818,WLS,49,7.730728182359092e-06
1,B_svc,2,0.1697471617095582,62,0.1701011310761069,WLS,49,0.0003539693665486898
2,UPFC_Vsh,5-15,1.108902763605129,62,1.1111356553452798,WLS,49,0.002232891740150844
3,UPFC_tsh,5-15,-0.24123945177521322,62,-0.24128082034855702,WLS,49,4.136857334380295e-05
4,UPFC_Vse,5-15,0.06237027041497358,62,0.06207548655607561,WLS,49,0.00029478385889797343
5,UPFC_tse,5-15,-2.191455070378466,62,-2.17964137895095,WLS,49,0.011813691427516204
0,x_tcsc,1-14,-0.10123525157840031,63,-0.10125275692686818,WLS,49,1.7505348467866666e-05
1,B_svc,2,0.1699862240962186,63,0.1701011310761069,WLS,49,0.00011490697988827958
2,UPFC_Vsh,5-15,1.1088861304792574,63,1.1111356553452798,WLS,49,0.0022495248660223677
3,UPFC_tsh,5-15,-0.24129105384717894,63,-0.24128082034855702,WLS,49,1.0233498621919912e-05
4,UPFC_Vse,5-15,0.06221415723664351,63,0.06207548655607561,WLS,49,0.0001386706805679011
5,UPFC_tse,5-15,-2.1889228646076653,63,-2.17964137895095,WLS,49,0.009281485656715383
0,x_tcsc,1-14,-0.10123303688016935,64,-0.10125275692686818,WLS,49,1.972004669882621e-05
1,B_svc,2,0.1701753447987845,64,0.1701011310761069,WLS,49,7.421372267760185e-05
2,UPFC_Vsh,5-15,1.1083515937137933,64,1.1111356553452798,WLS,49,0.0027840616314864786
3,UPFC_tsh,5-15,-0.2412949894541815,64,-0.24128082034855702,WLS,49,1.4169105624489697e-05
4,UPFC_Vse,5-15,0.06270977658189827,64,0.06207548655607561,WLS,49,0.0006342900258226661
5,UPFC_tse,5-15,-2.188566677663832,64,-2.17964137895095,WLS,49,0.008925298712882057
0,x_tcsc,1-14,-0.10123414224946788,65,-0.10125275692686818,WLS,49,1.8614677400302648e-05
1,B_svc,2,0.17052265372365696,65,0.1701011310761069,WLS,49,0.0004215226475500766
2,UPFC_Vsh,5-15,1.1088989567436023,65,1.1111356553452798,WLS,49,0.0022366986016775225
3,UPFC_tsh,5-15,-0.24122146010569462,65,-0.24128082034855702,WLS,49,5.9360242862405155e-05
4,UPFC_Vse,5-15,0.06247466917643385,65,0.06207548655607561,WLS,49,0.00039918262035824187
5,UPFC_tse,5-15,-2.1921744836535813,65,-2.17964137895095,WLS,49,0.012533104702631359
0,x_tcsc,1-14,-0.10124880164690024,66,-0.10125275692686818,WLS,49,3.955279967937653e-06
1,B_svc,2,0.17029143934397387,66,0.1701011310761069,WLS,49,0.00019030826786697874
2,UPFC_Vsh,5-15,1.10840304304113,66,1.1111356553452798,WLS,49,0.002732612304149784
3,UPFC_tsh,5-15,-0.2412552854323201,66,-0.24128082034855702,WLS,49,2.5534916236913396e-05
4,UPFC_Vse,5-15,0.06286608176161819,66,0.06207548655607561,WLS,49,0.0007905952055425811
5,UPFC_tse,5-15,-2.185907228711371,66,-2.17964137895095,WLS,49,0.006265849760421105
0,x_tcsc,1-14,-0.10122922234167155,67,-0.10125275692686818,WLS,49,2.3534585196632873e-05
1,B_svc,2,0.1704094170518289,67,0.1701011310761069,WLS,49,0.00030828597572202243
2,UPFC_Vsh,5-15,1.1086007846940709,67,1.1111356553452798,WLS,49,0.0025348706512089425
3,UPFC_tsh,5-15,-0.24138799438805056,67,-0.24128082034855702,WLS,49,0.00010717403949353499
4,UPFC_Vse,5-15,0.06292537974733148,67,0.06207548655607561,WLS,49,0.0008498931912558697
5,UPFC_tse,5-15,-2.1873968204955876,67,-2.17964137895095,WLS,49,0.007755441544637698
0,x_tcsc,1-14,-0.10122692869196909,68,-0.10125275692686818,WLS,49,2.5828234899091806e-05
1,B_svc,2,0.17040089337487863,68,0.1701011310761069,WLS,49,0.00029976229877173854
2,UPFC_Vsh,5-15,1.1084640263949441,68,1.1111356553452798,WLS,49,0.0026716289503356805
3,UPFC_tsh,5-15,-0.24129638059453568,68,-0.24128082034855702,WLS,49,1.556024597865191e-05
4,UPFC_Vse,5-15,0.06221703587252344,68,0.06207548655607561,WLS,49,0.00014154931644783098
5,UPFC_tse,5-15,-2.1872842824912686,68,-2.17964137895095,WLS,49,0.007642903540318713
0,x_tcsc,1-14,-0.10125604695348756,69,-0.10125275692686818,WLS,49,3.290026619376385e-06
1,B_svc,2,0.16989043122538888,69,0.1701011310761069,WLS,49,0.00021069985071800468
2,UPFC_Vsh,5-15,1.108505912813525,69,1.1111356553452798,WLS,49,0.002629742531754742
3,UPFC_tsh,5-15,-0.24120776780863096,69,-0.24128082034855702,WLS,49,7.30525399260662e-05
4,UPFC_Vse,5-15,0.06196484116031409,69,0.06207548655607561,WLS,49,0.00011064539576152027
5,UPFC_tse,5-15,-2.190230728357099,69,-2.17964137895095,WLS,49,0.010589349406149307
0,x_tcsc,1-14,-0.10122360233624086,70,-0.10125275692686818,WLS,49,2.9154590627314403e-05
1,B_svc,2,0.16980034527963414,70,0.1701011310761069,WLS,49,0.0003007857964727467
2,UPFC_Vsh,5-15,1.1085743587656294,70,1.1111356553452798,WLS,49,0.0025612965796504295
3,UPFC_tsh,5-15,-0.2413239296103826,70,-0.24128082034855702,WLS,49,4.310926182557462e-05
4,UPFC_Vse,5-15,0.062417774252260944,70,0.06207548655607561,WLS,49,0.0003422876961853352
5,UPFC_tse,5-15,-2.18786655090139,70,-2.17964137895095,WLS,49,0.008225171950440036
0,x_tcsc,1-14,-0.10123668328313246,71,-0.10125275692686818,WLS,49,1.6073643735722842e-05
1,B_svc,2,0.17028868127743363,71,0.1701011310761069,WLS,49,0.0001875502013267416
2,UPFC_Vsh,5-15,1.1090154933518601,71,1.1111356553452798,WLS,49,0.002120161993419689
3,UPFC_tsh,5-15,-0.24126904671214158,71,-0.24128082034855702,WLS,49,1.1773636415440825e-05
4,UPFC_Vse,5-15,0.06299735815105009,71,0.06207548655607561,WLS,49,0.0009218715949744841
5,UPFC_tse,5-15,-2.1849212054899305,71,-2.17964137895095,WLS,49,0.005279826538980625
0,x_tcsc,1-14,-0.10123876502674668,72,-0.10125275692686818,WLS,49,1.3991900121496093e-05
1,B_svc,2,0.16985264495221392,72,0.1701011310761069,WLS,49,0.0002484861238929714
2,UPFC_Vsh,5-15,1.1083320947267425,72,1.1111356553452798,WLS,49,0.0028035606185372597
3,UPFC_tsh,5-15,-0.2413095890735482,72,-0.24128082034855702,WLS,49,2.8768724991162786e-05
4,UPFC_Vse,5-15,0.06256654199134788,72,0.06207548655607561,WLS,49,0.0004910554352722737
5,UPFC_tse,5-15,-2.1895498021074755,72,-2.17964137895095,WLS,49,0.009908423156525625
0,x_tcsc,1-14,-0.10124385064184882,73,-0.10125275692686818,WLS,49,8.906285019358307e-06
1,B_svc,2,0.17052063262720832,73,0.1701011310761069,WLS,49,0.00041950155110143106
2,UPFC_Vsh,5-15,1.108741409913558,73,1.1111356553452798,WLS,49,0.002394245431721842
3,UPFC_tsh,5-15,-0.2412851317929562,73,-0.24128082034855702,WLS,49,4.3114443991632e-06
4,UPFC_Vse,5-15,0.0627876311832534,73,0.06207548655607561,WLS,49,0.0007121446271777868
5,UPFC_tse,5-15,-2.188315408218398,73,-2.17964137895095,WLS,49,0.008674029267448091
0,x_tcsc,1-14,-0.1012526235087425,74,-0.10125275692686818,WLS,49,1.3341812567235767e-07
1,B_svc,2,0.17039627355808487,74,0.1701011310761069,WLS,49,0.00029514248197798354
2,UPFC_Vsh,5-15,1.1087608544451735,74,1.1111356553452798,WLS,49,0.002374800900106333
3,UPFC_tsh,5-15,-0.24123057776221743,74,-0.24128082034855702,WLS,49,5.0242586339593887e-05
4,UPFC_Vse,5-15,0.06238402761207187,74,0.06207548655607561,WLS,49,0.0003085410559962587
5,UPFC_tse,5-15,-2.1905561759494434,74,-2.17964137895095,WLS,49,0.010914796998493514
0,x_tcsc,1-14,-0.10124096006768873,75,-0.10125275692686818,WLS,49,1.1796859179444286e-05
1,B_svc,2,0.17042524706060697,75,0.1701011310761069,WLS,49,0.0003241159845000785
2,UPFC_Vsh,5-15,1.1086753680786634,75,1.1111356553452798,WLS,49,0.002460287266616401
3,UPFC_tsh,5-15,-0.24124792575823206,75,-0.24128082034855702,WLS,49,3.2894590324961115e-05
4,UPFC_Vse,5-15,0.06256506310920164,75,0.06207548655607561,WLS,49,0.0004895765531260296
5,UPFC_tse,5-15,-2.1910105138077065,75,-2.17964137895095,WLS,49,0.011369134856756613
0,x_tcsc,1-14,-0.10121933326986667,76,-0.10125275692686818,WLS,49,3.3423657001513396e-05
1,B_svc,2,0.1708993887054172,76,0.1701011310761069,WLS,49,0.0007982576293103227
2,UPFC_Vsh,5-15,1.10888284823443,76,1.1111356553452798,WLS,49,0.0022528071108498526
3,UPFC_tsh,5-15,-0.24127723180928204,76,-0.24128082034855702,WLS,49,3.5885392749845924e-06
4,UPFC_Vse,5-15,0.06240284953636708,76,0.06207548655607561,WLS,49,0.0003273629802914707
5,UPFC_tse,5-15,-2.1866754402002186,76,-2.17964137895095,WLS,49,0.007034061249268753
0,x_tcsc,1-14,-0.10124988925044873,77,-0.10125275692686818,WLS,49,2.867676419451848e-06
1,B_svc,2,0.16990756849721025,77,0.1701011310761069,WLS,49,0.0001935625788966333
2,UPFC_Vsh,5-15,1.1088541798112135,77,1.1111356553452798,WLS,49,0.002281475534066324
3,UPFC_tsh,5-15,-0.24120347491634933,77,-0.24128082034855702,WLS,49,7.734543220769274e-05
4,UPFC_Vse,5-15,0.06298633026242104,77,0.06207548655607561,WLS,49,0.000910843706345428
5,UPFC_tse,5-15,-2.1867381589928696,77,-2.17964137895095,WLS,49,0.007096780041919715
0,x_tcsc,1-14,-0.10123406865515618,78,-0.10125275692686818,WLS,49,1.8688271712002935e-05
1,B_svc,2,0.16988323716175097,78,0.1701011310761069,WLS,49,0.0002178939143559211
2,UPFC_Vsh,5-15,1.1089085066107378,78,1.1111356553452798,WLS,49,0.002227148734541995
3,UPFC_tsh,5-15,-0.24128700329389796,78,-0.24128082034855702,WLS,49,6.182945340937884e-06
4,UPFC_Vse,5-15,0.06283686102240311,78,0.06207548655607561,WLS,49,0.0007613744663275065
5,UPFC_tse,5-15,-2.186892626475021,78,-2.17964137895095,WLS,49,0.007251247524071136
0,x_tcsc,1-14,-0.1012344707675342,79,-0.10125275692686818,WLS,49,1.828615933398281e-05
1,B_svc,2,0.17049385137691175,79,0.1701011310761069,WLS,49,0.0003927203008048663
2,UPFC_Vsh,5-15,1.1087075786101006,79,1.1111356553452798,WLS,49,0.0024280767351791965
3,UPFC_tsh,5-15,-0.24126522277600063,79,-0.24128082034855702,WLS,49,1.5597572556397266e-05
4,UPFC_Vse,5-15,0.06220959048248202,79,0.06207548655607561,WLS,49,0.0001341039264064134
5,UPFC_tse,5-15,-2.1876406375654933,79,-2.17964137895095,WLS,49,0.007999258614543425
0,x_tcsc,1-14,-0.10123873657804015,80,-0.10125275692686818,WLS,49,1.4020348828025497e-05
1,B_svc,2,0.17066121742771873,80,0.1701011310761069,WLS,49,0.0005600863516118382
2,UPFC_Vsh,5-15,1.1087119554676363,80,1.1111356553452798,WLS,49,0.0024236998776434593
3,UPFC_tsh,5-15,-0.2413211717781974,80,-0.24128082034855702,WLS,49,4.035142964037286e-05
4,UPFC_Vse,5-15,0.06271008211268587,80,0.06207548655607561,WLS,49,0.0006345955566102665
5,UPFC_tse,5-15,-2.191609913286562,80,-2.17964137895095,WLS,49,0.01196853433561218
0,x_tcsc,1-14,-0.1012360413603334,81,-0.10125275692686818,WLS,49,1.6715566534777904e-05
1,B_svc,2,0.1702428235657159,81,0.1701011310761069,WLS,49,0.0001416924896090188
2,UPFC_Vsh,5-15,1.1086246229006413,81,1.1111356553452798,WLS,49,0.0025110324446384613
3,UPFC_tsh,5-15,-0.2412269969446826,81,-0.24128082034855702,WLS,49,5.382340387441453e-05
4,UPFC_Vse,5-15,0.062198856686617426,81,0.06207548655607561,WLS,49,0.00012337013054181806
5,UPFC_tse,5-15,-2.190471528042929,81,-2.17964137895095,WLS,49,0.010830149091979102
0,x_tcsc,1-14,-0.10123175199533306,82,-0.10125275692686818,WLS,49,2.1004931535117954e-05
1,B_svc,2,0.17045548745021766,82,0.1701011310761069,WLS,49,0.00035435637411077026
2,UPFC_Vsh,5-15,1.109022821296738,82,1.1111356553452798,WLS,49,0.0021128340485419006
3,UPFC_tsh,5-15,-0.24128070211533484,82,-0.24128082034855702,WLS,49,1.1823322218496024e-07
4,UPFC_Vse,5-15,0.06306397303715146,82,0.06207548655607561,WLS,49,0.0009884864810758495
5,UPFC_tse,5-15,-2.1873180100902583,82,-2.17964137895095,WLS,49,0.0076766311393083875
0,x_tcsc,1-14,-0.1012149802798388,83,-0.10125275692686818,WLS,49,3.7776647029377775e-05
1,B_svc,2,0.17073916223746372,83,0.1701011310761069,WLS,49,0.0006380311613568279
2,UPFC_Vsh,5-15,1.1088619691936683,83,1.1111356553452798,WLS,49,0.002273686151611498
3,UPFC_tsh,5-15,-0.2412975894548068,83,-0.24128082034855702,WLS,49,1.676910624978656e-05
4,UPFC_Vse,5-15,0.06263181182179474,83,0.06207548655607561,WLS,49,0.0005563252657191306
5,UPFC_tse,5-15,-2.1926434489537105,83,-2.17964137895095,WLS,49,0.013002070002760657
0,x_tcsc,1-14,-0.10123973359942866,84,-0.10125275692686818,WLS,49,1.3023327439520838e-05
1,B_svc,2,0.17009220419944662,84,0.1701011310761069,WLS,49,8.926876660264593e-06
2,UPFC_Vsh,5-15,1.1084829861790706,84,1.1111356553452798,WLS,49,0.0026526691662092095
3,UPFC_tsh,5-15,-0.2412352459808419,84,-0.24128082034855702,WLS,49,4.5574367715128794e-05
4,UPFC_Vse,5-15,0.06281354359369622,84,0.06207548655607561,WLS,49,0.0007380570376206083
5,UPFC_tse,5-15,-2.1884628601543534,84,-2.17964137895095,WLS,49,0.008821481203403536
0,x_tcsc,1-14,-0.10123129225895586,85,-0.10125275692686818,WLS,49,2.146466791232149e-05
1,B_svc,2,0.17040426384260196,85,0.1701011310761069,WLS,49,0.00030313276649507337
2,UPFC_Vsh,5-15,1.1087243419605601,85,1.1111356553452798,WLS,49,0.002411313384719671
3,UPFC_tsh,5-15,-0.24132001281053947,85,-0.24128082034855702,WLS,49,3.919246198244575e-05
4,UPFC_Vse,5-15,0.06226071253106744,85,0.06207548655607561,WLS,49,0.00018522597499183446
5,UPFC_tse,5-15,-2.1903804904088195,85,-2.17964137895095,WLS,49,0.010739111457869654
0,x_tcsc,1-14,-0.10124227866328513,86,-0.10125275692686818,WLS,49,1.0478263583052483e-05
1,B_svc,2,0.17049352637316242,86,0.1701011310761069,WLS,49,0.00039239529705553666
2,UPFC_Vsh,5-15,1.1088930550303338,86,1.1111356553452798,WLS,49,0.0022426003149460527
3,UPFC_tsh,5-15,-0.24123366116119954,86,-0.24128082034855702,WLS,49,4.71591873574817e-05
4,UPFC_Vse,5-15,0.062280306798288054,86,0.06207548655607561,WLS,49,0.00020482024221244594
5,UPFC_tse,5-15,-2.189153839305519,86,-2.17964137895095,WLS,49,0.009512460354569097
0,x_tcsc,1-14,-0.10123318625794538,87,-0.10125275692686818,WLS,49,1.957066892280257e-05
1,B_svc,2,0.1702004565381026,87,0.1701011310761069,WLS,49,9.932546199570291e-05
2,UPFC_Vsh,5-15,1.1088911433822726,87,1.1111356553452798,WLS,49,0.002244511963007234
3,UPFC_tsh,5-15,-0.24130094349034445,87,-0.24128082034855702,WLS,49,2.0123141787425913e-05
4,UPFC_Vse,5-15,0.06275504753307908,87,0.06207548655607561,WLS,49,0.0006795609770034669
5,UPFC_tse,5-15,-2.189249094874937,87,-2.17964137895095,WLS,49,0.009607715923987126
0,x_tcsc,1-14,-0.10122843898110023,88,-0.10125275692686818,WLS,49,2.4317945767945992e-05
1,B_svc,2,0.17055216505133994,88,0.1701011310761069,WLS,49,0.00045103397523305055
2,UPFC_Vsh,5-15,1.1087120970515598,88,1.1111356553452798,WLS,49,0.002423558293719985
3,UPFC_tsh,5-15,-0.24129001097668734,88,-0.24128082034855702,WLS,49,9.19062813031779e-06
4,UPFC_Vse,5-15,0.06214453696082795,88,0.06207548655607561,WLS,49,6.905040475234381e-05
5,UPFC_tse,5-15,-2.1869287695664132,88,-2.17964137895095,WLS,49,0.007287390615463352
0,x_tcsc,1-14,-0.10124141312600313,89,-0.10125275692686818,WLS,49,1.1343800865051823e-05
1,B_svc,2,0.17016012071899553,89,0.1701011310761069,WLS,49,5.89896428886405e-05
2,UPFC_Vsh,5-15,1.1083769259780527,89,1.1111356553452798,WLS,49,0.0027587293672270974
3,UPFC_tsh,5-15,-0.24130650925384375,89,-0.24128082034855702,WLS,49,2.56889052867304e-05
4,UPFC_Vse,5-15,0.06237859820402933,89,0.06207548655607561,WLS,49,0.0003031116479537202
5,UPFC_tse,5-15,-2.1880130712106767,89,-2.17964137895095,WLS,49,0.008371692259726782
0,x_tcsc,1-14,-0.10122966453411497,90,-0.10125275692686818,WLS,49,2.309239275320729e-05
1,B_svc,2,0.1701468890249412,90,0.1701011310761069,WLS,49,4.575794883432405e-05
2,UPFC_Vsh,5-15,1.1085069145705502,90,1.1111356553452798,WLS,49,0.002628740774729632
3,UPFC_tsh,5-15,-0.24129135674898164,90,-0.24128082034855702,WLS,49,1.0536400424615566e-05
4,UPFC_Vse,5-15,0.06269461969417875,90,0.06207548655607561,WLS,49,0.0006191331381031409
5,UPFC_tse,5-15,-2.188104234730251,90,-2.17964137895095,WLS,49,0.008462855779300948
0,x_tcsc,1-14,-0.10124133861469066,91,-0.10125275692686818,WLS,49,1.1418312177519097e-05
1,B_svc,2,0.1706888321025261,91,0.1701011310761069,WLS,49,0.000587701026419224
2,UPFC_Vsh,5-15,1.1088193972404068,91,1.1111356553452798,WLS,49,0.0023162581048730146
3,UPFC_tsh,5-15,-0.24129642513401525,91,-0.24128082034855702,WLS,49,1.560478545822863e-05
4,UPFC_Vse,5-15,0.06264732339518483,91,0.06207548655607561,WLS,49,0.0005718368391092257
5,UPFC_tse,5-15,-2.185057205930571,91,-2.17964137895095,WLS,49,0.005415826979620952
0,x_tcsc,1-14,-0.10124410062682913,92,-0.10125275692686818,WLS,49,8.65630003904494e-06
1,B_svc,2,0.1703683461982783,92,0.1701011310761069,WLS,49,0.0002672151221713992
2,UPFC_Vsh,5-15,1.1086866179743557,92,1.1111356553452798,WLS,49,0.0024490373709240565
3,UPFC_tsh,5-15,-0.24127206017718453,92,-0.24128082034855702,WLS,49,8.760171372496073e-06
4,UPFC_Vse,5-15,0.06291624167866078,92,0.06207548655607561,WLS,49,0.0008407551225851698
5,UPFC_tse,5-15,-2.185850723806895,92,-2.17964137895095,WLS,49,0.006209344855945265
0,x_tcsc,1-14,-0.10125063652800122,93,-0.10125275692686818,WLS,49,2.1203988669615814e-06
1,B_svc,2,0.16978064170691448,93,0.1701011310761069,WLS,49,0.000320489369192406
2,UPFC_Vsh,5-15,1.1086847549118324,93,1.1111356553452798,WLS,49,0.0024509004334474227
3,UPFC_tsh,5-15,-0.241239638386239,93,-0.24128082034855702,WLS,49,4.118196231803206e-05
4,UPFC_Vse,5-15,0.06235457330731808,93,0.06207548655607561,WLS,49,0.00027908675124246884
5,UPFC_tse,5-15,-2.189337662575368,93,-2.17964137895095,WLS,49,0.0096962836244181
0,x_tcsc,1-14,-0.10122915740838363,94,-0.10125275692686818,WLS,49,2.359951848454611e-05
1,B_svc,2,0.17035516396954345,94,0.1701011310761069,WLS,49,0.0002540328934365621
2,UPFC_Vsh,5-15,1.1087036763968259,94,1.1111356553452798,WLS,49,0.002431978948453928
3,UPFC_tsh,5-15,-0.2413289976993822,94,-0.24128082034855702,WLS,49,4.817735082518482e-05
4,UPFC_Vse,5-15,0.06272711781088437,94,0.06207548655607561,WLS,49,0.0006516312548087641
5,UPFC_tse,5-15,-2.1866364208278317,94,-2.17964137895095,WLS,49,0.0069950418768818245
0,x_tcsc,1-14,-0.10124873592312864,95,-0.10125275692686818,WLS,49,4.021003739543283e-06
1,B_svc,2,0.17041312727925534,95,0.1701011310761069,WLS,49,0.00031199620314845133
2,UPFC_Vsh,5-15,1.1086583756837627,95,1.1111356553452798,WLS,49,0.0024772796615171178
3,UPFC_tsh,5-15,-0.24123154827783627,95,-0.24128082034855702,WLS,49,4.927207072075168e-05
4,UPFC_Vse,5-15,0.06275197588957093,95,0.06207548655607561,WLS,49,0.000676489333495324
5,UPFC_tse,5-15,-2.1897727746249367,95,-2.17964137895095,WLS,49,0.010131395673986798
0,x_tcsc,1-14,-0.10123007364039727,96,-0.10125275692686818,WLS,49,2.2683286470912e-05
1,B_svc,2,0.1702390664995247,96,0.1701011310761069,WLS,49,0.0001379354234178065
2,UPFC_Vsh,5-15,1.1086021644459256,96,1.1111356553452798,WLS,49,0.002533490899354174
3,UPFC_tsh,5-15,-0.2413457907811677,96,-0.24128082034855702,WLS,49,6.497043261066704e-05
4,UPFC_Vse,5-15,0.06288676312499583,96,0.06207548655607561,WLS,49,0.0008112765689202231
5,UPFC_tse,5-15,-2.187091151017757,96,-2.17964137895095,WLS,49,0.007449772066807192
0,x_tcsc,1-14,-0.10123612971281322,97,-0.10125275692686818,WLS,49,1.6627214054959483e-05
1,B_svc,2,0.17038579989242142,97,0.1701011310761069,WLS,49,0.00028466881631453167
2,UPFC_Vsh,5-15,1.1086790509880782,97,1.1111356553452798,WLS,49,0.0024566043572016305
3,UPFC_tsh,5-15,-0.2412715891854057,97,-0.24128082034855702,WLS,49,9.231163151324218e-06
4,UPFC_Vse,5-15,0.06326924630924258,97,0.06207548655607561,WLS,49,0.0011937597531669689
5,UPFC_tse,5-15,-2.1899240935917206,97,-2.17964137895095,WLS,49,0.010282714640770685
0,x_tcsc,1-14,-0.10124532424449013,98,-0.10125275692686818,WLS,49,7.432682378044619e-06
1,B_svc,2,0.1704760122052791,98,0.1701011310761069,WLS,49,0.00037488112917222205
2,UPFC_Vsh,5-15,1.1089949299771598,98,1.1111356553452798,WLS,49,0.0021407253681200444
3,UPFC_tsh,5-15,-0.24126663404948984,98,-0.24128082034855702,WLS,49,1.4186299067187047e-05
4,UPFC_Vse,5-15,0.06259936072974022,98,0.06207548655607561,WLS,49,0.000523874173664611
5,UPFC_tse,5-15,-2.1904021983922664,98,-2.17964137895095,WLS,49,0.01076081944131646
0,x_tcsc,1-14,-0.10123835473979274,99,-0.10125275692686818,WLS,49,1.4402187075435169e-05
1,B_svc,2,0.170424157725876,99,0.1701011310761069,WLS,49,0.00032302664976910367
2,UPFC_Vsh,5-15,1.10856121640573,99,1.1111356553452798,WLS,49,0.0025744389395498946
3,UPFC_tsh,5-15,-0.24123422988105864,99,-0.24128082034855702,WLS,49,4.6590467498386356e-05
4,UPFC_Vse,5-15,0.06246601276907437,99,0.06207548655607561,WLS,49,0.00039052621299875967
5,UPFC_tse,5-15,-2.1864725918931827,99,-2.17964137895095,WLS,49,0.006831212942232767
0,x_tcsc,1-14,-0.09844246725637996,0,-0.09843835549311188,WLS,51,4.111763268088708e-06
1,B_svc,2,0.16742549688693972,0,0.16775472795433324,WLS,51,0.0003292310673935206
2,UPFC_Vsh,5-15,1.1084378688768826,0,1.1134707363951042,WLS,51,0.005032867518221629
3,UPFC_tsh,5-15,-0.24467402633034316,0,-0.24468702897118194,WLS,51,1.3002640838782886e-05
4,UPFC_Vse,5-15,0.06212636897827744,0,0.06108764641857782,WLS,51,0.0010387225596996189
5,UPFC_tse,5-15,-2.1903179709142955,0,-2.173900401794008,WLS,51,0.016417569120287467
0,x_tcsc,1-14,-0.09843204504284524,1,-0.09843835549311188,WLS,51,6.310450266638901e-06
1,B_svc,2,0.16756826543965617,1,0.16775472795433324,WLS,51,0.00018646251467707708
2,UPFC_Vsh,5-15,1.1083843898020131,1,1.1134707363951042,WLS,51,0.00508634659309104
3,UPFC_tsh,5-15,-0.24467952432473133,1,-0.24468702897118194,WLS,51,7.504646450606778e-06
4,UPFC_Vse,5-15,0.06250904239553844,1,0.06108764641857782,WLS,51,0.0014213959769606155
5,UPFC_tse,5-15,-2.1870833309099837,1,-2.173900401794008,WLS,51,0.013182929115975739
0,x_tcsc,1-14,-0.09844160790182432,2,-0.09843835549311188,WLS,51,3.2524087124480294e-06
1,B_svc,2,0.16776803351252115,2,0.16775472795433324,WLS,51,1.3305558187903799e-05
2,UPFC_Vsh,5-15,1.1084977647016603,2,1.1134707363951042,WLS,51,0.004972971693443906
3,UPFC_tsh,5-15,-0.24476369034869652,2,-0.24468702897118194,WLS,51,7.66613775145808e-05
4,UPFC_Vse,5-15,0.06227784522405926,2,0.06108764641857782,WLS,51,0.001190198805481442
5,UPFC_tse,5-15,-2.190714602978079,2,-2.173900401794008,WLS,51,0.016814201184070843
0,x_tcsc,1-14,-0.09842215170722832,3,-0.09843835549311188,WLS,51,1.6203785883558974e-05
1,B_svc,2,0.16811369472420154,3,0.16775472795433324,WLS,51,0.00035896676986829634
2,UPFC_Vsh,5-15,1.1083368660426183,3,1.1134707363951042,WLS,51,0.005133870352485914
3,UPFC_tsh,5-15,-0.2447367802816446,3,-0.24468702897118194,WLS,51,4.975131046267012e-05
4,UPFC_Vse,5-15,0.06300010786288245,3,0.06108764641857782,WLS,51,0.001912461444304625
5,UPFC_tse,5-15,-2.19160305376332,3,-2.173900401794008,WLS,51,0.0177026519693122
0,x_tcsc,1-14,-0.09843386882212611,4,-0.09843835549311188,WLS,51,4.48667098576494e-06
1,B_svc,2,0.1679701082681577,4,0.16775472795433324,WLS,51,0.00021538031382445366
2,UPFC_Vsh,5-15,1.108144643113774,4,1.1134707363951042,WLS,51,0.005326093281330158
3,UPFC_tsh,5-15,-0.2446874015552883,4,-0.24468702897118194,WLS,51,3.725841063451085e-07
4,UPFC_Vse,5-15,0.06200337475894275,4,0.06108764641857782,WLS,51,0.0009157283403649283
5,UPFC_tse,5-15,-2.190042579461039,4,-2.173900401794008,WLS,51,0.016142177667031188
0,x_tcsc,1-14,-0.09843046087719545,5,-0.09843835549311188,WLS,51,7.894615916423375e-06
1,B_svc,2,0.16762393819763957,5,0.16775472795433324,WLS,51,0.0001307897566936722
2,UPFC_Vsh,5-15,1.1089790632381245,5,1.1134707363951042,WLS,51,0.004491673156979736
3,UPFC_tsh,5-15,-0.2446639529888331,5,-0.24468702897118194,WLS,51,2.3075982348852442e-05
4,UPFC_Vse,5-15,0.062377537290553876,5,0.06108764641857782,WLS,51,0.0012898908719760557
5,UPFC_tse,5-15,-2.1912176061665445,5,-2.173900401794008,WLS,51,0.017317204372536477
0,x_tcsc,1-14,-0.09843829577643273,6,-0.09843835549311188,WLS,51,5.97166791432846e-08
1,B_svc,2,0.167648078039048,6,0.16775472795433324,WLS,51,0.0001066499152852507
2,UPFC_Vsh,5-15,1.1082817671853378,6,1.1134707363951042,WLS,51,0.005188969209766414
3,UPFC_tsh,5-15,-0.24470125234568932,6,-0.24468702897118194,WLS,51,1.4223374507377207e-05
4,UPFC_Vse,5-15,0.0619598975403171,6,0.06108764641857782,WLS,51,0.0008722511217392828
5,UPFC_tse,5-15,-2.1926034386647846,6,-2.173900401794008,WLS,51,0.018703036870776568
0,x_tcsc,1-14,-0.09843950772701193,7,-0.09843835549311188,WLS,51,1.1522339000563653e-06
1,B_svc,2,0.16781025234224076,7,0.16775472795433324,WLS,51,5.5524387907512907e-05
2,UPFC_Vsh,5-15,1.1083077616247696,7,1.1134707363951042,WLS,51,0.005162974770334561
3,UPFC_tsh,5-15,-0.24470079783357285,7,-0.24468702897118194,WLS,51,1.3768862390906023e-05
4,UPFC_Vse,5-15,0.06218351635420339,7,0.06108764641857782,WLS,51,0.0010958699356255694
5,UPFC_tse,5-15,-2.187064858177392,7,-2.173900401794008,WLS,51,0.013164456383384149
0,x_tcsc,1-14,-0.09843826463580577,8,-0.09843835549311188,WLS,51,9.08573061092488e-08
1,B_svc,2,0.16778258730995496,8,0.16775472795433324,WLS,51,2.7859355621717707e-05
2,UPFC_Vsh,5-15,1.108724322575173,8,1.1134707363951042,WLS,51,0.004746413819931128
3,UPFC_tsh,5-15,-0.2447195257678552,8,-0.24468702897118194,WLS,51,3.249679667324812e-05
4,UPFC_Vse,5-15,0.06266810199058158,8,0.06108764641857782,WLS,51,0.0015804555720037583
5,UPFC_tse,5-15,-2.1853910889256727,8,-2.173900401794008,WLS,51,0.011490687131664679
0,x_tcsc,1-14,-0.0984371524000765,9,-0.09843835549311188,WLS,51,1.203093035376246e-06
1,B_svc,2,0.16773567520969943,9,0.16775472795433324,WLS,51,1.9052744633818453e-05
2,UPFC_Vsh,5-15,1.1084984730161642,9,1.1134707363951042,WLS,51,0.004972263378939967
3,UPFC_tsh,5-15,-0.24471270848923235,9,-0.24468702897118194,WLS,51,2.56795180504088e-05
4,UPFC_Vse,5-15,0.06214915461131094,9,0.06108764641857782,WLS,51,0.0010615081927331169
5,UPFC_tse,5-15,-2.1898653860092008,9,-2.173900401794008,WLS,51,0.015964984215192768
0,x_tcsc,1-14,-0.09843772497986791,10,-0.09843835549311188,WLS,51,6.305132439626826e-07
1,B_svc,2,0.16773373184812554,10,0.16775472795433324,WLS,51,2.0996106207704646e-05
2,UPFC_Vsh,5-15,1.1085157422211018,10,1.1134707363951042,WLS,51,0.004954994174002358
3,UPFC_tsh,5-15,-0.24469655355934244,10,-0.24468702897118194,WLS,51,9.524588160503278e-06
4,UPFC_Vse,5-15,0.06246617649758994,10,0.06108764641857782,WLS,51,0.001378530079012119
5,UPFC_tse,5-15,-2.1858071019597074,10,-2.173900401794008,WLS,51,0.011906700165699391
0,x_tcsc,1-14,-0.09843740701250865,11,-0.09843835549311188,WLS,51,9.484806032244997e-07
1,B_svc,2,0.1681862932720752,11,0.16775472795433324,WLS,51,0.0004315653177419665
2,UPFC_Vsh,5-15,1.1082657099655573,11,1.1134707363951042,WLS,51,0.0052050264295468995
3,UPFC_tsh,5-15,-0.24477015466071073,11,-0.24468702897118194,WLS,51,8.312568952878463e-05
4,UPFC_Vse,5-15,0.06258382561354943,11,0.06108764641857782,WLS,51,0.0014961791949716086
5,UPFC_tse,5-15,-2.1886080621392034,11,-2.173900401794008,WLS,51,0.014707660345195439
0,x_tcsc,1-14,-0.0984294970215149,12,-0.09843835549311188,WLS,51,8.858471596970285e-06
1,B_svc,2,0.1675305236073862,12,0.16775472795433324,WLS,51,0.00022420434694703228
2,UPFC_Vsh,5-15,1.1084338970611118,12,1.1134707363951042,WLS,51,0.005036839333992349
3,UPFC_tsh,5-15,-0.2446290876724299,12,-0.24468702897118194,WLS,51,5.7941298752028914e-05
4,UPFC_Vse,5-15,0.06299834225398945,12,0.06108764641857782,WLS,51,0.0019106958354116327
5,UPFC_tse,5-15,-2.1875796438868216,12,-2.173900401794008,WLS,51,0.01367924209281357
0,x_tcsc,1-14,-0.09842626164176896,13,-0.09843835549311188,WLS,51,1.2093851342917517e-05
1,B_svc,2,0.1679618710988118,13,0.16775472795433324,WLS,51,0.00020714314447856097
2,UPFC_Vsh,5-15,1.1082423473857987,13,1.1134707363951042,WLS,51,0.005228389009305445
3,UPFC_tsh,5-15,-0.2447359040931658,13,-0.24468702897118194,WLS,51,4.887512198387123e-05
4,UPFC_Vse,5-15,0.061973623490549176,13,0.06108764641857782,WLS,51,0.0008859770719713556
5,UPFC_tse,5-15,-2.1932709737181852,13,-2.173900401794008,WLS,51,0.019370571924177238
0,x_tcsc,1-14,-0.09843037578563442,14,-0.09843835549311188,WLS,51,7.979707477456799e-06
1,B_svc,2,0.1674989918219237,14,0.16775472795433324,WLS,51,0.0002557361324095342
2,UPFC_Vsh,5-15,1.1090396604679522,14,1.1134707363951042,WLS,51,0.004431075927151973
3,UPFC_tsh,5-15,-0.24470366971557292,14,-0.24468702897118194,WLS,51,1.6640744390977735e-05
4,UPFC_Vse,5-15,0.06189112401849579,14,0.06108764641857782,WLS,51,0.0008034775999179664
5,UPFC_tse,5-15,-2.1896474175206304,14,-2.173900401794008,WLS,51,0.015747015726622404
0,x_tcsc,1-14,-0.09843065922475962,15,-0.09843835549311188,WLS,51,7.696268352258562e-06
1,B_svc,2,0.16745848153696302,15,0.16775472795433324,WLS,51,0.0002962464173702217
2,UPFC_Vsh,5-15,1.1087274701306176,15,1.1134707363951042,WLS,51,0.004743266264486623
3,UPFC_tsh,5-15,-0.24471098436478506,15,-0.24468702897118194,WLS,51,2.3955393603114494e-05
4,UPFC_Vse,5-15,0.06227055561373509,15,0.06108764641857782,WLS,51,0.0011829091951572682
5,UPFC_tse,5-15,-2.1883341955352185,15,-2.173900401794008,WLS,51,0.014433793741210454
0,x_tcsc,1-14,-0.09843566058877552,16,-0.09843835549311188,WLS,51,2.694904336353332e-06
1,B_svc,2,0.1678763843061985,16,0.16775472795433324,WLS,51,0.00012165635186525692
2,UPFC_Vsh,5-15,1.1085960342286356,16,1.1134707363951042,WLS,51,0.00487470216646857
3,UPFC_tsh,5-15,-0.24472065223499187,16,-0.24468702897118194,WLS,51,3.362326380992875e-05
4,UPFC_Vse,5-15,0.06184989664530613,16,0.06108764641857782,WLS,51,0.0007622502267283088
5,UPFC_tse,5-15,-2.1927241566947546,16,-2.173900401794008,WLS,51,0.018823754900746614
0,x_tcsc,1-14,-0.09845006928688997,17,-0.09843835549311188,WLS,51,1.1713793778095338e-05
1,B_svc,2,0.1678239147327967,17,0.16775472795433324,WLS,51,6.918677846345922e-05
2,UPFC_Vsh,5-15,1.108861088331198,17,1.1134707363951042,WLS,51,0.00460964806390618
3,UPFC_tsh,5-15,-0.2446587798912108,17,-0.24468702897118194,WLS,51,2.8249079971148783e-05
4,UPFC_Vse,5-15,0.06270906831292748,17,0.06108764641857782,WLS,51,0.0016214218943496617
5,UPFC_tse,5-15,-2.187428399296064,17,-2.173900401794008,WLS,51,0.01352799750205591
0,x_tcsc,1-14,-0.0984435988297502,18,-0.09843835549311188,WLS,51,5.24333663833032e-06
1,B_svc,2,0.1675572882985011,18,0.16775472795433324,WLS,51,0.0001974396558321323
2,UPFC_Vsh,5-15,1.1086870980373698,18,1.1134707363951042,WLS,51,0.004783638357734432
3,UPFC_tsh,5-15,-0.24467818605542332,18,-0.24468702897118194,WLS,51,8.842915758616732e-06
4,UPFC_Vse,5-15,0.06236041640131802,18,0.06108764641857782,WLS,51,0.0012727699827402017
5,UPFC_tse,5-15,-2.1898788853704065,18,-2.173900401794008,WLS,51,0.015978483576398528
0,x_tcsc,1-14,-0.09843442296979452,19,-0.09843835549311188,WLS,51,3.932523317359826e-06
1,B_svc,2,0.16732303642253996,19,0.16775472795433324,WLS,51,0.0004316915317932879
2,UPFC_Vsh,5-15,1.1086727827168947,19,1.1134707363951042,WLS,51,0.0047979536782094545
3,UPFC_tsh,5-15,-0.24464707538177655,19,-0.24468702897118194,WLS,51,3.995358940539484e-05
4,UPFC_Vse,5-15,0.06216126692408996,19,0.06108764641857782,WLS,51,0.0010736205055121364
5,UPFC_tse,5-15,-2.1880009744407167,19,-2.173900401794008,WLS,51,0.01410057264670872
0,x_tcsc,1-14,-0.09841939755024111,20,-0.09843835549311188,WLS,51,1.8957942870767575e-05
1,B_svc,2,0.16805099844374075,20,0.16775472795433324,WLS,51,0.0002962704894075019
2,UPFC_Vsh,5-15,1.1085893418391188,20,1.1134707363951042,WLS,51,0.004881394555985352
3,UPFC_tsh,5-15,-0.2447200990223304,20,-0.24468702897118194,WLS,51,3.30700511484705e-05
4,UPFC_Vse,5-15,0.06201733296779037,20,0.06108764641857782,WLS,51,0.0009296865492125495
5,UPFC_tse,5-15,-2.1906773036349954,20,-2.173900401794008,WLS,51,0.016776901840987346
0,x_tcsc,1-14,-0.0984317207155284,21,-0.09843835549311188,WLS,51,6.634777583475193e-06
1,B_svc,2,0.16817432340318378,21,0.16775472795433324,WLS,51,0.0004195954488505349
2,UPFC_Vsh,5-15,1.1088402784324696,21,1.1134707363951042,WLS,51,0.004630457962634615
3,UPFC_tsh,5-15,-0.24466879866009933,21,-0.24468702897118194,WLS,51,1.8230311082612083e-05
4,UPFC_Vse,5-15,0.06222106059909197,21,0.06108764641857782,WLS,51,0.0011334141805141515
5,UPFC_tse,5-15,-2.190488768978587,21,-2.173900401794008,WLS,51,0.01658836718457879
0,x_tcsc,1-14,-0.09843273609374203,22,-0.09843835549311188,WLS,51,5.619399369841127e-06
1,B_svc,2,0.16743694954080768,22,0.16775472795433324,WLS,51,0.0003177784135255657
2,UPFC_Vsh,5-15,1.1082531926338313,22,1.1134707363951042,WLS,51,0.005217543761272925
3,UPFC_tsh,5-15,-0.24466924358186382,22,-0.24468702897118194,WLS,51,1.7785389318125677e-05
4,UPFC_Vse,5-15,0.062280077440849395,22,0.06108764641857782,WLS,51,0.0011924310222715742
5,UPFC_tse,5-15,-2.1895343397118974,22,-2.173900401794008,WLS,51,0.015633937917889362
0,x_tcsc,1-14,-0.09844329761360109,23,-0.09843835549311188,WLS,51,4.942120489209723e-06
1,B_svc,2,0.16823964160023594,23,0.16775472795433324,WLS,51,0.0004849136459026959
2,UPFC_Vsh,5-15,1.1081911053575546,23,1.1134707363951042,WLS,51,0.005279631037549581
3,UPFC_tsh,5-15,-0.24471516077502645,23,-0.24468702897118194,WLS,51,2.8131803844505532e-05
4,UPFC_Vse,5-15,0.0622440190508539,23,0.06108764641857782,WLS,51,0.0011563726322760814
5,UPFC_tse,5-15,-2.190113546931934,23,-2.173900401794008,WLS,51,0.016213145137926155
0,x_tcsc,1-14,-0.09841964484843499,24,-0.09843835549311188,WLS,51,1.8710644676886434e-05
1,B_svc,2,0.16817071667984015,24,0.16775472795433324,WLS,51,0.00041598872550691057
2,UPFC_Vsh,5-15,1.1084608423659144,24,1.1134707363951042,WLS,51,0.005009894029189832
3,UPFC_tsh,5-15,-0.24470526108556312,24,-0.24468702897118194,WLS,51,1.823211438117811e-05
4,UPFC_Vse,5-15,0.0627331331705158,24,0.06108764641857782,WLS,51,0.0016454867519379857
5,UPFC_tse,5-15,-2.1922437383408555,24,-2.173900401794008,WLS,51,0.0183433365468475
0,x_tcsc,1-14,-0.0984401897459268,25,-0.09843835549311188,WLS,51,1.8342528149278836e-06
1,B_svc,2,0.16815719737750667,25,0.16775472795433324,WLS,51,0.0004024694231734294
2,UPFC_Vsh,5-15,1.1086458935088368,25,1.1134707363951042,WLS,51,0.004824842886267389
3,UPFC_tsh,5-15,-0.24467747018264754,25,-0.24468702897118194,WLS,51,9.558788534397289e-06
4,UPFC_Vse,5-15,0.06228168684611848,25,0.06108764641857782,WLS,51,0.001194040427540656
5,UPFC_tse,5-15,-2.190935435687922,25,-2.173900401794008,WLS,51,0.01703503389391381
0,x_tcsc,1-14,-0.09844564600640701,26,-0.09843835549311188,WLS,51,7.290513295135637e-06
1,B_svc,2,0.16799635820792344,26,0.16775472795433324,WLS,51,0.00024163025359019707
2,UPFC_Vsh,5-15,1.1085441782301393,26,1.1134707363951042,WLS,51,0.0049265581649649
3,UPFC_tsh,5-15,-0.2446831519284252,26,-0.24468702897118194,WLS,51,3.877042756728066e-06
4,UPFC_Vse,5-15,0.06214433544330122,26,0.06108764641857782,WLS,51,0.0010566890247233965
5,UPFC_tse,5-15,-2.1880014515001145,26,-2.173900401794008,WLS,51,0.014101049706106483
0,x_tcsc,1-14,-0.09844132796782575,27,-0.09843835549311188,WLS,51,2.9724747138692997e-06
1,B_svc,2,0.16779205426665378,27,0.16775472795433324,WLS,51,3.732631232053474e-05
2,UPFC_Vsh,5-15,1.1087402070616061,27,1.1134707363951042,WLS,51,0.004730529333498046
3,UPFC_tsh,5-15,-0.24473378027991807,27,-0.24468702897118194,WLS,51,4.6751308736131536e-05
4,UPFC_Vse,5-15,0.06194486404103813,27,0.06108764641857782,WLS,51,0.0008572176224603059
5,UPFC_tse,5-15,-2.1925582711147924,27,-2.173900401794008,WLS,51,0.018657869320784393
0,x_tcsc,1-14,-0.09844100388068079,28,-0.09843835549311188,WLS,51,2.648387568915389e-06
1,B_svc,2,0.16771412745042952,28,0.16775472795433324,WLS,51,4.060050390372605e-05
2,UPFC_Vsh,5-15,1.1085343260064857,28,1.1134707363951042,WLS,51,0.004936410388618473
3,UPFC_tsh,5-15,-0.24476090452427,28,-0.24468702897118194,WLS,51,7.38755530880486e-05
4,UPFC_Vse,5-15,0.06239314812797943,28,0.06108764641857782,WLS,51,0.0013055017094016075
5,UPFC_tse,5-15,-2.189746860186969,28,-2.173900401794008,WLS,51,0.01584645839296117
0,x_tcsc,1-14,-0.09843539359742422,29,-0.09843835549311188,WLS,51,2.9618956876587e-06
1,B_svc,2,0.16758388406647487,29,0.16775472795433324,WLS,51,0.000170843887858374
2,UPFC_Vsh,5-15,1.1087161706933266,29,1.1134707363951042,WLS,51,0.004754565701777569
3,UPFC_tsh,5-15,-0.24462298566769258,29,-0.24468702897118194,WLS,51,6.404330348935838e-05
4,UPFC_Vse,5-15,0.06203131208008103,29,0.06108764641857782,WLS,51,0.0009436656615032096
5,UPFC_tse,5-15,-2.1921592911320675,29,-2.173900401794008,WLS,51,0.018258889338059525
0,x_tcsc,1-14,-0.09843624327227322,30,-0.09843835549311188,WLS,51,2.1122208386514796e-06
1,B_svc,2,0.16787854779469133,30,0.16775472795433324,WLS,51,0.0001238198403580859
2,UPFC_Vsh,5-15,1.1085010534605033,30,1.1134707363951042,WLS,51,0.004969682934600872
3,UPFC_tsh,5-15,-0.24474197327895114,30,-0.24468702897118194,WLS,51,5.494430776920023e-05
4,UPFC_Vse,5-15,0.06262853271152681,30,0.06108764641857782,WLS,51,0.0015408862929489897
5,UPFC_tse,5-15,-2.1905902344284214,30,-2.173900401794008,WLS,51,0.01668983263441337
0,x_tcsc,1-14,-0.09844039123683523,31,-0.09843835549311188,WLS,51,2.03574372335813e-06
1,B_svc,2,0.16765085340330302,31,0.16775472795433324,WLS,51,0.00010387455103022525
2,UPFC_Vsh,5-15,1.1087342954191737,31,1.1134707363951042,WLS,51,0.0047364409759305115
3,UPFC_tsh,5-15,-0.24464453639745265,31,-0.24468702897118194,WLS,51,4.249257372929138e-05
4,UPFC_Vse,5-15,0.06224449345380013,31,0.06108764641857782,WLS,51,0.0011568470352223068
5,UPFC_tse,5-15,-2.19150669483094,31,-2.173900401794008,WLS,51,0.01760629303693184
0,x_tcsc,1-14,-0.09843386240057829,32,-0.09843835549311188,WLS,51,4.493092533586207e-06
1,B_svc,2,0.1680146279538359,32,0.16775472795433324,WLS,51,0.0002598999995026552
2,UPFC_Vsh,5-15,1.1087295264992763,32,1.1134707363951042,WLS,51,0.004741209895827936
3,UPFC_tsh,5-15,-0.24465651936600905,32,-0.24468702897118194,WLS,51,3.0509605172895915e-05
4,UPFC_Vse,5-15,0.06225952189437694,32,0.06108764641857782,WLS,51,0.0011718754757991182
5,UPFC_tse,5-15,-2.1888794004326546,32,-2.173900401794008,WLS,51,0.014978998638646601
0,x_tcsc,1-14,-0.09843686409068003,33,-0.09843835549311188,WLS,51,1.491402431844091e-06
1,B_svc,2,0.16748757557416363,33,0.16775472795433324,WLS,51,0.00026715238016961074
2,UPFC_Vsh,5-15,1.1085313268444767,33,1.1134707363951042,WLS,51,0.004939409550627438
3,UPFC_tsh,5-15,-0.24468239112588183,33,-0.24468702897118194,WLS,51,4.637845300109467e-06
4,UPFC_Vse,5-15,0.062251202635093573,33,0.06108764641857782,WLS,51,0.0011635562165157529
5,UPFC_tse,5-15,-2.190313210475468,33,-2.173900401794008,WLS,51,0.01641280868145989
0,x_tcsc,1-14,-0.09843384653265552,34,-0.09843835549311188,WLS,51,4.508960456353628e-06
1,B_svc,2,0.16787565652586656,34,0.16775472795433324,WLS,51,0.00012092857153331305
2,UPFC_Vsh,5-15,1.1086320937780754,34,1.1134707363951042,WLS,51,0.004838642617028821
3,UPFC_tsh,5-15,-0.2447533716364972,34,-0.24468702897118194,WLS,51,6.634266531527211e-05
4,UPFC_Vse,5-15,0.0628162305053058,34,0.06108764641857782,WLS,51,0.0017285840867279773
5,UPFC_tse,5-15,-2.1859341394248997,34,-2.173900401794008,WLS,51,0.012033737630891661
0,x_tcsc,1-14,-0.09843465882683572,35,-0.09843835549311188,WLS,51,3.6966662761567237e-06
1,B_svc,2,0.1680214018404375,35,0.16775472795433324,WLS,51,0.00026667388610426834
2,UPFC_Vsh,5-15,1.1086682890367234,35,1.1134707363951042,WLS,51,0.004802447358380757
3,UPFC_tsh,5-15,-0.24471927891032821,35,-0.24468702897118194,WLS,51,3.224993914627272e-05
4,UPFC_Vse,5-15,0.06261741062853678,35,0.06108764641857782,WLS,51,0.001529764209958956
5,UPFC_tse,5-15,-2.1883561520328723,35,-2.173900401794008,WLS,51,0.014455750238864251
0,x_tcsc,1-14,-0.09842922109535748,36,-0.09843835549311188,WLS,51,9.134397754392842e-06
1,B_svc,2,0.16781167295039207,36,0.16775472795433324,WLS,51,5.694499605882197e-05
2,UPFC_Vsh,5-15,1.1088001775481435,36,1.1134707363951042,WLS,51,0.00467055884696066
3,UPFC_tsh,5-15,-0.2447247758131883,36,-0.24468702897118194,WLS,51,3.7746842006358694e-05
4,UPFC_Vse,5-15,0.06206367497694448,36,0.06108764641857782,WLS,51,0.0009760285583666622
5,UPFC_tse,5-15,-2.1905121531378047,36,-2.173900401794008,WLS,51,0.016611751343796666
0,x_tcsc,1-14,-0.09843071159364294,37,-0.09843835549311188,WLS,51,7.643899468931514e-06
1,B_svc,2,0.16739108604845768,37,0.16775472795433324,WLS,51,0.0003636419058755669
2,UPFC_Vsh,5-15,1.108516723498296,37,1.1134707363951042,WLS,51,0.004954012896808191
3,UPFC_tsh,5-15,-0.24473090298798056,37,-0.24468702897118194,WLS,51,4.3874016798617355e-05
4,UPFC_Vse,5-15,0.061939893913503026,37,0.06108764641857782,WLS,51,0.0008522474949252054
5,UPFC_tse,5-15,-2.1928129103599425,37,-2.173900401794008,WLS,51,0.018912508565934516
0,x_tcsc,1-14,-0.0984291488739102,38,-0.09843835549311188,WLS,51,9.20661920167376e-06
1,B_svc,2,0.16717258412824357,38,0.16775472795433324,WLS,51,0.0005821438260896761
2,UPFC_Vsh,5-15,1.1083435163803808,38,1.1134707363951042,WLS,51,0.005127220014723433
3,UPFC_tsh,5-15,-0.24475092490020678,38,-0.24468702897118194,WLS,51,6.389592902483754e-05
4,UPFC_Vse,5-15,0.06229305321885595,38,0.06108764641857782,WLS,51,0.0012054068002781276
5,UPFC_tse,5-15,-2.186777488306508,38,-2.173900401794008,WLS,51,0.012877086512499858
0,x_tcsc,1-14,-0.09844092522308082,39,-0.09843835549311188,WLS,51,2.5697299689403375e-06
1,B_svc,2,0.1677743302445929,39,0.16775472795433324,WLS,51,1.9602290259657096e-05
2,UPFC_Vsh,5-15,1.108232841944334,39,1.1134707363951042,WLS,51,0.005237894450770275
3,UPFC_tsh,5-15,-0.24472448032583255,39,-0.24468702897118194,WLS,51,3.745135465060834e-05
4,UPFC_Vse,5-15,0.062116867030879236,39,0.06108764641857782,WLS,51,0.0010292206123014153
5,UPFC_tse,5-15,-2.1883697600000978,39,-2.173900401794008,WLS,51,0.014469358206089744
0,x_tcsc,1-14,-0.09844426085130102,40,-0.09843835549311188,WLS,51,5.905358189145504e-06
1,B_svc,2,0.16702301840940353,40,0.16775472795433324,WLS,51,0.0007317095449297095
2,UPFC_Vsh,5-15,1.1087669535067979,40,1.1134707363951042,WLS,51,0.004703782888306307
3,UPFC_tsh,5-15,-0.24468226628055292,40,-0.24468702897118194,WLS,51,4.762690629017685e-06
4,UPFC_Vse,5-15,0.062136917670121763,40,0.06108764641857782,WLS,51,0.0010492712515439429
5,UPFC_tse,5-15,-2.1888438383453432,40,-2.173900401794008,WLS,51,0.014943436551335232
0,x_tcsc,1-14,-0.0984382342527791,41,-0.09843835549311188,WLS,51,1.2124033277327584e-07
1,B_svc,2,0.16778237404199653,41,0.16775472795433324,WLS,51,2.764608766328558e-05
2,UPFC_Vsh,5-15,1.108992901427042,41,1.1134707363951042,WLS,51,0.004477834968062089
3,UPFC_tsh,5-15,-0.24464252648908252,41,-0.24468702897118194,WLS,51,4.450248209941776e-05
4,UPFC_Vse,5-15,0.06236169955049164,41,0.06108764641857782,WLS,51,0.0012740531319138174
5,UPFC_tse,5-15,-2.189800917069073,41,-2.173900401794008,WLS,51,0.015900515275065086
0,x_tcsc,1-14,-0.09844809453505074,42,-0.09843835549311188,WLS,51,9.739041938863768e-06
1,B_svc,2,0.16764492439513864,42,0.16775472795433324,WLS,51,0.00010980355919459894
2,UPFC_Vsh,5-15,1.1082490846868212,42,1.1134707363951042,WLS,51,0.005221651708283037
3,UPFC_tsh,5-15,-0.24473561494990284,42,-0.24468702897118194,WLS,51,4.858597872089976e-05
4,UPFC_Vse,5-15,0.06194772752447956,42,0.06108764641857782,WLS,51,0.0008600811059017374
5,UPFC_tse,5-15,-2.1902509861840205,42,-2.173900401794008,WLS,51,0.016350584390012468
0,x_tcsc,1-14,-0.09844090211684046,43,-0.09843835549311188,WLS,51,2.546623728588715e-06
1,B_svc,2,0.1678574168723909,43,0.16775472795433324,WLS,51,0.00010268891805764735
2,UPFC_Vsh,5-15,1.1086464500985242,43,1.1134707363951042,WLS,51,0.004824286296579938
3,UPFC_tsh,5-15,-0.24471142094960563,43,-0.24468702897118194,WLS,51,2.43919784236879e-05
4,UPFC_Vse,5-15,0.06259821453104847,43,0.06108764641857782,WLS,51,0.0015105681124706477
5,UPFC_tse,5-15,-2.191267586204583,43,-2.173900401794008,WLS,51,0.017367184410574943
0,x_tcsc,1-14,-0.09841965376090803,44,-0.09843835549311188,WLS,51,1.8701732203849075e-05
1,B_svc,2,0.16818971430641066,44,0.16775472795433324,WLS,51,0.0004349863520774211
2,UPFC_Vsh,5-15,1.1087116953542213,44,1.1134707363951042,WLS,51,0.004759041040882872
3,UPFC_tsh,5-15,-0.2447085518152877,44,-0.24468702897118194,WLS,51,2.1522844105753558e-05
4,UPFC_Vse,5-15,0.06297220972225574,44,0.06108764641857782,WLS,51,0.001884563303677922
5,UPFC_tse,5-15,-2.1870372049135107,44,-2.173900401794008,WLS,51,0.013136803119502716
0,x_tcsc,1-14,-0.09843323970912442,45,-0.09843835549311188,WLS,51,5.115783987458267e-06
1,B_svc,2,0.168003799143258,45,0.16775472795433324,WLS,51,0.00024907118892475433
2,UPFC_Vsh,5-15,1.1086126485038665,45,1.1134707363951042,WLS,51,0.00485808789123765
3,UPFC_tsh,5-15,-0.24468001823670288,45,-0.24468702897118194,WLS,51,7.010734479062641e-06
4,UPFC_Vse,5-15,0.06254403473604016,45,0.06108764641857782,WLS,51,0.001456388317462337
5,UPFC_tse,5-15,-2.190679057154242,45,-2.173900401794008,WLS,51,0.01677865536023404
0,x_tcsc,1-14,-0.09843099941393313,46,-0.09843835549311188,WLS,51,7.3560791787469215e-06
1,B_svc,2,0.16777584756687672,46,0.16775472795433324,WLS,51,2.1119612543474275e-05
2,UPFC_Vsh,5-15,1.1085674169348563,46,1.1134707363951042,WLS,51,0.004903319460247912
3,UPFC_tsh,5-15,-0.24474709593977426,46,-0.24468702897118194,WLS,51,6.006696859231497e-05
4,UPFC_Vse,5-15,0.06235722408953577,46,0.06108764641857782,WLS,51,0.0012695776709579498
5,UPFC_tse,5-15,-2.1875673126593194,46,-2.173900401794008,WLS,51,0.013666910865311355
0,x_tcsc,1-14,-0.09843785734060757,47,-0.09843835549311188,WLS,51,4.981525043024071e-07
1,B_svc,2,0.16752372855779138,47,0.16775472795433324,WLS,51,0.0002309993965418644
2,UPFC_Vsh,5-15,1.1090200217866346,47,1.1134707363951042,WLS,51,0.004450714608469575
3,UPFC_tsh,5-15,-0.24467329190135098,47,-0.24468702897118194,WLS,51,1.3737069830960236e-05
4,UPFC_Vse,5-15,0.0620964623624061,47,0.06108764641857782,WLS,51,0.0010088159438282826
5,UPFC_tse,5-15,-2.192408147722936,47,-2.173900401794008,WLS,51,0.01850774592892801
0,x_tcsc,1-14,-0.0984465294945059,48,-0.09843835549311188,WLS,51,8.174001394023467e-06
1,B_svc,2,0.16761846511699724,48,0.16775472795433324,WLS,51,0.0001362628373360042
2,UPFC_Vsh,5-15,1.1086356341326333,48,1.1134707363951042,WLS,51,0.004835102262470858
3,UPFC_tsh,5-15,-0.2446856244918734,48,-0.24468702897118194,WLS,51,1.4044793085477014e-06
4,UPFC_Vse,5-15,0.06185337087120644,48,0.06108764641857782,WLS,51,0.0007657244526286175
5,UPFC_tse,5-15,-2.191862695097334,48,-2.173900401794008,WLS,51,0.017962293303325882
0,x_tcsc,1-14,-0.09843664385682048,49,-0.09843835549311188,WLS,51,1.7116362913960348e-06
1,B_svc,2,0.16812491236370355,49,0.16775472795433324,WLS,51,0.00037018440937031105
2,UPFC_Vsh,5-15,1.1085028702823685,49,1.1134707363951042,WLS,51,0.004967866112735697
3,UPFC_tsh,5-15,-0.24468782163258074,49,-0.24468702897118194,WLS,51,7.926613987963016e-07
4,UPFC_Vse,5-15,0.06203677754508555,49,0.06108764641857782,WLS,51,0.0009491311265077268
5,UPFC_tse,5-15,-2.190176565499079,49,-2.173900401794008,WLS,51,0.01627616370507079
0,x_tcsc,1-14,-0.0984286795463912,50,-0.09843835549311188,WLS,51,9.675946720674733e-06
1,B_svc,2,0.16760406402629535,50,0.16775472795433324,WLS,51,0.00015066392803789186
2,UPFC_Vsh,5-15,1.108118955382659,50,1.1134707363951042,WLS,51,0.005351781012445267
3,UPFC_tsh,5-15,-0.24473101227435118,50,-0.24468702897118194,WLS,51,4.3983303169237153e-05
4,UPFC_Vse,5-15,0.0627181100479121,50,0.06108764641857782,WLS,51,0.0016304636293342778
5,UPFC_tse,5-15,-2.1898907157641103,50,-2.173900401794008,WLS,51,0.01599031397010231
0,x_tcsc,1-14,-0.09844042024284919,51,-0.09843835549311188,WLS,51,2.0647497373099677e-06
1,B_svc,2,0.16796310934329794,51,0.16775472795433324,WLS,51,0.00020838138896470126
2,UPFC_Vsh,5-15,1.1085280437306237,51,1.1134707363951042,WLS,51,0.004942692664480441
3,UPFC_tsh,5-15,-0.24472485318196815,51,-0.24468702897118194,WLS,51,3.7824210786213674e-05
4,UPFC_Vse,5-15,0.0624526590464771,51,0.06108764641857782,WLS,51,0.00136501262789928
5,UPFC_tse,5-15,-2.1902167049929924,51,-2.173900401794008,WLS,51,0.01631630319898436
0,x_tcsc,1-14,-0.09843736172845899,52,-0.09843835549311188,WLS,51,9.937646528873634e-07
1,B_svc,2,0.16813629145750336,52,0.16775472795433324,WLS,51,0.0003815635031701181
2,UPFC_Vsh,5-15,1.1086038520312145,52,1.1134707363951042,WLS,51,0.004866884363889712
3,UPFC_tsh,5-15,-0.24469200447119396,52,-0.24468702897118194,WLS,51,4.975500012022183e-06
4,UPFC_Vse,5-15,0.06256779837508429,52,0.06108764641857782,WLS,51,0.0014801519565064702
5,UPFC_tse,5-15,-2.1889420894866927,52,-2.173900401794008,WLS,51,0.015041687692684658
0,x_tcsc,1-14,-0.09842807206359466,53,-0.09843835549311188,WLS,51,1.0283429517213283e-05
1,B_svc,2,0.16759181448605684,53,0.16775472795433324,WLS,51,0.0001629134682764044
2,UPFC_Vsh,5-15,1.1086096919555484,53,1.1134707363951042,WLS,51,0.004861044439555817
3,UPFC_tsh,5-15,-0.24463406017136874,53,-0.24468702897118194,WLS,51,5.296879981320224e-05
4,UPFC_Vse,5-15,0.06229280900228974,53,0.06108764641857782,WLS,51,0.0012051625837119218
5,UPFC_tse,5-15,-2.186901427192374,53,-2.173900401794008,WLS,51,0.013001025398366117
0,x_tcsc,1-14,-0.09844540719811144,54,-0.09843835549311188,WLS,51,7.051704999566644e-06
1,B_svc,2,0.16791014090213188,54,0.16775472795433324,WLS,51,0.0001554129477986388
2,UPFC_Vsh,5-15,1.1088581015545456,54,1.1134707363951042,WLS,51,0.004612634840558627
3,UPFC_tsh,5-15,-0.24471968642231046,54,-0.24468702897118194,WLS,51,3.2657451128514925e-05
4,UPFC_Vse,5-15,0.062302726540308155,54,0.06108764641857782,WLS,51,0.0012150801217303345
5,UPFC_tse,5-15,-2.1900556768309434,54,-2.173900401794008,WLS,51,0.016155275036935368
0,x_tcsc,1-14,-0.0984361585722314,55,-0.09843835549311188,WLS,51,2.1969208804789586e-06
1,B_svc,2,0.16827519670726,55,0.16775472795433324,WLS,51,0.0005204687529267449
2,UPFC_Vsh,5-15,1.108616585705868,55,1.1134707363951042,WLS,51,0.004854150689236114
3,UPFC_tsh,5-15,-0.24468878486297885,55,-0.24468702897118194,WLS,51,1.7558917969062726e-06
4,UPFC_Vse,5-15,0.06258760044048373,55,0.06108764641857782,WLS,51,0.0014999540219059054
5,UPFC_tse,5-15,-2.191825336367955,55,-2.173900401794008,WLS,51,0.01792493457394695
0,x_tcsc,1-14,-0.09843110926754478,56,-0.09843835549311188,WLS,51,7.246225567095199e-06
1,B_svc,2,0.16813344916000758,56,0.16775472795433324,WLS,51,0.0003787212056743372
2,UPFC_Vsh,5-15,1.108392742990459,56,1.1134707363951042,WLS,51,0.005077993404645209
3,UPFC_tsh,5-15,-0.2447711940409982,56,-0.24468702897118194,WLS,51,8.416506981626104e-05
4,UPFC_Vse,5-15,0.062073826001070094,56,0.06108764641857782,WLS,51,0.0009861795824922734
5,UPFC_tse,5-15,-2.1884569331652104,56,-2.173900401794008,WLS,51,0.014556531371202386
0,x_tcsc,1-14,-0.09843690116976869,57,-0.09843835549311188,WLS,51,1.4543233431835167e-06
1,B_svc,2,0.16801812478636002,57,0.16775472795433324,WLS,51,0.0002633968320267799
2,UPFC_Vsh,5-15,1.1079466688227433,57,1.1134707363951042,WLS,51,0.005524067572360902
3,UPFC_tsh,5-15,-0.24470828499429112,57,-0.24468702897118194,WLS,51,2.1256023109178512e-05
4,UPFC_Vse,5-15,0.06195593567400364,57,0.06108764641857782,WLS,51,0.0008682892554258206
5,UPFC_tse,5-15,-2.1883971136405695,57,-2.173900401794008,WLS,51,0.014496711846561539
0,x_tcsc,1-14,-0.0984242348378375,58,-0.09843835549311188,WLS,51,1.4120655274382776e-05
1,B_svc,2,0.1677251759164566,58,0.16775472795433324,WLS,51,2.9552037876634518e-05
2,UPFC_Vsh,5-15,1.1085531393748846,58,1.1134707363951042,WLS,51,0.004917597020219544
3,UPFC_tsh,5-15,-0.2446953595300195,58,-0.24468702897118194,WLS,51,8.330558837560398e-06
4,UPFC_Vse,5-15,0.06227196040677599,58,0.06108764641857782,WLS,51,0.0011843139881981685
5,UPFC_tse,5-15,-2.189065704297729,58,-2.173900401794008,WLS,51,0.015165302503720834
0,x_tcsc,1-14,-0.09842543036156176,59,-0.09843835549311188,WLS,51,1.2925131550114988e-05
1,B_svc,2,0.16767388021955115,59,0.16775472795433324,WLS,51,8.084773478209129e-05
2,UPFC_Vsh,5-15,1.1083896346408177,59,1.1134707363951042,WLS,51,0.005081101754286443
3,UPFC_tsh,5-15,-0.2447430134750943,59,-0.24468702897118194,WLS,51,5.59845039123652e-05
4,UPFC_Vse,5-15,0.06230228363769907,59,0.06108764641857782,WLS,51,0.0012146372191212465
5,UPFC_tse,5-15,-2.1901312307108896,59,-2.173900401794008,WLS,51,0.016230828916881546
0,x_tcsc,1-14,-0.09843979583541299,60,-0.09843835549311188,WLS,51,1.440342301109454e-06
1,B_svc,2,0.16816136658872846,60,0.16775472795433324,WLS,51,0.00040663863439521775
2,UPFC_Vsh,5-15,1.1086862458236464,60,1.1134707363951042,WLS,51,0.0047844905714578
3,UPFC_tsh,5-15,-0.2447561095951934,60,-0.24468702897118194,WLS,51,6.908062401145276e-05
4,UPFC_Vse,5-15,0.06216116463686379,60,0.06108764641857782,WLS,51,0.0010735182182859682
5,UPFC_tse,5-15,-2.190461881541344,60,-2.173900401794008,WLS,51,0.016561479747335905
0,x_tcsc,1-14,-0.09842691994714804,61,-0.09843835549311188,WLS,51,1.1435545963833782e-05
1,B_svc,2,0.16776296254772127,61,0.16775472795433324,WLS,51,8.23459338802901e-06
2,UPFC_Vsh,5-15,1.1082844937972152,61,1.1134707363951042,WLS,51,0.005186242597889024
3,UPFC_tsh,5-15,-0.24474344738717943,61,-0.24468702897118194,WLS,51,5.641841599748898e-05
4,UPFC_Vse,5-15,0.06252814019853521,61,0.06108764641857782,WLS,51,0.0014404937799573914
5,UPFC_tse,5-15,-2.188184215967362,61,-2.173900401794008,WLS,51,0.014283814173353893
0,x_tcsc,1-14,-0.09842657124266219,62,-0.09843835549311188,WLS,51,1.178425044968956e-05
1,B_svc,2,0.1674492269662713,62,0.16775472795433324,WLS,51,0.0003055009880619519
2,UPFC_Vsh,5-15,1.108583687927498,62,1.1134707363951042,WLS,51,0.0048870484676062365
3,UPFC_tsh,5-15,-0.24472565981614122,62,-0.24468702897118194,WLS,51,3.863084495928093e-05
4,UPFC_Vse,5-15,0.062320799634753496,62,0.06108764641857782,WLS,51,0.0012331532161756753
5,UPFC_tse,5-15,-2.1924021885901737,62,-2.173900401794008,WLS,51,0.018501786796165653
0,x_tcsc,1-14,-0.09842805875367777,63,-0.09843835549311188,WLS,51,1.029673943410414e-05
1,B_svc,2,0.16755846125777782,63,0.16775472795433324,WLS,51,0.00019626669655542495
2,UPFC_Vsh,5-15,1.1086492384166269,63,1.1134707363951042,WLS,51,0.004821497978477307
3,UPFC_tsh,5-15,-0.24473719392247897,63,-0.24468702897118194,WLS,51,5.016495129703258e-05
4,UPFC_Vse,5-15,0.061896633790885426,63,0.06108764641857782,WLS,51,0.0008089873723076055
5,UPFC_tse,5-15,-2.1896920027027353,63,-2.173900401794008,WLS,51,0.015791600908727332
0,x_tcsc,1-14,-0.09843193741716048,64,-0.09843835549311188,WLS,51,6.418075951392099e-06
1,B_svc,2,0.1677605904656932,64,0.16775472795433324,WLS,51,5.862511359949751e-06
2,UPFC_Vsh,5-15,1.1081678185206991,64,1.1134707363951042,WLS,51,0.0053029178744050665
3,UPFC_tsh,5-15,-0.2447117845070538,64,-0.24468702897118194,WLS,51,2.4755535871862078e-05
4,UPFC_Vse,5-15,0.062318935805894926,64,0.06108764641857782,WLS,51,0.0012312893873171055
5,UPFC_tse,5-15,-2.190012791184526,64,-2.173900401794008,WLS,51,0.016112389390518178
0,x_tcsc,1-14,-0.0984413692225649,65,-0.09843835549311188,WLS,51,3.0137294530219183e-06
1,B_svc,2,0.1680588475699794,65,0.16775472795433324,WLS,51,0.0003041196156461645
2,UPFC_Vsh,5-15,1.1088519590299455,65,1.1134707363951042,WLS,51,0.004618777365158699
3,UPFC_tsh,5-15,-0.244698575500844,65,-0.24468702897118194,WLS,51,1.1546529662065375e-05
4,UPFC_Vse,5-15,0.06205895787140305,65,0.06108764641857782,WLS,51,0.0009713114528252312
5,UPFC_tse,5-15,-2.193165606057322,65,-2.173900401794008,WLS,51,0.01926520426331413
0,x_tcsc,1-14,-0.09843064496697493,66,-0.09843835549311188,WLS,51,7.71052613694756e-06
1,B_svc,2,0.1679305408928722,66,0.16775472795433324,WLS,51,0.00017581293853896618
2,UPFC_Vsh,5-15,1.1086364416749641,66,1.1134707363951042,WLS,51,0.0048342947201400754
3,UPFC_tsh,5-15,-0.24470218297480464,66,-0.24468702897118194,WLS,51,1.5154003622702694e-05
4,UPFC_Vse,5-15,0.06238119026988428,66,0.06108764641857782,WLS,51,0.001293543851306457
5,UPFC_tse,5-15,-2.1873468381313455,66,-2.173900401794008,WLS,51,0.013446436337337442
0,x_tcsc,1-14,-0.09843799127019773,67,-0.09843835549311188,WLS,51,3.642229141481712e-07
1,B_svc,2,0.16786525718030973,67,0.16775472795433324,WLS,51,0.00011052922597648562
2,UPFC_Vsh,5-15,1.1084433602522377,67,1.1134707363951042,WLS,51,0.005027376142866524
3,UPFC_tsh,5-15,-0.24470872530414683,67,-0.24468702897118194,WLS,51,2.1696332964893372e-05
4,UPFC_Vse,5-15,0.06245549711393118,67,0.06108764641857782,WLS,51,0.001367850695353362
5,UPFC_tse,5-15,-2.188656173307349,67,-2.173900401794008,WLS,51,0.014755771513340843
0,x_tcsc,1-14,-0.09843588797723223,68,-0.09843835549311188,WLS,51,2.4675158796505503e-06
1,B_svc,2,0.16800033645316143,68,0.16775472795433324,WLS,51,0.0002456084988281815
2,UPFC_Vsh,5-15,1.1088353522846244,68,1.1134707363951042,WLS,51,0.004635384110479812
3,UPFC_tsh,5-15,-0.2446316645241786,68,-0.24468702897118194,WLS,51,5.536444700335319e-05
4,UPFC_Vse,5-15,0.061796642443552735,68,0.06108764641857782,WLS,51,0.0007089960249749144
5,UPFC_tse,5-15,-2.1878517828784974,68,-2.173900401794008,WLS,51,0.013951381084489345
0,x_tcsc,1-14,-0.09843661242263682,69,-0.09843835549311188,WLS,51,1.743070475054842e-06
1,B_svc,2,0.1676699587718162,69,0.16775472795433324,WLS,51,8.476918251704157e-05
2,UPFC_Vsh,5-15,1.1081851225856387,69,1.1134707363951042,WLS,51,0.0052856138094654614
3,UPFC_tsh,5-15,-0.24470855577835593,69,-0.24468702897118194,WLS,51,2.152680717398825e-05
4,UPFC_Vse,5-15,0.061854843319295486,69,0.06108764641857782,WLS,51,0.0007671969007176649
5,UPFC_tse,5-15,-2.1902834194819087,69,-2.173900401794008,WLS,51,0.016383017687900736
0,x_tcsc,1-14,-0.09843989186142216,70,-0.09843835549311188,WLS,51,1.5363683102814774e-06
1,B_svc,2,0.16737495012977804,70,0.16775472795433324,WLS,51,0.0003797778245551997
2,UPFC_Vsh,5-15,1.1083669954363067,70,1.1134707363951042,WLS,51,0.005103740958797509
3,UPFC_tsh,5-15,-0.2446978100750029,70,-0.24468702897118194,WLS,51,1.0781103820967086e-05
4,UPFC_Vse,5-15,0.061983236009680254,70,0.06108764641857782,WLS,51,0.0008955895911024331
5,UPFC_tse,5-15,-2.188963094916861,70,-2.173900401794008,WLS,51,0.0150626931228528
0,x_tcsc,1-14,-0.09843868225212035,71,-0.09843835549311188,WLS,51,3.2675900847600747e-07
1,B_svc,2,0.16778620404925032,71,0.16775472795433324,WLS,51,3.14760949170767e-05
2,UPFC_Vsh,5-15,1.1087265129627186,71,1.1134707363951042,WLS,51,0.004744223432385564
3,UPFC_tsh,5-15,-0.244654814106973,71,-0.24468702897118194,WLS,51,3.221486420892927e-05
4,UPFC_Vse,5-15,0.06276791026654627,71,0.06108764641857782,WLS,51,0.0016802638479684467
5,UPFC_tse,5-15,-2.185550016964484,71,-2.173900401794008,WLS,51,0.011649615170476135
0,x_tcsc,1-14,-0.09844282315638381,72,-0.09843835549311188,WLS,51,4.467663271931488e-06
1,B_svc,2,0.16739275309627327,72,0.16775472795433324,WLS,51,0.0003619748580599713
2,UPFC_Vsh,5-15,1.108444241026503,72,1.1134707363951042,WLS,51,0.005026495368601225
3,UPFC_tsh,5-15,-0.24470421511455737,72,-0.24468702897118194,WLS,51,1.718614337542501e-05
4,UPFC_Vse,5-15,0.06216404713981906,72,0.06108764641857782,WLS,51,0.0010764007212412385
5,UPFC_tse,5-15,-2.1911372966918186,72,-2.173900401794008,WLS,51,0.01723689489781055
0,x_tcsc,1-14,-0.098434223474557,73,-0.09843835549311188,WLS,51,4.132018554869887e-06
1,B_svc,2,0.16824997240361353,73,0.16775472795433324,WLS,51,0.0004952444492802854
2,UPFC_Vsh,5-15,1.1087402466832368,73,1.1134707363951042,WLS,51,0.004730489711867403
3,UPFC_tsh,5-15,-0.2447273473876949,73,-0.24468702897118194,WLS,51,4.031841651294665e-05
4,UPFC_Vse,5-15,0.062277543926358654,73,0.06108764641857782,WLS,51,0.0011898975077808335
5,UPFC_tse,5-15,-2.1896617100161935,73,-2.173900401794008,WLS,51,0.015761308222185466
0,x_tcsc,1-14,-0.09843357127690658,74,-0.09843835549311188,WLS,51,4.7842162052974535e-06
1,B_svc,2,0.1680385581035283,74,0.16775472795433324,WLS,51,0.0002838301491950579
2,UPFC_Vsh,5-15,1.1085038533171847,74,1.1134707363951042,WLS,51,0.004966883077919482
3,UPFC_tsh,5-15,-0.24474844896580494,74,-0.24468702897118194,WLS,51,6.141999462300207e-05
4,UPFC_Vse,5-15,0.06216275340661018,74,0.06108764641857782,WLS,51,0.0010751069880323566
5,UPFC_tse,5-15,-2.1913783815249093,74,-2.173900401794008,WLS,51,0.01747797973090126
0,x_tcsc,1-14,-0.09844386075354446,75,-0.09843835549311188,WLS,51,5.505260432581149e-06
1,B_svc,2,0.1679791912940673,75,0.16775472795433324,WLS,51,0.00022446333973405452
2,UPFC_Vsh,5-15,1.1087026008955732,75,1.1134707363951042,WLS,51,0.004768135499531034
3,UPFC_tsh,5-15,-0.24460580211532754,75,-0.24468702897118194,WLS,51,8.122685585440492e-05
4,UPFC_Vse,5-15,0.06204424640446385,75,0.06108764641857782,WLS,51,0.000956599985886028
5,UPFC_tse,5-15,-2.192027172747127,75,-2.173900401794008,WLS,51,0.01812677095311921
0,x_tcsc,1-14,-0.09844138649857297,76,-0.09843835549311188,WLS,51,3.0310054610904746e-06
1,B_svc,2,0.16844303395970572,76,0.16775472795433324,WLS,51,0.0006883060053724799
2,UPFC_Vsh,5-15,1.1085739696457628,76,1.1134707363951042,WLS,51,0.004896766749341364
3,UPFC_tsh,5-15,-0.24468499918908043,76,-0.24468702897118194,WLS,51,2.02978210150917e-06
4,UPFC_Vse,5-15,0.062093581863575296,76,0.06108764641857782,WLS,51,0.0010059354449974758
5,UPFC_tse,5-15,-2.1879213131942805,76,-2.173900401794008,WLS,51,0.014020911400272507
0,x_tcsc,1-14,-0.09843200456047863,77,-0.09843835549311188,WLS,51,6.3509326332505944e-06
1,B_svc,2,0.16762487680961102,77,0.16775472795433324,WLS,51,0.0001298511447222206
2,UPFC_Vsh,5-15,1.108361950191769,77,1.1134707363951042,WLS,51,0.005108786203335214
3,UPFC_tsh,5-15,-0.24477935515938387,77,-0.24468702897118194,WLS,51,9.232618820192995e-05
4,UPFC_Vse,5-15,0.06275532211815038,77,0.06108764641857782,WLS,51,0.00166767569957256
5,UPFC_tse,5-15,-2.1883890375845296,77,-2.173900401794008,WLS,51,0.01448863579052162
0,x_tcsc,1-14,-0.09844297816423399,78,-0.09843835549311188,WLS,51,4.62267112211201e-06
1,B_svc,2,0.16740214188437494,78,0.16775472795433324,WLS,51,0.000352586069958305
2,UPFC_Vsh,5-15,1.108571487664412,78,1.1134707363951042,WLS,51,0.004899248730692252
3,UPFC_tsh,5-15,-0.2446563839973474,78,-0.24468702897118194,WLS,51,3.0644973834537126e-05
4,UPFC_Vse,5-15,0.06251809715757736,78,0.06108764641857782,WLS,51,0.001430450738999542
5,UPFC_tse,5-15,-2.188451058637544,78,-2.173900401794008,WLS,51,0.014550656843535847
0,x_tcsc,1-14,-0.09843887444348003,79,-0.09843835549311188,WLS,51,5.18950368150195e-07
1,B_svc,2,0.1681652053050893,79,0.16775472795433324,WLS,51,0.0004104773507560555
2,UPFC_Vsh,5-15,1.108078150536692,79,1.1134707363951042,WLS,51,0.005392585858412291
3,UPFC_tsh,5-15,-0.2447057265579344,79,-0.24468702897118194,WLS,51,1.8697586752464135e-05
4,UPFC_Vse,5-15,0.06172988739790041,79,0.06108764641857782,WLS,51,0.0006422409793225906
5,UPFC_tse,5-15,-2.1899690646495134,79,-2.173900401794008,WLS,51,0.016068662855505345
0,x_tcsc,1-14,-0.09842539690333107,80,-0.09843835549311188,WLS,51,1.2958589780801e-05
1,B_svc,2,0.16833553170562934,80,0.16775472795433324,WLS,51,0.0005808037512960995
2,UPFC_Vsh,5-15,1.1086743436437643,80,1.1134707363951042,WLS,51,0.004796392751339917
3,UPFC_tsh,5-15,-0.2447453087592673,80,-0.24468702897118194,WLS,51,5.8279788085369155e-05
4,UPFC_Vse,5-15,0.06221893344240087,80,0.06108764641857782,WLS,51,0.0011312870238230494
5,UPFC_tse,5-15,-2.1929567797274707,80,-2.173900401794008,WLS,51,0.01905637793346271
0,x_tcsc,1-14,-0.09843342514940746,81,-0.09843835549311188,WLS,51,4.9303437044123655e-06
1,B_svc,2,0.16782437622201085,81,0.16775472795433324,WLS,51,6.964826767760779e-05
2,UPFC_Vsh,5-15,1.1084544664261478,81,1.1134707363951042,WLS,51,0.005016269968956433
3,UPFC_tsh,5-15,-0.24468127464442382,81,-0.24468702897118194,WLS,51,5.7543267581172675e-06
4,UPFC_Vse,5-15,0.06180340893293688,81,0.06108764641857782,WLS,51,0.0007157625143590571
5,UPFC_tse,5-15,-2.1915292120370413,81,-2.173900401794008,WLS,51,0.01762881024303331
0,x_tcsc,1-14,-0.09843556365890568,82,-0.09843835549311188,WLS,51,2.791834206192223e-06
1,B_svc,2,0.1681025139692521,82,0.16775472795433324,WLS,51,0.0003477860149188605
2,UPFC_Vsh,5-15,1.1086204220229017,82,1.1134707363951042,WLS,51,0.004850314372202513
3,UPFC_tsh,5-15,-0.2447225245322162,82,-0.24468702897118194,WLS,51,3.5495561034271095e-05
4,UPFC_Vse,5-15,0.06280500616165324,82,0.06108764641857782,WLS,51,0.0017173597430754223
5,UPFC_tse,5-15,-2.1884539624461117,82,-2.173900401794008,WLS,51,0.01455356065210367
0,x_tcsc,1-14,-0.09843369717116605,83,-0.09843835549311188,WLS,51,4.6583219458218306e-06
1,B_svc,2,0.16832814915883862,83,0.16775472795433324,WLS,51,0.0005734212045053755
2,UPFC_Vsh,5-15,1.1088267738953843,83,1.1134707363951042,WLS,51,0.004643962499719878
3,UPFC_tsh,5-15,-0.2446805795336152,83,-0.24468702897118194,WLS,51,6.449437566752314e-06
4,UPFC_Vse,5-15,0.062342204770607645,83,0.06108764641857782,WLS,51,0.0012545583520298248
5,UPFC_tse,5-15,-2.193034000274542,83,-2.173900401794008,WLS,51,0.019133598480534086
0,x_tcsc,1-14,-0.09844090587026644,84,-0.09843835549311188,WLS,51,2.550377154561523e-06
1,B_svc,2,0.1676797768682798,84,0.16775472795433324,WLS,51,7.495108605343193e-05
2,UPFC_Vsh,5-15,1.108536047654815,84,1.1134707363951042,WLS,51,0.004934688740289239
3,UPFC_tsh,5-15,-0.24468334219413582,84,-0.24468702897118194,WLS,51,3.686777046124634e-06
4,UPFC_Vse,5-15,0.06252236871680444,84,0.06108764641857782,WLS,51,0.0014347222982266233
5,UPFC_tse,5-15,-2.1897285990325948,84,-2.173900401794008,WLS,51,0.01582819723858675
0,x_tcsc,1-14,-0.09844770821059784,85,-0.09843835549311188,WLS,51,9.352717485963669e-06
1,B_svc,2,0.16793618434995375,85,0.16775472795433324,WLS,51,0.00018145639562050508
2,UPFC_Vsh,5-15,1.1083738514298362,85,1.1134707363951042,WLS,51,0.005096884965267945
3,UPFC_tsh,5-15,-0.24467387672665944,85,-0.24468702897118194,WLS,51,1.3152244522501855e-05
4,UPFC_Vse,5-15,0.061823617591319165,85,0.06108764641857782,WLS,51,0.000735971172741344
5,UPFC_tse,5-15,-2.192081234754268,85,-2.173900401794008,WLS,51,0.018180832960259963
0,x_tcsc,1-14,-0.09844950248574928,86,-0.09843835549311188,WLS,51,1.1146992637406372e-05
1,B_svc,2,0.16805944544201978,86,0.16775472795433324,WLS,51,0.00030471748768653995
2,UPFC_Vsh,5-15,1.108822683628834,86,1.1134707363951042,WLS,51,0.0046480527662702276
3,UPFC_tsh,5-15,-0.24476001019021498,86,-0.24468702897118194,WLS,51,7.298121903304144e-05
4,UPFC_Vse,5-15,0.06179964014921824,86,0.06108764641857782,WLS,51,0.0007119937306404173
5,UPFC_tse,5-15,-2.190859668820586,86,-2.173900401794008,WLS,51,0.01695926702657813
0,x_tcsc,1-14,-0.098446474488091,87,-0.09843835549311188,WLS,51,8.118994979128269e-06
1,B_svc,2,0.16774296231109648,87,0.16775472795433324,WLS,51,1.1765643236766321e-05
2,UPFC_Vsh,5-15,1.1087941801793497,87,1.1134707363951042,WLS,51,0.004676556215754468
3,UPFC_tsh,5-15,-0.24461532274722375,87,-0.24468702897118194,WLS,51,7.170622395819004e-05
4,UPFC_Vse,5-15,0.062438259966267194,87,0.06108764641857782,WLS,51,0.0013506135476893735
5,UPFC_tse,5-15,-2.190292520672606,87,-2.173900401794008,WLS,51,0.016392118878597817
0,x_tcsc,1-14,-0.09843463065883824,88,-0.09843835549311188,WLS,51,3.7248342736329043e-06
1,B_svc,2,0.16824283488121766,88,0.16775472795433324,WLS,51,0.0004881069268844185
2,UPFC_Vsh,5-15,1.108273731545504,88,1.1134707363951042,WLS,51,0.005197004849600173
3,UPFC_tsh,5-15,-0.2447903576458076,88,-0.24468702897118194,WLS,51,0.00010332867462564677
4,UPFC_Vse,5-15,0.061951644701034994,88,0.06108764641857782,WLS,51,0.0008639982824571735
5,UPFC_tse,5-15,-2.187383111382932,88,-2.173900401794008,WLS,51,0.013482709588923836
0,x_tcsc,1-14,-0.09844012908455446,89,-0.09843835549311188,WLS,51,1.7735914425859312e-06
1,B_svc,2,0.16777650294006316,89,0.16775472795433324,WLS,51,2.177498572991654e-05
2,UPFC_Vsh,5-15,1.1083246530312447,89,1.1134707363951042,WLS,51,0.005146083363859466
3,UPFC_tsh,5-15,-0.2446715384123888,89,-0.24468702897118194,WLS,51,1.549055879312977e-05
4,UPFC_Vse,5-15,0.06201108401900222,89,0.06108764641857782,WLS,51,0.0009234376004243969
5,UPFC_tse,5-15,-2.189253883488383,89,-2.173900401794008,WLS,51,0.015353481694374782
0,x_tcsc,1-14,-0.09844075709687822,90,-0.09843835549311188,WLS,51,2.4016037663415757e-06
1,B_svc,2,0.16767920846672701,90,0.16775472795433324,WLS,51,7.551948760622929e-05
2,UPFC_Vsh,5-15,1.108658849170481,90,1.1134707363951042,WLS,51,0.004811887224623224
3,UPFC_tsh,5-15,-0.24468111303693132,90,-0.24468702897118194,WLS,51,5.915934250616539e-06
4,UPFC_Vse,5-15,0.06230424572355074,90,0.06108764641857782,WLS,51,0.0012165993049729207
5,UPFC_tse,5-15,-2.1892324837993375,90,-2.173900401794008,WLS,51,0.01533208200532954
0,x_tcsc,1-14,-0.09842699151302728,91,-0.09843835549311188,WLS,51,1.1363980084597158e-05
1,B_svc,2,0.16834735812276994,91,0.16775472795433324,WLS,51,0.0005926301684366919
2,UPFC_Vsh,5-15,1.1086029424605346,91,1.1134707363951042,WLS,51,0.0048677939345695975
3,UPFC_tsh,5-15,-0.24469014191857613,91,-0.24468702897118194,WLS,51,3.112947394190435e-06
4,UPFC_Vse,5-15,0.06242689717163749,91,0.06108764641857782,WLS,51,0.0013392507530596703
5,UPFC_tse,5-15,-2.18603501428933,91,-2.173900401794008,WLS,51,0.012134612495322106
0,x_tcsc,1-14,-0.09842730524872668,92,-0.09843835549311188,WLS,51,1.1050244385191199e-05
1,B_svc,2,0.16814190071529203,92,0.16775472795433324,WLS,51,0.00038717276095878717
2,UPFC_Vsh,5-15,1.1083624693691576,92,1.1134707363951042,WLS,51,0.005108267025946578
3,UPFC_tsh,5-15,-0.24470192645761138,92,-0.24468702897118194,WLS,51,1.4897486429438223e-05
4,UPFC_Vse,5-15,0.06259031578751695,92,0.06108764641857782,WLS,51,0.0015026693689391274
5,UPFC_tse,5-15,-2.1871763068893006,92,-2.173900401794008,WLS,51,0.01327590509529264
0,x_tcsc,1-14,-0.09841795801162162,93,-0.09843835549311188,WLS,51,2.0397481490255776e-05
1,B_svc,2,0.1675068075989899,93,0.16775472795433324,WLS,51,0.00024792035534335066
2,UPFC_Vsh,5-15,1.1083140775232676,93,1.1134707363951042,WLS,51,0.0051566588718365836
3,UPFC_tsh,5-15,-0.24471685253997683,93,-0.24468702897118194,WLS,51,2.982356879488446e-05
4,UPFC_Vse,5-15,0.06199809886630999,93,0.06108764641857782,WLS,51,0.0009104524477321699
5,UPFC_tse,5-15,-2.1905779318217404,93,-2.173900401794008,WLS,51,0.016677530027732423
0,x_tcsc,1-14,-0.09842919661141378,94,-0.09843835549311188,WLS,51,9.158881698098642e-06
1,B_svc,2,0.16813779801248308,94,0.16775472795433324,WLS,51,0.0003830700581498314
2,UPFC_Vsh,5-15,1.1081297027343875,94,1.1134707363951042,WLS,51,0.005341033660716699
3,UPFC_tsh,5-15,-0.24478509817337876,94,-0.24468702897118194,WLS,51,9.806920219682103e-05
4,UPFC_Vse,5-15,0.06243465888478751,94,0.06108764641857782,WLS,51,0.0013470124662096905
5,UPFC_tse,5-15,-2.188109266928005,94,-2.173900401794008,WLS,51,0.014208865133996884
0,x_tcsc,1-14,-0.09843588501975165,95,-0.09843835549311188,WLS,51,2.4704733602304296e-06
1,B_svc,2,0.16810263352464058,95,0.16775472795433324,WLS,51,0.0003479055703073386
2,UPFC_Vsh,5-15,1.1084604353304734,95,1.1134707363951042,WLS,51,0.00501030106463074
3,UPFC_tsh,5-15,-0.24474319293413554,95,-0.24468702897118194,WLS,51,5.616396295360371e-05
4,UPFC_Vse,5-15,0.062406379036280026,95,0.06108764641857782,WLS,51,0.001318732617702205
5,UPFC_tse,5-15,-2.1900476517840546,95,-2.173900401794008,WLS,51,0.016147249990046575
0,x_tcsc,1-14,-0.09844696857823854,96,-0.09843835549311188,WLS,51,8.613085126660258e-06
1,B_svc,2,0.16771470689629858,96,0.16775472795433324,WLS,51,4.0021058034661605e-05
2,UPFC_Vsh,5-15,1.1085115026646397,96,1.1134707363951042,WLS,51,0.004959233730464474
3,UPFC_tsh,5-15,-0.24465371104045547,96,-0.24468702897118194,WLS,51,3.3317930726473044e-05
4,UPFC_Vse,5-15,0.062308226859586674,96,0.06108764641857782,WLS,51,0.0012205804410088533
5,UPFC_tse,5-15,-2.189123614007402,96,-2.173900401794008,WLS,51,0.015223212213394177
0,x_tcsc,1-14,-0.09843661971900988,97,-0.09843835549311188,WLS,51,1.735774101993548e-06
1,B_svc,2,0.16801900585838858,97,0.16775472795433324,WLS,51,0.0002642779040553378
2,UPFC_Vsh,5-15,1.1087680023320654,97,1.1134707363951042,WLS,51,0.004702734063038783
3,UPFC_tsh,5-15,-0.2447343121164421,97,-0.24468702897118194,WLS,51,4.728314526014632e-05
4,UPFC_Vse,5-15,0.06281643949171595,97,0.06108764641857782,WLS,51,0.0017287930731381268
5,UPFC_tse,5-15,-2.190872345538432,97,-2.173900401794008,WLS,51,0.01697194374442379
0,x_tcsc,1-14,-0.09843357706708356,98,-0.09843835549311188,WLS,51,4.778426028320681e-06
1,B_svc,2,0.16807910624219297,98,0.16775472795433324,WLS,51,0.00032437828785972234
2,UPFC_Vsh,5-15,1.108503491474831,98,1.1134707363951042,WLS,51,0.004967244920273117
3,UPFC_tsh,5-15,-0.2446675901297474,98,-0.24468702897118194,WLS,51,1.9438841434543663e-05
4,UPFC_Vse,5-15,0.06210925585827905,98,0.06108764641857782,WLS,51,0.0010216094397012265
5,UPFC_tse,5-15,-2.192171634837542,98,-2.173900401794008,WLS,51,0.018271233043534174
0,x_tcsc,1-14,-0.09843065959343181,99,-0.09843835549311188,WLS,51,7.695899680068563e-06
1,B_svc,2,0.16796989842342278,99,0.16775472795433324,WLS,51,0.00021517046908953175
2,UPFC_Vsh,5-15,1.1082491613433634,99,1.1134707363951042,WLS,51,0.005221575051740812
3,UPFC_tsh,5-15,-0.24471004840688898,99,-0.24468702897118194,WLS,51,2.3019435707039015e-05
4,UPFC_Vse,5-15,0.06216818742998469,99,0.06108764641857782,WLS,51,0.0010805410114068728
5,UPFC_tse,5-15,-2.187557582210234,99,-2.173900401794008,WLS,51,0.013657180416226211
0,x_tcsc,1-14,-0.09748047367424983,0,-0.09749920633276173,WLS,53,1.873265851189132e-05
1,B_svc,2,0.16730402073743875,0,0.16751060592097347,WLS,53,0.00020658518353472433
2,UPFC_Vsh,5-15,1.1083825845516404,0,1.114599987228435,WLS,53,0.006217402676794492
3,UPFC_tsh,5-15,-0.24551461340857228,0,-0.2455721825006816,WLS,53,5.756909210932748e-05
4,UPFC_Vse,5-15,0.06212334911722829,0,0.06179960569064277,WLS,53,0.00032374342658551825
5,UPFC_tse,5-15,-2.1877263055792,0,-2.1737620505090027,WLS,53,0.013964255070197051
0,x_tcsc,1-14,-0.09748646839856968,1,-0.09749920633276173,WLS,53,1.2737934192041944e-05
1,B_svc,2,0.16757999446046434,1,0.16751060592097347,WLS,53,6.93885394908722e-05
2,UPFC_Vsh,5-15,1.1085832824867428,1,1.114599987228435,WLS,53,0.006016704741692136
3,UPFC_tsh,5-15,-0.245537004898381,1,-0.2455721825006816,WLS,53,3.5177602300595634e-05
4,UPFC_Vse,5-15,0.062477559003441936,1,0.06179960569064277,WLS,53,0.0006779533127991635
5,UPFC_tse,5-15,-2.185036561752886,1,-2.1737620505090027,WLS,53,0.011274511243883456
0,x_tcsc,1-14,-0.09748531272943252,2,-0.09749920633276173,WLS,53,1.3893603329206972e-05
1,B_svc,2,0.1675930465661942,2,0.16751060592097347,WLS,53,8.244064522072714e-05
2,UPFC_Vsh,5-15,1.1083634023390008,2,1.114599987228435,WLS,53,0.006236584889434127
3,UPFC_tsh,5-15,-0.24554619282344115,2,-0.2455721825006816,WLS,53,2.5989677240462195e-05
4,UPFC_Vse,5-15,0.06243381034573095,2,0.06179960569064277,WLS,53,0.0006342046550881775
5,UPFC_tse,5-15,-2.188227975047499,2,-2.1737620505090027,WLS,53,0.014465924538496377
0,x_tcsc,1-14,-0.09747677857152742,3,-0.09749920633276173,WLS,53,2.2427761234303234e-05
1,B_svc,2,0.16804688326791675,3,0.16751060592097347,WLS,53,0.0005362773469432813
2,UPFC_Vsh,5-15,1.1083482408806928,3,1.114599987228435,WLS,53,0.00625174634774206
3,UPFC_tsh,5-15,-0.24556223669264615,3,-0.2455721825006816,WLS,53,9.945808035455306e-06
4,UPFC_Vse,5-15,0.06282501054114709,3,0.06179960569064277,WLS,53,0.0010254048505043134
5,UPFC_tse,5-15,-2.189468184842357,3,-2.1737620505090027,WLS,53,0.015706134333354438
0,x_tcsc,1-14,-0.09747948133349861,4,-0.09749920633276173,WLS,53,1.972499926311544e-05
1,B_svc,2,0.16791103584238848,4,0.16751060592097347,WLS,53,0.00040042992141500755
2,UPFC_Vsh,5-15,1.1079936506131298,4,1.114599987228435,WLS,53,0.006606336615305075
3,UPFC_tsh,5-15,-0.24550082743203855,4,-0.2455721825006816,WLS,53,7.135506864305863e-05
4,UPFC_Vse,5-15,0.06212896524749182,4,0.06179960569064277,WLS,53,0.00032935955684904733
5,UPFC_tse,5-15,-2.186924248955244,4,-2.1737620505090027,WLS,53,0.013162198446241113
0,x_tcsc,1-14,-0.09748199317053732,5,-0.09749920633276173,WLS,53,1.721316222440261e-05
1,B_svc,2,0.16755095997931443,5,0.16751060592097347,WLS,53,4.0354058340963395e-05
2,UPFC_Vsh,5-15,1.10855062569148,5,1.114599987228435,WLS,53,0.006049361536954789
3,UPFC_tsh,5-15,-0.24551253307723545,5,-0.2455721825006816,WLS,53,5.9649423446161975e-05
4,UPFC_Vse,5-15,0.06254432907840764,5,0.06179960569064277,WLS,53,0.0007447233877648646
5,UPFC_tse,5-15,-2.1883579023137116,5,-2.1737620505090027,WLS,53,0.014595851804708904
0,x_tcsc,1-14,-0.09748918942213648,6,-0.09749920633276173,WLS,53,1.0016910625243458e-05
1,B_svc,2,0.1673862125552526,6,0.16751060592097347,WLS,53,0.00012439336572087067
2,UPFC_Vsh,5-15,1.1085315480584956,6,1.114599987228435,WLS,53,0.006068439169939266
3,UPFC_tsh,5-15,-0.2456109839493764,6,-0.2455721825006816,WLS,53,3.880144869478075e-05
4,UPFC_Vse,5-15,0.062006789927738545,6,0.06179960569064277,WLS,53,0.00020718423709577272
5,UPFC_tse,5-15,-2.189794955983177,6,-2.1737620505090027,WLS,53,0.016032905474174353
0,x_tcsc,1-14,-0.09747945123090412,7,-0.09749920633276173,WLS,53,1.9755101857601987e-05
1,B_svc,2,0.167687208810607,7,0.16751060592097347,WLS,53,0.00017660288963353143
2,UPFC_Vsh,5-15,1.1083925563199417,7,1.114599987228435,WLS,53,0.006207430908493183
3,UPFC_tsh,5-15,-0.24556612034201739,7,-0.2455721825006816,WLS,53,6.062158664221773e-06
4,UPFC_Vse,5-15,0.06201715979852146,7,0.06179960569064277,WLS,53,0.0002175541078786869
5,UPFC_tse,5-15,-2.185075277649517,7,-2.1737620505090027,WLS,53,0.011313227140514304
0,x_tcsc,1-14,-0.0974796983703756,8,-0.09749920633276173,WLS,53,1.950796238613106e-05
1,B_svc,2,0.16762937041956644,8,0.16751060592097347,WLS,53,0.0001187644985929659
2,UPFC_Vsh,5-15,1.1083232416658217,8,1.114599987228435,WLS,53,0.006276745562613151
3,UPFC_tsh,5-15,-0.24550187611970942,8,-0.2455721825006816,WLS,53,7.030638097219044e-05
4,UPFC_Vse,5-15,0.06281702694313465,8,0.06179960569064277,WLS,53,0.001017421252491879
5,UPFC_tse,5-15,-2.1837179411233008,8,-2.1737620505090027,WLS,53,0.009955890614298024
0,x_tcsc,1-14,-0.09748234220285469,9,-0.09749920633276173,WLS,53,1.6864129907034897e-05
1,B_svc,2,0.16755887960827867,9,0.16751060592097347,WLS,53,4.827368730520032e-05
2,UPFC_Vsh,5-15,1.1083078464750673,9,1.114599987228435,WLS,53,0.006292140753367592
3,UPFC_tsh,5-15,-0.24558294280415766,9,-0.2455721825006816,WLS,53,1.0760303476048394e-05
4,UPFC_Vse,5-15,0.06221945839397641,9,0.06179960569064277,WLS,53,0.00041985270333363967
5,UPFC_tse,5-15,-2.1872856553815487,9,-2.1737620505090027,WLS,53,0.013523604872546002
0,x_tcsc,1-14,-0.09748001300558548,10,-0.09749920633276173,WLS,53,1.9193327176245112e-05
1,B_svc,2,0.16766840568719557,10,0.16751060592097347,WLS,53,0.0001577997662220998
2,UPFC_Vsh,5-15,1.108247512347296,10,1.114599987228435,WLS,53,0.006352474881138992
3,UPFC_tsh,5-15,-0.24556547640199497,10,-0.2455721825006816,WLS,53,6.706098686637407e-06
4,UPFC_Vse,5-15,0.0626321229102853,10,0.06179960569064277,WLS,53,0.0008325172196425312
5,UPFC_tse,5-15,-2.1836710829191,10,-2.1737620505090027,WLS,53,0.009909032410097218
0,x_tcsc,1-14,-0.09749188259077221,11,-0.09749920633276173,WLS,53,7.32374198951502e-06
1,B_svc,2,0.16795396594841347,11,0.16751060592097347,WLS,53,0.00044336002743999847
2,UPFC_Vsh,5-15,1.1082512455691944,11,1.114599987228435,WLS,53,0.006348741659240487
3,UPFC_tsh,5-15,-0.2455987207743415,11,-0.2455721825006816,WLS,53,2.653827365989292e-05
4,UPFC_Vse,5-15,0.06260349512903039,11,0.06179960569064277,WLS,53,0.00080388943838762
5,UPFC_tse,5-15,-2.186941519600915,11,-2.1737620505090027,WLS,53,0.013179469091912477
0,x_tcsc,1-14,-0.09749027900281601,12,-0.09749920633276173,WLS,53,8.927329945715434e-06
1,B_svc,2,0.16735043400985308,12,0.16751060592097347,WLS,53,0.0001601719111203881
2,UPFC_Vsh,5-15,1.1086739520162021,12,1.114599987228435,WLS,53,0.005926035212232783
3,UPFC_tsh,5-15,-0.2455586218327387,12,-0.2455721825006816,WLS,53,1.3560667942918991e-05
4,UPFC_Vse,5-15,0.06306529105106824,12,0.06179960569064277,WLS,53,0.0012656853604254698
5,UPFC_tse,5-15,-2.1846402636763727,12,-2.1737620505090027,WLS,53,0.010878213167369921
0,x_tcsc,1-14,-0.0974668564461144,13,-0.09749920633276173,WLS,53,3.2349886647325965e-05
1,B_svc,2,0.16784395489042314,13,0.16751060592097347,WLS,53,0.0003333489694496705
2,UPFC_Vsh,5-15,1.1083503450870988,13,1.114599987228435,WLS,53,0.006249642141336054
3,UPFC_tsh,5-15,-0.24549146451968254,13,-0.2455721825006816,WLS,53,8.071798099906768e-05
4,UPFC_Vse,5-15,0.06185787863284192,13,0.06179960569064277,WLS,53,5.8272942199150135e-05
5,UPFC_tse,5-15,-2.191559180040603,13,-2.1737620505090027,WLS,53,0.017797129531600397
0,x_tcsc,1-14,-0.09748190884139006,14,-0.09749920633276173,WLS,53,1.729749137166503e-05
1,B_svc,2,0.1673255592482044,14,0.16751060592097347,WLS,53,0.0001850466727690847
2,UPFC_Vsh,5-15,1.1085136395414898,14,1.114599987228435,WLS,53,0.006086347686945048
3,UPFC_tsh,5-15,-0.24548739028435518,14,-0.2455721825006816,WLS,53,8.479221632642919e-05
4,UPFC_Vse,5-15,0.062013062370702816,14,0.06179960569064277,WLS,53,0.00021345668006004376
5,UPFC_tse,5-15,-2.1879109914459782,14,-2.1737620505090027,WLS,53,0.014148940936975496
0,x_tcsc,1-14,-0.09747788787610358,15,-0.09749920633276173,WLS,53,2.1318456658148133e-05
1,B_svc,2,0.167343628242152,15,0.16751060592097347,WLS,53,0.00016697767882148384
2,UPFC_Vsh,5-15,1.1087030449523532,15,1.114599987228435,WLS,53,0.005896942276081729
3,UPFC_tsh,5-15,-0.24544798717718358,15,-0.2455721825006816,WLS,53,0.00012419532349802753
4,UPFC_Vse,5-15,0.06228116897599454,15,0.06179960569064277,WLS,53,0.00048156328535176735
5,UPFC_tse,5-15,-2.185339958668436,15,-2.1737620505090027,WLS,53,0.011577908159433381
0,x_tcsc,1-14,-0.0974762554006484,16,-0.09749920633276173,WLS,53,2.2950932113324773e-05
1,B_svc,2,0.1676865219364945,16,0.16751060592097347,WLS,53,0.0001759160155210271
2,UPFC_Vsh,5-15,1.1085666101728684,16,1.114599987228435,WLS,53,0.006033377055566502
3,UPFC_tsh,5-15,-0.24552279973691105,16,-0.2455721825006816,WLS,53,4.938276377056128e-05
4,UPFC_Vse,5-15,0.06185530232335804,16,0.06179960569064277,WLS,53,5.569663271526998e-05
5,UPFC_tse,5-15,-2.1907350565143062,16,-2.1737620505090027,WLS,53,0.016973006005303493
0,x_tcsc,1-14,-0.09748438855741692,17,-0.09749920633276173,WLS,53,1.4817775344802553e-05
1,B_svc,2,0.16778749893778813,17,0.16751060592097347,WLS,53,0.00027689301681466105
2,UPFC_Vsh,5-15,1.1086661084590717,17,1.114599987228435,WLS,53,0.005933878769363243
3,UPFC_tsh,5-15,-0.24556465841518524,17,-0.2455721825006816,WLS,53,7.524085496368738e-06
4,UPFC_Vse,5-15,0.06275425144550366,17,0.06179960569064277,WLS,53,0.0009546457548608861
5,UPFC_tse,5-15,-2.1850227132668087,17,-2.1737620505090027,WLS,53,0.011260662757806017
0,x_tcsc,1-14,-0.09746974939821282,18,-0.09749920633276173,WLS,53,2.9456934548907632e-05
1,B_svc,2,0.16740762458138236,18,0.16751060592097347,WLS,53,0.00010298133959110722
2,UPFC_Vsh,5-15,1.108331129833799,18,1.114599987228435,WLS,53,0.006268857394635896
3,UPFC_tsh,5-15,-0.2455608653016244,18,-0.2455721825006816,WLS,53,1.131719905719808e-05
4,UPFC_Vse,5-15,0.06240197134660653,18,0.06179960569064277,WLS,53,0.0006023656559637561
5,UPFC_tse,5-15,-2.1877345343064407,18,-2.1737620505090027,WLS,53,0.013972483797437985
0,x_tcsc,1-14,-0.09747026299132348,19,-0.09749920633276173,WLS,53,2.8943341438242287e-05
1,B_svc,2,0.1671564639346289,19,0.16751060592097347,WLS,53,0.00035414198634456384
2,UPFC_Vsh,5-15,1.1086119460446413,19,1.114599987228435,WLS,53,0.005988041183793591
3,UPFC_tsh,5-15,-0.24544084378373549,19,-0.2455721825006816,WLS,53,0.0001313387169461222
4,UPFC_Vse,5-15,0.062150732432107864,19,0.06179960569064277,WLS,53,0.00035112674146509093
5,UPFC_tse,5-15,-2.1867487419533145,19,-2.1737620505090027,WLS,53,0.012986691444311749
0,x_tcsc,1-14,-0.09746898631737196,20,-0.09749920633276173,WLS,53,3.022001538977026e-05
1,B_svc,2,0.16789436139146288,20,0.16751060592097347,WLS,53,0.00038375547048941083
2,UPFC_Vsh,5-15,1.1084698972547473,20,1.114599987228435,WLS,53,0.00613008997368758
3,UPFC_tsh,5-15,-0.24556389534133968,20,-0.2455721825006816,WLS,53,8.287159341924255e-06
4,UPFC_Vse,5-15,0.061989572404732476,20,0.06179960569064277,WLS,53,0.00018996671408970378
5,UPFC_tse,5-15,-2.1886506851360625,20,-2.1737620505090027,WLS,53,0.014888634627059805
0,x_tcsc,1-14,-0.09748424072960177,21,-0.09749920633276173,WLS,53,1.4965603159958207e-05
1,B_svc,2,0.1680468330306899,21,0.16751060592097347,WLS,53,0.0005362271097164306
2,UPFC_Vsh,5-15,1.1086268902749563,21,1.114599987228435,WLS,53,0.005973096953478585
3,UPFC_tsh,5-15,-0.24555656996531036,21,-0.2455721825006816,WLS,53,1.5612535371245517e-05
4,UPFC_Vse,5-15,0.0623173857669719,21,0.06179960569064277,WLS,53,0.000517780076329126
5,UPFC_tse,5-15,-2.188213026671708,21,-2.1737620505090027,WLS,53,0.014450976162705409
0,x_tcsc,1-14,-0.0974955748459141,22,-0.09749920633276173,WLS,53,3.631486847621712e-06
1,B_svc,2,0.1673806777783536,22,0.16751060592097347,WLS,53,0.00012992814261986174
2,UPFC_Vsh,5-15,1.1082429113928838,22,1.114599987228435,WLS,53,0.006357075835551118
3,UPFC_tsh,5-15,-0.24554688544881836,22,-0.2455721825006816,WLS,53,2.529705186324338e-05
4,UPFC_Vse,5-15,0.06254819534731101,22,0.06179960569064277,WLS,53,0.0007485896566682415
5,UPFC_tse,5-15,-2.1864362340474943,22,-2.1737620505090027,WLS,53,0.01267418353849159
0,x_tcsc,1-14,-0.09749241310458624,23,-0.09749920633276173,WLS,53,6.793228175483446e-06
1,B_svc,2,0.16802949067470258,23,0.16751060592097347,WLS,53,0.0005188847537291041
2,UPFC_Vsh,5-15,1.1083509283321207,23,1.114599987228435,WLS,53,0.006249058896314219
3,UPFC_tsh,5-15,-0.24553557024235786,23,-0.2455721825006816,WLS,53,3.661225832374271e-05
4,UPFC_Vse,5-15,0.062261136915436596,23,0.06179960569064277,WLS,53,0.0004615312247938236
5,UPFC_tse,5-15,-2.187781811003208,23,-2.1737620505090027,WLS,53,0.014019760494205169
0,x_tcsc,1-14,-0.09748749101553725,24,-0.09749920633276173,WLS,53,1.1715317224478272e-05
1,B_svc,2,0.16795435320553415,24,0.16751060592097347,WLS,53,0.0004437472845606749
2,UPFC_Vsh,5-15,1.1085288836163847,24,1.114599987228435,WLS,53,0.00607110361205021
3,UPFC_tsh,5-15,-0.24555888470881798,24,-0.2455721825006816,WLS,53,1.3297791863625674e-05
4,UPFC_Vse,5-15,0.06264955984037271,24,0.06179960569064277,WLS,53,0.0008499541497299368
5,UPFC_tse,5-15,-2.189385637190153,24,-2.1737620505090027,WLS,53,0.015623586681150048
0,x_tcsc,1-14,-0.09747000173128091,25,-0.09749920633276173,WLS,53,2.9204601480814496e-05
1,B_svc,2,0.16799730583514208,25,0.16751060592097347,WLS,53,0.000486699914168609
2,UPFC_Vsh,5-15,1.1088709134283115,25,1.114599987228435,WLS,53,0.005729073800123441
3,UPFC_tsh,5-15,-0.24550685319143806,25,-0.2455721825006816,WLS,53,6.532930924355029e-05
4,UPFC_Vse,5-15,0.062395064079311405,25,0.06179960569064277,WLS,53,0.0005954583886686321
5,UPFC_tse,5-15,-2.187927699684191,25,-2.1737620505090027,WLS,53,0.014165649175188477
0,x_tcsc,1-14,-0.09748759351871908,26,-0.09749920633276173,WLS,53,1.1612814042646913e-05
1,B_svc,2,0.16784960951068853,26,0.16751060592097347,WLS,53,0.00033900358971505895
2,UPFC_Vsh,5-15,1.1082673649473254,26,1.114599987228435,WLS,53,0.0063326222811095345
3,UPFC_tsh,5-15,-0.24551520854986497,26,-0.2455721825006816,WLS,53,5.697395081663559e-05
4,UPFC_Vse,5-15,0.062192305432850585,26,0.06179960569064277,WLS,53,0.0003926997422078124
5,UPFC_tse,5-15,-2.185319542427668,26,-2.1737620505090027,WLS,53,0.011557491918665175
0,x_tcsc,1-14,-0.09747696422673069,27,-0.09749920633276173,WLS,53,2.2242106031036823e-05
1,B_svc,2,0.1676538923196471,27,0.16751060592097347,WLS,53,0.00014328639867364212
2,UPFC_Vsh,5-15,1.1082346868828168,27,1.114599987228435,WLS,53,0.006365300345618108
3,UPFC_tsh,5-15,-0.24559831007624044,27,-0.2455721825006816,WLS,53,2.612757555883749e-05
4,UPFC_Vse,5-15,0.062228008611090395,27,0.06179960569064277,WLS,53,0.00042840292044762224
5,UPFC_tse,5-15,-2.190579223536013,27,-2.1737620505090027,WLS,53,0.016817173027010135
0,x_tcsc,1-14,-0.0974880728248155,28,-0.09749920633276173,WLS,53,1.1133507946223253e-05
1,B_svc,2,0.16752171555784715,28,0.16751060592097347,WLS,53,1.1109636873674056e-05
2,UPFC_Vsh,5-15,1.1084089765827534,28,1.114599987228435,WLS,53,0.006191010645681505
3,UPFC_tsh,5-15,-0.24552342613496422,28,-0.2455721825006816,WLS,53,4.8756365717383954e-05
4,UPFC_Vse,5-15,0.06229915060350808,28,0.06179960569064277,WLS,53,0.0004995449128653087
5,UPFC_tse,5-15,-2.188347633005834,28,-2.1737620505090027,WLS,53,0.014585582496831062
0,x_tcsc,1-14,-0.09746320656882175,29,-0.09749920633276173,WLS,53,3.5999763939975615e-05
1,B_svc,2,0.16766133183402396,29,0.16751060592097347,WLS,53,0.00015072591305048677
2,UPFC_Vsh,5-15,1.108163752892127,29,1.114599987228435,WLS,53,0.0064362343363078
3,UPFC_tsh,5-15,-0.24554121764428263,29,-0.2455721825006816,WLS,53,3.096485639897395e-05
4,UPFC_Vse,5-15,0.062202303892184126,29,0.06179960569064277,WLS,53,0.000402698201541353
5,UPFC_tse,5-15,-2.190206725582179,29,-2.1737620505090027,WLS,53,0.016444675073176374
0,x_tcsc,1-14,-0.09748774310676721,30,-0.09749920633276173,WLS,53,1.146322599451799e-05
1,B_svc,2,0.167684112613687,30,0.16751060592097347,WLS,53,0.00017350669271351538
2,UPFC_Vsh,5-15,1.1086225392879268,30,1.114599987228435,WLS,53,0.0059774479405081404
3,UPFC_tsh,5-15,-0.24554248799417674,30,-0.2455721825006816,WLS,53,2.9694506504862606e-05
4,UPFC_Vse,5-15,0.06271103231715312,30,0.06179960569064277,WLS,53,0.0009114266265103504
5,UPFC_tse,5-15,-2.1884162427634397,30,-2.1737620505090027,WLS,53,0.014654192254436982
0,x_tcsc,1-14,-0.09747941562477082,31,-0.09749920633276173,WLS,53,1.9790707990907652e-05
1,B_svc,2,0.1675866134317546,31,0.16751060592097347,WLS,53,7.600751078112866e-05
2,UPFC_Vsh,5-15,1.108298211159235,31,1.114599987228435,WLS,53,0.006301776069199905
3,UPFC_tsh,5-15,-0.24560388586215337,31,-0.2455721825006816,WLS,53,3.1703361471763225e-05
4,UPFC_Vse,5-15,0.06241482563094624,31,0.06179960569064277,WLS,53,0.0006152199403034672
5,UPFC_tse,5-15,-2.1889632279819033,31,-2.1737620505090027,WLS,53,0.015201177472900618
0,x_tcsc,1-14,-0.09748040869024777,32,-0.09749920633276173,WLS,53,1.8797642513959656e-05
1,B_svc,2,0.16783360913593703,32,0.16751060592097347,WLS,53,0.0003230032149635631
2,UPFC_Vsh,5-15,1.1084993212712864,32,1.114599987228435,WLS,53,0.006100665957148532
3,UPFC_tsh,5-15,-0.24553925233896598,32,-0.2455721825006816,WLS,53,3.293016171562746e-05
4,UPFC_Vse,5-15,0.06244923165780057,32,0.06179960569064277,WLS,53,0.0006496259671577992
5,UPFC_tse,5-15,-2.1868549869975054,32,-2.1737620505090027,WLS,53,0.013092936488502627
0,x_tcsc,1-14,-0.09748188862722924,33,-0.09749920633276173,WLS,53,1.7317705532482464e-05
1,B_svc,2,0.16744209914018202,33,0.16751060592097347,WLS,53,6.850678079145522e-05
2,UPFC_Vsh,5-15,1.10863119834103,33,1.114599987228435,WLS,53,0.00596878888740493
3,UPFC_tsh,5-15,-0.24555379784275447,33,-0.2455721825006816,WLS,53,1.8384657927139614e-05
4,UPFC_Vse,5-15,0.06207674870920521,33,0.06179960569064277,WLS,53,0.00027714301856243684
5,UPFC_tse,5-15,-2.188057890200411,33,-2.1737620505090027,WLS,53,0.01429583969140813
0,x_tcsc,1-14,-0.09747611899236563,34,-0.09749920633276173,WLS,53,2.3087340396091283e-05
1,B_svc,2,0.16774636419375905,34,0.16751060592097347,WLS,53,0.00023575827278557449
2,UPFC_Vsh,5-15,1.108271617286244,34,1.114599987228435,WLS,53,0.006328369942190992
3,UPFC_tsh,5-15,-0.2454816092361405,34,-0.2455721825006816,WLS,53,9.057326454109393e-05
4,UPFC_Vse,5-15,0.06269356470617882,34,0.06179960569064277,WLS,53,0.0008939590155360444
5,UPFC_tse,5-15,-2.1840997254766994,34,-2.1737620505090027,WLS,53,0.010337674967696664
0,x_tcsc,1-14,-0.09748434473433977,35,-0.09749920633276173,WLS,53,1.486159842195578e-05
1,B_svc,2,0.1679361959000037,35,0.16751060592097347,WLS,53,0.000425589979030222
2,UPFC_Vsh,5-15,1.1086461127756564,35,1.114599987228435,WLS,53,0.005953874452778507
3,UPFC_tsh,5-15,-0.2455243319333592,35,-0.2455721825006816,WLS,53,4.785056732239945e-05
4,UPFC_Vse,5-15,0.06273547556722751,35,0.06179960569064277,WLS,53,0.0009358698765847412
5,UPFC_tse,5-15,-2.1857896486644255,35,-2.1737620505090027,WLS,53,0.012027598155422758
0,x_tcsc,1-14,-0.097479762206499,36,-0.09749920633276173,WLS,53,1.9444126262729844e-05
1,B_svc,2,0.16772281218825547,36,0.16751060592097347,WLS,53,0.00021220626728199465
2,UPFC_Vsh,5-15,1.1082493826832553,36,1.114599987228435,WLS,53,0.00635060454517955
3,UPFC_tsh,5-15,-0.245648769531924,36,-0.2455721825006816,WLS,53,7.658703124238664e-05
4,UPFC_Vse,5-15,0.06238075256282002,36,0.06179960569064277,WLS,53,0.0005811468721772448
5,UPFC_tse,5-15,-2.187581165556023,36,-2.1737620505090027,WLS,53,0.013819115047020158
0,x_tcsc,1-14,-0.09747784618126497,37,-0.09749920633276173,WLS,53,2.136015149675763e-05
1,B_svc,2,0.1672797238410206,37,0.16751060592097347,WLS,53,0.00023088207995286547
2,UPFC_Vsh,5-15,1.1085455311341563,37,1.114599987228435,WLS,53,0.006054456094278571
3,UPFC_tsh,5-15,-0.24556403353350978,37,-0.2455721825006816,WLS,53,8.148967171828225e-06
4,UPFC_Vse,5-15,0.06215381441675657,37,0.06179960569064277,WLS,53,0.0003542087261137958
5,UPFC_tse,5-15,-2.189970788928934,37,-2.1737620505090027,WLS,53,0.0162087384199312
0,x_tcsc,1-14,-0.09748195228255302,38,-0.09749920633276173,WLS,53,1.7254050208706517e-05
1,B_svc,2,0.16695997634262746,38,0.16751060592097347,WLS,53,0.0005506295783460069
2,UPFC_Vsh,5-15,1.1083553008388618,38,1.114599987228435,WLS,53,0.006244686389573095
3,UPFC_tsh,5-15,-0.24546136925039239,38,-0.2455721825006816,WLS,53,0.00011081325028922118
4,UPFC_Vse,5-15,0.06218930562372323,38,0.06179960569064277,WLS,53,0.0003896999330804604
5,UPFC_tse,5-15,-2.184914711834985,38,-2.1737620505090027,WLS,53,0.011152661325982471
0,x_tcsc,1-14,-0.09748679064023272,39,-0.09749920633276173,WLS,53,1.2415692529008093e-05
1,B_svc,2,0.16758567924469445,39,0.16751060592097347,WLS,53,7.507332372097553e-05
2,UPFC_Vsh,5-15,1.1080631492490967,39,1.114599987228435,WLS,53,0.006536837979338239
3,UPFC_tsh,5-15,-0.24552948110421785,39,-0.2455721825006816,WLS,53,4.270139646375681e-05
4,UPFC_Vse,5-15,0.06220837759549408,39,0.06179960569064277,WLS,53,0.0004087719048513072
5,UPFC_tse,5-15,-2.186617895224517,39,-2.1737620505090027,WLS,53,0.012855844715514486
0,x_tcsc,1-14,-0.09748471685329589,40,-0.09749920633276173,WLS,53,1.4489479465834565e-05
1,B_svc,2,0.16706334633969716,40,0.16751060592097347,WLS,53,0.00044725958127631027
2,UPFC_Vsh,5-15,1.1080997321726347,40,1.114599987228435,WLS,53,0.006500255055800208
3,UPFC_tsh,5-15,-0.2456449329106815,40,-0.2455721825006816,WLS,53,7.275040999990545e-05
4,UPFC_Vse,5-15,0.062283486363267054,40,0.06179960569064277,WLS,53,0.0004838806726242817
5,UPFC_tse,5-15,-2.1866827460126017,40,-2.1737620505090027,WLS,53,0.012920695503598978
0,x_tcsc,1-14,-0.097476383568739,41,-0.09749920633276173,WLS,53,2.282276402272576e-05
1,B_svc,2,0.1677995320268934,41,0.16751060592097347,WLS,53,0.0002889261059199344
2,UPFC_Vsh,5-15,1.1082101306370604,41,1.114599987228435,WLS,53,0.0063898565913744765
3,UPFC_tsh,5-15,-0.24560586761186345,41,-0.2455721825006816,WLS,53,3.368511118184703e-05
4,UPFC_Vse,5-15,0.06256820995562203,41,0.06179960569064277,WLS,53,0.0007686042649792529
5,UPFC_tse,5-15,-2.1875965147984924,41,-2.1737620505090027,WLS,53,0.013834464289489645
0,x_tcsc,1-14,-0.09748272620620167,42,-0.09749920633276173,WLS,53,1.6480126560053376e-05
1,B_svc,2,0.16755451130306034,42,0.16751060592097347,WLS,53,4.390538208687289e-05
2,UPFC_Vsh,5-15,1.1081237327675737,42,1.114599987228435,WLS,53,0.006476254460861197
3,UPFC_tsh,5-15,-0.24558934597024942,42,-0.2455721825006816,WLS,53,1.716346956781578e-05
4,UPFC_Vse,5-15,0.0622001315209646,42,0.06179960569064277,WLS,53,0.000400525830321824
5,UPFC_tse,5-15,-2.187719681659694,42,-2.1737620505090027,WLS,53,0.013957631150691263
0,x_tcsc,1-14,-0.09748455094616278,43,-0.09749920633276173,WLS,53,1.4655386598949605e-05
1,B_svc,2,0.16768399500366638,43,0.16751060592097347,WLS,53,0.0001733890826929041
2,UPFC_Vsh,5-15,1.1081551334937587,43,1.114599987228435,WLS,53,0.006444853734676181
3,UPFC_tsh,5-15,-0.245537223417875,43,-0.2455721825006816,WLS,53,3.495908280659599e-05
4,UPFC_Vse,5-15,0.06273303561016065,43,0.06179960569064277,WLS,53,0.000933429919517878
5,UPFC_tse,5-15,-2.189200634981825,43,-2.1737620505090027,WLS,53,0.015438584472822203
0,x_tcsc,1-14,-0.09746992306970495,44,-0.09749920633276173,WLS,53,2.9283263056775755e-05
1,B_svc,2,0.1680487643630292,44,0.16751060592097347,WLS,53,0.0005381584420557362
2,UPFC_Vsh,5-15,1.1086519520030693,44,1.114599987228435,WLS,53,0.005948035225365578
3,UPFC_tsh,5-15,-0.2455529697271022,44,-0.2455721825006816,WLS,53,1.9212773579413422e-05
4,UPFC_Vse,5-15,0.06297602608137551,44,0.06179960569064277,WLS,53,0.0011764203907327353
5,UPFC_tse,5-15,-2.1849005507233756,44,-2.1737620505090027,WLS,53,0.011138500214372904
0,x_tcsc,1-14,-0.09749361616583427,45,-0.09749920633276173,WLS,53,5.590166927457729e-06
1,B_svc,2,0.16788620473968097,45,0.16751060592097347,WLS,53,0.00037559881870749545
2,UPFC_Vsh,5-15,1.108158895673707,45,1.114599987228435,WLS,53,0.00644109155472794
3,UPFC_tsh,5-15,-0.24557736592278268,45,-0.2455721825006816,WLS,53,5.183422101068258e-06
4,UPFC_Vse,5-15,0.06264202263382156,45,0.06179960569064277,WLS,53,0.0008424169431787837
5,UPFC_tse,5-15,-2.188112279870676,45,-2.1737620505090027,WLS,53,0.014350229361673073
0,x_tcsc,1-14,-0.09748476020782777,46,-0.09749920633276173,WLS,53,1.4446124933953364e-05
1,B_svc,2,0.16751632067743208,46,0.16751060592097347,WLS,53,5.7147564586079724e-06
2,UPFC_Vsh,5-15,1.108703039159619,46,1.114599987228435,WLS,53,0.005896948068815799
3,UPFC_tsh,5-15,-0.24546601341634236,46,-0.2455721825006816,WLS,53,0.0001061690843392471
4,UPFC_Vse,5-15,0.06240448853068515,46,0.06179960569064277,WLS,53,0.000604882840042377
5,UPFC_tse,5-15,-2.1859670794936825,46,-2.1737620505090027,WLS,53,0.012205028984679789
0,x_tcsc,1-14,-0.09749362150811568,47,-0.09749920633276173,WLS,53,5.584824646048814e-06
1,B_svc,2,0.16741657443366884,47,0.16751060592097347,WLS,53,9.403148730463551e-05
2,UPFC_Vsh,5-15,1.1085208509094577,47,1.114599987228435,WLS,53,0.006079136318977163
3,UPFC_tsh,5-15,-0.24550442786690768,47,-0.2455721825006816,WLS,53,6.775463377392543e-05
4,UPFC_Vse,5-15,0.06232888638964948,47,0.06179960569064277,WLS,53,0.0005292806990067067
5,UPFC_tse,5-15,-2.189706865057386,47,-2.1737620505090027,WLS,53,0.015944814548383146
0,x_tcsc,1-14,-0.09749212457479516,48,-0.09749920633276173,WLS,53,7.081757966570512e-06
1,B_svc,2,0.16748597248925487,48,0.16751060592097347,WLS,53,2.463343171860144e-05
2,UPFC_Vsh,5-15,1.1086808536259438,48,1.114599987228435,WLS,53,0.005919133602491078
3,UPFC_tsh,5-15,-0.24553017866938184,48,-0.2455721825006816,WLS,53,4.200383129976393e-05
4,UPFC_Vse,5-15,0.061903486511504534,48,0.06179960569064277,WLS,53,0.00010388082086176115
5,UPFC_tse,5-15,-2.189016398212146,48,-2.1737620505090027,WLS,53,0.015254347703143267
0,x_tcsc,1-14,-0.09749457380973045,49,-0.09749920633276173,WLS,53,4.632523031275482e-06
1,B_svc,2,0.16809629942679225,49,0.16751060592097347,WLS,53,0.000585693505818774
2,UPFC_Vsh,5-15,1.1081445939477168,49,1.114599987228435,WLS,53,0.006455393280718091
3,UPFC_tsh,5-15,-0.24561901279508486,49,-0.2455721825006816,WLS,53,4.6830294403249484e-05
4,UPFC_Vse,5-15,0.06217464759476706,49,0.06179960569064277,WLS,53,0.0003750419041242889
5,UPFC_tse,5-15,-2.187149897641213,49,-2.1737620505090027,WLS,53,0.013387847132210418
0,x_tcsc,1-14,-0.09748103012519313,50,-0.09749920633276173,WLS,53,1.8176207568595948e-05
1,B_svc,2,0.16740738386131981,50,0.16751060592097347,WLS,53,0.00010322205965365705
2,UPFC_Vsh,5-15,1.10814176916285,50,1.114599987228435,WLS,53,0.0064582180655849974
3,UPFC_tsh,5-15,-0.24545445343652475,50,-0.2455721825006816,WLS,53,0.00011772906415685735
4,UPFC_Vse,5-15,0.06269759870201018,50,0.06179960569064277,WLS,53,0.0008979930113674067
5,UPFC_tse,5-15,-2.187838820556417,50,-2.1737620505090027,WLS,53,0.014076770047414477
0,x_tcsc,1-14,-0.09747869276037911,51,-0.09749920633276173,WLS,53,2.051357238261331e-05
1,B_svc,2,0.1677831467803976,51,0.16751060592097347,WLS,53,0.00027254085942413075
2,UPFC_Vsh,5-15,1.1085000737678392,51,1.114599987228435,WLS,53,0.006099913460595685
3,UPFC_tsh,5-15,-0.2455651950985704,51,-0.2455721825006816,WLS,53,6.9874021112192874e-06
4,UPFC_Vse,5-15,0.06256883604760248,51,0.06179960569064277,WLS,53,0.0007692303569597075
5,UPFC_tse,5-15,-2.188028354502173,51,-2.1737620505090027,WLS,53,0.014266303993170304
0,x_tcsc,1-14,-0.09748624889730272,52,-0.09749920633276173,WLS,53,1.295743545901007e-05
1,B_svc,2,0.16809895317559123,52,0.16751060592097347,WLS,53,0.0005883472546177604
2,UPFC_Vsh,5-15,1.1083845477562322,52,1.114599987228435,WLS,53,0.006215439472202711
3,UPFC_tsh,5-15,-0.24554096618760005,52,-0.2455721825006816,WLS,53,3.121631308156125e-05
4,UPFC_Vse,5-15,0.06276166179861263,52,0.06179960569064277,WLS,53,0.0009620561079698581
5,UPFC_tse,5-15,-2.1867632615565644,52,-2.1737620505090027,WLS,53,0.01300121104756169
0,x_tcsc,1-14,-0.09747130116993939,53,-0.09749920633276173,WLS,53,2.7905162822333685e-05
1,B_svc,2,0.16757985529441202,53,0.16751060592097347,WLS,53,6.924937343855131e-05
2,UPFC_Vsh,5-15,1.1083251029997152,53,1.114599987228435,WLS,53,0.00627488422871969
3,UPFC_tsh,5-15,-0.24557945429717754,53,-0.2455721825006816,WLS,53,7.271796495927907e-06
4,UPFC_Vse,5-15,0.06258432750140037,53,0.06179960569064277,WLS,53,0.0007847218107576021
5,UPFC_tse,5-15,-2.183566984163857,53,-2.1737620505090027,WLS,53,0.009804933654854242
0,x_tcsc,1-14,-0.097479779531624,54,-0.09749920633276173,WLS,53,1.9426801137728544e-05
1,B_svc,2,0.167828523939882,54,0.16751060592097347,WLS,53,0.00031791801890854177
2,UPFC_Vsh,5-15,1.1087161220907766,54,1.114599987228435,WLS,53,0.005883865137658262
3,UPFC_tsh,5-15,-0.24554457153004028,54,-0.2455721825006816,WLS,53,2.7610970641328558e-05
4,UPFC_Vse,5-15,0.06250109359539623,54,0.06179960569064277,WLS,53,0.0007014879047534534
5,UPFC_tse,5-15,-2.187929080292113,54,-2.1737620505090027,WLS,53,0.014167029783110241
0,x_tcsc,1-14,-0.09748437976247089,55,-0.09749920633276173,WLS,53,1.4826570290837893e-05
1,B_svc,2,0.16816805668719984,55,0.16751060592097347,WLS,53,0.000657450766226364
2,UPFC_Vsh,5-15,1.1082945888163165,55,1.114599987228435,WLS,53,0.0063053984121184126
3,UPFC_tsh,5-15,-0.2455737348156456,55,-0.2455721825006816,WLS,53,1.5523149639873335e-06
4,UPFC_Vse,5-15,0.06277198773517209,55,0.06179960569064277,WLS,53,0.0009723820445293185
5,UPFC_tse,5-15,-2.189819561051849,55,-2.1737620505090027,WLS,53,0.01605751054284621
0,x_tcsc,1-14,-0.09747807532122145,56,-0.09749920633276173,WLS,53,2.11310115402763e-05
1,B_svc,2,0.16804753617256987,56,0.16751060592097347,WLS,53,0.0005369302515964014
2,UPFC_Vsh,5-15,1.1079616918864075,56,1.114599987228435,WLS,53,0.006638295342027423
3,UPFC_tsh,5-15,-0.2455369719016923,56,-0.2455721825006816,WLS,53,3.521059898931034e-05
4,UPFC_Vse,5-15,0.062036467979901144,56,0.06179960569064277,WLS,53,0.0002368622892583716
5,UPFC_tse,5-15,-2.1866190042243887,56,-2.1737620505090027,WLS,53,0.012856953715385977
0,x_tcsc,1-14,-0.09748004515664671,57,-0.09749920633276173,WLS,53,1.916117611501511e-05
1,B_svc,2,0.16788339969131635,57,0.16751060592097347,WLS,53,0.00037279377034288297
2,UPFC_Vsh,5-15,1.1082904052656115,57,1.114599987228435,WLS,53,0.006309581962823385
3,UPFC_tsh,5-15,-0.24547783887265484,57,-0.2455721825006816,WLS,53,9.434362802676621e-05
4,UPFC_Vse,5-15,0.06210714241448229,57,0.06179960569064277,WLS,53,0.0003075367238395202
5,UPFC_tse,5-15,-2.185441989585923,57,-2.1737620505090027,WLS,53,0.01167993907692022
0,x_tcsc,1-14,-0.09748320556247549,58,-0.09749920633276173,WLS,53,1.6000770286239696e-05
1,B_svc,2,0.16763824848249745,58,0.16751060592097347,WLS,53,0.00012764256152397735
2,UPFC_Vsh,5-15,1.1082323462366952,58,1.114599987228435,WLS,53,0.006367640991739698
3,UPFC_tsh,5-15,-0.24559421564989362,58,-0.2455721825006816,WLS,53,2.2033149212008496e-05
4,UPFC_Vse,5-15,0.06253547930518161,58,0.06179960569064277,WLS,53,0.0007358736145388345
5,UPFC_tse,5-15,-2.186676653743362,58,-2.1737620505090027,WLS,53,0.012914603234359223
0,x_tcsc,1-14,-0.09748146064103268,59,-0.09749920633276173,WLS,53,1.7745691729048607e-05
1,B_svc,2,0.16746169847619405,59,0.16751060592097347,WLS,53,4.890744477942244e-05
2,UPFC_Vsh,5-15,1.1085137965058927,59,1.114599987228435,WLS,53,0.00608619072254224
3,UPFC_tsh,5-15,-0.24553320653055655,59,-0.2455721825006816,WLS,53,3.8975970125060266e-05
4,UPFC_Vse,5-15,0.0620995824954339,59,0.06179960569064277,WLS,53,0.00029997680479113
5,UPFC_tse,5-15,-2.1882979838379133,59,-2.1737620505090027,WLS,53,0.014535933328910566
0,x_tcsc,1-14,-0.09749267048980603,60,-0.09749920633276173,WLS,53,6.535842955693316e-06
1,B_svc,2,0.1681296537295908,60,0.16751060592097347,WLS,53,0.0006190478086173234
2,UPFC_Vsh,5-15,1.1082216130601275,60,1.114599987228435,WLS,53,0.0063783741683074435
3,UPFC_tsh,5-15,-0.24551626579477714,60,-0.2455721825006816,WLS,53,5.591670590446296e-05
4,UPFC_Vse,5-15,0.0621189565771149,60,0.06179960569064277,WLS,53,0.00031935088647212784
5,UPFC_tse,5-15,-2.1888228997268304,60,-2.1737620505090027,WLS,53,0.015060849217827688
0,x_tcsc,1-14,-0.09748424108932804,61,-0.09749920633276173,WLS,53,1.4965243433681663e-05
1,B_svc,2,0.16762533738211877,61,0.16751060592097347,WLS,53,0.00011473146114529542
2,UPFC_Vsh,5-15,1.1082237823584409,61,1.114599987228435,WLS,53,0.006376204869994018
3,UPFC_tsh,5-15,-0.2455213002250406,61,-0.2455721825006816,WLS,53,5.088227564101211e-05
4,UPFC_Vse,5-15,0.06270567206522887,61,0.06179960569064277,WLS,53,0.0009060663745860953
5,UPFC_tse,5-15,-2.1858632456924836,61,-2.1737620505090027,WLS,53,0.01210119518348085
0,x_tcsc,1-14,-0.09748204335961143,62,-0.09749920633276173,WLS,53,1.7162973150297578e-05
1,B_svc,2,0.16731049776417578,62,0.16751060592097347,WLS,53,0.00020010815679769034
2,UPFC_Vsh,5-15,1.1082652877173305,62,1.114599987228435,WLS,53,0.006334699511104436
3,UPFC_tsh,5-15,-0.24560633850533706,62,-0.2455721825006816,WLS,53,3.41560046554501e-05
4,UPFC_Vse,5-15,0.06216395527893333,62,0.06179960569064277,WLS,53,0.0003643495882905551
5,UPFC_tse,5-15,-2.190539471266117,62,-2.1737620505090027,WLS,53,0.016777420757114303
0,x_tcsc,1-14,-0.09748827796414872,63,-0.09749920633276173,WLS,53,1.0928368613008499e-05
1,B_svc,2,0.16740246709366932,63,0.16751060592097347,WLS,53,0.00010813882730414948
2,UPFC_Vsh,5-15,1.1084099713178173,63,1.114599987228435,WLS,53,0.00619001591061763
3,UPFC_tsh,5-15,-0.24554719762659732,63,-0.2455721825006816,WLS,53,2.498487408428285e-05
4,UPFC_Vse,5-15,0.062089086043487854,63,0.06179960569064277,WLS,53,0.0002894803528450812
5,UPFC_tse,5-15,-2.1873130932228944,63,-2.1737620505090027,WLS,53,0.013551042713891626
0,x_tcsc,1-14,-0.09747274554321579,64,-0.09749920633276173,WLS,53,2.646078954593456e-05
1,B_svc,2,0.167614323993688,64,0.16751060592097347,WLS,53,0.00010371807271453148
2,UPFC_Vsh,5-15,1.1079461752339828,64,1.114599987228435,WLS,53,0.006653811994452141
3,UPFC_tsh,5-15,-0.2455570161381441,64,-0.2455721825006816,WLS,53,1.5166362537510913e-05
4,UPFC_Vse,5-15,0.06240098181011738,64,0.06179960569064277,WLS,53,0.0006013761194746045
5,UPFC_tse,5-15,-2.1875207954522518,64,-2.1737620505090027,WLS,53,0.013758744943249024
0,x_tcsc,1-14,-0.09747828499558582,65,-0.09749920633276173,WLS,53,2.0921337175905386e-05
1,B_svc,2,0.16790022342838581,65,0.16751060592097347,WLS,53,0.00038961750741234313
2,UPFC_Vsh,5-15,1.1085918175236,65,1.114599987228435,WLS,53,0.006008169704834865
3,UPFC_tsh,5-15,-0.24548314009593644,65,-0.2455721825006816,WLS,53,8.904240474516545e-05
4,UPFC_Vse,5-15,0.06218226847620938,65,0.06179960569064277,WLS,53,0.00038266278556661065
5,UPFC_tse,5-15,-2.191415098844723,65,-2.1737620505090027,WLS,53,0.017653048335720456
0,x_tcsc,1-14,-0.09747331145597347,66,-0.09749920633276173,WLS,53,2.5894876788251642e-05
1,B_svc,2,0.16785275198853825,66,0.16751060592097347,WLS,53,0.0003421460675647747
2,UPFC_Vsh,5-15,1.1081155091884212,66,1.114599987228435,WLS,53,0.00648447804001373
3,UPFC_tsh,5-15,-0.2455051525201041,66,-0.2455721825006816,WLS,53,6.702998057750431e-05
4,UPFC_Vse,5-15,0.06262784626455692,66,0.06179960569064277,WLS,53,0.0008282405739141463
5,UPFC_tse,5-15,-2.184541942027949,66,-2.1737620505090027,WLS,53,0.010779891518946094
0,x_tcsc,1-14,-0.09747431901285535,67,-0.09749920633276173,WLS,53,2.488731990638038e-05
1,B_svc,2,0.16784319911700177,67,0.16751060592097347,WLS,53,0.00033259319602829684
2,UPFC_Vsh,5-15,1.108294749182157,67,1.114599987228435,WLS,53,0.006305238046277806
3,UPFC_tsh,5-15,-0.24552983224936709,67,-0.2455721825006816,WLS,53,4.23502513145213e-05
4,UPFC_Vse,5-15,0.06257204638529146,67,0.06179960569064277,WLS,53,0.000772440694648685
5,UPFC_tse,5-15,-2.1864214318980615,67,-2.1737620505090027,WLS,53,0.012659381389058755
0,x_tcsc,1-14,-0.09749157357722513,68,-0.09749920633276173,WLS,53,7.632755536599034e-06
1,B_svc,2,0.16788858844214488,68,0.16751060592097347,WLS,53,0.0003779825211714105
2,UPFC_Vsh,5-15,1.108525095186165,68,1.114599987228435,WLS,53,0.006074892042269964
3,UPFC_tsh,5-15,-0.2454878228454715,68,-0.2455721825006816,WLS,53,8.435965521011446e-05
4,UPFC_Vse,5-15,0.06196841523304958,68,0.06179960569064277,WLS,53,0.0001688095424068059
5,UPFC_tse,5-15,-2.1859053768289023,68,-2.1737620505090027,WLS,53,0.012143326319899561
0,x_tcsc,1-14,-0.09748645987800979,69,-0.09749920633276173,WLS,53,1.2746454751938474e-05
1,B_svc,2,0.16749432436954412,69,0.16751060592097347,WLS,53,1.6281551429353502e-05
2,UPFC_Vsh,5-15,1.1083884282354304,69,1.114599987228435,WLS,53,0.006211558993004518
3,UPFC_tsh,5-15,-0.24553328271945815,69,-0.2455721825006816,WLS,53,3.889978122345594e-05
4,UPFC_Vse,5-15,0.06181224048145319,69,0.06179960569064277,WLS,53,1.2634790810414631e-05
5,UPFC_tse,5-15,-2.1877167748040445,69,-2.1737620505090027,WLS,53,0.013954724295041743
0,x_tcsc,1-14,-0.09748414655726462,70,-0.09749920633276173,WLS,53,1.5059775497108796e-05
1,B_svc,2,0.16730274777930274,70,0.16751060592097347,WLS,53,0.0002078581416707359
2,UPFC_Vsh,5-15,1.1082800696885644,70,1.114599987228435,WLS,53,0.00631991753987049
3,UPFC_tsh,5-15,-0.24556552828635045,70,-0.2455721825006816,WLS,53,6.654214331158759e-06
4,UPFC_Vse,5-15,0.06199801217098551,70,0.06179960569064277,WLS,53,0.000198406480342736
5,UPFC_tse,5-15,-2.1872416989665915,70,-2.1737620505090027,WLS,53,0.013479648457588755
0,x_tcsc,1-14,-0.09747791057762999,71,-0.09749920633276173,WLS,53,2.1295755131739424e-05
1,B_svc,2,0.1678603377394081,71,0.16751060592097347,WLS,53,0.00034973181843461765
2,UPFC_Vsh,5-15,1.1084657228398924,71,1.114599987228435,WLS,53,0.006134264388542476
3,UPFC_tsh,5-15,-0.2455511383947379,71,-0.2455721825006816,WLS,53,2.10441059436961e-05
4,UPFC_Vse,5-15,0.06289237136907466,71,0.06179960569064277,WLS,53,0.0010927656784318895
5,UPFC_tse,5-15,-2.1835171127785764,71,-2.1737620505090027,WLS,53,0.009755062269573678
0,x_tcsc,1-14,-0.09747503758204351,72,-0.09749920633276173,WLS,53,2.4168750718214782e-05
1,B_svc,2,0.16725824046557186,72,0.16751060592097347,WLS,53,0.0002523654554016097
2,UPFC_Vsh,5-15,1.1085787979327288,72,1.114599987228435,WLS,53,0.006021189295706053
3,UPFC_tsh,5-15,-0.2454238141983275,72,-0.2455721825006816,WLS,53,0.00014836830235409604
4,UPFC_Vse,5-15,0.062209081192189195,72,0.06179960569064277,WLS,53,0.00040947550154642187
5,UPFC_tse,5-15,-2.188145474194264,72,-2.1737620505090027,WLS,53,0.014383423685261132
0,x_tcsc,1-14,-0.09748028169922406,73,-0.09749920633276173,WLS,53,1.8924633537670266e-05
1,B_svc,2,0.16810266615373246,73,0.16751060592097347,WLS,53,0.0005920602327589841
2,UPFC_Vsh,5-15,1.1083504109792803,73,1.114599987228435,WLS,53,0.006249576249154565
3,UPFC_tsh,5-15,-0.24555264814093156,73,-0.2455721825006816,WLS,53,1.95343597500508e-05
4,UPFC_Vse,5-15,0.06240905257542718,73,0.06179960569064277,WLS,53,0.0006094468847844051
5,UPFC_tse,5-15,-2.1874717096629395,73,-2.1737620505090027,WLS,53,0.013709659153936737
0,x_tcsc,1-14,-0.09748959124940086,74,-0.09749920633276173,WLS,53,9.615083360864363e-06
1,B_svc,2,0.16790141313984733,74,0.16751060592097347,WLS,53,0.0003908072188738565
2,UPFC_Vsh,5-15,1.1083479445567421,74,1.114599987228435,WLS,53,0.00625204267169277
3,UPFC_tsh,5-15,-0.2455152987981972,74,-0.2455721825006816,WLS,53,5.688370248441155e-05
4,UPFC_Vse,5-15,0.06218380866817429,74,0.06179960569064277,WLS,53,0.0003842029775315142
5,UPFC_tse,5-15,-2.189350036101067,74,-2.1737620505090027,WLS,53,0.015587985592064424
0,x_tcsc,1-14,-0.09747220923257674,75,-0.09749920633276173,WLS,53,2.6997100184986134e-05
1,B_svc,2,0.16794110708158386,75,0.16751060592097347,WLS,53,0.0004305011606103859
2,UPFC_Vsh,5-15,1.1084890251453892,75,1.114599987228435,WLS,53,0.0061109620830457345
3,UPFC_tsh,5-15,-0.2455627460732727,75,-0.2455721825006816,WLS,53,9.436427408915371e-06
4,UPFC_Vse,5-15,0.06231313659212412,75,0.06179960569064277,WLS,53,0.0005135309014813461
5,UPFC_tse,5-15,-2.189663422118342,75,-2.1737620505090027,WLS,53,0.015901371609339243
0,x_tcsc,1-14,-0.09748489452463123,76,-0.09749920633276173,WLS,53,1.431180813049604e-05
1,B_svc,2,0.1684551926889685,76,0.16751060592097347,WLS,53,0.0009445867679950259
2,UPFC_Vsh,5-15,1.1083762785284859,76,1.114599987228435,WLS,53,0.006223708699949038
3,UPFC_tsh,5-15,-0.24553921033638756,76,-0.2455721825006816,WLS,53,3.2972164294042816e-05
4,UPFC_Vse,5-15,0.06203607687817939,76,0.06179960569064277,WLS,53,0.00023647118753662016
5,UPFC_tse,5-15,-2.185229949727183,76,-2.1737620505090027,WLS,53,0.011467899218180477
0,x_tcsc,1-14,-0.09747119055663274,77,-0.09749920633276173,WLS,53,2.8015776128986758e-05
1,B_svc,2,0.16738666757974227,77,0.16751060592097347,WLS,53,0.00012393834123120007
2,UPFC_Vsh,5-15,1.1086739415813969,77,1.114599987228435,WLS,53,0.005926045647038025
3,UPFC_tsh,5-15,-0.24553003390186326,77,-0.2455721825006816,WLS,53,4.214859881834787e-05
4,UPFC_Vse,5-15,0.06266333050588582,77,0.06179960569064277,WLS,53,0.0008637248152430499
5,UPFC_tse,5-15,-2.185874331815553,77,-2.1737620505090027,WLS,53,0.012112281306550177
0,x_tcsc,1-14,-0.09750271973408595,78,-0.09749920633276173,WLS,53,3.513401324220511e-06
1,B_svc,2,0.1673128183484218,78,0.16751060592097347,WLS,53,0.00019778757255167756
2,UPFC_Vsh,5-15,1.1084487352626762,78,1.114599987228435,WLS,53,0.0061512519657587195
3,UPFC_tsh,5-15,-0.24547442017513915,78,-0.2455721825006816,WLS,53,9.776232554245534e-05
4,UPFC_Vse,5-15,0.06255361266685845,78,0.06179960569064277,WLS,53,0.0007540069762156792
5,UPFC_tse,5-15,-2.1859623567888047,78,-2.1737620505090027,WLS,53,0.012200306279801953
0,x_tcsc,1-14,-0.09748751594770291,79,-0.09749920633276173,WLS,53,1.1690385058812924e-05
1,B_svc,2,0.16799483449657715,79,0.16751060592097347,WLS,53,0.00048422857560367905
2,UPFC_Vsh,5-15,1.1082477437565672,79,1.114599987228435,WLS,53,0.006352243471867691
3,UPFC_tsh,5-15,-0.2454528697283454,79,-0.2455721825006816,WLS,53,0.0001193127723362053
4,UPFC_Vse,5-15,0.06197730306509184,79,0.06179960569064277,WLS,53,0.00017769737444906647
5,UPFC_tse,5-15,-2.1864358679696934,79,-2.1737620505090027,WLS,53,0.012673817460690628
0,x_tcsc,1-14,-0.09747579564644884,80,-0.09749920633276173,WLS,53,2.341068631288301e-05
1,B_svc,2,0.16816160128753732,80,0.16751060592097347,WLS,53,0.0006509953665638502
2,UPFC_Vsh,5-15,1.1085113618751816,80,1.114599987228435,WLS,53,0.006088625353253274
3,UPFC_tsh,5-15,-0.24560690684551018,80,-0.2455721825006816,WLS,53,3.472434482856834e-05
4,UPFC_Vse,5-15,0.06239010273071672,80,0.06179960569064277,WLS,53,0.0005904970400739465
5,UPFC_tse,5-15,-2.1907018215110394,80,-2.1737620505090027,WLS,53,0.016939771002036697
0,x_tcsc,1-14,-0.09748093336047267,81,-0.09749920633276173,WLS,53,1.8272972289054557e-05
1,B_svc,2,0.1677090326985979,81,0.16751060592097347,WLS,53,0.0001984267776244386
2,UPFC_Vsh,5-15,1.1081723296057853,81,1.114599987228435,WLS,53,0.00642765762264963
3,UPFC_tsh,5-15,-0.24548171360750287,81,-0.2455721825006816,WLS,53,9.046889317873563e-05
4,UPFC_Vse,5-15,0.06174316757225508,81,0.06179960569064277,WLS,53,5.6438118387694414e-05
5,UPFC_tse,5-15,-2.190119454992511,81,-2.1737620505090027,WLS,53,0.016357404483508198
0,x_tcsc,1-14,-0.09749104718635643,82,-0.09749920633276173,WLS,53,8.159146405298245e-06
1,B_svc,2,0.16800897764332942,82,0.16751060592097347,WLS,53,0.0004983717223559503
2,UPFC_Vsh,5-15,1.1081188540973153,82,1.114599987228435,WLS,53,0.006481133131119643
3,UPFC_tsh,5-15,-0.24556970702798872,82,-0.2455721825006816,WLS,53,2.4754726928866155e-06
4,UPFC_Vse,5-15,0.06293441901194562,82,0.06179960569064277,WLS,53,0.0011348133213028438
5,UPFC_tse,5-15,-2.186560749245068,82,-2.1737620505090027,WLS,53,0.012798698736065095
0,x_tcsc,1-14,-0.09748314675105621,83,-0.09749920633276173,WLS,53,1.6059581705515913e-05
1,B_svc,2,0.16824799913961144,83,0.16751060592097347,WLS,53,0.0007373932186379717
2,UPFC_Vsh,5-15,1.1085255236511333,83,1.114599987228435,WLS,53,0.00607446357730157
3,UPFC_tsh,5-15,-0.2455212971768142,83,-0.2455721825006816,WLS,53,5.088532386740563e-05
4,UPFC_Vse,5-15,0.06218650254603525,83,0.06179960569064277,WLS,53,0.00038689685539247676
5,UPFC_tse,5-15,-2.1919622786260295,83,-2.1737620505090027,WLS,53,0.018200228117026818
0,x_tcsc,1-14,-0.09748445288526993,84,-0.09749920633276173,WLS,53,1.4753447491799854e-05
1,B_svc,2,0.16764827748048147,84,0.16751060592097347,WLS,53,0.00013767155950800136
2,UPFC_Vsh,5-15,1.1083305614118037,84,1.114599987228435,WLS,53,0.006269425816631147
3,UPFC_tsh,5-15,-0.24558117166224216,84,-0.2455721825006816,WLS,53,8.989161560557513e-06
4,UPFC_Vse,5-15,0.0626474029908307,84,0.06179960569064277,WLS,53,0.0008477973001879274
5,UPFC_tse,5-15,-2.18725624834349,84,-2.1737620505090027,WLS,53,0.013494197834487132
0,x_tcsc,1-14,-0.09747756401252271,85,-0.09749920633276173,WLS,53,2.164232023901813e-05
1,B_svc,2,0.1679261111764424,85,0.16751060592097347,WLS,53,0.00041550525546893424
2,UPFC_Vsh,5-15,1.108059477720543,85,1.114599987228435,WLS,53,0.006540509507891867
3,UPFC_tsh,5-15,-0.2455539616344527,85,-0.2455721825006816,WLS,53,1.8220866228907395e-05
4,UPFC_Vse,5-15,0.06188091115313095,85,0.06179960569064277,WLS,53,8.13054624881765e-05
5,UPFC_tse,5-15,-2.1901212024898995,85,-2.1737620505090027,WLS,53,0.01635915198089677
0,x_tcsc,1-14,-0.09747465585337484,86,-0.09749920633276173,WLS,53,2.455047938688948e-05
1,B_svc,2,0.16811397458872937,86,0.16751060592097347,WLS,53,0.0006033686677558991
2,UPFC_Vsh,5-15,1.1082517232277196,86,1.114599987228435,WLS,53,0.006348264000715309
3,UPFC_tsh,5-15,-0.24560409134821626,86,-0.2455721825006816,WLS,53,3.190884753465073e-05
4,UPFC_Vse,5-15,0.061906092654977915,86,0.06179960569064277,WLS,53,0.00010648696433514238
5,UPFC_tse,5-15,-2.1890852000140764,86,-2.1737620505090027,WLS,53,0.01532314950507363
0,x_tcsc,1-14,-0.09747400684881677,87,-0.09749920633276173,WLS,53,2.519948394495708e-05
1,B_svc,2,0.1676589946877843,87,0.16751060592097347,WLS,53,0.00014838876681083635
2,UPFC_Vsh,5-15,1.108563746503894,87,1.114599987228435,WLS,53,0.006036240724540898
3,UPFC_tsh,5-15,-0.24555612553415498,87,-0.2455721825006816,WLS,53,1.605696652662303e-05
4,UPFC_Vse,5-15,0.06254561481663724,87,0.06179960569064277,WLS,53,0.0007460091259944707
5,UPFC_tse,5-15,-2.188075340548898,87,-2.1737620505090027,WLS,53,0.014313290039895232
0,x_tcsc,1-14,-0.097481593612193,88,-0.09749920633276173,WLS,53,1.7612720568729867e-05
1,B_svc,2,0.16814784191713256,88,0.16751060592097347,WLS,53,0.0006372359961590857
2,UPFC_Vsh,5-15,1.108602137528479,88,1.114599987228435,WLS,53,0.005997849699955982
3,UPFC_tsh,5-15,-0.2455675244945917,88,-0.2455721825006816,WLS,53,4.658006089897082e-06
4,UPFC_Vse,5-15,0.061985656841366484,88,0.06179960569064277,WLS,53,0.00018605115072371087
5,UPFC_tse,5-15,-2.1850168079852366,88,-2.1737620505090027,WLS,53,0.011254757476233834
0,x_tcsc,1-14,-0.09747902613404223,89,-0.09749920633276173,WLS,53,2.0180198719493836e-05
1,B_svc,2,0.16767649097470383,89,0.16751060592097347,WLS,53,0.000165885053730358
2,UPFC_Vsh,5-15,1.1079995004096013,89,1.114599987228435,WLS,53,0.0066004868188336285
3,UPFC_tsh,5-15,-0.24557988434872932,89,-0.2455721825006816,WLS,53,7.701848047714233e-06
4,UPFC_Vse,5-15,0.06200436887310257,89,0.06179960569064277,WLS,53,0.00020476318245979397
5,UPFC_tse,5-15,-2.186917395818713,89,-2.1737620505090027,WLS,53,0.013155345309710409
0,x_tcsc,1-14,-0.09748254242271887,90,-0.09749920633276173,WLS,53,1.6663910042860608e-05
1,B_svc,2,0.16760949305530198,90,0.16751060592097347,WLS,53,9.888713432851248e-05
2,UPFC_Vsh,5-15,1.1086096304794804,90,1.114599987228435,WLS,53,0.0059903567489545395
3,UPFC_tsh,5-15,-0.24551675677834936,90,-0.2455721825006816,WLS,53,5.542572233224741e-05
4,UPFC_Vse,5-15,0.06216462601575728,90,0.06179960569064277,WLS,53,0.0003650203251145054
5,UPFC_tse,5-15,-2.1877864869898733,90,-2.1737620505090027,WLS,53,0.014024436480870595
0,x_tcsc,1-14,-0.09747677223156002,91,-0.09749920633276173,WLS,53,2.243410120170153e-05
1,B_svc,2,0.16820671250184843,91,0.16751060592097347,WLS,53,0.0006961065808749611
2,UPFC_Vsh,5-15,1.1086729862013225,91,1.114599987228435,WLS,53,0.005927001027112411
3,UPFC_tsh,5-15,-0.24544920154387276,91,-0.2455721825006816,WLS,53,0.00012298095680884913
4,UPFC_Vse,5-15,0.06234197098224651,91,0.06179960569064277,WLS,53,0.0005423652916037372
5,UPFC_tse,5-15,-2.184139551335144,91,-2.1737620505090027,WLS,53,0.010377500826141084
0,x_tcsc,1-14,-0.09747705634815888,92,-0.09749920633276173,WLS,53,2.2149984602842787e-05
1,B_svc,2,0.1678865308926789,92,0.16751060592097347,WLS,53,0.00037592497170543804
2,UPFC_Vsh,5-15,1.1083971459560003,92,1.114599987228435,WLS,53,0.006202841272434645
3,UPFC_tsh,5-15,-0.2456027658616783,92,-0.2455721825006816,WLS,53,3.0583360996705444e-05
4,UPFC_Vse,5-15,0.06257503186811295,92,0.06179960569064277,WLS,53,0.0007754261774701732
5,UPFC_tse,5-15,-2.185114239784565,92,-2.1737620505090027,WLS,53,0.011352189275562363
0,x_tcsc,1-14,-0.09748710109869706,93,-0.09749920633276173,WLS,53,1.210523406466879e-05
1,B_svc,2,0.1673438421037485,93,0.16751060592097347,WLS,53,0.00016676381722496858
2,UPFC_Vsh,5-15,1.108419557897621,93,1.114599987228435,WLS,53,0.006180429330813864
3,UPFC_tsh,5-15,-0.2455744700398835,93,-0.2455721825006816,WLS,53,2.2875392018950613e-06
4,UPFC_Vse,5-15,0.06197153703667275,93,0.06179960569064277,WLS,53,0.00017193134602997567
5,UPFC_tse,5-15,-2.1883299331058894,93,-2.1737620505090027,WLS,53,0.014567882596886683
0,x_tcsc,1-14,-0.09747845067106815,94,-0.09749920633276173,WLS,53,2.0755661693572236e-05
1,B_svc,2,0.16792105092872397,94,0.16751060592097347,WLS,53,0.00041044500775050397
2,UPFC_Vsh,5-15,1.1080824655434518,94,1.114599987228435,WLS,53,0.006517521684983096
3,UPFC_tsh,5-15,-0.24553156502210546,94,-0.2455721825006816,WLS,53,4.061747857614373e-05
4,UPFC_Vse,5-15,0.06255116849349758,94,0.06179960569064277,WLS,53,0.0007515628028548077
5,UPFC_tse,5-15,-2.1859167877376393,94,-2.1737620505090027,WLS,53,0.01215473722863658
0,x_tcsc,1-14,-0.0974877065487945,95,-0.09749920633276173,WLS,53,1.1499783967222621e-05
1,B_svc,2,0.16792165807682127,95,0.16751060592097347,WLS,53,0.00041105215584780197
2,UPFC_Vsh,5-15,1.1083096217160928,95,1.114599987228435,WLS,53,0.006290365512342078
3,UPFC_tsh,5-15,-0.245523748988786,95,-0.2455721825006816,WLS,53,4.843351189559586e-05
4,UPFC_Vse,5-15,0.062472451243396225,95,0.06179960569064277,WLS,53,0.0006728455527534524
5,UPFC_tse,5-15,-2.188409182817228,95,-2.1737620505090027,WLS,53,0.014647132308225341
0,x_tcsc,1-14,-0.09747723269900221,96,-0.09749920633276173,WLS,53,2.1973633759511668e-05
1,B_svc,2,0.16773262574755468,96,0.16751060592097347,WLS,53,0.0002220198265812101
2,UPFC_Vsh,5-15,1.1081367556848136,96,1.114599987228435,WLS,53,0.006463231543621273
3,UPFC_tsh,5-15,-0.2455934599385795,96,-0.2455721825006816,WLS,53,2.12774378978986e-05
4,UPFC_Vse,5-15,0.0626074601147768,96,0.06179960569064277,WLS,53,0.0008078544241340302
5,UPFC_tse,5-15,-2.186269089210437,96,-2.1737620505090027,WLS,53,0.012507038701434325
0,x_tcsc,1-14,-0.0974850462563889,97,-0.09749920633276173,WLS,53,1.4160076372823904e-05
1,B_svc,2,0.1679402926242918,97,0.16751060592097347,WLS,53,0.0004296867033183327
2,UPFC_Vsh,5-15,1.1088018150442471,97,1.114599987228435,WLS,53,0.0057981721841877665
3,UPFC_tsh,5-15,-0.2456099034804125,97,-0.2455721825006816,WLS,53,3.772097973089861e-05
4,UPFC_Vse,5-15,0.06296870727275716,97,0.06179960569064277,WLS,53,0.0011691015821143902
5,UPFC_tse,5-15,-2.188469382845601,97,-2.1737620505090027,WLS,53,0.014707332336598267
0,x_tcsc,1-14,-0.09749215674256617,98,-0.09749920633276173,WLS,53,7.0495901955541784e-06
1,B_svc,2,0.16797699226348195,98,0.16751060592097347,WLS,53,0.0004663863425084791
2,UPFC_Vsh,5-15,1.1082258465520083,98,1.114599987228435,WLS,53,0.0063741406764266095
3,UPFC_tsh,5-15,-0.2455727137748399,98,-0.2455721825006816,WLS,53,5.312741583052283e-07
4,UPFC_Vse,5-15,0.062347916411119475,98,0.06179960569064277,WLS,53,0.0005483107204767024
5,UPFC_tse,5-15,-2.1890177331311844,98,-2.1737620505090027,WLS,53,0.015255682622181688
0,x_tcsc,1-14,-0.09748214889207545,99,-0.09749920633276173,WLS,53,1.7057440686280012e-05
1,B_svc,2,0.16785282158336465,99,0.16751060592097347,WLS,53,0.0003422156623911765
2,UPFC_Vsh,5-15,1.1081866973065877,99,1.114599987228435,WLS,53,0.006413289921847198
3,UPFC_tsh,5-15,-0.24558350446199423,99,-0.2455721825006816,WLS,53,1.132196131262142e-05
4,UPFC_Vse,5-15,0.06229602649450935,99,0.06179960569064277,WLS,53,0.0004964208038665749
5,UPFC_tse,5-15,-2.185015378778819,99,-2.1737620505090027,WLS,53,0.011253328269816176
0,x_tcsc,1-14,-0.09715644389284647,0,-0.09714767331654335,WLS,55,8.770576303121502e-06
1,B_svc,2,0.16685842025163322,0,0.16711220707892135,WLS,55,0.00025378682728813273
2,UPFC_Vsh,5-15,1.1084129596424253,0,1.1138622134946952,WLS,55,0.0054492538522699085
3,UPFC_tsh,5-15,-0.2455404455809324,0,-0.24549011554370062,WLS,55,5.0330037231788305e-05
4,UPFC_Vse,5-15,0.06243520034807614,0,0.06213281995843694,WLS,55,0.0003023803896392008
5,UPFC_tse,5-15,-2.188150602400933,0,-2.1812688948177184,WLS,55,0.006881707583214602
0,x_tcsc,1-14,-0.09716180911626708,1,-0.09714767331654335,WLS,55,1.4135799723730136e-05
1,B_svc,2,0.16692836366459415,1,0.16711220707892135,WLS,55,0.00018384341432720053
2,UPFC_Vsh,5-15,1.1085332949783546,1,1.1138622134946952,WLS,55,0.005328918516340542
3,UPFC_tsh,5-15,-0.2455362157176924,1,-0.24549011554370062,WLS,55,4.6100173991786564e-05
4,UPFC_Vse,5-15,0.06275959793057127,1,0.06213281995843694,WLS,55,0.0006267779721343333
5,UPFC_tse,5-15,-2.184911285007218,1,-2.1812688948177184,WLS,55,0.0036423901894995225
0,x_tcsc,1-14,-0.09715864806935641,2,-0.09714767331654335,WLS,55,1.0974752813058819e-05
1,B_svc,2,0.16701291879302296,2,0.16711220707892135,WLS,55,9.928828589839123e-05
2,UPFC_Vsh,5-15,1.1082744271380147,2,1.1138622134946952,WLS,55,0.005587786356680446
3,UPFC_tsh,5-15,-0.24553193917615793,2,-0.24549011554370062,WLS,55,4.182363245730514e-05
4,UPFC_Vse,5-15,0.06265675471415867,2,0.06213281995843694,WLS,55,0.0005239347557217319
5,UPFC_tse,5-15,-2.188740122565527,2,-2.1812688948177184,WLS,55,0.00747122774780884
0,x_tcsc,1-14,-0.09715008358702712,3,-0.09714767331654335,WLS,55,2.4102704837686284e-06
1,B_svc,2,0.16745498879857834,3,0.16711220707892135,WLS,55,0.0003427817196569871
2,UPFC_Vsh,5-15,1.1082288191275427,3,1.1138622134946952,WLS,55,0.005633394367152489
3,UPFC_tsh,5-15,-0.245518223854804,3,-0.24549011554370062,WLS,55,2.810831110339196e-05
4,UPFC_Vse,5-15,0.06317273292595682,3,0.06213281995843694,WLS,55,0.0010399129675198807
5,UPFC_tse,5-15,-2.18889222678103,3,-2.1812688948177184,WLS,55,0.007623331963311664
0,x_tcsc,1-14,-0.09715078321057431,4,-0.09714767331654335,WLS,55,3.109894030961513e-06
1,B_svc,2,0.167381688757806,4,0.16711220707892135,WLS,55,0.0002694816788846588
2,UPFC_Vsh,5-15,1.1085346229247126,4,1.1138622134946952,WLS,55,0.005327590569982554
3,UPFC_tsh,5-15,-0.24550931354112066,4,-0.24549011554370062,WLS,55,1.919799742003403e-05
4,UPFC_Vse,5-15,0.062282786570233444,4,0.06213281995843694,WLS,55,0.00014996661179650372
5,UPFC_tse,5-15,-2.1880456917329396,4,-2.1812688948177184,WLS,55,0.0067767969152212615
0,x_tcsc,1-14,-0.09715223758661959,5,-0.09714767331654335,WLS,55,4.56427007623772e-06
1,B_svc,2,0.16691110732296988,5,0.16711220707892135,WLS,55,0.00020109975595147822
2,UPFC_Vsh,5-15,1.1085970572896078,5,1.1138622134946952,WLS,55,0.005265156205087385
3,UPFC_tsh,5-15,-0.2454730577790687,5,-0.24549011554370062,WLS,55,1.7057764631928096e-05
4,UPFC_Vse,5-15,0.06257513212749083,5,0.06213281995843694,WLS,55,0.0004423121690538892
5,UPFC_tse,5-15,-2.1898824990822194,5,-2.1812688948177184,WLS,55,0.008613604264501085
0,x_tcsc,1-14,-0.09715689455462524,6,-0.09714767331654335,WLS,55,9.221238081891237e-06
1,B_svc,2,0.16682312292037085,6,0.16711220707892135,WLS,55,0.00028908415855050107
2,UPFC_Vsh,5-15,1.1087327119433303,6,1.1138622134946952,WLS,55,0.0051295015513648234
3,UPFC_tsh,5-15,-0.24549227033675855,6,-0.24549011554370062,WLS,55,2.154793057929094e-06
4,UPFC_Vse,5-15,0.062113204926686795,6,0.06213281995843694,WLS,55,1.9615031750144785e-05
5,UPFC_tse,5-15,-2.189795709181703,6,-2.1812688948177184,WLS,55,0.008526814363984503
0,x_tcsc,1-14,-0.097144795994786,7,-0.09714767331654335,WLS,55,2.8773217573552223e-06
1,B_svc,2,0.16717343311151667,7,0.16711220707892135,WLS,55,6.12260325953129e-05
2,UPFC_Vsh,5-15,1.1084500574932077,7,1.1138622134946952,WLS,55,0.005412156001487478
3,UPFC_tsh,5-15,-0.24546827684092012,7,-0.24549011554370062,WLS,55,2.183870278049671e-05
4,UPFC_Vse,5-15,0.062313927783509374,7,0.06213281995843694,WLS,55,0.00018110782507243378
5,UPFC_tse,5-15,-2.1858453070873423,7,-2.1812688948177184,WLS,55,0.0045764122696239085
0,x_tcsc,1-14,-0.09716605714449925,8,-0.09714767331654335,WLS,55,1.8383827955895105e-05
1,B_svc,2,0.16709090988269765,8,0.16711220707892135,WLS,55,2.1297196223707404e-05
2,UPFC_Vsh,5-15,1.1082139401550615,8,1.1138622134946952,WLS,55,0.0056482733396336915
3,UPFC_tsh,5-15,-0.24552454990176936,8,-0.24549011554370062,WLS,55,3.443435806874118e-05
4,UPFC_Vse,5-15,0.06281711432871935,8,0.06213281995843694,WLS,55,0.0006842943702824109
5,UPFC_tse,5-15,-2.184473702251032,8,-2.1812688948177184,WLS,55,0.00320480743331375
0,x_tcsc,1-14,-0.09715726908242237,9,-0.09714767331654335,WLS,55,9.595765879014118e-06
1,B_svc,2,0.16709075951146643,9,0.16711220707892135,WLS,55,2.1447567454924155e-05
2,UPFC_Vsh,5-15,1.1083958285914548,9,1.1138622134946952,WLS,55,0.005466384903240362
3,UPFC_tsh,5-15,-0.2455335475950454,9,-0.24549011554370062,WLS,55,4.343205134477168e-05
4,UPFC_Vse,5-15,0.06250429294535637,9,0.06213281995843694,WLS,55,0.0003714729869194258
5,UPFC_tse,5-15,-2.187994720207692,9,-2.1812688948177184,WLS,55,0.006725825389973572
0,x_tcsc,1-14,-0.09715189163956867,10,-0.09714767331654335,WLS,55,4.218323025315107e-06
1,B_svc,2,0.1670440323881453,10,0.16711220707892135,WLS,55,6.817469077605165e-05
2,UPFC_Vsh,5-15,1.1086528971274459,10,1.1138622134946952,WLS,55,0.005209316367249306
3,UPFC_tsh,5-15,-0.24543901475246854,10,-0.24549011554370062,WLS,55,5.1100791232078224e-05
4,UPFC_Vse,5-15,0.06257205362220009,10,0.06213281995843694,WLS,55,0.0004392336637631458
5,UPFC_tse,5-15,-2.1845318370753573,10,-2.1812688948177184,WLS,55,0.003262942257638901
0,x_tcsc,1-14,-0.09715169968181885,11,-0.09714767331654335,WLS,55,4.026365275494603e-06
1,B_svc,2,0.16745622160509724,11,0.16711220707892135,WLS,55,0.00034401452617588424
2,UPFC_Vsh,5-15,1.108281003648171,11,1.1138622134946952,WLS,55,0.0055812098465242155
3,UPFC_tsh,5-15,-0.24546607551407174,11,-0.24549011554370062,WLS,55,2.404002962888563e-05
4,UPFC_Vse,5-15,0.06268779185342624,11,0.06213281995843694,WLS,55,0.0005549718949892993
5,UPFC_tse,5-15,-2.1879146394049984,11,-2.1812688948177184,WLS,55,0.006645744587280067
0,x_tcsc,1-14,-0.0971631681351943,12,-0.09714767331654335,WLS,55,1.5494818650943487e-05
1,B_svc,2,0.1668396271853732,12,0.16711220707892135,WLS,55,0.00027257989354814716
2,UPFC_Vsh,5-15,1.1084452805466438,12,1.1138622134946952,WLS,55,0.005416932948051345
3,UPFC_tsh,5-15,-0.245467731781046,12,-0.24549011554370062,WLS,55,2.238376265462083e-05
4,UPFC_Vse,5-15,0.06314297517552424,12,0.06213281995843694,WLS,55,0.0010101552170872982
5,UPFC_tse,5-15,-2.1857468331436785,12,-2.1812688948177184,WLS,55,0.004477938325960107
0,x_tcsc,1-14,-0.09714468410215098,13,-0.09714767331654335,WLS,55,2.9892143923737624e-06
1,B_svc,2,0.16720239932032063,13,0.16711220707892135,WLS,55,9.01922413992784e-05
2,UPFC_Vsh,5-15,1.1089517317414572,13,1.1138622134946952,WLS,55,0.0049104817532379386
3,UPFC_tsh,5-15,-0.24545898462481075,13,-0.24549011554370062,WLS,55,3.1130918889871184e-05
4,UPFC_Vse,5-15,0.06200306816285164,13,0.06213281995843694,WLS,55,0.00012975179558529643
5,UPFC_tse,5-15,-2.1918596558386243,13,-2.1812688948177184,WLS,55,0.010590761020905948
0,x_tcsc,1-14,-0.09715216577082737,14,-0.09714767331654335,WLS,55,4.492454284021896e-06
1,B_svc,2,0.1668159447793385,14,0.16711220707892135,WLS,55,0.0002962622995828501
2,UPFC_Vsh,5-15,1.108726924393891,14,1.1138622134946952,WLS,55,0.005135289100804075
3,UPFC_tsh,5-15,-0.24545400337342663,14,-0.24549011554370062,WLS,55,3.611217027399416e-05
4,UPFC_Vse,5-15,0.062298976459550084,14,0.06213281995843694,WLS,55,0.00016615650111314467
5,UPFC_tse,5-15,-2.188471174798568,14,-2.1812688948177184,WLS,55,0.007202279980849546
0,x_tcsc,1-14,-0.09714766417761826,15,-0.09714767331654335,WLS,55,9.138925088914007e-09
1,B_svc,2,0.16682483257469702,15,0.16711220707892135,WLS,55,0.00028737450422433586
2,UPFC_Vsh,5-15,1.1085825729409904,15,1.1138622134946952,WLS,55,0.005279640553704779
3,UPFC_tsh,5-15,-0.2454651249706904,15,-0.24549011554370062,WLS,55,2.4990573010225114e-05
4,UPFC_Vse,5-15,0.06249058588774047,15,0.06213281995843694,WLS,55,0.0003577659293035329
5,UPFC_tse,5-15,-2.185737332881817,15,-2.1812688948177184,WLS,55,0.004468438064098468
0,x_tcsc,1-14,-0.0971506817557625,16,-0.09714767331654335,WLS,55,3.008439219145953e-06
1,B_svc,2,0.16706867509080459,16,0.16711220707892135,WLS,55,4.3531988116768394e-05
2,UPFC_Vsh,5-15,1.1085694975660427,16,1.1138622134946952,WLS,55,0.005292715928652436
3,UPFC_tsh,5-15,-0.2455258256338587,16,-0.24549011554370062,WLS,55,3.571009015806981e-05
4,UPFC_Vse,5-15,0.06191948667440355,16,0.06213281995843694,WLS,55,0.00021333328403339014
5,UPFC_tse,5-15,-2.191901798514989,16,-2.1812688948177184,WLS,55,0.010632903697270546
0,x_tcsc,1-14,-0.09715278053995498,17,-0.09714767331654335,WLS,55,5.107223411626727e-06
1,B_svc,2,0.16719823439859177,17,0.16711220707892135,WLS,55,8.602731967041755e-05
2,UPFC_Vsh,5-15,1.108771597550173,17,1.1138622134946952,WLS,55,0.005090615944522092
3,UPFC_tsh,5-15,-0.2454298955014712,17,-0.24549011554370062,WLS,55,6.022004222941413e-05
4,UPFC_Vse,5-15,0.0628027838032652,17,0.06213281995843694,WLS,55,0.0006699638448282655
5,UPFC_tse,5-15,-2.1862313733337517,17,-2.1812688948177184,WLS,55,0.004962478516033375
0,x_tcsc,1-14,-0.09715186016539533,18,-0.09714767331654335,WLS,55,4.1868488519780644e-06
1,B_svc,2,0.16691465674544653,18,0.16711220707892135,WLS,55,0.00019755033347482187
2,UPFC_Vsh,5-15,1.1085556434219013,18,1.1138622134946952,WLS,55,0.0053065700727938925
3,UPFC_tsh,5-15,-0.24555956782814767,18,-0.24549011554370062,WLS,55,6.945228444704687e-05
4,UPFC_Vse,5-15,0.06261290686744284,18,0.06213281995843694,WLS,55,0.00048008690900589596
5,UPFC_tse,5-15,-2.1879730599593223,18,-2.1812688948177184,WLS,55,0.0067041651416039905
0,x_tcsc,1-14,-0.09715124181119371,19,-0.09714767331654335,WLS,55,3.5684946503578008e-06
1,B_svc,2,0.16670157928045512,19,0.16711220707892135,WLS,55,0.0004106277984662343
2,UPFC_Vsh,5-15,1.1083150570037763,19,1.1138622134946952,WLS,55,0.005547156490918859
3,UPFC_tsh,5-15,-0.2455228460603591,19,-0.24549011554370062,WLS,55,3.2730516658474595e-05
4,UPFC_Vse,5-15,0.06246785427117865,19,0.06213281995843694,WLS,55,0.0003350343127417124
5,UPFC_tse,5-15,-2.1865868852459744,19,-2.1812688948177184,WLS,55,0.005317990428256092
0,x_tcsc,1-14,-0.09714069712502171,20,-0.09714767331654335,WLS,55,6.9761915216376424e-06
1,B_svc,2,0.16730399305652743,20,0.16711220707892135,WLS,55,0.0001917859776060793
2,UPFC_Vsh,5-15,1.108695525382477,20,1.1138622134946952,WLS,55,0.0051666881122180985
3,UPFC_tsh,5-15,-0.2454460593547762,20,-0.24549011554370062,WLS,55,4.405618892441843e-05
4,UPFC_Vse,5-15,0.06207825226143058,20,0.06213281995843694,WLS,55,5.456769700636077e-05
5,UPFC_tse,5-15,-2.189514501405957,20,-2.1812688948177184,WLS,55,0.008245606588238807
0,x_tcsc,1-14,-0.09715203024100007,21,-0.09714767331654335,WLS,55,4.356924456716538e-06
1,B_svc,2,0.1674969554006368,21,0.16711220707892135,WLS,55,0.00038474832171545015
2,UPFC_Vsh,5-15,1.1087008999982244,21,1.1138622134946952,WLS,55,0.005161313496470754
3,UPFC_tsh,5-15,-0.24548686451594834,21,-0.24549011554370062,WLS,55,3.251027752282365e-06
4,UPFC_Vse,5-15,0.062453386480263065,21,0.06213281995843694,WLS,55,0.00032056652182612527
5,UPFC_tse,5-15,-2.189002180597235,21,-2.1812688948177184,WLS,55,0.0077332857795164855
0,x_tcsc,1-14,-0.09714803964573297,22,-0.09714767331654335,WLS,55,3.663291896216503e-07
1,B_svc,2,0.16693310176384676,22,0.16711220707892135,WLS,55,0.00017910531507459027
2,UPFC_Vsh,5-15,1.1081658967085264,22,1.1138622134946952,WLS,55,0.005696316786168776
3,UPFC_tsh,5-15,-0.24554859734226048,22,-0.24549011554370062,WLS,55,5.8481798559856246e-05
4,UPFC_Vse,5-15,0.06245930605445905,22,0.06213281995843694,WLS,55,0.00032648609602210776
5,UPFC_tse,5-15,-2.188238322436797,22,-2.1812688948177184,WLS,55,0.006969427619078594
0,x_tcsc,1-14,-0.0971582283482971,23,-0.09714767331654335,WLS,55,1.0555031753747834e-05
1,B_svc,2,0.1675571460803222,23,0.16711220707892135,WLS,55,0.00044493900140085696
2,UPFC_Vsh,5-15,1.1083821832899396,23,1.1138622134946952,WLS,55,0.005480030204755515
3,UPFC_tsh,5-15,-0.2455582277504392,23,-0.24549011554370062,WLS,55,6.811220673857976e-05
4,UPFC_Vse,5-15,0.06246985025430265,23,0.06213281995843694,WLS,55,0.000337030295865709
5,UPFC_tse,5-15,-2.1885990416724606,23,-2.1812688948177184,WLS,55,0.007330146854742203
0,x_tcsc,1-14,-0.0971482952040636,24,-0.09714767331654335,WLS,55,6.218875202440577e-07
1,B_svc,2,0.16742852691800897,24,0.16711220707892135,WLS,55,0.0003163198390876143
2,UPFC_Vsh,5-15,1.1085339149375828,24,1.1138622134946952,WLS,55,0.005328298557112365
3,UPFC_tsh,5-15,-0.24552610054133023,24,-0.24549011554370062,WLS,55,3.598499762960672e-05
4,UPFC_Vse,5-15,0.06287374297132714,24,0.06213281995843694,WLS,55,0.0007409230128902003
5,UPFC_tse,5-15,-2.1897615178862404,24,-2.1812688948177184,WLS,55,0.008492623068522054
0,x_tcsc,1-14,-0.0971555114612107,25,-0.09714767331654335,WLS,55,7.838144667343672e-06
1,B_svc,2,0.1675073381373533,25,0.16711220707892135,WLS,55,0.00039513105843194674
2,UPFC_Vsh,5-15,1.1084108690580465,25,1.1138622134946952,WLS,55,0.005451344436648631
3,UPFC_tsh,5-15,-0.24554110897651393,25,-0.24549011554370062,WLS,55,5.0993432813312145e-05
4,UPFC_Vse,5-15,0.06258238392112657,25,0.06213281995843694,WLS,55,0.00044956396268962945
5,UPFC_tse,5-15,-2.189207007312236,25,-2.1812688948177184,WLS,55,0.00793811249451748
0,x_tcsc,1-14,-0.09715462611258464,26,-0.09714767331654335,WLS,55,6.952796041292952e-06
1,B_svc,2,0.16718755383827644,26,0.16711220707892135,WLS,55,7.534675935508273e-05
2,UPFC_Vsh,5-15,1.1086556306280528,26,1.1138622134946952,WLS,55,0.005206582866642329
3,UPFC_tsh,5-15,-0.24545172920358668,26,-0.24549011554370062,WLS,55,3.838634011393838e-05
4,UPFC_Vse,5-15,0.062266600938780683,26,0.06213281995843694,WLS,55,0.0001337809803437437
5,UPFC_tse,5-15,-2.1862015696678028,26,-2.1812688948177184,WLS,55,0.0049326748500844175
0,x_tcsc,1-14,-0.0971461709972372,27,-0.09714767331654335,WLS,55,1.5023193061514117e-06
1,B_svc,2,0.16715617997213922,27,0.16711220707892135,WLS,55,4.397289321786402e-05
2,UPFC_Vsh,5-15,1.108401593950506,27,1.1138622134946952,WLS,55,0.005460619544189083
3,UPFC_tsh,5-15,-0.2454955532637939,27,-0.24549011554370062,WLS,55,5.437720093287579e-06
4,UPFC_Vse,5-15,0.06213557081492392,27,0.06213281995843694,WLS,55,2.7508564869813124e-06
5,UPFC_tse,5-15,-2.1912072738396042,27,-2.1812688948177184,WLS,55,0.00993837902188588
0,x_tcsc,1-14,-0.09714287851204989,28,-0.09714767331654335,WLS,55,4.7948044934603695e-06
1,B_svc,2,0.16706538488936273,28,0.16711220707892135,WLS,55,4.682218955862072e-05
2,UPFC_Vsh,5-15,1.1085027477713802,28,1.1138622134946952,WLS,55,0.005359465723314916
3,UPFC_tsh,5-15,-0.24551327378436683,28,-0.24549011554370062,WLS,55,2.3158240666204533e-05
4,UPFC_Vse,5-15,0.06250865789186628,28,0.06213281995843694,WLS,55,0.00037583793342934463
5,UPFC_tse,5-15,-2.1883208789206576,28,-2.1812688948177184,WLS,55,0.007051984102939279
0,x_tcsc,1-14,-0.0971374000306035,29,-0.09714767331654335,WLS,55,1.0273285939846333e-05
1,B_svc,2,0.16701959297564978,29,0.16711220707892135,WLS,55,9.26141032715766e-05
2,UPFC_Vsh,5-15,1.1084890479909655,29,1.1138622134946952,WLS,55,0.005373165503729682
3,UPFC_tsh,5-15,-0.24546562020290516,29,-0.24549011554370062,WLS,55,2.4495340795460674e-05
4,UPFC_Vse,5-15,0.062187720203276356,29,0.06213281995843694,WLS,55,5.490024483941619e-05
5,UPFC_tse,5-15,-2.190800289893876,29,-2.1812688948177184,WLS,55,0.009531395076157523
0,x_tcsc,1-14,-0.09714702945225215,30,-0.09714767331654335,WLS,55,6.438642912026671e-07
1,B_svc,2,0.16713022183310083,30,0.16711220707892135,WLS,55,1.801475417947951e-05
2,UPFC_Vsh,5-15,1.1085608580868564,30,1.1138622134946952,WLS,55,0.005301355407838715
3,UPFC_tsh,5-15,-0.24546949470884905,30,-0.24549011554370062,WLS,55,2.062083485157573e-05
4,UPFC_Vse,5-15,0.0628413319023919,30,0.06213281995843694,WLS,55,0.0007085119439549578
5,UPFC_tse,5-15,-2.189187947543979,30,-2.1812688948177184,WLS,55,0.007919052726260478
0,x_tcsc,1-14,-0.09715561295422447,31,-0.09714767331654335,WLS,55,7.93963768111472e-06
1,B_svc,2,0.16696694399784145,31,0.16711220707892135,WLS,55,0.00014526308107989938
2,UPFC_Vsh,5-15,1.1082711275527752,31,1.1138622134946952,WLS,55,0.005591085941919927
3,UPFC_tsh,5-15,-0.24551454220360178,31,-0.24549011554370062,WLS,55,2.4426659901155556e-05
4,UPFC_Vse,5-15,0.06268887003622288,31,0.06213281995843694,WLS,55,0.0005560500777859398
5,UPFC_tse,5-15,-2.1894295316892816,31,-2.1812688948177184,WLS,55,0.00816063687156321
0,x_tcsc,1-14,-0.09715725110082683,32,-0.09714767331654335,WLS,55,9.577784283482105e-06
1,B_svc,2,0.16735023459602655,32,0.16711220707892135,WLS,55,0.00023802751710519376
2,UPFC_Vsh,5-15,1.1085558480050997,32,1.1138622134946952,WLS,55,0.00530636548959551
3,UPFC_tsh,5-15,-0.2454771523378637,32,-0.24549011554370062,WLS,55,1.2963205836907798e-05
4,UPFC_Vse,5-15,0.0626414737073095,32,0.06213281995843694,WLS,55,0.0005086537488725659
5,UPFC_tse,5-15,-2.186926658692462,32,-2.1812688948177184,WLS,55,0.005657763874743704
0,x_tcsc,1-14,-0.09715565535627532,33,-0.09714767331654335,WLS,55,7.982039731971313e-06
1,B_svc,2,0.16676788434666512,33,0.16711220707892135,WLS,55,0.0003443227322562359
2,UPFC_Vsh,5-15,1.1085513809286254,33,1.1138622134946952,WLS,55,0.00531083256606979
3,UPFC_tsh,5-15,-0.24548890084719835,33,-0.24549011554370062,WLS,55,1.2146965022719058e-06
4,UPFC_Vse,5-15,0.06222325318137728,33,0.06213281995843694,WLS,55,9.043322294034067e-05
5,UPFC_tse,5-15,-2.1890193769403345,33,-2.1812688948177184,WLS,55,0.007750482122616198
0,x_tcsc,1-14,-0.09715003813305942,34,-0.09714767331654335,WLS,55,2.3648165160677914e-06
1,B_svc,2,0.16717806396139878,34,0.16711220707892135,WLS,55,6.585688247742749e-05
2,UPFC_Vsh,5-15,1.1086041747561552,34,1.1138622134946952,WLS,55,0.005258038738539916
3,UPFC_tsh,5-15,-0.24546182719854598,34,-0.24549011554370062,WLS,55,2.828834515464229e-05
4,UPFC_Vse,5-15,0.06276981962048521,34,0.06213281995843694,WLS,55,0.0006369996620482696
5,UPFC_tse,5-15,-2.1847900503504873,34,-2.1812688948177184,WLS,55,0.0035211555327689936
0,x_tcsc,1-14,-0.09715215958686932,35,-0.09714767331654335,WLS,55,4.486270325967934e-06
1,B_svc,2,0.16739936293168253,35,0.16711220707892135,WLS,55,0.0002871558527611784
2,UPFC_Vsh,5-15,1.1083593234906706,35,1.1138622134946952,WLS,55,0.0055028900040245965
3,UPFC_tsh,5-15,-0.24551671636390823,35,-0.24549011554370062,WLS,55,2.6600820207611786e-05
4,UPFC_Vse,5-15,0.06268270871765481,35,0.06213281995843694,WLS,55,0.0005498887592178744
5,UPFC_tse,5-15,-2.18722427230764,35,-2.1812688948177184,WLS,55,0.005955377489921698
0,x_tcsc,1-14,-0.09714983217565461,36,-0.09714767331654335,WLS,55,2.1588591112564615e-06
1,B_svc,2,0.16712212250603298,36,0.16711220707892135,WLS,55,9.915427111623076e-06
2,UPFC_Vsh,5-15,1.1088330591298317,36,1.1138622134946952,WLS,55,0.005029154364863508
3,UPFC_tsh,5-15,-0.24547727262045504,36,-0.24549011554370062,WLS,55,1.2842923245576232e-05
4,UPFC_Vse,5-15,0.062234094301303625,36,0.06213281995843694,WLS,55,0.00010127434286668485
5,UPFC_tse,5-15,-2.188507929268436,36,-2.1812688948177184,WLS,55,0.007239034450717607
0,x_tcsc,1-14,-0.09714997824314961,37,-0.09714767331654335,WLS,55,2.304926606258584e-06
1,B_svc,2,0.16671154010863876,37,0.16711220707892135,WLS,55,0.00040066697028259823
2,UPFC_Vsh,5-15,1.1088095665138467,37,1.1138622134946952,WLS,55,0.0050526469808485075
3,UPFC_tsh,5-15,-0.24549169425573458,37,-0.24549011554370062,WLS,55,1.578712033961649e-06
4,UPFC_Vse,5-15,0.062024425338126334,37,0.06213281995843694,WLS,55,0.0001083946203106062
5,UPFC_tse,5-15,-2.1911425944735665,37,-2.1812688948177184,WLS,55,0.009873699655848167
0,x_tcsc,1-14,-0.09714777605892634,38,-0.09714767331654335,WLS,55,1.0274238299023963e-07
1,B_svc,2,0.1664769151278453,38,0.16711220707892135,WLS,55,0.0006352919510760613
2,UPFC_Vsh,5-15,1.1083221492536839,38,1.1138622134946952,WLS,55,0.005540064241011278
3,UPFC_tsh,5-15,-0.24549651230873995,38,-0.24549011554370062,WLS,55,6.3967650393292885e-06
4,UPFC_Vse,5-15,0.06232774718798074,38,0.06213281995843694,WLS,55,0.00019492722954379815
5,UPFC_tse,5-15,-2.185012637404733,38,-2.1812688948177184,WLS,55,0.003743742587014598
0,x_tcsc,1-14,-0.09714512848106807,39,-0.09714767331654335,WLS,55,2.5448354752793945e-06
1,B_svc,2,0.1670015205050021,39,0.16711220707892135,WLS,55,0.00011068657391924419
2,UPFC_Vsh,5-15,1.1081074131537267,39,1.1138622134946952,WLS,55,0.0057548003409684245
3,UPFC_tsh,5-15,-0.24553469624683683,39,-0.24549011554370062,WLS,55,4.4580703136204436e-05
4,UPFC_Vse,5-15,0.06228737271208133,39,0.06213281995843694,WLS,55,0.0001545527536443922
5,UPFC_tse,5-15,-2.186387904867707,39,-2.1812688948177184,WLS,55,0.005119010049988493
0,x_tcsc,1-14,-0.09715775146013494,40,-0.09714767331654335,WLS,55,1.0078143591593647e-05
1,B_svc,2,0.16635485134459968,40,0.16711220707892135,WLS,55,0.0007573557343216741
2,UPFC_Vsh,5-15,1.108549733313687,40,1.1138622134946952,WLS,55,0.005312480181008272
3,UPFC_tsh,5-15,-0.24549623507318824,40,-0.24549011554370062,WLS,55,6.119529487619291e-06
4,UPFC_Vse,5-15,0.06233593572806296,40,0.06213281995843694,WLS,55,0.0002031157696260194
5,UPFC_tse,5-15,-2.1874678060452406,40,-2.1812688948177184,WLS,55,0.006198911227522252
0,x_tcsc,1-14,-0.09714381304614594,41,-0.09714767331654335,WLS,55,3.860270397407217e-06
1,B_svc,2,0.16717035482751647,41,0.16711220707892135,WLS,55,5.814774859511096e-05
2,UPFC_Vsh,5-15,1.108726058637189,41,1.1138622134946952,WLS,55,0.005136154857506181
3,UPFC_tsh,5-15,-0.2454996690040641,41,-0.24549011554370062,WLS,55,9.553460363492805e-06
4,UPFC_Vse,5-15,0.06261882635131533,41,0.06213281995843694,WLS,55,0.0004860063928783867
5,UPFC_tse,5-15,-2.1880327314410346,41,-2.1812688948177184,WLS,55,0.006763836623316255
0,x_tcsc,1-14,-0.09713962919927296,42,-0.09714767331654335,WLS,55,8.044117270386564e-06
1,B_svc,2,0.1670110545761979,42,0.16711220707892135,WLS,55,0.00010115250272346721
2,UPFC_Vsh,5-15,1.1082846290242938,42,1.1138622134946952,WLS,55,0.005577584470401353
3,UPFC_tsh,5-15,-0.2454932623447992,42,-0.24549011554370062,WLS,55,3.146801098585783e-06
4,UPFC_Vse,5-15,0.06223467232353302,42,0.06213281995843694,WLS,55,0.00010185236509607787
5,UPFC_tse,5-15,-2.188243327838107,42,-2.1812688948177184,WLS,55,0.006974433020388471
0,x_tcsc,1-14,-0.09715393792800808,43,-0.09714767331654335,WLS,55,6.264611464731895e-06
1,B_svc,2,0.1671253602917987,43,0.16711220707892135,WLS,55,1.3153212877342613e-05
2,UPFC_Vsh,5-15,1.1086135570287154,43,1.1138622134946952,WLS,55,0.0052486564659797175
3,UPFC_tsh,5-15,-0.2454508398592679,43,-0.24549011554370062,WLS,55,3.9275684432710234e-05
4,UPFC_Vse,5-15,0.06281358656772494,43,0.06213281995843694,WLS,55,0.0006807666092880013
5,UPFC_tse,5-15,-2.1892848914286605,43,-2.1812688948177184,WLS,55,0.0080159966109421
0,x_tcsc,1-14,-0.0971492659778964,44,-0.09714767331654335,WLS,55,1.592661353050362e-06
1,B_svc,2,0.16751308320159972,44,0.16711220707892135,WLS,55,0.0004008761226783619
2,UPFC_Vsh,5-15,1.1085195759253268,44,1.1138622134946952,WLS,55,0.005342637569368369
3,UPFC_tsh,5-15,-0.24556328140303155,44,-0.24549011554370062,WLS,55,7.31658593309259e-05
4,UPFC_Vse,5-15,0.06303933503589441,44,0.06213281995843694,WLS,55,0.0009065150774574746
5,UPFC_tse,5-15,-2.1854198801440146,44,-2.1812688948177184,WLS,55,0.004150985326296208
0,x_tcsc,1-14,-0.09714459317983663,45,-0.09714767331654335,WLS,55,3.0801367067179175e-06
1,B_svc,2,0.16737319873928955,45,0.16711220707892135,WLS,55,0.00026099166036819277
2,UPFC_Vsh,5-15,1.1083257584893227,45,1.1138622134946952,WLS,55,0.005536455005372476
3,UPFC_tsh,5-15,-0.2455179574935325,45,-0.24549011554370062,WLS,55,2.7841949831880486e-05
4,UPFC_Vse,5-15,0.06287132742682791,45,0.06213281995843694,WLS,55,0.0007385074683909712
5,UPFC_tse,5-15,-2.1880651609844746,45,-2.1812688948177184,WLS,55,0.006796266166756215
0,x_tcsc,1-14,-0.09714568956145604,46,-0.09714767331654335,WLS,55,1.9837550873091914e-06
1,B_svc,2,0.16710033581823985,46,0.16711220707892135,WLS,55,1.1871260681500795e-05
2,UPFC_Vsh,5-15,1.1084670191360777,46,1.1138622134946952,WLS,55,0.005395194358617461
3,UPFC_tsh,5-15,-0.2454786495083567,46,-0.24549011554370062,WLS,55,1.1466035343909997e-05
4,UPFC_Vse,5-15,0.06250787466087408,46,0.06213281995843694,WLS,55,0.00037505470243714284
5,UPFC_tse,5-15,-2.1860642409298117,46,-2.1812688948177184,WLS,55,0.004795346112093313
0,x_tcsc,1-14,-0.0971428872224566,47,-0.09714767331654335,WLS,55,4.7860940867450186e-06
1,B_svc,2,0.16686117928544533,47,0.16711220707892135,WLS,55,0.0002510277934760219
2,UPFC_Vsh,5-15,1.1084432960433463,47,1.1138622134946952,WLS,55,0.005418917451348815
3,UPFC_tsh,5-15,-0.2454720801506383,47,-0.24549011554370062,WLS,55,1.803539306233226e-05
4,UPFC_Vse,5-15,0.06258940863802905,47,0.06213281995843694,WLS,55,0.00045658867959210564
5,UPFC_tse,5-15,-2.1899635709906855,47,-2.1812688948177184,WLS,55,0.008694676172967153
0,x_tcsc,1-14,-0.09714722485885259,48,-0.09714767331654335,WLS,55,4.4845769076040654e-07
1,B_svc,2,0.16700495295822906,48,0.16711220707892135,WLS,55,0.00010725412069229057
2,UPFC_Vsh,5-15,1.108462607775189,48,1.1138622134946952,WLS,55,0.005399605719506262
3,UPFC_tsh,5-15,-0.24549718177273364,48,-0.24549011554370062,WLS,55,7.0662290330147925e-06
4,UPFC_Vse,5-15,0.062130586442768795,48,0.06213281995843694,WLS,55,2.2335156681443924e-06
5,UPFC_tse,5-15,-2.1895353519215233,48,-2.1812688948177184,WLS,55,0.008266457103804914
0,x_tcsc,1-14,-0.09715384297959105,49,-0.09714767331654335,WLS,55,6.169663047700391e-06
1,B_svc,2,0.16759865167401494,49,0.16711220707892135,WLS,55,0.00048644459509358806
2,UPFC_Vsh,5-15,1.1083137306327264,49,1.1138622134946952,WLS,55,0.00554848286196874
3,UPFC_tsh,5-15,-0.24558797404275223,49,-0.24549011554370062,WLS,55,9.785849905161181e-05
4,UPFC_Vse,5-15,0.062319131995699766,49,0.06213281995843694,WLS,55,0.00018631203726282575
5,UPFC_tse,5-15,-2.18798252560936,49,-2.1812688948177184,WLS,55,0.006713630791641556
0,x_tcsc,1-14,-0.09713816680230417,50,-0.09714767331654335,WLS,55,9.50651423918536e-06
1,B_svc,2,0.16690979239131692,50,0.16711220707892135,WLS,55,0.0002024146876044297
2,UPFC_Vsh,5-15,1.1080690856059519,50,1.1138622134946952,WLS,55,0.00579312788874331
3,UPFC_tsh,5-15,-0.24553239439555574,50,-0.24549011554370062,WLS,55,4.2278851855120925e-05
4,UPFC_Vse,5-15,0.06294960099098265,50,0.06213281995843694,WLS,55,0.0008167810325457117
5,UPFC_tse,5-15,-2.18765196550491,50,-2.1812688948177184,WLS,55,0.006383070687191683
0,x_tcsc,1-14,-0.09714586229170756,51,-0.09714767331654335,WLS,55,1.8110248357905423e-06
1,B_svc,2,0.1671745985272022,51,0.16711220707892135,WLS,55,6.239144828085186e-05
2,UPFC_Vsh,5-15,1.1087064833334157,51,1.1138622134946952,WLS,55,0.005155730161279459
3,UPFC_tsh,5-15,-0.24549334954098836,51,-0.24549011554370062,WLS,55,3.2339972877437617e-06
4,UPFC_Vse,5-15,0.06265124502155016,51,0.06213281995843694,WLS,55,0.000518425063113219
5,UPFC_tse,5-15,-2.1885148887684425,51,-2.1812688948177184,WLS,55,0.007245993950724117
0,x_tcsc,1-14,-0.0971609959961065,52,-0.09714767331654335,WLS,55,1.3322679563151918e-05
1,B_svc,2,0.16749536477598684,52,0.16711220707892135,WLS,55,0.00038315769706548375
2,UPFC_Vsh,5-15,1.1086615120249517,52,1.1138622134946952,WLS,55,0.005200701469743496
3,UPFC_tsh,5-15,-0.24548262195426154,52,-0.24549011554370062,WLS,55,7.493589439078185e-06
4,UPFC_Vse,5-15,0.06288438980258104,52,0.06213281995843694,WLS,55,0.0007515698441441024
5,UPFC_tse,5-15,-2.186651365427413,52,-2.1812688948177184,WLS,55,0.005382470609694767
0,x_tcsc,1-14,-0.0971438261849912,53,-0.09714767331654335,WLS,55,3.847131552145444e-06
1,B_svc,2,0.16683810693827944,53,0.16711220707892135,WLS,55,0.0002741001406419141
2,UPFC_Vsh,5-15,1.1087558381264069,53,1.1138622134946952,WLS,55,0.005106375368288285
3,UPFC_tsh,5-15,-0.24537422422152033,53,-0.24549011554370062,WLS,55,0.0001158913221802893
4,UPFC_Vse,5-15,0.062400317065628666,53,0.06213281995843694,WLS,55,0.0002674971071917262
5,UPFC_tse,5-15,-2.185323808546575,53,-2.1812688948177184,WLS,55,0.0040549137288565795
0,x_tcsc,1-14,-0.09713213693899403,54,-0.09714767331654335,WLS,55,1.553637754932169e-05
1,B_svc,2,0.167362134389256,54,0.16711220707892135,WLS,55,0.00024992731033465776
2,UPFC_Vsh,5-15,1.108359470497387,54,1.1138622134946952,WLS,55,0.005502742997308241
3,UPFC_tsh,5-15,-0.24549141446275702,54,-0.24549011554370062,WLS,55,1.2989190563972297e-06
4,UPFC_Vse,5-15,0.06272322214294829,54,0.06213281995843694,WLS,55,0.0005904021845113475
5,UPFC_tse,5-15,-2.1883189013222415,54,-2.1812688948177184,WLS,55,0.007050006504523143
0,x_tcsc,1-14,-0.09715209209483663,55,-0.09714767331654335,WLS,55,4.418778293283077e-06
1,B_svc,2,0.16757698300862303,55,0.16711220707892135,WLS,55,0.00046477592970167736
2,UPFC_Vsh,5-15,1.1084531950187624,55,1.1138622134946952,WLS,55,0.005409018475932781
3,UPFC_tsh,5-15,-0.24543982301001713,55,-0.24549011554370062,WLS,55,5.029253368349362e-05
4,UPFC_Vse,5-15,0.06297499661806166,55,0.06213281995843694,WLS,55,0.0008421766596247229
5,UPFC_tse,5-15,-2.1894413897670306,55,-2.1812688948177184,WLS,55,0.00817249494931227
0,x_tcsc,1-14,-0.09714009753640224,56,-0.09714767331654335,WLS,55,7.575780141114152e-06
1,B_svc,2,0.1674823047317783,56,0.16711220707892135,WLS,55,0.00037009765285694884
2,UPFC_Vsh,5-15,1.1083124914699898,56,1.1138622134946952,WLS,55,0.0055497220247053836
3,UPFC_tsh,5-15,-0.24551493861922188,56,-0.24549011554370062,WLS,55,2.482307552126306e-05
4,UPFC_Vse,5-15,0.06208352668473866,56,0.06213281995843694,WLS,55,4.9293273698278184e-05
5,UPFC_tse,5-15,-2.1875388085116105,56,-2.1812688948177184,WLS,55,0.006269913693892182
0,x_tcsc,1-14,-0.09714810778295571,57,-0.09714767331654335,WLS,55,4.3446641236066785e-07
1,B_svc,2,0.16730976371871265,57,0.16711220707892135,WLS,55,0.0001975566397912909
2,UPFC_Vsh,5-15,1.1083604609145885,57,1.1138622134946952,WLS,55,0.005501752580106656
3,UPFC_tsh,5-15,-0.24539711485562912,57,-0.24549011554370062,WLS,55,9.300068807149842e-05
4,UPFC_Vse,5-15,0.06197543520098041,57,0.06213281995843694,WLS,55,0.00015738475745653152
5,UPFC_tse,5-15,-2.1864929889098144,57,-2.1812688948177184,WLS,55,0.00522409409209601
0,x_tcsc,1-14,-0.09714729345360638,58,-0.09714767331654335,WLS,55,3.798629369666795e-07
1,B_svc,2,0.16698798246292237,58,0.16711220707892135,WLS,55,0.00012422461599898016
2,UPFC_Vsh,5-15,1.1084153991010537,58,1.1138622134946952,WLS,55,0.005446814393641475
3,UPFC_tsh,5-15,-0.24553829339993383,58,-0.24549011554370062,WLS,55,4.817785623320581e-05
4,UPFC_Vse,5-15,0.06247697984114694,58,0.06213281995843694,WLS,55,0.000344159882709999
5,UPFC_tse,5-15,-2.1876434959136057,58,-2.1812688948177184,WLS,55,0.006374601095887389
0,x_tcsc,1-14,-0.09714460786818538,59,-0.09714767331654335,WLS,55,3.065448357972289e-06
1,B_svc,2,0.16690840340910434,59,0.16711220707892135,WLS,55,0.00020380366981700981
2,UPFC_Vsh,5-15,1.1088588982619145,59,1.1138622134946952,WLS,55,0.005003315232780636
3,UPFC_tsh,5-15,-0.2454449663026054,59,-0.24549011554370062,WLS,55,4.514924109522145e-05
4,UPFC_Vse,5-15,0.062269596407637066,59,0.06213281995843694,WLS,55,0.00013677644920012666
5,UPFC_tse,5-15,-2.1883015534492944,59,-2.1812688948177184,WLS,55,0.007032658631576094
0,x_tcsc,1-14,-0.09716212895974498,60,-0.09714767331654335,WLS,55,1.44556432016274e-05
1,B_svc,2,0.16750672027079613,60,0.16711220707892135,WLS,55,0.00039451319187477907
2,UPFC_Vsh,5-15,1.1083205584660951,60,1.1138622134946952,WLS,55,0.0055416550286000454
3,UPFC_tsh,5-15,-0.24546881332035167,60,-0.24549011554370062,WLS,55,2.1302223348951266e-05
4,UPFC_Vse,5-15,0.062300814041889016,60,0.06213281995843694,WLS,55,0.00016799408345207628
5,UPFC_tse,5-15,-2.188702912122005,60,-2.1812688948177184,WLS,55,0.007434017304286833
0,x_tcsc,1-14,-0.09714392505074136,61,-0.09714767331654335,WLS,55,3.748265801989392e-06
1,B_svc,2,0.16706394184936033,61,0.16711220707892135,WLS,55,4.826522956102863e-05
2,UPFC_Vsh,5-15,1.1085094711429522,61,1.1138622134946952,WLS,55,0.0053527423517429895
3,UPFC_tsh,5-15,-0.24553650563006915,61,-0.24549011554370062,WLS,55,4.63900863685307e-05
4,UPFC_Vse,5-15,0.06267759715066627,61,0.06213281995843694,WLS,55,0.0005447771922293329
5,UPFC_tse,5-15,-2.1867411821616614,61,-2.1812688948177184,WLS,55,0.005472287343943005
0,x_tcsc,1-14,-0.09714881933121125,62,-0.09714767331654335,WLS,55,1.14601466789932e-06
1,B_svc,2,0.16674699939531337,62,0.16711220707892135,WLS,55,0.00036520768360798206
2,UPFC_Vsh,5-15,1.108412370043733,62,1.1138622134946952,WLS,55,0.005449843450962222
3,UPFC_tsh,5-15,-0.24549331652476178,62,-0.24549011554370062,WLS,55,3.200981061157737e-06
4,UPFC_Vse,5-15,0.06241555714647232,62,0.06213281995843694,WLS,55,0.0002827371880353771
5,UPFC_tse,5-15,-2.1904958898775773,62,-2.1812688948177184,WLS,55,0.009226995059858911
0,x_tcsc,1-14,-0.09715526565057361,63,-0.09714767331654335,WLS,55,7.592334030262493e-06
1,B_svc,2,0.16680114345078534,63,0.16711220707892135,WLS,55,0.00031106362813601574
2,UPFC_Vsh,5-15,1.1087265561653208,63,1.1138622134946952,WLS,55,0.005135657329374377
3,UPFC_tsh,5-15,-0.24541543081555972,63,-0.24549011554370062,WLS,55,7.468472814090021e-05
4,UPFC_Vse,5-15,0.06192202966177162,63,0.06213281995843694,WLS,55,0.00021079029666531968
5,UPFC_tse,5-15,-2.1886139073545006,63,-2.1812688948177184,WLS,55,0.007345012536782214
0,x_tcsc,1-14,-0.09714727334896332,64,-0.09714767331654335,WLS,55,3.999675800281377e-07
1,B_svc,2,0.1670621863495709,64,0.16711220707892135,WLS,55,5.0020729350452875e-05
2,UPFC_Vsh,5-15,1.1082433082188605,64,1.1138622134946952,WLS,55,0.00561890527583464
3,UPFC_tsh,5-15,-0.2454441345540779,64,-0.24549011554370062,WLS,55,4.598098962271813e-05
4,UPFC_Vse,5-15,0.062357608495156626,64,0.06213281995843694,WLS,55,0.00022478853671968613
5,UPFC_tse,5-15,-2.1877780628696213,64,-2.1812688948177184,WLS,55,0.006509168051902936
0,x_tcsc,1-14,-0.09714816662668936,65,-0.09714767331654335,WLS,55,4.93310146010284e-07
1,B_svc,2,0.16740938973015382,65,0.16711220707892135,WLS,55,0.0002971826512324638
2,UPFC_Vsh,5-15,1.1087172873246234,65,1.1138622134946952,WLS,55,0.005144926170071784
3,UPFC_tsh,5-15,-0.24545332846079204,65,-0.24549011554370062,WLS,55,3.678708290857924e-05
4,UPFC_Vse,5-15,0.06240140979061927,65,0.06213281995843694,WLS,55,0.0002685898321823296
5,UPFC_tse,5-15,-2.1906783390649216,65,-2.1812688948177184,WLS,55,0.009409444247203247
0,x_tcsc,1-14,-0.09715393856930823,66,-0.09714767331654335,WLS,55,6.265252764883766e-06
1,B_svc,2,0.16729649016471265,66,0.16711220707892135,WLS,55,0.00018428308579129804
2,UPFC_Vsh,5-15,1.108345089316294,66,1.1138622134946952,WLS,55,0.005517124178401112
3,UPFC_tsh,5-15,-0.24550098941844575,66,-0.24549011554370062,WLS,55,1.0873874745132017e-05
4,UPFC_Vse,5-15,0.06261841464946889,66,0.06213281995843694,WLS,55,0.0004855946910319528
5,UPFC_tse,5-15,-2.1856492349631798,66,-2.1812688948177184,WLS,55,0.004380340145461403
0,x_tcsc,1-14,-0.09715064414689648,67,-0.09714767331654335,WLS,55,2.9708303531245095e-06
1,B_svc,2,0.16722625379712736,67,0.16711220707892135,WLS,55,0.00011404671820600121
2,UPFC_Vsh,5-15,1.108213103461283,67,1.1138622134946952,WLS,55,0.005649110033412175
3,UPFC_tsh,5-15,-0.24551889909341534,67,-0.24549011554370062,WLS,55,2.8783549714722634e-05
4,UPFC_Vse,5-15,0.06251844161579452,67,0.06213281995843694,WLS,55,0.00038562165735758075
5,UPFC_tse,5-15,-2.187242712850134,67,-2.1812688948177184,WLS,55,0.00597381803241559
0,x_tcsc,1-14,-0.0971447944020743,68,-0.09714767331654335,WLS,55,2.8789144690538615e-06
1,B_svc,2,0.16741235006105323,68,0.16711220707892135,WLS,55,0.00030014298213187907
2,UPFC_Vsh,5-15,1.1083406744975888,68,1.1138622134946952,WLS,55,0.00552153899710639
3,UPFC_tsh,5-15,-0.2454750679719954,68,-0.24549011554370062,WLS,55,1.5047571705228968e-05
4,UPFC_Vse,5-15,0.06187258570662313,68,0.06213281995843694,WLS,55,0.00026023425181381094
5,UPFC_tse,5-15,-2.1868932794694658,68,-2.1812688948177184,WLS,55,0.005624384651747416
0,x_tcsc,1-14,-0.09715581764735376,69,-0.09714767331654335,WLS,55,8.14433081040844e-06
1,B_svc,2,0.16692764001138385,69,0.16711220707892135,WLS,55,0.00018456706753749996
2,UPFC_Vsh,5-15,1.1083736482340378,69,1.1138622134946952,WLS,55,0.00548856526065733
3,UPFC_tsh,5-15,-0.24543865478269908,69,-0.24549011554370062,WLS,55,5.146076100154273e-05
4,UPFC_Vse,5-15,0.06206466652777252,69,0.06213281995843694,WLS,55,6.815343066442214e-05
5,UPFC_tse,5-15,-2.1888642320823846,69,-2.1812688948177184,WLS,55,0.007595337264666213
0,x_tcsc,1-14,-0.09714881559612575,70,-0.09714767331654335,WLS,55,1.1422795823945453e-06
1,B_svc,2,0.1667621921459439,70,0.16711220707892135,WLS,55,0.0003500149329774549
2,UPFC_Vsh,5-15,1.1083837143865847,70,1.1138622134946952,WLS,55,0.005478499108110491
3,UPFC_tsh,5-15,-0.24549585537843113,70,-0.24549011554370062,WLS,55,5.739834730511539e-06
4,UPFC_Vse,5-15,0.06222032595957452,70,0.06213281995843694,WLS,55,8.750600113757723e-05
5,UPFC_tse,5-15,-2.187606708725423,70,-2.1812688948177184,WLS,55,0.006337813907704604
0,x_tcsc,1-14,-0.09716180790437334,71,-0.09714767331654335,WLS,55,1.4134587829991996e-05
1,B_svc,2,0.1671852876603261,71,0.16711220707892135,WLS,55,7.308058140473306e-05
2,UPFC_Vsh,5-15,1.1082692037656428,71,1.1138622134946952,WLS,55,0.005593009729052412
3,UPFC_tsh,5-15,-0.24548926761451248,71,-0.24549011554370062,WLS,55,8.479291881413609e-07
4,UPFC_Vse,5-15,0.06301413229142094,71,0.06213281995843694,WLS,55,0.0008813123329840036
5,UPFC_tse,5-15,-2.1848677406356245,71,-2.1812688948177184,WLS,55,0.003598845817906149
0,x_tcsc,1-14,-0.09714142836795407,72,-0.09714767331654335,WLS,55,6.244948589279042e-06
1,B_svc,2,0.16676368787820994,72,0.16711220707892135,WLS,55,0.0003485192007114113
2,UPFC_Vsh,5-15,1.1084954634297668,72,1.1138622134946952,WLS,55,0.005366750064928372
3,UPFC_tsh,5-15,-0.24558582084335773,72,-0.24549011554370062,WLS,55,9.570529965710617e-05
4,UPFC_Vse,5-15,0.06229150257537736,72,0.06213281995843694,WLS,55,0.00015868261694042263
5,UPFC_tse,5-15,-2.1895745028466704,72,-2.1812688948177184,WLS,55,0.008305608028952083
0,x_tcsc,1-14,-0.09713776599345231,73,-0.09714767331654335,WLS,55,9.907323091043474e-06
1,B_svc,2,0.1676324272593782,73,0.16711220707892135,WLS,55,0.0005202201804568596
2,UPFC_Vsh,5-15,1.1083383243264326,73,1.1138622134946952,WLS,55,0.005523889168262519
3,UPFC_tsh,5-15,-0.24555073644676298,73,-0.24549011554370062,WLS,55,6.0620903062358344e-05
4,UPFC_Vse,5-15,0.06256655019696303,73,0.06213281995843694,WLS,55,0.000433730238526088
5,UPFC_tse,5-15,-2.188411326446943,73,-2.1812688948177184,WLS,55,0.007142431629224788
0,x_tcsc,1-14,-0.09714272611810093,74,-0.09714767331654335,WLS,55,4.94719844242042e-06
1,B_svc,2,0.16746914304769792,74,0.16711220707892135,WLS,55,0.00035693596877656164
2,UPFC_Vsh,5-15,1.1082354859508075,74,1.1138622134946952,WLS,55,0.005626727543887711
3,UPFC_tsh,5-15,-0.2455340122991799,74,-0.24549011554370062,WLS,55,4.389675547927796e-05
4,UPFC_Vse,5-15,0.062273328227674826,74,0.06213281995843694,WLS,55,0.00014050826923788645
5,UPFC_tse,5-15,-2.1903397429052682,74,-2.1812688948177184,WLS,55,0.009070848087549876
0,x_tcsc,1-14,-0.09712636247213549,75,-0.09714767331654335,WLS,55,2.1310844407859686e-05
1,B_svc,2,0.16745278497518024,75,0.16711220707892135,WLS,55,0.00034057789625888124
2,UPFC_Vsh,5-15,1.1084956139070452,75,1.1138622134946952,WLS,55,0.005366599587649956
3,UPFC_tsh,5-15,-0.24550744446046857,75,-0.24549011554370062,WLS,55,1.732891676795023e-05
4,UPFC_Vse,5-15,0.06252339147194995,75,0.06213281995843694,WLS,55,0.00039057151351300917
5,UPFC_tse,5-15,-2.190186185588815,75,-2.1812688948177184,WLS,55,0.00891729077109682
0,x_tcsc,1-14,-0.09715291520218926,76,-0.09714767331654335,WLS,55,5.241885645906885e-06
1,B_svc,2,0.167809973229408,76,0.16711220707892135,WLS,55,0.0006977661504866395
2,UPFC_Vsh,5-15,1.1086479587965532,76,1.1138622134946952,WLS,55,0.005214254698141962
3,UPFC_tsh,5-15,-0.24549952170180633,76,-0.24549011554370062,WLS,55,9.406158105712548e-06
4,UPFC_Vse,5-15,0.062300417171366536,76,0.06213281995843694,WLS,55,0.00016759721292959606
5,UPFC_tse,5-15,-2.1860298788193835,76,-2.1812688948177184,WLS,55,0.004760984001665136
0,x_tcsc,1-14,-0.0971544754797095,77,-0.09714767331654335,WLS,55,6.802163166147457e-06
1,B_svc,2,0.16695976870799395,77,0.16711220707892135,WLS,55,0.00015243837092740464
2,UPFC_Vsh,5-15,1.1085678902071485,77,1.1138622134946952,WLS,55,0.005294323287546643
3,UPFC_tsh,5-15,-0.24552706170683258,77,-0.24549011554370062,WLS,55,3.6946163131962306e-05
4,UPFC_Vse,5-15,0.06295646076332648,77,0.06213281995843694,WLS,55,0.0008236408048895374
5,UPFC_tse,5-15,-2.185673960699538,77,-2.1812688948177184,WLS,55,0.00440506588181977
0,x_tcsc,1-14,-0.09715249236966714,78,-0.09714767331654335,WLS,55,4.819053123786277e-06
1,B_svc,2,0.1669297167107476,78,0.16711220707892135,WLS,55,0.00018249036817374886
2,UPFC_Vsh,5-15,1.1084223056022917,78,1.1138622134946952,WLS,55,0.0054399078924034505
3,UPFC_tsh,5-15,-0.24554135250354722,78,-0.24549011554370062,WLS,55,5.123695984660115e-05
4,UPFC_Vse,5-15,0.0629774051897097,78,0.06213281995843694,WLS,55,0.0008445852312727667
5,UPFC_tse,5-15,-2.1858291658780553,78,-2.1812688948177184,WLS,55,0.004560271060336962
0,x_tcsc,1-14,-0.0971520881227602,79,-0.09714767331654335,WLS,55,4.414806216851419e-06
1,B_svc,2,0.16744385150459146,79,0.16711220707892135,WLS,55,0.00033164442567010233
2,UPFC_Vsh,5-15,1.1083657756629643,79,1.1138622134946952,WLS,55,0.005496437831730816
3,UPFC_tsh,5-15,-0.24548778256079096,79,-0.24549011554370062,WLS,55,2.3329829096641053e-06
4,UPFC_Vse,5-15,0.06192877291446318,79,0.06213281995843694,WLS,55,0.000204047043973761
5,UPFC_tse,5-15,-2.1872640210230525,79,-2.1812688948177184,WLS,55,0.005995126205334156
0,x_tcsc,1-14,-0.09715290262132784,80,-0.09714767331654335,WLS,55,5.229304784484801e-06
1,B_svc,2,0.1674471562165712,80,0.16711220707892135,WLS,55,0.000334949137649837
2,UPFC_Vsh,5-15,1.1087784414882376,80,1.1138622134946952,WLS,55,0.005083772006457599
3,UPFC_tsh,5-15,-0.24549146012304485,80,-0.24549011554370062,WLS,55,1.344579344225716e-06
4,UPFC_Vse,5-15,0.06246837761062081,80,0.06213281995843694,WLS,55,0.0003355576521838696
5,UPFC_tse,5-15,-2.1907647172861946,80,-2.1812688948177184,WLS,55,0.009495822468476245
0,x_tcsc,1-14,-0.09714818213442088,81,-0.09714767331654335,WLS,55,5.0881787752588e-07
1,B_svc,2,0.1671121806882266,81,0.16711220707892135,WLS,55,2.6390694740641152e-08
2,UPFC_Vsh,5-15,1.1085196187709796,81,1.1138622134946952,WLS,55,0.005342594723715566
3,UPFC_tsh,5-15,-0.24541778121155364,81,-0.24549011554370062,WLS,55,7.233433214698382e-05
4,UPFC_Vse,5-15,0.06181139882086238,81,0.06213281995843694,WLS,55,0.0003214211375745582
5,UPFC_tse,5-15,-2.1910937383397937,81,-2.1812688948177184,WLS,55,0.009824843522075355
0,x_tcsc,1-14,-0.09713186069773387,82,-0.09714767331654335,WLS,55,1.5812618809479817e-05
1,B_svc,2,0.16746758564817424,82,0.16711220707892135,WLS,55,0.00035537856925288436
2,UPFC_Vsh,5-15,1.1085972984399046,82,1.1138622134946952,WLS,55,0.005264915054790542
3,UPFC_tsh,5-15,-0.24546215977920832,82,-0.24549011554370062,WLS,55,2.7955764492298973e-05
4,UPFC_Vse,5-15,0.06292850722927379,82,0.06213281995843694,WLS,55,0.0007956872708368493
5,UPFC_tse,5-15,-2.186541510544222,82,-2.1812688948177184,WLS,55,0.0052726157265037266
0,x_tcsc,1-14,-0.09714823909516376,83,-0.09714767331654335,WLS,55,5.657786204121829e-07
1,B_svc,2,0.1677169040546401,83,0.16711220707892135,WLS,55,0.0006046969757187437
2,UPFC_Vsh,5-15,1.1084955616764425,83,1.1138622134946952,WLS,55,0.005366651818252688
3,UPFC_tsh,5-15,-0.2455122657453864,83,-0.24549011554370062,WLS,55,2.215020168577775e-05
4,UPFC_Vse,5-15,0.06263370305724156,83,0.06213281995843694,WLS,55,0.0005008830988046178
5,UPFC_tse,5-15,-2.1919924451089985,83,-2.1812688948177184,WLS,55,0.010723550291280137
0,x_tcsc,1-14,-0.09715064883519987,84,-0.09714767331654335,WLS,55,2.975518656522791e-06
1,B_svc,2,0.16703895304775176,84,0.16711220707892135,WLS,55,7.32540311695895e-05
2,UPFC_Vsh,5-15,1.1084178875635593,84,1.1138622134946952,WLS,55,0.005444325931135863
3,UPFC_tsh,5-15,-0.2454390917016975,84,-0.24549011554370062,WLS,55,5.102384200311727e-05
4,UPFC_Vse,5-15,0.06276165462429391,84,0.06213281995843694,WLS,55,0.0006288346658569685
5,UPFC_tse,5-15,-2.1876954342782056,84,-2.1812688948177184,WLS,55,0.006426539460487213
0,x_tcsc,1-14,-0.09715644010156822,85,-0.09714767331654335,WLS,55,8.766785024871826e-06
1,B_svc,2,0.16736782742648523,85,0.16711220707892135,WLS,55,0.0002556203475638785
2,UPFC_Vsh,5-15,1.1082252366301963,85,1.1138622134946952,WLS,55,0.005636976864498822
3,UPFC_tsh,5-15,-0.2454868780666212,85,-0.24549011554370062,WLS,55,3.237477079420792e-06
4,UPFC_Vse,5-15,0.062101186771502136,85,0.06213281995843694,WLS,55,3.16331869348041e-05
5,UPFC_tse,5-15,-2.190207732099466,85,-2.1812688948177184,WLS,55,0.008938837281747603
0,x_tcsc,1-14,-0.09715873784975561,86,-0.09714767331654335,WLS,55,1.10645332122572e-05
1,B_svc,2,0.16740508130140525,86,0.16711220707892135,WLS,55,0.00029287422248389094
2,UPFC_Vsh,5-15,1.1083560176272735,86,1.1138622134946952,WLS,55,0.005506195867421626
3,UPFC_tsh,5-15,-0.24552490385773412,86,-0.24549011554370062,WLS,55,3.4788314033501466e-05
4,UPFC_Vse,5-15,0.06212523068530882,86,0.06213281995843694,WLS,55,7.5892731281196335e-06
5,UPFC_tse,5-15,-2.1896648031801487,86,-2.1812688948177184,WLS,55,0.008395908362430315
0,x_tcsc,1-14,-0.09714964289710315,87,-0.09714767331654335,WLS,55,1.9695805597991223e-06
1,B_svc,2,0.1671254106738821,87,0.16711220707892135,WLS,55,1.3203594960736753e-05
2,UPFC_Vsh,5-15,1.1083116057877611,87,1.1138622134946952,WLS,55,0.005550607706934052
3,UPFC_tsh,5-15,-0.24547782509826735,87,-0.24549011554370062,WLS,55,1.2290445433271735e-05
4,UPFC_Vse,5-15,0.06277723518749496,87,0.06213281995843694,WLS,55,0.0006444152290580249
5,UPFC_tse,5-15,-2.1882260796794535,87,-2.1812688948177184,WLS,55,0.006957184861735133
0,x_tcsc,1-14,-0.0971345862013845,88,-0.09714767331654335,WLS,55,1.3087115158849638e-05
1,B_svc,2,0.16754882308298616,88,0.16711220707892135,WLS,55,0.00043661600406480483
2,UPFC_Vsh,5-15,1.1084834601324356,88,1.1138622134946952,WLS,55,0.00537875336225957
3,UPFC_tsh,5-15,-0.24546510402021074,88,-0.24549011554370062,WLS,55,2.5011523489881782e-05
4,UPFC_Vse,5-15,0.062098978945891135,88,0.06213281995843694,WLS,55,3.3841012545804405e-05
5,UPFC_tse,5-15,-2.186018232902772,88,-2.1812688948177184,WLS,55,0.004749338085053623
0,x_tcsc,1-14,-0.09714741972908733,89,-0.09714767331654335,WLS,55,2.535874560199991e-07
1,B_svc,2,0.16715900884214568,89,0.16711220707892135,WLS,55,4.680176322433005e-05
2,UPFC_Vsh,5-15,1.108282233262108,89,1.1138622134946952,WLS,55,0.005579980232587101
3,UPFC_tsh,5-15,-0.24553659995608978,89,-0.24549011554370062,WLS,55,4.64844123891639e-05
4,UPFC_Vse,5-15,0.06228864632420204,89,0.06213281995843694,WLS,55,0.0001558263657651035
5,UPFC_tse,5-15,-2.187061257312888,89,-2.1812688948177184,WLS,55,0.005792362495169456
0,x_tcsc,1-14,-0.09714996998270216,90,-0.09714767331654335,WLS,55,2.2966661588075254e-06
1,B_svc,2,0.16709366581390386,90,0.16711220707892135,WLS,55,1.8541265017490982e-05
2,UPFC_Vsh,5-15,1.1082523432467162,90,1.1138622134946952,WLS,55,0.0056098702479789875
3,UPFC_tsh,5-15,-0.24558579844355627,90,-0.24549011554370062,WLS,55,9.568289985564804e-05
4,UPFC_Vse,5-15,0.06248205848456004,90,0.06213281995843694,WLS,55,0.0003492385261230982
5,UPFC_tse,5-15,-2.1879415256945274,90,-2.1812688948177184,WLS,55,0.006672630876809027
0,x_tcsc,1-14,-0.09714236688780692,91,-0.09714767331654335,WLS,55,5.306428736431834e-06
1,B_svc,2,0.16760778764272738,91,0.16711220707892135,WLS,55,0.0004955805638060251
2,UPFC_Vsh,5-15,1.1086647273372627,91,1.1138622134946952,WLS,55,0.005197486157432429
3,UPFC_tsh,5-15,-0.2454302519941324,91,-0.24549011554370062,WLS,55,5.98635495682176e-05
4,UPFC_Vse,5-15,0.06262964832593418,91,0.06213281995843694,WLS,55,0.0004968283674972387
5,UPFC_tse,5-15,-2.1847208818957613,91,-2.1812688948177184,WLS,55,0.0034519870780429507
0,x_tcsc,1-14,-0.09714773931426032,92,-0.09714767331654335,WLS,55,6.599771697202161e-08
1,B_svc,2,0.1674651971676445,92,0.16711220707892135,WLS,55,0.0003529900887231374
2,UPFC_Vsh,5-15,1.1084357021090299,92,1.1138622134946952,WLS,55,0.0054265113856653
3,UPFC_tsh,5-15,-0.24555990569845565,92,-0.24549011554370062,WLS,55,6.979015475502837e-05
4,UPFC_Vse,5-15,0.06273220951687687,92,0.06213281995843694,WLS,55,0.000599389558439932
5,UPFC_tse,5-15,-2.1851668781880704,92,-2.1812688948177184,WLS,55,0.003897983370352076
0,x_tcsc,1-14,-0.09715197663691724,93,-0.09714767331654335,WLS,55,4.303320373891251e-06
1,B_svc,2,0.16676046843122347,93,0.16711220707892135,WLS,55,0.00035173864769788565
2,UPFC_Vsh,5-15,1.1087467383806824,93,1.1138622134946952,WLS,55,0.00511547511401278
3,UPFC_tsh,5-15,-0.2454931982482666,93,-0.24549011554370062,WLS,55,3.0827045659764796e-06
4,UPFC_Vse,5-15,0.06202422547241465,93,0.06213281995843694,WLS,55,0.00010859448602228844
5,UPFC_tse,5-15,-2.189470907424482,93,-2.1812688948177184,WLS,55,0.008202012606763454
0,x_tcsc,1-14,-0.09715163664884982,94,-0.09714767331654335,WLS,55,3.9633323064697246e-06
1,B_svc,2,0.16734431175394762,94,0.16711220707892135,WLS,55,0.00023210467502626786
2,UPFC_Vsh,5-15,1.108291167478502,94,1.1138622134946952,WLS,55,0.005571046016193071
3,UPFC_tsh,5-15,-0.24550617829024016,94,-0.24549011554370062,WLS,55,1.6062746539535766e-05
4,UPFC_Vse,5-15,0.062489280276970274,94,0.06213281995843694,WLS,55,0.00035646031853333454
5,UPFC_tse,5-15,-2.1864230581194173,94,-2.1812688948177184,WLS,55,0.005154163301698933
0,x_tcsc,1-14,-0.09715177940999148,95,-0.09714767331654335,WLS,55,4.1060934481279565e-06
1,B_svc,2,0.16746068070863832,95,0.16711220707892135,WLS,55,0.00034847362971696105
2,UPFC_Vsh,5-15,1.108591373376139,95,1.1138622134946952,WLS,55,0.005270840118556164
3,UPFC_tsh,5-15,-0.24550296329118668,95,-0.24549011554370062,WLS,55,1.284774748605555e-05
4,UPFC_Vse,5-15,0.06266473287872536,95,0.06213281995843694,WLS,55,0.0005319129202884174
5,UPFC_tse,5-15,-2.1886323148112985,95,-2.1812688948177184,WLS,55,0.007363419993580145
0,x_tcsc,1-14,-0.09714842208668532,96,-0.09714767331654335,WLS,55,7.487701419728321e-07
1,B_svc,2,0.16717850150694652,96,0.16711220707892135,WLS,55,6.629442802516539e-05
2,UPFC_Vsh,5-15,1.1082336551306105,96,1.1138622134946952,WLS,55,0.0056285583640847126
3,UPFC_tsh,5-15,-0.24553019770025522,96,-0.24549011554370062,WLS,55,4.008215655459946e-05
4,UPFC_Vse,5-15,0.06278588562000123,96,0.06213281995843694,WLS,55,0.0006530656615642907
5,UPFC_tse,5-15,-2.186700669897337,96,-2.1812688948177184,WLS,55,0.0054317750796184505
0,x_tcsc,1-14,-0.09714713912663746,97,-0.09714767331654335,WLS,55,5.341899058930455e-07
1,B_svc,2,0.16734550608831358,97,0.16711220707892135,WLS,55,0.00023329900939222936
2,UPFC_Vsh,5-15,1.1087293853563625,97,1.1138622134946952,WLS,55,0.005132828138332712
3,UPFC_tsh,5-15,-0.24551021718495658,97,-0.24549011554370062,WLS,55,2.010164125595959e-05
4,UPFC_Vse,5-15,0.06316818327390876,97,0.06213281995843694,WLS,55,0.0010353633154718198
5,UPFC_tse,5-15,-2.1892817027766274,97,-2.1812688948177184,WLS,55,0.008012807958909018
0,x_tcsc,1-14,-0.09715524955094262,98,-0.09714767331654335,WLS,55,7.5762343992730186e-06
1,B_svc,2,0.16743587387428313,98,0.16711220707892135,WLS,55,0.00032366679536177667
2,UPFC_Vsh,5-15,1.1086759835295779,98,1.1138622134946952,WLS,55,0.005186229965117306
3,UPFC_tsh,5-15,-0.24548545950481443,98,-0.24549011554370062,WLS,55,4.6560388861915936e-06
4,UPFC_Vse,5-15,0.062377282693798185,98,0.06213281995843694,WLS,55,0.00024446273536124496
5,UPFC_tse,5-15,-2.189848772368574,98,-2.1812688948177184,WLS,55,0.008579877550855652
0,x_tcsc,1-14,-0.09714498481545394,99,-0.09714767331654335,WLS,55,2.6885010894067696e-06
1,B_svc,2,0.16742986511651378,99,0.16711220707892135,WLS,55,0.0003176580375924276
2,UPFC_Vsh,5-15,1.1081181093783046,99,1.1138622134946952,WLS,55,0.0057441041163905915
3,UPFC_tsh,5-15,-0.2455088666540996,99,-0.24549011554370062,WLS,55,1.8751110398979032e-05
4,UPFC_Vse,5-15,0.06239301274718525,99,0.06213281995843694,WLS,55,0.0002601927887483091
5,UPFC_tse,5-15,-2.186359609473194,99,-2.1812688948177184,WLS,55,0.0050907146554757254
0,x_tcsc,1-14,-0.0947211683626227,0,-0.09472253223499201,WLS,57,1.3638723693060184e-06
1,B_svc,2,0.16590428227293058,0,0.16612674588917,WLS,57,0.00022246361623942668
2,UPFC_Vsh,5-15,1.1084601516969674,0,1.1158875095476335,WLS,57,0.007427357850666061
3,UPFC_tsh,5-15,-0.24815450835441635,0,-0.24814173274051504,WLS,57,1.2775613901311322e-05
4,UPFC_Vse,5-15,0.06208348608409321,0,0.06191443005819676,WLS,57,0.0001690560258964524
5,UPFC_tse,5-15,-2.186043639306207,0,-2.1794203787396493,WLS,57,0.006623260566557487
0,x_tcsc,1-14,-0.09470871200372533,1,-0.09472253223499201,WLS,57,1.382023126668408e-05
1,B_svc,2,0.16601357939129754,1,0.16612674588917,WLS,57,0.00011316649787246336
2,UPFC_Vsh,5-15,1.1086050545987942,1,1.1158875095476335,WLS,57,0.007282454948839279
3,UPFC_tsh,5-15,-0.24814018141189206,1,-0.24814173274051504,WLS,57,1.551328622978465e-06
4,UPFC_Vse,5-15,0.06251507296878335,1,0.06191443005819676,WLS,57,0.0006006429105865907
5,UPFC_tse,5-15,-2.1830766196431686,1,-2.1794203787396493,WLS,57,0.0036562409035192367
0,x_tcsc,1-14,-0.09472525120068959,2,-0.09472253223499201,WLS,57,2.7189656975762366e-06
1,B_svc,2,0.16616813940575595,2,0.16612674588917,WLS,57,4.139351658594137e-05
2,UPFC_Vsh,5-15,1.1080593216962313,2,1.1158875095476335,WLS,57,0.007828187851402157
3,UPFC_tsh,5-15,-0.2481677249111016,2,-0.24814173274051504,WLS,57,2.5992170586547347e-05
4,UPFC_Vse,5-15,0.06246267526850568,2,0.06191443005819676,WLS,57,0.0005482452103089189
5,UPFC_tse,5-15,-2.1866474021157822,2,-2.1794203787396493,WLS,57,0.007227023376132902
0,x_tcsc,1-14,-0.09471996551275923,3,-0.09472253223499201,WLS,57,2.566722232782981e-06
1,B_svc,2,0.16647502056122138,3,0.16612674588917,WLS,57,0.00034827467205136853
2,UPFC_Vsh,5-15,1.1082222690511425,3,1.1158875095476335,WLS,57,0.007665240496490977
3,UPFC_tsh,5-15,-0.24816256796077343,3,-0.24814173274051504,WLS,57,2.0835220258391685e-05
4,UPFC_Vse,5-15,0.06298376925967529,3,0.06191443005819676,WLS,57,0.0010693392014785308
5,UPFC_tse,5-15,-2.1868647442994256,3,-2.1794203787396493,WLS,57,0.007444365559776234
0,x_tcsc,1-14,-0.09472651595570705,4,-0.09472253223499201,WLS,57,3.9837207150422715e-06
1,B_svc,2,0.1663565601375728,4,0.16612674588917,WLS,57,0.00022981424840279319
2,UPFC_Vsh,5-15,1.1081866483703973,4,1.1158875095476335,WLS,57,0.007700861177236229
3,UPFC_tsh,5-15,-0.24819154473914815,4,-0.24814173274051504,WLS,57,4.9811998633103594e-05
4,UPFC_Vse,5-15,0.06208173428823483,4,0.06191443005819676,WLS,57,0.000167304230038072
5,UPFC_tse,5-15,-2.1853390885454673,4,-2.1794203787396493,WLS,57,0.00591870980581799
0,x_tcsc,1-14,-0.09472647594740782,5,-0.09472253223499201,WLS,57,3.94371241581315e-06
1,B_svc,2,0.16602478314304087,5,0.16612674588917,WLS,57,0.00010196274612914169
2,UPFC_Vsh,5-15,1.1086906590069379,5,1.1158875095476335,WLS,57,0.007196850540695632
3,UPFC_tsh,5-15,-0.2481081389759983,5,-0.24814173274051504,WLS,57,3.359376451675389e-05
4,UPFC_Vse,5-15,0.062396955187392585,5,0.06191443005819676,WLS,57,0.0004825251291958252
5,UPFC_tse,5-15,-2.187389060592535,5,-2.1794203787396493,WLS,57,0.007968681852885684
0,x_tcsc,1-14,-0.09472279999012735,6,-0.09472253223499201,WLS,57,2.677551353413854e-07
1,B_svc,2,0.1658711558912642,6,0.16612674588917,WLS,57,0.00025558999790581405
2,UPFC_Vsh,5-15,1.1086701009888744,6,1.1158875095476335,WLS,57,0.007217408558759075
3,UPFC_tsh,5-15,-0.24815949855951402,6,-0.24814173274051504,WLS,57,1.7765818998982663e-05
4,UPFC_Vse,5-15,0.06195198690054876,6,0.06191443005819676,WLS,57,3.755684235200174e-05
5,UPFC_tse,5-15,-2.1877295228737306,6,-2.1794203787396493,WLS,57,0.008309144134081237
0,x_tcsc,1-14,-0.09472092468051412,7,-0.09472253223499201,WLS,57,1.6075544778948458e-06
1,B_svc,2,0.16621657981266275,7,0.16612674588917,WLS,57,8.983392349273811e-05
2,UPFC_Vsh,5-15,1.108288758787972,7,1.1158875095476335,WLS,57,0.007598750759661543
3,UPFC_tsh,5-15,-0.2481159630483745,7,-0.24814173274051504,WLS,57,2.576969214054814e-05
4,UPFC_Vse,5-15,0.061972560726276146,7,0.06191443005819676,WLS,57,5.813066807938694e-05
5,UPFC_tse,5-15,-2.18331453034099,7,-2.1794203787396493,WLS,57,0.0038941516013406563
0,x_tcsc,1-14,-0.09472282632786559,8,-0.09472253223499201,WLS,57,2.9409287358173053e-07
1,B_svc,2,0.1660793633413556,8,0.16612674588917,WLS,57,4.738254781441742e-05
2,UPFC_Vsh,5-15,1.10815855475945,8,1.1158875095476335,WLS,57,0.007728954788183584
3,UPFC_tsh,5-15,-0.24815772997221294,8,-0.24814173274051504,WLS,57,1.5997231697900682e-05
4,UPFC_Vse,5-15,0.06283355003909158,8,0.06191443005819676,WLS,57,0.0009191199808948197
5,UPFC_tse,5-15,-2.181937451129538,8,-2.1794203787396493,WLS,57,0.0025170723898888525
0,x_tcsc,1-14,-0.09471529872776412,9,-0.09472253223499201,WLS,57,7.233507227893954e-06
1,B_svc,2,0.1660856063173176,9,0.16612674588917,WLS,57,4.113957185239436e-05
2,UPFC_Vsh,5-15,1.1084568965821948,9,1.1158875095476335,WLS,57,0.0074306129654386766
3,UPFC_tsh,5-15,-0.24808397794411063,9,-0.24814173274051504,WLS,57,5.775479640440784e-05
4,UPFC_Vse,5-15,0.06212072069361843,9,0.06191443005819676,WLS,57,0.00020629063542167148
5,UPFC_tse,5-15,-2.185755337715901,9,-2.1794203787396493,WLS,57,0.006334958976251581
0,x_tcsc,1-14,-0.09472320671076372,10,-0.09472253223499201,WLS,57,6.744757717058736e-07
1,B_svc,2,0.1661017983763225,10,0.16612674588917,WLS,57,2.4947512847511844e-05
2,UPFC_Vsh,5-15,1.1082895755792652,10,1.1158875095476335,WLS,57,0.007597933968368276
3,UPFC_tsh,5-15,-0.24814669753499866,10,-0.24814173274051504,WLS,57,4.964794483613977e-06
4,UPFC_Vse,5-15,0.062424512337256564,10,0.06191443005819676,WLS,57,0.000510082279059805
5,UPFC_tse,5-15,-2.182191870286896,10,-2.1794203787396493,WLS,57,0.0027714915472465407
0,x_tcsc,1-14,-0.09471052936897195,11,-0.09472253223499201,WLS,57,1.200286602005829e-05
1,B_svc,2,0.1665285218471629,11,0.16612674588917,WLS,57,0.00040177595799290033
2,UPFC_Vsh,5-15,1.108156280339218,11,1.1158875095476335,WLS,57,0.007731229208415513
3,UPFC_tsh,5-15,-0.2480426326329824,11,-0.24814173274051504,WLS,57,9.910010753264031e-05
4,UPFC_Vse,5-15,0.06226812744639266,11,0.06191443005819676,WLS,57,0.0003536973881958991
5,UPFC_tse,5-15,-2.186194996515095,11,-2.1794203787396493,WLS,57,0.006774617775445524
0,x_tcsc,1-14,-0.09472380654253613,12,-0.09472253223499201,WLS,57,1.2743075441246088e-06
1,B_svc,2,0.16582267496815475,12,0.16612674588917,WLS,57,0.0003040709210152537
2,UPFC_Vsh,5-15,1.1084390283527505,12,1.1158875095476335,WLS,57,0.00744848119488295
3,UPFC_tsh,5-15,-0.24807263902968438,12,-0.24814173274051504,WLS,57,6.90937108306644e-05
4,UPFC_Vse,5-15,0.06287014815187215,12,0.06191443005819676,WLS,57,0.0009557180936753951
5,UPFC_tse,5-15,-2.184014300122943,12,-2.1794203787396493,WLS,57,0.004593921383293509
0,x_tcsc,1-14,-0.09471543208479632,13,-0.09472253223499201,WLS,57,7.1001501956852175e-06
1,B_svc,2,0.16639790103816823,13,0.16612674588917,WLS,57,0.00027115514899822557
2,UPFC_Vsh,5-15,1.108259951966805,13,1.1158875095476335,WLS,57,0.007627557580828448
3,UPFC_tsh,5-15,-0.2481557719809186,13,-0.24814173274051504,WLS,57,1.4039240403551645e-05
4,UPFC_Vse,5-15,0.06193751143884714,13,0.06191443005819676,WLS,57,2.3081380650380456e-05
5,UPFC_tse,5-15,-2.1894597073090014,13,-2.1794203787396493,WLS,57,0.01003932856935208
0,x_tcsc,1-14,-0.09472223434991997,14,-0.09472253223499201,WLS,57,2.978850720397608e-07
1,B_svc,2,0.16592577232103606,14,0.16612674588917,WLS,57,0.00020097356813394973
2,UPFC_Vsh,5-15,1.1084092105743146,14,1.1158875095476335,WLS,57,0.007478298973318864
3,UPFC_tsh,5-15,-0.24804968775483077,14,-0.24814173274051504,WLS,57,9.204498568426978e-05
4,UPFC_Vse,5-15,0.06195635711898575,14,0.06191443005819676,WLS,57,4.192706078898906e-05
5,UPFC_tse,5-15,-2.186085041075602,14,-2.1794203787396493,WLS,57,0.0066646623359525314
0,x_tcsc,1-14,-0.09471552525938416,15,-0.09472253223499201,WLS,57,7.006975607848354e-06
1,B_svc,2,0.16585449087491463,15,0.16612674588917,WLS,57,0.0002722550142553737
2,UPFC_Vsh,5-15,1.1083820237612856,15,1.1158875095476335,WLS,57,0.00750548578634791
3,UPFC_tsh,5-15,-0.24809924772285846,15,-0.24814173274051504,WLS,57,4.2485017656579416e-05
4,UPFC_Vse,5-15,0.06219328819120193,15,0.06191443005819676,WLS,57,0.00027885813300516926
5,UPFC_tse,5-15,-2.1843386593021616,15,-2.1794203787396493,WLS,57,0.004918280562512312
0,x_tcsc,1-14,-0.09471939205248338,16,-0.09472253223499201,WLS,57,3.1401825086319057e-06
1,B_svc,2,0.1662566552033542,16,0.16612674588917,WLS,57,0.00012990931418419005
2,UPFC_Vsh,5-15,1.1084630564360305,16,1.1158875095476335,WLS,57,0.007424453111603002
3,UPFC_tsh,5-15,-0.24811113372208324,16,-0.24814173274051504,WLS,57,3.0599018431803904e-05
4,UPFC_Vse,5-15,0.06164481860129233,16,0.06191443005819676,WLS,57,0.00026961145690442695
5,UPFC_tse,5-15,-2.189467058841271,16,-2.1794203787396493,WLS,57,0.010046680101621686
0,x_tcsc,1-14,-0.09471740451464564,17,-0.09472253223499201,WLS,57,5.127720346373432e-06
1,B_svc,2,0.16631646865953134,17,0.16612674588917,WLS,57,0.00018972277036133356
2,UPFC_Vsh,5-15,1.1083875895735866,17,1.1158875095476335,WLS,57,0.007499919974046865
3,UPFC_tsh,5-15,-0.24816171438315274,17,-0.24814173274051504,WLS,57,1.9981642637695307e-05
4,UPFC_Vse,5-15,0.06266324986538253,17,0.06191443005819676,WLS,57,0.0007488198071857743
5,UPFC_tse,5-15,-2.1838417112581427,17,-2.1794203787396493,WLS,57,0.004421332518493415
0,x_tcsc,1-14,-0.0947101401739412,18,-0.09472253223499201,WLS,57,1.239206105080326e-05
1,B_svc,2,0.16600290808736198,18,0.16612674588917,WLS,57,0.0001238378018080244
2,UPFC_Vsh,5-15,1.1082628389628968,18,1.1158875095476335,WLS,57,0.0076246705847367036
3,UPFC_tsh,5-15,-0.24813165805636336,18,-0.24814173274051504,WLS,57,1.0074684151678559e-05
4,UPFC_Vse,5-15,0.06250662875060817,18,0.06191443005819676,WLS,57,0.0005921986924114081
5,UPFC_tse,5-15,-2.185917682342543,18,-2.1794203787396493,WLS,57,0.006497303602893467
0,x_tcsc,1-14,-0.09472201788836088,19,-0.09472253223499201,WLS,57,5.143466311335887e-07
1,B_svc,2,0.16570698637554218,19,0.16612674588917,WLS,57,0.0004197595136278265
2,UPFC_Vsh,5-15,1.108363900084502,19,1.1158875095476335,WLS,57,0.007523609463131464
3,UPFC_tsh,5-15,-0.24811027814792477,19,-0.24814173274051504,WLS,57,3.1454592590268726e-05
4,UPFC_Vse,5-15,0.062342335081885664,19,0.06191443005819676,WLS,57,0.00042790502368890426
5,UPFC_tse,5-15,-2.1843499442381233,19,-2.1794203787396493,WLS,57,0.004929565498474009
0,x_tcsc,1-14,-0.09470650188251652,20,-0.09472253223499201,WLS,57,1.6030352475493448e-05
1,B_svc,2,0.16642859242816707,20,0.16612674588917,WLS,57,0.0003018465389970637
2,UPFC_Vsh,5-15,1.1083372572376085,20,1.1158875095476335,WLS,57,0.007550252310025041
3,UPFC_tsh,5-15,-0.24816076530509382,20,-0.24814173274051504,WLS,57,1.903256457877478e-05
4,UPFC_Vse,5-15,0.0620500766163051,20,0.06191443005819676,WLS,57,0.00013564655810834048
5,UPFC_tse,5-15,-2.186301890725297,20,-2.1794203787396493,WLS,57,0.00688151198564757
0,x_tcsc,1-14,-0.09472138829825845,21,-0.09472253223499201,WLS,57,1.1439367335608353e-06
1,B_svc,2,0.166580334962353,21,0.16612674588917,WLS,57,0.0004535890731829917
2,UPFC_Vsh,5-15,1.1087659092325028,21,1.1158875095476335,WLS,57,0.0071216003151306495
3,UPFC_tsh,5-15,-0.24809541479550973,21,-0.24814173274051504,WLS,57,4.6317945005314165e-05
4,UPFC_Vse,5-15,0.06219132665196597,21,0.06191443005819676,WLS,57,0.00027689659376921305
5,UPFC_tse,5-15,-2.1867319240349192,21,-2.1794203787396493,WLS,57,0.0073115452952698945
0,x_tcsc,1-14,-0.09473030788710572,22,-0.09472253223499201,WLS,57,7.775652113711784e-06
1,B_svc,2,0.1658570636886447,22,0.16612674588917,WLS,57,0.0002696822005253119
2,UPFC_Vsh,5-15,1.10835994972506,22,1.1158875095476335,WLS,57,0.007527559822573471
3,UPFC_tsh,5-15,-0.2480954977615215,22,-0.24814173274051504,WLS,57,4.623497899353124e-05
4,UPFC_Vse,5-15,0.062234075833674615,22,0.06191443005819676,WLS,57,0.0003196457754778559
5,UPFC_tse,5-15,-2.185141716224399,22,-2.1794203787396493,WLS,57,0.005721337484749789
0,x_tcsc,1-14,-0.09471222882310158,23,-0.09472253223499201,WLS,57,1.0303411890427716e-05
1,B_svc,2,0.1666186908905298,23,0.16612674588917,WLS,57,0.0004919450013597948
2,UPFC_Vsh,5-15,1.108187553027847,23,1.1158875095476335,WLS,57,0.007699956519786388
3,UPFC_tsh,5-15,-0.24812871769131306,23,-0.24814173274051504,WLS,57,1.3015049201980933e-05
4,UPFC_Vse,5-15,0.062087847979591965,23,0.06191443005819676,WLS,57,0.0001734179213952053
5,UPFC_tse,5-15,-2.187586109087614,23,-2.1794203787396493,WLS,57,0.00816573034796475
0,x_tcsc,1-14,-0.09472226014053384,24,-0.09472253223499201,WLS,57,2.7209445817300004e-07
1,B_svc,2,0.16650115132478271,24,0.16612674588917,WLS,57,0.0003744054356127069
2,UPFC_Vsh,5-15,1.108358418723499,24,1.1158875095476335,WLS,57,0.0075290908241345544
3,UPFC_tsh,5-15,-0.24809330858735226,24,-0.24814173274051504,WLS,57,4.842415316277937e-05
4,UPFC_Vse,5-15,0.06262039172765306,24,0.06191443005819676,WLS,57,0.0007059616694563009
5,UPFC_tse,5-15,-2.1878260370908325,24,-2.1794203787396493,WLS,57,0.00840565835118312
0,x_tcsc,1-14,-0.09471792452042255,25,-0.09472253223499201,WLS,57,4.607714569462851e-06
1,B_svc,2,0.1664711400956481,25,0.16612674588917,WLS,57,0.0003443942064780825
2,UPFC_Vsh,5-15,1.1088352642918848,25,1.1158875095476335,WLS,57,0.007052245255748657
3,UPFC_tsh,5-15,-0.2480771010347363,25,-0.24814173274051504,WLS,57,6.463170577875044e-05
4,UPFC_Vse,5-15,0.062309545276176,25,0.06191443005819676,WLS,57,0.00039511521797924026
5,UPFC_tse,5-15,-2.1868060583885485,25,-2.1794203787396493,WLS,57,0.007385679648899135
0,x_tcsc,1-14,-0.09470359298205261,26,-0.09472253223499201,WLS,57,1.893925293940113e-05
1,B_svc,2,0.16634029582272733,26,0.16612674588917,WLS,57,0.0002135499335573221
2,UPFC_Vsh,5-15,1.1083562682826862,26,1.1158875095476335,WLS,57,0.007531241264947308
3,UPFC_tsh,5-15,-0.24807223790553068,26,-0.24814173274051504,WLS,57,6.949483498436271e-05
4,UPFC_Vse,5-15,0.0620289493345697,26,0.06191443005819676,WLS,57,0.00011451927637293885
5,UPFC_tse,5-15,-2.1846752907641753,26,-2.1794203787396493,WLS,57,0.005254912024525993
0,x_tcsc,1-14,-0.09472385122958583,27,-0.09472253223499201,WLS,57,1.3189945938241188e-06
1,B_svc,2,0.16623000317744688,27,0.16612674588917,WLS,57,0.00010325728827687009
2,UPFC_Vsh,5-15,1.1082748488562284,27,1.1158875095476335,WLS,57,0.007612660691405093
3,UPFC_tsh,5-15,-0.24819133671452887,27,-0.24814173274051504,WLS,57,4.9603974013823215e-05
4,UPFC_Vse,5-15,0.062043642347094245,27,0.06191443005819676,WLS,57,0.00012921228889748587
5,UPFC_tse,5-15,-2.1889653010467325,27,-2.1794203787396493,WLS,57,0.009544922307083148
0,x_tcsc,1-14,-0.09471856872010487,28,-0.09472253223499201,WLS,57,3.963514887142527e-06
1,B_svc,2,0.16623050937140288,28,0.16612674588917,WLS,57,0.00010376348223287146
2,UPFC_Vsh,5-15,1.1078837285321828,28,1.1158875095476335,WLS,57,0.00800378101545074
3,UPFC_tsh,5-15,-0.2481725412601148,28,-0.24814173274051504,WLS,57,3.08085195997454e-05
4,UPFC_Vse,5-15,0.06245793655913693,28,0.06191443005819676,WLS,57,0.0005435065009401704
5,UPFC_tse,5-15,-2.1861493361644526,28,-2.1794203787396493,WLS,57,0.0067289574248032835
0,x_tcsc,1-14,-0.09471430328644861,29,-0.09472253223499201,WLS,57,8.22894854339562e-06
1,B_svc,2,0.16612339558819264,29,0.16612674588917,WLS,57,3.3503009773672154e-06
2,UPFC_Vsh,5-15,1.1081862689167994,29,1.1158875095476335,WLS,57,0.007701240630834105
3,UPFC_tsh,5-15,-0.24806902328911273,29,-0.24814173274051504,WLS,57,7.270945140230856e-05
4,UPFC_Vse,5-15,0.062060345965705165,29,0.06191443005819676,WLS,57,0.00014591590750840516
5,UPFC_tse,5-15,-2.1887367524361676,29,-2.1794203787396493,WLS,57,0.009316373696518276
0,x_tcsc,1-14,-0.0947217491297713,30,-0.09472253223499201,WLS,57,7.831052207113443e-07
1,B_svc,2,0.16626731612928242,30,0.16612674588917,WLS,57,0.0001405702401124087
2,UPFC_Vsh,5-15,1.1083472471146554,30,1.1158875095476335,WLS,57,0.007540262432978118
3,UPFC_tsh,5-15,-0.24815266103384387,30,-0.24814173274051504,WLS,57,1.0928293328826832e-05
4,UPFC_Vse,5-15,0.06269297276240361,30,0.06191443005819676,WLS,57,0.0007785427042068527
5,UPFC_tse,5-15,-2.1864521270139177,30,-2.1794203787396493,WLS,57,0.007031748274268335
0,x_tcsc,1-14,-0.09472508460168601,31,-0.09472253223499201,WLS,57,2.5523666939974987e-06
1,B_svc,2,0.16600302529607144,31,0.16612674588917,WLS,57,0.0001237205930985641
2,UPFC_Vsh,5-15,1.108119123543751,31,1.1158875095476335,WLS,57,0.00776838600388241
3,UPFC_tsh,5-15,-0.2481606259042192,31,-0.24814173274051504,WLS,57,1.8893163704153393e-05
4,UPFC_Vse,5-15,0.06251486094744729,31,0.06191443005819676,WLS,57,0.0006004308892505333
5,UPFC_tse,5-15,-2.1871684731195917,31,-2.1794203787396493,WLS,57,0.007748094379942394
0,x_tcsc,1-14,-0.09471328214671276,32,-0.09472253223499201,WLS,57,9.250088279247337e-06
1,B_svc,2,0.16633980125536754,32,0.16612674588917,WLS,57,0.0002130553661975343
2,UPFC_Vsh,5-15,1.1085703874183006,32,1.1158875095476335,WLS,57,0.007317122129332887
3,UPFC_tsh,5-15,-0.24799835967321066,32,-0.24814173274051504,WLS,57,0.00014337306730438648
4,UPFC_Vse,5-15,0.06219164523474879,32,0.06191443005819676,WLS,57,0.00027721517655202726
5,UPFC_tse,5-15,-2.1855376059280593,32,-2.1794203787396493,WLS,57,0.006117227188410013
0,x_tcsc,1-14,-0.09472144171808747,33,-0.09472253223499201,WLS,57,1.0905169045422047e-06
1,B_svc,2,0.16585246528988803,33,0.16612674588917,WLS,57,0.000274280599281973
2,UPFC_Vsh,5-15,1.1084569805742577,33,1.1158875095476335,WLS,57,0.007430528973375816
3,UPFC_tsh,5-15,-0.2481378025986084,33,-0.24814173274051504,WLS,57,3.930141906638429e-06
4,UPFC_Vse,5-15,0.062083042795367444,33,0.06191443005819676,WLS,57,0.00016861273717068415
5,UPFC_tse,5-15,-2.186314407963818,33,-2.1794203787396493,WLS,57,0.006894029224168818
0,x_tcsc,1-14,-0.09472770027793474,34,-0.09472253223499201,WLS,57,5.1680429427325425e-06
1,B_svc,2,0.16630034368638777,34,0.16612674588917,WLS,57,0.00017359779721776158
2,UPFC_Vsh,5-15,1.1085469842946767,34,1.1158875095476335,WLS,57,0.007340525252956809
3,UPFC_tsh,5-15,-0.2481410889505763,34,-0.24814173274051504,WLS,57,6.437899387479185e-07
4,UPFC_Vse,5-15,0.06267532131419809,34,0.06191443005819676,WLS,57,0.0007608912560013309
5,UPFC_tse,5-15,-2.1824055807540317,34,-2.1794203787396493,WLS,57,0.0029852020143823488
0,x_tcsc,1-14,-0.09471958932478698,35,-0.09472253223499201,WLS,57,2.9429102050282374e-06
1,B_svc,2,0.16650586259666844,35,0.16612674588917,WLS,57,0.0003791167074984336
2,UPFC_Vsh,5-15,1.1083519615610096,35,1.1158875095476335,WLS,57,0.007535547986623925
3,UPFC_tsh,5-15,-0.24817867141888142,35,-0.24814173274051504,WLS,57,3.693867836637721e-05
4,UPFC_Vse,5-15,0.06257212265189163,35,0.06191443005819676,WLS,57,0.0006576925936948724
5,UPFC_tse,5-15,-2.1846002592614138,35,-2.1794203787396493,WLS,57,0.005179880521764435
0,x_tcsc,1-14,-0.09471079797136721,36,-0.09472253223499201,WLS,57,1.17342636248019e-05
1,B_svc,2,0.16616174605254488,36,0.16612674588917,WLS,57,3.5000163374876436e-05
2,UPFC_Vsh,5-15,1.1083744555092543,36,1.1158875095476335,WLS,57,0.007513054038379208
3,UPFC_tsh,5-15,-0.24814684900415632,36,-0.24814173274051504,WLS,57,5.116263641274932e-06
4,UPFC_Vse,5-15,0.062139442992143926,36,0.06191443005819676,WLS,57,0.00022501293394716626
5,UPFC_tse,5-15,-2.1860932037299343,36,-2.1794203787396493,WLS,57,0.006672824990284987
0,x_tcsc,1-14,-0.09470930485521767,37,-0.09472253223499201,WLS,57,1.3227379774341519e-05
1,B_svc,2,0.16578624707644685,37,0.16612674588917,WLS,57,0.0003404988127231612
2,UPFC_Vsh,5-15,1.108374028356156,37,1.1158875095476335,WLS,57,0.0075134811914774335
3,UPFC_tsh,5-15,-0.2481183527982334,37,-0.24814173274051504,WLS,57,2.337994228163165e-05
4,UPFC_Vse,5-15,0.06189180557448179,37,0.06191443005819676,WLS,57,2.2624483714969723e-05
5,UPFC_tse,5-15,-2.189187001680438,37,-2.1794203787396493,WLS,57,0.009766622940788672
0,x_tcsc,1-14,-0.0947201822574224,38,-0.09472253223499201,WLS,57,2.349977569607309e-06
1,B_svc,2,0.1655166688883897,38,0.16612674588917,WLS,57,0.0006100770007803069
2,UPFC_Vsh,5-15,1.1081751082647535,38,1.1158875095476335,WLS,57,0.007712401282879977
3,UPFC_tsh,5-15,-0.24810863646742876,38,-0.24814173274051504,WLS,57,3.309627308628604e-05
4,UPFC_Vse,5-15,0.0620824801705257,38,0.06191443005819676,WLS,57,0.00016805011232894074
5,UPFC_tse,5-15,-2.1832558036152085,38,-2.1794203787396493,WLS,57,0.0038354248755592124
0,x_tcsc,1-14,-0.09472414948037428,39,-0.09472253223499201,WLS,57,1.6172453822654864e-06
1,B_svc,2,0.16615195220575035,39,0.16612674588917,WLS,57,2.520631658034511e-05
2,UPFC_Vsh,5-15,1.1081511901059458,39,1.1158875095476335,WLS,57,0.0077363194416877334
3,UPFC_tsh,5-15,-0.24818074049743824,39,-0.24814173274051504,WLS,57,3.9007756923198356e-05
4,UPFC_Vse,5-15,0.06224288703489225,39,0.06191443005819676,WLS,57,0.0003284569766954931
5,UPFC_tse,5-15,-2.1837007244805346,39,-2.1794203787396493,WLS,57,0.004280345740885316
0,x_tcsc,1-14,-0.09472024949667775,40,-0.09472253223499201,WLS,57,2.2827383142631774e-06
1,B_svc,2,0.16549670004639933,40,0.16612674588917,WLS,57,0.0006300458427706823
2,UPFC_Vsh,5-15,1.108259298867145,40,1.1158875095476335,WLS,57,0.0076282106804885785
3,UPFC_tsh,5-15,-0.2481307321997091,40,-0.24814173274051504,WLS,57,1.1000540805938819e-05
4,UPFC_Vse,5-15,0.06218878732311336,40,0.06191443005819676,WLS,57,0.00027435726491659845
5,UPFC_tse,5-15,-2.1852552310442035,40,-2.1794203787396493,WLS,57,0.005834852304554161
0,x_tcsc,1-14,-0.09471552686731526,41,-0.09472253223499201,WLS,57,7.005367676754526e-06
1,B_svc,2,0.16626218922540473,41,0.16612674588917,WLS,57,0.0001354433362347196
2,UPFC_Vsh,5-15,1.1085420833608617,41,1.1158875095476335,WLS,57,0.0073454261867718085
3,UPFC_tsh,5-15,-0.24815546482015924,41,-0.24814173274051504,WLS,57,1.3732079644196427e-05
4,UPFC_Vse,5-15,0.06249449112281328,41,0.06191443005819676,WLS,57,0.0005800610646165202
5,UPFC_tse,5-15,-2.1855772691762256,41,-2.1794203787396493,WLS,57,0.006156890436576301
0,x_tcsc,1-14,-0.09472545484188227,42,-0.09472253223499201,WLS,57,2.922606890262691e-06
1,B_svc,2,0.16604615604314255,42,0.16612674588917,WLS,57,8.058984602746233e-05
2,UPFC_Vsh,5-15,1.1083349442141355,42,1.1158875095476335,WLS,57,0.007552565333498018
3,UPFC_tsh,5-15,-0.24810782520463048,42,-0.24814173274051504,WLS,57,3.390753588455864e-05
4,UPFC_Vse,5-15,0.06204620651510232,42,0.06191443005819676,WLS,57,0.0001317764569055621
5,UPFC_tse,5-15,-2.1860210345393756,42,-2.1794203787396493,WLS,57,0.0066006557997262405
0,x_tcsc,1-14,-0.09472001623571366,43,-0.09472253223499201,WLS,57,2.5159992783491125e-06
1,B_svc,2,0.16627386089550608,43,0.16612674588917,WLS,57,0.00014711500633607377
2,UPFC_Vsh,5-15,1.108453842918421,43,1.1158875095476335,WLS,57,0.007433666629212521
3,UPFC_tsh,5-15,-0.24811435971622714,43,-0.24814173274051504,WLS,57,2.7373024287902226e-05
4,UPFC_Vse,5-15,0.06252824813645426,43,0.06191443005819676,WLS,57,0.0006138180782574998
5,UPFC_tse,5-15,-2.1874370490988726,43,-2.1794203787396493,WLS,57,0.008016670359223266
0,x_tcsc,1-14,-0.09472636454981428,44,-0.09472253223499201,WLS,57,3.832314822274641e-06
1,B_svc,2,0.16658770221404448,44,0.16612674588917,WLS,57,0.000460956324874473
2,UPFC_Vsh,5-15,1.1085155882004798,44,1.1158875095476335,WLS,57,0.007371921347153698
3,UPFC_tsh,5-15,-0.24808625877625812,44,-0.24814173274051504,WLS,57,5.5473964256924635e-05
4,UPFC_Vse,5-15,0.06283070615836506,44,0.06191443005819676,WLS,57,0.0009162761001682979
5,UPFC_tse,5-15,-2.183689780069267,44,-2.1794203787396493,WLS,57,0.004269401329617839
0,x_tcsc,1-14,-0.09471839399598611,45,-0.09472253223499201,WLS,57,4.138239005899158e-06
1,B_svc,2,0.16636373324962875,45,0.16612674588917,WLS,57,0.00023698736045874025
2,UPFC_Vsh,5-15,1.108690379807313,45,1.1158875095476335,WLS,57,0.007197129740320385
3,UPFC_tsh,5-15,-0.24815128555577712,45,-0.24814173274051504,WLS,57,9.552815262076075e-06
4,UPFC_Vse,5-15,0.06252089936574673,45,0.06191443005819676,WLS,57,0.00060646930754997
5,UPFC_tse,5-15,-2.1863693155847645,45,-2.1794203787396493,WLS,57,0.006948936845115217
0,x_tcsc,1-14,-0.09470889007009653,46,-0.09472253223499201,WLS,57,1.3642164895480424e-05
1,B_svc,2,0.16624585554250004,46,0.16612674588917,WLS,57,0.00011910965333003509
2,UPFC_Vsh,5-15,1.108146278142193,46,1.1158875095476335,WLS,57,0.007741231405440585
3,UPFC_tsh,5-15,-0.24815346590914894,46,-0.24814173274051504,WLS,57,1.1733168633898394e-05
4,UPFC_Vse,5-15,0.062470433529583744,46,0.06191443005819676,WLS,57,0.0005560034713869844
5,UPFC_tse,5-15,-2.1840433527059586,46,-2.1794203787396493,WLS,57,0.004622973966309285
0,x_tcsc,1-14,-0.09472186833681898,47,-0.09472253223499201,WLS,57,6.638981730339166e-07
1,B_svc,2,0.16597995605928204,47,0.16612674588917,WLS,57,0.00014678982988797218
2,UPFC_Vsh,5-15,1.1084539771642425,47,1.1158875095476335,WLS,57,0.007433532383390951
3,UPFC_tsh,5-15,-0.24813202045858054,47,-0.24814173274051504,WLS,57,9.712281934498579e-06
4,UPFC_Vse,5-15,0.06207867382487851,47,0.06191443005819676,WLS,57,0.00016424376668174728
5,UPFC_tse,5-15,-2.1888395788619857,47,-2.1794203787396493,WLS,57,0.009419200122336324
0,x_tcsc,1-14,-0.09471106820661873,48,-0.09472253223499201,WLS,57,1.1464028373278645e-05
1,B_svc,2,0.1660544764661493,48,0.16612674588917,WLS,57,7.226942302071548e-05
2,UPFC_Vsh,5-15,1.1081294316149641,48,1.1158875095476335,WLS,57,0.0077580779326693605
3,UPFC_tsh,5-15,-0.2482029047965831,48,-0.24814173274051504,WLS,57,6.117205606806508e-05
4,UPFC_Vse,5-15,0.062034856379171964,48,0.06191443005819676,WLS,57,0.00012042632097520461
5,UPFC_tse,5-15,-2.1870336990139765,48,-2.1794203787396493,WLS,57,0.007613320274327151
0,x_tcsc,1-14,-0.09471825485470182,49,-0.09472253223499201,WLS,57,4.2773802901852065e-06
1,B_svc,2,0.16653143523224948,49,0.16612674588917,WLS,57,0.00040468934307946736
2,UPFC_Vsh,5-15,1.1082887629072116,49,1.1158875095476335,WLS,57,0.007598746640421927
3,UPFC_tsh,5-15,-0.24814187173715427,49,-0.24814173274051504,WLS,57,1.3899663922622985e-07
4,UPFC_Vse,5-15,0.061947195534358804,49,0.06191443005819676,WLS,57,3.2765476162044394e-05
5,UPFC_tse,5-15,-2.1861685296168556,49,-2.1794203787396493,WLS,57,0.00674815087720626
0,x_tcsc,1-14,-0.0947254075777057,50,-0.09472253223499201,WLS,57,2.8753427136901655e-06
1,B_svc,2,0.16594594734496024,50,0.16612674588917,WLS,57,0.00018079854420977037
2,UPFC_Vsh,5-15,1.1083033698709985,50,1.1158875095476335,WLS,57,0.00758413967663496
3,UPFC_tsh,5-15,-0.24817857181898909,50,-0.24814173274051504,WLS,57,3.683907847404355e-05
4,UPFC_Vse,5-15,0.06266725153797445,50,0.06191443005819676,WLS,57,0.0007528214797776905
5,UPFC_tse,5-15,-2.185552186348455,50,-2.1794203787396493,WLS,57,0.006131807608805495
0,x_tcsc,1-14,-0.0947233146078241,51,-0.09472253223499201,WLS,57,7.82372832089373e-07
1,B_svc,2,0.16638316378233045,51,0.16612674588917,WLS,57,0.0002564178931604433
2,UPFC_Vsh,5-15,1.1082137662255542,51,1.1158875095476335,WLS,57,0.007673743322079263
3,UPFC_tsh,5-15,-0.24822339916101357,51,-0.24814173274051504,WLS,57,8.16664204985329e-05
4,UPFC_Vse,5-15,0.062403294683934345,51,0.06191443005819676,WLS,57,0.0004888646257375853
5,UPFC_tse,5-15,-2.1868618026913267,51,-2.1794203787396493,WLS,57,0.007441423951677351
0,x_tcsc,1-14,-0.09471852902715547,52,-0.09472253223499201,WLS,57,4.0032078365420665e-06
1,B_svc,2,0.166539742745378,52,0.16612674588917,WLS,57,0.0004129968562079922
2,UPFC_Vsh,5-15,1.108368559289833,52,1.1158875095476335,WLS,57,0.007518950257800583
3,UPFC_tsh,5-15,-0.24810846028926925,52,-0.24814173274051504,WLS,57,3.327245124579159e-05
4,UPFC_Vse,5-15,0.06258238962655555,52,0.06191443005819676,WLS,57,0.0006679595683587863
5,UPFC_tse,5-15,-2.185467199378572,52,-2.1794203787396493,WLS,57,0.00604682063892259
0,x_tcsc,1-14,-0.0947063459819335,53,-0.09472253223499201,WLS,57,1.6186253058506073e-05
1,B_svc,2,0.16604738471952157,53,0.16612674588917,WLS,57,7.93611696484342e-05
2,UPFC_Vsh,5-15,1.1082442729356945,53,1.1158875095476335,WLS,57,0.007643236611938997
3,UPFC_tsh,5-15,-0.24808007917867295,53,-0.24814173274051504,WLS,57,6.165356184209547e-05
4,UPFC_Vse,5-15,0.06239819237412933,53,0.06191443005819676,WLS,57,0.00048376231593257046
5,UPFC_tse,5-15,-2.1825094035349504,53,-2.1794203787396493,WLS,57,0.003089024795301043
0,x_tcsc,1-14,-0.09470658818451114,54,-0.09472253223499201,WLS,57,1.594405048087333e-05
1,B_svc,2,0.1663163091587781,54,0.16612674588917,WLS,57,0.00018956326960808956
2,UPFC_Vsh,5-15,1.1084828372372189,54,1.1158875095476335,WLS,57,0.0074046723104146395
3,UPFC_tsh,5-15,-0.24811609016260278,54,-0.24814173274051504,WLS,57,2.5642577912265985e-05
4,UPFC_Vse,5-15,0.06236439987853662,54,0.06191443005819676,WLS,57,0.00044996982033986
5,UPFC_tse,5-15,-2.1863999635957043,54,-2.1794203787396493,WLS,57,0.006979584856054988
0,x_tcsc,1-14,-0.09471173985366439,55,-0.09472253223499201,WLS,57,1.079238132761784e-05
1,B_svc,2,0.16670241294625235,55,0.16612674588917,WLS,57,0.0005756670570823408
2,UPFC_Vsh,5-15,1.108438805638857,55,1.1158875095476335,WLS,57,0.0074487039087764995
3,UPFC_tsh,5-15,-0.24814767438769542,55,-0.24814173274051504,WLS,57,5.941647180374154e-06
4,UPFC_Vse,5-15,0.06263006314315324,55,0.06191443005819676,WLS,57,0.0007156330849564796
5,UPFC_tse,5-15,-2.18724482225142,55,-2.1794203787396493,WLS,57,0.007824443511770696
0,x_tcsc,1-14,-0.0947224419796124,56,-0.09472253223499201,WLS,57,9.025537961449004e-08
1,B_svc,2,0.16656294307247896,56,0.16612674588917,WLS,57,0.00043619718330895063
2,UPFC_Vsh,5-15,1.108045749429415,56,1.1158875095476335,WLS,57,0.007841760118218577
3,UPFC_tsh,5-15,-0.24813877490540273,56,-0.24814173274051504,WLS,57,2.957835112310514e-06
4,UPFC_Vse,5-15,0.061856671599263564,56,0.06191443005819676,WLS,57,5.7758458933195034e-05
5,UPFC_tse,5-15,-2.1858217006071925,56,-2.1794203787396493,WLS,57,0.006401321867543164
0,x_tcsc,1-14,-0.094722902276129,57,-0.09472253223499201,WLS,57,3.700411369961243e-07
1,B_svc,2,0.16644084518070698,57,0.16612674588917,WLS,57,0.00031409929153697336
2,UPFC_Vsh,5-15,1.1084314012056864,57,1.1158875095476335,WLS,57,0.007456108341947099
3,UPFC_tsh,5-15,-0.24806202235258876,57,-0.24814173274051504,WLS,57,7.971038792628504e-05
4,UPFC_Vse,5-15,0.06185248865072254,57,0.06191443005819676,WLS,57,6.194140747421695e-05
5,UPFC_tse,5-15,-2.184242037271161,57,-2.1794203787396493,WLS,57,0.00482165853151173
0,x_tcsc,1-14,-0.09471549905809457,58,-0.09472253223499201,WLS,57,7.0331768974446485e-06
1,B_svc,2,0.16605851058656373,58,0.16612674588917,WLS,57,6.82353026062732e-05
2,UPFC_Vsh,5-15,1.1083749612256177,58,1.1158875095476335,WLS,57,0.007512548322015755
3,UPFC_tsh,5-15,-0.24813985500802663,58,-0.24814173274051504,WLS,57,1.8777324884144964e-06
4,UPFC_Vse,5-15,0.062154341494140695,58,0.06191443005819676,WLS,57,0.0002399114359439361
5,UPFC_tse,5-15,-2.185588805011137,58,-2.1794203787396493,WLS,57,0.006168426271487615
0,x_tcsc,1-14,-0.0947266309198313,59,-0.09472253223499201,WLS,57,4.098684839290434e-06
1,B_svc,2,0.16599346289703595,59,0.16612674588917,WLS,57,0.00013328299213405392
2,UPFC_Vsh,5-15,1.1084492971466708,59,1.1158875095476335,WLS,57,0.007438212400962652
3,UPFC_tsh,5-15,-0.24809161300394425,59,-0.24814173274051504,WLS,57,5.011973657079172e-05
4,UPFC_Vse,5-15,0.06218828601464473,59,0.06191443005819676,WLS,57,0.00027385595644797284
5,UPFC_tse,5-15,-2.186275663452354,59,-2.1794203787396493,WLS,57,0.006855284712704801
0,x_tcsc,1-14,-0.09471968498977984,60,-0.09472253223499201,WLS,57,2.8472452121702796e-06
1,B_svc,2,0.1665982483054713,60,0.16612674588917,WLS,57,0.00047150241630128376
2,UPFC_Vsh,5-15,1.1082828237219384,60,1.1158875095476335,WLS,57,0.007604685825695068
3,UPFC_tsh,5-15,-0.24815043249859628,60,-0.24814173274051504,WLS,57,8.699758081237574e-06
4,UPFC_Vse,5-15,0.06196792875126491,60,0.06191443005819676,WLS,57,5.349869306815053e-05
5,UPFC_tse,5-15,-2.1873904869868217,60,-2.1794203787396493,WLS,57,0.00797010824717237
0,x_tcsc,1-14,-0.094718174015026,61,-0.09472253223499201,WLS,57,4.358219966013599e-06
1,B_svc,2,0.16597508622178753,61,0.16612674588917,WLS,57,0.00015165966738248104
2,UPFC_Vsh,5-15,1.1083164432648847,61,1.1158875095476335,WLS,57,0.0075710662827488395
3,UPFC_tsh,5-15,-0.2480855227869645,61,-0.24814173274051504,WLS,57,5.620995355054559e-05
4,UPFC_Vse,5-15,0.06247089028072329,61,0.06191443005819676,WLS,57,0.0005564602225265336
5,UPFC_tse,5-15,-2.184234120466852,61,-2.1794203787396493,WLS,57,0.004813741727202725
0,x_tcsc,1-14,-0.09471530925487606,62,-0.09472253223499201,WLS,57,7.222980115947908e-06
1,B_svc,2,0.16581900686236253,62,0.16612674588917,WLS,57,0.0003077390268074742
2,UPFC_Vsh,5-15,1.1084648304167148,62,1.1158875095476335,WLS,57,0.007422679130918652
3,UPFC_tsh,5-15,-0.2481392380924191,62,-0.24814173274051504,WLS,57,2.494648095929808e-06
4,UPFC_Vse,5-15,0.06217264496186842,62,0.06191443005819676,WLS,57,0.000258214903671658
5,UPFC_tse,5-15,-2.1893122579958115,62,-2.1794203787396493,WLS,57,0.009891879256162195
0,x_tcsc,1-14,-0.09472047215012039,63,-0.09472253223499201,WLS,57,2.0600848716217923e-06
1,B_svc,2,0.16600381058888314,63,0.16612674588917,WLS,57,0.0001229353002868694
2,UPFC_Vsh,5-15,1.108430061152914,63,1.1158875095476335,WLS,57,0.0074574483947194015
3,UPFC_tsh,5-15,-0.2481304640381071,63,-0.24814173274051504,WLS,57,1.1268702407946085e-05
4,UPFC_Vse,5-15,0.061863056287102584,63,0.06191443005819676,WLS,57,5.1373771094175014e-05
5,UPFC_tse,5-15,-2.186027051274194,63,-2.1794203787396493,WLS,57,0.006606672534544611
0,x_tcsc,1-14,-0.09471547227821887,64,-0.09472253223499201,WLS,57,7.059956773136644e-06
1,B_svc,2,0.16614346778534464,64,0.16612674588917,WLS,57,1.6721896174631823e-05
2,UPFC_Vsh,5-15,1.1082163076452267,64,1.1158875095476335,WLS,57,0.007671201902406777
3,UPFC_tsh,5-15,-0.248088522117085,64,-0.24814173274051504,WLS,57,5.321062343005556e-05
4,UPFC_Vse,5-15,0.06223007742960918,64,0.06191443005819676,WLS,57,0.0003156473714124239
5,UPFC_tse,5-15,-2.186251034496493,64,-2.1794203787396493,WLS,57,0.006830655756843829
0,x_tcsc,1-14,-0.0947181275445782,65,-0.09472253223499201,WLS,57,4.404690413808976e-06
1,B_svc,2,0.16649974819565236,65,0.16612674588917,WLS,57,0.00037300230648235067
2,UPFC_Vsh,5-15,1.1085741664015694,65,1.1158875095476335,WLS,57,0.007313343146064133
3,UPFC_tsh,5-15,-0.24808728509374545,65,-0.24814173274051504,WLS,57,5.444764676959535e-05
4,UPFC_Vse,5-15,0.062026254762507387,65,0.06191443005819676,WLS,57,0.00011182470431062713
5,UPFC_tse,5-15,-2.1896479904098105,65,-2.1794203787396493,WLS,57,0.010227611670161174
0,x_tcsc,1-14,-0.09470360121793643,66,-0.09472253223499201,WLS,57,1.893101705557898e-05
1,B_svc,2,0.16637011934867388,66,0.16612674588917,WLS,57,0.00024337345950387057
2,UPFC_Vsh,5-15,1.1079964080694238,66,1.1158875095476335,WLS,57,0.007891101478209706
3,UPFC_tsh,5-15,-0.24813364682385927,66,-0.24814173274051504,WLS,57,8.085916655770076e-06
4,UPFC_Vse,5-15,0.06259222532698358,66,0.06191443005819676,WLS,57,0.0006777952687868211
5,UPFC_tse,5-15,-2.1829308561185887,66,-2.1794203787396493,WLS,57,0.0035104773789393917
0,x_tcsc,1-14,-0.09471124998328952,67,-0.09472253223499201,WLS,57,1.1282251702493529e-05
1,B_svc,2,0.16629385956912948,67,0.16612674588917,WLS,57,0.00016711367995947413
2,UPFC_Vsh,5-15,1.1082867393826321,67,1.1158875095476335,WLS,57,0.00760077016500138
3,UPFC_tsh,5-15,-0.24808775839842925,67,-0.24814173274051504,WLS,57,5.397434208578855e-05
4,UPFC_Vse,5-15,0.06235415274056906,67,0.06191443005819676,WLS,57,0.00043972268237230105
5,UPFC_tse,5-15,-2.1849084240476992,67,-2.1794203787396493,WLS,57,0.005488045308049916
0,x_tcsc,1-14,-0.0947188269875458,68,-0.09472253223499201,WLS,57,3.7052474462090368e-06
1,B_svc,2,0.16642135834328806,68,0.16612674588917,WLS,57,0.00029461245411804837
2,UPFC_Vsh,5-15,1.1083738075205067,68,1.1158875095476335,WLS,57,0.007513702027126756
3,UPFC_tsh,5-15,-0.24809611763905456,68,-0.24814173274051504,WLS,57,4.561510146047776e-05
4,UPFC_Vse,5-15,0.06160882541847706,68,0.06191443005819676,WLS,57,0.0003056046397197018
5,UPFC_tse,5-15,-2.185571462890837,68,-2.1794203787396493,WLS,57,0.006151084151187813
0,x_tcsc,1-14,-0.0947173327718346,69,-0.09472253223499201,WLS,57,5.199463157412598e-06
1,B_svc,2,0.16596185699474725,69,0.16612674588917,WLS,57,0.00016488889442276
2,UPFC_Vsh,5-15,1.1082702600679444,69,1.1158875095476335,WLS,57,0.007617249479689114
3,UPFC_tsh,5-15,-0.24807630394264413,69,-0.24814173274051504,WLS,57,6.542879787091449e-05
4,UPFC_Vse,5-15,0.061590452243389826,69,0.06191443005819676,WLS,57,0.00032397781480693333
5,UPFC_tse,5-15,-2.186964574687627,69,-2.1794203787396493,WLS,57,0.007544195947977617
0,x_tcsc,1-14,-0.09471592449320246,70,-0.09472253223499201,WLS,57,6.607741789552146e-06
1,B_svc,2,0.1658188174363996,70,0.16612674588917,WLS,57,0.00030792845277041736
2,UPFC_Vsh,5-15,1.108033996597156,70,1.1158875095476335,WLS,57,0.007853512950477537
3,UPFC_tsh,5-15,-0.24803343295328728,70,-0.24814173274051504,WLS,57,0.00010829978722776135
4,UPFC_Vse,5-15,0.06198324786732413,70,0.06191443005819676,WLS,57,6.881780912736807e-05
5,UPFC_tse,5-15,-2.186155227204398,70,-2.1794203787396493,WLS,57,0.006734848464748477
0,x_tcsc,1-14,-0.09472716804526447,71,-0.09472253223499201,WLS,57,4.63581027246307e-06
1,B_svc,2,0.16631085038178076,71,0.16612674588917,WLS,57,0.00018410449261074824
2,UPFC_Vsh,5-15,1.1082888081215163,71,1.1158875095476335,WLS,57,0.007598701426117183
3,UPFC_tsh,5-15,-0.24814349063997204,71,-0.24814173274051504,WLS,57,1.7578994570000006e-06
4,UPFC_Vse,5-15,0.06272828507946292,71,0.06191443005819676,WLS,57,0.0008138550212661577
5,UPFC_tse,5-15,-2.182019987194156,71,-2.1794203787396493,WLS,57,0.0025996084545067966
0,x_tcsc,1-14,-0.09470868941816424,72,-0.09472253223499201,WLS,57,1.3842816827772109e-05
1,B_svc,2,0.16584733413073718,72,0.16612674588917,WLS,57,0.00027941175843282373
2,UPFC_Vsh,5-15,1.108338799920065,72,1.1158875095476335,WLS,57,0.007548709627568595
3,UPFC_tsh,5-15,-0.2481631718649519,72,-0.24814173274051504,WLS,57,2.143912443686169e-05
4,UPFC_Vse,5-15,0.062166566401282645,72,0.06191443005819676,WLS,57,0.0002521363430858861
5,UPFC_tse,5-15,-2.187042826121459,72,-2.1794203787396493,WLS,57,0.007622447381809838
0,x_tcsc,1-14,-0.09471209660195144,73,-0.09472253223499201,WLS,57,1.0435633040567494e-05
1,B_svc,2,0.16668222827859316,73,0.16612674588917,WLS,57,0.0005554823894231564
2,UPFC_Vsh,5-15,1.1085795005143544,73,1.1158875095476335,WLS,57,0.007308009033279106
3,UPFC_tsh,5-15,-0.24813017662061704,73,-0.24814173274051504,WLS,57,1.1556119898004091e-05
4,UPFC_Vse,5-15,0.062305009278693,73,0.06191443005819676,WLS,57,0.00039057922049624133
5,UPFC_tse,5-15,-2.1860560457055467,73,-2.1794203787396493,WLS,57,0.006635666965897347
0,x_tcsc,1-14,-0.0947188337360713,74,-0.09472253223499201,WLS,57,3.6984989207067276e-06
1,B_svc,2,0.16651547773291933,74,0.16612674588917,WLS,57,0.0003887318437493237
2,UPFC_Vsh,5-15,1.1080597108405434,74,1.1158875095476335,WLS,57,0.00782779870709005
3,UPFC_tsh,5-15,-0.2481793699210198,74,-0.24814173274051504,WLS,57,3.763718050475706e-05
4,UPFC_Vse,5-15,0.06224727976122491,74,0.06191443005819676,WLS,57,0.0003328497030281527
5,UPFC_tse,5-15,-2.1878402842733635,74,-2.1794203787396493,WLS,57,0.00841990553371419
0,x_tcsc,1-14,-0.09471950424898282,75,-0.09472253223499201,WLS,57,3.0279860091936284e-06
1,B_svc,2,0.1664318831588339,75,0.16612674588917,WLS,57,0.00030513726966388544
2,UPFC_Vsh,5-15,1.1084826398204468,75,1.1158875095476335,WLS,57,0.00740486972718668
3,UPFC_tsh,5-15,-0.24811939157353277,75,-0.24814173274051504,WLS,57,2.23411669822704e-05
4,UPFC_Vse,5-15,0.062200133162603526,75,0.06191443005819676,WLS,57,0.0002857031044067662
5,UPFC_tse,5-15,-2.1886628941763355,75,-2.1794203787396493,WLS,57,0.009242515436686194
0,x_tcsc,1-14,-0.09470414571236467,76,-0.09472253223499201,WLS,57,1.838652262733942e-05
1,B_svc,2,0.1669517473399707,76,0.16612674588917,WLS,57,0.0008250014508006942
2,UPFC_Vsh,5-15,1.1083811252880882,76,1.1158875095476335,WLS,57,0.007506384259545307
3,UPFC_tsh,5-15,-0.24811076537844598,76,-0.24814173274051504,WLS,57,3.096736206906203e-05
4,UPFC_Vse,5-15,0.06200402298817972,76,0.06191443005819676,WLS,57,8.959292998295815e-05
5,UPFC_tse,5-15,-2.18388921052591,76,-2.1794203787396493,WLS,57,0.004468831786260452
0,x_tcsc,1-14,-0.09469726941031417,77,-0.09472253223499201,WLS,57,2.5262824677838025e-05
1,B_svc,2,0.16606420923681134,77,0.16612674588917,WLS,57,6.253665235866901e-05
2,UPFC_Vsh,5-15,1.1084010020940411,77,1.1158875095476335,WLS,57,0.0074865074535923615
3,UPFC_tsh,5-15,-0.248258475616201,77,-0.24814173274051504,WLS,57,0.00011674287568597119
4,UPFC_Vse,5-15,0.06262049464537084,77,0.06191443005819676,WLS,57,0.0007060645871740795
5,UPFC_tse,5-15,-2.1843449540454842,77,-2.1794203787396493,WLS,57,0.0049245753058348996
0,x_tcsc,1-14,-0.09471501336359173,78,-0.09472253223499201,WLS,57,7.518871400283289e-06
1,B_svc,2,0.16606254854863792,78,0.16612674588917,WLS,57,6.419734053209059e-05
2,UPFC_Vsh,5-15,1.108140834596214,78,1.1158875095476335,WLS,57,0.007746674951419452
3,UPFC_tsh,5-15,-0.24809875190928563,78,-0.24814173274051504,WLS,57,4.298083122941665e-05
4,UPFC_Vse,5-15,0.06248960149765299,78,0.06191443005819676,WLS,57,0.0005751714394562277
5,UPFC_tse,5-15,-2.1845301535726827,78,-2.1794203787396493,WLS,57,0.00510977483303332
0,x_tcsc,1-14,-0.09472463397421424,79,-0.09472253223499201,WLS,57,2.1017392222294484e-06
1,B_svc,2,0.16655590487115673,79,0.16612674588917,WLS,57,0.00042915898198672697
2,UPFC_Vsh,5-15,1.1083706542554415,79,1.1158875095476335,WLS,57,0.007516855292192037
3,UPFC_tsh,5-15,-0.24809563484464717,79,-0.24814173274051504,WLS,57,4.609789586787483e-05
4,UPFC_Vse,5-15,0.06180134344405983,79,0.06191443005819676,WLS,57,0.00011308661413692717
5,UPFC_tse,5-15,-2.184718063249424,79,-2.1794203787396493,WLS,57,0.005297684509774747
0,x_tcsc,1-14,-0.09473460489793323,80,-0.09472253223499201,WLS,57,1.2072662941217671e-05
1,B_svc,2,0.16660783616664837,80,0.16612674588917,WLS,57,0.0004810902774783632
2,UPFC_Vsh,5-15,1.1086824370524047,80,1.1158875095476335,WLS,57,0.007205072495228837
3,UPFC_tsh,5-15,-0.2480837325251738,80,-0.24814173274051504,WLS,57,5.800021534124733e-05
4,UPFC_Vse,5-15,0.062264550906448286,80,0.06191443005819676,WLS,57,0.00035012084825152695
5,UPFC_tse,5-15,-2.1883270233228926,80,-2.1794203787396493,WLS,57,0.008906644583243306
0,x_tcsc,1-14,-0.09471591137437026,81,-0.09472253223499201,WLS,57,6.620860621753266e-06
1,B_svc,2,0.16624132687097862,81,0.16612674588917,WLS,57,0.00011458098180860965
2,UPFC_Vsh,5-15,1.1084848538903078,81,1.1158875095476335,WLS,57,0.007402655657325674
3,UPFC_tsh,5-15,-0.24811213117894027,81,-0.24814173274051504,WLS,57,2.960156157477689e-05
4,UPFC_Vse,5-15,0.06177077967332799,81,0.06191443005819676,WLS,57,0.0001436503848687709
5,UPFC_tse,5-15,-2.1877914969568883,81,-2.1794203787396493,WLS,57,0.008371118217239015
0,x_tcsc,1-14,-0.09472357062878607,82,-0.09472253223499201,WLS,57,1.038393794061676e-06
1,B_svc,2,0.16646030062543968,82,0.16612674588917,WLS,57,0.00033355473626967
2,UPFC_Vsh,5-15,1.108675591860817,82,1.1158875095476335,WLS,57,0.007211917686816394
3,UPFC_tsh,5-15,-0.24805657957123803,82,-0.24814173274051504,WLS,57,8.515316927701355e-05
4,UPFC_Vse,5-15,0.06262809922894938,82,0.06191443005819676,WLS,57,0.0007136691707526205
5,UPFC_tse,5-15,-2.1852675502652166,82,-2.1794203787396493,WLS,57,0.005847171525567241
0,x_tcsc,1-14,-0.09471272047707414,83,-0.09472253223499201,WLS,57,9.811757917865815e-06
1,B_svc,2,0.1667387978079758,83,0.16612674588917,WLS,57,0.0006120519188057838
2,UPFC_Vsh,5-15,1.1083712099711551,83,1.1158875095476335,WLS,57,0.007516299576478369
3,UPFC_tsh,5-15,-0.24815851556115665,83,-0.24814173274051504,WLS,57,1.678282064160319e-05
4,UPFC_Vse,5-15,0.062333527471273804,83,0.06191443005819676,WLS,57,0.000419097413077045
5,UPFC_tse,5-15,-2.190075076936705,83,-2.1794203787396493,WLS,57,0.010654698197055446
0,x_tcsc,1-14,-0.09471789181925964,84,-0.09472253223499201,WLS,57,4.640415732365399e-06
1,B_svc,2,0.1661280999915486,84,0.16612674588917,WLS,57,1.3541023785867967e-06
2,UPFC_Vsh,5-15,1.1084406471619024,84,1.1158875095476335,WLS,57,0.007446862385731112
3,UPFC_tsh,5-15,-0.24810965606122987,84,-0.24814173274051504,WLS,57,3.207667928517566e-05
4,UPFC_Vse,5-15,0.06250336439339338,84,0.06191443005819676,WLS,57,0.0005889343351966198
5,UPFC_tse,5-15,-2.185206563573923,84,-2.1794203787396493,WLS,57,0.005786184834273733
0,x_tcsc,1-14,-0.09472853323502992,85,-0.09472253223499201,WLS,57,6.001000037905713e-06
1,B_svc,2,0.16635747961266303,85,0.16612674588917,WLS,57,0.00023073372349302623
2,UPFC_Vsh,5-15,1.1084215867507055,85,1.1158875095476335,WLS,57,0.007465922796928037
3,UPFC_tsh,5-15,-0.24810584423867782,85,-0.24814173274051504,WLS,57,3.5888501837222364e-05
4,UPFC_Vse,5-15,0.06184678460962467,85,0.06191443005819676,WLS,57,6.764544857208732e-05
5,UPFC_tse,5-15,-2.188247217376578,85,-2.1794203787396493,WLS,57,0.008826838636928791
0,x_tcsc,1-14,-0.09473304109267763,86,-0.09472253223499201,WLS,57,1.0508857685623263e-05
1,B_svc,2,0.16647787575411996,86,0.16612674588917,WLS,57,0.0003511298649499506
2,UPFC_Vsh,5-15,1.1084329739626746,86,1.1158875095476335,WLS,57,0.007454535584958899
3,UPFC_tsh,5-15,-0.24818417594967057,86,-0.24814173274051504,WLS,57,4.244320915552935e-05
4,UPFC_Vse,5-15,0.061718479445448435,86,0.06191443005819676,WLS,57,0.0001959506127483246
5,UPFC_tse,5-15,-2.188105003428613,86,-2.1794203787396493,WLS,57,0.008684624688963805
0,x_tcsc,1-14,-0.09471925844898346,87,-0.09472253223499201,WLS,57,3.2737860085479964e-06
1,B_svc,2,0.16616690637261955,87,0.16612674588917,WLS,57,4.0160483449541706e-05
2,UPFC_Vsh,5-15,1.1084551480396903,87,1.1158875095476335,WLS,57,0.0074323615079432415
3,UPFC_tsh,5-15,-0.24812353057056374,87,-0.24814173274051504,WLS,57,1.8202169951297975e-05
4,UPFC_Vse,5-15,0.06246398976174394,87,0.06191443005819676,WLS,57,0.0005495597035471839
5,UPFC_tse,5-15,-2.186304763740209,87,-2.1794203787396493,WLS,57,0.006884385000559767
0,x_tcsc,1-14,-0.09471630357527946,88,-0.09472253223499201,WLS,57,6.228659712545492e-06
1,B_svc,2,0.1665457744795642,88,0.16612674588917,WLS,57,0.0004190285903941937
2,UPFC_Vsh,5-15,1.1082826883498154,88,1.1158875095476335,WLS,57,0.007604821197818135
3,UPFC_tsh,5-15,-0.24811498796262627,88,-0.24814173274051504,WLS,57,2.6744777888776383e-05
4,UPFC_Vse,5-15,0.06199573307969607,88,0.06191443005819676,WLS,57,8.130302149931407e-05
5,UPFC_tse,5-15,-2.1838253277665656,88,-2.1794203787396493,WLS,57,0.004404949026916238
0,x_tcsc,1-14,-0.09472473638628118,89,-0.09472253223499201,WLS,57,2.2041512891673998e-06
1,B_svc,2,0.1661730383990753,89,0.16612674588917,WLS,57,4.629250990528799e-05
2,UPFC_Vsh,5-15,1.1082437469753812,89,1.1158875095476335,WLS,57,0.0076437625722522995
3,UPFC_tsh,5-15,-0.2481697733131443,89,-0.24814173274051504,WLS,57,2.804057262925652e-05
4,UPFC_Vse,5-15,0.061902041939945134,89,0.06191443005819676,WLS,57,1.2388118251625835e-05
5,UPFC_tse,5-15,-2.185331805707417,89,-2.1794203787396493,WLS,57,0.005911426967767586
0,x_tcsc,1-14,-0.09470026126769934,90,-0.09472253223499201,WLS,57,2.227096729266742e-05
1,B_svc,2,0.16623618494471473,90,0.16612674588917,WLS,57,0.00010943905554472444
2,UPFC_Vsh,5-15,1.108255691747498,90,1.1158875095476335,WLS,57,0.007631817800135554
3,UPFC_tsh,5-15,-0.24818193145080805,90,-0.24814173274051504,WLS,57,4.019871029301014e-05
4,UPFC_Vse,5-15,0.062242891688237184,90,0.06191443005819676,WLS,57,0.0003284616300404247
5,UPFC_tse,5-15,-2.1859628937447084,90,-2.1794203787396493,WLS,57,0.006542515005059091
0,x_tcsc,1-14,-0.09472146713353788,91,-0.09472253223499201,WLS,57,1.0651014541313009e-06
1,B_svc,2,0.16672743700038503,91,0.16612674588917,WLS,57,0.0006006911112150237
2,UPFC_Vsh,5-15,1.108620284800171,91,1.1158875095476335,WLS,57,0.007267224747462553
3,UPFC_tsh,5-15,-0.24810875816605646,91,-0.24814173274051504,WLS,57,3.2974574458582984e-05
4,UPFC_Vse,5-15,0.06230117898874244,91,0.06191443005819676,WLS,57,0.00038674893054568144
5,UPFC_tse,5-15,-2.18276543400784,91,-2.1794203787396493,WLS,57,0.003345055268190844
0,x_tcsc,1-14,-0.0947159673055758,92,-0.09472253223499201,WLS,57,6.564929416211229e-06
1,B_svc,2,0.1664211360164194,92,0.16612674588917,WLS,57,0.0002943901272493832
2,UPFC_Vsh,5-15,1.1083819585072883,92,1.1158875095476335,WLS,57,0.007505551040345226
3,UPFC_tsh,5-15,-0.24811086459752205,92,-0.24814173274051504,WLS,57,3.0868142992995784e-05
4,UPFC_Vse,5-15,0.06244330879152691,92,0.06191443005819676,WLS,57,0.0005288787333301501
5,UPFC_tse,5-15,-2.183623889514736,92,-2.1794203787396493,WLS,57,0.004203510775086627
0,x_tcsc,1-14,-0.09471074475733626,93,-0.09472253223499201,WLS,57,1.1787477655747503e-05
1,B_svc,2,0.16586383130122626,93,0.16612674588917,WLS,57,0.0002629145879437522
2,UPFC_Vsh,5-15,1.1084810881609353,93,1.1158875095476335,WLS,57,0.007406421386698225
3,UPFC_tsh,5-15,-0.2481288667921477,93,-0.24814173274051504,WLS,57,1.2865948367329905e-05
4,UPFC_Vse,5-15,0.06199224492873312,93,0.06191443005819676,WLS,57,7.781487053636071e-05
5,UPFC_tse,5-15,-2.1867507775671378,93,-2.1794203787396493,WLS,57,0.007330398827488427
0,x_tcsc,1-14,-0.09471956349257812,94,-0.09472253223499201,WLS,57,2.9687424138863383e-06
1,B_svc,2,0.16648745764068001,94,0.16612674588917,WLS,57,0.0003607117515100067
2,UPFC_Vsh,5-15,1.1080961602853538,94,1.1158875095476335,WLS,57,0.007791349262279645
3,UPFC_tsh,5-15,-0.2481210541666908,94,-0.24814173274051504,WLS,57,2.0678573824234325e-05
4,UPFC_Vse,5-15,0.06242721974992139,94,0.06191443005819676,WLS,57,0.0005127896917246286
5,UPFC_tse,5-15,-2.184073480487733,94,-2.1794203787396493,WLS,57,0.004653101748083532
0,x_tcsc,1-14,-0.09471643651689002,95,-0.09472253223499201,WLS,57,6.095718101992165e-06
1,B_svc,2,0.16647234744335881,95,0.16612674588917,WLS,57,0.0003456015541888069
2,UPFC_Vsh,5-15,1.1083314608095876,95,1.1158875095476335,WLS,57,0.00755604873804594
3,UPFC_tsh,5-15,-0.2481128105898152,95,-0.24814173274051504,WLS,57,2.8922150699828286e-05
4,UPFC_Vse,5-15,0.06236376977582858,95,0.06191443005819676,WLS,57,0.000449339717631822
5,UPFC_tse,5-15,-2.1861041651349433,95,-2.1794203787396493,WLS,57,0.006683786395293989
0,x_tcsc,1-14,-0.09473036914401295,96,-0.09472253223499201,WLS,57,7.836909020939031e-06
1,B_svc,2,0.16625928043995897,96,0.16612674588917,WLS,57,0.0001325345507889597
2,UPFC_Vsh,5-15,1.1083670022191643,96,1.1158875095476335,WLS,57,0.007520507328469206
3,UPFC_tsh,5-15,-0.24825932674684528,96,-0.24814173274051504,WLS,57,0.00011759400633024053
4,UPFC_Vse,5-15,0.06254427250933896,96,0.06191443005819676,WLS,57,0.0006298424511421985
5,UPFC_tse,5-15,-2.1839928420035313,96,-2.1794203787396493,WLS,57,0.004572463263881943
0,x_tcsc,1-14,-0.09470716620332975,97,-0.09472253223499201,WLS,57,1.5366031662258917e-05
1,B_svc,2,0.16643715903603343,97,0.16612674588917,WLS,57,0.0003104131468634197
2,UPFC_Vsh,5-15,1.1085246444660097,97,1.1158875095476335,WLS,57,0.0073628650816237595
3,UPFC_tsh,5-15,-0.24820471772175895,97,-0.24814173274051504,WLS,57,6.298498124390761e-05
4,UPFC_Vse,5-15,0.062755229641688,97,0.06191443005819676,WLS,57,0.0008407995834912446
5,UPFC_tse,5-15,-2.1872616299825314,97,-2.1794203787396493,WLS,57,0.007841251242882041
0,x_tcsc,1-14,-0.09471530632678123,98,-0.09472253223499201,WLS,57,7.225908210783949e-06
1,B_svc,2,0.16658927029933285,98,0.16612674588917,WLS,57,0.00046252441016284007
2,UPFC_Vsh,5-15,1.1082945668661557,98,1.1158875095476335,WLS,57,0.00759294268147781
3,UPFC_tsh,5-15,-0.2482098128502596,98,-0.24814173274051504,WLS,57,6.808010974454493e-05
4,UPFC_Vse,5-15,0.06223406355173051,98,0.06191443005819676,WLS,57,0.0003196334935337483
5,UPFC_tse,5-15,-2.187787311630359,98,-2.1794203787396493,WLS,57,0.008366932890709666
0,x_tcsc,1-14,-0.09470071193265099,99,-0.09472253223499201,WLS,57,2.182030234101906e-05
1,B_svc,2,0.16652422267948558,99,0.16612674588917,WLS,57,0.0003974767903155707
2,UPFC_Vsh,5-15,1.1081635345390903,99,1.1158875095476335,WLS,57,0.00772397500854316
3,UPFC_tsh,5-15,-0.24819155373060045,99,-0.24814173274051504,WLS,57,4.982099008540852e-05
4,UPFC_Vse,5-15,0.06218560916991267,99,0.06191443005819676,WLS,57,0.0002711791117159107
5,UPFC_tse,5-15,-2.1840976713728892,99,-2.1794203787396493,WLS,57,0.0046772926332399045
0,x_tcsc,1-14,-0.09642863510466665,0,-0.09645691778988322,WLS,59,2.8282685216568515e-05
1,B_svc,2,0.16700386534659833,0,0.16702000914729664,WLS,59,1.6143800698309452e-05
2,UPFC_Vsh,5-15,1.1082071981525674,0,1.1148215002084334,WLS,59,0.006614302055865995
3,UPFC_tsh,5-15,-0.24664248776509298,0,-0.24664969256423613,WLS,59,7.204799143151197e-06
4,UPFC_Vse,5-15,0.06222433641989667,0,0.0615763253591027,WLS,59,0.000648011060793971
5,UPFC_tse,5-15,-2.1878835362749376,0,-2.1788467009368127,WLS,59,0.009036835338124938
0,x_tcsc,1-14,-0.09644340273835028,1,-0.09645691778988322,WLS,59,1.3515051532936306e-05
1,B_svc,2,0.1670078187127123,1,0.16702000914729664,WLS,59,1.2190434584335996e-05
2,UPFC_Vsh,5-15,1.1084273224976673,1,1.1148215002084334,WLS,59,0.0063941777107661135
3,UPFC_tsh,5-15,-0.2465983637511759,1,-0.24664969256423613,WLS,59,5.132881306024739e-05
4,UPFC_Vse,5-15,0.06241013068737251,1,0.0615763253591027,WLS,59,0.0008338053282698071
5,UPFC_tse,5-15,-2.1853081662285314,1,-2.1788467009368127,WLS,59,0.00646146529171876
0,x_tcsc,1-14,-0.09645116844805637,2,-0.09645691778988322,WLS,59,5.7493418268439456e-06
1,B_svc,2,0.16710236965842698,2,0.16702000914729664,WLS,59,8.236051113033604e-05
2,UPFC_Vsh,5-15,1.1085368733011332,2,1.1148215002084334,WLS,59,0.00628462690730025
3,UPFC_tsh,5-15,-0.2466582093639637,2,-0.24664969256423613,WLS,59,8.516799727575908e-06
4,UPFC_Vse,5-15,0.06251363418661546,2,0.0615763253591027,WLS,59,0.0009373088275127575
5,UPFC_tse,5-15,-2.1872724562022627,2,-2.1788467009368127,WLS,59,0.008425755265450086
0,x_tcsc,1-14,-0.09643994987469288,3,-0.09645691778988322,WLS,59,1.6967915190332916e-05
1,B_svc,2,0.16743678308937135,3,0.16702000914729664,WLS,59,0.0004167739420747052
2,UPFC_Vsh,5-15,1.1084267704014825,3,1.1148215002084334,WLS,59,0.006394729806950883
3,UPFC_tsh,5-15,-0.24657120096003285,3,-0.24664969256423613,WLS,59,7.84916042032846e-05
4,UPFC_Vse,5-15,0.06286667796495479,3,0.0615763253591027,WLS,59,0.0012903526058520923
5,UPFC_tse,5-15,-2.1881343638726287,3,-2.1788467009368127,WLS,59,0.009287662935816066
0,x_tcsc,1-14,-0.09643646570327577,4,-0.09645691778988322,WLS,59,2.0452086607447573e-05
1,B_svc,2,0.16745490790888481,4,0.16702000914729664,WLS,59,0.00043489876158817053
2,UPFC_Vsh,5-15,1.1082872128655967,4,1.1148215002084334,WLS,59,0.0065342873428366754
3,UPFC_tsh,5-15,-0.24665573162101176,4,-0.24664969256423613,WLS,59,6.039056775625218e-06
4,UPFC_Vse,5-15,0.06192603245195026,4,0.0615763253591027,WLS,59,0.0003497070928475607
5,UPFC_tse,5-15,-2.1876860093537087,4,-2.1788467009368127,WLS,59,0.008839308416896063
0,x_tcsc,1-14,-0.09642353996592146,5,-0.09645691778988322,WLS,59,3.337782396176103e-05
1,B_svc,2,0.16708300301996715,5,0.16702000914729664,WLS,59,6.29938726705026e-05
2,UPFC_Vsh,5-15,1.1087386652152134,5,1.1148215002084334,WLS,59,0.006082834993220043
3,UPFC_tsh,5-15,-0.24665449837214232,5,-0.24664969256423613,WLS,59,4.805807906183013e-06
4,UPFC_Vse,5-15,0.062457656487032255,5,0.0615763253591027,WLS,59,0.0008813311279295549
5,UPFC_tse,5-15,-2.188764055934344,5,-2.1788467009368127,WLS,59,0.009917354997531547
0,x_tcsc,1-14,-0.09645522290789556,6,-0.09645691778988322,WLS,59,1.6948819876599908e-06
1,B_svc,2,0.16690095596827142,6,0.16702000914729664,WLS,59,0.00011905317902521917
2,UPFC_Vsh,5-15,1.1082173781266798,6,1.1148215002084334,WLS,59,0.0066041220817536495
3,UPFC_tsh,5-15,-0.24663554184528108,6,-0.24664969256423613,WLS,59,1.415071895505271e-05
4,UPFC_Vse,5-15,0.061880665212948195,6,0.0615763253591027,WLS,59,0.000304339853845495
5,UPFC_tse,5-15,-2.1893864907531957,6,-2.1788467009368127,WLS,59,0.010539789816383038
0,x_tcsc,1-14,-0.0964318966370974,7,-0.09645691778988322,WLS,59,2.502115278581185e-05
1,B_svc,2,0.1672564483606495,7,0.16702000914729664,WLS,59,0.0002364392133528681
2,UPFC_Vsh,5-15,1.1083100052687127,7,1.1148215002084334,WLS,59,0.006511494939720697
3,UPFC_tsh,5-15,-0.24670826787757127,7,-0.24664969256423613,WLS,59,5.8575313335140766e-05
4,UPFC_Vse,5-15,0.062166603216052274,7,0.0615763253591027,WLS,59,0.000590277856949574
5,UPFC_tse,5-15,-2.184500831958974,7,-2.1788467009368127,WLS,59,0.0056541310221613905
0,x_tcsc,1-14,-0.09644466557245145,8,-0.09645691778988322,WLS,59,1.2252217431771295e-05
1,B_svc,2,0.1671418907045337,8,0.16702000914729664,WLS,59,0.00012188155723705241
2,UPFC_Vsh,5-15,1.1083550151405976,8,1.1148215002084334,WLS,59,0.006466485067835759
3,UPFC_tsh,5-15,-0.24660767542433154,8,-0.24664969256423613,WLS,59,4.2017139904593215e-05
4,UPFC_Vse,5-15,0.06273538766420685,8,0.0615763253591027,WLS,59,0.0011590623051041457
5,UPFC_tse,5-15,-2.183391066336101,8,-2.1788467009368127,WLS,59,0.004544365399288264
0,x_tcsc,1-14,-0.09643953050315719,9,-0.09645691778988322,WLS,59,1.738728672602552e-05
1,B_svc,2,0.1670966763108823,9,0.16702000914729664,WLS,59,7.666716358564751e-05
2,UPFC_Vsh,5-15,1.1083318526995924,9,1.1148215002084334,WLS,59,0.006489647508840957
3,UPFC_tsh,5-15,-0.2465600456212722,9,-0.24664969256423613,WLS,59,8.964694296392794e-05
4,UPFC_Vse,5-15,0.062231038429000095,9,0.0615763253591027,WLS,59,0.0006547130698973946
5,UPFC_tse,5-15,-2.1871941674755755,9,-2.1788467009368127,WLS,59,0.008347466538762838
0,x_tcsc,1-14,-0.09643252676928035,10,-0.09645691778988322,WLS,59,2.4391020602865243e-05
1,B_svc,2,0.16716694173563132,10,0.16702000914729664,WLS,59,0.00014693258833467504
2,UPFC_Vsh,5-15,1.1081528928014672,10,1.1148215002084334,WLS,59,0.006668607406966176
3,UPFC_tsh,5-15,-0.24662516510617805,10,-0.24664969256423613,WLS,59,2.452745805808787e-05
4,UPFC_Vse,5-15,0.062380731475818275,10,0.0615763253591027,WLS,59,0.0008044061167155753
5,UPFC_tse,5-15,-2.18364003023073,10,-2.1788467009368127,WLS,59,0.004793329293917292
0,x_tcsc,1-14,-0.09642897405174765,11,-0.09645691778988322,WLS,59,2.7943738135569052e-05
1,B_svc,2,0.16756032346578142,11,0.16702000914729664,WLS,59,0.0005403143184847803
2,UPFC_Vsh,5-15,1.1080092516735627,11,1.1148215002084334,WLS,59,0.006812248534870724
3,UPFC_tsh,5-15,-0.24661159410695407,11,-0.24664969256423613,WLS,59,3.809845728205974e-05
4,UPFC_Vse,5-15,0.0625380746342566,11,0.0615763253591027,WLS,59,0.0009617492751539045
5,UPFC_tse,5-15,-2.1868110526809588,11,-2.1788467009368127,WLS,59,0.007964351744146114
0,x_tcsc,1-14,-0.09643525336803797,12,-0.09645691778988322,WLS,59,2.1664421845243864e-05
1,B_svc,2,0.16702837627606806,12,0.16702000914729664,WLS,59,8.367128771419319e-06
2,UPFC_Vsh,5-15,1.1083116290529187,12,1.1148215002084334,WLS,59,0.006509871155514713
3,UPFC_tsh,5-15,-0.2466721709807376,12,-0.24664969256423613,WLS,59,2.247841650146465e-05
4,UPFC_Vse,5-15,0.06299933627049986,12,0.0615763253591027,WLS,59,0.0014230109113971615
5,UPFC_tse,5-15,-2.1846883364787835,12,-2.1788467009368127,WLS,59,0.005841635541970813
0,x_tcsc,1-14,-0.09644389009344138,13,-0.09645691778988322,WLS,59,1.3027696441833547e-05
1,B_svc,2,0.16725827594933107,13,0.16702000914729664,WLS,59,0.00023826680203442585
2,UPFC_Vsh,5-15,1.1085005997403061,13,1.1148215002084334,WLS,59,0.006320900468127277
3,UPFC_tsh,5-15,-0.24656296514045523,13,-0.24664969256423613,WLS,59,8.672742378090792e-05
4,UPFC_Vse,5-15,0.06182284748893806,13,0.0615763253591027,WLS,59,0.00024652212983535676
5,UPFC_tse,5-15,-2.190766347605196,13,-2.1788467009368127,WLS,59,0.011919646668383521
0,x_tcsc,1-14,-0.09644363880983133,14,-0.09645691778988322,WLS,59,1.327898005189232e-05
1,B_svc,2,0.16693018235525442,14,0.16702000914729664,WLS,59,8.982679204222466e-05
2,UPFC_Vsh,5-15,1.1084769873575373,14,1.1148215002084334,WLS,59,0.0063445128508961
3,UPFC_tsh,5-15,-0.24661131082210658,14,-0.24664969256423613,WLS,59,3.838174212955625e-05
4,UPFC_Vse,5-15,0.06194201176870931,14,0.0615763253591027,WLS,59,0.00036568640960660953
5,UPFC_tse,5-15,-2.1872955148718862,14,-2.1788467009368127,WLS,59,0.008448813935073574
0,x_tcsc,1-14,-0.09644278177302203,15,-0.09645691778988322,WLS,59,1.4136016861190925e-05
1,B_svc,2,0.16679639686267844,15,0.16702000914729664,WLS,59,0.00022361228461820204
2,UPFC_Vsh,5-15,1.1085068888436844,15,1.1148215002084334,WLS,59,0.006314611364748979
3,UPFC_tsh,5-15,-0.24653621696441233,15,-0.24664969256423613,WLS,59,0.00011347559982380351
4,UPFC_Vse,5-15,0.062031949339829265,15,0.0615763253591027,WLS,59,0.0004556239807265647
5,UPFC_tse,5-15,-2.1856286279055936,15,-2.1788467009368127,WLS,59,0.0067819269687809935
0,x_tcsc,1-14,-0.09643705637877505,16,-0.09645691778988322,WLS,59,1.98614111081713e-05
1,B_svc,2,0.16732009308250817,16,0.16702000914729664,WLS,59,0.0003000839352115259
2,UPFC_Vsh,5-15,1.1084888945749192,16,1.1148215002084334,WLS,59,0.006332605633514232
3,UPFC_tsh,5-15,-0.2466397277286468,16,-0.24664969256423613,WLS,59,9.964835589321153e-06
4,UPFC_Vse,5-15,0.061696508819967036,16,0.0615763253591027,WLS,59,0.00012018346086433568
5,UPFC_tse,5-15,-2.1906122766858744,16,-2.1788467009368127,WLS,59,0.011765575749061785
0,x_tcsc,1-14,-0.09643411973966884,17,-0.09645691778988322,WLS,59,2.279805021437875e-05
1,B_svc,2,0.16731531230337712,17,0.16702000914729664,WLS,59,0.00029530315608047863
2,UPFC_Vsh,5-15,1.1083924538011645,17,1.1148215002084334,WLS,59,0.006429046407268935
3,UPFC_tsh,5-15,-0.2466460717445659,17,-0.24664969256423613,WLS,59,3.620819670230313e-06
4,UPFC_Vse,5-15,0.06272368469674641,17,0.0615763253591027,WLS,59,0.0011473593376437122
5,UPFC_tse,5-15,-2.185764698999178,17,-2.1788467009368127,WLS,59,0.00691799806236526
0,x_tcsc,1-14,-0.0964532304854998,18,-0.09645691778988322,WLS,59,3.687304383423462e-06
1,B_svc,2,0.16685555755803905,18,0.16702000914729664,WLS,59,0.00016445158925759706
2,UPFC_Vsh,5-15,1.1086159672796654,18,1.1148215002084334,WLS,59,0.0062055329287680205
3,UPFC_tsh,5-15,-0.24656090708111633,18,-0.24664969256423613,WLS,59,8.878548311980206e-05
4,UPFC_Vse,5-15,0.06237807354011647,18,0.0615763253591027,WLS,59,0.0008017481810137714
5,UPFC_tse,5-15,-2.187016861372138,18,-2.1788467009368127,WLS,59,0.008170160435325258
0,x_tcsc,1-14,-0.09643751312190174,19,-0.09645691778988322,WLS,59,1.940466798147633e-05
1,B_svc,2,0.1667892263819039,19,0.16702000914729664,WLS,59,0.00023078276539273412
2,UPFC_Vsh,5-15,1.1081923959221482,19,1.1148215002084334,WLS,59,0.006629104286285159
3,UPFC_tsh,5-15,-0.246623653355332,19,-0.24664969256423613,WLS,59,2.6039208904121702e-05
4,UPFC_Vse,5-15,0.062349437287982624,19,0.0615763253591027,WLS,59,0.0007731119288799243
5,UPFC_tse,5-15,-2.1852693980870748,19,-2.1788467009368127,WLS,59,0.006422697150262113
0,x_tcsc,1-14,-0.09643728011330464,20,-0.09645691778988322,WLS,59,1.9637676578573848e-05
1,B_svc,2,0.16742958904245803,20,0.16702000914729664,WLS,59,0.0004095798951613827
2,UPFC_Vsh,5-15,1.1084511832369885,20,1.1148215002084334,WLS,59,0.006370316971444856
3,UPFC_tsh,5-15,-0.2466258027425171,20,-0.24664969256423613,WLS,59,2.3889821719025317e-05
4,UPFC_Vse,5-15,0.06177815349358702,20,0.0615763253591027,WLS,59,0.00020182813448432063
5,UPFC_tse,5-15,-2.1890565463766865,20,-2.1788467009368127,WLS,59,0.0102098454398738
0,x_tcsc,1-14,-0.09643924164091676,21,-0.09645691778988322,WLS,59,1.7676148966458416e-05
1,B_svc,2,0.1675460013292446,21,0.16702000914729664,WLS,59,0.0005259921819479596
2,UPFC_Vsh,5-15,1.1087498666954934,21,1.1148215002084334,WLS,59,0.0060716335129400445
3,UPFC_tsh,5-15,-0.2466490285530679,21,-0.24664969256423613,WLS,59,6.640111682443273e-07
4,UPFC_Vse,5-15,0.06207116003331967,21,0.0615763253591027,WLS,59,0.0004948346742169665
5,UPFC_tse,5-15,-2.188333971821069,21,-2.1788467009368127,WLS,59,0.009487270884256382
0,x_tcsc,1-14,-0.09644495154099451,22,-0.09645691778988322,WLS,59,1.1966248888703457e-05
1,B_svc,2,0.16686072112537928,22,0.16702000914729664,WLS,59,0.00015928802191736424
2,UPFC_Vsh,5-15,1.1082902719105134,22,1.1148215002084334,WLS,59,0.0065312282979199665
3,UPFC_tsh,5-15,-0.24656635326774362,22,-0.24664969256423613,WLS,59,8.333929649251282e-05
4,UPFC_Vse,5-15,0.0622971655609953,22,0.0615763253591027,WLS,59,0.0007208402018926002
5,UPFC_tse,5-15,-2.1871492706633453,22,-2.1788467009368127,WLS,59,0.00830256972653265
0,x_tcsc,1-14,-0.09644520352689588,23,-0.09645691778988322,WLS,59,1.1714262987336244e-05
1,B_svc,2,0.16748313904505657,23,0.16702000914729664,WLS,59,0.0004631298977599285
2,UPFC_Vsh,5-15,1.1084076888909218,23,1.1148215002084334,WLS,59,0.00641381131751162
3,UPFC_tsh,5-15,-0.2465981946412499,23,-0.24664969256423613,WLS,59,5.1497922986226685e-05
4,UPFC_Vse,5-15,0.062315106775752006,23,0.0615763253591027,WLS,59,0.0007387814166493062
5,UPFC_tse,5-15,-2.1874451937365227,23,-2.1788467009368127,WLS,59,0.008598492799710034
0,x_tcsc,1-14,-0.09643288541264032,24,-0.09645691778988322,WLS,59,2.4032377242896863e-05
1,B_svc,2,0.1674604742113121,24,0.16702000914729664,WLS,59,0.0004404650640154606
2,UPFC_Vsh,5-15,1.1083732257544368,24,1.1148215002084334,WLS,59,0.00644827445399665
3,UPFC_tsh,5-15,-0.24655303915435253,24,-0.24664969256423613,WLS,59,9.665340988360138e-05
4,UPFC_Vse,5-15,0.06254339792493684,24,0.0615763253591027,WLS,59,0.0009670725658341359
5,UPFC_tse,5-15,-2.189512033108853,24,-2.1788467009368127,WLS,59,0.010665332172040465
0,x_tcsc,1-14,-0.0964278636756573,25,-0.09645691778988322,WLS,59,2.905411422592097e-05
1,B_svc,2,0.16762243420304238,25,0.16702000914729664,WLS,59,0.0006024250557457311
2,UPFC_Vsh,5-15,1.1085996538680514,25,1.1148215002084334,WLS,59,0.006221846340382031
3,UPFC_tsh,5-15,-0.24663269777344896,25,-0.24664969256423613,WLS,59,1.6994790787178138e-05
4,UPFC_Vse,5-15,0.06219134827354527,25,0.0615763253591027,WLS,59,0.0006150229144425701
5,UPFC_tse,5-15,-2.18879853724777,25,-2.1788467009368127,WLS,59,0.009951836310957418
0,x_tcsc,1-14,-0.09644091282523537,26,-0.09645691778988322,WLS,59,1.600496464784773e-05
1,B_svc,2,0.16744272798900142,26,0.16702000914729664,WLS,59,0.0004227188417047778
2,UPFC_Vsh,5-15,1.108299950323642,26,1.1148215002084334,WLS,59,0.006521549884791478
3,UPFC_tsh,5-15,-0.24662715353153988,26,-0.24664969256423613,WLS,59,2.253903269625046e-05
4,UPFC_Vse,5-15,0.06193126564660423,26,0.0615763253591027,WLS,59,0.00035494028750152756
5,UPFC_tse,5-15,-2.186354908224604,26,-2.1788467009368127,WLS,59,0.007508207287791446
0,x_tcsc,1-14,-0.09643860945900931,27,-0.09645691778988322,WLS,59,1.8308330873906264e-05
1,B_svc,2,0.16713795620940364,27,0.16702000914729664,WLS,59,0.00011794706210699335
2,UPFC_Vsh,5-15,1.1082481287055126,27,1.1148215002084334,WLS,59,0.006573371502920811
3,UPFC_tsh,5-15,-0.2466179056459323,27,-0.24664969256423613,WLS,59,3.178691830382774e-05
4,UPFC_Vse,5-15,0.06193632869478233,27,0.0615763253591027,WLS,59,0.00036000333567962756
5,UPFC_tse,5-15,-2.1904338161102648,27,-2.1788467009368127,WLS,59,0.011587115173452123
0,x_tcsc,1-14,-0.09644379769466645,28,-0.09645691778988322,WLS,59,1.3120095216770378e-05
1,B_svc,2,0.16707178590897154,28,0.16702000914729664,WLS,59,5.17767616748932e-05
2,UPFC_Vsh,5-15,1.108279372614776,28,1.1148215002084334,WLS,59,0.006542127593657465
3,UPFC_tsh,5-15,-0.24659106687373264,28,-0.24664969256423613,WLS,59,5.862569050349431e-05
4,UPFC_Vse,5-15,0.062296698365847,28,0.0615763253591027,WLS,59,0.0007203730067443029
5,UPFC_tse,5-15,-2.187609328836613,28,-2.1788467009368127,WLS,59,0.008762627899800535
0,x_tcsc,1-14,-0.0964335699989889,29,-0.09645691778988322,WLS,59,2.3347790894315268e-05
1,B_svc,2,0.16710980793922817,29,0.16702000914729664,WLS,59,8.97987919315224e-05
2,UPFC_Vsh,5-15,1.1082708506962469,29,1.1148215002084334,WLS,59,0.006550649512186535
3,UPFC_tsh,5-15,-0.24665953748997324,29,-0.24664969256423613,WLS,59,9.844925737106935e-06
4,UPFC_Vse,5-15,0.06212528707204024,29,0.0615763253591027,WLS,59,0.0005489617129375429
5,UPFC_tse,5-15,-2.189485918750759,29,-2.1788467009368127,WLS,59,0.010639217813946278
0,x_tcsc,1-14,-0.09643356661648676,30,-0.09645691778988322,WLS,59,2.335117339645476e-05
1,B_svc,2,0.16722627028548895,30,0.16702000914729664,WLS,59,0.00020626113819230407
2,UPFC_Vsh,5-15,1.108273308341196,30,1.1148215002084334,WLS,59,0.0065481918672374295
3,UPFC_tsh,5-15,-0.2466175897909056,30,-0.24664969256423613,WLS,59,3.2102773330544565e-05
4,UPFC_Vse,5-15,0.06256355803508712,30,0.0615763253591027,WLS,59,0.0009872326759844188
5,UPFC_tse,5-15,-2.188463112480666,30,-2.1788467009368127,WLS,59,0.00961641154385351
0,x_tcsc,1-14,-0.09644372802235274,31,-0.09645691778988322,WLS,59,1.31897675304804e-05
1,B_svc,2,0.16705663072134647,31,0.16702000914729664,WLS,59,3.6621574049822136e-05
2,UPFC_Vsh,5-15,1.108449693458938,31,1.1148215002084334,WLS,59,0.0063718067494953345
3,UPFC_tsh,5-15,-0.246654378461673,31,-0.24664969256423613,WLS,59,4.685897436879083e-06
4,UPFC_Vse,5-15,0.06242496108406972,31,0.0615763253591027,WLS,59,0.0008486357249670173
5,UPFC_tse,5-15,-2.187999762639955,31,-2.1788467009368127,WLS,59,0.009153061703142562
0,x_tcsc,1-14,-0.09643635796328752,32,-0.09645691778988322,WLS,59,2.0559826595697994e-05
1,B_svc,2,0.16737672651711208,32,0.16702000914729664,WLS,59,0.00035671736981543467
2,UPFC_Vsh,5-15,1.1082850552007388,32,1.1148215002084334,WLS,59,0.006536445007694569
3,UPFC_tsh,5-15,-0.246554302273843,32,-0.24664969256423613,WLS,59,9.539029039312696e-05
4,UPFC_Vse,5-15,0.06223541749919716,32,0.0615763253591027,WLS,59,0.0006590921400944569
5,UPFC_tse,5-15,-2.187069910187967,32,-2.1788467009368127,WLS,59,0.008223209251154273
0,x_tcsc,1-14,-0.09643688445282991,33,-0.09645691778988322,WLS,59,2.0033337053304567e-05
1,B_svc,2,0.16691827845311427,33,0.16702000914729664,WLS,59,0.00010173069418237257
2,UPFC_Vsh,5-15,1.108414298733265,33,1.1148215002084334,WLS,59,0.006407201475168378
3,UPFC_tsh,5-15,-0.24661016206083622,33,-0.24664969256423613,WLS,59,3.953050339991493e-05
4,UPFC_Vse,5-15,0.06212074857239009,33,0.0615763253591027,WLS,59,0.00054442321328739
5,UPFC_tse,5-15,-2.1878188560264453,33,-2.1788467009368127,WLS,59,0.008972155089632672
0,x_tcsc,1-14,-0.09645386412254307,34,-0.09645691778988322,WLS,59,3.0536673401443393e-06
1,B_svc,2,0.1672524791773555,34,0.16702000914729664,WLS,59,0.0002324700300588567
2,UPFC_Vsh,5-15,1.108354543909469,34,1.1148215002084334,WLS,59,0.0064669562989643214
3,UPFC_tsh,5-15,-0.2466238832145676,34,-0.24664969256423613,WLS,59,2.5809349668531878e-05
4,UPFC_Vse,5-15,0.06278035578611517,34,0.0615763253591027,WLS,59,0.0012040304270124688
5,UPFC_tse,5-15,-2.183333481461632,34,-2.1788467009368127,WLS,59,0.004486780524819434
0,x_tcsc,1-14,-0.0964426511845592,35,-0.09645691778988322,WLS,59,1.4266605324012027e-05
1,B_svc,2,0.1674934011559745,35,0.16702000914729664,WLS,59,0.00047339200867785314
2,UPFC_Vsh,5-15,1.1085851293584783,35,1.1148215002084334,WLS,59,0.006236370849955097
3,UPFC_tsh,5-15,-0.2465691121645204,35,-0.24664969256423613,WLS,59,8.05803997157295e-05
4,UPFC_Vse,5-15,0.06265755061462193,35,0.0615763253591027,WLS,59,0.001081225255519229
5,UPFC_tse,5-15,-2.1861946030601196,35,-2.1788467009368127,WLS,59,0.0073479021233069375
0,x_tcsc,1-14,-0.09644292058219261,36,-0.09645691778988322,WLS,59,1.3997207690602531e-05
1,B_svc,2,0.16724528061774105,36,0.16702000914729664,WLS,59,0.00022527147044440476
2,UPFC_Vsh,5-15,1.108259061349408,36,1.1148215002084334,WLS,59,0.006562438859025299
3,UPFC_tsh,5-15,-0.24666008641660478,36,-0.24664969256423613,WLS,59,1.0393852368645318e-05
4,UPFC_Vse,5-15,0.062064847315144236,36,0.0615763253591027,WLS,59,0.0004885219560415363
5,UPFC_tse,5-15,-2.188058854826753,36,-2.1788467009368127,WLS,59,0.009212153889940566
0,x_tcsc,1-14,-0.09644373644802569,37,-0.09645691778988322,WLS,59,1.3181341857529394e-05
1,B_svc,2,0.16671145439590176,37,0.16702000914729664,WLS,59,0.0003085547513948794
2,UPFC_Vsh,5-15,1.1083800429868258,37,1.1148215002084334,WLS,59,0.006441457221607605
3,UPFC_tsh,5-15,-0.24658124025504946,37,-0.24664969256423613,WLS,59,6.845230918667289e-05
4,UPFC_Vse,5-15,0.06178770785055993,37,0.0615763253591027,WLS,59,0.0002113824914572321
5,UPFC_tse,5-15,-2.190572439619131,37,-2.1788467009368127,WLS,59,0.011725738682318188
0,x_tcsc,1-14,-0.09643343376250013,38,-0.09645691778988322,WLS,59,2.348402738308608e-05
1,B_svc,2,0.16652494379185415,38,0.16702000914729664,WLS,59,0.0004950653554424977
2,UPFC_Vsh,5-15,1.1081617239860504,38,1.1148215002084334,WLS,59,0.006659776222383007
3,UPFC_tsh,5-15,-0.2465737302370754,38,-0.24664969256423613,WLS,59,7.596232716072793e-05
4,UPFC_Vse,5-15,0.062050562496360685,38,0.0615763253591027,WLS,59,0.0004742371372579851
5,UPFC_tse,5-15,-2.1847991843845747,38,-2.1788467009368127,WLS,59,0.0059524834477620026
0,x_tcsc,1-14,-0.09644804916825714,39,-0.09645691778988322,WLS,59,8.868621626079154e-06
1,B_svc,2,0.16702532864312836,39,0.16702000914729664,WLS,59,5.319495831712651e-06
2,UPFC_Vsh,5-15,1.108497317881474,39,1.1148215002084334,WLS,59,0.0063241823269593045
3,UPFC_tsh,5-15,-0.2465315909618347,39,-0.24664969256423613,WLS,59,0.00011810160240144363
4,UPFC_Vse,5-15,0.06199204700974757,39,0.0615763253591027,WLS,59,0.00041572165064487215
5,UPFC_tse,5-15,-2.186015958764219,39,-2.1788467009368127,WLS,59,0.007169257827406295
0,x_tcsc,1-14,-0.09645614788303289,40,-0.09645691778988322,WLS,59,7.699068503286277e-07
1,B_svc,2,0.1664821866235663,40,0.16702000914729664,WLS,59,0.000537822523730358
2,UPFC_Vsh,5-15,1.1082120623467016,40,1.1148215002084334,WLS,59,0.006609437861731848
3,UPFC_tsh,5-15,-0.2466576404855678,40,-0.24664969256423613,WLS,59,7.947921331658003e-06
4,UPFC_Vse,5-15,0.06236045860338787,40,0.0615763253591027,WLS,59,0.0007841332442851678
5,UPFC_tse,5-15,-2.186140976719178,40,-2.1788467009368127,WLS,59,0.0072942757823653
0,x_tcsc,1-14,-0.09644210171534072,41,-0.09645691778988322,WLS,59,1.4816074542498003e-05
1,B_svc,2,0.16723591727135936,41,0.16702000914729664,WLS,59,0.0002159081240627192
2,UPFC_Vsh,5-15,1.108577523085524,41,1.1148215002084334,WLS,59,0.006243977122909472
3,UPFC_tsh,5-15,-0.24658764481520307,41,-0.24664969256423613,WLS,59,6.204774903306731e-05
4,UPFC_Vse,5-15,0.062363878236298805,41,0.0615763253591027,WLS,59,0.0007875528771961043
5,UPFC_tse,5-15,-2.1878418147150285,41,-2.1788467009368127,WLS,59,0.008995113778215824
0,x_tcsc,1-14,-0.09644664405034846,42,-0.09645691778988322,WLS,59,1.0273739534757964e-05
1,B_svc,2,0.167061166376832,42,0.16702000914729664,WLS,59,4.115722953534906e-05
2,UPFC_Vsh,5-15,1.1080235950012252,42,1.1148215002084334,WLS,59,0.0067979052072082435
3,UPFC_tsh,5-15,-0.2465984760957484,42,-0.24664969256423613,WLS,59,5.121646848774142e-05
4,UPFC_Vse,5-15,0.06209197390220007,42,0.0615763253591027,WLS,59,0.0005156485430973731
5,UPFC_tse,5-15,-2.187374301641066,42,-2.1788467009368127,WLS,59,0.008527600704253402
0,x_tcsc,1-14,-0.0964420376363407,43,-0.09645691778988322,WLS,59,1.4880153542520813e-05
1,B_svc,2,0.1672615101238488,43,0.16702000914729664,WLS,59,0.0002415009765521503
2,UPFC_Vsh,5-15,1.108380363901069,43,1.1148215002084334,WLS,59,0.006441136307364426
3,UPFC_tsh,5-15,-0.2466481762756461,43,-0.24664969256423613,WLS,59,1.516288590019954e-06
4,UPFC_Vse,5-15,0.0625465633868553,43,0.0615763253591027,WLS,59,0.0009702380277525971
5,UPFC_tse,5-15,-2.1891726680430312,43,-2.1788467009368127,WLS,59,0.010325967106218581
0,x_tcsc,1-14,-0.09644797018373995,44,-0.09645691778988322,WLS,59,8.947606143269726e-06
1,B_svc,2,0.16749309192648637,44,0.16702000914729664,WLS,59,0.0004730827791897263
2,UPFC_Vsh,5-15,1.1086703563617166,44,1.1148215002084334,WLS,59,0.006151143846716778
3,UPFC_tsh,5-15,-0.24662839086568344,44,-0.24664969256423613,WLS,59,2.1301698552689263e-05
4,UPFC_Vse,5-15,0.06284526601155183,44,0.0615763253591027,WLS,59,0.0012689406524491256
5,UPFC_tse,5-15,-2.1845640790049123,44,-2.1788467009368127,WLS,59,0.005717378068099688
0,x_tcsc,1-14,-0.09642965247890956,45,-0.09645691778988322,WLS,59,2.7265310973662027e-05
1,B_svc,2,0.1674507534489759,45,0.16702000914729664,WLS,59,0.0004307443016792478
2,UPFC_Vsh,5-15,1.1082855343041773,45,1.1148215002084334,WLS,59,0.006535965904256091
3,UPFC_tsh,5-15,-0.24668636947332742,45,-0.24664969256423613,WLS,59,3.6676909091287735e-05
4,UPFC_Vse,5-15,0.0625556695355976,45,0.0615763253591027,WLS,59,0.000979344176494902
5,UPFC_tse,5-15,-2.188166217923664,45,-2.1788467009368127,WLS,59,0.009319516986851184
0,x_tcsc,1-14,-0.0964463412169062,46,-0.09645691778988322,WLS,59,1.0576572977011311e-05
1,B_svc,2,0.16710232595177515,46,0.16702000914729664,WLS,59,8.231680447851053e-05
2,UPFC_Vsh,5-15,1.1085797280048668,46,1.1148215002084334,WLS,59,0.006241772203566587
3,UPFC_tsh,5-15,-0.24653123269749008,46,-0.24664969256423613,WLS,59,0.00011845986674605125
4,UPFC_Vse,5-15,0.062312957630834574,46,0.0615763253591027,WLS,59,0.0007366322717318741
5,UPFC_tse,5-15,-2.1854667321827432,46,-2.1788467009368127,WLS,59,0.00662003124593058
0,x_tcsc,1-14,-0.09644080082407123,47,-0.09645691778988322,WLS,59,1.611696581198252e-05
1,B_svc,2,0.1668609882185794,47,0.16702000914729664,WLS,59,0.0001590209287172517
2,UPFC_Vsh,5-15,1.1084527910497728,47,1.1148215002084334,WLS,59,0.006368709158660613
3,UPFC_tsh,5-15,-0.2466075271188739,47,-0.24664969256423613,WLS,59,4.216544536222999e-05
4,UPFC_Vse,5-15,0.06213887418581502,47,0.0615763253591027,WLS,59,0.0005625488267123196
5,UPFC_tse,5-15,-2.190239438762869,47,-2.1788467009368127,WLS,59,0.011392737826056543
0,x_tcsc,1-14,-0.09644235773758608,48,-0.09645691778988322,WLS,59,1.456005229713564e-05
1,B_svc,2,0.16700678227326707,48,0.16702000914729664,WLS,59,1.3226874029576008e-05
2,UPFC_Vsh,5-15,1.1082990875117669,48,1.1148215002084334,WLS,59,0.006522412696666535
3,UPFC_tsh,5-15,-0.24662621249660488,48,-0.24664969256423613,WLS,59,2.3480067631254098e-05
4,UPFC_Vse,5-15,0.06197022575033868,48,0.0615763253591027,WLS,59,0.00039390039123597675
5,UPFC_tse,5-15,-2.1885126626872458,48,-2.1788467009368127,WLS,59,0.009665961750433105
0,x_tcsc,1-14,-0.09644611454970356,49,-0.09645691778988322,WLS,59,1.0803240179657614e-05
1,B_svc,2,0.16754764309650522,49,0.16702000914729664,WLS,59,0.0005276339492085724
2,UPFC_Vsh,5-15,1.108149048220981,49,1.1148215002084334,WLS,59,0.006672451987452366
3,UPFC_tsh,5-15,-0.24661423805374616,49,-0.24664969256423613,WLS,59,3.5454510489973945e-05
4,UPFC_Vse,5-15,0.0619140554138498,49,0.0615763253591027,WLS,59,0.0003377300547470971
5,UPFC_tse,5-15,-2.1880053432028257,49,-2.1788467009368127,WLS,59,0.00915864226601304
0,x_tcsc,1-14,-0.0964450915061651,50,-0.09645691778988322,WLS,59,1.1826283718111008e-05
1,B_svc,2,0.16699251588997194,50,0.16702000914729664,WLS,59,2.7493257324706644e-05
2,UPFC_Vsh,5-15,1.108131595235689,50,1.1148215002084334,WLS,59,0.006689904972744465
3,UPFC_tsh,5-15,-0.24661010210520756,50,-0.24664969256423613,WLS,59,3.959045902857117e-05
4,UPFC_Vse,5-15,0.06259013653999916,50,0.0615763253591027,WLS,59,0.0010138111808964609
5,UPFC_tse,5-15,-2.187261915467722,50,-2.1788467009368127,WLS,59,0.00841521453090932
0,x_tcsc,1-14,-0.09643765784318259,51,-0.09645691778988322,WLS,59,1.925994670062825e-05
1,B_svc,2,0.16729782545500002,51,0.16702000914729664,WLS,59,0.00027781630770337684
2,UPFC_Vsh,5-15,1.1085699785662342,51,1.1148215002084334,WLS,59,0.00625152164219922
3,UPFC_tsh,5-15,-0.24661191714207126,51,-0.24664969256423613,WLS,59,3.777542216487628e-05
4,UPFC_Vse,5-15,0.062243035810709314,51,0.0615763253591027,WLS,59,0.0006667104516066141
5,UPFC_tse,5-15,-2.1884197926343787,51,-2.1788467009368127,WLS,59,0.009573091697566039
0,x_tcsc,1-14,-0.09644267246547572,52,-0.09645691778988322,WLS,59,1.4245324407496929e-05
1,B_svc,2,0.1675529205270442,52,0.16702000914729664,WLS,59,0.0005329113797475638
2,UPFC_Vsh,5-15,1.108530164252874,52,1.1148215002084334,WLS,59,0.006291335955559418
3,UPFC_tsh,5-15,-0.24659632756537328,52,-0.24664969256423613,WLS,59,5.336499886285373e-05
4,UPFC_Vse,5-15,0.06253518254911834,52,0.0615763253591027,WLS,59,0.0009588571900156426
5,UPFC_tse,5-15,-2.18695122671314,52,-2.1788467009368127,WLS,59,0.008104525776327254
0,x_tcsc,1-14,-0.09642579156162134,53,-0.09645691778988322,WLS,59,3.1126228261874056e-05
1,B_svc,2,0.16705621576391155,53,0.16702000914729664,WLS,59,3.620661661490887e-05
2,UPFC_Vsh,5-15,1.1084674837797628,53,1.1148215002084334,WLS,59,0.006354016428670617
3,UPFC_tsh,5-15,-0.24651888706892136,53,-0.24664969256423613,WLS,59,0.00013080549531477303
4,UPFC_Vse,5-15,0.06229187528484864,53,0.0615763253591027,WLS,59,0.0007155499257459411
5,UPFC_tse,5-15,-2.1850263512997725,53,-2.1788467009368127,WLS,59,0.006179650362959865
0,x_tcsc,1-14,-0.09644296092755006,54,-0.09645691778988322,WLS,59,1.3956862333158737e-05
1,B_svc,2,0.16726689327978442,54,0.16702000914729664,WLS,59,0.0002468841324877735
2,UPFC_Vsh,5-15,1.1086241433928838,54,1.1148215002084334,WLS,59,0.0061973568155495595
3,UPFC_tsh,5-15,-0.24660878546888726,54,-0.24664969256423613,WLS,59,4.090709534887438e-05
4,UPFC_Vse,5-15,0.062421367856743494,54,0.0615763253591027,WLS,59,0.0008450424976407939
5,UPFC_tse,5-15,-2.1877900294059898,54,-2.1788467009368127,WLS,59,0.008943328469177114
0,x_tcsc,1-14,-0.09643274682284718,55,-0.09645691778988322,WLS,59,2.4170967036038493e-05
1,B_svc,2,0.1676839881047545,55,0.16702000914729664,WLS,59,0.0006639789574578447
2,UPFC_Vsh,5-15,1.1084222979409077,55,1.1148215002084334,WLS,59,0.006399202267525661
3,UPFC_tsh,5-15,-0.24666641635706188,55,-0.24664969256423613,WLS,59,1.6723792825745765e-05
4,UPFC_Vse,5-15,0.0627696585227855,55,0.0615763253591027,WLS,59,0.0011933331636828012
5,UPFC_tse,5-15,-2.188672547105246,55,-2.1788467009368127,WLS,59,0.009825846168433294
0,x_tcsc,1-14,-0.09645018384154987,56,-0.09645691778988322,WLS,59,6.73394833335117e-06
1,B_svc,2,0.16740625958170893,56,0.16702000914729664,WLS,59,0.00038625043441228857
2,UPFC_Vsh,5-15,1.1082041537804022,56,1.1148215002084334,WLS,59,0.0066173464280312455
3,UPFC_tsh,5-15,-0.24659541785452777,56,-0.24664969256423613,WLS,59,5.427470970836845e-05
4,UPFC_Vse,5-15,0.06174713915683096,56,0.0615763253591027,WLS,59,0.00017081379772825728
5,UPFC_tse,5-15,-2.1872735158896095,56,-2.1788467009368127,WLS,59,0.008426814952796846
0,x_tcsc,1-14,-0.09643274501180331,57,-0.09645691778988322,WLS,59,2.417277807990892e-05
1,B_svc,2,0.16742258008097455,57,0.16702000914729664,WLS,59,0.00040257093367790375
2,UPFC_Vsh,5-15,1.1082449521693076,57,1.1148215002084334,WLS,59,0.006576548039125774
3,UPFC_tsh,5-15,-0.24667363531934425,57,-0.24664969256423613,WLS,59,2.3942755108113944e-05
4,UPFC_Vse,5-15,0.0619474358607342,57,0.0615763253591027,WLS,59,0.0003711105016315011
5,UPFC_tse,5-15,-2.184811163264067,57,-2.1788467009368127,WLS,59,0.0059644623272543384
0,x_tcsc,1-14,-0.0964462576614235,58,-0.09645691778988322,WLS,59,1.066012845971076e-05
1,B_svc,2,0.16709806320706835,58,0.16702000914729664,WLS,59,7.805405977170943e-05
2,UPFC_Vsh,5-15,1.1081370137397262,58,1.1148215002084334,WLS,59,0.006684486468707229
3,UPFC_tsh,5-15,-0.2466304147372255,58,-0.24664969256423613,WLS,59,1.9277827010638626e-05
4,UPFC_Vse,5-15,0.06247996008721235,58,0.0615763253591027,WLS,59,0.0009036347281096493
5,UPFC_tse,5-15,-2.1861994007937837,58,-2.1788467009368127,WLS,59,0.007352699856971068
0,x_tcsc,1-14,-0.09644235856157449,59,-0.09645691778988322,WLS,59,1.4559228308730354e-05
1,B_svc,2,0.1670580347918283,59,0.16702000914729664,WLS,59,3.802564453164736e-05
2,UPFC_Vsh,5-15,1.1082615642045643,59,1.1148215002084334,WLS,59,0.00655993600386906
3,UPFC_tsh,5-15,-0.2466830042783093,59,-0.24664969256423613,WLS,59,3.3311714073169796e-05
4,UPFC_Vse,5-15,0.06227677281367798,59,0.0615763253591027,WLS,59,0.0007004474545752801
5,UPFC_tse,5-15,-2.1877590526953825,59,-2.1788467009368127,WLS,59,0.008912351758569859
0,x_tcsc,1-14,-0.09643553047474047,60,-0.09645691778988322,WLS,59,2.1387315142742946e-05
1,B_svc,2,0.16762386617000405,60,0.16702000914729664,WLS,59,0.0006038570227074047
2,UPFC_Vsh,5-15,1.1081454225818663,60,1.1148215002084334,WLS,59,0.0066760776265670785
3,UPFC_tsh,5-15,-0.24664118544023664,60,-0.24664969256423613,WLS,59,8.507123999496047e-06
4,UPFC_Vse,5-15,0.06209156281521919,60,0.0615763253591027,WLS,59,0.0005152374561164866
5,UPFC_tse,5-15,-2.188205770081445,60,-2.1788467009368127,WLS,59,0.009359069144632137
0,x_tcsc,1-14,-0.09644370743353614,61,-0.09645691778988322,WLS,59,1.3210356347076457e-05
1,B_svc,2,0.1670739130146069,61,0.16702000914729664,WLS,59,5.3903867310245435e-05
2,UPFC_Vsh,5-15,1.1084603511153013,61,1.1148215002084334,WLS,59,0.0063611490931321235
3,UPFC_tsh,5-15,-0.2466460295264865,61,-0.24664969256423613,WLS,59,3.663037749623843e-06
4,UPFC_Vse,5-15,0.06259964731914008,61,0.0615763253591027,WLS,59,0.0010233219600373836
5,UPFC_tse,5-15,-2.185695095300853,61,-2.1788467009368127,WLS,59,0.006848394364040278
0,x_tcsc,1-14,-0.09643141047638479,62,-0.09645691778988322,WLS,59,2.5507313498429607e-05
1,B_svc,2,0.1668138903569891,62,0.16702000914729664,WLS,59,0.00020611879030754676
2,UPFC_Vsh,5-15,1.1085380574261903,62,1.1148215002084334,WLS,59,0.006283442782243132
3,UPFC_tsh,5-15,-0.24658583739722437,62,-0.24664969256423613,WLS,59,6.385516701176708e-05
4,UPFC_Vse,5-15,0.06207723753474844,62,0.0615763253591027,WLS,59,0.0005009121756457402
5,UPFC_tse,5-15,-2.190103421364861,62,-2.1788467009368127,WLS,59,0.011256720428048261
0,x_tcsc,1-14,-0.09643542475610123,63,-0.09645691778988322,WLS,59,2.1493033781988524e-05
1,B_svc,2,0.16699394347910487,63,0.16702000914729664,WLS,59,2.6065668191771474e-05
2,UPFC_Vsh,5-15,1.1083906384088584,63,1.1148215002084334,WLS,59,0.006430861799574972
3,UPFC_tsh,5-15,-0.24663110851981587,63,-0.24664969256423613,WLS,59,1.858404442026118e-05
4,UPFC_Vse,5-15,0.06175241143071459,63,0.0615763253591027,WLS,59,0.00017608607161188894
5,UPFC_tse,5-15,-2.1878769162434644,63,-2.1788467009368127,WLS,59,0.009030215306651712
0,x_tcsc,1-14,-0.0964499850473919,64,-0.09645691778988322,WLS,59,6.932742491319588e-06
1,B_svc,2,0.1670229247142289,64,0.16702000914729664,WLS,59,2.915566932243374e-06
2,UPFC_Vsh,5-15,1.1080557484588944,64,1.1148215002084334,WLS,59,0.006765751749538973
3,UPFC_tsh,5-15,-0.24662431881652988,64,-0.24664969256423613,WLS,59,2.5373747706253225e-05
4,UPFC_Vse,5-15,0.062178739130640155,64,0.0615763253591027,WLS,59,0.000602413771537455
5,UPFC_tse,5-15,-2.187495549793509,64,-2.1788467009368127,WLS,59,0.008648848856696478
0,x_tcsc,1-14,-0.09643848049558669,65,-0.09645691778988322,WLS,59,1.843729429652774e-05
1,B_svc,2,0.16749632898608005,65,0.16702000914729664,WLS,59,0.00047631983878340667
2,UPFC_Vsh,5-15,1.1080183879773005,65,1.1148215002084334,WLS,59,0.006803112231132946
3,UPFC_tsh,5-15,-0.24660121302027377,65,-0.24664969256423613,WLS,59,4.847954396236531e-05
4,UPFC_Vse,5-15,0.06211753479250892,65,0.0615763253591027,WLS,59,0.0005412094334062215
5,UPFC_tse,5-15,-2.19127177669957,65,-2.1788467009368127,WLS,59,0.01242507576275731
0,x_tcsc,1-14,-0.09643706098379409,66,-0.09645691778988322,WLS,59,1.9856806089124657e-05
1,B_svc,2,0.16738635805850613,66,0.16702000914729664,WLS,59,0.0003663489112094853
2,UPFC_Vsh,5-15,1.1082897629643034,66,1.1148215002084334,WLS,59,0.006531737244130031
3,UPFC_tsh,5-15,-0.2466331419149803,66,-0.24664969256423613,WLS,59,1.6550649255847594e-05
4,UPFC_Vse,5-15,0.06254792493416811,66,0.0615763253591027,WLS,59,0.0009715995750654086
5,UPFC_tse,5-15,-2.184188992265583,66,-2.1788467009368127,WLS,59,0.005342291328770177
0,x_tcsc,1-14,-0.0964406585403321,67,-0.09645691778988322,WLS,59,1.6259249551120458e-05
1,B_svc,2,0.16731147659582207,67,0.16702000914729664,WLS,59,0.0002914674485254287
2,UPFC_Vsh,5-15,1.1084709198621727,67,1.1148215002084334,WLS,59,0.006350580346260681
3,UPFC_tsh,5-15,-0.2466336041095381,67,-0.24664969256423613,WLS,59,1.6088454698026666e-05
4,UPFC_Vse,5-15,0.06243116558904934,67,0.0615763253591027,WLS,59,0.0008548402299466407
5,UPFC_tse,5-15,-2.186177541998372,67,-2.1788467009368127,WLS,59,0.007330841061559568
0,x_tcsc,1-14,-0.09643716189616171,68,-0.09645691778988322,WLS,59,1.9755893721509765e-05
1,B_svc,2,0.16736632985432012,68,0.16702000914729664,WLS,59,0.0003463207070234786
2,UPFC_Vsh,5-15,1.1083854800137452,68,1.1148215002084334,WLS,59,0.006436020194688252
3,UPFC_tsh,5-15,-0.24657745909680429,68,-0.24664969256423613,WLS,59,7.223346743184811e-05
4,UPFC_Vse,5-15,0.061764525985769564,68,0.0615763253591027,WLS,59,0.0001882006266668637
5,UPFC_tse,5-15,-2.1861266039102296,68,-2.1788467009368127,WLS,59,0.007279902973416963
0,x_tcsc,1-14,-0.09644656772476683,69,-0.09645691778988322,WLS,59,1.0350065116390694e-05
1,B_svc,2,0.16703919727506858,69,0.16702000914729664,WLS,59,1.9188127771935237e-05
2,UPFC_Vsh,5-15,1.1082165498664238,69,1.1148215002084334,WLS,59,0.006604950342009586
3,UPFC_tsh,5-15,-0.24669964400690783,69,-0.24664969256423613,WLS,59,4.995144267169738e-05
4,UPFC_Vse,5-15,0.0618383403055429,69,0.0615763253591027,WLS,59,0.0002620149464402019
5,UPFC_tse,5-15,-2.18776437893286,69,-2.1788467009368127,WLS,59,0.008917677996047146
0,x_tcsc,1-14,-0.09645220094140294,70,-0.09645691778988322,WLS,59,4.716848480273983e-06
1,B_svc,2,0.16677819597515708,70,0.16702000914729664,WLS,59,0.00024181317213956
2,UPFC_Vsh,5-15,1.1084165393013259,70,1.1148215002084334,WLS,59,0.006404960907107515
3,UPFC_tsh,5-15,-0.24657253469250626,70,-0.24664969256423613,WLS,59,7.715787172987709e-05
4,UPFC_Vse,5-15,0.06196878588129003,70,0.0615763253591027,WLS,59,0.0003924605221873323
5,UPFC_tse,5-15,-2.186507123845165,70,-2.1788467009368127,WLS,59,0.007660422908352338
0,x_tcsc,1-14,-0.09644554329343066,71,-0.09645691778988322,WLS,59,1.1374496452554173e-05
1,B_svc,2,0.16725929787270058,71,0.16702000914729664,WLS,59,0.00023928872540393553
2,UPFC_Vsh,5-15,1.1085378165708344,71,1.1148215002084334,WLS,59,0.0062836836375990135
3,UPFC_tsh,5-15,-0.24661062412475654,71,-0.24664969256423613,WLS,59,3.906843947959482e-05
4,UPFC_Vse,5-15,0.06264554143649001,71,0.0615763253591027,WLS,59,0.0010692160773873097
5,UPFC_tse,5-15,-2.183909497291685,71,-2.1788467009368127,WLS,59,0.00506279635487239
0,x_tcsc,1-14,-0.09645092937922117,72,-0.09645691778988322,WLS,59,5.988410662044474e-06
1,B_svc,2,0.16681355136583792,72,0.16702000914729664,WLS,59,0.0002064577814587243
2,UPFC_Vsh,5-15,1.1084580010341165,72,1.1148215002084334,WLS,59,0.006363499174316889
3,UPFC_tsh,5-15,-0.24664262382619787,72,-0.24664969256423613,WLS,59,7.068738038268352e-06
4,UPFC_Vse,5-15,0.06225894200364485,72,0.0615763253591027,WLS,59,0.0006826166445421528
5,UPFC_tse,5-15,-2.1879011609600596,72,-2.1788467009368127,WLS,59,0.009054460023246946
0,x_tcsc,1-14,-0.09644035131607227,73,-0.09645691778988322,WLS,59,1.656647381094445e-05
1,B_svc,2,0.16759618827288592,73,0.16702000914729664,WLS,59,0.0005761791255892712
2,UPFC_Vsh,5-15,1.1086606209216017,73,1.1148215002084334,WLS,59,0.006160879286831733
3,UPFC_tsh,5-15,-0.24657137897692455,73,-0.24664969256423613,WLS,59,7.831358731158478e-05
4,UPFC_Vse,5-15,0.062190861081293236,73,0.0615763253591027,WLS,59,0.0006145357221905359
5,UPFC_tse,5-15,-2.1882260356181185,73,-2.1788467009368127,WLS,59,0.009379334681305806
0,x_tcsc,1-14,-0.0964446270588655,74,-0.09645691778988322,WLS,59,1.2290731017716716e-05
1,B_svc,2,0.1674316473527611,74,0.16702000914729664,WLS,59,0.00041163820546444296
2,UPFC_Vsh,5-15,1.108273390753865,74,1.1148215002084334,WLS,59,0.006548109454568296
3,UPFC_tsh,5-15,-0.2466184416148863,74,-0.24664969256423613,WLS,59,3.1250949349831414e-05
4,UPFC_Vse,5-15,0.062155569438777765,74,0.0615763253591027,WLS,59,0.0005792440796750647
5,UPFC_tse,5-15,-2.188651280688666,74,-2.1788467009368127,WLS,59,0.00980457975185356
0,x_tcsc,1-14,-0.09644518240695307,75,-0.09645691778988322,WLS,59,1.1735382930144755e-05
1,B_svc,2,0.1674708234410943,75,0.16702000914729664,WLS,59,0.0004508142937976467
2,UPFC_Vsh,5-15,1.108057267999275,75,1.1148215002084334,WLS,59,0.0067642322091583384
3,UPFC_tsh,5-15,-0.24667104059994574,75,-0.24664969256423613,WLS,59,2.1348035709606306e-05
4,UPFC_Vse,5-15,0.062351209969810625,75,0.0615763253591027,WLS,59,0.0007748846107079252
5,UPFC_tse,5-15,-2.189457176942919,75,-2.1788467009368127,WLS,59,0.010610476006106317
0,x_tcsc,1-14,-0.09644584664056041,76,-0.09645691778988322,WLS,59,1.1071149322805507e-05
1,B_svc,2,0.16786511301708343,76,0.16702000914729664,WLS,59,0.0008451038697867841
2,UPFC_Vsh,5-15,1.1084291332646512,76,1.1148215002084334,WLS,59,0.006392366943782202
3,UPFC_tsh,5-15,-0.24665119869170513,76,-0.24664969256423613,WLS,59,1.5061274689920356e-06
4,UPFC_Vse,5-15,0.06214852858177878,76,0.0615763253591027,WLS,59,0.0005722032226760793
5,UPFC_tse,5-15,-2.18510246101752,76,-2.1788467009368127,WLS,59,0.006255760080707162
0,x_tcsc,1-14,-0.09643017071594874,77,-0.09645691778988322,WLS,59,2.6747073934477172e-05
1,B_svc,2,0.16691740377588124,77,0.16702000914729664,WLS,59,0.00010260537141540405
2,UPFC_Vsh,5-15,1.1083177018963755,77,1.1148215002084334,WLS,59,0.00650379831205794
3,UPFC_tsh,5-15,-0.2466438763258533,77,-0.24664969256423613,WLS,59,5.816238382833072e-06
4,UPFC_Vse,5-15,0.06248608240326171,77,0.0615763253591027,WLS,59,0.0009097570441590069
5,UPFC_tse,5-15,-2.186279652725064,77,-2.1788467009368127,WLS,59,0.0074329517882514295
0,x_tcsc,1-14,-0.09644054050909151,78,-0.09645691778988322,WLS,59,1.6377280791707305e-05
1,B_svc,2,0.1669726611913627,78,0.16702000914729664,WLS,59,4.734795593394625e-05
2,UPFC_Vsh,5-15,1.1083066306414133,78,1.1148215002084334,WLS,59,0.006514869567020076
3,UPFC_tsh,5-15,-0.24664157400811995,78,-0.24664969256423613,WLS,59,8.118556116182285e-06
4,UPFC_Vse,5-15,0.06257182335392288,78,0.0615763253591027,WLS,59,0.0009954979948201756
5,UPFC_tse,5-15,-2.185470864916206,78,-2.1788467009368127,WLS,59,0.006624163979393138
0,x_tcsc,1-14,-0.09645340622537872,79,-0.09645691778988322,WLS,59,3.5115645044964117e-06
1,B_svc,2,0.1675502904811047,79,0.16702000914729664,WLS,59,0.0005302813338080581
2,UPFC_Vsh,5-15,1.1083147975903676,79,1.1148215002084334,WLS,59,0.006506702618065852
3,UPFC_tsh,5-15,-0.24665376690546473,79,-0.24664969256423613,WLS,59,4.074341228593736e-06
4,UPFC_Vse,5-15,0.06176829118040719,79,0.0615763253591027,WLS,59,0.00019196582130449197
5,UPFC_tse,5-15,-2.1865673532766206,79,-2.1788467009368127,WLS,59,0.0077206523398078986
0,x_tcsc,1-14,-0.09643612220830283,80,-0.09645691778988322,WLS,59,2.079558158038508e-05
1,B_svc,2,0.16773295873829708,80,0.16702000914729664,WLS,59,0.0007129495910004335
2,UPFC_Vsh,5-15,1.1084350296525438,80,1.1148215002084334,WLS,59,0.0063864705558895896
3,UPFC_tsh,5-15,-0.2466745414207819,80,-0.24664969256423613,WLS,59,2.4848856545772735e-05
4,UPFC_Vse,5-15,0.06232690816144501,80,0.0615763253591027,WLS,59,0.0007505828023423103
5,UPFC_tse,5-15,-2.190430677391774,80,-2.1788467009368127,WLS,59,0.011583976454961231
0,x_tcsc,1-14,-0.09642930347851772,81,-0.09645691778988322,WLS,59,2.761431136549808e-05
1,B_svc,2,0.167277694828243,81,0.16702000914729664,WLS,59,0.00025768568094636235
2,UPFC_Vsh,5-15,1.1081911782521834,81,1.1148215002084334,WLS,59,0.006630321956250018
3,UPFC_tsh,5-15,-0.24658012209410984,81,-0.24664969256423613,WLS,59,6.957047012629003e-05
4,UPFC_Vse,5-15,0.061745349883759335,81,0.0615763253591027,WLS,59,0.00016902452465663437
5,UPFC_tse,5-15,-2.1895099691621467,81,-2.1788467009368127,WLS,59,0.010663268225334033
0,x_tcsc,1-14,-0.09644420698770462,82,-0.09645691778988322,WLS,59,1.2710802178600433e-05
1,B_svc,2,0.1674651036990621,82,0.16702000914729664,WLS,59,0.0004450945517654459
2,UPFC_Vsh,5-15,1.1087349424464523,82,1.1148215002084334,WLS,59,0.006086557761981082
3,UPFC_tsh,5-15,-0.24665513306003364,82,-0.24664969256423613,WLS,59,5.4404957975096035e-06
4,UPFC_Vse,5-15,0.06271881399625508,82,0.0615763253591027,WLS,59,0.0011424886371523765
5,UPFC_tse,5-15,-2.1856862811437114,82,-2.1788467009368127,WLS,59,0.006839580206898788
0,x_tcsc,1-14,-0.09642664171317752,83,-0.09645691778988322,WLS,59,3.02760767056931e-05
1,B_svc,2,0.1677434348539753,83,0.16702000914729664,WLS,59,0.0007234257066786598
2,UPFC_Vsh,5-15,1.1082791367800382,83,1.1148215002084334,WLS,59,0.006542363428395204
3,UPFC_tsh,5-15,-0.24657940020226468,83,-0.24664969256423613,WLS,59,7.029236197145239e-05
4,UPFC_Vse,5-15,0.06239140542696698,83,0.0615763253591027,WLS,59,0.0008150800678642794
5,UPFC_tse,5-15,-2.1911509215937253,83,-2.1788467009368127,WLS,59,0.012304220656912612
0,x_tcsc,1-14,-0.09643554496080647,84,-0.09645691778988322,WLS,59,2.1372829076743427e-05
1,B_svc,2,0.1672008183846959,84,0.16702000914729664,WLS,59,0.00018080923739924315
2,UPFC_Vsh,5-15,1.1083469209554917,84,1.1148215002084334,WLS,59,0.0064745792529417034
3,UPFC_tsh,5-15,-0.24669538111795217,84,-0.24664969256423613,WLS,59,4.568855371603342e-05
4,UPFC_Vse,5-15,0.062496678359602806,84,0.0615763253591027,WLS,59,0.0009203530005001057
5,UPFC_tse,5-15,-2.187240333094289,84,-2.1788467009368127,WLS,59,0.00839363215747646
0,x_tcsc,1-14,-0.09643558970410854,85,-0.09645691778988322,WLS,59,2.132808577468004e-05
1,B_svc,2,0.16743300367059608,85,0.16702000914729664,WLS,59,0.0004129945232994314
2,UPFC_Vsh,5-15,1.1082172523976361,85,1.1148215002084334,WLS,59,0.00660424781079727
3,UPFC_tsh,5-15,-0.24667421000853304,85,-0.24664969256423613,WLS,59,2.45174442969065e-05
4,UPFC_Vse,5-15,0.06177184717251919,85,0.0615763253591027,WLS,59,0.000195521813416491
5,UPFC_tse,5-15,-2.1894379055595974,85,-2.1788467009368127,WLS,59,0.010591204622784733
0,x_tcsc,1-14,-0.09643837267991015,86,-0.09645691778988322,WLS,59,1.854510997306713e-05
1,B_svc,2,0.1674967369347556,86,0.16702000914729664,WLS,59,0.00047672778745896927
2,UPFC_Vsh,5-15,1.1085817719440627,86,1.1148215002084334,WLS,59,0.006239728264370692
3,UPFC_tsh,5-15,-0.24664053952216403,86,-0.24664969256423613,WLS,59,9.153042072107542e-06
4,UPFC_Vse,5-15,0.061829160858942675,86,0.0615763253591027,WLS,59,0.00025283549983997483
5,UPFC_tse,5-15,-2.1886747214772244,86,-2.1788467009368127,WLS,59,0.009828020540411764
0,x_tcsc,1-14,-0.09644250657021938,87,-0.09645691778988322,WLS,59,1.4411219663834629e-05
1,B_svc,2,0.16717983109135412,87,0.16702000914729664,WLS,59,0.00015982194405747552
2,UPFC_Vsh,5-15,1.108458714723637,87,1.1148215002084334,WLS,59,0.006362785484796296
3,UPFC_tsh,5-15,-0.2466730023605607,87,-0.24664969256423613,WLS,59,2.3309796324560983e-05
4,UPFC_Vse,5-15,0.0625730883855559,87,0.0615763253591027,WLS,59,0.0009967630264532054
5,UPFC_tse,5-15,-2.1873427771220935,87,-2.1788467009368127,WLS,59,0.00849607618528081
0,x_tcsc,1-14,-0.09643843874455718,88,-0.09645691778988322,WLS,59,1.8479045326036392e-05
1,B_svc,2,0.1675718260586648,88,0.16702000914729664,WLS,59,0.0005518169113681581
2,UPFC_Vsh,5-15,1.1081092010217026,88,1.1148215002084334,WLS,59,0.006712299186730775
3,UPFC_tsh,5-15,-0.2466069938981667,88,-0.24664969256423613,WLS,59,4.2698666069429514e-05
4,UPFC_Vse,5-15,0.06194538720362726,88,0.0615763253591027,WLS,59,0.0003690618445245583
5,UPFC_tse,5-15,-2.185536160693588,88,-2.1788467009368127,WLS,59,0.006689459756775484
0,x_tcsc,1-14,-0.09644867072029319,89,-0.09645691778988322,WLS,59,8.247069590031075e-06
1,B_svc,2,0.16709695419579065,89,0.16702000914729664,WLS,59,7.69450484940093e-05
2,UPFC_Vsh,5-15,1.1081725304600947,89,1.1148215002084334,WLS,59,0.006648969748338729
3,UPFC_tsh,5-15,-0.24666880691153087,89,-0.24664969256423613,WLS,59,1.9114347294735268e-05
4,UPFC_Vse,5-15,0.06210518223298118,89,0.0615763253591027,WLS,59,0.0005288568738784777
5,UPFC_tse,5-15,-2.1858383015351297,89,-2.1788467009368127,WLS,59,0.006991600598317049
0,x_tcsc,1-14,-0.09644029306358229,90,-0.09645691778988322,WLS,59,1.6624726300928927e-05
1,B_svc,2,0.167069733773239,90,0.16702000914729664,WLS,59,4.9724625942354495e-05
2,UPFC_Vsh,5-15,1.108610372466134,90,1.1148215002084334,WLS,59,0.006211127742299372
3,UPFC_tsh,5-15,-0.24660255590049066,90,-0.24664969256423613,WLS,59,4.7136663745478424e-05
4,UPFC_Vse,5-15,0.06203352038508141,90,0.0615763253591027,WLS,59,0.00045719502597871275
5,UPFC_tse,5-15,-2.1877820960249745,90,-2.1788467009368127,WLS,59,0.00893539508816188
0,x_tcsc,1-14,-0.09644464862158247,91,-0.09645691778988322,WLS,59,1.226916830074365e-05
1,B_svc,2,0.16772238926332422,91,0.16702000914729664,WLS,59,0.0007023801160275789
2,UPFC_Vsh,5-15,1.1083743978535439,91,1.1148215002084334,WLS,59,0.0064471023548895445
3,UPFC_tsh,5-15,-0.24659863369233412,91,-0.24664969256423613,WLS,59,5.1058871902015524e-05
4,UPFC_Vse,5-15,0.06241991354900863,91,0.0615763253591027,WLS,59,0.0008435881899059305
5,UPFC_tse,5-15,-2.1840402145105604,91,-2.1788467009368127,WLS,59,0.0051935135737477545
0,x_tcsc,1-14,-0.09643825460880243,92,-0.09645691778988322,WLS,59,1.8663181080791347e-05
1,B_svc,2,0.1674206798958376,92,0.16702000914729664,WLS,59,0.0004006707485409433
2,UPFC_Vsh,5-15,1.1084526304497215,92,1.1148215002084334,WLS,59,0.00636886975871187
3,UPFC_tsh,5-15,-0.24663084329591078,92,-0.24664969256423613,WLS,59,1.884926832534939e-05
4,UPFC_Vse,5-15,0.06238213494363765,92,0.0615763253591027,WLS,59,0.0008058095845349528
5,UPFC_tse,5-15,-2.1856101104784007,92,-2.1788467009368127,WLS,59,0.00676340954158805
0,x_tcsc,1-14,-0.09643989521964354,93,-0.09645691778988322,WLS,59,1.7022570239680346e-05
1,B_svc,2,0.16697928998700298,93,0.16702000914729664,WLS,59,4.071916029366185e-05
2,UPFC_Vsh,5-15,1.1083435659269578,93,1.1148215002084334,WLS,59,0.006477934281475584
3,UPFC_tsh,5-15,-0.246690340134514,93,-0.24664969256423613,WLS,59,4.064757027785748e-05
4,UPFC_Vse,5-15,0.0619053278138878,93,0.0615763253591027,WLS,59,0.0003290024547851003
5,UPFC_tse,5-15,-2.1882284125268705,93,-2.1788467009368127,WLS,59,0.00938171159005785
0,x_tcsc,1-14,-0.0964349563681711,94,-0.09645691778988322,WLS,59,2.196142171212445e-05
1,B_svc,2,0.1674925114226091,94,0.16702000914729664,WLS,59,0.00047250227531245304
2,UPFC_Vsh,5-15,1.1081414605003561,94,1.1148215002084334,WLS,59,0.00668003970807729
3,UPFC_tsh,5-15,-0.24666836643851994,94,-0.24664969256423613,WLS,59,1.8673874283808845e-05
4,UPFC_Vse,5-15,0.06233055506113996,94,0.0615763253591027,WLS,59,0.0007542297020372568
5,UPFC_tse,5-15,-2.1856283793068685,94,-2.1788467009368127,WLS,59,0.0067816783700558325
0,x_tcsc,1-14,-0.09643574008572374,95,-0.09645691778988322,WLS,59,2.117770415947795e-05
1,B_svc,2,0.1674707658775078,95,0.16702000914729664,WLS,59,0.0004507567302111659
2,UPFC_Vsh,5-15,1.1082822513068344,95,1.1148215002084334,WLS,59,0.00653924890159896
3,UPFC_tsh,5-15,-0.24663754272221555,95,-0.24664969256423613,WLS,59,1.2149842020581225e-05
4,UPFC_Vse,5-15,0.06232972633114851,95,0.0615763253591027,WLS,59,0.0007534009720458132
5,UPFC_tse,5-15,-2.1878597448538732,95,-2.1788467009368127,WLS,59,0.009013043917060592
0,x_tcsc,1-14,-0.096437604663739,96,-0.09645691778988322,WLS,59,1.93131261442131e-05
1,B_svc,2,0.16723149495711534,96,0.16702000914729664,WLS,59,0.00021148580981869558
2,UPFC_Vsh,5-15,1.1084797721907282,96,1.1148215002084334,WLS,59,0.006341728017705162
3,UPFC_tsh,5-15,-0.24660948209995318,96,-0.24664969256423613,WLS,59,4.021046428295816e-05
4,UPFC_Vse,5-15,0.062407196051103224,96,0.0615763253591027,WLS,59,0.0008308706920005238
5,UPFC_tse,5-15,-2.1865585400372822,96,-2.1788467009368127,WLS,59,0.007711839100469575
0,x_tcsc,1-14,-0.0964473636525653,97,-0.09645691778988322,WLS,59,9.554137317915878e-06
1,B_svc,2,0.16737822256064855,97,0.16702000914729664,WLS,59,0.0003582134133519044
2,UPFC_Vsh,5-15,1.1083929004353126,97,1.1148215002084334,WLS,59,0.006428599773120824
3,UPFC_tsh,5-15,-0.24668401438030052,97,-0.24664969256423613,WLS,59,3.432181606438656e-05
4,UPFC_Vse,5-15,0.06281961705381865,97,0.0615763253591027,WLS,59,0.001243291694715952
5,UPFC_tse,5-15,-2.1885010228360136,97,-2.1788467009368127,WLS,59,0.009654321899200902
0,x_tcsc,1-14,-0.09643111486868251,98,-0.09645691778988322,WLS,59,2.5802921200704376e-05
1,B_svc,2,0.16749215662905959,98,0.16702000914729664,WLS,59,0.0004721474817629412
2,UPFC_Vsh,5-15,1.1083759228648258,98,1.1148215002084334,WLS,59,0.0064455773436076225
3,UPFC_tsh,5-15,-0.2466207386019481,98,-0.24664969256423613,WLS,59,2.895396228802527e-05
4,UPFC_Vse,5-15,0.0621976445040892,98,0.0615763253591027,WLS,59,0.0006213191449864972
5,UPFC_tse,5-15,-2.1893171282411665,98,-2.1788467009368127,WLS,59,0.01047042730435388
0,x_tcsc,1-14,-0.09644263948681066,99,-0.09645691778988322,WLS,59,1.4278303072559617e-05
1,B_svc,2,0.16734826141244408,99,0.16702000914729664,WLS,59,0.0003282522651474329
2,UPFC_Vsh,5-15,1.1087089950647784,99,1.1148215002084334,WLS,59,0.006112505143655023
3,UPFC_tsh,5-15,-0.24660903532047665,99,-0.24664969256423613,WLS,59,4.065724375948432e-05
4,UPFC_Vse,5-15,0.06213253298615555,99,0.0615763253591027,WLS,59,0.0005562076270528502
5,UPFC_tse,5-15,-2.185207438564335,99,-2.1788467009368127,WLS,59,0.006360737627522539
0,x_tcsc,1-14,-0.09775927890750565,0,-0.09777329508591238,WLS,61,1.401617840673941e-05
1,B_svc,2,0.1680956211113169,0,0.16828454278680455,WLS,61,0.0001889216754876466
2,UPFC_Vsh,5-15,1.1085593120904502,0,1.1144410382484837,WLS,61,0.005881726158033507
3,UPFC_tsh,5-15,-0.2449827901424445,0,-0.24500253922089116,WLS,61,1.9749078446651414e-05
4,UPFC_Vse,5-15,0.06221618610306857,0,0.06196215457085772,WLS,61,0.0002540315322108466
5,UPFC_tse,5-15,-2.184626572402061,0,-2.173942749219185,WLS,61,0.010683823182875862
0,x_tcsc,1-14,-0.09775238739652015,1,-0.09777329508591238,WLS,61,2.0907689392238304e-05
1,B_svc,2,0.16820285816476127,1,0.16828454278680455,WLS,61,8.168462204327653e-05
2,UPFC_Vsh,5-15,1.1087317769019516,1,1.1144410382484837,WLS,61,0.005709261346532157
3,UPFC_tsh,5-15,-0.2448934666946607,1,-0.24500253922089116,WLS,61,0.0001090725262304637
4,UPFC_Vse,5-15,0.06242477948748885,1,0.06196215457085772,WLS,61,0.0004626249166311269
5,UPFC_tse,5-15,-2.1822167013957903,1,-2.173942749219185,WLS,61,0.008273952176605093
0,x_tcsc,1-14,-0.0977545779695686,2,-0.09777329508591238,WLS,61,1.8717116343783258e-05
1,B_svc,2,0.168360162341329,2,0.16828454278680455,WLS,61,7.561955452445313e-05
2,UPFC_Vsh,5-15,1.1084081205905023,2,1.1144410382484837,WLS,61,0.006032917657981418
3,UPFC_tsh,5-15,-0.24495285241634404,2,-0.24500253922089116,WLS,61,4.96868045471166e-05
4,UPFC_Vse,5-15,0.0625210654997601,2,0.06196215457085772,WLS,61,0.0005589109289023744
5,UPFC_tse,5-15,-2.1850825953683066,2,-2.173942749219185,WLS,61,0.011139846149121446
0,x_tcsc,1-14,-0.09775143896805145,3,-0.09777329508591238,WLS,61,2.1856117860930002e-05
1,B_svc,2,0.16869675956062014,3,0.16828454278680455,WLS,61,0.00041221677381558797
2,UPFC_Vsh,5-15,1.108556507585256,3,1.1144410382484837,WLS,61,0.005884530663227805
3,UPFC_tsh,5-15,-0.24499725540913242,3,-0.24500253922089116,WLS,61,5.283811758738377e-06
4,UPFC_Vse,5-15,0.06294826109713089,3,0.06196215457085772,WLS,61,0.0009861065262731714
5,UPFC_tse,5-15,-2.1860116628957607,3,-2.173942749219185,WLS,61,0.012068913676575477
0,x_tcsc,1-14,-0.09775671979635156,4,-0.09777329508591238,WLS,61,1.6575289560824547e-05
1,B_svc,2,0.168534290488994,4,0.16828454278680455,WLS,61,0.0002497477021894401
2,UPFC_Vsh,5-15,1.1085716916579118,4,1.1144410382484837,WLS,61,0.005869346590571922
3,UPFC_tsh,5-15,-0.244913446769155,4,-0.24500253922089116,WLS,61,8.909245173616132e-05
4,UPFC_Vse,5-15,0.06184412325743817,4,0.06196215457085772,WLS,61,0.00011803131341955181
5,UPFC_tse,5-15,-2.1853455270396602,4,-2.173942749219185,WLS,61,0.011402777820475052
0,x_tcsc,1-14,-0.09774046932109412,5,-0.09777329508591238,WLS,61,3.282576481826449e-05
1,B_svc,2,0.16839969644175926,5,0.16828454278680455,WLS,61,0.0001151536549547083
2,UPFC_Vsh,5-15,1.1086814584683162,5,1.1144410382484837,WLS,61,0.005759579780167501
3,UPFC_tsh,5-15,-0.24501930904741356,5,-0.24500253922089116,WLS,61,1.6769826522405884e-05
4,UPFC_Vse,5-15,0.06262766057134347,5,0.06196215457085772,WLS,61,0.0006655060004857535
5,UPFC_tse,5-15,-2.1858345935329293,5,-2.173942749219185,WLS,61,0.011891844313744127
0,x_tcsc,1-14,-0.09773052759960389,6,-0.09777329508591238,WLS,61,4.2767486308492586e-05
1,B_svc,2,0.16827830052372125,6,0.16828454278680455,WLS,61,6.242263083294786e-06
2,UPFC_Vsh,5-15,1.1085133724975147,6,1.1144410382484837,WLS,61,0.005927665750969036
3,UPFC_tsh,5-15,-0.2450242362083969,6,-0.24500253922089116,WLS,61,2.169698750573157e-05
4,UPFC_Vse,5-15,0.06211856161778885,6,0.06196215457085772,WLS,61,0.0001564070469311299
5,UPFC_tse,5-15,-2.1866481249372143,6,-2.173942749219185,WLS,61,0.0127053757180291
0,x_tcsc,1-14,-0.0977452437764484,7,-0.09777329508591238,WLS,61,2.8051309463983376e-05
1,B_svc,2,0.1685268143943244,7,0.16828454278680455,WLS,61,0.0002422716075198561
2,UPFC_Vsh,5-15,1.1084180031722979,7,1.1144410382484837,WLS,61,0.006023035076185845
3,UPFC_tsh,5-15,-0.2449179330484032,7,-0.24500253922089116,WLS,61,8.460617248795543e-05
4,UPFC_Vse,5-15,0.06217131811997067,7,0.06196215457085772,WLS,61,0.00020916354911294788
5,UPFC_tse,5-15,-2.181929392771768,7,-2.173942749219185,WLS,61,0.007986643552582606
0,x_tcsc,1-14,-0.0977435948822973,8,-0.09777329508591238,WLS,61,2.9700203615090626e-05
1,B_svc,2,0.1684461037252293,8,0.16828454278680455,WLS,61,0.0001615609384247596
2,UPFC_Vsh,5-15,1.1082964899602734,8,1.1144410382484837,WLS,61,0.006144548288210316
3,UPFC_tsh,5-15,-0.2450225154224816,8,-0.24500253922089116,WLS,61,1.9976201590443665e-05
4,UPFC_Vse,5-15,0.06263587532112017,8,0.06196215457085772,WLS,61,0.0006737207502624451
5,UPFC_tse,5-15,-2.181781478362496,8,-2.173942749219185,WLS,61,0.00783872914331063
0,x_tcsc,1-14,-0.0977538287121793,9,-0.09777329508591238,WLS,61,1.946637373308191e-05
1,B_svc,2,0.16834134227553255,9,0.16828454278680455,WLS,61,5.679948872799878e-05
2,UPFC_Vsh,5-15,1.1085612527281163,9,1.1144410382484837,WLS,61,0.0058797855203673866
3,UPFC_tsh,5-15,-0.2449993900018875,9,-0.24500253922089116,WLS,61,3.1492190036563894e-06
4,UPFC_Vse,5-15,0.06218630345844439,9,0.06196215457085772,WLS,61,0.00022414888758667123
5,UPFC_tse,5-15,-2.184685702167,9,-2.173942749219185,WLS,61,0.01074295294781491
0,x_tcsc,1-14,-0.09775584818253695,10,-0.09777329508591238,WLS,61,1.744690337543431e-05
1,B_svc,2,0.16831403469658138,10,0.16828454278680455,WLS,61,2.9491909776829806e-05
2,UPFC_Vsh,5-15,1.108216105749033,10,1.1144410382484837,WLS,61,0.006224932499450775
3,UPFC_tsh,5-15,-0.24496934871733547,10,-0.24500253922089116,WLS,61,3.3190503555685646e-05
4,UPFC_Vse,5-15,0.06253409858117379,10,0.06196215457085772,WLS,61,0.0005719440103160653
5,UPFC_tse,5-15,-2.180691236072161,10,-2.173942749219185,WLS,61,0.006748486852975688
0,x_tcsc,1-14,-0.09774791021091966,11,-0.09777329508591238,WLS,61,2.5384874992720463e-05
1,B_svc,2,0.16891843377280025,11,0.16828454278680455,WLS,61,0.0006338909859956998
2,UPFC_Vsh,5-15,1.1081570974306834,11,1.1144410382484837,WLS,61,0.006283940817800371
3,UPFC_tsh,5-15,-0.24504488417248535,11,-0.24500253922089116,WLS,61,4.234495159419205e-05
4,UPFC_Vse,5-15,0.06259553526755295,11,0.06196215457085772,WLS,61,0.0006333806966952252
5,UPFC_tse,5-15,-2.1842287188261995,11,-2.173942749219185,WLS,61,0.010285969607014334
0,x_tcsc,1-14,-0.09773827752390982,12,-0.09777329508591238,WLS,61,3.501756200256778e-05
1,B_svc,2,0.16825822157060547,12,0.16828454278680455,WLS,61,2.632121619908223e-05
2,UPFC_Vsh,5-15,1.1081975271557782,12,1.1144410382484837,WLS,61,0.006243511092705489
3,UPFC_tsh,5-15,-0.24501493348348008,12,-0.24500253922089116,WLS,61,1.2394262588921734e-05
4,UPFC_Vse,5-15,0.06320871619577288,12,0.06196215457085772,WLS,61,0.0012465616249151615
5,UPFC_tse,5-15,-2.182958225015557,12,-2.173942749219185,WLS,61,0.009015475796371852
0,x_tcsc,1-14,-0.09774101699739995,13,-0.09777329508591238,WLS,61,3.227808851243019e-05
1,B_svc,2,0.16858024766383348,13,0.16828454278680455,WLS,61,0.00029570487702892945
2,UPFC_Vsh,5-15,1.1088015795130326,13,1.1144410382484837,WLS,61,0.0056394587354511305
3,UPFC_tsh,5-15,-0.2449437367683188,13,-0.24500253922089116,WLS,61,5.880245257236516e-05
4,UPFC_Vse,5-15,0.06189352638327774,13,0.06196215457085772,WLS,61,6.862818757998046e-05
5,UPFC_tse,5-15,-2.1881149488377503,13,-2.173942749219185,WLS,61,0.014172199618565084
0,x_tcsc,1-14,-0.09774559507222529,14,-0.09777329508591238,WLS,61,2.7700013687098624e-05
1,B_svc,2,0.16826541671009637,14,0.16828454278680455,WLS,61,1.9126076708175788e-05
2,UPFC_Vsh,5-15,1.1085424383797176,14,1.1144410382484837,WLS,61,0.0058985998687661745
3,UPFC_tsh,5-15,-0.24501475708439943,14,-0.24500253922089116,WLS,61,1.2217863508273696e-05
4,UPFC_Vse,5-15,0.06216229177041726,14,0.06196215457085772,WLS,61,0.00020013719955953857
5,UPFC_tse,5-15,-2.1852295810703346,14,-2.173942749219185,WLS,61,0.011286831851149426
0,x_tcsc,1-14,-0.09775435627469185,15,-0.09777329508591238,WLS,61,1.8938811220531315e-05
1,B_svc,2,0.1682055003205001,15,0.16828454278680455,WLS,61,7.90424663044409e-05
2,UPFC_Vsh,5-15,1.1083501718583735,15,1.1144410382484837,WLS,61,0.00609086639011025
3,UPFC_tsh,5-15,-0.24507714869359745,15,-0.24500253922089116,WLS,61,7.460947270629403e-05
4,UPFC_Vse,5-15,0.06241971410740344,15,0.06196215457085772,WLS,61,0.0004575595365457208
5,UPFC_tse,5-15,-2.1824447395897795,15,-2.173942749219185,WLS,61,0.008501990370594292
0,x_tcsc,1-14,-0.09774083824821744,16,-0.09777329508591238,WLS,61,3.245683769494134e-05
1,B_svc,2,0.1685332881203912,16,0.16828454278680455,WLS,61,0.00024874533358665296
2,UPFC_Vsh,5-15,1.1086178804551656,16,1.1144410382484837,WLS,61,0.005823157793318101
3,UPFC_tsh,5-15,-0.24497386480386188,16,-0.24500253922089116,WLS,61,2.867441702927853e-05
4,UPFC_Vse,5-15,0.061963590162294885,16,0.06196215457085772,WLS,61,1.435591437164152e-06
5,UPFC_tse,5-15,-2.187997759522749,16,-2.173942749219185,WLS,61,0.014055010303563709
0,x_tcsc,1-14,-0.09774415521255315,17,-0.09777329508591238,WLS,61,2.913987335922963e-05
1,B_svc,2,0.16854560757006462,17,0.16828454278680455,WLS,61,0.0002610647832600732
2,UPFC_Vsh,5-15,1.1087477006628517,17,1.1144410382484837,WLS,61,0.005693337585632063
3,UPFC_tsh,5-15,-0.24498825924876053,17,-0.24500253922089116,WLS,61,1.4279972130631924e-05
4,UPFC_Vse,5-15,0.06285374101941016,17,0.06196215457085772,WLS,61,0.000891586448552438
5,UPFC_tse,5-15,-2.1820630239722867,17,-2.173942749219185,WLS,61,0.008120274753101508
0,x_tcsc,1-14,-0.09774708003901178,18,-0.09777329508591238,WLS,61,2.62150469006045e-05
1,B_svc,2,0.16829863008777432,18,0.16828454278680455,WLS,61,1.4087300969772842e-05
2,UPFC_Vsh,5-15,1.1084024937248638,18,1.1144410382484837,WLS,61,0.00603854452361996
3,UPFC_tsh,5-15,-0.24502201116490674,18,-0.24500253922089116,WLS,61,1.9471944015581055e-05
4,UPFC_Vse,5-15,0.06258589417207308,18,0.06196215457085772,WLS,61,0.0006237396012153604
5,UPFC_tse,5-15,-2.184832613004194,18,-2.173942749219185,WLS,61,0.010889863785009002
0,x_tcsc,1-14,-0.09773869835670833,19,-0.09777329508591238,WLS,61,3.45967292040561e-05
1,B_svc,2,0.16805780362089479,19,0.16828454278680455,WLS,61,0.00022673916590976173
2,UPFC_Vsh,5-15,1.1080494323382504,19,1.1144410382484837,WLS,61,0.0063916059102333556
3,UPFC_tsh,5-15,-0.24497119390736827,19,-0.24500253922089116,WLS,61,3.134531352289027e-05
4,UPFC_Vse,5-15,0.062466542500336876,19,0.06196215457085772,WLS,61,0.0005043879294791553
5,UPFC_tse,5-15,-2.1831185553923054,19,-2.173942749219185,WLS,61,0.009175806173120193
0,x_tcsc,1-14,-0.0977457372988162,20,-0.09777329508591238,WLS,61,2.7557787096191277e-05
1,B_svc,2,0.16871538157076077,20,0.16828454278680455,WLS,61,0.0004308387839562222
2,UPFC_Vsh,5-15,1.1087429910807083,20,1.1144410382484837,WLS,61,0.005698047167775444
3,UPFC_tsh,5-15,-0.2449385119897918,20,-0.24500253922089116,WLS,61,6.402723109935615e-05
4,UPFC_Vse,5-15,0.06207675078445297,20,0.06196215457085772,WLS,61,0.00011459621359524719
5,UPFC_tse,5-15,-2.185390314495594,20,-2.173942749219185,WLS,61,0.011447565276408778
0,x_tcsc,1-14,-0.09775510770605032,21,-0.09777329508591238,WLS,61,1.8187379862061315e-05
1,B_svc,2,0.16878203216874685,21,0.16828454278680455,WLS,61,0.000497489381942301
2,UPFC_Vsh,5-15,1.1089548814353387,21,1.1144410382484837,WLS,61,0.005486156813145016
3,UPFC_tsh,5-15,-0.24495605762922726,21,-0.24500253922089116,WLS,61,4.6481591663899424e-05
4,UPFC_Vse,5-15,0.062161986725980084,21,0.06196215457085772,WLS,61,0.00019983215512236335
5,UPFC_tse,5-15,-2.1860107976217513,21,-2.173942749219185,WLS,61,0.012068048402566145
0,x_tcsc,1-14,-0.09775023050051736,22,-0.09777329508591238,WLS,61,2.3064585395027315e-05
1,B_svc,2,0.16815751905251225,22,0.16828454278680455,WLS,61,0.00012702373429229752
2,UPFC_Vsh,5-15,1.108490019246634,22,1.1144410382484837,WLS,61,0.005951019001849689
3,UPFC_tsh,5-15,-0.24496676964438038,22,-0.24500253922089116,WLS,61,3.5769576510774614e-05
4,UPFC_Vse,5-15,0.06239883608450596,22,0.06196215457085772,WLS,61,0.0004366815136482363
5,UPFC_tse,5-15,-2.183956078445362,22,-2.173942749219185,WLS,61,0.010013329226176815
0,x_tcsc,1-14,-0.09773880485236025,23,-0.09777329508591238,WLS,61,3.44902335521341e-05
1,B_svc,2,0.16886243037846016,23,0.16828454278680455,WLS,61,0.0005778875916556125
2,UPFC_Vsh,5-15,1.108279342528885,23,1.1144410382484837,WLS,61,0.006161695719598681
3,UPFC_tsh,5-15,-0.24501089268236936,23,-0.24500253922089116,WLS,61,8.353461478205482e-06
4,UPFC_Vse,5-15,0.062399793964083974,23,0.06196215457085772,WLS,61,0.0004376393932262537
5,UPFC_tse,5-15,-2.1853027196507613,23,-2.173942749219185,WLS,61,0.011359970431576105
0,x_tcsc,1-14,-0.09774758284168195,24,-0.09777329508591238,WLS,61,2.5712244230438608e-05
1,B_svc,2,0.1687723306165632,24,0.16828454278680455,WLS,61,0.0004877878297586402
2,UPFC_Vsh,5-15,1.108415588179583,24,1.1144410382484837,WLS,61,0.006025450068900762
3,UPFC_tsh,5-15,-0.24494193980792156,24,-0.24500253922089116,WLS,61,6.059941296959748e-05
4,UPFC_Vse,5-15,0.0627963434850754,24,0.06196215457085772,WLS,61,0.0008341889142176803
5,UPFC_tse,5-15,-2.1863352561636757,24,-2.173942749219185,WLS,61,0.012392506944490567
0,x_tcsc,1-14,-0.09774588195919229,25,-0.09777329508591238,WLS,61,2.741312672009666e-05
1,B_svc,2,0.1687390814831868,25,0.16828454278680455,WLS,61,0.00045453869638226174
2,UPFC_Vsh,5-15,1.1086363257046346,25,1.1144410382484837,WLS,61,0.0058047125438491776
3,UPFC_tsh,5-15,-0.24501580643205512,25,-0.24500253922089116,WLS,61,1.3267211163958681e-05
4,UPFC_Vse,5-15,0.062302181030352476,25,0.06196215457085772,WLS,61,0.00034002645949475496
5,UPFC_tse,5-15,-2.185773623549248,25,-2.173942749219185,WLS,61,0.011830874330062802
0,x_tcsc,1-14,-0.09773873993369843,26,-0.09777329508591238,WLS,61,3.455515221395533e-05
1,B_svc,2,0.16870252769950078,26,0.16828454278680455,WLS,61,0.0004179849126962343
2,UPFC_Vsh,5-15,1.1083506792896938,26,1.1144410382484837,WLS,61,0.006090358958789954
3,UPFC_tsh,5-15,-0.2449358038290917,26,-0.24500253922089116,WLS,61,6.673539179946619e-05
4,UPFC_Vse,5-15,0.06211798594147978,26,0.06196215457085772,WLS,61,0.000155831370622056
5,UPFC_tse,5-15,-2.1834396504848255,26,-2.173942749219185,WLS,61,0.00949690126564029
0,x_tcsc,1-14,-0.09774400074715749,27,-0.09777329508591238,WLS,61,2.9294338754898286e-05
1,B_svc,2,0.1684696105153246,27,0.16828454278680455,WLS,61,0.00018506772852006081
2,UPFC_Vsh,5-15,1.1084462428251223,27,1.1144410382484837,WLS,61,0.005994795423361454
3,UPFC_tsh,5-15,-0.24503296940889144,27,-0.24500253922089116,WLS,61,3.0430188000279967e-05
4,UPFC_Vse,5-15,0.062184031610071015,27,0.06196215457085772,WLS,61,0.0002218770392132946
5,UPFC_tse,5-15,-2.1873291748866746,27,-2.173942749219185,WLS,61,0.013386425667489377
0,x_tcsc,1-14,-0.0977522415939937,28,-0.09777329508591238,WLS,61,2.1053491918679446e-05
1,B_svc,2,0.16828187117154236,28,0.16828454278680455,WLS,61,2.6716152621841793e-06
2,UPFC_Vsh,5-15,1.1084832266621494,28,1.1144410382484837,WLS,61,0.0059578115863343495
3,UPFC_tsh,5-15,-0.24497910020034827,28,-0.24500253922089116,WLS,61,2.3439020542886935e-05
4,UPFC_Vse,5-15,0.062397337892595196,28,0.06196215457085772,WLS,61,0.00043518332173747565
5,UPFC_tse,5-15,-2.185756360917129,28,-2.173942749219185,WLS,61,0.011813611697943927
0,x_tcsc,1-14,-0.09774768896955284,29,-0.09777329508591238,WLS,61,2.5606116359544462e-05
1,B_svc,2,0.1682882529670405,29,0.16828454278680455,WLS,61,3.7101802359551517e-06
2,UPFC_Vsh,5-15,1.1083413622211884,29,1.1144410382484837,WLS,61,0.006099676027295331
3,UPFC_tsh,5-15,-0.2449584502306208,29,-0.24500253922089116,WLS,61,4.408899027036339e-05
4,UPFC_Vse,5-15,0.06227832503198747,29,0.06196215457085772,WLS,61,0.00031617046112975
5,UPFC_tse,5-15,-2.1866565671193423,29,-2.173942749219185,WLS,61,0.012713817900157132
0,x_tcsc,1-14,-0.0977507989063943,30,-0.09777329508591238,WLS,61,2.2496179518077808e-05
1,B_svc,2,0.16852504020980544,30,0.16828454278680455,WLS,61,0.0002404974230008905
2,UPFC_Vsh,5-15,1.108793573615238,30,1.1144410382484837,WLS,61,0.005647464633245836
3,UPFC_tsh,5-15,-0.24499070708598136,30,-0.24500253922089116,WLS,61,1.1832134909794956e-05
4,UPFC_Vse,5-15,0.06282288220590268,30,0.06196215457085772,WLS,61,0.0008607276350449597
5,UPFC_tse,5-15,-2.1848554233555193,30,-2.173942749219185,WLS,61,0.010912674136334122
0,x_tcsc,1-14,-0.09774188778376974,31,-0.09777329508591238,WLS,61,3.1407302142641425e-05
1,B_svc,2,0.16839915613083792,31,0.16828454278680455,WLS,61,0.00011461334403337076
2,UPFC_Vsh,5-15,1.1081162063239423,31,1.1144410382484837,WLS,61,0.006324831924541474
3,UPFC_tsh,5-15,-0.2450774691658297,31,-0.24500253922089116,WLS,61,7.492994493854543e-05
4,UPFC_Vse,5-15,0.0625844294569276,31,0.06196215457085772,WLS,61,0.0006222748860698832
5,UPFC_tse,5-15,-2.186308259770624,31,-2.173942749219185,WLS,61,0.012365510551438863
0,x_tcsc,1-14,-0.09774982109000166,32,-0.09777329508591238,WLS,61,2.3473995910724965e-05
1,B_svc,2,0.16866301290837904,32,0.16828454278680455,WLS,61,0.00037847012157449234
2,UPFC_Vsh,5-15,1.1087394624964775,32,1.1144410382484837,WLS,61,0.005701575752006249
3,UPFC_tsh,5-15,-0.24494899857811545,32,-0.24500253922089116,WLS,61,5.3540642775712355e-05
4,UPFC_Vse,5-15,0.06251748634710023,32,0.06196215457085772,WLS,61,0.0005553317762425139
5,UPFC_tse,5-15,-2.183258809570614,32,-2.173942749219185,WLS,61,0.009316060351428845
0,x_tcsc,1-14,-0.09774447198315465,33,-0.09777329508591238,WLS,61,2.8823102757730146e-05
1,B_svc,2,0.16815540580346558,33,0.16828454278680455,WLS,61,0.00012913698333896773
2,UPFC_Vsh,5-15,1.1084599364962704,33,1.1144410382484837,WLS,61,0.005981101752213336
3,UPFC_tsh,5-15,-0.24500359619402573,33,-0.24500253922089116,WLS,61,1.0569731345722033e-06
4,UPFC_Vse,5-15,0.06222530298794727,33,0.06196215457085772,WLS,61,0.00026314841708954817
5,UPFC_tse,5-15,-2.185363929663767,33,-2.173942749219185,WLS,61,0.011421180444581847
0,x_tcsc,1-14,-0.09774921487653168,34,-0.09777329508591238,WLS,61,2.4080209380702988e-05
1,B_svc,2,0.1685523734437981,34,0.16828454278680455,WLS,61,0.0002678306569935396
2,UPFC_Vsh,5-15,1.1085661614443232,34,1.1144410382484837,WLS,61,0.005874876804160545
3,UPFC_tsh,5-15,-0.24497287427112202,34,-0.24500253922089116,WLS,61,2.9664949769137028e-05
4,UPFC_Vse,5-15,0.06275548400561284,34,0.06196215457085772,WLS,61,0.0007933294347551231
5,UPFC_tse,5-15,-2.1809733370517064,34,-2.173942749219185,WLS,61,0.007030587832521196
0,x_tcsc,1-14,-0.097744410294175,35,-0.09777329508591238,WLS,61,2.888479173739078e-05
1,B_svc,2,0.1688634437375511,35,0.16828454278680455,WLS,61,0.0005789009507465581
2,UPFC_Vsh,5-15,1.1083136474213664,35,1.1144410382484837,WLS,61,0.006127390827117329
3,UPFC_tsh,5-15,-0.2449795147413619,35,-0.24500253922089116,WLS,61,2.302447952926001e-05
4,UPFC_Vse,5-15,0.06261568876007018,35,0.06196215457085772,WLS,61,0.0006535341892124555
5,UPFC_tse,5-15,-2.184162455356635,35,-2.173942749219185,WLS,61,0.010219706137449602
0,x_tcsc,1-14,-0.09775610840906146,36,-0.09777329508591238,WLS,61,1.7186676850924898e-05
1,B_svc,2,0.16844473105635555,36,0.16828454278680455,WLS,61,0.00016018826955099819
2,UPFC_Vsh,5-15,1.1088755215706831,36,1.1144410382484837,WLS,61,0.005565516677800586
3,UPFC_tsh,5-15,-0.2449513206880038,36,-0.24500253922089116,WLS,61,5.121853288736489e-05
4,UPFC_Vse,5-15,0.06223170429492231,36,0.06196215457085772,WLS,61,0.00026954972406458694
5,UPFC_tse,5-15,-2.184916174525633,36,-2.173942749219185,WLS,61,0.010973425306447737
0,x_tcsc,1-14,-0.09775494476384013,37,-0.09777329508591238,WLS,61,1.8350322072258063e-05
1,B_svc,2,0.1680206745536701,37,0.16828454278680455,WLS,61,0.0002638682331344566
2,UPFC_Vsh,5-15,1.108876494689754,37,1.1144410382484837,WLS,61,0.0055645435587297065
3,UPFC_tsh,5-15,-0.24496228218400162,37,-0.24500253922089116,WLS,61,4.025703688953497e-05
4,UPFC_Vse,5-15,0.062031427681398764,37,0.06196215457085772,WLS,61,6.927311054104324e-05
5,UPFC_tse,5-15,-2.187248211965685,37,-2.173942749219185,WLS,61,0.013305462746499686
0,x_tcsc,1-14,-0.0977393688244991,38,-0.09777329508591238,WLS,61,3.3926261413283476e-05
1,B_svc,2,0.16779975317648863,38,0.16828454278680455,WLS,61,0.00048478961031592216
2,UPFC_Vsh,5-15,1.1085612769930786,38,1.1144410382484837,WLS,61,0.005879761255405125
3,UPFC_tsh,5-15,-0.24497006857966389,38,-0.24500253922089116,WLS,61,3.247064122727239e-05
4,UPFC_Vse,5-15,0.06213654006506679,38,0.06196215457085772,WLS,61,0.00017438549420906863
5,UPFC_tse,5-15,-2.182061014211641,38,-2.173942749219185,WLS,61,0.008118264992455604
0,x_tcsc,1-14,-0.09774408176308194,39,-0.09777329508591238,WLS,61,2.921332283044309e-05
1,B_svc,2,0.16837978705455034,39,0.16828454278680455,WLS,61,9.524426774579209e-05
2,UPFC_Vsh,5-15,1.1081906644870376,39,1.1144410382484837,WLS,61,0.006250373761446104
3,UPFC_tsh,5-15,-0.24500086930037096,39,-0.24500253922089116,WLS,61,1.6699205201975431e-06
4,UPFC_Vse,5-15,0.06225780014395154,39,0.06196215457085772,WLS,61,0.00029564557309381956
5,UPFC_tse,5-15,-2.1829458047886345,39,-2.173942749219185,WLS,61,0.009003055569449359
0,x_tcsc,1-14,-0.09773509103379178,40,-0.09777329508591238,WLS,61,3.820405212059952e-05
1,B_svc,2,0.1677862055601498,40,0.16828454278680455,WLS,61,0.0004983372266547381
2,UPFC_Vsh,5-15,1.1083668805581468,40,1.1144410382484837,WLS,61,0.006074157690336923
3,UPFC_tsh,5-15,-0.24503559607180506,40,-0.24500253922089116,WLS,61,3.305685091389843e-05
4,UPFC_Vse,5-15,0.062370241809487734,40,0.06196215457085772,WLS,61,0.000408087238630013
5,UPFC_tse,5-15,-2.184022003754401,40,-2.173942749219185,WLS,61,0.010079254535215743
0,x_tcsc,1-14,-0.09774287032330187,41,-0.09777329508591238,WLS,61,3.042476261051752e-05
1,B_svc,2,0.16848091915781574,41,0.16828454278680455,WLS,61,0.0001963763710111921
2,UPFC_Vsh,5-15,1.1086997520122475,41,1.1144410382484837,WLS,61,0.005741286236236265
3,UPFC_tsh,5-15,-0.24500171737017665,41,-0.24500253922089116,WLS,61,8.218507145107967e-07
4,UPFC_Vse,5-15,0.06269405264119678,41,0.06196215457085772,WLS,61,0.0007318980703390557
5,UPFC_tse,5-15,-2.184606144059127,41,-2.173942749219185,WLS,61,0.01066339483994172
0,x_tcsc,1-14,-0.09775418481806686,42,-0.09777329508591238,WLS,61,1.9110267845526274e-05
1,B_svc,2,0.16822271786962656,42,0.16828454278680455,WLS,61,6.182491717798833e-05
2,UPFC_Vsh,5-15,1.1084476709662374,42,1.1144410382484837,WLS,61,0.005993367282246309
3,UPFC_tsh,5-15,-0.2449473656258862,42,-0.24500253922089116,WLS,61,5.517359500495367e-05
4,UPFC_Vse,5-15,0.0620092476488303,42,0.06196215457085772,WLS,61,4.7093077972577835e-05
5,UPFC_tse,5-15,-2.1847912150436257,42,-2.173942749219185,WLS,61,0.010848465824440545
0,x_tcsc,1-14,-0.09775344622777785,43,-0.09777329508591238,WLS,61,1.9848858134538516e-05
1,B_svc,2,0.16847381916477505,43,0.16828454278680455,WLS,61,0.00018927637797050423
2,UPFC_Vsh,5-15,1.108524683152518,43,1.1144410382484837,WLS,61,0.005916355095965775
3,UPFC_tsh,5-15,-0.24499106533650403,43,-0.24500253922089116,WLS,61,1.1473884387130928e-05
4,UPFC_Vse,5-15,0.06277888626042764,43,0.06196215457085772,WLS,61,0.0008167316895699231
5,UPFC_tse,5-15,-2.1861896052243783,43,-2.173942749219185,WLS,61,0.012246856005193152
0,x_tcsc,1-14,-0.09775089413886794,44,-0.09777329508591238,WLS,61,2.2400947044448616e-05
1,B_svc,2,0.1689111204737141,44,0.16828454278680455,WLS,61,0.0006265776869095463
2,UPFC_Vsh,5-15,1.1084278743348526,44,1.1144410382484837,WLS,61,0.006013163913631159
3,UPFC_tsh,5-15,-0.24497439135907828,44,-0.24500253922089116,WLS,61,2.8147861812877206e-05
4,UPFC_Vse,5-15,0.06300736239331979,44,0.06196215457085772,WLS,61,0.00104520782246207
5,UPFC_tse,5-15,-2.1820582693671047,44,-2.173942749219185,WLS,61,0.008115520147919497
0,x_tcsc,1-14,-0.09774249289645923,45,-0.09777329508591238,WLS,61,3.0802189453157935e-05
1,B_svc,2,0.16866199407817925,45,0.16828454278680455,WLS,61,0.000377451291374703
2,UPFC_Vsh,5-15,1.1087842880512015,45,1.1144410382484837,WLS,61,0.005656750197282179
3,UPFC_tsh,5-15,-0.24496376605469203,45,-0.24500253922089116,WLS,61,3.877316619912974e-05
4,UPFC_Vse,5-15,0.06258798481531319,45,0.06196215457085772,WLS,61,0.0006258302444554706
5,UPFC_tse,5-15,-2.1855467861267956,45,-2.173942749219185,WLS,61,0.011604036907610471
0,x_tcsc,1-14,-0.09774988987110873,46,-0.09777329508591238,WLS,61,2.340521480365121e-05
1,B_svc,2,0.16842578836357897,46,0.16828454278680455,WLS,61,0.00014124557677441807
2,UPFC_Vsh,5-15,1.108651212532522,46,1.1144410382484837,WLS,61,0.0057898257159616495
3,UPFC_tsh,5-15,-0.24495442701275588,46,-0.24500253922089116,WLS,61,4.8112208135275836e-05
4,UPFC_Vse,5-15,0.062484571029294556,46,0.06196215457085772,WLS,61,0.0005224164584368349
5,UPFC_tse,5-15,-2.182423246424332,46,-2.173942749219185,WLS,61,0.008480497205146875
0,x_tcsc,1-14,-0.09775219532564887,47,-0.09777329508591238,WLS,61,2.1099760263515455e-05
1,B_svc,2,0.16829573090172273,47,0.16828454278680455,WLS,61,1.1188114918181391e-05
2,UPFC_Vsh,5-15,1.1085363395545555,47,1.1144410382484837,WLS,61,0.005904698693928179
3,UPFC_tsh,5-15,-0.24501739900750275,47,-0.24500253922089116,WLS,61,1.4859786611587378e-05
4,UPFC_Vse,5-15,0.0622097676198483,47,0.06196215457085772,WLS,61,0.0002476130489905762
5,UPFC_tse,5-15,-2.187689342497654,47,-2.173942749219185,WLS,61,0.013746593278468833
0,x_tcsc,1-14,-0.09774868660683729,48,-0.09777329508591238,WLS,61,2.4608479075094447e-05
1,B_svc,2,0.16825398306992376,48,0.16828454278680455,WLS,61,3.055971688079029e-05
2,UPFC_Vsh,5-15,1.1086365812564403,48,1.1144410382484837,WLS,61,0.005804456992043461
3,UPFC_tsh,5-15,-0.24497968117840488,48,-0.24500253922089116,WLS,61,2.2858042486278984e-05
4,UPFC_Vse,5-15,0.061939234214427485,48,0.06196215457085772,WLS,61,2.292035643023521e-05
5,UPFC_tse,5-15,-2.186342472634627,48,-2.173942749219185,WLS,61,0.012399723415442043
0,x_tcsc,1-14,-0.09774126789895637,49,-0.09777329508591238,WLS,61,3.2027186956010145e-05
1,B_svc,2,0.16879247257439867,49,0.16828454278680455,WLS,61,0.0005079297875941191
2,UPFC_Vsh,5-15,1.108408756421326,49,1.1144410382484837,WLS,61,0.006032281827157648
3,UPFC_tsh,5-15,-0.24501186644018746,49,-0.24500253922089116,WLS,61,9.327219296306755e-06
4,UPFC_Vse,5-15,0.06204441345071843,49,0.06196215457085772,WLS,61,8.225887986070685e-05
5,UPFC_tse,5-15,-2.1853723195600074,49,-2.173942749219185,WLS,61,0.01142957034082226
0,x_tcsc,1-14,-0.09773736609592708,50,-0.09777329508591238,WLS,61,3.592898998530658e-05
1,B_svc,2,0.1682916746456539,50,0.16828454278680455,WLS,61,7.1318588493463064e-06
2,UPFC_Vsh,5-15,1.1083124092642833,50,1.1144410382484837,WLS,61,0.006128628984200413
3,UPFC_tsh,5-15,-0.24495672735197005,50,-0.24500253922089116,WLS,61,4.5811868921108445e-05
4,UPFC_Vse,5-15,0.06283375584819569,50,0.06196215457085772,WLS,61,0.0008716012773379647
5,UPFC_tse,5-15,-2.1842254446585243,50,-2.173942749219185,WLS,61,0.010282695439339129
0,x_tcsc,1-14,-0.09774187806745421,51,-0.09777329508591238,WLS,61,3.141701845817135e-05
1,B_svc,2,0.1685353322728888,51,0.16828454278680455,WLS,61,0.00025078948608425744
2,UPFC_Vsh,5-15,1.1087999748305029,51,1.1144410382484837,WLS,61,0.005641063417980874
3,UPFC_tsh,5-15,-0.24496299777745392,51,-0.24500253922089116,WLS,61,3.9541443437235424e-05
4,UPFC_Vse,5-15,0.06244508231180837,51,0.06196215457085772,WLS,61,0.0004829277409506491
5,UPFC_tse,5-15,-2.1854881557008845,51,-2.173942749219185,WLS,61,0.011545406481699327
0,x_tcsc,1-14,-0.09772952555525564,52,-0.09777329508591238,WLS,61,4.376953065673983e-05
1,B_svc,2,0.1689109581794785,52,0.16828454278680455,WLS,61,0.0006264153926739402
2,UPFC_Vsh,5-15,1.108462775942351,52,1.1144410382484837,WLS,61,0.005978262306132631
3,UPFC_tsh,5-15,-0.24502348897064288,52,-0.24500253922089116,WLS,61,2.0949749751725255e-05
4,UPFC_Vse,5-15,0.0627364221706699,52,0.06196215457085772,WLS,61,0.0007742675998121742
5,UPFC_tse,5-15,-2.1840486771890637,52,-2.173942749219185,WLS,61,0.010105927969878525
0,x_tcsc,1-14,-0.09774008827147004,53,-0.09777329508591238,WLS,61,3.320681444234086e-05
1,B_svc,2,0.168320635828387,53,0.16828454278680455,WLS,61,3.609304158244675e-05
2,UPFC_Vsh,5-15,1.1085414888279093,53,1.1144410382484837,WLS,61,0.005899549420574468
3,UPFC_tsh,5-15,-0.2449255080259241,53,-0.24500253922089116,WLS,61,7.703119496704769e-05
4,UPFC_Vse,5-15,0.06249072998572584,53,0.06196215457085772,WLS,61,0.0005285754148681224
5,UPFC_tse,5-15,-2.181431932707176,53,-2.173942749219185,WLS,61,0.007489183487990658
0,x_tcsc,1-14,-0.09775147480868088,54,-0.09777329508591238,WLS,61,2.1820277231507368e-05
1,B_svc,2,0.16858521644143895,54,0.16828454278680455,WLS,61,0.00030067365463440354
2,UPFC_Vsh,5-15,1.108794439051461,54,1.1144410382484837,WLS,61,0.005646599197022706
3,UPFC_tsh,5-15,-0.24493637042928748,54,-0.24500253922089116,WLS,61,6.616879160367684e-05
4,UPFC_Vse,5-15,0.06245630854397839,54,0.06196215457085772,WLS,61,0.0004941539731206715
5,UPFC_tse,5-15,-2.1853589660192974,54,-2.173942749219185,WLS,61,0.011416216800112178
0,x_tcsc,1-14,-0.09774074937342865,55,-0.09777329508591238,WLS,61,3.254571248373361e-05
1,B_svc,2,0.16891028844296943,55,0.16828454278680455,WLS,61,0.0006257456561648833
2,UPFC_Vsh,5-15,1.108657761310647,55,1.1144410382484837,WLS,61,0.0057832769378367566
3,UPFC_tsh,5-15,-0.24502274428571408,55,-0.24500253922089116,WLS,61,2.020506482292017e-05
4,UPFC_Vse,5-15,0.06282336178522746,55,0.06196215457085772,WLS,61,0.00086120721436974
5,UPFC_tse,5-15,-2.186533103188072,55,-2.173942749219185,WLS,61,0.01259035396888697
0,x_tcsc,1-14,-0.09775086103552628,56,-0.09777329508591238,WLS,61,2.2434050386099802e-05
1,B_svc,2,0.1687890489888669,56,0.16828454278680455,WLS,61,0.0005045062020623547
2,UPFC_Vsh,5-15,1.1081066237975576,56,1.1144410382484837,WLS,61,0.006334414450926085
3,UPFC_tsh,5-15,-0.24498962318706058,56,-0.24500253922089116,WLS,61,1.2916033830578932e-05
4,UPFC_Vse,5-15,0.06206470268539909,56,0.06196215457085772,WLS,61,0.00010254811454137036
5,UPFC_tse,5-15,-2.184161143994588,56,-2.173942749219185,WLS,61,0.01021839477540265
0,x_tcsc,1-14,-0.09775140990805747,57,-0.09777329508591238,WLS,61,2.188517785491062e-05
1,B_svc,2,0.16871688269392277,57,0.16828454278680455,WLS,61,0.0004323399071182177
2,UPFC_Vsh,5-15,1.1084501112043728,57,1.1144410382484837,WLS,61,0.005990927044110972
3,UPFC_tsh,5-15,-0.24500759312274836,57,-0.24500253922089116,WLS,61,5.05390185720489e-06
4,UPFC_Vse,5-15,0.06199422606755229,57,0.06196215457085772,WLS,61,3.207149669456899e-05
5,UPFC_tse,5-15,-2.1824192335878485,57,-2.173942749219185,WLS,61,0.008476484368663328
0,x_tcsc,1-14,-0.0977377748310641,58,-0.09777329508591238,WLS,61,3.552025484827859e-05
1,B_svc,2,0.1683695964814151,58,0.16828454278680455,WLS,61,8.505369461056511e-05
2,UPFC_Vsh,5-15,1.1084196745616735,58,1.1144410382484837,WLS,61,0.006021363686810277
3,UPFC_tsh,5-15,-0.24494842784963863,58,-0.24500253922089116,WLS,61,5.41113712525243e-05
4,UPFC_Vse,5-15,0.06247445163472544,58,0.06196215457085772,WLS,61,0.0005122970638677185
5,UPFC_tse,5-15,-2.1834574620345193,58,-2.173942749219185,WLS,61,0.009514712815334114
0,x_tcsc,1-14,-0.09774471094874947,59,-0.09777329508591238,WLS,61,2.8584137162918077e-05
1,B_svc,2,0.16830095218241717,59,0.16828454278680455,WLS,61,1.6409395612621003e-05
2,UPFC_Vsh,5-15,1.108637993874997,59,1.1144410382484837,WLS,61,0.0058030443734866655
3,UPFC_tsh,5-15,-0.24501497085418614,59,-0.24500253922089116,WLS,61,1.2431633294979205e-05
4,UPFC_Vse,5-15,0.06221037750378786,59,0.06196215457085772,WLS,61,0.0002482229329301422
5,UPFC_tse,5-15,-2.1854694342012686,59,-2.173942749219185,WLS,61,0.011526684982083424
0,x_tcsc,1-14,-0.09774691059126867,60,-0.09777329508591238,WLS,61,2.638449464371917e-05
1,B_svc,2,0.16882009754747945,60,0.16828454278680455,WLS,61,0.0005355547606749056
2,UPFC_Vsh,5-15,1.108676369281414,60,1.1144410382484837,WLS,61,0.005764668967069619
3,UPFC_tsh,5-15,-0.2449426830307801,60,-0.24500253922089116,WLS,61,5.98561901110628e-05
4,UPFC_Vse,5-15,0.062099792413740626,60,0.06196215457085772,WLS,61,0.00013763784288290531
5,UPFC_tse,5-15,-2.1850186817352317,60,-2.173942749219185,WLS,61,0.01107593251604655
0,x_tcsc,1-14,-0.09774522171320592,61,-0.09777329508591238,WLS,61,2.807337270646637e-05
1,B_svc,2,0.16837739843649788,61,0.16828454278680455,WLS,61,9.285564969332971e-05
2,UPFC_Vsh,5-15,1.1084156529039497,61,1.1144410382484837,WLS,61,0.006025385344534007
3,UPFC_tsh,5-15,-0.2449519231505662,61,-0.24500253922089116,WLS,61,5.0616070324971396e-05
4,UPFC_Vse,5-15,0.0625809185265239,61,0.06196215457085772,WLS,61,0.0006187639556661725
5,UPFC_tse,5-15,-2.183179565974536,61,-2.173942749219185,WLS,61,0.00923681675535093
0,x_tcsc,1-14,-0.09774334310714028,62,-0.09777329508591238,WLS,61,2.9951978772105314e-05
1,B_svc,2,0.16801338940971314,62,0.16828454278680455,WLS,61,0.00027115337709140985
2,UPFC_Vsh,5-15,1.108612039318249,62,1.1144410382484837,WLS,61,0.005828998930234697
3,UPFC_tsh,5-15,-0.2449695837218858,62,-0.24500253922089116,WLS,61,3.2955499005365985e-05
4,UPFC_Vse,5-15,0.062252648135536125,62,0.06196215457085772,WLS,61,0.00029049356467840404
5,UPFC_tse,5-15,-2.187445025175466,62,-2.173942749219185,WLS,61,0.01350227595628084
0,x_tcsc,1-14,-0.09775696332114331,63,-0.09777329508591238,WLS,61,1.633176476907583e-05
1,B_svc,2,0.16819444781435663,63,0.16828454278680455,WLS,61,9.009497244791276e-05
2,UPFC_Vsh,5-15,1.108654046203164,63,1.1144410382484837,WLS,61,0.005786992045319739
3,UPFC_tsh,5-15,-0.24494225930155367,63,-0.24500253922089116,WLS,61,6.027991933749144e-05
4,UPFC_Vse,5-15,0.06196711667393159,63,0.06196215457085772,WLS,61,4.962103073866131e-06
5,UPFC_tse,5-15,-2.1847481462417697,63,-2.173942749219185,WLS,61,0.01080539702258454
0,x_tcsc,1-14,-0.09774181836876221,64,-0.09777329508591238,WLS,61,3.147671715017508e-05
1,B_svc,2,0.168377938761399,64,0.16828454278680455,WLS,61,9.339597459445681e-05
2,UPFC_Vsh,5-15,1.108278915225807,64,1.1144410382484837,WLS,61,0.006162123022676713
3,UPFC_tsh,5-15,-0.2449622617182716,64,-0.24500253922089116,WLS,61,4.027750261956231e-05
4,UPFC_Vse,5-15,0.06227112541061288,64,0.06196215457085772,WLS,61,0.00030897083975515993
5,UPFC_tse,5-15,-2.1848441892336457,64,-2.173942749219185,WLS,61,0.010901440014460473
0,x_tcsc,1-14,-0.09775556304758529,65,-0.09777329508591238,WLS,61,1.773203832709791e-05
1,B_svc,2,0.1687361321212649,65,0.16828454278680455,WLS,61,0.00045158933446035054
2,UPFC_Vsh,5-15,1.1086791847428779,65,1.1144410382484837,WLS,61,0.005761853505605874
3,UPFC_tsh,5-15,-0.24494010276225575,65,-0.24500253922089116,WLS,61,6.243645863540648e-05
4,UPFC_Vse,5-15,0.062253065440928956,65,0.06196215457085772,WLS,61,0.00029091087007123567
5,UPFC_tse,5-15,-2.187776548617281,65,-2.173942749219185,WLS,61,0.013833799398095703
0,x_tcsc,1-14,-0.09774926693031244,66,-0.09777329508591238,WLS,61,2.4028155599944978e-05
1,B_svc,2,0.1685656451148509,66,0.16828454278680455,WLS,61,0.0002811023280463454
2,UPFC_Vsh,5-15,1.1083774424892865,66,1.1144410382484837,WLS,61,0.006063595759197238
3,UPFC_tsh,5-15,-0.24495563491748357,66,-0.24500253922089116,WLS,61,4.690430340759111e-05
4,UPFC_Vse,5-15,0.06263187309411425,66,0.06196215457085772,WLS,61,0.0006697185232565281
5,UPFC_tse,5-15,-2.1815935660788677,66,-2.173942749219185,WLS,61,0.007650816859682497
0,x_tcsc,1-14,-0.09773397536356675,67,-0.09777329508591238,WLS,61,3.931972234563763e-05
1,B_svc,2,0.16858262150319273,67,0.16828454278680455,WLS,61,0.0002980787163881782
2,UPFC_Vsh,5-15,1.1082009442138887,67,1.1144410382484837,WLS,61,0.006240094034595023
3,UPFC_tsh,5-15,-0.24496482019500787,67,-0.24500253922089116,WLS,61,3.771902588328713e-05
4,UPFC_Vse,5-15,0.06245500380056655,67,0.06196215457085772,WLS,61,0.0004928492297088319
5,UPFC_tse,5-15,-2.1840253854351395,67,-2.173942749219185,WLS,61,0.010082636215954288
0,x_tcsc,1-14,-0.09773298265755392,68,-0.09777329508591238,WLS,61,4.0312428358460495e-05
1,B_svc,2,0.16869413818647963,68,0.16828454278680455,WLS,61,0.0004095953996750834
2,UPFC_Vsh,5-15,1.108488706510479,68,1.1144410382484837,WLS,61,0.005952331738004801
3,UPFC_tsh,5-15,-0.24501484669400359,68,-0.24500253922089116,WLS,61,1.2307473112427303e-05
4,UPFC_Vse,5-15,0.061828954144276096,68,0.06196215457085772,WLS,61,0.00013320042658162418
5,UPFC_tse,5-15,-2.1830412468816993,68,-2.173942749219185,WLS,61,0.009098497662514138
0,x_tcsc,1-14,-0.09773988047014831,69,-0.09777329508591238,WLS,61,3.341461576407412e-05
1,B_svc,2,0.1682721773995496,69,0.16828454278680455,WLS,61,1.2365387254936744e-05
2,UPFC_Vsh,5-15,1.1087360750926736,69,1.1144410382484837,WLS,61,0.00570496315581015
3,UPFC_tsh,5-15,-0.24496294404525756,69,-0.24500253922089116,WLS,61,3.959517563359438e-05
4,UPFC_Vse,5-15,0.06170153903704569,69,0.06196215457085772,WLS,61,0.00026061553381202807
5,UPFC_tse,5-15,-2.185395731920829,69,-2.173942749219185,WLS,61,0.011452982701643855
0,x_tcsc,1-14,-0.09775749807398669,70,-0.09777329508591238,WLS,61,1.5797011925694493e-05
1,B_svc,2,0.16798894268105907,70,0.16828454278680455,WLS,61,0.0002956001057454749
2,UPFC_Vsh,5-15,1.108732859913298,70,1.1144410382484837,WLS,61,0.005708178335185776
3,UPFC_tsh,5-15,-0.2449336740805072,70,-0.24500253922089116,WLS,61,6.886514038395575e-05
4,UPFC_Vse,5-15,0.0618923209789776,70,0.06196215457085772,WLS,61,6.983359188011962e-05
5,UPFC_tse,5-15,-2.18472705610333,70,-2.173942749219185,WLS,61,0.01078430688414489
0,x_tcsc,1-14,-0.09775023264264851,71,-0.09777329508591238,WLS,61,2.30624432638743e-05
1,B_svc,2,0.16859293971708408,71,0.16828454278680455,WLS,61,0.0003083969302795364
2,UPFC_Vsh,5-15,1.1082890259213178,71,1.1144410382484837,WLS,61,0.00615201232716589
3,UPFC_tsh,5-15,-0.24501608578974005,71,-0.24500253922089116,WLS,61,1.354656884888783e-05
4,UPFC_Vse,5-15,0.06288210334115796,71,0.06196215457085772,WLS,61,0.0009199487703002371
5,UPFC_tse,5-15,-2.1809718066672126,71,-2.173942749219185,WLS,61,0.007029057448027398
0,x_tcsc,1-14,-0.09775033771493388,72,-0.09777329508591238,WLS,61,2.2957370978501923e-05
1,B_svc,2,0.16803006870635215,72,0.16828454278680455,WLS,61,0.0002544740804523993
2,UPFC_Vsh,5-15,1.1085528237931555,72,1.1144410382484837,WLS,61,0.005888214455328278
3,UPFC_tsh,5-15,-0.24496122624412767,72,-0.24500253922089116,WLS,61,4.1312976763491216e-05
4,UPFC_Vse,5-15,0.062290897383865264,72,0.06196215457085772,WLS,61,0.00032874281300754316
5,UPFC_tse,5-15,-2.185821803661664,72,-2.173942749219185,WLS,61,0.011879054442478942
0,x_tcsc,1-14,-0.09774760726402602,73,-0.09777329508591238,WLS,61,2.5687821886360984e-05
1,B_svc,2,0.16889309682951195,73,0.16828454278680455,WLS,61,0.0006085540427074043
2,UPFC_Vsh,5-15,1.1085296873127122,73,1.1144410382484837,WLS,61,0.005911350935771553
3,UPFC_tsh,5-15,-0.24500739191917714,73,-0.24500253922089116,WLS,61,4.852698285984225e-06
4,UPFC_Vse,5-15,0.06232443797013117,73,0.06196215457085772,WLS,61,0.00036228339927345254
5,UPFC_tse,5-15,-2.1848913550658344,73,-2.173942749219185,WLS,61,0.01094860584664925
0,x_tcsc,1-14,-0.09775206798302254,74,-0.09777329508591238,WLS,61,2.1227102889848082e-05
1,B_svc,2,0.16884515093717373,74,0.16828454278680455,WLS,61,0.0005606081503691795
2,UPFC_Vsh,5-15,1.1080621636168246,74,1.1144410382484837,WLS,61,0.006378874631659093
3,UPFC_tsh,5-15,-0.24508461093757866,74,-0.24500253922089116,WLS,61,8.207171668750401e-05
4,UPFC_Vse,5-15,0.06236072300526536,74,0.06196215457085772,WLS,61,0.0003985684344076368
5,UPFC_tse,5-15,-2.1858557236114047,74,-2.173942749219185,WLS,61,0.0119129743922195
0,x_tcsc,1-14,-0.09775436431937716,75,-0.09777329508591238,WLS,61,1.893076653522452e-05
1,B_svc,2,0.16870878481851923,75,0.16828454278680455,WLS,61,0.0004242420317146778
2,UPFC_Vsh,5-15,1.1086953089344485,75,1.1144410382484837,WLS,61,0.005745729314035275
3,UPFC_tsh,5-15,-0.2449360988412978,75,-0.24500253922089116,WLS,61,6.644037959335769e-05
4,UPFC_Vse,5-15,0.06236790238257106,75,0.06196215457085772,WLS,61,0.00040574781171334035
5,UPFC_tse,5-15,-2.186619753392122,75,-2.173942749219185,WLS,61,0.012677004172936712
0,x_tcsc,1-14,-0.09774807985642504,76,-0.09777329508591238,WLS,61,2.5215229487340896e-05
1,B_svc,2,0.16910238616527135,76,0.16828454278680455,WLS,61,0.0008178433784667982
2,UPFC_Vsh,5-15,1.108512573519961,76,1.1144410382484837,WLS,61,0.005928464728522709
3,UPFC_tsh,5-15,-0.24501366858074652,76,-0.24500253922089116,WLS,61,1.1129359855366339e-05
4,UPFC_Vse,5-15,0.06225277942459903,76,0.06196215457085772,WLS,61,0.00029062485374131003
5,UPFC_tse,5-15,-2.1823612100871195,76,-2.173942749219185,WLS,61,0.008418460867934296
0,x_tcsc,1-14,-0.09773284554013813,77,-0.09777329508591238,WLS,61,4.044954577425708e-05
1,B_svc,2,0.1682724302316565,77,0.16828454278680455,WLS,61,1.211255514804721e-05
2,UPFC_Vsh,5-15,1.1084112930320398,77,1.1144410382484837,WLS,61,0.006029745216443949
3,UPFC_tsh,5-15,-0.24504969896972398,77,-0.24500253922089116,WLS,61,4.715974883282015e-05
4,UPFC_Vse,5-15,0.06267558651617545,77,0.06196215457085772,WLS,61,0.0007134319453177343
5,UPFC_tse,5-15,-2.1835423061998536,77,-2.173942749219185,WLS,61,0.009599556980668389
0,x_tcsc,1-14,-0.09776280258957569,78,-0.09777329508591238,WLS,61,1.0492496336694801e-05
1,B_svc,2,0.16816268083171965,78,0.16828454278680455,WLS,61,0.00012186195508490094
2,UPFC_Vsh,5-15,1.1085611171564245,78,1.1144410382484837,WLS,61,0.005879921092059259
3,UPFC_tsh,5-15,-0.24497243450442377,78,-0.24500253922089116,WLS,61,3.0104716467388437e-05
4,UPFC_Vse,5-15,0.06284699382975141,78,0.06196215457085772,WLS,61,0.0008848392588936896
5,UPFC_tse,5-15,-2.182442510804315,78,-2.173942749219185,WLS,61,0.008499761585129662
0,x_tcsc,1-14,-0.09774255724592011,79,-0.09777329508591238,WLS,61,3.0737839992273086e-05
1,B_svc,2,0.16884487227820225,79,0.16828454278680455,WLS,61,0.0005603294913976986
2,UPFC_Vsh,5-15,1.1084162651484082,79,1.1144410382484837,WLS,61,0.006024773100075542
3,UPFC_tsh,5-15,-0.24503363702269557,79,-0.24500253922089116,WLS,61,3.1097801804408354e-05
4,UPFC_Vse,5-15,0.06188001907656054,79,0.06196215457085772,WLS,61,8.213549429718359e-05
5,UPFC_tse,5-15,-2.1838714795667302,79,-2.173942749219185,WLS,61,0.009928730347545045
0,x_tcsc,1-14,-0.097743719943052,80,-0.09777329508591238,WLS,61,2.957514286038021e-05
1,B_svc,2,0.1688934052776802,80,0.16828454278680455,WLS,61,0.0006088624908756612
2,UPFC_Vsh,5-15,1.1087948965559848,80,1.1144410382484837,WLS,61,0.005646141692498885
3,UPFC_tsh,5-15,-0.24496132605951093,80,-0.24500253922089116,WLS,61,4.1213161380226904e-05
4,UPFC_Vse,5-15,0.06241965227542324,80,0.06196215457085772,WLS,61,0.0004574977045655182
5,UPFC_tse,5-15,-2.1871612604096637,80,-2.173942749219185,WLS,61,0.013218511190478566
0,x_tcsc,1-14,-0.09774641260139924,81,-0.09777329508591238,WLS,61,2.688248451314379e-05
1,B_svc,2,0.1685196763130646,81,0.16828454278680455,WLS,61,0.0002351335262600618
2,UPFC_Vsh,5-15,1.1084771522867616,81,1.1144410382484837,WLS,61,0.0059638859617221485
3,UPFC_tsh,5-15,-0.24496877299516753,81,-0.24500253922089116,WLS,61,3.3766225723624865e-05
4,UPFC_Vse,5-15,0.06185719663571068,81,0.06196215457085772,WLS,61,0.00010495793514703894
5,UPFC_tse,5-15,-2.1867133376852417,81,-2.173942749219185,WLS,61,0.012770588466056498
0,x_tcsc,1-14,-0.09773160013328322,82,-0.09777329508591238,WLS,61,4.1694952629164894e-05
1,B_svc,2,0.16886887801054357,82,0.16828454278680455,WLS,61,0.0005843352237390187
2,UPFC_Vsh,5-15,1.1085151078634945,82,1.1144410382484837,WLS,61,0.005925930384989231
3,UPFC_tsh,5-15,-0.24505679103390673,82,-0.24500253922089116,WLS,61,5.425181301557669e-05
4,UPFC_Vse,5-15,0.06295528236137671,82,0.06196215457085772,WLS,61,0.000993127790518987
5,UPFC_tse,5-15,-2.1838104525594773,82,-2.173942749219185,WLS,61,0.009867703340292078
0,x_tcsc,1-14,-0.09774911644847314,83,-0.09777329508591238,WLS,61,2.417863743923998e-05
1,B_svc,2,0.16905301056703292,83,0.16828454278680455,WLS,61,0.0007684677802283768
2,UPFC_Vsh,5-15,1.1083594745251906,83,1.1144410382484837,WLS,61,0.00608156372329316
3,UPFC_tsh,5-15,-0.2449497157237237,83,-0.24500253922089116,WLS,61,5.282349716745349e-05
4,UPFC_Vse,5-15,0.06234626083184177,83,0.06196215457085772,WLS,61,0.000384106260984049
5,UPFC_tse,5-15,-2.189405750000726,83,-2.173942749219185,WLS,61,0.015463000781540615
0,x_tcsc,1-14,-0.09774281786971986,84,-0.09777329508591238,WLS,61,3.0477216192523193e-05
1,B_svc,2,0.16851246512620685,84,0.16828454278680455,WLS,61,0.00022792233940230333
2,UPFC_Vsh,5-15,1.1083774733099132,84,1.1144410382484837,WLS,61,0.00606356493857052
3,UPFC_tsh,5-15,-0.24500509846545498,84,-0.24500253922089116,WLS,61,2.5592445638267236e-06
4,UPFC_Vse,5-15,0.06268784121927268,84,0.06196215457085772,WLS,61,0.0007256866484149568
5,UPFC_tse,5-15,-2.1847353756234593,84,-2.173942749219185,WLS,61,0.010792626404274142
0,x_tcsc,1-14,-0.09774003229020745,85,-0.09777329508591238,WLS,61,3.326279570493862e-05
1,B_svc,2,0.16864059332038076,85,0.16828454278680455,WLS,61,0.00035605053357620764
2,UPFC_Vsh,5-15,1.1082803836619077,85,1.1144410382484837,WLS,61,0.006160654586575998
3,UPFC_tsh,5-15,-0.24497260298016707,85,-0.24500253922089116,WLS,61,2.9936240724087737e-05
4,UPFC_Vse,5-15,0.06191208895339194,85,0.06196215457085772,WLS,61,5.006561746578181e-05
5,UPFC_tse,5-15,-2.1870051231909025,85,-2.173942749219185,WLS,61,0.013062373971717278
0,x_tcsc,1-14,-0.09773668955237362,86,-0.09777329508591238,WLS,61,3.6605533538763835e-05
1,B_svc,2,0.1688442482609546,86,0.16828454278680455,WLS,61,0.0005597054741500462
2,UPFC_Vsh,5-15,1.1084305604878633,86,1.1144410382484837,WLS,61,0.00601047776062047
3,UPFC_tsh,5-15,-0.24502958443230158,86,-0.24500253922089116,WLS,61,2.7045211410420267e-05
4,UPFC_Vse,5-15,0.06209900569267407,86,0.06196215457085772,WLS,61,0.000136851121816349
5,UPFC_tse,5-15,-2.185605833617422,86,-2.173942749219185,WLS,61,0.011663084398236823
0,x_tcsc,1-14,-0.09775230947250345,87,-0.09777329508591238,WLS,61,2.09856134089359e-05
1,B_svc,2,0.16844563458658196,87,0.16828454278680455,WLS,61,0.00016109179977741306
2,UPFC_Vsh,5-15,1.1088336341696745,87,1.1144410382484837,WLS,61,0.005607404078809219
3,UPFC_tsh,5-15,-0.24497406037708924,87,-0.24500253922089116,WLS,61,2.8478843801915676e-05
4,UPFC_Vse,5-15,0.06274573496910518,87,0.06196215457085772,WLS,61,0.0007835803982474618
5,UPFC_tse,5-15,-2.1842153997195433,87,-2.173942749219185,WLS,61,0.010272650500358083
0,x_tcsc,1-14,-0.09773713599372173,88,-0.09777329508591238,WLS,61,3.615909219065183e-05
1,B_svc,2,0.16891711643375643,88,0.16828454278680455,WLS,61,0.0006325736469518783
2,UPFC_Vsh,5-15,1.1084592101171493,88,1.1144410382484837,WLS,61,0.00598182813133441
3,UPFC_tsh,5-15,-0.2449873363969173,88,-0.24500253922089116,WLS,61,1.5202823973853308e-05
4,UPFC_Vse,5-15,0.06189406077839632,88,0.06196215457085772,WLS,61,6.809379246140029e-05
5,UPFC_tse,5-15,-2.1828437104413454,88,-2.173942749219185,WLS,61,0.00890096122216022
0,x_tcsc,1-14,-0.09774717728314468,89,-0.09777329508591238,WLS,61,2.611780276770559e-05
1,B_svc,2,0.16846986424039445,89,0.16828454278680455,WLS,61,0.00018532145358990393
2,UPFC_Vsh,5-15,1.1083248504696945,89,1.1144410382484837,WLS,61,0.006116187778789195
3,UPFC_tsh,5-15,-0.2449823075576712,89,-0.24500253922089116,WLS,61,2.0231663219960616e-05
4,UPFC_Vse,5-15,0.062020173161023054,89,0.06196215457085772,WLS,61,5.801859016533323e-05
5,UPFC_tse,5-15,-2.183872421422629,89,-2.173942749219185,WLS,61,0.009929672203443651
0,x_tcsc,1-14,-0.09775335227002042,90,-0.09777329508591238,WLS,61,1.994281589196012e-05
1,B_svc,2,0.16844666964913,90,0.16828454278680455,WLS,61,0.0001621268623254457
2,UPFC_Vsh,5-15,1.1085623664321236,90,1.1144410382484837,WLS,61,0.005878671816360148
3,UPFC_tsh,5-15,-0.24495864236768453,90,-0.24500253922089116,WLS,61,4.389685320663195e-05
4,UPFC_Vse,5-15,0.06225841566525953,90,0.06196215457085772,WLS,61,0.0002962610944018118
5,UPFC_tse,5-15,-2.1844607350469496,90,-2.173942749219185,WLS,61,0.01051798582776442
0,x_tcsc,1-14,-0.09773996771348144,91,-0.09777329508591238,WLS,61,3.3327372430946856e-05
1,B_svc,2,0.16906399930601176,91,0.16828454278680455,WLS,61,0.0007794565192072167
2,UPFC_Vsh,5-15,1.1086256133478027,91,1.1144410382484837,WLS,61,0.005815424900680988
3,UPFC_tsh,5-15,-0.2450155286545757,91,-0.24500253922089116,WLS,61,1.2989433684551521e-05
4,UPFC_Vse,5-15,0.062453593434140954,91,0.06196215457085772,WLS,61,0.0004914388632832334
5,UPFC_tse,5-15,-2.1817169515918833,91,-2.173942749219185,WLS,61,0.0077742023726981024
0,x_tcsc,1-14,-0.09774815449919518,92,-0.09777329508591238,WLS,61,2.5140586717209423e-05
1,B_svc,2,0.16875998471715806,92,0.16828454278680455,WLS,61,0.00047544193035350957
2,UPFC_Vsh,5-15,1.1085173863069315,92,1.1144410382484837,WLS,61,0.005923651941552199
3,UPFC_tsh,5-15,-0.24499187906241227,92,-0.24500253922089116,WLS,61,1.0660158478892345e-05
4,UPFC_Vse,5-15,0.06262007867478998,92,0.06196215457085772,WLS,61,0.0006579241039322628
5,UPFC_tse,5-15,-2.182491388140876,92,-2.173942749219185,WLS,61,0.008548638921690888
0,x_tcsc,1-14,-0.09774052567702093,93,-0.09777329508591238,WLS,61,3.276940889145041e-05
1,B_svc,2,0.16825350951009263,93,0.16828454278680455,WLS,61,3.1033276711917024e-05
2,UPFC_Vsh,5-15,1.1084883368180518,93,1.1144410382484837,WLS,61,0.005952701430431917
3,UPFC_tsh,5-15,-0.24495144457611123,93,-0.24500253922089116,WLS,61,5.1094644779925424e-05
4,UPFC_Vse,5-15,0.06194385357047624,93,0.06196215457085772,WLS,61,1.8301000381477917e-05
5,UPFC_tse,5-15,-2.1861328942954437,93,-2.173942749219185,WLS,61,0.012190145076258485
0,x_tcsc,1-14,-0.09774026788036305,94,-0.09777329508591238,WLS,61,3.302720554933247e-05
1,B_svc,2,0.16879343324637575,94,0.16828454278680455,WLS,61,0.0005088904595711985
2,UPFC_Vsh,5-15,1.1081282943455466,94,1.1144410382484837,WLS,61,0.0063127439029371235
3,UPFC_tsh,5-15,-0.2450276550617929,94,-0.24500253922089116,WLS,61,2.5115840901729358e-05
4,UPFC_Vse,5-15,0.06262021726758565,94,0.06196215457085772,WLS,61,0.0006580626967279332
5,UPFC_tse,5-15,-2.1828264697490622,94,-2.173942749219185,WLS,61,0.00888372052987707
0,x_tcsc,1-14,-0.09774218010797109,95,-0.09777329508591238,WLS,61,3.111497794129614e-05
1,B_svc,2,0.16875102826599728,95,0.16828454278680455,WLS,61,0.00046648547919272976
2,UPFC_Vsh,5-15,1.108254635853838,95,1.1144410382484837,WLS,61,0.006186402394645629
3,UPFC_tsh,5-15,-0.24500287730955794,95,-0.24500253922089116,WLS,61,3.380886667847527e-07
4,UPFC_Vse,5-15,0.06261156554798993,95,0.06196215457085772,WLS,61,0.0006494109771322046
5,UPFC_tse,5-15,-2.1853209249607963,95,-2.173942749219185,WLS,61,0.011378175741611152
0,x_tcsc,1-14,-0.09774588493839625,96,-0.09777329508591238,WLS,61,2.74101475161298e-05
1,B_svc,2,0.16844626498619908,96,0.16828454278680455,WLS,61,0.0001617221993945317
2,UPFC_Vsh,5-15,1.108234276995728,96,1.1144410382484837,WLS,61,0.006206761252755655
3,UPFC_tsh,5-15,-0.24504405416623753,96,-0.24500253922089116,WLS,61,4.151494534637701e-05
4,UPFC_Vse,5-15,0.0625681828010811,96,0.06196215457085772,WLS,61,0.0006060282302233835
5,UPFC_tse,5-15,-2.1837788683032335,96,-2.173942749219185,WLS,61,0.009836119084048356
0,x_tcsc,1-14,-0.09774647017740797,97,-0.09777329508591238,WLS,61,2.682490850441921e-05
1,B_svc,2,0.16875316324988082,97,0.16828454278680455,WLS,61,0.0004686204630762747
2,UPFC_Vsh,5-15,1.10850756803859,97,1.1144410382484837,WLS,61,0.005933470209893654
3,UPFC_tsh,5-15,-0.24503181881094244,97,-0.24500253922089116,WLS,61,2.927959005127878e-05
4,UPFC_Vse,5-15,0.06298388345468678,97,0.06196215457085772,WLS,61,0.001021728883829058
5,UPFC_tse,5-15,-2.186457549363237,97,-2.173942749219185,WLS,61,0.012514800144051819
0,x_tcsc,1-14,-0.09774671252284232,98,-0.09777329508591238,WLS,61,2.6582563070060017e-05
1,B_svc,2,0.16873222164837537,98,0.16828454278680455,WLS,61,0.0004476788615708216
2,UPFC_Vsh,5-15,1.1085604649261658,98,1.1144410382484837,WLS,61,0.00588057332231795
3,UPFC_tsh,5-15,-0.24495572089778447,98,-0.24500253922089116,WLS,61,4.681832310668432e-05
4,UPFC_Vse,5-15,0.062371340819710346,98,0.06196215457085772,WLS,61,0.0004091862488526249
5,UPFC_tse,5-15,-2.186342948364323,98,-2.173942749219185,WLS,61,0.01240019914513768
0,x_tcsc,1-14,-0.0977373426551876,99,-0.09777329508591238,WLS,61,3.595243072478105e-05
1,B_svc,2,0.16878275313742486,99,0.16828454278680455,WLS,61,0.0004982103506203095
2,UPFC_Vsh,5-15,1.1083139997819422,99,1.1144410382484837,WLS,61,0.006127038466541501
3,UPFC_tsh,5-15,-0.24501276728406227,99,-0.24500253922089116,WLS,61,1.0228063171108248e-05
4,UPFC_Vse,5-15,0.062289685331314244,99,0.06196215457085772,WLS,61,0.00032753076045652363
5,UPFC_tse,5-15,-2.1827679002163243,99,-2.173942749219185,WLS,61,0.008825150997139097
0,x_tcsc,1-14,-0.10097149793944157,0,-0.10101225574976058,WLS,63,4.0757810319008714e-05
1,B_svc,2,0.1706758747291734,0,0.17062739233386445,WLS,63,4.848239530894083e-05
2,UPFC_Vsh,5-15,1.1082062300344244,0,1.1129292855585908,WLS,63,0.0047230555241664085
3,UPFC_tsh,5-15,-0.241425242692,0,-0.2414222332974194,WLS,63,3.009394580588687e-06
4,UPFC_Vse,5-15,0.06276372359033276,0,0.06318830069089101,WLS,63,0.0004245771005582516
5,UPFC_tse,5-15,-2.1839504809979813,0,-2.169501817510658,WLS,63,0.014448663487323099
0,x_tcsc,1-14,-0.10096595215794658,1,-0.10101225574976058,WLS,63,4.6303591813998124e-05
1,B_svc,2,0.17072161922869156,1,0.17062739233386445,WLS,63,9.422689482710411e-05
2,UPFC_Vsh,5-15,1.1087914824331557,1,1.1129292855585908,WLS,63,0.004137803125435102
3,UPFC_tsh,5-15,-0.24125945519097589,1,-0.2414222332974194,WLS,63,0.00016277810644352297
4,UPFC_Vse,5-15,0.06299443471180977,1,0.06318830069089101,WLS,63,0.00019386597908124803
5,UPFC_tse,5-15,-2.1802871546300038,1,-2.169501817510658,WLS,63,0.010785337119345595
0,x_tcsc,1-14,-0.10096566076675634,2,-0.10101225574976058,WLS,63,4.659498300424447e-05
1,B_svc,2,0.17088071294915017,2,0.17062739233386445,WLS,63,0.0002533206152857126
2,UPFC_Vsh,5-15,1.1086814733503143,2,1.1129292855585908,WLS,63,0.004247812208276525
3,UPFC_tsh,5-15,-0.24137903089679427,2,-0.2414222332974194,WLS,63,4.320240062513636e-05
4,UPFC_Vse,5-15,0.06291901498195879,2,0.06318830069089101,WLS,63,0.0002692857089322265
5,UPFC_tse,5-15,-2.1840458032650814,2,-2.169501817510658,WLS,63,0.014543985754423172
0,x_tcsc,1-14,-0.10097672669528981,3,-0.10101225574976058,WLS,63,3.5529054470767596e-05
1,B_svc,2,0.17124340018167897,3,0.17062739233386445,WLS,63,0.0006160078478145148
2,UPFC_Vsh,5-15,1.108401869265741,3,1.1129292855585908,WLS,63,0.004527416292849917
3,UPFC_tsh,5-15,-0.2413884038240417,3,-0.2414222332974194,WLS,63,3.382947337771114e-05
4,UPFC_Vse,5-15,0.06336323503091247,3,0.06318830069089101,WLS,63,0.00017493434002145702
5,UPFC_tse,5-15,-2.1852476699451815,3,-2.169501817510658,WLS,63,0.01574585243452331
0,x_tcsc,1-14,-0.10096454778978763,4,-0.10101225574976058,WLS,63,4.770795997295629e-05
1,B_svc,2,0.17116188937080787,4,0.17062739233386445,WLS,63,0.0005344970369434154
2,UPFC_Vsh,5-15,1.108587183201535,4,1.1129292855585908,WLS,63,0.004342102357055788
3,UPFC_tsh,5-15,-0.24133744850915195,4,-0.2414222332974194,WLS,63,8.478478826745572e-05
4,UPFC_Vse,5-15,0.062370366384067136,4,0.06318830069089101,WLS,63,0.0008179343068238781
5,UPFC_tse,5-15,-2.18314211666867,4,-2.169501817510658,WLS,63,0.013640299158011793
0,x_tcsc,1-14,-0.10096085359596148,5,-0.10101225574976058,WLS,63,5.14021537991044e-05
1,B_svc,2,0.1707345557101116,5,0.17062739233386445,WLS,63,0.00010716337624713801
2,UPFC_Vsh,5-15,1.1088706870152352,5,1.1129292855585908,WLS,63,0.004058598543355663
3,UPFC_tsh,5-15,-0.2414145656431097,5,-0.2414222332974194,WLS,63,7.667654309706506e-06
4,UPFC_Vse,5-15,0.06286170408187805,5,0.06318830069089101,WLS,63,0.0003265966090129635
5,UPFC_tse,5-15,-2.184277373083932,5,-2.169501817510658,WLS,63,0.014775555573273813
0,x_tcsc,1-14,-0.10098621593983309,6,-0.10101225574976058,WLS,63,2.6039809927491664e-05
1,B_svc,2,0.17063657272582708,6,0.17062739233386445,WLS,63,9.180391962626544e-06
2,UPFC_Vsh,5-15,1.1085282846578344,6,1.1129292855585908,WLS,63,0.004401000900756458
3,UPFC_tsh,5-15,-0.24138944062606266,6,-0.2414222332974194,WLS,63,3.279267135675168e-05
4,UPFC_Vse,5-15,0.06264939350620359,6,0.06318830069089101,WLS,63,0.0005389071846874233
5,UPFC_tse,5-15,-2.184667106303203,6,-2.169501817510658,WLS,63,0.01516528879254464
0,x_tcsc,1-14,-0.10095788164769555,7,-0.10101225574976058,WLS,63,5.43741020650329e-05
1,B_svc,2,0.17094684643346306,7,0.17062739233386445,WLS,63,0.00031945409959860394
2,UPFC_Vsh,5-15,1.1087664947183733,7,1.1129292855585908,WLS,63,0.004162790840217534
3,UPFC_tsh,5-15,-0.24138974587436868,7,-0.2414222332974194,WLS,63,3.2487423050731046e-05
4,UPFC_Vse,5-15,0.06262219541147933,7,0.06318830069089101,WLS,63,0.0005661052794116855
5,UPFC_tse,5-15,-2.18001174348097,7,-2.169501817510658,WLS,63,0.010509925970311862
0,x_tcsc,1-14,-0.10096332834345943,8,-0.10101225574976058,WLS,63,4.892740630114967e-05
1,B_svc,2,0.17085053120715024,8,0.17062739233386445,WLS,63,0.00022313887328578863
2,UPFC_Vsh,5-15,1.1088252660301292,8,1.1129292855585908,WLS,63,0.004104019528461622
3,UPFC_tsh,5-15,-0.24129974681078975,8,-0.2414222332974194,WLS,63,0.00012248648662965822
4,UPFC_Vse,5-15,0.06299563694255157,8,0.06318830069089101,WLS,63,0.00019266374833944167
5,UPFC_tse,5-15,-2.179970489005434,8,-2.169501817510658,WLS,63,0.010468671494775705
0,x_tcsc,1-14,-0.10096476900960834,9,-0.10101225574976058,WLS,63,4.748674015224441e-05
1,B_svc,2,0.17079849907030967,9,0.17062739233386445,WLS,63,0.00017110673644521457
2,UPFC_Vsh,5-15,1.1087576608770888,9,1.1129292855585908,WLS,63,0.004171624681502006
3,UPFC_tsh,5-15,-0.24133064675664168,9,-0.2414222332974194,WLS,63,9.158654077773276e-05
4,UPFC_Vse,5-15,0.0625740555405252,9,0.06318830069089101,WLS,63,0.0006142451503658164
5,UPFC_tse,5-15,-2.183514922430489,9,-2.169501817510658,WLS,63,0.014013104919830877
0,x_tcsc,1-14,-0.1009653224488787,10,-0.10101225574976058,WLS,63,4.693330088188785e-05
1,B_svc,2,0.17082217921617157,10,0.17062739233386445,WLS,63,0.0001947868823071186
2,UPFC_Vsh,5-15,1.1084764141203587,10,1.1129292855585908,WLS,63,0.004452871438232142
3,UPFC_tsh,5-15,-0.24132918031951753,10,-0.2414222332974194,WLS,63,9.305297790188072e-05
4,UPFC_Vse,5-15,0.06290633784034846,10,0.06318830069089101,WLS,63,0.00028196285054254977
5,UPFC_tse,5-15,-2.179340672445979,10,-2.169501817510658,WLS,63,0.009838854935320995
0,x_tcsc,1-14,-0.10095921615945692,11,-0.10101225574976058,WLS,63,5.30395903036579e-05
1,B_svc,2,0.17129354446247239,11,0.17062739233386445,WLS,63,0.000666152128607933
2,UPFC_Vsh,5-15,1.1083757862369072,11,1.1129292855585908,WLS,63,0.004553499321683585
3,UPFC_tsh,5-15,-0.2413682251443027,11,-0.2414222332974194,WLS,63,5.4008153116708035e-05
4,UPFC_Vse,5-15,0.06305300590844679,11,0.06318830069089101,WLS,63,0.00013529478244422855
5,UPFC_tse,5-15,-2.1831595725805326,11,-2.169501817510658,WLS,63,0.013657755069874433
0,x_tcsc,1-14,-0.10095129042352885,12,-0.10101225574976058,WLS,63,6.096532623173223e-05
1,B_svc,2,0.1706739622105197,12,0.17062739233386445,WLS,63,4.65698766552447e-05
2,UPFC_Vsh,5-15,1.1088798945043399,12,1.1129292855585908,WLS,63,0.00404939105425095
3,UPFC_tsh,5-15,-0.2413275523807033,12,-0.2414222332974194,WLS,63,9.468091671610557e-05
4,UPFC_Vse,5-15,0.06341951143426798,12,0.06318830069089101,WLS,63,0.00023121074337696668
5,UPFC_tse,5-15,-2.1805358756388387,12,-2.169501817510658,WLS,63,0.01103405812818048
0,x_tcsc,1-14,-0.10095999784924327,13,-0.10101225574976058,WLS,63,5.2257900517313494e-05
1,B_svc,2,0.17104499405991072,13,0.17062739233386445,WLS,63,0.00041760172604626833
2,UPFC_Vsh,5-15,1.1084275979370255,13,1.1129292855585908,WLS,63,0.004501687621565331
3,UPFC_tsh,5-15,-0.24142377956458227,13,-0.2414222332974194,WLS,63,1.5462671628663216e-06
4,UPFC_Vse,5-15,0.0624575742903033,13,0.06318830069089101,WLS,63,0.0007307264005877168
5,UPFC_tse,5-15,-2.1867187004242186,13,-2.169501817510658,WLS,63,0.017216882913560383
0,x_tcsc,1-14,-0.10096610355684947,14,-0.10101225574976058,WLS,63,4.615219291111139e-05
1,B_svc,2,0.17064839663080508,14,0.17062739233386445,WLS,63,2.1004296940629885e-05
2,UPFC_Vsh,5-15,1.1085913874944002,14,1.1129292855585908,WLS,63,0.004337898064190604
3,UPFC_tsh,5-15,-0.2413476706744657,14,-0.2414222332974194,WLS,63,7.456262295371663e-05
4,UPFC_Vse,5-15,0.06243151107154271,14,0.06318830069089101,WLS,63,0.0007567896193483026
5,UPFC_tse,5-15,-2.183793031634185,14,-2.169501817510658,WLS,63,0.014291214123526963
0,x_tcsc,1-14,-0.1009636557651333,15,-0.10101225574976058,WLS,63,4.859998462727888e-05
1,B_svc,2,0.1705773208373064,15,0.17062739233386445,WLS,63,5.0071496558057316e-05
2,UPFC_Vsh,5-15,1.1085079708117351,15,1.1129292855585908,WLS,63,0.004421314746855698
3,UPFC_tsh,5-15,-0.2413284711124536,15,-0.2414222332974194,WLS,63,9.376218496581767e-05
4,UPFC_Vse,5-15,0.06272376865058027,15,0.06318830069089101,WLS,63,0.00046453204031074447
5,UPFC_tse,5-15,-2.181505559707263,15,-2.169501817510658,WLS,63,0.012003742196604605
0,x_tcsc,1-14,-0.10096347611085263,16,-0.10101225574976058,WLS,63,4.8779638907953116e-05
1,B_svc,2,0.1709753768925085,16,0.17062739233386445,WLS,63,0.0003479845586440433
2,UPFC_Vsh,5-15,1.109086402235307,16,1.1129292855585908,WLS,63,0.0038428833232837523
3,UPFC_tsh,5-15,-0.24132622798786238,16,-0.2414222332974194,WLS,63,9.600530955702902e-05
4,UPFC_Vse,5-15,0.06210369784533114,16,0.06318830069089101,WLS,63,0.001084602845559876
5,UPFC_tse,5-15,-2.1870195673942163,16,-2.169501817510658,WLS,63,0.017517749883558142
0,x_tcsc,1-14,-0.10097357916557277,17,-0.10101225574976058,WLS,63,3.8676584187810614e-05
1,B_svc,2,0.17098001319301845,17,0.17062739233386445,WLS,63,0.0003526208591539959
2,UPFC_Vsh,5-15,1.1088941448509593,17,1.1129292855585908,WLS,63,0.004035140707631557
3,UPFC_tsh,5-15,-0.24136148052352482,17,-0.2414222332974194,WLS,63,6.0752773894584555e-05
4,UPFC_Vse,5-15,0.06330428049209612,17,0.06318830069089101,WLS,63,0.00011597980120510443
5,UPFC_tse,5-15,-2.179770749089626,17,-2.169501817510658,WLS,63,0.010268931578967688
0,x_tcsc,1-14,-0.10096873940536195,18,-0.10101225574976058,WLS,63,4.351634439862806e-05
1,B_svc,2,0.17059453550268527,18,0.17062739233386445,WLS,63,3.2856831179178814e-05
2,UPFC_Vsh,5-15,1.1086557487983972,18,1.1129292855585908,WLS,63,0.004273536760193597
3,UPFC_tsh,5-15,-0.2413407721254748,18,-0.2414222332974194,WLS,63,8.146117194460234e-05
4,UPFC_Vse,5-15,0.06295890499791648,18,0.06318830069089101,WLS,63,0.00022939569297453222
5,UPFC_tse,5-15,-2.18300749681683,18,-2.169501817510658,WLS,63,0.013505679306171636
0,x_tcsc,1-14,-0.10096312700988025,19,-0.10101225574976058,WLS,63,4.912873988033306e-05
1,B_svc,2,0.17047538864656855,19,0.17062739233386445,WLS,63,0.00015200368729589853
2,UPFC_Vsh,5-15,1.1085901125990159,19,1.1129292855585908,WLS,63,0.004339172959574977
3,UPFC_tsh,5-15,-0.24137481642843547,19,-0.2414222332974194,WLS,63,4.7416868983934934e-05
4,UPFC_Vse,5-15,0.06298873616577289,19,0.06318830069089101,WLS,63,0.00019956452511812883
5,UPFC_tse,5-15,-2.180590673525103,19,-2.169501817510658,WLS,63,0.011088856014444648
0,x_tcsc,1-14,-0.10094957689437413,20,-0.10101225574976058,WLS,63,6.267885538645268e-05
1,B_svc,2,0.17117112672356513,20,0.17062739233386445,WLS,63,0.0005437343897006786
2,UPFC_Vsh,5-15,1.1088256108832095,20,1.1129292855585908,WLS,63,0.004103674675381308
3,UPFC_tsh,5-15,-0.2413417847472148,20,-0.2414222332974194,WLS,63,8.044855020461483e-05
4,UPFC_Vse,5-15,0.06242605740032511,20,0.06318830069089101,WLS,63,0.0007622432905659005
5,UPFC_tse,5-15,-2.184670863405532,20,-2.169501817510658,WLS,63,0.01516904589487389
0,x_tcsc,1-14,-0.10096502308959451,21,-0.10101225574976058,WLS,63,4.723266016606886e-05
1,B_svc,2,0.17134447079584764,21,0.17062739233386445,WLS,63,0.0007170784619831838
2,UPFC_Vsh,5-15,1.1089948793146804,21,1.1129292855585908,WLS,63,0.003934406243910393
3,UPFC_tsh,5-15,-0.24136257228005384,21,-0.2414222332974194,WLS,63,5.9661017365569835e-05
4,UPFC_Vse,5-15,0.06269596568772148,21,0.06318830069089101,WLS,63,0.0004923350031695306
5,UPFC_tse,5-15,-2.183952140047341,21,-2.169501817510658,WLS,63,0.01445032253668277
0,x_tcsc,1-14,-0.10097098036416632,22,-0.10101225574976058,WLS,63,4.127538559425825e-05
1,B_svc,2,0.1705692558272667,22,0.17062739233386445,WLS,63,5.813650659775016e-05
2,UPFC_Vsh,5-15,1.1085994842150813,22,1.1129292855585908,WLS,63,0.004329801343509576
3,UPFC_tsh,5-15,-0.2413661190253335,22,-0.2414222332974194,WLS,63,5.611427208590536e-05
4,UPFC_Vse,5-15,0.06281994205327514,22,0.06318830069089101,WLS,63,0.00036835863761587595
5,UPFC_tse,5-15,-2.1826683265439826,22,-2.169501817510658,WLS,63,0.013166509033324392
0,x_tcsc,1-14,-0.10097757769669356,23,-0.10101225574976058,WLS,63,3.467805306701932e-05
1,B_svc,2,0.1713265309720961,23,0.17062739233386445,WLS,63,0.00069913863823165
2,UPFC_Vsh,5-15,1.1083944563550667,23,1.1129292855585908,WLS,63,0.0045348292035241045
3,UPFC_tsh,5-15,-0.24140314732887833,23,-0.2414222332974194,WLS,63,1.9085968541082687e-05
4,UPFC_Vse,5-15,0.06285557521855344,23,0.06318830069089101,WLS,63,0.00033272547233757777
5,UPFC_tse,5-15,-2.1834876389958313,23,-2.169501817510658,WLS,63,0.013985821485173133
0,x_tcsc,1-14,-0.10096614832783266,24,-0.10101225574976058,WLS,63,4.610742192792672e-05
1,B_svc,2,0.17116467211250225,24,0.17062739233386445,WLS,63,0.0005372797786377947
2,UPFC_Vsh,5-15,1.108508047511318,24,1.1129292855585908,WLS,63,0.004421238047272791
3,UPFC_tsh,5-15,-0.24141206598138482,24,-0.2414222332974194,WLS,63,1.0167316034592755e-05
4,UPFC_Vse,5-15,0.0630998033276897,24,0.06318830069089101,WLS,63,8.849736320130919e-05
5,UPFC_tse,5-15,-2.1857243795502894,24,-2.169501817510658,WLS,63,0.01622256203963124
0,x_tcsc,1-14,-0.10095799789561277,25,-0.10101225574976058,WLS,63,5.4257854147810036e-05
1,B_svc,2,0.17123765783383438,25,0.17062739233386445,WLS,63,0.0006102654999699253
2,UPFC_Vsh,5-15,1.1086725789465708,25,1.1129292855585908,WLS,63,0.004256706612020045
3,UPFC_tsh,5-15,-0.24139979528611782,25,-0.2414222332974194,WLS,63,2.2438011301584293e-05
4,UPFC_Vse,5-15,0.0628429088072148,25,0.06318830069089101,WLS,63,0.000345391883676216
5,UPFC_tse,5-15,-2.183800181419447,25,-2.169501817510658,WLS,63,0.014298363908789025
0,x_tcsc,1-14,-0.10096555643583939,26,-0.10101225574976058,WLS,63,4.6699313921191865e-05
1,B_svc,2,0.17111745460330488,26,0.17062739233386445,WLS,63,0.0004900622694404277
2,UPFC_Vsh,5-15,1.1084374878033498,26,1.1129292855585908,WLS,63,0.0044917977552410004
3,UPFC_tsh,5-15,-0.24135064011203158,26,-0.2414222332974194,WLS,63,7.159318538782489e-05
4,UPFC_Vse,5-15,0.06254868698024374,26,0.06318830069089101,WLS,63,0.0006396137106472743
5,UPFC_tse,5-15,-2.181747656783532,26,-2.169501817510658,WLS,63,0.012245839272873926
0,x_tcsc,1-14,-0.10097916659490937,27,-0.10101225574976058,WLS,63,3.308915485121522e-05
1,B_svc,2,0.17092476107100296,27,0.17062739233386445,WLS,63,0.0002973687371385092
2,UPFC_Vsh,5-15,1.1087368189101985,27,1.1129292855585908,WLS,63,0.004192466648392346
3,UPFC_tsh,5-15,-0.24137870951012397,27,-0.2414222332974194,WLS,63,4.352378729544082e-05
4,UPFC_Vse,5-15,0.06255003895959922,27,0.06318830069089101,WLS,63,0.0006382617312917921
5,UPFC_tse,5-15,-2.186293253957414,27,-2.169501817510658,WLS,63,0.016791436446755625
0,x_tcsc,1-14,-0.10096342984142974,28,-0.10101225574976058,WLS,63,4.882590833084344e-05
1,B_svc,2,0.17088139267045876,28,0.17062739233386445,WLS,63,0.0002540003365943122
2,UPFC_Vsh,5-15,1.1083944911051888,28,1.1129292855585908,WLS,63,0.004534794453401991
3,UPFC_tsh,5-15,-0.2414629977876008,28,-0.2414222332974194,WLS,63,4.0764490181394164e-05
4,UPFC_Vse,5-15,0.06283889097605139,28,0.06318830069089101,WLS,63,0.0003494097148396269
5,UPFC_tse,5-15,-2.183470675283522,28,-2.169501817510658,WLS,63,0.013968857772863608
0,x_tcsc,1-14,-0.10095910125883907,29,-0.10101225574976058,WLS,63,5.315449092151148e-05
1,B_svc,2,0.17086006944312987,29,0.17062739233386445,WLS,63,0.00023267710926541674
2,UPFC_Vsh,5-15,1.1084212446423052,29,1.1129292855585908,WLS,63,0.004508040916285649
3,UPFC_tsh,5-15,-0.24141409283758647,29,-0.2414222332974194,WLS,63,8.140459832939317e-06
4,UPFC_Vse,5-15,0.06256886304732671,29,0.06318830069089101,WLS,63,0.0006194376435642995
5,UPFC_tse,5-15,-2.1860364673591635,29,-2.169501817510658,WLS,63,0.01653464984850528
0,x_tcsc,1-14,-0.10096065914398752,30,-0.10101225574976058,WLS,63,5.159660577305769e-05
1,B_svc,2,0.1709460780035356,30,0.17062739233386445,WLS,63,0.0003186856696711371
2,UPFC_Vsh,5-15,1.10868150128469,30,1.1129292855585908,WLS,63,0.004247784273900823
3,UPFC_tsh,5-15,-0.24137445821809814,30,-0.2414222332974194,WLS,63,4.7775079321271674e-05
4,UPFC_Vse,5-15,0.06309921090520047,30,0.06318830069089101,WLS,63,8.908978569054093e-05
5,UPFC_tse,5-15,-2.1841020075850586,30,-2.169501817510658,WLS,63,0.014600190074400388
0,x_tcsc,1-14,-0.10096955625856277,31,-0.10101225574976058,WLS,63,4.26994911978118e-05
1,B_svc,2,0.17076968516798913,31,0.17062739233386445,WLS,63,0.0001422928341246743
2,UPFC_Vsh,5-15,1.108513695212813,31,1.1129292855585908,WLS,63,0.004415590345777876
3,UPFC_tsh,5-15,-0.24146036361577747,31,-0.2414222332974194,WLS,63,3.813031835805947e-05
4,UPFC_Vse,5-15,0.06299978426747152,31,0.06318830069089101,WLS,63,0.0001885164234194936
5,UPFC_tse,5-15,-2.184231303858274,31,-2.169501817510658,WLS,63,0.01472948634761595
0,x_tcsc,1-14,-0.10095845540459539,32,-0.10101225574976058,WLS,63,5.380034516519472e-05
1,B_svc,2,0.1711465425564763,32,0.17062739233386445,WLS,63,0.0005191502226118416
2,UPFC_Vsh,5-15,1.1085928317713656,32,1.1129292855585908,WLS,63,0.004336453787225247
3,UPFC_tsh,5-15,-0.2413278122912585,32,-0.2414222332974194,WLS,63,9.442100616091631e-05
4,UPFC_Vse,5-15,0.06278924506972247,32,0.06318830069089101,WLS,63,0.00039905562116854254
5,UPFC_tse,5-15,-2.1826091534723973,32,-2.169501817510658,WLS,63,0.013107335961739075
0,x_tcsc,1-14,-0.10097453409736089,33,-0.10101225574976058,WLS,63,3.772165239969427e-05
1,B_svc,2,0.17062531636197045,33,0.17062739233386445,WLS,63,2.075971893999995e-06
2,UPFC_Vsh,5-15,1.1086084885416343,33,1.1129292855585908,WLS,63,0.004320797016956535
3,UPFC_tsh,5-15,-0.24136085426578804,33,-0.2414222332974194,WLS,63,6.137903163136449e-05
4,UPFC_Vse,5-15,0.06260558729131023,33,0.06318830069089101,WLS,63,0.0005827133995807837
5,UPFC_tse,5-15,-2.1836707115303153,33,-2.169501817510658,WLS,63,0.014168894019657152
0,x_tcsc,1-14,-0.10097355321951208,34,-0.10101225574976058,WLS,63,3.8702530248499456e-05
1,B_svc,2,0.17108099307844568,34,0.17062739233386445,WLS,63,0.00045360074458122845
2,UPFC_Vsh,5-15,1.1084974713379263,34,1.1129292855585908,WLS,63,0.004431814220664521
3,UPFC_tsh,5-15,-0.2414411562247195,34,-0.2414222332974194,WLS,63,1.8922927300102366e-05
4,UPFC_Vse,5-15,0.06325581717359899,34,0.06318830069089101,WLS,63,6.751648270797439e-05
5,UPFC_tse,5-15,-2.1795588182849066,34,-2.169501817510658,WLS,63,0.010057000774248426
0,x_tcsc,1-14,-0.10095684477781572,35,-0.10101225574976058,WLS,63,5.541097194486366e-05
1,B_svc,2,0.17133540255016586,35,0.17062739233386445,WLS,63,0.0007080102163014024
2,UPFC_Vsh,5-15,1.108724807516001,35,1.1129292855585908,WLS,63,0.004204478042589832
3,UPFC_tsh,5-15,-0.24142436135188944,35,-0.2414222332974194,WLS,63,2.1280544700297277e-06
4,UPFC_Vse,5-15,0.06315725878399384,35,0.06318830069089101,WLS,63,3.1041906897177896e-05
5,UPFC_tse,5-15,-2.1816468545893457,35,-2.169501817510658,WLS,63,0.012145037078687526
0,x_tcsc,1-14,-0.10096740827172818,36,-0.10101225574976058,WLS,63,4.484747803240596e-05
1,B_svc,2,0.17085434694788196,36,0.17062739233386445,WLS,63,0.00022695461401750494
2,UPFC_Vsh,5-15,1.1089886402029698,36,1.1129292855585908,WLS,63,0.0039406453556209975
3,UPFC_tsh,5-15,-0.24132007371593084,36,-0.2414222332974194,WLS,63,0.00010215958148857007
4,UPFC_Vse,5-15,0.06259730189805546,36,0.06318830069089101,WLS,63,0.0005909987928355565
5,UPFC_tse,5-15,-2.183623149319755,36,-2.169501817510658,WLS,63,0.014121331809096915
0,x_tcsc,1-14,-0.10096450405618071,37,-0.10101225574976058,WLS,63,4.7751693579872745e-05
1,B_svc,2,0.17048512292559923,37,0.17062739233386445,WLS,63,0.0001422694082652276
2,UPFC_Vsh,5-15,1.1087710541368716,37,1.1129292855585908,WLS,63,0.004158231421719227
3,UPFC_tsh,5-15,-0.2413967893284692,37,-0.2414222332974194,WLS,63,2.5443968950211726e-05
4,UPFC_Vse,5-15,0.06246437614022213,37,0.06318830069089101,WLS,63,0.0007239245506688863
5,UPFC_tse,5-15,-2.185816419312027,37,-2.169501817510658,WLS,63,0.016314601801368678
0,x_tcsc,1-14,-0.1009522539255683,38,-0.10101225574976058,WLS,63,6.0001824192287834e-05
1,B_svc,2,0.17029146979264448,38,0.17062739233386445,WLS,63,0.000335922541219974
2,UPFC_Vsh,5-15,1.108511620757792,38,1.1129292855585908,WLS,63,0.0044176648007987485
3,UPFC_tsh,5-15,-0.2413660257219863,38,-0.2414222332974194,WLS,63,5.620757543312038e-05
4,UPFC_Vse,5-15,0.06255125598210652,38,0.06318830069089101,WLS,63,0.0006370447087844927
5,UPFC_tse,5-15,-2.1804642205707974,38,-2.169501817510658,WLS,63,0.01096240306013918
0,x_tcsc,1-14,-0.10095927005689005,39,-0.10101225574976058,WLS,63,5.298569287053023e-05
1,B_svc,2,0.17089221237561192,39,0.17062739233386445,WLS,63,0.00026482004174746554
2,UPFC_Vsh,5-15,1.1086123392052663,39,1.1129292855585908,WLS,63,0.00431694635332458
3,UPFC_tsh,5-15,-0.24139332977327344,39,-0.2414222332974194,WLS,63,2.8903524145973414e-05
4,UPFC_Vse,5-15,0.06263427671053115,39,0.06318830069089101,WLS,63,0.0005540239803598634
5,UPFC_tse,5-15,-2.1814405521373526,39,-2.169501817510658,WLS,63,0.01193873462669437
0,x_tcsc,1-14,-0.1009742992349529,40,-0.10101225574976058,WLS,63,3.7956514807688246e-05
1,B_svc,2,0.17019256036653274,40,0.17062739233386445,WLS,63,0.00043483196733171137
2,UPFC_Vsh,5-15,1.1087264792709488,40,1.1129292855585908,WLS,63,0.004202806287642025
3,UPFC_tsh,5-15,-0.2413759366906651,40,-0.2414222332974194,WLS,63,4.6296606754314684e-05
4,UPFC_Vse,5-15,0.0626792973437954,40,0.06318830069089101,WLS,63,0.0005090033470956101
5,UPFC_tse,5-15,-2.182489318047485,40,-2.169501817510658,WLS,63,0.012987500536826957
0,x_tcsc,1-14,-0.10095383429884464,41,-0.10101225574976058,WLS,63,5.8421450915946416e-05
1,B_svc,2,0.1710634940957397,41,0.17062739233386445,WLS,63,0.0004361017618752516
2,UPFC_Vsh,5-15,1.1087421771815396,41,1.1129292855585908,WLS,63,0.004187108377051274
3,UPFC_tsh,5-15,-0.24139246670413395,41,-0.2414222332974194,WLS,63,2.976659328546294e-05
4,UPFC_Vse,5-15,0.06296657050637057,41,0.06318830069089101,WLS,63,0.0002217301845204439
5,UPFC_tse,5-15,-2.183584057762793,41,-2.169501817510658,WLS,63,0.014082240252134781
0,x_tcsc,1-14,-0.10096667173709813,42,-0.10101225574976058,WLS,63,4.558401266245571e-05
1,B_svc,2,0.17076307046033173,42,0.17062739233386445,WLS,63,0.00013567812646728128
2,UPFC_Vsh,5-15,1.108493476120848,42,1.1129292855585908,WLS,63,0.004435809437742799
3,UPFC_tsh,5-15,-0.2413916606201397,42,-0.2414222332974194,WLS,63,3.0572677279711025e-05
4,UPFC_Vse,5-15,0.06253979535306665,42,0.06318830069089101,WLS,63,0.0006485053378243594
5,UPFC_tse,5-15,-2.183373783638514,42,-2.169501817510658,WLS,63,0.013871966127855906
0,x_tcsc,1-14,-0.10096752738356418,43,-0.10101225574976058,WLS,63,4.4728366196400415e-05
1,B_svc,2,0.17104978087690068,43,0.17062739233386445,WLS,63,0.00042238854303622286
2,UPFC_Vsh,5-15,1.108443440490863,43,1.1129292855585908,WLS,63,0.004485845067727867
3,UPFC_tsh,5-15,-0.24140943397591488,43,-0.2414222332974194,WLS,63,1.279932150452523e-05
4,UPFC_Vse,5-15,0.0632459594735955,43,0.06318830069089101,WLS,63,5.7658782704486655e-05
5,UPFC_tse,5-15,-2.1843645532426548,43,-2.169501817510658,WLS,63,0.01486273573199659
0,x_tcsc,1-14,-0.1009683804627426,44,-0.10101225574976058,WLS,63,4.3875287017977604e-05
1,B_svc,2,0.17127048244047674,44,0.17062739233386445,WLS,63,0.0006430901066122874
2,UPFC_Vsh,5-15,1.1085547696982356,44,1.1129292855585908,WLS,63,0.004374515860355199
3,UPFC_tsh,5-15,-0.24138355443998077,44,-0.2414222332974194,WLS,63,3.8678857438634306e-05
4,UPFC_Vse,5-15,0.06346264317012362,44,0.06318830069089101,WLS,63,0.0002743424792326088
5,UPFC_tse,5-15,-2.1805910196892824,44,-2.169501817510658,WLS,63,0.011089202178624191
0,x_tcsc,1-14,-0.10095553108308651,45,-0.10101225574976058,WLS,63,5.672466667407117e-05
1,B_svc,2,0.17118786360704175,45,0.17062739233386445,WLS,63,0.0005604712731772932
2,UPFC_Vsh,5-15,1.1087065581036715,45,1.1129292855585908,WLS,63,0.004222727454919362
3,UPFC_tsh,5-15,-0.24128625624323355,45,-0.2414222332974194,WLS,63,0.0001359770541858596
4,UPFC_Vse,5-15,0.06306352224337311,45,0.06318830069089101,WLS,63,0.00012477844751790368
5,UPFC_tse,5-15,-2.1839348979758695,45,-2.169501817510658,WLS,63,0.014433080465211301
0,x_tcsc,1-14,-0.10096441581422844,46,-0.10101225574976058,WLS,63,4.7839935532145716e-05
1,B_svc,2,0.17089580888705858,46,0.17062739233386445,WLS,63,0.00026841655319412294
2,UPFC_Vsh,5-15,1.1087637873618705,46,1.1129292855585908,WLS,63,0.004165498196720296
3,UPFC_tsh,5-15,-0.24135510039843477,46,-0.2414222332974194,WLS,63,6.713289898463426e-05
4,UPFC_Vse,5-15,0.06281055832878196,46,0.06318830069089101,WLS,63,0.00037774236210905143
5,UPFC_tse,5-15,-2.181690525029465,46,-2.169501817510658,WLS,63,0.01218870751880674
0,x_tcsc,1-14,-0.10096658150896702,47,-0.10101225574976058,WLS,63,4.5674240793561194e-05
1,B_svc,2,0.1706902529622491,47,0.17062739233386445,WLS,63,6.286062838464779e-05
2,UPFC_Vsh,5-15,1.1084258731916754,47,1.1129292855585908,WLS,63,0.004503412366915427
3,UPFC_tsh,5-15,-0.24139852233148004,47,-0.2414222332974194,WLS,63,2.371096593936639e-05
4,UPFC_Vse,5-15,0.06275878566144746,47,0.06318830069089101,WLS,63,0.00042951502944355013
5,UPFC_tse,5-15,-2.186351236990213,47,-2.169501817510658,WLS,63,0.01684941947955476
0,x_tcsc,1-14,-0.10097065988834387,48,-0.10101225574976058,WLS,63,4.1595861416707236e-05
1,B_svc,2,0.1707261183767981,48,0.17062739233386445,WLS,63,9.872604293365006e-05
2,UPFC_Vsh,5-15,1.1087881188105326,48,1.1129292855585908,WLS,63,0.0041411667480582
3,UPFC_tsh,5-15,-0.24131788998192635,48,-0.2414222332974194,WLS,63,0.00010434331549305509
4,UPFC_Vse,5-15,0.06229268840381252,48,0.06318830069089101,WLS,63,0.0008956122870784969
5,UPFC_tse,5-15,-2.185396259612673,48,-2.169501817510658,WLS,63,0.01589444210201485
0,x_tcsc,1-14,-0.10096548359439267,49,-0.10101225574976058,WLS,63,4.677215536791346e-05
1,B_svc,2,0.1712916510718161,49,0.17062739233386445,WLS,63,0.0006642587379516451
2,UPFC_Vsh,5-15,1.108457158068638,49,1.1129292855585908,WLS,63,0.0044721274899528485
3,UPFC_tsh,5-15,-0.24138845687244836,49,-0.2414222332974194,WLS,63,3.377642497104372e-05
4,UPFC_Vse,5-15,0.06262083795224425,49,0.06318830069089101,WLS,63,0.0005674627386467596
5,UPFC_tse,5-15,-2.182576887338599,49,-2.169501817510658,WLS,63,0.013075069827940933
0,x_tcsc,1-14,-0.10096361775301325,50,-0.10101225574976058,WLS,63,4.8637996747327716e-05
1,B_svc,2,0.17078617794955223,50,0.17062739233386445,WLS,63,0.00015878561568777316
2,UPFC_Vsh,5-15,1.1083525552486135,50,1.1129292855585908,WLS,63,0.004576730309977295
3,UPFC_tsh,5-15,-0.24138348919296745,50,-0.2414222332974194,WLS,63,3.874410445195431e-05
4,UPFC_Vse,5-15,0.06318390577807702,50,0.06318830069089101,WLS,63,4.394912813995844e-06
5,UPFC_tse,5-15,-2.1830746793952365,50,-2.169501817510658,WLS,63,0.013572861884578291
0,x_tcsc,1-14,-0.10097180679504042,51,-0.10101225574976058,WLS,63,4.044895472016252e-05
1,B_svc,2,0.17106511464284915,51,0.17062739233386445,WLS,63,0.00043772230898470044
2,UPFC_Vsh,5-15,1.1085954880962972,51,1.1129292855585908,WLS,63,0.004333797462293676
3,UPFC_tsh,5-15,-0.24141548889622938,51,-0.2414222332974194,WLS,63,6.744401190028615e-06
4,UPFC_Vse,5-15,0.06299070746866807,51,0.06318830069089101,WLS,63,0.0001975932222229443
5,UPFC_tse,5-15,-2.1837288344749077,51,-2.169501817510658,WLS,63,0.01422701696424955
0,x_tcsc,1-14,-0.10094651091151707,52,-0.10101225574976058,WLS,63,6.574483824350885e-05
1,B_svc,2,0.17132930799704718,52,0.17062739233386445,WLS,63,0.0007019156631827284
2,UPFC_Vsh,5-15,1.1086215117396283,52,1.1129292855585908,WLS,63,0.004307773818962524
3,UPFC_tsh,5-15,-0.2413691568577092,52,-0.2414222332974194,WLS,63,5.307643971019793e-05
4,UPFC_Vse,5-15,0.06320834040776042,52,0.06318830069089101,WLS,63,2.003971686941053e-05
5,UPFC_tse,5-15,-2.182536559847796,52,-2.169501817510658,WLS,63,0.01303474233713775
0,x_tcsc,1-14,-0.10096118774139068,53,-0.10101225574976058,WLS,63,5.106800836990333e-05
1,B_svc,2,0.1707485144929576,53,0.17062739233386445,WLS,63,0.0001211221590931566
2,UPFC_Vsh,5-15,1.108546634329077,53,1.1129292855585908,WLS,63,0.0043826512295137565
3,UPFC_tsh,5-15,-0.2412983299592723,53,-0.2414222332974194,WLS,63,0.0001239033381471022
4,UPFC_Vse,5-15,0.06288948669262859,53,0.06318830069089101,WLS,63,0.00029881399826242605
5,UPFC_tse,5-15,-2.1800252944732343,53,-2.169501817510658,WLS,63,0.010523476962576161
0,x_tcsc,1-14,-0.10095903116763413,54,-0.10101225574976058,WLS,63,5.322458212644876e-05
1,B_svc,2,0.1710527846187418,54,0.17062739233386445,WLS,63,0.0004253922848773406
2,UPFC_Vsh,5-15,1.1085468431766734,54,1.1129292855585908,WLS,63,0.0043824423819174285
3,UPFC_tsh,5-15,-0.24131908944003178,54,-0.2414222332974194,WLS,63,0.0001031438573876331
4,UPFC_Vse,5-15,0.06305140682420765,54,0.06318830069089101,WLS,63,0.000136893866683363
5,UPFC_tse,5-15,-2.1833467265216417,54,-2.169501817510658,WLS,63,0.013844909010983564
0,x_tcsc,1-14,-0.10095552299625557,55,-0.10101225574976058,WLS,63,5.673275350501217e-05
1,B_svc,2,0.17135576714456996,55,0.17062739233386445,WLS,63,0.0007283748107055066
2,UPFC_Vsh,5-15,1.1085009419375635,55,1.1129292855585908,WLS,63,0.004428343621027286
3,UPFC_tsh,5-15,-0.2414134266217667,55,-0.2414222332974194,WLS,63,8.806675652700546e-06
4,UPFC_Vse,5-15,0.06345856740109285,55,0.06318830069089101,WLS,63,0.000270266710201833
5,UPFC_tse,5-15,-2.184365513180391,55,-2.169501817510658,WLS,63,0.014863695669733001
0,x_tcsc,1-14,-0.10096716535095306,56,-0.10101225574976058,WLS,63,4.50903988075263e-05
1,B_svc,2,0.17124626846990731,56,0.17062739233386445,WLS,63,0.0006188761360428618
2,UPFC_Vsh,5-15,1.108271494131709,56,1.1129292855585908,WLS,63,0.004657791426881941
3,UPFC_tsh,5-15,-0.24139258399206362,56,-0.2414222332974194,WLS,63,2.9649305355788913e-05
4,UPFC_Vse,5-15,0.06250377668920769,56,0.06318830069089101,WLS,63,0.0006845240016833259
5,UPFC_tse,5-15,-2.182971846665194,56,-2.169501817510658,WLS,63,0.01347002915453599
0,x_tcsc,1-14,-0.10096677912077634,57,-0.10101225574976058,WLS,63,4.547662898424232e-05
1,B_svc,2,0.1711629373495587,57,0.17062739233386445,WLS,63,0.0005355450156942498
2,UPFC_Vsh,5-15,1.1084846774515966,57,1.1129292855585908,WLS,63,0.004444608106994208
3,UPFC_tsh,5-15,-0.24128910062191974,57,-0.2414222332974194,WLS,63,0.00013313267549966423
4,UPFC_Vse,5-15,0.06235481904037154,57,0.06318830069089101,WLS,63,0.0008334816505194756
5,UPFC_tse,5-15,-2.1814443811664956,57,-2.169501817510658,WLS,63,0.011942563655837457
0,x_tcsc,1-14,-0.10096324382406019,58,-0.10101225574976058,WLS,63,4.901192570039292e-05
1,B_svc,2,0.1707857741709596,58,0.17062739233386445,WLS,63,0.00015838183709515619
2,UPFC_Vsh,5-15,1.1084812573764997,58,1.1129292855585908,WLS,63,0.004448028182091113
3,UPFC_tsh,5-15,-0.24140775872984896,58,-0.2414222332974194,WLS,63,1.4474567570449404e-05
4,UPFC_Vse,5-15,0.06303419782895245,58,0.06318830069089101,WLS,63,0.00015410286193856537
5,UPFC_tse,5-15,-2.1819791985743886,58,-2.169501817510658,WLS,63,0.01247738106373042
0,x_tcsc,1-14,-0.10096690787409936,59,-0.10101225574976058,WLS,63,4.534787566122522e-05
1,B_svc,2,0.17077446661059376,59,0.17062739233386445,WLS,63,0.00014707427672930318
2,UPFC_Vsh,5-15,1.1084816805076854,59,1.1129292855585908,WLS,63,0.004447605050905468
3,UPFC_tsh,5-15,-0.24141331398358756,59,-0.2414222332974194,WLS,63,8.919313831845521e-06
4,UPFC_Vse,5-15,0.06287222625269469,59,0.06318830069089101,WLS,63,0.00031607443819632597
5,UPFC_tse,5-15,-2.183446282574718,59,-2.169501817510658,WLS,63,0.013944465064059663
0,x_tcsc,1-14,-0.10096171310186403,60,-0.10101225574976058,WLS,63,5.054264789655649e-05
1,B_svc,2,0.17134311610911127,60,0.17062739233386445,WLS,63,0.0007157237752468126
2,UPFC_Vsh,5-15,1.1084776637467786,60,1.1129292855585908,WLS,63,0.004451621811812245
3,UPFC_tsh,5-15,-0.24143561175091496,60,-0.2414222332974194,WLS,63,1.3378453495554998e-05
4,UPFC_Vse,5-15,0.06258061671592989,60,0.06318830069089101,WLS,63,0.0006076839749611235
5,UPFC_tse,5-15,-2.183681075818192,60,-2.169501817510658,WLS,63,0.01417925830753397
0,x_tcsc,1-14,-0.10098195865570807,61,-0.10101225574976058,WLS,63,3.029709405251435e-05
1,B_svc,2,0.17073074607964528,61,0.17062739233386445,WLS,63,0.00010335374578082646
2,UPFC_Vsh,5-15,1.1086339930816946,61,1.1129292855585908,WLS,63,0.004295292476896195
3,UPFC_tsh,5-15,-0.2413824557892267,61,-0.2414222332974194,WLS,63,3.977750819270098e-05
4,UPFC_Vse,5-15,0.06310778001467536,61,0.06318830069089101,WLS,63,8.052067621565351e-05
5,UPFC_tse,5-15,-2.1817310806049535,61,-2.169501817510658,WLS,63,0.012229263094295284
0,x_tcsc,1-14,-0.10097513817737819,62,-0.10101225574976058,WLS,63,3.711757238239466e-05
1,B_svc,2,0.17047775615292654,62,0.17062739233386445,WLS,63,0.0001496361809379121
2,UPFC_Vsh,5-15,1.1087822092052857,62,1.1129292855585908,WLS,63,0.004147076353305135
3,UPFC_tsh,5-15,-0.24138412681978702,62,-0.2414222332974194,WLS,63,3.810647763238806e-05
4,UPFC_Vse,5-15,0.06272842207648567,62,0.06318830069089101,WLS,63,0.00045987861440534294
5,UPFC_tse,5-15,-2.1852484839616184,62,-2.169501817510658,WLS,63,0.015746666450960234
0,x_tcsc,1-14,-0.10094776775210441,63,-0.10101225574976058,WLS,63,6.448799765616797e-05
1,B_svc,2,0.17072541309169872,63,0.17062739233386445,WLS,63,9.802075783427178e-05
2,UPFC_Vsh,5-15,1.1084941689171608,63,1.1129292855585908,WLS,63,0.004435116641430037
3,UPFC_tsh,5-15,-0.24137639049528958,63,-0.2414222332974194,WLS,63,4.5842802129825166e-05
4,UPFC_Vse,5-15,0.06237627111790999,63,0.06318830069089101,WLS,63,0.0008120295729810226
5,UPFC_tse,5-15,-2.183986490017207,63,-2.169501817510658,WLS,63,0.014484672506548613
0,x_tcsc,1-14,-0.10096911010431855,64,-0.10101225574976058,WLS,63,4.314564544202759e-05
1,B_svc,2,0.170838767328138,64,0.17062739233386445,WLS,63,0.00021137499427353879
2,UPFC_Vsh,5-15,1.1084276931677268,64,1.1129292855585908,WLS,63,0.0045015923908640065
3,UPFC_tsh,5-15,-0.241332447806245,64,-0.2414222332974194,WLS,63,8.978549117441559e-05
4,UPFC_Vse,5-15,0.06280037650323261,64,0.06318830069089101,WLS,63,0.00038792418765840053
5,UPFC_tse,5-15,-2.1827120194080543,64,-2.169501817510658,WLS,63,0.013210201897396079
0,x_tcsc,1-14,-0.10095980377933633,65,-0.10101225574976058,WLS,63,5.245197042424987e-05
1,B_svc,2,0.1712214823071144,65,0.17062739233386445,WLS,63,0.000594089973249945
2,UPFC_Vsh,5-15,1.1086652567535857,65,1.1129292855585908,WLS,63,0.004264028805005093
3,UPFC_tsh,5-15,-0.24137333544144418,65,-0.2414222332974194,WLS,63,4.8897855975227333e-05
4,UPFC_Vse,5-15,0.06275041539734184,65,0.06318830069089101,WLS,63,0.00043788529354917005
5,UPFC_tse,5-15,-2.18618026216361,65,-2.169501817510658,WLS,63,0.016678444652951985
0,x_tcsc,1-14,-0.10096265046509706,66,-0.10101225574976058,WLS,63,4.96052846635231e-05
1,B_svc,2,0.1710526763922692,66,0.17062739233386445,WLS,63,0.00042528405840475125
2,UPFC_Vsh,5-15,1.1086919572479221,66,1.1129292855585908,WLS,63,0.004237328310668698
3,UPFC_tsh,5-15,-0.24132297246811865,66,-0.2414222332974194,WLS,63,9.926082930075686e-05
4,UPFC_Vse,5-15,0.06293731719582141,66,0.06318830069089101,WLS,63,0.0002509834950696066
5,UPFC_tse,5-15,-2.1802570926538816,66,-2.169501817510658,WLS,63,0.010755275143223386
0,x_tcsc,1-14,-0.100972904818594,67,-0.10101225574976058,WLS,63,3.935093116658184e-05
1,B_svc,2,0.17103041240162647,67,0.17062739233386445,WLS,63,0.00040302006776202215
2,UPFC_Vsh,5-15,1.1083869480103485,67,1.1129292855585908,WLS,63,0.004542337548242292
3,UPFC_tsh,5-15,-0.2413773447669396,67,-0.2414222332974194,WLS,63,4.4888530479819666e-05
4,UPFC_Vse,5-15,0.06299653856426479,67,0.06318830069089101,WLS,63,0.0001917621266262215
5,UPFC_tse,5-15,-2.1821241853831976,67,-2.169501817510658,WLS,63,0.012622367872539453
0,x_tcsc,1-14,-0.1009737345314752,68,-0.10101225574976058,WLS,63,3.852121828537558e-05
1,B_svc,2,0.1710698383227584,68,0.17062739233386445,WLS,63,0.0004424459888939525
2,UPFC_Vsh,5-15,1.1086667401097061,68,1.1129292855585908,WLS,63,0.004262545448884714
3,UPFC_tsh,5-15,-0.24137274817856946,68,-0.2414222332974194,WLS,63,4.9485118849945664e-05
4,UPFC_Vse,5-15,0.06237964091722902,68,0.06318830069089101,WLS,63,0.0008086597736619919
5,UPFC_tse,5-15,-2.1823969791146265,68,-2.169501817510658,WLS,63,0.012895161603968308
0,x_tcsc,1-14,-0.10096361404236918,69,-0.10101225574976058,WLS,63,4.8641707391397504e-05
1,B_svc,2,0.17069378313596054,69,0.17062739233386445,WLS,63,6.63908020960835e-05
2,UPFC_Vsh,5-15,1.1087812772362313,69,1.1129292855585908,WLS,63,0.004148008322359509
3,UPFC_tsh,5-15,-0.2413392291889925,69,-0.2414222332974194,WLS,63,8.300410842690398e-05
4,UPFC_Vse,5-15,0.06211460697937559,69,0.06318830069089101,WLS,63,0.0010736937115154235
5,UPFC_tse,5-15,-2.183611108979742,69,-2.169501817510658,WLS,63,0.014109291469083907
0,x_tcsc,1-14,-0.10097812475747683,70,-0.10101225574976058,WLS,63,3.4130992283748496e-05
1,B_svc,2,0.1705438930310823,70,0.17062739233386445,WLS,63,8.349930278214734e-05
2,UPFC_Vsh,5-15,1.1086143285298216,70,1.1129292855585908,WLS,63,0.004314957028769273
3,UPFC_tsh,5-15,-0.24134351370440257,70,-0.2414222332974194,WLS,63,7.871959301683495e-05
4,UPFC_Vse,5-15,0.06256516661523287,70,0.06318830069089101,WLS,63,0.0006231340756581438
5,UPFC_tse,5-15,-2.1822216814592394,70,-2.169501817510658,WLS,63,0.012719863948581267
0,x_tcsc,1-14,-0.10096269174483713,71,-0.10101225574976058,WLS,63,4.9564004923452476e-05
1,B_svc,2,0.17099307301985614,71,0.17062739233386445,WLS,63,0.00036568068599168724
2,UPFC_Vsh,5-15,1.1086577207505264,71,1.1129292855585908,WLS,63,0.004271564808064454
3,UPFC_tsh,5-15,-0.24140463208453125,71,-0.2414222332974194,WLS,63,1.7601212888157525e-05
4,UPFC_Vse,5-15,0.06341471272042244,71,0.06318830069089101,WLS,63,0.00022641202953142814
5,UPFC_tse,5-15,-2.1789374293614285,71,-2.169501817510658,WLS,63,0.009435611850770353
0,x_tcsc,1-14,-0.10097092470761061,72,-0.10101225574976058,WLS,63,4.133104214996963e-05
1,B_svc,2,0.17054305217500015,72,0.17062739233386445,WLS,63,8.434015886429891e-05
2,UPFC_Vsh,5-15,1.1087490600617698,72,1.1129292855585908,WLS,63,0.004180225496821066
3,UPFC_tsh,5-15,-0.24138018680544118,72,-0.2414222332974194,WLS,63,4.2046491978225964e-05
4,UPFC_Vse,5-15,0.06257676994503919,72,0.06318830069089101,WLS,63,0.0006115307458518238
5,UPFC_tse,5-15,-2.183835562197414,72,-2.169501817510658,WLS,63,0.014333744686755967
0,x_tcsc,1-14,-0.10096778560633105,73,-0.10101225574976058,WLS,63,4.4470143429536924e-05
1,B_svc,2,0.17136616567757212,73,0.17062739233386445,WLS,63,0.0007387733437076716
2,UPFC_Vsh,5-15,1.1087932796004119,73,1.1129292855585908,WLS,63,0.004136005958178979
3,UPFC_tsh,5-15,-0.2414118423627812,73,-0.2414222332974194,WLS,63,1.0390934638199179e-05
4,UPFC_Vse,5-15,0.06281381005464719,73,0.06318830069089101,WLS,63,0.0003744906362438266
5,UPFC_tse,5-15,-2.1831543145845793,73,-2.169501817510658,WLS,63,0.013652497073921133
0,x_tcsc,1-14,-0.10095902929379721,74,-0.10101225574976058,WLS,63,5.3226455963367725e-05
1,B_svc,2,0.1711954717101644,74,0.17062739233386445,WLS,63,0.0005680793762999348
2,UPFC_Vsh,5-15,1.1086535552689587,74,1.1129292855585908,WLS,63,0.004275730289632129
3,UPFC_tsh,5-15,-0.2414045862519303,74,-0.2414222332974194,WLS,63,1.7647045489121993e-05
4,UPFC_Vse,5-15,0.06265726919151039,74,0.06318830069089101,WLS,63,0.0005310314993806214
5,UPFC_tse,5-15,-2.1846434061126074,74,-2.169501817510658,WLS,63,0.015141588601949252
0,x_tcsc,1-14,-0.1009701529240524,75,-0.10101225574976058,WLS,63,4.210282570818458e-05
1,B_svc,2,0.17115221117438872,75,0.17062739233386445,WLS,63,0.0005248188405242715
2,UPFC_Vsh,5-15,1.1086362602076738,75,1.1129292855585908,WLS,63,0.0042930253509170235
3,UPFC_tsh,5-15,-0.24139314827900807,75,-0.2414222332974194,WLS,63,2.9085018411340036e-05
4,UPFC_Vse,5-15,0.06284946889949704,75,0.06318830069089101,WLS,63,0.0003388317913939759
5,UPFC_tse,5-15,-2.1855524648771834,75,-2.169501817510658,WLS,63,0.016050647366525173
0,x_tcsc,1-14,-0.10095868543016646,76,-0.10101225574976058,WLS,63,5.357031959411784e-05
1,B_svc,2,0.17166271070270278,76,0.17062739233386445,WLS,63,0.0010353183688383283
2,UPFC_Vsh,5-15,1.1085907049741888,76,1.1129292855585908,WLS,63,0.004338580584402063
3,UPFC_tsh,5-15,-0.2413804636696615,76,-0.2414222332974194,WLS,63,4.1769627757898276e-05
4,UPFC_Vse,5-15,0.06270150544888091,76,0.06318830069089101,WLS,63,0.0004867952420101046
5,UPFC_tse,5-15,-2.180406300757121,76,-2.169501817510658,WLS,63,0.01090448324646287
0,x_tcsc,1-14,-0.10095821713247456,77,-0.10101225574976058,WLS,63,5.403861728602022e-05
1,B_svc,2,0.1706830116170167,77,0.17062739233386445,WLS,63,5.561928315225839e-05
2,UPFC_Vsh,5-15,1.108670003142703,77,1.1129292855585908,WLS,63,0.0042592824158877995
3,UPFC_tsh,5-15,-0.2413894656059391,77,-0.2414222332974194,WLS,63,3.276769148030656e-05
4,UPFC_Vse,5-15,0.06311594540748537,77,0.06318830069089101,WLS,63,7.235528340564235e-05
5,UPFC_tse,5-15,-2.1813898353330377,77,-2.169501817510658,WLS,63,0.01188801782237947
0,x_tcsc,1-14,-0.10096620793566208,78,-0.10101225574976058,WLS,63,4.6047814098504336e-05
1,B_svc,2,0.17059142656559903,78,0.17062739233386445,WLS,63,3.5965768265422415e-05
2,UPFC_Vsh,5-15,1.1088456502147166,78,1.1129292855585908,WLS,63,0.004083635343874237
3,UPFC_tsh,5-15,-0.24131490030581465,78,-0.2414222332974194,WLS,63,0.00010733299160475829
4,UPFC_Vse,5-15,0.06304872027701323,78,0.06318830069089101,WLS,63,0.00013958041387777953
5,UPFC_tse,5-15,-2.1812157994483763,78,-2.169501817510658,WLS,63,0.01171398193771811
0,x_tcsc,1-14,-0.10096528787509225,79,-0.10101225574976058,WLS,63,4.696787466833274e-05
1,B_svc,2,0.17120678299558081,79,0.17062739233386445,WLS,63,0.0005793906617163613
2,UPFC_Vsh,5-15,1.1084969163813947,79,1.1129292855585908,WLS,63,0.004432369177196138
3,UPFC_tsh,5-15,-0.24133677233779405,79,-0.2414222332974194,WLS,63,8.546095962536082e-05
4,UPFC_Vse,5-15,0.062237293661353416,79,0.06318830069089101,WLS,63,0.0009510070295375983
5,UPFC_tse,5-15,-2.182561248899841,79,-2.169501817510658,WLS,63,0.013059431389182752
0,x_tcsc,1-14,-0.10096309080255493,80,-0.10101225574976058,WLS,63,4.9164947205651566e-05
1,B_svc,2,0.17133518969777728,80,0.17062739233386445,WLS,63,0.0007077973639128265
2,UPFC_Vsh,5-15,1.108954904203571,80,1.1129292855585908,WLS,63,0.003974381355019929
3,UPFC_tsh,5-15,-0.24143237173678006,80,-0.2414222332974194,WLS,63,1.013843936065184e-05
4,UPFC_Vse,5-15,0.06283208833200205,80,0.06318830069089101,WLS,63,0.00035621235888896874
5,UPFC_tse,5-15,-2.185498925017536,80,-2.169501817510658,WLS,63,0.01599710750687766
0,x_tcsc,1-14,-0.10096849110915662,81,-0.10101225574976058,WLS,63,4.376464060396046e-05
1,B_svc,2,0.17099394320243166,81,0.17062739233386445,WLS,63,0.0003665508685672114
2,UPFC_Vsh,5-15,1.1085802735238355,81,1.1129292855585908,WLS,63,0.004349012034755351
3,UPFC_tsh,5-15,-0.24141371591959543,81,-0.2414222332974194,WLS,63,8.517377823979988e-06
4,UPFC_Vse,5-15,0.062237071525847586,81,0.06318830069089101,WLS,63,0.0009512291650434282
5,UPFC_tse,5-15,-2.18439946486468,81,-2.169501817510658,WLS,63,0.014897647354021881
0,x_tcsc,1-14,-0.10097265226125147,82,-0.10101225574976058,WLS,63,3.960348850910733e-05
1,B_svc,2,0.17124774541393167,82,0.17062739233386445,WLS,63,0.0006203530800672208
2,UPFC_Vsh,5-15,1.1087412528323568,82,1.1129292855585908,WLS,63,0.0041880327262340256
3,UPFC_tsh,5-15,-0.24134032244065162,82,-0.2414222332974194,WLS,63,8.19108567677862e-05
4,UPFC_Vse,5-15,0.06323768506388469,82,0.06318830069089101,WLS,63,4.938437299367715e-05
5,UPFC_tse,5-15,-2.1821227706401927,82,-2.169501817510658,WLS,63,0.012620953129534485
0,x_tcsc,1-14,-0.10094998900841533,83,-0.10101225574976058,WLS,63,6.226674134525434e-05
1,B_svc,2,0.17155108982436962,83,0.17062739233386445,WLS,63,0.0009236974905051654
2,UPFC_Vsh,5-15,1.1087256142171398,83,1.1129292855585908,WLS,63,0.004203671341451054
3,UPFC_tsh,5-15,-0.24139156722094107,83,-0.2414222332974194,WLS,63,3.066607647833619e-05
4,UPFC_Vse,5-15,0.06289116140402357,83,0.06318830069089101,WLS,63,0.0002971392868674483
5,UPFC_tse,5-15,-2.1868534304543803,83,-2.169501817510658,WLS,63,0.017351612943722117
0,x_tcsc,1-14,-0.10096355867893884,84,-0.10101225574976058,WLS,63,4.869707082173769e-05
1,B_svc,2,0.17092244876068777,84,0.17062739233386445,WLS,63,0.0002950564268233147
2,UPFC_Vsh,5-15,1.1085721042313388,84,1.1129292855585908,WLS,63,0.0043571813272520465
3,UPFC_tsh,5-15,-0.24139668119132834,84,-0.2414222332974194,WLS,63,2.555210609106462e-05
4,UPFC_Vse,5-15,0.06318360202554947,84,0.06318830069089101,WLS,63,4.698665341543173e-06
5,UPFC_tse,5-15,-2.1822391535080885,84,-2.169501817510658,WLS,63,0.012737335997430321
0,x_tcsc,1-14,-0.10097720456585924,85,-0.10101225574976058,WLS,63,3.505118390134676e-05
1,B_svc,2,0.1711025839600387,85,0.17062739233386445,WLS,63,0.00047519162617423727
2,UPFC_Vsh,5-15,1.1087891395861285,85,1.1129292855585908,WLS,63,0.004140145972462372
3,UPFC_tsh,5-15,-0.24138483869573596,85,-0.2414222332974194,WLS,63,3.7394601683449213e-05
4,UPFC_Vse,5-15,0.06239651278502402,85,0.06318830069089101,WLS,63,0.0007917879058669947
5,UPFC_tse,5-15,-2.1845202024956674,85,-2.169501817510658,WLS,63,0.015018384985009181
0,x_tcsc,1-14,-0.10097804191275156,86,-0.10101225574976058,WLS,63,3.421383700902281e-05
1,B_svc,2,0.1712017784056774,86,0.17062739233386445,WLS,63,0.0005743860718129545
2,UPFC_Vsh,5-15,1.1085466418357364,86,1.1129292855585908,WLS,63,0.004382643722854462
3,UPFC_tsh,5-15,-0.24133741562482455,86,-0.2414222332974194,WLS,63,8.481767259485573e-05
4,UPFC_Vse,5-15,0.06229323639819528,86,0.06318830069089101,WLS,63,0.0008950642926957367
5,UPFC_tse,5-15,-2.1844833234563756,86,-2.169501817510658,WLS,63,0.014981505945717455
0,x_tcsc,1-14,-0.10097026707785552,87,-0.10101225574976058,WLS,63,4.1988671905066055e-05
1,B_svc,2,0.17090612936176972,87,0.17062739233386445,WLS,63,0.00027873702790526256
2,UPFC_Vsh,5-15,1.108600422296447,87,1.1129292855585908,WLS,63,0.004328863262143878
3,UPFC_tsh,5-15,-0.24137428778618827,87,-0.2414222332974194,WLS,63,4.794551123113444e-05
4,UPFC_Vse,5-15,0.06314130263507738,87,0.06318830069089101,WLS,63,4.699805581363792e-05
5,UPFC_tse,5-15,-2.182967249379408,87,-2.169501817510658,WLS,63,0.013465431868749711
0,x_tcsc,1-14,-0.10096867626172233,88,-0.10101225574976058,WLS,63,4.3579488038250624e-05
1,B_svc,2,0.1713071432774914,88,0.17062739233386445,WLS,63,0.0006797509436269611
2,UPFC_Vsh,5-15,1.1084280719528283,88,1.1129292855585908,WLS,63,0.0045012136057625
3,UPFC_tsh,5-15,-0.24137941909942728,88,-0.2414222332974194,WLS,63,4.2814197992124825e-05
4,UPFC_Vse,5-15,0.062484685247239415,88,0.06318830069089101,WLS,63,0.0007036154436515993
5,UPFC_tse,5-15,-2.1805975688629844,88,-2.169501817510658,WLS,63,0.01109575135232621
0,x_tcsc,1-14,-0.10095525573823783,89,-0.10101225574976058,WLS,63,5.7000011522756466e-05
1,B_svc,2,0.17099505916715377,89,0.17062739233386445,WLS,63,0.00036766683328931515
2,UPFC_Vsh,5-15,1.1082713706741323,89,1.1129292855585908,WLS,63,0.004657914884458547
3,UPFC_tsh,5-15,-0.24146600121095965,89,-0.2414222332974194,WLS,63,4.3767913540243564e-05
4,UPFC_Vse,5-15,0.06252464782476809,89,0.06318830069089101,WLS,63,0.0006636528661229241
5,UPFC_tse,5-15,-2.1830530087313167,89,-2.169501817510658,WLS,63,0.01355119122065851
0,x_tcsc,1-14,-0.1009689638026866,90,-0.10101225574976058,WLS,63,4.3291947073975656e-05
1,B_svc,2,0.1708790676104478,90,0.17062739233386445,WLS,63,0.0002516752765833463
2,UPFC_Vsh,5-15,1.1083536987329177,90,1.1129292855585908,WLS,63,0.004575586825673161
3,UPFC_tsh,5-15,-0.24134083582207608,90,-0.2414222332974194,WLS,63,8.139747534333108e-05
4,UPFC_Vse,5-15,0.06266044831453703,90,0.06318830069089101,WLS,63,0.000527852376353985
5,UPFC_tse,5-15,-2.1835883299695955,90,-2.169501817510658,WLS,63,0.014086512458937328
0,x_tcsc,1-14,-0.1009680551764076,91,-0.10101225574976058,WLS,63,4.420057335298433e-05
1,B_svc,2,0.1714104184010791,91,0.17062739233386445,WLS,63,0.0007830260672146427
2,UPFC_Vsh,5-15,1.108654221088215,91,1.1129292855585908,WLS,63,0.0042750644703757334
3,UPFC_tsh,5-15,-0.24128704851214355,91,-0.2414222332974194,WLS,63,0.00013518478527585476
4,UPFC_Vse,5-15,0.06285563396403014,91,0.06318830069089101,WLS,63,0.0003326667268608724
5,UPFC_tse,5-15,-2.180376802320016,91,-2.169501817510658,WLS,63,0.01087498480935789
0,x_tcsc,1-14,-0.10097261323830924,92,-0.10101225574976058,WLS,63,3.964251145134601e-05
1,B_svc,2,0.17109317542580146,92,0.17062739233386445,WLS,63,0.00046578309193701095
2,UPFC_Vsh,5-15,1.1086181782421338,92,1.1129292855585908,WLS,63,0.004311107316457008
3,UPFC_tsh,5-15,-0.2413652915152165,92,-0.2414222332974194,WLS,63,5.6941782202918345e-05
4,UPFC_Vse,5-15,0.06298228375036799,92,0.06318830069089101,WLS,63,0.00020601694052302388
5,UPFC_tse,5-15,-2.180576796670268,92,-2.169501817510658,WLS,63,0.011074979159609644
0,x_tcsc,1-14,-0.10095596698016848,93,-0.10101225574976058,WLS,63,5.628876959209994e-05
1,B_svc,2,0.17072103754540519,93,0.17062739233386445,WLS,63,9.364521154073269e-05
2,UPFC_Vsh,5-15,1.10875466492338,93,1.1129292855585908,WLS,63,0.004174620635210902
3,UPFC_tsh,5-15,-0.24141571408443488,93,-0.2414222332974194,WLS,63,6.519212984529288e-06
4,UPFC_Vse,5-15,0.06255719110475208,93,0.06318830069089101,WLS,63,0.0006311095861389338
5,UPFC_tse,5-15,-2.183611770383063,93,-2.169501817510658,WLS,63,0.014109952872404907
0,x_tcsc,1-14,-0.10095643870602783,94,-0.10101225574976058,WLS,63,5.58170437327532e-05
1,B_svc,2,0.1711448583412803,94,0.17062739233386445,WLS,63,0.0005174660074158399
2,UPFC_Vsh,5-15,1.1083478518649992,94,1.1129292855585908,WLS,63,0.004581433693591652
3,UPFC_tsh,5-15,-0.241331314697552,94,-0.2414222332974194,WLS,63,9.091859986740114e-05
4,UPFC_Vse,5-15,0.06297216392953556,94,0.06318830069089101,WLS,63,0.00021613676135545656
5,UPFC_tse,5-15,-2.181851361222154,94,-2.169501817510658,WLS,63,0.01234954371149577
0,x_tcsc,1-14,-0.10096122793032111,95,-0.10101225574976058,WLS,63,5.102781943946977e-05
1,B_svc,2,0.17119776717755417,95,0.17062739233386445,WLS,63,0.0005703748436897138
2,UPFC_Vsh,5-15,1.108482874713666,95,1.1129292855585908,WLS,63,0.0044464108449249196
3,UPFC_tsh,5-15,-0.24134910508597654,95,-0.2414222332974194,WLS,63,7.312821144286885e-05
4,UPFC_Vse,5-15,0.06303961755455906,95,0.06318830069089101,WLS,63,0.0001486831363319563
5,UPFC_tse,5-15,-2.1833387284978154,95,-2.169501817510658,WLS,63,0.013836910987157225
0,x_tcsc,1-14,-0.10097248328679588,96,-0.10101225574976058,WLS,63,3.9772462964701716e-05
1,B_svc,2,0.17083060870300099,96,0.17062739233386445,WLS,63,0.00020321636913653296
2,UPFC_Vsh,5-15,1.1084790384128005,96,1.1129292855585908,WLS,63,0.0044502471457903425
3,UPFC_tsh,5-15,-0.24134986170177206,96,-0.2414222332974194,WLS,63,7.237159564735252e-05
4,UPFC_Vse,5-15,0.06292777855563293,96,0.06318830069089101,WLS,63,0.00026052213525808166
5,UPFC_tse,5-15,-2.1821722287725613,96,-2.169501817510658,WLS,63,0.012670411261903158
0,x_tcsc,1-14,-0.10097041180128224,97,-0.10101225574976058,WLS,63,4.184394847833728e-05
1,B_svc,2,0.171106976364434,97,0.17062739233386445,WLS,63,0.000479584030569552
2,UPFC_Vsh,5-15,1.108875720530928,97,1.1129292855585908,WLS,63,0.004053565027662742
3,UPFC_tsh,5-15,-0.241408101663426,97,-0.2414222332974194,WLS,63,1.4131633993413883e-05
4,UPFC_Vse,5-15,0.063399280936529,97,0.06318830069089101,WLS,63,0.00021098024563798168
5,UPFC_tse,5-15,-2.1842170145708715,97,-2.169501817510658,WLS,63,0.014715197060213292
0,x_tcsc,1-14,-0.10096218809630932,98,-0.10101225574976058,WLS,63,5.006765345126618e-05
1,B_svc,2,0.17126384615490864,98,0.17062739233386445,WLS,63,0.0006364538210441861
2,UPFC_Vsh,5-15,1.108696496289084,98,1.1129292855585908,WLS,63,0.004232789269506876
3,UPFC_tsh,5-15,-0.24141326542354624,98,-0.2414222332974194,WLS,63,8.967873873166887e-06
4,UPFC_Vse,5-15,0.06275717430038617,98,0.06318830069089101,WLS,63,0.0004311263905048407
5,UPFC_tse,5-15,-2.1845604281656605,98,-2.169501817510658,WLS,63,0.015058610655002358
0,x_tcsc,1-14,-0.10097818988375859,99,-0.10101225574976058,WLS,63,3.406586600199213e-05
1,B_svc,2,0.17118919384156947,99,0.17062739233386445,WLS,63,0.0005618015077050176
2,UPFC_Vsh,5-15,1.1085881774385948,99,1.1129292855585908,WLS,63,0.0043411081199959956
3,UPFC_tsh,5-15,-0.24137348317922186,99,-0.2414222332974194,WLS,63,4.875011819754915e-05
4,UPFC_Vse,5-15,0.06279235383330008,99,0.06318830069089101,WLS,63,0.00039594685759093695
5,UPFC_tse,5-15,-2.1807784874645275,99,-2.169501817510658,WLS,63,0.011276669953869334
0,x_tcsc,1-14,-0.10427337853397455,0,-0.10433918663588006,WLS,65,6.580810190551234e-05
1,B_svc,2,0.17388740335230674,0,0.17385470840421569,WLS,65,3.269494809104989e-05
2,UPFC_Vsh,5-15,1.108787563846306,0,1.1114756956253016,WLS,65,0.0026881317789955173
3,UPFC_tsh,5-15,-0.23798696945920841,0,-0.23814240174598778,WLS,65,0.00015543228677936116
4,UPFC_Vse,5-15,0.06280372870301086,0,0.06347709884856012,WLS,65,0.0006733701455492597
5,UPFC_tse,5-15,-2.1825021617442015,0,-2.165067531433945,WLS,65,0.017434630310256605
0,x_tcsc,1-14,-0.10426320627640158,1,-0.10433918663588006,WLS,65,7.598035947847803e-05
1,B_svc,2,0.17409408812992752,1,0.17385470840421569,WLS,65,0.00023937972571183574
2,UPFC_Vsh,5-15,1.1089820028566009,1,1.1114756956253016,WLS,65,0.002493692768700706
3,UPFC_tsh,5-15,-0.23800943126094096,1,-0.23814240174598778,WLS,65,0.0001329704850468183
4,UPFC_Vse,5-15,0.06298075715303393,1,0.06347709884856012,WLS,65,0.0004963416955261896
5,UPFC_tse,5-15,-2.180026885928573,1,-2.165067531433945,WLS,65,0.014959354494628041
0,x_tcsc,1-14,-0.10425893617042006,2,-0.10433918663588006,WLS,65,8.025046545999392e-05
1,B_svc,2,0.17430074064669923,2,0.17385470840421569,WLS,65,0.0004460322424835461
2,UPFC_Vsh,5-15,1.1086074842979914,2,1.1114756956253016,WLS,65,0.0028682113273101884
3,UPFC_tsh,5-15,-0.23805719283572707,2,-0.23814240174598778,WLS,65,8.520891026070343e-05
4,UPFC_Vse,5-15,0.06312443869015719,2,0.06347709884856012,WLS,65,0.0003526601584029343
5,UPFC_tse,5-15,-2.182748465568774,2,-2.165067531433945,WLS,65,0.017680934134828963
0,x_tcsc,1-14,-0.10426437606051557,3,-0.10433918663588006,WLS,65,7.481057536448676e-05
1,B_svc,2,0.17464068280269454,3,0.17385470840421569,WLS,65,0.0007859743984788559
2,UPFC_Vsh,5-15,1.1084227828341424,3,1.1114756956253016,WLS,65,0.003052912791159157
3,UPFC_tsh,5-15,-0.2380746729066055,3,-0.23814240174598778,WLS,65,6.772883938227503e-05
4,UPFC_Vse,5-15,0.06362853958572838,3,0.06347709884856012,WLS,65,0.00015144073716825968
5,UPFC_tse,5-15,-2.183745966150655,3,-2.165067531433945,WLS,65,0.018678434716710157
0,x_tcsc,1-14,-0.10426019402577592,4,-0.10433918663588006,WLS,65,7.899261010413383e-05
1,B_svc,2,0.17456475169870048,4,0.17385470840421569,WLS,65,0.0007100432944847912
2,UPFC_Vsh,5-15,1.1084161668110968,4,1.1114756956253016,WLS,65,0.0030595288142047927
3,UPFC_tsh,5-15,-0.2380382009190635,4,-0.23814240174598778,WLS,65,0.00010420082692427779
4,UPFC_Vse,5-15,0.0626320638834458,4,0.06347709884856012,WLS,65,0.0008450349651143163
5,UPFC_tse,5-15,-2.182385854319247,4,-2.165067531433945,WLS,65,0.017318322885301995
0,x_tcsc,1-14,-0.10426685727733376,5,-0.10433918663588006,WLS,65,7.232935854629974e-05
1,B_svc,2,0.1741988945744715,5,0.17385470840421569,WLS,65,0.0003441861702558058
2,UPFC_Vsh,5-15,1.1088370982743474,5,1.1114756956253016,WLS,65,0.002638597350954175
3,UPFC_tsh,5-15,-0.2380686478866323,5,-0.23814240174598778,WLS,65,7.37538593554854e-05
4,UPFC_Vse,5-15,0.06309111387743306,5,0.06347709884856012,WLS,65,0.00038598497112705965
5,UPFC_tse,5-15,-2.1838939453874975,5,-2.165067531433945,WLS,65,0.018826413953552557
0,x_tcsc,1-14,-0.1042704900560287,6,-0.10433918663588006,WLS,65,6.869657985135447e-05
1,B_svc,2,0.17408240193432875,6,0.17385470840421569,WLS,65,0.0002276935301130656
2,UPFC_Vsh,5-15,1.1086791116091463,6,1.1114756956253016,WLS,65,0.0027965840161552347
3,UPFC_tsh,5-15,-0.2380483852062797,6,-0.23814240174598778,WLS,65,9.40165397080861e-05
4,UPFC_Vse,5-15,0.06268521180465393,6,0.06347709884856012,WLS,65,0.0007918870439061892
5,UPFC_tse,5-15,-2.1844860470189342,6,-2.165067531433945,WLS,65,0.019418515584989304
0,x_tcsc,1-14,-0.10425984809602379,7,-0.10433918663588006,WLS,65,7.933853985626904e-05
1,B_svc,2,0.17432691361340308,7,0.17385470840421569,WLS,65,0.00047220520918739295
2,UPFC_Vsh,5-15,1.108441281007293,7,1.1114756956253016,WLS,65,0.003034414618008574
3,UPFC_tsh,5-15,-0.2380711000741348,7,-0.23814240174598778,WLS,65,7.130167185298575e-05
4,UPFC_Vse,5-15,0.06282347259188222,7,0.06347709884856012,WLS,65,0.0006536262566779055
5,UPFC_tse,5-15,-2.1797849968514145,7,-2.165067531433945,WLS,65,0.014717465417469544
0,x_tcsc,1-14,-0.10426203471275379,8,-0.10433918663588006,WLS,65,7.71519231262674e-05
1,B_svc,2,0.1742851587472101,8,0.17385470840421569,WLS,65,0.00043045034299440954
2,UPFC_Vsh,5-15,1.10814283751436,8,1.1114756956253016,WLS,65,0.003332858110941528
3,UPFC_tsh,5-15,-0.2380995486872115,8,-0.23814240174598778,WLS,65,4.285305877627099e-05
4,UPFC_Vse,5-15,0.06352650456645748,8,0.06347709884856012,WLS,65,4.940571789735504e-05
5,UPFC_tse,5-15,-2.17848190820867,8,-2.165067531433945,WLS,65,0.013414376774725234
0,x_tcsc,1-14,-0.10427576073111389,9,-0.10433918663588006,WLS,65,6.34259047661706e-05
1,B_svc,2,0.1741358498732207,9,0.17385470840421569,WLS,65,0.000281141469005014
2,UPFC_Vsh,5-15,1.1087815971742527,9,1.1114756956253016,WLS,65,0.002694098451048843
3,UPFC_tsh,5-15,-0.23802840759007401,9,-0.23814240174598778,WLS,65,0.00011399415591376028
4,UPFC_Vse,5-15,0.06281983529554935,9,0.06347709884856012,WLS,65,0.0006572635530107673
5,UPFC_tse,5-15,-2.1823898110055664,9,-2.165067531433945,WLS,65,0.01732227957162147
0,x_tcsc,1-14,-0.10425409262481203,10,-0.10433918663588006,WLS,65,8.509401106802927e-05
1,B_svc,2,0.17424859453812697,10,0.17385470840421569,WLS,65,0.0003938861339112809
2,UPFC_Vsh,5-15,1.1087789864884783,10,1.1114756956253016,WLS,65,0.0026967091368232943
3,UPFC_tsh,5-15,-0.2380301018854189,10,-0.23814240174598778,WLS,65,0.00011229986056887631
4,UPFC_Vse,5-15,0.063092149848111,10,0.06347709884856012,WLS,65,0.0003849490004491224
5,UPFC_tse,5-15,-2.1785682690463286,10,-2.165067531433945,WLS,65,0.013500737612383684
0,x_tcsc,1-14,-0.10424987993062342,11,-0.10433918663588006,WLS,65,8.930670525664208e-05
1,B_svc,2,0.17472959166184318,11,0.17385470840421569,WLS,65,0.0008748832576274956
2,UPFC_Vsh,5-15,1.1084405192319176,11,1.1114756956253016,WLS,65,0.0030351763933840203
3,UPFC_tsh,5-15,-0.23806463720074855,11,-0.23814240174598778,WLS,65,7.776454523922283e-05
4,UPFC_Vse,5-15,0.06302655912889463,11,0.06347709884856012,WLS,65,0.00045053971966549367
5,UPFC_tse,5-15,-2.1820023142539546,11,-2.165067531433945,WLS,65,0.01693478282000971
0,x_tcsc,1-14,-0.10425497900174097,12,-0.10433918663588006,WLS,65,8.420763413909127e-05
1,B_svc,2,0.17402673713224734,12,0.17385470840421569,WLS,65,0.00017202872803165348
2,UPFC_Vsh,5-15,1.1088339637764857,12,1.1114756956253016,WLS,65,0.002641731848815887
3,UPFC_tsh,5-15,-0.23809022423733134,12,-0.23814240174598778,WLS,65,5.217750865643689e-05
4,UPFC_Vse,5-15,0.06373382514257944,12,0.06347709884856012,WLS,65,0.00025672629401932157
5,UPFC_tse,5-15,-2.1793156150537505,12,-2.165067531433945,WLS,65,0.014248083619805563
0,x_tcsc,1-14,-0.10426446602199016,13,-0.10433918663588006,WLS,65,7.472061388989759e-05
1,B_svc,2,0.17443923738325193,13,0.17385470840421569,WLS,65,0.0005845289790362418
2,UPFC_Vsh,5-15,1.1088338801072803,13,1.1114756956253016,WLS,65,0.002641815518021229
3,UPFC_tsh,5-15,-0.2380414630186896,13,-0.23814240174598778,WLS,65,0.00010093872729818876
4,UPFC_Vse,5-15,0.0627044898442644,13,0.06347709884856012,WLS,65,0.000772609004295724
5,UPFC_tse,5-15,-2.184976148042839,13,-2.165067531433945,WLS,65,0.019908616608894203
0,x_tcsc,1-14,-0.10427429892619515,14,-0.10433918663588006,WLS,65,6.488770968490765e-05
1,B_svc,2,0.17404850424811746,14,0.17385470840421569,WLS,65,0.0001937958439017784
2,UPFC_Vsh,5-15,1.1087550845415726,14,1.1114756956253016,WLS,65,0.0027206110837290076
3,UPFC_tsh,5-15,-0.23801438515170503,14,-0.23814240174598778,WLS,65,0.0001280165942827427
4,UPFC_Vse,5-15,0.06275768647607347,14,0.06347709884856012,WLS,65,0.0007194123724866552
5,UPFC_tse,5-15,-2.1821853627341654,14,-2.165067531433945,WLS,65,0.017117831300220487
0,x_tcsc,1-14,-0.10425202642162214,15,-0.10433918663588006,WLS,65,8.716021425791975e-05
1,B_svc,2,0.17400323516432725,15,0.17385470840421569,WLS,65,0.00014852676011156696
2,UPFC_Vsh,5-15,1.1086925174690119,15,1.1114756956253016,WLS,65,0.0027831781562897007
3,UPFC_tsh,5-15,-0.23802978508806644,15,-0.23814240174598778,WLS,65,0.00011261665792133835
4,UPFC_Vse,5-15,0.06290084723628739,15,0.06347709884856012,WLS,65,0.0005762516122727324
5,UPFC_tse,5-15,-2.180640765125398,15,-2.165067531433945,WLS,65,0.015573233691453137
0,x_tcsc,1-14,-0.10426004659577301,16,-0.10433918663588006,WLS,65,7.9140040107048e-05
1,B_svc,2,0.17427393162837512,16,0.17385470840421569,WLS,65,0.00041922322415943736
2,UPFC_Vsh,5-15,1.1091067854345753,16,1.1114756956253016,WLS,65,0.00236891019072627
3,UPFC_tsh,5-15,-0.23798239661072815,16,-0.23814240174598778,WLS,65,0.00016000513525962767
4,UPFC_Vse,5-15,0.062353919123599416,16,0.06347709884856012,WLS,65,0.0011231797249607045
5,UPFC_tse,5-15,-2.1857711771051855,16,-2.165067531433945,WLS,65,0.02070364567124061
0,x_tcsc,1-14,-0.10426749578826033,17,-0.10433918663588006,WLS,65,7.169084761972366e-05
1,B_svc,2,0.1743811428169304,17,0.17385470840421569,WLS,65,0.0005264344127147158
2,UPFC_Vsh,5-15,1.1088577463990212,17,1.1114756956253016,WLS,65,0.002617949226280336
3,UPFC_tsh,5-15,-0.2380413661132608,17,-0.23814240174598778,WLS,65,0.00010103563272698124
4,UPFC_Vse,5-15,0.06344764012195225,17,0.06347709884856012,WLS,65,2.945872660786719e-05
5,UPFC_tse,5-15,-2.179974918197575,17,-2.165067531433945,WLS,65,0.014907386763630015
0,x_tcsc,1-14,-0.10426637625508949,18,-0.10433918663588006,WLS,65,7.281038079057223e-05
1,B_svc,2,0.174033827717688,18,0.17385470840421569,WLS,65,0.00017911931347230903
2,UPFC_Vsh,5-15,1.1084138323565087,18,1.1114756956253016,WLS,65,0.003061863268792875
3,UPFC_tsh,5-15,-0.23807763691918618,18,-0.23814240174598778,WLS,65,6.476482680159434e-05
4,UPFC_Vse,5-15,0.0631792039562872,18,0.06347709884856012,WLS,65,0.0002978948922729152
5,UPFC_tse,5-15,-2.1821564054049993,18,-2.165067531433945,WLS,65,0.017088873971054408
0,x_tcsc,1-14,-0.10425384752476892,19,-0.10433918663588006,WLS,65,8.53391111111379e-05
1,B_svc,2,0.17389755250717953,19,0.17385470840421569,WLS,65,4.2844102963846e-05
2,UPFC_Vsh,5-15,1.108599227161663,19,1.1114756956253016,WLS,65,0.0028764684636386484
3,UPFC_tsh,5-15,-0.2380631332942092,19,-0.23814240174598778,WLS,65,7.926845177858022e-05
4,UPFC_Vse,5-15,0.06306016902362742,19,0.06347709884856012,WLS,65,0.0004169298249327019
5,UPFC_tse,5-15,-2.1805580933370057,19,-2.165067531433945,WLS,65,0.015490561903060751
0,x_tcsc,1-14,-0.10425439899878387,20,-0.10433918663588006,WLS,65,8.47876370961842e-05
1,B_svc,2,0.1745213009696399,20,0.17385470840421569,WLS,65,0.0006665925654242011
2,UPFC_Vsh,5-15,1.1088433092139591,20,1.1114756956253016,WLS,65,0.0026323864113424467
3,UPFC_tsh,5-15,-0.2379920445417059,20,-0.23814240174598778,WLS,65,0.00015035720428188681
4,UPFC_Vse,5-15,0.06251708527132757,20,0.06347709884856012,WLS,65,0.0009600135772325491
5,UPFC_tse,5-15,-2.1834191458343897,20,-2.165067531433945,WLS,65,0.01835161440044475
0,x_tcsc,1-14,-0.10426403664001285,21,-0.10433918663588006,WLS,65,7.514999586720472e-05
1,B_svc,2,0.174730476233746,21,0.17385470840421569,WLS,65,0.0008757678295303051
2,UPFC_Vsh,5-15,1.1088675484024513,21,1.1114756956253016,WLS,65,0.002608147222850299
3,UPFC_tsh,5-15,-0.2380361717003513,21,-0.23814240174598778,WLS,65,0.00010623004563647953
4,UPFC_Vse,5-15,0.06290666995725534,21,0.06347709884856012,WLS,65,0.0005704288913047778
5,UPFC_tse,5-15,-2.183383895052748,21,-2.165067531433945,WLS,65,0.018316363618803067
0,x_tcsc,1-14,-0.10427671275303536,22,-0.10433918663588006,WLS,65,6.247388284469357e-05
1,B_svc,2,0.17397963006487355,22,0.17385470840421569,WLS,65,0.0001249216606578618
2,UPFC_Vsh,5-15,1.1084551901115287,22,1.1114756956253016,WLS,65,0.0030205055137728642
3,UPFC_tsh,5-15,-0.2380512178279179,22,-0.23814240174598778,WLS,65,9.118391806986481e-05
4,UPFC_Vse,5-15,0.06313622521086285,22,0.06347709884856012,WLS,65,0.0003408736376972754
5,UPFC_tse,5-15,-2.1814616501975133,22,-2.165067531433945,WLS,65,0.016394118763568333
0,x_tcsc,1-14,-0.10426255950036883,23,-0.10433918663588006,WLS,65,7.662713551122302e-05
1,B_svc,2,0.17468664977873588,23,0.17385470840421569,WLS,65,0.0008319413745201953
2,UPFC_Vsh,5-15,1.1085030319225426,23,1.1114756956253016,WLS,65,0.0029726637027589486
3,UPFC_tsh,5-15,-0.23804737221727867,23,-0.23814240174598778,WLS,65,9.502952870910075e-05
4,UPFC_Vse,5-15,0.06284043933610214,23,0.06347709884856012,WLS,65,0.0006366595124579766
5,UPFC_tse,5-15,-2.18353788007757,23,-2.165067531433945,WLS,65,0.01847034864362529
0,x_tcsc,1-14,-0.10427428502086934,24,-0.10433918663588006,WLS,65,6.490161501071512e-05
1,B_svc,2,0.17463167368032143,24,0.17385470840421569,WLS,65,0.00077696527610574
2,UPFC_Vsh,5-15,1.1084530890061353,24,1.1114756956253016,WLS,65,0.0030226066191663126
3,UPFC_tsh,5-15,-0.23808683070044293,24,-0.23814240174598778,WLS,65,5.557104554484993e-05
4,UPFC_Vse,5-15,0.06350784589613188,24,0.06347709884856012,WLS,65,3.074704757176361e-05
5,UPFC_tse,5-15,-2.1839313475780715,24,-2.165067531433945,WLS,65,0.018863816144126577
0,x_tcsc,1-14,-0.10425871006266958,25,-0.10433918663588006,WLS,65,8.047657321047508e-05
1,B_svc,2,0.1746938567589996,25,0.17385470840421569,WLS,65,0.0008391483547839085
2,UPFC_Vsh,5-15,1.1086066593287618,25,1.1114756956253016,WLS,65,0.002869036296539784
3,UPFC_tsh,5-15,-0.23809414471867751,25,-0.23814240174598778,WLS,65,4.825702731026116e-05
4,UPFC_Vse,5-15,0.06298239259462317,25,0.06347709884856012,WLS,65,0.0004947062539369523
5,UPFC_tse,5-15,-2.1835695588648663,25,-2.165067531433945,WLS,65,0.01850202743092133
0,x_tcsc,1-14,-0.10426075260013946,26,-0.10433918663588006,WLS,65,7.843403574059327e-05
1,B_svc,2,0.1744762995497369,26,0.17385470840421569,WLS,65,0.0006215911455212109
2,UPFC_Vsh,5-15,1.1087004092999504,26,1.1114756956253016,WLS,65,0.0027752863253511784
3,UPFC_tsh,5-15,-0.23804535670979107,26,-0.23814240174598778,WLS,65,9.704503619670235e-05
4,UPFC_Vse,5-15,0.06278595968628391,26,0.06347709884856012,WLS,65,0.0006911391622762136
5,UPFC_tse,5-15,-2.1805152949138664,26,-2.165067531433945,WLS,65,0.015447763479921495
0,x_tcsc,1-14,-0.10426985292032681,27,-0.10433918663588006,WLS,65,6.933371555324641e-05
1,B_svc,2,0.17433641107898418,27,0.17385470840421569,WLS,65,0.0004817026747684916
2,UPFC_Vsh,5-15,1.1086127649693203,27,1.1114756956253016,WLS,65,0.0028629306559813106
3,UPFC_tsh,5-15,-0.23805748220373504,27,-0.23814240174598778,WLS,65,8.491954225273157e-05
4,UPFC_Vse,5-15,0.06276592554112477,27,0.06347709884856012,WLS,65,0.0007111733074353505
5,UPFC_tse,5-15,-2.185323937178726,27,-2.165067531433945,WLS,65,0.02025640574478116
0,x_tcsc,1-14,-0.10425696897189711,28,-0.10433918663588006,WLS,65,8.22176639829475e-05
1,B_svc,2,0.1742134842121344,28,0.17385470840421569,WLS,65,0.0003587758079187098
2,UPFC_Vsh,5-15,1.1087134612769574,28,1.1114756956253016,WLS,65,0.002762234348344217
3,UPFC_tsh,5-15,-0.23801779573409362,28,-0.23814240174598778,WLS,65,0.00012460601189415166
4,UPFC_Vse,5-15,0.06309633052674933,28,0.06347709884856012,WLS,65,0.0003807683218107899
5,UPFC_tse,5-15,-2.1823460235363963,28,-2.165067531433945,WLS,65,0.01727849210245136
0,x_tcsc,1-14,-0.10426834339383086,29,-0.10433918663588006,WLS,65,7.084324204920112e-05
1,B_svc,2,0.17414780470903518,29,0.17385470840421569,WLS,65,0.00029309630481949567
2,UPFC_Vsh,5-15,1.108500562495678,29,1.1114756956253016,WLS,65,0.0029751331296234973
3,UPFC_tsh,5-15,-0.23801995441269544,29,-0.23814240174598778,WLS,65,0.00012244733329233592
4,UPFC_Vse,5-15,0.06265018890516762,29,0.06347709884856012,WLS,65,0.0008269099433925037
5,UPFC_tse,5-15,-2.1852901944395153,29,-2.165067531433945,WLS,65,0.020222663005570407
0,x_tcsc,1-14,-0.10426096595331705,30,-0.10433918663588006,WLS,65,7.822068256300996e-05
1,B_svc,2,0.1744569923202578,30,0.17385470840421569,WLS,65,0.0006022839160421123
2,UPFC_Vsh,5-15,1.108070989680208,30,1.1114756956253016,WLS,65,0.003404705945093678
3,UPFC_tsh,5-15,-0.23812811462053904,30,-0.23814240174598778,WLS,65,1.4287125448736449e-05
4,UPFC_Vse,5-15,0.06339320792450422,30,0.06347709884856012,WLS,65,8.389092405590437e-05
5,UPFC_tse,5-15,-2.1835355252602175,30,-2.165067531433945,WLS,65,0.018467993826272622
0,x_tcsc,1-14,-0.10426279683486557,31,-0.10433918663588006,WLS,65,7.6389801014487e-05
1,B_svc,2,0.17413665608217777,31,0.17385470840421569,WLS,65,0.00028194767796208
2,UPFC_Vsh,5-15,1.108568970267816,31,1.1114756956253016,WLS,65,0.0029067253574854846
3,UPFC_tsh,5-15,-0.23810437076005983,31,-0.23814240174598778,WLS,65,3.803098592794485e-05
4,UPFC_Vse,5-15,0.06324759603789076,31,0.06347709884856012,WLS,65,0.00022950281066935752
5,UPFC_tse,5-15,-2.1831776785182924,31,-2.165067531433945,WLS,65,0.01811014708434744
0,x_tcsc,1-14,-0.10426332484818131,32,-0.10433918663588006,WLS,65,7.586178769874996e-05
1,B_svc,2,0.1745234009032903,32,0.17385470840421569,WLS,65,0.0006686924990746135
2,UPFC_Vsh,5-15,1.1087935371831836,32,1.1114756956253016,WLS,65,0.0026821584421179434
3,UPFC_tsh,5-15,-0.23802619599335978,32,-0.23814240174598778,WLS,65,0.00011620575262799582
4,UPFC_Vse,5-15,0.06302486480712417,32,0.06347709884856012,WLS,65,0.0004522340414359477
5,UPFC_tse,5-15,-2.181850645164954,32,-2.165067531433945,WLS,65,0.01678311373100927
0,x_tcsc,1-14,-0.10426428682039068,33,-0.10433918663588006,WLS,65,7.489981548937374e-05
1,B_svc,2,0.17402032768936196,33,0.17385470840421569,WLS,65,0.00016561928514627344
2,UPFC_Vsh,5-15,1.1086434670422651,33,1.1114756956253016,WLS,65,0.0028322285830364446
3,UPFC_tsh,5-15,-0.23813813674648837,33,-0.23814240174598778,WLS,65,4.264999499403732e-06
4,UPFC_Vse,5-15,0.06301619411657983,33,0.06347709884856012,WLS,65,0.0004609047319802939
5,UPFC_tse,5-15,-2.182134320364865,33,-2.165067531433945,WLS,65,0.01706678893091995
0,x_tcsc,1-14,-0.1042680997486354,34,-0.10433918663588006,WLS,65,7.108688724465073e-05
1,B_svc,2,0.1743440559144408,34,0.17385470840421569,WLS,65,0.0004893475102251132
2,UPFC_Vsh,5-15,1.1084615633694763,34,1.1114756956253016,WLS,65,0.0030141322558252526
3,UPFC_tsh,5-15,-0.2380022449115632,34,-0.23814240174598778,WLS,65,0.00014015683442458737
4,UPFC_Vse,5-15,0.06325478599541666,34,0.06347709884856012,WLS,65,0.00022231285314346094
5,UPFC_tse,5-15,-2.179405944896308,34,-2.165067531433945,WLS,65,0.014338413462362976
0,x_tcsc,1-14,-0.10426165217637448,35,-0.10433918663588006,WLS,65,7.753445950557658e-05
1,B_svc,2,0.17460968317706319,35,0.17385470840421569,WLS,65,0.0007549747728474998
2,UPFC_Vsh,5-15,1.108672484699622,35,1.1114756956253016,WLS,65,0.002803210925679478
3,UPFC_tsh,5-15,-0.2380642468034714,35,-0.23814240174598778,WLS,65,7.815494251636745e-05
4,UPFC_Vse,5-15,0.06318274919130938,35,0.06347709884856012,WLS,65,0.00029434965725073925
5,UPFC_tse,5-15,-2.1813733355838365,35,-2.165067531433945,WLS,65,0.01630580414989158
0,x_tcsc,1-14,-0.10426321698474654,36,-0.10433918663588006,WLS,65,7.596965113351728e-05
1,B_svc,2,0.17436725814241874,36,0.17385470840421569,WLS,65,0.0005125497382030553
2,UPFC_Vsh,5-15,1.1086678398743564,36,1.1114756956253016,WLS,65,0.0028078557509452207
3,UPFC_tsh,5-15,-0.23808557322163615,36,-0.23814240174598778,WLS,65,5.682852435162644e-05
4,UPFC_Vse,5-15,0.06279449288429072,36,0.06347709884856012,WLS,65,0.0006826059642694032
5,UPFC_tse,5-15,-2.183162859491144,36,-2.165067531433945,WLS,65,0.018095328057198934
0,x_tcsc,1-14,-0.1042635224478455,37,-0.10433918663588006,WLS,65,7.56641880345632e-05
1,B_svc,2,0.1738493785337282,37,0.17385470840421569,WLS,65,5.32987048748601e-06
2,UPFC_Vsh,5-15,1.1089250720792478,37,1.1114756956253016,WLS,65,0.002550623546053732
3,UPFC_tsh,5-15,-0.23802932610692631,37,-0.23814240174598778,WLS,65,0.00011307563906146068
4,UPFC_Vse,5-15,0.06259232592235858,37,0.06347709884856012,WLS,65,0.000884772926201538
5,UPFC_tse,5-15,-2.1847349717715145,37,-2.165067531433945,WLS,65,0.01966744033756962
0,x_tcsc,1-14,-0.10425369765717304,38,-0.10433918663588006,WLS,65,8.548897870701289e-05
1,B_svc,2,0.17362340744532023,38,0.17385470840421569,WLS,65,0.00023130095889545288
2,UPFC_Vsh,5-15,1.1085739025427854,38,1.1114756956253016,WLS,65,0.0029017930825161464
3,UPFC_tsh,5-15,-0.23802254558016292,38,-0.23814240174598778,WLS,65,0.00011985616582485537
4,UPFC_Vse,5-15,0.06280273237130057,38,0.06347709884856012,WLS,65,0.000674366477259547
5,UPFC_tse,5-15,-2.180097365409169,38,-2.165067531433945,WLS,65,0.015029833975224172
0,x_tcsc,1-14,-0.10427116831325553,39,-0.10433918663588006,WLS,65,6.801832262452734e-05
1,B_svc,2,0.17410458457483916,39,0.17385470840421569,WLS,65,0.0002498761706234698
2,UPFC_Vsh,5-15,1.1087272233544307,39,1.1114756956253016,WLS,65,0.0027484722708708276
3,UPFC_tsh,5-15,-0.23799997984081483,39,-0.23814240174598778,WLS,65,0.0001424219051729403
4,UPFC_Vse,5-15,0.06279789738499542,39,0.06347709884856012,WLS,65,0.0006792014635647048
5,UPFC_tse,5-15,-2.1806487418286564,39,-2.165067531433945,WLS,65,0.015581210394711498
0,x_tcsc,1-14,-0.10426991801486456,40,-0.10433918663588006,WLS,65,6.926862101550024e-05
1,B_svc,2,0.17363098873160288,40,0.17385470840421569,WLS,65,0.0002237196726128099
2,UPFC_Vsh,5-15,1.1082812732881238,40,1.1114756956253016,WLS,65,0.0031944223371778158
3,UPFC_tsh,5-15,-0.23801323236377445,40,-0.23814240174598778,WLS,65,0.00012916938221332885
4,UPFC_Vse,5-15,0.06292244394348159,40,0.06347709884856012,WLS,65,0.0005546549050785277
5,UPFC_tse,5-15,-2.181906487199367,40,-2.165067531433945,WLS,65,0.01683895576542227
0,x_tcsc,1-14,-0.10425779431751628,41,-0.10433918663588006,WLS,65,8.139231836377936e-05
1,B_svc,2,0.1742877559928173,41,0.17385470840421569,WLS,65,0.00043304758860160386
2,UPFC_Vsh,5-15,1.1090627824063788,41,1.1114756956253016,WLS,65,0.0024129132189227853
3,UPFC_tsh,5-15,-0.23806004251802643,41,-0.23814240174598778,WLS,65,8.235922796134831e-05
4,UPFC_Vse,5-15,0.06301987920896211,41,0.06347709884856012,WLS,65,0.00045721963959800827
5,UPFC_tse,5-15,-2.1831513911517737,41,-2.165067531433945,WLS,65,0.018083859717828776
0,x_tcsc,1-14,-0.10427400978713548,42,-0.10433918663588006,WLS,65,6.517684874457474e-05
1,B_svc,2,0.17410921262929874,42,0.17385470840421569,WLS,65,0.00025450422508305204
2,UPFC_Vsh,5-15,1.1088196904791288,42,1.1114756956253016,WLS,65,0.002656005146172813
3,UPFC_tsh,5-15,-0.23796196467317982,42,-0.23814240174598778,WLS,65,0.00018043707280795962
4,UPFC_Vse,5-15,0.06261721369025575,42,0.06347709884856012,WLS,65,0.0008598851583043743
5,UPFC_tse,5-15,-2.182674078667822,42,-2.165067531433945,WLS,65,0.017606547233877112
0,x_tcsc,1-14,-0.10426164996589961,43,-0.10433918663588006,WLS,65,7.753666998044917e-05
1,B_svc,2,0.17432935836926047,43,0.17385470840421569,WLS,65,0.00047464996504478774
2,UPFC_Vsh,5-15,1.1086202165018089,43,1.1114756956253016,WLS,65,0.00285547912349271
3,UPFC_tsh,5-15,-0.2380102984443248,43,-0.23814240174598778,WLS,65,0.0001321033016629669
4,UPFC_Vse,5-15,0.06314425896966022,43,0.06347709884856012,WLS,65,0.00033283987889989874
5,UPFC_tse,5-15,-2.184513533597914,43,-2.165067531433945,WLS,65,0.019446002163968856
0,x_tcsc,1-14,-0.10426209841976342,44,-0.10433918663588006,WLS,65,7.70882161166414e-05
1,B_svc,2,0.17477023721317347,44,0.17385470840421569,WLS,65,0.0009155288089577884
2,UPFC_Vsh,5-15,1.1085269566480123,44,1.1114756956253016,WLS,65,0.0029487389772893113
3,UPFC_tsh,5-15,-0.23811009137828001,44,-0.23814240174598778,WLS,65,3.2310367707760745e-05
4,UPFC_Vse,5-15,0.06375211818613205,44,0.06347709884856012,WLS,65,0.0002750193375719301
5,UPFC_tse,5-15,-2.179578159969082,44,-2.165067531433945,WLS,65,0.014510628535137293
0,x_tcsc,1-14,-0.10426372091131096,45,-0.10433918663588006,WLS,65,7.546572456909595e-05
1,B_svc,2,0.17449607530590128,45,0.17385470840421569,WLS,65,0.0006413669016855916
2,UPFC_Vsh,5-15,1.108803628567261,45,1.1114756956253016,WLS,65,0.0026720670580406836
3,UPFC_tsh,5-15,-0.23809050605802468,45,-0.23814240174598778,WLS,65,5.18956879630994e-05
4,UPFC_Vse,5-15,0.06334296773468723,45,0.06347709884856012,WLS,65,0.0001341311138728929
5,UPFC_tse,5-15,-2.18256457820025,45,-2.165067531433945,WLS,65,0.017497046766305147
0,x_tcsc,1-14,-0.10426259880333191,46,-0.10433918663588006,WLS,65,7.65878325481445e-05
1,B_svc,2,0.17419626009457076,46,0.17385470840421569,WLS,65,0.00034155169035507416
2,UPFC_Vsh,5-15,1.1087879231176134,46,1.1114756956253016,WLS,65,0.0026877725076881465
3,UPFC_tsh,5-15,-0.23798476022036516,46,-0.23814240174598778,WLS,65,0.0001576415256226149
4,UPFC_Vse,5-15,0.0630655959188974,46,0.06347709884856012,WLS,65,0.00041150292966271595
5,UPFC_tse,5-15,-2.1801330743678635,46,-2.165067531433945,WLS,65,0.015065542933918596
0,x_tcsc,1-14,-0.10426555428206767,47,-0.10433918663588006,WLS,65,7.36323538123862e-05
1,B_svc,2,0.17411052625866222,47,0.17385470840421569,WLS,65,0.0002558178544465328
2,UPFC_Vsh,5-15,1.1086393397178869,47,1.1114756956253016,WLS,65,0.0028363559074147116
3,UPFC_tsh,5-15,-0.23809968195139022,47,-0.23814240174598778,WLS,65,4.271979459755104e-05
4,UPFC_Vse,5-15,0.06299714207424002,47,0.06347709884856012,WLS,65,0.00047995677432009776
5,UPFC_tse,5-15,-2.1846587594707154,47,-2.165067531433945,WLS,65,0.01959122803677049
0,x_tcsc,1-14,-0.1042544110946536,48,-0.10433918663588006,WLS,65,8.477554122646169e-05
1,B_svc,2,0.1741172841286616,48,0.17385470840421569,WLS,65,0.00026257572444590704
2,UPFC_Vsh,5-15,1.1087096474559366,48,1.1114756956253016,WLS,65,0.0027660481693649874
3,UPFC_tsh,5-15,-0.2380837835933754,48,-0.23814240174598778,WLS,65,5.861815261237746e-05
4,UPFC_Vse,5-15,0.06271120588189759,48,0.06347709884856012,WLS,65,0.0007658929666625319
5,UPFC_tse,5-15,-2.1832365708449384,48,-2.165067531433945,WLS,65,0.01816903941099346
0,x_tcsc,1-14,-0.10426796894797902,49,-0.10433918663588006,WLS,65,7.12176879010401e-05
1,B_svc,2,0.17473016794588775,49,0.17385470840421569,WLS,65,0.0008754595416720634
2,UPFC_Vsh,5-15,1.108352065541511,49,1.1114756956253016,WLS,65,0.003123630083790685
3,UPFC_tsh,5-15,-0.23807730130848448,49,-0.23814240174598778,WLS,65,6.510043750329597e-05
4,UPFC_Vse,5-15,0.06284544531155609,49,0.06347709884856012,WLS,65,0.0006316535370040344
5,UPFC_tse,5-15,-2.1817657568776223,49,-2.165067531433945,WLS,65,0.016698225443677384
0,x_tcsc,1-14,-0.104261171736983,50,-0.10433918663588006,WLS,65,7.801489889705526e-05
1,B_svc,2,0.17414371546718652,50,0.17385470840421569,WLS,65,0.0002890070629708308
2,UPFC_Vsh,5-15,1.1083617550851264,50,1.1114756956253016,WLS,65,0.0031139405401752196
3,UPFC_tsh,5-15,-0.23807331721594058,50,-0.23814240174598778,WLS,65,6.908453004719761e-05
4,UPFC_Vse,5-15,0.06334725496649428,50,0.06347709884856012,WLS,65,0.00012984388206584152
5,UPFC_tse,5-15,-2.1819781045715576,50,-2.165067531433945,WLS,65,0.016910573137612683
0,x_tcsc,1-14,-0.10427599170592418,51,-0.10433918663588006,WLS,65,6.319492995587872e-05
1,B_svc,2,0.17443381351121903,51,0.17385470840421569,WLS,65,0.000579105107003347
2,UPFC_Vsh,5-15,1.1085268977590466,51,1.1114756956253016,WLS,65,0.002948797866255015
3,UPFC_tsh,5-15,-0.23799323613380136,51,-0.23814240174598778,WLS,65,0.00014916561218641933
4,UPFC_Vse,5-15,0.06302899779255962,51,0.06347709884856012,WLS,65,0.0004481010560005022
5,UPFC_tse,5-15,-2.1834239523645365,51,-2.165067531433945,WLS,65,0.018356420930591533
0,x_tcsc,1-14,-0.10426331378328414,52,-0.10433918663588006,WLS,65,7.587285259591514e-05
1,B_svc,2,0.17464770910846245,52,0.17385470840421569,WLS,65,0.0007930007042467602
2,UPFC_Vsh,5-15,1.1089431324848156,52,1.1114756956253016,WLS,65,0.0025325631404859994
3,UPFC_tsh,5-15,-0.23807872171264494,52,-0.23814240174598778,WLS,65,6.368003334283889e-05
4,UPFC_Vse,5-15,0.06330154372081705,52,0.06347709884856012,WLS,65,0.0001755551277430739
5,UPFC_tse,5-15,-2.181420228689216,52,-2.165067531433945,WLS,65,0.01635269725527122
0,x_tcsc,1-14,-0.1042593491843776,53,-0.10433918663588006,WLS,65,7.983745150245969e-05
1,B_svc,2,0.17421236271356721,53,0.17385470840421569,WLS,65,0.0003576543093515294
2,UPFC_Vsh,5-15,1.1083168599283097,53,1.1114756956253016,WLS,65,0.003158835696991824
3,UPFC_tsh,5-15,-0.23809403921748196,53,-0.23814240174598778,WLS,65,4.836252850581868e-05
4,UPFC_Vse,5-15,0.06319853750248247,53,0.06347709884856012,WLS,65,0.00027856134607764926
5,UPFC_tse,5-15,-2.178946163828976,53,-2.165067531433945,WLS,65,0.013878632395031065
0,x_tcsc,1-14,-0.10425668653530393,54,-0.10433918663588006,WLS,65,8.250010057613e-05
1,B_svc,2,0.17441967920375684,54,0.17385470840421569,WLS,65,0.0005649707995411535
2,UPFC_Vsh,5-15,1.1089385066095074,54,1.1114756956253016,WLS,65,0.002537189015794139
3,UPFC_tsh,5-15,-0.23803980665194802,54,-0.23814240174598778,WLS,65,0.00010259509403975908
4,UPFC_Vse,5-15,0.06310090692180441,54,0.06347709884856012,WLS,65,0.0003761919267557118
5,UPFC_tse,5-15,-2.1820516684872726,54,-2.165067531433945,WLS,65,0.016984137053327686
0,x_tcsc,1-14,-0.10429052331074451,55,-0.10433918663588006,WLS,65,4.866332513554783e-05
1,B_svc,2,0.17472660040331636,55,0.17385470840421569,WLS,65,0.0008718919991006768
2,UPFC_Vsh,5-15,1.1087423499893376,55,1.1114756956253016,WLS,65,0.0027333456359639463
3,UPFC_tsh,5-15,-0.23808279732824114,55,-0.23814240174598778,WLS,65,5.960441774663372e-05
4,UPFC_Vse,5-15,0.0633792185993038,55,0.06347709884856012,WLS,65,9.788024925631855e-05
5,UPFC_tse,5-15,-2.183802784880346,55,-2.165067531433945,WLS,65,0.018735253446401146
0,x_tcsc,1-14,-0.10426514559916024,56,-0.10433918663588006,WLS,65,7.404103671981854e-05
1,B_svc,2,0.17467912306339686,56,0.17385470840421569,WLS,65,0.0008244146591811774
2,UPFC_Vsh,5-15,1.1081591669765254,56,1.1114756956253016,WLS,65,0.0033165286487761847
3,UPFC_tsh,5-15,-0.23810324115385598,56,-0.23814240174598778,WLS,65,3.9160592131798344e-05
4,UPFC_Vse,5-15,0.06274323058147042,56,0.06347709884856012,WLS,65,0.0007338682670896962
5,UPFC_tse,5-15,-2.1813829021150917,56,-2.165067531433945,WLS,65,0.016315370681146746
0,x_tcsc,1-14,-0.10426029035771474,57,-0.10433918663588006,WLS,65,7.889627816531908e-05
1,B_svc,2,0.174539564630526,57,0.17385470840421569,WLS,65,0.0006848562263103153
2,UPFC_Vsh,5-15,1.1083396733375572,57,1.1114756956253016,WLS,65,0.0031360222877443444
3,UPFC_tsh,5-15,-0.2380935215638283,57,-0.23814240174598778,WLS,65,4.888018215948309e-05
4,UPFC_Vse,5-15,0.06275016372815174,57,0.06347709884856012,WLS,65,0.0007269351204083757
5,UPFC_tse,5-15,-2.180397545732544,57,-2.165067531433945,WLS,65,0.01533001429859926
0,x_tcsc,1-14,-0.10426115758480299,58,-0.10433918663588006,WLS,65,7.802905107706648e-05
1,B_svc,2,0.1742283519167056,58,0.17385470840421569,WLS,65,0.00037364351248991845
2,UPFC_Vsh,5-15,1.1085183310689901,58,1.1114756956253016,WLS,65,0.0029573645563114592
3,UPFC_tsh,5-15,-0.2380776347309925,58,-0.23814240174598778,WLS,65,6.476701499527615e-05
4,UPFC_Vse,5-15,0.06300162461654209,58,0.06347709884856012,WLS,65,0.0004754742320180333
5,UPFC_tse,5-15,-2.182096203487196,58,-2.165067531433945,WLS,65,0.017028672053251093
0,x_tcsc,1-14,-0.10426607087782018,59,-0.10433918663588006,WLS,65,7.311575805987736e-05
1,B_svc,2,0.17417224776525214,59,0.17385470840421569,WLS,65,0.0003175393610364563
2,UPFC_Vsh,5-15,1.1086239551314925,59,1.1114756956253016,WLS,65,0.0028517404938090962
3,UPFC_tsh,5-15,-0.23809912026416133,59,-0.23814240174598778,WLS,65,4.328148182644598e-05
4,UPFC_Vse,5-15,0.06303521360544609,59,0.06347709884856012,WLS,65,0.0004418852431140319
5,UPFC_tse,5-15,-2.1824264793237926,59,-2.165067531433945,WLS,65,0.01735894788984771
0,x_tcsc,1-14,-0.10425433568276103,60,-0.10433918663588006,WLS,65,8.485095311902557e-05
1,B_svc,2,0.17462693722392184,60,0.17385470840421569,WLS,65,0.00077222881970615
2,UPFC_Vsh,5-15,1.108448539358851,60,1.1114756956253016,WLS,65,0.003027156266450559
3,UPFC_tsh,5-15,-0.23808002543051263,60,-0.23814240174598778,WLS,65,6.237631547514888e-05
4,UPFC_Vse,5-15,0.06275889496186786,60,0.06347709884856012,WLS,65,0.0007182038866922619
5,UPFC_tse,5-15,-2.183023870589913,60,-2.165067531433945,WLS,65,0.01795633915596806
0,x_tcsc,1-14,-0.10425906590144066,61,-0.10433918663588006,WLS,65,8.012073443940115e-05
1,B_svc,2,0.17416469251998862,61,0.17385470840421569,WLS,65,0.00030998411577293217
2,UPFC_Vsh,5-15,1.108538384323085,61,1.1114756956253016,WLS,65,0.0029373113022166386
3,UPFC_tsh,5-15,-0.23801590694411845,61,-0.23814240174598778,WLS,65,0.0001264948018693257
4,UPFC_Vse,5-15,0.06339791078084525,61,0.06347709884856012,WLS,65,7.91880677148693e-05
5,UPFC_tse,5-15,-2.180139078125944,61,-2.165067531433945,WLS,65,0.01507154669199906
0,x_tcsc,1-14,-0.10426479128992927,62,-0.10433918663588006,WLS,65,7.439534595078678e-05
1,B_svc,2,0.1738628979477987,62,0.17385470840421569,WLS,65,8.189543583003722e-06
2,UPFC_Vsh,5-15,1.108925211149666,62,1.1114756956253016,WLS,65,0.0025504844756356615
3,UPFC_tsh,5-15,-0.23801599858211328,62,-0.23814240174598778,WLS,65,0.00012640316387449446
4,UPFC_Vse,5-15,0.06272454090467151,62,0.06347709884856012,WLS,65,0.0007525579438886071
5,UPFC_tse,5-15,-2.1855357243487443,62,-2.165067531433945,WLS,65,0.0204681929147994
0,x_tcsc,1-14,-0.10425197564873237,63,-0.10433918663588006,WLS,65,8.721098714768727e-05
1,B_svc,2,0.1741641492411627,63,0.17385470840421569,WLS,65,0.00030944083694700586
2,UPFC_Vsh,5-15,1.1086774546584734,63,1.1114756956253016,WLS,65,0.002798240966828125
3,UPFC_tsh,5-15,-0.23810335497002996,63,-0.23814240174598778,WLS,65,3.904677595781281e-05
4,UPFC_Vse,5-15,0.06261162137498073,63,0.06347709884856012,WLS,65,0.0008654774735793874
5,UPFC_tse,5-15,-2.1823966540378676,63,-2.165067531433945,WLS,65,0.01732912260392272
0,x_tcsc,1-14,-0.10426109660341829,64,-0.10433918663588006,WLS,65,7.809003246177226e-05
1,B_svc,2,0.17431845067841054,64,0.17385470840421569,WLS,65,0.0004637422741948505
2,UPFC_Vsh,5-15,1.1085006622379743,64,1.1114756956253016,WLS,65,0.002975033387327297
3,UPFC_tsh,5-15,-0.23810907667617856,64,-0.23814240174598778,WLS,65,3.332506980921468e-05
4,UPFC_Vse,5-15,0.0629409453176737,64,0.06347709884856012,WLS,65,0.0005361535308864157
5,UPFC_tse,5-15,-2.181928405871019,64,-2.165067531433945,WLS,65,0.01686087443707418
0,x_tcsc,1-14,-0.10424760712851468,65,-0.10433918663588006,WLS,65,9.157950736538023e-05
1,B_svc,2,0.17457054930294522,65,0.17385470840421569,WLS,65,0.0007158408987295306
2,UPFC_Vsh,5-15,1.1086190629702926,65,1.1114756956253016,WLS,65,0.002856632655009017
3,UPFC_tsh,5-15,-0.23800176321517955,65,-0.23814240174598778,WLS,65,0.0001406385308082292
4,UPFC_Vse,5-15,0.06298129294942632,65,0.06347709884856012,WLS,65,0.0004958058991337971
5,UPFC_tse,5-15,-2.1854193394059913,65,-2.165067531433945,WLS,65,0.020351807972046387
0,x_tcsc,1-14,-0.10425637437782305,66,-0.10433918663588006,WLS,65,8.281225805700787e-05
1,B_svc,2,0.17447795275898625,66,0.17385470840421569,WLS,65,0.000623244354770569
2,UPFC_Vsh,5-15,1.1083507981094947,66,1.1114756956253016,WLS,65,0.0031248975158069126
3,UPFC_tsh,5-15,-0.23809565285866363,66,-0.23814240174598778,WLS,65,4.674888732414395e-05
4,UPFC_Vse,5-15,0.06332364278542348,66,0.06347709884856012,WLS,65,0.00015345606313664495
5,UPFC_tse,5-15,-2.1796625615096183,66,-2.165067531433945,WLS,65,0.01459503007567342
0,x_tcsc,1-14,-0.1042585361592305,67,-0.10433918663588006,WLS,65,8.065047664955471e-05
1,B_svc,2,0.1743608414431315,67,0.17385470840421569,WLS,65,0.000506133038915807
2,UPFC_Vsh,5-15,1.1086513691432982,67,1.1114756956253016,WLS,65,0.0028243264820033698
3,UPFC_tsh,5-15,-0.23801690877997236,67,-0.23814240174598778,WLS,65,0.00012549296601541138
4,UPFC_Vse,5-15,0.06310136965699868,67,0.06347709884856012,WLS,65,0.0003757291915614386
5,UPFC_tse,5-15,-2.18078310254502,67,-2.165067531433945,WLS,65,0.015715571111075022
0,x_tcsc,1-14,-0.10425684793053364,68,-0.10433918663588006,WLS,65,8.23387053464214e-05
1,B_svc,2,0.17452984680148867,68,0.17385470840421569,WLS,65,0.0006751383972729841
2,UPFC_Vsh,5-15,1.1086279588489125,68,1.1114756956253016,WLS,65,0.0028477367763890538
3,UPFC_tsh,5-15,-0.23800399862617605,68,-0.23814240174598778,WLS,65,0.00013840311981172526
4,UPFC_Vse,5-15,0.062451182973875606,68,0.06347709884856012,WLS,65,0.0010259158746845146
5,UPFC_tse,5-15,-2.1814014271556323,68,-2.165067531433945,WLS,65,0.01633389572168742
0,x_tcsc,1-14,-0.10426791178631313,69,-0.10433918663588006,WLS,65,7.127484956692687e-05
1,B_svc,2,0.17404787002313724,69,0.17385470840421569,WLS,65,0.00019316161892155015
2,UPFC_Vsh,5-15,1.1083128641859135,69,1.1114756956253016,WLS,65,0.003162831439388114
3,UPFC_tsh,5-15,-0.23802765811450682,69,-0.23814240174598778,WLS,65,0.00011474363148095135
4,UPFC_Vse,5-15,0.0624229300374708,69,0.06347709884856012,WLS,65,0.0010541688110893219
5,UPFC_tse,5-15,-2.1831988004488316,69,-2.165067531433945,WLS,65,0.01813126901488671
0,x_tcsc,1-14,-0.10426635126651923,70,-0.10433918663588006,WLS,65,7.283536936082691e-05
1,B_svc,2,0.17392253176227968,70,0.17385470840421569,WLS,65,6.782335806398976e-05
2,UPFC_Vsh,5-15,1.1086915027977358,70,1.1114756956253016,WLS,65,0.0027841928275658123
3,UPFC_tsh,5-15,-0.238068980165735,70,-0.23814240174598778,WLS,65,7.342158025278045e-05
4,UPFC_Vse,5-15,0.0627840689558527,70,0.06347709884856012,WLS,65,0.0006930298927074197
5,UPFC_tse,5-15,-2.181719436422989,70,-2.165067531433945,WLS,65,0.01665190498904412
0,x_tcsc,1-14,-0.10426772110070216,71,-0.10433918663588006,WLS,65,7.146553517789478e-05
1,B_svc,2,0.1743936120357724,71,0.17385470840421569,WLS,65,0.0005389036315567031
2,UPFC_Vsh,5-15,1.1086482647261546,71,1.1114756956253016,WLS,65,0.0028274308991469432
3,UPFC_tsh,5-15,-0.2381123873216647,71,-0.23814240174598778,WLS,65,3.0014424323071554e-05
4,UPFC_Vse,5-15,0.06350785303940194,71,0.06347709884856012,WLS,65,3.0754190841822404e-05
5,UPFC_tse,5-15,-2.1784368327289227,71,-2.165067531433945,WLS,65,0.01336930129497782
0,x_tcsc,1-14,-0.10426308086231045,72,-0.10433918663588006,WLS,65,7.610577356960413e-05
1,B_svc,2,0.1739246656461456,72,0.17385470840421569,WLS,65,6.995724192990216e-05
2,UPFC_Vsh,5-15,1.108613291569582,72,1.1114756956253016,WLS,65,0.0028624040557194697
3,UPFC_tsh,5-15,-0.23803736295153313,72,-0.23814240174598778,WLS,65,0.0001050387944546427
4,UPFC_Vse,5-15,0.06288959600060577,72,0.06347709884856012,WLS,65,0.0005875028479543493
5,UPFC_tse,5-15,-2.1832695021530704,72,-2.165067531433945,WLS,65,0.018201970719125438
0,x_tcsc,1-14,-0.10427199512537574,73,-0.10433918663588006,WLS,65,6.71915105043136e-05
1,B_svc,2,0.17475330137561287,73,0.17385470840421569,WLS,65,0.0008985929713971885
2,UPFC_Vsh,5-15,1.108658053954418,73,1.1114756956253016,WLS,65,0.0028176416708836083
3,UPFC_tsh,5-15,-0.2380526042962933,73,-0.23814240174598778,WLS,65,8.979744969447867e-05
4,UPFC_Vse,5-15,0.06309421106964787,73,0.06347709884856012,WLS,65,0.00038288777891225256
5,UPFC_tse,5-15,-2.1824250656325868,73,-2.165067531433945,WLS,65,0.017357534198641833
0,x_tcsc,1-14,-0.10425698699276445,74,-0.10433918663588006,WLS,65,8.219964311560746e-05
1,B_svc,2,0.1747042218072845,74,0.17385470840421569,WLS,65,0.0008495134030688245
2,UPFC_Vsh,5-15,1.1082579312780405,74,1.1114756956253016,WLS,65,0.003217764347261065
3,UPFC_tsh,5-15,-0.23813271765426514,74,-0.23814240174598778,WLS,65,9.684091722639288e-06
4,UPFC_Vse,5-15,0.06294425441864324,74,0.06347709884856012,WLS,65,0.0005328444299168844
5,UPFC_tse,5-15,-2.184003592063051,74,-2.165067531433945,WLS,65,0.018936060629106244
0,x_tcsc,1-14,-0.10427238152205565,75,-0.10433918663588006,WLS,65,6.680511382441134e-05
1,B_svc,2,0.1745351629960191,75,0.17385470840421569,WLS,65,0.0006804545918034088
2,UPFC_Vsh,5-15,1.1084482197982064,75,1.1114756956253016,WLS,65,0.003027475827095172
3,UPFC_tsh,5-15,-0.23802744503777393,75,-0.23814240174598778,WLS,65,0.00011495670821384807
4,UPFC_Vse,5-15,0.06303050129092952,75,0.06347709884856012,WLS,65,0.0004465975576306014
5,UPFC_tse,5-15,-2.184713441945023,75,-2.165067531433945,WLS,65,0.019645910511078224
0,x_tcsc,1-14,-0.10427379806575851,76,-0.10433918663588006,WLS,65,6.538857012154675e-05
1,B_svc,2,0.17491487016637564,76,0.17385470840421569,WLS,65,0.0010601617621599502
2,UPFC_Vsh,5-15,1.1087962976112222,76,1.1114756956253016,WLS,65,0.0026793980140793483
3,UPFC_tsh,5-15,-0.23799245121731238,76,-0.23814240174598778,WLS,65,0.00014995052867539105
4,UPFC_Vse,5-15,0.06275446057876499,76,0.06347709884856012,WLS,65,0.0007226382697951284
5,UPFC_tse,5-15,-2.180493504754015,76,-2.165067531433945,WLS,65,0.015425973320069897
0,x_tcsc,1-14,-0.10427227024253775,77,-0.10433918663588006,WLS,65,6.691639334230337e-05
1,B_svc,2,0.17399912014510951,77,0.17385470840421569,WLS,65,0.00014441174089382947
2,UPFC_Vsh,5-15,1.108610371958045,77,1.1114756956253016,WLS,65,0.0028653236672566695
3,UPFC_tsh,5-15,-0.23809335857528627,77,-0.23814240174598778,WLS,65,4.90431707015071e-05
4,UPFC_Vse,5-15,0.06333954828305836,77,0.06347709884856012,WLS,65,0.0001375505655017567
5,UPFC_tse,5-15,-2.1807593198932165,77,-2.165067531433945,WLS,65,0.01569178845927155
0,x_tcsc,1-14,-0.10426566957261842,78,-0.10433918663588006,WLS,65,7.351706326164109e-05
1,B_svc,2,0.1741659003175113,78,0.17385470840421569,WLS,65,0.000311191913295622
2,UPFC_Vsh,5-15,1.1084688674793632,78,1.1114756956253016,WLS,65,0.003006828145938334
3,UPFC_tsh,5-15,-0.23813273236659763,78,-0.23814240174598778,WLS,65,9.669379390148114e-06
4,UPFC_Vse,5-15,0.063363078469824,78,0.06347709884856012,WLS,65,0.00011402037873611826
5,UPFC_tse,5-15,-2.1804253354793817,78,-2.165067531433945,WLS,65,0.01535780404543674
0,x_tcsc,1-14,-0.10425854947518468,79,-0.10433918663588006,WLS,65,8.063716069538207e-05
1,B_svc,2,0.17461405274391614,79,0.17385470840421569,WLS,65,0.0007593443397004573
2,UPFC_Vsh,5-15,1.108602002216152,79,1.1114756956253016,WLS,65,0.002873693409149558
3,UPFC_tsh,5-15,-0.2380836969163357,79,-0.23814240174598778,WLS,65,5.870482965206203e-05
4,UPFC_Vse,5-15,0.06234938886775924,79,0.06347709884856012,WLS,65,0.0011277099808008825
5,UPFC_tse,5-15,-2.181669608240769,79,-2.165067531433945,WLS,65,0.01660207680682424
0,x_tcsc,1-14,-0.1042661249940855,80,-0.10433918663588006,WLS,65,7.30616417945612e-05
1,B_svc,2,0.17467782461053374,80,0.17385470840421569,WLS,65,0.0008231162063180586
2,UPFC_Vsh,5-15,1.1090038957745036,80,1.1114756956253016,WLS,65,0.002471799850797929
3,UPFC_tsh,5-15,-0.23807679190521533,80,-0.23814240174598778,WLS,65,6.560984077244592e-05
4,UPFC_Vse,5-15,0.06314641589456266,80,0.06347709884856012,WLS,65,0.00033068295399746317
5,UPFC_tse,5-15,-2.1843478910636396,80,-2.165067531433945,WLS,65,0.019280359629694654
0,x_tcsc,1-14,-0.10427216018777692,81,-0.10433918663588006,WLS,65,6.702644810313574e-05
1,B_svc,2,0.17436969454856538,81,0.17385470840421569,WLS,65,0.0005149861443496939
2,UPFC_Vsh,5-15,1.1088742303942924,81,1.1114756956253016,WLS,65,0.0026014652310091257
3,UPFC_tsh,5-15,-0.23807912126446318,81,-0.23814240174598778,WLS,65,6.328048152459687e-05
4,UPFC_Vse,5-15,0.06231177647447826,81,0.06347709884856012,WLS,65,0.0011653223740818591
5,UPFC_tse,5-15,-2.184422833961448,81,-2.165067531433945,WLS,65,0.01935530252750306
0,x_tcsc,1-14,-0.10424768856366198,82,-0.10433918663588006,WLS,65,9.149807221807416e-05
1,B_svc,2,0.17473803146712577,82,0.17385470840421569,WLS,65,0.0008833230629100852
2,UPFC_Vsh,5-15,1.1087428550397211,82,1.1114756956253016,WLS,65,0.0027328405855804316
3,UPFC_tsh,5-15,-0.23802499434953694,82,-0.23814240174598778,WLS,65,0.00011740739645083043
4,UPFC_Vse,5-15,0.06354484075554089,82,0.06347709884856012,WLS,65,6.774190698076443e-05
5,UPFC_tse,5-15,-2.181066978869672,82,-2.165067531433945,WLS,65,0.01599944743572701
0,x_tcsc,1-14,-0.10425116465453614,83,-0.10433918663588006,WLS,65,8.802198134391648e-05
1,B_svc,2,0.17482598447576828,83,0.17385470840421569,WLS,65,0.0009712760715525903
2,UPFC_Vsh,5-15,1.1090725173986424,83,1.1114756956253016,WLS,65,0.0024031782266591417
3,UPFC_tsh,5-15,-0.23810329855581647,83,-0.23814240174598778,WLS,65,3.910319017130792e-05
4,UPFC_Vse,5-15,0.06302717201984594,83,0.06347709884856012,WLS,65,0.0004499268287141839
5,UPFC_tse,5-15,-2.185759402231111,83,-2.165067531433945,WLS,65,0.020691870797166168
0,x_tcsc,1-14,-0.10425536217198167,84,-0.10433918663588006,WLS,65,8.382446389838816e-05
1,B_svc,2,0.17415057181732782,84,0.17385470840421569,WLS,65,0.00029586341311213515
2,UPFC_Vsh,5-15,1.1088932857125176,84,1.1114756956253016,WLS,65,0.0025824099127840228
3,UPFC_tsh,5-15,-0.23805640803559283,84,-0.23814240174598778,WLS,65,8.599371039494375e-05
4,UPFC_Vse,5-15,0.06337086678324254,84,0.06347709884856012,WLS,65,0.00010623206531758245
5,UPFC_tse,5-15,-2.1812729765435015,84,-2.165067531433945,WLS,65,0.01620544510955657
0,x_tcsc,1-14,-0.10426228943385711,85,-0.10433918663588006,WLS,65,7.689720202294636e-05
1,B_svc,2,0.17448506628226712,85,0.17385470840421569,WLS,65,0.0006303578780514352
2,UPFC_Vsh,5-15,1.1087200955794914,85,1.1114756956253016,WLS,65,0.0027556000458102137
3,UPFC_tsh,5-15,-0.23806708792288234,85,-0.23814240174598778,WLS,65,7.531382310543844e-05
4,UPFC_Vse,5-15,0.062408856550315764,85,0.06347709884856012,WLS,65,0.0010682422982443568
5,UPFC_tse,5-15,-2.184758192896829,85,-2.165067531433945,WLS,65,0.01969066146288423
0,x_tcsc,1-14,-0.10427308027067281,86,-0.10433918663588006,WLS,65,6.610636520724966e-05
1,B_svc,2,0.1746488901573904,86,0.17385470840421569,WLS,65,0.000794181753174722
2,UPFC_Vsh,5-15,1.1086097485673951,86,1.1114756956253016,WLS,65,0.0028659470579064372
3,UPFC_tsh,5-15,-0.23809803329419357,86,-0.23814240174598778,WLS,65,4.4368451794202235e-05
4,UPFC_Vse,5-15,0.06251961474958727,86,0.06347709884856012,WLS,65,0.0009574840989728522
5,UPFC_tse,5-15,-2.183862631861927,86,-2.165067531433945,WLS,65,0.01879510042798227
0,x_tcsc,1-14,-0.10426350562516949,87,-0.10433918663588006,WLS,65,7.568101071056543e-05
1,B_svc,2,0.1743099272795596,87,0.17385470840421569,WLS,65,0.0004552188753439157
2,UPFC_Vsh,5-15,1.108702018549403,87,1.1114756956253016,WLS,65,0.002773677075898595
3,UPFC_tsh,5-15,-0.23807656534564212,87,-0.23814240174598778,WLS,65,6.583640034565907e-05
4,UPFC_Vse,5-15,0.06311925142861834,87,0.06347709884856012,WLS,65,0.00035784741994178415
5,UPFC_tse,5-15,-2.182939318797408,87,-2.165067531433945,WLS,65,0.017871787363463287
0,x_tcsc,1-14,-0.10426649804475807,88,-0.10433918663588006,WLS,65,7.2688591121986e-05
1,B_svc,2,0.17474890558458872,88,0.17385470840421569,WLS,65,0.0008941971803730353
2,UPFC_Vsh,5-15,1.1086797279646072,88,1.1114756956253016,WLS,65,0.002795967660694343
3,UPFC_tsh,5-15,-0.23808092434344322,88,-0.23814240174598778,WLS,65,6.147740254455747e-05
4,UPFC_Vse,5-15,0.06266329016572918,88,0.06347709884856012,WLS,65,0.0008138086828309438
5,UPFC_tse,5-15,-2.180503241792533,88,-2.165067531433945,WLS,65,0.01543571035858804
0,x_tcsc,1-14,-0.10426816331492098,89,-0.10433918663588006,WLS,65,7.102332095908215e-05
1,B_svc,2,0.17418241756685185,89,0.17385470840421569,WLS,65,0.0003277091626361639
2,UPFC_Vsh,5-15,1.1086380494243335,89,1.1114756956253016,WLS,65,0.002837646200968047
3,UPFC_tsh,5-15,-0.23806381080693378,89,-0.23814240174598778,WLS,65,7.859093905399073e-05
4,UPFC_Vse,5-15,0.06267626906623094,89,0.06347709884856012,WLS,65,0.0008008297823291766
5,UPFC_tse,5-15,-2.18162083655755,89,-2.165067531433945,WLS,65,0.01655330512360509
0,x_tcsc,1-14,-0.10425693127512357,90,-0.10433918663588006,WLS,65,8.225536075648354e-05
1,B_svc,2,0.17428336759399546,90,0.17385470840421569,WLS,65,0.00042865918977977313
2,UPFC_Vsh,5-15,1.1085239556455446,90,1.1114756956253016,WLS,65,0.002951739979756951
3,UPFC_tsh,5-15,-0.2380577706357703,90,-0.23814240174598778,WLS,65,8.463111021747571e-05
4,UPFC_Vse,5-15,0.06296578736825267,90,0.06347709884856012,WLS,65,0.000511311480307447
5,UPFC_tse,5-15,-2.1821758037491263,90,-2.165067531433945,WLS,65,0.017108272315181416
0,x_tcsc,1-14,-0.10424202155265076,91,-0.10433918663588006,WLS,65,9.716508322929474e-05
1,B_svc,2,0.17485358473154994,91,0.17385470840421569,WLS,65,0.0009988763273342527
2,UPFC_Vsh,5-15,1.1086014755741442,91,1.1114756956253016,WLS,65,0.002874220051157339
3,UPFC_tsh,5-15,-0.2380347524936833,91,-0.23814240174598778,WLS,65,0.00010764925230447031
4,UPFC_Vse,5-15,0.06304700288654806,91,0.06347709884856012,WLS,65,0.0004300959620120587
5,UPFC_tse,5-15,-2.1789725743382036,91,-2.165067531433945,WLS,65,0.013905042904258647
0,x_tcsc,1-14,-0.10426015592552068,92,-0.10433918663588006,WLS,65,7.903071035937625e-05
1,B_svc,2,0.17450847532358865,92,0.17385470840421569,WLS,65,0.0006537669193729667
2,UPFC_Vsh,5-15,1.1085964760600664,92,1.1114756956253016,WLS,65,0.0028792195652351804
3,UPFC_tsh,5-15,-0.23808491804240864,92,-0.23814240174598778,WLS,65,5.748370357913646e-05
4,UPFC_Vse,5-15,0.06344814629785389,92,0.06347709884856012,WLS,65,2.8952550706229374e-05
5,UPFC_tse,5-15,-2.1790257781524214,92,-2.165067531433945,WLS,65,0.013958246718476452
0,x_tcsc,1-14,-0.10426428861238182,93,-0.10433918663588006,WLS,65,7.489802349823493e-05
1,B_svc,2,0.1740320988925888,93,0.17385470840421569,WLS,65,0.00017739048837311922
2,UPFC_Vsh,5-15,1.1088705079330736,93,1.1114756956253016,WLS,65,0.0026051876922279504
3,UPFC_tsh,5-15,-0.23805761014666457,93,-0.23814240174598778,WLS,65,8.47915993232029e-05
4,UPFC_Vse,5-15,0.06270529257901217,93,0.06347709884856012,WLS,65,0.0007718062695479533
5,UPFC_tse,5-15,-2.1824520657464945,93,-2.165067531433945,WLS,65,0.017384534312549604
0,x_tcsc,1-14,-0.10425642037465899,94,-0.10433918663588006,WLS,65,8.276626122107056e-05
1,B_svc,2,0.1745617005533157,94,0.17385470840421569,WLS,65,0.0007069921491000275
2,UPFC_Vsh,5-15,1.1081830331926859,94,1.1114756956253016,WLS,65,0.0032926624326157228
3,UPFC_tsh,5-15,-0.2380837421619164,94,-0.23814240174598778,WLS,65,5.865958407136329e-05
4,UPFC_Vse,5-15,0.06326821598812506,94,0.06347709884856012,WLS,65,0.000208882860435064
5,UPFC_tse,5-15,-2.180385362608261,94,-2.165067531433945,WLS,65,0.015317831174316066
0,x_tcsc,1-14,-0.10426458878515046,95,-0.10433918663588006,WLS,65,7.459785072959357e-05
1,B_svc,2,0.17454827742096704,95,0.17385470840421569,WLS,65,0.0006935690167513553
2,UPFC_Vsh,5-15,1.1086385324870212,95,1.1114756956253016,WLS,65,0.0028371631382804186
3,UPFC_tsh,5-15,-0.23807578585059871,95,-0.23814240174598778,WLS,65,6.661589538906054e-05
4,UPFC_Vse,5-15,0.06304491036914382,95,0.06347709884856012,WLS,65,0.00043218847941629834
5,UPFC_tse,5-15,-2.1828892751357425,95,-2.165067531433945,WLS,65,0.017821743701797566
0,x_tcsc,1-14,-0.1042655202304545,96,-0.10433918663588006,WLS,65,7.366640542555425e-05
1,B_svc,2,0.1742482257026046,96,0.17385470840421569,WLS,65,0.0003935172983889068
2,UPFC_Vsh,5-15,1.1086866097960522,96,1.1114756956253016,WLS,65,0.002789085829249416
3,UPFC_tsh,5-15,-0.23809549675783337,96,-0.23814240174598778,WLS,65,4.690498815440591e-05
4,UPFC_Vse,5-15,0.06308135579152487,96,0.06347709884856012,WLS,65,0.0003957430570352555
5,UPFC_tse,5-15,-2.181383792968567,96,-2.165067531433945,WLS,65,0.01631626153462218
0,x_tcsc,1-14,-0.10426771074464675,97,-0.10433918663588006,WLS,65,7.147589123331077e-05
1,B_svc,2,0.17453186452155162,97,0.17385470840421569,WLS,65,0.0006771561173359308
2,UPFC_Vsh,5-15,1.108667070898333,97,1.1114756956253016,WLS,65,0.0028086247269685227
3,UPFC_tsh,5-15,-0.23804287169004754,97,-0.23814240174598778,WLS,65,9.9530055940239e-05
4,UPFC_Vse,5-15,0.06354439057779392,97,0.06347709884856012,WLS,65,6.729172923379545e-05
5,UPFC_tse,5-15,-2.183983679687241,97,-2.165067531433945,WLS,65,0.01891614825329624
0,x_tcsc,1-14,-0.10426599028793047,98,-0.10433918663588006,WLS,65,7.319634794958341e-05
1,B_svc,2,0.17443818827380017,98,0.17385470840421569,WLS,65,0.0005834798695844856
2,UPFC_Vsh,5-15,1.1089180233859888,98,1.1114756956253016,WLS,65,0.0025576722393128026
3,UPFC_tsh,5-15,-0.2380150971829075,98,-0.23814240174598778,WLS,65,0.0001273045630802716
4,UPFC_Vse,5-15,0.06292579570159726,98,0.06347709884856012,WLS,65,0.0005513031469628615
5,UPFC_tse,5-15,-2.1842136053451804,98,-2.165067531433945,WLS,65,0.01914607391123546
0,x_tcsc,1-14,-0.10427740102822335,99,-0.10433918663588006,WLS,65,6.178560765671137e-05
1,B_svc,2,0.1744816585165834,99,0.17385470840421569,WLS,65,0.0006269501123677135
2,UPFC_Vsh,5-15,1.1086613561399543,99,1.1114756956253016,WLS,65,0.0028143394853472614
3,UPFC_tsh,5-15,-0.23808890654009268,99,-0.23814240174598778,WLS,65,5.349520589509327e-05
4,UPFC_Vse,5-15,0.06287249190326584,99,0.06347709884856012,WLS,65,0.0006046069452942809
5,UPFC_tse,5-15,-2.180013273730983,99,-2.165067531433945,WLS,65,0.014945742297038045
0,x_tcsc,1-14,-0.10751506860602984,0,-0.10760335964241032,WLS,67,8.829103638047231e-05
1,B_svc,2,0.17785066103160782,0,0.17762558640633208,WLS,67,0.00022507462527573963
2,UPFC_Vsh,5-15,1.1091169982864835,0,1.1094904477156968,WLS,67,0.0003734494292133572
3,UPFC_tsh,5-15,-0.2346031882195602,0,-0.2347478553483812,WLS,67,0.00014466712882099664
4,UPFC_Vse,5-15,0.06317555691566759,0,0.06396008063161161,WLS,67,0.0007845237159440216
5,UPFC_tse,5-15,-2.181168304264361,0,-2.1660245224103103,WLS,67,0.01514378185405052
0,x_tcsc,1-14,-0.10750999975065445,1,-0.10760335964241032,WLS,67,9.335989175586479e-05
1,B_svc,2,0.17797073669848645,1,0.17762558640633208,WLS,67,0.00034515029215437254
2,UPFC_Vsh,5-15,1.1087003610187343,1,1.1094904477156968,WLS,67,0.0007900866969625664
3,UPFC_tsh,5-15,-0.23463959516330452,1,-0.2347478553483812,WLS,67,0.00010826018507667512
4,UPFC_Vse,5-15,0.06340512803381462,1,0.06396008063161161,WLS,67,0.0005549525977969899
5,UPFC_tse,5-15,-2.1783303731762245,1,-2.1660245224103103,WLS,67,0.012305850765914172
0,x_tcsc,1-14,-0.10750676257656931,2,-0.10760335964241032,WLS,67,9.659706584100314e-05
1,B_svc,2,0.178125759228467,2,0.17762558640633208,WLS,67,0.0005001728221349089
2,UPFC_Vsh,5-15,1.1085118079954155,2,1.1094904477156968,WLS,67,0.000978639720281338
3,UPFC_tsh,5-15,-0.2346330101822128,2,-0.2347478553483812,WLS,67,0.00011484516616838691
4,UPFC_Vse,5-15,0.06341555680129564,2,0.06396008063161161,WLS,67,0.0005445238303159738
5,UPFC_tse,5-15,-2.182042864388948,2,-2.1660245224103103,WLS,67,0.016018341978637718
0,x_tcsc,1-14,-0.10751110110205445,3,-0.10760335964241032,WLS,67,9.2258540355869e-05
1,B_svc,2,0.17849307970720998,3,0.17762558640633208,WLS,67,0.0008674933008779029
2,UPFC_Vsh,5-15,1.1087240580191013,3,1.1094904477156968,WLS,67,0.000766389696595482
3,UPFC_tsh,5-15,-0.2346018783302435,3,-0.2347478553483812,WLS,67,0.00014597701813767738
4,UPFC_Vse,5-15,0.06381025108373868,3,0.06396008063161161,WLS,67,0.00014982954787293168
5,UPFC_tse,5-15,-2.183150319505234,3,-2.1660245224103103,WLS,67,0.0171257970949239
0,x_tcsc,1-14,-0.10750503271355048,4,-0.10760335964241032,WLS,67,9.832692885983207e-05
1,B_svc,2,0.17836547210654002,4,0.17762558640633208,WLS,67,0.0007398857002079429
2,UPFC_Vsh,5-15,1.108814555726145,4,1.1094904477156968,WLS,67,0.0006758919895517579
3,UPFC_tsh,5-15,-0.23462020330341424,4,-0.2347478553483812,WLS,67,0.0001276520449669527
4,UPFC_Vse,5-15,0.06296966863458293,4,0.06396008063161161,WLS,67,0.0009904119970286784
5,UPFC_tse,5-15,-2.181239941273849,4,-2.1660245224103103,WLS,67,0.015215418863538499
0,x_tcsc,1-14,-0.10749141791937042,5,-0.10760335964241032,WLS,67,0.00011194172303989613
1,B_svc,2,0.17792442399029937,5,0.17762558640633208,WLS,67,0.00029883758396728743
2,UPFC_Vsh,5-15,1.1091241101705236,5,1.1094904477156968,WLS,67,0.00036633754517323425
3,UPFC_tsh,5-15,-0.23464368232528798,5,-0.2347478553483812,WLS,67,0.00010417302309320697
4,UPFC_Vse,5-15,0.063326177348073,5,0.06396008063161161,WLS,67,0.0006339032835386144
5,UPFC_tse,5-15,-2.1824746037536458,5,-2.1660245224103103,WLS,67,0.016450081343335476
0,x_tcsc,1-14,-0.10750966982973874,6,-0.10760335964241032,WLS,67,9.368981267157683e-05
1,B_svc,2,0.17793569830274858,6,0.17762558640633208,WLS,67,0.0003101118964164984
2,UPFC_Vsh,5-15,1.1086983602085119,6,1.1094904477156968,WLS,67,0.0007920875071849576
3,UPFC_tsh,5-15,-0.23461109032559463,6,-0.2347478553483812,WLS,67,0.00013676502278656133
4,UPFC_Vse,5-15,0.06291911657606435,6,0.06396008063161161,WLS,67,0.0010409640555472666
5,UPFC_tse,5-15,-2.183118256131369,6,-2.1660245224103103,WLS,67,0.0170937337210586
0,x_tcsc,1-14,-0.1075252453001521,7,-0.10760335964241032,WLS,67,7.811434225821201e-05
1,B_svc,2,0.17820188838391857,7,0.17762558640633208,WLS,67,0.0005763019775864853
2,UPFC_Vsh,5-15,1.1086451555221846,7,1.1094904477156968,WLS,67,0.0008452921935122593
3,UPFC_tsh,5-15,-0.2346174728382804,7,-0.2347478553483812,WLS,67,0.0001303825101007794
4,UPFC_Vse,5-15,0.06311072620158857,7,0.06396008063161161,WLS,67,0.0008493544300230416
5,UPFC_tse,5-15,-2.1789683709162584,7,-2.1660245224103103,WLS,67,0.012943848505948097
0,x_tcsc,1-14,-0.10750135008012104,8,-0.10760335964241032,WLS,67,0.00010200956228927083
1,B_svc,2,0.17810979227121446,8,0.17762558640633208,WLS,67,0.0004842058648823755
2,UPFC_Vsh,5-15,1.1086782510821478,8,1.1094904477156968,WLS,67,0.0008121966335490338
3,UPFC_tsh,5-15,-0.2346574605940048,8,-0.2347478553483812,WLS,67,9.039475437638833e-05
4,UPFC_Vse,5-15,0.06361357026593453,8,0.06396008063161161,WLS,67,0.00034651036567708016
5,UPFC_tse,5-15,-2.1775079782794937,8,-2.1660245224103103,WLS,67,0.011483455869183423
0,x_tcsc,1-14,-0.10748659276576543,9,-0.10760335964241032,WLS,67,0.00011676687664488594
1,B_svc,2,0.17814627035305522,9,0.17762558640633208,WLS,67,0.0005206839467231383
2,UPFC_Vsh,5-15,1.108501709404781,9,1.1094904477156968,WLS,67,0.0009887383109157266
3,UPFC_tsh,5-15,-0.2346630243746925,9,-0.2347478553483812,WLS,67,8.483097368869319e-05
4,UPFC_Vse,5-15,0.0629810004315589,9,0.06396008063161161,WLS,67,0.0009790802000527177
5,UPFC_tse,5-15,-2.1818664391790064,9,-2.1660245224103103,WLS,67,0.015841916768696063
0,x_tcsc,1-14,-0.10750622833343253,10,-0.10760335964241032,WLS,67,9.71313089777881e-05
1,B_svc,2,0.17823852526924583,10,0.17762558640633208,WLS,67,0.0006129388629137478
2,UPFC_Vsh,5-15,1.1087702370327566,10,1.1094904477156968,WLS,67,0.0007202106829402588
3,UPFC_tsh,5-15,-0.23467266006705484,10,-0.2347478553483812,WLS,67,7.519528132635123e-05
4,UPFC_Vse,5-15,0.06333293947196568,10,0.06396008063161161,WLS,67,0.0006271411596459331
5,UPFC_tse,5-15,-2.1776581385611165,10,-2.1660245224103103,WLS,67,0.011633616150806159
0,x_tcsc,1-14,-0.10751637885289758,11,-0.10760335964241032,WLS,67,8.698078951273336e-05
1,B_svc,2,0.17848277535694,11,0.17762558640633208,WLS,67,0.0008571889506079067
2,UPFC_Vsh,5-15,1.1086639373392906,11,1.1094904477156968,WLS,67,0.000826510376406242
3,UPFC_tsh,5-15,-0.23455567131171687,11,-0.2347478553483812,WLS,67,0.00019218403666432238
4,UPFC_Vse,5-15,0.06330589637629808,11,0.06396008063161161,WLS,67,0.0006541842553135363
5,UPFC_tse,5-15,-2.1812970764909148,11,-2.1660245224103103,WLS,67,0.015272554080604461
0,x_tcsc,1-14,-0.10750878279763067,12,-0.10760335964241032,WLS,67,9.4576844779648e-05
1,B_svc,2,0.1779749176335592,12,0.17762558640633208,WLS,67,0.0003493312272271065
2,UPFC_Vsh,5-15,1.1085139933990276,12,1.1094904477156968,WLS,67,0.0009764543166692619
3,UPFC_tsh,5-15,-0.23466003113942818,12,-0.2347478553483812,WLS,67,8.782420895300791e-05
4,UPFC_Vse,5-15,0.0638969694967391,12,0.06396008063161161,WLS,67,6.311113487250664e-05
5,UPFC_tse,5-15,-2.1793838818115954,12,-2.1660245224103103,WLS,67,0.013359359401285076
0,x_tcsc,1-14,-0.10750952388241648,13,-0.10760335964241032,WLS,67,9.38357599938322e-05
1,B_svc,2,0.17819232023789713,13,0.17762558640633208,WLS,67,0.0005667338315650527
2,UPFC_Vsh,5-15,1.1092457638011295,13,1.1094904477156968,WLS,67,0.00024468391456733407
3,UPFC_tsh,5-15,-0.23463179500834583,13,-0.2347478553483812,WLS,67,0.00011606034003536214
4,UPFC_Vse,5-15,0.06284149895791202,13,0.06396008063161161,WLS,67,0.0011185816736995896
5,UPFC_tse,5-15,-2.184099191902697,13,-2.1660245224103103,WLS,67,0.018074669492386786
0,x_tcsc,1-14,-0.1074944290679516,14,-0.10760335964241032,WLS,67,0.0001089305744587099
1,B_svc,2,0.1778702607111339,14,0.17762558640633208,WLS,67,0.00024467430480182295
2,UPFC_Vsh,5-15,1.1089488448504057,14,1.1094904477156968,WLS,67,0.0005416028652911464
3,UPFC_tsh,5-15,-0.2345585665608133,14,-0.2347478553483812,WLS,67,0.0001892887875678817
4,UPFC_Vse,5-15,0.06306268277021082,14,0.06396008063161161,WLS,67,0.0008973978614007921
5,UPFC_tse,5-15,-2.181204148347736,14,-2.1660245224103103,WLS,67,0.015179625937425723
0,x_tcsc,1-14,-0.10750191279187517,15,-0.10760335964241032,WLS,67,0.00010144685053514735
1,B_svc,2,0.17789157555088317,15,0.17762558640633208,WLS,67,0.0002659891445510876
2,UPFC_Vsh,5-15,1.1088264366284974,15,1.1094904477156968,WLS,67,0.0006640110871993787
3,UPFC_tsh,5-15,-0.23456643102466945,15,-0.2347478553483812,WLS,67,0.00018142432371173745
4,UPFC_Vse,5-15,0.06311838544640132,15,0.06396008063161161,WLS,67,0.000841695185210295
5,UPFC_tse,5-15,-2.1791871899661257,15,-2.1660245224103103,WLS,67,0.01316266755581541
0,x_tcsc,1-14,-0.10751200058835403,16,-0.10760335964241032,WLS,67,9.135905405628642e-05
1,B_svc,2,0.17814496266899113,16,0.17762558640633208,WLS,67,0.0005193762626590492
2,UPFC_Vsh,5-15,1.1089485592045683,16,1.1094904477156968,WLS,67,0.0005418885111285743
3,UPFC_tsh,5-15,-0.23459099661698501,16,-0.2347478553483812,WLS,67,0.00015685873139617557
4,UPFC_Vse,5-15,0.06261783616456511,16,0.06396008063161161,WLS,67,0.001342244467046505
5,UPFC_tse,5-15,-2.1848169891340388,16,-2.1660245224103103,WLS,67,0.018792466723728474
0,x_tcsc,1-14,-0.10750570433032383,17,-0.10760335964241032,WLS,67,9.76553120864837e-05
1,B_svc,2,0.17838922582538677,17,0.17762558640633208,WLS,67,0.0007636394190546902
2,UPFC_Vsh,5-15,1.1087567289516282,17,1.1094904477156968,WLS,67,0.0007337187640685805
3,UPFC_tsh,5-15,-0.23461860888961902,17,-0.2347478553483812,WLS,67,0.00012924645876216667
4,UPFC_Vse,5-15,0.06356614235698636,17,0.06396008063161161,WLS,67,0.00039393827462524955
5,UPFC_tse,5-15,-2.1793491006734436,17,-2.1660245224103103,WLS,67,0.013324578263133269
0,x_tcsc,1-14,-0.10749726595165907,18,-0.10760335964241032,WLS,67,0.00010609369075124941
1,B_svc,2,0.1780730859412839,18,0.17762558640633208,WLS,67,0.00044749953495182293
2,UPFC_Vsh,5-15,1.1084788975786208,18,1.1094904477156968,WLS,67,0.0010115501370759894
3,UPFC_tsh,5-15,-0.23465853815797133,18,-0.2347478553483812,WLS,67,8.931719040985997e-05
4,UPFC_Vse,5-15,0.06345666698890261,18,0.06396008063161161,WLS,67,0.0005034136427090052
5,UPFC_tse,5-15,-2.1815738844796173,18,-2.1660245224103103,WLS,67,0.015549362069307016
0,x_tcsc,1-14,-0.10749728842743322,19,-0.10760335964241032,WLS,67,0.00010607121497709093
1,B_svc,2,0.17768379315474098,19,0.17762558640633208,WLS,67,5.8206748408895503e-05
2,UPFC_Vsh,5-15,1.108677322704428,19,1.1094904477156968,WLS,67,0.0008131250112688448
3,UPFC_tsh,5-15,-0.2346280319071681,19,-0.2347478553483812,WLS,67,0.00011982344121308497
4,UPFC_Vse,5-15,0.06316875098669872,19,0.06396008063161161,WLS,67,0.0007913296449128943
5,UPFC_tse,5-15,-2.179974880552943,19,-2.1660245224103103,WLS,67,0.01395035814263279
0,x_tcsc,1-14,-0.10750457721317817,20,-0.10760335964241032,WLS,67,9.878242923214153e-05
1,B_svc,2,0.1783317718930785,20,0.17762558640633208,WLS,67,0.000706185486746419
2,UPFC_Vsh,5-15,1.1088585899574215,20,1.1094904477156968,WLS,67,0.0006318577582753448
3,UPFC_tsh,5-15,-0.23456761475911345,20,-0.2347478553483812,WLS,67,0.0001802405892677439
4,UPFC_Vse,5-15,0.06288753377596601,20,0.06396008063161161,WLS,67,0.0010725468556456036
5,UPFC_tse,5-15,-2.182604412076144,20,-2.1660245224103103,WLS,67,0.01657988966583357
0,x_tcsc,1-14,-0.10749854599712128,21,-0.10760335964241032,WLS,67,0.00010481364528903969
1,B_svc,2,0.17857232623810085,21,0.17762558640633208,WLS,67,0.000946739831768767
2,UPFC_Vsh,5-15,1.1090894887735652,21,1.1094904477156968,WLS,67,0.0004009589421316573
3,UPFC_tsh,5-15,-0.23466992483080912,21,-0.2347478553483812,WLS,67,7.793051757207237e-05
4,UPFC_Vse,5-15,0.06322910628455801,21,0.06396008063161161,WLS,67,0.0007309743470536034
5,UPFC_tse,5-15,-2.181889543493687,21,-2.1660245224103103,WLS,67,0.015865021083376618
0,x_tcsc,1-14,-0.1075038812233997,22,-0.10760335964241032,WLS,67,9.947841901061794e-05
1,B_svc,2,0.17789830187735264,22,0.17762558640633208,WLS,67,0.0002727154710205626
2,UPFC_Vsh,5-15,1.10879766814312,22,1.1094904477156968,WLS,67,0.0006927795725768515
3,UPFC_tsh,5-15,-0.23465144987413353,22,-0.2347478553483812,WLS,67,9.640547424766277e-05
4,UPFC_Vse,5-15,0.06343885557871962,22,0.06396008063161161,WLS,67,0.0005212250528919965
5,UPFC_tse,5-15,-2.179998660899507,22,-2.1660245224103103,WLS,67,0.013974138489196708
0,x_tcsc,1-14,-0.10751416163191038,23,-0.10760335964241032,WLS,67,8.919801049993292e-05
1,B_svc,2,0.1785307802917992,23,0.17762558640633208,WLS,67,0.0009051938854671149
2,UPFC_Vsh,5-15,1.1089180121539675,23,1.1094904477156968,WLS,67,0.0005724355617293675
3,UPFC_tsh,5-15,-0.23462355080378697,23,-0.2347478553483812,WLS,67,0.00012430454459422258
4,UPFC_Vse,5-15,0.06310488003706012,23,0.06396008063161161,WLS,67,0.0008552005945514918
5,UPFC_tse,5-15,-2.182304032887758,23,-2.1660245224103103,WLS,67,0.0162795104774478
0,x_tcsc,1-14,-0.10751137040302526,24,-0.10760335964241032,WLS,67,9.19892393850541e-05
1,B_svc,2,0.17838981509528146,24,0.17762558640633208,WLS,67,0.0007642286889493755
2,UPFC_Vsh,5-15,1.1092824309938614,24,1.1094904477156968,WLS,67,0.00020801672183545783
3,UPFC_tsh,5-15,-0.23462837156395436,24,-0.2347478553483812,WLS,67,0.0001194837844268326
4,UPFC_Vse,5-15,0.06357373554620985,24,0.06396008063161161,WLS,67,0.00038634508540176526
5,UPFC_tse,5-15,-2.1829930031723657,24,-2.1660245224103103,WLS,67,0.01696848076205537
0,x_tcsc,1-14,-0.10750018613676351,25,-0.10760335964241032,WLS,67,0.00010317350564680028
1,B_svc,2,0.1784831333696214,25,0.17762558640633208,WLS,67,0.000857546963289324
2,UPFC_Vsh,5-15,1.109104848677846,25,1.1094904477156968,WLS,67,0.0003855990378507368
3,UPFC_tsh,5-15,-0.234627284912517,25,-0.2347478553483812,WLS,67,0.00012057043586419236
4,UPFC_Vse,5-15,0.06312954092325158,25,0.06396008063161161,WLS,67,0.0008305397083600286
5,UPFC_tse,5-15,-2.182564387066184,25,-2.1660245224103103,WLS,67,0.01653986465587387
0,x_tcsc,1-14,-0.10750867420599318,26,-0.10760335964241032,WLS,67,9.468543641713567e-05
1,B_svc,2,0.17834823778789333,26,0.17762558640633208,WLS,67,0.0007226513815612456
2,UPFC_Vsh,5-15,1.1088033811862048,26,1.1094904477156968,WLS,67,0.0006870665294920197
3,UPFC_tsh,5-15,-0.2346134123547332,26,-0.2347478553483812,WLS,67,0.00013444299364798185
4,UPFC_Vse,5-15,0.06301588955976867,26,0.06396008063161161,WLS,67,0.0009441910718429453
5,UPFC_tse,5-15,-2.179487039355589,26,-2.1660245224103103,WLS,67,0.013462516945278669
0,x_tcsc,1-14,-0.10749133165069501,27,-0.10760335964241032,WLS,67,0.00011202799171530775
1,B_svc,2,0.17811361963782327,27,0.17762558640633208,WLS,67,0.00048803323149118616
2,UPFC_Vsh,5-15,1.1087596547207728,27,1.1094904477156968,WLS,67,0.0007307929949240677
3,UPFC_tsh,5-15,-0.23464658724425194,27,-0.2347478553483812,WLS,67,0.00010126810412924847
4,UPFC_Vse,5-15,0.06299005876035632,27,0.06396008063161161,WLS,67,0.0009700218712552916
5,UPFC_tse,5-15,-2.184492658252923,27,-2.1660245224103103,WLS,67,0.018468135842612643
0,x_tcsc,1-14,-0.10751114876274973,28,-0.10760335964241032,WLS,67,9.221087966058972e-05
1,B_svc,2,0.17808327802251933,28,0.17762558640633208,WLS,67,0.0004576916161872502
2,UPFC_Vsh,5-15,1.108439594816855,28,1.1094904477156968,WLS,67,0.0010508528988417698
3,UPFC_tsh,5-15,-0.2347048666437019,28,-0.2347478553483812,WLS,67,4.2988704679280954e-05
4,UPFC_Vse,5-15,0.06337599168627933,28,0.06396008063161161,WLS,67,0.0005840889453322812
5,UPFC_tse,5-15,-2.181631754818924,28,-2.1660245224103103,WLS,67,0.015607232408613836
0,x_tcsc,1-14,-0.10749840224162108,29,-0.10760335964241032,WLS,67,0.00010495740078923788
1,B_svc,2,0.17811138286053796,29,0.17762558640633208,WLS,67,0.0004857964542058779
2,UPFC_Vsh,5-15,1.1086352552995637,29,1.1094904477156968,WLS,67,0.0008551924161330771
3,UPFC_tsh,5-15,-0.23464665787713043,29,-0.2347478553483812,WLS,67,0.00010119747125075795
4,UPFC_Vse,5-15,0.06302548390371891,29,0.06396008063161161,WLS,67,0.0009345967278927003
5,UPFC_tse,5-15,-2.1836867078483744,29,-2.1660245224103103,WLS,67,0.017662185438064082
0,x_tcsc,1-14,-0.10749976277451827,30,-0.10760335964241032,WLS,67,0.00010359686789204736
1,B_svc,2,0.17830657249422477,30,0.17762558640633208,WLS,67,0.0006809860878926877
2,UPFC_Vsh,5-15,1.1086036387692,30,1.1094904477156968,WLS,67,0.0008868089464968421
3,UPFC_tsh,5-15,-0.23470423957667186,30,-0.2347478553483812,WLS,67,4.3615771709332174e-05
4,UPFC_Vse,5-15,0.06357161414266825,30,0.06396008063161161,WLS,67,0.000388466488943362
5,UPFC_tse,5-15,-2.1826196924288443,30,-2.1660245224103103,WLS,67,0.016595170018534056
0,x_tcsc,1-14,-0.10750041626888884,31,-0.10760335964241032,WLS,67,0.00010294337352147187
1,B_svc,2,0.1780445074693442,31,0.17762558640633208,WLS,67,0.00041892106301211207
2,UPFC_Vsh,5-15,1.108519839441223,31,1.1094904477156968,WLS,67,0.0009706082744738165
3,UPFC_tsh,5-15,-0.2347056387526066,31,-0.2347478553483812,WLS,67,4.2216595774580146e-05
4,UPFC_Vse,5-15,0.06358789693905685,31,0.06396008063161161,WLS,67,0.0003721836925547617
5,UPFC_tse,5-15,-2.182204985300372,31,-2.1660245224103103,WLS,67,0.016180462890061698
0,x_tcsc,1-14,-0.10749440471219479,32,-0.10760335964241032,WLS,67,0.00010895493021552405
1,B_svc,2,0.17835949580611168,32,0.17762558640633208,WLS,67,0.0007339093997796031
2,UPFC_Vsh,5-15,1.10870266740106,32,1.1094904477156968,WLS,67,0.0007877803146367768
3,UPFC_tsh,5-15,-0.23458425124516177,32,-0.2347478553483812,WLS,67,0.00016360410321941687
4,UPFC_Vse,5-15,0.06324152858254954,32,0.06396008063161161,WLS,67,0.0007185520490620712
5,UPFC_tse,5-15,-2.1807848177599416,32,-2.1660245224103103,WLS,67,0.014760295349631303
0,x_tcsc,1-14,-0.1075093112835542,33,-0.10760335964241032,WLS,67,9.404835885611085e-05
1,B_svc,2,0.17786445933043915,33,0.17762558640633208,WLS,67,0.00023887292410706973
2,UPFC_Vsh,5-15,1.1088817551000436,33,1.1094904477156968,WLS,67,0.0006086926156532169
3,UPFC_tsh,5-15,-0.23460357349428254,33,-0.2347478553483812,WLS,67,0.00014428185409864902
4,UPFC_Vse,5-15,0.06294476853092162,33,0.06396008063161161,WLS,67,0.0010153121006899885
5,UPFC_tse,5-15,-2.1821063843967927,33,-2.1660245224103103,WLS,67,0.016081861986482426
0,x_tcsc,1-14,-0.10751246434593938,34,-0.10760335964241032,WLS,67,9.089529647093864e-05
1,B_svc,2,0.1782444955286283,34,0.17762558640633208,WLS,67,0.0006189091222962295
2,UPFC_Vsh,5-15,1.108609810613657,34,1.1094904477156968,WLS,67,0.000880637102039783
3,UPFC_tsh,5-15,-0.23465698161140813,34,-0.2347478553483812,WLS,67,9.087373697305723e-05
4,UPFC_Vse,5-15,0.06384335591614683,34,0.06396008063161161,WLS,67,0.00011672471546478325
5,UPFC_tse,5-15,-2.1773804956367426,34,-2.1660245224103103,WLS,67,0.011355973226432337
0,x_tcsc,1-14,-0.1074964458483168,35,-0.10760335964241032,WLS,67,0.00010691379409351331
1,B_svc,2,0.17854772451990567,35,0.17762558640633208,WLS,67,0.000922138113573584
2,UPFC_Vsh,5-15,1.1083083350517335,35,1.1094904477156968,WLS,67,0.0011821126639632862
3,UPFC_tsh,5-15,-0.2346832811965519,35,-0.2347478553483812,WLS,67,6.457415182928306e-05
4,UPFC_Vse,5-15,0.06368318192425307,35,0.06396008063161161,WLS,67,0.0002768987073585444
5,UPFC_tse,5-15,-2.180378180493336,35,-2.1660245224103103,WLS,67,0.014353658083025689
0,x_tcsc,1-14,-0.1074935340711225,36,-0.10760335964241032,WLS,67,0.00010982557128781656
1,B_svc,2,0.17824103362686666,36,0.17762558640633208,WLS,67,0.0006154472205345818
2,UPFC_Vsh,5-15,1.1088419246939893,36,1.1094904477156968,WLS,67,0.0006485230217074811
3,UPFC_tsh,5-15,-0.2346861680869788,36,-0.2347478553483812,WLS,67,6.168726140237668e-05
4,UPFC_Vse,5-15,0.06314446429583445,36,0.06396008063161161,WLS,67,0.0008156163357771612
5,UPFC_tse,5-15,-2.181294953209001,36,-2.1660245224103103,WLS,67,0.015270430798690615
0,x_tcsc,1-14,-0.10749959170756744,37,-0.10760335964241032,WLS,67,0.00010376793484287439
1,B_svc,2,0.17770390908544503,37,0.17762558640633208,WLS,67,7.83226791129521e-05
2,UPFC_Vsh,5-15,1.1089361800442241,37,1.1094904477156968,WLS,67,0.0005542676714727079
3,UPFC_tsh,5-15,-0.23461743705524704,37,-0.2347478553483812,WLS,67,0.0001304182931341491
4,UPFC_Vse,5-15,0.06287689256473303,37,0.06396008063161161,WLS,67,0.0010831880668785848
5,UPFC_tse,5-15,-2.1840416566449536,37,-2.1660245224103103,WLS,67,0.01801713423464335
0,x_tcsc,1-14,-0.10750301781407615,38,-0.10760335964241032,WLS,67,0.00010034182833416894
1,B_svc,2,0.17745924330251356,38,0.17762558640633208,WLS,67,0.00016634310381852258
2,UPFC_Vsh,5-15,1.10872135049237,38,1.1094904477156968,WLS,67,0.0007690972233267424
3,UPFC_tsh,5-15,-0.23460946263878835,38,-0.2347478553483812,WLS,67,0.0001383927095928439
4,UPFC_Vse,5-15,0.06308365760563554,38,0.06396008063161161,WLS,67,0.0008764230259760697
5,UPFC_tse,5-15,-2.1784374252342498,38,-2.1660245224103103,WLS,67,0.012412902823939476
0,x_tcsc,1-14,-0.10751034605078856,39,-0.10760335964241032,WLS,67,9.301359162175449e-05
1,B_svc,2,0.17801960155294944,39,0.17762558640633208,WLS,67,0.0003940151466173547
2,UPFC_Vsh,5-15,1.1088076612299085,39,1.1094904477156968,WLS,67,0.0006827864857883448
3,UPFC_tsh,5-15,-0.2346912017726244,39,-0.2347478553483812,WLS,67,5.6653575756793195e-05
4,UPFC_Vse,5-15,0.06297231094881565,39,0.06396008063161161,WLS,67,0.0009877696827959581
5,UPFC_tse,5-15,-2.180125339916698,39,-2.1660245224103103,WLS,67,0.01410081750638792
0,x_tcsc,1-14,-0.107498077464139,40,-0.10760335964241032,WLS,67,0.00010528217827131259
1,B_svc,2,0.17746269491635427,40,0.17762558640633208,WLS,67,0.00016289148997780667
2,UPFC_Vsh,5-15,1.1087359502535274,40,1.1094904477156968,WLS,67,0.000754497462169379
3,UPFC_tsh,5-15,-0.23459690010835238,40,-0.2347478553483812,WLS,67,0.00015095524002881056
4,UPFC_Vse,5-15,0.06329392040003409,40,0.06396008063161161,WLS,67,0.00066616023157752
5,UPFC_tse,5-15,-2.180200852212197,40,-2.1660245224103103,WLS,67,0.014176329801886656
0,x_tcsc,1-14,-0.10750597380170751,41,-0.10760335964241032,WLS,67,9.738584070280443e-05
1,B_svc,2,0.17818719228304555,41,0.17762558640633208,WLS,67,0.0005616058767134724
2,UPFC_Vsh,5-15,1.1088607977297515,41,1.1094904477156968,WLS,67,0.0006296499859452798
3,UPFC_tsh,5-15,-0.2346187812722806,41,-0.2347478553483812,WLS,67,0.00012907407610057708
4,UPFC_Vse,5-15,0.06332053680488485,41,0.06396008063161161,WLS,67,0.0006395438267267628
5,UPFC_tse,5-15,-2.181790979955968,41,-2.1660245224103103,WLS,67,0.01576645754565753
0,x_tcsc,1-14,-0.10751611172510676,42,-0.10760335964241032,WLS,67,8.724791730355119e-05
1,B_svc,2,0.1780530264786455,42,0.17762558640633208,WLS,67,0.0004274400723134064
2,UPFC_Vsh,5-15,1.1085837121860282,42,1.1094904477156968,WLS,67,0.0009067355296685786
3,UPFC_tsh,5-15,-0.23462598853945207,42,-0.2347478553483812,WLS,67,0.00012186680892911639
4,UPFC_Vse,5-15,0.06305069236752997,42,0.06396008063161161,WLS,67,0.0009093882640816425
5,UPFC_tse,5-15,-2.181375740489068,42,-2.1660245224103103,WLS,67,0.015351218078757611
0,x_tcsc,1-14,-0.10751017372433926,43,-0.10760335964241032,WLS,67,9.318591807105925e-05
1,B_svc,2,0.17811368128944846,43,0.17762558640633208,WLS,67,0.00048809488311638005
2,UPFC_Vsh,5-15,1.1088746581449316,43,1.1094904477156968,WLS,67,0.0006157895707652461
3,UPFC_tsh,5-15,-0.23460609153747827,43,-0.2347478553483812,WLS,67,0.00014176381090291734
4,UPFC_Vse,5-15,0.06358559571363015,43,0.06396008063161161,WLS,67,0.000374484917981463
5,UPFC_tse,5-15,-2.182629718812231,43,-2.1660245224103103,WLS,67,0.016605196401920708
0,x_tcsc,1-14,-0.10751207046027011,44,-0.10760335964241032,WLS,67,9.12891821402001e-05
1,B_svc,2,0.1785491407064012,44,0.17762558640633208,WLS,67,0.0009235543000691293
2,UPFC_Vsh,5-15,1.1086509776424263,44,1.1094904477156968,WLS,67,0.0008394700732705651
3,UPFC_tsh,5-15,-0.23464700027973429,44,-0.2347478553483812,WLS,67,0.00010085506864690452
4,UPFC_Vse,5-15,0.06390068616989868,44,0.06396008063161161,WLS,67,5.939446171293605e-05
5,UPFC_tse,5-15,-2.1790924398619826,44,-2.1660245224103103,WLS,67,0.01306791745167235
0,x_tcsc,1-14,-0.10750173170525228,45,-0.10760335964241032,WLS,67,0.00010162793715803864
1,B_svc,2,0.17829128288578455,45,0.17762558640633208,WLS,67,0.0006656964794524711
2,UPFC_Vsh,5-15,1.1088172728385244,45,1.1094904477156968,WLS,67,0.0006731748771724444
3,UPFC_tsh,5-15,-0.23464764303533317,45,-0.2347478553483812,WLS,67,0.00010021231304802036
4,UPFC_Vse,5-15,0.06353106134642884,45,0.06396008063161161,WLS,67,0.000429019285182769
5,UPFC_tse,5-15,-2.181527176430874,45,-2.1660245224103103,WLS,67,0.015502654020563611
0,x_tcsc,1-14,-0.10750081774540861,46,-0.10760335964241032,WLS,67,0.00010254189700170668
1,B_svc,2,0.17812763409271123,46,0.17762558640633208,WLS,67,0.0005020476863791534
2,UPFC_Vsh,5-15,1.1085375268198896,46,1.1094904477156968,WLS,67,0.0009529208958072299
3,UPFC_tsh,5-15,-0.23461188361005322,46,-0.2347478553483812,WLS,67,0.00013597173832796683
4,UPFC_Vse,5-15,0.06320717667889855,46,0.06396008063161161,WLS,67,0.0007529039527130604
5,UPFC_tse,5-15,-2.179799530334156,46,-2.1660245224103103,WLS,67,0.013775007923845894
0,x_tcsc,1-14,-0.10750118034622805,47,-0.10760335964241032,WLS,67,0.00010217929618226707
1,B_svc,2,0.17792939930144186,47,0.17762558640633208,WLS,67,0.0003038128951097785
2,UPFC_Vsh,5-15,1.1088730332314023,47,1.1094904477156968,WLS,67,0.0006174144842945317
3,UPFC_tsh,5-15,-0.2346531291188489,47,-0.2347478553483812,WLS,67,9.472622953229926e-05
4,UPFC_Vse,5-15,0.0633111670894483,47,0.06396008063161161,WLS,67,0.0006489135421633152
5,UPFC_tse,5-15,-2.183306927620594,47,-2.1660245224103103,WLS,67,0.01728240521028379
0,x_tcsc,1-14,-0.10751141538530092,48,-0.10760335964241032,WLS,67,9.19442571093998e-05
1,B_svc,2,0.1779946915929708,48,0.17762558640633208,WLS,67,0.00036910518663871295
2,UPFC_Vsh,5-15,1.1085248675768538,48,1.1094904477156968,WLS,67,0.0009655801388430696
3,UPFC_tsh,5-15,-0.23470020235223563,48,-0.2347478553483812,WLS,67,4.7652996145564064e-05
4,UPFC_Vse,5-15,0.06291891308846263,48,0.06396008063161161,WLS,67,0.0010411675431489797
5,UPFC_tse,5-15,-2.1828875040505697,48,-2.1660245224103103,WLS,67,0.016862981640259456
0,x_tcsc,1-14,-0.10750942242456447,49,-0.10760335964241032,WLS,67,9.393721784584086e-05
1,B_svc,2,0.17867702617815326,49,0.17762558640633208,WLS,67,0.0010514397718211776
2,UPFC_Vsh,5-15,1.1084639254740056,49,1.1094904477156968,WLS,67,0.0010265222416911968
3,UPFC_tsh,5-15,-0.23467520270932388,49,-0.2347478553483812,WLS,67,7.265263905731345e-05
4,UPFC_Vse,5-15,0.06300734154145643,49,0.06396008063161161,WLS,67,0.000952739090155183
5,UPFC_tse,5-15,-2.181142352146578,49,-2.1660245224103103,WLS,67,0.01511782973626774
0,x_tcsc,1-14,-0.10750254186524294,50,-0.10760335964241032,WLS,67,0.00010081777716737517
1,B_svc,2,0.1779325485846598,50,0.17762558640633208,WLS,67,0.00030696217832770767
2,UPFC_Vsh,5-15,1.1086608289602355,50,1.1094904477156968,WLS,67,0.0008296187554612811
3,UPFC_tsh,5-15,-0.2346261687444608,50,-0.2347478553483812,WLS,67,0.00012168660392039565
4,UPFC_Vse,5-15,0.06360907246540462,50,0.06396008063161161,WLS,67,0.0003510081662069925
5,UPFC_tse,5-15,-2.1807401513501854,50,-2.1660245224103103,WLS,67,0.014715628939875103
0,x_tcsc,1-14,-0.10749956641687695,51,-0.10760335964241032,WLS,67,0.00010379322553336068
1,B_svc,2,0.17830177361570027,51,0.17762558640633208,WLS,67,0.0006761872093681842
2,UPFC_Vsh,5-15,1.1088595425704735,51,1.1094904477156968,WLS,67,0.0006309051452233483
3,UPFC_tsh,5-15,-0.23464317852394315,51,-0.2347478553483812,WLS,67,0.0001046768244380436
4,UPFC_Vse,5-15,0.06346965217346497,51,0.06396008063161161,WLS,67,0.0004904284581466467
5,UPFC_tse,5-15,-2.1817723738150177,51,-2.1660245224103103,WLS,67,0.015747851404707358
0,x_tcsc,1-14,-0.10749848012279484,52,-0.10760335964241032,WLS,67,0.00010487951961547781
1,B_svc,2,0.1784985657910742,52,0.17762558640633208,WLS,67,0.000872979384742123
2,UPFC_Vsh,5-15,1.1088720103065868,52,1.1094904477156968,WLS,67,0.0006184374091100509
3,UPFC_tsh,5-15,-0.23464256593330146,52,-0.2347478553483812,WLS,67,0.000105289415079729
4,UPFC_Vse,5-15,0.0635844066599412,52,0.06396008063161161,WLS,67,0.0003756739716704177
5,UPFC_tse,5-15,-2.180748667137293,52,-2.1660245224103103,WLS,67,0.01472414472698258
0,x_tcsc,1-14,-0.10750405826748229,53,-0.10760335964241032,WLS,67,9.930137492802915e-05
1,B_svc,2,0.17808208927208802,53,0.17762558640633208,WLS,67,0.0004565028657559367
2,UPFC_Vsh,5-15,1.1085054783363013,53,1.1094904477156968,WLS,67,0.0009849693793955172
3,UPFC_tsh,5-15,-0.2346544224500067,53,-0.2347478553483812,WLS,67,9.343289837449031e-05
4,UPFC_Vse,5-15,0.06352322982299931,53,0.06396008063161161,WLS,67,0.00043685080861230463
5,UPFC_tse,5-15,-2.1779993891256324,53,-2.1660245224103103,WLS,67,0.011974866715322108
0,x_tcsc,1-14,-0.10750233820773909,54,-0.10760335964241032,WLS,67,0.00010102143467122238
1,B_svc,2,0.1782886973118361,54,0.17762558640633208,WLS,67,0.0006631109055040274
2,UPFC_Vsh,5-15,1.1090405160903622,54,1.1094904477156968,WLS,67,0.0004499316253345764
3,UPFC_tsh,5-15,-0.23456671692763323,54,-0.2347478553483812,WLS,67,0.0001811384207479616
4,UPFC_Vse,5-15,0.06329154563922153,54,0.06396008063161161,WLS,67,0.0006685349923900852
5,UPFC_tse,5-15,-2.181578985444012,54,-2.1660245224103103,WLS,67,0.015554463033701893
0,x_tcsc,1-14,-0.10750142385065704,55,-0.10760335964241032,WLS,67,0.0001019357917532715
1,B_svc,2,0.17868287011782127,55,0.17762558640633208,WLS,67,0.001057283711489193
2,UPFC_Vsh,5-15,1.1084001881781573,55,1.1094904477156968,WLS,67,0.0010902595375394952
3,UPFC_tsh,5-15,-0.23467421508157232,55,-0.2347478553483812,WLS,67,7.364026680886648e-05
4,UPFC_Vse,5-15,0.06366877194974836,55,0.06396008063161161,WLS,67,0.00029130868186325043
5,UPFC_tse,5-15,-2.183409411263975,55,-2.1660245224103103,WLS,67,0.017384888853664737
0,x_tcsc,1-14,-0.10750432454706108,56,-0.10760335964241032,WLS,67,9.903509534923971e-05
1,B_svc,2,0.17856102855700234,56,0.17762558640633208,WLS,67,0.0009354421506702626
2,UPFC_Vsh,5-15,1.1085027803333867,56,1.1094904477156968,WLS,67,0.0009876673823101534
3,UPFC_tsh,5-15,-0.234690056579778,56,-0.2347478553483812,WLS,67,5.7798768603178896e-05
4,UPFC_Vse,5-15,0.06290737476772704,56,0.06396008063161161,WLS,67,0.001052705863884576
5,UPFC_tse,5-15,-2.1811959451190837,56,-2.1660245224103103,WLS,67,0.015171422708773363
0,x_tcsc,1-14,-0.10750906506737737,57,-0.10760335964241032,WLS,67,9.429457503294658e-05
1,B_svc,2,0.1783630352699335,57,0.17762558640633208,WLS,67,0.0007374488636014143
2,UPFC_Vsh,5-15,1.1086904201102177,57,1.1094904477156968,WLS,67,0.0008000276054791478
3,UPFC_tsh,5-15,-0.23457656953584782,57,-0.2347478553483812,WLS,67,0.00017128581253336717
4,UPFC_Vse,5-15,0.0628314699826059,57,0.06396008063161161,WLS,67,0.0011286106490057124
5,UPFC_tse,5-15,-2.1794715052685913,57,-2.1660245224103103,WLS,67,0.013446982858281054
0,x_tcsc,1-14,-0.10750236185369945,58,-0.10760335964241032,WLS,67,0.00010099778871086595
1,B_svc,2,0.17806922625017776,58,0.17762558640633208,WLS,67,0.00044363984384568345
2,UPFC_Vsh,5-15,1.1087128080842568,58,1.1094904477156968,WLS,67,0.0007776396314400635
3,UPFC_tsh,5-15,-0.23461682143614748,58,-0.2347478553483812,WLS,67,0.00013103391223370786
4,UPFC_Vse,5-15,0.06323050351335907,58,0.06396008063161161,WLS,67,0.0007295771182525418
5,UPFC_tse,5-15,-2.180972419764136,58,-2.1660245224103103,WLS,67,0.014947897353825734
0,x_tcsc,1-14,-0.10750857786112024,59,-0.10760335964241032,WLS,67,9.478178129007642e-05
1,B_svc,2,0.17800118144753185,59,0.17762558640633208,WLS,67,0.00037559504119977216
2,UPFC_Vsh,5-15,1.1083845341121807,59,1.1094904477156968,WLS,67,0.0011059136035160844
3,UPFC_tsh,5-15,-0.23473124756346656,59,-0.2347478553483812,WLS,67,1.6607784914635104e-05
4,UPFC_Vse,5-15,0.06320178628518715,59,0.06396008063161161,WLS,67,0.0007582943464244651
5,UPFC_tse,5-15,-2.182119694025341,59,-2.1660245224103103,WLS,67,0.0160951716150306
0,x_tcsc,1-14,-0.10750262058505472,60,-0.10760335964241032,WLS,67,0.00010073905735559496
1,B_svc,2,0.17855600828006113,60,0.17762558640633208,WLS,67,0.0009304218737290482
2,UPFC_Vsh,5-15,1.1087478372249104,60,1.1094904477156968,WLS,67,0.0007426104907863884
3,UPFC_tsh,5-15,-0.2345964884799923,60,-0.2347478553483812,WLS,67,0.00015136686838890245
4,UPFC_Vse,5-15,0.06295868718312819,60,0.06396008063161161,WLS,67,0.0010013934484834203
5,UPFC_tse,5-15,-2.1823130571604867,60,-2.1660245224103103,WLS,67,0.016288534750176442
0,x_tcsc,1-14,-0.10749124556145227,61,-0.10760335964241032,WLS,67,0.00011211408095804232
1,B_svc,2,0.17801914380207987,61,0.17762558640633208,WLS,67,0.0003935573957477845
2,UPFC_Vsh,5-15,1.1085805245826224,61,1.1094904477156968,WLS,67,0.000909923133074475
3,UPFC_tsh,5-15,-0.23471262876817983,61,-0.2347478553483812,WLS,67,3.522658020135849e-05
4,UPFC_Vse,5-15,0.06343562995673865,61,0.06396008063161161,WLS,67,0.0005244506748729588
5,UPFC_tse,5-15,-2.180024316180633,61,-2.1660245224103103,WLS,67,0.0139997937703229
0,x_tcsc,1-14,-0.10750549567502447,62,-0.10760335964241032,WLS,67,9.786396738584169e-05
1,B_svc,2,0.17780186856561206,62,0.17762558640633208,WLS,67,0.00017628215927997792
2,UPFC_Vsh,5-15,1.1090290407543135,62,1.1094904477156968,WLS,67,0.00046140696138330384
3,UPFC_tsh,5-15,-0.2346299679753497,62,-0.2347478553483812,WLS,67,0.00011788737303147778
4,UPFC_Vse,5-15,0.0630447080858054,62,0.06396008063161161,WLS,67,0.0009153725458062173
5,UPFC_tse,5-15,-2.183930087927913,62,-2.1660245224103103,WLS,67,0.017905565517602806
0,x_tcsc,1-14,-0.1075041366865484,63,-0.10760335964241032,WLS,67,9.922295586191343e-05
1,B_svc,2,0.17796373751206634,63,0.17762558640633208,WLS,67,0.00033815110573426344
2,UPFC_Vsh,5-15,1.10844737594438,63,1.1094904477156968,WLS,67,0.0010430717713167947
3,UPFC_tsh,5-15,-0.23466934404946793,63,-0.2347478553483812,WLS,67,7.851129891325859e-05
4,UPFC_Vse,5-15,0.06286283827976212,63,0.06396008063161161,WLS,67,0.0010972423518494923
5,UPFC_tse,5-15,-2.181997153547701,63,-2.1660245224103103,WLS,67,0.01597263113739089
0,x_tcsc,1-14,-0.10750423271252725,64,-0.10760335964241032,WLS,67,9.912692988306437e-05
1,B_svc,2,0.17812139218119213,64,0.17762558640633208,WLS,67,0.0004958057748600531
2,UPFC_Vsh,5-15,1.1081815208291839,64,1.1094904477156968,WLS,67,0.0013089268865129622
3,UPFC_tsh,5-15,-0.2346793279049798,64,-0.2347478553483812,WLS,67,6.852744340138384e-05
4,UPFC_Vse,5-15,0.06318470092561211,64,0.06396008063161161,WLS,67,0.0007753797059995016
5,UPFC_tse,5-15,-2.18170198509774,64,-2.1660245224103103,WLS,67,0.015677462687429866
0,x_tcsc,1-14,-0.10750354470809736,65,-0.10760335964241032,WLS,67,9.981493431295008e-05
1,B_svc,2,0.1785745906227066,65,0.17762558640633208,WLS,67,0.0009490042163745327
2,UPFC_Vsh,5-15,1.1084983805047626,65,1.1094904477156968,WLS,67,0.0009920672109342554
3,UPFC_tsh,5-15,-0.2346967001508626,65,-0.2347478553483812,WLS,67,5.1155197518581996e-05
4,UPFC_Vse,5-15,0.0632714228037319,65,0.06396008063161161,WLS,67,0.0006886578278797184
5,UPFC_tse,5-15,-2.184635420156007,65,-2.1660245224103103,WLS,67,0.018610897745696686
0,x_tcsc,1-14,-0.10749995790399143,66,-0.10760335964241032,WLS,67,0.00010340173841888456
1,B_svc,2,0.17842737633749964,66,0.17762558640633208,WLS,67,0.0008017899311675569
2,UPFC_Vsh,5-15,1.1084412551597438,66,1.1094904477156968,WLS,67,0.001049192555953038
3,UPFC_tsh,5-15,-0.23470147166037236,66,-0.2347478553483812,WLS,67,4.638368800882753e-05
4,UPFC_Vse,5-15,0.06340467118119919,66,0.06396008063161161,WLS,67,0.0005554094504124224
5,UPFC_tse,5-15,-2.1789686848653718,66,-2.1660245224103103,WLS,67,0.01294416245506147
0,x_tcsc,1-14,-0.10750780450484702,67,-0.10760335964241032,WLS,67,9.555513756329126e-05
1,B_svc,2,0.17827123339536546,67,0.17762558640633208,WLS,67,0.0006456469890333827
2,UPFC_Vsh,5-15,1.108735776557852,67,1.1094904477156968,WLS,67,0.0007546711578447773
3,UPFC_tsh,5-15,-0.23464351711130363,67,-0.2347478553483812,WLS,67,0.0001043382370775614
4,UPFC_Vse,5-15,0.06334784609745973,67,0.06396008063161161,WLS,67,0.0006122345341518787
5,UPFC_tse,5-15,-2.180118287414663,67,-2.1660245224103103,WLS,67,0.014093765004352665
0,x_tcsc,1-14,-0.1075085584452079,68,-0.10760335964241032,WLS,67,9.480119720241265e-05
1,B_svc,2,0.17830968459987528,68,0.17762558640633208,WLS,67,0.0006840981935432033
2,UPFC_Vsh,5-15,1.1086727478178813,68,1.1094904477156968,WLS,67,0.0008176998978155492
3,UPFC_tsh,5-15,-0.23464266160501815,68,-0.2347478553483812,WLS,67,0.00010519374336304121
4,UPFC_Vse,5-15,0.06269457594659571,68,0.06396008063161161,WLS,67,0.0012655046850159057
5,UPFC_tse,5-15,-2.180221656854674,68,-2.1660245224103103,WLS,67,0.01419713444436388
0,x_tcsc,1-14,-0.10749419098388135,69,-0.10760335964241032,WLS,67,0.0001091686585289603
1,B_svc,2,0.17806191133144694,69,0.17762558640633208,WLS,67,0.00043632492511486154
2,UPFC_Vsh,5-15,1.108482884383808,69,1.1094904477156968,WLS,67,0.0010075633318888944
3,UPFC_tsh,5-15,-0.23462832029963798,69,-0.2347478553483812,WLS,67,0.00011953504874320786
4,UPFC_Vse,5-15,0.06257143649139324,69,0.06396008063161161,WLS,67,0.001388644140218373
5,UPFC_tse,5-15,-2.181972539910428,69,-2.1660245224103103,WLS,67,0.01594801750011765
0,x_tcsc,1-14,-0.10750176062211902,70,-0.10760335964241032,WLS,67,0.00010159902029129031
1,B_svc,2,0.17764740320086558,70,0.17762558640633208,WLS,67,2.181679453350238e-05
2,UPFC_Vsh,5-15,1.1091405929699405,70,1.1094904477156968,WLS,67,0.00034985474575632836
3,UPFC_tsh,5-15,-0.23457136043506074,70,-0.2347478553483812,WLS,67,0.0001764949133204463
4,UPFC_Vse,5-15,0.06294918601751266,70,0.06396008063161161,WLS,67,0.0010108946140989505
5,UPFC_tse,5-15,-2.1804077503543953,70,-2.1660245224103103,WLS,67,0.014383227944084975
0,x_tcsc,1-14,-0.10751605592988817,71,-0.10760335964241032,WLS,67,8.73037125221493e-05
1,B_svc,2,0.17828857487591704,71,0.17762558640633208,WLS,67,0.0006629884695849575
2,UPFC_Vsh,5-15,1.1086932542608077,71,1.1094904477156968,WLS,67,0.0007971934548891557
3,UPFC_tsh,5-15,-0.23462637418292107,71,-0.2347478553483812,WLS,67,0.00012148116546012444
4,UPFC_Vse,5-15,0.06355646057511105,71,0.06396008063161161,WLS,67,0.00040362005650056154
5,UPFC_tse,5-15,-2.178078622665351,71,-2.1660245224103103,WLS,67,0.012054100255040723
0,x_tcsc,1-14,-0.10748781928550173,72,-0.10760335964241032,WLS,67,0.00011554035690858333
1,B_svc,2,0.17783941433319028,72,0.17762558640633208,WLS,67,0.00021382792685820107
2,UPFC_Vsh,5-15,1.108810117783953,72,1.1094904477156968,WLS,67,0.0006803299317437173
3,UPFC_tsh,5-15,-0.23461549256047445,72,-0.2347478553483812,WLS,67,0.00013236278790673683
4,UPFC_Vse,5-15,0.06306896198141844,72,0.06396008063161161,WLS,67,0.0008911186501931734
5,UPFC_tse,5-15,-2.1828822319675814,72,-2.1660245224103103,WLS,67,0.01685770955727106
0,x_tcsc,1-14,-0.10750548542320054,73,-0.10760335964241032,WLS,67,9.787421920977313e-05
1,B_svc,2,0.17858023041958213,73,0.17762558640633208,WLS,67,0.0009546440132500444
2,UPFC_Vsh,5-15,1.1092427762514099,73,1.1094904477156968,WLS,67,0.0002476714642869471
3,UPFC_tsh,5-15,-0.23457867500563842,73,-0.2347478553483812,WLS,67,0.0001691803427427696
4,UPFC_Vse,5-15,0.06325211243424171,73,0.06396008063161161,WLS,67,0.0007079681973699015
5,UPFC_tse,5-15,-2.181525986941826,73,-2.1660245224103103,WLS,67,0.015501464531515907
0,x_tcsc,1-14,-0.10750399113259795,74,-0.10760335964241032,WLS,67,9.936850981236145e-05
1,B_svc,2,0.1785133076080353,74,0.17762558640633208,WLS,67,0.0008877212017032177
2,UPFC_Vsh,5-15,1.1083030420992708,74,1.1094904477156968,WLS,67,0.0011874056164260516
3,UPFC_tsh,5-15,-0.23465232935437705,74,-0.2347478553483812,WLS,67,9.552599400414197e-05
4,UPFC_Vse,5-15,0.06308149500086956,74,0.06396008063161161,WLS,67,0.000878585630742057
5,UPFC_tse,5-15,-2.1832502205839175,74,-2.1660245224103103,WLS,67,0.017225698173607196
0,x_tcsc,1-14,-0.10750721339191131,75,-0.10760335964241032,WLS,67,9.614625049900183e-05
1,B_svc,2,0.17842209336626644,75,0.17762558640633208,WLS,67,0.0007965069599343566
2,UPFC_Vsh,5-15,1.108622483989108,75,1.1094904477156968,WLS,67,0.0008679637265889273
3,UPFC_tsh,5-15,-0.23466524723036708,75,-0.2347478553483812,WLS,67,8.260811801411028e-05
4,UPFC_Vse,5-15,0.06324451746534095,75,0.06396008063161161,WLS,67,0.0007155631662706663
5,UPFC_tse,5-15,-2.183684967957007,75,-2.1660245224103103,WLS,67,0.017660445546696657
0,x_tcsc,1-14,-0.10748638844422713,76,-0.10760335964241032,WLS,67,0.00011697119818318558
1,B_svc,2,0.17885017648215526,76,0.17762558640633208,WLS,67,0.0012245900758231787
2,UPFC_Vsh,5-15,1.1086046758821781,76,1.1094904477156968,WLS,67,0.0008857718335186782
3,UPFC_tsh,5-15,-0.23457506151737878,76,-0.2347478553483812,WLS,67,0.0001727938310024102
4,UPFC_Vse,5-15,0.0629755568640622,76,0.06396008063161161,WLS,67,0.000984523767549414
5,UPFC_tse,5-15,-2.179252798888141,76,-2.1660245224103103,WLS,67,0.013228276477830647
0,x_tcsc,1-14,-0.10749315156222823,77,-0.10760335964241032,WLS,67,0.00011020808018208372
1,B_svc,2,0.17792734446688113,77,0.17762558640633208,WLS,67,0.0003017580605490511
2,UPFC_Vsh,5-15,1.1085730816614137,77,1.1094904477156968,WLS,67,0.0009173660542831641
3,UPFC_tsh,5-15,-0.2346540642352388,77,-0.2347478553483812,WLS,67,9.379111314239408e-05
4,UPFC_Vse,5-15,0.06358610232447516,77,0.06396008063161161,WLS,67,0.0003739783071364522
5,UPFC_tse,5-15,-2.179930531206788,77,-2.1660245224103103,WLS,67,0.013906008796477742
0,x_tcsc,1-14,-0.10750696733438107,78,-0.10760335964241032,WLS,67,9.63923080292417e-05
1,B_svc,2,0.17798131239043158,78,0.17762558640633208,WLS,67,0.0003557259840994975
2,UPFC_Vsh,5-15,1.108589361974426,78,1.1094904477156968,WLS,67,0.0009010857412707907
3,UPFC_tsh,5-15,-0.23464071250442395,78,-0.2347478553483812,WLS,67,0.00010714284395724194
4,UPFC_Vse,5-15,0.063522088789756,78,0.06396008063161161,WLS,67,0.0004379918418556117
5,UPFC_tse,5-15,-2.1794726382163154,78,-2.1660245224103103,WLS,67,0.013448115806005134
0,x_tcsc,1-14,-0.10749491344889586,79,-0.10760335964241032,WLS,67,0.00010844619351445262
1,B_svc,2,0.1784594803977388,79,0.17762558640633208,WLS,67,0.0008338939914067089
2,UPFC_Vsh,5-15,1.1088219015238974,79,1.1094904477156968,WLS,67,0.0006685461917994573
3,UPFC_tsh,5-15,-0.23456966126810416,79,-0.2347478553483812,WLS,67,0.00017819408027702766
4,UPFC_Vse,5-15,0.06264278896619475,79,0.06396008063161161,WLS,67,0.0013172916654168587
5,UPFC_tse,5-15,-2.180834161415277,79,-2.1660245224103103,WLS,67,0.01480963900496679
0,x_tcsc,1-14,-0.10750624175327468,80,-0.10760335964241032,WLS,67,9.71178891356339e-05
1,B_svc,2,0.17856682160394854,80,0.17762558640633208,WLS,67,0.0009412351976164635
2,UPFC_Vsh,5-15,1.109023167269083,80,1.1094904477156968,WLS,67,0.00046728044661392687
3,UPFC_tsh,5-15,-0.2346262004177715,80,-0.2347478553483812,WLS,67,0.00012165493060969923
4,UPFC_Vse,5-15,0.06324136836357651,80,0.06396008063161161,WLS,67,0.0007187122680351044
5,UPFC_tse,5-15,-2.183715936504804,80,-2.1660245224103103,WLS,67,0.017691414094493485
0,x_tcsc,1-14,-0.10749894882414035,81,-0.10760335964241032,WLS,67,0.0001044108182699649
1,B_svc,2,0.17821751811203917,81,0.17762558640633208,WLS,67,0.0005919317057070939
2,UPFC_Vsh,5-15,1.1089349702590687,81,1.1094904477156968,WLS,67,0.0005554774566280951
3,UPFC_tsh,5-15,-0.23462126188753687,81,-0.2347478553483812,WLS,67,0.00012659346084431533
4,UPFC_Vse,5-15,0.06273542863309792,81,0.06396008063161161,WLS,67,0.0012246519985136955
5,UPFC_tse,5-15,-2.1831698425970694,81,-2.1660245224103103,WLS,67,0.017145320186759072
0,x_tcsc,1-14,-0.10750332780179375,82,-0.10760335964241032,WLS,67,0.0001000318406165629
1,B_svc,2,0.17841518775036455,82,0.17762558640633208,WLS,67,0.0007896013440324701
2,UPFC_Vsh,5-15,1.109074330773484,82,1.1094904477156968,WLS,67,0.0004161169422127742
3,UPFC_tsh,5-15,-0.23456245815976362,82,-0.2347478553483812,WLS,67,0.00018539718861756982
4,UPFC_Vse,5-15,0.06363601970168632,82,0.06396008063161161,WLS,67,0.00032406092992529056
5,UPFC_tse,5-15,-2.1804118785235556,82,-2.1660245224103103,WLS,67,0.014387356113245264
0,x_tcsc,1-14,-0.1074936578386654,83,-0.10760335964241032,WLS,67,0.00010970180374492156
1,B_svc,2,0.17873888989521947,83,0.17762558640633208,WLS,67,0.001113303488887385
2,UPFC_Vsh,5-15,1.1088721380897781,83,1.1094904477156968,WLS,67,0.0006183096259186893
3,UPFC_tsh,5-15,-0.2346518468863022,83,-0.2347478553483812,WLS,67,9.600846207899472e-05
4,UPFC_Vse,5-15,0.0632934534595394,83,0.06396008063161161,WLS,67,0.0006666271720722067
5,UPFC_tse,5-15,-2.1848968724917994,83,-2.1660245224103103,WLS,67,0.01887235008148913
0,x_tcsc,1-14,-0.107503375968298,84,-0.10760335964241032,WLS,67,9.998367411231945e-05
1,B_svc,2,0.1780425796238658,84,0.17762558640633208,WLS,67,0.00041699321753371765
2,UPFC_Vsh,5-15,1.1086343149465683,84,1.1094904477156968,WLS,67,0.0008561327691285481
3,UPFC_tsh,5-15,-0.2345797755636413,84,-0.2347478553483812,WLS,67,0.0001680797847398996
4,UPFC_Vse,5-15,0.06357962874999493,84,0.06396008063161161,WLS,67,0.0003804518816166863
5,UPFC_tse,5-15,-2.181158920637576,84,-2.1660245224103103,WLS,67,0.015134398227265589
0,x_tcsc,1-14,-0.10750662104894826,85,-0.10760335964241032,WLS,67,9.673859346205627e-05
1,B_svc,2,0.17847992606147883,85,0.17762558640633208,WLS,67,0.0008543396551467519
2,UPFC_Vsh,5-15,1.108487140753549,85,1.1094904477156968,WLS,67,0.0010033069621477875
3,UPFC_tsh,5-15,-0.23462452915809345,85,-0.2347478553483812,WLS,67,0.00012332619028773695
4,UPFC_Vse,5-15,0.06279895033610743,85,0.06396008063161161,WLS,67,0.001161130295504187
5,UPFC_tse,5-15,-2.183248569641685,85,-2.1660245224103103,WLS,67,0.017224047231374495
0,x_tcsc,1-14,-0.10750863601046223,86,-0.10760335964241032,WLS,67,9.472363194808209e-05
1,B_svc,2,0.178461690450711,86,0.17762558640633208,WLS,67,0.0008361040443789214
2,UPFC_Vsh,5-15,1.1090273320399529,86,1.1094904477156968,WLS,67,0.0004631156757439747
3,UPFC_tsh,5-15,-0.23461798296648995,86,-0.2347478553483812,WLS,67,0.00012987238189124395
4,UPFC_Vse,5-15,0.06276187224230867,86,0.06396008063161161,WLS,67,0.0011982083893029433
5,UPFC_tse,5-15,-2.1826480815640283,86,-2.1660245224103103,WLS,67,0.016623559153718048
0,x_tcsc,1-14,-0.10750582075117862,87,-0.10760335964241032,WLS,67,9.753889123169379e-05
1,B_svc,2,0.178231494278122,87,0.17762558640633208,WLS,67,0.0006059078717899069
2,UPFC_Vsh,5-15,1.1090569961423644,87,1.1094904477156968,WLS,67,0.0004334515733324107
3,UPFC_tsh,5-15,-0.23467063454142245,87,-0.2347478553483812,WLS,67,7.722080695873879e-05
4,UPFC_Vse,5-15,0.06353790800820971,87,0.06396008063161161,WLS,67,0.000422172623401898
5,UPFC_tse,5-15,-2.1816838232188895,87,-2.1660245224103103,WLS,67,0.015659300808579246
0,x_tcsc,1-14,-0.10750703723805524,88,-0.10760335964241032,WLS,67,9.632240435507311e-05
1,B_svc,2,0.1785093900056078,88,0.17762558640633208,WLS,67,0.0008838035992757287
2,UPFC_Vsh,5-15,1.108724837835227,88,1.1094904477156968,WLS,67,0.0007656098804698086
3,UPFC_tsh,5-15,-0.2346638965614885,88,-0.2347478553483812,WLS,67,8.395878689268499e-05
4,UPFC_Vse,5-15,0.06295559478045291,88,0.06396008063161161,WLS,67,0.0010044858511586985
5,UPFC_tse,5-15,-2.178687228865708,88,-2.1660245224103103,WLS,67,0.01266270645539791
0,x_tcsc,1-14,-0.10748936264379932,89,-0.10760335964241032,WLS,67,0.00011399699861099066
1,B_svc,2,0.17819702826510017,89,0.17762558640633208,WLS,67,0.0005714418587680903
2,UPFC_Vsh,5-15,1.1085414671198028,89,1.1094904477156968,WLS,67,0.000948980595893989
3,UPFC_tsh,5-15,-0.23470952148287755,89,-0.2347478553483812,WLS,67,3.8333865503642484e-05
4,UPFC_Vse,5-15,0.06300486802162879,89,0.06396008063161161,WLS,67,0.0009552126099828251
5,UPFC_tse,5-15,-2.1804334149628373,89,-2.1660245224103103,WLS,67,0.014408892552526975
0,x_tcsc,1-14,-0.10750183586565432,90,-0.10760335964241032,WLS,67,0.000101523776755999
1,B_svc,2,0.17803931652292332,90,0.17762558640633208,WLS,67,0.0004137301165912377
2,UPFC_Vsh,5-15,1.108824280073435,90,1.1094904477156968,WLS,67,0.0006661676422619056
3,UPFC_tsh,5-15,-0.2346435412713667,90,-0.2347478553483812,WLS,67,0.00010431407701450013
4,UPFC_Vse,5-15,0.06314982554587809,90,0.06396008063161161,WLS,67,0.0008102550857335272
5,UPFC_tse,5-15,-2.181077853913174,90,-2.1660245224103103,WLS,67,0.01505333150286381
0,x_tcsc,1-14,-0.10750564217803482,91,-0.10760335964241032,WLS,67,9.771746437549356e-05
1,B_svc,2,0.17866147275238164,91,0.17762558640633208,WLS,67,0.0010358863460495638
2,UPFC_Vsh,5-15,1.1089810585741335,91,1.1094904477156968,WLS,67,0.0005093891415632879
3,UPFC_tsh,5-15,-0.23458966339499462,91,-0.2347478553483812,WLS,67,0.0001581919533865661
4,UPFC_Vse,5-15,0.06321842881632317,91,0.06396008063161161,WLS,67,0.0007416518152884438
5,UPFC_tse,5-15,-2.177940709810996,91,-2.1660245224103103,WLS,67,0.011916187400685896
0,x_tcsc,1-14,-0.10749813119752186,92,-0.10760335964241032,WLS,67,0.00010522844488845828
1,B_svc,2,0.17842451253705668,92,0.17762558640633208,WLS,67,0.0007989261307246032
2,UPFC_Vsh,5-15,1.1085251157066938,92,1.1094904477156968,WLS,67,0.0009653320090030615
3,UPFC_tsh,5-15,-0.23466884170308655,92,-0.2347478553483812,WLS,67,7.901364529463994e-05
4,UPFC_Vse,5-15,0.06359085841995525,92,0.06396008063161161,WLS,67,0.0003692222116563615
5,UPFC_tse,5-15,-2.1783782869853674,92,-2.1660245224103103,WLS,67,0.012353764575057102
0,x_tcsc,1-14,-0.10749711380205326,93,-0.10760335964241032,WLS,67,0.00010624584035705265
1,B_svc,2,0.1778334221631915,93,0.17762558640633208,WLS,67,0.0002078357568594258
2,UPFC_Vsh,5-15,1.1090791022541353,93,1.1094904477156968,WLS,67,0.00041134546156151863
3,UPFC_tsh,5-15,-0.23461494893733154,93,-0.2347478553483812,WLS,67,0.00013290641104965473
4,UPFC_Vse,5-15,0.06283256954086927,93,0.06396008063161161,WLS,67,0.001127511090742342
5,UPFC_tse,5-15,-2.182523924118748,93,-2.1660245224103103,WLS,67,0.016499401708437667
0,x_tcsc,1-14,-0.10749158312846309,94,-0.10760335964241032,WLS,67,0.00011177651394722599
1,B_svc,2,0.178456228082904,94,0.17762558640633208,WLS,67,0.0008306416765719304
2,UPFC_Vsh,5-15,1.1083383488183782,94,1.1094904477156968,WLS,67,0.0011520988973185986
3,UPFC_tsh,5-15,-0.23471756945684383,94,-0.2347478553483812,WLS,67,3.028589153736272e-05
4,UPFC_Vse,5-15,0.06339527668456756,94,0.06396008063161161,WLS,67,0.0005648039470440569
5,UPFC_tse,5-15,-2.179808819608898,94,-2.1660245224103103,WLS,67,0.013784297198587758
0,x_tcsc,1-14,-0.10750634034833936,95,-0.10760335964241032,WLS,67,9.701929407095189e-05
1,B_svc,2,0.17837306506208916,95,0.17762558640633208,WLS,67,0.0007474786557570834
2,UPFC_Vsh,5-15,1.1085707673531302,95,1.1094904477156968,WLS,67,0.0009196803625666217
3,UPFC_tsh,5-15,-0.23462144009634064,95,-0.2347478553483812,WLS,67,0.00012641525204054593
4,UPFC_Vse,5-15,0.06332721076171065,95,0.06396008063161161,WLS,67,0.0006328698699009649
5,UPFC_tse,5-15,-2.1822156901875713,95,-2.1660245224103103,WLS,67,0.01619116777726104
0,x_tcsc,1-14,-0.1075039327963129,96,-0.10760335964241032,WLS,67,9.942684609741403e-05
1,B_svc,2,0.1781102676451095,96,0.17762558640633208,WLS,67,0.0004846812387774291
2,UPFC_Vsh,5-15,1.1088200765693532,96,1.1094904477156968,WLS,67,0.0006703711463436068
3,UPFC_tsh,5-15,-0.23464881308403557,96,-0.2347478553483812,WLS,67,9.904226434562236e-05
4,UPFC_Vse,5-15,0.06325195144907861,96,0.06396008063161161,WLS,67,0.0007081291825330044
5,UPFC_tse,5-15,-2.180549728022355,96,-2.1660245224103103,WLS,67,0.014525205612044623
0,x_tcsc,1-14,-0.10751134069601988,97,-0.10760335964241032,WLS,67,9.20189463904375e-05
1,B_svc,2,0.1783291006875026,97,0.17762558640633208,WLS,67,0.0007035142811705197
2,UPFC_Vsh,5-15,1.1090540125892407,97,1.1094904477156968,WLS,67,0.0004364351264560806
3,UPFC_tsh,5-15,-0.23461639668761994,97,-0.2347478553483812,WLS,67,0.00013145866076125223
4,UPFC_Vse,5-15,0.06393368274414993,97,0.06396008063161161,WLS,67,2.639788746168492e-05
5,UPFC_tse,5-15,-2.1820505950088713,97,-2.1660245224103103,WLS,67,0.016026072598561036
0,x_tcsc,1-14,-0.10752005123737628,98,-0.10760335964241032,WLS,67,8.330840503403825e-05
1,B_svc,2,0.17844016371705784,98,0.17762558640633208,WLS,67,0.0008145773107257614
2,UPFC_Vsh,5-15,1.1087130389547966,98,1.1094904477156968,WLS,67,0.0007774087609002667
3,UPFC_tsh,5-15,-0.23467591678935776,98,-0.2347478553483812,WLS,67,7.193855902343227e-05
4,UPFC_Vse,5-15,0.06325519063184729,98,0.06396008063161161,WLS,67,0.0007048899997643271
5,UPFC_tse,5-15,-2.183191865455,98,-2.1660245224103103,WLS,67,0.017167343044689698
0,x_tcsc,1-14,-0.10750196336093373,99,-0.10760335964241032,WLS,67,0.00010139628147658175
1,B_svc,2,0.1783961173289877,99,0.17762558640633208,WLS,67,0.0007705309226556101
2,UPFC_Vsh,5-15,1.1084765946077615,99,1.1094904477156968,WLS,67,0.0010138531079353363
3,UPFC_tsh,5-15,-0.2346093151608756,99,-0.2347478553483812,WLS,67,0.00013854018750558694
4,UPFC_Vse,5-15,0.06307659497321051,99,0.06396008063161161,WLS,67,0.0008834856584011008
5,UPFC_tse,5-15,-2.1802250465634434,99,-2.1660245224103103,WLS,67,0.01420052415313311
0,x_tcsc,1-14,-0.10959096116948504,0,-0.10971657447857194,WLS,69,0.0001256133090869055
1,B_svc,2,0.1808760716960169,0,0.18049206410506405,WLS,69,0.00038400759095286174
2,UPFC_Vsh,5-15,1.1086669672872915,0,1.1087171548126495,WLS,69,5.0187525358014184e-05
3,UPFC_tsh,5-15,-0.23321103842020766,0,-0.23335359963122154,WLS,69,0.0001425612110138863
4,UPFC_Vse,5-15,0.06280749541041626,0,0.06278924275775702,WLS,69,1.8252652659242474e-05
5,UPFC_tse,5-15,-2.1828641887342184,0,-2.1617267210585682,WLS,69,0.021137467675650168
0,x_tcsc,1-14,-0.10958590468408472,1,-0.10971657447857194,WLS,69,0.00013066979448722593
1,B_svc,2,0.18104056004067298,1,0.18049206410506405,WLS,69,0.0005484959356089336
2,UPFC_Vsh,5-15,1.1085756206045698,1,1.1087171548126495,WLS,69,0.00014153420807971884
3,UPFC_tsh,5-15,-0.23323006119241102,1,-0.23335359963122154,WLS,69,0.00012353843881052207
4,UPFC_Vse,5-15,0.06320415916573699,1,0.06278924275775702,WLS,69,0.00041491640797997054
5,UPFC_tse,5-15,-2.179921011902072,1,-2.1617267210585682,WLS,69,0.01819429084350377
0,x_tcsc,1-14,-0.10957394299309131,2,-0.10971657447857194,WLS,69,0.0001426314854806321
1,B_svc,2,0.18116100633698695,2,0.18049206410506405,WLS,69,0.0006689422319229033
2,UPFC_Vsh,5-15,1.1087571383255905,2,1.1087171548126495,WLS,69,3.9983512940988675e-05
3,UPFC_tsh,5-15,-0.2332558300394344,2,-0.23335359963122154,WLS,69,9.776959178714462e-05
4,UPFC_Vse,5-15,0.0631297351490794,2,0.06278924275775702,WLS,69,0.0003404923913223751
5,UPFC_tse,5-15,-2.1822385631056673,2,-2.1617267210585682,WLS,69,0.020511842047099105
0,x_tcsc,1-14,-0.10957874278907903,3,-0.10971657447857194,WLS,69,0.00013783168949291214
1,B_svc,2,0.18163297553011393,3,0.18049206410506405,WLS,69,0.0011409114250498786
2,UPFC_Vsh,5-15,1.108446965637181,3,1.1087171548126495,WLS,69,0.00027018917546861587
3,UPFC_tsh,5-15,-0.23325474173291366,3,-0.23335359963122154,WLS,69,9.885789830788028e-05
4,UPFC_Vse,5-15,0.06362514922739665,3,0.06278924275775702,WLS,69,0.0008359064696396301
5,UPFC_tse,5-15,-2.1836624817206176,3,-2.1617267210585682,WLS,69,0.021935760662049386
0,x_tcsc,1-14,-0.10956130252553596,4,-0.10971657447857194,WLS,69,0.00015527195303598196
1,B_svc,2,0.1814369458032053,4,0.18049206410506405,WLS,69,0.0009448816981412478
2,UPFC_Vsh,5-15,1.1085104779737995,4,1.1087171548126495,WLS,69,0.0002066768388500062
3,UPFC_tsh,5-15,-0.23322979378007935,4,-0.23335359963122154,WLS,69,0.00012380585114218912
4,UPFC_Vse,5-15,0.06273940752899003,4,0.06278924275775702,WLS,69,4.983522876698954e-05
5,UPFC_tse,5-15,-2.181780370908957,4,-2.1617267210585682,WLS,69,0.020053649850388933
0,x_tcsc,1-14,-0.10959318060218301,5,-0.10971657447857194,WLS,69,0.00012339387638893307
1,B_svc,2,0.18118606015158595,5,0.18049206410506405,WLS,69,0.0006939960465218997
2,UPFC_Vsh,5-15,1.1085084647079269,5,1.1087171548126495,WLS,69,0.00020869010472268634
3,UPFC_tsh,5-15,-0.23326975287036242,5,-0.23335359963122154,WLS,69,8.384676085912424e-05
4,UPFC_Vse,5-15,0.0632819064045739,5,0.06278924275775702,WLS,69,0.0004926636468168821
5,UPFC_tse,5-15,-2.183519766521619,5,-2.1617267210585682,WLS,69,0.02179304546305083
0,x_tcsc,1-14,-0.10956648374860087,6,-0.10971657447857194,WLS,69,0.0001500907299710752
1,B_svc,2,0.18103291741331373,6,0.18049206410506405,WLS,69,0.0005408533082496836
2,UPFC_Vsh,5-15,1.1084291800533246,6,1.1087171548126495,WLS,69,0.0002879747593249604
3,UPFC_tsh,5-15,-0.23325216743615335,6,-0.23335359963122154,WLS,69,0.00010143219506819623
4,UPFC_Vse,5-15,0.06285172202271923,6,0.06278924275775702,WLS,69,6.247926496220912e-05
5,UPFC_tse,5-15,-2.1843336731611402,6,-2.1617267210585682,WLS,69,0.02260695210257202
0,x_tcsc,1-14,-0.10959795361700035,7,-0.10971657447857194,WLS,69,0.00011862086157159168
1,B_svc,2,0.18110417010380248,7,0.18049206410506405,WLS,69,0.000612105998738427
2,UPFC_Vsh,5-15,1.1085264569171935,7,1.1087171548126495,WLS,69,0.00019069789545600457
3,UPFC_tsh,5-15,-0.23321600915941293,7,-0.23335359963122154,WLS,69,0.00013759047180861295
4,UPFC_Vse,5-15,0.06277129962419722,7,0.06278924275775702,WLS,69,1.79431335597946e-05
5,UPFC_tse,5-15,-2.1799470394765237,7,-2.1617267210585682,WLS,69,0.01822031841795546
0,x_tcsc,1-14,-0.10957628801835688,8,-0.10971657447857194,WLS,69,0.00014028646021506386
1,B_svc,2,0.181110633652637,8,0.18049206410506405,WLS,69,0.0006185695475729447
2,UPFC_Vsh,5-15,1.1086897641172193,8,1.1087171548126495,WLS,69,2.7390695430229428e-05
3,UPFC_tsh,5-15,-0.23321120610161827,8,-0.23335359963122154,WLS,69,0.00014239352960326856
4,UPFC_Vse,5-15,0.06342718772765746,8,0.06278924275775702,WLS,69,0.0006379449699004391
5,UPFC_tse,5-15,-2.178133638056225,8,-2.1617267210585682,WLS,69,0.01640691699765684
0,x_tcsc,1-14,-0.10957559073691286,9,-0.10971657447857194,WLS,69,0.00014098374165907868
1,B_svc,2,0.18108324734223008,9,0.18049206410506405,WLS,69,0.0005911832371660319
2,UPFC_Vsh,5-15,1.108684801656388,9,1.1087171548126495,WLS,69,3.2353156261599736e-05
3,UPFC_tsh,5-15,-0.23323772355752198,9,-0.23335359963122154,WLS,69,0.00011587607369956121
4,UPFC_Vse,5-15,0.06297896298127105,9,0.06278924275775702,WLS,69,0.00018972022351403106
5,UPFC_tse,5-15,-2.1817949304941724,9,-2.1617267210585682,WLS,69,0.020068209435604167
0,x_tcsc,1-14,-0.1095724031278088,10,-0.10971657447857194,WLS,69,0.00014417135076313925
1,B_svc,2,0.1811669381839401,10,0.18049206410506405,WLS,69,0.0006748740788760643
2,UPFC_Vsh,5-15,1.108639789572482,10,1.1087171548126495,WLS,69,7.736524016754842e-05
3,UPFC_tsh,5-15,-0.23322618156041441,10,-0.23335359963122154,WLS,69,0.0001274180708071282
4,UPFC_Vse,5-15,0.06315059771127465,10,0.06278924275775702,WLS,69,0.00036135495351763414
5,UPFC_tse,5-15,-2.1788666137692223,10,-2.1617267210585682,WLS,69,0.01713989271065408
0,x_tcsc,1-14,-0.10958166388461767,11,-0.10971657447857194,WLS,69,0.00013491059395427663
1,B_svc,2,0.18161206795288665,11,0.18049206410506405,WLS,69,0.0011200038478225982
2,UPFC_Vsh,5-15,1.1085565472797747,11,1.1087171548126495,WLS,69,0.00016060753287483465
3,UPFC_tsh,5-15,-0.2332456238393254,11,-0.23335359963122154,WLS,69,0.00010797579189614215
4,UPFC_Vse,5-15,0.06299543912947904,11,0.06278924275775702,WLS,69,0.00020619637172202
5,UPFC_tse,5-15,-2.182725949306894,11,-2.1617267210585682,WLS,69,0.020999228248325785
0,x_tcsc,1-14,-0.10957713540196008,12,-0.10971657447857194,WLS,69,0.00013943907661186083
1,B_svc,2,0.18106369103027667,12,0.18049206410506405,WLS,69,0.0005716269252126205
2,UPFC_Vsh,5-15,1.1084858037403549,12,1.1087171548126495,WLS,69,0.000231351072294661
3,UPFC_tsh,5-15,-0.2332726653696977,12,-0.23335359963122154,WLS,69,8.09342615238351e-05
4,UPFC_Vse,5-15,0.06368759845365933,12,0.06278924275775702,WLS,69,0.0008983556959023115
5,UPFC_tse,5-15,-2.1800865645030445,12,-2.1617267210585682,WLS,69,0.018359843444476276
0,x_tcsc,1-14,-0.10958887897910172,13,-0.10971657447857194,WLS,69,0.00012769549947022618
1,B_svc,2,0.18126173691847502,13,0.18049206410506405,WLS,69,0.0007696728134109765
2,UPFC_Vsh,5-15,1.1087618844583365,13,1.1087171548126495,WLS,69,4.4729645686913955e-05
3,UPFC_tsh,5-15,-0.23310080140169775,13,-0.23335359963122154,WLS,69,0.0002527982295237874
4,UPFC_Vse,5-15,0.06252601989460571,13,0.06278924275775702,WLS,69,0.00026322286315130783
5,UPFC_tse,5-15,-2.185774446476497,13,-2.1617267210585682,WLS,69,0.024047725417928767
0,x_tcsc,1-14,-0.10958814914948788,14,-0.10971657447857194,WLS,69,0.000128425329084067
1,B_svc,2,0.18100273952623652,14,0.18049206410506405,WLS,69,0.000510675421172474
2,UPFC_Vsh,5-15,1.1086472818408981,14,1.1087171548126495,WLS,69,6.987297175142793e-05
3,UPFC_tsh,5-15,-0.2331935271513059,14,-0.23335359963122154,WLS,69,0.0001600724799156461
4,UPFC_Vse,5-15,0.06273908778162464,14,0.06278924275775702,WLS,69,5.015497613237996e-05
5,UPFC_tse,5-15,-2.182128152653527,14,-2.1617267210585682,WLS,69,0.020401431594958996
0,x_tcsc,1-14,-0.1095919002747761,15,-0.10971657447857194,WLS,69,0.00012467420379584648
1,B_svc,2,0.18091359568077062,15,0.18049206410506405,WLS,69,0.0004215315757065685
2,UPFC_Vsh,5-15,1.1086959994621148,15,1.1087171548126495,WLS,69,2.1155350534707296e-05
3,UPFC_tsh,5-15,-0.23321530661830459,15,-0.23335359963122154,WLS,69,0.00013829301291695684
4,UPFC_Vse,5-15,0.0629388572611138,15,0.06278924275775702,WLS,69,0.00014961450335677917
5,UPFC_tse,5-15,-2.179630751960077,15,-2.1617267210585682,WLS,69,0.017904030901508605
0,x_tcsc,1-14,-0.10958313156455533,16,-0.10971657447857194,WLS,69,0.0001334429140166099
1,B_svc,2,0.1812551142454731,16,0.18049206410506405,WLS,69,0.0007630501404090606
2,UPFC_Vsh,5-15,1.1089776658297077,16,1.1087171548126495,WLS,69,0.0002605110170581515
3,UPFC_tsh,5-15,-0.23318340607276267,16,-0.23335359963122154,WLS,69,0.0001701935584588754
4,UPFC_Vse,5-15,0.06244485606654331,16,0.06278924275775702,WLS,69,0.0003443866912137064
5,UPFC_tse,5-15,-2.185474922697,16,-2.1617267210585682,WLS,69,0.02374820163843161
0,x_tcsc,1-14,-0.10959526279395601,17,-0.10971657447857194,WLS,69,0.00012131168461593234
1,B_svc,2,0.1812875915060887,17,0.18049206410506405,WLS,69,0.0007955274010246483
2,UPFC_Vsh,5-15,1.1089827815231497,17,1.1087171548126495,WLS,69,0.000265626710500122
3,UPFC_tsh,5-15,-0.23320077081352641,17,-0.23335359963122154,WLS,69,0.00015282881769512757
4,UPFC_Vse,5-15,0.06334984900032781,17,0.06278924275775702,WLS,69,0.0005606062425707881
5,UPFC_tse,5-15,-2.1799752382470254,17,-2.1617267210585682,WLS,69,0.018248517188457214
0,x_tcsc,1-14,-0.1095849086471952,18,-0.10971657447857194,WLS,69,0.00013166583137674825
1,B_svc,2,0.180930651649912,18,0.18049206410506405,WLS,69,0.0004385875448479626
2,UPFC_Vsh,5-15,1.108960661686258,18,1.1087171548126495,WLS,69,0.00024350687360841228
3,UPFC_tsh,5-15,-0.23325043026796247,18,-0.23335359963122154,WLS,69,0.00010316936325907577
4,UPFC_Vse,5-15,0.06306287198927152,18,0.06278924275775702,WLS,69,0.00027362923151449947
5,UPFC_tse,5-15,-2.182636223588718,18,-2.1617267210585682,WLS,69,0.02090950253014956
0,x_tcsc,1-14,-0.10959506114682616,19,-0.10971657447857194,WLS,69,0.00012151333174578727
1,B_svc,2,0.1806942642490821,19,0.18049206410506405,WLS,69,0.00020220014401806097
2,UPFC_Vsh,5-15,1.1086448375034799,19,1.1087171548126495,WLS,69,7.231730916967827e-05
3,UPFC_tsh,5-15,-0.23324709265699906,19,-0.23335359963122154,WLS,69,0.00010650697422248667
4,UPFC_Vse,5-15,0.06308497484150247,19,0.06278924275775702,WLS,69,0.000295732083745448
5,UPFC_tse,5-15,-2.1805449318015775,19,-2.1617267210585682,WLS,69,0.018818210743009267
0,x_tcsc,1-14,-0.10957867447384285,20,-0.10971657447857194,WLS,69,0.00013790000472908848
1,B_svc,2,0.1813421049154094,20,0.18049206410506405,WLS,69,0.0008500408103453427
2,UPFC_Vsh,5-15,1.1087943967785248,20,1.1087171548126495,WLS,69,7.724196587521881e-05
3,UPFC_tsh,5-15,-0.23322816848615416,20,-0.23335359963122154,WLS,69,0.00012543114506738395
4,UPFC_Vse,5-15,0.06261583380349448,20,0.06278924275775702,WLS,69,0.00017340895426254388
5,UPFC_tse,5-15,-2.1832729900580357,20,-2.1617267210585682,WLS,69,0.021546268999467433
0,x_tcsc,1-14,-0.10959527782385388,21,-0.10971657447857194,WLS,69,0.00012129665471806439
1,B_svc,2,0.18157318461350708,21,0.18049206410506405,WLS,69,0.0010811205084430286
2,UPFC_Vsh,5-15,1.10868185624378,21,1.1087171548126495,WLS,69,3.5298568869635005e-05
3,UPFC_tsh,5-15,-0.2332128156783912,21,-0.23335359963122154,WLS,69,0.00014078395283034784
4,UPFC_Vse,5-15,0.06299794799318056,21,0.06278924275775702,WLS,69,0.00020870523542354524
5,UPFC_tse,5-15,-2.1828107197315987,21,-2.1617267210585682,WLS,69,0.021083998673030457
0,x_tcsc,1-14,-0.10959242669568946,22,-0.10971657447857194,WLS,69,0.00012414778288248607
1,B_svc,2,0.18093296318170468,22,0.18049206410506405,WLS,69,0.0004408990766406329
2,UPFC_Vsh,5-15,1.108427220472551,22,1.1087171548126495,WLS,69,0.00028993434009860763
3,UPFC_tsh,5-15,-0.23326989068381643,22,-0.23335359963122154,WLS,69,8.370894740511448e-05
4,UPFC_Vse,5-15,0.06305317357962718,22,0.06278924275775702,WLS,69,0.0002639308218701647
5,UPFC_tse,5-15,-2.1815214444390283,22,-2.1617267210585682,WLS,69,0.019794723380460066
0,x_tcsc,1-14,-0.10958460943339665,23,-0.10971657447857194,WLS,69,0.00013196504517529184
1,B_svc,2,0.18156872603960666,23,0.18049206410506405,WLS,69,0.0010766619345426165
2,UPFC_Vsh,5-15,1.1088194841879482,23,1.1087171548126495,WLS,69,0.00010232937529863761
3,UPFC_tsh,5-15,-0.233173259665515,23,-0.23335359963122154,WLS,69,0.0001803399657065441
4,UPFC_Vse,5-15,0.06279864537792558,23,0.06278924275775702,WLS,69,9.402620168560971e-06
5,UPFC_tse,5-15,-2.1829660166066898,23,-2.1617267210585682,WLS,69,0.02123929554812154
0,x_tcsc,1-14,-0.10957387506503005,24,-0.10971657447857194,WLS,69,0.0001426994135418913
1,B_svc,2,0.18141680157485335,24,0.18049206410506405,WLS,69,0.0009247374697892996
2,UPFC_Vsh,5-15,1.1089668349220418,24,1.1087171548126495,WLS,69,0.0002496801093923029
3,UPFC_tsh,5-15,-0.23321885997026895,24,-0.23335359963122154,WLS,69,0.00013473966095259304
4,UPFC_Vse,5-15,0.06327716783117099,24,0.06278924275775702,WLS,69,0.0004879250734139695
5,UPFC_tse,5-15,-2.1839916856035777,24,-2.1617267210585682,WLS,69,0.02226496454500948
0,x_tcsc,1-14,-0.10959108591071161,25,-0.10971657447857194,WLS,69,0.00012548856786033513
1,B_svc,2,0.1814362835802073,25,0.18049206410506405,WLS,69,0.0009442194751432542
2,UPFC_Vsh,5-15,1.1090316702877192,25,1.1087171548126495,WLS,69,0.0003145154750696655
3,UPFC_tsh,5-15,-0.23317135482984186,25,-0.23335359963122154,WLS,69,0.0001822448013796829
4,UPFC_Vse,5-15,0.06293804192238152,25,0.06278924275775702,WLS,69,0.0001487991646244996
5,UPFC_tse,5-15,-2.1831731489702273,25,-2.1617267210585682,WLS,69,0.02144642791165907
0,x_tcsc,1-14,-0.10958041504397792,26,-0.10971657447857194,WLS,69,0.00013615943459402424
1,B_svc,2,0.18133353073584138,26,0.18049206410506405,WLS,69,0.0008414666307773322
2,UPFC_Vsh,5-15,1.1087415928847548,26,1.1087171548126495,WLS,69,2.4438072105281705e-05
3,UPFC_tsh,5-15,-0.23314371692918048,26,-0.23335359963122154,WLS,69,0.00020988270204105874
4,UPFC_Vse,5-15,0.06268560441721037,26,0.06278924275775702,WLS,69,0.00010363834054664955
5,UPFC_tse,5-15,-2.1808906963489685,26,-2.1617267210585682,WLS,69,0.01916397529040026
0,x_tcsc,1-14,-0.1095774011043885,27,-0.10971657447857194,WLS,69,0.00013917337418344056
1,B_svc,2,0.18122690849127268,27,0.18049206410506405,WLS,69,0.0007348443862086329
2,UPFC_Vsh,5-15,1.108956292931948,27,1.1087171548126495,WLS,69,0.00023913811929854312
3,UPFC_tsh,5-15,-0.23321200055437674,27,-0.23335359963122154,WLS,69,0.00014159907684480055
4,UPFC_Vse,5-15,0.0627080761095007,27,0.06278924275775702,WLS,69,8.116664825631725e-05
5,UPFC_tse,5-15,-2.1852628623466472,27,-2.1617267210585682,WLS,69,0.023536141288079016
0,x_tcsc,1-14,-0.10958227124807676,28,-0.10971657447857194,WLS,69,0.00013430323049518078
1,B_svc,2,0.18119412494018047,28,0.18049206410506405,WLS,69,0.0007020608351164248
2,UPFC_Vsh,5-15,1.1085677842870152,28,1.1087171548126495,WLS,69,0.00014937052563435138
3,UPFC_tsh,5-15,-0.23319959876604107,28,-0.23335359963122154,WLS,69,0.0001540008651804703
4,UPFC_Vse,5-15,0.06293369086551175,28,0.06278924275775702,WLS,69,0.00014444810775472716
5,UPFC_tse,5-15,-2.1832927230750565,28,-2.1617267210585682,WLS,69,0.021566002016488284
0,x_tcsc,1-14,-0.10958447783503833,29,-0.10971657447857194,WLS,69,0.0001320966435336135
1,B_svc,2,0.1810818820395907,29,0.18049206410506405,WLS,69,0.000589817934526643
2,UPFC_Vsh,5-15,1.1085751138681212,29,1.1087171548126495,WLS,69,0.00014204094452829885
3,UPFC_tsh,5-15,-0.2332269971753253,29,-0.23335359963122154,WLS,69,0.00012660245589624086
4,UPFC_Vse,5-15,0.06264288934076286,29,0.06278924275775702,WLS,69,0.00014635341699416327
5,UPFC_tse,5-15,-2.185278235269789,29,-2.1617267210585682,WLS,69,0.023551514211220592
0,x_tcsc,1-14,-0.10958840052297045,30,-0.10971657447857194,WLS,69,0.00012817395560149603
1,B_svc,2,0.18127614392196492,30,0.18049206410506405,WLS,69,0.0007840798169008734
2,UPFC_Vsh,5-15,1.1084413733514253,30,1.1087171548126495,WLS,69,0.00027578146122420044
3,UPFC_tsh,5-15,-0.23326654285654097,30,-0.23335359963122154,WLS,69,8.705677468057171e-05
4,UPFC_Vse,5-15,0.06327198244431657,30,0.06278924275775702,WLS,69,0.0004827396865595551
5,UPFC_tse,5-15,-2.183144812190028,30,-2.1617267210585682,WLS,69,0.02141809113145987
0,x_tcsc,1-14,-0.10960006411253428,31,-0.10971657447857194,WLS,69,0.00011651036603765874
1,B_svc,2,0.18102391685279634,31,0.18049206410506405,WLS,69,0.0005318527477322921
2,UPFC_Vsh,5-15,1.1087296663025723,31,1.1087171548126495,WLS,69,1.2511489922761854e-05
3,UPFC_tsh,5-15,-0.2332152738617365,31,-0.23335359963122154,WLS,69,0.0001383257694850537
4,UPFC_Vse,5-15,0.06312501126375634,31,0.06278924275775702,WLS,69,0.00033576850599932595
5,UPFC_tse,5-15,-2.1833964369815786,31,-2.1617267210585682,WLS,69,0.02166971592301037
0,x_tcsc,1-14,-0.10956858114537558,32,-0.10971657447857194,WLS,69,0.00014799333319635843
1,B_svc,2,0.18128536273239035,32,0.18049206410506405,WLS,69,0.0007932986273262999
2,UPFC_Vsh,5-15,1.109166233605731,32,1.1087171548126495,WLS,69,0.00044907879308153653
3,UPFC_tsh,5-15,-0.23313302575253794,32,-0.23335359963122154,WLS,69,0.0002205738786835998
4,UPFC_Vse,5-15,0.06297436139185032,32,0.06278924275775702,WLS,69,0.00018511863409330365
5,UPFC_tse,5-15,-2.181362606155305,32,-2.1617267210585682,WLS,69,0.01963588509673686
0,x_tcsc,1-14,-0.10960170263606617,33,-0.10971657447857194,WLS,69,0.00011487184250577598
1,B_svc,2,0.18084636502748658,33,0.18049206410506405,WLS,69,0.0003543009224225291
2,UPFC_Vsh,5-15,1.1087959852797604,33,1.1087171548126495,WLS,69,7.883046711087971e-05
3,UPFC_tsh,5-15,-0.2331848595000779,33,-0.23335359963122154,WLS,69,0.00016874013114365205
4,UPFC_Vse,5-15,0.06276380185151209,33,0.06278924275775702,WLS,69,2.5440906244927897e-05
5,UPFC_tse,5-15,-2.182518713822654,33,-2.1617267210585682,WLS,69,0.02079199276408561
0,x_tcsc,1-14,-0.10957924504854481,34,-0.10971657447857194,WLS,69,0.0001373294300271305
1,B_svc,2,0.1812895539447728,34,0.18049206410506405,WLS,69,0.0007974898397087593
2,UPFC_Vsh,5-15,1.1086225647542338,34,1.1087171548126495,WLS,69,9.459005841572221e-05
3,UPFC_tsh,5-15,-0.2332477336466449,34,-0.23335359963122154,WLS,69,0.00010586598457665297
4,UPFC_Vse,5-15,0.0633923046248123,34,0.06278924275775702,WLS,69,0.0006030618670552768
5,UPFC_tse,5-15,-2.1780879731692977,34,-2.1617267210585682,WLS,69,0.016361252110729474
0,x_tcsc,1-14,-0.10958676935763302,35,-0.10971657447857194,WLS,69,0.00012980512093892227
1,B_svc,2,0.18148027136474987,35,0.18049206410506405,WLS,69,0.0009882072596858194
2,UPFC_Vsh,5-15,1.1090673715477242,35,1.1087171548126495,WLS,69,0.0003502167350746266
3,UPFC_tsh,5-15,-0.2331970024870886,35,-0.23335359963122154,WLS,69,0.00015659714413293613
4,UPFC_Vse,5-15,0.06322536091370601,35,0.06278924275775702,WLS,69,0.00043611815594898906
5,UPFC_tse,5-15,-2.1810266895434185,35,-2.1617267210585682,WLS,69,0.01929996848485027
0,x_tcsc,1-14,-0.10958176269668311,36,-0.10971657447857194,WLS,69,0.00013481178188883003
1,B_svc,2,0.18118230748689726,36,0.18049206410506405,WLS,69,0.000690243381833211
2,UPFC_Vsh,5-15,1.1086861869966966,36,1.1087171548126495,WLS,69,3.0967815952909206e-05
3,UPFC_tsh,5-15,-0.23322755666525954,36,-0.23335359963122154,WLS,69,0.0001260429659619977
4,UPFC_Vse,5-15,0.06280215145711186,36,0.06278924275775702,WLS,69,1.2908699354843844e-05
5,UPFC_tse,5-15,-2.1826234792027788,36,-2.1617267210585682,WLS,69,0.020896758144210548
0,x_tcsc,1-14,-0.10958122672944845,37,-0.10971657447857194,WLS,69,0.00013534774912349334
1,B_svc,2,0.1807672627333477,37,0.18049206410506405,WLS,69,0.0002751986282836516
2,UPFC_Vsh,5-15,1.108759361022286,37,1.1087171548126495,WLS,69,4.220620963635291e-05
3,UPFC_tsh,5-15,-0.23317992417963418,37,-0.23335359963122154,WLS,69,0.00017367545158736286
4,UPFC_Vse,5-15,0.06258314762876581,37,0.06278924275775702,WLS,69,0.00020609512899120996
5,UPFC_tse,5-15,-2.1854101598706013,37,-2.1617267210585682,WLS,69,0.023683438812033053
0,x_tcsc,1-14,-0.10959373888891327,38,-0.10971657447857194,WLS,69,0.0001228355896586708
1,B_svc,2,0.18057350501230385,38,0.18049206410506405,WLS,69,8.144090723979924e-05
2,UPFC_Vsh,5-15,1.1087154421432264,38,1.1087171548126495,WLS,69,1.7126694231706097e-06
3,UPFC_tsh,5-15,-0.23324412638050948,38,-0.23335359963122154,WLS,69,0.00010947325071206104
4,UPFC_Vse,5-15,0.06276787747362143,38,0.06278924275775702,WLS,69,2.136528413558547e-05
5,UPFC_tse,5-15,-2.179515330068311,38,-2.1617267210585682,WLS,69,0.017788609009742995
0,x_tcsc,1-14,-0.10957101466880839,39,-0.10971657447857194,WLS,69,0.00014555980976355132
1,B_svc,2,0.18117214808368465,39,0.18049206410506405,WLS,69,0.0006800839786205992
2,UPFC_Vsh,5-15,1.1086575911141283,39,1.1087171548126495,WLS,69,5.956369852122556e-05
3,UPFC_tsh,5-15,-0.2331961194507649,39,-0.23335359963122154,WLS,69,0.00015748018045663725
4,UPFC_Vse,5-15,0.06280372660531801,39,0.06278924275775702,WLS,69,1.4483847560989305e-05
5,UPFC_tse,5-15,-2.180540705238082,39,-2.1617267210585682,WLS,69,0.018813984179513632
0,x_tcsc,1-14,-0.10959308963913657,40,-0.10971657447857194,WLS,69,0.00012348483943537547
1,B_svc,2,0.18051042909422954,40,0.18049206410506405,WLS,69,1.836498916549245e-05
2,UPFC_Vsh,5-15,1.1087235793075858,40,1.1087171548126495,WLS,69,6.424494936263514e-06
3,UPFC_tsh,5-15,-0.23323173307061337,40,-0.23335359963122154,WLS,69,0.00012186656060816925
4,UPFC_Vse,5-15,0.06279873581763276,40,0.06278924275775702,WLS,69,9.49305987574256e-06
5,UPFC_tse,5-15,-2.1818833659947265,40,-2.1617267210585682,WLS,69,0.02015664493615832
0,x_tcsc,1-14,-0.10957911150617915,41,-0.10971657447857194,WLS,69,0.00013746297239279615
1,B_svc,2,0.18122024673492354,41,0.18049206410506405,WLS,69,0.0007281826298594918
2,UPFC_Vsh,5-15,1.1091471773940142,41,1.1087171548126495,WLS,69,0.0004300225813647085
3,UPFC_tsh,5-15,-0.23318633830905225,41,-0.23335359963122154,WLS,69,0.00016726132216929313
4,UPFC_Vse,5-15,0.06320026971335106,41,0.06278924275775702,WLS,69,0.00041102695559404323
5,UPFC_tse,5-15,-2.182718915311168,41,-2.1617267210585682,WLS,69,0.020992194252599905
0,x_tcsc,1-14,-0.1096004998644378,42,-0.10971657447857194,WLS,69,0.00011607461413414011
1,B_svc,2,0.18117447172073897,42,0.18049206410506405,WLS,69,0.0006824076156749237
2,UPFC_Vsh,5-15,1.1086615255913541,42,1.1087171548126495,WLS,69,5.562922129542791e-05
3,UPFC_tsh,5-15,-0.23324297755907164,42,-0.23335359963122154,WLS,69,0.00011062207214990183
4,UPFC_Vse,5-15,0.06275984386977211,42,0.06278924275775702,WLS,69,2.939888798490775e-05
5,UPFC_tse,5-15,-2.182322550376906,42,-2.1617267210585682,WLS,69,0.0205958293183377
0,x_tcsc,1-14,-0.10959316448491785,43,-0.10971657447857194,WLS,69,0.00012340999365409444
1,B_svc,2,0.1812945694039246,43,0.18049206410506405,WLS,69,0.0008025052988605563
2,UPFC_Vsh,5-15,1.1085381927907876,43,1.1087171548126495,WLS,69,0.00017896202186196142
3,UPFC_tsh,5-15,-0.23321588511914046,43,-0.23335359963122154,WLS,69,0.00013771451208108298
4,UPFC_Vse,5-15,0.06332195906725863,43,0.06278924275775702,WLS,69,0.0005327163095016074
5,UPFC_tse,5-15,-2.183886980189785,43,-2.1617267210585682,WLS,69,0.022160259131216886
0,x_tcsc,1-14,-0.1095854808778884,44,-0.10971657447857194,WLS,69,0.00013109360068354337
1,B_svc,2,0.18159486179327325,44,0.18049206410506405,WLS,69,0.0011027976882092005
2,UPFC_Vsh,5-15,1.1089533687470983,44,1.1087171548126495,WLS,69,0.00023621393444872574
3,UPFC_tsh,5-15,-0.23324858381704772,44,-0.23335359963122154,WLS,69,0.00010501581417382555
4,UPFC_Vse,5-15,0.06366387335354617,44,0.06278924275775702,WLS,69,0.0008746305957891554
5,UPFC_tse,5-15,-2.1795067422691576,44,-2.1617267210585682,WLS,69,0.017780021210589414
0,x_tcsc,1-14,-0.10958443494162522,45,-0.10971657447857194,WLS,69,0.00013213953694672653
1,B_svc,2,0.18143930320535098,45,0.18049206410506405,WLS,69,0.000947239100286934
2,UPFC_Vsh,5-15,1.1088004704571433,45,1.1087171548126495,WLS,69,8.331564449370887e-05
3,UPFC_tsh,5-15,-0.23325342735413912,45,-0.23335359963122154,WLS,69,0.00010017227708242205
4,UPFC_Vse,5-15,0.06312771762092942,45,0.06278924275775702,WLS,69,0.00033847486317239994
5,UPFC_tse,5-15,-2.1832195997495547,45,-2.1617267210585682,WLS,69,0.021492878690986483
0,x_tcsc,1-14,-0.10959094238047566,46,-0.10971657447857194,WLS,69,0.00012563209809628162
1,B_svc,2,0.18115937570650603,46,0.18049206410506405,WLS,69,0.0006673116014419833
2,UPFC_Vsh,5-15,1.1087836569042344,46,1.1087171548126495,WLS,69,6.650209158487463e-05
3,UPFC_tsh,5-15,-0.23316117984651588,46,-0.23335359963122154,WLS,69,0.0001924197847056608
4,UPFC_Vse,5-15,0.06319146040197572,46,0.06278924275775702,WLS,69,0.00040221764421870254
5,UPFC_tse,5-15,-2.17983127935303,46,-2.1617267210585682,WLS,69,0.018104558294461892
0,x_tcsc,1-14,-0.10957231549400473,47,-0.10971657447857194,WLS,69,0.00014425898456721375
1,B_svc,2,0.18090491982114934,47,0.18049206410506405,WLS,69,0.0004128557160852919
2,UPFC_Vsh,5-15,1.1089608981929842,47,1.1087171548126495,WLS,69,0.00024374338033461562
3,UPFC_tsh,5-15,-0.2331586685481208,47,-0.23335359963122154,WLS,69,0.00019493108310073004
4,UPFC_Vse,5-15,0.0630293095013252,47,0.06278924275775702,WLS,69,0.00024006674356817637
5,UPFC_tse,5-15,-2.1842332384436034,47,-2.1617267210585682,WLS,69,0.022506517385035174
0,x_tcsc,1-14,-0.10959307320759416,48,-0.10971657447857194,WLS,69,0.00012350127097777996
1,B_svc,2,0.18099494700505117,48,0.18049206410506405,WLS,69,0.0005028828999871227
2,UPFC_Vsh,5-15,1.1087565640344363,48,1.1087171548126495,WLS,69,3.9409221786801396e-05
3,UPFC_tsh,5-15,-0.23316924978493406,48,-0.23335359963122154,WLS,69,0.00018434984628748485
4,UPFC_Vse,5-15,0.06263183023142391,48,0.06278924275775702,WLS,69,0.00015741252633311165
5,UPFC_tse,5-15,-2.1834499012261217,48,-2.1617267210585682,WLS,69,0.02172318016755348
0,x_tcsc,1-14,-0.10959544976310948,49,-0.10971657447857194,WLS,69,0.00012112471546246728
1,B_svc,2,0.18155627408663277,49,0.18049206410506405,WLS,69,0.0010642099815687256
2,UPFC_Vsh,5-15,1.1087557889567443,49,1.1087171548126495,WLS,69,3.8634144094773504e-05
3,UPFC_tsh,5-15,-0.2332244834419034,49,-0.23335359963122154,WLS,69,0.00012911618931812918
4,UPFC_Vse,5-15,0.06266034048582111,49,0.06278924275775702,WLS,69,0.00012890227193590453
5,UPFC_tse,5-15,-2.182281352888105,49,-2.1617267210585682,WLS,69,0.020554631829536874
0,x_tcsc,1-14,-0.10958223407510598,50,-0.10971657447857194,WLS,69,0.00013434040346596565
1,B_svc,2,0.18098378364061818,50,0.18049206410506405,WLS,69,0.0004917195355541304
2,UPFC_Vsh,5-15,1.1086685828600846,50,1.1087171548126495,WLS,69,4.857195256491309e-05
3,UPFC_tsh,5-15,-0.23316422915116247,50,-0.23335359963122154,WLS,69,0.0001893704800590701
4,UPFC_Vse,5-15,0.06325035653381209,50,0.06278924275775702,WLS,69,0.00046111377605506654
5,UPFC_tse,5-15,-2.181899590859578,50,-2.1617267210585682,WLS,69,0.020172869801009963
0,x_tcsc,1-14,-0.10957509784124694,51,-0.10971657447857194,WLS,69,0.00014147663732499982
1,B_svc,2,0.18136888260591977,51,0.18049206410506405,WLS,69,0.0008768185008557194
2,UPFC_Vsh,5-15,1.1087549754734205,51,1.1087171548126495,WLS,69,3.782066077095969e-05
3,UPFC_tsh,5-15,-0.23325579443129152,51,-0.23335359963122154,WLS,69,9.780519993002335e-05
4,UPFC_Vse,5-15,0.06301874803160781,51,0.06278924275775702,WLS,69,0.0002295052738507941
5,UPFC_tse,5-15,-2.1835335148322113,51,-2.1617267210585682,WLS,69,0.02180679377364303
0,x_tcsc,1-14,-0.10958881219610442,52,-0.10971657447857194,WLS,69,0.00012776228246752508
1,B_svc,2,0.1815374189275974,52,0.18049206410506405,WLS,69,0.0010453548225333453
2,UPFC_Vsh,5-15,1.1088968727756314,52,1.1087171548126495,WLS,69,0.00017971796298188458
3,UPFC_tsh,5-15,-0.23320690218774906,52,-0.23335359963122154,WLS,69,0.00014669744347248215
4,UPFC_Vse,5-15,0.06330962892730724,52,0.06278924275775702,WLS,69,0.0005203861695502188
5,UPFC_tse,5-15,-2.181253344214785,52,-2.1617267210585682,WLS,69,0.019526623156216782
0,x_tcsc,1-14,-0.10957884152736075,53,-0.10971657447857194,WLS,69,0.00013773295121119467
1,B_svc,2,0.18100593615359073,53,0.18049206410506405,WLS,69,0.0005138720485266812
2,UPFC_Vsh,5-15,1.1090823806110452,53,1.1087171548126495,WLS,69,0.00036522579839570746
3,UPFC_tsh,5-15,-0.23313872185452741,53,-0.23335359963122154,WLS,69,0.0002148777766941279
4,UPFC_Vse,5-15,0.06308496644884642,53,0.06278924275775702,WLS,69,0.00029572369108940566
5,UPFC_tse,5-15,-2.1789451765199113,53,-2.1617267210585682,WLS,69,0.01721845546134304
0,x_tcsc,1-14,-0.10957219430511211,54,-0.10971657447857194,WLS,69,0.00014438017345982934
1,B_svc,2,0.1813260066091898,54,0.18049206410506405,WLS,69,0.0008339425041257453
2,UPFC_Vsh,5-15,1.1090141053997769,54,1.1087171548126495,WLS,69,0.00029695058712730926
3,UPFC_tsh,5-15,-0.233264475945015,54,-0.23335359963122154,WLS,69,8.912368620653255e-05
4,UPFC_Vse,5-15,0.0631090099999266,54,0.06278924275775702,WLS,69,0.00031976724216957464
5,UPFC_tse,5-15,-2.182144799166033,54,-2.1617267210585682,WLS,69,0.020418078107464765
0,x_tcsc,1-14,-0.10959395934829969,55,-0.10971657447857194,WLS,69,0.0001226151302722578
1,B_svc,2,0.18156960791635168,55,0.18049206410506405,WLS,69,0.0010775438112876345
2,UPFC_Vsh,5-15,1.1088070291826546,55,1.1087171548126495,WLS,69,8.987437000507192e-05
3,UPFC_tsh,5-15,-0.23327196240036024,55,-0.23335359963122154,WLS,69,8.163723086129782e-05
4,UPFC_Vse,5-15,0.06345289716230003,55,0.06278924275775702,WLS,69,0.0006636544045430098
5,UPFC_tse,5-15,-2.1834859271396,55,-2.1617267210585682,WLS,69,0.021759206081031657
0,x_tcsc,1-14,-0.10957999194125297,56,-0.10971657447857194,WLS,69,0.00013658253731897718
1,B_svc,2,0.1815700425821624,56,0.18049206410506405,WLS,69,0.0010779784770983403
2,UPFC_Vsh,5-15,1.1085206379983117,56,1.1087171548126495,WLS,69,0.00019651681433785484
3,UPFC_tsh,5-15,-0.2332410259555415,56,-0.23335359963122154,WLS,69,0.0001125736756800444
4,UPFC_Vse,5-15,0.0625745076969774,56,0.06278924275775702,WLS,69,0.000214735060779625
5,UPFC_tse,5-15,-2.1819704687057406,56,-2.1617267210585682,WLS,69,0.020243747647172405
0,x_tcsc,1-14,-0.10959664857188267,57,-0.10971657447857194,WLS,69,0.00011992590668927217
1,B_svc,2,0.1814309770972849,57,0.18049206410506405,WLS,69,0.0009389129922208472
2,UPFC_Vsh,5-15,1.1087789504832124,57,1.1087171548126495,WLS,69,6.179567056285862e-05
3,UPFC_tsh,5-15,-0.2331723700372579,57,-0.23335359963122154,WLS,69,0.00018122959396363325
4,UPFC_Vse,5-15,0.06253171354316761,57,0.06278924275775702,WLS,69,0.00025752921458940814
5,UPFC_tse,5-15,-2.1804747055515796,57,-2.1617267210585682,WLS,69,0.018747984493011405
0,x_tcsc,1-14,-0.10959206224513919,58,-0.10971657447857194,WLS,69,0.00012451223343275253
1,B_svc,2,0.18109088842304216,58,0.18049206410506405,WLS,69,0.0005988243179781139
2,UPFC_Vsh,5-15,1.1086114964004816,58,1.1087171548126495,WLS,69,0.00010565841216791938
3,UPFC_tsh,5-15,-0.23318769286428925,58,-0.23335359963122154,WLS,69,0.0001659067669322889
4,UPFC_Vse,5-15,0.06297011207865821,58,0.06278924275775702,WLS,69,0.00018086932090119467
5,UPFC_tse,5-15,-2.1820755658755044,58,-2.1617267210585682,WLS,69,0.020348844816936218
0,x_tcsc,1-14,-0.10959023849324127,59,-0.10971657447857194,WLS,69,0.00012633598533066948
1,B_svc,2,0.18112696400280595,59,0.18049206410506405,WLS,69,0.0006348998977419029
2,UPFC_Vsh,5-15,1.1086734194517254,59,1.1087171548126495,WLS,69,4.373536092416863e-05
3,UPFC_tsh,5-15,-0.2332548142731708,59,-0.23335359963122154,WLS,69,9.878535805074584e-05
4,UPFC_Vse,5-15,0.06292923214962627,59,0.06278924275775702,WLS,69,0.0001399893918692524
5,UPFC_tse,5-15,-2.1828795899059594,59,-2.1617267210585682,WLS,69,0.021152868847391204
0,x_tcsc,1-14,-0.1095835021076128,60,-0.10971657447857194,WLS,69,0.00013307237095913638
1,B_svc,2,0.1816760007567284,60,0.18049206410506405,WLS,69,0.001183936651664358
2,UPFC_Vsh,5-15,1.1085376447681505,60,1.1087171548126495,WLS,69,0.00017951004449900942
3,UPFC_tsh,5-15,-0.2332521328816672,60,-0.23335359963122154,WLS,69,0.00010146674955432977
4,UPFC_Vse,5-15,0.06279758228911284,60,0.06278924275775702,WLS,69,8.339531355816554e-06
5,UPFC_tse,5-15,-2.1834749425883984,60,-2.1617267210585682,WLS,69,0.021748221529830136
0,x_tcsc,1-14,-0.1095785171478847,61,-0.10971657447857194,WLS,69,0.00013805733068723847
1,B_svc,2,0.1810892021336946,61,0.18049206410506405,WLS,69,0.0005971380286305394
2,UPFC_Vsh,5-15,1.1087392431923169,61,1.1087171548126495,WLS,69,2.2088379667328795e-05
3,UPFC_tsh,5-15,-0.2331739493671497,61,-0.23335359963122154,WLS,69,0.00017965026407185114
4,UPFC_Vse,5-15,0.0632370982596162,61,0.06278924275775702,WLS,69,0.0004478555018591762
5,UPFC_tse,5-15,-2.1806102398574523,61,-2.1617267210585682,WLS,69,0.018883518798884058
0,x_tcsc,1-14,-0.1095912155081834,62,-0.10971657447857194,WLS,69,0.00012535897038853938
1,B_svc,2,0.18078680686680937,62,0.18049206410506405,WLS,69,0.0002947427617453202
2,UPFC_Vsh,5-15,1.1088707469283174,62,1.1087171548126495,WLS,69,0.00015359211566789988
3,UPFC_tsh,5-15,-0.23316519935774516,62,-0.23335359963122154,WLS,69,0.00018840027347638566
4,UPFC_Vse,5-15,0.0628491004835028,62,0.06278924275775702,WLS,69,5.985772574577941e-05
5,UPFC_tse,5-15,-2.1852979565150443,62,-2.1617267210585682,WLS,69,0.023571235456476103
0,x_tcsc,1-14,-0.10957506109480392,63,-0.10971657447857194,WLS,69,0.00014151338376802713
1,B_svc,2,0.1809683459716803,63,0.18049206410506405,WLS,69,0.00047628186661624605
2,UPFC_Vsh,5-15,1.1087768445151498,63,1.1087171548126495,WLS,69,5.968970250025407e-05
3,UPFC_tsh,5-15,-0.233217987297556,63,-0.23335359963122154,WLS,69,0.00013561233366554681
4,UPFC_Vse,5-15,0.06264286777791368,63,0.06278924275775702,WLS,69,0.00014637497984333614
5,UPFC_tse,5-15,-2.1825065972804847,63,-2.1617267210585682,WLS,69,0.02077987622191646
0,x_tcsc,1-14,-0.10957509162556398,64,-0.10971657447857194,WLS,69,0.00014148285300796815
1,B_svc,2,0.1811009992049153,64,0.18049206410506405,WLS,69,0.0006089350998512433
2,UPFC_Vsh,5-15,1.1084544188294678,64,1.1087171548126495,WLS,69,0.00026273598318171665
3,UPFC_tsh,5-15,-0.23325841413322576,64,-0.23335359963122154,WLS,69,9.518549799578113e-05
4,UPFC_Vse,5-15,0.0629711956830176,64,0.06278924275775702,WLS,69,0.0001819529252605756
5,UPFC_tse,5-15,-2.1826071883862794,64,-2.1617267210585682,WLS,69,0.020880467327711205
0,x_tcsc,1-14,-0.10958904475968063,65,-0.10971657447857194,WLS,69,0.00012752971889130882
1,B_svc,2,0.18152261101668254,65,0.18049206410506405,WLS,69,0.0010305469116184962
2,UPFC_Vsh,5-15,1.1089006291528283,65,1.1087171548126495,WLS,69,0.00018347434017873532
3,UPFC_tsh,5-15,-0.2332468575455137,65,-0.23335359963122154,WLS,69,0.00010674208570785049
4,UPFC_Vse,5-15,0.06296370030840108,65,0.06278924275775702,WLS,69,0.000174457550644061
5,UPFC_tse,5-15,-2.1848041819665216,65,-2.1617267210585682,WLS,69,0.023077460907953373
0,x_tcsc,1-14,-0.10957797357051645,66,-0.10971657447857194,WLS,69,0.00013860090805549452
1,B_svc,2,0.18142305514711687,66,0.18049206410506405,WLS,69,0.0009309910420528256
2,UPFC_Vsh,5-15,1.108436527869183,66,1.1087171548126495,WLS,69,0.00028062694346653316
3,UPFC_tsh,5-15,-0.23324368390747613,66,-0.23335359963122154,WLS,69,0.00010991572374541292
4,UPFC_Vse,5-15,0.06322643497773034,66,0.06278924275775702,WLS,69,0.00043719221997332025
5,UPFC_tse,5-15,-2.1796886418691304,66,-2.1617267210585682,WLS,69,0.017961920810562138
0,x_tcsc,1-14,-0.1095815765073765,67,-0.10971657447857194,WLS,69,0.00013499797119544132
1,B_svc,2,0.18135526114246808,67,0.18049206410506405,WLS,69,0.0008631970374040343
2,UPFC_Vsh,5-15,1.1088097875078502,67,1.1087171548126495,WLS,69,9.26326952006562e-05
3,UPFC_tsh,5-15,-0.23317150615714255,67,-0.23335359963122154,WLS,69,0.00018209347407899257
4,UPFC_Vse,5-15,0.0630936366411919,67,0.06278924275775702,WLS,69,0.00030439388343488083
5,UPFC_tse,5-15,-2.1807575204019076,67,-2.1617267210585682,WLS,69,0.0190307993433394
0,x_tcsc,1-14,-0.10958419976300864,68,-0.10971657447857194,WLS,69,0.0001323747155633076
1,B_svc,2,0.1813356650006069,68,0.18049206410506405,WLS,69,0.000843600895542862
2,UPFC_Vsh,5-15,1.108798273787856,68,1.1087171548126495,WLS,69,8.111897520635125e-05
3,UPFC_tsh,5-15,-0.23317240647175327,68,-0.23335359963122154,WLS,69,0.00018119315946826808
4,UPFC_Vse,5-15,0.062469916286368075,68,0.06278924275775702,WLS,69,0.0003193264713889435
5,UPFC_tse,5-15,-2.1811977804456566,68,-2.1617267210585682,WLS,69,0.019471059387088374
0,x_tcsc,1-14,-0.10957952319790189,69,-0.10971657447857194,WLS,69,0.00013705128067005579
1,B_svc,2,0.18108319278701554,69,0.18049206410506405,WLS,69,0.0005911286819514916
2,UPFC_Vsh,5-15,1.1084786886069957,69,1.1087171548126495,WLS,69,0.00023846620565382004
3,UPFC_tsh,5-15,-0.233268443079897,69,-0.23335359963122154,WLS,69,8.515655132454447e-05
4,UPFC_Vse,5-15,0.06247467505937844,69,0.06278924275775702,WLS,69,0.0003145676983785789
5,UPFC_tse,5-15,-2.1829525224969575,69,-2.1617267210585682,WLS,69,0.021225801438389258
0,x_tcsc,1-14,-0.10957695819495251,70,-0.10971657447857194,WLS,69,0.00013961628361942868
1,B_svc,2,0.1807624790035592,70,0.18049206410506405,WLS,69,0.00027041489849516376
2,UPFC_Vsh,5-15,1.1089166924638152,70,1.1087171548126495,WLS,69,0.0001995376511656488
3,UPFC_tsh,5-15,-0.23321543324434363,70,-0.23335359963122154,WLS,69,0.00013816638687791372
4,UPFC_Vse,5-15,0.06256694917290222,70,0.06278924275775702,WLS,69,0.00022229358485480188
5,UPFC_tse,5-15,-2.1818942938405703,70,-2.1617267210585682,WLS,69,0.020167572782002097
0,x_tcsc,1-14,-0.10959350462348225,71,-0.10971657447857194,WLS,69,0.00012306985508969692
1,B_svc,2,0.18134873789527983,71,0.18049206410506405,WLS,69,0.0008566737902157839
2,UPFC_Vsh,5-15,1.1088238800142052,71,1.1087171548126495,WLS,69,0.00010672520155563525
3,UPFC_tsh,5-15,-0.23320857940383918,71,-0.23335359963122154,WLS,69,0.00014502022738235865
4,UPFC_Vse,5-15,0.06345205948075969,71,0.06278924275775702,WLS,69,0.0006628167230026683
5,UPFC_tse,5-15,-2.178247753594224,71,-2.1617267210585682,WLS,69,0.016521032535655955
0,x_tcsc,1-14,-0.10958332100437608,72,-0.10971657447857194,WLS,69,0.00013325347419586298
1,B_svc,2,0.18086160069296844,72,0.18049206410506405,WLS,69,0.0003695365879043955
2,UPFC_Vsh,5-15,1.1086151155350976,72,1.1087171548126495,WLS,69,0.0001020392775519241
3,UPFC_tsh,5-15,-0.23320095056250487,72,-0.23335359963122154,WLS,69,0.00015264906871667594
4,UPFC_Vse,5-15,0.06291497554750251,72,0.06278924275775702,WLS,69,0.00012573278974549462
5,UPFC_tse,5-15,-2.1835875820905293,72,-2.1617267210585682,WLS,69,0.021860861031961054
0,x_tcsc,1-14,-0.10960507998531323,73,-0.10971657447857194,WLS,69,0.0001114944932587153
1,B_svc,2,0.18170354256644744,73,0.18049206410506405,WLS,69,0.0012114784613833918
2,UPFC_Vsh,5-15,1.1089135450332959,73,1.1087171548126495,WLS,69,0.00019639022064632528
3,UPFC_tsh,5-15,-0.2332300289283604,73,-0.23335359963122154,WLS,69,0.00012357070286114769
4,UPFC_Vse,5-15,0.06297062495239664,73,0.06278924275775702,WLS,69,0.0001813821946396177
5,UPFC_tse,5-15,-2.182440870536751,73,-2.1617267210585682,WLS,69,0.02071414947818262
0,x_tcsc,1-14,-0.10957535993300893,74,-0.10971657447857194,WLS,69,0.00014121454556301205
1,B_svc,2,0.18146537667298207,74,0.18049206410506405,WLS,69,0.0009733125679180221
2,UPFC_Vsh,5-15,1.1084002666195132,74,1.1087171548126495,WLS,69,0.0003168881931363554
3,UPFC_tsh,5-15,-0.23319116181853886,74,-0.23335359963122154,WLS,69,0.00016243781268268642
4,UPFC_Vse,5-15,0.06275461722504266,74,0.06278924275775702,WLS,69,3.46255327143552e-05
5,UPFC_tse,5-15,-2.184402852807136,74,-2.1617267210585682,WLS,69,0.02267613174856775
0,x_tcsc,1-14,-0.10958356993146863,75,-0.10971657447857194,WLS,69,0.0001330045471033131
1,B_svc,2,0.1814002746269642,75,0.18049206410506405,WLS,69,0.0009082105219001546
2,UPFC_Vsh,5-15,1.1089005901945705,75,1.1087171548126495,WLS,69,0.0001834353819210044
3,UPFC_tsh,5-15,-0.2332150855621962,75,-0.23335359963122154,WLS,69,0.00013851406902534724
4,UPFC_Vse,5-15,0.0628404763636546,75,0.06278924275775702,WLS,69,5.123360589757986e-05
5,UPFC_tse,5-15,-2.1849508228892702,75,-2.1617267210585682,WLS,69,0.023224101830702004
0,x_tcsc,1-14,-0.10959290283032447,76,-0.10971657447857194,WLS,69,0.00012367164824747534
1,B_svc,2,0.18191924197532935,76,0.18049206410506405,WLS,69,0.001427177870265306
2,UPFC_Vsh,5-15,1.1088067299004802,76,1.1087171548126495,WLS,69,8.957508783069557e-05
3,UPFC_tsh,5-15,-0.233142320104039,76,-0.23335359963122154,WLS,69,0.00021127952718252851
4,UPFC_Vse,5-15,0.06267453469323367,76,0.06278924275775702,WLS,69,0.00011470806452335003
5,UPFC_tse,5-15,-2.1801453280634107,76,-2.1617267210585682,WLS,69,0.018418607004842436
0,x_tcsc,1-14,-0.10957936172537966,77,-0.10971657447857194,WLS,69,0.000137212753192284
1,B_svc,2,0.18092951683469008,77,0.18049206410506405,WLS,69,0.0004374527296260311
2,UPFC_Vsh,5-15,1.1086967485017507,77,1.1087171548126495,WLS,69,2.0406310898835045e-05
3,UPFC_tsh,5-15,-0.23324067982339483,77,-0.23335359963122154,WLS,69,0.0001129198078267113
4,UPFC_Vse,5-15,0.06330350052936587,77,0.06278924275775702,WLS,69,0.0005142577716088503
5,UPFC_tse,5-15,-2.18053398814753,77,-2.1617267210585682,WLS,69,0.018807267088961854
0,x_tcsc,1-14,-0.10958962246240155,78,-0.10971657447857194,WLS,69,0.00012695201617039797
1,B_svc,2,0.1809654447721881,78,0.18049206410506405,WLS,69,0.0004733806671240459
2,UPFC_Vsh,5-15,1.1088043907432537,78,1.1087171548126495,WLS,69,8.723593060411261e-05
3,UPFC_tsh,5-15,-0.23319101358886826,78,-0.23335359963122154,WLS,69,0.0001625860423532799
4,UPFC_Vse,5-15,0.06325979698561028,78,0.06278924275775702,WLS,69,0.00047055422785326206
5,UPFC_tse,5-15,-2.1802095367273355,78,-2.1617267210585682,WLS,69,0.018482815668767305
0,x_tcsc,1-14,-0.10958154361530373,79,-0.10971657447857194,WLS,69,0.00013503086326821512
1,B_svc,2,0.18154182223076182,79,0.18049206410506405,WLS,69,0.0010497581256977695
2,UPFC_Vsh,5-15,1.1087155322870166,79,1.1087171548126495,WLS,69,1.6225256329605031e-06
3,UPFC_tsh,5-15,-0.2332023885160969,79,-0.23335359963122154,WLS,69,0.00015121111512464425
4,UPFC_Vse,5-15,0.06239958223761693,79,0.06278924275775702,WLS,69,0.0003896605201400907
5,UPFC_tse,5-15,-2.181971653255163,79,-2.1617267210585682,WLS,69,0.020244932196594956
0,x_tcsc,1-14,-0.1095971893774992,80,-0.10971657447857194,WLS,69,0.00011938510107274702
1,B_svc,2,0.1815663169724421,80,0.18049206410506405,WLS,69,0.001074252867378056
2,UPFC_Vsh,5-15,1.1087921343486158,80,1.1087171548126495,WLS,69,7.49795359662464e-05
3,UPFC_tsh,5-15,-0.23323041890668886,80,-0.23335359963122154,WLS,69,0.00012318072453268436
4,UPFC_Vse,5-15,0.06300625184479011,80,0.06278924275775702,WLS,69,0.00021700908703309318
5,UPFC_tse,5-15,-2.1847220018815454,80,-2.1617267210585682,WLS,69,0.022995280822977193
0,x_tcsc,1-14,-0.10958292737111539,81,-0.10971657447857194,WLS,69,0.00013364710745655817
1,B_svc,2,0.18112223291190702,81,0.18049206410506405,WLS,69,0.0006301688068429678
2,UPFC_Vsh,5-15,1.1089842651049455,81,1.1087171548126495,WLS,69,0.00026711029229598005
3,UPFC_tsh,5-15,-0.23310941297807408,81,-0.23335359963122154,WLS,69,0.00024418665314746013
4,UPFC_Vse,5-15,0.06211649943725638,81,0.06278924275775702,WLS,69,0.0006727433205006364
5,UPFC_tse,5-15,-2.1847536811573494,81,-2.1617267210585682,WLS,69,0.023026960098781135
0,x_tcsc,1-14,-0.10958578182392256,82,-0.10971657447857194,WLS,69,0.00013079265464938095
1,B_svc,2,0.1815221235467211,82,0.18049206410506405,WLS,69,0.001030059441657044
2,UPFC_Vsh,5-15,1.108932429750895,82,1.1087171548126495,WLS,69,0.00021527493824535782
3,UPFC_tsh,5-15,-0.2331736487557733,82,-0.23335359963122154,WLS,69,0.00017995087544825372
4,UPFC_Vse,5-15,0.06343931714926938,82,0.06278924275775702,WLS,69,0.0006500743915123647
5,UPFC_tse,5-15,-2.1814921867525503,82,-2.1617267210585682,WLS,69,0.019765465693982076
0,x_tcsc,1-14,-0.1095945597161458,83,-0.10971657447857194,WLS,69,0.00012201476242613973
1,B_svc,2,0.18173278253922145,83,0.18049206410506405,WLS,69,0.0012407184341574062
2,UPFC_Vsh,5-15,1.1088914065090465,83,1.1087171548126495,WLS,69,0.00017425169639695426
3,UPFC_tsh,5-15,-0.2332056963772736,83,-0.23335359963122154,WLS,69,0.00014790325394795079
4,UPFC_Vse,5-15,0.06314701839073253,83,0.06278924275775702,WLS,69,0.00035777563297550996
5,UPFC_tse,5-15,-2.1849912135064145,83,-2.1617267210585682,WLS,69,0.02326449244784623
0,x_tcsc,1-14,-0.10958307887817278,84,-0.10971657447857194,WLS,69,0.0001334956003991583
1,B_svc,2,0.18119517313748035,84,0.18049206410506405,WLS,69,0.0007031090324162992
2,UPFC_Vsh,5-15,1.1087041648051719,84,1.1087171548126495,WLS,69,1.2990007477675647e-05
3,UPFC_tsh,5-15,-0.23323461952206057,84,-0.23335359963122154,WLS,69,0.00011898010916097657
4,UPFC_Vse,5-15,0.06339591005653973,84,0.06278924275775702,WLS,69,0.0006066672987827121
5,UPFC_tse,5-15,-2.181658170960483,84,-2.1617267210585682,WLS,69,0.019931449901914977
0,x_tcsc,1-14,-0.10960027287176886,85,-0.10971657447857194,WLS,69,0.00011630160680307922
1,B_svc,2,0.18138759584936257,85,0.18049206410506405,WLS,69,0.0008955317442985167
2,UPFC_Vsh,5-15,1.108696154656293,85,1.1087171548126495,WLS,69,2.1000156356532074e-05
3,UPFC_tsh,5-15,-0.23325360231807957,85,-0.23335359963122154,WLS,69,9.999731314197513e-05
4,UPFC_Vse,5-15,0.06267789593329379,85,0.06278924275775702,WLS,69,0.00011134682446323207
5,UPFC_tse,5-15,-2.183484291201316,85,-2.1617267210585682,WLS,69,0.021757570142747706
0,x_tcsc,1-14,-0.1095866600329242,86,-0.10971657447857194,WLS,69,0.00012991444564774968
1,B_svc,2,0.18143533291543443,86,0.18049206410506405,WLS,69,0.000943268810370379
2,UPFC_Vsh,5-15,1.108805258651847,86,1.1087171548126495,WLS,69,8.810383919755083e-05
3,UPFC_tsh,5-15,-0.23317889873125208,86,-0.23335359963122154,WLS,69,0.00017470089996945992
4,UPFC_Vse,5-15,0.06242638956381158,86,0.06278924275775702,WLS,69,0.00036285319394543936
5,UPFC_tse,5-15,-2.18413317739478,86,-2.1617267210585682,WLS,69,0.022406456336211633
0,x_tcsc,1-14,-0.10959124086243345,87,-0.10971657447857194,WLS,69,0.0001253336161384927
1,B_svc,2,0.18114680937783484,87,0.18049206410506405,WLS,69,0.0006547452727707903
2,UPFC_Vsh,5-15,1.1089887598579165,87,1.1087171548126495,WLS,69,0.00027160504526690943
3,UPFC_tsh,5-15,-0.23319094862163744,87,-0.23335359963122154,WLS,69,0.00016265100958409717
4,UPFC_Vse,5-15,0.06317989022765735,87,0.06278924275775702,WLS,69,0.00039064746990033483
5,UPFC_tse,5-15,-2.182338865842556,87,-2.1617267210585682,WLS,69,0.020612144783987763
0,x_tcsc,1-14,-0.10958721712328488,88,-0.10971657447857194,WLS,69,0.00012935735528706027
1,B_svc,2,0.18158514499021786,88,0.18049206410506405,WLS,69,0.0010930808851538076
2,UPFC_Vsh,5-15,1.1086173009342608,88,1.1087171548126495,WLS,69,9.985387838873372e-05
3,UPFC_tsh,5-15,-0.23316784072205304,88,-0.23335359963122154,WLS,69,0.00018575890916849858
4,UPFC_Vse,5-15,0.062479734729635326,88,0.06278924275775702,WLS,69,0.0003095080281216925
5,UPFC_tse,5-15,-2.180857524207949,88,-2.1617267210585682,WLS,69,0.01913080314938087
0,x_tcsc,1-14,-0.10959457233283268,89,-0.10971657447857194,WLS,69,0.00012200214573926393
1,B_svc,2,0.18116713156938097,89,0.18049206410506405,WLS,69,0.0006750674643169197
2,UPFC_Vsh,5-15,1.1086214352777297,89,1.1087171548126495,WLS,69,9.571953491982477e-05
3,UPFC_tsh,5-15,-0.2332158130211022,89,-0.23335359963122154,WLS,69,0.0001377866101193448
4,UPFC_Vse,5-15,0.06273857614487705,89,0.06278924275775702,WLS,69,5.066661287997376e-05
5,UPFC_tse,5-15,-2.1811956757277238,89,-2.1617267210585682,WLS,69,0.019468954669155547
0,x_tcsc,1-14,-0.1095809147444836,90,-0.10971657447857194,WLS,69,0.00013565973408834198
1,B_svc,2,0.18119189489498988,90,0.18049206410506405,WLS,69,0.0006998307899258316
2,UPFC_Vsh,5-15,1.1087632171215214,90,1.1087171548126495,WLS,69,4.606230887183038e-05
3,UPFC_tsh,5-15,-0.23322409741951283,90,-0.23335359963122154,WLS,69,0.00012950221170870968
4,UPFC_Vse,5-15,0.06291240821531412,90,0.06278924275775702,WLS,69,0.00012316545755709785
5,UPFC_tse,5-15,-2.182250614667706,90,-2.1617267210585682,WLS,69,0.020523893609137644
0,x_tcsc,1-14,-0.10958080380911768,91,-0.10971657447857194,WLS,69,0.0001357706694542632
1,B_svc,2,0.1817303562368806,91,0.18049206410506405,WLS,69,0.0012382921318165596
2,UPFC_Vsh,5-15,1.1088122801078786,91,1.1087171548126495,WLS,69,9.512529522903712e-05
3,UPFC_tsh,5-15,-0.23321558984097143,91,-0.23335359963122154,WLS,69,0.00013800979025010984
4,UPFC_Vse,5-15,0.06314036338233206,91,0.06278924275775702,WLS,69,0.0003511206245750409
5,UPFC_tse,5-15,-2.1789844637580704,91,-2.1617267210585682,WLS,69,0.0172577426995022
0,x_tcsc,1-14,-0.10957000329594775,92,-0.10971657447857194,WLS,69,0.00014657118262419166
1,B_svc,2,0.18145702051877052,92,0.18049206410506405,WLS,69,0.0009649564137064748
2,UPFC_Vsh,5-15,1.1089774407415025,92,1.1087171548126495,WLS,69,0.00026028592885296575
3,UPFC_tsh,5-15,-0.2331987798576868,92,-0.23335359963122154,WLS,69,0.00015481977353473675
4,UPFC_Vse,5-15,0.06325720341446787,92,0.06278924275775702,WLS,69,0.00046796065671085574
5,UPFC_tse,5-15,-2.1794330361448337,92,-2.1617267210585682,WLS,69,0.017706315086265523
0,x_tcsc,1-14,-0.10959188065557,93,-0.10971657447857194,WLS,69,0.00012469382300193954
1,B_svc,2,0.1809358213562579,93,0.18049206410506405,WLS,69,0.00044375725119386034
2,UPFC_Vsh,5-15,1.108593402495794,93,1.1087171548126495,WLS,69,0.0001237523168555743
3,UPFC_tsh,5-15,-0.23322423125205247,93,-0.23335359963122154,WLS,69,0.00012936837916907584
4,UPFC_Vse,5-15,0.06268151381656223,93,0.06278924275775702,WLS,69,0.00010772894119479015
5,UPFC_tse,5-15,-2.182960965118485,93,-2.1617267210585682,WLS,69,0.021234244059916918
0,x_tcsc,1-14,-0.10958132826050528,94,-0.10971657447857194,WLS,69,0.00013524621806666748
1,B_svc,2,0.18142046523833183,94,0.18049206410506405,WLS,69,0.0009284011332677811
2,UPFC_Vsh,5-15,1.108683638312614,94,1.1087171548126495,WLS,69,3.351650003557971e-05
3,UPFC_tsh,5-15,-0.23314889689813648,94,-0.23335359963122154,WLS,69,0.00020470273308506592
4,UPFC_Vse,5-15,0.06298134593502933,94,0.06278924275775702,WLS,69,0.00019210317727230697
5,UPFC_tse,5-15,-2.1812992686616046,94,-2.1617267210585682,WLS,69,0.019572547603036394
0,x_tcsc,1-14,-0.10957705612971536,95,-0.10971657447857194,WLS,69,0.00013951834885658765
1,B_svc,2,0.18153164578053888,95,0.18049206410506405,WLS,69,0.0010395816754748266
2,UPFC_Vsh,5-15,1.1085859213767855,95,1.1087171548126495,WLS,69,0.00013123343586407543
3,UPFC_tsh,5-15,-0.23328068957591624,95,-0.23335359963122154,WLS,69,7.291005530529748e-05
4,UPFC_Vse,5-15,0.06324381752692916,95,0.06278924275775702,WLS,69,0.0004545747691721419
5,UPFC_tse,5-15,-2.182473995527283,95,-2.1617267210585682,WLS,69,0.020747274468714938
0,x_tcsc,1-14,-0.10957246596479042,96,-0.10971657447857194,WLS,69,0.00014410851378152123
1,B_svc,2,0.1810921974769344,96,0.18049206410506405,WLS,69,0.0006001333718703428
2,UPFC_Vsh,5-15,1.1089528407275402,96,1.1087171548126495,WLS,69,0.00023568591489064872
3,UPFC_tsh,5-15,-0.23314845544708937,96,-0.23335359963122154,WLS,69,0.00020514418413217217
4,UPFC_Vse,5-15,0.06305686574378037,96,0.06278924275775702,WLS,69,0.0002676229860233553
5,UPFC_tse,5-15,-2.1813802460820657,96,-2.1617267210585682,WLS,69,0.019653525023497487
0,x_tcsc,1-14,-0.10958442010758199,97,-0.10971657447857194,WLS,69,0.00013215437098995642
1,B_svc,2,0.18143486330460623,97,0.18049206410506405,WLS,69,0.0009427991995421825
2,UPFC_Vsh,5-15,1.1090344925555844,97,1.1087171548126495,WLS,69,0.0003173377429348534
3,UPFC_tsh,5-15,-0.23324043901015168,97,-0.23335359963122154,WLS,69,0.00011316062106986324
4,UPFC_Vse,5-15,0.06348298022064847,97,0.06278924275775702,WLS,69,0.0006937374628914472
5,UPFC_tse,5-15,-2.183886187146133,97,-2.1617267210585682,WLS,69,0.022159466087564805
0,x_tcsc,1-14,-0.10958733233159883,98,-0.10971657447857194,WLS,69,0.00012924214697311587
1,B_svc,2,0.18148789888800734,98,0.18049206410506405,WLS,69,0.0009958347829432945
2,UPFC_Vsh,5-15,1.1084254930776958,98,1.1087171548126495,WLS,69,0.00029166173495376313
3,UPFC_tsh,5-15,-0.23317304261727212,98,-0.23335359963122154,WLS,69,0.0001805570139494228
4,UPFC_Vse,5-15,0.06298165736978728,98,0.06278924275775702,WLS,69,0.00019241461203026167
5,UPFC_tse,5-15,-2.184415780690344,98,-2.1617267210585682,WLS,69,0.0226890596317757
0,x_tcsc,1-14,-0.10960180945895247,99,-0.10971657447857194,WLS,69,0.0001147650196194755
1,B_svc,2,0.1813608811072687,99,0.18049206410506405,WLS,69,0.0008688170022046471
2,UPFC_Vsh,5-15,1.1086446075545007,99,1.1087171548126495,WLS,69,7.254725814886953e-05
3,UPFC_tsh,5-15,-0.2332088712307232,99,-0.23335359963122154,WLS,69,0.00014472840049833957
4,UPFC_Vse,5-15,0.06285966702625136,99,0.06278924275775702,WLS,69,7.042426849433736e-05
5,UPFC_tse,5-15,-2.1802960696538682,99,-2.1617267210585682,WLS,69,0.018569348595300017
0,x_tcsc,1-14,-0.1111449433557014,0,-0.11129447036771614,WLS,71,0.00014952701201474683
1,B_svc,2,0.18330916224680002,0,0.18295019278546595,WLS,71,0.0003589694613340688
2,UPFC_Vsh,5-15,1.1091563130568636,0,1.1082410611427627,WLS,71,0.0009152519141009119
3,UPFC_tsh,5-15,-0.2320154357870727,0,-0.23218607058732396,WLS,71,0.000170634800251257
4,UPFC_Vse,5-15,0.06258884993767048,0,0.061824962390014566,WLS,71,0.0007638875476559184
5,UPFC_tse,5-15,-2.182029669958204,0,-2.1562100234144017,WLS,71,0.02581964654380231
0,x_tcsc,1-14,-0.11114373045291824,1,-0.11129447036771614,WLS,71,0.00015073991479790105
1,B_svc,2,0.18342643955836063,1,0.18295019278546595,WLS,71,0.00047624677289467843
2,UPFC_Vsh,5-15,1.1088932956949868,1,1.1082410611427627,WLS,71,0.0006522345522241846
3,UPFC_tsh,5-15,-0.23201350067544943,1,-0.23218607058732396,WLS,71,0.00017256991187453163
4,UPFC_Vse,5-15,0.06288055618262456,1,0.061824962390014566,WLS,71,0.001055593792609992
5,UPFC_tse,5-15,-2.17961309964012,1,-2.1562100234144017,WLS,71,0.023403076225718245
0,x_tcsc,1-14,-0.11115087582363031,2,-0.11129447036771614,WLS,71,0.00014359454408582883
1,B_svc,2,0.1836038510793035,2,0.18295019278546595,WLS,71,0.000653658293837539
2,UPFC_Vsh,5-15,1.108789832616418,2,1.1082410611427627,WLS,71,0.0005487714736553961
3,UPFC_tsh,5-15,-0.23206530070159473,2,-0.23218607058732396,WLS,71,0.00012076988572923275
4,UPFC_Vse,5-15,0.06290004551525354,2,0.061824962390014566,WLS,71,0.0010750831252389695
5,UPFC_tse,5-15,-2.18296533548726,2,-2.1562100234144017,WLS,71,0.026755312072858306
0,x_tcsc,1-14,-0.1111489473202469,3,-0.11129447036771614,WLS,71,0.00014552304746924538
1,B_svc,2,0.18402038125813802,3,0.18295019278546595,WLS,71,0.0010701884726720678
2,UPFC_Vsh,5-15,1.1086334297739489,3,1.1082410611427627,WLS,71,0.0003923686311861907
3,UPFC_tsh,5-15,-0.23208861151033428,3,-0.23218607058732396,WLS,71,9.745907698968659e-05
4,UPFC_Vse,5-15,0.06329613734707204,3,0.061824962390014566,WLS,71,0.0014711749570574736
5,UPFC_tse,5-15,-2.1837562915172963,3,-2.1562100234144017,WLS,71,0.027546268102894622
0,x_tcsc,1-14,-0.11115331133916723,4,-0.11129447036771614,WLS,71,0.00014115902854891504
1,B_svc,2,0.18379087567422656,4,0.18295019278546595,WLS,71,0.0008406828887606022
2,UPFC_Vsh,5-15,1.1087964644861852,4,1.1082410611427627,WLS,71,0.0005554033434225225
3,UPFC_tsh,5-15,-0.23195346622081722,4,-0.23218607058732396,WLS,71,0.000232604366506739
4,UPFC_Vse,5-15,0.0623956213160704,4,0.061824962390014566,WLS,71,0.0005706589260558309
5,UPFC_tse,5-15,-2.1822062708103114,4,-2.1562100234144017,WLS,71,0.025996247395909666
0,x_tcsc,1-14,-0.11115316670050454,5,-0.11129447036771614,WLS,71,0.00014130366721160081
1,B_svc,2,0.18350445942505814,5,0.18295019278546595,WLS,71,0.0005542666395921825
2,UPFC_Vsh,5-15,1.1090521139285652,5,1.1082410611427627,WLS,71,0.0008110527858025129
3,UPFC_tsh,5-15,-0.23205190154128827,5,-0.23218607058732396,WLS,71,0.00013416904603569257
4,UPFC_Vse,5-15,0.06295534627516429,5,0.061824962390014566,WLS,71,0.001130383885149723
5,UPFC_tse,5-15,-2.1834061732155945,5,-2.1562100234144017,WLS,71,0.02719614980119278
0,x_tcsc,1-14,-0.11114722901110978,6,-0.11129447036771614,WLS,71,0.00014724135660636184
1,B_svc,2,0.18347261380710542,6,0.18295019278546595,WLS,71,0.0005224210216394631
2,UPFC_Vsh,5-15,1.108754597843047,6,1.1082410611427627,WLS,71,0.0005135367002844227
3,UPFC_tsh,5-15,-0.23211367560491922,6,-0.23218607058732396,WLS,71,7.239498240474429e-05
4,UPFC_Vse,5-15,0.06257631919493054,6,0.061824962390014566,WLS,71,0.0007513568049159688
5,UPFC_tse,5-15,-2.1843557795395863,6,-2.1562100234144017,WLS,71,0.02814575612518455
0,x_tcsc,1-14,-0.11114299604548585,7,-0.11129447036771614,WLS,71,0.00015147432223029667
1,B_svc,2,0.1837648699756141,7,0.18295019278546595,WLS,71,0.0008146771901481331
2,UPFC_Vsh,5-15,1.1087535146857077,7,1.1082410611427627,WLS,71,0.0005124535429450461
3,UPFC_tsh,5-15,-0.23205222586288288,7,-0.23218607058732396,WLS,71,0.00013384472444108453
4,UPFC_Vse,5-15,0.06262097768262519,7,0.061824962390014566,WLS,71,0.0007960152926106204
5,UPFC_tse,5-15,-2.1794561098406016,7,-2.1562100234144017,WLS,71,0.023246086426199852
0,x_tcsc,1-14,-0.11116379613013921,8,-0.11129447036771614,WLS,71,0.00013067423757692764
1,B_svc,2,0.18366073908057026,8,0.18295019278546595,WLS,71,0.0007105462951043084
2,UPFC_Vsh,5-15,1.1087931819094554,8,1.1082410611427627,WLS,71,0.0005521207666927541
3,UPFC_tsh,5-15,-0.23209128731384593,8,-0.23218607058732396,WLS,71,9.478327347803295e-05
4,UPFC_Vse,5-15,0.06309201562456987,8,0.061824962390014566,WLS,71,0.0012670532345553029
5,UPFC_tse,5-15,-2.1782194583447474,8,-2.1562100234144017,WLS,71,0.022009434930345684
0,x_tcsc,1-14,-0.11115520704005616,9,-0.11129447036771614,WLS,71,0.00013926332765998306
1,B_svc,2,0.18364016919370582,9,0.18295019278546595,WLS,71,0.0006899764082398674
2,UPFC_Vsh,5-15,1.1087326767671242,9,1.1082410611427627,WLS,71,0.0004916156243615077
3,UPFC_tsh,5-15,-0.23206460260287107,9,-0.23218607058732396,WLS,71,0.0001214679844528943
4,UPFC_Vse,5-15,0.06251608337476157,9,0.061824962390014566,WLS,71,0.0006911209847470026
5,UPFC_tse,5-15,-2.1826889117810278,9,-2.1562100234144017,WLS,71,0.02647888836662604
0,x_tcsc,1-14,-0.11114903796702075,10,-0.11129447036771614,WLS,71,0.00014543240069539443
1,B_svc,2,0.1836205905370435,10,0.18295019278546595,WLS,71,0.0006703977515775394
2,UPFC_Vsh,5-15,1.1088778022382928,10,1.1082410611427627,WLS,71,0.0006367410955301356
3,UPFC_tsh,5-15,-0.23201122242760572,10,-0.23218607058732396,WLS,71,0.00017484815971824386
4,UPFC_Vse,5-15,0.06292232602500882,10,0.061824962390014566,WLS,71,0.0010973636349942487
5,UPFC_tse,5-15,-2.178212047963352,10,-2.1562100234144017,WLS,71,0.022002024548950505
0,x_tcsc,1-14,-0.11115366630444816,11,-0.11129447036771614,WLS,71,0.00014080406326798245
1,B_svc,2,0.18406512598794583,11,0.18295019278546595,WLS,71,0.0011149332024798786
2,UPFC_Vsh,5-15,1.1084217218518462,11,1.1082410611427627,WLS,71,0.00018066070908351328
3,UPFC_tsh,5-15,-0.23206981353217612,11,-0.23218607058732396,WLS,71,0.00011625705514783924
4,UPFC_Vse,5-15,0.06299388813575957,11,0.061824962390014566,WLS,71,0.0011689257457450017
5,UPFC_tse,5-15,-2.181889686790642,11,-2.1562100234144017,WLS,71,0.02567966337624039
0,x_tcsc,1-14,-0.11114330993592095,12,-0.11129447036771614,WLS,71,0.00015116043179519423
1,B_svc,2,0.1834576983625696,12,0.18295019278546595,WLS,71,0.0005075055771036341
2,UPFC_Vsh,5-15,1.108414114911964,12,1.1082410611427627,WLS,71,0.00017305376920129234
3,UPFC_tsh,5-15,-0.23209949144319322,12,-0.23218607058732396,WLS,71,8.657914413073842e-05
4,UPFC_Vse,5-15,0.06351966269529626,12,0.061824962390014566,WLS,71,0.0016947003052816892
5,UPFC_tse,5-15,-2.1795716635494222,12,-2.1562100234144017,WLS,71,0.02336164013502051
0,x_tcsc,1-14,-0.11115477408552442,13,-0.11129447036771614,WLS,71,0.00013969628219172303
1,B_svc,2,0.18384202788442572,13,0.18295019278546595,WLS,71,0.0008918350989597645
2,UPFC_Vsh,5-15,1.1087673067329147,13,1.1082410611427627,WLS,71,0.0005262455901520191
3,UPFC_tsh,5-15,-0.23199411990842078,13,-0.23218607058732396,WLS,71,0.00019195067890317996
4,UPFC_Vse,5-15,0.06232342173222499,13,0.061824962390014566,WLS,71,0.0004984593422104264
5,UPFC_tse,5-15,-2.1862634045174127,13,-2.1562100234144017,WLS,71,0.030053381103011034
0,x_tcsc,1-14,-0.11114925898975297,14,-0.11129447036771614,WLS,71,0.00014521137796316697
1,B_svc,2,0.18345921210577693,14,0.18295019278546595,WLS,71,0.0005090193203109716
2,UPFC_Vsh,5-15,1.108775940471987,14,1.1082410611427627,WLS,71,0.0005348793292243581
3,UPFC_tsh,5-15,-0.23200407658267577,14,-0.23218607058732396,WLS,71,0.00018199400464818938
4,UPFC_Vse,5-15,0.0625939691863619,14,0.061824962390014566,WLS,71,0.000769006796347331
5,UPFC_tse,5-15,-2.1817430580019272,14,-2.1562100234144017,WLS,71,0.025533034587525538
0,x_tcsc,1-14,-0.11115119838429735,15,-0.11129447036771614,WLS,71,0.00014327198341879122
1,B_svc,2,0.18336483978405144,15,0.18295019278546595,WLS,71,0.0004146469985854828
2,UPFC_Vsh,5-15,1.1088659601427813,15,1.1082410611427627,WLS,71,0.0006248990000186083
3,UPFC_tsh,5-15,-0.23204988067264795,15,-0.23218607058732396,WLS,71,0.00013618991467601038
4,UPFC_Vse,5-15,0.06277943402665102,15,0.061824962390014566,WLS,71,0.0009544716366364572
5,UPFC_tse,5-15,-2.1799497476953738,15,-2.1562100234144017,WLS,71,0.02373972428097204
0,x_tcsc,1-14,-0.1111422280936529,16,-0.11129447036771614,WLS,71,0.0001522422740632412
1,B_svc,2,0.1837989097540932,16,0.18295019278546595,WLS,71,0.0008487169686272333
2,UPFC_Vsh,5-15,1.1088515165582864,16,1.1082410611427627,WLS,71,0.0006104554155237363
3,UPFC_tsh,5-15,-0.23210861330153285,16,-0.23218607058732396,WLS,71,7.745728579111599e-05
4,UPFC_Vse,5-15,0.0622259011394299,16,0.061824962390014566,WLS,71,0.00040093874941533186
5,UPFC_tse,5-15,-2.185547982801802,16,-2.1562100234144017,WLS,71,0.029337959387400137
0,x_tcsc,1-14,-0.11116144618790917,17,-0.11129447036771614,WLS,71,0.00013302417980697034
1,B_svc,2,0.18384820549425426,17,0.18295019278546595,WLS,71,0.0008980127087883094
2,UPFC_Vsh,5-15,1.1086765767149276,17,1.1082410611427627,WLS,71,0.000435515572164924
3,UPFC_tsh,5-15,-0.23204815383513175,17,-0.23218607058732396,WLS,71,0.0001379167521922131
4,UPFC_Vse,5-15,0.0633101502397175,17,0.061824962390014566,WLS,71,0.0014851878497029389
5,UPFC_tse,5-15,-2.1791450150918905,17,-2.1562100234144017,WLS,71,0.022934991677488803
0,x_tcsc,1-14,-0.11114657884184179,18,-0.11129447036771614,WLS,71,0.00014789152587435517
1,B_svc,2,0.18346057919387282,18,0.18295019278546595,WLS,71,0.0005103864084068654
2,UPFC_Vsh,5-15,1.1086598246867914,18,1.1082410611427627,WLS,71,0.00041876354402869964
3,UPFC_tsh,5-15,-0.2320450245425185,18,-0.23218607058732396,WLS,71,0.00014104604480547067
4,UPFC_Vse,5-15,0.06291985391347613,18,0.061824962390014566,WLS,71,0.0010948915234615594
5,UPFC_tse,5-15,-2.1821157572345777,18,-2.1562100234144017,WLS,71,0.025905733820176025
0,x_tcsc,1-14,-0.11115272695382267,19,-0.11129447036771614,WLS,71,0.00014174341389347478
1,B_svc,2,0.18324344427056166,19,0.18295019278546595,WLS,71,0.000293251485095708
2,UPFC_Vsh,5-15,1.1087551433400242,19,1.1082410611427627,WLS,71,0.0005140821972615672
3,UPFC_tsh,5-15,-0.23196827989375607,19,-0.23218607058732396,WLS,71,0.00021779069356789305
4,UPFC_Vse,5-15,0.06267932629445723,19,0.061824962390014566,WLS,71,0.0008543639044426635
5,UPFC_tse,5-15,-2.180814747807709,19,-2.1562100234144017,WLS,71,0.024604724393307187
0,x_tcsc,1-14,-0.1111400496999678,20,-0.11129447036771614,WLS,71,0.00015442066774834506
1,B_svc,2,0.18402569074365394,20,0.18295019278546595,WLS,71,0.001075497958187982
2,UPFC_Vsh,5-15,1.1087727544424606,20,1.1082410611427627,WLS,71,0.0005316932996979329
3,UPFC_tsh,5-15,-0.23202637290517797,20,-0.23218607058732396,WLS,71,0.00015969768214599278
4,UPFC_Vse,5-15,0.06239966609785855,20,0.061824962390014566,WLS,71,0.0005747037078439807
5,UPFC_tse,5-15,-2.183474818553959,20,-2.1562100234144017,WLS,71,0.027264795139557485
0,x_tcsc,1-14,-0.11115811468949763,21,-0.11129447036771614,WLS,71,0.0001363556782185138
1,B_svc,2,0.1840658907687408,21,0.18295019278546595,WLS,71,0.0011156979832748493
2,UPFC_Vsh,5-15,1.1091082912125068,21,1.1082410611427627,WLS,71,0.000867230069744096
3,UPFC_tsh,5-15,-0.23197180729638217,21,-0.23218607058732396,WLS,71,0.00021426329094179075
4,UPFC_Vse,5-15,0.0626676135515769,21,0.061824962390014566,WLS,71,0.0008426511615623397
5,UPFC_tse,5-15,-2.1831094266876274,21,-2.1562100234144017,WLS,71,0.026899403273225708
0,x_tcsc,1-14,-0.11115007934683002,22,-0.11129447036771614,WLS,71,0.00014439102088611988
1,B_svc,2,0.1833998404267999,22,0.18295019278546595,WLS,71,0.00044964764133395563
2,UPFC_Vsh,5-15,1.1087502029779233,22,1.1082410611427627,WLS,71,0.0005091418351605981
3,UPFC_tsh,5-15,-0.23208306858483754,22,-0.23218607058732396,WLS,71,0.00010300200248641866
4,UPFC_Vse,5-15,0.06273056472145788,22,0.061824962390014566,WLS,71,0.0009056023314433156
5,UPFC_tse,5-15,-2.1819469973268304,22,-2.1562100234144017,WLS,71,0.025736973912428684
0,x_tcsc,1-14,-0.11116509626912456,23,-0.11129447036771614,WLS,71,0.0001293740985915809
1,B_svc,2,0.18407248311981797,23,0.18295019278546595,WLS,71,0.0011222903343520163
2,UPFC_Vsh,5-15,1.1088970806972707,23,1.1082410611427627,WLS,71,0.0006560195545080028
3,UPFC_tsh,5-15,-0.2320384852716358,23,-0.23218607058732396,WLS,71,0.00014758531568814792
4,UPFC_Vse,5-15,0.06262460689407251,23,0.061824962390014566,WLS,71,0.0007996445040579434
5,UPFC_tse,5-15,-2.1831297401268253,23,-2.1562100234144017,WLS,71,0.026919716712423547
0,x_tcsc,1-14,-0.1111444417605308,24,-0.11129447036771614,WLS,71,0.00015002860718534017
1,B_svc,2,0.1840499094404036,24,0.18295019278546595,WLS,71,0.0010997166549376325
2,UPFC_Vsh,5-15,1.1088563159386131,24,1.1082410611427627,WLS,71,0.0006152547958504506
3,UPFC_tsh,5-15,-0.2320095262767058,24,-0.23218607058732396,WLS,71,0.00017654431061817077
4,UPFC_Vse,5-15,0.0629966400611755,24,0.061824962390014566,WLS,71,0.0011716776711609353
5,UPFC_tse,5-15,-2.1844974061702387,24,-2.1562100234144017,WLS,71,0.028287382755836976
0,x_tcsc,1-14,-0.11114709263554678,25,-0.11129447036771614,WLS,71,0.000147377732169357
1,B_svc,2,0.18407083316366613,25,0.18295019278546595,WLS,71,0.0011206403782001717
2,UPFC_Vsh,5-15,1.1091435742863545,25,1.1082410611427627,WLS,71,0.0009025131435917988
3,UPFC_tsh,5-15,-0.23199188126819836,25,-0.23218607058732396,WLS,71,0.00019418931912559834
4,UPFC_Vse,5-15,0.0624994973847069,25,0.061824962390014566,WLS,71,0.0006745349946923329
5,UPFC_tse,5-15,-2.1840080286217307,25,-2.1562100234144017,WLS,71,0.027798005207329002
0,x_tcsc,1-14,-0.11114489139258053,26,-0.11129447036771614,WLS,71,0.00014957897513560858
1,B_svc,2,0.18383781470584246,26,0.18295019278546595,WLS,71,0.0008876219203765023
2,UPFC_Vsh,5-15,1.1088568277948792,26,1.1082410611427627,WLS,71,0.0006157666521164895
3,UPFC_tsh,5-15,-0.232034437743185,26,-0.23218607058732396,WLS,71,0.00015163284413896583
4,UPFC_Vse,5-15,0.06252829196255386,26,0.061824962390014566,WLS,71,0.0007033295725392893
5,UPFC_tse,5-15,-2.1803645409899506,26,-2.1562100234144017,WLS,71,0.024154517575548873
0,x_tcsc,1-14,-0.11114333343648955,27,-0.11129447036771614,WLS,71,0.000151136931226592
1,B_svc,2,0.18367914484658093,27,0.18295019278546595,WLS,71,0.0007289520611149791
2,UPFC_Vsh,5-15,1.10841915528336,27,1.1082410611427627,WLS,71,0.0001780941405973291
3,UPFC_tsh,5-15,-0.23207204870633674,27,-0.23218607058732396,WLS,71,0.00011402188098721955
4,UPFC_Vse,5-15,0.06246244828581488,27,0.061824962390014566,WLS,71,0.000637485895800316
5,UPFC_tse,5-15,-2.1859760067677656,27,-2.1562100234144017,WLS,71,0.02976598335336389
0,x_tcsc,1-14,-0.1111424793031011,28,-0.11129447036771614,WLS,71,0.00015199106461503964
1,B_svc,2,0.18366760042943897,28,0.18295019278546595,WLS,71,0.000717407643973017
2,UPFC_Vsh,5-15,1.1087096712957771,28,1.1082410611427627,WLS,71,0.0004686101530144704
3,UPFC_tsh,5-15,-0.23205862739891986,28,-0.23218607058732396,WLS,71,0.00012744318840410274
4,UPFC_Vse,5-15,0.06278953852953548,28,0.061824962390014566,WLS,71,0.0009645761395209104
5,UPFC_tse,5-15,-2.182562522338825,28,-2.1562100234144017,WLS,71,0.026352498924423262
0,x_tcsc,1-14,-0.11115718553893134,29,-0.11129447036771614,WLS,71,0.00013728482878480608
1,B_svc,2,0.1837166898556236,29,0.18295019278546595,WLS,71,0.0007664970701576346
2,UPFC_Vsh,5-15,1.1084853308257452,29,1.1082410611427627,WLS,71,0.00024426968298252305
3,UPFC_tsh,5-15,-0.23208618443137427,29,-0.23218607058732396,WLS,71,9.988615594969108e-05
4,UPFC_Vse,5-15,0.06272334016797082,29,0.061824962390014566,WLS,71,0.0008983777779562538
5,UPFC_tse,5-15,-2.184159060175653,29,-2.1562100234144017,WLS,71,0.027949036761251378
0,x_tcsc,1-14,-0.11115454959461644,30,-0.11129447036771614,WLS,71,0.00013992077309969708
1,B_svc,2,0.1837780814111869,30,0.18295019278546595,WLS,71,0.0008278886257209461
2,UPFC_Vsh,5-15,1.1085789192002935,30,1.1082410611427627,WLS,71,0.00033785805753083764
3,UPFC_tsh,5-15,-0.2320555643215511,30,-0.23218607058732396,WLS,71,0.00013050626577285063
4,UPFC_Vse,5-15,0.06305554641235882,30,0.061824962390014566,WLS,71,0.0012305840223442513
5,UPFC_tse,5-15,-2.183128775445631,30,-2.1562100234144017,WLS,71,0.02691875203122951
0,x_tcsc,1-14,-0.1111514535086995,31,-0.11129447036771614,WLS,71,0.0001430168590166453
1,B_svc,2,0.18354263189884418,31,0.18295019278546595,WLS,71,0.0005924391133782236
2,UPFC_Vsh,5-15,1.1086136943848024,31,1.1082410611427627,WLS,71,0.0003726332420397327
3,UPFC_tsh,5-15,-0.23199696787865343,31,-0.23218607058732396,WLS,71,0.00018910270867053547
4,UPFC_Vse,5-15,0.06275568385597219,31,0.061824962390014566,WLS,71,0.0009307214659576221
5,UPFC_tse,5-15,-2.1840653549368265,31,-2.1562100234144017,WLS,71,0.02785533152242481
0,x_tcsc,1-14,-0.11114944928158704,32,-0.11129447036771614,WLS,71,0.00014502108612909903
1,B_svc,2,0.18379864074397093,32,0.18295019278546595,WLS,71,0.000848447958504972
2,UPFC_Vsh,5-15,1.1088879824402995,32,1.1082410611427627,WLS,71,0.000646921297536851
3,UPFC_tsh,5-15,-0.23201380074452152,32,-0.23218607058732396,WLS,71,0.00017226984280244162
4,UPFC_Vse,5-15,0.0627261242920645,32,0.061824962390014566,WLS,71,0.0009011619020499392
5,UPFC_tse,5-15,-2.181640052646961,32,-2.1562100234144017,WLS,71,0.025430029232559104
0,x_tcsc,1-14,-0.11114155883024308,33,-0.11129447036771614,WLS,71,0.00015291153747305775
1,B_svc,2,0.1834691697137038,33,0.18295019278546595,WLS,71,0.000518976928237852
2,UPFC_Vsh,5-15,1.1085840899208466,33,1.1082410611427627,WLS,71,0.0003430287780838981
3,UPFC_tsh,5-15,-0.232078015799503,33,-0.23218607058732396,WLS,71,0.00010805478782097144
4,UPFC_Vse,5-15,0.06253172860718659,33,0.061824962390014566,WLS,71,0.000706766217172021
5,UPFC_tse,5-15,-2.183271364162915,33,-2.1562100234144017,WLS,71,0.027061340748513185
0,x_tcsc,1-14,-0.11114188974736994,34,-0.11129447036771614,WLS,71,0.00015258062034620434
1,B_svc,2,0.18375126473220724,34,0.18295019278546595,WLS,71,0.000801071946741283
2,UPFC_Vsh,5-15,1.1088482540080364,34,1.1082410611427627,WLS,71,0.0006071928652737757
3,UPFC_tsh,5-15,-0.23203377111273815,34,-0.23218607058732396,WLS,71,0.00015229947458580972
4,UPFC_Vse,5-15,0.06304621870818261,34,0.061824962390014566,WLS,71,0.0012212563181680444
5,UPFC_tse,5-15,-2.178866615977046,34,-2.1562100234144017,WLS,71,0.022656592562644295
0,x_tcsc,1-14,-0.11113395255529106,35,-0.11129447036771614,WLS,71,0.00016051781242508445
1,B_svc,2,0.18397945208857996,35,0.18295019278546595,WLS,71,0.0010292593031140107
2,UPFC_Vsh,5-15,1.1087442692638663,35,1.1082410611427627,WLS,71,0.0005032081211036044
3,UPFC_tsh,5-15,-0.23201851126387316,35,-0.23218607058732396,WLS,71,0.00016755932345080549
4,UPFC_Vse,5-15,0.06295759197146862,35,0.061824962390014566,WLS,71,0.0011326295814540546
5,UPFC_tse,5-15,-2.181175475245214,35,-2.1562100234144017,WLS,71,0.024965451830812224
0,x_tcsc,1-14,-0.11114803744475296,36,-0.11129447036771614,WLS,71,0.00014643292296318
1,B_svc,2,0.18368173898498147,36,0.18295019278546595,WLS,71,0.0007315461995155148
2,UPFC_Vsh,5-15,1.1087795561319687,36,1.1082410611427627,WLS,71,0.0005384949892059954
3,UPFC_tsh,5-15,-0.23204151623893812,36,-0.23218607058732396,WLS,71,0.00014455434838583914
4,UPFC_Vse,5-15,0.06247315140792868,36,0.061824962390014566,WLS,71,0.000648189017914115
5,UPFC_tse,5-15,-2.1833383167503433,36,-2.1562100234144017,WLS,71,0.027128293335941578
0,x_tcsc,1-14,-0.11116153203984665,37,-0.11129447036771614,WLS,71,0.00013293832786949455
1,B_svc,2,0.18324582727658453,37,0.18295019278546595,WLS,71,0.0002956344911185793
2,UPFC_Vsh,5-15,1.109000333273976,37,1.1082410611427627,WLS,71,0.0007592721312132955
3,UPFC_tsh,5-15,-0.23205707441445766,37,-0.23218607058732396,WLS,71,0.00012899617286629694
4,UPFC_Vse,5-15,0.062380840147064145,37,0.061824962390014566,WLS,71,0.000555877757049579
5,UPFC_tse,5-15,-2.1846207733615146,37,-2.1562100234144017,WLS,71,0.0284107499471129
0,x_tcsc,1-14,-0.1111461814533783,38,-0.11129447036771614,WLS,71,0.00014828891433783797
1,B_svc,2,0.18301740109232134,38,0.18295019278546595,WLS,71,6.720830685538748e-05
2,UPFC_Vsh,5-15,1.1088402777981918,38,1.1082410611427627,WLS,71,0.0005992166554291689
3,UPFC_tsh,5-15,-0.23204926973808027,38,-0.23218607058732396,WLS,71,0.00013680084924369562
4,UPFC_Vse,5-15,0.06255095681206185,38,0.061824962390014566,WLS,71,0.0007259944220472866
5,UPFC_tse,5-15,-2.179801833566734,38,-2.1562100234144017,WLS,71,0.02359181015233247
0,x_tcsc,1-14,-0.11115604941278327,39,-0.11129447036771614,WLS,71,0.0001384209549328691
1,B_svc,2,0.183553600014038,39,0.18295019278546595,WLS,71,0.0006034072285720504
2,UPFC_Vsh,5-15,1.1087884121713063,39,1.1082410611427627,WLS,71,0.0005473510285436411
3,UPFC_tsh,5-15,-0.23199908743925018,39,-0.23218607058732396,WLS,71,0.00018698314807377714
4,UPFC_Vse,5-15,0.06260726498837274,39,0.061824962390014566,WLS,71,0.0007823025983581741
5,UPFC_tse,5-15,-2.1807341295590956,39,-2.1562100234144017,WLS,71,0.024524106144693913
0,x_tcsc,1-14,-0.11116138791764728,40,-0.11129447036771614,WLS,71,0.00013308245006886377
1,B_svc,2,0.1830778364945221,40,0.18295019278546595,WLS,71,0.00012764370905615774
2,UPFC_Vsh,5-15,1.1084961464488132,40,1.1082410611427627,WLS,71,0.000255085306050562
3,UPFC_tsh,5-15,-0.23205833040261975,40,-0.23218607058732396,WLS,71,0.00012774018470421145
4,UPFC_Vse,5-15,0.06280187700013665,40,0.061824962390014566,WLS,71,0.0009769146101220802
5,UPFC_tse,5-15,-2.1808807593299755,40,-2.1562100234144017,WLS,71,0.024670735915573783
0,x_tcsc,1-14,-0.11115647462043136,41,-0.11129447036771614,WLS,71,0.0001379957472847776
1,B_svc,2,0.1836851249274732,41,0.18295019278546595,WLS,71,0.000734932142007233
2,UPFC_Vsh,5-15,1.1092175675154772,41,1.1082410611427627,WLS,71,0.000976506372714514
3,UPFC_tsh,5-15,-0.2320045461537167,41,-0.23218607058732396,WLS,71,0.00018152443360724968
4,UPFC_Vse,5-15,0.06283888162117998,41,0.061824962390014566,WLS,71,0.0010139192311654152
5,UPFC_tse,5-15,-2.1825651250781077,41,-2.1562100234144017,WLS,71,0.026355101663706026
0,x_tcsc,1-14,-0.11113272984436952,42,-0.11129447036771614,WLS,71,0.00016174052334662348
1,B_svc,2,0.18356607205160808,42,0.18295019278546595,WLS,71,0.000615879266142122
2,UPFC_Vsh,5-15,1.1087633080546402,42,1.1082410611427627,WLS,71,0.0005222469118775219
3,UPFC_tsh,5-15,-0.2320243048734846,42,-0.23218607058732396,WLS,71,0.0001617657138393569
4,UPFC_Vse,5-15,0.06253960616840512,42,0.061824962390014566,WLS,71,0.0007146437783905543
5,UPFC_tse,5-15,-2.1822431365579296,42,-2.1562100234144017,WLS,71,0.026033113143527853
0,x_tcsc,1-14,-0.11114872628070563,43,-0.11129447036771614,WLS,71,0.0001457440870105131
1,B_svc,2,0.18356543314422763,43,0.18295019278546595,WLS,71,0.0006152403587616762
2,UPFC_Vsh,5-15,1.1090355263857252,43,1.1082410611427627,WLS,71,0.0007944652429625609
3,UPFC_tsh,5-15,-0.232018892011704,43,-0.23218607058732396,WLS,71,0.00016717857561995841
4,UPFC_Vse,5-15,0.06303426945060621,43,0.061824962390014566,WLS,71,0.0012093070605916426
5,UPFC_tse,5-15,-2.183823421152869,43,-2.1562100234144017,WLS,71,0.02761339773846716
0,x_tcsc,1-14,-0.111141888951166,44,-0.11129447036771614,WLS,71,0.00015258141655014046
1,B_svc,2,0.18411158597701696,44,0.18295019278546595,WLS,71,0.0011613931915510078
2,UPFC_Vsh,5-15,1.1085267863549066,44,1.1082410611427627,WLS,71,0.0002857252121439835
3,UPFC_tsh,5-15,-0.23205496668221134,44,-0.23218607058732396,WLS,71,0.00013110390511261727
4,UPFC_Vse,5-15,0.0634824477423385,44,0.061824962390014566,WLS,71,0.0016574853523239272
5,UPFC_tse,5-15,-2.179115688999255,44,-2.1562100234144017,WLS,71,0.022905665584853185
0,x_tcsc,1-14,-0.11114851789621472,45,-0.11129447036771614,WLS,71,0.00014595247150142598
1,B_svc,2,0.18391389283065335,45,0.18295019278546595,WLS,71,0.0009637000451873934
2,UPFC_Vsh,5-15,1.108900171616585,45,1.1082410611427627,WLS,71,0.0006591104738222775
3,UPFC_tsh,5-15,-0.2320509536696598,45,-0.23218607058732396,WLS,71,0.00013511691766415757
4,UPFC_Vse,5-15,0.06299403842466503,45,0.061824962390014566,WLS,71,0.0011690760346504611
5,UPFC_tse,5-15,-2.1830341319126205,45,-2.1562100234144017,WLS,71,0.026824108498218813
0,x_tcsc,1-14,-0.11114277481920631,46,-0.11129447036771614,WLS,71,0.00015169554850982814
1,B_svc,2,0.18364185292043844,46,0.18295019278546595,WLS,71,0.0006916601349724882
2,UPFC_Vsh,5-15,1.108639656299831,46,1.1082410611427627,WLS,71,0.0003985951570684154
3,UPFC_tsh,5-15,-0.23207078788738486,46,-0.23218607058732396,WLS,71,0.00011528269993910101
4,UPFC_Vse,5-15,0.06284134871265049,46,0.061824962390014566,WLS,71,0.001016386322635919
5,UPFC_tse,5-15,-2.180110998595276,46,-2.1562100234144017,WLS,71,0.023900975180874084
0,x_tcsc,1-14,-0.1111489016430774,47,-0.11129447036771614,WLS,71,0.0001455687246387366
1,B_svc,2,0.18336447546440782,47,0.18295019278546595,WLS,71,0.000414282678941863
2,UPFC_Vsh,5-15,1.1091338253303313,47,1.1082410611427627,WLS,71,0.0008927641875686732
3,UPFC_tsh,5-15,-0.23207806843993037,47,-0.23218607058732396,WLS,71,0.00010800214739359326
4,UPFC_Vse,5-15,0.06262498250817274,47,0.061824962390014566,WLS,71,0.0008000201181581693
5,UPFC_tse,5-15,-2.1847254573650448,47,-2.1562100234144017,WLS,71,0.028515433950643043
0,x_tcsc,1-14,-0.11114892657236919,48,-0.11129447036771614,WLS,71,0.00014554379534695294
1,B_svc,2,0.18359772599434532,48,0.18295019278546595,WLS,71,0.0006475332088793639
2,UPFC_Vsh,5-15,1.1087736267617312,48,1.1082410611427627,WLS,71,0.0005325656189685279
3,UPFC_tsh,5-15,-0.2320425459036,48,-0.23218607058732396,WLS,71,0.0001435246837239723
4,UPFC_Vse,5-15,0.06243786775721544,48,0.061824962390014566,WLS,71,0.0006129053672008708
5,UPFC_tse,5-15,-2.1831405954249576,48,-2.1562100234144017,WLS,71,0.02693057201055593
0,x_tcsc,1-14,-0.11116108037332494,49,-0.11129447036771614,WLS,71,0.0001333899943912059
1,B_svc,2,0.18418062882678035,49,0.18295019278546595,WLS,71,0.0012304360413143978
2,UPFC_Vsh,5-15,1.1083952593350492,49,1.1082410611427627,WLS,71,0.00015419819228656984
3,UPFC_tsh,5-15,-0.23210855677099307,49,-0.23218607058732396,WLS,71,7.751381633089305e-05
4,UPFC_Vse,5-15,0.06258161740049945,49,0.061824962390014566,WLS,71,0.0007566550104848788
5,UPFC_tse,5-15,-2.182312422323197,49,-2.1562100234144017,WLS,71,0.026102398908795177
0,x_tcsc,1-14,-0.11114639563099717,50,-0.11129447036771614,WLS,71,0.00014807473671897553
1,B_svc,2,0.18351965586092178,50,0.18295019278546595,WLS,71,0.0005694630754558283
2,UPFC_Vsh,5-15,1.1081389507978368,50,1.1082410611427627,WLS,71,0.00010211034492590976
3,UPFC_tsh,5-15,-0.232072224009254,50,-0.23218607058732396,WLS,71,0.0001138465780699538
4,UPFC_Vse,5-15,0.0630893201466338,50,0.061824962390014566,WLS,71,0.0012643577566192402
5,UPFC_tse,5-15,-2.182152495462582,50,-2.1562100234144017,WLS,71,0.025942472048180232
0,x_tcsc,1-14,-0.11115039088567154,51,-0.11129447036771614,WLS,71,0.00014407948204460397
1,B_svc,2,0.18378239299183624,51,0.18295019278546595,WLS,71,0.0008322002063702871
2,UPFC_Vsh,5-15,1.1088590844198625,51,1.1082410611427627,WLS,71,0.0006180232770998106
3,UPFC_tsh,5-15,-0.23202850809939518,51,-0.23218607058732396,WLS,71,0.0001575624879287807
4,UPFC_Vse,5-15,0.06291818259194983,51,0.061824962390014566,WLS,71,0.001093220201935259
5,UPFC_tse,5-15,-2.18256278433464,51,-2.1562100234144017,WLS,71,0.026352760920238083
0,x_tcsc,1-14,-0.11113813591600265,52,-0.11129447036771614,WLS,71,0.00015633445171349403
1,B_svc,2,0.1841161580418029,52,0.18295019278546595,WLS,71,0.0011659652563369427
2,UPFC_Vsh,5-15,1.1089280142479307,52,1.1082410611427627,WLS,71,0.0006869531051680866
3,UPFC_tsh,5-15,-0.2320653438453152,52,-0.23218607058732396,WLS,71,0.00012072674200877542
4,UPFC_Vse,5-15,0.06314670354978569,52,0.061824962390014566,WLS,71,0.0013217411597711212
5,UPFC_tse,5-15,-2.181192776638124,52,-2.1562100234144017,WLS,71,0.02498275322372212
0,x_tcsc,1-14,-0.11114856869322096,53,-0.11129447036771614,WLS,71,0.00014590167449518576
1,B_svc,2,0.18358463649922774,53,0.18295019278546595,WLS,71,0.0006344437137617842
2,UPFC_Vsh,5-15,1.1088960015434255,53,1.1082410611427627,WLS,71,0.000654940400662829
3,UPFC_tsh,5-15,-0.23206365624865236,53,-0.23218607058732396,WLS,71,0.0001224143386716059
4,UPFC_Vse,5-15,0.06269493277063583,53,0.061824962390014566,WLS,71,0.0008699703806212614
5,UPFC_tse,5-15,-2.1794727867270303,53,-2.1562100234144017,WLS,71,0.023262763312628554
0,x_tcsc,1-14,-0.1111646391384418,54,-0.11129447036771614,WLS,71,0.00012983122927434643
1,B_svc,2,0.18385543475043728,54,0.18295019278546595,WLS,71,0.0009052419649713261
2,UPFC_Vsh,5-15,1.1086521891860492,54,1.1082410611427627,WLS,71,0.00041112804328657937
3,UPFC_tsh,5-15,-0.23203195774532462,54,-0.23218607058732396,WLS,71,0.00015411284199934316
4,UPFC_Vse,5-15,0.06303187922254565,54,0.061824962390014566,WLS,71,0.0012069168325310811
5,UPFC_tse,5-15,-2.18161167349018,54,-2.1562100234144017,WLS,71,0.025401650075778104
0,x_tcsc,1-14,-0.111147558964295,55,-0.11129447036771614,WLS,71,0.00014691140342114328
1,B_svc,2,0.18412234080914514,55,0.18295019278546595,WLS,71,0.0011721480236791815
2,UPFC_Vsh,5-15,1.1089919492923477,55,1.1082410611427627,WLS,71,0.0007508881495850162
3,UPFC_tsh,5-15,-0.23203627418049022,55,-0.23218607058732396,WLS,71,0.00014979640683374096
4,UPFC_Vse,5-15,0.06327630300470802,55,0.061824962390014566,WLS,71,0.0014513406146934513
5,UPFC_tse,5-15,-2.1829254384364187,55,-2.1562100234144017,WLS,71,0.02671541502201702
0,x_tcsc,1-14,-0.11115204856667991,56,-0.11129447036771614,WLS,71,0.00014242180103622715
1,B_svc,2,0.1840955740462477,56,0.18295019278546595,WLS,71,0.0011453812607817582
2,UPFC_Vsh,5-15,1.1085526310911897,56,1.1082410611427627,WLS,71,0.00031156994842707064
3,UPFC_tsh,5-15,-0.23196902851927756,56,-0.23218607058732396,WLS,71,0.00021704206804640247
4,UPFC_Vse,5-15,0.06234772954138682,56,0.061824962390014566,WLS,71,0.0005227671513722554
5,UPFC_tse,5-15,-2.181777945910848,56,-2.1562100234144017,WLS,71,0.02556792249644646
0,x_tcsc,1-14,-0.11115497654354195,57,-0.11129447036771614,WLS,71,0.00013949382417419165
1,B_svc,2,0.1839828463798035,57,0.18295019278546595,WLS,71,0.0010326535943375459
2,UPFC_Vsh,5-15,1.1087279258134137,57,1.1082410611427627,WLS,71,0.000486864670651066
3,UPFC_tsh,5-15,-0.2319686456995389,57,-0.23218607058732396,WLS,71,0.00021742488778506153
4,UPFC_Vse,5-15,0.06239736036587426,57,0.061824962390014566,WLS,71,0.0005723979758596939
5,UPFC_tse,5-15,-2.1804077147644123,57,-2.1562100234144017,WLS,71,0.024197691350010597
0,x_tcsc,1-14,-0.11115204037007385,58,-0.11129447036771614,WLS,71,0.0001424299976422877
1,B_svc,2,0.18364581206751843,58,0.18295019278546595,WLS,71,0.0006956192820524731
2,UPFC_Vsh,5-15,1.108669042598858,58,1.1082410611427627,WLS,71,0.00042798145609523885
3,UPFC_tsh,5-15,-0.23200373029086402,58,-0.23218607058732396,WLS,71,0.00018234029645994299
4,UPFC_Vse,5-15,0.06287217605666467,58,0.061824962390014566,WLS,71,0.0010472136666501083
5,UPFC_tse,5-15,-2.1815914473593216,58,-2.1562100234144017,WLS,71,0.025381423944919934
0,x_tcsc,1-14,-0.11114572758997514,59,-0.11129447036771614,WLS,71,0.00014874277774100386
1,B_svc,2,0.18344476659620323,59,0.18295019278546595,WLS,71,0.000494573810737281
2,UPFC_Vsh,5-15,1.1089286050775602,59,1.1082410611427627,WLS,71,0.0006875439347975298
3,UPFC_tsh,5-15,-0.23198603969553624,59,-0.23218607058732396,WLS,71,0.00020003089178771694
4,UPFC_Vse,5-15,0.06272956692549272,59,0.061824962390014566,WLS,71,0.0009046045354781582
5,UPFC_tse,5-15,-2.182085660962181,59,-2.1562100234144017,WLS,71,0.025875637547779107
0,x_tcsc,1-14,-0.11113991646189171,60,-0.11129447036771614,WLS,71,0.00015455390582443107
1,B_svc,2,0.1841948133365995,60,0.18295019278546595,WLS,71,0.0012446205511335573
2,UPFC_Vsh,5-15,1.108665508611209,60,1.1082410611427627,WLS,71,0.00042444746844627623
3,UPFC_tsh,5-15,-0.23202671095782273,60,-0.23218607058732396,WLS,71,0.00015935962950122673
4,UPFC_Vse,5-15,0.0625199419525085,60,0.061824962390014566,WLS,71,0.0006949795624939317
5,UPFC_tse,5-15,-2.1832717254991425,60,-2.1562100234144017,WLS,71,0.02706170208474079
0,x_tcsc,1-14,-0.11114877908021423,61,-0.11129447036771614,WLS,71,0.0001456912875019145
1,B_svc,2,0.18359401876357948,61,0.18295019278546595,WLS,71,0.0006438259781135214
2,UPFC_Vsh,5-15,1.1086859209261208,61,1.1082410611427627,WLS,71,0.0004448597833581758
3,UPFC_tsh,5-15,-0.23203547553337187,61,-0.23218607058732396,WLS,71,0.00015059505395209616
4,UPFC_Vse,5-15,0.06307622200415335,61,0.061824962390014566,WLS,71,0.0012512596141387791
5,UPFC_tse,5-15,-2.1807507906818144,61,-2.1562100234144017,WLS,71,0.024540767267412722
0,x_tcsc,1-14,-0.11115881101780417,62,-0.11129447036771614,WLS,71,0.0001356593499119707
1,B_svc,2,0.18337024523869463,62,0.18295019278546595,WLS,71,0.0004200524532286809
2,UPFC_Vsh,5-15,1.1089311637831054,62,1.1082410611427627,WLS,71,0.000690102640342749
3,UPFC_tsh,5-15,-0.23199896166291462,62,-0.23218607058732396,WLS,71,0.000187108924409346
4,UPFC_Vse,5-15,0.062441175212386235,62,0.061824962390014566,WLS,71,0.0006162128223716687
5,UPFC_tse,5-15,-2.1853370964812338,62,-2.1562100234144017,WLS,71,0.029127073066832043
0,x_tcsc,1-14,-0.11114844026730573,63,-0.11129447036771614,WLS,71,0.00014603010041040754
1,B_svc,2,0.18334983021460652,63,0.18295019278546595,WLS,71,0.00039963742914056466
2,UPFC_Vsh,5-15,1.1089123127574203,63,1.1082410611427627,WLS,71,0.0006712516146576419
3,UPFC_tsh,5-15,-0.23203511161205856,63,-0.23218607058732396,WLS,71,0.0001509589752654028
4,UPFC_Vse,5-15,0.06234992287440226,63,0.061824962390014566,WLS,71,0.0005249604843876945
5,UPFC_tse,5-15,-2.182241096740878,63,-2.1562100234144017,WLS,71,0.02603107332647614
0,x_tcsc,1-14,-0.11114417947449527,64,-0.11129447036771614,WLS,71,0.00015029089322086964
1,B_svc,2,0.18364712976846406,64,0.18295019278546595,WLS,71,0.0006969369829981087
2,UPFC_Vsh,5-15,1.108450748160845,64,1.1082410611427627,WLS,71,0.00020968701808232737
3,UPFC_tsh,5-15,-0.2320265103546014,64,-0.23218607058732396,WLS,71,0.00015956023272256648
4,UPFC_Vse,5-15,0.06266402983181775,64,0.061824962390014566,WLS,71,0.0008390674418031832
5,UPFC_tse,5-15,-2.1829267076263315,64,-2.1562100234144017,WLS,71,0.026716684211929742
0,x_tcsc,1-14,-0.11113716711239442,65,-0.11129447036771614,WLS,71,0.00015730325532171963
1,B_svc,2,0.1840464095086464,65,0.18295019278546595,WLS,71,0.0010962167231804432
2,UPFC_Vsh,5-15,1.108863061360123,65,1.1082410611427627,WLS,71,0.0006220002173602523
3,UPFC_tsh,5-15,-0.23199596255049704,65,-0.23218607058732396,WLS,71,0.0001901080368269248
4,UPFC_Vse,5-15,0.06264939554621235,65,0.061824962390014566,WLS,71,0.0008244331561977833
5,UPFC_tse,5-15,-2.1855924719297124,65,-2.1562100234144017,WLS,71,0.02938244851531069
0,x_tcsc,1-14,-0.11114376056305575,66,-0.11129447036771614,WLS,71,0.00015070980466039274
1,B_svc,2,0.183930974752045,66,0.18295019278546595,WLS,71,0.000980781966579053
2,UPFC_Vsh,5-15,1.108361277357147,66,1.1082410611427627,WLS,71,0.00012021621438429442
3,UPFC_tsh,5-15,-0.23201866851842662,66,-0.23218607058732396,WLS,71,0.00016740206889734321
4,UPFC_Vse,5-15,0.06288708965569005,66,0.061824962390014566,WLS,71,0.0010621272656754846
5,UPFC_tse,5-15,-2.1805389226370773,66,-2.1562100234144017,WLS,71,0.02432889922267556
0,x_tcsc,1-14,-0.11114299167690798,67,-0.11129447036771614,WLS,71,0.00015147869080815723
1,B_svc,2,0.18381250388992498,67,0.18295019278546595,WLS,71,0.0008623111044590293
2,UPFC_Vsh,5-15,1.1087556994504966,67,1.1082410611427627,WLS,71,0.0005146383077339056
3,UPFC_tsh,5-15,-0.23206072300384817,67,-0.23218607058732396,WLS,71,0.00012534758347579333
4,UPFC_Vse,5-15,0.06286553608427062,67,0.061824962390014566,WLS,71,0.0010405736942560515
5,UPFC_tse,5-15,-2.181416486041687,67,-2.1562100234144017,WLS,71,0.02520646262728521
0,x_tcsc,1-14,-0.11115847203958173,68,-0.11129447036771614,WLS,71,0.00013599832813440682
1,B_svc,2,0.18390698003030012,68,0.18295019278546595,WLS,71,0.0009567872448341674
2,UPFC_Vsh,5-15,1.1088356097731575,68,1.1082410611427627,WLS,71,0.0005945486303948755
3,UPFC_tsh,5-15,-0.23191199080538857,68,-0.23218607058732396,WLS,71,0.00027407978193538796
4,UPFC_Vse,5-15,0.062110410657052986,68,0.061824962390014566,WLS,71,0.0002854482670384198
5,UPFC_tse,5-15,-2.1817697885806733,68,-2.1562100234144017,WLS,71,0.025559765166271564
0,x_tcsc,1-14,-0.11115196302015588,69,-0.11129447036771614,WLS,71,0.0001425073475602584
1,B_svc,2,0.18356671770290092,69,0.18295019278546595,WLS,71,0.0006165249174349685
2,UPFC_Vsh,5-15,1.108567400775006,69,1.1082410611427627,WLS,71,0.00032633963224326656
3,UPFC_tsh,5-15,-0.2320132457190922,69,-0.23218607058732396,WLS,71,0.00017282486823175236
4,UPFC_Vse,5-15,0.06210962202308123,69,0.061824962390014566,WLS,71,0.0002846596330666612
5,UPFC_tse,5-15,-2.1837498949128804,69,-2.1562100234144017,WLS,71,0.027539871498478696
0,x_tcsc,1-14,-0.11115401859704874,70,-0.11129447036771614,WLS,71,0.00014045177066740466
1,B_svc,2,0.1832584343968677,70,0.18295019278546595,WLS,71,0.00030824161140174944
2,UPFC_Vsh,5-15,1.1085676311164359,70,1.1082410611427627,WLS,71,0.0003265699736731964
3,UPFC_tsh,5-15,-0.23199859740873566,70,-0.23218607058732396,WLS,71,0.00018747317858830437
4,UPFC_Vse,5-15,0.062478779026628545,70,0.061824962390014566,WLS,71,0.0006538166366139783
5,UPFC_tse,5-15,-2.182045137355909,70,-2.1562100234144017,WLS,71,0.02583511394150717
0,x_tcsc,1-14,-0.11114750110043899,71,-0.11129447036771614,WLS,71,0.00014696926727715554
1,B_svc,2,0.18380022146304967,71,0.18295019278546595,WLS,71,0.000850028677583714
2,UPFC_Vsh,5-15,1.108919947766549,71,1.1082410611427627,WLS,71,0.0006788866237863456
3,UPFC_tsh,5-15,-0.23207276785145362,71,-0.23218607058732396,WLS,71,0.00011330273587034645
4,UPFC_Vse,5-15,0.06320340390795166,71,0.061824962390014566,WLS,71,0.001378441517937097
5,UPFC_tse,5-15,-2.177859369753577,71,-2.1562100234144017,WLS,71,0.021649346339175146
0,x_tcsc,1-14,-0.11114743935930523,72,-0.11129447036771614,WLS,71,0.00014703100841091665
1,B_svc,2,0.18333871999731488,72,0.18295019278546595,WLS,71,0.0003885272118489269
2,UPFC_Vsh,5-15,1.1090507128393172,72,1.1082410611427627,WLS,71,0.0008096516965545586
3,UPFC_tsh,5-15,-0.23204117902942487,72,-0.23218607058732396,WLS,71,0.00014489155789909614
4,UPFC_Vse,5-15,0.06266546982252628,72,0.061824962390014566,WLS,71,0.0008405074325117182
5,UPFC_tse,5-15,-2.182725383726299,72,-2.1562100234144017,WLS,71,0.026515360311897496
0,x_tcsc,1-14,-0.11115661532330957,73,-0.11129447036771614,WLS,71,0.00013785504440656793
1,B_svc,2,0.18415915570994726,73,0.18295019278546595,WLS,71,0.001208962924481305
2,UPFC_Vsh,5-15,1.1092663440430588,73,1.1082410611427627,WLS,71,0.0010252829002961317
3,UPFC_tsh,5-15,-0.2320050084669303,73,-0.23218607058732396,WLS,71,0.0001810621203936491
4,UPFC_Vse,5-15,0.06273316485636779,73,0.061824962390014566,WLS,71,0.0009082024663532237
5,UPFC_tse,5-15,-2.182165765875378,73,-2.1562100234144017,WLS,71,0.025955742460976428
0,x_tcsc,1-14,-0.11113602138843474,74,-0.11129447036771614,WLS,71,0.00015844897928139756
1,B_svc,2,0.18412406409427212,74,0.18295019278546595,WLS,71,0.001173871308806168
2,UPFC_Vsh,5-15,1.108327921125847,74,1.1082410611427627,WLS,71,8.685998308433085e-05
3,UPFC_tsh,5-15,-0.23207318667467614,74,-0.23218607058732396,WLS,71,0.00011288391264782649
4,UPFC_Vse,5-15,0.0626127394476722,74,0.061824962390014566,WLS,71,0.000787777057657639
5,UPFC_tse,5-15,-2.1842403830574053,74,-2.1562100234144017,WLS,71,0.0280303596430036
0,x_tcsc,1-14,-0.1111603666859277,75,-0.11129447036771614,WLS,71,0.00013410368178844168
1,B_svc,2,0.18401521585146524,75,0.18295019278546595,WLS,71,0.0010650230659992876
2,UPFC_Vsh,5-15,1.1088976184862773,75,1.1082410611427627,WLS,71,0.0006565573435146632
3,UPFC_tsh,5-15,-0.2320560380479299,75,-0.23218607058732396,WLS,71,0.00013003253939405934
4,UPFC_Vse,5-15,0.06271845730259476,75,0.061824962390014566,WLS,71,0.0008934949125801936
5,UPFC_tse,5-15,-2.184402276558896,75,-2.1562100234144017,WLS,71,0.028192253144494472
0,x_tcsc,1-14,-0.11115249154700844,76,-0.11129447036771614,WLS,71,0.00014197882070769718
1,B_svc,2,0.18442200014502605,76,0.18295019278546595,WLS,71,0.0014718073595600956
2,UPFC_Vsh,5-15,1.108751337935977,76,1.1082410611427627,WLS,71,0.0005102767932143593
3,UPFC_tsh,5-15,-0.23204268655416393,76,-0.23218607058732396,WLS,71,0.00014338403316002668
4,UPFC_Vse,5-15,0.06248073633577156,76,0.061824962390014566,WLS,71,0.0006557739457569919
5,UPFC_tse,5-15,-2.179724263633703,76,-2.1562100234144017,WLS,71,0.023514240219301374
0,x_tcsc,1-14,-0.1111425371676229,77,-0.11129447036771614,WLS,71,0.00015193320009324052
1,B_svc,2,0.1833577723150134,77,0.18295019278546595,WLS,71,0.0004075795295474527
2,UPFC_Vsh,5-15,1.1089035184114042,77,1.1082410611427627,WLS,71,0.0006624572686415586
3,UPFC_tsh,5-15,-0.2319867482372922,77,-0.23218607058732396,WLS,71,0.00019932235003175536
4,UPFC_Vse,5-15,0.06304205464929499,77,0.061824962390014566,WLS,71,0.0012170922592804265
5,UPFC_tse,5-15,-2.180790281016231,77,-2.1562100234144017,WLS,71,0.02458025760182947
0,x_tcsc,1-14,-0.11115320549685753,78,-0.11129447036771614,WLS,71,0.0001412648708586095
1,B_svc,2,0.18342437229149602,78,0.18295019278546595,WLS,71,0.0004741795060300702
2,UPFC_Vsh,5-15,1.1085735405811754,78,1.1082410611427627,WLS,71,0.0003324794384127472
3,UPFC_tsh,5-15,-0.23205687394923658,78,-0.23218607058732396,WLS,71,0.00012919663808738657
4,UPFC_Vse,5-15,0.06302636979930641,78,0.061824962390014566,WLS,71,0.001201407409291845
5,UPFC_tse,5-15,-2.1806221551668004,78,-2.1562100234144017,WLS,71,0.024412131752398647
0,x_tcsc,1-14,-0.11114724407892893,79,-0.11129447036771614,WLS,71,0.00014722628878721666
1,B_svc,2,0.1840689744442421,79,0.18295019278546595,WLS,71,0.0011187816587761579
2,UPFC_Vsh,5-15,1.1085260125040153,79,1.1082410611427627,WLS,71,0.00028495136125261666
3,UPFC_tsh,5-15,-0.23205912730142564,79,-0.23218607058732396,WLS,71,0.00012694328589832327
4,UPFC_Vse,5-15,0.062324682415916655,79,0.061824962390014566,WLS,71,0.0004997200259020881
5,UPFC_tse,5-15,-2.1815107703255405,79,-2.1562100234144017,WLS,71,0.025300746911138816
0,x_tcsc,1-14,-0.1111468982068155,80,-0.11129447036771614,WLS,71,0.00014757216090063863
1,B_svc,2,0.18409409040240646,80,0.18295019278546595,WLS,71,0.0011438976169405035
2,UPFC_Vsh,5-15,1.1091535843312796,80,1.1082410611427627,WLS,71,0.0009125231885169782
3,UPFC_tsh,5-15,-0.23204605546697002,80,-0.23218607058732396,WLS,71,0.00014001512035394237
4,UPFC_Vse,5-15,0.06272638894351831,80,0.061824962390014566,WLS,71,0.0009014265535037466
5,UPFC_tse,5-15,-2.185042726560395,80,-2.1562100234144017,WLS,71,0.0288327031459934
0,x_tcsc,1-14,-0.11113980424781429,81,-0.11129447036771614,WLS,71,0.00015466611990185009
1,B_svc,2,0.1837623622908625,81,0.18295019278546595,WLS,71,0.0008121695053965594
2,UPFC_Vsh,5-15,1.1086059061592735,81,1.1082410611427627,WLS,71,0.00036484501651079526
3,UPFC_tsh,5-15,-0.2319861061712132,81,-0.23218607058732396,WLS,71,0.00019996441611075388
4,UPFC_Vse,5-15,0.06210467131188523,81,0.061824962390014566,WLS,71,0.00027970892187066665
5,UPFC_tse,5-15,-2.1844903320124427,81,-2.1562100234144017,WLS,71,0.028280308598040982
0,x_tcsc,1-14,-0.11115176336147858,82,-0.11129447036771614,WLS,71,0.00014270700623755794
1,B_svc,2,0.18413476527939035,82,0.18295019278546595,WLS,71,0.0011845724939243962
2,UPFC_Vsh,5-15,1.108702758266286,82,1.1082410611427627,WLS,71,0.00046169712352339687
3,UPFC_tsh,5-15,-0.23211213364701022,82,-0.23218607058732396,WLS,71,7.393694031374021e-05
4,UPFC_Vse,5-15,0.06323861890277496,82,0.061824962390014566,WLS,71,0.0014136565127603959
5,UPFC_tse,5-15,-2.1808841566075587,82,-2.1562100234144017,WLS,71,0.024674133193157033
0,x_tcsc,1-14,-0.11114976083645114,83,-0.11129447036771614,WLS,71,0.00014470953126499708
1,B_svc,2,0.18430219695187772,83,0.18295019278546595,WLS,71,0.0013520041664117632
2,UPFC_Vsh,5-15,1.1089431173692486,83,1.1082410611427627,WLS,71,0.0007020562264858921
3,UPFC_tsh,5-15,-0.23206882041813048,83,-0.23218607058732396,WLS,71,0.00011725016919347797
4,UPFC_Vse,5-15,0.06273153886096947,83,0.061824962390014566,WLS,71,0.0009065764709548993
5,UPFC_tse,5-15,-2.1855600997113966,83,-2.1562100234144017,WLS,71,0.02935007629699493
0,x_tcsc,1-14,-0.11115980457423015,84,-0.11129447036771614,WLS,71,0.00013466579348599128
1,B_svc,2,0.18365680298714748,84,0.18295019278546595,WLS,71,0.000706610201681529
2,UPFC_Vsh,5-15,1.1089001149484696,84,1.1082410611427627,WLS,71,0.0006590538057069661
3,UPFC_tsh,5-15,-0.23204161358163206,84,-0.23218607058732396,WLS,71,0.0001444570056919059
4,UPFC_Vse,5-15,0.06293640270787298,84,0.061824962390014566,WLS,71,0.0011114403178584184
5,UPFC_tse,5-15,-2.1819348822343203,84,-2.1562100234144017,WLS,71,0.025724858819918595
0,x_tcsc,1-14,-0.1111574900805821,85,-0.11129447036771614,WLS,71,0.00013698028713404753
1,B_svc,2,0.1839453902744908,85,0.18295019278546595,WLS,71,0.0009951974890248516
2,UPFC_Vsh,5-15,1.1085989166017602,85,1.1082410611427627,WLS,71,0.0003578554589975802
3,UPFC_tsh,5-15,-0.2319931163984128,85,-0.23218607058732396,WLS,71,0.00019295418891115967
4,UPFC_Vse,5-15,0.06234573870583756,85,0.061824962390014566,WLS,71,0.0005207763158229933
5,UPFC_tse,5-15,-2.1843187878216668,85,-2.1562100234144017,WLS,71,0.028108764407265063
0,x_tcsc,1-14,-0.11115690191121583,86,-0.11129447036771614,WLS,71,0.00013756845650031435
1,B_svc,2,0.18400280732163188,86,0.18295019278546595,WLS,71,0.0010526145361659245
2,UPFC_Vsh,5-15,1.109116474248245,86,1.1082410611427627,WLS,71,0.0008754131054824477
3,UPFC_tsh,5-15,-0.23199433309395776,86,-0.23218607058732396,WLS,71,0.00019173749336620638
4,UPFC_Vse,5-15,0.06222510582791979,86,0.061824962390014566,WLS,71,0.0004001434379052246
5,UPFC_tse,5-15,-2.1833731480070897,86,-2.1562100234144017,WLS,71,0.027163124592687993
0,x_tcsc,1-14,-0.11115171447006733,87,-0.11129447036771614,WLS,71,0.0001427558976488108
1,B_svc,2,0.18366553246037465,87,0.18295019278546595,WLS,71,0.0007153396749086938
2,UPFC_Vsh,5-15,1.1086936631110365,87,1.1082410611427627,WLS,71,0.0004526019682737914
3,UPFC_tsh,5-15,-0.23205052736685122,87,-0.23218607058732396,WLS,71,0.00013554322047273915
4,UPFC_Vse,5-15,0.06303893556990353,87,0.061824962390014566,WLS,71,0.001213973179888965
5,UPFC_tse,5-15,-2.182509586571379,87,-2.1562100234144017,WLS,71,0.026299563156977346
0,x_tcsc,1-14,-0.11113572683692667,88,-0.11129447036771614,WLS,71,0.0001587435307894708
1,B_svc,2,0.1840234957540632,88,0.18295019278546595,WLS,71,0.0010733029685972562
2,UPFC_Vsh,5-15,1.1086329918109252,88,1.1082410611427627,WLS,71,0.0003919306681625656
3,UPFC_tsh,5-15,-0.23196874774012932,88,-0.23218607058732396,WLS,71,0.0002173228471946398
4,UPFC_Vse,5-15,0.06222565735904875,88,0.061824962390014566,WLS,71,0.0004006949690341863
5,UPFC_tse,5-15,-2.181093777911563,88,-2.1562100234144017,WLS,71,0.02488375449716118
0,x_tcsc,1-14,-0.11115567027922084,89,-0.11129447036771614,WLS,71,0.0001388000884953028
1,B_svc,2,0.18356749248625098,89,0.18295019278546595,WLS,71,0.0006172997007850289
2,UPFC_Vsh,5-15,1.1086621974206723,89,1.1082410611427627,WLS,71,0.0004211362779096284
3,UPFC_tsh,5-15,-0.23200079438873658,89,-0.23218607058732396,WLS,71,0.00018527619858738076
4,UPFC_Vse,5-15,0.062375596784285996,89,0.061824962390014566,WLS,71,0.0005506343942714292
5,UPFC_tse,5-15,-2.181840516715966,89,-2.1562100234144017,WLS,71,0.025630493301564083
0,x_tcsc,1-14,-0.11115245364576343,90,-0.11129447036771614,WLS,71,0.00014201672195271464
1,B_svc,2,0.1836432331586441,90,0.18295019278546595,WLS,71,0.0006930403731781332
2,UPFC_Vsh,5-15,1.108832965903808,90,1.1082410611427627,WLS,71,0.0005919047610454253
3,UPFC_tsh,5-15,-0.23211465147961763,90,-0.23218607058732396,WLS,71,7.141910770633308e-05
4,UPFC_Vse,5-15,0.06272706786382648,90,0.061824962390014566,WLS,71,0.0009021054738119136
5,UPFC_tse,5-15,-2.1823354211432626,90,-2.1562100234144017,WLS,71,0.02612539772886091
0,x_tcsc,1-14,-0.11114517774279765,91,-0.11129447036771614,WLS,71,0.00014929262491848727
1,B_svc,2,0.18421928383291006,91,0.18295019278546595,WLS,71,0.0012690910474441042
2,UPFC_Vsh,5-15,1.1087906144544148,91,1.1082410611427627,WLS,71,0.0005495533116521845
3,UPFC_tsh,5-15,-0.23203987020435538,91,-0.23218607058732396,WLS,71,0.0001462003829685865
4,UPFC_Vse,5-15,0.06289379303518491,91,0.061824962390014566,WLS,71,0.0010688306451703475
5,UPFC_tse,5-15,-2.1788929558296477,91,-2.1562100234144017,WLS,71,0.022682932415245993
0,x_tcsc,1-14,-0.11114725160968883,92,-0.11129447036771614,WLS,71,0.0001472187580273121
1,B_svc,2,0.18396537187069215,92,0.18295019278546595,WLS,71,0.0010151790852261922
2,UPFC_Vsh,5-15,1.1086926628963758,92,1.1082410611427627,WLS,71,0.00045160175361314003
3,UPFC_tsh,5-15,-0.2319869143988477,92,-0.23218607058732396,WLS,71,0.00019915618847626826
4,UPFC_Vse,5-15,0.06306843775054108,92,0.061824962390014566,WLS,71,0.0012434753605265123
5,UPFC_tse,5-15,-2.1796650304625507,92,-2.1562100234144017,WLS,71,0.023455007048148957
0,x_tcsc,1-14,-0.11113841252216297,93,-0.11129447036771614,WLS,71,0.00015605784555317026
1,B_svc,2,0.1833931249170378,93,0.18295019278546595,WLS,71,0.00044293213157184375
2,UPFC_Vsh,5-15,1.1090373134936766,93,1.1082410611427627,WLS,71,0.0007962523509139618
3,UPFC_tsh,5-15,-0.2319926098746941,93,-0.23218607058732396,WLS,71,0.00019346071262985043
4,UPFC_Vse,5-15,0.06233904258145521,93,0.061824962390014566,WLS,71,0.0005140801914406412
5,UPFC_tse,5-15,-2.182764890978348,93,-2.1562100234144017,WLS,71,0.026554867563946427
0,x_tcsc,1-14,-0.1111407450766477,94,-0.11129447036771614,WLS,71,0.00015372529106844057
1,B_svc,2,0.18393220238413452,94,0.18295019278546595,WLS,71,0.000982009598668565
2,UPFC_Vsh,5-15,1.1083927884828708,94,1.1082410611427627,WLS,71,0.00015172734010815425
3,UPFC_tsh,5-15,-0.23206868871148628,94,-0.23218607058732396,WLS,71,0.0001173818758376799
4,UPFC_Vse,5-15,0.06293451340559238,94,0.061824962390014566,WLS,71,0.0011095510155778102
5,UPFC_tse,5-15,-2.180723369153464,94,-2.1562100234144017,WLS,71,0.024513345739062498
0,x_tcsc,1-14,-0.1111518119003061,95,-0.11129447036771614,WLS,71,0.00014265846741004506
1,B_svc,2,0.18396613894388394,95,0.18295019278546595,WLS,71,0.0010159461584179907
2,UPFC_Vsh,5-15,1.108914929677613,95,1.1082410611427627,WLS,71,0.0006738685348504081
3,UPFC_tsh,5-15,-0.23200177353945145,95,-0.23218607058732396,WLS,71,0.00018429704787251144
4,UPFC_Vse,5-15,0.06283884565875895,95,0.061824962390014566,WLS,71,0.001013883268744388
5,UPFC_tse,5-15,-2.182994646662996,95,-2.1562100234144017,WLS,71,0.026784623248594208
0,x_tcsc,1-14,-0.11114562463768385,96,-0.11129447036771614,WLS,71,0.00014884573003229318
1,B_svc,2,0.18379647188190285,96,0.18295019278546595,WLS,71,0.0008462790964368916
2,UPFC_Vsh,5-15,1.1086715573630324,96,1.1082410611427627,WLS,71,0.0004304962202696938
3,UPFC_tsh,5-15,-0.2320494704977817,96,-0.23218607058732396,WLS,71,0.00013660008954224923
4,UPFC_Vse,5-15,0.06285085191874656,96,0.061824962390014566,WLS,71,0.0010258895287319977
5,UPFC_tse,5-15,-2.181130045307158,96,-2.1562100234144017,WLS,71,0.024920021892756328
0,x_tcsc,1-14,-0.11114773058166844,97,-0.11129447036771614,WLS,71,0.000146739786047706
1,B_svc,2,0.1839424393608275,97,0.18295019278546595,WLS,71,0.0009922465753615384
2,UPFC_Vsh,5-15,1.1085654470266717,97,1.1082410611427627,WLS,71,0.00032438588390903966
3,UPFC_tsh,5-15,-0.2320715416821292,97,-0.23218607058732396,WLS,71,0.00011452890519475512
4,UPFC_Vse,5-15,0.06336793028988691,97,0.061824962390014566,WLS,71,0.0015429678998723426
5,UPFC_tse,5-15,-2.184058302856242,97,-2.1562100234144017,WLS,71,0.02784827944184043
0,x_tcsc,1-14,-0.1111400757380466,98,-0.11129447036771614,WLS,71,0.00015439462966954087
1,B_svc,2,0.1839292561416632,98,0.18295019278546595,WLS,71,0.0009790633561972406
2,UPFC_Vsh,5-15,1.1088781771584593,98,1.1082410611427627,WLS,71,0.0006371160156966038
3,UPFC_tsh,5-15,-0.23198647297086814,98,-0.23218607058732396,WLS,71,0.00019959761645582663
4,UPFC_Vse,5-15,0.06252675165987416,98,0.061824962390014566,WLS,71,0.0007017892698595943
5,UPFC_tse,5-15,-2.18450667121277,98,-2.1562100234144017,WLS,71,0.02829664779836838
0,x_tcsc,1-14,-0.11114912064849179,99,-0.11129447036771614,WLS,71,0.0001453497192243497
1,B_svc,2,0.18392683808259244,99,0.18295019278546595,WLS,71,0.0009766452971264883
2,UPFC_Vsh,5-15,1.1086175391926338,99,1.1082410611427627,WLS,71,0.00037647804987117617
3,UPFC_tsh,5-15,-0.2321023662394175,99,-0.23218607058732396,WLS,71,8.370434790647141e-05
4,UPFC_Vse,5-15,0.06261111302177129,99,0.061824962390014566,WLS,71,0.0007861506317567227
5,UPFC_tse,5-15,-2.1808010241649805,99,-2.1562100234144017,WLS,71,0.02459100075057874
0,x_tcsc,1-14,-0.1123229577221813,0,-0.11247909888789781,WLS,73,0.0001561411657165085
1,B_svc,2,0.18505653582360831,0,0.18460197219577024,WLS,73,0.00045456362783807824
2,UPFC_Vsh,5-15,1.108886873636184,0,1.107778348469771,WLS,73,0.0011085251664131324
3,UPFC_tsh,5-15,-0.23141857208952504,0,-0.23155308022393659,WLS,73,0.00013450813441154286
4,UPFC_Vse,5-15,0.062415011065635635,0,0.06077036664881224,WLS,73,0.001644644416823396
5,UPFC_tse,5-15,-2.1833549750587933,0,-2.1517179547855125,WLS,73,0.03163702027328075
0,x_tcsc,1-14,-0.11232501838080745,1,-0.11247909888789781,WLS,73,0.0001540805070903567
1,B_svc,2,0.1851263039036027,1,0.18460197219577024,WLS,73,0.0005243317078324761
2,UPFC_Vsh,5-15,1.1090094145972171,1,1.107778348469771,WLS,73,0.0012310661274461676
3,UPFC_tsh,5-15,-0.23134956031967757,1,-0.23155308022393659,WLS,73,0.00020351990425901412
4,UPFC_Vse,5-15,0.06272213893985477,1,0.06077036664881224,WLS,73,0.0019517722910425347
5,UPFC_tse,5-15,-2.180910339210841,1,-2.1517179547855125,WLS,73,0.029192384425328566
0,x_tcsc,1-14,-0.11232393456493965,2,-0.11247909888789781,WLS,73,0.00015516432295815952
1,B_svc,2,0.18539790731359357,2,0.18460197219577024,WLS,73,0.000795935117823332
2,UPFC_Vsh,5-15,1.1087435028511197,2,1.107778348469771,WLS,73,0.0009651543813486985
3,UPFC_tsh,5-15,-0.23145939949170385,2,-0.23155308022393659,WLS,73,9.368073223273155e-05
4,UPFC_Vse,5-15,0.06253123840571105,2,0.06077036664881224,WLS,73,0.0017608717568988116
5,UPFC_tse,5-15,-2.184420151912495,2,-2.1517179547855125,WLS,73,0.0327021971269823
0,x_tcsc,1-14,-0.112319505514409,3,-0.11247909888789781,WLS,73,0.00015959337348880887
1,B_svc,2,0.18575710294310413,3,0.18460197219577024,WLS,73,0.0011551307473338934
2,UPFC_Vsh,5-15,1.1085857690184084,3,1.107778348469771,WLS,73,0.0008074205486374719
3,UPFC_tsh,5-15,-0.23140635338956303,3,-0.23155308022393659,WLS,73,0.00014672683437355616
4,UPFC_Vse,5-15,0.06309055167637123,3,0.06077036664881224,WLS,73,0.002320185027558992
5,UPFC_tse,5-15,-2.184852270406021,3,-2.1517179547855125,WLS,73,0.03313431562050839
0,x_tcsc,1-14,-0.1123333331869015,4,-0.11247909888789781,WLS,73,0.0001457657009963087
1,B_svc,2,0.18564135567341125,4,0.18460197219577024,WLS,73,0.001039383477641015
2,UPFC_Vsh,5-15,1.1085351080946724,4,1.107778348469771,WLS,73,0.0007567596249014041
3,UPFC_tsh,5-15,-0.23138536924397732,4,-0.23155308022393659,WLS,73,0.00016771097995926798
4,UPFC_Vse,5-15,0.062242026631719224,4,0.06077036664881224,WLS,73,0.0014716599829069851
5,UPFC_tse,5-15,-2.1837024679510217,4,-2.1517179547855125,WLS,73,0.03198451316550921
0,x_tcsc,1-14,-0.11233321198110355,5,-0.11247909888789781,WLS,73,0.00014588690679426253
1,B_svc,2,0.18524166866480093,5,0.18460197219577024,WLS,73,0.0006396964690306983
2,UPFC_Vsh,5-15,1.1094499080653828,5,1.107778348469771,WLS,73,0.0016715595956118268
3,UPFC_tsh,5-15,-0.23137622699882968,5,-0.23155308022393659,WLS,73,0.00017685322510690993
4,UPFC_Vse,5-15,0.0625056448574155,5,0.06077036664881224,WLS,73,0.0017352782086032595
5,UPFC_tse,5-15,-2.1853661141117726,5,-2.1517179547855125,WLS,73,0.033648159326260085
0,x_tcsc,1-14,-0.1123100461423747,6,-0.11247909888789781,WLS,73,0.00016905274552310445
1,B_svc,2,0.18520623730955327,6,0.18460197219577024,WLS,73,0.0006042651137830313
2,UPFC_Vsh,5-15,1.1089647724989689,6,1.107778348469771,WLS,73,0.0011864240291978856
3,UPFC_tsh,5-15,-0.231342680817398,6,-0.23155308022393659,WLS,73,0.00021039940653858058
4,UPFC_Vse,5-15,0.06220496760124759,6,0.06077036664881224,WLS,73,0.001434600952435354
5,UPFC_tse,5-15,-2.1853761133894185,6,-2.1517179547855125,WLS,73,0.033658158603905974
0,x_tcsc,1-14,-0.11231246222594217,7,-0.11247909888789781,WLS,73,0.00016663666195564086
1,B_svc,2,0.18537900787825584,7,0.18460197219577024,WLS,73,0.0007770356824856051
2,UPFC_Vsh,5-15,1.1084523616724455,7,1.107778348469771,WLS,73,0.0006740132026745727
3,UPFC_tsh,5-15,-0.23149042272705686,7,-0.23155308022393659,WLS,73,6.265749687972555e-05
4,UPFC_Vse,5-15,0.062423445556891,7,0.06077036664881224,WLS,73,0.0016530789080787603
5,UPFC_tse,5-15,-2.180829156678318,7,-2.1517179547855125,WLS,73,0.02911120189280547
0,x_tcsc,1-14,-0.11233056902825862,8,-0.11247909888789781,WLS,73,0.00014852985963918763
1,B_svc,2,0.18537706641237095,8,0.18460197219577024,WLS,73,0.0007750942166007135
2,UPFC_Vsh,5-15,1.1085506126822444,8,1.107778348469771,WLS,73,0.0007722642124734502
3,UPFC_tsh,5-15,-0.23146028561960222,8,-0.23155308022393659,WLS,73,9.279460433436748e-05
4,UPFC_Vse,5-15,0.06288175346664422,8,0.06077036664881224,WLS,73,0.0021113868178319825
5,UPFC_tse,5-15,-2.179601563960394,8,-2.1517179547855125,WLS,73,0.027883609174881308
0,x_tcsc,1-14,-0.11231042824126966,9,-0.11247909888789781,WLS,73,0.00016867064662814957
1,B_svc,2,0.18524183605427316,9,0.18460197219577024,WLS,73,0.0006398638585029259
2,UPFC_Vsh,5-15,1.1085965571242515,9,1.107778348469771,WLS,73,0.0008182086544805678
3,UPFC_tsh,5-15,-0.23139118944353043,9,-0.23155308022393659,WLS,73,0.00016189078040615423
4,UPFC_Vse,5-15,0.062456051296068564,9,0.06077036664881224,WLS,73,0.0016856846472563247
5,UPFC_tse,5-15,-2.183414175533475,9,-2.1517179547855125,WLS,73,0.0316962207479623
0,x_tcsc,1-14,-0.11232377825504518,10,-0.11247909888789781,WLS,73,0.00015532063285263187
1,B_svc,2,0.18534473244494953,10,0.18460197219577024,WLS,73,0.0007427602491792973
2,UPFC_Vsh,5-15,1.1086139833052027,10,1.107778348469771,WLS,73,0.0008356348354316978
3,UPFC_tsh,5-15,-0.2314774958105833,10,-0.23155308022393659,WLS,73,7.55844133532857e-05
4,UPFC_Vse,5-15,0.06271819756495278,10,0.06077036664881224,WLS,73,0.001947830916140543
5,UPFC_tse,5-15,-2.1799000413515026,10,-2.1517179547855125,WLS,73,0.028182086565990083
0,x_tcsc,1-14,-0.11231732635155571,11,-0.11247909888789781,WLS,73,0.0001617725363421002
1,B_svc,2,0.1857916111933171,11,0.18460197219577024,WLS,73,0.0011896389975468713
2,UPFC_Vsh,5-15,1.108521264952728,11,1.107778348469771,WLS,73,0.0007429164829571011
3,UPFC_tsh,5-15,-0.23143598150213357,11,-0.23155308022393659,WLS,73,0.00011709872180301617
4,UPFC_Vse,5-15,0.06273823812169382,11,0.06077036664881224,WLS,73,0.001967871472881584
5,UPFC_tse,5-15,-2.1831498628507595,11,-2.1517179547855125,WLS,73,0.03143190806524698
0,x_tcsc,1-14,-0.11231991044520939,12,-0.11247909888789781,WLS,73,0.00015918844268841825
1,B_svc,2,0.18511445290897763,12,0.18460197219577024,WLS,73,0.0005124807132073916
2,UPFC_Vsh,5-15,1.1086970286073565,12,1.107778348469771,WLS,73,0.0009186801375855591
3,UPFC_tsh,5-15,-0.23148964339534606,12,-0.23155308022393659,WLS,73,6.343682859052957e-05
4,UPFC_Vse,5-15,0.063369621580396,12,0.06077036664881224,WLS,73,0.002599254931583757
5,UPFC_tse,5-15,-2.1804424620098297,12,-2.1517179547855125,WLS,73,0.028724507224317186
0,x_tcsc,1-14,-0.11232908455682268,13,-0.11247909888789781,WLS,73,0.00015001433107512951
1,B_svc,2,0.1855084886552761,13,0.18460197219577024,WLS,73,0.0009065164595058739
2,UPFC_Vsh,5-15,1.1087530859659456,13,1.107778348469771,WLS,73,0.0009747374961746047
3,UPFC_tsh,5-15,-0.23137461489748387,13,-0.23155308022393659,WLS,73,0.00017846532645271473
4,UPFC_Vse,5-15,0.06210583754819904,13,0.06077036664881224,WLS,73,0.0013354708993867995
5,UPFC_tse,5-15,-2.1876951554538473,13,-2.1517179547855125,WLS,73,0.03597720066833476
0,x_tcsc,1-14,-0.11231607819133492,14,-0.11247909888789781,WLS,73,0.00016302069656289053
1,B_svc,2,0.1851600624324014,14,0.18460197219577024,WLS,73,0.0005580902366311702
2,UPFC_Vsh,5-15,1.108688039455637,14,1.107778348469771,WLS,73,0.0009096909858661295
3,UPFC_tsh,5-15,-0.23144107202384495,14,-0.23155308022393659,WLS,73,0.00011200820009163448
4,UPFC_Vse,5-15,0.06230268946971867,14,0.06077036664881224,WLS,73,0.0015323228209064288
5,UPFC_tse,5-15,-2.184133298759244,14,-2.1517179547855125,WLS,73,0.03241534397373158
0,x_tcsc,1-14,-0.11231877832763403,15,-0.11247909888789781,WLS,73,0.00016032056026378527
1,B_svc,2,0.18515893437462194,15,0.18460197219577024,WLS,73,0.0005569621788517054
2,UPFC_Vsh,5-15,1.1088192447713066,15,1.107778348469771,WLS,73,0.0010408963015355877
3,UPFC_tsh,5-15,-0.2314234295573338,15,-0.23155308022393659,WLS,73,0.0001296506666027819
4,UPFC_Vse,5-15,0.06256780856377565,15,0.06077036664881224,WLS,73,0.0017974419149634144
5,UPFC_tse,5-15,-2.18157742717561,15,-2.1517179547855125,WLS,73,0.02985947239009734
0,x_tcsc,1-14,-0.11230684865792707,16,-0.11247909888789781,WLS,73,0.0001722502299707357
1,B_svc,2,0.18545422942644835,16,0.18460197219577024,WLS,73,0.0008522572306781107
2,UPFC_Vsh,5-15,1.1088733075529797,16,1.107778348469771,WLS,73,0.0010949590832087797
3,UPFC_tsh,5-15,-0.23145619131991932,16,-0.23155308022393659,WLS,73,9.688890401726713e-05
4,UPFC_Vse,5-15,0.0619200216340994,16,0.06077036664881224,WLS,73,0.0011496549852871574
5,UPFC_tse,5-15,-2.187921801249962,16,-2.1517179547855125,WLS,73,0.03620384646444963
0,x_tcsc,1-14,-0.11233638654096516,17,-0.11247909888789781,WLS,73,0.00014271234693265245
1,B_svc,2,0.18555180312583444,17,0.18460197219577024,WLS,73,0.0009498309300642049
2,UPFC_Vsh,5-15,1.108751672766696,17,1.107778348469771,WLS,73,0.0009733242969249822
3,UPFC_tsh,5-15,-0.23144900203299984,17,-0.23155308022393659,WLS,73,0.00010407819093674608
4,UPFC_Vse,5-15,0.06295519577117875,17,0.06077036664881224,WLS,73,0.002184829122366512
5,UPFC_tse,5-15,-2.1806751736287318,17,-2.1517179547855125,WLS,73,0.028957218843219223
0,x_tcsc,1-14,-0.11232035798156896,18,-0.11247909888789781,WLS,73,0.00015874090632884974
1,B_svc,2,0.18521063274060787,18,0.18460197219577024,WLS,73,0.0006086605448376303
2,UPFC_Vsh,5-15,1.1086903757785724,18,1.107778348469771,WLS,73,0.0009120273088014663
3,UPFC_tsh,5-15,-0.2313895711842759,18,-0.23155308022393659,WLS,73,0.00016350903966069752
4,UPFC_Vse,5-15,0.06250630799612171,18,0.06077036664881224,WLS,73,0.0017359413473094706
5,UPFC_tse,5-15,-2.1849688497035817,18,-2.1517179547855125,WLS,73,0.03325089491806921
0,x_tcsc,1-14,-0.11230689093411654,19,-0.11247909888789781,WLS,73,0.00017220795378126985
1,B_svc,2,0.18497962026425727,19,0.18460197219577024,WLS,73,0.0003776480684870298
2,UPFC_Vsh,5-15,1.1084834670023647,19,1.107778348469771,WLS,73,0.000705118532593696
3,UPFC_tsh,5-15,-0.23135768451855,19,-0.23155308022393659,WLS,73,0.00019539570538659734
4,UPFC_Vse,5-15,0.06244972765798281,19,0.06077036664881224,WLS,73,0.0016793610091705713
5,UPFC_tse,5-15,-2.182287218615041,19,-2.1517179547855125,WLS,73,0.030569263829528293
0,x_tcsc,1-14,-0.11232662208349269,20,-0.11247909888789781,WLS,73,0.00015247680440512446
1,B_svc,2,0.18554221078437896,20,0.18460197219577024,WLS,73,0.0009402385886087272
2,UPFC_Vsh,5-15,1.1092926303491792,20,1.107778348469771,WLS,73,0.0015142818794082746
3,UPFC_tsh,5-15,-0.23140188414505686,20,-0.23155308022393659,WLS,73,0.0001511960788797284
4,UPFC_Vse,5-15,0.06195919638902179,20,0.06077036664881224,WLS,73,0.0011888297402095488
5,UPFC_tse,5-15,-2.185142762786212,20,-2.1517179547855125,WLS,73,0.03342480800069936
0,x_tcsc,1-14,-0.11232577036677723,21,-0.11247909888789781,WLS,73,0.00015332852112058537
1,B_svc,2,0.18576964697285772,21,0.18460197219577024,WLS,73,0.0011676747770874851
2,UPFC_Vsh,5-15,1.109060614989273,21,1.107778348469771,WLS,73,0.0012822665195020289
3,UPFC_tsh,5-15,-0.23142539355637728,21,-0.23155308022393659,WLS,73,0.00012768666755930136
4,UPFC_Vse,5-15,0.06237703163839559,21,0.06077036664881224,WLS,73,0.0016066649895833535
5,UPFC_tse,5-15,-2.184386668833774,21,-2.1517179547855125,WLS,73,0.03266871404826155
0,x_tcsc,1-14,-0.11232704057468956,22,-0.11247909888789781,WLS,73,0.00015205831320824759
1,B_svc,2,0.1851101175137457,22,0.18460197219577024,WLS,73,0.0005081453179754669
2,UPFC_Vsh,5-15,1.1088383491927376,22,1.107778348469771,WLS,73,0.0010600007229666364
3,UPFC_tsh,5-15,-0.23137018511651,22,-0.23155308022393659,WLS,73,0.00018289510742658388
4,UPFC_Vse,5-15,0.06252799619903562,22,0.06077036664881224,WLS,73,0.0017576295502233844
5,UPFC_tse,5-15,-2.1831840361924453,22,-2.1517179547855125,WLS,73,0.031466081406932744
0,x_tcsc,1-14,-0.11231757295828719,23,-0.11247909888789781,WLS,73,0.0001615259296106203
1,B_svc,2,0.18580288410226203,23,0.18460197219577024,WLS,73,0.0012009119064917972
2,UPFC_Vsh,5-15,1.1087880116427702,23,1.107778348469771,WLS,73,0.00100966317299922
3,UPFC_tsh,5-15,-0.2313991878460812,23,-0.23155308022393659,WLS,73,0.00015389237785537468
4,UPFC_Vse,5-15,0.0624321097814789,23,0.06077036664881224,WLS,73,0.0016617431326666626
5,UPFC_tse,5-15,-2.184743652527652,23,-2.1517179547855125,WLS,73,0.03302569774213948
0,x_tcsc,1-14,-0.11232767557705295,24,-0.11247909888789781,WLS,73,0.0001514233108448615
1,B_svc,2,0.18581756400725238,24,0.18460197219577024,WLS,73,0.0012155918114821473
2,UPFC_Vsh,5-15,1.108846751931055,24,1.107778348469771,WLS,73,0.0010684034612840065
3,UPFC_tsh,5-15,-0.23145315320027018,24,-0.23155308022393659,WLS,73,9.992702366640183e-05
4,UPFC_Vse,5-15,0.06275117285032514,24,0.06077036664881224,WLS,73,0.0019808062015128983
5,UPFC_tse,5-15,-2.186344210075842,24,-2.1517179547855125,WLS,73,0.03462625529032959
0,x_tcsc,1-14,-0.11232331646363423,25,-0.11247909888789781,WLS,73,0.0001557824242635758
1,B_svc,2,0.18575333638502126,25,0.18460197219577024,WLS,73,0.0011513641892510196
2,UPFC_Vsh,5-15,1.1088970414645527,25,1.107778348469771,WLS,73,0.0011186929947817337
3,UPFC_tsh,5-15,-0.23146152225849517,25,-0.23155308022393659,WLS,73,9.155796544141337e-05
4,UPFC_Vse,5-15,0.06247020104920861,25,0.06077036664881224,WLS,73,0.001699834400396373
5,UPFC_tse,5-15,-2.184728960111467,25,-2.1517179547855125,WLS,73,0.03301100532595447
0,x_tcsc,1-14,-0.11231332664441265,26,-0.11247909888789781,WLS,73,0.00016577224348515718
1,B_svc,2,0.18561447459584343,26,0.18460197219577024,WLS,73,0.0010125024000731953
2,UPFC_Vsh,5-15,1.1086626068444625,26,1.107778348469771,WLS,73,0.0008842583746915267
3,UPFC_tsh,5-15,-0.23135019432414747,26,-0.23155308022393659,WLS,73,0.00020288589978911808
4,UPFC_Vse,5-15,0.06220977592418076,26,0.06077036664881224,WLS,73,0.0014394092753685223
5,UPFC_tse,5-15,-2.1821595616302134,26,-2.1517179547855125,WLS,73,0.030441606844700875
0,x_tcsc,1-14,-0.11231831718183956,27,-0.11247909888789781,WLS,73,0.00016078170605825226
1,B_svc,2,0.1855011030567072,27,0.18460197219577024,WLS,73,0.0008991308609369586
2,UPFC_Vsh,5-15,1.1087924225624652,27,1.107778348469771,WLS,73,0.0010140740926942726
3,UPFC_tsh,5-15,-0.23152924403055022,27,-0.23155308022393659,WLS,73,2.383619338636178e-05
4,UPFC_Vse,5-15,0.062412556698736806,27,0.06077036664881224,WLS,73,0.0016421900499245662
5,UPFC_tse,5-15,-2.186016492307919,27,-2.1517179547855125,WLS,73,0.0342985375224063
0,x_tcsc,1-14,-0.11232229636545428,28,-0.11247909888789781,WLS,73,0.00015680252244353043
1,B_svc,2,0.18541159091082163,28,0.18460197219577024,WLS,73,0.0008096187150513912
2,UPFC_Vsh,5-15,1.1087796643414933,28,1.107778348469771,WLS,73,0.0010013158717223636
3,UPFC_tsh,5-15,-0.23144921053569936,28,-0.23155308022393659,WLS,73,0.00010386968823722365
4,UPFC_Vse,5-15,0.06269909185572589,28,0.06077036664881224,WLS,73,0.001928725206913652
5,UPFC_tse,5-15,-2.1832727415766193,28,-2.1517179547855125,WLS,73,0.03155478679110679
0,x_tcsc,1-14,-0.11230719683545108,29,-0.11247909888789781,WLS,73,0.00017190205244672907
1,B_svc,2,0.1853049226987832,29,0.18460197219577024,WLS,73,0.0007029505030129723
2,UPFC_Vsh,5-15,1.108530421048725,29,1.107778348469771,WLS,73,0.0007520725789540439
3,UPFC_tsh,5-15,-0.23140675843559516,29,-0.23155308022393659,WLS,73,0.00014632178834142473
4,UPFC_Vse,5-15,0.06243285131230986,29,0.06077036664881224,WLS,73,0.0016624846634976237
5,UPFC_tse,5-15,-2.185533257963035,29,-2.1517179547855125,WLS,73,0.03381530317752235
0,x_tcsc,1-14,-0.112326336543217,30,-0.11247909888789781,WLS,73,0.0001527623446808124
1,B_svc,2,0.18543055375479855,30,0.18460197219577024,WLS,73,0.0008285815590283185
2,UPFC_Vsh,5-15,1.1087999644334927,30,1.107778348469771,WLS,73,0.0010216159637217448
3,UPFC_tsh,5-15,-0.23145155655189686,30,-0.23155308022393659,WLS,73,0.00010152367203972168
4,UPFC_Vse,5-15,0.06289303433824327,30,0.06077036664881224,WLS,73,0.002122667689431028
5,UPFC_tse,5-15,-2.184324892080549,30,-2.1517179547855125,WLS,73,0.03260693729503661
0,x_tcsc,1-14,-0.11232280911399842,31,-0.11247909888789781,WLS,73,0.00015628977389939291
1,B_svc,2,0.1852878866943028,31,0.18460197219577024,WLS,73,0.0006859144985325583
2,UPFC_Vsh,5-15,1.108881766581064,31,1.107778348469771,WLS,73,0.0011034181112929975
3,UPFC_tsh,5-15,-0.23137523452668432,31,-0.23155308022393659,WLS,73,0.00017784569725226573
4,UPFC_Vse,5-15,0.06260359705270727,31,0.06077036664881224,WLS,73,0.0018332304038950267
5,UPFC_tse,5-15,-2.185162684489719,31,-2.1517179547855125,WLS,73,0.033444729704206644
0,x_tcsc,1-14,-0.11231282811084285,32,-0.11247909888789781,WLS,73,0.00016627077705495819
1,B_svc,2,0.1854783584576305,32,0.18460197219577024,WLS,73,0.0008763862618602625
2,UPFC_Vsh,5-15,1.1090120067025302,32,1.107778348469771,WLS,73,0.0012336582327592271
3,UPFC_tsh,5-15,-0.2313502466674474,32,-0.23155308022393659,WLS,73,0.00020283355648917367
4,UPFC_Vse,5-15,0.062458182355753455,32,0.06077036664881224,WLS,73,0.0016878157069412161
5,UPFC_tse,5-15,-2.18300819002127,32,-2.1517179547855125,WLS,73,0.03129023523575736
0,x_tcsc,1-14,-0.11232701696624345,33,-0.11247909888789781,WLS,73,0.0001520819216543623
1,B_svc,2,0.1851892622091537,33,0.18460197219577024,WLS,73,0.0005872900133834513
2,UPFC_Vsh,5-15,1.1088189530791883,33,1.107778348469771,WLS,73,0.0010406046094173504
3,UPFC_tsh,5-15,-0.23144910130627067,33,-0.23155308022393659,WLS,73,0.00010397891766592005
4,UPFC_Vse,5-15,0.06238507024896749,33,0.06077036664881224,WLS,73,0.001614703600155254
5,UPFC_tse,5-15,-2.183869593000213,33,-2.1517179547855125,WLS,73,0.03215163821470046
0,x_tcsc,1-14,-0.11232233948099292,34,-0.11247909888789781,WLS,73,0.0001567594069048911
1,B_svc,2,0.18544919312997055,34,0.18460197219577024,WLS,73,0.0008472209342003101
2,UPFC_Vsh,5-15,1.108835254201974,34,1.107778348469771,WLS,73,0.0010569057322029618
3,UPFC_tsh,5-15,-0.2314330498774956,34,-0.23155308022393659,WLS,73,0.00012003034644098021
4,UPFC_Vse,5-15,0.06286335052596365,34,0.06077036664881224,WLS,73,0.0020929838771514067
5,UPFC_tse,5-15,-2.179989752208396,34,-2.1517179547855125,WLS,73,0.028271797422883438
0,x_tcsc,1-14,-0.1123357409951555,35,-0.11247909888789781,WLS,73,0.00014335789274230737
1,B_svc,2,0.18568174597071904,35,0.18460197219577024,WLS,73,0.0010797737749488057
2,UPFC_Vsh,5-15,1.1085059346073163,35,1.107778348469771,WLS,73,0.0007275861375453108
3,UPFC_tsh,5-15,-0.2314725469969618,35,-0.23155308022393659,WLS,73,8.053322697479381e-05
4,UPFC_Vse,5-15,0.06281253238400293,35,0.06077036664881224,WLS,73,0.0020421657351906916
5,UPFC_tse,5-15,-2.1826032678731564,35,-2.1517179547855125,WLS,73,0.030885313087643862
0,x_tcsc,1-14,-0.11232835374374119,36,-0.11247909888789781,WLS,73,0.00015074514415662488
1,B_svc,2,0.1854573145416783,36,0.18460197219577024,WLS,73,0.0008553423459080611
2,UPFC_Vsh,5-15,1.1087960236031569,36,1.107778348469771,WLS,73,0.001017675133385909
3,UPFC_tsh,5-15,-0.23142949889424655,36,-0.23155308022393659,WLS,73,0.00012358132969003677
4,UPFC_Vse,5-15,0.06235497016073779,36,0.06077036664881224,WLS,73,0.0015846035119255475
5,UPFC_tse,5-15,-2.1840647588842397,36,-2.1517179547855125,WLS,73,0.032346804098727144
0,x_tcsc,1-14,-0.11232802628698545,37,-0.11247909888789781,WLS,73,0.00015107260091236363
1,B_svc,2,0.18501715811752625,37,0.18460197219577024,WLS,73,0.0004151859217560172
2,UPFC_Vsh,5-15,1.1090458917235602,37,1.107778348469771,WLS,73,0.001267543253789194
3,UPFC_tsh,5-15,-0.2313195953728972,37,-0.23155308022393659,WLS,73,0.00023348485103938388
4,UPFC_Vse,5-15,0.0619333637464147,37,0.06077036664881224,WLS,73,0.0011629970976024598
5,UPFC_tse,5-15,-2.1868619512920104,37,-2.1517179547855125,WLS,73,0.03514399650649791
0,x_tcsc,1-14,-0.1123258087428608,38,-0.11247909888789781,WLS,73,0.00015329014503701055
1,B_svc,2,0.18464882202082744,38,0.18460197219577024,WLS,73,4.68498250572047e-05
2,UPFC_Vsh,5-15,1.1088488077170664,38,1.107778348469771,WLS,73,0.00107045924729543
3,UPFC_tsh,5-15,-0.2313670328449811,38,-0.23155308022393659,WLS,73,0.00018604737895547285
4,UPFC_Vse,5-15,0.06238890365935805,38,0.06077036664881224,WLS,73,0.0016185370105458105
5,UPFC_tse,5-15,-2.180553115236051,38,-2.1517179547855125,WLS,73,0.028835160450538577
0,x_tcsc,1-14,-0.1123256175417005,39,-0.11247909888789781,WLS,73,0.00015348134619730391
1,B_svc,2,0.1853995548910947,39,0.18460197219577024,WLS,73,0.0007975826953244558
2,UPFC_Vsh,5-15,1.1086673682809778,39,1.107778348469771,WLS,73,0.0008890198112068148
3,UPFC_tsh,5-15,-0.23139425650571915,39,-0.23155308022393659,WLS,73,0.00015882371821743235
4,UPFC_Vse,5-15,0.0624068979437335,39,0.06077036664881224,WLS,73,0.0016365312949212577
5,UPFC_tse,5-15,-2.181773247757164,39,-2.1517179547855125,WLS,73,0.030055292971651326
0,x_tcsc,1-14,-0.11232574812662512,40,-0.11247909888789781,WLS,73,0.0001533507612726942
1,B_svc,2,0.18473664178392638,40,0.18460197219577024,WLS,73,0.00013466958815613883
2,UPFC_Vsh,5-15,1.1086814810483758,40,1.107778348469771,WLS,73,0.0009031325786048594
3,UPFC_tsh,5-15,-0.23141513133416908,40,-0.23155308022393659,WLS,73,0.00013794888976750852
4,UPFC_Vse,5-15,0.062404454306759435,40,0.06077036664881224,WLS,73,0.001634087657947196
5,UPFC_tse,5-15,-2.18254918690745,40,-2.1517179547855125,WLS,73,0.03083123212193728
0,x_tcsc,1-14,-0.11231350504754939,41,-0.11247909888789781,WLS,73,0.0001655938403484214
1,B_svc,2,0.18534914896622554,41,0.18460197219577024,WLS,73,0.000747176770455299
2,UPFC_Vsh,5-15,1.1090685414160963,41,1.107778348469771,WLS,73,0.0012901929463253747
3,UPFC_tsh,5-15,-0.23135367648346952,41,-0.23155308022393659,WLS,73,0.00019940374046706344
4,UPFC_Vse,5-15,0.06248351344212024,41,0.06077036664881224,WLS,73,0.0017131467933080013
5,UPFC_tse,5-15,-2.1844777345859234,41,-2.1517179547855125,WLS,73,0.03275977980041089
0,x_tcsc,1-14,-0.11232088957220089,42,-0.11247909888789781,WLS,73,0.00015820931569691943
1,B_svc,2,0.1852781899920504,42,0.18460197219577024,WLS,73,0.0006762177962801597
2,UPFC_Vsh,5-15,1.1086878240841733,42,1.107778348469771,WLS,73,0.0009094756144023552
3,UPFC_tsh,5-15,-0.23143989995107955,42,-0.23155308022393659,WLS,73,0.00011318027285703303
4,UPFC_Vse,5-15,0.06226765120548844,42,0.06077036664881224,WLS,73,0.0014972845566761997
5,UPFC_tse,5-15,-2.1836396950715806,42,-2.1517179547855125,WLS,73,0.03192174028606809
0,x_tcsc,1-14,-0.11233388974447278,43,-0.11247909888789781,WLS,73,0.0001452091434250291
1,B_svc,2,0.18552312621217543,43,0.18460197219577024,WLS,73,0.0009211540164051901
2,UPFC_Vsh,5-15,1.1084854618752278,43,1.107778348469771,WLS,73,0.0007071134054568162
3,UPFC_tsh,5-15,-0.23150261562179741,43,-0.23155308022393659,WLS,73,5.046460213917192e-05
4,UPFC_Vse,5-15,0.06297904767958777,43,0.06077036664881224,WLS,73,0.002208681030775532
5,UPFC_tse,5-15,-2.1848467872515283,43,-2.1517179547855125,WLS,73,0.03312883246601572
0,x_tcsc,1-14,-0.11232982705416901,44,-0.11247909888789781,WLS,73,0.0001492718337288007
1,B_svc,2,0.1857846040948343,44,0.18460197219577024,WLS,73,0.0011826318990640627
2,UPFC_Vsh,5-15,1.1089454416473121,44,1.107778348469771,WLS,73,0.0011670931775411564
3,UPFC_tsh,5-15,-0.23138180566737174,44,-0.23155308022393659,WLS,73,0.0001712745565648488
4,UPFC_Vse,5-15,0.06309235509747306,44,0.06077036664881224,WLS,73,0.002321988448660821
5,UPFC_tse,5-15,-2.18039644249585,44,-2.1517179547855125,WLS,73,0.028678487710337652
0,x_tcsc,1-14,-0.11232458620130448,45,-0.11247909888789781,WLS,73,0.00015451268659333328
1,B_svc,2,0.18556713452185272,45,0.18460197219577024,WLS,73,0.000965162326082486
2,UPFC_Vsh,5-15,1.109033568194496,45,1.107778348469771,WLS,73,0.0012552197247250874
3,UPFC_tsh,5-15,-0.23133688277466619,45,-0.23155308022393659,WLS,73,0.00021619744927039997
4,UPFC_Vse,5-15,0.06279954514484391,45,0.06077036664881224,WLS,73,0.0020291784960316736
5,UPFC_tse,5-15,-2.1840029817105697,45,-2.1517179547855125,WLS,73,0.03228502692505719
0,x_tcsc,1-14,-0.1123318311963959,46,-0.11247909888789781,WLS,73,0.00014726769150190389
1,B_svc,2,0.1853963829802302,46,0.18460197219577024,WLS,73,0.0007944107844599646
2,UPFC_Vsh,5-15,1.1090339756698726,46,1.107778348469771,WLS,73,0.0012556272001016389
3,UPFC_tsh,5-15,-0.23136518186356547,46,-0.23155308022393659,WLS,73,0.00018789836037111374
4,UPFC_Vse,5-15,0.0625332581247332,46,0.06077036664881224,WLS,73,0.001762891475920965
5,UPFC_tse,5-15,-2.1815929169471238,46,-2.1517179547855125,WLS,73,0.02987496216161123
0,x_tcsc,1-14,-0.1123265908318016,47,-0.11247909888789781,WLS,73,0.00015250805609620666
1,B_svc,2,0.18517583650045874,47,0.18460197219577024,WLS,73,0.0005738643046885039
2,UPFC_Vsh,5-15,1.108661953650235,47,1.107778348469771,WLS,73,0.0008836051804639311
3,UPFC_tsh,5-15,-0.23143260421294953,47,-0.23155308022393659,WLS,73,0.00012047601098705285
4,UPFC_Vse,5-15,0.062381313348751126,47,0.06077036664881224,WLS,73,0.0016109466999388866
5,UPFC_tse,5-15,-2.186607867940235,47,-2.1517179547855125,WLS,73,0.034889913154722674
0,x_tcsc,1-14,-0.11232111470188469,48,-0.11247909888789781,WLS,73,0.00015798418601312147
1,B_svc,2,0.18514665641010347,48,0.18460197219577024,WLS,73,0.0005446842143332353
2,UPFC_Vsh,5-15,1.1091112193236214,48,1.107778348469771,WLS,73,0.0013328708538504763
3,UPFC_tsh,5-15,-0.23137771133674354,48,-0.23155308022393659,WLS,73,0.00017536888719305033
4,UPFC_Vse,5-15,0.062149592273818464,48,0.06077036664881224,WLS,73,0.0013792256250062251
5,UPFC_tse,5-15,-2.184275431676754,48,-2.1517179547855125,WLS,73,0.03255747689124133
0,x_tcsc,1-14,-0.11233220546436669,49,-0.11247909888789781,WLS,73,0.000146893423531122
1,B_svc,2,0.18578172355346695,49,0.18460197219577024,WLS,73,0.0011797513576967122
2,UPFC_Vsh,5-15,1.1086163686321144,49,1.107778348469771,WLS,73,0.0008380201623434669
3,UPFC_tsh,5-15,-0.2314335443797607,49,-0.23155308022393659,WLS,73,0.0001195358441758998
4,UPFC_Vse,5-15,0.06232701766909555,49,0.06077036664881224,WLS,73,0.001556651020283309
5,UPFC_tse,5-15,-2.1837508295020385,49,-2.1517179547855125,WLS,73,0.03203287471652594
0,x_tcsc,1-14,-0.11229739701247046,50,-0.11247909888789781,WLS,73,0.00018170187542734806
1,B_svc,2,0.18515095465514964,50,0.18460197219577024,WLS,73,0.000548982459379399
2,UPFC_Vsh,5-15,1.1086743343662957,50,1.107778348469771,WLS,73,0.0008959858965247314
3,UPFC_tsh,5-15,-0.2313740581043795,50,-0.23155308022393659,WLS,73,0.00017902211955708736
4,UPFC_Vse,5-15,0.06299393101324079,50,0.06077036664881224,WLS,73,0.002223564364428547
5,UPFC_tse,5-15,-2.182590631942368,50,-2.1517179547855125,WLS,73,0.030872677156855488
0,x_tcsc,1-14,-0.1123084514772379,51,-0.11247909888789781,WLS,73,0.00017064741065990485
1,B_svc,2,0.18553785822925625,51,0.18460197219577024,WLS,73,0.0009358860334860164
2,UPFC_Vsh,5-15,1.1089926777198107,51,1.107778348469771,WLS,73,0.0012143292500397251
3,UPFC_tsh,5-15,-0.23141393041105615,51,-0.23155308022393659,WLS,73,0.0001391498128804347
4,UPFC_Vse,5-15,0.062604411036391,51,0.06077036664881224,WLS,73,0.0018340443875787607
5,UPFC_tse,5-15,-2.18446136505743,51,-2.1517179547855125,WLS,73,0.032743410271917295
0,x_tcsc,1-14,-0.11232925570978917,52,-0.11247909888789781,WLS,73,0.00014984317810863568
1,B_svc,2,0.18576817282642957,52,0.18460197219577024,WLS,73,0.0011662006306593364
2,UPFC_Vsh,5-15,1.1088913556673137,52,1.107778348469771,WLS,73,0.0011130071975427036
3,UPFC_tsh,5-15,-0.23146702132716013,52,-0.23155308022393659,WLS,73,8.605889677645862e-05
4,UPFC_Vse,5-15,0.06292752012542943,52,0.06077036664881224,WLS,73,0.002157153476617192
5,UPFC_tse,5-15,-2.1828461109633,52,-2.1517179547855125,WLS,73,0.031128156177787414
0,x_tcsc,1-14,-0.11232238089086985,53,-0.11247909888789781,WLS,73,0.00015671799702796085
1,B_svc,2,0.18531725687158512,53,0.18460197219577024,WLS,73,0.0007152846758148868
2,UPFC_Vsh,5-15,1.1087065542892274,53,1.107778348469771,WLS,73,0.0009282058194564069
3,UPFC_tsh,5-15,-0.23136341796562743,53,-0.23155308022393659,WLS,73,0.00018966225830915895
4,UPFC_Vse,5-15,0.06257708173120141,53,0.06077036664881224,WLS,73,0.0018067150823891723
5,UPFC_tse,5-15,-2.1806045784134933,53,-2.1517179547855125,WLS,73,0.02888662362798078
0,x_tcsc,1-14,-0.11232561664407685,54,-0.11247909888789781,WLS,73,0.00015348224382095987
1,B_svc,2,0.18553021767822944,54,0.18460197219577024,WLS,73,0.0009282454824592057
2,UPFC_Vsh,5-15,1.1092163575031542,54,1.107778348469771,WLS,73,0.001438009033383203
3,UPFC_tsh,5-15,-0.23140604609320842,54,-0.23155308022393659,WLS,73,0.00014703413072816862
4,UPFC_Vse,5-15,0.0625746837987739,54,0.06077036664881224,WLS,73,0.0018043171499616609
5,UPFC_tse,5-15,-2.1835769689497013,54,-2.1517179547855125,WLS,73,0.03185901416418879
0,x_tcsc,1-14,-0.11230338757078066,55,-0.11247909888789781,WLS,73,0.00017571131711714705
1,B_svc,2,0.18590853507756572,55,0.18460197219577024,WLS,73,0.001306562881795481
2,UPFC_Vsh,5-15,1.1088599360977707,55,1.107778348469771,WLS,73,0.0010815876279997028
3,UPFC_tsh,5-15,-0.23140128815919392,55,-0.23155308022393659,WLS,73,0.00015179206474266738
4,UPFC_Vse,5-15,0.06279146787791072,55,0.06077036664881224,WLS,73,0.0020211012290984806
5,UPFC_tse,5-15,-2.1858693116752854,55,-2.1517179547855125,WLS,73,0.03415135688977289
0,x_tcsc,1-14,-0.11231202755520198,56,-0.11247909888789781,WLS,73,0.00016707133269583396
1,B_svc,2,0.185718552732424,56,0.18460197219577024,WLS,73,0.0011165805366537551
2,UPFC_Vsh,5-15,1.1083762777062685,56,1.107778348469771,WLS,73,0.0005979292364974853
3,UPFC_tsh,5-15,-0.23143008184961303,56,-0.23155308022393659,WLS,73,0.00012299837432355742
4,UPFC_Vse,5-15,0.06211896070946533,56,0.06077036664881224,WLS,73,0.0013485940606530883
5,UPFC_tse,5-15,-2.1833792549655646,56,-2.1517179547855125,WLS,73,0.03166130018005209
0,x_tcsc,1-14,-0.11232046919793257,57,-0.11247909888789781,WLS,73,0.00015862968996524507
1,B_svc,2,0.18563781800432172,57,0.18460197219577024,WLS,73,0.0010358458085514832
2,UPFC_Vsh,5-15,1.1085842380452577,57,1.107778348469771,WLS,73,0.0008058895754867734
3,UPFC_tsh,5-15,-0.2314060508661032,57,-0.23155308022393659,WLS,73,0.00014702935783339477
4,UPFC_Vse,5-15,0.062132726548669186,57,0.06077036664881224,WLS,73,0.0013623598998569464
5,UPFC_tse,5-15,-2.181822919403538,57,-2.1517179547855125,WLS,73,0.030104964618025587
0,x_tcsc,1-14,-0.11231782841889536,58,-0.11247909888789781,WLS,73,0.000161270469002453
1,B_svc,2,0.18536575130334734,58,0.18460197219577024,WLS,73,0.0007637791075771061
2,UPFC_Vsh,5-15,1.1088421551359515,58,1.107778348469771,WLS,73,0.0010638066661805556
3,UPFC_tsh,5-15,-0.23147887599695022,58,-0.23155308022393659,WLS,73,7.420422698636853e-05
4,UPFC_Vse,5-15,0.06252895573171642,58,0.06077036664881224,WLS,73,0.0017585890829041814
5,UPFC_tse,5-15,-2.183292329148876,58,-2.1517179547855125,WLS,73,0.03157437436336341
0,x_tcsc,1-14,-0.11232008029467129,59,-0.11247909888789781,WLS,73,0.00015901859322652034
1,B_svc,2,0.1853145691757945,59,0.18460197219577024,WLS,73,0.000712596980024266
2,UPFC_Vsh,5-15,1.1089225775290423,59,1.107778348469771,WLS,73,0.0011442290592713622
3,UPFC_tsh,5-15,-0.23140766822110534,59,-0.23155308022393659,WLS,73,0.00014541200283124667
4,UPFC_Vse,5-15,0.0624035821997567,59,0.06077036664881224,WLS,73,0.001633215550944464
5,UPFC_tse,5-15,-2.18400453811612,59,-2.1517179547855125,WLS,73,0.03228658333060741
0,x_tcsc,1-14,-0.11232235717900105,60,-0.11247909888789781,WLS,73,0.00015674170889676264
1,B_svc,2,0.1858722763086352,60,0.18460197219577024,WLS,73,0.0012703041128649672
2,UPFC_Vsh,5-15,1.1086072611268634,60,1.107778348469771,WLS,73,0.0008289126570923955
3,UPFC_tsh,5-15,-0.2314169681700637,60,-0.23155308022393659,WLS,73,0.00013611205387287217
4,UPFC_Vse,5-15,0.06227518964133367,60,0.06077036664881224,WLS,73,0.001504822992521429
5,UPFC_tse,5-15,-2.184489174799815,60,-2.1517179547855125,WLS,73,0.03277122001430266
0,x_tcsc,1-14,-0.11232645382149023,61,-0.11247909888789781,WLS,73,0.0001526450664075807
1,B_svc,2,0.185301861520694,61,0.18460197219577024,WLS,73,0.0006998893249237637
2,UPFC_Vsh,5-15,1.1087466783904367,61,1.107778348469771,WLS,73,0.0009683299206657558
3,UPFC_tsh,5-15,-0.231468649770612,61,-0.23155308022393659,WLS,73,8.443045332459653e-05
4,UPFC_Vse,5-15,0.06259232096605173,61,0.06077036664881224,WLS,73,0.0018219543172394922
5,UPFC_tse,5-15,-2.182090432866456,61,-2.1517179547855125,WLS,73,0.030372478080943566
0,x_tcsc,1-14,-0.11232218079114992,62,-0.11247909888789781,WLS,73,0.00015691809674789337
1,B_svc,2,0.18500149984051417,62,0.18460197219577024,WLS,73,0.00039952764474393554
2,UPFC_Vsh,5-15,1.1089207486611095,62,1.107778348469771,WLS,73,0.0011424001913384885
3,UPFC_tsh,5-15,-0.2314181754103251,62,-0.23155308022393659,WLS,73,0.000134904813611475
4,UPFC_Vse,5-15,0.06251479846986079,62,0.06077036664881224,WLS,73,0.0017444318210485463
5,UPFC_tse,5-15,-2.1856885888442186,62,-2.1517179547855125,WLS,73,0.03397063405870604
0,x_tcsc,1-14,-0.11232033315336432,63,-0.11247909888789781,WLS,73,0.00015876573453349474
1,B_svc,2,0.1850381638418327,63,0.18460197219577024,WLS,73,0.000436191646062456
2,UPFC_Vsh,5-15,1.1086835609073076,63,1.107778348469771,WLS,73,0.0009052124375366066
3,UPFC_tsh,5-15,-0.23138642779760907,63,-0.23155308022393659,WLS,73,0.0001666524263275182
4,UPFC_Vse,5-15,0.0621572742809505,63,0.06077036664881224,WLS,73,0.0013869076321382581
5,UPFC_tse,5-15,-2.184020140053718,63,-2.1517179547855125,WLS,73,0.032302185268205275
0,x_tcsc,1-14,-0.1123197769062911,64,-0.11247909888789781,WLS,73,0.0001593219816067165
1,B_svc,2,0.1853187766201397,64,0.18460197219577024,WLS,73,0.0007168044243694716
2,UPFC_Vsh,5-15,1.1085008150259754,64,1.107778348469771,WLS,73,0.0007224665562044486
3,UPFC_tsh,5-15,-0.23143333684636058,64,-0.23155308022393659,WLS,73,0.00011974337757600373
4,UPFC_Vse,5-15,0.06246181613702502,64,0.06077036664881224,WLS,73,0.0016914494882127803
5,UPFC_tse,5-15,-2.1835428041802296,64,-2.1517179547855125,WLS,73,0.03182484939471708
0,x_tcsc,1-14,-0.11232156075870776,65,-0.11247909888789781,WLS,73,0.00015753812919004628
1,B_svc,2,0.18575234574990887,65,0.18460197219577024,WLS,73,0.001150373554138634
2,UPFC_Vsh,5-15,1.1087304120201507,65,1.107778348469771,WLS,73,0.0009520635503796893
3,UPFC_tsh,5-15,-0.23142771693151945,65,-0.23155308022393659,WLS,73,0.0001253632924171355
4,UPFC_Vse,5-15,0.06238743526802175,65,0.06077036664881224,WLS,73,0.0016170686192095093
5,UPFC_tse,5-15,-2.1868674071371452,65,-2.1517179547855125,WLS,73,0.03514945235163269
0,x_tcsc,1-14,-0.11232187798575914,66,-0.11247909888789781,WLS,73,0.0001572209021386689
1,B_svc,2,0.18559663818021133,66,0.18460197219577024,WLS,73,0.0009946659844410899
2,UPFC_Vsh,5-15,1.108485312016228,66,1.107778348469771,WLS,73,0.0007069635464569402
3,UPFC_tsh,5-15,-0.23138058290825259,66,-0.23155308022393659,WLS,73,0.0001724973156840004
4,UPFC_Vse,5-15,0.06271201317265179,66,0.06077036664881224,WLS,73,0.0019416465238395533
5,UPFC_tse,5-15,-2.1811633599934246,66,-2.1517179547855125,WLS,73,0.029445405207912057
0,x_tcsc,1-14,-0.11230511721816808,67,-0.11247909888789781,WLS,73,0.0001739816697297336
1,B_svc,2,0.18556635951552503,67,0.18460197219577024,WLS,73,0.0009643873197547892
2,UPFC_Vsh,5-15,1.1087118333111685,67,1.107778348469771,WLS,73,0.0009334848413975472
3,UPFC_tsh,5-15,-0.23136542961778292,67,-0.23155308022393659,WLS,73,0.00018765060615366647
4,UPFC_Vse,5-15,0.06259584064538293,67,0.06077036664881224,WLS,73,0.0018254739965706882
5,UPFC_tse,5-15,-2.183284199741409,67,-2.1517179547855125,WLS,73,0.03156624495589666
0,x_tcsc,1-14,-0.11233429775669206,68,-0.11247909888789781,WLS,73,0.00014480113120575455
1,B_svc,2,0.18555571165244206,68,0.18460197219577024,WLS,73,0.0009537394566718205
2,UPFC_Vsh,5-15,1.1090074536556194,68,1.107778348469771,WLS,73,0.0012291051858484003
3,UPFC_tsh,5-15,-0.23139436000355967,68,-0.23155308022393659,WLS,73,0.00015872022037691225
4,UPFC_Vse,5-15,0.062031007821152104,68,0.06077036664881224,WLS,73,0.0012606411723398644
5,UPFC_tse,5-15,-2.1824347822181593,68,-2.1517179547855125,WLS,73,0.03071682743264681
0,x_tcsc,1-14,-0.11233371550082047,69,-0.11247909888789781,WLS,73,0.00014538338707734133
1,B_svc,2,0.1852307550296282,69,0.18460197219577024,WLS,73,0.0006287828338579771
2,UPFC_Vsh,5-15,1.108799963869847,69,1.107778348469771,WLS,73,0.001021615400075948
3,UPFC_tsh,5-15,-0.2313922986293316,69,-0.23155308022393659,WLS,73,0.0001607815946049751
4,UPFC_Vse,5-15,0.061922711479185225,69,0.06077036664881224,WLS,73,0.0011523448303729852
5,UPFC_tse,5-15,-2.1836910305692294,69,-2.1517179547855125,WLS,73,0.03197307578371689
0,x_tcsc,1-14,-0.11232055760222055,70,-0.11247909888789781,WLS,73,0.00015854128567725778
1,B_svc,2,0.18497980635848002,70,0.18460197219577024,WLS,73,0.00037783416270978365
2,UPFC_Vsh,5-15,1.1087603086282414,70,1.107778348469771,WLS,73,0.0009819601584704074
3,UPFC_tsh,5-15,-0.23134608025771877,70,-0.23155308022393659,WLS,73,0.00020699996621781347
4,UPFC_Vse,5-15,0.06229622229146781,70,0.06077036664881224,WLS,73,0.0015258556426555672
5,UPFC_tse,5-15,-2.183202189690043,70,-2.1517179547855125,WLS,73,0.03148423490453034
0,x_tcsc,1-14,-0.11231098340595873,71,-0.11247909888789781,WLS,73,0.00016811548193908232
1,B_svc,2,0.1854567714331092,71,0.18460197219577024,WLS,73,0.0008547992373389712
2,UPFC_Vsh,5-15,1.1089805763714136,71,1.107778348469771,WLS,73,0.001202227901642594
3,UPFC_tsh,5-15,-0.23139236665335727,71,-0.23155308022393659,WLS,73,0.0001607135705793128
4,UPFC_Vse,5-15,0.06296423782401074,71,0.06077036664881224,WLS,73,0.0021938711751985016
5,UPFC_tse,5-15,-2.1795174434468287,71,-2.1517179547855125,WLS,73,0.027799488661316207
0,x_tcsc,1-14,-0.11233054257037138,72,-0.11247909888789781,WLS,73,0.00014855631752642984
1,B_svc,2,0.18500303952134706,72,0.18460197219577024,WLS,73,0.00040106732557682045
2,UPFC_Vsh,5-15,1.109032073462234,72,1.107778348469771,WLS,73,0.0012537249924631233
3,UPFC_tsh,5-15,-0.23134964907231326,72,-0.23155308022393659,WLS,73,0.00020343115162332892
4,UPFC_Vse,5-15,0.06221242290406625,72,0.06077036664881224,WLS,73,0.0014420562552540095
5,UPFC_tse,5-15,-2.185276133531317,72,-2.1517179547855125,WLS,73,0.03355817874580458
0,x_tcsc,1-14,-0.11232059125896993,73,-0.11247909888789781,WLS,73,0.00015850762892788417
1,B_svc,2,0.1858462657004812,73,0.18460197219577024,WLS,73,0.0012442935047109749
2,UPFC_Vsh,5-15,1.1090575852543763,73,1.107778348469771,WLS,73,0.0012792367846052866
3,UPFC_tsh,5-15,-0.23141846091101534,73,-0.23155308022393659,WLS,73,0.00013461931292124696
4,UPFC_Vse,5-15,0.062428388662269324,73,0.06077036664881224,WLS,73,0.0016580220134570847
5,UPFC_tse,5-15,-2.1839477383879444,73,-2.1517179547855125,WLS,73,0.032229783602431894
0,x_tcsc,1-14,-0.112326764172316,74,-0.11247909888789781,WLS,73,0.0001523347155818061
1,B_svc,2,0.18567038340890354,74,0.18460197219577024,WLS,73,0.0010684112131333079
2,UPFC_Vsh,5-15,1.1087509018282578,74,1.107778348469771,WLS,73,0.0009725533584867829
3,UPFC_tsh,5-15,-0.23148378535853684,74,-0.23155308022393659,WLS,73,6.929486539974938e-05
4,UPFC_Vse,5-15,0.06247683435774156,74,0.06077036664881224,WLS,73,0.0017064677089293212
5,UPFC_tse,5-15,-2.1847698155193043,74,-2.1517179547855125,WLS,73,0.03305186073379174
0,x_tcsc,1-14,-0.11232910448550838,75,-0.11247909888789781,WLS,73,0.00014999440238942785
1,B_svc,2,0.18568004317016581,75,0.18460197219577024,WLS,73,0.0010780709743955785
2,UPFC_Vsh,5-15,1.1086165384360815,75,1.107778348469771,WLS,73,0.0008381899663105763
3,UPFC_tsh,5-15,-0.2314589312644621,75,-0.23155308022393659,WLS,73,9.41489594744882e-05
4,UPFC_Vse,5-15,0.06251617359969498,75,0.06077036664881224,WLS,73,0.0017458069508827431
5,UPFC_tse,5-15,-2.1860298808379035,75,-2.1517179547855125,WLS,73,0.03431192605239097
0,x_tcsc,1-14,-0.11232552432581318,76,-0.11247909888789781,WLS,73,0.00015357456208463238
1,B_svc,2,0.18608097567320156,76,0.18460197219577024,WLS,73,0.0014790034774313232
2,UPFC_Vsh,5-15,1.1091279995437238,76,1.107778348469771,WLS,73,0.0013496510739527956
3,UPFC_tsh,5-15,-0.23137905331244008,76,-0.23155308022393659,WLS,73,0.00017402691149651095
4,UPFC_Vse,5-15,0.062237921628873,76,0.06077036664881224,WLS,73,0.0014675549800607576
5,UPFC_tse,5-15,-2.1814861071620855,76,-2.1517179547855125,WLS,73,0.02976815237657293
0,x_tcsc,1-14,-0.11232081313591469,77,-0.11247909888789781,WLS,73,0.00015828575198312267
1,B_svc,2,0.18508590187407273,77,0.18460197219577024,WLS,73,0.00048392967830249156
2,UPFC_Vsh,5-15,1.1085925655510096,77,1.107778348469771,WLS,73,0.0008142170812386329
3,UPFC_tsh,5-15,-0.23140691799475707,77,-0.23155308022393659,WLS,73,0.00014616222917951394
4,UPFC_Vse,5-15,0.0627884907703297,77,0.06077036664881224,WLS,73,0.002018124121517466
5,UPFC_tse,5-15,-2.182248153515513,77,-2.1517179547855125,WLS,73,0.030530198730000624
0,x_tcsc,1-14,-0.11231852517903201,78,-0.11247909888789781,WLS,73,0.00016057370886579658
1,B_svc,2,0.18515520315839207,78,0.18460197219577024,WLS,73,0.0005532309626218312
2,UPFC_Vsh,5-15,1.1086402790631462,78,1.107778348469771,WLS,73,0.0008619305933752486
3,UPFC_tsh,5-15,-0.23145321695770146,78,-0.23155308022393659,WLS,73,9.986326623512287e-05
4,UPFC_Vse,5-15,0.06278399656129818,78,0.06077036664881224,WLS,73,0.002013629912485944
5,UPFC_tse,5-15,-2.1819365091704683,78,-2.1517179547855125,WLS,73,0.030218554384955798
0,x_tcsc,1-14,-0.11231894300503176,79,-0.11247909888789781,WLS,73,0.0001601558828660532
1,B_svc,2,0.1856598045046407,79,0.18460197219577024,WLS,73,0.0010578323088704655
2,UPFC_Vsh,5-15,1.1088313332842155,79,1.107778348469771,WLS,73,0.0010529848144444909
3,UPFC_tsh,5-15,-0.23138295497921868,79,-0.23155308022393659,WLS,73,0.0001701252447179058
4,UPFC_Vse,5-15,0.06184275825377641,79,0.06077036664881224,WLS,73,0.001072391604964168
5,UPFC_tse,5-15,-2.183163366138456,79,-2.1517179547855125,WLS,73,0.03144541135294343
0,x_tcsc,1-14,-0.11232188640508346,80,-0.11247909888789781,WLS,73,0.00015721248281434785
1,B_svc,2,0.18577160516328878,80,0.18460197219577024,WLS,73,0.0011696329675185413
2,UPFC_Vsh,5-15,1.108875750579338,80,1.107778348469771,WLS,73,0.0010974021095671027
3,UPFC_tsh,5-15,-0.23143137512907516,80,-0.23155308022393659,WLS,73,0.000121705094861424
4,UPFC_Vse,5-15,0.06259725387106495,80,0.06077036664881224,WLS,73,0.0018268872222527086
5,UPFC_tse,5-15,-2.1859511028516683,80,-2.1517179547855125,WLS,73,0.03423314806615574
0,x_tcsc,1-14,-0.11232066287077756,81,-0.11247909888789781,WLS,73,0.00015843601712024757
1,B_svc,2,0.1854705536163233,81,0.18460197219577024,WLS,73,0.0008685814205530717
2,UPFC_Vsh,5-15,1.1083996550477158,81,1.107778348469771,WLS,73,0.0006213065779447913
3,UPFC_tsh,5-15,-0.23142236545881834,81,-0.23155308022393659,WLS,73,0.00013071476511825053
4,UPFC_Vse,5-15,0.06195566760572532,81,0.06077036664881224,WLS,73,0.0011853009569130837
5,UPFC_tse,5-15,-2.186342406531305,81,-2.1517179547855125,WLS,73,0.03462445174579232
0,x_tcsc,1-14,-0.11232729194583793,82,-0.11247909888789781,WLS,73,0.00015180694205987888
1,B_svc,2,0.18570780624441224,82,0.18460197219577024,WLS,73,0.001105834048642007
2,UPFC_Vsh,5-15,1.1088180526310258,82,1.107778348469771,WLS,73,0.001039704161254873
3,UPFC_tsh,5-15,-0.23140707175685785,82,-0.23155308022393659,WLS,73,0.00014600846707873982
4,UPFC_Vse,5-15,0.06292611675011109,82,0.06077036664881224,WLS,73,0.002155750101298849
5,UPFC_tse,5-15,-2.182421146275764,82,-2.1517179547855125,WLS,73,0.03070319149025158
0,x_tcsc,1-14,-0.11231021837841683,83,-0.11247909888789781,WLS,73,0.00016888050948098143
1,B_svc,2,0.18589774959225944,83,0.18460197219577024,WLS,73,0.0012957773964892005
2,UPFC_Vsh,5-15,1.1089473623496078,83,1.107778348469771,WLS,73,0.001169013879836811
3,UPFC_tsh,5-15,-0.23141971225396848,83,-0.23155308022393659,WLS,73,0.00013336796996810119
4,UPFC_Vse,5-15,0.06254618530831314,83,0.06077036664881224,WLS,73,0.0017758186595009037
5,UPFC_tse,5-15,-2.1875841173035493,83,-2.1517179547855125,WLS,73,0.03586616251803676
0,x_tcsc,1-14,-0.1123243926550338,84,-0.11247909888789781,WLS,73,0.0001547062328640103
1,B_svc,2,0.18525005613229584,84,0.18460197219577024,WLS,73,0.0006480839365256008
2,UPFC_Vsh,5-15,1.1087452350288214,84,1.107778348469771,WLS,73,0.0009668865590504172
3,UPFC_tsh,5-15,-0.23140121462972374,84,-0.23155308022393659,WLS,73,0.00015186559421284662
4,UPFC_Vse,5-15,0.06280648412239842,84,0.06077036664881224,WLS,73,0.002036117473586181
5,UPFC_tse,5-15,-2.183410778847031,84,-2.1517179547855125,WLS,73,0.03169282406151863
0,x_tcsc,1-14,-0.11232694409026496,85,-0.11247909888789781,WLS,73,0.00015215479763285022
1,B_svc,2,0.18554917889393116,85,0.18460197219577024,WLS,73,0.000947206698160924
2,UPFC_Vsh,5-15,1.1090527974422202,85,1.107778348469771,WLS,73,0.0012744489724492158
3,UPFC_tsh,5-15,-0.23140340329554795,85,-0.23155308022393659,WLS,73,0.00014967692838863123
4,UPFC_Vse,5-15,0.062044738437574416,85,0.06077036664881224,WLS,73,0.001274371788762177
5,UPFC_tse,5-15,-2.1855735763349533,85,-2.1517179547855125,WLS,73,0.03385562154944077
0,x_tcsc,1-14,-0.11232803968392728,86,-0.11247909888789781,WLS,73,0.00015105920397052996
1,B_svc,2,0.1857572016403041,86,0.18460197219577024,WLS,73,0.0011552294445338618
2,UPFC_Vsh,5-15,1.10876234118432,86,1.107778348469771,WLS,73,0.0009839927145489646
3,UPFC_tsh,5-15,-0.23141092562281626,86,-0.23155308022393659,WLS,73,0.00014215460112032563
4,UPFC_Vse,5-15,0.06223740044574992,86,0.06077036664881224,WLS,73,0.001467033796937682
5,UPFC_tse,5-15,-2.1844376304741666,86,-2.1517179547855125,WLS,73,0.03271967568865408
0,x_tcsc,1-14,-0.11232247479544885,87,-0.11247909888789781,WLS,73,0.00015662409244895925
1,B_svc,2,0.18535940663354336,87,0.18460197219577024,WLS,73,0.0007574344377731246
2,UPFC_Vsh,5-15,1.1087700330483865,87,1.107778348469771,WLS,73,0.000991684578615537
3,UPFC_tsh,5-15,-0.23138775615952994,87,-0.23155308022393659,WLS,73,0.00016532406440664116
4,UPFC_Vse,5-15,0.06270549892275809,87,0.06077036664881224,WLS,73,0.0019351322739458512
5,UPFC_tse,5-15,-2.184230608749935,87,-2.1517179547855125,WLS,73,0.03251265396442227
0,x_tcsc,1-14,-0.11230977541936392,88,-0.11247909888789781,WLS,73,0.00016932346853389124
1,B_svc,2,0.1858301568201562,88,0.18460197219577024,WLS,73,0.0012281846243859529
2,UPFC_Vsh,5-15,1.1089931835215898,88,1.107778348469771,WLS,73,0.0012148350518188522
3,UPFC_tsh,5-15,-0.2313794419670479,88,-0.23155308022393659,WLS,73,0.00017363825688868073
4,UPFC_Vse,5-15,0.0619259115560082,88,0.06077036664881224,WLS,73,0.0011555449071959586
5,UPFC_tse,5-15,-2.181685378901425,88,-2.1517179547855125,WLS,73,0.02996742411591269
0,x_tcsc,1-14,-0.11231624389619392,89,-0.11247909888789781,WLS,73,0.00016285499170388962
1,B_svc,2,0.185306526487121,89,0.18460197219577024,WLS,73,0.000704554291350773
2,UPFC_Vsh,5-15,1.108875144839617,89,1.107778348469771,WLS,73,0.0010967963698460537
3,UPFC_tsh,5-15,-0.2314100637729266,89,-0.23155308022393659,WLS,73,0.00014301645100997518
4,UPFC_Vse,5-15,0.06208561325024227,89,0.06077036664881224,WLS,73,0.0013152466014300299
5,UPFC_tse,5-15,-2.18307798324651,89,-2.1517179547855125,WLS,73,0.03136002846099739
0,x_tcsc,1-14,-0.11232417434957266,90,-0.11247909888789781,WLS,73,0.00015492453832514907
1,B_svc,2,0.18535710600903824,90,0.18460197219577024,WLS,73,0.0007551338132679997
2,UPFC_Vsh,5-15,1.108780778448043,90,1.107778348469771,WLS,73,0.0010024299782720458
3,UPFC_tsh,5-15,-0.23148462196947484,90,-0.23155308022393659,WLS,73,6.845825446175069e-05
4,UPFC_Vse,5-15,0.062357547001740635,90,0.06077036664881224,WLS,73,0.0015871803529283954
5,UPFC_tse,5-15,-2.183543505688191,90,-2.1517179547855125,WLS,73,0.03182555090267858
0,x_tcsc,1-14,-0.11231505434912474,91,-0.11247909888789781,WLS,73,0.0001640445387730699
1,B_svc,2,0.1859482522536196,91,0.18460197219577024,WLS,73,0.0013462800578493694
2,UPFC_Vsh,5-15,1.108850349401216,91,1.107778348469771,WLS,73,0.0010720009314451051
3,UPFC_tsh,5-15,-0.2314216778390977,91,-0.23155308022393659,WLS,73,0.00013140238483888567
4,UPFC_Vse,5-15,0.06263002061556229,91,0.06077036664881224,WLS,73,0.0018596539667500508
5,UPFC_tse,5-15,-2.180188066172459,91,-2.1517179547855125,WLS,73,0.02847011138694633
0,x_tcsc,1-14,-0.11232997152746141,92,-0.11247909888789781,WLS,73,0.00014912736043640185
1,B_svc,2,0.18557696746245628,92,0.18460197219577024,WLS,73,0.0009749952666860406
2,UPFC_Vsh,5-15,1.1087935290936677,92,1.107778348469771,WLS,73,0.0010151806238967165
3,UPFC_tsh,5-15,-0.23143747337718232,92,-0.23155308022393659,WLS,73,0.00011560684675426813
4,UPFC_Vse,5-15,0.06272499194806325,92,0.06077036664881224,WLS,73,0.0019546252992510074
5,UPFC_tse,5-15,-2.181220029702818,92,-2.1517179547855125,WLS,73,0.02950207491730561
0,x_tcsc,1-14,-0.11231543480188445,93,-0.11247909888789781,WLS,73,0.00016366408601335702
1,B_svc,2,0.18516508142428503,93,0.18460197219577024,WLS,73,0.0005631092285147965
2,UPFC_Vsh,5-15,1.1086714371820208,93,1.107778348469771,WLS,73,0.000893088712249801
3,UPFC_tsh,5-15,-0.23139055756916485,93,-0.23155308022393659,WLS,73,0.0001625226547717351
4,UPFC_Vse,5-15,0.06223278034055494,93,0.06077036664881224,WLS,73,0.0014624136917427005
5,UPFC_tse,5-15,-2.184628652070289,93,-2.1517179547855125,WLS,73,0.03291069728477636
0,x_tcsc,1-14,-0.11231634015354638,94,-0.11247909888789781,WLS,73,0.00016275873435142585
1,B_svc,2,0.18557579191767432,94,0.18460197219577024,WLS,73,0.000973819721904079
2,UPFC_Vsh,5-15,1.1086429383069143,94,1.107778348469771,WLS,73,0.0008645898371433258
3,UPFC_tsh,5-15,-0.23144003917871891,94,-0.23155308022393659,WLS,73,0.00011304104521767111
4,UPFC_Vse,5-15,0.06259276934289312,94,0.06077036664881224,WLS,73,0.0018224026940808838
5,UPFC_tse,5-15,-2.1819972094276916,94,-2.1517179547855125,WLS,73,0.030279254642179065
0,x_tcsc,1-14,-0.11232373177532676,95,-0.11247909888789781,WLS,73,0.00015536711257105318
1,B_svc,2,0.1856167141200291,95,0.18460197219577024,WLS,73,0.0010147419242588773
2,UPFC_Vsh,5-15,1.1087748391215704,95,1.107778348469771,WLS,73,0.0009964906517994088
3,UPFC_tsh,5-15,-0.23135278974828669,95,-0.23155308022393659,WLS,73,0.0002002904756499002
4,UPFC_Vse,5-15,0.06261370221377605,95,0.06077036664881224,WLS,73,0.0018433355649638064
5,UPFC_tse,5-15,-2.1844152112394157,95,-2.1517179547855125,WLS,73,0.0326972564539032
0,x_tcsc,1-14,-0.11231145488371705,96,-0.11247909888789781,WLS,73,0.00016764400418076142
1,B_svc,2,0.18539196142053144,96,0.18460197219577024,WLS,73,0.0007899892247612006
2,UPFC_Vsh,5-15,1.1090340538554662,96,1.107778348469771,WLS,73,0.0012557053856951939
3,UPFC_tsh,5-15,-0.2314263489787013,96,-0.23155308022393659,WLS,73,0.00012673124523529533
4,UPFC_Vse,5-15,0.06259112054042133,96,0.06077036664881224,WLS,73,0.0018207538916090935
5,UPFC_tse,5-15,-2.1829204793960835,96,-2.1517179547855125,WLS,73,0.031202524610570936
0,x_tcsc,1-14,-0.112318432270139,97,-0.11247909888789781,WLS,73,0.0001606666177588062
1,B_svc,2,0.18575430398168516,97,0.18460197219577024,WLS,73,0.001152331785914923
2,UPFC_Vsh,5-15,1.108502399010066,97,1.107778348469771,WLS,73,0.000724050540295007
3,UPFC_tsh,5-15,-0.23149368986922933,97,-0.23155308022393659,WLS,73,5.9390354707256066e-05
4,UPFC_Vse,5-15,0.06314667987396348,97,0.06077036664881224,WLS,73,0.002376313225151243
5,UPFC_tse,5-15,-2.185512846370541,97,-2.1517179547855125,WLS,73,0.03379489158502835
0,x_tcsc,1-14,-0.11232314591738345,98,-0.11247909888789781,WLS,73,0.0001559529705143642
1,B_svc,2,0.18562574125292747,98,0.18460197219577024,WLS,73,0.001023769057157231
2,UPFC_Vsh,5-15,1.1091516805292998,98,1.107778348469771,WLS,73,0.0013733320595288312
3,UPFC_tsh,5-15,-0.23138152794347014,98,-0.23155308022393659,WLS,73,0.0001715522804664471
4,UPFC_Vse,5-15,0.06234471067105799,98,0.06077036664881224,WLS,73,0.0015743440222457522
5,UPFC_tse,5-15,-2.1858718287623717,98,-2.1517179547855125,WLS,73,0.034153873976859206
0,x_tcsc,1-14,-0.11231606218759341,99,-0.11247909888789781,WLS,73,0.0001630367003044031
1,B_svc,2,0.18572960042846748,99,0.18460197219577024,WLS,73,0.001127628232697242
2,UPFC_Vsh,5-15,1.1085542160525328,99,1.107778348469771,WLS,73,0.0007758675827618244
3,UPFC_tsh,5-15,-0.23147870052216393,99,-0.23155308022393659,WLS,73,7.43797017726533e-05
4,UPFC_Vse,5-15,0.06253771135724259,99,0.06077036664881224,WLS,73,0.0017673447084303531
5,UPFC_tse,5-15,-2.18088817982112,99,-2.1517179547855125,WLS,73,0.029170225035607622
0,x_tcsc,1-14,-0.11315627778060088,0,-0.11330319200886299,WLS,75,0.00014691422826211553
1,B_svc,2,0.1862191171859393,0,0.18573876621990773,WLS,75,0.00048035096603157856
2,UPFC_Vsh,5-15,1.1088080955878412,0,1.1071370504650786,WLS,75,0.0016710451227626155
3,UPFC_tsh,5-15,-0.23064898051395571,0,-0.23076214785449695,WLS,75,0.00011316734054123145
4,UPFC_Vse,5-15,0.06259323845313604,0,0.06081851734233769,WLS,75,0.0017747211107983496
5,UPFC_tse,5-15,-2.1839876129458657,0,-2.1524546571618854,WLS,75,0.0315329557839803
0,x_tcsc,1-14,-0.1131511337140543,1,-0.11330319200886299,WLS,75,0.00015205829480868793
1,B_svc,2,0.18626088372249955,1,0.18573876621990773,WLS,75,0.0005221175025918179
2,UPFC_Vsh,5-15,1.1089181395621555,1,1.1071370504650786,WLS,75,0.00178108909707686
3,UPFC_tsh,5-15,-0.2306176829613514,1,-0.23076214785449695,WLS,75,0.00014446489314554056
4,UPFC_Vse,5-15,0.06275534164625562,1,0.06081851734233769,WLS,75,0.0019368243039179361
5,UPFC_tse,5-15,-2.181272044317697,1,-2.1524546571618854,WLS,75,0.028817387155811502
0,x_tcsc,1-14,-0.11313859498400194,2,-0.11330319200886299,WLS,75,0.00016459702486104621
1,B_svc,2,0.18646734971680043,2,0.18573876621990773,WLS,75,0.0007285834968926985
2,UPFC_Vsh,5-15,1.1087142938922017,2,1.1071370504650786,WLS,75,0.001577243427123065
3,UPFC_tsh,5-15,-0.23061254644322565,2,-0.23076214785449695,WLS,75,0.000149601411271294
4,UPFC_Vse,5-15,0.06260447016719076,2,0.06081851734233769,WLS,75,0.0017859528248530682
5,UPFC_tse,5-15,-2.184661711591565,2,-2.1524546571618854,WLS,75,0.03220705442967953
0,x_tcsc,1-14,-0.11315612089664906,3,-0.11330319200886299,WLS,75,0.0001470711122139312
1,B_svc,2,0.1867748076585206,3,0.18573876621990773,WLS,75,0.0010360414386128558
2,UPFC_Vsh,5-15,1.1090162451892838,3,1.1071370504650786,WLS,75,0.0018791947242051688
3,UPFC_tsh,5-15,-0.23058329826232168,3,-0.23076214785449695,WLS,75,0.00017884959217526197
4,UPFC_Vse,5-15,0.06308186220147305,3,0.06081851734233769,WLS,75,0.0022633448591353605
5,UPFC_tse,5-15,-2.185139193989423,3,-2.1524546571618854,WLS,75,0.03268453682753769
0,x_tcsc,1-14,-0.11314370390401375,4,-0.11330319200886299,WLS,75,0.0001594881048492397
1,B_svc,2,0.1867033500389994,4,0.18573876621990773,WLS,75,0.0009645838190916745
2,UPFC_Vsh,5-15,1.1087263482527392,4,1.1071370504650786,WLS,75,0.001589297787660593
3,UPFC_tsh,5-15,-0.2306018621285225,4,-0.23076214785449695,WLS,75,0.00016028572597445723
4,UPFC_Vse,5-15,0.062359256635309473,4,0.06081851734233769,WLS,75,0.001540739292971785
5,UPFC_tse,5-15,-2.1834415574234294,4,-2.1524546571618854,WLS,75,0.030986900261543937
0,x_tcsc,1-14,-0.1131318404966586,5,-0.11330319200886299,WLS,75,0.00017135151220439016
1,B_svc,2,0.186497431069119,5,0.18573876621990773,WLS,75,0.0007586648492112769
2,UPFC_Vsh,5-15,1.108984795962757,5,1.1071370504650786,WLS,75,0.0018477454976784102
3,UPFC_tsh,5-15,-0.23059340108670934,5,-0.23076214785449695,WLS,75,0.00016874676778760866
4,UPFC_Vse,5-15,0.06271007901150208,5,0.06081851734233769,WLS,75,0.0018915616691643905
5,UPFC_tse,5-15,-2.1855480318559706,5,-2.1524546571618854,WLS,75,0.03309337469408513
0,x_tcsc,1-14,-0.11315124565314083,6,-0.11330319200886299,WLS,75,0.0001519463557221601
1,B_svc,2,0.18636616379092183,6,0.18573876621990773,WLS,75,0.0006273975710140989
2,UPFC_Vsh,5-15,1.1084543447148925,6,1.1071370504650786,WLS,75,0.0013172942498138607
3,UPFC_tsh,5-15,-0.2306949717888379,6,-0.23076214785449695,WLS,75,6.717606565903589e-05
4,UPFC_Vse,5-15,0.06226372037944905,6,0.06081851734233769,WLS,75,0.0014452030371113617
5,UPFC_tse,5-15,-2.186162044108199,6,-2.1524546571618854,WLS,75,0.03370738694631337
0,x_tcsc,1-14,-0.1131406204610034,7,-0.11330319200886299,WLS,75,0.00016257154785959127
1,B_svc,2,0.18653535593854417,7,0.18573876621990773,WLS,75,0.0007965897186364423
2,UPFC_Vsh,5-15,1.1086648790194076,7,1.1071370504650786,WLS,75,0.0015278285543289805
3,UPFC_tsh,5-15,-0.23068662040304716,7,-0.23076214785449695,WLS,75,7.552745144978612e-05
4,UPFC_Vse,5-15,0.06249629146737683,7,0.06081851734233769,WLS,75,0.0016777741250391387
5,UPFC_tse,5-15,-2.1811771403502496,7,-2.1524546571618854,WLS,75,0.028722483188364123
0,x_tcsc,1-14,-0.1131485922511838,8,-0.11330319200886299,WLS,75,0.00015459975767918854
1,B_svc,2,0.18648195614995297,8,0.18573876621990773,WLS,75,0.0007431899300452405
2,UPFC_Vsh,5-15,1.1086026054080262,8,1.1071370504650786,WLS,75,0.0014655549429476444
3,UPFC_tsh,5-15,-0.23058977771367956,8,-0.23076214785449695,WLS,75,0.00017237014081739055
4,UPFC_Vse,5-15,0.06288383508284506,8,0.06081851734233769,WLS,75,0.0020653177405073747
5,UPFC_tse,5-15,-2.1801065264863735,8,-2.1524546571618854,WLS,75,0.027651869324488043
0,x_tcsc,1-14,-0.11313939880168562,9,-0.11330319200886299,WLS,75,0.0001637932071773679
1,B_svc,2,0.18643563496733492,9,0.18573876621990773,WLS,75,0.0006968687474271928
2,UPFC_Vsh,5-15,1.108984380245432,9,1.1071370504650786,WLS,75,0.0018473297803534017
3,UPFC_tsh,5-15,-0.23062233065767027,9,-0.23076214785449695,WLS,75,0.00013981719682668037
4,UPFC_Vse,5-15,0.06246323312726338,9,0.06081851734233769,WLS,75,0.0016447157849256919
5,UPFC_tse,5-15,-2.183328734532471,9,-2.1524546571618854,WLS,75,0.03087407737058534
0,x_tcsc,1-14,-0.11315213650603588,10,-0.11330319200886299,WLS,75,0.00015105550282711044
1,B_svc,2,0.18639042627948818,10,0.18573876621990773,WLS,75,0.00065166005958045
2,UPFC_Vsh,5-15,1.1088307187445925,10,1.1071370504650786,WLS,75,0.0016936682795138935
3,UPFC_tsh,5-15,-0.23057962355725653,10,-0.23076214785449695,WLS,75,0.0001825242972404162
4,UPFC_Vse,5-15,0.0626998629050067,10,0.06081851734233769,WLS,75,0.001881345562669015
5,UPFC_tse,5-15,-2.1805763888158376,10,-2.1524546571618854,WLS,75,0.028121731653952153
0,x_tcsc,1-14,-0.11313405332225246,11,-0.11330319200886299,WLS,75,0.00016913868661053155
1,B_svc,2,0.18699240850752905,11,0.18573876621990773,WLS,75,0.001253642287621315
2,UPFC_Vsh,5-15,1.1084939283054767,11,1.1071370504650786,WLS,75,0.001356877840398063
3,UPFC_tsh,5-15,-0.23067073009943895,11,-0.23076214785449695,WLS,75,9.141775505799865e-05
4,UPFC_Vse,5-15,0.0627831308664471,11,0.06081851734233769,WLS,75,0.0019646135241094126
5,UPFC_tse,5-15,-2.1832268582743684,11,-2.1524546571618854,WLS,75,0.03077220111248291
0,x_tcsc,1-14,-0.11313131053578483,12,-0.11330319200886299,WLS,75,0.0001718814730781587
1,B_svc,2,0.186269047365633,12,0.18573876621990773,WLS,75,0.0005302811457252588
2,UPFC_Vsh,5-15,1.108922162876352,12,1.1071370504650786,WLS,75,0.0017851124112733263
3,UPFC_tsh,5-15,-0.23062174456818882,12,-0.23076214785449695,WLS,75,0.00014040328630812726
4,UPFC_Vse,5-15,0.06321255191333082,12,0.06081851734233769,WLS,75,0.002394034570993131
5,UPFC_tse,5-15,-2.1815386258708553,12,-2.1524546571618854,WLS,75,0.0290839687089699
0,x_tcsc,1-14,-0.11312768502125255,13,-0.11330319200886299,WLS,75,0.0001755069876104437
1,B_svc,2,0.18669465987573808,13,0.18573876621990773,WLS,75,0.0009558936558303477
2,UPFC_Vsh,5-15,1.1088792470839384,13,1.1071370504650786,WLS,75,0.0017421966188597704
3,UPFC_tsh,5-15,-0.23057051599770187,13,-0.23076214785449695,WLS,75,0.000191631856795077
4,UPFC_Vse,5-15,0.06215344982829284,13,0.06081851734233769,WLS,75,0.0013349324859551481
5,UPFC_tse,5-15,-2.187904331816814,13,-2.1524546571618854,WLS,75,0.03544967465492865
0,x_tcsc,1-14,-0.1131486395962445,14,-0.11330319200886299,WLS,75,0.00015455241261849717
1,B_svc,2,0.18627596292579543,14,0.18573876621990773,WLS,75,0.0005371967058876992
2,UPFC_Vsh,5-15,1.1089518035142647,14,1.1071370504650786,WLS,75,0.001814753049186102
3,UPFC_tsh,5-15,-0.23061191526829342,14,-0.23076214785449695,WLS,75,0.0001502325862035303
4,UPFC_Vse,5-15,0.06228997236363235,14,0.06081851734233769,WLS,75,0.001471455021294664
5,UPFC_tse,5-15,-2.1843389258307293,14,-2.1524546571618854,WLS,75,0.03188426866884386
0,x_tcsc,1-14,-0.11315680727830077,15,-0.11330319200886299,WLS,75,0.00014638473056222123
1,B_svc,2,0.18624239220876124,15,0.18573876621990773,WLS,75,0.0005036259888535066
2,UPFC_Vsh,5-15,1.1089699563687174,15,1.1071370504650786,WLS,75,0.0018329059036388262
3,UPFC_tsh,5-15,-0.23057183276165963,15,-0.23076214785449695,WLS,75,0.00019031509283731762
4,UPFC_Vse,5-15,0.062446315988588,15,0.06081851734233769,WLS,75,0.00162779864625031
5,UPFC_tse,5-15,-2.1824549857130604,15,-2.1524546571618854,WLS,75,0.03000032855117496
0,x_tcsc,1-14,-0.11314364338974899,16,-0.11330319200886299,WLS,75,0.00015954861911400553
1,B_svc,2,0.18657554347408825,16,0.18573876621990773,WLS,75,0.0008367772541805207
2,UPFC_Vsh,5-15,1.109110909554253,16,1.1071370504650786,WLS,75,0.001973859089174468
3,UPFC_tsh,5-15,-0.23069447674647087,16,-0.23076214785449695,WLS,75,6.767110802607945e-05
4,UPFC_Vse,5-15,0.062031322122162454,16,0.06081851734233769,WLS,75,0.0012128047798247651
5,UPFC_tse,5-15,-2.187200049949363,16,-2.1524546571618854,WLS,75,0.03474539278747768
0,x_tcsc,1-14,-0.11316393442527203,17,-0.11330319200886299,WLS,75,0.00013925758359095708
1,B_svc,2,0.18663397775980198,17,0.18573876621990773,WLS,75,0.0008952115398942473
2,UPFC_Vsh,5-15,1.1092319564166164,17,1.1071370504650786,WLS,75,0.0020949059515378288
3,UPFC_tsh,5-15,-0.23055315058831508,17,-0.23076214785449695,WLS,75,0.00020899726618187064
4,UPFC_Vse,5-15,0.06296571096509389,17,0.06081851734233769,WLS,75,0.0021471936227561994
5,UPFC_tse,5-15,-2.181104391183838,17,-2.1524546571618854,WLS,75,0.0286497340219527
0,x_tcsc,1-14,-0.11314023468396144,18,-0.11330319200886299,WLS,75,0.00016295732490155534
1,B_svc,2,0.18622074698036264,18,0.18573876621990773,WLS,75,0.0004819807604549142
2,UPFC_Vsh,5-15,1.1089337355258468,18,1.1071370504650786,WLS,75,0.0017966850607682439
3,UPFC_tsh,5-15,-0.23062650113148783,18,-0.23076214785449695,WLS,75,0.00013564672300911407
4,UPFC_Vse,5-15,0.06280916024919143,18,0.06081851734233769,WLS,75,0.0019906429068537457
5,UPFC_tse,5-15,-2.1834655401687506,18,-2.1524546571618854,WLS,75,0.031010883006865164
0,x_tcsc,1-14,-0.11314020243587967,19,-0.11330319200886299,WLS,75,0.00016298957298331584
1,B_svc,2,0.1861215196654455,19,0.18573876621990773,WLS,75,0.00038275344553775903
2,UPFC_Vsh,5-15,1.1085234061168938,19,1.1071370504650786,WLS,75,0.0013863556518152187
3,UPFC_tsh,5-15,-0.23063167066891724,19,-0.23076214785449695,WLS,75,0.00013047718557970822
4,UPFC_Vse,5-15,0.06268626823936108,19,0.06081851734233769,WLS,75,0.0018677508970233875
5,UPFC_tse,5-15,-2.182194151201575,19,-2.1524546571618854,WLS,75,0.02973949403968934
0,x_tcsc,1-14,-0.11314688986427818,20,-0.11330319200886299,WLS,75,0.0001563021445848134
1,B_svc,2,0.18670576429382507,20,0.18573876621990773,WLS,75,0.0009669980739173412
2,UPFC_Vsh,5-15,1.10890608127919,20,1.1071370504650786,WLS,75,0.0017690308141113942
3,UPFC_tsh,5-15,-0.2306151302110689,20,-0.23076214785449695,WLS,75,0.00014701764342803236
4,UPFC_Vse,5-15,0.062220430174653604,20,0.06081851734233769,WLS,75,0.0014019128323159158
5,UPFC_tse,5-15,-2.18525418884211,20,-2.1524546571618854,WLS,75,0.032799531680224536
0,x_tcsc,1-14,-0.11314229833536125,21,-0.11330319200886299,WLS,75,0.00016089367350173578
1,B_svc,2,0.18689293751955482,21,0.18573876621990773,WLS,75,0.0011541712996470943
2,UPFC_Vsh,5-15,1.1092079307748666,21,1.1071370504650786,WLS,75,0.0020708803097879702
3,UPFC_tsh,5-15,-0.2306025601443968,21,-0.23076214785449695,WLS,75,0.00015958771010013417
4,UPFC_Vse,5-15,0.0623697417541287,21,0.06081851734233769,WLS,75,0.0015512244117910148
5,UPFC_tse,5-15,-2.184623769008135,21,-2.1524546571618854,WLS,75,0.03216911184624971
0,x_tcsc,1-14,-0.11314056257091958,22,-0.11330319200886299,WLS,75,0.0001626294379434151
1,B_svc,2,0.18629224596723312,22,0.18573876621990773,WLS,75,0.0005534797473253916
2,UPFC_Vsh,5-15,1.1086755166646791,22,1.1071370504650786,WLS,75,0.0015384661996005189
3,UPFC_tsh,5-15,-0.23063968566974025,22,-0.23076214785449695,WLS,75,0.0001224621847566998
4,UPFC_Vse,5-15,0.06273685944169374,22,0.06081851734233769,WLS,75,0.0019183420993560546
5,UPFC_tse,5-15,-2.183395283296103,22,-2.1524546571618854,WLS,75,0.030940626134217553
0,x_tcsc,1-14,-0.11314336231715433,23,-0.11330319200886299,WLS,75,0.0001598296917086628
1,B_svc,2,0.18688696876320418,23,0.18573876621990773,WLS,75,0.0011482025432964504
2,UPFC_Vsh,5-15,1.109013342790893,23,1.1071370504650786,WLS,75,0.0018762923258144326
3,UPFC_tsh,5-15,-0.23066979701670445,23,-0.23076214785449695,WLS,75,9.235083779249309e-05
4,UPFC_Vse,5-15,0.06247349021935786,23,0.06081851734233769,WLS,75,0.0016549728770201694
5,UPFC_tse,5-15,-2.1844627278573787,23,-2.1524546571618854,WLS,75,0.032008070695493274
0,x_tcsc,1-14,-0.11314216944593186,24,-0.11330319200886299,WLS,75,0.00016102256293112904
1,B_svc,2,0.18690377042291803,24,0.18573876621990773,WLS,75,0.0011650042030103003
2,UPFC_Vsh,5-15,1.1088010641756205,24,1.1071370504650786,WLS,75,0.0016640137105419228
3,UPFC_tsh,5-15,-0.2306156808709192,24,-0.23076214785449695,WLS,75,0.00014646698357775878
4,UPFC_Vse,5-15,0.06298976148860852,24,0.06081851734233769,WLS,75,0.0021712441462708315
5,UPFC_tse,5-15,-2.1858436163979325,24,-2.1524546571618854,WLS,75,0.03338895923604701
0,x_tcsc,1-14,-0.11313645334148549,25,-0.11330319200886299,WLS,75,0.0001667386673775001
1,B_svc,2,0.186761961306001,25,0.18573876621990773,WLS,75,0.001023195086093276
2,UPFC_Vsh,5-15,1.109155623883011,25,1.1071370504650786,WLS,75,0.0020185734179323234
3,UPFC_tsh,5-15,-0.23055081374925884,25,-0.23076214785449695,WLS,75,0.00021133410523810348
4,UPFC_Vse,5-15,0.06248866694720127,25,0.06081851734233769,WLS,75,0.0016701496048635786
5,UPFC_tse,5-15,-2.1848046761928077,25,-2.1524546571618854,WLS,75,0.03235001903092227
0,x_tcsc,1-14,-0.11314445837847921,26,-0.11330319200886299,WLS,75,0.00015873363038378108
1,B_svc,2,0.1866778698682881,26,0.18573876621990773,WLS,75,0.0009391036483803739
2,UPFC_Vsh,5-15,1.1090518944681136,26,1.1071370504650786,WLS,75,0.0019148440030349878
3,UPFC_tsh,5-15,-0.23056167589935705,26,-0.23076214785449695,WLS,75,0.00020047195513989147
4,UPFC_Vse,5-15,0.06216823130082336,26,0.06081851734233769,WLS,75,0.0013497139584856682
5,UPFC_tse,5-15,-2.1831708395838354,26,-2.1524546571618854,WLS,75,0.030716182421949956
0,x_tcsc,1-14,-0.11314802239621446,27,-0.11330319200886299,WLS,75,0.0001551696126485258
1,B_svc,2,0.18644358022387145,27,0.18573876621990773,WLS,75,0.0007048140039637163
2,UPFC_Vsh,5-15,1.1089536636426345,27,1.1071370504650786,WLS,75,0.0018166131775558814
3,UPFC_tsh,5-15,-0.23056028561309888,27,-0.23076214785449695,WLS,75,0.0002018622413980653
4,UPFC_Vse,5-15,0.06215872498078149,27,0.06081851734233769,WLS,75,0.0013402076384438008
5,UPFC_tse,5-15,-2.187166615646696,27,-2.1524546571618854,WLS,75,0.034711958484810346
0,x_tcsc,1-14,-0.11314202311710637,28,-0.11330319200886299,WLS,75,0.0001611688917566162
1,B_svc,2,0.18646252372648206,28,0.18573876621990773,WLS,75,0.0007237575065743296
2,UPFC_Vsh,5-15,1.1087171447922672,28,1.1071370504650786,WLS,75,0.0015800943271886414
3,UPFC_tsh,5-15,-0.2305966496388477,28,-0.23076214785449695,WLS,75,0.00016549821564923461
4,UPFC_Vse,5-15,0.06260261869711445,28,0.06081851734233769,WLS,75,0.0017841013547767598
5,UPFC_tse,5-15,-2.184556851971175,28,-2.1524546571618854,WLS,75,0.032102194809289664
0,x_tcsc,1-14,-0.11312802894869976,29,-0.11330319200886299,WLS,75,0.00017516306016322758
1,B_svc,2,0.18645596246524318,29,0.18573876621990773,WLS,75,0.0007171962453354497
2,UPFC_Vsh,5-15,1.1089442474464706,29,1.1071370504650786,WLS,75,0.0018071969813919786
3,UPFC_tsh,5-15,-0.23061825863454177,29,-0.23076214785449695,WLS,75,0.00014388921995517334
4,UPFC_Vse,5-15,0.062314888532790685,29,0.06081851734233769,WLS,75,0.001496371190452997
5,UPFC_tse,5-15,-2.1865703275131927,29,-2.1524546571618854,WLS,75,0.03411567035130725
0,x_tcsc,1-14,-0.11313775014260888,30,-0.11330319200886299,WLS,75,0.0001654418662541124
1,B_svc,2,0.18656712926794855,30,0.18573876621990773,WLS,75,0.00082836304804082
2,UPFC_Vsh,5-15,1.1088903022271936,30,1.1071370504650786,WLS,75,0.001753251762115049
3,UPFC_tsh,5-15,-0.23063774197342232,30,-0.23076214785449695,WLS,75,0.00012440588107462403
4,UPFC_Vse,5-15,0.06291792025801954,30,0.06081851734233769,WLS,75,0.00209940291568185
5,UPFC_tse,5-15,-2.184874083347755,30,-2.1524546571618854,WLS,75,0.03241942618586968
0,x_tcsc,1-14,-0.11314978621096813,31,-0.11330319200886299,WLS,75,0.00015340579789485664
1,B_svc,2,0.18631485805257758,31,0.18573876621990773,WLS,75,0.0005760918326698505
2,UPFC_Vsh,5-15,1.1091501340089118,31,1.1071370504650786,WLS,75,0.0020130835438332273
3,UPFC_tsh,5-15,-0.23058940403406838,31,-0.23076214785449695,WLS,75,0.0001727438204285614
4,UPFC_Vse,5-15,0.06259652957746024,31,0.06081851734233769,WLS,75,0.0017780122351225558
5,UPFC_tse,5-15,-2.1852234922382614,31,-2.1524546571618854,WLS,75,0.03276883507637596
0,x_tcsc,1-14,-0.11314206418663014,32,-0.11330319200886299,WLS,75,0.00016112782223284827
1,B_svc,2,0.18667542732147932,32,0.18573876621990773,WLS,75,0.0009366611015715898
2,UPFC_Vsh,5-15,1.1088611803128048,32,1.1071370504650786,WLS,75,0.0017241298477261857
3,UPFC_tsh,5-15,-0.23060342059910247,32,-0.23076214785449695,WLS,75,0.00015872725539448074
4,UPFC_Vse,5-15,0.06249851045340781,32,0.06081851734233769,WLS,75,0.001679993111070123
5,UPFC_tse,5-15,-2.183833490962968,32,-2.1524546571618854,WLS,75,0.03137883380108253
0,x_tcsc,1-14,-0.11314480537997917,33,-0.11330319200886299,WLS,75,0.0001583866288838165
1,B_svc,2,0.1862511086279254,33,0.18573876621990773,WLS,75,0.0005123424080176742
2,UPFC_Vsh,5-15,1.1089651538293022,33,1.1071370504650786,WLS,75,0.0018281033642235656
3,UPFC_tsh,5-15,-0.23064419349232917,33,-0.23076214785449695,WLS,75,0.00011795436216777144
4,UPFC_Vse,5-15,0.062449000661354476,33,0.06081851734233769,WLS,75,0.0016304833190167872
5,UPFC_tse,5-15,-2.183951420675974,33,-2.1524546571618854,WLS,75,0.03149676351408859
0,x_tcsc,1-14,-0.11315569744771846,34,-0.11330319200886299,WLS,75,0.00014749456114453163
1,B_svc,2,0.18658301051241147,34,0.18573876621990773,WLS,75,0.0008442442925037374
2,UPFC_Vsh,5-15,1.1085273453872726,34,1.1071370504650786,WLS,75,0.001390294922194002
3,UPFC_tsh,5-15,-0.23065559351889872,34,-0.23076214785449695,WLS,75,0.00010655433559822458
4,UPFC_Vse,5-15,0.06317480429271237,34,0.06081851734233769,WLS,75,0.002356286950374681
5,UPFC_tse,5-15,-2.1799470289350626,34,-2.1524546571618854,WLS,75,0.027492371773177204
0,x_tcsc,1-14,-0.11314138261865976,35,-0.11330319200886299,WLS,75,0.0001618093902032297
1,B_svc,2,0.1868021693560467,35,0.18573876621990773,WLS,75,0.0010634031361389795
2,UPFC_Vsh,5-15,1.1090705410732327,35,1.1071370504650786,WLS,75,0.0019334906081540648
3,UPFC_tsh,5-15,-0.23055175819616752,35,-0.23076214785449695,WLS,75,0.00021038965832942402
4,UPFC_Vse,5-15,0.06269417591826619,35,0.06081851734233769,WLS,75,0.0018756585759285016
5,UPFC_tse,5-15,-2.1835824690009016,35,-2.1524546571618854,WLS,75,0.03112781183901614
0,x_tcsc,1-14,-0.1131477362040061,36,-0.11330319200886299,WLS,75,0.00015545580485688826
1,B_svc,2,0.18659561873389208,36,0.18573876621990773,WLS,75,0.0008568525139843464
2,UPFC_Vsh,5-15,1.108763937143348,36,1.1071370504650786,WLS,75,0.0016268866782693792
3,UPFC_tsh,5-15,-0.23074577001017513,36,-0.23076214785449695,WLS,75,1.637784432181877e-05
4,UPFC_Vse,5-15,0.06248463281517423,36,0.06081851734233769,WLS,75,0.0016661154728365435
5,UPFC_tse,5-15,-2.1842375607650313,36,-2.1524546571618854,WLS,75,0.03178290360314584
0,x_tcsc,1-14,-0.11315078597464827,37,-0.11330319200886299,WLS,75,0.0001524060342147221
1,B_svc,2,0.1861776190112932,37,0.18573876621990773,WLS,75,0.0004388527913854745
2,UPFC_Vsh,5-15,1.1086683875088412,37,1.1071370504650786,WLS,75,0.0015313370437626261
3,UPFC_tsh,5-15,-0.23065782867819895,37,-0.23076214785449695,WLS,75,0.00010431917629799559
4,UPFC_Vse,5-15,0.06224297706279266,37,0.06081851734233769,WLS,75,0.0014244597204549694
5,UPFC_tse,5-15,-2.186858860863759,37,-2.1524546571618854,WLS,75,0.03440420370187347
0,x_tcsc,1-14,-0.11314412110216458,38,-0.11330319200886299,WLS,75,0.00015907090669840807
1,B_svc,2,0.18588670474282645,38,0.18573876621990773,WLS,75,0.00014793852291872245
2,UPFC_Vsh,5-15,1.10875806361316,38,1.1071370504650786,WLS,75,0.001621013148081385
3,UPFC_tsh,5-15,-0.23062268192193872,38,-0.23076214785449695,WLS,75,0.00013946593255823037
4,UPFC_Vse,5-15,0.06246596907544796,38,0.06081851734233769,WLS,75,0.001647451733110268
5,UPFC_tse,5-15,-2.1812211044336633,38,-2.1524546571618854,WLS,75,0.028766447271777906
0,x_tcsc,1-14,-0.11313895358426966,39,-0.11330319200886299,WLS,75,0.00016423842459332982
1,B_svc,2,0.1864783608164205,39,0.18573876621990773,WLS,75,0.0007395945965127659
2,UPFC_Vsh,5-15,1.1086673494469457,39,1.1071370504650786,WLS,75,0.0015302989818670731
3,UPFC_tsh,5-15,-0.23054583261113668,39,-0.23076214785449695,WLS,75,0.00021631524336027108
4,UPFC_Vse,5-15,0.062294781693454294,39,0.06081851734233769,WLS,75,0.001476264351116606
5,UPFC_tse,5-15,-2.1825196123504016,39,-2.1524546571618854,WLS,75,0.03006495518851615
0,x_tcsc,1-14,-0.11316585641678711,40,-0.11330319200886299,WLS,75,0.00013733559207587676
1,B_svc,2,0.18583072283401603,40,0.18573876621990773,WLS,75,9.195661410829614e-05
2,UPFC_Vsh,5-15,1.1087549579853877,40,1.1071370504650786,WLS,75,0.0016179075203091031
3,UPFC_tsh,5-15,-0.23063665704886074,40,-0.23076214785449695,WLS,75,0.00012549080563620252
4,UPFC_Vse,5-15,0.06260888920850609,40,0.06081851734233769,WLS,75,0.0017903718661683998
5,UPFC_tse,5-15,-2.1827184006423317,40,-2.1524546571618854,WLS,75,0.030263743480446248
0,x_tcsc,1-14,-0.11313507572088136,41,-0.11330319200886299,WLS,75,0.00016811628798163447
1,B_svc,2,0.18652220098483258,41,0.18573876621990773,WLS,75,0.0007834347649248452
2,UPFC_Vsh,5-15,1.1088100514612562,41,1.1071370504650786,WLS,75,0.0016730009961776204
3,UPFC_tsh,5-15,-0.23064380606327733,41,-0.23076214785449695,WLS,75,0.00011834179121961164
4,UPFC_Vse,5-15,0.06275623688833362,41,0.06081851734233769,WLS,75,0.0019377195459959334
5,UPFC_tse,5-15,-2.1838195749492084,41,-2.1524546571618854,WLS,75,0.03136491778732298
0,x_tcsc,1-14,-0.11314317363279615,42,-0.11330319200886299,WLS,75,0.00016001837606684222
1,B_svc,2,0.18643127363317494,42,0.18573876621990773,WLS,75,0.0006925074132672071
2,UPFC_Vsh,5-15,1.1090257869978568,42,1.1071370504650786,WLS,75,0.0018887365327782124
3,UPFC_tsh,5-15,-0.2306375008930486,42,-0.23076214785449695,WLS,75,0.00012464696144834364
4,UPFC_Vse,5-15,0.06222876504599219,42,0.06081851734233769,WLS,75,0.0014102477036544991
5,UPFC_tse,5-15,-2.1841926352014016,42,-2.1524546571618854,WLS,75,0.03173797803951617
0,x_tcsc,1-14,-0.11315244095393082,43,-0.11330319200886299,WLS,75,0.00015075105493217444
1,B_svc,2,0.18659957196399637,43,0.18573876621990773,WLS,75,0.0008608057440886441
2,UPFC_Vsh,5-15,1.1090909881635433,43,1.1071370504650786,WLS,75,0.001953937698464747
3,UPFC_tsh,5-15,-0.23058229600796296,43,-0.23076214785449695,WLS,75,0.00017985184653399044
4,UPFC_Vse,5-15,0.06279206334891882,43,0.06081851734233769,WLS,75,0.001973546006581131
5,UPFC_tse,5-15,-2.18518192765242,43,-2.1524546571618854,WLS,75,0.032727270490534366
0,x_tcsc,1-14,-0.11313839483034593,44,-0.11330319200886299,WLS,75,0.00016479717851705655
1,B_svc,2,0.1868650123309828,44,0.18573876621990773,WLS,75,0.0011262461110750632
2,UPFC_Vsh,5-15,1.1091581817715412,44,1.1071370504650786,WLS,75,0.0020211313064626424
3,UPFC_tsh,5-15,-0.2305832451944936,44,-0.23076214785449695,WLS,75,0.00017890266000333832
4,UPFC_Vse,5-15,0.06317590173700713,44,0.06081851734233769,WLS,75,0.00235738439466944
5,UPFC_tse,5-15,-2.181005949853945,44,-2.1524546571618854,WLS,75,0.028551292692059693
0,x_tcsc,1-14,-0.11315570312870718,45,-0.11330319200886299,WLS,75,0.00014748888015581052
1,B_svc,2,0.18672520261669562,45,0.18573876621990773,WLS,75,0.0009864363967878875
2,UPFC_Vsh,5-15,1.1090793004520887,45,1.1071370504650786,WLS,75,0.0019422499870100918
3,UPFC_tsh,5-15,-0.2306197332779548,45,-0.23076214785449695,WLS,75,0.00014241457654215472
4,UPFC_Vse,5-15,0.06286445802238935,45,0.06081851734233769,WLS,75,0.002045940680051664
5,UPFC_tse,5-15,-2.1839983056636267,45,-2.1524546571618854,WLS,75,0.031543648501741295
0,x_tcsc,1-14,-0.1131397236973229,46,-0.11330319200886299,WLS,75,0.00016346831154008534
1,B_svc,2,0.18657238000238535,46,0.18573876621990773,WLS,75,0.0008336137824776213
2,UPFC_Vsh,5-15,1.1087316494941775,46,1.1071370504650786,WLS,75,0.0015945990290988643
3,UPFC_tsh,5-15,-0.23063005125569477,46,-0.23076214785449695,WLS,75,0.00013209659880217273
4,UPFC_Vse,5-15,0.06269279623603422,46,0.06081851734233769,WLS,75,0.0018742788936965266
5,UPFC_tse,5-15,-2.1823561898282517,46,-2.1524546571618854,WLS,75,0.029901532666366304
0,x_tcsc,1-14,-0.1131587899999788,47,-0.11330319200886299,WLS,75,0.00014440200888418686
1,B_svc,2,0.18628334457646,47,0.18573876621990773,WLS,75,0.0005445783565522777
2,UPFC_Vsh,5-15,1.1086085802522951,47,1.1071370504650786,WLS,75,0.0014715297872165412
3,UPFC_tsh,5-15,-0.23065067011526816,47,-0.23076214785449695,WLS,75,0.00011147773922878801
4,UPFC_Vse,5-15,0.0625781236438734,47,0.06081851734233769,WLS,75,0.00175960630153571
5,UPFC_tse,5-15,-2.1869486913835123,47,-2.1524546571618854,WLS,75,0.03449403422162689
0,x_tcsc,1-14,-0.11315223837354246,48,-0.11330319200886299,WLS,75,0.00015095363532052763
1,B_svc,2,0.18633880014602236,48,0.18573876621990773,WLS,75,0.0006000339261146292
2,UPFC_Vsh,5-15,1.1087583041883768,48,1.1071370504650786,WLS,75,0.0016212537232982438
3,UPFC_tsh,5-15,-0.23060193751990418,48,-0.23076214785449695,WLS,75,0.00016021033459276413
4,UPFC_Vse,5-15,0.06218957591892033,48,0.06081851734233769,WLS,75,0.0013710585765826441
5,UPFC_tse,5-15,-2.1855248390719737,48,-2.1524546571618854,WLS,75,0.03307018191008826
0,x_tcsc,1-14,-0.11316471683515074,49,-0.11330319200886299,WLS,75,0.00013847517371225193
1,B_svc,2,0.1868528520100309,49,0.18573876621990773,WLS,75,0.001114085790123176
2,UPFC_Vsh,5-15,1.1087517254828485,49,1.1071370504650786,WLS,75,0.0016146750177699065
3,UPFC_tsh,5-15,-0.23067711522295198,49,-0.23076214785449695,WLS,75,8.503263154496787e-05
4,UPFC_Vse,5-15,0.062330361398432635,49,0.06081851734233769,WLS,75,0.0015118440560949464
5,UPFC_tse,5-15,-2.1837920561001196,49,-2.1524546571618854,WLS,75,0.03133739893823417
0,x_tcsc,1-14,-0.11313492165663717,50,-0.11330319200886299,WLS,75,0.0001682703522258161
1,B_svc,2,0.18627801267302965,50,0.18573876621990773,WLS,75,0.0005392464531219221
2,UPFC_Vsh,5-15,1.10880221331035,50,1.1071370504650786,WLS,75,0.0016651628452712952
3,UPFC_tsh,5-15,-0.23059869985147846,50,-0.23076214785449695,WLS,75,0.00016344800301848483
4,UPFC_Vse,5-15,0.06280547685379755,50,0.06081851734233769,WLS,75,0.001986959511459857
5,UPFC_tse,5-15,-2.1840997205494377,50,-2.1524546571618854,WLS,75,0.03164506338755224
0,x_tcsc,1-14,-0.11313392355926301,51,-0.11330319200886299,WLS,75,0.00016926844959998244
1,B_svc,2,0.1866946594368444,51,0.18573876621990773,WLS,75,0.0009558932169366763
2,UPFC_Vsh,5-15,1.1087067958831263,51,1.1071370504650786,WLS,75,0.0015697454180476633
3,UPFC_tsh,5-15,-0.2306086172113198,51,-0.23076214785449695,WLS,75,0.0001535306431771355
4,UPFC_Vse,5-15,0.0627698669053775,51,0.06081851734233769,WLS,75,0.0019513495630398142
5,UPFC_tse,5-15,-2.184485556108666,51,-2.1524546571618854,WLS,75,0.03203089894678035
0,x_tcsc,1-14,-0.11314044399067619,52,-0.11330319200886299,WLS,75,0.0001627480181868035
1,B_svc,2,0.18682920540590026,52,0.18573876621990773,WLS,75,0.0010904391859925255
2,UPFC_Vsh,5-15,1.1090599993067731,52,1.1071370504650786,WLS,75,0.0019229488416945273
3,UPFC_tsh,5-15,-0.23060222467206173,52,-0.23076214785449695,WLS,75,0.00015992318243521209
4,UPFC_Vse,5-15,0.06290984719930122,52,0.06081851734233769,WLS,75,0.002091329856963531
5,UPFC_tse,5-15,-2.1826853869430267,52,-2.1524546571618854,WLS,75,0.030230729781141275
0,x_tcsc,1-14,-0.11313910790013389,53,-0.11330319200886299,WLS,75,0.00016408410872910395
1,B_svc,2,0.186248682627151,53,0.18573876621990773,WLS,75,0.000509916407243266
2,UPFC_Vsh,5-15,1.108915962902626,53,1.1071370504650786,WLS,75,0.001778912437547353
3,UPFC_tsh,5-15,-0.2305693305006026,53,-0.23076214785449695,WLS,75,0.0001928173538943423
4,UPFC_Vse,5-15,0.06265780571522561,53,0.06081851734233769,WLS,75,0.0018392883728879234
5,UPFC_tse,5-15,-2.1808197425615257,53,-2.1524546571618854,WLS,75,0.028365085399640222
0,x_tcsc,1-14,-0.11314230439320991,54,-0.11330319200886299,WLS,75,0.00016088761565308252
1,B_svc,2,0.18673202597357774,54,0.18573876621990773,WLS,75,0.0009932597536700116
2,UPFC_Vsh,5-15,1.1088825332011127,54,1.1071370504650786,WLS,75,0.001745482736034143
3,UPFC_tsh,5-15,-0.23058214745932928,54,-0.23076214785449695,WLS,75,0.00018000039516766209
4,UPFC_Vse,5-15,0.06273567883573897,54,0.06081851734233769,WLS,75,0.0019171614934012787
5,UPFC_tse,5-15,-2.183558059895838,54,-2.1524546571618854,WLS,75,0.031103402733952734
0,x_tcsc,1-14,-0.11313373956129753,55,-0.11330319200886299,WLS,75,0.0001694524475654574
1,B_svc,2,0.18708295752654913,55,0.18573876621990773,WLS,75,0.0013441913066414013
2,UPFC_Vsh,5-15,1.1087500491364324,55,1.1071370504650786,WLS,75,0.0016129986713537825
3,UPFC_tsh,5-15,-0.23061375257784694,55,-0.23076214785449695,WLS,75,0.00014839527665000407
4,UPFC_Vse,5-15,0.06297420713748611,55,0.06081851734233769,WLS,75,0.0021556897951484216
5,UPFC_tse,5-15,-2.186429216171923,55,-2.1524546571618854,WLS,75,0.03397455901003754
0,x_tcsc,1-14,-0.11314194485301275,56,-0.11330319200886299,WLS,75,0.00016124715585023874
1,B_svc,2,0.18691005965111598,56,0.18573876621990773,WLS,75,0.0011712934312082535
2,UPFC_Vsh,5-15,1.1085859882869897,56,1.1071370504650786,WLS,75,0.0014489378219111337
3,UPFC_tsh,5-15,-0.23058675474383009,56,-0.23076214785449695,WLS,75,0.00017539311066686047
4,UPFC_Vse,5-15,0.062146431090363295,56,0.06081851734233769,WLS,75,0.0013279137480256067
5,UPFC_tse,5-15,-2.1838908037862006,56,-2.1524546571618854,WLS,75,0.03143614662431515
0,x_tcsc,1-14,-0.11315882111627655,57,-0.11330319200886299,WLS,75,0.0001443708925864401
1,B_svc,2,0.18668577702596603,57,0.18573876621990773,WLS,75,0.0009470108060583016
2,UPFC_Vsh,5-15,1.1086878676372374,57,1.1071370504650786,WLS,75,0.0015508171721587694
3,UPFC_tsh,5-15,-0.2305804929457443,57,-0.23076214785449695,WLS,75,0.00018165490875265977
4,UPFC_Vse,5-15,0.062200368883850506,57,0.06081851734233769,WLS,75,0.0013818515415128171
5,UPFC_tse,5-15,-2.182475878880545,57,-2.1524546571618854,WLS,75,0.030021221718659508
0,x_tcsc,1-14,-0.11313353015627595,58,-0.11330319200886299,WLS,75,0.00016966185258704414
1,B_svc,2,0.18646153338219174,58,0.18573876621990773,WLS,75,0.0007227671622840048
2,UPFC_Vsh,5-15,1.1086320983081994,58,1.1071370504650786,WLS,75,0.0014950478431208225
3,UPFC_tsh,5-15,-0.2306367500542513,58,-0.23076214785449695,WLS,75,0.00012539780024564684
4,UPFC_Vse,5-15,0.06263981233991098,58,0.06081851734233769,WLS,75,0.001821294997573289
5,UPFC_tse,5-15,-2.1838528795776586,58,-2.1524546571618854,WLS,75,0.03139822241577317
0,x_tcsc,1-14,-0.11314217773841966,59,-0.11330319200886299,WLS,75,0.00016101427044333538
1,B_svc,2,0.1863675876650994,59,0.18573876621990773,WLS,75,0.0006288214451916629
2,UPFC_Vsh,5-15,1.1087540772454951,59,1.1071370504650786,WLS,75,0.0016170267804165306
3,UPFC_tsh,5-15,-0.23064307797675057,59,-0.23076214785449695,WLS,75,0.00011906987774637501
4,UPFC_Vse,5-15,0.062495377974576695,59,0.06081851734233769,WLS,75,0.0016768606322390064
5,UPFC_tse,5-15,-2.184085791126869,59,-2.1524546571618854,WLS,75,0.031631133964983515
0,x_tcsc,1-14,-0.11313685181033192,60,-0.11330319200886299,WLS,75,0.00016634019853106752
1,B_svc,2,0.18702596122537432,60,0.18573876621990773,WLS,75,0.0012871950054665904
2,UPFC_Vsh,5-15,1.1085441976355896,60,1.1071370504650786,WLS,75,0.0014071471705110472
3,UPFC_tsh,5-15,-0.2306555303546454,60,-0.23076214785449695,WLS,75,0.00010661749985155233
4,UPFC_Vse,5-15,0.06226482741819841,60,0.06081851734233769,WLS,75,0.0014463100758607197
5,UPFC_tse,5-15,-2.1854454618104646,60,-2.1524546571618854,WLS,75,0.032990804648579175
0,x_tcsc,1-14,-0.1131370865278083,61,-0.11330319200886299,WLS,75,0.0001661054810546958
1,B_svc,2,0.18642089862385836,61,0.18573876621990773,WLS,75,0.0006821324039506249
2,UPFC_Vsh,5-15,1.1088743305869797,61,1.1071370504650786,WLS,75,0.001737280121901108
3,UPFC_tsh,5-15,-0.2306130418273905,61,-0.23076214785449695,WLS,75,0.00014910602710643817
4,UPFC_Vse,5-15,0.06270900069509468,61,0.06081851734233769,WLS,75,0.0018904833527569886
5,UPFC_tse,5-15,-2.1823770626040364,61,-2.1524546571618854,WLS,75,0.029922405442150968
0,x_tcsc,1-14,-0.11313165679742461,62,-0.11330319200886299,WLS,75,0.00017153521143838113
1,B_svc,2,0.18605857352701458,62,0.18573876621990773,WLS,75,0.00031980730710684524
2,UPFC_Vsh,5-15,1.1090818284291157,62,1.1071370504650786,WLS,75,0.0019447779640371365
3,UPFC_tsh,5-15,-0.23055874163289614,62,-0.23076214785449695,WLS,75,0.00020340622160081034
4,UPFC_Vse,5-15,0.06237445841865295,62,0.06081851734233769,WLS,75,0.0015559410763152648
5,UPFC_tse,5-15,-2.1865582828633263,62,-2.1524546571618854,WLS,75,0.034103625701440876
0,x_tcsc,1-14,-0.11314436867599895,63,-0.11330319200886299,WLS,75,0.00015882333286404426
1,B_svc,2,0.18635233320092065,63,0.18573876621990773,WLS,75,0.0006135669810129196
2,UPFC_Vsh,5-15,1.108795067380462,63,1.1071370504650786,WLS,75,0.0016580169153834756
3,UPFC_tsh,5-15,-0.23065162555816493,63,-0.23076214785449695,WLS,75,0.00011052229633201627
4,UPFC_Vse,5-15,0.062163001720408825,63,0.06081851734233769,WLS,75,0.0013444843780711369
5,UPFC_tse,5-15,-2.1845655604390366,63,-2.1524546571618854,WLS,75,0.03211090327715116
0,x_tcsc,1-14,-0.11314691403111551,64,-0.11330319200886299,WLS,75,0.00015627797774747654
1,B_svc,2,0.18644503884322824,64,0.18573876621990773,WLS,75,0.0007062726233205141
2,UPFC_Vsh,5-15,1.1083778969295,64,1.1071370504650786,WLS,75,0.0012408464644213524
3,UPFC_tsh,5-15,-0.2306566364899339,64,-0.23076214785449695,WLS,75,0.00010551136456304899
4,UPFC_Vse,5-15,0.06248554392392348,64,0.06081851734233769,WLS,75,0.0016670265815857885
5,UPFC_tse,5-15,-2.184113694535791,64,-2.1524546571618854,WLS,75,0.03165903737390563
0,x_tcsc,1-14,-0.11312854064994712,65,-0.11330319200886299,WLS,75,0.00017465135891586714
1,B_svc,2,0.18689716296652464,65,0.18573876621990773,WLS,75,0.0011583967466169132
2,UPFC_Vsh,5-15,1.1090271514426364,65,1.1071370504650786,WLS,75,0.0018901009775578181
3,UPFC_tsh,5-15,-0.23058509386084375,65,-0.23076214785449695,WLS,75,0.00017705399365319785
4,UPFC_Vse,5-15,0.06240742526905483,65,0.06081851734233769,WLS,75,0.001588907926717141
5,UPFC_tse,5-15,-2.1871041128760846,65,-2.1524546571618854,WLS,75,0.034649455714199195
0,x_tcsc,1-14,-0.11314691342668041,66,-0.11330319200886299,WLS,75,0.00015627858218257573
1,B_svc,2,0.1867129719192356,66,0.18573876621990773,WLS,75,0.0009742056993278791
2,UPFC_Vsh,5-15,1.1085020146979925,66,1.1071370504650786,WLS,75,0.001364964232913879
3,UPFC_tsh,5-15,-0.23062291640227944,66,-0.23076214785449695,WLS,75,0.0001392314522175031
4,UPFC_Vse,5-15,0.0628227985360013,66,0.06081851734233769,WLS,75,0.0020042811936636096
5,UPFC_tse,5-15,-2.181403349370473,66,-2.1524546571618854,WLS,75,0.028948692208587534
0,x_tcsc,1-14,-0.11314892365780575,67,-0.11330319200886299,WLS,75,0.0001542683510572379
1,B_svc,2,0.1867669740664295,67,0.18573876621990773,WLS,75,0.0010282078465217726
2,UPFC_Vsh,5-15,1.1089090506686177,67,1.1071370504650786,WLS,75,0.0017720002035390703
3,UPFC_tsh,5-15,-0.23060080729178414,67,-0.23076214785449695,WLS,75,0.00016134056271280284
4,UPFC_Vse,5-15,0.06266729957313773,67,0.06081851734233769,WLS,75,0.001848782230800039
5,UPFC_tse,5-15,-2.182578608420445,67,-2.1524546571618854,WLS,75,0.0301239512585596
0,x_tcsc,1-14,-0.11316128976509347,68,-0.11330319200886299,WLS,75,0.00014190224376951777
1,B_svc,2,0.18672671885120673,68,0.18573876621990773,WLS,75,0.0009879526312989995
2,UPFC_Vsh,5-15,1.1089449894838204,68,1.1071370504650786,WLS,75,0.0018079390187417665
3,UPFC_tsh,5-15,-0.230648051710116,68,-0.23076214785449695,WLS,75,0.00011409614438095961
4,UPFC_Vse,5-15,0.06211005859326697,68,0.06081851734233769,WLS,75,0.0012915412509292845
5,UPFC_tse,5-15,-2.1823914777182916,68,-2.1524546571618854,WLS,75,0.02993682055640612
0,x_tcsc,1-14,-0.11314712174339653,69,-0.11330319200886299,WLS,75,0.00015607026546646252
1,B_svc,2,0.18642068674880213,69,0.18573876621990773,WLS,75,0.000681920528894403
2,UPFC_Vsh,5-15,1.1087872734331887,69,1.1071370504650786,WLS,75,0.0016502229681101266
3,UPFC_tsh,5-15,-0.2306540210199992,69,-0.23076214785449695,WLS,75,0.00010812683449773486
4,UPFC_Vse,5-15,0.062042838299710294,69,0.06081851734233769,WLS,75,0.0012243209573726058
5,UPFC_tse,5-15,-2.184022834823648,69,-2.1524546571618854,WLS,75,0.031568177661762675
0,x_tcsc,1-14,-0.11314010860295177,70,-0.11330319200886299,WLS,75,0.00016308340591121573
1,B_svc,2,0.18615778494443563,70,0.18573876621990773,WLS,75,0.0004190187245279031
2,UPFC_Vsh,5-15,1.1089505260035322,70,1.1071370504650786,WLS,75,0.0018134755384535683
3,UPFC_tsh,5-15,-0.23061836500442426,70,-0.23076214785449695,WLS,75,0.00014378285007268787
4,UPFC_Vse,5-15,0.0621546089589817,70,0.06081851734233769,WLS,75,0.0013360916166440112
5,UPFC_tse,5-15,-2.18401095218348,70,-2.1524546571618854,WLS,75,0.031556295021594405
0,x_tcsc,1-14,-0.11313926802005983,71,-0.11330319200886299,WLS,75,0.00016392398880316073
1,B_svc,2,0.1866898267786726,71,0.18573876621990773,WLS,75,0.0009510605587648713
2,UPFC_Vsh,5-15,1.108700858397438,71,1.1071370504650786,WLS,75,0.00156380793235944
3,UPFC_tsh,5-15,-0.23060192348718223,71,-0.23076214785449695,WLS,75,0.00016022436731472078
4,UPFC_Vse,5-15,0.06298237323255865,71,0.06081851734233769,WLS,75,0.0021638558902209587
5,UPFC_tse,5-15,-2.1803391013825935,71,-2.1524546571618854,WLS,75,0.027884444220708016
0,x_tcsc,1-14,-0.1131471842493374,72,-0.11330319200886299,WLS,75,0.00015600775952559487
1,B_svc,2,0.18609496309254622,72,0.18573876621990773,WLS,75,0.0003561968726384923
2,UPFC_Vsh,5-15,1.109023520631961,72,1.1071370504650786,WLS,75,0.0018864701668823702
3,UPFC_tsh,5-15,-0.23057511519532556,72,-0.23076214785449695,WLS,75,0.00018703265917138778
4,UPFC_Vse,5-15,0.06242935959421739,72,0.06081851734233769,WLS,75,0.0016108422518796989
5,UPFC_tse,5-15,-2.1850603296461637,72,-2.1524546571618854,WLS,75,0.03260567248427826
0,x_tcsc,1-14,-0.11312471912149505,73,-0.11330319200886299,WLS,75,0.00017847288736794198
1,B_svc,2,0.18706565668940456,73,0.18573876621990773,WLS,75,0.0013268904694968275
2,UPFC_Vsh,5-15,1.1089587473965123,73,1.1071370504650786,WLS,75,0.0018216969314337472
3,UPFC_tsh,5-15,-0.23064758872542868,73,-0.23076214785449695,WLS,75,0.00011455912906827015
4,UPFC_Vse,5-15,0.06256257234648603,73,0.06081851734233769,WLS,75,0.0017440550041483427
5,UPFC_tse,5-15,-2.184109520662662,73,-2.1524546571618854,WLS,75,0.03165486350077673
0,x_tcsc,1-14,-0.11314059878967861,74,-0.11330319200886299,WLS,75,0.00016259321918438152
1,B_svc,2,0.1868001288530498,74,0.18573876621990773,WLS,75,0.0010613626331420767
2,UPFC_Vsh,5-15,1.108612562488464,74,1.1071370504650786,WLS,75,0.0014755120233853614
3,UPFC_tsh,5-15,-0.230654675736009,74,-0.23076214785449695,WLS,75,0.00010747211848793903
4,UPFC_Vse,5-15,0.0625048440206594,74,0.06081851734233769,WLS,75,0.0016863266783217062
5,UPFC_tse,5-15,-2.1849778332940835,74,-2.1524546571618854,WLS,75,0.03252317613219802
0,x_tcsc,1-14,-0.11313663214150527,75,-0.11330319200886299,WLS,75,0.000166559867357724
1,B_svc,2,0.18676793306999231,75,0.18573876621990773,WLS,75,0.001029166850084584
2,UPFC_Vsh,5-15,1.1091680795895744,75,1.1071370504650786,WLS,75,0.00203102912449582
3,UPFC_tsh,5-15,-0.23060602519993,75,-0.23076214785449695,WLS,75,0.00015612265456693697
4,UPFC_Vse,5-15,0.06248510275830305,75,0.06081851734233769,WLS,75,0.0016665854159653645
5,UPFC_tse,5-15,-2.185691134817542,75,-2.1524546571618854,WLS,75,0.033236477655656405
0,x_tcsc,1-14,-0.11315294475122017,76,-0.11330319200886299,WLS,75,0.000150247257642816
1,B_svc,2,0.18735178160802946,76,0.18573876621990773,WLS,75,0.0016130153881217246
2,UPFC_Vsh,5-15,1.108815326835114,76,1.1071370504650786,WLS,75,0.0016782763700353698
3,UPFC_tsh,5-15,-0.23058903339215267,76,-0.23076214785449695,WLS,75,0.00017311446234427597
4,UPFC_Vse,5-15,0.062334597145260774,76,0.06081851734233769,WLS,75,0.0015160798029230857
5,UPFC_tse,5-15,-2.1817527627001296,76,-2.1524546571618854,WLS,75,0.02929810553824419
0,x_tcsc,1-14,-0.11313743948303225,77,-0.11330319200886299,WLS,75,0.00016575252583074518
1,B_svc,2,0.18630765191146942,77,0.18573876621990773,WLS,75,0.000568885691561688
2,UPFC_Vsh,5-15,1.108693193134426,77,1.1071370504650786,WLS,75,0.001556142669347338
3,UPFC_tsh,5-15,-0.23059913280547228,77,-0.23076214785449695,WLS,75,0.0001630150490246618
4,UPFC_Vse,5-15,0.06288925897104168,77,0.06081851734233769,WLS,75,0.0020707416287039926
5,UPFC_tse,5-15,-2.1819449939732243,77,-2.1524546571618854,WLS,75,0.029490336811338835
0,x_tcsc,1-14,-0.11315546298443663,78,-0.11330319200886299,WLS,75,0.00014772902442636293
1,B_svc,2,0.18629455805581496,78,0.18573876621990773,WLS,75,0.0005557918359072322
2,UPFC_Vsh,5-15,1.108752139539646,78,1.1071370504650786,WLS,75,0.0016150890745674218
3,UPFC_tsh,5-15,-0.2306282896594029,78,-0.23076214785449695,WLS,75,0.00013385819509403873
4,UPFC_Vse,5-15,0.062943874671675,78,0.06081851734233769,WLS,75,0.0021253573293373157
5,UPFC_tse,5-15,-2.1815070970208943,78,-2.1524546571618854,WLS,75,0.02905243985900885
0,x_tcsc,1-14,-0.11314632975785634,79,-0.11330319200886299,WLS,75,0.00015686225100665363
1,B_svc,2,0.18688696385110204,79,0.18573876621990773,WLS,75,0.0011481976311943087
2,UPFC_Vsh,5-15,1.108770670283136,79,1.1071370504650786,WLS,75,0.0016336198180573192
3,UPFC_tsh,5-15,-0.23065778362692893,79,-0.23076214785449695,WLS,75,0.00010436422756801567
4,UPFC_Vse,5-15,0.06213949218352254,79,0.06081851734233769,WLS,75,0.0013209748411848535
5,UPFC_tse,5-15,-2.1829113237452593,79,-2.1524546571618854,WLS,75,0.03045666658337387
0,x_tcsc,1-14,-0.113136954341067,80,-0.11330319200886299,WLS,75,0.0001662376677959848
1,B_svc,2,0.18695477263828122,80,0.18573876621990773,WLS,75,0.0012160064183734942
2,UPFC_Vsh,5-15,1.108912612545748,80,1.1071370504650786,WLS,75,0.001775562080669424
3,UPFC_tsh,5-15,-0.23061105900741502,80,-0.23076214785449695,WLS,75,0.00015108884708192605
4,UPFC_Vse,5-15,0.06271557339925693,80,0.06081851734233769,WLS,75,0.0018970560569192413
5,UPFC_tse,5-15,-2.1865083425698892,80,-2.1524546571618854,WLS,75,0.0340536854080038
0,x_tcsc,1-14,-0.11313428349624613,81,-0.11330319200886299,WLS,75,0.00016890851261686102
1,B_svc,2,0.18657965397751325,81,0.18573876621990773,WLS,75,0.0008408877576055185
2,UPFC_Vsh,5-15,1.1086846050351187,81,1.1071370504650786,WLS,75,0.0015475545700400772
3,UPFC_tsh,5-15,-0.2306666711296647,81,-0.23076214785449695,WLS,75,9.547672483223302e-05
4,UPFC_Vse,5-15,0.06214536527970035,81,0.06081851734233769,WLS,75,0.0013268479373626588
5,UPFC_tse,5-15,-2.185725666549024,81,-2.1524546571618854,WLS,75,0.03327100938713867
0,x_tcsc,1-14,-0.11314585221632738,82,-0.11330319200886299,WLS,75,0.00015733979253561292
1,B_svc,2,0.18692510973082735,82,0.18573876621990773,WLS,75,0.0011863435109196185
2,UPFC_Vsh,5-15,1.1087610169828674,82,1.1071370504650786,WLS,75,0.001623966517788844
3,UPFC_tsh,5-15,-0.2306520770469268,82,-0.23076214785449695,WLS,75,0.00011007080757013954
4,UPFC_Vse,5-15,0.06309103888199291,82,0.06081851734233769,WLS,75,0.002272521539655223
5,UPFC_tse,5-15,-2.18297666653421,82,-2.1524546571618854,WLS,75,0.030522009372324632
0,x_tcsc,1-14,-0.11313931465379122,83,-0.11330319200886299,WLS,75,0.00016387735507177037
1,B_svc,2,0.18708124186346642,83,0.18573876621990773,WLS,75,0.0013424756435586882
2,UPFC_Vsh,5-15,1.109036416702375,83,1.1071370504650786,WLS,75,0.0018993662372963627
3,UPFC_tsh,5-15,-0.2306568058283081,83,-0.23076214785449695,WLS,75,0.00010534202618883715
4,UPFC_Vse,5-15,0.06261103679529334,83,0.06081851734233769,WLS,75,0.0017925194529556515
5,UPFC_tse,5-15,-2.1873062199484634,83,-2.1524546571618854,WLS,75,0.03485156278657797
0,x_tcsc,1-14,-0.11315978313511456,84,-0.11330319200886299,WLS,75,0.00014340887374843236
1,B_svc,2,0.1865109299239795,84,0.18573876621990773,WLS,75,0.0007721637040717655
2,UPFC_Vsh,5-15,1.1087948802777174,84,1.1071370504650786,WLS,75,0.0016578298126388447
3,UPFC_tsh,5-15,-0.2306539718635785,84,-0.23076214785449695,WLS,75,0.00010817599091844654
4,UPFC_Vse,5-15,0.062919950485747,84,0.06081851734233769,WLS,75,0.002101433143409312
5,UPFC_tse,5-15,-2.1834122812845713,84,-2.1524546571618854,WLS,75,0.03095762412268588
0,x_tcsc,1-14,-0.11313290294075035,85,-0.11330319200886299,WLS,75,0.00017028906811264455
1,B_svc,2,0.18661795597389483,85,0.18573876621990773,WLS,75,0.0008791897539870974
2,UPFC_Vsh,5-15,1.109012208987396,85,1.1071370504650786,WLS,75,0.001875158522317344
3,UPFC_tsh,5-15,-0.23060110418657184,85,-0.23076214785449695,WLS,75,0.00016104366792510372
4,UPFC_Vse,5-15,0.062145682098114934,85,0.06081851734233769,WLS,75,0.001327164755777245
5,UPFC_tse,5-15,-2.1858509875683647,85,-2.1524546571618854,WLS,75,0.03339633040647927
0,x_tcsc,1-14,-0.11314033909269494,86,-0.11330319200886299,WLS,75,0.0001628529161680492
1,B_svc,2,0.18686854526114316,86,0.18573876621990773,WLS,75,0.0011297790412354292
2,UPFC_Vsh,5-15,1.1090648598722965,86,1.1071370504650786,WLS,75,0.0019278094072179286
3,UPFC_tsh,5-15,-0.23062451075766482,86,-0.23076214785449695,WLS,75,0.00013763709683212166
4,UPFC_Vse,5-15,0.062020441548649004,86,0.06081851734233769,WLS,75,0.0012019242063113153
5,UPFC_tse,5-15,-2.1850520904350175,86,-2.1524546571618854,WLS,75,0.032597433273132026
0,x_tcsc,1-14,-0.11314478591647538,87,-0.11330319200886299,WLS,75,0.00015840609238761127
1,B_svc,2,0.18649810824374122,87,0.18573876621990773,WLS,75,0.0007593420238334869
2,UPFC_Vsh,5-15,1.1087920880428823,87,1.1071370504650786,WLS,75,0.0016550375778037196
3,UPFC_tsh,5-15,-0.23065719686752953,87,-0.23076214785449695,WLS,75,0.000104950986967417
4,UPFC_Vse,5-15,0.06280922151387597,87,0.06081851734233769,WLS,75,0.0019907041715382795
5,UPFC_tse,5-15,-2.1840775018504437,87,-2.1524546571618854,WLS,75,0.03162284468855825
0,x_tcsc,1-14,-0.11314889860725834,88,-0.11330319200886299,WLS,75,0.0001542934016046521
1,B_svc,2,0.1869494618735899,88,0.18573876621990773,WLS,75,0.0012106956536821756
2,UPFC_Vsh,5-15,1.108635448905941,88,1.1071370504650786,WLS,75,0.001498398440862303
3,UPFC_tsh,5-15,-0.2306375954263024,88,-0.23076214785449695,WLS,75,0.00012455242819453538
4,UPFC_Vse,5-15,0.062220137211789955,88,0.06081851734233769,WLS,75,0.001401619869452267
5,UPFC_tse,5-15,-2.1821763766849402,88,-2.1524546571618854,WLS,75,0.0297217195230548
0,x_tcsc,1-14,-0.11313948548678927,89,-0.11330319200886299,WLS,75,0.00016370652207371716
1,B_svc,2,0.18651526461882362,89,0.18573876621990773,WLS,75,0.0007764983989158869
2,UPFC_Vsh,5-15,1.1088160486902185,89,1.1071370504650786,WLS,75,0.0016789982251399493
3,UPFC_tsh,5-15,-0.2306465247751563,89,-0.23076214785449695,WLS,75,0.0001156230793406543
4,UPFC_Vse,5-15,0.062346416861461265,89,0.06081851734233769,WLS,75,0.0015278995191235767
5,UPFC_tse,5-15,-2.1830662455098606,89,-2.1524546571618854,WLS,75,0.03061158834797517
0,x_tcsc,1-14,-0.11315358231042014,90,-0.11330319200886299,WLS,75,0.0001496096984428541
1,B_svc,2,0.18646247110510084,90,0.18573876621990773,WLS,75,0.0007237048851931049
2,UPFC_Vsh,5-15,1.108964003790347,90,1.1071370504650786,WLS,75,0.0018269533252683878
3,UPFC_tsh,5-15,-0.23062503812743368,90,-0.23076214785449695,WLS,75,0.00013710972706326707
4,UPFC_Vse,5-15,0.06249137578189592,90,0.06081851734233769,WLS,75,0.0016728584395582294
5,UPFC_tse,5-15,-2.18392261233485,90,-2.1524546571618854,WLS,75,0.03146795517296441
0,x_tcsc,1-14,-0.11314052445605487,91,-0.11330319200886299,WLS,75,0.00016266755280812395
1,B_svc,2,0.1871093460123952,91,0.18573876621990773,WLS,75,0.0013705797924874752
2,UPFC_Vsh,5-15,1.1087864114639354,91,1.1071370504650786,WLS,75,0.0016493609988568192
3,UPFC_tsh,5-15,-0.23065485796661503,91,-0.23076214785449695,WLS,75,0.00010728988788191729
4,UPFC_Vse,5-15,0.06266012924095235,91,0.06081851734233769,WLS,75,0.0018416118986146618
5,UPFC_tse,5-15,-2.1805070975533534,91,-2.1524546571618854,WLS,75,0.028052440391467925
0,x_tcsc,1-14,-0.11314692957059594,92,-0.11330319200886299,WLS,75,0.00015626243826705188
1,B_svc,2,0.18678083500102483,92,0.18573876621990773,WLS,75,0.0010420687811170948
2,UPFC_Vsh,5-15,1.108806251030493,92,1.1071370504650786,WLS,75,0.0016692005654144193
3,UPFC_tsh,5-15,-0.23057291888287929,92,-0.23076214785449695,WLS,75,0.00018922897161766095
4,UPFC_Vse,5-15,0.06282928257368618,92,0.06081851734233769,WLS,75,0.0020107652313484936
5,UPFC_tse,5-15,-2.1813465279686275,92,-2.1524546571618854,WLS,75,0.028891870806742048
0,x_tcsc,1-14,-0.11313401376168342,93,-0.11330319200886299,WLS,75,0.00016917824717957441
1,B_svc,2,0.18626405639548296,93,0.18573876621990773,WLS,75,0.0005252901755752326
2,UPFC_Vsh,5-15,1.1087836507934163,93,1.1071370504650786,WLS,75,0.001646600328337744
3,UPFC_tsh,5-15,-0.23068407852817965,93,-0.23076214785449695,WLS,75,7.806932631729269e-05
4,UPFC_Vse,5-15,0.06228146397125041,93,0.06081851734233769,WLS,75,0.0014629466289127202
5,UPFC_tse,5-15,-2.1847021378546554,93,-2.1524546571618854,WLS,75,0.03224748069276995
0,x_tcsc,1-14,-0.11314620926962965,94,-0.11330319200886299,WLS,75,0.00015698273923334116
1,B_svc,2,0.1867098843953955,94,0.18573876621990773,WLS,75,0.0009711181754877563
2,UPFC_Vsh,5-15,1.1086840416255381,94,1.1071370504650786,WLS,75,0.0015469911604595321
3,UPFC_tsh,5-15,-0.23066535698486842,94,-0.23076214785449695,WLS,75,9.679086962852135e-05
4,UPFC_Vse,5-15,0.06276070987548006,94,0.06081851734233769,WLS,75,0.0019421925331423728
5,UPFC_tse,5-15,-2.1819338965898947,94,-2.1524546571618854,WLS,75,0.02947923942800923
0,x_tcsc,1-14,-0.11314469298300243,95,-0.11330319200886299,WLS,75,0.0001584990258605562
1,B_svc,2,0.18669313906450355,95,0.18573876621990773,WLS,75,0.0009543728445958188
2,UPFC_Vsh,5-15,1.1089588683567384,95,1.1071370504650786,WLS,75,0.001821817891659805
3,UPFC_tsh,5-15,-0.23061036956889228,95,-0.23076214785449695,WLS,75,0.0001517782856046701
4,UPFC_Vse,5-15,0.06276504255875946,95,0.06081851734233769,WLS,75,0.001946525216421774
5,UPFC_tse,5-15,-2.1837922744771845,95,-2.1524546571618854,WLS,75,0.03133761731529905
0,x_tcsc,1-14,-0.11314575891908198,96,-0.11330319200886299,WLS,75,0.00015743308978101445
1,B_svc,2,0.1865217163887895,96,0.18573876621990773,WLS,75,0.0007829501688817742
2,UPFC_Vsh,5-15,1.1088054648022347,96,1.1071370504650786,WLS,75,0.0016684143371561433
3,UPFC_tsh,5-15,-0.23058486595168132,96,-0.23076214785449695,WLS,75,0.00017728190281562917
4,UPFC_Vse,5-15,0.06256930313520229,96,0.06081851734233769,WLS,75,0.0017507857928645981
5,UPFC_tse,5-15,-2.183636553493175,96,-2.1524546571618854,WLS,75,0.03118189633128976
0,x_tcsc,1-14,-0.11314582250252843,97,-0.11330319200886299,WLS,75,0.00015736950633456204
1,B_svc,2,0.18675451781416533,97,0.18573876621990773,WLS,75,0.0010157515942575968
2,UPFC_Vsh,5-15,1.1090498456168838,97,1.1071370504650786,WLS,75,0.0019127951518052022
3,UPFC_tsh,5-15,-0.2306126857422823,97,-0.23076214785449695,WLS,75,0.00014946211221464334
4,UPFC_Vse,5-15,0.0631969586390624,97,0.06081851734233769,WLS,75,0.0023784412967247093
5,UPFC_tse,5-15,-2.1852902650472963,97,-2.1524546571618854,WLS,75,0.032835607885410845
0,x_tcsc,1-14,-0.11313384434441412,98,-0.11330319200886299,WLS,75,0.00016934766444887117
1,B_svc,2,0.18684175243186152,98,0.18573876621990773,WLS,75,0.001102986211953788
2,UPFC_Vsh,5-15,1.1086952563241996,98,1.1071370504650786,WLS,75,0.0015582058591210313
3,UPFC_tsh,5-15,-0.2306721209256435,98,-0.23076214785449695,WLS,75,9.002692885345942e-05
4,UPFC_Vse,5-15,0.062446993738531534,98,0.06081851734233769,WLS,75,0.0016284763961938453
5,UPFC_tse,5-15,-2.1858125297785573,98,-2.1524546571618854,WLS,75,0.03335787261667189
0,x_tcsc,1-14,-0.11314412946083428,99,-0.11330319200886299,WLS,75,0.00015906254802870723
1,B_svc,2,0.18666402770679302,99,0.18573876621990773,WLS,75,0.0009252614868852926
2,UPFC_Vsh,5-15,1.1087048265801278,99,1.1071370504650786,WLS,75,0.001567776115049213
3,UPFC_tsh,5-15,-0.23064289722726916,99,-0.23076214785449695,WLS,75,0.0001192506272277849
4,UPFC_Vse,5-15,0.06235860518639946,99,0.06081851734233769,WLS,75,0.0015400878440617743
5,UPFC_tse,5-15,-2.1822752459654517,99,-2.1524546571618854,WLS,75,0.029820588803566306
0,x_tcsc,1-14,-0.11227448207639534,0,-0.11244102989906583,WLS,77,0.00016654782267049029
1,B_svc,2,0.1849525770856734,0,0.18447772456321931,WLS,77,0.00047485252245407783
2,UPFC_Vsh,5-15,1.1089680889176137,0,1.1078041107142318,WLS,77,0.0011639782033818769
3,UPFC_tsh,5-15,-0.23161001832018968,0,-0.23183980163822235,WLS,77,0.00022978331803266694
4,UPFC_Vse,5-15,0.06226804529115395,0,0.0606352827826857,WLS,77,0.0016327625084682496
5,UPFC_tse,5-15,-2.184765690313102,0,-2.153210255987545,WLS,77,0.03155543432555685
0,x_tcsc,1-14,-0.11226968680671248,1,-0.11244102989906583,WLS,77,0.00017134309235335154
1,B_svc,2,0.18524338695497775,1,0.18447772456321931,WLS,77,0.0007656623917584315
2,UPFC_Vsh,5-15,1.1085059862836781,1,1.1078041107142318,WLS,77,0.0007018755694463419
3,UPFC_tsh,5-15,-0.2317410513035614,1,-0.23183980163822235,WLS,77,9.87503346609464e-05
4,UPFC_Vse,5-15,0.0627125140163979,1,0.0606352827826857,WLS,77,0.0020772312337121943
5,UPFC_tse,5-15,-2.181996851224126,1,-2.153210255987545,WLS,77,0.028786595236581114
0,x_tcsc,1-14,-0.11228704911073902,2,-0.11244102989906583,WLS,77,0.0001539807883268185
1,B_svc,2,0.1852347391722326,2,0.18447772456321931,WLS,77,0.0007570146090132845
2,UPFC_Vsh,5-15,1.1087492017799492,2,1.1078041107142318,WLS,77,0.000945091065717385
3,UPFC_tsh,5-15,-0.23157482206720892,2,-0.23183980163822235,WLS,77,0.0002649795710134295
4,UPFC_Vse,5-15,0.06260261230285848,2,0.0606352827826857,WLS,77,0.0019673295201727767
5,UPFC_tse,5-15,-2.1846271672456963,2,-2.153210255987545,WLS,77,0.03141691125815127
0,x_tcsc,1-14,-0.11228288626340169,3,-0.11244102989906583,WLS,77,0.0001581436356641458
1,B_svc,2,0.18568674612541067,3,0.18447772456321931,WLS,77,0.0012090215621913536
2,UPFC_Vsh,5-15,1.1084485821332961,3,1.1078041107142318,WLS,77,0.0006444714190643186
3,UPFC_tsh,5-15,-0.2317215984159082,3,-0.23183980163822235,WLS,77,0.00011820322231415048
4,UPFC_Vse,5-15,0.06304254036458176,3,0.0606352827826857,WLS,77,0.002407257581896062
5,UPFC_tse,5-15,-2.186242835411855,3,-2.153210255987545,WLS,77,0.033032579424309816
0,x_tcsc,1-14,-0.11227953488412451,4,-0.11244102989906583,WLS,77,0.00016149501494132357
1,B_svc,2,0.18547751883538183,4,0.18447772456321931,WLS,77,0.000999794272162513
2,UPFC_Vsh,5-15,1.1086179293049754,4,1.1078041107142318,WLS,77,0.0008138185907435869
3,UPFC_tsh,5-15,-0.2316322400051787,4,-0.23183980163822235,WLS,77,0.00020756163304364028
4,UPFC_Vse,5-15,0.06207252432135623,4,0.0606352827826857,WLS,77,0.0014372415386705306
5,UPFC_tse,5-15,-2.18521886475954,4,-2.153210255987545,WLS,77,0.03200860877199485
0,x_tcsc,1-14,-0.11227694424860424,5,-0.11244102989906583,WLS,77,0.00016408565046159562
1,B_svc,2,0.18525855272426248,5,0.18447772456321931,WLS,77,0.0007808281610431622
2,UPFC_Vsh,5-15,1.1087078431511235,5,1.1078041107142318,WLS,77,0.0009037324368916799
3,UPFC_tsh,5-15,-0.2316748004962721,5,-0.23183980163822235,WLS,77,0.00016500114195025506
4,UPFC_Vse,5-15,0.06255390220454479,5,0.0606352827826857,WLS,77,0.0019186194218590927
5,UPFC_tse,5-15,-2.1863169756206977,5,-2.153210255987545,WLS,77,0.033106719633152704
0,x_tcsc,1-14,-0.11227810093986576,6,-0.11244102989906583,WLS,77,0.00016292895920007322
1,B_svc,2,0.1850892327254029,6,0.18447772456321931,WLS,77,0.0006115081621835827
2,UPFC_Vsh,5-15,1.1088105745772745,6,1.1078041107142318,WLS,77,0.0010064638630427059
3,UPFC_tsh,5-15,-0.23173713010529348,6,-0.23183980163822235,WLS,77,0.00010267153292886633
4,UPFC_Vse,5-15,0.06219553010318816,6,0.0606352827826857,WLS,77,0.0015602473205024586
5,UPFC_tse,5-15,-2.186059100486524,6,-2.153210255987545,WLS,77,0.03284884449897918
0,x_tcsc,1-14,-0.11226985234831272,7,-0.11244102989906583,WLS,77,0.00017117755075311825
1,B_svc,2,0.18529036391465353,7,0.18447772456321931,WLS,77,0.000812639351434219
2,UPFC_Vsh,5-15,1.108634323684577,7,1.1078041107142318,WLS,77,0.0008302129703452454
3,UPFC_tsh,5-15,-0.2316489459492192,7,-0.23183980163822235,WLS,77,0.00019085568900314986
4,UPFC_Vse,5-15,0.06226853969382645,7,0.0606352827826857,WLS,77,0.0016332569111407527
5,UPFC_tse,5-15,-2.1817793766537235,7,-2.153210255987545,WLS,77,0.02856912066617845
0,x_tcsc,1-14,-0.11226981535427484,8,-0.11244102989906583,WLS,77,0.00017121454479099296
1,B_svc,2,0.18537591313222634,8,0.18447772456321931,WLS,77,0.0008981885690070301
2,UPFC_Vsh,5-15,1.1087004371649452,8,1.1078041107142318,WLS,77,0.0008963264507133584
3,UPFC_tsh,5-15,-0.23166312594976363,8,-0.23183980163822235,WLS,77,0.00017667568845872172
4,UPFC_Vse,5-15,0.06281437000045051,8,0.0606352827826857,WLS,77,0.0021790872177648093
5,UPFC_tse,5-15,-2.180888126835026,8,-2.153210255987545,WLS,77,0.027677870847480968
0,x_tcsc,1-14,-0.11228244410043678,9,-0.11244102989906583,WLS,77,0.00015858579862905453
1,B_svc,2,0.1851625293442377,9,0.18447772456321931,WLS,77,0.0006848047810183722
2,UPFC_Vsh,5-15,1.1091588446359633,9,1.1078041107142318,WLS,77,0.0013547339217314658
3,UPFC_tsh,5-15,-0.23166287053006807,9,-0.23183980163822235,WLS,77,0.00017693110815428237
4,UPFC_Vse,5-15,0.062406553179080386,9,0.0606352827826857,WLS,77,0.0017712703963946863
5,UPFC_tse,5-15,-2.183710327496289,9,-2.153210255987545,WLS,77,0.030500071508743787
0,x_tcsc,1-14,-0.11228305997368587,10,-0.11244102989906583,WLS,77,0.00015796992537996102
1,B_svc,2,0.18531494234797405,10,0.18447772456321931,WLS,77,0.0008372177847547346
2,UPFC_Vsh,5-15,1.1084851221035532,10,1.1078041107142318,WLS,77,0.0006810113893214176
3,UPFC_tsh,5-15,-0.23174362253614544,10,-0.23183980163822235,WLS,77,9.617910207690428e-05
4,UPFC_Vse,5-15,0.06270027406622085,10,0.0606352827826857,WLS,77,0.002064991283535149
5,UPFC_tse,5-15,-2.180304794564526,10,-2.153210255987545,WLS,77,0.027094538576981186
0,x_tcsc,1-14,-0.11227144795804284,11,-0.11244102989906583,WLS,77,0.00016958194102299762
1,B_svc,2,0.18572118624333575,11,0.18447772456321931,WLS,77,0.0012434616801164367
2,UPFC_Vsh,5-15,1.108740220743963,11,1.1078041107142318,WLS,77,0.000936110029731152
3,UPFC_tsh,5-15,-0.23171924786273138,11,-0.23183980163822235,WLS,77,0.00012055377549097246
4,UPFC_Vse,5-15,0.06260592130512624,11,0.0606352827826857,WLS,77,0.001970638522440539
5,UPFC_tse,5-15,-2.184016062857746,11,-2.153210255987545,WLS,77,0.030805806870200847
0,x_tcsc,1-14,-0.11227355351186104,12,-0.11244102989906583,WLS,77,0.00016747638720479574
1,B_svc,2,0.18504077907980118,12,0.18447772456321931,WLS,77,0.0005630545165818679
2,UPFC_Vsh,5-15,1.1088672573822544,12,1.1078041107142318,WLS,77,0.001063146668022652
3,UPFC_tsh,5-15,-0.23167134003004253,12,-0.23183980163822235,WLS,77,0.0001684616081798207
4,UPFC_Vse,5-15,0.06307612813053631,12,0.0606352827826857,WLS,77,0.0024408453478506134
5,UPFC_tse,5-15,-2.182318572599372,12,-2.153210255987545,WLS,77,0.02910831661182689
0,x_tcsc,1-14,-0.11225495198905622,13,-0.11244102989906583,WLS,77,0.00018607791000961604
1,B_svc,2,0.18557576993167013,13,0.18447772456321931,WLS,77,0.0010980453684508173
2,UPFC_Vsh,5-15,1.1086718226899042,13,1.1078041107142318,WLS,77,0.0008677119756723695
3,UPFC_tsh,5-15,-0.23173192361368397,13,-0.23183980163822235,WLS,77,0.00010787802453837703
4,UPFC_Vse,5-15,0.06215062193785819,13,0.0606352827826857,WLS,77,0.0015153391551724904
5,UPFC_tse,5-15,-2.1882524730769384,13,-2.153210255987545,WLS,77,0.03504221708939337
0,x_tcsc,1-14,-0.11227239882757921,14,-0.11244102989906583,WLS,77,0.0001686310714866246
1,B_svc,2,0.18512708221618435,14,0.18447772456321931,WLS,77,0.0006493576529650325
2,UPFC_Vsh,5-15,1.1086531603524477,14,1.1078041107142318,WLS,77,0.0008490496382158597
3,UPFC_tsh,5-15,-0.2316902868566547,14,-0.23183980163822235,WLS,77,0.00014951478156766118
4,UPFC_Vse,5-15,0.06220010357586944,14,0.0606352827826857,WLS,77,0.0015648207931837424
5,UPFC_tse,5-15,-2.184877662694249,14,-2.153210255987545,WLS,77,0.03166740670670398
0,x_tcsc,1-14,-0.11226957002107162,15,-0.11244102989906583,WLS,77,0.0001714598779942178
1,B_svc,2,0.18520882062037428,15,0.18447772456321931,WLS,77,0.0007310960571549618
2,UPFC_Vsh,5-15,1.108580624681156,15,1.1078041107142318,WLS,77,0.0007765139669242416
3,UPFC_tsh,5-15,-0.2316190552915258,15,-0.23183980163822235,WLS,77,0.00022074634669655424
4,UPFC_Vse,5-15,0.06244286577093051,15,0.0606352827826857,WLS,77,0.0018075829882448075
5,UPFC_tse,5-15,-2.1831954776262936,15,-2.153210255987545,WLS,77,0.029985221638748616
0,x_tcsc,1-14,-0.1122847266650318,16,-0.11244102989906583,WLS,77,0.00015630323403403867
1,B_svc,2,0.18537170464895322,16,0.18447772456321931,WLS,77,0.0008939800857339086
2,UPFC_Vsh,5-15,1.1088170175060732,16,1.1078041107142318,WLS,77,0.0010129067918414059
3,UPFC_tsh,5-15,-0.23177984964535409,16,-0.23183980163822235,WLS,77,5.995199286826236e-05
4,UPFC_Vse,5-15,0.06198219263056123,16,0.0606352827826857,WLS,77,0.001346909847875527
5,UPFC_tse,5-15,-2.1880144180179513,16,-2.153210255987545,WLS,77,0.03480416203040626
0,x_tcsc,1-14,-0.11227907030737189,17,-0.11244102989906583,WLS,77,0.00016195959169394702
1,B_svc,2,0.18538428747227734,17,0.18447772456321931,WLS,77,0.000906562909058023
2,UPFC_Vsh,5-15,1.1088814919533072,17,1.1078041107142318,WLS,77,0.0010773812390754145
3,UPFC_tsh,5-15,-0.23163103801788237,17,-0.23183980163822235,WLS,77,0.00020876362033997453
4,UPFC_Vse,5-15,0.06281495961186852,17,0.0606352827826857,WLS,77,0.002179676829182818
5,UPFC_tse,5-15,-2.1818376939447766,17,-2.153210255987545,WLS,77,0.02862743795723155
0,x_tcsc,1-14,-0.11226657270748182,18,-0.11244102989906583,WLS,77,0.0001744571915840154
1,B_svc,2,0.18506267554366032,18,0.18447772456321931,WLS,77,0.0005849509804410069
2,UPFC_Vsh,5-15,1.1089143441793676,18,1.1078041107142318,WLS,77,0.0011102334651358348
3,UPFC_tsh,5-15,-0.2316908887306653,18,-0.23183980163822235,WLS,77,0.00014891290755705833
4,UPFC_Vse,5-15,0.06258233324726564,18,0.0606352827826857,WLS,77,0.0019470504645799427
5,UPFC_tse,5-15,-2.1847674041000107,18,-2.153210255987545,WLS,77,0.03155714811246568
0,x_tcsc,1-14,-0.11226922153911278,19,-0.11244102989906583,WLS,77,0.000171808359953049
1,B_svc,2,0.18501868769683497,19,0.18447772456321931,WLS,77,0.0005409631336156517
2,UPFC_Vsh,5-15,1.1084635556825204,19,1.1078041107142318,WLS,77,0.000659444968288625
3,UPFC_tsh,5-15,-0.23167131143211725,19,-0.23183980163822235,WLS,77,0.00016849020610509857
4,UPFC_Vse,5-15,0.06253772382669547,19,0.0606352827826857,WLS,77,0.0019024410440097658
5,UPFC_tse,5-15,-2.182864657932131,19,-2.153210255987545,WLS,77,0.029654401944585906
0,x_tcsc,1-14,-0.11227240633080852,20,-0.11244102989906583,WLS,77,0.00016862356825730895
1,B_svc,2,0.18559007069622424,20,0.18447772456321931,WLS,77,0.0011123461330049267
2,UPFC_Vsh,5-15,1.1088174395857744,20,1.1078041107142318,WLS,77,0.0010133288715425959
3,UPFC_tsh,5-15,-0.23171079545067536,20,-0.23183980163822235,WLS,77,0.00012900618754699278
4,UPFC_Vse,5-15,0.062242484006478,20,0.0606352827826857,WLS,77,0.0016072012237922997
5,UPFC_tse,5-15,-2.185541740501438,20,-2.153210255987545,WLS,77,0.032331484513893116
0,x_tcsc,1-14,-0.11227959769640021,21,-0.11244102989906583,WLS,77,0.00016143220266562341
1,B_svc,2,0.18569564098713578,21,0.18447772456321931,WLS,77,0.0012179164239164708
2,UPFC_Vsh,5-15,1.1089855751212079,21,1.1078041107142318,WLS,77,0.001181464406976085
3,UPFC_tsh,5-15,-0.23165263641745173,21,-0.23183980163822235,WLS,77,0.00018716522077061315
4,UPFC_Vse,5-15,0.06240381064826845,21,0.0606352827826857,WLS,77,0.0017685278655827502
5,UPFC_tse,5-15,-2.1853478553488377,21,-2.153210255987545,WLS,77,0.03213759936129268
0,x_tcsc,1-14,-0.11227464755588937,22,-0.11244102989906583,WLS,77,0.00016638234317646605
1,B_svc,2,0.18494145274634374,22,0.18447772456321931,WLS,77,0.00046372818312442887
2,UPFC_Vsh,5-15,1.109066612677914,22,1.1078041107142318,WLS,77,0.001262501963682272
3,UPFC_tsh,5-15,-0.23164437280035707,22,-0.23183980163822235,WLS,77,0.00019542883786527465
4,UPFC_Vse,5-15,0.06249311334696393,22,0.0606352827826857,WLS,77,0.001857830564278233
5,UPFC_tse,5-15,-2.1839659773364444,22,-2.153210255987545,WLS,77,0.030755721348899367
0,x_tcsc,1-14,-0.11227748728697517,23,-0.11244102989906583,WLS,77,0.00016354261209065857
1,B_svc,2,0.18567889214656036,23,0.18447772456321931,WLS,77,0.0012011675833410451
2,UPFC_Vsh,5-15,1.1089047248884498,23,1.1078041107142318,WLS,77,0.0011006141742180287
3,UPFC_tsh,5-15,-0.23163603464968713,23,-0.23183980163822235,WLS,77,0.00020376698853522002
4,UPFC_Vse,5-15,0.06244672916107942,23,0.0606352827826857,WLS,77,0.0018114463783937204
5,UPFC_tse,5-15,-2.1850839372497775,23,-2.153210255987545,WLS,77,0.031873681262232445
0,x_tcsc,1-14,-0.11227897524882144,24,-0.11244102989906583,WLS,77,0.0001620546502443948
1,B_svc,2,0.18565246685557193,24,0.18447772456321931,WLS,77,0.0011747422923526207
2,UPFC_Vsh,5-15,1.108615634161235,24,1.1078041107142318,WLS,77,0.0008115234470031929
3,UPFC_tsh,5-15,-0.2316756021332698,24,-0.23183980163822235,WLS,77,0.00016419950495255575
4,UPFC_Vse,5-15,0.06279120686663042,24,0.0606352827826857,WLS,77,0.0021559240839447227
5,UPFC_tse,5-15,-2.186568024178879,24,-2.153210255987545,WLS,77,0.03335776819133418
0,x_tcsc,1-14,-0.11227447570502268,25,-0.11244102989906583,WLS,77,0.00016655419404315586
1,B_svc,2,0.18575859851158402,25,0.18447772456321931,WLS,77,0.001280873948364708
2,UPFC_Vsh,5-15,1.108565585480621,25,1.1078041107142318,WLS,77,0.000761474766389103
3,UPFC_tsh,5-15,-0.23165346129162898,25,-0.23183980163822235,WLS,77,0.00018634034659337217
4,UPFC_Vse,5-15,0.06251766649227736,25,0.0606352827826857,WLS,77,0.0018823837095916576
5,UPFC_tse,5-15,-2.1859282488035046,25,-2.153210255987545,WLS,77,0.03271799281595955
0,x_tcsc,1-14,-0.11227675762998883,26,-0.11244102989906583,WLS,77,0.00016427226907700376
1,B_svc,2,0.18557738963641848,26,0.18447772456321931,WLS,77,0.0010996650731991686
2,UPFC_Vsh,5-15,1.1082820399654167,26,1.1078041107142318,WLS,77,0.0004779292511849498
3,UPFC_tsh,5-15,-0.2316566303784898,26,-0.23183980163822235,WLS,77,0.00018317125973255077
4,UPFC_Vse,5-15,0.06232127822893176,26,0.0606352827826857,WLS,77,0.0016859954462460636
5,UPFC_tse,5-15,-2.182736838276121,26,-2.153210255987545,WLS,77,0.029526582288576186
0,x_tcsc,1-14,-0.1122731624756377,27,-0.11244102989906583,WLS,77,0.000167867423428128
1,B_svc,2,0.1854712985777094,27,0.18447772456321931,WLS,77,0.0009935740144900729
2,UPFC_Vsh,5-15,1.1086431620793527,27,1.1078041107142318,WLS,77,0.0008390513651208575
3,UPFC_tsh,5-15,-0.2316909308681179,27,-0.23183980163822235,WLS,77,0.00014887077010444782
4,UPFC_Vse,5-15,0.0622795034281422,27,0.0606352827826857,WLS,77,0.0016442206454565025
5,UPFC_tse,5-15,-2.187103975117356,27,-2.153210255987545,WLS,77,0.033893719129811206
0,x_tcsc,1-14,-0.11228623909661356,28,-0.11244102989906583,WLS,77,0.00015479080245227317
1,B_svc,2,0.1851895404762383,28,0.18447772456321931,WLS,77,0.0007118159130189983
2,UPFC_Vsh,5-15,1.1087588007732654,28,1.1078041107142318,WLS,77,0.0009546900590335916
3,UPFC_tsh,5-15,-0.23159644543030677,28,-0.23183980163822235,WLS,77,0.00024335620791557377
4,UPFC_Vse,5-15,0.06245234887144462,28,0.0606352827826857,WLS,77,0.001817066088758923
5,UPFC_tse,5-15,-2.185190434645318,28,-2.153210255987545,WLS,77,0.03198017865777292
0,x_tcsc,1-14,-0.11226390399399047,29,-0.11244102989906583,WLS,77,0.00017712590507536208
1,B_svc,2,0.18523308033881233,29,0.18447772456321931,WLS,77,0.0007553557755930196
2,UPFC_Vsh,5-15,1.1086960906878625,29,1.1078041107142318,WLS,77,0.0008919799736306633
3,UPFC_tsh,5-15,-0.2316925225842902,29,-0.23183980163822235,WLS,77,0.0001472790539321367
4,UPFC_Vse,5-15,0.062302320125055245,29,0.0606352827826857,WLS,77,0.0016670373423695456
5,UPFC_tse,5-15,-2.186811884342459,29,-2.153210255987545,WLS,77,0.03360162835491387
0,x_tcsc,1-14,-0.11227593675381539,30,-0.11244102989906583,WLS,77,0.00016509314525044172
1,B_svc,2,0.18538802583299258,30,0.18447772456321931,WLS,77,0.0009103012697732615
2,UPFC_Vsh,5-15,1.108835546920237,30,1.1078041107142318,WLS,77,0.0010314362060050986
3,UPFC_tsh,5-15,-0.23175669271243693,30,-0.23183980163822235,WLS,77,8.310892578541895e-05
4,UPFC_Vse,5-15,0.06278958722547152,30,0.0606352827826857,WLS,77,0.0021543044427858246
5,UPFC_tse,5-15,-2.1854615271092888,30,-2.153210255987545,WLS,77,0.03225127112174375
0,x_tcsc,1-14,-0.11227875811886658,31,-0.11244102989906583,WLS,77,0.00016227178019925792
1,B_svc,2,0.18524056874409722,31,0.18447772456321931,WLS,77,0.0007628441808779085
2,UPFC_Vsh,5-15,1.1086721264362835,31,1.1078041107142318,WLS,77,0.0008680157220517515
3,UPFC_tsh,5-15,-0.23179326151552093,31,-0.23183980163822235,WLS,77,4.6540122701416164e-05
4,UPFC_Vse,5-15,0.06278686349407503,31,0.0606352827826857,WLS,77,0.0021515807113893295
5,UPFC_tse,5-15,-2.185266091874446,31,-2.153210255987545,WLS,77,0.032055835886901196
0,x_tcsc,1-14,-0.11226953858928611,32,-0.11244102989906583,WLS,77,0.0001714913097797255
1,B_svc,2,0.18557473478498568,32,0.18447772456321931,WLS,77,0.0010970102217663646
2,UPFC_Vsh,5-15,1.1085135505132242,32,1.1078041107142318,WLS,77,0.0007094397989924062
3,UPFC_tsh,5-15,-0.2317378360233188,32,-0.23183980163822235,WLS,77,0.00010196561490355416
4,UPFC_Vse,5-15,0.06266823148694342,32,0.0606352827826857,WLS,77,0.0020329487042577213
5,UPFC_tse,5-15,-2.183713513014965,32,-2.153210255987545,WLS,77,0.030503257027420183
0,x_tcsc,1-14,-0.11227894477835407,33,-0.11244102989906583,WLS,77,0.00016208512071176628
1,B_svc,2,0.18512941469369748,33,0.18447772456321931,WLS,77,0.0006516901304781664
2,UPFC_Vsh,5-15,1.10865433344581,33,1.1078041107142318,WLS,77,0.0008502227315783095
3,UPFC_tsh,5-15,-0.23169870669501702,33,-0.23183980163822235,WLS,77,0.00014109494320532767
4,UPFC_Vse,5-15,0.06230080189868814,33,0.0606352827826857,WLS,77,0.001665519116002441
5,UPFC_tse,5-15,-2.1851043067546536,33,-2.153210255987545,WLS,77,0.031894050767108606
0,x_tcsc,1-14,-0.11227914785561452,34,-0.11244102989906583,WLS,77,0.00016188204345131407
1,B_svc,2,0.18544499998418,34,0.18447772456321931,WLS,77,0.0009672754209606726
2,UPFC_Vsh,5-15,1.1087241389331615,34,1.1078041107142318,WLS,77,0.0009200282189296694
3,UPFC_tsh,5-15,-0.23168097771148588,34,-0.23183980163822235,WLS,77,0.00015882392673646772
4,UPFC_Vse,5-15,0.06281505209179607,34,0.0606352827826857,WLS,77,0.0021797693091103673
5,UPFC_tse,5-15,-2.1809427363347824,34,-2.153210255987545,WLS,77,0.02773248034723741
0,x_tcsc,1-14,-0.1122838528789241,35,-0.11244102989906583,WLS,77,0.00015717702014172996
1,B_svc,2,0.18568061494057964,35,0.18447772456321931,WLS,77,0.0012028903773603217
2,UPFC_Vsh,5-15,1.1087871669751863,35,1.1078041107142318,WLS,77,0.000983056260954518
3,UPFC_tsh,5-15,-0.23170089369706268,35,-0.23183980163822235,WLS,77,0.00013890794115967164
4,UPFC_Vse,5-15,0.06285760789681533,35,0.0606352827826857,WLS,77,0.0022223251141296266
5,UPFC_tse,5-15,-2.182733378898393,35,-2.153210255987545,WLS,77,0.02952312291084791
0,x_tcsc,1-14,-0.11227708692489911,36,-0.11244102989906583,WLS,77,0.00016394297416671977
1,B_svc,2,0.18538291653649874,36,0.18447772456321931,WLS,77,0.0009051919732794289
2,UPFC_Vsh,5-15,1.10879468827121,36,1.1078041107142318,WLS,77,0.0009905775569782893
3,UPFC_tsh,5-15,-0.23172535726111257,36,-0.23183980163822235,WLS,77,0.00011444437710977917
4,UPFC_Vse,5-15,0.06236455522352799,36,0.0606352827826857,WLS,77,0.0017292724408422902
5,UPFC_tse,5-15,-2.1850415724080148,36,-2.153210255987545,WLS,77,0.03183131642046977
0,x_tcsc,1-14,-0.11227818378512437,37,-0.11244102989906583,WLS,77,0.00016284611394146165
1,B_svc,2,0.1848821141525595,37,0.18447772456321931,WLS,77,0.00040438958934019276
2,UPFC_Vsh,5-15,1.1088848153937416,37,1.1078041107142318,WLS,77,0.0010807046795098252
3,UPFC_tsh,5-15,-0.23166616620802993,37,-0.23183980163822235,WLS,77,0.00017363543019241479
4,UPFC_Vse,5-15,0.062065874666375524,37,0.0606352827826857,WLS,77,0.0014305918836898246
5,UPFC_tse,5-15,-2.188108755243173,37,-2.153210255987545,WLS,77,0.034898499255628046
0,x_tcsc,1-14,-0.11227151814112533,38,-0.11244102989906583,WLS,77,0.00016951175794049922
1,B_svc,2,0.18466354574520205,38,0.18447772456321931,WLS,77,0.00018582118198273712
2,UPFC_Vsh,5-15,1.108635238869206,38,1.1078041107142318,WLS,77,0.0008311281549742144
3,UPFC_tsh,5-15,-0.2316980243767129,38,-0.23183980163822235,WLS,77,0.00014177726150943482
4,UPFC_Vse,5-15,0.06237154979100984,38,0.0606352827826857,WLS,77,0.0017362670083241397
5,UPFC_tse,5-15,-2.1812765183392515,38,-2.153210255987545,WLS,77,0.028066262351706506
0,x_tcsc,1-14,-0.11226472072757657,39,-0.11244102989906583,WLS,77,0.00017630917148926672
1,B_svc,2,0.18527410739936104,39,0.18447772456321931,WLS,77,0.0007963828361417236
2,UPFC_Vsh,5-15,1.108513161659147,39,1.1078041107142318,WLS,77,0.000709050944915246
3,UPFC_tsh,5-15,-0.23174423617307885,39,-0.23183980163822235,WLS,77,9.556546514349895e-05
4,UPFC_Vse,5-15,0.062424159018078754,39,0.0606352827826857,WLS,77,0.001788876235393054
5,UPFC_tse,5-15,-2.182355738262377,39,-2.153210255987545,WLS,77,0.029145482274831824
0,x_tcsc,1-14,-0.11229332627175068,40,-0.11244102989906583,WLS,77,0.00014770362731515718
1,B_svc,2,0.184634574002308,40,0.18447772456321931,WLS,77,0.00015684943908869653
2,UPFC_Vsh,5-15,1.1082172108933042,40,1.1078041107142318,WLS,77,0.0004131001790723676
3,UPFC_tsh,5-15,-0.2316902884587236,40,-0.23183980163822235,WLS,77,0.0001495131794987392
4,UPFC_Vse,5-15,0.06242782537209197,40,0.0606352827826857,WLS,77,0.001792542589406268
5,UPFC_tse,5-15,-2.18373897608067,40,-2.153210255987545,WLS,77,0.030528720093125017
0,x_tcsc,1-14,-0.11228086338950695,41,-0.11244102989906583,WLS,77,0.00016016650955888445
1,B_svc,2,0.18538093657466417,41,0.18447772456321931,WLS,77,0.0009032120114448594
2,UPFC_Vsh,5-15,1.1087299791059495,41,1.1078041107142318,WLS,77,0.0009258683917177102
3,UPFC_tsh,5-15,-0.2316787605534118,41,-0.23183980163822235,WLS,77,0.00016104108481054813
4,UPFC_Vse,5-15,0.06251398087711499,41,0.0606352827826857,WLS,77,0.0018786980944292889
5,UPFC_tse,5-15,-2.185559160603774,41,-2.153210255987545,WLS,77,0.03234890461622886
0,x_tcsc,1-14,-0.11226875042944781,42,-0.11244102989906583,WLS,77,0.00017227946961802243
1,B_svc,2,0.18526954572799198,42,0.18447772456321931,WLS,77,0.0007918211647726658
2,UPFC_Vsh,5-15,1.108486367225825,42,1.1078041107142318,WLS,77,0.0006822565115931489
3,UPFC_tsh,5-15,-0.2317557155074764,42,-0.23183980163822235,WLS,77,8.408613074595284e-05
4,UPFC_Vse,5-15,0.06228305898951392,42,0.0606352827826857,WLS,77,0.0016477762068282178
5,UPFC_tse,5-15,-2.184759054239402,42,-2.153210255987545,WLS,77,0.03154879825185697
0,x_tcsc,1-14,-0.11227281051407353,43,-0.11244102989906583,WLS,77,0.00016821938499229916
1,B_svc,2,0.18546336308900563,43,0.18447772456321931,WLS,77,0.0009856385257863143
2,UPFC_Vsh,5-15,1.108993744219114,43,1.1078041107142318,WLS,77,0.0011896335048822149
3,UPFC_tsh,5-15,-0.23167205752295505,43,-0.23183980163822235,WLS,77,0.00016774411526729316
4,UPFC_Vse,5-15,0.06276143167917612,43,0.0606352827826857,WLS,77,0.002126148896490425
5,UPFC_tse,5-15,-2.1857500889489545,43,-2.153210255987545,WLS,77,0.0325398329614095
0,x_tcsc,1-14,-0.11227130038307068,44,-0.11244102989906583,WLS,77,0.00016972951599515673
1,B_svc,2,0.18572332969270555,44,0.18447772456321931,WLS,77,0.001245605129486238
2,UPFC_Vsh,5-15,1.1090257713727694,44,1.1078041107142318,WLS,77,0.0012216606585375711
3,UPFC_tsh,5-15,-0.23166513722130508,44,-0.23183980163822235,WLS,77,0.00017466441691726953
4,UPFC_Vse,5-15,0.06305055386032087,44,0.0606352827826857,WLS,77,0.0024152710776351657
5,UPFC_tse,5-15,-2.181279197677914,44,-2.153210255987545,WLS,77,0.028068941690368998
0,x_tcsc,1-14,-0.11227277112275585,45,-0.11244102989906583,WLS,77,0.0001682587763099791
1,B_svc,2,0.18546818894995878,45,0.18447772456321931,WLS,77,0.0009904643867394702
2,UPFC_Vsh,5-15,1.1088057579219215,45,1.1078041107142318,WLS,77,0.0010016472076896932
3,UPFC_tsh,5-15,-0.23163536692036907,45,-0.23183980163822235,WLS,77,0.00020443471785328016
4,UPFC_Vse,5-15,0.06272739614877204,45,0.0606352827826857,WLS,77,0.0020921133660863414
5,UPFC_tse,5-15,-2.18484505560781,45,-2.153210255987545,WLS,77,0.03163479962026505
0,x_tcsc,1-14,-0.112274258471867,46,-0.11244102989906583,WLS,77,0.00016677142719882798
1,B_svc,2,0.1853134219237293,46,0.18447772456321931,WLS,77,0.0008356973605099793
2,UPFC_Vsh,5-15,1.108708709400649,46,1.1078041107142318,WLS,77,0.000904598686417124
3,UPFC_tsh,5-15,-0.23166495283526692,46,-0.23183980163822235,WLS,77,0.0001748488029554296
4,UPFC_Vse,5-15,0.06260835748240823,46,0.0606352827826857,WLS,77,0.001973074699722528
5,UPFC_tse,5-15,-2.1820644851617232,46,-2.153210255987545,WLS,77,0.028854229174178236
0,x_tcsc,1-14,-0.1122816029791851,47,-0.11244102989906583,WLS,77,0.00015942691988073132
1,B_svc,2,0.1850914896796363,47,0.18447772456321931,WLS,77,0.0006137651164169755
2,UPFC_Vsh,5-15,1.108930467031635,47,1.1078041107142318,WLS,77,0.0011263563174030988
3,UPFC_tsh,5-15,-0.23165161610924742,47,-0.23183980163822235,WLS,77,0.0001881855289749268
4,UPFC_Vse,5-15,0.06237181560037969,47,0.0606352827826857,WLS,77,0.0017365328176939879
5,UPFC_tse,5-15,-2.1868404207394962,47,-2.153210255987545,WLS,77,0.03363016475195124
0,x_tcsc,1-14,-0.1122734587728652,48,-0.11244102989906583,WLS,77,0.00016757112620063852
1,B_svc,2,0.18524347022998192,48,0.18447772456321931,WLS,77,0.0007657456667626017
2,UPFC_Vsh,5-15,1.1085014446232981,48,1.1078041107142318,WLS,77,0.0006973339090663444
3,UPFC_tsh,5-15,-0.23168821842751744,48,-0.23183980163822235,WLS,77,0.00015158321070490866
4,UPFC_Vse,5-15,0.0620346356875255,48,0.0606352827826857,WLS,77,0.0013993529048397998
5,UPFC_tse,5-15,-2.186384682069842,48,-2.153210255987545,WLS,77,0.033174426082296815
0,x_tcsc,1-14,-0.1122908541763273,49,-0.11244102989906583,WLS,77,0.00015017572273853808
1,B_svc,2,0.18576476717871596,49,0.18447772456321931,WLS,77,0.001287042615496642
2,UPFC_Vsh,5-15,1.1084697305092193,49,1.1078041107142318,WLS,77,0.0006656197949874709
3,UPFC_tsh,5-15,-0.23169788745319797,49,-0.23183980163822235,WLS,77,0.0001419141850243777
4,UPFC_Vse,5-15,0.06215094511722502,49,0.0606352827826857,WLS,77,0.0015156623345393208
5,UPFC_tse,5-15,-2.184541953517084,49,-2.153210255987545,WLS,77,0.03133169752953879
0,x_tcsc,1-14,-0.11226260302511659,50,-0.11244102989906583,WLS,77,0.00017842687394924173
1,B_svc,2,0.18515243482491267,50,0.18447772456321931,WLS,77,0.0006747102616933565
2,UPFC_Vsh,5-15,1.1087622464933458,50,1.1078041107142318,WLS,77,0.0009581357791139666
3,UPFC_tsh,5-15,-0.23167407001330895,50,-0.23183980163822235,WLS,77,0.0001657316249134011
4,UPFC_Vse,5-15,0.06275789767866413,50,0.0606352827826857,WLS,77,0.002122614895978432
5,UPFC_tse,5-15,-2.1838739409271737,50,-2.153210255987545,WLS,77,0.030663684939628677
0,x_tcsc,1-14,-0.11227644497224754,51,-0.11244102989906583,WLS,77,0.00016458492681829806
1,B_svc,2,0.18543838903765708,51,0.18447772456321931,WLS,77,0.0009606644744377668
2,UPFC_Vsh,5-15,1.1088253534885082,51,1.1078041107142318,WLS,77,0.0010212427742763985
3,UPFC_tsh,5-15,-0.2316747212757196,51,-0.23183980163822235,WLS,77,0.00016508036250276192
4,UPFC_Vse,5-15,0.06257844646557498,51,0.0606352827826857,WLS,77,0.0019431636828892776
5,UPFC_tse,5-15,-2.1848523005558937,51,-2.153210255987545,WLS,77,0.03164204456834874
0,x_tcsc,1-14,-0.1122780512274547,52,-0.11244102989906583,WLS,77,0.00016297867161113588
1,B_svc,2,0.18566188966946034,52,0.18447772456321931,WLS,77,0.0011841651062410308
2,UPFC_Vsh,5-15,1.1089403017012969,52,1.1078041107142318,WLS,77,0.0011361909870650777
3,UPFC_tsh,5-15,-0.2316394730957159,52,-0.23183980163822235,WLS,77,0.00020032854250645604
4,UPFC_Vse,5-15,0.06281795498180767,52,0.0606352827826857,WLS,77,0.0021826721991219725
5,UPFC_tse,5-15,-2.1836323610186934,52,-2.153210255987545,WLS,77,0.030422105031148394
0,x_tcsc,1-14,-0.11227513180933386,53,-0.11244102989906583,WLS,77,0.0001658980897319695
1,B_svc,2,0.185141479392584,53,0.18447772456321931,WLS,77,0.0006637548293646767
2,UPFC_Vsh,5-15,1.1087588092645473,53,1.1078041107142318,WLS,77,0.0009546985503154914
3,UPFC_tsh,5-15,-0.2316544448951731,53,-0.23183980163822235,WLS,77,0.00018535674304925864
4,UPFC_Vse,5-15,0.06260012955643555,53,0.0606352827826857,WLS,77,0.001964846773749855
5,UPFC_tse,5-15,-2.181505676728911,53,-2.153210255987545,WLS,77,0.02829542074136615
0,x_tcsc,1-14,-0.11226997088023245,54,-0.11244102989906583,WLS,77,0.00017105901883338048
1,B_svc,2,0.18555294597088343,54,0.18447772456321931,WLS,77,0.001075221407664112
2,UPFC_Vsh,5-15,1.1088404002379002,54,1.1078041107142318,WLS,77,0.00103628952366841
3,UPFC_tsh,5-15,-0.23168621606238432,54,-0.23183980163822235,WLS,77,0.0001535855758380278
4,UPFC_Vse,5-15,0.0626029295459307,54,0.0606352827826857,WLS,77,0.0019676467632450054
5,UPFC_tse,5-15,-2.1841540208532932,54,-2.153210255987545,WLS,77,0.030943764865748236
0,x_tcsc,1-14,-0.11226128201723108,55,-0.11244102989906583,WLS,77,0.000179747881834752
1,B_svc,2,0.18578098246389624,55,0.18447772456321931,WLS,77,0.001303257900676924
2,UPFC_Vsh,5-15,1.1090166743082621,55,1.1078041107142318,WLS,77,0.0012125635940303248
3,UPFC_tsh,5-15,-0.2316674910976622,55,-0.23183980163822235,WLS,77,0.00017231054056016104
4,UPFC_Vse,5-15,0.06276725536994245,55,0.0606352827826857,WLS,77,0.002131972587256746
5,UPFC_tse,5-15,-2.1866181341618818,55,-2.153210255987545,WLS,77,0.03340787817433677
0,x_tcsc,1-14,-0.1122752628356239,56,-0.11244102989906583,WLS,77,0.00016576706344192949
1,B_svc,2,0.18573635660662718,56,0.18447772456321931,WLS,77,0.0012586320434078702
2,UPFC_Vsh,5-15,1.108481727420237,56,1.1078041107142318,WLS,77,0.0006776167060051907
3,UPFC_tsh,5-15,-0.23165736260444345,56,-0.23183980163822235,WLS,77,0.0001824390337789028
4,UPFC_Vse,5-15,0.06200320582911425,56,0.0606352827826857,WLS,77,0.0013679230464285486
5,UPFC_tse,5-15,-2.1840103757823,56,-2.153210255987545,WLS,77,0.030800119794755165
0,x_tcsc,1-14,-0.11226729738121764,57,-0.11244102989906583,WLS,77,0.00017373251784819077
1,B_svc,2,0.18549528832823775,57,0.18447772456321931,WLS,77,0.0010175637650184366
2,UPFC_Vsh,5-15,1.1088261748412263,57,1.1078041107142318,WLS,77,0.0010220641269944597
3,UPFC_tsh,5-15,-0.23160704128869655,57,-0.23183980163822235,WLS,77,0.00023276034952579572
4,UPFC_Vse,5-15,0.062034062655326065,57,0.0606352827826857,WLS,77,0.0013987798726403655
5,UPFC_tse,5-15,-2.182658113353032,57,-2.153210255987545,WLS,77,0.02944785736548683
0,x_tcsc,1-14,-0.11227885150515737,58,-0.11244102989906583,WLS,77,0.00016217839390846034
1,B_svc,2,0.18529994545835946,58,0.18447772456321931,WLS,77,0.0008222208951401411
2,UPFC_Vsh,5-15,1.1085059487920401,58,1.1078041107142318,WLS,77,0.0007018380778083255
3,UPFC_tsh,5-15,-0.23169509344205785,58,-0.23183980163822235,WLS,77,0.0001447081961644947
4,UPFC_Vse,5-15,0.062393361537847,58,0.0606352827826857,WLS,77,0.0017580787551612978
5,UPFC_tse,5-15,-2.1846019376255943,58,-2.153210255987545,WLS,77,0.031391681638049285
0,x_tcsc,1-14,-0.11227291631518505,59,-0.11244102989906583,WLS,77,0.00016811358388078845
1,B_svc,2,0.18516224426052597,59,0.18447772456321931,WLS,77,0.0006845196973066514
2,UPFC_Vsh,5-15,1.1088727228064676,59,1.1078041107142318,WLS,77,0.0010686120922358544
3,UPFC_tsh,5-15,-0.23161408618743956,59,-0.23183980163822235,WLS,77,0.00022571545078278743
4,UPFC_Vse,5-15,0.06243967948236232,59,0.0606352827826857,WLS,77,0.001804396699676622
5,UPFC_tse,5-15,-2.1847283313685435,59,-2.153210255987545,WLS,77,0.03151807538099849
0,x_tcsc,1-14,-0.11227043767075073,60,-0.11244102989906583,WLS,77,0.00017059222831510013
1,B_svc,2,0.18571652408257713,60,0.18447772456321931,WLS,77,0.0012387995193578194
2,UPFC_Vsh,5-15,1.1089200295242154,60,1.1078041107142318,WLS,77,0.0011159188099836292
3,UPFC_tsh,5-15,-0.23168543156332227,60,-0.23183980163822235,WLS,77,0.00015437007490007315
4,UPFC_Vse,5-15,0.06223313472267267,60,0.0606352827826857,WLS,77,0.0015978519399869676
5,UPFC_tse,5-15,-2.1851823492680356,60,-2.153210255987545,WLS,77,0.031972093280490554
0,x_tcsc,1-14,-0.11227275189134973,61,-0.11244102989906583,WLS,77,0.00016827800771609946
1,B_svc,2,0.1852924016951526,61,0.18447772456321931,WLS,77,0.0008146771319332835
2,UPFC_Vsh,5-15,1.1084736720295085,61,1.1078041107142318,WLS,77,0.0006695613152767343
3,UPFC_tsh,5-15,-0.23168396222372048,61,-0.23183980163822235,WLS,77,0.00015583941450186822
4,UPFC_Vse,5-15,0.06275672567891408,61,0.0606352827826857,WLS,77,0.0021214428962283774
5,UPFC_tse,5-15,-2.183399538449696,61,-2.153210255987545,WLS,77,0.030189282462151024
0,x_tcsc,1-14,-0.11229221656225871,62,-0.11244102989906583,WLS,77,0.0001488133368071215
1,B_svc,2,0.1849650680173519,62,0.18447772456321931,WLS,77,0.00048734345413259383
2,UPFC_Vsh,5-15,1.1087211626724314,62,1.1078041107142318,WLS,77,0.0009170519581995773
3,UPFC_tsh,5-15,-0.23165264079080028,62,-0.23183980163822235,WLS,77,0.00018716084742206873
4,UPFC_Vse,5-15,0.062223368278022155,62,0.0606352827826857,WLS,77,0.0015880854953364554
5,UPFC_tse,5-15,-2.187269500300718,62,-2.153210255987545,WLS,77,0.034059244313172865
0,x_tcsc,1-14,-0.1122661363017913,63,-0.11244102989906583,WLS,77,0.0001748935972745308
1,B_svc,2,0.185086030507782,63,0.18447772456321931,WLS,77,0.0006083059445626815
2,UPFC_Vsh,5-15,1.1086547987688158,63,1.1078041107142318,WLS,77,0.0008506880545839923
3,UPFC_tsh,5-15,-0.23163390805924194,63,-0.23183980163822235,WLS,77,0.00020589357898040395
4,UPFC_Vse,5-15,0.06203409734350008,63,0.0606352827826857,WLS,77,0.0013988145608143793
5,UPFC_tse,5-15,-2.1855323855000672,63,-2.153210255987545,WLS,77,0.032322129512522224
0,x_tcsc,1-14,-0.11226336385052675,64,-0.11244102989906583,WLS,77,0.0001776660485390824
1,B_svc,2,0.18524368533766353,64,0.18447772456321931,WLS,77,0.0007659607744442132
2,UPFC_Vsh,5-15,1.1085000070511026,64,1.1078041107142318,WLS,77,0.0006958963368708382
3,UPFC_tsh,5-15,-0.23168174034892478,64,-0.23183980163822235,WLS,77,0.00015806128929757302
4,UPFC_Vse,5-15,0.06245655312934973,64,0.0606352827826857,WLS,77,0.0018212703466640306
5,UPFC_tse,5-15,-2.184198208188493,64,-2.153210255987545,WLS,77,0.030987952200947966
0,x_tcsc,1-14,-0.11227527316286603,65,-0.11244102989906583,WLS,77,0.00016575673619979858
1,B_svc,2,0.185617402610874,65,0.18447772456321931,WLS,77,0.0011396780476546908
2,UPFC_Vsh,5-15,1.1087486709248298,65,1.1078041107142318,WLS,77,0.0009445602105979667
3,UPFC_tsh,5-15,-0.23168838787637266,65,-0.23183980163822235,WLS,77,0.00015141376184968358
4,UPFC_Vse,5-15,0.0624677069924713,65,0.0606352827826857,WLS,77,0.0018324242097855978
5,UPFC_tse,5-15,-2.187484339973691,65,-2.153210255987545,WLS,77,0.03427408398614595
0,x_tcsc,1-14,-0.11228045322709108,66,-0.11244102989906583,WLS,77,0.00016057667197474923
1,B_svc,2,0.18556565986940443,66,0.18447772456321931,WLS,77,0.0010879353061851171
2,UPFC_Vsh,5-15,1.1086195149809288,66,1.1078041107142318,WLS,77,0.0008154042666970174
3,UPFC_tsh,5-15,-0.2316862009399042,66,-0.23183980163822235,WLS,77,0.00015360069831815704
4,UPFC_Vse,5-15,0.06269116743312587,66,0.0606352827826857,WLS,77,0.002055884650440175
5,UPFC_tse,5-15,-2.1819836848323813,66,-2.153210255987545,WLS,77,0.028773428844836246
0,x_tcsc,1-14,-0.11227291818589291,67,-0.11244102989906583,WLS,77,0.00016811171317292206
1,B_svc,2,0.18547237142911435,67,0.18447772456321931,WLS,77,0.000994646865895038
2,UPFC_Vsh,5-15,1.1084424490577163,67,1.1078041107142318,WLS,77,0.0006383383434844792
3,UPFC_tsh,5-15,-0.23173047389684892,67,-0.23183980163822235,WLS,77,0.00010932774137342727
4,UPFC_Vse,5-15,0.06256920248298048,67,0.0606352827826857,WLS,77,0.0019339197002947797
5,UPFC_tse,5-15,-2.1839495799466255,67,-2.153210255987545,WLS,77,0.030739323959080522
0,x_tcsc,1-14,-0.11227454104393252,68,-0.11244102989906583,WLS,77,0.00016648885513331768
1,B_svc,2,0.18557502864209585,68,0.18447772456321931,WLS,77,0.0010973040788765376
2,UPFC_Vsh,5-15,1.1085252483795187,68,1.1078041107142318,WLS,77,0.0007211376652869195
3,UPFC_tsh,5-15,-0.23164904280823725,68,-0.23183980163822235,WLS,77,0.00019075882998509375
4,UPFC_Vse,5-15,0.06209130953879634,68,0.0606352827826857,WLS,77,0.0014560267561106385
5,UPFC_tse,5-15,-2.1831247231762156,68,-2.153210255987545,WLS,77,0.029914467188670635
0,x_tcsc,1-14,-0.11226998457672255,69,-0.11244102989906583,WLS,77,0.00017104532234328562
1,B_svc,2,0.1851725810235197,69,0.18447772456321931,WLS,77,0.0006948564603003748
2,UPFC_Vsh,5-15,1.108408748736909,69,1.1078041107142318,WLS,77,0.0006046380226771841
3,UPFC_tsh,5-15,-0.23166985750098326,69,-0.23183980163822235,WLS,77,0.0001699441372390864
4,UPFC_Vse,5-15,0.061826510701080625,69,0.0606352827826857,WLS,77,0.0011912279183949256
5,UPFC_tse,5-15,-2.1858988612130004,69,-2.153210255987545,WLS,77,0.03268860522545536
0,x_tcsc,1-14,-0.11226252261875903,70,-0.11244102989906583,WLS,77,0.00017850728030679996
1,B_svc,2,0.1849905101486596,70,0.18447772456321931,WLS,77,0.0005127855854402952
2,UPFC_Vsh,5-15,1.108763592510994,70,1.1078041107142318,WLS,77,0.000959481796762196
3,UPFC_tsh,5-15,-0.2316931510854143,70,-0.23183980163822235,WLS,77,0.0001466505528080475
4,UPFC_Vse,5-15,0.06202331134989954,70,0.0606352827826857,WLS,77,0.0013880285672138379
5,UPFC_tse,5-15,-2.185018047731673,70,-2.153210255987545,WLS,77,0.03180779174412818
0,x_tcsc,1-14,-0.11226837995585137,71,-0.11244102989906583,WLS,77,0.0001726499432144618
1,B_svc,2,0.18549913680136243,71,0.18447772456321931,WLS,77,0.0010214122381431157
2,UPFC_Vsh,5-15,1.1086914609579834,71,1.1078041107142318,WLS,77,0.000887350243751639
3,UPFC_tsh,5-15,-0.23167870521002532,71,-0.23183980163822235,WLS,77,0.00016109642819703285
4,UPFC_Vse,5-15,0.06297631415578887,71,0.0606352827826857,WLS,77,0.0023410313731031737
5,UPFC_tse,5-15,-2.180940623966601,71,-2.153210255987545,WLS,77,0.027730367979056147
0,x_tcsc,1-14,-0.112281627899043,72,-0.11244102989906583,WLS,77,0.0001594020000228319
1,B_svc,2,0.1850045696160897,72,0.18447772456321931,WLS,77,0.0005268450528703728
2,UPFC_Vsh,5-15,1.1086756073235662,72,1.1078041107142318,WLS,77,0.0008714966093343879
3,UPFC_tsh,5-15,-0.23172297533747713,72,-0.23183980163822235,WLS,77,0.00011682630074522082
4,UPFC_Vse,5-15,0.06244949289868142,72,0.0606352827826857,WLS,77,0.0018142101159957236
5,UPFC_tse,5-15,-2.1853407821008703,72,-2.153210255987545,WLS,77,0.03213052611332534
0,x_tcsc,1-14,-0.11228159028278942,73,-0.11244102989906583,WLS,77,0.00015943961627641612
1,B_svc,2,0.1856723965873791,73,0.18447772456321931,WLS,77,0.001194672024159793
2,UPFC_Vsh,5-15,1.108903194302859,73,1.1078041107142318,WLS,77,0.0010990835886273143
3,UPFC_tsh,5-15,-0.2316455610083497,73,-0.23183980163822235,WLS,77,0.00019424062987263846
4,UPFC_Vse,5-15,0.062386932540808064,73,0.0606352827826857,WLS,77,0.0017516497581223645
5,UPFC_tse,5-15,-2.184453631309908,73,-2.153210255987545,WLS,77,0.031243375322362876
0,x_tcsc,1-14,-0.11227600245836598,74,-0.11244102989906583,WLS,77,0.00016502744069984976
1,B_svc,2,0.1855925535228156,74,0.18447772456321931,WLS,77,0.0011148289595962757
2,UPFC_Vsh,5-15,1.1087083861309772,74,1.1078041107142318,WLS,77,0.0009042754167454259
3,UPFC_tsh,5-15,-0.23164680561954523,74,-0.23183980163822235,WLS,77,0.00019299601867711624
4,UPFC_Vse,5-15,0.06239847683477949,74,0.0606352827826857,WLS,77,0.0017631940520937903
5,UPFC_tse,5-15,-2.185780088361197,74,-2.153210255987545,WLS,77,0.03256983237365185
0,x_tcsc,1-14,-0.11227507377203484,75,-0.11244102989906583,WLS,77,0.00016595612703099172
1,B_svc,2,0.18561539221744858,75,0.18447772456321931,WLS,77,0.001137667654229263
2,UPFC_Vsh,5-15,1.1086103953027333,75,1.1078041107142318,WLS,77,0.0008062845885015157
3,UPFC_tsh,5-15,-0.23169576130010885,75,-0.23183980163822235,WLS,77,0.0001440403381134936
4,UPFC_Vse,5-15,0.062433518106421566,75,0.0606352827826857,WLS,77,0.0017982353237358667
5,UPFC_tse,5-15,-2.1867301127115386,75,-2.153210255987545,WLS,77,0.0335198567239936
0,x_tcsc,1-14,-0.11226136978803637,76,-0.11244102989906583,WLS,77,0.00017966011102946156
1,B_svc,2,0.185979790217042,76,0.18447772456321931,WLS,77,0.0015020656538226873
2,UPFC_Vsh,5-15,1.108976258819278,76,1.1078041107142318,WLS,77,0.001172148105046178
3,UPFC_tsh,5-15,-0.2315793810024782,76,-0.23183980163822235,WLS,77,0.0002604206357441352
4,UPFC_Vse,5-15,0.06210605050159704,76,0.0606352827826857,WLS,77,0.001470767718911338
5,UPFC_tse,5-15,-2.1823036311016253,76,-2.153210255987545,WLS,77,0.029093375114080278
0,x_tcsc,1-14,-0.11226432561831251,77,-0.11244102989906583,WLS,77,0.00017670428075332312
1,B_svc,2,0.18504632087943257,77,0.18447772456321931,WLS,77,0.0005685963162132546
2,UPFC_Vsh,5-15,1.108532411993121,77,1.1078041107142318,WLS,77,0.0007283012788892318
3,UPFC_tsh,5-15,-0.231700332766657,77,-0.23183980163822235,WLS,77,0.00013946887156535137
4,UPFC_Vse,5-15,0.06276795872480277,77,0.0606352827826857,WLS,77,0.0021326759421170724
5,UPFC_tse,5-15,-2.183341329507226,77,-2.153210255987545,WLS,77,0.030131073519680918
0,x_tcsc,1-14,-0.11228121142738283,78,-0.11244102989906583,WLS,77,0.00015981847168300423
1,B_svc,2,0.18525501912626421,78,0.18447772456321931,WLS,77,0.0007772945630449002
2,UPFC_Vsh,5-15,1.1084482935389666,78,1.1078041107142318,WLS,77,0.0006441828247347736
3,UPFC_tsh,5-15,-0.23169583509200897,78,-0.23183980163822235,WLS,77,0.00014396654621337546
4,UPFC_Vse,5-15,0.06279190409377054,78,0.0606352827826857,WLS,77,0.002156621311084843
5,UPFC_tse,5-15,-2.1830258537778415,78,-2.153210255987545,WLS,77,0.029815597790296522
0,x_tcsc,1-14,-0.11227958203360822,79,-0.11244102989906583,WLS,77,0.00016144786545761736
1,B_svc,2,0.18559798861613705,79,0.18447772456321931,WLS,77,0.0011202640529177355
2,UPFC_Vsh,5-15,1.1087923157531012,79,1.1078041107142318,WLS,77,0.0009882050388694275
3,UPFC_tsh,5-15,-0.23162458992784302,79,-0.23183980163822235,WLS,77,0.00021521171037933162
4,UPFC_Vse,5-15,0.06191167276871868,79,0.0606352827826857,WLS,77,0.0012763899860329803
5,UPFC_tse,5-15,-2.1839979095650883,79,-2.153210255987545,WLS,77,0.030787653577543317
0,x_tcsc,1-14,-0.1122883402924416,80,-0.11244102989906583,WLS,77,0.00015268960662423448
1,B_svc,2,0.18583525555193928,80,0.18447772456321931,WLS,77,0.0013575309887199627
2,UPFC_Vsh,5-15,1.1087624847960034,80,1.1078041107142318,WLS,77,0.0009583740817715736
3,UPFC_tsh,5-15,-0.2317415762155651,80,-0.23183980163822235,WLS,77,9.822542265724987e-05
4,UPFC_Vse,5-15,0.06245194601765813,80,0.0606352827826857,WLS,77,0.0018166632349724335
5,UPFC_tse,5-15,-2.187290924124486,80,-2.153210255987545,WLS,77,0.03408066813694077
0,x_tcsc,1-14,-0.11227643977502758,81,-0.11244102989906583,WLS,77,0.000164590124038258
1,B_svc,2,0.18531076632798424,81,0.18447772456321931,WLS,77,0.0008330417647649246
2,UPFC_Vsh,5-15,1.1087208444793246,81,1.1078041107142318,WLS,77,0.0009167337650928253
3,UPFC_tsh,5-15,-0.23168940953013575,81,-0.23183980163822235,WLS,77,0.00015039210808659442
4,UPFC_Vse,5-15,0.06184188800406846,81,0.0606352827826857,WLS,77,0.0012066052213827588
5,UPFC_tse,5-15,-2.1869736372247295,81,-2.153210255987545,WLS,77,0.033763381237184475
0,x_tcsc,1-14,-0.11227944345155512,82,-0.11244102989906583,WLS,77,0.00016158644751071427
1,B_svc,2,0.1856160551563258,82,0.18447772456321931,WLS,77,0.0011383305931064736
2,UPFC_Vsh,5-15,1.1089184768910167,82,1.1078041107142318,WLS,77,0.0011143661767849533
3,UPFC_tsh,5-15,-0.2316437529878966,82,-0.23183980163822235,WLS,77,0.00019604865032574192
4,UPFC_Vse,5-15,0.063022098687397,82,0.0606352827826857,WLS,77,0.0023868159047112994
5,UPFC_tse,5-15,-2.183114425708905,82,-2.153210255987545,WLS,77,0.029904169721359786
0,x_tcsc,1-14,-0.11226152175470944,83,-0.11244102989906583,WLS,77,0.00017950814435639673
1,B_svc,2,0.18597254109459233,83,0.18447772456321931,WLS,77,0.001494816531373011
2,UPFC_Vsh,5-15,1.1088047601923048,83,1.1078041107142318,WLS,77,0.0010006494780729902
3,UPFC_tsh,5-15,-0.23172258578902247,83,-0.23183980163822235,WLS,77,0.00011721584919988093
4,UPFC_Vse,5-15,0.0625243337649793,83,0.0606352827826857,WLS,77,0.0018890509822936039
5,UPFC_tse,5-15,-2.1883311804094143,83,-2.153210255987545,WLS,77,0.035120924421869315
0,x_tcsc,1-14,-0.11227336625252177,84,-0.11244102989906583,WLS,77,0.00016766364654406674
1,B_svc,2,0.1852329474249929,84,0.18447772456321931,WLS,77,0.0007552228617735968
2,UPFC_Vsh,5-15,1.1088327001848555,84,1.1078041107142318,WLS,77,0.0010285894706236753
3,UPFC_tsh,5-15,-0.2316260922944053,84,-0.23183980163822235,WLS,77,0.00021370934381703677
4,UPFC_Vse,5-15,0.06276841804486022,84,0.0606352827826857,WLS,77,0.0021331352621745195
5,UPFC_tse,5-15,-2.184480664207792,84,-2.153210255987545,WLS,77,0.03127040822024707
0,x_tcsc,1-14,-0.11229026582429631,85,-0.11244102989906583,WLS,77,0.00015076407476952158
1,B_svc,2,0.18558544659153287,85,0.18447772456321931,WLS,77,0.0011077220283135514
2,UPFC_Vsh,5-15,1.1082234870735588,85,1.1078041107142318,WLS,77,0.0004193763593269839
3,UPFC_tsh,5-15,-0.23169470156415134,85,-0.23183980163822235,WLS,77,0.00014510007407100844
4,UPFC_Vse,5-15,0.0620136987459705,85,0.0606352827826857,WLS,77,0.0013784159632848
5,UPFC_tse,5-15,-2.186722585945807,85,-2.153210255987545,WLS,77,0.03351232995826203
0,x_tcsc,1-14,-0.11227293578334685,86,-0.11244102989906583,WLS,77,0.00016809411571898358
1,B_svc,2,0.18559661499966085,86,0.18447772456321931,WLS,77,0.001118890436441533
2,UPFC_Vsh,5-15,1.1090740093624796,86,1.1078041107142318,WLS,77,0.0012698986482477803
3,UPFC_tsh,5-15,-0.23164729470255124,86,-0.23183980163822235,WLS,77,0.0001925069356711051
4,UPFC_Vse,5-15,0.06196255337872138,86,0.0606352827826857,WLS,77,0.0013272705960356776
5,UPFC_tse,5-15,-2.1853964315516317,86,-2.153210255987545,WLS,77,0.03218617556408665
0,x_tcsc,1-14,-0.11226421747363405,87,-0.11244102989906583,WLS,77,0.00017681242543178544
1,B_svc,2,0.18532904677804954,87,0.18447772456321931,WLS,77,0.0008513222148302246
2,UPFC_Vsh,5-15,1.1086620668595664,87,1.1078041107142318,WLS,77,0.0008579561453345708
3,UPFC_tsh,5-15,-0.23165894477615154,87,-0.23183980163822235,WLS,77,0.00018085686207081064
4,UPFC_Vse,5-15,0.06276516680412345,87,0.0606352827826857,WLS,77,0.002129884021437746
5,UPFC_tse,5-15,-2.1843913939407624,87,-2.153210255987545,WLS,77,0.03118113795321742
0,x_tcsc,1-14,-0.11228723740491561,88,-0.11244102989906583,WLS,77,0.00015379249415022056
1,B_svc,2,0.1857169066451296,88,0.18447772456321931,WLS,77,0.0012391820819102894
2,UPFC_Vsh,5-15,1.1087346548443793,88,1.1078041107142318,WLS,77,0.0009305441301474815
3,UPFC_tsh,5-15,-0.23163538790422575,88,-0.23183980163822235,WLS,77,0.00020441373399660012
4,UPFC_Vse,5-15,0.062003737821211394,88,0.0606352827826857,WLS,77,0.0013684550385256941
5,UPFC_tse,5-15,-2.1833088245503487,88,-2.153210255987545,WLS,77,0.030098568562803685
0,x_tcsc,1-14,-0.1122905090639503,89,-0.11244102989906583,WLS,77,0.0001505208351155335
1,B_svc,2,0.18534118259902052,89,0.18447772456321931,WLS,77,0.0008634580358012067
2,UPFC_Vsh,5-15,1.108474456900735,89,1.1078041107142318,WLS,77,0.0006703461865031901
3,UPFC_tsh,5-15,-0.2317013195122098,89,-0.23183980163822235,WLS,77,0.00013848212601255683
4,UPFC_Vse,5-15,0.0621405543513435,89,0.0606352827826857,WLS,77,0.001505271568657797
5,UPFC_tse,5-15,-2.183849161813503,89,-2.153210255987545,WLS,77,0.030638905825957963
0,x_tcsc,1-14,-0.11226939839491203,90,-0.11244102989906583,WLS,77,0.00017163150415380746
1,B_svc,2,0.18521822859308512,90,0.18447772456321931,WLS,77,0.0007405040298658072
2,UPFC_Vsh,5-15,1.1089492566289312,90,1.1078041107142318,WLS,77,0.0011451459146993859
3,UPFC_tsh,5-15,-0.23168688202210203,90,-0.23183980163822235,WLS,77,0.0001529196161203228
4,UPFC_Vse,5-15,0.062433742450354414,90,0.0606352827826857,WLS,77,0.0017984596676687142
5,UPFC_tse,5-15,-2.183974020076558,90,-2.153210255987545,WLS,77,0.030763764089012824
0,x_tcsc,1-14,-0.11226320006425296,91,-0.11244102989906583,WLS,77,0.00017782983481287595
1,B_svc,2,0.18576138622761446,91,0.18447772456321931,WLS,77,0.0012836616643951415
2,UPFC_Vsh,5-15,1.1089141769991573,91,1.1078041107142318,WLS,77,0.0011100662849254928
3,UPFC_tsh,5-15,-0.231684865289274,91,-0.23183980163822235,WLS,77,0.00015493634894833686
4,UPFC_Vse,5-15,0.06259770757911004,91,0.0606352827826857,WLS,77,0.0019624247964243405
5,UPFC_tse,5-15,-2.180101339126301,91,-2.153210255987545,WLS,77,0.026891083138755878
0,x_tcsc,1-14,-0.11226471855739024,92,-0.11244102989906583,WLS,77,0.00017631134167558904
1,B_svc,2,0.18560656522453542,92,0.18447772456321931,WLS,77,0.001128840661316105
2,UPFC_Vsh,5-15,1.1086972535611952,92,1.1078041107142318,WLS,77,0.0008931428469634017
3,UPFC_tsh,5-15,-0.2316921214211474,92,-0.23183980163822235,WLS,77,0.0001476802170749525
4,UPFC_Vse,5-15,0.06262502021044823,92,0.0606352827826857,WLS,77,0.001989737427762532
5,UPFC_tse,5-15,-2.1819416050267297,92,-2.153210255987545,WLS,77,0.028731349039184728
0,x_tcsc,1-14,-0.11227154423572344,93,-0.11244102989906583,WLS,77,0.0001694856633423919
1,B_svc,2,0.18503185169741748,93,0.18447772456321931,WLS,77,0.000554127134198168
2,UPFC_Vsh,5-15,1.109012396618202,93,1.1078041107142318,WLS,77,0.0012082859039701521
3,UPFC_tsh,5-15,-0.23165942712318802,93,-0.23183980163822235,WLS,77,0.00018037451503433166
4,UPFC_Vse,5-15,0.0620199695567472,93,0.0606352827826857,WLS,77,0.0013846867740614985
5,UPFC_tse,5-15,-2.185244707363933,93,-2.153210255987545,WLS,77,0.03203445137638816
0,x_tcsc,1-14,-0.11226867581696125,94,-0.11244102989906583,WLS,77,0.00017235408210458658
1,B_svc,2,0.18556635831926915,94,0.18447772456321931,WLS,77,0.0010886337560498394
2,UPFC_Vsh,5-15,1.108785148959565,94,1.1078041107142318,WLS,77,0.0009810382453332434
3,UPFC_tsh,5-15,-0.2316195231575108,94,-0.23183980163822235,WLS,77,0.00022027848071154432
4,UPFC_Vse,5-15,0.06259053335980153,94,0.0606352827826857,WLS,77,0.001955250577115826
5,UPFC_tse,5-15,-2.182846968290366,94,-2.153210255987545,WLS,77,0.029636712302821167
0,x_tcsc,1-14,-0.11228918122690913,95,-0.11244102989906583,WLS,77,0.0001518486721567014
1,B_svc,2,0.18557960508394464,95,0.18447772456321931,WLS,77,0.0011018805207253235
2,UPFC_Vsh,5-15,1.1087566819878525,95,1.1078041107142318,WLS,77,0.0009525712736206948
3,UPFC_tsh,5-15,-0.23164747481698286,95,-0.23183980163822235,WLS,77,0.00019232682123948575
4,UPFC_Vse,5-15,0.06264352818957351,95,0.0606352827826857,WLS,77,0.002008245406887814
5,UPFC_tse,5-15,-2.1847594668260153,95,-2.153210255987545,WLS,77,0.03154921083847029
0,x_tcsc,1-14,-0.11226523638378258,96,-0.11244102989906583,WLS,77,0.00017579351528325404
1,B_svc,2,0.1852944956203327,96,0.18447772456321931,WLS,77,0.0008167710571133913
2,UPFC_Vsh,5-15,1.108735578862221,96,1.1078041107142318,WLS,77,0.0009314681479892783
3,UPFC_tsh,5-15,-0.23169605900977944,96,-0.23183980163822235,WLS,77,0.00014374262844291108
4,UPFC_Vse,5-15,0.06248172571125428,96,0.0606352827826857,WLS,77,0.0018464429285685799
5,UPFC_tse,5-15,-2.184162631849268,96,-2.153210255987545,WLS,77,0.03095237586172317
0,x_tcsc,1-14,-0.11226549961563584,97,-0.11244102989906583,WLS,77,0.00017553028342999488
1,B_svc,2,0.1855447523981192,97,0.18447772456321931,WLS,77,0.0010670278348998974
2,UPFC_Vsh,5-15,1.1089879228715034,97,1.1078041107142318,WLS,77,0.001183812157271591
3,UPFC_tsh,5-15,-0.2316378025179449,97,-0.23183980163822235,WLS,77,0.00020199912027743516
4,UPFC_Vse,5-15,0.06303744643369849,97,0.0606352827826857,WLS,77,0.002402163651012791
5,UPFC_tse,5-15,-2.186094501361759,97,-2.153210255987545,WLS,77,0.03288424537421397
0,x_tcsc,1-14,-0.11228774525284493,98,-0.11244102989906583,WLS,77,0.00015328464622089977
1,B_svc,2,0.18556281197626387,98,0.18447772456321931,WLS,77,0.0010850874130445554
2,UPFC_Vsh,5-15,1.1090635271565432,98,1.1078041107142318,WLS,77,0.001259416442311423
3,UPFC_tsh,5-15,-0.23165857265619894,98,-0.23183980163822235,WLS,77,0.00018122898202341253
4,UPFC_Vse,5-15,0.06226827832846809,98,0.0606352827826857,WLS,77,0.0016329955457823897
5,UPFC_tse,5-15,-2.186620051518916,98,-2.153210255987545,WLS,77,0.0334097955313708
0,x_tcsc,1-14,-0.11225926307679833,99,-0.11244102989906583,WLS,77,0.00018176682226750396
1,B_svc,2,0.1856050601795391,99,0.18447772456321931,WLS,77,0.00112733561631978
2,UPFC_Vsh,5-15,1.1086053207653586,99,1.1078041107142318,WLS,77,0.0008012100511267661
3,UPFC_tsh,5-15,-0.231722809415009,99,-0.23183980163822235,WLS,77,0.0001169922232133469
4,UPFC_Vse,5-15,0.06230669931635367,99,0.0606352827826857,WLS,77,0.0016714165336679729
5,UPFC_tse,5-15,-2.181960853615338,99,-2.153210255987545,WLS,77,0.028750597627793084
0,x_tcsc,1-14,-0.11142122380000384,0,-0.11156647763395859,WLS,79,0.00014525383395475044
1,B_svc,2,0.1832291617720009,0,0.18271560126173608,WLS,79,0.0005135605102648266
2,UPFC_Vsh,5-15,1.1087261645391648,0,1.1078640799983066,WLS,79,0.0008620845408582323
3,UPFC_tsh,5-15,-0.23282761295553622,0,-0.23298489358677693,WLS,79,0.00015728063124070824
4,UPFC_Vse,5-15,0.06218482325228178,0,0.060276025885051515,WLS,79,0.0019087973672302638
5,UPFC_tse,5-15,-2.1880390451798943,0,-2.1574181522568168,WLS,79,0.03062089292307757
0,x_tcsc,1-14,-0.11140675284448856,1,-0.11156647763395859,WLS,79,0.000159724789470031
1,B_svc,2,0.18336716369640932,1,0.18271560126173608,WLS,79,0.0006515624346732363
2,UPFC_Vsh,5-15,1.1087675483759114,1,1.1078640799983066,WLS,79,0.0009034683776047991
3,UPFC_tsh,5-15,-0.23279028871126112,1,-0.23298489358677693,WLS,79,0.00019460487551581362
4,UPFC_Vse,5-15,0.06256269715721179,1,0.060276025885051515,WLS,79,0.0022866712721602706
5,UPFC_tse,5-15,-2.184856677760987,1,-2.1574181522568168,WLS,79,0.02743852550417003
0,x_tcsc,1-14,-0.11140470467085176,2,-0.11156647763395859,WLS,79,0.00016177296310683487
1,B_svc,2,0.1835171835882943,2,0.18271560126173608,WLS,79,0.00080158232655822
2,UPFC_Vsh,5-15,1.1087467061468963,2,1.1078640799983066,WLS,79,0.0008826261485896936
3,UPFC_tsh,5-15,-0.23279527205774375,2,-0.23298489358677693,WLS,79,0.0001896215290331793
4,UPFC_Vse,5-15,0.06249284818501626,2,0.060276025885051515,WLS,79,0.0022168222999647477
5,UPFC_tse,5-15,-2.188311975427993,2,-2.1574181522568168,WLS,79,0.030893823171176393
0,x_tcsc,1-14,-0.11141481552662995,3,-0.11156647763395859,WLS,79,0.00015166210732864283
1,B_svc,2,0.1837969916120398,3,0.18271560126173608,WLS,79,0.001081390350303718
2,UPFC_Vsh,5-15,1.1084546591644089,3,1.1078640799983066,WLS,79,0.0005905791661022786
3,UPFC_tsh,5-15,-0.23280842693076753,3,-0.23298489358677693,WLS,79,0.0001764666560093997
4,UPFC_Vse,5-15,0.06302094419425139,3,0.060276025885051515,WLS,79,0.002744918309199873
5,UPFC_tse,5-15,-2.1885014690348803,3,-2.1574181522568168,WLS,79,0.03108331677806353
0,x_tcsc,1-14,-0.11139489816470605,4,-0.11156647763395859,WLS,79,0.00017157946925254464
1,B_svc,2,0.18372503978494764,4,0.18271560126173608,WLS,79,0.0010094385232115588
2,UPFC_Vsh,5-15,1.1083162252710357,4,1.1078640799983066,WLS,79,0.00045214527272907645
3,UPFC_tsh,5-15,-0.23280631787640416,4,-0.23298489358677693,WLS,79,0.00017857571037277475
4,UPFC_Vse,5-15,0.06209377436736557,4,0.060276025885051515,WLS,79,0.0018177484823140577
5,UPFC_tse,5-15,-2.1870414286182784,4,-2.1574181522568168,WLS,79,0.02962327636146167
0,x_tcsc,1-14,-0.11141172812179616,5,-0.11156647763395859,WLS,79,0.00015474951216243316
1,B_svc,2,0.18340821574372881,5,0.18271560126173608,WLS,79,0.0006926144819927316
2,UPFC_Vsh,5-15,1.1087722590517637,5,1.1078640799983066,WLS,79,0.000908179053457081
3,UPFC_tsh,5-15,-0.23285103826830972,5,-0.23298489358677693,WLS,79,0.0001338553184672131
4,UPFC_Vse,5-15,0.06258578234528628,5,0.060276025885051515,WLS,79,0.002309756460234763
5,UPFC_tse,5-15,-2.1889154074123525,5,-2.1574181522568168,WLS,79,0.0314972551555357
0,x_tcsc,1-14,-0.11139479690947048,6,-0.11156647763395859,WLS,79,0.00017168072448811578
1,B_svc,2,0.18329462011029576,6,0.18271560126173608,WLS,79,0.0005790188485596814
2,UPFC_Vsh,5-15,1.1087796542618644,6,1.1078640799983066,WLS,79,0.0009155742635578168
3,UPFC_tsh,5-15,-0.23278157522737397,6,-0.23298489358677693,WLS,79,0.00020331835940295973
4,UPFC_Vse,5-15,0.06211536030447266,6,0.060276025885051515,WLS,79,0.0018393344194211417
5,UPFC_tse,5-15,-2.1900021487383268,6,-2.1574181522568168,WLS,79,0.03258399648151
0,x_tcsc,1-14,-0.1113942947225515,7,-0.11156647763395859,WLS,79,0.00017218291140709552
1,B_svc,2,0.18354763105393518,7,0.18271560126173608,WLS,79,0.000832029792199096
2,UPFC_Vsh,5-15,1.1085860539277521,7,1.1078640799983066,WLS,79,0.0007219739294455074
3,UPFC_tsh,5-15,-0.2328284777649792,7,-0.23298489358677693,WLS,79,0.00015641582179773406
4,UPFC_Vse,5-15,0.062086317469414155,7,0.060276025885051515,WLS,79,0.0018102915843626402
5,UPFC_tse,5-15,-2.185964754282918,7,-2.1574181522568168,WLS,79,0.028546602026101375
0,x_tcsc,1-14,-0.11139279983250518,8,-0.11156647763395859,WLS,79,0.0001736778014534146
1,B_svc,2,0.18351504867490906,8,0.18271560126173608,WLS,79,0.0007994474131729767
2,UPFC_Vsh,5-15,1.1087091993315934,8,1.1078640799983066,WLS,79,0.0008451193332867923
3,UPFC_tsh,5-15,-0.23282598848194533,8,-0.23298489358677693,WLS,79,0.00015890510483160258
4,UPFC_Vse,5-15,0.06280717789070589,8,0.060276025885051515,WLS,79,0.0025311520056543746
5,UPFC_tse,5-15,-2.183262824848214,8,-2.1574181522568168,WLS,79,0.025844672591397444
0,x_tcsc,1-14,-0.11140815132485055,9,-0.11156647763395859,WLS,79,0.00015832630910804502
1,B_svc,2,0.18359442373662913,9,0.18271560126173608,WLS,79,0.0008788224748930429
2,UPFC_Vsh,5-15,1.1084244696399688,9,1.1078640799983066,WLS,79,0.0005603896416621623
3,UPFC_tsh,5-15,-0.23285486634524774,9,-0.23298489358677693,WLS,79,0.00013002724152919032
4,UPFC_Vse,5-15,0.062344695882783824,9,0.060276025885051515,WLS,79,0.0020686699977323086
5,UPFC_tse,5-15,-2.1870809786409127,9,-2.1574181522568168,WLS,79,0.029662826384095897
0,x_tcsc,1-14,-0.11141170052790178,10,-0.11156647763395859,WLS,79,0.00015477710605681094
1,B_svc,2,0.18355769104972064,10,0.18271560126173608,WLS,79,0.0008420897879845568
2,UPFC_Vsh,5-15,1.1084931800569715,10,1.1078640799983066,WLS,79,0.0006291000586648998
3,UPFC_tsh,5-15,-0.23283253179589786,10,-0.23298489358677693,WLS,79,0.0001523617908790742
4,UPFC_Vse,5-15,0.06259788008787354,10,0.060276025885051515,WLS,79,0.0023218542028220213
5,UPFC_tse,5-15,-2.1841496161011613,10,-2.1574181522568168,WLS,79,0.02673146384434455
0,x_tcsc,1-14,-0.11140593261737293,11,-0.11156647763395859,WLS,79,0.00016054501658566145
1,B_svc,2,0.1839733162861874,11,0.18271560126173608,WLS,79,0.0012577150244513224
2,UPFC_Vsh,5-15,1.1083629483991835,11,1.1078640799983066,WLS,79,0.0004988684008768729
3,UPFC_tsh,5-15,-0.23280733946792795,11,-0.23298489358677693,WLS,79,0.00017755411884898264
4,UPFC_Vse,5-15,0.06252090721636412,11,0.060276025885051515,WLS,79,0.0022448813313126065
5,UPFC_tse,5-15,-2.187253632367375,11,-2.1574181522568168,WLS,79,0.029835480110558255
0,x_tcsc,1-14,-0.1113901581612576,12,-0.11156647763395859,WLS,79,0.00017631947270099757
1,B_svc,2,0.1833857762016316,12,0.18271560126173608,WLS,79,0.0006701749398955181
2,UPFC_Vsh,5-15,1.1087260812709756,12,1.1078640799983066,WLS,79,0.0008620012726689996
3,UPFC_tsh,5-15,-0.2327994681169652,12,-0.23298489358677693,WLS,79,0.00018542546981173413
4,UPFC_Vse,5-15,0.0629403514886863,12,0.060276025885051515,WLS,79,0.00266432560363479
5,UPFC_tse,5-15,-2.185277712931788,12,-2.1574181522568168,WLS,79,0.027859560674971195
0,x_tcsc,1-14,-0.1114056315949438,13,-0.11156647763395859,WLS,79,0.00016084603901479755
1,B_svc,2,0.1837039619802747,13,0.18271560126173608,WLS,79,0.0009883607185386112
2,UPFC_Vsh,5-15,1.1087820029351114,13,1.1078640799983066,WLS,79,0.0009179229368048158
3,UPFC_tsh,5-15,-0.23275890085432888,13,-0.23298489358677693,WLS,79,0.00022599273244805484
4,UPFC_Vse,5-15,0.062032741317706204,13,0.060276025885051515,WLS,79,0.0017567154326546888
5,UPFC_tse,5-15,-2.1906575140182154,13,-2.1574181522568168,WLS,79,0.033239361761398634
0,x_tcsc,1-14,-0.11139584695521845,14,-0.11156647763395859,WLS,79,0.00017063067874013849
1,B_svc,2,0.18326976615984047,14,0.18271560126173608,WLS,79,0.0005541648981043923
2,UPFC_Vsh,5-15,1.1091515677418795,14,1.1078640799983066,WLS,79,0.0012874877435729015
3,UPFC_tsh,5-15,-0.23274256375521485,14,-0.23298489358677693,WLS,79,0.00024232983156208254
4,UPFC_Vse,5-15,0.062088561324987704,14,0.060276025885051515,WLS,79,0.0018125354399361887
5,UPFC_tse,5-15,-2.187375009561719,14,-2.1574181522568168,WLS,79,0.02995685730490205
0,x_tcsc,1-14,-0.11140562099967102,15,-0.11156647763395859,WLS,79,0.0001608566342875678
1,B_svc,2,0.18322469592291046,15,0.18271560126173608,WLS,79,0.0005090946611743807
2,UPFC_Vsh,5-15,1.1086588119064549,15,1.1078640799983066,WLS,79,0.0007947319081482718
3,UPFC_tsh,5-15,-0.23277194221144212,15,-0.23298489358677693,WLS,79,0.0002129513753348078
4,UPFC_Vse,5-15,0.062298616660396405,15,0.060276025885051515,WLS,79,0.00202259077534489
5,UPFC_tse,5-15,-2.185899421213885,15,-2.1574181522568168,WLS,79,0.028481268957068373
0,x_tcsc,1-14,-0.11140836100198898,16,-0.11156647763395859,WLS,79,0.00015811663196961534
1,B_svc,2,0.18361302847568764,16,0.18271560126173608,WLS,79,0.0008974272139515571
2,UPFC_Vsh,5-15,1.1086479869449157,16,1.1078640799983066,WLS,79,0.0007839069466091253
3,UPFC_tsh,5-15,-0.2328042637072897,16,-0.23298489358677693,WLS,79,0.00018062987948722076
4,UPFC_Vse,5-15,0.061911391540134676,16,0.060276025885051515,WLS,79,0.001635365655083161
5,UPFC_tse,5-15,-2.190509911632338,16,-2.1574181522568168,WLS,79,0.033091759375521335
0,x_tcsc,1-14,-0.11141342345165209,17,-0.11156647763395859,WLS,79,0.00015305418230650292
1,B_svc,2,0.18358604448004343,17,0.18271560126173608,WLS,79,0.000870443218307343
2,UPFC_Vsh,5-15,1.1088787882488764,17,1.1078640799983066,WLS,79,0.001014708250569818
3,UPFC_tsh,5-15,-0.23269021676808777,17,-0.23298489358677693,WLS,79,0.00029467681868916573
4,UPFC_Vse,5-15,0.06268856007192561,17,0.060276025885051515,WLS,79,0.0024125341868740935
5,UPFC_tse,5-15,-2.1854208345721413,17,-2.1574181522568168,WLS,79,0.028002682315324545
0,x_tcsc,1-14,-0.11140194947251707,18,-0.11156647763395859,WLS,79,0.00016452816144152393
1,B_svc,2,0.18327797058187426,18,0.18271560126173608,WLS,79,0.000562369320138173
2,UPFC_Vsh,5-15,1.1084232737569368,18,1.1078640799983066,WLS,79,0.0005591937586302276
3,UPFC_tsh,5-15,-0.2327874063583363,18,-0.23298489358677693,WLS,79,0.00019748722844062372
4,UPFC_Vse,5-15,0.06246293536884731,18,0.060276025885051515,WLS,79,0.002186909483795796
5,UPFC_tse,5-15,-2.1884562882294483,18,-2.1574181522568168,WLS,79,0.031038135972631498
0,x_tcsc,1-14,-0.11138831099382443,19,-0.11156647763395859,WLS,79,0.0001781666401341614
1,B_svc,2,0.1832322596610647,19,0.18271560126173608,WLS,79,0.0005166583993286289
2,UPFC_Vsh,5-15,1.108621571069367,19,1.1078640799983066,WLS,79,0.0007574910710603788
3,UPFC_tsh,5-15,-0.2327913122897599,19,-0.23298489358677693,WLS,79,0.00019358129701702032
4,UPFC_Vse,5-15,0.06230433558360054,19,0.060276025885051515,WLS,79,0.002028309698549023
5,UPFC_tse,5-15,-2.185854580081437,19,-2.1574181522568168,WLS,79,0.028436427824620303
0,x_tcsc,1-14,-0.11140911430550869,20,-0.11156647763395859,WLS,79,0.00015736332844989986
1,B_svc,2,0.1837880621424995,20,0.18271560126173608,WLS,79,0.001072460880763404
2,UPFC_Vsh,5-15,1.1089145965852365,20,1.1078640799983066,WLS,79,0.001050516586929895
3,UPFC_tsh,5-15,-0.23275044733209646,20,-0.23298489358677693,WLS,79,0.00023444625468047042
4,UPFC_Vse,5-15,0.06203252926892136,20,0.060276025885051515,WLS,79,0.0017565033838698452
5,UPFC_tse,5-15,-2.1884788432772244,20,-2.1574181522568168,WLS,79,0.03106069102040765
0,x_tcsc,1-14,-0.11139669864218067,21,-0.11156647763395859,WLS,79,0.0001697789917779191
1,B_svc,2,0.1840026693186495,21,0.18271560126173608,WLS,79,0.0012870680569134207
2,UPFC_Vsh,5-15,1.1086896486105604,21,1.1078640799983066,WLS,79,0.000825568612253802
3,UPFC_tsh,5-15,-0.23284963019737515,21,-0.23298489358677693,WLS,79,0.00013526338940178517
4,UPFC_Vse,5-15,0.062411905568367884,21,0.060276025885051515,WLS,79,0.002135879683316369
5,UPFC_tse,5-15,-2.188196736025424,21,-2.1574181522568168,WLS,79,0.030778583768607426
0,x_tcsc,1-14,-0.11142672875364602,22,-0.11156647763395859,WLS,79,0.00013974888031256794
1,B_svc,2,0.1832122144342888,22,0.18271560126173608,WLS,79,0.000496613172552729
2,UPFC_Vsh,5-15,1.108356133811537,22,1.1078640799983066,WLS,79,0.0004920538132304753
3,UPFC_tsh,5-15,-0.23282253750687557,22,-0.23298489358677693,WLS,79,0.0001623560799013657
4,UPFC_Vse,5-15,0.062344678603462496,22,0.060276025885051515,WLS,79,0.0020686527184109807
5,UPFC_tse,5-15,-2.1873976273638522,22,-2.1574181522568168,WLS,79,0.02997947510703547
0,x_tcsc,1-14,-0.11140468945758311,23,-0.11156647763395859,WLS,79,0.0001617881763754797
1,B_svc,2,0.18383334855039343,23,0.18271560126173608,WLS,79,0.0011177472886573503
2,UPFC_Vsh,5-15,1.1087781082636348,23,1.1078640799983066,WLS,79,0.0009140282653281595
3,UPFC_tsh,5-15,-0.23274238003201164,23,-0.23298489358677693,WLS,79,0.00024251355476528902
4,UPFC_Vse,5-15,0.062300990041847984,23,0.060276025885051515,WLS,79,0.002024964156796469
5,UPFC_tse,5-15,-2.1885152956389335,23,-2.1574181522568168,WLS,79,0.031097143382116776
0,x_tcsc,1-14,-0.11140826539567074,24,-0.11156647763395859,WLS,79,0.00015821223828785258
1,B_svc,2,0.1838362358669936,24,0.18271560126173608,WLS,79,0.00112063460525752
2,UPFC_Vsh,5-15,1.1085721985180406,24,1.1078640799983066,WLS,79,0.0007081185197339579
3,UPFC_tsh,5-15,-0.23279417613702025,24,-0.23298489358677693,WLS,79,0.00019071744975668325
4,UPFC_Vse,5-15,0.06278469493271406,24,0.060276025885051515,WLS,79,0.0025086690476625456
5,UPFC_tse,5-15,-2.189584757133917,24,-2.1574181522568168,WLS,79,0.0321666048771001
0,x_tcsc,1-14,-0.11141065722548947,25,-0.11156647763395859,WLS,79,0.0001558204084691206
1,B_svc,2,0.18389592472718086,25,0.18271560126173608,WLS,79,0.001180323465444777
2,UPFC_Vsh,5-15,1.1091212222805005,25,1.1078640799983066,WLS,79,0.0012571422821938683
3,UPFC_tsh,5-15,-0.23275913440739368,25,-0.23298489358677693,WLS,79,0.0002257591793832503
4,UPFC_Vse,5-15,0.062395685531919036,25,0.060276025885051515,WLS,79,0.002119659646867521
5,UPFC_tse,5-15,-2.188425526216974,25,-2.1574181522568168,WLS,79,0.031007373960157292
0,x_tcsc,1-14,-0.11140451249351388,26,-0.11156647763395859,WLS,79,0.00016196514044471144
1,B_svc,2,0.18372787450782524,26,0.18271560126173608,WLS,79,0.001012273246089157
2,UPFC_Vsh,5-15,1.108730415636786,26,1.1078640799983066,WLS,79,0.0008663356384794874
3,UPFC_tsh,5-15,-0.23278095084155684,26,-0.23298489358677693,WLS,79,0.0002039427452200926
4,UPFC_Vse,5-15,0.0620218431779821,26,0.060276025885051515,WLS,79,0.0017458172929305862
5,UPFC_tse,5-15,-2.186788568053136,26,-2.1574181522568168,WLS,79,0.02937041579631927
0,x_tcsc,1-14,-0.11140020174500682,27,-0.11156647763395859,WLS,79,0.00016627588895176681
1,B_svc,2,0.18352222535784768,27,0.18271560126173608,WLS,79,0.0008066240961115967
2,UPFC_Vsh,5-15,1.1086268393178076,27,1.1078640799983066,WLS,79,0.000762759319500983
3,UPFC_tsh,5-15,-0.23278202282605756,27,-0.23298489358677693,WLS,79,0.00020287076071937027
4,UPFC_Vse,5-15,0.062160633426410386,27,0.060276025885051515,WLS,79,0.0018846075413588709
5,UPFC_tse,5-15,-2.190742814788309,27,-2.1574181522568168,WLS,79,0.033324662531492244
0,x_tcsc,1-14,-0.11141649138891244,28,-0.11156647763395859,WLS,79,0.00014998624504615476
1,B_svc,2,0.1834583471208554,28,0.18271560126173608,WLS,79,0.0007427458591193203
2,UPFC_Vsh,5-15,1.1085887466047144,28,1.1078640799983066,WLS,79,0.0007246666064077978
3,UPFC_tsh,5-15,-0.23275159840977702,28,-0.23298489358677693,WLS,79,0.0002332951769999092
4,UPFC_Vse,5-15,0.06251675340002243,28,0.060276025885051515,WLS,79,0.002240727514970911
5,UPFC_tse,5-15,-2.1874213965663385,28,-2.1574181522568168,WLS,79,0.030003244309521726
0,x_tcsc,1-14,-0.1114068377174907,29,-0.11156647763395859,WLS,79,0.00015963991646789077
1,B_svc,2,0.1834189374955927,29,0.18271560126173608,WLS,79,0.0007033362338566274
2,UPFC_Vsh,5-15,1.1083557279956495,29,1.1078640799983066,WLS,79,0.0004916479973429144
3,UPFC_tsh,5-15,-0.23282809881361927,29,-0.23298489358677693,WLS,79,0.00015679477315766466
4,UPFC_Vse,5-15,0.06220076262422305,29,0.060276025885051515,WLS,79,0.0019247367391715328
5,UPFC_tse,5-15,-2.1904609953297345,29,-2.1574181522568168,WLS,79,0.033042843072917716
0,x_tcsc,1-14,-0.11141120781140067,30,-0.11156647763395859,WLS,79,0.0001552698225579241
1,B_svc,2,0.18366655645070307,30,0.18271560126173608,WLS,79,0.0009509551889669843
2,UPFC_Vsh,5-15,1.1087622273531204,30,1.1078640799983066,WLS,79,0.0008981473548137497
3,UPFC_tsh,5-15,-0.23278280749667912,30,-0.23298489358677693,WLS,79,0.0002020860900978083
4,UPFC_Vse,5-15,0.06269882693632936,30,0.060276025885051515,WLS,79,0.0024228010512778453
5,UPFC_tse,5-15,-2.189120845808114,30,-2.1574181522568168,WLS,79,0.0317026935512974
0,x_tcsc,1-14,-0.11139505336498964,31,-0.11156647763395859,WLS,79,0.0001714242689689477
1,B_svc,2,0.18339329848707506,31,0.18271560126173608,WLS,79,0.0006776972253389746
2,UPFC_Vsh,5-15,1.1084544741195523,31,1.1078640799983066,WLS,79,0.0005903941212457298
3,UPFC_tsh,5-15,-0.2328438011482942,31,-0.23298489358677693,WLS,79,0.00014109243848273167
4,UPFC_Vse,5-15,0.06253773530129829,31,0.060276025885051515,WLS,79,0.002261709416246774
5,UPFC_tse,5-15,-2.188329426697287,31,-2.1574181522568168,WLS,79,0.030911274440470038
0,x_tcsc,1-14,-0.1113927998376419,32,-0.11156647763395859,WLS,79,0.00017367779631669022
1,B_svc,2,0.18380391379838854,32,0.18271560126173608,WLS,79,0.0010883125366524526
2,UPFC_Vsh,5-15,1.1087398246213038,32,1.1078640799983066,WLS,79,0.000875744622997221
3,UPFC_tsh,5-15,-0.2328850468588764,32,-0.23298489358677693,WLS,79,9.984672790053217e-05
4,UPFC_Vse,5-15,0.06259325000159224,32,0.060276025885051515,WLS,79,0.002317224116540728
5,UPFC_tse,5-15,-2.1861698312486815,32,-2.1574181522568168,WLS,79,0.028751678991864704
0,x_tcsc,1-14,-0.1113979985117248,33,-0.11156647763395859,WLS,79,0.0001684791222337917
1,B_svc,2,0.1833787154767574,33,0.18271560126173608,WLS,79,0.0006631142150213265
2,UPFC_Vsh,5-15,1.1085032800849473,33,1.1078640799983066,WLS,79,0.0006392000866406455
3,UPFC_tsh,5-15,-0.23287023123647588,33,-0.23298489358677693,WLS,79,0.00011466235030105354
4,UPFC_Vse,5-15,0.062374961168321544,33,0.060276025885051515,WLS,79,0.0020989352832700287
5,UPFC_tse,5-15,-2.187576527811436,33,-2.1574181522568168,WLS,79,0.030158375554619088
0,x_tcsc,1-14,-0.11139801614457404,34,-0.11156647763395859,WLS,79,0.0001684614893845554
1,B_svc,2,0.1837423056457929,34,0.18271560126173608,WLS,79,0.0010267043840568313
2,UPFC_Vsh,5-15,1.1086746696095817,34,1.1078640799983066,WLS,79,0.0008105896112751143
3,UPFC_tsh,5-15,-0.23283161100942448,34,-0.23298489358677693,WLS,79,0.0001532825773524482
4,UPFC_Vse,5-15,0.06278273247245234,34,0.060276025885051515,WLS,79,0.00250670658740082
5,UPFC_tse,5-15,-2.1835191835073338,34,-2.1574181522568168,WLS,79,0.026101031250516993
0,x_tcsc,1-14,-0.11140937152357284,35,-0.11156647763395859,WLS,79,0.0001571061103857463
1,B_svc,2,0.1838860240129784,35,0.18271560126173608,WLS,79,0.0011704227512423226
2,UPFC_Vsh,5-15,1.1086612985875752,35,1.1078640799983066,WLS,79,0.0007972185892686223
3,UPFC_tsh,5-15,-0.23282232866865699,35,-0.23298489358677693,WLS,79,0.0001625649181199451
4,UPFC_Vse,5-15,0.06272031708905274,35,0.060276025885051515,WLS,79,0.00244429120400122
5,UPFC_tse,5-15,-2.186164720865031,35,-2.1574181522568168,WLS,79,0.02874656860821423
0,x_tcsc,1-14,-0.11141591045468394,36,-0.11156647763395859,WLS,79,0.0001505671792746549
1,B_svc,2,0.18364153898036098,36,0.18271560126173608,WLS,79,0.0009259377186248974
2,UPFC_Vsh,5-15,1.1087692769450217,36,1.1078640799983066,WLS,79,0.0009051969467150922
3,UPFC_tsh,5-15,-0.2327933033269903,36,-0.23298489358677693,WLS,79,0.00019159025978662814
4,UPFC_Vse,5-15,0.062066238650223426,36,0.060276025885051515,WLS,79,0.0017902127651719113
5,UPFC_tse,5-15,-2.188836650626271,36,-2.1574181522568168,WLS,79,0.031418498369454095
0,x_tcsc,1-14,-0.1114054471264889,37,-0.11156647763395859,WLS,79,0.00016103050746969771
1,B_svc,2,0.1832016789887328,37,0.18271560126173608,WLS,79,0.00048607772699671425
2,UPFC_Vsh,5-15,1.1085901657819777,37,1.1078640799983066,WLS,79,0.0007260857836710599
3,UPFC_tsh,5-15,-0.2328611555775806,37,-0.23298489358677693,WLS,79,0.0001237380091963225
4,UPFC_Vse,5-15,0.062012308332077964,37,0.060276025885051515,WLS,79,0.0017362824470264493
5,UPFC_tse,5-15,-2.190109273210271,37,-2.1574181522568168,WLS,79,0.03269112095345417
0,x_tcsc,1-14,-0.11141272224622548,38,-0.11156647763395859,WLS,79,0.00015375538773311492
1,B_svc,2,0.18286326080736148,38,0.18271560126173608,WLS,79,0.0001476595456254004
2,UPFC_Vsh,5-15,1.1087199217037595,38,1.1078640799983066,WLS,79,0.0008558417054529421
3,UPFC_tsh,5-15,-0.2328155629621767,38,-0.23298489358677693,WLS,79,0.00016933062460022796
4,UPFC_Vse,5-15,0.06226903105313655,38,0.060276025885051515,WLS,79,0.001993005168085038
5,UPFC_tse,5-15,-2.184522960877371,38,-2.1574181522568168,WLS,79,0.02710480862055409
0,x_tcsc,1-14,-0.11139901305242118,39,-0.11156647763395859,WLS,79,0.00016746458153740762
1,B_svc,2,0.18357410839644386,39,0.18271560126173608,WLS,79,0.0008585071347077811
2,UPFC_Vsh,5-15,1.1085104568367712,39,1.1078640799983066,WLS,79,0.0006463768384645796
3,UPFC_tsh,5-15,-0.23283544802072484,39,-0.23298489358677693,WLS,79,0.00014944556605209214
4,UPFC_Vse,5-15,0.0620831326327967,39,0.060276025885051515,WLS,79,0.001807106747745188
5,UPFC_tse,5-15,-2.1865903465839063,39,-2.1574181522568168,WLS,79,0.029172194327089507
0,x_tcsc,1-14,-0.11140816985077212,40,-0.11156647763395859,WLS,79,0.00015830778318647043
1,B_svc,2,0.182896016328899,40,0.18271560126173608,WLS,79,0.0001804150671629312
2,UPFC_Vsh,5-15,1.108597646963369,40,1.1078640799983066,WLS,79,0.0007335669650623267
3,UPFC_tsh,5-15,-0.2327777948339477,40,-0.23298489358677693,WLS,79,0.0002070987528292323
4,UPFC_Vse,5-15,0.06223871208470834,40,0.060276025885051515,WLS,79,0.001962686199656824
5,UPFC_tse,5-15,-2.187065052175755,40,-2.1574181522568168,WLS,79,0.029646899918938097
0,x_tcsc,1-14,-0.11140615285946925,41,-0.11156647763395859,WLS,79,0.00016032477448933713
1,B_svc,2,0.18370582742120004,41,0.18271560126173608,WLS,79,0.0009902261594639528
2,UPFC_Vsh,5-15,1.1084804895186289,41,1.1078640799983066,WLS,79,0.0006164095203222697
3,UPFC_tsh,5-15,-0.23284551941006718,41,-0.23298489358677693,WLS,79,0.0001393741767097556
4,UPFC_Vse,5-15,0.06261836394259077,41,0.060276025885051515,WLS,79,0.0023423380575392505
5,UPFC_tse,5-15,-2.1881948108951965,41,-2.1574181522568168,WLS,79,0.03077665863837975
0,x_tcsc,1-14,-0.11140603079418747,42,-0.11156647763395859,WLS,79,0.00016044683977112228
1,B_svc,2,0.1834199772321775,42,0.18271560126173608,WLS,79,0.0007043759704414287
2,UPFC_Vsh,5-15,1.1085347428530934,42,1.1078640799983066,WLS,79,0.0006706628547867854
3,UPFC_tsh,5-15,-0.23282042785436197,42,-0.23298489358677693,WLS,79,0.00016446573241496454
4,UPFC_Vse,5-15,0.062171935027976064,42,0.060276025885051515,WLS,79,0.0018959091429245484
5,UPFC_tse,5-15,-2.187650225116418,42,-2.1574181522568168,WLS,79,0.030232072859601278
0,x_tcsc,1-14,-0.11140318056614013,43,-0.11156647763395859,WLS,79,0.00016329706781846587
1,B_svc,2,0.18369724705199056,43,0.18271560126173608,WLS,79,0.0009816457902544762
2,UPFC_Vsh,5-15,1.108805276295145,43,1.1078640799983066,WLS,79,0.0009411962968384202
3,UPFC_tsh,5-15,-0.23274988696407675,43,-0.23298489358677693,WLS,79,0.00023500662270017902
4,UPFC_Vse,5-15,0.06267404970605032,43,0.060276025885051515,WLS,79,0.0023980238209988097
5,UPFC_tse,5-15,-2.1884394461554164,43,-2.1574181522568168,WLS,79,0.031021293898599644
0,x_tcsc,1-14,-0.11139778548643482,44,-0.11156647763395859,WLS,79,0.00016869214752376904
1,B_svc,2,0.18398282831272877,44,0.18271560126173608,WLS,79,0.001267227050992692
2,UPFC_Vsh,5-15,1.108481424808193,44,1.1078640799983066,WLS,79,0.0006173448098862888
3,UPFC_tsh,5-15,-0.232782961737512,44,-0.23298489358677693,WLS,79,0.0002019318492649247
4,UPFC_Vse,5-15,0.0629625854479265,44,0.060276025885051515,WLS,79,0.0026865595628749878
5,UPFC_tse,5-15,-2.185162872845985,44,-2.1574181522568168,WLS,79,0.027744720589168104
0,x_tcsc,1-14,-0.11141275932511398,45,-0.11156647763395859,WLS,79,0.00015371830884461368
1,B_svc,2,0.18378230413239507,45,0.18271560126173608,WLS,79,0.001066702870658992
2,UPFC_Vsh,5-15,1.1088527945265516,45,1.1078640799983066,WLS,79,0.000988714528245005
3,UPFC_tsh,5-15,-0.2328026408266546,45,-0.23298489358677693,WLS,79,0.00018225276012232006
4,UPFC_Vse,5-15,0.06264312145016475,45,0.060276025885051515,WLS,79,0.0023670955651132336
5,UPFC_tse,5-15,-2.1875216353550404,45,-2.1574181522568168,WLS,79,0.030103483098223638
0,x_tcsc,1-14,-0.11141073015145327,46,-0.11156647763395859,WLS,79,0.0001557474825053251
1,B_svc,2,0.18354299035366417,46,0.18271560126173608,WLS,79,0.000827389091928088
2,UPFC_Vsh,5-15,1.108684933475644,46,1.1078640799983066,WLS,79,0.0008208534773372911
3,UPFC_tsh,5-15,-0.23278585976998215,46,-0.23298489358677693,WLS,79,0.00019903381679478582
4,UPFC_Vse,5-15,0.06233470995111421,46,0.060276025885051515,WLS,79,0.002058684066062695
5,UPFC_tse,5-15,-2.1858778436773534,46,-2.1574181522568168,WLS,79,0.028459691420536615
0,x_tcsc,1-14,-0.11141008899396579,47,-0.11156647763395859,WLS,79,0.00015638863999280217
1,B_svc,2,0.18337196059639255,47,0.18271560126173608,WLS,79,0.0006563593346564645
2,UPFC_Vsh,5-15,1.1088244994572516,47,1.1078640799983066,WLS,79,0.0009604194589449833
3,UPFC_tsh,5-15,-0.2328469653366286,47,-0.23298489358677693,WLS,79,0.0001379282501483281
4,UPFC_Vse,5-15,0.06242528786605369,47,0.060276025885051515,WLS,79,0.002149261981002175
5,UPFC_tse,5-15,-2.18906884269013,47,-2.1574181522568168,WLS,79,0.031650690433313144
0,x_tcsc,1-14,-0.11140119346082998,48,-0.11156647763395859,WLS,79,0.00016528417312861032
1,B_svc,2,0.1834647350742437,48,0.18271560126173608,WLS,79,0.0007491338125076297
2,UPFC_Vsh,5-15,1.1083839661465402,48,1.1078640799983066,WLS,79,0.000519886148233617
3,UPFC_tsh,5-15,-0.2328302144690664,48,-0.23298489358677693,WLS,79,0.00015467911771052667
4,UPFC_Vse,5-15,0.0620259608683499,48,0.060276025885051515,WLS,79,0.0017499349832983818
5,UPFC_tse,5-15,-2.189439829515735,48,-2.1574181522568168,WLS,79,0.032021677258918135
0,x_tcsc,1-14,-0.11140931634162446,49,-0.11156647763395859,WLS,79,0.000157161292334132
1,B_svc,2,0.18403005581926307,49,0.18271560126173608,WLS,79,0.0013144545575269895
2,UPFC_Vsh,5-15,1.108388074868016,49,1.1078640799983066,WLS,79,0.0005239948697093322
3,UPFC_tsh,5-15,-0.23284495922190632,49,-0.23298489358677693,WLS,79,0.00013993436487061417
4,UPFC_Vse,5-15,0.06209979428968904,49,0.060276025885051515,WLS,79,0.0018237684046375283
5,UPFC_tse,5-15,-2.1878658603775176,49,-2.1574181522568168,WLS,79,0.030447708120700856
0,x_tcsc,1-14,-0.11141122861184963,50,-0.11156647763395859,WLS,79,0.00015524902210896363
1,B_svc,2,0.1833685371937304,50,0.18271560126173608,WLS,79,0.0006529359319943084
2,UPFC_Vsh,5-15,1.108472456667033,50,1.1078640799983066,WLS,79,0.0006083766687263736
3,UPFC_tsh,5-15,-0.23283910909251798,50,-0.23298489358677693,WLS,79,0.00014578449425894924
4,UPFC_Vse,5-15,0.06288219642925319,50,0.060276025885051515,WLS,79,0.0026061705442016747
5,UPFC_tse,5-15,-2.186278107131014,50,-2.1574181522568168,WLS,79,0.028859954874197236
0,x_tcsc,1-14,-0.11140095245203802,51,-0.11156647763395859,WLS,79,0.00016552518192057553
1,B_svc,2,0.18367973689633058,51,0.18271560126173608,WLS,79,0.0009641356345944929
2,UPFC_Vsh,5-15,1.1084478786364598,51,1.1078640799983066,WLS,79,0.0005837986381531657
3,UPFC_tsh,5-15,-0.23285469600924044,51,-0.23298489358677693,WLS,79,0.00013019757753648942
4,UPFC_Vse,5-15,0.0627014560007449,51,0.060276025885051515,WLS,79,0.0024254301156933916
5,UPFC_tse,5-15,-2.1878701049988654,51,-2.1574181522568168,WLS,79,0.030451952742048594
0,x_tcsc,1-14,-0.11141462962667814,52,-0.11156647763395859,WLS,79,0.00015184800728045011
1,B_svc,2,0.18393309488385118,52,0.18271560126173608,WLS,79,0.0012174936221150956
2,UPFC_Vsh,5-15,1.109017546896622,52,1.1078640799983066,WLS,79,0.001153466898315303
3,UPFC_tsh,5-15,-0.23280715779395061,52,-0.23298489358677693,WLS,79,0.0001777357928263168
4,UPFC_Vse,5-15,0.06260237373828885,52,0.060276025885051515,WLS,79,0.0023263478532373344
5,UPFC_tse,5-15,-2.186926861381396,52,-2.1574181522568168,WLS,79,0.02950870912457937
0,x_tcsc,1-14,-0.1114028631665538,53,-0.11156647763395859,WLS,79,0.0001636144674047879
1,B_svc,2,0.1834484669033705,53,0.18271560126173608,WLS,79,0.0007328656416344115
2,UPFC_Vsh,5-15,1.1086039348590224,53,1.1078640799983066,WLS,79,0.0007398548607158162
3,UPFC_tsh,5-15,-0.2328292810895786,53,-0.23298489358677693,WLS,79,0.00015561249719833747
4,UPFC_Vse,5-15,0.06249903884235073,53,0.060276025885051515,WLS,79,0.0022230129572992155
5,UPFC_tse,5-15,-2.1844468704543565,53,-2.1574181522568168,WLS,79,0.027028718197539714
0,x_tcsc,1-14,-0.11139084058921192,54,-0.11156647763395859,WLS,79,0.00017563704474667097
1,B_svc,2,0.1837232469554454,54,0.18271560126173608,WLS,79,0.0010076456937093137
2,UPFC_Vsh,5-15,1.10907572745573,54,1.1078640799983066,WLS,79,0.0012116474574233038
3,UPFC_tsh,5-15,-0.2327218294710802,54,-0.23298489358677693,WLS,79,0.00026306411569673727
4,UPFC_Vse,5-15,0.06238117460095699,54,0.060276025885051515,WLS,79,0.002105148715905475
5,UPFC_tse,5-15,-2.1874653976303984,54,-2.1574181522568168,WLS,79,0.03004724537358161
0,x_tcsc,1-14,-0.11139380292455019,55,-0.11156647763395859,WLS,79,0.00017267470940840468
1,B_svc,2,0.18396813565883305,55,0.18271560126173608,WLS,79,0.001252534397096966
2,UPFC_Vsh,5-15,1.108636907866233,55,1.1078640799983066,WLS,79,0.0007728278679264289
3,UPFC_tsh,5-15,-0.23280626162412357,55,-0.23298489358677693,WLS,79,0.00017863196265335834
4,UPFC_Vse,5-15,0.06277732255882212,55,0.060276025885051515,WLS,79,0.002501296673770609
5,UPFC_tse,5-15,-2.1896033383255475,55,-2.1574181522568168,WLS,79,0.032185186068730776
0,x_tcsc,1-14,-0.11139925257925895,56,-0.11156647763395859,WLS,79,0.00016722505469964066
1,B_svc,2,0.1838986382419811,56,0.18271560126173608,WLS,79,0.0011830369802450225
2,UPFC_Vsh,5-15,1.1082073980616671,56,1.1078640799983066,WLS,79,0.0003433180633605204
3,UPFC_tsh,5-15,-0.23282031473437861,56,-0.23298489358677693,WLS,79,0.00016457885239831715
4,UPFC_Vse,5-15,0.06201302710879229,56,0.060276025885051515,WLS,79,0.0017370012237407778
5,UPFC_tse,5-15,-2.1871316871324753,56,-2.1574181522568168,WLS,79,0.02971353487565853
0,x_tcsc,1-14,-0.11140726287281315,57,-0.11156647763395859,WLS,79,0.00015921476114544308
1,B_svc,2,0.18380720958901003,57,0.18271560126173608,WLS,79,0.0010916083272739519
2,UPFC_Vsh,5-15,1.1086845855417398,57,1.1078640799983066,WLS,79,0.0008205055434331587
3,UPFC_tsh,5-15,-0.23277045180452077,57,-0.23298489358677693,WLS,79,0.0002144417822561584
4,UPFC_Vse,5-15,0.06211567338297837,57,0.060276025885051515,WLS,79,0.0018396474979268523
5,UPFC_tse,5-15,-2.1853272113246462,57,-2.1574181522568168,WLS,79,0.027909059067829478
0,x_tcsc,1-14,-0.11141009037562379,58,-0.11156647763395859,WLS,79,0.00015638725833480582
1,B_svc,2,0.18351350674884623,58,0.18271560126173608,WLS,79,0.0007979054871101454
2,UPFC_Vsh,5-15,1.1085432995878177,58,1.1078640799983066,WLS,79,0.0006792195895111153
3,UPFC_tsh,5-15,-0.2328141677669847,58,-0.23298489358677693,WLS,79,0.00017072581979224455
4,UPFC_Vse,5-15,0.0624016114099143,58,0.060276025885051515,WLS,79,0.0021255855248627845
5,UPFC_tse,5-15,-2.1865427736900442,58,-2.1574181522568168,WLS,79,0.02912462143322747
0,x_tcsc,1-14,-0.1114176736992433,59,-0.11156647763395859,WLS,79,0.00014880393471529418
1,B_svc,2,0.18347202584153574,59,0.18271560126173608,WLS,79,0.0007564245797996583
2,UPFC_Vsh,5-15,1.1085799654047819,59,1.1078640799983066,WLS,79,0.0007158854064752695
3,UPFC_tsh,5-15,-0.23286249665109082,59,-0.23298489358677693,WLS,79,0.00012239693568610877
4,UPFC_Vse,5-15,0.062362997284665676,59,0.060276025885051515,WLS,79,0.002086971399614161
5,UPFC_tse,5-15,-2.1878167691106265,59,-2.1574181522568168,WLS,79,0.030398616853809735
0,x_tcsc,1-14,-0.11140826638994204,60,-0.11156647763395859,WLS,79,0.0001582112440165484
1,B_svc,2,0.18395192904715543,60,0.18271560126173608,WLS,79,0.00123632778541935
2,UPFC_Vsh,5-15,1.1086442012723334,60,1.1078640799983066,WLS,79,0.0007801212740268237
3,UPFC_tsh,5-15,-0.23277023523949503,60,-0.23298489358677693,WLS,79,0.00021465834728190414
4,UPFC_Vse,5-15,0.06227856469164371,60,0.060276025885051515,WLS,79,0.002002538806592194
5,UPFC_tse,5-15,-2.1879841158694577,60,-2.1574181522568168,WLS,79,0.030565963612640967
0,x_tcsc,1-14,-0.11139832687600427,61,-0.11156647763395859,WLS,79,0.00016815075795431622
1,B_svc,2,0.18348827121481343,61,0.18271560126173608,WLS,79,0.0007726699530773429
2,UPFC_Vsh,5-15,1.108424520161832,61,1.1078640799983066,WLS,79,0.0005604401635252998
3,UPFC_tsh,5-15,-0.2328441616822173,61,-0.23298489358677693,WLS,79,0.0001407319045596267
4,UPFC_Vse,5-15,0.06275670045730017,61,0.060276025885051515,WLS,79,0.0024806745722486534
5,UPFC_tse,5-15,-2.1852778008054647,61,-2.1574181522568168,WLS,79,0.027859648548647975
0,x_tcsc,1-14,-0.11140809578188084,62,-0.11156647763395859,WLS,79,0.00015838185207775468
1,B_svc,2,0.18312090083934174,62,0.18271560126173608,WLS,79,0.0004052995776056556
2,UPFC_Vsh,5-15,1.1086526362006974,62,1.1078640799983066,WLS,79,0.0007885562023908221
3,UPFC_tsh,5-15,-0.2327631385259501,62,-0.23298489358677693,WLS,79,0.00022175506082683372
4,UPFC_Vse,5-15,0.062245333543602774,62,0.060276025885051515,WLS,79,0.0019693076585512587
5,UPFC_tse,5-15,-2.19050481545842,62,-2.1574181522568168,WLS,79,0.03308666320160336
0,x_tcsc,1-14,-0.1114010177595339,63,-0.11156647763395859,WLS,79,0.00016545987442469212
1,B_svc,2,0.18339406335996308,63,0.18271560126173608,WLS,79,0.0006784620982270007
2,UPFC_Vsh,5-15,1.1085000137999168,63,1.1078640799983066,WLS,79,0.0006359338016102001
3,UPFC_tsh,5-15,-0.23283961208600315,63,-0.23298489358677693,WLS,79,0.00014528150077378066
4,UPFC_Vse,5-15,0.061925428418130875,63,0.060276025885051515,WLS,79,0.0016494025330793596
5,UPFC_tse,5-15,-2.187772080081583,63,-2.1574181522568168,WLS,79,0.030353927824766203
0,x_tcsc,1-14,-0.11141753153806312,64,-0.11156647763395859,WLS,79,0.00014894609589546914
1,B_svc,2,0.1835703844769186,64,0.18271560126173608,WLS,79,0.0008547832151825085
2,UPFC_Vsh,5-15,1.1079905915419024,64,1.1078640799983066,WLS,79,0.00012651154359577532
3,UPFC_tsh,5-15,-0.23289014806333247,64,-0.23298489358677693,WLS,79,9.474552344446163e-05
4,UPFC_Vse,5-15,0.06238413319792539,64,0.060276025885051515,WLS,79,0.0021081073128738775
5,UPFC_tse,5-15,-2.1873602190683603,64,-2.1574181522568168,WLS,79,0.029942066811543544
0,x_tcsc,1-14,-0.11141622504802474,65,-0.11156647763395859,WLS,79,0.0001502525859338466
1,B_svc,2,0.18394555359050285,65,0.18271560126173608,WLS,79,0.0012299523287667702
2,UPFC_Vsh,5-15,1.1089377662576039,65,1.1078640799983066,WLS,79,0.0010736862592972685
3,UPFC_tsh,5-15,-0.23278170628937814,65,-0.23298489358677693,WLS,79,0.0002031872973987936
4,UPFC_Vse,5-15,0.062121089431561395,65,0.060276025885051515,WLS,79,0.00184506354650988
5,UPFC_tse,5-15,-2.1909383824515603,65,-2.1574181522568168,WLS,79,0.03352023019474348
0,x_tcsc,1-14,-0.1114117388108309,66,-0.11156647763395859,WLS,79,0.0001547388231276925
1,B_svc,2,0.183729153244525,66,0.18271560126173608,WLS,79,0.0010135519827889072
2,UPFC_Vsh,5-15,1.1087507349227144,66,1.1078640799983066,WLS,79,0.0008866549244077593
3,UPFC_tsh,5-15,-0.23276572266069825,66,-0.23298489358677693,WLS,79,0.00021917092607867672
4,UPFC_Vse,5-15,0.06261614690985395,66,0.060276025885051515,WLS,79,0.0023401210248024384
5,UPFC_tse,5-15,-2.184598695966149,66,-2.1574181522568168,WLS,79,0.027180543709332206
0,x_tcsc,1-14,-0.11141273746573926,67,-0.11156647763395859,WLS,79,0.0001537401682193268
1,B_svc,2,0.18378869968632103,67,0.18271560126173608,WLS,79,0.001073098424584945
2,UPFC_Vsh,5-15,1.1085747640071313,67,1.1078640799983066,WLS,79,0.0007106840088246802
3,UPFC_tsh,5-15,-0.2328273412529161,67,-0.23298489358677693,WLS,79,0.00015755233386083312
4,UPFC_Vse,5-15,0.06267461648552737,67,0.060276025885051515,WLS,79,0.0023985906004758556
5,UPFC_tse,5-15,-2.185856967090013,67,-2.1574181522568168,WLS,79,0.028438814833196435
0,x_tcsc,1-14,-0.11139301250952757,68,-0.11156647763395859,WLS,79,0.0001734651244310187
1,B_svc,2,0.18379103187820617,68,0.18271560126173608,WLS,79,0.0010754306164700855
2,UPFC_Vsh,5-15,1.1086675138474942,68,1.1078640799983066,WLS,79,0.0008034338491875737
3,UPFC_tsh,5-15,-0.2328043497678183,68,-0.23298489358677693,WLS,79,0.00018054381895862837
4,UPFC_Vse,5-15,0.06190452589248724,68,0.060276025885051515,WLS,79,0.0016285000074357237
5,UPFC_tse,5-15,-2.186722748934467,68,-2.1574181522568168,WLS,79,0.029304596677650174
0,x_tcsc,1-14,-0.11141580718360836,69,-0.11156647763395859,WLS,79,0.00015067045035023485
1,B_svc,2,0.18343381830232616,69,0.18271560126173608,WLS,79,0.0007182170405900801
2,UPFC_Vsh,5-15,1.1084327999785208,69,1.1078640799983066,WLS,79,0.0005687199802142384
3,UPFC_tsh,5-15,-0.2327993160083502,69,-0.23298489358677693,WLS,79,0.00018557757842674327
4,UPFC_Vse,5-15,0.06181207823368876,69,0.060276025885051515,WLS,79,0.001536052348637247
5,UPFC_tse,5-15,-2.18836673624321,69,-2.1574181522568168,WLS,79,0.03094858398639344
0,x_tcsc,1-14,-0.11140973188333843,70,-0.11156647763395859,WLS,79,0.00015674575062016305
1,B_svc,2,0.18329980302843743,70,0.18271560126173608,WLS,79,0.0005842017667013477
2,UPFC_Vsh,5-15,1.1083890132123018,70,1.1078640799983066,WLS,79,0.0005249332139951601
3,UPFC_tsh,5-15,-0.23279607592555443,70,-0.23298489358677693,WLS,79,0.0001888176612225012
4,UPFC_Vse,5-15,0.061973480499846446,70,0.060276025885051515,WLS,79,0.0016974546147949313
5,UPFC_tse,5-15,-2.1880915180805136,70,-2.1574181522568168,WLS,79,0.03067336582369684
0,x_tcsc,1-14,-0.11141778441953076,71,-0.11156647763395859,WLS,79,0.000148693214427828
1,B_svc,2,0.18368877588249619,71,0.18271560126173608,WLS,79,0.0009731746207601033
2,UPFC_Vsh,5-15,1.1087572374966839,71,1.1078640799983066,WLS,79,0.0008931574983772617
3,UPFC_tsh,5-15,-0.23281511478224223,71,-0.23298489358677693,WLS,79,0.00016977880453469818
4,UPFC_Vse,5-15,0.06281087920394995,71,0.060276025885051515,WLS,79,0.002534853318898439
5,UPFC_tse,5-15,-2.1833091015230632,71,-2.1574181522568168,WLS,79,0.025890949266246466
0,x_tcsc,1-14,-0.11140243900883842,72,-0.11156647763395859,WLS,79,0.0001640386251201692
1,B_svc,2,0.18318825265076472,72,0.18271560126173608,WLS,79,0.00047265138902863324
2,UPFC_Vsh,5-15,1.1086818192453036,72,1.1078640799983066,WLS,79,0.0008177392469970179
3,UPFC_tsh,5-15,-0.23284382191000721,72,-0.23298489358677693,WLS,79,0.00014107167676971621
4,UPFC_Vse,5-15,0.062251404168201845,72,0.060276025885051515,WLS,79,0.0019753782831503294
5,UPFC_tse,5-15,-2.188641186561529,72,-2.1574181522568168,WLS,79,0.031223034304712183
0,x_tcsc,1-14,-0.11140584598068383,73,-0.11156647763395859,WLS,79,0.00016063165327476203
1,B_svc,2,0.18401560244249643,73,0.18271560126173608,WLS,79,0.0013000011807603462
2,UPFC_Vsh,5-15,1.108676862134246,73,1.1078640799983066,WLS,79,0.0008127821359393828
3,UPFC_tsh,5-15,-0.23278876285308728,73,-0.23298489358677693,WLS,79,0.0001961307336896534
4,UPFC_Vse,5-15,0.0624941544223893,73,0.060276025885051515,WLS,79,0.002218128537337785
5,UPFC_tse,5-15,-2.187451499654299,73,-2.1574181522568168,WLS,79,0.030033347397482313
0,x_tcsc,1-14,-0.11139881152383467,74,-0.11156647763395859,WLS,79,0.00016766611012392074
1,B_svc,2,0.18392941987657732,74,0.18271560126173608,WLS,79,0.0012138186148412389
2,UPFC_Vsh,5-15,1.108701978810876,74,1.1078640799983066,WLS,79,0.0008378988125694597
3,UPFC_tsh,5-15,-0.2327894310874803,74,-0.23298489358677693,WLS,79,0.00019546249929663917
4,UPFC_Vse,5-15,0.062398363029491664,74,0.060276025885051515,WLS,79,0.0021223371444401493
5,UPFC_tse,5-15,-2.188586222486974,74,-2.1574181522568168,WLS,79,0.03116807023015733
0,x_tcsc,1-14,-0.11140709565042649,75,-0.11156647763395859,WLS,79,0.0001593819835321031
1,B_svc,2,0.18385123858984018,75,0.18271560126173608,WLS,79,0.0011356373281040943
2,UPFC_Vsh,5-15,1.108724743731587,75,1.1078640799983066,WLS,79,0.0008606637332804201
3,UPFC_tsh,5-15,-0.23280017972901712,75,-0.23298489358677693,WLS,79,0.00018471385775981064
4,UPFC_Vse,5-15,0.062317348038809936,75,0.060276025885051515,WLS,79,0.002041322153758421
5,UPFC_tse,5-15,-2.1897825394550665,75,-2.1574181522568168,WLS,79,0.032364387198249744
0,x_tcsc,1-14,-0.11139980390892884,76,-0.11156647763395859,WLS,79,0.00016667372502975064
1,B_svc,2,0.1842138972462516,76,0.18271560126173608,WLS,79,0.0014982959845155075
2,UPFC_Vsh,5-15,1.1085838495256255,76,1.1078640799983066,WLS,79,0.000719769527318892
3,UPFC_tsh,5-15,-0.2328686718170678,76,-0.23298489358677693,WLS,79,0.00011622176970912945
4,UPFC_Vse,5-15,0.06230035620391724,76,0.060276025885051515,WLS,79,0.0020243303188657233
5,UPFC_tse,5-15,-2.184866901895914,76,-2.1574181522568168,WLS,79,0.02744874963909716
0,x_tcsc,1-14,-0.11139802369962674,77,-0.11156647763395859,WLS,79,0.00016845393433184697
1,B_svc,2,0.18331608055892828,77,0.18271560126173608,WLS,79,0.0006004792971922024
2,UPFC_Vsh,5-15,1.1087250879900885,77,1.1078640799983066,WLS,79,0.0008610079917819036
3,UPFC_tsh,5-15,-0.2327699277733573,77,-0.23298489358677693,WLS,79,0.00021496581341962084
4,UPFC_Vse,5-15,0.06260544010682426,77,0.060276025885051515,WLS,79,0.002329414221772741
5,UPFC_tse,5-15,-2.1860238591523427,77,-2.1574181522568168,WLS,79,0.028605706895525884
0,x_tcsc,1-14,-0.1114035621174817,78,-0.11156647763395859,WLS,79,0.00016291551647688862
1,B_svc,2,0.18338597122616968,78,0.18271560126173608,WLS,79,0.0006703699644335925
2,UPFC_Vsh,5-15,1.1085160767370905,78,1.1078640799983066,WLS,79,0.000651996738783911
3,UPFC_tsh,5-15,-0.23281992806780927,78,-0.23298489358677693,WLS,79,0.00016496551896766354
4,UPFC_Vse,5-15,0.06272748492500484,78,0.060276025885051515,WLS,79,0.0024514590399533215
5,UPFC_tse,5-15,-2.185378049686303,78,-2.1574181522568168,WLS,79,0.027959897429486347
0,x_tcsc,1-14,-0.11140134686943551,79,-0.11156647763395859,WLS,79,0.00016513076452308317
1,B_svc,2,0.1837903507358152,79,0.18271560126173608,WLS,79,0.001074749474079123
2,UPFC_Vsh,5-15,1.1084817358605072,79,1.1078640799983066,WLS,79,0.000617655862200639
3,UPFC_tsh,5-15,-0.23272563500413782,79,-0.23298489358677693,WLS,79,0.00025925858263911583
4,UPFC_Vse,5-15,0.061935308281415614,79,0.060276025885051515,WLS,79,0.0016592823963640993
5,UPFC_tse,5-15,-2.1869797199754246,79,-2.1574181522568168,WLS,79,0.02956156771860785
0,x_tcsc,1-14,-0.11140881322500225,80,-0.11156647763395859,WLS,79,0.00015766440895634282
1,B_svc,2,0.18402245294124017,80,0.18271560126173608,WLS,79,0.0013068516795040896
2,UPFC_Vsh,5-15,1.1089752362475052,80,1.1078640799983066,WLS,79,0.0011111562491985527
3,UPFC_tsh,5-15,-0.23279006893556342,80,-0.23298489358677693,WLS,79,0.0001948246512135099
4,UPFC_Vse,5-15,0.06239930225071898,80,0.060276025885051515,WLS,79,0.002123276365667462
5,UPFC_tse,5-15,-2.189688726798093,80,-2.1574181522568168,WLS,79,0.03227057454127635
0,x_tcsc,1-14,-0.11141397955967126,81,-0.11156647763395859,WLS,79,0.0001524980742873272
1,B_svc,2,0.18370764150411584,81,0.18271560126173608,WLS,79,0.0009920402423797547
2,UPFC_Vsh,5-15,1.1085408210629986,81,1.1078640799983066,WLS,79,0.0006767410646919547
3,UPFC_tsh,5-15,-0.23280704842611755,81,-0.23298489358677693,WLS,79,0.0001778451606593845
4,UPFC_Vse,5-15,0.06168554658704621,81,0.060276025885051515,WLS,79,0.001409520701994696
5,UPFC_tse,5-15,-2.1900285574587426,81,-2.1574181522568168,WLS,79,0.03261040520192582
0,x_tcsc,1-14,-0.11140439291184843,82,-0.11156647763395859,WLS,79,0.00016208472211015623
1,B_svc,2,0.18389865170112993,82,0.18271560126173608,WLS,79,0.0011830504393938457
2,UPFC_Vsh,5-15,1.1086905489558254,82,1.1078640799983066,WLS,79,0.0008264689575188111
3,UPFC_tsh,5-15,-0.23280162935255502,82,-0.23298489358677693,WLS,79,0.00018326423422190818
4,UPFC_Vse,5-15,0.0629593841835415,82,0.060276025885051515,WLS,79,0.0026833582984899795
5,UPFC_tse,5-15,-2.1856673190275004,82,-2.1574181522568168,WLS,79,0.028249166770683676
0,x_tcsc,1-14,-0.11141420307075856,83,-0.11156647763395859,WLS,79,0.00015227456320003607
1,B_svc,2,0.18400612621552437,83,0.18271560126173608,WLS,79,0.0012905249537882857
2,UPFC_Vsh,5-15,1.1087846918663327,83,1.1078640799983066,WLS,79,0.0009206118680260555
3,UPFC_tsh,5-15,-0.23279752158528227,83,-0.23298489358677693,WLS,79,0.00018737200149465671
4,UPFC_Vse,5-15,0.06239363126595417,83,0.060276025885051515,WLS,79,0.002117605380902658
5,UPFC_tse,5-15,-2.1912021237235377,83,-2.1574181522568168,WLS,79,0.03378397146672096
0,x_tcsc,1-14,-0.11140662355327509,84,-0.11156647763395859,WLS,79,0.00015985408068350249
1,B_svc,2,0.18357674532100393,84,0.18271560126173608,WLS,79,0.0008611440592678488
2,UPFC_Vsh,5-15,1.1086574799387292,84,1.1078640799983066,WLS,79,0.0007933999404226011
3,UPFC_tsh,5-15,-0.2328008151859267,84,-0.23298489358677693,WLS,79,0.00018407840085021832
4,UPFC_Vse,5-15,0.06262944394457494,84,0.060276025885051515,WLS,79,0.002353418059523424
5,UPFC_tse,5-15,-2.187275900108079,84,-2.1574181522568168,WLS,79,0.02985774785126205
0,x_tcsc,1-14,-0.11141718282376453,85,-0.11156647763395859,WLS,79,0.00014929481019405888
1,B_svc,2,0.1837547314124347,85,0.18271560126173608,WLS,79,0.0010391301506986195
2,UPFC_Vsh,5-15,1.1085530850576066,85,1.1078640799983066,WLS,79,0.0006890050593000296
3,UPFC_tsh,5-15,-0.23277021288674535,85,-0.23298489358677693,WLS,79,0.00021468070003158313
4,UPFC_Vse,5-15,0.061966478507630735,85,0.060276025885051515,WLS,79,0.0016904526225792194
5,UPFC_tse,5-15,-2.189810571151271,85,-2.1574181522568168,WLS,79,0.03239241889445443
0,x_tcsc,1-14,-0.11140906373118928,86,-0.11156647763395859,WLS,79,0.00015741390276931277
1,B_svc,2,0.18386711508086923,86,0.18271560126173608,WLS,79,0.001151513819133143
2,UPFC_Vsh,5-15,1.1085588051569701,86,1.1078640799983066,WLS,79,0.0006947251586635339
3,UPFC_tsh,5-15,-0.2328439822276788,86,-0.23298489358677693,WLS,79,0.00014091135909813368
4,UPFC_Vse,5-15,0.06212823212890306,86,0.060276025885051515,WLS,79,0.0018522062438515452
5,UPFC_tse,5-15,-2.188221946996701,86,-2.1574181522568168,WLS,79,0.03080379473988426
0,x_tcsc,1-14,-0.11140489888697504,87,-0.11156647763395859,WLS,79,0.0001615787469835539
1,B_svc,2,0.18358772924080818,87,0.18271560126173608,WLS,79,0.0008721279790721015
2,UPFC_Vsh,5-15,1.1088631592699547,87,1.1078640799983066,WLS,79,0.0009990792716481067
3,UPFC_tsh,5-15,-0.23273945205271174,87,-0.23298489358677693,WLS,79,0.00024544153406519387
4,UPFC_Vse,5-15,0.06254373923263692,87,0.060276025885051515,WLS,79,0.0022677133475854094
5,UPFC_tse,5-15,-2.1880549102546243,87,-2.1574181522568168,WLS,79,0.030636757997807518
0,x_tcsc,1-14,-0.11140495097320255,88,-0.11156647763395859,WLS,79,0.00016152666075604227
1,B_svc,2,0.1839364181373637,88,0.18271560126173608,WLS,79,0.0012208168756276117
2,UPFC_Vsh,5-15,1.1087791463363532,88,1.1078640799983066,WLS,79,0.0009150663380466106
3,UPFC_tsh,5-15,-0.232787856148107,88,-0.23298489358677693,WLS,79,0.00019703743866994472
4,UPFC_Vse,5-15,0.06203072849190148,88,0.060276025885051515,WLS,79,0.001754702606849963
5,UPFC_tse,5-15,-2.185236414739818,88,-2.1574181522568168,WLS,79,0.02781826248300101
0,x_tcsc,1-14,-0.11141920867631545,89,-0.11156647763395859,WLS,79,0.0001472689576431374
1,B_svc,2,0.18346637358450385,89,0.18271560126173608,WLS,79,0.0007507723227677676
2,UPFC_Vsh,5-15,1.1085473348063755,89,1.1078640799983066,WLS,79,0.0006832548080688561
3,UPFC_tsh,5-15,-0.23279238100982022,89,-0.23298489358677693,WLS,79,0.00019251257695671042
4,UPFC_Vse,5-15,0.062027904929322024,89,0.060276025885051515,WLS,79,0.0017518790442705087
5,UPFC_tse,5-15,-2.186949573489839,89,-2.1574181522568168,WLS,79,0.029531421233022215
0,x_tcsc,1-14,-0.11140232560287032,90,-0.11156647763395859,WLS,79,0.0001641520310882716
1,B_svc,2,0.18345131992348715,90,0.18271560126173608,WLS,79,0.0007357186617510669
2,UPFC_Vsh,5-15,1.1087719613515776,90,1.1078640799983066,WLS,79,0.0009078813532710228
3,UPFC_tsh,5-15,-0.23275376080995652,90,-0.23298489358677693,WLS,79,0.00023113277682040856
4,UPFC_Vse,5-15,0.06225499828056351,90,0.060276025885051515,WLS,79,0.0019789723955119937
5,UPFC_tse,5-15,-2.1876987111148556,90,-2.1574181522568168,WLS,79,0.03028055885803882
0,x_tcsc,1-14,-0.11139719933222031,91,-0.11156647763395859,WLS,79,0.00016927830173828207
1,B_svc,2,0.18408082185560246,91,0.18271560126173608,WLS,79,0.001365220593866373
2,UPFC_Vsh,5-15,1.108643915014662,91,1.1078640799983066,WLS,79,0.000779835016355479
3,UPFC_tsh,5-15,-0.2328111325225971,91,-0.23298489358677693,WLS,79,0.00017376106417982262
4,UPFC_Vse,5-15,0.06244659161478664,91,0.060276025885051515,WLS,79,0.002170565729735126
5,UPFC_tse,5-15,-2.1842686743694633,91,-2.1574181522568168,WLS,79,0.02685052211264649
0,x_tcsc,1-14,-0.11139909862561778,92,-0.11156647763395859,WLS,79,0.00016737900834080943
1,B_svc,2,0.1838925024931239,92,0.18271560126173608,WLS,79,0.0011769012313878058
2,UPFC_Vsh,5-15,1.108405214386478,92,1.1078640799983066,WLS,79,0.0005411343881713826
3,UPFC_tsh,5-15,-0.23284570640624921,92,-0.23298489358677693,WLS,79,0.00013918718052771673
4,UPFC_Vse,5-15,0.0627166811785118,92,0.060276025885051515,WLS,79,0.0024406552934602838
5,UPFC_tse,5-15,-2.184570626571142,92,-2.1574181522568168,WLS,79,0.027152474314325215
0,x_tcsc,1-14,-0.1114194421638315,93,-0.11156647763395859,WLS,79,0.00014703547012709373
1,B_svc,2,0.18325371933003312,93,0.18271560126173608,WLS,79,0.0005381180682970388
2,UPFC_Vsh,5-15,1.1086030101587823,93,1.1078640799983066,WLS,79,0.0007389301604756593
3,UPFC_tsh,5-15,-0.23284192383090663,93,-0.23298489358677693,WLS,79,0.00014296975587030358
4,UPFC_Vse,5-15,0.06219527957493351,93,0.060276025885051515,WLS,79,0.0019192536898819945
5,UPFC_tse,5-15,-2.187874287323257,93,-2.1574181522568168,WLS,79,0.030456135066440293
0,x_tcsc,1-14,-0.11141078855762612,94,-0.11156647763395859,WLS,79,0.00015568907633246865
1,B_svc,2,0.18390039622498996,94,0.18271560126173608,WLS,79,0.0011847949632538823
2,UPFC_Vsh,5-15,1.1082330821098016,94,1.1078640799983066,WLS,79,0.0003690021114950426
3,UPFC_tsh,5-15,-0.23279773550902177,94,-0.23298489358677693,WLS,79,0.00018715807775515625
4,UPFC_Vse,5-15,0.06259419095904556,94,0.060276025885051515,WLS,79,0.002318165073994044
5,UPFC_tse,5-15,-2.1857763325458137,94,-2.1574181522568168,WLS,79,0.028358180288996948
0,x_tcsc,1-14,-0.11140490298621142,95,-0.11156647763395859,WLS,79,0.000161574647747173
1,B_svc,2,0.1837471918489567,95,0.18271560126173608,WLS,79,0.0010315905872206044
2,UPFC_Vsh,5-15,1.1088518812693264,95,1.1078640799983066,WLS,79,0.000987801271019828
3,UPFC_tsh,5-15,-0.23281674863377075,95,-0.23298489358677693,WLS,79,0.00016814495300618293
4,UPFC_Vse,5-15,0.06256262372135647,95,0.060276025885051515,WLS,79,0.002286597836304957
5,UPFC_tse,5-15,-2.1874617568829304,95,-2.1574181522568168,WLS,79,0.030043604626113662
0,x_tcsc,1-14,-0.11141328002046277,96,-0.11156647763395859,WLS,79,0.0001531976134958174
1,B_svc,2,0.18354884811527047,96,0.18271560126173608,WLS,79,0.0008332468535343918
2,UPFC_Vsh,5-15,1.1085257096270564,96,1.1078640799983066,WLS,79,0.0006616296287498269
3,UPFC_tsh,5-15,-0.2328294273955668,96,-0.23298489358677693,WLS,79,0.00015546619121012406
4,UPFC_Vse,5-15,0.06253558858319876,96,0.060276025885051515,WLS,79,0.002259562698147241
5,UPFC_tse,5-15,-2.186363565470753,96,-2.1574181522568168,WLS,79,0.028945413213936177
0,x_tcsc,1-14,-0.11141548405078855,97,-0.11156647763395859,WLS,79,0.00015099358317004208
1,B_svc,2,0.1838020476202001,97,0.18271560126173608,WLS,79,0.0010864463584640272
2,UPFC_Vsh,5-15,1.108686889322933,97,1.1078640799983066,WLS,79,0.0008228093246263057
3,UPFC_tsh,5-15,-0.23288042576124857,97,-0.23298489358677693,WLS,79,0.00010446782552836487
4,UPFC_Vse,5-15,0.06300533101260544,97,0.060276025885051515,WLS,79,0.002729305127553927
5,UPFC_tse,5-15,-2.1885084297603203,97,-2.1574181522568168,WLS,79,0.03109027750350357
0,x_tcsc,1-14,-0.11140589995438285,98,-0.11156647763395859,WLS,79,0.00016057767957573799
1,B_svc,2,0.1838479199166314,98,0.18271560126173608,WLS,79,0.0011323186548953257
2,UPFC_Vsh,5-15,1.108703470182342,98,1.1078640799983066,WLS,79,0.0008393901840353379
3,UPFC_tsh,5-15,-0.23284288328420893,98,-0.23298489358677693,WLS,79,0.0001420103025679964
4,UPFC_Vse,5-15,0.06238056746003181,98,0.060276025885051515,WLS,79,0.002104541574980294
5,UPFC_tse,5-15,-2.189115742699644,98,-2.1574181522568168,WLS,79,0.031697590442827384
0,x_tcsc,1-14,-0.11139630340888917,99,-0.11156647763395859,WLS,79,0.0001701742250694166
1,B_svc,2,0.18380620943646833,99,0.18271560126173608,WLS,79,0.0010906081747322494
2,UPFC_Vsh,5-15,1.108652939959066,99,1.1078640799983066,WLS,79,0.0007888599607595026
3,UPFC_tsh,5-15,-0.2327978872758098,99,-0.23298489358677693,WLS,79,0.0001870063109671305
4,UPFC_Vse,5-15,0.06218155070283492,99,0.060276025885051515,WLS,79,0.0019055248177834022
5,UPFC_tse,5-15,-2.1857448109552893,99,-2.1574181522568168,WLS,79,0.028326658698472507
0,x_tcsc,1-14,-0.11197353477127817,0,-0.11197782552629418,WLS,81,4.29075501601206e-06
1,B_svc,2,0.18345321275028587,0,0.18327189465115296,WLS,81,0.00018131809913290997
2,UPFC_Vsh,5-15,1.107413690358051,0,1.1082248726377468,WLS,81,0.000811182279695899
3,UPFC_tsh,5-15,-0.23297657419492285,0,-0.23293119280704588,WLS,81,4.5381387876963775e-05
4,UPFC_Vse,5-15,0.059776743599407337,0,0.05985422912105352,WLS,81,7.748552164618672e-05
5,UPFC_tse,5-15,-2.1605452890466417,0,-2.1509630278139777,WLS,81,0.009582261232663924
0,x_tcsc,1-14,-0.11197633607439159,1,-0.11197782552629418,WLS,81,1.4894519025920872e-06
1,B_svc,2,0.18338204437580366,1,0.18327189465115296,WLS,81,0.00011014972465070438
2,UPFC_Vsh,5-15,1.107604774492696,1,1.1082248726377468,WLS,81,0.0006200981450508181
3,UPFC_tsh,5-15,-0.2329079020150255,1,-0.23293119280704588,WLS,81,2.3290792020375095e-05
4,UPFC_Vse,5-15,0.060407487414071384,1,0.05985422912105352,WLS,81,0.0005532582930178609
5,UPFC_tse,5-15,-2.1553417660116727,1,-2.1509630278139777,WLS,81,0.004378738197694965
0,x_tcsc,1-14,-0.11197285238433838,2,-0.11197782552629418,WLS,81,4.973141955799676e-06
1,B_svc,2,0.1830602139321119,2,0.18327189465115296,WLS,81,0.00021168071904106855
2,UPFC_Vsh,5-15,1.107456064554527,2,1.1082248726377468,WLS,81,0.0007688080832197741
3,UPFC_tsh,5-15,-0.2329004353099415,2,-0.23293119280704588,WLS,81,3.075749710437781e-05
4,UPFC_Vse,5-15,0.06050354968341216,2,0.05985422912105352,WLS,81,0.0006493205623586337
5,UPFC_tse,5-15,-2.1527482076404403,2,-2.1509630278139777,WLS,81,0.0017851798264625351
0,x_tcsc,1-14,-0.11196616492299247,3,-0.11197782552629418,WLS,81,1.1660603301710815e-05
1,B_svc,2,0.18357943948317976,3,0.18327189465115296,WLS,81,0.0003075448320268015
2,UPFC_Vsh,5-15,1.1074186652191371,3,1.1082248726377468,WLS,81,0.0008062074186097057
3,UPFC_tsh,5-15,-0.232903510164922,3,-0.23293119280704588,WLS,81,2.768264212388294e-05
4,UPFC_Vse,5-15,0.06023246199781326,3,0.05985422912105352,WLS,81,0.00037823287675973344
5,UPFC_tse,5-15,-2.1558957980921036,3,-2.1509630278139777,WLS,81,0.004932770278125886
0,x_tcsc,1-14,-0.11196322411863466,4,-0.11197782552629418,WLS,81,1.4601407659520227e-05
1,B_svc,2,0.18396611909943025,4,0.18327189465115296,WLS,81,0.0006942244482772975
2,UPFC_Vsh,5-15,1.1075675934877292,4,1.1082248726377468,WLS,81,0.0006572791500176756
3,UPFC_tsh,5-15,-0.23292145270694425,4,-0.23293119280704588,WLS,81,9.740100101629512e-06
4,UPFC_Vse,5-15,0.059940586361133565,4,0.05985422912105352,WLS,81,8.635724008004136e-05
5,UPFC_tse,5-15,-2.157194818966985,4,-2.1509630278139777,WLS,81,0.0062317911530072045
0,x_tcsc,1-14,-0.11195826766376087,5,-0.11197782552629418,WLS,81,1.9557862533312043e-05
1,B_svc,2,0.1830846297641408,5,0.18327189465115296,WLS,81,0.00018726488701215072
2,UPFC_Vsh,5-15,1.1077488501562536,5,1.1082248726377468,WLS,81,0.00047602248149325455
3,UPFC_tsh,5-15,-0.2329692274967052,5,-0.23293119280704588,WLS,81,3.8034689659321996e-05
4,UPFC_Vse,5-15,0.060382476234621396,5,0.05985422912105352,WLS,81,0.0005282471135678729
5,UPFC_tse,5-15,-2.1559889651053052,5,-2.1509630278139777,WLS,81,0.005025937291327498
0,x_tcsc,1-14,-0.11196131094685785,6,-0.11197782552629418,WLS,81,1.6514579436327503e-05
1,B_svc,2,0.1832250495646416,6,0.18327189465115296,WLS,81,4.684508651134345e-05
2,UPFC_Vsh,5-15,1.107628414353004,6,1.1082248726377468,WLS,81,0.0005964582847428623
3,UPFC_tsh,5-15,-0.2329518879812521,6,-0.23293119280704588,WLS,81,2.0695174206220024e-05
4,UPFC_Vse,5-15,0.05997102858330373,6,0.05985422912105352,WLS,81,0.00011679946225020416
5,UPFC_tse,5-15,-2.1555306661725693,6,-2.1509630278139777,WLS,81,0.00456763835859153
0,x_tcsc,1-14,-0.11196123719089285,7,-0.11197782552629418,WLS,81,1.6588335401329646e-05
1,B_svc,2,0.1834047081955489,7,0.18327189465115296,WLS,81,0.00013281354439595439
2,UPFC_Vsh,5-15,1.1076088538084912,7,1.1082248726377468,WLS,81,0.0006160188292556601
3,UPFC_tsh,5-15,-0.23289008653999407,7,-0.23293119280704588,WLS,81,4.110626705181031e-05
4,UPFC_Vse,5-15,0.0600735831857119,7,0.05985422912105352,WLS,81,0.00021935406465837387
5,UPFC_tse,5-15,-2.156310494600698,7,-2.1509630278139777,WLS,81,0.0053474667867203785
0,x_tcsc,1-14,-0.11198115928757318,8,-0.11197782552629418,WLS,81,3.3337612790063087e-06
1,B_svc,2,0.18333815872038603,8,0.18327189465115296,WLS,81,6.626406923307404e-05
2,UPFC_Vsh,5-15,1.1074677642185886,8,1.1082248726377468,WLS,81,0.0007571084191582145
3,UPFC_tsh,5-15,-0.2329710335347512,8,-0.23293119280704588,WLS,81,3.9840727705325873e-05
4,UPFC_Vse,5-15,0.05997646819227001,8,0.05985422912105352,WLS,81,0.00012223907121648725
5,UPFC_tse,5-15,-2.1554165113447685,8,-2.1509630278139777,WLS,81,0.0044534835307907805
0,x_tcsc,1-14,-0.11197670447161401,9,-0.11197782552629418,WLS,81,1.121054680169875e-06
1,B_svc,2,0.18321632703472118,9,0.18327189465115296,WLS,81,5.5567616431773104e-05
2,UPFC_Vsh,5-15,1.1074933986237547,9,1.1082248726377468,WLS,81,0.000731474013992095
3,UPFC_tsh,5-15,-0.23289516004202376,9,-0.23293119280704588,WLS,81,3.603276502212038e-05
4,UPFC_Vse,5-15,0.060324579971656946,9,0.05985422912105352,WLS,81,0.00047035085060342235
5,UPFC_tse,5-15,-2.1538416291262696,9,-2.1509630278139777,WLS,81,0.002878601312291895
0,x_tcsc,1-14,-0.11196702504270707,10,-0.11197782552629418,WLS,81,1.0800483587106169e-05
1,B_svc,2,0.18326711408249288,10,0.18327189465115296,WLS,81,4.780568660073259e-06
2,UPFC_Vsh,5-15,1.107731734143258,10,1.1082248726377468,WLS,81,0.0004931384944888428
3,UPFC_tsh,5-15,-0.23291223085427926,10,-0.23293119280704588,WLS,81,1.8961952766627377e-05
4,UPFC_Vse,5-15,0.060755165226930204,10,0.05985422912105352,WLS,81,0.0009009361058766804
5,UPFC_tse,5-15,-2.1534488917685826,10,-2.1509630278139777,WLS,81,0.0024858639546048167
0,x_tcsc,1-14,-0.11196476671540898,11,-0.11197782552629418,WLS,81,1.3058810885202554e-05
1,B_svc,2,0.18346152193220222,11,0.18327189465115296,WLS,81,0.00018962728104926496
2,UPFC_Vsh,5-15,1.1076669192100845,11,1.1082248726377468,WLS,81,0.0005579534276622944
3,UPFC_tsh,5-15,-0.23287078728979088,11,-0.23293119280704588,WLS,81,6.0405517255002206e-05
4,UPFC_Vse,5-15,0.060217447726977597,11,0.05985422912105352,WLS,81,0.0003632186059240733
5,UPFC_tse,5-15,-2.152009405957434,11,-2.1509630278139777,WLS,81,0.0010463781434562058
0,x_tcsc,1-14,-0.11195439118173628,12,-0.11197782552629418,WLS,81,2.3434344557898834e-05
1,B_svc,2,0.18288507319188024,12,0.18327189465115296,WLS,81,0.0003868214592727126
2,UPFC_Vsh,5-15,1.107321238997157,12,1.1082248726377468,WLS,81,0.0009036336405898737
3,UPFC_tsh,5-15,-0.2329023016135526,12,-0.23293119280704588,WLS,81,2.8891193493280065e-05
4,UPFC_Vse,5-15,0.060593314552757745,12,0.05985422912105352,WLS,81,0.0007390854317042214
5,UPFC_tse,5-15,-2.149710206549202,12,-2.1509630278139777,WLS,81,0.001252821264775772
0,x_tcsc,1-14,-0.11196843007645715,13,-0.11197782552629418,WLS,81,9.395449837024117e-06
1,B_svc,2,0.1832322708769112,13,0.18327189465115296,WLS,81,3.962377424174268e-05
2,UPFC_Vsh,5-15,1.107562849922273,13,1.1082248726377468,WLS,81,0.0006620227154738867
3,UPFC_tsh,5-15,-0.2329147554640699,13,-0.23293119280704588,WLS,81,1.6437342975988978e-05
4,UPFC_Vse,5-15,0.05989714704887267,13,0.05985422912105352,WLS,81,4.2917927819144386e-05
5,UPFC_tse,5-15,-2.1555149665815128,13,-2.1509630278139777,WLS,81,0.004551938767535013
0,x_tcsc,1-14,-0.11198152006084025,14,-0.11197782552629418,WLS,81,3.694534546072603e-06
1,B_svc,2,0.18351406530860087,14,0.18327189465115296,WLS,81,0.00024217065744791544
2,UPFC_Vsh,5-15,1.107688595506722,14,1.1082248726377468,WLS,81,0.0005362771310248871
3,UPFC_tsh,5-15,-0.232959175370821,14,-0.23293119280704588,WLS,81,2.798256377511965e-05
4,UPFC_Vse,5-15,0.06023383005243508,14,0.05985422912105352,WLS,81,0.000379600931381556
5,UPFC_tse,5-15,-2.1553915604210427,14,-2.1509630278139777,WLS,81,0.004428532607064994
0,x_tcsc,1-14,-0.11196776548773016,15,-0.11197782552629418,WLS,81,1.0060038564019269e-05
1,B_svc,2,0.18311952830092018,15,0.18327189465115296,WLS,81,0.00015236635023277434
2,UPFC_Vsh,5-15,1.1075072511785786,15,1.1082248726377468,WLS,81,0.0007176214591682051
3,UPFC_tsh,5-15,-0.23298370044390523,15,-0.23293119280704588,WLS,81,5.2507636859350226e-05
4,UPFC_Vse,5-15,0.059938603924257323,15,0.05985422912105352,WLS,81,8.437480320380025e-05
5,UPFC_tse,5-15,-2.15405562107413,15,-2.1509630278139777,WLS,81,0.00309259326015221
0,x_tcsc,1-14,-0.11195998988053756,16,-0.11197782552629418,WLS,81,1.7835645756622553e-05
1,B_svc,2,0.18355081387144304,16,0.18327189465115296,WLS,81,0.0002789192202900803
2,UPFC_Vsh,5-15,1.1070783610131336,16,1.1082248726377468,WLS,81,0.0011465116246132112
3,UPFC_tsh,5-15,-0.23299001582248374,16,-0.23293119280704588,WLS,81,5.882301543785884e-05
4,UPFC_Vse,5-15,0.06065325249187227,16,0.05985422912105352,WLS,81,0.0007990233708187466
5,UPFC_tse,5-15,-2.1558948368317132,16,-2.1509630278139777,WLS,81,0.004931809017735489
0,x_tcsc,1-14,-0.11197256884293706,17,-0.11197782552629418,WLS,81,5.256683357116043e-06
1,B_svc,2,0.18337392070725145,17,0.18327189465115296,WLS,81,0.00010202605609849202
2,UPFC_Vsh,5-15,1.1075476755422378,17,1.1082248726377468,WLS,81,0.0006771970955090634
3,UPFC_tsh,5-15,-0.23293367525514774,17,-0.23293119280704588,WLS,81,2.4824481018592692e-06
4,UPFC_Vse,5-15,0.0601342713693539,17,0.05985422912105352,WLS,81,0.0002800422483003745
5,UPFC_tse,5-15,-2.1516026535824486,17,-2.1509630278139777,WLS,81,0.000639625768470875
0,x_tcsc,1-14,-0.11196054014126712,18,-0.11197782552629418,WLS,81,1.7285385027057676e-05
1,B_svc,2,0.18343204697739435,18,0.18327189465115296,WLS,81,0.00016015232624139175
2,UPFC_Vsh,5-15,1.1075316725636675,18,1.1082248726377468,WLS,81,0.0006932000740793587
3,UPFC_tsh,5-15,-0.23288464566725717,18,-0.23293119280704588,WLS,81,4.6547139788716274e-05
4,UPFC_Vse,5-15,0.060153299434192904,18,0.05985422912105352,WLS,81,0.000299070313139381
5,UPFC_tse,5-15,-2.154560067641772,18,-2.1509630278139777,WLS,81,0.003597039827794468
0,x_tcsc,1-14,-0.11197206990324594,19,-0.11197782552629418,WLS,81,5.755623048234182e-06
1,B_svc,2,0.183095984008885,19,0.18327189465115296,WLS,81,0.00017591064226796238
2,UPFC_Vsh,5-15,1.1076913988126373,19,1.1082248726377468,WLS,81,0.0005334738251094873
3,UPFC_tsh,5-15,-0.23293728917374698,19,-0.23293119280704588,WLS,81,6.0963667010971445e-06
4,UPFC_Vse,5-15,0.06053482699245417,19,0.05985422912105352,WLS,81,0.0006805978714006441
5,UPFC_tse,5-15,-2.154133302349437,19,-2.1509630278139777,WLS,81,0.00317027453545915
0,x_tcsc,1-14,-0.11197263668275177,20,-0.11197782552629418,WLS,81,5.1888435424057855e-06
1,B_svc,2,0.18323076780017125,20,0.18327189465115296,WLS,81,4.112685098170421e-05
2,UPFC_Vsh,5-15,1.1078229620883717,20,1.1082248726377468,WLS,81,0.0004019105493751063
3,UPFC_tsh,5-15,-0.23294063525144784,20,-0.23293119280704588,WLS,81,9.442444401958072e-06
4,UPFC_Vse,5-15,0.06031107136979412,20,0.05985422912105352,WLS,81,0.00045684224874059653
5,UPFC_tse,5-15,-2.157544152363693,20,-2.1509630278139777,WLS,81,0.006581124549715156
0,x_tcsc,1-14,-0.11197583360688325,21,-0.11197782552629418,WLS,81,1.9919194109291327e-06
1,B_svc,2,0.18314945936512755,21,0.18327189465115296,WLS,81,0.00012243528602540188
2,UPFC_Vsh,5-15,1.1075463907593952,21,1.1082248726377468,WLS,81,0.0006784818783516222
3,UPFC_tsh,5-15,-0.23287597204626218,21,-0.23293119280704588,WLS,81,5.522076078370852e-05
4,UPFC_Vse,5-15,0.059880203640025303,21,0.05985422912105352,WLS,81,2.597451897178027e-05
5,UPFC_tse,5-15,-2.1554203761172643,21,-2.1509630278139777,WLS,81,0.00445734830328659
0,x_tcsc,1-14,-0.11196521145582933,22,-0.11197782552629418,WLS,81,1.2614070464850302e-05
1,B_svc,2,0.1833039190437363,22,0.18327189465115296,WLS,81,3.202439258334633e-05
2,UPFC_Vsh,5-15,1.107610376904225,22,1.1082248726377468,WLS,81,0.0006144957335219026
3,UPFC_tsh,5-15,-0.23291193800593293,22,-0.23293119280704588,WLS,81,1.9254801112950082e-05
4,UPFC_Vse,5-15,0.059971846126553166,22,0.05985422912105352,WLS,81,0.00011761700549964282
5,UPFC_tse,5-15,-2.1552434870024504,22,-2.1509630278139777,WLS,81,0.004280459188472641
0,x_tcsc,1-14,-0.11198634298874484,23,-0.11197782552629418,WLS,81,8.517462450660651e-06
1,B_svc,2,0.1832115172716832,23,0.18327189465115296,WLS,81,6.0377379469761516e-05
2,UPFC_Vsh,5-15,1.1077744769759001,23,1.1082248726377468,WLS,81,0.0004503956618466809
3,UPFC_tsh,5-15,-0.23294317404981502,23,-0.23293119280704588,WLS,81,1.1981242769132372e-05
4,UPFC_Vse,5-15,0.06022478309208422,23,0.05985422912105352,WLS,81,0.000370553971030696
5,UPFC_tse,5-15,-2.1571448134673084,23,-2.1509630278139777,WLS,81,0.006181785653330607
0,x_tcsc,1-14,-0.11195890419991897,24,-0.11197782552629418,WLS,81,1.8921326375209713e-05
1,B_svc,2,0.18336474383844384,24,0.18327189465115296,WLS,81,9.28491872908832e-05
2,UPFC_Vsh,5-15,1.1074287874098494,24,1.1082248726377468,WLS,81,0.0007960852278974251
3,UPFC_tsh,5-15,-0.23287988284213934,24,-0.23293119280704588,WLS,81,5.130996490654294e-05
4,UPFC_Vse,5-15,0.06014084654489602,24,0.05985422912105352,WLS,81,0.0002866174238424987
5,UPFC_tse,5-15,-2.156961621233898,24,-2.1509630278139777,WLS,81,0.005998593419920262
0,x_tcsc,1-14,-0.1119763754562134,25,-0.11197782552629418,WLS,81,1.4500700807745792e-06
1,B_svc,2,0.18321247506627433,25,0.18327189465115296,WLS,81,5.9419584878622755e-05
2,UPFC_Vsh,5-15,1.107828638416687,25,1.1082248726377468,WLS,81,0.0003962342210597214
3,UPFC_tsh,5-15,-0.23290289336344033,25,-0.23293119280704588,WLS,81,2.829944360555059e-05
4,UPFC_Vse,5-15,0.060142720455484126,25,0.05985422912105352,WLS,81,0.0002884913344306031
5,UPFC_tse,5-15,-2.1586721397284903,25,-2.1509630278139777,WLS,81,0.007709111914512512
0,x_tcsc,1-14,-0.11196130542805222,26,-0.11197782552629418,WLS,81,1.652009824196221e-05
1,B_svc,2,0.18356026273999093,26,0.18327189465115296,WLS,81,0.0002883680888379758
2,UPFC_Vsh,5-15,1.1074332383506293,26,1.1082248726377468,WLS,81,0.000791634287117482
3,UPFC_tsh,5-15,-0.23296962951068734,26,-0.23293119280704588,WLS,81,3.843670364145346e-05
4,UPFC_Vse,5-15,0.060386620163691916,26,0.05985422912105352,WLS,81,0.0005323910426383929
5,UPFC_tse,5-15,-2.158373856340785,26,-2.1509630278139777,WLS,81,0.0074108285268073
0,x_tcsc,1-14,-0.11198448839857758,27,-0.11197782552629418,WLS,81,6.662872283402788e-06
1,B_svc,2,0.18343067750289652,27,0.18327189465115296,WLS,81,0.00015878285174356077
2,UPFC_Vsh,5-15,1.1075511453852998,27,1.1082248726377468,WLS,81,0.0006737272524470761
3,UPFC_tsh,5-15,-0.2329196819617473,27,-0.23293119280704588,WLS,81,1.1510845298573491e-05
4,UPFC_Vse,5-15,0.06031750288898826,27,0.05985422912105352,WLS,81,0.0004632737679347368
5,UPFC_tse,5-15,-2.1560164649479967,27,-2.1509630278139777,WLS,81,0.0050534371340189566
0,x_tcsc,1-14,-0.11196771539835337,28,-0.11197782552629418,WLS,81,1.0110127940804459e-05
1,B_svc,2,0.18298260149131354,28,0.18327189465115296,WLS,81,0.0002892931598394155
2,UPFC_Vsh,5-15,1.1078941731956753,28,1.1082248726377468,WLS,81,0.0003306994420715359
3,UPFC_tsh,5-15,-0.23290727750687734,28,-0.23293119280704588,WLS,81,2.3915300168542153e-05
4,UPFC_Vse,5-15,0.06009189006979832,28,0.05985422912105352,WLS,81,0.00023766094874479865
5,UPFC_tse,5-15,-2.1573798097058945,28,-2.1509630278139777,WLS,81,0.006416781891916745
0,x_tcsc,1-14,-0.1119688147767288,29,-0.11197782552629418,WLS,81,9.010749565371845e-06
1,B_svc,2,0.18306925365844431,29,0.18327189465115296,WLS,81,0.00020264099270864144
2,UPFC_Vsh,5-15,1.1073761307619694,29,1.1082248726377468,WLS,81,0.0008487418757774368
3,UPFC_tsh,5-15,-0.23296691382484985,29,-0.23293119280704588,WLS,81,3.572101780396908e-05
4,UPFC_Vse,5-15,0.06053112817903181,29,0.05985422912105352,WLS,81,0.0006768990579782835
5,UPFC_tse,5-15,-2.1532169228767732,29,-2.1509630278139777,WLS,81,0.002253895062795497
0,x_tcsc,1-14,-0.11196307397763872,30,-0.11197782552629418,WLS,81,1.4751548655461688e-05
1,B_svc,2,0.18270500177367777,30,0.18327189465115296,WLS,81,0.0005668928774751891
2,UPFC_Vsh,5-15,1.1076847830663907,30,1.1082248726377468,WLS,81,0.0005400895713560949
3,UPFC_tsh,5-15,-0.23284263315014492,30,-0.23293119280704588,WLS,81,8.855965690096612e-05
4,UPFC_Vse,5-15,0.059759284197982515,30,0.05985422912105352,WLS,81,9.49449230710081e-05
5,UPFC_tse,5-15,-2.1559304094934206,30,-2.1509630278139777,WLS,81,0.004967381679442884
0,x_tcsc,1-14,-0.11196710400372227,31,-0.11197782552629418,WLS,81,1.0721522571907616e-05
1,B_svc,2,0.1833351592749647,31,0.18327189465115296,WLS,81,6.326462381173181e-05
2,UPFC_Vsh,5-15,1.1074268971637438,31,1.1082248726377468,WLS,81,0.0007979754740030653
3,UPFC_tsh,5-15,-0.2329140944835335,31,-0.23293119280704588,WLS,81,1.7098323512376723e-05
4,UPFC_Vse,5-15,0.060096071967262854,31,0.05985422912105352,WLS,81,0.00024184284620933083
5,UPFC_tse,5-15,-2.1568737682835954,31,-2.1509630278139777,WLS,81,0.0059107404696177035
0,x_tcsc,1-14,-0.11196112886512465,32,-0.11197782552629418,WLS,81,1.669666116953239e-05
1,B_svc,2,0.18315359720617175,32,0.18327189465115296,WLS,81,0.00011829744498120798
2,UPFC_Vsh,5-15,1.107797520421829,32,1.1082248726377468,WLS,81,0.0004273522159177201
3,UPFC_tsh,5-15,-0.23290198703756745,32,-0.23293119280704588,WLS,81,2.920576947842979e-05
4,UPFC_Vse,5-15,0.059716927562208415,32,0.05985422912105352,WLS,81,0.00013730155884510847
5,UPFC_tse,5-15,-2.1579733385554234,32,-2.1509630278139777,WLS,81,0.007010310741445647
0,x_tcsc,1-14,-0.11198167820285451,33,-0.11197782552629418,WLS,81,3.852676560334167e-06
1,B_svc,2,0.1835439393743299,33,0.18327189465115296,WLS,81,0.00027204472317693407
2,UPFC_Vsh,5-15,1.1075854357856376,33,1.1082248726377468,WLS,81,0.0006394368521092098
3,UPFC_tsh,5-15,-0.23288376252350568,33,-0.23293119280704588,WLS,81,4.7430283540206286e-05
4,UPFC_Vse,5-15,0.06010333446207152,33,0.05985422912105352,WLS,81,0.00024910534101799803
5,UPFC_tse,5-15,-2.1559435991802967,33,-2.1509630278139777,WLS,81,0.004980571366318909
0,x_tcsc,1-14,-0.11196829478370457,34,-0.11197782552629418,WLS,81,9.53074258960851e-06
1,B_svc,2,0.1829556257307826,34,0.18327189465115296,WLS,81,0.00031626892037034393
2,UPFC_Vsh,5-15,1.1076743251128036,34,1.1082248726377468,WLS,81,0.0005505475249432124
3,UPFC_tsh,5-15,-0.23292170112428442,34,-0.23293119280704588,WLS,81,9.491682761458842e-06
4,UPFC_Vse,5-15,0.060197215658642673,34,0.05985422912105352,WLS,81,0.00034298653758915026
5,UPFC_tse,5-15,-2.155597291590869,34,-2.1509630278139777,WLS,81,0.004634263776891245
0,x_tcsc,1-14,-0.11197468789180459,35,-0.11197782552629418,WLS,81,3.1376344895861497e-06
1,B_svc,2,0.1835359232494633,35,0.18327189465115296,WLS,81,0.0002640285983103452
2,UPFC_Vsh,5-15,1.1076055388726582,35,1.1082248726377468,WLS,81,0.0006193337650886033
3,UPFC_tsh,5-15,-0.23293755103215777,35,-0.23293119280704588,WLS,81,6.3582251118854405e-06
4,UPFC_Vse,5-15,0.06018249528777307,35,0.05985422912105352,WLS,81,0.00032826616671954856
5,UPFC_tse,5-15,-2.1561438596017424,35,-2.1509630278139777,WLS,81,0.005180831787764628
0,x_tcsc,1-14,-0.11197402620307541,36,-0.11197782552629418,WLS,81,3.7993232187699677e-06
1,B_svc,2,0.18318189388986303,36,0.18327189465115296,WLS,81,9.000076128992673e-05
2,UPFC_Vsh,5-15,1.1077319443709932,36,1.1082248726377468,WLS,81,0.0004929282667536228
3,UPFC_tsh,5-15,-0.23291777209455938,36,-0.23293119280704588,WLS,81,1.3420712486500452e-05
4,UPFC_Vse,5-15,0.060230702221810685,36,0.05985422912105352,WLS,81,0.00037647310075716173
5,UPFC_tse,5-15,-2.157907879976224,36,-2.1509630278139777,WLS,81,0.006944852162246384
0,x_tcsc,1-14,-0.11197630351343885,37,-0.11197782552629418,WLS,81,1.5220128553317114e-06
1,B_svc,2,0.18362281388496463,37,0.18327189465115296,WLS,81,0.00035091923381166956
2,UPFC_Vsh,5-15,1.1076777568217555,37,1.1082248726377468,WLS,81,0.000547115815991317
3,UPFC_tsh,5-15,-0.23289634438764703,37,-0.23293119280704588,WLS,81,3.484841939885297e-05
4,UPFC_Vse,5-15,0.059474795848819005,37,0.05985422912105352,WLS,81,0.0003794332722345181
5,UPFC_tse,5-15,-2.160814932369348,37,-2.1509630278139777,WLS,81,0.009851904555370439
0,x_tcsc,1-14,-0.11197668092080833,38,-0.11197782552629418,WLS,81,1.1446054858504917e-06
1,B_svc,2,0.18315682561346,38,0.18327189465115296,WLS,81,0.00011506903769295529
2,UPFC_Vsh,5-15,1.1074180971880838,38,1.1082248726377468,WLS,81,0.0008067754496630108
3,UPFC_tsh,5-15,-0.2329390735556772,38,-0.23293119280704588,WLS,81,7.880748631311496e-06
4,UPFC_Vse,5-15,0.060200321088972095,38,0.05985422912105352,WLS,81,0.00034609196791857144
5,UPFC_tse,5-15,-2.1532469505230107,38,-2.1509630278139777,WLS,81,0.0022839227090329928
0,x_tcsc,1-14,-0.11196943292486815,39,-0.11197782552629418,WLS,81,8.392601426029933e-06
1,B_svc,2,0.18357213908527256,39,0.18327189465115296,WLS,81,0.00030024443411960644
2,UPFC_Vsh,5-15,1.1078657173020443,39,1.1082248726377468,WLS,81,0.00035915533570252123
3,UPFC_tsh,5-15,-0.23286500544801172,39,-0.23293119280704588,WLS,81,6.618735903415884e-05
4,UPFC_Vse,5-15,0.06000266405680291,39,0.05985422912105352,WLS,81,0.0001484349357493836
5,UPFC_tse,5-15,-2.1535605339988098,39,-2.1509630278139777,WLS,81,0.0025975061848320102
0,x_tcsc,1-14,-0.11196919073592325,40,-0.11197782552629418,WLS,81,8.634790370928846e-06
1,B_svc,2,0.18325635226657724,40,0.18327189465115296,WLS,81,1.5542384575711887e-05
2,UPFC_Vsh,5-15,1.1075648813646144,40,1.1082248726377468,WLS,81,0.000659991273132432
3,UPFC_tsh,5-15,-0.2328862471499913,40,-0.23293119280704588,WLS,81,4.4945657054595856e-05
4,UPFC_Vse,5-15,0.06031624116718903,40,0.05985422912105352,WLS,81,0.00046201204613550984
5,UPFC_tse,5-15,-2.1550651635480613,40,-2.1509630278139777,WLS,81,0.0041021357340835785
0,x_tcsc,1-14,-0.11197174483986595,41,-0.11197782552629418,WLS,81,6.080686428225346e-06
1,B_svc,2,0.18377277321665644,41,0.18327189465115296,WLS,81,0.0005008785655034875
2,UPFC_Vsh,5-15,1.1077181630660917,41,1.1082248726377468,WLS,81,0.0005067095716551062
3,UPFC_tsh,5-15,-0.2328471405880727,41,-0.23293119280704588,WLS,81,8.405221897317405e-05
4,UPFC_Vse,5-15,0.06016136693295676,41,0.05985422912105352,WLS,81,0.0003071378119032381
5,UPFC_tse,5-15,-2.1584132492513723,41,-2.1509630278139777,WLS,81,0.0074502214373946
0,x_tcsc,1-14,-0.11196106449024966,42,-0.11197782552629418,WLS,81,1.6761036044518618e-05
1,B_svc,2,0.18317596194268043,42,0.18327189465115296,WLS,81,9.593270847252366e-05
2,UPFC_Vsh,5-15,1.1075221789637268,42,1.1082248726377468,WLS,81,0.000702693674019983
3,UPFC_tsh,5-15,-0.23289366532932498,42,-0.23293119280704588,WLS,81,3.752747772090004e-05
4,UPFC_Vse,5-15,0.060155883770483275,42,0.05985422912105352,WLS,81,0.00030165464942975145
5,UPFC_tse,5-15,-2.1531034849699324,42,-2.1509630278139777,WLS,81,0.002140457155954678
0,x_tcsc,1-14,-0.11195685347517607,43,-0.11197782552629418,WLS,81,2.097205111810385e-05
1,B_svc,2,0.18313181340039758,43,0.18327189465115296,WLS,81,0.00014008125075537503
2,UPFC_Vsh,5-15,1.1077029238964384,43,1.1082248726377468,WLS,81,0.0005219487413083979
3,UPFC_tsh,5-15,-0.23295630465937187,43,-0.23293119280704588,WLS,81,2.5111852325981898e-05
4,UPFC_Vse,5-15,0.060336512255023934,43,0.05985422912105352,WLS,81,0.00048228313397041117
5,UPFC_tse,5-15,-2.155546850067674,43,-2.1509630278139777,WLS,81,0.004583822253696468
0,x_tcsc,1-14,-0.11195149840082552,44,-0.11197782552629418,WLS,81,2.63271254686559e-05
1,B_svc,2,0.18301950653325316,44,0.18327189465115296,WLS,81,0.0002523881178997933
2,UPFC_Vsh,5-15,1.1075457764894507,44,1.1082248726377468,WLS,81,0.0006790961482960878
3,UPFC_tsh,5-15,-0.2329480703494605,44,-0.23293119280704588,WLS,81,1.68775424146117e-05
4,UPFC_Vse,5-15,0.060000637489442475,44,0.05985422912105352,WLS,81,0.00014640836838895194
5,UPFC_tse,5-15,-2.155169048583528,44,-2.1509630278139777,WLS,81,0.004206020769550456
0,x_tcsc,1-14,-0.11197164164395995,45,-0.11197782552629418,WLS,81,6.183882334226398e-06
1,B_svc,2,0.18325696656142906,45,0.18327189465115296,WLS,81,1.4928089723892368e-05
2,UPFC_Vsh,5-15,1.107645370953124,45,1.1082248726377468,WLS,81,0.0005795016846228407
3,UPFC_tsh,5-15,-0.23302919392331942,45,-0.23293119280704588,WLS,81,9.80011162735328e-05
4,UPFC_Vse,5-15,0.06018662938657676,45,0.05985422912105352,WLS,81,0.00033240026552323887
5,UPFC_tse,5-15,-2.154794820586648,45,-2.1509630278139777,WLS,81,0.003831792772670095
0,x_tcsc,1-14,-0.11196076568924586,46,-0.11197782552629418,WLS,81,1.705983704831937e-05
1,B_svc,2,0.18352271868850575,46,0.18327189465115296,WLS,81,0.0002508240373527981
2,UPFC_Vsh,5-15,1.1077169418006985,46,1.1082248726377468,WLS,81,0.0005079308370483648
3,UPFC_tsh,5-15,-0.23288691999464708,46,-0.23293119280704588,WLS,81,4.427281239879899e-05
4,UPFC_Vse,5-15,0.06023933128653973,46,0.05985422912105352,WLS,81,0.00038510216548620635
5,UPFC_tse,5-15,-2.155764785518731,46,-2.1509630278139777,WLS,81,0.004801757704753218
0,x_tcsc,1-14,-0.1119755566961023,47,-0.11197782552629418,WLS,81,2.2688301918732945e-06
1,B_svc,2,0.18300382498358747,47,0.18327189465115296,WLS,81,0.0002680696675654848
2,UPFC_Vsh,5-15,1.1078066172418788,47,1.1082248726377468,WLS,81,0.00041825539586803906
3,UPFC_tsh,5-15,-0.2328500422526395,47,-0.23293119280704588,WLS,81,8.115055440638397e-05
4,UPFC_Vse,5-15,0.059846679588092255,47,0.05985422912105352,WLS,81,7.549532961267924e-06
5,UPFC_tse,5-15,-2.15122687408178,47,-2.1509630278139777,WLS,81,0.0002638462678024034
0,x_tcsc,1-14,-0.11196113500751947,48,-0.11197782552629418,WLS,81,1.669051877470351e-05
1,B_svc,2,0.1831635460407328,48,0.18327189465115296,WLS,81,0.00010834861042016697
2,UPFC_Vsh,5-15,1.1076647165100801,48,1.1082248726377468,WLS,81,0.0005601561276666889
3,UPFC_tsh,5-15,-0.23290574758968122,48,-0.23293119280704588,WLS,81,2.5445217364666872e-05
4,UPFC_Vse,5-15,0.060238827942329355,48,0.05985422912105352,WLS,81,0.00038459882127583195
5,UPFC_tse,5-15,-2.158543350864911,48,-2.1509630278139777,WLS,81,0.0075803230509330355
0,x_tcsc,1-14,-0.11196329615931713,49,-0.11197782552629418,WLS,81,1.452936697704521e-05
1,B_svc,2,0.18288630219952565,49,0.18327189465115296,WLS,81,0.00038559245162730904
2,UPFC_Vsh,5-15,1.107640618331742,49,1.1082248726377468,WLS,81,0.0005842543060048389
3,UPFC_tsh,5-15,-0.23293027198494093,49,-0.23293119280704588,WLS,81,9.208221049550325e-07
4,UPFC_Vse,5-15,0.06046859751952878,49,0.05985422912105352,WLS,81,0.0006143683984752568
5,UPFC_tse,5-15,-2.1584072922023823,49,-2.1509630278139777,WLS,81,0.007444264388404509
0,x_tcsc,1-14,-0.11196921682017572,50,-0.11197782552629418,WLS,81,8.608706118462539e-06
1,B_svc,2,0.18306797904014033,50,0.18327189465115296,WLS,81,0.00020391561101262834
2,UPFC_Vsh,5-15,1.1077124051765581,50,1.1082248726377468,WLS,81,0.0005124674611887148
3,UPFC_tsh,5-15,-0.23294218082312027,50,-0.23293119280704588,WLS,81,1.098801607438138e-05
4,UPFC_Vse,5-15,0.06031778924629934,50,0.05985422912105352,WLS,81,0.00046356012524581547
5,UPFC_tse,5-15,-2.1550433346255278,50,-2.1509630278139777,WLS,81,0.004080306811550027
0,x_tcsc,1-14,-0.11197210064317906,51,-0.11197782552629418,WLS,81,5.724883115121315e-06
1,B_svc,2,0.18315784444529068,51,0.18327189465115296,WLS,81,0.0001140502058622761
2,UPFC_Vsh,5-15,1.1074713939407446,51,1.1082248726377468,WLS,81,0.0007534786970022633
3,UPFC_tsh,5-15,-0.23294178291654402,51,-0.23293119280704588,WLS,81,1.0590109498137545e-05
4,UPFC_Vse,5-15,0.06018163091401235,51,0.05985422912105352,WLS,81,0.00032740179295882854
5,UPFC_tse,5-15,-2.1536306041171382,51,-2.1509630278139777,WLS,81,0.0026675763031605015
0,x_tcsc,1-14,-0.1119508075027898,52,-0.11197782552629418,WLS,81,2.701802350438265e-05
1,B_svc,2,0.18353140285392383,52,0.18327189465115296,WLS,81,0.00025950820277087505
2,UPFC_Vsh,5-15,1.1075588042285591,52,1.1082248726377468,WLS,81,0.0006660684091877034
3,UPFC_tsh,5-15,-0.23293354721805626,52,-0.23293119280704588,WLS,81,2.3544110103745908e-06
4,UPFC_Vse,5-15,0.060182466576930736,52,0.05985422912105352,WLS,81,0.00032823745587721304
5,UPFC_tse,5-15,-2.1555055283965845,52,-2.1509630278139777,WLS,81,0.0045425005826067455
0,x_tcsc,1-14,-0.11196730564676897,53,-0.11197782552629418,WLS,81,1.0519879525203168e-05
1,B_svc,2,0.1836817984841242,53,0.18327189465115296,WLS,81,0.0004099038329712368
2,UPFC_Vsh,5-15,1.1075616702419562,53,1.1082248726377468,WLS,81,0.0006632023957906519
3,UPFC_tsh,5-15,-0.23292017410106877,53,-0.23293119280704588,WLS,81,1.1018705977111631e-05
4,UPFC_Vse,5-15,0.06018609780113851,53,0.05985422912105352,WLS,81,0.0003318686800849874
5,UPFC_tse,5-15,-2.153129300864075,53,-2.1509630278139777,WLS,81,0.0021662730500970895
0,x_tcsc,1-14,-0.11195021212085277,54,-0.11197782552629418,WLS,81,2.761340544141233e-05
1,B_svc,2,0.18356907073307002,54,0.18327189465115296,WLS,81,0.00029717608191706657
2,UPFC_Vsh,5-15,1.1077490955268985,54,1.1082248726377468,WLS,81,0.00047577711084834107
3,UPFC_tsh,5-15,-0.23292919049586752,54,-0.23293119280704588,WLS,81,2.002311178361804e-06
4,UPFC_Vse,5-15,0.06047753255788985,54,0.05985422912105352,WLS,81,0.0006233034368363297
5,UPFC_tse,5-15,-2.1560128650397803,54,-2.1509630278139777,WLS,81,0.005049837225802545
0,x_tcsc,1-14,-0.11196602636076268,55,-0.11197782552629418,WLS,81,1.1799165531498068e-05
1,B_svc,2,0.18370708639611566,55,0.18327189465115296,WLS,81,0.0004351917449627041
2,UPFC_Vsh,5-15,1.107200061008186,55,1.1082248726377468,WLS,81,0.0010248116295608067
3,UPFC_tsh,5-15,-0.23292789355170948,55,-0.23293119280704588,WLS,81,3.299255336403073e-06
4,UPFC_Vse,5-15,0.0601932020250625,55,0.05985422912105352,WLS,81,0.00033897290400897867
5,UPFC_tse,5-15,-2.157186104120905,55,-2.1509630278139777,WLS,81,0.006223076306927311
0,x_tcsc,1-14,-0.11196536494921555,56,-0.11197782552629418,WLS,81,1.24605770786268e-05
1,B_svc,2,0.1834419484435297,56,0.18327189465115296,WLS,81,0.0001700537923767509
2,UPFC_Vsh,5-15,1.1074541241473257,56,1.1082248726377468,WLS,81,0.0007707484904211359
3,UPFC_tsh,5-15,-0.232962295904088,56,-0.23293119280704588,WLS,81,3.110309704212888e-05
4,UPFC_Vse,5-15,0.06025857908121909,56,0.05985422912105352,WLS,81,0.0004043499601655634
5,UPFC_tse,5-15,-2.155657107957957,56,-2.1509630278139777,WLS,81,0.004694080143979207
0,x_tcsc,1-14,-0.11195814999475065,57,-0.11197782552629418,WLS,81,1.967553154352819e-05
1,B_svc,2,0.18315531772951377,57,0.18327189465115296,WLS,81,0.00011657692163918876
2,UPFC_Vsh,5-15,1.107486012847055,57,1.1082248726377468,WLS,81,0.0007388597906918815
3,UPFC_tsh,5-15,-0.2330332700767819,57,-0.23293119280704588,WLS,81,0.00010207726973601727
4,UPFC_Vse,5-15,0.059863397912514334,57,0.05985422912105352,WLS,81,9.168791460810455e-06
5,UPFC_tse,5-15,-2.156840839952229,57,-2.1509630278139777,WLS,81,0.005877812138251226
0,x_tcsc,1-14,-0.11196011038241958,58,-0.11197782552629418,WLS,81,1.7715143874594275e-05
1,B_svc,2,0.18309172071670665,58,0.18327189465115296,WLS,81,0.0001801739344463038
2,UPFC_Vsh,5-15,1.1077558002161814,58,1.1082248726377468,WLS,81,0.000469072421565464
3,UPFC_tsh,5-15,-0.23291717186223226,58,-0.23293119280704588,WLS,81,1.4020944813619707e-05
4,UPFC_Vse,5-15,0.060012432077618486,58,0.05985422912105352,WLS,81,0.0001582029565649623
5,UPFC_tse,5-15,-2.1542370682165655,58,-2.1509630278139777,WLS,81,0.003274040402587719
0,x_tcsc,1-14,-0.11196951723876081,59,-0.11197782552629418,WLS,81,8.30828753337065e-06
1,B_svc,2,0.18292560614061437,59,0.18327189465115296,WLS,81,0.0003462885105385838
2,UPFC_Vsh,5-15,1.107654415122814,59,1.1082248726377468,WLS,81,0.0005704575149327873
3,UPFC_tsh,5-15,-0.23296739096852387,59,-0.23293119280704588,WLS,81,3.6198161477984936e-05
4,UPFC_Vse,5-15,0.06023299479454617,59,0.05985422912105352,WLS,81,0.0003787656734926467
5,UPFC_tse,5-15,-2.1559354460594706,59,-2.1509630278139777,WLS,81,0.004972418245492882
0,x_tcsc,1-14,-0.11197492243963546,60,-0.11197782552629418,WLS,81,2.9030866587204107e-06
1,B_svc,2,0.1836495012258667,60,0.18327189465115296,WLS,81,0.00037760657471375136
2,UPFC_Vsh,5-15,1.1071493729037905,60,1.1082248726377468,WLS,81,0.0010754997339563754
3,UPFC_tsh,5-15,-0.23293315206609577,60,-0.23293119280704588,WLS,81,1.9592590498884732e-06
4,UPFC_Vse,5-15,0.06033146664822211,60,0.05985422912105352,WLS,81,0.000477237527168585
5,UPFC_tse,5-15,-2.1563017929259845,60,-2.1509630278139777,WLS,81,0.005338765112006705
0,x_tcsc,1-14,-0.11196287662398008,61,-0.11197782552629418,WLS,81,1.4948902314099177e-05
1,B_svc,2,0.18356904219232395,61,0.18327189465115296,WLS,81,0.0002971475411709945
2,UPFC_Vsh,5-15,1.1076442624652252,61,1.1082248726377468,WLS,81,0.000580610172521645
3,UPFC_tsh,5-15,-0.2329220595780901,61,-0.23293119280704588,WLS,81,9.133228955793271e-06
4,UPFC_Vse,5-15,0.06020243270502943,61,0.05985422912105352,WLS,81,0.0003482035839759076
5,UPFC_tse,5-15,-2.155397381565484,61,-2.1509630278139777,WLS,81,0.004434353751506137
0,x_tcsc,1-14,-0.1119592667375353,62,-0.11197782552629418,WLS,81,1.8558788758879508e-05
1,B_svc,2,0.18343823080142307,62,0.18327189465115296,WLS,81,0.00016633615027011883
2,UPFC_Vsh,5-15,1.1074089366109767,62,1.1082248726377468,WLS,81,0.0008159360267701032
3,UPFC_tsh,5-15,-0.23293184047034315,62,-0.23293119280704588,WLS,81,6.476632972707286e-07
4,UPFC_Vse,5-15,0.0596676792066897,62,0.05985422912105352,WLS,81,0.0001865499143638219
5,UPFC_tse,5-15,-2.157255281922154,62,-2.1509630278139777,WLS,81,0.006292254108176465
0,x_tcsc,1-14,-0.11196497684805583,63,-0.11197782552629418,WLS,81,1.284867823835023e-05
1,B_svc,2,0.18350526784277368,63,0.18327189465115296,WLS,81,0.00023337319162072823
2,UPFC_Vsh,5-15,1.107500506453669,63,1.1082248726377468,WLS,81,0.0007243661840778959
3,UPFC_tsh,5-15,-0.23294556250548906,63,-0.23293119280704588,WLS,81,1.436969844317848e-05
4,UPFC_Vse,5-15,0.05978702568192062,63,0.05985422912105352,WLS,81,6.720343913290544e-05
5,UPFC_tse,5-15,-2.156438878614657,63,-2.1509630278139777,WLS,81,0.0054758508006793605
0,x_tcsc,1-14,-0.11196971149628976,64,-0.11197782552629418,WLS,81,8.114030004419126e-06
1,B_svc,2,0.1830754422775428,64,0.18327189465115296,WLS,81,0.00019645237361015644
2,UPFC_Vsh,5-15,1.1074893646337731,64,1.1082248726377468,WLS,81,0.0007355080039737061
3,UPFC_tsh,5-15,-0.2329264181845149,64,-0.23293119280704588,WLS,81,4.774622530984152e-06
4,UPFC_Vse,5-15,0.06015328080661551,64,0.05985422912105352,WLS,81,0.00029905168556198375
5,UPFC_tse,5-15,-2.152257582865145,64,-2.1509630278139777,WLS,81,0.0012945550511673787
0,x_tcsc,1-14,-0.11195832923907731,65,-0.11197782552629418,WLS,81,1.9496287216869135e-05
1,B_svc,2,0.18322017483692793,65,0.18327189465115296,WLS,81,5.171981422502636e-05
2,UPFC_Vsh,5-15,1.1076454352791998,65,1.1082248726377468,WLS,81,0.0005794373585470414
3,UPFC_tsh,5-15,-0.23293809340504343,65,-0.23293119280704588,WLS,81,6.9005979975445e-06
4,UPFC_Vse,5-15,0.06020522597744599,65,0.05985422912105352,WLS,81,0.0003509968563924701
5,UPFC_tse,5-15,-2.154126830492734,65,-2.1509630278139777,WLS,81,0.0031638026787561557
0,x_tcsc,1-14,-0.11197172726342555,66,-0.11197782552629418,WLS,81,6.098262868625692e-06
1,B_svc,2,0.18347257501993144,66,0.18327189465115296,WLS,81,0.0002006803687784886
2,UPFC_Vsh,5-15,1.1077807727002746,66,1.1082248726377468,WLS,81,0.00044409993747218657
3,UPFC_tsh,5-15,-0.23294016439536375,66,-0.23293119280704588,WLS,81,8.971588317863155e-06
4,UPFC_Vse,5-15,0.0602046117798497,66,0.05985422912105352,WLS,81,0.00035038265879617364
5,UPFC_tse,5-15,-2.1528229672109656,66,-2.1509630278139777,WLS,81,0.0018599393969878086
0,x_tcsc,1-14,-0.11197851885739812,67,-0.11197782552629418,WLS,81,6.933311039458712e-07
1,B_svc,2,0.18334243388945692,67,0.18327189465115296,WLS,81,7.053923830396824e-05
2,UPFC_Vsh,5-15,1.1075657868209576,67,1.1082248726377468,WLS,81,0.0006590858167891955
3,UPFC_tsh,5-15,-0.23291330161629412,67,-0.23293119280704588,WLS,81,1.7891190751767594e-05
4,UPFC_Vse,5-15,0.06040216188023826,67,0.05985422912105352,WLS,81,0.0005479327591847369
5,UPFC_tse,5-15,-2.1539921584121235,67,-2.1509630278139777,WLS,81,0.0030291305981458017
0,x_tcsc,1-14,-0.11196778276985511,68,-0.11197782552629418,WLS,81,1.0042756439065936e-05
1,B_svc,2,0.18362609338236016,68,0.18327189465115296,WLS,81,0.0003541987312072059
2,UPFC_Vsh,5-15,1.107363545785378,68,1.1082248726377468,WLS,81,0.0008613268523687267
3,UPFC_tsh,5-15,-0.23292785789964415,68,-0.23293119280704588,WLS,81,3.3349074017308133e-06
4,UPFC_Vse,5-15,0.06034873998760781,68,0.05985422912105352,WLS,81,0.0004945108665542902
5,UPFC_tse,5-15,-2.15520736463593,68,-2.1509630278139777,WLS,81,0.004244336821952466
0,x_tcsc,1-14,-0.11195979988127994,69,-0.11197782552629418,WLS,81,1.802564501424131e-05
1,B_svc,2,0.1836821293242552,69,0.18327189465115296,WLS,81,0.0004102346731022499
2,UPFC_Vsh,5-15,1.1075434914624112,69,1.1082248726377468,WLS,81,0.0006813811753356713
3,UPFC_tsh,5-15,-0.2328990778617831,69,-0.23293119280704588,WLS,81,3.211494526278447e-05
4,UPFC_Vse,5-15,0.05978802436818417,69,0.05985422912105352,WLS,81,6.620475286935046e-05
5,UPFC_tse,5-15,-2.160012258652125,69,-2.1509630278139777,WLS,81,0.009049230838147349
0,x_tcsc,1-14,-0.11195700538176656,70,-0.11197782552629418,WLS,81,2.0820144527616824e-05
1,B_svc,2,0.1838099545844007,70,0.18327189465115296,WLS,81,0.0005380599332477365
2,UPFC_Vsh,5-15,1.1075602750608307,70,1.1082248726377468,WLS,81,0.0006645975769161705
3,UPFC_tsh,5-15,-0.23289408405735532,70,-0.23293119280704588,WLS,81,3.7108749690567544e-05
4,UPFC_Vse,5-15,0.06013681209911441,70,0.05985422912105352,WLS,81,0.0002825829780608857
5,UPFC_tse,5-15,-2.154744118374655,70,-2.1509630278139777,WLS,81,0.003781090560677214
0,x_tcsc,1-14,-0.11196938590185032,71,-0.11197782552629418,WLS,81,8.439624443856708e-06
1,B_svc,2,0.18326427098369996,71,0.18327189465115296,WLS,81,7.623667452993921e-06
2,UPFC_Vsh,5-15,1.107763164002883,71,1.1082248726377468,WLS,81,0.00046170863486372227
3,UPFC_tsh,5-15,-0.23297784660391682,71,-0.23293119280704588,WLS,81,4.665379687093796e-05
4,UPFC_Vse,5-15,0.05961394955176916,71,0.05985422912105352,WLS,81,0.00024027956928436567
5,UPFC_tse,5-15,-2.1582482819072597,71,-2.1509630278139777,WLS,81,0.0072852540932819565
0,x_tcsc,1-14,-0.111970428213635,72,-0.11197782552629418,WLS,81,7.397312659182531e-06
1,B_svc,2,0.1831816770298719,72,0.18327189465115296,WLS,81,9.021762128105792e-05
2,UPFC_Vsh,5-15,1.1074228487770459,72,1.1082248726377468,WLS,81,0.00080202386070094
3,UPFC_tsh,5-15,-0.23294436546290234,72,-0.23293119280704588,WLS,81,1.3172655856458215e-05
4,UPFC_Vse,5-15,0.06000326566469299,72,0.05985422912105352,WLS,81,0.000149036543639465
5,UPFC_tse,5-15,-2.1562976878391416,72,-2.1509630278139777,WLS,81,0.0053346600251638066
0,x_tcsc,1-14,-0.11197282564720143,73,-0.11197782552629418,WLS,81,4.9998790927485715e-06
1,B_svc,2,0.18304188161375942,73,0.18327189465115296,WLS,81,0.00023001303739353385
2,UPFC_Vsh,5-15,1.1073784566139582,73,1.1082248726377468,WLS,81,0.0008464160237886542
3,UPFC_tsh,5-15,-0.23292753376525854,73,-0.23293119280704588,WLS,81,3.6590417873405556e-06
4,UPFC_Vse,5-15,0.0603176253722333,73,0.05985422912105352,WLS,81,0.00046339625117977623
5,UPFC_tse,5-15,-2.1548598182238528,73,-2.1509630278139777,WLS,81,0.003896790409875006
0,x_tcsc,1-14,-0.11197729582142438,74,-0.11197782552629418,WLS,81,5.297048698005291e-07
1,B_svc,2,0.18314407648526324,74,0.18327189465115296,WLS,81,0.0001278181658897204
2,UPFC_Vsh,5-15,1.1075506905651302,74,1.1082248726377468,WLS,81,0.0006741820726166026
3,UPFC_tsh,5-15,-0.23294304541446328,74,-0.23293119280704588,WLS,81,1.1852607417400796e-05
4,UPFC_Vse,5-15,0.060295347368302915,74,0.05985422912105352,WLS,81,0.00044111824724939186
5,UPFC_tse,5-15,-2.1530276251248393,74,-2.1509630278139777,WLS,81,0.0020645973108615046
0,x_tcsc,1-14,-0.111966766649364,75,-0.11197782552629418,WLS,81,1.1058876930175598e-05
1,B_svc,2,0.18377298162513575,75,0.18327189465115296,WLS,81,0.000501086973982795
2,UPFC_Vsh,5-15,1.1073901225125353,75,1.1082248726377468,WLS,81,0.000834750125211503
3,UPFC_tsh,5-15,-0.2329756540617646,75,-0.23293119280704588,WLS,81,4.446125471871398e-05
4,UPFC_Vse,5-15,0.060086184833702795,75,0.05985422912105352,WLS,81,0.0002319557126492719
5,UPFC_tse,5-15,-2.156908232291718,75,-2.1509630278139777,WLS,81,0.0059452044777401625
0,x_tcsc,1-14,-0.11196370428238271,76,-0.11197782552629418,WLS,81,1.4121243911466297e-05
1,B_svc,2,0.18343500175607155,76,0.18327189465115296,WLS,81,0.00016310710491859726
2,UPFC_Vsh,5-15,1.1076918969775806,76,1.1082248726377468,WLS,81,0.0005329756601661906
3,UPFC_tsh,5-15,-0.2329028516062626,76,-0.23293119280704588,WLS,81,2.834120078329394e-05
4,UPFC_Vse,5-15,0.060498024498755784,76,0.05985422912105352,WLS,81,0.0006437953777022609
5,UPFC_tse,5-15,-2.1559937563112834,76,-2.1509630278139777,WLS,81,0.005030728497305681
0,x_tcsc,1-14,-0.11198112777323278,77,-0.11197782552629418,WLS,81,3.3022469386051467e-06
1,B_svc,2,0.1833507767989157,77,0.18327189465115296,WLS,81,7.888214776274882e-05
2,UPFC_Vsh,5-15,1.1074375047538636,77,1.1082248726377468,WLS,81,0.0007873678838832276
3,UPFC_tsh,5-15,-0.23293279998307959,77,-0.23293119280704588,WLS,81,1.6071760337021956e-06
4,UPFC_Vse,5-15,0.060316887892274636,77,0.05985422912105352,WLS,81,0.0004626587712211125
5,UPFC_tse,5-15,-2.159104208531325,77,-2.1509630278139777,WLS,81,0.00814118071734704
0,x_tcsc,1-14,-0.11197845269687713,78,-0.11197782552629418,WLS,81,6.271705829535845e-07
1,B_svc,2,0.18306459107240117,78,0.18327189465115296,WLS,81,0.0002073035787517885
2,UPFC_Vsh,5-15,1.107426423335622,78,1.1082248726377468,WLS,81,0.000798449302124915
3,UPFC_tsh,5-15,-0.23284972163413117,78,-0.23293119280704588,WLS,81,8.147117291470996e-05
4,UPFC_Vse,5-15,0.06018790755618079,78,0.05985422912105352,WLS,81,0.00033367843512726453
5,UPFC_tse,5-15,-2.156862401901104,78,-2.1509630278139777,WLS,81,0.005899374087126041
0,x_tcsc,1-14,-0.11198677422555459,79,-0.11197782552629418,WLS,81,8.9486992604082e-06
1,B_svc,2,0.18336015227711397,79,0.18327189465115296,WLS,81,8.82576259610135e-05
2,UPFC_Vsh,5-15,1.1076692205214607,79,1.1082248726377468,WLS,81,0.000555652116286165
3,UPFC_tsh,5-15,-0.23296509433063586,79,-0.23293119280704588,WLS,81,3.3901523589979776e-05
4,UPFC_Vse,5-15,0.060015082635914284,79,0.05985422912105352,WLS,81,0.00016085351486076066
5,UPFC_tse,5-15,-2.1587927156079667,79,-2.1509630278139777,WLS,81,0.00782968779398896
0,x_tcsc,1-14,-0.1119632507936239,80,-0.11197782552629418,WLS,81,1.4574732670274981e-05
1,B_svc,2,0.18321168801211163,80,0.18327189465115296,WLS,81,6.020663904132695e-05
2,UPFC_Vsh,5-15,1.107452645132935,80,1.1082248726377468,WLS,81,0.0007722275048118732
3,UPFC_tsh,5-15,-0.23299015609626492,80,-0.23293119280704588,WLS,81,5.896328921903282e-05
4,UPFC_Vse,5-15,0.06004592004039214,80,0.05985422912105352,WLS,81,0.00019169091933861349
5,UPFC_tse,5-15,-2.157404843198039,80,-2.1509630278139777,WLS,81,0.0064418153840613
0,x_tcsc,1-14,-0.11197969672087282,81,-0.11197782552629418,WLS,81,1.8711945786453743e-06
1,B_svc,2,0.1828227895349264,81,0.18327189465115296,WLS,81,0.00044910511622656135
2,UPFC_Vsh,5-15,1.1075145742012238,81,1.1082248726377468,WLS,81,0.000710298436523038
3,UPFC_tsh,5-15,-0.23293491387352358,81,-0.23293119280704588,WLS,81,3.721066477696544e-06
4,UPFC_Vse,5-15,0.06064120999790786,81,0.05985422912105352,WLS,81,0.0007869808768543388
5,UPFC_tse,5-15,-2.1547088429350265,81,-2.1509630278139777,WLS,81,0.003745815121048768
0,x_tcsc,1-14,-0.1119689082410976,82,-0.11197782552629418,WLS,81,8.917285196571867e-06
1,B_svc,2,0.1831712404500815,82,0.18327189465115296,WLS,81,0.00010065420107144285
2,UPFC_Vsh,5-15,1.1078319538925332,82,1.1082248726377468,WLS,81,0.0003929187452136329
3,UPFC_tsh,5-15,-0.2328898888892436,82,-0.23293119280704588,WLS,81,4.130391780227116e-05
4,UPFC_Vse,5-15,0.05995800078382937,82,0.05985422912105352,WLS,81,0.00010377166277584365
5,UPFC_tse,5-15,-2.1550593495509958,82,-2.1509630278139777,WLS,81,0.004096321737018016
0,x_tcsc,1-14,-0.11195009867169865,83,-0.11197782552629418,WLS,81,2.772685459552504e-05
1,B_svc,2,0.18330387625149608,83,0.18327189465115296,WLS,81,3.198160034312281e-05
2,UPFC_Vsh,5-15,1.108045092739568,83,1.1082248726377468,WLS,81,0.00017977989817885565
3,UPFC_tsh,5-15,-0.2329034800086419,83,-0.23293119280704588,WLS,81,2.7712798403994876e-05
4,UPFC_Vse,5-15,0.060330918365371015,83,0.05985422912105352,WLS,81,0.0004766892443174922
5,UPFC_tse,5-15,-2.155927942026666,83,-2.1509630278139777,WLS,81,0.004964914212688409
0,x_tcsc,1-14,-0.11196195437551781,84,-0.11197782552629418,WLS,81,1.587115077636425e-05
1,B_svc,2,0.18339928258185947,84,0.18327189465115296,WLS,81,0.00012738793070651844
2,UPFC_Vsh,5-15,1.1075108214666587,84,1.1082248726377468,WLS,81,0.000714051171088137
3,UPFC_tsh,5-15,-0.2328840078670773,84,-0.23293119280704588,WLS,81,4.7184939968580863e-05
4,UPFC_Vse,5-15,0.06003326819750353,84,0.05985422912105352,WLS,81,0.00017903907645000494
5,UPFC_tse,5-15,-2.155232172155076,84,-2.1509630278139777,WLS,81,0.004269144341098041
0,x_tcsc,1-14,-0.11197030644735917,85,-0.11197782552629418,WLS,81,7.519078935008805e-06
1,B_svc,2,0.18313661671286746,85,0.18327189465115296,WLS,81,0.00013527793828549406
2,UPFC_Vsh,5-15,1.1075066678669894,85,1.1082248726377468,WLS,81,0.0007182047707574579
3,UPFC_tsh,5-15,-0.23295384032503424,85,-0.23293119280704588,WLS,81,2.2647517988361177e-05
4,UPFC_Vse,5-15,0.06025684037944691,85,0.05985422912105352,WLS,81,0.0004026112583933872
5,UPFC_tse,5-15,-2.1545590213644554,85,-2.1509630278139777,WLS,81,0.003595993550477683
0,x_tcsc,1-14,-0.11195975196234152,86,-0.11197782552629418,WLS,81,1.8073563952655802e-05
1,B_svc,2,0.1831308544088077,86,0.18327189465115296,WLS,81,0.0001410402423452639
2,UPFC_Vsh,5-15,1.1075258786069695,86,1.1082248726377468,WLS,81,0.0006989940307773335
3,UPFC_tsh,5-15,-0.23292550724016456,86,-0.23293119280704588,WLS,81,5.685566881324933e-06
4,UPFC_Vse,5-15,0.06044800981715815,86,0.05985422912105352,WLS,81,0.0005937806961046274
5,UPFC_tse,5-15,-2.152118294484146,86,-2.1509630278139777,WLS,81,0.001155266670168409
0,x_tcsc,1-14,-0.11196882963049486,87,-0.11197782552629418,WLS,81,8.995895799321363e-06
1,B_svc,2,0.1830376275737034,87,0.18327189465115296,WLS,81,0.000234267077449557
2,UPFC_Vsh,5-15,1.107741143716209,87,1.1082248726377468,WLS,81,0.0004837289215378071
3,UPFC_tsh,5-15,-0.2329325495924736,87,-0.23293119280704588,WLS,81,1.3567854277030111e-06
4,UPFC_Vse,5-15,0.060270463694447204,87,0.05985422912105352,WLS,81,0.0004162345733936812
5,UPFC_tse,5-15,-2.155296852260009,87,-2.1509630278139777,WLS,81,0.004333824446031365
0,x_tcsc,1-14,-0.11196652394885068,88,-0.11197782552629418,WLS,81,1.130157744350102e-05
1,B_svc,2,0.18306195695633962,88,0.18327189465115296,WLS,81,0.00020993769481333913
2,UPFC_Vsh,5-15,1.107234112508083,88,1.1082248726377468,WLS,81,0.0009907601296639257
3,UPFC_tsh,5-15,-0.2330091575017986,88,-0.23293119280704588,WLS,81,7.79646947527135e-05
4,UPFC_Vse,5-15,0.05986161889354058,88,0.05985422912105352,WLS,81,7.389772487056967e-06
5,UPFC_tse,5-15,-2.160091305517115,88,-2.1509630278139777,WLS,81,0.0091282777031374
0,x_tcsc,1-14,-0.11197724269553895,89,-0.11197782552629418,WLS,81,5.828307552274703e-07
1,B_svc,2,0.1829710190477722,89,0.18327189465115296,WLS,81,0.000300875603380768
2,UPFC_Vsh,5-15,1.1074879056904103,89,1.1082248726377468,WLS,81,0.0007369669473364926
3,UPFC_tsh,5-15,-0.23297729102925518,89,-0.23293119280704588,WLS,81,4.609822220930093e-05
4,UPFC_Vse,5-15,0.06001157036729503,89,0.05985422912105352,WLS,81,0.0001573412462415047
5,UPFC_tse,5-15,-2.1577544165786784,89,-2.1509630278139777,WLS,81,0.0067913887647006455
0,x_tcsc,1-14,-0.11196034177244174,90,-0.11197782552629418,WLS,81,1.74837538524375e-05
1,B_svc,2,0.1836679334950185,90,0.18327189465115296,WLS,81,0.0003960388438655482
2,UPFC_Vsh,5-15,1.1076298160773212,90,1.1082248726377468,WLS,81,0.0005950565604255775
3,UPFC_tsh,5-15,-0.23298249366226628,90,-0.23293119280704588,WLS,81,5.130085522039862e-05
4,UPFC_Vse,5-15,0.059759112268344905,90,0.05985422912105352,WLS,81,9.511685270861825e-05
5,UPFC_tse,5-15,-2.1577450870342485,90,-2.1509630278139777,WLS,81,0.006782059220270753
0,x_tcsc,1-14,-0.11196733823598815,91,-0.11197782552629418,WLS,81,1.0487290306032682e-05
1,B_svc,2,0.18284624161335156,91,0.18327189465115296,WLS,81,0.00042565303780139896
2,UPFC_Vsh,5-15,1.107750973898074,91,1.1082248726377468,WLS,81,0.0004738987396728511
3,UPFC_tsh,5-15,-0.23294903077802012,91,-0.23293119280704588,WLS,81,1.7837970974238226e-05
4,UPFC_Vse,5-15,0.06036618128023707,91,0.05985422912105352,WLS,81,0.0005119521591835444
5,UPFC_tse,5-15,-2.154108202789885,91,-2.1509630278139777,WLS,81,0.00314517497590705
0,x_tcsc,1-14,-0.11195849243347768,92,-0.11197782552629418,WLS,81,1.9333092816500863e-05
1,B_svc,2,0.18330881232481175,92,0.18327189465115296,WLS,81,3.691767365879284e-05
2,UPFC_Vsh,5-15,1.1076232225140712,92,1.1082248726377468,WLS,81,0.0006016501236756344
3,UPFC_tsh,5-15,-0.23292331567066482,92,-0.23293119280704588,WLS,81,7.877136381062577e-06
4,UPFC_Vse,5-15,0.060252531931617066,92,0.05985422912105352,WLS,81,0.00039830281056354305
5,UPFC_tse,5-15,-2.1547781051182513,92,-2.1509630278139777,WLS,81,0.003815077304273551
0,x_tcsc,1-14,-0.11198461805843823,93,-0.11197782552629418,WLS,81,6.792532144056507e-06
1,B_svc,2,0.18286211923969084,93,0.18327189465115296,WLS,81,0.0004097754114621155
2,UPFC_Vsh,5-15,1.1073496221579284,93,1.1082248726377468,WLS,81,0.0008752504798184013
3,UPFC_tsh,5-15,-0.23298467464395378,93,-0.23293119280704588,WLS,81,5.3481836907898206e-05
4,UPFC_Vse,5-15,0.060591710221711226,93,0.05985422912105352,WLS,81,0.0007374811006577026
5,UPFC_tse,5-15,-2.1549103973496764,93,-2.1509630278139777,WLS,81,0.0039473695356986305
0,x_tcsc,1-14,-0.11198341026310663,94,-0.11197782552629418,WLS,81,5.584736812447311e-06
1,B_svc,2,0.18300690613278187,94,0.18327189465115296,WLS,81,0.00026498851837108983
2,UPFC_Vsh,5-15,1.1076799589077053,94,1.1082248726377468,WLS,81,0.0005449137300415074
3,UPFC_tsh,5-15,-0.23285572711742186,94,-0.23293119280704588,WLS,81,7.546568962402134e-05
4,UPFC_Vse,5-15,0.059635771912317066,94,0.05985422912105352,WLS,81,0.00021845720873645696
5,UPFC_tse,5-15,-2.1558889643571924,94,-2.1509630278139777,WLS,81,0.004925936543214604
0,x_tcsc,1-14,-0.11195977396987139,95,-0.11197782552629418,WLS,81,1.8051556422787884e-05
1,B_svc,2,0.18346121374030006,95,0.18327189465115296,WLS,81,0.00018931908914709972
2,UPFC_Vsh,5-15,1.1076160507646358,95,1.1082248726377468,WLS,81,0.0006088218731110651
3,UPFC_tsh,5-15,-0.23288869991367336,95,-0.23293119280704588,WLS,81,4.2492893372519935e-05
4,UPFC_Vse,5-15,0.06003230016164078,95,0.05985422912105352,WLS,81,0.00017807104058725765
5,UPFC_tse,5-15,-2.154196423261671,95,-2.1509630278139777,WLS,81,0.003233395447693077
0,x_tcsc,1-14,-0.11195383954594103,96,-0.11197782552629418,WLS,81,2.3985980353150027e-05
1,B_svc,2,0.18396688193009744,96,0.18327189465115296,WLS,81,0.0006949872789444866
2,UPFC_Vsh,5-15,1.1070822802598148,96,1.1082248726377468,WLS,81,0.0011425923779320168
3,UPFC_tsh,5-15,-0.23297233161819283,96,-0.23293119280704588,WLS,81,4.113881114695128e-05
4,UPFC_Vse,5-15,0.06011142234763705,96,0.05985422912105352,WLS,81,0.00025719322658352556
5,UPFC_tse,5-15,-2.1573488908141307,96,-2.1509630278139777,WLS,81,0.00638586300015298
0,x_tcsc,1-14,-0.11196637698908629,97,-0.11197782552629418,WLS,81,1.1448537207886522e-05
1,B_svc,2,0.1835014623992457,97,0.18327189465115296,WLS,81,0.0002295677480927405
2,UPFC_Vsh,5-15,1.1075999132947485,97,1.1082248726377468,WLS,81,0.0006249593429983324
3,UPFC_tsh,5-15,-0.2329154404348837,97,-0.23293119280704588,WLS,81,1.575237216216996e-05
4,UPFC_Vse,5-15,0.059793381396075714,97,0.05985422912105352,WLS,81,6.0847724977809714e-05
5,UPFC_tse,5-15,-2.155304628414344,97,-2.1509630278139777,WLS,81,0.004341600600366036
0,x_tcsc,1-14,-0.11197290495336559,98,-0.11197782552629418,WLS,81,4.920572928585054e-06
1,B_svc,2,0.18349606834412158,98,0.18327189465115296,WLS,81,0.0002241736929686211
2,UPFC_Vsh,5-15,1.1075649069562141,98,1.1082248726377468,WLS,81,0.0006599656815327037
3,UPFC_tsh,5-15,-0.2328929090240322,98,-0.23293119280704588,WLS,81,3.828378301368174e-05
4,UPFC_Vse,5-15,0.06000439763860638,98,0.05985422912105352,WLS,81,0.00015016851755285388
5,UPFC_tse,5-15,-2.158508081969335,98,-2.1509630278139777,WLS,81,0.007545054155357445
0,x_tcsc,1-14,-0.1119622421194658,99,-0.11197782552629418,WLS,81,1.5583406828376112e-05
1,B_svc,2,0.18320859570222559,99,0.18327189465115296,WLS,81,6.329894892737054e-05
2,UPFC_Vsh,5-15,1.107641765054653,99,1.1082248726377468,WLS,81,0.0005831075830937671
3,UPFC_tsh,5-15,-0.23292575288653133,99,-0.23293119280704588,WLS,81,5.439920514549446e-06
4,UPFC_Vse,5-15,0.060242773294180194,99,0.05985422912105352,WLS,81,0.00038854417312667033
5,UPFC_tse,5-15,-2.156182155092247,99,-2.1509630278139777,WLS,81,0.00521912727826912
0,x_tcsc,1-14,-0.11339014475090611,0,-0.11343766201860646,WLS,83,4.751726770034492e-05
1,B_svc,2,0.18599453968038648,0,0.18585459451092773,WLS,83,0.00013994516945875501
2,UPFC_Vsh,5-15,1.1078484393756047,0,1.107960640615965,WLS,83,0.00011220124036026569
3,UPFC_tsh,5-15,-0.23174851514042982,0,-0.23175616849637212,WLS,83,7.653355942299767e-06
4,UPFC_Vse,5-15,0.05978819394457078,0,0.05934732149219731,WLS,83,0.00044087245237346695
5,UPFC_tse,5-15,-2.159682183417453,0,-2.14593070102627,WLS,83,0.013751482391183067
0,x_tcsc,1-14,-0.11340798113317374,1,-0.11343766201860646,WLS,83,2.9680885432717408e-05
1,B_svc,2,0.18600870984630785,1,0.18585459451092773,WLS,83,0.0001541153353801228
2,UPFC_Vsh,5-15,1.1075094523193618,1,1.107960640615965,WLS,83,0.0004511882966031777
3,UPFC_tsh,5-15,-0.23176171991946576,1,-0.23175616849637212,WLS,83,5.551423093635988e-06
4,UPFC_Vse,5-15,0.060423304119325234,1,0.05934732149219731,WLS,83,0.0010759826271279221
5,UPFC_tse,5-15,-2.154424505624096,1,-2.14593070102627,WLS,83,0.008493804597826227
0,x_tcsc,1-14,-0.11340909341731896,2,-0.11343766201860646,WLS,83,2.8568601287498607e-05
1,B_svc,2,0.1858592270631562,2,0.18585459451092773,WLS,83,4.632552228461817e-06
2,UPFC_Vsh,5-15,1.1075072935836365,2,1.107960640615965,WLS,83,0.00045334703232846607
3,UPFC_tsh,5-15,-0.2317356739865503,2,-0.23175616849637212,WLS,83,2.049450982183343e-05
4,UPFC_Vse,5-15,0.06048559977693019,2,0.05934732149219731,WLS,83,0.0011382782847328757
5,UPFC_tse,5-15,-2.1514796484552154,2,-2.14593070102627,WLS,83,0.0055489474289456275
0,x_tcsc,1-14,-0.11341446887590251,3,-0.11343766201860646,WLS,83,2.3193142703950564e-05
1,B_svc,2,0.18638824070278587,3,0.18585459451092773,WLS,83,0.0005336461918581392
2,UPFC_Vsh,5-15,1.1076464173305984,3,1.107960640615965,WLS,83,0.0003142232853665661
3,UPFC_tsh,5-15,-0.23173194322803956,3,-0.23175616849637212,WLS,83,2.4225268332567218e-05
4,UPFC_Vse,5-15,0.06013742831186367,3,0.05934732149219731,WLS,83,0.0007901068196663544
5,UPFC_tse,5-15,-2.15495583846629,3,-2.14593070102627,WLS,83,0.009025137440020092
0,x_tcsc,1-14,-0.11339951526947525,4,-0.11343766201860646,WLS,83,3.8146749131204305e-05
1,B_svc,2,0.18670032715846113,4,0.18585459451092773,WLS,83,0.0008457326475334037
2,UPFC_Vsh,5-15,1.1075388612665409,4,1.107960640615965,WLS,83,0.00042177934942411177
3,UPFC_tsh,5-15,-0.23165233567559937,4,-0.23175616849637212,WLS,83,0.00010383282077275346
4,UPFC_Vse,5-15,0.059822896179018946,4,0.05934732149219731,WLS,83,0.00047557468682163373
5,UPFC_tse,5-15,-2.1572785565971544,4,-2.14593070102627,WLS,83,0.01134785557088458
0,x_tcsc,1-14,-0.11340812480574462,5,-0.11343766201860646,WLS,83,2.9537212861835416e-05
1,B_svc,2,0.18581578966815362,5,0.18585459451092773,WLS,83,3.88048427741039e-05
2,UPFC_Vsh,5-15,1.1075196931265492,5,1.107960640615965,WLS,83,0.0004409474894158105
3,UPFC_tsh,5-15,-0.23176201710005723,5,-0.23175616849637212,WLS,83,5.8486036851046475e-06
4,UPFC_Vse,5-15,0.06031488506519457,5,0.05934732149219731,WLS,83,0.0009675635729972584
5,UPFC_tse,5-15,-2.1550173691394825,5,-2.14593070102627,WLS,83,0.009086668113212681
0,x_tcsc,1-14,-0.11340827454399897,6,-0.11343766201860646,WLS,83,2.9387474607484032e-05
1,B_svc,2,0.18599381264898096,6,0.18585459451092773,WLS,83,0.00013921813805323202
2,UPFC_Vsh,5-15,1.107445893659758,6,1.107960640615965,WLS,83,0.0005147469562070128
3,UPFC_tsh,5-15,-0.2317475423857335,6,-0.23175616849637212,WLS,83,8.626110638620954e-06
4,UPFC_Vse,5-15,0.05985049331085497,6,0.05934732149219731,WLS,83,0.0005031718186576592
5,UPFC_tse,5-15,-2.1550629901810163,6,-2.14593070102627,WLS,83,0.009132289154746509
0,x_tcsc,1-14,-0.11339138373434984,7,-0.11343766201860646,WLS,83,4.6278284256615065e-05
1,B_svc,2,0.1860970647065468,7,0.18585459451092773,WLS,83,0.00024247019561907113
2,UPFC_Vsh,5-15,1.1074588324611858,7,1.107960640615965,WLS,83,0.000501808154779182
3,UPFC_tsh,5-15,-0.23173581330251924,7,-0.23175616849637212,WLS,83,2.0355193852877873e-05
4,UPFC_Vse,5-15,0.06006912676470256,7,0.05934732149219731,WLS,83,0.0007218052725052465
5,UPFC_tse,5-15,-2.1554093862950063,7,-2.14593070102627,WLS,83,0.00947868526873652
0,x_tcsc,1-14,-0.1133928355789773,8,-0.11343766201860646,WLS,83,4.4826439629164216e-05
1,B_svc,2,0.18595306268845374,8,0.18585459451092773,WLS,83,9.846817752601211e-05
2,UPFC_Vsh,5-15,1.107789191137812,8,1.107960640615965,WLS,83,0.00017144947815306288
3,UPFC_tsh,5-15,-0.23171874862712558,8,-0.23175616849637212,WLS,83,3.741986924654661e-05
4,UPFC_Vse,5-15,0.05985780135352516,8,0.05934732149219731,WLS,83,0.0005104798613278505
5,UPFC_tse,5-15,-2.1548364915522162,8,-2.14593070102627,WLS,83,0.008905790525946422
0,x_tcsc,1-14,-0.1134192363052701,9,-0.11343766201860646,WLS,83,1.842571333636467e-05
1,B_svc,2,0.18604846416433649,9,0.18585459451092773,WLS,83,0.00019386965340875695
2,UPFC_Vsh,5-15,1.1072566875383676,9,1.107960640615965,WLS,83,0.0007039530775974079
3,UPFC_tsh,5-15,-0.2317600048322235,9,-0.23175616849637212,WLS,83,3.836335851381545e-06
4,UPFC_Vse,5-15,0.06020998606786551,9,0.05934732149219731,WLS,83,0.0008626645756681997
5,UPFC_tse,5-15,-2.1530478294980053,9,-2.14593070102627,WLS,83,0.007117128471735512
0,x_tcsc,1-14,-0.11340998134245232,10,-0.11343766201860646,WLS,83,2.768067615413483e-05
1,B_svc,2,0.18595082301676505,10,0.18585459451092773,WLS,83,9.622850583732023e-05
2,UPFC_Vsh,5-15,1.1076536700341912,10,1.107960640615965,WLS,83,0.0003069705817737578
3,UPFC_tsh,5-15,-0.2317314266533982,10,-0.23175616849637212,WLS,83,2.4741842973935446e-05
4,UPFC_Vse,5-15,0.06070582362355284,10,0.05934732149219731,WLS,83,0.0013585021313555282
5,UPFC_tse,5-15,-2.1521177321352214,10,-2.14593070102627,WLS,83,0.0061870311089515795
0,x_tcsc,1-14,-0.11341239696178353,11,-0.11343766201860646,WLS,83,2.5265056822931786e-05
1,B_svc,2,0.18611335681965294,11,0.18585459451092773,WLS,83,0.0002587623087252078
2,UPFC_Vsh,5-15,1.1076541409630989,11,1.107960640615965,WLS,83,0.00030649965286611014
3,UPFC_tsh,5-15,-0.23168929102979252,11,-0.23175616849637212,WLS,83,6.687746657960125e-05
4,UPFC_Vse,5-15,0.05993541793005913,11,0.05934732149219731,WLS,83,0.0005880964378618195
5,UPFC_tse,5-15,-2.1517498164581803,11,-2.14593070102627,WLS,83,0.005819115431910493
0,x_tcsc,1-14,-0.11339843591897512,12,-0.11343766201860646,WLS,83,3.922609963133428e-05
1,B_svc,2,0.18571801457768738,12,0.18585459451092773,WLS,83,0.0001365799332403439
2,UPFC_Vsh,5-15,1.1074453088625056,12,1.107960640615965,WLS,83,0.0005153317534594137
3,UPFC_tsh,5-15,-0.23171162956611052,12,-0.23175616849637212,WLS,83,4.453893026160061e-05
4,UPFC_Vse,5-15,0.06055859430364236,12,0.05934732149219731,WLS,83,0.0012112728114450494
5,UPFC_tse,5-15,-2.1486719220901858,12,-2.14593070102627,WLS,83,0.002741221063915944
0,x_tcsc,1-14,-0.11339767983204911,13,-0.11343766201860646,WLS,83,3.9982186557346866e-05
1,B_svc,2,0.1859081130440544,13,0.18585459451092773,WLS,83,5.351853312668409e-05
2,UPFC_Vsh,5-15,1.1074955205237074,13,1.107960640615965,WLS,83,0.0004651200922576315
3,UPFC_tsh,5-15,-0.23170101667362253,13,-0.23175616849637212,WLS,83,5.515182274959396e-05
4,UPFC_Vse,5-15,0.05975657066136717,13,0.05934732149219731,WLS,83,0.0004092491691698591
5,UPFC_tse,5-15,-2.154809836979916,13,-2.14593070102627,WLS,83,0.008879135953645978
0,x_tcsc,1-14,-0.11341113854311247,14,-0.11343766201860646,WLS,83,2.652347549399192e-05
1,B_svc,2,0.18630649767347407,14,0.18585459451092773,WLS,83,0.000451903162546341
2,UPFC_Vsh,5-15,1.1075778176850195,14,1.107960640615965,WLS,83,0.00038282293094549225
3,UPFC_tsh,5-15,-0.23174338814345488,14,-0.23175616849637212,WLS,83,1.2780352917241e-05
4,UPFC_Vse,5-15,0.0601061223369094,14,0.05934732149219731,WLS,83,0.0007588008447120889
5,UPFC_tse,5-15,-2.1547922314386825,14,-2.14593070102627,WLS,83,0.008861530412412666
0,x_tcsc,1-14,-0.11339419188274788,15,-0.11343766201860646,WLS,83,4.3470135858578174e-05
1,B_svc,2,0.18568140075015013,15,0.18585459451092773,WLS,83,0.00017319376077759574
2,UPFC_Vsh,5-15,1.107523916419459,15,1.107960640615965,WLS,83,0.0004367241965059776
3,UPFC_tsh,5-15,-0.23175266675143066,15,-0.23175616849637212,WLS,83,3.5017449414587176e-06
4,UPFC_Vse,5-15,0.05977946134230494,15,0.05934732149219731,WLS,83,0.0004321398501076282
5,UPFC_tse,5-15,-2.153257039942061,15,-2.14593070102627,WLS,83,0.007326338915791375
0,x_tcsc,1-14,-0.11342063371540445,16,-0.11343766201860646,WLS,83,1.7028303202007433e-05
1,B_svc,2,0.18629581655609861,16,0.18585459451092773,WLS,83,0.0004412220451708859
2,UPFC_Vsh,5-15,1.1073666329669654,16,1.107960640615965,WLS,83,0.0005940076489996393
3,UPFC_tsh,5-15,-0.23177465304388,16,-0.23175616849637212,WLS,83,1.8484547507885418e-05
4,UPFC_Vse,5-15,0.060599441068565546,16,0.05934732149219731,WLS,83,0.0012521195763682338
5,UPFC_tse,5-15,-2.1548155407049685,16,-2.14593070102627,WLS,83,0.008884839678698686
0,x_tcsc,1-14,-0.11340308184126704,17,-0.11343766201860646,WLS,83,3.458017733941332e-05
1,B_svc,2,0.1861210428095982,17,0.18585459451092773,WLS,83,0.0002664482986704797
2,UPFC_Vsh,5-15,1.1071760756282663,17,1.107960640615965,WLS,83,0.0007845649876987437
3,UPFC_tsh,5-15,-0.2317349874597611,17,-0.23175616849637212,WLS,83,2.118103661102877e-05
4,UPFC_Vse,5-15,0.060003228939825945,17,0.05934732149219731,WLS,83,0.0006559074476286328
5,UPFC_tse,5-15,-2.1517028457890524,17,-2.14593070102627,WLS,83,0.005772144762782538
0,x_tcsc,1-14,-0.11339541566122902,18,-0.11343766201860646,WLS,83,4.224635737744287e-05
1,B_svc,2,0.186212571874261,18,0.18585459451092773,WLS,83,0.0003579773633332617
2,UPFC_Vsh,5-15,1.1073261958507625,18,1.107960640615965,WLS,83,0.0006344447652024687
3,UPFC_tsh,5-15,-0.23172735904911324,18,-0.23175616849637212,WLS,83,2.8809447258887344e-05
4,UPFC_Vse,5-15,0.05988878422544301,18,0.05934732149219731,WLS,83,0.0005414627332456998
5,UPFC_tse,5-15,-2.1546628535266543,18,-2.14593070102627,WLS,83,0.008732152500384505
0,x_tcsc,1-14,-0.11340568541321838,19,-0.11343766201860646,WLS,83,3.197660538807601e-05
1,B_svc,2,0.1857926429549532,19,0.18585459451092773,WLS,83,6.195155597452096e-05
2,UPFC_Vsh,5-15,1.1076410208763368,19,1.107960640615965,WLS,83,0.00031961973962824075
3,UPFC_tsh,5-15,-0.23172857090930676,19,-0.23175616849637212,WLS,83,2.7597587065358864e-05
4,UPFC_Vse,5-15,0.060182065550024005,19,0.05934732149219731,WLS,83,0.0008347440578266932
5,UPFC_tse,5-15,-2.1544541185733093,19,-2.14593070102627,WLS,83,0.008523417547039447
0,x_tcsc,1-14,-0.11339613420884184,20,-0.11343766201860646,WLS,83,4.152780976461601e-05
1,B_svc,2,0.18594018497619372,20,0.18585459451092773,WLS,83,8.55904652659889e-05
2,UPFC_Vsh,5-15,1.1076891053994606,20,1.107960640615965,WLS,83,0.0002715352165043594
3,UPFC_tsh,5-15,-0.23175144336248085,20,-0.23175616849637212,WLS,83,4.725133891270161e-06
4,UPFC_Vse,5-15,0.05999463809173546,20,0.05934732149219731,WLS,83,0.0006473165995381502
5,UPFC_tse,5-15,-2.1577285020108357,20,-2.14593070102627,WLS,83,0.011797800984565843
0,x_tcsc,1-14,-0.11341078284106881,21,-0.11343766201860646,WLS,83,2.6879177537644794e-05
1,B_svc,2,0.1858417820390787,21,0.18585459451092773,WLS,83,1.2812471849033003e-05
2,UPFC_Vsh,5-15,1.1077321678645176,21,1.107960640615965,WLS,83,0.0002284727514474394
3,UPFC_tsh,5-15,-0.23168249542983746,21,-0.23175616849637212,WLS,83,7.367306653466299e-05
4,UPFC_Vse,5-15,0.05987441545454978,21,0.05934732149219731,WLS,83,0.0005270939623524679
5,UPFC_tse,5-15,-2.154638668358514,21,-2.14593070102627,WLS,83,0.008707967332244326
0,x_tcsc,1-14,-0.11340331670603807,22,-0.11343766201860646,WLS,83,3.4345312568392905e-05
1,B_svc,2,0.18606104488858902,22,0.18585459451092773,WLS,83,0.00020645037766128804
2,UPFC_Vsh,5-15,1.107270198316633,22,1.107960640615965,WLS,83,0.0006904422993319059
3,UPFC_tsh,5-15,-0.2317874101584307,22,-0.23175616849637212,WLS,83,3.12416620585898e-05
4,UPFC_Vse,5-15,0.059716366359577736,22,0.05934732149219731,WLS,83,0.00036904486738042336
5,UPFC_tse,5-15,-2.1552119296399614,22,-2.14593070102627,WLS,83,0.009281228613691628
0,x_tcsc,1-14,-0.11340932361729704,23,-0.11343766201860646,WLS,83,2.8338401309419003e-05
1,B_svc,2,0.18599216949977956,23,0.18585459451092773,WLS,83,0.00013757498885183517
2,UPFC_Vsh,5-15,1.10740258542833,23,1.107960640615965,WLS,83,0.0005580551876349649
3,UPFC_tsh,5-15,-0.23178698432827605,23,-0.23175616849637212,WLS,83,3.081583190392423e-05
4,UPFC_Vse,5-15,0.06021451026902674,23,0.05934732149219731,WLS,83,0.0008671887768294251
5,UPFC_tse,5-15,-2.1558830699789793,23,-2.14593070102627,WLS,83,0.009952368952709456
0,x_tcsc,1-14,-0.11338812477021772,24,-0.11343766201860646,WLS,83,4.9537248388742405e-05
1,B_svc,2,0.18591102804112528,24,0.18585459451092773,WLS,83,5.6433530197547155e-05
2,UPFC_Vsh,5-15,1.1076188567617862,24,1.107960640615965,WLS,83,0.0003417838541788232
3,UPFC_tsh,5-15,-0.2317124167746362,24,-0.23175616849637212,WLS,83,4.375172173592956e-05
4,UPFC_Vse,5-15,0.05986247568859523,24,0.05934732149219731,WLS,83,0.0005151541963979156
5,UPFC_tse,5-15,-2.156261796551313,24,-2.14593070102627,WLS,83,0.010331095525043299
0,x_tcsc,1-14,-0.11339839633673791,25,-0.11343766201860646,WLS,83,3.92656818685444e-05
1,B_svc,2,0.18599863226523225,25,0.18585459451092773,WLS,83,0.00014403775430452126
2,UPFC_Vsh,5-15,1.1077011606748632,25,1.107960640615965,WLS,83,0.000259479941101759
3,UPFC_tsh,5-15,-0.2317347016743,25,-0.23175616849637212,WLS,83,2.1466822072130354e-05
4,UPFC_Vse,5-15,0.06013606495944511,25,0.05934732149219731,WLS,83,0.0007887434672477975
5,UPFC_tse,5-15,-2.1573478098210663,25,-2.14593070102627,WLS,83,0.011417108794796516
0,x_tcsc,1-14,-0.1133876522477698,26,-0.11343766201860646,WLS,83,5.0009770836662026e-05
1,B_svc,2,0.18617745179370726,26,0.18585459451092773,WLS,83,0.00032285728277953174
2,UPFC_Vsh,5-15,1.1075728922554549,26,1.107960640615965,WLS,83,0.00038774836051014283
3,UPFC_tsh,5-15,-0.23170290931842255,26,-0.23175616849637212,WLS,83,5.325917794957169e-05
4,UPFC_Vse,5-15,0.060204539505054055,26,0.05934732149219731,WLS,83,0.0008572180128567433
5,UPFC_tse,5-15,-2.1578641651418597,26,-2.14593070102627,WLS,83,0.011933464115589931
0,x_tcsc,1-14,-0.11340178954047038,27,-0.11343766201860646,WLS,83,3.5872478136078634e-05
1,B_svc,2,0.18639923609569634,27,0.18585459451092773,WLS,83,0.000544641584768607
2,UPFC_Vsh,5-15,1.10740966939232,27,1.107960640615965,WLS,83,0.0005509712236448916
3,UPFC_tsh,5-15,-0.23179323342860497,27,-0.23175616849637212,WLS,83,3.706493223284979e-05
4,UPFC_Vse,5-15,0.06032139823748208,27,0.05934732149219731,WLS,83,0.0009740767452847687
5,UPFC_tse,5-15,-2.154689079720428,27,-2.14593070102627,WLS,83,0.008758378694158075
0,x_tcsc,1-14,-0.11340079744486141,28,-0.11343766201860646,WLS,83,3.6864573745049034e-05
1,B_svc,2,0.18575102612009356,28,0.18585459451092773,WLS,83,0.00010356839083416891
2,UPFC_Vsh,5-15,1.1076481117737236,28,1.107960640615965,WLS,83,0.00031252884224142186
3,UPFC_tsh,5-15,-0.23178088393830507,28,-0.23175616849637212,WLS,83,2.4715441932943172e-05
4,UPFC_Vse,5-15,0.06003241794612269,28,0.05934732149219731,WLS,83,0.0006850964539253795
5,UPFC_tse,5-15,-2.156552191241238,28,-2.14593070102627,WLS,83,0.010621490214968166
0,x_tcsc,1-14,-0.11342092280083618,29,-0.11343766201860646,WLS,83,1.673921777027576e-05
1,B_svc,2,0.18566393184915383,29,0.18585459451092773,WLS,83,0.0001906626617738938
2,UPFC_Vsh,5-15,1.107385668933295,29,1.107960640615965,WLS,83,0.0005749716826699558
3,UPFC_tsh,5-15,-0.23167575650037142,29,-0.23175616849637212,WLS,83,8.041199600070104e-05
4,UPFC_Vse,5-15,0.06031366381750597,29,0.05934732149219731,WLS,83,0.000966342325308657
5,UPFC_tse,5-15,-2.1529283273901982,29,-2.14593070102627,WLS,83,0.006997626363928422
0,x_tcsc,1-14,-0.11339515359391004,30,-0.11343766201860646,WLS,83,4.250842469641358e-05
1,B_svc,2,0.18558240012179242,30,0.18585459451092773,WLS,83,0.0002721943891353107
2,UPFC_Vsh,5-15,1.107259938419971,30,1.107960640615965,WLS,83,0.0007007021959939408
3,UPFC_tsh,5-15,-0.2318147156342597,30,-0.23175616849637212,WLS,83,5.854713788758237e-05
4,UPFC_Vse,5-15,0.06016674012219054,30,0.05934732149219731,WLS,83,0.0008194186299932266
5,UPFC_tse,5-15,-2.1547355824212535,30,-2.14593070102627,WLS,83,0.008804881394983699
0,x_tcsc,1-14,-0.11341067683135392,31,-0.11343766201860646,WLS,83,2.6985187252540066e-05
1,B_svc,2,0.18592638437738948,31,0.18585459451092773,WLS,83,7.178986646175223e-05
2,UPFC_Vsh,5-15,1.1075943325671112,31,1.107960640615965,WLS,83,0.00036630804885384727
3,UPFC_tsh,5-15,-0.23166485265894804,31,-0.23175616849637212,WLS,83,9.1315837424083e-05
4,UPFC_Vse,5-15,0.0599202704332788,31,0.05934732149219731,WLS,83,0.0005729489410814873
5,UPFC_tse,5-15,-2.1565346885234944,31,-2.14593070102627,WLS,83,0.010603987497224576
0,x_tcsc,1-14,-0.1134128009350215,32,-0.11343766201860646,WLS,83,2.486108358495942e-05
1,B_svc,2,0.18590201401745846,32,0.18585459451092773,WLS,83,4.741950653072702e-05
2,UPFC_Vsh,5-15,1.1080716057918316,32,1.107960640615965,WLS,83,0.00011096517586661747
3,UPFC_tsh,5-15,-0.23166928925875885,32,-0.23175616849637212,WLS,83,8.687923761327432e-05
4,UPFC_Vse,5-15,0.059641935399964596,32,0.05934732149219731,WLS,83,0.0002946139077672841
5,UPFC_tse,5-15,-2.156521205077346,32,-2.14593070102627,WLS,83,0.010590504051076088
0,x_tcsc,1-14,-0.11341081643036659,33,-0.11343766201860646,WLS,83,2.6845588239871043e-05
1,B_svc,2,0.18625339061105067,33,0.18585459451092773,WLS,83,0.00039879610012294453
2,UPFC_Vsh,5-15,1.1075628748728454,33,1.107960640615965,WLS,83,0.00039776574311956026
3,UPFC_tsh,5-15,-0.23167563339182626,33,-0.23175616849637212,WLS,83,8.053510454586466e-05
4,UPFC_Vse,5-15,0.06000262548835155,33,0.05934732149219731,WLS,83,0.0006553039961542384
5,UPFC_tse,5-15,-2.1550478770828017,33,-2.14593070102627,WLS,83,0.00911717605653184
0,x_tcsc,1-14,-0.11339706086807111,34,-0.11343766201860646,WLS,83,4.0601150535349295e-05
1,B_svc,2,0.1856515602129487,34,0.18585459451092773,WLS,83,0.00020303429797902117
2,UPFC_Vsh,5-15,1.1074217587503965,34,1.107960640615965,WLS,83,0.0005388818655684968
3,UPFC_tsh,5-15,-0.2317709826666035,34,-0.23175616849637212,WLS,83,1.4814170231386425e-05
4,UPFC_Vse,5-15,0.06004241100731116,34,0.05934732149219731,WLS,83,0.0006950895151138503
5,UPFC_tse,5-15,-2.15514273889856,34,-2.14593070102627,WLS,83,0.009212037872289969
0,x_tcsc,1-14,-0.11339884643344204,35,-0.11343766201860646,WLS,83,3.881558516441452e-05
1,B_svc,2,0.18632763084461154,35,0.18585459451092773,WLS,83,0.0004730363336838128
2,UPFC_Vsh,5-15,1.107749197783309,35,1.107960640615965,WLS,83,0.00021144283265606134
3,UPFC_tsh,5-15,-0.23170330374589426,35,-0.23175616849637212,WLS,83,5.28647504778601e-05
4,UPFC_Vse,5-15,0.0600210062184354,35,0.05934732149219731,WLS,83,0.0006736847262380913
5,UPFC_tse,5-15,-2.1552605490640695,35,-2.14593070102627,WLS,83,0.009329848037799682
0,x_tcsc,1-14,-0.11341634996842354,36,-0.11343766201860646,WLS,83,2.1312050182922815e-05
1,B_svc,2,0.18592252717049232,36,0.18585459451092773,WLS,83,6.793265956459016e-05
2,UPFC_Vsh,5-15,1.107602683796579,36,1.107960640615965,WLS,83,0.00035795681938610713
3,UPFC_tsh,5-15,-0.23170603318902486,36,-0.23175616849637212,WLS,83,5.0135307347265456e-05
4,UPFC_Vse,5-15,0.060241577571287924,36,0.05934732149219731,WLS,83,0.0008942560790906121
5,UPFC_tse,5-15,-2.156763023292182,36,-2.14593070102627,WLS,83,0.010832322265912353
0,x_tcsc,1-14,-0.11339742409806561,37,-0.11343766201860646,WLS,83,4.02379205408504e-05
1,B_svc,2,0.18637269591893577,37,0.18585459451092773,WLS,83,0.0005181014080080371
2,UPFC_Vsh,5-15,1.1078955199890415,37,1.107960640615965,WLS,83,6.51206269235427e-05
3,UPFC_tsh,5-15,-0.23171372799182197,37,-0.23175616849637212,WLS,83,4.2440504550156355e-05
4,UPFC_Vse,5-15,0.05943530116426564,37,0.05934732149219731,WLS,83,8.797967206832652e-05
5,UPFC_tse,5-15,-2.160141549868952,37,-2.14593070102627,WLS,83,0.0142108488426822
0,x_tcsc,1-14,-0.11340061190980129,38,-0.11343766201860646,WLS,83,3.705010880517001e-05
1,B_svc,2,0.18585170490335126,38,0.18585459451092773,WLS,83,2.889607576467279e-06
2,UPFC_Vsh,5-15,1.1076735579266341,38,1.107960640615965,WLS,83,0.0002870826893308642
3,UPFC_tsh,5-15,-0.23170314220316496,38,-0.23175616849637212,WLS,83,5.3026293207164565e-05
4,UPFC_Vse,5-15,0.06021819257107799,38,0.05934732149219731,WLS,83,0.000870871078880675
5,UPFC_tse,5-15,-2.151868096050254,38,-2.14593070102627,WLS,83,0.005937395023984049
0,x_tcsc,1-14,-0.11340767133457805,39,-0.11343766201860646,WLS,83,2.9990684028410874e-05
1,B_svc,2,0.1862766856962586,39,0.18585459451092773,WLS,83,0.0004220911853308751
2,UPFC_Vsh,5-15,1.1079472927200928,39,1.107960640615965,WLS,83,1.3347895872151128e-05
3,UPFC_tsh,5-15,-0.23172539307219042,39,-0.23175616849637212,WLS,83,3.077542418170043e-05
4,UPFC_Vse,5-15,0.0598550917298365,39,0.05934732149219731,WLS,83,0.0005077702376391907
5,UPFC_tse,5-15,-2.1529067052042743,39,-2.14593070102627,WLS,83,0.00697600417800448
0,x_tcsc,1-14,-0.11340898224343467,40,-0.11343766201860646,WLS,83,2.8679775171791544e-05
1,B_svc,2,0.18597044183038725,40,0.18585459451092773,WLS,83,0.00011584731945951665
2,UPFC_Vsh,5-15,1.107654834776127,40,1.107960640615965,WLS,83,0.0003058058398379693
3,UPFC_tsh,5-15,-0.23165169025555937,40,-0.23175616849637212,WLS,83,0.00010447824081274981
4,UPFC_Vse,5-15,0.060200775898207874,40,0.05934732149219731,WLS,83,0.000853454406010562
5,UPFC_tse,5-15,-2.154252876920737,40,-2.14593070102627,WLS,83,0.008322175894467154
0,x_tcsc,1-14,-0.11339464411144333,41,-0.11343766201860646,WLS,83,4.30179071631287e-05
1,B_svc,2,0.1865456940449888,41,0.18585459451092773,WLS,83,0.0006910995340610737
2,UPFC_Vsh,5-15,1.1074610377058598,41,1.107960640615965,WLS,83,0.0004996029101052013
3,UPFC_tsh,5-15,-0.23173312222491513,41,-0.23175616849637212,WLS,83,2.304627145699456e-05
4,UPFC_Vse,5-15,0.060187857963978096,41,0.05934732149219731,WLS,83,0.0008405364717807839
5,UPFC_tse,5-15,-2.156806747841634,41,-2.14593070102627,WLS,83,0.010876046815364138
0,x_tcsc,1-14,-0.1134069094720409,42,-0.11343766201860646,WLS,83,3.075254656555171e-05
1,B_svc,2,0.1859699942988885,42,0.18585459451092773,WLS,83,0.00011539978796076822
2,UPFC_Vsh,5-15,1.1074232621624862,42,1.107960640615965,WLS,83,0.0005373784534787873
3,UPFC_tsh,5-15,-0.23173367536252767,42,-0.23175616849637212,WLS,83,2.2493133844447843e-05
4,UPFC_Vse,5-15,0.06005064890121414,42,0.05934732149219731,WLS,83,0.0007033274090168309
5,UPFC_tse,5-15,-2.1528813100324022,42,-2.14593070102627,WLS,83,0.006950609006132424
0,x_tcsc,1-14,-0.11339869218100046,43,-0.11343766201860646,WLS,83,3.896983760599826e-05
1,B_svc,2,0.1858463724979195,43,0.18585459451092773,WLS,83,8.222013008235551e-06
2,UPFC_Vsh,5-15,1.1077404422240469,43,1.107960640615965,WLS,83,0.00022019839191811386
3,UPFC_tsh,5-15,-0.23180627880789187,43,-0.23175616849637212,WLS,83,5.011031151974654e-05
4,UPFC_Vse,5-15,0.06017941727864386,43,0.05934732149219731,WLS,83,0.0008320957864465447
5,UPFC_tse,5-15,-2.1548939802846854,43,-2.14593070102627,WLS,83,0.008963279258415557
0,x_tcsc,1-14,-0.11340693561884806,44,-0.11343766201860646,WLS,83,3.0726399758401746e-05
1,B_svc,2,0.18577063641404096,44,0.18585459451092773,WLS,83,8.395809688677147e-05
2,UPFC_Vsh,5-15,1.1074658069237784,44,1.107960640615965,WLS,83,0.0004948336921866137
3,UPFC_tsh,5-15,-0.23173200067305288,44,-0.23175616849637212,WLS,83,2.4167823319237725e-05
4,UPFC_Vse,5-15,0.06001563465124135,44,0.05934732149219731,WLS,83,0.0006683131590440386
5,UPFC_tse,5-15,-2.1539918511830725,44,-2.14593070102627,WLS,83,0.008061150156802643
0,x_tcsc,1-14,-0.11341482255455933,45,-0.11343766201860646,WLS,83,2.2839464047130775e-05
1,B_svc,2,0.18594543323619045,45,0.18585459451092773,WLS,83,9.083872526272074e-05
2,UPFC_Vsh,5-15,1.1076081627074168,45,1.107960640615965,WLS,83,0.0003524779085481988
3,UPFC_tsh,5-15,-0.2317071162932752,45,-0.23175616849637212,WLS,83,4.905220309692204e-05
4,UPFC_Vse,5-15,0.0598156703769631,45,0.05934732149219731,WLS,83,0.0004683488847657888
5,UPFC_tse,5-15,-2.1543337766030426,45,-2.14593070102627,WLS,83,0.008403075576772778
0,x_tcsc,1-14,-0.11341451206986673,46,-0.11343766201860646,WLS,83,2.3149948739725756e-05
1,B_svc,2,0.1862987491299607,46,0.18585459451092773,WLS,83,0.00044415461903296594
2,UPFC_Vsh,5-15,1.1076312916334075,46,1.107960640615965,WLS,83,0.0003293489825575424
3,UPFC_tsh,5-15,-0.23168375555923412,46,-0.23175616849637212,WLS,83,7.241293713800001e-05
4,UPFC_Vse,5-15,0.06026139253346055,46,0.05934732149219731,WLS,83,0.0009140710412632383
5,UPFC_tse,5-15,-2.155024309116413,46,-2.14593070102627,WLS,83,0.009093608090143146
0,x_tcsc,1-14,-0.11340592674665587,47,-0.11343766201860646,WLS,83,3.1735271950592e-05
1,B_svc,2,0.1858191843117413,47,0.18585459451092773,WLS,83,3.5410199186430846e-05
2,UPFC_Vsh,5-15,1.1076332408962843,47,1.107960640615965,WLS,83,0.0003273997196806544
3,UPFC_tsh,5-15,-0.23168718973996802,47,-0.23175616849637212,WLS,83,6.897875640410334e-05
4,UPFC_Vse,5-15,0.05981637366362057,47,0.05934732149219731,WLS,83,0.0004690521714232551
5,UPFC_tse,5-15,-2.1507984687647697,47,-2.14593070102627,WLS,83,0.00486776773849984
0,x_tcsc,1-14,-0.11340130359102346,48,-0.11343766201860646,WLS,83,3.635842758299701e-05
1,B_svc,2,0.18605973620480373,48,0.18585459451092773,WLS,83,0.00020514169387600423
2,UPFC_Vsh,5-15,1.1071235376898605,48,1.107960640615965,WLS,83,0.0008371029261045049
3,UPFC_tsh,5-15,-0.23177869479510993,48,-0.23175616849637212,WLS,83,2.2526298737807204e-05
4,UPFC_Vse,5-15,0.06009039075458064,48,0.05934732149219731,WLS,83,0.0007430692623833293
5,UPFC_tse,5-15,-2.15852160230731,48,-2.14593070102627,WLS,83,0.012590901281040345
0,x_tcsc,1-14,-0.11341432146371783,49,-0.11343766201860646,WLS,83,2.3340554888631737e-05
1,B_svc,2,0.1855558625790038,49,0.18585459451092773,WLS,83,0.00029873193192392344
2,UPFC_Vsh,5-15,1.1077085294999185,49,1.107960640615965,WLS,83,0.00025211111604650505
3,UPFC_tsh,5-15,-0.2317525404872998,49,-0.23175616849637212,WLS,83,3.6280090723317393e-06
4,UPFC_Vse,5-15,0.060264734665591804,49,0.05934732149219731,WLS,83,0.0009174131733944921
5,UPFC_tse,5-15,-2.1570676678358787,49,-2.14593070102627,WLS,83,0.01113696680960885
0,x_tcsc,1-14,-0.1133976601956835,50,-0.11343766201860646,WLS,83,4.0001822922963726e-05
1,B_svc,2,0.1857492462122053,50,0.18585459451092773,WLS,83,0.00010534829872244078
2,UPFC_Vsh,5-15,1.107667452915241,50,1.107960640615965,WLS,83,0.0002931877007239514
3,UPFC_tsh,5-15,-0.23171722685582422,50,-0.23175616849637212,WLS,83,3.894164054790705e-05
4,UPFC_Vse,5-15,0.060168757645777136,50,0.05934732149219731,WLS,83,0.0008214361535798242
5,UPFC_tse,5-15,-2.154988892476511,50,-2.14593070102627,WLS,83,0.009058191450241004
0,x_tcsc,1-14,-0.11341843859829757,51,-0.11343766201860646,WLS,83,1.9223420308883687e-05
1,B_svc,2,0.18595841199792226,51,0.18585459451092773,WLS,83,0.00010381748699453408
2,UPFC_Vsh,5-15,1.1073788944490353,51,1.107960640615965,WLS,83,0.0005817461669297419
3,UPFC_tsh,5-15,-0.23174293754796077,51,-0.23175616849637212,WLS,83,1.3230948411352417e-05
4,UPFC_Vse,5-15,0.060091849623250204,51,0.05934732149219731,WLS,83,0.000744528131052892
5,UPFC_tse,5-15,-2.152914762962742,51,-2.14593070102627,WLS,83,0.006984061936472052
0,x_tcsc,1-14,-0.11340544289191842,52,-0.11343766201860646,WLS,83,3.221912668803506e-05
1,B_svc,2,0.18615903685157756,52,0.18585459451092773,WLS,83,0.0003044423406498298
2,UPFC_Vsh,5-15,1.1076513648326425,52,1.107960640615965,WLS,83,0.0003092757833225157
3,UPFC_tsh,5-15,-0.23170993809623872,52,-0.23175616849637212,WLS,83,4.6230400133406846e-05
4,UPFC_Vse,5-15,0.060011663747571546,52,0.05934732149219731,WLS,83,0.000664342255374234
5,UPFC_tse,5-15,-2.1546942674898877,52,-2.14593070102627,WLS,83,0.008763566463617867
0,x_tcsc,1-14,-0.11340697121075152,53,-0.11343766201860646,WLS,83,3.069080785493561e-05
1,B_svc,2,0.1863843763893603,53,0.18585459451092773,WLS,83,0.0005297818784325836
2,UPFC_Vsh,5-15,1.1074997076262745,53,1.107960640615965,WLS,83,0.0004609329896905212
3,UPFC_tsh,5-15,-0.2317042084039198,53,-0.23175616849637212,WLS,83,5.196009245231337e-05
4,UPFC_Vse,5-15,0.060142921370887524,53,0.05934732149219731,WLS,83,0.0007955998786902119
5,UPFC_tse,5-15,-2.1522498766042704,53,-2.14593070102627,WLS,83,0.0063191755780005465
0,x_tcsc,1-14,-0.1133945779529087,54,-0.11343766201860646,WLS,83,4.3084065697751583e-05
1,B_svc,2,0.18629669952295014,54,0.18585459451092773,WLS,83,0.00044210501202240904
2,UPFC_Vsh,5-15,1.1073027288794322,54,1.107960640615965,WLS,83,0.0006579117365328457
3,UPFC_tsh,5-15,-0.23172063286134514,54,-0.23175616849637212,WLS,83,3.553563502697865e-05
4,UPFC_Vse,5-15,0.06036592199501555,54,0.05934732149219731,WLS,83,0.0010186005028182399
5,UPFC_tse,5-15,-2.1553604392137116,54,-2.14593070102627,WLS,83,0.00942973818744175
0,x_tcsc,1-14,-0.11339677200381786,55,-0.11343766201860646,WLS,83,4.089001478860266e-05
1,B_svc,2,0.18647690764192384,55,0.18585459451092773,WLS,83,0.0006223131309961161
2,UPFC_Vsh,5-15,1.1075362819678403,55,1.107960640615965,WLS,83,0.0004243586481247341
3,UPFC_tsh,5-15,-0.23180442710135152,55,-0.23175616849637212,WLS,83,4.825860497939538e-05
4,UPFC_Vse,5-15,0.06000765160940635,55,0.05934732149219731,WLS,83,0.0006603301172090348
5,UPFC_tse,5-15,-2.156860237127408,55,-2.14593070102627,WLS,83,0.010929536101138115
0,x_tcsc,1-14,-0.11340342813979312,56,-0.11343766201860646,WLS,83,3.423387881333617e-05
1,B_svc,2,0.18601369804206017,56,0.18585459451092773,WLS,83,0.00015910353113243736
2,UPFC_Vsh,5-15,1.1073666407616423,56,1.107960640615965,WLS,83,0.0005939998543227354
3,UPFC_tsh,5-15,-0.23177023531063437,56,-0.23175616849637212,WLS,83,1.4066814262247984e-05
4,UPFC_Vse,5-15,0.0602393803286002,56,0.05934732149219731,WLS,83,0.0008920588364028856
5,UPFC_tse,5-15,-2.1544500124845074,56,-2.14593070102627,WLS,83,0.008519311458237588
0,x_tcsc,1-14,-0.1134054188616707,57,-0.11343766201860646,WLS,83,3.22431569357573e-05
1,B_svc,2,0.18589085082923834,57,0.18585459451092773,WLS,83,3.625631831061238e-05
2,UPFC_Vsh,5-15,1.1077894516857532,57,1.107960640615965,WLS,83,0.00017118893021184078
3,UPFC_tsh,5-15,-0.23173166295602565,57,-0.23175616849637212,WLS,83,2.450554034647001e-05
4,UPFC_Vse,5-15,0.05967219555777353,57,0.05934732149219731,WLS,83,0.00032487406557622084
5,UPFC_tse,5-15,-2.1561055992366613,57,-2.14593070102627,WLS,83,0.010174898210391525
0,x_tcsc,1-14,-0.1134095696103978,58,-0.11343766201860646,WLS,83,2.8092408208654773e-05
1,B_svc,2,0.18585817272193425,58,0.18585459451092773,WLS,83,3.578211006521892e-06
2,UPFC_Vsh,5-15,1.107814410898783,58,1.107960640615965,WLS,83,0.00014622971718192268
3,UPFC_tsh,5-15,-0.23174998773690264,58,-0.23175616849637212,WLS,83,6.180759469481822e-06
4,UPFC_Vse,5-15,0.06008965978358135,58,0.05934732149219731,WLS,83,0.0007423382913840371
5,UPFC_tse,5-15,-2.153863733675678,58,-2.14593070102627,WLS,83,0.007933032649408034
0,x_tcsc,1-14,-0.11341043253013566,59,-0.11343766201860646,WLS,83,2.7229488470795205e-05
1,B_svc,2,0.18571797676915822,59,0.18585459451092773,WLS,83,0.00013661774176951247
2,UPFC_Vsh,5-15,1.1075200802165817,59,1.107960640615965,WLS,83,0.00044056039938333846
3,UPFC_tsh,5-15,-0.2317358944194899,59,-0.23175616849637212,WLS,83,2.0274076882209613e-05
4,UPFC_Vse,5-15,0.060293702789399974,59,0.05934732149219731,WLS,83,0.0009463812972026614
5,UPFC_tse,5-15,-2.1550478261801964,59,-2.14593070102627,WLS,83,0.009117125153926597
0,x_tcsc,1-14,-0.11340850293867862,60,-0.11343766201860646,WLS,83,2.9159079927842946e-05
1,B_svc,2,0.18622298265948686,60,0.18585459451092773,WLS,83,0.0003683881485591345
2,UPFC_Vsh,5-15,1.1078344773293285,60,1.107960640615965,WLS,83,0.00012616328663650478
3,UPFC_tsh,5-15,-0.23174295602212064,60,-0.23175616849637212,WLS,83,1.3212474251483863e-05
4,UPFC_Vse,5-15,0.06012416369362718,60,0.05934732149219731,WLS,83,0.0007768422014298657
5,UPFC_tse,5-15,-2.1555440192854927,60,-2.14593070102627,WLS,83,0.009613318259222847
0,x_tcsc,1-14,-0.1134021475378907,61,-0.11343766201860646,WLS,83,3.5514480715759245e-05
1,B_svc,2,0.1861816228522822,61,0.18585459451092773,WLS,83,0.00032702834135447945
2,UPFC_Vsh,5-15,1.1077534178531583,61,1.107960640615965,WLS,83,0.0002072227628067136
3,UPFC_tsh,5-15,-0.2316486813258453,61,-0.23175616849637212,WLS,83,0.0001074871705268321
4,UPFC_Vse,5-15,0.05996713579532629,61,0.05934732149219731,WLS,83,0.0006198143031289766
5,UPFC_tse,5-15,-2.154789235132137,61,-2.14593070102627,WLS,83,0.008858534105867122
0,x_tcsc,1-14,-0.11340127017478338,62,-0.11343766201860646,WLS,83,3.6391843823077585e-05
1,B_svc,2,0.18611850520099835,62,0.18585459451092773,WLS,83,0.00026391069007061785
2,UPFC_Vsh,5-15,1.1074109305347941,62,1.107960640615965,WLS,83,0.0005497100811708844
3,UPFC_tsh,5-15,-0.23172087010235487,62,-0.23175616849637212,WLS,83,3.529839401725243e-05
4,UPFC_Vse,5-15,0.05947515445120425,62,0.05934732149219731,WLS,83,0.0001278329590069377
5,UPFC_tse,5-15,-2.1567560872988576,62,-2.14593070102627,WLS,83,0.010825386272587778
0,x_tcsc,1-14,-0.11339028692162796,63,-0.11343766201860646,WLS,83,4.7375096978496956e-05
1,B_svc,2,0.18625490363233954,63,0.18585459451092773,WLS,83,0.00040030912141181263
2,UPFC_Vsh,5-15,1.107649510884004,63,1.107960640615965,WLS,83,0.0003111297319609019
3,UPFC_tsh,5-15,-0.23173414460164501,63,-0.23175616849637212,WLS,83,2.2023894727107862e-05
4,UPFC_Vse,5-15,0.05965055965193276,63,0.05934732149219731,WLS,83,0.00030323815973544443
5,UPFC_tse,5-15,-2.155482945859591,63,-2.14593070102627,WLS,83,0.0095522448333214
0,x_tcsc,1-14,-0.1134004427605693,64,-0.11343766201860646,WLS,83,3.72192580371522e-05
1,B_svc,2,0.18590636308549943,64,0.18585459451092773,WLS,83,5.176857457170336e-05
2,UPFC_Vsh,5-15,1.1074849871789414,64,1.107960640615965,WLS,83,0.0004756534370236043
3,UPFC_tsh,5-15,-0.23177877674004393,64,-0.23175616849637212,WLS,83,2.2608243671812245e-05
4,UPFC_Vse,5-15,0.060060338076048984,64,0.05934732149219731,WLS,83,0.0007130165838516722
5,UPFC_tse,5-15,-2.1515637394420413,64,-2.14593070102627,WLS,83,0.005633038415771452
0,x_tcsc,1-14,-0.11341051266174992,65,-0.11343766201860646,WLS,83,2.7149356856534523e-05
1,B_svc,2,0.1858604607811739,65,0.18585459451092773,WLS,83,5.8662702461798055e-06
2,UPFC_Vsh,5-15,1.1077908777945569,65,1.107960640615965,WLS,83,0.00016976282140812593
3,UPFC_tsh,5-15,-0.23170953630539465,65,-0.23175616849637212,WLS,83,4.663219097747473e-05
4,UPFC_Vse,5-15,0.06010439720315328,65,0.05934732149219731,WLS,83,0.0007570757109559706
5,UPFC_tse,5-15,-2.1533813945759763,65,-2.14593070102627,WLS,83,0.007450693549706511
0,x_tcsc,1-14,-0.11340373462415758,66,-0.11343766201860646,WLS,83,3.392739444887938e-05
1,B_svc,2,0.18621391592555192,66,0.18585459451092773,WLS,83,0.00035932141462419187
2,UPFC_Vsh,5-15,1.1075815079219302,66,1.107960640615965,WLS,83,0.00037913269403477834
3,UPFC_tsh,5-15,-0.23171691029638353,66,-0.23175616849637212,WLS,83,3.925819998859548e-05
4,UPFC_Vse,5-15,0.060020395265722844,66,0.05934732149219731,WLS,83,0.0006730737735255315
5,UPFC_tse,5-15,-2.1536553541309975,66,-2.14593070102627,WLS,83,0.007724653104727697
0,x_tcsc,1-14,-0.11340792148975697,67,-0.11343766201860646,WLS,83,2.9740528849492298e-05
1,B_svc,2,0.18618979009077608,67,0.18585459451092773,WLS,83,0.00033519557984834636
2,UPFC_Vsh,5-15,1.1075761209817434,67,1.107960640615965,WLS,83,0.00038451963422159174
3,UPFC_tsh,5-15,-0.231659794057777,67,-0.23175616849637212,WLS,83,9.637443859511485e-05
4,UPFC_Vse,5-15,0.06010450637443796,67,0.05934732149219731,WLS,83,0.0007571848822406496
5,UPFC_tse,5-15,-2.1535788740253556,67,-2.14593070102627,WLS,83,0.007648172999085823
0,x_tcsc,1-14,-0.11339814316360497,68,-0.11343766201860646,WLS,83,3.951885500148855e-05
1,B_svc,2,0.1862561128150793,68,0.18585459451092773,WLS,83,0.0004015183041515824
2,UPFC_Vsh,5-15,1.1076744176480222,68,1.107960640615965,WLS,83,0.0002862229679427841
3,UPFC_tsh,5-15,-0.23170921666772482,68,-0.23175616849637212,WLS,83,4.695182864730696e-05
4,UPFC_Vse,5-15,0.060081857551256605,68,0.05934732149219731,WLS,83,0.0007345360590592931
5,UPFC_tse,5-15,-2.155126955984427,68,-2.14593070102627,WLS,83,0.009196254958157013
0,x_tcsc,1-14,-0.11340648835289345,69,-0.11343766201860646,WLS,83,3.117366571300795e-05
1,B_svc,2,0.18640815255325713,69,0.18585459451092773,WLS,83,0.0005535580423293995
2,UPFC_Vsh,5-15,1.1076655002162568,69,1.107960640615965,WLS,83,0.000295140399708238
3,UPFC_tsh,5-15,-0.2317040152492938,69,-0.23175616849637212,WLS,83,5.2153247078329246e-05
4,UPFC_Vse,5-15,0.05959969251469052,69,0.05934732149219731,WLS,83,0.0002523710224932099
5,UPFC_tse,5-15,-2.1594493193056614,69,-2.14593070102627,WLS,83,0.013518618279391603
0,x_tcsc,1-14,-0.1134074347522043,70,-0.11343766201860646,WLS,83,3.0227266402158004e-05
1,B_svc,2,0.18647086779073146,70,0.18585459451092773,WLS,83,0.0006162732798037363
2,UPFC_Vsh,5-15,1.1076006872649053,70,1.107960640615965,WLS,83,0.00035995335105964976
3,UPFC_tsh,5-15,-0.2317394466674561,70,-0.23175616849637212,WLS,83,1.672182891601648e-05
4,UPFC_Vse,5-15,0.06010569559881966,70,0.05934732149219731,WLS,83,0.000758374106622349
5,UPFC_tse,5-15,-2.1544101240714575,70,-2.14593070102627,WLS,83,0.008479423045187673
0,x_tcsc,1-14,-0.11341017426332137,71,-0.11343766201860646,WLS,83,2.7487755285091064e-05
1,B_svc,2,0.18601769620215539,71,0.18585459451092773,WLS,83,0.00016310169122765728
2,UPFC_Vsh,5-15,1.1075655245220737,71,1.107960640615965,WLS,83,0.0003951160938913123
3,UPFC_tsh,5-15,-0.23167360966540618,71,-0.23175616849637212,WLS,83,8.25588309659453e-05
4,UPFC_Vse,5-15,0.05951488925410585,71,0.05934732149219731,WLS,83,0.00016756776190853667
5,UPFC_tse,5-15,-2.1575288706740134,71,-2.14593070102627,WLS,83,0.011598169647743628
0,x_tcsc,1-14,-0.11341156486065694,72,-0.11343766201860646,WLS,83,2.609715794951728e-05
1,B_svc,2,0.18586468607553863,72,0.18585459451092773,WLS,83,1.0091564610903436e-05
2,UPFC_Vsh,5-15,1.1075132150476346,72,1.107960640615965,WLS,83,0.00044742556833043956
3,UPFC_tsh,5-15,-0.23176706527065177,72,-0.23175616849637212,WLS,83,1.0896774279650634e-05
4,UPFC_Vse,5-15,0.05984146618906971,72,0.05934732149219731,WLS,83,0.000494144696872395
5,UPFC_tse,5-15,-2.1553795660994615,72,-2.14593070102627,WLS,83,0.009448865073191648
0,x_tcsc,1-14,-0.11339897996384551,73,-0.11343766201860646,WLS,83,3.8682054760943996e-05
1,B_svc,2,0.18574666243876534,73,0.18585459451092773,WLS,83,0.0001079320721623922
2,UPFC_Vsh,5-15,1.1075847589841514,73,1.107960640615965,WLS,83,0.00037588163181356826
3,UPFC_tsh,5-15,-0.23169525519658404,73,-0.23175616849637212,WLS,83,6.091329978807902e-05
4,UPFC_Vse,5-15,0.0600448523425011,73,0.05934732149219731,WLS,83,0.0006975308503037875
5,UPFC_tse,5-15,-2.1545633263064183,73,-2.14593070102627,WLS,83,0.00863262528014852
0,x_tcsc,1-14,-0.11340076215610867,74,-0.11343766201860646,WLS,83,3.689986249778843e-05
1,B_svc,2,0.18581570869551842,74,0.18585459451092773,WLS,83,3.888581540931191e-05
2,UPFC_Vsh,5-15,1.1075018631073474,74,1.107960640615965,WLS,83,0.0004587775086175583
3,UPFC_tsh,5-15,-0.23168516924919666,74,-0.23175616849637212,WLS,83,7.09992471754628e-05
4,UPFC_Vse,5-15,0.06010180623897226,74,0.05934732149219731,WLS,83,0.0007544847467749471
5,UPFC_tse,5-15,-2.152528017166196,74,-2.14593070102627,WLS,83,0.006597316139925979
0,x_tcsc,1-14,-0.1134023875659706,75,-0.11343766201860646,WLS,83,3.527445263586115e-05
1,B_svc,2,0.18645728995196992,75,0.18585459451092773,WLS,83,0.0006026954410421892
2,UPFC_Vsh,5-15,1.1074145525367294,75,1.107960640615965,WLS,83,0.0005460880792356182
3,UPFC_tsh,5-15,-0.23176320340114098,75,-0.23175616849637212,WLS,83,7.03490476886004e-06
4,UPFC_Vse,5-15,0.06005533119640003,75,0.05934732149219731,WLS,83,0.0007080097042027195
5,UPFC_tse,5-15,-2.1558070351269216,75,-2.14593070102627,WLS,83,0.009876334100651807
0,x_tcsc,1-14,-0.11340342128587223,76,-0.11343766201860646,WLS,83,3.424073273422534e-05
1,B_svc,2,0.18611375840526698,76,0.18585459451092773,WLS,83,0.00025916389433924825
2,UPFC_Vsh,5-15,1.1078021797859103,76,1.107960640615965,WLS,83,0.00015846083005466305
3,UPFC_tsh,5-15,-0.23167132486029218,76,-0.23175616849637212,WLS,83,8.484363607993983e-05
4,UPFC_Vse,5-15,0.060423436866882695,76,0.05934732149219731,WLS,83,0.0010761153746853824
5,UPFC_tse,5-15,-2.154975593427615,76,-2.14593070102627,WLS,83,0.009044892401345095
0,x_tcsc,1-14,-0.11340491232218526,77,-0.11343766201860646,WLS,83,3.274969642119707e-05
1,B_svc,2,0.18611106798704286,77,0.18585459451092773,WLS,83,0.0002564734761151266
2,UPFC_Vsh,5-15,1.1078744305160455,77,1.107960640615965,WLS,83,8.621009991949258e-05
3,UPFC_tsh,5-15,-0.23174322309110792,77,-0.23175616849637212,WLS,83,1.2945405264197518e-05
4,UPFC_Vse,5-15,0.0602941610318392,77,0.05934732149219731,WLS,83,0.0009468395396418847
5,UPFC_tse,5-15,-2.157552247198566,77,-2.14593070102627,WLS,83,0.01162154617229616
0,x_tcsc,1-14,-0.11339190309358639,78,-0.11343766201860646,WLS,83,4.57589250200674e-05
1,B_svc,2,0.18576338631065864,78,0.18585459451092773,WLS,83,9.120820026908838e-05
2,UPFC_Vsh,5-15,1.107577442619437,78,1.107960640615965,WLS,83,0.00038319799652808406
3,UPFC_tsh,5-15,-0.23176148125426768,78,-0.23175616849637212,WLS,83,5.312757895559184e-06
4,UPFC_Vse,5-15,0.06001016181714777,78,0.05934732149219731,WLS,83,0.0006628403249504602
5,UPFC_tse,5-15,-2.156071949293731,78,-2.14593070102627,WLS,83,0.010141248267461211
0,x_tcsc,1-14,-0.11340741189379583,79,-0.11343766201860646,WLS,83,3.025012481062961e-05
1,B_svc,2,0.18606604835536558,79,0.18585459451092773,WLS,83,0.0002114538444378533
2,UPFC_Vsh,5-15,1.107716218381861,79,1.107960640615965,WLS,83,0.00024442223410403585
3,UPFC_tsh,5-15,-0.23176297095416584,79,-0.23175616849637212,WLS,83,6.802457793719796e-06
4,UPFC_Vse,5-15,0.059764809594559265,79,0.05934732149219731,WLS,83,0.00041748810236195283
5,UPFC_tse,5-15,-2.158594942856699,79,-2.14593070102627,WLS,83,0.012664241830429024
0,x_tcsc,1-14,-0.11340506709301855,80,-0.11343766201860646,WLS,83,3.2594925587908774e-05
1,B_svc,2,0.1858549568019568,80,0.18585459451092773,WLS,83,3.6229102906570887e-07
2,UPFC_Vsh,5-15,1.1074823727950809,80,1.107960640615965,WLS,83,0.0004782678208841151
3,UPFC_tsh,5-15,-0.23171477508565091,80,-0.23175616849637212,WLS,83,4.1393410721207724e-05
4,UPFC_Vse,5-15,0.059947391426661986,80,0.05934732149219731,WLS,83,0.000600069934464674
5,UPFC_tse,5-15,-2.1560511249912113,80,-2.14593070102627,WLS,83,0.010120423964941505
0,x_tcsc,1-14,-0.11340885871660927,81,-0.11343766201860646,WLS,83,2.880330199718506e-05
1,B_svc,2,0.18552751018279107,81,0.18585459451092773,WLS,83,0.000327084328136662
2,UPFC_Vsh,5-15,1.107785324481798,81,1.107960640615965,WLS,83,0.0001753161341671028
3,UPFC_tsh,5-15,-0.23174217602902994,81,-0.23175616849637212,WLS,83,1.3992467342183179e-05
4,UPFC_Vse,5-15,0.060416062571655986,81,0.05934732149219731,WLS,83,0.0010687410794586738
5,UPFC_tse,5-15,-2.1541316899848577,81,-2.14593070102627,WLS,83,0.008200988958587896
0,x_tcsc,1-14,-0.11341365183714532,82,-0.11343766201860646,WLS,83,2.4010181461142643e-05
1,B_svc,2,0.1857662359159709,82,0.18585459451092773,WLS,83,8.835859495681664e-05
2,UPFC_Vsh,5-15,1.1079346690421519,82,1.107960640615965,WLS,83,2.597157381312165e-05
3,UPFC_tsh,5-15,-0.23172744166820428,82,-0.23175616849637212,WLS,83,2.8726828167846552e-05
4,UPFC_Vse,5-15,0.059825605789468286,82,0.05934732149219731,WLS,83,0.00047828429727097416
5,UPFC_tse,5-15,-2.15443588476377,82,-2.14593070102627,WLS,83,0.00850518373750031
0,x_tcsc,1-14,-0.1134046036173158,83,-0.11343766201860646,WLS,83,3.305840129065596e-05
1,B_svc,2,0.18614232437349507,83,0.18585459451092773,WLS,83,0.00028772986256733746
2,UPFC_Vsh,5-15,1.1077140652358248,83,1.107960640615965,WLS,83,0.0002465753801401682
3,UPFC_tsh,5-15,-0.23175218476803555,83,-0.23175616849637212,WLS,83,3.98372833657068e-06
4,UPFC_Vse,5-15,0.06008779739159225,83,0.05934732149219731,WLS,83,0.0007404758993949379
5,UPFC_tse,5-15,-2.1554594410991594,83,-2.14593070102627,WLS,83,0.009528740072889619
0,x_tcsc,1-14,-0.11340008300532206,84,-0.11343766201860646,WLS,83,3.757901328439728e-05
1,B_svc,2,0.1862081600367052,84,0.18585459451092773,WLS,83,0.00035356552577747724
2,UPFC_Vsh,5-15,1.1072971401084328,84,1.107960640615965,WLS,83,0.0006635005075321665
3,UPFC_tsh,5-15,-0.2317590971990016,84,-0.23175616849637212,WLS,83,2.928702629467761e-06
4,UPFC_Vse,5-15,0.0600727435121329,84,0.05934732149219731,WLS,83,0.0007254220199355912
5,UPFC_tse,5-15,-2.154140865821797,84,-2.14593070102627,WLS,83,0.008210164795527053
0,x_tcsc,1-14,-0.11339767675693181,85,-0.11343766201860646,WLS,83,3.9985261674646555e-05
1,B_svc,2,0.18584763468836768,85,0.18585459451092773,WLS,83,6.9598225600486785e-06
2,UPFC_Vsh,5-15,1.107453161291639,85,1.107960640615965,WLS,83,0.0005074793243260434
3,UPFC_tsh,5-15,-0.23174980152967592,85,-0.23175616849637212,WLS,83,6.366966696202958e-06
4,UPFC_Vse,5-15,0.060090985459053815,85,0.05934732149219731,WLS,83,0.0007436639668565032
5,UPFC_tse,5-15,-2.154493400698131,85,-2.14593070102627,WLS,83,0.008562699671861296
0,x_tcsc,1-14,-0.11340267405599469,86,-0.11343766201860646,WLS,83,3.4987962611768286e-05
1,B_svc,2,0.18594388108109475,86,0.18585459451092773,WLS,83,8.928657016701869e-05
2,UPFC_Vsh,5-15,1.107179923339211,86,1.107960640615965,WLS,83,0.0007807172767539949
3,UPFC_tsh,5-15,-0.23179579972471084,86,-0.23175616849637212,WLS,83,3.9631228338721236e-05
4,UPFC_Vse,5-15,0.06043538104479599,86,0.05934732149219731,WLS,83,0.0010880595525986775
5,UPFC_tse,5-15,-2.150858793013246,86,-2.14593070102627,WLS,83,0.004928091986976302
0,x_tcsc,1-14,-0.11339950768096195,87,-0.11343766201860646,WLS,83,3.815433764450815e-05
1,B_svc,2,0.18584464972014117,87,0.18585459451092773,WLS,83,9.944790786559077e-06
2,UPFC_Vsh,5-15,1.107500176176799,87,1.107960640615965,WLS,83,0.0004604644391659196
3,UPFC_tsh,5-15,-0.2317531081082106,87,-0.23175616849637212,WLS,83,3.06038816152987e-06
4,UPFC_Vse,5-15,0.06014187171167395,87,0.05934732149219731,WLS,83,0.0007945502194766363
5,UPFC_tse,5-15,-2.1552301587583607,87,-2.14593070102627,WLS,83,0.009299457732090843
0,x_tcsc,1-14,-0.11339181165184369,88,-0.11343766201860646,WLS,83,4.585036676277299e-05
1,B_svc,2,0.18568409802889255,88,0.18585459451092773,WLS,83,0.00017049648203518175
2,UPFC_Vsh,5-15,1.107724555925239,88,1.107960640615965,WLS,83,0.00023608469072589067
3,UPFC_tsh,5-15,-0.23172805818746792,88,-0.23175616849637212,WLS,83,2.8110308904205628e-05
4,UPFC_Vse,5-15,0.05950492808204436,88,0.05934732149219731,WLS,83,0.00015760658984705078
5,UPFC_tse,5-15,-2.1593412851610627,88,-2.14593070102627,WLS,83,0.013410584134792902
0,x_tcsc,1-14,-0.11340832176321232,89,-0.11343766201860646,WLS,83,2.9340255394139092e-05
1,B_svc,2,0.18570578702292304,89,0.18585459451092773,WLS,83,0.000148807488004693
2,UPFC_Vsh,5-15,1.1077078122976216,89,1.107960640615965,WLS,83,0.0002528283183433899
3,UPFC_tsh,5-15,-0.23170709207601467,89,-0.23175616849637212,WLS,83,4.90764203574523e-05
4,UPFC_Vse,5-15,0.0597837985261142,89,0.05934732149219731,WLS,83,0.00043647703391688775
5,UPFC_tse,5-15,-2.157066284960773,89,-2.14593070102627,WLS,83,0.011135583934503313
0,x_tcsc,1-14,-0.11340829687910568,90,-0.11343766201860646,WLS,83,2.936513950077546e-05
1,B_svc,2,0.1863204176364837,90,0.18585459451092773,WLS,83,0.0004658231255559586
2,UPFC_Vsh,5-15,1.1077553916505607,90,1.107960640615965,WLS,83,0.00020524896540430326
3,UPFC_tsh,5-15,-0.23167783021903143,90,-0.23175616849637212,WLS,83,7.833827734068932e-05
4,UPFC_Vse,5-15,0.059684514631120955,90,0.05934732149219731,WLS,83,0.00033719313892364294
5,UPFC_tse,5-15,-2.1578217478366017,90,-2.14593070102627,WLS,83,0.011891046810331929
0,x_tcsc,1-14,-0.11341534311098309,91,-0.11343766201860646,WLS,83,2.231890762337263e-05
1,B_svc,2,0.1856145969817386,91,0.18585459451092773,WLS,83,0.00023999752918912876
2,UPFC_Vsh,5-15,1.107252638171602,91,1.107960640615965,WLS,83,0.0007080024443630872
3,UPFC_tsh,5-15,-0.23169880813057522,91,-0.23175616849637212,WLS,83,5.736036579689907e-05
4,UPFC_Vse,5-15,0.060217596989890494,91,0.05934732149219731,WLS,83,0.000870275497693182
5,UPFC_tse,5-15,-2.153467373315305,91,-2.14593070102627,WLS,83,0.007536672289035096
0,x_tcsc,1-14,-0.11339597614433668,92,-0.11343766201860646,WLS,83,4.168587426978121e-05
1,B_svc,2,0.1861228446341919,92,0.18585459451092773,WLS,83,0.0002682501232641743
2,UPFC_Vsh,5-15,1.1073603118338184,92,1.107960640615965,WLS,83,0.000600328782146553
3,UPFC_tsh,5-15,-0.23170448955444561,92,-0.23175616849637212,WLS,83,5.167894192650846e-05
4,UPFC_Vse,5-15,0.06012164082369465,92,0.05934732149219731,WLS,83,0.000774319331497339
5,UPFC_tse,5-15,-2.154657321519613,92,-2.14593070102627,WLS,83,0.008726620493343162
0,x_tcsc,1-14,-0.11339959837555526,93,-0.11343766201860646,WLS,83,3.806364305120047e-05
1,B_svc,2,0.18538722436506708,93,0.18585459451092773,WLS,83,0.0004673701458606516
2,UPFC_Vsh,5-15,1.1080334851494098,93,1.107960640615965,WLS,83,7.284453344480468e-05
3,UPFC_tsh,5-15,-0.23174402425221138,93,-0.23175616849637212,WLS,83,1.2144244160738893e-05
4,UPFC_Vse,5-15,0.06040252946928974,93,0.05934732149219731,WLS,83,0.0010552079770924302
5,UPFC_tse,5-15,-2.154044893087598,93,-2.14593070102627,WLS,83,0.00811419206132813
0,x_tcsc,1-14,-0.11339389142473395,94,-0.11343766201860646,WLS,83,4.377059387250526e-05
1,B_svc,2,0.1857166954842312,94,0.18585459451092773,WLS,83,0.00013789902669653076
2,UPFC_Vsh,5-15,1.1076257730394243,94,1.107960640615965,WLS,83,0.000334867576540665
3,UPFC_tsh,5-15,-0.23168064671187283,94,-0.23175616849637212,WLS,83,7.552178449929392e-05
4,UPFC_Vse,5-15,0.059535653609354824,94,0.05934732149219731,WLS,83,0.00018833211715751225
5,UPFC_tse,5-15,-2.154999426374071,94,-2.14593070102627,WLS,83,0.00906872534780101
0,x_tcsc,1-14,-0.11338227409595217,95,-0.11343766201860646,WLS,83,5.538792265429027e-05
1,B_svc,2,0.18623187500867722,95,0.18585459451092773,WLS,83,0.00037728049774948813
2,UPFC_Vsh,5-15,1.1075903532918372,95,1.107960640615965,WLS,83,0.00037028732412780485
3,UPFC_tsh,5-15,-0.23169349287609423,95,-0.23175616849637212,WLS,83,6.267562027789664e-05
4,UPFC_Vse,5-15,0.059999967887784965,95,0.05934732149219731,WLS,83,0.0006526463955876527
5,UPFC_tse,5-15,-2.1538826548565697,95,-2.14593070102627,WLS,83,0.007951953830299896
0,x_tcsc,1-14,-0.11341116788666153,96,-0.11343766201860646,WLS,83,2.649413194492911e-05
1,B_svc,2,0.18654926101938607,96,0.18585459451092773,WLS,83,0.0006946665084583414
2,UPFC_Vsh,5-15,1.107508676831105,96,1.107960640615965,WLS,83,0.00045196378485989896
3,UPFC_tsh,5-15,-0.2317535965069969,96,-0.23175616849637212,WLS,83,2.5719893752274015e-06
4,UPFC_Vse,5-15,0.05989463268076652,96,0.05934732149219731,WLS,83,0.0005473111885692106
5,UPFC_tse,5-15,-2.1565128682982904,96,-2.14593070102627,WLS,83,0.010582167272020548
0,x_tcsc,1-14,-0.11339641728672767,97,-0.11343766201860646,WLS,83,4.124473187878952e-05
1,B_svc,2,0.1862017854223667,97,0.18585459451092773,WLS,83,0.00034719091143897707
2,UPFC_Vsh,5-15,1.1073351723537586,97,1.107960640615965,WLS,83,0.0006254682622064411
3,UPFC_tsh,5-15,-0.23176237852395065,97,-0.23175616849637212,WLS,83,6.210027578529287e-06
4,UPFC_Vse,5-15,0.05948580239457538,97,0.05934732149219731,WLS,83,0.00013848090237806449
5,UPFC_tse,5-15,-2.155525095020889,97,-2.14593070102627,WLS,83,0.009594393994619033
0,x_tcsc,1-14,-0.11339347613180772,98,-0.11343766201860646,WLS,83,4.418588679873381e-05
1,B_svc,2,0.18628049728285198,98,0.18585459451092773,WLS,83,0.0004259027719242525
2,UPFC_Vsh,5-15,1.1074562963680357,98,1.107960640615965,WLS,83,0.0005043442479293336
3,UPFC_tsh,5-15,-0.2317368224889587,98,-0.23175616849637212,WLS,83,1.9346007413434396e-05
4,UPFC_Vse,5-15,0.06004343877851038,98,0.05934732149219731,WLS,83,0.0006961172863130666
5,UPFC_tse,5-15,-2.157762918786195,98,-2.14593070102627,WLS,83,0.011832217759925268
0,x_tcsc,1-14,-0.11340792036224906,99,-0.11343766201860646,WLS,83,2.9741656357398782e-05
1,B_svc,2,0.18603063112665816,99,0.18585459451092773,WLS,83,0.0001760366157304294
2,UPFC_Vsh,5-15,1.1073644692022462,99,1.107960640615965,WLS,83,0.0005961714137188157
3,UPFC_tsh,5-15,-0.23169493692500948,99,-0.23175616849637212,WLS,83,6.123157136264656e-05
4,UPFC_Vse,5-15,0.060068466531305674,99,0.05934732149219731,WLS,83,0.0007211450391083618
5,UPFC_tse,5-15,-2.156135853032349,99,-2.14593070102627,WLS,83,0.010205152006079299
0,x_tcsc,1-14,-0.11040233424142779,0,-0.11040985282864853,WLS,85,7.518587220742279e-06
1,B_svc,2,0.18132790748734423,0,0.18126553449427296,WLS,85,6.237299307126909e-05
2,UPFC_Vsh,5-15,1.1078440849519833,0,1.1098607262901983,WLS,85,0.0020166413382149972
3,UPFC_tsh,5-15,-0.23530317923747224,0,-0.23533904091090277,WLS,85,3.5861673430531704e-05
4,UPFC_Vse,5-15,0.059237289745739365,0,0.058148021648923076,WLS,85,0.0010892680968162885
5,UPFC_tse,5-15,-2.1625747456976145,0,-2.1452626109895707,WLS,85,0.017312134708043825
0,x_tcsc,1-14,-0.11040507689283201,1,-0.11040985282864853,WLS,85,4.775935816520027e-06
1,B_svc,2,0.18143115351440775,1,0.18126553449427296,WLS,85,0.00016561902013478846
2,UPFC_Vsh,5-15,1.1070875141976582,1,1.1098607262901983,WLS,85,0.0027732120925401116
3,UPFC_tsh,5-15,-0.2353415821688916,1,-0.23533904091090277,WLS,85,2.5412579888195452e-06
4,UPFC_Vse,5-15,0.059989625890898714,1,0.058148021648923076,WLS,85,0.0018416042419756376
5,UPFC_tse,5-15,-2.1575708341062505,1,-2.1452626109895707,WLS,85,0.012308223116679784
0,x_tcsc,1-14,-0.11040699683791978,2,-0.11040985282864853,WLS,85,2.8559907287450947e-06
1,B_svc,2,0.18103661058225523,2,0.18126553449427296,WLS,85,0.0002289239120177311
2,UPFC_Vsh,5-15,1.1073746745895903,2,1.1098607262901983,WLS,85,0.002486051700608005
3,UPFC_tsh,5-15,-0.23529818967037822,2,-0.23533904091090277,WLS,85,4.0851240524553134e-05
4,UPFC_Vse,5-15,0.05993786701207041,2,0.058148021648923076,WLS,85,0.0017898453631473368
5,UPFC_tse,5-15,-2.154293885676445,2,-2.1452626109895707,WLS,85,0.009031274686874369
0,x_tcsc,1-14,-0.11040422349690483,3,-0.11040985282864853,WLS,85,5.629331743695065e-06
1,B_svc,2,0.18161086380573702,3,0.18126553449427296,WLS,85,0.0003453293114640543
2,UPFC_Vsh,5-15,1.1076126241079047,3,1.1098607262901983,WLS,85,0.002248102182293543
3,UPFC_tsh,5-15,-0.23536136940047617,3,-0.23533904091090277,WLS,85,2.2328489573397725e-05
4,UPFC_Vse,5-15,0.05970062317252978,3,0.058148021648923076,WLS,85,0.0015526015236067073
5,UPFC_tse,5-15,-2.1573366165857486,3,-2.1452626109895707,WLS,85,0.012074005596177884
0,x_tcsc,1-14,-0.11039767438207576,4,-0.11040985282864853,WLS,85,1.2178446572766455e-05
1,B_svc,2,0.1820492852155782,4,0.18126553449427296,WLS,85,0.0007837507213052375
2,UPFC_Vsh,5-15,1.1073420961270455,4,1.1098607262901983,WLS,85,0.0025186301631527908
3,UPFC_tsh,5-15,-0.23533908985626661,4,-0.23533904091090277,WLS,85,4.8945363845254164e-08
4,UPFC_Vse,5-15,0.05952024486207601,4,0.058148021648923076,WLS,85,0.0013722232131529316
5,UPFC_tse,5-15,-2.159260264201194,4,-2.1452626109895707,WLS,85,0.013997653211623273
0,x_tcsc,1-14,-0.11039183596274599,5,-0.11040985282864853,WLS,85,1.8016865902539814e-05
1,B_svc,2,0.18120710567808057,5,0.18126553449427296,WLS,85,5.842881619239071e-05
2,UPFC_Vsh,5-15,1.1073901827229398,5,1.1098607262901983,WLS,85,0.0024705435672585097
3,UPFC_tsh,5-15,-0.23537667975996382,5,-0.23533904091090277,WLS,85,3.7638849061050195e-05
4,UPFC_Vse,5-15,0.059864162871906705,5,0.058148021648923076,WLS,85,0.001716141222983629
5,UPFC_tse,5-15,-2.1587325391978136,5,-2.1452626109895707,WLS,85,0.013469928208242887
0,x_tcsc,1-14,-0.11038984666218242,6,-0.11040985282864853,WLS,85,2.0006166466107755e-05
1,B_svc,2,0.1813506457805547,6,0.18126553449427296,WLS,85,8.511128628174713e-05
2,UPFC_Vsh,5-15,1.107527297765245,6,1.1098607262901983,WLS,85,0.0023334285249532183
3,UPFC_tsh,5-15,-0.23533465454066682,6,-0.23533904091090277,WLS,85,4.386370235948123e-06
4,UPFC_Vse,5-15,0.05937476645334544,6,0.058148021648923076,WLS,85,0.0012267448044223639
5,UPFC_tse,5-15,-2.1574392064452885,6,-2.1452626109895707,WLS,85,0.012176595455717809
0,x_tcsc,1-14,-0.11039848634447513,7,-0.11040985282864853,WLS,85,1.1366484173394586e-05
1,B_svc,2,0.18148207260162783,7,0.18126553449427296,WLS,85,0.00021653810735486334
2,UPFC_Vsh,5-15,1.107250017666337,7,1.1098607262901983,WLS,85,0.0026107086238613686
3,UPFC_tsh,5-15,-0.23538528371410358,7,-0.23533904091090277,WLS,85,4.624280320081331e-05
4,UPFC_Vse,5-15,0.05964134711863533,7,0.058148021648923076,WLS,85,0.001493325469712252
5,UPFC_tse,5-15,-2.1575874962771397,7,-2.1452626109895707,WLS,85,0.012324885287569032
0,x_tcsc,1-14,-0.11039727360747299,8,-0.11040985282864853,WLS,85,1.2579221175534894e-05
1,B_svc,2,0.18125568938499087,8,0.18126553449427296,WLS,85,9.845109282091702e-06
2,UPFC_Vsh,5-15,1.107426781868822,8,1.1098607262901983,WLS,85,0.002433944421376344
3,UPFC_tsh,5-15,-0.23530177409298894,8,-0.23533904091090277,WLS,85,3.726681791382802e-05
4,UPFC_Vse,5-15,0.05954324724574283,8,0.058148021648923076,WLS,85,0.0013952255968197533
5,UPFC_tse,5-15,-2.1576034730221663,8,-2.1452626109895707,WLS,85,0.012340862032595545
0,x_tcsc,1-14,-0.11041111299653447,9,-0.11040985282864853,WLS,85,1.2601678859441856e-06
1,B_svc,2,0.18132355430256863,9,0.18126553449427296,WLS,85,5.801980829567288e-05
2,UPFC_Vsh,5-15,1.10678495911854,9,1.1098607262901983,WLS,85,0.0030757671716583612
3,UPFC_tsh,5-15,-0.2354025679868012,9,-0.23533904091090277,WLS,85,6.35270758984341e-05
4,UPFC_Vse,5-15,0.05993495548477705,9,0.058148021648923076,WLS,85,0.0017869338358539738
5,UPFC_tse,5-15,-2.1552723326385195,9,-2.1452626109895707,WLS,85,0.010009721648948755
0,x_tcsc,1-14,-0.11038729614138443,10,-0.11040985282864853,WLS,85,2.2556687264099762e-05
1,B_svc,2,0.18128205026375502,10,0.18126553449427296,WLS,85,1.651576948205613e-05
2,UPFC_Vsh,5-15,1.107425933286401,10,1.1098607262901983,WLS,85,0.002434793003797342
3,UPFC_tsh,5-15,-0.23532793264138127,10,-0.23533904091090277,WLS,85,1.1108269521498126e-05
4,UPFC_Vse,5-15,0.06027908158931989,10,0.058148021648923076,WLS,85,0.0021310599403968136
5,UPFC_tse,5-15,-2.1556492122027717,10,-2.1452626109895707,WLS,85,0.010386601213201008
0,x_tcsc,1-14,-0.11039727039866998,11,-0.11040985282864853,WLS,85,1.2582429978549858e-05
1,B_svc,2,0.18146138780208138,11,0.18126553449427296,WLS,85,0.00019585330780841348
2,UPFC_Vsh,5-15,1.1074860276581715,11,1.1098607262901983,WLS,85,0.0023746986320267727
3,UPFC_tsh,5-15,-0.23530571014626286,11,-0.23533904091090277,WLS,85,3.333076463990503e-05
4,UPFC_Vse,5-15,0.059546481850139464,11,0.058148021648923076,WLS,85,0.001398460201216388
5,UPFC_tse,5-15,-2.1546274375696157,11,-2.1452626109895707,WLS,85,0.009364826580045005
0,x_tcsc,1-14,-0.1103972530385463,12,-0.11040985282864853,WLS,85,1.2599790102221786e-05
1,B_svc,2,0.18085652488551698,12,0.18126553449427296,WLS,85,0.000409009608755978
2,UPFC_Vsh,5-15,1.1074414654810234,12,1.1098607262901983,WLS,85,0.0024192608091748724
3,UPFC_tsh,5-15,-0.23527160176767503,12,-0.23533904091090277,WLS,85,6.74391432277377e-05
4,UPFC_Vse,5-15,0.06001610790747986,12,0.058148021648923076,WLS,85,0.001868086258556785
5,UPFC_tse,5-15,-2.1517475736054577,12,-2.1452626109895707,WLS,85,0.006484962615886936
0,x_tcsc,1-14,-0.11040350634676269,13,-0.11040985282864853,WLS,85,6.346481885841082e-06
1,B_svc,2,0.18127666480753712,13,0.18126553449427296,WLS,85,1.1130313264162695e-05
2,UPFC_Vsh,5-15,1.1073590097731083,13,1.1098607262901983,WLS,85,0.002501716517089969
3,UPFC_tsh,5-15,-0.23535175604254222,13,-0.23533904091090277,WLS,85,1.271513163944582e-05
4,UPFC_Vse,5-15,0.0594154983297462,13,0.058148021648923076,WLS,85,0.0012674766808231236
5,UPFC_tse,5-15,-2.1575487436124647,13,-2.1452626109895707,WLS,85,0.01228613262289402
0,x_tcsc,1-14,-0.11040459986150462,14,-0.11040985282864853,WLS,85,5.252967143903886e-06
1,B_svc,2,0.181616201202926,14,0.18126553449427296,WLS,85,0.00035066670865302463
2,UPFC_Vsh,5-15,1.1071478870642695,14,1.1098607262901983,WLS,85,0.002712839225928798
3,UPFC_tsh,5-15,-0.23532675961539573,14,-0.23533904091090277,WLS,85,1.2281295507038381e-05
4,UPFC_Vse,5-15,0.05977026321926923,14,0.058148021648923076,WLS,85,0.0016222415703461557
5,UPFC_tse,5-15,-2.1578451944310566,14,-2.1452626109895707,WLS,85,0.012582583441485884
0,x_tcsc,1-14,-0.11040363416229344,15,-0.11040985282864853,WLS,85,6.218666355084501e-06
1,B_svc,2,0.18112094202963117,15,0.18126553449427296,WLS,85,0.0001445924646417962
2,UPFC_Vsh,5-15,1.1072344401850192,15,1.1098607262901983,WLS,85,0.002626286105179121
3,UPFC_tsh,5-15,-0.23531763688454457,15,-0.23533904091090277,WLS,85,2.140402635819605e-05
4,UPFC_Vse,5-15,0.05931211534818338,15,0.058148021648923076,WLS,85,0.0011640936992603004
5,UPFC_tse,5-15,-2.15670285792824,15,-2.1452626109895707,WLS,85,0.011440246938669407
0,x_tcsc,1-14,-0.11038557938749428,16,-0.11040985282864853,WLS,85,2.4273441154243347e-05
1,B_svc,2,0.18154335904395705,16,0.18126553449427296,WLS,85,0.0002778245496840859
2,UPFC_Vsh,5-15,1.1071359262013944,16,1.1098607262901983,WLS,85,0.002724800088803825
3,UPFC_tsh,5-15,-0.23544563405748153,16,-0.23533904091090277,WLS,85,0.00010659314657876506
4,UPFC_Vse,5-15,0.060192913695869946,16,0.058148021648923076,WLS,85,0.0020448920469468695
5,UPFC_tse,5-15,-2.1573416680094897,16,-2.1452626109895707,WLS,85,0.01207905701991896
0,x_tcsc,1-14,-0.11040747451529474,17,-0.11040985282864853,WLS,85,2.378313353784689e-06
1,B_svc,2,0.181511188394764,17,0.18126553449427296,WLS,85,0.0002456539004910274
2,UPFC_Vsh,5-15,1.1070015957317663,17,1.1098607262901983,WLS,85,0.0028591305584320104
3,UPFC_tsh,5-15,-0.23536775128877804,17,-0.23533904091090277,WLS,85,2.8710377875273974e-05
4,UPFC_Vse,5-15,0.05955629469732932,17,0.058148021648923076,WLS,85,0.0014082730484062458
5,UPFC_tse,5-15,-2.1538292963135017,17,-2.1452626109895707,WLS,85,0.008566685323931011
0,x_tcsc,1-14,-0.11038795889725508,18,-0.11040985282864853,WLS,85,2.1893931393443533e-05
1,B_svc,2,0.1815626703011014,18,0.18126553449427296,WLS,85,0.0002971358068284413
2,UPFC_Vsh,5-15,1.1071723290566902,18,1.1098607262901983,WLS,85,0.0026883972335081108
3,UPFC_tsh,5-15,-0.23530307821862506,18,-0.23533904091090277,WLS,85,3.5962692277707875e-05
4,UPFC_Vse,5-15,0.0595056728058746,18,0.058148021648923076,WLS,85,0.0013576511569515226
5,UPFC_tse,5-15,-2.1573677378826828,18,-2.1452626109895707,WLS,85,0.01210512689311205
0,x_tcsc,1-14,-0.11040443047571383,19,-0.11040985282864853,WLS,85,5.422352934700281e-06
1,B_svc,2,0.18125096362437895,19,0.18126553449427296,WLS,85,1.4570869894009464e-05
2,UPFC_Vsh,5-15,1.1070787171425152,19,1.1098607262901983,WLS,85,0.0027820091476831177
3,UPFC_tsh,5-15,-0.2354199555395145,19,-0.23533904091090277,WLS,85,8.091462861173349e-05
4,UPFC_Vse,5-15,0.06010124318470118,19,0.058148021648923076,WLS,85,0.0019532215357781005
5,UPFC_tse,5-15,-2.1566139307518215,19,-2.1452626109895707,WLS,85,0.011351319762250789
0,x_tcsc,1-14,-0.11039728753192231,20,-0.11040985282864853,WLS,85,1.2565296726219088e-05
1,B_svc,2,0.1812483722886251,20,0.18126553449427296,WLS,85,1.716220564787485e-05
2,UPFC_Vsh,5-15,1.1072589029189777,20,1.1098607262901983,WLS,85,0.002601823371220613
3,UPFC_tsh,5-15,-0.23536991253181702,20,-0.23533904091090277,WLS,85,3.087162091425233e-05
4,UPFC_Vse,5-15,0.05973890748138141,20,0.058148021648923076,WLS,85,0.0015908858324583317
5,UPFC_tse,5-15,-2.1604455486396263,20,-2.1452626109895707,WLS,85,0.015182937650055628
0,x_tcsc,1-14,-0.1103994698971512,21,-0.11040985282864853,WLS,85,1.0382931497326942e-05
1,B_svc,2,0.18117657560836337,21,0.18126553449427296,WLS,85,8.895888590959578e-05
2,UPFC_Vsh,5-15,1.1073605490844045,21,1.1098607262901983,WLS,85,0.0025001772057937632
3,UPFC_tsh,5-15,-0.235349837950731,21,-0.23533904091090277,WLS,85,1.0797039828230881e-05
4,UPFC_Vse,5-15,0.05935110823612168,21,0.058148021648923076,WLS,85,0.0012030865871986013
5,UPFC_tse,5-15,-2.157795476594997,21,-2.1452626109895707,WLS,85,0.012532865605426213
0,x_tcsc,1-14,-0.11038590857046258,22,-0.11040985282864853,WLS,85,2.3944258185942813e-05
1,B_svc,2,0.1814401057935485,22,0.18126553449427296,WLS,85,0.00017457129927553328
2,UPFC_Vsh,5-15,1.1073154538876633,22,1.1098607262901983,WLS,85,0.0025452724025349927
3,UPFC_tsh,5-15,-0.23535551143378994,22,-0.23533904091090277,WLS,85,1.647052288716866e-05
4,UPFC_Vse,5-15,0.05940385950870807,22,0.058148021648923076,WLS,85,0.001255837859784996
5,UPFC_tse,5-15,-2.15766771379291,22,-2.1452626109895707,WLS,85,0.012405102803339396
0,x_tcsc,1-14,-0.11039922287634091,23,-0.11040985282864853,WLS,85,1.0629952307619761e-05
1,B_svc,2,0.18137341307910368,23,0.18126553449427296,WLS,85,0.00010787858483071733
2,UPFC_Vsh,5-15,1.1073354936015558,23,1.1098607262901983,WLS,85,0.0025252326886424648
3,UPFC_tsh,5-15,-0.2353493370380519,23,-0.23533904091090277,WLS,85,1.029612714911754e-05
4,UPFC_Vse,5-15,0.05975995619205356,23,0.058148021648923076,WLS,85,0.0016119345431304805
5,UPFC_tse,5-15,-2.1590580688433487,23,-2.1452626109895707,WLS,85,0.013795457853778004
0,x_tcsc,1-14,-0.11038879992998424,24,-0.11040985282864853,WLS,85,2.1052898664289388e-05
1,B_svc,2,0.1813921346099967,24,0.18126553449427296,WLS,85,0.00012660011572374064
2,UPFC_Vsh,5-15,1.1073332069093382,24,1.1098607262901983,WLS,85,0.002527519380860044
3,UPFC_tsh,5-15,-0.2353752992275096,24,-0.23533904091090277,WLS,85,3.625831660683532e-05
4,UPFC_Vse,5-15,0.05957817421888166,24,0.058148021648923076,WLS,85,0.0014301525699585843
5,UPFC_tse,5-15,-2.158301273224959,24,-2.1452626109895707,WLS,85,0.013038662235388188
0,x_tcsc,1-14,-0.11037835569381958,25,-0.11040985282864853,WLS,85,3.1497134828945006e-05
1,B_svc,2,0.18128259774542904,25,0.18126553449427296,WLS,85,1.7063251156079762e-05
2,UPFC_Vsh,5-15,1.1076140273692845,25,1.1098607262901983,WLS,85,0.002246698920913781
3,UPFC_tsh,5-15,-0.2353581582828603,25,-0.23533904091090277,WLS,85,1.911737195753327e-05
4,UPFC_Vse,5-15,0.05978708034773038,25,0.058148021648923076,WLS,85,0.0016390586988073025
5,UPFC_tse,5-15,-2.160475382532318,25,-2.1452626109895707,WLS,85,0.015212771542747472
0,x_tcsc,1-14,-0.11039340369173678,26,-0.11040985282864853,WLS,85,1.644913691174754e-05
1,B_svc,2,0.18154500927449002,26,0.18126553449427296,WLS,85,0.0002794747802170594
2,UPFC_Vsh,5-15,1.1073197780102715,26,1.1098607262901983,WLS,85,0.0025409482799267913
3,UPFC_tsh,5-15,-0.235348834895103,26,-0.23533904091090277,WLS,85,9.793984200229255e-06
4,UPFC_Vse,5-15,0.060054874532725684,26,0.058148021648923076,WLS,85,0.001906852883802608
5,UPFC_tse,5-15,-2.159410790115897,26,-2.1452626109895707,WLS,85,0.014148179126326266
0,x_tcsc,1-14,-0.11039227023706184,27,-0.11040985282864853,WLS,85,1.7582591586684515e-05
1,B_svc,2,0.18152657627254787,27,0.18126553449427296,WLS,85,0.0002610417782749064
2,UPFC_Vsh,5-15,1.1068923275591747,27,1.1098607262901983,WLS,85,0.0029683987310236137
3,UPFC_tsh,5-15,-0.2353560855485521,27,-0.23533904091090277,WLS,85,1.704463764934383e-05
4,UPFC_Vse,5-15,0.059823114676658594,27,0.058148021648923076,WLS,85,0.0016750930277355178
5,UPFC_tse,5-15,-2.1576998786997623,27,-2.1452626109895707,WLS,85,0.012437267710191602
0,x_tcsc,1-14,-0.11039145215033087,28,-0.11040985282864853,WLS,85,1.8400678317653796e-05
1,B_svc,2,0.18101602710771075,28,0.18126553449427296,WLS,85,0.00024950738656220883
2,UPFC_Vsh,5-15,1.107508334046597,28,1.1098607262901983,WLS,85,0.0023523922436012867
3,UPFC_tsh,5-15,-0.23529186811805855,28,-0.23533904091090277,WLS,85,4.7172792844218936e-05
4,UPFC_Vse,5-15,0.059499683415106655,28,0.058148021648923076,WLS,85,0.001351661766183579
5,UPFC_tse,5-15,-2.1594098864576057,28,-2.1452626109895707,WLS,85,0.014147275468034959
0,x_tcsc,1-14,-0.11039525142401072,29,-0.11040985282864853,WLS,85,1.4601404637812343e-05
1,B_svc,2,0.1810680910014938,29,0.18126553449427296,WLS,85,0.00019744349277917017
2,UPFC_Vsh,5-15,1.107251288042821,29,1.1098607262901983,WLS,85,0.0026094382473773603
3,UPFC_tsh,5-15,-0.23542533775112412,29,-0.23533904091090277,WLS,85,8.629684022135042e-05
4,UPFC_Vse,5-15,0.059846201292269356,29,0.058148021648923076,WLS,85,0.00169817964334628
5,UPFC_tse,5-15,-2.155441444417724,29,-2.1452626109895707,WLS,85,0.0101788334281534
0,x_tcsc,1-14,-0.11039518548016516,30,-0.11040985282864853,WLS,85,1.4667348483363152e-05
1,B_svc,2,0.18091487869384698,30,0.18126553449427296,WLS,85,0.00035065580042598077
2,UPFC_Vsh,5-15,1.1070365161348728,30,1.1098607262901983,WLS,85,0.002824210155325524
3,UPFC_tsh,5-15,-0.23530609072171274,30,-0.23533904091090277,WLS,85,3.295018919002857e-05
4,UPFC_Vse,5-15,0.05953988382385765,30,0.058148021648923076,WLS,85,0.0013918621749345744
5,UPFC_tse,5-15,-2.158149560522155,30,-2.1452626109895707,WLS,85,0.012886949532584069
0,x_tcsc,1-14,-0.11040412298422625,31,-0.11040985282864853,WLS,85,5.729844422278085e-06
1,B_svc,2,0.1813458152989247,31,0.18126553449427296,WLS,85,8.028080465175003e-05
2,UPFC_Vsh,5-15,1.1073142644465124,31,1.1098607262901983,WLS,85,0.002546461843685899
3,UPFC_tsh,5-15,-0.23537925060017936,31,-0.23533904091090277,WLS,85,4.020968927659352e-05
4,UPFC_Vse,5-15,0.05969881849041174,31,0.058148021648923076,WLS,85,0.0015507968414886636
5,UPFC_tse,5-15,-2.1584573765355017,31,-2.1452626109895707,WLS,85,0.01319476554593102
0,x_tcsc,1-14,-0.1103911154644461,32,-0.11040985282864853,WLS,85,1.8737364202423e-05
1,B_svc,2,0.1813087049373991,32,0.18126553449427296,WLS,85,4.3170443126128166e-05
2,UPFC_Vsh,5-15,1.1073976587955587,32,1.1098607262901983,WLS,85,0.002463067494639537
3,UPFC_tsh,5-15,-0.23537839824115925,32,-0.23533904091090277,WLS,85,3.9357330256478695e-05
4,UPFC_Vse,5-15,0.0593203114025704,32,0.058148021648923076,WLS,85,0.001172289753647325
5,UPFC_tse,5-15,-2.15896733834382,32,-2.1452626109895707,WLS,85,0.013704727354249435
0,x_tcsc,1-14,-0.11040140920207406,33,-0.11040985282864853,WLS,85,8.443626574469731e-06
1,B_svc,2,0.18158425483897314,33,0.18126553449427296,WLS,85,0.0003187203447001796
2,UPFC_Vsh,5-15,1.10737410113845,33,1.1098607262901983,WLS,85,0.002486625151748356
3,UPFC_tsh,5-15,-0.2353687930354708,33,-0.23533904091090277,WLS,85,2.9752124568044325e-05
4,UPFC_Vse,5-15,0.05960862211977836,33,0.058148021648923076,WLS,85,0.0014606004708552847
5,UPFC_tse,5-15,-2.1573311360930894,33,-2.1452626109895707,WLS,85,0.012068525103518635
0,x_tcsc,1-14,-0.11039454113471994,34,-0.11040985282864853,WLS,85,1.5311693928585224e-05
1,B_svc,2,0.18086194943017034,34,0.18126553449427296,WLS,85,0.00040358506410262396
2,UPFC_Vsh,5-15,1.1072943882496258,34,1.1098607262901983,WLS,85,0.002566338040572491
3,UPFC_tsh,5-15,-0.23536744638193255,34,-0.23533904091090277,WLS,85,2.840547102977986e-05
4,UPFC_Vse,5-15,0.05966713754967882,34,0.058148021648923076,WLS,85,0.0015191159007557423
5,UPFC_tse,5-15,-2.1574995411475455,34,-2.1452626109895707,WLS,85,0.012236930157974779
0,x_tcsc,1-14,-0.11039376475114271,35,-0.11040985282864853,WLS,85,1.6088077505818643e-05
1,B_svc,2,0.18172317609418745,35,0.18126553449427296,WLS,85,0.00045764159991448783
2,UPFC_Vsh,5-15,1.1074671830022536,35,1.1098607262901983,WLS,85,0.0023935432879447216
3,UPFC_tsh,5-15,-0.2353209311162289,35,-0.23533904091090277,WLS,85,1.810979467387064e-05
4,UPFC_Vse,5-15,0.05958541676962125,35,0.058148021648923076,WLS,85,0.0014373951206981747
5,UPFC_tse,5-15,-2.158315006403836,35,-2.1452626109895707,WLS,85,0.013052395414265394
0,x_tcsc,1-14,-0.11040619137527942,36,-0.11040985282864853,WLS,85,3.6614533691081697e-06
1,B_svc,2,0.1812193116784641,36,0.18126553449427296,WLS,85,4.622281580884957e-05
2,UPFC_Vsh,5-15,1.1077450501129613,36,1.1098607262901983,WLS,85,0.002115676177236958
3,UPFC_tsh,5-15,-0.2353677033673513,36,-0.23533904091090277,WLS,85,2.8662456448530493e-05
4,UPFC_Vse,5-15,0.059818958922066304,36,0.058148021648923076,WLS,85,0.0016709372731432276
5,UPFC_tse,5-15,-2.1588640564018227,36,-2.1452626109895707,WLS,85,0.013601445412251945
0,x_tcsc,1-14,-0.11040955463872881,37,-0.11040985282864853,WLS,85,2.9818991971464204e-07
1,B_svc,2,0.18167521956999205,37,0.18126553449427296,WLS,85,0.00040968507571909063
2,UPFC_Vsh,5-15,1.1075240083844717,37,1.1098607262901983,WLS,85,0.0023367179057265375
3,UPFC_tsh,5-15,-0.23532907446577128,37,-0.23533904091090277,WLS,85,9.966445131487367e-06
4,UPFC_Vse,5-15,0.05888949581348595,37,0.058148021648923076,WLS,85,0.0007414741645628761
5,UPFC_tse,5-15,-2.162896317472761,37,-2.1452626109895707,WLS,85,0.01763370648319018
0,x_tcsc,1-14,-0.11039944762976359,38,-0.11040985282864853,WLS,85,1.0405198884941291e-05
1,B_svc,2,0.1811861508750779,38,0.18126553449427296,WLS,85,7.938361919507253e-05
2,UPFC_Vsh,5-15,1.1075728951768948,38,1.1098607262901983,WLS,85,0.00228783111330344
3,UPFC_tsh,5-15,-0.23524752680685457,38,-0.23533904091090277,WLS,85,9.151410404820148e-05
4,UPFC_Vse,5-15,0.05968159644932083,38,0.058148021648923076,WLS,85,0.001533574800397751
5,UPFC_tse,5-15,-2.15529431825886,38,-2.1452626109895707,WLS,85,0.01003170726928948
0,x_tcsc,1-14,-0.11040952623488354,39,-0.11040985282864853,WLS,85,3.26593764990446e-07
1,B_svc,2,0.1817573662077796,39,0.18126553449427296,WLS,85,0.0004918317135066408
2,UPFC_Vsh,5-15,1.1074279504800024,39,1.1098607262901983,WLS,85,0.002432775810195853
3,UPFC_tsh,5-15,-0.23531493272632784,39,-0.23533904091090277,WLS,85,2.4108184574933578e-05
4,UPFC_Vse,5-15,0.059665400806374974,39,0.058148021648923076,WLS,85,0.001517379157451898
5,UPFC_tse,5-15,-2.1549520755371083,39,-2.1452626109895707,WLS,85,0.009689464547537607
0,x_tcsc,1-14,-0.11038573513170573,40,-0.11040985282864853,WLS,85,2.4117696942799194e-05
1,B_svc,2,0.18129953116060044,40,0.18126553449427296,WLS,85,3.399666632747378e-05
2,UPFC_Vsh,5-15,1.1074283755240646,40,1.1098607262901983,WLS,85,0.002432350766133684
3,UPFC_tsh,5-15,-0.235301711050334,40,-0.23533904091090277,WLS,85,3.7329860568757756e-05
4,UPFC_Vse,5-15,0.05966879729287379,40,0.058148021648923076,WLS,85,0.0015207756439507142
5,UPFC_tse,5-15,-2.157403999226787,40,-2.1452626109895707,WLS,85,0.012141388237216333
0,x_tcsc,1-14,-0.11039485227896328,41,-0.11040985282864853,WLS,85,1.5000549685242892e-05
1,B_svc,2,0.1818663882276031,41,0.18126553449427296,WLS,85,0.0006008537333301311
2,UPFC_Vsh,5-15,1.107215036329635,41,1.1098607262901983,WLS,85,0.0026456899605633577
3,UPFC_tsh,5-15,-0.2352839251260327,41,-0.23533904091090277,WLS,85,5.5115784870080065e-05
4,UPFC_Vse,5-15,0.059823327701704225,41,0.058148021648923076,WLS,85,0.001675306052781149
5,UPFC_tse,5-15,-2.1600291027037843,41,-2.1452626109895707,WLS,85,0.014766491714213625
0,x_tcsc,1-14,-0.1104035964262162,42,-0.11040985282864853,WLS,85,6.256402432333608e-06
1,B_svc,2,0.18132419013413067,42,0.18126553449427296,WLS,85,5.865563985771316e-05
2,UPFC_Vsh,5-15,1.1073680501675756,42,1.1098607262901983,WLS,85,0.0024926761226227168
3,UPFC_tsh,5-15,-0.23537292492896666,42,-0.23533904091090277,WLS,85,3.3884018063895516e-05
4,UPFC_Vse,5-15,0.05965879534693819,42,0.058148021648923076,WLS,85,0.001510773698015111
5,UPFC_tse,5-15,-2.154985388318088,42,-2.1452626109895707,WLS,85,0.009722777328517118
0,x_tcsc,1-14,-0.11038103058951332,43,-0.11040985282864853,WLS,85,2.8822239135209426e-05
1,B_svc,2,0.18115206138618314,43,0.18126553449427296,WLS,85,0.0001134731080898177
2,UPFC_Vsh,5-15,1.1072596007769344,43,1.1098607262901983,WLS,85,0.0026011255132638578
3,UPFC_tsh,5-15,-0.23534178448521062,43,-0.23533904091090277,WLS,85,2.7435743078507713e-06
4,UPFC_Vse,5-15,0.05979284288123855,43,0.058148021648923076,WLS,85,0.001644821232315477
5,UPFC_tse,5-15,-2.1579157192083795,43,-2.1452626109895707,WLS,85,0.012653108218808828
0,x_tcsc,1-14,-0.11038990630270049,44,-0.11040985282864853,WLS,85,1.9946525948041915e-05
1,B_svc,2,0.18107800515146522,44,0.18126553449427296,WLS,85,0.00018752934280774625
2,UPFC_Vsh,5-15,1.1070920537113005,44,1.1098607262901983,WLS,85,0.0027686725788977906
3,UPFC_tsh,5-15,-0.23533805724927498,44,-0.23533904091090277,WLS,85,9.836616277902888e-07
4,UPFC_Vse,5-15,0.0595031291325185,44,0.058148021648923076,WLS,85,0.0013551074835954219
5,UPFC_tse,5-15,-2.157705697929517,44,-2.1452626109895707,WLS,85,0.012443086939946113
0,x_tcsc,1-14,-0.11040028403611876,45,-0.11040985282864853,WLS,85,9.568792529765502e-06
1,B_svc,2,0.18139966231592794,45,0.18126553449427296,WLS,85,0.00013412782165497794
2,UPFC_Vsh,5-15,1.107201926194288,45,1.1098607262901983,WLS,85,0.002658800095910241
3,UPFC_tsh,5-15,-0.23539983729989367,45,-0.23533904091090277,WLS,85,6.07963889908969e-05
4,UPFC_Vse,5-15,0.05970587719931062,45,0.058148021648923076,WLS,85,0.001557855550387545
5,UPFC_tse,5-15,-2.1570018524923356,45,-2.1452626109895707,WLS,85,0.011739241502764841
0,x_tcsc,1-14,-0.11039924931843861,46,-0.11040985282864853,WLS,85,1.0603510209913902e-05
1,B_svc,2,0.18160458568100682,46,0.18126553449427296,WLS,85,0.0003390511867338575
2,UPFC_Vsh,5-15,1.1073863655787548,46,1.1098607262901983,WLS,85,0.0024743607114434685
3,UPFC_tsh,5-15,-0.23533147036304855,46,-0.23533904091090277,WLS,85,7.570547854218734e-06
4,UPFC_Vse,5-15,0.05966768536046807,46,0.058148021648923076,WLS,85,0.001519663711544994
5,UPFC_tse,5-15,-2.158665271506615,46,-2.1452626109895707,WLS,85,0.013402660517044307
0,x_tcsc,1-14,-0.11040576135578672,47,-0.11040985282864853,WLS,85,4.091472861803003e-06
1,B_svc,2,0.18117576912385994,47,0.18126553449427296,WLS,85,8.976537041302524e-05
2,UPFC_Vsh,5-15,1.1069184607258729,47,1.1098607262901983,WLS,85,0.002942265564325419
3,UPFC_tsh,5-15,-0.23535162459608383,47,-0.23533904091090277,WLS,85,1.2583685181061233e-05
4,UPFC_Vse,5-15,0.05962936911533716,47,0.058148021648923076,WLS,85,0.0014813474664140819
5,UPFC_tse,5-15,-2.1532810083298184,47,-2.1452626109895707,WLS,85,0.008018397340247674
0,x_tcsc,1-14,-0.1103903526623501,48,-0.11040985282864853,WLS,85,1.9500166298425103e-05
1,B_svc,2,0.18116789080567955,48,0.18126553449427296,WLS,85,9.764368859341288e-05
2,UPFC_Vsh,5-15,1.1074887712473485,48,1.1098607262901983,WLS,85,0.002371955042849816
3,UPFC_tsh,5-15,-0.23531321819436002,48,-0.23533904091090277,WLS,85,2.582271654275048e-05
4,UPFC_Vse,5-15,0.059705888266947074,48,0.058148021648923076,WLS,85,0.001557866618023998
5,UPFC_tse,5-15,-2.1602015020855285,48,-2.1452626109895707,WLS,85,0.014938891095957807
0,x_tcsc,1-14,-0.11039655738020611,49,-0.11040985282864853,WLS,85,1.329544844241859e-05
1,B_svc,2,0.18096821711814998,49,0.18126553449427296,WLS,85,0.00029731737612298526
2,UPFC_Vsh,5-15,1.1073302449048052,49,1.1098607262901983,WLS,85,0.002530481385393024
3,UPFC_tsh,5-15,-0.23531211815261585,49,-0.23533904091090277,WLS,85,2.6922758286918036e-05
4,UPFC_Vse,5-15,0.05986483146913782,49,0.058148021648923076,WLS,85,0.001716809820214743
5,UPFC_tse,5-15,-2.16056940848128,49,-2.1452626109895707,WLS,85,0.015306797491709379
0,x_tcsc,1-14,-0.11039248397642774,50,-0.11040985282864853,WLS,85,1.736885222078377e-05
1,B_svc,2,0.1811085200165562,50,0.18126553449427296,WLS,85,0.0001570144777167659
2,UPFC_Vsh,5-15,1.1074168652321146,50,1.1098607262901983,WLS,85,0.002443861058083696
3,UPFC_tsh,5-15,-0.23537441618719476,50,-0.23533904091090277,WLS,85,3.537527629199344e-05
4,UPFC_Vse,5-15,0.05971386161810902,50,0.058148021648923076,WLS,85,0.0015658399691859462
5,UPFC_tse,5-15,-2.157620378397966,50,-2.1452626109895707,WLS,85,0.012357767408395226
0,x_tcsc,1-14,-0.11039504108461949,51,-0.11040985282864853,WLS,85,1.4811744029036289e-05
1,B_svc,2,0.18127612182524785,51,0.18126553449427296,WLS,85,1.0587330974892728e-05
2,UPFC_Vsh,5-15,1.10719373661224,51,1.1098607262901983,WLS,85,0.002666989677958309
3,UPFC_tsh,5-15,-0.2353752080444465,51,-0.23533904091090277,WLS,85,3.616713354373524e-05
4,UPFC_Vse,5-15,0.05971851846832704,51,0.058148021648923076,WLS,85,0.001570496819403966
5,UPFC_tse,5-15,-2.1559548805036926,51,-2.1452626109895707,WLS,85,0.010692269514121833
0,x_tcsc,1-14,-0.11041235508077012,52,-0.11040985282864853,WLS,85,2.5022521215889437e-06
1,B_svc,2,0.18148026496325018,52,0.18126553449427296,WLS,85,0.00021473046897721448
2,UPFC_Vsh,5-15,1.1070974090180234,52,1.1098607262901983,WLS,85,0.0027633172721748256
3,UPFC_tsh,5-15,-0.23532790217486513,52,-0.23533904091090277,WLS,85,1.1138736037641372e-05
4,UPFC_Vse,5-15,0.0596729895093887,52,0.058148021648923076,WLS,85,0.0015249678604656244
5,UPFC_tse,5-15,-2.1572108915747137,52,-2.1452626109895707,WLS,85,0.011948280585142967
0,x_tcsc,1-14,-0.1104082398310177,53,-0.11040985282864853,WLS,85,1.6129976308232319e-06
1,B_svc,2,0.1817203413077526,53,0.18126553449427296,WLS,85,0.0004548068134796468
2,UPFC_Vsh,5-15,1.1074977268975,53,1.1098607262901983,WLS,85,0.0023629993926983506
3,UPFC_tsh,5-15,-0.23530734563469619,53,-0.23533904091090277,WLS,85,3.1695276206583634e-05
4,UPFC_Vse,5-15,0.05953910263977122,53,0.058148021648923076,WLS,85,0.0013910809908481425
5,UPFC_tse,5-15,-2.1554164269800262,53,-2.1452626109895707,WLS,85,0.010153815990455506
0,x_tcsc,1-14,-0.11039090888703615,54,-0.11040985282864853,WLS,85,1.894394161237878e-05
1,B_svc,2,0.18166564766162752,54,0.18126553449427296,WLS,85,0.0004001131673545544
2,UPFC_Vsh,5-15,1.1070636912093397,54,1.1098607262901983,WLS,85,0.002797035080858601
3,UPFC_tsh,5-15,-0.23540534485202758,54,-0.23533904091090277,WLS,85,6.630394112480675e-05
4,UPFC_Vse,5-15,0.06002131817746567,54,0.058148021648923076,WLS,85,0.001873296528542595
5,UPFC_tse,5-15,-2.1573295999781337,54,-2.1452626109895707,WLS,85,0.012066988988562954
0,x_tcsc,1-14,-0.11039880777864261,55,-0.11040985282864853,WLS,85,1.1045050005917267e-05
1,B_svc,2,0.18179031683186692,55,0.18126553449427296,WLS,85,0.0005247823375939542
2,UPFC_Vsh,5-15,1.1069559458879163,55,1.1098607262901983,WLS,85,0.0029047804022819257
3,UPFC_tsh,5-15,-0.23539218431531914,55,-0.23533904091090277,WLS,85,5.3143404416367e-05
4,UPFC_Vse,5-15,0.05967473964660967,55,0.058148021648923076,WLS,85,0.0015267179976865969
5,UPFC_tse,5-15,-2.1594195292382934,55,-2.1452626109895707,WLS,85,0.014156918248722672
0,x_tcsc,1-14,-0.11040001403426541,56,-0.11040985282864853,WLS,85,9.83879438311297e-06
1,B_svc,2,0.18135849216004668,56,0.18126553449427296,WLS,85,9.295766577371856e-05
2,UPFC_Vsh,5-15,1.1074949937027476,56,1.1098607262901983,WLS,85,0.002365732587450653
3,UPFC_tsh,5-15,-0.2352820216189133,56,-0.23533904091090277,WLS,85,5.701929198947964e-05
4,UPFC_Vse,5-15,0.05971629539285469,56,0.058148021648923076,WLS,85,0.0015682737439316127
5,UPFC_tse,5-15,-2.1567359370945995,56,-2.1452626109895707,WLS,85,0.011473326105028825
0,x_tcsc,1-14,-0.11038549919277127,57,-0.11040985282864853,WLS,85,2.435363587725836e-05
1,B_svc,2,0.18101676905370795,57,0.18126553449427296,WLS,85,0.00024876544056501304
2,UPFC_Vsh,5-15,1.1075695658478224,57,1.1098607262901983,WLS,85,0.0022911604423758725
3,UPFC_tsh,5-15,-0.23526415147808521,57,-0.23533904091090277,WLS,85,7.488943281755422e-05
4,UPFC_Vse,5-15,0.059220570959112935,57,0.058148021648923076,WLS,85,0.001072549310189859
5,UPFC_tse,5-15,-2.1590145984264275,57,-2.1452626109895707,WLS,85,0.013751987436856794
0,x_tcsc,1-14,-0.11039628300834319,58,-0.11040985282864853,WLS,85,1.3569820305342484e-05
1,B_svc,2,0.18112187985845007,58,0.18126553449427296,WLS,85,0.0001436546358228874
2,UPFC_Vsh,5-15,1.1074342670424515,58,1.1098607262901983,WLS,85,0.0024264592477467595
3,UPFC_tsh,5-15,-0.23532331757652478,58,-0.23533904091090277,WLS,85,1.572333437799278e-05
4,UPFC_Vse,5-15,0.05984222112710125,58,0.058148021648923076,WLS,85,0.001694199478178171
5,UPFC_tse,5-15,-2.1560871031652638,58,-2.1452626109895707,WLS,85,0.010824492175693035
0,x_tcsc,1-14,-0.11040062750437002,59,-0.11040985282864853,WLS,85,9.225324278508418e-06
1,B_svc,2,0.1809609233708278,59,0.18126553449427296,WLS,85,0.0003046111234451532
2,UPFC_Vsh,5-15,1.1072392998070928,59,1.1098607262901983,WLS,85,0.0026214264831054823
3,UPFC_tsh,5-15,-0.23526348442932207,59,-0.23533904091090277,WLS,85,7.555648158069639e-05
4,UPFC_Vse,5-15,0.05980737544200592,59,0.058148021648923076,WLS,85,0.0016593537930828448
5,UPFC_tse,5-15,-2.1590076556513993,59,-2.1452626109895707,WLS,85,0.013745044661828576
0,x_tcsc,1-14,-0.1103801160223398,60,-0.11040985282864853,WLS,85,2.9736806308730546e-05
1,B_svc,2,0.1816551169522314,60,0.18126553449427296,WLS,85,0.00038958245795844837
2,UPFC_Vsh,5-15,1.107538744864422,60,1.1098607262901983,WLS,85,0.0023219814257762206
3,UPFC_tsh,5-15,-0.2354121532327196,60,-0.23533904091090277,WLS,85,7.311232181683724e-05
4,UPFC_Vse,5-15,0.059698210865250345,60,0.058148021648923076,WLS,85,0.001550189216327269
5,UPFC_tse,5-15,-2.1578282875812085,60,-2.1452626109895707,WLS,85,0.012565676591637764
0,x_tcsc,1-14,-0.11039415328654188,61,-0.11040985282864853,WLS,85,1.569954210664526e-05
1,B_svc,2,0.18159027910685288,61,0.18126553449427296,WLS,85,0.00032474461257991916
2,UPFC_Vsh,5-15,1.107368465518173,61,1.1098607262901983,WLS,85,0.0024922607720252454
3,UPFC_tsh,5-15,-0.23530258146788738,61,-0.23533904091090277,WLS,85,3.6459443015390836e-05
4,UPFC_Vse,5-15,0.059722903616814434,61,0.058148021648923076,WLS,85,0.0015748819678913575
5,UPFC_tse,5-15,-2.157043798779091,61,-2.1452626109895707,WLS,85,0.01178118778952042
0,x_tcsc,1-14,-0.11038413279322372,62,-0.11040985282864853,WLS,85,2.572003542480883e-05
1,B_svc,2,0.18142202495635956,62,0.18126553449427296,WLS,85,0.00015649046208660033
2,UPFC_Vsh,5-15,1.1070531216212514,62,1.1098607262901983,WLS,85,0.002807604668946917
3,UPFC_tsh,5-15,-0.23533755095240805,62,-0.23533904091090277,WLS,85,1.489958494721444e-06
4,UPFC_Vse,5-15,0.05931103349020511,62,0.058148021648923076,WLS,85,0.0011630118412820356
5,UPFC_tse,5-15,-2.1587455792948194,62,-2.1452626109895707,WLS,85,0.013482968305248644
0,x_tcsc,1-14,-0.11039245855122316,63,-0.11040985282864853,WLS,85,1.739427742536437e-05
1,B_svc,2,0.18157265027481925,63,0.18126553449427296,WLS,85,0.00030711578054629096
2,UPFC_Vsh,5-15,1.1073373727212221,63,1.1098607262901983,WLS,85,0.00252335356897615
3,UPFC_tsh,5-15,-0.2353448410409444,63,-0.23533904091090277,WLS,85,5.800130041644369e-06
4,UPFC_Vse,5-15,0.059114514110993076,63,0.058148021648923076,WLS,85,0.0009664924620699997
5,UPFC_tse,5-15,-2.158836205581724,63,-2.1452626109895707,WLS,85,0.013573594592153349
0,x_tcsc,1-14,-0.1103996858512777,64,-0.11040985282864853,WLS,85,1.0166977370829056e-05
1,B_svc,2,0.18120470086681204,64,0.18126553449427296,WLS,85,6.083362746092669e-05
2,UPFC_Vsh,5-15,1.1072415359125412,64,1.1098607262901983,WLS,85,0.0026191903776571213
3,UPFC_tsh,5-15,-0.2353371982266322,64,-0.23533904091090277,WLS,85,1.842684270558781e-06
4,UPFC_Vse,5-15,0.059759040908630524,64,0.058148021648923076,WLS,85,0.0016110192597074482
5,UPFC_tse,5-15,-2.1537841886315685,64,-2.1452626109895707,WLS,85,0.00852157764199779
0,x_tcsc,1-14,-0.11041167061560325,65,-0.11040985282864853,WLS,85,1.8177869547247871e-06
1,B_svc,2,0.18121809125613883,65,0.18126553449427296,WLS,85,4.744323813413165e-05
2,UPFC_Vsh,5-15,1.1074850349434455,65,1.1098607262901983,WLS,85,0.0023756913467527507
3,UPFC_tsh,5-15,-0.235358414631324,65,-0.23533904091090277,WLS,85,1.9373720421239637e-05
4,UPFC_Vse,5-15,0.05965342937360739,65,0.058148021648923076,WLS,85,0.0015054077246843128
5,UPFC_tse,5-15,-2.1555971136577097,65,-2.1452626109895707,WLS,85,0.010334502668138956
0,x_tcsc,1-14,-0.11039024225393551,66,-0.11040985282864853,WLS,85,1.9610574713016526e-05
1,B_svc,2,0.18159239036907837,66,0.18126553449427296,WLS,85,0.00032685587480540956
2,UPFC_Vsh,5-15,1.1073892399681382,66,1.1098607262901983,WLS,85,0.002471486322060068
3,UPFC_tsh,5-15,-0.23534505236195138,66,-0.23533904091090277,WLS,85,6.011451048615335e-06
4,UPFC_Vse,5-15,0.059719149535757986,66,0.058148021648923076,WLS,85,0.0015711278868349096
5,UPFC_tse,5-15,-2.155607754568863,66,-2.1452626109895707,WLS,85,0.010345143579292504
0,x_tcsc,1-14,-0.11040309203017983,67,-0.11040985282864853,WLS,85,6.760798468702367e-06
1,B_svc,2,0.18141237250104797,67,0.18126553449427296,WLS,85,0.00014683800677500747
2,UPFC_Vsh,5-15,1.107458054344425,67,1.1098607262901983,WLS,85,0.0024026719457732604
3,UPFC_tsh,5-15,-0.23529163191869487,67,-0.23533904091090277,WLS,85,4.740899220789796e-05
4,UPFC_Vse,5-15,0.05978585817084446,67,0.058148021648923076,WLS,85,0.0016378365219213847
5,UPFC_tse,5-15,-2.1559070118574164,67,-2.1452626109895707,WLS,85,0.010644400867845683
0,x_tcsc,1-14,-0.11039590269027294,68,-0.11040985282864853,WLS,85,1.395013837558745e-05
1,B_svc,2,0.1816458160961271,68,0.18126553449427296,WLS,85,0.0003802816018541322
2,UPFC_Vsh,5-15,1.1072605477424986,68,1.1098607262901983,WLS,85,0.002600178547699672
3,UPFC_tsh,5-15,-0.235322170353269,68,-0.23533904091090277,WLS,85,1.6870557633774652e-05
4,UPFC_Vse,5-15,0.059826745579075864,68,0.058148021648923076,WLS,85,0.0016787239301527881
5,UPFC_tse,5-15,-2.157553370736116,68,-2.1452626109895707,WLS,85,0.012290759746545366
0,x_tcsc,1-14,-0.11040136399099186,69,-0.11040985282864853,WLS,85,8.488837656667192e-06
1,B_svc,2,0.18161966815851732,69,0.18126553449427296,WLS,85,0.00035413366424436044
2,UPFC_Vsh,5-15,1.1076292405032113,69,1.1098607262901983,WLS,85,0.002231485786986953
3,UPFC_tsh,5-15,-0.23537840213952607,69,-0.23533904091090277,WLS,85,3.936122862330249e-05
4,UPFC_Vse,5-15,0.059130623648024114,69,0.058148021648923076,WLS,85,0.0009826019991010376
5,UPFC_tse,5-15,-2.161997128773607,69,-2.1452626109895707,WLS,85,0.016734517784036118
0,x_tcsc,1-14,-0.11040101751357895,70,-0.11040985282864853,WLS,85,8.83531506958024e-06
1,B_svc,2,0.18175331591083288,70,0.18126553449427296,WLS,85,0.00048778141655991814
2,UPFC_Vsh,5-15,1.1079305181933372,70,1.1098607262901983,WLS,85,0.0019302080968610635
3,UPFC_tsh,5-15,-0.23531890527428265,70,-0.23533904091090277,WLS,85,2.0135636620122188e-05
4,UPFC_Vse,5-15,0.05958192088127954,70,0.058148021648923076,WLS,85,0.0014338992323564628
5,UPFC_tse,5-15,-2.156213675389009,70,-2.1452626109895707,WLS,85,0.01095106439943816
0,x_tcsc,1-14,-0.11040137548363078,71,-0.11040985282864853,WLS,85,8.477345017743332e-06
1,B_svc,2,0.18128766600249732,71,0.18126553449427296,WLS,85,2.2131508224360052e-05
2,UPFC_Vsh,5-15,1.1072934318120904,71,1.1098607262901983,WLS,85,0.0025672944781078844
3,UPFC_tsh,5-15,-0.23528514687104118,71,-0.23533904091090277,WLS,85,5.389403986158503e-05
4,UPFC_Vse,5-15,0.059131455218104395,71,0.058148021648923076,WLS,85,0.000983433569181319
5,UPFC_tse,5-15,-2.1601648749989035,71,-2.1452626109895707,WLS,85,0.01490226400933281
0,x_tcsc,1-14,-0.11040281965511799,72,-0.11040985282864853,WLS,85,7.033173530540671e-06
1,B_svc,2,0.18122273219918156,72,0.18126553449427296,WLS,85,4.280229509140421e-05
2,UPFC_Vsh,5-15,1.1075014867591044,72,1.1098607262901983,WLS,85,0.0023592395310938485
3,UPFC_tsh,5-15,-0.23536499384813103,72,-0.23533904091090277,WLS,85,2.5952937228262973e-05
4,UPFC_Vse,5-15,0.059451880564364526,72,0.058148021648923076,WLS,85,0.0013038589154414498
5,UPFC_tse,5-15,-2.1578922750410694,72,-2.1452626109895707,WLS,85,0.012629664051498679
0,x_tcsc,1-14,-0.11040709699891828,73,-0.11040985282864853,WLS,85,2.7558297302499035e-06
1,B_svc,2,0.18104661274559994,73,0.18126553449427296,WLS,85,0.00021892174867302328
2,UPFC_Vsh,5-15,1.1072746545443504,73,1.1098607262901983,WLS,85,0.0025860717458479066
3,UPFC_tsh,5-15,-0.23529657629263104,73,-0.23533904091090277,WLS,85,4.2464618271731425e-05
4,UPFC_Vse,5-15,0.05961065513194696,73,0.058148021648923076,WLS,85,0.0014626334830238827
5,UPFC_tse,5-15,-2.157371137119939,73,-2.1452626109895707,WLS,85,0.012108526130368169
0,x_tcsc,1-14,-0.11037983142465622,74,-0.11040985282864853,WLS,85,3.002140399230302e-05
1,B_svc,2,0.18112259156176722,74,0.18126553449427296,WLS,85,0.0001429429325057463
2,UPFC_Vsh,5-15,1.107447205272866,74,1.1098607262901983,WLS,85,0.0024135210173321653
3,UPFC_tsh,5-15,-0.23530994843600583,74,-0.23533904091090277,WLS,85,2.909247489693567e-05
4,UPFC_Vse,5-15,0.059671347923058,74,0.058148021648923076,WLS,85,0.0015233262741349216
5,UPFC_tse,5-15,-2.1548501647712475,74,-2.1452626109895707,WLS,85,0.00958755378167675
0,x_tcsc,1-14,-0.11040094028962102,75,-0.11040985282864853,WLS,85,8.912539027502997e-06
1,B_svc,2,0.18186640048864222,75,0.18126553449427296,WLS,85,0.0006008659943692596
2,UPFC_Vsh,5-15,1.106826863051949,75,1.1098607262901983,WLS,85,0.003033863238249168
3,UPFC_tsh,5-15,-0.23533510958264647,75,-0.23533904091090277,WLS,85,3.93132825629583e-06
4,UPFC_Vse,5-15,0.05960117299212866,75,0.058148021648923076,WLS,85,0.0014531513432055818
5,UPFC_tse,5-15,-2.1591714609290777,75,-2.1452626109895707,WLS,85,0.013908849939507029
0,x_tcsc,1-14,-0.11040153219798422,76,-0.11040985282864853,WLS,85,8.320630664304662e-06
1,B_svc,2,0.18138958726850266,76,0.18126553449427296,WLS,85,0.00012405277422969374
2,UPFC_Vsh,5-15,1.1076315431158665,76,1.1098607262901983,WLS,85,0.002229183174331739
3,UPFC_tsh,5-15,-0.23532057768759124,76,-0.23533904091090277,WLS,85,1.8463223311532273e-05
4,UPFC_Vse,5-15,0.059914982745388715,76,0.058148021648923076,WLS,85,0.0017669610964656385
5,UPFC_tse,5-15,-2.1575670964944065,76,-2.1452626109895707,WLS,85,0.01230448550483576
0,x_tcsc,1-14,-0.11040009865983832,77,-0.11040985282864853,WLS,85,9.754168810202635e-06
1,B_svc,2,0.18143272629659007,77,0.18126553449427296,WLS,85,0.00016719180231711261
2,UPFC_Vsh,5-15,1.1072909451083957,77,1.1098607262901983,WLS,85,0.0025697811818026217
3,UPFC_tsh,5-15,-0.23536435420357968,77,-0.23533904091090277,WLS,85,2.5313292676909516e-05
4,UPFC_Vse,5-15,0.05994812749061025,77,0.058148021648923076,WLS,85,0.0018001058416871746
5,UPFC_tse,5-15,-2.1610917912210157,77,-2.1452626109895707,WLS,85,0.015829180231444973
0,x_tcsc,1-14,-0.11039531388704116,78,-0.11040985282864853,WLS,85,1.4538941607369904e-05
1,B_svc,2,0.18110469471571794,78,0.18126553449427296,WLS,85,0.00016083977855502196
2,UPFC_Vsh,5-15,1.1073927212469636,78,1.1098607262901983,WLS,85,0.0024680050432346334
3,UPFC_tsh,5-15,-0.2353470235250597,78,-0.23533904091090277,WLS,85,7.98261415693724e-06
4,UPFC_Vse,5-15,0.05958147002895788,78,0.058148021648923076,WLS,85,0.001433448380034806
5,UPFC_tse,5-15,-2.158172124007819,78,-2.1452626109895707,WLS,85,0.012909513018248386
0,x_tcsc,1-14,-0.11039947977996266,79,-0.11040985282864853,WLS,85,1.0373048685868858e-05
1,B_svc,2,0.1813716016205286,79,0.18126553449427296,WLS,85,0.0001060671262556323
2,UPFC_Vsh,5-15,1.1074582807255038,79,1.1098607262901983,WLS,85,0.0024024455646944887
3,UPFC_tsh,5-15,-0.23536770513260857,79,-0.23533904091090277,WLS,85,2.8664221705804183e-05
4,UPFC_Vse,5-15,0.05951208334125485,79,0.058148021648923076,WLS,85,0.001364061692331775
5,UPFC_tse,5-15,-2.1603318975033527,79,-2.1452626109895707,WLS,85,0.015069286513782032
0,x_tcsc,1-14,-0.11039397596909627,80,-0.11040985282864853,WLS,85,1.5876859552260703e-05
1,B_svc,2,0.18123841729121457,80,0.18126553449427296,WLS,85,2.71172030583966e-05
2,UPFC_Vsh,5-15,1.1070912569788276,80,1.1098607262901983,WLS,85,0.002769469311370676
3,UPFC_tsh,5-15,-0.2353863763052103,80,-0.23533904091090277,WLS,85,4.7335394307540524e-05
4,UPFC_Vse,5-15,0.05968566097194377,80,0.058148021648923076,WLS,85,0.001537639323020694
5,UPFC_tse,5-15,-2.1591470224939426,80,-2.1452626109895707,WLS,85,0.013884411504371919
0,x_tcsc,1-14,-0.11040632518115294,81,-0.11040985282864853,WLS,85,3.527647495588093e-06
1,B_svc,2,0.1808423860243984,81,0.18126553449427296,WLS,85,0.000423148469874568
2,UPFC_Vsh,5-15,1.1075180982612012,81,1.1098607262901983,WLS,85,0.0023426280289970958
3,UPFC_tsh,5-15,-0.2353545304603762,81,-0.23533904091090277,WLS,85,1.548954947341863e-05
4,UPFC_Vse,5-15,0.060089031066992225,81,0.058148021648923076,WLS,85,0.0019410094180691492
5,UPFC_tse,5-15,-2.1564894311027727,81,-2.1452626109895707,WLS,85,0.011226820113201974
0,x_tcsc,1-14,-0.1103950955140778,82,-0.11040985282864853,WLS,85,1.4757314570720825e-05
1,B_svc,2,0.18124752411336897,82,0.18126553449427296,WLS,85,1.8010380903987766e-05
2,UPFC_Vsh,5-15,1.1073959100430104,82,1.1098607262901983,WLS,85,0.002464816247187862
3,UPFC_tsh,5-15,-0.23533815494674443,82,-0.23533904091090277,WLS,85,8.859641583425226e-07
4,UPFC_Vse,5-15,0.059501623289157424,82,0.058148021648923076,WLS,85,0.0013536016402343476
5,UPFC_tse,5-15,-2.1572233735345456,82,-2.1452626109895707,WLS,85,0.011960762544974912
0,x_tcsc,1-14,-0.11038811531575408,83,-0.11040985282864853,WLS,85,2.1737512894443034e-05
1,B_svc,2,0.18141849511773467,83,0.18126553449427296,WLS,85,0.00015296062346170647
2,UPFC_Vsh,5-15,1.107454145032008,83,1.1098607262901983,WLS,85,0.0024065812581903767
3,UPFC_tsh,5-15,-0.23539329382635613,83,-0.23533904091090277,WLS,85,5.425291545335664e-05
4,UPFC_Vse,5-15,0.059786908116384915,83,0.058148021648923076,WLS,85,0.0016388864674618392
5,UPFC_tse,5-15,-2.1586185865350545,83,-2.1452626109895707,WLS,85,0.013355975545483734
0,x_tcsc,1-14,-0.11041210658893647,84,-0.11040985282864853,WLS,85,2.253760287937445e-06
1,B_svc,2,0.18154235711115266,84,0.18126553449427296,WLS,85,0.0002768226168796961
2,UPFC_Vsh,5-15,1.1072627150647933,84,1.1098607262901983,WLS,85,0.002598011225404928
3,UPFC_tsh,5-15,-0.23531003977875498,84,-0.23533904091090277,WLS,85,2.900113214779343e-05
4,UPFC_Vse,5-15,0.05963514582694143,84,0.058148021648923076,WLS,85,0.0014871241780183564
5,UPFC_tse,5-15,-2.156817714742037,84,-2.1452626109895707,WLS,85,0.011555103752466156
0,x_tcsc,1-14,-0.11039662307131451,85,-0.11040985282864853,WLS,85,1.3229757334018433e-05
1,B_svc,2,0.18107221790434896,85,0.18126553449427296,WLS,85,0.00019331658992399747
2,UPFC_Vsh,5-15,1.107308921680772,85,1.1098607262901983,WLS,85,0.002551804609426167
3,UPFC_tsh,5-15,-0.23532314404354965,85,-0.23533904091090277,WLS,85,1.5896867353121236e-05
4,UPFC_Vse,5-15,0.05976978256387929,85,0.058148021648923076,WLS,85,0.0016217609149562148
5,UPFC_tse,5-15,-2.1565319994846868,85,-2.1452626109895707,WLS,85,0.01126938849511605
0,x_tcsc,1-14,-0.11038778809600447,86,-0.11040985282864853,WLS,85,2.2064732644058727e-05
1,B_svc,2,0.18113572065346764,86,0.18126553449427296,WLS,85,0.00012981384080532066
2,UPFC_Vsh,5-15,1.1075439680002233,86,1.1098607262901983,WLS,85,0.0023167582899750183
3,UPFC_tsh,5-15,-0.23529488909825436,86,-0.23533904091090277,WLS,85,4.415181264841306e-05
4,UPFC_Vse,5-15,0.059834665610045655,86,0.058148021648923076,WLS,85,0.001686643961122579
5,UPFC_tse,5-15,-2.1544439969224496,86,-2.1452626109895707,WLS,85,0.009181385932878872
0,x_tcsc,1-14,-0.11038532701664505,87,-0.11040985282864853,WLS,85,2.452581200347581e-05
1,B_svc,2,0.18110662136225375,87,0.18126553449427296,WLS,85,0.00015891313201921164
2,UPFC_Vsh,5-15,1.1074470221421722,87,1.1098607262901983,WLS,85,0.002413704148026108
3,UPFC_tsh,5-15,-0.2353225787939178,87,-0.23533904091090277,WLS,85,1.646211698497213e-05
4,UPFC_Vse,5-15,0.05980296548617158,87,0.058148021648923076,WLS,85,0.0016549438372485056
5,UPFC_tse,5-15,-2.157798829184777,87,-2.1452626109895707,WLS,85,0.012536218195206228
0,x_tcsc,1-14,-0.1103917993876882,88,-0.11040985282864853,WLS,85,1.8053440960327793e-05
1,B_svc,2,0.18108588508536447,88,0.18126553449427296,WLS,85,0.00017964940890849435
2,UPFC_Vsh,5-15,1.1074707656459852,88,1.1098607262901983,WLS,85,0.0023899606442130406
3,UPFC_tsh,5-15,-0.23538123001979502,88,-0.23533904091090277,WLS,85,4.218910889225436e-05
4,UPFC_Vse,5-15,0.0592950471674347,88,0.058148021648923076,WLS,85,0.0011470255185116254
5,UPFC_tse,5-15,-2.162065116049432,88,-2.1452626109895707,WLS,85,0.01680250505986125
0,x_tcsc,1-14,-0.11039131890439113,89,-0.11040985282864853,WLS,85,1.8533924257393974e-05
1,B_svc,2,0.1810677109759229,89,0.18126553449427296,WLS,85,0.00019782351835007095
2,UPFC_Vsh,5-15,1.1073960539979442,89,1.1098607262901983,WLS,85,0.002464672292254111
3,UPFC_tsh,5-15,-0.23533405485201656,89,-0.23533904091090277,WLS,85,4.98605888621384e-06
4,UPFC_Vse,5-15,0.059464133108008695,89,0.058148021648923076,WLS,85,0.0013161114590856185
5,UPFC_tse,5-15,-2.1596551415208114,89,-2.1452626109895707,WLS,85,0.014392530531240677
0,x_tcsc,1-14,-0.11039279742899197,90,-0.11040985282864853,WLS,85,1.7055399656559778e-05
1,B_svc,2,0.1817417652172289,90,0.18126553449427296,WLS,85,0.00047623072295593927
2,UPFC_Vsh,5-15,1.1075793696265175,90,1.1098607262901983,WLS,85,0.002281356663680789
3,UPFC_tsh,5-15,-0.23530867628101917,90,-0.23533904091090277,WLS,85,3.0364629883594674e-05
4,UPFC_Vse,5-15,0.05936927538476499,90,0.058148021648923076,WLS,85,0.0012212537358419137
5,UPFC_tse,5-15,-2.1596488291526277,90,-2.1452626109895707,WLS,85,0.014386218163056963
0,x_tcsc,1-14,-0.11039941830300097,91,-0.11040985282864853,WLS,85,1.043452564755687e-05
1,B_svc,2,0.18095858701226686,91,0.18126553449427296,WLS,85,0.00030694748200610356
2,UPFC_Vsh,5-15,1.1076090720457983,91,1.1098607262901983,WLS,85,0.002251654244399992
3,UPFC_tsh,5-15,-0.23530181755755944,91,-0.23533904091090277,WLS,85,3.722335334332971e-05
4,UPFC_Vse,5-15,0.059695372110457605,91,0.058148021648923076,WLS,85,0.0015473504615345288
5,UPFC_tse,5-15,-2.1563421635971407,91,-2.1452626109895707,WLS,85,0.011079552607569987
0,x_tcsc,1-14,-0.11040579620409682,92,-0.11040985282864853,WLS,85,4.056624551704302e-06
1,B_svc,2,0.18126165373252165,92,0.18126553449427296,WLS,85,3.880761751312578e-06
2,UPFC_Vsh,5-15,1.1076720313915664,92,1.1098607262901983,WLS,85,0.0021886948986318266
3,UPFC_tsh,5-15,-0.23529601344019663,92,-0.23533904091090277,WLS,85,4.302747070614177e-05
4,UPFC_Vse,5-15,0.05958089498525579,92,0.058148021648923076,WLS,85,0.0014328733363327129
5,UPFC_tse,5-15,-2.156723584087421,92,-2.1452626109895707,WLS,85,0.011460973097850324
0,x_tcsc,1-14,-0.110411069234179,93,-0.11040985282864853,WLS,85,1.216405530468645e-06
1,B_svc,2,0.18075836551370533,93,0.18126553449427296,WLS,85,0.0005071689805676294
2,UPFC_Vsh,5-15,1.1074760282794693,93,1.1098607262901983,WLS,85,0.002384698010728936
3,UPFC_tsh,5-15,-0.23535970263046796,93,-0.23533904091090277,WLS,85,2.0661719565190362e-05
4,UPFC_Vse,5-15,0.05995698438316576,93,0.058148021648923076,WLS,85,0.0018089627342426848
5,UPFC_tse,5-15,-2.156646332499567,93,-2.1452626109895707,WLS,85,0.011383721509996114
0,x_tcsc,1-14,-0.11040167472864297,94,-0.11040985282864853,WLS,85,8.178100005556965e-06
1,B_svc,2,0.18093949199020454,94,0.18126553449427296,WLS,85,0.0003260425040684245
2,UPFC_Vsh,5-15,1.1075254751003039,94,1.1098607262901983,WLS,85,0.002335251189894416
3,UPFC_tsh,5-15,-0.23532106213921644,94,-0.23533904091090277,WLS,85,1.7978771686327777e-05
4,UPFC_Vse,5-15,0.05911482368229094,94,0.058148021648923076,WLS,85,0.0009668020333678667
5,UPFC_tse,5-15,-2.1576546956185974,94,-2.1452626109895707,WLS,85,0.012392084629026634
0,x_tcsc,1-14,-0.11039983285381912,95,-0.11040985282864853,WLS,85,1.0019974829411638e-05
1,B_svc,2,0.18147314221278993,95,0.18126553449427296,WLS,85,0.0002076077185169667
2,UPFC_Vsh,5-15,1.1073590239926794,95,1.1098607262901983,WLS,85,0.002501702297518893
3,UPFC_tsh,5-15,-0.23534804732719417,95,-0.23533904091090277,WLS,85,9.006416291396091e-06
4,UPFC_Vse,5-15,0.0597435272172922,95,0.058148021648923076,WLS,85,0.0015955055683691266
5,UPFC_tse,5-15,-2.15563069316452,95,-2.1452626109895707,WLS,85,0.010368082174949222
0,x_tcsc,1-14,-0.11039928381402006,96,-0.11040985282864853,WLS,85,1.0569014628467044e-05
1,B_svc,2,0.18196944110179147,96,0.18126553449427296,WLS,85,0.0007039066075185119
2,UPFC_Vsh,5-15,1.1071677345405877,96,1.1098607262901983,WLS,85,0.0026929917496105737
3,UPFC_tsh,5-15,-0.23534973574843346,96,-0.23533904091090277,WLS,85,1.0694837530689227e-05
4,UPFC_Vse,5-15,0.0596390514067289,96,0.058148021648923076,WLS,85,0.001491029757805823
5,UPFC_tse,5-15,-2.1589670101062546,96,-2.1452626109895707,WLS,85,0.013704399116683863
0,x_tcsc,1-14,-0.11040333121020994,97,-0.11040985282864853,WLS,85,6.521618438587451e-06
1,B_svc,2,0.1814391227635225,97,0.18126553449427296,WLS,85,0.00017358826924954163
2,UPFC_Vsh,5-15,1.1071597218733247,97,1.1098607262901983,WLS,85,0.002701004416873598
3,UPFC_tsh,5-15,-0.2353183386703724,97,-0.23533904091090277,WLS,85,2.0702240530356963e-05
4,UPFC_Vse,5-15,0.05919347887033506,97,0.058148021648923076,WLS,85,0.0010454572214119856
5,UPFC_tse,5-15,-2.1580114728210775,97,-2.1452626109895707,WLS,85,0.012748861831506808
0,x_tcsc,1-14,-0.11038995518217852,98,-0.11040985282864853,WLS,85,1.9897646470007357e-05
1,B_svc,2,0.18143759681223506,98,0.18126553449427296,WLS,85,0.0001720623179621017
2,UPFC_Vsh,5-15,1.1077371955958977,98,1.1098607262901983,WLS,85,0.0021235306943006016
3,UPFC_tsh,5-15,-0.23528530084564372,98,-0.23533904091090277,WLS,85,5.3740065259044734e-05
4,UPFC_Vse,5-15,0.05962211258834355,98,0.058148021648923076,WLS,85,0.0014740909394204763
5,UPFC_tse,5-15,-2.1598010133061734,98,-2.1452626109895707,WLS,85,0.014538402316602639
0,x_tcsc,1-14,-0.1104038702901262,99,-0.11040985282864853,WLS,85,5.982538522325553e-06
1,B_svc,2,0.18136044302466506,99,0.18126553449427296,WLS,85,9.490853039209601e-05
2,UPFC_Vsh,5-15,1.107262285111516,99,1.1098607262901983,WLS,85,0.0025984411786823536
3,UPFC_tsh,5-15,-0.2353725011162435,99,-0.23533904091090277,WLS,85,3.3460205340729576e-05
4,UPFC_Vse,5-15,0.05979961568939533,99,0.058148021648923076,WLS,85,0.0016515940404722568
5,UPFC_tse,5-15,-2.157832115432676,99,-2.1452626109895707,WLS,85,0.012569504443105117
0,x_tcsc,1-14,-0.1086671116628448,0,-0.10863950296660514,WLS,87,2.7608696239661557e-05
1,B_svc,2,0.1787569005879989,0,0.1788025528505323,WLS,87,4.565226253339105e-05
2,UPFC_Vsh,5-15,1.1074085719066278,0,1.109897460726115,WLS,87,0.0024888888194871672
3,UPFC_tsh,5-15,-0.2366276425179775,0,-0.23659579559985702,WLS,87,3.184691812047058e-05
4,UPFC_Vse,5-15,0.059396585107784616,0,0.058716662229647276,WLS,87,0.0006799228781373401
5,UPFC_tse,5-15,-2.163209012112347,0,-2.1554567290017665,WLS,87,0.007752283110580294
0,x_tcsc,1-14,-0.10867250897018804,1,-0.10863950296660514,WLS,87,3.3006003582899957e-05
1,B_svc,2,0.17877747767438879,1,0.1788025528505323,WLS,87,2.5075176143501965e-05
2,UPFC_Vsh,5-15,1.1072712390352228,1,1.109897460726115,WLS,87,0.0026262216908921054
3,UPFC_tsh,5-15,-0.23660434317196608,1,-0.23659579559985702,WLS,87,8.547572109052215e-06
4,UPFC_Vse,5-15,0.05992181957062595,1,0.058716662229647276,WLS,87,0.0012051573409786742
5,UPFC_tse,5-15,-2.1582735137268307,1,-2.1554567290017665,WLS,87,0.002816784725064192
0,x_tcsc,1-14,-0.10865474109761268,2,-0.10863950296660514,WLS,87,1.5238131007538902e-05
1,B_svc,2,0.17836306782177785,2,0.1788025528505323,WLS,87,0.00043948502875443274
2,UPFC_Vsh,5-15,1.1074799655907026,2,1.109897460726115,WLS,87,0.0024174951354123397
3,UPFC_tsh,5-15,-0.23658805485745146,2,-0.23659579559985702,WLS,87,7.740742405559775e-06
4,UPFC_Vse,5-15,0.06004006587464957,2,0.058716662229647276,WLS,87,0.0013234036450022954
5,UPFC_tse,5-15,-2.1547866292385582,2,-2.1554567290017665,WLS,87,0.0006700997632083094
0,x_tcsc,1-14,-0.10865973591342341,3,-0.10863950296660514,WLS,87,2.023294681827159e-05
1,B_svc,2,0.17906321476743803,3,0.1788025528505323,WLS,87,0.00026066191690574114
2,UPFC_Vsh,5-15,1.1074574944953592,3,1.109897460726115,WLS,87,0.002439966230755708
3,UPFC_tsh,5-15,-0.23661534411671226,3,-0.23659579559985702,WLS,87,1.95485168552334e-05
4,UPFC_Vse,5-15,0.059926559280802434,3,0.058716662229647276,WLS,87,0.001209897051155158
5,UPFC_tse,5-15,-2.157915857645129,3,-2.1554567290017665,WLS,87,0.002459128643362618
0,x_tcsc,1-14,-0.10864694269372485,4,-0.10863950296660514,WLS,87,7.439727119709638e-06
1,B_svc,2,0.17947503570141743,4,0.1788025528505323,WLS,87,0.0006724828508851421
2,UPFC_Vsh,5-15,1.1068137872060602,4,1.109897460726115,WLS,87,0.003083673520054786
3,UPFC_tsh,5-15,-0.2366591437050003,4,-0.23659579559985702,WLS,87,6.334810514327383e-05
4,UPFC_Vse,5-15,0.05967755845266851,4,0.058716662229647276,WLS,87,0.0009608962230212362
5,UPFC_tse,5-15,-2.1602310116253856,4,-2.1554567290017665,WLS,87,0.004774282623619008
0,x_tcsc,1-14,-0.10866159086796541,5,-0.10863950296660514,WLS,87,2.208790136026817e-05
1,B_svc,2,0.1783436781031901,5,0.1788025528505323,WLS,87,0.00045887474734218614
2,UPFC_Vsh,5-15,1.1078679539898484,5,1.109897460726115,WLS,87,0.002029506736266562
3,UPFC_tsh,5-15,-0.23663042507082732,5,-0.23659579559985702,WLS,87,3.462947097029878e-05
4,UPFC_Vse,5-15,0.05996430004565457,5,0.058716662229647276,WLS,87,0.0012476378160072923
5,UPFC_tse,5-15,-2.157967259102131,5,-2.1554567290017665,WLS,87,0.0025105301003645053
0,x_tcsc,1-14,-0.10867420894439285,6,-0.10863950296660514,WLS,87,3.47059777877079e-05
1,B_svc,2,0.1787294249086743,6,0.1788025528505323,WLS,87,7.312794185798666e-05
2,UPFC_Vsh,5-15,1.1072214911150777,6,1.109897460726115,WLS,87,0.002675969611037221
3,UPFC_tsh,5-15,-0.23666458177397923,6,-0.23659579559985702,WLS,87,6.8786174122204e-05
4,UPFC_Vse,5-15,0.0594919357008707,6,0.058716662229647276,WLS,87,0.0007752734712234213
5,UPFC_tse,5-15,-2.1579221108665223,6,-2.1554567290017665,WLS,87,0.0024653818647557557
0,x_tcsc,1-14,-0.10864517585839896,7,-0.10863950296660514,WLS,87,5.6728917938175805e-06
1,B_svc,2,0.17888848210341876,7,0.1788025528505323,WLS,87,8.592925288647413e-05
2,UPFC_Vsh,5-15,1.107211248005497,7,1.109897460726115,WLS,87,0.0026862127206179753
3,UPFC_tsh,5-15,-0.2366627722625292,7,-0.23659579559985702,WLS,87,6.697666267216351e-05
4,UPFC_Vse,5-15,0.059754157806270906,7,0.058716662229647276,WLS,87,0.0010374955766236302
5,UPFC_tse,5-15,-2.158387722663804,7,-2.1554567290017665,WLS,87,0.0029309936620376398
0,x_tcsc,1-14,-0.1086685708047332,8,-0.10863950296660514,WLS,87,2.9067838128060686e-05
1,B_svc,2,0.17866339592214844,8,0.1788025528505323,WLS,87,0.00013915692838384341
2,UPFC_Vsh,5-15,1.1073457828420084,8,1.109897460726115,WLS,87,0.0025516778841065957
3,UPFC_tsh,5-15,-0.23663038705868294,8,-0.23659579559985702,WLS,87,3.459145882592218e-05
4,UPFC_Vse,5-15,0.05968722959240673,8,0.058716662229647276,WLS,87,0.000970567362759453
5,UPFC_tse,5-15,-2.157635097533936,8,-2.1554567290017665,WLS,87,0.0021783685321694612
0,x_tcsc,1-14,-0.10866320334763242,9,-0.10863950296660514,WLS,87,2.370038102728067e-05
1,B_svc,2,0.17867836357498149,9,0.1788025528505323,WLS,87,0.00012418927555080117
2,UPFC_Vsh,5-15,1.1070447772752094,9,1.109897460726115,WLS,87,0.002852683450905502
3,UPFC_tsh,5-15,-0.23665478409560708,9,-0.23659579559985702,WLS,87,5.898849575006193e-05
4,UPFC_Vse,5-15,0.05987516322490818,9,0.058716662229647276,WLS,87,0.0011585009952609013
5,UPFC_tse,5-15,-2.15620116121865,9,-2.1554567290017665,WLS,87,0.0007444322168832507
0,x_tcsc,1-14,-0.10865452613368254,10,-0.10863950296660514,WLS,87,1.5023167077396482e-05
1,B_svc,2,0.17864988812511035,10,0.1788025528505323,WLS,87,0.00015266472542194154
2,UPFC_Vsh,5-15,1.107544301596713,10,1.109897460726115,WLS,87,0.002353159129401927
3,UPFC_tsh,5-15,-0.2365803425036321,10,-0.23659579559985702,WLS,87,1.545309622491553e-05
4,UPFC_Vse,5-15,0.06050825547242014,10,0.058716662229647276,WLS,87,0.0017915932427728654
5,UPFC_tse,5-15,-2.155934859273959,10,-2.1554567290017665,WLS,87,0.0004781302721923453
0,x_tcsc,1-14,-0.10866425279405642,11,-0.10863950296660514,WLS,87,2.4749827451278628e-05
1,B_svc,2,0.17883958893357357,11,0.1788025528505323,WLS,87,3.703608304128636e-05
2,UPFC_Vsh,5-15,1.1076056028053536,11,1.109897460726115,WLS,87,0.0022918579207613643
3,UPFC_tsh,5-15,-0.2365865476948882,11,-0.23659579559985702,WLS,87,9.247904968812115e-06
4,UPFC_Vse,5-15,0.059759525096858966,11,0.058716662229647276,WLS,87,0.00104286286721169
5,UPFC_tse,5-15,-2.154179481564952,11,-2.1554567290017665,WLS,87,0.0012772474368145659
0,x_tcsc,1-14,-0.1086390492779871,12,-0.10863950296660514,WLS,87,4.53688618048953e-07
1,B_svc,2,0.1782516748510744,12,0.1788025528505323,WLS,87,0.0005508779994578827
2,UPFC_Vsh,5-15,1.1077445543284161,12,1.109897460726115,WLS,87,0.0021529063976988283
3,UPFC_tsh,5-15,-0.2365536592980834,12,-0.23659579559985702,WLS,87,4.2136301773632034e-05
4,UPFC_Vse,5-15,0.06022139621191856,12,0.058716662229647276,WLS,87,0.0015047339822712863
5,UPFC_tse,5-15,-2.151867377098077,12,-2.1554567290017665,WLS,87,0.003589351903689586
0,x_tcsc,1-14,-0.10865824341491659,13,-0.10863950296660514,WLS,87,1.8740448311446722e-05
1,B_svc,2,0.17862579308081628,13,0.1788025528505323,WLS,87,0.0001767597697160117
2,UPFC_Vsh,5-15,1.1072585690332806,13,1.109897460726115,WLS,87,0.0026388916928343775
3,UPFC_tsh,5-15,-0.23659945149104325,13,-0.23659579559985702,WLS,87,3.6558911862272225e-06
4,UPFC_Vse,5-15,0.05953047849061825,13,0.058716662229647276,WLS,87,0.0008138162609709759
5,UPFC_tse,5-15,-2.1577827642776026,13,-2.1554567290017665,WLS,87,0.0023260352758360803
0,x_tcsc,1-14,-0.10866167190442287,14,-0.10863950296660514,WLS,87,2.2168937817729217e-05
1,B_svc,2,0.1789438446602103,14,0.1788025528505323,WLS,87,0.00014129180967800692
2,UPFC_Vsh,5-15,1.1071929678516774,14,1.109897460726115,WLS,87,0.002704492874437525
3,UPFC_tsh,5-15,-0.2366863399629821,14,-0.23659579559985702,WLS,87,9.054436312508352e-05
4,UPFC_Vse,5-15,0.05993636030916434,14,0.058716662229647276,WLS,87,0.0012196980795170648
5,UPFC_tse,5-15,-2.1574348147789046,14,-2.1554567290017665,WLS,87,0.0019780857771380944
0,x_tcsc,1-14,-0.10864678996164513,15,-0.10863950296660514,WLS,87,7.286995039990085e-06
1,B_svc,2,0.17848941027701945,15,0.1788025528505323,WLS,87,0.0003131425735128368
2,UPFC_Vsh,5-15,1.1071567213290308,15,1.109897460726115,WLS,87,0.002740739397084191
3,UPFC_tsh,5-15,-0.2367036963044226,15,-0.23659579559985702,WLS,87,0.00010790070456556666
4,UPFC_Vse,5-15,0.05941307922269736,15,0.058716662229647276,WLS,87,0.0006964169930500849
5,UPFC_tse,5-15,-2.156401048340497,15,-2.1554567290017665,WLS,87,0.0009443193387306259
0,x_tcsc,1-14,-0.1086701648641196,16,-0.10863950296660514,WLS,87,3.066189751445292e-05
1,B_svc,2,0.17903590784593748,16,0.1788025528505323,WLS,87,0.0002333549954051939
2,UPFC_Vsh,5-15,1.1071249415683027,16,1.109897460726115,WLS,87,0.002772519157812292
3,UPFC_tsh,5-15,-0.23674733191947242,16,-0.23659579559985702,WLS,87,0.00015153631961539737
4,UPFC_Vse,5-15,0.06035450066087849,16,0.058716662229647276,WLS,87,0.001637838431231213
5,UPFC_tse,5-15,-2.1577787001024187,16,-2.1554567290017665,WLS,87,0.0023219711006521315
0,x_tcsc,1-14,-0.10865430049088477,17,-0.10863950296660514,WLS,87,1.4797524279630547e-05
1,B_svc,2,0.17877668135280617,17,0.1788025528505323,WLS,87,2.5871497726120962e-05
2,UPFC_Vsh,5-15,1.1071175842719885,17,1.109897460726115,WLS,87,0.002779876454126473
3,UPFC_tsh,5-15,-0.23660391221616428,17,-0.23659579559985702,WLS,87,8.116616307257685e-06
4,UPFC_Vse,5-15,0.059685036220558985,17,0.058716662229647276,WLS,87,0.0009683739909117084
5,UPFC_tse,5-15,-2.1543049633854325,17,-2.1554567290017665,WLS,87,0.0011517656163340106
0,x_tcsc,1-14,-0.108652720244016,18,-0.10863950296660514,WLS,87,1.32172774108541e-05
1,B_svc,2,0.17886797115687608,18,0.1788025528505323,WLS,87,6.54183063437952e-05
2,UPFC_Vsh,5-15,1.107252161484838,18,1.109897460726115,WLS,87,0.002645299241276877
3,UPFC_tsh,5-15,-0.23663415597537593,18,-0.23659579559985702,WLS,87,3.836037551890881e-05
4,UPFC_Vse,5-15,0.05969069664552041,18,0.058716662229647276,WLS,87,0.0009740344158731332
5,UPFC_tse,5-15,-2.157332408852179,18,-2.1554567290017665,WLS,87,0.0018756798504124816
0,x_tcsc,1-14,-0.10866844084907144,19,-0.10863950296660514,WLS,87,2.8937882466301135e-05
1,B_svc,2,0.178561541728832,19,0.1788025528505323,WLS,87,0.00024101112170027417
2,UPFC_Vsh,5-15,1.10706793388228,19,1.109897460726115,WLS,87,0.002829526843834973
3,UPFC_tsh,5-15,-0.2366728540179955,19,-0.23659579559985702,WLS,87,7.705841813848702e-05
4,UPFC_Vse,5-15,0.06007589172905978,19,0.058716662229647276,WLS,87,0.001359229499412501
5,UPFC_tse,5-15,-2.1577352886721455,19,-2.1554567290017665,WLS,87,0.0022785596703789324
0,x_tcsc,1-14,-0.10864734792869299,20,-0.10863950296660514,WLS,87,7.844962087846796e-06
1,B_svc,2,0.17867792661681167,20,0.1788025528505323,WLS,87,0.000124626233720615
2,UPFC_Vsh,5-15,1.1077523536080018,20,1.109897460726115,WLS,87,0.00214510711811311
3,UPFC_tsh,5-15,-0.23660430130959748,20,-0.23659579559985702,WLS,87,8.505709740452838e-06
4,UPFC_Vse,5-15,0.05974871071169068,20,0.058716662229647276,WLS,87,0.0010320484820434059
5,UPFC_tse,5-15,-2.1601470443941797,20,-2.1554567290017665,WLS,87,0.004690315392413158
0,x_tcsc,1-14,-0.108659755257401,21,-0.10863950296660514,WLS,87,2.0252290795857997e-05
1,B_svc,2,0.17863446989006426,21,0.1788025528505323,WLS,87,0.0001680829604680245
2,UPFC_Vsh,5-15,1.1076211627411066,21,1.109897460726115,WLS,87,0.002276297985008391
3,UPFC_tsh,5-15,-0.23661642175415773,21,-0.23659579559985702,WLS,87,2.062615430070691e-05
4,UPFC_Vse,5-15,0.05963062410666362,21,0.058716662229647276,WLS,87,0.0009139618770163463
5,UPFC_tse,5-15,-2.157425155768612,21,-2.1554567290017665,WLS,87,0.00196842676684561
0,x_tcsc,1-14,-0.10866344816812798,22,-0.10863950296660514,WLS,87,2.3945201522837523e-05
1,B_svc,2,0.17871027703670805,22,0.1788025528505323,WLS,87,9.2275813824233e-05
2,UPFC_Vsh,5-15,1.1074129955809984,22,1.109897460726115,WLS,87,0.0024844651451165767
3,UPFC_tsh,5-15,-0.23662086288285572,22,-0.23659579559985702,WLS,87,2.5067282998697538e-05
4,UPFC_Vse,5-15,0.05958405486005658,22,0.058716662229647276,WLS,87,0.0008673926304093027
5,UPFC_tse,5-15,-2.157432505250845,22,-2.1554567290017665,WLS,87,0.0019757762490786313
0,x_tcsc,1-14,-0.108647234256232,23,-0.10863950296660514,WLS,87,7.731289626861093e-06
1,B_svc,2,0.1786333131226124,23,0.1788025528505323,WLS,87,0.00016923972791987874
2,UPFC_Vsh,5-15,1.1075204508648844,23,1.109897460726115,WLS,87,0.0023770098612305723
3,UPFC_tsh,5-15,-0.2366983844534671,23,-0.23659579559985702,WLS,87,0.00010258885361008607
4,UPFC_Vse,5-15,0.05989531270651424,23,0.058716662229647276,WLS,87,0.0011786504768669659
5,UPFC_tse,5-15,-2.159181808115455,23,-2.1554567290017665,WLS,87,0.0037250791136882455
0,x_tcsc,1-14,-0.10864668080689309,24,-0.10863950296660514,WLS,87,7.1778402879474346e-06
1,B_svc,2,0.17866525161648175,24,0.1788025528505323,WLS,87,0.0001373012340505353
2,UPFC_Vsh,5-15,1.107515277677873,24,1.109897460726115,WLS,87,0.0023821830482420037
3,UPFC_tsh,5-15,-0.23661912027208265,24,-0.23659579559985702,WLS,87,2.3324672225627507e-05
4,UPFC_Vse,5-15,0.059619489867421396,24,0.058716662229647276,WLS,87,0.0009028276377741201
5,UPFC_tse,5-15,-2.1591235412177916,24,-2.1554567290017665,WLS,87,0.0036668122160250505
0,x_tcsc,1-14,-0.10865857858415724,25,-0.10863950296660514,WLS,87,1.9075617552100077e-05
1,B_svc,2,0.1786694721924395,25,0.1788025528505323,WLS,87,0.00013308065809278236
2,UPFC_Vsh,5-15,1.1070334560345756,25,1.109897460726115,WLS,87,0.002864004691539357
3,UPFC_tsh,5-15,-0.2366591735076755,25,-0.23659579559985702,WLS,87,6.33779078184904e-05
4,UPFC_Vse,5-15,0.05992379577730678,25,0.058716662229647276,WLS,87,0.0012071335476595071
5,UPFC_tse,5-15,-2.161372377662869,25,-2.1554567290017665,WLS,87,0.005915648661102502
0,x_tcsc,1-14,-0.1086648229048199,26,-0.10863950296660514,WLS,87,2.5319938214751758e-05
1,B_svc,2,0.17879942528043855,26,0.1788025528505323,WLS,87,3.1275700937416495e-06
2,UPFC_Vsh,5-15,1.1077771050444378,26,1.109897460726115,WLS,87,0.002120355681677122
3,UPFC_tsh,5-15,-0.23662456933480672,26,-0.23659579559985702,WLS,87,2.8773734949694152e-05
4,UPFC_Vse,5-15,0.05992879231797746,26,0.058716662229647276,WLS,87,0.0012121300883301822
5,UPFC_tse,5-15,-2.1601647449197006,26,-2.1554567290017665,WLS,87,0.004708015917934016
0,x_tcsc,1-14,-0.10867671044995114,27,-0.10863950296660514,WLS,87,3.720748334599955e-05
1,B_svc,2,0.17885521576267516,27,0.1788025528505323,WLS,87,5.266291214287011e-05
2,UPFC_Vsh,5-15,1.1074128978081763,27,1.109897460726115,WLS,87,0.0024845629179386375
3,UPFC_tsh,5-15,-0.23666967027167066,27,-0.23659579559985702,WLS,87,7.387467181363405e-05
4,UPFC_Vse,5-15,0.05991446060738365,27,0.058716662229647276,WLS,87,0.0011977983777363768
5,UPFC_tse,5-15,-2.15745849840165,27,-2.1554567290017665,WLS,87,0.0020017693998832797
0,x_tcsc,1-14,-0.10864912208121776,28,-0.10863950296660514,WLS,87,9.619114612613444e-06
1,B_svc,2,0.1784108357389777,28,0.1788025528505323,WLS,87,0.0003917171115545848
2,UPFC_Vsh,5-15,1.1073987204704914,28,1.109897460726115,WLS,87,0.002498740255623577
3,UPFC_tsh,5-15,-0.23666210086716255,28,-0.23659579559985702,WLS,87,6.630526730552755e-05
4,UPFC_Vse,5-15,0.05960211847662548,28,0.058716662229647276,WLS,87,0.0008854562469782015
5,UPFC_tse,5-15,-2.160622481612813,28,-2.1554567290017665,WLS,87,0.005165752611046237
0,x_tcsc,1-14,-0.10865593463690155,29,-0.10863950296660514,WLS,87,1.6431670296412904e-05
1,B_svc,2,0.17845279131541786,29,0.1788025528505323,WLS,87,0.000349761535114429
2,UPFC_Vsh,5-15,1.1074750597066503,29,1.109897460726115,WLS,87,0.0024224010194646706
3,UPFC_tsh,5-15,-0.23666482980535786,29,-0.23659579559985702,WLS,87,6.903420550083417e-05
4,UPFC_Vse,5-15,0.05986164511335093,29,0.058716662229647276,WLS,87,0.0011449828837036546
5,UPFC_tse,5-15,-2.156429692199466,29,-2.1554567290017665,WLS,87,0.0009729631976993502
0,x_tcsc,1-14,-0.10864991276832993,30,-0.10863950296660514,WLS,87,1.0409801724786671e-05
1,B_svc,2,0.17820542611494578,30,0.1788025528505323,WLS,87,0.0005971267355865117
2,UPFC_Vsh,5-15,1.107226148868599,30,1.109897460726115,WLS,87,0.002671311857515901
3,UPFC_tsh,5-15,-0.23658723788172653,30,-0.23659579559985702,WLS,87,8.557718130491887e-06
4,UPFC_Vse,5-15,0.05961859628872218,30,0.058716662229647276,WLS,87,0.0009019340590749048
5,UPFC_tse,5-15,-2.158092217294169,30,-2.1554567290017665,WLS,87,0.0026354882924022327
0,x_tcsc,1-14,-0.10865894345394168,31,-0.10863950296660514,WLS,87,1.944048733654169e-05
1,B_svc,2,0.17862483469589377,31,0.1788025528505323,WLS,87,0.0001777181546385176
2,UPFC_Vsh,5-15,1.1076232990752795,31,1.109897460726115,WLS,87,0.0022741616508354934
3,UPFC_tsh,5-15,-0.23651439364859386,31,-0.23659579559985702,WLS,87,8.14019512631603e-05
4,UPFC_Vse,5-15,0.059845793944552333,31,0.058716662229647276,WLS,87,0.0011291317149050573
5,UPFC_tse,5-15,-2.158673712325628,31,-2.1554567290017665,WLS,87,0.0032169833238615553
0,x_tcsc,1-14,-0.10865335217352266,32,-0.10863950296660514,WLS,87,1.3849206917521117e-05
1,B_svc,2,0.1786000559932701,32,0.1788025528505323,WLS,87,0.00020249685726217437
2,UPFC_Vsh,5-15,1.1075719397833848,32,1.109897460726115,WLS,87,0.002325520942730197
3,UPFC_tsh,5-15,-0.2366015490197331,32,-0.23659579559985702,WLS,87,5.753419876075583e-06
4,UPFC_Vse,5-15,0.0594210377657681,32,0.058716662229647276,WLS,87,0.0007043755361208215
5,UPFC_tse,5-15,-2.1597533904486674,32,-2.1554567290017665,WLS,87,0.004296661446900885
0,x_tcsc,1-14,-0.10865922453387793,33,-0.10863950296660514,WLS,87,1.9721567272784624e-05
1,B_svc,2,0.17895364012592002,33,0.1788025528505323,WLS,87,0.0001510872753877346
2,UPFC_Vsh,5-15,1.107163641944271,33,1.109897460726115,WLS,87,0.0027338187818439774
3,UPFC_tsh,5-15,-0.23660220709527796,33,-0.23659579559985702,WLS,87,6.411495420938218e-06
4,UPFC_Vse,5-15,0.05972857285645976,33,0.058716662229647276,WLS,87,0.0010119106268124817
5,UPFC_tse,5-15,-2.158191947903491,33,-2.1554567290017665,WLS,87,0.0027352189017242345
0,x_tcsc,1-14,-0.10866436800779437,34,-0.10863950296660514,WLS,87,2.4865041189231496e-05
1,B_svc,2,0.17829712500527295,34,0.1788025528505323,WLS,87,0.0005054278452593375
2,UPFC_Vsh,5-15,1.1072440350561301,34,1.109897460726115,WLS,87,0.0026534256699848324
3,UPFC_tsh,5-15,-0.23663293063267632,34,-0.23659579559985702,WLS,87,3.713503281929653e-05
4,UPFC_Vse,5-15,0.06000265270670301,34,0.058716662229647276,WLS,87,0.001285990477055736
5,UPFC_tse,5-15,-2.1573009388633304,34,-2.1554567290017665,WLS,87,0.0018442098615638614
0,x_tcsc,1-14,-0.10864392392140376,35,-0.10863950296660514,WLS,87,4.420954798620147e-06
1,B_svc,2,0.1790371679252165,35,0.1788025528505323,WLS,87,0.0002346150746842246
2,UPFC_Vsh,5-15,1.1075527092494257,35,1.109897460726115,WLS,87,0.002344751476689222
3,UPFC_tsh,5-15,-0.23663274972543308,35,-0.23659579559985702,WLS,87,3.695412557605526e-05
4,UPFC_Vse,5-15,0.05985646527519068,35,0.058716662229647276,WLS,87,0.0011398030455434041
5,UPFC_tse,5-15,-2.1584514869947937,35,-2.1554567290017665,WLS,87,0.002994757993027175
0,x_tcsc,1-14,-0.10865946827964532,36,-0.10863950296660514,WLS,87,1.9965313040173904e-05
1,B_svc,2,0.17865613970545002,36,0.1788025528505323,WLS,87,0.00014641314508226366
2,UPFC_Vsh,5-15,1.107203846890102,36,1.109897460726115,WLS,87,0.0026936138360129647
3,UPFC_tsh,5-15,-0.23669683123216825,36,-0.23659579559985702,WLS,87,0.00010103563231123047
4,UPFC_Vse,5-15,0.059961779562790904,36,0.058716662229647276,WLS,87,0.0012451173331436277
5,UPFC_tse,5-15,-2.1605829549162046,36,-2.1554567290017665,WLS,87,0.00512622591443801
0,x_tcsc,1-14,-0.10866422530797837,37,-0.10863950296660514,WLS,87,2.4722341373226153e-05
1,B_svc,2,0.1791177598326114,37,0.1788025528505323,WLS,87,0.0003152069820791248
2,UPFC_Vsh,5-15,1.1074899571873706,37,1.109897460726115,WLS,87,0.0024075035387443044
3,UPFC_tsh,5-15,-0.2366998241447752,37,-0.23659579559985702,WLS,87,0.00010402854491817215
4,UPFC_Vse,5-15,0.059139022836999254,37,0.058716662229647276,WLS,87,0.00042236060735197783
5,UPFC_tse,5-15,-2.1632043941739534,37,-2.1554567290017665,WLS,87,0.007747665172186835
0,x_tcsc,1-14,-0.10866303637979906,38,-0.10863950296660514,WLS,87,2.3533413193915775e-05
1,B_svc,2,0.17864800950372173,38,0.1788025528505323,WLS,87,0.00015454334681055948
2,UPFC_Vsh,5-15,1.1070084662483273,38,1.109897460726115,WLS,87,0.0028889944777876764
3,UPFC_tsh,5-15,-0.23666842504356556,38,-0.23659579559985702,WLS,87,7.262944370853286e-05
4,UPFC_Vse,5-15,0.059977224580676475,38,0.058716662229647276,WLS,87,0.0012605623510291986
5,UPFC_tse,5-15,-2.155096446023868,38,-2.1554567290017665,WLS,87,0.000360282977898585
0,x_tcsc,1-14,-0.10866370467828682,39,-0.10863950296660514,WLS,87,2.42017116816734e-05
1,B_svc,2,0.17904316703464174,39,0.1788025528505323,WLS,87,0.00024061418410945
2,UPFC_Vsh,5-15,1.107544622589394,39,1.109897460726115,WLS,87,0.002352838136721047
3,UPFC_tsh,5-15,-0.2365786461957568,39,-0.23659579559985702,WLS,87,1.714940410021959e-05
4,UPFC_Vse,5-15,0.05968894134329798,39,0.058716662229647276,WLS,87,0.0009722791136507064
5,UPFC_tse,5-15,-2.155415667397844,39,-2.1554567290017665,WLS,87,4.1061603922365464e-05
0,x_tcsc,1-14,-0.10865131947237942,40,-0.10863950296660514,WLS,87,1.1816505774281394e-05
1,B_svc,2,0.1786846556039105,40,0.1788025528505323,WLS,87,0.00011789724662178425
2,UPFC_Vsh,5-15,1.1073448879134362,40,1.109897460726115,WLS,87,0.002552572812678733
3,UPFC_tsh,5-15,-0.2366180240197795,40,-0.23659579559985702,WLS,87,2.2228419922470932e-05
4,UPFC_Vse,5-15,0.05999165262116626,40,0.058716662229647276,WLS,87,0.0012749903915189806
5,UPFC_tse,5-15,-2.157663425401358,40,-2.1554567290017665,WLS,87,0.002206696399591479
0,x_tcsc,1-14,-0.10866293271870756,41,-0.10863950296660514,WLS,87,2.3429752102413492e-05
1,B_svc,2,0.1792425638276098,41,0.1788025528505323,WLS,87,0.0004400109770775207
2,UPFC_Vsh,5-15,1.1076346801534134,41,1.109897460726115,WLS,87,0.0022627805727015726
3,UPFC_tsh,5-15,-0.23658299153539963,41,-0.23659579559985702,WLS,87,1.280406445738902e-05
4,UPFC_Vse,5-15,0.059804763954456344,41,0.058716662229647276,WLS,87,0.001088101724809068
5,UPFC_tse,5-15,-2.1602972208387796,41,-2.1554567290017665,WLS,87,0.004840491837013072
0,x_tcsc,1-14,-0.1086508910063263,42,-0.10863950296660514,WLS,87,1.1388039721157983e-05
1,B_svc,2,0.17864700082784224,42,0.1788025528505323,WLS,87,0.00015555202269004753
2,UPFC_Vsh,5-15,1.107248128636519,42,1.109897460726115,WLS,87,0.002649332089595946
3,UPFC_tsh,5-15,-0.23660804417504486,42,-0.23659579559985702,WLS,87,1.2248575187834287e-05
4,UPFC_Vse,5-15,0.0599635739486291,42,0.058716662229647276,WLS,87,0.0012469117189818218
5,UPFC_tse,5-15,-2.155242466208579,42,-2.1554567290017665,WLS,87,0.00021426279318736974
0,x_tcsc,1-14,-0.10865252052197653,43,-0.10863950296660514,WLS,87,1.301755537139182e-05
1,B_svc,2,0.17858145861934072,43,0.1788025528505323,WLS,87,0.0002210942311915709
2,UPFC_Vsh,5-15,1.1069748672057511,43,1.109897460726115,WLS,87,0.0029225935203638365
3,UPFC_tsh,5-15,-0.23666246652311593,43,-0.23659579559985702,WLS,87,6.667092325890467e-05
4,UPFC_Vse,5-15,0.060066180626241444,43,0.058716662229647276,WLS,87,0.0013495183965941682
5,UPFC_tse,5-15,-2.1587923523022066,43,-2.1554567290017665,WLS,87,0.003335623300440016
0,x_tcsc,1-14,-0.10866941746066712,44,-0.10863950296660514,WLS,87,2.991449406197777e-05
1,B_svc,2,0.17840263051278196,44,0.1788025528505323,WLS,87,0.0003999223377503247
2,UPFC_Vsh,5-15,1.1072247682645389,44,1.109897460726115,WLS,87,0.002672692461576087
3,UPFC_tsh,5-15,-0.23662575553518678,44,-0.23659579559985702,WLS,87,2.995993532975416e-05
4,UPFC_Vse,5-15,0.05976330996275475,44,0.058716662229647276,WLS,87,0.0010466477331074753
5,UPFC_tse,5-15,-2.1574914856206875,44,-2.1554567290017665,WLS,87,0.002034756618920941
0,x_tcsc,1-14,-0.10865615800639934,45,-0.10863950296660514,WLS,87,1.665503979420002e-05
1,B_svc,2,0.17867377769536485,45,0.1788025528505323,WLS,87,0.0001287751551674321
2,UPFC_Vsh,5-15,1.1073380524007892,45,1.109897460726115,WLS,87,0.0025594083253257516
3,UPFC_tsh,5-15,-0.2366488662113147,45,-0.23659579559985702,WLS,87,5.307061145767844e-05
4,UPFC_Vse,5-15,0.05966260487286024,45,0.058716662229647276,WLS,87,0.0009459426432129672
5,UPFC_tse,5-15,-2.1573812138233803,45,-2.1554567290017665,WLS,87,0.001924484821613781
0,x_tcsc,1-14,-0.1086600448118457,46,-0.10863950296660514,WLS,87,2.0541845240557022e-05
1,B_svc,2,0.1790977804307595,46,0.1788025528505323,WLS,87,0.00029522758022720863
2,UPFC_Vsh,5-15,1.1072882528146113,46,1.109897460726115,WLS,87,0.0026092079115036526
3,UPFC_tsh,5-15,-0.23669130452465947,46,-0.23659579559985702,WLS,87,9.550892480245099e-05
4,UPFC_Vse,5-15,0.059932771675376056,46,0.058716662229647276,WLS,87,0.0012161094457287802
5,UPFC_tse,5-15,-2.157942596097148,46,-2.1554567290017665,WLS,87,0.0024858670953813444
0,x_tcsc,1-14,-0.1086631385772295,47,-0.10863950296660514,WLS,87,2.363561062436459e-05
1,B_svc,2,0.17851434770097135,47,0.1788025528505323,WLS,87,0.0002882051495609328
2,UPFC_Vsh,5-15,1.107212237774065,47,1.109897460726115,WLS,87,0.0026852229520499815
3,UPFC_tsh,5-15,-0.23662868479742366,47,-0.23659579559985702,WLS,87,3.2889197566637884e-05
4,UPFC_Vse,5-15,0.059715463536324655,47,0.058716662229647276,WLS,87,0.0009988013066773785
5,UPFC_tse,5-15,-2.1536114512245113,47,-2.1554567290017665,WLS,87,0.0018452777772552942
0,x_tcsc,1-14,-0.1086515533099467,48,-0.10863950296660514,WLS,87,1.2050343341563075e-05
1,B_svc,2,0.178670315036547,48,0.1788025528505323,WLS,87,0.00013223781398527534
2,UPFC_Vsh,5-15,1.1073392713218908,48,1.109897460726115,WLS,87,0.0025581894042241426
3,UPFC_tsh,5-15,-0.23667375954487402,48,-0.23659579559985702,WLS,87,7.796394501699555e-05
4,UPFC_Vse,5-15,0.05979828092220509,48,0.058716662229647276,WLS,87,0.0010816186925578161
5,UPFC_tse,5-15,-2.1611786567285716,48,-2.1554567290017665,WLS,87,0.005721927726805021
0,x_tcsc,1-14,-0.10864980718407384,49,-0.10863950296660514,WLS,87,1.0304217468698473e-05
1,B_svc,2,0.1783017890386324,49,0.1788025528505323,WLS,87,0.0005007638118998958
2,UPFC_Vsh,5-15,1.1073197173675458,49,1.109897460726115,WLS,87,0.0025777433585691956
3,UPFC_tsh,5-15,-0.23663394439482638,49,-0.23659579559985702,WLS,87,3.814879496935597e-05
4,UPFC_Vse,5-15,0.059935939986119686,49,0.058716662229647276,WLS,87,0.0012192777564724103
5,UPFC_tse,5-15,-2.1612783040322947,49,-2.1554567290017665,WLS,87,0.005821575030528159
0,x_tcsc,1-14,-0.10866045582631721,50,-0.10863950296660514,WLS,87,2.095285971207006e-05
1,B_svc,2,0.17845653838698972,50,0.1788025528505323,WLS,87,0.00034601446354257104
2,UPFC_Vsh,5-15,1.10747570588554,50,1.109897460726115,WLS,87,0.002421754840574941
3,UPFC_tsh,5-15,-0.23665800716839924,50,-0.23659579559985702,WLS,87,6.221156854221976e-05
4,UPFC_Vse,5-15,0.05998592686661064,50,0.058716662229647276,WLS,87,0.0012692646369633631
5,UPFC_tse,5-15,-2.1573554471679337,50,-2.1554567290017665,WLS,87,0.001898718166167157
0,x_tcsc,1-14,-0.10865335828582515,51,-0.10863950296660514,WLS,87,1.3855319220004714e-05
1,B_svc,2,0.17854638497301367,51,0.1788025528505323,WLS,87,0.0002561678775186149
2,UPFC_Vsh,5-15,1.1071223858469847,51,1.109897460726115,WLS,87,0.0027750748791302016
3,UPFC_tsh,5-15,-0.2366480424388161,51,-0.23659579559985702,WLS,87,5.224683895907467e-05
4,UPFC_Vse,5-15,0.05977420114182476,51,0.058716662229647276,WLS,87,0.001057538912177483
5,UPFC_tse,5-15,-2.15602819586305,51,-2.1554567290017665,WLS,87,0.0005714668612832874
0,x_tcsc,1-14,-0.10864876666483536,52,-0.10863950296660514,WLS,87,9.263698230219108e-06
1,B_svc,2,0.1789683517920018,52,0.1788025528505323,WLS,87,0.00016579894146950824
2,UPFC_Vsh,5-15,1.1070513314204657,52,1.109897460726115,WLS,87,0.002846129305649203
3,UPFC_tsh,5-15,-0.236669347850532,52,-0.23659579559985702,WLS,87,7.355225067498528e-05
4,UPFC_Vse,5-15,0.05991981451000759,52,0.058716662229647276,WLS,87,0.0012031522803603104
5,UPFC_tse,5-15,-2.157296172332765,52,-2.1554567290017665,WLS,87,0.0018394433309985025
0,x_tcsc,1-14,-0.1086578927595932,53,-0.10863950296660514,WLS,87,1.8389792988057763e-05
1,B_svc,2,0.1790374643868897,53,0.1788025528505323,WLS,87,0.00023491153635740725
2,UPFC_Vsh,5-15,1.107293317188679,53,1.109897460726115,WLS,87,0.002604143537435988
3,UPFC_tsh,5-15,-0.23656726206560055,53,-0.23659579559985702,WLS,87,2.853353425646965e-05
4,UPFC_Vse,5-15,0.05981815702696964,53,0.058716662229647276,WLS,87,0.0011014947973223624
5,UPFC_tse,5-15,-2.15561144628289,53,-2.1554567290017665,WLS,87,0.00015471728112359528
0,x_tcsc,1-14,-0.10864570311980844,54,-0.10863950296660514,WLS,87,6.2001532032951445e-06
1,B_svc,2,0.17889281213172506,54,0.1788025528505323,WLS,87,9.025928119277271e-05
2,UPFC_Vsh,5-15,1.1076494973931588,54,1.109897460726115,WLS,87,0.002247963332956182
3,UPFC_tsh,5-15,-0.2366129487129863,54,-0.23659579559985702,WLS,87,1.71531131292757e-05
4,UPFC_Vse,5-15,0.06002781145749761,54,0.058716662229647276,WLS,87,0.0013111492278503334
5,UPFC_tse,5-15,-2.1579773474381354,54,-2.1554567290017665,WLS,87,0.00252061843636886
0,x_tcsc,1-14,-0.10866666961999583,55,-0.10863950296660514,WLS,87,2.7166653390683915e-05
1,B_svc,2,0.17913295382272726,55,0.1788025528505323,WLS,87,0.0003304009721949719
2,UPFC_Vsh,5-15,1.1070969722439779,55,1.109897460726115,WLS,87,0.002800488482137098
3,UPFC_tsh,5-15,-0.23666223694771532,55,-0.23659579559985702,WLS,87,6.644134785829814e-05
4,UPFC_Vse,5-15,0.05983725722375167,55,0.058716662229647276,WLS,87,0.0011205949941043916
5,UPFC_tse,5-15,-2.1598250230931217,55,-2.1554567290017665,WLS,87,0.004368294091355196
0,x_tcsc,1-14,-0.10865647484290819,56,-0.10863950296660514,WLS,87,1.6971876303048528e-05
1,B_svc,2,0.17874595023613177,56,0.1788025528505323,WLS,87,5.660261440051939e-05
2,UPFC_Vsh,5-15,1.1072096638686904,56,1.109897460726115,WLS,87,0.002687796857424596
3,UPFC_tsh,5-15,-0.23662940098874366,56,-0.23659579559985702,WLS,87,3.360538888663722e-05
4,UPFC_Vse,5-15,0.06000676774821892,56,0.058716662229647276,WLS,87,0.0012901055185716437
5,UPFC_tse,5-15,-2.157635831415479,56,-2.1554567290017665,WLS,87,0.0021791024137125525
0,x_tcsc,1-14,-0.10865853721087801,57,-0.10863950296660514,WLS,87,1.903424427286693e-05
1,B_svc,2,0.17853503781542876,57,0.1788025528505323,WLS,87,0.00026751503510352714
2,UPFC_Vsh,5-15,1.1074211974437327,57,1.109897460726115,WLS,87,0.002476263282382263
3,UPFC_tsh,5-15,-0.23663071190711724,57,-0.23659579559985702,WLS,87,3.491630726021322e-05
4,UPFC_Vse,5-15,0.059500477497556936,57,0.058716662229647276,WLS,87,0.0007838152679096599
5,UPFC_tse,5-15,-2.1590467166980445,57,-2.1554567290017665,WLS,87,0.003589987696277941
0,x_tcsc,1-14,-0.10865107513577836,58,-0.10863950296660514,WLS,87,1.157216917321846e-05
1,B_svc,2,0.17856554475147138,58,0.1788025528505323,WLS,87,0.00023700809906090914
2,UPFC_Vsh,5-15,1.1072917679434215,58,1.109897460726115,WLS,87,0.002605692782693403
3,UPFC_tsh,5-15,-0.23663548193258752,58,-0.23659579559985702,WLS,87,3.9686332730493046e-05
4,UPFC_Vse,5-15,0.05965473841811584,58,0.058716662229647276,WLS,87,0.0009380761884685632
5,UPFC_tse,5-15,-2.1572853133624164,58,-2.1554567290017665,WLS,87,0.0018285843606498098
0,x_tcsc,1-14,-0.10866785663901093,59,-0.10863950296660514,WLS,87,2.8353672405792563e-05
1,B_svc,2,0.17834493003625776,59,0.1788025528505323,WLS,87,0.00045762281427452756
2,UPFC_Vsh,5-15,1.1072246134556838,59,1.109897460726115,WLS,87,0.0026728472704311557
3,UPFC_tsh,5-15,-0.23659966396523507,59,-0.23659579559985702,WLS,87,3.868365378051353e-06
4,UPFC_Vse,5-15,0.059876661016505586,59,0.058716662229647276,WLS,87,0.00115999878685831
5,UPFC_tse,5-15,-2.1587014171079373,59,-2.1554567290017665,WLS,87,0.0032446881061707344
0,x_tcsc,1-14,-0.108669266387037,60,-0.10863950296660514,WLS,87,2.976342043185809e-05
1,B_svc,2,0.17884798804757626,60,0.1788025528505323,WLS,87,4.5435197043974807e-05
2,UPFC_Vsh,5-15,1.1076932177155339,60,1.109897460726115,WLS,87,0.002204243010581086
3,UPFC_tsh,5-15,-0.2365943168918546,60,-0.23659579559985702,WLS,87,1.4787080024336596e-06
4,UPFC_Vse,5-15,0.05981988607504995,60,0.058716662229647276,WLS,87,0.0011032238454026719
5,UPFC_tse,5-15,-2.158545271550775,60,-2.1554567290017665,WLS,87,0.0030885425490083662
0,x_tcsc,1-14,-0.10865901023717878,61,-0.10863950296660514,WLS,87,1.9507270573634883e-05
1,B_svc,2,0.179035365133334,61,0.1788025528505323,WLS,87,0.0002328122828017254
2,UPFC_Vsh,5-15,1.1072203621293872,61,1.109897460726115,WLS,87,0.0026770985967277117
3,UPFC_tsh,5-15,-0.2366346640489573,61,-0.23659579559985702,WLS,87,3.88684491002822e-05
4,UPFC_Vse,5-15,0.05994560825696174,61,0.058716662229647276,WLS,87,0.0012289460273144648
5,UPFC_tse,5-15,-2.1580444910043104,61,-2.1554567290017665,WLS,87,0.0025877620025438475
0,x_tcsc,1-14,-0.10866272387143107,62,-0.10863950296660514,WLS,87,2.322090482592687e-05
1,B_svc,2,0.17872499103745287,62,0.1788025528505323,WLS,87,7.756181307941312e-05
2,UPFC_Vsh,5-15,1.1074112467111246,62,1.109897460726115,WLS,87,0.0024862140149903844
3,UPFC_tsh,5-15,-0.23661608072780593,62,-0.23659579559985702,WLS,87,2.0285127948910242e-05
4,UPFC_Vse,5-15,0.05931605601117228,62,0.058716662229647276,WLS,87,0.0005993937815250011
5,UPFC_tse,5-15,-2.15888655749599,62,-2.1554567290017665,WLS,87,0.0034298284942235746
0,x_tcsc,1-14,-0.10865306563204553,63,-0.10863950296660514,WLS,87,1.3562665440391974e-05
1,B_svc,2,0.17891506601164228,63,0.1788025528505323,WLS,87,0.00011251316110999499
2,UPFC_Vsh,5-15,1.1071323319522055,63,1.109897460726115,WLS,87,0.002765128773909442
3,UPFC_tsh,5-15,-0.2366549172193512,63,-0.23659579559985702,WLS,87,5.9121619494173494e-05
4,UPFC_Vse,5-15,0.05925350739584364,63,0.058716662229647276,WLS,87,0.0005368451661963633
5,UPFC_tse,5-15,-2.160008518189662,63,-2.1554567290017665,WLS,87,0.004551789187895672
0,x_tcsc,1-14,-0.1086438690054721,64,-0.10863950296660514,WLS,87,4.366038866956967e-06
1,B_svc,2,0.1785657445251105,64,0.1788025528505323,WLS,87,0.00023680832542177788
2,UPFC_Vsh,5-15,1.1073052753668884,64,1.109897460726115,WLS,87,0.002592185359226562
3,UPFC_tsh,5-15,-0.23658525919172643,64,-0.23659579559985702,WLS,87,1.0536408130590313e-05
4,UPFC_Vse,5-15,0.05959834787890014,64,0.058716662229647276,WLS,87,0.0008816856492528669
5,UPFC_tse,5-15,-2.1548755219453817,64,-2.1554567290017665,WLS,87,0.0005812070563848692
0,x_tcsc,1-14,-0.1086612323535671,65,-0.10863950296660514,WLS,87,2.1729386961960584e-05
1,B_svc,2,0.17864443068871755,65,0.1788025528505323,WLS,87,0.00015812216181473882
2,UPFC_Vsh,5-15,1.1073574805229103,65,1.109897460726115,WLS,87,0.0025399802032046725
3,UPFC_tsh,5-15,-0.23664437879934852,65,-0.23659579559985702,WLS,87,4.8583199491497586e-05
4,UPFC_Vse,5-15,0.0597646731005327,65,0.058716662229647276,WLS,87,0.0010480108708854213
5,UPFC_tse,5-15,-2.156648708655757,65,-2.1554567290017665,WLS,87,0.001191979653990316
0,x_tcsc,1-14,-0.10865865319465967,66,-0.10863950296660514,WLS,87,1.915022805452915e-05
1,B_svc,2,0.17890619122534382,66,0.1788025528505323,WLS,87,0.00010363837481153215
2,UPFC_Vsh,5-15,1.1073775250164666,66,1.109897460726115,WLS,87,0.0025199357096483688
3,UPFC_tsh,5-15,-0.23668631955637784,66,-0.23659579559985702,WLS,87,9.052395652081602e-05
4,UPFC_Vse,5-15,0.05984592713095661,66,0.058716662229647276,WLS,87,0.0011292649013093306
5,UPFC_tse,5-15,-2.155473310620486,66,-2.1554567290017665,WLS,87,1.658161871942454e-05
0,x_tcsc,1-14,-0.10865816801933884,67,-0.10863950296660514,WLS,87,1.8665052733693455e-05
1,B_svc,2,0.17870673075031648,67,0.1788025528505323,WLS,87,9.582210021580329e-05
2,UPFC_Vsh,5-15,1.1074327623108542,67,1.109897460726115,WLS,87,0.0024646984152607576
3,UPFC_tsh,5-15,-0.23655787585350954,67,-0.23659579559985702,WLS,87,3.791974634748119e-05
4,UPFC_Vse,5-15,0.059945701672837845,67,0.058716662229647276,WLS,87,0.0012290394431905688
5,UPFC_tse,5-15,-2.1566533964397645,67,-2.1554567290017665,WLS,87,0.0011966674379979558
0,x_tcsc,1-14,-0.1086715878034387,68,-0.10863950296660514,WLS,87,3.208483683356245e-05
1,B_svc,2,0.17894042244421032,68,0.1788025528505323,WLS,87,0.00013786959367803608
2,UPFC_Vsh,5-15,1.1070812192707902,68,1.109897460726115,WLS,87,0.002816241455324775
3,UPFC_tsh,5-15,-0.23665245887647238,68,-0.23659579559985702,WLS,87,5.6663276615354086e-05
4,UPFC_Vse,5-15,0.060027215936303766,68,0.058716662229647276,WLS,87,0.0013105537066564893
5,UPFC_tse,5-15,-2.15779650075599,68,-2.1554567290017665,WLS,87,0.0023397717542232854
0,x_tcsc,1-14,-0.10866369090588843,69,-0.10863950296660514,WLS,87,2.4187939283284998e-05
1,B_svc,2,0.1790630168277403,69,0.1788025528505323,WLS,87,0.0002604639772080253
2,UPFC_Vsh,5-15,1.1074570576481089,69,1.109897460726115,WLS,87,0.0024404030780060815
3,UPFC_tsh,5-15,-0.2366106581527728,69,-0.23659579559985702,WLS,87,1.4862552915773097e-05
4,UPFC_Vse,5-15,0.059310893951696614,69,0.058716662229647276,WLS,87,0.0005942317220493376
5,UPFC_tse,5-15,-2.1625502588187464,69,-2.1554567290017665,WLS,87,0.00709352981697986
0,x_tcsc,1-14,-0.10865670153696241,70,-0.10863950296660514,WLS,87,1.7198570357271348e-05
1,B_svc,2,0.17921953124516227,70,0.1788025528505323,WLS,87,0.0004169783946299799
2,UPFC_Vsh,5-15,1.107316291469993,70,1.109897460726115,WLS,87,0.0025811692561219512
3,UPFC_tsh,5-15,-0.23663173158390155,70,-0.23659579559985702,WLS,87,3.593598404452725e-05
4,UPFC_Vse,5-15,0.0598309482422118,70,0.058716662229647276,WLS,87,0.0011142860125645249
5,UPFC_tse,5-15,-2.1572916798067148,70,-2.1554567290017665,WLS,87,0.001834950804948221
0,x_tcsc,1-14,-0.10867590765610774,71,-0.10863950296660514,WLS,87,3.6404689502597676e-05
1,B_svc,2,0.17855911784235431,71,0.1788025528505323,WLS,87,0.00024343500817797237
2,UPFC_Vsh,5-15,1.1077617384859075,71,1.109897460726115,WLS,87,0.002135722240207416
3,UPFC_tsh,5-15,-0.23659959424406965,71,-0.23659579559985702,WLS,87,3.7986442126269893e-06
4,UPFC_Vse,5-15,0.05917632096081574,71,0.058716662229647276,WLS,87,0.0004596587311684608
5,UPFC_tse,5-15,-2.160672038697175,71,-2.1554567290017665,WLS,87,0.005215309695408621
0,x_tcsc,1-14,-0.10866609050604424,72,-0.10863950296660514,WLS,87,2.6587539439099084e-05
1,B_svc,2,0.17851737776824003,72,0.1788025528505323,WLS,87,0.00028517508229225497
2,UPFC_Vsh,5-15,1.107257912275978,72,1.109897460726115,WLS,87,0.0026395484501369193
3,UPFC_tsh,5-15,-0.2365913668559735,72,-0.23659579559985702,WLS,87,4.42874388351111e-06
4,UPFC_Vse,5-15,0.05948127382277499,72,0.058716662229647276,WLS,87,0.000764611593127712
5,UPFC_tse,5-15,-2.1591730629185957,72,-2.1554567290017665,WLS,87,0.0037163339168291287
0,x_tcsc,1-14,-0.1086544507789357,73,-0.10863950296660514,WLS,87,1.4947812330551313e-05
1,B_svc,2,0.17832076102043581,73,0.1788025528505323,WLS,87,0.00048179183009647297
2,UPFC_Vsh,5-15,1.1075379358238777,73,1.109897460726115,WLS,87,0.002359524902237231
3,UPFC_tsh,5-15,-0.23656394028098113,73,-0.23659579559985702,WLS,87,3.185531887589521e-05
4,UPFC_Vse,5-15,0.059926531019577706,73,0.058716662229647276,WLS,87,0.0012098687899304295
5,UPFC_tse,5-15,-2.157378600244772,73,-2.1554567290017665,WLS,87,0.0019218712430055795
0,x_tcsc,1-14,-0.10865274767079773,74,-0.10863950296660514,WLS,87,1.3244704192588719e-05
1,B_svc,2,0.17861490830140542,74,0.1788025528505323,WLS,87,0.00018764454912686968
2,UPFC_Vsh,5-15,1.107309152859306,74,1.109897460726115,WLS,87,0.00258830786680897
3,UPFC_tsh,5-15,-0.23664674616773126,74,-0.23659579559985702,WLS,87,5.095056787424168e-05
4,UPFC_Vse,5-15,0.0599256915833331,74,0.058716662229647276,WLS,87,0.001209029353685824
5,UPFC_tse,5-15,-2.155524121866582,74,-2.1554567290017665,WLS,87,6.739286481538542e-05
0,x_tcsc,1-14,-0.10865297390870093,75,-0.10863950296660514,WLS,87,1.3470942095791805e-05
1,B_svc,2,0.17923286203232097,75,0.1788025528505323,WLS,87,0.00043030918178868505
2,UPFC_Vsh,5-15,1.1073465668437126,75,1.109897460726115,WLS,87,0.002550893882402372
3,UPFC_tsh,5-15,-0.2367209111000102,75,-0.23659579559985702,WLS,87,0.00012511550015317785
4,UPFC_Vse,5-15,0.059677917187246014,75,0.058716662229647276,WLS,87,0.0009612549575987381
5,UPFC_tse,5-15,-2.159337348156088,75,-2.1554567290017665,WLS,87,0.003880619154321252
0,x_tcsc,1-14,-0.10865349438124002,76,-0.10863950296660514,WLS,87,1.3991414634872967e-05
1,B_svc,2,0.17889482143300445,76,0.1788025528505323,WLS,87,9.22685824721603e-05
2,UPFC_Vsh,5-15,1.1074741619642712,76,1.109897460726115,WLS,87,0.002423298761843773
3,UPFC_tsh,5-15,-0.23664368980587244,76,-0.23659579559985702,WLS,87,4.7894206015419716e-05
4,UPFC_Vse,5-15,0.060151950255648366,76,0.058716662229647276,WLS,87,0.00143528802600109
5,UPFC_tse,5-15,-2.158422708114129,76,-2.1554567290017665,WLS,87,0.0029659791123624046
0,x_tcsc,1-14,-0.10866347217745587,77,-0.10863950296660514,WLS,87,2.3969210850724454e-05
1,B_svc,2,0.17873606529238895,77,0.1788025528505323,WLS,87,6.648755814334106e-05
2,UPFC_Vsh,5-15,1.1074882531109493,77,1.109897460726115,WLS,87,0.0024092076151656094
3,UPFC_tsh,5-15,-0.23662783045860358,77,-0.23659579559985702,WLS,87,3.20348587465602e-05
4,UPFC_Vse,5-15,0.05993066547797049,77,0.058716662229647276,WLS,87,0.0012140032483232144
5,UPFC_tse,5-15,-2.161206893645881,77,-2.1554567290017665,WLS,87,0.005750164644114264
0,x_tcsc,1-14,-0.10865826572457885,78,-0.10863950296660514,WLS,87,1.8762757973703192e-05
1,B_svc,2,0.17838108152483786,78,0.1788025528505323,WLS,87,0.00042147132569442247
2,UPFC_Vsh,5-15,1.1074132258278058,78,1.109897460726115,WLS,87,0.002484234898309179
3,UPFC_tsh,5-15,-0.23656839568884447,78,-0.23659579559985702,WLS,87,2.7399911012554456e-05
4,UPFC_Vse,5-15,0.059747624204846334,78,0.058716662229647276,WLS,87,0.0010309619751990573
5,UPFC_tse,5-15,-2.1590004059380328,78,-2.1554567290017665,WLS,87,0.003543676936266227
0,x_tcsc,1-14,-0.10866041818657111,79,-0.10863950296660514,WLS,87,2.0915219965972343e-05
1,B_svc,2,0.17882662949691766,79,0.1788025528505323,WLS,87,2.4076646385373657e-05
2,UPFC_Vsh,5-15,1.1075190945370408,79,1.109897460726115,WLS,87,0.002378366189074166
3,UPFC_tsh,5-15,-0.23664850907184043,79,-0.23659579559985702,WLS,87,5.271347198340659e-05
4,UPFC_Vse,5-15,0.05947090996633446,79,0.058716662229647276,WLS,87,0.000754247736687183
5,UPFC_tse,5-15,-2.161275629589279,79,-2.1554567290017665,WLS,87,0.005818900587512665
0,x_tcsc,1-14,-0.10867449600581928,80,-0.10863950296660514,WLS,87,3.4993039214142874e-05
1,B_svc,2,0.17861889317754626,80,0.1788025528505323,WLS,87,0.0001836596729860307
2,UPFC_Vsh,5-15,1.1071900541489739,80,1.109897460726115,WLS,87,0.0027074065771410805
3,UPFC_tsh,5-15,-0.2366243993674297,80,-0.23659579559985702,WLS,87,2.860376757268801e-05
4,UPFC_Vse,5-15,0.059814375162038004,80,0.058716662229647276,WLS,87,0.0010977129323907278
5,UPFC_tse,5-15,-2.159443481594816,80,-2.1554567290017665,WLS,87,0.003986752593049481
0,x_tcsc,1-14,-0.1086699280856072,81,-0.10863950296660514,WLS,87,3.0425119002058798e-05
1,B_svc,2,0.1782141100005808,81,0.1788025528505323,WLS,87,0.0005884428499514927
2,UPFC_Vsh,5-15,1.1072243919648597,81,1.109897460726115,WLS,87,0.0026730687612552817
3,UPFC_tsh,5-15,-0.2366053911820481,81,-0.23659579559985702,WLS,87,9.595582191074259e-06
4,UPFC_Vse,5-15,0.06026141986147819,81,0.058716662229647276,WLS,87,0.0015447576318309147
5,UPFC_tse,5-15,-2.157279066811994,81,-2.1554567290017665,WLS,87,0.001822337810227559
0,x_tcsc,1-14,-0.10866575705516429,82,-0.10863950296660514,WLS,87,2.6254088559149458e-05
1,B_svc,2,0.17857408743787365,82,0.1788025528505323,WLS,87,0.0002284654126586405
2,UPFC_Vsh,5-15,1.107190827899063,82,1.109897460726115,WLS,87,0.002706632827051969
3,UPFC_tsh,5-15,-0.23660054048244267,82,-0.23659579559985702,WLS,87,4.744882585644428e-06
4,UPFC_Vse,5-15,0.05950186526834214,82,0.058716662229647276,WLS,87,0.000785203038694865
5,UPFC_tse,5-15,-2.1581701082462845,82,-2.1554567290017665,WLS,87,0.002713379244517977
0,x_tcsc,1-14,-0.10866525823148786,83,-0.10863950296660514,WLS,87,2.575526488271529e-05
1,B_svc,2,0.1788143988653366,83,0.1788025528505323,WLS,87,1.184601480430647e-05
2,UPFC_Vsh,5-15,1.1077127614134277,83,1.109897460726115,WLS,87,0.002184699312687277
3,UPFC_tsh,5-15,-0.23660440955520123,83,-0.23659579559985702,WLS,87,8.613955344211055e-06
4,UPFC_Vse,5-15,0.0598564885060652,83,0.058716662229647276,WLS,87,0.0011398262764179268
5,UPFC_tse,5-15,-2.158849986581905,83,-2.1554567290017665,WLS,87,0.003393257580138531
0,x_tcsc,1-14,-0.10865185803623299,84,-0.10863950296660514,WLS,87,1.2355069627850712e-05
1,B_svc,2,0.17893235196312013,84,0.1788025528505323,WLS,87,0.00012979911258784171
2,UPFC_Vsh,5-15,1.1072103825722854,84,1.109897460726115,WLS,87,0.002687078153829514
3,UPFC_tsh,5-15,-0.2367057946685124,84,-0.23659579559985702,WLS,87,0.00010999906865538644
4,UPFC_Vse,5-15,0.059857100338331345,84,0.058716662229647276,WLS,87,0.0011404381086840693
5,UPFC_tse,5-15,-2.1568961551342904,84,-2.1554567290017665,WLS,87,0.0014394261325239022
0,x_tcsc,1-14,-0.1086501100925753,85,-0.10863950296660514,WLS,87,1.0607125970160669e-05
1,B_svc,2,0.17848041247767915,85,0.1788025528505323,WLS,87,0.0003221403728531358
2,UPFC_Vsh,5-15,1.107216989957825,85,1.109897460726115,WLS,87,0.002680470768289922
3,UPFC_tsh,5-15,-0.236633461285158,85,-0.23659579559985702,WLS,87,3.7665685300974916e-05
4,UPFC_Vse,5-15,0.05977374486692203,85,0.058716662229647276,WLS,87,0.0010570826372747547
5,UPFC_tse,5-15,-2.1574074709341575,85,-2.1554567290017665,WLS,87,0.0019507419323909758
0,x_tcsc,1-14,-0.1086621752710973,86,-0.10863950296660514,WLS,87,2.267230449215507e-05
1,B_svc,2,0.17854692713078782,86,0.1788025528505323,WLS,87,0.0002556257197444678
2,UPFC_Vsh,5-15,1.1075663301506886,86,1.109897460726115,WLS,87,0.0023311305754263323
3,UPFC_tsh,5-15,-0.23662046386209934,86,-0.23659579559985702,WLS,87,2.4668262242316663e-05
4,UPFC_Vse,5-15,0.05989305917847617,86,0.058716662229647276,WLS,87,0.0011763969488288936
5,UPFC_tse,5-15,-2.1545133626183706,86,-2.1554567290017665,WLS,87,0.0009433663833959827
0,x_tcsc,1-14,-0.1086642962315739,87,-0.10863950296660514,WLS,87,2.4793264968764328e-05
1,B_svc,2,0.17857362427405812,87,0.1788025528505323,WLS,87,0.00022892857647416331
2,UPFC_Vsh,5-15,1.107196134506183,87,1.109897460726115,WLS,87,0.002701326219932021
3,UPFC_tsh,5-15,-0.23668398452715692,87,-0.23659579559985702,WLS,87,8.818892729989258e-05
4,UPFC_Vse,5-15,0.06003514745458165,87,0.058716662229647276,WLS,87,0.001318485224934371
5,UPFC_tse,5-15,-2.1578114399715065,87,-2.1554567290017665,WLS,87,0.002354710969739937
0,x_tcsc,1-14,-0.10865542048507178,88,-0.10863950296660514,WLS,87,1.5917518466634917e-05
1,B_svc,2,0.17838469559265963,88,0.1788025528505323,WLS,87,0.00041785725787266137
2,UPFC_Vsh,5-15,1.107221372985729,88,1.109897460726115,WLS,87,0.0026760877403859684
3,UPFC_tsh,5-15,-0.23666281791667942,88,-0.23659579559985702,WLS,87,6.702231682240156e-05
4,UPFC_Vse,5-15,0.059301211140757676,88,0.058716662229647276,WLS,87,0.0005845489111103996
5,UPFC_tse,5-15,-2.163000338942533,88,-2.1554567290017665,WLS,87,0.007543609940766416
0,x_tcsc,1-14,-0.10864906554326449,89,-0.10863950296660514,WLS,87,9.562576659349897e-06
1,B_svc,2,0.17833993462986536,89,0.1788025528505323,WLS,87,0.00046261822066692715
2,UPFC_Vsh,5-15,1.1075833227675695,89,1.109897460726115,WLS,87,0.0023141379585454036
3,UPFC_tsh,5-15,-0.2366698338617014,89,-0.23659579559985702,WLS,87,7.4038261844378e-05
4,UPFC_Vse,5-15,0.05945988939349967,89,0.058716662229647276,WLS,87,0.000743227163852396
5,UPFC_tse,5-15,-2.160351770451737,89,-2.1554567290017665,WLS,87,0.004895041449970439
0,x_tcsc,1-14,-0.10863842887890789,90,-0.10863950296660514,WLS,87,1.074087697255921e-06
1,B_svc,2,0.1791328137659988,90,0.1788025528505323,WLS,87,0.00033026091546650704
2,UPFC_Vsh,5-15,1.107384694779174,90,1.109897460726115,WLS,87,0.0025127659469410535
3,UPFC_tsh,5-15,-0.23663341107791816,90,-0.23659579559985702,WLS,87,3.7615478061137075e-05
4,UPFC_Vse,5-15,0.05951839837932171,90,0.058716662229647276,WLS,87,0.0008017361496744368
5,UPFC_tse,5-15,-2.1608681464219663,90,-2.1554567290017665,WLS,87,0.005411417420199793
0,x_tcsc,1-14,-0.10865637667634147,91,-0.10863950296660514,WLS,87,1.6873709736325848e-05
1,B_svc,2,0.1782228819063098,91,0.1788025528505323,WLS,87,0.0005796709442224823
2,UPFC_Vsh,5-15,1.1073543936965347,91,1.109897460726115,WLS,87,0.0025430670295802926
3,UPFC_tsh,5-15,-0.23666464181717262,91,-0.23659579559985702,WLS,87,6.884621731559348e-05
4,UPFC_Vse,5-15,0.059864500626263216,91,0.058716662229647276,WLS,87,0.0011478383966159397
5,UPFC_tse,5-15,-2.1566753628791324,91,-2.1554567290017665,WLS,87,0.0012186338773658711
0,x_tcsc,1-14,-0.10865346250770935,92,-0.10863950296660514,WLS,87,1.3959541104210937e-05
1,B_svc,2,0.17865659933709288,92,0.1788025528505323,WLS,87,0.00014595351343940632
2,UPFC_Vsh,5-15,1.107502844161082,92,1.109897460726115,WLS,87,0.0023946165650330364
3,UPFC_tsh,5-15,-0.23660757615741856,92,-0.23659579559985702,WLS,87,1.1780557561541505e-05
4,UPFC_Vse,5-15,0.05980596916527613,92,0.058716662229647276,WLS,87,0.0010893069356288504
5,UPFC_tse,5-15,-2.1570564306700963,92,-2.1554567290017665,WLS,87,0.0015997016683297893
0,x_tcsc,1-14,-0.10864997721274332,93,-0.10863950296660514,WLS,87,1.0474246138175713e-05
1,B_svc,2,0.1781994434143527,93,0.1788025528505323,WLS,87,0.000603109436179583
2,UPFC_Vsh,5-15,1.107406732255166,93,1.109897460726115,WLS,87,0.0024907284709489996
3,UPFC_tsh,5-15,-0.23663847823980963,93,-0.23659579559985702,WLS,87,4.2682639952607015e-05
4,UPFC_Vse,5-15,0.06028480141031626,93,0.058716662229647276,WLS,87,0.0015681391806689829
5,UPFC_tse,5-15,-2.1570391455022357,93,-2.1554567290017665,WLS,87,0.001582416500469197
0,x_tcsc,1-14,-0.1086470432247755,94,-0.10863950296660514,WLS,87,7.540258170360414e-06
1,B_svc,2,0.17848436060140074,94,0.1788025528505323,WLS,87,0.00031819224913154365
2,UPFC_Vsh,5-15,1.1074149671294737,94,1.109897460726115,WLS,87,0.002482493596641211
3,UPFC_tsh,5-15,-0.2365862740414782,94,-0.23659579559985702,WLS,87,9.521558378827732e-06
4,UPFC_Vse,5-15,0.05923541652575525,94,0.058716662229647276,WLS,87,0.0005187542961079747
5,UPFC_tse,5-15,-2.1578257326786847,94,-2.1554567290017665,WLS,87,0.002369003676918169
0,x_tcsc,1-14,-0.10864252393830323,95,-0.10863950296660514,WLS,87,3.0209716980894585e-06
1,B_svc,2,0.17882238089320704,95,0.1788025528505323,WLS,87,1.9828042674752133e-05
2,UPFC_Vsh,5-15,1.1077035769568246,95,1.109897460726115,WLS,87,0.0021938837692903057
3,UPFC_tsh,5-15,-0.23659172163836134,95,-0.23659579559985702,WLS,87,4.073961495681955e-06
4,UPFC_Vse,5-15,0.059713472793320135,95,0.058716662229647276,WLS,87,0.0009968105636728591
5,UPFC_tse,5-15,-2.1566663671141564,95,-2.1554567290017665,WLS,87,0.0012096381123898325
0,x_tcsc,1-14,-0.10865921973408361,96,-0.10863950296660514,WLS,87,1.971676747847262e-05
1,B_svc,2,0.1793462610284666,96,0.1788025528505323,WLS,87,0.00054370817793431
2,UPFC_Vsh,5-15,1.1069874483880229,96,1.109897460726115,WLS,87,0.0029100123380920717
3,UPFC_tsh,5-15,-0.2366612751820674,96,-0.23659579559985702,WLS,87,6.547958221037042e-05
4,UPFC_Vse,5-15,0.05977908653298594,96,0.058716662229647276,WLS,87,0.001062424303338666
5,UPFC_tse,5-15,-2.1591507089847597,96,-2.1554567290017665,WLS,87,0.0036939799829931452
0,x_tcsc,1-14,-0.10863680568480612,97,-0.10863950296660514,WLS,87,2.697281799024509e-06
1,B_svc,2,0.17882800767412035,97,0.1788025528505323,WLS,87,2.5454823588066944e-05
2,UPFC_Vsh,5-15,1.1071891995861622,97,1.109897460726115,WLS,87,0.0027082611399527057
3,UPFC_tsh,5-15,-0.23655608992266663,97,-0.23659579559985702,WLS,87,3.970567719038809e-05
4,UPFC_Vse,5-15,0.059340950812765865,97,0.058716662229647276,WLS,87,0.0006242885831185888
5,UPFC_tse,5-15,-2.1586967080574646,97,-2.1554567290017665,WLS,87,0.003239979055698061
0,x_tcsc,1-14,-0.1086455068672747,98,-0.10863950296660514,WLS,87,6.0039006695572494e-06
1,B_svc,2,0.17892394265689776,98,0.1788025528505323,WLS,87,0.00012138980636547392
2,UPFC_Vsh,5-15,1.1075771833622097,98,1.109897460726115,WLS,87,0.0023202773639052765
3,UPFC_tsh,5-15,-0.23660502024248012,98,-0.23659579559985702,WLS,87,9.224642623095747e-06
4,UPFC_Vse,5-15,0.05959722235189223,98,0.058716662229647276,WLS,87,0.0008805601222449527
5,UPFC_tse,5-15,-2.1604192579612427,98,-2.1554567290017665,WLS,87,0.004962528959476131
0,x_tcsc,1-14,-0.10865907709492276,99,-0.10863950296660514,WLS,87,1.9574128317614847e-05
1,B_svc,2,0.1786827122574247,99,0.1788025528505323,WLS,87,0.00011984059310760076
2,UPFC_Vsh,5-15,1.1073052489057438,99,1.109897460726115,WLS,87,0.002592211820371171
3,UPFC_tsh,5-15,-0.23665881704420783,99,-0.23659579559985702,WLS,87,6.302144435080259e-05
4,UPFC_Vse,5-15,0.059788183076417006,99,0.058716662229647276,WLS,87,0.0010715208467697301
5,UPFC_tse,5-15,-2.1590292121240298,99,-2.1554567290017665,WLS,87,0.0035724831222632147
0,x_tcsc,1-14,-0.1080550138883982,0,-0.10803233126886942,WLS,89,2.2682619528771597e-05
1,B_svc,2,0.17793374813555968,0,0.17804581008833067,WLS,89,0.00011206195277099762
2,UPFC_Vsh,5-15,1.1071268368753016,0,1.1094139934513632,WLS,89,0.0022871565760615997
3,UPFC_tsh,5-15,-0.237073142896233,0,-0.23699861086862142,WLS,89,7.453202761156796e-05
4,UPFC_Vse,5-15,0.05960551951810243,0,0.059055680618561764,WLS,89,0.0005498388995406681
5,UPFC_tse,5-15,-2.1639331360768645,0,-2.166415390085353,WLS,89,0.0024822540084885603
0,x_tcsc,1-14,-0.10805721945717564,1,-0.10803233126886942,WLS,89,2.4888188306218528e-05
1,B_svc,2,0.1778282501173518,1,0.17804581008833067,WLS,89,0.00021755997097888669
2,UPFC_Vsh,5-15,1.1073771186748667,1,1.1094139934513632,WLS,89,0.0020368747764965
3,UPFC_tsh,5-15,-0.23695409772078724,1,-0.23699861086862142,WLS,89,4.451314783418536e-05
4,UPFC_Vse,5-15,0.06014205918974817,1,0.059055680618561764,WLS,89,0.0010863785711864096
5,UPFC_tse,5-15,-2.1584900043367177,1,-2.166415390085353,WLS,89,0.007925385748635438
0,x_tcsc,1-14,-0.10805238679806757,2,-0.10803233126886942,WLS,89,2.005552919814857e-05
1,B_svc,2,0.17768684152200076,2,0.17804581008833067,WLS,89,0.0003589685663299147
2,UPFC_Vsh,5-15,1.1072308074587727,2,1.1094139934513632,WLS,89,0.002183185992590486
3,UPFC_tsh,5-15,-0.23698361208021942,2,-0.23699861086862142,WLS,89,1.4998788401998642e-05
4,UPFC_Vse,5-15,0.06025004913027196,2,0.059055680618561764,WLS,89,0.0011943685117101963
5,UPFC_tse,5-15,-2.1560700285029397,2,-2.166415390085353,WLS,89,0.010345361582413393
0,x_tcsc,1-14,-0.10806101771781806,3,-0.10803233126886942,WLS,89,2.868644894864214e-05
1,B_svc,2,0.17822380681994357,3,0.17804581008833067,WLS,89,0.00017799673161289498
2,UPFC_Vsh,5-15,1.1073050393270842,3,1.1094139934513632,WLS,89,0.0021089541242789167
3,UPFC_tsh,5-15,-0.2370123311205796,3,-0.23699861086862142,WLS,89,1.3720251958171392e-05
4,UPFC_Vse,5-15,0.05992786268908726,3,0.059055680618561764,WLS,89,0.0008721820705254943
5,UPFC_tse,5-15,-2.15896272764998,3,-2.166415390085353,WLS,89,0.007452662435373014
0,x_tcsc,1-14,-0.10804778218930246,4,-0.10803233126886942,WLS,89,1.545092043303553e-05
1,B_svc,2,0.17859149813412095,4,0.17804581008833067,WLS,89,0.0005456880457902769
2,UPFC_Vsh,5-15,1.1071187333400665,4,1.1094139934513632,WLS,89,0.0022952601112966597
3,UPFC_tsh,5-15,-0.23702561440201048,4,-0.23699861086862142,WLS,89,2.7003533389052814e-05
4,UPFC_Vse,5-15,0.05993002154728243,4,0.059055680618561764,WLS,89,0.0008743409287206641
5,UPFC_tse,5-15,-2.1597409892476986,4,-2.166415390085353,WLS,89,0.0066744008376544706
0,x_tcsc,1-14,-0.10805295180578674,5,-0.10803233126886942,WLS,89,2.0620536917315135e-05
1,B_svc,2,0.17760530317666928,5,0.17804581008833067,WLS,89,0.00044050691166139244
2,UPFC_Vsh,5-15,1.1075402631034623,5,1.1094139934513632,WLS,89,0.0018737303479008371
3,UPFC_tsh,5-15,-0.23702234814219364,5,-0.23699861086862142,WLS,89,2.3737273572216333e-05
4,UPFC_Vse,5-15,0.06021005311653977,5,0.059055680618561764,WLS,89,0.0011543724979780068
5,UPFC_tse,5-15,-2.1593382600573183,5,-2.166415390085353,WLS,89,0.007077130028034784
0,x_tcsc,1-14,-0.1080654018228246,6,-0.10803233126886942,WLS,89,3.3070553955183435e-05
1,B_svc,2,0.17793649231976327,6,0.17804581008833067,WLS,89,0.00010931776856740183
2,UPFC_Vsh,5-15,1.107172316328435,6,1.1094139934513632,WLS,89,0.0022416771229281096
3,UPFC_tsh,5-15,-0.23698137131277291,6,-0.23699861086862142,WLS,89,1.7239555848508337e-05
4,UPFC_Vse,5-15,0.05976677596293387,6,0.059055680618561764,WLS,89,0.0007110953443721091
5,UPFC_tse,5-15,-2.1593070351487,6,-2.166415390085353,WLS,89,0.007108354936653072
0,x_tcsc,1-14,-0.10806219572779581,7,-0.10803233126886942,WLS,89,2.986445892638745e-05
1,B_svc,2,0.17805834763539027,7,0.17804581008833067,WLS,89,1.2537547059598975e-05
2,UPFC_Vsh,5-15,1.1070325330010142,7,1.1094139934513632,WLS,89,0.0023814604503489267
3,UPFC_tsh,5-15,-0.23702512558593578,7,-0.23699861086862142,WLS,89,2.6514717314352065e-05
4,UPFC_Vse,5-15,0.05990622143546295,7,0.059055680618561764,WLS,89,0.0008505408169011894
5,UPFC_tse,5-15,-2.159505969571159,7,-2.166415390085353,WLS,89,0.006909420514193965
0,x_tcsc,1-14,-0.10806036809950809,8,-0.10803233126886942,WLS,89,2.8036830638664134e-05
1,B_svc,2,0.17789176766171713,8,0.17804581008833067,WLS,89,0.00015404242661354317
2,UPFC_Vsh,5-15,1.1073632911475995,8,1.1094139934513632,WLS,89,0.0020507023037636962
3,UPFC_tsh,5-15,-0.23701870390587249,8,-0.23699861086862142,WLS,89,2.009303725106215e-05
4,UPFC_Vse,5-15,0.05970574115918435,8,0.059055680618561764,WLS,89,0.0006500605406225893
5,UPFC_tse,5-15,-2.1589394449545396,8,-2.166415390085353,WLS,89,0.0074759451308135105
0,x_tcsc,1-14,-0.10805193999923057,9,-0.10803233126886942,WLS,89,1.960873036115085e-05
1,B_svc,2,0.1779255056520376,9,0.17804581008833067,WLS,89,0.00012030443629307275
2,UPFC_Vsh,5-15,1.1071775483677848,9,1.1094139934513632,WLS,89,0.0022364450835783423
3,UPFC_tsh,5-15,-0.23700928794346168,9,-0.23699861086862142,WLS,89,1.0677074840259593e-05
4,UPFC_Vse,5-15,0.059932177607919114,9,0.059055680618561764,WLS,89,0.0008764969893573504
5,UPFC_tse,5-15,-2.1573301507183897,9,-2.166415390085353,WLS,89,0.009085239366963371
0,x_tcsc,1-14,-0.10805140155651408,10,-0.10803233126886942,WLS,89,1.9070287644654127e-05
1,B_svc,2,0.17793394260092493,10,0.17804581008833067,WLS,89,0.00011186748740574237
2,UPFC_Vsh,5-15,1.1073237551502602,10,1.1094139934513632,WLS,89,0.002090238301102998
3,UPFC_tsh,5-15,-0.2370874358687221,10,-0.23699861086862142,WLS,89,8.882500010068406e-05
4,UPFC_Vse,5-15,0.060543553645937026,10,0.059055680618561764,WLS,89,0.0014878730273752624
5,UPFC_tse,5-15,-2.156894629650223,10,-2.166415390085353,WLS,89,0.009520760435130171
0,x_tcsc,1-14,-0.10805098859268124,11,-0.10803233126886942,WLS,89,1.865732381181595e-05
1,B_svc,2,0.17800477078047355,11,0.17804581008833067,WLS,89,4.10393078571214e-05
2,UPFC_Vsh,5-15,1.1075607561037573,11,1.1094139934513632,WLS,89,0.001853237347605896
3,UPFC_tsh,5-15,-0.23693893664243215,11,-0.23699861086862142,WLS,89,5.967422618927132e-05
4,UPFC_Vse,5-15,0.05978932286806095,11,0.059055680618561764,WLS,89,0.0007336422494991848
5,UPFC_tse,5-15,-2.155779757972337,11,-2.166415390085353,WLS,89,0.010635632113016324
0,x_tcsc,1-14,-0.1080579005148219,12,-0.10803233126886942,WLS,89,2.5569245952483666e-05
1,B_svc,2,0.17754886163392194,12,0.17804581008833067,WLS,89,0.0004969484544087299
2,UPFC_Vsh,5-15,1.1071834147034605,12,1.1094139934513632,WLS,89,0.0022305787479026673
3,UPFC_tsh,5-15,-0.2370069120209947,12,-0.23699861086862142,WLS,89,8.301152373269005e-06
4,UPFC_Vse,5-15,0.06037952674930469,12,0.059055680618561764,WLS,89,0.001323846130742927
5,UPFC_tse,5-15,-2.1529688395189277,12,-2.166415390085353,WLS,89,0.013446550566425408
0,x_tcsc,1-14,-0.10805572595016633,13,-0.10803233126886942,WLS,89,2.3394681296903808e-05
1,B_svc,2,0.1778970691874638,13,0.17804581008833067,WLS,89,0.00014874090086686165
2,UPFC_Vsh,5-15,1.1069485794469205,13,1.1094139934513632,WLS,89,0.0024654140044426676
3,UPFC_tsh,5-15,-0.23707291343819709,13,-0.23699861086862142,WLS,89,7.430256957566272e-05
4,UPFC_Vse,5-15,0.0597757595316377,13,0.059055680618561764,WLS,89,0.0007200789130759333
5,UPFC_tse,5-15,-2.158661907601192,13,-2.166415390085353,WLS,89,0.007753482484161189
0,x_tcsc,1-14,-0.10806655193026321,14,-0.10803233126886942,WLS,89,3.422066139378843e-05
1,B_svc,2,0.17821470729968555,14,0.17804581008833067,WLS,89,0.00016889721135487923
2,UPFC_Vsh,5-15,1.1073306814138786,14,1.1094139934513632,WLS,89,0.002083312037484575
3,UPFC_tsh,5-15,-0.23702135882783387,14,-0.23699861086862142,WLS,89,2.2747959212449098e-05
4,UPFC_Vse,5-15,0.05992604068046127,14,0.059055680618561764,WLS,89,0.0008703600618995069
5,UPFC_tse,5-15,-2.1593276268642776,14,-2.166415390085353,WLS,89,0.007087763221075516
0,x_tcsc,1-14,-0.10806075059933645,15,-0.10803233126886942,WLS,89,2.841933046703049e-05
1,B_svc,2,0.17770283668873274,15,0.17804581008833067,WLS,89,0.0003429733995979345
2,UPFC_Vsh,5-15,1.1069545419354891,15,1.1094139934513632,WLS,89,0.0024594515158740116
3,UPFC_tsh,5-15,-0.2370547443562429,15,-0.23699861086862142,WLS,89,5.6133487621484734e-05
4,UPFC_Vse,5-15,0.059553469353465255,15,0.059055680618561764,WLS,89,0.0004977887349034912
5,UPFC_tse,5-15,-2.158229985945917,15,-2.166415390085353,WLS,89,0.008185404139436248
0,x_tcsc,1-14,-0.1080734250814057,16,-0.10803233126886942,WLS,89,4.1093812536280305e-05
1,B_svc,2,0.17823160516539405,16,0.17804581008833067,WLS,89,0.00018579507706337206
2,UPFC_Vsh,5-15,1.1068590000686511,16,1.1094139934513632,WLS,89,0.002554993382712034
3,UPFC_tsh,5-15,-0.237048887176217,16,-0.23699861086862142,WLS,89,5.0276307595575886e-05
4,UPFC_Vse,5-15,0.06045416192282632,16,0.059055680618561764,WLS,89,0.001398481304264558
5,UPFC_tse,5-15,-2.1583528926260933,16,-2.166415390085353,WLS,89,0.008062497459259799
0,x_tcsc,1-14,-0.10803816124862387,17,-0.10803233126886942,WLS,89,5.829979754443104e-06
1,B_svc,2,0.17800710928773977,17,0.17804581008833067,WLS,89,3.870080059090175e-05
2,UPFC_Vsh,5-15,1.1072922881882252,17,1.1094139934513632,WLS,89,0.0021217052631379296
3,UPFC_tsh,5-15,-0.23706129670348675,17,-0.23699861086862142,WLS,89,6.268583486532253e-05
4,UPFC_Vse,5-15,0.059846541907077964,17,0.059055680618561764,WLS,89,0.0007908612885162009
5,UPFC_tse,5-15,-2.1549381530293976,17,-2.166415390085353,WLS,89,0.011477237055955491
0,x_tcsc,1-14,-0.10805073287438444,18,-0.10803233126886942,WLS,89,1.8401605515014352e-05
1,B_svc,2,0.17829497312052925,18,0.17804581008833067,WLS,89,0.00024916303219857383
2,UPFC_Vsh,5-15,1.106828549678561,18,1.1094139934513632,WLS,89,0.0025854437728021207
3,UPFC_tsh,5-15,-0.23701889568577222,18,-0.23699861086862142,WLS,89,2.028481715080077e-05
4,UPFC_Vse,5-15,0.05975442096270319,18,0.059055680618561764,WLS,89,0.0006987403441414269
5,UPFC_tse,5-15,-2.158897122806556,18,-2.166415390085353,WLS,89,0.007518267278797008
0,x_tcsc,1-14,-0.10806500523525085,19,-0.10803233126886942,WLS,89,3.2673966381430164e-05
1,B_svc,2,0.17764745079382405,19,0.17804581008833067,WLS,89,0.0003983592945066283
2,UPFC_Vsh,5-15,1.1072219669151564,19,1.1094139934513632,WLS,89,0.0021920265362067592
3,UPFC_tsh,5-15,-0.23697214952202372,19,-0.23699861086862142,WLS,89,2.6461346597700386e-05
4,UPFC_Vse,5-15,0.06024569458183041,19,0.059055680618561764,WLS,89,0.001190013963268649
5,UPFC_tse,5-15,-2.158243242973238,19,-2.166415390085353,WLS,89,0.008172147112115002
0,x_tcsc,1-14,-0.10805985589109239,20,-0.10803233126886942,WLS,89,2.7524622222968587e-05
1,B_svc,2,0.1778713897488977,20,0.17804581008833067,WLS,89,0.00017442033943296242
2,UPFC_Vsh,5-15,1.1074659408890262,20,1.1094139934513632,WLS,89,0.0019480525623369882
3,UPFC_tsh,5-15,-0.23707191161973734,20,-0.23699861086862142,WLS,89,7.330075111591783e-05
4,UPFC_Vse,5-15,0.05989331694215273,20,0.059055680618561764,WLS,89,0.0008376363235909692
5,UPFC_tse,5-15,-2.1615222275309516,20,-2.166415390085353,WLS,89,0.004893162554401531
0,x_tcsc,1-14,-0.10805132786452756,21,-0.10803233126886942,WLS,89,1.8996595658141158e-05
1,B_svc,2,0.17782969323094847,21,0.17804581008833067,WLS,89,0.0002161168573822092
2,UPFC_Vsh,5-15,1.1076347892596883,21,1.1094139934513632,WLS,89,0.0017792041916748769
3,UPFC_tsh,5-15,-0.2370573388790289,21,-0.23699861086862142,WLS,89,5.872801040748832e-05
4,UPFC_Vse,5-15,0.05976731429786967,21,0.059055680618561764,WLS,89,0.0007116336793079048
5,UPFC_tse,5-15,-2.1584249464886383,21,-2.166415390085353,WLS,89,0.007990443596714858
0,x_tcsc,1-14,-0.10805300043751342,22,-0.10803233126886942,WLS,89,2.0669168644002478e-05
1,B_svc,2,0.17795576548001285,22,0.17804581008833067,WLS,89,9.004460831782413e-05
2,UPFC_Vsh,5-15,1.1071475442365983,22,1.1094139934513632,WLS,89,0.0022664492147648208
3,UPFC_tsh,5-15,-0.2370369515465235,22,-0.23699861086862142,WLS,89,3.8340677902065634e-05
4,UPFC_Vse,5-15,0.05961849060379633,22,0.059055680618561764,WLS,89,0.000562809985234565
5,UPFC_tse,5-15,-2.1593732050737717,22,-2.166415390085353,WLS,89,0.007042185011581381
0,x_tcsc,1-14,-0.10807650431875047,23,-0.10803233126886942,WLS,89,4.4173049881052195e-05
1,B_svc,2,0.17785526358949208,23,0.17804581008833067,WLS,89,0.0001905464988385952
2,UPFC_Vsh,5-15,1.107296071744032,23,1.1094139934513632,WLS,89,0.0021179217073310497
3,UPFC_tsh,5-15,-0.2369926618663825,23,-0.23699861086862142,WLS,89,5.949002238936352e-06
4,UPFC_Vse,5-15,0.05994521211519588,23,0.059055680618561764,WLS,89,0.0008895314966341147
5,UPFC_tse,5-15,-2.1606032284522834,23,-2.166415390085353,WLS,89,0.005812161633069746
0,x_tcsc,1-14,-0.10805729680397781,24,-0.10803233126886942,WLS,89,2.4965535108389947e-05
1,B_svc,2,0.17798733501362585,24,0.17804581008833067,WLS,89,5.8475074704827934e-05
2,UPFC_Vsh,5-15,1.1072095357049092,24,1.1094139934513632,WLS,89,0.002204457746453947
3,UPFC_tsh,5-15,-0.23705761398069292,24,-0.23699861086862142,WLS,89,5.900311207149289e-05
4,UPFC_Vse,5-15,0.05974065804741631,24,0.059055680618561764,WLS,89,0.0006849774288545454
5,UPFC_tse,5-15,-2.1599598965825755,24,-2.166415390085353,WLS,89,0.006455493502777632
0,x_tcsc,1-14,-0.10805551067175427,25,-0.10803233126886942,WLS,89,2.3179402884848654e-05
1,B_svc,2,0.17796841069393352,25,0.17804581008833067,WLS,89,7.73993943971596e-05
2,UPFC_Vsh,5-15,1.1072042841330125,25,1.1094139934513632,WLS,89,0.0022097093183506278
3,UPFC_tsh,5-15,-0.23703372065085312,25,-0.23699861086862142,WLS,89,3.510978223170147e-05
4,UPFC_Vse,5-15,0.05993371411214612,25,0.059055680618561764,WLS,89,0.0008780334935843542
5,UPFC_tse,5-15,-2.162064255549721,25,-2.166415390085353,WLS,89,0.004351134535632184
0,x_tcsc,1-14,-0.10804597651513947,26,-0.10803233126886942,WLS,89,1.3645246270052591e-05
1,B_svc,2,0.17827500798161316,26,0.17804581008833067,WLS,89,0.00022919789328249007
2,UPFC_Vsh,5-15,1.1075243634121499,26,1.1094139934513632,WLS,89,0.0018896300392132748
3,UPFC_tsh,5-15,-0.23714191126203904,26,-0.23699861086862142,WLS,89,0.0001433003934176169
4,UPFC_Vse,5-15,0.06007451926065012,26,0.059055680618561764,WLS,89,0.0010188386420883558
5,UPFC_tse,5-15,-2.161453127016062,26,-2.166415390085353,WLS,89,0.004962263069291151
0,x_tcsc,1-14,-0.1080637194329074,27,-0.10803233126886942,WLS,89,3.1388164037984834e-05
1,B_svc,2,0.17811786940819954,27,0.17804581008833067,WLS,89,7.205931986886682e-05
2,UPFC_Vsh,5-15,1.1072313637700624,27,1.1094139934513632,WLS,89,0.002182629681300785
3,UPFC_tsh,5-15,-0.23704288646658359,27,-0.23699861086862142,WLS,89,4.4275597962162294e-05
4,UPFC_Vse,5-15,0.0600831990780433,27,0.059055680618561764,WLS,89,0.0010275184594815343
5,UPFC_tse,5-15,-2.1594117869000473,27,-2.166415390085353,WLS,89,0.007003603185305796
0,x_tcsc,1-14,-0.10806563527724347,28,-0.10803233126886942,WLS,89,3.330400837404934e-05
1,B_svc,2,0.17748282958941444,28,0.17804581008833067,WLS,89,0.0005629804989162324
2,UPFC_Vsh,5-15,1.1078217354253272,28,1.1094139934513632,WLS,89,0.0015922580260359087
3,UPFC_tsh,5-15,-0.2369158431846955,28,-0.23699861086862142,WLS,89,8.276768392592726e-05
4,UPFC_Vse,5-15,0.05969227240468228,28,0.059055680618561764,WLS,89,0.0006365917861205148
5,UPFC_tse,5-15,-2.160838532239873,28,-2.166415390085353,WLS,89,0.00557685784548001
0,x_tcsc,1-14,-0.10806370025763334,29,-0.10803233126886942,WLS,89,3.13689887639218e-05
1,B_svc,2,0.1776008189000441,29,0.17804581008833067,WLS,89,0.00044499118828658646
2,UPFC_Vsh,5-15,1.107211121882469,29,1.1094139934513632,WLS,89,0.0022028715688942047
3,UPFC_tsh,5-15,-0.23699859713456176,29,-0.23699861086862142,WLS,89,1.3734059667314114e-08
4,UPFC_Vse,5-15,0.0601340072837712,29,0.059055680618561764,WLS,89,0.0010783266652094337
5,UPFC_tse,5-15,-2.1563565955792177,29,-2.166415390085353,WLS,89,0.010058794506135449
0,x_tcsc,1-14,-0.10804833127509376,30,-0.10803233126886942,WLS,89,1.600000622434261e-05
1,B_svc,2,0.17747462844581235,30,0.17804581008833067,WLS,89,0.0005711816425183203
2,UPFC_Vsh,5-15,1.1071824220272002,30,1.1094139934513632,WLS,89,0.0022315714241629703
3,UPFC_tsh,5-15,-0.23704799849131175,30,-0.23699861086862142,WLS,89,4.9387622690327815e-05
4,UPFC_Vse,5-15,0.05994907673436422,30,0.059055680618561764,WLS,89,0.0008933961158024556
5,UPFC_tse,5-15,-2.158947791987262,30,-2.166415390085353,WLS,89,0.007467598098091166
0,x_tcsc,1-14,-0.1080624846551165,31,-0.10803233126886942,WLS,89,3.015338624708097e-05
1,B_svc,2,0.17787587075895203,31,0.17804581008833067,WLS,89,0.0001699393293786433
2,UPFC_Vsh,5-15,1.1074331864249383,31,1.1094139934513632,WLS,89,0.001980807026424891
3,UPFC_tsh,5-15,-0.2369756632720878,31,-0.23699861086862142,WLS,89,2.2947596533623438e-05
4,UPFC_Vse,5-15,0.06000311838056041,31,0.059055680618561764,WLS,89,0.0009474377619986471
5,UPFC_tse,5-15,-2.159882489414482,31,-2.166415390085353,WLS,89,0.0065329006708712
0,x_tcsc,1-14,-0.10804180827598608,32,-0.10803233126886942,WLS,89,9.477007116662217e-06
1,B_svc,2,0.1777888039688517,32,0.17804581008833067,WLS,89,0.00025700611947898633
2,UPFC_Vsh,5-15,1.1073131045900648,32,1.1094139934513632,WLS,89,0.0021008888612983334
3,UPFC_tsh,5-15,-0.23697950026493522,32,-0.23699861086862142,WLS,89,1.911060368620099e-05
4,UPFC_Vse,5-15,0.05945469989026173,32,0.059055680618561764,WLS,89,0.00039901927169996854
5,UPFC_tse,5-15,-2.161448085368676,32,-2.166415390085353,WLS,89,0.004967304716676946
0,x_tcsc,1-14,-0.10805284231478415,33,-0.10803233126886942,WLS,89,2.0511045914731185e-05
1,B_svc,2,0.17825278661031405,33,0.17804581008833067,WLS,89,0.0002069765219833708
2,UPFC_Vsh,5-15,1.1071440368887986,33,1.1094139934513632,WLS,89,0.002269956562564568
3,UPFC_tsh,5-15,-0.2370589625357773,33,-0.23699861086862142,WLS,89,6.035166715587237e-05
4,UPFC_Vse,5-15,0.0598867559694744,33,0.059055680618561764,WLS,89,0.0008310753509126398
5,UPFC_tse,5-15,-2.1591049982655983,33,-2.166415390085353,WLS,89,0.007310391819754791
0,x_tcsc,1-14,-0.10805460076937727,34,-0.10803233126886942,WLS,89,2.2269500507848816e-05
1,B_svc,2,0.1775913471245079,34,0.17804581008833067,WLS,89,0.00045446296382278817
2,UPFC_Vsh,5-15,1.1074084533052078,34,1.1094139934513632,WLS,89,0.0020055401461553934
3,UPFC_tsh,5-15,-0.2370632010238282,34,-0.23699861086862142,WLS,89,6.459015520676736e-05
4,UPFC_Vse,5-15,0.05987139879455797,34,0.059055680618561764,WLS,89,0.0008157181759962037
5,UPFC_tse,5-15,-2.1586715672641312,34,-2.166415390085353,WLS,89,0.00774382282122188
0,x_tcsc,1-14,-0.10805933908550575,35,-0.10803233126886942,WLS,89,2.7007816636323567e-05
1,B_svc,2,0.17822121168635838,35,0.17804581008833067,WLS,89,0.0001754015980277024
2,UPFC_Vsh,5-15,1.1076812261133373,35,1.1094139934513632,WLS,89,0.0017327673380258535
3,UPFC_tsh,5-15,-0.23700842882434703,35,-0.23699861086862142,WLS,89,9.817955725605065e-06
4,UPFC_Vse,5-15,0.05984396476648971,35,0.059055680618561764,WLS,89,0.0007882841479279479
5,UPFC_tse,5-15,-2.159514227343713,35,-2.166415390085353,WLS,89,0.00690116274164021
0,x_tcsc,1-14,-0.1080549634519708,36,-0.10803233126886942,WLS,89,2.2632183101375936e-05
1,B_svc,2,0.17779550388126517,36,0.17804581008833067,WLS,89,0.0002503062070655093
2,UPFC_Vsh,5-15,1.1075736517530512,36,1.1094139934513632,WLS,89,0.0018403416983119314
3,UPFC_tsh,5-15,-0.2369844747498089,36,-0.23699861086862142,WLS,89,1.413611881251331e-05
4,UPFC_Vse,5-15,0.05992402575519299,36,0.059055680618561764,WLS,89,0.0008683451366312267
5,UPFC_tse,5-15,-2.1611011864793195,36,-2.166415390085353,WLS,89,0.0053142036060336295
0,x_tcsc,1-14,-0.10806418018473089,37,-0.10803233126886942,WLS,89,3.184891586147098e-05
1,B_svc,2,0.1781889987603864,37,0.17804581008833067,WLS,89,0.00014318867205573294
2,UPFC_Vsh,5-15,1.107503934619986,37,1.1094139934513632,WLS,89,0.0019100588313771816
3,UPFC_tsh,5-15,-0.23702347716791122,37,-0.23699861086862142,WLS,89,2.4866299289799665e-05
4,UPFC_Vse,5-15,0.059291138806810646,37,0.059055680618561764,WLS,89,0.00023545818824888265
5,UPFC_tse,5-15,-2.163947274617007,37,-2.166415390085353,WLS,89,0.0024681154683459106
0,x_tcsc,1-14,-0.1080525212292267,38,-0.10803233126886942,WLS,89,2.01899603572836e-05
1,B_svc,2,0.17788579366454033,38,0.17804581008833067,WLS,89,0.00016001642379034897
2,UPFC_Vsh,5-15,1.107238650092238,38,1.1094139934513632,WLS,89,0.0021753433591251703
3,UPFC_tsh,5-15,-0.23697469999924115,38,-0.23699861086862142,WLS,89,2.3910869380278088e-05
4,UPFC_Vse,5-15,0.060003194785766406,38,0.059055680618561764,WLS,89,0.0009475141672046425
5,UPFC_tse,5-15,-2.1563308781271306,38,-2.166415390085353,WLS,89,0.010084511958222464
0,x_tcsc,1-14,-0.10806930394210688,39,-0.10803233126886942,WLS,89,3.6972673237462006e-05
1,B_svc,2,0.17838880101439594,39,0.17804581008833067,WLS,89,0.0003429909260652675
2,UPFC_Vsh,5-15,1.1073487304492924,39,1.1094139934513632,WLS,89,0.002065263002070772
3,UPFC_tsh,5-15,-0.23698128315142983,39,-0.23699861086862142,WLS,89,1.7327717191595315e-05
4,UPFC_Vse,5-15,0.05979303568141298,39,0.059055680618561764,WLS,89,0.0007373550628512193
5,UPFC_tse,5-15,-2.1566852595748327,39,-2.166415390085353,WLS,89,0.009730130510520407
0,x_tcsc,1-14,-0.10804494706938829,40,-0.10803233126886942,WLS,89,1.2615800518867015e-05
1,B_svc,2,0.17787222847090514,40,0.17804581008833067,WLS,89,0.00017358161742553335
2,UPFC_Vsh,5-15,1.107426223316624,40,1.1094139934513632,WLS,89,0.001987770134739053
3,UPFC_tsh,5-15,-0.23699750106306683,40,-0.23699861086862142,WLS,89,1.1098055545943897e-06
4,UPFC_Vse,5-15,0.0600158634507544,40,0.059055680618561764,WLS,89,0.0009601828321926381
5,UPFC_tse,5-15,-2.158096790383032,40,-2.166415390085353,WLS,89,0.008318599702321183
0,x_tcsc,1-14,-0.10805897815547079,41,-0.10803233126886942,WLS,89,2.6646886601366937e-05
1,B_svc,2,0.1783603547311215,41,0.17804581008833067,WLS,89,0.0003145446427908205
2,UPFC_Vsh,5-15,1.1074165456081093,41,1.1094139934513632,WLS,89,0.001997447843253841
3,UPFC_tsh,5-15,-0.23701657137628707,41,-0.23699861086862142,WLS,89,1.7960507665643055e-05
4,UPFC_Vse,5-15,0.06003192450408152,41,0.059055680618561764,WLS,89,0.0009762438855197564
5,UPFC_tse,5-15,-2.161145459918412,41,-2.166415390085353,WLS,89,0.005269930166940995
0,x_tcsc,1-14,-0.10805350691805646,42,-0.10803233126886942,WLS,89,2.117564918703574e-05
1,B_svc,2,0.17785560299514866,42,0.17804581008833067,WLS,89,0.00019020709318201545
2,UPFC_Vsh,5-15,1.10706541050932,42,1.1094139934513632,WLS,89,0.002348582942043098
3,UPFC_tsh,5-15,-0.23701679936395023,42,-0.23699861086862142,WLS,89,1.8188495328808063e-05
4,UPFC_Vse,5-15,0.06001653038645317,42,0.059055680618561764,WLS,89,0.000960849767891403
5,UPFC_tse,5-15,-2.156508403789653,42,-2.166415390085353,WLS,89,0.009906986295700193
0,x_tcsc,1-14,-0.10804182391388416,43,-0.10803233126886942,WLS,89,9.492645014735901e-06
1,B_svc,2,0.177830499084935,43,0.17804581008833067,WLS,89,0.00021531100339566844
2,UPFC_Vsh,5-15,1.1071196251664017,43,1.1094139934513632,WLS,89,0.0022943682849614344
3,UPFC_tsh,5-15,-0.23706845851841363,43,-0.23699861086862142,WLS,89,6.984764979220404e-05
4,UPFC_Vse,5-15,0.06004626608544827,43,0.059055680618561764,WLS,89,0.0009905854668865038
5,UPFC_tse,5-15,-2.1599016814275713,43,-2.166415390085353,WLS,89,0.00651370865778178
0,x_tcsc,1-14,-0.10804713442248544,44,-0.10803233126886942,WLS,89,1.4803153616016473e-05
1,B_svc,2,0.17762077855748917,44,0.17804581008833067,WLS,89,0.000425031530841502
2,UPFC_Vsh,5-15,1.107184285562172,44,1.1094139934513632,WLS,89,0.0022297078891910793
3,UPFC_tsh,5-15,-0.237049907952021,44,-0.23699861086862142,WLS,89,5.129708339957073e-05
4,UPFC_Vse,5-15,0.059888604972016424,44,0.059055680618561764,WLS,89,0.0008329243534546601
5,UPFC_tse,5-15,-2.1586859569024677,44,-2.166415390085353,WLS,89,0.007729433182885437
0,x_tcsc,1-14,-0.10805523291032218,45,-0.10803233126886942,WLS,89,2.290164145275775e-05
1,B_svc,2,0.17786215206762696,45,0.17804581008833067,WLS,89,0.00018365802070371973
2,UPFC_Vsh,5-15,1.1074290181497353,45,1.1094139934513632,WLS,89,0.0019849753016278893
3,UPFC_tsh,5-15,-0.23700757209513204,45,-0.23699861086862142,WLS,89,8.961226510617593e-06
4,UPFC_Vse,5-15,0.05976647433672302,45,0.059055680618561764,WLS,89,0.0007107937181612539
5,UPFC_tse,5-15,-2.1580896317345433,45,-2.166415390085353,WLS,89,0.008325758350809842
0,x_tcsc,1-14,-0.10806607740181152,46,-0.10803233126886942,WLS,89,3.3746132942102935e-05
1,B_svc,2,0.17826088147227995,46,0.17804581008833067,WLS,89,0.0002150713839492724
2,UPFC_Vsh,5-15,1.1073933759843473,46,1.1094139934513632,WLS,89,0.0020206174670158727
3,UPFC_tsh,5-15,-0.23699507810638543,46,-0.23699861086862142,WLS,89,3.532762235997078e-06
4,UPFC_Vse,5-15,0.05989671004776404,46,0.059055680618561764,WLS,89,0.000841029429202278
5,UPFC_tse,5-15,-2.1591886959349615,46,-2.166415390085353,WLS,89,0.007226694150391566
0,x_tcsc,1-14,-0.10805857547088037,47,-0.10803233126886942,WLS,89,2.624420201094435e-05
1,B_svc,2,0.17769306347090055,47,0.17804581008833067,WLS,89,0.0003527466174301219
2,UPFC_Vsh,5-15,1.1070758977739326,47,1.1094139934513632,WLS,89,0.002338095677430596
3,UPFC_tsh,5-15,-0.23707522975747847,47,-0.23699861086862142,WLS,89,7.661888885704404e-05
4,UPFC_Vse,5-15,0.05985755315599982,47,0.059055680618561764,WLS,89,0.0008018725374380545
5,UPFC_tse,5-15,-2.155057812582365,47,-2.166415390085353,WLS,89,0.011357577502987937
0,x_tcsc,1-14,-0.10805123026409795,48,-0.10803233126886942,WLS,89,1.8898995228527893e-05
1,B_svc,2,0.17800515182989954,48,0.17804581008833067,WLS,89,4.0658258431136574e-05
2,UPFC_Vsh,5-15,1.1070977229545065,48,1.1094139934513632,WLS,89,0.002316270496856676
3,UPFC_tsh,5-15,-0.237064547405591,48,-0.23699861086862142,WLS,89,6.593653696956858e-05
4,UPFC_Vse,5-15,0.06000126990259102,48,0.059055680618561764,WLS,89,0.0009455892840292551
5,UPFC_tse,5-15,-2.1622040173537744,48,-2.166415390085353,WLS,89,0.0042113727315786775
0,x_tcsc,1-14,-0.1080511789660773,49,-0.10803233126886942,WLS,89,1.8847697207877157e-05
1,B_svc,2,0.177356946629588,49,0.17804581008833067,WLS,89,0.0006888634587426667
2,UPFC_Vsh,5-15,1.1075546118981499,49,1.1094139934513632,WLS,89,0.0018593815532133018
3,UPFC_tsh,5-15,-0.23702640485446952,49,-0.23699861086862142,WLS,89,2.779398584809578e-05
4,UPFC_Vse,5-15,0.06011555321556395,49,0.059055680618561764,WLS,89,0.0010598725970021872
5,UPFC_tse,5-15,-2.1617892254979383,49,-2.166415390085353,WLS,89,0.004626164587414827
0,x_tcsc,1-14,-0.10805319383525325,50,-0.10803233126886942,WLS,89,2.086256638382522e-05
1,B_svc,2,0.1776858093061212,50,0.17804581008833067,WLS,89,0.0003600007822094631
2,UPFC_Vsh,5-15,1.107237590445048,50,1.1094139934513632,WLS,89,0.002176403006315164
3,UPFC_tsh,5-15,-0.23701554008347436,50,-0.23699861086862142,WLS,89,1.6929214852939856e-05
4,UPFC_Vse,5-15,0.05994904770224184,50,0.059055680618561764,WLS,89,0.0008933670836800758
5,UPFC_tse,5-15,-2.1590208137949785,50,-2.166415390085353,WLS,89,0.007394576290374655
0,x_tcsc,1-14,-0.10805058729328003,51,-0.10803233126886942,WLS,89,1.8256024410606697e-05
1,B_svc,2,0.17779448371030046,51,0.17804581008833067,WLS,89,0.0002513263780302144
2,UPFC_Vsh,5-15,1.1071571801221394,51,1.1094139934513632,WLS,89,0.0022568133292237835
3,UPFC_tsh,5-15,-0.23704625622879905,51,-0.23699861086862142,WLS,89,4.7645360177622775e-05
4,UPFC_Vse,5-15,0.05997856325134186,51,0.059055680618561764,WLS,89,0.000922882632780099
5,UPFC_tse,5-15,-2.1573353824562576,51,-2.166415390085353,WLS,89,0.009080007629095554
0,x_tcsc,1-14,-0.10805659897138022,52,-0.10803233126886942,WLS,89,2.426770251079402e-05
1,B_svc,2,0.1780117210891979,52,0.17804581008833067,WLS,89,3.40889991327642e-05
2,UPFC_Vsh,5-15,1.1075823255276211,52,1.1094139934513632,WLS,89,0.0018316679237420086
3,UPFC_tsh,5-15,-0.23704655295355426,52,-0.23699861086862142,WLS,89,4.7942084932833806e-05
4,UPFC_Vse,5-15,0.05981367870343473,52,0.059055680618561764,WLS,89,0.0007579980848729656
5,UPFC_tse,5-15,-2.1580340309727637,52,-2.166415390085353,WLS,89,0.008381359112589415
0,x_tcsc,1-14,-0.1080580937553451,53,-0.10803233126886942,WLS,89,2.5762486475677804e-05
1,B_svc,2,0.17828987451040074,53,0.17804581008833067,WLS,89,0.00024406442207006163
2,UPFC_Vsh,5-15,1.1073868135749658,53,1.1094139934513632,WLS,89,0.0020271798763973337
3,UPFC_tsh,5-15,-0.23700081598231393,53,-0.23699861086862142,WLS,89,2.2051136925049786e-06
4,UPFC_Vse,5-15,0.059848773640716946,53,0.059055680618561764,WLS,89,0.0007930930221551821
5,UPFC_tse,5-15,-2.1571060319958564,53,-2.166415390085353,WLS,89,0.009309358089496733
0,x_tcsc,1-14,-0.10805143806230241,54,-0.10803233126886942,WLS,89,1.910679343299082e-05
1,B_svc,2,0.17817760850744468,54,0.17804581008833067,WLS,89,0.0001317984191140098
2,UPFC_Vsh,5-15,1.1072501222688376,54,1.1094139934513632,WLS,89,0.0021638711825255896
3,UPFC_tsh,5-15,-0.23707703772395938,54,-0.23699861086862142,WLS,89,7.842685533795968e-05
4,UPFC_Vse,5-15,0.06032371007084155,54,0.059055680618561764,WLS,89,0.001268029452279787
5,UPFC_tse,5-15,-2.1590069864629244,54,-2.166415390085353,WLS,89,0.007408403622428672
0,x_tcsc,1-14,-0.10804882721610991,55,-0.10803233126886942,WLS,89,1.6495947240485753e-05
1,B_svc,2,0.17830746797014868,55,0.17804581008833067,WLS,89,0.000261657881818006
2,UPFC_Vsh,5-15,1.1074579528841293,55,1.1094139934513632,WLS,89,0.001956040567233863
3,UPFC_tsh,5-15,-0.23702792117407095,55,-0.23699861086862142,WLS,89,2.9310305449531393e-05
4,UPFC_Vse,5-15,0.05999374833616353,55,0.059055680618561764,WLS,89,0.0009380677176017635
5,UPFC_tse,5-15,-2.160636621910201,55,-2.166415390085353,WLS,89,0.005778768175152216
0,x_tcsc,1-14,-0.10806037767542846,56,-0.10803233126886942,WLS,89,2.8046406559040227e-05
1,B_svc,2,0.1780199111132595,56,0.17804581008833067,WLS,89,2.589897507118688e-05
2,UPFC_Vsh,5-15,1.1071532009166674,56,1.1094139934513632,WLS,89,0.002260792534695799
3,UPFC_tsh,5-15,-0.23703408553397626,56,-0.23699861086862142,WLS,89,3.5474665354834345e-05
4,UPFC_Vse,5-15,0.06001605749479834,56,0.059055680618561764,WLS,89,0.0009603768762365752
5,UPFC_tse,5-15,-2.1585791713808735,56,-2.166415390085353,WLS,89,0.007836218704479592
0,x_tcsc,1-14,-0.1080590234027631,57,-0.10803233126886942,WLS,89,2.6692133893682635e-05
1,B_svc,2,0.17771202751416468,57,0.17804581008833067,WLS,89,0.0003337825741659972
2,UPFC_Vsh,5-15,1.1073827316407374,57,1.1094139934513632,WLS,89,0.0020312618106257396
3,UPFC_tsh,5-15,-0.2370960144356333,57,-0.23699861086862142,WLS,89,9.74035670118778e-05
4,UPFC_Vse,5-15,0.059578359869909316,57,0.059055680618561764,WLS,89,0.000522679251347552
5,UPFC_tse,5-15,-2.159960249775684,57,-2.166415390085353,WLS,89,0.006455140309669094
0,x_tcsc,1-14,-0.10803774517893294,58,-0.10803233126886942,WLS,89,5.413910063520322e-06
1,B_svc,2,0.17780305013350942,58,0.17804581008833067,WLS,89,0.0002427599548212589
2,UPFC_Vsh,5-15,1.1071936240546592,58,1.1094139934513632,WLS,89,0.002220369396704003
3,UPFC_tsh,5-15,-0.23709519316514488,58,-0.23699861086862142,WLS,89,9.65822965234564e-05
4,UPFC_Vse,5-15,0.06008235396846652,58,0.059055680618561764,WLS,89,0.0010266733499047567
5,UPFC_tse,5-15,-2.1574945596824957,58,-2.166415390085353,WLS,89,0.008920830402857405
0,x_tcsc,1-14,-0.10806227147549725,59,-0.10803233126886942,WLS,89,2.9940206627832033e-05
1,B_svc,2,0.17757469123018435,59,0.17804581008833067,WLS,89,0.00047111885814632437
2,UPFC_Vsh,5-15,1.1071478346638355,59,1.1094139934513632,WLS,89,0.0022661587875276723
3,UPFC_tsh,5-15,-0.23700834947207028,59,-0.23699861086862142,WLS,89,9.738603448855576e-06
4,UPFC_Vse,5-15,0.06002447279695973,59,0.059055680618561764,WLS,89,0.0009687921783979661
5,UPFC_tse,5-15,-2.159852495515071,59,-2.166415390085353,WLS,89,0.00656289457028203
0,x_tcsc,1-14,-0.10806322654785534,60,-0.10803233126886942,WLS,89,3.0895278985920704e-05
1,B_svc,2,0.17817202047425876,60,0.17804581008833067,WLS,89,0.00012621038592808276
2,UPFC_Vsh,5-15,1.1073983369212006,60,1.1094139934513632,WLS,89,0.0020156565301625573
3,UPFC_tsh,5-15,-0.23701694781863963,60,-0.23699861086862142,WLS,89,1.8336950018210674e-05
4,UPFC_Vse,5-15,0.06008635530049175,60,0.059055680618561764,WLS,89,0.001030674681929987
5,UPFC_tse,5-15,-2.159463800570813,60,-2.166415390085353,WLS,89,0.006951589514540224
0,x_tcsc,1-14,-0.10804582344105904,61,-0.10803233126886942,WLS,89,1.3492172189613627e-05
1,B_svc,2,0.17828375672242106,61,0.17804581008833067,WLS,89,0.0002379466340903802
2,UPFC_Vsh,5-15,1.1070875510290346,61,1.1094139934513632,WLS,89,0.0023264424223286007
3,UPFC_tsh,5-15,-0.23704394938156725,61,-0.23699861086862142,WLS,89,4.533851294583058e-05
4,UPFC_Vse,5-15,0.05997964035165267,61,0.059055680618561764,WLS,89,0.0009239597330909094
5,UPFC_tse,5-15,-2.1589737217762006,61,-2.166415390085353,WLS,89,0.007441668309152494
0,x_tcsc,1-14,-0.1080487080756582,62,-0.10803233126886942,WLS,89,1.637680678877318e-05
1,B_svc,2,0.17814257585063203,62,0.17804581008833067,WLS,89,9.676576230135958e-05
2,UPFC_Vsh,5-15,1.1069895792975672,62,1.1094139934513632,WLS,89,0.0024244141537959063
3,UPFC_tsh,5-15,-0.23709251865984146,62,-0.23699861086862142,WLS,89,9.390779122003812e-05
4,UPFC_Vse,5-15,0.059491998683884176,62,0.059055680618561764,WLS,89,0.0004363180653224122
5,UPFC_tse,5-15,-2.1603720082444076,62,-2.166415390085353,WLS,89,0.00604338184094555
0,x_tcsc,1-14,-0.108044961142792,63,-0.10803233126886942,WLS,89,1.262987392257331e-05
1,B_svc,2,0.17820816047360005,63,0.17804581008833067,WLS,89,0.0001623503852693775
2,UPFC_Vsh,5-15,1.107192807088671,63,1.1094139934513632,WLS,89,0.0022211863626921957
3,UPFC_tsh,5-15,-0.23703088737317632,63,-0.23699861086862142,WLS,89,3.227650455489561e-05
4,UPFC_Vse,5-15,0.059523000256176614,63,0.059055680618561764,WLS,89,0.00046731963761485057
5,UPFC_tse,5-15,-2.159954231956887,63,-2.166415390085353,WLS,89,0.006461158128466149
0,x_tcsc,1-14,-0.10805488181731426,64,-0.10803233126886942,WLS,89,2.255054844484128e-05
1,B_svc,2,0.17782464330965517,64,0.17804581008833067,WLS,89,0.00022116677867550782
2,UPFC_Vsh,5-15,1.1070797537603236,64,1.1094139934513632,WLS,89,0.002334239691039519
3,UPFC_tsh,5-15,-0.2371119322239072,64,-0.23699861086862142,WLS,89,0.00011332135528577258
4,UPFC_Vse,5-15,0.06006856888218206,64,0.059055680618561764,WLS,89,0.0010128882636202957
5,UPFC_tse,5-15,-2.1553618205632104,64,-2.166415390085353,WLS,89,0.011053569522142759
0,x_tcsc,1-14,-0.10805934985960566,65,-0.10803233126886942,WLS,89,2.7018590736241355e-05
1,B_svc,2,0.17766828386766664,65,0.17804581008833067,WLS,89,0.00037752622066403174
2,UPFC_Vsh,5-15,1.10769538967401,65,1.1094139934513632,WLS,89,0.0017186037773531115
3,UPFC_tsh,5-15,-0.23697671237670284,65,-0.23699861086862142,WLS,89,2.189849191858162e-05
4,UPFC_Vse,5-15,0.05986817084704027,65,0.059055680618561764,WLS,89,0.000812490228478506
5,UPFC_tse,5-15,-2.1570293610318965,65,-2.166415390085353,WLS,89,0.009386029053456646
0,x_tcsc,1-14,-0.10806023384544654,66,-0.10803233126886942,WLS,89,2.79025765771157e-05
1,B_svc,2,0.17812768161380416,66,0.17804581008833067,WLS,89,8.187152547348142e-05
2,UPFC_Vsh,5-15,1.1074682076550728,66,1.1094139934513632,WLS,89,0.0019457857962903446
3,UPFC_tsh,5-15,-0.23697973569486033,66,-0.23699861086862142,WLS,89,1.887517376109038e-05
4,UPFC_Vse,5-15,0.05982867881505842,66,0.059055680618561764,WLS,89,0.0007729981964966562
5,UPFC_tse,5-15,-2.157163600352703,66,-2.166415390085353,WLS,89,0.009251789732650284
0,x_tcsc,1-14,-0.10806935530458056,67,-0.10803233126886942,WLS,89,3.702403571113899e-05
1,B_svc,2,0.178067504604713,67,0.17804581008833067,WLS,89,2.1694516382314566e-05
2,UPFC_Vsh,5-15,1.10717140749598,67,1.1094139934513632,WLS,89,0.0022425859553831806
3,UPFC_tsh,5-15,-0.23705737595589663,67,-0.23699861086862142,WLS,89,5.876508727520324e-05
4,UPFC_Vse,5-15,0.06021318006389957,67,0.059055680618561764,WLS,89,0.0011574994453378076
5,UPFC_tse,5-15,-2.1570430699567384,67,-2.166415390085353,WLS,89,0.009372320128614664
0,x_tcsc,1-14,-0.10805865654271052,68,-0.10803233126886942,WLS,89,2.6325273841096286e-05
1,B_svc,2,0.17821028391094823,68,0.17804581008833067,WLS,89,0.00016447382261755572
2,UPFC_Vsh,5-15,1.1074422014301777,68,1.1094139934513632,WLS,89,0.00197179202118547
3,UPFC_tsh,5-15,-0.236962513392148,68,-0.23699861086862142,WLS,89,3.609747647342898e-05
4,UPFC_Vse,5-15,0.06001297239365982,68,0.059055680618561764,WLS,89,0.0009572917750980542
5,UPFC_tse,5-15,-2.158768936463552,68,-2.166415390085353,WLS,89,0.007646453621801275
0,x_tcsc,1-14,-0.10805061208597527,69,-0.10803233126886942,WLS,89,1.8280817105850722e-05
1,B_svc,2,0.17836832714841638,69,0.17804581008833067,WLS,89,0.0003225170600857086
2,UPFC_Vsh,5-15,1.107018029323874,69,1.1094139934513632,WLS,89,0.002395964127489103
3,UPFC_tsh,5-15,-0.23714364768315707,69,-0.23699861086862142,WLS,89,0.00014503681453564843
4,UPFC_Vse,5-15,0.059459901892647285,69,0.059055680618561764,WLS,89,0.0004042212740855214
5,UPFC_tse,5-15,-2.163352242533531,69,-2.166415390085353,WLS,89,0.00306314755182191
0,x_tcsc,1-14,-0.10805991722386744,70,-0.10803233126886942,WLS,89,2.7585954998021744e-05
1,B_svc,2,0.17841954474793584,70,0.17804581008833067,WLS,89,0.0003737346596051627
2,UPFC_Vsh,5-15,1.107549593060718,70,1.1094139934513632,WLS,89,0.0018644003906451712
3,UPFC_tsh,5-15,-0.23702460058476021,70,-0.23699861086862142,WLS,89,2.5989716138791197e-05
4,UPFC_Vse,5-15,0.059818073211694946,70,0.059055680618561764,WLS,89,0.0007623925931331821
5,UPFC_tse,5-15,-2.1583525782509856,70,-2.166415390085353,WLS,89,0.008062811834367523
0,x_tcsc,1-14,-0.10805053217671802,71,-0.10803233126886942,WLS,89,1.8200907848597847e-05
1,B_svc,2,0.17789891759120252,71,0.17804581008833067,WLS,89,0.00014689249712815378
2,UPFC_Vsh,5-15,1.107400752855791,71,1.1094139934513632,WLS,89,0.0020132405955721744
3,UPFC_tsh,5-15,-0.23701414527133155,71,-0.23699861086862142,WLS,89,1.5534402710126738e-05
4,UPFC_Vse,5-15,0.05934756503535146,71,0.059055680618561764,WLS,89,0.0002918844167896992
5,UPFC_tse,5-15,-2.161958982093918,71,-2.166415390085353,WLS,89,0.004456407991435096
0,x_tcsc,1-14,-0.10805532934267706,72,-0.10803233126886942,WLS,89,2.2998073807636854e-05
1,B_svc,2,0.17780897411954485,72,0.17804581008833067,WLS,89,0.00023683596878582014
2,UPFC_Vsh,5-15,1.1069767625686737,72,1.1094139934513632,WLS,89,0.002437230882689434
3,UPFC_tsh,5-15,-0.2370512924824408,72,-0.23699861086862142,WLS,89,5.268161381938308e-05
4,UPFC_Vse,5-15,0.059742560051644474,72,0.059055680618561764,WLS,89,0.0006868794330827099
5,UPFC_tse,5-15,-2.15980428047358,72,-2.166415390085353,WLS,89,0.006611109611772914
0,x_tcsc,1-14,-0.10806444328315808,73,-0.10803233126886942,WLS,89,3.21120142886544e-05
1,B_svc,2,0.17764854688748122,73,0.17804581008833067,WLS,89,0.000397263200849457
2,UPFC_Vsh,5-15,1.107287506690411,73,1.1094139934513632,WLS,89,0.002126486760952062
3,UPFC_tsh,5-15,-0.2370386037907049,73,-0.23699861086862142,WLS,89,3.99929220834816e-05
4,UPFC_Vse,5-15,0.060043141291894066,73,0.059055680618561764,WLS,89,0.0009874606733323021
5,UPFC_tse,5-15,-2.158168810064923,73,-2.166415390085353,WLS,89,0.008246580020430105
0,x_tcsc,1-14,-0.10804653218912626,74,-0.10803233126886942,WLS,89,1.4200920256834948e-05
1,B_svc,2,0.17772607562169968,74,0.17804581008833067,WLS,89,0.0003197344666309998
2,UPFC_Vsh,5-15,1.1071779933276624,74,1.1094139934513632,WLS,89,0.002236000123700732
3,UPFC_tsh,5-15,-0.23702874086106068,74,-0.23699861086862142,WLS,89,3.0129992439259512e-05
4,UPFC_Vse,5-15,0.0600368493397624,74,0.059055680618561764,WLS,89,0.0009811687212006384
5,UPFC_tse,5-15,-2.156317277140878,74,-2.166415390085353,WLS,89,0.010098112944475268
0,x_tcsc,1-14,-0.1080620468874822,75,-0.10803233126886942,WLS,89,2.971561861277172e-05
1,B_svc,2,0.17843693295324295,75,0.17804581008833067,WLS,89,0.00039112286491227444
2,UPFC_Vsh,5-15,1.1072424522513324,75,1.1094139934513632,WLS,89,0.0021715412000307133
3,UPFC_tsh,5-15,-0.23700293442530465,75,-0.23699861086862142,WLS,89,4.323556683227814e-06
4,UPFC_Vse,5-15,0.059780499403089,75,0.059055680618561764,WLS,89,0.0007248187845272369
5,UPFC_tse,5-15,-2.1604291003807425,75,-2.166415390085353,WLS,89,0.00598628970461057
0,x_tcsc,1-14,-0.10806928515592794,76,-0.10803233126886942,WLS,89,3.695388705851621e-05
1,B_svc,2,0.17794179767649912,76,0.17804581008833067,WLS,89,0.00010401241183155552
2,UPFC_Vsh,5-15,1.1073896390447955,76,1.1094139934513632,WLS,89,0.0020243544065676744
3,UPFC_tsh,5-15,-0.23698388540382556,76,-0.23699861086862142,WLS,89,1.4725464795861676e-05
4,UPFC_Vse,5-15,0.06019407170583745,76,0.059055680618561764,WLS,89,0.0011383910872756892
5,UPFC_tse,5-15,-2.1588467751069698,76,-2.166415390085353,WLS,89,0.007568614978383348
0,x_tcsc,1-14,-0.10805591464870504,77,-0.10803233126886942,WLS,89,2.358337983561498e-05
1,B_svc,2,0.17804409814642408,77,0.17804581008833067,WLS,89,1.7119419065958486e-06
2,UPFC_Vsh,5-15,1.1073126383964242,77,1.1094139934513632,WLS,89,0.0021013550549389137
3,UPFC_tsh,5-15,-0.23705958426019463,77,-0.23699861086862142,WLS,89,6.0973391573210245e-05
4,UPFC_Vse,5-15,0.06005485279861819,77,0.059055680618561764,WLS,89,0.0009991721800564277
5,UPFC_tse,5-15,-2.1618558209511773,77,-2.166415390085353,WLS,89,0.004559569134175767
0,x_tcsc,1-14,-0.10805702424141357,78,-0.10803233126886942,WLS,89,2.469297254414915e-05
1,B_svc,2,0.177688212872448,78,0.17804581008833067,WLS,89,0.0003575972158826879
2,UPFC_Vsh,5-15,1.1073462039358564,78,1.1094139934513632,WLS,89,0.0020677895155067905
3,UPFC_tsh,5-15,-0.23699433134027226,78,-0.23699861086862142,WLS,89,4.279528349165895e-06
4,UPFC_Vse,5-15,0.059816688694469926,78,0.059055680618561764,WLS,89,0.0007610080759081622
5,UPFC_tse,5-15,-2.1599854528917026,78,-2.166415390085353,WLS,89,0.006429937193650481
0,x_tcsc,1-14,-0.10805533261561615,79,-0.10803233126886942,WLS,89,2.3001346746723272e-05
1,B_svc,2,0.17802017432507522,79,0.17804581008833067,WLS,89,2.5635763255454913e-05
2,UPFC_Vsh,5-15,1.1074342675749178,79,1.1094139934513632,WLS,89,0.0019797258764453485
3,UPFC_tsh,5-15,-0.23704119628301168,79,-0.23699861086862142,WLS,89,4.258541439025598e-05
4,UPFC_Vse,5-15,0.05969081385636735,79,0.059055680618561764,WLS,89,0.0006351332378055838
5,UPFC_tse,5-15,-2.161967032108067,79,-2.166415390085353,WLS,89,0.004448357977286044
0,x_tcsc,1-14,-0.10805578292327696,80,-0.10803233126886942,WLS,89,2.3451654407535827e-05
1,B_svc,2,0.17787039717392075,80,0.17804581008833067,WLS,89,0.00017541291440992257
2,UPFC_Vsh,5-15,1.107021951978067,80,1.1094139934513632,WLS,89,0.0023920414732960804
3,UPFC_tsh,5-15,-0.23706674756316945,80,-0.23699861086862142,WLS,89,6.813669454802662e-05
4,UPFC_Vse,5-15,0.05980314146393202,80,0.059055680618561764,WLS,89,0.0007474608453702583
5,UPFC_tse,5-15,-2.1608799664955733,80,-2.166415390085353,WLS,89,0.005535423589779764
0,x_tcsc,1-14,-0.10806303341097431,81,-0.10803233126886942,WLS,89,3.070214210489086e-05
1,B_svc,2,0.17747954217300346,81,0.17804581008833067,WLS,89,0.0005662679153272121
2,UPFC_Vsh,5-15,1.10737705052211,81,1.1094139934513632,WLS,89,0.0020369429292530494
3,UPFC_tsh,5-15,-0.23702215286837636,81,-0.23699861086862142,WLS,89,2.354199975493354e-05
4,UPFC_Vse,5-15,0.06029750271932906,81,0.059055680618561764,WLS,89,0.0012418221007672939
5,UPFC_tse,5-15,-2.1580946919404873,81,-2.166415390085353,WLS,89,0.008320698144865801
0,x_tcsc,1-14,-0.10804153609389308,82,-0.10803233126886942,WLS,89,9.204825023659269e-06
1,B_svc,2,0.17781937857179095,82,0.17804581008833067,WLS,89,0.00022643151653972682
2,UPFC_Vsh,5-15,1.107487021537749,82,1.1094139934513632,WLS,89,0.0019269719136141283
3,UPFC_tsh,5-15,-0.2370000650026291,82,-0.23699861086862142,WLS,89,1.4541340076779097e-06
4,UPFC_Vse,5-15,0.05961604813468696,82,0.059055680618561764,WLS,89,0.0005603675161251973
5,UPFC_tse,5-15,-2.159184733761833,82,-2.166415390085353,WLS,89,0.007230656323520268
0,x_tcsc,1-14,-0.10806268250799084,83,-0.10803233126886942,WLS,89,3.035123912141502e-05
1,B_svc,2,0.1781487794908606,83,0.17804581008833067,WLS,89,0.00010296940252993436
2,UPFC_Vsh,5-15,1.1073134602525605,83,1.1094139934513632,WLS,89,0.0021005331988026565
3,UPFC_tsh,5-15,-0.23708748221936912,83,-0.23699861086862142,WLS,89,8.887135074769903e-05
4,UPFC_Vse,5-15,0.06006192293645404,83,0.059055680618561764,WLS,89,0.0010062423178922794
5,UPFC_tse,5-15,-2.1604628878415384,83,-2.166415390085353,WLS,89,0.005952502243814717
0,x_tcsc,1-14,-0.10805034235035943,84,-0.10803233126886942,WLS,89,1.801108149000752e-05
1,B_svc,2,0.17809680488751783,84,0.17804581008833067,WLS,89,5.0994799187159545e-05
2,UPFC_Vsh,5-15,1.1074478973177098,84,1.1094139934513632,WLS,89,0.0019660961336533944
3,UPFC_tsh,5-15,-0.23699724455109844,84,-0.23699861086862142,WLS,89,1.366317522982774e-06
4,UPFC_Vse,5-15,0.05977920178852924,84,0.059055680618561764,WLS,89,0.0007235211699674754
5,UPFC_tse,5-15,-2.1580359006571954,84,-2.166415390085353,WLS,89,0.008379489428157694
0,x_tcsc,1-14,-0.10805936263315813,85,-0.10803233126886942,WLS,89,2.7031364288707116e-05
1,B_svc,2,0.17769466320060207,85,0.17804581008833067,WLS,89,0.00035114688772860947
2,UPFC_Vsh,5-15,1.1068921047494598,85,1.1094139934513632,WLS,89,0.0025218887019033964
3,UPFC_tsh,5-15,-0.23706354739458219,85,-0.23699861086862142,WLS,89,6.49365259607626e-05
4,UPFC_Vse,5-15,0.05990294936517148,85,0.059055680618561764,WLS,89,0.0008472687466097167
5,UPFC_tse,5-15,-2.1585694029807914,85,-2.166415390085353,WLS,89,0.007845987104561747
0,x_tcsc,1-14,-0.10806533997189824,86,-0.10803233126886942,WLS,89,3.3008703028816755e-05
1,B_svc,2,0.17770912120485322,86,0.17804581008833067,WLS,89,0.0003366888834774595
2,UPFC_Vsh,5-15,1.1076677478795196,86,1.1094139934513632,WLS,89,0.0017462455718435521
3,UPFC_tsh,5-15,-0.23701513035789293,86,-0.23699861086862142,WLS,89,1.6519489271504817e-05
4,UPFC_Vse,5-15,0.06004048326461791,86,0.059055680618561764,WLS,89,0.000984802646056146
5,UPFC_tse,5-15,-2.1546511367504144,86,-2.166415390085353,WLS,89,0.01176425333493869
0,x_tcsc,1-14,-0.10804911051514941,87,-0.10803233126886942,WLS,89,1.6779246279990945e-05
1,B_svc,2,0.17769322812839777,87,0.17804581008833067,WLS,89,0.00035258195993290165
2,UPFC_Vsh,5-15,1.107438873236108,87,1.1094139934513632,WLS,89,0.001975120215255144
3,UPFC_tsh,5-15,-0.2370287383841441,87,-0.23699861086862142,WLS,89,3.012751552267101e-05
4,UPFC_Vse,5-15,0.06001823851277417,87,0.059055680618561764,WLS,89,0.0009625578942124083
5,UPFC_tse,5-15,-2.1588061842142334,87,-2.166415390085353,WLS,89,0.007609205871119684
0,x_tcsc,1-14,-0.10804946477784118,88,-0.10803233126886942,WLS,89,1.713350897175614e-05
1,B_svc,2,0.17773129672896484,88,0.17804581008833067,WLS,89,0.00031451335936583114
2,UPFC_Vsh,5-15,1.1073393611070899,88,1.1094139934513632,WLS,89,0.0020746323442732972
3,UPFC_tsh,5-15,-0.237058073345808,88,-0.23699861086862142,WLS,89,5.9462477186578155e-05
4,UPFC_Vse,5-15,0.059520068488751854,88,0.059055680618561764,WLS,89,0.00046438787019009026
5,UPFC_tse,5-15,-2.1633194192632796,88,-2.166415390085353,WLS,89,0.0030959708220734683
0,x_tcsc,1-14,-0.10806296438796688,89,-0.10803233126886942,WLS,89,3.063311909745625e-05
1,B_svc,2,0.1776018512804525,89,0.17804581008833067,WLS,89,0.0004439588078781753
2,UPFC_Vsh,5-15,1.1072957301953166,89,1.1094139934513632,WLS,89,0.002118263256046582
3,UPFC_tsh,5-15,-0.23703600658962037,89,-0.23699861086862142,WLS,89,3.739572099895061e-05
4,UPFC_Vse,5-15,0.05962936747846617,89,0.059055680618561764,WLS,89,0.0005736868599044084
5,UPFC_tse,5-15,-2.161396538835264,89,-2.166415390085353,WLS,89,0.0050188512500892735
0,x_tcsc,1-14,-0.10804835814407876,90,-0.10803233126886942,WLS,89,1.6026875209337876e-05
1,B_svc,2,0.17830849555923287,90,0.17804581008833067,WLS,89,0.00026268547090219085
2,UPFC_Vsh,5-15,1.107366167692369,90,1.1094139934513632,WLS,89,0.002047825758994204
3,UPFC_tsh,5-15,-0.23708739942331591,90,-0.23699861086862142,WLS,89,8.87885546944911e-05
4,UPFC_Vse,5-15,0.05955140517640148,90,0.059055680618561764,WLS,89,0.0004957245578397149
5,UPFC_tse,5-15,-2.161846241631939,90,-2.166415390085353,WLS,89,0.004569148453414051
0,x_tcsc,1-14,-0.1080584873490841,91,-0.10803233126886942,WLS,89,2.615608021468152e-05
1,B_svc,2,0.17742364855466672,91,0.17804581008833067,WLS,89,0.0006221615336639563
2,UPFC_Vsh,5-15,1.1071833440519432,91,1.1094139934513632,WLS,89,0.0022306493994199705
3,UPFC_tsh,5-15,-0.23694056937952312,91,-0.23699861086862142,WLS,89,5.8041489098298316e-05
4,UPFC_Vse,5-15,0.06005119491080436,91,0.059055680618561764,WLS,89,0.0009955142922425941
5,UPFC_tse,5-15,-2.1575424043291234,91,-2.166415390085353,WLS,89,0.008872985756229745
0,x_tcsc,1-14,-0.10804990919970867,92,-0.10803233126886942,WLS,89,1.757793083924375e-05
1,B_svc,2,0.17799001479842397,92,0.17804581008833067,WLS,89,5.5795289906707124e-05
2,UPFC_Vsh,5-15,1.1073722949021556,92,1.1094139934513632,WLS,89,0.002041698549207549
3,UPFC_tsh,5-15,-0.236994823881703,92,-0.23699861086862142,WLS,89,3.786986918413726e-06
4,UPFC_Vse,5-15,0.059956851576228584,92,0.059055680618561764,WLS,89,0.0009011709576668206
5,UPFC_tse,5-15,-2.158021438508138,92,-2.166415390085353,WLS,89,0.00839395157721512
0,x_tcsc,1-14,-0.10807242247054548,93,-0.10803233126886942,WLS,89,4.009120167605684e-05
1,B_svc,2,0.17733587501169404,93,0.17804581008833067,WLS,89,0.0007099350766366364
2,UPFC_Vsh,5-15,1.107439602826367,93,1.1094139934513632,WLS,89,0.0019743906249960474
3,UPFC_tsh,5-15,-0.2370244567324673,93,-0.23699861086862142,WLS,89,2.584586384588028e-05
4,UPFC_Vse,5-15,0.06022692175539328,93,0.059055680618561764,WLS,89,0.0011712411368315148
5,UPFC_tse,5-15,-2.1580464751655577,93,-2.166415390085353,WLS,89,0.008368914919795412
0,x_tcsc,1-14,-0.10806755273318808,94,-0.10803233126886942,WLS,89,3.5221464318654916e-05
1,B_svc,2,0.17760334911563572,94,0.17804581008833067,WLS,89,0.000442460972694958
2,UPFC_Vsh,5-15,1.1072865664634512,94,1.1094139934513632,WLS,89,0.0021274269879119068
3,UPFC_tsh,5-15,-0.23695147393064475,94,-0.23699861086862142,WLS,89,4.713693797667173e-05
4,UPFC_Vse,5-15,0.059337468656092955,94,0.059055680618561764,WLS,89,0.0002817880375311915
5,UPFC_tse,5-15,-2.1593536657708614,94,-2.166415390085353,WLS,89,0.007061724314491702
0,x_tcsc,1-14,-0.10805654039201788,95,-0.10803233126886942,WLS,89,2.420912314846091e-05
1,B_svc,2,0.17807463054622952,95,0.17804581008833067,WLS,89,2.882045789884269e-05
2,UPFC_Vsh,5-15,1.1072022353849127,95,1.1094139934513632,WLS,89,0.0022117580664504644
3,UPFC_tsh,5-15,-0.23706115110311857,95,-0.23699861086862142,WLS,89,6.254023449714374e-05
4,UPFC_Vse,5-15,0.05983081523743187,95,0.059055680618561764,WLS,89,0.0007751346188701047
5,UPFC_tse,5-15,-2.1579253694080864,95,-2.166415390085353,WLS,89,0.008490020677266674
0,x_tcsc,1-14,-0.1080559666335969,96,-0.10803233126886942,WLS,89,2.3635364727478403e-05
1,B_svc,2,0.17840849876151196,96,0.17804581008833067,WLS,89,0.0003626886731812884
2,UPFC_Vsh,5-15,1.1074312998806695,96,1.1094139934513632,WLS,89,0.0019826935706936943
3,UPFC_tsh,5-15,-0.23701028178264485,96,-0.23699861086862142,WLS,89,1.1670914023431678e-05
4,UPFC_Vse,5-15,0.05980409375725566,96,0.059055680618561764,WLS,89,0.000748413138693893
5,UPFC_tse,5-15,-2.1604676637216813,96,-2.166415390085353,WLS,89,0.005947726363671801
0,x_tcsc,1-14,-0.10804574966759735,97,-0.10803233126886942,WLS,89,1.3418398727926828e-05
1,B_svc,2,0.1781176625064903,97,0.17804581008833067,WLS,89,7.185241815962917e-05
2,UPFC_Vsh,5-15,1.1073047988112952,97,1.1094139934513632,WLS,89,0.0021091946400679795
3,UPFC_tsh,5-15,-0.2369946783075328,97,-0.23699861086862142,WLS,89,3.932561088632047e-06
4,UPFC_Vse,5-15,0.05935208477908925,97,0.059055680618561764,WLS,89,0.00029640416052748725
5,UPFC_tse,5-15,-2.1594155138708153,97,-2.166415390085353,WLS,89,0.006999876214537792
0,x_tcsc,1-14,-0.10804788309949,98,-0.10803233126886942,WLS,89,1.5551830620574858e-05
1,B_svc,2,0.1780936475572977,98,0.17804581008833067,WLS,89,4.78374689670269e-05
2,UPFC_Vsh,5-15,1.1076531341022064,98,1.1094139934513632,WLS,89,0.001760859349156707
3,UPFC_tsh,5-15,-0.23702928263141773,98,-0.23699861086862142,WLS,89,3.067176279630823e-05
4,UPFC_Vse,5-15,0.059903785638821865,98,0.059055680618561764,WLS,89,0.0008481050202601009
5,UPFC_tse,5-15,-2.160845722593612,98,-2.166415390085353,WLS,89,0.005569667491740926
0,x_tcsc,1-14,-0.10805530856515859,99,-0.10803233126886942,WLS,89,2.2977296289167226e-05
1,B_svc,2,0.1778478290315507,99,0.17804581008833067,WLS,89,0.00019798105677998334
2,UPFC_Vsh,5-15,1.1070652650208632,99,1.1094139934513632,WLS,89,0.0023487284304999356
3,UPFC_tsh,5-15,-0.23702135943214567,99,-0.23699861086862142,WLS,89,2.2748563524244148e-05
4,UPFC_Vse,5-15,0.06003742671362244,99,0.059055680618561764,WLS,89,0.0009817460950606732
5,UPFC_tse,5-15,-2.1597732136391254,99,-2.166415390085353,WLS,89,0.0066421764462276656
0,x_tcsc,1-14,-0.12822489587896557,0,-0.12818513286485486,WLS,91,3.9763014110710815e-05
1,B_svc,2,0.25353718634155625,0,0.25379756329672293,WLS,91,0.0002603769551666746
2,UPFC_Vsh,5-15,1.1066681243969798,0,1.1103345310958304,WLS,91,0.003666406698850544
3,UPFC_tsh,5-15,-0.2364885688236127,0,-0.23642426888243573,WLS,91,6.429994117695959e-05
4,UPFC_Vse,5-15,0.059526113902337585,0,0.05904097727578136,WLS,91,0.00048513662655622763
5,UPFC_tse,5-15,-2.1621955364756866,0,-2.163233929222754,WLS,91,0.001038392747067185
0,x_tcsc,1-14,-0.12821756152285887,1,-0.12818513286485486,WLS,91,3.24286580040134e-05
1,B_svc,2,0.25363996665991884,1,0.25379756329672293,WLS,91,0.00015759663680409153
2,UPFC_Vsh,5-15,1.1068141904899158,1,1.1103345310958304,WLS,91,0.0035203406059145514
3,UPFC_tsh,5-15,-0.23649214818382067,1,-0.23642426888243573,WLS,91,6.78793013849377e-05
4,UPFC_Vse,5-15,0.060297474831172974,1,0.05904097727578136,WLS,91,0.001256497555391617
5,UPFC_tse,5-15,-2.1563575696168806,1,-2.163233929222754,WLS,91,0.0068763596058731835
0,x_tcsc,1-14,-0.12824734010210884,2,-0.12818513286485486,WLS,91,6.220723725397503e-05
1,B_svc,2,0.2532852121815688,2,0.25379756329672293,WLS,91,0.0005123511151541305
2,UPFC_Vsh,5-15,1.106712557949615,2,1.1103345310958304,WLS,91,0.0036219731462152627
3,UPFC_tsh,5-15,-0.23649781478973664,2,-0.23642426888243573,WLS,91,7.354590730090926e-05
4,UPFC_Vse,5-15,0.06034436131627916,2,0.05904097727578136,WLS,91,0.0013033840404978042
5,UPFC_tse,5-15,-2.1536495319538855,2,-2.163233929222754,WLS,91,0.009584397268868283
0,x_tcsc,1-14,-0.128231125613468,3,-0.12818513286485486,WLS,91,4.59927486131384e-05
1,B_svc,2,0.2538869270582472,3,0.25379756329672293,WLS,91,8.936376152429704e-05
2,UPFC_Vsh,5-15,1.1065728259769743,3,1.1103345310958304,WLS,91,0.0037617051188560957
3,UPFC_tsh,5-15,-0.23652788039080372,3,-0.23642426888243573,WLS,91,0.00010361150836799005
4,UPFC_Vse,5-15,0.06009794160266771,3,0.05904097727578136,WLS,91,0.0010569643268863518
5,UPFC_tse,5-15,-2.15695207117669,3,-2.163233929222754,WLS,91,0.0062818580460639595
0,x_tcsc,1-14,-0.12822632798218675,4,-0.12818513286485486,WLS,91,4.1195117331888076e-05
1,B_svc,2,0.25421316851344966,4,0.25379756329672293,WLS,91,0.00041560521672673323
2,UPFC_Vsh,5-15,1.1067322241613125,4,1.1103345310958304,WLS,91,0.003602306934517907
3,UPFC_tsh,5-15,-0.23650987601548795,4,-0.23642426888243573,WLS,91,8.560713305222345e-05
4,UPFC_Vse,5-15,0.05974334465546627,4,0.05904097727578136,WLS,91,0.0007023673796849109
5,UPFC_tse,5-15,-2.1586210983868446,4,-2.163233929222754,WLS,91,0.004612830835909243
0,x_tcsc,1-14,-0.12820655728923624,5,-0.12818513286485486,WLS,91,2.1424424381383256e-05
1,B_svc,2,0.2534053987295594,5,0.25379756329672293,WLS,91,0.000392164567163511
2,UPFC_Vsh,5-15,1.1069339423125502,5,1.1103345310958304,WLS,91,0.0034005887832802006
3,UPFC_tsh,5-15,-0.23650616705946187,5,-0.23642426888243573,WLS,91,8.189817702614066e-05
4,UPFC_Vse,5-15,0.06008310706795901,5,0.05904097727578136,WLS,91,0.0010421297921776526
5,UPFC_tse,5-15,-2.1576959806854874,5,-2.163233929222754,WLS,91,0.005537948537266413
0,x_tcsc,1-14,-0.12822094132194575,6,-0.12818513286485486,WLS,91,3.58084570908912e-05
1,B_svc,2,0.25348341118863443,6,0.25379756329672293,WLS,91,0.0003141521080884946
2,UPFC_Vsh,5-15,1.1067915595951854,6,1.1103345310958304,WLS,91,0.003542971500644976
3,UPFC_tsh,5-15,-0.23643541049422753,6,-0.23642426888243573,WLS,91,1.1141611791803951e-05
4,UPFC_Vse,5-15,0.059563545290557296,6,0.05904097727578136,WLS,91,0.0005225680147759384
5,UPFC_tse,5-15,-2.1574078983095957,6,-2.163233929222754,WLS,91,0.005826030913158142
0,x_tcsc,1-14,-0.12821471763084585,7,-0.12818513286485486,WLS,91,2.9584765990992024e-05
1,B_svc,2,0.25354471484400387,7,0.25379756329672293,WLS,91,0.00025284845271905665
2,UPFC_Vsh,5-15,1.1068103405964826,7,1.1103345310958304,WLS,91,0.0035241904993477124
3,UPFC_tsh,5-15,-0.23650508678768595,7,-0.23642426888243573,WLS,91,8.081790525021892e-05
4,UPFC_Vse,5-15,0.060032956506526916,7,0.05904097727578136,WLS,91,0.0009919792307455585
5,UPFC_tse,5-15,-2.1565533765434255,7,-2.163233929222754,WLS,91,0.006680552679328322
0,x_tcsc,1-14,-0.1282096929607152,8,-0.12818513286485486,WLS,91,2.456009586032648e-05
1,B_svc,2,0.25355974153330263,8,0.25379756329672293,WLS,91,0.00023782176342029837
2,UPFC_Vsh,5-15,1.10673816147437,8,1.1103345310958304,WLS,91,0.0035963696214602603
3,UPFC_tsh,5-15,-0.23651188982481755,8,-0.23642426888243573,WLS,91,8.762094238182194e-05
4,UPFC_Vse,5-15,0.05970261047231993,8,0.05904097727578136,WLS,91,0.0006616331965385719
5,UPFC_tse,5-15,-2.15738623249997,8,-2.163233929222754,WLS,91,0.005847696722783624
0,x_tcsc,1-14,-0.12822736752535469,9,-0.12818513286485486,WLS,91,4.2234660499823606e-05
1,B_svc,2,0.2535428245478576,9,0.25379756329672293,WLS,91,0.0002547387488653352
2,UPFC_Vsh,5-15,1.106437266838058,9,1.1103345310958304,WLS,91,0.0038972642577723704
3,UPFC_tsh,5-15,-0.23653062065891894,9,-0.23642426888243573,WLS,91,0.00010635177648321559
4,UPFC_Vse,5-15,0.060040047452234624,9,0.05904097727578136,WLS,91,0.0009990701764532664
5,UPFC_tse,5-15,-2.1552340214272467,9,-2.163233929222754,WLS,91,0.007999907795507077
0,x_tcsc,1-14,-0.12821082439507014,10,-0.12818513286485486,WLS,91,2.56915302152827e-05
1,B_svc,2,0.253517124410442,10,0.25379756329672293,WLS,91,0.0002804388862809315
2,UPFC_Vsh,5-15,1.106669125366178,10,1.1103345310958304,WLS,91,0.003665405729652349
3,UPFC_tsh,5-15,-0.2366012081765106,10,-0.23642426888243573,WLS,91,0.00017693929407486264
4,UPFC_Vse,5-15,0.06059219475665259,10,0.05904097727578136,WLS,91,0.0015512174808712323
5,UPFC_tse,5-15,-2.1544535648541796,10,-2.163233929222754,WLS,91,0.008780364368574212
0,x_tcsc,1-14,-0.12821477736481035,11,-0.12818513286485486,WLS,91,2.9644499955489012e-05
1,B_svc,2,0.2536136693106474,11,0.25379756329672293,WLS,91,0.00018389398607554508
2,UPFC_Vsh,5-15,1.1070393499863556,11,1.1103345310958304,WLS,91,0.0032951811094747985
3,UPFC_tsh,5-15,-0.23648286287858705,11,-0.23642426888243573,WLS,91,5.859399615132377e-05
4,UPFC_Vse,5-15,0.05983262338840177,11,0.05904097727578136,WLS,91,0.000791646112620413
5,UPFC_tse,5-15,-2.1536892797573066,11,-2.163233929222754,WLS,91,0.009544649465447197
0,x_tcsc,1-14,-0.12822598176146174,12,-0.12818513286485486,WLS,91,4.084889660688207e-05
1,B_svc,2,0.2530491297422308,12,0.25379756329672293,WLS,91,0.0007484335544921117
2,UPFC_Vsh,5-15,1.1067381202855724,12,1.1103345310958304,WLS,91,0.003596410810257966
3,UPFC_tsh,5-15,-0.23643327270101233,12,-0.23642426888243573,WLS,91,9.003818576602818e-06
4,UPFC_Vse,5-15,0.06043934666088065,12,0.05904097727578136,WLS,91,0.0013983693850992893
5,UPFC_tse,5-15,-2.150830859710239,12,-2.163233929222754,WLS,91,0.012403069512514797
0,x_tcsc,1-14,-0.12822081948620526,13,-0.12818513286485486,WLS,91,3.56866213503948e-05
1,B_svc,2,0.2534209419430368,13,0.25379756329672293,WLS,91,0.00037662135368610183
2,UPFC_Vsh,5-15,1.1065047209520038,13,1.1103345310958304,WLS,91,0.003829810143826551
3,UPFC_tsh,5-15,-0.23651720356261305,13,-0.23642426888243573,WLS,91,9.29346801773201e-05
4,UPFC_Vse,5-15,0.0596998718741521,13,0.05904097727578136,WLS,91,0.000658894598370742
5,UPFC_tse,5-15,-2.157036404838021,13,-2.163233929222754,WLS,91,0.0061975243847327555
0,x_tcsc,1-14,-0.12822342681228419,14,-0.12818513286485486,WLS,91,3.829394742932424e-05
1,B_svc,2,0.25391391377288547,14,0.25379756329672293,WLS,91,0.00011635047616254113
2,UPFC_Vsh,5-15,1.106804958136759,14,1.1103345310958304,WLS,91,0.0035295729590714142
3,UPFC_tsh,5-15,-0.23648802319164636,14,-0.23642426888243573,WLS,91,6.375430921062852e-05
4,UPFC_Vse,5-15,0.059850745779914956,14,0.05904097727578136,WLS,91,0.0008097685041335984
5,UPFC_tse,5-15,-2.157434306462577,14,-2.163233929222754,WLS,91,0.00579962276017687
0,x_tcsc,1-14,-0.12821172375837603,15,-0.12818513286485486,WLS,91,2.6590893521166725e-05
1,B_svc,2,0.25330596287529644,15,0.25379756329672293,WLS,91,0.0004916004214264857
2,UPFC_Vsh,5-15,1.106686937511736,15,1.1103345310958304,WLS,91,0.0036475935840942775
3,UPFC_tsh,5-15,-0.23652847779827907,15,-0.23642426888243573,WLS,91,0.00010420891584334013
4,UPFC_Vse,5-15,0.05963862307789037,15,0.05904097727578136,WLS,91,0.000597645802109012
5,UPFC_tse,5-15,-2.1551099586507987,15,-2.163233929222754,WLS,91,0.00812397057195513
0,x_tcsc,1-14,-0.12822434609948624,16,-0.12818513286485486,WLS,91,3.9213234631380045e-05
1,B_svc,2,0.2537360848007875,16,0.25379756329672293,WLS,91,6.147849593540755e-05
2,UPFC_Vsh,5-15,1.1064116396272894,16,1.1103345310958304,WLS,91,0.003922891468540968
3,UPFC_tsh,5-15,-0.23651797286343715,16,-0.23642426888243573,WLS,91,9.370398100141952e-05
4,UPFC_Vse,5-15,0.060387109678647966,16,0.05904097727578136,WLS,91,0.001346132402866608
5,UPFC_tse,5-15,-2.157021023201732,16,-2.163233929222754,WLS,91,0.006212906021021869
0,x_tcsc,1-14,-0.12821478077515977,17,-0.12818513286485486,WLS,91,2.9647910304908542e-05
1,B_svc,2,0.253556457993031,17,0.25379756329672293,WLS,91,0.00024110530369192418
2,UPFC_Vsh,5-15,1.1069175869588652,17,1.1103345310958304,WLS,91,0.0034169441369651388
3,UPFC_tsh,5-15,-0.23644248826405262,17,-0.23642426888243573,WLS,91,1.821938161689074e-05
4,UPFC_Vse,5-15,0.0597125045182336,17,0.05904097727578136,WLS,91,0.0006715272424522439
5,UPFC_tse,5-15,-2.1535935674161224,17,-2.163233929222754,WLS,91,0.009640361806631415
0,x_tcsc,1-14,-0.12820857710530775,18,-0.12818513286485486,WLS,91,2.3444240452891174e-05
1,B_svc,2,0.2537464409506366,18,0.25379756329672293,WLS,91,5.112234608634081e-05
2,UPFC_Vsh,5-15,1.106647424269643,18,1.1103345310958304,WLS,91,0.0036871068261874473
3,UPFC_tsh,5-15,-0.23648783125212128,18,-0.23642426888243573,WLS,91,6.356236968554918e-05
4,UPFC_Vse,5-15,0.059797964358044,18,0.05904097727578136,WLS,91,0.0007569870822626418
5,UPFC_tse,5-15,-2.1566442873445286,18,-2.163233929222754,WLS,91,0.006589641878225194
0,x_tcsc,1-14,-0.1282254017266976,19,-0.12818513286485486,WLS,91,4.026886184274603e-05
1,B_svc,2,0.25325404616223957,19,0.25379756329672293,WLS,91,0.0005435171344833623
2,UPFC_Vsh,5-15,1.1065742661253428,19,1.1103345310958304,WLS,91,0.003760264970487537
3,UPFC_tsh,5-15,-0.2365241090695569,19,-0.23642426888243573,WLS,91,9.98401871211696e-05
4,UPFC_Vse,5-15,0.060270811207320946,19,0.05904097727578136,WLS,91,0.0012298339315395881
5,UPFC_tse,5-15,-2.156329887683272,19,-2.163233929222754,WLS,91,0.0069040415394816534
0,x_tcsc,1-14,-0.12823084268453988,20,-0.12818513286485486,WLS,91,4.570981968501919e-05
1,B_svc,2,0.2534780186542257,20,0.25379756329672293,WLS,91,0.00031954464249722703
2,UPFC_Vsh,5-15,1.1069180671261745,20,1.1103345310958304,WLS,91,0.003416463969655892
3,UPFC_tsh,5-15,-0.23651056898868134,20,-0.23642426888243573,WLS,91,8.630010624560702e-05
4,UPFC_Vse,5-15,0.059991391574054705,20,0.05904097727578136,WLS,91,0.0009504142982733471
5,UPFC_tse,5-15,-2.1597480574435255,20,-2.163233929222754,WLS,91,0.0034858717792283223
0,x_tcsc,1-14,-0.1282142188358128,21,-0.12818513286485486,WLS,91,2.908597095793719e-05
1,B_svc,2,0.2535249430144579,21,0.25379756329672293,WLS,91,0.00027262028226504587
2,UPFC_Vsh,5-15,1.106599497180106,21,1.1103345310958304,WLS,91,0.003735033915724273
3,UPFC_tsh,5-15,-0.23645353152052273,21,-0.23642426888243573,WLS,91,2.9262638087002024e-05
4,UPFC_Vse,5-15,0.05975167359503032,21,0.05904097727578136,WLS,91,0.0007106963192489643
5,UPFC_tse,5-15,-2.156716154075015,21,-2.163233929222754,WLS,91,0.006517775147738991
0,x_tcsc,1-14,-0.12821405052998558,22,-0.12818513286485486,WLS,91,2.8917665130717696e-05
1,B_svc,2,0.25341650860324594,22,0.25379756329672293,WLS,91,0.00038105469347698984
2,UPFC_Vsh,5-15,1.1068898960048112,22,1.1103345310958304,WLS,91,0.0034446350910191104
3,UPFC_tsh,5-15,-0.23643539751083234,22,-0.23642426888243573,WLS,91,1.1128628396611662e-05
4,UPFC_Vse,5-15,0.05965822313285159,22,0.05904097727578136,WLS,91,0.0006172458570702297
5,UPFC_tse,5-15,-2.157076173702849,22,-2.163233929222754,WLS,91,0.006157755519904828
0,x_tcsc,1-14,-0.12821777787220381,23,-0.12818513286485486,WLS,91,3.264500734895259e-05
1,B_svc,2,0.25341779467480097,23,0.25379756329672293,WLS,91,0.0003797686219219609
2,UPFC_Vsh,5-15,1.1066898485186334,23,1.1103345310958304,WLS,91,0.003644682577196967
3,UPFC_tsh,5-15,-0.2365101903142135,23,-0.23642426888243573,WLS,91,8.592143177776901e-05
4,UPFC_Vse,5-15,0.05996475627810748,23,0.05904097727578136,WLS,91,0.000923779002326125
5,UPFC_tse,5-15,-2.158120138362613,23,-2.163233929222754,WLS,91,0.005113790860140632
0,x_tcsc,1-14,-0.12822470364771607,24,-0.12818513286485486,WLS,91,3.9570782861209075e-05
1,B_svc,2,0.25367750662526195,24,0.25379756329672293,WLS,91,0.00012005667146097743
2,UPFC_Vsh,5-15,1.1063752855120867,24,1.1103345310958304,WLS,91,0.003959245583743609
3,UPFC_tsh,5-15,-0.2366411690208888,24,-0.23642426888243573,WLS,91,0.00021690013845307443
4,UPFC_Vse,5-15,0.05990976889708932,24,0.05904097727578136,WLS,91,0.0008687916213079641
5,UPFC_tse,5-15,-2.1580416757297276,24,-2.163233929222754,WLS,91,0.005192253493026211
0,x_tcsc,1-14,-0.12822662142522573,25,-0.12818513286485486,WLS,91,4.148856037086701e-05
1,B_svc,2,0.25348602167935413,25,0.25379756329672293,WLS,91,0.0003115416173687935
2,UPFC_Vsh,5-15,1.1067872393576097,25,1.1103345310958304,WLS,91,0.0035472917382206592
3,UPFC_tsh,5-15,-0.23649081263663388,25,-0.23642426888243573,WLS,91,6.654375419815062e-05
4,UPFC_Vse,5-15,0.05996672888316589,25,0.05904097727578136,WLS,91,0.000925751607384534
5,UPFC_tse,5-15,-2.1599475811824957,25,-2.163233929222754,WLS,91,0.003286348040258069
0,x_tcsc,1-14,-0.1281988524351668,26,-0.12818513286485486,WLS,91,1.3719570311931939e-05
1,B_svc,2,0.25355546726372646,26,0.25379756329672293,WLS,91,0.00024209603299646387
2,UPFC_Vsh,5-15,1.1069340554292242,26,1.1103345310958304,WLS,91,0.003400475666606173
3,UPFC_tsh,5-15,-0.23647358394844795,26,-0.23642426888243573,WLS,91,4.931506601221769e-05
4,UPFC_Vse,5-15,0.06018702311266691,26,0.05904097727578136,WLS,91,0.0011460458368855522
5,UPFC_tse,5-15,-2.158983451647406,26,-2.163233929222754,WLS,91,0.004250477575348022
0,x_tcsc,1-14,-0.1282315983006754,27,-0.12818513286485486,WLS,91,4.6465435820541856e-05
1,B_svc,2,0.25368462016106186,27,0.25379756329672293,WLS,91,0.00011294313566106995
2,UPFC_Vsh,5-15,1.1068312115412704,27,1.1103345310958304,WLS,91,0.0035033195545599582
3,UPFC_tsh,5-15,-0.23653818216599837,27,-0.23642426888243573,WLS,91,0.00011391328356263886
4,UPFC_Vse,5-15,0.06000184188495139,27,0.05904097727578136,WLS,91,0.0009608646091700326
5,UPFC_tse,5-15,-2.157603826249994,27,-2.163233929222754,WLS,91,0.005630102972759676
0,x_tcsc,1-14,-0.12820771761130295,28,-0.12818513286485486,WLS,91,2.2584746448089943e-05
1,B_svc,2,0.2532247873615205,28,0.25379756329672293,WLS,91,0.0005727759352024409
2,UPFC_Vsh,5-15,1.106576393666061,28,1.1103345310958304,WLS,91,0.0037581374297692705
3,UPFC_tsh,5-15,-0.2365108223077343,28,-0.23642426888243573,WLS,91,8.655342529856336e-05
4,UPFC_Vse,5-15,0.059751840869394696,28,0.05904097727578136,WLS,91,0.0007108635936133381
5,UPFC_tse,5-15,-2.1597779406860247,28,-2.163233929222754,WLS,91,0.0034559885367291265
0,x_tcsc,1-14,-0.12820410397357038,29,-0.12818513286485486,WLS,91,1.8971108715515328e-05
1,B_svc,2,0.25312701701654766,29,0.25379756329672293,WLS,91,0.000670546280175266
2,UPFC_Vsh,5-15,1.1068989279195542,29,1.1103345310958304,WLS,91,0.003435603176276114
3,UPFC_tsh,5-15,-0.23647457594637095,29,-0.23642426888243573,WLS,91,5.0307063935217666e-05
4,UPFC_Vse,5-15,0.05998179355677323,29,0.05904097727578136,WLS,91,0.0009408162809918727
5,UPFC_tse,5-15,-2.155288640975169,29,-2.163233929222754,WLS,91,0.00794528824758478
0,x_tcsc,1-14,-0.12822554078605342,30,-0.12818513286485486,WLS,91,4.0407921198554186e-05
1,B_svc,2,0.2530586727238159,30,0.25379756329672293,WLS,91,0.0007388905729070472
2,UPFC_Vsh,5-15,1.106592080109377,30,1.1103345310958304,WLS,91,0.0037424509864534272
3,UPFC_tsh,5-15,-0.236486090429088,30,-0.23642426888243573,WLS,91,6.182154665226869e-05
4,UPFC_Vse,5-15,0.059804698046981714,30,0.05904097727578136,WLS,91,0.000763720771200356
5,UPFC_tse,5-15,-2.157331091499487,30,-2.163233929222754,WLS,91,0.005902837723266607
0,x_tcsc,1-14,-0.12820288534478844,31,-0.12818513286485486,WLS,91,1.7752479933574872e-05
1,B_svc,2,0.2534845524901184,31,0.25379756329672293,WLS,91,0.00031301080660450786
2,UPFC_Vsh,5-15,1.1066666309613988,31,1.1103345310958304,WLS,91,0.003667900134431523
3,UPFC_tsh,5-15,-0.23649103276021063,31,-0.23642426888243573,WLS,91,6.676387777490578e-05
4,UPFC_Vse,5-15,0.05990045554038897,31,0.05904097727578136,WLS,91,0.0008594782646076105
5,UPFC_tse,5-15,-2.158220069212076,31,-2.163233929222754,WLS,91,0.005013860010677718
0,x_tcsc,1-14,-0.12820666232015165,32,-0.12818513286485486,WLS,91,2.152945529679262e-05
1,B_svc,2,0.25353074801088404,32,0.25379756329672293,WLS,91,0.0002668152858388839
2,UPFC_Vsh,5-15,1.107105940894406,32,1.1103345310958304,WLS,91,0.0032285902014244083
3,UPFC_tsh,5-15,-0.23648711043265627,32,-0.23642426888243573,WLS,91,6.284155022054372e-05
4,UPFC_Vse,5-15,0.05941830775028059,32,0.05904097727578136,WLS,91,0.0003773304744992337
5,UPFC_tse,5-15,-2.158563449522779,32,-2.163233929222754,WLS,91,0.0046704796999748055
0,x_tcsc,1-14,-0.1282078796441578,33,-0.12818513286485486,WLS,91,2.2746779302945663e-05
1,B_svc,2,0.25394110195212094,33,0.25379756329672293,WLS,91,0.00014353865539801225
2,UPFC_Vsh,5-15,1.1064397431338906,33,1.1103345310958304,WLS,91,0.0038947879619397607
3,UPFC_tsh,5-15,-0.23657311389745111,33,-0.23642426888243573,WLS,91,0.00014884501501538638
4,UPFC_Vse,5-15,0.06005617104384715,33,0.05904097727578136,WLS,91,0.001015193768065789
5,UPFC_tse,5-15,-2.1573401868833515,33,-2.163233929222754,WLS,91,0.005893742339402319
0,x_tcsc,1-14,-0.12822231156245364,34,-0.12818513286485486,WLS,91,3.717869759878312e-05
1,B_svc,2,0.25327545563339143,34,0.25379756329672293,WLS,91,0.0005221076633314947
2,UPFC_Vsh,5-15,1.1062971775862076,34,1.1103345310958304,WLS,91,0.004037353509622754
3,UPFC_tsh,5-15,-0.23654387067438742,34,-0.23642426888243573,WLS,91,0.00011960179195169562
4,UPFC_Vse,5-15,0.06008051660029762,34,0.05904097727578136,WLS,91,0.0010395393245162601
5,UPFC_tse,5-15,-2.157468372838023,34,-2.163233929222754,WLS,91,0.005765556384730974
0,x_tcsc,1-14,-0.12821305437266559,35,-0.12818513286485486,WLS,91,2.7921507810724222e-05
1,B_svc,2,0.25387831143054834,35,0.25379756329672293,WLS,91,8.074813382541457e-05
2,UPFC_Vsh,5-15,1.1067470686602092,35,1.1103345310958304,WLS,91,0.003587462435621136
3,UPFC_tsh,5-15,-0.23648842743894155,35,-0.23642426888243573,WLS,91,6.415855650582225e-05
4,UPFC_Vse,5-15,0.059933643542535955,35,0.05904097727578136,WLS,91,0.0008926662667545979
5,UPFC_tse,5-15,-2.1576078795936784,35,-2.163233929222754,WLS,91,0.005626049629075425
0,x_tcsc,1-14,-0.1282214323309083,36,-0.12818513286485486,WLS,91,3.629946605343548e-05
1,B_svc,2,0.2533786596474996,36,0.25379756329672293,WLS,91,0.00041890364922331225
2,UPFC_Vsh,5-15,1.106854344675531,36,1.1103345310958304,WLS,91,0.003480186420299347
3,UPFC_tsh,5-15,-0.23649277036594393,36,-0.23642426888243573,WLS,91,6.850148350820429e-05
4,UPFC_Vse,5-15,0.06016552306647868,36,0.05904097727578136,WLS,91,0.0011245457906973247
5,UPFC_tse,5-15,-2.1588698588238207,36,-2.163233929222754,WLS,91,0.004364070398933162
0,x_tcsc,1-14,-0.12821465146221572,37,-0.12818513286485486,WLS,91,2.9518597360861376e-05
1,B_svc,2,0.2540091990711828,37,0.25379756329672293,WLS,91,0.00021163577445987292
2,UPFC_Vsh,5-15,1.1067590429472187,37,1.1103345310958304,WLS,91,0.0035754881486116386
3,UPFC_tsh,5-15,-0.23651755886708145,37,-0.23642426888243573,WLS,91,9.328998464572247e-05
4,UPFC_Vse,5-15,0.059351386073476974,37,0.05904097727578136,WLS,91,0.000310408797695616
5,UPFC_tse,5-15,-2.162802670520307,37,-2.163233929222754,WLS,91,0.00043125870244686837
0,x_tcsc,1-14,-0.12821708702674753,38,-0.12818513286485486,WLS,91,3.1954161892666644e-05
1,B_svc,2,0.2534964098956849,38,0.25379756329672293,WLS,91,0.00030115340103803456
2,UPFC_Vsh,5-15,1.1068165737996487,38,1.1103345310958304,WLS,91,0.0035179572961816508
3,UPFC_tsh,5-15,-0.23647305868610896,38,-0.23642426888243573,WLS,91,4.87898036732326e-05
4,UPFC_Vse,5-15,0.06008826777428837,38,0.05904097727578136,WLS,91,0.0010472904985070128
5,UPFC_tse,5-15,-2.1547871382921255,38,-2.163233929222754,WLS,91,0.008446790930628278
0,x_tcsc,1-14,-0.12821215520169812,39,-0.12818513286485486,WLS,91,2.702233684326316e-05
1,B_svc,2,0.25378144805217323,39,0.25379756329672293,WLS,91,1.611524454969704e-05
2,UPFC_Vsh,5-15,1.1069909051896263,39,1.1103345310958304,WLS,91,0.003343625906204073
3,UPFC_tsh,5-15,-0.23648015363005323,39,-0.23642426888243573,WLS,91,5.588474761750173e-05
4,UPFC_Vse,5-15,0.05985061506410458,39,0.05904097727578136,WLS,91,0.0008096377883232211
5,UPFC_tse,5-15,-2.1550336103501855,39,-2.163233929222754,WLS,91,0.008200318872568335
0,x_tcsc,1-14,-0.1282034152629495,40,-0.12818513286485486,WLS,91,1.8282398094648933e-05
1,B_svc,2,0.25342301723308014,40,0.25379756329672293,WLS,91,0.00037454606364278886
2,UPFC_Vsh,5-15,1.1070580501697804,40,1.1103345310958304,WLS,91,0.0032764809260499295
3,UPFC_tsh,5-15,-0.23640299930670028,40,-0.23642426888243573,WLS,91,2.126957573544974e-05
4,UPFC_Vse,5-15,0.06005678030775181,40,0.05904097727578136,WLS,91,0.0010158030319704497
5,UPFC_tse,5-15,-2.156480159257871,40,-2.163233929222754,WLS,91,0.00675376996488275
0,x_tcsc,1-14,-0.12821118137376059,41,-0.12818513286485486,WLS,91,2.6048508905723855e-05
1,B_svc,2,0.2540914430154995,41,0.25379756329672293,WLS,91,0.0002938797187765907
2,UPFC_Vsh,5-15,1.1067837685729838,41,1.1103345310958304,WLS,91,0.0035507625228465844
3,UPFC_tsh,5-15,-0.2365379883277804,41,-0.23642426888243573,WLS,91,0.00011371944534466216
4,UPFC_Vse,5-15,0.06015887336471867,41,0.05904097727578136,WLS,91,0.001117896088937309
5,UPFC_tse,5-15,-2.159227205883666,41,-2.163233929222754,WLS,91,0.004006723339087692
0,x_tcsc,1-14,-0.12822123029454693,42,-0.12818513286485486,WLS,91,3.6097429692072414e-05
1,B_svc,2,0.2534580597597473,42,0.25379756329672293,WLS,91,0.0003395035369756494
2,UPFC_Vsh,5-15,1.1066577154924055,42,1.1103345310958304,WLS,91,0.00367681560342481
3,UPFC_tsh,5-15,-0.23654198772952897,42,-0.23642426888243573,WLS,91,0.00011771884709324554
4,UPFC_Vse,5-15,0.06004837452589206,42,0.05904097727578136,WLS,91,0.0010073972501107031
5,UPFC_tse,5-15,-2.154079792380481,42,-2.163233929222754,WLS,91,0.009154136842272731
0,x_tcsc,1-14,-0.12821757927458102,43,-0.12818513286485486,WLS,91,3.2446409726161196e-05
1,B_svc,2,0.25328820841580274,43,0.25379756329672293,WLS,91,0.0005093548809201875
2,UPFC_Vsh,5-15,1.1068331327226348,43,1.1103345310958304,WLS,91,0.003501398373195519
3,UPFC_tsh,5-15,-0.23650341979354395,43,-0.23642426888243573,WLS,91,7.91509111082167e-05
4,UPFC_Vse,5-15,0.06009933629630292,43,0.05904097727578136,WLS,91,0.0010583590205215654
5,UPFC_tse,5-15,-2.157273082714288,43,-2.163233929222754,WLS,91,0.005960846508465956
0,x_tcsc,1-14,-0.1282247868703179,44,-0.12818513286485486,WLS,91,3.965400546304676e-05
1,B_svc,2,0.25316851368145943,44,0.25379756329672293,WLS,91,0.0006290496152634995
2,UPFC_Vsh,5-15,1.1066690258888936,44,1.1103345310958304,WLS,91,0.003665505206936759
3,UPFC_tsh,5-15,-0.236541071905228,44,-0.23642426888243573,WLS,91,0.00011680302279226673
4,UPFC_Vse,5-15,0.059795785575754115,44,0.05904097727578136,WLS,91,0.0007548082999727576
5,UPFC_tse,5-15,-2.1562857421172295,44,-2.163233929222754,WLS,91,0.006948187105524362
0,x_tcsc,1-14,-0.1282165259836483,45,-0.12818513286485486,WLS,91,3.139311879343798e-05
1,B_svc,2,0.25350639730685576,45,0.25379756329672293,WLS,91,0.00029116598986717035
2,UPFC_Vsh,5-15,1.1067741619128544,45,1.1103345310958304,WLS,91,0.0035603691829759754
3,UPFC_tsh,5-15,-0.23651178109054183,45,-0.23642426888243573,WLS,91,8.751220810609972e-05
4,UPFC_Vse,5-15,0.05973359683038283,45,0.05904097727578136,WLS,91,0.0006926195546014743
5,UPFC_tse,5-15,-2.1563432637909767,45,-2.163233929222754,WLS,91,0.006890665431777077
0,x_tcsc,1-14,-0.12820461570513686,46,-0.12818513286485486,WLS,91,1.9482840281997982e-05
1,B_svc,2,0.2537163830397967,46,0.25379756329672293,WLS,91,8.118025692621655e-05
2,UPFC_Vsh,5-15,1.1070679518609545,46,1.1103345310958304,WLS,91,0.0032665792348758327
3,UPFC_tsh,5-15,-0.23644031182017597,46,-0.23642426888243573,WLS,91,1.604293774024046e-05
4,UPFC_Vse,5-15,0.060115582408124535,46,0.05904097727578136,WLS,91,0.0010746051323431774
5,UPFC_tse,5-15,-2.15616330562387,46,-2.163233929222754,WLS,91,0.007070623598883774
0,x_tcsc,1-14,-0.1281987725323949,47,-0.12818513286485486,WLS,91,1.3639667540032985e-05
1,B_svc,2,0.2532285438592326,47,0.25379756329672293,WLS,91,0.0005690194374903257
2,UPFC_Vsh,5-15,1.1064770849570966,47,1.1103345310958304,WLS,91,0.0038574461387337333
3,UPFC_tsh,5-15,-0.23646979984727667,47,-0.23642426888243573,WLS,91,4.553096484094521e-05
4,UPFC_Vse,5-15,0.059783625315035706,47,0.05904097727578136,WLS,91,0.0007426480392543483
5,UPFC_tse,5-15,-2.1532712160357996,47,-2.163233929222754,WLS,91,0.009962713186954186
0,x_tcsc,1-14,-0.1282016883034355,48,-0.12818513286485486,WLS,91,1.6555438580645454e-05
1,B_svc,2,0.2535871477861964,48,0.25379756329672293,WLS,91,0.0002104155105265293
2,UPFC_Vsh,5-15,1.1063292717330613,48,1.1103345310958304,WLS,91,0.004005259362769076
3,UPFC_tsh,5-15,-0.2365321011029792,48,-0.23642426888243573,WLS,91,0.00010783222054347452
4,UPFC_Vse,5-15,0.06004522797478625,48,0.05904097727578136,WLS,91,0.0010042506990048938
5,UPFC_tse,5-15,-2.1598512339129217,48,-2.163233929222754,WLS,91,0.003382695309832151
0,x_tcsc,1-14,-0.12822412042660755,49,-0.12818513286485486,WLS,91,3.898756175269025e-05
1,B_svc,2,0.25313723451947906,49,0.25379756329672293,WLS,91,0.0006603287772438682
2,UPFC_Vsh,5-15,1.1067380269599099,49,1.1103345310958304,WLS,91,0.0035965041359204974
3,UPFC_tsh,5-15,-0.23655169961374398,49,-0.23642426888243573,WLS,91,0.0001274307313082479
4,UPFC_Vse,5-15,0.06016443946144693,49,0.05904097727578136,WLS,91,0.0011234621856655719
5,UPFC_tse,5-15,-2.159383293304717,49,-2.163233929222754,WLS,91,0.0038506359180368044
0,x_tcsc,1-14,-0.12820810582689438,50,-0.12818513286485486,WLS,91,2.29729620395136e-05
1,B_svc,2,0.25318237436201746,50,0.25379756329672293,WLS,91,0.0006151889347054684
2,UPFC_Vsh,5-15,1.1065418492486296,50,1.1103345310958304,WLS,91,0.0037926818472007184
3,UPFC_tsh,5-15,-0.23653985939602157,50,-0.23642426888243573,WLS,91,0.00011559051358583927
4,UPFC_Vse,5-15,0.0599882598550604,50,0.05904097727578136,WLS,91,0.0009472825792790421
5,UPFC_tse,5-15,-2.1573707980477073,50,-2.163233929222754,WLS,91,0.005863131175046554
0,x_tcsc,1-14,-0.12822807255083182,51,-0.12818513286485486,WLS,91,4.293968597696152e-05
1,B_svc,2,0.2533554451065689,51,0.25379756329672293,WLS,91,0.0004421181901540505
2,UPFC_Vsh,5-15,1.106908661125601,51,1.1103345310958304,WLS,91,0.0034258699702294226
3,UPFC_tsh,5-15,-0.23645506662123794,51,-0.23642426888243573,WLS,91,3.0797738802212926e-05
4,UPFC_Vse,5-15,0.05982143134381795,51,0.05904097727578136,WLS,91,0.0007804540680365901
5,UPFC_tse,5-15,-2.155237865254031,51,-2.163233929222754,WLS,91,0.007996063968722655
0,x_tcsc,1-14,-0.12821895696534505,52,-0.12818513286485486,WLS,91,3.382410049018736e-05
1,B_svc,2,0.2536404565182125,52,0.25379756329672293,WLS,91,0.00015710677851044075
2,UPFC_Vsh,5-15,1.1068864651714405,52,1.1103345310958304,WLS,91,0.0034480659243898426
3,UPFC_tsh,5-15,-0.2365291126538105,52,-0.23642426888243573,WLS,91,0.00010484377137476297
4,UPFC_Vse,5-15,0.06000207442284595,52,0.05904097727578136,WLS,91,0.0009610971470645907
5,UPFC_tse,5-15,-2.155999512661475,52,-2.163233929222754,WLS,91,0.007234416561278767
0,x_tcsc,1-14,-0.1282126610054514,53,-0.12818513286485486,WLS,91,2.75281405965333e-05
1,B_svc,2,0.2539625473494125,53,0.25379756329672293,WLS,91,0.00016498405268955407
2,UPFC_Vsh,5-15,1.10662692416805,53,1.1103345310958304,WLS,91,0.0037076069277803825
3,UPFC_tsh,5-15,-0.23647594911145792,53,-0.23642426888243573,WLS,91,5.1680229022188495e-05
4,UPFC_Vse,5-15,0.060030340548230206,53,0.05904097727578136,WLS,91,0.0009893632724488483
5,UPFC_tse,5-15,-2.154703626798054,53,-2.163233929222754,WLS,91,0.008530302424699876
0,x_tcsc,1-14,-0.12820901485295302,54,-0.12818513286485486,WLS,91,2.388198809816222e-05
1,B_svc,2,0.25390355801611675,54,0.25379756329672293,WLS,91,0.00010599471939382044
2,UPFC_Vsh,5-15,1.1067754417308475,54,1.1103345310958304,WLS,91,0.003559089364982837
3,UPFC_tsh,5-15,-0.2364626358487186,54,-0.23642426888243573,WLS,91,3.836696628287117e-05
4,UPFC_Vse,5-15,0.060245888539321515,54,0.05904097727578136,WLS,91,0.001204911263540158
5,UPFC_tse,5-15,-2.1569855951790458,54,-2.163233929222754,WLS,91,0.006248334043708059
0,x_tcsc,1-14,-0.12821665744799715,55,-0.12818513286485486,WLS,91,3.152458314228945e-05
1,B_svc,2,0.2539620984525183,55,0.25379756329672293,WLS,91,0.0001645351557953978
2,UPFC_Vsh,5-15,1.1068081237390879,55,1.1103345310958304,WLS,91,0.003526407356742478
3,UPFC_tsh,5-15,-0.2365808933305137,55,-0.23642426888243573,WLS,91,0.00015662444807795772
4,UPFC_Vse,5-15,0.06007573447236291,55,0.05904097727578136,WLS,91,0.0010347571965815539
5,UPFC_tse,5-15,-2.1579252764528727,55,-2.163233929222754,WLS,91,0.005308652769881128
0,x_tcsc,1-14,-0.12822356016007366,56,-0.12818513286485486,WLS,91,3.8427295218801394e-05
1,B_svc,2,0.25358308002287966,56,0.25379756329672293,WLS,91,0.00021448327384326893
2,UPFC_Vsh,5-15,1.1066103120984152,56,1.1103345310958304,WLS,91,0.003724218997415152
3,UPFC_tsh,5-15,-0.23652648945051719,56,-0.23642426888243573,WLS,91,0.00010222056808145696
4,UPFC_Vse,5-15,0.05999210644626966,56,0.05904097727578136,WLS,91,0.000951129170488299
5,UPFC_tse,5-15,-2.1566909710332514,56,-2.163233929222754,WLS,91,0.006542958189502457
0,x_tcsc,1-14,-0.12822110778006643,57,-0.12818513286485486,WLS,91,3.597491521156737e-05
1,B_svc,2,0.25339484538663243,57,0.25379756329672293,WLS,91,0.00040271791009049984
2,UPFC_Vsh,5-15,1.1067519358541296,57,1.1103345310958304,WLS,91,0.0035825952417007922
3,UPFC_tsh,5-15,-0.23653888709400137,57,-0.23642426888243573,WLS,91,0.0001146182115656369
4,UPFC_Vse,5-15,0.059605785556015756,57,0.05904097727578136,WLS,91,0.0005648082802343982
5,UPFC_tse,5-15,-2.158402287326764,57,-2.163233929222754,WLS,91,0.0048316418959899465
0,x_tcsc,1-14,-0.12822466428854615,58,-0.12818513286485486,WLS,91,3.9531423691285816e-05
1,B_svc,2,0.2535079121844994,58,0.25379756329672293,WLS,91,0.00028965111222351014
2,UPFC_Vsh,5-15,1.1066586588326845,58,1.1103345310958304,WLS,91,0.0036758722631458074
3,UPFC_tsh,5-15,-0.23644193051567264,58,-0.23642426888243573,WLS,91,1.7661633236909502e-05
4,UPFC_Vse,5-15,0.05997552230807004,58,0.05904097727578136,WLS,91,0.0009345450322886806
5,UPFC_tse,5-15,-2.1559506545138003,58,-2.163233929222754,WLS,91,0.007283274708953513
0,x_tcsc,1-14,-0.12822329036494337,59,-0.12818513286485486,WLS,91,3.8157500088509266e-05
1,B_svc,2,0.25318691854455194,59,0.25379756329672293,WLS,91,0.0006106447521709857
2,UPFC_Vsh,5-15,1.106718237125083,59,1.1103345310958304,WLS,91,0.003616293970747364
3,UPFC_tsh,5-15,-0.23649869930672585,59,-0.23642426888243573,WLS,91,7.443042429011726e-05
4,UPFC_Vse,5-15,0.060078950217850174,59,0.05904097727578136,WLS,91,0.001037972942068817
5,UPFC_tse,5-15,-2.1576504149227143,59,-2.163233929222754,WLS,91,0.00558351430003956
0,x_tcsc,1-14,-0.12820846731950333,60,-0.12818513286485486,WLS,91,2.3334454648471503e-05
1,B_svc,2,0.25382427263210855,60,0.25379756329672293,WLS,91,2.6709335385621813e-05
2,UPFC_Vsh,5-15,1.1066975706054665,60,1.1103345310958304,WLS,91,0.003636960490363883
3,UPFC_tsh,5-15,-0.23649876059618324,60,-0.23642426888243573,WLS,91,7.44917137475154e-05
4,UPFC_Vse,5-15,0.05999904241704278,60,0.05904097727578136,WLS,91,0.0009580651412614202
5,UPFC_tse,5-15,-2.1576438828728732,60,-2.163233929222754,WLS,91,0.005590046349880584
0,x_tcsc,1-14,-0.12821815024654123,61,-0.12818513286485486,WLS,91,3.301738168637325e-05
1,B_svc,2,0.25375784630448983,61,0.25379756329672293,WLS,91,3.971699223309644e-05
2,UPFC_Vsh,5-15,1.1069091830030602,61,1.1103345310958304,WLS,91,0.003425348092770175
3,UPFC_tsh,5-15,-0.23647556288258412,61,-0.23642426888243573,WLS,91,5.1294000148388585e-05
4,UPFC_Vse,5-15,0.05998116674934644,61,0.05904097727578136,WLS,91,0.000940189473565084
5,UPFC_tse,5-15,-2.1567921579090616,61,-2.163233929222754,WLS,91,0.006441771313692168
0,x_tcsc,1-14,-0.12822211664925312,62,-0.12818513286485486,WLS,91,3.6983784398259e-05
1,B_svc,2,0.25343653896034496,62,0.25379756329672293,WLS,91,0.0003610243363779686
2,UPFC_Vsh,5-15,1.106877164258443,62,1.1103345310958304,WLS,91,0.003457366837387399
3,UPFC_tsh,5-15,-0.236397133401051,62,-0.23642426888243573,WLS,91,2.7135481384721327e-05
4,UPFC_Vse,5-15,0.05937724064333598,62,0.05904097727578136,WLS,91,0.000336263367554622
5,UPFC_tse,5-15,-2.1579354200248275,62,-2.163233929222754,WLS,91,0.005298509197926293
0,x_tcsc,1-14,-0.12819980537345463,63,-0.12818513286485486,WLS,91,1.4672508599766765e-05
1,B_svc,2,0.25364884671712623,63,0.25379756329672293,WLS,91,0.00014871657959669715
2,UPFC_Vsh,5-15,1.106748453813871,63,1.1103345310958304,WLS,91,0.0035860772819593656
3,UPFC_tsh,5-15,-0.2364428658974208,63,-0.23642426888243573,WLS,91,1.859701498507782e-05
4,UPFC_Vse,5-15,0.05942203149871966,63,0.05904097727578136,WLS,91,0.00038105422293830543
5,UPFC_tse,5-15,-2.1581719154461796,63,-2.163233929222754,WLS,91,0.005062013776574226
0,x_tcsc,1-14,-0.12822064796199115,64,-0.12818513286485486,WLS,91,3.551509713628498e-05
1,B_svc,2,0.25336629178860925,64,0.25379756329672293,WLS,91,0.0004312715081136731
2,UPFC_Vsh,5-15,1.1068171548000203,64,1.1103345310958304,WLS,91,0.0035173762958100596
3,UPFC_tsh,5-15,-0.23648309677163473,64,-0.23642426888243573,WLS,91,5.88278891990035e-05
4,UPFC_Vse,5-15,0.0599582571956744,64,0.05904097727578136,WLS,91,0.0009172799198930437
5,UPFC_tse,5-15,-2.153339211163868,64,-2.163233929222754,WLS,91,0.009894718058885754
0,x_tcsc,1-14,-0.12823623335054235,65,-0.12818513286485486,WLS,91,5.1100485687488595e-05
1,B_svc,2,0.2533984697388777,65,0.25379756329672293,WLS,91,0.0003990935578452315
2,UPFC_Vsh,5-15,1.106970821689331,65,1.1103345310958304,WLS,91,0.0033637094064993267
3,UPFC_tsh,5-15,-0.23648075423145345,65,-0.23642426888243573,WLS,91,5.6485349017726394e-05
4,UPFC_Vse,5-15,0.05981166992834603,65,0.05904097727578136,WLS,91,0.0007706926525646723
5,UPFC_tse,5-15,-2.1553019749456293,65,-2.163233929222754,WLS,91,0.007931954277124564
0,x_tcsc,1-14,-0.12821971755623984,66,-0.12818513286485486,WLS,91,3.4584691384981214e-05
1,B_svc,2,0.2536608785177813,66,0.25379756329672293,WLS,91,0.00013668477894163145
2,UPFC_Vsh,5-15,1.106970512744021,66,1.1103345310958304,WLS,91,0.003364018351809328
3,UPFC_tsh,5-15,-0.23646773375889238,66,-0.23642426888243573,WLS,91,4.3464876456650314e-05
4,UPFC_Vse,5-15,0.060021582643743195,66,0.05904097727578136,WLS,91,0.000980605367961837
5,UPFC_tse,5-15,-2.1549337949309577,66,-2.163233929222754,WLS,91,0.008300134291796102
0,x_tcsc,1-14,-0.12821075924565847,67,-0.12818513286485486,WLS,91,2.562638080361168e-05
1,B_svc,2,0.253553298524627,67,0.25379756329672293,WLS,91,0.0002442647720959368
2,UPFC_Vsh,5-15,1.1069553784078028,67,1.1103345310958304,WLS,91,0.0033791526880275757
3,UPFC_tsh,5-15,-0.23647311461847167,67,-0.23642426888243573,WLS,91,4.884573603594622e-05
4,UPFC_Vse,5-15,0.05993401624293821,67,0.05904097727578136,WLS,91,0.0008930389671568534
5,UPFC_tse,5-15,-2.155341664022473,67,-2.163233929222754,WLS,91,0.007892265200280857
0,x_tcsc,1-14,-0.1282156509573202,68,-0.12818513286485486,WLS,91,3.051809246534809e-05
1,B_svc,2,0.2538250422263968,68,0.25379756329672293,WLS,91,2.7478929673863117e-05
2,UPFC_Vsh,5-15,1.106544976466102,68,1.1103345310958304,WLS,91,0.003789554629728409
3,UPFC_tsh,5-15,-0.23652897381856514,68,-0.23642426888243573,WLS,91,0.00010470493612940723
4,UPFC_Vse,5-15,0.0600660379419878,68,0.05904097727578136,WLS,91,0.0010250606662064454
5,UPFC_tse,5-15,-2.1568328567649795,68,-2.163233929222754,WLS,91,0.006401072457774326
0,x_tcsc,1-14,-0.1282240418154387,69,-0.12818513286485486,WLS,91,3.890895058383803e-05
1,B_svc,2,0.25381823323824715,69,0.25379756329672293,WLS,91,2.0669941524220636e-05
2,UPFC_Vsh,5-15,1.1069531245560602,69,1.1103345310958304,WLS,91,0.0033814065397701487
3,UPFC_tsh,5-15,-0.23642177519241428,69,-0.23642426888243573,WLS,91,2.4936900214489466e-06
4,UPFC_Vse,5-15,0.059374055143120205,69,0.05904097727578136,WLS,91,0.00033307786733884764
5,UPFC_tse,5-15,-2.1611533108813843,69,-2.163233929222754,WLS,91,0.0020806183413695223
0,x_tcsc,1-14,-0.12820111064077291,70,-0.12818513286485486,WLS,91,1.5977775918052384e-05
1,B_svc,2,0.25382577974466575,70,0.25379756329672293,WLS,91,2.82164479428193e-05
2,UPFC_Vsh,5-15,1.1068607038146507,70,1.1103345310958304,WLS,91,0.00347382728117962
3,UPFC_tsh,5-15,-0.23642526080711665,70,-0.23642426888243573,WLS,91,9.919246809209081e-07
4,UPFC_Vse,5-15,0.05984786836754132,70,0.05904097727578136,WLS,91,0.0008068910917599648
5,UPFC_tse,5-15,-2.156214985655741,70,-2.163233929222754,WLS,91,0.007018943567012936
0,x_tcsc,1-14,-0.12822384661092584,71,-0.12818513286485486,WLS,91,3.871374607097855e-05
1,B_svc,2,0.25343205455375645,71,0.25379756329672293,WLS,91,0.0003655087429664805
2,UPFC_Vsh,5-15,1.107046574920617,71,1.1103345310958304,WLS,91,0.003287956175213269
3,UPFC_tsh,5-15,-0.23647556073665818,71,-0.23642426888243573,WLS,91,5.129185422245164e-05
4,UPFC_Vse,5-15,0.05947514027269095,71,0.05904097727578136,WLS,91,0.0004341629969095914
5,UPFC_tse,5-15,-2.1596302111867556,71,-2.163233929222754,WLS,91,0.003603718035998238
0,x_tcsc,1-14,-0.12821325674123712,72,-0.12818513286485486,WLS,91,2.8123876382263324e-05
1,B_svc,2,0.2534051640046975,72,0.25379756329672293,WLS,91,0.0003923992920254471
2,UPFC_Vsh,5-15,1.1066241430430515,72,1.1103345310958304,WLS,91,0.0037103880527789013
3,UPFC_tsh,5-15,-0.23658448741321006,72,-0.23642426888243573,WLS,91,0.0001602185307743309
4,UPFC_Vse,5-15,0.059807862054340785,72,0.05904097727578136,WLS,91,0.0007668847785594277
5,UPFC_tse,5-15,-2.157250231525449,72,-2.163233929222754,WLS,91,0.0059836976973048905
0,x_tcsc,1-14,-0.12822120033009188,73,-0.12818513286485486,WLS,91,3.6067465237016316e-05
1,B_svc,2,0.2531324072123706,73,0.25379756329672293,WLS,91,0.000665156084352303
2,UPFC_Vsh,5-15,1.1067565602572442,73,1.1103345310958304,WLS,91,0.003577970838586131
3,UPFC_tsh,5-15,-0.23649142777290547,73,-0.23642426888243573,WLS,91,6.715889046973733e-05
4,UPFC_Vse,5-15,0.05993268780111859,73,0.05904097727578136,WLS,91,0.0008917105253372359
5,UPFC_tse,5-15,-2.1567800412257254,73,-2.163233929222754,WLS,91,0.006453887997028396
0,x_tcsc,1-14,-0.12821132245118474,74,-0.12818513286485486,WLS,91,2.618958632988333e-05
1,B_svc,2,0.2532250711620336,74,0.25379756329672293,WLS,91,0.0005724921346893508
2,UPFC_Vsh,5-15,1.106529460939673,74,1.1103345310958304,WLS,91,0.0038050701561573863
3,UPFC_tsh,5-15,-0.23657097004366856,74,-0.23642426888243573,WLS,91,0.00014670116123283172
4,UPFC_Vse,5-15,0.06009489498810608,74,0.05904097727578136,WLS,91,0.0010539177123247215
5,UPFC_tse,5-15,-2.1539953503039624,74,-2.163233929222754,WLS,91,0.009238578918791429
0,x_tcsc,1-14,-0.12822211518636087,75,-0.12818513286485486,WLS,91,3.698232150600722e-05
1,B_svc,2,0.2541124809256421,75,0.25379756329672293,WLS,91,0.00031491762891916464
2,UPFC_Vsh,5-15,1.1065587037717426,75,1.1103345310958304,WLS,91,0.003775827324087766
3,UPFC_tsh,5-15,-0.23655323715615567,75,-0.23642426888243573,WLS,91,0.00012896827371994268
4,UPFC_Vse,5-15,0.059819443305341675,75,0.05904097727578136,WLS,91,0.000778466029560318
5,UPFC_tse,5-15,-2.1586718310231183,75,-2.163233929222754,WLS,91,0.004562098199635489
0,x_tcsc,1-14,-0.1282303818014839,76,-0.12818513286485486,WLS,91,4.524893662904983e-05
1,B_svc,2,0.25365108674517944,76,0.25379756329672293,WLS,91,0.00014647655154348405
2,UPFC_Vsh,5-15,1.106976592624313,76,1.1103345310958304,WLS,91,0.003357938471517441
3,UPFC_tsh,5-15,-0.2365079460294154,76,-0.23642426888243573,WLS,91,8.367714697968265e-05
4,UPFC_Vse,5-15,0.06009028757855865,76,0.05904097727578136,WLS,91,0.001049310302777294
5,UPFC_tse,5-15,-2.1578093250716384,76,-2.163233929222754,WLS,91,0.005424604151115453
0,x_tcsc,1-14,-0.1282230435718401,77,-0.12818513286485486,WLS,91,3.791070698525023e-05
1,B_svc,2,0.25358045704768967,77,0.25379756329672293,WLS,91,0.00021710624903326092
2,UPFC_Vsh,5-15,1.1070243664612855,77,1.1103345310958304,WLS,91,0.00331016463454481
3,UPFC_tsh,5-15,-0.23647546349004714,77,-0.23642426888243573,WLS,91,5.119460761141004e-05
4,UPFC_Vse,5-15,0.060050188929193185,77,0.05904097727578136,WLS,91,0.0010092116534118276
5,UPFC_tse,5-15,-2.160172190193102,77,-2.163233929222754,WLS,91,0.0030617390296519
0,x_tcsc,1-14,-0.12821384474697353,78,-0.12818513286485486,WLS,91,2.8711882118670484e-05
1,B_svc,2,0.2532162305382369,78,0.25379756329672293,WLS,91,0.0005813327584860417
2,UPFC_Vsh,5-15,1.1069296589516082,78,1.1103345310958304,WLS,91,0.0034048721442221375
3,UPFC_tsh,5-15,-0.23647979318974027,78,-0.23642426888243573,WLS,91,5.552430730454416e-05
4,UPFC_Vse,5-15,0.05983153892668765,78,0.05904097727578136,WLS,91,0.0007905616509062893
5,UPFC_tse,5-15,-2.158292270100087,78,-2.163233929222754,WLS,91,0.004941659122666753
0,x_tcsc,1-14,-0.1282207402696515,79,-0.12818513286485486,WLS,91,3.560740479663371e-05
1,B_svc,2,0.25366785451339185,79,0.25379756329672293,WLS,91,0.00012970878333107283
2,UPFC_Vsh,5-15,1.1069213935636628,79,1.1103345310958304,WLS,91,0.003413137532167543
3,UPFC_tsh,5-15,-0.2364300533740338,79,-0.23642426888243573,WLS,91,5.78449159807648e-06
4,UPFC_Vse,5-15,0.059672613336783004,79,0.05904097727578136,WLS,91,0.0006316360610016461
5,UPFC_tse,5-15,-2.160509641430553,79,-2.163233929222754,WLS,91,0.002724287792200908
0,x_tcsc,1-14,-0.12819791544410108,80,-0.12818513286485486,WLS,91,1.278257924622328e-05
1,B_svc,2,0.25342152115113825,80,0.25379756329672293,WLS,91,0.0003760421455846763
2,UPFC_Vsh,5-15,1.1065964969567397,80,1.1103345310958304,WLS,91,0.0037380341390906846
3,UPFC_tsh,5-15,-0.23655687729312685,80,-0.23642426888243573,WLS,91,0.00013260841069112628
4,UPFC_Vse,5-15,0.05985358382872709,80,0.05904097727578136,WLS,91,0.0008126065529457313
5,UPFC_tse,5-15,-2.159338670083939,80,-2.163233929222754,WLS,91,0.0038952591388148328
0,x_tcsc,1-14,-0.12823055645032921,81,-0.12818513286485486,WLS,91,4.5423585474352324e-05
1,B_svc,2,0.2531601367694921,81,0.25379756329672293,WLS,91,0.0006374265272308111
2,UPFC_Vsh,5-15,1.1066515151429348,81,1.1103345310958304,WLS,91,0.003683015952895552
3,UPFC_tsh,5-15,-0.2365483572140846,81,-0.23642426888243573,WLS,91,0.00012408833164886945
4,UPFC_Vse,5-15,0.06037091662046707,81,0.05904097727578136,WLS,91,0.0013299393446857127
5,UPFC_tse,5-15,-2.155466484760425,81,-2.163233929222754,WLS,91,0.007767444462329021
0,x_tcsc,1-14,-0.12820914972460268,82,-0.12818513286485486,WLS,91,2.401685974781631e-05
1,B_svc,2,0.2533184885285082,82,0.25379756329672293,WLS,91,0.0004790747682147378
2,UPFC_Vsh,5-15,1.1069361579392865,82,1.1103345310958304,WLS,91,0.003398373156543899
3,UPFC_tsh,5-15,-0.23643182220735717,82,-0.23642426888243573,WLS,91,7.553324921444338e-06
4,UPFC_Vse,5-15,0.05967399634936973,82,0.05904097727578136,WLS,91,0.0006330190735883701
5,UPFC_tse,5-15,-2.1564367691870365,82,-2.163233929222754,WLS,91,0.006797160035717287
0,x_tcsc,1-14,-0.12821558340565387,83,-0.12818513286485486,WLS,91,3.045054079900411e-05
1,B_svc,2,0.2536460684848262,83,0.25379756329672293,WLS,91,0.0001514948118967463
2,UPFC_Vsh,5-15,1.1070487579823367,83,1.1103345310958304,WLS,91,0.0032857731134936508
3,UPFC_tsh,5-15,-0.23652437152510247,83,-0.23642426888243573,WLS,91,0.00010010264266674396
4,UPFC_Vse,5-15,0.05994629749166156,83,0.05904097727578136,WLS,91,0.0009053202158802037
5,UPFC_tse,5-15,-2.1579142082209777,83,-2.163233929222754,WLS,91,0.005319721001776134
0,x_tcsc,1-14,-0.12822027772672578,84,-0.12818513286485486,WLS,91,3.5144861870922695e-05
1,B_svc,2,0.25382984208621945,84,0.25379756329672293,WLS,91,3.227878949652041e-05
2,UPFC_Vsh,5-15,1.1067264315940226,84,1.1103345310958304,WLS,91,0.0036080995018077378
3,UPFC_tsh,5-15,-0.23652329764330807,84,-0.23642426888243573,WLS,91,9.902876087233836e-05
4,UPFC_Vse,5-15,0.05982586976397805,84,0.05904097727578136,WLS,91,0.0007848924881966937
5,UPFC_tse,5-15,-2.156237951597498,84,-2.163233929222754,WLS,91,0.006995977625255723
0,x_tcsc,1-14,-0.12821426101430453,85,-0.12818513286485486,WLS,91,2.9128149449664242e-05
1,B_svc,2,0.2533267077276482,85,0.25379756329672293,WLS,91,0.00047085556907472403
2,UPFC_Vsh,5-15,1.1066349795885357,85,1.1103345310958304,WLS,91,0.0036995515072946183
3,UPFC_tsh,5-15,-0.23653138798360474,85,-0.23642426888243573,WLS,91,0.00010711910116900647
4,UPFC_Vse,5-15,0.059965157762114564,85,0.05904097727578136,WLS,91,0.0009241804863332065
5,UPFC_tse,5-15,-2.1567660402823208,85,-2.163233929222754,WLS,91,0.006467888940433042
0,x_tcsc,1-14,-0.12823149197346953,86,-0.12818513286485486,WLS,91,4.635910861466863e-05
1,B_svc,2,0.2534025686459497,86,0.25379756329672293,WLS,91,0.00039499465077325047
2,UPFC_Vsh,5-15,1.106819287899879,86,1.1103345310958304,WLS,91,0.003515243195951312
3,UPFC_tsh,5-15,-0.23646320739492843,86,-0.23642426888243573,WLS,91,3.89385124927033e-05
4,UPFC_Vse,5-15,0.060120460225214944,86,0.05904097727578136,WLS,91,0.001079482949433587
5,UPFC_tse,5-15,-2.153026241882498,86,-2.163233929222754,WLS,91,0.010207687340255678
0,x_tcsc,1-14,-0.1282218535710267,87,-0.12818513286485486,WLS,91,3.672070617183332e-05
1,B_svc,2,0.25318069001693266,87,0.25379756329672293,WLS,91,0.0006168732797902643
2,UPFC_Vsh,5-15,1.1067980867792127,87,1.1103345310958304,WLS,91,0.003536444316617704
3,UPFC_tsh,5-15,-0.23649567030202925,87,-0.23642426888243573,WLS,91,7.14014195935253e-05
4,UPFC_Vse,5-15,0.059899745935576204,87,0.05904097727578136,WLS,91,0.0008587686597948466
5,UPFC_tse,5-15,-2.157231468947776,87,-2.163233929222754,WLS,91,0.00600246027497775
0,x_tcsc,1-14,-0.1282365819663499,88,-0.12818513286485486,WLS,91,5.144910149504356e-05
1,B_svc,2,0.2532485578542278,88,0.25379756329672293,WLS,91,0.0005490054424951429
2,UPFC_Vsh,5-15,1.1067739256624454,88,1.1103345310958304,WLS,91,0.003560605433384989
3,UPFC_tsh,5-15,-0.2364638102833429,88,-0.23642426888243573,WLS,91,3.954140090717262e-05
4,UPFC_Vse,5-15,0.05938694781307092,88,0.05904097727578136,WLS,91,0.00034597053728956106
5,UPFC_tse,5-15,-2.1618318208869964,88,-2.163233929222754,WLS,91,0.0014021083357573794
0,x_tcsc,1-14,-0.12821914409485166,89,-0.12818513286485486,WLS,91,3.401122999679984e-05
1,B_svc,2,0.25316423128889187,89,0.25379756329672293,WLS,91,0.0006333320078310556
2,UPFC_Vsh,5-15,1.106690142398877,89,1.1103345310958304,WLS,91,0.0036443886969532713
3,UPFC_tsh,5-15,-0.23650393843292772,89,-0.23642426888243573,WLS,91,7.966955049198976e-05
4,UPFC_Vse,5-15,0.05967153423225644,89,0.05904097727578136,WLS,91,0.000630556956475084
5,UPFC_tse,5-15,-2.159799764566879,89,-2.163233929222754,WLS,91,0.0034341646558746497
0,x_tcsc,1-14,-0.12821446526103863,90,-0.12818513286485486,WLS,91,2.9332396183773257e-05
1,B_svc,2,0.2540569999661608,90,0.25379756329672293,WLS,91,0.0002594366694378958
2,UPFC_Vsh,5-15,1.1066909031315164,90,1.1103345310958304,WLS,91,0.0036436279643139446
3,UPFC_tsh,5-15,-0.2365476281500302,90,-0.23642426888243573,WLS,91,0.00012335926759446392
4,UPFC_Vse,5-15,0.05965018352584469,90,0.05904097727578136,WLS,91,0.0006092062500633322
5,UPFC_tse,5-15,-2.15976732483013,90,-2.163233929222754,WLS,91,0.0034666043926239176
0,x_tcsc,1-14,-0.12821674866041036,91,-0.12818513286485486,WLS,91,3.161579555549521e-05
1,B_svc,2,0.2529486576661635,91,0.25379756329672293,WLS,91,0.0008489056305594489
2,UPFC_Vsh,5-15,1.1068576273000175,91,1.1103345310958304,WLS,91,0.0034769037958128912
3,UPFC_tsh,5-15,-0.23648397711303482,91,-0.23642426888243573,WLS,91,5.970823059908703e-05
4,UPFC_Vse,5-15,0.06015896904104287,91,0.05904097727578136,WLS,91,0.0011179917652615126
5,UPFC_tse,5-15,-2.1553131499140665,91,-2.163233929222754,WLS,91,0.007920779308687287
0,x_tcsc,1-14,-0.12821081534034756,92,-0.12818513286485486,WLS,91,2.5682475492699863e-05
1,B_svc,2,0.2535271271458304,92,0.25379756329672293,WLS,91,0.0002704361508925057
2,UPFC_Vsh,5-15,1.1067698611430004,92,1.1103345310958304,WLS,91,0.003564669952830002
3,UPFC_tsh,5-15,-0.236552112427126,92,-0.23642426888243573,WLS,91,0.00012784354469028147
4,UPFC_Vse,5-15,0.05991546829104677,92,0.05904097727578136,WLS,91,0.000874491015265412
5,UPFC_tse,5-15,-2.156262683396614,92,-2.163233929222754,WLS,91,0.006971245826139949
0,x_tcsc,1-14,-0.12821948397775057,93,-0.12818513286485486,WLS,91,3.435111289570858e-05
1,B_svc,2,0.25296904233461964,93,0.25379756329672293,WLS,91,0.0008285209621032852
2,UPFC_Vsh,5-15,1.1065085594760442,93,1.1103345310958304,WLS,91,0.0038259716197861504
3,UPFC_tsh,5-15,-0.23657013209220393,93,-0.23642426888243573,WLS,91,0.0001458632097681989
4,UPFC_Vse,5-15,0.06040017065484722,93,0.05904097727578136,WLS,91,0.0013591933790658636
5,UPFC_tse,5-15,-2.156264423278328,93,-2.163233929222754,WLS,91,0.006969505944425691
0,x_tcsc,1-14,-0.12820478599610743,94,-0.12818513286485486,WLS,91,1.965313125257273e-05
1,B_svc,2,0.2531071996079431,94,0.25379756329672293,WLS,91,0.0006903636887798381
2,UPFC_Vsh,5-15,1.1068051811836153,94,1.1103345310958304,WLS,91,0.003529349912215096
3,UPFC_tsh,5-15,-0.23651024512483645,94,-0.23642426888243573,WLS,91,8.597624240072599e-05
4,UPFC_Vse,5-15,0.059394861569254755,94,0.05904097727578136,WLS,91,0.0003538842934733971
5,UPFC_tse,5-15,-2.157559130486868,94,-2.163233929222754,WLS,91,0.005674798735885833
0,x_tcsc,1-14,-0.12820115661245557,95,-0.12818513286485486,WLS,91,1.602374760070746e-05
1,B_svc,2,0.25368633466315355,95,0.25379756329672293,WLS,91,0.0001112286335693824
2,UPFC_Vsh,5-15,1.1068707864165335,95,1.1103345310958304,WLS,91,0.0034637446792968873
3,UPFC_tsh,5-15,-0.23646109317254063,95,-0.23642426888243573,WLS,91,3.682429010490318e-05
4,UPFC_Vse,5-15,0.059844133174836424,95,0.05904097727578136,WLS,91,0.0008031558990550663
5,UPFC_tse,5-15,-2.1554495743052784,95,-2.163233929222754,WLS,91,0.007784354917475422
0,x_tcsc,1-14,-0.1282100679348173,96,-0.12818513286485486,WLS,91,2.4935069962428447e-05
1,B_svc,2,0.2542324061498073,96,0.25379756329672293,WLS,91,0.00043484285308437176
2,UPFC_Vsh,5-15,1.1064823719701946,96,1.1103345310958304,WLS,91,0.0038521591256357457
3,UPFC_tsh,5-15,-0.236533157364763,96,-0.23642426888243573,WLS,91,0.00010888848232726289
4,UPFC_Vse,5-15,0.059924539154422245,96,0.05904097727578136,WLS,91,0.0008835618786408872
5,UPFC_tse,5-15,-2.158452330812082,96,-2.163233929222754,WLS,91,0.004781598410671606
0,x_tcsc,1-14,-0.12821068716570103,97,-0.12818513286485486,WLS,91,2.55543008461645e-05
1,B_svc,2,0.2537346680153828,97,0.25379756329672293,WLS,91,6.289528134012512e-05
2,UPFC_Vsh,5-15,1.1067047733623347,97,1.1103345310958304,WLS,91,0.003629757733495609
3,UPFC_tsh,5-15,-0.236468009379586,97,-0.23642426888243573,WLS,91,4.374049715027972e-05
4,UPFC_Vse,5-15,0.05935751633892277,97,0.05904097727578136,WLS,91,0.00031653906314141333
5,UPFC_tse,5-15,-2.1575730388664045,97,-2.163233929222754,WLS,91,0.005660890356349313
0,x_tcsc,1-14,-0.12822949916962445,98,-0.12818513286485486,WLS,91,4.436630476958858e-05
1,B_svc,2,0.2537924187122811,98,0.25379756329672293,WLS,91,5.144584441840738e-06
2,UPFC_Vsh,5-15,1.1070242787101714,98,1.1103345310958304,WLS,91,0.0033102523856589627
3,UPFC_tsh,5-15,-0.2364991377875356,98,-0.23642426888243573,WLS,91,7.486890509986188e-05
4,UPFC_Vse,5-15,0.05991980717212888,98,0.05904097727578136,WLS,91,0.0008788298963475216
5,UPFC_tse,5-15,-2.1595859229544305,98,-2.163233929222754,WLS,91,0.0036480062683232894
0,x_tcsc,1-14,-0.12821147779741437,99,-0.12818513286485486,WLS,91,2.6344932559513312e-05
1,B_svc,2,0.25361038123850305,99,0.25379756329672293,WLS,91,0.00018718205821988132
2,UPFC_Vsh,5-15,1.1065526353246633,99,1.1103345310958304,WLS,91,0.0037818957711670542
3,UPFC_tsh,5-15,-0.2364939982886386,99,-0.23642426888243573,WLS,91,6.97294062028675e-05
4,UPFC_Vse,5-15,0.05995863396427079,99,0.05904097727578136,WLS,91,0.0009176566884894349
5,UPFC_tse,5-15,-2.157662307511281,99,-2.163233929222754,WLS,91,0.005571621711472741
0,x_tcsc,1-14,-0.12879010316836764,0,-0.1287438860906417,WLS,93,4.621707772595185e-05
1,B_svc,2,0.25473366622782123,0,0.2549623147102216,WLS,93,0.00022864848240039537
2,UPFC_Vsh,5-15,1.107091419742067,0,1.1096338312405822,WLS,93,0.002542411498515307
3,UPFC_tsh,5-15,-0.23598135538480564,0,-0.23592061381037074,WLS,93,6.074157443489159e-05
4,UPFC_Vse,5-15,0.059763585015388,0,0.05929998376082983,WLS,93,0.0004636012545581672
5,UPFC_tse,5-15,-2.16427733918443,0,-2.1655459086518336,WLS,93,0.001268569467403502
0,x_tcsc,1-14,-0.1287869515350879,1,-0.1287438860906417,WLS,93,4.3065444446210854e-05
1,B_svc,2,0.2546514367410663,1,0.2549623147102216,WLS,93,0.00031087796915535426
2,UPFC_Vsh,5-15,1.106552752128067,1,1.1096338312405822,WLS,93,0.003081079112515317
3,UPFC_tsh,5-15,-0.236023669910038,1,-0.23592061381037074,WLS,93,0.0001030560996672647
4,UPFC_Vse,5-15,0.060455236094312116,1,0.05929998376082983,WLS,93,0.001155252333482286
5,UPFC_tse,5-15,-2.1597208746667285,1,-2.1655459086518336,WLS,93,0.005825033985105144
0,x_tcsc,1-14,-0.1288161608461642,2,-0.1287438860906417,WLS,93,7.227475552251672e-05
1,B_svc,2,0.2544082514716048,2,0.2549623147102216,WLS,93,0.000554063238616842
2,UPFC_Vsh,5-15,1.1065872365901448,2,1.1096338312405822,WLS,93,0.0030465946504374397
3,UPFC_tsh,5-15,-0.2360694257300835,2,-0.23592061381037074,WLS,93,0.0001488119197127491
4,UPFC_Vse,5-15,0.06051256264356551,2,0.05929998376082983,WLS,93,0.001212578882735682
5,UPFC_tse,5-15,-2.1567466941669595,2,-2.1655459086518336,WLS,93,0.008799214484874085
0,x_tcsc,1-14,-0.12880819438197297,3,-0.1287438860906417,WLS,93,6.430829133127758e-05
1,B_svc,2,0.254953778774538,3,0.2549623147102216,WLS,93,8.535935683617879e-06
2,UPFC_Vsh,5-15,1.106849268817773,3,1.1096338312405822,WLS,93,0.0027845624228093335
3,UPFC_tsh,5-15,-0.2359579417082209,3,-0.23592061381037074,WLS,93,3.7327897850159e-05
4,UPFC_Vse,5-15,0.06016801181685749,3,0.05929998376082983,WLS,93,0.0008680280560276615
5,UPFC_tse,5-15,-2.159583900644138,3,-2.1655459086518336,WLS,93,0.0059620080076956405
0,x_tcsc,1-14,-0.12878439001365038,4,-0.1287438860906417,WLS,93,4.050392300869454e-05
1,B_svc,2,0.2552025452531321,4,0.2549623147102216,WLS,93,0.00024023054291044676
2,UPFC_Vsh,5-15,1.1067356983711845,4,1.1096338312405822,WLS,93,0.0028981328693977737
3,UPFC_tsh,5-15,-0.23597408330031677,4,-0.23592061381037074,WLS,93,5.3469489946028625e-05
4,UPFC_Vse,5-15,0.0599194144101302,4,0.05929998376082983,WLS,93,0.0006194306493003676
5,UPFC_tse,5-15,-2.1615605185555817,4,-2.1655459086518336,WLS,93,0.003985390096251873
0,x_tcsc,1-14,-0.12879570079388128,5,-0.1287438860906417,WLS,93,5.181470323958881e-05
1,B_svc,2,0.25435543139834593,5,0.2549623147102216,WLS,93,0.0006068833118756944
2,UPFC_Vsh,5-15,1.1071567658201,5,1.1096338312405822,WLS,93,0.002477065420482205
3,UPFC_tsh,5-15,-0.23596248783399507,5,-0.23592061381037074,WLS,93,4.187402362432202e-05
4,UPFC_Vse,5-15,0.06025800860437839,5,0.05929998376082983,WLS,93,0.0009580248435485592
5,UPFC_tse,5-15,-2.160232548561001,5,-2.1655459086518336,WLS,93,0.005313360090832386
0,x_tcsc,1-14,-0.12878457231007467,6,-0.1287438860906417,WLS,93,4.0686219432983783e-05
1,B_svc,2,0.2545467309998189,6,0.2549623147102216,WLS,93,0.0004155837104027338
2,UPFC_Vsh,5-15,1.106806597871948,6,1.1096338312405822,WLS,93,0.00282723336863433
3,UPFC_tsh,5-15,-0.23601426108395251,6,-0.23592061381037074,WLS,93,9.364727358177061e-05
4,UPFC_Vse,5-15,0.059757160534616396,6,0.05929998376082983,WLS,93,0.0004571767737865662
5,UPFC_tse,5-15,-2.160384129070405,6,-2.1655459086518336,WLS,93,0.005161779581428494
0,x_tcsc,1-14,-0.12878959172348048,7,-0.1287438860906417,WLS,93,4.570563283878837e-05
1,B_svc,2,0.2546431163553807,7,0.2549623147102216,WLS,93,0.0003191983548408994
2,UPFC_Vsh,5-15,1.1068138231841007,7,1.1096338312405822,WLS,93,0.0028200080564815266
3,UPFC_tsh,5-15,-0.23596866667421618,7,-0.23592061381037074,WLS,93,4.80528638454325e-05
4,UPFC_Vse,5-15,0.06010385456433765,7,0.05929998376082983,WLS,93,0.000803870803507821
5,UPFC_tse,5-15,-2.1600445368688854,7,-2.1655459086518336,WLS,93,0.005501371782948183
0,x_tcsc,1-14,-0.12879518055678654,8,-0.1287438860906417,WLS,93,5.1294466144852224e-05
1,B_svc,2,0.2546415670799583,8,0.2549623147102216,WLS,93,0.0003207476302633516
2,UPFC_Vsh,5-15,1.1067138943630077,8,1.1096338312405822,WLS,93,0.002919936877574525
3,UPFC_tsh,5-15,-0.23595486954128134,8,-0.23592061381037074,WLS,93,3.425573091059286e-05
4,UPFC_Vse,5-15,0.05970048338743729,8,0.05929998376082983,WLS,93,0.00040049962660745897
5,UPFC_tse,5-15,-2.160456231154446,8,-2.1655459086518336,WLS,93,0.005089677497387424
0,x_tcsc,1-14,-0.12880358371265485,9,-0.1287438860906417,WLS,93,5.9697622013160645e-05
1,B_svc,2,0.2546333632818694,9,0.2549623147102216,WLS,93,0.0003289514283522088
2,UPFC_Vsh,5-15,1.1068465223846824,9,1.1096338312405822,WLS,93,0.0027873088558998393
3,UPFC_tsh,5-15,-0.23600551136025513,9,-0.23592061381037074,WLS,93,8.489754988438847e-05
4,UPFC_Vse,5-15,0.06027793922467653,9,0.05929998376082983,WLS,93,0.0009779554638466997
5,UPFC_tse,5-15,-2.1576925463093506,9,-2.1655459086518336,WLS,93,0.007853362342483017
0,x_tcsc,1-14,-0.1287912124306215,10,-0.1287438860906417,WLS,93,4.732633997980851e-05
1,B_svc,2,0.25461389057406303,10,0.2549623147102216,WLS,93,0.00034842413615859824
2,UPFC_Vsh,5-15,1.1068287508780565,10,1.1096338312405822,WLS,93,0.0028050803625256915
3,UPFC_tsh,5-15,-0.2360361569977226,10,-0.23592061381037074,WLS,93,0.00011554318735185198
4,UPFC_Vse,5-15,0.06073471298980925,10,0.05929998376082983,WLS,93,0.0014347292289794214
5,UPFC_tse,5-15,-2.1576412805741785,10,-2.1655459086518336,WLS,93,0.00790462807765513
0,x_tcsc,1-14,-0.1287971130044739,11,-0.1287438860906417,WLS,93,5.322691383222167e-05
1,B_svc,2,0.2545853935439643,11,0.2549623147102216,WLS,93,0.00037692116625731575
2,UPFC_Vsh,5-15,1.1068094082893847,11,1.1096338312405822,WLS,93,0.0028244229511975583
3,UPFC_tsh,5-15,-0.235961658218618,11,-0.23592061381037074,WLS,93,4.104440824725941e-05
4,UPFC_Vse,5-15,0.06007738713644086,11,0.05929998376082983,WLS,93,0.0007774033756110313
5,UPFC_tse,5-15,-2.156304155714529,11,-2.1655459086518336,WLS,93,0.009241752937304781
0,x_tcsc,1-14,-0.12877771213457878,12,-0.1287438860906417,WLS,93,3.3826043937090766e-05
1,B_svc,2,0.2542065167854826,12,0.2549623147102216,WLS,93,0.0007557979247390101
2,UPFC_Vsh,5-15,1.106637771876821,12,1.1096338312405822,WLS,93,0.0029960593637612387
3,UPFC_tsh,5-15,-0.23601208660294434,12,-0.23592061381037074,WLS,93,9.147279257359919e-05
4,UPFC_Vse,5-15,0.06057644154428211,12,0.05929998376082983,WLS,93,0.001276457783452277
5,UPFC_tse,5-15,-2.1539912956734373,12,-2.1655459086518336,WLS,93,0.011554612978396328
0,x_tcsc,1-14,-0.12879290815541478,13,-0.1287438860906417,WLS,93,4.902206477308546e-05
1,B_svc,2,0.2545130717666755,13,0.2549623147102216,WLS,93,0.00044924294354614647
2,UPFC_Vsh,5-15,1.106461375495175,13,1.1096338312405822,WLS,93,0.0031724557454071434
3,UPFC_tsh,5-15,-0.23600796824324147,13,-0.23592061381037074,WLS,93,8.73544328707232e-05
4,UPFC_Vse,5-15,0.05981384089995948,13,0.05929998376082983,WLS,93,0.0005138571391296518
5,UPFC_tse,5-15,-2.1598228431281736,13,-2.1655459086518336,WLS,93,0.005723065523659976
0,x_tcsc,1-14,-0.12879723692566566,14,-0.1287438860906417,WLS,93,5.33508350239742e-05
1,B_svc,2,0.2549788403641444,14,0.2549623147102216,WLS,93,1.652565392279426e-05
2,UPFC_Vsh,5-15,1.1066433382810295,14,1.1096338312405822,WLS,93,0.002990492959552782
3,UPFC_tsh,5-15,-0.2360572610856522,14,-0.23592061381037074,WLS,93,0.00013664727528145404
4,UPFC_Vse,5-15,0.06017446371570424,14,0.05929998376082983,WLS,93,0.0008744799548744131
5,UPFC_tse,5-15,-2.160135200686636,14,-2.1655459086518336,WLS,93,0.005410707965197492
0,x_tcsc,1-14,-0.12879567427159,15,-0.1287438860906417,WLS,93,5.178818094830895e-05
1,B_svc,2,0.25436980009514987,15,0.2549623147102216,WLS,93,0.0005925146150717597
2,UPFC_Vsh,5-15,1.1064368586472582,15,1.1096338312405822,WLS,93,0.0031969725933240767
3,UPFC_tsh,5-15,-0.23600475732212595,15,-0.23592061381037074,WLS,93,8.414351175520252e-05
4,UPFC_Vse,5-15,0.059675698155750745,15,0.05929998376082983,WLS,93,0.00037571439492091463
5,UPFC_tse,5-15,-2.1590679400899147,15,-2.1655459086518336,WLS,93,0.006477968561918956
0,x_tcsc,1-14,-0.1287912494584936,16,-0.1287438860906417,WLS,93,4.736336785191031e-05
1,B_svc,2,0.25477960280667344,16,0.2549623147102216,WLS,93,0.00018271190354818279
2,UPFC_Vsh,5-15,1.1066755390020118,16,1.1096338312405822,WLS,93,0.00295829223857047
3,UPFC_tsh,5-15,-0.2359520886764708,16,-0.23592061381037074,WLS,93,3.147486610005634e-05
4,UPFC_Vse,5-15,0.06046087295871602,16,0.05929998376082983,WLS,93,0.0011608891978861918
5,UPFC_tse,5-15,-2.1602500763158123,16,-2.1655459086518336,WLS,93,0.005295832336021267
0,x_tcsc,1-14,-0.1287953658838137,17,-0.1287438860906417,WLS,93,5.1479793172021227e-05
1,B_svc,2,0.2548409921661935,17,0.2549623147102216,WLS,93,0.00012132254402813514
2,UPFC_Vsh,5-15,1.1063808866611478,17,1.1096338312405822,WLS,93,0.0032529445794344802
3,UPFC_tsh,5-15,-0.23599869201601206,17,-0.23592061381037074,WLS,93,7.807820564131873e-05
4,UPFC_Vse,5-15,0.05994324114866285,17,0.05929998376082983,WLS,93,0.000643257387833017
5,UPFC_tse,5-15,-2.1566947599892776,17,-2.1655459086518336,WLS,93,0.008851148662555985
0,x_tcsc,1-14,-0.12877594671436524,18,-0.1287438860906417,WLS,93,3.2060623723545456e-05
1,B_svc,2,0.25474505946789194,18,0.2549623147102216,WLS,93,0.00021725524232968363
2,UPFC_Vsh,5-15,1.1067182989074107,18,1.1096338312405822,WLS,93,0.0029155323331715444
3,UPFC_tsh,5-15,-0.23599562796341125,18,-0.23592061381037074,WLS,93,7.501415304050907e-05
4,UPFC_Vse,5-15,0.059940978777292646,18,0.05929998376082983,WLS,93,0.0006409950164628156
5,UPFC_tse,5-15,-2.159228889011776,18,-2.1655459086518336,WLS,93,0.006317019640057708
0,x_tcsc,1-14,-0.12879549198427467,19,-0.1287438860906417,WLS,93,5.160589363298329e-05
1,B_svc,2,0.2544562460341515,19,0.2549623147102216,WLS,93,0.000506068676070115
2,UPFC_Vsh,5-15,1.1062070429601178,19,1.1096338312405822,WLS,93,0.003426788280464388
3,UPFC_tsh,5-15,-0.2360270933029662,19,-0.23592061381037074,WLS,93,0.00010647949259545708
4,UPFC_Vse,5-15,0.06037043735199131,19,0.05929998376082983,WLS,93,0.0010704535911614799
5,UPFC_tse,5-15,-2.159418470358745,19,-2.1655459086518336,WLS,93,0.006127438293088705
0,x_tcsc,1-14,-0.12879359286570422,20,-0.1287438860906417,WLS,93,4.970677506252463e-05
1,B_svc,2,0.2544349663966461,20,0.2549623147102216,WLS,93,0.0005273483135755375
2,UPFC_Vsh,5-15,1.1070848289158481,20,1.1096338312405822,WLS,93,0.0025490023247340954
3,UPFC_tsh,5-15,-0.23603147771112265,20,-0.23592061381037074,WLS,93,0.00011086390075190633
4,UPFC_Vse,5-15,0.05999021847122483,20,0.05929998376082983,WLS,93,0.0006902347103949977
5,UPFC_tse,5-15,-2.1624746427319446,20,-2.1655459086518336,WLS,93,0.0030712659198890435
0,x_tcsc,1-14,-0.12879038205521878,21,-0.1287438860906417,WLS,93,4.6495964577092375e-05
1,B_svc,2,0.2545265959476265,21,0.2549623147102216,WLS,93,0.00043571876259512754
2,UPFC_Vsh,5-15,1.106859312225816,21,1.1096338312405822,WLS,93,0.00277451901476633
3,UPFC_tsh,5-15,-0.23599866877643985,21,-0.23592061381037074,WLS,93,7.805496606910767e-05
4,UPFC_Vse,5-15,0.059864539891900534,21,0.05929998376082983,WLS,93,0.0005645561310707037
5,UPFC_tse,5-15,-2.159580782561196,21,-2.1655459086518336,WLS,93,0.005965126090637707
0,x_tcsc,1-14,-0.12882076046405477,22,-0.1287438860906417,WLS,93,7.687437341308279e-05
1,B_svc,2,0.25466931164206946,22,0.2549623147102216,WLS,93,0.0002930030681521645
2,UPFC_Vsh,5-15,1.106649754438495,22,1.1096338312405822,WLS,93,0.002984076802087232
3,UPFC_tsh,5-15,-0.23601543267329217,22,-0.23592061381037074,WLS,93,9.481886292142527e-05
4,UPFC_Vse,5-15,0.059756821178123275,22,0.05929998376082983,WLS,93,0.00045683741729344446
5,UPFC_tse,5-15,-2.1602125412989412,22,-2.1655459086518336,WLS,93,0.00533336735289236
0,x_tcsc,1-14,-0.1287973204734959,23,-0.1287438860906417,WLS,93,5.343438285421165e-05
1,B_svc,2,0.25464110824880387,23,0.2549623147102216,WLS,93,0.00032120646141775566
2,UPFC_Vsh,5-15,1.1070448545872678,23,1.1096338312405822,WLS,93,0.0025889766533144787
3,UPFC_tsh,5-15,-0.23602882660817992,23,-0.23592061381037074,WLS,93,0.00010821279780917625
4,UPFC_Vse,5-15,0.06015748690006843,23,0.05929998376082983,WLS,93,0.0008575031392386023
5,UPFC_tse,5-15,-2.160895934631841,23,-2.1655459086518336,WLS,93,0.004649974019992786
0,x_tcsc,1-14,-0.12878679639534213,24,-0.1287438860906417,WLS,93,4.291030470043866e-05
1,B_svc,2,0.2545538257958244,24,0.2549623147102216,WLS,93,0.00040848891439720925
2,UPFC_Vsh,5-15,1.1068986634581965,24,1.1096338312405822,WLS,93,0.0027351677823856946
3,UPFC_tsh,5-15,-0.2359361163625953,24,-0.23592061381037074,WLS,93,1.550255222454444e-05
4,UPFC_Vse,5-15,0.05979149830368132,24,0.05929998376082983,WLS,93,0.0004915145428514914
5,UPFC_tse,5-15,-2.1612754496557955,24,-2.1655459086518336,WLS,93,0.004270458996038062
0,x_tcsc,1-14,-0.12880135261666736,25,-0.1287438860906417,WLS,93,5.746652602567348e-05
1,B_svc,2,0.25453462028953827,25,0.2549623147102216,WLS,93,0.0004276944206833555
2,UPFC_Vsh,5-15,1.1068588451090946,25,1.1096338312405822,WLS,93,0.0027749861314876334
3,UPFC_tsh,5-15,-0.23597465310330648,25,-0.23592061381037074,WLS,93,5.403929293573695e-05
4,UPFC_Vse,5-15,0.060080027316722004,25,0.05929998376082983,WLS,93,0.0007800435558921737
5,UPFC_tse,5-15,-2.1628184583844816,25,-2.1655459086518336,WLS,93,0.002727450267351994
0,x_tcsc,1-14,-0.1288132736838445,26,-0.1287438860906417,WLS,93,6.938759320279653e-05
1,B_svc,2,0.2548859591072361,26,0.2549623147102216,WLS,93,7.63556029855228e-05
2,UPFC_Vsh,5-15,1.1068885379848081,26,1.1096338312405822,WLS,93,0.002745293255774106
3,UPFC_tsh,5-15,-0.23600568685172968,26,-0.23592061381037074,WLS,93,8.507304135893512e-05
4,UPFC_Vse,5-15,0.06038535601729832,26,0.05929998376082983,WLS,93,0.0010853722564684865
5,UPFC_tse,5-15,-2.1620821579466982,26,-2.1655459086518336,WLS,93,0.003463750705135382
0,x_tcsc,1-14,-0.12879503763759098,27,-0.1287438860906417,WLS,93,5.1151546949290694e-05
1,B_svc,2,0.2547739236306778,27,0.2549623147102216,WLS,93,0.00018839107954382595
2,UPFC_Vsh,5-15,1.1067287274889905,27,1.1096338312405822,WLS,93,0.0029051037515916978
3,UPFC_tsh,5-15,-0.23604356678171384,27,-0.23592061381037074,WLS,93,0.0001229529713430988
4,UPFC_Vse,5-15,0.060271854252321025,27,0.05929998376082983,WLS,93,0.0009718704914911946
5,UPFC_tse,5-15,-2.159439781406237,27,-2.1655459086518336,WLS,93,0.006106127245596671
0,x_tcsc,1-14,-0.12878796636045456,28,-0.1287438860906417,WLS,93,4.408026981286839e-05
1,B_svc,2,0.25429597083252986,28,0.2549623147102216,WLS,93,0.0006663438776917663
2,UPFC_Vsh,5-15,1.1070397990151284,28,1.1096338312405822,WLS,93,0.002594032225453846
3,UPFC_tsh,5-15,-0.23604070468767277,28,-0.23592061381037074,WLS,93,0.00012009087730202594
4,UPFC_Vse,5-15,0.059994214960767026,28,0.05929998376082983,WLS,93,0.0006942311999371953
5,UPFC_tse,5-15,-2.1615515823276015,28,-2.1655459086518336,WLS,93,0.003994326324232134
0,x_tcsc,1-14,-0.12879600240739844,29,-0.1287438860906417,WLS,93,5.211631675675066e-05
1,B_svc,2,0.25434273477585967,29,0.2549623147102216,WLS,93,0.0006195799343619579
2,UPFC_Vsh,5-15,1.106579140036344,29,1.1096338312405822,WLS,93,0.00305469120423818
3,UPFC_tsh,5-15,-0.23597962622227,29,-0.23592061381037074,WLS,93,5.9012411899261874e-05
4,UPFC_Vse,5-15,0.060306979918432944,29,0.05929998376082983,WLS,93,0.0010069961576031142
5,UPFC_tse,5-15,-2.157892694223819,29,-2.1655459086518336,WLS,93,0.0076532144280148096
0,x_tcsc,1-14,-0.12878369739993598,30,-0.1287438860906417,WLS,93,3.9811309294285335e-05
1,B_svc,2,0.25419317481439085,30,0.2549623147102216,WLS,93,0.0007691398958307727
2,UPFC_Vsh,5-15,1.1064725199984171,30,1.1096338312405822,WLS,93,0.0031613112421651213
3,UPFC_tsh,5-15,-0.2360812699174533,30,-0.23592061381037074,WLS,93,0.0001606561070825463
4,UPFC_Vse,5-15,0.06000237759901897,30,0.05929998376082983,WLS,93,0.0007023938381891387
5,UPFC_tse,5-15,-2.1600923787794333,30,-2.1655459086518336,WLS,93,0.005453529872400331
0,x_tcsc,1-14,-0.1287982507129897,31,-0.1287438860906417,WLS,93,5.436462234800765e-05
1,B_svc,2,0.25455061790798894,31,0.2549623147102216,WLS,93,0.0004116968022326861
2,UPFC_Vsh,5-15,1.1067149204423221,31,1.1096338312405822,WLS,93,0.0029189107982601215
3,UPFC_tsh,5-15,-0.23601392246275973,31,-0.23592061381037074,WLS,93,9.330865238899033e-05
4,UPFC_Vse,5-15,0.0600768987513764,31,0.05929998376082983,WLS,93,0.0007769149905465719
5,UPFC_tse,5-15,-2.1609476165313257,31,-2.1655459086518336,WLS,93,0.004598292120507885
0,x_tcsc,1-14,-0.12879017739603313,32,-0.1287438860906417,WLS,93,4.629130539143822e-05
1,B_svc,2,0.2544939398393004,32,0.2549623147102216,WLS,93,0.00046837487092121766
2,UPFC_Vsh,5-15,1.1067072838188565,32,1.1096338312405822,WLS,93,0.0029265474217257115
3,UPFC_tsh,5-15,-0.23600265487616626,32,-0.23592061381037074,WLS,93,8.204106579551285e-05
4,UPFC_Vse,5-15,0.05969037398383063,32,0.05929998376082983,WLS,93,0.00039039022300080273
5,UPFC_tse,5-15,-2.162042688630502,32,-2.1655459086518336,WLS,93,0.0035032200213316322
0,x_tcsc,1-14,-0.1287736826051539,33,-0.1287438860906417,WLS,93,2.9796514512209216e-05
1,B_svc,2,0.25499966324900336,33,0.2549623147102216,WLS,93,3.734853878173405e-05
2,UPFC_Vsh,5-15,1.1066627093531771,33,1.1096338312405822,WLS,93,0.002971121887405115
3,UPFC_tsh,5-15,-0.2360076743996281,33,-0.23592061381037074,WLS,93,8.706058925736504e-05
4,UPFC_Vse,5-15,0.05991257905048218,33,0.05929998376082983,WLS,93,0.0006125952896523512
5,UPFC_tse,5-15,-2.1605581303014754,33,-2.1655459086518336,WLS,93,0.004987778350358241
0,x_tcsc,1-14,-0.12880906454863894,34,-0.1287438860906417,WLS,93,6.51784579972503e-05
1,B_svc,2,0.2542313417769075,34,0.2549623147102216,WLS,93,0.0007309729333141446
2,UPFC_Vsh,5-15,1.1065031069766673,34,1.1096338312405822,WLS,93,0.003130724263914919
3,UPFC_tsh,5-15,-0.236045272549923,34,-0.23592061381037074,WLS,93,0.00012465873955225248
4,UPFC_Vse,5-15,0.060121789145269104,34,0.05929998376082983,WLS,93,0.0008218053844392739
5,UPFC_tse,5-15,-2.1603266391925673,34,-2.1655459086518336,WLS,93,0.005219269459266318
0,x_tcsc,1-14,-0.12880111984225098,35,-0.1287438860906417,WLS,93,5.723375160929245e-05
1,B_svc,2,0.25486041474069226,35,0.2549623147102216,WLS,93,0.00010189996952936209
2,UPFC_Vsh,5-15,1.1068053050087228,35,1.1096338312405822,WLS,93,0.002828526231859474
3,UPFC_tsh,5-15,-0.23596775554994934,35,-0.23592061381037074,WLS,93,4.7141739578593356e-05
4,UPFC_Vse,5-15,0.06014970465694759,35,0.05929998376082983,WLS,93,0.0008497208961177616
5,UPFC_tse,5-15,-2.1607619387814823,35,-2.1655459086518336,WLS,93,0.004783969870351346
0,x_tcsc,1-14,-0.1288022864695667,36,-0.1287438860906417,WLS,93,5.840037892501648e-05
1,B_svc,2,0.2545234994472834,36,0.2549623147102216,WLS,93,0.00043881526293820805
2,UPFC_Vsh,5-15,1.1069386707840314,36,1.1096338312405822,WLS,93,0.002695160456550827
3,UPFC_tsh,5-15,-0.23603272177067766,36,-0.23592061381037074,WLS,93,0.0001121079603069175
4,UPFC_Vse,5-15,0.06018877968282482,36,0.05929998376082983,WLS,93,0.000888795921994992
5,UPFC_tse,5-15,-2.162205540950661,36,-2.1655459086518336,WLS,93,0.0033403677011727417
0,x_tcsc,1-14,-0.12878544208571463,37,-0.1287438860906417,WLS,93,4.155599507293939e-05
1,B_svc,2,0.2548357782877425,37,0.2549623147102216,WLS,93,0.00012653642247911767
2,UPFC_Vsh,5-15,1.106910951163459,37,1.1096338312405822,WLS,93,0.002722880077123291
3,UPFC_tsh,5-15,-0.2359538632836432,37,-0.23592061381037074,WLS,93,3.324947327246197e-05
4,UPFC_Vse,5-15,0.05929987967049922,37,0.05929998376082983,WLS,93,1.0409033061181683e-07
5,UPFC_tse,5-15,-2.165999328421497,37,-2.1655459086518336,WLS,93,0.000453419769663288
0,x_tcsc,1-14,-0.12879289075032416,38,-0.1287438860906417,WLS,93,4.90046596824667e-05
1,B_svc,2,0.25451496606564566,38,0.2549623147102216,WLS,93,0.00044734864457596224
2,UPFC_Vsh,5-15,1.1067436665878034,38,1.1096338312405822,WLS,93,0.002890164652778804
3,UPFC_tsh,5-15,-0.2359523058478531,38,-0.23592061381037074,WLS,93,3.169203748235039e-05
4,UPFC_Vse,5-15,0.06015885318508123,38,0.05929998376082983,WLS,93,0.0008588694242514031
5,UPFC_tse,5-15,-2.157350980192001,38,-2.1655459086518336,WLS,93,0.008194928459832607
0,x_tcsc,1-14,-0.12880115766795458,39,-0.1287438860906417,WLS,93,5.7271577312889566e-05
1,B_svc,2,0.2549535453583139,39,0.2549623147102216,WLS,93,8.769351907744749e-06
2,UPFC_Vsh,5-15,1.1067729772255899,39,1.1096338312405822,WLS,93,0.0028608540149923645
3,UPFC_tsh,5-15,-0.23598897310728187,39,-0.23592061381037074,WLS,93,6.835929691112463e-05
4,UPFC_Vse,5-15,0.06006839877941981,39,0.05929998376082983,WLS,93,0.0007684150185899782
5,UPFC_tse,5-15,-2.1572438096369164,39,-2.1655459086518336,WLS,93,0.008302099014917186
0,x_tcsc,1-14,-0.1287643895698201,40,-0.1287438860906417,WLS,93,2.0503479178396455e-05
1,B_svc,2,0.2545649936577045,40,0.2549623147102216,WLS,93,0.0003973210525171078
2,UPFC_Vsh,5-15,1.106656729848419,40,1.1096338312405822,WLS,93,0.0029771013921633394
3,UPFC_tsh,5-15,-0.2359766781960261,40,-0.23592061381037074,WLS,93,5.6064385655363314e-05
4,UPFC_Vse,5-15,0.06014615188465377,40,0.05929998376082983,WLS,93,0.0008461681238239385
5,UPFC_tse,5-15,-2.1598816180884133,40,-2.1655459086518336,WLS,93,0.005664290563420327
0,x_tcsc,1-14,-0.12878539657021879,41,-0.1287438860906417,WLS,93,4.151047957709486e-05
1,B_svc,2,0.2549942120151428,41,0.2549623147102216,WLS,93,3.189730492114684e-05
2,UPFC_Vsh,5-15,1.10702792149533,41,1.1096338312405822,WLS,93,0.0026059097452522106
3,UPFC_tsh,5-15,-0.23599016183742727,41,-0.23592061381037074,WLS,93,6.95480270565263e-05
4,UPFC_Vse,5-15,0.06025722167330613,41,0.05929998376082983,WLS,93,0.0009572379124763025
5,UPFC_tse,5-15,-2.162068983550742,41,-2.1655459086518336,WLS,93,0.0034769251010917657
0,x_tcsc,1-14,-0.12879067805326064,42,-0.1287438860906417,WLS,93,4.679196261894725e-05
1,B_svc,2,0.2545724193611727,42,0.2549623147102216,WLS,93,0.00038989534904892986
2,UPFC_Vsh,5-15,1.1065518142172936,42,1.1096338312405822,WLS,93,0.0030820170232885857
3,UPFC_tsh,5-15,-0.23600161929170488,42,-0.23592061381037074,WLS,93,8.100548133413432e-05
4,UPFC_Vse,5-15,0.06016842442575803,42,0.05929998376082983,WLS,93,0.0008684406649282009
5,UPFC_tse,5-15,-2.15745990428275,42,-2.1655459086518336,WLS,93,0.008086004369083799
0,x_tcsc,1-14,-0.12880382122010234,43,-0.1287438860906417,WLS,93,5.993512946064761e-05
1,B_svc,2,0.2543983065741329,43,0.2549623147102216,WLS,93,0.0005640081360887006
2,UPFC_Vsh,5-15,1.1068306595122877,43,1.1096338312405822,WLS,93,0.0028031717282945845
3,UPFC_tsh,5-15,-0.23599350809088843,43,-0.23592061381037074,WLS,93,7.289428051768243e-05
4,UPFC_Vse,5-15,0.060298858898753506,43,0.05929998376082983,WLS,93,0.0009988751379236757
5,UPFC_tse,5-15,-2.159613598486156,43,-2.1655459086518336,WLS,93,0.0059323101656776345
0,x_tcsc,1-14,-0.12881373791200937,44,-0.1287438860906417,WLS,93,6.985182136767798e-05
1,B_svc,2,0.25452784250527505,44,0.2549623147102216,WLS,93,0.0004344722049465788
2,UPFC_Vsh,5-15,1.1061657904287725,44,1.1096338312405822,WLS,93,0.003468040811809736
3,UPFC_tsh,5-15,-0.23612297753820774,44,-0.23592061381037074,WLS,93,0.00020236372783699608
4,UPFC_Vse,5-15,0.060180787076867776,44,0.05929998376082983,WLS,93,0.0008808033160379453
5,UPFC_tse,5-15,-2.1594823603989894,44,-2.1655459086518336,WLS,93,0.006063548252844164
0,x_tcsc,1-14,-0.12880586239046143,45,-0.1287438860906417,WLS,93,6.197629981974373e-05
1,B_svc,2,0.25463711426049435,45,0.2549623147102216,WLS,93,0.0003252004497272809
2,UPFC_Vsh,5-15,1.10659911922425,45,1.1096338312405822,WLS,93,0.0030347120163323194
3,UPFC_tsh,5-15,-0.23606113253965522,45,-0.23592061381037074,WLS,93,0.0001405187292844723
4,UPFC_Vse,5-15,0.05996644597227994,45,0.05929998376082983,WLS,93,0.000666462211450107
5,UPFC_tse,5-15,-2.1592763935517847,45,-2.1655459086518336,WLS,93,0.006269515100048917
0,x_tcsc,1-14,-0.12881286933735067,46,-0.1287438860906417,WLS,93,6.898324670898126e-05
1,B_svc,2,0.2549747968175934,46,0.2549623147102216,WLS,93,1.2482107371758477e-05
2,UPFC_Vsh,5-15,1.1067605653073107,46,1.1096338312405822,WLS,93,0.0028732659332715293
3,UPFC_tsh,5-15,-0.2360288221054263,46,-0.23592061381037074,WLS,93,0.00010820829505556184
4,UPFC_Vse,5-15,0.06038553434180222,46,0.05929998376082983,WLS,93,0.0010855505809723928
5,UPFC_tse,5-15,-2.1596765406845244,46,-2.1655459086518336,WLS,93,0.005869367967309191
0,x_tcsc,1-14,-0.12878565776023213,47,-0.1287438860906417,WLS,93,4.177166959043466e-05
1,B_svc,2,0.2543832097366848,47,0.2549623147102216,WLS,93,0.0005791049735368037
2,UPFC_Vsh,5-15,1.1064312401986325,47,1.1096338312405822,WLS,93,0.003202591041949754
3,UPFC_tsh,5-15,-0.2360407326496202,47,-0.23592061381037074,WLS,93,0.0001201188392494501
4,UPFC_Vse,5-15,0.060013797925001326,47,0.05929998376082983,WLS,93,0.000713814164171496
5,UPFC_tse,5-15,-2.1555202424466344,47,-2.1655459086518336,WLS,93,0.01002566620519918
0,x_tcsc,1-14,-0.1287907669864676,48,-0.1287438860906417,WLS,93,4.6880895825912594e-05
1,B_svc,2,0.25447090145698,48,0.2549623147102216,WLS,93,0.000491413253241646
2,UPFC_Vsh,5-15,1.106702513994275,48,1.1096338312405822,WLS,93,0.0029313172463072412
3,UPFC_tsh,5-15,-0.23595312813786462,48,-0.23592061381037074,WLS,93,3.2514327493876616e-05
4,UPFC_Vse,5-15,0.060038832339924304,48,0.05929998376082983,WLS,93,0.000738848579094474
5,UPFC_tse,5-15,-2.16304195005336,48,-2.1655459086518336,WLS,93,0.0025039585984734103
0,x_tcsc,1-14,-0.12878728194368297,49,-0.1287438860906417,WLS,93,4.339585304127813e-05
1,B_svc,2,0.25414813607130565,49,0.2549623147102216,WLS,93,0.0008141786389159744
2,UPFC_Vsh,5-15,1.1069318100736805,49,1.1096338312405822,WLS,93,0.002702021166901769
3,UPFC_tsh,5-15,-0.23603766902252443,49,-0.23592061381037074,WLS,93,0.0001170552121536883
4,UPFC_Vse,5-15,0.060255183198365196,49,0.05929998376082983,WLS,93,0.0009551994375353659
5,UPFC_tse,5-15,-2.162144090252315,49,-2.1655459086518336,WLS,93,0.0034018183995185858
0,x_tcsc,1-14,-0.12879168013988418,50,-0.1287438860906417,WLS,93,4.779404924248887e-05
1,B_svc,2,0.2543985767735776,50,0.2549623147102216,WLS,93,0.0005637379366440487
2,UPFC_Vsh,5-15,1.1065683964636672,50,1.1096338312405822,WLS,93,0.0030654347769150103
3,UPFC_tsh,5-15,-0.23598930532857001,50,-0.23592061381037074,WLS,93,6.869151819927088e-05
4,UPFC_Vse,5-15,0.06031261842864097,50,0.05929998376082983,WLS,93,0.001012634667811138
5,UPFC_tse,5-15,-2.15915252164385,50,-2.1655459086518336,WLS,93,0.006393387007983531
0,x_tcsc,1-14,-0.12878167058224002,51,-0.1287438860906417,WLS,93,3.778449159833053e-05
1,B_svc,2,0.2545555186295682,51,0.2549623147102216,WLS,93,0.00040679608065341544
2,UPFC_Vsh,5-15,1.106673396292257,51,1.1096338312405822,WLS,93,0.002960434948325208
3,UPFC_tsh,5-15,-0.2360287397692229,51,-0.23592061381037074,WLS,93,0.00010812595885215104
4,UPFC_Vse,5-15,0.06011716870196454,51,0.05929998376082983,WLS,93,0.0008171849411347104
5,UPFC_tse,5-15,-2.157975884496051,51,-2.1655459086518336,WLS,93,0.007570024155782562
0,x_tcsc,1-14,-0.12880249620264622,52,-0.1287438860906417,WLS,93,5.8610112004531256e-05
1,B_svc,2,0.25476943659541773,52,0.2549623147102216,WLS,93,0.00019287811480389605
2,UPFC_Vsh,5-15,1.1069130040183799,52,1.1096338312405822,WLS,93,0.002720827222202349
3,UPFC_tsh,5-15,-0.23598819608645108,52,-0.23592061381037074,WLS,93,6.758227608033573e-05
4,UPFC_Vse,5-15,0.06005846988869644,52,0.05929998376082983,WLS,93,0.0007584861278666089
5,UPFC_tse,5-15,-2.158826488733069,52,-2.1655459086518336,WLS,93,0.006719419918764569
0,x_tcsc,1-14,-0.12878270724461172,53,-0.1287438860906417,WLS,93,3.882115397002561e-05
1,B_svc,2,0.2550854095067237,53,0.2549623147102216,WLS,93,0.00012309479650207678
2,UPFC_Vsh,5-15,1.1066628945760617,53,1.1096338312405822,WLS,93,0.0029709366645205293
3,UPFC_tsh,5-15,-0.2360527707925216,53,-0.23592061381037074,WLS,93,0.00013215698215085503
4,UPFC_Vse,5-15,0.06017717514681194,53,0.05929998376082983,WLS,93,0.0008771913859821068
5,UPFC_tse,5-15,-2.1573405153974243,53,-2.1655459086518336,WLS,93,0.008205393254409277
0,x_tcsc,1-14,-0.12877049317731573,54,-0.1287438860906417,WLS,93,2.660708667404088e-05
1,B_svc,2,0.25479662369599493,54,0.2549623147102216,WLS,93,0.00016569101422669874
2,UPFC_Vsh,5-15,1.1066303014590357,54,1.1096338312405822,WLS,93,0.003003529781546499
3,UPFC_tsh,5-15,-0.23595119672209555,54,-0.23592061381037074,WLS,93,3.058291172480798e-05
4,UPFC_Vse,5-15,0.06036509840110395,54,0.05929998376082983,WLS,93,0.0010651146402741174
5,UPFC_tse,5-15,-2.160077569663679,54,-2.1655459086518336,WLS,93,0.005468338988154464
0,x_tcsc,1-14,-0.12879624879167392,55,-0.1287438860906417,WLS,93,5.2362701032232506e-05
1,B_svc,2,0.2551668640005136,55,0.2549623147102216,WLS,93,0.00020454929029195545
2,UPFC_Vsh,5-15,1.106608612272228,55,1.1096338312405822,WLS,93,0.003025218968354171
3,UPFC_tsh,5-15,-0.23597428333783704,55,-0.23592061381037074,WLS,93,5.366952746629905e-05
4,UPFC_Vse,5-15,0.060287613458534624,55,0.05929998376082983,WLS,93,0.0009876296977047935
5,UPFC_tse,5-15,-2.161211121742067,55,-2.1655459086518336,WLS,93,0.004334786909766741
0,x_tcsc,1-14,-0.12879508217927252,56,-0.1287438860906417,WLS,93,5.119608863082825e-05
1,B_svc,2,0.25466258685167986,56,0.2549623147102216,WLS,93,0.0002997278585417651
2,UPFC_Vsh,5-15,1.1067155099653694,56,1.1096338312405822,WLS,93,0.002918321275212854
3,UPFC_tsh,5-15,-0.23596826706234686,56,-0.23592061381037074,WLS,93,4.765325197611525e-05
4,UPFC_Vse,5-15,0.0602040743156413,56,0.05929998376082983,WLS,93,0.0009040905548114708
5,UPFC_tse,5-15,-2.159496344384767,56,-2.1655459086518336,WLS,93,0.00604956426706682
0,x_tcsc,1-14,-0.12878014782968902,57,-0.1287438860906417,WLS,93,3.6261739047332986e-05
1,B_svc,2,0.2542593665420981,57,0.2549623147102216,WLS,93,0.0007029481681235517
2,UPFC_Vsh,5-15,1.1069531593233823,57,1.1096338312405822,WLS,93,0.002680671917199895
3,UPFC_tsh,5-15,-0.23596566507694125,57,-0.23592061381037074,WLS,93,4.5051266570506066e-05
4,UPFC_Vse,5-15,0.05978746796191985,57,0.05929998376082983,WLS,93,0.00048748420109002294
5,UPFC_tse,5-15,-2.1604272424152606,57,-2.1655459086518336,WLS,93,0.005118666236572977
0,x_tcsc,1-14,-0.12878398624965265,58,-0.1287438860906417,WLS,93,4.0100159010958425e-05
1,B_svc,2,0.2543424633586228,58,0.2549623147102216,WLS,93,0.0006198513515988102
2,UPFC_Vsh,5-15,1.1065855431207359,58,1.1096338312405822,WLS,93,0.003048288119846365
3,UPFC_tsh,5-15,-0.23599138466666814,58,-0.23592061381037074,WLS,93,7.077085629739188e-05
4,UPFC_Vse,5-15,0.06002234769317858,58,0.05929998376082983,WLS,93,0.0007223639323487505
5,UPFC_tse,5-15,-2.1593410686481773,58,-2.1655459086518336,WLS,93,0.006204840003656287
0,x_tcsc,1-14,-0.1287786503929684,59,-0.1287438860906417,WLS,93,3.4764302326711904e-05
1,B_svc,2,0.25424363243018305,59,0.2549623147102216,WLS,93,0.0007186822800385739
2,UPFC_Vsh,5-15,1.1067709161561254,59,1.1096338312405822,WLS,93,0.0028629150844567963
3,UPFC_tsh,5-15,-0.23598174580596035,59,-0.23592061381037074,WLS,93,6.11319955896028e-05
4,UPFC_Vse,5-15,0.06031930432199459,59,0.05929998376082983,WLS,93,0.0010193205611647577
5,UPFC_tse,5-15,-2.1604958429411196,59,-2.1655459086518336,WLS,93,0.00505006571071398
0,x_tcsc,1-14,-0.12880031126490127,60,-0.1287438860906417,WLS,93,5.6425174259577826e-05
1,B_svc,2,0.25503464371666396,60,0.2549623147102216,WLS,93,7.232900644232876e-05
2,UPFC_Vsh,5-15,1.1065825808993894,60,1.1096338312405822,WLS,93,0.0030512503411928016
3,UPFC_tsh,5-15,-0.23599767905161062,60,-0.23592061381037074,WLS,93,7.706524123987646e-05
4,UPFC_Vse,5-15,0.060321380250911244,60,0.05929998376082983,WLS,93,0.0010213964900814138
5,UPFC_tse,5-15,-2.160245415052979,60,-2.1655459086518336,WLS,93,0.005300493598854761
0,x_tcsc,1-14,-0.1287848295834571,61,-0.1287438860906417,WLS,93,4.0943492815415095e-05
1,B_svc,2,0.25500546466950685,61,0.2549623147102216,WLS,93,4.314995928522691e-05
2,UPFC_Vsh,5-15,1.1068011466247005,61,1.1096338312405822,WLS,93,0.0028326846158817087
3,UPFC_tsh,5-15,-0.23600747482193185,61,-0.23592061381037074,WLS,93,8.686101156110682e-05
4,UPFC_Vse,5-15,0.060046352314241595,61,0.05929998376082983,WLS,93,0.0007463685534117651
5,UPFC_tse,5-15,-2.159913047850556,61,-2.1655459086518336,WLS,93,0.005632860801277673
0,x_tcsc,1-14,-0.1288035610210064,62,-0.1287438860906417,WLS,93,5.96749303647115e-05
1,B_svc,2,0.25475312610031303,62,0.2549623147102216,WLS,93,0.0002091886099085949
2,UPFC_Vsh,5-15,1.1066615436934024,62,1.1096338312405822,WLS,93,0.0029722875471798194
3,UPFC_tsh,5-15,-0.23601173691439312,62,-0.23592061381037074,WLS,93,9.112310402237256e-05
4,UPFC_Vse,5-15,0.059741334598335805,62,0.05929998376082983,WLS,93,0.00044135083750597437
5,UPFC_tse,5-15,-2.160578684344916,62,-2.1655459086518336,WLS,93,0.00496722430691765
0,x_tcsc,1-14,-0.12880463551536112,63,-0.1287438860906417,WLS,93,6.074942471942513e-05
1,B_svc,2,0.2549305659394469,63,0.2549623147102216,WLS,93,3.1748770774719937e-05
2,UPFC_Vsh,5-15,1.1068007591223452,63,1.1096338312405822,WLS,93,0.0028330721182370233
3,UPFC_tsh,5-15,-0.23601093862578307,63,-0.23592061381037074,WLS,93,9.032481541232373e-05
4,UPFC_Vse,5-15,0.059557877350348856,63,0.05929998376082983,WLS,93,0.00025789358951902597
5,UPFC_tse,5-15,-2.161069825685247,63,-2.1655459086518336,WLS,93,0.004476082966586414
0,x_tcsc,1-14,-0.12879939506683905,64,-0.1287438860906417,WLS,93,5.550897619735484e-05
1,B_svc,2,0.25457596117469344,64,0.2549623147102216,WLS,93,0.0003863535355281833
2,UPFC_Vsh,5-15,1.1064542510646673,64,1.1096338312405822,WLS,93,0.003179580175914909
3,UPFC_tsh,5-15,-0.2360480448866169,64,-0.23592061381037074,WLS,93,0.00012743107624615946
4,UPFC_Vse,5-15,0.06009667168053774,64,0.05929998376082983,WLS,93,0.0007966879197079113
5,UPFC_tse,5-15,-2.156516025022636,64,-2.1655459086518336,WLS,93,0.009029883629197766
0,x_tcsc,1-14,-0.12879693370112816,65,-0.1287438860906417,WLS,93,5.3047610486467445e-05
1,B_svc,2,0.2545854298541435,65,0.2549623147102216,WLS,93,0.00037688485607811906
2,UPFC_Vsh,5-15,1.10680953498926,65,1.1096338312405822,WLS,93,0.0028242962513223002
3,UPFC_tsh,5-15,-0.2360522277203668,65,-0.23592061381037074,WLS,93,0.00013161390999605338
4,UPFC_Vse,5-15,0.060066038111751104,65,0.05929998376082983,WLS,93,0.0007660543509212733
5,UPFC_tse,5-15,-2.158593122389493,65,-2.1655459086518336,WLS,93,0.006952786262340638
0,x_tcsc,1-14,-0.12878688399301913,66,-0.1287438860906417,WLS,93,4.299790237743961e-05
1,B_svc,2,0.2548183141826358,66,0.2549623147102216,WLS,93,0.00014400052758584136
2,UPFC_Vsh,5-15,1.1065779393293285,66,1.1096338312405822,WLS,93,0.003055891911253772
3,UPFC_tsh,5-15,-0.23603918009728428,66,-0.23592061381037074,WLS,93,0.0001185662869135351
4,UPFC_Vse,5-15,0.06031898873530118,66,0.05929998376082983,WLS,93,0.0010190049744713478
5,UPFC_tse,5-15,-2.1578596879967926,66,-2.1655459086518336,WLS,93,0.007686220655040987
0,x_tcsc,1-14,-0.12880288477405744,67,-0.1287438860906417,WLS,93,5.899868341574521e-05
1,B_svc,2,0.25475031184884955,67,0.2549623147102216,WLS,93,0.0002120028613720737
2,UPFC_Vsh,5-15,1.106999501638868,67,1.1096338312405822,WLS,93,0.0026343296017141693
3,UPFC_tsh,5-15,-0.23607883666161547,67,-0.23592061381037074,WLS,93,0.00015822285124472701
4,UPFC_Vse,5-15,0.06041638007286074,67,0.05929998376082983,WLS,93,0.0011163963120309067
5,UPFC_tse,5-15,-2.1574224903353265,67,-2.1655459086518336,WLS,93,0.008123418316507092
0,x_tcsc,1-14,-0.12878873804055352,68,-0.1287438860906417,WLS,93,4.485194991182828e-05
1,B_svc,2,0.2547461403242171,68,0.2549623147102216,WLS,93,0.00021617438600451955
2,UPFC_Vsh,5-15,1.106831494859453,68,1.1096338312405822,WLS,93,0.0028023363811291446
3,UPFC_tsh,5-15,-0.2360399563158257,68,-0.23592061381037074,WLS,93,0.00011934250545495018
4,UPFC_Vse,5-15,0.060223749917896335,68,0.05929998376082983,WLS,93,0.0009237661570665051
5,UPFC_tse,5-15,-2.159095363316948,68,-2.1655459086518336,WLS,93,0.00645054533488576
0,x_tcsc,1-14,-0.12880971474367228,69,-0.1287438860906417,WLS,93,6.582865303059182e-05
1,B_svc,2,0.25488329230273626,69,0.2549623147102216,WLS,93,7.902240748536293e-05
2,UPFC_Vsh,5-15,1.1068656371516812,69,1.1096338312405822,WLS,93,0.002768194088901055
3,UPFC_tsh,5-15,-0.23595278551678675,69,-0.23592061381037074,WLS,93,3.217170641600653e-05
4,UPFC_Vse,5-15,0.05951986386992866,69,0.05929998376082983,WLS,93,0.00021988010909883282
5,UPFC_tse,5-15,-2.1641465185052757,69,-2.1655459086518336,WLS,93,0.0013993901465578773
0,x_tcsc,1-14,-0.12879749239062538,70,-0.1287438860906417,WLS,93,5.360629998368838e-05
1,B_svc,2,0.25505656375406505,70,0.2549623147102216,WLS,93,9.424904384341959e-05
2,UPFC_Vsh,5-15,1.1067750175529347,70,1.1096338312405822,WLS,93,0.00285881368764751
3,UPFC_tsh,5-15,-0.23599508692361257,70,-0.23592061381037074,WLS,93,7.447311324182415e-05
4,UPFC_Vse,5-15,0.060132771244011826,70,0.05929998376082983,WLS,93,0.0008327874831819959
5,UPFC_tse,5-15,-2.158798451001721,70,-2.1655459086518336,WLS,93,0.006747457650112754
0,x_tcsc,1-14,-0.12880061049502115,71,-0.1287438860906417,WLS,93,5.6724404379454585e-05
1,B_svc,2,0.2546477517785125,71,0.2549623147102216,WLS,93,0.000314562931709117
2,UPFC_Vsh,5-15,1.1068733888472801,71,1.1096338312405822,WLS,93,0.002760442393302087
3,UPFC_tsh,5-15,-0.2360608406056634,71,-0.23592061381037074,WLS,93,0.00014022679529265836
4,UPFC_Vse,5-15,0.05963541859963326,71,0.05929998376082983,WLS,93,0.000335434838803432
5,UPFC_tse,5-15,-2.162722529110517,71,-2.1655459086518336,WLS,93,0.0028233795413163953
0,x_tcsc,1-14,-0.12879898312182425,72,-0.1287438860906417,WLS,93,5.5097031182560485e-05
1,B_svc,2,0.2544796256585171,72,0.2549623147102216,WLS,93,0.00048268905170451015
2,UPFC_Vsh,5-15,1.1063391591751153,72,1.1096338312405822,WLS,93,0.0032946720654669637
3,UPFC_tsh,5-15,-0.23602665304967416,72,-0.23592061381037074,WLS,93,0.00010603923930341264
4,UPFC_Vse,5-15,0.05994017354097047,72,0.05929998376082983,WLS,93,0.0006401897801406389
5,UPFC_tse,5-15,-2.159942228398315,72,-2.1655459086518336,WLS,93,0.00560368025351865
0,x_tcsc,1-14,-0.12879443068207447,73,-0.1287438860906417,WLS,93,5.054459143277734e-05
1,B_svc,2,0.25425079252941224,73,0.2549623147102216,WLS,93,0.0007115221808093875
2,UPFC_Vsh,5-15,1.1066911175324623,73,1.1096338312405822,WLS,93,0.0029427137081199373
3,UPFC_tsh,5-15,-0.2360555954473084,73,-0.23592061381037074,WLS,93,0.00013498163693764775
4,UPFC_Vse,5-15,0.06019781433315177,73,0.05929998376082983,WLS,93,0.0008978305723219421
5,UPFC_tse,5-15,-2.1593181909505974,73,-2.1655459086518336,WLS,93,0.006227717701236202
0,x_tcsc,1-14,-0.12880515952418756,74,-0.1287438860906417,WLS,93,6.127343354586645e-05
1,B_svc,2,0.25458265634307115,74,0.2549623147102216,WLS,93,0.0003796583671504816
2,UPFC_Vsh,5-15,1.106487733846344,74,1.1096338312405822,WLS,93,0.003146097394238323
3,UPFC_tsh,5-15,-0.23602437121050976,74,-0.23592061381037074,WLS,93,0.00010375740013901513
4,UPFC_Vse,5-15,0.060146750192330456,74,0.05929998376082983,WLS,93,0.0008467664315006257
5,UPFC_tse,5-15,-2.15746003917002,74,-2.1655459086518336,WLS,93,0.008085869481813557
0,x_tcsc,1-14,-0.1287844344353893,75,-0.1287438860906417,WLS,93,4.05483447476207e-05
1,B_svc,2,0.2550245635080757,75,0.2549623147102216,WLS,93,6.224879785404758e-05
2,UPFC_Vsh,5-15,1.106396587899342,75,1.1096338312405822,WLS,93,0.0032372433412402035
3,UPFC_tsh,5-15,-0.23605909128894567,75,-0.23592061381037074,WLS,93,0.00013847747857492765
4,UPFC_Vse,5-15,0.06000540705992324,75,0.05929998376082983,WLS,93,0.0007054232990934065
5,UPFC_tse,5-15,-2.1613646205375607,75,-2.1655459086518336,WLS,93,0.004181288114272874
0,x_tcsc,1-14,-0.12877868847870086,76,-0.1287438860906417,WLS,93,3.4802388059168576e-05
1,B_svc,2,0.2546829560361563,76,0.2549623147102216,WLS,93,0.0002793586740653109
2,UPFC_Vsh,5-15,1.106871454927768,76,1.1096338312405822,WLS,93,0.0027623763128141743
3,UPFC_tsh,5-15,-0.23602689695264767,76,-0.23592061381037074,WLS,93,0.00010628314227692504
4,UPFC_Vse,5-15,0.06044869962449431,76,0.05929998376082983,WLS,93,0.0011487158636644818
5,UPFC_tse,5-15,-2.1595434211664806,76,-2.1655459086518336,WLS,93,0.006002487485353036
0,x_tcsc,1-14,-0.12879715589352667,77,-0.1287438860906417,WLS,93,5.3269802884975404e-05
1,B_svc,2,0.25477084111291093,77,0.2549623147102216,WLS,93,0.00019147359731069846
2,UPFC_Vsh,5-15,1.1066636700213426,77,1.1096338312405822,WLS,93,0.002970161219239653
3,UPFC_tsh,5-15,-0.23601491835331556,77,-0.23592061381037074,WLS,93,9.430454294481749e-05
4,UPFC_Vse,5-15,0.06029700671873966,77,0.05929998376082983,WLS,93,0.000997022957909828
5,UPFC_tse,5-15,-2.163469062226025,77,-2.1655459086518336,WLS,93,0.0020768464258087427
0,x_tcsc,1-14,-0.128805267373856,78,-0.1287438860906417,WLS,93,6.138128321431235e-05
1,B_svc,2,0.25439063176020626,78,0.2549623147102216,WLS,93,0.000571682950015362
2,UPFC_Vsh,5-15,1.1066750538843153,78,1.1096338312405822,WLS,93,0.0029587773562669284
3,UPFC_tsh,5-15,-0.23603340772629822,78,-0.23592061381037074,WLS,93,0.00011279391592747268
4,UPFC_Vse,5-15,0.05995540762936575,78,0.05929998376082983,WLS,93,0.000655423868535919
5,UPFC_tse,5-15,-2.160915731007942,78,-2.1655459086518336,WLS,93,0.004630177643891731
0,x_tcsc,1-14,-0.12880488489531447,79,-0.1287438860906417,WLS,93,6.0998804672779405e-05
1,B_svc,2,0.2547479636460565,79,0.2549623147102216,WLS,93,0.00021435106416511918
2,UPFC_Vsh,5-15,1.1067271697605467,79,1.1096338312405822,WLS,93,0.0029066614800354884
3,UPFC_tsh,5-15,-0.23610503620847312,79,-0.23592061381037074,WLS,93,0.00018442239810237404
4,UPFC_Vse,5-15,0.05992910411118172,79,0.05929998376082983,WLS,93,0.0006291203503518902
5,UPFC_tse,5-15,-2.1625463390591917,79,-2.1655459086518336,WLS,93,0.0029995695926419152
0,x_tcsc,1-14,-0.12877983152306446,80,-0.1287438860906417,WLS,93,3.5945432422773704e-05
1,B_svc,2,0.2545369132467391,80,0.2549623147102216,WLS,93,0.00042540146348252206
2,UPFC_Vsh,5-15,1.1066720202236615,80,1.1096338312405822,WLS,93,0.0029618110169207235
3,UPFC_tsh,5-15,-0.2360186509819749,80,-0.23592061381037074,WLS,93,9.803717160414283e-05
4,UPFC_Vse,5-15,0.06008990383133658,80,0.05929998376082983,WLS,93,0.0007899200705067527
5,UPFC_tse,5-15,-2.161355968176766,80,-2.1655459086518336,WLS,93,0.0041899404750678215
0,x_tcsc,1-14,-0.12879700610735823,81,-0.1287438860906417,WLS,93,5.312001671653466e-05
1,B_svc,2,0.25408013841520455,81,0.2549623147102216,WLS,93,0.0008821762950170786
2,UPFC_Vsh,5-15,1.1068855091166685,81,1.1096338312405822,WLS,93,0.002748322123913738
3,UPFC_tsh,5-15,-0.2359810087709772,81,-0.23592061381037074,WLS,93,6.039496060644689e-05
4,UPFC_Vse,5-15,0.06057912787931742,81,0.05929998376082983,WLS,93,0.0012791441184875907
5,UPFC_tse,5-15,-2.1587648562180695,81,-2.1655459086518336,WLS,93,0.006781052433764145
0,x_tcsc,1-14,-0.1287845881441205,82,-0.1287438860906417,WLS,93,4.070205347880829e-05
1,B_svc,2,0.25448025624497433,82,0.2549623147102216,WLS,93,0.00048205846524729257
2,UPFC_Vsh,5-15,1.106831514959241,82,1.1096338312405822,WLS,93,0.0028023162813413105
3,UPFC_tsh,5-15,-0.23598604254583302,82,-0.23592061381037074,WLS,93,6.542873546228067e-05
4,UPFC_Vse,5-15,0.059809698919419584,82,0.05929998376082983,WLS,93,0.0005097151585897533
5,UPFC_tse,5-15,-2.1601300581311906,82,-2.1655459086518336,WLS,93,0.005415850520642973
0,x_tcsc,1-14,-0.1287869952131394,83,-0.1287438860906417,WLS,93,4.310912249771981e-05
1,B_svc,2,0.2547125069037762,83,0.2549623147102216,WLS,93,0.00024980780644540124
2,UPFC_Vsh,5-15,1.1068854130631125,83,1.1096338312405822,WLS,93,0.002748418177469736
3,UPFC_tsh,5-15,-0.23598287682943353,83,-0.23592061381037074,WLS,93,6.226301906278597e-05
4,UPFC_Vse,5-15,0.06029079675035275,83,0.05929998376082983,WLS,93,0.0009908129895229226
5,UPFC_tse,5-15,-2.1607678545626987,83,-2.1655459086518336,WLS,93,0.004778054089134898
0,x_tcsc,1-14,-0.12878978405346403,84,-0.1287438860906417,WLS,93,4.589796282233882e-05
1,B_svc,2,0.2549090671619357,84,0.2549623147102216,WLS,93,5.3247548285950685e-05
2,UPFC_Vsh,5-15,1.1061548271401846,84,1.1096338312405822,WLS,93,0.003479004100397587
3,UPFC_tsh,5-15,-0.23607568723480388,84,-0.23592061381037074,WLS,93,0.0001550734244331331
4,UPFC_Vse,5-15,0.060206522695127655,84,0.05929998376082983,WLS,93,0.000906538934297825
5,UPFC_tse,5-15,-2.159163289320917,84,-2.1655459086518336,WLS,93,0.006382619330916661
0,x_tcsc,1-14,-0.12881527162035333,85,-0.1287438860906417,WLS,93,7.13855297116428e-05
1,B_svc,2,0.2545808735041546,85,0.2549623147102216,WLS,93,0.0003814412060670347
2,UPFC_Vsh,5-15,1.1063618284855452,85,1.1096338312405822,WLS,93,0.003272002755037029
3,UPFC_tsh,5-15,-0.2359918923410813,85,-0.23592061381037074,WLS,93,7.127853071056678e-05
4,UPFC_Vse,5-15,0.060165452203500704,85,0.05929998376082983,WLS,93,0.0008654684426708734
5,UPFC_tse,5-15,-2.1591335567592367,85,-2.1655459086518336,WLS,93,0.006412351892596924
0,x_tcsc,1-14,-0.12880187973716944,86,-0.1287438860906417,WLS,93,5.7993646527754183e-05
1,B_svc,2,0.2544244230920511,86,0.2549623147102216,WLS,93,0.0005378916181705273
2,UPFC_Vsh,5-15,1.1069908886612003,86,1.1096338312405822,WLS,93,0.002642942579381913
3,UPFC_tsh,5-15,-0.23601721671344494,86,-0.23592061381037074,WLS,93,9.660290307419994e-05
4,UPFC_Vse,5-15,0.06038506146652137,86,0.05929998376082983,WLS,93,0.0010850777056915367
5,UPFC_tse,5-15,-2.155857971959428,86,-2.1655459086518336,WLS,93,0.009687936692405419
0,x_tcsc,1-14,-0.12878515256586998,87,-0.1287438860906417,WLS,93,4.1266475228285415e-05
1,B_svc,2,0.25429407450944935,87,0.2549623147102216,WLS,93,0.0006682402007722743
2,UPFC_Vsh,5-15,1.106754940164266,87,1.1096338312405822,WLS,93,0.0028788910763162257
3,UPFC_tsh,5-15,-0.23599771259141786,87,-0.23592061381037074,WLS,93,7.709878104711354e-05
4,UPFC_Vse,5-15,0.06025556431501214,87,0.05929998376082983,WLS,93,0.0009555805541823087
5,UPFC_tse,5-15,-2.160164410912782,87,-2.1655459086518336,WLS,93,0.0053814977390516106
0,x_tcsc,1-14,-0.12879434676946036,88,-0.1287438860906417,WLS,93,5.046067881867011e-05
1,B_svc,2,0.25436782741995423,88,0.2549623147102216,WLS,93,0.0005944872902673981
2,UPFC_Vsh,5-15,1.1066296430681886,88,1.1096338312405822,WLS,93,0.0030041881723936736
3,UPFC_tsh,5-15,-0.23602343111340882,88,-0.23592061381037074,WLS,93,0.0001028173030380719
4,UPFC_Vse,5-15,0.059575934563150496,88,0.05929998376082983,WLS,93,0.00027595080232066527
5,UPFC_tse,5-15,-2.165090198766456,88,-2.1655459086518336,WLS,93,0.0004557098853776864
0,x_tcsc,1-14,-0.12879804402269587,89,-0.1287438860906417,WLS,93,5.4157932054182956e-05
1,B_svc,2,0.2544198931671381,89,0.2549623147102216,WLS,93,0.0005424215430835377
2,UPFC_Vsh,5-15,1.106691584539168,89,1.1096338312405822,WLS,93,0.002942246701414186
3,UPFC_tsh,5-15,-0.23602594613054856,89,-0.23592061381037074,WLS,93,0.00010533232017781446
4,UPFC_Vse,5-15,0.05982307466076778,89,0.05929998376082983,WLS,93,0.0005230908999379474
5,UPFC_tse,5-15,-2.1619985288851127,89,-2.1655459086518336,WLS,93,0.003547379766720926
0,x_tcsc,1-14,-0.12879608955935892,90,-0.1287438860906417,WLS,93,5.220346871723236e-05
1,B_svc,2,0.25510671925956463,90,0.2549623147102216,WLS,93,0.0001444045493430024
2,UPFC_Vsh,5-15,1.1066617265792065,90,1.1096338312405822,WLS,93,0.002972104661375763
3,UPFC_tsh,5-15,-0.23604642513721583,90,-0.23592061381037074,WLS,93,0.00012581132684508223
4,UPFC_Vse,5-15,0.05966433227673239,90,0.05929998376082983,WLS,93,0.00036434851590255724
5,UPFC_tse,5-15,-2.1632098181155524,90,-2.1655459086518336,WLS,93,0.0023360905362812545
0,x_tcsc,1-14,-0.12879484565953198,91,-0.1287438860906417,WLS,93,5.09595688902853e-05
1,B_svc,2,0.254177758322701,91,0.2549623147102216,WLS,93,0.0007845563875206185
2,UPFC_Vsh,5-15,1.1065986764386662,91,1.1096338312405822,WLS,93,0.0030351548019160735
3,UPFC_tsh,5-15,-0.23604231200536502,91,-0.23592061381037074,WLS,93,0.00012169819499427414
4,UPFC_Vse,5-15,0.06025331748128646,91,0.05929998376082983,WLS,93,0.0009533337204566325
5,UPFC_tse,5-15,-2.1584039839915845,91,-2.1655459086518336,WLS,93,0.007141924660249099
0,x_tcsc,1-14,-0.1288015985304202,92,-0.1287438860906417,WLS,93,5.771243977850671e-05
1,B_svc,2,0.2544711894975014,92,0.2549623147102216,WLS,93,0.0004911252127202115
2,UPFC_Vsh,5-15,1.106904815227932,92,1.1096338312405822,WLS,93,0.0027290160126502983
3,UPFC_tsh,5-15,-0.23600185023842152,92,-0.23592061381037074,WLS,93,8.12364280507738e-05
4,UPFC_Vse,5-15,0.060090818382149074,92,0.05929998376082983,WLS,93,0.0007908346213192433
5,UPFC_tse,5-15,-2.158989991373723,92,-2.1655459086518336,WLS,93,0.006555917278110446
0,x_tcsc,1-14,-0.12881726173698677,93,-0.1287438860906417,WLS,93,7.337564634507521e-05
1,B_svc,2,0.254198780461169,93,0.2549623147102216,WLS,93,0.000763534249052622
2,UPFC_Vsh,5-15,1.106545054655669,93,1.1096338312405822,WLS,93,0.0030887765849132442
3,UPFC_tsh,5-15,-0.23599778323227985,93,-0.23592061381037074,WLS,93,7.71694219091068e-05
4,UPFC_Vse,5-15,0.060452298815541504,93,0.05929998376082983,WLS,93,0.0011523150547116737
5,UPFC_tse,5-15,-2.1592911793085805,93,-2.1655459086518336,WLS,93,0.006254729343253107
0,x_tcsc,1-14,-0.12878802078774396,94,-0.1287438860906417,WLS,93,4.413469710226603e-05
1,B_svc,2,0.25426707426615786,94,0.2549623147102216,WLS,93,0.0006952404440637716
2,UPFC_Vsh,5-15,1.1066914661408527,94,1.1096338312405822,WLS,93,0.0029423650997295603
3,UPFC_tsh,5-15,-0.23599371829632387,94,-0.23592061381037074,WLS,93,7.310448595312935e-05
4,UPFC_Vse,5-15,0.05957849738213013,94,0.05929998376082983,WLS,93,0.000278513621300297
5,UPFC_tse,5-15,-2.160020199174502,94,-2.1655459086518336,WLS,93,0.005525709477331553
0,x_tcsc,1-14,-0.12877237746343514,95,-0.1287438860906417,WLS,93,2.8491372793454373e-05
1,B_svc,2,0.2548560593698094,95,0.2549623147102216,WLS,93,0.00010625534041225349
2,UPFC_Vsh,5-15,1.1067416627303668,95,1.1096338312405822,WLS,93,0.0028921685102154537
3,UPFC_tsh,5-15,-0.23604569109518697,95,-0.23592061381037074,WLS,93,0.00012507728481622737
4,UPFC_Vse,5-15,0.06004404845360989,95,0.05929998376082983,WLS,93,0.0007440646927800582
5,UPFC_tse,5-15,-2.1584179742917495,95,-2.1655459086518336,WLS,93,0.007127934360084076
0,x_tcsc,1-14,-0.12879448919314762,96,-0.1287438860906417,WLS,93,5.0603102505930586e-05
1,B_svc,2,0.25534453367231136,96,0.2549623147102216,WLS,93,0.00038221896208973094
2,UPFC_Vsh,5-15,1.1064696961102987,96,1.1096338312405822,WLS,93,0.003164135130283574
3,UPFC_tsh,5-15,-0.2360402948521319,96,-0.23592061381037074,WLS,93,0.00011968104176116046
4,UPFC_Vse,5-15,0.05986177956249651,96,0.05929998376082983,WLS,93,0.0005617958016666813
5,UPFC_tse,5-15,-2.1617473842830193,96,-2.1655459086518336,WLS,93,0.0037985243688143377
0,x_tcsc,1-14,-0.1287832679838515,97,-0.1287438860906417,WLS,93,3.9381893209816665e-05
1,B_svc,2,0.25467884913317923,97,0.2549623147102216,WLS,93,0.0002834655770423966
2,UPFC_Vsh,5-15,1.106935905627644,97,1.1096338312405822,WLS,93,0.0026979256129382456
3,UPFC_tsh,5-15,-0.23591917693239922,97,-0.23592061381037074,WLS,93,1.4368779715223656e-06
4,UPFC_Vse,5-15,0.05957345540478103,97,0.05929998376082983,WLS,93,0.0002734716439512022
5,UPFC_tse,5-15,-2.1603301512490036,97,-2.1655459086518336,WLS,93,0.005215757402829979
0,x_tcsc,1-14,-0.12879849151797398,98,-0.1287438860906417,WLS,93,5.460542733229379e-05
1,B_svc,2,0.2548463479467207,98,0.2549623147102216,WLS,93,0.00011596676350095203
2,UPFC_Vsh,5-15,1.1068945438617974,98,1.1096338312405822,WLS,93,0.002739287378784816
3,UPFC_tsh,5-15,-0.23605124247882228,98,-0.23592061381037074,WLS,93,0.00013062866845153787
4,UPFC_Vse,5-15,0.05996397437926175,98,0.05929998376082983,WLS,93,0.00066399061843192
5,UPFC_tse,5-15,-2.162324422710173,98,-2.1655459086518336,WLS,93,0.0032214859416606068
0,x_tcsc,1-14,-0.12880058694113436,99,-0.1287438860906417,WLS,93,5.670085049266915e-05
1,B_svc,2,0.2546499002063721,99,0.2549623147102216,WLS,93,0.00031241450384950076
2,UPFC_Vsh,5-15,1.1068098159113604,99,1.1096338312405822,WLS,93,0.0028240153292218295
3,UPFC_tsh,5-15,-0.23598769707357087,99,-0.23592061381037074,WLS,93,6.708326320012392e-05
4,UPFC_Vse,5-15,0.059991280249476316,99,0.05929998376082983,WLS,93,0.0006912964886464854
5,UPFC_tse,5-15,-2.1605024340537624,99,-2.1655459086518336,WLS,93,0.005043474598071196
0,x_tcsc,1-14,-0.12872691873743952,0,-0.12867605302507776,WLS,95,5.086571236176396e-05
1,B_svc,2,0.25453773800101975,0,0.2549563532351921,WLS,95,0.00041861523417235924
2,UPFC_Vsh,5-15,1.1068187101682323,0,1.109770147574064,WLS,95,0.0029514374058317028
3,UPFC_tsh,5-15,-0.23537824374396701,0,-0.23526927092129804,WLS,95,0.00010897282266897346
4,UPFC_Vse,5-15,0.05980734837068632,0,0.06024939015131792,WLS,95,0.00044204178063160515
5,UPFC_tse,5-15,-2.162305236238471,0,-2.162688233567831,WLS,95,0.0003829973293600908
0,x_tcsc,1-14,-0.1287616326790877,1,-0.12867605302507776,WLS,95,8.557965400993184e-05
1,B_svc,2,0.2546205100564891,1,0.2549563532351921,WLS,95,0.0003358431787029992
2,UPFC_Vsh,5-15,1.1069195718329288,1,1.109770147574064,WLS,95,0.0028505757411352306
3,UPFC_tsh,5-15,-0.2354352137645966,1,-0.23526927092129804,WLS,95,0.00016594284329857212
4,UPFC_Vse,5-15,0.06067991152252076,1,0.06024939015131792,WLS,95,0.0004305213712028355
5,UPFC_tse,5-15,-2.1556782273915744,1,-2.162688233567831,WLS,95,0.007010006176256578
0,x_tcsc,1-14,-0.1287694763328608,2,-0.12867605302507776,WLS,95,9.342330778303043e-05
1,B_svc,2,0.25438026210042386,2,0.2549563532351921,WLS,95,0.0005760911347682529
2,UPFC_Vsh,5-15,1.1067027089953576,2,1.109770147574064,WLS,95,0.003067438578706394
3,UPFC_tsh,5-15,-0.23545791548346204,2,-0.23526927092129804,WLS,95,0.0001886445621639976
4,UPFC_Vse,5-15,0.06084879678963438,2,0.06024939015131792,WLS,95,0.000599406638316459
5,UPFC_tse,5-15,-2.1529555559146725,2,-2.162688233567831,WLS,95,0.00973267765315855
0,x_tcsc,1-14,-0.12874786408131525,3,-0.12867605302507776,WLS,95,7.181105623749184e-05
1,B_svc,2,0.25487980633910917,3,0.2549563532351921,WLS,95,7.654689608294074e-05
2,UPFC_Vsh,5-15,1.1068192158239005,3,1.109770147574064,WLS,95,0.002950931750163477
3,UPFC_tsh,5-15,-0.23542374472389138,3,-0.23526927092129804,WLS,95,0.0001544738025933412
4,UPFC_Vse,5-15,0.06066637325000636,3,0.06024939015131792,WLS,95,0.00041698309868843514
5,UPFC_tse,5-15,-2.156115320493711,3,-2.162688233567831,WLS,95,0.0065729130741201125
0,x_tcsc,1-14,-0.1287168852016944,4,-0.12867605302507776,WLS,95,4.0832176616628635e-05
1,B_svc,2,0.25510815022718847,4,0.2549563532351921,WLS,95,0.00015179699199635577
2,UPFC_Vsh,5-15,1.1066585690433313,4,1.109770147574064,WLS,95,0.0031115785307327393
3,UPFC_tsh,5-15,-0.23535618672760256,4,-0.23526927092129804,WLS,95,8.691580630451612e-05
4,UPFC_Vse,5-15,0.06012392150334503,4,0.06024939015131792,WLS,95,0.0001254686479728942
5,UPFC_tse,5-15,-2.1586828717988253,4,-2.162688233567831,WLS,95,0.0040053617690056775
0,x_tcsc,1-14,-0.12873869682953282,5,-0.12867605302507776,WLS,95,6.264380445505924e-05
1,B_svc,2,0.2542445432374363,5,0.2549563532351921,WLS,95,0.0007118099977558301
2,UPFC_Vsh,5-15,1.1067488462563173,5,1.109770147574064,WLS,95,0.003021301317746694
3,UPFC_tsh,5-15,-0.23538559476760276,5,-0.23526927092129804,WLS,95,0.00011632384630472226
4,UPFC_Vse,5-15,0.060559827379166875,5,0.06024939015131792,WLS,95,0.0003104372278489517
5,UPFC_tse,5-15,-2.156933948285178,5,-2.162688233567831,WLS,95,0.005754285282653093
0,x_tcsc,1-14,-0.1287469137472582,6,-0.12867605302507776,WLS,95,7.086072218043249e-05
1,B_svc,2,0.25441921024127356,6,0.2549563532351921,WLS,95,0.000537142993918549
2,UPFC_Vsh,5-15,1.1069185649712086,6,1.109770147574064,WLS,95,0.0028515826028554514
3,UPFC_tsh,5-15,-0.2353429671526709,6,-0.23526927092129804,WLS,95,7.369623137284953e-05
4,UPFC_Vse,5-15,0.06016375867488229,6,0.06024939015131792,WLS,95,8.563147643563668e-05
5,UPFC_tse,5-15,-2.156615988060018,6,-2.162688233567831,WLS,95,0.0060722455078128235
0,x_tcsc,1-14,-0.1287188782863028,7,-0.12867605302507776,WLS,95,4.2825261225037936e-05
1,B_svc,2,0.254715791934101,7,0.2549563532351921,WLS,95,0.0002405613010911245
2,UPFC_Vsh,5-15,1.1064922860971973,7,1.109770147574064,WLS,95,0.003277861476866706
3,UPFC_tsh,5-15,-0.2354133495751137,7,-0.23526927092129804,WLS,95,0.0001440786538156602
4,UPFC_Vse,5-15,0.060289241730168426,7,0.06024939015131792,WLS,95,3.985157885050272e-05
5,UPFC_tse,5-15,-2.157017862086357,7,-2.162688233567831,WLS,95,0.005670371481473868
0,x_tcsc,1-14,-0.12875344356100776,8,-0.12867605302507776,WLS,95,7.739053593000533e-05
1,B_svc,2,0.25442307597753294,8,0.2549563532351921,WLS,95,0.0005332772576591704
2,UPFC_Vsh,5-15,1.106977425176176,8,1.109770147574064,WLS,95,0.002792722397888081
3,UPFC_tsh,5-15,-0.2353840243663966,8,-0.23526927092129804,WLS,95,0.00011475344509856433
4,UPFC_Vse,5-15,0.06017091241519123,8,0.06024939015131792,WLS,95,7.847773612669473e-05
5,UPFC_tse,5-15,-2.1560193903897944,8,-2.162688233567831,WLS,95,0.006668843178036621
0,x_tcsc,1-14,-0.12874016722366674,9,-0.12867605302507776,WLS,95,6.41141985889826e-05
1,B_svc,2,0.2543753722349508,9,0.2549563532351921,WLS,95,0.0005809810002412874
2,UPFC_Vsh,5-15,1.1068089895943993,9,1.109770147574064,WLS,95,0.0029611579796646748
3,UPFC_tsh,5-15,-0.23536165973552356,9,-0.23526927092129804,WLS,95,9.238881422551914e-05
4,UPFC_Vse,5-15,0.06046213994197543,9,0.06024939015131792,WLS,95,0.00021274979065750987
5,UPFC_tse,5-15,-2.154475222693647,9,-2.162688233567831,WLS,95,0.008213010874183801
0,x_tcsc,1-14,-0.12875196385872115,10,-0.12867605302507776,WLS,95,7.591083364338891e-05
1,B_svc,2,0.2544409448543151,10,0.2549563532351921,WLS,95,0.0005154083808769916
2,UPFC_Vsh,5-15,1.106991876874055,10,1.109770147574064,WLS,95,0.0027782707000090223
3,UPFC_tsh,5-15,-0.23533600529079912,10,-0.23526927092129804,WLS,95,6.673436950108136e-05
4,UPFC_Vse,5-15,0.06095583510872367,10,0.06024939015131792,WLS,95,0.0007064449574057455
5,UPFC_tse,5-15,-2.1544238805392695,10,-2.162688233567831,WLS,95,0.008264353028561544
0,x_tcsc,1-14,-0.1287467146079459,11,-0.12867605302507776,WLS,95,7.066158286814228e-05
1,B_svc,2,0.2547375444702627,11,0.2549563532351921,WLS,95,0.00021880876492941237
2,UPFC_Vsh,5-15,1.106864286462939,11,1.109770147574064,WLS,95,0.0029058611111250077
3,UPFC_tsh,5-15,-0.23532901519597021,11,-0.23526927092129804,WLS,95,5.974427467217436e-05
4,UPFC_Vse,5-15,0.06016780243845233,11,0.06024939015131792,WLS,95,8.158771286559396e-05
5,UPFC_tse,5-15,-2.1540613367368824,11,-2.162688233567831,WLS,95,0.008626896830948638
0,x_tcsc,1-14,-0.1287372669916157,12,-0.12867605302507776,WLS,95,6.121396653793743e-05
1,B_svc,2,0.25413918809416397,12,0.2549563532351921,WLS,95,0.0008171651410281422
2,UPFC_Vsh,5-15,1.1066184406840682,12,1.109770147574064,WLS,95,0.0031517068899957756
3,UPFC_tsh,5-15,-0.23536600424839013,12,-0.23526927092129804,WLS,95,9.673332709209115e-05
4,UPFC_Vse,5-15,0.06089646654338734,12,0.06024939015131792,WLS,95,0.000647076392069415
5,UPFC_tse,5-15,-2.150896075121455,12,-2.162688233567831,WLS,95,0.011792158446375822
0,x_tcsc,1-14,-0.12875455864522856,13,-0.12867605302507776,WLS,95,7.850562015079832e-05
1,B_svc,2,0.2545138182690836,13,0.2549563532351921,WLS,95,0.00044253496610852094
2,UPFC_Vsh,5-15,1.1066606339468468,13,1.109770147574064,WLS,95,0.003109513627217231
3,UPFC_tsh,5-15,-0.2354476898390354,13,-0.23526927092129804,WLS,95,0.00017841891773737184
4,UPFC_Vse,5-15,0.060090863975460866,13,0.06024939015131792,WLS,95,0.0001585261758570572
5,UPFC_tse,5-15,-2.1565050013217317,13,-2.162688233567831,WLS,95,0.0061832322460992906
0,x_tcsc,1-14,-0.1287492856567759,14,-0.12867605302507776,WLS,95,7.323263169814465e-05
1,B_svc,2,0.25478822314871474,14,0.2549563532351921,WLS,95,0.00016813008647736938
2,UPFC_Vsh,5-15,1.1068788159708072,14,1.109770147574064,WLS,95,0.0028913316032568304
3,UPFC_tsh,5-15,-0.23534046824025603,14,-0.23526927092129804,WLS,95,7.119731895799397e-05
4,UPFC_Vse,5-15,0.06031650310171714,14,0.06024939015131792,WLS,95,6.711295039921877e-05
5,UPFC_tse,5-15,-2.157169254823378,14,-2.162688233567831,WLS,95,0.0055189787444529514
0,x_tcsc,1-14,-0.12875437573520565,15,-0.12867605302507776,WLS,95,7.832271012789271e-05
1,B_svc,2,0.25424410229241656,15,0.2549563532351921,WLS,95,0.0007122509427755497
2,UPFC_Vsh,5-15,1.1067499324047068,15,1.109770147574064,WLS,95,0.003020215169357243
3,UPFC_tsh,5-15,-0.2353842894776017,15,-0.23526927092129804,WLS,95,0.00011501855630366431
4,UPFC_Vse,5-15,0.05996994548555406,15,0.06024939015131792,WLS,95,0.0002794446657638644
5,UPFC_tse,5-15,-2.155126198899854,15,-2.162688233567831,WLS,95,0.007562034667977002
0,x_tcsc,1-14,-0.12873519276778425,16,-0.12867605302507776,WLS,95,5.913974270649325e-05
1,B_svc,2,0.2546564277199854,16,0.2549563532351921,WLS,95,0.0002999255152066893
2,UPFC_Vsh,5-15,1.1068983309686373,16,1.109770147574064,WLS,95,0.0028718166054266803
3,UPFC_tsh,5-15,-0.23533134659644694,16,-0.23526927092129804,WLS,95,6.207567514890378e-05
4,UPFC_Vse,5-15,0.06059131207588851,16,0.06024939015131792,WLS,95,0.00034192192457058873
5,UPFC_tse,5-15,-2.157306311700426,16,-2.162688233567831,WLS,95,0.005381921867404937
0,x_tcsc,1-14,-0.12874100208896597,17,-0.12867605302507776,WLS,95,6.494906388820887e-05
1,B_svc,2,0.2545475726246215,17,0.2549563532351921,WLS,95,0.00040878061057059156
2,UPFC_Vsh,5-15,1.10679161147638,17,1.109770147574064,WLS,95,0.002978536097683948
3,UPFC_tsh,5-15,-0.23532804465508222,17,-0.23526927092129804,WLS,95,5.877373378418427e-05
4,UPFC_Vse,5-15,0.06020292631032656,17,0.06024939015131792,WLS,95,4.6463840991363414e-05
5,UPFC_tse,5-15,-2.1529381275485346,17,-2.162688233567831,WLS,95,0.009750106019296378
0,x_tcsc,1-14,-0.1287381725988228,18,-0.12867605302507776,WLS,95,6.211957374505084e-05
1,B_svc,2,0.2547134378064791,18,0.2549563532351921,WLS,95,0.00024291542871301974
2,UPFC_Vsh,5-15,1.1064264509778696,18,1.109770147574064,WLS,95,0.0033436965961943788
3,UPFC_tsh,5-15,-0.23540651695368808,18,-0.23526927092129804,WLS,95,0.00013724603239004263
4,UPFC_Vse,5-15,0.06030734060177447,18,0.06024939015131792,WLS,95,5.795045045654812e-05
5,UPFC_tse,5-15,-2.155965271097053,18,-2.162688233567831,WLS,95,0.006722962470778082
0,x_tcsc,1-14,-0.12875922631266726,19,-0.12867605302507776,WLS,95,8.317328758949971e-05
1,B_svc,2,0.25429951282180174,19,0.2549563532351921,WLS,95,0.0006568404133903694
2,UPFC_Vsh,5-15,1.1065740883553346,19,1.109770147574064,WLS,95,0.0031960592187294523
3,UPFC_tsh,5-15,-0.23544086984438475,19,-0.23526927092129804,WLS,95,0.0001715989230867132
4,UPFC_Vse,5-15,0.06061813801865529,19,0.06024939015131792,WLS,95,0.00036874786733736425
5,UPFC_tse,5-15,-2.156399842938899,19,-2.162688233567831,WLS,95,0.006288390628931939
0,x_tcsc,1-14,-0.12874977840885535,20,-0.12867605302507776,WLS,95,7.372538377758975e-05
1,B_svc,2,0.25443063306215324,20,0.2549563532351921,WLS,95,0.0005257201730388683
2,UPFC_Vsh,5-15,1.1073164108622846,20,1.109770147574064,WLS,95,0.0024537367117793973
3,UPFC_tsh,5-15,-0.23545607986207942,20,-0.23526927092129804,WLS,95,0.00018680894078138
4,UPFC_Vse,5-15,0.06022776248754305,20,0.06024939015131792,WLS,95,2.162766377487163e-05
5,UPFC_tse,5-15,-2.1594446587592504,20,-2.162688233567831,WLS,95,0.003243574808580618
0,x_tcsc,1-14,-0.12873887346891158,21,-0.12867605302507776,WLS,95,6.282044383382202e-05
1,B_svc,2,0.25438153048448103,21,0.2549563532351921,WLS,95,0.0005748227507110792
2,UPFC_Vsh,5-15,1.1068575698373706,21,1.109770147574064,WLS,95,0.0029125777366934003
3,UPFC_tsh,5-15,-0.2353704544959635,21,-0.23526927092129804,WLS,95,0.0001011835746654588
4,UPFC_Vse,5-15,0.06006611538560976,21,0.06024939015131792,WLS,95,0.0001832747657081607
5,UPFC_tse,5-15,-2.1569702700516906,21,-2.162688233567831,WLS,95,0.005717963516140401
0,x_tcsc,1-14,-0.1287244038689364,22,-0.12867605302507776,WLS,95,4.835084385865218e-05
1,B_svc,2,0.254409068999199,22,0.2549563532351921,WLS,95,0.0005472842359930952
2,UPFC_Vsh,5-15,1.1067620492894317,22,1.109770147574064,WLS,95,0.0030080982846323323
3,UPFC_tsh,5-15,-0.23544520642516395,22,-0.23526927092129804,WLS,95,0.0001759355038659094
4,UPFC_Vse,5-15,0.06005319025038008,22,0.06024939015131792,WLS,95,0.00019619990093784623
5,UPFC_tse,5-15,-2.15663570978901,22,-2.162688233567831,WLS,95,0.0060525237788211506
0,x_tcsc,1-14,-0.12876064970262374,23,-0.12867605302507776,WLS,95,8.459667754598388e-05
1,B_svc,2,0.25453642191736436,23,0.2549563532351921,WLS,95,0.0004199313178277486
2,UPFC_Vsh,5-15,1.1069301616961698,23,1.109770147574064,WLS,95,0.0028399858778942466
3,UPFC_tsh,5-15,-0.23548280895649093,23,-0.23526927092129804,WLS,95,0.0002135380351928895
4,UPFC_Vse,5-15,0.06041778796699081,23,0.06024939015131792,WLS,95,0.0001683978156728841
5,UPFC_tse,5-15,-2.157993547117498,23,-2.162688233567831,WLS,95,0.004694686450333219
0,x_tcsc,1-14,-0.128755463501992,24,-0.12867605302507776,WLS,95,7.941047691423231e-05
1,B_svc,2,0.2547012663391532,24,0.2549563532351921,WLS,95,0.0002550868960389252
2,UPFC_Vsh,5-15,1.106612248427075,24,1.109770147574064,WLS,95,0.0031578991469889406
3,UPFC_tsh,5-15,-0.23534594382881832,24,-0.23526927092129804,WLS,95,7.6672907520281e-05
4,UPFC_Vse,5-15,0.06008900485462522,24,0.06024939015131792,WLS,95,0.00016038529669270413
5,UPFC_tse,5-15,-2.157847779718587,24,-2.162688233567831,WLS,95,0.004840453849244142
0,x_tcsc,1-14,-0.1287399979797145,25,-0.12867605302507776,WLS,95,6.394495463674099e-05
1,B_svc,2,0.2545443579936326,25,0.2549563532351921,WLS,95,0.00041199524155949296
2,UPFC_Vsh,5-15,1.1067100618545656,25,1.109770147574064,WLS,95,0.003060085719498451
3,UPFC_tsh,5-15,-0.23536898533816009,25,-0.23526927092129804,WLS,95,9.971441686204563e-05
4,UPFC_Vse,5-15,0.0603083632470725,25,0.06024939015131792,WLS,95,5.897309575457477e-05
5,UPFC_tse,5-15,-2.1595300181634425,25,-2.162688233567831,WLS,95,0.0031582154043885424
0,x_tcsc,1-14,-0.12874860578786745,26,-0.12867605302507776,WLS,95,7.255276278969602e-05
1,B_svc,2,0.25465964039093164,26,0.2549563532351921,WLS,95,0.0002967128442604716
2,UPFC_Vsh,5-15,1.1071442047625812,26,1.109770147574064,WLS,95,0.002625942811482762
3,UPFC_tsh,5-15,-0.2353497044949244,26,-0.23526927092129804,WLS,95,8.04335736263595e-05
4,UPFC_Vse,5-15,0.06043295029057691,26,0.06024939015131792,WLS,95,0.00018356013925898557
5,UPFC_tse,5-15,-2.1593067482806734,26,-2.162688233567831,WLS,95,0.0033814852871576484
0,x_tcsc,1-14,-0.12873764818302186,27,-0.12867605302507776,WLS,95,6.159515794409987e-05
1,B_svc,2,0.25470171386622176,27,0.2549563532351921,WLS,95,0.0002546393689703552
2,UPFC_Vsh,5-15,1.1067287184045425,27,1.109770147574064,WLS,95,0.003041429169521548
3,UPFC_tsh,5-15,-0.23546411423634525,27,-0.23526927092129804,WLS,95,0.00019484331504721064
4,UPFC_Vse,5-15,0.06046483417941995,27,0.06024939015131792,WLS,95,0.00021544402810202978
5,UPFC_tse,5-15,-2.156571307343709,27,-2.162688233567831,WLS,95,0.006116926224121855
0,x_tcsc,1-14,-0.12875534938390656,28,-0.12867605302507776,WLS,95,7.929635882880648e-05
1,B_svc,2,0.25422955469947583,28,0.2549563532351921,WLS,95,0.0007267985357162776
2,UPFC_Vsh,5-15,1.1070845265400124,28,1.109770147574064,WLS,95,0.0026856210340515663
3,UPFC_tsh,5-15,-0.23538288491844642,28,-0.23526927092129804,WLS,95,0.00011361399714837628
4,UPFC_Vse,5-15,0.0601605662163187,28,0.06024939015131792,WLS,95,8.882393499922564e-05
5,UPFC_tse,5-15,-2.1589830704365824,28,-2.162688233567831,WLS,95,0.003705163131248579
0,x_tcsc,1-14,-0.1287351261198778,29,-0.12867605302507776,WLS,95,5.907309480004952e-05
1,B_svc,2,0.2541895320808417,29,0.2549563532351921,WLS,95,0.0007668211543503944
2,UPFC_Vsh,5-15,1.106609144547205,29,1.109770147574064,WLS,95,0.003161003026858955
3,UPFC_tsh,5-15,-0.23537555939715382,29,-0.23526927092129804,WLS,95,0.00010628847585578138
4,UPFC_Vse,5-15,0.06032535987608224,29,0.06024939015131792,WLS,95,7.596972476431318e-05
5,UPFC_tse,5-15,-2.155695184229889,29,-2.162688233567831,WLS,95,0.006993049337942203
0,x_tcsc,1-14,-0.1287353719733172,30,-0.12867605302507776,WLS,95,5.9318948239434066e-05
1,B_svc,2,0.25396858379225173,30,0.2549563532351921,WLS,95,0.0009877694429403783
2,UPFC_Vsh,5-15,1.1068133307258208,30,1.109770147574064,WLS,95,0.0029568168482432267
3,UPFC_tsh,5-15,-0.23539941616710125,30,-0.23526927092129804,WLS,95,0.0001301452458032093
4,UPFC_Vse,5-15,0.060142622502791586,30,0.06024939015131792,WLS,95,0.00010676764852633747
5,UPFC_tse,5-15,-2.1565145464999835,30,-2.162688233567831,WLS,95,0.006173687067847489
0,x_tcsc,1-14,-0.12873223063099856,31,-0.12867605302507776,WLS,95,5.617760592080412e-05
1,B_svc,2,0.2543522877605524,31,0.2549563532351921,WLS,95,0.0006040654746397034
2,UPFC_Vsh,5-15,1.1071219030987538,31,1.109770147574064,WLS,95,0.002648244475310202
3,UPFC_tsh,5-15,-0.23539377691901012,31,-0.23526927092129804,WLS,95,0.0001245059977120766
4,UPFC_Vse,5-15,0.06030936006892548,31,0.06024939015131792,WLS,95,5.9969917607559375e-05
5,UPFC_tse,5-15,-2.157290071329475,31,-2.162688233567831,WLS,95,0.005398162238356097
0,x_tcsc,1-14,-0.12873811216820585,32,-0.12867605302507776,WLS,95,6.20591431280959e-05
1,B_svc,2,0.2544691762044096,32,0.2549563532351921,WLS,95,0.00048717703078249297
2,UPFC_Vsh,5-15,1.1068504306660891,32,1.109770147574064,WLS,95,0.0029197169079748786
3,UPFC_tsh,5-15,-0.2353919507470446,32,-0.23526927092129804,WLS,95,0.00012267982574656888
4,UPFC_Vse,5-15,0.059958001497895604,32,0.06024939015131792,WLS,95,0.0002913886534223198
5,UPFC_tse,5-15,-2.1585177892391143,32,-2.162688233567831,WLS,95,0.004170444328716716
0,x_tcsc,1-14,-0.1287456801616336,33,-0.12867605302507776,WLS,95,6.962713655583874e-05
1,B_svc,2,0.25473294753046755,33,0.2549563532351921,WLS,95,0.00022340570472456633
2,UPFC_Vsh,5-15,1.1067920771802375,33,1.109770147574064,WLS,95,0.0029780703938264708
3,UPFC_tsh,5-15,-0.23545396432475524,33,-0.23526927092129804,WLS,95,0.00018469340345719787
4,UPFC_Vse,5-15,0.060222557206936006,33,0.06024939015131792,WLS,95,2.6832944381917356e-05
5,UPFC_tse,5-15,-2.1565114626070168,33,-2.162688233567831,WLS,95,0.00617677096081426
0,x_tcsc,1-14,-0.12876432412661393,34,-0.12867605302507776,WLS,95,8.827110153616924e-05
1,B_svc,2,0.25406368159522075,34,0.2549563532351921,WLS,95,0.0008926716399713652
2,UPFC_Vsh,5-15,1.106837225568635,34,1.109770147574064,WLS,95,0.0029329220054290506
3,UPFC_tsh,5-15,-0.23534719196736348,34,-0.23526927092129804,WLS,95,7.792104606543782e-05
4,UPFC_Vse,5-15,0.06036149490779099,34,0.06024939015131792,WLS,95,0.0001121047564730665
5,UPFC_tse,5-15,-2.156281942052293,34,-2.162688233567831,WLS,95,0.006406291515538065
0,x_tcsc,1-14,-0.12874831746184406,35,-0.12867605302507776,WLS,95,7.226443676630612e-05
1,B_svc,2,0.2548582950320733,35,0.2549563532351921,WLS,95,9.805820311881153e-05
2,UPFC_Vsh,5-15,1.1069927300554598,35,1.109770147574064,WLS,95,0.002777417518604164
3,UPFC_tsh,5-15,-0.23544585792938183,35,-0.23526927092129804,WLS,95,0.00017658700808378947
4,UPFC_Vse,5-15,0.06029607965688504,35,0.06024939015131792,WLS,95,4.668950556711848e-05
5,UPFC_tse,5-15,-2.1569473602662512,35,-2.162688233567831,WLS,95,0.005740873301579796
0,x_tcsc,1-14,-0.12875548745859908,36,-0.12867605302507776,WLS,95,7.943443352131929e-05
1,B_svc,2,0.25442977716240117,36,0.2549563532351921,WLS,95,0.0005265760727909408
2,UPFC_Vsh,5-15,1.1071124809015824,36,1.109770147574064,WLS,95,0.0026576666724815734
3,UPFC_tsh,5-15,-0.23542989242452084,36,-0.23526927092129804,WLS,95,0.00016062150322279645
4,UPFC_Vse,5-15,0.060448351508458786,36,0.06024939015131792,WLS,95,0.000198961357140863
5,UPFC_tse,5-15,-2.1585469316106405,36,-2.162688233567831,WLS,95,0.004141301957190535
0,x_tcsc,1-14,-0.12874403663945264,37,-0.12867605302507776,WLS,95,6.798361437487799e-05
1,B_svc,2,0.2548108881812832,37,0.2549563532351921,WLS,95,0.00014546505390888864
2,UPFC_Vsh,5-15,1.1071491465873717,37,1.109770147574064,WLS,95,0.002621000986692268
3,UPFC_tsh,5-15,-0.23536712437622692,37,-0.23526927092129804,WLS,95,9.78534549288812e-05
4,UPFC_Vse,5-15,0.059562315815486516,37,0.06024939015131792,WLS,95,0.0006870743358314071
5,UPFC_tse,5-15,-2.1622011182891328,37,-2.162688233567831,WLS,95,0.0004871152786982691
0,x_tcsc,1-14,-0.1287364245646285,38,-0.12867605302507776,WLS,95,6.037153955074093e-05
1,B_svc,2,0.2543756925461639,38,0.2549563532351921,WLS,95,0.000580660689028234
2,UPFC_Vsh,5-15,1.1069642069452146,38,1.109770147574064,WLS,95,0.0028059406288494237
3,UPFC_tsh,5-15,-0.23533983657747629,38,-0.23526927092129804,WLS,95,7.056565617824528e-05
4,UPFC_Vse,5-15,0.060291874091791944,38,0.06024939015131792,WLS,95,4.248394047402099e-05
5,UPFC_tse,5-15,-2.1543319999278987,38,-2.162688233567831,WLS,95,0.00835623363993232
0,x_tcsc,1-14,-0.1287346155625223,39,-0.12867605302507776,WLS,95,5.8562537444545315e-05
1,B_svc,2,0.254809242574043,39,0.2549563532351921,WLS,95,0.00014711066114908578
2,UPFC_Vsh,5-15,1.107090828738966,39,1.109770147574064,WLS,95,0.002679318835097977
3,UPFC_tsh,5-15,-0.23533524883407936,39,-0.23526927092129804,WLS,95,6.59779127813176e-05
4,UPFC_Vse,5-15,0.060223280544172295,39,0.06024939015131792,WLS,95,2.6109607145628766e-05
5,UPFC_tse,5-15,-2.154835072996743,39,-2.162688233567831,WLS,95,0.00785316057108787
0,x_tcsc,1-14,-0.12872527436373166,40,-0.12867605302507776,WLS,95,4.922133865389866e-05
1,B_svc,2,0.2543699819067102,40,0.2549563532351921,WLS,95,0.0005863713284819383
2,UPFC_Vsh,5-15,1.1068911360130964,40,1.109770147574064,WLS,95,0.0028790115609675926
3,UPFC_tsh,5-15,-0.23531387771379997,40,-0.23526927092129804,WLS,95,4.460679250192778e-05
4,UPFC_Vse,5-15,0.06043107092605504,40,0.06024939015131792,WLS,95,0.00018168077473711824
5,UPFC_tse,5-15,-2.156044505592411,40,-2.162688233567831,WLS,95,0.0066437279754199
0,x_tcsc,1-14,-0.1287464385856036,41,-0.12867605302507776,WLS,95,7.03855605258541e-05
1,B_svc,2,0.255092290304213,41,0.2549563532351921,WLS,95,0.000135937069020875
2,UPFC_Vsh,5-15,1.106735028468754,41,1.109770147574064,WLS,95,0.003035119105309958
3,UPFC_tsh,5-15,-0.23542297443664348,41,-0.23526927092129804,WLS,95,0.00015370351534543802
4,UPFC_Vse,5-15,0.06050951047247647,41,0.06024939015131792,WLS,95,0.0002601203211585468
5,UPFC_tse,5-15,-2.1592142033994537,41,-2.162688233567831,WLS,95,0.003474030168377329
0,x_tcsc,1-14,-0.12873392946504178,42,-0.12867605302507776,WLS,95,5.787643996402192e-05
1,B_svc,2,0.25437857738714015,42,0.2549563532351921,WLS,95,0.0005777758480519646
2,UPFC_Vsh,5-15,1.106703287810141,42,1.109770147574064,WLS,95,0.0030668597639229578
3,UPFC_tsh,5-15,-0.23539639448576516,42,-0.23526927092129804,WLS,95,0.0001271235644671187
4,UPFC_Vse,5-15,0.060492755767746535,42,0.06024939015131792,WLS,95,0.00024336561642861188
5,UPFC_tse,5-15,-2.153848204083541,42,-2.162688233567831,WLS,95,0.008840029484289857
0,x_tcsc,1-14,-0.12873453593392953,43,-0.12867605302507776,WLS,95,5.848290885177021e-05
1,B_svc,2,0.2542165298750412,43,0.2549563532351921,WLS,95,0.0007398233601509374
2,UPFC_Vsh,5-15,1.1071255658305932,43,1.109770147574064,WLS,95,0.0026445817434708196
3,UPFC_tsh,5-15,-0.2353643464127237,43,-0.23526927092129804,WLS,95,9.50754914256502e-05
4,UPFC_Vse,5-15,0.060492712844891765,43,0.06024939015131792,WLS,95,0.0002433226935738414
5,UPFC_tse,5-15,-2.1561655084233884,43,-2.162688233567831,WLS,95,0.0065227251444426315
0,x_tcsc,1-14,-0.12874671355338427,44,-0.12867605302507776,WLS,95,7.066052830650982e-05
1,B_svc,2,0.2541603410144048,44,0.2549563532351921,WLS,95,0.00079601222078729
2,UPFC_Vsh,5-15,1.1067009965958154,44,1.109770147574064,WLS,95,0.003069150978248558
3,UPFC_tsh,5-15,-0.23536679126575008,44,-0.23526927092129804,WLS,95,9.752034445204005e-05
4,UPFC_Vse,5-15,0.06021923454221218,44,0.06024939015131792,WLS,95,3.0155609105742e-05
5,UPFC_tse,5-15,-2.1566213430907415,44,-2.162688233567831,WLS,95,0.006066890477089526
0,x_tcsc,1-14,-0.12873236469819838,45,-0.12867605302507776,WLS,95,5.631167312061813e-05
1,B_svc,2,0.2543625931477911,45,0.2549563532351921,WLS,95,0.0005937600874010296
2,UPFC_Vsh,5-15,1.1068791116521326,45,1.109770147574064,WLS,95,0.0028910359219314063
3,UPFC_tsh,5-15,-0.23538530906366975,45,-0.23526927092129804,WLS,95,0.0001160381423717105
4,UPFC_Vse,5-15,0.06030267088229881,45,0.06024939015131792,WLS,95,5.32807309808897e-05
5,UPFC_tse,5-15,-2.1557079260261216,45,-2.162688233567831,WLS,95,0.0069803075417094185
0,x_tcsc,1-14,-0.12875576092824562,46,-0.12867605302507776,WLS,95,7.970790316785825e-05
1,B_svc,2,0.25481921266840596,46,0.2549563532351921,WLS,95,0.0001371405667861536
2,UPFC_Vsh,5-15,1.1070498928138044,46,1.109770147574064,WLS,95,0.0027202547602596105
3,UPFC_tsh,5-15,-0.2353776430477388,46,-0.23526927092129804,WLS,95,0.00010837212644076999
4,UPFC_Vse,5-15,0.060466333678468404,46,0.06024939015131792,WLS,95,0.0002169435271504802
5,UPFC_tse,5-15,-2.1565678016217475,46,-2.162688233567831,WLS,95,0.006120431946083471
0,x_tcsc,1-14,-0.12875006980869705,47,-0.12867605302507776,WLS,95,7.401678361929065e-05
1,B_svc,2,0.2542231019975911,47,0.2549563532351921,WLS,95,0.0007332512376009848
2,UPFC_Vsh,5-15,1.1068652016544875,47,1.109770147574064,WLS,95,0.0029049459195764626
3,UPFC_tsh,5-15,-0.23535370021472626,47,-0.23526927092129804,WLS,95,8.442929342822314e-05
4,UPFC_Vse,5-15,0.06025552531474364,47,0.06024939015131792,WLS,95,6.135163425714796e-06
5,UPFC_tse,5-15,-2.1517556017475314,47,-2.162688233567831,WLS,95,0.010932631820299576
0,x_tcsc,1-14,-0.12874437804811825,48,-0.12867605302507776,WLS,95,6.832502304049415e-05
1,B_svc,2,0.25459691876084534,48,0.2549563532351921,WLS,95,0.0003594344743467759
2,UPFC_Vsh,5-15,1.106950087821404,48,1.109770147574064,WLS,95,0.0028200597526599758
3,UPFC_tsh,5-15,-0.23543532270926526,48,-0.23526927092129804,WLS,95,0.00016605178796721964
4,UPFC_Vse,5-15,0.060471869249461296,48,0.06024939015131792,WLS,95,0.00022247909814337302
5,UPFC_tse,5-15,-2.1592956895619135,48,-2.162688233567831,WLS,95,0.003392544005917486
0,x_tcsc,1-14,-0.12873239550807924,49,-0.12867605302507776,WLS,95,5.634248300148692e-05
1,B_svc,2,0.2538951971923597,49,0.2549563532351921,WLS,95,0.0010611560428324118
2,UPFC_Vsh,5-15,1.1070371345685894,49,1.109770147574064,WLS,95,0.0027330130054745716
3,UPFC_tsh,5-15,-0.23537120010953785,49,-0.23526927092129804,WLS,95,0.00010192918823981323
4,UPFC_Vse,5-15,0.060566722717918665,49,0.06024939015131792,WLS,95,0.00031733256660074205
5,UPFC_tse,5-15,-2.158909481436512,49,-2.162688233567831,WLS,95,0.003778752131319063
0,x_tcsc,1-14,-0.1287390940564222,50,-0.12867605302507776,WLS,95,6.304103134444072e-05
1,B_svc,2,0.2542518750089556,50,0.2549563532351921,WLS,95,0.0007044782262365379
2,UPFC_Vsh,5-15,1.1070513621386828,50,1.109770147574064,WLS,95,0.002718785435381177
3,UPFC_tsh,5-15,-0.23529973467436335,50,-0.23526927092129804,WLS,95,3.0463753065312904e-05
4,UPFC_Vse,5-15,0.06031308848168512,50,0.06024939015131792,WLS,95,6.36983303671998e-05
5,UPFC_tse,5-15,-2.1569076541863943,50,-2.162688233567831,WLS,95,0.0057805793814367235
0,x_tcsc,1-14,-0.12874202194491607,51,-0.12867605302507776,WLS,95,6.596891983831621e-05
1,B_svc,2,0.25435045028245074,51,0.2549563532351921,WLS,95,0.0006059029527413773
2,UPFC_Vsh,5-15,1.106717270737271,51,1.109770147574064,WLS,95,0.003052876836793006
3,UPFC_tsh,5-15,-0.2353567197195631,51,-0.23526927092129804,WLS,95,8.744879826505514e-05
4,UPFC_Vse,5-15,0.060234017223576956,51,0.06024939015131792,WLS,95,1.537292774096699e-05
5,UPFC_tse,5-15,-2.1554202441758257,51,-2.162688233567831,WLS,95,0.007267989392005347
0,x_tcsc,1-14,-0.12874511614269982,52,-0.12867605302507776,WLS,95,6.906311762205908e-05
1,B_svc,2,0.25466916299660464,52,0.2549563532351921,WLS,95,0.00028719023858747583
2,UPFC_Vsh,5-15,1.1068909682761354,52,1.109770147574064,WLS,95,0.00287917929792858
3,UPFC_tsh,5-15,-0.23537012238684119,52,-0.23526927092129804,WLS,95,0.00010085146554314472
4,UPFC_Vse,5-15,0.06022244125904959,52,0.06024939015131792,WLS,95,2.6948892268334468e-05
5,UPFC_tse,5-15,-2.156029761845636,52,-2.162688233567831,WLS,95,0.006658471722194914
0,x_tcsc,1-14,-0.1287499224428328,53,-0.12867605302507776,WLS,95,7.38694177550292e-05
1,B_svc,2,0.25489623812024537,53,0.2549563532351921,WLS,95,6.011511494674604e-05
2,UPFC_Vsh,5-15,1.106674750400336,53,1.109770147574064,WLS,95,0.003095397173727976
3,UPFC_tsh,5-15,-0.2353585699987333,53,-0.23526927092129804,WLS,95,8.929907743526755e-05
4,UPFC_Vse,5-15,0.06029599000683488,53,0.06024939015131792,WLS,95,4.659985551695722e-05
5,UPFC_tse,5-15,-2.1543271955879466,53,-2.162688233567831,WLS,95,0.008361037979884411
0,x_tcsc,1-14,-0.12873497316850196,54,-0.12867605302507776,WLS,95,5.892014342420704e-05
1,B_svc,2,0.25474673283496874,54,0.2549563532351921,WLS,95,0.0002096204002233759
2,UPFC_Vsh,5-15,1.106659460630082,54,1.109770147574064,WLS,95,0.0031106869439820883
3,UPFC_tsh,5-15,-0.2354171331012293,54,-0.23526927092129804,WLS,95,0.00014786217993126294
4,UPFC_Vse,5-15,0.06075410024072744,54,0.06024939015131792,WLS,95,0.00050471008940952
5,UPFC_tse,5-15,-2.156169981376023,54,-2.162688233567831,WLS,95,0.006518252191808127
0,x_tcsc,1-14,-0.12874522547506329,55,-0.12867605302507776,WLS,95,6.91724499855273e-05
1,B_svc,2,0.25502349947688313,55,0.2549563532351921,WLS,95,6.714624169101846e-05
2,UPFC_Vsh,5-15,1.1067263287338924,55,1.109770147574064,WLS,95,0.003043818840171575
3,UPFC_tsh,5-15,-0.23542839579684502,55,-0.23526927092129804,WLS,95,0.00015912487554697874
4,UPFC_Vse,5-15,0.06025005597323712,55,0.06024939015131792,WLS,95,6.658219191962855e-07
5,UPFC_tse,5-15,-2.1580833162112483,55,-2.162688233567831,WLS,95,0.0046049173565827495
0,x_tcsc,1-14,-0.1287329248582458,56,-0.12867605302507776,WLS,95,5.687183316804845e-05
1,B_svc,2,0.2545296272320457,56,0.2549563532351921,WLS,95,0.00042672600314641596
2,UPFC_Vsh,5-15,1.1069539534894077,56,1.109770147574064,WLS,95,0.002816194084656276
3,UPFC_tsh,5-15,-0.23536464637685497,56,-0.23526927092129804,WLS,95,9.537545555693416e-05
4,UPFC_Vse,5-15,0.06036348778833301,56,0.06024939015131792,WLS,95,0.00011409763701508702
5,UPFC_tse,5-15,-2.155959369481711,56,-2.162688233567831,WLS,95,0.0067288640861198346
0,x_tcsc,1-14,-0.1287292569461712,57,-0.12867605302507776,WLS,95,5.320392109345318e-05
1,B_svc,2,0.2542697825786852,57,0.2549563532351921,WLS,95,0.0006865706565069019
2,UPFC_Vsh,5-15,1.1070862722660013,57,1.109770147574064,WLS,95,0.0026838753080626887
3,UPFC_tsh,5-15,-0.2353836086549121,57,-0.23526927092129804,WLS,95,0.00011433773361405053
4,UPFC_Vse,5-15,0.059934974366082056,57,0.06024939015131792,WLS,95,0.00031441578523586783
5,UPFC_tse,5-15,-2.1579392818614447,57,-2.162688233567831,WLS,95,0.0047489517063863396
0,x_tcsc,1-14,-0.12876128712263687,58,-0.12867605302507776,WLS,95,8.523409755911704e-05
1,B_svc,2,0.25453255847034534,58,0.2549563532351921,WLS,95,0.00042379476484677436
2,UPFC_Vsh,5-15,1.1062893364252286,58,1.109770147574064,WLS,95,0.003480811148835361
3,UPFC_tsh,5-15,-0.23538200727902606,58,-0.23526927092129804,WLS,95,0.00011273635772801605
4,UPFC_Vse,5-15,0.060452447206206135,58,0.06024939015131792,WLS,95,0.00020305705488821157
5,UPFC_tse,5-15,-2.1556530779900607,58,-2.162688233567831,WLS,95,0.007035155577770347
0,x_tcsc,1-14,-0.12873935330817027,59,-0.12867605302507776,WLS,95,6.330028309251001e-05
1,B_svc,2,0.2542837423485415,59,0.2549563532351921,WLS,95,0.0006726108866506042
2,UPFC_Vsh,5-15,1.1065784494090158,59,1.109770147574064,WLS,95,0.0031916981650481624
3,UPFC_tsh,5-15,-0.23540972061587806,59,-0.23526927092129804,WLS,95,0.00014044969458001932
4,UPFC_Vse,5-15,0.060559383105497445,59,0.06024939015131792,WLS,95,0.0003099929541795221
5,UPFC_tse,5-15,-2.158074860072733,59,-2.162688233567831,WLS,95,0.004613373495097939
0,x_tcsc,1-14,-0.1287613370232699,60,-0.12867605302507776,WLS,95,8.528399819213162e-05
1,B_svc,2,0.25492895525666437,60,0.2549563532351921,WLS,95,2.7397978527743394e-05
2,UPFC_Vsh,5-15,1.106930159368853,60,1.109770147574064,WLS,95,0.0028399882052110303
3,UPFC_tsh,5-15,-0.2353387232115416,60,-0.23526927092129804,WLS,95,6.945229024354904e-05
4,UPFC_Vse,5-15,0.06039414178609121,60,0.06024939015131792,WLS,95,0.000144751634773288
5,UPFC_tse,5-15,-2.156979967662734,60,-2.162688233567831,WLS,95,0.0057082659050968765
0,x_tcsc,1-14,-0.12874729767287144,61,-0.12867605302507776,WLS,95,7.12446477936779e-05
1,B_svc,2,0.25488433166290897,61,0.2549563532351921,WLS,95,7.202157228314299e-05
2,UPFC_Vsh,5-15,1.106672459912274,61,1.109770147574064,WLS,95,0.003097687661790083
3,UPFC_tsh,5-15,-0.2354033662957793,61,-0.23526927092129804,WLS,95,0.0001340953744812523
4,UPFC_Vse,5-15,0.060456821901176315,61,0.06024939015131792,WLS,95,0.00020743174985839163
5,UPFC_tse,5-15,-2.156346352028048,61,-2.162688233567831,WLS,95,0.006341881539782879
0,x_tcsc,1-14,-0.1287385724339719,62,-0.12867605302507776,WLS,95,6.251940889415164e-05
1,B_svc,2,0.25476724612742974,62,0.2549563532351921,WLS,95,0.00018910710776237627
2,UPFC_Vsh,5-15,1.1068564056192365,62,1.109770147574064,WLS,95,0.00291374195482752
3,UPFC_tsh,5-15,-0.23540934715768072,62,-0.23526927092129804,WLS,95,0.00014007623638268019
4,UPFC_Vse,5-15,0.05995409812277979,62,0.06024939015131792,WLS,95,0.00029529202853813274
5,UPFC_tse,5-15,-2.1572504526420784,62,-2.162688233567831,WLS,95,0.005437780925752644
0,x_tcsc,1-14,-0.1287360791772637,63,-0.12867605302507776,WLS,95,6.002615218594909e-05
1,B_svc,2,0.254721746315231,63,0.2549563532351921,WLS,95,0.00023460691996113336
2,UPFC_Vsh,5-15,1.1070100445880295,63,1.109770147574064,WLS,95,0.002760102986034463
3,UPFC_tsh,5-15,-0.23535248669408762,63,-0.23526927092129804,WLS,95,8.321577278957992e-05
4,UPFC_Vse,5-15,0.059735765333183755,63,0.06024939015131792,WLS,95,0.0005136248181341688
5,UPFC_tse,5-15,-2.1576437231953802,63,-2.162688233567831,WLS,95,0.0050445103724507945
0,x_tcsc,1-14,-0.12873134243551954,64,-0.12867605302507776,WLS,95,5.528941044177782e-05
1,B_svc,2,0.25442549914133383,64,0.2549563532351921,WLS,95,0.0005308540938582795
2,UPFC_Vsh,5-15,1.1066562029733513,64,1.109770147574064,WLS,95,0.0031139446007126814
3,UPFC_tsh,5-15,-0.2354288497725622,64,-0.23526927092129804,WLS,95,0.00015957885126416382
4,UPFC_Vse,5-15,0.060451176305199486,64,0.06024939015131792,WLS,95,0.00020178615388156268
5,UPFC_tse,5-15,-2.1526428917424854,64,-2.162688233567831,WLS,95,0.010045341825345666
0,x_tcsc,1-14,-0.1287678160173456,65,-0.12867605302507776,WLS,95,9.176299226784645e-05
1,B_svc,2,0.2544767821469695,65,0.2549563532351921,WLS,95,0.00047957108822260786
2,UPFC_Vsh,5-15,1.1069057146196477,65,1.109770147574064,WLS,95,0.002864432954416296
3,UPFC_tsh,5-15,-0.23541858077737954,65,-0.23526927092129804,WLS,95,0.0001493098560814976
4,UPFC_Vse,5-15,0.06042446458546394,65,0.06024939015131792,WLS,95,0.00017507443414601503
5,UPFC_tse,5-15,-2.155009078615757,65,-2.162688233567831,WLS,95,0.00767915495207383
0,x_tcsc,1-14,-0.12875214444715175,66,-0.12867605302507776,WLS,95,7.609142207398722e-05
1,B_svc,2,0.2548676608961874,66,0.2549563532351921,WLS,95,8.869233900471452e-05
2,UPFC_Vsh,5-15,1.106768379142398,66,1.109770147574064,WLS,95,0.0030017684316661075
3,UPFC_tsh,5-15,-0.23541209444443234,66,-0.23526927092129804,WLS,95,0.00014282352313430002
4,UPFC_Vse,5-15,0.060390917463960546,66,0.06024939015131792,WLS,95,0.00014152731264262253
5,UPFC_tse,5-15,-2.154528648389941,66,-2.162688233567831,WLS,95,0.008159585177890172
0,x_tcsc,1-14,-0.12873592143552953,67,-0.12867605302507776,WLS,95,5.986841045177438e-05
1,B_svc,2,0.25456247785520486,67,0.2549563532351921,WLS,95,0.00039387537998725186
2,UPFC_Vsh,5-15,1.1067988363629824,67,1.109770147574064,WLS,95,0.0029713112110816287
3,UPFC_tsh,5-15,-0.23536458876878022,67,-0.23526927092129804,WLS,95,9.53178474821792e-05
4,UPFC_Vse,5-15,0.060466852190271765,67,0.06024939015131792,WLS,95,0.00021746203895384175
5,UPFC_tse,5-15,-2.1554320391572506,67,-2.162688233567831,WLS,95,0.007256194410580452
0,x_tcsc,1-14,-0.1287480344081629,68,-0.12867605302507776,WLS,95,7.198138308514568e-05
1,B_svc,2,0.2548265537663292,68,0.2549563532351921,WLS,95,0.00012979946886293448
2,UPFC_Vsh,5-15,1.1064806395695235,68,1.109770147574064,WLS,95,0.003289508004540531
3,UPFC_tsh,5-15,-0.23544647079678468,68,-0.23526927092129804,WLS,95,0.0001771998754866444
4,UPFC_Vse,5-15,0.060585095101507315,68,0.06024939015131792,WLS,95,0.0003357049501893916
5,UPFC_tse,5-15,-2.156429452906513,68,-2.162688233567831,WLS,95,0.006258780661318131
0,x_tcsc,1-14,-0.12873871766917155,69,-0.12867605302507776,WLS,95,6.266464409379613e-05
1,B_svc,2,0.2550240716071493,69,0.2549563532351921,WLS,95,6.771837195718167e-05
2,UPFC_Vsh,5-15,1.1067833302028995,69,1.109770147574064,WLS,95,0.002986817371164463
3,UPFC_tsh,5-15,-0.2353873602710361,69,-0.23526927092129804,WLS,95,0.00011808934973805973
4,UPFC_Vse,5-15,0.059875769188006786,69,0.06024939015131792,WLS,95,0.0003736209633111373
5,UPFC_tse,5-15,-2.1611978815689827,69,-2.162688233567831,WLS,95,0.0014903519988482827
0,x_tcsc,1-14,-0.12873310590687664,70,-0.12867605302507776,WLS,95,5.705288179888579e-05
1,B_svc,2,0.2549437729361218,70,0.2549563532351921,WLS,95,1.2580299070308332e-05
2,UPFC_Vsh,5-15,1.10701595696531,70,1.109770147574064,WLS,95,0.002754190608754037
3,UPFC_tsh,5-15,-0.2353100166831616,70,-0.23526927092129804,WLS,95,4.0745761863553165e-05
4,UPFC_Vse,5-15,0.06027724504524065,70,0.06024939015131792,WLS,95,2.7854893922728274e-05
5,UPFC_tse,5-15,-2.155988862710234,70,-2.162688233567831,WLS,95,0.006699370857596865
0,x_tcsc,1-14,-0.12875798732923105,71,-0.12867605302507776,WLS,95,8.193430415329161e-05
1,B_svc,2,0.2545139303068675,71,0.2549563532351921,WLS,95,0.00044242292832463725
2,UPFC_Vsh,5-15,1.1072096593529792,71,1.109770147574064,WLS,95,0.002560488221084789
3,UPFC_tsh,5-15,-0.23537885876260897,71,-0.23526927092129804,WLS,95,0.00010958784131093191
4,UPFC_Vse,5-15,0.05992251713251833,71,0.06024939015131792,WLS,95,0.0003268730187995922
5,UPFC_tse,5-15,-2.1582658735395936,71,-2.162688233567831,WLS,95,0.004422360028237371
0,x_tcsc,1-14,-0.12875444724249233,72,-0.12867605302507776,WLS,95,7.839421741456798e-05
1,B_svc,2,0.254225912634613,72,0.2549563532351921,WLS,95,0.0007304406005790853
2,UPFC_Vsh,5-15,1.1069507911534455,72,1.109770147574064,WLS,95,0.0028193564206184796
3,UPFC_tsh,5-15,-0.23542961949185828,72,-0.23526927092129804,WLS,95,0.00016034857056024254
4,UPFC_Vse,5-15,0.06009527781168826,72,0.06024939015131792,WLS,95,0.0001541123396296626
5,UPFC_tse,5-15,-2.156409053763724,72,-2.162688233567831,WLS,95,0.00627917980410686
0,x_tcsc,1-14,-0.12873314047764545,73,-0.12867605302507776,WLS,95,5.708745256768899e-05
1,B_svc,2,0.25420128079086307,73,0.2549563532351921,WLS,95,0.0007550724443290413
2,UPFC_Vsh,5-15,1.1068901820142916,73,1.109770147574064,WLS,95,0.002879965559772435
3,UPFC_tsh,5-15,-0.23537999697038733,73,-0.23526927092129804,WLS,95,0.00011072604908929362
4,UPFC_Vse,5-15,0.06053950714565125,73,0.06024939015131792,WLS,95,0.000290116994333324
5,UPFC_tse,5-15,-2.1556235079277353,73,-2.162688233567831,WLS,95,0.007064725640095748
0,x_tcsc,1-14,-0.12873187192410177,74,-0.12867605302507776,WLS,95,5.581889902400716e-05
1,B_svc,2,0.25440429957660593,74,0.2549563532351921,WLS,95,0.0005520536585861824
2,UPFC_Vsh,5-15,1.1068636354099823,74,1.109770147574064,WLS,95,0.002906512164081665
3,UPFC_tsh,5-15,-0.23544680078644434,74,-0.23526927092129804,WLS,95,0.00017752986514629754
4,UPFC_Vse,5-15,0.060529365633837734,74,0.06024939015131792,WLS,95,0.0002799754825198106
5,UPFC_tse,5-15,-2.1536222132832705,74,-2.162688233567831,WLS,95,0.009066020284560494
0,x_tcsc,1-14,-0.12873899050520216,75,-0.12867605302507776,WLS,95,6.29374801243976e-05
1,B_svc,2,0.2550337157474863,75,0.2549563532351921,WLS,95,7.736251229417679e-05
2,UPFC_Vsh,5-15,1.1067039902640425,75,1.109770147574064,WLS,95,0.0030661573100214667
3,UPFC_tsh,5-15,-0.2354107569529543,75,-0.23526927092129804,WLS,95,0.00014148603165625717
4,UPFC_Vse,5-15,0.06022993984311463,75,0.06024939015131792,WLS,95,1.9450308203293465e-05
5,UPFC_tse,5-15,-2.1578674708894794,75,-2.162688233567831,WLS,95,0.004820762678351631
0,x_tcsc,1-14,-0.1287557379839453,76,-0.12867605302507776,WLS,95,7.968495886753746e-05
1,B_svc,2,0.2546799296975982,76,0.2549563532351921,WLS,95,0.00027642353759393945
2,UPFC_Vsh,5-15,1.1068651934451528,76,1.109770147574064,WLS,95,0.00290495412891123
3,UPFC_tsh,5-15,-0.23541094567907261,76,-0.23526927092129804,WLS,95,0.0001416747577745736
4,UPFC_Vse,5-15,0.060679846555009354,76,0.06024939015131792,WLS,95,0.0004304564036914302
5,UPFC_tse,5-15,-2.156950312716319,76,-2.162688233567831,WLS,95,0.005737920851511813
0,x_tcsc,1-14,-0.12874305986684795,77,-0.12867605302507776,WLS,95,6.700684177018967e-05
1,B_svc,2,0.2546378988630296,77,0.2549563532351921,WLS,95,0.00031845437216249106
2,UPFC_Vsh,5-15,1.1067462936263084,77,1.109770147574064,WLS,95,0.003023853947755617
3,UPFC_tsh,5-15,-0.2354400685579128,77,-0.23526927092129804,WLS,95,0.00017079763661476122
4,UPFC_Vse,5-15,0.060648298379132826,77,0.06024939015131792,WLS,95,0.00039890822781490226
5,UPFC_tse,5-15,-2.1593746980558337,77,-2.162688233567831,WLS,95,0.003313535511997312
0,x_tcsc,1-14,-0.12874920494967687,78,-0.12867605302507776,WLS,95,7.315192459911302e-05
1,B_svc,2,0.25423667246996856,78,0.2549563532351921,WLS,95,0.0007196807652235515
2,UPFC_Vsh,5-15,1.1068383951464102,78,1.109770147574064,WLS,95,0.0029317524276537554
3,UPFC_tsh,5-15,-0.23538814498547178,78,-0.23526927092129804,WLS,95,0.00011887406417374069
4,UPFC_Vse,5-15,0.06045584528734798,78,0.06024939015131792,WLS,95,0.0002064551360300565
5,UPFC_tse,5-15,-2.156770413989315,78,-2.162688233567831,WLS,95,0.005917819578515893
0,x_tcsc,1-14,-0.12874639730822424,79,-0.12867605302507776,WLS,95,7.034428314647845e-05
1,B_svc,2,0.2543392944554886,79,0.2549563532351921,WLS,95,0.0006170587797035276
2,UPFC_Vsh,5-15,1.1071825327033267,79,1.109770147574064,WLS,95,0.0025876148707373314
3,UPFC_tsh,5-15,-0.23543241627133701,79,-0.23526927092129804,WLS,95,0.00016314535003897346
4,UPFC_Vse,5-15,0.06002557432024575,79,0.06024939015131792,WLS,95,0.00022381583107217162
5,UPFC_tse,5-15,-2.160031338337012,79,-2.162688233567831,WLS,95,0.002656895230818801
0,x_tcsc,1-14,-0.12872118466227245,80,-0.12867605302507776,WLS,95,4.513163719468971e-05
1,B_svc,2,0.2542616738371728,80,0.2549563532351921,WLS,95,0.0006946793980193156
2,UPFC_Vsh,5-15,1.1070102017284098,80,1.109770147574064,WLS,95,0.002759945845654199
3,UPFC_tsh,5-15,-0.23536347110999992,80,-0.23526927092129804,WLS,95,9.420018870187619e-05
4,UPFC_Vse,5-15,0.06008669266363696,80,0.06024939015131792,WLS,95,0.00016269748768096143
5,UPFC_tse,5-15,-2.1582313417434023,80,-2.162688233567831,WLS,95,0.004456891824428766
0,x_tcsc,1-14,-0.1287354228833536,81,-0.12867605302507776,WLS,95,5.9369858275842846e-05
1,B_svc,2,0.2540951492553353,81,0.2549563532351921,WLS,95,0.0008612039798568394
2,UPFC_Vsh,5-15,1.1066921913325563,81,1.109770147574064,WLS,95,0.003077956241507751
3,UPFC_tsh,5-15,-0.23547763799794463,81,-0.23526927092129804,WLS,95,0.00020836707664659282
4,UPFC_Vse,5-15,0.0609012315879055,81,0.06024939015131792,WLS,95,0.0006518414365875788
5,UPFC_tse,5-15,-2.155024831381267,81,-2.162688233567831,WLS,95,0.007663402186564028
0,x_tcsc,1-14,-0.12873485663827366,82,-0.12867605302507776,WLS,95,5.880361319590688e-05
1,B_svc,2,0.2542597312532037,82,0.2549563532351921,WLS,95,0.0006966219819883879
2,UPFC_Vsh,5-15,1.1070842888818102,82,1.109770147574064,WLS,95,0.0026858586922537953
3,UPFC_tsh,5-15,-0.2353625303740231,82,-0.23526927092129804,WLS,95,9.325945272506408e-05
4,UPFC_Vse,5-15,0.06008100691679945,82,0.06024939015131792,WLS,95,0.0001683832345184752
5,UPFC_tse,5-15,-2.1566122700992545,82,-2.162688233567831,WLS,95,0.0060759634685765285
0,x_tcsc,1-14,-0.12875001604191905,83,-0.12867605302507776,WLS,95,7.396301684128859e-05
1,B_svc,2,0.25465033874610365,83,0.2549563532351921,WLS,95,0.0003060144890884575
2,UPFC_Vsh,5-15,1.106962745023691,83,1.109770147574064,WLS,95,0.0028074025503730393
3,UPFC_tsh,5-15,-0.2354141982051307,83,-0.23526927092129804,WLS,95,0.00014492728383266873
4,UPFC_Vse,5-15,0.060441986941714904,83,0.06024939015131792,WLS,95,0.00019259679039698024
5,UPFC_tse,5-15,-2.1574773413082577,83,-2.162688233567831,WLS,95,0.005210892259573274
0,x_tcsc,1-14,-0.12874054593673992,84,-0.12867605302507776,WLS,95,6.449291166216176e-05
1,B_svc,2,0.2547429861575268,84,0.2549563532351921,WLS,95,0.00021336707766533847
2,UPFC_Vsh,5-15,1.1069762559248955,84,1.109770147574064,WLS,95,0.002793891649168545
3,UPFC_tsh,5-15,-0.2353505541311249,84,-0.23526927092129804,WLS,95,8.128320982686565e-05
4,UPFC_Vse,5-15,0.06015247193167098,84,0.06024939015131792,WLS,95,9.691821964694092e-05
5,UPFC_tse,5-15,-2.1560452952345472,84,-2.162688233567831,WLS,95,0.006642938333283777
0,x_tcsc,1-14,-0.12872970400526948,85,-0.12867605302507776,WLS,95,5.3650980191721764e-05
1,B_svc,2,0.2544163937685001,85,0.2549563532351921,WLS,95,0.0005399594666919971
2,UPFC_Vsh,5-15,1.1065813449394821,85,1.109770147574064,WLS,95,0.0031888026345818776
3,UPFC_tsh,5-15,-0.23542175201951174,85,-0.23526927092129804,WLS,95,0.00015248109821369704
4,UPFC_Vse,5-15,0.06041785423683193,85,0.06024939015131792,WLS,95,0.0001684640855140057
5,UPFC_tse,5-15,-2.155798128437444,85,-2.162688233567831,WLS,95,0.006890105130386903
0,x_tcsc,1-14,-0.12874957313018126,86,-0.12867605302507776,WLS,95,7.352010510350282e-05
1,B_svc,2,0.2542225932110705,86,0.2549563532351921,WLS,95,0.0007337600241216213
2,UPFC_Vsh,5-15,1.1070256106342289,86,1.109770147574064,WLS,95,0.0027445369398351183
3,UPFC_tsh,5-15,-0.2353635129916617,86,-0.23526927092129804,WLS,95,9.424207036365373e-05
4,UPFC_Vse,5-15,0.06057496099526056,86,0.06024939015131792,WLS,95,0.00032557084394263525
5,UPFC_tse,5-15,-2.1529075252231173,86,-2.162688233567831,WLS,95,0.009780708344713673
0,x_tcsc,1-14,-0.12874582160501863,87,-0.12867605302507776,WLS,95,6.976857994087093e-05
1,B_svc,2,0.2543350175325894,87,0.2549563532351921,WLS,95,0.0006213357026026989
2,UPFC_Vsh,5-15,1.1067370359762807,87,1.109770147574064,WLS,95,0.0030331115977833
3,UPFC_tsh,5-15,-0.23536520923991353,87,-0.23526927092129804,WLS,95,9.593831861548496e-05
4,UPFC_Vse,5-15,0.06060599133056,87,0.06024939015131792,WLS,95,0.00035660117924207757
5,UPFC_tse,5-15,-2.1563640309698626,87,-2.162688233567831,WLS,95,0.006324202597968398
0,x_tcsc,1-14,-0.12873079315314315,88,-0.12867605302507776,WLS,95,5.474012806538919e-05
1,B_svc,2,0.2542055799694462,88,0.2549563532351921,WLS,95,0.0007507732657459076
2,UPFC_Vsh,5-15,1.1067908964759052,88,1.109770147574064,WLS,95,0.002979251098158775
3,UPFC_tsh,5-15,-0.23539349346724955,88,-0.23526927092129804,WLS,95,0.00012422254595151339
4,UPFC_Vse,5-15,0.0597781742549921,88,0.06024939015131792,WLS,95,0.0004712158963258231
5,UPFC_tse,5-15,-2.1611888436959577,88,-2.162688233567831,WLS,95,0.001499389871873369
0,x_tcsc,1-14,-0.12873958668542243,89,-0.12867605302507776,WLS,95,6.353366034467234e-05
1,B_svc,2,0.25428531918834474,89,0.2549563532351921,WLS,95,0.0006710340468473741
2,UPFC_Vsh,5-15,1.1068249306289706,89,1.109770147574064,WLS,95,0.0029452169450934207
3,UPFC_tsh,5-15,-0.23542001537060317,89,-0.23526927092129804,WLS,95,0.0001507444493051291
4,UPFC_Vse,5-15,0.06003758116628681,89,0.06024939015131792,WLS,95,0.00021180898503111306
5,UPFC_tse,5-15,-2.1593239603317183,89,-2.162688233567831,WLS,95,0.003364273236112769
0,x_tcsc,1-14,-0.12873333557260017,90,-0.12867605302507776,WLS,95,5.7282547522408134e-05
1,B_svc,2,0.25498513910365034,90,0.2549563532351921,WLS,95,2.8785868458225394e-05
2,UPFC_Vsh,5-15,1.1068544893128691,90,1.109770147574064,WLS,95,0.0029156582611948867
3,UPFC_tsh,5-15,-0.2353776061962919,90,-0.23526927092129804,WLS,95,0.00010833527499384821
4,UPFC_Vse,5-15,0.06002674690619523,90,0.06024939015131792,WLS,95,0.0002226432451226945
5,UPFC_tse,5-15,-2.1596830047045805,90,-2.162688233567831,WLS,95,0.0030052288632504975
0,x_tcsc,1-14,-0.1287487123743041,91,-0.12867605302507776,WLS,95,7.265934922634498e-05
1,B_svc,2,0.25405587999289253,91,0.2549563532351921,WLS,95,0.000900473242299582
2,UPFC_Vsh,5-15,1.1068750329053287,91,1.109770147574064,WLS,95,0.002895114668735266
3,UPFC_tsh,5-15,-0.23542618681145763,91,-0.23526927092129804,WLS,95,0.0001569158901595924
4,UPFC_Vse,5-15,0.06061025082830855,91,0.06024939015131792,WLS,95,0.0003608606769906278
5,UPFC_tse,5-15,-2.1547200757328335,91,-2.162688233567831,WLS,95,0.007968157834997491
0,x_tcsc,1-14,-0.12874720723411048,92,-0.12867605302507776,WLS,95,7.115420903272551e-05
1,B_svc,2,0.25468016622502554,92,0.2549563532351921,WLS,95,0.0002761870101665731
2,UPFC_Vsh,5-15,1.106726294367544,92,1.109770147574064,WLS,95,0.0030438532065200086
3,UPFC_tsh,5-15,-0.23542809917814123,92,-0.23526927092129804,WLS,95,0.00015882825684318536
4,UPFC_Vse,5-15,0.06047245230406573,92,0.06024939015131792,WLS,95,0.00022306215274780355
5,UPFC_tse,5-15,-2.1555450177573494,92,-2.162688233567831,WLS,95,0.007143215810481607
0,x_tcsc,1-14,-0.12874491708583488,93,-0.12867605302507776,WLS,95,6.886406075712337e-05
1,B_svc,2,0.25392228323327287,93,0.2549563532351921,WLS,95,0.0010340700019192406
2,UPFC_Vsh,5-15,1.106765254935337,93,1.109770147574064,WLS,95,0.0030048926387269415
3,UPFC_tsh,5-15,-0.23537165998792187,93,-0.23526927092129804,WLS,95,0.00010238906662382585
4,UPFC_Vse,5-15,0.06067583351678011,93,0.06024939015131792,WLS,95,0.00042644336546218686
5,UPFC_tse,5-15,-2.1558864772588273,93,-2.162688233567831,WLS,95,0.006801756309003704
0,x_tcsc,1-14,-0.12873631675790245,94,-0.12867605302507776,WLS,95,6.026373282469466e-05
1,B_svc,2,0.2541587580169165,94,0.2549563532351921,WLS,95,0.0007975952182756041
2,UPFC_Vsh,5-15,1.1070447481444612,94,1.109770147574064,WLS,95,0.002725399429602815
3,UPFC_tsh,5-15,-0.2353995877370386,94,-0.23526927092129804,WLS,95,0.00013031681574054987
4,UPFC_Vse,5-15,0.05979091382609077,94,0.06024939015131792,WLS,95,0.0004584763252271501
5,UPFC_tse,5-15,-2.1564556343461443,94,-2.162688233567831,WLS,95,0.00623259922168673
0,x_tcsc,1-14,-0.1287274394693218,95,-0.12867605302507776,WLS,95,5.1386444244044815e-05
1,B_svc,2,0.2546135338357064,95,0.2549563532351921,WLS,95,0.0003428193994857165
2,UPFC_Vsh,5-15,1.1070353526276655,95,1.109770147574064,WLS,95,0.0027347949463985
3,UPFC_tsh,5-15,-0.2353166743115457,95,-0.23526927092129804,WLS,95,4.740339024766893e-05
4,UPFC_Vse,5-15,0.06025553266502142,95,0.06024939015131792,WLS,95,6.1425137034970545e-06
5,UPFC_tse,5-15,-2.155657616655728,95,-2.162688233567831,WLS,95,0.007030616912103049
0,x_tcsc,1-14,-0.12873837126169688,96,-0.12867605302507776,WLS,95,6.231823661911884e-05
1,B_svc,2,0.25518079291166723,96,0.2549563532351921,WLS,95,0.00022443967647511887
2,UPFC_Vsh,5-15,1.1065112853531094,96,1.109770147574064,WLS,95,0.003258862220954617
3,UPFC_tsh,5-15,-0.23537841689788822,96,-0.23526927092129804,WLS,95,0.00010914597659017478
4,UPFC_Vse,5-15,0.060104696064370404,96,0.06024939015131792,WLS,95,0.0001446940869475194
5,UPFC_tse,5-15,-2.158683777902932,96,-2.162688233567831,WLS,95,0.0040044556648988205
0,x_tcsc,1-14,-0.12874665706057978,97,-0.12867605302507776,WLS,95,7.060403550201988e-05
1,B_svc,2,0.25485787793226555,97,0.2549563532351921,WLS,95,9.847530292655948e-05
2,UPFC_Vsh,5-15,1.1068044657863398,97,1.109770147574064,WLS,95,0.0029656817877241615
3,UPFC_tsh,5-15,-0.23544355225704336,97,-0.23526927092129804,WLS,95,0.0001742813357453188
4,UPFC_Vse,5-15,0.05996739314880794,97,0.06024939015131792,WLS,95,0.0002819970025099844
5,UPFC_tse,5-15,-2.1570873568594915,97,-2.162688233567831,WLS,95,0.0056008767083395306
0,x_tcsc,1-14,-0.12873931022749074,98,-0.12867605302507776,WLS,95,6.325720241298627e-05
1,B_svc,2,0.2547078778210054,98,0.2549563532351921,WLS,95,0.0002484754141867107
2,UPFC_Vsh,5-15,1.1069187449661861,98,1.109770147574064,WLS,95,0.002851402607877862
3,UPFC_tsh,5-15,-0.2353894376561475,98,-0.23526927092129804,WLS,95,0.00012016673484946394
4,UPFC_Vse,5-15,0.060383236510189106,98,0.06024939015131792,WLS,95,0.00013384635887118274
5,UPFC_tse,5-15,-2.159467307369181,98,-2.162688233567831,WLS,95,0.003220926198649998
0,x_tcsc,1-14,-0.12874605885823237,99,-0.12867605302507776,WLS,95,7.000583315461273e-05
1,B_svc,2,0.25441677505261073,99,0.2549563532351921,WLS,95,0.0005395781825813795
2,UPFC_Vsh,5-15,1.1067720602374616,99,1.109770147574064,WLS,95,0.0029980873366024507
3,UPFC_tsh,5-15,-0.23541163864891207,99,-0.23526927092129804,WLS,95,0.00014236772761402894
4,UPFC_Vse,5-15,0.0604309533314297,99,0.06024939015131792,WLS,95,0.00018156318011177536
5,UPFC_tse,5-15,-2.1572516985279617,99,-2.162688233567831,WLS,95,0.005436535039869295
0,x_tcsc,1-14,-0.1318626310345225,0,-0.1318415748844933,WLS,97,2.1056150029202803e-05
1,B_svc,2,0.26655168619195035,0,0.2667130168128401,WLS,97,0.0001613306208897436
2,UPFC_Vsh,5-15,1.107042418233262,0,1.1082618909809656,WLS,97,0.0012194727477035094
3,UPFC_tsh,5-15,-0.23219663328713627,0,-0.2321895694025061,WLS,97,7.063884630176265e-06
4,UPFC_Vse,5-15,0.060111763373650845,0,0.06083974456658839,WLS,97,0.0007279811929375435
5,UPFC_tse,5-15,-2.1603204856463742,0,-2.162680516533116,WLS,97,0.0023600308867419706
0,x_tcsc,1-14,-0.1318405833884599,1,-0.1318415748844933,WLS,97,9.914960334145295e-07
1,B_svc,2,0.2663757773479419,1,0.2667130168128401,WLS,97,0.0003372394648982202
2,UPFC_Vsh,5-15,1.1070487834184508,1,1.1082618909809656,WLS,97,0.0012131075625148036
3,UPFC_tsh,5-15,-0.2322215393889518,1,-0.2321895694025061,WLS,97,3.196998644569571e-05
4,UPFC_Vse,5-15,0.06091137541359802,1,0.06083974456658839,WLS,97,7.163084700963218e-05
5,UPFC_tse,5-15,-2.154077582399109,1,-2.162680516533116,WLS,97,0.008602934134007256
0,x_tcsc,1-14,-0.13185005855390924,2,-0.1318415748844933,WLS,97,8.483669415942918e-06
1,B_svc,2,0.26605667900636704,2,0.2667130168128401,WLS,97,0.0006563378064730618
2,UPFC_Vsh,5-15,1.1067895007638415,2,1.1082618909809656,WLS,97,0.0014723902171240866
3,UPFC_tsh,5-15,-0.23215796633085875,2,-0.2321895694025061,WLS,97,3.160307164734588e-05
4,UPFC_Vse,5-15,0.06083653805382415,2,0.06083974456658839,WLS,97,3.206512764239444e-06
5,UPFC_tse,5-15,-2.1522224615570478,2,-2.162680516533116,WLS,97,0.010458054976068443
0,x_tcsc,1-14,-0.13183835760243903,3,-0.1318415748844933,WLS,97,3.217282054268633e-06
1,B_svc,2,0.266637628544441,3,0.2667130168128401,WLS,97,7.53882683990903e-05
2,UPFC_Vsh,5-15,1.106848718741246,3,1.1082618909809656,WLS,97,0.0014131722397197066
3,UPFC_tsh,5-15,-0.23231220078079926,3,-0.2321895694025061,WLS,97,0.00012263137829315873
4,UPFC_Vse,5-15,0.060781056687984274,3,0.06083974456658839,WLS,97,5.8687878604114785e-05
5,UPFC_tse,5-15,-2.1548079193216028,3,-2.162680516533116,WLS,97,0.007872597211513455
0,x_tcsc,1-14,-0.13185975355466117,4,-0.1318415748844933,WLS,97,1.8178670167873223e-05
1,B_svc,2,0.2672045659851598,4,0.2667130168128401,WLS,97,0.0004915491723196941
2,UPFC_Vsh,5-15,1.1066785480393955,4,1.1082618909809656,WLS,97,0.0015833429415701428
3,UPFC_tsh,5-15,-0.23215949818037065,4,-0.2321895694025061,WLS,97,3.0071222135441555e-05
4,UPFC_Vse,5-15,0.06044899796684244,4,0.06083974456658839,WLS,97,0.00039074659974595166
5,UPFC_tse,5-15,-2.1569175818189077,4,-2.162680516533116,WLS,97,0.005762934714208523
0,x_tcsc,1-14,-0.1318741459181725,5,-0.1318415748844933,WLS,97,3.257103367920733e-05
1,B_svc,2,0.26624384293556974,5,0.2667130168128401,WLS,97,0.00046917387727035686
2,UPFC_Vsh,5-15,1.10689553141495,5,1.1082618909809656,WLS,97,0.001366359566015607
3,UPFC_tsh,5-15,-0.23225313687627308,5,-0.2321895694025061,WLS,97,6.356747376698446e-05
4,UPFC_Vse,5-15,0.06073057993355474,5,0.06083974456658839,WLS,97,0.0001091646330336482
5,UPFC_tse,5-15,-2.1558319640772994,5,-2.162680516533116,WLS,97,0.0068485524558168365
0,x_tcsc,1-14,-0.13185805209272378,6,-0.1318415748844933,WLS,97,1.6477208230475382e-05
1,B_svc,2,0.26643167410933566,6,0.2667130168128401,WLS,97,0.00028134270350443913
2,UPFC_Vsh,5-15,1.1070999094103724,6,1.1082618909809656,WLS,97,0.001161981570593218
3,UPFC_tsh,5-15,-0.23219790032572296,6,-0.2321895694025061,WLS,97,8.330923216864905e-06
4,UPFC_Vse,5-15,0.06014683313677571,6,0.06083974456658839,WLS,97,0.000692911429812676
5,UPFC_tse,5-15,-2.1552413820323992,6,-2.162680516533116,WLS,97,0.007439134500716982
0,x_tcsc,1-14,-0.13184965996514056,7,-0.1318415748844933,WLS,97,8.085080647257659e-06
1,B_svc,2,0.26640915953945615,7,0.2667130168128401,WLS,97,0.0003038572733839451
2,UPFC_Vsh,5-15,1.1069913929520012,7,1.1082618909809656,WLS,97,0.0012704980289643952
3,UPFC_tsh,5-15,-0.23218693663399464,7,-0.2321895694025061,WLS,97,2.6327685114513333e-06
4,UPFC_Vse,5-15,0.060585358206230795,7,0.06083974456658839,WLS,97,0.00025438636035759327
5,UPFC_tse,5-15,-2.155319675801857,7,-2.162680516533116,WLS,97,0.0073608407312590884
0,x_tcsc,1-14,-0.13185453639214217,8,-0.1318415748844933,WLS,97,1.296150764887316e-05
1,B_svc,2,0.2664481289661703,8,0.2667130168128401,WLS,97,0.00026488784666978127
2,UPFC_Vsh,5-15,1.106860596209376,8,1.1082618909809656,WLS,97,0.0014012947715895674
3,UPFC_tsh,5-15,-0.23224156003923682,8,-0.2321895694025061,WLS,97,5.199063673072546e-05
4,UPFC_Vse,5-15,0.06031130269198115,8,0.06083974456658839,WLS,97,0.0005284418746072383
5,UPFC_tse,5-15,-2.1551188757663082,8,-2.162680516533116,WLS,97,0.007561640766807987
0,x_tcsc,1-14,-0.13185798319862033,9,-0.1318415748844933,WLS,97,1.640831412702548e-05
1,B_svc,2,0.2663643016924981,9,0.2667130168128401,WLS,97,0.0003487151203420136
2,UPFC_Vsh,5-15,1.1065456287140223,9,1.1082618909809656,WLS,97,0.0017162622669433247
3,UPFC_tsh,5-15,-0.2322081900245942,9,-0.2321895694025061,WLS,97,1.8620622088100225e-05
4,UPFC_Vse,5-15,0.060862017979931085,9,0.06083974456658839,WLS,97,2.2273413342696613e-05
5,UPFC_tse,5-15,-2.1527043159483275,9,-2.162680516533116,WLS,97,0.009976200584788764
0,x_tcsc,1-14,-0.13185057250746143,10,-0.1318415748844933,WLS,97,8.997622968132113e-06
1,B_svc,2,0.26627435230427704,10,0.2667130168128401,WLS,97,0.00043866450856305805
2,UPFC_Vsh,5-15,1.1070899258148823,10,1.1082618909809656,WLS,97,0.0011719651660833108
3,UPFC_tsh,5-15,-0.23222645865812852,10,-0.2321895694025061,WLS,97,3.688925562242429e-05
4,UPFC_Vse,5-15,0.06105627601948652,10,0.06083974456658839,WLS,97,0.00021653145289813464
5,UPFC_tse,5-15,-2.1527839712172705,10,-2.162680516533116,WLS,97,0.009896545315845717
0,x_tcsc,1-14,-0.13184379572380747,11,-0.1318415748844933,WLS,97,2.2208393141709415e-06
1,B_svc,2,0.26662961185422557,11,0.2667130168128401,WLS,97,8.340495861453023e-05
2,UPFC_Vsh,5-15,1.1069653171154172,11,1.1082618909809656,WLS,97,0.0012965738655483783
3,UPFC_tsh,5-15,-0.2322637307490287,11,-0.2321895694025061,WLS,97,7.416134652260542e-05
4,UPFC_Vse,5-15,0.06052887101060491,11,0.06083974456658839,WLS,97,0.0003108735559834777
5,UPFC_tse,5-15,-2.151782136608444,11,-2.162680516533116,WLS,97,0.010898379924672241
0,x_tcsc,1-14,-0.1318248964608182,12,-0.1318415748844933,WLS,97,1.6678423675114962e-05
1,B_svc,2,0.26585058916786064,12,0.2667130168128401,WLS,97,0.0008624276449794577
2,UPFC_Vsh,5-15,1.1070492817367819,12,1.1082618909809656,WLS,97,0.00121260924418376
3,UPFC_tsh,5-15,-0.23218521020544997,12,-0.2321895694025061,WLS,97,4.359197056130748e-06
4,UPFC_Vse,5-15,0.061044033806074684,12,0.06083974456658839,WLS,97,0.00020428923948629524
5,UPFC_tse,5-15,-2.1481405509734515,12,-2.162680516533116,WLS,97,0.014539965559664747
0,x_tcsc,1-14,-0.13184580860994682,13,-0.1318415748844933,WLS,97,4.233725453522963e-06
1,B_svc,2,0.26633069606709525,13,0.2667130168128401,WLS,97,0.0003823207457448463
2,UPFC_Vsh,5-15,1.1068198874108286,13,1.1082618909809656,WLS,97,0.0014420035701370182
3,UPFC_tsh,5-15,-0.2322075692779662,13,-0.2321895694025061,WLS,97,1.7999875460111836e-05
4,UPFC_Vse,5-15,0.06025116165491025,13,0.06083974456658839,WLS,97,0.0005885829116781399
5,UPFC_tse,5-15,-2.1549085276387516,13,-2.162680516533116,WLS,97,0.00777198889436459
0,x_tcsc,1-14,-0.1318529124564678,14,-0.1318415748844933,WLS,97,1.1337571974495697e-05
1,B_svc,2,0.2667097299081642,14,0.2667130168128401,WLS,97,3.2869046758809972e-06
2,UPFC_Vsh,5-15,1.1068723982078374,14,1.1082618909809656,WLS,97,0.0013894927731281648
3,UPFC_tsh,5-15,-0.23226393087193356,14,-0.2321895694025061,WLS,97,7.436146942746413e-05
4,UPFC_Vse,5-15,0.0606126376083599,14,0.06083974456658839,WLS,97,0.00022710695822848737
5,UPFC_tse,5-15,-2.155630942792874,14,-2.162680516533116,WLS,97,0.0070495737402422876
0,x_tcsc,1-14,-0.1318567181298511,15,-0.1318415748844933,WLS,97,1.514324535781264e-05
1,B_svc,2,0.26607498725770584,15,0.2667130168128401,WLS,97,0.0006380295551342563
2,UPFC_Vsh,5-15,1.1067866447516896,15,1.1082618909809656,WLS,97,0.0014752462292759727
3,UPFC_tsh,5-15,-0.23217949728850884,15,-0.2321895694025061,WLS,97,1.0072113997255938e-05
4,UPFC_Vse,5-15,0.06014888504433878,15,0.06083974456658839,WLS,97,0.0006908595222496067
5,UPFC_tse,5-15,-2.153828077557859,15,-2.162680516533116,WLS,97,0.008852438975257115
0,x_tcsc,1-14,-0.13184222491464054,16,-0.1318415748844933,WLS,97,6.500301472367465e-07
1,B_svc,2,0.2665616125811584,16,0.2667130168128401,WLS,97,0.00015140423168169548
2,UPFC_Vsh,5-15,1.1066498380847636,16,1.1082618909809656,WLS,97,0.001612052896202032
3,UPFC_tsh,5-15,-0.23223593236173207,16,-0.2321895694025061,WLS,97,4.636295922597067e-05
4,UPFC_Vse,5-15,0.060861322599986396,16,0.06083974456658839,WLS,97,2.1578033398007845e-05
5,UPFC_tse,5-15,-2.155415694114419,16,-2.162680516533116,WLS,97,0.007264822418697303
0,x_tcsc,1-14,-0.13185503689553693,17,-0.1318415748844933,WLS,97,1.3462011043630095e-05
1,B_svc,2,0.2664813431680249,17,0.2667130168128401,WLS,97,0.00023167364481518904
2,UPFC_Vsh,5-15,1.106822963358215,17,1.1082618909809656,WLS,97,0.001438927622750663
3,UPFC_tsh,5-15,-0.23224482628118878,17,-0.2321895694025061,WLS,97,5.5256878682685695e-05
4,UPFC_Vse,5-15,0.0604834709436028,17,0.06083974456658839,WLS,97,0.0003562736229855909
5,UPFC_tse,5-15,-2.150845994856563,17,-2.162680516533116,WLS,97,0.011834521676553411
0,x_tcsc,1-14,-0.1318569186348521,18,-0.1318415748844933,WLS,97,1.5343750358803865e-05
1,B_svc,2,0.26661354431314244,18,0.2667130168128401,WLS,97,9.947249969766148e-05
2,UPFC_Vsh,5-15,1.1069823840565518,18,1.1082618909809656,WLS,97,0.001279506924413809
3,UPFC_tsh,5-15,-0.23222274567426623,18,-0.2321895694025061,WLS,97,3.317627176013804e-05
4,UPFC_Vse,5-15,0.060415122668637494,18,0.06083974456658839,WLS,97,0.0004246218979508942
5,UPFC_tse,5-15,-2.1544202043318763,18,-2.162680516533116,WLS,97,0.008260312201239906
0,x_tcsc,1-14,-0.13184836087063292,19,-0.1318415748844933,WLS,97,6.7859861396235566e-06
1,B_svc,2,0.26608209520605447,19,0.2667130168128401,WLS,97,0.0006309216067856283
2,UPFC_Vsh,5-15,1.1068906060690686,19,1.1082618909809656,WLS,97,0.001371284911896975
3,UPFC_tsh,5-15,-0.23224137980068107,19,-0.2321895694025061,WLS,97,5.1810398174978456e-05
4,UPFC_Vse,5-15,0.060770506499050546,19,0.06083974456658839,WLS,97,6.923806753784262e-05
5,UPFC_tse,5-15,-2.154202061767074,19,-2.162680516533116,WLS,97,0.008478454766042365
0,x_tcsc,1-14,-0.13184001364739284,20,-0.1318415748844933,WLS,97,1.56123710046141e-06
1,B_svc,2,0.2662539248278612,20,0.2667130168128401,WLS,97,0.0004590919849788988
2,UPFC_Vsh,5-15,1.1071579462893544,20,1.1082618909809656,WLS,97,0.001103944691611236
3,UPFC_tsh,5-15,-0.2322329428704172,20,-0.2321895694025061,WLS,97,4.337346791111196e-05
4,UPFC_Vse,5-15,0.06048337498279529,20,0.06083974456658839,WLS,97,0.0003563695837930994
5,UPFC_tse,5-15,-2.1572957242418815,20,-2.162680516533116,WLS,97,0.005384792291234675
0,x_tcsc,1-14,-0.13185084117252832,21,-0.1318415748844933,WLS,97,9.266288035020276e-06
1,B_svc,2,0.26631791867560345,21,0.2667130168128401,WLS,97,0.0003950981372366491
2,UPFC_Vsh,5-15,1.106957653445196,21,1.1082618909809656,WLS,97,0.0013042375357696923
3,UPFC_tsh,5-15,-0.23221985972569492,21,-0.2321895694025061,WLS,97,3.0290323188825186e-05
4,UPFC_Vse,5-15,0.06020669457542478,21,0.06083974456658839,WLS,97,0.0006330499911636062
5,UPFC_tse,5-15,-2.155376063266248,21,-2.162680516533116,WLS,97,0.007304453266868016
0,x_tcsc,1-14,-0.13183347570055046,22,-0.1318415748844933,WLS,97,8.09918394284459e-06
1,B_svc,2,0.2664220104903595,22,0.2667130168128401,WLS,97,0.00029100632248058034
2,UPFC_Vsh,5-15,1.1071045452578299,22,1.1082618909809656,WLS,97,0.0011573457231357498
3,UPFC_tsh,5-15,-0.23215951273264213,22,-0.2321895694025061,WLS,97,3.0056669863970376e-05
4,UPFC_Vse,5-15,0.06015101339195086,22,0.06083974456658839,WLS,97,0.0006887311746375316
5,UPFC_tse,5-15,-2.1552910601076074,22,-2.162680516533116,WLS,97,0.007389456425508811
0,x_tcsc,1-14,-0.13185161394334122,23,-0.1318415748844933,WLS,97,1.0039058847916005e-05
1,B_svc,2,0.2664155221321245,23,0.2667130168128401,WLS,97,0.00029749468071560425
2,UPFC_Vsh,5-15,1.106899007874549,23,1.1082618909809656,WLS,97,0.0013628831064165237
3,UPFC_tsh,5-15,-0.23224493977221422,23,-0.2321895694025061,WLS,97,5.5370369708124256e-05
4,UPFC_Vse,5-15,0.060469771814058,23,0.06083974456658839,WLS,97,0.00036997275253038836
5,UPFC_tse,5-15,-2.1564270778716117,23,-2.162680516533116,WLS,97,0.006253438661504518
0,x_tcsc,1-14,-0.1318297697215567,24,-0.1318415748844933,WLS,97,1.1805162936612268e-05
1,B_svc,2,0.26635853744289767,24,0.2667130168128401,WLS,97,0.0003544793699424287
2,UPFC_Vsh,5-15,1.107041572304083,24,1.1082618909809656,WLS,97,0.001220318676882659
3,UPFC_tsh,5-15,-0.23221226361507724,24,-0.2321895694025061,WLS,97,2.26942125711449e-05
4,UPFC_Vse,5-15,0.060391576335187165,24,0.06083974456658839,WLS,97,0.00044816823140122336
5,UPFC_tse,5-15,-2.1557383515881186,24,-2.162680516533116,WLS,97,0.006942164944997664
0,x_tcsc,1-14,-0.13184379064353347,25,-0.1318415748844933,WLS,97,2.2157590401639116e-06
1,B_svc,2,0.2664232048566407,25,0.2667130168128401,WLS,97,0.0002898119561993706
2,UPFC_Vsh,5-15,1.10677566436554,25,1.1082618909809656,WLS,97,0.0014862266154256343
3,UPFC_tsh,5-15,-0.23230487060224866,25,-0.2321895694025061,WLS,97,0.00011530119974256792
4,UPFC_Vse,5-15,0.060636507554042506,25,0.06083974456658839,WLS,97,0.00020323701254588294
5,UPFC_tse,5-15,-2.1574553748830803,25,-2.162680516533116,WLS,97,0.005225141650035958
0,x_tcsc,1-14,-0.1318439290580977,26,-0.1318415748844933,WLS,97,2.35417360439083e-06
1,B_svc,2,0.2666234247216779,26,0.2667130168128401,WLS,97,8.959209116221611e-05
2,UPFC_Vsh,5-15,1.1068049931742716,26,1.1082618909809656,WLS,97,0.001456897806694002
3,UPFC_tsh,5-15,-0.23225179132506085,26,-0.2321895694025061,WLS,97,6.2221922554756e-05
4,UPFC_Vse,5-15,0.060841975686967725,26,0.06083974456658839,WLS,97,2.231120379336815e-06
5,UPFC_tse,5-15,-2.157038730270276,26,-2.162680516533116,WLS,97,0.005641786262840398
0,x_tcsc,1-14,-0.13184437219715744,27,-0.1318415748844933,WLS,97,2.797312664143403e-06
1,B_svc,2,0.26654813131781185,27,0.2667130168128401,WLS,97,0.00016488549502824412
2,UPFC_Vsh,5-15,1.1070572266378431,27,1.1082618909809656,WLS,97,0.0012046643431224968
3,UPFC_tsh,5-15,-0.23217824475207904,27,-0.2321895694025061,WLS,97,1.1324650427052552e-05
4,UPFC_Vse,5-15,0.060697949108490704,27,0.06083974456658839,WLS,97,0.0001417954580976849
5,UPFC_tse,5-15,-2.1548430456086005,27,-2.162680516533116,WLS,97,0.0078374709245157
0,x_tcsc,1-14,-0.13183321152966998,28,-0.1318415748844933,WLS,97,8.363354823320845e-06
1,B_svc,2,0.2660607728016305,28,0.2667130168128401,WLS,97,0.0006522440112096128
2,UPFC_Vsh,5-15,1.1070099366121209,28,1.1082618909809656,WLS,97,0.001251954368844732
3,UPFC_tsh,5-15,-0.23226380857410733,28,-0.2321895694025061,WLS,97,7.423917160123694e-05
4,UPFC_Vse,5-15,0.06053405690353026,28,0.06083974456658839,WLS,97,0.00030568766305812817
5,UPFC_tse,5-15,-2.1564038177505886,28,-2.162680516533116,WLS,97,0.006276698782527568
0,x_tcsc,1-14,-0.13184080288601538,29,-0.1318415748844933,WLS,97,7.719984779219757e-07
1,B_svc,2,0.2661173652004613,29,0.2667130168128401,WLS,97,0.0005956516123787892
2,UPFC_Vsh,5-15,1.1067409640210841,29,1.1082618909809656,WLS,97,0.0015209269598814856
3,UPFC_tsh,5-15,-0.23222273810387736,29,-0.2321895694025061,WLS,97,3.316870137126671e-05
4,UPFC_Vse,5-15,0.060741047589111495,29,0.06083974456658839,WLS,97,9.869697747689338e-05
5,UPFC_tse,5-15,-2.152805938215827,29,-2.162680516533116,WLS,97,0.009874578317289107
0,x_tcsc,1-14,-0.13183604285248704,30,-0.1318415748844933,WLS,97,5.532032006261289e-06
1,B_svc,2,0.2659062720950895,30,0.2667130168128401,WLS,97,0.0008067447177506071
2,UPFC_Vsh,5-15,1.1069201280640582,30,1.1082618909809656,WLS,97,0.001341762916907463
3,UPFC_tsh,5-15,-0.2321927021893924,30,-0.2321895694025061,WLS,97,3.132786886295147e-06
4,UPFC_Vse,5-15,0.06028135778347973,30,0.06083974456658839,WLS,97,0.0005583867831086553
5,UPFC_tse,5-15,-2.1555783758552747,30,-2.162680516533116,WLS,97,0.00710214067784154
0,x_tcsc,1-14,-0.13184664337016921,31,-0.1318415748844933,WLS,97,5.068485675913115e-06
1,B_svc,2,0.2665880255543101,31,0.2667130168128401,WLS,97,0.00012499125852999393
2,UPFC_Vsh,5-15,1.1067480398616245,31,1.1082618909809656,WLS,97,0.001513851119341103
3,UPFC_tsh,5-15,-0.2322462284381118,31,-0.2321895694025061,WLS,97,5.6659035605699515e-05
4,UPFC_Vse,5-15,0.06041120125019955,31,0.06083974456658839,WLS,97,0.00042854331638883525
5,UPFC_tse,5-15,-2.156234771573644,31,-2.162680516533116,WLS,97,0.006445744959472144
0,x_tcsc,1-14,-0.13184307523510275,32,-0.1318415748844933,WLS,97,1.5003506094457553e-06
1,B_svc,2,0.26632143314196366,32,0.2667130168128401,WLS,97,0.00039158367087643864
2,UPFC_Vsh,5-15,1.107008381453258,32,1.1082618909809656,WLS,97,0.0012535095277075303
3,UPFC_tsh,5-15,-0.23226429840432436,32,-0.2321895694025061,WLS,97,7.472900181826336e-05
4,UPFC_Vse,5-15,0.0603476881964554,32,0.06083974456658839,WLS,97,0.0004920563701329914
5,UPFC_tse,5-15,-2.1563285417472895,32,-2.162680516533116,WLS,97,0.0063519747858267195
0,x_tcsc,1-14,-0.13183702565051067,33,-0.1318415748844933,WLS,97,4.5492339826314065e-06
1,B_svc,2,0.26669854147350036,33,0.2667130168128401,WLS,97,1.447533933973677e-05
2,UPFC_Vsh,5-15,1.1069875260623787,33,1.1082618909809656,WLS,97,0.001274364918586901
3,UPFC_tsh,5-15,-0.23223986076206965,33,-0.2321895694025061,WLS,97,5.029135956355346e-05
4,UPFC_Vse,5-15,0.06045858436871094,33,0.06083974456658839,WLS,97,0.000381160197877449
5,UPFC_tse,5-15,-2.1552446141666675,33,-2.162680516533116,WLS,97,0.0074359023664487545
0,x_tcsc,1-14,-0.13185458989625956,34,-0.1318415748844933,WLS,97,1.3015011766259743e-05
1,B_svc,2,0.2658995835007128,34,0.2667130168128401,WLS,97,0.0008134333121272985
2,UPFC_Vsh,5-15,1.1068746219366905,34,1.1082618909809656,WLS,97,0.0013872690442751079
3,UPFC_tsh,5-15,-0.23222297887892104,34,-0.2321895694025061,WLS,97,3.340947641494729e-05
4,UPFC_Vse,5-15,0.06053083391806855,34,0.06083974456658839,WLS,97,0.00030891064851983757
5,UPFC_tse,5-15,-2.155083877152098,34,-2.162680516533116,WLS,97,0.007596639381018289
0,x_tcsc,1-14,-0.1318425606026041,35,-0.1318415748844933,WLS,97,9.857181108019475e-07
1,B_svc,2,0.26662304634754425,35,0.2667130168128401,WLS,97,8.997046529585218e-05
2,UPFC_Vsh,5-15,1.1070865930235645,35,1.1082618909809656,WLS,97,0.0011752979574011224
3,UPFC_tsh,5-15,-0.23223546298826622,35,-0.2321895694025061,WLS,97,4.589358576012614e-05
4,UPFC_Vse,5-15,0.06059379802661215,35,0.06083974456658839,WLS,97,0.00024594653997624116
5,UPFC_tse,5-15,-2.1552946449469648,35,-2.162680516533116,WLS,97,0.007385871586151449
0,x_tcsc,1-14,-0.13184674789102643,36,-0.1318415748844933,WLS,97,5.173006533132352e-06
1,B_svc,2,0.26630525514468173,36,0.2667130168128401,WLS,97,0.00040776166815836845
2,UPFC_Vsh,5-15,1.1072201045585128,36,1.1082618909809656,WLS,97,0.001041786422452784
3,UPFC_tsh,5-15,-0.23228500681184805,36,-0.2321895694025061,WLS,97,9.5437409341953e-05
4,UPFC_Vse,5-15,0.060745119903190335,36,0.06083974456658839,WLS,97,9.462466339805325e-05
5,UPFC_tse,5-15,-2.15670043451952,36,-2.162680516533116,WLS,97,0.005980082013596011
0,x_tcsc,1-14,-0.131855588511319,37,-0.1318415748844933,WLS,97,1.4013626825709613e-05
1,B_svc,2,0.26683462626471954,37,0.2667130168128401,WLS,97,0.00012160945187944527
2,UPFC_Vsh,5-15,1.106946361485931,37,1.1082618909809656,WLS,97,0.0013155294950346619
3,UPFC_tsh,5-15,-0.23222977663923985,37,-0.2321895694025061,WLS,97,4.0207236733758034e-05
4,UPFC_Vse,5-15,0.05986976732814335,37,0.06083974456658839,WLS,97,0.0009699772384450384
5,UPFC_tse,5-15,-2.1603794092629682,37,-2.162680516533116,WLS,97,0.002301107270147984
0,x_tcsc,1-14,-0.13183965827513125,38,-0.1318415748844933,WLS,97,1.9166093620515134e-06
1,B_svc,2,0.2662086282164215,38,0.2667130168128401,WLS,97,0.0005043885964186035
2,UPFC_Vsh,5-15,1.1072169620674353,38,1.1082618909809656,WLS,97,0.001044928913530363
3,UPFC_tsh,5-15,-0.23216713907144193,38,-0.2321895694025061,WLS,97,2.243033106416603e-05
4,UPFC_Vse,5-15,0.06066610869264961,38,0.06083974456658839,WLS,97,0.00017363587393878083
5,UPFC_tse,5-15,-2.1522250334300606,38,-2.162680516533116,WLS,97,0.010455483103055663
0,x_tcsc,1-14,-0.13184934868589465,39,-0.1318415748844933,WLS,97,7.773801401350644e-06
1,B_svc,2,0.2668725051514466,39,0.2667130168128401,WLS,97,0.00015948833860651712
2,UPFC_Vsh,5-15,1.106903251180744,39,1.1082618909809656,WLS,97,0.0013586398002216615
3,UPFC_tsh,5-15,-0.23217707746678248,39,-0.2321895694025061,WLS,97,1.2491935723613068e-05
4,UPFC_Vse,5-15,0.06047916326257529,39,0.06083974456658839,WLS,97,0.0003605813040130981
5,UPFC_tse,5-15,-2.1531331184478146,39,-2.162680516533116,WLS,97,0.009547398085301584
0,x_tcsc,1-14,-0.13183626521846906,40,-0.1318415748844933,WLS,97,5.3096660242446525e-06
1,B_svc,2,0.2663997168426115,40,0.2667130168128401,WLS,97,0.0003132999702286088
2,UPFC_Vsh,5-15,1.1068450855046712,40,1.1082618909809656,WLS,97,0.0014168054762944138
3,UPFC_tsh,5-15,-0.23216797923162272,40,-0.2321895694025061,WLS,97,2.159017088337878e-05
4,UPFC_Vse,5-15,0.06063794781103969,40,0.06083974456658839,WLS,97,0.00020179675554869714
5,UPFC_tse,5-15,-2.154632493527094,40,-2.162680516533116,WLS,97,0.008048023006022031
0,x_tcsc,1-14,-0.13185759460164712,41,-0.1318415748844933,WLS,97,1.601971715381456e-05
1,B_svc,2,0.26695454922760736,41,0.2667130168128401,WLS,97,0.00024153241476726484
2,UPFC_Vsh,5-15,1.107041656621457,41,1.1082618909809656,WLS,97,0.0012202343595086873
3,UPFC_tsh,5-15,-0.23228316078083056,41,-0.2321895694025061,WLS,97,9.359137832445907e-05
4,UPFC_Vse,5-15,0.06055724946290283,41,0.06083974456658839,WLS,97,0.0002824951036855608
5,UPFC_tse,5-15,-2.1571422411415053,41,-2.162680516533116,WLS,97,0.005538275391610892
0,x_tcsc,1-14,-0.1318538799171665,42,-0.1318415748844933,WLS,97,1.2305032673187721e-05
1,B_svc,2,0.26654740497269125,42,0.2667130168128401,WLS,97,0.00016561184014884933
2,UPFC_Vsh,5-15,1.1064282790953814,42,1.1082618909809656,WLS,97,0.0018336118855841743
3,UPFC_tsh,5-15,-0.23227255108822817,42,-0.2321895694025061,WLS,97,8.298168572207221e-05
4,UPFC_Vse,5-15,0.060625235917735214,42,0.06083974456658839,WLS,97,0.00021450864885317472
5,UPFC_tse,5-15,-2.1526451131495254,42,-2.162680516533116,WLS,97,0.010035403383590769
0,x_tcsc,1-14,-0.1318482179376056,43,-0.1318415748844933,WLS,97,6.643053112292963e-06
1,B_svc,2,0.26619839219991565,43,0.2667130168128401,WLS,97,0.0005146246129244525
2,UPFC_Vsh,5-15,1.1066825046888782,43,1.1082618909809656,WLS,97,0.0015793862920874258
3,UPFC_tsh,5-15,-0.23224873483818342,43,-0.2321895694025061,WLS,97,5.916543567732746e-05
4,UPFC_Vse,5-15,0.06073041973561899,43,0.06083974456658839,WLS,97,0.00010932483096939838
5,UPFC_tse,5-15,-2.1551977164574048,43,-2.162680516533116,WLS,97,0.007482800075711449
0,x_tcsc,1-14,-0.1318471983778591,44,-0.1318415748844933,WLS,97,5.623493365802812e-06
1,B_svc,2,0.2661195244151914,44,0.2667130168128401,WLS,97,0.0005934923976487205
2,UPFC_Vsh,5-15,1.107048615789852,44,1.1082618909809656,WLS,97,0.001213275191113583
3,UPFC_tsh,5-15,-0.23222763261013596,44,-0.2321895694025061,WLS,97,3.8063207629862594e-05
4,UPFC_Vse,5-15,0.06024114532642175,44,0.06083974456658839,WLS,97,0.0005985992401666418
5,UPFC_tse,5-15,-2.1551230470144347,44,-2.162680516533116,WLS,97,0.0075574695186815255
0,x_tcsc,1-14,-0.131841068222295,45,-0.1318415748844933,WLS,97,5.066621983074171e-07
1,B_svc,2,0.26633347399642815,45,0.2667130168128401,WLS,97,0.00037954281641194854
2,UPFC_Vsh,5-15,1.1069607547824507,45,1.1082618909809656,WLS,97,0.0013011361985149072
3,UPFC_tsh,5-15,-0.2322439310647386,45,-0.2321895694025061,WLS,97,5.4361662232493835e-05
4,UPFC_Vse,5-15,0.06049381033122304,45,0.06083974456658839,WLS,97,0.00034593423536535134
5,UPFC_tse,5-15,-2.153882665934584,45,-2.162680516533116,WLS,97,0.008797850598531998
0,x_tcsc,1-14,-0.13186931295804774,46,-0.1318415748844933,WLS,97,2.773807355443969e-05
1,B_svc,2,0.26660273634911685,46,0.2667130168128401,WLS,97,0.00011028046372324463
2,UPFC_Vsh,5-15,1.1071617577566946,46,1.1082618909809656,WLS,97,0.0011001332242710493
3,UPFC_tsh,5-15,-0.23224389910238724,46,-0.2321895694025061,WLS,97,5.432969988114489e-05
4,UPFC_Vse,5-15,0.06075502864015285,46,0.06083974456658839,WLS,97,8.471592643553849e-05
5,UPFC_tse,5-15,-2.154672293249765,46,-2.162680516533116,WLS,97,0.008008223283351157
0,x_tcsc,1-14,-0.13184211606439497,47,-0.1318415748844933,WLS,97,5.411799016696861e-07
1,B_svc,2,0.2662383556452026,47,0.2667130168128401,WLS,97,0.0004746611676375023
2,UPFC_Vsh,5-15,1.1067727672362175,47,1.1082618909809656,WLS,97,0.0014891237447480776
3,UPFC_tsh,5-15,-0.23213038707407424,47,-0.2321895694025061,WLS,97,5.9182328431856e-05
4,UPFC_Vse,5-15,0.06039101922704003,47,0.06083974456658839,WLS,97,0.0004487253395483587
5,UPFC_tse,5-15,-2.151414777391072,47,-2.162680516533116,WLS,97,0.011265739142044318
0,x_tcsc,1-14,-0.1318380891159813,48,-0.1318415748844933,WLS,97,3.4857685120015525e-06
1,B_svc,2,0.26631587560664277,48,0.2667130168128401,WLS,97,0.00039714120619732673
2,UPFC_Vsh,5-15,1.1069573517963769,48,1.1082618909809656,WLS,97,0.0013045391845887266
3,UPFC_tsh,5-15,-0.23225264679359978,48,-0.2321895694025061,WLS,97,6.307739109367994e-05
4,UPFC_Vse,5-15,0.060616834942457995,48,0.06083974456658839,WLS,97,0.0002229096241303935
5,UPFC_tse,5-15,-2.1579249440057597,48,-2.162680516533116,WLS,97,0.0047555725273564775
0,x_tcsc,1-14,-0.13182289212215048,49,-0.1318415748844933,WLS,97,1.8682762342819847e-05
1,B_svc,2,0.2661042389935529,49,0.2667130168128401,WLS,97,0.0006087778192871984
2,UPFC_Vsh,5-15,1.1068563447664648,49,1.1082618909809656,WLS,97,0.0014055462145008413
3,UPFC_tsh,5-15,-0.23227773433631405,49,-0.2321895694025061,WLS,97,8.816493380794932e-05
4,UPFC_Vse,5-15,0.0607531184714473,49,0.06083974456658839,WLS,97,8.662609514108882e-05
5,UPFC_tse,5-15,-2.1580534355917917,49,-2.162680516533116,WLS,97,0.0046270809413244685
0,x_tcsc,1-14,-0.13184898700930134,50,-0.1318415748844933,WLS,97,7.412124808037213e-06
1,B_svc,2,0.26621536455112504,50,0.2667130168128401,WLS,97,0.0004976522617150536
2,UPFC_Vsh,5-15,1.1070567910290303,50,1.1082618909809656,WLS,97,0.0012050999519352956
3,UPFC_tsh,5-15,-0.23222551278841563,50,-0.2321895694025061,WLS,97,3.594338590953705e-05
4,UPFC_Vse,5-15,0.06063683833830303,50,0.06083974456658839,WLS,97,0.0002029062282853586
5,UPFC_tse,5-15,-2.1549399906644524,50,-2.162680516533116,WLS,97,0.007740525868663806
0,x_tcsc,1-14,-0.13184085442263577,51,-0.1318415748844933,WLS,97,7.204618575340493e-07
1,B_svc,2,0.26621808337259695,51,0.2667130168128401,WLS,97,0.0004949334402431504
2,UPFC_Vsh,5-15,1.1069005343057694,51,1.1082618909809656,WLS,97,0.0013613566751962125
3,UPFC_tsh,5-15,-0.23219272003585772,51,-0.2321895694025061,WLS,97,3.1506333516284624e-06
4,UPFC_Vse,5-15,0.060301678332457406,51,0.06083974456658839,WLS,97,0.0005380662341309822
5,UPFC_tse,5-15,-2.1536457115079597,51,-2.162680516533116,WLS,97,0.009034805025156523
0,x_tcsc,1-14,-0.13184122760539416,52,-0.1318415748844933,WLS,97,3.472790991443375e-07
1,B_svc,2,0.2666382968446353,52,0.2667130168128401,WLS,97,7.471996820479498e-05
2,UPFC_Vsh,5-15,1.1067877587239718,52,1.1082618909809656,WLS,97,0.0014741322569937765
3,UPFC_tsh,5-15,-0.2323102316813881,52,-0.2321895694025061,WLS,97,0.00012066227888199443
4,UPFC_Vse,5-15,0.06052240004605322,52,0.06083974456658839,WLS,97,0.0003173445205351677
5,UPFC_tse,5-15,-2.1541993289982573,52,-2.162680516533116,WLS,97,0.008481187534858936
0,x_tcsc,1-14,-0.13183726008751373,53,-0.1318415748844933,WLS,97,4.314796979570934e-06
1,B_svc,2,0.26675757543890966,53,0.2667130168128401,WLS,97,4.4558626069557405e-05
2,UPFC_Vsh,5-15,1.1068197418360175,53,1.1082618909809656,WLS,97,0.0014421491449481127
3,UPFC_tsh,5-15,-0.23223141200335784,53,-0.2321895694025061,WLS,97,4.184260085174363e-05
4,UPFC_Vse,5-15,0.06058003977834293,53,0.06083974456658839,WLS,97,0.00025970478824546145
5,UPFC_tse,5-15,-2.1524201048737095,53,-2.162680516533116,WLS,97,0.01026041165940672
0,x_tcsc,1-14,-0.13186229489545437,54,-0.1318415748844933,WLS,97,2.0720010961067237e-05
1,B_svc,2,0.2666184640753263,54,0.2667130168128401,WLS,97,9.455273751379778e-05
2,UPFC_Vsh,5-15,1.10691209847654,54,1.1082618909809656,WLS,97,0.0013497925044256842
3,UPFC_tsh,5-15,-0.23227590413730115,54,-0.2321895694025061,WLS,97,8.63347347950516e-05
4,UPFC_Vse,5-15,0.06080633906760904,54,0.06083974456658839,WLS,97,3.3405498979351134e-05
5,UPFC_tse,5-15,-2.1552368463347182,54,-2.162680516533116,WLS,97,0.007443670198397978
0,x_tcsc,1-14,-0.1318621392613789,55,-0.1318415748844933,WLS,97,2.056437688560675e-05
1,B_svc,2,0.26691177000994915,55,0.2667130168128401,WLS,97,0.00019875319710904726
2,UPFC_Vsh,5-15,1.1069447133222776,55,1.1082618909809656,WLS,97,0.0013171776586879957
3,UPFC_tsh,5-15,-0.23232500990250018,55,-0.2321895694025061,WLS,97,0.00013544049999408836
4,UPFC_Vse,5-15,0.06063743894062441,55,0.06083974456658839,WLS,97,0.00020230562596398188
5,UPFC_tse,5-15,-2.155986598986293,55,-2.162680516533116,WLS,97,0.006693917546823247
0,x_tcsc,1-14,-0.13184880755104852,56,-0.1318415748844933,WLS,97,7.232666555223588e-06
1,B_svc,2,0.26650746289882654,56,0.2667130168128401,WLS,97,0.0002055539140135565
2,UPFC_Vsh,5-15,1.1065394706559255,56,1.1082618909809656,WLS,97,0.0017224203250401082
3,UPFC_tsh,5-15,-0.23226850681019948,56,-0.2321895694025061,WLS,97,7.89374076933802e-05
4,UPFC_Vse,5-15,0.06065096400251156,56,0.06083974456658839,WLS,97,0.00018878056407682642
5,UPFC_tse,5-15,-2.1549248841752133,56,-2.162680516533116,WLS,97,0.007755632357902886
0,x_tcsc,1-14,-0.1318505528880887,57,-0.1318415748844933,WLS,97,8.978003595394579e-06
1,B_svc,2,0.26625146247172243,57,0.2667130168128401,WLS,97,0.0004615543411176648
2,UPFC_Vsh,5-15,1.106815953060637,57,1.1082618909809656,WLS,97,0.0014459379203286549
3,UPFC_tsh,5-15,-0.23222733792275604,57,-0.2321895694025061,WLS,97,3.776852024994781e-05
4,UPFC_Vse,5-15,0.0602245024974016,57,0.06083974456658839,WLS,97,0.0006152420691867902
5,UPFC_tse,5-15,-2.156236130931325,57,-2.162680516533116,WLS,97,0.006444385601791058
0,x_tcsc,1-14,-0.13185811022073543,58,-0.1318415748844933,WLS,97,1.653533624212944e-05
1,B_svc,2,0.2663449118556544,58,0.2667130168128401,WLS,97,0.0003681049571856998
2,UPFC_Vsh,5-15,1.10647702437633,58,1.1082618909809656,WLS,97,0.0017848666046356154
3,UPFC_tsh,5-15,-0.2322963438018003,58,-0.2321895694025061,WLS,97,0.00010677439929421273
4,UPFC_Vse,5-15,0.06071438852035557,58,0.06083974456658839,WLS,97,0.00012535604623281627
5,UPFC_tse,5-15,-2.1534340328652606,58,-2.162680516533116,WLS,97,0.009246483667855632
0,x_tcsc,1-14,-0.13186453777265708,59,-0.1318415748844933,WLS,97,2.2962888163780004e-05
1,B_svc,2,0.26623106725109846,59,0.2667130168128401,WLS,97,0.0004819495617416347
2,UPFC_Vsh,5-15,1.106812727928743,59,1.1082618909809656,WLS,97,0.0014491630522226462
3,UPFC_tsh,5-15,-0.23231486478610977,59,-0.2321895694025061,WLS,97,0.0001252953836036741
4,UPFC_Vse,5-15,0.06076705511901548,59,0.06083974456658839,WLS,97,7.268944757291007e-05
5,UPFC_tse,5-15,-2.155802378738871,59,-2.162680516533116,WLS,97,0.006878137794245287
0,x_tcsc,1-14,-0.13184631813052342,60,-0.1318415748844933,WLS,97,4.743246030114445e-06
1,B_svc,2,0.2667042297176373,60,0.2667130168128401,WLS,97,8.787095202800188e-06
2,UPFC_Vsh,5-15,1.106812189177739,60,1.1082618909809656,WLS,97,0.0014497018032266773
3,UPFC_tsh,5-15,-0.23227222468219647,60,-0.2321895694025061,WLS,97,8.265527969036901e-05
4,UPFC_Vse,5-15,0.060618556276819294,60,0.06083974456658839,WLS,97,0.00022118828976909477
5,UPFC_tse,5-15,-2.155038811227646,60,-2.162680516533116,WLS,97,0.007641705305470037
0,x_tcsc,1-14,-0.1318395184712922,61,-0.1318415748844933,WLS,97,2.0564132011124947e-06
1,B_svc,2,0.2667032438217343,61,0.2667130168128401,WLS,97,9.772991105772011e-06
2,UPFC_Vsh,5-15,1.107037117051875,61,1.1082618909809656,WLS,97,0.0012247739290907056
3,UPFC_tsh,5-15,-0.2322348619897311,61,-0.2321895694025061,WLS,97,4.5292587224993186e-05
4,UPFC_Vse,5-15,0.060601919839916585,61,0.06083974456658839,WLS,97,0.00023782472667180365
5,UPFC_tse,5-15,-2.154204944010349,61,-2.162680516533116,WLS,97,0.008475572522767205
0,x_tcsc,1-14,-0.13184546176799436,62,-0.1318415748844933,WLS,97,3.886883501058591e-06
1,B_svc,2,0.2665525476854214,62,0.2667130168128401,WLS,97,0.00016046912741868313
2,UPFC_Vsh,5-15,1.1067988351153648,62,1.1082618909809656,WLS,97,0.0014630558656008041
3,UPFC_tsh,5-15,-0.23218024109634164,62,-0.2321895694025061,WLS,97,9.328306164457789e-06
4,UPFC_Vse,5-15,0.06001397316706175,62,0.06083974456658839,WLS,97,0.0008257713995266369
5,UPFC_tse,5-15,-2.155790634849084,62,-2.162680516533116,WLS,97,0.006889881684032151
0,x_tcsc,1-14,-0.13184113388618643,63,-0.1318415748844933,WLS,97,4.4099830687205355e-07
1,B_svc,2,0.2666221818348779,63,0.2667130168128401,WLS,97,9.083497796219531e-05
2,UPFC_Vsh,5-15,1.1066724555975491,63,1.1082618909809656,WLS,97,0.0015894353834164932
3,UPFC_tsh,5-15,-0.2322288727334656,63,-0.2321895694025061,WLS,97,3.930333095950034e-05
4,UPFC_Vse,5-15,0.060141537917905066,63,0.06083974456658839,WLS,97,0.0006982066486833222
5,UPFC_tse,5-15,-2.1557247087984956,63,-2.162680516533116,WLS,97,0.006955807734620567
0,x_tcsc,1-14,-0.1318525570163099,64,-0.1318415748844933,WLS,97,1.09821318166059e-05
1,B_svc,2,0.2664599455929424,64,0.2667130168128401,WLS,97,0.00025307121989770476
2,UPFC_Vsh,5-15,1.1067986290913536,64,1.1082618909809656,WLS,97,0.0014632618896119887
3,UPFC_tsh,5-15,-0.2322572676814301,64,-0.2321895694025061,WLS,97,6.769827892399993e-05
4,UPFC_Vse,5-15,0.060528779825772136,64,0.06083974456658839,WLS,97,0.00031096474081625247
5,UPFC_tse,5-15,-2.151411227480425,64,-2.162680516533116,WLS,97,0.01126928905269109
0,x_tcsc,1-14,-0.13184101206616824,65,-0.1318415748844933,WLS,97,5.628183250561136e-07
1,B_svc,2,0.2663674553436866,65,0.2667130168128401,WLS,97,0.00034556146915348807
2,UPFC_Vsh,5-15,1.1070901421771593,65,1.1082618909809656,WLS,97,0.0011717488038063273
3,UPFC_tsh,5-15,-0.23223800073235287,65,-0.2321895694025061,WLS,97,4.843132984677645e-05
4,UPFC_Vse,5-15,0.06053424866009485,65,0.06083974456658839,WLS,97,0.00030549590649353586
5,UPFC_tse,5-15,-2.153028946109435,65,-2.162680516533116,WLS,97,0.009651570423681033
0,x_tcsc,1-14,-0.13185786039625097,66,-0.1318415748844933,WLS,97,1.628551175766879e-05
1,B_svc,2,0.26662130561476216,66,0.2667130168128401,WLS,97,9.171119807793726e-05
2,UPFC_Vsh,5-15,1.1066619708072667,66,1.1082618909809656,WLS,97,0.001599920173698921
3,UPFC_tsh,5-15,-0.23228146907433933,66,-0.2321895694025061,WLS,97,9.189967183323433e-05
4,UPFC_Vse,5-15,0.06066456834386151,66,0.06083974456658839,WLS,97,0.00017517622272687772
5,UPFC_tse,5-15,-2.1530090812492677,66,-2.162680516533116,WLS,97,0.009671435283848506
0,x_tcsc,1-14,-0.1318453044290987,67,-0.1318415748844933,WLS,97,3.7295446053964287e-06
1,B_svc,2,0.2665670957436957,67,0.2667130168128401,WLS,97,0.00014592106914440572
2,UPFC_Vsh,5-15,1.1068529450350033,67,1.1082618909809656,WLS,97,0.0014089459459623033
3,UPFC_tsh,5-15,-0.23227375078778836,67,-0.2321895694025061,WLS,97,8.418138528226704e-05
4,UPFC_Vse,5-15,0.06074770318099768,67,0.06083974456658839,WLS,97,9.204138559070624e-05
5,UPFC_tse,5-15,-2.1538338448209666,67,-2.162680516533116,WLS,97,0.00884667171214959
0,x_tcsc,1-14,-0.13187099620691287,68,-0.1318415748844933,WLS,97,2.9421322419564966e-05
1,B_svc,2,0.26672756712599477,68,0.2667130168128401,WLS,97,1.4550313154670924e-05
2,UPFC_Vsh,5-15,1.1069120114327586,68,1.1082618909809656,WLS,97,0.001349879548206978
3,UPFC_tsh,5-15,-0.23225024440937325,68,-0.2321895694025061,WLS,97,6.067500686715577e-05
4,UPFC_Vse,5-15,0.06069788431706613,68,0.06083974456658839,WLS,97,0.00014186024952225762
5,UPFC_tse,5-15,-2.15417585644547,68,-2.162680516533116,WLS,97,0.008504660087646165
0,x_tcsc,1-14,-0.13186743705469753,69,-0.1318415748844933,WLS,97,2.586217020422721e-05
1,B_svc,2,0.2668960597929088,69,0.2667130168128401,WLS,97,0.000183042980068715
2,UPFC_Vsh,5-15,1.1068919904833274,69,1.1082618909809656,WLS,97,0.0013699004976381879
3,UPFC_tsh,5-15,-0.23226388955163435,69,-0.2321895694025061,WLS,97,7.432014912825413e-05
4,UPFC_Vse,5-15,0.06002210398344085,69,0.06083974456658839,WLS,97,0.0008176405831475386
5,UPFC_tse,5-15,-2.159166092945431,69,-2.162680516533116,WLS,97,0.003514423587685389
0,x_tcsc,1-14,-0.13185015242732898,70,-0.1318415748844933,WLS,97,8.577542835674912e-06
1,B_svc,2,0.2669899546766092,70,0.2667130168128401,WLS,97,0.0002769378637690889
2,UPFC_Vsh,5-15,1.1068821329788652,70,1.1082618909809656,WLS,97,0.0013797580021004396
3,UPFC_tsh,5-15,-0.23224119696702264,70,-0.2321895694025061,WLS,97,5.1627564516543156e-05
4,UPFC_Vse,5-15,0.0604710541791097,70,0.06083974456658839,WLS,97,0.00036869038747868593
5,UPFC_tse,5-15,-2.1542123916518974,70,-2.162680516533116,WLS,97,0.008468124881218841
0,x_tcsc,1-14,-0.13185378345777635,71,-0.1318415748844933,WLS,97,1.2208573283045698e-05
1,B_svc,2,0.266286378170204,71,0.2667130168128401,WLS,97,0.0004266386426360902
2,UPFC_Vsh,5-15,1.1068442692877258,71,1.1082618909809656,WLS,97,0.001417621693239779
3,UPFC_tsh,5-15,-0.23227899345857847,71,-0.2321895694025061,WLS,97,8.942405607237358e-05
4,UPFC_Vse,5-15,0.06002251899610746,71,0.06083974456658839,WLS,97,0.0008172255704809311
5,UPFC_tse,5-15,-2.1573048825852026,71,-2.162680516533116,WLS,97,0.005375633947913627
0,x_tcsc,1-14,-0.1318699123914947,72,-0.1318415748844933,WLS,97,2.8337507001402473e-05
1,B_svc,2,0.2663808466601709,72,0.2667130168128401,WLS,97,0.0003321701526691756
2,UPFC_Vsh,5-15,1.1067485571867444,72,1.1082618909809656,WLS,97,0.00151333379422125
3,UPFC_tsh,5-15,-0.23237564369196564,72,-0.2321895694025061,WLS,97,0.00018607428945954796
4,UPFC_Vse,5-15,0.060406216084891315,72,0.06083974456658839,WLS,97,0.0004335284816970736
5,UPFC_tse,5-15,-2.155288018907868,72,-2.162680516533116,WLS,97,0.0073924976252484065
0,x_tcsc,1-14,-0.13186158379167143,73,-0.1318415748844933,WLS,97,2.00089071781262e-05
1,B_svc,2,0.26631200383183273,73,0.2667130168128401,WLS,97,0.0004010129810073648
2,UPFC_Vsh,5-15,1.1068438725602172,73,1.1082618909809656,WLS,97,0.0014180184207484015
3,UPFC_tsh,5-15,-0.23224683871456447,73,-0.2321895694025061,WLS,97,5.726931205837782e-05
4,UPFC_Vse,5-15,0.06053405753248019,73,0.06083974456658839,WLS,97,0.0003056870341082013
5,UPFC_tse,5-15,-2.1549792796004197,73,-2.162680516533116,WLS,97,0.007701236932696531
0,x_tcsc,1-14,-0.1318546689095978,74,-0.1318415748844933,WLS,97,1.309402510449309e-05
1,B_svc,2,0.2662713104569638,74,0.2667130168128401,WLS,97,0.00044170635587631457
2,UPFC_Vsh,5-15,1.1066200241215196,74,1.1082618909809656,WLS,97,0.0016418668594460062
3,UPFC_tsh,5-15,-0.23219650885349513,74,-0.2321895694025061,WLS,97,6.939450989035256e-06
4,UPFC_Vse,5-15,0.060601547196226534,74,0.06083974456658839,WLS,97,0.0002381973703618548
5,UPFC_tse,5-15,-2.152554553006943,74,-2.162680516533116,WLS,97,0.01012596352617301
0,x_tcsc,1-14,-0.13183991203054324,75,-0.1318415748844933,WLS,97,1.662853950062937e-06
1,B_svc,2,0.2667841477425941,75,0.2667130168128401,WLS,97,7.113092975402635e-05
2,UPFC_Vsh,5-15,1.1066292461277747,75,1.1082618909809656,WLS,97,0.0016326448531909232
3,UPFC_tsh,5-15,-0.2322389320790851,75,-0.2321895694025061,WLS,97,4.936267657901228e-05
4,UPFC_Vse,5-15,0.060535523525112954,75,0.06083974456658839,WLS,97,0.00030422104147543455
5,UPFC_tse,5-15,-2.155641874533319,75,-2.162680516533116,WLS,97,0.007038641999797424
0,x_tcsc,1-14,-0.13183717917300894,76,-0.1318415748844933,WLS,97,4.395711484361797e-06
1,B_svc,2,0.2665863292027923,76,0.2667130168128401,WLS,97,0.00012668761004780427
2,UPFC_Vsh,5-15,1.1069939328766096,76,1.1082618909809656,WLS,97,0.0012679581043559818
3,UPFC_tsh,5-15,-0.23230873584447312,76,-0.2321895694025061,WLS,97,0.00011916644196702242
4,UPFC_Vse,5-15,0.060828753974837675,76,0.06083974456658839,WLS,97,1.0990591750713319e-05
5,UPFC_tse,5-15,-2.1553348183703385,76,-2.162680516533116,WLS,97,0.007345698162777747
0,x_tcsc,1-14,-0.13184872037882325,77,-0.1318415748844933,WLS,97,7.14549432995204e-06
1,B_svc,2,0.2664049115916553,77,0.2667130168128401,WLS,97,0.00030810522118479566
2,UPFC_Vsh,5-15,1.1069430456680445,77,1.1082618909809656,WLS,97,0.0013188453129211464
3,UPFC_tsh,5-15,-0.2322164937300974,77,-0.2321895694025061,WLS,97,2.6924327591298924e-05
4,UPFC_Vse,5-15,0.06073545321470629,77,0.06083974456658839,WLS,97,0.00010429135188209926
5,UPFC_tse,5-15,-2.1579524301730193,77,-2.162680516533116,WLS,97,0.004728086360096917
0,x_tcsc,1-14,-0.13184641858509688,78,-0.1318415748844933,WLS,97,4.843700603579526e-06
1,B_svc,2,0.26602296272354536,78,0.2667130168128401,WLS,97,0.0006900540892947338
2,UPFC_Vsh,5-15,1.1071561095386648,78,1.1082618909809656,WLS,97,0.0011057814423007795
3,UPFC_tsh,5-15,-0.23220677441053936,78,-0.2321895694025061,WLS,97,1.720500803326086e-05
4,UPFC_Vse,5-15,0.06043140219183125,78,0.06083974456658839,WLS,97,0.000408342374757141
5,UPFC_tse,5-15,-2.1559162837491503,78,-2.162680516533116,WLS,97,0.006764232783965873
0,x_tcsc,1-14,-0.13185327708136843,79,-0.1318415748844933,WLS,97,1.1702196875129633e-05
1,B_svc,2,0.2664581698237926,79,0.2667130168128401,WLS,97,0.0002548469890474858
2,UPFC_Vsh,5-15,1.1068141517168555,79,1.1082618909809656,WLS,97,0.001447739264110126
3,UPFC_tsh,5-15,-0.23222986609600774,79,-0.2321895694025061,WLS,97,4.0296693501640224e-05
4,UPFC_Vse,5-15,0.06037522851802894,79,0.06083974456658839,WLS,97,0.0004645160485594463
5,UPFC_tse,5-15,-2.158145254133972,79,-2.162680516533116,WLS,97,0.004535262399144369
0,x_tcsc,1-14,-0.13186578251321251,80,-0.1318415748844933,WLS,97,2.4207628719213892e-05
1,B_svc,2,0.26648559211174877,80,0.2667130168128401,WLS,97,0.00022742470109132773
2,UPFC_Vsh,5-15,1.1066014783959046,80,1.1082618909809656,WLS,97,0.0016604125850609996
3,UPFC_tsh,5-15,-0.2322463086955495,80,-0.2321895694025061,WLS,97,5.67392930433952e-05
4,UPFC_Vse,5-15,0.06037844073230943,80,0.06083974456658839,WLS,97,0.0004613038342789616
5,UPFC_tse,5-15,-2.1573666732344843,80,-2.162680516533116,WLS,97,0.005313843298631937
0,x_tcsc,1-14,-0.13184298890852386,81,-0.1318415748844933,WLS,97,1.4140240305604568e-06
1,B_svc,2,0.2659876339115888,81,0.2667130168128401,WLS,97,0.0007253829012512925
2,UPFC_Vsh,5-15,1.1067994407267159,81,1.1082618909809656,WLS,97,0.0014624502542497364
3,UPFC_tsh,5-15,-0.23225772730346067,81,-0.2321895694025061,WLS,97,6.815790095457408e-05
4,UPFC_Vse,5-15,0.06100725203733412,81,0.06083974456658839,WLS,97,0.00016750747074573136
5,UPFC_tse,5-15,-2.153719556913086,81,-2.162680516533116,WLS,97,0.008960959620030184
0,x_tcsc,1-14,-0.13186126268085974,82,-0.1318415748844933,WLS,97,1.9687796366435473e-05
1,B_svc,2,0.26634290923463366,82,0.2667130168128401,WLS,97,0.0003701075782064356
2,UPFC_Vsh,5-15,1.1069256738353142,82,1.1082618909809656,WLS,97,0.0013362171456514638
3,UPFC_tsh,5-15,-0.23223295486313236,82,-0.2321895694025061,WLS,97,4.338546062626625e-05
4,UPFC_Vse,5-15,0.06027939819820692,82,0.06083974456658839,WLS,97,0.0005603463683814675
5,UPFC_tse,5-15,-2.1555841952368215,82,-2.162680516533116,WLS,97,0.007096321296294672
0,x_tcsc,1-14,-0.13184820402011085,83,-0.1318415748844933,WLS,97,6.6291356175529614e-06
1,B_svc,2,0.2667808324628899,83,0.2667130168128401,WLS,97,6.781565004981838e-05
2,UPFC_Vsh,5-15,1.106886143052065,83,1.1082618909809656,WLS,97,0.0013757479289007168
3,UPFC_tsh,5-15,-0.2323681403794868,83,-0.2321895694025061,WLS,97,0.00017857097698070756
4,UPFC_Vse,5-15,0.06068143022611675,83,0.06083974456658839,WLS,97,0.00015831434047163667
5,UPFC_tse,5-15,-2.1553687644346406,83,-2.162680516533116,WLS,97,0.007311752098475566
0,x_tcsc,1-14,-0.1318691759707008,84,-0.1318415748844933,WLS,97,2.760108620750157e-05
1,B_svc,2,0.26674495788983543,84,0.2667130168128401,WLS,97,3.194107699533433e-05
2,UPFC_Vsh,5-15,1.1064401101580577,84,1.1082618909809656,WLS,97,0.001821780822907959
3,UPFC_tsh,5-15,-0.23230327806689705,84,-0.2321895694025061,WLS,97,0.00011370866439094907
4,UPFC_Vse,5-15,0.06065278239868405,84,0.06083974456658839,WLS,97,0.00018696216790433512
5,UPFC_tse,5-15,-2.153834777091954,84,-2.162680516533116,WLS,97,0.00884573944116207
0,x_tcsc,1-14,-0.13184330827415827,85,-0.1318415748844933,WLS,97,1.7333896649707192e-06
1,B_svc,2,0.26623795792043503,85,0.2667130168128401,WLS,97,0.00047505889240506693
2,UPFC_Vsh,5-15,1.1067645866944724,85,1.1082618909809656,WLS,97,0.0014973042864931951
3,UPFC_tsh,5-15,-0.23222108387922094,85,-0.2321895694025061,WLS,97,3.151447671484453e-05
4,UPFC_Vse,5-15,0.06042657347524937,85,0.06083974456658839,WLS,97,0.0004131710913390166
5,UPFC_tse,5-15,-2.1547681733764383,85,-2.162680516533116,WLS,97,0.007912343156677881
0,x_tcsc,1-14,-0.13185531792206426,86,-0.1318415748844933,WLS,97,1.3743037570956851e-05
1,B_svc,2,0.2662978002838845,86,0.2667130168128401,WLS,97,0.0004152165289555976
2,UPFC_Vsh,5-15,1.106720335261045,86,1.1082618909809656,WLS,97,0.0015415557199205399
3,UPFC_tsh,5-15,-0.23223178505303219,86,-0.2321895694025061,WLS,97,4.2215650526089554e-05
4,UPFC_Vse,5-15,0.06079513818312362,86,0.06083974456658839,WLS,97,4.460638346476947e-05
5,UPFC_tse,5-15,-2.151194102448087,86,-2.162680516533116,WLS,97,0.01148641408502904
0,x_tcsc,1-14,-0.131839063889167,87,-0.1318415748844933,WLS,97,2.5109953263047213e-06
1,B_svc,2,0.2661322468461188,87,0.2667130168128401,WLS,97,0.0005807699667212951
2,UPFC_Vsh,5-15,1.1067207042044318,87,1.1082618909809656,WLS,97,0.0015411867765338094
3,UPFC_tsh,5-15,-0.23224654166644837,87,-0.2321895694025061,WLS,97,5.697226394227317e-05
4,UPFC_Vse,5-15,0.06064173960723678,87,0.06083974456658839,WLS,97,0.00019800495935160672
5,UPFC_tse,5-15,-2.1559321680446346,87,-2.162680516533116,WLS,97,0.006748348488481604
0,x_tcsc,1-14,-0.1318397131672078,88,-0.1318415748844933,WLS,97,1.8617172855006636e-06
1,B_svc,2,0.26611429733183894,88,0.2667130168128401,WLS,97,0.0005987194810011531
2,UPFC_Vsh,5-15,1.106908327034673,88,1.1082618909809656,WLS,97,0.001353563946292713
3,UPFC_tsh,5-15,-0.23219880576887625,88,-0.2321895694025061,WLS,97,9.236366370152238e-06
4,UPFC_Vse,5-15,0.06007527979810346,88,0.06083974456658839,WLS,97,0.0007644647684849279
5,UPFC_tse,5-15,-2.1597102243440376,88,-2.162680516533116,WLS,97,0.002970292189078627
0,x_tcsc,1-14,-0.1318600203147819,89,-0.1318415748844933,WLS,97,1.844543028858836e-05
1,B_svc,2,0.2662004754821423,89,0.2667130168128401,WLS,97,0.00051254133069778
2,UPFC_Vsh,5-15,1.1066572261350345,89,1.1082618909809656,WLS,97,0.0016046648459311363
3,UPFC_tsh,5-15,-0.23224324579236472,89,-0.2321895694025061,WLS,97,5.367638985862011e-05
4,UPFC_Vse,5-15,0.0603764765518156,89,0.06083974456658839,WLS,97,0.00046326801477278995
5,UPFC_tse,5-15,-2.1574497684020577,89,-2.162680516533116,WLS,97,0.005230748131058505
0,x_tcsc,1-14,-0.1318596677297761,90,-0.1318415748844933,WLS,97,1.809284528278554e-05
1,B_svc,2,0.2668604020783482,90,0.2667130168128401,WLS,97,0.00014738526550811537
2,UPFC_Vsh,5-15,1.1069430964474887,90,1.1082618909809656,WLS,97,0.0013187945334769413
3,UPFC_tsh,5-15,-0.23219931155038465,90,-0.2321895694025061,WLS,97,9.742147878549767e-06
4,UPFC_Vse,5-15,0.060153823055939123,90,0.06083974456658839,WLS,97,0.000685921510649265
5,UPFC_tse,5-15,-2.1575489904641976,90,-2.162680516533116,WLS,97,0.005131526068918646
0,x_tcsc,1-14,-0.131855032682799,91,-0.1318415748844933,WLS,97,1.3457798305693824e-05
1,B_svc,2,0.26595884650456997,91,0.2667130168128401,WLS,97,0.0007541703082701301
2,UPFC_Vsh,5-15,1.1069296932899042,91,1.1082618909809656,WLS,97,0.0013321976910614097
3,UPFC_tsh,5-15,-0.2322530032265161,91,-0.2321895694025061,WLS,97,6.343382401000075e-05
4,UPFC_Vse,5-15,0.0607009740505367,91,0.06083974456658839,WLS,97,0.00013877051605169083
5,UPFC_tse,5-15,-2.15316237022372,91,-2.162680516533116,WLS,97,0.00951814630939607
0,x_tcsc,1-14,-0.13185823221375795,92,-0.1318415748844933,WLS,97,1.665732926464658e-05
1,B_svc,2,0.2663786345892898,92,0.2667130168128401,WLS,97,0.00033438222355031133
2,UPFC_Vsh,5-15,1.1067744440454605,92,1.1082618909809656,WLS,97,0.0014874469355050657
3,UPFC_tsh,5-15,-0.23222544513591187,92,-0.2321895694025061,WLS,97,3.5875733405771326e-05
4,UPFC_Vse,5-15,0.06052815947746759,92,0.06083974456658839,WLS,97,0.0003115850891207972
5,UPFC_tse,5-15,-2.1544911250658405,92,-2.162680516533116,WLS,97,0.008189391467275708
0,x_tcsc,1-14,-0.13184842764723595,93,-0.1318415748844933,WLS,97,6.852762742648455e-06
1,B_svc,2,0.2658943864948292,93,0.2667130168128401,WLS,97,0.0008186303180108823
2,UPFC_Vsh,5-15,1.107102962952276,93,1.1082618909809656,WLS,97,0.0011589280286896653
3,UPFC_tsh,5-15,-0.23218403489427064,93,-0.2321895694025061,WLS,97,5.5345082354552044e-06
4,UPFC_Vse,5-15,0.060819316106712346,93,0.06083974456658839,WLS,97,2.0428459876042915e-05
5,UPFC_tse,5-15,-2.1542360618538434,93,-2.162680516533116,WLS,97,0.008444454679272795
0,x_tcsc,1-14,-0.1318687170735818,94,-0.1318415748844933,WLS,97,2.7142189088502633e-05
1,B_svc,2,0.2661279522122373,94,0.2667130168128401,WLS,97,0.0005850646006028137
2,UPFC_Vsh,5-15,1.1072217449195298,94,1.1082618909809656,WLS,97,0.001040146061435765
3,UPFC_tsh,5-15,-0.23217220002837816,94,-0.2321895694025061,WLS,97,1.736937412794015e-05
4,UPFC_Vse,5-15,0.05986353109176216,94,0.06083974456658839,WLS,97,0.0009762134748262305
5,UPFC_tse,5-15,-2.1556109494137243,94,-2.162680516533116,WLS,97,0.007069567119391884
0,x_tcsc,1-14,-0.13183834667703734,95,-0.1318415748844933,WLS,97,3.2282074559630836e-06
1,B_svc,2,0.26652500551884956,95,0.2667130168128401,WLS,97,0.00018801129399054206
2,UPFC_Vsh,5-15,1.1069678912079044,95,1.1082618909809656,WLS,97,0.0012939997730612163
3,UPFC_tsh,5-15,-0.23227442650989047,95,-0.2321895694025061,WLS,97,8.485710738437291e-05
4,UPFC_Vse,5-15,0.060570511034170174,95,0.06083974456658839,WLS,97,0.00026923353241821435
5,UPFC_tse,5-15,-2.153122543563793,95,-2.162680516533116,WLS,97,0.00955797296932337
0,x_tcsc,1-14,-0.1318553806638107,96,-0.1318415748844933,WLS,97,1.3805779317394018e-05
1,B_svc,2,0.2670618511669904,96,0.2667130168128401,WLS,97,0.00034883435415028474
2,UPFC_Vsh,5-15,1.106533615684659,96,1.1082618909809656,WLS,97,0.0017282752963065917
3,UPFC_tsh,5-15,-0.23222278886423928,96,-0.2321895694025061,WLS,97,3.3219461733180466e-05
4,UPFC_Vse,5-15,0.06045128427246956,96,0.06083974456658839,WLS,97,0.0003884602941188267
5,UPFC_tse,5-15,-2.156017126242934,96,-2.162680516533116,WLS,97,0.006663390290182036
0,x_tcsc,1-14,-0.1318385529623648,97,-0.1318415748844933,WLS,97,3.021922128504384e-06
1,B_svc,2,0.2666560582943788,97,0.2667130168128401,WLS,97,5.695851846132527e-05
2,UPFC_Vsh,5-15,1.1069813188032571,97,1.1082618909809656,WLS,97,0.0012805721777084944
3,UPFC_tsh,5-15,-0.23215761257172216,97,-0.2321895694025061,WLS,97,3.195683078394129e-05
4,UPFC_Vse,5-15,0.05999521985795543,97,0.06083974456658839,WLS,97,0.0008445247086329571
5,UPFC_tse,5-15,-2.1553407527246233,97,-2.162680516533116,WLS,97,0.007339763808492883
0,x_tcsc,1-14,-0.13185386778886585,98,-0.1318415748844933,WLS,97,1.2292904372546154e-05
1,B_svc,2,0.2666808791653752,98,0.2667130168128401,WLS,97,3.213764746490266e-05
2,UPFC_Vsh,5-15,1.106910681823014,98,1.1082618909809656,WLS,97,0.001351209157951505
3,UPFC_tsh,5-15,-0.23225159619472005,98,-0.2321895694025061,WLS,97,6.202679221395391e-05
4,UPFC_Vse,5-15,0.06042947415030861,98,0.06083974456658839,WLS,97,0.0004102704162797788
5,UPFC_tse,5-15,-2.157539608989305,98,-2.162680516533116,WLS,97,0.005140907543811135
0,x_tcsc,1-14,-0.13184826579362013,99,-0.1318415748844933,WLS,97,6.690909126833011e-06
1,B_svc,2,0.2663630635666159,99,0.2667130168128401,WLS,97,0.00034995324622422164
2,UPFC_Vsh,5-15,1.1070280096098644,99,1.1082618909809656,WLS,97,0.001233881371101253
3,UPFC_tsh,5-15,-0.23223554081997416,99,-0.2321895694025061,WLS,97,4.597141746806588e-05
4,UPFC_Vse,5-15,0.06056024563783755,99,0.06083974456658839,WLS,97,0.0002794989287508362
5,UPFC_tse,5-15,-2.155633351282586,99,-2.162680516533116,WLS,97,0.007047165250530174
0,x_tcsc,1-14,-0.13533748125955217,0,-0.13539067744855354,WLS,99,5.319618900137546e-05
1,B_svc,2,0.28144547316153473,0,0.2815732902354433,WLS,99,0.000127817073908576
2,UPFC_Vsh,5-15,1.1068400754786663,0,1.1071861365154951,WLS,99,0.0003460610368288819
3,UPFC_tsh,5-15,-0.22937766572105373,0,-0.22936906308085359,WLS,99,8.602640200139344e-06
4,UPFC_Vse,5-15,0.060148310122393744,0,0.06027927656029769,WLS,99,0.00013096643790394547
5,UPFC_tse,5-15,-2.1593746072404576,0,-2.153859444240261,WLS,99,0.005515163000196388
0,x_tcsc,1-14,-0.1353585867901281,1,-0.13539067744855354,WLS,99,3.209065842543768e-05
1,B_svc,2,0.2815317700067244,1,0.2815732902354433,WLS,99,4.152022871889427e-05
2,UPFC_Vsh,5-15,1.1066318448652395,1,1.1071861365154951,WLS,99,0.0005542916502556672
3,UPFC_tsh,5-15,-0.22941045678698507,1,-0.22936906308085359,WLS,99,4.1393706131487296e-05
4,UPFC_Vse,5-15,0.06081856802652195,1,0.06027927656029769,WLS,99,0.0005392914662242579
5,UPFC_tse,5-15,-2.154402431328384,1,-2.153859444240261,WLS,99,0.0005429870881226151
0,x_tcsc,1-14,-0.13534363361854157,2,-0.13539067744855354,WLS,99,4.704383001197243e-05
1,B_svc,2,0.28123091027703057,2,0.2815732902354433,WLS,99,0.0003423799584127418
2,UPFC_Vsh,5-15,1.1069005441149962,2,1.1071861365154951,WLS,99,0.0002855924004989685
3,UPFC_tsh,5-15,-0.22941733609076467,2,-0.22936906308085359,WLS,99,4.8273009911087295e-05
4,UPFC_Vse,5-15,0.060807366438092696,2,0.06027927656029769,WLS,99,0.0005280898777950058
5,UPFC_tse,5-15,-2.1514089595509636,2,-2.153859444240261,WLS,99,0.0024504846892976495
0,x_tcsc,1-14,-0.13535052988230403,3,-0.13539067744855354,WLS,99,4.014756624950988e-05
1,B_svc,2,0.2818228387166665,3,0.2815732902354433,WLS,99,0.00024954848122321627
2,UPFC_Vsh,5-15,1.1066773281722022,3,1.1071861365154951,WLS,99,0.0005088083432929214
3,UPFC_tsh,5-15,-0.22937972123706513,3,-0.22936906308085359,WLS,99,1.0658156211540426e-05
4,UPFC_Vse,5-15,0.06062606102695047,3,0.06027927656029769,WLS,99,0.0003467844666527817
5,UPFC_tse,5-15,-2.154932561723456,3,-2.153859444240261,WLS,99,0.0010731174831946078
0,x_tcsc,1-14,-0.13534231729881965,4,-0.13539067744855354,WLS,99,4.8360149733889246e-05
1,B_svc,2,0.2820954856960753,4,0.2815732902354433,WLS,99,0.0005221954606319801
2,UPFC_Vsh,5-15,1.1067971133553987,4,1.1071861365154951,WLS,99,0.00038902316009647997
3,UPFC_tsh,5-15,-0.22940831271250905,4,-0.22936906308085359,WLS,99,3.924963165546913e-05
4,UPFC_Vse,5-15,0.06024482723470878,4,0.06027927656029769,WLS,99,3.44493255889089e-05
5,UPFC_tse,5-15,-2.1562608430552945,4,-2.153859444240261,WLS,99,0.0024013988150333176
0,x_tcsc,1-14,-0.1353466653577961,5,-0.13539067744855354,WLS,99,4.401209075743928e-05
1,B_svc,2,0.28097561270625665,5,0.2815732902354433,WLS,99,0.0005976775291866576
2,UPFC_Vsh,5-15,1.1071276109593517,5,1.1071861365154951,WLS,99,5.852555614338506e-05
3,UPFC_tsh,5-15,-0.2293869854885168,5,-0.22936906308085359,WLS,99,1.7922407663212292e-05
4,UPFC_Vse,5-15,0.06073995512288998,5,0.06027927656029769,WLS,99,0.0004606785625922913
5,UPFC_tse,5-15,-2.155199003677004,5,-2.153859444240261,WLS,99,0.0013395594367429098
0,x_tcsc,1-14,-0.13534828572974386,6,-0.13539067744855354,WLS,99,4.239171880968118e-05
1,B_svc,2,0.2815871394841791,6,0.2815732902354433,WLS,99,1.3849248735819941e-05
2,UPFC_Vsh,5-15,1.1069516455838355,6,1.1071861365154951,WLS,99,0.00023449093165961443
3,UPFC_tsh,5-15,-0.22941034582365966,6,-0.22936906308085359,WLS,99,4.128274280607025e-05
4,UPFC_Vse,5-15,0.0602520605842026,6,0.06027927656029769,WLS,99,2.7215976095090744e-05
5,UPFC_tse,5-15,-2.154389109751372,6,-2.153859444240261,WLS,99,0.0005296655111108883
0,x_tcsc,1-14,-0.1353547010547419,7,-0.13539067744855354,WLS,99,3.597639381164308e-05
1,B_svc,2,0.28148391202629375,7,0.2815732902354433,WLS,99,8.937820914955985e-05
2,UPFC_Vsh,5-15,1.106735761752416,7,1.1071861365154951,WLS,99,0.00045037476307907554
3,UPFC_tsh,5-15,-0.22939832060156357,7,-0.22936906308085359,WLS,99,2.925752070997989e-05
4,UPFC_Vse,5-15,0.060434859054344064,7,0.06027927656029769,WLS,99,0.0001555824940463746
5,UPFC_tse,5-15,-2.154931774855464,7,-2.153859444240261,WLS,99,0.0010723306152029544
0,x_tcsc,1-14,-0.1353490598517306,8,-0.13539067744855354,WLS,99,4.161759682294597e-05
1,B_svc,2,0.281290421116415,8,0.2815732902354433,WLS,99,0.00028286911902830614
2,UPFC_Vsh,5-15,1.106716488189239,8,1.1071861365154951,WLS,99,0.0004696483262560669
3,UPFC_tsh,5-15,-0.2293545777473977,8,-0.22936906308085359,WLS,99,1.4485333455882543e-05
4,UPFC_Vse,5-15,0.06030485475989437,8,0.06027927656029769,WLS,99,2.5578199596677786e-05
5,UPFC_tse,5-15,-2.1547537737103335,8,-2.153859444240261,WLS,99,0.0008943294700722859
0,x_tcsc,1-14,-0.1353556433164141,9,-0.13539067744855354,WLS,99,3.503413213945539e-05
1,B_svc,2,0.28136910785485697,9,0.2815732902354433,WLS,99,0.00020418238058633742
2,UPFC_Vsh,5-15,1.1069009875577578,9,1.1071861365154951,WLS,99,0.0002851489577373467
3,UPFC_tsh,5-15,-0.22941119767931026,9,-0.22936906308085359,WLS,99,4.2134598456672334e-05
4,UPFC_Vse,5-15,0.06066971260062709,9,0.06027927656029769,WLS,99,0.0003904360403294005
5,UPFC_tse,5-15,-2.1522486364869726,9,-2.153859444240261,WLS,99,0.00161080775328859
0,x_tcsc,1-14,-0.1353445154833166,10,-0.13539067744855354,WLS,99,4.616196523693494e-05
1,B_svc,2,0.2814177828552251,10,0.2815732902354433,WLS,99,0.00015550738021818944
2,UPFC_Vsh,5-15,1.106693559110263,10,1.1071861365154951,WLS,99,0.0004925774052322307
3,UPFC_tsh,5-15,-0.22937252051319654,10,-0.22936906308085359,WLS,99,3.457432342951483e-06
4,UPFC_Vse,5-15,0.06120697817892071,10,0.06027927656029769,WLS,99,0.0009277016186230169
5,UPFC_tse,5-15,-2.152469410970244,10,-2.153859444240261,WLS,99,0.001390033270017188
0,x_tcsc,1-14,-0.13535435713924548,11,-0.13539067744855354,WLS,99,3.632030930805774e-05
1,B_svc,2,0.281501291177321,11,0.2815732902354433,WLS,99,7.199905812232954e-05
2,UPFC_Vsh,5-15,1.1068852996405523,11,1.1071861365154951,WLS,99,0.00030083687494286693
3,UPFC_tsh,5-15,-0.229359185340134,11,-0.22936906308085359,WLS,99,9.877740719588246e-06
4,UPFC_Vse,5-15,0.06043224701163344,11,0.06027927656029769,WLS,99,0.00015297045133574882
5,UPFC_tse,5-15,-2.151371137856336,11,-2.153859444240261,WLS,99,0.002488306383925387
0,x_tcsc,1-14,-0.1353520322091577,12,-0.13539067744855354,WLS,99,3.86452393958403e-05
1,B_svc,2,0.2810338443254723,12,0.2815732902354433,WLS,99,0.0005394459099710147
2,UPFC_Vsh,5-15,1.106638945581418,12,1.1071861365154951,WLS,99,0.0005471909340770686
3,UPFC_tsh,5-15,-0.22941640275934086,12,-0.22936906308085359,WLS,99,4.733967848727372e-05
4,UPFC_Vse,5-15,0.0609773188596569,12,0.06027927656029769,WLS,99,0.000698042299359207
5,UPFC_tse,5-15,-2.1487568732366475,12,-2.153859444240261,WLS,99,0.005102571003613665
0,x_tcsc,1-14,-0.13534444988172953,13,-0.13539067744855354,WLS,99,4.622756682401419e-05
1,B_svc,2,0.2813342036974547,13,0.2815732902354433,WLS,99,0.00023908653798859758
2,UPFC_Vsh,5-15,1.1065686516763005,13,1.1071861365154951,WLS,99,0.0006174848391946597
3,UPFC_tsh,5-15,-0.22943459078249137,13,-0.22936906308085359,WLS,99,6.552770163778532e-05
4,UPFC_Vse,5-15,0.06022787217228235,13,0.06027927656029769,WLS,99,5.140438801534003e-05
5,UPFC_tse,5-15,-2.1547045133798073,13,-2.153859444240261,WLS,99,0.000845069139546073
0,x_tcsc,1-14,-0.13534828520936126,14,-0.13539067744855354,WLS,99,4.23922391922793e-05
1,B_svc,2,0.28179828291498066,14,0.2815732902354433,WLS,99,0.00022499267953735025
2,UPFC_Vsh,5-15,1.1065230096346448,14,1.1071861365154951,WLS,99,0.000663126880850351
3,UPFC_tsh,5-15,-0.2294055705430752,14,-0.22936906308085359,WLS,99,3.6507462221613274e-05
4,UPFC_Vse,5-15,0.06067602227398714,14,0.06027927656029769,WLS,99,0.0003967457136894517
5,UPFC_tse,5-15,-2.1545856337701452,14,-2.153859444240261,WLS,99,0.0007261895298840138
0,x_tcsc,1-14,-0.1353381787476093,15,-0.13539067744855354,WLS,99,5.249870094423126e-05
1,B_svc,2,0.2811036005122572,15,0.2815732902354433,WLS,99,0.00046968972318611746
2,UPFC_Vsh,5-15,1.106885647266771,15,1.1071861365154951,WLS,99,0.00030048924872416727
3,UPFC_tsh,5-15,-0.2293535438123576,15,-0.22936906308085359,WLS,99,1.551926849599483e-05
4,UPFC_Vse,5-15,0.060188869730228536,15,0.06027927656029769,WLS,99,9.040683006915351e-05
5,UPFC_tse,5-15,-2.1530700282347004,15,-2.153859444240261,WLS,99,0.0007894160055608168
0,x_tcsc,1-14,-0.13534092932400807,16,-0.13539067744855354,WLS,99,4.974812454547339e-05
1,B_svc,2,0.28168948462030563,16,0.2815732902354433,WLS,99,0.00011619438486232259
2,UPFC_Vsh,5-15,1.106414556969436,16,1.1071861365154951,WLS,99,0.0007715795460592201
3,UPFC_tsh,5-15,-0.22937509889794483,16,-0.22936906308085359,WLS,99,6.035817091243345e-06
4,UPFC_Vse,5-15,0.0609230595291423,16,0.06027927656029769,WLS,99,0.0006437829688446112
5,UPFC_tse,5-15,-2.1550291112395525,16,-2.153859444240261,WLS,99,0.00116966699929133
0,x_tcsc,1-14,-0.13535295914998052,17,-0.13539067744855354,WLS,99,3.771829857301956e-05
1,B_svc,2,0.28139858716855093,17,0.2815732902354433,WLS,99,0.0001747030668923788
2,UPFC_Vsh,5-15,1.106725605277333,17,1.1071861365154951,WLS,99,0.0004605312381620319
3,UPFC_tsh,5-15,-0.22935948612604165,17,-0.22936906308085359,WLS,99,9.576954811935101e-06
4,UPFC_Vse,5-15,0.06026127380550007,17,0.06027927656029769,WLS,99,1.800275479762331e-05
5,UPFC_tse,5-15,-2.1514503328191346,17,-2.153859444240261,WLS,99,0.002409111421126653
0,x_tcsc,1-14,-0.13534619541841736,18,-0.13539067744855354,WLS,99,4.448203013618368e-05
1,B_svc,2,0.2816401145967929,18,0.2815732902354433,WLS,99,6.682436134958225e-05
2,UPFC_Vsh,5-15,1.1066572639945713,18,1.1071861365154951,WLS,99,0.0005288725209238176
3,UPFC_tsh,5-15,-0.22937535945089493,18,-0.22936906308085359,WLS,99,6.296370041347643e-06
4,UPFC_Vse,5-15,0.06032837737805171,18,0.06027927656029769,WLS,99,4.910081775402059e-05
5,UPFC_tse,5-15,-2.1541078033629164,18,-2.153859444240261,WLS,99,0.0002483591226551951
0,x_tcsc,1-14,-0.13534726335621974,19,-0.13539067744855354,WLS,99,4.341409233379889e-05
1,B_svc,2,0.281232291970297,19,0.2815732902354433,WLS,99,0.0003409982651463306
2,UPFC_Vsh,5-15,1.1066229938528123,19,1.1071861365154951,WLS,99,0.0005631426626828695
3,UPFC_tsh,5-15,-0.2293806695904928,19,-0.22936906308085359,WLS,99,1.1606509639217055e-05
4,UPFC_Vse,5-15,0.06066244709174809,19,0.06027927656029769,WLS,99,0.0003831705314503997
5,UPFC_tse,5-15,-2.1542047570433818,19,-2.153859444240261,WLS,99,0.00034531280312055657
0,x_tcsc,1-14,-0.13535683484667074,20,-0.13539067744855354,WLS,99,3.384260188279975e-05
1,B_svc,2,0.2813878695732587,20,0.2815732902354433,WLS,99,0.00018542066218463216
2,UPFC_Vsh,5-15,1.1073224831057398,20,1.1071861365154951,WLS,99,0.00013634659024464035
3,UPFC_tsh,5-15,-0.2294040897099474,20,-0.22936906308085359,WLS,99,3.5026629093826145e-05
4,UPFC_Vse,5-15,0.060435174339097154,20,0.06027927656029769,WLS,99,0.00015589777879946448
5,UPFC_tse,5-15,-2.1568322849074297,20,-2.153859444240261,WLS,99,0.0029728406671685192
0,x_tcsc,1-14,-0.13533651500752317,21,-0.13539067744855354,WLS,99,5.4162441030375374e-05
1,B_svc,2,0.28123499758268705,21,0.2815732902354433,WLS,99,0.00033829265275625575
2,UPFC_Vsh,5-15,1.1072392666838942,21,1.1071861365154951,WLS,99,5.313016839902929e-05
3,UPFC_tsh,5-15,-0.22934655521670252,21,-0.22936906308085359,WLS,99,2.2507864151061208e-05
4,UPFC_Vse,5-15,0.060322160765900516,21,0.06027927656029769,WLS,99,4.288420560282641e-05
5,UPFC_tse,5-15,-2.15415796819241,21,-2.153859444240261,WLS,99,0.0002985239521486882
0,x_tcsc,1-14,-0.13535256395538894,22,-0.13539067744855354,WLS,99,3.811349316459878e-05
1,B_svc,2,0.28136487483405603,22,0.2815732902354433,WLS,99,0.0002084154013872741
2,UPFC_Vsh,5-15,1.1067820300186253,22,1.1071861365154951,WLS,99,0.00040410649686983824
3,UPFC_tsh,5-15,-0.22939065492969102,22,-0.22936906308085359,WLS,99,2.159184883743226e-05
4,UPFC_Vse,5-15,0.06027452707035123,22,0.06027927656029769,WLS,99,4.749489946456742e-06
5,UPFC_tse,5-15,-2.154151009936628,22,-2.153859444240261,WLS,99,0.0002915656963669022
0,x_tcsc,1-14,-0.13534456923429936,23,-0.13539067744855354,WLS,99,4.6108214254186874e-05
1,B_svc,2,0.28132630203745995,23,0.2815732902354433,WLS,99,0.0002469881979833555
2,UPFC_Vsh,5-15,1.1069894091943124,23,1.1071861365154951,WLS,99,0.0001967273211826992
3,UPFC_tsh,5-15,-0.2293916910684421,23,-0.22936906308085359,WLS,99,2.2627987588508258e-05
4,UPFC_Vse,5-15,0.06062188916809673,23,0.06027927656029769,WLS,99,0.00034261260779903935
5,UPFC_tse,5-15,-2.1560765176213073,23,-2.153859444240261,WLS,99,0.002217073381046042
0,x_tcsc,1-14,-0.1353528388919142,24,-0.13539067744855354,WLS,99,3.783855663933022e-05
1,B_svc,2,0.28145382927350715,24,0.2815732902354433,WLS,99,0.00011946096193615752
2,UPFC_Vsh,5-15,1.106787430284341,24,1.1071861365154951,WLS,99,0.0003987062311541223
3,UPFC_tsh,5-15,-0.22931271152648464,24,-0.22936906308085359,WLS,99,5.6351554368949675e-05
4,UPFC_Vse,5-15,0.06016838841119429,24,0.06027927656029769,WLS,99,0.00011088814910339972
5,UPFC_tse,5-15,-2.1560863414277254,24,-2.153859444240261,WLS,99,0.0022268971874641608
0,x_tcsc,1-14,-0.13534801237043986,25,-0.13539067744855354,WLS,99,4.266507811367948e-05
1,B_svc,2,0.28154878833254215,25,0.2815732902354433,WLS,99,2.450190290115284e-05
2,UPFC_Vsh,5-15,1.1069620621757192,25,1.1071861365154951,WLS,99,0.00022407433977589264
3,UPFC_tsh,5-15,-0.22941231834717776,25,-0.22936906308085359,WLS,99,4.325526632417698e-05
4,UPFC_Vse,5-15,0.06047767632010706,25,0.06027927656029769,WLS,99,0.00019839975980937008
5,UPFC_tse,5-15,-2.1577020530909445,25,-2.153859444240261,WLS,99,0.0038426088506833267
0,x_tcsc,1-14,-0.1353506972024803,26,-0.13539067744855354,WLS,99,3.998024607324013e-05
1,B_svc,2,0.28163473074064566,26,0.2815732902354433,WLS,99,6.144050520234812e-05
2,UPFC_Vsh,5-15,1.1068800580940168,26,1.1071861365154951,WLS,99,0.00030607842147833964
3,UPFC_tsh,5-15,-0.22940089141383702,26,-0.22936906308085359,WLS,99,3.182833298343013e-05
4,UPFC_Vse,5-15,0.0607467594080355,26,0.06027927656029769,WLS,99,0.00046748284773780874
5,UPFC_tse,5-15,-2.156882389635791,26,-2.153859444240261,WLS,99,0.0030229453955299412
0,x_tcsc,1-14,-0.13534796397935936,27,-0.13539067744855354,WLS,99,4.2713469194183284e-05
1,B_svc,2,0.28159020395701523,27,0.2815732902354433,WLS,99,1.6913721571920615e-05
2,UPFC_Vsh,5-15,1.1067538097564504,27,1.1071861365154951,WLS,99,0.00043232675904469886
3,UPFC_tsh,5-15,-0.22935389368173698,27,-0.22936906308085359,WLS,99,1.5169399116610194e-05
4,UPFC_Vse,5-15,0.06055184395063551,27,0.06027927656029769,WLS,99,0.00027256739033781896
5,UPFC_tse,5-15,-2.1548525025075667,27,-2.153859444240261,WLS,99,0.0009930582673054467
0,x_tcsc,1-14,-0.13534469563408189,28,-0.13539067744855354,WLS,99,4.598181447165728e-05
1,B_svc,2,0.2810064326256003,28,0.2815732902354433,WLS,99,0.0005668576098429856
2,UPFC_Vsh,5-15,1.1068056668439226,28,1.1071861365154951,WLS,99,0.0003804696715725697
3,UPFC_tsh,5-15,-0.22936101996959066,28,-0.22936906308085359,WLS,99,8.04311126292867e-06
4,UPFC_Vse,5-15,0.060426747147990345,28,0.06027927656029769,WLS,99,0.0001474705876926552
5,UPFC_tse,5-15,-2.156343239285332,28,-2.153859444240261,WLS,99,0.0024837950450709023
0,x_tcsc,1-14,-0.1353601900562507,29,-0.13539067744855354,WLS,99,3.048739230285258e-05
1,B_svc,2,0.2810699081060117,29,0.2815732902354433,WLS,99,0.0005033821294316287
2,UPFC_Vsh,5-15,1.1067150773828265,29,1.1071861365154951,WLS,99,0.00047105913266864974
3,UPFC_tsh,5-15,-0.22930111784895296,29,-0.22936906308085359,WLS,99,6.794523190062352e-05
4,UPFC_Vse,5-15,0.06070760804737708,29,0.06027927656029769,WLS,99,0.0004283314870793878
5,UPFC_tse,5-15,-2.152749850047404,29,-2.153859444240261,WLS,99,0.0011095941928571662
0,x_tcsc,1-14,-0.13532801083333348,30,-0.13539067744855354,WLS,99,6.266661522005834e-05
1,B_svc,2,0.2809378632960822,30,0.2815732902354433,WLS,99,0.0006354269393610834
2,UPFC_Vsh,5-15,1.1068444432802909,30,1.1071861365154951,WLS,99,0.00034169323520427675
3,UPFC_tsh,5-15,-0.22935742043233268,30,-0.22936906308085359,WLS,99,1.1642648520909793e-05
4,UPFC_Vse,5-15,0.06037894723756023,30,0.06027927656029769,WLS,99,9.967067726254081e-05
5,UPFC_tse,5-15,-2.154700160808919,30,-2.153859444240261,WLS,99,0.0008407165686579177
0,x_tcsc,1-14,-0.13534922106194713,31,-0.13539067744855354,WLS,99,4.1456386606408824e-05
1,B_svc,2,0.28135076639268636,31,0.2815732902354433,WLS,99,0.0002225238427569498
2,UPFC_Vsh,5-15,1.1067864073948288,31,1.1071861365154951,WLS,99,0.0003997291206663256
3,UPFC_tsh,5-15,-0.2294053727064104,31,-0.22936906308085359,WLS,99,3.630962555681294e-05
4,UPFC_Vse,5-15,0.06054840862381014,31,0.06027927656029769,WLS,99,0.00026913206351245056
5,UPFC_tse,5-15,-2.1555296688282692,31,-2.153859444240261,WLS,99,0.001670224588008029
0,x_tcsc,1-14,-0.13532098096100165,32,-0.13539067744855354,WLS,99,6.969648755189572e-05
1,B_svc,2,0.2812222069676879,32,0.2815732902354433,WLS,99,0.0003510832677554032
2,UPFC_Vsh,5-15,1.1071025907397056,32,1.1071861365154951,WLS,99,8.35457757895064e-05
3,UPFC_tsh,5-15,-0.22937256595381172,32,-0.22936906308085359,WLS,99,3.5028729581387807e-06
4,UPFC_Vse,5-15,0.06006283173199591,32,0.06027927656029769,WLS,99,0.00021644482830177753
5,UPFC_tse,5-15,-2.1569742095612474,32,-2.153859444240261,WLS,99,0.0031147653209862014
0,x_tcsc,1-14,-0.13534354349253946,33,-0.13539067744855354,WLS,99,4.7133956014078215e-05
1,B_svc,2,0.28173312611921636,33,0.2815732902354433,WLS,99,0.0001598358837730518
2,UPFC_Vsh,5-15,1.1065165860476793,33,1.1071861365154951,WLS,99,0.0006695504678158049
3,UPFC_tsh,5-15,-0.22942092208836085,33,-0.22936906308085359,WLS,99,5.1859007507260024e-05
4,UPFC_Vse,5-15,0.060493264739307204,33,0.06027927656029769,WLS,99,0.00021398817900951383
5,UPFC_tse,5-15,-2.1552288280849825,33,-2.153859444240261,WLS,99,0.0013693838447212947
0,x_tcsc,1-14,-0.13537147018512863,34,-0.13539067744855354,WLS,99,1.920726342491408e-05
1,B_svc,2,0.2810564016073802,34,0.2815732902354433,WLS,99,0.0005168886280630947
2,UPFC_Vsh,5-15,1.106684327237694,34,1.1071861365154951,WLS,99,0.0005018092778010796
3,UPFC_tsh,5-15,-0.22944727011421323,34,-0.22936906308085359,WLS,99,7.820703335964518e-05
4,UPFC_Vse,5-15,0.060641565810537146,34,0.06027927656029769,WLS,99,0.0003622892502394559
5,UPFC_tse,5-15,-2.1545028671298985,34,-2.153859444240261,WLS,99,0.0006434228896372574
0,x_tcsc,1-14,-0.13534612046098646,35,-0.13539067744855354,WLS,99,4.4556987567084816e-05
1,B_svc,2,0.2818091760568173,35,0.2815732902354433,WLS,99,0.0002358858213740156
2,UPFC_Vsh,5-15,1.106794056917205,35,1.1071861365154951,WLS,99,0.0003920795982901293
3,UPFC_tsh,5-15,-0.22939571763319175,35,-0.22936906308085359,WLS,99,2.6654552338162274e-05
4,UPFC_Vse,5-15,0.060471426908009114,35,0.06027927656029769,WLS,99,0.0001921503477114242
5,UPFC_tse,5-15,-2.1553088693931333,35,-2.153859444240261,WLS,99,0.0014494251528720525
0,x_tcsc,1-14,-0.135329525613101,36,-0.13539067744855354,WLS,99,6.115183545254976e-05
1,B_svc,2,0.28138932819429563,36,0.2815732902354433,WLS,99,0.00018396204114767833
2,UPFC_Vsh,5-15,1.1068781707087632,36,1.1071861365154951,WLS,99,0.00030796580673198015
3,UPFC_tsh,5-15,-0.22936699757155868,36,-0.22936906308085359,WLS,99,2.0655092949073417e-06
4,UPFC_Vse,5-15,0.06073505672993033,36,0.06027927656029769,WLS,99,0.0004557801696326372
5,UPFC_tse,5-15,-2.1566284810116856,36,-2.153859444240261,WLS,99,0.0027690367714243713
0,x_tcsc,1-14,-0.13533665038317425,37,-0.13539067744855354,WLS,99,5.4027065379297357e-05
1,B_svc,2,0.2816376774372845,37,0.2815732902354433,WLS,99,6.43872018412095e-05
2,UPFC_Vsh,5-15,1.107228693565265,37,1.1071861365154951,WLS,99,4.255704976996455e-05
3,UPFC_tsh,5-15,-0.22933912709335438,37,-0.22936906308085359,WLS,99,2.9935987499202232e-05
4,UPFC_Vse,5-15,0.05965752561906448,37,0.06027927656029769,WLS,99,0.0006217509412332067
5,UPFC_tse,5-15,-2.1596965016912417,37,-2.153859444240261,WLS,99,0.0058370574509805095
0,x_tcsc,1-14,-0.13533806739591916,38,-0.13539067744855354,WLS,99,5.261005263437757e-05
1,B_svc,2,0.2813471080314595,38,0.2815732902354433,WLS,99,0.00022618220398379352
2,UPFC_Vsh,5-15,1.1069037423808248,38,1.1071861365154951,WLS,99,0.00028239413467034957
3,UPFC_tsh,5-15,-0.22939749568027962,38,-0.22936906308085359,WLS,99,2.843259942603149e-05
4,UPFC_Vse,5-15,0.06061384592235643,38,0.06027927656029769,WLS,99,0.000334569362058737
5,UPFC_tse,5-15,-2.152053531923718,38,-2.153859444240261,WLS,99,0.0018059123165432567
0,x_tcsc,1-14,-0.13537098086171553,39,-0.13539067744855354,WLS,99,1.9696586838008345e-05
1,B_svc,2,0.281947071731421,39,0.2815732902354433,WLS,99,0.0003737814959776653
2,UPFC_Vsh,5-15,1.1066832632680603,39,1.1071861365154951,WLS,99,0.0005028732474348097
3,UPFC_tsh,5-15,-0.22937656936181164,39,-0.22936906308085359,WLS,99,7.5062809580528356e-06
4,UPFC_Vse,5-15,0.06051150133582024,39,0.06027927656029769,WLS,99,0.00023222477552255205
5,UPFC_tse,5-15,-2.1526733909857727,39,-2.153859444240261,WLS,99,0.001186053254488506
0,x_tcsc,1-14,-0.13536286952681714,40,-0.13539067744855354,WLS,99,2.7807921736400232e-05
1,B_svc,2,0.28146469659757506,40,0.2815732902354433,WLS,99,0.00010859363786824838
2,UPFC_Vsh,5-15,1.1069276689693648,40,1.1071861365154951,WLS,99,0.0002584675461303476
3,UPFC_tsh,5-15,-0.22940520487871027,40,-0.22936906308085359,WLS,99,3.614179785668692e-05
4,UPFC_Vse,5-15,0.060525910039977496,40,0.06027927656029769,WLS,99,0.00024663347967980587
5,UPFC_tse,5-15,-2.1541785011359758,40,-2.153859444240261,WLS,99,0.0003190568957145423
0,x_tcsc,1-14,-0.13534766578130109,41,-0.13539067744855354,WLS,99,4.30116672524572e-05
1,B_svc,2,0.28187739789048744,41,0.2815732902354433,WLS,99,0.00030410765504412796
2,UPFC_Vsh,5-15,1.1067905946332934,41,1.1071861365154951,WLS,99,0.00039554188220169983
3,UPFC_tsh,5-15,-0.22941178426011688,41,-0.22936906308085359,WLS,99,4.272117926329422e-05
4,UPFC_Vse,5-15,0.06055373259977511,41,0.06027927656029769,WLS,99,0.00027445603947742064
5,UPFC_tse,5-15,-2.1572065371201115,41,-2.153859444240261,WLS,99,0.003347092879850244
0,x_tcsc,1-14,-0.1353284620922508,42,-0.13539067744855354,WLS,99,6.221535630274166e-05
1,B_svc,2,0.2812592290852848,42,0.2815732902354433,WLS,99,0.00031406115015852887
2,UPFC_Vsh,5-15,1.1065280183432067,42,1.1071861365154951,WLS,99,0.0006581181722884466
3,UPFC_tsh,5-15,-0.2293582064165228,42,-0.22936906308085359,WLS,99,1.0856664330788357e-05
4,UPFC_Vse,5-15,0.060708412969428874,42,0.06027927656029769,WLS,99,0.0004291364091311839
5,UPFC_tse,5-15,-2.1520050464076994,42,-2.153859444240261,WLS,99,0.001854397832561805
0,x_tcsc,1-14,-0.13535085076492495,43,-0.13539067744855354,WLS,99,3.9826683628590986e-05
1,B_svc,2,0.28121609741794573,43,0.2815732902354433,WLS,99,0.0003571928174975758
2,UPFC_Vsh,5-15,1.1070301132544613,43,1.1071861365154951,WLS,99,0.0001560232610338108
3,UPFC_tsh,5-15,-0.22938858993545078,43,-0.22936906308085359,WLS,99,1.95268545971905e-05
4,UPFC_Vse,5-15,0.0605589948080209,43,0.06027927656029769,WLS,99,0.00027971824772320825
5,UPFC_tse,5-15,-2.1547718317477225,43,-2.153859444240261,WLS,99,0.0009123875074612542
0,x_tcsc,1-14,-0.13534121786369008,44,-0.13539067744855354,WLS,99,4.945958486346491e-05
1,B_svc,2,0.28114577178044536,44,0.2815732902354433,WLS,99,0.00042751845499794383
2,UPFC_Vsh,5-15,1.1063646880787381,44,1.1071861365154951,WLS,99,0.0008214484367570218
3,UPFC_tsh,5-15,-0.22941603688202805,44,-0.22936906308085359,WLS,99,4.697380117446581e-05
4,UPFC_Vse,5-15,0.060387304609456516,44,0.06027927656029769,WLS,99,0.00010802804915882591
5,UPFC_tse,5-15,-2.1549469843483644,44,-2.153859444240261,WLS,99,0.001087540108103191
0,x_tcsc,1-14,-0.13534878204053463,45,-0.13539067744855354,WLS,99,4.189540801891045e-05
1,B_svc,2,0.28152671283774433,45,0.2815732902354433,WLS,99,4.657739769897695e-05
2,UPFC_Vsh,5-15,1.1066475018087583,45,1.1071861365154951,WLS,99,0.0005386347067368735
3,UPFC_tsh,5-15,-0.22947849948151375,45,-0.22936906308085359,WLS,99,0.00010943640066016225
4,UPFC_Vse,5-15,0.06043720977848398,45,0.06027927656029769,WLS,99,0.00015793321818628747
5,UPFC_tse,5-15,-2.153681475778704,45,-2.153859444240261,WLS,99,0.00017796846155704316
0,x_tcsc,1-14,-0.13535322449988177,46,-0.13539067744855354,WLS,99,3.74529486717734e-05
1,B_svc,2,0.28165284209312513,46,0.2815732902354433,WLS,99,7.955185768182549e-05
2,UPFC_Vsh,5-15,1.1066708081055918,46,1.1071861365154951,WLS,99,0.0005153284099033151
3,UPFC_tsh,5-15,-0.22939260055881242,46,-0.22936906308085359,WLS,99,2.3537477958829323e-05
4,UPFC_Vse,5-15,0.06061227244217374,46,0.06027927656029769,WLS,99,0.000332995881876047
5,UPFC_tse,5-15,-2.1547599176377914,46,-2.153859444240261,WLS,99,0.0009004733975301882
0,x_tcsc,1-14,-0.13535385253926993,47,-0.13539067744855354,WLS,99,3.6824909283611484e-05
1,B_svc,2,0.2812215707294296,47,0.2815732902354433,WLS,99,0.0003517195060137035
2,UPFC_Vsh,5-15,1.1067425110713915,47,1.1071861365154951,WLS,99,0.0004436254441035903
3,UPFC_tsh,5-15,-0.22939449507758275,47,-0.22936906308085359,WLS,99,2.5431996729163853e-05
4,UPFC_Vse,5-15,0.060446448305798976,47,0.06027927656029769,WLS,99,0.00016717174550128638
5,UPFC_tse,5-15,-2.150054668876333,47,-2.153859444240261,WLS,99,0.0038047753639283144
0,x_tcsc,1-14,-0.13537042779658215,48,-0.13539067744855354,WLS,99,2.02496519713935e-05
1,B_svc,2,0.2813982195191326,48,0.2815732902354433,WLS,99,0.00017507071631073234
2,UPFC_Vsh,5-15,1.1069095007555088,48,1.1071861365154951,WLS,99,0.0002766357599863767
3,UPFC_tsh,5-15,-0.2293643412421734,48,-0.22936906308085359,WLS,99,4.721838680193935e-06
4,UPFC_Vse,5-15,0.06053353658776103,48,0.06027927656029769,WLS,99,0.0002542600274633433
5,UPFC_tse,5-15,-2.157694971735266,48,-2.153859444240261,WLS,99,0.003835527495004598
0,x_tcsc,1-14,-0.13533081248492776,49,-0.13539067744855354,WLS,99,5.9864963625783085e-05
1,B_svc,2,0.2810742853550601,49,0.2815732902354433,WLS,99,0.0004990048803831804
2,UPFC_Vsh,5-15,1.106770026364076,49,1.1071861365154951,WLS,99,0.00041611015141906904
3,UPFC_tsh,5-15,-0.2293624794380322,49,-0.22936906308085359,WLS,99,6.583642821383906e-06
4,UPFC_Vse,5-15,0.06061550999672748,49,0.06027927656029769,WLS,99,0.00033623343642979336
5,UPFC_tse,5-15,-2.157584379204136,49,-2.153859444240261,WLS,99,0.0037249349638748264
0,x_tcsc,1-14,-0.1353553628534014,50,-0.13539067744855354,WLS,99,3.5314595152130535e-05
1,B_svc,2,0.2811028863347629,50,0.2815732902354433,WLS,99,0.00047040390068042726
2,UPFC_Vsh,5-15,1.1071126885276406,50,1.1071861365154951,WLS,99,7.344798785458018e-05
3,UPFC_tsh,5-15,-0.22939106039295798,50,-0.22936906308085359,WLS,99,2.1997312104393707e-05
4,UPFC_Vse,5-15,0.06056890030498844,50,0.06027927656029769,WLS,99,0.0002896237446907493
5,UPFC_tse,5-15,-2.154491221632891,50,-2.153859444240261,WLS,99,0.000631777392629651
0,x_tcsc,1-14,-0.1353560969200694,51,-0.13539067744855354,WLS,99,3.458052848415161e-05
1,B_svc,2,0.28142975590808467,51,0.2815732902354433,WLS,99,0.0001435343273586409
2,UPFC_Vsh,5-15,1.106457272854607,51,1.1071861365154951,WLS,99,0.0007288636608882015
3,UPFC_tsh,5-15,-0.22945570866099793,51,-0.22936906308085359,WLS,99,8.664558014434554e-05
4,UPFC_Vse,5-15,0.06060544394282006,51,0.06027927656029769,WLS,99,0.00032616738252237015
5,UPFC_tse,5-15,-2.152605905860101,51,-2.153859444240261,WLS,99,0.0012535383801601796
0,x_tcsc,1-14,-0.13535911327615655,52,-0.13539067744855354,WLS,99,3.156417239699727e-05
1,B_svc,2,0.2817132908807349,52,0.2815732902354433,WLS,99,0.0001400006452915714
2,UPFC_Vsh,5-15,1.106665341972974,52,1.1071861365154951,WLS,99,0.0005207945425211857
3,UPFC_tsh,5-15,-0.22945563934917662,52,-0.22936906308085359,WLS,99,8.657626832303533e-05
4,UPFC_Vse,5-15,0.06057698189045927,52,0.06027927656029769,WLS,99,0.0002977053301615809
5,UPFC_tse,5-15,-2.1533514213400617,52,-2.153859444240261,WLS,99,0.0005080229001994674
0,x_tcsc,1-14,-0.135363470660792,53,-0.13539067744855354,WLS,99,2.7206787761552276e-05
1,B_svc,2,0.2819308495059497,53,0.2815732902354433,WLS,99,0.00035755927050640235
2,UPFC_Vsh,5-15,1.1068387335225112,53,1.1071861365154951,WLS,99,0.0003474029929839695
3,UPFC_tsh,5-15,-0.22931206126140405,53,-0.22936906308085359,WLS,99,5.700181944953697e-05
4,UPFC_Vse,5-15,0.06055258031734563,53,0.06027927656029769,WLS,99,0.00027330375704794074
5,UPFC_tse,5-15,-2.152805405390307,53,-2.153859444240261,WLS,99,0.001054038849954253
0,x_tcsc,1-14,-0.13533387920185375,54,-0.13539067744855354,WLS,99,5.679824669979627e-05
1,B_svc,2,0.28161408809082433,54,0.2815732902354433,WLS,99,4.0797855381025094e-05
2,UPFC_Vsh,5-15,1.106710355665853,54,1.1071861365154951,WLS,99,0.00047578084964206013
3,UPFC_tsh,5-15,-0.2293693938120317,54,-0.22936906308085359,WLS,99,3.307311781108879e-07
4,UPFC_Vse,5-15,0.060846390315299384,54,0.06027927656029769,WLS,99,0.0005671137550016941
5,UPFC_tse,5-15,-2.15504990049676,54,-2.153859444240261,WLS,99,0.0011904562564986065
0,x_tcsc,1-14,-0.1353544783960121,55,-0.13539067744855354,WLS,99,3.619905254143019e-05
1,B_svc,2,0.28191218714342703,55,0.2815732902354433,WLS,99,0.0003388969079837212
2,UPFC_Vsh,5-15,1.106720557802939,55,1.1071861365154951,WLS,99,0.0004655787125560362
3,UPFC_tsh,5-15,-0.22951480248158224,55,-0.22936906308085359,WLS,99,0.00014573940072865055
4,UPFC_Vse,5-15,0.060639997071173596,55,0.06027927656029769,WLS,99,0.00036072051087590595
5,UPFC_tse,5-15,-2.155464398822295,55,-2.153859444240261,WLS,99,0.0016049545820338018
0,x_tcsc,1-14,-0.1353675927031993,56,-0.13539067744855354,WLS,99,2.308474535422933e-05
1,B_svc,2,0.2813982030526185,56,0.2815732902354433,WLS,99,0.00017508718282482905
2,UPFC_Vsh,5-15,1.1068990594580725,56,1.1071861365154951,WLS,99,0.00028707705742259115
3,UPFC_tsh,5-15,-0.22936678935038293,56,-0.22936906308085359,WLS,99,2.273730470653268e-06
4,UPFC_Vse,5-15,0.06047076203010361,56,0.06027927656029769,WLS,99,0.00019148546980592152
5,UPFC_tse,5-15,-2.1542695037719874,56,-2.153859444240261,WLS,99,0.00041005953172623677
0,x_tcsc,1-14,-0.13536464983388027,57,-0.13539067744855354,WLS,99,2.602761467326853e-05
1,B_svc,2,0.28123050881788625,57,0.2815732902354433,WLS,99,0.0003427814175570587
2,UPFC_Vsh,5-15,1.1069147038370917,57,1.1071861365154951,WLS,99,0.0002714326784034604
3,UPFC_tsh,5-15,-0.22933724297666017,57,-0.22936906308085359,WLS,99,3.182010419341963e-05
4,UPFC_Vse,5-15,0.06019457980083532,57,0.06027927656029769,WLS,99,8.469675946237015e-05
5,UPFC_tse,5-15,-2.155633449172363,57,-2.153859444240261,WLS,99,0.0017740049321020024
0,x_tcsc,1-14,-0.13535429323855536,58,-0.13539067744855354,WLS,99,3.6384209998185923e-05
1,B_svc,2,0.28123394773330634,58,0.2815732902354433,WLS,99,0.0003393425021369634
2,UPFC_Vsh,5-15,1.1068816179043839,58,1.1071861365154951,WLS,99,0.00030451861111124856
3,UPFC_tsh,5-15,-0.2294045864976732,58,-0.22936906308085359,WLS,99,3.552341681961613e-05
4,UPFC_Vse,5-15,0.06050105112547317,58,0.06027927656029769,WLS,99,0.00022177456517547683
5,UPFC_tse,5-15,-2.153383362301664,58,-2.153859444240261,WLS,99,0.0004760819385971615
0,x_tcsc,1-14,-0.13533178131641582,59,-0.13539067744855354,WLS,99,5.889613213772016e-05
1,B_svc,2,0.28088011298179294,59,0.2815732902354433,WLS,99,0.0006931772536503678
2,UPFC_Vsh,5-15,1.1067588404297202,59,1.1071861365154951,WLS,99,0.00042729608577496414
3,UPFC_tsh,5-15,-0.22935324221695141,59,-0.22936906308085359,WLS,99,1.5820863902171745e-05
4,UPFC_Vse,5-15,0.06068593233126013,59,0.06027927656029769,WLS,99,0.00040665577096243855
5,UPFC_tse,5-15,-2.1556555041044434,59,-2.153859444240261,WLS,99,0.0017960598641821868
0,x_tcsc,1-14,-0.13535098000253898,60,-0.13539067744855354,WLS,99,3.969744601456382e-05
1,B_svc,2,0.2817411708185061,60,0.2815732902354433,WLS,99,0.00016788058306277387
2,UPFC_Vsh,5-15,1.1069487194889651,60,1.1071861365154951,WLS,99,0.00023741702653001795
3,UPFC_tsh,5-15,-0.22939631767045873,60,-0.22936906308085359,WLS,99,2.7254589605146817e-05
4,UPFC_Vse,5-15,0.06062818170542265,60,0.06027927656029769,WLS,99,0.00034890514512495724
5,UPFC_tse,5-15,-2.1550500813144176,60,-2.153859444240261,WLS,99,0.0011906370741563421
0,x_tcsc,1-14,-0.13535451028087728,61,-0.13539067744855354,WLS,99,3.616716767626538e-05
1,B_svc,2,0.2817160170921991,61,0.2815732902354433,WLS,99,0.00014272685675581487
2,UPFC_Vsh,5-15,1.1068538405551633,61,1.1071861365154951,WLS,99,0.00033229596033179654
3,UPFC_tsh,5-15,-0.22941959131650277,61,-0.22936906308085359,WLS,99,5.0528235649188735e-05
4,UPFC_Vse,5-15,0.060537932549980925,61,0.06027927656029769,WLS,99,0.00025865598968323467
5,UPFC_tse,5-15,-2.154178785082203,61,-2.153859444240261,WLS,99,0.0003193408419419619
0,x_tcsc,1-14,-0.13532929732980808,62,-0.13539067744855354,WLS,99,6.138011874545768e-05
1,B_svc,2,0.2814729987762932,62,0.2815732902354433,WLS,99,0.00010029145915008142
2,UPFC_Vsh,5-15,1.1067696464986778,62,1.1071861365154951,WLS,99,0.0004164900168173169
3,UPFC_tsh,5-15,-0.2293309922983356,62,-0.22936906308085359,WLS,99,3.8070782517996005e-05
4,UPFC_Vse,5-15,0.06002086495505729,62,0.06027927656029769,WLS,99,0.0002584116052403995
5,UPFC_tse,5-15,-2.1554873182064185,62,-2.153859444240261,WLS,99,0.0016278739661572672
0,x_tcsc,1-14,-0.13532716321564736,63,-0.13539067744855354,WLS,99,6.351423290618108e-05
1,B_svc,2,0.28170918976203646,63,0.2815732902354433,WLS,99,0.00013589952659315285
2,UPFC_Vsh,5-15,1.1069161737890851,63,1.1071861365154951,WLS,99,0.0002699627264100002
3,UPFC_tsh,5-15,-0.2293546481620201,63,-0.22936906308085359,WLS,99,1.4414918833471901e-05
4,UPFC_Vse,5-15,0.05995605024267074,63,0.06027927656029769,WLS,99,0.0003232263176269484
5,UPFC_tse,5-15,-2.1556867002813895,63,-2.153859444240261,WLS,99,0.0018272560411283223
0,x_tcsc,1-14,-0.13533567113078473,64,-0.13539067744855354,WLS,99,5.50063177688076e-05
1,B_svc,2,0.2812142906940436,64,0.2815732902354433,WLS,99,0.00035899954139972934
2,UPFC_Vsh,5-15,1.1069082711867926,64,1.1071861365154951,WLS,99,0.0002778653287025534
3,UPFC_tsh,5-15,-0.22937915398760733,64,-0.22936906308085359,WLS,99,1.0090906753745799e-05
4,UPFC_Vse,5-15,0.06054326064368896,64,0.06027927656029769,WLS,99,0.00026398408339126794
5,UPFC_tse,5-15,-2.1506789271505653,64,-2.153859444240261,WLS,99,0.003180517089695911
0,x_tcsc,1-14,-0.1353298097929107,65,-0.13539067744855354,WLS,99,6.0867655642837803e-05
1,B_svc,2,0.28122707523054247,65,0.2815732902354433,WLS,99,0.00034621500490084056
2,UPFC_Vsh,5-15,1.1069260614510796,65,1.1071861365154951,WLS,99,0.0002600750644154992
3,UPFC_tsh,5-15,-0.22938069240475745,65,-0.22936906308085359,WLS,99,1.1629323903861177e-05
4,UPFC_Vse,5-15,0.06051333809782419,65,0.06027927656029769,WLS,99,0.00023406153752650316
5,UPFC_tse,5-15,-2.1529930438357416,65,-2.153859444240261,WLS,99,0.0008664004045195739
0,x_tcsc,1-14,-0.13535409526167527,66,-0.13539067744855354,WLS,99,3.6582186878270084e-05
1,B_svc,2,0.2815179897068239,66,0.2815732902354433,WLS,99,5.5300528619406375e-05
2,UPFC_Vsh,5-15,1.1068599513341548,66,1.1071861365154951,WLS,99,0.0003261851813403105
3,UPFC_tsh,5-15,-0.22932747276545373,66,-0.22936906308085359,WLS,99,4.159031539985314e-05
4,UPFC_Vse,5-15,0.06049736032415081,66,0.06027927656029769,WLS,99,0.0002180837638531205
5,UPFC_tse,5-15,-2.153091599917752,66,-2.153859444240261,WLS,99,0.0007678443225094256
0,x_tcsc,1-14,-0.13532464779933054,67,-0.13539067744855354,WLS,99,6.602964922300392e-05
1,B_svc,2,0.2815009861197648,67,0.2815732902354433,WLS,99,7.230411567848982e-05
2,UPFC_Vsh,5-15,1.1067392709930233,67,1.1071861365154951,WLS,99,0.00044686552247186206
3,UPFC_tsh,5-15,-0.22938502027077584,67,-0.22936906308085359,WLS,99,1.5957189922255477e-05
4,UPFC_Vse,5-15,0.06079021636754705,67,0.06027927656029769,WLS,99,0.0005109398072493596
5,UPFC_tse,5-15,-2.15294710504341,67,-2.153859444240261,WLS,99,0.0009123391968510752
0,x_tcsc,1-14,-0.13537157019917,68,-0.13539067744855354,WLS,99,1.9107249383532032e-05
1,B_svc,2,0.2816627066223316,68,0.2815732902354433,WLS,99,8.9416386888308e-05
2,UPFC_Vsh,5-15,1.1068334317107182,68,1.1071861365154951,WLS,99,0.00035270480477689325
3,UPFC_tsh,5-15,-0.2294203617418248,68,-0.22936906308085359,WLS,99,5.129866097122737e-05
4,UPFC_Vse,5-15,0.060843677555984126,68,0.06027927656029769,WLS,99,0.0005644009956864357
5,UPFC_tse,5-15,-2.154026158482715,68,-2.153859444240261,WLS,99,0.000166714242453736
0,x_tcsc,1-14,-0.13535526235878126,69,-0.13539067744855354,WLS,99,3.54150897722838e-05
1,B_svc,2,0.28187339875582956,69,0.2815732902354433,WLS,99,0.00030010852038625524
2,UPFC_Vsh,5-15,1.1069018963017279,69,1.1071861365154951,WLS,99,0.0002842402137672728
3,UPFC_tsh,5-15,-0.22942253472804144,69,-0.22936906308085359,WLS,99,5.347164718785824e-05
4,UPFC_Vse,5-15,0.06000230314662126,69,0.06027927656029769,WLS,99,0.0002769734136764332
5,UPFC_tse,5-15,-2.1585597904426956,69,-2.153859444240261,WLS,99,0.0047003462024344245
0,x_tcsc,1-14,-0.13534378086431054,70,-0.13539067744855354,WLS,99,4.68965842430058e-05
1,B_svc,2,0.28171158599756313,70,0.2815732902354433,WLS,99,0.0001382957621198222
2,UPFC_Vsh,5-15,1.107269663642126,70,1.1071861365154951,WLS,99,8.35271266308446e-05
3,UPFC_tsh,5-15,-0.22935602122055576,70,-0.22936906308085359,WLS,99,1.3041860297824392e-05
4,UPFC_Vse,5-15,0.06036669119966738,70,0.06027927656029769,WLS,99,8.741463936969007e-05
5,UPFC_tse,5-15,-2.153727926197017,70,-2.153859444240261,WLS,99,0.0001315180432444052
0,x_tcsc,1-14,-0.13536042154643216,71,-0.13539067744855354,WLS,99,3.0255902121384404e-05
1,B_svc,2,0.2814206620510796,71,0.2815732902354433,WLS,99,0.0001526281843637345
2,UPFC_Vsh,5-15,1.1071038937124917,71,1.1071861365154951,WLS,99,8.224280300339615e-05
3,UPFC_tsh,5-15,-0.2293474497475597,71,-0.22936906308085359,WLS,99,2.1613333293896142e-05
4,UPFC_Vse,5-15,0.059836083997487,71,0.06027927656029769,WLS,99,0.0004431925628106889
5,UPFC_tse,5-15,-2.157106104674699,71,-2.153859444240261,WLS,99,0.003246660434437665
0,x_tcsc,1-14,-0.13537226536154823,72,-0.13539067744855354,WLS,99,1.8412087005315048e-05
1,B_svc,2,0.281314629709766,72,0.2815732902354433,WLS,99,0.00025866052567730113
2,UPFC_Vsh,5-15,1.106729615273313,72,1.1071861365154951,WLS,99,0.0004565212421820952
3,UPFC_tsh,5-15,-0.22946705394554898,72,-0.22936906308085359,WLS,99,9.799086469539087e-05
4,UPFC_Vse,5-15,0.06030438444315337,72,0.06027927656029769,WLS,99,2.510788285568083e-05
5,UPFC_tse,5-15,-2.154794492212334,72,-2.153859444240261,WLS,99,0.0009350479720726668
0,x_tcsc,1-14,-0.13534656238866752,73,-0.13539067744855354,WLS,99,4.4115059886024044e-05
1,B_svc,2,0.2810697126667241,73,0.2815732902354433,WLS,99,0.0005035775687192157
2,UPFC_Vsh,5-15,1.106823988510836,73,1.1071861365154951,WLS,99,0.0003621480046591685
3,UPFC_tsh,5-15,-0.22935242386529406,73,-0.22936906308085359,WLS,99,1.663921555952741e-05
4,UPFC_Vse,5-15,0.060453855892476704,73,0.06027927656029769,WLS,99,0.00017457933217901456
5,UPFC_tse,5-15,-2.154518148056543,73,-2.153859444240261,WLS,99,0.0006587038162817471
0,x_tcsc,1-14,-0.13535818202612862,74,-0.13539067744855354,WLS,99,3.249542242492187e-05
1,B_svc,2,0.2812673674528077,74,0.2815732902354433,WLS,99,0.0003059227826355815
2,UPFC_Vsh,5-15,1.1068243368634918,74,1.1071861365154951,WLS,99,0.0003617996520033362
3,UPFC_tsh,5-15,-0.22937374366020447,74,-0.22936906308085359,WLS,99,4.680579350879732e-06
4,UPFC_Vse,5-15,0.06056558526312047,74,0.06027927656029769,WLS,99,0.00028630870282277815
5,UPFC_tse,5-15,-2.151946908592442,74,-2.153859444240261,WLS,99,0.0019125356478193467
0,x_tcsc,1-14,-0.13534666645466298,75,-0.13539067744855354,WLS,99,4.4010993890564176e-05
1,B_svc,2,0.28180368436725023,75,0.2815732902354433,WLS,99,0.00023039413180692137
2,UPFC_Vsh,5-15,1.1066603792841816,75,1.1071861365154951,WLS,99,0.0005257572313135395
3,UPFC_tsh,5-15,-0.22940101826473208,75,-0.22936906308085359,WLS,99,3.195518387849594e-05
4,UPFC_Vse,5-15,0.060472632503691656,75,0.06027927656029769,WLS,99,0.00019335594339396633
5,UPFC_tse,5-15,-2.155649718463166,75,-2.153859444240261,WLS,99,0.0017902742229050084
0,x_tcsc,1-14,-0.13534055097631534,76,-0.13539067744855354,WLS,99,5.0126472238204434e-05
1,B_svc,2,0.2813816757699715,76,0.2815732902354433,WLS,99,0.00019161446547183436
2,UPFC_Vsh,5-15,1.1071750053491942,76,1.1071861365154951,WLS,99,1.113116630091504e-05
3,UPFC_tsh,5-15,-0.22938291884009995,76,-0.22936906308085359,WLS,99,1.3855759246367283e-05
4,UPFC_Vse,5-15,0.060899085631138945,76,0.06027927656029769,WLS,99,0.0006198090708412554
5,UPFC_tse,5-15,-2.154125857204713,76,-2.153859444240261,WLS,99,0.00026641296445184537
0,x_tcsc,1-14,-0.13536828687801458,77,-0.13539067744855354,WLS,99,2.239057053896043e-05
1,B_svc,2,0.28147952417592487,77,0.2815732902354433,WLS,99,9.376605951844086e-05
2,UPFC_Vsh,5-15,1.1065417736470062,77,1.1071861365154951,WLS,99,0.0006443628684889013
3,UPFC_tsh,5-15,-0.22941302082885748,77,-0.22936906308085359,WLS,99,4.395774800389218e-05
4,UPFC_Vse,5-15,0.060714125140256946,77,0.06027927656029769,WLS,99,0.0004348485799592558
5,UPFC_tse,5-15,-2.15776882639879,77,-2.153859444240261,WLS,99,0.0039093821585289845
0,x_tcsc,1-14,-0.13534003205293763,78,-0.13539067744855354,WLS,99,5.0645395615916966e-05
1,B_svc,2,0.28114829352451953,78,0.2815732902354433,WLS,99,0.0004249967109237751
2,UPFC_Vsh,5-15,1.1067794700184428,78,1.1071861365154951,WLS,99,0.0004066664970523437
3,UPFC_tsh,5-15,-0.2293844130913746,78,-0.22936906308085359,WLS,99,1.5350010521025803e-05
4,UPFC_Vse,5-15,0.06037139367634675,78,0.06027927656029769,WLS,99,9.211711604906192e-05
5,UPFC_tse,5-15,-2.1560536410821194,78,-2.153859444240261,WLS,99,0.002194196841858176
0,x_tcsc,1-14,-0.13534749973176158,79,-0.13539067744855354,WLS,99,4.317771679196447e-05
1,B_svc,2,0.2814543664877982,79,0.2815732902354433,WLS,99,0.00011892374764510549
2,UPFC_Vsh,5-15,1.1066066628465208,79,1.1071861365154951,WLS,99,0.0005794736689743729
3,UPFC_tsh,5-15,-0.22943694129092257,79,-0.22936906308085359,WLS,99,6.787821006898342e-05
4,UPFC_Vse,5-15,0.06031751897205154,79,0.06027927656029769,WLS,99,3.824241175384713e-05
5,UPFC_tse,5-15,-2.157819429330681,79,-2.153859444240261,WLS,99,0.0039599850904199485
0,x_tcsc,1-14,-0.1353453077901202,80,-0.13539067744855354,WLS,99,4.5369658433352944e-05
1,B_svc,2,0.2813402087112991,80,0.2815732902354433,WLS,99,0.00023308152414419636
2,UPFC_Vsh,5-15,1.1067935591386415,80,1.1071861365154951,WLS,99,0.00039257737685360894
3,UPFC_tsh,5-15,-0.22932418514383138,80,-0.22936906308085359,WLS,99,4.487793702220855e-05
4,UPFC_Vse,5-15,0.06041361228390473,80,0.06027927656029769,WLS,99,0.00013433572360704166
5,UPFC_tse,5-15,-2.1562745791137075,80,-2.153859444240261,WLS,99,0.0024151348734462452
0,x_tcsc,1-14,-0.13534938276758168,81,-0.13539067744855354,WLS,99,4.129468097185951e-05
1,B_svc,2,0.28095742812416546,81,0.2815732902354433,WLS,99,0.0006158621112778428
2,UPFC_Vsh,5-15,1.1069152589857034,81,1.1071861365154951,WLS,99,0.0002708775297917132
3,UPFC_tsh,5-15,-0.22943693737500273,81,-0.22936906308085359,WLS,99,6.787429414914503e-05
4,UPFC_Vse,5-15,0.06090496550611583,81,0.06027927656029769,WLS,99,0.0006256889458181383
5,UPFC_tse,5-15,-2.1538180769894075,81,-2.153859444240261,WLS,99,4.136725085368553e-05
0,x_tcsc,1-14,-0.13535012776941058,82,-0.13539067744855354,WLS,99,4.054967914296492e-05
1,B_svc,2,0.2811864685646614,82,0.2815732902354433,WLS,99,0.00038682167078191165
2,UPFC_Vsh,5-15,1.1071462405730264,82,1.1071861365154951,WLS,99,3.98959424687817e-05
3,UPFC_tsh,5-15,-0.22929670861838952,82,-0.22936906308085359,WLS,99,7.235446246406374e-05
4,UPFC_Vse,5-15,0.060138408815658705,82,0.06027927656029769,WLS,99,0.00014086774463898527
5,UPFC_tse,5-15,-2.154475105519429,82,-2.153859444240261,WLS,99,0.0006156612791676785
0,x_tcsc,1-14,-0.13534716949734815,83,-0.13539067744855354,WLS,99,4.3507951205390416e-05
1,B_svc,2,0.28166203176089133,83,0.2815732902354433,WLS,99,8.874152544802172e-05
2,UPFC_Vsh,5-15,1.106858573022457,83,1.1071861365154951,WLS,99,0.00032756349303819654
3,UPFC_tsh,5-15,-0.22941402663820298,83,-0.22936906308085359,WLS,99,4.496355734939783e-05
4,UPFC_Vse,5-15,0.060519737338212365,83,0.06027927656029769,WLS,99,0.00024046077791467502
5,UPFC_tse,5-15,-2.1556550230380593,83,-2.153859444240261,WLS,99,0.0017955787977981252
0,x_tcsc,1-14,-0.13534345778947732,84,-0.13539067744855354,WLS,99,4.721965907622527e-05
1,B_svc,2,0.28168424422227906,84,0.2815732902354433,WLS,99,0.00011095398683574897
2,UPFC_Vsh,5-15,1.1065737284923558,84,1.1071861365154951,WLS,99,0.0006124080231393325
3,UPFC_tsh,5-15,-0.2293888058189301,84,-0.22936906308085359,WLS,99,1.974273807650584e-05
4,UPFC_Vse,5-15,0.06043289616980527,84,0.06027927656029769,WLS,99,0.00015361960950757703
5,UPFC_tse,5-15,-2.1542596193138226,84,-2.153859444240261,WLS,99,0.0004001750735613818
0,x_tcsc,1-14,-0.13533117380553625,85,-0.13539067744855354,WLS,99,5.9503643017294605e-05
1,B_svc,2,0.28103835420242,85,0.2815732902354433,WLS,99,0.0005349360330232922
2,UPFC_Vsh,5-15,1.1066803079925032,85,1.1071861365154951,WLS,99,0.000505828522991969
3,UPFC_tsh,5-15,-0.22933490245876165,85,-0.22936906308085359,WLS,99,3.416062209193882e-05
4,UPFC_Vse,5-15,0.06051972510346284,85,0.06027927656029769,WLS,99,0.00024044854316514902
5,UPFC_tse,5-15,-2.1543327844658604,85,-2.153859444240261,WLS,99,0.00047334022559919475
0,x_tcsc,1-14,-0.1353518463714124,86,-0.13539067744855354,WLS,99,3.8831077141143755e-05
1,B_svc,2,0.2813386476870829,86,0.2815732902354433,WLS,99,0.00023464254836041976
2,UPFC_Vsh,5-15,1.1068696099549697,86,1.1071861365154951,WLS,99,0.0003165265605253875
3,UPFC_tsh,5-15,-0.2293577428618272,86,-0.22936906308085359,WLS,99,1.1320219026389466e-05
4,UPFC_Vse,5-15,0.060778670474881516,86,0.06027927656029769,WLS,99,0.0004993939145838261
5,UPFC_tse,5-15,-2.150695649341865,86,-2.153859444240261,WLS,99,0.003163794898396244
0,x_tcsc,1-14,-0.13533095254597166,87,-0.13539067744855354,WLS,99,5.9724902581881345e-05
1,B_svc,2,0.2811907055108457,87,0.2815732902354433,WLS,99,0.00038258472459762327
2,UPFC_Vsh,5-15,1.106797905639736,87,1.1071861365154951,WLS,99,0.0003882308757592323
3,UPFC_tsh,5-15,-0.22941821148827665,87,-0.22936906308085359,WLS,99,4.9148407423066365e-05
4,UPFC_Vse,5-15,0.0605692794222714,87,0.06027927656029769,WLS,99,0.00029000286197371217
5,UPFC_tse,5-15,-2.1543773331757876,87,-2.153859444240261,WLS,99,0.0005178889355264005
0,x_tcsc,1-14,-0.13535642365999342,88,-0.13539067744855354,WLS,99,3.425378856011796e-05
1,B_svc,2,0.2810726746654159,88,0.2815732902354433,WLS,99,0.0005006155700273962
2,UPFC_Vsh,5-15,1.106623384576088,88,1.1071861365154951,WLS,99,0.0005627519394071356
3,UPFC_tsh,5-15,-0.22936433357892436,88,-0.22936906308085359,WLS,99,4.729501929229274e-06
4,UPFC_Vse,5-15,0.060013724777025004,88,0.06027927656029769,WLS,99,0.0002655517832726856
5,UPFC_tse,5-15,-2.1595560196026162,88,-2.153859444240261,WLS,99,0.005696575362355016
0,x_tcsc,1-14,-0.13532781555709836,89,-0.13539067744855354,WLS,99,6.286189145518484e-05
1,B_svc,2,0.2810811554857336,89,0.2815732902354433,WLS,99,0.0004921347497097162
2,UPFC_Vsh,5-15,1.1068268786542423,89,1.1071861365154951,WLS,99,0.000359257861252793
3,UPFC_tsh,5-15,-0.22944716210484015,89,-0.22936906308085359,WLS,99,7.809902398656088e-05
4,UPFC_Vse,5-15,0.06021327037314235,89,0.06027927656029769,WLS,99,6.600618715534023e-05
5,UPFC_tse,5-15,-2.157590069093683,89,-2.153859444240261,WLS,99,0.0037306248534219044
0,x_tcsc,1-14,-0.13533917065195286,90,-0.13539067744855354,WLS,99,5.1506796600681026e-05
1,B_svc,2,0.281846115810238,90,0.2815732902354433,WLS,99,0.0002728255747946884
2,UPFC_Vsh,5-15,1.1066005378919057,90,1.1071861365154951,WLS,99,0.0005855986235894228
3,UPFC_tsh,5-15,-0.22944179524211575,90,-0.22936906308085359,WLS,99,7.273216126216231e-05
4,UPFC_Vse,5-15,0.06010878090945789,90,0.06027927656029769,WLS,99,0.0001704956508397984
5,UPFC_tse,5-15,-2.1579706408837414,90,-2.153859444240261,WLS,99,0.004111196643480142
0,x_tcsc,1-14,-0.13536751954684928,91,-0.13539067744855354,WLS,99,2.3157901704262684e-05
1,B_svc,2,0.28100908553195353,91,0.2815732902354433,WLS,99,0.000564204703489779
2,UPFC_Vsh,5-15,1.1067954722461213,91,1.1071861365154951,WLS,99,0.0003906642693738416
3,UPFC_tsh,5-15,-0.2294191805387831,91,-0.22936906308085359,WLS,99,5.011745792951605e-05
4,UPFC_Vse,5-15,0.06062810982742407,91,0.06027927656029769,WLS,99,0.0003488332671263833
5,UPFC_tse,5-15,-2.153241364374928,91,-2.153859444240261,WLS,99,0.0006180798653332431
0,x_tcsc,1-14,-0.13535271936107848,92,-0.13539067744855354,WLS,99,3.7958087475059576e-05
1,B_svc,2,0.2814787138967226,92,0.2815732902354433,WLS,99,9.457633872073101e-05
2,UPFC_Vsh,5-15,1.1065089938796024,92,1.1071861365154951,WLS,99,0.0006771426358926913
3,UPFC_tsh,5-15,-0.22937335707287707,92,-0.22936906308085359,WLS,99,4.293992023479687e-06
4,UPFC_Vse,5-15,0.06061732871202356,92,0.06027927656029769,WLS,99,0.00033805215172587333
5,UPFC_tse,5-15,-2.1537144186228603,92,-2.153859444240261,WLS,99,0.000145025617400929
0,x_tcsc,1-14,-0.13533420577065536,93,-0.13539067744855354,WLS,99,5.6471677898184414e-05
1,B_svc,2,0.28086005478705045,93,0.2815732902354433,WLS,99,0.0007132354483928571
2,UPFC_Vsh,5-15,1.1068038548781292,93,1.1071861365154951,WLS,99,0.00038228163736597764
3,UPFC_tsh,5-15,-0.22936832819718755,93,-0.22936906308085359,WLS,99,7.348836660314717e-07
4,UPFC_Vse,5-15,0.060908627350300434,93,0.06027927656029769,WLS,99,0.0006293507900027445
5,UPFC_tse,5-15,-2.154062172851585,93,-2.153859444240261,WLS,99,0.0002027286113239768
0,x_tcsc,1-14,-0.1353629321977066,94,-0.13539067744855354,WLS,99,2.774525084695001e-05
1,B_svc,2,0.2810637662319535,94,0.2815732902354433,WLS,99,0.000509524003489803
2,UPFC_Vsh,5-15,1.1070028688560487,94,1.1071861365154951,WLS,99,0.00018326765944642887
3,UPFC_tsh,5-15,-0.2293306765635594,94,-0.22936906308085359,WLS,99,3.838651729418108e-05
4,UPFC_Vse,5-15,0.05988252214978272,94,0.06027927656029769,WLS,99,0.0003967544105149684
5,UPFC_tse,5-15,-2.154855101173213,94,-2.153859444240261,WLS,99,0.0009956569329516718
0,x_tcsc,1-14,-0.13535303753514508,95,-0.13539067744855354,WLS,99,3.763991340846595e-05
1,B_svc,2,0.2817029095323918,95,0.2815732902354433,WLS,99,0.00012961929694849106
2,UPFC_Vsh,5-15,1.1065079556899655,95,1.1071861365154951,WLS,99,0.0006781808255296173
3,UPFC_tsh,5-15,-0.22943250104516,95,-0.22936906308085359,WLS,99,6.343796430641202e-05
4,UPFC_Vse,5-15,0.06048360491273486,95,0.06027927656029769,WLS,99,0.00020432835243717334
5,UPFC_tse,5-15,-2.1536250694419676,95,-2.153859444240261,WLS,99,0.00023437479829357954
0,x_tcsc,1-14,-0.1353601565971239,96,-0.13539067744855354,WLS,99,3.0520851429655105e-05
1,B_svc,2,0.2820435175273292,96,0.2815732902354433,WLS,99,0.00047022729188589407
2,UPFC_Vsh,5-15,1.1064994049326515,96,1.1071861365154951,WLS,99,0.0006867315828436027
3,UPFC_tsh,5-15,-0.2293817018488442,96,-0.22936906308085359,WLS,99,1.26387679906248e-05
4,UPFC_Vse,5-15,0.06047656208068104,96,0.06027927656029769,WLS,99,0.0001972855203833529
5,UPFC_tse,5-15,-2.1558736829101757,96,-2.153859444240261,WLS,99,0.0020142386699144588
0,x_tcsc,1-14,-0.13532715889480612,97,-0.13539067744855354,WLS,99,6.351855374742144e-05
1,B_svc,2,0.2817259452240737,97,0.2815732902354433,WLS,99,0.00015265498863037408
2,UPFC_Vsh,5-15,1.1064259766832434,97,1.1071861365154951,WLS,99,0.00076015983225175
3,UPFC_tsh,5-15,-0.22937858959517313,97,-0.22936906308085359,WLS,99,9.526514319541102e-06
4,UPFC_Vse,5-15,0.06012734221386802,97,0.06027927656029769,WLS,99,0.00015193434642966908
5,UPFC_tse,5-15,-2.155135173556796,97,-2.153859444240261,WLS,99,0.001275729316534857
0,x_tcsc,1-14,-0.1353599871438739,98,-0.13539067744855354,WLS,99,3.069030467964251e-05
1,B_svc,2,0.28169963186341757,98,0.2815732902354433,WLS,99,0.00012634162797425796
2,UPFC_Vsh,5-15,1.1069588700459605,98,1.1071861365154951,WLS,99,0.00022726646953463714
3,UPFC_tsh,5-15,-0.22947141567471205,98,-0.22936906308085359,WLS,99,0.0001023525938584624
4,UPFC_Vse,5-15,0.06048381503690144,98,0.06027927656029769,WLS,99,0.0002045384766037467
5,UPFC_tse,5-15,-2.1568088076950227,98,-2.153859444240261,WLS,99,0.002949363454761489
0,x_tcsc,1-14,-0.13535652446400076,99,-0.13539067744855354,WLS,99,3.415298455278215e-05
1,B_svc,2,0.2814601896630841,99,0.2815732902354433,WLS,99,0.00011310057235919269
2,UPFC_Vsh,5-15,1.1066263593546573,99,1.1071861365154951,WLS,99,0.0005597771608378821
3,UPFC_tsh,5-15,-0.22941060358957643,99,-0.22936906308085359,WLS,99,4.15405087228482e-05
4,UPFC_Vse,5-15,0.06041986468516652,99,0.06027927656029769,WLS,99,0.0001405881248688276
5,UPFC_tse,5-15,-2.1554142030188426,99,-2.153859444240261,WLS,99,0.0015547587785813555
0,x_tcsc,1-14,-0.13555627297110193,0,-0.13557893144042785,WLS,101,2.2658469325920194e-05
1,B_svc,2,0.28208282561216796,0,0.2821765872626029,WLS,101,9.376165043495366e-05
2,UPFC_Vsh,5-15,1.1067315352038432,0,1.1069766100842786,WLS,101,0.00024507488043545855
3,UPFC_tsh,5-15,-0.22896903148992415,0,-0.22891919748685946,WLS,101,4.9834003064685994e-05
4,UPFC_Vse,5-15,0.06032883242370906,0,0.06113448962428777,WLS,101,0.0008056572005787077
5,UPFC_tse,5-15,-2.1591164251608816,0,-2.1549397282416796,WLS,101,0.004176696919202083
0,x_tcsc,1-14,-0.13553017371284778,1,-0.13557893144042785,WLS,101,4.875772758006214e-05
1,B_svc,2,0.28203342946135,1,0.2821765872626029,WLS,101,0.00014315780125290223
2,UPFC_Vsh,5-15,1.1068466961212773,1,1.1069766100842786,WLS,101,0.00012991396300132685
3,UPFC_tsh,5-15,-0.228893156551689,1,-0.22891919748685946,WLS,101,2.604093517047379e-05
4,UPFC_Vse,5-15,0.060951671795729044,1,0.06113448962428777,WLS,101,0.00018281782855872342
5,UPFC_tse,5-15,-2.1544269551502886,1,-2.1549397282416796,WLS,101,0.0005127730913909723
0,x_tcsc,1-14,-0.1355551570384798,2,-0.13557893144042785,WLS,101,2.3774401948034596e-05
1,B_svc,2,0.2818075848314875,2,0.2821765872626029,WLS,101,0.0003690024311154283
2,UPFC_Vsh,5-15,1.106717150750042,2,1.1069766100842786,WLS,101,0.0002594593342366558
3,UPFC_tsh,5-15,-0.22891978967275894,2,-0.22891919748685946,WLS,101,5.921858994839546e-07
4,UPFC_Vse,5-15,0.06114625815582379,2,0.06113448962428777,WLS,101,1.1768531536025806e-05
5,UPFC_tse,5-15,-2.1506215622783325,2,-2.1549397282416796,WLS,101,0.004318165963347109
0,x_tcsc,1-14,-0.1355537482232588,3,-0.13557893144042785,WLS,101,2.5183217169044703e-05
1,B_svc,2,0.28245935348542767,3,0.2821765872626029,WLS,101,0.0002827662228247485
2,UPFC_Vsh,5-15,1.1070580385690352,3,1.1069766100842786,WLS,101,8.142848475656272e-05
3,UPFC_tsh,5-15,-0.22885812453356422,3,-0.22891919748685946,WLS,101,6.107295329524365e-05
4,UPFC_Vse,5-15,0.06086113788520202,3,0.06113448962428777,WLS,101,0.000273351739085749
5,UPFC_tse,5-15,-2.154246127796424,3,-2.1549397282416796,WLS,101,0.000693600445255349
0,x_tcsc,1-14,-0.13554155338020482,4,-0.13557893144042785,WLS,101,3.737806022302559e-05
1,B_svc,2,0.28274898839766893,4,0.2821765872626029,WLS,101,0.0005724011350660141
2,UPFC_Vsh,5-15,1.1066639889455607,4,1.1069766100842786,WLS,101,0.00031262113871788344
3,UPFC_tsh,5-15,-0.22890798062426954,4,-0.22891919748685946,WLS,101,1.1216862589924492e-05
4,UPFC_Vse,5-15,0.060561689248366184,4,0.06113448962428777,WLS,101,0.0005728003759215838
5,UPFC_tse,5-15,-2.155926980695798,4,-2.1549397282416796,WLS,101,0.000987252454118348
0,x_tcsc,1-14,-0.13554148197012134,5,-0.13557893144042785,WLS,101,3.744947030651091e-05
1,B_svc,2,0.28189559745971143,5,0.2821765872626029,WLS,101,0.0002809898028914848
2,UPFC_Vsh,5-15,1.1068993683159836,5,1.1069766100842786,WLS,101,7.724176829504437e-05
3,UPFC_tsh,5-15,-0.22896572455057607,5,-0.22891919748685946,WLS,101,4.6527063716605976e-05
4,UPFC_Vse,5-15,0.06096299928332693,5,0.06113448962428777,WLS,101,0.00017149034096083926
5,UPFC_tse,5-15,-2.154688358359891,5,-2.1549397282416796,WLS,101,0.0002513698817887544
0,x_tcsc,1-14,-0.1355426932857061,6,-0.13557893144042785,WLS,101,3.6238154721757176e-05
1,B_svc,2,0.282014233748865,6,0.2821765872626029,WLS,101,0.00016235351373794504
2,UPFC_Vsh,5-15,1.1067062302831652,6,1.1069766100842786,WLS,101,0.0002703798011134406
3,UPFC_tsh,5-15,-0.22900592724280652,6,-0.22891919748685946,WLS,101,8.672975594706256e-05
4,UPFC_Vse,5-15,0.060569112149676536,6,0.06113448962428777,WLS,101,0.0005653774746112311
5,UPFC_tse,5-15,-2.1544214677818037,6,-2.1549397282416796,WLS,101,0.0005182604598759077
0,x_tcsc,1-14,-0.13553156732367977,7,-0.13557893144042785,WLS,101,4.736411674807761e-05
1,B_svc,2,0.28189106637356015,7,0.2821765872626029,WLS,101,0.0002855208890427674
2,UPFC_Vsh,5-15,1.1072378570670698,7,1.1069766100842786,WLS,101,0.00026124698279117453
3,UPFC_tsh,5-15,-0.2288789900939735,7,-0.22891919748685946,WLS,101,4.0207392885960314e-05
4,UPFC_Vse,5-15,0.06068411781957743,7,0.06113448962428777,WLS,101,0.00045037180471033805
5,UPFC_tse,5-15,-2.1544493791004,7,-2.1549397282416796,WLS,101,0.0004903491412795447
0,x_tcsc,1-14,-0.13554250671151075,8,-0.13557893144042785,WLS,101,3.642472891710047e-05
1,B_svc,2,0.28196217855728745,8,0.2821765872626029,WLS,101,0.00021440870531547196
2,UPFC_Vsh,5-15,1.1072385769085376,8,1.1069766100842786,WLS,101,0.00026196682425894124
3,UPFC_tsh,5-15,-0.22892247088968726,8,-0.22891919748685946,WLS,101,3.2734028277969784e-06
4,UPFC_Vse,5-15,0.06048173299327418,8,0.06113448962428777,WLS,101,0.000652756631013586
5,UPFC_tse,5-15,-2.1540099634087633,8,-2.1549397282416796,WLS,101,0.0009297648329162911
0,x_tcsc,1-14,-0.1355694492494163,9,-0.13557893144042785,WLS,101,9.482191011545016e-06
1,B_svc,2,0.2820512188346321,9,0.2821765872626029,WLS,101,0.00012536842797084002
2,UPFC_Vsh,5-15,1.1068023631788573,9,1.1069766100842786,WLS,101,0.00017424690542133803
3,UPFC_tsh,5-15,-0.2289833841080944,9,-0.22891919748685946,WLS,101,6.418662123494623e-05
4,UPFC_Vse,5-15,0.06089182724839342,9,0.06113448962428777,WLS,101,0.00024266237589434803
5,UPFC_tse,5-15,-2.1518846441498165,9,-2.1549397282416796,WLS,101,0.0030550840918630584
0,x_tcsc,1-14,-0.1355345241929062,10,-0.13557893144042785,WLS,101,4.440724752163838e-05
1,B_svc,2,0.281990510274397,10,0.2821765872626029,WLS,101,0.00018607698820594099
2,UPFC_Vsh,5-15,1.1068177036191456,10,1.1069766100842786,WLS,101,0.0001589064651330574
3,UPFC_tsh,5-15,-0.22902345982187006,10,-0.22891919748685946,WLS,101,0.00010426233501059645
4,UPFC_Vse,5-15,0.061436672983390415,10,0.06113448962428777,WLS,101,0.00030218335910264793
5,UPFC_tse,5-15,-2.1514582549443317,10,-2.1549397282416796,WLS,101,0.0034814732973478257
0,x_tcsc,1-14,-0.1355422860628449,11,-0.13557893144042785,WLS,101,3.6645377582938954e-05
1,B_svc,2,0.2819897083274956,11,0.2821765872626029,WLS,101,0.00018687893510732634
2,UPFC_Vsh,5-15,1.1070004411975924,11,1.1069766100842786,WLS,101,2.3831113313832475e-05
3,UPFC_tsh,5-15,-0.2288220451506085,11,-0.22891919748685946,WLS,101,9.715233625096076e-05
4,UPFC_Vse,5-15,0.06070692180275165,11,0.06113448962428777,WLS,101,0.0004275678215361206
5,UPFC_tse,5-15,-2.1510143066931526,11,-2.1549397282416796,WLS,101,0.003925421548526931
0,x_tcsc,1-14,-0.13553926669540056,12,-0.13557893144042785,WLS,101,3.9664745027284676e-05
1,B_svc,2,0.2815888308631374,12,0.2821765872626029,WLS,101,0.0005877563994655111
2,UPFC_Vsh,5-15,1.1067679535619999,12,1.1069766100842786,WLS,101,0.00020865652227874953
3,UPFC_tsh,5-15,-0.228916809768797,12,-0.22891919748685946,WLS,101,2.3877180624631844e-06
4,UPFC_Vse,5-15,0.06136364625866803,12,0.06113448962428777,WLS,101,0.0002291566343802648
5,UPFC_tse,5-15,-2.147822681823179,12,-2.1549397282416796,WLS,101,0.007117046418500639
0,x_tcsc,1-14,-0.13555317792562752,13,-0.13557893144042785,WLS,101,2.5753514800330723e-05
1,B_svc,2,0.2819545590517054,13,0.2821765872626029,WLS,101,0.0002220282108975069
2,UPFC_Vsh,5-15,1.1067025031638544,13,1.1069766100842786,WLS,101,0.0002741069204241775
3,UPFC_tsh,5-15,-0.22891743145089885,13,-0.22891919748685946,WLS,101,1.7660359606097575e-06
4,UPFC_Vse,5-15,0.060476940095151574,13,0.06113448962428777,WLS,101,0.0006575495291361935
5,UPFC_tse,5-15,-2.154124841725787,13,-2.1549397282416796,WLS,101,0.0008148865158923435
0,x_tcsc,1-14,-0.13554814689910222,14,-0.13557893144042785,WLS,101,3.078454132562913e-05
1,B_svc,2,0.2822134071363736,14,0.2821765872626029,WLS,101,3.681987377068818e-05
2,UPFC_Vsh,5-15,1.1068046473729765,14,1.1069766100842786,WLS,101,0.0001719627113021538
3,UPFC_tsh,5-15,-0.22885766895571946,14,-0.22891919748685946,WLS,101,6.152853113999823e-05
4,UPFC_Vse,5-15,0.06076084581110341,14,0.06113448962428777,WLS,101,0.00037364381318436
5,UPFC_tse,5-15,-2.155231569076837,14,-2.1549397282416796,WLS,101,0.00029184083515731984
0,x_tcsc,1-14,-0.13552328032587913,15,-0.13557893144042785,WLS,101,5.5651114548721514e-05
1,B_svc,2,0.2817465234988079,15,0.2821765872626029,WLS,101,0.00043006376379500777
2,UPFC_Vsh,5-15,1.1069636466583792,15,1.1069766100842786,WLS,101,1.2963425899403802e-05
3,UPFC_tsh,5-15,-0.22884626849358083,15,-0.22891919748685946,WLS,101,7.29289932786259e-05
4,UPFC_Vse,5-15,0.06029995993069801,15,0.06113448962428777,WLS,101,0.0008345296935897556
5,UPFC_tse,5-15,-2.1527228252470305,15,-2.1549397282416796,WLS,101,0.0022169029946490504
0,x_tcsc,1-14,-0.1355373587203643,16,-0.13557893144042785,WLS,101,4.157272006355406e-05
1,B_svc,2,0.28232313768657663,16,0.2821765872626029,WLS,101,0.00014655042397371254
2,UPFC_Vsh,5-15,1.1066363030305564,16,1.1069766100842786,WLS,101,0.000340307053722233
3,UPFC_tsh,5-15,-0.2289666508287498,16,-0.22891919748685946,WLS,101,4.745334189035222e-05
4,UPFC_Vse,5-15,0.061221439340337185,16,0.06113448962428777,WLS,101,8.694971604941704e-05
5,UPFC_tse,5-15,-2.153731142764237,16,-2.1549397282416796,WLS,101,0.0012085854774426252
0,x_tcsc,1-14,-0.13554258201040725,17,-0.13557893144042785,WLS,101,3.634943002059354e-05
1,B_svc,2,0.2821548628373884,17,0.2821765872626029,WLS,101,2.1724425214530996e-05
2,UPFC_Vsh,5-15,1.1066547636461708,17,1.1069766100842786,WLS,101,0.0003218464381078423
3,UPFC_tsh,5-15,-0.22897732841982965,17,-0.22891919748685946,WLS,101,5.8130932970190674e-05
4,UPFC_Vse,5-15,0.060760918119236444,17,0.06113448962428777,WLS,101,0.0003735715050513233
5,UPFC_tse,5-15,-2.1503635326706516,17,-2.1549397282416796,WLS,101,0.004576195571027952
0,x_tcsc,1-14,-0.13552974667893064,18,-0.13557893144042785,WLS,101,4.91847614972063e-05
1,B_svc,2,0.28217471571296404,18,0.2821765872626029,WLS,101,1.8715496388765906e-06
2,UPFC_Vsh,5-15,1.1066342847066828,18,1.1069766100842786,WLS,101,0.00034232537759582016
3,UPFC_tsh,5-15,-0.22892372828279817,18,-0.22891919748685946,WLS,101,4.530795938706422e-06
4,UPFC_Vse,5-15,0.06071155862284006,18,0.06113448962428777,WLS,101,0.00042293100144770446
5,UPFC_tse,5-15,-2.15345349936487,18,-2.1549397282416796,WLS,101,0.0014862288768093812
0,x_tcsc,1-14,-0.1355421056859951,19,-0.13557893144042785,WLS,101,3.68257544327566e-05
1,B_svc,2,0.28180009563385267,19,0.2821765872626029,WLS,101,0.0003764916287502529
2,UPFC_Vsh,5-15,1.1069101783005448,19,1.1069766100842786,WLS,101,6.6431783733778e-05
3,UPFC_tsh,5-15,-0.22893932160400465,19,-0.22891919748685946,WLS,101,2.0124117145192688e-05
4,UPFC_Vse,5-15,0.06099208636729641,19,0.06113448962428777,WLS,101,0.00014240325699135803
5,UPFC_tse,5-15,-2.1534263382207057,19,-2.1549397282416796,WLS,101,0.0015133900209738371
0,x_tcsc,1-14,-0.13554103605606968,20,-0.13557893144042785,WLS,101,3.789538435816642e-05
1,B_svc,2,0.2818565171733806,20,0.2821765872626029,WLS,101,0.00032007008922230185
2,UPFC_Vsh,5-15,1.107127917334804,20,1.1069766100842786,WLS,101,0.00015130725052547866
3,UPFC_tsh,5-15,-0.22889061280926637,20,-0.22891919748685946,WLS,101,2.8584677593090912e-05
4,UPFC_Vse,5-15,0.06069234123467292,20,0.06113448962428777,WLS,101,0.00044214838961485065
5,UPFC_tse,5-15,-2.156818670393037,20,-2.1549397282416796,WLS,101,0.0018789421513574212
0,x_tcsc,1-14,-0.13553618384820393,21,-0.13557893144042785,WLS,101,4.274759222391844e-05
1,B_svc,2,0.2819286500567179,21,0.2821765872626029,WLS,101,0.0002479372058850071
2,UPFC_Vsh,5-15,1.1067580357267979,21,1.1069766100842786,WLS,101,0.0002185743574807386
3,UPFC_tsh,5-15,-0.22890677211061153,21,-0.22891919748685946,WLS,101,1.2425376247932052e-05
4,UPFC_Vse,5-15,0.06043023324859747,21,0.06113448962428777,WLS,101,0.0007042563756902986
5,UPFC_tse,5-15,-2.154354839879061,21,-2.1549397282416796,WLS,101,0.0005848883626184964
0,x_tcsc,1-14,-0.13552252837122525,22,-0.13557893144042785,WLS,101,5.640306920259852e-05
1,B_svc,2,0.28195197248321247,22,0.2821765872626029,WLS,101,0.00022461477939045293
2,UPFC_Vsh,5-15,1.106911212382011,22,1.1069766100842786,WLS,101,6.539770226754449e-05
3,UPFC_tsh,5-15,-0.2289672834917695,22,-0.22891919748685946,WLS,101,4.808600491004733e-05
4,UPFC_Vse,5-15,0.06050164452479895,22,0.06113448962428777,WLS,101,0.0006328450994888199
5,UPFC_tse,5-15,-2.1539328807472415,22,-2.1549397282416796,WLS,101,0.0010068474944380235
0,x_tcsc,1-14,-0.13553570708752838,23,-0.13557893144042785,WLS,101,4.322435289946802e-05
1,B_svc,2,0.2819678640564633,23,0.2821765872626029,WLS,101,0.00020872320613962714
2,UPFC_Vsh,5-15,1.1066849754959438,23,1.1069766100842786,WLS,101,0.0002916345883348104
3,UPFC_tsh,5-15,-0.2290113364557735,23,-0.22891919748685946,WLS,101,9.213896891405171e-05
4,UPFC_Vse,5-15,0.06080007686498606,23,0.06113448962428777,WLS,101,0.00033441275930170405
5,UPFC_tse,5-15,-2.155256034261394,23,-2.1549397282416796,WLS,101,0.0003163060197142187
0,x_tcsc,1-14,-0.1355286305648674,24,-0.13557893144042785,WLS,101,5.030087556046059e-05
1,B_svc,2,0.281838242309518,24,0.2821765872626029,WLS,101,0.00033834495308493473
2,UPFC_Vsh,5-15,1.1071044221044015,24,1.1069766100842786,WLS,101,0.00012781202012290827
3,UPFC_tsh,5-15,-0.2289082100533497,24,-0.22891919748685946,WLS,101,1.0987433509773714e-05
4,UPFC_Vse,5-15,0.06049768167148301,24,0.06113448962428777,WLS,101,0.0006368079528047549
5,UPFC_tse,5-15,-2.154683753390003,24,-2.1549397282416796,WLS,101,0.0002559748516763882
0,x_tcsc,1-14,-0.13554640651330435,25,-0.13557893144042785,WLS,101,3.2524927123495084e-05
1,B_svc,2,0.2818819433774449,25,0.2821765872626029,WLS,101,0.0002946438851580413
2,UPFC_Vsh,5-15,1.1067496360306126,25,1.1069766100842786,WLS,101,0.00022697405366600698
3,UPFC_tsh,5-15,-0.22897886102442894,25,-0.22891919748685946,WLS,101,5.966353756947651e-05
4,UPFC_Vse,5-15,0.060862831172328824,25,0.06113448962428777,WLS,101,0.0002716584519589435
5,UPFC_tse,5-15,-2.157191521733815,25,-2.1549397282416796,WLS,101,0.0022517934921353344
0,x_tcsc,1-14,-0.13551444944769345,26,-0.13557893144042785,WLS,101,6.44819927343998e-05
1,B_svc,2,0.28224987131299445,26,0.2821765872626029,WLS,101,7.328405039153107e-05
2,UPFC_Vsh,5-15,1.106636013481215,26,1.1069766100842786,WLS,101,0.0003405966030636254
3,UPFC_tsh,5-15,-0.22902696161087258,26,-0.22891919748685946,WLS,101,0.00010776412401311553
4,UPFC_Vse,5-15,0.06110450956852272,26,0.06113448962428777,WLS,101,2.9980055765044256e-05
5,UPFC_tse,5-15,-2.1564952238215565,26,-2.1549397282416796,WLS,101,0.0015554955798768866
0,x_tcsc,1-14,-0.1355408903965768,27,-0.13557893144042785,WLS,101,3.804104385105034e-05
1,B_svc,2,0.28217646297607973,27,0.2821765872626029,WLS,101,1.2428652318430267e-07
2,UPFC_Vsh,5-15,1.1069075443830227,27,1.1069766100842786,WLS,101,6.906570125586597e-05
3,UPFC_tsh,5-15,-0.22886819044369902,27,-0.22891919748685946,WLS,101,5.100704316043925e-05
4,UPFC_Vse,5-15,0.060766754055220064,27,0.06113448962428777,WLS,101,0.00036773556906770366
5,UPFC_tse,5-15,-2.1543991063322077,27,-2.1549397282416796,WLS,101,0.0005406219094719056
0,x_tcsc,1-14,-0.13552917896850006,28,-0.13557893144042785,WLS,101,4.9752471927788644e-05
1,B_svc,2,0.28171554573818697,28,0.2821765872626029,WLS,101,0.0004610415244159505
2,UPFC_Vsh,5-15,1.1070280436596849,28,1.1069766100842786,WLS,101,5.1433575406267806e-05
3,UPFC_tsh,5-15,-0.22887233165955503,28,-0.22891919748685946,WLS,101,4.6865827304426455e-05
4,UPFC_Vse,5-15,0.06049287742708103,28,0.06113448962428777,WLS,101,0.0006416121972067368
5,UPFC_tse,5-15,-2.156482739904103,28,-2.1549397282416796,WLS,101,0.0015430116624233214
0,x_tcsc,1-14,-0.13555309405445867,29,-0.13557893144042785,WLS,101,2.5837385969174065e-05
1,B_svc,2,0.2816497633037065,29,0.2821765872626029,WLS,101,0.0005268239588964163
2,UPFC_Vsh,5-15,1.1066978961778542,29,1.1069766100842786,WLS,101,0.0002787139064244215
3,UPFC_tsh,5-15,-0.22886830784910261,29,-0.22891919748685946,WLS,101,5.088963775684574e-05
4,UPFC_Vse,5-15,0.060983964696750666,29,0.06113448962428777,WLS,101,0.00015052492753710178
5,UPFC_tse,5-15,-2.1523291433155904,29,-2.1549397282416796,WLS,101,0.002610584926089121
0,x_tcsc,1-14,-0.13553667679758147,30,-0.13557893144042785,WLS,101,4.225464284637881e-05
1,B_svc,2,0.2815545019585215,30,0.2821765872626029,WLS,101,0.0006220853040814212
2,UPFC_Vsh,5-15,1.106526805119238,30,1.1069766100842786,WLS,101,0.00044980496504054557
3,UPFC_tsh,5-15,-0.22897536270747454,30,-0.22891919748685946,WLS,101,5.616522061507867e-05
4,UPFC_Vse,5-15,0.0606916932523092,30,0.06113448962428777,WLS,101,0.00044279637197856825
5,UPFC_tse,5-15,-2.1545263069029734,30,-2.1549397282416796,WLS,101,0.0004134213387061436
0,x_tcsc,1-14,-0.1355126143035525,31,-0.13557893144042785,WLS,101,6.631713687535457e-05
1,B_svc,2,0.2817375175100654,31,0.2821765872626029,WLS,101,0.0004390697525374909
2,UPFC_Vsh,5-15,1.106952994659513,31,1.1069766100842786,WLS,101,2.3615424765699444e-05
3,UPFC_tsh,5-15,-0.22893364713851416,31,-0.22891919748685946,WLS,101,1.4449651654702134e-05
4,UPFC_Vse,5-15,0.06080331641331844,31,0.06113448962428777,WLS,101,0.0003311732109693294
5,UPFC_tse,5-15,-2.154472707875818,31,-2.1549397282416796,WLS,101,0.0004670203658614369
0,x_tcsc,1-14,-0.13552537023526592,32,-0.13557893144042785,WLS,101,5.3561205161922754e-05
1,B_svc,2,0.2819038166418238,32,0.2821765872626029,WLS,101,0.00027277062077912806
2,UPFC_Vsh,5-15,1.1068816094982585,32,1.1069766100842786,WLS,101,9.500058602007755e-05
3,UPFC_tsh,5-15,-0.2288751680640325,32,-0.22891919748685946,WLS,101,4.402942282696887e-05
4,UPFC_Vse,5-15,0.0602274871781011,32,0.06113448962428777,WLS,101,0.000907002446186668
5,UPFC_tse,5-15,-2.156824899485992,32,-2.1549397282416796,WLS,101,0.0018851712443126445
0,x_tcsc,1-14,-0.13555912856642077,33,-0.13557893144042785,WLS,101,1.9802874007074367e-05
1,B_svc,2,0.2824384042606126,33,0.2821765872626029,WLS,101,0.0002618169980097007
2,UPFC_Vsh,5-15,1.106810956735709,33,1.1069766100842786,WLS,101,0.00016565334856966096
3,UPFC_tsh,5-15,-0.22885742315657448,33,-0.22891919748685946,WLS,101,6.177433028498047e-05
4,UPFC_Vse,5-15,0.060754804954280796,33,0.06113448962428777,WLS,101,0.0003796846700069717
5,UPFC_tse,5-15,-2.154322571820679,33,-2.1549397282416796,WLS,101,0.0006171564210006864
0,x_tcsc,1-14,-0.13554909720361627,34,-0.13557893144042785,WLS,101,2.983423681157671e-05
1,B_svc,2,0.28170497545173084,34,0.2821765872626029,WLS,101,0.0004716118108720746
2,UPFC_Vsh,5-15,1.1067159355410676,34,1.1069766100842786,WLS,101,0.0002606745432109925
3,UPFC_tsh,5-15,-0.2289779632843624,34,-0.22891919748685946,WLS,101,5.8765797502940975e-05
4,UPFC_Vse,5-15,0.06090297335986634,34,0.06113448962428777,WLS,101,0.00023151626442143025
5,UPFC_tse,5-15,-2.1534681769238593,34,-2.1549397282416796,WLS,101,0.0014715513178202855
0,x_tcsc,1-14,-0.1355431036299315,35,-0.13557893144042785,WLS,101,3.582781049635275e-05
1,B_svc,2,0.2820835573689267,35,0.2821765872626029,WLS,101,9.302989367621084e-05
2,UPFC_Vsh,5-15,1.10693222436534,35,1.1069766100842786,WLS,101,4.438571893872201e-05
3,UPFC_tsh,5-15,-0.22892471277066834,35,-0.22891919748685946,WLS,101,5.515283808876781e-06
4,UPFC_Vse,5-15,0.06076779166758713,35,0.06113448962428777,WLS,101,0.00036669795670063454
5,UPFC_tse,5-15,-2.154520599554283,35,-2.1549397282416796,WLS,101,0.00041912868739668596
0,x_tcsc,1-14,-0.1355643055848838,36,-0.13557893144042785,WLS,101,1.462585554404261e-05
1,B_svc,2,0.2820369687677665,36,0.2821765872626029,WLS,101,0.0001396184948364021
2,UPFC_Vsh,5-15,1.106874211022932,36,1.1069766100842786,WLS,101,0.00010239906134668075
3,UPFC_tsh,5-15,-0.22895183178844333,36,-0.22891919748685946,WLS,101,3.2634301583872594e-05
4,UPFC_Vse,5-15,0.060809921401422155,36,0.06113448962428777,WLS,101,0.00032456822286561215
5,UPFC_tse,5-15,-2.1563075579512403,36,-2.1549397282416796,WLS,101,0.0013678297095607306
0,x_tcsc,1-14,-0.1355397137741116,37,-0.13557893144042785,WLS,101,3.9217666316260225e-05
1,B_svc,2,0.28219887076909184,37,0.2821765872626029,WLS,101,2.2283506488918192e-05
2,UPFC_Vsh,5-15,1.107029176604107,37,1.1069766100842786,WLS,101,5.2566519828323166e-05
3,UPFC_tsh,5-15,-0.22897964449013686,37,-0.22891919748685946,WLS,101,6.044700327739738e-05
4,UPFC_Vse,5-15,0.06021090926249852,37,0.06113448962428777,WLS,101,0.0009235803617892446
5,UPFC_tse,5-15,-2.1586718384151458,37,-2.1549397282416796,WLS,101,0.0037321101734661966
0,x_tcsc,1-14,-0.13553767568232322,38,-0.13557893144042785,WLS,101,4.1255758104624674e-05
1,B_svc,2,0.2818570279862919,38,0.2821765872626029,WLS,101,0.0003195592763109989
2,UPFC_Vsh,5-15,1.1068128638476857,38,1.1069766100842786,WLS,101,0.00016374623659287657
3,UPFC_tsh,5-15,-0.22895216002969265,38,-0.22891919748685946,WLS,101,3.2962542833192554e-05
4,UPFC_Vse,5-15,0.06092744237945522,38,0.06113448962428777,WLS,101,0.000207047244832545
5,UPFC_tse,5-15,-2.151333048150953,38,-2.1549397282416796,WLS,101,0.0036066800907263996
0,x_tcsc,1-14,-0.1355449409876134,39,-0.13557893144042785,WLS,101,3.3990452814436356e-05
1,B_svc,2,0.28226389492090537,39,0.2821765872626029,WLS,101,8.730765830244902e-05
2,UPFC_Vsh,5-15,1.1070999740914034,39,1.1069766100842786,WLS,101,0.00012336400712475992
3,UPFC_tsh,5-15,-0.2289596603421138,39,-0.22891919748685946,WLS,101,4.046285525433069e-05
4,UPFC_Vse,5-15,0.060562810600659066,39,0.06113448962428777,WLS,101,0.0005716790236287017
5,UPFC_tse,5-15,-2.1518434064892458,39,-2.1549397282416796,WLS,101,0.003096321752433795
0,x_tcsc,1-14,-0.1355296920304813,40,-0.13557893144042785,WLS,101,4.92394099465554e-05
1,B_svc,2,0.2818186996017465,40,0.2821765872626029,WLS,101,0.0003578876608564263
2,UPFC_Vsh,5-15,1.1069932313419089,40,1.1069766100842786,WLS,101,1.6621257630244912e-05
3,UPFC_tsh,5-15,-0.22890246350873794,40,-0.22891919748685946,WLS,101,1.6733978121519222e-05
4,UPFC_Vse,5-15,0.06071658595105015,40,0.06113448962428777,WLS,101,0.0004179036732376157
5,UPFC_tse,5-15,-2.1537817678189466,40,-2.1549397282416796,WLS,101,0.0011579604227329732
0,x_tcsc,1-14,-0.1355316856827476,41,-0.13557893144042785,WLS,101,4.7245757680253186e-05
1,B_svc,2,0.2823333355629425,41,0.2821765872626029,WLS,101,0.00015674830033957088
2,UPFC_Vsh,5-15,1.1071430519391914,41,1.1069766100842786,WLS,101,0.00016644185491276886
3,UPFC_tsh,5-15,-0.22898536874445033,41,-0.22891919748685946,WLS,101,6.617125759086906e-05
4,UPFC_Vse,5-15,0.06068289941084377,41,0.06113448962428777,WLS,101,0.0004515902134440003
5,UPFC_tse,5-15,-2.1567664277524328,41,-2.1549397282416796,WLS,101,0.0018266995107532047
0,x_tcsc,1-14,-0.1355623837069694,42,-0.13557893144042785,WLS,101,1.6547733458438518e-05
1,B_svc,2,0.2820032847158598,42,0.2821765872626029,WLS,101,0.00017330254674313705
2,UPFC_Vsh,5-15,1.10661409390234,42,1.1069766100842786,WLS,101,0.00036251618193872126
3,UPFC_tsh,5-15,-0.22895782593379985,42,-0.22891919748685946,WLS,101,3.862844694038636e-05
4,UPFC_Vse,5-15,0.06087327140996286,42,0.06113448962428777,WLS,101,0.0002612182143249056
5,UPFC_tse,5-15,-2.151674314326964,42,-2.1549397282416796,WLS,101,0.003265413914715687
0,x_tcsc,1-14,-0.13552916323892245,43,-0.13557893144042785,WLS,101,4.976820150540129e-05
1,B_svc,2,0.28187237280270405,43,0.2821765872626029,WLS,101,0.0003042144598988661
2,UPFC_Vsh,5-15,1.1068981416742742,43,1.1069766100842786,WLS,101,7.8468410004362e-05
3,UPFC_tsh,5-15,-0.2289372135679098,43,-0.22891919748685946,WLS,101,1.801608105034269e-05
4,UPFC_Vse,5-15,0.06089310245425631,43,0.06113448962428777,WLS,101,0.00024138717003145682
5,UPFC_tse,5-15,-2.1545877046024633,43,-2.1549397282416796,WLS,101,0.0003520236392162701
0,x_tcsc,1-14,-0.13552837742461143,44,-0.13557893144042785,WLS,101,5.0554015816411946e-05
1,B_svc,2,0.28174398144282475,44,0.2821765872626029,WLS,101,0.0004326058197781646
2,UPFC_Vsh,5-15,1.1067750780114534,44,1.1069766100842786,WLS,101,0.0002015320728252501
3,UPFC_tsh,5-15,-0.22887724633778414,44,-0.22891919748685946,WLS,101,4.195114907531994e-05
4,UPFC_Vse,5-15,0.060689502321042366,44,0.06113448962428777,WLS,101,0.00044498730324540187
5,UPFC_tse,5-15,-2.153666851271285,44,-2.1549397282416796,WLS,101,0.0012728769703946874
0,x_tcsc,1-14,-0.13555829526544788,45,-0.13557893144042785,WLS,101,2.0636174979965505e-05
1,B_svc,2,0.28204159502674875,45,0.2821765872626029,WLS,101,0.00013499223585416997
2,UPFC_Vsh,5-15,1.1068074764745564,45,1.1069766100842786,WLS,101,0.00016913360972226066
3,UPFC_tsh,5-15,-0.22898089940384186,45,-0.22891919748685946,WLS,101,6.170191698240401e-05
4,UPFC_Vse,5-15,0.06063585675790602,45,0.06113448962428777,WLS,101,0.0004986328663817499
5,UPFC_tse,5-15,-2.153643763603512,45,-2.1549397282416796,WLS,101,0.0012959646381673906
0,x_tcsc,1-14,-0.1355461978855504,46,-0.13557893144042785,WLS,101,3.273355487745655e-05
1,B_svc,2,0.2821493898684537,46,0.2821765872626029,WLS,101,2.719739414919209e-05
2,UPFC_Vsh,5-15,1.1069170646267004,46,1.1069766100842786,WLS,101,5.954545757824725e-05
3,UPFC_tsh,5-15,-0.22893177701750747,46,-0.22891919748685946,WLS,101,1.2579530648010318e-05
4,UPFC_Vse,5-15,0.06087574371146522,46,0.06113448962428777,WLS,101,0.00025874591282254444
5,UPFC_tse,5-15,-2.1538723803964386,46,-2.1549397282416796,WLS,101,0.0010673478452409846
0,x_tcsc,1-14,-0.1355504630785946,47,-0.13557893144042785,WLS,101,2.8468361833233757e-05
1,B_svc,2,0.2818631935437445,47,0.2821765872626029,WLS,101,0.0003133937188584124
2,UPFC_Vsh,5-15,1.1067556733642727,47,1.1069766100842786,WLS,101,0.00022093672000589315
3,UPFC_tsh,5-15,-0.22887087413359344,47,-0.22891919748685946,WLS,101,4.8323353266016555e-05
4,UPFC_Vse,5-15,0.060649163200726594,47,0.06113448962428777,WLS,101,0.00048532642356117345
5,UPFC_tse,5-15,-2.150027889006309,47,-2.1549397282416796,WLS,101,0.004911839235370419
0,x_tcsc,1-14,-0.13553691244482835,48,-0.13557893144042785,WLS,101,4.201899559949651e-05
1,B_svc,2,0.28203707499614955,48,0.2821765872626029,WLS,101,0.00013951226645336767
2,UPFC_Vsh,5-15,1.1067114092518744,48,1.1069766100842786,WLS,101,0.0002652008324042221
3,UPFC_tsh,5-15,-0.22901342519956353,48,-0.22891919748685946,WLS,101,9.422771270406471e-05
4,UPFC_Vse,5-15,0.060879519214492854,48,0.06113448962428777,WLS,101,0.0002549704097949135
5,UPFC_tse,5-15,-2.1570441648097125,48,-2.1549397282416796,WLS,101,0.0021044365680329413
0,x_tcsc,1-14,-0.13552080121106985,49,-0.13557893144042785,WLS,101,5.813022935799439e-05
1,B_svc,2,0.28149297304470444,49,0.2821765872626029,WLS,101,0.0006836142178984761
2,UPFC_Vsh,5-15,1.1066768704375958,49,1.1069766100842786,WLS,101,0.0002997396466828395
3,UPFC_tsh,5-15,-0.22901594067577347,49,-0.22891919748685946,WLS,101,9.67431889140058e-05
4,UPFC_Vse,5-15,0.0610815744799983,49,0.06113448962428777,WLS,101,5.291514428946986e-05
5,UPFC_tse,5-15,-2.156575079999962,49,-2.1549397282416796,WLS,101,0.001635351758282333
0,x_tcsc,1-14,-0.1355367831197755,50,-0.13557893144042785,WLS,101,4.214832065235763e-05
1,B_svc,2,0.2817030382301552,50,0.2821765872626029,WLS,101,0.0004735490324477287
2,UPFC_Vsh,5-15,1.1071817825019772,50,1.1069766100842786,WLS,101,0.00020517241769857364
3,UPFC_tsh,5-15,-0.22894889563805165,50,-0.22891919748685946,WLS,101,2.9698151192192324e-05
4,UPFC_Vse,5-15,0.06079262630961882,50,0.06113448962428777,WLS,101,0.0003418633146689484
5,UPFC_tse,5-15,-2.153780339110946,50,-2.1549397282416796,WLS,101,0.0011593891307337678
0,x_tcsc,1-14,-0.13552592500154378,51,-0.13557893144042785,WLS,101,5.300643888406231e-05
1,B_svc,2,0.28186627118502255,51,0.2821765872626029,WLS,101,0.0003103160775803637
2,UPFC_Vsh,5-15,1.1065604640529179,51,1.1069766100842786,WLS,101,0.00041614603136075345
3,UPFC_tsh,5-15,-0.2290388155706584,51,-0.22891919748685946,WLS,101,0.00011961808379892802
4,UPFC_Vse,5-15,0.06096701910833755,51,0.06113448962428777,WLS,101,0.000167470515950216
5,UPFC_tse,5-15,-2.1521116760278445,51,-2.1549397282416796,WLS,101,0.002828052213835086
0,x_tcsc,1-14,-0.13554617846088315,52,-0.13557893144042785,WLS,101,3.275297954469236e-05
1,B_svc,2,0.2820479414492275,52,0.2821765872626029,WLS,101,0.00012864581337540537
2,UPFC_Vsh,5-15,1.1072000114485117,52,1.1069766100842786,WLS,101,0.00022340136423304457
3,UPFC_tsh,5-15,-0.22890717304640704,52,-0.22891919748685946,WLS,101,1.2024440452423901e-05
4,UPFC_Vse,5-15,0.06065706397416298,52,0.06113448962428777,WLS,101,0.0004774256501247909
5,UPFC_tse,5-15,-2.1533561601509716,52,-2.1549397282416796,WLS,101,0.0015835680907079208
0,x_tcsc,1-14,-0.13553809555253418,53,-0.13557893144042785,WLS,101,4.0835887893664324e-05
1,B_svc,2,0.2824905171750862,53,0.2821765872626029,WLS,101,0.0003139299124833017
2,UPFC_Vsh,5-15,1.1068182568280147,53,1.1069766100842786,WLS,101,0.00015835325626389896
3,UPFC_tsh,5-15,-0.22893507320579942,53,-0.22891919748685946,WLS,101,1.5875718939961647e-05
4,UPFC_Vse,5-15,0.06085237229976901,53,0.06113448962428777,WLS,101,0.0002821173245187575
5,UPFC_tse,5-15,-2.151893582222668,53,-2.1549397282416796,WLS,101,0.003046146019011431
0,x_tcsc,1-14,-0.13553230767285468,54,-0.13557893144042785,WLS,101,4.662376757316733e-05
1,B_svc,2,0.28211938633956596,54,0.2821765872626029,WLS,101,5.720092303695967e-05
2,UPFC_Vsh,5-15,1.1068638055522135,54,1.1069766100842786,WLS,101,0.00011280453206508056
3,UPFC_tsh,5-15,-0.2288946655796816,54,-0.22891919748685946,WLS,101,2.4531907177854917e-05
4,UPFC_Vse,5-15,0.06101605688929021,54,0.06113448962428777,WLS,101,0.00011843273499755752
5,UPFC_tse,5-15,-2.1544819612296053,54,-2.1549397282416796,WLS,101,0.0004577670120742283
0,x_tcsc,1-14,-0.1355282688876513,55,-0.13557893144042785,WLS,101,5.0662552776553627e-05
1,B_svc,2,0.2823498394214145,55,0.2821765872626029,WLS,101,0.00017325215881158762
2,UPFC_Vsh,5-15,1.1067351079146988,55,1.1069766100842786,WLS,101,0.0002415021695798547
3,UPFC_tsh,5-15,-0.22892667550339943,55,-0.22891919748685946,WLS,101,7.478016539969046e-06
4,UPFC_Vse,5-15,0.06091219907807122,55,0.06113448962428777,WLS,101,0.0002222905462165442
5,UPFC_tse,5-15,-2.155683250020079,55,-2.1549397282416796,WLS,101,0.0007435217783995363
0,x_tcsc,1-14,-0.13554175803100466,56,-0.13557893144042785,WLS,101,3.717340942319125e-05
1,B_svc,2,0.2819827946499877,56,0.2821765872626029,WLS,101,0.00019379261261520675
2,UPFC_Vsh,5-15,1.1068105546827753,56,1.1069766100842786,WLS,101,0.00016605540150327336
3,UPFC_tsh,5-15,-0.22887719923533187,56,-0.22891919748685946,WLS,101,4.1998251527591846e-05
4,UPFC_Vse,5-15,0.0607486199079017,56,0.06113448962428777,WLS,101,0.00038586971638606554
5,UPFC_tse,5-15,-2.154150660374325,56,-2.1549397282416796,WLS,101,0.0007890678673545537
0,x_tcsc,1-14,-0.1355233752563312,57,-0.13557893144042785,WLS,101,5.555618409663898e-05
1,B_svc,2,0.2817062082794522,57,0.2821765872626029,WLS,101,0.000470378983150721
2,UPFC_Vsh,5-15,1.106972624020664,57,1.1069766100842786,WLS,101,3.986063614513924e-06
3,UPFC_tsh,5-15,-0.22890821142465223,57,-0.22891919748685946,WLS,101,1.0986062207229974e-05
4,UPFC_Vse,5-15,0.0605411550846412,57,0.06113448962428777,WLS,101,0.0005933345396465645
5,UPFC_tse,5-15,-2.155353108513577,57,-2.1549397282416796,WLS,101,0.00041338027189752324
0,x_tcsc,1-14,-0.13551091020750117,58,-0.13557893144042785,WLS,101,6.802123292667939e-05
1,B_svc,2,0.2817505584550797,58,0.2821765872626029,WLS,101,0.0004260288075232377
2,UPFC_Vsh,5-15,1.1067530935857504,58,1.1069766100842786,WLS,101,0.0002235164985282534
3,UPFC_tsh,5-15,-0.22888289577517462,58,-0.22891919748685946,WLS,101,3.6301711684838534e-05
4,UPFC_Vse,5-15,0.06071124238140095,58,0.06113448962428777,WLS,101,0.0004232472428868164
5,UPFC_tse,5-15,-2.153018193228906,58,-2.1549397282416796,WLS,101,0.0019215350127734787
0,x_tcsc,1-14,-0.13553792524806005,59,-0.13557893144042785,WLS,101,4.1006192367798455e-05
1,B_svc,2,0.2816781484646753,59,0.2821765872626029,WLS,101,0.0004984387979276028
2,UPFC_Vsh,5-15,1.1070586271872072,59,1.1069766100842786,WLS,101,8.201710292854436e-05
3,UPFC_tsh,5-15,-0.22893061343817825,59,-0.22891919748685946,WLS,101,1.1415951318788364e-05
4,UPFC_Vse,5-15,0.060852114222708094,59,0.06113448962428777,WLS,101,0.00028237540157967367
5,UPFC_tse,5-15,-2.15433075683499,59,-2.1549397282416796,WLS,101,0.0006089714066894736
0,x_tcsc,1-14,-0.1355459829758043,60,-0.13557893144042785,WLS,101,3.294846462353895e-05
1,B_svc,2,0.2824206834608689,60,0.2821765872626029,WLS,101,0.00024409619826598616
2,UPFC_Vsh,5-15,1.106911176946331,60,1.1069766100842786,WLS,101,6.543313794771244e-05
3,UPFC_tsh,5-15,-0.22897850210165246,60,-0.22891919748685946,WLS,101,5.9304614793004307e-05
4,UPFC_Vse,5-15,0.06084325233329918,60,0.06113448962428777,WLS,101,0.00029123729098858714
5,UPFC_tse,5-15,-2.1543967431659725,60,-2.1549397282416796,WLS,101,0.0005429850757070476
0,x_tcsc,1-14,-0.1355305133091414,61,-0.13557893144042785,WLS,101,4.841813128644845e-05
1,B_svc,2,0.2822696811464567,61,0.2821765872626029,WLS,101,9.30938838537565e-05
2,UPFC_Vsh,5-15,1.1065589923968977,61,1.1069766100842786,WLS,101,0.0004176176873809112
3,UPFC_tsh,5-15,-0.2289142201320502,61,-0.22891919748685946,WLS,101,4.977354809254653e-06
4,UPFC_Vse,5-15,0.0608441562177442,61,0.06113448962428777,WLS,101,0.00029033340654356643
5,UPFC_tse,5-15,-2.1534633726679924,61,-2.1549397282416796,WLS,101,0.0014763555736871936
0,x_tcsc,1-14,-0.13554877201920926,62,-0.13557893144042785,WLS,101,3.015942121858961e-05
1,B_svc,2,0.28214000186701954,62,0.2821765872626029,WLS,101,3.6585395583377256e-05
2,UPFC_Vsh,5-15,1.1067520117380154,62,1.1069766100842786,WLS,101,0.00022459834626320507
3,UPFC_tsh,5-15,-0.22896349852599632,62,-0.22891919748685946,WLS,101,4.430103913685701e-05
4,UPFC_Vse,5-15,0.06029228702250125,62,0.06113448962428777,WLS,101,0.0008422026017865167
5,UPFC_tse,5-15,-2.154936404882931,62,-2.1549397282416796,WLS,101,3.323358748641425e-06
0,x_tcsc,1-14,-0.13554912684883844,63,-0.13557893144042785,WLS,101,2.9804591589410734e-05
1,B_svc,2,0.28216836462204736,63,0.2821765872626029,WLS,101,8.222640555555216e-06
2,UPFC_Vsh,5-15,1.1069603739175906,63,1.1069766100842786,WLS,101,1.6236166687999543e-05
3,UPFC_tsh,5-15,-0.22888549952591314,63,-0.22891919748685946,WLS,101,3.3697960946321714e-05
4,UPFC_Vse,5-15,0.0601353286055284,63,0.06113448962428777,WLS,101,0.0009991610187593675
5,UPFC_tse,5-15,-2.1553847054275597,63,-2.1549397282416796,WLS,101,0.00044497718588010216
0,x_tcsc,1-14,-0.1355405424602868,64,-0.13557893144042785,WLS,101,3.8388980141051965e-05
1,B_svc,2,0.2817703735840328,64,0.2821765872626029,WLS,101,0.00040621367857013313
2,UPFC_Vsh,5-15,1.106852519418499,64,1.1069766100842786,WLS,101,0.00012409066577956374
3,UPFC_tsh,5-15,-0.2289087624866542,64,-0.22891919748685946,WLS,101,1.0435000205255562e-05
4,UPFC_Vse,5-15,0.06080774469392989,64,0.06113448962428777,WLS,101,0.0003267449303578779
5,UPFC_tse,5-15,-2.1508818848771174,64,-2.1549397282416796,WLS,101,0.004057843364562164
0,x_tcsc,1-14,-0.13554431393604569,65,-0.13557893144042785,WLS,101,3.461750438216171e-05
1,B_svc,2,0.2818444926773687,65,0.2821765872626029,WLS,101,0.00033209458523419944
2,UPFC_Vsh,5-15,1.106764340395465,65,1.1069766100842786,WLS,101,0.00021226968881360442
3,UPFC_tsh,5-15,-0.229036258361605,65,-0.22891919748685946,WLS,101,0.00011706087474552818
4,UPFC_Vse,5-15,0.06091967276427924,65,0.06113448962428777,WLS,101,0.0002148168600085293
5,UPFC_tse,5-15,-2.152436036216716,65,-2.1549397282416796,WLS,101,0.0025036920249634775
0,x_tcsc,1-14,-0.13555811794911474,66,-0.13557893144042785,WLS,101,2.0813491313109722e-05
1,B_svc,2,0.2821807009714137,66,0.2821765872626029,WLS,101,4.113708810760119e-06
2,UPFC_Vsh,5-15,1.1069810261750244,66,1.1069766100842786,WLS,101,4.416090745751333e-06
3,UPFC_tsh,5-15,-0.2288951144098468,66,-0.22891919748685946,WLS,101,2.408307701265433e-05
4,UPFC_Vse,5-15,0.06062994244992346,66,0.06113448962428777,WLS,101,0.0005045471743643087
5,UPFC_tse,5-15,-2.1523936836720443,66,-2.1549397282416796,WLS,101,0.002546044569635253
0,x_tcsc,1-14,-0.135546593886934,67,-0.13557893144042785,WLS,101,3.233755349385525e-05
1,B_svc,2,0.28221968986652224,67,0.2821765872626029,WLS,101,4.3102603919320526e-05
2,UPFC_Vsh,5-15,1.1067106192005833,67,1.1069766100842786,WLS,101,0.00026599088369527735
3,UPFC_tsh,5-15,-0.22898118307059426,67,-0.22891919748685946,WLS,101,6.198558373479712e-05
4,UPFC_Vse,5-15,0.06095348816083652,67,0.06113448962428777,WLS,101,0.00018100146345124968
5,UPFC_tse,5-15,-2.153122920190069,67,-2.1549397282416796,WLS,101,0.0018168080516107743
0,x_tcsc,1-14,-0.13554570332934102,68,-0.13557893144042785,WLS,101,3.3228111086830436e-05
1,B_svc,2,0.28234475866127934,68,0.2821765872626029,WLS,101,0.00016817139867641995
2,UPFC_Vsh,5-15,1.1064973353914278,68,1.1069766100842786,WLS,101,0.00047927469285080626
3,UPFC_tsh,5-15,-0.22900752453058873,68,-0.22891919748685946,WLS,101,8.832704372926936e-05
4,UPFC_Vse,5-15,0.060970262984395805,68,0.06113448962428777,WLS,101,0.0001642266398919623
5,UPFC_tse,5-15,-2.153692526521423,68,-2.1549397282416796,WLS,101,0.0012472017202567187
0,x_tcsc,1-14,-0.13553761435660291,69,-0.13557893144042785,WLS,101,4.1317083824932155e-05
1,B_svc,2,0.28229534664964434,69,0.2821765872626029,WLS,101,0.00011875938704142275
2,UPFC_Vsh,5-15,1.1072022293376205,69,1.1069766100842786,WLS,101,0.00022561925334185773
3,UPFC_tsh,5-15,-0.2288884549313007,69,-0.22891919748685946,WLS,101,3.074255555876593e-05
4,UPFC_Vse,5-15,0.06017692020926749,69,0.06113448962428777,WLS,101,0.0009575694150202804
5,UPFC_tse,5-15,-2.1583123328619678,69,-2.1549397282416796,WLS,101,0.003372604620288211
0,x_tcsc,1-14,-0.13554884956252072,70,-0.13557893144042785,WLS,101,3.0081877907123244e-05
1,B_svc,2,0.2825894592590679,70,0.2821765872626029,WLS,101,0.00041287199646500294
2,UPFC_Vsh,5-15,1.106773298560879,70,1.1069766100842786,WLS,101,0.00020331152339969627
3,UPFC_tsh,5-15,-0.2289413774061526,70,-0.22891919748685946,WLS,101,2.217991929315266e-05
4,UPFC_Vse,5-15,0.06074860260689279,70,0.06113448962428777,WLS,101,0.0003858870173949758
5,UPFC_tse,5-15,-2.1529015318478524,70,-2.1549397282416796,WLS,101,0.002038196393827185
0,x_tcsc,1-14,-0.13552715516379996,71,-0.13557893144042785,WLS,101,5.177627662789064e-05
1,B_svc,2,0.28186436607336157,71,0.2821765872626029,WLS,101,0.00031222118924134623
2,UPFC_Vsh,5-15,1.107107839768723,71,1.1069766100842786,WLS,101,0.00013122968444445604
3,UPFC_tsh,5-15,-0.22888186909904393,71,-0.22891919748685946,WLS,101,3.7328387815532826e-05
4,UPFC_Vse,5-15,0.060228324295879855,71,0.06113448962428777,WLS,101,0.0009061653284079124
5,UPFC_tse,5-15,-2.1566022476832107,71,-2.1549397282416796,WLS,101,0.001662519441531174
0,x_tcsc,1-14,-0.1355439030539983,72,-0.13557893144042785,WLS,101,3.502838642954753e-05
1,B_svc,2,0.2817426145974525,72,0.2821765872626029,WLS,101,0.0004339726651504394
2,UPFC_Vsh,5-15,1.1071635866623093,72,1.1069766100842786,WLS,101,0.00018697657803068424
3,UPFC_tsh,5-15,-0.22886708640483572,72,-0.22891919748685946,WLS,101,5.211108202374248e-05
4,UPFC_Vse,5-15,0.0605048807112964,72,0.06113448962428777,WLS,101,0.0006296089129913668
5,UPFC_tse,5-15,-2.1543698262095954,72,-2.1549397282416796,WLS,101,0.0005699020320841797
0,x_tcsc,1-14,-0.13554609059097725,73,-0.13557893144042785,WLS,101,3.2840849450599396e-05
1,B_svc,2,0.28173637552226594,73,0.2821765872626029,WLS,101,0.00044021174033698207
2,UPFC_Vsh,5-15,1.1067134989363667,73,1.1069766100842786,WLS,101,0.0002631111479118875
3,UPFC_tsh,5-15,-0.22898757541743664,73,-0.22891919748685946,WLS,101,6.837793057717922e-05
4,UPFC_Vse,5-15,0.06080980607608775,73,0.06113448962428777,WLS,101,0.0003246835482000193
5,UPFC_tse,5-15,-2.1536889604090863,73,-2.1549397282416796,WLS,101,0.001250767832593258
0,x_tcsc,1-14,-0.13553543081495623,74,-0.13557893144042785,WLS,101,4.350062547162081e-05
1,B_svc,2,0.2819098132899428,74,0.2821765872626029,WLS,101,0.00026677397266011704
2,UPFC_Vsh,5-15,1.1068052322881334,74,1.1069766100842786,WLS,101,0.0001713777961451779
3,UPFC_tsh,5-15,-0.22891762507914223,74,-0.22891919748685946,WLS,101,1.5724077172263318e-06
4,UPFC_Vse,5-15,0.06082422949797416,74,0.06113448962428777,WLS,101,0.0003102601263136051
5,UPFC_tse,5-15,-2.1518973711048957,74,-2.1549397282416796,WLS,101,0.003042357136783913
0,x_tcsc,1-14,-0.13553302299123068,75,-0.13557893144042785,WLS,101,4.590844919716286e-05
1,B_svc,2,0.2823348976147365,75,0.2821765872626029,WLS,101,0.0001583103521335949
2,UPFC_Vsh,5-15,1.1067004780846668,75,1.1069766100842786,WLS,101,0.00027613199961185053
3,UPFC_tsh,5-15,-0.22895367291446553,75,-0.22891919748685946,WLS,101,3.44754276060677e-05
4,UPFC_Vse,5-15,0.060518086457049154,75,0.06113448962428777,WLS,101,0.0006164031672386133
5,UPFC_tse,5-15,-2.155590255762378,75,-2.1549397282416796,WLS,101,0.0006505275206984962
0,x_tcsc,1-14,-0.1355473209119523,76,-0.13557893144042785,WLS,101,3.161052847555634e-05
1,B_svc,2,0.28211595331933154,76,0.2821765872626029,WLS,101,6.063394327138205e-05
2,UPFC_Vsh,5-15,1.1070480481783038,76,1.1069766100842786,WLS,101,7.143809402521129e-05
3,UPFC_tsh,5-15,-0.2289220994998288,76,-0.22891919748685946,WLS,101,2.90201296934689e-06
4,UPFC_Vse,5-15,0.061231973498164304,76,0.06113448962428777,WLS,101,9.748387387653601e-05
5,UPFC_tse,5-15,-2.153596316898044,76,-2.1549397282416796,WLS,101,0.00134341134363547
0,x_tcsc,1-14,-0.13554491197505233,77,-0.13557893144042785,WLS,101,3.401946537551215e-05
1,B_svc,2,0.28207476186510905,77,0.2821765872626029,WLS,101,0.00010182539749387098
2,UPFC_Vsh,5-15,1.1068390799554102,77,1.1069766100842786,WLS,101,0.00013753012886841276
3,UPFC_tsh,5-15,-0.2289650930736228,77,-0.22891919748685946,WLS,101,4.589558676335037e-05
4,UPFC_Vse,5-15,0.06092948077610217,77,0.06113448962428777,WLS,101,0.00020500884818559773
5,UPFC_tse,5-15,-2.157404686701529,77,-2.1549397282416796,WLS,101,0.002464958459849509
0,x_tcsc,1-14,-0.13554062157342003,78,-0.13557893144042785,WLS,101,3.8309867007813025e-05
1,B_svc,2,0.2817022120877043,78,0.2821765872626029,WLS,101,0.00047437517489862246
2,UPFC_Vsh,5-15,1.1069701816781596,78,1.1069766100842786,WLS,101,6.42840611897455e-06
3,UPFC_tsh,5-15,-0.2289107504574197,78,-0.22891919748685946,WLS,101,8.447029439750953e-06
4,UPFC_Vse,5-15,0.06066956028545504,78,0.06113448962428777,WLS,101,0.0004649293388327286
5,UPFC_tse,5-15,-2.155237364659574,78,-2.1549397282416796,WLS,101,0.0002976364178945978
0,x_tcsc,1-14,-0.13554649556191903,79,-0.13557893144042785,WLS,101,3.243587850881857e-05
1,B_svc,2,0.28213796751270104,79,0.2821765872626029,WLS,101,3.861974990188033e-05
2,UPFC_Vsh,5-15,1.1068600721967696,79,1.1069766100842786,WLS,101,0.00011653788750898286
3,UPFC_tsh,5-15,-0.22902441904891513,79,-0.22891919748685946,WLS,101,0.00010522156205566846
4,UPFC_Vse,5-15,0.060567008584856454,79,0.06113448962428777,WLS,101,0.000567481039431314
5,UPFC_tse,5-15,-2.1567797980573786,79,-2.1549397282416796,WLS,101,0.0018400698156990636
0,x_tcsc,1-14,-0.13553390227900808,80,-0.13557893144042785,WLS,101,4.5029161419768426e-05
1,B_svc,2,0.28195154612853957,80,0.2821765872626029,WLS,101,0.0002250411340633529
2,UPFC_Vsh,5-15,1.1067862117483138,80,1.1069766100842786,WLS,101,0.00019039833596479205
3,UPFC_tsh,5-15,-0.2289023542683055,80,-0.22891919748685946,WLS,101,1.6843218553969086e-05
4,UPFC_Vse,5-15,0.06070188148424522,80,0.06113448962428777,WLS,101,0.000432608140042548
5,UPFC_tse,5-15,-2.1556724657338164,80,-2.1549397282416796,WLS,101,0.0007327374921368701
0,x_tcsc,1-14,-0.13552295207001683,81,-0.13557893144042785,WLS,101,5.597937041101897e-05
1,B_svc,2,0.2813827799325031,81,0.2821765872626029,WLS,101,0.0007938073300998161
2,UPFC_Vsh,5-15,1.10687594719774,81,1.1069766100842786,WLS,101,0.00010066288653853839
3,UPFC_tsh,5-15,-0.22896962248755082,81,-0.22891919748685946,WLS,101,5.042500069135647e-05
4,UPFC_Vse,5-15,0.06121732444616313,81,0.06113448962428777,WLS,101,8.283482187536328e-05
5,UPFC_tse,5-15,-2.1529909665740727,81,-2.1549397282416796,WLS,101,0.0019487616676068242
0,x_tcsc,1-14,-0.13552752045864447,82,-0.13557893144042785,WLS,101,5.141098178337855e-05
1,B_svc,2,0.2817422170253436,82,0.2821765872626029,WLS,101,0.00043437023725934054
2,UPFC_Vsh,5-15,1.1070299888272241,82,1.1069766100842786,WLS,101,5.3378742945531243e-05
3,UPFC_tsh,5-15,-0.2288479569383926,82,-0.22891919748685946,WLS,101,7.124054846685546e-05
4,UPFC_Vse,5-15,0.06049742090979549,82,0.06113448962428777,WLS,101,0.0006370687144922754
5,UPFC_tse,5-15,-2.153726896355639,82,-2.1549397282416796,WLS,101,0.0012128318860407106
0,x_tcsc,1-14,-0.1355389936557867,83,-0.13557893144042785,WLS,101,3.99377846411475e-05
1,B_svc,2,0.2821406576339341,83,0.2821765872626029,WLS,101,3.5929628668829316e-05
2,UPFC_Vsh,5-15,1.1069706521010814,83,1.1069766100842786,WLS,101,5.957983197246719e-06
3,UPFC_tsh,5-15,-0.22892558566740806,83,-0.22891919748685946,WLS,101,6.388180548599909e-06
4,UPFC_Vse,5-15,0.06090312561938316,83,0.06113448962428777,WLS,101,0.00023136400490460923
5,UPFC_tse,5-15,-2.1551266460419973,83,-2.1549397282416796,WLS,101,0.00018691780031776517
0,x_tcsc,1-14,-0.13553070174887544,84,-0.13557893144042785,WLS,101,4.8229691552409415e-05
1,B_svc,2,0.2823283169072114,84,0.2821765872626029,WLS,101,0.00015172964460846705
2,UPFC_Vsh,5-15,1.1064934957634802,84,1.1069766100842786,WLS,101,0.00048311432079839456
3,UPFC_tsh,5-15,-0.22904620936409092,84,-0.22891919748685946,WLS,101,0.00012701187723146434
4,UPFC_Vse,5-15,0.06081148926602382,84,0.06113448962428777,WLS,101,0.0003230003582639501
5,UPFC_tse,5-15,-2.1529212436685308,84,-2.1549397282416796,WLS,101,0.0020184845731487933
0,x_tcsc,1-14,-0.13552843240460996,85,-0.13557893144042785,WLS,101,5.049903581788584e-05
1,B_svc,2,0.2817976813847547,85,0.2821765872626029,WLS,101,0.0003789058778482235
2,UPFC_Vsh,5-15,1.1068387339820327,85,1.1069766100842786,WLS,101,0.00013787610224591518
3,UPFC_tsh,5-15,-0.2289839543148496,85,-0.22891919748685946,WLS,101,6.475682799014781e-05
4,UPFC_Vse,5-15,0.06080203038500323,85,0.06113448962428777,WLS,101,0.00033245923928453686
5,UPFC_tse,5-15,-2.153458944634773,85,-2.1549397282416796,WLS,101,0.0014807836069063995
0,x_tcsc,1-14,-0.13553929454129554,86,-0.13557893144042785,WLS,101,3.963689913230595e-05
1,B_svc,2,0.28177859052181486,86,0.2821765872626029,WLS,101,0.0003979967407880536
2,UPFC_Vsh,5-15,1.1068690440310005,86,1.1069766100842786,WLS,101,0.00010756605327810753
3,UPFC_tsh,5-15,-0.22891787194044175,86,-0.22891919748685946,WLS,101,1.3255464177130971e-06
4,UPFC_Vse,5-15,0.060955070267218886,86,0.06113448962428777,WLS,101,0.0001794193570688815
5,UPFC_tse,5-15,-2.1503038995084385,86,-2.1549397282416796,WLS,101,0.0046358287332410875
0,x_tcsc,1-14,-0.1355394958996511,87,-0.13557893144042785,WLS,101,3.943554077673328e-05
1,B_svc,2,0.28163171408600596,87,0.2821765872626029,WLS,101,0.0005448731765969606
2,UPFC_Vsh,5-15,1.1066754241034658,87,1.1069766100842786,WLS,101,0.00030118598081285697
3,UPFC_tsh,5-15,-0.22891733602518768,87,-0.22891919748685946,WLS,101,1.8614616717760324e-06
4,UPFC_Vse,5-15,0.060805452332097054,87,0.06113448962428777,WLS,101,0.00032903729219071337
5,UPFC_tse,5-15,-2.154794255451605,87,-2.1549397282416796,WLS,101,0.00014547279007448566
0,x_tcsc,1-14,-0.1355351310485942,88,-0.13557893144042785,WLS,101,4.380039183365936e-05
1,B_svc,2,0.2815353422078171,88,0.2821765872626029,WLS,101,0.0006412450547857995
2,UPFC_Vsh,5-15,1.107019534102998,88,1.1069766100842786,WLS,101,4.292401871941465e-05
3,UPFC_tsh,5-15,-0.22896877223831635,88,-0.22891919748685946,WLS,101,4.9574751456893384e-05
4,UPFC_Vse,5-15,0.06029053454321876,88,0.06113448962428777,WLS,101,0.0008439550810690061
5,UPFC_tse,5-15,-2.1585281031518693,88,-2.1549397282416796,WLS,101,0.0035883749101897067
0,x_tcsc,1-14,-0.13555032612498838,89,-0.13557893144042785,WLS,101,2.8605315439467205e-05
1,B_svc,2,0.28149044470647255,89,0.2821765872626029,WLS,101,0.0006861425561303647
2,UPFC_Vsh,5-15,1.1071788123605661,89,1.1069766100842786,WLS,101,0.00020220227628753307
3,UPFC_tsh,5-15,-0.22891350558248544,89,-0.22891919748685946,WLS,101,5.6919043740222275e-06
4,UPFC_Vse,5-15,0.06036376180929222,89,0.06113448962428777,WLS,101,0.000770727814995549
5,UPFC_tse,5-15,-2.156327487926035,89,-2.1549397282416796,WLS,101,0.0013877596843552276
0,x_tcsc,1-14,-0.13552594411756988,90,-0.13557893144042785,WLS,101,5.298732285796692e-05
1,B_svc,2,0.28241041029561004,90,0.2821765872626029,WLS,101,0.00023382303300711893
2,UPFC_Vsh,5-15,1.1070303202890075,90,1.1069766100842786,WLS,101,5.37102047288851e-05
3,UPFC_tsh,5-15,-0.22896340491633113,90,-0.22891919748685946,WLS,101,4.4207429471671e-05
4,UPFC_Vse,5-15,0.06037632736826667,90,0.06113448962428777,WLS,101,0.0007581622560210999
5,UPFC_tse,5-15,-2.156658124183758,90,-2.1549397282416796,WLS,101,0.0017183959420785655
0,x_tcsc,1-14,-0.13554599167520595,91,-0.13557893144042785,WLS,101,3.2939765221895456e-05
1,B_svc,2,0.2816798567491594,91,0.2821765872626029,WLS,101,0.0004967305134435107
2,UPFC_Vsh,5-15,1.1066894987694735,91,1.1069766100842786,WLS,101,0.00028711131480507746
3,UPFC_tsh,5-15,-0.22892102633128447,91,-0.22891919748685946,WLS,101,1.828844425011411e-06
4,UPFC_Vse,5-15,0.06088857152452635,91,0.06113448962428777,WLS,101,0.0002459180997614191
5,UPFC_tse,5-15,-2.1528005252871463,91,-2.1549397282416796,WLS,101,0.0021392029545332925
0,x_tcsc,1-14,-0.13553585734781323,92,-0.13557893144042785,WLS,101,4.307409261461448e-05
1,B_svc,2,0.2821391622523222,92,0.2821765872626029,WLS,101,3.7425010280700555e-05
2,UPFC_Vsh,5-15,1.106555371604456,92,1.1069766100842786,WLS,101,0.000421238479822561
3,UPFC_tsh,5-15,-0.22902368450804067,92,-0.22891919748685946,WLS,101,0.0001044870211812099
4,UPFC_Vse,5-15,0.060974345311422484,92,0.06113448962428777,WLS,101,0.00016014431286528324
5,UPFC_tse,5-15,-2.1535511047824745,92,-2.1549397282416796,WLS,101,0.0013886234592050961
0,x_tcsc,1-14,-0.13555793457438878,93,-0.13557893144042785,WLS,101,2.099686603906914e-05
1,B_svc,2,0.2814084520231714,93,0.2821765872626029,WLS,101,0.0007681352394315333
2,UPFC_Vsh,5-15,1.1069098633662855,93,1.1069766100842786,WLS,101,6.674671799311582e-05
3,UPFC_tsh,5-15,-0.22889980438526827,93,-0.22891919748685946,WLS,101,1.9393101591186346e-05
4,UPFC_Vse,5-15,0.06103686920429451,93,0.06113448962428777,WLS,101,9.76204199932551e-05
5,UPFC_tse,5-15,-2.1536282721489073,93,-2.1549397282416796,WLS,101,0.0013114560927722785
0,x_tcsc,1-14,-0.13555514186460624,94,-0.13557893144042785,WLS,101,2.37895758216089e-05
1,B_svc,2,0.281699733500155,94,0.2821765872626029,WLS,101,0.0004768537624479374
2,UPFC_Vsh,5-15,1.1068592249221176,94,1.1069766100842786,WLS,101,0.00011738516216097672
3,UPFC_tsh,5-15,-0.2289615333835495,94,-0.22891919748685946,WLS,101,4.233589669003224e-05
4,UPFC_Vse,5-15,0.060323808669503536,94,0.06113448962428777,WLS,101,0.000810680954784232
5,UPFC_tse,5-15,-2.154020209594445,94,-2.1549397282416796,WLS,101,0.0009195186472346073
0,x_tcsc,1-14,-0.1355333505592612,95,-0.13557893144042785,WLS,101,4.558088116665693e-05
1,B_svc,2,0.2820805459667917,95,0.2821765872626029,WLS,101,9.604129581120002e-05
2,UPFC_Vsh,5-15,1.1071795739769381,95,1.1069766100842786,WLS,101,0.00020296389265950232
3,UPFC_tsh,5-15,-0.22886400608510538,95,-0.22891919748685946,WLS,101,5.5191401754084435e-05
4,UPFC_Vse,5-15,0.060573405768008654,95,0.06113448962428777,WLS,101,0.000561083856279114
5,UPFC_tse,5-15,-2.1533553536607872,95,-2.1549397282416796,WLS,101,0.0015843745808923337
0,x_tcsc,1-14,-0.1355571987480377,96,-0.13557893144042785,WLS,101,2.173269239014175e-05
1,B_svc,2,0.282577138460101,96,0.2821765872626029,WLS,101,0.0004005511974981002
2,UPFC_Vsh,5-15,1.1066624064965405,96,1.1069766100842786,WLS,101,0.0003142035877381488
3,UPFC_tsh,5-15,-0.22892627457867074,96,-0.22891919748685946,WLS,101,7.077091811275027e-06
4,UPFC_Vse,5-15,0.06064070820400917,96,0.06113448962428777,WLS,101,0.0004937814202785953
5,UPFC_tse,5-15,-2.1554522495859163,96,-2.1549397282416796,WLS,101,0.0005125213442367382
0,x_tcsc,1-14,-0.13552690256943237,97,-0.13557893144042785,WLS,101,5.2028870995479704e-05
1,B_svc,2,0.28210018489912236,97,0.2821765872626029,WLS,101,7.64023634805544e-05
2,UPFC_Vsh,5-15,1.1066452089275163,97,1.1069766100842786,WLS,101,0.0003314011567623343
3,UPFC_tsh,5-15,-0.22889808502307632,97,-0.22891919748685946,WLS,101,2.1112463783140578e-05
4,UPFC_Vse,5-15,0.0601577882361629,97,0.06113448962428777,WLS,101,0.000976701388124869
5,UPFC_tse,5-15,-2.155214437423442,97,-2.1549397282416796,WLS,101,0.0002747091817623115
0,x_tcsc,1-14,-0.1355360871175133,98,-0.13557893144042785,WLS,101,4.284432291454254e-05
1,B_svc,2,0.28217792256459284,98,0.2821765872626029,WLS,101,1.3353019899242646e-06
2,UPFC_Vsh,5-15,1.1071073417576731,98,1.1069766100842786,WLS,101,0.00013073167339450187
3,UPFC_tsh,5-15,-0.22895166458618801,98,-0.22891919748685946,WLS,101,3.246709932855363e-05
4,UPFC_Vse,5-15,0.06058439953638854,98,0.06113448962428777,WLS,101,0.0005500900878992257
5,UPFC_tse,5-15,-2.1569891727831956,98,-2.1549397282416796,WLS,101,0.00204944454151601
0,x_tcsc,1-14,-0.13552550933642582,99,-0.13557893144042785,WLS,101,5.342210400202663e-05
1,B_svc,2,0.2818092084703306,99,0.2821765872626029,WLS,101,0.0003673787922723326
2,UPFC_Vsh,5-15,1.1067899329002513,99,1.1069766100842786,WLS,101,0.00018667718402731737
3,UPFC_tsh,5-15,-0.22892873833233815,99,-0.22891919748685946,WLS,101,9.540845478689386e-06
4,UPFC_Vse,5-15,0.060759121512243504,99,0.06113448962428777,WLS,101,0.0003753681120442637
5,UPFC_tse,5-15,-2.1545015108085965,99,-2.1549397282416796,WLS,101,0.0004382174330830324
0,x_tcsc,1-14,-0.13823850675341448,0,-0.1383357958634321,WLS,103,9.728911001760654e-05
1,B_svc,2,0.2954763986476483,0,0.29581570606898044,WLS,103,0.00033930742133214675
2,UPFC_Vsh,5-15,1.1070354998411396,0,1.1064113634065675,WLS,103,0.0006241364345720424
3,UPFC_tsh,5-15,-0.22669007031324762,0,-0.2266328116375553,WLS,103,5.725867569231213e-05
4,UPFC_Vse,5-15,0.06033154936463937,0,0.06066135188340235,WLS,103,0.0003298025187629741
5,UPFC_tse,5-15,-2.1559345419199674,0,-2.144813432235368,WLS,103,0.01112110968459934
0,x_tcsc,1-14,-0.13825250069509992,1,-0.1383357958634321,WLS,103,8.329516833216477e-05
1,B_svc,2,0.29571474946201876,1,0.29581570606898044,WLS,103,0.00010095660696168851
2,UPFC_Vsh,5-15,1.1067938714321233,1,1.1064113634065675,WLS,103,0.0003825080255557278
3,UPFC_tsh,5-15,-0.2266478051449606,1,-0.2266328116375553,WLS,103,1.4993507405303141e-05
4,UPFC_Vse,5-15,0.060960107278553895,1,0.06066135188340235,WLS,103,0.00029875539515154814
5,UPFC_tse,5-15,-2.1508612984462654,1,-2.144813432235368,WLS,103,0.006047866210897368
0,x_tcsc,1-14,-0.13824607496058347,2,-0.1383357958634321,WLS,103,8.972090284861678e-05
1,B_svc,2,0.2954072156867177,2,0.29581570606898044,WLS,103,0.0004084903822627606
2,UPFC_Vsh,5-15,1.1066031472867413,2,1.1064113634065675,WLS,103,0.00019178388017371262
3,UPFC_tsh,5-15,-0.2266223560417861,2,-0.2266328116375553,WLS,103,1.0455595769204296e-05
4,UPFC_Vse,5-15,0.06100960048883955,2,0.06066135188340235,WLS,103,0.00034824860543720276
5,UPFC_tse,5-15,-2.1486295515434093,2,-2.144813432235368,WLS,103,0.003816119308041266
0,x_tcsc,1-14,-0.13823841582838353,3,-0.1383357958634321,WLS,103,9.738003504855541e-05
1,B_svc,2,0.2959622788349405,3,0.29581570606898044,WLS,103,0.0001465727659600291
2,UPFC_Vsh,5-15,1.1068828908107546,3,1.1064113634065675,WLS,103,0.0004715274041870998
3,UPFC_tsh,5-15,-0.2266266873441087,3,-0.2266328116375553,WLS,103,6.124293446596596e-06
4,UPFC_Vse,5-15,0.060781072750720595,3,0.06066135188340235,WLS,103,0.00011972086731824871
5,UPFC_tse,5-15,-2.151251702986407,3,-2.144813432235368,WLS,103,0.006438270751039088
0,x_tcsc,1-14,-0.13824299223134615,4,-0.1383357958634321,WLS,103,9.280363208594156e-05
1,B_svc,2,0.29625714594666774,4,0.29581570606898044,WLS,103,0.00044143987768729964
2,UPFC_Vsh,5-15,1.1068261641477504,4,1.1064113634065675,WLS,103,0.0004148007411828303
3,UPFC_tsh,5-15,-0.2266368817840186,4,-0.2266328116375553,WLS,103,4.07014646330861e-06
4,UPFC_Vse,5-15,0.060358248905276135,4,0.06066135188340235,WLS,103,0.0003031029781262115
5,UPFC_tse,5-15,-2.1534183418502613,4,-2.144813432235368,WLS,103,0.008604909614893241
0,x_tcsc,1-14,-0.13825704423707072,5,-0.1383357958634321,WLS,103,7.875162636136745e-05
1,B_svc,2,0.2956640596444704,5,0.29581570606898044,WLS,103,0.0001516464245100435
2,UPFC_Vsh,5-15,1.1069882518373324,5,1.1064113634065675,WLS,103,0.0005768884307648658
3,UPFC_tsh,5-15,-0.22667306085069722,5,-0.2266328116375553,WLS,103,4.024921314191299e-05
4,UPFC_Vse,5-15,0.06081542631334953,5,0.06066135188340235,WLS,103,0.00015407442994718606
5,UPFC_tse,5-15,-2.151828138279205,5,-2.144813432235368,WLS,103,0.007014706043837027
0,x_tcsc,1-14,-0.1382741877035461,6,-0.1383357958634321,WLS,103,6.160815988598412e-05
1,B_svc,2,0.29579726519742705,6,0.29581570606898044,WLS,103,1.8440871553393468e-05
2,UPFC_Vsh,5-15,1.1069133461762248,6,1.1064113634065675,WLS,103,0.0005019827696572943
3,UPFC_tsh,5-15,-0.22659821965232319,6,-0.2266328116375553,WLS,103,3.4591985232118594e-05
4,UPFC_Vse,5-15,0.0604308970591961,6,0.06066135188340235,WLS,103,0.00023045482420624985
5,UPFC_tse,5-15,-2.1514385040977606,6,-2.144813432235368,WLS,103,0.006625071862392584
0,x_tcsc,1-14,-0.13825524055812305,7,-0.1383357958634321,WLS,103,8.055530530903798e-05
1,B_svc,2,0.2958455834678701,7,0.29581570606898044,WLS,103,2.9877398889655016e-05
2,UPFC_Vsh,5-15,1.1071382822332283,7,1.1064113634065675,WLS,103,0.0007269188266607607
3,UPFC_tsh,5-15,-0.2266536950991602,7,-0.2266328116375553,WLS,103,2.0883461604892517e-05
4,UPFC_Vse,5-15,0.0607298536483216,7,0.06066135188340235,WLS,103,6.850176491925153e-05
5,UPFC_tse,5-15,-2.1509730399687337,7,-2.144813432235368,WLS,103,0.006159607733365657
0,x_tcsc,1-14,-0.13824131715302024,8,-0.1383357958634321,WLS,103,9.447871041184941e-05
1,B_svc,2,0.29553363255324144,8,0.29581570606898044,WLS,103,0.00028207351573900086
2,UPFC_Vsh,5-15,1.107328549087258,8,1.1064113634065675,WLS,103,0.0009171856806904355
3,UPFC_tsh,5-15,-0.2266110993442081,8,-0.2266328116375553,WLS,103,2.1712293347214695e-05
4,UPFC_Vse,5-15,0.06041310205419832,8,0.06066135188340235,WLS,103,0.0002482498292040239
5,UPFC_tse,5-15,-2.151358605921829,8,-2.144813432235368,WLS,103,0.006545173686460792
0,x_tcsc,1-14,-0.13825734118345426,9,-0.1383357958634321,WLS,103,7.845467997782962e-05
1,B_svc,2,0.2956923045401187,9,0.29581570606898044,WLS,103,0.00012340152886175515
2,UPFC_Vsh,5-15,1.1063919700488654,9,1.1064113634065675,WLS,103,1.939335770217987e-05
3,UPFC_tsh,5-15,-0.22668454800647606,9,-0.2266328116375553,WLS,103,5.173636892075173e-05
4,UPFC_Vse,5-15,0.06068961011113235,9,0.06066135188340235,WLS,103,2.8258227730004748e-05
5,UPFC_tse,5-15,-2.1496992710897476,9,-2.144813432235368,WLS,103,0.004885838854379543
0,x_tcsc,1-14,-0.13824634626037566,10,-0.1383357958634321,WLS,103,8.944960305642957e-05
1,B_svc,2,0.29555415864259227,10,0.29581570606898044,WLS,103,0.00026154742638817563
2,UPFC_Vsh,5-15,1.1068652330209947,10,1.1064113634065675,WLS,103,0.00045386961442717144
3,UPFC_tsh,5-15,-0.2265598036391469,10,-0.2266328116375553,WLS,103,7.300799840839756e-05
4,UPFC_Vse,5-15,0.06116441927278114,10,0.06066135188340235,WLS,103,0.000503067389378796
5,UPFC_tse,5-15,-2.1500867709701046,10,-2.144813432235368,WLS,103,0.005273338734736566
0,x_tcsc,1-14,-0.13826128503960114,11,-0.1383357958634321,WLS,103,7.451082383094776e-05
1,B_svc,2,0.2957726983242104,11,0.29581570606898044,WLS,103,4.300774477006275e-05
2,UPFC_Vsh,5-15,1.1068522751849759,11,1.1064113634065675,WLS,103,0.00044091177840832607
3,UPFC_tsh,5-15,-0.22658531151072306,11,-0.2266328116375553,WLS,103,4.7500126832245027e-05
4,UPFC_Vse,5-15,0.06062481425827894,11,0.06066135188340235,WLS,103,3.653762512340758e-05
5,UPFC_tse,5-15,-2.1481370149670207,11,-2.144813432235368,WLS,103,0.0033235827316526745
0,x_tcsc,1-14,-0.1382546248662797,12,-0.1383357958634321,WLS,103,8.117099715237996e-05
1,B_svc,2,0.2954297452677578,12,0.29581570606898044,WLS,103,0.0003859608012226623
2,UPFC_Vsh,5-15,1.1067765799784677,12,1.1064113634065675,WLS,103,0.0003652165719001399
3,UPFC_tsh,5-15,-0.22661572319705356,12,-0.2266328116375553,WLS,103,1.708844050174463e-05
4,UPFC_Vse,5-15,0.0611911489358844,12,0.06066135188340235,WLS,103,0.0005297970524820519
5,UPFC_tse,5-15,-2.1450307398221558,12,-2.144813432235368,WLS,103,0.00021730758678772943
0,x_tcsc,1-14,-0.13824132163030667,13,-0.1383357958634321,WLS,103,9.447423312541892e-05
1,B_svc,2,0.2956283473432055,13,0.29581570606898044,WLS,103,0.00018735872577496648
2,UPFC_Vsh,5-15,1.1067846033842752,13,1.1064113634065675,WLS,103,0.00037323997770766226
3,UPFC_tsh,5-15,-0.22664392550420642,13,-0.2266328116375553,WLS,103,1.111386665111902e-05
4,UPFC_Vse,5-15,0.06040735067235044,13,0.06066135188340235,WLS,103,0.0002540012110519088
5,UPFC_tse,5-15,-2.151227990904268,13,-2.144813432235368,WLS,103,0.00641455866889995
0,x_tcsc,1-14,-0.13824434980950692,14,-0.1383357958634321,WLS,103,9.144605392516492e-05
1,B_svc,2,0.2958541972719426,14,0.29581570606898044,WLS,103,3.849120296217645e-05
2,UPFC_Vsh,5-15,1.1069275090790651,14,1.1064113634065675,WLS,103,0.000516145672497581
3,UPFC_tsh,5-15,-0.22666421853193577,14,-0.2266328116375553,WLS,103,3.1406894380470174e-05
4,UPFC_Vse,5-15,0.06070320160769989,14,0.06066135188340235,WLS,103,4.1849724297542135e-05
5,UPFC_tse,5-15,-2.1517675355901664,14,-2.144813432235368,WLS,103,0.006954103354798402
0,x_tcsc,1-14,-0.13825827446487488,15,-0.1383357958634321,WLS,103,7.752139855721207e-05
1,B_svc,2,0.2954172134908428,15,0.29581570606898044,WLS,103,0.0003984925781376214
2,UPFC_Vsh,5-15,1.1069560082041128,15,1.1064113634065675,WLS,103,0.0005446447975452351
3,UPFC_tsh,5-15,-0.22661667281797726,15,-0.2266328116375553,WLS,103,1.6138819578043195e-05
4,UPFC_Vse,5-15,0.06033985909079573,15,0.06066135188340235,WLS,103,0.00032149279260661884
5,UPFC_tse,5-15,-2.1503659257796106,15,-2.144813432235368,WLS,103,0.005552493544242587
0,x_tcsc,1-14,-0.138263647337552,16,-0.1383357958634321,WLS,103,7.214852588008358e-05
1,B_svc,2,0.29604585238703773,16,0.29581570606898044,WLS,103,0.00023014631805728936
2,UPFC_Vsh,5-15,1.1067024785935384,16,1.1064113634065675,WLS,103,0.00029111518697089167
3,UPFC_tsh,5-15,-0.22665843278802558,16,-0.2266328116375553,WLS,103,2.5621150470278575e-05
4,UPFC_Vse,5-15,0.0610769608225825,16,0.06066135188340235,WLS,103,0.0004156089391801551
5,UPFC_tse,5-15,-2.151887416309573,16,-2.144813432235368,WLS,103,0.007073984074204898
0,x_tcsc,1-14,-0.13824557264634116,17,-0.1383357958634321,WLS,103,9.022321709092895e-05
1,B_svc,2,0.29573150120439384,17,0.29581570606898044,WLS,103,8.420486458660115e-05
2,UPFC_Vsh,5-15,1.1070961886523383,17,1.1064113634065675,WLS,103,0.0006848252457707371
3,UPFC_tsh,5-15,-0.2266037862189263,17,-0.2266328116375553,WLS,103,2.9025418629008426e-05
4,UPFC_Vse,5-15,0.0604519716752278,17,0.06066135188340235,WLS,103,0.0002093802081745491
5,UPFC_tse,5-15,-2.147572777855755,17,-2.144813432235368,WLS,103,0.0027593456203871547
0,x_tcsc,1-14,-0.13825934486007604,18,-0.1383357958634321,WLS,103,7.645100335604282e-05
1,B_svc,2,0.2957794805969582,18,0.29581570606898044,WLS,103,3.6225472022255456e-05
2,UPFC_Vsh,5-15,1.1067863759703838,18,1.1064113634065675,WLS,103,0.00037501256381622383
3,UPFC_tsh,5-15,-0.22663076192738685,18,-0.2266328116375553,WLS,103,2.0497101684557872e-06
4,UPFC_Vse,5-15,0.060527951938616764,18,0.06066135188340235,WLS,103,0.00013339994478558242
5,UPFC_tse,5-15,-2.1508241230894907,18,-2.144813432235368,WLS,103,0.006010690854122647
0,x_tcsc,1-14,-0.13825543938633683,19,-0.1383357958634321,WLS,103,8.035647709525584e-05
1,B_svc,2,0.2956073939505257,19,0.29581570606898044,WLS,103,0.0002083121184547343
2,UPFC_Vsh,5-15,1.1069634600586553,19,1.1064113634065675,WLS,103,0.0005520966520877746
3,UPFC_tsh,5-15,-0.22662052558403514,19,-0.2266328116375553,WLS,103,1.2286053520160767e-05
4,UPFC_Vse,5-15,0.060791990924876325,19,0.06066135188340235,WLS,103,0.00013063904147397887
5,UPFC_tse,5-15,-2.150439820278538,19,-2.144813432235368,WLS,103,0.00562638804316995
0,x_tcsc,1-14,-0.1382564138361873,20,-0.1383357958634321,WLS,103,7.938202724477872e-05
1,B_svc,2,0.2957752415077361,20,0.29581570606898044,WLS,103,4.046456124434661e-05
2,UPFC_Vsh,5-15,1.1069769974565522,20,1.1064113634065675,WLS,103,0.0005656340499846646
3,UPFC_tsh,5-15,-0.22664174163296708,20,-0.2266328116375553,WLS,103,8.92999541177164e-06
4,UPFC_Vse,5-15,0.0605640475389368,20,0.06066135188340235,WLS,103,9.730434446554581e-05
5,UPFC_tse,5-15,-2.1544844089094344,20,-2.144813432235368,WLS,103,0.009670976674066356
0,x_tcsc,1-14,-0.1382522714015545,21,-0.1383357958634321,WLS,103,8.352446187759321e-05
1,B_svc,2,0.29558980786985983,21,0.29581570606898044,WLS,103,0.00022589819912061104
2,UPFC_Vsh,5-15,1.1068208718306753,21,1.1064113634065675,WLS,103,0.0004095084241078073
3,UPFC_tsh,5-15,-0.22663444326167034,21,-0.2266328116375553,WLS,103,1.6316241150393651e-06
4,UPFC_Vse,5-15,0.06041629381617651,21,0.06066135188340235,WLS,103,0.0002450580672258354
5,UPFC_tse,5-15,-2.151263348792732,21,-2.144813432235368,WLS,103,0.006449916557364155
0,x_tcsc,1-14,-0.13824714205179603,22,-0.1383357958634321,WLS,103,8.865381163605801e-05
1,B_svc,2,0.29567967166598946,22,0.29581570606898044,WLS,103,0.00013603440299098102
2,UPFC_Vsh,5-15,1.106864881366297,22,1.1064113634065675,WLS,103,0.0004535179597293659
3,UPFC_tsh,5-15,-0.22664091188515906,22,-0.2266328116375553,WLS,103,8.10024760375394e-06
4,UPFC_Vse,5-15,0.060410610640238886,22,0.06066135188340235,WLS,103,0.00025074124316346036
5,UPFC_tse,5-15,-2.151470566191855,22,-2.144813432235368,WLS,103,0.006657133956486927
0,x_tcsc,1-14,-0.13826451444340287,23,-0.1383357958634321,WLS,103,7.128142002921223e-05
1,B_svc,2,0.29550823918783703,23,0.29581570606898044,WLS,103,0.00030746688114341447
2,UPFC_Vsh,5-15,1.1072180756293946,23,1.1064113634065675,WLS,103,0.0008067122228270218
3,UPFC_tsh,5-15,-0.22662282368710301,23,-0.2266328116375553,WLS,103,9.987950452289285e-06
4,UPFC_Vse,5-15,0.06068894782160027,23,0.06066135188340235,WLS,103,2.7595938197920444e-05
5,UPFC_tse,5-15,-2.1527847244327747,23,-2.144813432235368,WLS,103,0.007971292197406665
0,x_tcsc,1-14,-0.13826381615807856,24,-0.1383357958634321,WLS,103,7.197970535352538e-05
1,B_svc,2,0.2957767012905826,24,0.29581570606898044,WLS,103,3.900477839785532e-05
2,UPFC_Vsh,5-15,1.1067527346268238,24,1.1064113634065675,WLS,103,0.0003413712202562369
3,UPFC_tsh,5-15,-0.2266623352668781,24,-0.2266328116375553,WLS,103,2.9523629322791844e-05
4,UPFC_Vse,5-15,0.060578864336815565,24,0.06066135188340235,WLS,103,8.248754658678192e-05
5,UPFC_tse,5-15,-2.15222059702084,24,-2.144813432235368,WLS,103,0.007407164785472098
0,x_tcsc,1-14,-0.13825008763349222,25,-0.1383357958634321,WLS,103,8.57082299398626e-05
1,B_svc,2,0.29571229279187855,25,0.29581570606898044,WLS,103,0.00010341327710189363
2,UPFC_Vsh,5-15,1.1068814447567386,25,1.1064113634065675,WLS,103,0.0004700813501710144
3,UPFC_tsh,5-15,-0.2266018487551473,25,-0.2266328116375553,WLS,103,3.096288240800327e-05
4,UPFC_Vse,5-15,0.060705545218938624,25,0.06066135188340235,WLS,103,4.4193335536277245e-05
5,UPFC_tse,5-15,-2.1544147046267397,25,-2.144813432235368,WLS,103,0.009601272391371651
0,x_tcsc,1-14,-0.13825208120153062,26,-0.1383357958634321,WLS,103,8.371466190146282e-05
1,B_svc,2,0.295986984173008,26,0.29581570606898044,WLS,103,0.00017127810402756127
2,UPFC_Vsh,5-15,1.1068924931766968,26,1.1064113634065675,WLS,103,0.0004811297701292627
3,UPFC_tsh,5-15,-0.22665659523889847,26,-0.2266328116375553,WLS,103,2.3783601343169147e-05
4,UPFC_Vse,5-15,0.06082702247943424,26,0.06066135188340235,WLS,103,0.00016567059603189022
5,UPFC_tse,5-15,-2.154274119483278,26,-2.144813432235368,WLS,103,0.009460687247909938
0,x_tcsc,1-14,-0.1382530809262958,27,-0.1383357958634321,WLS,103,8.271493713629674e-05
1,B_svc,2,0.29601746088192316,27,0.29581570606898044,WLS,103,0.00020175481294271158
2,UPFC_Vsh,5-15,1.1066913256927837,27,1.1064113634065675,WLS,103,0.00027996228621618435
3,UPFC_tsh,5-15,-0.22670919924444038,27,-0.2266328116375553,WLS,103,7.638760688508106e-05
4,UPFC_Vse,5-15,0.06085306979131464,27,0.06066135188340235,WLS,103,0.00019171790791229493
5,UPFC_tse,5-15,-2.15110316857722,27,-2.144813432235368,WLS,103,0.006289736341852148
0,x_tcsc,1-14,-0.13826150887182467,28,-0.1383357958634321,WLS,103,7.428699160741403e-05
1,B_svc,2,0.295306664511614,28,0.29581570606898044,WLS,103,0.0005090415573664187
2,UPFC_Vsh,5-15,1.1069604323677973,28,1.1064113634065675,WLS,103,0.0005490689612297484
3,UPFC_tsh,5-15,-0.22664530437203345,28,-0.2266328116375553,WLS,103,1.2492734478147804e-05
4,UPFC_Vse,5-15,0.060372298621188626,28,0.06066135188340235,WLS,103,0.0002890532622137204
5,UPFC_tse,5-15,-2.153835478540766,28,-2.144813432235368,WLS,103,0.009022046305398046
0,x_tcsc,1-14,-0.1382556682912997,29,-0.1383357958634321,WLS,103,8.012757213238242e-05
1,B_svc,2,0.2955706586650989,29,0.29581570606898044,WLS,103,0.00024504740388153756
2,UPFC_Vsh,5-15,1.10679557796697,29,1.1064113634065675,WLS,103,0.000384214560402496
3,UPFC_tsh,5-15,-0.22661271081037457,29,-0.2266328116375553,WLS,103,2.0100827180735692e-05
4,UPFC_Vse,5-15,0.06079106726837373,29,0.06066135188340235,WLS,103,0.00012971538497138363
5,UPFC_tse,5-15,-2.149513670589355,29,-2.144813432235368,WLS,103,0.004700238353986919
0,x_tcsc,1-14,-0.13825130787369533,30,-0.1383357958634321,WLS,103,8.448798973675897e-05
1,B_svc,2,0.2953605039555884,30,0.29581570606898044,WLS,103,0.0004552021133920614
2,UPFC_Vsh,5-15,1.1066276367274086,30,1.1064113634065675,WLS,103,0.000216273320841065
3,UPFC_tsh,5-15,-0.2266371000516126,30,-0.2266328116375553,WLS,103,4.288414057307399e-06
4,UPFC_Vse,5-15,0.06048677595154666,30,0.06066135188340235,WLS,103,0.0001745759318556861
5,UPFC_tse,5-15,-2.152280149758811,30,-2.144813432235368,WLS,103,0.007466717523442856
0,x_tcsc,1-14,-0.13825398610972092,31,-0.1383357958634321,WLS,103,8.180975371116506e-05
1,B_svc,2,0.29561437671812385,31,0.29581570606898044,WLS,103,0.00020132935085659387
2,UPFC_Vsh,5-15,1.1069919131514625,31,1.1064113634065675,WLS,103,0.0005805497448949648
3,UPFC_tsh,5-15,-0.22658841387741804,31,-0.2266328116375553,WLS,103,4.439776013726027e-05
4,UPFC_Vse,5-15,0.06062610162994375,31,0.06066135188340235,WLS,103,3.525025345859495e-05
5,UPFC_tse,5-15,-2.1525432864423544,31,-2.144813432235368,WLS,103,0.007729854206986353
0,x_tcsc,1-14,-0.13822490153297376,32,-0.1383357958634321,WLS,103,0.00011089433045832764
1,B_svc,2,0.29552724216561826,32,0.29581570606898044,WLS,103,0.0002884639033621794
2,UPFC_Vsh,5-15,1.106862638955047,32,1.1064113634065675,WLS,103,0.0004512755484795683
3,UPFC_tsh,5-15,-0.22662425064996267,32,-0.2266328116375553,WLS,103,8.560987592637348e-06
4,UPFC_Vse,5-15,0.060327052222413136,32,0.06066135188340235,WLS,103,0.000334299660989211
5,UPFC_tse,5-15,-2.1533536420774264,32,-2.144813432235368,WLS,103,0.008540209842058388
0,x_tcsc,1-14,-0.13825980359842388,33,-0.1383357958634321,WLS,103,7.599226500820677e-05
1,B_svc,2,0.29597105577088617,33,0.29581570606898044,WLS,103,0.00015534970190572706
2,UPFC_Vsh,5-15,1.1068653398895265,33,1.1064113634065675,WLS,103,0.0004539764829589732
3,UPFC_tsh,5-15,-0.22660555066618257,33,-0.2266328116375553,WLS,103,2.7260971372733422e-05
4,UPFC_Vse,5-15,0.0605424153740464,33,0.06066135188340235,WLS,103,0.00011893650935594635
5,UPFC_tse,5-15,-2.152088707978721,33,-2.144813432235368,WLS,103,0.00727527574335296
0,x_tcsc,1-14,-0.13826349440042687,34,-0.1383357958634321,WLS,103,7.230146300521434e-05
1,B_svc,2,0.29527890051834454,34,0.29581570606898044,WLS,103,0.0005368055506358993
2,UPFC_Vsh,5-15,1.10675668755594,34,1.1064113634065675,WLS,103,0.00034532414937249456
3,UPFC_tsh,5-15,-0.22663621975425857,34,-0.2266328116375553,WLS,103,3.40811670326846e-06
4,UPFC_Vse,5-15,0.06082661617751821,34,0.06066135188340235,WLS,103,0.0001652642941158619
5,UPFC_tse,5-15,-2.1513545583666036,34,-2.144813432235368,WLS,103,0.006541126131235586
0,x_tcsc,1-14,-0.1382321467491839,35,-0.1383357958634321,WLS,103,0.00010364911424817769
1,B_svc,2,0.2959898561091597,35,0.29581570606898044,WLS,103,0.00017415004017923286
2,UPFC_Vsh,5-15,1.106906923148166,35,1.1064113634065675,WLS,103,0.0004955597415985391
3,UPFC_tsh,5-15,-0.22656754516139344,35,-0.2266328116375553,WLS,103,6.52664761618682e-05
4,UPFC_Vse,5-15,0.06067016629445216,35,0.06066135188340235,WLS,103,8.814411049815063e-06
5,UPFC_tse,5-15,-2.1522272122393336,35,-2.144813432235368,WLS,103,0.007413780003965531
0,x_tcsc,1-14,-0.13826410454823937,36,-0.1383357958634321,WLS,103,7.169131519271787e-05
1,B_svc,2,0.2955642630402037,36,0.29581570606898044,WLS,103,0.0002514430287767211
2,UPFC_Vsh,5-15,1.1071910628159431,36,1.1064113634065675,WLS,103,0.0007796994093756116
3,UPFC_tsh,5-15,-0.22660433760277102,36,-0.2266328116375553,WLS,103,2.8474034784287117e-05
4,UPFC_Vse,5-15,0.06069107044674728,36,0.06066135188340235,WLS,103,2.9718563344931226e-05
5,UPFC_tse,5-15,-2.1535598259029567,36,-2.144813432235368,WLS,103,0.00874639366758867
0,x_tcsc,1-14,-0.13825729266586598,37,-0.1383357958634321,WLS,103,7.85031975661099e-05
1,B_svc,2,0.296047769929963,37,0.29581570606898044,WLS,103,0.0002320638609825676
2,UPFC_Vsh,5-15,1.1067686925626479,37,1.1064113634065675,WLS,103,0.00035732915608033267
3,UPFC_tsh,5-15,-0.2266692863534435,37,-0.2266328116375553,WLS,103,3.647471588819062e-05
4,UPFC_Vse,5-15,0.05999845973641062,37,0.06066135188340235,WLS,103,0.0006628921469917295
5,UPFC_tse,5-15,-2.1572688128036157,37,-2.144813432235368,WLS,103,0.012455380568247687
0,x_tcsc,1-14,-0.13825897519921854,38,-0.1383357958634321,WLS,103,7.68206642135505e-05
1,B_svc,2,0.29571701770743836,38,0.29581570606898044,WLS,103,9.868836154208749e-05
2,UPFC_Vsh,5-15,1.10658165044423,38,1.1064113634065675,WLS,103,0.00017028703766253095
3,UPFC_tsh,5-15,-0.2267134107277476,38,-0.2266328116375553,WLS,103,8.059909019228484e-05
4,UPFC_Vse,5-15,0.06095931098354358,38,0.06066135188340235,WLS,103,0.000297959100141236
5,UPFC_tse,5-15,-2.148749885639645,38,-2.144813432235368,WLS,103,0.003936453404277174
0,x_tcsc,1-14,-0.13825510996860393,39,-0.1383357958634321,WLS,103,8.068589482815303e-05
1,B_svc,2,0.29606751504168155,39,0.29581570606898044,WLS,103,0.00025180897270110636
2,UPFC_Vsh,5-15,1.1071568759868313,39,1.1064113634065675,WLS,103,0.0007455125802637852
3,UPFC_tsh,5-15,-0.22655612391926108,39,-0.2266328116375553,WLS,103,7.668771829422161e-05
4,UPFC_Vse,5-15,0.060531457878373676,39,0.06066135188340235,WLS,103,0.00012989400502867038
5,UPFC_tse,5-15,-2.1499153718175443,39,-2.144813432235368,WLS,103,0.005101939582176307
0,x_tcsc,1-14,-0.13823019976274087,40,-0.1383357958634321,WLS,103,0.00010559610069121872
1,B_svc,2,0.29563811958910163,40,0.29581570606898044,WLS,103,0.0001775864798788107
2,UPFC_Vsh,5-15,1.1067121312986445,40,1.1064113634065675,WLS,103,0.00030076789207700294
3,UPFC_tsh,5-15,-0.22665293657011598,40,-0.2266328116375553,WLS,103,2.0124932560677822e-05
4,UPFC_Vse,5-15,0.06068813363788803,40,0.06066135188340235,WLS,103,2.678175448568576e-05
5,UPFC_tse,5-15,-2.1512825115508374,40,-2.144813432235368,WLS,103,0.0064690793154693615
0,x_tcsc,1-14,-0.1382550196387359,41,-0.1383357958634321,WLS,103,8.077622469618295e-05
1,B_svc,2,0.29600524612172935,41,0.29581570606898044,WLS,103,0.0001895400527489044
2,UPFC_Vsh,5-15,1.1069458964175036,41,1.1064113634065675,WLS,103,0.0005345330109360891
3,UPFC_tsh,5-15,-0.22664243692443778,41,-0.2266328116375553,WLS,103,9.625286882475326e-06
4,UPFC_Vse,5-15,0.06069624383174538,41,0.06066135188340235,WLS,103,3.4891948343031276e-05
5,UPFC_tse,5-15,-2.153992621850787,41,-2.144813432235368,WLS,103,0.00917918961541897
0,x_tcsc,1-14,-0.13824174086365712,42,-0.1383357958634321,WLS,103,9.405499977496734e-05
1,B_svc,2,0.29564145108274176,42,0.29581570606898044,WLS,103,0.00017425498623868663
2,UPFC_Vsh,5-15,1.106840232316927,42,1.1064113634065675,WLS,103,0.00042886891035953667
3,UPFC_tsh,5-15,-0.22663496677326764,42,-0.2266328116375553,WLS,103,2.1551357123339443e-06
4,UPFC_Vse,5-15,0.060706661789215514,42,0.06066135188340235,WLS,103,4.530990581316785e-05
5,UPFC_tse,5-15,-2.1486352243767417,42,-2.144813432235368,WLS,103,0.003821792141373681
0,x_tcsc,1-14,-0.1382603684075081,43,-0.1383357958634321,WLS,103,7.542745592398203e-05
1,B_svc,2,0.2955989226264084,43,0.29581570606898044,WLS,103,0.00021678344257203275
2,UPFC_Vsh,5-15,1.1070112663150053,43,1.1064113634065675,WLS,103,0.0005999029084378105
3,UPFC_tsh,5-15,-0.22665240334922362,43,-0.2266328116375553,WLS,103,1.9591711668320855e-05
4,UPFC_Vse,5-15,0.0608129733637102,43,0.06066135188340235,WLS,103,0.0001516214803078536
5,UPFC_tse,5-15,-2.151673056803067,43,-2.144813432235368,WLS,103,0.006859624567698841
0,x_tcsc,1-14,-0.1382502658181682,44,-0.1383357958634321,WLS,103,8.553004526387631e-05
1,B_svc,2,0.29525735214374427,44,0.29581570606898044,WLS,103,0.0005583539252361769
2,UPFC_Vsh,5-15,1.1068611824569485,44,1.1064113634065675,WLS,103,0.0004498190503809951
3,UPFC_tsh,5-15,-0.22665902020373518,44,-0.2266328116375553,WLS,103,2.6208566179880544e-05
4,UPFC_Vse,5-15,0.06055436269976188,44,0.06066135188340235,WLS,103,0.00010698918364046572
5,UPFC_tse,5-15,-2.151111787039111,44,-2.144813432235368,WLS,103,0.006298354803742967
0,x_tcsc,1-14,-0.1382516257154745,45,-0.1383357958634321,WLS,103,8.417014795758515e-05
1,B_svc,2,0.2956484666541229,45,0.29581570606898044,WLS,103,0.00016723941485752292
2,UPFC_Vsh,5-15,1.1068118099108715,45,1.1064113634065675,WLS,103,0.0004004465043039307
3,UPFC_tsh,5-15,-0.2266757411589628,45,-0.2266328116375553,WLS,103,4.292952140749762e-05
4,UPFC_Vse,5-15,0.0607308778742386,45,0.06066135188340235,WLS,103,6.952599083625416e-05
5,UPFC_tse,5-15,-2.150511747458845,45,-2.144813432235368,WLS,103,0.0056983152234768575
0,x_tcsc,1-14,-0.1382523304568769,46,-0.1383357958634321,WLS,103,8.34654065551832e-05
1,B_svc,2,0.29593560839729105,46,0.29581570606898044,WLS,103,0.00011990232831060599
2,UPFC_Vsh,5-15,1.1068966095126085,46,1.1064113634065675,WLS,103,0.00048524610604094853
3,UPFC_tsh,5-15,-0.2266612687674255,46,-0.2266328116375553,WLS,103,2.845712987020743e-05
4,UPFC_Vse,5-15,0.06084300056914913,46,0.06066135188340235,WLS,103,0.00018164868574678528
5,UPFC_tse,5-15,-2.1515264171068713,46,-2.144813432235368,WLS,103,0.006712984871503291
0,x_tcsc,1-14,-0.138257063161346,47,-0.1383357958634321,WLS,103,7.873270208608174e-05
1,B_svc,2,0.29544689756270004,47,0.29581570606898044,WLS,103,0.00036880850628040474
2,UPFC_Vsh,5-15,1.106732393884809,47,1.1064113634065675,WLS,103,0.0003210304782415019
3,UPFC_tsh,5-15,-0.22664027798864572,47,-0.2266328116375553,WLS,103,7.466351090418266e-06
4,UPFC_Vse,5-15,0.06054887392814023,47,0.06066135188340235,WLS,103,0.00011247795526211912
5,UPFC_tse,5-15,-2.1472636317179012,47,-2.144813432235368,WLS,103,0.002450199482533222
0,x_tcsc,1-14,-0.13825209137631625,48,-0.1383357958634321,WLS,103,8.370448711583767e-05
1,B_svc,2,0.2957415871502767,48,0.29581570606898044,WLS,103,7.41189187037361e-05
2,UPFC_Vsh,5-15,1.1068247992790692,48,1.1064113634065675,WLS,103,0.00041343587250164404
3,UPFC_tsh,5-15,-0.226667071091745,48,-0.2266328116375553,WLS,103,3.425945418969456e-05
4,UPFC_Vse,5-15,0.06068467143419964,48,0.06066135188340235,WLS,103,2.3319550797290534e-05
5,UPFC_tse,5-15,-2.1546089920615614,48,-2.144813432235368,WLS,103,0.0097955598261934
0,x_tcsc,1-14,-0.13826877595277937,49,-0.1383357958634321,WLS,103,6.701991065272139e-05
1,B_svc,2,0.2952939787487166,49,0.29581570606898044,WLS,103,0.0005217273202638428
2,UPFC_Vsh,5-15,1.1072199456584406,49,1.1064113634065675,WLS,103,0.0008085822518730801
3,UPFC_tsh,5-15,-0.226603935111364,49,-0.2266328116375553,WLS,103,2.8876526191295993e-05
4,UPFC_Vse,5-15,0.06068709533242641,49,0.06066135188340235,WLS,103,2.574344902406267e-05
5,UPFC_tse,5-15,-2.1549224574020056,49,-2.144813432235368,WLS,103,0.010109025166637586
0,x_tcsc,1-14,-0.138242020366058,50,-0.1383357958634321,WLS,103,9.377549737407676e-05
1,B_svc,2,0.2954889553624599,50,0.29581570606898044,WLS,103,0.00032675070652055105
2,UPFC_Vsh,5-15,1.1071587628746393,50,1.1064113634065675,WLS,103,0.0007473994680717855
3,UPFC_tsh,5-15,-0.22662742373497394,50,-0.2266328116375553,WLS,103,5.387902581366344e-06
4,UPFC_Vse,5-15,0.06057981371446893,50,0.06066135188340235,WLS,103,8.153816893341492e-05
5,UPFC_tse,5-15,-2.1518259644113042,50,-2.144813432235368,WLS,103,0.007012532175936226
0,x_tcsc,1-14,-0.13825426144648006,51,-0.1383357958634321,WLS,103,8.153441695202268e-05
1,B_svc,2,0.2956243483680303,51,0.29581570606898044,WLS,103,0.00019135770095013438
2,UPFC_Vsh,5-15,1.1065348779167419,51,1.1064113634065675,WLS,103,0.00012351451017433845
3,UPFC_tsh,5-15,-0.22664392593889865,51,-0.2266328116375553,WLS,103,1.1114301343345678e-05
4,UPFC_Vse,5-15,0.06067058117123628,51,0.06066135188340235,WLS,103,9.229287833936728e-06
5,UPFC_tse,5-15,-2.1498949083992507,51,-2.144813432235368,WLS,103,0.005081476163882659
0,x_tcsc,1-14,-0.13826784930286318,52,-0.1383357958634321,WLS,103,6.794656056891002e-05
1,B_svc,2,0.295956740045162,52,0.29581570606898044,WLS,103,0.00014103397618153712
2,UPFC_Vsh,5-15,1.1069256191681922,52,1.1064113634065675,WLS,103,0.0005142557616246712
3,UPFC_tsh,5-15,-0.22661678321301995,52,-0.2266328116375553,WLS,103,1.602842453535258e-05
4,UPFC_Vse,5-15,0.06065098307764321,52,0.06066135188340235,WLS,103,1.0368805759136679e-05
5,UPFC_tse,5-15,-2.1504604470335247,52,-2.144813432235368,WLS,103,0.005647014798156658
0,x_tcsc,1-14,-0.13823111665497537,53,-0.1383357958634321,WLS,103,0.00010467920845672052
1,B_svc,2,0.2958822786764033,53,0.29581570606898044,WLS,103,6.657260742287674e-05
2,UPFC_Vsh,5-15,1.1072429010686091,53,1.1064113634065675,WLS,103,0.0008315376620415815
3,UPFC_tsh,5-15,-0.2265623475722476,53,-0.2266328116375553,WLS,103,7.0464065307696e-05
4,UPFC_Vse,5-15,0.06071464700866945,53,0.06066135188340235,WLS,103,5.329512526710406e-05
5,UPFC_tse,5-15,-2.148321880896284,53,-2.144813432235368,WLS,103,0.0035084486609160415
0,x_tcsc,1-14,-0.1382502825789356,54,-0.1383357958634321,WLS,103,8.55132844964912e-05
1,B_svc,2,0.29588178921759306,54,0.29581570606898044,WLS,103,6.608314861261677e-05
2,UPFC_Vsh,5-15,1.1068717699624988,54,1.1064113634065675,WLS,103,0.0004604065559312698
3,UPFC_tsh,5-15,-0.22667336299423985,54,-0.2266328116375553,WLS,103,4.0551356684542794e-05
4,UPFC_Vse,5-15,0.061006193327503,54,0.06066135188340235,WLS,103,0.0003448414441006506
5,UPFC_tse,5-15,-2.1515312046059254,54,-2.144813432235368,WLS,103,0.006717772370557373
0,x_tcsc,1-14,-0.13825773238050634,55,-0.1383357958634321,WLS,103,7.806348292574428e-05
1,B_svc,2,0.29624309586344416,55,0.29581570606898044,WLS,103,0.0004273897944637173
2,UPFC_Vsh,5-15,1.106780936076049,55,1.1064113634065675,WLS,103,0.00036957266948145495
3,UPFC_tsh,5-15,-0.2266312802653426,55,-0.2266328116375553,WLS,103,1.531372212704163e-06
4,UPFC_Vse,5-15,0.060775218712012864,55,0.06066135188340235,WLS,103,0.00011386682861051767
5,UPFC_tse,5-15,-2.1533239384402805,55,-2.144813432235368,WLS,103,0.00851050620491245
0,x_tcsc,1-14,-0.13824386576208078,56,-0.1383357958634321,WLS,103,9.19301013513063e-05
1,B_svc,2,0.29577440706872304,56,0.29581570606898044,WLS,103,4.1299000257399854e-05
2,UPFC_Vsh,5-15,1.1067340615919632,56,1.1064113634065675,WLS,103,0.0003226981853956534
3,UPFC_tsh,5-15,-0.2266300612228306,56,-0.2266328116375553,WLS,103,2.7504147246948385e-06
4,UPFC_Vse,5-15,0.06073911248455658,56,0.06066135188340235,WLS,103,7.776060115423367e-05
5,UPFC_tse,5-15,-2.150778139781164,56,-2.144813432235368,WLS,103,0.005964707545795811
0,x_tcsc,1-14,-0.13823366973683573,57,-0.1383357958634321,WLS,103,0.00010212612659635245
1,B_svc,2,0.2954045101012041,57,0.29581570606898044,WLS,103,0.0004111959677763344
2,UPFC_Vsh,5-15,1.1069902788052668,57,1.1064113634065675,WLS,103,0.0005789153986992535
3,UPFC_tsh,5-15,-0.22663854753786775,57,-0.2266328116375553,WLS,103,5.735900312442421e-06
4,UPFC_Vse,5-15,0.06031289579553421,57,0.06066135188340235,WLS,103,0.00034845608786813337
5,UPFC_tse,5-15,-2.1528331604575257,57,-2.144813432235368,WLS,103,0.008019728222157685
0,x_tcsc,1-14,-0.13827188958615969,58,-0.1383357958634321,WLS,103,6.390627727240195e-05
1,B_svc,2,0.2955306872329216,58,0.29581570606898044,WLS,103,0.000285018836058859
2,UPFC_Vsh,5-15,1.1068688288614466,58,1.1064113634065675,WLS,103,0.0004574654548790136
3,UPFC_tsh,5-15,-0.22666931661969406,58,-0.2266328116375553,WLS,103,3.6504982138751974e-05
4,UPFC_Vse,5-15,0.0606931355332356,58,0.06066135188340235,WLS,103,3.1783649833250216e-05
5,UPFC_tse,5-15,-2.1501587014858434,58,-2.144813432235368,WLS,103,0.005345269250475404
0,x_tcsc,1-14,-0.13825621440825336,59,-0.1383357958634321,WLS,103,7.958145517872328e-05
1,B_svc,2,0.29521480337548833,59,0.29581570606898044,WLS,103,0.0006009026934921113
2,UPFC_Vsh,5-15,1.1067191174147264,59,1.1064113634065675,WLS,103,0.0003077540081588559
3,UPFC_tsh,5-15,-0.22664761253648236,59,-0.2266328116375553,WLS,103,1.4800898927053163e-05
4,UPFC_Vse,5-15,0.06082792987051966,59,0.06066135188340235,WLS,103,0.0001665779871173126
5,UPFC_tse,5-15,-2.1520616838570468,59,-2.144813432235368,WLS,103,0.007248251621678747
0,x_tcsc,1-14,-0.1382686053540699,60,-0.1383357958634321,WLS,103,6.719050936218607e-05
1,B_svc,2,0.2960626617625717,60,0.29581570606898044,WLS,103,0.00024695569359123315
2,UPFC_Vsh,5-15,1.1071607688118952,60,1.1064113634065675,WLS,103,0.0007494054053276411
3,UPFC_tsh,5-15,-0.22668419249154814,60,-0.2266328116375553,WLS,103,5.138085399283843e-05
4,UPFC_Vse,5-15,0.06072574106150283,60,0.06066135188340235,WLS,103,6.438917810048378e-05
5,UPFC_tse,5-15,-2.151705093393474,60,-2.144813432235368,WLS,103,0.006891661158106022
0,x_tcsc,1-14,-0.1382460500156766,61,-0.1383357958634321,WLS,103,8.974584775547911e-05
1,B_svc,2,0.29596833108223886,61,0.29581570606898044,WLS,103,0.0001526250132584117
2,UPFC_Vsh,5-15,1.107086238020968,61,1.1064113634065675,WLS,103,0.0006748746144005224
3,UPFC_tsh,5-15,-0.22665282308921694,61,-0.2266328116375553,WLS,103,2.001145166163898e-05
4,UPFC_Vse,5-15,0.06066080531995608,61,0.06066135188340235,WLS,103,5.46563446265913e-07
5,UPFC_tse,5-15,-2.150932364171825,61,-2.144813432235368,WLS,103,0.006118931936457184
0,x_tcsc,1-14,-0.13826474948978756,62,-0.1383357958634321,WLS,103,7.104637364452326e-05
1,B_svc,2,0.2958461390968859,62,0.29581570606898044,WLS,103,3.0433027905452104e-05
2,UPFC_Vsh,5-15,1.1065725685593868,62,1.1064113634065675,WLS,103,0.00016120515281925485
3,UPFC_tsh,5-15,-0.22665932339330425,62,-0.2266328116375553,WLS,103,2.651175574894249e-05
4,UPFC_Vse,5-15,0.06021947211041436,62,0.06066135188340235,WLS,103,0.0004418797729879853
5,UPFC_tse,5-15,-2.152479578750501,62,-2.144813432235368,WLS,103,0.007666146515132866
0,x_tcsc,1-14,-0.13823305120089127,63,-0.1383357958634321,WLS,103,0.00010274466254081571
1,B_svc,2,0.2958574594760443,63,0.29581570606898044,WLS,103,4.1753407063860326e-05
2,UPFC_Vsh,5-15,1.106994902124955,63,1.1064113634065675,WLS,103,0.0005835387183874552
3,UPFC_tsh,5-15,-0.22666962206810753,63,-0.2266328116375553,WLS,103,3.681043055223099e-05
4,UPFC_Vse,5-15,0.060105548453170086,63,0.06066135188340235,WLS,103,0.0005558034302322601
5,UPFC_tse,5-15,-2.15279516599436,63,-2.144813432235368,WLS,103,0.007981733758991805
0,x_tcsc,1-14,-0.13824857428208986,64,-0.1383357958634321,WLS,103,8.72215813422228e-05
1,B_svc,2,0.2954815726370235,64,0.29581570606898044,WLS,103,0.0003341334319569289
2,UPFC_Vsh,5-15,1.1068997925538868,64,1.1064113634065675,WLS,103,0.0004884291473192803
3,UPFC_tsh,5-15,-0.2266367188231921,64,-0.2266328116375553,WLS,103,3.907185636808919e-06
4,UPFC_Vse,5-15,0.0607225725618673,64,0.06066135188340235,WLS,103,6.12206784649516e-05
5,UPFC_tse,5-15,-2.1476453928664436,64,-2.144813432235368,WLS,103,0.002831960631075603
0,x_tcsc,1-14,-0.13823846848578142,65,-0.1383357958634321,WLS,103,9.73273776506689e-05
1,B_svc,2,0.2956594418167793,65,0.29581570606898044,WLS,103,0.0001562642522011659
2,UPFC_Vsh,5-15,1.1069221341958897,65,1.1064113634065675,WLS,103,0.0005107707893221569
3,UPFC_tsh,5-15,-0.2266957856288749,65,-0.2266328116375553,WLS,103,6.297399131960368e-05
4,UPFC_Vse,5-15,0.06079578251015303,65,0.06066135188340235,WLS,103,0.00013443062675068396
5,UPFC_tse,5-15,-2.149665507062147,65,-2.144813432235368,WLS,103,0.004852074826779074
0,x_tcsc,1-14,-0.13823793663235087,66,-0.1383357958634321,WLS,103,9.785923108121541e-05
1,B_svc,2,0.2958424054798704,66,0.29581570606898044,WLS,103,2.669941088995209e-05
2,UPFC_Vsh,5-15,1.1069253924994085,66,1.1064113634065675,WLS,103,0.0005140290928409286
3,UPFC_tsh,5-15,-0.2266564459646398,66,-0.2266328116375553,WLS,103,2.363432708449298e-05
4,UPFC_Vse,5-15,0.06076638405309501,66,0.06066135188340235,WLS,103,0.00010503216969266066
5,UPFC_tse,5-15,-2.1491217807329477,66,-2.144813432235368,WLS,103,0.0043083484975796615
0,x_tcsc,1-14,-0.13825698549435705,67,-0.1383357958634321,WLS,103,7.881036907503303e-05
1,B_svc,2,0.29576544355022755,67,0.29581570606898044,WLS,103,5.026251875289711e-05
2,UPFC_Vsh,5-15,1.1070763250564561,67,1.1064113634065675,WLS,103,0.0006649616498886068
3,UPFC_tsh,5-15,-0.2266448922827659,67,-0.2266328116375553,WLS,103,1.2080645210604812e-05
4,UPFC_Vse,5-15,0.060806994461189416,67,0.06066135188340235,WLS,103,0.00014564257778706957
5,UPFC_tse,5-15,-2.1498470148463245,67,-2.144813432235368,WLS,103,0.005033582610956433
0,x_tcsc,1-14,-0.13825517520591163,68,-0.1383357958634321,WLS,103,8.062065752045822e-05
1,B_svc,2,0.2960569876628118,68,0.29581570606898044,WLS,103,0.00024128159383135506
2,UPFC_Vsh,5-15,1.1067849406038364,68,1.1064113634065675,WLS,103,0.0003735771972688262
3,UPFC_tsh,5-15,-0.2266402080622939,68,-0.2266328116375553,WLS,103,7.396424738598251e-06
4,UPFC_Vse,5-15,0.0608495143013581,68,0.06066135188340235,WLS,103,0.000188162417955752
5,UPFC_tse,5-15,-2.151219383286383,68,-2.144813432235368,WLS,103,0.006405951051014824
0,x_tcsc,1-14,-0.1382462295159942,69,-0.1383357958634321,WLS,103,8.956634743789715e-05
1,B_svc,2,0.2961547593684019,69,0.29581570606898044,WLS,103,0.00033905329942146567
2,UPFC_Vsh,5-15,1.1070277880125423,69,1.1064113634065675,WLS,103,0.0006164246059747747
3,UPFC_tsh,5-15,-0.22665935634729395,69,-0.2266328116375553,WLS,103,2.65447097386462e-05
4,UPFC_Vse,5-15,0.06019363999056596,69,0.06066135188340235,WLS,103,0.0004677118928363838
5,UPFC_tse,5-15,-2.155686664473791,69,-2.144813432235368,WLS,103,0.010873232238422847
0,x_tcsc,1-14,-0.1382531954340503,70,-0.1383357958634321,WLS,103,8.260042938179613e-05
1,B_svc,2,0.2960920775809132,70,0.29581570606898044,WLS,103,0.00027637151193277143
2,UPFC_Vsh,5-15,1.10722268043643,70,1.1064113634065675,WLS,103,0.0008113170298624794
3,UPFC_tsh,5-15,-0.22658123743376485,70,-0.2266328116375553,WLS,103,5.157420379045541e-05
4,UPFC_Vse,5-15,0.06056732151599141,70,0.06066135188340235,WLS,103,9.40303674109369e-05
5,UPFC_tse,5-15,-2.150399626062587,70,-2.144813432235368,WLS,103,0.0055861938272188105
0,x_tcsc,1-14,-0.1382494842755197,71,-0.1383357958634321,WLS,103,8.631158791239102e-05
1,B_svc,2,0.29559902088941403,71,0.29581570606898044,WLS,103,0.00021668517956641153
2,UPFC_Vsh,5-15,1.106907526304572,71,1.1064113634065675,WLS,103,0.0004961628980044708
3,UPFC_tsh,5-15,-0.22662625987367468,71,-0.2266328116375553,WLS,103,6.551763880618955e-06
4,UPFC_Vse,5-15,0.06004748724879581,71,0.06066135188340235,WLS,103,0.0006138646346065396
5,UPFC_tse,5-15,-2.1543456040355156,71,-2.144813432235368,WLS,103,0.009532171800147538
0,x_tcsc,1-14,-0.13825502345039406,72,-0.1383357958634321,WLS,103,8.077241303802718e-05
1,B_svc,2,0.2955036014792489,72,0.29581570606898044,WLS,103,0.0003121045897315211
2,UPFC_Vsh,5-15,1.106798258187432,72,1.1064113634065675,WLS,103,0.0003868947808645107
3,UPFC_tsh,5-15,-0.22669387058492926,72,-0.2266328116375553,WLS,103,6.105894737395978e-05
4,UPFC_Vse,5-15,0.06054704413459792,72,0.06066135188340235,WLS,103,0.00011430774880442918
5,UPFC_tse,5-15,-2.15148325378946,72,-2.144813432235368,WLS,103,0.006669821554091904
0,x_tcsc,1-14,-0.13826266440240614,73,-0.1383357958634321,WLS,103,7.31314610259437e-05
1,B_svc,2,0.2954939277627194,73,0.29581570606898044,WLS,103,0.00032177830626106685
2,UPFC_Vsh,5-15,1.1067148160531286,73,1.1064113634065675,WLS,103,0.0003034526465610643
3,UPFC_tsh,5-15,-0.2266613410904622,73,-0.2266328116375553,WLS,103,2.8529452906905783e-05
4,UPFC_Vse,5-15,0.06078609802808118,73,0.06066135188340235,WLS,103,0.00012474614467883338
5,UPFC_tse,5-15,-2.150709602420439,73,-2.144813432235368,WLS,103,0.005896170185070826
0,x_tcsc,1-14,-0.13824660218803553,74,-0.1383357958634321,WLS,103,8.919367539655942e-05
1,B_svc,2,0.29547631192048746,74,0.29581570606898044,WLS,103,0.00033939414849298855
2,UPFC_Vsh,5-15,1.1068580488775617,74,1.1064113634065675,WLS,103,0.0004466854709941348
3,UPFC_tsh,5-15,-0.22664259670771703,74,-0.2266328116375553,WLS,103,9.78507016172192e-06
4,UPFC_Vse,5-15,0.06079409875343005,74,0.06066135188340235,WLS,103,0.0001327468700277057
5,UPFC_tse,5-15,-2.149044812022662,74,-2.144813432235368,WLS,103,0.004231379787293932
0,x_tcsc,1-14,-0.13825856824523258,75,-0.1383357958634321,WLS,103,7.722761819950463e-05
1,B_svc,2,0.2962214227657885,75,0.29581570606898044,WLS,103,0.0004057166968080561
2,UPFC_Vsh,5-15,1.1066097268167914,75,1.1064113634065675,WLS,103,0.00019836341022383408
3,UPFC_tsh,5-15,-0.22661912803694834,75,-0.2266328116375553,WLS,103,1.3683600606967383e-05
4,UPFC_Vse,5-15,0.0605984490503955,75,0.06066135188340235,WLS,103,6.290283300684762e-05
5,UPFC_tse,5-15,-2.1527078738549257,75,-2.144813432235368,WLS,103,0.007894441619557657
0,x_tcsc,1-14,-0.13826373000985104,76,-0.1383357958634321,WLS,103,7.206585358104922e-05
1,B_svc,2,0.2959661833087003,76,0.29581570606898044,WLS,103,0.00015047723971983729
2,UPFC_Vsh,5-15,1.1070496689588363,76,1.1064113634065675,WLS,103,0.0006383055522687364
3,UPFC_tsh,5-15,-0.2266977898548133,76,-0.2266328116375553,WLS,103,6.49782172579827e-05
4,UPFC_Vse,5-15,0.06102160426795036,76,0.06066135188340235,WLS,103,0.00036025238454801684
5,UPFC_tse,5-15,-2.1516057997978857,76,-2.144813432235368,WLS,103,0.006792367562517665
0,x_tcsc,1-14,-0.1382716566954559,77,-0.1383357958634321,WLS,103,6.413916797617936e-05
1,B_svc,2,0.2957979136229864,77,0.29581570606898044,WLS,103,1.7792445994035955e-05
2,UPFC_Vsh,5-15,1.1067721335393097,77,1.1064113634065675,WLS,103,0.00036077013274216085
3,UPFC_tsh,5-15,-0.2266574698174376,77,-0.2266328116375553,WLS,103,2.465817988228647e-05
4,UPFC_Vse,5-15,0.060786035366937156,77,0.06066135188340235,WLS,103,0.00012468348353480985
5,UPFC_tse,5-15,-2.1552432669897086,77,-2.144813432235368,WLS,103,0.010429834754340561
0,x_tcsc,1-14,-0.13823296644430633,78,-0.1383357958634321,WLS,103,0.0001028294191257606
1,B_svc,2,0.29547991386932726,78,0.29581570606898044,WLS,103,0.0003357921996531843
2,UPFC_Vsh,5-15,1.1071110735435463,78,1.1064113634065675,WLS,103,0.0006997101369787817
3,UPFC_tsh,5-15,-0.2266476989092597,78,-0.2266328116375553,WLS,103,1.4887271704400185e-05
4,UPFC_Vse,5-15,0.06050959274189613,78,0.06066135188340235,WLS,103,0.00015175914150621778
5,UPFC_tse,5-15,-2.1531040944645223,78,-2.144813432235368,WLS,103,0.00829066222915431
0,x_tcsc,1-14,-0.1382552538857718,79,-0.1383357958634321,WLS,103,8.05419776602756e-05
1,B_svc,2,0.29579364382667006,79,0.29581570606898044,WLS,103,2.206224231038334e-05
2,UPFC_Vsh,5-15,1.107005318516188,79,1.1064113634065675,WLS,103,0.0005939551096205697
3,UPFC_tsh,5-15,-0.22665094536643354,79,-0.2266328116375553,WLS,103,1.8133728878239053e-05
4,UPFC_Vse,5-15,0.060331000323981795,79,0.06066135188340235,WLS,103,0.0003303515594205511
5,UPFC_tse,5-15,-2.1550485661922085,79,-2.144813432235368,WLS,103,0.010235133956840503
0,x_tcsc,1-14,-0.13824014157313166,80,-0.1383357958634321,WLS,103,9.565429030042316e-05
1,B_svc,2,0.29538971037138784,80,0.29581570606898044,WLS,103,0.00042599569759260714
2,UPFC_Vsh,5-15,1.1069201754379938,80,1.1064113634065675,WLS,103,0.0005088120314262756
3,UPFC_tsh,5-15,-0.22659053397308135,80,-0.2266328116375553,WLS,103,4.227766447395531e-05
4,UPFC_Vse,5-15,0.06043181781794586,80,0.06066135188340235,WLS,103,0.00022953406545648397
5,UPFC_tse,5-15,-2.1536171784302933,80,-2.144813432235368,WLS,103,0.0088037461949253
0,x_tcsc,1-14,-0.13825878448334702,81,-0.1383357958634321,WLS,103,7.701138008506248e-05
1,B_svc,2,0.2952341702732793,81,0.29581570606898044,WLS,103,0.000581535795701138
2,UPFC_Vsh,5-15,1.107002051189209,81,1.1064113634065675,WLS,103,0.0005906877826413748
3,UPFC_tsh,5-15,-0.22666389443595086,81,-0.2266328116375553,WLS,103,3.108279839555972e-05
4,UPFC_Vse,5-15,0.06099971684127847,81,0.06066135188340235,WLS,103,0.00033836495787612636
5,UPFC_tse,5-15,-2.15031472906984,81,-2.144813432235368,WLS,103,0.005501296834471869
0,x_tcsc,1-14,-0.13826533153713214,82,-0.1383357958634321,WLS,103,7.046432629995159e-05
1,B_svc,2,0.2955224772916071,82,0.29581570606898044,WLS,103,0.0002932287773733666
2,UPFC_Vsh,5-15,1.1070922377220545,82,1.1064113634065675,WLS,103,0.0006808743154869124
3,UPFC_tsh,5-15,-0.22657556386003572,82,-0.2266328116375553,WLS,103,5.724777751958676e-05
4,UPFC_Vse,5-15,0.060299146242718704,82,0.06066135188340235,WLS,103,0.0003622056406836424
5,UPFC_tse,5-15,-2.1513189042785403,82,-2.144813432235368,WLS,103,0.006505472043172311
0,x_tcsc,1-14,-0.13824334283105447,83,-0.1383357958634321,WLS,103,9.24530323776207e-05
1,B_svc,2,0.2958213802466802,83,0.29581570606898044,WLS,103,5.674177699754868e-06
2,UPFC_Vsh,5-15,1.1070455353552027,83,1.1064113634065675,WLS,103,0.0006341719486351316
3,UPFC_tsh,5-15,-0.22670612369682658,83,-0.2266328116375553,WLS,103,7.331205927127438e-05
4,UPFC_Vse,5-15,0.06077863952227468,83,0.06066135188340235,WLS,103,0.00011728763887233068
5,UPFC_tse,5-15,-2.1520251753311324,83,-2.144813432235368,WLS,103,0.007211743095764334
0,x_tcsc,1-14,-0.13826765981211359,84,-0.1383357958634321,WLS,103,6.813605131850142e-05
1,B_svc,2,0.29589876318227926,84,0.29581570606898044,WLS,103,8.305711329881227e-05
2,UPFC_Vsh,5-15,1.1069117825066304,84,1.1064113634065675,WLS,103,0.0005004191000628211
3,UPFC_tsh,5-15,-0.22664057082504696,84,-0.2266328116375553,WLS,103,7.75918749165716e-06
4,UPFC_Vse,5-15,0.06056540467952736,84,0.06066135188340235,WLS,103,9.594720387498534e-05
5,UPFC_tse,5-15,-2.1508821080880196,84,-2.144813432235368,WLS,103,0.006068675852651584
0,x_tcsc,1-14,-0.13826222149747877,85,-0.1383357958634321,WLS,103,7.357436595331612e-05
1,B_svc,2,0.2955398467468607,85,0.29581570606898044,WLS,103,0.0002758593221197647
2,UPFC_Vsh,5-15,1.1065728184719756,85,1.1064113634065675,WLS,103,0.0001614550654081004
3,UPFC_tsh,5-15,-0.22664751389819665,85,-0.2266328116375553,WLS,103,1.4702260641347165e-05
4,UPFC_Vse,5-15,0.0606830704428812,85,0.06066135188340235,WLS,103,2.1718559478856037e-05
5,UPFC_tse,5-15,-2.1508973219595684,85,-2.144813432235368,WLS,103,0.006083889724200375
0,x_tcsc,1-14,-0.1382655601695195,86,-0.1383357958634321,WLS,103,7.023569391259588e-05
1,B_svc,2,0.29553820610815373,86,0.29581570606898044,WLS,103,0.00027749996082671036
2,UPFC_Vsh,5-15,1.1069476681967683,86,1.1064113634065675,WLS,103,0.0005363047902007256
3,UPFC_tsh,5-15,-0.22660586517318182,86,-0.2266328116375553,WLS,103,2.6946464373484025e-05
4,UPFC_Vse,5-15,0.06094751311307012,86,0.06066135188340235,WLS,103,0.00028616122966777097
5,UPFC_tse,5-15,-2.147545667248641,86,-2.144813432235368,WLS,103,0.002732235013272799
0,x_tcsc,1-14,-0.13825462903237898,87,-0.1383357958634321,WLS,103,8.116683105310885e-05
1,B_svc,2,0.2954207812044135,87,0.29581570606898044,WLS,103,0.00039492486456693676
2,UPFC_Vsh,5-15,1.1067629146764868,87,1.1064113634065675,WLS,103,0.0003515512699192591
3,UPFC_tsh,5-15,-0.22667781276813778,87,-0.2266328116375553,WLS,103,4.500113058247823e-05
4,UPFC_Vse,5-15,0.06081424118717538,87,0.06066135188340235,WLS,103,0.00015288930377303084
5,UPFC_tse,5-15,-2.151756901139149,87,-2.144813432235368,WLS,103,0.006943468903780836
0,x_tcsc,1-14,-0.13824016104024692,88,-0.1383357958634321,WLS,103,9.563482318517003e-05
1,B_svc,2,0.29535570780535686,88,0.29581570606898044,WLS,103,0.0004599982636235844
2,UPFC_Vsh,5-15,1.1069343766231334,88,1.1064113634065675,WLS,103,0.000523013216565893
3,UPFC_tsh,5-15,-0.2266620826868156,88,-0.2266328116375553,WLS,103,2.9271049260287674e-05
4,UPFC_Vse,5-15,0.06007421069234261,88,0.06066135188340235,WLS,103,0.0005871411910597368
5,UPFC_tse,5-15,-2.155816699983026,88,-2.144813432235368,WLS,103,0.011003267747657919
0,x_tcsc,1-14,-0.13825593675988845,89,-0.1383357958634321,WLS,103,7.985910354363357e-05
1,B_svc,2,0.2953651504657599,89,0.29581570606898044,WLS,103,0.0004505556032205482
2,UPFC_Vsh,5-15,1.1072448015531826,89,1.1064113634065675,WLS,103,0.0008334381466150731
3,UPFC_tsh,5-15,-0.22664489548882952,89,-0.2266328116375553,WLS,103,1.2083851274213853e-05
4,UPFC_Vse,5-15,0.06034254205255085,89,0.06066135188340235,WLS,103,0.000318809830851495
5,UPFC_tse,5-15,-2.1538311650473587,89,-2.144813432235368,WLS,103,0.009017732811990697
0,x_tcsc,1-14,-0.1382503347436411,90,-0.1383357958634321,WLS,103,8.546111979099158e-05
1,B_svc,2,0.29608376636129907,90,0.29581570606898044,WLS,103,0.00026806029231862816
2,UPFC_Vsh,5-15,1.106967173220397,90,1.1064113634065675,WLS,103,0.000555809813829411
3,UPFC_tsh,5-15,-0.22663914813723307,90,-0.2266328116375553,WLS,103,6.33649967776706e-06
4,UPFC_Vse,5-15,0.06033830774888596,90,0.06066135188340235,WLS,103,0.00032304413451638564
5,UPFC_tse,5-15,-2.1537166141280912,90,-2.144813432235368,WLS,103,0.008903181892723211
0,x_tcsc,1-14,-0.1382660682648521,91,-0.1383357958634321,WLS,103,6.972759857998279e-05
1,B_svc,2,0.2952616541061453,91,0.29581570606898044,WLS,103,0.0005540519628351448
2,UPFC_Vsh,5-15,1.107024303133964,91,1.1064113634065675,WLS,103,0.0006129397273963999
3,UPFC_tsh,5-15,-0.22659807249901145,91,-0.2266328116375553,WLS,103,3.473913854384891e-05
4,UPFC_Vse,5-15,0.06074983332993442,91,0.06066135188340235,WLS,103,8.848144653207657e-05
5,UPFC_tse,5-15,-2.150045236976411,91,-2.144813432235368,WLS,103,0.0052318047410429
0,x_tcsc,1-14,-0.1382465611969678,92,-0.1383357958634321,WLS,103,8.923466646429401e-05
1,B_svc,2,0.29565905933466624,92,0.29581570606898044,WLS,103,0.00015664673431420306
2,UPFC_Vsh,5-15,1.1069855509631945,92,1.1064113634065675,WLS,103,0.0005741875566269705
3,UPFC_tsh,5-15,-0.22665006358706963,92,-0.2266328116375553,WLS,103,1.7251949514324183e-05
4,UPFC_Vse,5-15,0.060745312087441,92,0.06066135188340235,WLS,103,8.3960204038655e-05
5,UPFC_tse,5-15,-2.15043702844807,92,-2.144813432235368,WLS,103,0.005623596212701809
0,x_tcsc,1-14,-0.1382563427777629,93,-0.1383357958634321,WLS,103,7.945308566920106e-05
1,B_svc,2,0.29523362932821007,93,0.29581570606898044,WLS,103,0.0005820767407703764
2,UPFC_Vsh,5-15,1.1067972601853324,93,1.1064113634065675,WLS,103,0.0003858967787648826
3,UPFC_tsh,5-15,-0.22662243377371444,93,-0.2266328116375553,WLS,103,1.0377863840865809e-05
4,UPFC_Vse,5-15,0.06098507227257891,93,0.06066135188340235,WLS,103,0.00032372038917656554
5,UPFC_tse,5-15,-2.1508760464132997,93,-2.144813432235368,WLS,103,0.006062614177931636
0,x_tcsc,1-14,-0.13824303039567526,94,-0.1383357958634321,WLS,103,9.276546775682792e-05
1,B_svc,2,0.29529601483207124,94,0.29581570606898044,WLS,103,0.0005196912369092033
2,UPFC_Vsh,5-15,1.1069292162444284,94,1.1064113634065675,WLS,103,0.0005178528378608771
3,UPFC_tsh,5-15,-0.2266308163284312,94,-0.2266328116375553,WLS,103,1.9953091240920706e-06
4,UPFC_Vse,5-15,0.060094155711772304,94,0.06066135188340235,WLS,103,0.0005671961716300425
5,UPFC_tse,5-15,-2.151798661574785,94,-2.144813432235368,WLS,103,0.006985229339417032
0,x_tcsc,1-14,-0.13827393472782817,95,-0.1383357958634321,WLS,103,6.186113560391338e-05
1,B_svc,2,0.295847538282201,95,0.29581570606898044,WLS,103,3.1832213220561734e-05
2,UPFC_Vsh,5-15,1.1069877693275396,95,1.1064113634065675,WLS,103,0.0005764059209720784
3,UPFC_tsh,5-15,-0.22663428018323395,95,-0.2266328116375553,WLS,103,1.4685456786456275e-06
4,UPFC_Vse,5-15,0.06051649887623747,95,0.06066135188340235,WLS,103,0.0001448530071648732
5,UPFC_tse,5-15,-2.150297562946685,95,-2.144813432235368,WLS,103,0.005484130711316926
0,x_tcsc,1-14,-0.13825860830120174,96,-0.1383357958634321,WLS,103,7.718756223035195e-05
1,B_svc,2,0.2962635595985357,96,0.29581570606898044,WLS,103,0.00044785352955523106
2,UPFC_Vsh,5-15,1.1067632892718384,96,1.1064113634065675,WLS,103,0.00035192586527088565
3,UPFC_tsh,5-15,-0.22661867429230315,96,-0.2266328116375553,WLS,103,1.4137345252157596e-05
4,UPFC_Vse,5-15,0.060524803226013446,96,0.06066135188340235,WLS,103,0.00013654865738890049
5,UPFC_tse,5-15,-2.1529222838729116,96,-2.144813432235368,WLS,103,0.008108851637543601
0,x_tcsc,1-14,-0.13825183040733605,97,-0.1383357958634321,WLS,103,8.396545609604122e-05
1,B_svc,2,0.295865198959755,97,0.29581570606898044,WLS,103,4.949289077454955e-05
2,UPFC_Vsh,5-15,1.1066438622056693,97,1.1064113634065675,WLS,103,0.00023249879910181015
3,UPFC_tsh,5-15,-0.2266178507968207,97,-0.2266328116375553,WLS,103,1.4960840734601355e-05
4,UPFC_Vse,5-15,0.06026194761649613,97,0.06066135188340235,WLS,103,0.0003994042669062184
5,UPFC_tse,5-15,-2.151944618537433,97,-2.144813432235368,WLS,103,0.007131186302065107
0,x_tcsc,1-14,-0.13824850187655258,98,-0.1383357958634321,WLS,103,8.729398687951084e-05
1,B_svc,2,0.2957743874575553,98,0.29581570606898044,WLS,103,4.1318611425145146e-05
2,UPFC_Vsh,5-15,1.1071362976646075,98,1.1064113634065675,WLS,103,0.0007249342580399887
3,UPFC_tsh,5-15,-0.22661807265517234,98,-0.2266328116375553,WLS,103,1.4738982382966892e-05
4,UPFC_Vse,5-15,0.060461451984705705,98,0.06066135188340235,WLS,103,0.00019989989869664132
5,UPFC_tse,5-15,-2.154091592850094,98,-2.144813432235368,WLS,103,0.009278160614726083
0,x_tcsc,1-14,-0.13824447039216045,99,-0.1383357958634321,WLS,103,9.132547127163604e-05
1,B_svc,2,0.29566542867566176,99,0.29581570606898044,WLS,103,0.0001502773933186874
2,UPFC_Vsh,5-15,1.1068408487162582,99,1.1064113634065675,WLS,103,0.0004294853096906692
3,UPFC_tsh,5-15,-0.2266637365996978,99,-0.2266328116375553,WLS,103,3.0924962142492296e-05
4,UPFC_Vse,5-15,0.060797211362973246,99,0.06066135188340235,WLS,103,0.00013585947957089894
5,UPFC_tse,5-15,-2.151996649269274,99,-2.144813432235368,WLS,103,0.007183217033905898
0,x_tcsc,1-14,-0.1388166205447032,0,-0.1389065981423208,WLS,105,8.997759761758539e-05
1,B_svc,2,0.29848274799366625,0,0.2986171371240459,WLS,105,0.00013438913037966405
2,UPFC_Vsh,5-15,1.107085111554142,0,1.105798506802651,WLS,105,0.001286604751491005
3,UPFC_tsh,5-15,-0.22618531187825142,0,-0.2262354727467334,WLS,105,5.016086848197432e-05
4,UPFC_Vse,5-15,0.06033959083762038,0,0.06078399023278652,WLS,105,0.00044439939516614096
5,UPFC_tse,5-15,-2.1574553529252456,0,-2.150275100586329,WLS,105,0.007180252338916393
0,x_tcsc,1-14,-0.13882459364137775,1,-0.1389065981423208,WLS,105,8.200450094303369e-05
1,B_svc,2,0.2986763930284237,1,0.2986171371240459,WLS,105,5.925590437777517e-05
2,UPFC_Vsh,5-15,1.1068695688325227,1,1.105798506802651,WLS,105,0.0010710620298717277
3,UPFC_tsh,5-15,-0.22620617569805784,1,-0.2262354727467334,WLS,105,2.9297048675547277e-05
4,UPFC_Vse,5-15,0.06088550679766656,1,0.06078399023278652,WLS,105,0.00010151656488003452
5,UPFC_tse,5-15,-2.152951309780516,1,-2.150275100586329,WLS,105,0.0026762091941869848
0,x_tcsc,1-14,-0.13882805172051735,2,-0.1389065981423208,WLS,105,7.854642180343818e-05
1,B_svc,2,0.2982476058205312,2,0.2986171371240459,WLS,105,0.0003695313035146919
2,UPFC_Vsh,5-15,1.1066765294284522,2,1.105798506802651,WLS,105,0.000878022625801167
3,UPFC_tsh,5-15,-0.22615409317854496,2,-0.2262354727467334,WLS,105,8.137956818843328e-05
4,UPFC_Vse,5-15,0.06111792829193837,2,0.06078399023278652,WLS,105,0.000333938059151849
5,UPFC_tse,5-15,-2.1494840814622105,2,-2.150275100586329,WLS,105,0.0007910191241187192
0,x_tcsc,1-14,-0.13881673399183908,3,-0.1389065981423208,WLS,105,8.986415048170548e-05
1,B_svc,2,0.2987715923342291,3,0.2986171371240459,WLS,105,0.00015445521018320196
2,UPFC_Vsh,5-15,1.1066794199238412,3,1.105798506802651,WLS,105,0.0008809131211902077
3,UPFC_tsh,5-15,-0.22620923898797213,3,-0.2262354727467334,WLS,105,2.623375876126266e-05
4,UPFC_Vse,5-15,0.060893434026419925,3,0.06078399023278652,WLS,105,0.00010944379363340279
5,UPFC_tse,5-15,-2.15272266771212,3,-2.150275100586329,WLS,105,0.0024475671257908616
0,x_tcsc,1-14,-0.13880938188628783,4,-0.1389065981423208,WLS,105,9.721625603295592e-05
1,B_svc,2,0.29924887212351675,4,0.2986171371240459,WLS,105,0.0006317349994708343
2,UPFC_Vsh,5-15,1.1066121912132552,4,1.105798506802651,WLS,105,0.000813684410604143
3,UPFC_tsh,5-15,-0.22623415544966938,4,-0.2262354727467334,WLS,105,1.3172970640129567e-06
4,UPFC_Vse,5-15,0.060533086256040716,4,0.06078399023278652,WLS,105,0.000250903976745806
5,UPFC_tse,5-15,-2.1547508707133174,4,-2.150275100586329,WLS,105,0.004475770126988188
0,x_tcsc,1-14,-0.13879811525231056,5,-0.1389065981423208,WLS,105,0.00010848289001022526
1,B_svc,2,0.2981903398541808,5,0.2986171371240459,WLS,105,0.000426797269865109
2,UPFC_Vsh,5-15,1.1069650663095763,5,1.105798506802651,WLS,105,0.0011665595069252355
3,UPFC_tsh,5-15,-0.2262136059806141,5,-0.2262354727467334,WLS,105,2.1866766119288394e-05
4,UPFC_Vse,5-15,0.060857729674721875,5,0.06078399023278652,WLS,105,7.373944193535265e-05
5,UPFC_tse,5-15,-2.1533598285814763,5,-2.150275100586329,WLS,105,0.0030847279951471407
0,x_tcsc,1-14,-0.13880081023647128,6,-0.1389065981423208,WLS,105,0.0001057879058495026
1,B_svc,2,0.2984305579758968,6,0.2986171371240459,WLS,105,0.00018657914814912413
2,UPFC_Vsh,5-15,1.107246962840576,6,1.105798506802651,WLS,105,0.0014484560379250944
3,UPFC_tsh,5-15,-0.2262011056605713,6,-0.2262354727467334,WLS,105,3.436708616208484e-05
4,UPFC_Vse,5-15,0.060435279618912235,6,0.06078399023278652,WLS,105,0.0003487106138742868
5,UPFC_tse,5-15,-2.152765813322328,6,-2.150275100586329,WLS,105,0.00249071273599899
0,x_tcsc,1-14,-0.13883162854356815,7,-0.1389065981423208,WLS,105,7.496959875263887e-05
1,B_svc,2,0.29870581949190234,7,0.2986171371240459,WLS,105,8.868236785641859e-05
2,UPFC_Vsh,5-15,1.1067932349293823,7,1.105798506802651,WLS,105,0.0009947281267312924
3,UPFC_tsh,5-15,-0.22617533022604416,7,-0.2262354727467334,WLS,105,6.0142520689226986e-05
4,UPFC_Vse,5-15,0.06069287678454805,7,0.06078399023278652,WLS,105,9.111344823847095e-05
5,UPFC_tse,5-15,-2.1529231742840085,7,-2.150275100586329,WLS,105,0.0026480736976792763
0,x_tcsc,1-14,-0.13881496483690509,8,-0.1389065981423208,WLS,105,9.163330541570036e-05
1,B_svc,2,0.298591975864662,8,0.2986171371240459,WLS,105,2.5161259383899015e-05
2,UPFC_Vsh,5-15,1.1069417079635657,8,1.105798506802651,WLS,105,0.0011432011609147086
3,UPFC_tsh,5-15,-0.22613717014660786,8,-0.2262354727467334,WLS,105,9.830260012552716e-05
4,UPFC_Vse,5-15,0.06048089920904819,8,0.06078399023278652,WLS,105,0.00030309102373832914
5,UPFC_tse,5-15,-2.1527685182656033,8,-2.150275100586329,WLS,105,0.0024934176792741347
0,x_tcsc,1-14,-0.13880199910426805,9,-0.1389065981423208,WLS,105,0.0001045990380527384
1,B_svc,2,0.29833171908106915,9,0.2986171371240459,WLS,105,0.00028541804297677054
2,UPFC_Vsh,5-15,1.1067245465243944,9,1.105798506802651,WLS,105,0.0009260397217434324
3,UPFC_tsh,5-15,-0.22620559263357107,9,-0.2262354727467334,WLS,105,2.9880113162322752e-05
4,UPFC_Vse,5-15,0.06090274482718027,9,0.06078399023278652,WLS,105,0.00011875459439374819
5,UPFC_tse,5-15,-2.1506997787597326,9,-2.150275100586329,WLS,105,0.0004246781734034144
0,x_tcsc,1-14,-0.1387946814039665,10,-0.1389065981423208,WLS,105,0.00011191673835428406
1,B_svc,2,0.29832129433590054,10,0.2986171371240459,WLS,105,0.0002958427881453729
2,UPFC_Vsh,5-15,1.1068957576275358,10,1.105798506802651,WLS,105,0.0010972508248847657
3,UPFC_tsh,5-15,-0.22620770657645062,10,-0.2262354727467334,WLS,105,2.7766170282772507e-05
4,UPFC_Vse,5-15,0.061201406557215066,10,0.06078399023278652,WLS,105,0.00041741632442854337
5,UPFC_tse,5-15,-2.151093053919745,10,-2.150275100586329,WLS,105,0.0008179533334158329
0,x_tcsc,1-14,-0.13881362093623126,11,-0.1389065981423208,WLS,105,9.297720608952842e-05
1,B_svc,2,0.29856548753812273,11,0.2986171371240459,WLS,105,5.1649585923185803e-05
2,UPFC_Vsh,5-15,1.106971491204797,11,1.105798506802651,WLS,105,0.0011729844021459712
3,UPFC_tsh,5-15,-0.22615800445678674,11,-0.2262354727467334,WLS,105,7.746828994664723e-05
4,UPFC_Vse,5-15,0.06058404642868951,11,0.06078399023278652,WLS,105,0.00019994380409701223
5,UPFC_tse,5-15,-2.1496351079781637,11,-2.150275100586329,WLS,105,0.0006399926081654961
0,x_tcsc,1-14,-0.1387975749946849,12,-0.1389065981423208,WLS,105,0.00010902314763588938
1,B_svc,2,0.29802702161268463,12,0.2986171371240459,WLS,105,0.0005901155113612888
2,UPFC_Vsh,5-15,1.1068717086298905,12,1.105798506802651,WLS,105,0.0010732018272394672
3,UPFC_tsh,5-15,-0.22616258907405487,12,-0.2262354727467334,WLS,105,7.28836726785198e-05
4,UPFC_Vse,5-15,0.06113037520442622,12,0.06078399023278652,WLS,105,0.00034638497163969745
5,UPFC_tse,5-15,-2.1468619505410587,12,-2.150275100586329,WLS,105,0.003413150045270541
0,x_tcsc,1-14,-0.13881558716680537,13,-0.1389065981423208,WLS,105,9.101097551542092e-05
1,B_svc,2,0.29851993357677414,13,0.2986171371240459,WLS,105,9.72035472717736e-05
2,UPFC_Vsh,5-15,1.1066207446697809,13,1.105798506802651,WLS,105,0.0008222378671298713
3,UPFC_tsh,5-15,-0.22622419367955504,13,-0.2262354727467334,WLS,105,1.1279067178349145e-05
4,UPFC_Vse,5-15,0.06051798676821983,13,0.06078399023278652,WLS,105,0.00026600346456669144
5,UPFC_tse,5-15,-2.153233581876165,13,-2.150275100586329,WLS,105,0.0029584812898360013
0,x_tcsc,1-14,-0.13879784036163206,14,-0.1389065981423208,WLS,105,0.000108757780688723
1,B_svc,2,0.2988378738420908,14,0.2986171371240459,WLS,105,0.00022073671804490047
2,UPFC_Vsh,5-15,1.106796634485457,14,1.105798506802651,WLS,105,0.0009981276828059382
3,UPFC_tsh,5-15,-0.2262139687276147,14,-0.2262354727467334,WLS,105,2.150401911868438e-05
4,UPFC_Vse,5-15,0.06084690200575593,14,0.06078399023278652,WLS,105,6.291177296940953e-05
5,UPFC_tse,5-15,-2.153354226412769,14,-2.150275100586329,WLS,105,0.003079125826439988
0,x_tcsc,1-14,-0.13880054377862416,15,-0.1389065981423208,WLS,105,0.00010605436369662269
1,B_svc,2,0.29835637760914485,15,0.2986171371240459,WLS,105,0.0002607595149010655
2,UPFC_Vsh,5-15,1.1064929174354097,15,1.105798506802651,WLS,105,0.0006944106327586574
3,UPFC_tsh,5-15,-0.22629782046002306,15,-0.2262354727467334,WLS,105,6.23477132896677e-05
4,UPFC_Vse,5-15,0.060461649850894354,15,0.06078399023278652,WLS,105,0.000322340381892168
5,UPFC_tse,5-15,-2.1519557974807597,15,-2.150275100586329,WLS,105,0.0016806968944305112
0,x_tcsc,1-14,-0.13879616341204568,16,-0.1389065981423208,WLS,105,0.00011043473027511075
1,B_svc,2,0.29880911879262073,16,0.2986171371240459,WLS,105,0.00019198166857481436
2,UPFC_Vsh,5-15,1.1067447137695163,16,1.105798506802651,WLS,105,0.000946206966865315
3,UPFC_tsh,5-15,-0.2261218515528575,16,-0.2262354727467334,WLS,105,0.00011362119387589575
4,UPFC_Vse,5-15,0.06107566027363538,16,0.06078399023278652,WLS,105,0.00029167004084885984
5,UPFC_tse,5-15,-2.153285300082483,16,-2.150275100586329,WLS,105,0.003010199496153998
0,x_tcsc,1-14,-0.1388034513490178,17,-0.1389065981423208,WLS,105,0.00010314679330297727
1,B_svc,2,0.298494041948318,17,0.2986171371240459,WLS,105,0.0001230951757278942
2,UPFC_Vsh,5-15,1.1066347160461558,17,1.105798506802651,WLS,105,0.0008362092435048041
3,UPFC_tsh,5-15,-0.22625380529221734,17,-0.2262354727467334,WLS,105,1.8332545483945584e-05
4,UPFC_Vse,5-15,0.06050322566729656,17,0.06078399023278652,WLS,105,0.0002807645654899632
5,UPFC_tse,5-15,-2.1496251283891485,17,-2.150275100586329,WLS,105,0.0006499721971806594
0,x_tcsc,1-14,-0.13879689726519617,18,-0.1389065981423208,WLS,105,0.0001097008771246133
1,B_svc,2,0.29854854937413594,18,0.2986171371240459,WLS,105,6.858774990997629e-05
2,UPFC_Vsh,5-15,1.106630845257236,18,1.105798506802651,WLS,105,0.0008323384545849688
3,UPFC_tsh,5-15,-0.22621589188355526,18,-0.2262354727467334,WLS,105,1.9580863178131347e-05
4,UPFC_Vse,5-15,0.06060994576838849,18,0.06078399023278652,WLS,105,0.00017404446439803212
5,UPFC_tse,5-15,-2.1528740738202803,18,-2.150275100586329,WLS,105,0.002598973233951085
0,x_tcsc,1-14,-0.1388052723526302,19,-0.1389065981423208,WLS,105,0.00010132578969057615
1,B_svc,2,0.2983273263675028,19,0.2986171371240459,WLS,105,0.0002898107565431074
2,UPFC_Vsh,5-15,1.1066443834998314,19,1.105798506802651,WLS,105,0.0008458766971803922
3,UPFC_tsh,5-15,-0.2262392262620041,19,-0.2262354727467334,WLS,105,3.753515270710217e-06
4,UPFC_Vse,5-15,0.061115901418778804,19,0.06078399023278652,WLS,105,0.0003319111859922813
5,UPFC_tse,5-15,-2.152211028082629,19,-2.150275100586329,WLS,105,0.001935927496299783
0,x_tcsc,1-14,-0.13880602192339714,20,-0.1389065981423208,WLS,105,0.0001005762189236481
1,B_svc,2,0.2984289428412788,20,0.2986171371240459,WLS,105,0.00018819428276711792
2,UPFC_Vsh,5-15,1.106841974362461,20,1.105798506802651,WLS,105,0.0010434675598098853
3,UPFC_tsh,5-15,-0.2262390704690891,20,-0.2262354727467334,WLS,105,3.5977223556971083e-06
4,UPFC_Vse,5-15,0.06062245864901307,20,0.06078399023278652,WLS,105,0.00016153158377345267
5,UPFC_tse,5-15,-2.1558913638916617,20,-2.150275100586329,WLS,105,0.005616263305332492
0,x_tcsc,1-14,-0.13882615789055897,21,-0.1389065981423208,WLS,105,8.044025176182079e-05
1,B_svc,2,0.2983430549872173,21,0.2986171371240459,WLS,105,0.0002740821368286128
2,UPFC_Vsh,5-15,1.1071025636178402,21,1.105798506802651,WLS,105,0.0013040568151891918
3,UPFC_tsh,5-15,-0.22612556867985367,21,-0.2262354727467334,WLS,105,0.00010990406687971799
4,UPFC_Vse,5-15,0.06036268175820004,21,0.06078399023278652,WLS,105,0.0004213084745864834
5,UPFC_tse,5-15,-2.152979350970608,21,-2.150275100586329,WLS,105,0.0027042503842786836
0,x_tcsc,1-14,-0.13880501968169393,22,-0.1389065981423208,WLS,105,0.00010157846062686104
1,B_svc,2,0.2982887685194382,22,0.2986171371240459,WLS,105,0.00032836860460772055
2,UPFC_Vsh,5-15,1.1069220223678276,22,1.105798506802651,WLS,105,0.001123515565176536
3,UPFC_tsh,5-15,-0.22622217167563063,22,-0.2262354727467334,WLS,105,1.3301071102755913e-05
4,UPFC_Vse,5-15,0.060418608334114776,22,0.06078399023278652,WLS,105,0.0003653818986717461
5,UPFC_tse,5-15,-2.1527945206402976,22,-2.150275100586329,WLS,105,0.0025194200539684353
0,x_tcsc,1-14,-0.13880604769406635,23,-0.1389065981423208,WLS,105,0.00010055044825443837
1,B_svc,2,0.2983523447596129,23,0.2986171371240459,WLS,105,0.0002647923644329975
2,UPFC_Vsh,5-15,1.107233343974764,23,1.105798506802651,WLS,105,0.0014348371721129016
3,UPFC_tsh,5-15,-0.22624807917570625,23,-0.2262354727467334,WLS,105,1.2606428972855577e-05
4,UPFC_Vse,5-15,0.060778930915256206,23,0.06078399023278652,WLS,105,5.059317530316243e-06
5,UPFC_tse,5-15,-2.1537813232614056,23,-2.150275100586329,WLS,105,0.003506222675076387
0,x_tcsc,1-14,-0.13881921827730181,24,-0.1389065981423208,WLS,105,8.737986501897166e-05
1,B_svc,2,0.2984191072893247,24,0.2986171371240459,WLS,105,0.00019802983472122504
2,UPFC_Vsh,5-15,1.1069890473714439,24,1.105798506802651,WLS,105,0.0011905405687928639
3,UPFC_tsh,5-15,-0.22617785670543283,24,-0.2262354727467334,WLS,105,5.761604130055664e-05
4,UPFC_Vse,5-15,0.06051982393592855,24,0.06078399023278652,WLS,105,0.00026416629685797194
5,UPFC_tse,5-15,-2.153741739666437,24,-2.150275100586329,WLS,105,0.003466639080107914
0,x_tcsc,1-14,-0.1388252934953718,25,-0.1389065981423208,WLS,105,8.130464694899864e-05
1,B_svc,2,0.2984225511143979,25,0.2986171371240459,WLS,105,0.0001945860096480012
2,UPFC_Vsh,5-15,1.106854763706357,25,1.105798506802651,WLS,105,0.001056256903706032
3,UPFC_tsh,5-15,-0.22625697095951242,25,-0.2262354727467334,WLS,105,2.1498212779025305e-05
4,UPFC_Vse,5-15,0.06081622868753624,25,0.06078399023278652,WLS,105,3.2238454749720924e-05
5,UPFC_tse,5-15,-2.155329307064955,25,-2.150275100586329,WLS,105,0.005054206478625645
0,x_tcsc,1-14,-0.13882246379795393,26,-0.1389065981423208,WLS,105,8.413434436685407e-05
1,B_svc,2,0.2988377174886206,26,0.2986171371240459,WLS,105,0.000220580364574674
2,UPFC_Vsh,5-15,1.107117028492105,26,1.105798506802651,WLS,105,0.0013185216894540108
3,UPFC_tsh,5-15,-0.22619928387500732,26,-0.2262354727467334,WLS,105,3.618887172607277e-05
4,UPFC_Vse,5-15,0.060958309084721135,26,0.06078399023278652,WLS,105,0.00017431885193461283
5,UPFC_tse,5-15,-2.1550043405912866,26,-2.150275100586329,WLS,105,0.004729240004957447
0,x_tcsc,1-14,-0.1388258645456262,27,-0.1389065981423208,WLS,105,8.073359669458213e-05
1,B_svc,2,0.2987817328522993,27,0.2986171371240459,WLS,105,0.00016459572825339164
2,UPFC_Vsh,5-15,1.1068096144634838,27,1.105798506802651,WLS,105,0.0010111076608327885
3,UPFC_tsh,5-15,-0.22621576692024598,27,-0.2262354727467334,WLS,105,1.9705826487415035e-05
4,UPFC_Vse,5-15,0.06092613481574435,27,0.06078399023278652,WLS,105,0.00014214458295782467
5,UPFC_tse,5-15,-2.1527348005871394,27,-2.150275100586329,WLS,105,0.0024597000008101944
0,x_tcsc,1-14,-0.13880883389914342,28,-0.1389065981423208,WLS,105,9.776424317736732e-05
1,B_svc,2,0.29813676312075305,28,0.2986171371240459,WLS,105,0.0004803740032928716
2,UPFC_Vsh,5-15,1.1071414035353446,28,1.105798506802651,WLS,105,0.0013428967326936103
3,UPFC_tsh,5-15,-0.22617806314787472,28,-0.2262354727467334,WLS,105,5.740959885866537e-05
4,UPFC_Vse,5-15,0.060578708455431195,28,0.06078399023278652,WLS,105,0.00020528177735532754
5,UPFC_tse,5-15,-2.1544927528579594,28,-2.150275100586329,WLS,105,0.004217652271630179
0,x_tcsc,1-14,-0.1388009744864821,29,-0.1389065981423208,WLS,105,0.00010562365583868805
1,B_svc,2,0.298068199806627,29,0.2986171371240459,WLS,105,0.0005489373174188961
2,UPFC_Vsh,5-15,1.106716226307789,29,1.105798506802651,WLS,105,0.0009177195051379705
3,UPFC_tsh,5-15,-0.22614018025938715,29,-0.2262354727467334,WLS,105,9.529248734624352e-05
4,UPFC_Vse,5-15,0.06099659680783374,29,0.06078399023278652,WLS,105,0.0002126065750472153
5,UPFC_tse,5-15,-2.1511911271765505,29,-2.150275100586329,WLS,105,0.000916026590221275
0,x_tcsc,1-14,-0.13880840548315607,30,-0.1389065981423208,WLS,105,9.819265916471975e-05
1,B_svc,2,0.29810347008335003,30,0.2986171371240459,WLS,105,0.0005136670406958865
2,UPFC_Vsh,5-15,1.1066936025865033,30,1.105798506802651,WLS,105,0.0008950957838522733
3,UPFC_tsh,5-15,-0.22621674686513113,30,-0.2262354727467334,WLS,105,1.872588160226063e-05
4,UPFC_Vse,5-15,0.060534973368232124,30,0.06078399023278652,WLS,105,0.00024901686455439803
5,UPFC_tse,5-15,-2.1530481716308865,30,-2.150275100586329,WLS,105,0.0027730710445572626
0,x_tcsc,1-14,-0.1387982399486767,31,-0.1389065981423208,WLS,105,0.00010835819364407584
1,B_svc,2,0.29851696107316195,31,0.2986171371240459,WLS,105,0.00010017605088397108
2,UPFC_Vsh,5-15,1.1070934045825656,31,1.105798506802651,WLS,105,0.001294897779914539
3,UPFC_tsh,5-15,-0.2262179417080254,31,-0.2262354727467334,WLS,105,1.7531038707996327e-05
4,UPFC_Vse,5-15,0.060719780579998064,31,0.06078399023278652,WLS,105,6.42096527884578e-05
5,UPFC_tse,5-15,-2.15377372251558,31,-2.150275100586329,WLS,105,0.003498621929250767
0,x_tcsc,1-14,-0.13881503548243085,32,-0.1389065981423208,WLS,105,9.156265988993773e-05
1,B_svc,2,0.29850639791857236,32,0.2986171371240459,WLS,105,0.00011073920547355343
2,UPFC_Vsh,5-15,1.1067304070425459,32,1.105798506802651,WLS,105,0.0009319002398948673
3,UPFC_tsh,5-15,-0.22623846651402066,32,-0.2262354727467334,WLS,105,2.9937672872681897e-06
4,UPFC_Vse,5-15,0.060414275885944155,32,0.06078399023278652,WLS,105,0.0003697143468423675
5,UPFC_tse,5-15,-2.154734144464714,32,-2.150275100586329,WLS,105,0.004459043878384694
0,x_tcsc,1-14,-0.13880130978093744,33,-0.1389065981423208,WLS,105,0.00010528836138334885
1,B_svc,2,0.29868279534345366,33,0.2986171371240459,WLS,105,6.56582194077382e-05
2,UPFC_Vsh,5-15,1.106791682363415,33,1.105798506802651,WLS,105,0.000993175560763948
3,UPFC_tsh,5-15,-0.22623877734046136,33,-0.2262354727467334,WLS,105,3.3045937279652104e-06
4,UPFC_Vse,5-15,0.0606730618115416,33,0.06078399023278652,WLS,105,0.00011092842124492408
5,UPFC_tse,5-15,-2.153133498895191,33,-2.150275100586329,WLS,105,0.002858398308861698
0,x_tcsc,1-14,-0.13879758954480734,34,-0.1389065981423208,WLS,105,0.00010900859751344916
1,B_svc,2,0.29807908128098454,34,0.2986171371240459,WLS,105,0.0005380558430613802
2,UPFC_Vsh,5-15,1.1067215050106711,34,1.105798506802651,WLS,105,0.0009229982080201093
3,UPFC_tsh,5-15,-0.22623053099793153,34,-0.2262354727467334,WLS,105,4.941748801862156e-06
4,UPFC_Vse,5-15,0.0608349496088017,34,0.06078399023278652,WLS,105,5.0959376015180524e-05
5,UPFC_tse,5-15,-2.1529652705188824,34,-2.150275100586329,WLS,105,0.0026901699325532213
0,x_tcsc,1-14,-0.13881592364659492,35,-0.1389065981423208,WLS,105,9.067449572586206e-05
1,B_svc,2,0.2988740211291012,35,0.2986171371240459,WLS,105,0.0002568840050553023
2,UPFC_Vsh,5-15,1.10667496560475,35,1.105798506802651,WLS,105,0.0008764588020990782
3,UPFC_tsh,5-15,-0.2262343845279048,35,-0.2262354727467334,WLS,105,1.0882188285765704e-06
4,UPFC_Vse,5-15,0.0607526423409393,35,0.06078399023278652,WLS,105,3.134789184722209e-05
5,UPFC_tse,5-15,-2.1532914892448773,35,-2.150275100586329,WLS,105,0.0030163886585481414
0,x_tcsc,1-14,-0.13879543021704305,36,-0.1389065981423208,WLS,105,0.00011116792527773867
1,B_svc,2,0.29838166932502086,36,0.2986171371240459,WLS,105,0.00023546779902505754
2,UPFC_Vsh,5-15,1.1068060755353912,36,1.105798506802651,WLS,105,0.001007568732740216
3,UPFC_tsh,5-15,-0.22622269383810892,36,-0.2262354727467334,WLS,105,1.2778908624472285e-05
4,UPFC_Vse,5-15,0.0609188646383779,36,0.06078399023278652,WLS,105,0.00013487440559138003
5,UPFC_tse,5-15,-2.154659928589019,36,-2.150275100586329,WLS,105,0.004384828002689911
0,x_tcsc,1-14,-0.1388212353444529,37,-0.1389065981423208,WLS,105,8.536279786788836e-05
1,B_svc,2,0.29888516341423965,37,0.2986171371240459,WLS,105,0.0002680262901937347
2,UPFC_Vsh,5-15,1.1069964801287493,37,1.105798506802651,WLS,105,0.0011979733260982783
3,UPFC_tsh,5-15,-0.2262008866323037,37,-0.2262354727467334,WLS,105,3.458611442969106e-05
4,UPFC_Vse,5-15,0.05995768506567556,37,0.06078399023278652,WLS,105,0.0008263051671109634
5,UPFC_tse,5-15,-2.1588029126875266,37,-2.150275100586329,WLS,105,0.008527812101197352
0,x_tcsc,1-14,-0.13880302864699778,38,-0.1389065981423208,WLS,105,0.00010356949532300264
1,B_svc,2,0.2985050513030059,38,0.2986171371240459,WLS,105,0.00011208582103999776
2,UPFC_Vsh,5-15,1.106702301077296,38,1.105798506802651,WLS,105,0.0009037942746450423
3,UPFC_tsh,5-15,-0.22621239144714095,38,-0.2262354727467334,WLS,105,2.3081299592442317e-05
4,UPFC_Vse,5-15,0.060953957716517584,38,0.06078399023278652,WLS,105,0.00016996748373106219
5,UPFC_tse,5-15,-2.1499727926304075,38,-2.150275100586329,WLS,105,0.0003023079559216768
0,x_tcsc,1-14,-0.13882412767572744,39,-0.1389065981423208,WLS,105,8.247046659334845e-05
1,B_svc,2,0.2989403358985663,39,0.2986171371240459,WLS,105,0.0003231987745203613
2,UPFC_Vsh,5-15,1.1071156557508604,39,1.105798506802651,WLS,105,0.0013171489482093346
3,UPFC_tsh,5-15,-0.2261468056444034,39,-0.2262354727467334,WLS,105,8.866710232999231e-05
4,UPFC_Vse,5-15,0.06047063782992493,39,0.06078399023278652,WLS,105,0.00031335240286159416
5,UPFC_tse,5-15,-2.150847364140567,39,-2.150275100586329,WLS,105,0.0005722635542380061
0,x_tcsc,1-14,-0.13879974101101128,40,-0.1389065981423208,WLS,105,0.0001068571313095068
1,B_svc,2,0.29847425921484805,40,0.2986171371240459,WLS,105,0.00014287790919786936
2,UPFC_Vsh,5-15,1.1067373904745321,40,1.105798506802651,WLS,105,0.0009388836718811078
3,UPFC_tsh,5-15,-0.22614550659207194,40,-0.2262354727467334,WLS,105,8.99661546614472e-05
4,UPFC_Vse,5-15,0.06076656070571199,40,0.06078399023278652,WLS,105,1.7429527074529216e-05
5,UPFC_tse,5-15,-2.153103485280959,40,-2.150275100586329,WLS,105,0.0028283846946299818
0,x_tcsc,1-14,-0.13879137611480985,41,-0.1389065981423208,WLS,105,0.00011522202751093613
1,B_svc,2,0.29896760237184333,41,0.2986171371240459,WLS,105,0.0003504652477974157
2,UPFC_Vsh,5-15,1.1070183975871775,41,1.105798506802651,WLS,105,0.001219890784526445
3,UPFC_tsh,5-15,-0.22622468859617118,41,-0.2262354727467334,WLS,105,1.0784150562215267e-05
4,UPFC_Vse,5-15,0.060846620847131994,41,0.06078399023278652,WLS,105,6.263061434547135e-05
5,UPFC_tse,5-15,-2.1551703193708756,41,-2.150275100586329,WLS,105,0.004895218784546351
0,x_tcsc,1-14,-0.13880028700649333,42,-0.1389065981423208,WLS,105,0.00010631113582745821
1,B_svc,2,0.2982473082157898,42,0.2986171371240459,WLS,105,0.00036982890825609793
2,UPFC_Vsh,5-15,1.1066026218035219,42,1.105798506802651,WLS,105,0.0008041150008708531
3,UPFC_tsh,5-15,-0.22619008990663111,42,-0.2262354727467334,WLS,105,4.5382840102276e-05
4,UPFC_Vse,5-15,0.060654158513637445,42,0.06078399023278652,WLS,105,0.00012983171914907748
5,UPFC_tse,5-15,-2.1508259891765915,42,-2.150275100586329,WLS,105,0.0005508885902623106
0,x_tcsc,1-14,-0.13882111734219826,43,-0.1389065981423208,WLS,105,8.548080012252268e-05
1,B_svc,2,0.2982741491187988,43,0.2986171371240459,WLS,105,0.0003429880052471246
2,UPFC_Vsh,5-15,1.1067701216008679,43,1.105798506802651,WLS,105,0.0009716147982168355
3,UPFC_tsh,5-15,-0.22616284689803054,43,-0.2262354727467334,WLS,105,7.262584870285083e-05
4,UPFC_Vse,5-15,0.06085580688283562,43,0.06078399023278652,WLS,105,7.18166500491002e-05
5,UPFC_tse,5-15,-2.1534859617801154,43,-2.150275100586329,WLS,105,0.0032108611937862186
0,x_tcsc,1-14,-0.13881438164114923,44,-0.1389065981423208,WLS,105,9.221650117155478e-05
1,B_svc,2,0.29833778317085435,44,0.2986171371240459,WLS,105,0.0002793539531915634
2,UPFC_Vsh,5-15,1.1067392992209593,44,1.105798506802651,WLS,105,0.000940792418308245
3,UPFC_tsh,5-15,-0.22626472762108046,44,-0.2262354727467334,WLS,105,2.92548743470733e-05
4,UPFC_Vse,5-15,0.06062057876790108,44,0.06078399023278652,WLS,105,0.00016341146488544483
5,UPFC_tse,5-15,-2.1524877677281045,44,-2.150275100586329,WLS,105,0.0022126671417752597
0,x_tcsc,1-14,-0.13880456867808288,45,-0.1389065981423208,WLS,105,0.0001020294642379016
1,B_svc,2,0.29845222302820995,45,0.2986171371240459,WLS,105,0.00016491409583596628
2,UPFC_Vsh,5-15,1.1067404039913669,45,1.105798506802651,WLS,105,0.0009418971887158456
3,UPFC_tsh,5-15,-0.22618515829143404,45,-0.2262354727467334,WLS,105,5.0314455299349525e-05
4,UPFC_Vse,5-15,0.06055803559293585,45,0.06078399023278652,WLS,105,0.00022595463985067288
5,UPFC_tse,5-15,-2.1526109841462544,45,-2.150275100586329,WLS,105,0.0023358835599252004
0,x_tcsc,1-14,-0.1388141724436862,46,-0.1389065981423208,WLS,105,9.242569863457395e-05
1,B_svc,2,0.29875897538766927,46,0.2986171371240459,WLS,105,0.0001418382636233506
2,UPFC_Vsh,5-15,1.1068284582938275,46,1.105798506802651,WLS,105,0.0010299514911764618
3,UPFC_tsh,5-15,-0.22618581314079197,46,-0.2262354727467334,WLS,105,4.965960594141561e-05
4,UPFC_Vse,5-15,0.060755229793551774,46,0.06078399023278652,WLS,105,2.876043923474847e-05
5,UPFC_tse,5-15,-2.153748719206908,46,-2.150275100586329,WLS,105,0.003473618620578822
0,x_tcsc,1-14,-0.13881704815933435,47,-0.1389065981423208,WLS,105,8.954998298643657e-05
1,B_svc,2,0.2984203835000923,47,0.2986171371240459,WLS,105,0.00019675362395360496
2,UPFC_Vsh,5-15,1.1065904930576886,47,1.105798506802651,WLS,105,0.0007919862550376244
3,UPFC_tsh,5-15,-0.226226451113542,47,-0.2262354727467334,WLS,105,9.021633191386158e-06
4,UPFC_Vse,5-15,0.060603396034947986,47,0.06078399023278652,WLS,105,0.00018059419783853642
5,UPFC_tse,5-15,-2.1488922610863903,47,-2.150275100586329,WLS,105,0.0013828394999388927
0,x_tcsc,1-14,-0.13879478033901443,48,-0.1389065981423208,WLS,105,0.00011181780330635216
1,B_svc,2,0.2984095259919593,48,0.2986171371240459,WLS,105,0.00020761113208661586
2,UPFC_Vsh,5-15,1.1069459849585315,48,1.105798506802651,WLS,105,0.0011474781558804548
3,UPFC_tsh,5-15,-0.22622325703245982,48,-0.2262354727467334,WLS,105,1.2215714273566824e-05
4,UPFC_Vse,5-15,0.060915824941581605,48,0.06078399023278652,WLS,105,0.00013183470879508247
5,UPFC_tse,5-15,-2.155398990821569,48,-2.150275100586329,WLS,105,0.0051238902352399585
0,x_tcsc,1-14,-0.1388096477116422,49,-0.1389065981423208,WLS,105,9.695043067858844e-05
1,B_svc,2,0.298017885452376,49,0.2986171371240459,WLS,105,0.0005992516716699092
2,UPFC_Vsh,5-15,1.1069667747238485,49,1.105798506802651,WLS,105,0.0011682679211975078
3,UPFC_tsh,5-15,-0.2261560210212659,49,-0.2262354727467334,WLS,105,7.945172546749979e-05
4,UPFC_Vse,5-15,0.06083782916037679,49,0.06078399023278652,WLS,105,5.383892759026898e-05
5,UPFC_tse,5-15,-2.1558781278007713,49,-2.150275100586329,WLS,105,0.005603027214442058
0,x_tcsc,1-14,-0.13880861230295363,50,-0.1389065981423208,WLS,105,9.798583936715399e-05
1,B_svc,2,0.29831526591628965,50,0.2986171371240459,WLS,105,0.00030187120775626575
2,UPFC_Vsh,5-15,1.1066698766651135,50,1.105798506802651,WLS,105,0.000871369862462501
3,UPFC_tsh,5-15,-0.2262786546243753,50,-0.2262354727467334,WLS,105,4.318187764190684e-05
4,UPFC_Vse,5-15,0.060930912175409975,50,0.06078399023278652,WLS,105,0.00014692194262345276
5,UPFC_tse,5-15,-2.151964432699139,50,-2.150275100586329,WLS,105,0.0016893321128099714
0,x_tcsc,1-14,-0.13881410779132414,51,-0.1389065981423208,WLS,105,9.249035099664904e-05
1,B_svc,2,0.29829255167410657,51,0.2986171371240459,WLS,105,0.0003245854499393519
2,UPFC_Vsh,5-15,1.1068226736437567,51,1.105798506802651,WLS,105,0.0010241668411057336
3,UPFC_tsh,5-15,-0.226244890677768,51,-0.2262354727467334,WLS,105,9.417931034622073e-06
4,UPFC_Vse,5-15,0.06075553452171638,51,0.06078399023278652,WLS,105,2.8455711070143885e-05
5,UPFC_tse,5-15,-2.1509384828725056,51,-2.150275100586329,WLS,105,0.0006633822861763505
0,x_tcsc,1-14,-0.13883023910770004,52,-0.1389065981423208,WLS,105,7.635903462074878e-05
1,B_svc,2,0.2986594131363452,52,0.2986171371240459,WLS,105,4.227601229928046e-05
2,UPFC_Vsh,5-15,1.1068504114200397,52,1.105798506802651,WLS,105,0.0010519046173886881
3,UPFC_tsh,5-15,-0.22617871846793758,52,-0.2262354727467334,WLS,105,5.675427879581196e-05
4,UPFC_Vse,5-15,0.06077383938033966,52,0.06078399023278652,WLS,105,1.0150852446863534e-05
5,UPFC_tse,5-15,-2.1523290418668477,52,-2.150275100586329,WLS,105,0.002053941280518501
0,x_tcsc,1-14,-0.13878016596570084,53,-0.1389065981423208,WLS,105,0.00012643217661995054
1,B_svc,2,0.29880543699552364,53,0.2986171371240459,WLS,105,0.0001882998714777262
2,UPFC_Vsh,5-15,1.106930164241327,53,1.105798506802651,WLS,105,0.001131657438675937
3,UPFC_tsh,5-15,-0.22618573470255657,53,-0.2262354727467334,WLS,105,4.973804417682248e-05
4,UPFC_Vse,5-15,0.06062895627939165,53,0.06078399023278652,WLS,105,0.00015503395339486886
5,UPFC_tse,5-15,-2.150928801153225,53,-2.150275100586329,WLS,105,0.0006537005668958429
0,x_tcsc,1-14,-0.138788807205256,54,-0.1389065981423208,WLS,105,0.00011779093706479338
1,B_svc,2,0.29858999980157946,54,0.2986171371240459,WLS,105,2.713732246645284e-05
2,UPFC_Vsh,5-15,1.1071435150842248,54,1.105798506802651,WLS,105,0.0013450082815738007
3,UPFC_tsh,5-15,-0.22612273683479123,54,-0.2262354727467334,WLS,105,0.00011273591194216337
4,UPFC_Vse,5-15,0.060885899804037295,54,0.06078399023278652,WLS,105,0.0001019095712507731
5,UPFC_tse,5-15,-2.1530487941088023,54,-2.150275100586329,WLS,105,0.002773693522473142
0,x_tcsc,1-14,-0.13882059103648375,55,-0.1389065981423208,WLS,105,8.600710583703264e-05
1,B_svc,2,0.2988657287736936,55,0.2986171371240459,WLS,105,0.0002485916496476892
2,UPFC_Vsh,5-15,1.1067447527709642,55,1.105798506802651,WLS,105,0.0009462459683131641
3,UPFC_tsh,5-15,-0.22620952608182832,55,-0.2262354727467334,WLS,105,2.5946664905074357e-05
4,UPFC_Vse,5-15,0.060788476795895045,55,0.06078399023278652,WLS,105,4.486563108523078e-06
5,UPFC_tse,5-15,-2.1546332498346175,55,-2.150275100586329,WLS,105,0.004358149248288257
0,x_tcsc,1-14,-0.13880413268779856,56,-0.1389065981423208,WLS,105,0.00010246545452222144
1,B_svc,2,0.298515388100608,56,0.2986171371240459,WLS,105,0.0001017490234379026
2,UPFC_Vsh,5-15,1.106658799411478,56,1.105798506802651,WLS,105,0.0008602926088270291
3,UPFC_tsh,5-15,-0.22624511441818398,56,-0.2262354727467334,WLS,105,9.641671450594247e-06
4,UPFC_Vse,5-15,0.06073762157188804,56,0.06078399023278652,WLS,105,4.6368660898479797e-05
5,UPFC_tse,5-15,-2.152687676358909,56,-2.150275100586329,WLS,105,0.002412575772579917
0,x_tcsc,1-14,-0.1388024417417872,57,-0.1389065981423208,WLS,105,0.00010415640053357267
1,B_svc,2,0.29832061461470033,57,0.2986171371240459,WLS,105,0.000296522509345587
2,UPFC_Vsh,5-15,1.106755699810558,57,1.105798506802651,WLS,105,0.0009571930079070867
3,UPFC_tsh,5-15,-0.22623796175887884,57,-0.2262354727467334,WLS,105,2.4890121454457237e-06
4,UPFC_Vse,5-15,0.06044790125827772,57,0.06078399023278652,WLS,105,0.00033608897450880526
5,UPFC_tse,5-15,-2.1539745413586853,57,-2.150275100586329,WLS,105,0.0036994407723560663
0,x_tcsc,1-14,-0.13880774683285463,58,-0.1389065981423208,WLS,105,9.885130946615805e-05
1,B_svc,2,0.29831780573433003,58,0.2986171371240459,WLS,105,0.00029933138971588447
2,UPFC_Vsh,5-15,1.1067217510759306,58,1.105798506802651,WLS,105,0.0009232442732796109
3,UPFC_tsh,5-15,-0.2261993577074362,58,-0.2262354727467334,WLS,105,3.611503929717985e-05
4,UPFC_Vse,5-15,0.06071306421020352,58,0.06078399023278652,WLS,105,7.092602258300384e-05
5,UPFC_tse,5-15,-2.1522761086900077,58,-2.150275100586329,WLS,105,0.0020010081036785365
0,x_tcsc,1-14,-0.13880265897463717,59,-0.1389065981423208,WLS,105,0.00010393916768361433
1,B_svc,2,0.29805132577947613,59,0.2986171371240459,WLS,105,0.0005658113445697888
2,UPFC_Vsh,5-15,1.1066213016335085,59,1.105798506802651,WLS,105,0.000822794830857454
3,UPFC_tsh,5-15,-0.2261716972845079,59,-0.2262354727467334,WLS,105,6.377546222549602e-05
4,UPFC_Vse,5-15,0.060832717083029925,59,0.06078399023278652,WLS,105,4.87268502434024e-05
5,UPFC_tse,5-15,-2.154078061183812,59,-2.150275100586329,WLS,105,0.003802960597482752
0,x_tcsc,1-14,-0.13880700162776338,60,-0.1389065981423208,WLS,105,9.959651455740404e-05
1,B_svc,2,0.2987455573357079,60,0.2986171371240459,WLS,105,0.0001284202116619837
2,UPFC_Vsh,5-15,1.107131828058584,60,1.105798506802651,WLS,105,0.0013333212559329954
3,UPFC_tsh,5-15,-0.22618895369735814,60,-0.2262354727467334,WLS,105,4.6519049375248755e-05
4,UPFC_Vse,5-15,0.060737014660309785,60,0.06078399023278652,WLS,105,4.697557247673734e-05
5,UPFC_tse,5-15,-2.1534480063262174,60,-2.150275100586329,WLS,105,0.0031729057398881544
0,x_tcsc,1-14,-0.13881007373407409,61,-0.1389065981423208,WLS,105,9.652440824670094e-05
1,B_svc,2,0.2987950343664237,61,0.2986171371240459,WLS,105,0.00017789724237776694
2,UPFC_Vsh,5-15,1.1068348348123527,61,1.105798506802651,WLS,105,0.0010363280097016592
3,UPFC_tsh,5-15,-0.22619804987351205,61,-0.2262354727467334,WLS,105,3.742287322133775e-05
4,UPFC_Vse,5-15,0.060722373890153815,61,0.06078399023278652,WLS,105,6.161634263270738e-05
5,UPFC_tse,5-15,-2.1525314930085773,61,-2.150275100586329,WLS,105,0.002256392422248066
0,x_tcsc,1-14,-0.13880000735244577,62,-0.1389065981423208,WLS,105,0.00010659078987501625
1,B_svc,2,0.2985466857759451,62,0.2986171371240459,WLS,105,7.045134810079734e-05
2,UPFC_Vsh,5-15,1.1066794242046147,62,1.105798506802651,WLS,105,0.0008809174019637211
3,UPFC_tsh,5-15,-0.2261708149064237,62,-0.2262354727467334,WLS,105,6.46578403096787e-05
4,UPFC_Vse,5-15,0.060168261892287564,62,0.06078399023278652,WLS,105,0.0006157283404989583
5,UPFC_tse,5-15,-2.15434794273545,62,-2.150275100586329,WLS,105,0.004072842149120959
0,x_tcsc,1-14,-0.1388094583238743,63,-0.1389065981423208,WLS,105,9.713981844647335e-05
1,B_svc,2,0.29869222176887955,63,0.2986171371240459,WLS,105,7.508464483363397e-05
2,UPFC_Vsh,5-15,1.1069453981668835,63,1.105798506802651,WLS,105,0.0011468913642325163
3,UPFC_tsh,5-15,-0.22621730032529422,63,-0.2262354727467334,WLS,105,1.8172421439172082e-05
4,UPFC_Vse,5-15,0.06024442246828426,63,0.06078399023278652,WLS,105,0.0005395677645022648
5,UPFC_tse,5-15,-2.1535253633280216,63,-2.150275100586329,WLS,105,0.003250262741692378
0,x_tcsc,1-14,-0.13880772541318237,64,-0.1389065981423208,WLS,105,9.887272913841616e-05
1,B_svc,2,0.2984855230591209,64,0.2986171371240459,WLS,105,0.00013161406492501193
2,UPFC_Vsh,5-15,1.1066951290710452,64,1.105798506802651,WLS,105,0.0008966222683941538
3,UPFC_tsh,5-15,-0.2262716431580788,64,-0.2262354727467334,WLS,105,3.617041134540422e-05
4,UPFC_Vse,5-15,0.06081012185934414,64,0.06078399023278652,WLS,105,2.613162655761697e-05
5,UPFC_tse,5-15,-2.149783121786832,64,-2.150275100586329,WLS,105,0.0004919787994972502
0,x_tcsc,1-14,-0.13882411867910882,65,-0.1389065981423208,WLS,105,8.24794632119652e-05
1,B_svc,2,0.2985742998508976,65,0.2986171371240459,WLS,105,4.283727314829955e-05
2,UPFC_Vsh,5-15,1.106679129107489,65,1.105798506802651,WLS,105,0.0008806223048378747
3,UPFC_tsh,5-15,-0.22622471385843437,65,-0.2262354727467334,WLS,105,1.0758888299017277e-05
4,UPFC_Vse,5-15,0.06074903631713278,65,0.06078399023278652,WLS,105,3.495391565374456e-05
5,UPFC_tse,5-15,-2.151725505701194,65,-2.150275100586329,WLS,105,0.0014504051148649388
0,x_tcsc,1-14,-0.13880499739775834,66,-0.1389065981423208,WLS,105,0.00010160074456244672
1,B_svc,2,0.29871487332255164,66,0.2986171371240459,WLS,105,9.773619850572679e-05
2,UPFC_Vsh,5-15,1.1067149793078193,66,1.105798506802651,WLS,105,0.0009164725051682421
3,UPFC_tsh,5-15,-0.22614687445342369,66,-0.2262354727467334,WLS,105,8.859829330970515e-05
4,UPFC_Vse,5-15,0.06074690563796392,66,0.06078399023278652,WLS,105,3.7084594822600625e-05
5,UPFC_tse,5-15,-2.1510123417921054,66,-2.150275100586329,WLS,105,0.000737241205776229
0,x_tcsc,1-14,-0.13881031242437578,67,-0.1389065981423208,WLS,105,9.628571794501051e-05
1,B_svc,2,0.2986866067261137,67,0.2986171371240459,WLS,105,6.94696020677732e-05
2,UPFC_Vsh,5-15,1.1065732794158745,67,1.105798506802651,WLS,105,0.0007747726132234511
3,UPFC_tsh,5-15,-0.2262208606669241,67,-0.2262354727467334,WLS,105,1.4612079809295242e-05
4,UPFC_Vse,5-15,0.06092357240960806,67,0.06078399023278652,WLS,105,0.00013958217682153579
5,UPFC_tse,5-15,-2.152147233441764,67,-2.150275100586329,WLS,105,0.0018721328554347494
0,x_tcsc,1-14,-0.13881162085775775,68,-0.1389065981423208,WLS,105,9.497728456303589e-05
1,B_svc,2,0.29878963492403177,68,0.2986171371240459,WLS,105,0.00017249779998584902
2,UPFC_Vsh,5-15,1.1067331770466793,68,1.105798506802651,WLS,105,0.0009346702440282684
3,UPFC_tsh,5-15,-0.22628871677773058,68,-0.2262354727467334,WLS,105,5.324403099718489e-05
4,UPFC_Vse,5-15,0.06092870899939178,68,0.06078399023278652,WLS,105,0.00014471876660526045
5,UPFC_tse,5-15,-2.1527411781884904,68,-2.150275100586329,WLS,105,0.0024660776021612207
0,x_tcsc,1-14,-0.13879154263034796,69,-0.1389065981423208,WLS,105,0.00011505551197282804
1,B_svc,2,0.2988604929680882,69,0.2986171371240459,WLS,105,0.00024335584404228117
2,UPFC_Vsh,5-15,1.1067572742568208,69,1.105798506802651,WLS,105,0.0009587674541697844
3,UPFC_tsh,5-15,-0.22619331052438765,69,-0.2262354727467334,WLS,105,4.216222234573741e-05
4,UPFC_Vse,5-15,0.06031678520461572,69,0.06078399023278652,WLS,105,0.0004672050281708043
5,UPFC_tse,5-15,-2.1573210206101896,69,-2.150275100586329,WLS,105,0.007045920023860397
0,x_tcsc,1-14,-0.1388031697225302,70,-0.1389065981423208,WLS,105,0.00010342841979057993
1,B_svc,2,0.29896030003934815,70,0.2986171371240459,WLS,105,0.00034316291530223086
2,UPFC_Vsh,5-15,1.1066614711902079,70,1.105798506802651,WLS,105,0.0008629643875568416
3,UPFC_tsh,5-15,-0.2261273262398456,70,-0.2262354727467334,WLS,105,0.00010814650688778515
4,UPFC_Vse,5-15,0.0606532925142875,70,0.06078399023278652,WLS,105,0.00013069771849902323
5,UPFC_tse,5-15,-2.152316237927001,70,-2.150275100586329,WLS,105,0.0020411373406719058
0,x_tcsc,1-14,-0.13882940258665993,71,-0.1389065981423208,WLS,105,7.719555566085279e-05
1,B_svc,2,0.2983799778312266,71,0.2986171371240459,WLS,105,0.00023715929281931114
2,UPFC_Vsh,5-15,1.1070635277113976,71,1.105798506802651,WLS,105,0.0012650209087465836
3,UPFC_tsh,5-15,-0.22608735982226638,71,-0.2262354727467334,WLS,105,0.00014811292446700874
4,UPFC_Vse,5-15,0.06010958164122879,71,0.06078399023278652,WLS,105,0.0006744085915577347
5,UPFC_tse,5-15,-2.1554654224397445,71,-2.150275100586329,WLS,105,0.005190321853415281
0,x_tcsc,1-14,-0.13882167364218675,72,-0.1389065981423208,WLS,105,8.492450013403152e-05
1,B_svc,2,0.29853787941909793,72,0.2986171371240459,WLS,105,7.925770494798812e-05
2,UPFC_Vsh,5-15,1.1064991036421417,72,1.105798506802651,WLS,105,0.0007005968394906414
3,UPFC_tsh,5-15,-0.2262814448756143,72,-0.2262354727467334,WLS,105,4.597212888091118e-05
4,UPFC_Vse,5-15,0.06059848423432214,72,0.06078399023278652,WLS,105,0.0001855059984643831
5,UPFC_tse,5-15,-2.153257284589214,72,-2.150275100586329,WLS,105,0.002982184002884747
0,x_tcsc,1-14,-0.1388111154822507,73,-0.1389065981423208,WLS,105,9.548266007008976e-05
1,B_svc,2,0.2983667315482383,73,0.2986171371240459,WLS,105,0.0002504055758076329
2,UPFC_Vsh,5-15,1.106420882937672,73,1.105798506802651,WLS,105,0.00062237613502103
3,UPFC_tsh,5-15,-0.22628014896485207,73,-0.2262354727467334,WLS,105,4.4676218118683275e-05
4,UPFC_Vse,5-15,0.06071502396054099,73,0.06078399023278652,WLS,105,6.896627224553531e-05
5,UPFC_tse,5-15,-2.1527814329740522,73,-2.150275100586329,WLS,105,0.0025063323877230204
0,x_tcsc,1-14,-0.13880834605118297,74,-0.1389065981423208,WLS,105,9.825209113781264e-05
1,B_svc,2,0.29842643923513645,74,0.2986171371240459,WLS,105,0.0001906978889094635
2,UPFC_Vsh,5-15,1.1064991909973818,74,1.105798506802651,WLS,105,0.000700684194730794
3,UPFC_tsh,5-15,-0.22621759328146726,74,-0.2262354727467334,WLS,105,1.78794652661296e-05
4,UPFC_Vse,5-15,0.06080512360644774,74,0.06078399023278652,WLS,105,2.113337366121959e-05
5,UPFC_tse,5-15,-2.1510611843432597,74,-2.150275100586329,WLS,105,0.0007860837569304557
0,x_tcsc,1-14,-0.13881516538933691,75,-0.1389065981423208,WLS,105,9.14327529838721e-05
1,B_svc,2,0.2990317985857153,75,0.2986171371240459,WLS,105,0.00041466146166940776
2,UPFC_Vsh,5-15,1.1064151691651307,75,1.105798506802651,WLS,105,0.000616662362479703
3,UPFC_tsh,5-15,-0.22626468897737742,75,-0.2262354727467334,WLS,105,2.9216230644030228e-05
4,UPFC_Vse,5-15,0.06051599300482767,75,0.06078399023278652,WLS,105,0.00026799722795885217
5,UPFC_tse,5-15,-2.1543466987030038,75,-2.150275100586329,WLS,105,0.0040715981166745685
0,x_tcsc,1-14,-0.13879896738929742,76,-0.1389065981423208,WLS,105,0.00010763075302336333
1,B_svc,2,0.29855987472222134,76,0.2986171371240459,WLS,105,5.726240182457598e-05
2,UPFC_Vsh,5-15,1.1068341937690087,76,1.105798506802651,WLS,105,0.0010356869663576962
3,UPFC_tsh,5-15,-0.22623374350602118,76,-0.2262354727467334,WLS,105,1.7292407122060371e-06
4,UPFC_Vse,5-15,0.06114610803517329,76,0.06078399023278652,WLS,105,0.0003621178023867702
5,UPFC_tse,5-15,-2.152996591481329,76,-2.150275100586329,WLS,105,0.002721490894999956
0,x_tcsc,1-14,-0.1388106163857288,77,-0.1389065981423208,WLS,105,9.59817565919785e-05
1,B_svc,2,0.29863626110782254,77,0.2986171371240459,WLS,105,1.9123983776625497e-05
2,UPFC_Vsh,5-15,1.1070042168186605,77,1.105798506802651,WLS,105,0.0012057100160094425
3,UPFC_tsh,5-15,-0.22622251605677443,77,-0.2262354727467334,WLS,105,1.2956689958959489e-05
4,UPFC_Vse,5-15,0.06087642495225829,77,0.06078399023278652,WLS,105,9.243471947176923e-05
5,UPFC_tse,5-15,-2.156152786276515,77,-2.150275100586329,WLS,105,0.005877685690185874
0,x_tcsc,1-14,-0.13879754162007665,78,-0.1389065981423208,WLS,105,0.00010905652224413309
1,B_svc,2,0.29815929478762915,78,0.2986171371240459,WLS,105,0.0004578423364167694
2,UPFC_Vsh,5-15,1.106826926145861,78,1.105798506802651,WLS,105,0.001028419343209963
3,UPFC_tsh,5-15,-0.2262161046428627,78,-0.2262354727467334,WLS,105,1.9368103870681663e-05
4,UPFC_Vse,5-15,0.0607759234265717,78,0.06078399023278652,WLS,105,8.066806214825084e-06
5,UPFC_tse,5-15,-2.153732793053371,78,-2.150275100586329,WLS,105,0.003457692467041973
0,x_tcsc,1-14,-0.13883318511991705,79,-0.1389065981423208,WLS,105,7.341302240373992e-05
1,B_svc,2,0.2986241358261639,79,0.2986171371240459,WLS,105,6.998702117955169e-06
2,UPFC_Vsh,5-15,1.107002701678881,79,1.105798506802651,WLS,105,0.0012041948762300247
3,UPFC_tsh,5-15,-0.2261942929711049,79,-0.2262354727467334,WLS,105,4.117977562848041e-05
4,UPFC_Vse,5-15,0.060458657285243474,79,0.06078399023278652,WLS,105,0.0003253329475430486
5,UPFC_tse,5-15,-2.1558628049437005,79,-2.150275100586329,WLS,105,0.005587704357371326
0,x_tcsc,1-14,-0.13881909403248144,80,-0.1389065981423208,WLS,105,8.750410983934809e-05
1,B_svc,2,0.2985307503868534,80,0.2986171371240459,WLS,105,8.63867371925231e-05
2,UPFC_Vsh,5-15,1.106633889956315,80,1.105798506802651,WLS,105,0.0008353831536640488
3,UPFC_tsh,5-15,-0.2262122799100787,80,-0.2262354727467334,WLS,105,2.319283665469518e-05
4,UPFC_Vse,5-15,0.060601254089371975,80,0.06078399023278652,WLS,105,0.00018273614341454691
5,UPFC_tse,5-15,-2.154586028871847,80,-2.150275100586329,WLS,105,0.004310928285517601
0,x_tcsc,1-14,-0.1388167210688129,81,-0.1389065981423208,WLS,105,8.987707350788243e-05
1,B_svc,2,0.2979824213711662,81,0.2986171371240459,WLS,105,0.0006347157528797109
2,UPFC_Vsh,5-15,1.1068680071239434,81,1.105798506802651,WLS,105,0.0010695003212923826
3,UPFC_tsh,5-15,-0.22617947984866332,81,-0.2262354727467334,WLS,105,5.5992898070067465e-05
4,UPFC_Vse,5-15,0.06117128592126925,81,0.06078399023278652,WLS,105,0.000387295688482725
5,UPFC_tse,5-15,-2.1514867390590013,81,-2.150275100586329,WLS,105,0.0012116384726721385
0,x_tcsc,1-14,-0.13881776573606877,82,-0.1389065981423208,WLS,105,8.883240625201516e-05
1,B_svc,2,0.29844452128778814,82,0.2986171371240459,WLS,105,0.00017261583625777233
2,UPFC_Vsh,5-15,1.1069494661781611,82,1.105798506802651,WLS,105,0.00115095937551013
3,UPFC_tsh,5-15,-0.2261543228601194,82,-0.2262354727467334,WLS,105,8.114988661397926e-05
4,UPFC_Vse,5-15,0.06041550007032001,82,0.06078399023278652,WLS,105,0.00036849016246651156
5,UPFC_tse,5-15,-2.1525013581284953,82,-2.150275100586329,WLS,105,0.002226257542166099
0,x_tcsc,1-14,-0.13880624455942955,83,-0.1389065981423208,WLS,105,0.00010035358289123275
1,B_svc,2,0.2985172019221367,83,0.2986171371240459,WLS,105,9.993520190920702e-05
2,UPFC_Vsh,5-15,1.1072140510793584,83,1.105798506802651,WLS,105,0.0014155442767074256
3,UPFC_tsh,5-15,-0.22615674355215837,83,-0.2262354727467334,WLS,105,7.872919457502237e-05
4,UPFC_Vse,5-15,0.060750501538708875,83,0.06078399023278652,WLS,105,3.348869407764771e-05
5,UPFC_tse,5-15,-2.153492721412843,83,-2.150275100586329,WLS,105,0.0032176208265140005
0,x_tcsc,1-14,-0.13880197150498758,84,-0.1389065981423208,WLS,105,0.00010462663733321054
1,B_svc,2,0.2987717929162974,84,0.2986171371240459,WLS,105,0.00015465579225149018
2,UPFC_Vsh,5-15,1.106722369324434,84,1.105798506802651,WLS,105,0.0009238625217828922
3,UPFC_tsh,5-15,-0.22620859554494527,84,-0.2262354727467334,WLS,105,2.6877201788122473e-05
4,UPFC_Vse,5-15,0.0606097197019097,84,0.06078399023278652,WLS,105,0.00017427053087681887
5,UPFC_tse,5-15,-2.152608598730028,84,-2.150275100586329,WLS,105,0.0023334981436988755
0,x_tcsc,1-14,-0.13880908701201683,85,-0.1389065981423208,WLS,105,9.751113030395664e-05
1,B_svc,2,0.2982797698511015,85,0.2986171371240459,WLS,105,0.00033736727294442215
2,UPFC_Vsh,5-15,1.1069114338853865,85,1.105798506802651,WLS,105,0.001112927082735471
3,UPFC_tsh,5-15,-0.2261922650291438,85,-0.2262354727467334,WLS,105,4.320771758958841e-05
4,UPFC_Vse,5-15,0.06071864276892344,85,0.06078399023278652,WLS,105,6.534746386308021e-05
5,UPFC_tse,5-15,-2.1522559466926063,85,-2.150275100586329,WLS,105,0.0019808461062771343
0,x_tcsc,1-14,-0.13882322101943415,86,-0.1389065981423208,WLS,105,8.33771228866409e-05
1,B_svc,2,0.2984567335807425,86,0.2986171371240459,WLS,105,0.00016040354330343343
2,UPFC_Vsh,5-15,1.1066996980916597,86,1.105798506802651,WLS,105,0.0009011912890086737
3,UPFC_tsh,5-15,-0.22622123806312017,86,-0.2262354727467334,WLS,105,1.4234683613223442e-05
4,UPFC_Vse,5-15,0.0610896096725082,86,0.06078399023278652,WLS,105,0.00030561943972167577
5,UPFC_tse,5-15,-2.1489957218290656,86,-2.150275100586329,WLS,105,0.0012793787572635829
0,x_tcsc,1-14,-0.13882003437802176,87,-0.1389065981423208,WLS,105,8.656376429902468e-05
1,B_svc,2,0.2982168838692448,87,0.2986171371240459,WLS,105,0.0004002532548011417
2,UPFC_Vsh,5-15,1.1068159102522466,87,1.105798506802651,WLS,105,0.0010174034495955553
3,UPFC_tsh,5-15,-0.22619197592998347,87,-0.2262354727467334,WLS,105,4.3496816749921674e-05
4,UPFC_Vse,5-15,0.06079858941021578,87,0.06078399023278652,WLS,105,1.4599177429255872e-05
5,UPFC_tse,5-15,-2.1528233096868044,87,-2.150275100586329,WLS,105,0.0025482091004751517
0,x_tcsc,1-14,-0.1388166181404218,88,-0.1389065981423208,WLS,105,8.998000189899824e-05
1,B_svc,2,0.2981791940993714,88,0.2986171371240459,WLS,105,0.0004379430246745364
2,UPFC_Vsh,5-15,1.1068302884705121,88,1.105798506802651,WLS,105,0.0010317816678611091
3,UPFC_tsh,5-15,-0.22622775646539875,88,-0.2262354727467334,WLS,105,7.716281334640973e-06
4,UPFC_Vse,5-15,0.060349553157387284,88,0.06078399023278652,WLS,105,0.00043443707539923826
5,UPFC_tse,5-15,-2.15706299330065,88,-2.150275100586329,WLS,105,0.006787892714320787
0,x_tcsc,1-14,-0.13880708870142938,89,-0.1389065981423208,WLS,105,9.950944089140434e-05
1,B_svc,2,0.2982562800829272,89,0.2986171371240459,WLS,105,0.00036085704111871175
2,UPFC_Vsh,5-15,1.1067911395646162,89,1.105798506802651,WLS,105,0.000992632761965151
3,UPFC_tsh,5-15,-0.22621708106816296,89,-0.2262354727467334,WLS,105,1.839167857042856e-05
4,UPFC_Vse,5-15,0.06034951345291957,89,0.06078399023278652,WLS,105,0.0004344767798669519
5,UPFC_tse,5-15,-2.1552896149913767,89,-2.150275100586329,WLS,105,0.005014514405047521
0,x_tcsc,1-14,-0.1388259285370111,90,-0.1389065981423208,WLS,105,8.066960530969669e-05
1,B_svc,2,0.2989341609702707,90,0.2986171371240459,WLS,105,0.0003170238462247843
2,UPFC_Vsh,5-15,1.1066594813892578,90,1.105798506802651,WLS,105,0.000860974586606833
3,UPFC_tsh,5-15,-0.22623135770640374,90,-0.2262354727467334,WLS,105,4.115040329655262e-06
4,UPFC_Vse,5-15,0.06032151045934921,90,0.06078399023278652,WLS,105,0.000462479773437309
5,UPFC_tse,5-15,-2.1552043113546597,90,-2.150275100586329,WLS,105,0.0049292107683305275
0,x_tcsc,1-14,-0.13881261450703103,91,-0.1389065981423208,WLS,105,9.398363528975717e-05
1,B_svc,2,0.2980297529516163,91,0.2986171371240459,WLS,105,0.0005873841724295947
2,UPFC_Vsh,5-15,1.1067030524903698,91,1.105798506802651,WLS,105,0.0009045456877188052
3,UPFC_tsh,5-15,-0.226215139328136,91,-0.2262354727467334,WLS,105,2.033341859739024e-05
4,UPFC_Vse,5-15,0.06092655516851791,91,0.06078399023278652,WLS,105,0.000142564935731386
5,UPFC_tse,5-15,-2.1513876920495947,91,-2.150275100586329,WLS,105,0.0011125914632654776
0,x_tcsc,1-14,-0.13880394751440828,92,-0.1389065981423208,WLS,105,0.00010265062791250945
1,B_svc,2,0.29851576280979963,92,0.2986171371240459,WLS,105,0.00010137431424628307
2,UPFC_Vsh,5-15,1.1067583117169588,92,1.105798506802651,WLS,105,0.0009598049143078047
3,UPFC_tsh,5-15,-0.22618982608233248,92,-0.2262354727467334,WLS,105,4.56466644009057e-05
4,UPFC_Vse,5-15,0.06073852786488196,92,0.06078399023278652,WLS,105,4.546236790456404e-05
5,UPFC_tse,5-15,-2.152717973143977,92,-2.150275100586329,WLS,105,0.002442872557647746
0,x_tcsc,1-14,-0.13881439211233673,93,-0.1389065981423208,WLS,105,9.220602998405436e-05
1,B_svc,2,0.2980372429292893,93,0.2986171371240459,WLS,105,0.000579894194756625
2,UPFC_Vsh,5-15,1.1065663729719306,93,1.105798506802651,WLS,105,0.0007678661692795963
3,UPFC_tsh,5-15,-0.22621653661890595,93,-0.2262354727467334,WLS,105,1.8936127827440252e-05
4,UPFC_Vse,5-15,0.06109248430813231,93,0.06078399023278652,WLS,105,0.0003084940753457846
5,UPFC_tse,5-15,-2.152570475399138,93,-2.150275100586329,WLS,105,0.002295374812808948
0,x_tcsc,1-14,-0.13881651583787255,94,-0.1389065981423208,WLS,105,9.008230444823573e-05
1,B_svc,2,0.2981472309389965,94,0.2986171371240459,WLS,105,0.00046990618504944015
2,UPFC_Vsh,5-15,1.1069582157554239,94,1.105798506802651,WLS,105,0.0011597089527728421
3,UPFC_tsh,5-15,-0.22620525921185797,94,-0.2262354727467334,WLS,105,3.0213534875422887e-05
4,UPFC_Vse,5-15,0.060341515736680215,94,0.06078399023278652,WLS,105,0.00044247449610630707
5,UPFC_tse,5-15,-2.152825297815113,94,-2.150275100586329,WLS,105,0.0025501972287838015
0,x_tcsc,1-14,-0.13880209514788963,95,-0.1389065981423208,WLS,105,0.00010450299443115485
1,B_svc,2,0.29863356262131335,95,0.2986171371240459,WLS,105,1.642549726743603e-05
2,UPFC_Vsh,5-15,1.1068311572843652,95,1.105798506802651,WLS,105,0.0010326504817141924
3,UPFC_tsh,5-15,-0.226200509301439,95,-0.2262354727467334,WLS,105,3.4963445294383666e-05
4,UPFC_Vse,5-15,0.06072540271329154,95,0.06078399023278652,WLS,105,5.858751949498059e-05
5,UPFC_tse,5-15,-2.1512841411759918,95,-2.150275100586329,WLS,105,0.0010090405896625576
0,x_tcsc,1-14,-0.13881346574140616,96,-0.1389065981423208,WLS,105,9.31324009146306e-05
1,B_svc,2,0.2992241605928777,96,0.2986171371240459,WLS,105,0.000607023468831791
2,UPFC_Vsh,5-15,1.106769098469508,96,1.105798506802651,WLS,105,0.0009705916668569792
3,UPFC_tsh,5-15,-0.22617729581018298,96,-0.2262354727467334,WLS,105,5.817693655041367e-05
4,UPFC_Vse,5-15,0.06051518970770096,96,0.06078399023278652,WLS,105,0.0002688005250855649
5,UPFC_tse,5-15,-2.154526694244784,96,-2.150275100586329,WLS,105,0.004251593658454844
0,x_tcsc,1-14,-0.13881860209567068,97,-0.1389065981423208,WLS,105,8.79960466501073e-05
1,B_svc,2,0.2987299567388976,97,0.2986171371240459,WLS,105,0.00011281961485165581
2,UPFC_Vsh,5-15,1.106648899487357,97,1.105798506802651,WLS,105,0.0008503926847058807
3,UPFC_tsh,5-15,-0.2261707890474203,97,-0.2262354727467334,WLS,105,6.468369931308948e-05
4,UPFC_Vse,5-15,0.06011897539619222,97,0.06078399023278652,WLS,105,0.0006650148365942993
5,UPFC_tse,5-15,-2.1536519952460127,97,-2.150275100586329,WLS,105,0.0033768946596834937
0,x_tcsc,1-14,-0.13882396742331912,98,-0.1389065981423208,WLS,105,8.263071900166397e-05
1,B_svc,2,0.2988394844240315,98,0.2986171371240459,WLS,105,0.00022234729998560354
2,UPFC_Vsh,5-15,1.1069794079133513,98,1.105798506802651,WLS,105,0.0011809011107002387
3,UPFC_tsh,5-15,-0.22623947698753785,98,-0.2262354727467334,WLS,105,4.004240804461601e-06
4,UPFC_Vse,5-15,0.060557951979795493,98,0.06078399023278652,WLS,105,0.00022603825299102875
5,UPFC_tse,5-15,-2.155652528197342,98,-2.150275100586329,WLS,105,0.005377427611013008
0,x_tcsc,1-14,-0.1388225742394113,99,-0.1389065981423208,WLS,105,8.40239029094858e-05
1,B_svc,2,0.2984817006129574,99,0.2986171371240459,WLS,105,0.00013543651108849364
2,UPFC_Vsh,5-15,1.106659475448842,99,1.105798506802651,WLS,105,0.0008609686461908961
3,UPFC_tsh,5-15,-0.22622469222319896,99,-0.2262354727467334,WLS,105,1.0780523534426045e-05
4,UPFC_Vse,5-15,0.06075814747207589,99,0.06078399023278652,WLS,105,2.5842760710631518e-05
5,UPFC_tse,5-15,-2.1531301529833438,99,-2.150275100586329,WLS,105,0.002855052397014557
0,x_tcsc,1-14,-0.14018043343840358,0,-0.14029589612584978,WLS,107,0.00011546268744619392
1,B_svc,2,0.3057144028141008,0,0.30588198279745255,WLS,107,0.00016757998335176216
2,UPFC_Vsh,5-15,1.1068683269295827,0,1.1048533329991541,WLS,107,0.002014993930428588
3,UPFC_tsh,5-15,-0.22463984938405426,0,-0.2247138887988874,WLS,107,7.403941483313803e-05
4,UPFC_Vse,5-15,0.06060185979804984,0,0.06154906690260654,WLS,107,0.0009472071045566952
5,UPFC_tse,5-15,-2.157458374979147,0,-2.152467191160125,WLS,107,0.0049911838190217495
0,x_tcsc,1-14,-0.14019206857383942,1,-0.14029589612584978,WLS,107,0.00010382755201035487
1,B_svc,2,0.3057672889289046,1,0.30588198279745255,WLS,107,0.00011469386854795482
2,UPFC_Vsh,5-15,1.1065291839394331,1,1.1048533329991541,WLS,107,0.001675850940279
3,UPFC_tsh,5-15,-0.22469868470123183,1,-0.2247138887988874,WLS,107,1.520409765556896e-05
4,UPFC_Vse,5-15,0.06140473714802152,1,0.06154906690260654,WLS,107,0.00014432975458501807
5,UPFC_tse,5-15,-2.1519421916758756,1,-2.152467191160125,WLS,107,0.0005249994842495553
0,x_tcsc,1-14,-0.14020856155020156,2,-0.14029589612584978,WLS,107,8.7334575648218e-05
1,B_svc,2,0.3054360585756889,2,0.30588198279745255,WLS,107,0.00044592422176364943
2,UPFC_Vsh,5-15,1.1067107482860088,2,1.1048533329991541,WLS,107,0.00185741528685468
3,UPFC_tsh,5-15,-0.22468622511760442,2,-0.2247138887988874,WLS,107,2.7663681282985575e-05
4,UPFC_Vse,5-15,0.061353726720150395,2,0.06154906690260654,WLS,107,0.00019534018245614265
5,UPFC_tse,5-15,-2.1495325577424476,2,-2.152467191160125,WLS,107,0.0029346334176776345
0,x_tcsc,1-14,-0.14018311697325225,3,-0.14029589612584978,WLS,107,0.00011277915259752525
1,B_svc,2,0.3059002772063043,3,0.30588198279745255,WLS,107,1.8294408851760036e-05
2,UPFC_Vsh,5-15,1.1067060359388328,3,1.1048533329991541,WLS,107,0.001852702939678652
3,UPFC_tsh,5-15,-0.2246752584503127,3,-0.2247138887988874,WLS,107,3.8630348574708595e-05
4,UPFC_Vse,5-15,0.06118526815461993,3,0.06154906690260654,WLS,107,0.00036379874798660866
5,UPFC_tse,5-15,-2.15244193925546,3,-2.152467191160125,WLS,107,2.525190466506899e-05
0,x_tcsc,1-14,-0.14017859166906033,4,-0.14029589612584978,WLS,107,0.00011730445678945212
1,B_svc,2,0.30628239860092316,4,0.30588198279745255,WLS,107,0.0004004158034706107
2,UPFC_Vsh,5-15,1.107081518286586,4,1.1048533329991541,WLS,107,0.0022281852874319608
3,UPFC_tsh,5-15,-0.22463583377132235,4,-0.2247138887988874,WLS,107,7.805502756505489e-05
4,UPFC_Vse,5-15,0.06065710779492818,4,0.06154906690260654,WLS,107,0.000891959107678357
5,UPFC_tse,5-15,-2.1539790428934937,4,-2.152467191160125,WLS,107,0.001511851733368541
0,x_tcsc,1-14,-0.1401865025381895,5,-0.14029589612584978,WLS,107,0.00010939358766026697
1,B_svc,2,0.3055681602087473,5,0.30588198279745255,WLS,107,0.00031382258870527036
2,UPFC_Vsh,5-15,1.107139084364685,5,1.1048533329991541,WLS,107,0.002285751365530997
3,UPFC_tsh,5-15,-0.2246990663744562,5,-0.2247138887988874,WLS,107,1.4822424431210068e-05
4,UPFC_Vse,5-15,0.06122106149111245,5,0.06154906690260654,WLS,107,0.00032800541149408807
5,UPFC_tse,5-15,-2.152626849876111,5,-2.152467191160125,WLS,107,0.00015965871598577763
0,x_tcsc,1-14,-0.1401991790027716,6,-0.14029589612584978,WLS,107,9.67171230781827e-05
1,B_svc,2,0.3057589896906361,6,0.30588198279745255,WLS,107,0.00012299310681646025
2,UPFC_Vsh,5-15,1.10661162296827,6,1.1048533329991541,WLS,107,0.0017582899691159781
3,UPFC_tsh,5-15,-0.2246976499278912,6,-0.2247138887988874,WLS,107,1.623887099619359e-05
4,UPFC_Vse,5-15,0.060748420431346324,6,0.06154906690260654,WLS,107,0.0008006464712602135
5,UPFC_tse,5-15,-2.152566682905693,6,-2.152467191160125,WLS,107,9.949174556789231e-05
0,x_tcsc,1-14,-0.14017718707812818,7,-0.14029589612584978,WLS,107,0.00011870904772159907
1,B_svc,2,0.3057499454174671,7,0.30588198279745255,WLS,107,0.00013203737998546128
2,UPFC_Vsh,5-15,1.1068077897053004,7,1.1048533329991541,WLS,107,0.001954456706146246
3,UPFC_tsh,5-15,-0.2246472184237515,7,-0.2247138887988874,WLS,107,6.667037513591323e-05
4,UPFC_Vse,5-15,0.0610920543945752,7,0.06154906690260654,WLS,107,0.0004570125080313389
5,UPFC_tse,5-15,-2.1528411693024694,7,-2.152467191160125,WLS,107,0.000373978142344189
0,x_tcsc,1-14,-0.14020950302542848,8,-0.14029589612584978,WLS,107,8.639310042130033e-05
1,B_svc,2,0.30577108230047423,8,0.30588198279745255,WLS,107,0.00011090049697831672
2,UPFC_Vsh,5-15,1.1066910242589754,8,1.1048533329991541,WLS,107,0.0018376912598212503
3,UPFC_tsh,5-15,-0.2246827316697208,8,-0.2247138887988874,WLS,107,3.115712916659796e-05
4,UPFC_Vse,5-15,0.06096918286062001,8,0.06154906690260654,WLS,107,0.0005798840419865281
5,UPFC_tse,5-15,-2.1519851376402737,8,-2.152467191160125,WLS,107,0.000482053519851533
0,x_tcsc,1-14,-0.14018798665762405,9,-0.14029589612584978,WLS,107,0.00010790946822572534
1,B_svc,2,0.3056174412658305,9,0.30588198279745255,WLS,107,0.0002645415316220312
2,UPFC_Vsh,5-15,1.1067551973861327,9,1.1048533329991541,WLS,107,0.0019018643869785912
3,UPFC_tsh,5-15,-0.2246693125154491,9,-0.2247138887988874,WLS,107,4.457628343829123e-05
4,UPFC_Vse,5-15,0.06108124525287102,9,0.06154906690260654,WLS,107,0.0004678216497355156
5,UPFC_tse,5-15,-2.1505645120978865,9,-2.152467191160125,WLS,107,0.0019026790622387324
0,x_tcsc,1-14,-0.1401784092536553,10,-0.14029589612584978,WLS,107,0.00011748687219448328
1,B_svc,2,0.3055578172031985,10,0.30588198279745255,WLS,107,0.00032416559425402225
2,UPFC_Vsh,5-15,1.1070321977703825,10,1.1048533329991541,WLS,107,0.002178864771228417
3,UPFC_tsh,5-15,-0.22469116023573507,10,-0.2247138887988874,WLS,107,2.272856315232996e-05
4,UPFC_Vse,5-15,0.06158475849871631,10,0.06154906690260654,WLS,107,3.5691596109770074e-05
5,UPFC_tse,5-15,-2.150551262537,10,-2.152467191160125,WLS,107,0.0019159286231253958
0,x_tcsc,1-14,-0.1401874640137279,11,-0.14029589612584978,WLS,107,0.00010843211212188675
1,B_svc,2,0.30585081243721235,11,0.30588198279745255,WLS,107,3.1170360240195816e-05
2,UPFC_Vsh,5-15,1.1067548496871193,11,1.1048533329991541,WLS,107,0.0019015166879652323
3,UPFC_tsh,5-15,-0.22471319489477196,11,-0.2247138887988874,WLS,107,6.939041154452319e-07
4,UPFC_Vse,5-15,0.06110267869737148,11,0.06154906690260654,WLS,107,0.00044638820523505707
5,UPFC_tse,5-15,-2.149475893527221,11,-2.152467191160125,WLS,107,0.0029912976329042884
0,x_tcsc,1-14,-0.1401870938279929,12,-0.14029589612584978,WLS,107,0.00010880229785686923
1,B_svc,2,0.30519842625298077,12,0.30588198279745255,WLS,107,0.000683556544471775
2,UPFC_Vsh,5-15,1.1067982352395656,12,1.1048533329991541,WLS,107,0.0019449022404114391
3,UPFC_tsh,5-15,-0.22466445085892417,12,-0.2247138887988874,WLS,107,4.943793996323165e-05
4,UPFC_Vse,5-15,0.06135310905513715,12,0.06154906690260654,WLS,107,0.00019595784746938988
5,UPFC_tse,5-15,-2.1467890610462357,12,-2.152467191160125,WLS,107,0.005678130113889512
0,x_tcsc,1-14,-0.14018016769062605,13,-0.14029589612584978,WLS,107,0.00011572843522372755
1,B_svc,2,0.30549242900308127,13,0.30588198279745255,WLS,107,0.0003895537943712779
2,UPFC_Vsh,5-15,1.1068811293409657,13,1.1048533329991541,WLS,107,0.002027796341811605
3,UPFC_tsh,5-15,-0.22468663617665618,13,-0.2247138887988874,WLS,107,2.7252622231216383e-05
4,UPFC_Vse,5-15,0.06073011593913375,13,0.06154906690260654,WLS,107,0.0008189509634727865
5,UPFC_tse,5-15,-2.1529325759866658,13,-2.152467191160125,WLS,107,0.00046538482654057134
0,x_tcsc,1-14,-0.14021451580653724,14,-0.14029589612584978,WLS,107,8.138031931254064e-05
1,B_svc,2,0.3060954554472247,14,0.30588198279745255,WLS,107,0.00021347264977217284
2,UPFC_Vsh,5-15,1.1069646985007784,14,1.1048533329991541,WLS,107,0.002111365501624274
3,UPFC_tsh,5-15,-0.2246732554522129,14,-0.2247138887988874,WLS,107,4.06333466745068e-05
4,UPFC_Vse,5-15,0.061057981289979135,14,0.06154906690260654,WLS,107,0.0004910856126274024
5,UPFC_tse,5-15,-2.152503724335593,14,-2.152467191160125,WLS,107,3.653317546792323e-05
0,x_tcsc,1-14,-0.14017340673049977,15,-0.14029589612584978,WLS,107,0.00012248939535000614
1,B_svc,2,0.30551330366428353,15,0.30588198279745255,WLS,107,0.00036867913316901424
2,UPFC_Vsh,5-15,1.1067760827461783,15,1.1048533329991541,WLS,107,0.0019227497470242216
3,UPFC_tsh,5-15,-0.22464569781866722,15,-0.2247138887988874,WLS,107,6.819098022017855e-05
4,UPFC_Vse,5-15,0.06056830954057202,15,0.06154906690260654,WLS,107,0.0009807573620345192
5,UPFC_tse,5-15,-2.1518030836109254,15,-2.152467191160125,WLS,107,0.0006641075491997661
0,x_tcsc,1-14,-0.14018344467469807,16,-0.14029589612584978,WLS,107,0.00011245145115171273
1,B_svc,2,0.3059497372235881,16,0.30588198279745255,WLS,107,6.775442613554672e-05
2,UPFC_Vsh,5-15,1.1065372653081154,16,1.1048533329991541,WLS,107,0.0016839323089612446
3,UPFC_tsh,5-15,-0.22475820470631186,16,-0.2247138887988874,WLS,107,4.431590742445812e-05
4,UPFC_Vse,5-15,0.061577849309040596,16,0.06154906690260654,WLS,107,2.878240643405805e-05
5,UPFC_tse,5-15,-2.1523075180424627,16,-2.152467191160125,WLS,107,0.00015967311766251768
0,x_tcsc,1-14,-0.140198658912773,17,-0.14029589612584978,WLS,107,9.723721307677846e-05
1,B_svc,2,0.30583815652897833,17,0.30588198279745255,WLS,107,4.3826268474211894e-05
2,UPFC_Vsh,5-15,1.1066189494320948,17,1.1048533329991541,WLS,107,0.0017656164329407087
3,UPFC_tsh,5-15,-0.224679836239974,17,-0.2247138887988874,WLS,107,3.4052558913394426e-05
4,UPFC_Vse,5-15,0.060757997351738584,17,0.06154906690260654,WLS,107,0.0007910695508679538
5,UPFC_tse,5-15,-2.149189677304315,17,-2.152467191160125,WLS,107,0.003277513855810099
0,x_tcsc,1-14,-0.1401986235076487,18,-0.14029589612584978,WLS,107,9.727261820108302e-05
1,B_svc,2,0.30604330574404454,18,0.30588198279745255,WLS,107,0.00016132294659199076
2,UPFC_Vsh,5-15,1.106546119634414,18,1.1048533329991541,WLS,107,0.0016927866352598464
3,UPFC_tsh,5-15,-0.22466786388483792,18,-0.2247138887988874,WLS,107,4.6024914049480614e-05
4,UPFC_Vse,5-15,0.06087472539629765,18,0.06154906690260654,WLS,107,0.0006743415063088856
5,UPFC_tse,5-15,-2.152636413731476,18,-2.152467191160125,WLS,107,0.0001692225713507689
0,x_tcsc,1-14,-0.14019243572379175,19,-0.14029589612584978,WLS,107,0.00010346040205802542
1,B_svc,2,0.30544558554132023,19,0.30588198279745255,WLS,107,0.00043639725613231484
2,UPFC_Vsh,5-15,1.1067636132955254,19,1.1048533329991541,WLS,107,0.0019102802963713028
3,UPFC_tsh,5-15,-0.22468313051807642,19,-0.2247138887988874,WLS,107,3.075828081097742e-05
4,UPFC_Vse,5-15,0.06127331351343284,19,0.06154906690260654,WLS,107,0.00027575338917369685
5,UPFC_tse,5-15,-2.1518492397166793,19,-2.152467191160125,WLS,107,0.0006179514434458966
0,x_tcsc,1-14,-0.14020639523619371,20,-0.14029589612584978,WLS,107,8.95008896560634e-05
1,B_svc,2,0.305575015510352,20,0.30588198279745255,WLS,107,0.0003069672871005569
2,UPFC_Vsh,5-15,1.1072126161498685,20,1.1048533329991541,WLS,107,0.0023592831507144307
3,UPFC_tsh,5-15,-0.22464699093997714,20,-0.2247138887988874,WLS,107,6.689785891025868e-05
4,UPFC_Vse,5-15,0.06093700772181504,20,0.06154906690260654,WLS,107,0.000612059180791498
5,UPFC_tse,5-15,-2.154752464733743,20,-2.152467191160125,WLS,107,0.00228527357361763
0,x_tcsc,1-14,-0.14017296774384297,21,-0.14029589612584978,WLS,107,0.00012292838200680944
1,B_svc,2,0.305442071336884,21,0.30588198279745255,WLS,107,0.0004399114605685428
2,UPFC_Vsh,5-15,1.107059624141327,21,1.1048533329991541,WLS,107,0.002206291142172967
3,UPFC_tsh,5-15,-0.22471347922187984,21,-0.2247138887988874,WLS,107,4.095770075596139e-07
4,UPFC_Vse,5-15,0.06078344318671822,21,0.06154906690260654,WLS,107,0.0007656237158883208
5,UPFC_tse,5-15,-2.1524907979079053,21,-2.152467191160125,WLS,107,2.3606747780124948e-05
0,x_tcsc,1-14,-0.14017422701152835,22,-0.14029589612584978,WLS,107,0.00012166911432143213
1,B_svc,2,0.305678177529491,22,0.30588198279745255,WLS,107,0.0002038052679615432
2,UPFC_Vsh,5-15,1.1067355755730008,22,1.1048533329991541,WLS,107,0.0018822425738467263
3,UPFC_tsh,5-15,-0.22466724067210705,22,-0.2247138887988874,WLS,107,4.6648126780346466e-05
4,UPFC_Vse,5-15,0.06077843695898733,22,0.06154906690260654,WLS,107,0.0007706299436192054
5,UPFC_tse,5-15,-2.151946017378311,22,-2.152467191160125,WLS,107,0.0005211737818142659
0,x_tcsc,1-14,-0.14019423383506394,23,-0.14029589612584978,WLS,107,0.00010166229078584221
1,B_svc,2,0.3054176948379105,23,0.30588198279745255,WLS,107,0.0004642879595420646
2,UPFC_Vsh,5-15,1.1068965224959473,23,1.1048533329991541,WLS,107,0.002043189496793163
3,UPFC_tsh,5-15,-0.22463779396509126,23,-0.2247138887988874,WLS,107,7.609483379614201e-05
4,UPFC_Vse,5-15,0.061083955874652304,23,0.06154906690260654,WLS,107,0.00046511102795423337
5,UPFC_tse,5-15,-2.1535887096013577,23,-2.152467191160125,WLS,107,0.0011215184412325385
0,x_tcsc,1-14,-0.1401838678654311,24,-0.14029589612584978,WLS,107,0.00011202826041867286
1,B_svc,2,0.3057217916565332,24,0.30588198279745255,WLS,107,0.00016019114091936348
2,UPFC_Vsh,5-15,1.1065580878852672,24,1.1048533329991541,WLS,107,0.0017047548861131023
3,UPFC_tsh,5-15,-0.22473538062599344,24,-0.2247138887988874,WLS,107,2.1491827106034922e-05
4,UPFC_Vse,5-15,0.0608983446139063,24,0.06154906690260654,WLS,107,0.0006507222887002367
5,UPFC_tse,5-15,-2.1538075547116184,24,-2.152467191160125,WLS,107,0.001340363551493251
0,x_tcsc,1-14,-0.1401945396584837,25,-0.14029589612584978,WLS,107,0.00010135646736608717
1,B_svc,2,0.3057319561315021,25,0.30588198279745255,WLS,107,0.00015002666595043124
2,UPFC_Vsh,5-15,1.1066684303564052,25,1.1048533329991541,WLS,107,0.0018150973572510498
3,UPFC_tsh,5-15,-0.22466484189423344,25,-0.2247138887988874,WLS,107,4.904690465395989e-05
4,UPFC_Vse,5-15,0.061084496372180205,25,0.06154906690260654,WLS,107,0.0004645705304263323
5,UPFC_tse,5-15,-2.1554500578533546,25,-2.152467191160125,WLS,107,0.0029828666932294468
0,x_tcsc,1-14,-0.14019261761865992,26,-0.14029589612584978,WLS,107,0.00010327850718985787
1,B_svc,2,0.3059471629511292,26,0.30588198279745255,WLS,107,6.518015367668051e-05
2,UPFC_Vsh,5-15,1.1068042286149364,26,1.1048533329991541,WLS,107,0.001950895615782322
3,UPFC_tsh,5-15,-0.2247147805109741,26,-0.2247138887988874,WLS,107,8.917120866980266e-07
4,UPFC_Vse,5-15,0.06110524798895303,26,0.06154906690260654,WLS,107,0.0004438189136535056
5,UPFC_tse,5-15,-2.1552537165827363,26,-2.152467191160125,WLS,107,0.0027865254226111524
0,x_tcsc,1-14,-0.14019591989063118,27,-0.14029589612584978,WLS,107,9.997623521859622e-05
1,B_svc,2,0.30591107887190105,27,0.30588198279745255,WLS,107,2.9096074448509146e-05
2,UPFC_Vsh,5-15,1.1068981917449434,27,1.1048533329991541,WLS,107,0.002044858745789302
3,UPFC_tsh,5-15,-0.22469622917946486,27,-0.2247138887988874,WLS,107,1.7659619422544237e-05
4,UPFC_Vse,5-15,0.0611982882495753,27,0.06154906690260654,WLS,107,0.00035077865303123623
5,UPFC_tse,5-15,-2.1523714913886676,27,-2.152467191160125,WLS,107,9.569977145762465e-05
0,x_tcsc,1-14,-0.14019777844989637,28,-0.14029589612584978,WLS,107,9.811767595341303e-05
1,B_svc,2,0.3052952814952793,28,0.30588198279745255,WLS,107,0.0005867013021732537
2,UPFC_Vsh,5-15,1.1068262306807695,28,1.1048533329991541,WLS,107,0.0019728976816153487
3,UPFC_tsh,5-15,-0.22468019309241108,28,-0.2247138887988874,WLS,107,3.369570647632214e-05
4,UPFC_Vse,5-15,0.0609244372569947,28,0.06154906690260654,WLS,107,0.0006246296456118364
5,UPFC_tse,5-15,-2.1544467660427467,28,-2.152467191160125,WLS,107,0.00197957488262146
0,x_tcsc,1-14,-0.14018676871395355,29,-0.14029589612584978,WLS,107,0.00010912741189622599
1,B_svc,2,0.3052401301784225,29,0.30588198279745255,WLS,107,0.0006418526190300478
2,UPFC_Vsh,5-15,1.1069447885649994,29,1.1048533329991541,WLS,107,0.002091455565845335
3,UPFC_tsh,5-15,-0.22467930654895132,29,-0.2247138887988874,WLS,107,3.458224993607706e-05
4,UPFC_Vse,5-15,0.061012272955074505,29,0.06154906690260654,WLS,107,0.0005367939475320327
5,UPFC_tse,5-15,-2.1511756583626935,29,-2.152467191160125,WLS,107,0.0012915327974316604
0,x_tcsc,1-14,-0.14018194095560677,30,-0.14029589612584978,WLS,107,0.00011395517024301305
1,B_svc,2,0.30512659739830306,30,0.30588198279745255,WLS,107,0.0007553853991494885
2,UPFC_Vsh,5-15,1.1067144058323068,30,1.1048533329991541,WLS,107,0.0018610728331527326
3,UPFC_tsh,5-15,-0.2246669296745996,30,-0.2247138887988874,WLS,107,4.695912428778759e-05
4,UPFC_Vse,5-15,0.06087794981911317,30,0.06154906690260654,WLS,107,0.0006711170834933708
5,UPFC_tse,5-15,-2.152614296629805,30,-2.152467191160125,WLS,107,0.00014710546967977578
0,x_tcsc,1-14,-0.1402005675906422,31,-0.14029589612584978,WLS,107,9.532853520757834e-05
1,B_svc,2,0.305695830262327,31,0.30588198279745255,WLS,107,0.00018615253512554997
2,UPFC_Vsh,5-15,1.106870992062036,31,1.1048533329991541,WLS,107,0.0020176590628819824
3,UPFC_tsh,5-15,-0.2246540371778021,31,-0.2247138887988874,WLS,107,5.985162108529396e-05
4,UPFC_Vse,5-15,0.060843887807621254,31,0.06154906690260654,WLS,107,0.0007051790949852837
5,UPFC_tse,5-15,-2.153843383358832,31,-2.152467191160125,WLS,107,0.0013761921987067716
0,x_tcsc,1-14,-0.14019028202024836,32,-0.14029589612584978,WLS,107,0.00010561410560142037
1,B_svc,2,0.3053958290862261,32,0.30588198279745255,WLS,107,0.0004861537112264558
2,UPFC_Vsh,5-15,1.1070331337339185,32,1.1048533329991541,WLS,107,0.0021798007347644255
3,UPFC_tsh,5-15,-0.2246450445700067,32,-0.2247138887988874,WLS,107,6.884422888070452e-05
4,UPFC_Vse,5-15,0.06055606271348297,32,0.06154906690260654,WLS,107,0.0009930041891235697
5,UPFC_tse,5-15,-2.1544127213684496,32,-2.152467191160125,WLS,107,0.001945530208324442
0,x_tcsc,1-14,-0.1401771942021065,33,-0.14029589612584978,WLS,107,0.00011870192374327515
1,B_svc,2,0.3059556121746649,33,0.30588198279745255,WLS,107,7.362937721233642e-05
2,UPFC_Vsh,5-15,1.106730649994144,33,1.1048533329991541,WLS,107,0.0018773169949899415
3,UPFC_tsh,5-15,-0.2246251521303661,33,-0.2247138887988874,WLS,107,8.87366685212998e-05
4,UPFC_Vse,5-15,0.060821485161622384,33,0.06154906690260654,WLS,107,0.000727581740984154
5,UPFC_tse,5-15,-2.1532693404404863,33,-2.152467191160125,WLS,107,0.000802149280361153
0,x_tcsc,1-14,-0.14020461993189132,34,-0.14029589612584978,WLS,107,9.127619395846165e-05
1,B_svc,2,0.3053899849548733,34,0.30588198279745255,WLS,107,0.0004919978425792504
2,UPFC_Vsh,5-15,1.1066731085785568,34,1.1048533329991541,WLS,107,0.001819775579402716
3,UPFC_tsh,5-15,-0.22465778610450207,34,-0.2247138887988874,WLS,107,5.610269438532933e-05
4,UPFC_Vse,5-15,0.06090139667843234,34,0.06154906690260654,WLS,107,0.0006476702241741961
5,UPFC_tse,5-15,-2.152813041908381,34,-2.152467191160125,WLS,107,0.00034585074825566053
0,x_tcsc,1-14,-0.14018813655860957,35,-0.14029589612584978,WLS,107,0.00010775956724021207
1,B_svc,2,0.3059150369229828,35,0.30588198279745255,WLS,107,3.305412553022968e-05
2,UPFC_Vsh,5-15,1.1072826663236393,35,1.1048533329991541,WLS,107,0.002429333324485139
3,UPFC_tsh,5-15,-0.22461948596755238,35,-0.2247138887988874,WLS,107,9.440283133502203e-05
4,UPFC_Vse,5-15,0.060847582807239606,35,0.06154906690260654,WLS,107,0.0007014840953669318
5,UPFC_tse,5-15,-2.1531804285622123,35,-2.152467191160125,WLS,107,0.0007132374020870635
0,x_tcsc,1-14,-0.14019455112614818,36,-0.14029589612584978,WLS,107,0.00010134499970160249
1,B_svc,2,0.30561102895397035,36,0.30588198279745255,WLS,107,0.0002709538434821912
2,UPFC_Vsh,5-15,1.1068338726199185,36,1.1048533329991541,WLS,107,0.0019805396207643877
3,UPFC_tsh,5-15,-0.2246650028167694,36,-0.2247138887988874,WLS,107,4.888598211799655e-05
4,UPFC_Vse,5-15,0.06114715136130064,36,0.06154906690260654,WLS,107,0.0004019155413058986
5,UPFC_tse,5-15,-2.15457779956496,36,-2.152467191160125,WLS,107,0.0021106084048350127
0,x_tcsc,1-14,-0.14018778492182823,37,-0.14029589612584978,WLS,107,0.00010811120402154373
1,B_svc,2,0.3059796673545399,37,0.30588198279745255,WLS,107,9.768455708736301e-05
2,UPFC_Vsh,5-15,1.1071103285641004,37,1.1048533329991541,WLS,107,0.002256995564946296
3,UPFC_tsh,5-15,-0.22466390042432843,37,-0.2247138887988874,WLS,107,4.9988374558967985e-05
4,UPFC_Vse,5-15,0.06040668889444288,37,0.06154906690260654,WLS,107,0.0011423780081636567
5,UPFC_tse,5-15,-2.156724310993167,37,-2.152467191160125,WLS,107,0.004257119833041667
0,x_tcsc,1-14,-0.14019337502682597,38,-0.14029589612584978,WLS,107,0.00010252109902381124
1,B_svc,2,0.3058057821419695,38,0.30588198279745255,WLS,107,7.620065548302746e-05
2,UPFC_Vsh,5-15,1.1069963816052337,38,1.1048533329991541,WLS,107,0.0021430486060796117
3,UPFC_tsh,5-15,-0.22468432124363608,38,-0.2247138887988874,WLS,107,2.956755525132526e-05
4,UPFC_Vse,5-15,0.0610201323416014,38,0.06154906690260654,WLS,107,0.0005289345610051399
5,UPFC_tse,5-15,-2.1502425642708007,38,-2.152467191160125,WLS,107,0.0022246268893244547
0,x_tcsc,1-14,-0.1401905252909786,39,-0.14029589612584978,WLS,107,0.00010537083487116572
1,B_svc,2,0.30621986185921357,39,0.30588198279745255,WLS,107,0.0003378790617610261
2,UPFC_Vsh,5-15,1.1067830617806826,39,1.1048533329991541,WLS,107,0.001929728781528528
3,UPFC_tsh,5-15,-0.22467907792990785,39,-0.2247138887988874,WLS,107,3.481086897955121e-05
4,UPFC_Vse,5-15,0.060736200588005475,39,0.06154906690260654,WLS,107,0.0008128663146010628
5,UPFC_tse,5-15,-2.150706325585738,39,-2.152467191160125,WLS,107,0.0017608655743872603
0,x_tcsc,1-14,-0.14019693416455675,40,-0.14029589612584978,WLS,107,9.896196129302592e-05
1,B_svc,2,0.3057303006708723,40,0.30588198279745255,WLS,107,0.0001516821265802326
2,UPFC_Vsh,5-15,1.106638732484191,40,1.1048533329991541,WLS,107,0.0017853994850369759
3,UPFC_tsh,5-15,-0.22462151620067827,40,-0.2247138887988874,WLS,107,9.237259820912835e-05
4,UPFC_Vse,5-15,0.06113827438460639,40,0.06154906690260654,WLS,107,0.0004107925180001498
5,UPFC_tse,5-15,-2.152386034106052,40,-2.152467191160125,WLS,107,8.115705407307772e-05
0,x_tcsc,1-14,-0.1401817712718198,41,-0.14029589612584978,WLS,107,0.00011412485402997885
1,B_svc,2,0.30619925857106756,41,0.30588198279745255,WLS,107,0.00031727577361501114
2,UPFC_Vsh,5-15,1.1069185275566555,41,1.1048533329991541,WLS,107,0.0020651945575014263
3,UPFC_tsh,5-15,-0.22470954186096478,41,-0.2247138887988874,WLS,107,4.346937922616867e-06
4,UPFC_Vse,5-15,0.06097164211447032,41,0.06154906690260654,WLS,107,0.000577424788136216
5,UPFC_tse,5-15,-2.155386884927164,41,-2.152467191160125,WLS,107,0.0029196937670388223
0,x_tcsc,1-14,-0.14018694909802035,42,-0.14029589612584978,WLS,107,0.00010894702782943133
1,B_svc,2,0.30554391942148185,42,0.30588198279745255,WLS,107,0.0003380633759706986
2,UPFC_Vsh,5-15,1.1068729308135996,42,1.1048533329991541,WLS,107,0.002019597814445495
3,UPFC_tsh,5-15,-0.22466417184545714,42,-0.2247138887988874,WLS,107,4.9716953430256616e-05
4,UPFC_Vse,5-15,0.06099228663419638,42,0.06154906690260654,WLS,107,0.000556780268410155
5,UPFC_tse,5-15,-2.150173458379865,42,-2.152467191160125,WLS,107,0.002293732780260349
0,x_tcsc,1-14,-0.14017623360798853,43,-0.14029589612584978,WLS,107,0.00011966251786124649
1,B_svc,2,0.30540066476875793,43,0.30588198279745255,WLS,107,0.0004813180286946106
2,UPFC_Vsh,5-15,1.1067233459011825,43,1.1048533329991541,WLS,107,0.001870012902028373
3,UPFC_tsh,5-15,-0.22466410200353504,43,-0.2247138887988874,WLS,107,4.978679535236341e-05
4,UPFC_Vse,5-15,0.06119977716198907,43,0.06154906690260654,WLS,107,0.0003492897406174658
5,UPFC_tse,5-15,-2.1529379798324695,43,-2.152467191160125,WLS,107,0.0004707886723442911
0,x_tcsc,1-14,-0.1401921251521286,44,-0.14029589612584978,WLS,107,0.00010377097372119004
1,B_svc,2,0.3053944017351158,44,0.30588198279745255,WLS,107,0.00048758106233676157
2,UPFC_Vsh,5-15,1.1068277081542415,44,1.1048533329991541,WLS,107,0.00197437515508736
3,UPFC_tsh,5-15,-0.22470923506740093,44,-0.2247138887988874,WLS,107,4.653731486475854e-06
4,UPFC_Vse,5-15,0.060913359764198656,44,0.06154906690260654,WLS,107,0.0006357071384078816
5,UPFC_tse,5-15,-2.15201074919395,44,-2.152467191160125,WLS,107,0.000456441966175003
0,x_tcsc,1-14,-0.1402057703791875,45,-0.14029589612584978,WLS,107,9.012574666228401e-05
1,B_svc,2,0.3058613914185106,45,0.30588198279745255,WLS,107,2.0591378941947625e-05
2,UPFC_Vsh,5-15,1.1068735768631643,45,1.1048533329991541,WLS,107,0.0020202438640102294
3,UPFC_tsh,5-15,-0.22468232001669902,45,-0.2247138887988874,WLS,107,3.156878218837922e-05
4,UPFC_Vse,5-15,0.060859550164102355,45,0.06154906690260654,WLS,107,0.0006895167385041825
5,UPFC_tse,5-15,-2.151342502019823,45,-2.152467191160125,WLS,107,0.0011246891403020598
0,x_tcsc,1-14,-0.14019379249166986,46,-0.14029589612584978,WLS,107,0.00010210363417992308
1,B_svc,2,0.30572844254181597,46,0.30588198279745255,WLS,107,0.00015354025563657503
2,UPFC_Vsh,5-15,1.1070182541493556,46,1.1048533329991541,WLS,107,0.0021649211502015042
3,UPFC_tsh,5-15,-0.22458277430466236,46,-0.2247138887988874,WLS,107,0.00013111449422503751
4,UPFC_Vse,5-15,0.06095349834973816,46,0.06154906690260654,WLS,107,0.0005955685528683807
5,UPFC_tse,5-15,-2.1523637420198773,46,-2.152467191160125,WLS,107,0.00010344914024784657
0,x_tcsc,1-14,-0.14018256062518025,47,-0.14029589612584978,WLS,107,0.0001133355006695258
1,B_svc,2,0.3056788358739355,47,0.30588198279745255,WLS,107,0.000203146923517028
2,UPFC_Vsh,5-15,1.1065362272194574,47,1.1048533329991541,WLS,107,0.0016828942203033215
3,UPFC_tsh,5-15,-0.22465893656450397,47,-0.2247138887988874,WLS,107,5.4952234383426335e-05
4,UPFC_Vse,5-15,0.06085368713365694,47,0.06154906690260654,WLS,107,0.0006953797689495944
5,UPFC_tse,5-15,-2.1481902030787365,47,-2.152467191160125,WLS,107,0.004276988081388655
0,x_tcsc,1-14,-0.1402038495716806,48,-0.14029589612584978,WLS,107,9.20465541691673e-05
1,B_svc,2,0.30569057185297127,48,0.30588198279745255,WLS,107,0.00019141094448127394
2,UPFC_Vsh,5-15,1.106481563663428,48,1.1048533329991541,WLS,107,0.0016282306642738664
3,UPFC_tsh,5-15,-0.22479798967879938,48,-0.2247138887988874,WLS,107,8.410087991198023e-05
4,UPFC_Vse,5-15,0.06119443716547602,48,0.06154906690260654,WLS,107,0.0003546297371305185
5,UPFC_tse,5-15,-2.1555768485182583,48,-2.152467191160125,WLS,107,0.0031096573581330667
0,x_tcsc,1-14,-0.14018395969372485,49,-0.14029589612584978,WLS,107,0.0001119364321249261
1,B_svc,2,0.30522097778178475,49,0.30588198279745255,WLS,107,0.0006610050156677927
2,UPFC_Vsh,5-15,1.1070181839338498,49,1.1048533329991541,WLS,107,0.00216485093469565
3,UPFC_tsh,5-15,-0.2246667894590882,49,-0.2247138887988874,WLS,107,4.709933979921144e-05
4,UPFC_Vse,5-15,0.0611265843464208,49,0.06154906690260654,WLS,107,0.00042248255618573816
5,UPFC_tse,5-15,-2.155385689374049,49,-2.152467191160125,WLS,107,0.002918498213923648
0,x_tcsc,1-14,-0.14020309141385484,50,-0.14029589612584978,WLS,107,9.280471199493712e-05
1,B_svc,2,0.30557185526912645,50,0.30588198279745255,WLS,107,0.00031012752832609847
2,UPFC_Vsh,5-15,1.1069785381072939,50,1.1048533329991541,WLS,107,0.0021252051081397383
3,UPFC_tsh,5-15,-0.2246941758113217,50,-0.2247138887988874,WLS,107,1.9712987565700946e-05
4,UPFC_Vse,5-15,0.06100663243216318,50,0.06154906690260654,WLS,107,0.0005424344704433592
5,UPFC_tse,5-15,-2.1521541314708696,50,-2.152467191160125,WLS,107,0.00031305968925554595
0,x_tcsc,1-14,-0.14019043207317813,51,-0.14029589612584978,WLS,107,0.00010546405267164438
1,B_svc,2,0.3057823857273712,51,0.30588198279745255,WLS,107,9.959707008133645e-05
2,UPFC_Vsh,5-15,1.1065712212215943,51,1.1048533329991541,WLS,107,0.0017178882224402336
3,UPFC_tsh,5-15,-0.2246604304417209,51,-0.2247138887988874,WLS,107,5.345835716649705e-05
4,UPFC_Vse,5-15,0.06102751096654333,51,0.06154906690260654,WLS,107,0.000521555936063206
5,UPFC_tse,5-15,-2.150950300850887,51,-2.152467191160125,WLS,107,0.0015168903092384056
0,x_tcsc,1-14,-0.14018510659966057,52,-0.14029589612584978,WLS,107,0.00011078952618920335
1,B_svc,2,0.3059419046589252,52,0.30588198279745255,WLS,107,5.9921861472633786e-05
2,UPFC_Vsh,5-15,1.1066514415410942,52,1.1048533329991541,WLS,107,0.0017981085419400689
3,UPFC_tsh,5-15,-0.22468324324032876,52,-0.2247138887988874,WLS,107,3.0645558558639596e-05
4,UPFC_Vse,5-15,0.060960478596159676,52,0.06154906690260654,WLS,107,0.0005885883064468619
5,UPFC_tse,5-15,-2.152734087001075,52,-2.152467191160125,WLS,107,0.0002668958409497435
0,x_tcsc,1-14,-0.1401725460669687,53,-0.14029589612584978,WLS,107,0.00012335005888108874
1,B_svc,2,0.3059512376494514,53,0.30588198279745255,WLS,107,6.925485199887893e-05
2,UPFC_Vsh,5-15,1.1070796439772679,53,1.1048533329991541,WLS,107,0.0022263109781137658
3,UPFC_tsh,5-15,-0.22470174047603028,53,-0.2247138887988874,WLS,107,1.2148322857119531e-05
4,UPFC_Vse,5-15,0.061013782008020184,53,0.06154906690260654,WLS,107,0.0005352848945863534
5,UPFC_tse,5-15,-2.1500606566085967,53,-2.152467191160125,WLS,107,0.0024065345515285053
0,x_tcsc,1-14,-0.14017945284825242,54,-0.14029589612584978,WLS,107,0.00011644327759735562
1,B_svc,2,0.3059365534145637,54,0.30588198279745255,WLS,107,5.4570617111171504e-05
2,UPFC_Vsh,5-15,1.1067703808596947,54,1.1048533329991541,WLS,107,0.0019170478605405883
3,UPFC_tsh,5-15,-0.2247142636080186,54,-0.2247138887988874,WLS,107,3.7480913120391257e-07
4,UPFC_Vse,5-15,0.06124577309604815,54,0.06154906690260654,WLS,107,0.00030329380655838567
5,UPFC_tse,5-15,-2.1526140323552627,54,-2.152467191160125,WLS,107,0.00014684119513752592
0,x_tcsc,1-14,-0.1401716992558046,55,-0.14029589612584978,WLS,107,0.00012419687004516788
1,B_svc,2,0.3059493289454291,55,0.30588198279745255,WLS,107,6.734614797654359e-05
2,UPFC_Vsh,5-15,1.106692054095845,55,1.1048533329991541,WLS,107,0.0018387210966908096
3,UPFC_tsh,5-15,-0.2247667851061716,55,-0.2247138887988874,WLS,107,5.289630728419481e-05
4,UPFC_Vse,5-15,0.06110118258785264,55,0.06154906690260654,WLS,107,0.0004478843147538991
5,UPFC_tse,5-15,-2.1538447427894503,55,-2.152467191160125,WLS,107,0.001377551629325069
0,x_tcsc,1-14,-0.14018354221475432,56,-0.14029589612584978,WLS,107,0.00011235391109545856
1,B_svc,2,0.3057285281354643,56,0.30588198279745255,WLS,107,0.00015345466198823932
2,UPFC_Vsh,5-15,1.1067106463313965,56,1.1048533329991541,WLS,107,0.0018573133322423718
3,UPFC_tsh,5-15,-0.22465839360189394,56,-0.2247138887988874,WLS,107,5.5495196993465834e-05
4,UPFC_Vse,5-15,0.06105379448420727,56,0.06154906690260654,WLS,107,0.0004952724183992646
5,UPFC_tse,5-15,-2.1525063830363047,56,-2.152467191160125,WLS,107,3.919187617951181e-05
0,x_tcsc,1-14,-0.14017691807899357,57,-0.14029589612584978,WLS,107,0.00011897804685620517
1,B_svc,2,0.3054165046911747,57,0.30588198279745255,WLS,107,0.00046547810627783903
2,UPFC_Vsh,5-15,1.1067875426140883,57,1.1048533329991541,WLS,107,0.0019342096149341792
3,UPFC_tsh,5-15,-0.2246385378911091,57,-0.2247138887988874,WLS,107,7.535090777829878e-05
4,UPFC_Vse,5-15,0.060572512935490715,57,0.06154906690260654,WLS,107,0.000976553967115823
5,UPFC_tse,5-15,-2.153859396845306,57,-2.152467191160125,WLS,107,0.0013922056851809472
0,x_tcsc,1-14,-0.14019766013119625,58,-0.14029589612584978,WLS,107,9.823599465352828e-05
1,B_svc,2,0.30560027560115977,58,0.30588198279745255,WLS,107,0.00028170719629277974
2,UPFC_Vsh,5-15,1.106434624919652,58,1.1048533329991541,WLS,107,0.0015812919204978293
3,UPFC_tsh,5-15,-0.22468969842010292,58,-0.2247138887988874,WLS,107,2.419037878448327e-05
4,UPFC_Vse,5-15,0.06122131640304957,58,0.06154906690260654,WLS,107,0.0003277504995569669
5,UPFC_tse,5-15,-2.151228241484448,58,-2.152467191160125,WLS,107,0.001238949675677059
0,x_tcsc,1-14,-0.1401846434364937,59,-0.14029589612584978,WLS,107,0.00011125268935607835
1,B_svc,2,0.3053513001380954,59,0.30588198279745255,WLS,107,0.000530682659357129
2,UPFC_Vsh,5-15,1.1065489642202926,59,1.1048533329991541,WLS,107,0.0016956312211384716
3,UPFC_tsh,5-15,-0.22474940511938735,59,-0.2247138887988874,WLS,107,3.551632049994535e-05
4,UPFC_Vse,5-15,0.06117463056482766,59,0.06154906690260654,WLS,107,0.0003744363377788801
5,UPFC_tse,5-15,-2.1530900954480856,59,-2.152467191160125,WLS,107,0.000622904287960413
0,x_tcsc,1-14,-0.14019600883027866,60,-0.14029589612584978,WLS,107,9.988729557111609e-05
1,B_svc,2,0.30603220993572555,60,0.30588198279745255,WLS,107,0.00015022713827300693
2,UPFC_Vsh,5-15,1.106616836873853,60,1.1048533329991541,WLS,107,0.001763503874698813
3,UPFC_tsh,5-15,-0.22464143305264814,60,-0.2247138887988874,WLS,107,7.245574623926387e-05
4,UPFC_Vse,5-15,0.06107004997358295,60,0.06154906690260654,WLS,107,0.000479016929023586
5,UPFC_tse,5-15,-2.1530323439272134,60,-2.152467191160125,WLS,107,0.0005651527670882395
0,x_tcsc,1-14,-0.14019715999058938,61,-0.14029589612584978,WLS,107,9.873613526040215e-05
1,B_svc,2,0.3061304800364176,61,0.30588198279745255,WLS,107,0.0002484972389650286
2,UPFC_Vsh,5-15,1.1067960370224135,61,1.1048533329991541,WLS,107,0.0019427040232593562
3,UPFC_tsh,5-15,-0.22475239269518388,61,-0.2247138887988874,WLS,107,3.850389629647677e-05
4,UPFC_Vse,5-15,0.061096917903285204,61,0.06154906690260654,WLS,107,0.00045214899932133346
5,UPFC_tse,5-15,-2.1523112854614297,61,-2.152467191160125,WLS,107,0.00015590569869550208
0,x_tcsc,1-14,-0.1401883668990475,62,-0.14029589612584978,WLS,107,0.00010752922680226651
1,B_svc,2,0.30587033837192296,62,0.30588198279745255,WLS,107,1.1644425529588887e-05
2,UPFC_Vsh,5-15,1.1070279034867598,62,1.1048533329991541,WLS,107,0.0021745704876057204
3,UPFC_tsh,5-15,-0.22464525937986238,62,-0.2247138887988874,WLS,107,6.862941902502362e-05
4,UPFC_Vse,5-15,0.060358513481449244,62,0.06154906690260654,WLS,107,0.0011905534211572935
5,UPFC_tse,5-15,-2.1538117557381637,62,-2.152467191160125,WLS,107,0.001344564578038554
0,x_tcsc,1-14,-0.14020477402380177,63,-0.14029589612584978,WLS,107,9.112210204800797e-05
1,B_svc,2,0.30598788812003874,63,0.30588198279745255,WLS,107,0.00010590532258619723
2,UPFC_Vsh,5-15,1.1069324046104232,63,1.1048533329991541,WLS,107,0.002079071611269079
3,UPFC_tsh,5-15,-0.22462893196417452,63,-0.2247138887988874,WLS,107,8.495683471287929e-05
4,UPFC_Vse,5-15,0.06044022186714746,63,0.06154906690260654,WLS,107,0.0011088450354590773
5,UPFC_tse,5-15,-2.153964137575208,63,-2.152467191160125,WLS,107,0.0014969464150826894
0,x_tcsc,1-14,-0.14019928447271537,64,-0.14029589612584978,WLS,107,9.661165313440412e-05
1,B_svc,2,0.3055905712492985,64,0.30588198279745255,WLS,107,0.00029141154815404136
2,UPFC_Vsh,5-15,1.1067770540869153,64,1.1048533329991541,WLS,107,0.0019237210877611766
3,UPFC_tsh,5-15,-0.22468909864717446,64,-0.2247138887988874,WLS,107,2.479015171294452e-05
4,UPFC_Vse,5-15,0.06103243065395464,64,0.06154906690260654,WLS,107,0.0005166362486518986
5,UPFC_tse,5-15,-2.149350013471686,64,-2.152467191160125,WLS,107,0.00311717768843911
0,x_tcsc,1-14,-0.14019724821122567,65,-0.14029589612584978,WLS,107,9.864791462410594e-05
1,B_svc,2,0.3056515604736464,65,0.30588198279745255,WLS,107,0.00023042232380615646
2,UPFC_Vsh,5-15,1.1068325064019922,65,1.1048533329991541,WLS,107,0.0019791734028380414
3,UPFC_tsh,5-15,-0.22465120756826076,65,-0.2247138887988874,WLS,107,6.268123062663777e-05
4,UPFC_Vse,5-15,0.060955742885578444,65,0.06154906690260654,WLS,107,0.0005933240170280935
5,UPFC_tse,5-15,-2.150824344668631,65,-2.152467191160125,WLS,107,0.0016428464914941543
0,x_tcsc,1-14,-0.14019051790480797,66,-0.14029589612584978,WLS,107,0.00010537822104181305
1,B_svc,2,0.3059609383397434,66,0.30588198279745255,WLS,107,7.895554229087054e-05
2,UPFC_Vsh,5-15,1.106759796011853,66,1.1048533329991541,WLS,107,0.0019064630126988114
3,UPFC_tsh,5-15,-0.2246887356977388,66,-0.2247138887988874,WLS,107,2.5153101148589485e-05
4,UPFC_Vse,5-15,0.06105902974701495,66,0.06154906690260654,WLS,107,0.000490037155591587
5,UPFC_tse,5-15,-2.150424849669263,66,-2.152467191160125,WLS,107,0.002042341490862132
0,x_tcsc,1-14,-0.14017401096656126,67,-0.14029589612584978,WLS,107,0.00012188515928851507
1,B_svc,2,0.3056705564957155,67,0.30588198279745255,WLS,107,0.0002114263017370388
2,UPFC_Vsh,5-15,1.1071814114956435,67,1.1048533329991541,WLS,107,0.0023280784964894163
3,UPFC_tsh,5-15,-0.22467310121104958,67,-0.2247138887988874,WLS,107,4.078758783782055e-05
4,UPFC_Vse,5-15,0.06117027463580239,67,0.06154906690260654,WLS,107,0.000378792266804151
5,UPFC_tse,5-15,-2.1512090481840795,67,-2.152467191160125,WLS,107,0.0012581429760456508
0,x_tcsc,1-14,-0.1402085696684389,68,-0.14029589612584978,WLS,107,8.732645741088563e-05
1,B_svc,2,0.30608466102075527,68,0.30588198279745255,WLS,107,0.00020267822330272134
2,UPFC_Vsh,5-15,1.1067440174453747,68,1.1048533329991541,WLS,107,0.0018906844462205363
3,UPFC_tsh,5-15,-0.22467606004782548,68,-0.2247138887988874,WLS,107,3.7828751061924626e-05
4,UPFC_Vse,5-15,0.061214740208724826,68,0.06154906690260654,WLS,107,0.0003343266938817119
5,UPFC_tse,5-15,-2.1523285332329114,68,-2.152467191160125,WLS,107,0.00013865792721379222
0,x_tcsc,1-14,-0.14019455794341032,69,-0.14029589612584978,WLS,107,0.0001013381824394588
1,B_svc,2,0.3061531331959614,69,0.30588198279745255,WLS,107,0.0002711503985088348
2,UPFC_Vsh,5-15,1.1066068279820667,69,1.1048533329991541,WLS,107,0.0017534949829125512
3,UPFC_tsh,5-15,-0.2247095268209741,69,-0.2247138887988874,WLS,107,4.361977913314163e-06
4,UPFC_Vse,5-15,0.06068466572605433,69,0.06154906690260654,WLS,107,0.0008644011765522042
5,UPFC_tse,5-15,-2.1565374471294496,69,-2.152467191160125,WLS,107,0.004070255969324421
0,x_tcsc,1-14,-0.140204977630693,70,-0.14029589612584978,WLS,107,9.091849515677208e-05
1,B_svc,2,0.30620314599120146,70,0.30588198279745255,WLS,107,0.000321163193748919
2,UPFC_Vsh,5-15,1.1069560687679658,70,1.1048533329991541,WLS,107,0.002102735768811703
3,UPFC_tsh,5-15,-0.22467723208669493,70,-0.2247138887988874,WLS,107,3.665671219246769e-05
4,UPFC_Vse,5-15,0.06087798026117827,70,0.06154906690260654,WLS,107,0.000671086641428266
5,UPFC_tse,5-15,-2.151727229413458,70,-2.152467191160125,WLS,107,0.0007399617466670172
0,x_tcsc,1-14,-0.1401978489978577,71,-0.14029589612584978,WLS,107,9.804712799207915e-05
1,B_svc,2,0.30554941316439094,71,0.30588198279745255,WLS,107,0.0003325696330616079
2,UPFC_Vsh,5-15,1.1071338853516421,71,1.1048533329991541,WLS,107,0.00228055235248803
3,UPFC_tsh,5-15,-0.22467366187161567,71,-0.2247138887988874,WLS,107,4.0226927271735935e-05
4,UPFC_Vse,5-15,0.060526814644491944,71,0.06154906690260654,WLS,107,0.0010222522581145935
5,UPFC_tse,5-15,-2.1543806363524376,71,-2.152467191160125,WLS,107,0.0019134451923124018
0,x_tcsc,1-14,-0.1401991898567048,72,-0.14029589612584978,WLS,107,9.670626914498603e-05
1,B_svc,2,0.30568405317571595,72,0.30588198279745255,WLS,107,0.00019792962173659223
2,UPFC_Vsh,5-15,1.106861559759553,72,1.1048533329991541,WLS,107,0.0020082267603989123
3,UPFC_tsh,5-15,-0.22463584502435574,72,-0.2247138887988874,WLS,107,7.804377453166089e-05
4,UPFC_Vse,5-15,0.060860723894287025,72,0.06154906690260654,WLS,107,0.0006883430083195127
5,UPFC_tse,5-15,-2.1526776682289204,72,-2.152467191160125,WLS,107,0.00021047706879517847
0,x_tcsc,1-14,-0.14021171373436278,73,-0.14029589612584978,WLS,107,8.418239148699769e-05
1,B_svc,2,0.30547148409830543,73,0.30588198279745255,WLS,107,0.00041049869914711046
2,UPFC_Vsh,5-15,1.106762536245109,73,1.1048533329991541,WLS,107,0.0019092032459548935
3,UPFC_tsh,5-15,-0.2246904996447056,73,-0.2247138887988874,WLS,107,2.3389154181790994e-05
4,UPFC_Vse,5-15,0.06110864242336358,73,0.06154906690260654,WLS,107,0.0004404244792429596
5,UPFC_tse,5-15,-2.151855036438791,73,-2.152467191160125,WLS,107,0.000612154721334246
0,x_tcsc,1-14,-0.14019077701559013,74,-0.14029589612584978,WLS,107,0.00010511911025964937
1,B_svc,2,0.3055245011487402,74,0.30588198279745255,WLS,107,0.00035748164871235444
2,UPFC_Vsh,5-15,1.1066759546009655,74,1.1048533329991541,WLS,107,0.0018226216018113472
3,UPFC_tsh,5-15,-0.22465677129883446,74,-0.2247138887988874,WLS,107,5.711750005293892e-05
4,UPFC_Vse,5-15,0.06108819820980932,74,0.06154906690260654,WLS,107,0.0004608686927972186
5,UPFC_tse,5-15,-2.1504653848576782,74,-2.152467191160125,WLS,107,0.0020018063024469512
0,x_tcsc,1-14,-0.140199563658474,75,-0.14029589612584978,WLS,107,9.63324673757815e-05
1,B_svc,2,0.3061822598355916,75,0.30588198279745255,WLS,107,0.0003002770381390629
2,UPFC_Vsh,5-15,1.1067507871547588,75,1.1048533329991541,WLS,107,0.0018974541556047164
3,UPFC_tsh,5-15,-0.2246923129703048,75,-0.2247138887988874,WLS,107,2.157582858258733e-05
4,UPFC_Vse,5-15,0.06081130193459211,75,0.06154906690260654,WLS,107,0.0007377649680144274
5,UPFC_tse,5-15,-2.154003003390126,75,-2.152467191160125,WLS,107,0.001535812230000655
0,x_tcsc,1-14,-0.14019532170569537,76,-0.14029589612584978,WLS,107,0.00010057442015440343
1,B_svc,2,0.3057785004207885,76,0.30588198279745255,WLS,107,0.00010348237666402138
2,UPFC_Vsh,5-15,1.1069626262479884,76,1.1048533329991541,WLS,107,0.002109293248834243
3,UPFC_tsh,5-15,-0.22469777119833612,76,-0.2247138887988874,WLS,107,1.6117600551285305e-05
4,UPFC_Vse,5-15,0.0613694725391285,76,0.06154906690260654,WLS,107,0.00017959436347803753
5,UPFC_tse,5-15,-2.152259271137067,76,-2.152467191160125,WLS,107,0.00020792002305825008
0,x_tcsc,1-14,-0.14020379307311087,77,-0.14029589612584978,WLS,107,9.210305273890662e-05
1,B_svc,2,0.305716433558776,77,0.30588198279745255,WLS,107,0.00016554923867656557
2,UPFC_Vsh,5-15,1.1069685948089925,77,1.1048533329991541,WLS,107,0.0021152618098383424
3,UPFC_tsh,5-15,-0.2246800374921525,77,-0.2247138887988874,WLS,107,3.38513067348889e-05
4,UPFC_Vse,5-15,0.06108876689857615,77,0.06154906690260654,WLS,107,0.0004603000040303909
5,UPFC_tse,5-15,-2.156026976071203,77,-2.152467191160125,WLS,107,0.003559784911078001
0,x_tcsc,1-14,-0.14017600574224034,78,-0.14029589612584978,WLS,107,0.00011989038360943338
1,B_svc,2,0.30535854860299355,78,0.30588198279745255,WLS,107,0.0005234341944589938
2,UPFC_Vsh,5-15,1.1068940536671144,78,1.1048533329991541,WLS,107,0.0020407206679602385
3,UPFC_tsh,5-15,-0.2246692558607161,78,-0.2247138887988874,WLS,107,4.463293817130731e-05
4,UPFC_Vse,5-15,0.060869674214215685,78,0.06154906690260654,WLS,107,0.0006793926883908522
5,UPFC_tse,5-15,-2.1540633069494195,78,-2.152467191160125,WLS,107,0.0015961157892943056
0,x_tcsc,1-14,-0.14020361291186617,79,-0.14029589612584978,WLS,107,9.228321398360717e-05
1,B_svc,2,0.3057655001269889,79,0.30588198279745255,WLS,107,0.0001164826704636579
2,UPFC_Vsh,5-15,1.1066329740276757,79,1.1048533329991541,WLS,107,0.0017796410285215725
3,UPFC_tsh,5-15,-0.2247438082038561,79,-0.2247138887988874,WLS,107,2.9919404968686836e-05
4,UPFC_Vse,5-15,0.060838323895814485,79,0.06154906690260654,WLS,107,0.0007107430067920528
5,UPFC_tse,5-15,-2.1555147919018434,79,-2.152467191160125,WLS,107,0.0030476007417181705
0,x_tcsc,1-14,-0.1401708849566866,80,-0.14029589612584978,WLS,107,0.00012501116916319166
1,B_svc,2,0.3055048985696851,80,0.30588198279745255,WLS,107,0.00037708422776744355
2,UPFC_Vsh,5-15,1.106724273241817,80,1.1048533329991541,WLS,107,0.0018709402426628774
3,UPFC_tsh,5-15,-0.22465972816442367,80,-0.2247138887988874,WLS,107,5.4160634463729096e-05
4,UPFC_Vse,5-15,0.06095948525548573,80,0.06154906690260654,WLS,107,0.0005895816471208071
5,UPFC_tse,5-15,-2.1541348404394105,80,-2.152467191160125,WLS,107,0.0016676492792853104
0,x_tcsc,1-14,-0.14019892240653156,81,-0.14029589612584978,WLS,107,9.69737193182163e-05
1,B_svc,2,0.30528034914141555,81,0.30588198279745255,WLS,107,0.0006016336560369928
2,UPFC_Vsh,5-15,1.106702931055305,81,1.1048533329991541,WLS,107,0.001849598056150814
3,UPFC_tsh,5-15,-0.22474649694336185,81,-0.2247138887988874,WLS,107,3.260814447444971e-05
4,UPFC_Vse,5-15,0.06139674528244304,81,0.06154906690260654,WLS,107,0.00015232162016350081
5,UPFC_tse,5-15,-2.1513990351516443,81,-2.152467191160125,WLS,107,0.0010681560084808694
0,x_tcsc,1-14,-0.14019219257411927,82,-0.14029589612584978,WLS,107,0.00010370355173050516
1,B_svc,2,0.3055792054244015,82,0.30588198279745255,WLS,107,0.00030277737305106633
2,UPFC_Vsh,5-15,1.1068570441569294,82,1.1048533329991541,WLS,107,0.002003711157775312
3,UPFC_tsh,5-15,-0.2246961537508705,82,-0.2247138887988874,WLS,107,1.7735048016914723e-05
4,UPFC_Vse,5-15,0.06072527806613899,82,0.06154906690260654,WLS,107,0.0008237888364675469
5,UPFC_tse,5-15,-2.1527058241696864,82,-2.152467191160125,WLS,107,0.00023863300956117328
0,x_tcsc,1-14,-0.140205872068556,83,-0.14029589612584978,WLS,107,9.002405729377494e-05
1,B_svc,2,0.30587618790514265,83,0.30588198279745255,WLS,107,5.794892309896049e-06
2,UPFC_Vsh,5-15,1.1071598462096217,83,1.1048533329991541,WLS,107,0.002306513210467598
3,UPFC_tsh,5-15,-0.22462834905056128,83,-0.2247138887988874,WLS,107,8.553974832611888e-05
4,UPFC_Vse,5-15,0.061077822773919606,83,0.06154906690260654,WLS,107,0.0004712441286869318
5,UPFC_tse,5-15,-2.153350732159018,83,-2.152467191160125,WLS,107,0.0008835409988927623
0,x_tcsc,1-14,-0.14019987785604782,84,-0.14029589612584978,WLS,107,9.601826980196182e-05
1,B_svc,2,0.3059253362174451,84,0.30588198279745255,WLS,107,4.335341999256448e-05
2,UPFC_Vsh,5-15,1.1068041429481095,84,1.1048533329991541,WLS,107,0.0019508099489553565
3,UPFC_tsh,5-15,-0.224731735357703,84,-0.2247138887988874,WLS,107,1.784655881559294e-05
4,UPFC_Vse,5-15,0.0608428434423726,84,0.06154906690260654,WLS,107,0.0007062234602339401
5,UPFC_tse,5-15,-2.1518061485936837,84,-2.152467191160125,WLS,107,0.0006610425664415054
0,x_tcsc,1-14,-0.14020520827573912,85,-0.14029589612584978,WLS,107,9.06878501106545e-05
1,B_svc,2,0.3056130028114547,85,0.30588198279745255,WLS,107,0.00026897998599784145
2,UPFC_Vsh,5-15,1.1065037039150398,85,1.1048533329991541,WLS,107,0.0016503709158857127
3,UPFC_tsh,5-15,-0.2246423996819783,85,-0.2247138887988874,WLS,107,7.148911690910142e-05
4,UPFC_Vse,5-15,0.06104322762433043,85,0.06154906690260654,WLS,107,0.0005058392782761045
5,UPFC_tse,5-15,-2.151550873387535,85,-2.152467191160125,WLS,107,0.0009163177725901583
0,x_tcsc,1-14,-0.14019243223233213,86,-0.14029589612584978,WLS,107,0.00010346389351764684
1,B_svc,2,0.3055710524973996,86,0.30588198279745255,WLS,107,0.0003109303000529695
2,UPFC_Vsh,5-15,1.1068446877387452,86,1.1048533329991541,WLS,107,0.0019913547395911113
3,UPFC_tsh,5-15,-0.2246750075067288,86,-0.2247138887988874,WLS,107,3.8881292158593483e-05
4,UPFC_Vse,5-15,0.061276970550273445,86,0.06154906690260654,WLS,107,0.0002720963523330927
5,UPFC_tse,5-15,-2.149158350510452,86,-2.152467191160125,WLS,107,0.0033088406496730727
0,x_tcsc,1-14,-0.1401957890825041,87,-0.14029589612584978,WLS,107,0.00010010704334567633
1,B_svc,2,0.30563956397898867,87,0.30588198279745255,WLS,107,0.00024241881846387425
2,UPFC_Vsh,5-15,1.1065720641942145,87,1.1048533329991541,WLS,107,0.0017187311950603856
3,UPFC_tsh,5-15,-0.22473892593841388,87,-0.2247138887988874,WLS,107,2.5037139526479235e-05
4,UPFC_Vse,5-15,0.061200579151958714,87,0.06154906690260654,WLS,107,0.00034848775064782317
5,UPFC_tse,5-15,-2.1526920453542333,87,-2.152467191160125,WLS,107,0.00022485419410811502
0,x_tcsc,1-14,-0.14018957454423756,88,-0.14029589612584978,WLS,107,0.00010632158161222316
1,B_svc,2,0.30553415938446166,88,0.30588198279745255,WLS,107,0.0003478234129908886
2,UPFC_Vsh,5-15,1.10672308228969,88,1.1048533329991541,WLS,107,0.0018697492905359603
3,UPFC_tsh,5-15,-0.22473107532276812,88,-0.2247138887988874,WLS,107,1.718652388071895e-05
4,UPFC_Vse,5-15,0.06057906813565263,88,0.06154906690260654,WLS,107,0.0009699987669539098
5,UPFC_tse,5-15,-2.1575489406057957,88,-2.152467191160125,WLS,107,0.005081749445670525
0,x_tcsc,1-14,-0.14020694888361715,89,-0.14029589612584978,WLS,107,8.894724223262873e-05
1,B_svc,2,0.30540343443707285,89,0.30588198279745255,WLS,107,0.0004785483603796936
2,UPFC_Vsh,5-15,1.1068757114141463,89,1.1048533329991541,WLS,107,0.0020223784149921986
3,UPFC_tsh,5-15,-0.2246633466062197,89,-0.2247138887988874,WLS,107,5.054219266770188e-05
4,UPFC_Vse,5-15,0.06063587211991847,89,0.06154906690260654,WLS,107,0.0009131947826880663
5,UPFC_tse,5-15,-2.1548565805726265,89,-2.152467191160125,WLS,107,0.0023893894125013304
0,x_tcsc,1-14,-0.14018761138971716,90,-0.14029589612584978,WLS,107,0.00010828473613261336
1,B_svc,2,0.3061755200094652,90,0.30588198279745255,WLS,107,0.00029353721201264005
2,UPFC_Vsh,5-15,1.10669467237677,90,1.1048533329991541,WLS,107,0.0018413393776159914
3,UPFC_tsh,5-15,-0.22463056462786,90,-0.2247138887988874,WLS,107,8.332417102741019e-05
4,UPFC_Vse,5-15,0.060536321212089475,90,0.06154906690260654,WLS,107,0.0010127456905170626
5,UPFC_tse,5-15,-2.155720406348817,90,-2.152467191160125,WLS,107,0.003253215188691705
0,x_tcsc,1-14,-0.1401809143002776,91,-0.14029589612584978,WLS,107,0.00011498182557218017
1,B_svc,2,0.30531201178652734,91,0.30588198279745255,WLS,107,0.0005699710109252076
2,UPFC_Vsh,5-15,1.1067599963758867,91,1.1048533329991541,WLS,107,0.0019066633767326202
3,UPFC_tsh,5-15,-0.2246341870441899,91,-0.2247138887988874,WLS,107,7.970175469751428e-05
4,UPFC_Vse,5-15,0.06115097705109587,91,0.06154906690260654,WLS,107,0.00039808985151066484
5,UPFC_tse,5-15,-2.150695762994055,91,-2.152467191160125,WLS,107,0.0017714281660703435
0,x_tcsc,1-14,-0.14019593295096122,92,-0.14029589612584978,WLS,107,9.996317488855655e-05
1,B_svc,2,0.30574979584967604,92,0.30588198279745255,WLS,107,0.00013218694777650253
2,UPFC_Vsh,5-15,1.1069142505346765,92,1.1048533329991541,WLS,107,0.0020609175355223996
3,UPFC_tsh,5-15,-0.22459450970078568,92,-0.2247138887988874,WLS,107,0.00011937909810172398
4,UPFC_Vse,5-15,0.06091766737698633,92,0.06154906690260654,WLS,107,0.0006313995256202048
5,UPFC_tse,5-15,-2.151932223229646,92,-2.152467191160125,WLS,107,0.0005349679304793575
0,x_tcsc,1-14,-0.140180496845027,93,-0.14029589612584978,WLS,107,0.00011539928082276996
1,B_svc,2,0.30522681364919446,93,0.30588198279745255,WLS,107,0.0006551691482580835
2,UPFC_Vsh,5-15,1.1066071898491074,93,1.1048533329991541,WLS,107,0.001753856849953328
3,UPFC_tsh,5-15,-0.22468549583493666,93,-0.2247138887988874,WLS,107,2.8392963950740757e-05
4,UPFC_Vse,5-15,0.06133898147428494,93,0.06154906690260654,WLS,107,0.00021008542832159915
5,UPFC_tse,5-15,-2.1516697662429296,93,-2.152467191160125,WLS,107,0.0007974249171955883
0,x_tcsc,1-14,-0.1401918040005701,94,-0.14029589612584978,WLS,107,0.0001040921252796756
1,B_svc,2,0.30530720718901067,94,0.30588198279745255,WLS,107,0.0005747756084418798
2,UPFC_Vsh,5-15,1.1069155087958908,94,1.1048533329991541,WLS,107,0.0020621757967367316
3,UPFC_tsh,5-15,-0.2246224342115078,94,-0.2247138887988874,WLS,107,9.145458737960799e-05
4,UPFC_Vse,5-15,0.060349843801716825,94,0.06154906690260654,WLS,107,0.0011992231008897125
5,UPFC_tse,5-15,-2.1527929918754425,94,-2.152467191160125,WLS,107,0.0003258007153172926
0,x_tcsc,1-14,-0.1401752735657206,95,-0.14029589612584978,WLS,107,0.00012062256012917993
1,B_svc,2,0.3059779400817989,95,0.30588198279745255,WLS,107,9.595728434635964e-05
2,UPFC_Vsh,5-15,1.1066472282880377,95,1.1048533329991541,WLS,107,0.001793895288883629
3,UPFC_tsh,5-15,-0.2246828595719788,95,-0.2247138887988874,WLS,107,3.1029226908591e-05
4,UPFC_Vse,5-15,0.06089367610666823,95,0.06154906690260654,WLS,107,0.0006553907959383071
5,UPFC_tse,5-15,-2.151240423274668,95,-2.152467191160125,WLS,107,0.0012267678854573916
0,x_tcsc,1-14,-0.14019801350057373,96,-0.14029589612584978,WLS,107,9.788262527604674e-05
1,B_svc,2,0.30628014226513056,96,0.30588198279745255,WLS,107,0.00039815946767801647
2,UPFC_Vsh,5-15,1.1067183985499465,96,1.1048533329991541,WLS,107,0.0018650655507923553
3,UPFC_tsh,5-15,-0.2246624512876388,96,-0.2247138887988874,WLS,107,5.143751124861429e-05
4,UPFC_Vse,5-15,0.06084293122861722,96,0.06154906690260654,WLS,107,0.0007061356739893193
5,UPFC_tse,5-15,-2.1543049760181874,96,-2.152467191160125,WLS,107,0.0018377848580621858
0,x_tcsc,1-14,-0.1401690465131121,97,-0.14029589612584978,WLS,107,0.00012684961273767836
1,B_svc,2,0.30569502700818535,97,0.30588198279745255,WLS,107,0.0001869557892671958
2,UPFC_Vsh,5-15,1.1070641295349568,97,1.1048533329991541,WLS,107,0.002210796535802695
3,UPFC_tsh,5-15,-0.22457485173220304,97,-0.2247138887988874,WLS,107,0.000139037066684361
4,UPFC_Vse,5-15,0.06041425157056773,97,0.06154906690260654,WLS,107,0.0011348153320388105
5,UPFC_tse,5-15,-2.1529133006260452,97,-2.152467191160125,WLS,107,0.00044610946592005263
0,x_tcsc,1-14,-0.1401829994825143,98,-0.14029589612584978,WLS,107,0.00011289664333546945
1,B_svc,2,0.3060151991690446,98,0.30588198279745255,WLS,107,0.000133216371592082
2,UPFC_Vsh,5-15,1.1065750760811914,98,1.1048533329991541,WLS,107,0.0017217430820373192
3,UPFC_tsh,5-15,-0.22480097990131112,98,-0.2247138887988874,WLS,107,8.709110242371976e-05
4,UPFC_Vse,5-15,0.06111689514068213,98,0.06154906690260654,WLS,107,0.00043217176192440754
5,UPFC_tse,5-15,-2.1546484130406887,98,-2.152467191160125,WLS,107,0.0021812218805634664
0,x_tcsc,1-14,-0.1401963047729888,99,-0.14029589612584978,WLS,107,9.959135286097265e-05
1,B_svc,2,0.3058029388389977,99,0.30588198279745255,WLS,107,7.904395845487189e-05
2,UPFC_Vsh,5-15,1.1066110515749878,99,1.1048533329991541,WLS,107,0.0017577185758337333
3,UPFC_tsh,5-15,-0.22467400786650402,99,-0.2247138887988874,WLS,107,3.988093238338486e-05
4,UPFC_Vse,5-15,0.06099869937989358,99,0.06154906690260654,WLS,107,0.0005503675227129592
5,UPFC_tse,5-15,-2.1531495524721715,99,-2.152467191160125,WLS,107,0.0006823613120463534
0,x_tcsc,1-14,-0.13913253447129584,0,-0.1392478924651935,WLS,109,0.00011535799389766899
1,B_svc,2,0.2998966014300526,0,0.30020249469835686,WLS,109,0.0003058932683042692
2,UPFC_Vsh,5-15,1.1071542926961582,0,1.1049876864946313,WLS,109,0.002166606201526866
3,UPFC_tsh,5-15,-0.22555169698639674,0,-0.22556986877005308,WLS,109,1.817178365634553e-05
4,UPFC_Vse,5-15,0.0606079471967265,0,0.061639541583382286,WLS,109,0.0010315943866557875
5,UPFC_tse,5-15,-2.1578787559620785,0,-2.1573456201497017,WLS,109,0.0005331358123767949
0,x_tcsc,1-14,-0.13914854942204938,1,-0.1392478924651935,WLS,109,9.93430431441289e-05
1,B_svc,2,0.2999988211071764,1,0.30020249469835686,WLS,109,0.00020367359118045325
2,UPFC_Vsh,5-15,1.1068406494392435,1,1.1049876864946313,WLS,109,0.0018529629446122353
3,UPFC_tsh,5-15,-0.2255401892796954,1,-0.22556986877005308,WLS,109,2.967949035767581e-05
4,UPFC_Vse,5-15,0.06116047978047283,1,0.061639541583382286,WLS,109,0.00047906180290945705
5,UPFC_tse,5-15,-2.1533674128853812,1,-2.1573456201497017,WLS,109,0.00397820726432041
0,x_tcsc,1-14,-0.1391621395194671,2,-0.1392478924651935,WLS,109,8.575294572640835e-05
1,B_svc,2,0.2998929313236551,2,0.30020249469835686,WLS,109,0.0003095633747017823
2,UPFC_Vsh,5-15,1.10654059013825,2,1.1049876864946313,WLS,109,0.0015529036436185972
3,UPFC_tsh,5-15,-0.22552579141471368,2,-0.22556986877005308,WLS,109,4.407735533940027e-05
4,UPFC_Vse,5-15,0.061387719444051886,2,0.061639541583382286,WLS,109,0.00025182213933040015
5,UPFC_tse,5-15,-2.1501114399228527,2,-2.1573456201497017,WLS,109,0.007234180226848963
0,x_tcsc,1-14,-0.1391543490637045,3,-0.1392478924651935,WLS,109,9.354340148901019e-05
1,B_svc,2,0.3004531829011087,3,0.30020249469835686,WLS,109,0.00025068820275181425
2,UPFC_Vsh,5-15,1.1063414264331384,3,1.1049876864946313,WLS,109,0.0013537399385070703
3,UPFC_tsh,5-15,-0.2255873697554488,3,-0.22556986877005308,WLS,109,1.7500985395713098e-05
4,UPFC_Vse,5-15,0.06129376414046979,3,0.061639541583382286,WLS,109,0.00034577744291249685
5,UPFC_tse,5-15,-2.153307434296547,3,-2.1573456201497017,WLS,109,0.00403818585315463
0,x_tcsc,1-14,-0.13913972544040068,4,-0.1392478924651935,WLS,109,0.0001081670247928268
1,B_svc,2,0.3006793474550281,4,0.30020249469835686,WLS,109,0.00047685275667125326
2,UPFC_Vsh,5-15,1.1066496015570577,4,1.1049876864946313,WLS,109,0.0016619150624264112
3,UPFC_tsh,5-15,-0.22553166697633265,4,-0.22556986877005308,WLS,109,3.820179372043819e-05
4,UPFC_Vse,5-15,0.06077868377299701,4,0.061639541583382286,WLS,109,0.0008608578103852793
5,UPFC_tse,5-15,-2.1554990874084834,4,-2.1573456201497017,WLS,109,0.0018465327412182653
0,x_tcsc,1-14,-0.13916002680073747,5,-0.1392478924651935,WLS,109,8.786566445603827e-05
1,B_svc,2,0.29976214334513746,5,0.30020249469835686,WLS,109,0.00044035135321940366
2,UPFC_Vsh,5-15,1.107008692322713,5,1.1049876864946313,WLS,109,0.0020210058280816234
3,UPFC_tsh,5-15,-0.2254899459798228,5,-0.22556986877005308,WLS,109,7.992279023028015e-05
4,UPFC_Vse,5-15,0.061161182131799934,5,0.061639541583382286,WLS,109,0.0004783594515823525
5,UPFC_tse,5-15,-2.153746784177793,5,-2.1573456201497017,WLS,109,0.003598835971908798
0,x_tcsc,1-14,-0.1391637235324833,6,-0.1392478924651935,WLS,109,8.41689327102102e-05
1,B_svc,2,0.29994085782286944,6,0.30020249469835686,WLS,109,0.0002616368754874143
2,UPFC_Vsh,5-15,1.106950596885725,6,1.1049876864946313,WLS,109,0.001962910391093642
3,UPFC_tsh,5-15,-0.22548413650335997,6,-0.22556986877005308,WLS,109,8.573226669311707e-05
4,UPFC_Vse,5-15,0.06075131752371849,6,0.061639541583382286,WLS,109,0.0008882240596637947
5,UPFC_tse,5-15,-2.153151708429395,6,-2.1573456201497017,WLS,109,0.004193911720306698
0,x_tcsc,1-14,-0.1391604422229773,7,-0.1392478924651935,WLS,109,8.745024221620823e-05
1,B_svc,2,0.30001254394853183,7,0.30020249469835686,WLS,109,0.00018995074982502969
2,UPFC_Vsh,5-15,1.1068095500300141,7,1.1049876864946313,WLS,109,0.0018218635353828283
3,UPFC_tsh,5-15,-0.22555636888011843,7,-0.22556986877005308,WLS,109,1.3499889934653897e-05
4,UPFC_Vse,5-15,0.06111767749845741,7,0.061639541583382286,WLS,109,0.0005218640849248765
5,UPFC_tse,5-15,-2.1532184603507085,7,-2.1573456201497017,WLS,109,0.004127159798993141
0,x_tcsc,1-14,-0.13916659229786527,8,-0.1392478924651935,WLS,109,8.130016732824097e-05
1,B_svc,2,0.30010253920627017,8,0.30020249469835686,WLS,109,9.995549208668963e-05
2,UPFC_Vsh,5-15,1.106778866104594,8,1.1049876864946313,WLS,109,0.0017911796099627786
3,UPFC_tsh,5-15,-0.22557719201759507,8,-0.22556986877005308,WLS,109,7.32324754199043e-06
4,UPFC_Vse,5-15,0.06091114331156907,8,0.061639541583382286,WLS,109,0.0007283982718132159
5,UPFC_tse,5-15,-2.15283217416614,8,-2.1573456201497017,WLS,109,0.004513445983561848
0,x_tcsc,1-14,-0.13917030007375242,9,-0.1392478924651935,WLS,109,7.75923914410892e-05
1,B_svc,2,0.29991166165016364,9,0.30020249469835686,WLS,109,0.00029083304819321754
2,UPFC_Vsh,5-15,1.1068887512790917,9,1.1049876864946313,WLS,109,0.0019010647844603934
3,UPFC_tsh,5-15,-0.22547106077616896,9,-0.22556986877005308,WLS,109,9.88079938841202e-05
4,UPFC_Vse,5-15,0.06123459202325828,9,0.061639541583382286,WLS,109,0.0004049495601240044
5,UPFC_tse,5-15,-2.151086541154678,9,-2.1573456201497017,WLS,109,0.00625907899502387
0,x_tcsc,1-14,-0.1391516133724169,10,-0.1392478924651935,WLS,109,9.627909277659663e-05
1,B_svc,2,0.2999669611920625,10,0.30020249469835686,WLS,109,0.00023553350629434977
2,UPFC_Vsh,5-15,1.106770571351813,10,1.1049876864946313,WLS,109,0.001782884857181699
3,UPFC_tsh,5-15,-0.2255232922635719,10,-0.22556986877005308,WLS,109,4.6576506481182944e-05
4,UPFC_Vse,5-15,0.061648883453460826,10,0.061639541583382286,WLS,109,9.341870078539982e-06
5,UPFC_tse,5-15,-2.1512124113375184,10,-2.1573456201497017,WLS,109,0.006133208812183266
0,x_tcsc,1-14,-0.13916252628986642,11,-0.1392478924651935,WLS,109,8.536617532708957e-05
1,B_svc,2,0.3001745834507174,11,0.30020249469835686,WLS,109,2.791124763945607e-05
2,UPFC_Vsh,5-15,1.1069877009350002,11,1.1049876864946313,WLS,109,0.0020000144403689024
3,UPFC_tsh,5-15,-0.22550874834498968,11,-0.22556986877005308,WLS,109,6.112042506339899e-05
4,UPFC_Vse,5-15,0.06096905317087208,11,0.061639541583382286,WLS,109,0.0006704884125102034
5,UPFC_tse,5-15,-2.1500133828037042,11,-2.1573456201497017,WLS,109,0.007332237345997417
0,x_tcsc,1-14,-0.13915639097149968,12,-0.1392478924651935,WLS,109,9.150149369382965e-05
1,B_svc,2,0.2995563811639446,12,0.30020249469835686,WLS,109,0.0006461135344122404
2,UPFC_Vsh,5-15,1.106868958369292,12,1.1049876864946313,WLS,109,0.001881271874660806
3,UPFC_tsh,5-15,-0.2254874454983236,12,-0.22556986877005308,WLS,109,8.242327172947039e-05
4,UPFC_Vse,5-15,0.06143636051673879,12,0.061639541583382286,WLS,109,0.000203181066643493
5,UPFC_tse,5-15,-2.147200577300391,12,-2.1573456201497017,WLS,109,0.010145042849310837
0,x_tcsc,1-14,-0.13916080773324124,13,-0.1392478924651935,WLS,109,8.708473195226385e-05
1,B_svc,2,0.29998759280609766,13,0.30020249469835686,WLS,109,0.00021490189225920053
2,UPFC_Vsh,5-15,1.1066974792145436,13,1.1049876864946313,WLS,109,0.0017097927199123397
3,UPFC_tsh,5-15,-0.225515233418708,13,-0.22556986877005308,WLS,109,5.4635351345089234e-05
4,UPFC_Vse,5-15,0.06079455440334574,13,0.061639541583382286,WLS,109,0.0008449871800365466
5,UPFC_tse,5-15,-2.1534214640545635,13,-2.1573456201497017,WLS,109,0.003924156095138187
0,x_tcsc,1-14,-0.13915916299267272,14,-0.1392478924651935,WLS,109,8.872947252078212e-05
1,B_svc,2,0.3003130359553723,14,0.30020249469835686,WLS,109,0.0001105412570154285
2,UPFC_Vsh,5-15,1.1066451492194056,14,1.1049876864946313,WLS,109,0.0016574627247742946
3,UPFC_tsh,5-15,-0.22552278453649827,14,-0.22556986877005308,WLS,109,4.708423355481717e-05
4,UPFC_Vse,5-15,0.06109014189768073,14,0.061639541583382286,WLS,109,0.0005493996857015571
5,UPFC_tse,5-15,-2.1534675279732687,14,-2.1573456201497017,WLS,109,0.003878092176432979
0,x_tcsc,1-14,-0.1391603478848137,15,-0.1392478924651935,WLS,109,8.754458037979473e-05
1,B_svc,2,0.29966281139054923,15,0.30020249469835686,WLS,109,0.0005396833078076257
2,UPFC_Vsh,5-15,1.106704213520818,15,1.1049876864946313,WLS,109,0.0017165270261867427
3,UPFC_tsh,5-15,-0.2255231247103907,15,-0.22556986877005308,WLS,109,4.6744059662373605e-05
4,UPFC_Vse,5-15,0.06058790857001738,15,0.061639541583382286,WLS,109,0.0010516330133649027
5,UPFC_tse,5-15,-2.152491534722641,15,-2.1573456201497017,WLS,109,0.0048540854270604505
0,x_tcsc,1-14,-0.13915557202295264,16,-0.1392478924651935,WLS,109,9.232044224086189e-05
1,B_svc,2,0.3003630804420706,16,0.30020249469835686,WLS,109,0.00016058574371374812
2,UPFC_Vsh,5-15,1.106724022403958,16,1.1049876864946313,WLS,109,0.0017363359093267583
3,UPFC_tsh,5-15,-0.22551503535202772,16,-0.22556986877005308,WLS,109,5.483341802536845e-05
4,UPFC_Vse,5-15,0.06130947091832046,16,0.061639541583382286,WLS,109,0.0003300706650618268
5,UPFC_tse,5-15,-2.1537740488048147,16,-2.1573456201497017,WLS,109,0.003571571344886948
0,x_tcsc,1-14,-0.13913641416924738,17,-0.1392478924651935,WLS,109,0.0001114782959461269
1,B_svc,2,0.30017838840963146,17,0.30020249469835686,WLS,109,2.410628872540066e-05
2,UPFC_Vsh,5-15,1.1064110827946287,17,1.1049876864946313,WLS,109,0.001423396299997437
3,UPFC_tsh,5-15,-0.22558037453681,17,-0.22556986877005308,WLS,109,1.0505766756929713e-05
4,UPFC_Vse,5-15,0.061024631001478875,17,0.061639541583382286,WLS,109,0.0006149105819034106
5,UPFC_tse,5-15,-2.1495408404884673,17,-2.1573456201497017,WLS,109,0.0078047796612343845
0,x_tcsc,1-14,-0.13915625982072807,18,-0.1392478924651935,WLS,109,9.163264446543362e-05
1,B_svc,2,0.3001831199311533,18,0.30020249469835686,WLS,109,1.9374767203539367e-05
2,UPFC_Vsh,5-15,1.1071594925591597,18,1.1049876864946313,WLS,109,0.002171806064528381
3,UPFC_tsh,5-15,-0.22546236920071663,18,-0.22556986877005308,WLS,109,0.00010749956933645
4,UPFC_Vse,5-15,0.060732364006472,18,0.061639541583382286,WLS,109,0.0009071775769102855
5,UPFC_tse,5-15,-2.1527061161392425,18,-2.1573456201497017,WLS,109,0.004639504010459206
0,x_tcsc,1-14,-0.13913866854809923,19,-0.1392478924651935,WLS,109,0.00010922391709428103
1,B_svc,2,0.29972406059496826,19,0.30020249469835686,WLS,109,0.00047843410338860304
2,UPFC_Vsh,5-15,1.1067714488529508,19,1.1049876864946313,WLS,109,0.0017837623583194517
3,UPFC_tsh,5-15,-0.22547995912129687,19,-0.22556986877005308,WLS,109,8.990964875621454e-05
4,UPFC_Vse,5-15,0.061153427701515654,19,0.061639541583382286,WLS,109,0.0004861138818666316
5,UPFC_tse,5-15,-2.1526154520663687,19,-2.1573456201497017,WLS,109,0.004730168083332931
0,x_tcsc,1-14,-0.13916410766418966,20,-0.1392478924651935,WLS,109,8.378480100385e-05
1,B_svc,2,0.2999215577085013,20,0.30020249469835686,WLS,109,0.0002809369898555403
2,UPFC_Vsh,5-15,1.106912509992576,20,1.1049876864946313,WLS,109,0.001924823497944761
3,UPFC_tsh,5-15,-0.22552379872292974,20,-0.22556986877005308,WLS,109,4.607004712334217e-05
4,UPFC_Vse,5-15,0.06094070663363123,20,0.061639541583382286,WLS,109,0.0006988349497510579
5,UPFC_tse,5-15,-2.1561909983532326,20,-2.1573456201497017,WLS,109,0.0011546217964690797
0,x_tcsc,1-14,-0.1391455309742986,21,-0.1392478924651935,WLS,109,0.00010236149089490332
1,B_svc,2,0.2998282918625144,21,0.30020249469835686,WLS,109,0.00037420283584244096
2,UPFC_Vsh,5-15,1.106876957744933,21,1.1049876864946313,WLS,109,0.001889271250301805
3,UPFC_tsh,5-15,-0.22553541752121783,21,-0.22556986877005308,WLS,109,3.445124883524886e-05
4,UPFC_Vse,5-15,0.06078270469306037,21,0.061639541583382286,WLS,109,0.0008568368903219131
5,UPFC_tse,5-15,-2.153070305924426,21,-2.1573456201497017,WLS,109,0.004275314225275828
0,x_tcsc,1-14,-0.13915868207197854,22,-0.1392478924651935,WLS,109,8.921039321496682e-05
1,B_svc,2,0.30014196467758764,22,0.30020249469835686,WLS,109,6.053002076922276e-05
2,UPFC_Vsh,5-15,1.1069316675762104,22,1.1049876864946313,WLS,109,0.0019439810815791159
3,UPFC_tsh,5-15,-0.22554261900918562,22,-0.22556986877005308,WLS,109,2.724976086745934e-05
4,UPFC_Vse,5-15,0.06087879689850745,22,0.061639541583382286,WLS,109,0.0007607446848748381
5,UPFC_tse,5-15,-2.1525109177458854,22,-2.1573456201497017,WLS,109,0.004834702403816227
0,x_tcsc,1-14,-0.13916565868231467,23,-0.1392478924651935,WLS,109,8.22337828788322e-05
1,B_svc,2,0.3000908615625784,23,0.30020249469835686,WLS,109,0.00011163313577844391
2,UPFC_Vsh,5-15,1.1069001034269934,23,1.1049876864946313,WLS,109,0.0019124169323621043
3,UPFC_tsh,5-15,-0.2255271278343606,23,-0.22556986877005308,WLS,109,4.2740935692481274e-05
4,UPFC_Vse,5-15,0.06096080160496129,23,0.061639541583382286,WLS,109,0.0006787399784209946
5,UPFC_tse,5-15,-2.1548563692999236,23,-2.1573456201497017,WLS,109,0.002489250849778024
0,x_tcsc,1-14,-0.13915871727649984,24,-0.1392478924651935,WLS,109,8.91751886936687e-05
1,B_svc,2,0.3000810412493342,24,0.30020249469835686,WLS,109,0.00012145344902264599
2,UPFC_Vsh,5-15,1.106979683759164,24,1.1049876864946313,WLS,109,0.0019919972645325856
3,UPFC_tsh,5-15,-0.22552275625034987,24,-0.22556986877005308,WLS,109,4.711251970321295e-05
4,UPFC_Vse,5-15,0.06078630178892369,24,0.061639541583382286,WLS,109,0.0008532397944585948
5,UPFC_tse,5-15,-2.153861607215761,24,-2.1573456201497017,WLS,109,0.00348401293394085
0,x_tcsc,1-14,-0.13916306447344234,25,-0.1392478924651935,WLS,109,8.482799175116296e-05
1,B_svc,2,0.30005862957889645,25,0.30020249469835686,WLS,109,0.0001438651194604068
2,UPFC_Vsh,5-15,1.1068612313344088,25,1.1049876864946313,WLS,109,0.00187354483977753
3,UPFC_tsh,5-15,-0.22557399536270048,25,-0.22556986877005308,WLS,109,4.126592647396565e-06
4,UPFC_Vse,5-15,0.061119702178997155,25,0.061639541583382286,WLS,109,0.0005198394043851307
5,UPFC_tse,5-15,-2.1560131033924956,25,-2.1573456201497017,WLS,109,0.001332516757206026
0,x_tcsc,1-14,-0.1391605763775735,26,-0.1392478924651935,WLS,109,8.731608761999854e-05
1,B_svc,2,0.300388578589454,26,0.30020249469835686,WLS,109,0.00018608389109714407
2,UPFC_Vsh,5-15,1.1067308538295615,26,1.1049876864946313,WLS,109,0.0017431673349301846
3,UPFC_tsh,5-15,-0.22556324286540164,26,-0.22556986877005308,WLS,109,6.62590465144719e-06
4,UPFC_Vse,5-15,0.061275592038278565,26,0.061639541583382286,WLS,109,0.0003639495451037214
5,UPFC_tse,5-15,-2.155442578403391,26,-2.1573456201497017,WLS,109,0.0019030417463108407
0,x_tcsc,1-14,-0.13917001619089173,27,-0.1392478924651935,WLS,109,7.787627430178024e-05
1,B_svc,2,0.30018048025355637,27,0.30020249469835686,WLS,109,2.2014444800488864e-05
2,UPFC_Vsh,5-15,1.1066225174659086,27,1.1049876864946313,WLS,109,0.0016348309712772569
3,UPFC_tsh,5-15,-0.2255934259222273,27,-0.22556986877005308,WLS,109,2.355715217422505e-05
4,UPFC_Vse,5-15,0.0611119965033479,27,0.061639541583382286,WLS,109,0.0005275450800343862
5,UPFC_tse,5-15,-2.1536369522366594,27,-2.1573456201497017,WLS,109,0.0037086679130422517
0,x_tcsc,1-14,-0.1391489040348272,28,-0.1392478924651935,WLS,109,9.898843036632021e-05
1,B_svc,2,0.2998291729175032,28,0.30020249469835686,WLS,109,0.00037332178085364154
2,UPFC_Vsh,5-15,1.1071615821941072,28,1.1049876864946313,WLS,109,0.002173895699475903
3,UPFC_tsh,5-15,-0.2254662918116005,28,-0.22556986877005308,WLS,109,0.00010357695845258919
4,UPFC_Vse,5-15,0.06066537373796925,28,0.061639541583382286,WLS,109,0.0009741678454130362
5,UPFC_tse,5-15,-2.155792588283759,28,-2.1573456201497017,WLS,109,0.001553031865942689
0,x_tcsc,1-14,-0.13914480258459547,29,-0.1392478924651935,WLS,109,0.00010308988059803958
1,B_svc,2,0.29966122031711484,29,0.30020249469835686,WLS,109,0.0005412743812420184
2,UPFC_Vsh,5-15,1.1068517232811361,29,1.1049876864946313,WLS,109,0.001864036786504819
3,UPFC_tsh,5-15,-0.22554868456507715,29,-0.22556986877005308,WLS,109,2.118420497593254e-05
4,UPFC_Vse,5-15,0.061089619685966164,29,0.061639541583382286,WLS,109,0.0005499218974161224
5,UPFC_tse,5-15,-2.1515214292065217,29,-2.1573456201497017,WLS,109,0.005824190943179985
0,x_tcsc,1-14,-0.1391531531258907,30,-0.1392478924651935,WLS,109,9.473933930281841e-05
1,B_svc,2,0.299693644318692,30,0.30020249469835686,WLS,109,0.0005088503796648602
2,UPFC_Vsh,5-15,1.1066774511258795,30,1.1049876864946313,WLS,109,0.0016897646312481474
3,UPFC_tsh,5-15,-0.22548814114831847,30,-0.22556986877005308,WLS,109,8.17276217346119e-05
4,UPFC_Vse,5-15,0.06079411805308723,30,0.061639541583382286,WLS,109,0.0008454235302950558
5,UPFC_tse,5-15,-2.153563055162276,30,-2.1573456201497017,WLS,109,0.003782564987425463
0,x_tcsc,1-14,-0.1391431125016553,31,-0.1392478924651935,WLS,109,0.00010477996353819297
1,B_svc,2,0.29977622926195824,31,0.30020249469835686,WLS,109,0.0004262654363986207
2,UPFC_Vsh,5-15,1.1068587631995523,31,1.1049876864946313,WLS,109,0.0018710767049210375
3,UPFC_tsh,5-15,-0.22545172218997608,31,-0.22556986877005308,WLS,109,0.00011814658007699985
4,UPFC_Vse,5-15,0.060982332572308506,31,0.061639541583382286,WLS,109,0.0006572090110737797
5,UPFC_tse,5-15,-2.1540183257757617,31,-2.1573456201497017,WLS,109,0.0033272943739399707
0,x_tcsc,1-14,-0.1391722969998714,32,-0.1392478924651935,WLS,109,7.559546532209804e-05
1,B_svc,2,0.30011705053306764,32,0.30020249469835686,WLS,109,8.544416528921683e-05
2,UPFC_Vsh,5-15,1.1068667085010566,32,1.1049876864946313,WLS,109,0.0018790220064253127
3,UPFC_tsh,5-15,-0.22557454096034843,32,-0.22556986877005308,WLS,109,4.672190295346157e-06
4,UPFC_Vse,5-15,0.060741386745040794,32,0.061639541583382286,WLS,109,0.0008981548383414917
5,UPFC_tse,5-15,-2.154702371031574,32,-2.1573456201497017,WLS,109,0.002643249118127855
0,x_tcsc,1-14,-0.1391503476400393,33,-0.1392478924651935,WLS,109,9.754482515419993e-05
1,B_svc,2,0.3003865052735177,33,0.30020249469835686,WLS,109,0.0001840105751608201
2,UPFC_Vsh,5-15,1.1066900792403216,33,1.1049876864946313,WLS,109,0.0017023927456902843
3,UPFC_tsh,5-15,-0.22553577295523147,33,-0.22556986877005308,WLS,109,3.409581482161084e-05
4,UPFC_Vse,5-15,0.06083305538297918,33,0.061639541583382286,WLS,109,0.0008064862004031059
5,UPFC_tse,5-15,-2.154233491230169,33,-2.1573456201497017,WLS,109,0.0031121289195326085
0,x_tcsc,1-14,-0.13915220060592132,34,-0.1392478924651935,WLS,109,9.569185927219004e-05
1,B_svc,2,0.2996072301737318,34,0.30020249469835686,WLS,109,0.0005952645246250499
2,UPFC_Vsh,5-15,1.1068570797925215,34,1.1049876864946313,WLS,109,0.001869393297890154
3,UPFC_tsh,5-15,-0.22544804281019845,34,-0.22556986877005308,WLS,109,0.00012182595985463229
4,UPFC_Vse,5-15,0.06101123260587443,34,0.061639541583382286,WLS,109,0.0006283089775078535
5,UPFC_tse,5-15,-2.152853829143992,34,-2.1573456201497017,WLS,109,0.004491791005709622
0,x_tcsc,1-14,-0.139157901251872,35,-0.1392478924651935,WLS,109,8.999121332151083e-05
1,B_svc,2,0.30041112450553875,35,0.30020249469835686,WLS,109,0.0002086298071818926
2,UPFC_Vsh,5-15,1.1069200603366627,35,1.1049876864946313,WLS,109,0.0019323738420313763
3,UPFC_tsh,5-15,-0.22547054168686248,35,-0.22556986877005308,WLS,109,9.932708319060346e-05
4,UPFC_Vse,5-15,0.06095090220580046,35,0.061639541583382286,WLS,109,0.0006886393775818248
5,UPFC_tse,5-15,-2.1542057833007635,35,-2.1573456201497017,WLS,109,0.003139836848938149
0,x_tcsc,1-14,-0.13914342241447392,36,-0.1392478924651935,WLS,109,0.00010447005071959059
1,B_svc,2,0.2998029468710384,36,0.30020249469835686,WLS,109,0.0003995478273184361
2,UPFC_Vsh,5-15,1.1071607025693282,36,1.1049876864946313,WLS,109,0.0021730160746968874
3,UPFC_tsh,5-15,-0.22551492059133363,36,-0.22556986877005308,WLS,109,5.494817871945501e-05
4,UPFC_Vse,5-15,0.06100977464649784,36,0.061639541583382286,WLS,109,0.0006297669368844488
5,UPFC_tse,5-15,-2.1551092927083144,36,-2.1573456201497017,WLS,109,0.0022363274413872425
0,x_tcsc,1-14,-0.1391687313747803,37,-0.1392478924651935,WLS,109,7.916109041319896e-05
1,B_svc,2,0.30064318965155074,37,0.30020249469835686,WLS,109,0.0004406949531938764
2,UPFC_Vsh,5-15,1.106879513091304,37,1.1049876864946313,WLS,109,0.001891826596672752
3,UPFC_tsh,5-15,-0.2255273871282518,37,-0.22556986877005308,WLS,109,4.248164180128966e-05
4,UPFC_Vse,5-15,0.06025757317395591,37,0.061639541583382286,WLS,109,0.001381968409426379
5,UPFC_tse,5-15,-2.158992163829627,37,-2.1573456201497017,WLS,109,0.0016465436799255606
0,x_tcsc,1-14,-0.1391639039995419,38,-0.1392478924651935,WLS,109,8.398846565160767e-05
1,B_svc,2,0.3001570000261822,38,0.30020249469835686,WLS,109,4.549467217468406e-05
2,UPFC_Vsh,5-15,1.106691985246547,38,1.1049876864946313,WLS,109,0.0017042987519158004
3,UPFC_tsh,5-15,-0.22553893433042574,38,-0.22556986877005308,WLS,109,3.093443962734477e-05
4,UPFC_Vse,5-15,0.06116980294189485,38,0.061639541583382286,WLS,109,0.0004697386414874369
5,UPFC_tse,5-15,-2.1509622159112256,38,-2.1573456201497017,WLS,109,0.006383404238476054
0,x_tcsc,1-14,-0.1391607769380724,39,-0.1392478924651935,WLS,109,8.711552712109549e-05
1,B_svc,2,0.30066737772237007,39,0.30020249469835686,WLS,109,0.00046488302401320736
2,UPFC_Vsh,5-15,1.1067501646208673,39,1.1049876864946313,WLS,109,0.0017624781262359779
3,UPFC_tsh,5-15,-0.22552164196876456,39,-0.22556986877005308,WLS,109,4.822680128852008e-05
4,UPFC_Vse,5-15,0.06081208155859665,39,0.061639541583382286,WLS,109,0.000827460024785634
5,UPFC_tse,5-15,-2.151516051004816,39,-2.1573456201497017,WLS,109,0.005829569144885749
0,x_tcsc,1-14,-0.13912488425274225,40,-0.1392478924651935,WLS,109,0.00012300821245125881
1,B_svc,2,0.2999659583227851,40,0.30020249469835686,WLS,109,0.00023653637557174978
2,UPFC_Vsh,5-15,1.106784596169249,40,1.1049876864946313,WLS,109,0.0017969096746177637
3,UPFC_tsh,5-15,-0.22558733943762033,40,-0.22556986877005308,WLS,109,1.7470667567243137e-05
4,UPFC_Vse,5-15,0.06112516032449296,40,0.061639541583382286,WLS,109,0.0005143812588893279
5,UPFC_tse,5-15,-2.152647863577033,40,-2.1573456201497017,WLS,109,0.004697756572668688
0,x_tcsc,1-14,-0.13916200763596784,41,-0.1392478924651935,WLS,109,8.588482922566865e-05
1,B_svc,2,0.3005978708111534,41,0.30020249469835686,WLS,109,0.0003953761127965527
2,UPFC_Vsh,5-15,1.106858708609623,41,1.1049876864946313,WLS,109,0.0018710221149917938
3,UPFC_tsh,5-15,-0.2255390841407125,41,-0.22556986877005308,WLS,109,3.078462934058557e-05
4,UPFC_Vse,5-15,0.060944544300526905,41,0.061639541583382286,WLS,109,0.0006949972828553808
5,UPFC_tse,5-15,-2.156378105646296,41,-2.1573456201497017,WLS,109,0.0009675145034058197
0,x_tcsc,1-14,-0.1391637107588972,42,-0.1392478924651935,WLS,109,8.418170629631572e-05
1,B_svc,2,0.30020181501443177,42,0.30020249469835686,WLS,109,6.796839250866604e-07
2,UPFC_Vsh,5-15,1.1066467924068328,42,1.1049876864946313,WLS,109,0.0016591059122015306
3,UPFC_tsh,5-15,-0.225523682663573,42,-0.22556986877005308,WLS,109,4.618610648007837e-05
4,UPFC_Vse,5-15,0.060988367552323106,42,0.061639541583382286,WLS,109,0.0006511740310591804
5,UPFC_tse,5-15,-2.15129841087156,42,-2.1573456201497017,WLS,109,0.006047209278141619
0,x_tcsc,1-14,-0.13914563374797795,43,-0.1392478924651935,WLS,109,0.00010225871721555868
1,B_svc,2,0.29976026663961164,43,0.30020249469835686,WLS,109,0.00044222805874521987
2,UPFC_Vsh,5-15,1.1069057220324576,43,1.1049876864946313,WLS,109,0.0019180355378263236
3,UPFC_tsh,5-15,-0.22551825306917592,43,-0.22556986877005308,WLS,109,5.1615700877166715e-05
4,UPFC_Vse,5-15,0.06108274001913755,43,0.061639541583382286,WLS,109,0.0005568015642447369
5,UPFC_tse,5-15,-2.1537780518536884,43,-2.1573456201497017,WLS,109,0.003567568296013235
0,x_tcsc,1-14,-0.1391398754856425,44,-0.1392478924651935,WLS,109,0.0001080169795510122
1,B_svc,2,0.2997150589879511,44,0.30020249469835686,WLS,109,0.00048743571040577027
2,UPFC_Vsh,5-15,1.1066334532585607,44,1.1049876864946313,WLS,109,0.0016457667639293572
3,UPFC_tsh,5-15,-0.22556868839657865,44,-0.22556986877005308,WLS,109,1.1803734744353367e-06
4,UPFC_Vse,5-15,0.06091702672361462,44,0.061639541583382286,WLS,109,0.0007225148597676673
5,UPFC_tse,5-15,-2.1530419256017357,44,-2.1573456201497017,WLS,109,0.004303694547965975
0,x_tcsc,1-14,-0.1391431658188863,45,-0.1392478924651935,WLS,109,0.00010472664630720163
1,B_svc,2,0.2998457857514192,45,0.30020249469835686,WLS,109,0.0003567089469376783
2,UPFC_Vsh,5-15,1.107143547169468,45,1.1049876864946313,WLS,109,0.0021558606748366405
3,UPFC_tsh,5-15,-0.22548859917903907,45,-0.22556986877005308,WLS,109,8.126959101401043e-05
4,UPFC_Vse,5-15,0.06079494318213805,45,0.061639541583382286,WLS,109,0.0008445984012442342
5,UPFC_tse,5-15,-2.152417880373917,45,-2.1573456201497017,WLS,109,0.004927739775784534
0,x_tcsc,1-14,-0.13914224009976447,46,-0.1392478924651935,WLS,109,0.000105652365429032
1,B_svc,2,0.3002431610226824,46,0.30020249469835686,WLS,109,4.066632432553341e-05
2,UPFC_Vsh,5-15,1.107063606265563,46,1.1049876864946313,WLS,109,0.002075919770931689
3,UPFC_tsh,5-15,-0.22546677608543098,46,-0.22556986877005308,WLS,109,0.00010309268462210808
4,UPFC_Vse,5-15,0.06100679052432432,46,0.061639541583382286,WLS,109,0.0006327510590579677
5,UPFC_tse,5-15,-2.1532254931305825,46,-2.1573456201497017,WLS,109,0.004120127019119124
0,x_tcsc,1-14,-0.1391506903867947,47,-0.1392478924651935,WLS,109,9.72020783988059e-05
1,B_svc,2,0.29974432651940364,47,0.30020249469835686,WLS,109,0.00045816817895322215
2,UPFC_Vsh,5-15,1.1068385307873838,47,1.1049876864946313,WLS,109,0.001850844292752507
3,UPFC_tsh,5-15,-0.2254942134766039,47,-0.22556986877005308,WLS,109,7.565529344918942e-05
4,UPFC_Vse,5-15,0.06091737968993464,47,0.061639541583382286,WLS,109,0.0007221618934476481
5,UPFC_tse,5-15,-2.1489054379202437,47,-2.1573456201497017,WLS,109,0.008440182229457971
0,x_tcsc,1-14,-0.13914956172802806,48,-0.1392478924651935,WLS,109,9.833073716544738e-05
1,B_svc,2,0.3001112876147659,48,0.30020249469835686,WLS,109,9.120708359094953e-05
2,UPFC_Vsh,5-15,1.1065773318470553,48,1.1049876864946313,WLS,109,0.0015896453524240073
3,UPFC_tsh,5-15,-0.2255796747905507,48,-0.22556986877005308,WLS,109,9.806020497604706e-06
4,UPFC_Vse,5-15,0.06110398167199426,48,0.061639541583382286,WLS,109,0.0005355599113880255
5,UPFC_tse,5-15,-2.1562963634318812,48,-2.1573456201497017,WLS,109,0.0010492567178204126
0,x_tcsc,1-14,-0.13916671652889118,49,-0.1392478924651935,WLS,109,8.117593630233011e-05
1,B_svc,2,0.2997485469736996,49,0.30020249469835686,WLS,109,0.0004539477246572332
2,UPFC_Vsh,5-15,1.10691227561816,49,1.1049876864946313,WLS,109,0.0019245891235286638
3,UPFC_tsh,5-15,-0.22555661071259575,49,-0.22556986877005308,WLS,109,1.3258057457332661e-05
4,UPFC_Vse,5-15,0.06118161432715155,49,0.061639541583382286,WLS,109,0.0004579272562307349
5,UPFC_tse,5-15,-2.1557786460192543,49,-2.1573456201497017,WLS,109,0.0015669741304473739
0,x_tcsc,1-14,-0.1391590065036158,50,-0.1392478924651935,WLS,109,8.888596157771711e-05
1,B_svc,2,0.2999196361056881,50,0.30020249469835686,WLS,109,0.00028285859266874436
2,UPFC_Vsh,5-15,1.1069779485152351,50,1.1049876864946313,WLS,109,0.001990262020603817
3,UPFC_tsh,5-15,-0.2255786541543428,50,-0.22556986877005308,WLS,109,8.785384289722309e-06
4,UPFC_Vse,5-15,0.061031739323785084,50,0.061639541583382286,WLS,109,0.0006078022595972024
5,UPFC_tse,5-15,-2.153125344691945,50,-2.1573456201497017,WLS,109,0.004220275457756717
0,x_tcsc,1-14,-0.13917946102463827,51,-0.1392478924651935,WLS,109,6.843144055523886e-05
1,B_svc,2,0.29988677785936163,51,0.30020249469835686,WLS,109,0.00031571683899522807
2,UPFC_Vsh,5-15,1.1066372058114762,51,1.1049876864946313,WLS,109,0.0016495193168448719
3,UPFC_tsh,5-15,-0.22552585178569248,51,-0.22556986877005308,WLS,109,4.4016984360600864e-05
4,UPFC_Vse,5-15,0.06107236951936761,51,0.061639541583382286,WLS,109,0.0005671720640146732
5,UPFC_tse,5-15,-2.151754286480233,51,-2.1573456201497017,WLS,109,0.005591333669468845
0,x_tcsc,1-14,-0.1391761201600023,52,-0.1392478924651935,WLS,109,7.177230519120337e-05
1,B_svc,2,0.3001887599542844,52,0.30020249469835686,WLS,109,1.3734744072457783e-05
2,UPFC_Vsh,5-15,1.1068993853606417,52,1.1049876864946313,WLS,109,0.0019116988660103917
3,UPFC_tsh,5-15,-0.22554571138845483,52,-0.22556986877005308,WLS,109,2.4157381598249872e-05
4,UPFC_Vse,5-15,0.06106691299951001,52,0.061639541583382286,WLS,109,0.0005726285838722756
5,UPFC_tse,5-15,-2.152185653723063,52,-2.1573456201497017,WLS,109,0.005159966426638629
0,x_tcsc,1-14,-0.1391570984097075,53,-0.1392478924651935,WLS,109,9.079405548600983e-05
1,B_svc,2,0.3005694031983178,53,0.30020249469835686,WLS,109,0.00036690849996096064
2,UPFC_Vsh,5-15,1.1070062071450955,53,1.1049876864946313,WLS,109,0.0020185206504641506
3,UPFC_tsh,5-15,-0.22548538705723747,53,-0.22556986877005308,WLS,109,8.448171281560946e-05
4,UPFC_Vse,5-15,0.06101934454278266,53,0.061639541583382286,WLS,109,0.0006201970405996238
5,UPFC_tse,5-15,-2.150889199438389,53,-2.1573456201497017,WLS,109,0.006456420711312472
0,x_tcsc,1-14,-0.13915964250236582,54,-0.1392478924651935,WLS,109,8.824996282769115e-05
1,B_svc,2,0.3002230503419776,54,0.30020249469835686,WLS,109,2.0555643620745467e-05
2,UPFC_Vsh,5-15,1.107081122516539,54,1.1049876864946313,WLS,109,0.002093436021907591
3,UPFC_tsh,5-15,-0.22547464168193326,54,-0.22556986877005308,WLS,109,9.522708811982028e-05
4,UPFC_Vse,5-15,0.06124533405590235,54,0.061639541583382286,WLS,109,0.0003942075274799353
5,UPFC_tse,5-15,-2.153126713853487,54,-2.1573456201497017,WLS,109,0.004218906296214797
0,x_tcsc,1-14,-0.1391522170098677,55,-0.1392478924651935,WLS,109,9.567545532579436e-05
1,B_svc,2,0.3004682059613607,55,0.30020249469835686,WLS,109,0.00026571126300384273
2,UPFC_Vsh,5-15,1.1067115363647357,55,1.1049876864946313,WLS,109,0.0017238498701044325
3,UPFC_tsh,5-15,-0.22549428289511625,55,-0.22556986877005308,WLS,109,7.558587493683433e-05
4,UPFC_Vse,5-15,0.0610585239347493,55,0.061639541583382286,WLS,109,0.0005810176486329838
5,UPFC_tse,5-15,-2.1546092944763173,55,-2.1573456201497017,WLS,109,0.002736325673384332
0,x_tcsc,1-14,-0.1391754586133565,56,-0.1392478924651935,WLS,109,7.243385183700046e-05
1,B_svc,2,0.3001711608904389,56,0.30020249469835686,WLS,109,3.133380791797702e-05
2,UPFC_Vsh,5-15,1.106865495244519,56,1.1049876864946313,WLS,109,0.0018778087498876328
3,UPFC_tsh,5-15,-0.22553999636267277,56,-0.22556986877005308,WLS,109,2.9872407380310273e-05
4,UPFC_Vse,5-15,0.06123976183857441,56,0.061639541583382286,WLS,109,0.000399779744807878
5,UPFC_tse,5-15,-2.1520101471414423,56,-2.1573456201497017,WLS,109,0.005335473008259317
0,x_tcsc,1-14,-0.13915753361118224,57,-0.1392478924651935,WLS,109,9.03588540112632e-05
1,B_svc,2,0.29979468000256626,57,0.30020249469835686,WLS,109,0.00040781469579059815
2,UPFC_Vsh,5-15,1.1068327192077487,57,1.1049876864946313,WLS,109,0.0018450327131174227
3,UPFC_tsh,5-15,-0.22552153453729878,57,-0.22556986877005308,WLS,109,4.8334232754299045e-05
4,UPFC_Vse,5-15,0.06064384545061616,57,0.061639541583382286,WLS,109,0.0009956961327661287
5,UPFC_tse,5-15,-2.154201664344114,57,-2.1573456201497017,WLS,109,0.0031439558055876837
0,x_tcsc,1-14,-0.13915694597808678,58,-0.1392478924651935,WLS,109,9.094648710672448e-05
1,B_svc,2,0.2999729022370333,58,0.30020249469835686,WLS,109,0.0002295924613235356
2,UPFC_Vsh,5-15,1.1064667545335312,58,1.1049876864946313,WLS,109,0.0014790680388998556
3,UPFC_tsh,5-15,-0.22559528955678718,58,-0.22556986877005308,WLS,109,2.542078673409276e-05
4,UPFC_Vse,5-15,0.06108155987247212,58,0.061639541583382286,WLS,109,0.0005579817109101631
5,UPFC_tse,5-15,-2.1520688733867983,58,-2.1573456201497017,WLS,109,0.00527674676290335
0,x_tcsc,1-14,-0.13916458622098676,59,-0.1392478924651935,WLS,109,8.330624420674337e-05
1,B_svc,2,0.2998013596390095,59,0.30020249469835686,WLS,109,0.00040113505934735727
2,UPFC_Vsh,5-15,1.1067711340689304,59,1.1049876864946313,WLS,109,0.0017834475742990463
3,UPFC_tsh,5-15,-0.22553494285357809,59,-0.22556986877005308,WLS,109,3.492591647499821e-05
4,UPFC_Vse,5-15,0.06115910729000254,59,0.061639541583382286,WLS,109,0.0004804342933797459
5,UPFC_tse,5-15,-2.1537555430810924,59,-2.1573456201497017,WLS,109,0.0035900770686092542
0,x_tcsc,1-14,-0.13914022814853957,60,-0.1392478924651935,WLS,109,0.00010766431665393261
1,B_svc,2,0.3002745478092072,60,0.30020249469835686,WLS,109,7.205311085034527e-05
2,UPFC_Vsh,5-15,1.1068754376087577,60,1.1049876864946313,WLS,109,0.0018877511141264236
3,UPFC_tsh,5-15,-0.2254525142742964,60,-0.22556986877005308,WLS,109,0.0001173544957566719
4,UPFC_Vse,5-15,0.060924475224289544,60,0.061639541583382286,WLS,109,0.000715066359092742
5,UPFC_tse,5-15,-2.15414521327316,60,-2.1573456201497017,WLS,109,0.0032004068765414395
0,x_tcsc,1-14,-0.13916556444972158,61,-0.1392478924651935,WLS,109,8.232801547192192e-05
1,B_svc,2,0.30026605667814416,61,0.30020249469835686,WLS,109,6.356197978729661e-05
2,UPFC_Vsh,5-15,1.1068880954223008,61,1.1049876864946313,WLS,109,0.0019004089276695169
3,UPFC_tsh,5-15,-0.22547455889508203,61,-0.22556986877005308,WLS,109,9.53098749710557e-05
4,UPFC_Vse,5-15,0.060995598407680054,61,0.061639541583382286,WLS,109,0.0006439431757022315
5,UPFC_tse,5-15,-2.1530182375042606,61,-2.1573456201497017,WLS,109,0.00432738264544108
0,x_tcsc,1-14,-0.13915573471365203,62,-0.1392478924651935,WLS,109,9.215775154147732e-05
1,B_svc,2,0.30013957804113045,62,0.30020249469835686,WLS,109,6.291665722640838e-05
2,UPFC_Vsh,5-15,1.1066395082630627,62,1.1049876864946313,WLS,109,0.0016518217684313719
3,UPFC_tsh,5-15,-0.2254894810527437,62,-0.22556986877005308,WLS,109,8.038771730939365e-05
4,UPFC_Vse,5-15,0.06063743327641443,62,0.061639541583382286,WLS,109,0.0010021083069678555
5,UPFC_tse,5-15,-2.153919737557283,62,-2.1573456201497017,WLS,109,0.0034258825924187164
0,x_tcsc,1-14,-0.13914064478851654,63,-0.1392478924651935,WLS,109,0.00010724767667696922
1,B_svc,2,0.3000409235058201,63,0.30020249469835686,WLS,109,0.0001615711925367358
2,UPFC_Vsh,5-15,1.1068770311104432,63,1.1049876864946313,WLS,109,0.0018893446158119165
3,UPFC_tsh,5-15,-0.22554472495916136,63,-0.22556986877005308,WLS,109,2.514381089172013e-05
4,UPFC_Vse,5-15,0.06053336844265921,63,0.061639541583382286,WLS,109,0.001106173140723074
5,UPFC_tse,5-15,-2.1540649241413257,63,-2.1573456201497017,WLS,109,0.003280696008375994
0,x_tcsc,1-14,-0.13914264491986106,64,-0.1392478924651935,WLS,109,0.00010524754533244862
1,B_svc,2,0.29982787343916023,64,0.30020249469835686,WLS,109,0.00037462125919662803
2,UPFC_Vsh,5-15,1.1067371394777028,64,1.1049876864946313,WLS,109,0.0017494529830714978
3,UPFC_tsh,5-15,-0.2255261598354635,64,-0.22556986877005308,WLS,109,4.370893458957581e-05
4,UPFC_Vse,5-15,0.06101208783535835,64,0.061639541583382286,WLS,109,0.0006274537480239345
5,UPFC_tse,5-15,-2.149910789742244,64,-2.1573456201497017,WLS,109,0.007434830407457849
0,x_tcsc,1-14,-0.1391635957752592,65,-0.1392478924651935,WLS,109,8.42966899343156e-05
1,B_svc,2,0.2998156043955533,65,0.30020249469835686,WLS,109,0.0003868903028035331
2,UPFC_Vsh,5-15,1.1071319382246971,65,1.1049876864946313,WLS,109,0.002144251730065827
3,UPFC_tsh,5-15,-0.22544444473054495,65,-0.22556986877005308,WLS,109,0.00012542403950813186
4,UPFC_Vse,5-15,0.060891883576609955,65,0.061639541583382286,WLS,109,0.000747658006772331
5,UPFC_tse,5-15,-2.15171463486431,65,-2.1573456201497017,WLS,109,0.005630985285391521
0,x_tcsc,1-14,-0.1391575693463762,66,-0.1392478924651935,WLS,109,9.032311881732036e-05
1,B_svc,2,0.3002110019175211,66,0.30020249469835686,WLS,109,8.507219164233248e-06
2,UPFC_Vsh,5-15,1.1068878542202862,66,1.1049876864946313,WLS,109,0.0019001677256549332
3,UPFC_tsh,5-15,-0.22549194214434917,66,-0.22556986877005308,WLS,109,7.792662570391129e-05
4,UPFC_Vse,5-15,0.06103263501130017,66,0.061639541583382286,WLS,109,0.0006069065720821151
5,UPFC_tse,5-15,-2.1510612404096867,66,-2.1573456201497017,WLS,109,0.006284379740014945
0,x_tcsc,1-14,-0.13913389213265337,67,-0.1392478924651935,WLS,109,0.0001140003325401373
1,B_svc,2,0.3000273083709414,67,0.30020249469835686,WLS,109,0.00017518632741547746
2,UPFC_Vsh,5-15,1.1067809875520271,67,1.1049876864946313,WLS,109,0.0017933010573958352
3,UPFC_tsh,5-15,-0.22548306733884974,67,-0.22556986877005308,WLS,109,8.680143120334827e-05
4,UPFC_Vse,5-15,0.06100297455586182,67,0.061639541583382286,WLS,109,0.0006365670275204627
5,UPFC_tse,5-15,-2.152328300923118,67,-2.1573456201497017,WLS,109,0.005017319226583439
0,x_tcsc,1-14,-0.1391637080099548,68,-0.1392478924651935,WLS,109,8.4184455238695e-05
1,B_svc,2,0.30035731292736445,68,0.30020249469835686,WLS,109,0.00015481822900759168
2,UPFC_Vsh,5-15,1.1066117797330808,68,1.1049876864946313,WLS,109,0.0016240932384494755
3,UPFC_tsh,5-15,-0.2255330265530975,68,-0.22556986877005308,WLS,109,3.684221695557377e-05
4,UPFC_Vse,5-15,0.0612600206892257,68,0.061639541583382286,WLS,109,0.00037952089415658335
5,UPFC_tse,5-15,-2.1525074438910945,68,-2.1573456201497017,WLS,109,0.004838176258607163
0,x_tcsc,1-14,-0.139171173382544,69,-0.1392478924651935,WLS,109,7.671908264950122e-05
1,B_svc,2,0.3004476015187822,69,0.30020249469835686,WLS,109,0.0002451068204253337
2,UPFC_Vsh,5-15,1.1070469542134787,69,1.1049876864946313,WLS,109,0.0020592677188473463
3,UPFC_tsh,5-15,-0.22550688515142822,69,-0.22556986877005308,WLS,109,6.298361862486224e-05
4,UPFC_Vse,5-15,0.06039822854476241,69,0.061639541583382286,WLS,109,0.001241313038619879
5,UPFC_tse,5-15,-2.157907229192015,69,-2.1573456201497017,WLS,109,0.0005616090423132825
0,x_tcsc,1-14,-0.13915308216753794,70,-0.1392478924651935,WLS,109,9.481029765556759e-05
1,B_svc,2,0.3005401176094539,70,0.30020249469835686,WLS,109,0.00033762291109706855
2,UPFC_Vsh,5-15,1.1066737085030216,70,1.1049876864946313,WLS,109,0.0016860220083902977
3,UPFC_tsh,5-15,-0.22554994379799215,70,-0.22556986877005308,WLS,109,1.992497206093624e-05
4,UPFC_Vse,5-15,0.06104836570747643,70,0.061639541583382286,WLS,109,0.0005911758759058541
5,UPFC_tse,5-15,-2.152438851846343,70,-2.1573456201497017,WLS,109,0.004906768303358788
0,x_tcsc,1-14,-0.13915948311047113,71,-0.1392478924651935,WLS,109,8.84093547223741e-05
1,B_svc,2,0.29986951905459364,71,0.30020249469835686,WLS,109,0.00033297564376322253
2,UPFC_Vsh,5-15,1.1069891037448145,71,1.1049876864946313,WLS,109,0.002001417250183213
3,UPFC_tsh,5-15,-0.22551548942017677,71,-0.22556986877005308,WLS,109,5.437934987631565e-05
4,UPFC_Vse,5-15,0.060586496726338174,71,0.061639541583382286,WLS,109,0.0010530448570441123
5,UPFC_tse,5-15,-2.155345474869595,71,-2.1573456201497017,WLS,109,0.0020001452801068353
0,x_tcsc,1-14,-0.1391519773849356,72,-0.1392478924651935,WLS,109,9.59150802579134e-05
1,B_svc,2,0.299740587904643,72,0.30020249469835686,WLS,109,0.0004619067937138843
2,UPFC_Vsh,5-15,1.106785274386993,72,1.1049876864946313,WLS,109,0.0017975878923617294
3,UPFC_tsh,5-15,-0.22556581847623772,72,-0.22556986877005308,WLS,109,4.050293815366368e-06
4,UPFC_Vse,5-15,0.06079829263634499,72,0.061639541583382286,WLS,109,0.0008412489470372986
5,UPFC_tse,5-15,-2.1531299266488944,72,-2.1573456201497017,WLS,109,0.004215693500807305
0,x_tcsc,1-14,-0.1391732009434268,73,-0.1392478924651935,WLS,109,7.469152176670102e-05
1,B_svc,2,0.2996788321448063,73,0.30020249469835686,WLS,109,0.0005236625535505746
2,UPFC_Vsh,5-15,1.1068663288172713,73,1.1049876864946313,WLS,109,0.0018786423226400117
3,UPFC_tsh,5-15,-0.22548533721244418,73,-0.22556986877005308,WLS,109,8.45315576089023e-05
4,UPFC_Vse,5-15,0.06104967357168027,73,0.061639541583382286,WLS,109,0.0005898680117020147
5,UPFC_tse,5-15,-2.152677735486886,73,-2.1573456201497017,WLS,109,0.004667884662815869
0,x_tcsc,1-14,-0.13915507750491946,74,-0.1392478924651935,WLS,109,9.281496027405134e-05
1,B_svc,2,0.29991501734561016,74,0.30020249469835686,WLS,109,0.00028747735274670116
2,UPFC_Vsh,5-15,1.1065775801223454,74,1.1049876864946313,WLS,109,0.0015898936277141118
3,UPFC_tsh,5-15,-0.2256031846881038,74,-0.22556986877005308,WLS,109,3.331591805072476e-05
4,UPFC_Vse,5-15,0.06110377011617125,74,0.061639541583382286,WLS,109,0.0005357714672110381
5,UPFC_tse,5-15,-2.150519349254282,74,-2.1573456201497017,WLS,109,0.0068262708954196505
0,x_tcsc,1-14,-0.1391428701865158,75,-0.1392478924651935,WLS,109,0.0001050222786777022
1,B_svc,2,0.30047778323314284,75,0.30020249469835686,WLS,109,0.0002752885347859779
2,UPFC_Vsh,5-15,1.1068529361462425,75,1.1049876864946313,WLS,109,0.0018652496516111672
3,UPFC_tsh,5-15,-0.22548812372744267,75,-0.22556986877005308,WLS,109,8.174504261040938e-05
4,UPFC_Vse,5-15,0.060834678891532434,75,0.061639541583382286,WLS,109,0.0008048626918498517
5,UPFC_tse,5-15,-2.1542361596002713,75,-2.1573456201497017,WLS,109,0.0031094605494303984
0,x_tcsc,1-14,-0.1391644762832909,76,-0.1392478924651935,WLS,109,8.341618190260691e-05
1,B_svc,2,0.30022154765703846,76,0.30020249469835686,WLS,109,1.9052958681597953e-05
2,UPFC_Vsh,5-15,1.1068102147212964,76,1.1049876864946313,WLS,109,0.0018225282266650655
3,UPFC_tsh,5-15,-0.22553590371019214,76,-0.22556986877005308,WLS,109,3.3965059860946445e-05
4,UPFC_Vse,5-15,0.06134314200888944,76,0.061639541583382286,WLS,109,0.00029639957449284493
5,UPFC_tse,5-15,-2.153306273619315,76,-2.1573456201497017,WLS,109,0.004039346530386734
0,x_tcsc,1-14,-0.13916394402335694,77,-0.1392478924651935,WLS,109,8.394844183656769e-05
1,B_svc,2,0.30026856848923306,77,0.30020249469835686,WLS,109,6.607379087619769e-05
2,UPFC_Vsh,5-15,1.1069431503316445,77,1.1049876864946313,WLS,109,0.0019554638370131716
3,UPFC_tsh,5-15,-0.22558935653193005,77,-0.22556986877005308,WLS,109,1.9487761876962884e-05
4,UPFC_Vse,5-15,0.0612566527988535,77,0.061639541583382286,WLS,109,0.00038288878452878705
5,UPFC_tse,5-15,-2.155741578326124,77,-2.1573456201497017,WLS,109,0.001604041823577873
0,x_tcsc,1-14,-0.13915955065182836,78,-0.1392478924651935,WLS,109,8.83418133651448e-05
1,B_svc,2,0.29979331917435337,78,0.30020249469835686,WLS,109,0.0004091755240034911
2,UPFC_Vsh,5-15,1.1071192915540908,78,1.1049876864946313,WLS,109,0.0021316050594595293
3,UPFC_tsh,5-15,-0.22546672450365274,78,-0.22556986877005308,WLS,109,0.00010314426640034569
4,UPFC_Vse,5-15,0.06086709708645599,78,0.061639541583382286,WLS,109,0.0007724444969262959
5,UPFC_tse,5-15,-2.15380280512849,78,-2.1573456201497017,WLS,109,0.003542815021211787
0,x_tcsc,1-14,-0.13916590852266542,79,-0.1392478924651935,WLS,109,8.198394252809105e-05
1,B_svc,2,0.30005002447750645,79,0.30020249469835686,WLS,109,0.00015247022085040918
2,UPFC_Vsh,5-15,1.106920496377553,79,1.1049876864946313,WLS,109,0.00193280988292166
3,UPFC_tsh,5-15,-0.22553748030345008,79,-0.22556986877005308,WLS,109,3.238846660300054e-05
4,UPFC_Vse,5-15,0.06072112357012402,79,0.061639541583382286,WLS,109,0.0009184180132582667
5,UPFC_tse,5-15,-2.156478546546772,79,-2.1573456201497017,WLS,109,0.0008670736029294801
0,x_tcsc,1-14,-0.1391575838310845,80,-0.1392478924651935,WLS,109,9.03086341089987e-05
1,B_svc,2,0.2997344763241834,80,0.30020249469835686,WLS,109,0.00046801837417348446
2,UPFC_Vsh,5-15,1.10687664598965,80,1.1049876864946313,WLS,109,0.0018889594950186606
3,UPFC_tsh,5-15,-0.2255397663260673,80,-0.22556986877005308,WLS,109,3.0102443985796645e-05
4,UPFC_Vse,5-15,0.061007697047308906,80,0.061639541583382286,WLS,109,0.0006318445360733796
5,UPFC_tse,5-15,-2.154300886497707,80,-2.1573456201497017,WLS,109,0.0030447336519947577
0,x_tcsc,1-14,-0.13913633272365503,81,-0.1392478924651935,WLS,109,0.00011155974153848058
1,B_svc,2,0.2995431138581536,81,0.30020249469835686,WLS,109,0.000659380840203283
2,UPFC_Vsh,5-15,1.106724650938571,81,1.1049876864946313,WLS,109,0.0017369644439397813
3,UPFC_tsh,5-15,-0.2255282840950571,81,-0.22556986877005308,WLS,109,4.158467499598695e-05
4,UPFC_Vse,5-15,0.061362095612913954,81,0.061639541583382286,WLS,109,0.00027744597046833186
5,UPFC_tse,5-15,-2.152445998969234,81,-2.1573456201497017,WLS,109,0.004899621180467495
0,x_tcsc,1-14,-0.1391600600471276,82,-0.1392478924651935,WLS,109,8.783241806589737e-05
1,B_svc,2,0.2998474443118006,82,0.30020249469835686,WLS,109,0.00035505038655625487
2,UPFC_Vsh,5-15,1.1070856853374316,82,1.1049876864946313,WLS,109,0.002097998842800264
3,UPFC_tsh,5-15,-0.22547640305154593,82,-0.22556986877005308,WLS,109,9.346571850715746e-05
4,UPFC_Vse,5-15,0.060680544162883945,82,0.061639541583382286,WLS,109,0.0009589974204983406
5,UPFC_tse,5-15,-2.1531409559594583,82,-2.1573456201497017,WLS,109,0.004204664190243346
0,x_tcsc,1-14,-0.13915278658959307,83,-0.1392478924651935,WLS,109,9.510587560043748e-05
1,B_svc,2,0.30017961250730335,83,0.30020249469835686,WLS,109,2.2882191053508194e-05
2,UPFC_Vsh,5-15,1.1069770063835815,83,1.1049876864946313,WLS,109,0.001989319888950236
3,UPFC_tsh,5-15,-0.2254923945588079,83,-0.22556986877005308,WLS,109,7.747421124518206e-05
4,UPFC_Vse,5-15,0.06109906544659382,83,0.061639541583382286,WLS,109,0.0005404761367884675
5,UPFC_tse,5-15,-2.153585697063514,83,-2.1573456201497017,WLS,109,0.0037599230861875554
0,x_tcsc,1-14,-0.13914995267241478,84,-0.1392478924651935,WLS,109,9.793979277872289e-05
1,B_svc,2,0.30006667679495597,84,0.30020249469835686,WLS,109,0.00013581790340089217
2,UPFC_Vsh,5-15,1.1069096899029944,84,1.1049876864946313,WLS,109,0.0019220034083631266
3,UPFC_tsh,5-15,-0.22548488561500638,84,-0.22556986877005308,WLS,109,8.498315504670839e-05
4,UPFC_Vse,5-15,0.060895586268546076,84,0.061639541583382286,WLS,109,0.0007439553148362102
5,UPFC_tse,5-15,-2.1517225404387954,84,-2.1573456201497017,WLS,109,0.005623079710906254
0,x_tcsc,1-14,-0.1391443171170521,85,-0.1392478924651935,WLS,109,0.00010357534814139924
1,B_svc,2,0.29985498868672644,85,0.30020249469835686,WLS,109,0.0003475060116304163
2,UPFC_Vsh,5-15,1.1068259305599735,85,1.1049876864946313,WLS,109,0.001838244065342165
3,UPFC_tsh,5-15,-0.22554371583479915,85,-0.22556986877005308,WLS,109,2.6152935253931364e-05
4,UPFC_Vse,5-15,0.060879087133330054,85,0.061639541583382286,WLS,109,0.0007604544500522323
5,UPFC_tse,5-15,-2.152609312583814,85,-2.1573456201497017,WLS,109,0.004736307565887721
0,x_tcsc,1-14,-0.13916154400910474,86,-0.1392478924651935,WLS,109,8.634845608876396e-05
1,B_svc,2,0.29959387505399565,86,0.30020249469835686,WLS,109,0.000608619644361208
2,UPFC_Vsh,5-15,1.1072892243506156,86,1.1049876864946313,WLS,109,0.0023015378559843036
3,UPFC_tsh,5-15,-0.22545074476913038,86,-0.22556986877005308,WLS,109,0.00011912400092270459
4,UPFC_Vse,5-15,0.06116963615210844,86,0.061639541583382286,WLS,109,0.00046990543127384266
5,UPFC_tse,5-15,-2.1492575396907534,86,-2.1573456201497017,WLS,109,0.008088080458948266
0,x_tcsc,1-14,-0.13915640309079763,87,-0.1392478924651935,WLS,109,9.148937439587557e-05
1,B_svc,2,0.2998093240066994,87,0.30020249469835686,WLS,109,0.0003931706916574518
2,UPFC_Vsh,5-15,1.1063897830736955,87,1.1049876864946313,WLS,109,0.0014020965790642048
3,UPFC_tsh,5-15,-0.225527001239834,87,-0.22556986877005308,WLS,109,4.286753021909284e-05
4,UPFC_Vse,5-15,0.0611724216743431,87,0.061639541583382286,WLS,109,0.00046711990903918615
5,UPFC_tse,5-15,-2.1533470460852397,87,-2.1573456201497017,WLS,109,0.003998574064461913
0,x_tcsc,1-14,-0.1391681778551009,88,-0.1392478924651935,WLS,109,7.971461009259606e-05
1,B_svc,2,0.2997829268619692,88,0.30020249469835686,WLS,109,0.0004195678363876354
2,UPFC_Vsh,5-15,1.106960736472002,88,1.1049876864946313,WLS,109,0.001973049977370689
3,UPFC_tsh,5-15,-0.2255582405179968,88,-0.22556986877005308,WLS,109,1.1628252056278265e-05
4,UPFC_Vse,5-15,0.060541649047695,88,0.061639541583382286,WLS,109,0.0010978925356872893
5,UPFC_tse,5-15,-2.157927608002587,88,-2.1573456201497017,WLS,109,0.0005819878528852129
0,x_tcsc,1-14,-0.13916090844832368,89,-0.1392478924651935,WLS,109,8.698401686982327e-05
1,B_svc,2,0.29985427096768696,89,0.30020249469835686,WLS,109,0.0003482237306698943
2,UPFC_Vsh,5-15,1.1067097829855417,89,1.1049876864946313,WLS,109,0.0017220964909103742
3,UPFC_tsh,5-15,-0.22560487153102163,89,-0.22556986877005308,WLS,109,3.500276096854438e-05
4,UPFC_Vse,5-15,0.060759202874905265,89,0.061639541583382286,WLS,109,0.0008803387084770214
5,UPFC_tse,5-15,-2.1552277151592234,89,-2.1573456201497017,WLS,109,0.0021179049904782588
0,x_tcsc,1-14,-0.1391298018258729,90,-0.1392478924651935,WLS,109,0.00011809063932061159
1,B_svc,2,0.3002914014091643,90,0.30020249469835686,WLS,109,8.890671080746815e-05
2,UPFC_Vsh,5-15,1.106799465379088,90,1.1049876864946313,WLS,109,0.0018117788844567162
3,UPFC_tsh,5-15,-0.22553965239668122,90,-0.22556986877005308,WLS,109,3.0216373371860783e-05
4,UPFC_Vse,5-15,0.060625069122858824,90,0.061639541583382286,WLS,109,0.001014472460523462
5,UPFC_tse,5-15,-2.1558703193003765,90,-2.1573456201497017,WLS,109,0.001475300849325123
0,x_tcsc,1-14,-0.1391615726655931,91,-0.1392478924651935,WLS,109,8.631979960041503e-05
1,B_svc,2,0.29968769839038784,91,0.30020249469835686,WLS,109,0.0005147963079690232
2,UPFC_Vsh,5-15,1.1067122565510528,91,1.1049876864946313,WLS,109,0.0017245700564214594
3,UPFC_tsh,5-15,-0.22555572328058232,91,-0.22556986877005308,WLS,109,1.4145489470762662e-05
4,UPFC_Vse,5-15,0.061077124383504704,91,0.061639541583382286,WLS,109,0.0005624171998775823
5,UPFC_tse,5-15,-2.1520544903960186,91,-2.1573456201497017,WLS,109,0.005291129753683066
0,x_tcsc,1-14,-0.13917262339764686,92,-0.1392478924651935,WLS,109,7.526906754665164e-05
1,B_svc,2,0.30003385080241407,92,0.30020249469835686,WLS,109,0.00016864389594278828
2,UPFC_Vsh,5-15,1.1068615131947863,92,1.1049876864946313,WLS,109,0.0018738267001550124
3,UPFC_tsh,5-15,-0.22548657101558056,92,-0.22556986877005308,WLS,109,8.329775447252219e-05
4,UPFC_Vse,5-15,0.06105119630040344,92,0.061639541583382286,WLS,109,0.0005883452829788458
5,UPFC_tse,5-15,-2.1521605534890518,92,-2.1573456201497017,WLS,109,0.005185066660649884
0,x_tcsc,1-14,-0.13915566423271392,93,-0.1392478924651935,WLS,109,9.222823247959089e-05
1,B_svc,2,0.29960107916357603,93,0.30020249469835686,WLS,109,0.0006014155347808248
2,UPFC_Vsh,5-15,1.1069335342989788,93,1.1049876864946313,WLS,109,0.001945847804347478
3,UPFC_tsh,5-15,-0.22549316382418938,93,-0.22556986877005308,WLS,109,7.670494586370369e-05
4,UPFC_Vse,5-15,0.061361974258047534,93,0.061639541583382286,WLS,109,0.0002775673253347516
5,UPFC_tse,5-15,-2.1523669649759545,93,-2.1573456201497017,WLS,109,0.004978655173747182
0,x_tcsc,1-14,-0.13915185573463423,94,-0.1392478924651935,WLS,109,9.603673055927353e-05
1,B_svc,2,0.29970729936331636,94,0.30020249469835686,WLS,109,0.0004951953350404992
2,UPFC_Vsh,5-15,1.106931256430985,94,1.1049876864946313,WLS,109,0.0019435699363536951
3,UPFC_tsh,5-15,-0.2255419748464327,94,-0.22556986877005308,WLS,109,2.7893923620375682e-05
4,UPFC_Vse,5-15,0.06059510810812633,94,0.061639541583382286,WLS,109,0.001044433475255957
5,UPFC_tse,5-15,-2.1529361949336536,94,-2.1573456201497017,WLS,109,0.004409425216048035
0,x_tcsc,1-14,-0.13915339978092067,95,-0.1392478924651935,WLS,109,9.449268427283442e-05
1,B_svc,2,0.30020931919174715,95,0.30020249469835686,WLS,109,6.8244933902894545e-06
2,UPFC_Vsh,5-15,1.1069752907139432,95,1.1049876864946313,WLS,109,0.001987604219311878
3,UPFC_tsh,5-15,-0.22557524982352337,95,-0.22556986877005308,WLS,109,5.381053470282504e-06
4,UPFC_Vse,5-15,0.06085226699113023,95,0.061639541583382286,WLS,109,0.0007872745922520574
5,UPFC_tse,5-15,-2.1519468487379863,95,-2.1573456201497017,WLS,109,0.005398771411715408
0,x_tcsc,1-14,-0.13914844467766702,96,-0.1392478924651935,WLS,109,9.944778752649097e-05
1,B_svc,2,0.30080402419885255,96,0.30020249469835686,WLS,109,0.00060152950049569
2,UPFC_Vsh,5-15,1.1064831995052897,96,1.1049876864946313,WLS,109,0.0014955130106584225
3,UPFC_tsh,5-15,-0.22557657749558796,96,-0.22556986877005308,WLS,109,6.708725534876336e-06
4,UPFC_Vse,5-15,0.06098134260821631,96,0.061639541583382286,WLS,109,0.0006581989751659745
5,UPFC_tse,5-15,-2.1547757713187625,96,-2.1573456201497017,WLS,109,0.0025698488309391365
0,x_tcsc,1-14,-0.13915490866446653,97,-0.1392478924651935,WLS,109,9.298380072697565e-05
1,B_svc,2,0.30026207341579303,97,0.30020249469835686,WLS,109,5.95787174361706e-05
2,UPFC_Vsh,5-15,1.1067674029239796,97,1.1049876864946313,WLS,109,0.001779716429348266
3,UPFC_tsh,5-15,-0.22548438476821203,97,-0.22556986877005308,WLS,109,8.548400184105187e-05
4,UPFC_Vse,5-15,0.060494929497725024,97,0.061639541583382286,WLS,109,0.0011446120856572622
5,UPFC_tse,5-15,-2.15392776710613,97,-2.1573456201497017,WLS,109,0.0034178530435715615
0,x_tcsc,1-14,-0.1391672927176372,98,-0.1392478924651935,WLS,109,8.059974755630916e-05
1,B_svc,2,0.300266516622121,98,0.30020249469835686,WLS,109,6.402192376414595e-05
2,UPFC_Vsh,5-15,1.1070196890336559,98,1.1049876864946313,WLS,109,0.00203200253902458
3,UPFC_tsh,5-15,-0.22553313222874527,98,-0.22556986877005308,WLS,109,3.6736541307813564e-05
4,UPFC_Vse,5-15,0.060999769366194265,98,0.061639541583382286,WLS,109,0.0006397722171880213
5,UPFC_tse,5-15,-2.1551288232855503,98,-2.1573456201497017,WLS,109,0.002216796864151327
0,x_tcsc,1-14,-0.13914824835598133,99,-0.1392478924651935,WLS,109,9.964410921217692e-05
1,B_svc,2,0.3000955007156755,99,0.30020249469835686,WLS,109,0.00010699398268138038
2,UPFC_Vsh,5-15,1.1066927386288612,99,1.1049876864946313,WLS,109,0.0017050521342298897
3,UPFC_tsh,5-15,-0.22558087484195868,99,-0.22556986877005308,WLS,109,1.1006071905600434e-05
4,UPFC_Vse,5-15,0.060894006453389,99,0.061639541583382286,WLS,109,0.0007455351299932855
5,UPFC_tse,5-15,-2.154088238798744,99,-2.1573456201497017,WLS,109,0.0032573813509575444
0,x_tcsc,1-14,-0.13949526919420585,0,-0.13958563120612696,WLS,111,9.036201192111348e-05
1,B_svc,2,0.30199813283391785,0,0.30203519384382976,WLS,111,3.7061009911909526e-05
2,UPFC_Vsh,5-15,1.1066694303069715,0,1.1053100449312332,WLS,111,0.00135938537573832
3,UPFC_tsh,5-15,-0.2256328459541409,0,-0.2256470553684916,WLS,111,1.4209414350707661e-05
4,UPFC_Vse,5-15,0.06047979992415711,0,0.06071664889130474,WLS,111,0.00023684896714763065
5,UPFC_tse,5-15,-2.158367193901818,0,-2.1499013915528056,WLS,111,0.008465802349012286
0,x_tcsc,1-14,-0.13948937325908056,1,-0.13958563120612696,WLS,111,9.6257947046402e-05
1,B_svc,2,0.3019343479144331,1,0.30203519384382976,WLS,111,0.0001008459293966868
2,UPFC_Vsh,5-15,1.1068345469327787,1,1.1053100449312332,WLS,111,0.0015245020015455246
3,UPFC_tsh,5-15,-0.22564318725741897,1,-0.2256470553684916,WLS,111,3.868111072641289e-06
4,UPFC_Vse,5-15,0.06105175024585636,1,0.06071664889130474,WLS,111,0.0003351013545516146
5,UPFC_tse,5-15,-2.1529710650664535,1,-2.1499013915528056,WLS,111,0.0030696735136479525
0,x_tcsc,1-14,-0.13948389273951595,2,-0.13958563120612696,WLS,111,0.00010173846661101771
1,B_svc,2,0.3017562546713846,2,0.30203519384382976,WLS,111,0.0002789391724451473
2,UPFC_Vsh,5-15,1.1067423285631852,2,1.1053100449312332,WLS,111,0.001432283631952025
3,UPFC_tsh,5-15,-0.2256294568759827,2,-0.2256470553684916,WLS,111,1.759849250890233e-05
4,UPFC_Vse,5-15,0.061181317453635455,2,0.06071664889130474,WLS,111,0.0004646685623307112
5,UPFC_tse,5-15,-2.1500403494396827,2,-2.1499013915528056,WLS,111,0.0001389578868771224
0,x_tcsc,1-14,-0.13949090862412816,3,-0.13958563120612696,WLS,111,9.472258199880179e-05
1,B_svc,2,0.3023416066785443,3,0.30203519384382976,WLS,111,0.0003064128347145534
2,UPFC_Vsh,5-15,1.1066834735162983,3,1.1053100449312332,WLS,111,0.0013734285850650618
3,UPFC_tsh,5-15,-0.22565384742264383,3,-0.2256470553684916,WLS,111,6.792054152215954e-06
4,UPFC_Vse,5-15,0.06090180585674244,3,0.06071664889130474,WLS,111,0.0001851569654376939
5,UPFC_tse,5-15,-2.153647433881709,3,-2.1499013915528056,WLS,111,0.0037460423289035205
0,x_tcsc,1-14,-0.13946613074503061,4,-0.13958563120612696,WLS,111,0.00011950046109635015
1,B_svc,2,0.3024443607747129,4,0.30203519384382976,WLS,111,0.0004091669308831092
2,UPFC_Vsh,5-15,1.1069382144136704,4,1.1053100449312332,WLS,111,0.0016281694824371584
3,UPFC_tsh,5-15,-0.22567596903085463,4,-0.2256470553684916,WLS,111,2.8913662363017067e-05
4,UPFC_Vse,5-15,0.06054630391657332,4,0.06071664889130474,WLS,111,0.0001703449747314234
5,UPFC_tse,5-15,-2.154544809451284,4,-2.1499013915528056,WLS,111,0.004643417898478219
0,x_tcsc,1-14,-0.13947881311542604,5,-0.13958563120612696,WLS,111,0.00010681809070092751
1,B_svc,2,0.30164664462150365,5,0.30203519384382976,WLS,111,0.00038854922232611777
2,UPFC_Vsh,5-15,1.1067730559563804,5,1.1053100449312332,WLS,111,0.0014630110251472317
3,UPFC_tsh,5-15,-0.22562476322909356,5,-0.2256470553684916,WLS,111,2.2292139398055744e-05
4,UPFC_Vse,5-15,0.06097154569591984,5,0.06071664889130474,WLS,111,0.0002548968046150943
5,UPFC_tse,5-15,-2.1535970860546545,5,-2.1499013915528056,WLS,111,0.003695694501848923
0,x_tcsc,1-14,-0.13948511054298898,6,-0.13958563120612696,WLS,111,0.0001005206631379818
1,B_svc,2,0.30197532717685077,6,0.30203519384382976,WLS,111,5.986666697899157e-05
2,UPFC_Vsh,5-15,1.1068589849214723,6,1.1053100449312332,WLS,111,0.0015489399902390844
3,UPFC_tsh,5-15,-0.2256480777463457,6,-0.2256470553684916,WLS,111,1.0223778540985329e-06
4,UPFC_Vse,5-15,0.060491095897680924,6,0.06071664889130474,WLS,111,0.00022555299362381903
5,UPFC_tse,5-15,-2.15285116147263,6,-2.1499013915528056,WLS,111,0.00294976991982443
0,x_tcsc,1-14,-0.13948900715580695,7,-0.13958563120612696,WLS,111,9.662405032001553e-05
1,B_svc,2,0.30197018010721416,7,0.30203519384382976,WLS,111,6.50137366156045e-05
2,UPFC_Vsh,5-15,1.1068865393938552,7,1.1053100449312332,WLS,111,0.0015764944626219801
3,UPFC_tsh,5-15,-0.22553360760419897,7,-0.2256470553684916,WLS,111,0.00011344776429264569
4,UPFC_Vse,5-15,0.06063988884456287,7,0.06071664889130474,WLS,111,7.676004674187636e-05
5,UPFC_tse,5-15,-2.153489875665145,7,-2.1499013915528056,WLS,111,0.003588484112339252
0,x_tcsc,1-14,-0.13950488185471485,8,-0.13958563120612696,WLS,111,8.07493514121127e-05
1,B_svc,2,0.30203388106179374,8,0.30203519384382976,WLS,111,1.3127820360225861e-06
2,UPFC_Vsh,5-15,1.1068459880772843,8,1.1053100449312332,WLS,111,0.0015359431460510997
3,UPFC_tsh,5-15,-0.22563404849696492,8,-0.2256470553684916,WLS,111,1.3006871526693997e-05
4,UPFC_Vse,5-15,0.06054915987743732,8,0.06071664889130474,WLS,111,0.00016748901386742093
5,UPFC_tse,5-15,-2.153190882769288,8,-2.1499013915528056,WLS,111,0.0032894912164822543
0,x_tcsc,1-14,-0.13949069081111187,9,-0.13958563120612696,WLS,111,9.494039501509177e-05
1,B_svc,2,0.3017468923017469,9,0.30203519384382976,WLS,111,0.0002883015420828694
2,UPFC_Vsh,5-15,1.1066741080369367,9,1.1053100449312332,WLS,111,0.0013640631057034724
3,UPFC_tsh,5-15,-0.22563759299587122,9,-0.2256470553684916,WLS,111,9.462372620394621e-06
4,UPFC_Vse,5-15,0.060882319488486186,9,0.06071664889130474,WLS,111,0.0001656705971814429
5,UPFC_tse,5-15,-2.150784159377368,9,-2.1499013915528056,WLS,111,0.0008827678245624249
0,x_tcsc,1-14,-0.13948601195533095,10,-0.13958563120612696,WLS,111,9.961925079601808e-05
1,B_svc,2,0.3016340587749644,10,0.30203519384382976,WLS,111,0.00040113506886535477
2,UPFC_Vsh,5-15,1.1070712188338434,10,1.1053100449312332,WLS,111,0.0017611739026102136
3,UPFC_tsh,5-15,-0.22557746339757756,10,-0.2256470553684916,WLS,111,6.959197091405134e-05
4,UPFC_Vse,5-15,0.061339890010895244,10,0.06071664889130474,WLS,111,0.0006232411195905008
5,UPFC_tse,5-15,-2.1508235962142845,10,-2.1499013915528056,WLS,111,0.0009222046614789647
0,x_tcsc,1-14,-0.13948105013939197,11,-0.13958563120612696,WLS,111,0.0001045810667349989
1,B_svc,2,0.3020731342247028,11,0.30203519384382976,WLS,111,3.794038087301388e-05
2,UPFC_Vsh,5-15,1.1070526539053813,11,1.1053100449312332,WLS,111,0.0017426089741481299
3,UPFC_tsh,5-15,-0.22555308080597347,11,-0.2256470553684916,WLS,111,9.397456251813985e-05
4,UPFC_Vse,5-15,0.06062448433311035,11,0.06071664889130474,WLS,111,9.216455819439223e-05
5,UPFC_tse,5-15,-2.149584322116689,11,-2.1499013915528056,WLS,111,0.000317069436116757
0,x_tcsc,1-14,-0.1394982164436232,12,-0.13958563120612696,WLS,111,8.741476250376246e-05
1,B_svc,2,0.30147624045878285,12,0.30203519384382976,WLS,111,0.0005589533850469119
2,UPFC_Vsh,5-15,1.1068174544242242,12,1.1053100449312332,WLS,111,0.0015074094929909965
3,UPFC_tsh,5-15,-0.22559591927616227,12,-0.2256470553684916,WLS,111,5.1136092329345795e-05
4,UPFC_Vse,5-15,0.06115709340351697,12,0.06071664889130474,WLS,111,0.00044044451221222913
5,UPFC_tse,5-15,-2.1473117081697564,12,-2.1499013915528056,WLS,111,0.0025896833830492128
0,x_tcsc,1-14,-0.13946955391559532,13,-0.13958563120612696,WLS,111,0.0001160772905316465
1,B_svc,2,0.30173422255357657,13,0.30203519384382976,WLS,111,0.0003009712902531936
2,UPFC_Vsh,5-15,1.106826467707596,13,1.1053100449312332,WLS,111,0.0015164227763628801
3,UPFC_tsh,5-15,-0.2256645862011731,13,-0.2256470553684916,WLS,111,1.7530832681494912e-05
4,UPFC_Vse,5-15,0.06052427176385018,13,0.06071664889130474,WLS,111,0.00019237712745456131
5,UPFC_tse,5-15,-2.1531018885387447,13,-2.1499013915528056,WLS,111,0.0032004969859391608
0,x_tcsc,1-14,-0.13948732770470432,14,-0.13958563120612696,WLS,111,9.830350142264743e-05
1,B_svc,2,0.3021309556800873,14,0.30203519384382976,WLS,111,9.57618362575352e-05
2,UPFC_Vsh,5-15,1.1068296090079053,14,1.1053100449312332,WLS,111,0.0015195640766720864
3,UPFC_tsh,5-15,-0.22560632977490241,14,-0.2256470553684916,WLS,111,4.072559358919703e-05
4,UPFC_Vse,5-15,0.06071976545962694,14,0.06071664889130474,WLS,111,3.1165683221992535e-06
5,UPFC_tse,5-15,-2.1534773311025295,14,-2.1499013915528056,WLS,111,0.0035759395497239055
0,x_tcsc,1-14,-0.13949428825630789,15,-0.13958563120612696,WLS,111,9.134294981907876e-05
1,B_svc,2,0.30177733120935574,15,0.30203519384382976,WLS,111,0.00025786263447402646
2,UPFC_Vsh,5-15,1.10652359830029,15,1.1053100449312332,WLS,111,0.001213553369056708
3,UPFC_tsh,5-15,-0.22564383652428927,15,-0.2256470553684916,WLS,111,3.218844202346194e-06
4,UPFC_Vse,5-15,0.060459326260383944,15,0.06071664889130474,WLS,111,0.00025732263092079904
5,UPFC_tse,5-15,-2.1521945277707255,15,-2.1499013915528056,WLS,111,0.0022931362179199333
0,x_tcsc,1-14,-0.13948986627503357,16,-0.13958563120612696,WLS,111,9.576493109339501e-05
1,B_svc,2,0.30212103889158726,16,0.30203519384382976,WLS,111,8.584504775749346e-05
2,UPFC_Vsh,5-15,1.1066934889841655,16,1.1053100449312332,WLS,111,0.0013834440529323366
3,UPFC_tsh,5-15,-0.22567268006301958,16,-0.2256470553684916,WLS,111,2.5624694527964786e-05
4,UPFC_Vse,5-15,0.06119377164087194,16,0.06071664889130474,WLS,111,0.00047712274956719647
5,UPFC_tse,5-15,-2.1532355253960738,16,-2.1499013915528056,WLS,111,0.0033341338432681944
0,x_tcsc,1-14,-0.139486433275372,17,-0.13958563120612696,WLS,111,9.919793075496841e-05
1,B_svc,2,0.3017704475516948,17,0.30203519384382976,WLS,111,0.00026474629213496526
2,UPFC_Vsh,5-15,1.106934811481696,17,1.1053100449312332,WLS,111,0.0016247665504627307
3,UPFC_tsh,5-15,-0.22559800679179925,17,-0.2256470553684916,WLS,111,4.9048576692356516e-05
4,UPFC_Vse,5-15,0.060572735266590676,17,0.06071664889130474,WLS,111,0.00014391362471406766
5,UPFC_tse,5-15,-2.1493252864331898,17,-2.1499013915528056,WLS,111,0.0005761051196158107
0,x_tcsc,1-14,-0.1394861956609734,18,-0.13958563120612696,WLS,111,9.943554515357e-05
1,B_svc,2,0.30195222295657814,18,0.30203519384382976,WLS,111,8.297088725162105e-05
2,UPFC_Vsh,5-15,1.1071468951268588,18,1.1053100449312332,WLS,111,0.0018368501956256278
3,UPFC_tsh,5-15,-0.2255515389936608,18,-0.2256470553684916,WLS,111,9.551637483082298e-05
4,UPFC_Vse,5-15,0.06051828839270813,18,0.06071664889130474,WLS,111,0.00019836049859661004
5,UPFC_tse,5-15,-2.1523561297910847,18,-2.1499013915528056,WLS,111,0.0024547382382791305
0,x_tcsc,1-14,-0.13949932781585286,19,-0.13958563120612696,WLS,111,8.630339027410061e-05
1,B_svc,2,0.3017040371660876,19,0.30203519384382976,WLS,111,0.0003311566777421393
2,UPFC_Vsh,5-15,1.106802229893123,19,1.1053100449312332,WLS,111,0.001492184961889853
3,UPFC_tsh,5-15,-0.2256960704401671,19,-0.2256470553684916,WLS,111,4.901507167548447e-05
4,UPFC_Vse,5-15,0.06109351153278577,19,0.06071664889130474,WLS,111,0.00037686264148102666
5,UPFC_tse,5-15,-2.151645398576139,19,-2.1499013915528056,WLS,111,0.0017440070233334382
0,x_tcsc,1-14,-0.1394813983016442,20,-0.13958563120612696,WLS,111,0.00010423290448277611
1,B_svc,2,0.30170322256726567,20,0.30203519384382976,WLS,111,0.0003319712765640914
2,UPFC_Vsh,5-15,1.1072349466498583,20,1.1053100449312332,WLS,111,0.0019249017186251383
3,UPFC_tsh,5-15,-0.2256340343473327,20,-0.2256470553684916,WLS,111,1.3021021158909907e-05
4,UPFC_Vse,5-15,0.06060335370466002,20,0.06071664889130474,WLS,111,0.00011329518664472682
5,UPFC_tse,5-15,-2.155942285859061,20,-2.1499013915528056,WLS,111,0.006040894306255318
0,x_tcsc,1-14,-0.1394969410001851,21,-0.13958563120612696,WLS,111,8.869020594187704e-05
1,B_svc,2,0.30165899106520305,21,0.30203519384382976,WLS,111,0.0003762027786267108
2,UPFC_Vsh,5-15,1.106862634023729,21,1.1053100449312332,WLS,111,0.001552589092495893
3,UPFC_tsh,5-15,-0.22560444210729944,21,-0.2256470553684916,WLS,111,4.26132611921759e-05
4,UPFC_Vse,5-15,0.06048674237949414,21,0.06071664889130474,WLS,111,0.0002299065118106028
5,UPFC_tse,5-15,-2.1537864963830127,21,-2.1499013915528056,WLS,111,0.003885104830207098
0,x_tcsc,1-14,-0.1394810999781793,22,-0.13958563120612696,WLS,111,0.0001045312279476518
1,B_svc,2,0.3019169183748415,22,0.30203519384382976,WLS,111,0.00011827546898823815
2,UPFC_Vsh,5-15,1.1065963495561524,22,1.1053100449312332,WLS,111,0.0012863046249191878
3,UPFC_tsh,5-15,-0.22563807639999958,22,-0.2256470553684916,WLS,111,8.978968492029393e-06
4,UPFC_Vse,5-15,0.06065370965470517,22,0.06071664889130474,WLS,111,6.293923659957124e-05
5,UPFC_tse,5-15,-2.152873393524623,22,-2.1499013915528056,WLS,111,0.0029720019718175728
0,x_tcsc,1-14,-0.13949940960348994,23,-0.13958563120612696,WLS,111,8.622160263702106e-05
1,B_svc,2,0.30189994169782935,23,0.30203519384382976,WLS,111,0.00013525214600040858
2,UPFC_Vsh,5-15,1.1067601936682663,23,1.1053100449312332,WLS,111,0.0014501487370330857
3,UPFC_tsh,5-15,-0.22562132719292663,23,-0.2256470553684916,WLS,111,2.572817556498186e-05
4,UPFC_Vse,5-15,0.06080622618279297,23,0.06071664889130474,WLS,111,8.95772914882298e-05
5,UPFC_tse,5-15,-2.1549052111829505,23,-2.1499013915528056,WLS,111,0.005003819630144957
0,x_tcsc,1-14,-0.13949994984830633,24,-0.13958563120612696,WLS,111,8.568135782063835e-05
1,B_svc,2,0.30185127227061403,24,0.30203519384382976,WLS,111,0.00018392157321572844
2,UPFC_Vsh,5-15,1.106785927593053,24,1.1053100449312332,WLS,111,0.0014758826618197496
3,UPFC_tsh,5-15,-0.22558767816491188,24,-0.2256470553684916,WLS,111,5.937720357973575e-05
4,UPFC_Vse,5-15,0.06060273493413559,24,0.06071664889130474,WLS,111,0.00011391395716915664
5,UPFC_tse,5-15,-2.1538776292516824,24,-2.1499013915528056,WLS,111,0.003976237698876783
0,x_tcsc,1-14,-0.13947290416532415,25,-0.13958563120612696,WLS,111,0.00011272704080281248
1,B_svc,2,0.3017348398887451,25,0.30203519384382976,WLS,111,0.00030035395508465346
2,UPFC_Vsh,5-15,1.107105930150327,25,1.1053100449312332,WLS,111,0.0017958852190937957
3,UPFC_tsh,5-15,-0.22560587370205282,25,-0.2256470553684916,WLS,111,4.1181666438794284e-05
4,UPFC_Vse,5-15,0.06080709658378961,25,0.06071664889130474,WLS,111,9.04476924848685e-05
5,UPFC_tse,5-15,-2.1560335717851062,25,-2.1499013915528056,WLS,111,0.006132180232300666
0,x_tcsc,1-14,-0.13948868257980487,26,-0.13958563120612696,WLS,111,9.694862632209089e-05
1,B_svc,2,0.3021200160226913,26,0.30203519384382976,WLS,111,8.48221788615211e-05
2,UPFC_Vsh,5-15,1.106947227222829,26,1.1053100449312332,WLS,111,0.0016371822915957068
3,UPFC_tsh,5-15,-0.22564504923518364,26,-0.2256470553684916,WLS,111,2.0061333079746113e-06
4,UPFC_Vse,5-15,0.0609122185945783,26,0.06071664889130474,WLS,111,0.00019556970327355705
5,UPFC_tse,5-15,-2.155991099130474,26,-2.1499013915528056,WLS,111,0.006089707577668246
0,x_tcsc,1-14,-0.1394712600413236,27,-0.13958563120612696,WLS,111,0.0001143711648033674
1,B_svc,2,0.3021304712309914,27,0.30203519384382976,WLS,111,9.52773871616408e-05
2,UPFC_Vsh,5-15,1.106620201257539,27,1.1053100449312332,WLS,111,0.0013101563263058225
3,UPFC_tsh,5-15,-0.22559871315275196,27,-0.2256470553684916,WLS,111,4.834221573965514e-05
4,UPFC_Vse,5-15,0.06071473487710421,27,0.06071664889130474,WLS,111,1.9140142005352745e-06
5,UPFC_tse,5-15,-2.1538573156670036,27,-2.1499013915528056,WLS,111,0.003955924114197984
0,x_tcsc,1-14,-0.1394689567834239,28,-0.13958563120612696,WLS,111,0.00011667442270307804
1,B_svc,2,0.3014002280659235,28,0.30203519384382976,WLS,111,0.0006349657779062823
2,UPFC_Vsh,5-15,1.1069870007224147,28,1.1053100449312332,WLS,111,0.0016769557911815447
3,UPFC_tsh,5-15,-0.22556547423655401,28,-0.2256470553684916,WLS,111,8.158113193759697e-05
4,UPFC_Vse,5-15,0.06060480500550905,28,0.06071664889130474,WLS,111,0.0001118438857956941
5,UPFC_tse,5-15,-2.1549303373965785,28,-2.1499013915528056,WLS,111,0.005028945843772892
0,x_tcsc,1-14,-0.13949526037354987,29,-0.13958563120612696,WLS,111,9.037083257709688e-05
1,B_svc,2,0.30173704672801666,29,0.30203519384382976,WLS,111,0.0002981471158131077
2,UPFC_Vsh,5-15,1.106673568904138,29,1.1053100449312332,WLS,111,0.0013635239729048454
3,UPFC_tsh,5-15,-0.22560517662363144,29,-0.2256470553684916,WLS,111,4.187874486016874e-05
4,UPFC_Vse,5-15,0.060870843688931725,29,0.06071664889130474,WLS,111,0.00015419479762698168
5,UPFC_tse,5-15,-2.151556105493819,29,-2.1499013915528056,WLS,111,0.0016547139410132417
0,x_tcsc,1-14,-0.13947508518170226,30,-0.13958563120612696,WLS,111,0.0001105460244247014
1,B_svc,2,0.30143194838335086,30,0.30203519384382976,WLS,111,0.0006032454604789073
2,UPFC_Vsh,5-15,1.1064281659246056,30,1.1053100449312332,WLS,111,0.0011181209933723846
3,UPFC_tsh,5-15,-0.22561826860092385,30,-0.2256470553684916,WLS,111,2.8786767567762217e-05
4,UPFC_Vse,5-15,0.060675579893958,30,0.06071664889130474,WLS,111,4.106899734674513e-05
5,UPFC_tse,5-15,-2.1533702841512414,30,-2.1499013915528056,WLS,111,0.0034688925984358576
0,x_tcsc,1-14,-0.13947949667717072,31,-0.13958563120612696,WLS,111,0.00010613452895624764
1,B_svc,2,0.3017229698155216,31,0.30203519384382976,WLS,111,0.0003122240283081612
2,UPFC_Vsh,5-15,1.1071957199955922,31,1.1053100449312332,WLS,111,0.0018856750643589937
3,UPFC_tsh,5-15,-0.22562797172445917,31,-0.2256470553684916,WLS,111,1.908364403244156e-05
4,UPFC_Vse,5-15,0.06065310128535459,31,0.06071664889130474,WLS,111,6.354760595015524e-05
5,UPFC_tse,5-15,-2.1541997858915387,31,-2.1499013915528056,WLS,111,0.004298394338733136
0,x_tcsc,1-14,-0.13948805215730867,32,-0.13958563120612696,WLS,111,9.757904881829704e-05
1,B_svc,2,0.3018907090199875,32,0.30203519384382976,WLS,111,0.00014448482384227246
2,UPFC_Vsh,5-15,1.106848525129001,32,1.1053100449312332,WLS,111,0.0015384801977678109
3,UPFC_tsh,5-15,-0.22564104217228262,32,-0.2256470553684916,WLS,111,6.013196208992655e-06
4,UPFC_Vse,5-15,0.06021863669610523,32,0.06071664889130474,WLS,111,0.0004980121951995153
5,UPFC_tse,5-15,-2.155827250224359,32,-2.1499013915528056,WLS,111,0.0059258586715533745
0,x_tcsc,1-14,-0.1394652826777342,33,-0.13958563120612696,WLS,111,0.00012034852839276633
1,B_svc,2,0.30213292943704484,33,0.30203519384382976,WLS,111,9.773559321507586e-05
2,UPFC_Vsh,5-15,1.106955456302785,33,1.1053100449312332,WLS,111,0.0016454113715518304
3,UPFC_tsh,5-15,-0.22563575497588415,33,-0.2256470553684916,WLS,111,1.1300392607466181e-05
4,UPFC_Vse,5-15,0.06073178283244628,33,0.06071664889130474,WLS,111,1.513394114153327e-05
5,UPFC_tse,5-15,-2.1528384255582154,33,-2.1499013915528056,WLS,111,0.0029370340054097888
0,x_tcsc,1-14,-0.13951033040433003,34,-0.13958563120612696,WLS,111,7.530080179693477e-05
1,B_svc,2,0.30165955363690994,34,0.30203519384382976,WLS,111,0.000375640206919825
2,UPFC_Vsh,5-15,1.106675573221135,34,1.1053100449312332,WLS,111,0.001365528289901885
3,UPFC_tsh,5-15,-0.2256199530688914,34,-0.2256470553684916,WLS,111,2.7102299600206825e-05
4,UPFC_Vse,5-15,0.06080331786081239,34,0.06071664889130474,WLS,111,8.666896950764585e-05
5,UPFC_tse,5-15,-2.1531866304149223,34,-2.1499013915528056,WLS,111,0.003285238862116735
0,x_tcsc,1-14,-0.13948692753827427,35,-0.13958563120612696,WLS,111,9.870366785269535e-05
1,B_svc,2,0.3022628783755742,35,0.30203519384382976,WLS,111,0.00022768453174443204
2,UPFC_Vsh,5-15,1.1068135617662909,35,1.1053100449312332,WLS,111,0.0015035168350576722
3,UPFC_tsh,5-15,-0.2256434049908906,35,-0.2256470553684916,WLS,111,3.6503776009999545e-06
4,UPFC_Vse,5-15,0.060684432071279736,35,0.06071664889130474,WLS,111,3.221682002500781e-05
5,UPFC_tse,5-15,-2.1539616853133188,35,-2.1499013915528056,WLS,111,0.004060293760513201
0,x_tcsc,1-14,-0.1395055788958978,36,-0.13958563120612696,WLS,111,8.005231022917281e-05
1,B_svc,2,0.3018553912590459,36,0.30203519384382976,WLS,111,0.00017980258478383915
2,UPFC_Vsh,5-15,1.10701065872009,36,1.1053100449312332,WLS,111,0.0017006137888568862
3,UPFC_tsh,5-15,-0.2256072322772501,36,-0.2256470553684916,WLS,111,3.9823091241508735e-05
4,UPFC_Vse,5-15,0.060808926552782465,36,0.06071664889130474,WLS,111,9.227766147772154e-05
5,UPFC_tse,5-15,-2.1555296061154237,36,-2.1499013915528056,WLS,111,0.0056282145626180835
0,x_tcsc,1-14,-0.13948287144074747,37,-0.13958563120612696,WLS,111,0.00010275976537948983
1,B_svc,2,0.3020353040166675,37,0.30203519384382976,WLS,111,1.1017283774172881e-07
2,UPFC_Vsh,5-15,1.1069385450196052,37,1.1053100449312332,WLS,111,0.001628500088372009
3,UPFC_tsh,5-15,-0.2255740114210927,37,-0.2256470553684916,WLS,111,7.304394739890419e-05
4,UPFC_Vse,5-15,0.06008078610155785,37,0.06071664889130474,WLS,111,0.0006358627897468938
5,UPFC_tse,5-15,-2.1584929129898596,37,-2.1499013915528056,WLS,111,0.008591521437053995
0,x_tcsc,1-14,-0.1394918336820244,38,-0.13958563120612696,WLS,111,9.379752410257347e-05
1,B_svc,2,0.3017457226120642,38,0.30203519384382976,WLS,111,0.0002894712317655368
2,UPFC_Vsh,5-15,1.1069766095089468,38,1.1053100449312332,WLS,111,0.0016665645777136362
3,UPFC_tsh,5-15,-0.22558560088102844,38,-0.2256470553684916,WLS,111,6.14544874631695e-05
4,UPFC_Vse,5-15,0.06091223594137136,38,0.06071664889130474,WLS,111,0.0001955870500666146
5,UPFC_tse,5-15,-2.150627817604596,38,-2.1499013915528056,WLS,111,0.0007264260517905186
0,x_tcsc,1-14,-0.13949878898411489,39,-0.13958563120612696,WLS,111,8.684222201207903e-05
1,B_svc,2,0.30232058074587403,39,0.30203519384382976,WLS,111,0.0002853869020442712
2,UPFC_Vsh,5-15,1.106974656203576,39,1.1053100449312332,WLS,111,0.001664611272342853
3,UPFC_tsh,5-15,-0.2256164085889199,39,-0.2256470553684916,WLS,111,3.064677957170803e-05
4,UPFC_Vse,5-15,0.06074949496890514,39,0.06071664889130474,WLS,111,3.284607760039443e-05
5,UPFC_tse,5-15,-2.15051936867417,39,-2.1499013915528056,WLS,111,0.0006179771213643548
0,x_tcsc,1-14,-0.13947853340793914,40,-0.13958563120612696,WLS,111,0.00010709779818782184
1,B_svc,2,0.30183692344802054,40,0.30203519384382976,WLS,111,0.00019827039580921912
2,UPFC_Vsh,5-15,1.1069879590728413,40,1.1053100449312332,WLS,111,0.0016779141416081167
3,UPFC_tsh,5-15,-0.22561613650876836,40,-0.2256470553684916,WLS,111,3.09188597232557e-05
4,UPFC_Vse,5-15,0.060827029984715134,40,0.06071664889130474,WLS,111,0.00011038109341039021
5,UPFC_tse,5-15,-2.152814628453916,40,-2.1499013915528056,WLS,111,0.0029132369011102277
0,x_tcsc,1-14,-0.13947630365712904,41,-0.13958563120612696,WLS,111,0.00010932754899792285
1,B_svc,2,0.30242937281016663,41,0.30203519384382976,WLS,111,0.00039417896633686667
2,UPFC_Vsh,5-15,1.1068142134981016,41,1.1053100449312332,WLS,111,0.0015041685668684135
3,UPFC_tsh,5-15,-0.22564317756521876,41,-0.2256470553684916,WLS,111,3.877803272850366e-06
4,UPFC_Vse,5-15,0.06085420337940125,41,0.06071664889130474,WLS,111,0.00013755448809650572
5,UPFC_tse,5-15,-2.1551141032246837,41,-2.1499013915528056,WLS,111,0.00521271167187809
0,x_tcsc,1-14,-0.13949265317070078,42,-0.13958563120612696,WLS,111,9.297803542618333e-05
1,B_svc,2,0.30180494202337604,42,0.30203519384382976,WLS,111,0.0002302518204537196
2,UPFC_Vsh,5-15,1.1065560663298637,42,1.1053100449312332,WLS,111,0.0012460213986305035
3,UPFC_tsh,5-15,-0.2256407048659523,42,-0.2256470553684916,WLS,111,6.350502539304026e-06
4,UPFC_Vse,5-15,0.06077854316133688,42,0.06071664889130474,WLS,111,6.189427003213538e-05
5,UPFC_tse,5-15,-2.1512015486204934,42,-2.1499013915528056,WLS,111,0.0013001570676878238
0,x_tcsc,1-14,-0.1394918262873514,43,-0.13958563120612696,WLS,111,9.380491877555852e-05
1,B_svc,2,0.30155854924387265,43,0.30203519384382976,WLS,111,0.00047664459995711006
2,UPFC_Vsh,5-15,1.1069414634058485,43,1.1053100449312332,WLS,111,0.0016314184746153426
3,UPFC_tsh,5-15,-0.22567315310084923,43,-0.2256470553684916,WLS,111,2.6097732357621695e-05
4,UPFC_Vse,5-15,0.06094443135946189,43,0.06071664889130474,WLS,111,0.00022778246815714775
5,UPFC_tse,5-15,-2.1533813288640546,43,-2.1499013915528056,WLS,111,0.0034799373112490706
0,x_tcsc,1-14,-0.13946957015321992,44,-0.13958563120612696,WLS,111,0.0001160610529070405
1,B_svc,2,0.30141544397049985,44,0.30203519384382976,WLS,111,0.0006197498733299112
2,UPFC_Vsh,5-15,1.1067135782527013,44,1.1053100449312332,WLS,111,0.0014035333214681422
3,UPFC_tsh,5-15,-0.2256344460976011,44,-0.2256470553684916,WLS,111,1.2609270890501234e-05
4,UPFC_Vse,5-15,0.060631323910711646,44,0.06071664889130474,WLS,111,8.532498059309751e-05
5,UPFC_tse,5-15,-2.1532330518101808,44,-2.1499013915528056,WLS,111,0.0033316602573751908
0,x_tcsc,1-14,-0.13948055275234672,45,-0.13958563120612696,WLS,111,0.00010507845378024405
1,B_svc,2,0.3018276103135915,45,0.30203519384382976,WLS,111,0.00020758353023825338
2,UPFC_Vsh,5-15,1.106812027479851,45,1.1053100449312332,WLS,111,0.0015019825486177751
3,UPFC_tsh,5-15,-0.22565781355700804,45,-0.2256470553684916,WLS,111,1.0758188516424294e-05
4,UPFC_Vse,5-15,0.06064488576241288,45,0.06071664889130474,WLS,111,7.176312889186492e-05
5,UPFC_tse,5-15,-2.152550027219879,45,-2.1499013915528056,WLS,111,0.002648635667073407
0,x_tcsc,1-14,-0.13950233048208283,46,-0.13958563120612696,WLS,111,8.330072404413857e-05
1,B_svc,2,0.30210610771839685,46,0.30203519384382976,WLS,111,7.09138745670912e-05
2,UPFC_Vsh,5-15,1.1070334265261987,46,1.1053100449312332,WLS,111,0.001723381594965545
3,UPFC_tsh,5-15,-0.2255909388591257,46,-0.2256470553684916,WLS,111,5.611650936590551e-05
4,UPFC_Vse,5-15,0.06075930679775091,46,0.06071664889130474,WLS,111,4.2657906446169624e-05
5,UPFC_tse,5-15,-2.153333449623749,46,-2.1499013915528056,WLS,111,0.003432058070943267
0,x_tcsc,1-14,-0.13948684823316415,47,-0.13958563120612696,WLS,111,9.878297296281313e-05
1,B_svc,2,0.30161666419010336,47,0.30203519384382976,WLS,111,0.00041852965372640716
2,UPFC_Vsh,5-15,1.1069766020296705,47,1.1053100449312332,WLS,111,0.0016665570984373268
3,UPFC_tsh,5-15,-0.22560126329124583,47,-0.2256470553684916,WLS,111,4.579207724578205e-05
4,UPFC_Vse,5-15,0.06058433003085806,47,0.06071664889130474,WLS,111,0.00013231886044668545
5,UPFC_tse,5-15,-2.1489450767091136,47,-2.1499013915528056,WLS,111,0.0009563148436919633
0,x_tcsc,1-14,-0.13949085891103744,48,-0.13958563120612696,WLS,111,9.477229508952911e-05
1,B_svc,2,0.30167855249850645,48,0.30203519384382976,WLS,111,0.00035664134532331637
2,UPFC_Vsh,5-15,1.1067949232353589,48,1.1053100449312332,WLS,111,0.0014848783041256919
3,UPFC_tsh,5-15,-0.2256212364393664,48,-0.2256470553684916,WLS,111,2.5818929125204226e-05
4,UPFC_Vse,5-15,0.060724089773089865,48,0.06071664889130474,WLS,111,7.440881785121534e-06
5,UPFC_tse,5-15,-2.156968149402504,48,-2.1499013915528056,WLS,111,0.007066757849698568
0,x_tcsc,1-14,-0.13947495927100043,49,-0.13958563120612696,WLS,111,0.00011067193512653839
1,B_svc,2,0.3015023053393946,49,0.30203519384382976,WLS,111,0.0005328885044351694
2,UPFC_Vsh,5-15,1.1070043075066547,49,1.1053100449312332,WLS,111,0.0016942625754214902
3,UPFC_tsh,5-15,-0.22561719806905134,49,-0.2256470553684916,WLS,111,2.9857299440272378e-05
4,UPFC_Vse,5-15,0.06084359076001169,49,0.06071664889130474,WLS,111,0.00012694186870694513
5,UPFC_tse,5-15,-2.1560516035771746,49,-2.1499013915528056,WLS,111,0.006150212024369051
0,x_tcsc,1-14,-0.13947672066658268,50,-0.13958563120612696,WLS,111,0.00010891053954428798
1,B_svc,2,0.30172034732125197,50,0.30203519384382976,WLS,111,0.0003148465225777941
2,UPFC_Vsh,5-15,1.1064907437940428,50,1.1053100449312332,WLS,111,0.0011806988628095816
3,UPFC_tsh,5-15,-0.22566757571767404,50,-0.2256470553684916,WLS,111,2.0520349182429065e-05
4,UPFC_Vse,5-15,0.060942105250683984,50,0.06071664889130474,WLS,111,0.00022545635937924052
5,UPFC_tse,5-15,-2.1536021302978607,50,-2.1499013915528056,WLS,111,0.0037007387450551654
0,x_tcsc,1-14,-0.13948667698557998,51,-0.13958563120612696,WLS,111,9.895422054698177e-05
1,B_svc,2,0.3017536350754679,51,0.30203519384382976,WLS,111,0.0002815587683618892
2,UPFC_Vsh,5-15,1.1066481106910713,51,1.1053100449312332,WLS,111,0.0013380657598380807
3,UPFC_tsh,5-15,-0.22567818510314525,51,-0.2256470553684916,WLS,111,3.112973465363433e-05
4,UPFC_Vse,5-15,0.060757370342127054,51,0.06071664889130474,WLS,111,4.0721450822310545e-05
5,UPFC_tse,5-15,-2.15118728469147,51,-2.1499013915528056,WLS,111,0.0012858931386645622
0,x_tcsc,1-14,-0.1394898112287114,52,-0.13958563120612696,WLS,111,9.581997741556214e-05
1,B_svc,2,0.30202526598565266,52,0.30203519384382976,WLS,111,9.92785817710562e-06
2,UPFC_Vsh,5-15,1.1066922060080953,52,1.1053100449312332,WLS,111,0.0013821610768620651
3,UPFC_tsh,5-15,-0.22561290340358336,52,-0.2256470553684916,WLS,111,3.415196490824668e-05
4,UPFC_Vse,5-15,0.060708171544002834,52,0.06071664889130474,WLS,111,8.477347301909244e-06
5,UPFC_tse,5-15,-2.15326681461631,52,-2.1499013915528056,WLS,111,0.0033654230635042914
0,x_tcsc,1-14,-0.13949003380896882,53,-0.13958563120612696,WLS,111,9.559739715814253e-05
1,B_svc,2,0.302280015536953,53,0.30203519384382976,WLS,111,0.00024482169312323165
2,UPFC_Vsh,5-15,1.1067821444020618,53,1.1053100449312332,WLS,111,0.0014720994708286028
3,UPFC_tsh,5-15,-0.22560119797466657,53,-0.2256470553684916,WLS,111,4.5857393825038395e-05
4,UPFC_Vse,5-15,0.060612222638650626,53,0.06071664889130474,WLS,111,0.00010442625265411759
5,UPFC_tse,5-15,-2.1514996594763134,53,-2.1499013915528056,WLS,111,0.0015982679235078123
0,x_tcsc,1-14,-0.1394981763176113,54,-0.13958563120612696,WLS,111,8.745488851566452e-05
1,B_svc,2,0.3022465430212152,54,0.30203519384382976,WLS,111,0.00021134917738541148
2,UPFC_Vsh,5-15,1.106562165163315,54,1.1053100449312332,WLS,111,0.001252120232081877
3,UPFC_tsh,5-15,-0.22560968814779445,54,-0.2256470553684916,WLS,111,3.736722069716536e-05
4,UPFC_Vse,5-15,0.06095832182041511,54,0.06071664889130474,WLS,111,0.00024167292911036337
5,UPFC_tse,5-15,-2.153646926267759,54,-2.1499013915528056,WLS,111,0.0037455347149535356
0,x_tcsc,1-14,-0.13947814592868185,55,-0.13958563120612696,WLS,111,0.00010748527744511294
1,B_svc,2,0.30217626772267847,55,0.30203519384382976,WLS,111,0.0001410738788487076
2,UPFC_Vsh,5-15,1.1068045750252018,55,1.1053100449312332,WLS,111,0.0014945300939686046
3,UPFC_tsh,5-15,-0.22566008570251342,55,-0.2256470553684916,WLS,111,1.3030334021807422e-05
4,UPFC_Vse,5-15,0.060761464072800656,55,0.06071664889130474,WLS,111,4.481518149591218e-05
5,UPFC_tse,5-15,-2.154936453095809,55,-2.1499013915528056,WLS,111,0.005035061543003483
0,x_tcsc,1-14,-0.13947755504523493,56,-0.13958563120612696,WLS,111,0.00010807616089203442
1,B_svc,2,0.3020165179001301,56,0.30203519384382976,WLS,111,1.8675943699641984e-05
2,UPFC_Vsh,5-15,1.106791925809982,56,1.1053100449312332,WLS,111,0.001481880878748898
3,UPFC_tsh,5-15,-0.22562370934050152,56,-0.2256470553684916,WLS,111,2.334602799008989e-05
4,UPFC_Vse,5-15,0.06093691741415623,56,0.06071664889130474,WLS,111,0.00022026852285148696
5,UPFC_tse,5-15,-2.153028026986684,56,-2.1499013915528056,WLS,111,0.0031266354338783664
0,x_tcsc,1-14,-0.13950033232171657,57,-0.13958563120612696,WLS,111,8.529888441038969e-05
1,B_svc,2,0.30160253641393076,57,0.30203519384382976,WLS,111,0.00043265742989900824
2,UPFC_Vsh,5-15,1.106968250038172,57,1.1053100449312332,WLS,111,0.0016582051069387038
3,UPFC_tsh,5-15,-0.22560979879073417,57,-0.2256470553684916,WLS,111,3.7256577757438514e-05
4,UPFC_Vse,5-15,0.06037635935375549,57,0.06071664889130474,WLS,111,0.00034028953754925567
5,UPFC_tse,5-15,-2.1546117532634503,57,-2.1499013915528056,WLS,111,0.0047103617106447615
0,x_tcsc,1-14,-0.13947982865072256,58,-0.13958563120612696,WLS,111,0.00010580255540440509
1,B_svc,2,0.30160676105354167,58,0.30203519384382976,WLS,111,0.00042843279028809134
2,UPFC_Vsh,5-15,1.1067699794227213,58,1.1053100449312332,WLS,111,0.0014599344914880685
3,UPFC_tsh,5-15,-0.22558816524995198,58,-0.2256470553684916,WLS,111,5.8890118539628444e-05
4,UPFC_Vse,5-15,0.060675119876571634,58,0.06071664889130474,WLS,111,4.152901473310905e-05
5,UPFC_tse,5-15,-2.1521742311075704,58,-2.1499013915528056,WLS,111,0.0022728395547648717
0,x_tcsc,1-14,-0.13947137016360653,59,-0.13958563120612696,WLS,111,0.00011426104252043601
1,B_svc,2,0.30147960005196484,59,0.30203519384382976,WLS,111,0.0005555937918649279
2,UPFC_Vsh,5-15,1.1069093769199405,59,1.1053100449312332,WLS,111,0.0015993319887073199
3,UPFC_tsh,5-15,-0.22570559837376872,59,-0.2256470553684916,WLS,111,5.854300527710632e-05
4,UPFC_Vse,5-15,0.06093408299918089,59,0.06071664889130474,WLS,111,0.00021743410787614798
5,UPFC_tse,5-15,-2.153713743377673,59,-2.1499013915528056,WLS,111,0.0038123518248673882
0,x_tcsc,1-14,-0.13948886639358385,60,-0.13958563120612696,WLS,111,9.676481254311531e-05
1,B_svc,2,0.3021573427498228,60,0.30203519384382976,WLS,111,0.00012214890599304695
2,UPFC_Vsh,5-15,1.1069551227215282,60,1.1053100449312332,WLS,111,0.001645077790294991
3,UPFC_tsh,5-15,-0.22562938310677624,60,-0.2256470553684916,WLS,111,1.7672261715367954e-05
4,UPFC_Vse,5-15,0.06078907052543082,60,0.06071664889130474,WLS,111,7.242163412607416e-05
5,UPFC_tse,5-15,-2.1537167643046433,60,-2.1499013915528056,WLS,111,0.0038153727518377423
0,x_tcsc,1-14,-0.13948515883552062,61,-0.13958563120612696,WLS,111,0.00010047237060634151
1,B_svc,2,0.30198947883875604,61,0.30203519384382976,WLS,111,4.571500507372095e-05
2,UPFC_Vsh,5-15,1.1073905585912298,61,1.1053100449312332,WLS,111,0.002080513659996619
3,UPFC_tsh,5-15,-0.22557180594028678,61,-0.2256470553684916,WLS,111,7.524942820483216e-05
4,UPFC_Vse,5-15,0.060563960590273906,61,0.06071664889130474,WLS,111,0.0001526883010308372
5,UPFC_tse,5-15,-2.152965644335847,61,-2.1499013915528056,WLS,111,0.0030642527830413435
0,x_tcsc,1-14,-0.13948125519365345,62,-0.13958563120612696,WLS,111,0.00010437601247351158
1,B_svc,2,0.30195855766314134,62,0.30203519384382976,WLS,111,7.663618068842748e-05
2,UPFC_Vsh,5-15,1.1065731959073142,62,1.1053100449312332,WLS,111,0.0012631509760809845
3,UPFC_tsh,5-15,-0.22555751541452318,62,-0.2256470553684916,WLS,111,8.953995396843162e-05
4,UPFC_Vse,5-15,0.06023840277436741,62,0.06071664889130474,WLS,111,0.00047824611693733643
5,UPFC_tse,5-15,-2.155001013161793,62,-2.1499013915528056,WLS,111,0.005099621608987359
0,x_tcsc,1-14,-0.13948891324926868,63,-0.13958563120612696,WLS,111,9.671795685828322e-05
1,B_svc,2,0.30213452671870134,63,0.30203519384382976,WLS,111,9.933287487157161e-05
2,UPFC_Vsh,5-15,1.1068167079501883,63,1.1053100449312332,WLS,111,0.001506663018955079
3,UPFC_tsh,5-15,-0.22563168532764444,63,-0.2256470553684916,WLS,111,1.5370040847173527e-05
4,UPFC_Vse,5-15,0.06036188336056001,63,0.06071664889130474,WLS,111,0.0003547655307447328
5,UPFC_tse,5-15,-2.153834678804557,63,-2.1499013915528056,WLS,111,0.0039332872517512385
0,x_tcsc,1-14,-0.13950733355624323,64,-0.13958563120612696,WLS,111,7.829764988373511e-05
1,B_svc,2,0.3019986080610493,64,0.30203519384382976,WLS,111,3.6585782780484966e-05
2,UPFC_Vsh,5-15,1.1065216202188224,64,1.1053100449312332,WLS,111,0.001211575287589195
3,UPFC_tsh,5-15,-0.22568179232418137,64,-0.2256470553684916,WLS,111,3.473695568975699e-05
4,UPFC_Vse,5-15,0.060775895469224024,64,0.06071664889130474,WLS,111,5.9246577919280785e-05
5,UPFC_tse,5-15,-2.1498777625313363,64,-2.1499013915528056,WLS,111,2.3629021469240286e-05
0,x_tcsc,1-14,-0.1395053543999251,65,-0.13958563120612696,WLS,111,8.027680620187327e-05
1,B_svc,2,0.3019988107856984,65,0.30203519384382976,WLS,111,3.638305813136178e-05
2,UPFC_Vsh,5-15,1.1066807174574578,65,1.1053100449312332,WLS,111,0.0013706725262245811
3,UPFC_tsh,5-15,-0.2256174757596948,65,-0.2256470553684916,WLS,111,2.957960879682031e-05
4,UPFC_Vse,5-15,0.060769712212808746,65,0.06071664889130474,WLS,111,5.3063321504003e-05
5,UPFC_tse,5-15,-2.1521145762930067,65,-2.1499013915528056,WLS,111,0.0022131847402011573
0,x_tcsc,1-14,-0.13947084204413196,66,-0.13958563120612696,WLS,111,0.00011478916199500477
1,B_svc,2,0.30193381889752435,66,0.30203519384382976,WLS,111,0.00010137494630541033
2,UPFC_Vsh,5-15,1.1072865161312777,66,1.1053100449312332,WLS,111,0.001976471200044516
3,UPFC_tsh,5-15,-0.22553436065195295,66,-0.2256470553684916,WLS,111,0.00011269471653865826
4,UPFC_Vse,5-15,0.06062794230803518,66,0.06071664889130474,WLS,111,8.870658326956549e-05
5,UPFC_tse,5-15,-2.1512232855799307,66,-2.1499013915528056,WLS,111,0.0013218940271251256
0,x_tcsc,1-14,-0.13949028986766904,67,-0.13958563120612696,WLS,111,9.534133845792714e-05
1,B_svc,2,0.3018441253530021,67,0.30203519384382976,WLS,111,0.00019106849082767274
2,UPFC_Vsh,5-15,1.1070631936304451,67,1.1053100449312332,WLS,111,0.0017531486992119483
3,UPFC_tsh,5-15,-0.22557922943311579,67,-0.2256470553684916,WLS,111,6.782593537582593e-05
4,UPFC_Vse,5-15,0.06097026873588934,67,0.06071664889130474,WLS,111,0.0002536198445845933
5,UPFC_tse,5-15,-2.1516935106472292,67,-2.1499013915528056,WLS,111,0.001792119094423672
0,x_tcsc,1-14,-0.1394797042306423,68,-0.13958563120612696,WLS,111,0.00010592697548467145
1,B_svc,2,0.30214247914588577,68,0.30203519384382976,WLS,111,0.00010728530205600384
2,UPFC_Vsh,5-15,1.1065325633809908,68,1.1053100449312332,WLS,111,0.0012225184497576258
3,UPFC_tsh,5-15,-0.225657136537042,68,-0.2256470553684916,WLS,111,1.0081168550390984e-05
4,UPFC_Vse,5-15,0.06086840422992676,68,0.06071664889130474,WLS,111,0.0001517553386220158
5,UPFC_tse,5-15,-2.1532593322555442,68,-2.1499013915528056,WLS,111,0.0033579407027386488
0,x_tcsc,1-14,-0.13948673685496626,69,-0.13958563120612696,WLS,111,9.889435116069989e-05
1,B_svc,2,0.3022873947381899,69,0.30203519384382976,WLS,111,0.0002522008943601217
2,UPFC_Vsh,5-15,1.107037040600051,69,1.1053100449312332,WLS,111,0.0017269956688177324
3,UPFC_tsh,5-15,-0.22553764672017645,69,-0.2256470553684916,WLS,111,0.00010940864831515684
4,UPFC_Vse,5-15,0.060226473091600743,69,0.06071664889130474,WLS,111,0.0004901757997039999
5,UPFC_tse,5-15,-2.157534127764588,69,-2.1499013915528056,WLS,111,0.007632736211782287
0,x_tcsc,1-14,-0.13950602179353092,70,-0.13958563120612696,WLS,111,7.960941259604892e-05
1,B_svc,2,0.3023299795475994,70,0.30203519384382976,WLS,111,0.00029478570376961777
2,UPFC_Vsh,5-15,1.1069470215464932,70,1.1053100449312332,WLS,111,0.0016369766152599663
3,UPFC_tsh,5-15,-0.22555581064902333,70,-0.2256470553684916,WLS,111,9.124471946828083e-05
4,UPFC_Vse,5-15,0.060623105301498365,70,0.06071664889130474,WLS,111,9.354358980637884e-05
5,UPFC_tse,5-15,-2.1525541214984316,70,-2.1499013915528056,WLS,111,0.0026527299456260423
0,x_tcsc,1-14,-0.13947590946188,71,-0.13958563120612696,WLS,111,0.00010972174424697667
1,B_svc,2,0.30175572576147647,71,0.30203519384382976,WLS,111,0.0002794680823532958
2,UPFC_Vsh,5-15,1.1068666561095928,71,1.1053100449312332,WLS,111,0.0015566111783595904
3,UPFC_tsh,5-15,-0.22560231875523432,71,-0.2256470553684916,WLS,111,4.473661325729572e-05
4,UPFC_Vse,5-15,0.06005449566240966,71,0.06071664889130474,WLS,111,0.0006621532288950821
5,UPFC_tse,5-15,-2.156224968864389,71,-2.1499013915528056,WLS,111,0.006323577311583506
0,x_tcsc,1-14,-0.13948652076874773,72,-0.13958563120612696,WLS,111,9.911043737922953e-05
1,B_svc,2,0.3015605214094052,72,0.30203519384382976,WLS,111,0.0004746724344245612
2,UPFC_Vsh,5-15,1.1067280432831998,72,1.1053100449312332,WLS,111,0.001417998351966654
3,UPFC_tsh,5-15,-0.22566991068360487,72,-0.2256470553684916,WLS,111,2.2855315113257113e-05
4,UPFC_Vse,5-15,0.06049822326052762,72,0.06071664889130474,WLS,111,0.00021842563077712623
5,UPFC_tse,5-15,-2.153451479489109,72,-2.1499013915528056,WLS,111,0.0035500879363032922
0,x_tcsc,1-14,-0.13948890039767947,73,-0.13958563120612696,WLS,111,9.673080844749271e-05
1,B_svc,2,0.3016799028864221,73,0.30203519384382976,WLS,111,0.00035529095740766126
2,UPFC_Vsh,5-15,1.106777032451848,73,1.1053100449312332,WLS,111,0.0014669875206148042
3,UPFC_tsh,5-15,-0.22564511331472775,73,-0.2256470553684916,WLS,111,1.9420537638592528e-06
4,UPFC_Vse,5-15,0.06092600901397427,73,0.06071664889130474,WLS,111,0.00020936012266952603
5,UPFC_tse,5-15,-2.1526826731970714,73,-2.1499013915528056,WLS,111,0.0027812816442658317
0,x_tcsc,1-14,-0.13949262678207994,74,-0.13958563120612696,WLS,111,9.300442404702736e-05
1,B_svc,2,0.30175188862992147,74,0.30203519384382976,WLS,111,0.00028330521390829144
2,UPFC_Vsh,5-15,1.1067275926106142,74,1.1053100449312332,WLS,111,0.0014175476793809594
3,UPFC_tsh,5-15,-0.22566993079455772,74,-0.2256470553684916,WLS,111,2.2875426066104598e-05
4,UPFC_Vse,5-15,0.060950726338387655,74,0.06071664889130474,WLS,111,0.00023407744708291156
5,UPFC_tse,5-15,-2.150694860643872,74,-2.1499013915528056,WLS,111,0.0007934690910662567
0,x_tcsc,1-14,-0.1394737224026737,75,-0.13958563120612696,WLS,111,0.00011190880345327003
1,B_svc,2,0.30230163258570214,75,0.30203519384382976,WLS,111,0.0002664387418723768
2,UPFC_Vsh,5-15,1.1070806529151551,75,1.1053100449312332,WLS,111,0.0017706079839219235
3,UPFC_tsh,5-15,-0.22563529307414756,75,-0.2256470553684916,WLS,111,1.176229434404763e-05
4,UPFC_Vse,5-15,0.060572748717363095,75,0.06071664889130474,WLS,111,0.00014390017394164817
5,UPFC_tse,5-15,-2.154479743454986,75,-2.1499013915528056,WLS,111,0.0045783519021802555
0,x_tcsc,1-14,-0.1394883189118962,76,-0.13958563120612696,WLS,111,9.731229423076693e-05
1,B_svc,2,0.3021894271622121,76,0.30203519384382976,WLS,111,0.00015423331838232412
2,UPFC_Vsh,5-15,1.1068311243225712,76,1.1053100449312332,WLS,111,0.0015210793913380538
3,UPFC_tsh,5-15,-0.22564189097297138,76,-0.2256470553684916,WLS,111,5.1643955202296254e-06
4,UPFC_Vse,5-15,0.061207439051989124,76,0.06071664889130474,WLS,111,0.0004907901606843804
5,UPFC_tse,5-15,-2.153484609016158,76,-2.1499013915528056,WLS,111,0.0035832174633525504
0,x_tcsc,1-14,-0.1394915846354421,77,-0.13958563120612696,WLS,111,9.404657068487476e-05
1,B_svc,2,0.3019180088835683,77,0.30203519384382976,WLS,111,0.00011718496026147385
2,UPFC_Vsh,5-15,1.1067110568929375,77,1.1053100449312332,WLS,111,0.0014010119617042793
3,UPFC_tsh,5-15,-0.22563395674414802,77,-0.2256470553684916,WLS,111,1.3098624343593768e-05
4,UPFC_Vse,5-15,0.060955213187835575,77,0.06071664889130474,WLS,111,0.00023856429653083128
5,UPFC_tse,5-15,-2.1561877152165723,77,-2.1499013915528056,WLS,111,0.006286323663766691
0,x_tcsc,1-14,-0.1394756194815811,78,-0.13958563120612696,WLS,111,0.00011001172454586094
1,B_svc,2,0.30151256967401785,78,0.30203519384382976,WLS,111,0.0005226241698119138
2,UPFC_Vsh,5-15,1.1068863888875766,78,1.1053100449312332,WLS,111,0.001576343956343429
3,UPFC_tsh,5-15,-0.22564010953323993,78,-0.2256470553684916,WLS,111,6.945835251681576e-06
4,UPFC_Vse,5-15,0.060687650349346256,78,0.06071664889130474,WLS,111,2.8998541958487334e-05
5,UPFC_tse,5-15,-2.154214419496903,78,-2.1499013915528056,WLS,111,0.004313027944097492
0,x_tcsc,1-14,-0.13950569244604247,79,-0.13958563120612696,WLS,111,7.993876008449696e-05
1,B_svc,2,0.30185055170289093,79,0.30203519384382976,WLS,111,0.0001846421409388288
2,UPFC_Vsh,5-15,1.1071727067346302,79,1.1053100449312332,WLS,111,0.0018626618033970033
3,UPFC_tsh,5-15,-0.22554052933869434,79,-0.2256470553684916,WLS,111,0.00010652602979727144
4,UPFC_Vse,5-15,0.06038556004635054,79,0.06071664889130474,WLS,111,0.00033108884495420404
5,UPFC_tse,5-15,-2.156912861475031,79,-2.1499013915528056,WLS,111,0.007011469922225455
0,x_tcsc,1-14,-0.13949024710440153,80,-0.13958563120612696,WLS,111,9.538410172543754e-05
1,B_svc,2,0.3018163809113147,80,0.30203519384382976,WLS,111,0.00021881293251507783
2,UPFC_Vsh,5-15,1.106933516966618,80,1.1053100449312332,WLS,111,0.0016234720353847099
3,UPFC_tsh,5-15,-0.22565441303228953,80,-0.2256470553684916,WLS,111,7.357663797918912e-06
4,UPFC_Vse,5-15,0.060566950812074354,80,0.06071664889130474,WLS,111,0.0001496980792303898
5,UPFC_tse,5-15,-2.1552446011456765,80,-2.1499013915528056,WLS,111,0.0053432095928709344
0,x_tcsc,1-14,-0.13948473378271206,81,-0.13958563120612696,WLS,111,0.00010089742341490293
1,B_svc,2,0.30129377987301115,81,0.30203519384382976,WLS,111,0.0007414139708186163
2,UPFC_Vsh,5-15,1.10669591792646,81,1.1053100449312332,WLS,111,0.0013858729952267446
3,UPFC_tsh,5-15,-0.22561374871236,81,-0.2256470553684916,WLS,111,3.330665613160422e-05
4,UPFC_Vse,5-15,0.06119164241275561,81,0.06071664889130474,WLS,111,0.00047499352145086854
5,UPFC_tse,5-15,-2.15196852929869,81,-2.1499013915528056,WLS,111,0.0020671377458842954
0,x_tcsc,1-14,-0.1394938160565754,82,-0.13958563120612696,WLS,111,9.181514955156067e-05
1,B_svc,2,0.3017384659411731,82,0.30203519384382976,WLS,111,0.00029672790265666826
2,UPFC_Vsh,5-15,1.1070412972196149,82,1.1053100449312332,WLS,111,0.0017312522883816683
3,UPFC_tsh,5-15,-0.2255894117784831,82,-0.2256470553684916,WLS,111,5.764359000851038e-05
4,UPFC_Vse,5-15,0.060341118988817485,82,0.06071664889130474,WLS,111,0.000375529902487258
5,UPFC_tse,5-15,-2.153969901222473,82,-2.1499013915528056,WLS,111,0.004068509669667542
0,x_tcsc,1-14,-0.1394987933811018,83,-0.13958563120612696,WLS,111,8.683782502516557e-05
1,B_svc,2,0.301847939533775,83,0.30203519384382976,WLS,111,0.0001872543100547852
2,UPFC_Vsh,5-15,1.1071477111686328,83,1.1053100449312332,WLS,111,0.00183766623739956
3,UPFC_tsh,5-15,-0.2256144293883879,83,-0.2256470553684916,WLS,111,3.262598010370099e-05
4,UPFC_Vse,5-15,0.0608253828863501,83,0.06071664889130474,WLS,111,0.00010873399504535836
5,UPFC_tse,5-15,-2.1537834148238777,83,-2.1499013915528056,WLS,111,0.0038820232710721214
0,x_tcsc,1-14,-0.13948957657509686,84,-0.13958563120612696,WLS,111,9.605463103010137e-05
1,B_svc,2,0.3021318804626515,84,0.30203519384382976,WLS,111,9.668661882172858e-05
2,UPFC_Vsh,5-15,1.1069679534619181,84,1.1053100449312332,WLS,111,0.0016579085306849262
3,UPFC_tsh,5-15,-0.22562515312176987,84,-0.2256470553684916,WLS,111,2.1902246721744456e-05
4,UPFC_Vse,5-15,0.06074934208001008,84,0.06071664889130474,WLS,111,3.2693188705336385e-05
5,UPFC_tse,5-15,-2.15202578805405,84,-2.1499013915528056,WLS,111,0.0021243965012445187
0,x_tcsc,1-14,-0.13948432248406928,85,-0.13958563120612696,WLS,111,0.00010130872205768582
1,B_svc,2,0.30155500263180574,85,0.30203519384382976,WLS,111,0.00048019121202402815
2,UPFC_Vsh,5-15,1.1069472794070858,85,1.1053100449312332,WLS,111,0.0016372344758526225
3,UPFC_tsh,5-15,-0.2257086323112768,85,-0.2256470553684916,WLS,111,6.157694278519088e-05
4,UPFC_Vse,5-15,0.06097092280284607,85,0.06071664889130474,WLS,111,0.00025427391154132784
5,UPFC_tse,5-15,-2.1520375264368834,85,-2.1499013915528056,WLS,111,0.0021361348840778227
0,x_tcsc,1-14,-0.1394851767088699,86,-0.13958563120612696,WLS,111,0.00010045449725706868
1,B_svc,2,0.3016027359844913,86,0.30203519384382976,WLS,111,0.00043245785933848646
2,UPFC_Vsh,5-15,1.106936156514124,86,1.1053100449312332,WLS,111,0.0016261115828908324
3,UPFC_tsh,5-15,-0.2256234346205906,86,-0.2256470553684916,WLS,111,2.3620747901020867e-05
4,UPFC_Vse,5-15,0.0610619959198881,86,0.06071664889130474,WLS,111,0.00034534702858335375
5,UPFC_tse,5-15,-2.1492692554713537,86,-2.1499013915528056,WLS,111,0.0006321360814518506
0,x_tcsc,1-14,-0.13948783977635298,87,-0.13958563120612696,WLS,111,9.779142977398014e-05
1,B_svc,2,0.30175531925129745,87,0.30203519384382976,WLS,111,0.0002798745925323143
2,UPFC_Vsh,5-15,1.1064102444371515,87,1.1053100449312332,WLS,111,0.0011001995059183312
3,UPFC_tsh,5-15,-0.22562770244268765,87,-0.2256470553684916,WLS,111,1.935292580396153e-05
4,UPFC_Vse,5-15,0.060950380421393405,87,0.06071664889130474,WLS,111,0.00023373153008866138
5,UPFC_tse,5-15,-2.152942707912158,87,-2.1499013915528056,WLS,111,0.003041316359352564
0,x_tcsc,1-14,-0.1394943324077641,88,-0.13958563120612696,WLS,111,9.129879836286547e-05
1,B_svc,2,0.30178663893105145,88,0.30203519384382976,WLS,111,0.0002485549127783093
2,UPFC_Vsh,5-15,1.1066445309850492,88,1.1053100449312332,WLS,111,0.0013344860538160308
3,UPFC_tsh,5-15,-0.22567725084887877,88,-0.2256470553684916,WLS,111,3.019548038715736e-05
4,UPFC_Vse,5-15,0.06033248433683291,88,0.06071664889130474,WLS,111,0.00038416455447183584
5,UPFC_tse,5-15,-2.1575213857554014,88,-2.1499013915528056,WLS,111,0.007619994202595848
0,x_tcsc,1-14,-0.1394928271900861,89,-0.13958563120612696,WLS,111,9.280401604086497e-05
1,B_svc,2,0.30151152974242906,89,0.30203519384382976,WLS,111,0.0005236641014007004
2,UPFC_Vsh,5-15,1.1070303849654455,89,1.1053100449312332,WLS,111,0.0017203400342122865
3,UPFC_tsh,5-15,-0.22560218098076468,89,-0.2256470553684916,WLS,111,4.4874387726934195e-05
4,UPFC_Vse,5-15,0.06046896915208466,89,0.06071664889130474,WLS,111,0.00024767973922008163
5,UPFC_tse,5-15,-2.1555579705745966,89,-2.1499013915528056,WLS,111,0.005656579021791064
0,x_tcsc,1-14,-0.1394885495321582,90,-0.13958563120612696,WLS,111,9.708167396876854e-05
1,B_svc,2,0.30244160984051144,90,0.30203519384382976,WLS,111,0.00040641599668167494
2,UPFC_Vsh,5-15,1.1067804423269878,90,1.1053100449312332,WLS,111,0.001470397395754608
3,UPFC_tsh,5-15,-0.22563031587490281,90,-0.2256470553684916,WLS,111,1.673949358879656e-05
4,UPFC_Vse,5-15,0.060496058566249476,90,0.06071664889130474,WLS,111,0.0002205903250552671
5,UPFC_tse,5-15,-2.1558892712210214,90,-2.1499013915528056,WLS,111,0.00598787966821579
0,x_tcsc,1-14,-0.13949138847249612,91,-0.13958563120612696,WLS,111,9.42427336308449e-05
1,B_svc,2,0.30139364056075196,91,0.30203519384382976,WLS,111,0.0006415532830778004
2,UPFC_Vsh,5-15,1.1068729530751313,91,1.1053100449312332,WLS,111,0.0015629081438981451
3,UPFC_tsh,5-15,-0.22567629798174518,91,-0.2256470553684916,WLS,111,2.9242613253571692e-05
4,UPFC_Vse,5-15,0.060896765070514065,91,0.06071664889130474,WLS,111,0.000180116179209322
5,UPFC_tse,5-15,-2.1512244922200616,91,-2.1499013915528056,WLS,111,0.0013231006672560497
0,x_tcsc,1-14,-0.139491026714027,92,-0.13958563120612696,WLS,111,9.460449209997002e-05
1,B_svc,2,0.30186211707794425,92,0.30203519384382976,WLS,111,0.0001730767658855159
2,UPFC_Vsh,5-15,1.1069752139520221,92,1.1053100449312332,WLS,111,0.001665169020788948
3,UPFC_tsh,5-15,-0.22559909567612174,92,-0.2256470553684916,WLS,111,4.7959692369869966e-05
4,UPFC_Vse,5-15,0.06059681653785361,92,0.06071664889130474,WLS,111,0.00011983235345113669
5,UPFC_tse,5-15,-2.153087449783474,92,-2.1499013915528056,WLS,111,0.0031860582306686425
0,x_tcsc,1-14,-0.13949202857582713,93,-0.13958563120612696,WLS,111,9.360263029983829e-05
1,B_svc,2,0.3012810271001864,93,0.30203519384382976,WLS,111,0.0007541667436433697
2,UPFC_Vsh,5-15,1.1071570241248216,93,1.1053100449312332,WLS,111,0.0018469791935884494
3,UPFC_tsh,5-15,-0.22555047320082697,93,-0.2256470553684916,WLS,111,9.658216766464389e-05
4,UPFC_Vse,5-15,0.06105744722251529,93,0.06071664889130474,WLS,111,0.00034079833121054837
5,UPFC_tse,5-15,-2.152570629195969,93,-2.1499013915528056,WLS,111,0.0026692376431634024
0,x_tcsc,1-14,-0.1394838371924134,94,-0.13958563120612696,WLS,111,0.00010179401371357422
1,B_svc,2,0.3015504356641344,94,0.30203519384382976,WLS,111,0.00048475817969534374
2,UPFC_Vsh,5-15,1.1069882315384016,94,1.1053100449312332,WLS,111,0.0016781866071684526
3,UPFC_tsh,5-15,-0.2256355023866859,94,-0.2256470553684916,WLS,111,1.1552981805718066e-05
4,UPFC_Vse,5-15,0.06029819978847889,94,0.06071664889130474,WLS,111,0.0004184491028258533
5,UPFC_tse,5-15,-2.1532454337723856,94,-2.1499013915528056,WLS,111,0.003344042219580068
0,x_tcsc,1-14,-0.13948972481815206,95,-0.13958563120612696,WLS,111,9.590638797490891e-05
1,B_svc,2,0.30219870460153264,95,0.30203519384382976,WLS,111,0.00016351075770287826
2,UPFC_Vsh,5-15,1.1069825381483471,95,1.1053100449312332,WLS,111,0.001672493217113935
3,UPFC_tsh,5-15,-0.22558676386389198,95,-0.2256470553684916,WLS,111,6.029150459962995e-05
4,UPFC_Vse,5-15,0.060652783084415074,95,0.06071664889130474,WLS,111,6.386580688966942e-05
5,UPFC_tse,5-15,-2.1517974451943633,95,-2.1499013915528056,WLS,111,0.00189605364155776
0,x_tcsc,1-14,-0.13950989407624712,96,-0.13958563120612696,WLS,111,7.573712987984926e-05
1,B_svc,2,0.30254803832086624,96,0.30203519384382976,WLS,111,0.0005128444770364782
2,UPFC_Vsh,5-15,1.1067432301566116,96,1.1053100449312332,WLS,111,0.001433185225378386
3,UPFC_tsh,5-15,-0.22561523540439826,96,-0.2256470553684916,WLS,111,3.1819964093349196e-05
4,UPFC_Vse,5-15,0.06067473481106049,96,0.06071664889130474,WLS,111,4.191408024425275e-05
5,UPFC_tse,5-15,-2.154332653189049,96,-2.1499013915528056,WLS,111,0.004431261636243633
0,x_tcsc,1-14,-0.13949785233944495,97,-0.13958563120612696,WLS,111,8.777886668201451e-05
1,B_svc,2,0.3020076193639681,97,0.30203519384382976,WLS,111,2.75744798616806e-05
2,UPFC_Vsh,5-15,1.1067937282256761,97,1.1053100449312332,WLS,111,0.001483683294442928
3,UPFC_tsh,5-15,-0.2256611594906738,97,-0.2256470553684916,WLS,111,1.410412218219581e-05
4,UPFC_Vse,5-15,0.060244856302709024,97,0.06071664889130474,WLS,111,0.00047179258859571943
5,UPFC_tse,5-15,-2.154060569477667,97,-2.1499013915528056,WLS,111,0.004159177924861535
0,x_tcsc,1-14,-0.13947711893841364,98,-0.13958563120612696,WLS,111,0.00010851226771332878
1,B_svc,2,0.30204226908009413,98,0.30203519384382976,WLS,111,7.0752362643644595e-06
2,UPFC_Vsh,5-15,1.1072382745449443,98,1.1053100449312332,WLS,111,0.0019282296137110855
3,UPFC_tsh,5-15,-0.225627917195373,98,-0.2256470553684916,WLS,111,1.9138173118604662e-05
4,UPFC_Vse,5-15,0.060679072278225984,98,0.06071664889130474,WLS,111,3.757661307875887e-05
5,UPFC_tse,5-15,-2.1550532629788743,98,-2.1499013915528056,WLS,111,0.005151871426068766
0,x_tcsc,1-14,-0.13949969610367044,99,-0.13958563120612696,WLS,111,8.593510245652469e-05
1,B_svc,2,0.30171995501423804,99,0.30203519384382976,WLS,111,0.0003152388295917241
2,UPFC_Vsh,5-15,1.1071740278989952,99,1.1053100449312332,WLS,111,0.0018639829677620234
3,UPFC_tsh,5-15,-0.22559787191499509,99,-0.2256470553684916,WLS,111,4.918345349652631e-05
4,UPFC_Vse,5-15,0.060670304478873366,99,0.06071664889130474,WLS,111,4.634441243137749e-05
5,UPFC_tse,5-15,-2.154093160517714,99,-2.1499013915528056,WLS,111,0.004191768964908249
0,x_tcsc,1-14,-0.13772112436584652,0,-0.1377663416495161,WLS,113,4.5217283669574115e-05
1,B_svc,2,0.29176900429436414,0,0.29204395471658073,WLS,113,0.00027495042221659105
2,UPFC_Vsh,5-15,1.1070689452758142,0,1.1060163735848434,WLS,113,0.0010525716909708382
3,UPFC_tsh,5-15,-0.22775129165292374,0,-0.22768882679917213,WLS,113,6.246485375160926e-05
4,UPFC_Vse,5-15,0.059880869946862425,0,0.05916909112830997,WLS,113,0.0007117788185524582
5,UPFC_tse,5-15,-2.1624114134303625,0,-2.1447867333164643,WLS,113,0.017624680113898172
0,x_tcsc,1-14,-0.13773467170631307,1,-0.1377663416495161,WLS,113,3.166994320302763e-05
1,B_svc,2,0.2918623715139799,1,0.29204395471658073,WLS,113,0.00018158320260081018
2,UPFC_Vsh,5-15,1.106692238665364,1,1.1060163735848434,WLS,113,0.0006758650805205324
3,UPFC_tsh,5-15,-0.22777997415655912,1,-0.22768882679917213,WLS,113,9.114735738699475e-05
4,UPFC_Vse,5-15,0.06065611487882068,1,0.05916909112830997,WLS,113,0.0014870237505107131
5,UPFC_tse,5-15,-2.1566560712262763,1,-2.1447867333164643,WLS,113,0.011869337909812039
0,x_tcsc,1-14,-0.1377252145782193,2,-0.1377663416495161,WLS,113,4.112707129680371e-05
1,B_svc,2,0.29162601519315356,2,0.29204395471658073,WLS,113,0.0004179395234271688
2,UPFC_Vsh,5-15,1.1068045018981154,2,1.1060163735848434,WLS,113,0.0007881283132720185
3,UPFC_tsh,5-15,-0.22774335197734683,2,-0.22768882679917213,WLS,113,5.452517817469693e-05
4,UPFC_Vse,5-15,0.060735279283984506,2,0.05916909112830997,WLS,113,0.0015661881556745388
5,UPFC_tse,5-15,-2.153966028239274,2,-2.1447867333164643,WLS,113,0.009179294922809778
0,x_tcsc,1-14,-0.1377138573195064,3,-0.1377663416495161,WLS,113,5.248433000970554e-05
1,B_svc,2,0.29187100607798894,3,0.29204395471658073,WLS,113,0.00017294863859179666
2,UPFC_Vsh,5-15,1.1070108746097522,3,1.1060163735848434,WLS,113,0.0009945010249088337
3,UPFC_tsh,5-15,-0.22772328488330604,3,-0.22768882679917213,WLS,113,3.445808413390927e-05
4,UPFC_Vse,5-15,0.06045057177170849,3,0.05916909112830997,WLS,113,0.0012814806433985235
5,UPFC_tse,5-15,-2.15729843226954,3,-2.1447867333164643,WLS,113,0.0125116989530758
0,x_tcsc,1-14,-0.1377101482950153,4,-0.1377663416495161,WLS,113,5.6193354500799764e-05
1,B_svc,2,0.29248535073022996,4,0.29204395471658073,WLS,113,0.0004413960136492312
2,UPFC_Vsh,5-15,1.1068131779033896,4,1.1060163735848434,WLS,113,0.0007968043185462292
3,UPFC_tsh,5-15,-0.22775587038705367,4,-0.22768882679917213,WLS,113,6.704358788153786e-05
4,UPFC_Vse,5-15,0.06017990441260529,4,0.05916909112830997,WLS,113,0.0010108132842953227
5,UPFC_tse,5-15,-2.158899009355053,4,-2.1447867333164643,WLS,113,0.014112276038588778
0,x_tcsc,1-14,-0.1377149804972533,5,-0.1377663416495161,WLS,113,5.136115226278548e-05
1,B_svc,2,0.29163379811676843,5,0.29204395471658073,WLS,113,0.0004101565998123058
2,UPFC_Vsh,5-15,1.1071017476877594,5,1.1060163735848434,WLS,113,0.0010853741029159814
3,UPFC_tsh,5-15,-0.22776765661948328,5,-0.22768882679917213,WLS,113,7.882982031115482e-05
4,UPFC_Vse,5-15,0.060430584011223865,5,0.05916909112830997,WLS,113,0.0012614928829138977
5,UPFC_tse,5-15,-2.158037747627916,5,-2.1447867333164643,WLS,113,0.013251014311451481
0,x_tcsc,1-14,-0.13772202283472523,6,-0.1377663416495161,WLS,113,4.4318814790861305e-05
1,B_svc,2,0.2916644741782138,6,0.29204395471658073,WLS,113,0.0003794805383669497
2,UPFC_Vsh,5-15,1.106992975382261,6,1.1060163735848434,WLS,113,0.0009766017974175423
3,UPFC_tsh,5-15,-0.22768988525571845,6,-0.22768882679917213,WLS,113,1.058456546326747e-06
4,UPFC_Vse,5-15,0.05999616885720837,6,0.05916909112830997,WLS,113,0.0008270777288984024
5,UPFC_tse,5-15,-2.1574637782918304,6,-2.1447867333164643,WLS,113,0.012677044975366147
0,x_tcsc,1-14,-0.13771100772159184,7,-0.1377663416495161,WLS,113,5.5333927924255955e-05
1,B_svc,2,0.29168723292430226,7,0.29204395471658073,WLS,113,0.00035672179227846934
2,UPFC_Vsh,5-15,1.106960988230088,7,1.1060163735848434,WLS,113,0.0009446146452445348
3,UPFC_tsh,5-15,-0.2277706687116212,7,-0.22768882679917213,WLS,113,8.184191244905992e-05
4,UPFC_Vse,5-15,0.06048249701673056,7,0.05916909112830997,WLS,113,0.0013134058884205907
5,UPFC_tse,5-15,-2.157414975316114,7,-2.1447867333164643,WLS,113,0.012628241999649514
0,x_tcsc,1-14,-0.1377440595922105,8,-0.1377663416495161,WLS,113,2.2282057305589298e-05
1,B_svc,2,0.2917575351975947,8,0.29204395471658073,WLS,113,0.00028641951898605855
2,UPFC_Vsh,5-15,1.1067813684404761,8,1.1060163735848434,WLS,113,0.0007649948556327502
3,UPFC_tsh,5-15,-0.22771569907913566,8,-0.22768882679917213,WLS,113,2.6872279963535695e-05
4,UPFC_Vse,5-15,0.06015711942931791,8,0.05916909112830997,WLS,113,0.0009880283010079427
5,UPFC_tse,5-15,-2.157242063002073,8,-2.1447867333164643,WLS,113,0.012455329685608696
0,x_tcsc,1-14,-0.13771114122312875,9,-0.1377663416495161,WLS,113,5.5200426387347346e-05
1,B_svc,2,0.29174405004178766,9,0.29204395471658073,WLS,113,0.00029990467479307226
2,UPFC_Vsh,5-15,1.1068579376323064,9,1.1060163735848434,WLS,113,0.0008415640474630504
3,UPFC_tsh,5-15,-0.22775746346003942,9,-0.22768882679917213,WLS,113,6.863666086728837e-05
4,UPFC_Vse,5-15,0.060480093604687216,9,0.05916909112830997,WLS,113,0.0013110024763772488
5,UPFC_tse,5-15,-2.1550163370765354,9,-2.1447867333164643,WLS,113,0.010229603760071093
0,x_tcsc,1-14,-0.13773735910610466,10,-0.1377663416495161,WLS,113,2.898254341143769e-05
1,B_svc,2,0.2917606975988237,10,0.29204395471658073,WLS,113,0.00028325711775700757
2,UPFC_Vsh,5-15,1.1069188170426214,10,1.1060163735848434,WLS,113,0.0009024434577780127
3,UPFC_tsh,5-15,-0.22778736551414658,10,-0.22768882679917213,WLS,113,9.853871497444988e-05
4,UPFC_Vse,5-15,0.06102238417313199,10,0.05916909112830997,WLS,113,0.00185329304482202
5,UPFC_tse,5-15,-2.155228723762414,10,-2.1447867333164643,WLS,113,0.010441990445949845
0,x_tcsc,1-14,-0.13772473821994094,11,-0.1377663416495161,WLS,113,4.1603429575154394e-05
1,B_svc,2,0.29188444878529535,11,0.29204395471658073,WLS,113,0.00015950593128538637
2,UPFC_Vsh,5-15,1.1071918911865404,11,1.1060163735848434,WLS,113,0.0011755176016969848
3,UPFC_tsh,5-15,-0.2276750294484346,11,-0.22768882679917213,WLS,113,1.3797350737532188e-05
4,UPFC_Vse,5-15,0.06029563106874345,11,0.05916909112830997,WLS,113,0.0011265399404334839
5,UPFC_tse,5-15,-2.1539292547101914,11,-2.1447867333164643,WLS,113,0.009142521393727066
0,x_tcsc,1-14,-0.13771295438341496,12,-0.1377663416495161,WLS,113,5.3387266101129205e-05
1,B_svc,2,0.2912272332204504,12,0.29204395471658073,WLS,113,0.0008167214961303237
2,UPFC_Vsh,5-15,1.1069294657731044,12,1.1060163735848434,WLS,113,0.0009130921882609666
3,UPFC_tsh,5-15,-0.22774420688881028,12,-0.22768882679917213,WLS,113,5.5380089638151775e-05
4,UPFC_Vse,5-15,0.06072179908027485,12,0.05916909112830997,WLS,113,0.0015527079519648823
5,UPFC_tse,5-15,-2.15109020222142,12,-2.1447867333164643,WLS,113,0.0063034689049557
0,x_tcsc,1-14,-0.13769377317413334,13,-0.1377663416495161,WLS,113,7.256847538275601e-05
1,B_svc,2,0.29163300788724134,13,0.29204395471658073,WLS,113,0.0004109468293393981
2,UPFC_Vsh,5-15,1.1068574407148486,13,1.1060163735848434,WLS,113,0.000841067130005202
3,UPFC_tsh,5-15,-0.227783811125555,13,-0.22768882679917213,WLS,113,9.498432638288534e-05
4,UPFC_Vse,5-15,0.060053486008005835,13,0.05916909112830997,WLS,113,0.0008843948796958684
5,UPFC_tse,5-15,-2.157187289488151,13,-2.1447867333164643,WLS,113,0.012400556171686894
0,x_tcsc,1-14,-0.13773104811345727,14,-0.1377663416495161,WLS,113,3.529353605882801e-05
1,B_svc,2,0.2919611167151338,14,0.29204395471658073,WLS,113,8.283800144692766e-05
2,UPFC_Vsh,5-15,1.1069997447662845,14,1.1060163735848434,WLS,113,0.000983371181441095
3,UPFC_tsh,5-15,-0.2277109987791859,14,-0.22768882679917213,WLS,113,2.2171980013779846e-05
4,UPFC_Vse,5-15,0.06043774274541602,14,0.05916909112830997,WLS,113,0.0012686516171060563
5,UPFC_tse,5-15,-2.1571490157676148,14,-2.1447867333164643,WLS,113,0.012362282451150453
0,x_tcsc,1-14,-0.1377190089918859,15,-0.1377663416495161,WLS,113,4.733265763018357e-05
1,B_svc,2,0.29153783023288743,15,0.29204395471658073,WLS,113,0.0005061244836933043
2,UPFC_Vsh,5-15,1.107016059446909,15,1.1060163735848434,WLS,113,0.000999685862065558
3,UPFC_tsh,5-15,-0.2276961625945288,15,-0.22768882679917213,WLS,113,7.335795356666619e-06
4,UPFC_Vse,5-15,0.05992857687825398,15,0.05916909112830997,WLS,113,0.0007594857499440139
5,UPFC_tse,5-15,-2.1562180684324947,15,-2.1447867333164643,WLS,113,0.01143133511603045
0,x_tcsc,1-14,-0.13770619069863782,16,-0.1377663416495161,WLS,113,6.015095087827382e-05
1,B_svc,2,0.29196681251708756,16,0.29204395471658073,WLS,113,7.714219949317425e-05
2,UPFC_Vsh,5-15,1.106745925904991,16,1.1060163735848434,WLS,113,0.0007295523201475973
3,UPFC_tsh,5-15,-0.2277318563059068,16,-0.22768882679917213,WLS,113,4.302950673468198e-05
4,UPFC_Vse,5-15,0.06092857965919403,16,0.05916909112830997,WLS,113,0.0017594885308840624
5,UPFC_tse,5-15,-2.1566100028997766,16,-2.1447867333164643,WLS,113,0.011823269583312257
0,x_tcsc,1-14,-0.13771727326002242,17,-0.1377663416495161,WLS,113,4.906838949367276e-05
1,B_svc,2,0.29183522956534313,17,0.29204395471658073,WLS,113,0.00020872515123759872
2,UPFC_Vsh,5-15,1.1070071088309132,17,1.1060163735848434,WLS,113,0.0009907352460698515
3,UPFC_tsh,5-15,-0.22778697132668818,17,-0.22768882679917213,WLS,113,9.814452751605307e-05
4,UPFC_Vse,5-15,0.06007139154263536,17,0.05916909112830997,WLS,113,0.0009023004143253952
5,UPFC_tse,5-15,-2.1537906433484717,17,-2.1447867333164643,WLS,113,0.0090039100320074
0,x_tcsc,1-14,-0.13772381823058683,18,-0.1377663416495161,WLS,113,4.252341892926892e-05
1,B_svc,2,0.29198139744601204,18,0.29204395471658073,WLS,113,6.25572705686972e-05
2,UPFC_Vsh,5-15,1.1069953111214887,18,1.1060163735848434,WLS,113,0.0009789375366453523
3,UPFC_tsh,5-15,-0.22772519475310024,18,-0.22768882679917213,WLS,113,3.636795392811254e-05
4,UPFC_Vse,5-15,0.06008710140241869,18,0.05916909112830997,WLS,113,0.0009180102741087257
5,UPFC_tse,5-15,-2.1573464026895723,18,-2.1447867333164643,WLS,113,0.01255966937310804
0,x_tcsc,1-14,-0.13774673303052537,19,-0.1377663416495161,WLS,113,1.960861899072408e-05
1,B_svc,2,0.29150714932373495,19,0.29204395471658073,WLS,113,0.000536805392845785
2,UPFC_Vsh,5-15,1.1068044483887527,19,1.1060163735848434,WLS,113,0.0007880748039093
3,UPFC_tsh,5-15,-0.22769098576518032,19,-0.22768882679917213,WLS,113,2.158966008192209e-06
4,UPFC_Vse,5-15,0.06071496513972009,19,0.05916909112830997,WLS,113,0.0015458740114101255
5,UPFC_tse,5-15,-2.1561238948119903,19,-2.1447867333164643,WLS,113,0.011337161495525994
0,x_tcsc,1-14,-0.1377223687694935,20,-0.1377663416495161,WLS,113,4.3972880022585814e-05
1,B_svc,2,0.29157447115451984,20,0.29204395471658073,WLS,113,0.0004694835620608906
2,UPFC_Vsh,5-15,1.1071700544154908,20,1.1060163735848434,WLS,113,0.0011536808306473745
3,UPFC_tsh,5-15,-0.22773155583269483,20,-0.22768882679917213,WLS,113,4.272903352270374e-05
4,UPFC_Vse,5-15,0.060416614993027785,20,0.05916909112830997,WLS,113,0.0012475238647178186
5,UPFC_tse,5-15,-2.1592504322723585,20,-2.1447867333164643,WLS,113,0.014463698955894166
0,x_tcsc,1-14,-0.13771972074789454,21,-0.1377663416495161,WLS,113,4.662090162155241e-05
1,B_svc,2,0.2916246735866602,21,0.29204395471658073,WLS,113,0.00041928112992051236
2,UPFC_Vsh,5-15,1.1069788464303794,21,1.1060163735848434,WLS,113,0.0009624728455359666
3,UPFC_tsh,5-15,-0.2277679375798908,21,-0.22768882679917213,WLS,113,7.91107807186775e-05
4,UPFC_Vse,5-15,0.0601043900730241,21,0.05916909112830997,WLS,113,0.0009352989447141344
5,UPFC_tse,5-15,-2.1572300812394265,21,-2.1447867333164643,WLS,113,0.0124433479229622
0,x_tcsc,1-14,-0.1377127913940555,22,-0.1377663416495161,WLS,113,5.3550255460582674e-05
1,B_svc,2,0.29187870082068607,22,0.29204395471658073,WLS,113,0.0001652538958946681
2,UPFC_Vsh,5-15,1.1066629633444784,22,1.1060163735848434,WLS,113,0.0006465897596350523
3,UPFC_tsh,5-15,-0.227750518459151,22,-0.22768882679917213,WLS,113,6.169165997887971e-05
4,UPFC_Vse,5-15,0.06025487725006249,22,0.05916909112830997,WLS,113,0.001085786121752523
5,UPFC_tse,5-15,-2.1567990240802537,22,-2.1447867333164643,WLS,113,0.012012290763789402
0,x_tcsc,1-14,-0.13771707118550713,23,-0.1377663416495161,WLS,113,4.927046400896029e-05
1,B_svc,2,0.2917582620070529,23,0.29204395471658073,WLS,113,0.00028569270952782944
2,UPFC_Vsh,5-15,1.1069410547650116,23,1.1060163735848434,WLS,113,0.0009246811801681964
3,UPFC_tsh,5-15,-0.22774347070299117,23,-0.22768882679917213,WLS,113,5.4643903819040496e-05
4,UPFC_Vse,5-15,0.06040908502616438,23,0.05916909112830997,WLS,113,0.0012399938978544106
5,UPFC_tse,5-15,-2.1586299754118308,23,-2.1447867333164643,WLS,113,0.01384324209536647
0,x_tcsc,1-14,-0.1377439078843915,24,-0.1377663416495161,WLS,113,2.2433765124590943e-05
1,B_svc,2,0.2918283076902847,24,0.29204395471658073,WLS,113,0.0002156470262960064
2,UPFC_Vsh,5-15,1.1068387998735172,24,1.1060163735848434,WLS,113,0.0008224262886737943
3,UPFC_tsh,5-15,-0.22777414001369214,24,-0.22768882679917213,WLS,113,8.531321452001639e-05
4,UPFC_Vse,5-15,0.06018585722101774,24,0.05916909112830997,WLS,113,0.0010167660927077743
5,UPFC_tse,5-15,-2.1581473372085975,24,-2.1447867333164643,WLS,113,0.013360603892133227
0,x_tcsc,1-14,-0.1377141237383384,25,-0.1377663416495161,WLS,113,5.221791117768215e-05
1,B_svc,2,0.29176059586882436,25,0.29204395471658073,WLS,113,0.00028335884775637643
2,UPFC_Vsh,5-15,1.107062791402404,25,1.1060163735848434,WLS,113,0.001046417817560652
3,UPFC_tsh,5-15,-0.22775272089198736,25,-0.22768882679917213,WLS,113,6.38940928152365e-05
4,UPFC_Vse,5-15,0.06026670934821777,25,0.05916909112830997,WLS,113,0.001097618219907802
5,UPFC_tse,5-15,-2.1601048335250113,25,-2.1447867333164643,WLS,113,0.015318100208546959
0,x_tcsc,1-14,-0.1377005133998866,26,-0.1377663416495161,WLS,113,6.582824962950151e-05
1,B_svc,2,0.29189026417988867,26,0.29204395471658073,WLS,113,0.00015369053669206378
2,UPFC_Vsh,5-15,1.1070344114876745,26,1.1060163735848434,WLS,113,0.0010180379028310593
3,UPFC_tsh,5-15,-0.2276810633798806,26,-0.22768882679917213,WLS,113,7.763419291539897e-06
4,UPFC_Vse,5-15,0.06049350210378115,26,0.05916909112830997,WLS,113,0.001324410975471181
5,UPFC_tse,5-15,-2.159524047456359,26,-2.1447867333164643,WLS,113,0.014737314139894764
0,x_tcsc,1-14,-0.13773747573109238,27,-0.1377663416495161,WLS,113,2.8865918423714998e-05
1,B_svc,2,0.2920689419175271,27,0.29204395471658073,WLS,113,2.4987200946346988e-05
2,UPFC_Vsh,5-15,1.106690640510028,27,1.1060163735848434,WLS,113,0.0006742669251846856
3,UPFC_tsh,5-15,-0.2278152510124238,27,-0.22768882679917213,WLS,113,0.00012642421325168018
4,UPFC_Vse,5-15,0.06045574334597564,27,0.05916909112830997,WLS,113,0.0012866522176656764
5,UPFC_tse,5-15,-2.157237272627906,27,-2.1447867333164643,WLS,113,0.012450539311441577
0,x_tcsc,1-14,-0.13770277526051874,28,-0.1377663416495161,WLS,113,6.356638899734923e-05
1,B_svc,2,0.29132423099879384,28,0.29204395471658073,WLS,113,0.0007197237177868909
2,UPFC_Vsh,5-15,1.1070972409396573,28,1.1060163735848434,WLS,113,0.0010808673548139414
3,UPFC_tsh,5-15,-0.2277644724305358,28,-0.22768882679917213,WLS,113,7.564563136366886e-05
4,UPFC_Vse,5-15,0.06012105860905981,28,0.05916909112830997,WLS,113,0.0009519674807498407
5,UPFC_tse,5-15,-2.159489148776253,28,-2.1447867333164643,WLS,113,0.014702415459788565
0,x_tcsc,1-14,-0.13773317539174595,29,-0.1377663416495161,WLS,113,3.3166257770139707e-05
1,B_svc,2,0.2914889962860717,29,0.29204395471658073,WLS,113,0.0005549584305090116
2,UPFC_Vsh,5-15,1.106630412729515,29,1.1060163735848434,WLS,113,0.0006140391446716187
3,UPFC_tsh,5-15,-0.22769892668261557,29,-0.22768882679917213,WLS,113,1.0099883443442925e-05
4,UPFC_Vse,5-15,0.06040502235692353,29,0.05916909112830997,WLS,113,0.0012359312286135613
5,UPFC_tse,5-15,-2.1557316939427524,29,-2.1447867333164643,WLS,113,0.010944960626288136
0,x_tcsc,1-14,-0.13771610757328168,30,-0.1377663416495161,WLS,113,5.023407623441778e-05
1,B_svc,2,0.29113267076034166,30,0.29204395471658073,WLS,113,0.0009112839562390729
2,UPFC_Vsh,5-15,1.1069800241610792,30,1.1060163735848434,WLS,113,0.0009636505762358194
3,UPFC_tsh,5-15,-0.2276595762957969,30,-0.22768882679917213,WLS,113,2.9250503375238823e-05
4,UPFC_Vse,5-15,0.060056280159288954,30,0.05916909112830997,WLS,113,0.0008871890309789868
5,UPFC_tse,5-15,-2.1581561493150074,30,-2.1447867333164643,WLS,113,0.013369415998543133
0,x_tcsc,1-14,-0.1377146362924736,31,-0.1377663416495161,WLS,113,5.1705357042491906e-05
1,B_svc,2,0.29163733148080206,31,0.29204395471658073,WLS,113,0.0004066232357786692
2,UPFC_Vsh,5-15,1.1070638079955277,31,1.1060163735848434,WLS,113,0.0010474344106843336
3,UPFC_tsh,5-15,-0.22780433919601356,31,-0.22768882679917213,WLS,113,0.00011551239684143288
4,UPFC_Vse,5-15,0.060274801142943875,31,0.05916909112830997,WLS,113,0.001105710014633908
5,UPFC_tse,5-15,-2.158053196972047,31,-2.1447867333164643,WLS,113,0.013266463655582594
0,x_tcsc,1-14,-0.13769790140635313,32,-0.1377663416495161,WLS,113,6.844024316296493e-05
1,B_svc,2,0.29159428717047786,32,0.29204395471658073,WLS,113,0.0004496675461028721
2,UPFC_Vsh,5-15,1.1073154296324288,32,1.1060163735848434,WLS,113,0.0012990560475854007
3,UPFC_tsh,5-15,-0.22775935603856876,32,-0.22768882679917213,WLS,113,7.052923939662725e-05
4,UPFC_Vse,5-15,0.059755642071225766,32,0.05916909112830997,WLS,113,0.0005865509429157992
5,UPFC_tse,5-15,-2.1599730837424294,32,-2.1447867333164643,WLS,113,0.015186350425965056
0,x_tcsc,1-14,-0.13772983289758053,33,-0.1377663416495161,WLS,113,3.6508751935560024e-05
1,B_svc,2,0.2920465710460507,33,0.29204395471658073,WLS,113,2.616329469962153e-06
2,UPFC_Vsh,5-15,1.107024554967335,33,1.1060163735848434,WLS,113,0.0010081813824915908
3,UPFC_tsh,5-15,-0.22775308485459458,33,-0.22768882679917213,WLS,113,6.425805542245588e-05
4,UPFC_Vse,5-15,0.060231875241443765,33,0.05916909112830997,WLS,113,0.0010627841131337981
5,UPFC_tse,5-15,-2.1576581972401074,33,-2.1447867333164643,WLS,113,0.012871463923643134
0,x_tcsc,1-14,-0.13772629921481772,34,-0.1377663416495161,WLS,113,4.004243469837854e-05
1,B_svc,2,0.29135920175975527,34,0.29204395471658073,WLS,113,0.0006847529568254629
2,UPFC_Vsh,5-15,1.1072475207670611,34,1.1060163735848434,WLS,113,0.001231147182217729
3,UPFC_tsh,5-15,-0.22777885788672333,34,-0.22768882679917213,WLS,113,9.00310875512067e-05
4,UPFC_Vse,5-15,0.06032745275149,34,0.05916909112830997,WLS,113,0.001158361623180032
5,UPFC_tse,5-15,-2.157151261066773,34,-2.1447867333164643,WLS,113,0.012364527750308607
0,x_tcsc,1-14,-0.137729851782277,35,-0.1377663416495161,WLS,113,3.648986723908676e-05
1,B_svc,2,0.29214612123017547,35,0.29204395471658073,WLS,113,0.00010216651359473694
2,UPFC_Vsh,5-15,1.1071207109716514,35,1.1060163735848434,WLS,113,0.0011043373868080408
3,UPFC_tsh,5-15,-0.2277702948432038,35,-0.22768882679917213,WLS,113,8.146804403166841e-05
4,UPFC_Vse,5-15,0.060288437141083104,35,0.05916909112830997,WLS,113,0.001119346012773137
5,UPFC_tse,5-15,-2.157884850935364,35,-2.1447867333164643,WLS,113,0.013098117618899785
0,x_tcsc,1-14,-0.1377273370590332,36,-0.1377663416495161,WLS,113,3.900459048289395e-05
1,B_svc,2,0.2917538002443039,36,0.29204395471658073,WLS,113,0.0002901544722768157
2,UPFC_Vsh,5-15,1.1068642477424706,36,1.1060163735848434,WLS,113,0.0008478741576272153
3,UPFC_tsh,5-15,-0.22774598499308493,36,-0.22768882679917213,WLS,113,5.715819391280408e-05
4,UPFC_Vse,5-15,0.06040024665340387,36,0.05916909112830997,WLS,113,0.0012311555250939035
5,UPFC_tse,5-15,-2.1594830157371927,36,-2.1447867333164643,WLS,113,0.014696282420728402
0,x_tcsc,1-14,-0.13772744513964108,37,-0.1377663416495161,WLS,113,3.889650987501381e-05
1,B_svc,2,0.29192286429136355,37,0.29204395471658073,WLS,113,0.00012109042521718516
2,UPFC_Vsh,5-15,1.1075309828713402,37,1.1060163735848434,WLS,113,0.0015146092864968264
3,UPFC_tsh,5-15,-0.2275608886856562,37,-0.22768882679917213,WLS,113,0.00012793811351594075
4,UPFC_Vse,5-15,0.059568891827497104,37,0.05916909112830997,WLS,113,0.0003998006991871375
5,UPFC_tse,5-15,-2.1629105732327947,37,-2.1447867333164643,WLS,113,0.018123839916330375
0,x_tcsc,1-14,-0.13771352241967028,38,-0.1377663416495161,WLS,113,5.281922984581855e-05
1,B_svc,2,0.2914872996799723,38,0.29204395471658073,WLS,113,0.0005566550366084555
2,UPFC_Vsh,5-15,1.1069565100188934,38,1.1060163735848434,WLS,113,0.0009401364340499985
3,UPFC_tsh,5-15,-0.22776717511855002,38,-0.22768882679917213,WLS,113,7.834831937789111e-05
4,UPFC_Vse,5-15,0.06035312738690331,38,0.05916909112830997,WLS,113,0.0011840362585933406
5,UPFC_tse,5-15,-2.1550356651483273,38,-2.1447867333164643,WLS,113,0.01024893183186304
0,x_tcsc,1-14,-0.13773830707863932,39,-0.1377663416495161,WLS,113,2.8034570876772635e-05
1,B_svc,2,0.29204230953797355,39,0.29204395471658073,WLS,113,1.6451786071791652e-06
2,UPFC_Vsh,5-15,1.107143318124783,39,1.1060163735848434,WLS,113,0.0011269445399395561
3,UPFC_tsh,5-15,-0.2276983227825088,39,-0.22768882679917213,WLS,113,9.495983336660352e-06
4,UPFC_Vse,5-15,0.060037861164290426,39,0.05916909112830997,WLS,113,0.0008687700359804595
5,UPFC_tse,5-15,-2.155931869591156,39,-2.1447867333164643,WLS,113,0.011145136274691492
0,x_tcsc,1-14,-0.13770207835341586,40,-0.1377663416495161,WLS,113,6.426329610023651e-05
1,B_svc,2,0.2915536393903691,40,0.29204395471658073,WLS,113,0.0004903153262116322
2,UPFC_Vsh,5-15,1.1069095710522596,40,1.1060163735848434,WLS,113,0.0008931974674162291
3,UPFC_tsh,5-15,-0.22774841122557238,40,-0.22768882679917213,WLS,113,5.958442640024986e-05
4,UPFC_Vse,5-15,0.06046634862945628,40,0.05916909112830997,WLS,113,0.001297257501146315
5,UPFC_tse,5-15,-2.157122937028368,40,-2.1447867333164643,WLS,113,0.012336203711903693
0,x_tcsc,1-14,-0.13771646889332348,41,-0.1377663416495161,WLS,113,4.9872756192614887e-05
1,B_svc,2,0.29226507406624586,41,0.29204395471658073,WLS,113,0.00022111934966512203
2,UPFC_Vsh,5-15,1.1068539602553231,41,1.1060163735848434,WLS,113,0.0008375866704797286
3,UPFC_tsh,5-15,-0.2277063399468762,41,-0.22768882679917213,WLS,113,1.7513147704067977e-05
4,UPFC_Vse,5-15,0.06036353574823589,41,0.05916909112830997,WLS,113,0.001194444619925926
5,UPFC_tse,5-15,-2.160040225332169,41,-2.1447867333164643,WLS,113,0.015253492015704584
0,x_tcsc,1-14,-0.13773435177582213,42,-0.1377663416495161,WLS,113,3.198987369396056e-05
1,B_svc,2,0.29179022275745425,42,0.29204395471658073,WLS,113,0.0002537319591264797
2,UPFC_Vsh,5-15,1.1066816577960663,42,1.1060163735848434,WLS,113,0.0006652842112229163
3,UPFC_tsh,5-15,-0.22774650746702613,42,-0.22768882679917213,WLS,113,5.7680667853998724e-05
4,UPFC_Vse,5-15,0.06031554360378776,42,0.05916909112830997,WLS,113,0.0011464524754777952
5,UPFC_tse,5-15,-2.15496499185584,42,-2.1447867333164643,WLS,113,0.010178258539375484
0,x_tcsc,1-14,-0.13772272177094733,43,-0.1377663416495161,WLS,113,4.3619878568768033e-05
1,B_svc,2,0.29143873985890467,43,0.29204395471658073,WLS,113,0.0006052148576760619
2,UPFC_Vsh,5-15,1.1071919349933927,43,1.1060163735848434,WLS,113,0.0011755614085493526
3,UPFC_tsh,5-15,-0.22771720333618575,43,-0.22768882679917213,WLS,113,2.8376537013624636e-05
4,UPFC_Vse,5-15,0.06029576810566378,43,0.05916909112830997,WLS,113,0.001126676977353816
5,UPFC_tse,5-15,-2.157791841721146,43,-2.1447867333164643,WLS,113,0.013005108404681831
0,x_tcsc,1-14,-0.13771379342797382,44,-0.1377663416495161,WLS,113,5.2548221542270124e-05
1,B_svc,2,0.29149183843997173,44,0.29204395471658073,WLS,113,0.0005521162766090049
2,UPFC_Vsh,5-15,1.1067767207013288,44,1.1060163735848434,WLS,113,0.000760347116485427
3,UPFC_tsh,5-15,-0.22772306319476587,44,-0.22768882679917213,WLS,113,3.423639559374525e-05
4,UPFC_Vse,5-15,0.060274542415966234,44,0.05916909112830997,WLS,113,0.0011054512876562672
5,UPFC_tse,5-15,-2.1567476145072466,44,-2.1447867333164643,WLS,113,0.011960881190782313
0,x_tcsc,1-14,-0.1377283972726842,45,-0.1377663416495161,WLS,113,3.794437683188323e-05
1,B_svc,2,0.2917184052967381,45,0.29204395471658073,WLS,113,0.0003255494198426412
2,UPFC_Vsh,5-15,1.1068413775289623,45,1.1060163735848434,WLS,113,0.000825003944118885
3,UPFC_tsh,5-15,-0.2277450608684648,45,-0.22768882679917213,WLS,113,5.623406929267105e-05
4,UPFC_Vse,5-15,0.060339716908630894,45,0.05916909112830997,WLS,113,0.0011706257803209275
5,UPFC_tse,5-15,-2.156194997766544,45,-2.1447867333164643,WLS,113,0.011408264450079919
0,x_tcsc,1-14,-0.13772124448894935,46,-0.1377663416495161,WLS,113,4.5097160566748284e-05
1,B_svc,2,0.29207591747942474,46,0.29204395471658073,WLS,113,3.1962762844006676e-05
2,UPFC_Vsh,5-15,1.1070574333318568,46,1.1060163735848434,WLS,113,0.0010410597470134064
3,UPFC_tsh,5-15,-0.2277133823653954,46,-0.22768882679917213,WLS,113,2.455556622327215e-05
4,UPFC_Vse,5-15,0.060422816996056956,46,0.05916909112830997,WLS,113,0.0012537258677469895
5,UPFC_tse,5-15,-2.1580987124975914,46,-2.1447867333164643,WLS,113,0.013311979181127143
0,x_tcsc,1-14,-0.13773235395392694,47,-0.1377663416495161,WLS,113,3.398769558915493e-05
1,B_svc,2,0.29172176094564095,47,0.29204395471658073,WLS,113,0.00032219377093978263
2,UPFC_Vsh,5-15,1.1067863425809301,47,1.1060163735848434,WLS,113,0.0007699689960867229
3,UPFC_tsh,5-15,-0.22772709154587764,47,-0.22768882679917213,WLS,113,3.826474670551305e-05
4,UPFC_Vse,5-15,0.060232155294798105,47,0.05916909112830997,WLS,113,0.0010630641664881382
5,UPFC_tse,5-15,-2.152757212917882,47,-2.1447867333164643,WLS,113,0.007970479601417502
0,x_tcsc,1-14,-0.13772585581204516,48,-0.1377663416495161,WLS,113,4.0485837470932706e-05
1,B_svc,2,0.29178944703258075,48,0.29204395471658073,WLS,113,0.0002545076839999827
2,UPFC_Vsh,5-15,1.1066843331481526,48,1.1060163735848434,WLS,113,0.0006679595633092283
3,UPFC_tsh,5-15,-0.227803240567447,48,-0.22768882679917213,WLS,113,0.00011441376827486804
4,UPFC_Vse,5-15,0.060477352714829846,48,0.05916909112830997,WLS,113,0.0013082615865198793
5,UPFC_tse,5-15,-2.160535663179222,48,-2.1447867333164643,WLS,113,0.015748929862757777
0,x_tcsc,1-14,-0.1377241106547599,49,-0.1377663416495161,WLS,113,4.223099475619829e-05
1,B_svc,2,0.2912170347509238,49,0.29204395471658073,WLS,113,0.0008269199656569248
2,UPFC_Vsh,5-15,1.1071416315800415,49,1.1060163735848434,WLS,113,0.0011252579951981367
3,UPFC_tsh,5-15,-0.2277387108987254,49,-0.22768882679917213,WLS,113,4.9884099553282324e-05
4,UPFC_Vse,5-15,0.060445574454426304,49,0.05916909112830997,WLS,113,0.0012764833261163372
5,UPFC_tse,5-15,-2.1597332279560404,49,-2.1447867333164643,WLS,113,0.014946494639576091
0,x_tcsc,1-14,-0.13771886602080585,50,-0.1377663416495161,WLS,113,4.74756287102418e-05
1,B_svc,2,0.29142062858496276,50,0.29204395471658073,WLS,113,0.0006233261316179739
2,UPFC_Vsh,5-15,1.107195599608872,50,1.1060163735848434,WLS,113,0.0011792260240286456
3,UPFC_tsh,5-15,-0.2277135400490127,50,-0.22768882679917213,WLS,113,2.4713249840574436e-05
4,UPFC_Vse,5-15,0.06033379437297517,50,0.05916909112830997,WLS,113,0.0011647032446652009
5,UPFC_tse,5-15,-2.1572302130961685,50,-2.1447867333164643,WLS,113,0.01244347977970417
0,x_tcsc,1-14,-0.13770564460359577,51,-0.1377663416495161,WLS,113,6.0697045920321546e-05
1,B_svc,2,0.29150987291532776,51,0.29204395471658073,WLS,113,0.0005340818012529724
2,UPFC_Vsh,5-15,1.1068836503678088,51,1.1060163735848434,WLS,113,0.0008672767829653871
3,UPFC_tsh,5-15,-0.2277113975831707,51,-0.22768882679917213,WLS,113,2.257078399856005e-05
4,UPFC_Vse,5-15,0.06023364291967514,51,0.05916909112830997,WLS,113,0.0010645517913651717
5,UPFC_tse,5-15,-2.1557161850378406,51,-2.1447867333164643,WLS,113,0.010929451721376271
0,x_tcsc,1-14,-0.13770509539431042,52,-0.1377663416495161,WLS,113,6.124625520567695e-05
1,B_svc,2,0.2916941599702766,52,0.29204395471658073,WLS,113,0.000349794746304144
2,UPFC_Vsh,5-15,1.107131922661262,52,1.1060163735848434,WLS,113,0.0011155490764185316
3,UPFC_tsh,5-15,-0.2277230272750439,52,-0.22768882679917213,WLS,113,3.4200475871770664e-05
4,UPFC_Vse,5-15,0.060119498107155105,52,0.05916909112830997,WLS,113,0.0009504069788451378
5,UPFC_tse,5-15,-2.156931562396924,52,-2.1447867333164643,WLS,113,0.012144829080459552
0,x_tcsc,1-14,-0.13774063282986274,53,-0.1377663416495161,WLS,113,2.570881965335836e-05
1,B_svc,2,0.2921064852999631,53,0.29204395471658073,WLS,113,6.253058338234752e-05
2,UPFC_Vsh,5-15,1.1072484993234557,53,1.1060163735848434,WLS,113,0.0012321257386123108
3,UPFC_tsh,5-15,-0.22773318754655678,53,-0.22768882679917213,WLS,113,4.436074738464746e-05
4,UPFC_Vse,5-15,0.06026942898178841,53,0.05916909112830997,WLS,113,0.0011003378534784405
5,UPFC_tse,5-15,-2.154406480218299,53,-2.1447867333164643,WLS,113,0.00961974690183487
0,x_tcsc,1-14,-0.13771812745220607,54,-0.1377663416495161,WLS,113,4.82141973100203e-05
1,B_svc,2,0.29194794543709435,54,0.29204395471658073,WLS,113,9.600927948638649e-05
2,UPFC_Vsh,5-15,1.1071881059781132,54,1.1060163735848434,WLS,113,0.001171732393269842
3,UPFC_tsh,5-15,-0.22768447480449766,54,-0.22768882679917213,WLS,113,4.351994674467452e-06
4,UPFC_Vse,5-15,0.0605613143528659,54,0.05916909112830997,WLS,113,0.0013922232245559343
5,UPFC_tse,5-15,-2.1574220774269763,54,-2.1447867333164643,WLS,113,0.012635344110512037
0,x_tcsc,1-14,-0.1377032931375419,55,-0.1377663416495161,WLS,113,6.304851197419525e-05
1,B_svc,2,0.29215449731156856,55,0.29204395471658073,WLS,113,0.00011054259498782804
2,UPFC_Vsh,5-15,1.1070813709065381,55,1.1060163735848434,WLS,113,0.0010649973216947384
3,UPFC_tsh,5-15,-0.22783593880983258,55,-0.22768882679917213,WLS,113,0.00014711201066044954
4,UPFC_Vse,5-15,0.06047323048995594,55,0.05916909112830997,WLS,113,0.0013041393616459729
5,UPFC_tse,5-15,-2.1578855198863485,55,-2.1447867333164643,WLS,113,0.013098786569884169
0,x_tcsc,1-14,-0.13772497077029883,56,-0.1377663416495161,WLS,113,4.137087921726734e-05
1,B_svc,2,0.29192354088916567,56,0.29204395471658073,WLS,113,0.00012041382741506679
2,UPFC_Vsh,5-15,1.106782135375157,56,1.1060163735848434,WLS,113,0.0007657617903136238
3,UPFC_tsh,5-15,-0.2278085913659437,56,-0.22768882679917213,WLS,113,0.00011976456677156855
4,UPFC_Vse,5-15,0.0604804070584085,56,0.05916909112830997,WLS,113,0.0013113159300985333
5,UPFC_tse,5-15,-2.1568329486361755,56,-2.1447867333164643,WLS,113,0.012046215319711173
0,x_tcsc,1-14,-0.13773533165431223,57,-0.1377663416495161,WLS,113,3.100999520386227e-05
1,B_svc,2,0.2914736359013409,57,0.29204395471658073,WLS,113,0.0005703188152398342
2,UPFC_Vsh,5-15,1.1073632592399296,57,1.1060163735848434,WLS,113,0.0013468856550862274
3,UPFC_tsh,5-15,-0.22769420325128803,57,-0.22768882679917213,WLS,113,5.376452115901653e-06
4,UPFC_Vse,5-15,0.05999671586181987,57,0.05916909112830997,WLS,113,0.0008276247335099046
5,UPFC_tse,5-15,-2.158090712831951,57,-2.1447867333164643,WLS,113,0.013303979515486564
0,x_tcsc,1-14,-0.13772789251670894,58,-0.1377663416495161,WLS,113,3.844913280715012e-05
1,B_svc,2,0.2915651780582547,58,0.29204395471658073,WLS,113,0.0004787766583260189
2,UPFC_Vsh,5-15,1.1070574293323732,58,1.1060163735848434,WLS,113,0.0010410557475297733
3,UPFC_tsh,5-15,-0.2278056939123158,58,-0.22768882679917213,WLS,113,0.00011686711314368159
4,UPFC_Vse,5-15,0.06034218382016737,58,0.05916909112830997,WLS,113,0.0011730926918574053
5,UPFC_tse,5-15,-2.1554194487383307,58,-2.1447867333164643,WLS,113,0.01063271542186639
0,x_tcsc,1-14,-0.1377402397537004,59,-0.1377663416495161,WLS,113,2.6101895815699994e-05
1,B_svc,2,0.29167605054376855,59,0.29204395471658073,WLS,113,0.00036790417281218346
2,UPFC_Vsh,5-15,1.1068097640020707,59,1.1060163735848434,WLS,113,0.0007933904172272577
3,UPFC_tsh,5-15,-0.22777719262982338,59,-0.22768882679917213,WLS,113,8.836583065124914e-05
4,UPFC_Vse,5-15,0.06037819662334462,59,0.05916909112830997,WLS,113,0.0012091054950346541
5,UPFC_tse,5-15,-2.157638526526777,59,-2.1447867333164643,WLS,113,0.01285179321031249
0,x_tcsc,1-14,-0.13772967359096697,60,-0.1377663416495161,WLS,113,3.666805854912747e-05
1,B_svc,2,0.29199010892420485,60,0.29204395471658073,WLS,113,5.384579237588394e-05
2,UPFC_Vsh,5-15,1.1071623361694491,60,1.1060163735848434,WLS,113,0.001145962584605753
3,UPFC_tsh,5-15,-0.22772734225269803,60,-0.22768882679917213,WLS,113,3.8515453525900245e-05
4,UPFC_Vse,5-15,0.06036246119980191,60,0.05916909112830997,WLS,113,0.0011933700714919435
5,UPFC_tse,5-15,-2.1570201715394686,60,-2.1447867333164643,WLS,113,0.012233438223004267
0,x_tcsc,1-14,-0.13772678180872686,61,-0.1377663416495161,WLS,113,3.9559840789238354e-05
1,B_svc,2,0.2920028316733209,61,0.29204395471658073,WLS,113,4.1123043259816416e-05
2,UPFC_Vsh,5-15,1.1068345318864217,61,1.1060163735848434,WLS,113,0.0008181583015782756
3,UPFC_tsh,5-15,-0.2277347024050579,61,-0.22768882679917213,WLS,113,4.587560588575901e-05
4,UPFC_Vse,5-15,0.06034204896202626,61,0.05916909112830997,WLS,113,0.0011729578337162927
5,UPFC_tse,5-15,-2.1568408029206463,61,-2.1447867333164643,WLS,113,0.012054069604181983
0,x_tcsc,1-14,-0.13772198857481865,62,-0.1377663416495161,WLS,113,4.4353074697439654e-05
1,B_svc,2,0.2918756406318795,62,0.29204395471658073,WLS,113,0.00016831408470124876
2,UPFC_Vsh,5-15,1.1067114521263948,62,1.1060163735848434,WLS,113,0.0006950785415513749
3,UPFC_tsh,5-15,-0.22774424290519635,62,-0.22768882679917213,WLS,113,5.541610602421976e-05
4,UPFC_Vse,5-15,0.05978926010320882,62,0.05916909112830997,WLS,113,0.0006201689748988534
5,UPFC_tse,5-15,-2.1583388837663238,62,-2.1447867333164643,WLS,113,0.013552150449859468
0,x_tcsc,1-14,-0.13773742440924958,63,-0.1377663416495161,WLS,113,2.8917240266518318e-05
1,B_svc,2,0.29202858919865604,63,0.29204395471658073,WLS,113,1.536551792469254e-05
2,UPFC_Vsh,5-15,1.1068568892557673,63,1.1060163735848434,WLS,113,0.0008405156709239137
3,UPFC_tsh,5-15,-0.22767063988134928,63,-0.22768882679917213,WLS,113,1.818691782284887e-05
4,UPFC_Vse,5-15,0.059717798346083574,63,0.05916909112830997,WLS,113,0.0005487072177736071
5,UPFC_tse,5-15,-2.1588080667005407,63,-2.1447867333164643,WLS,113,0.014021333384076407
0,x_tcsc,1-14,-0.13772253584493552,64,-0.1377663416495161,WLS,113,4.38058045805767e-05
1,B_svc,2,0.29159989777009754,64,0.29204395471658073,WLS,113,0.0004440569464831956
2,UPFC_Vsh,5-15,1.1072082088957667,64,1.1060163735848434,WLS,113,0.0011918353109232616
3,UPFC_tsh,5-15,-0.22771011960296736,64,-0.22768882679917213,WLS,113,2.1292803795230908e-05
4,UPFC_Vse,5-15,0.060258960155516066,64,0.05916909112830997,WLS,113,0.0010898690272060987
5,UPFC_tse,5-15,-2.153677411643661,64,-2.1447867333164643,WLS,113,0.0088906783271967
0,x_tcsc,1-14,-0.13773749800711757,65,-0.1377663416495161,WLS,113,2.8843642398523883e-05
1,B_svc,2,0.2917239114873653,65,0.29204395471658073,WLS,113,0.0003200432292154165
2,UPFC_Vsh,5-15,1.1069902998943253,65,1.1060163735848434,WLS,113,0.0009739263094818984
3,UPFC_tsh,5-15,-0.2277994800851351,65,-0.22768882679917213,WLS,113,0.00011065328596296387
4,UPFC_Vse,5-15,0.0603183610585134,65,0.05916909112830997,WLS,113,0.0011492699302034365
5,UPFC_tse,5-15,-2.1550882309811117,65,-2.1447867333164643,WLS,113,0.010301497664647385
0,x_tcsc,1-14,-0.1377245253363068,66,-0.1377663416495161,WLS,113,4.181631320929191e-05
1,B_svc,2,0.2918210932126238,66,0.29204395471658073,WLS,113,0.00022286150395695037
2,UPFC_Vsh,5-15,1.1073647474191066,66,1.1060163735848434,WLS,113,0.0013483738342632279
3,UPFC_tsh,5-15,-0.22768754680291617,66,-0.22768882679917213,WLS,113,1.2799962559595368e-06
4,UPFC_Vse,5-15,0.060399611960034974,66,0.05916909112830997,WLS,113,0.0012305208317250071
5,UPFC_tse,5-15,-2.154809708311378,66,-2.1447867333164643,WLS,113,0.010022974994913891
0,x_tcsc,1-14,-0.13771919792545673,67,-0.1377663416495161,WLS,113,4.714372405936751e-05
1,B_svc,2,0.29170182603536876,67,0.29204395471658073,WLS,113,0.0003421286812119728
2,UPFC_Vsh,5-15,1.1070330383246376,67,1.1060163735848434,WLS,113,0.0010166647397942263
3,UPFC_tsh,5-15,-0.22773675783348918,67,-0.22768882679917213,WLS,113,4.793103431705026e-05
4,UPFC_Vse,5-15,0.06052664846624118,67,0.05916909112830997,WLS,113,0.001357557337931213
5,UPFC_tse,5-15,-2.1554415773003814,67,-2.1447867333164643,WLS,113,0.01065484398391714
0,x_tcsc,1-14,-0.13773635828407363,68,-0.1377663416495161,WLS,113,2.998336544246527e-05
1,B_svc,2,0.29209088811813533,68,0.29204395471658073,WLS,113,4.6933401554594134e-05
2,UPFC_Vsh,5-15,1.1068299082495967,68,1.1060163735848434,WLS,113,0.0008135346647533126
3,UPFC_tsh,5-15,-0.22787584316555307,68,-0.22768882679917213,WLS,113,0.00018701636638093766
4,UPFC_Vse,5-15,0.06063144569030308,68,0.05916909112830997,WLS,113,0.0014623545619931108
5,UPFC_tse,5-15,-2.156602652327083,68,-2.1447867333164643,WLS,113,0.011815919010618625
0,x_tcsc,1-14,-0.1377222996656384,69,-0.1377663416495161,WLS,113,4.40419838776962e-05
1,B_svc,2,0.292210640862094,69,0.29204395471658073,WLS,113,0.00016668614551323957
2,UPFC_Vsh,5-15,1.1066483773634674,69,1.1060163735848434,WLS,113,0.0006320037786240462
3,UPFC_tsh,5-15,-0.22774417498048433,69,-0.22768882679917213,WLS,113,5.53481813121981e-05
4,UPFC_Vse,5-15,0.05993271366140079,69,0.05916909112830997,WLS,113,0.00076362253309082
5,UPFC_tse,5-15,-2.161670959337516,69,-2.1447867333164643,WLS,113,0.016884226021051774
0,x_tcsc,1-14,-0.1377041930994612,70,-0.1377663416495161,WLS,113,6.214855005490239e-05
1,B_svc,2,0.2920377413762675,70,0.29204395471658073,WLS,113,6.213340313254712e-06
2,UPFC_Vsh,5-15,1.1072541408024053,70,1.1060163735848434,WLS,113,0.0012377672175618581
3,UPFC_tsh,5-15,-0.22771584508819706,70,-0.22768882679917213,WLS,113,2.701828902493264e-05
4,UPFC_Vse,5-15,0.06035715288164457,70,0.05916909112830997,WLS,113,0.0011880617533346002
5,UPFC_tse,5-15,-2.1560871667790034,70,-2.1447867333164643,WLS,113,0.011300433462539061
0,x_tcsc,1-14,-0.13772683530051794,71,-0.1377663416495161,WLS,113,3.9506348998158414e-05
1,B_svc,2,0.29174354959980175,71,0.29204395471658073,WLS,113,0.00030040511677897896
2,UPFC_Vsh,5-15,1.1069711097610702,71,1.1060163735848434,WLS,113,0.000954736176226767
3,UPFC_tsh,5-15,-0.2277764620403937,71,-0.22768882679917213,WLS,113,8.763524122157307e-05
4,UPFC_Vse,5-15,0.05989938164420531,71,0.05916909112830997,WLS,113,0.0007302905158953418
5,UPFC_tse,5-15,-2.159540535108688,71,-2.1447867333164643,WLS,113,0.01475380179222352
0,x_tcsc,1-14,-0.13772387120472485,72,-0.1377663416495161,WLS,113,4.2470444791248285e-05
1,B_svc,2,0.29143317639940736,72,0.29204395471658073,WLS,113,0.0006107783171733772
2,UPFC_Vsh,5-15,1.106971682827239,72,1.1060163735848434,WLS,113,0.0009553092423955079
3,UPFC_tsh,5-15,-0.2277290353700755,72,-0.22768882679917213,WLS,113,4.020857090336616e-05
4,UPFC_Vse,5-15,0.06014260605563183,72,0.05916909112830997,WLS,113,0.0009735149273218599
5,UPFC_tse,5-15,-2.157515746742661,72,-2.1447867333164643,WLS,113,0.012729013426196811
0,x_tcsc,1-14,-0.13772247065551935,73,-0.1377663416495161,WLS,113,4.387099399674743e-05
1,B_svc,2,0.2915176472155096,73,0.29204395471658073,WLS,113,0.0005263075010711327
2,UPFC_Vsh,5-15,1.1067529720653857,73,1.1060163735848434,WLS,113,0.0007365984805423054
3,UPFC_tsh,5-15,-0.2277365796820061,73,-0.22768882679917213,WLS,113,4.77528828339846e-05
4,UPFC_Vse,5-15,0.06033676562032396,73,0.05916909112830997,WLS,113,0.0011676744920139925
5,UPFC_tse,5-15,-2.1570162794293446,73,-2.1447867333164643,WLS,113,0.012229546112880296
0,x_tcsc,1-14,-0.13773780847795222,74,-0.1377663416495161,WLS,113,2.8533171563871473e-05
1,B_svc,2,0.2915979758949302,74,0.29204395471658073,WLS,113,0.0004459788216505389
2,UPFC_Vsh,5-15,1.1071135295928312,74,1.1060163735848434,WLS,113,0.0010971560079877651
3,UPFC_tsh,5-15,-0.22773922336953914,74,-0.22768882679917213,WLS,113,5.039657036701173e-05
4,UPFC_Vse,5-15,0.06036152683264739,74,0.05916909112830997,WLS,113,0.0011924357043374204
5,UPFC_tse,5-15,-2.154551123891434,74,-2.1447867333164643,WLS,113,0.009764390574969806
0,x_tcsc,1-14,-0.13771660089850105,75,-0.1377663416495161,WLS,113,4.974075101504827e-05
1,B_svc,2,0.2922066095364385,75,0.29204395471658073,WLS,113,0.00016265481985777708
2,UPFC_Vsh,5-15,1.1068650168546703,75,1.1060163735848434,WLS,113,0.0008486432698269208
3,UPFC_tsh,5-15,-0.22776195230329455,75,-0.22768882679917213,WLS,113,7.31255041224177e-05
4,UPFC_Vse,5-15,0.06021978785910151,75,0.05916909112830997,WLS,113,0.0010506967307915421
5,UPFC_tse,5-15,-2.1578406876144856,75,-2.1447867333164643,WLS,113,0.013053954298021253
0,x_tcsc,1-14,-0.13771250269016228,76,-0.1377663416495161,WLS,113,5.3838959353819105e-05
1,B_svc,2,0.2919291710748606,76,0.29204395471658073,WLS,113,0.00011478364172012867
2,UPFC_Vsh,5-15,1.1071227145536922,76,1.1060163735848434,WLS,113,0.0011063409688487624
3,UPFC_tsh,5-15,-0.22766337386085359,76,-0.22768882679917213,WLS,113,2.5452938318543117e-05
4,UPFC_Vse,5-15,0.060528317903366075,76,0.05916909112830997,WLS,113,0.0013592267750561077
5,UPFC_tse,5-15,-2.1579512932965454,76,-2.1447867333164643,WLS,113,0.013164559980081147
0,x_tcsc,1-14,-0.13771780996403135,77,-0.1377663416495161,WLS,113,4.853168548474285e-05
1,B_svc,2,0.2916637942014357,77,0.29204395471658073,WLS,113,0.000380160515145056
2,UPFC_Vsh,5-15,1.107081503887975,77,1.1060163735848434,WLS,113,0.0010651303031317116
3,UPFC_tsh,5-15,-0.22771761180260794,77,-0.22768882679917213,WLS,113,2.8785003435810586e-05
4,UPFC_Vse,5-15,0.06039851438167678,77,0.05916909112830997,WLS,113,0.001229423253366814
5,UPFC_tse,5-15,-2.160926505362752,77,-2.1447867333164643,WLS,113,0.016139772046287693
0,x_tcsc,1-14,-0.1377283809014758,78,-0.1377663416495161,WLS,113,3.796074804029992e-05
1,B_svc,2,0.291576702006783,78,0.29204395471658073,WLS,113,0.0004672527097977497
2,UPFC_Vsh,5-15,1.106926264051708,78,1.1060163735848434,WLS,113,0.0009098904668645158
3,UPFC_tsh,5-15,-0.22777282367462248,78,-0.22768882679917213,WLS,113,8.399687545035395e-05
4,UPFC_Vse,5-15,0.06027305010077187,78,0.05916909112830997,WLS,113,0.0011039589724619048
5,UPFC_tse,5-15,-2.1582030239291674,78,-2.1447867333164643,WLS,113,0.013416290612703108
0,x_tcsc,1-14,-0.137740161950845,79,-0.1377663416495161,WLS,113,2.6179698671080498e-05
1,B_svc,2,0.2919558365541738,79,0.29204395471658073,WLS,113,8.811816240694714e-05
2,UPFC_Vsh,5-15,1.1070364015014462,79,1.1060163735848434,WLS,113,0.001020027916602828
3,UPFC_tsh,5-15,-0.22780136155128283,79,-0.22768882679917213,WLS,113,0.00011253475211070452
4,UPFC_Vse,5-15,0.06005193860932885,79,0.05916909112830997,WLS,113,0.0008828474810188836
5,UPFC_tse,5-15,-2.1610305988943384,79,-2.1447867333164643,WLS,113,0.01624386557787405
0,x_tcsc,1-14,-0.1377199231901263,80,-0.1377663416495161,WLS,113,4.6418459389796496e-05
1,B_svc,2,0.29160245925112044,80,0.29204395471658073,WLS,113,0.0004414954654602954
2,UPFC_Vsh,5-15,1.1069718528888608,80,1.1060163735848434,WLS,113,0.0009554793040174037
3,UPFC_tsh,5-15,-0.22771668030125214,80,-0.22768882679917213,WLS,113,2.7853502080010806e-05
4,UPFC_Vse,5-15,0.0602035057586269,80,0.05916909112830997,WLS,113,0.001034414630316935
5,UPFC_tse,5-15,-2.1587987216344953,80,-2.1447867333164643,WLS,113,0.014011988318030966
0,x_tcsc,1-14,-0.13771769058413122,81,-0.1377663416495161,WLS,113,4.865106538487485e-05
1,B_svc,2,0.291333293672338,81,0.29204395471658073,WLS,113,0.0007106610442427219
2,UPFC_Vsh,5-15,1.1068145191798253,81,1.1060163735848434,WLS,113,0.0007981455949819249
3,UPFC_tsh,5-15,-0.22782061973199985,81,-0.22768882679917213,WLS,113,0.00013179293282772342
4,UPFC_Vse,5-15,0.060637399049497005,81,0.05916909112830997,WLS,113,0.0014683079211870384
5,UPFC_tse,5-15,-2.1566014459417278,81,-2.1447867333164643,WLS,113,0.011814712625263457
0,x_tcsc,1-14,-0.137729632635807,82,-0.1377663416495161,WLS,113,3.67090137090853e-05
1,B_svc,2,0.2915401803587314,82,0.29204395471658073,WLS,113,0.0005037743578493181
2,UPFC_Vsh,5-15,1.1072910952323258,82,1.1060163735848434,WLS,113,0.0012747216474824352
3,UPFC_tsh,5-15,-0.22774194990977792,82,-0.22768882679917213,WLS,113,5.312311060579056e-05
4,UPFC_Vse,5-15,0.06025489650024765,82,0.05916909112830997,WLS,113,0.0010858053719376842
5,UPFC_tse,5-15,-2.1566041802670965,82,-2.1447867333164643,WLS,113,0.011817446950632249
0,x_tcsc,1-14,-0.13770306773913843,83,-0.1377663416495161,WLS,113,6.327391037766472e-05
1,B_svc,2,0.29178772324407565,83,0.29204395471658073,WLS,113,0.00025623147250508627
2,UPFC_Vsh,5-15,1.1072233123780255,83,1.1060163735848434,WLS,113,0.0012069387931821218
3,UPFC_tsh,5-15,-0.22780752613014807,83,-0.22768882679917213,WLS,113,0.00011869933097594099
4,UPFC_Vse,5-15,0.06041651329828018,83,0.05916909112830997,WLS,113,0.0012474221699702165
5,UPFC_tse,5-15,-2.1578196084723844,83,-2.1447867333164643,WLS,113,0.01303287515592011
0,x_tcsc,1-14,-0.13771755394457028,84,-0.1377663416495161,WLS,113,4.878770494581852e-05
1,B_svc,2,0.291876277604548,84,0.29204395471658073,WLS,113,0.00016767711203274915
2,UPFC_Vsh,5-15,1.107118591144946,84,1.1060163735848434,WLS,113,0.0011022175601025364
3,UPFC_tsh,5-15,-0.22771551833990566,84,-0.22768882679917213,WLS,113,2.6691540733536634e-05
4,UPFC_Vse,5-15,0.06027268540227898,84,0.05916909112830997,WLS,113,0.0011035942739690136
5,UPFC_tse,5-15,-2.1563189322231704,84,-2.1447867333164643,WLS,113,0.011532198906706093
0,x_tcsc,1-14,-0.13772367080657738,85,-0.1377663416495161,WLS,113,4.267084293871348e-05
1,B_svc,2,0.2916123205031553,85,0.29204395471658073,WLS,113,0.00043163421342545805
2,UPFC_Vsh,5-15,1.1069968888112598,85,1.1060163735848434,WLS,113,0.0009805152264164008
3,UPFC_tsh,5-15,-0.22771225406364867,85,-0.22768882679917213,WLS,113,2.3427264476544307e-05
4,UPFC_Vse,5-15,0.060281761024485105,85,0.05916909112830997,WLS,113,0.0011126698961751377
5,UPFC_tse,5-15,-2.156554717139691,85,-2.1447867333164643,WLS,113,0.011767983823226746
0,x_tcsc,1-14,-0.1377253662113119,86,-0.1377663416495161,WLS,113,4.0975438204193804e-05
1,B_svc,2,0.29160581439858213,86,0.29204395471658073,WLS,113,0.0004381403179986032
2,UPFC_Vsh,5-15,1.106698875096171,86,1.1060163735848434,WLS,113,0.0006825015113276489
3,UPFC_tsh,5-15,-0.2278087938990675,86,-0.22768882679917213,WLS,113,0.00011996709989536836
4,UPFC_Vse,5-15,0.06054965465441456,86,0.05916909112830997,WLS,113,0.0013805635261045918
5,UPFC_tse,5-15,-2.1534001506917795,86,-2.1447867333164643,WLS,113,0.00861341737531518
0,x_tcsc,1-14,-0.13771053833836117,87,-0.1377663416495161,WLS,113,5.5803311154928315e-05
1,B_svc,2,0.2913745803067094,87,0.29204395471658073,WLS,113,0.0006693744098713594
2,UPFC_Vsh,5-15,1.1071458365021876,87,1.1060163735848434,WLS,113,0.0011294629173441706
3,UPFC_tsh,5-15,-0.22767966279988291,87,-0.22768882679917213,WLS,113,9.16399928921341e-06
4,UPFC_Vse,5-15,0.06041748639732919,87,0.05916909112830997,WLS,113,0.001248395269019223
5,UPFC_tse,5-15,-2.1570915929807093,87,-2.1447867333164643,WLS,113,0.012304859664244994
0,x_tcsc,1-14,-0.1377216427257674,88,-0.1377663416495161,WLS,113,4.469892374869833e-05
1,B_svc,2,0.29165372161707037,88,0.29204395471658073,WLS,113,0.000390233099510362
2,UPFC_Vsh,5-15,1.1066667832812078,88,1.1060163735848434,WLS,113,0.000650409696364429
3,UPFC_tsh,5-15,-0.2277730454072035,88,-0.22768882679917213,WLS,113,8.421860803137227e-05
4,UPFC_Vse,5-15,0.059881751675680064,88,0.05916909112830997,WLS,113,0.0007126605473700975
5,UPFC_tse,5-15,-2.162155572901839,88,-2.1447867333164643,WLS,113,0.01736883958537483
0,x_tcsc,1-14,-0.13772937997486986,89,-0.1377663416495161,WLS,113,3.696167464622979e-05
1,B_svc,2,0.29143454647500894,89,0.29204395471658073,WLS,113,0.0006094082415717961
2,UPFC_Vsh,5-15,1.1069131372168988,89,1.1060163735848434,WLS,113,0.0008967636320553751
3,UPFC_tsh,5-15,-0.22774244009076755,89,-0.22768882679917213,WLS,113,5.3613291595422385e-05
4,UPFC_Vse,5-15,0.060019893372172034,89,0.05916909112830997,WLS,113,0.0008508022438620672
5,UPFC_tse,5-15,-2.1597056228704954,89,-2.1447867333164643,WLS,113,0.01491888955403109
0,x_tcsc,1-14,-0.13771708573523364,90,-0.1377663416495161,WLS,113,4.925591428245335e-05
1,B_svc,2,0.2921202964663699,90,0.29204395471658073,WLS,113,7.634174978915498e-05
2,UPFC_Vsh,5-15,1.1068711587088522,90,1.1060163735848434,WLS,113,0.0008547851240088278
3,UPFC_tsh,5-15,-0.22779968162950295,90,-0.22768882679917213,WLS,113,0.00011085483033082544
4,UPFC_Vse,5-15,0.059972440502335835,90,0.05916909112830997,WLS,113,0.0008033493740258676
5,UPFC_tse,5-15,-2.160563831709642,90,-2.1447867333164643,WLS,113,0.015777098393177535
0,x_tcsc,1-14,-0.13771284069324075,91,-0.1377663416495161,WLS,113,5.3500956275348566e-05
1,B_svc,2,0.29126962920811045,91,0.29204395471658073,WLS,113,0.000774325508470286
2,UPFC_Vsh,5-15,1.1070759037570077,91,1.1060163735848434,WLS,113,0.0010595301721643136
3,UPFC_tsh,5-15,-0.22778496299290293,91,-0.22768882679917213,WLS,113,9.613619373080584e-05
4,UPFC_Vse,5-15,0.06055006467985741,91,0.05916909112830997,WLS,113,0.0013809735515474403
5,UPFC_tse,5-15,-2.155753488556176,91,-2.1447867333164643,WLS,113,0.010966755239711912
0,x_tcsc,1-14,-0.13769670091271735,92,-0.1377663416495161,WLS,113,6.964073679874283e-05
1,B_svc,2,0.2916761331698222,92,0.29204395471658073,WLS,113,0.00036782154675851775
2,UPFC_Vsh,5-15,1.1069701604450894,92,1.1060163735848434,WLS,113,0.0009537868602460531
3,UPFC_tsh,5-15,-0.2276740878957513,92,-0.22768882679917213,WLS,113,1.4738903420824512e-05
4,UPFC_Vse,5-15,0.060352285211191695,92,0.05916909112830997,WLS,113,0.0011831940828817278
5,UPFC_tse,5-15,-2.1566954020406506,92,-2.1447867333164643,WLS,113,0.011908668724186278
0,x_tcsc,1-14,-0.1377200087486863,93,-0.1377663416495161,WLS,113,4.633290082978192e-05
1,B_svc,2,0.29116369926865215,93,0.29204395471658073,WLS,113,0.0008802554479285796
2,UPFC_Vsh,5-15,1.1068592769191392,93,1.1060163735848434,WLS,113,0.0008429033342958192
3,UPFC_tsh,5-15,-0.22775020398380644,93,-0.22768882679917213,WLS,113,6.137718463430919e-05
4,UPFC_Vse,5-15,0.0606021034866237,93,0.05916909112830997,WLS,113,0.0014330123583137303
5,UPFC_tse,5-15,-2.156863930604826,93,-2.1447867333164643,WLS,113,0.012077197288361763
0,x_tcsc,1-14,-0.13771404110504645,94,-0.1377663416495161,WLS,113,5.2300544469641164e-05
1,B_svc,2,0.2914613902264432,94,0.29204395471658073,WLS,113,0.0005825644901375493
2,UPFC_Vsh,5-15,1.1071096364250752,94,1.1060163735848434,WLS,113,0.0010932628402318123
3,UPFC_tsh,5-15,-0.22770202541919865,94,-0.22768882679917213,WLS,113,1.3198620026522168e-05
4,UPFC_Vse,5-15,0.059668009688188556,94,0.05916909112830997,WLS,113,0.0004989185598785889
5,UPFC_tse,5-15,-2.1578732514037635,94,-2.1447867333164643,WLS,113,0.013086518087299215
0,x_tcsc,1-14,-0.13771336493809916,95,-0.1377663416495161,WLS,113,5.2976711416935496e-05
1,B_svc,2,0.29195822563657575,95,0.29204395471658073,WLS,113,8.572908000498147e-05
2,UPFC_Vsh,5-15,1.1070760970680469,95,1.1060163735848434,WLS,113,0.0010597234832034896
3,UPFC_tsh,5-15,-0.2277854962090237,95,-0.22768882679917213,WLS,113,9.666940985156303e-05
4,UPFC_Vse,5-15,0.06019354093665087,95,0.05916909112830997,WLS,113,0.0010244498083409048
5,UPFC_tse,5-15,-2.1560718147657747,95,-2.1447867333164643,WLS,113,0.011285081449310397
0,x_tcsc,1-14,-0.13771736397143888,96,-0.1377663416495161,WLS,113,4.8977678077211095e-05
1,B_svc,2,0.2922887389922411,96,0.29204395471658073,WLS,113,0.0002447842756603813
2,UPFC_Vsh,5-15,1.1068641527645828,96,1.1060163735848434,WLS,113,0.0008477791797394385
3,UPFC_tsh,5-15,-0.22779439237453222,96,-0.22768882679917213,WLS,113,0.00010556557536009481
4,UPFC_Vse,5-15,0.06028692911287867,96,0.05916909112830997,WLS,113,0.0011178379845687009
5,UPFC_tse,5-15,-2.1587331248816573,96,-2.1447867333164643,WLS,113,0.01394639156519295
0,x_tcsc,1-14,-0.1377167186792599,97,-0.1377663416495161,WLS,113,4.962297025620788e-05
1,B_svc,2,0.2917674414213492,97,0.29204395471658073,WLS,113,0.00027651329523153967
2,UPFC_Vsh,5-15,1.107246940206328,97,1.1060163735848434,WLS,113,0.0012305666214846855
3,UPFC_tsh,5-15,-0.22767959880680474,97,-0.22768882679917213,WLS,113,9.227992367383253e-06
4,UPFC_Vse,5-15,0.05979520294401533,97,0.05916909112830997,WLS,113,0.000626111815705363
5,UPFC_tse,5-15,-2.157762891029969,97,-2.1447867333164643,WLS,113,0.012976157713504577
0,x_tcsc,1-14,-0.13772265706153242,98,-0.1377663416495161,WLS,113,4.36845879836778e-05
1,B_svc,2,0.29193397570094326,98,0.29204395471658073,WLS,113,0.00010997901563747359
2,UPFC_Vsh,5-15,1.107083680546401,98,1.1060163735848434,WLS,113,0.001067306961557657
3,UPFC_tsh,5-15,-0.22778483611325268,98,-0.22768882679917213,WLS,113,9.600931408054736e-05
4,UPFC_Vse,5-15,0.06013238297074949,98,0.05916909112830997,WLS,113,0.0009632918424395259
5,UPFC_tse,5-15,-2.1602807403926905,98,-2.1447867333164643,WLS,113,0.015494007076226168
0,x_tcsc,1-14,-0.13772483327670104,99,-0.1377663416495161,WLS,113,4.1508372815052264e-05
1,B_svc,2,0.291803383822816,99,0.29204395471658073,WLS,113,0.0002405708937647244
2,UPFC_Vsh,5-15,1.107017829178851,99,1.1060163735848434,WLS,113,0.0010014555940076608
3,UPFC_tsh,5-15,-0.2277698714491011,99,-0.22768882679917213,WLS,113,8.104464992897409e-05
4,UPFC_Vse,5-15,0.06042304235937314,99,0.05916909112830997,WLS,113,0.0012539512310631717
5,UPFC_tse,5-15,-2.1578021873639646,99,-2.1447867333164643,WLS,113,0.013015454047500263
0,x_tcsc,1-14,-0.13765418819785158,0,-0.1376757391913022,WLS,115,2.1550993450608624e-05
1,B_svc,2,0.29097549390475946,0,0.2913753703762746,WLS,115,0.00039987647151512595
2,UPFC_Vsh,5-15,1.1072423362612096,0,1.105819733629388,WLS,115,0.00142260263182159
3,UPFC_tsh,5-15,-0.22761266346277576,0,-0.22760568204206996,WLS,115,6.9814207057927735e-06
4,UPFC_Vse,5-15,0.059876732586284724,0,0.05914467745826208,WLS,115,0.0007320551280226434
5,UPFC_tse,5-15,-2.163229770686515,0,-2.1440623659195452,WLS,115,0.019167404766969653
0,x_tcsc,1-14,-0.13765413540711804,1,-0.1376757391913022,WLS,115,2.1603784184143215e-05
1,B_svc,2,0.29124595069251386,1,0.2913753703762746,WLS,115,0.0001294196837607342
2,UPFC_Vsh,5-15,1.1065939842674204,1,1.105819733629388,WLS,115,0.000774250638032381
3,UPFC_tsh,5-15,-0.22774912897539804,1,-0.22760568204206996,WLS,115,0.000143446933328073
4,UPFC_Vse,5-15,0.060598455518649307,1,0.05914467745826208,WLS,115,0.0014537780603872258
5,UPFC_tse,5-15,-2.1573862918180273,1,-2.1440623659195452,WLS,115,0.01332392589848208
0,x_tcsc,1-14,-0.137647561799494,2,-0.1376757391913022,WLS,115,2.8177391808187346e-05
1,B_svc,2,0.29074285147684237,2,0.2913753703762746,WLS,115,0.0006325188994322217
2,UPFC_Vsh,5-15,1.1071419389677648,2,1.105819733629388,WLS,115,0.0013222053383767918
3,UPFC_tsh,5-15,-0.22765843148607087,2,-0.22760568204206996,WLS,115,5.2749444000910195e-05
4,UPFC_Vse,5-15,0.06068636219149681,2,0.05914467745826208,WLS,115,0.0015416847332347314
5,UPFC_tse,5-15,-2.154552573960877,2,-2.1440623659195452,WLS,115,0.010490208041331606
0,x_tcsc,1-14,-0.1376559731350661,3,-0.1376757391913022,WLS,115,1.9766056236075746e-05
1,B_svc,2,0.2913273856317447,3,0.2913753703762746,WLS,115,4.7984744529883105e-05
2,UPFC_Vsh,5-15,1.106878523815269,3,1.105819733629388,WLS,115,0.0010587901858809534
3,UPFC_tsh,5-15,-0.22773500033100422,3,-0.22760568204206996,WLS,115,0.0001293182889342548
4,UPFC_Vse,5-15,0.060500378421648626,3,0.05914467745826208,WLS,115,0.0013557009633865455
5,UPFC_tse,5-15,-2.1581478785757064,3,-2.1440623659195452,WLS,115,0.014085512656161203
0,x_tcsc,1-14,-0.13763541158760864,4,-0.1376757391913022,WLS,115,4.0327603693546266e-05
1,B_svc,2,0.2916841830665097,4,0.2913753703762746,WLS,115,0.00030881269023508295
2,UPFC_Vsh,5-15,1.106936945353047,4,1.105819733629388,WLS,115,0.001117211723659084
3,UPFC_tsh,5-15,-0.22770704696656158,4,-0.22760568204206996,WLS,115,0.00010136492449161483
4,UPFC_Vse,5-15,0.06013648376283584,4,0.05914467745826208,WLS,115,0.00099180630457376
5,UPFC_tse,5-15,-2.15953973053092,4,-2.1440623659195452,WLS,115,0.015477364611374611
0,x_tcsc,1-14,-0.1376554090355406,5,-0.1376757391913022,WLS,115,2.0330155761583146e-05
1,B_svc,2,0.2906993204667242,5,0.2913753703762746,WLS,115,0.0006760499095503913
2,UPFC_Vsh,5-15,1.1072586424636002,5,1.105819733629388,WLS,115,0.0014389088342121603
3,UPFC_tsh,5-15,-0.22767410029669619,5,-0.22760568204206996,WLS,115,6.841825462622353e-05
4,UPFC_Vse,5-15,0.06051850145795071,5,0.05914467745826208,WLS,115,0.0013738239996886267
5,UPFC_tse,5-15,-2.1582377407301663,5,-2.1440623659195452,WLS,115,0.014175374810621033
0,x_tcsc,1-14,-0.13765453252830492,6,-0.1376757391913022,WLS,115,2.1206662997264036e-05
1,B_svc,2,0.2911152489866989,6,0.2913753703762746,WLS,115,0.0002601213895757071
2,UPFC_Vsh,5-15,1.1071297528945492,6,1.105819733629388,WLS,115,0.0013100192651611664
3,UPFC_tsh,5-15,-0.22766304515879868,6,-0.22760568204206996,WLS,115,5.736311672871475e-05
4,UPFC_Vse,5-15,0.06008614799631126,6,0.05914467745826208,WLS,115,0.0009414705380491814
5,UPFC_tse,5-15,-2.1573496989676686,6,-2.1440623659195452,WLS,115,0.013287333048123351
0,x_tcsc,1-14,-0.13763812239614476,7,-0.1376757391913022,WLS,115,3.7616795157430216e-05
1,B_svc,2,0.2908695167328193,7,0.2913753703762746,WLS,115,0.0005058536434552896
2,UPFC_Vsh,5-15,1.1071397588838179,7,1.105819733629388,WLS,115,0.0013200252544298685
3,UPFC_tsh,5-15,-0.22767301315699146,7,-0.22760568204206996,WLS,115,6.73311149214928e-05
4,UPFC_Vse,5-15,0.060283957877683016,7,0.05914467745826208,WLS,115,0.001139280419420935
5,UPFC_tse,5-15,-2.157557821716676,7,-2.1440623659195452,WLS,115,0.013495455797130962
0,x_tcsc,1-14,-0.1376338594465211,8,-0.1376757391913022,WLS,115,4.1879744781092576e-05
1,B_svc,2,0.2910755436073599,8,0.2913753703762746,WLS,115,0.0002998267689147127
2,UPFC_Vsh,5-15,1.1067512785307863,8,1.105819733629388,WLS,115,0.0009315449013982402
3,UPFC_tsh,5-15,-0.2276683762310088,8,-0.22760568204206996,WLS,115,6.269418893883882e-05
4,UPFC_Vse,5-15,0.06015422361258483,8,0.05914467745826208,WLS,115,0.001009546154322749
5,UPFC_tse,5-15,-2.157765034000229,8,-2.1440623659195452,WLS,115,0.013702668080683544
0,x_tcsc,1-14,-0.13766110010844762,9,-0.1376757391913022,WLS,115,1.4639082854567276e-05
1,B_svc,2,0.29103369565097115,9,0.2913753703762746,WLS,115,0.00034167472530344245
2,UPFC_Vsh,5-15,1.1068676597237401,9,1.105819733629388,WLS,115,0.001047926094352114
3,UPFC_tsh,5-15,-0.2276652015259603,9,-0.22760568204206996,WLS,115,5.9519483890324576e-05
4,UPFC_Vse,5-15,0.0604328948708873,9,0.05914467745826208,WLS,115,0.00128821741262522
5,UPFC_tse,5-15,-2.1560448894551447,9,-2.1440623659195452,WLS,115,0.011982523535599476
0,x_tcsc,1-14,-0.1376411029939659,10,-0.1376757391913022,WLS,115,3.463619733629075e-05
1,B_svc,2,0.29078751199660674,10,0.2913753703762746,WLS,115,0.0005878583796678494
2,UPFC_Vsh,5-15,1.1071717656709654,10,1.105819733629388,WLS,115,0.0013520320415774112
3,UPFC_tsh,5-15,-0.22763391953573686,10,-0.22760568204206996,WLS,115,2.8237493666899427e-05
4,UPFC_Vse,5-15,0.06082056901619693,10,0.05914467745826208,WLS,115,0.00167589155793485
5,UPFC_tse,5-15,-2.155786432712621,10,-2.1440623659195452,WLS,115,0.011724066793075583
0,x_tcsc,1-14,-0.1376640241124643,11,-0.1376757391913022,WLS,115,1.1715078837876147e-05
1,B_svc,2,0.2911099671404969,11,0.2913753703762746,WLS,115,0.00026540323577767255
2,UPFC_Vsh,5-15,1.1070923959413137,11,1.105819733629388,WLS,115,0.0012726623119256875
3,UPFC_tsh,5-15,-0.22762803885334873,11,-0.22760568204206996,WLS,115,2.235681127876754e-05
4,UPFC_Vse,5-15,0.06029224575246949,11,0.05914467745826208,WLS,115,0.00114756829420741
5,UPFC_tse,5-15,-2.1540432553240065,11,-2.1440623659195452,WLS,115,0.00998088940446129
0,x_tcsc,1-14,-0.13765197832573597,12,-0.1376757391913022,WLS,115,2.3760865566213596e-05
1,B_svc,2,0.29029487092238526,12,0.2913753703762746,WLS,115,0.0010804994538893276
2,UPFC_Vsh,5-15,1.1071424256100069,12,1.105819733629388,WLS,115,0.0013226919806188508
3,UPFC_tsh,5-15,-0.22763422399298824,12,-0.22760568204206996,WLS,115,2.85419509182816e-05
4,UPFC_Vse,5-15,0.06073267404139255,12,0.05914467745826208,WLS,115,0.0015879965831304688
5,UPFC_tse,5-15,-2.1515059093923012,12,-2.1440623659195452,WLS,115,0.007443543472755998
0,x_tcsc,1-14,-0.13763115598226125,13,-0.1376757391913022,WLS,115,4.4583209040938154e-05
1,B_svc,2,0.2910807506681019,13,0.2913753703762746,WLS,115,0.0002946197081726831
2,UPFC_Vsh,5-15,1.106741334124132,13,1.105819733629388,WLS,115,0.0009216004947438794
3,UPFC_tsh,5-15,-0.227693098937936,13,-0.22760568204206996,WLS,115,8.741689586602708e-05
4,UPFC_Vse,5-15,0.05992891523570217,13,0.05914467745826208,WLS,115,0.0007842377774400916
5,UPFC_tse,5-15,-2.1583930225074957,13,-2.1440623659195452,WLS,115,0.014330656587950408
0,x_tcsc,1-14,-0.13764558258797907,14,-0.1376757391913022,WLS,115,3.0156603323117093e-05
1,B_svc,2,0.291242455355514,14,0.2913753703762746,WLS,115,0.00013291502076057116
2,UPFC_Vsh,5-15,1.1071319540547264,14,1.105819733629388,WLS,115,0.0013122204253384062
3,UPFC_tsh,5-15,-0.2276993365890425,14,-0.22760568204206996,WLS,115,9.365454697254916e-05
4,UPFC_Vse,5-15,0.06042537411785549,14,0.05914467745826208,WLS,115,0.0012806966595934124
5,UPFC_tse,5-15,-2.1580737987458667,14,-2.1440623659195452,WLS,115,0.014011432826321446
0,x_tcsc,1-14,-0.1376624864302792,15,-0.1376757391913022,WLS,115,1.3252761022986004e-05
1,B_svc,2,0.2908715481304653,15,0.2913753703762746,WLS,115,0.0005038222458093045
2,UPFC_Vsh,5-15,1.106843190227717,15,1.105819733629388,WLS,115,0.0010234565983289201
3,UPFC_tsh,5-15,-0.22763279104669001,15,-0.22760568204206996,WLS,115,2.7109004620051724e-05
4,UPFC_Vse,5-15,0.05995747667668778,15,0.05914467745826208,WLS,115,0.0008127992184256971
5,UPFC_tse,5-15,-2.156467949561403,15,-2.1440623659195452,WLS,115,0.012405583641857731
0,x_tcsc,1-14,-0.1376442561169135,16,-0.1376757391913022,WLS,115,3.148307438868847e-05
1,B_svc,2,0.29119678162903023,16,0.2913753703762746,WLS,115,0.00017858874724435703
2,UPFC_Vsh,5-15,1.1069670306102504,16,1.105819733629388,WLS,115,0.0011472969808623557
3,UPFC_tsh,5-15,-0.22769672183853806,16,-0.22760568204206996,WLS,115,9.10397964681009e-05
4,UPFC_Vse,5-15,0.060768776408543335,16,0.05914467745826208,WLS,115,0.001624098950281254
5,UPFC_tse,5-15,-2.1575316855466764,16,-2.1440623659195452,WLS,115,0.01346931962713116
0,x_tcsc,1-14,-0.1376404734196268,17,-0.1376757391913022,WLS,115,3.5265771675396795e-05
1,B_svc,2,0.2912528559661671,17,0.2913753703762746,WLS,115,0.000122514410107466
2,UPFC_Vsh,5-15,1.1067478346440274,17,1.105819733629388,WLS,115,0.0009281010146393598
3,UPFC_tsh,5-15,-0.22768715319708827,17,-0.22760568204206996,WLS,115,8.147115501830338e-05
4,UPFC_Vse,5-15,0.06027384508494729,17,0.05914467745826208,WLS,115,0.001129167626685211
5,UPFC_tse,5-15,-2.153693271589062,17,-2.1440623659195452,WLS,115,0.009630905669516743
0,x_tcsc,1-14,-0.13765852583125476,18,-0.1376757391913022,WLS,115,1.7213360047424464e-05
1,B_svc,2,0.29121908538389857,18,0.2913753703762746,WLS,115,0.00015628499237602123
2,UPFC_Vsh,5-15,1.106965434480842,18,1.105819733629388,WLS,115,0.0011457008514539346
3,UPFC_tsh,5-15,-0.22773577976183992,18,-0.22760568204206996,WLS,115,0.00013009771976996154
4,UPFC_Vse,5-15,0.060140935473659535,18,0.05914467745826208,WLS,115,0.000996258015397454
5,UPFC_tse,5-15,-2.15771289764039,18,-2.1440623659195452,WLS,115,0.01365053172084485
0,x_tcsc,1-14,-0.13764844541062715,19,-0.1376757391913022,WLS,115,2.7293780675036183e-05
1,B_svc,2,0.2906770316884492,19,0.2913753703762746,WLS,115,0.0006983386878253728
2,UPFC_Vsh,5-15,1.1070347711509958,19,1.105819733629388,WLS,115,0.0012150375216077869
3,UPFC_tsh,5-15,-0.22769358004604712,19,-0.22760568204206996,WLS,115,8.789800397715486e-05
4,UPFC_Vse,5-15,0.060709945578906716,19,0.05914467745826208,WLS,115,0.0015652681206446348
5,UPFC_tse,5-15,-2.157040613870433,19,-2.1440623659195452,WLS,115,0.012978247950887756
0,x_tcsc,1-14,-0.1376498907654205,20,-0.1376757391913022,WLS,115,2.584842588168601e-05
1,B_svc,2,0.2909589221682112,20,0.2913753703762746,WLS,115,0.00041644820806341354
2,UPFC_Vsh,5-15,1.1070680763581928,20,1.105819733629388,WLS,115,0.0012483427288048077
3,UPFC_tsh,5-15,-0.2277397877741453,20,-0.22760568204206996,WLS,115,0.00013410573207534027
4,UPFC_Vse,5-15,0.06028713575225589,20,0.05914467745826208,WLS,115,0.0011424582939938074
5,UPFC_tse,5-15,-2.1608073447615395,20,-2.1440623659195452,WLS,115,0.016744978841994218
0,x_tcsc,1-14,-0.13764882322018418,21,-0.1376757391913022,WLS,115,2.691597111800781e-05
1,B_svc,2,0.2908655977754725,21,0.2913753703762746,WLS,115,0.0005097726008020942
2,UPFC_Vsh,5-15,1.1072242399496268,21,1.105819733629388,WLS,115,0.0014045063202388075
3,UPFC_tsh,5-15,-0.2276757060275912,21,-0.22760568204206996,WLS,115,7.002398552125033e-05
4,UPFC_Vse,5-15,0.060061316431420354,21,0.05914467745826208,WLS,115,0.0009166389731582736
5,UPFC_tse,5-15,-2.15750638648723,21,-2.1440623659195452,WLS,115,0.013444020567684678
0,x_tcsc,1-14,-0.1376555406762296,22,-0.1376757391913022,WLS,115,2.0198515072594736e-05
1,B_svc,2,0.29089922756426595,22,0.2913753703762746,WLS,115,0.0004761428120086397
2,UPFC_Vsh,5-15,1.1071397847275115,22,1.105819733629388,WLS,115,0.001320051098123498
3,UPFC_tsh,5-15,-0.2276515516316005,22,-0.22760568204206996,WLS,115,4.5869589530539434e-05
4,UPFC_Vse,5-15,0.060086608265608146,22,0.05914467745826208,WLS,115,0.0009419308073460655
5,UPFC_tse,5-15,-2.1577550010751256,22,-2.1440623659195452,WLS,115,0.01369263515558039
0,x_tcsc,1-14,-0.1376441974190228,23,-0.1376757391913022,WLS,115,3.154177227937538e-05
1,B_svc,2,0.29084536488233004,23,0.2913753703762746,WLS,115,0.000530005493944552
2,UPFC_Vsh,5-15,1.1070190243813736,23,1.105819733629388,WLS,115,0.001199290751985549
3,UPFC_tsh,5-15,-0.2276634227692372,23,-0.22760568204206996,WLS,115,5.7740727167243655e-05
4,UPFC_Vse,5-15,0.060492529541552785,23,0.05914467745826208,WLS,115,0.0013478520832907043
5,UPFC_tse,5-15,-2.159015942896477,23,-2.1440623659195452,WLS,115,0.014953576976931782
0,x_tcsc,1-14,-0.1376457417851049,24,-0.1376757391913022,WLS,115,2.999740619727409e-05
1,B_svc,2,0.2911154987726458,24,0.2913753703762746,WLS,115,0.0002598716036287807
2,UPFC_Vsh,5-15,1.1067441130788775,24,1.105819733629388,WLS,115,0.0009243794494895319
3,UPFC_tsh,5-15,-0.22770256456298477,24,-0.22760568204206996,WLS,115,9.688252091480387e-05
4,UPFC_Vse,5-15,0.060132954648759604,24,0.05914467745826208,WLS,115,0.0009882771904975232
5,UPFC_tse,5-15,-2.1592334298184315,24,-2.1440623659195452,WLS,115,0.015171063898886228
0,x_tcsc,1-14,-0.13766217282717888,25,-0.1376757391913022,WLS,115,1.3566364123307473e-05
1,B_svc,2,0.2908829207768202,25,0.2913753703762746,WLS,115,0.0004924495994543809
2,UPFC_Vsh,5-15,1.1070503014917508,25,1.105819733629388,WLS,115,0.0012305678623627525
3,UPFC_tsh,5-15,-0.22768535418392516,25,-0.22760568204206996,WLS,115,7.967214185519711e-05
4,UPFC_Vse,5-15,0.060388166400617116,25,0.05914467745826208,WLS,115,0.0012434889423550352
5,UPFC_tse,5-15,-2.161218677968714,25,-2.1440623659195452,WLS,115,0.017156312049168676
0,x_tcsc,1-14,-0.1376423738581958,26,-0.1376757391913022,WLS,115,3.336533310638323e-05
1,B_svc,2,0.2913132849202335,26,0.2913753703762746,WLS,115,6.208545604108329e-05
2,UPFC_Vsh,5-15,1.1070628181718878,26,1.105819733629388,WLS,115,0.0012430845424997727
3,UPFC_tsh,5-15,-0.2277341682714242,26,-0.22760568204206996,WLS,115,0.00012848622935424103
4,UPFC_Vse,5-15,0.06058989935383117,26,0.05914467745826208,WLS,115,0.0014452218955690876
5,UPFC_tse,5-15,-2.160197237894328,26,-2.1440623659195452,WLS,115,0.016134871974782694
0,x_tcsc,1-14,-0.1376494805591326,27,-0.1376757391913022,WLS,115,2.6258632169595675e-05
1,B_svc,2,0.29106867832649114,27,0.2913753703762746,WLS,115,0.00030669204978345244
2,UPFC_Vsh,5-15,1.1070874150924654,27,1.105819733629388,WLS,115,0.0012676814630774302
3,UPFC_tsh,5-15,-0.22772046709250823,27,-0.22760568204206996,WLS,115,0.00011478505043827081
4,UPFC_Vse,5-15,0.06036592957191024,27,0.05914467745826208,WLS,115,0.0012212521136481594
5,UPFC_tse,5-15,-2.157835579617297,27,-2.1440623659195452,WLS,115,0.013773213697751974
0,x_tcsc,1-14,-0.1376567451075239,28,-0.1376757391913022,WLS,115,1.8994083778284265e-05
1,B_svc,2,0.29079311593580237,28,0.2913753703762746,WLS,115,0.0005822544404722185
2,UPFC_Vsh,5-15,1.1068612515780047,28,1.105819733629388,WLS,115,0.0010415179486167325
3,UPFC_tsh,5-15,-0.22773058823112413,28,-0.22760568204206996,WLS,115,0.00012490618905416917
4,UPFC_Vse,5-15,0.0601592394420582,28,0.05914467745826208,WLS,115,0.0010145619837961181
5,UPFC_tse,5-15,-2.160351578051152,28,-2.1440623659195452,WLS,115,0.016289212131606945
0,x_tcsc,1-14,-0.1376410260258463,29,-0.1376757391913022,WLS,115,3.471316545589076e-05
1,B_svc,2,0.2906139097736485,29,0.2913753703762746,WLS,115,0.0007614606026261073
2,UPFC_Vsh,5-15,1.1069124779171227,29,1.105819733629388,WLS,115,0.0010927442877346483
3,UPFC_tsh,5-15,-0.2276710586837786,29,-0.22760568204206996,WLS,115,6.537664170863655e-05
4,UPFC_Vse,5-15,0.06046346352109364,29,0.05914467745826208,WLS,115,0.0013187860628315617
5,UPFC_tse,5-15,-2.1558048621282895,29,-2.1440623659195452,WLS,115,0.011742496208744235
0,x_tcsc,1-14,-0.1376391535830083,30,-0.1376757391913022,WLS,115,3.6585608293893124e-05
1,B_svc,2,0.2905541701638893,30,0.2913753703762746,WLS,115,0.0008212002123852979
2,UPFC_Vsh,5-15,1.1068744413506768,30,1.105819733629388,WLS,115,0.0010547077212887945
3,UPFC_tsh,5-15,-0.2276386145129065,30,-0.22760568204206996,WLS,115,3.293247083654971e-05
4,UPFC_Vse,5-15,0.060178121684726596,30,0.05914467745826208,WLS,115,0.0010334442264645152
5,UPFC_tse,5-15,-2.1580970287359076,30,-2.1440623659195452,WLS,115,0.014034662816362342
0,x_tcsc,1-14,-0.13763616339354678,31,-0.1376757391913022,WLS,115,3.957579775540343e-05
1,B_svc,2,0.29105398217795075,31,0.2913753703762746,WLS,115,0.00032138819832383536
2,UPFC_Vsh,5-15,1.1069339529819484,31,1.105819733629388,WLS,115,0.0011142193525603972
3,UPFC_tsh,5-15,-0.2276770327502084,31,-0.22760568204206996,WLS,115,7.135070813843458e-05
4,UPFC_Vse,5-15,0.06039353014640508,31,0.05914467745826208,WLS,115,0.0012488526881430026
5,UPFC_tse,5-15,-2.1589576732670688,31,-2.1440623659195452,WLS,115,0.014895307347523534
0,x_tcsc,1-14,-0.13765183628521496,32,-0.1376757391913022,WLS,115,2.390290608722534e-05
1,B_svc,2,0.29098222175751004,32,0.2913753703762746,WLS,115,0.00039314861876454943
2,UPFC_Vsh,5-15,1.1072741634465635,32,1.105819733629388,WLS,115,0.0014544298171754733
3,UPFC_tsh,5-15,-0.22769967730233442,32,-0.22760568204206996,WLS,115,9.399526026446225e-05
4,UPFC_Vse,5-15,0.06011304658694306,32,0.05914467745826208,WLS,115,0.0009683691286809792
5,UPFC_tse,5-15,-2.1592162724679587,32,-2.1440623659195452,WLS,115,0.01515390654841342
0,x_tcsc,1-14,-0.1376498450532993,33,-0.1376757391913022,WLS,115,2.5894138002885425e-05
1,B_svc,2,0.2912465049394627,33,0.2913753703762746,WLS,115,0.000128865436811898
2,UPFC_Vsh,5-15,1.1073844248516689,33,1.105819733629388,WLS,115,0.0015646912222808673
3,UPFC_tsh,5-15,-0.2276747530924731,33,-0.22760568204206996,WLS,115,6.907105040313e-05
4,UPFC_Vse,5-15,0.06018650199624258,33,0.05914467745826208,WLS,115,0.0010418245379804972
5,UPFC_tse,5-15,-2.1577943198960705,33,-2.1440623659195452,WLS,115,0.013731953976525269
0,x_tcsc,1-14,-0.13765302013028144,34,-0.1376757391913022,WLS,115,2.2719061020748388e-05
1,B_svc,2,0.2904534160108447,34,0.2913753703762746,WLS,115,0.0009219543654299112
2,UPFC_Vsh,5-15,1.1073529762887615,34,1.105819733629388,WLS,115,0.0015332426593734905
3,UPFC_tsh,5-15,-0.22767728463816453,34,-0.22760568204206996,WLS,115,7.160259609456654e-05
4,UPFC_Vse,5-15,0.06022430503991193,34,0.05914467745826208,WLS,115,0.001079627581649846
5,UPFC_tse,5-15,-2.157219192916174,34,-2.1440623659195452,WLS,115,0.013156826996628901
0,x_tcsc,1-14,-0.13763861940282698,35,-0.1376757391913022,WLS,115,3.711978847520392e-05
1,B_svc,2,0.291229095907049,35,0.2913753703762746,WLS,115,0.0001462744692256046
2,UPFC_Vsh,5-15,1.1071763921810651,35,1.105819733629388,WLS,115,0.0013566585516771035
3,UPFC_tsh,5-15,-0.22762470199127463,35,-0.22760568204206996,WLS,115,1.9019949204668318e-05
4,UPFC_Vse,5-15,0.06014749994447883,35,0.05914467745826208,WLS,115,0.0010028224862167479
5,UPFC_tse,5-15,-2.1589089417384235,35,-2.1440623659195452,WLS,115,0.014846575818878271
0,x_tcsc,1-14,-0.13766062968140805,36,-0.1376757391913022,WLS,115,1.510950989414006e-05
1,B_svc,2,0.2908691933492522,36,0.2913753703762746,WLS,115,0.0005061770270223809
2,UPFC_Vsh,5-15,1.1071964993050292,36,1.105819733629388,WLS,115,0.0013767656756411562
3,UPFC_tsh,5-15,-0.22773013338079656,36,-0.22760568204206996,WLS,115,0.00012445133872659997
4,UPFC_Vse,5-15,0.06046764882556198,36,0.05914467745826208,WLS,115,0.001322971367299898
5,UPFC_tse,5-15,-2.1594228106458733,36,-2.1440623659195452,WLS,115,0.015360444726328026
0,x_tcsc,1-14,-0.13765716925982793,37,-0.1376757391913022,WLS,115,1.8569931474254897e-05
1,B_svc,2,0.2912334717329845,37,0.2913753703762746,WLS,115,0.00014189864329011703
2,UPFC_Vsh,5-15,1.1073109812131892,37,1.105819733629388,WLS,115,0.0014912475838011474
3,UPFC_tsh,5-15,-0.2276880274021564,37,-0.22760568204206996,WLS,115,8.234536008644433e-05
4,UPFC_Vse,5-15,0.05958505223004814,37,0.05914467745826208,WLS,115,0.000440374771786059
5,UPFC_tse,5-15,-2.162948463896653,37,-2.1440623659195452,WLS,115,0.01888609797710794
0,x_tcsc,1-14,-0.13763836370921903,38,-0.1376757391913022,WLS,115,3.737548208315733e-05
1,B_svc,2,0.29079819977451266,38,0.2913753703762746,WLS,115,0.0005771706017619338
2,UPFC_Vsh,5-15,1.1072198118036274,38,1.105819733629388,WLS,115,0.001400078174239372
3,UPFC_tsh,5-15,-0.22766550115794512,38,-0.22760568204206996,WLS,115,5.981911587515931e-05
4,UPFC_Vse,5-15,0.06050208512594353,38,0.05914467745826208,WLS,115,0.0013574076676814498
5,UPFC_tse,5-15,-2.154771666714937,38,-2.1440623659195452,WLS,115,0.010709300795391563
0,x_tcsc,1-14,-0.13765497691437428,39,-0.1376757391913022,WLS,115,2.0762276927904777e-05
1,B_svc,2,0.291350328011039,39,0.2913753703762746,WLS,115,2.5042365235594666e-05
2,UPFC_Vsh,5-15,1.1072656310906102,39,1.105819733629388,WLS,115,0.0014458974612221454
3,UPFC_tsh,5-15,-0.2277041383183289,39,-0.22760568204206996,WLS,115,9.845627625892917e-05
4,UPFC_Vse,5-15,0.06009288510519957,39,0.05914467745826208,WLS,115,0.0009482076469374892
5,UPFC_tse,5-15,-2.156029873587272,39,-2.1440623659195452,WLS,115,0.011967507667726807
0,x_tcsc,1-14,-0.137642887643656,40,-0.1376757391913022,WLS,115,3.2851547646178814e-05
1,B_svc,2,0.29119689643705804,40,0.2913753703762746,WLS,115,0.0001784739392165502
2,UPFC_Vsh,5-15,1.1066416663816472,40,1.105819733629388,WLS,115,0.0008219327522591691
3,UPFC_tsh,5-15,-0.22772685931560185,40,-0.22760568204206996,WLS,115,0.00012117727353189167
4,UPFC_Vse,5-15,0.060439516020676445,40,0.05914467745826208,WLS,115,0.0012948385624143646
5,UPFC_tse,5-15,-2.1575185864988358,40,-2.1440623659195452,WLS,115,0.013456220579290523
0,x_tcsc,1-14,-0.13764382129608616,41,-0.1376757391913022,WLS,115,3.191789521603261e-05
1,B_svc,2,0.29152466082613004,41,0.2913753703762746,WLS,115,0.0001492904498554548
2,UPFC_Vsh,5-15,1.1070482059410864,41,1.105819733629388,WLS,115,0.0012284723116984253
3,UPFC_tsh,5-15,-0.22767219790926754,41,-0.22760568204206996,WLS,115,6.651586719758074e-05
4,UPFC_Vse,5-15,0.0603206007376932,41,0.05914467745826208,WLS,115,0.0011759232794311195
5,UPFC_tse,5-15,-2.160404028801919,41,-2.1440623659195452,WLS,115,0.016341662882373598
0,x_tcsc,1-14,-0.13766110511926635,42,-0.1376757391913022,WLS,115,1.463407203583511e-05
1,B_svc,2,0.2910545931378989,42,0.2913753703762746,WLS,115,0.0003207772383757024
2,UPFC_Vsh,5-15,1.1066251963762241,42,1.105819733629388,WLS,115,0.0008054627468361275
3,UPFC_tsh,5-15,-0.2276969759990585,42,-0.22760568204206996,WLS,115,9.129395698853626e-05
4,UPFC_Vse,5-15,0.060414984171081106,42,0.05914467745826208,WLS,115,0.0012703067128190249
5,UPFC_tse,5-15,-2.155205522456579,42,-2.1440623659195452,WLS,115,0.011143156537033683
0,x_tcsc,1-14,-0.13764438767139453,43,-0.1376757391913022,WLS,115,3.13515199076575e-05
1,B_svc,2,0.29080053795338234,43,0.2913753703762746,WLS,115,0.0005748324228922463
2,UPFC_Vsh,5-15,1.1069274670768714,43,1.105819733629388,WLS,115,0.0011077334474833833
3,UPFC_tsh,5-15,-0.22764097715035098,43,-0.22760568204206996,WLS,115,3.529510828101379e-05
4,UPFC_Vse,5-15,0.060416563010288735,43,0.05914467745826208,WLS,115,0.001271885552026654
5,UPFC_tse,5-15,-2.158036990128101,43,-2.1440623659195452,WLS,115,0.013974624208555664
0,x_tcsc,1-14,-0.13763344678184625,44,-0.1376757391913022,WLS,115,4.2292409455940705e-05
1,B_svc,2,0.2906762129376722,44,0.2913753703762746,WLS,115,0.0006991574386023824
2,UPFC_Vsh,5-15,1.1068897254815693,44,1.105819733629388,WLS,115,0.0010699918521812624
3,UPFC_tsh,5-15,-0.22766777437992808,44,-0.22760568204206996,WLS,115,6.209233785811619e-05
4,UPFC_Vse,5-15,0.060314964824494534,44,0.05914467745826208,WLS,115,0.001170287366232453
5,UPFC_tse,5-15,-2.1570196360751814,44,-2.1440623659195452,WLS,115,0.012957270155636191
0,x_tcsc,1-14,-0.13764695649442057,45,-0.1376757391913022,WLS,115,2.8782696881612946e-05
1,B_svc,2,0.29082155807577736,45,0.2913753703762746,WLS,115,0.0005538123004972251
2,UPFC_Vsh,5-15,1.1074961553354479,45,1.105819733629388,WLS,115,0.0016764217060598607
3,UPFC_tsh,5-15,-0.22764191380652676,45,-0.22760568204206996,WLS,115,3.6231764456801097e-05
4,UPFC_Vse,5-15,0.060104943324348827,45,0.05914467745826208,WLS,115,0.0009602658660867458
5,UPFC_tse,5-15,-2.1567915904423556,45,-2.1440623659195452,WLS,115,0.012729224522810334
0,x_tcsc,1-14,-0.13764669348895703,46,-0.1376757391913022,WLS,115,2.9045702345159574e-05
1,B_svc,2,0.29132922190305793,46,0.2913753703762746,WLS,115,4.614847321665616e-05
2,UPFC_Vsh,5-15,1.106982481813489,46,1.105819733629388,WLS,115,0.0011627481841010034
3,UPFC_tsh,5-15,-0.2276645019394548,46,-0.22760568204206996,WLS,115,5.881989738484861e-05
4,UPFC_Vse,5-15,0.0604685742856636,46,0.05914467745826208,WLS,115,0.0013238968274015203
5,UPFC_tse,5-15,-2.1574934012239058,46,-2.1440623659195452,WLS,115,0.013431035304360517
0,x_tcsc,1-14,-0.137668128060103,47,-0.1376757391913022,WLS,115,7.611131199181109e-06
1,B_svc,2,0.29077016592992116,47,0.2913753703762746,WLS,115,0.0006052044463534245
2,UPFC_Vsh,5-15,1.1069834967284762,47,1.105819733629388,WLS,115,0.0011637630990881664
3,UPFC_tsh,5-15,-0.22765475108279,47,-0.22760568204206996,WLS,115,4.906904072005114e-05
4,UPFC_Vse,5-15,0.060243441830344906,47,0.05914467745826208,WLS,115,0.001098764372082825
5,UPFC_tse,5-15,-2.1533005104306766,47,-2.1440623659195452,WLS,115,0.009238144511131363
0,x_tcsc,1-14,-0.13762137069550964,48,-0.1376757391913022,WLS,115,5.436849579254499e-05
1,B_svc,2,0.2908991573283382,48,0.2913753703762746,WLS,115,0.0004762130479363802
2,UPFC_Vsh,5-15,1.1069575538936338,48,1.105819733629388,WLS,115,0.0011378202642458035
3,UPFC_tsh,5-15,-0.22769734827105106,48,-0.22760568204206996,WLS,115,9.16662289811021e-05
4,UPFC_Vse,5-15,0.06047623296767417,48,0.05914467745826208,WLS,115,0.001331555509412087
5,UPFC_tse,5-15,-2.1606007906285396,48,-2.1440623659195452,WLS,115,0.01653842470899436
0,x_tcsc,1-14,-0.13763666771567715,49,-0.1376757391913022,WLS,115,3.9071475625040986e-05
1,B_svc,2,0.29049616320346533,49,0.2913753703762746,WLS,115,0.0008792071728092599
2,UPFC_Vsh,5-15,1.1073481016665663,49,1.105819733629388,WLS,115,0.0015283680371782626
3,UPFC_tsh,5-15,-0.22761762626110907,49,-0.22760568204206996,WLS,115,1.1944219039106141e-05
4,UPFC_Vse,5-15,0.06041072355514654,49,0.05914467745826208,WLS,115,0.0012660460968844586
5,UPFC_tse,5-15,-2.1608586341592075,49,-2.1440623659195452,WLS,115,0.016796268239662293
0,x_tcsc,1-14,-0.1376374320737736,50,-0.1376757391913022,WLS,115,3.83071175285854e-05
1,B_svc,2,0.29072960276766496,50,0.2913753703762746,WLS,115,0.0006457676086096265
2,UPFC_Vsh,5-15,1.1073365690085355,50,1.105819733629388,WLS,115,0.0015168353791474853
3,UPFC_tsh,5-15,-0.2276325057987776,50,-0.22760568204206996,WLS,115,2.6823756707650137e-05
4,UPFC_Vse,5-15,0.060377855578184376,50,0.05914467745826208,WLS,115,0.0012331781199222958
5,UPFC_tse,5-15,-2.157343479346164,50,-2.1440623659195452,WLS,115,0.013281113426618862
0,x_tcsc,1-14,-0.13765222048460546,51,-0.1376757391913022,WLS,115,2.3518706696729064e-05
1,B_svc,2,0.290853989817144,51,0.2913753703762746,WLS,115,0.0005213805591305909
2,UPFC_Vsh,5-15,1.106909441286464,51,1.105819733629388,WLS,115,0.0010897076570759445
3,UPFC_tsh,5-15,-0.22765383858033264,51,-0.22760568204206996,WLS,115,4.815653826267807e-05
4,UPFC_Vse,5-15,0.06010352460802277,51,0.05914467745826208,WLS,115,0.0009588471497606887
5,UPFC_tse,5-15,-2.156819996097455,51,-2.1440623659195452,WLS,115,0.01275763017790954
0,x_tcsc,1-14,-0.13765948798108177,52,-0.1376757391913022,WLS,115,1.625121022041931e-05
1,B_svc,2,0.29105115304844953,52,0.2913753703762746,WLS,115,0.0003242173278250604
2,UPFC_Vsh,5-15,1.1072387642571178,52,1.105819733629388,WLS,115,0.0014190306277297449
3,UPFC_tsh,5-15,-0.2276321821334804,52,-0.22760568204206996,WLS,115,2.65000914104474e-05
4,UPFC_Vse,5-15,0.06022273835980578,52,0.05914467745826208,WLS,115,0.0010780609015436995
5,UPFC_tse,5-15,-2.1577965088993634,52,-2.1440623659195452,WLS,115,0.01373414297981812
0,x_tcsc,1-14,-0.13765872834259474,53,-0.1376757391913022,WLS,115,1.70108487074494e-05
1,B_svc,2,0.29133650319701015,53,0.2913753703762746,WLS,115,3.8867179264434615e-05
2,UPFC_Vsh,5-15,1.1070885426305996,53,1.105819733629388,WLS,115,0.0012688090012116238
3,UPFC_tsh,5-15,-0.22765989015033505,53,-0.22760568204206996,WLS,115,5.420810826509137e-05
4,UPFC_Vse,5-15,0.06031612175321738,53,0.05914467745826208,WLS,115,0.001171444294955297
5,UPFC_tse,5-15,-2.155313063368775,53,-2.1440623659195452,WLS,115,0.011250697449229907
0,x_tcsc,1-14,-0.137637242427955,54,-0.1376757391913022,WLS,115,3.849676334718999e-05
1,B_svc,2,0.2911168001478868,54,0.2913753703762746,WLS,115,0.00025857022838776667
2,UPFC_Vsh,5-15,1.1069488510417294,54,1.105819733629388,WLS,115,0.0011291174123413406
3,UPFC_tsh,5-15,-0.22774845918987716,54,-0.22760568204206996,WLS,115,0.00014277714780719375
4,UPFC_Vse,5-15,0.0606595293537816,54,0.05914467745826208,WLS,115,0.0015148518955195173
5,UPFC_tse,5-15,-2.157494802288293,54,-2.1440623659195452,WLS,115,0.013432436368747691
0,x_tcsc,1-14,-0.13762249543980043,55,-0.1376757391913022,WLS,115,5.3243751501758085e-05
1,B_svc,2,0.2913188633722227,55,0.2913753703762746,WLS,115,5.6507004051908893e-05
2,UPFC_Vsh,5-15,1.1069676784909037,55,1.105819733629388,WLS,115,0.001147944861515704
3,UPFC_tsh,5-15,-0.22779438633752655,55,-0.22760568204206996,WLS,115,0.00018870429545658762
4,UPFC_Vse,5-15,0.06054079545192312,55,0.05914467745826208,WLS,115,0.0013961179936610377
5,UPFC_tse,5-15,-2.158825515767692,55,-2.1440623659195452,WLS,115,0.01476314984814664
0,x_tcsc,1-14,-0.13763832052959069,56,-0.1376757391913022,WLS,115,3.741866171150243e-05
1,B_svc,2,0.2910038214585123,56,0.2913753703762746,WLS,115,0.0003715489177623099
2,UPFC_Vsh,5-15,1.1072680519786935,56,1.105819733629388,WLS,115,0.0014483183493054774
3,UPFC_tsh,5-15,-0.22764320746988995,56,-0.22760568204206996,WLS,115,3.752542781998436e-05
4,UPFC_Vse,5-15,0.060215977615647676,56,0.05914467745826208,WLS,115,0.0010713001573855949
5,UPFC_tse,5-15,-2.157579828987702,56,-2.1440623659195452,WLS,115,0.013517463068156932
0,x_tcsc,1-14,-0.1376482715489197,57,-0.1376757391913022,WLS,115,2.746764238248378e-05
1,B_svc,2,0.2906352110581778,57,0.2913753703762746,WLS,115,0.0007401593180967891
2,UPFC_Vsh,5-15,1.106848296799063,57,1.105819733629388,WLS,115,0.0010285631696749231
3,UPFC_tsh,5-15,-0.22764996956116593,57,-0.22760568204206996,WLS,115,4.428751909596462e-05
4,UPFC_Vse,5-15,0.060104633061897776,57,0.05914467745826208,WLS,115,0.0009599556036356954
5,UPFC_tse,5-15,-2.1590953002912148,57,-2.1440623659195452,WLS,115,0.015032934371669526
0,x_tcsc,1-14,-0.1376613263634555,58,-0.1376757391913022,WLS,115,1.4412827846699283e-05
1,B_svc,2,0.29070888730559746,58,0.2913753703762746,WLS,115,0.0006664830706771263
2,UPFC_Vsh,5-15,1.107124068531126,58,1.105819733629388,WLS,115,0.0013043349017380912
3,UPFC_tsh,5-15,-0.22768625621393565,58,-0.22760568204206996,WLS,115,8.057417186568827e-05
4,UPFC_Vse,5-15,0.06031901851654824,58,0.05914467745826208,WLS,115,0.001174341058286156
5,UPFC_tse,5-15,-2.1562082984585937,58,-2.1440623659195452,WLS,115,0.012145932539048498
0,x_tcsc,1-14,-0.13764318765069056,59,-0.1376757391913022,WLS,115,3.255154061163057e-05
1,B_svc,2,0.2906046584903434,59,0.2913753703762746,WLS,115,0.0007707118859311968
2,UPFC_Vsh,5-15,1.1069566239905912,59,1.105819733629388,WLS,115,0.0011368903612032355
3,UPFC_tsh,5-15,-0.2276966534030235,59,-0.22760568204206996,WLS,115,9.097136095354008e-05
4,UPFC_Vse,5-15,0.06058315622680397,59,0.05914467745826208,WLS,115,0.0014384787685418898
5,UPFC_tse,5-15,-2.158170021471298,59,-2.1440623659195452,WLS,115,0.014107655551752973
0,x_tcsc,1-14,-0.13764635570357628,60,-0.1376757391913022,WLS,115,2.9383487725909152e-05
1,B_svc,2,0.29144320414899916,60,0.2913753703762746,WLS,115,6.783377272456814e-05
2,UPFC_Vsh,5-15,1.106948423768477,60,1.105819733629388,WLS,115,0.0011286901390890058
3,UPFC_tsh,5-15,-0.22774423844741903,60,-0.22760568204206996,WLS,115,0.00013855640534907177
4,UPFC_Vse,5-15,0.06048948724325994,60,0.05914467745826208,WLS,115,0.0013448097849978607
5,UPFC_tse,5-15,-2.1581751878079873,60,-2.1440623659195452,WLS,115,0.014112821888442095
0,x_tcsc,1-14,-0.1376400473026523,61,-0.1376757391913022,WLS,115,3.5691888649880266e-05
1,B_svc,2,0.29139637536257984,61,0.2913753703762746,WLS,115,2.1004986305250828e-05
2,UPFC_Vsh,5-15,1.106928838556463,61,1.105819733629388,WLS,115,0.0011091049270750553
3,UPFC_tsh,5-15,-0.2277583473517677,61,-0.22760568204206996,WLS,115,0.00015266530969773595
4,UPFC_Vse,5-15,0.06041312673924521,61,0.05914467745826208,WLS,115,0.0012684492809831305
5,UPFC_tse,5-15,-2.157524917844726,61,-2.1440623659195452,WLS,115,0.013462551925180755
0,x_tcsc,1-14,-0.1376412293928405,62,-0.1376757391913022,WLS,115,3.4509798461701546e-05
1,B_svc,2,0.29114470540797005,62,0.2913753703762746,WLS,115,0.0002306649683045392
2,UPFC_Vsh,5-15,1.1068565304090379,62,1.105819733629388,WLS,115,0.0010367967796498512
3,UPFC_tsh,5-15,-0.22771384383913998,62,-0.22760568204206996,WLS,115,0.00010816179707001661
4,UPFC_Vse,5-15,0.059887281799945936,62,0.05914467745826208,WLS,115,0.0007426043416838557
5,UPFC_tse,5-15,-2.15877133541056,62,-2.1440623659195452,WLS,115,0.014708969491014745
0,x_tcsc,1-14,-0.1376308344998414,63,-0.1376757391913022,WLS,115,4.490469146078979e-05
1,B_svc,2,0.291178120231856,63,0.2913753703762746,WLS,115,0.00019725014441857036
2,UPFC_Vsh,5-15,1.1072167346308688,63,1.105819733629388,WLS,115,0.0013970010014807688
3,UPFC_tsh,5-15,-0.22763170619053355,63,-0.22760568204206996,WLS,115,2.6024148463588137e-05
4,UPFC_Vse,5-15,0.05965436266865769,63,0.05914467745826208,WLS,115,0.0005096852103956065
5,UPFC_tse,5-15,-2.159061361845563,63,-2.1440623659195452,WLS,115,0.014998995926017944
0,x_tcsc,1-14,-0.13764602465010065,64,-0.1376757391913022,WLS,115,2.9714541201542044e-05
1,B_svc,2,0.29084628883110397,64,0.2913753703762746,WLS,115,0.0005290815451706177
2,UPFC_Vsh,5-15,1.106739554586475,64,1.105819733629388,WLS,115,0.0009198209570870919
3,UPFC_tsh,5-15,-0.22778615772851152,64,-0.22760568204206996,WLS,115,0.00018047568644155576
4,UPFC_Vse,5-15,0.06039643962381034,64,0.05914467745826208,WLS,115,0.0012517621655482591
5,UPFC_tse,5-15,-2.1546844729447443,64,-2.1440623659195452,WLS,115,0.010622107025199057
0,x_tcsc,1-14,-0.1376490676145258,65,-0.1376757391913022,WLS,115,2.6671576776382544e-05
1,B_svc,2,0.29091044171325287,65,0.2913753703762746,WLS,115,0.0004649286630217242
2,UPFC_Vsh,5-15,1.1071601332773697,65,1.105819733629388,WLS,115,0.001340399647981716
3,UPFC_tsh,5-15,-0.2277097874144366,65,-0.22760568204206996,WLS,115,0.00010410537236663076
4,UPFC_Vse,5-15,0.06027683309398024,65,0.05914467745826208,WLS,115,0.0011321556357181614
5,UPFC_tse,5-15,-2.1567026841558365,65,-2.1440623659195452,WLS,115,0.012640318236291304
0,x_tcsc,1-14,-0.13767893240423057,66,-0.1376757391913022,WLS,115,3.1932129283818167e-06
1,B_svc,2,0.2913513286457396,66,0.2913753703762746,WLS,115,2.404173053499603e-05
2,UPFC_Vsh,5-15,1.1071944288866624,66,1.105819733629388,WLS,115,0.0013746952572744053
3,UPFC_tsh,5-15,-0.22770494262760674,66,-0.22760568204206996,WLS,115,9.926058553677564e-05
4,UPFC_Vse,5-15,0.06024133753182957,66,0.05914467745826208,WLS,115,0.0010966600735674917
5,UPFC_tse,5-15,-2.155786425022227,66,-2.1440623659195452,WLS,115,0.011724059102681927
0,x_tcsc,1-14,-0.1376306003699893,67,-0.1376757391913022,WLS,115,4.513882131287894e-05
1,B_svc,2,0.2908805571918712,67,0.2913753703762746,WLS,115,0.0004948131844033643
2,UPFC_Vsh,5-15,1.1073861559873048,67,1.105819733629388,WLS,115,0.001566422357916819
3,UPFC_tsh,5-15,-0.22759715320882246,67,-0.22760568204206996,WLS,115,8.528833247506418e-06
4,UPFC_Vse,5-15,0.060502059210971605,67,0.05914467745826208,WLS,115,0.0013573817527095244
5,UPFC_tse,5-15,-2.156319870877499,67,-2.1440623659195452,WLS,115,0.012257504957953635
0,x_tcsc,1-14,-0.13764367902591682,68,-0.1376757391913022,WLS,115,3.2060165385372486e-05
1,B_svc,2,0.29128697164410977,68,0.2913753703762746,WLS,115,8.83987321648183e-05
2,UPFC_Vsh,5-15,1.1070726358087293,68,1.105819733629388,WLS,115,0.0012529021793412642
3,UPFC_tsh,5-15,-0.22768039992702752,68,-0.22760568204206996,WLS,115,7.47178849575536e-05
4,UPFC_Vse,5-15,0.06045807202101782,68,0.05914467745826208,WLS,115,0.0013133945627557403
5,UPFC_tse,5-15,-2.1574343803509834,68,-2.1440623659195452,WLS,115,0.013372014431438206
0,x_tcsc,1-14,-0.13765515723949734,69,-0.1376757391913022,WLS,115,2.0581951804848897e-05
1,B_svc,2,0.2911557662923136,69,0.2913753703762746,WLS,115,0.00021960408396098918
2,UPFC_Vsh,5-15,1.1072187011365873,69,1.105819733629388,WLS,115,0.0013989675071992558
3,UPFC_tsh,5-15,-0.22764499301098443,69,-0.22760568204206996,WLS,115,3.9310968914463285e-05
4,UPFC_Vse,5-15,0.05975212751237112,69,0.05914467745826208,WLS,115,0.0006074500541090391
5,UPFC_tse,5-15,-2.1623047633665227,69,-2.1440623659195452,WLS,115,0.01824239744697742
0,x_tcsc,1-14,-0.13764562954968965,70,-0.1376757391913022,WLS,115,3.010964161254126e-05
1,B_svc,2,0.29144863514188785,70,0.2913753703762746,WLS,115,7.326476561325679e-05
2,UPFC_Vsh,5-15,1.1070488297092274,70,1.105819733629388,WLS,115,0.0012290960798393424
3,UPFC_tsh,5-15,-0.22760903266004476,70,-0.22760568204206996,WLS,115,3.3506179747955223e-06
4,UPFC_Vse,5-15,0.06019989484996807,70,0.05914467745826208,WLS,115,0.0010552173917059912
5,UPFC_tse,5-15,-2.1572068950306935,70,-2.1440623659195452,WLS,115,0.013144529111148273
0,x_tcsc,1-14,-0.13766188703131765,71,-0.1376757391913022,WLS,115,1.3852159984534262e-05
1,B_svc,2,0.291094511002845,71,0.2913753703762746,WLS,115,0.0002808593734295872
2,UPFC_Vsh,5-15,1.1069367878227119,71,1.105819733629388,WLS,115,0.0011170541933238631
3,UPFC_tsh,5-15,-0.22771308606898175,71,-0.22760568204206996,WLS,115,0.00010740402691178375
4,UPFC_Vse,5-15,0.05986517323128498,71,0.05914467745826208,WLS,115,0.0007204957730228972
5,UPFC_tse,5-15,-2.1603951408125934,71,-2.1440623659195452,WLS,115,0.016332774893048185
0,x_tcsc,1-14,-0.13765154105012595,72,-0.1376757391913022,WLS,115,2.4198141176240417e-05
1,B_svc,2,0.29086265825996466,72,0.2913753703762746,WLS,115,0.0005127121163099324
2,UPFC_Vsh,5-15,1.1069258813221947,72,1.105819733629388,WLS,115,0.0011061476928067027
3,UPFC_tsh,5-15,-0.22774190164231137,72,-0.22760568204206996,WLS,115,0.00013621960024140511
4,UPFC_Vse,5-15,0.060098730751126116,72,0.05914467745826208,WLS,115,0.000954053292864035
5,UPFC_tse,5-15,-2.1582195855833994,72,-2.1440623659195452,WLS,115,0.014157219663854193
0,x_tcsc,1-14,-0.1376475770295682,73,-0.1376757391913022,WLS,115,2.8162161733985558e-05
1,B_svc,2,0.2907339537139094,73,0.2913753703762746,WLS,115,0.0006414166623651685
2,UPFC_Vsh,5-15,1.1069020615118104,73,1.105819733629388,WLS,115,0.0010823278824223515
3,UPFC_tsh,5-15,-0.22769167902368687,73,-0.22760568204206996,WLS,115,8.599698161690372e-05
4,UPFC_Vse,5-15,0.06035402740163276,73,0.05914467745826208,WLS,115,0.0012093499433706786
5,UPFC_tse,5-15,-2.1572149262174993,73,-2.1440623659195452,WLS,115,0.013152560297954086
0,x_tcsc,1-14,-0.13766321029962467,74,-0.1376757391913022,WLS,115,1.2528891677521248e-05
1,B_svc,2,0.2910091649169774,74,0.2913753703762746,WLS,115,0.0003662054592971642
2,UPFC_Vsh,5-15,1.1070053177152919,74,1.105819733629388,WLS,115,0.0011855840859038569
3,UPFC_tsh,5-15,-0.22763542084946173,74,-0.22760568204206996,WLS,115,2.973880739176593e-05
4,UPFC_Vse,5-15,0.06046708555750837,74,0.05914467745826208,WLS,115,0.0013224080992462889
5,UPFC_tse,5-15,-2.155163314098217,74,-2.1440623659195452,WLS,115,0.01110094817867191
0,x_tcsc,1-14,-0.13765806026632474,75,-0.1376757391913022,WLS,115,1.767892497744894e-05
1,B_svc,2,0.29156739890716377,75,0.2913753703762746,WLS,115,0.0001920285308891767
2,UPFC_Vsh,5-15,1.1067562980052532,75,1.105819733629388,WLS,115,0.0009365643758652009
3,UPFC_tsh,5-15,-0.22766059105894665,75,-0.22760568204206996,WLS,115,5.490901687668637e-05
4,UPFC_Vse,5-15,0.060343886299743334,75,0.05914467745826208,WLS,115,0.001199208841481253
5,UPFC_tse,5-15,-2.1589134614321477,75,-2.1440623659195452,WLS,115,0.014851095512602441
0,x_tcsc,1-14,-0.1376505778775388,76,-0.1376757391913022,WLS,115,2.5161313763399917e-05
1,B_svc,2,0.29103471033894923,76,0.2913753703762746,WLS,115,0.00034066003732535766
2,UPFC_Vsh,5-15,1.106823170982217,76,1.105819733629388,WLS,115,0.0010034373528289287
3,UPFC_tsh,5-15,-0.22770246416016945,76,-0.22760568204206996,WLS,115,9.678211809949211e-05
4,UPFC_Vse,5-15,0.06068353128761381,76,0.05914467745826208,WLS,115,0.001538853829351726
5,UPFC_tse,5-15,-2.158046493546035,76,-2.1440623659195452,WLS,115,0.013984127626489595
0,x_tcsc,1-14,-0.137650267875109,77,-0.1376757391913022,WLS,115,2.547131619318188e-05
1,B_svc,2,0.2909802288076467,77,0.2913753703762746,WLS,115,0.0003951415686279103
2,UPFC_Vsh,5-15,1.1071859851488453,77,1.105819733629388,WLS,115,0.00136625151945724
3,UPFC_tsh,5-15,-0.22768935475258018,77,-0.22760568204206996,WLS,115,8.367271051021308e-05
4,UPFC_Vse,5-15,0.06051763218141219,77,0.05914467745826208,WLS,115,0.0013729547231501119
5,UPFC_tse,5-15,-2.1604348600342034,77,-2.1440623659195452,WLS,115,0.01637249411465813
0,x_tcsc,1-14,-0.1376402374784617,78,-0.1376757391913022,WLS,115,3.550171284047443e-05
1,B_svc,2,0.29084827321130263,78,0.2913753703762746,WLS,115,0.0005270971649719569
2,UPFC_Vsh,5-15,1.1071762430614125,78,1.105819733629388,WLS,115,0.0013565094320244775
3,UPFC_tsh,5-15,-0.22768491327797188,78,-0.22760568204206996,WLS,115,7.923123590192205e-05
4,UPFC_Vse,5-15,0.0604094538438042,78,0.05914467745826208,WLS,115,0.0012647763855421212
5,UPFC_tse,5-15,-2.1586835398505766,78,-2.1440623659195452,WLS,115,0.01462117393103135
0,x_tcsc,1-14,-0.13767199002534106,79,-0.1376757391913022,WLS,115,3.7491659611310624e-06
1,B_svc,2,0.29098479948647504,79,0.2913753703762746,WLS,115,0.00039057088979954635
2,UPFC_Vsh,5-15,1.1073094526151053,79,1.105819733629388,WLS,115,0.0014897189857172588
3,UPFC_tsh,5-15,-0.22764176252973203,79,-0.22760568204206996,WLS,115,3.608048766207128e-05
4,UPFC_Vse,5-15,0.059994760928872265,79,0.05914467745826208,WLS,115,0.0008500834706101842
5,UPFC_tse,5-15,-2.161348947273857,79,-2.1440623659195452,WLS,115,0.017286581354311714
0,x_tcsc,1-14,-0.13766071078366052,80,-0.1376757391913022,WLS,115,1.5028407641670682e-05
1,B_svc,2,0.2909288314769259,80,0.2913753703762746,WLS,115,0.00044653889934870294
2,UPFC_Vsh,5-15,1.1069932607230566,80,1.105819733629388,WLS,115,0.0011735270936685804
3,UPFC_tsh,5-15,-0.2277281822426004,80,-0.22760568204206996,WLS,115,0.00012250020053045096
4,UPFC_Vse,5-15,0.06023944823318314,80,0.05914467745826208,WLS,115,0.0010947707749210597
5,UPFC_tse,5-15,-2.159333331196902,80,-2.1440623659195452,WLS,115,0.01527096527735683
0,x_tcsc,1-14,-0.1376538819598865,81,-0.1376757391913022,WLS,115,2.1857231415678413e-05
1,B_svc,2,0.2906041462869368,81,0.2913753703762746,WLS,115,0.0007712240893377742
2,UPFC_Vsh,5-15,1.1069686798642244,81,1.105819733629388,WLS,115,0.0011489462348364121
3,UPFC_tsh,5-15,-0.2276598996983057,81,-0.22760568204206996,WLS,115,5.421765623572772e-05
4,UPFC_Vse,5-15,0.06078992060280159,81,0.05914467745826208,WLS,115,0.00164524314453951
5,UPFC_tse,5-15,-2.156467134805358,81,-2.1440623659195452,WLS,115,0.012404768885812878
0,x_tcsc,1-14,-0.1376489042443249,82,-0.1376757391913022,WLS,115,2.683494697727773e-05
1,B_svc,2,0.29073943426474824,82,0.2913753703762746,WLS,115,0.0006359361115263473
2,UPFC_Vsh,5-15,1.1073026049634573,82,1.105819733629388,WLS,115,0.0014828713340693245
3,UPFC_tsh,5-15,-0.22760094615769932,82,-0.22760568204206996,WLS,115,4.735884370637988e-06
4,UPFC_Vse,5-15,0.05998968629591341,82,0.05914467745826208,WLS,115,0.0008450088376513315
5,UPFC_tse,5-15,-2.157782895350059,82,-2.1440623659195452,WLS,115,0.013720529430513828
0,x_tcsc,1-14,-0.13764401289412068,83,-0.1376757391913022,WLS,115,3.172629718151132e-05
1,B_svc,2,0.29115625535686873,83,0.2913753703762746,WLS,115,0.00021911501940585776
2,UPFC_Vsh,5-15,1.107144230135887,83,1.105819733629388,WLS,115,0.0013244965064989067
3,UPFC_tsh,5-15,-0.22770041791332535,83,-0.22760568204206996,WLS,115,9.473587125538585e-05
4,UPFC_Vse,5-15,0.06028306671390923,83,0.05914467745826208,WLS,115,0.0011383892556471459
5,UPFC_tse,5-15,-2.1591797267037456,83,-2.1440623659195452,WLS,115,0.01511736078420034
0,x_tcsc,1-14,-0.1376608200735492,84,-0.1376757391913022,WLS,115,1.4919117752976163e-05
1,B_svc,2,0.2912191017060045,84,0.2913753703762746,WLS,115,0.00015626867027007663
2,UPFC_Vsh,5-15,1.1071247332621985,84,1.105819733629388,WLS,115,0.0013049996328104996
3,UPFC_tsh,5-15,-0.22768773481891663,84,-0.22760568204206996,WLS,115,8.205277684666945e-05
4,UPFC_Vse,5-15,0.06035011672939507,84,0.05914467745826208,WLS,115,0.0012054392711329867
5,UPFC_tse,5-15,-2.156731516282957,84,-2.1440623659195452,WLS,115,0.012669150363411763
0,x_tcsc,1-14,-0.1376522082634846,85,-0.1376757391913022,WLS,115,2.353092781759436e-05
1,B_svc,2,0.2905765510604817,85,0.2913753703762746,WLS,115,0.000798819315792898
2,UPFC_Vsh,5-15,1.1072055594456558,85,1.105819733629388,WLS,115,0.0013858258162677828
3,UPFC_tsh,5-15,-0.22768646666025047,85,-0.22760568204206996,WLS,115,8.07846181805072e-05
4,UPFC_Vse,5-15,0.060349011457931166,85,0.05914467745826208,WLS,115,0.0012043339996690855
5,UPFC_tse,5-15,-2.156257697599235,85,-2.1440623659195452,WLS,115,0.01219533167968967
0,x_tcsc,1-14,-0.13765378725073013,86,-0.1376757391913022,WLS,115,2.195194057205696e-05
1,B_svc,2,0.29086127898786657,86,0.2913753703762746,WLS,115,0.0005140913884080223
2,UPFC_Vsh,5-15,1.106951655539867,86,1.105819733629388,WLS,115,0.0011319219104790612
3,UPFC_tsh,5-15,-0.22765870702397506,86,-0.22760568204206996,WLS,115,5.3024981905097635e-05
4,UPFC_Vse,5-15,0.06058305678531432,86,0.05914467745826208,WLS,115,0.001438379327052236
5,UPFC_tse,5-15,-2.1541926918289973,86,-2.1440623659195452,WLS,115,0.010130325909452065
0,x_tcsc,1-14,-0.13764377851513696,87,-0.1376757391913022,WLS,115,3.196067616523246e-05
1,B_svc,2,0.29066276720859113,87,0.2913753703762746,WLS,115,0.0007126031676834566
2,UPFC_Vsh,5-15,1.1070945779662356,87,1.105819733629388,WLS,115,0.001274844336847547
3,UPFC_tsh,5-15,-0.22761776702458827,87,-0.22760568204206996,WLS,115,1.2084982518312248e-05
4,UPFC_Vse,5-15,0.060261840840523564,87,0.05914467745826208,WLS,115,0.0011171633822614838
5,UPFC_tse,5-15,-2.1582033506291403,87,-2.1440623659195452,WLS,115,0.014140984709595017
0,x_tcsc,1-14,-0.13765084067691552,88,-0.1376757391913022,WLS,115,2.489851438666757e-05
1,B_svc,2,0.2907595335577387,88,0.2913753703762746,WLS,115,0.0006158368185358865
2,UPFC_Vsh,5-15,1.1071029105953814,88,1.105819733629388,WLS,115,0.0012831769659933379
3,UPFC_tsh,5-15,-0.22772484614518584,88,-0.22760568204206996,WLS,115,0.00011916410311588188
4,UPFC_Vse,5-15,0.05978205427706545,88,0.05914467745826208,WLS,115,0.0006373768188033674
5,UPFC_tse,5-15,-2.162483669599885,88,-2.1440623659195452,WLS,115,0.018421303680339562
0,x_tcsc,1-14,-0.13764692197779613,89,-0.1376757391913022,WLS,115,2.881721350606048e-05
1,B_svc,2,0.2906298063295259,89,0.2913753703762746,WLS,115,0.0007455640467486924
2,UPFC_Vsh,5-15,1.107121080586914,89,1.105819733629388,WLS,115,0.0013013469575260395
3,UPFC_tsh,5-15,-0.22766599060431858,89,-0.22760568204206996,WLS,115,6.030856224861769e-05
4,UPFC_Vse,5-15,0.06006838919952364,89,0.05914467745826208,WLS,115,0.0009237117412615597
5,UPFC_tse,5-15,-2.160118771291761,89,-2.1440623659195452,WLS,115,0.016056405372215643
0,x_tcsc,1-14,-0.13761588615227544,90,-0.1376757391913022,WLS,115,5.985303902675265e-05
1,B_svc,2,0.2911948613352297,90,0.2913753703762746,WLS,115,0.00018050904104488508
2,UPFC_Vsh,5-15,1.1071045850091636,90,1.105819733629388,WLS,115,0.0012848513797756311
3,UPFC_tsh,5-15,-0.22770418660455244,90,-0.22760568204206996,WLS,115,9.850456248247652e-05
4,UPFC_Vse,5-15,0.0600435967524454,90,0.05914467745826208,WLS,115,0.0008989192941833216
5,UPFC_tse,5-15,-2.1602499500763237,90,-2.1440623659195452,WLS,115,0.016187584156778456
0,x_tcsc,1-14,-0.13765270133104912,91,-0.1376757391913022,WLS,115,2.3037860253066755e-05
1,B_svc,2,0.29042607953235244,91,0.2913753703762746,WLS,115,0.0009492908439221459
2,UPFC_Vsh,5-15,1.1072035723621856,91,1.105819733629388,WLS,115,0.001383838732797571
3,UPFC_tsh,5-15,-0.2276228295051722,91,-0.22760568204206996,WLS,115,1.714746310224613e-05
4,UPFC_Vse,5-15,0.060508569864442294,91,0.05914467745826208,WLS,115,0.001363892406180213
5,UPFC_tse,5-15,-2.1562918809943548,91,-2.1440623659195452,WLS,115,0.012229515074809516
0,x_tcsc,1-14,-0.137646506903347,92,-0.1376757391913022,WLS,115,2.9232287955177627e-05
1,B_svc,2,0.2909541439517671,92,0.2913753703762746,WLS,115,0.0004212264245074815
2,UPFC_Vsh,5-15,1.1070975542550912,92,1.105819733629388,WLS,115,0.001277820625703141
3,UPFC_tsh,5-15,-0.22765270100624893,92,-0.22760568204206996,WLS,115,4.701896417896867e-05
4,UPFC_Vse,5-15,0.06044379971424912,92,0.05914467745826208,WLS,115,0.001299122255987037
5,UPFC_tse,5-15,-2.156422258514976,92,-2.1440623659195452,WLS,115,0.01235989259543091
0,x_tcsc,1-14,-0.13766857495297619,93,-0.1376757391913022,WLS,115,7.1642383260017706e-06
1,B_svc,2,0.290354098400295,93,0.2913753703762746,WLS,115,0.0010212719759795652
2,UPFC_Vsh,5-15,1.106856529087601,93,1.105819733629388,WLS,115,0.0010367954582128913
3,UPFC_tsh,5-15,-0.22767556752629767,93,-0.22760568204206996,WLS,115,6.988548422770524e-05
4,UPFC_Vse,5-15,0.06065349861746975,93,0.05914467745826208,WLS,115,0.0015088211592076683
5,UPFC_tse,5-15,-2.156817920048121,93,-2.1440623659195452,WLS,115,0.012755554128575763
0,x_tcsc,1-14,-0.13765028652868055,94,-0.1376757391913022,WLS,115,2.545266262163337e-05
1,B_svc,2,0.2906652894819078,94,0.2913753703762746,WLS,115,0.0007100808943668047
2,UPFC_Vsh,5-15,1.1072921464805918,94,1.105819733629388,WLS,115,0.0014724128512038082
3,UPFC_tsh,5-15,-0.22768835031373585,94,-0.22760568204206996,WLS,115,8.266827166589219e-05
4,UPFC_Vse,5-15,0.059963389014946,94,0.05914467745826208,WLS,115,0.0008187115566839209
5,UPFC_tse,5-15,-2.1568235205261455,94,-2.1440623659195452,WLS,115,0.012761154606600211
0,x_tcsc,1-14,-0.13764312213170704,95,-0.1376757391913022,WLS,115,3.2617059595146936e-05
1,B_svc,2,0.2913109100486704,95,0.2913753703762746,WLS,115,6.446032760420994e-05
2,UPFC_Vsh,5-15,1.1069803313510056,95,1.105819733629388,WLS,115,0.0011605977216175845
3,UPFC_tsh,5-15,-0.22769607698850905,95,-0.22760568204206996,WLS,115,9.039494643908741e-05
4,UPFC_Vse,5-15,0.06027167982962297,95,0.05914467745826208,WLS,115,0.0011270023713608884
5,UPFC_tse,5-15,-2.1561186238173042,95,-2.1440623659195452,WLS,115,0.012056257897758993
0,x_tcsc,1-14,-0.13764861886159765,96,-0.1376757391913022,WLS,115,2.712032970453304e-05
1,B_svc,2,0.2916030651549551,96,0.2913753703762746,WLS,115,0.00022769477868050947
2,UPFC_Vsh,5-15,1.10698993750502,96,1.105819733629388,WLS,115,0.0011702038756320476
3,UPFC_tsh,5-15,-0.2277077267435959,96,-0.22760568204206996,WLS,115,0.00010204470152594403
4,UPFC_Vse,5-15,0.0602159782202466,96,0.05914467745826208,WLS,115,0.0010713007619845213
5,UPFC_tse,5-15,-2.1589729722595847,96,-2.1440623659195452,WLS,115,0.01491060634003949
0,x_tcsc,1-14,-0.13763397157166662,97,-0.1376757391913022,WLS,115,4.176761963556319e-05
1,B_svc,2,0.291112645944528,97,0.2913753703762746,WLS,115,0.0002627244317465749
2,UPFC_Vsh,5-15,1.1069899807078274,97,1.105819733629388,WLS,115,0.0011702470784393793
3,UPFC_tsh,5-15,-0.22763239241591796,97,-0.22760568204206996,WLS,115,2.6710373847993463e-05
4,UPFC_Vse,5-15,0.059887281791526206,97,0.05914467745826208,WLS,115,0.0007426043332641255
5,UPFC_tse,5-15,-2.158367396761843,97,-2.1440623659195452,WLS,115,0.014305030842297839
0,x_tcsc,1-14,-0.13763338669970676,98,-0.1376757391913022,WLS,115,4.2352491595426534e-05
1,B_svc,2,0.2910510369985977,98,0.2913753703762746,WLS,115,0.00032433337767689974
2,UPFC_Vsh,5-15,1.1074638017120633,98,1.105819733629388,WLS,115,0.001644068082675254
3,UPFC_tsh,5-15,-0.22770039367194156,98,-0.22760568204206996,WLS,115,9.471162987159665e-05
4,UPFC_Vse,5-15,0.06010040790058851,98,0.05914467745826208,WLS,115,0.0009557304423264273
5,UPFC_tse,5-15,-2.1604939608447866,98,-2.1440623659195452,WLS,115,0.016431594925241377
0,x_tcsc,1-14,-0.1376585010203053,99,-0.1376757391913022,WLS,115,1.723817099688607e-05
1,B_svc,2,0.2909518162900592,99,0.2913753703762746,WLS,115,0.00042355408621541635
2,UPFC_Vsh,5-15,1.1072531466990232,99,1.105819733629388,WLS,115,0.001433413069635181
3,UPFC_tsh,5-15,-0.22769212155629578,99,-0.22760568204206996,WLS,115,8.64395142258223e-05
4,UPFC_Vse,5-15,0.0603642970142329,99,0.05914467745826208,WLS,115,0.0012196195559708162
5,UPFC_tse,5-15,-2.1584552694304113,99,-2.1440623659195452,WLS,115,0.014392903510866084
0,x_tcsc,1-14,-0.13681217810118504,0,-0.1368052845748615,WLS,117,6.893526323548116e-06
1,B_svc,2,0.28673128940148623,0,0.2870556937323049,WLS,117,0.0003244043308186506
2,UPFC_Vsh,5-15,1.106895172074023,0,1.1069375195749371,WLS,117,4.2347500914141634e-05
3,UPFC_tsh,5-15,-0.22882869896589766,0,-0.22869827424353983,WLS,117,0.00013042472235783031
4,UPFC_Vse,5-15,0.05967800271421696,0,0.05842137802186497,WLS,117,0.001256624692351986
5,UPFC_tse,5-15,-2.1636154184914704,0,-2.1349751449363463,WLS,117,0.028640273555124107
0,x_tcsc,1-14,-0.13679032110873288,1,-0.1368052845748615,WLS,117,1.4963466128614655e-05
1,B_svc,2,0.28666837394093014,1,0.2870556937323049,WLS,117,0.0003873197913747406
2,UPFC_Vsh,5-15,1.107308959264861,1,1.1069375195749371,WLS,117,0.00037143968992392473
3,UPFC_tsh,5-15,-0.22870933789118392,1,-0.22869827424353983,WLS,117,1.1063647644082852e-05
4,UPFC_Vse,5-15,0.060252656847513276,1,0.05842137802186497,WLS,117,0.0018312788256483054
5,UPFC_tse,5-15,-2.1583061403803194,1,-2.1349751449363463,WLS,117,0.0233309954439731
0,x_tcsc,1-14,-0.1368158871685327,2,-0.1368052845748615,WLS,117,1.0602593671221738e-05
1,B_svc,2,0.28640962909099965,2,0.2870556937323049,WLS,117,0.0006460646413052329
2,UPFC_Vsh,5-15,1.106841079370635,2,1.1069375195749371,WLS,117,9.644020430221723e-05
3,UPFC_tsh,5-15,-0.22883035103677155,2,-0.22869827424353983,WLS,117,0.0001320767932317113
4,UPFC_Vse,5-15,0.06058055852002559,2,0.05842137802186497,WLS,117,0.0021591804981606205
5,UPFC_tse,5-15,-2.1551626117173877,2,-2.1349751449363463,WLS,117,0.02018746678104133
0,x_tcsc,1-14,-0.13680163860948913,3,-0.1368052845748615,WLS,117,3.645965372361948e-06
1,B_svc,2,0.2870128317351745,3,0.2870556937323049,WLS,117,4.286199713038341e-05
2,UPFC_Vsh,5-15,1.1069390193890076,3,1.1069375195749371,WLS,117,1.4998140704935992e-06
3,UPFC_tsh,5-15,-0.2288389753214405,3,-0.22869827424353983,WLS,117,0.00014070107790067898
4,UPFC_Vse,5-15,0.06014444500574103,3,0.05842137802186497,WLS,117,0.0017230669838760593
5,UPFC_tse,5-15,-2.158402430261329,3,-2.1349751449363463,WLS,117,0.023427285324982616
0,x_tcsc,1-14,-0.1367928956205183,4,-0.1368052845748615,WLS,117,1.2388954343189873e-05
1,B_svc,2,0.28731976434751166,4,0.2870556937323049,WLS,117,0.00026407061520677955
2,UPFC_Vsh,5-15,1.1068590944223522,4,1.1069375195749371,WLS,117,7.842515258493776e-05
3,UPFC_tsh,5-15,-0.22877496117754342,4,-0.22869827424353983,WLS,117,7.668693400358917e-05
4,UPFC_Vse,5-15,0.059873504194666985,4,0.05842137802186497,WLS,117,0.0014521261728020138
5,UPFC_tse,5-15,-2.160086572264561,4,-2.1349751449363463,WLS,117,0.025111427328214475
0,x_tcsc,1-14,-0.136789300658215,5,-0.1368052845748615,WLS,117,1.5983916646478136e-05
1,B_svc,2,0.28645037638807297,5,0.2870556937323049,WLS,117,0.0006053173442319149
2,UPFC_Vsh,5-15,1.1071884128352993,5,1.1069375195749371,WLS,117,0.00025089326036220605
3,UPFC_tsh,5-15,-0.22880084781979287,5,-0.22869827424353983,WLS,117,0.00010257357625303998
4,UPFC_Vse,5-15,0.06015858806418051,5,0.05842137802186497,WLS,117,0.001737210042315536
5,UPFC_tse,5-15,-2.1588079855276874,5,-2.1349751449363463,WLS,117,0.023832840591341053
0,x_tcsc,1-14,-0.13679643333360914,6,-0.1368052845748615,WLS,117,8.85124125235559e-06
1,B_svc,2,0.286646599033289,6,0.2870556937323049,WLS,117,0.00040909469901589945
2,UPFC_Vsh,5-15,1.1069711700856315,6,1.1069375195749371,WLS,117,3.365051069437186e-05
3,UPFC_tsh,5-15,-0.22878191971765532,6,-0.22869827424353983,WLS,117,8.364547411549017e-05
4,UPFC_Vse,5-15,0.05985297937261219,6,0.05842137802186497,WLS,117,0.0014316013507472206
5,UPFC_tse,5-15,-2.158756231822515,6,-2.1349751449363463,WLS,117,0.023781086886168534
0,x_tcsc,1-14,-0.13678061788829274,7,-0.1368052845748615,WLS,117,2.4666686568752816e-05
1,B_svc,2,0.2865703684784037,7,0.2870556937323049,WLS,117,0.00048532525390115877
2,UPFC_Vsh,5-15,1.1071220192472013,7,1.1069375195749371,WLS,117,0.0001844996722641934
3,UPFC_tsh,5-15,-0.2287848445867664,7,-0.22869827424353983,WLS,117,8.657034322656632e-05
4,UPFC_Vse,5-15,0.06002639988761304,7,0.05842137802186497,WLS,117,0.0016050218657480686
5,UPFC_tse,5-15,-2.1587370491196842,7,-2.1349751449363463,WLS,117,0.0237619041833379
0,x_tcsc,1-14,-0.13679163880196335,8,-0.1368052845748615,WLS,117,1.3645772898140951e-05
1,B_svc,2,0.2866170549938511,8,0.2870556937323049,WLS,117,0.0004386387384537893
2,UPFC_Vsh,5-15,1.1069834190762446,8,1.1069375195749371,WLS,117,4.5899501307511414e-05
3,UPFC_tsh,5-15,-0.22883236128553452,8,-0.22869827424353983,WLS,117,0.00013408704199469046
4,UPFC_Vse,5-15,0.05999111612724807,8,0.05842137802186497,WLS,117,0.0015697381053830992
5,UPFC_tse,5-15,-2.1579458306642882,8,-2.1349751449363463,WLS,117,0.02297068572794192
0,x_tcsc,1-14,-0.136794132478239,9,-0.1368052845748615,WLS,117,1.115209662250205e-05
1,B_svc,2,0.2867585621618583,9,0.2870556937323049,WLS,117,0.0002971315704465849
2,UPFC_Vsh,5-15,1.1065670520173503,9,1.1069375195749371,WLS,117,0.000370467557586851
3,UPFC_tsh,5-15,-0.22884072808537972,9,-0.22869827424353983,WLS,117,0.00014245384183989018
4,UPFC_Vse,5-15,0.06029836164601876,9,0.05842137802186497,WLS,117,0.0018769836241537899
5,UPFC_tse,5-15,-2.156961346097704,9,-2.1349751449363463,WLS,117,0.021986201161357855
0,x_tcsc,1-14,-0.13680262872304214,10,-0.1368052845748615,WLS,117,2.655851819355348e-06
1,B_svc,2,0.2865369895773211,10,0.2870556937323049,WLS,117,0.0005187041549837845
2,UPFC_Vsh,5-15,1.1073495630911703,10,1.1069375195749371,WLS,117,0.0004120435162331404
3,UPFC_tsh,5-15,-0.22884314957216614,10,-0.22869827424353983,WLS,117,0.00014487532862630936
4,UPFC_Vse,5-15,0.060553613863832886,10,0.05842137802186497,WLS,117,0.002132235841967915
5,UPFC_tse,5-15,-2.1564393916886613,10,-2.1349751449363463,WLS,117,0.021464246752314953
0,x_tcsc,1-14,-0.13679838496621002,11,-0.1368052845748615,WLS,117,6.899608651467215e-06
1,B_svc,2,0.2867079728666284,11,0.2870556937323049,WLS,117,0.00034772086567647076
2,UPFC_Vsh,5-15,1.107150592962429,11,1.1069375195749371,WLS,117,0.00021307338749187998
3,UPFC_tsh,5-15,-0.2288045964024983,11,-0.22869827424353983,WLS,117,0.0001063221589584773
4,UPFC_Vse,5-15,0.060088722379750624,11,0.05842137802186497,WLS,117,0.0016673443578856528
5,UPFC_tse,5-15,-2.154398433967621,11,-2.1349751449363463,WLS,117,0.01942328903127466
0,x_tcsc,1-14,-0.13679488011342497,12,-0.1368052845748615,WLS,117,1.0404461436519519e-05
1,B_svc,2,0.2861428141328725,12,0.2870556937323049,WLS,117,0.0009128795994323702
2,UPFC_Vsh,5-15,1.1068486804400939,12,1.1069375195749371,WLS,117,8.88391348432549e-05
3,UPFC_tsh,5-15,-0.22885595921712235,12,-0.22869827424353983,WLS,117,0.00015768497358251143
4,UPFC_Vse,5-15,0.060719616077112744,12,0.05842137802186497,WLS,117,0.0022982380552477727
5,UPFC_tse,5-15,-2.1522954993898815,12,-2.1349751449363463,WLS,117,0.01732035445353519
0,x_tcsc,1-14,-0.13681137531113632,13,-0.1368052845748615,WLS,117,6.090736274833031e-06
1,B_svc,2,0.28662153100265064,13,0.2870556937323049,WLS,117,0.00043416272965424163
2,UPFC_Vsh,5-15,1.1066773774052256,13,1.1069375195749371,WLS,117,0.00026014216971148585
3,UPFC_tsh,5-15,-0.22881770222555783,13,-0.22869827424353983,WLS,117,0.00011942798201799998
4,UPFC_Vse,5-15,0.05981502261534501,13,0.05842137802186497,WLS,117,0.0013936445934800423
5,UPFC_tse,5-15,-2.1591793046935694,13,-2.1349751449363463,WLS,117,0.02420415975722312
0,x_tcsc,1-14,-0.1368101623898046,14,-0.1368052845748615,WLS,117,4.877814943099468e-06
1,B_svc,2,0.28694053635401756,14,0.2870556937323049,WLS,117,0.00011515737828732275
2,UPFC_Vsh,5-15,1.107061544050923,14,1.1069375195749371,WLS,117,0.0001240244759859177
3,UPFC_tsh,5-15,-0.22877917096167344,14,-0.22869827424353983,WLS,117,8.08967181336051e-05
4,UPFC_Vse,5-15,0.06015666843940275,14,0.05842137802186497,WLS,117,0.0017352904175377756
5,UPFC_tse,5-15,-2.1588815900218554,14,-2.1349751449363463,WLS,117,0.023906445085509098
0,x_tcsc,1-14,-0.13678454996428277,15,-0.1368052845748615,WLS,117,2.0734610578720947e-05
1,B_svc,2,0.2863851330612233,15,0.2870556937323049,WLS,117,0.0006705606710815659
2,UPFC_Vsh,5-15,1.1071551711630097,15,1.1069375195749371,WLS,117,0.0002176515880725205
3,UPFC_tsh,5-15,-0.22878746234115413,15,-0.22869827424353983,WLS,117,8.918809761429558e-05
4,UPFC_Vse,5-15,0.05974785463818387,15,0.05842137802186497,WLS,117,0.0013264766163188987
5,UPFC_tse,5-15,-2.156907380786156,15,-2.1349751449363463,WLS,117,0.021932235849809523
0,x_tcsc,1-14,-0.13680279595924244,16,-0.1368052845748615,WLS,117,2.4886156190506714e-06
1,B_svc,2,0.28709319600526845,16,0.2870556937323049,WLS,117,3.750227296356323e-05
2,UPFC_Vsh,5-15,1.1064773827387413,16,1.1069375195749371,WLS,117,0.0004601368361958347
3,UPFC_tsh,5-15,-0.22889530320010265,16,-0.22869827424353983,WLS,117,0.00019702895656281694
4,UPFC_Vse,5-15,0.06071705170690314,16,0.05842137802186497,WLS,117,0.00229567368503817
5,UPFC_tse,5-15,-2.157892616621598,16,-2.1349751449363463,WLS,117,0.022917471685251822
0,x_tcsc,1-14,-0.13678951465913852,17,-0.1368052845748615,WLS,117,1.5769915722968486e-05
1,B_svc,2,0.28672667635436505,17,0.2870556937323049,WLS,117,0.0003290173779398331
2,UPFC_Vsh,5-15,1.1068976574345097,17,1.1069375195749371,WLS,117,3.9862140427393555e-05
3,UPFC_tsh,5-15,-0.22880773474105487,17,-0.22869827424353983,WLS,117,0.00010946049751503484
4,UPFC_Vse,5-15,0.060003262399353115,17,0.05842137802186497,WLS,117,0.0015818843774881436
5,UPFC_tse,5-15,-2.154480967186627,17,-2.1349751449363463,WLS,117,0.019505822250280858
0,x_tcsc,1-14,-0.13679708099282747,18,-0.1368052845748615,WLS,117,8.203582034016499e-06
1,B_svc,2,0.2867007624858256,18,0.2870556937323049,WLS,117,0.0003549312464792842
2,UPFC_Vsh,5-15,1.1071047727524097,18,1.1069375195749371,WLS,117,0.0001672531774725705
3,UPFC_tsh,5-15,-0.22879922374051062,18,-0.22869827424353983,WLS,117,0.00010094949697078692
4,UPFC_Vse,5-15,0.05991776500787817,18,0.05842137802186497,WLS,117,0.001496386986013197
5,UPFC_tse,5-15,-2.1576043111069874,18,-2.1349751449363463,WLS,117,0.022629166170641035
0,x_tcsc,1-14,-0.1368275312144506,19,-0.1368052845748615,WLS,117,2.2246639589107442e-05
1,B_svc,2,0.2865063615429149,19,0.2870556937323049,WLS,117,0.0005493321893899616
2,UPFC_Vsh,5-15,1.106838602055426,19,1.1069375195749371,WLS,117,9.891751951118799e-05
3,UPFC_tsh,5-15,-0.2288259106169414,19,-0.22869827424353983,WLS,117,0.00012763637340157397
4,UPFC_Vse,5-15,0.060511909359412114,19,0.05842137802186497,WLS,117,0.0020905313375471427
5,UPFC_tse,5-15,-2.156629021031513,19,-2.1349751449363463,WLS,117,0.02165387609516678
0,x_tcsc,1-14,-0.13679295589506196,20,-0.1368052845748615,WLS,117,1.232867979952812e-05
1,B_svc,2,0.28669069013222576,20,0.2870556937323049,WLS,117,0.0003650036000791279
2,UPFC_Vsh,5-15,1.107046008082545,20,1.1069375195749371,WLS,117,0.00010848850760791784
3,UPFC_tsh,5-15,-0.22885227583696408,20,-0.22869827424353983,WLS,117,0.00015400159342424113
4,UPFC_Vse,5-15,0.05998830583601749,20,0.05842137802186497,WLS,117,0.001566927814152519
5,UPFC_tse,5-15,-2.161631040188991,20,-2.1349751449363463,WLS,117,0.02665589525264478
0,x_tcsc,1-14,-0.13680854501172526,21,-0.1368052845748615,WLS,117,3.260436863772309e-06
1,B_svc,2,0.2865735134575054,21,0.2870556937323049,WLS,117,0.0004821802747994597
2,UPFC_Vsh,5-15,1.1073733067081475,21,1.1069375195749371,WLS,117,0.00043578713321035245
3,UPFC_tsh,5-15,-0.2287915071375866,21,-0.22869827424353983,WLS,117,9.32328940467797e-05
4,UPFC_Vse,5-15,0.059761924853901215,21,0.05842137802186497,WLS,117,0.0013405468320362435
5,UPFC_tse,5-15,-2.158471697476306,21,-2.1349751449363463,WLS,117,0.023496552539959747
0,x_tcsc,1-14,-0.1367828241346335,22,-0.1368052845748615,WLS,117,2.246044022799487e-05
1,B_svc,2,0.28658231936702366,22,0.2870556937323049,WLS,117,0.00047337436528122057
2,UPFC_Vsh,5-15,1.1071094889519575,22,1.1069375195749371,WLS,117,0.00017196937702035342
3,UPFC_tsh,5-15,-0.2288361361473693,22,-0.22869827424353983,WLS,117,0.0001378619038294726
4,UPFC_Vse,5-15,0.05987928747542105,22,0.05842137802186497,WLS,117,0.0014579094535560819
5,UPFC_tse,5-15,-2.1580894329464453,22,-2.1349751449363463,WLS,117,0.02311428801009896
0,x_tcsc,1-14,-0.13678961344116503,23,-0.1368052845748615,WLS,117,1.5671133696465445e-05
1,B_svc,2,0.2865334381468861,23,0.2870556937323049,WLS,117,0.000522255585418796
2,UPFC_Vsh,5-15,1.1072307552966758,23,1.1069375195749371,WLS,117,0.00029323572173867163
3,UPFC_tsh,5-15,-0.22881356530203062,23,-0.22869827424353983,WLS,117,0.00011529105849078514
4,UPFC_Vse,5-15,0.06013526780650218,23,0.05842137802186497,WLS,117,0.0017138897846372056
5,UPFC_tse,5-15,-2.159899852276043,23,-2.1349751449363463,WLS,117,0.02492470733969654
0,x_tcsc,1-14,-0.13680251541900942,24,-0.1368052845748615,WLS,117,2.769155852067051e-06
1,B_svc,2,0.2865845136705634,24,0.2870556937323049,WLS,117,0.00047118006174146077
2,UPFC_Vsh,5-15,1.1071152025809046,24,1.1069375195749371,WLS,117,0.0001776830059674328
3,UPFC_tsh,5-15,-0.22876626163159022,24,-0.22869827424353983,WLS,117,6.798738805038895e-05
4,UPFC_Vse,5-15,0.059871097599180925,24,0.05842137802186497,WLS,117,0.001449719577315954
5,UPFC_tse,5-15,-2.1593203161565935,24,-2.1349751449363463,WLS,117,0.024345171220247153
0,x_tcsc,1-14,-0.13680815138108557,25,-0.1368052845748615,WLS,117,2.866806224077756e-06
1,B_svc,2,0.28675258857925895,25,0.2870556937323049,WLS,117,0.000303105153045935
2,UPFC_Vsh,5-15,1.1068734636541835,25,1.1069375195749371,WLS,117,6.40559207536473e-05
3,UPFC_tsh,5-15,-0.2288658533705228,25,-0.22869827424353983,WLS,117,0.00016757912698295296
4,UPFC_Vse,5-15,0.06019431712514457,25,0.05842137802186497,WLS,117,0.0017729391032796013
5,UPFC_tse,5-15,-2.161249221990305,25,-2.1349751449363463,WLS,117,0.026274077053958678
0,x_tcsc,1-14,-0.13679075523146414,26,-0.1368052845748615,WLS,117,1.4529343397351457e-05
1,B_svc,2,0.28687341588059156,26,0.2870556937323049,WLS,117,0.00018227785171331945
2,UPFC_Vsh,5-15,1.107095847521588,26,1.1069375195749371,WLS,117,0.00015832794665082695
3,UPFC_tsh,5-15,-0.22880887893742125,26,-0.22869827424353983,WLS,117,0.00011060469388141092
4,UPFC_Vse,5-15,0.06021985595089359,26,0.05842137802186497,WLS,117,0.0017984779290286176
5,UPFC_tse,5-15,-2.161601036320829,26,-2.1349751449363463,WLS,117,0.02662589138448279
0,x_tcsc,1-14,-0.13680473942496882,27,-0.1368052845748615,WLS,117,5.45149892672292e-07
1,B_svc,2,0.2868232569591678,27,0.2870556937323049,WLS,117,0.0002324367731370569
2,UPFC_Vsh,5-15,1.1066905188013554,27,1.1069375195749371,WLS,117,0.00024700077358175143
3,UPFC_tsh,5-15,-0.2288778243648856,27,-0.22869827424353983,WLS,117,0.0001795501213457673
4,UPFC_Vse,5-15,0.06010594483108137,27,0.05842137802186497,WLS,117,0.0016845668092164007
5,UPFC_tse,5-15,-2.1586966828791834,27,-2.1349751449363463,WLS,117,0.023721537942837045
0,x_tcsc,1-14,-0.13680593227786114,28,-0.1368052845748615,WLS,117,6.477029996510009e-07
1,B_svc,2,0.2863367830131853,28,0.2870556937323049,WLS,117,0.0007189107191195587
2,UPFC_Vsh,5-15,1.1073301290554654,28,1.1069375195749371,WLS,117,0.00039260948052821654
3,UPFC_tsh,5-15,-0.22879645420330638,28,-0.22869827424353983,WLS,117,9.817995976654781e-05
4,UPFC_Vse,5-15,0.05989100528884036,28,0.05842137802186497,WLS,117,0.0014696272669753874
5,UPFC_tse,5-15,-2.160145677612218,28,-2.1349751449363463,WLS,117,0.02517053267587155
0,x_tcsc,1-14,-0.13680217845638126,29,-0.1368052845748615,WLS,117,3.106118480228348e-06
1,B_svc,2,0.2865890094346118,29,0.2870556937323049,WLS,117,0.0004666842976930874
2,UPFC_Vsh,5-15,1.1067260147347835,29,1.1069375195749371,WLS,117,0.00021150484015364235
3,UPFC_tsh,5-15,-0.2288511392660675,29,-0.22869827424353983,WLS,117,0.0001528650225276762
4,UPFC_Vse,5-15,0.06021139869573498,29,0.05842137802186497,WLS,117,0.0017900206738700117
5,UPFC_tse,5-15,-2.156728023026091,29,-2.1349751449363463,WLS,117,0.021752878089744687
0,x_tcsc,1-14,-0.1367794872150608,30,-0.1368052845748615,WLS,117,2.5797359800683317e-05
1,B_svc,2,0.2862052523734949,30,0.2870556937323049,WLS,117,0.0008504413588099613
2,UPFC_Vsh,5-15,1.1066739853838903,30,1.1069375195749371,WLS,117,0.0002635341910468547
3,UPFC_tsh,5-15,-0.22882959125785077,30,-0.22869827424353983,WLS,117,0.00013131701431093323
4,UPFC_Vse,5-15,0.05996607154717425,30,0.05842137802186497,WLS,117,0.001544693525309282
5,UPFC_tse,5-15,-2.1584759309853525,30,-2.1349751449363463,WLS,117,0.023500786049006184
0,x_tcsc,1-14,-0.13679627160349994,31,-0.1368052845748615,WLS,117,9.012971361549438e-06
1,B_svc,2,0.2865717815017338,31,0.2870556937323049,WLS,117,0.000483912230571093
2,UPFC_Vsh,5-15,1.1072683766191576,31,1.1069375195749371,WLS,117,0.00033085704422042284
3,UPFC_tsh,5-15,-0.22875817801055998,31,-0.22869827424353983,WLS,117,5.9903767020141885e-05
4,UPFC_Vse,5-15,0.05996824314932686,31,0.05842137802186497,WLS,117,0.0015468651274618897
5,UPFC_tse,5-15,-2.1602429411405146,31,-2.1349751449363463,WLS,117,0.025267796204168302
0,x_tcsc,1-14,-0.13680701780994872,32,-0.1368052845748615,WLS,117,1.7332350872312219e-06
1,B_svc,2,0.2866600989780156,32,0.2870556937323049,WLS,117,0.0003955947542892968
2,UPFC_Vsh,5-15,1.10706412803085,32,1.1069375195749371,WLS,117,0.00012660845591283554
3,UPFC_tsh,5-15,-0.2288253831882696,32,-0.22869827424353983,WLS,117,0.00012710894472975354
4,UPFC_Vse,5-15,0.05972683279113232,32,0.05842137802186497,WLS,117,0.0013054547692673488
5,UPFC_tse,5-15,-2.16066755489033,32,-2.1349751449363463,WLS,117,0.025692409953983475
0,x_tcsc,1-14,-0.1367883314862678,33,-0.1368052845748615,WLS,117,1.6953088593701926e-05
1,B_svc,2,0.2868963903653956,33,0.2870556937323049,WLS,117,0.00015930336690928026
2,UPFC_Vsh,5-15,1.1070891536978806,33,1.1069375195749371,WLS,117,0.00015163412294350032
3,UPFC_tsh,5-15,-0.22882465167599156,33,-0.22869827424353983,WLS,117,0.00012637743245172417
4,UPFC_Vse,5-15,0.06005494461265775,33,0.05842137802186497,WLS,117,0.0016335665907927788
5,UPFC_tse,5-15,-2.158677290125221,33,-2.1349751449363463,WLS,117,0.023702145188874812
0,x_tcsc,1-14,-0.136797336872373,34,-0.1368052845748615,WLS,117,7.947702488492192e-06
1,B_svc,2,0.2861775090769022,34,0.2870556937323049,WLS,117,0.0008781846554026806
2,UPFC_Vsh,5-15,1.107044467237842,34,1.1069375195749371,WLS,117,0.00010694766290475499
3,UPFC_tsh,5-15,-0.2288356612438769,34,-0.22869827424353983,WLS,117,0.00013738700033705253
4,UPFC_Vse,5-15,0.06013353295056861,34,0.05842137802186497,WLS,117,0.0017121549287036422
5,UPFC_tse,5-15,-2.1583754528199637,34,-2.1349751449363463,WLS,117,0.023400307883617355
0,x_tcsc,1-14,-0.13678878310501086,35,-0.1368052845748615,WLS,117,1.6501469850632722e-05
1,B_svc,2,0.28687236457017884,35,0.2870556937323049,WLS,117,0.00018332916212604466
2,UPFC_Vsh,5-15,1.1071783072936237,35,1.1069375195749371,WLS,117,0.00024078771868651927
3,UPFC_tsh,5-15,-0.22877691032289255,35,-0.22869827424353983,WLS,117,7.863607935271189e-05
4,UPFC_Vse,5-15,0.05999356687558356,35,0.05842137802186497,WLS,117,0.001572188853718591
5,UPFC_tse,5-15,-2.159582505736288,35,-2.1349751449363463,WLS,117,0.024607360799941524
0,x_tcsc,1-14,-0.13678412654004454,36,-0.1368052845748615,WLS,117,2.1158034816948224e-05
1,B_svc,2,0.286482152398149,36,0.2870556937323049,WLS,117,0.0005735413341558804
2,UPFC_Vsh,5-15,1.1071335513238183,36,1.1069375195749371,WLS,117,0.0001960317488811647
3,UPFC_tsh,5-15,-0.2287809825477909,36,-0.22869827424353983,WLS,117,8.270830425105569e-05
4,UPFC_Vse,5-15,0.060150904268555565,36,0.05842137802186497,WLS,117,0.0017295262466905936
5,UPFC_tse,5-15,-2.160849863128444,36,-2.1349751449363463,WLS,117,0.025874718192097745
0,x_tcsc,1-14,-0.13679870301670896,37,-0.1368052845748615,WLS,117,6.5815581525296984e-06
1,B_svc,2,0.28680019104880156,37,0.2870556937323049,WLS,117,0.00025550268350332805
2,UPFC_Vsh,5-15,1.1073141934060824,37,1.1069375195749371,WLS,117,0.00037667383114525776
3,UPFC_tsh,5-15,-0.22885741223700332,37,-0.22869827424353983,WLS,117,0.00015913799346348179
4,UPFC_Vse,5-15,0.059471838896296106,37,0.05842137802186497,WLS,117,0.0010504608744311347
5,UPFC_tse,5-15,-2.163516101202462,37,-2.1349751449363463,WLS,117,0.028540956266115636
0,x_tcsc,1-14,-0.13679928533377017,38,-0.1368052845748615,WLS,117,5.999241091320107e-06
1,B_svc,2,0.286648627998522,38,0.2870556937323049,WLS,117,0.00040706573378290756
2,UPFC_Vsh,5-15,1.1069816156512904,38,1.1069375195749371,WLS,117,4.4096076353250524e-05
3,UPFC_tsh,5-15,-0.22885448853406157,38,-0.22869827424353983,WLS,117,0.0001562142905217334
4,UPFC_Vse,5-15,0.060236142286119884,38,0.05842137802186497,WLS,117,0.001814764264254913
5,UPFC_tse,5-15,-2.1556347979032475,38,-2.1349751449363463,WLS,117,0.0206596529669012
0,x_tcsc,1-14,-0.13680220522603315,39,-0.1368052845748615,WLS,117,3.079348828344264e-06
1,B_svc,2,0.28703918569397574,39,0.2870556937323049,WLS,117,1.6508038329143826e-05
2,UPFC_Vsh,5-15,1.1073205214723727,39,1.1069375195749371,WLS,117,0.00038300189743556423
3,UPFC_tsh,5-15,-0.22882307069303173,39,-0.22869827424353983,WLS,117,0.0001247964494918985
4,UPFC_Vse,5-15,0.06006481030878944,39,0.05842137802186497,WLS,117,0.0016434322869244705
5,UPFC_tse,5-15,-2.155889384408497,39,-2.1349751449363463,WLS,117,0.020914239472150875
0,x_tcsc,1-14,-0.13678532104039187,40,-0.1368052845748615,WLS,117,1.9963534469619182e-05
1,B_svc,2,0.2867159178725515,40,0.2870556937323049,WLS,117,0.0003397758597533662
2,UPFC_Vsh,5-15,1.1066606775645764,40,1.1069375195749371,WLS,117,0.00027684201036071165
3,UPFC_tsh,5-15,-0.22882659300519667,40,-0.22869827424353983,WLS,117,0.0001283187616568371
4,UPFC_Vse,5-15,0.060119509978547966,40,0.05842137802186497,WLS,117,0.0016981319566829953
5,UPFC_tse,5-15,-2.158796516483937,40,-2.1349751449363463,WLS,117,0.023821371547590786
0,x_tcsc,1-14,-0.13680407378985357,41,-0.1368052845748615,WLS,117,1.2107850079212668e-06
1,B_svc,2,0.28724343714656586,41,0.2870556937323049,WLS,117,0.00018774341426097685
2,UPFC_Vsh,5-15,1.107007012153098,41,1.1069375195749371,WLS,117,6.949257816080134e-05
3,UPFC_tsh,5-15,-0.22883976151600896,41,-0.22869827424353983,WLS,117,0.0001414872724691263
4,UPFC_Vse,5-15,0.060187940607535635,41,0.05842137802186497,WLS,117,0.001766562585670664
5,UPFC_tse,5-15,-2.160792520772557,41,-2.1349751449363463,WLS,117,0.025817375836210577
0,x_tcsc,1-14,-0.1368028269852046,42,-0.1368052845748615,WLS,117,2.4575896568901356e-06
1,B_svc,2,0.2867465541801473,42,0.2870556937323049,WLS,117,0.00030913955215761124
2,UPFC_Vsh,5-15,1.1067963716701414,42,1.1069375195749371,WLS,117,0.00014114790479569095
3,UPFC_tsh,5-15,-0.22875822343112834,42,-0.22869827424353983,WLS,117,5.994918758850387e-05
4,UPFC_Vse,5-15,0.060076584282218105,42,0.05842137802186497,WLS,117,0.0016552062603531342
5,UPFC_tse,5-15,-2.1563532064970365,42,-2.1349751449363463,WLS,117,0.02137806156069022
0,x_tcsc,1-14,-0.13678160199429845,43,-0.1368052845748615,WLS,117,2.368258056303918e-05
1,B_svc,2,0.28651776160238906,43,0.2870556937323049,WLS,117,0.0005379321299158191
2,UPFC_Vsh,5-15,1.1068887019450226,43,1.1069375195749371,WLS,117,4.8817629914488236e-05
3,UPFC_tsh,5-15,-0.22884464326858706,43,-0.22869827424353983,WLS,117,0.0001463690250472216
4,UPFC_Vse,5-15,0.06025048483715826,43,0.05842137802186497,WLS,117,0.0018291068152932882
5,UPFC_tse,5-15,-2.158861711090273,43,-2.1349751449363463,WLS,117,0.02388656615392648
0,x_tcsc,1-14,-0.13678717135321528,44,-0.1368052845748615,WLS,117,1.8113221646215427e-05
1,B_svc,2,0.2864031431834053,44,0.2870556937323049,WLS,117,0.0006525505488995664
2,UPFC_Vsh,5-15,1.106876547164956,44,1.1069375195749371,WLS,117,6.097240998115261e-05
3,UPFC_tsh,5-15,-0.22880615028107484,44,-0.22869827424353983,WLS,117,0.00010787603753500963
4,UPFC_Vse,5-15,0.05985702516646018,44,0.05842137802186497,WLS,117,0.001435647144595209
5,UPFC_tse,5-15,-2.1587520038870487,44,-2.1349751449363463,WLS,117,0.023776858950702362
0,x_tcsc,1-14,-0.13680224955953624,45,-0.1368052845748615,WLS,117,3.0350153252534096e-06
1,B_svc,2,0.2864771902376212,45,0.2870556937323049,WLS,117,0.0005785034946836909
2,UPFC_Vsh,5-15,1.1072876406261847,45,1.1069375195749371,WLS,117,0.0003501210512475428
3,UPFC_tsh,5-15,-0.22878450042952278,45,-0.22869827424353983,WLS,117,8.622618598294607e-05
4,UPFC_Vse,5-15,0.06006645103483224,45,0.05842137802186497,WLS,117,0.00164507301296727
5,UPFC_tse,5-15,-2.157407663182633,45,-2.1349751449363463,WLS,117,0.02243251824628656
0,x_tcsc,1-14,-0.1367897884538401,46,-0.1368052845748615,WLS,117,1.5496121021391085e-05
1,B_svc,2,0.28695946907668307,46,0.2870556937323049,WLS,117,9.62246556218127e-05
2,UPFC_Vsh,5-15,1.1069003284086871,46,1.1069375195749371,WLS,117,3.7191166250005736e-05
3,UPFC_tsh,5-15,-0.228854089773469,46,-0.22869827424353983,WLS,117,0.0001558155299291597
4,UPFC_Vse,5-15,0.0601545610402024,46,0.05842137802186497,WLS,117,0.001733183018337428
5,UPFC_tse,5-15,-2.1588738088707964,46,-2.1349751449363463,WLS,117,0.02389866393445006
0,x_tcsc,1-14,-0.13679886846935457,47,-0.1368052845748615,WLS,117,6.416105506917846e-06
1,B_svc,2,0.28634202564594036,47,0.2870556937323049,WLS,117,0.0007136680863645273
2,UPFC_Vsh,5-15,1.107252112062648,47,1.1069375195749371,WLS,117,0.0003145924877108186
3,UPFC_tsh,5-15,-0.22881895773245942,47,-0.22869827424353983,WLS,117,0.0001206834889195818
4,UPFC_Vse,5-15,0.060024106317661315,47,0.05842137802186497,WLS,117,0.0016027282957963435
5,UPFC_tse,5-15,-2.1539723701787388,47,-2.1349751449363463,WLS,117,0.018997225242392446
0,x_tcsc,1-14,-0.1368013446364439,48,-0.1368052845748615,WLS,117,3.939938417601985e-06
1,B_svc,2,0.28660075479510566,48,0.2870556937323049,WLS,117,0.00045493893719922296
2,UPFC_Vsh,5-15,1.1069212593043365,48,1.1069375195749371,WLS,117,1.6260270600643167e-05
3,UPFC_tsh,5-15,-0.22882318979455918,48,-0.22869827424353983,WLS,117,0.00012491555101934448
4,UPFC_Vse,5-15,0.0601346718542275,48,0.05842137802186497,WLS,117,0.0017132938323625307
5,UPFC_tse,5-15,-2.1612783254527144,48,-2.1349751449363463,WLS,117,0.02630318051636804
0,x_tcsc,1-14,-0.13680527317337784,49,-0.1368052845748615,WLS,117,1.1401483646089616e-08
1,B_svc,2,0.2862579603591511,49,0.2870556937323049,WLS,117,0.0007977333731538083
2,UPFC_Vsh,5-15,1.107106221808415,49,1.1069375195749371,WLS,117,0.0001687022334777577
3,UPFC_tsh,5-15,-0.22883843115287,49,-0.22869827424353983,WLS,117,0.0001401569093301691
4,UPFC_Vse,5-15,0.060181789894621085,49,0.05842137802186497,WLS,117,0.0017604118727561138
5,UPFC_tse,5-15,-2.1618304824644605,49,-2.1349751449363463,WLS,117,0.026855337528114198
0,x_tcsc,1-14,-0.13678163356078288,50,-0.1368052845748615,WLS,117,2.365101407861281e-05
1,B_svc,2,0.28639322750146246,50,0.2870556937323049,WLS,117,0.000662466230842429
2,UPFC_Vsh,5-15,1.1070913731724452,50,1.1069375195749371,WLS,117,0.00015385359750808014
3,UPFC_tsh,5-15,-0.22885905686957736,50,-0.22869827424353983,WLS,117,0.00016078262603752558
4,UPFC_Vse,5-15,0.06029673786477207,50,0.05842137802186497,WLS,117,0.0018753598429070983
5,UPFC_tse,5-15,-2.1578477122645623,50,-2.1349751449363463,WLS,117,0.022872567328215965
0,x_tcsc,1-14,-0.13679865627309254,51,-0.1368052845748615,WLS,117,6.628301768951683e-06
1,B_svc,2,0.2864779417454786,51,0.2870556937323049,WLS,117,0.0005777519868263026
2,UPFC_Vsh,5-15,1.1070030490538234,51,1.1069375195749371,WLS,117,6.552947888627259e-05
3,UPFC_tsh,5-15,-0.2288132181652284,51,-0.22869827424353983,WLS,117,0.00011494392168856504
4,UPFC_Vse,5-15,0.06003016930372122,51,0.05842137802186497,WLS,117,0.001608791281856252
5,UPFC_tse,5-15,-2.1564361477190315,51,-2.1349751449363463,WLS,117,0.021461002782685146
0,x_tcsc,1-14,-0.13678274305883875,52,-0.1368052845748615,WLS,117,2.254151602273935e-05
1,B_svc,2,0.28668238173822463,52,0.2870556937323049,WLS,117,0.00037331199408024984
2,UPFC_Vsh,5-15,1.1070973278804934,52,1.1069375195749371,WLS,117,0.000159808305556286
3,UPFC_tsh,5-15,-0.22888853094559414,52,-0.22869827424353983,WLS,117,0.00019025670205430334
4,UPFC_Vse,5-15,0.06013849411969296,52,0.05842137802186497,WLS,117,0.0017171160978279865
5,UPFC_tse,5-15,-2.1568680193526855,52,-2.1349751449363463,WLS,117,0.021892874416339136
0,x_tcsc,1-14,-0.13680491723699437,53,-0.1368052845748615,WLS,117,3.673378671242844e-07
1,B_svc,2,0.28712373414340714,53,0.2870556937323049,WLS,117,6.804041110225478e-05
2,UPFC_Vsh,5-15,1.1071361532690478,53,1.1069375195749371,WLS,117,0.00019863369411066145
3,UPFC_tsh,5-15,-0.22885266832687365,53,-0.22869827424353983,WLS,117,0.00015439408333381421
4,UPFC_Vse,5-15,0.060194827670525385,53,0.05842137802186497,WLS,117,0.0017734496486604134
5,UPFC_tse,5-15,-2.1556541365071347,53,-2.1349751449363463,WLS,117,0.02067899157078834
0,x_tcsc,1-14,-0.13680877693033963,54,-0.1368052845748615,WLS,117,3.4923554781407518e-06
1,B_svc,2,0.2870028542349147,54,0.2870556937323049,WLS,117,5.283949739021132e-05
2,UPFC_Vsh,5-15,1.1070400387911368,54,1.1069375195749371,WLS,117,0.00010251921619963689
3,UPFC_tsh,5-15,-0.22887087072554135,54,-0.22869827424353983,WLS,117,0.00017259648200151911
4,UPFC_Vse,5-15,0.06049489919984094,54,0.05842137802186497,WLS,117,0.002073521177975969
5,UPFC_tse,5-15,-2.158456526687061,54,-2.1349751449363463,WLS,117,0.02348138175071446
0,x_tcsc,1-14,-0.13678753280378808,55,-0.1368052845748615,WLS,117,1.775177107340986e-05
1,B_svc,2,0.28707720213368826,55,0.2870556937323049,WLS,117,2.1508401383374398e-05
2,UPFC_Vsh,5-15,1.1071264726102719,55,1.1069375195749371,WLS,117,0.00018895303533472685
3,UPFC_tsh,5-15,-0.2288308194331501,55,-0.22869827424353983,WLS,117,0.00013254518961025585
4,UPFC_Vse,5-15,0.06025400950387814,55,0.05842137802186497,WLS,117,0.0018326314820131667
5,UPFC_tse,5-15,-2.1590651667442535,55,-2.1349751449363463,WLS,117,0.024090021807907203
0,x_tcsc,1-14,-0.13678921229778282,56,-0.1368052845748615,WLS,117,1.6072277078671426e-05
1,B_svc,2,0.2866705937031378,56,0.2870556937323049,WLS,117,0.00038510002916708475
2,UPFC_Vsh,5-15,1.1070906182303601,56,1.1069375195749371,WLS,117,0.00015309865542301182
3,UPFC_tsh,5-15,-0.22882017021667336,56,-0.22869827424353983,WLS,117,0.00012189597313352896
4,UPFC_Vse,5-15,0.06035751846760537,56,0.05842137802186497,WLS,117,0.0019361404457403988
5,UPFC_tse,5-15,-2.157120522756711,56,-2.1349751449363463,WLS,117,0.022145377820364853
0,x_tcsc,1-14,-0.13680073052550876,57,-0.1368052845748615,WLS,117,4.554049352734069e-06
1,B_svc,2,0.28635925006529367,57,0.2870556937323049,WLS,117,0.0006964436670112151
2,UPFC_Vsh,5-15,1.1069449769461863,57,1.1069375195749371,WLS,117,7.457371249186551e-06
3,UPFC_tsh,5-15,-0.22880551470576568,57,-0.22869827424353983,WLS,117,0.00010724046222584938
4,UPFC_Vse,5-15,0.05983541203022575,57,0.05842137802186497,WLS,117,0.0014140340083607789
5,UPFC_tse,5-15,-2.159396848022766,57,-2.1349751449363463,WLS,117,0.024421703086419555
0,x_tcsc,1-14,-0.13679853280866106,58,-0.1368052845748615,WLS,117,6.751766200435716e-06
1,B_svc,2,0.28651661605715695,58,0.2870556937323049,WLS,117,0.0005390776751479365
2,UPFC_Vsh,5-15,1.107033310154082,58,1.1069375195749371,WLS,117,9.579057914477218e-05
3,UPFC_tsh,5-15,-0.22873368503585206,58,-0.22869827424353983,WLS,117,3.541079231222932e-05
4,UPFC_Vse,5-15,0.060059654167168734,58,0.05842137802186497,WLS,117,0.001638276145303763
5,UPFC_tse,5-15,-2.1571268176160308,58,-2.1349751449363463,WLS,117,0.02215167267968443
0,x_tcsc,1-14,-0.13680135469092167,59,-0.1368052845748615,WLS,117,3.929883939823853e-06
1,B_svc,2,0.2863035218909193,59,0.2870556937323049,WLS,117,0.000752171841385596
2,UPFC_Vsh,5-15,1.1069294717045735,59,1.1069375195749371,WLS,117,8.047870363681042e-06
3,UPFC_tsh,5-15,-0.22887396605199783,59,-0.22869827424353983,WLS,117,0.0001756918084580006
4,UPFC_Vse,5-15,0.060152167610674594,59,0.05842137802186497,WLS,117,0.0017307895888096225
5,UPFC_tse,5-15,-2.158771698996668,59,-2.1349751449363463,WLS,117,0.02379655406032155
0,x_tcsc,1-14,-0.1367755683507645,60,-0.1368052845748615,WLS,117,2.9716224097003918e-05
1,B_svc,2,0.2869156235740028,60,0.2870556937323049,WLS,117,0.0001400701583020858
2,UPFC_Vsh,5-15,1.1068782091263472,60,1.1069375195749371,WLS,117,5.931044858997758e-05
3,UPFC_tsh,5-15,-0.22888273041288898,60,-0.22869827424353983,WLS,117,0.00018445616934914533
4,UPFC_Vse,5-15,0.060209766248667834,60,0.05842137802186497,WLS,117,0.001788388226802863
5,UPFC_tse,5-15,-2.1589048567076383,60,-2.1349751449363463,WLS,117,0.023929711771291995
0,x_tcsc,1-14,-0.13678916032399654,61,-0.1368052845748615,WLS,117,1.6124250864946177e-05
1,B_svc,2,0.28692313743716236,61,0.2870556937323049,WLS,117,0.00013255629514252742
2,UPFC_Vsh,5-15,1.1070019850501815,61,1.1069375195749371,WLS,117,6.446547524441293e-05
3,UPFC_tsh,5-15,-0.22881729089716482,61,-0.22869827424353983,WLS,117,0.00011901665362498703
4,UPFC_Vse,5-15,0.060079669651018255,61,0.05842137802186497,WLS,117,0.0016582916291532843
5,UPFC_tse,5-15,-2.1581071527361133,61,-2.1349751449363463,WLS,117,0.023132007799766985
0,x_tcsc,1-14,-0.13679635161317621,62,-0.1368052845748615,WLS,117,8.932961685276242e-06
1,B_svc,2,0.2867000199252654,62,0.2870556937323049,WLS,117,0.0003556738070394916
2,UPFC_Vsh,5-15,1.1071992791084186,62,1.1069375195749371,WLS,117,0.00026175953348150927
3,UPFC_tsh,5-15,-0.22875299813312167,62,-0.22869827424353983,WLS,117,5.4723889581831386e-05
4,UPFC_Vse,5-15,0.059645005464364076,62,0.05842137802186497,WLS,117,0.0012236274424991048
5,UPFC_tse,5-15,-2.1596377791404184,62,-2.1349751449363463,WLS,117,0.02466263420407211
0,x_tcsc,1-14,-0.1367969506970295,63,-0.1368052845748615,WLS,117,8.333877832000791e-06
1,B_svc,2,0.28684227352823893,63,0.2870556937323049,WLS,117,0.00021342020406595053
2,UPFC_Vsh,5-15,1.1070859116017793,63,1.1069375195749371,WLS,117,0.00014839202684213681
3,UPFC_tsh,5-15,-0.22887384399988644,63,-0.22869827424353983,WLS,117,0.00017556975634661076
4,UPFC_Vse,5-15,0.05968400824537104,63,0.05842137802186497,WLS,117,0.0012626302235060685
5,UPFC_tse,5-15,-2.1589847595176934,63,-2.1349751449363463,WLS,117,0.024009614581347094
0,x_tcsc,1-14,-0.13679665782377162,64,-0.1368052845748615,WLS,117,8.626751089868545e-06
1,B_svc,2,0.2864664295458107,64,0.2870556937323049,WLS,117,0.0005892641864941872
2,UPFC_Vsh,5-15,1.107131237639017,64,1.1069375195749371,WLS,117,0.00019371806407986192
3,UPFC_tsh,5-15,-0.22877554840101205,64,-0.22869827424353983,WLS,117,7.7274157472218e-05
4,UPFC_Vse,5-15,0.060122912105005775,64,0.05842137802186497,WLS,117,0.0017015340831408043
5,UPFC_tse,5-15,-2.1548215452886437,64,-2.1349751449363463,WLS,117,0.019846400352297344
0,x_tcsc,1-14,-0.13679064364633378,65,-0.1368052845748615,WLS,117,1.4640928527709374e-05
1,B_svc,2,0.28663148974355734,65,0.2870556937323049,WLS,117,0.00042420398874754017
2,UPFC_Vsh,5-15,1.1068882948329415,65,1.1069375195749371,WLS,117,4.922474199564597e-05
3,UPFC_tsh,5-15,-0.22879374075067443,65,-0.22869827424353983,WLS,117,9.546650713460059e-05
4,UPFC_Vse,5-15,0.06002673427823513,65,0.05842137802186497,WLS,117,0.0016053562563701565
5,UPFC_tse,5-15,-2.15725261693697,65,-2.1349751449363463,WLS,117,0.0222774720006238
0,x_tcsc,1-14,-0.136803350585406,66,-0.1368052845748615,WLS,117,1.9339894554992743e-06
1,B_svc,2,0.2867316643938274,66,0.2870556937323049,WLS,117,0.00032402933847747173
2,UPFC_Vsh,5-15,1.1070578559868833,66,1.1069375195749371,WLS,117,0.00012033641194619804
3,UPFC_tsh,5-15,-0.228819464545163,66,-0.22869827424353983,WLS,117,0.00012119030162316413
4,UPFC_Vse,5-15,0.060095012433030656,66,0.05842137802186497,WLS,117,0.001673634411165685
5,UPFC_tse,5-15,-2.1562816012522297,66,-2.1349751449363463,WLS,117,0.02130645631588335
0,x_tcsc,1-14,-0.1368006409309664,67,-0.1368052845748615,WLS,117,4.643643895102523e-06
1,B_svc,2,0.28675824368891206,67,0.2870556937323049,WLS,117,0.00029745004339282177
2,UPFC_Vsh,5-15,1.107082126783889,67,1.1069375195749371,WLS,117,0.00014460720895193013
3,UPFC_tsh,5-15,-0.22882948180967363,67,-0.22869827424353983,WLS,117,0.0001312075661338008
4,UPFC_Vse,5-15,0.06022877351816534,67,0.05842137802186497,WLS,117,0.0018073954963003722
5,UPFC_tse,5-15,-2.1569877162390108,67,-2.1349751449363463,WLS,117,0.02201257130266443
0,x_tcsc,1-14,-0.1367842036130885,68,-0.1368052845748615,WLS,117,2.1080961773001228e-05
1,B_svc,2,0.2868747736642008,68,0.2870556937323049,WLS,117,0.00018092006810410677
2,UPFC_Vsh,5-15,1.1066741829700006,68,1.1069375195749371,WLS,117,0.0002633366049364927
3,UPFC_tsh,5-15,-0.22880949504618084,68,-0.22869827424353983,WLS,117,0.00011122080264100442
4,UPFC_Vse,5-15,0.06024772041163407,68,0.05842137802186497,WLS,117,0.0018263423897691006
5,UPFC_tse,5-15,-2.1583576630821852,68,-2.1349751449363463,WLS,117,0.023382518145838915
0,x_tcsc,1-14,-0.1368038906058378,69,-0.1368052845748615,WLS,117,1.3939690236830504e-06
1,B_svc,2,0.28710579861026136,69,0.2870556937323049,WLS,117,5.0104877956480554e-05
2,UPFC_Vsh,5-15,1.1069056760844183,69,1.1069375195749371,WLS,117,3.1843490518879136e-05
3,UPFC_tsh,5-15,-0.22881679923867906,69,-0.22869827424353983,WLS,117,0.00011852499513922976
4,UPFC_Vse,5-15,0.05965085356576138,69,0.05842137802186497,WLS,117,0.0012294755438964078
5,UPFC_tse,5-15,-2.1622074117947636,69,-2.1349751449363463,WLS,117,0.027232266858417287
0,x_tcsc,1-14,-0.13678733304066001,70,-0.1368052845748615,WLS,117,1.7951534201476882e-05
1,B_svc,2,0.28718070390243555,70,0.2870556937323049,WLS,117,0.00012501017013066829
2,UPFC_Vsh,5-15,1.1067684157261708,70,1.1069375195749371,WLS,117,0.00016910384876633877
3,UPFC_tsh,5-15,-0.22886589076105057,70,-0.22869827424353983,WLS,117,0.00016761651751073803
4,UPFC_Vse,5-15,0.06003162481700189,70,0.05842137802186497,WLS,117,0.0016102467951369173
5,UPFC_tse,5-15,-2.157757037968471,70,-2.1349751449363463,WLS,117,0.022781893032124856
0,x_tcsc,1-14,-0.13681944165834362,71,-0.1368052845748615,WLS,117,1.4157083482124744e-05
1,B_svc,2,0.28660888280526403,71,0.2870556937323049,WLS,117,0.0004468109270408527
2,UPFC_Vsh,5-15,1.107028084804948,71,1.1069375195749371,WLS,117,9.056523001094163e-05
3,UPFC_tsh,5-15,-0.2287889273299935,71,-0.22869827424353983,WLS,117,9.065308645367365e-05
4,UPFC_Vse,5-15,0.059542268563108895,71,0.05842137802186497,WLS,117,0.001120890541243924
5,UPFC_tse,5-15,-2.1614483076293123,71,-2.1349751449363463,WLS,117,0.026473162692965957
0,x_tcsc,1-14,-0.13680564277987725,72,-0.1368052845748615,WLS,117,3.582050157602268e-07
1,B_svc,2,0.2866134059883871,72,0.2870556937323049,WLS,117,0.0004422877439178019
2,UPFC_Vsh,5-15,1.1070510378851062,72,1.1069375195749371,WLS,117,0.00011351831016903624
3,UPFC_tsh,5-15,-0.22885931243189775,72,-0.22869827424353983,WLS,117,0.00016103818835791484
4,UPFC_Vse,5-15,0.05986807411009647,72,0.05842137802186497,WLS,117,0.0014466960882314958
5,UPFC_tse,5-15,-2.158653241341466,72,-2.1349751449363463,WLS,117,0.023678096405119753
0,x_tcsc,1-14,-0.13679448706951552,73,-0.1368052845748615,WLS,117,1.0797505345966352e-05
1,B_svc,2,0.28626684616095427,73,0.2870556937323049,WLS,117,0.0007888475713506149
2,UPFC_Vsh,5-15,1.1069278542095564,73,1.1069375195749371,WLS,117,9.665365380717716e-06
3,UPFC_tsh,5-15,-0.2288405261424424,73,-0.22869827424353983,WLS,117,0.0001422518989025734
4,UPFC_Vse,5-15,0.060214381353996746,73,0.05842137802186497,WLS,117,0.0017930033321317748
5,UPFC_tse,5-15,-2.1576764973665394,73,-2.1349751449363463,WLS,117,0.02270135243019311
0,x_tcsc,1-14,-0.1367974077151588,74,-0.1368052845748615,WLS,117,7.876859702687922e-06
1,B_svc,2,0.2865440116332617,74,0.2870556937323049,WLS,117,0.0005116820990431759
2,UPFC_Vsh,5-15,1.106814507205278,74,1.1069375195749371,WLS,117,0.00012301236965917006
3,UPFC_tsh,5-15,-0.22880513635347852,74,-0.22869827424353983,WLS,117,0.00010686210993868239
4,UPFC_Vse,5-15,0.06029745414431833,74,0.05842137802186497,WLS,117,0.0018760761224533573
5,UPFC_tse,5-15,-2.1556885011405003,74,-2.1349751449363463,WLS,117,0.020713356204153932
0,x_tcsc,1-14,-0.13679679045027354,75,-0.1368052845748615,WLS,117,8.494124587948848e-06
1,B_svc,2,0.28702515427767034,75,0.2870556937323049,WLS,117,3.0539454634548324e-05
2,UPFC_Vsh,5-15,1.1070488153187643,75,1.1069375195749371,WLS,117,0.00011129574382717777
3,UPFC_tsh,5-15,-0.22882481125737517,75,-0.22869827424353983,WLS,117,0.00012653701383533167
4,UPFC_Vse,5-15,0.059892998873073616,75,0.05842137802186497,WLS,117,0.0014716208512086451
5,UPFC_tse,5-15,-2.159374063560845,75,-2.1349751449363463,WLS,117,0.024398918624498833
0,x_tcsc,1-14,-0.1368020177385068,76,-0.1368052845748615,WLS,117,3.2668363546817236e-06
1,B_svc,2,0.28691993058130866,76,0.2870556937323049,WLS,117,0.0001357631509962265
2,UPFC_Vsh,5-15,1.1068805827717976,76,1.1069375195749371,WLS,117,5.6936803139562286e-05
3,UPFC_tsh,5-15,-0.22887583709977427,76,-0.22869827424353983,WLS,117,0.00017756285623443668
4,UPFC_Vse,5-15,0.06052980490747982,76,0.05842137802186497,WLS,117,0.002108426885614849
5,UPFC_tse,5-15,-2.1585025451400552,76,-2.1349751449363463,WLS,117,0.023527400203708915
0,x_tcsc,1-14,-0.1368105482273852,77,-0.1368052845748615,WLS,117,5.263652523707085e-06
1,B_svc,2,0.2869007156874965,77,0.2870556937323049,WLS,117,0.00015497804480840704
2,UPFC_Vsh,5-15,1.1069294391721922,77,1.1069375195749371,WLS,117,8.080402744914394e-06
3,UPFC_tsh,5-15,-0.22889414288461402,77,-0.22869827424353983,WLS,117,0.00019586864107418167
4,UPFC_Vse,5-15,0.06028300542060869,77,0.05842137802186497,WLS,117,0.0018616273987437162
5,UPFC_tse,5-15,-2.161863478705067,77,-2.1349751449363463,WLS,117,0.026888333768720685
0,x_tcsc,1-14,-0.13679948481904763,78,-0.1368052845748615,WLS,117,5.799755813856722e-06
1,B_svc,2,0.2863325013738313,78,0.2870556937323049,WLS,117,0.0007231923584735678
2,UPFC_Vsh,5-15,1.1071683654332753,78,1.1069375195749371,WLS,117,0.00023084585833821336
3,UPFC_tsh,5-15,-0.22878753046550607,78,-0.22869827424353983,WLS,117,8.925622196623295e-05
4,UPFC_Vse,5-15,0.06006370539788149,78,0.05842137802186497,WLS,117,0.0016423273760165155
5,UPFC_tse,5-15,-2.1593102763105847,78,-2.1349751449363463,WLS,117,0.024335131374238372
0,x_tcsc,1-14,-0.1368022310322415,79,-0.1368052845748615,WLS,117,3.053542619979588e-06
1,B_svc,2,0.2866162956343016,79,0.2870556937323049,WLS,117,0.0004393980980033074
2,UPFC_Vsh,5-15,1.107229537516811,79,1.1069375195749371,WLS,117,0.0002920179418739455
3,UPFC_tsh,5-15,-0.22884924859518255,79,-0.22869827424353983,WLS,117,0.0001509743516427131
4,UPFC_Vse,5-15,0.05977264079707633,79,0.05842137802186497,WLS,117,0.0013512627752113593
5,UPFC_tse,5-15,-2.161825947261705,79,-2.1349751449363463,WLS,117,0.026850802325358636
0,x_tcsc,1-14,-0.13679320703125805,80,-0.1368052845748615,WLS,117,1.2077543603439267e-05
1,B_svc,2,0.28643902776182134,80,0.2870556937323049,WLS,117,0.0006166659704835431
2,UPFC_Vsh,5-15,1.106895211508591,80,1.1069375195749371,WLS,117,4.230806634608619e-05
3,UPFC_tsh,5-15,-0.22879010428853352,80,-0.22869827424353983,WLS,117,9.183004499369041e-05
4,UPFC_Vse,5-15,0.060023871628930914,80,0.05842137802186497,WLS,117,0.0016024936070659426
5,UPFC_tse,5-15,-2.1598886695232205,80,-2.1349751449363463,WLS,117,0.024913524586874125
0,x_tcsc,1-14,-0.13681810790710305,81,-0.1368052845748615,WLS,117,1.2823332241562735e-05
1,B_svc,2,0.286234309933593,81,0.2870556937323049,WLS,117,0.0008213837987118833
2,UPFC_Vsh,5-15,1.106964760539269,81,1.1069375195749371,WLS,117,2.724096433182055e-05
3,UPFC_tsh,5-15,-0.22888925328298823,81,-0.22869827424353983,WLS,117,0.00019097903944839678
4,UPFC_Vse,5-15,0.06059620317010611,81,0.05842137802186497,WLS,117,0.00217482514824114
5,UPFC_tse,5-15,-2.1566274884733425,81,-2.1349751449363463,WLS,117,0.021652343536996188
0,x_tcsc,1-14,-0.13679332894156424,82,-0.1368052845748615,WLS,117,1.1955633297255908e-05
1,B_svc,2,0.2864887421770426,82,0.2870556937323049,WLS,117,0.0005669515552622628
2,UPFC_Vsh,5-15,1.1068630883405224,82,1.1069375195749371,WLS,117,7.44312344147513e-05
3,UPFC_tsh,5-15,-0.22882142718060125,82,-0.22869827424353983,WLS,117,0.00012315293706141595
4,UPFC_Vse,5-15,0.05972656677396858,82,0.05842137802186497,WLS,117,0.0013051887521036074
5,UPFC_tse,5-15,-2.158639539521749,82,-2.1349751449363463,WLS,117,0.023664394585402704
0,x_tcsc,1-14,-0.13680909905033148,83,-0.1368052845748615,WLS,117,3.8144754699875882e-06
1,B_svc,2,0.28686444230188496,83,0.2870556937323049,WLS,117,0.00019125143041992532
2,UPFC_Vsh,5-15,1.1070940974804084,83,1.1069375195749371,WLS,117,0.00015657790547130013
3,UPFC_tsh,5-15,-0.22883757736145716,83,-0.22869827424353983,WLS,117,0.00013930311791732208
4,UPFC_Vse,5-15,0.060244284607750845,83,0.05842137802186497,WLS,117,0.0018229065858858737
5,UPFC_tse,5-15,-2.1587877612676625,83,-2.1349751449363463,WLS,117,0.02381261633131615
0,x_tcsc,1-14,-0.136787072644901,84,-0.1368052845748615,WLS,117,1.8211929960487705e-05
1,B_svc,2,0.28676515405472514,84,0.2870556937323049,WLS,117,0.00029053967757974863
2,UPFC_Vsh,5-15,1.1071690072362153,84,1.1069375195749371,WLS,117,0.00023148766127811804
3,UPFC_tsh,5-15,-0.22877646169439994,84,-0.22869827424353983,WLS,117,7.818745086010659e-05
4,UPFC_Vse,5-15,0.06000396909698497,84,0.05842137802186497,WLS,117,0.0015825910751200017
5,UPFC_tse,5-15,-2.1572135223320483,84,-2.1349751449363463,WLS,117,0.022238377395702003
0,x_tcsc,1-14,-0.13680615345891184,85,-0.1368052845748615,WLS,117,8.688840503479067e-07
1,B_svc,2,0.28644333910752956,85,0.2870556937323049,WLS,117,0.0006123546247753242
2,UPFC_Vsh,5-15,1.1070123638710756,85,1.1069375195749371,WLS,117,7.484429613846544e-05
3,UPFC_tsh,5-15,-0.2287947502187325,85,-0.22869827424353983,WLS,117,9.647597519266138e-05
4,UPFC_Vse,5-15,0.06008713019722967,85,0.05842137802186497,WLS,117,0.0016657521753647014
5,UPFC_tse,5-15,-2.157793391392306,85,-2.1349751449363463,WLS,117,0.022818246455959645
0,x_tcsc,1-14,-0.13678808309169102,86,-0.1368052845748615,WLS,117,1.7201483170470322e-05
1,B_svc,2,0.28641414186838526,86,0.2870556937323049,WLS,117,0.0006415518639196205
2,UPFC_Vsh,5-15,1.1070825605836518,86,1.1069375195749371,WLS,117,0.00014504100871470804
3,UPFC_tsh,5-15,-0.2288152492963367,86,-0.22869827424353983,WLS,117,0.00011697505279686937
4,UPFC_Vse,5-15,0.06033792982302835,86,0.05842137802186497,WLS,117,0.0019165518011633811
5,UPFC_tse,5-15,-2.1549637903127277,86,-2.1349751449363463,WLS,117,0.019988645376381342
0,x_tcsc,1-14,-0.13680799163120239,87,-0.1368052845748615,WLS,117,2.7070563408948534e-06
1,B_svc,2,0.286473234302054,87,0.2870556937323049,WLS,117,0.0005824594302508701
2,UPFC_Vsh,5-15,1.1069731627604513,87,1.1069375195749371,WLS,117,3.564318551418921e-05
3,UPFC_tsh,5-15,-0.2287838773654851,87,-0.22869827424353983,WLS,117,8.560312194527686e-05
4,UPFC_Vse,5-15,0.06004614163331492,87,0.05842137802186497,WLS,117,0.0016247636114499475
5,UPFC_tse,5-15,-2.1586195066952936,87,-2.1349751449363463,WLS,117,0.02364436175894724
0,x_tcsc,1-14,-0.13680723077529047,88,-0.1368052845748615,WLS,117,1.946200428981637e-06
1,B_svc,2,0.2864219109260677,88,0.2870556937323049,WLS,117,0.0006337828062371598
2,UPFC_Vsh,5-15,1.1070681109599187,88,1.1069375195749371,WLS,117,0.00013059138498161538
3,UPFC_tsh,5-15,-0.22884521771918845,88,-0.22869827424353983,WLS,117,0.00014694347564861432
4,UPFC_Vse,5-15,0.05960553570014307,88,0.05842137802186497,WLS,117,0.0011841576782780985
5,UPFC_tse,5-15,-2.1630838972412585,88,-2.1349751449363463,WLS,117,0.028108752304912166
0,x_tcsc,1-14,-0.13678903103282977,89,-0.1368052845748615,WLS,117,1.6253542031718915e-05
1,B_svc,2,0.2863832707631042,89,0.2870556937323049,WLS,117,0.00067242296920067
2,UPFC_Vsh,5-15,1.1071646204376613,89,1.1069375195749371,WLS,117,0.00022710086272414998
3,UPFC_tsh,5-15,-0.22880289849882068,89,-0.22869827424353983,WLS,117,0.00010462425528084962
4,UPFC_Vse,5-15,0.059753775145740366,89,0.05842137802186497,WLS,117,0.001332397123875395
5,UPFC_tse,5-15,-2.160413405027557,89,-2.1349751449363463,WLS,117,0.02543826009121064
0,x_tcsc,1-14,-0.13679001878660138,90,-0.1368052845748615,WLS,117,1.526578826011038e-05
1,B_svc,2,0.28702409598564677,90,0.2870556937323049,WLS,117,3.159774665811854e-05
2,UPFC_Vsh,5-15,1.1067524826115283,90,1.1069375195749371,WLS,117,0.00018503696340887998
3,UPFC_tsh,5-15,-0.22880678396545112,90,-0.22869827424353983,WLS,117,0.00010850972191128738
4,UPFC_Vse,5-15,0.05969170294026981,90,0.05842137802186497,WLS,117,0.0012703249184048415
5,UPFC_tse,5-15,-2.1617165411083383,90,-2.1349751449363463,WLS,117,0.026741396171992005
0,x_tcsc,1-14,-0.13679401535219646,91,-0.1368052845748615,WLS,117,1.1269222665033496e-05
1,B_svc,2,0.2861722304891315,91,0.2870556937323049,WLS,117,0.0008834632431733991
2,UPFC_Vsh,5-15,1.1069917571067225,91,1.1069375195749371,WLS,117,5.423753178535051e-05
3,UPFC_tsh,5-15,-0.22881994602610775,91,-0.22869827424353983,WLS,117,0.000121671782567917
4,UPFC_Vse,5-15,0.06025503748444283,91,0.05842137802186497,WLS,117,0.0018336594625778593
5,UPFC_tse,5-15,-2.156880320447759,91,-2.1349751449363463,WLS,117,0.0219051755114128
0,x_tcsc,1-14,-0.13678426969380555,92,-0.1368052845748615,WLS,117,2.1014881055936296e-05
1,B_svc,2,0.2865670500304484,92,0.2870556937323049,WLS,117,0.0004886437018564727
2,UPFC_Vsh,5-15,1.107064553051715,92,1.1069375195749371,WLS,117,0.00012703347677778254
3,UPFC_tsh,5-15,-0.22877386317290851,92,-0.22869827424353983,WLS,117,7.558892936868067e-05
4,UPFC_Vse,5-15,0.06014487348833907,92,0.05842137802186497,WLS,117,0.001723495466474101
5,UPFC_tse,5-15,-2.157392600680932,92,-2.1349751449363463,WLS,117,0.022417455744585535
0,x_tcsc,1-14,-0.13681580979707383,93,-0.1368052845748615,WLS,117,1.0525222212343088e-05
1,B_svc,2,0.2862488240392393,93,0.2870556937323049,WLS,117,0.0008068696930655928
2,UPFC_Vsh,5-15,1.1069688101252528,93,1.1069375195749371,WLS,117,3.129055031569905e-05
3,UPFC_tsh,5-15,-0.22883020570491336,93,-0.22869827424353983,WLS,117,0.00013193146137352452
4,UPFC_Vse,5-15,0.06036367636116337,93,0.05842137802186497,WLS,117,0.001942298339298397
5,UPFC_tse,5-15,-2.1575064914441096,93,-2.1349751449363463,WLS,117,0.022531346507763228
0,x_tcsc,1-14,-0.13681595001443894,94,-0.1368052845748615,WLS,117,1.0665439577450808e-05
1,B_svc,2,0.28648552353768114,94,0.2870556937323049,WLS,117,0.0005701701946237425
2,UPFC_Vsh,5-15,1.1067851505008008,94,1.1069375195749371,WLS,117,0.00015236907413629375
3,UPFC_tsh,5-15,-0.22886061060625884,94,-0.22869827424353983,WLS,117,0.00016233636271900664
4,UPFC_Vse,5-15,0.059707920061717434,94,0.05842137802186497,WLS,117,0.0012865420398524632
5,UPFC_tse,5-15,-2.158254506998536,94,-2.1349751449363463,WLS,117,0.023279362062189612
0,x_tcsc,1-14,-0.1367890523956862,95,-0.1368052845748615,WLS,117,1.623217917529063e-05
1,B_svc,2,0.2868135040604162,95,0.2870556937323049,WLS,117,0.00024218967188865959
2,UPFC_Vsh,5-15,1.107014715905468,95,1.1069375195749371,WLS,117,7.719633053082653e-05
3,UPFC_tsh,5-15,-0.22884978921511415,95,-0.22869827424353983,WLS,117,0.00015151497157431248
4,UPFC_Vse,5-15,0.060160697025126074,95,0.05842137802186497,WLS,117,0.0017393190032611028
5,UPFC_tse,5-15,-2.156596629314067,95,-2.1349751449363463,WLS,117,0.021621484377720712
0,x_tcsc,1-14,-0.13677786399716452,96,-0.1368052845748615,WLS,117,2.7420577696973814e-05
1,B_svc,2,0.2871908120080935,96,0.2870556937323049,WLS,117,0.0001351182757886038
2,UPFC_Vsh,5-15,1.1065836984490025,96,1.1069375195749371,WLS,117,0.000353821125934628
3,UPFC_tsh,5-15,-0.22882886791056495,96,-0.22869827424353983,WLS,117,0.000130593667025114
4,UPFC_Vse,5-15,0.06003775436868836,96,0.05842137802186497,WLS,117,0.0016163763468233922
5,UPFC_tse,5-15,-2.1601432583466718,96,-2.1349751449363463,WLS,117,0.025168113410325432
0,x_tcsc,1-14,-0.1368019923533152,97,-0.1368052845748615,WLS,117,3.2922215462971582e-06
1,B_svc,2,0.2868591162156044,97,0.2870556937323049,WLS,117,0.00019657751670049128
2,UPFC_Vsh,5-15,1.10685505211236,97,1.1069375195749371,WLS,117,8.246746257722926e-05
3,UPFC_tsh,5-15,-0.22885929657413814,97,-0.22869827424353983,WLS,117,0.0001610223305983094
4,UPFC_Vse,5-15,0.05978888672076345,97,0.05842137802186497,WLS,117,0.0013675086988984772
5,UPFC_tse,5-15,-2.158680980565124,97,-2.1349751449363463,WLS,117,0.023705835628777816
0,x_tcsc,1-14,-0.1367775307575613,98,-0.1368052845748615,WLS,117,2.775381730019122e-05
1,B_svc,2,0.28672987497122304,98,0.2870556937323049,WLS,117,0.00032581876108184193
2,UPFC_Vsh,5-15,1.1072673095441352,98,1.1069375195749371,WLS,117,0.0003297899691980799
3,UPFC_tsh,5-15,-0.22884215886994663,98,-0.22869827424353983,WLS,117,0.00014388462640679833
4,UPFC_Vse,5-15,0.060052349138921095,98,0.05842137802186497,WLS,117,0.0016309711170561236
5,UPFC_tse,5-15,-2.1603818495885685,98,-2.1349751449363463,WLS,117,0.025406704652222167
0,x_tcsc,1-14,-0.13678681311708712,99,-0.1368052845748615,WLS,117,1.8471457774366096e-05
1,B_svc,2,0.2866215064642491,99,0.2870556937323049,WLS,117,0.00043418726805577457
2,UPFC_Vsh,5-15,1.1068436350593531,99,1.1069375195749371,WLS,117,9.388451558400845e-05
3,UPFC_tsh,5-15,-0.2288540119767956,99,-0.22869827424353983,WLS,117,0.00015573773325577855
4,UPFC_Vse,5-15,0.06019319934964283,99,0.05842137802186497,WLS,117,0.0017718213277778602
5,UPFC_tse,5-15,-2.1588249999184415,99,-2.1349751449363463,WLS,117,0.02384985498209513
0,x_tcsc,1-14,-0.13661178687920786,0,-0.13661769123123776,WLS,119,5.904352029906246e-06
1,B_svc,2,0.28505293337703735,0,0.2855746346746997,WLS,119,0.0005217012976623248
2,UPFC_Vsh,5-15,1.1071804152627456,0,1.1057641959097058,WLS,119,0.001416219353039816
3,UPFC_tsh,5-15,-0.22820127788182706,0,-0.2281284311092331,WLS,119,7.284677259397632e-05
4,UPFC_Vse,5-15,0.06033617518936232,0,0.06021542330505817,WLS,119,0.00012075188430415301
5,UPFC_tse,5-15,-2.1641447631180792,0,-2.149220411745121,WLS,119,0.014924351372958444
0,x_tcsc,1-14,-0.1366368813347104,1,-0.13661769123123776,WLS,119,1.9190103472649378e-05
1,B_svc,2,0.28513120581623924,1,0.2855746346746997,WLS,119,0.00044342885846043734
2,UPFC_Vsh,5-15,1.1068036468746836,1,1.1057641959097058,WLS,119,0.0010394509649778172
3,UPFC_tsh,5-15,-0.22827515455121217,1,-0.2281284311092331,WLS,119,0.00014672344197907972
4,UPFC_Vse,5-15,0.06107407354419638,1,0.06021542330505817,WLS,119,0.0008586502391382117
5,UPFC_tse,5-15,-2.158898275316799,1,-2.149220411745121,WLS,119,0.009677863571678103
0,x_tcsc,1-14,-0.13665303368682652,2,-0.13661769123123776,WLS,119,3.534245558875493e-05
1,B_svc,2,0.284844076069313,2,0.2855746346746997,WLS,119,0.0007305586053866775
2,UPFC_Vsh,5-15,1.1070143548451128,2,1.1057641959097058,WLS,119,0.0012501589354070308
3,UPFC_tsh,5-15,-0.22826979542434858,2,-0.2281284311092331,WLS,119,0.0001413643151154942
4,UPFC_Vse,5-15,0.061048953372787915,2,0.06021542330505817,WLS,119,0.0008335300677297444
5,UPFC_tse,5-15,-2.155946497506211,2,-2.149220411745121,WLS,119,0.006726085761090239
0,x_tcsc,1-14,-0.13665544146767633,3,-0.13661769123123776,WLS,119,3.775023643856623e-05
1,B_svc,2,0.28540776005099966,3,0.2855746346746997,WLS,119,0.0001668746237000196
2,UPFC_Vsh,5-15,1.1071802620690763,3,1.1057641959097058,WLS,119,0.0014160661593705104
3,UPFC_tsh,5-15,-0.22827989461971188,3,-0.2281284311092331,WLS,119,0.0001514635104787887
4,UPFC_Vse,5-15,0.060797696023089036,3,0.06021542330505817,WLS,119,0.0005822727180308657
5,UPFC_tse,5-15,-2.159471112083693,3,-2.149220411745121,WLS,119,0.010250700338572116
0,x_tcsc,1-14,-0.13663326905705553,4,-0.13661769123123776,WLS,119,1.5577825817764124e-05
1,B_svc,2,0.28572977669927024,4,0.2855746346746997,WLS,119,0.0001551420245705648
2,UPFC_Vsh,5-15,1.1070299095119183,4,1.1057641959097058,WLS,119,0.0012657136022125037
3,UPFC_tsh,5-15,-0.22822741537935745,4,-0.2281284311092331,WLS,119,9.898427012436373e-05
4,UPFC_Vse,5-15,0.060418612099981,4,0.06021542330505817,WLS,119,0.00020318879492282893
5,UPFC_tse,5-15,-2.1608698913887614,4,-2.149220411745121,WLS,119,0.011649479643640603
0,x_tcsc,1-14,-0.13665525343774063,5,-0.13661769123123776,WLS,119,3.756220650286135e-05
1,B_svc,2,0.2849373315476531,5,0.2855746346746997,WLS,119,0.0006373031270465734
2,UPFC_Vsh,5-15,1.107291397041511,5,1.1057641959097058,WLS,119,0.001527201131805267
3,UPFC_tsh,5-15,-0.22824436995780364,5,-0.2281284311092331,WLS,119,0.00011593884857055703
4,UPFC_Vse,5-15,0.06088114015583735,5,0.06021542330505817,WLS,119,0.00066571685077918
5,UPFC_tse,5-15,-2.1598773806590748,5,-2.149220411745121,WLS,119,0.010656968913953957
0,x_tcsc,1-14,-0.13663151600384055,6,-0.13661769123123776,WLS,119,1.382477260278292e-05
1,B_svc,2,0.2849841568271255,6,0.2855746346746997,WLS,119,0.0005904778475741557
2,UPFC_Vsh,5-15,1.106900744110803,6,1.1057641959097058,WLS,119,0.0011365482010972094
3,UPFC_tsh,5-15,-0.22828865185345476,6,-0.2281284311092331,WLS,119,0.00016022074422167298
4,UPFC_Vse,5-15,0.06040717265454571,6,0.06021542330505817,WLS,119,0.00019174934948754108
5,UPFC_tse,5-15,-2.15943835697626,6,-2.149220411745121,WLS,119,0.010217945231139058
0,x_tcsc,1-14,-0.13663549231622668,7,-0.13661769123123776,WLS,119,1.7801084988916527e-05
1,B_svc,2,0.28510786005735217,7,0.2855746346746997,WLS,119,0.0004667746173475096
2,UPFC_Vsh,5-15,1.1073258466661353,7,1.1057641959097058,WLS,119,0.0015616507564295556
3,UPFC_tsh,5-15,-0.228208626919037,7,-0.2281284311092331,WLS,119,8.019580980392349e-05
4,UPFC_Vse,5-15,0.060502846846736215,7,0.06021542330505817,WLS,119,0.0002874235416780446
5,UPFC_tse,5-15,-2.159804410523022,7,-2.149220411745121,WLS,119,0.010583998777901282
0,x_tcsc,1-14,-0.1366385459487976,8,-0.13661769123123776,WLS,119,2.0854717559831704e-05
1,B_svc,2,0.28517908336963266,8,0.2855746346746997,WLS,119,0.0003955513050670212
2,UPFC_Vsh,5-15,1.10695010830295,8,1.1057641959097058,WLS,119,0.0011859123932442817
3,UPFC_tsh,5-15,-0.2282731934391876,8,-0.2281284311092331,WLS,119,0.0001447623299545009
4,UPFC_Vse,5-15,0.060569058122087245,8,0.06021542330505817,WLS,119,0.00035363481702907484
5,UPFC_tse,5-15,-2.158378251849743,8,-2.149220411745121,WLS,119,0.009157840104622395
0,x_tcsc,1-14,-0.13665178627498145,9,-0.13661769123123776,WLS,119,3.4095043743687103e-05
1,B_svc,2,0.2849980371819902,9,0.2855746346746997,WLS,119,0.0005765974927094963
2,UPFC_Vsh,5-15,1.1066873828411097,9,1.1057641959097058,WLS,119,0.0009231869314039187
3,UPFC_tsh,5-15,-0.2282827242730294,9,-0.2281284311092331,WLS,119,0.00015429316379630964
4,UPFC_Vse,5-15,0.06078432685999234,9,0.06021542330505817,WLS,119,0.0005689035549341706
5,UPFC_tse,5-15,-2.1571891403131542,9,-2.149220411745121,WLS,119,0.007968728568033434
0,x_tcsc,1-14,-0.13663558537810205,10,-0.13661769123123776,WLS,119,1.789414686428903e-05
1,B_svc,2,0.2851175917477761,10,0.2855746346746997,WLS,119,0.0004570429269235565
2,UPFC_Vsh,5-15,1.1070933326418533,10,1.1057641959097058,WLS,119,0.0013291367321475178
3,UPFC_tsh,5-15,-0.22829152435225683,10,-0.2281284311092331,WLS,119,0.00016309324302374306
4,UPFC_Vse,5-15,0.0612188549882002,10,0.06021542330505817,WLS,119,0.0010034316831420281
5,UPFC_tse,5-15,-2.1573464935453304,10,-2.149220411745121,WLS,119,0.008126081800209572
0,x_tcsc,1-14,-0.1366096407261123,11,-0.13661769123123776,WLS,119,8.050505125450913e-06
1,B_svc,2,0.28526339425602076,11,0.2855746346746997,WLS,119,0.0003112404186789153
2,UPFC_Vsh,5-15,1.107085036151816,11,1.1057641959097058,WLS,119,0.0013208402421103216
3,UPFC_tsh,5-15,-0.22824961745897604,11,-0.2281284311092331,WLS,119,0.00012118634974295217
4,UPFC_Vse,5-15,0.06069533837405742,11,0.06021542330505817,WLS,119,0.0004799150689992482
5,UPFC_tse,5-15,-2.155675703946455,11,-2.149220411745121,WLS,119,0.006455292201334117
0,x_tcsc,1-14,-0.1366404695723325,12,-0.13661769123123776,WLS,119,2.2778341094736865e-05
1,B_svc,2,0.28460345209711047,12,0.2855746346746997,WLS,119,0.0009711825775892136
2,UPFC_Vsh,5-15,1.1072176457921328,12,1.1057641959097058,WLS,119,0.001453449882427016
3,UPFC_tsh,5-15,-0.2282537124631038,12,-0.2281284311092331,WLS,119,0.00012528135387071537
4,UPFC_Vse,5-15,0.06119896564576706,12,0.06021542330505817,WLS,119,0.0009835423407088886
5,UPFC_tse,5-15,-2.152946878106063,12,-2.149220411745121,WLS,119,0.0037264663609422044
0,x_tcsc,1-14,-0.13661254016502813,13,-0.13661769123123776,WLS,119,5.1510662096299065e-06
1,B_svc,2,0.2848915026698977,13,0.2855746346746997,WLS,119,0.0006831320048019673
2,UPFC_Vsh,5-15,1.106848616640187,13,1.1057641959097058,WLS,119,0.001084420730481206
3,UPFC_tsh,5-15,-0.22824721088686026,13,-0.2281284311092331,WLS,119,0.0001187797776271704
4,UPFC_Vse,5-15,0.06042216953098508,13,0.06021542330505817,WLS,119,0.00020674622592690983
5,UPFC_tse,5-15,-2.159236635386311,13,-2.149220411745121,WLS,119,0.010016223641190258
0,x_tcsc,1-14,-0.13664623161146663,14,-0.13661769123123776,WLS,119,2.8540380228869733e-05
1,B_svc,2,0.2852927640365678,14,0.2855746346746997,WLS,119,0.00028187063813189805
2,UPFC_Vsh,5-15,1.106969013755938,14,1.1057641959097058,WLS,119,0.0012048178462322756
3,UPFC_tsh,5-15,-0.22826735675799265,14,-0.2281284311092331,WLS,119,0.00013892564875955804
4,UPFC_Vse,5-15,0.0608414770358105,14,0.06021542330505817,WLS,119,0.0006260537307523281
5,UPFC_tse,5-15,-2.159632625465737,14,-2.149220411745121,WLS,119,0.010412213720616403
0,x_tcsc,1-14,-0.13662205154510584,15,-0.13661769123123776,WLS,119,4.360313868079224e-06
1,B_svc,2,0.2848517122356406,15,0.2855746346746997,WLS,119,0.0007229224390590816
2,UPFC_Vsh,5-15,1.1069635660604495,15,1.1057641959097058,WLS,119,0.0011993701507437837
3,UPFC_tsh,5-15,-0.22816774670131523,15,-0.2281284311092331,WLS,119,3.93155920821453e-05
4,UPFC_Vse,5-15,0.06030406130031704,15,0.06021542330505817,WLS,119,8.86379952588709e-05
5,UPFC_tse,5-15,-2.157878371217609,15,-2.149220411745121,WLS,119,0.008657959472488042
0,x_tcsc,1-14,-0.1366305315433396,16,-0.13661769123123776,WLS,119,1.2840312101830564e-05
1,B_svc,2,0.285306087023584,16,0.2855746346746997,WLS,119,0.00026854765111566925
2,UPFC_Vsh,5-15,1.1069328955182758,16,1.1057641959097058,WLS,119,0.001168699608570023
3,UPFC_tsh,5-15,-0.22826136514505957,16,-0.2281284311092331,WLS,119,0.0001329340358264819
4,UPFC_Vse,5-15,0.06112013921922604,16,0.06021542330505817,WLS,119,0.0009047159141678668
5,UPFC_tse,5-15,-2.159019435057066,16,-2.149220411745121,WLS,119,0.009799023311945376
0,x_tcsc,1-14,-0.13663430358066014,17,-0.13661769123123776,WLS,119,1.6612349422379102e-05
1,B_svc,2,0.2850585336453957,17,0.2855746346746997,WLS,119,0.0005161010293039947
2,UPFC_Vsh,5-15,1.1068368530794956,17,1.1057641959097058,WLS,119,0.0010726571697898812
3,UPFC_tsh,5-15,-0.2282566585939069,17,-0.2281284311092331,WLS,119,0.00012822748467380962
4,UPFC_Vse,5-15,0.06054613943688373,17,0.06021542330505817,WLS,119,0.00033071613182555915
5,UPFC_tse,5-15,-2.1554580647265307,17,-2.149220411745121,WLS,119,0.00623765298140988
0,x_tcsc,1-14,-0.1366319850931128,18,-0.13661769123123776,WLS,119,1.4293861875042113e-05
1,B_svc,2,0.28523168258145665,18,0.2855746346746997,WLS,119,0.0003429520932430319
2,UPFC_Vsh,5-15,1.1067760392060983,18,1.1057641959097058,WLS,119,0.0010118432963925894
3,UPFC_tsh,5-15,-0.22821083535746098,18,-0.2281284311092331,WLS,119,8.240424822789083e-05
4,UPFC_Vse,5-15,0.06046683589696288,18,0.06021542330505817,WLS,119,0.0002514125919047122
5,UPFC_tse,5-15,-2.159170204566167,18,-2.149220411745121,WLS,119,0.009949792821046355
0,x_tcsc,1-14,-0.13663395447241308,19,-0.13661769123123776,WLS,119,1.62632411753183e-05
1,B_svc,2,0.28476783852090687,19,0.2855746346746997,WLS,119,0.0008067961537928103
2,UPFC_Vsh,5-15,1.106909705493054,19,1.1057641959097058,WLS,119,0.0011455095833481366
3,UPFC_tsh,5-15,-0.22826719151208213,19,-0.2281284311092331,WLS,119,0.00013876040284904745
4,UPFC_Vse,5-15,0.060938438897278485,19,0.06021542330505817,WLS,119,0.0007230155922203149
5,UPFC_tse,5-15,-2.158360726904664,19,-2.149220411745121,WLS,119,0.009140315159543277
0,x_tcsc,1-14,-0.1366412172775701,20,-0.13661769123123776,WLS,119,2.3526046332322803e-05
1,B_svc,2,0.2851051610418253,20,0.2855746346746997,WLS,119,0.00046947363287436206
2,UPFC_Vsh,5-15,1.1072526735841348,20,1.1057641959097058,WLS,119,0.0014884776744290562
3,UPFC_tsh,5-15,-0.2282326809325004,20,-0.2281284311092331,WLS,119,0.00010424982326731613
4,UPFC_Vse,5-15,0.060493635240063126,20,0.06021542330505817,WLS,119,0.00027821193500495583
5,UPFC_tse,5-15,-2.1627247827550136,20,-2.149220411745121,WLS,119,0.013504371009892768
0,x_tcsc,1-14,-0.1366516039502536,21,-0.13661769123123776,WLS,119,3.391271901584392e-05
1,B_svc,2,0.28496224753740657,21,0.2855746346746997,WLS,119,0.0006123871372931133
2,UPFC_Vsh,5-15,1.1072127695197063,21,1.1057641959097058,WLS,119,0.0014485736100005031
3,UPFC_tsh,5-15,-0.22823945330265874,21,-0.2281284311092331,WLS,119,0.00011102219342565278
4,UPFC_Vse,5-15,0.06040516369320821,21,0.06021542330505817,WLS,119,0.00018974038815004063
5,UPFC_tse,5-15,-2.1592190482197626,21,-2.149220411745121,WLS,119,0.009998636474641831
0,x_tcsc,1-14,-0.1366179829526231,22,-0.13661769123123776,WLS,119,2.9172138532596037e-07
1,B_svc,2,0.2849433307687651,22,0.2855746346746997,WLS,119,0.0006313039059345771
2,UPFC_Vsh,5-15,1.1070577851228016,22,1.1057641959097058,WLS,119,0.0012935892130958582
3,UPFC_tsh,5-15,-0.22822254931198452,22,-0.2281284311092331,WLS,119,9.41182027514309e-05
4,UPFC_Vse,5-15,0.060335416502399715,22,0.06021542330505817,WLS,119,0.00011999319734154468
5,UPFC_tse,5-15,-2.159277090465359,22,-2.149220411745121,WLS,119,0.010056678720238299
0,x_tcsc,1-14,-0.136630204863189,23,-0.13661769123123776,WLS,119,1.2513631951233117e-05
1,B_svc,2,0.2850535398534178,23,0.2855746346746997,WLS,119,0.0005210948212818756
2,UPFC_Vsh,5-15,1.1068502996836547,23,1.1057641959097058,WLS,119,0.0010861037739489099
3,UPFC_tsh,5-15,-0.2282539873925903,23,-0.2281284311092331,WLS,119,0.00012555628335722546
4,UPFC_Vse,5-15,0.06068453254180743,23,0.06021542330505817,WLS,119,0.00046910923674926136
5,UPFC_tse,5-15,-2.1610023200158754,23,-2.149220411745121,WLS,119,0.011781908270754649
0,x_tcsc,1-14,-0.13663433720519474,24,-0.13661769123123776,WLS,119,1.6645973956980198e-05
1,B_svc,2,0.285086358392498,24,0.2855746346746997,WLS,119,0.00048827628220166064
2,UPFC_Vsh,5-15,1.1068983310399851,24,1.1057641959097058,WLS,119,0.001134135130279379
3,UPFC_tsh,5-15,-0.22827464123111174,24,-0.2281284311092331,WLS,119,0.0001462101218786538
4,UPFC_Vse,5-15,0.06059036797569073,24,0.06021542330505817,WLS,119,0.0003749446706325585
5,UPFC_tse,5-15,-2.1598410250738795,24,-2.149220411745121,WLS,119,0.010620613328758743
0,x_tcsc,1-14,-0.13663059486602142,25,-0.13661769123123776,WLS,119,1.2903634783650864e-05
1,B_svc,2,0.28512212378275026,25,0.2855746346746997,WLS,119,0.0004525108919494203
2,UPFC_Vsh,5-15,1.1069218827620824,25,1.1057641959097058,WLS,119,0.0011576868523766048
3,UPFC_tsh,5-15,-0.22829248039856925,25,-0.2281284311092331,WLS,119,0.00016404928933616558
4,UPFC_Vse,5-15,0.06083916892980311,25,0.06021542330505817,WLS,119,0.0006237456247449383
5,UPFC_tse,5-15,-2.1616309118598918,25,-2.149220411745121,WLS,119,0.012410500114770961
0,x_tcsc,1-14,-0.13663357214183944,26,-0.13661769123123776,WLS,119,1.5880910601673293e-05
1,B_svc,2,0.28538833363191274,26,0.2855746346746997,WLS,119,0.00018630104278694049
2,UPFC_Vsh,5-15,1.1067878323021618,26,1.1057641959097058,WLS,119,0.001023636392456062
3,UPFC_tsh,5-15,-0.2283008292019114,26,-0.2281284311092331,WLS,119,0.00017239809267829975
4,UPFC_Vse,5-15,0.0608840214671385,26,0.06021542330505817,WLS,119,0.0006685981620803277
5,UPFC_tse,5-15,-2.1614840154787758,26,-2.149220411745121,WLS,119,0.012263603733654982
0,x_tcsc,1-14,-0.13664006215063898,27,-0.13661769123123776,WLS,119,2.2370919401215605e-05
1,B_svc,2,0.2851968385495594,27,0.2855746346746997,WLS,119,0.00037779612514027283
2,UPFC_Vsh,5-15,1.1071958141578169,27,1.1057641959097058,WLS,119,0.0014316182481111106
3,UPFC_tsh,5-15,-0.22826420047479123,27,-0.2281284311092331,WLS,119,0.00013576936555814711
4,UPFC_Vse,5-15,0.06080755620363627,27,0.06021542330505817,WLS,119,0.000592132898578103
5,UPFC_tse,5-15,-2.1594243844643377,27,-2.149220411745121,WLS,119,0.010203972719216914
0,x_tcsc,1-14,-0.1366316567625227,28,-0.13661769123123776,WLS,119,1.3965531284937382e-05
1,B_svc,2,0.28466380487421755,28,0.2855746346746997,WLS,119,0.0009108298004821269
2,UPFC_Vsh,5-15,1.107227384528881,28,1.1057641959097058,WLS,119,0.0014631886191751597
3,UPFC_tsh,5-15,-0.22825881356801211,28,-0.2281284311092331,WLS,119,0.000130382458779027
4,UPFC_Vse,5-15,0.06046348360668049,28,0.06021542330505817,WLS,119,0.00024806030162231874
5,UPFC_tse,5-15,-2.1618761665854307,28,-2.149220411745121,WLS,119,0.012655754840309896
0,x_tcsc,1-14,-0.13662475330204343,29,-0.13661769123123776,WLS,119,7.062070805669007e-06
1,B_svc,2,0.2848311328117355,29,0.2855746346746997,WLS,119,0.0007435018629641799
2,UPFC_Vsh,5-15,1.106933238754434,29,1.1057641959097058,WLS,119,0.0011690428447281853
3,UPFC_tsh,5-15,-0.2282069513610588,29,-0.2281284311092331,WLS,119,7.852025182572553e-05
4,UPFC_Vse,5-15,0.06079903579836819,29,0.06021542330505817,WLS,119,0.000583612493310022
5,UPFC_tse,5-15,-2.1574715002207854,29,-2.149220411745121,WLS,119,0.00825108847566458
0,x_tcsc,1-14,-0.13662308451286512,30,-0.13661769123123776,WLS,119,5.393281627352753e-06
1,B_svc,2,0.2847270285542126,30,0.2855746346746997,WLS,119,0.0008476061204870655
2,UPFC_Vsh,5-15,1.1067227494338352,30,1.1057641959097058,WLS,119,0.0009585535241294352
3,UPFC_tsh,5-15,-0.22821614105334062,30,-0.2281284311092331,WLS,119,8.770994410753352e-05
4,UPFC_Vse,5-15,0.06060292713455981,30,0.06021542330505817,WLS,119,0.00038750382950163836
5,UPFC_tse,5-15,-2.160140943709457,30,-2.149220411745121,WLS,119,0.010920531964336178
0,x_tcsc,1-14,-0.13663680379083987,31,-0.13661769123123776,WLS,119,1.9112559602102452e-05
1,B_svc,2,0.2851365300734851,31,0.2855746346746997,WLS,119,0.00043810460121457284
2,UPFC_Vsh,5-15,1.1070925596341818,31,1.1057641959097058,WLS,119,0.0013283637244760893
3,UPFC_tsh,5-15,-0.22820231765208218,31,-0.2281284311092331,WLS,119,7.388654284909424e-05
4,UPFC_Vse,5-15,0.06067931607646154,31,0.06021542330505817,WLS,119,0.0004638927714033722
5,UPFC_tse,5-15,-2.1601056410987662,31,-2.149220411745121,WLS,119,0.010885229353645443
0,x_tcsc,1-14,-0.1366397882548729,32,-0.13661769123123776,WLS,119,2.2097023635148094e-05
1,B_svc,2,0.2852374322439581,32,0.2855746346746997,WLS,119,0.00033720243074158995
2,UPFC_Vsh,5-15,1.1068344400485859,32,1.1057641959097058,WLS,119,0.0010702441388801276
3,UPFC_tsh,5-15,-0.22824014488097022,32,-0.2281284311092331,WLS,119,0.00011171377173713193
4,UPFC_Vse,5-15,0.06029134367521834,32,0.06021542330505817,WLS,119,7.592037016016656e-05
5,UPFC_tse,5-15,-2.1623849631132197,32,-2.149220411745121,WLS,119,0.013164551368098909
0,x_tcsc,1-14,-0.13663130393425568,33,-0.13661769123123776,WLS,119,1.3612703017917838e-05
1,B_svc,2,0.28545201453082003,33,0.2855746346746997,WLS,119,0.00012262014387964815
2,UPFC_Vsh,5-15,1.107239808537812,33,1.1057641959097058,WLS,119,0.0014756126281061377
3,UPFC_tsh,5-15,-0.22824286265383295,33,-0.2281284311092331,WLS,119,0.00011443154459986338
4,UPFC_Vse,5-15,0.06057356739894987,33,0.06021542330505817,WLS,119,0.0003581440938916977
5,UPFC_tse,5-15,-2.159605751637939,33,-2.149220411745121,WLS,119,0.010385339892818202
0,x_tcsc,1-14,-0.13664632685512446,34,-0.13661769123123776,WLS,119,2.8635623886691386e-05
1,B_svc,2,0.2846412587753994,34,0.2855746346746997,WLS,119,0.0009333758993002594
2,UPFC_Vsh,5-15,1.107180695335272,34,1.1057641959097058,WLS,119,0.00141649942556632
3,UPFC_tsh,5-15,-0.22822160752369441,34,-0.2281284311092331,WLS,119,9.317641446132674e-05
4,UPFC_Vse,5-15,0.060703269263665156,34,0.06021542330505817,WLS,119,0.0004878459586069861
5,UPFC_tse,5-15,-2.1593744007000213,34,-2.149220411745121,WLS,119,0.010153988954900495
0,x_tcsc,1-14,-0.13664409110797415,35,-0.13661769123123776,WLS,119,2.6399876736388217e-05
1,B_svc,2,0.2853081677420296,35,0.2855746346746997,WLS,119,0.00026646693267007304
2,UPFC_Vsh,5-15,1.1072710237633827,35,1.1057641959097058,WLS,119,0.0015068278536769508
3,UPFC_tsh,5-15,-0.2281706817551838,35,-0.2281284311092331,WLS,119,4.225064595070327e-05
4,UPFC_Vse,5-15,0.06062753962977822,35,0.06021542330505817,WLS,119,0.00041211632472004656
5,UPFC_tse,5-15,-2.1597321550561475,35,-2.149220411745121,WLS,119,0.010511743311026667
0,x_tcsc,1-14,-0.13663822874212994,36,-0.13661769123123776,WLS,119,2.0537510892176813e-05
1,B_svc,2,0.28512141939694036,36,0.2855746346746997,WLS,119,0.00045321527775932235
2,UPFC_Vsh,5-15,1.1071981644329854,36,1.1057641959097058,WLS,119,0.001433968523279594
3,UPFC_tsh,5-15,-0.2282550565256865,36,-0.2281284311092331,WLS,119,0.00012662541645341863
4,UPFC_Vse,5-15,0.06076818135795344,36,0.06021542330505817,WLS,119,0.0005527580528952719
5,UPFC_tse,5-15,-2.1615678286463473,36,-2.149220411745121,WLS,119,0.012347416901226538
0,x_tcsc,1-14,-0.13664825393864352,37,-0.13661769123123776,WLS,119,3.056270740575684e-05
1,B_svc,2,0.2854211503664811,37,0.2855746346746997,WLS,119,0.00015348430821859882
2,UPFC_Vsh,5-15,1.1073273946860145,37,1.1057641959097058,WLS,119,0.0015631987763087274
3,UPFC_tsh,5-15,-0.22820938427799226,37,-0.2281284311092331,WLS,119,8.095316875916803e-05
4,UPFC_Vse,5-15,0.059901508161792794,37,0.06021542330505817,WLS,119,0.00031391514326537667
5,UPFC_tse,5-15,-2.1648406682009242,37,-2.149220411745121,WLS,119,0.01562025645580345
0,x_tcsc,1-14,-0.1366182490671796,38,-0.13661769123123776,WLS,119,5.578359418279e-07
1,B_svc,2,0.28499855450422173,38,0.2855746346746997,WLS,119,0.0005760801704779439
2,UPFC_Vsh,5-15,1.1067967778197771,38,1.1057641959097058,WLS,119,0.001032581910071384
3,UPFC_tsh,5-15,-0.22829075245891894,38,-0.2281284311092331,WLS,119,0.00016232134968585665
4,UPFC_Vse,5-15,0.06089652689208331,38,0.06021542330505817,WLS,119,0.0006811035870251392
5,UPFC_tse,5-15,-2.1566512945245893,38,-2.149220411745121,WLS,119,0.007430882779468462
0,x_tcsc,1-14,-0.13663822965979816,39,-0.13661769123123776,WLS,119,2.0538428560396005e-05
1,B_svc,2,0.28532807909426383,39,0.2855746346746997,WLS,119,0.0002465555804358477
2,UPFC_Vsh,5-15,1.1071233278281396,39,1.1057641959097058,WLS,119,0.0013591319184338424
3,UPFC_tsh,5-15,-0.22820399421411958,39,-0.2281284311092331,WLS,119,7.55631048864891e-05
4,UPFC_Vse,5-15,0.060506001733462836,39,0.06021542330505817,WLS,119,0.0002905784284046656
5,UPFC_tse,5-15,-2.1577288405780237,39,-2.149220411745121,WLS,119,0.008508428832902926
0,x_tcsc,1-14,-0.13660940115712308,40,-0.13661769123123776,WLS,119,8.290074114680746e-06
1,B_svc,2,0.2848441364828116,40,0.2855746346746997,WLS,119,0.0007304981918880848
2,UPFC_Vsh,5-15,1.1071035571288632,40,1.1057641959097058,WLS,119,0.0013393612191574533
3,UPFC_tsh,5-15,-0.22822807204269638,40,-0.2281284311092331,WLS,119,9.964093346329084e-05
4,UPFC_Vse,5-15,0.0607094864298704,40,0.06021542330505817,WLS,119,0.0004940631248122329
5,UPFC_tse,5-15,-2.1594626902651917,40,-2.149220411745121,WLS,119,0.010242278520070869
0,x_tcsc,1-14,-0.136620492197957,41,-0.13661769123123776,WLS,119,2.8009667192296916e-06
1,B_svc,2,0.28553109684373007,41,0.2855746346746997,WLS,119,4.353783096960884e-05
2,UPFC_Vsh,5-15,1.1071985750453899,41,1.1057641959097058,WLS,119,0.0014343791356841162
3,UPFC_tsh,5-15,-0.22823669700499358,41,-0.2281284311092331,WLS,119,0.00010826589576048984
4,UPFC_Vse,5-15,0.0606774215934757,41,0.06021542330505817,WLS,119,0.0004619982884175311
5,UPFC_tse,5-15,-2.1615225984346367,41,-2.149220411745121,WLS,119,0.012302186689515882
0,x_tcsc,1-14,-0.13662790798222377,42,-0.13661769123123776,WLS,119,1.0216750986002943e-05
1,B_svc,2,0.28490921833510524,42,0.2855746346746997,WLS,119,0.0006654163395944379
2,UPFC_Vsh,5-15,1.10707451415236,42,1.1057641959097058,WLS,119,0.0013103182426541515
3,UPFC_tsh,5-15,-0.22822975242520396,42,-0.2281284311092331,WLS,119,0.0001013213159708759
4,UPFC_Vse,5-15,0.060656271741754336,42,0.06021542330505817,WLS,119,0.00044084843669616597
5,UPFC_tse,5-15,-2.1573753657409025,42,-2.149220411745121,WLS,119,0.0081549539957817
0,x_tcsc,1-14,-0.13664303975339617,43,-0.13661769123123776,WLS,119,2.5348522158408215e-05
1,B_svc,2,0.28472405626492964,43,0.2855746346746997,WLS,119,0.000850578409770042
2,UPFC_Vsh,5-15,1.1071410550572547,43,1.1057641959097058,WLS,119,0.0013768591475489256
3,UPFC_tsh,5-15,-0.2282321992338636,43,-0.2281284311092331,WLS,119,0.00010376812463050444
4,UPFC_Vse,5-15,0.06080000394284856,43,0.06021542330505817,WLS,119,0.0005845806377903912
5,UPFC_tse,5-15,-2.1589289185039306,43,-2.149220411745121,WLS,119,0.009708506758809854
0,x_tcsc,1-14,-0.1366488543781861,44,-0.13661769123123776,WLS,119,3.11631469483431e-05
1,B_svc,2,0.2849493680220821,44,0.2855746346746997,WLS,119,0.0006252666526175843
2,UPFC_Vsh,5-15,1.1068401288299627,44,1.1057641959097058,WLS,119,0.0010759329202569834
3,UPFC_tsh,5-15,-0.22826511411699663,44,-0.2281284311092331,WLS,119,0.00013668300776353837
4,UPFC_Vse,5-15,0.06066510634255412,44,0.06021542330505817,WLS,119,0.0004496830374959501
5,UPFC_tse,5-15,-2.1586997618845976,44,-2.149220411745121,WLS,119,0.009479350139476761
0,x_tcsc,1-14,-0.13663860929152918,45,-0.13661769123123776,WLS,119,2.0918060291419405e-05
1,B_svc,2,0.2849912933953645,45,0.2855746346746997,WLS,119,0.0005833412793351811
2,UPFC_Vsh,5-15,1.106844813945209,45,1.1057641959097058,WLS,119,0.0010806180355031891
3,UPFC_tsh,5-15,-0.22817331373587763,45,-0.2281284311092331,WLS,119,4.4882626644537904e-05
4,UPFC_Vse,5-15,0.060548515259446135,45,0.06021542330505817,WLS,119,0.00033309195438796513
5,UPFC_tse,5-15,-2.1588912430205953,45,-2.149220411745121,WLS,119,0.009670831275474523
0,x_tcsc,1-14,-0.1366457612898384,46,-0.13661769123123776,WLS,119,2.8070058600643266e-05
1,B_svc,2,0.28527072235828643,46,0.2855746346746997,WLS,119,0.00030391231641324623
2,UPFC_Vsh,5-15,1.1073067820129685,46,1.1057641959097058,WLS,119,0.0015425861032627441
3,UPFC_tsh,5-15,-0.22820399152411308,46,-0.2281284311092331,WLS,119,7.556041487999376e-05
4,UPFC_Vse,5-15,0.0605754876575751,46,0.06021542330505817,WLS,119,0.00036006435251693253
5,UPFC_tse,5-15,-2.1596756132591772,46,-2.149220411745121,WLS,119,0.010455201514056434
0,x_tcsc,1-14,-0.1366160316338772,47,-0.13661769123123776,WLS,119,1.6595973605648684e-06
1,B_svc,2,0.28474068321848,47,0.2855746346746997,WLS,119,0.0008339514562196726
2,UPFC_Vsh,5-15,1.1071045556602346,47,1.1057641959097058,WLS,119,0.001340359750528819
3,UPFC_tsh,5-15,-0.2282279759389696,47,-0.2281284311092331,WLS,119,9.954482973650869e-05
4,UPFC_Vse,5-15,0.0604710665504817,47,0.06021542330505817,WLS,119,0.00025564324542352856
5,UPFC_tse,5-15,-2.1554502354501914,47,-2.149220411745121,WLS,119,0.006229823705070636
0,x_tcsc,1-14,-0.1366130667915803,48,-0.13661769123123776,WLS,119,4.624439657457957e-06
1,B_svc,2,0.2850080452494399,48,0.2855746346746997,WLS,119,0.0005665894252597781
2,UPFC_Vsh,5-15,1.107081268453937,48,1.1057641959097058,WLS,119,0.0013170725442313014
3,UPFC_tsh,5-15,-0.22821863933076839,48,-0.2281284311092331,WLS,119,9.02082215352984e-05
4,UPFC_Vse,5-15,0.060737107031567095,48,0.06021542330505817,WLS,119,0.0005216837265089244
5,UPFC_tse,5-15,-2.16239976799145,48,-2.149220411745121,WLS,119,0.013179356246329377
0,x_tcsc,1-14,-0.13662536575633522,49,-0.13661769123123776,WLS,119,7.674525097450813e-06
1,B_svc,2,0.28469210817673896,49,0.2855746346746997,WLS,119,0.0008825264979607228
2,UPFC_Vsh,5-15,1.1072054814584102,49,1.1057641959097058,WLS,119,0.0014412855487044851
3,UPFC_tsh,5-15,-0.2281757687122401,49,-0.2281284311092331,WLS,119,4.733760300701384e-05
4,UPFC_Vse,5-15,0.06075101695631141,49,0.06021542330505817,WLS,119,0.0005355936512532397
5,UPFC_tse,5-15,-2.1616661471563963,49,-2.149220411745121,WLS,119,0.012445735411275471
0,x_tcsc,1-14,-0.1366280664578335,50,-0.13661769123123776,WLS,119,1.0375226595749076e-05
1,B_svc,2,0.2848966637427831,50,0.2855746346746997,WLS,119,0.0006779709319165717
2,UPFC_Vsh,5-15,1.1070788062939376,50,1.1057641959097058,WLS,119,0.0013146103842318624
3,UPFC_tsh,5-15,-0.22819881619992072,50,-0.2281284311092331,WLS,119,7.038509068763021e-05
4,UPFC_Vse,5-15,0.060773107924188455,50,0.06021542330505817,WLS,119,0.0005576846191302845
5,UPFC_tse,5-15,-2.158781530739143,50,-2.149220411745121,WLS,119,0.009561118994022344
0,x_tcsc,1-14,-0.13663873050319494,51,-0.13661769123123776,WLS,119,2.1039271957179473e-05
1,B_svc,2,0.28489278493625037,51,0.2855746346746997,WLS,119,0.0006818497384493138
2,UPFC_Vsh,5-15,1.1068728158748953,51,1.1057641959097058,WLS,119,0.0011086199651895168
3,UPFC_tsh,5-15,-0.22824153425428506,51,-0.2281284311092331,WLS,119,0.00011310314505197372
4,UPFC_Vse,5-15,0.06057995640971033,51,0.06021542330505817,WLS,119,0.00036453310465216215
5,UPFC_tse,5-15,-2.1577445681081064,51,-2.149220411745121,WLS,119,0.008524156362985646
0,x_tcsc,1-14,-0.13662113580696347,52,-0.13661769123123776,WLS,119,3.444575725708443e-06
1,B_svc,2,0.28511604799576296,52,0.2855746346746997,WLS,119,0.0004585866789367232
2,UPFC_Vsh,5-15,1.1073026910492352,52,1.1057641959097058,WLS,119,0.0015384951395294166
3,UPFC_tsh,5-15,-0.22820712716794384,52,-0.2281284311092331,WLS,119,7.86960587107477e-05
4,UPFC_Vse,5-15,0.0605318289379171,52,0.06021542330505817,WLS,119,0.0003164056328589307
5,UPFC_tse,5-15,-2.1588931889285523,52,-2.149220411745121,WLS,119,0.009672777183431513
0,x_tcsc,1-14,-0.1366340752943747,53,-0.13661769123123776,WLS,119,1.638406313694829e-05
1,B_svc,2,0.28544662333836895,53,0.2855746346746997,WLS,119,0.00012801133633072448
2,UPFC_Vsh,5-15,1.1074336846711528,53,1.1057641959097058,WLS,119,0.0016694887614470133
3,UPFC_tsh,5-15,-0.2282203736482396,53,-0.2281284311092331,WLS,119,9.194253900651761e-05
4,UPFC_Vse,5-15,0.06047180461960676,53,0.06021542330505817,WLS,119,0.00025638131454858853
5,UPFC_tse,5-15,-2.1571209942167147,53,-2.149220411745121,WLS,119,0.007900582471593864
0,x_tcsc,1-14,-0.13661769566253226,54,-0.13661769123123776,WLS,119,4.431294498008498e-09
1,B_svc,2,0.28537872788230634,54,0.2855746346746997,WLS,119,0.00019590679239334108
2,UPFC_Vsh,5-15,1.1067439153526353,54,1.1057641959097058,WLS,119,0.0009797194429295164
3,UPFC_tsh,5-15,-0.22828993487774904,54,-0.2281284311092331,WLS,119,0.0001615037685159526
4,UPFC_Vse,5-15,0.061082157133471385,54,0.06021542330505817,WLS,119,0.0008667338284132145
5,UPFC_tse,5-15,-2.1595994332101762,54,-2.149220411745121,WLS,119,0.010379021465055427
0,x_tcsc,1-14,-0.1366480100918555,55,-0.13661769123123776,WLS,119,3.0318860617745136e-05
1,B_svc,2,0.2855533495333814,55,0.2855746346746997,WLS,119,2.1285141318272416e-05
2,UPFC_Vsh,5-15,1.1067193417254813,55,1.1057641959097058,WLS,119,0.0009551458157754933
3,UPFC_tsh,5-15,-0.22827525865499432,55,-0.2281284311092331,WLS,119,0.00014682754576123003
4,UPFC_Vse,5-15,0.060693529663252074,55,0.06021542330505817,WLS,119,0.00047810635819390407
5,UPFC_tse,5-15,-2.161061759066212,55,-2.149220411745121,WLS,119,0.01184134732109099
0,x_tcsc,1-14,-0.13661358579695612,56,-0.13661769123123776,WLS,119,4.1054342816426725e-06
1,B_svc,2,0.28513208333157897,56,0.2855746346746997,WLS,119,0.00044255134312071176
2,UPFC_Vsh,5-15,1.1068824481006354,56,1.1057641959097058,WLS,119,0.0011182521909296472
3,UPFC_tsh,5-15,-0.22824256736896303,56,-0.2281284311092331,WLS,119,0.00011413625972994668
4,UPFC_Vse,5-15,0.060909332412255934,56,0.06021542330505817,WLS,119,0.000693909107197764
5,UPFC_tse,5-15,-2.1588519399521835,56,-2.149220411745121,WLS,119,0.0096315282070627
0,x_tcsc,1-14,-0.1366224650316463,57,-0.13661769123123776,WLS,119,4.773800408530704e-06
1,B_svc,2,0.284795426863395,57,0.2855746346746997,WLS,119,0.0007792078113046941
2,UPFC_Vsh,5-15,1.107150106188491,57,1.1057641959097058,WLS,119,0.0013859102787852073
3,UPFC_tsh,5-15,-0.22825078197119883,57,-0.2281284311092331,WLS,119,0.00012235086196574207
4,UPFC_Vse,5-15,0.060384111763856683,57,0.06021542330505817,WLS,119,0.00016868845879851324
5,UPFC_tse,5-15,-2.16028470241999,57,-2.149220411745121,WLS,119,0.011064290674869248
0,x_tcsc,1-14,-0.13663576699751914,58,-0.13661769123123776,WLS,119,1.807576628137797e-05
1,B_svc,2,0.28500566684008743,58,0.2855746346746997,WLS,119,0.000568967834612244
2,UPFC_Vsh,5-15,1.1067788923539685,58,1.1057641959097058,WLS,119,0.0010146964442627748
3,UPFC_tsh,5-15,-0.2282009258395811,58,-0.2281284311092331,WLS,119,7.249473034801057e-05
4,UPFC_Vse,5-15,0.060751391290978146,58,0.06021542330505817,WLS,119,0.0005359679859199759
5,UPFC_tse,5-15,-2.1579335341387464,58,-2.149220411745121,WLS,119,0.00871312239362565
0,x_tcsc,1-14,-0.13664892306240436,59,-0.13661769123123776,WLS,119,3.123183116660044e-05
1,B_svc,2,0.2848160763627845,59,0.2855746346746997,WLS,119,0.0007585583119151806
2,UPFC_Vsh,5-15,1.1070046759575216,59,1.1057641959097058,WLS,119,0.0012404800478158506
3,UPFC_tsh,5-15,-0.22819002956477036,59,-0.2281284311092331,WLS,119,6.159845553727061e-05
4,UPFC_Vse,5-15,0.060867424136655614,59,0.06021542330505817,WLS,119,0.0006520008315974435
5,UPFC_tse,5-15,-2.160422154034532,59,-2.149220411745121,WLS,119,0.011201742289411065
0,x_tcsc,1-14,-0.1366468284562379,60,-0.13661769123123776,WLS,119,2.9137225000142042e-05
1,B_svc,2,0.2853416902572701,60,0.2855746346746997,WLS,119,0.0002329444174296036
2,UPFC_Vsh,5-15,1.1071468639748008,60,1.1057641959097058,WLS,119,0.0013826680650950163
3,UPFC_tsh,5-15,-0.2282313042815039,60,-0.2281284311092331,WLS,119,0.00010287317227081205
4,UPFC_Vse,5-15,0.06079857035955561,60,0.06021542330505817,WLS,119,0.0005831470544974404
5,UPFC_tse,5-15,-2.1590730036378525,60,-2.149220411745121,WLS,119,0.009852591892731688
0,x_tcsc,1-14,-0.13661427856889877,61,-0.13661769123123776,WLS,119,3.4126623389973965e-06
1,B_svc,2,0.28542127477156864,61,0.2855746346746997,WLS,119,0.00015335990313103398
2,UPFC_Vsh,5-15,1.1071921335732633,61,1.1057641959097058,WLS,119,0.0014279376635575325
3,UPFC_tsh,5-15,-0.22821400351873464,61,-0.2281284311092331,WLS,119,8.557240950154976e-05
4,UPFC_Vse,5-15,0.060754083850595435,61,0.06021542330505817,WLS,119,0.0005386605455372645
5,UPFC_tse,5-15,-2.158776078271776,61,-2.149220411745121,WLS,119,0.009555666526655404
0,x_tcsc,1-14,-0.1366357378761474,62,-0.13661769123123776,WLS,119,1.8046644909647247e-05
1,B_svc,2,0.285324642266911,62,0.2855746346746997,WLS,119,0.0002499924077886684
2,UPFC_Vsh,5-15,1.1067689941593917,62,1.1057641959097058,WLS,119,0.001004798249685912
3,UPFC_tsh,5-15,-0.22832883166264525,62,-0.2281284311092331,WLS,119,0.00020040055341216667
4,UPFC_Vse,5-15,0.06034706326411605,62,0.06021542330505817,WLS,119,0.00013163995905787762
5,UPFC_tse,5-15,-2.1602909735127733,62,-2.149220411745121,WLS,119,0.011070561767652531
0,x_tcsc,1-14,-0.13662809168121787,63,-0.13661769123123776,WLS,119,1.0400449980102477e-05
1,B_svc,2,0.28515226895763657,63,0.2855746346746997,WLS,119,0.0004223657170631112
2,UPFC_Vsh,5-15,1.1070931649238318,63,1.1057641959097058,WLS,119,0.0013289690141260468
3,UPFC_tsh,5-15,-0.2282443331387397,63,-0.2281284311092331,WLS,119,0.00011590202950662043
4,UPFC_Vse,5-15,0.06014319210680836,63,0.06021542330505817,WLS,119,7.223119824981139e-05
5,UPFC_tse,5-15,-2.16050494522188,63,-2.149220411745121,WLS,119,0.011284533476759062
0,x_tcsc,1-14,-0.13664077514996995,64,-0.13661769123123776,WLS,119,2.308391873218074e-05
1,B_svc,2,0.2850931877799701,64,0.2855746346746997,WLS,119,0.0004814468947295647
2,UPFC_Vsh,5-15,1.106848887397505,64,1.1057641959097058,WLS,119,0.0010846914877993274
3,UPFC_tsh,5-15,-0.22828461295499966,64,-0.2281284311092331,WLS,119,0.00015618184576657312
4,UPFC_Vse,5-15,0.060567387243712294,64,0.06021542330505817,WLS,119,0.00035196393865412345
5,UPFC_tse,5-15,-2.1564360789888655,64,-2.149220411745121,WLS,119,0.007215667243744672
0,x_tcsc,1-14,-0.13663672020302234,65,-0.13661769123123776,WLS,119,1.9028971784573745e-05
1,B_svc,2,0.2850231106414283,65,0.2855746346746997,WLS,119,0.0005515240332713556
2,UPFC_Vsh,5-15,1.1071031236861635,65,1.1057641959097058,WLS,119,0.0013389277764577212
3,UPFC_tsh,5-15,-0.22826010931646876,65,-0.2281284311092331,WLS,119,0.00013167820723566925
4,UPFC_Vse,5-15,0.06074923103848306,65,0.06021542330505817,WLS,119,0.0005338077334248875
5,UPFC_tse,5-15,-2.157519815453574,65,-2.149220411745121,WLS,119,0.00829940370845339
0,x_tcsc,1-14,-0.13663785004838408,66,-0.13661769123123776,WLS,119,2.0158817146315178e-05
1,B_svc,2,0.28532959429871446,66,0.2855746346746997,WLS,119,0.0002450403759852171
2,UPFC_Vsh,5-15,1.1068326640474773,66,1.1057641959097058,WLS,119,0.0010684681377715055
3,UPFC_tsh,5-15,-0.22826114637020942,66,-0.2281284311092331,WLS,119,0.00013271526097632935
4,UPFC_Vse,5-15,0.06070681836030269,66,0.06021542330505817,WLS,119,0.0004913950552445229
5,UPFC_tse,5-15,-2.1571732119793245,66,-2.149220411745121,WLS,119,0.00795280023420375
0,x_tcsc,1-14,-0.13662221578836387,67,-0.13661769123123776,WLS,119,4.524557126101003e-06
1,B_svc,2,0.2850727595082074,67,0.2855746346746997,WLS,119,0.0005018751664923049
2,UPFC_Vsh,5-15,1.1071055604685365,67,1.1057641959097058,WLS,119,0.0013413645588307155
3,UPFC_tsh,5-15,-0.2282267903014968,67,-0.2281284311092331,WLS,119,9.835919226372503e-05
4,UPFC_Vse,5-15,0.06090199600008891,67,0.06021542330505817,WLS,119,0.0006865726950307377
5,UPFC_tse,5-15,-2.157838376200998,67,-2.149220411745121,WLS,119,0.008617964455877036
0,x_tcsc,1-14,-0.13662610911080258,68,-0.13661769123123776,WLS,119,8.41787956482043e-06
1,B_svc,2,0.285344480896399,68,0.2855746346746997,WLS,119,0.00023015377830065686
2,UPFC_Vsh,5-15,1.1070487449170963,68,1.1057641959097058,WLS,119,0.0012845490073905008
3,UPFC_tsh,5-15,-0.22821137075890105,68,-0.2281284311092331,WLS,119,8.293964966796241e-05
4,UPFC_Vse,5-15,0.06075942413063119,68,0.06021542330505817,WLS,119,0.0005440008255730225
5,UPFC_tse,5-15,-2.159063473510947,68,-2.149220411745121,WLS,119,0.009843061765826278
0,x_tcsc,1-14,-0.13663001481227444,69,-0.13661769123123776,WLS,119,1.2323581036671749e-05
1,B_svc,2,0.2854767133436781,69,0.2855746346746997,WLS,119,9.792133102159983e-05
2,UPFC_Vsh,5-15,1.1070372218389513,69,1.1057641959097058,WLS,119,0.001273025929245497
3,UPFC_tsh,5-15,-0.22830228804185237,69,-0.2281284311092331,WLS,119,0.00017385693261928736
4,UPFC_Vse,5-15,0.06024320708326698,69,0.06021542330505817,WLS,119,2.7783778208806398e-05
5,UPFC_tse,5-15,-2.163515971960819,69,-2.149220411745121,WLS,119,0.014295560215698
0,x_tcsc,1-14,-0.1366336200500703,70,-0.13661769123123776,WLS,119,1.5928818832527947e-05
1,B_svc,2,0.28572662593459935,70,0.2855746346746997,WLS,119,0.00015199125989967532
2,UPFC_Vsh,5-15,1.1068924363861348,70,1.1057641959097058,WLS,119,0.00112824047642901
3,UPFC_tsh,5-15,-0.22823113064616013,70,-0.2281284311092331,WLS,119,0.00010269953692704226
4,UPFC_Vse,5-15,0.060634715375776214,70,0.06021542330505817,WLS,119,0.0004192920707180442
5,UPFC_tse,5-15,-2.1586202184678402,70,-2.149220411745121,WLS,119,0.00939980672271945
0,x_tcsc,1-14,-0.13663599316848937,71,-0.13661769123123776,WLS,119,1.8301937251608003e-05
1,B_svc,2,0.2849863918101899,71,0.2855746346746997,WLS,119,0.0005882428645097582
2,UPFC_Vsh,5-15,1.107039311637546,71,1.1057641959097058,WLS,119,0.0012751157278403369
3,UPFC_tsh,5-15,-0.22825127574358736,71,-0.2281284311092331,WLS,119,0.0001228446343542744
4,UPFC_Vse,5-15,0.06012093393283809,71,0.06021542330505817,WLS,119,9.448937222007736e-05
5,UPFC_tse,5-15,-2.1619903521536945,71,-2.149220411745121,WLS,119,0.01276994040857371
0,x_tcsc,1-14,-0.13664754557967615,72,-0.13661769123123776,WLS,119,2.985434843838508e-05
1,B_svc,2,0.28490618457440786,72,0.2855746346746997,WLS,119,0.0006684501002918175
2,UPFC_Vsh,5-15,1.1071677608636978,72,1.1057641959097058,WLS,119,0.0014035649539920758
3,UPFC_tsh,5-15,-0.22825781211629542,72,-0.2281284311092331,WLS,119,0.00012938100706233469
4,UPFC_Vse,5-15,0.060343963770565084,72,0.06021542330505817,WLS,119,0.00012854046550691417
5,UPFC_tse,5-15,-2.1600208657785314,72,-2.149220411745121,WLS,119,0.010800454033410567
0,x_tcsc,1-14,-0.13662884288297047,73,-0.13661769123123776,WLS,119,1.1151651732710377e-05
1,B_svc,2,0.2848836476988481,73,0.2855746346746997,WLS,119,0.0006909869758515708
2,UPFC_Vsh,5-15,1.1068658791953467,73,1.1057641959097058,WLS,119,0.0011016832856409753
3,UPFC_tsh,5-15,-0.22819961940916283,73,-0.2281284311092331,WLS,119,7.118829992974751e-05
4,UPFC_Vse,5-15,0.06080482393983091,73,0.06021542330505817,WLS,119,0.0005894006347727382
5,UPFC_tse,5-15,-2.158717970182772,73,-2.149220411745121,WLS,119,0.009497558437651321
0,x_tcsc,1-14,-0.13661773439532018,74,-0.13661769123123776,WLS,119,4.316408241944458e-08
1,B_svc,2,0.28481396106999834,74,0.2855746346746997,WLS,119,0.000760673604701334
2,UPFC_Vsh,5-15,1.1070688422145896,74,1.1057641959097058,WLS,119,0.0013046463048838053
3,UPFC_tsh,5-15,-0.2282526174898278,74,-0.2281284311092331,WLS,119,0.00012418638059472076
4,UPFC_Vse,5-15,0.06069882984737522,74,0.06021542330505817,WLS,119,0.0004834065423170511
5,UPFC_tse,5-15,-2.156617674180828,74,-2.149220411745121,WLS,119,0.0073972624357070416
0,x_tcsc,1-14,-0.1366265012011707,75,-0.13661769123123776,WLS,119,8.809969932938033e-06
1,B_svc,2,0.28554440697679584,75,0.2855746346746997,WLS,119,3.0227697903839612e-05
2,UPFC_Vsh,5-15,1.106744656973833,75,1.1057641959097058,WLS,119,0.0009804610641273026
3,UPFC_tsh,5-15,-0.22823906453428897,75,-0.2281284311092331,WLS,119,0.00011063342505587825
4,UPFC_Vse,5-15,0.060715547113298775,75,0.06021542330505817,WLS,119,0.0005001238082406045
5,UPFC_tse,5-15,-2.15976045603349,75,-2.149220411745121,WLS,119,0.010540044288369188
0,x_tcsc,1-14,-0.1366187922452807,76,-0.13661769123123776,WLS,119,1.101014042936832e-06
1,B_svc,2,0.28509485685765673,76,0.2855746346746997,WLS,119,0.00047977781704294786
2,UPFC_Vsh,5-15,1.1072493237727197,76,1.1057641959097058,WLS,119,0.001485127863013913
3,UPFC_tsh,5-15,-0.22823128893921732,76,-0.2281284311092331,WLS,119,0.00010285782998423199
4,UPFC_Vse,5-15,0.06097249226135376,76,0.06021542330505817,WLS,119,0.000757068956295591
5,UPFC_tse,5-15,-2.1594066393374383,76,-2.149220411745121,WLS,119,0.010186227592317465
0,x_tcsc,1-14,-0.1366358128362445,77,-0.13661769123123776,WLS,119,1.8121605006748975e-05
1,B_svc,2,0.28526176813859755,77,0.2855746346746997,WLS,119,0.0003128665361021299
2,UPFC_Vsh,5-15,1.1069429669674355,77,1.1057641959097058,WLS,119,0.0011787710577297883
3,UPFC_tsh,5-15,-0.22829471282461125,77,-0.2281284311092331,WLS,119,0.00016628171537816372
4,UPFC_Vse,5-15,0.06075678570022888,77,0.06021542330505817,WLS,119,0.0005413623951707122
5,UPFC_tse,5-15,-2.16314286188418,77,-2.149220411745121,WLS,119,0.01392245013905935
0,x_tcsc,1-14,-0.13663478553376313,78,-0.13661769123123776,WLS,119,1.709430252536115e-05
1,B_svc,2,0.28484640596856103,78,0.2855746346746997,WLS,119,0.000728228706138645
2,UPFC_Vsh,5-15,1.1072610152787103,78,1.1057641959097058,WLS,119,0.0014968193690045872
3,UPFC_tsh,5-15,-0.22822560443750545,78,-0.2281284311092331,WLS,119,9.71733282723597e-05
4,UPFC_Vse,5-15,0.06062851145066767,78,0.06021542330505817,WLS,119,0.0004130881456095026
5,UPFC_tse,5-15,-2.1601631666658148,78,-2.149220411745121,WLS,119,0.010942754920693964
0,x_tcsc,1-14,-0.13663222780812967,79,-0.13661769123123776,WLS,119,1.4536576891904796e-05
1,B_svc,2,0.28502178039426296,79,0.2855746346746997,WLS,119,0.0005528542804367209
2,UPFC_Vsh,5-15,1.1070577127660561,79,1.1057641959097058,WLS,119,0.001293516856350374
3,UPFC_tsh,5-15,-0.2282261503221543,79,-0.2281284311092331,WLS,119,9.771921292120456e-05
4,UPFC_Vse,5-15,0.06037479790438279,79,0.06021542330505817,WLS,119,0.0001593745993246215
5,UPFC_tse,5-15,-2.162854425233527,79,-2.149220411745121,WLS,119,0.013634013488406094
0,x_tcsc,1-14,-0.13661805260879725,80,-0.13661769123123776,WLS,119,3.6137755948795203e-07
1,B_svc,2,0.2848969940088441,80,0.2855746346746997,WLS,119,0.0006776406658555723
2,UPFC_Vsh,5-15,1.1070977017059858,80,1.1057641959097058,WLS,119,0.001333505796279999
3,UPFC_tsh,5-15,-0.22824831201255785,80,-0.2281284311092331,WLS,119,0.00011988090332476498
4,UPFC_Vse,5-15,0.060634569638189924,80,0.06021542330505817,WLS,119,0.00041914633313175353
5,UPFC_tse,5-15,-2.1611469778225896,80,-2.149220411745121,WLS,119,0.011926566077468781
0,x_tcsc,1-14,-0.1366350145751721,81,-0.13661769123123776,WLS,119,1.7323343934338986e-05
1,B_svc,2,0.28461370796876095,81,0.2855746346746997,WLS,119,0.000960926705938725
2,UPFC_Vsh,5-15,1.1069715511541862,81,1.1057641959097058,WLS,119,0.001207355244480457
3,UPFC_tsh,5-15,-0.22826408981017945,81,-0.2281284311092331,WLS,119,0.00013565870094636723
4,UPFC_Vse,5-15,0.06098562024349861,81,0.06021542330505817,WLS,119,0.0007701969384404372
5,UPFC_tse,5-15,-2.1581923918600623,81,-2.149220411745121,WLS,119,0.008971980114941491
0,x_tcsc,1-14,-0.13663625751409575,82,-0.13661769123123776,WLS,119,1.8566282857984673e-05
1,B_svc,2,0.28505517143739384,82,0.2855746346746997,WLS,119,0.0005194632373058394
2,UPFC_Vsh,5-15,1.1071682646629675,82,1.1057641959097058,WLS,119,0.0014040687532617113
3,UPFC_tsh,5-15,-0.22823774412151024,82,-0.2281284311092331,WLS,119,0.00010931301227715129
4,UPFC_Vse,5-15,0.06047791182094524,82,0.06021542330505817,WLS,119,0.0002624885158870674
5,UPFC_tse,5-15,-2.1593548193999004,82,-2.149220411745121,WLS,119,0.010134407654779576
0,x_tcsc,1-14,-0.13662959701099872,83,-0.13661769123123776,WLS,119,1.1905779760956747e-05
1,B_svc,2,0.2851157630475616,83,0.2855746346746997,WLS,119,0.00045887162713809104
2,UPFC_Vsh,5-15,1.107573757023985,83,1.1057641959097058,WLS,119,0.0018095611142792123
3,UPFC_tsh,5-15,-0.22826355526548553,83,-0.2281284311092331,WLS,119,0.0001351241562524419
4,UPFC_Vse,5-15,0.06077800057536261,83,0.06021542330505817,WLS,119,0.0005625772703044402
5,UPFC_tse,5-15,-2.1595777405887016,83,-2.149220411745121,WLS,119,0.01035732884358076
0,x_tcsc,1-14,-0.13663253077203674,84,-0.13661769123123776,WLS,119,1.4839540798977646e-05
1,B_svc,2,0.28513570981557324,84,0.2855746346746997,WLS,119,0.00043892485912644386
2,UPFC_Vsh,5-15,1.1071583460561223,84,1.1057641959097058,WLS,119,0.0013941501464165285
3,UPFC_tsh,5-15,-0.2281731050633223,84,-0.2281284311092331,WLS,119,4.467395408921937e-05
4,UPFC_Vse,5-15,0.06059530198049386,84,0.06021542330505817,WLS,119,0.0003798786754356867
5,UPFC_tse,5-15,-2.158313020325288,84,-2.149220411745121,WLS,119,0.009092608580167028
0,x_tcsc,1-14,-0.13661808729671132,85,-0.13661769123123776,WLS,119,3.960654735568614e-07
1,B_svc,2,0.28485658882797144,85,0.2855746346746997,WLS,119,0.0007180458467282436
2,UPFC_Vsh,5-15,1.1068565081794604,85,1.1057641959097058,WLS,119,0.0010923122697545917
3,UPFC_tsh,5-15,-0.2282459813670548,85,-0.2281284311092331,WLS,119,0.00011755025782170248
4,UPFC_Vse,5-15,0.06060877825174603,85,0.06021542330505817,WLS,119,0.0003933549466878586
5,UPFC_tse,5-15,-2.1585831604083565,85,-2.149220411745121,WLS,119,0.00936274866323572
0,x_tcsc,1-14,-0.1366254641586805,86,-0.13661769123123776,WLS,119,7.772927442722954e-06
1,B_svc,2,0.28485938030527774,86,0.2855746346746997,WLS,119,0.000715254369421936
2,UPFC_Vsh,5-15,1.1070987721729666,86,1.1057641959097058,WLS,119,0.0013345762632608338
3,UPFC_tsh,5-15,-0.22823068723835505,86,-0.2281284311092331,WLS,119,0.00010225612912195814
4,UPFC_Vse,5-15,0.060716917510877086,86,0.06021542330505817,WLS,119,0.0005014942058189156
5,UPFC_tse,5-15,-2.1562061310426106,86,-2.149220411745121,WLS,119,0.006985719297489812
0,x_tcsc,1-14,-0.1366410265011114,87,-0.13661769123123776,WLS,119,2.3335269873636655e-05
1,B_svc,2,0.2847391210902275,87,0.2855746346746997,WLS,119,0.0008355135844722028
2,UPFC_Vsh,5-15,1.106750557180374,87,1.1057641959097058,WLS,119,0.0009863612706682012
3,UPFC_tsh,5-15,-0.22818989774594947,87,-0.2281284311092331,WLS,119,6.146663671638408e-05
4,UPFC_Vse,5-15,0.06065916164712418,87,0.06021542330505817,WLS,119,0.00044373834206600654
5,UPFC_tse,5-15,-2.160110716796554,87,-2.149220411745121,WLS,119,0.010890305051433291
0,x_tcsc,1-14,-0.13662381842268576,88,-0.13661769123123776,WLS,119,6.1271914479910095e-06
1,B_svc,2,0.2847605038234148,88,0.2855746346746997,WLS,119,0.0008141308512848999
2,UPFC_Vsh,5-15,1.107033476289846,88,1.1057641959097058,WLS,119,0.0012692803801401809
3,UPFC_tsh,5-15,-0.2282622408496917,88,-0.2281284311092331,WLS,119,0.0001338097404586236
4,UPFC_Vse,5-15,0.06024610524717908,88,0.06021542330505817,WLS,119,3.068194212090675e-05
5,UPFC_tse,5-15,-2.163796551757495,88,-2.149220411745121,WLS,119,0.014576140012374061
0,x_tcsc,1-14,-0.1366424130103322,89,-0.13661769123123776,WLS,119,2.4721779094433183e-05
1,B_svc,2,0.28476118426803315,89,0.2855746346746997,WLS,119,0.0008134504066665271
2,UPFC_Vsh,5-15,1.1070084791039572,89,1.1057641959097058,WLS,119,0.0012442831942514054
3,UPFC_tsh,5-15,-0.22829957513937194,89,-0.2281284311092331,WLS,119,0.00017114403013884782
4,UPFC_Vse,5-15,0.0604521137988559,89,0.06021542330505817,WLS,119,0.0002366904937977296
5,UPFC_tse,5-15,-2.1612900335041703,89,-2.149220411745121,WLS,119,0.012069621759049465
0,x_tcsc,1-14,-0.13661176966720082,90,-0.13661769123123776,WLS,119,5.9215640369481015e-06
1,B_svc,2,0.2855324290859867,90,0.2855746346746997,WLS,119,4.220558871298463e-05
2,UPFC_Vsh,5-15,1.106916941966786,90,1.1057641959097058,WLS,119,0.0011527460570801562
3,UPFC_tsh,5-15,-0.22827272344724406,90,-0.2281284311092331,WLS,119,0.00014429233801097063
4,UPFC_Vse,5-15,0.060399333071849116,90,0.06021542330505817,WLS,119,0.00018390976679094617
5,UPFC_tse,5-15,-2.1618339033267264,90,-2.149220411745121,WLS,119,0.01261349158160563
0,x_tcsc,1-14,-0.13663795718824467,91,-0.13661769123123776,WLS,119,2.0265957006909696e-05
1,B_svc,2,0.2845841010615856,91,0.2855746346746997,WLS,119,0.0009905336131140752
2,UPFC_Vsh,5-15,1.1071190234944797,91,1.1057641959097058,WLS,119,0.0013548275847738989
3,UPFC_tsh,5-15,-0.22820332590164996,91,-0.2281284311092331,WLS,119,7.489479241687413e-05
4,UPFC_Vse,5-15,0.06083805674510921,91,0.06021542330505817,WLS,119,0.0006226334400510417
5,UPFC_tse,5-15,-2.157755819475956,91,-2.149220411745121,WLS,119,0.008535407730835054
0,x_tcsc,1-14,-0.13663037201863817,92,-0.13661769123123776,WLS,119,1.2680787400409788e-05
1,B_svc,2,0.28513122211546427,92,0.2855746346746997,WLS,119,0.0004434125592354121
2,UPFC_Vsh,5-15,1.1069759175755005,92,1.1057641959097058,WLS,119,0.0012117216657947516
3,UPFC_tsh,5-15,-0.22823105164442545,92,-0.2281284311092331,WLS,119,0.00010262053519236036
4,UPFC_Vse,5-15,0.06075342017326464,92,0.06021542330505817,WLS,119,0.0005379968682064709
5,UPFC_tse,5-15,-2.158200337473324,92,-2.149220411745121,WLS,119,0.008979925728203053
0,x_tcsc,1-14,-0.13663833173908083,93,-0.13661769123123776,WLS,119,2.0640507843061595e-05
1,B_svc,2,0.2846888033309216,93,0.2855746346746997,WLS,119,0.0008858313437780652
2,UPFC_Vsh,5-15,1.1070445061062861,93,1.1057641959097058,WLS,119,0.0012803101965803698
3,UPFC_tsh,5-15,-0.22826573491685226,93,-0.2281284311092331,WLS,119,0.00013730380761917127
4,UPFC_Vse,5-15,0.06091980561557892,93,0.06021542330505817,WLS,119,0.0007043823105207514
5,UPFC_tse,5-15,-2.1585544900914027,93,-2.149220411745121,WLS,119,0.00933407834628186
0,x_tcsc,1-14,-0.13662907590648693,94,-0.13661769123123776,WLS,119,1.138467524916531e-05
1,B_svc,2,0.28480222087556756,94,0.2855746346746997,WLS,119,0.0007724137991321212
2,UPFC_Vsh,5-15,1.1071915565835864,94,1.1057641959097058,WLS,119,0.0014273606738806066
3,UPFC_tsh,5-15,-0.22828636425316656,94,-0.2281284311092331,WLS,119,0.00015793314393347524
4,UPFC_Vse,5-15,0.06012596957282478,94,0.06021542330505817,WLS,119,8.945373223338826e-05
5,UPFC_tse,5-15,-2.159547336440046,94,-2.149220411745121,WLS,119,0.010326924694925133
0,x_tcsc,1-14,-0.1366196767939912,95,-0.13661769123123776,WLS,119,1.9855627534370868e-06
1,B_svc,2,0.2851465895488889,95,0.2855746346746997,WLS,119,0.00042804512581079424
2,UPFC_Vsh,5-15,1.1073330605590965,95,1.1057641959097058,WLS,119,0.0015688646493907665
3,UPFC_tsh,5-15,-0.2282275467565701,95,-0.2281284311092331,WLS,119,9.911564733700029e-05
4,UPFC_Vse,5-15,0.060578563454447794,95,0.06021542330505817,WLS,119,0.0003631401493896236
5,UPFC_tse,5-15,-2.157464264341209,95,-2.149220411745121,WLS,119,0.008243852596088175
0,x_tcsc,1-14,-0.13664229744084436,96,-0.13661769123123776,WLS,119,2.4606209606592433e-05
1,B_svc,2,0.28581378099365395,96,0.2855746346746997,WLS,119,0.0002391463189542753
2,UPFC_Vsh,5-15,1.1069388357622074,96,1.1057641959097058,WLS,119,0.0011746398525016577
3,UPFC_tsh,5-15,-0.22820258626239476,96,-0.2281284311092331,WLS,119,7.41551531616702e-05
4,UPFC_Vse,5-15,0.06047501570104398,96,0.06021542330505817,WLS,119,0.0002595923959858096
5,UPFC_tse,5-15,-2.1605663121179206,96,-2.149220411745121,WLS,119,0.011345900372799811
0,x_tcsc,1-14,-0.13664505560249154,97,-0.13661769123123776,WLS,119,2.7364371253779662e-05
1,B_svc,2,0.2852704762592139,97,0.2855746346746997,WLS,119,0.00030415841548575573
2,UPFC_Vsh,5-15,1.1068715584169058,97,1.1057641959097058,WLS,119,0.0011073625072000048
3,UPFC_tsh,5-15,-0.22820888820310228,97,-0.2281284311092331,WLS,119,8.04570938691962e-05
4,UPFC_Vse,5-15,0.06018023481279619,97,0.06021542330505817,WLS,119,3.5188492261979676e-05
5,UPFC_tse,5-15,-2.1603091219266117,97,-2.149220411745121,WLS,119,0.011088710181490935
0,x_tcsc,1-14,-0.1366137166395288,98,-0.13661769123123776,WLS,119,3.974591708977293e-06
1,B_svc,2,0.28519805328870895,98,0.2855746346746997,WLS,119,0.0003765813859907263
2,UPFC_Vsh,5-15,1.1069466296560733,98,1.1057641959097058,WLS,119,0.001182433746367506
3,UPFC_tsh,5-15,-0.2282290959301528,98,-0.2281284311092331,WLS,119,0.0001006648209197214
4,UPFC_Vse,5-15,0.06065213323764368,98,0.06021542330505817,WLS,119,0.0004367099325855092
5,UPFC_tse,5-15,-2.161494050507969,98,-2.149220411745121,WLS,119,0.012273638762848371
0,x_tcsc,1-14,-0.13664163399890938,99,-0.13661769123123776,WLS,119,2.3942767671619736e-05
1,B_svc,2,0.28532026585696607,99,0.2855746346746997,WLS,119,0.00025436881773360787
2,UPFC_Vsh,5-15,1.1064391314854047,99,1.1057641959097058,WLS,119,0.0006749355756989761
3,UPFC_tsh,5-15,-0.2283353387613417,99,-0.2281284311092331,WLS,119,0.00020690765210862327
4,UPFC_Vse,5-15,0.060708738730582926,99,0.06021542330505817,WLS,119,0.0004933154255247554
5,UPFC_tse,5-15,-2.160419966875344,99,-2.149220411745121,WLS,119,0.011199555130223082
0,x_tcsc,1-14,-0.13915169114879955,0,-0.1391387913849911,WLS,121,1.289976380844382e-05
1,B_svc,2,0.29777247730668743,0,0.29799942444278277,WLS,121,0.00022694713609533457
2,UPFC_Vsh,5-15,1.1043656586360924,0,1.1049850763007163,WLS,121,0.0006194176646239224
3,UPFC_tsh,5-15,-0.22597626670735466,0,-0.22595170388525204,WLS,121,2.4562822102613957e-05
4,UPFC_Vse,5-15,0.06014751711072631,0,0.06005755428714987,WLS,121,8.99628235764352e-05
5,UPFC_tse,5-15,-2.146294030078211,0,-2.1404590999321895,WLS,121,0.005834930146021655
0,x_tcsc,1-14,-0.13913549806500233,1,-0.1391387913849911,WLS,121,3.2933199887730247e-06
1,B_svc,2,0.2978568550983525,1,0.29799942444278277,WLS,121,0.00014256934443024338
2,UPFC_Vsh,5-15,1.104302373614077,1,1.1049850763007163,WLS,121,0.0006827026866393915
3,UPFC_tsh,5-15,-0.22594026226503056,1,-0.22595170388525204,WLS,121,1.1441620221486204e-05
4,UPFC_Vse,5-15,0.059483003099241344,1,0.06005755428714987,WLS,121,0.0005745511879085285
5,UPFC_tse,5-15,-2.1463975624945335,1,-2.1404590999321895,WLS,121,0.005938462562343982
0,x_tcsc,1-14,-0.13911786917768376,2,-0.1391387913849911,WLS,121,2.092220730734451e-05
1,B_svc,2,0.2981702901432863,2,0.29799942444278277,WLS,121,0.00017086570050350858
2,UPFC_Vsh,5-15,1.104291803986646,2,1.1049850763007163,WLS,121,0.0006932723140702368
3,UPFC_tsh,5-15,-0.2260408374599807,2,-0.22595170388525204,WLS,121,8.91335747286448e-05
4,UPFC_Vse,5-15,0.060545200345839705,2,0.06005755428714987,WLS,121,0.0004876460586898321
5,UPFC_tse,5-15,-2.1488213556562656,2,-2.1404590999321895,WLS,121,0.008362255724076118
0,x_tcsc,1-14,-0.13913894238436234,3,-0.1391387913849911,WLS,121,1.50999371228977e-07
1,B_svc,2,0.29801713662714413,3,0.29799942444278277,WLS,121,1.771218436136257e-05
2,UPFC_Vsh,5-15,1.1043652892021725,3,1.1049850763007163,WLS,121,0.0006197870985438225
3,UPFC_tsh,5-15,-0.2260287938723485,3,-0.22595170388525204,WLS,121,7.708998709646253e-05
4,UPFC_Vse,5-15,0.06049729854611282,3,0.06005755428714987,WLS,121,0.00043974425896294717
5,UPFC_tse,5-15,-2.145730140589033,3,-2.1404590999321895,WLS,121,0.005271040656843695
0,x_tcsc,1-14,-0.13914439495905984,4,-0.1391387913849911,WLS,121,5.603574068729911e-06
1,B_svc,2,0.2977500599056897,4,0.29799942444278277,WLS,121,0.0002493645370930664
2,UPFC_Vsh,5-15,1.1040588376504654,4,1.1049850763007163,WLS,121,0.0009262386502508768
3,UPFC_tsh,5-15,-0.22602621348801158,4,-0.22595170388525204,WLS,121,7.450960275953711e-05
4,UPFC_Vse,5-15,0.06019538355478587,4,0.06005755428714987,WLS,121,0.00013782926763599573
5,UPFC_tse,5-15,-2.148688190592648,4,-2.1404590999321895,WLS,121,0.008229090660458294
0,x_tcsc,1-14,-0.13913720180900693,5,-0.1391387913849911,WLS,121,1.5895759841733081e-06
1,B_svc,2,0.29803621838573974,5,0.29799942444278277,WLS,121,3.6793942956969694e-05
2,UPFC_Vsh,5-15,1.1041155290857705,5,1.1049850763007163,WLS,121,0.0008695472149458094
3,UPFC_tsh,5-15,-0.22596139972964774,5,-0.22595170388525204,WLS,121,9.695844395696263e-06
4,UPFC_Vse,5-15,0.06035586693908358,5,0.06005755428714987,WLS,121,0.00029831265193371037
5,UPFC_tse,5-15,-2.141479809711669,5,-2.1404590999321895,WLS,121,0.001020709779479656
0,x_tcsc,1-14,-0.1391421141801834,6,-0.1391387913849911,WLS,121,3.3227951923009424e-06
1,B_svc,2,0.29783296752643246,6,0.29799942444278277,WLS,121,0.00016645691635031046
2,UPFC_Vsh,5-15,1.1045815452127565,6,1.1049850763007163,WLS,121,0.0004035310879597631
3,UPFC_tsh,5-15,-0.22604526027279762,6,-0.22595170388525204,WLS,121,9.35563875455736e-05
4,UPFC_Vse,5-15,0.06026739199734195,6,0.06005755428714987,WLS,121,0.0002098377101920762
5,UPFC_tse,5-15,-2.148432876988684,6,-2.1404590999321895,WLS,121,0.007973777056494491
0,x_tcsc,1-14,-0.13915355628575926,7,-0.1391387913849911,WLS,121,1.4764900768154954e-05
1,B_svc,2,0.2980171104943734,7,0.29799942444278277,WLS,121,1.7686051590637408e-05
2,UPFC_Vsh,5-15,1.104802311291021,7,1.1049850763007163,WLS,121,0.00018276500969527376
3,UPFC_tsh,5-15,-0.22595804973764974,7,-0.22595170388525204,WLS,121,6.3458523976989145e-06
4,UPFC_Vse,5-15,0.06005497103598819,7,0.06005755428714987,WLS,121,2.5832511616821763e-06
5,UPFC_tse,5-15,-2.1501449072033285,7,-2.1404590999321895,WLS,121,0.009685807271138991
0,x_tcsc,1-14,-0.139145419471334,8,-0.1391387913849911,WLS,121,6.628086342885808e-06
1,B_svc,2,0.29807044384707443,8,0.29799942444278277,WLS,121,7.10194042916612e-05
2,UPFC_Vsh,5-15,1.1042186413492487,8,1.1049850763007163,WLS,121,0.0007664349514675539
3,UPFC_tsh,5-15,-0.22607332124579216,8,-0.22595170388525204,WLS,121,0.00012161736054011607
4,UPFC_Vse,5-15,0.06032018972255998,8,0.06005755428714987,WLS,121,0.0002626354354101079
5,UPFC_tse,5-15,-2.1522674866506337,8,-2.1404590999321895,WLS,121,0.011808386718444197
0,x_tcsc,1-14,-0.1391433156916732,9,-0.1391387913849911,WLS,121,4.5243066821021305e-06
1,B_svc,2,0.29772196151351193,9,0.29799942444278277,WLS,121,0.00027746292927083305
2,UPFC_Vsh,5-15,1.1044343238186056,9,1.1049850763007163,WLS,121,0.0005507524821106724
3,UPFC_tsh,5-15,-0.22595263447736672,9,-0.22595170388525204,WLS,121,9.305921146729457e-07
4,UPFC_Vse,5-15,0.06020123898046043,9,0.06005755428714987,WLS,121,0.00014368469331055983
5,UPFC_tse,5-15,-2.1452308327441076,9,-2.1404590999321895,WLS,121,0.004771732811918117
0,x_tcsc,1-14,-0.13914276120079924,10,-0.1391387913849911,WLS,121,3.969815808135824e-06
1,B_svc,2,0.29835987070814746,10,0.29799942444278277,WLS,121,0.00036044626536468893
2,UPFC_Vsh,5-15,1.104621392759484,10,1.1049850763007163,WLS,121,0.00036368354123239577
3,UPFC_tsh,5-15,-0.22601165284193633,10,-0.22595170388525204,WLS,121,5.9948956684291455e-05
4,UPFC_Vse,5-15,0.060342617674902004,10,0.06005755428714987,WLS,121,0.0002850633877521311
5,UPFC_tse,5-15,-2.1492374941376,10,-2.1404590999321895,WLS,121,0.008778394205410489
0,x_tcsc,1-14,-0.13914100526315903,11,-0.1391387913849911,WLS,121,2.213878167928174e-06
1,B_svc,2,0.2977278928376971,11,0.29799942444278277,WLS,121,0.0002715316050856953
2,UPFC_Vsh,5-15,1.1043420658755803,11,1.1049850763007163,WLS,121,0.0006430104251360369
3,UPFC_tsh,5-15,-0.2260089592453424,11,-0.22595170388525204,WLS,121,5.725536009035248e-05
4,UPFC_Vse,5-15,0.060139365051480896,11,0.06005755428714987,WLS,121,8.181076433102369e-05
5,UPFC_tse,5-15,-2.147155525685663,11,-2.1404590999321895,WLS,121,0.006696425753473623
0,x_tcsc,1-14,-0.1391510168210537,12,-0.1391387913849911,WLS,121,1.2225436062607287e-05
1,B_svc,2,0.298490972889543,12,0.29799942444278277,WLS,121,0.0004915484467602482
2,UPFC_Vsh,5-15,1.104425832000931,12,1.1049850763007163,WLS,121,0.0005592442997852665
3,UPFC_tsh,5-15,-0.22599091911190347,12,-0.22595170388525204,WLS,121,3.921522665142896e-05
4,UPFC_Vse,5-15,0.059449202430996495,12,0.06005755428714987,WLS,121,0.0006083518561533774
5,UPFC_tse,5-15,-2.1473591956058544,12,-2.1404590999321895,WLS,121,0.006900095673664897
0,x_tcsc,1-14,-0.13912509167766385,13,-0.1391387913849911,WLS,121,1.3699707327258226e-05
1,B_svc,2,0.29835931789382963,13,0.29799942444278277,WLS,121,0.00035989345104686654
2,UPFC_Vsh,5-15,1.1045350159307457,13,1.1049850763007163,WLS,121,0.0004500603699706396
3,UPFC_tsh,5-15,-0.22597511204204335,13,-0.22595170388525204,WLS,121,2.3408156791304702e-05
4,UPFC_Vse,5-15,0.059797245293228975,13,0.06005755428714987,WLS,121,0.00026030899392089774
5,UPFC_tse,5-15,-2.147634214644378,13,-2.1404590999321895,WLS,121,0.007175114712188346
0,x_tcsc,1-14,-0.13915303659577574,14,-0.1391387913849911,WLS,121,1.4245210784635809e-05
1,B_svc,2,0.2980244729967789,14,0.29799942444278277,WLS,121,2.5048553996154244e-05
2,UPFC_Vsh,5-15,1.1043311502718522,14,1.1049850763007163,WLS,121,0.0006539260288640492
3,UPFC_tsh,5-15,-0.22589668149337552,14,-0.22595170388525204,WLS,121,5.502239187651914e-05
4,UPFC_Vse,5-15,0.0599852096612098,14,0.06005755428714987,WLS,121,7.234462594007257e-05
5,UPFC_tse,5-15,-2.143412026282102,14,-2.1404590999321895,WLS,121,0.0029529263499123992
0,x_tcsc,1-14,-0.139140295653875,15,-0.1391387913849911,WLS,121,1.5042688839006502e-06
1,B_svc,2,0.2977528292183077,15,0.29799942444278277,WLS,121,0.00024659522447506577
2,UPFC_Vsh,5-15,1.1043182982977067,15,1.1049850763007163,WLS,121,0.0006667780030096271
3,UPFC_tsh,5-15,-0.22597450282526788,15,-0.22595170388525204,WLS,121,2.279894001583349e-05
4,UPFC_Vse,5-15,0.0601592644839585,15,0.06005755428714987,WLS,121,0.0001017101968086298
5,UPFC_tse,5-15,-2.1438866784926796,15,-2.1404590999321895,WLS,121,0.00342757856049003
0,x_tcsc,1-14,-0.13913687147644954,16,-0.1391387913849911,WLS,121,1.91990854156443e-06
1,B_svc,2,0.298156896167816,16,0.29799942444278277,WLS,121,0.00015747172503322027
2,UPFC_Vsh,5-15,1.1045311595070462,16,1.1049850763007163,WLS,121,0.00045391679367012827
3,UPFC_tsh,5-15,-0.22592331946180627,16,-0.22595170388525204,WLS,121,2.8384423445770857e-05
4,UPFC_Vse,5-15,0.05989138126417283,16,0.06005755428714987,WLS,121,0.0001661730229770425
5,UPFC_tse,5-15,-2.1483404211270205,16,-2.1404590999321895,WLS,121,0.007881321194830981
0,x_tcsc,1-14,-0.1391297335610235,17,-0.1391387913849911,WLS,121,9.057823967595358e-06
1,B_svc,2,0.29841187179893974,17,0.29799942444278277,WLS,121,0.00041244735615697525
2,UPFC_Vsh,5-15,1.1042303775292195,17,1.1049850763007163,WLS,121,0.000754698771496809
3,UPFC_tsh,5-15,-0.22597996532810113,17,-0.22595170388525204,WLS,121,2.8261442849092377e-05
4,UPFC_Vse,5-15,0.060114868851059974,17,0.06005755428714987,WLS,121,5.731456391010192e-05
5,UPFC_tse,5-15,-2.1467171999616985,17,-2.1404590999321895,WLS,121,0.006258100029508995
0,x_tcsc,1-14,-0.13913917351771532,18,-0.1391387913849911,WLS,121,3.82132724213724e-07
1,B_svc,2,0.29843916027107253,18,0.29799942444278277,WLS,121,0.00043973582828976676
2,UPFC_Vsh,5-15,1.104356683891355,18,1.1049850763007163,WLS,121,0.0006283924093613003
3,UPFC_tsh,5-15,-0.22598521106639288,18,-0.22595170388525204,WLS,121,3.35071811408405e-05
4,UPFC_Vse,5-15,0.06045225108256472,18,0.06005755428714987,WLS,121,0.00039469679541484504
5,UPFC_tse,5-15,-2.1440738010720866,18,-2.1404590999321895,WLS,121,0.0036147011398970363
0,x_tcsc,1-14,-0.13915157667699604,19,-0.1391387913849911,WLS,121,1.2785292004935389e-05
1,B_svc,2,0.2981198738218257,19,0.29799942444278277,WLS,121,0.00012044937904293063
2,UPFC_Vsh,5-15,1.104365420459743,19,1.1049850763007163,WLS,121,0.0006196558409732322
3,UPFC_tsh,5-15,-0.22594112865130792,19,-0.22595170388525204,WLS,121,1.0575233944126738e-05
4,UPFC_Vse,5-15,0.06016456012740747,19,0.06005755428714987,WLS,121,0.0001070058402575999
5,UPFC_tse,5-15,-2.1476943958148755,19,-2.1404590999321895,WLS,121,0.00723529588268601
0,x_tcsc,1-14,-0.13914486925402814,20,-0.1391387913849911,WLS,121,6.077869037030004e-06
1,B_svc,2,0.2984689087206873,20,0.29799942444278277,WLS,121,0.0004694842779045527
2,UPFC_Vsh,5-15,1.1044463889398617,20,1.1049850763007163,WLS,121,0.0005386873608546061
3,UPFC_tsh,5-15,-0.22595026208019084,20,-0.22595170388525204,WLS,121,1.4418050612030608e-06
4,UPFC_Vse,5-15,0.06041125308766442,20,0.06005755428714987,WLS,121,0.00035369880051455
5,UPFC_tse,5-15,-2.1451707133955757,20,-2.1404590999321895,WLS,121,0.004711613463386222
0,x_tcsc,1-14,-0.13914420462889712,21,-0.1391387913849911,WLS,121,5.413243906016163e-06
1,B_svc,2,0.2980737581303015,21,0.29799942444278277,WLS,121,7.433368751874614e-05
2,UPFC_Vsh,5-15,1.1045011589099214,21,1.1049850763007163,WLS,121,0.0004839173907948968
3,UPFC_tsh,5-15,-0.22590675545812067,21,-0.22595170388525204,WLS,121,4.4948427131374924e-05
4,UPFC_Vse,5-15,0.06031414273066646,21,0.06005755428714987,WLS,121,0.0002565884435165866
5,UPFC_tse,5-15,-2.1481402478606673,21,-2.1404590999321895,WLS,121,0.007681147928477738
0,x_tcsc,1-14,-0.13913739120904492,22,-0.1391387913849911,WLS,121,1.400175946186799e-06
1,B_svc,2,0.29840671495643345,22,0.29799942444278277,WLS,121,0.00040729051365068214
2,UPFC_Vsh,5-15,1.1045012751766006,22,1.1049850763007163,WLS,121,0.0004838011241157236
3,UPFC_tsh,5-15,-0.22599296463624988,22,-0.22595170388525204,WLS,121,4.126075099783466e-05
4,UPFC_Vse,5-15,0.05981152600016499,22,0.06005755428714987,WLS,121,0.0002460282869848826
5,UPFC_tse,5-15,-2.147693116629616,22,-2.1404590999321895,WLS,121,0.007234016697426515
0,x_tcsc,1-14,-0.13915746804839318,23,-0.1391387913849911,WLS,121,1.867666340207852e-05
1,B_svc,2,0.29804925388041154,23,0.29799942444278277,WLS,121,4.982943762876779e-05
2,UPFC_Vsh,5-15,1.1045451888859552,23,1.1049850763007163,WLS,121,0.0004398874147610865
3,UPFC_tsh,5-15,-0.22597340861925364,23,-0.22595170388525204,WLS,121,2.1704734001593007e-05
4,UPFC_Vse,5-15,0.060061116372752216,23,0.06005755428714987,WLS,121,3.562085602343279e-06
5,UPFC_tse,5-15,-2.1445464734927424,23,-2.1404590999321895,WLS,121,0.004087373560552887
0,x_tcsc,1-14,-0.13914788319026414,24,-0.1391387913849911,WLS,121,9.09180527303155e-06
1,B_svc,2,0.2981748330828906,24,0.29799942444278277,WLS,121,0.00017540864010784363
2,UPFC_Vsh,5-15,1.104177966497601,24,1.1049850763007163,WLS,121,0.000807109803115269
3,UPFC_tsh,5-15,-0.2259589979027021,24,-0.22595170388525204,WLS,121,7.294017450060197e-06
4,UPFC_Vse,5-15,0.06047361147779857,24,0.06005755428714987,WLS,121,0.0004160571906486957
5,UPFC_tse,5-15,-2.1432086551896052,24,-2.1404590999321895,WLS,121,0.0027495552574157145
0,x_tcsc,1-14,-0.13914481279262075,25,-0.1391387913849911,WLS,121,6.021407629647202e-06
1,B_svc,2,0.29738287321820595,25,0.29799942444278277,WLS,121,0.0006165512245768223
2,UPFC_Vsh,5-15,1.1044003981844543,25,1.1049850763007163,WLS,121,0.0005846781162619497
3,UPFC_tsh,5-15,-0.22596149606524393,25,-0.22595170388525204,WLS,121,9.79217999189097e-06
4,UPFC_Vse,5-15,0.06004375052080396,25,0.06005755428714987,WLS,121,1.3803766345910073e-05
5,UPFC_tse,5-15,-2.148266222043631,25,-2.1404590999321895,WLS,121,0.007807122111441522
0,x_tcsc,1-14,-0.13913594316391908,26,-0.1391387913849911,WLS,121,2.8482210720215395e-06
1,B_svc,2,0.2978441753495614,26,0.29799942444278277,WLS,121,0.0001552490932213435
2,UPFC_Vsh,5-15,1.104574589408776,26,1.1049850763007163,WLS,121,0.0004104868919403426
3,UPFC_tsh,5-15,-0.2260039949387416,26,-0.22595170388525204,WLS,121,5.229105348955598e-05
4,UPFC_Vse,5-15,0.06018324852227695,26,0.06005755428714987,WLS,121,0.0001256942351270801
5,UPFC_tse,5-15,-2.1489505052625772,26,-2.1404590999321895,WLS,121,0.008491405330387725
0,x_tcsc,1-14,-0.139127034748155,27,-0.1391387913849911,WLS,121,1.1756636836113277e-05
1,B_svc,2,0.29825816547339257,27,0.29799942444278277,WLS,121,0.00025874103060979925
2,UPFC_Vsh,5-15,1.1041429229659137,27,1.1049850763007163,WLS,121,0.0008421533348026422
3,UPFC_tsh,5-15,-0.2260288020092724,27,-0.22595170388525204,WLS,121,7.709812402034721e-05
4,UPFC_Vse,5-15,0.059931510715956156,27,0.06005755428714987,WLS,121,0.00012604357119371662
5,UPFC_tse,5-15,-2.1466509346737084,27,-2.1404590999321895,WLS,121,0.0061918347415188535
0,x_tcsc,1-14,-0.13912408449870736,28,-0.1391387913849911,WLS,121,1.4706886283744058e-05
1,B_svc,2,0.29790481005992236,28,0.29799942444278277,WLS,121,9.461438286040291e-05
2,UPFC_Vsh,5-15,1.1045324301101616,28,1.1049850763007163,WLS,121,0.00045264619055473965
3,UPFC_tsh,5-15,-0.22590221094821328,28,-0.22595170388525204,WLS,121,4.949293703876423e-05
4,UPFC_Vse,5-15,0.06041663298398481,28,0.06005755428714987,WLS,121,0.00035907869683493576
5,UPFC_tse,5-15,-2.1454585304209086,28,-2.1404590999321895,WLS,121,0.004999430488719092
0,x_tcsc,1-14,-0.13917312802469814,29,-0.1391387913849911,WLS,121,3.433663970703327e-05
1,B_svc,2,0.2981543653486448,29,0.29799942444278277,WLS,121,0.00015494090586204434
2,UPFC_Vsh,5-15,1.1043833107664223,29,1.1049850763007163,WLS,121,0.0006017655342940298
3,UPFC_tsh,5-15,-0.22597239533977495,29,-0.22595170388525204,WLS,121,2.069145452290866e-05
4,UPFC_Vse,5-15,0.06024806360776855,29,0.06005755428714987,WLS,121,0.00019050932061867587
5,UPFC_tse,5-15,-2.146597892368372,29,-2.1404590999321895,WLS,121,0.0061387924361824275
0,x_tcsc,1-14,-0.1391470224658936,30,-0.1391387913849911,WLS,121,8.23108090250435e-06
1,B_svc,2,0.2983331743228021,30,0.29799942444278277,WLS,121,0.0003337498800193295
2,UPFC_Vsh,5-15,1.1044085489435915,30,1.1049850763007163,WLS,121,0.0005765273571247675
3,UPFC_tsh,5-15,-0.22597264622530794,30,-0.22595170388525204,WLS,121,2.0942340055896125e-05
4,UPFC_Vse,5-15,0.05986931117083284,30,0.06005755428714987,WLS,121,0.00018824311631703006
5,UPFC_tse,5-15,-2.1477722810996833,30,-2.1404590999321895,WLS,121,0.0073131811674937985
0,x_tcsc,1-14,-0.1391231951291871,31,-0.1391387913849911,WLS,121,1.5596255803995707e-05
1,B_svc,2,0.29775703675632087,31,0.29799942444278277,WLS,121,0.0002423876864618979
2,UPFC_Vsh,5-15,1.1043955194279484,31,1.1049850763007163,WLS,121,0.0005895568727678491
3,UPFC_tsh,5-15,-0.2259804937405857,31,-0.22595170388525204,WLS,121,2.8789855333666292e-05
4,UPFC_Vse,5-15,0.06039396785374851,31,0.06005755428714987,WLS,121,0.00033641356659863675
5,UPFC_tse,5-15,-2.146518467082244,31,-2.1404590999321895,WLS,121,0.0060593671500543955
0,x_tcsc,1-14,-0.13913098078208766,32,-0.1391387913849911,WLS,121,7.810602903446373e-06
1,B_svc,2,0.29791387208327336,32,0.29799942444278277,WLS,121,8.555235950941098e-05
2,UPFC_Vsh,5-15,1.104439299899897,32,1.1049850763007163,WLS,121,0.000545776400819209
3,UPFC_tsh,5-15,-0.22596183389153474,32,-0.22595170388525204,WLS,121,1.0130006282693671e-05
4,UPFC_Vse,5-15,0.06018878137549392,32,0.06005755428714987,WLS,121,0.000131227088344045
5,UPFC_tse,5-15,-2.146314918463464,32,-2.1404590999321895,WLS,121,0.0058558185312742594
0,x_tcsc,1-14,-0.1391366525918961,33,-0.1391387913849911,WLS,121,2.138793095018965e-06
1,B_svc,2,0.29796353965786004,33,0.29799942444278277,WLS,121,3.5884784922723956e-05
2,UPFC_Vsh,5-15,1.1045041875760067,33,1.1049850763007163,WLS,121,0.0004808887247096383
3,UPFC_tsh,5-15,-0.22598566106287912,33,-0.22595170388525204,WLS,121,3.395717762708084e-05
4,UPFC_Vse,5-15,0.05985178053630023,33,0.06005755428714987,WLS,121,0.00020577375084964572
5,UPFC_tse,5-15,-2.1478982646076825,33,-2.1404590999321895,WLS,121,0.007439164675492993
0,x_tcsc,1-14,-0.13915163633022823,34,-0.1391387913849911,WLS,121,1.2844945237122651e-05
1,B_svc,2,0.2984710182987461,34,0.29799942444278277,WLS,121,0.00047159385596334813
2,UPFC_Vsh,5-15,1.104119783164694,34,1.1049850763007163,WLS,121,0.0008652931360222382
3,UPFC_tsh,5-15,-0.2260402261736584,34,-0.22595170388525204,WLS,121,8.852228840636189e-05
4,UPFC_Vse,5-15,0.06014878188974768,34,0.06005755428714987,WLS,121,9.122760259780427e-05
5,UPFC_tse,5-15,-2.148660774732464,34,-2.1404590999321895,WLS,121,0.00820167480027445
0,x_tcsc,1-14,-0.1391208972284999,35,-0.1391387913849911,WLS,121,1.789415649119941e-05
1,B_svc,2,0.29796114748468006,35,0.29799942444278277,WLS,121,3.827695810271203e-05
2,UPFC_Vsh,5-15,1.1043352119056893,35,1.1049850763007163,WLS,121,0.0006498643950270111
3,UPFC_tsh,5-15,-0.2259692902844857,35,-0.22595170388525204,WLS,121,1.758639923366001e-05
4,UPFC_Vse,5-15,0.060028664894059225,35,0.06005755428714987,WLS,121,2.888939309064753e-05
5,UPFC_tse,5-15,-2.1480828156502443,35,-2.1404590999321895,WLS,121,0.007623715718054758
0,x_tcsc,1-14,-0.13912182797491343,36,-0.1391387913849911,WLS,121,1.696341007767499e-05
1,B_svc,2,0.29784458573788575,36,0.29799942444278277,WLS,121,0.00015483870489702012
2,UPFC_Vsh,5-15,1.1044477351223585,36,1.1049850763007163,WLS,121,0.0005373411783577975
3,UPFC_tsh,5-15,-0.2259189548175926,36,-0.22595170388525204,WLS,121,3.2749067659432196e-05
4,UPFC_Vse,5-15,0.05968967525464021,36,0.06005755428714987,WLS,121,0.00036787903250966314
5,UPFC_tse,5-15,-2.1477100206925317,36,-2.1404590999321895,WLS,121,0.007250920760342172
0,x_tcsc,1-14,-0.13914624293562924,37,-0.1391387913849911,WLS,121,7.451550638137849e-06
1,B_svc,2,0.2977939312490017,37,0.29799942444278277,WLS,121,0.0002054931937810478
2,UPFC_Vsh,5-15,1.1045563705640915,37,1.1049850763007163,WLS,121,0.0004287057366247904
3,UPFC_tsh,5-15,-0.22593631523753557,37,-0.22595170388525204,WLS,121,1.5388647716468862e-05
4,UPFC_Vse,5-15,0.060104541608586554,37,0.06005755428714987,WLS,121,4.698732143668116e-05
5,UPFC_tse,5-15,-2.1488010992101247,37,-2.1404590999321895,WLS,121,0.00834199927793522
0,x_tcsc,1-14,-0.13915022656007317,38,-0.1391387913849911,WLS,121,1.1435175082064042e-05
1,B_svc,2,0.29806827884791454,38,0.29799942444278277,WLS,121,6.885440513176855e-05
2,UPFC_Vsh,5-15,1.1042851771762985,38,1.1049850763007163,WLS,121,0.0006998991244178132
3,UPFC_tsh,5-15,-0.22600011398668546,38,-0.22595170388525204,WLS,121,4.841010143341595e-05
4,UPFC_Vse,5-15,0.060251590126251815,38,0.06005755428714987,WLS,121,0.00019403583910194283
5,UPFC_tse,5-15,-2.146662402229773,38,-2.1404590999321895,WLS,121,0.0062033022975835905
0,x_tcsc,1-14,-0.13914179530214657,39,-0.1391387913849911,WLS,121,3.0039171554641086e-06
1,B_svc,2,0.29756674987904425,39,0.29799942444278277,WLS,121,0.0004326745637385221
2,UPFC_Vsh,5-15,1.1042440683291261,39,1.1049850763007163,WLS,121,0.0007410079715901574
3,UPFC_tsh,5-15,-0.22594758962058467,39,-0.22595170388525204,WLS,121,4.114264667370859e-06
4,UPFC_Vse,5-15,0.06006705285372639,39,0.06005755428714987,WLS,121,9.498566576518486e-06
5,UPFC_tse,5-15,-2.148597628012777,39,-2.1404590999321895,WLS,121,0.00813852808058746
0,x_tcsc,1-14,-0.13913388019143533,40,-0.1391387913849911,WLS,121,4.911193555778848e-06
1,B_svc,2,0.29797352922665254,40,0.29799942444278277,WLS,121,2.589521613022283e-05
2,UPFC_Vsh,5-15,1.1042030540375443,40,1.1049850763007163,WLS,121,0.000782022263172033
3,UPFC_tsh,5-15,-0.22597823404839212,40,-0.22595170388525204,WLS,121,2.653016314008161e-05
4,UPFC_Vse,5-15,0.06033429095678262,40,0.06005755428714987,WLS,121,0.00027673666963274474
5,UPFC_tse,5-15,-2.1450317854638454,40,-2.1404590999321895,WLS,121,0.004572685531655907
0,x_tcsc,1-14,-0.13911719458128097,41,-0.1391387913849911,WLS,121,2.1596803710138834e-05
1,B_svc,2,0.29790375716413137,41,0.29799942444278277,WLS,121,9.566727865140123e-05
2,UPFC_Vsh,5-15,1.1043733731518377,41,1.1049850763007163,WLS,121,0.0006117031488785951
3,UPFC_tsh,5-15,-0.22590481109269286,41,-0.22595170388525204,WLS,121,4.6892792559177776e-05
4,UPFC_Vse,5-15,0.060036865181129155,41,0.06005755428714987,WLS,121,2.068910602071733e-05
5,UPFC_tse,5-15,-2.147647536550007,41,-2.1404590999321895,WLS,121,0.007188436617817651
0,x_tcsc,1-14,-0.1391452177589124,42,-0.1391387913849911,WLS,121,6.426373921286643e-06
1,B_svc,2,0.2981411303875031,42,0.29799942444278277,WLS,121,0.00014170594472034947
2,UPFC_Vsh,5-15,1.1044355445812624,42,1.1049850763007163,WLS,121,0.0005495317194539329
3,UPFC_tsh,5-15,-0.2259567694813275,42,-0.22595170388525204,WLS,121,5.065596075465306e-06
4,UPFC_Vse,5-15,0.06018164691255528,42,0.06005755428714987,WLS,121,0.00012409262540540728
5,UPFC_tse,5-15,-2.14685349662577,42,-2.1404590999321895,WLS,121,0.00639439669358044
0,x_tcsc,1-14,-0.13913476933751742,43,-0.1391387913849911,WLS,121,4.022047473684065e-06
1,B_svc,2,0.2982630764008488,43,0.29799942444278277,WLS,121,0.0002636519580660468
2,UPFC_Vsh,5-15,1.1047358979894983,43,1.1049850763007163,WLS,121,0.00024917831121795686
3,UPFC_tsh,5-15,-0.2259597380604395,43,-0.22595170388525204,WLS,121,8.034175187465742e-06
4,UPFC_Vse,5-15,0.05977234091487381,43,0.06005755428714987,WLS,121,0.0002852133722760636
5,UPFC_tse,5-15,-2.1469051300025344,43,-2.1404590999321895,WLS,121,0.0064460300703448326
0,x_tcsc,1-14,-0.1391504974345504,44,-0.1391387913849911,WLS,121,1.1706049559301324e-05
1,B_svc,2,0.298028972682109,44,0.29799942444278277,WLS,121,2.9548239326215864e-05
2,UPFC_Vsh,5-15,1.1042258299766377,44,1.1049850763007163,WLS,121,0.000759246324078644
3,UPFC_tsh,5-15,-0.22593330295497227,44,-0.22595170388525204,WLS,121,1.8400930279771632e-05
4,UPFC_Vse,5-15,0.0602634562798455,44,0.06005755428714987,WLS,121,0.00020590199269562848
5,UPFC_tse,5-15,-2.1445340739258874,44,-2.1404590999321895,WLS,121,0.004074973993697828
0,x_tcsc,1-14,-0.1391470392813961,45,-0.1391387913849911,WLS,121,8.247896404994792e-06
1,B_svc,2,0.29785866882591494,45,0.29799942444278277,WLS,121,0.000140755616867827
2,UPFC_Vsh,5-15,1.104534658271636,45,1.1049850763007163,WLS,121,0.0004504180290803017
3,UPFC_tsh,5-15,-0.22599513781979239,45,-0.22595170388525204,WLS,121,4.343393454034339e-05
4,UPFC_Vse,5-15,0.059796509626531616,45,0.06005755428714987,WLS,121,0.0002610446606182565
5,UPFC_tse,5-15,-2.1500699384554585,45,-2.1404590999321895,WLS,121,0.009610838523268939
0,x_tcsc,1-14,-0.13915621813982348,46,-0.1391387913849911,WLS,121,1.74267548323781e-05
1,B_svc,2,0.2979321346403381,46,0.29799942444278277,WLS,121,6.728980244469218e-05
2,UPFC_Vsh,5-15,1.1046906029552643,46,1.1049850763007163,WLS,121,0.00029447334545196213
3,UPFC_tsh,5-15,-0.22586786813378662,46,-0.22595170388525204,WLS,121,8.383575146542199e-05
4,UPFC_Vse,5-15,0.0602251023769977,46,0.06005755428714987,WLS,121,0.0001675480898478271
5,UPFC_tse,5-15,-2.1437696162736875,46,-2.1404590999321895,WLS,121,0.0033105163414979266
0,x_tcsc,1-14,-0.13914263114746978,47,-0.1391387913849911,WLS,121,3.839762478669018e-06
1,B_svc,2,0.29808155975994033,47,0.29799942444278277,WLS,121,8.213531715756117e-05
2,UPFC_Vsh,5-15,1.1042930076828419,47,1.1049850763007163,WLS,121,0.0006920686178744084
3,UPFC_tsh,5-15,-0.22596050414730523,47,-0.22595170388525204,WLS,121,8.800262053187957e-06
4,UPFC_Vse,5-15,0.05953364841068192,47,0.06005755428714987,WLS,121,0.0005239058764679519
5,UPFC_tse,5-15,-2.1489658942248675,47,-2.1404590999321895,WLS,121,0.008506794292677977
0,x_tcsc,1-14,-0.1391378701080555,48,-0.1391387913849911,WLS,121,9.212769356004014e-07
1,B_svc,2,0.2981592847735829,48,0.29799942444278277,WLS,121,0.0001598603308001212
2,UPFC_Vsh,5-15,1.1042764113339663,48,1.1049850763007163,WLS,121,0.0007086649667500389
3,UPFC_tsh,5-15,-0.22594913666122635,48,-0.22595170388525204,WLS,121,2.567224025695758e-06
4,UPFC_Vse,5-15,0.06034292929020545,48,0.06005755428714987,WLS,121,0.000285375003055581
5,UPFC_tse,5-15,-2.1482548705939313,48,-2.1404590999321895,WLS,121,0.007795770661741752
0,x_tcsc,1-14,-0.13913271732161442,49,-0.1391387913849911,WLS,121,6.0740633766875884e-06
1,B_svc,2,0.2976289866049363,49,0.29799942444278277,WLS,121,0.0003704378378464601
2,UPFC_Vsh,5-15,1.1043707278050723,49,1.1049850763007163,WLS,121,0.0006143484956440126
3,UPFC_tsh,5-15,-0.22588097854334477,49,-0.22595170388525204,WLS,121,7.072534190727398e-05
4,UPFC_Vse,5-15,0.06023182548576464,49,0.06005755428714987,WLS,121,0.00017427119861476714
5,UPFC_tse,5-15,-2.146304110815737,49,-2.1404590999321895,WLS,121,0.005845010883547275
0,x_tcsc,1-14,-0.13915502271914004,50,-0.1391387913849911,WLS,121,1.6231334148936183e-05
1,B_svc,2,0.29819355733124037,50,0.29799942444278277,WLS,121,0.0001941328884575988
2,UPFC_Vsh,5-15,1.1047804882303116,50,1.1049850763007163,WLS,121,0.00020458807040468763
3,UPFC_tsh,5-15,-0.2259750570233559,50,-0.22595170388525204,WLS,121,2.3353138103865412e-05
4,UPFC_Vse,5-15,0.06023457182192092,50,0.06005755428714987,WLS,121,0.00017701753477104842
5,UPFC_tse,5-15,-2.1473807336799755,50,-2.1404590999321895,WLS,121,0.006921633747785982
0,x_tcsc,1-14,-0.13915485300711505,51,-0.1391387913849911,WLS,121,1.606162212394735e-05
1,B_svc,2,0.2982332884602122,51,0.29799942444278277,WLS,121,0.0002338640174294193
2,UPFC_Vsh,5-15,1.1039516606948214,51,1.1049850763007163,WLS,121,0.0010334156058948718
3,UPFC_tsh,5-15,-0.22595258736661572,51,-0.22595170388525204,WLS,121,8.834813636782179e-07
4,UPFC_Vse,5-15,0.06014296560771517,51,0.06005755428714987,WLS,121,8.541132056529704e-05
5,UPFC_tse,5-15,-2.1455775697700865,51,-2.1404590999321895,WLS,121,0.005118469837896988
0,x_tcsc,1-14,-0.1391406059684962,52,-0.1391387913849911,WLS,121,1.814583505094225e-06
1,B_svc,2,0.29854557425473865,52,0.29799942444278277,WLS,121,0.0005461498119558872
2,UPFC_Vsh,5-15,1.1044370157701693,52,1.1049850763007163,WLS,121,0.0005480605305470121
3,UPFC_tsh,5-15,-0.226027229775178,52,-0.22595170388525204,WLS,121,7.552588992595921e-05
4,UPFC_Vse,5-15,0.05999404622782194,52,0.06005755428714987,WLS,121,6.350805932793524e-05
5,UPFC_tse,5-15,-2.1505481652985012,52,-2.1404590999321895,WLS,121,0.010089065366311711
0,x_tcsc,1-14,-0.13913963711927765,53,-0.1391387913849911,WLS,121,8.457342865475503e-07
1,B_svc,2,0.29817547028018254,53,0.29799942444278277,WLS,121,0.0001760458373997742
2,UPFC_Vsh,5-15,1.1042428243824112,53,1.1049850763007163,WLS,121,0.0007422519183051257
3,UPFC_tsh,5-15,-0.2259794921988197,53,-0.22595170388525204,WLS,121,2.7788313567644884e-05
4,UPFC_Vse,5-15,0.06000932054195563,53,0.06005755428714987,WLS,121,4.823374519424134e-05
5,UPFC_tse,5-15,-2.1490942480682103,53,-2.1404590999321895,WLS,121,0.008635148136020732
0,x_tcsc,1-14,-0.13913842002458082,54,-0.1391387913849911,WLS,121,3.713604102839607e-07
1,B_svc,2,0.29805089088502235,54,0.29799942444278277,WLS,121,5.14664422395783e-05
2,UPFC_Vsh,5-15,1.1043910463218614,54,1.1049850763007163,WLS,121,0.0005940299788549375
3,UPFC_tsh,5-15,-0.22597534712981024,54,-0.22595170388525204,WLS,121,2.3643244558196885e-05
4,UPFC_Vse,5-15,0.060204115816397695,54,0.06005755428714987,WLS,121,0.00014656152924782256
5,UPFC_tse,5-15,-2.1459776772671106,54,-2.1404590999321895,WLS,121,0.005518577334921115
0,x_tcsc,1-14,-0.13913673951826833,55,-0.1391387913849911,WLS,121,2.0518667227797938e-06
1,B_svc,2,0.2980594658846992,55,0.29799942444278277,WLS,121,6.004144191645855e-05
2,UPFC_Vsh,5-15,1.1050261840788607,55,1.1049850763007163,WLS,121,4.1107778144366947e-05
3,UPFC_tsh,5-15,-0.2259554019953575,55,-0.22595170388525204,WLS,121,3.6981101054489596e-06
4,UPFC_Vse,5-15,0.060245498253243455,55,0.06005755428714987,WLS,121,0.00018794396609358305
5,UPFC_tse,5-15,-2.1471380545429875,55,-2.1404590999321895,WLS,121,0.006678954610797927
0,x_tcsc,1-14,-0.1391423217809912,56,-0.1391387913849911,WLS,121,3.530396000095415e-06
1,B_svc,2,0.2978504044500433,56,0.29799942444278277,WLS,121,0.0001490199927394742
2,UPFC_Vsh,5-15,1.1045022389432753,56,1.1049850763007163,WLS,121,0.00048283735744103495
3,UPFC_tsh,5-15,-0.22593514735868972,56,-0.22595170388525204,WLS,121,1.6556526562322427e-05
4,UPFC_Vse,5-15,0.0599670449547058,56,0.06005755428714987,WLS,121,9.050933244407477e-05
5,UPFC_tse,5-15,-2.1453716367466855,56,-2.1404590999321895,WLS,121,0.0049125368144959936
0,x_tcsc,1-14,-0.13914283921623086,57,-0.1391387913849911,WLS,121,4.047831239750721e-06
1,B_svc,2,0.2979023483052033,57,0.29799942444278277,WLS,121,9.707613757947708e-05
2,UPFC_Vsh,5-15,1.1045124283626369,57,1.1049850763007163,WLS,121,0.00047264793807944017
3,UPFC_tsh,5-15,-0.22593430939942333,57,-0.22595170388525204,WLS,121,1.73944858287145e-05
4,UPFC_Vse,5-15,0.06016931270422956,57,0.06005755428714987,WLS,121,0.00011175841707968676
5,UPFC_tse,5-15,-2.1450451877185834,57,-2.1404590999321895,WLS,121,0.004586087786393911
0,x_tcsc,1-14,-0.13913801018224126,58,-0.1391387913849911,WLS,121,7.812027498499408e-07
1,B_svc,2,0.29757571349191125,58,0.29799942444278277,WLS,121,0.0004237109508715142
2,UPFC_Vsh,5-15,1.1044636765635614,58,1.1049850763007163,WLS,121,0.0005213997371549262
3,UPFC_tsh,5-15,-0.2259668818827892,58,-0.22595170388525204,WLS,121,1.5177997537169086e-05
4,UPFC_Vse,5-15,0.05959162457313143,58,0.06005755428714987,WLS,121,0.0004659297140184454
5,UPFC_tse,5-15,-2.1483146339811157,58,-2.1404590999321895,WLS,121,0.007855534048926138
0,x_tcsc,1-14,-0.139137093840668,59,-0.1391387913849911,WLS,121,1.6975443231093124e-06
1,B_svc,2,0.29814163235511504,59,0.29799942444278277,WLS,121,0.0001422079123322706
2,UPFC_Vsh,5-15,1.104725438339907,59,1.1049850763007163,WLS,121,0.00025963796080930024
3,UPFC_tsh,5-15,-0.22595787186362778,59,-0.22595170388525204,WLS,121,6.1679783757429e-06
4,UPFC_Vse,5-15,0.06017911365645178,59,0.06005755428714987,WLS,121,0.00012155936930190875
5,UPFC_tse,5-15,-2.150035702594011,59,-2.1404590999321895,WLS,121,0.009576602661821365
0,x_tcsc,1-14,-0.13912241520240554,60,-0.1391387913849911,WLS,121,1.6376182585570165e-05
1,B_svc,2,0.2979308431124731,60,0.29799942444278277,WLS,121,6.85813303096805e-05
2,UPFC_Vsh,5-15,1.1047398900491487,60,1.1049850763007163,WLS,121,0.0002451862515675529
3,UPFC_tsh,5-15,-0.22595418494092462,60,-0.22595170388525204,WLS,121,2.4810556725762822e-06
4,UPFC_Vse,5-15,0.06005026303292233,60,0.06005755428714987,WLS,121,7.291254227541344e-06
5,UPFC_tse,5-15,-2.1471584892187945,60,-2.1404590999321895,WLS,121,0.006699389286604962
0,x_tcsc,1-14,-0.1391341943812903,61,-0.1391387913849911,WLS,121,4.5970037008125075e-06
1,B_svc,2,0.298077399261151,61,0.29799942444278277,WLS,121,7.797481836824272e-05
2,UPFC_Vsh,5-15,1.1044786831316522,61,1.1049850763007163,WLS,121,0.0005063931690640899
3,UPFC_tsh,5-15,-0.2260086668433595,61,-0.22595170388525204,WLS,121,5.6962958107448225e-05
4,UPFC_Vse,5-15,0.05994128707213646,61,0.06005755428714987,WLS,121,0.00011626721501341308
5,UPFC_tse,5-15,-2.1483733444101483,61,-2.1404590999321895,WLS,121,0.007914244477958743
0,x_tcsc,1-14,-0.13913165130303132,62,-0.1391387913849911,WLS,121,7.14008195978888e-06
1,B_svc,2,0.2982519787016998,62,0.29799942444278277,WLS,121,0.0002525542589170149
2,UPFC_Vsh,5-15,1.104344933299094,62,1.1049850763007163,WLS,121,0.0006401430016222953
3,UPFC_tsh,5-15,-0.22598735980582801,62,-0.22595170388525204,WLS,121,3.565592057597211e-05
4,UPFC_Vse,5-15,0.06004211111766453,62,0.06005755428714987,WLS,121,1.544316948533936e-05
5,UPFC_tse,5-15,-2.1476045512131443,62,-2.1404590999321895,WLS,121,0.007145451280954784
0,x_tcsc,1-14,-0.13912939106206912,63,-0.1391387913849911,WLS,121,9.400322921987447e-06
1,B_svc,2,0.2980775180935708,63,0.29799942444278277,WLS,121,7.809365078803587e-05
2,UPFC_Vsh,5-15,1.1043669351134688,63,1.1049850763007163,WLS,121,0.0006181411872474563
3,UPFC_tsh,5-15,-0.22598771428349806,63,-0.22595170388525204,WLS,121,3.601039824602248e-05
4,UPFC_Vse,5-15,0.06032841109994724,63,0.06005755428714987,WLS,121,0.00027085681279737095
5,UPFC_tse,5-15,-2.143846373372111,63,-2.1404590999321895,WLS,121,0.003387273439921401
0,x_tcsc,1-14,-0.1391584593918724,64,-0.1391387913849911,WLS,121,1.9668006881301547e-05
1,B_svc,2,0.29835773199812315,64,0.29799942444278277,WLS,121,0.00035830755534038694
2,UPFC_Vsh,5-15,1.1041301831426225,64,1.1049850763007163,WLS,121,0.000854893158093839
3,UPFC_tsh,5-15,-0.22599470447017025,64,-0.22595170388525204,WLS,121,4.300058491821246e-05
4,UPFC_Vse,5-15,0.0601638228708817,64,0.06005755428714987,WLS,121,0.0001062685837318264
5,UPFC_tse,5-15,-2.144783531852536,64,-2.1404590999321895,WLS,121,0.004324431920346594
0,x_tcsc,1-14,-0.13913946989566636,65,-0.1391387913849911,WLS,121,6.785106752560388e-07
1,B_svc,2,0.2982409677257456,65,0.29799942444278277,WLS,121,0.00024154328296283056
2,UPFC_Vsh,5-15,1.1041042781121408,65,1.1049850763007163,WLS,121,0.000880798188575449
3,UPFC_tsh,5-15,-0.2260752399166521,65,-0.22595170388525204,WLS,121,0.00012353603140005665
4,UPFC_Vse,5-15,0.06019531471249634,65,0.06005755428714987,WLS,121,0.00013776042534646704
5,UPFC_tse,5-15,-2.1476140279235754,65,-2.1404590999321895,WLS,121,0.00715492799138584
0,x_tcsc,1-14,-0.13914878444250495,66,-0.1391387913849911,WLS,121,9.99305751384072e-06
1,B_svc,2,0.29854441379266417,66,0.29799942444278277,WLS,121,0.0005449893498813974
2,UPFC_Vsh,5-15,1.104555423704259,66,1.1049850763007163,WLS,121,0.00042965259645733056
3,UPFC_tsh,5-15,-0.22595242372946459,66,-0.22595170388525204,WLS,121,7.198442125433413e-07
4,UPFC_Vse,5-15,0.05953393562740726,66,0.06005755428714987,WLS,121,0.0005236186597426112
5,UPFC_tse,5-15,-2.1436179116998155,66,-2.1404590999321895,WLS,121,0.003158811767626002
0,x_tcsc,1-14,-0.13914018538429004,67,-0.1391387913849911,WLS,121,1.393999298937576e-06
1,B_svc,2,0.29849541052904366,67,0.29799942444278277,WLS,121,0.0004959860862608911
2,UPFC_Vsh,5-15,1.1043503143300444,67,1.1049850763007163,WLS,121,0.0006347619706719154
3,UPFC_tsh,5-15,-0.22592328595823305,67,-0.22595170388525204,WLS,121,2.841792701899215e-05
4,UPFC_Vse,5-15,0.05992059428133784,67,0.06005755428714987,WLS,121,0.00013696000581202988
5,UPFC_tse,5-15,-2.144411494077116,67,-2.1404590999321895,WLS,121,0.00395239414492643
0,x_tcsc,1-14,-0.13914199108192596,68,-0.1391387913849911,WLS,121,3.1996969348524473e-06
1,B_svc,2,0.29799312946637657,68,0.29799942444278277,WLS,121,6.294976406195918e-06
2,UPFC_Vsh,5-15,1.1045577890945804,68,1.1049850763007163,WLS,121,0.00042728720613594007
3,UPFC_tsh,5-15,-0.2259817140765388,68,-0.22595170388525204,WLS,121,3.001019128676119e-05
4,UPFC_Vse,5-15,0.060180061773906585,68,0.06005755428714987,WLS,121,0.0001225074867567122
5,UPFC_tse,5-15,-2.149756129660886,68,-2.1404590999321895,WLS,121,0.009297029728696504
0,x_tcsc,1-14,-0.1391396433446576,69,-0.1391387913849911,WLS,121,8.519596664813278e-07
1,B_svc,2,0.2975838927453218,69,0.29799942444278277,WLS,121,0.00041553169746094687
2,UPFC_Vsh,5-15,1.1044053337491304,69,1.1049850763007163,WLS,121,0.0005797425515858823
3,UPFC_tsh,5-15,-0.22598942385319096,69,-0.22595170388525204,WLS,121,3.771996793891508e-05
4,UPFC_Vse,5-15,0.060479816335926855,69,0.06005755428714987,WLS,121,0.0004222620487769821
5,UPFC_tse,5-15,-2.147293382451715,69,-2.1404590999321895,WLS,121,0.0068342825195255585
0,x_tcsc,1-14,-0.13914125309978842,70,-0.1391387913849911,WLS,121,2.46171479731383e-06
1,B_svc,2,0.29776214833107173,70,0.29799942444278277,WLS,121,0.0002372761117110378
2,UPFC_Vsh,5-15,1.1044707911855631,70,1.1049850763007163,WLS,121,0.000514285115153168
3,UPFC_tsh,5-15,-0.22591925509491947,70,-0.22595170388525204,WLS,121,3.2448790332567645e-05
4,UPFC_Vse,5-15,0.059439234200935935,70,0.06005755428714987,WLS,121,0.0006183200862139374
5,UPFC_tse,5-15,-2.1471082712049205,70,-2.1404590999321895,WLS,121,0.006649171272731014
0,x_tcsc,1-14,-0.13913979707529006,71,-0.1391387913849911,WLS,121,1.005690298955253e-06
1,B_svc,2,0.2978520143978394,71,0.29799942444278277,WLS,121,0.0001474100449433413
2,UPFC_Vsh,5-15,1.104186615217344,71,1.1049850763007163,WLS,121,0.0007984610833722261
3,UPFC_tsh,5-15,-0.22597387600962204,71,-0.22595170388525204,WLS,121,2.2172124370001267e-05
4,UPFC_Vse,5-15,0.06002496918841829,71,0.06005755428714987,WLS,121,3.258509873158011e-05
5,UPFC_tse,5-15,-2.147857948754652,71,-2.1404590999321895,WLS,121,0.007398848822462334
0,x_tcsc,1-14,-0.13915616363969444,72,-0.1391387913849911,WLS,121,1.737225470332948e-05
1,B_svc,2,0.2983547137267311,72,0.29799942444278277,WLS,121,0.0003552892839483457
2,UPFC_Vsh,5-15,1.1045275475247043,72,1.1049850763007163,WLS,121,0.00045752877601201725
3,UPFC_tsh,5-15,-0.2259879016868076,72,-0.22595170388525204,WLS,121,3.619780155555974e-05
4,UPFC_Vse,5-15,0.059982582973452464,72,0.06005755428714987,WLS,121,7.497131369740839e-05
5,UPFC_tse,5-15,-2.148535321719216,72,-2.1404590999321895,WLS,121,0.008076221787026494
0,x_tcsc,1-14,-0.13913842236425514,73,-0.1391387913849911,WLS,121,3.6902073596856155e-07
1,B_svc,2,0.2977887123144521,73,0.29799942444278277,WLS,121,0.0002107121283306812
2,UPFC_Vsh,5-15,1.1048468885419493,73,1.1049850763007163,WLS,121,0.00013818775876695
3,UPFC_tsh,5-15,-0.22596569852836523,73,-0.22595170388525204,WLS,121,1.3994643113190985e-05
4,UPFC_Vse,5-15,0.05992885490742094,73,0.06005755428714987,WLS,121,0.0001286993797289318
5,UPFC_tse,5-15,-2.14776672985785,73,-2.1404590999321895,WLS,121,0.007307629925660475
0,x_tcsc,1-14,-0.13914524068715495,74,-0.1391387913849911,WLS,121,6.4493021638412085e-06
1,B_svc,2,0.29855526794946774,74,0.29799942444278277,WLS,121,0.0005558435066849721
2,UPFC_Vsh,5-15,1.1042619086828729,74,1.1049850763007163,WLS,121,0.0007231676178434121
3,UPFC_tsh,5-15,-0.22596409016615182,74,-0.22595170388525204,WLS,121,1.2386280899778779e-05
4,UPFC_Vse,5-15,0.06046584312761318,74,0.06005755428714987,WLS,121,0.00040828884046330977
5,UPFC_tse,5-15,-2.1465350198777977,74,-2.1404590999321895,WLS,121,0.006075919945608188
0,x_tcsc,1-14,-0.13915821716375407,75,-0.1391387913849911,WLS,121,1.9425778762960366e-05
1,B_svc,2,0.29788299392320494,75,0.29799942444278277,WLS,121,0.00011643051957782591
2,UPFC_Vsh,5-15,1.1044927567718184,75,1.1049850763007163,WLS,121,0.0004923195288979443
3,UPFC_tsh,5-15,-0.22595534111312277,75,-0.22595170388525204,WLS,121,3.63722787072307e-06
4,UPFC_Vse,5-15,0.06049218631953995,75,0.06005755428714987,WLS,121,0.00043463203239008097
5,UPFC_tse,5-15,-2.1416268420049125,75,-2.1404590999321895,WLS,121,0.001167742072722966
0,x_tcsc,1-14,-0.13914976765142903,76,-0.1391387913849911,WLS,121,1.0976266437923154e-05
1,B_svc,2,0.298331760140365,76,0.29799942444278277,WLS,121,0.00033233569758223114
2,UPFC_Vsh,5-15,1.1046528941692288,76,1.1049850763007163,WLS,121,0.00033218213148744624
3,UPFC_tsh,5-15,-0.2259685401342881,76,-0.22595170388525204,WLS,121,1.6836249036061846e-05
4,UPFC_Vse,5-15,0.060412623588464075,76,0.06005755428714987,WLS,121,0.0003550693013142023
5,UPFC_tse,5-15,-2.1458605688244274,76,-2.1404590999321895,WLS,121,0.005401468892237915
0,x_tcsc,1-14,-0.13912531461898225,77,-0.1391387913849911,WLS,121,1.3476766008851948e-05
1,B_svc,2,0.29781301312312985,77,0.29799942444278277,WLS,121,0.0001864113196529127
2,UPFC_Vsh,5-15,1.104142200365836,77,1.1049850763007163,WLS,121,0.000842875934880194
3,UPFC_tsh,5-15,-0.226039355320671,77,-0.22595170388525204,WLS,121,8.765143541894505e-05
4,UPFC_Vse,5-15,0.05977358107601602,77,0.06005755428714987,WLS,121,0.0002839732111338533
5,UPFC_tse,5-15,-2.1477762058165175,77,-2.1404590999321895,WLS,121,0.00731710588432799
0,x_tcsc,1-14,-0.139136047246728,78,-0.1391387913849911,WLS,121,2.7441382630943867e-06
1,B_svc,2,0.29763915399622787,78,0.29799942444278277,WLS,121,0.00036027044655490004
2,UPFC_Vsh,5-15,1.1045590936205556,78,1.1049850763007163,WLS,121,0.00042598268016069696
3,UPFC_tsh,5-15,-0.2259312522810669,78,-0.22595170388525204,WLS,121,2.0451604185151018e-05
4,UPFC_Vse,5-15,0.05992908166390788,78,0.06005755428714987,WLS,121,0.00012847262324199027
5,UPFC_tse,5-15,-2.144332504226259,78,-2.1404590999321895,WLS,121,0.003873404294069349
0,x_tcsc,1-14,-0.13913590269412807,79,-0.1391387913849911,WLS,121,2.888690863039889e-06
1,B_svc,2,0.2978151602747657,79,0.29799942444278277,WLS,121,0.00018426416801708978
2,UPFC_Vsh,5-15,1.1044836868743955,79,1.1049850763007163,WLS,121,0.0005013894263208307
3,UPFC_tsh,5-15,-0.22594850768297398,79,-0.22595170388525204,WLS,121,3.1962022780662735e-06
4,UPFC_Vse,5-15,0.060062241537533416,79,0.06005755428714987,WLS,121,4.6872503835435064e-06
5,UPFC_tse,5-15,-2.1457737236605072,79,-2.1404590999321895,WLS,121,0.005314623728317702
0,x_tcsc,1-14,-0.1391356416461804,80,-0.1391387913849911,WLS,121,3.149738810714897e-06
1,B_svc,2,0.298014148891339,80,0.29799942444278277,WLS,121,1.4724448556213687e-05
2,UPFC_Vsh,5-15,1.1046817278174335,80,1.1049850763007163,WLS,121,0.00030334848328283925
3,UPFC_tsh,5-15,-0.22594291719462234,80,-0.22595170388525204,WLS,121,8.786690629702942e-06
4,UPFC_Vse,5-15,0.05980282647358377,80,0.06005755428714987,WLS,121,0.00025472781356609964
5,UPFC_tse,5-15,-2.150038386167108,80,-2.1404590999321895,WLS,121,0.009579286234918438
0,x_tcsc,1-14,-0.13913173460845527,81,-0.1391387913849911,WLS,121,7.056776535840914e-06
1,B_svc,2,0.29779253946673556,81,0.29799942444278277,WLS,121,0.0002068849760472058
2,UPFC_Vsh,5-15,1.104210390396264,81,1.1049850763007163,WLS,121,0.000774685904452399
3,UPFC_tsh,5-15,-0.22594251689121336,81,-0.22595170388525204,WLS,121,9.186994038679064e-06
4,UPFC_Vse,5-15,0.060463278987796555,81,0.06005755428714987,WLS,121,0.0004057247006466827
5,UPFC_tse,5-15,-2.1428538407846354,81,-2.1404590999321895,WLS,121,0.0023947408524458424
0,x_tcsc,1-14,-0.13913852925048337,82,-0.1391387913849911,WLS,121,2.621345077391535e-07
1,B_svc,2,0.2980823803053104,82,0.29799942444278277,WLS,121,8.295586252765608e-05
2,UPFC_Vsh,5-15,1.1044009257206455,82,1.1049850763007163,WLS,121,0.0005841505800707747
3,UPFC_tsh,5-15,-0.2259922993968721,82,-0.22595170388525204,WLS,121,4.059551162005626e-05
4,UPFC_Vse,5-15,0.05997908285876856,82,0.06005755428714987,WLS,121,7.847142838131316e-05
5,UPFC_tse,5-15,-2.146674230149853,82,-2.1404590999321895,WLS,121,0.0062151302176634005
0,x_tcsc,1-14,-0.13914076600228634,83,-0.1391387913849911,WLS,121,1.9746172952306296e-06
1,B_svc,2,0.2978455343752986,83,0.29799942444278277,WLS,121,0.00015389006748417478
2,UPFC_Vsh,5-15,1.104577265151981,83,1.1049850763007163,WLS,121,0.0004078111487353375
3,UPFC_tsh,5-15,-0.22590919258127318,83,-0.22595170388525204,WLS,121,4.2511303978864934e-05
4,UPFC_Vse,5-15,0.05981419135816274,83,0.06005755428714987,WLS,121,0.00024336292898713419
5,UPFC_tse,5-15,-2.146595080324945,83,-2.1404590999321895,WLS,121,0.006135980392755425
0,x_tcsc,1-14,-0.13913645769172334,84,-0.1391387913849911,WLS,121,2.3336932677697764e-06
1,B_svc,2,0.2983778445750336,84,0.29799942444278277,WLS,121,0.00037842013225081184
2,UPFC_Vsh,5-15,1.1041451004430476,84,1.1049850763007163,WLS,121,0.0008399758576687066
3,UPFC_tsh,5-15,-0.2260107919018514,84,-0.22595170388525204,WLS,121,5.9088016599345705e-05
4,UPFC_Vse,5-15,0.06017001740689542,84,0.06005755428714987,WLS,121,0.00011246311974554696
5,UPFC_tse,5-15,-2.143348040271989,84,-2.1404590999321895,WLS,121,0.002888940339799362
0,x_tcsc,1-14,-0.1391338151274985,85,-0.1391387913849911,WLS,121,4.976257492600444e-06
1,B_svc,2,0.2976141738453346,85,0.29799942444278277,WLS,121,0.00038525059744815016
2,UPFC_Vsh,5-15,1.10458773068264,85,1.1049850763007163,WLS,121,0.00039734561807636126
3,UPFC_tsh,5-15,-0.22590670367003937,85,-0.22595170388525204,WLS,121,4.50002152126705e-05
4,UPFC_Vse,5-15,0.05976467457939956,85,0.06005755428714987,WLS,121,0.0002928797077503126
5,UPFC_tse,5-15,-2.1482821550972258,85,-2.1404590999321895,WLS,121,0.00782305516503623
0,x_tcsc,1-14,-0.13915439898638227,86,-0.1391387913849911,WLS,121,1.560760139115991e-05
1,B_svc,2,0.29811462060259786,86,0.29799942444278277,WLS,121,0.00011519615981508968
2,UPFC_Vsh,5-15,1.1044403144333066,86,1.1049850763007163,WLS,121,0.0005447618674097043
3,UPFC_tsh,5-15,-0.22602230754345315,86,-0.22595170388525204,WLS,121,7.060365820110714e-05
4,UPFC_Vse,5-15,0.06054553823997949,86,0.06005755428714987,WLS,121,0.00048798395282961815
5,UPFC_tse,5-15,-2.1443033530253635,86,-2.1404590999321895,WLS,121,0.0038442530931739327
0,x_tcsc,1-14,-0.13916452217161707,87,-0.1391387913849911,WLS,121,2.57307866259604e-05
1,B_svc,2,0.2978420232122701,87,0.29799942444278277,WLS,121,0.00015740123051266597
2,UPFC_Vsh,5-15,1.104497015643857,87,1.1049850763007163,WLS,121,0.00048806065685935707
3,UPFC_tsh,5-15,-0.22592553942079652,87,-0.22595170388525204,WLS,121,2.6164464455524783e-05
4,UPFC_Vse,5-15,0.05989594217230467,87,0.06005755428714987,WLS,121,0.00016161211484520127
5,UPFC_tse,5-15,-2.1462496831921913,87,-2.1404590999321895,WLS,121,0.005790583260001814
0,x_tcsc,1-14,-0.1391328335915665,88,-0.1391387913849911,WLS,121,5.957793424604674e-06
1,B_svc,2,0.2978898715348926,88,0.29799942444278277,WLS,121,0.0001095529078901647
2,UPFC_Vsh,5-15,1.1045226242850132,88,1.1049850763007163,WLS,121,0.00046245201570305206
3,UPFC_tsh,5-15,-0.22596855606720984,88,-0.22595170388525204,WLS,121,1.685218195779381e-05
4,UPFC_Vse,5-15,0.059946419922396244,88,0.06005755428714987,WLS,121,0.00011113436475362892
5,UPFC_tse,5-15,-2.14393541639097,88,-2.1404590999321895,WLS,121,0.0034763164587805484
0,x_tcsc,1-14,-0.13915149611645403,89,-0.1391387913849911,WLS,121,1.2704731462920282e-05
1,B_svc,2,0.29808395947094424,89,0.29799942444278277,WLS,121,8.453502816146985e-05
2,UPFC_Vsh,5-15,1.1042612187071486,89,1.1049850763007163,WLS,121,0.0007238575935677449
3,UPFC_tsh,5-15,-0.22600045037148989,89,-0.22595170388525204,WLS,121,4.8746486237843945e-05
4,UPFC_Vse,5-15,0.06026889376122279,89,0.06005755428714987,WLS,121,0.0002113394740729177
5,UPFC_tse,5-15,-2.1470674114579915,89,-2.1404590999321895,WLS,121,0.006608311525801991
0,x_tcsc,1-14,-0.1391373541623421,90,-0.1391387913849911,WLS,121,1.4372226490033668e-06
1,B_svc,2,0.298071834231531,90,0.29799942444278277,WLS,121,7.24097887482289e-05
2,UPFC_Vsh,5-15,1.1044092304673505,90,1.1049850763007163,WLS,121,0.0005758458333657845
3,UPFC_tsh,5-15,-0.22599706733014166,90,-0.22595170388525204,WLS,121,4.5363444889617854e-05
4,UPFC_Vse,5-15,0.06033008105391847,90,0.06005755428714987,WLS,121,0.00027252676676859516
5,UPFC_tse,5-15,-2.146597259527133,90,-2.1404590999321895,WLS,121,0.00613815959494346
0,x_tcsc,1-14,-0.1391507224674422,91,-0.1391387913849911,WLS,121,1.193108245109431e-05
1,B_svc,2,0.29795201881698835,91,0.29799942444278277,WLS,121,4.740562579441665e-05
2,UPFC_Vsh,5-15,1.1044833124172486,91,1.1049850763007163,WLS,121,0.0005017638834676763
3,UPFC_tsh,5-15,-0.2259181371984808,91,-0.22595170388525204,WLS,121,3.3566686771235865e-05
4,UPFC_Vse,5-15,0.05987265515746868,91,0.06005755428714987,WLS,121,0.00018489912968119165
5,UPFC_tse,5-15,-2.1472393255088695,91,-2.1404590999321895,WLS,121,0.00678022557668001
0,x_tcsc,1-14,-0.13913053354271082,92,-0.1391387913849911,WLS,121,8.25784228028481e-06
1,B_svc,2,0.2974621315827481,92,0.29799942444278277,WLS,121,0.0005372928600346771
2,UPFC_Vsh,5-15,1.1041716027489974,92,1.1049850763007163,WLS,121,0.0008134735517189018
3,UPFC_tsh,5-15,-0.22596649357257734,92,-0.22595170388525204,WLS,121,1.4789687325295064e-05
4,UPFC_Vse,5-15,0.05978455768088158,92,0.06005755428714987,WLS,121,0.0002729966062682901
5,UPFC_tse,5-15,-2.145697425453791,92,-2.1404590999321895,WLS,121,0.005238325521601528
0,x_tcsc,1-14,-0.1391554982619487,93,-0.1391387913849911,WLS,121,1.6706876957595096e-05
1,B_svc,2,0.29834530406309506,93,0.29799942444278277,WLS,121,0.0003458796203122949
2,UPFC_Vsh,5-15,1.1045591007809394,93,1.1049850763007163,WLS,121,0.00042597551977685555
3,UPFC_tsh,5-15,-0.22596744414034503,93,-0.22595170388525204,WLS,121,1.5740255092988598e-05
4,UPFC_Vse,5-15,0.059938942548408786,93,0.06005755428714987,WLS,121,0.00011861173874108677
5,UPFC_tse,5-15,-2.1494429682452787,93,-2.1404590999321895,WLS,121,0.008983868313089172
0,x_tcsc,1-14,-0.13914653975590535,94,-0.1391387913849911,WLS,121,7.748370914245628e-06
1,B_svc,2,0.2985119283623612,94,0.29799942444278277,WLS,121,0.0005125039195784109
2,UPFC_Vsh,5-15,1.1043218489442428,94,1.1049850763007163,WLS,121,0.0006632273564735058
3,UPFC_tsh,5-15,-0.22604365916147365,94,-0.22595170388525204,WLS,121,9.195527622160582e-05
4,UPFC_Vse,5-15,0.06000997195373565,94,0.06005755428714987,WLS,121,4.758233341422419e-05
5,UPFC_tse,5-15,-2.151652634331915,94,-2.1404590999321895,WLS,121,0.011193534399725369
0,x_tcsc,1-14,-0.13911052862424766,95,-0.1391387913849911,WLS,121,2.8262760743441584e-05
1,B_svc,2,0.29836511505583946,95,0.29799942444278277,WLS,121,0.0003656906130566906
2,UPFC_Vsh,5-15,1.1043058242623198,95,1.1049850763007163,WLS,121,0.0006792520383964717
3,UPFC_tsh,5-15,-0.22601978531430317,95,-0.22595170388525204,WLS,121,6.808142905112557e-05
4,UPFC_Vse,5-15,0.060021021288641944,95,0.06005755428714987,WLS,121,3.653299850792796e-05
5,UPFC_tse,5-15,-2.1474848087045397,95,-2.1404590999321895,WLS,121,0.007025708772350203
0,x_tcsc,1-14,-0.13913753376762508,96,-0.1391387913849911,WLS,121,1.257617366023922e-06
1,B_svc,2,0.2975513906815254,96,0.29799942444278277,WLS,121,0.0004480337612573493
2,UPFC_Vsh,5-15,1.1044761819483486,96,1.1049850763007163,WLS,121,0.0005088943523676726
3,UPFC_tsh,5-15,-0.22599119007090768,96,-0.22595170388525204,WLS,121,3.9486185655635e-05
4,UPFC_Vse,5-15,0.05990471747504153,96,0.06005755428714987,WLS,121,0.00015283681210834232
5,UPFC_tse,5-15,-2.1490553226877993,96,-2.1404590999321895,WLS,121,0.008596222755609784
0,x_tcsc,1-14,-0.1391212923716811,97,-0.1391387913849911,WLS,121,1.7499013309996148e-05
1,B_svc,2,0.29719546492235543,97,0.29799942444278277,WLS,121,0.0008039595204273331
2,UPFC_Vsh,5-15,1.1042727060799873,97,1.1049850763007163,WLS,121,0.0007123702207290084
3,UPFC_tsh,5-15,-0.2260172002241809,97,-0.22595170388525204,WLS,121,6.549633892885542e-05
4,UPFC_Vse,5-15,0.06013764313890679,97,0.06005755428714987,WLS,121,8.008885175692093e-05
5,UPFC_tse,5-15,-2.145380063230346,97,-2.1404590999321895,WLS,121,0.004920963298156611
0,x_tcsc,1-14,-0.13914181140508328,98,-0.1391387913849911,WLS,121,3.0200200921703946e-06
1,B_svc,2,0.2978658823700141,98,0.29799942444278277,WLS,121,0.00013354207276866648
2,UPFC_Vsh,5-15,1.104090362897735,98,1.1049850763007163,WLS,121,0.0008947134029813064
3,UPFC_tsh,5-15,-0.22598977086188032,98,-0.22595170388525204,WLS,121,3.806697662828151e-05
4,UPFC_Vse,5-15,0.06031592119079665,98,0.06005755428714987,WLS,121,0.0002583669036467784
5,UPFC_tse,5-15,-2.1458312260002583,98,-2.1404590999321895,WLS,121,0.0053721260680688054
0,x_tcsc,1-14,-0.1391514425160258,99,-0.1391387913849911,WLS,121,1.2651131034685514e-05
1,B_svc,2,0.29741838026104994,99,0.29799942444278277,WLS,121,0.000581044181732826
2,UPFC_Vsh,5-15,1.1043718208045277,99,1.1049850763007163,WLS,121,0.000613255496188625
3,UPFC_tsh,5-15,-0.2260236797668938,99,-0.22595170388525204,WLS,121,7.19758816417615e-05
4,UPFC_Vse,5-15,0.06000663820398368,99,0.06005755428714987,WLS,121,5.0916083166194226e-05
5,UPFC_tse,5-15,-2.1493503461089563,99,-2.1404590999321895,WLS,121,0.008891246176766732
0,x_tcsc,1-14,-0.13625473031043125,0,-0.1362085007118137,WLS,123,4.622959861755316e-05
1,B_svc,2,0.2830020437216981,0,0.2834171441114096,WLS,123,0.0004151003897114869
2,UPFC_Vsh,5-15,1.1046249867685252,0,1.1061144614829181,WLS,123,0.0014894747143929798
3,UPFC_tsh,5-15,-0.2282392549441937,0,-0.22820827284701373,WLS,123,3.0982097179971246e-05
4,UPFC_Vse,5-15,0.060071025477234065,0,0.06039227665787877,WLS,123,0.00032125118064470215
5,UPFC_tse,5-15,-2.14553813424179,0,-2.1428035663817044,WLS,123,0.002734567860085413
0,x_tcsc,1-14,-0.13624748526999542,1,-0.1362085007118137,WLS,123,3.898455818171498e-05
1,B_svc,2,0.28296454273350724,1,0.2834171441114096,WLS,123,0.000452601377902373
2,UPFC_Vsh,5-15,1.104396494502847,1,1.1061144614829181,WLS,123,0.001717966980071095
3,UPFC_tsh,5-15,-0.2282953078009415,1,-0.22820827284701373,WLS,123,8.703495392778371e-05
4,UPFC_Vse,5-15,0.05963245403490099,1,0.06039227665787877,WLS,123,0.0007598226229777738
5,UPFC_tse,5-15,-2.1453965778951325,1,-2.1428035663817044,WLS,123,0.0025930115134280562
0,x_tcsc,1-14,-0.13624426497191655,2,-0.1362085007118137,WLS,123,3.576426010284961e-05
1,B_svc,2,0.28342241967024,2,0.2834171441114096,WLS,123,5.275558830397653e-06
2,UPFC_Vsh,5-15,1.1044865433332043,2,1.1061144614829181,WLS,123,0.0016279181497138584
3,UPFC_tsh,5-15,-0.22828224131695668,2,-0.22820827284701373,WLS,123,7.396846994295325e-05
4,UPFC_Vse,5-15,0.06041136015302705,2,0.06039227665787877,WLS,123,1.9083495148279617e-05
5,UPFC_tse,5-15,-2.1485885510075104,2,-2.1428035663817044,WLS,123,0.005784984625806011
0,x_tcsc,1-14,-0.13623742925185206,3,-0.1362085007118137,WLS,123,2.8928540038358763e-05
1,B_svc,2,0.28312185137109175,3,0.2834171441114096,WLS,123,0.0002952927403178651
2,UPFC_Vsh,5-15,1.1044150582402597,3,1.1061144614829181,WLS,123,0.0016994032426584926
3,UPFC_tsh,5-15,-0.2282327612027847,3,-0.22820827284701373,WLS,123,2.4488355770985182e-05
4,UPFC_Vse,5-15,0.060448665320591004,3,0.06039227665787877,WLS,123,5.638866271223675e-05
5,UPFC_tse,5-15,-2.1458686412474273,3,-2.1428035663817044,WLS,123,0.0030650748657228277
0,x_tcsc,1-14,-0.13623632333728794,4,-0.1362085007118137,WLS,123,2.7822625474238638e-05
1,B_svc,2,0.28285265307779445,4,0.2834171441114096,WLS,123,0.0005644910336151665
2,UPFC_Vsh,5-15,1.1044190659362751,4,1.1061144614829181,WLS,123,0.001695395546642997
3,UPFC_tsh,5-15,-0.22829639901722482,4,-0.22820827284701373,WLS,123,8.812617021108915e-05
4,UPFC_Vse,5-15,0.060153189847072075,4,0.06039227665787877,WLS,123,0.00023908681080669208
5,UPFC_tse,5-15,-2.147985602147738,4,-2.1428035663817044,WLS,123,0.00518203576603371
0,x_tcsc,1-14,-0.13623902131126503,5,-0.1362085007118137,WLS,123,3.052059945132801e-05
1,B_svc,2,0.28321869372644737,5,0.2834171441114096,WLS,123,0.00019845038496224543
2,UPFC_Vsh,5-15,1.104091643143018,5,1.1061144614829181,WLS,123,0.0020228183399000343
3,UPFC_tsh,5-15,-0.2283138365734883,5,-0.22820827284701373,WLS,123,0.0001055637264745779
4,UPFC_Vse,5-15,0.06041054581287549,5,0.06039227665787877,WLS,123,1.82691549967251e-05
5,UPFC_tse,5-15,-2.1414522628959665,5,-2.1428035663817044,WLS,123,0.0013513034857379758
0,x_tcsc,1-14,-0.13624854402338382,6,-0.1362085007118137,WLS,123,4.004331157012042e-05
1,B_svc,2,0.28336831308036353,6,0.2834171441114096,WLS,123,4.883103104608155e-05
2,UPFC_Vsh,5-15,1.1041962523099935,6,1.1061144614829181,WLS,123,0.0019182091729246231
3,UPFC_tsh,5-15,-0.2283533231761169,6,-0.22820827284701373,WLS,123,0.00014505032910316906
4,UPFC_Vse,5-15,0.06021149976253333,6,0.06039227665787877,WLS,123,0.00018077689534543723
5,UPFC_tse,5-15,-2.148830114607838,6,-2.1428035663817044,WLS,123,0.006026548226133688
0,x_tcsc,1-14,-0.136248272783781,7,-0.1362085007118137,WLS,123,3.9772071967286715e-05
1,B_svc,2,0.2831456302447199,7,0.2834171441114096,WLS,123,0.000271513866689721
2,UPFC_Vsh,5-15,1.1044444368988429,7,1.1061144614829181,WLS,123,0.0016700245840752803
3,UPFC_tsh,5-15,-0.22824424352633985,7,-0.22820827284701373,WLS,123,3.5970679326119415e-05
4,UPFC_Vse,5-15,0.060041276272346386,7,0.06039227665787877,WLS,123,0.00035100038553238094
5,UPFC_tse,5-15,-2.1502353798792972,7,-2.1428035663817044,WLS,123,0.00743181349759281
0,x_tcsc,1-14,-0.1362560708307835,8,-0.1362085007118137,WLS,123,4.757011896980301e-05
1,B_svc,2,0.283306109782937,8,0.2834171441114096,WLS,123,0.00011103432847259231
2,UPFC_Vsh,5-15,1.1044018009944032,8,1.1061144614829181,WLS,123,0.0017126604885149277
3,UPFC_tsh,5-15,-0.22831903952048896,8,-0.22820827284701373,WLS,123,0.00011076667347523217
4,UPFC_Vse,5-15,0.06024747089086772,8,0.06039227665787877,WLS,123,0.00014480576701104975
5,UPFC_tse,5-15,-2.152269346233367,8,-2.1428035663817044,WLS,123,0.009465779851662415
0,x_tcsc,1-14,-0.13625185180682206,9,-0.1362085007118137,WLS,123,4.335109500835932e-05
1,B_svc,2,0.2830044499588143,9,0.2834171441114096,WLS,123,0.0004126941525953165
2,UPFC_Vsh,5-15,1.1046763455929327,9,1.1061144614829181,WLS,123,0.0014381158899854363
3,UPFC_tsh,5-15,-0.2282683439274967,9,-0.22820827284701373,WLS,123,6.007108048297627e-05
4,UPFC_Vse,5-15,0.060204986440834454,9,0.06039227665787877,WLS,123,0.00018729021704431276
5,UPFC_tse,5-15,-2.1444618368421087,9,-2.1428035663817044,WLS,123,0.001658270460404232
0,x_tcsc,1-14,-0.136235119892945,10,-0.1362085007118137,WLS,123,2.66191811313099e-05
1,B_svc,2,0.2835825251315599,10,0.2834171441114096,WLS,123,0.00016538102015029033
2,UPFC_Vsh,5-15,1.1042545789990552,10,1.1061144614829181,WLS,123,0.001859882483862929
3,UPFC_tsh,5-15,-0.22833398739784727,10,-0.22820827284701373,WLS,123,0.00012571455083354444
4,UPFC_Vse,5-15,0.060356110351617434,10,0.06039227665787877,WLS,123,3.616630626133294e-05
5,UPFC_tse,5-15,-2.1493445286794066,10,-2.1428035663817044,WLS,123,0.00654096229770218
0,x_tcsc,1-14,-0.13626791291235987,11,-0.1362085007118137,WLS,123,5.941220054617169e-05
1,B_svc,2,0.28311236788862154,11,0.2834171441114096,WLS,123,0.00030477622278807237
2,UPFC_Vsh,5-15,1.1042251548503121,11,1.1061144614829181,WLS,123,0.0018893066326060026
3,UPFC_tsh,5-15,-0.22834741390119082,11,-0.22820827284701373,WLS,123,0.00013914105417708877
4,UPFC_Vse,5-15,0.06023737233239268,11,0.06039227665787877,WLS,123,0.00015490432548608685
5,UPFC_tse,5-15,-2.146435868457696,11,-2.1428035663817044,WLS,123,0.0036323020759914115
0,x_tcsc,1-14,-0.1362618600126882,12,-0.1362085007118137,WLS,123,5.335930087449481e-05
1,B_svc,2,0.28361774936162704,12,0.2834171441114096,WLS,123,0.0002006052502174227
2,UPFC_Vsh,5-15,1.1045925262884027,12,1.1061144614829181,WLS,123,0.001521935194515489
3,UPFC_tsh,5-15,-0.22825088755086964,12,-0.22820827284701373,WLS,123,4.261470385591437e-05
4,UPFC_Vse,5-15,0.05938260778572934,12,0.06039227665787877,WLS,123,0.0010096688721494274
5,UPFC_tse,5-15,-2.14707574413742,12,-2.1428035663817044,WLS,123,0.004272177755715756
0,x_tcsc,1-14,-0.13623949577385847,13,-0.1362085007118137,WLS,123,3.09950620447641e-05
1,B_svc,2,0.28358065948309413,13,0.2834171441114096,WLS,123,0.00016351537168451946
2,UPFC_Vsh,5-15,1.1048549580674554,13,1.1061144614829181,WLS,123,0.0012595034154627704
3,UPFC_tsh,5-15,-0.2282969961400175,13,-0.22820827284701373,WLS,123,8.872329300377291e-05
4,UPFC_Vse,5-15,0.05988169779269227,13,0.06039227665787877,WLS,123,0.0005105788651864965
5,UPFC_tse,5-15,-2.146642552269877,13,-2.1428035663817044,WLS,123,0.0038389858881724415
0,x_tcsc,1-14,-0.13625125616084308,14,-0.1362085007118137,WLS,123,4.275544902937467e-05
1,B_svc,2,0.2831829787362223,14,0.2834171441114096,WLS,123,0.00023416537518733405
2,UPFC_Vsh,5-15,1.1040753563101533,14,1.1061144614829181,WLS,123,0.0020391051727648435
3,UPFC_tsh,5-15,-0.22831206060620024,14,-0.22820827284701373,WLS,123,0.00010378775918651328
4,UPFC_Vse,5-15,0.060127411642987856,14,0.06039227665787877,WLS,123,0.00026486501489091097
5,UPFC_tse,5-15,-2.1430048260167736,14,-2.1428035663817044,WLS,123,0.0002012596350691176
0,x_tcsc,1-14,-0.13623548508061709,15,-0.1362085007118137,WLS,123,2.6984368803384395e-05
1,B_svc,2,0.28304336084665427,15,0.2834171441114096,WLS,123,0.0003737832647553452
2,UPFC_Vsh,5-15,1.1040756236367082,15,1.1061144614829181,WLS,123,0.002038837846209951
3,UPFC_tsh,5-15,-0.22825737873228302,15,-0.22820827284701373,WLS,123,4.9105885269296046e-05
4,UPFC_Vse,5-15,0.060276090194318274,15,0.06039227665787877,WLS,123,0.00011618646356049284
5,UPFC_tse,5-15,-2.1435874869089293,15,-2.1428035663817044,WLS,123,0.0007839205272248684
0,x_tcsc,1-14,-0.13626677436193593,16,-0.1362085007118137,WLS,123,5.82736501222314e-05
1,B_svc,2,0.2836118374324254,16,0.2834171441114096,WLS,123,0.00019469332101579306
2,UPFC_Vsh,5-15,1.1045505121340375,16,1.1061144614829181,WLS,123,0.0015639493488806
3,UPFC_tsh,5-15,-0.22827619236649255,16,-0.22820827284701373,WLS,123,6.791951947882069e-05
4,UPFC_Vse,5-15,0.0600188355395126,16,0.06039227665787877,WLS,123,0.0003734411183661662
5,UPFC_tse,5-15,-2.146937868912222,16,-2.1428035663817044,WLS,123,0.004134302530517608
0,x_tcsc,1-14,-0.13623455449086563,17,-0.1362085007118137,WLS,123,2.605377905193218e-05
1,B_svc,2,0.28353913531143915,17,0.2834171441114096,WLS,123,0.00012199120002953645
2,UPFC_Vsh,5-15,1.1043930121281427,17,1.1061144614829181,WLS,123,0.0017214493547754728
3,UPFC_tsh,5-15,-0.2282367468225561,17,-0.22820827284701373,WLS,123,2.847397554237019e-05
4,UPFC_Vse,5-15,0.06002658843021588,17,0.06039227665787877,WLS,123,0.0003656882276628845
5,UPFC_tse,5-15,-2.146603852288547,17,-2.1428035663817044,WLS,123,0.003800285906842671
0,x_tcsc,1-14,-0.13626347443361692,18,-0.1362085007118137,WLS,123,5.497372180321425e-05
1,B_svc,2,0.2836842039515443,18,0.2834171441114096,WLS,123,0.00026705984013469797
2,UPFC_Vsh,5-15,1.104249347675093,18,1.1061144614829181,WLS,123,0.0018651138078251694
3,UPFC_tsh,5-15,-0.22829425045220847,18,-0.22820827284701373,WLS,123,8.597760519474251e-05
4,UPFC_Vse,5-15,0.060595324334964534,18,0.06039227665787877,WLS,123,0.00020304767708576726
5,UPFC_tse,5-15,-2.143731801161727,18,-2.1428035663817044,WLS,123,0.0009282347800225743
0,x_tcsc,1-14,-0.13625986496217946,19,-0.1362085007118137,WLS,123,5.1364250365754094e-05
1,B_svc,2,0.28332410883259834,19,0.2834171441114096,WLS,123,9.303527881127094e-05
2,UPFC_Vsh,5-15,1.1043399305527737,19,1.1061144614829181,WLS,123,0.0017745309301444578
3,UPFC_tsh,5-15,-0.22827187985701355,19,-0.22820827284701373,WLS,123,6.36070099998276e-05
4,UPFC_Vse,5-15,0.060078570399217227,19,0.06039227665787877,WLS,123,0.0003137062586615405
5,UPFC_tse,5-15,-2.1478772280172898,19,-2.1428035663817044,WLS,123,0.005073661635585314
0,x_tcsc,1-14,-0.13625939238663679,20,-0.1362085007118137,WLS,123,5.0891674823083655e-05
1,B_svc,2,0.28368624871518916,20,0.2834171441114096,WLS,123,0.00026910460377954637
2,UPFC_Vsh,5-15,1.1043013815117984,20,1.1061144614829181,WLS,123,0.001813079971119791
3,UPFC_tsh,5-15,-0.22829592157872025,20,-0.22820827284701373,WLS,123,8.764873170652443e-05
4,UPFC_Vse,5-15,0.0603278213702441,20,0.06039227665787877,WLS,123,6.445528763466407e-05
5,UPFC_tse,5-15,-2.145461041718573,20,-2.1428035663817044,WLS,123,0.0026574753368686643
0,x_tcsc,1-14,-0.1362565288769223,21,-0.1362085007118137,WLS,123,4.8028165108598975e-05
1,B_svc,2,0.28336769929397454,21,0.2834171441114096,WLS,123,4.9444817435073674e-05
2,UPFC_Vsh,5-15,1.1042797738157266,21,1.1061144614829181,WLS,123,0.0018346876671915258
3,UPFC_tsh,5-15,-0.22828994067782446,21,-0.22820827284701373,WLS,123,8.166783081073326e-05
4,UPFC_Vse,5-15,0.06035237303186108,21,0.06039227665787877,WLS,123,3.990362601768993e-05
5,UPFC_tse,5-15,-2.147392578058365,21,-2.1428035663817044,WLS,123,0.004589011676660704
0,x_tcsc,1-14,-0.13625645522787114,22,-0.1362085007118137,WLS,123,4.7954516057435725e-05
1,B_svc,2,0.28335138777547486,22,0.2834171441114096,WLS,123,6.575633593475239e-05
2,UPFC_Vsh,5-15,1.104633927509486,22,1.1061144614829181,WLS,123,0.0014805339734320633
3,UPFC_tsh,5-15,-0.22824601110559434,22,-0.22820827284701373,WLS,123,3.773825858061075e-05
4,UPFC_Vse,5-15,0.05986457343990338,22,0.06039227665787877,WLS,123,0.0005277032179753852
5,UPFC_tse,5-15,-2.1470634018644255,22,-2.1428035663817044,WLS,123,0.004259835482721019
0,x_tcsc,1-14,-0.1362471919915292,23,-0.1362085007118137,WLS,123,3.869127971550812e-05
1,B_svc,2,0.28334814633110944,23,0.2834171441114096,WLS,123,6.89977803001729e-05
2,UPFC_Vsh,5-15,1.1045173803042778,23,1.1061144614829181,WLS,123,0.001597081178640325
3,UPFC_tsh,5-15,-0.2283127768530097,23,-0.22820827284701373,WLS,123,0.00010450400599598675
4,UPFC_Vse,5-15,0.0600923061054165,23,0.06039227665787877,WLS,123,0.000299970552462267
5,UPFC_tse,5-15,-2.144249169345958,23,-2.1428035663817044,WLS,123,0.0014456029642535562
0,x_tcsc,1-14,-0.13624803560487822,24,-0.1362085007118137,WLS,123,3.953489306451896e-05
1,B_svc,2,0.2833016025164865,24,0.2834171441114096,WLS,123,0.00011554159492310756
2,UPFC_Vsh,5-15,1.1044413763839178,24,1.1061144614829181,WLS,123,0.0016730850990003265
3,UPFC_tsh,5-15,-0.22824123843641098,24,-0.22820827284701373,WLS,123,3.296558939724914e-05
4,UPFC_Vse,5-15,0.060378369503444315,24,0.06039227665787877,WLS,123,1.390715443445184e-05
5,UPFC_tse,5-15,-2.142511996219288,24,-2.1428035663817044,WLS,123,0.00029157016241665445
0,x_tcsc,1-14,-0.13625863040279143,25,-0.1362085007118137,WLS,123,5.0129690977729346e-05
1,B_svc,2,0.2828039284786493,25,0.2834171441114096,WLS,123,0.0006132156327602889
2,UPFC_Vsh,5-15,1.104208688290684,25,1.1061144614829181,WLS,123,0.0019057731922340615
3,UPFC_tsh,5-15,-0.2282640466800008,25,-0.22820827284701373,WLS,123,5.5773832987077165e-05
4,UPFC_Vse,5-15,0.06003903006466683,25,0.06039227665787877,WLS,123,0.0003532465932119394
5,UPFC_tse,5-15,-2.1483177440179357,25,-2.1428035663817044,WLS,123,0.005514177636231299
0,x_tcsc,1-14,-0.1362555454798528,26,-0.1362085007118137,WLS,123,4.7044768039100626e-05
1,B_svc,2,0.2832290145775039,26,0.2834171441114096,WLS,123,0.00018812953390573428
2,UPFC_Vsh,5-15,1.104267659605013,26,1.1061144614829181,WLS,123,0.001846801877905202
3,UPFC_tsh,5-15,-0.22825228883700258,26,-0.22820827284701373,WLS,123,4.401598998884926e-05
4,UPFC_Vse,5-15,0.06021779842452279,26,0.06039227665787877,WLS,123,0.00017447823335597912
5,UPFC_tse,5-15,-2.1487616052318947,26,-2.1428035663817044,WLS,123,0.005958038850190306
0,x_tcsc,1-14,-0.1362386607679884,27,-0.1362085007118137,WLS,123,3.0160056174705074e-05
1,B_svc,2,0.2833361238942183,27,0.2834171441114096,WLS,123,8.10202171913077e-05
2,UPFC_Vsh,5-15,1.1043751061357696,27,1.1061144614829181,WLS,123,0.0017393553471485301
3,UPFC_tsh,5-15,-0.22829364566428711,27,-0.22820827284701373,WLS,123,8.537281727338808e-05
4,UPFC_Vse,5-15,0.05997261078830362,27,0.06039227665787877,WLS,123,0.0004196658695751476
5,UPFC_tse,5-15,-2.146096268699924,27,-2.1428035663817044,WLS,123,0.0032927023182196535
0,x_tcsc,1-14,-0.13624884279847777,28,-0.1362085007118137,WLS,123,4.034208666406358e-05
1,B_svc,2,0.2833185241614694,28,0.2834171441114096,WLS,123,9.861994994020407e-05
2,UPFC_Vsh,5-15,1.1038525087518647,28,1.1061144614829181,WLS,123,0.0022619527310534515
3,UPFC_tsh,5-15,-0.22836309817004863,28,-0.22820827284701373,WLS,123,0.0001548253230349017
4,UPFC_Vse,5-15,0.06051840939331435,28,0.06039227665787877,WLS,123,0.0001261327354355815
5,UPFC_tse,5-15,-2.1454049094459964,28,-2.1428035663817044,WLS,123,0.002601343064291939
0,x_tcsc,1-14,-0.13625419598558605,29,-0.1362085007118137,WLS,123,4.5695273772350387e-05
1,B_svc,2,0.28334550161096544,29,0.2834171441114096,WLS,123,7.164250044416898e-05
2,UPFC_Vsh,5-15,1.1043680419110562,29,1.1061144614829181,WLS,123,0.0017464195718619457
3,UPFC_tsh,5-15,-0.22827622675821116,29,-0.22820827284701373,WLS,123,6.795391119743255e-05
4,UPFC_Vse,5-15,0.06018157993508553,29,0.06039227665787877,WLS,123,0.00021069672279323826
5,UPFC_tse,5-15,-2.146545015647093,29,-2.1428035663817044,WLS,123,0.0037414492653886633
0,x_tcsc,1-14,-0.1362451074671015,30,-0.1362085007118137,WLS,123,3.660675528779911e-05
1,B_svc,2,0.283449642924325,30,0.2834171441114096,WLS,123,3.249881291539358e-05
2,UPFC_Vsh,5-15,1.1043607929419306,30,1.1061144614829181,WLS,123,0.001753668540987574
3,UPFC_tsh,5-15,-0.22823667978039514,30,-0.22820827284701373,WLS,123,2.840693338140854e-05
4,UPFC_Vse,5-15,0.06001161189142437,30,0.06039227665787877,WLS,123,0.0003806647664543958
5,UPFC_tse,5-15,-2.146709377940315,30,-2.1428035663817044,WLS,123,0.0039058115586105835
0,x_tcsc,1-14,-0.136260994034487,31,-0.1362085007118137,WLS,123,5.249332267329154e-05
1,B_svc,2,0.28303761394215377,31,0.2834171441114096,WLS,123,0.00037953016925584837
2,UPFC_Vsh,5-15,1.1046974443365996,31,1.1061144614829181,WLS,123,0.0014170171463185888
3,UPFC_tsh,5-15,-0.2282659500500351,31,-0.22820827284701373,WLS,123,5.767720302138346e-05
4,UPFC_Vse,5-15,0.06035523098718758,31,0.06039227665787877,WLS,123,3.7045670691189525e-05
5,UPFC_tse,5-15,-2.145728987711265,31,-2.1428035663817044,WLS,123,0.002925421329560418
0,x_tcsc,1-14,-0.1362351366513359,32,-0.1362085007118137,WLS,123,2.6635939522207108e-05
1,B_svc,2,0.28316751912683974,32,0.2834171441114096,WLS,123,0.0002496249845698739
2,UPFC_Vsh,5-15,1.104336825146311,32,1.1061144614829181,WLS,123,0.0017776363366071024
3,UPFC_tsh,5-15,-0.2282895943996671,32,-0.22820827284701373,WLS,123,8.132155265336283e-05
4,UPFC_Vse,5-15,0.06022480233657047,32,0.06039227665787877,WLS,123,0.0001674743213083002
5,UPFC_tse,5-15,-2.145919104545563,32,-2.1428035663817044,WLS,123,0.0031155381638585666
0,x_tcsc,1-14,-0.13624095336348477,33,-0.1362085007118137,WLS,123,3.245265167106659e-05
1,B_svc,2,0.2830518526118082,33,0.2834171441114096,WLS,123,0.0003652914996014056
2,UPFC_Vsh,5-15,1.1045255805520784,33,1.1061144614829181,WLS,123,0.0015888809308397533
3,UPFC_tsh,5-15,-0.2282142429534388,33,-0.22820827284701373,WLS,123,5.970106425084998e-06
4,UPFC_Vse,5-15,0.059902356366361244,33,0.06039227665787877,WLS,123,0.0004899202915175233
5,UPFC_tse,5-15,-2.1473410847487253,33,-2.1428035663817044,WLS,123,0.004537518367020876
0,x_tcsc,1-14,-0.13624275024625307,34,-0.1362085007118137,WLS,123,3.4249534439367846e-05
1,B_svc,2,0.28371465746748464,34,0.2834171441114096,WLS,123,0.0002975133560750298
2,UPFC_Vsh,5-15,1.1042269662429074,34,1.1061144614829181,WLS,123,0.0018874952400107503
3,UPFC_tsh,5-15,-0.22831387517769305,34,-0.22820827284701373,WLS,123,0.00010560233067932745
4,UPFC_Vse,5-15,0.060138185659538726,34,0.06039227665787877,WLS,123,0.00025409099834004106
5,UPFC_tse,5-15,-2.1491215702318978,34,-2.1428035663817044,WLS,123,0.006318003850193321
0,x_tcsc,1-14,-0.13625112736213152,35,-0.1362085007118137,WLS,123,4.262665031781743e-05
1,B_svc,2,0.28330169293472085,35,0.2834171441114096,WLS,123,0.00011545117668876337
2,UPFC_Vsh,5-15,1.1042658568845163,35,1.1061144614829181,WLS,123,0.0018486045984018595
3,UPFC_tsh,5-15,-0.2282541797516332,35,-0.22820827284701373,WLS,123,4.5906904619474886e-05
4,UPFC_Vse,5-15,0.06005836186060912,35,0.06039227665787877,WLS,123,0.0003339147972696438
5,UPFC_tse,5-15,-2.1475433496646272,35,-2.1428035663817044,WLS,123,0.004739783282922794
0,x_tcsc,1-14,-0.1362428617824719,36,-0.1362085007118137,WLS,123,3.4361070658212034e-05
1,B_svc,2,0.2833873870745288,36,0.2834171441114096,WLS,123,2.975703688079534e-05
2,UPFC_Vsh,5-15,1.1040568399454451,36,1.1061144614829181,WLS,123,0.00205762153747302
3,UPFC_tsh,5-15,-0.22830732311736096,36,-0.22820827284701373,WLS,123,9.905027034723402e-05
4,UPFC_Vse,5-15,0.05991778251349574,36,0.06039227665787877,WLS,123,0.0004744941443830253
5,UPFC_tse,5-15,-2.146604259259432,36,-2.1428035663817044,WLS,123,0.0038006928777276627
0,x_tcsc,1-14,-0.13624518642878847,37,-0.1362085007118137,WLS,123,3.668571697476586e-05
1,B_svc,2,0.2828422939099137,37,0.2834171441114096,WLS,123,0.0005748502014958912
2,UPFC_Vsh,5-15,1.1046135492785711,37,1.1061144614829181,WLS,123,0.0015009122043470047
3,UPFC_tsh,5-15,-0.2282895215082025,37,-0.22820827284701373,WLS,123,8.124866118877638e-05
4,UPFC_Vse,5-15,0.06017746547966336,37,0.06039227665787877,WLS,123,0.00021481117821540996
5,UPFC_tse,5-15,-2.1481167849810943,37,-2.1428035663817044,WLS,123,0.005313218599389824
0,x_tcsc,1-14,-0.13623689643168452,38,-0.1362085007118137,WLS,123,2.839571987081624e-05
1,B_svc,2,0.2831412679470647,38,0.2834171441114096,WLS,123,0.0002758761643449348
2,UPFC_Vsh,5-15,1.104413338073556,38,1.1061144614829181,WLS,123,0.0017011234093622374
3,UPFC_tsh,5-15,-0.22826841910647086,38,-0.22820827284701373,WLS,123,6.0146259457133366e-05
4,UPFC_Vse,5-15,0.06024564042504896,38,0.06039227665787877,WLS,123,0.0001466362328298096
5,UPFC_tse,5-15,-2.1463772145868756,38,-2.1428035663817044,WLS,123,0.0035736482051711427
0,x_tcsc,1-14,-0.1362548251269228,39,-0.1362085007118137,WLS,123,4.6324415109100237e-05
1,B_svc,2,0.28274186817182245,39,0.2834171441114096,WLS,123,0.000675275939587161
2,UPFC_Vsh,5-15,1.1045449444331346,39,1.1061144614829181,WLS,123,0.0015695170497835864
3,UPFC_tsh,5-15,-0.22827102166761593,39,-0.22820827284701373,WLS,123,6.274882060219866e-05
4,UPFC_Vse,5-15,0.06025230378011309,39,0.06039227665787877,WLS,123,0.00013997287776567474
5,UPFC_tse,5-15,-2.1476585426184625,39,-2.1428035663817044,WLS,123,0.004854976236758013
0,x_tcsc,1-14,-0.13622885551771077,40,-0.1362085007118137,WLS,123,2.0354805897071504e-05
1,B_svc,2,0.2830388199264474,40,0.2834171441114096,WLS,123,0.00037832418496219766
2,UPFC_Vsh,5-15,1.1042231645566383,40,1.1061144614829181,WLS,123,0.001891296926279873
3,UPFC_tsh,5-15,-0.22831620315395917,40,-0.22820827284701373,WLS,123,0.00010793030694544736
4,UPFC_Vse,5-15,0.06041794763510424,40,0.06039227665787877,WLS,123,2.5670977225472624e-05
5,UPFC_tse,5-15,-2.1450451004469038,40,-2.1428035663817044,WLS,123,0.0022415340651993354
0,x_tcsc,1-14,-0.1362508346410809,41,-0.1362085007118137,WLS,123,4.233392926719648e-05
1,B_svc,2,0.283348943772843,41,0.2834171441114096,WLS,123,6.820033856663743e-05
2,UPFC_Vsh,5-15,1.1041329691511739,41,1.1061144614829181,WLS,123,0.0019814923317442723
3,UPFC_tsh,5-15,-0.22826254263838983,41,-0.22820827284701373,WLS,123,5.426979137609922e-05
4,UPFC_Vse,5-15,0.0601604357299782,41,0.06039227665787877,WLS,123,0.00023184092790056593
5,UPFC_tse,5-15,-2.147572365077778,41,-2.1428035663817044,WLS,123,0.004768798696073606
0,x_tcsc,1-14,-0.13625841016869908,42,-0.1362085007118137,WLS,123,4.990945688537751e-05
1,B_svc,2,0.28325581896114005,42,0.2834171441114096,WLS,123,0.0001613251502695645
2,UPFC_Vsh,5-15,1.1045707838946555,42,1.1061144614829181,WLS,123,0.0015436775882626819
3,UPFC_tsh,5-15,-0.22826594511237622,42,-0.22820827284701373,WLS,123,5.7672265362490593e-05
4,UPFC_Vse,5-15,0.060128496874702016,42,0.06039227665787877,WLS,123,0.0002637797831767513
5,UPFC_tse,5-15,-2.146493096721811,42,-2.1428035663817044,WLS,123,0.0036895303401065505
0,x_tcsc,1-14,-0.13624865792283475,43,-0.1362085007118137,WLS,123,4.015721102104686e-05
1,B_svc,2,0.28356520115432815,43,0.2834171441114096,WLS,123,0.00014805704291853683
2,UPFC_Vsh,5-15,1.1043605547397348,43,1.1061144614829181,WLS,123,0.00175390674318332
3,UPFC_tsh,5-15,-0.22828358252458922,43,-0.22820827284701373,WLS,123,7.530967757549134e-05
4,UPFC_Vse,5-15,0.05971987433587672,43,0.06039227665787877,WLS,123,0.0006724023220020456
5,UPFC_tse,5-15,-2.1469495529799247,43,-2.1428035663817044,WLS,123,0.004145986598220297
0,x_tcsc,1-14,-0.1362543887687337,44,-0.1362085007118137,WLS,123,4.588805691999043e-05
1,B_svc,2,0.2831660993490203,44,0.2834171441114096,WLS,123,0.0002510447623892964
2,UPFC_Vsh,5-15,1.1043732959336856,44,1.1061144614829181,WLS,123,0.0017411655492325373
3,UPFC_tsh,5-15,-0.2282707460032231,44,-0.22820827284701373,WLS,123,6.24731562093861e-05
4,UPFC_Vse,5-15,0.060074665121974465,44,0.06039227665787877,WLS,123,0.00031761153590430247
5,UPFC_tse,5-15,-2.1444452994351177,44,-2.1428035663817044,WLS,123,0.0016417330534133079
0,x_tcsc,1-14,-0.13624343188043714,45,-0.1362085007118137,WLS,123,3.493116862343659e-05
1,B_svc,2,0.28294698999533086,45,0.2834171441114096,WLS,123,0.0004701541160787581
2,UPFC_Vsh,5-15,1.1045780886625072,45,1.1061144614829181,WLS,123,0.0015363728204109695
3,UPFC_tsh,5-15,-0.22824898053748574,45,-0.22820827284701373,WLS,123,4.0707690472013836e-05
4,UPFC_Vse,5-15,0.05975424337384337,45,0.06039227665787877,WLS,123,0.0006380332840353956
5,UPFC_tse,5-15,-2.149317059599823,45,-2.1428035663817044,WLS,123,0.006513493218118782
0,x_tcsc,1-14,-0.1362603997147152,46,-0.1362085007118137,WLS,123,5.189900290150651e-05
1,B_svc,2,0.2833208683612283,46,0.2834171441114096,WLS,123,9.627575018134049e-05
2,UPFC_Vsh,5-15,1.1044743660322143,46,1.1061144614829181,WLS,123,0.0016400954507038712
3,UPFC_tsh,5-15,-0.22830110841683818,46,-0.22820827284701373,WLS,123,9.283556982445096e-05
4,UPFC_Vse,5-15,0.06027346242055699,46,0.06039227665787877,WLS,123,0.00011881423732177515
5,UPFC_tse,5-15,-2.1435936328637077,46,-2.1428035663817044,WLS,123,0.0007900664820033043
0,x_tcsc,1-14,-0.13623914613017715,47,-0.1362085007118137,WLS,123,3.0645418363450805e-05
1,B_svc,2,0.2833753574565644,47,0.2834171441114096,WLS,123,4.1786654845221705e-05
2,UPFC_Vsh,5-15,1.1045741198335095,47,1.1061144614829181,WLS,123,0.0015403416494086386
3,UPFC_tsh,5-15,-0.2282257613530886,47,-0.22820827284701373,WLS,123,1.748850607488639e-05
4,UPFC_Vse,5-15,0.05956937053955242,47,0.06039227665787877,WLS,123,0.000822906118326347
5,UPFC_tse,5-15,-2.1480777427964917,47,-2.1428035663817044,WLS,123,0.005274176414787224
0,x_tcsc,1-14,-0.13624138404446712,48,-0.1362085007118137,WLS,123,3.288333265341614e-05
1,B_svc,2,0.28337473045298994,48,0.2834171441114096,WLS,123,4.241365841967104e-05
2,UPFC_Vsh,5-15,1.104442034808462,48,1.1061144614829181,WLS,123,0.0016724266744561067
3,UPFC_tsh,5-15,-0.2283241683409354,48,-0.22820827284701373,WLS,123,0.00011589549392168608
4,UPFC_Vse,5-15,0.060370213620011264,48,0.06039227665787877,WLS,123,2.206303786750352e-05
5,UPFC_tse,5-15,-2.14806381118649,48,-2.1428035663817044,WLS,123,0.0052602448047855965
0,x_tcsc,1-14,-0.13626285357425458,49,-0.1362085007118137,WLS,123,5.4352862440876226e-05
1,B_svc,2,0.28299421501831556,49,0.2834171441114096,WLS,123,0.0004229290930940488
2,UPFC_Vsh,5-15,1.1043502865134438,49,1.1061144614829181,WLS,123,0.0017641749694743414
3,UPFC_tsh,5-15,-0.22827962489384104,49,-0.22820827284701373,WLS,123,7.135204682731655e-05
4,UPFC_Vse,5-15,0.06025301268316597,49,0.06039227665787877,WLS,123,0.00013926397471279717
5,UPFC_tse,5-15,-2.1453738598872096,49,-2.1428035663817044,WLS,123,0.0025702935055051945
0,x_tcsc,1-14,-0.13623938656636264,50,-0.1362085007118137,WLS,123,3.0885854548939884e-05
1,B_svc,2,0.28330090083512943,50,0.2834171441114096,WLS,123,0.00011624327628018127
2,UPFC_Vsh,5-15,1.1047137524203334,50,1.1061144614829181,WLS,123,0.0014007090625847152
3,UPFC_tsh,5-15,-0.22825017719979745,50,-0.22820827284701373,WLS,123,4.190435278372817e-05
4,UPFC_Vse,5-15,0.060274427069256176,50,0.06039227665787877,WLS,123,0.00011784958862259137
5,UPFC_tse,5-15,-2.1468208106589417,50,-2.1428035663817044,WLS,123,0.004017244277237264
0,x_tcsc,1-14,-0.13624442750107096,51,-0.1362085007118137,WLS,123,3.592678925726234e-05
1,B_svc,2,0.28326742719256154,51,0.2834171441114096,WLS,123,0.00014971691884807514
2,UPFC_Vsh,5-15,1.1041350727041392,51,1.1061144614829181,WLS,123,0.001979388778778901
3,UPFC_tsh,5-15,-0.2282774424712643,51,-0.22820827284701373,WLS,123,6.916962425057571e-05
4,UPFC_Vse,5-15,0.06033255657088864,51,0.06039227665787877,WLS,123,5.9720086990129595e-05
5,UPFC_tse,5-15,-2.1449205950045593,51,-2.1428035663817044,WLS,123,0.0021170286228548996
0,x_tcsc,1-14,-0.13625064756418945,52,-0.1362085007118137,WLS,123,4.2146852375746224e-05
1,B_svc,2,0.28370883545450715,52,0.2834171441114096,WLS,123,0.0002916913430975332
2,UPFC_Vsh,5-15,1.1046227106842053,52,1.1061144614829181,WLS,123,0.0014917507987128875
3,UPFC_tsh,5-15,-0.22820678742161096,52,-0.22820827284701373,WLS,123,1.4854254027640845e-06
4,UPFC_Vse,5-15,0.05986433929053483,52,0.06039227665787877,WLS,123,0.0005279373673439391
5,UPFC_tse,5-15,-2.1501967472867753,52,-2.1428035663817044,WLS,123,0.007393180905070906
0,x_tcsc,1-14,-0.13624668588623595,53,-0.1362085007118137,WLS,123,3.8185174422250556e-05
1,B_svc,2,0.2833928487477682,53,0.2834171441114096,WLS,123,2.429536364140228e-05
2,UPFC_Vsh,5-15,1.1042360386020615,53,1.1061144614829181,WLS,123,0.0018784228808566006
3,UPFC_tsh,5-15,-0.22832925788484,53,-0.22820827284701373,WLS,123,0.00012098503782626002
4,UPFC_Vse,5-15,0.06003451796996419,53,0.06039227665787877,WLS,123,0.00035775868791457915
5,UPFC_tse,5-15,-2.149103759014821,53,-2.1428035663817044,WLS,123,0.006300192633116541
0,x_tcsc,1-14,-0.13624643249532195,54,-0.1362085007118137,WLS,123,3.793178350824933e-05
1,B_svc,2,0.2834674954456364,54,0.2834171441114096,WLS,123,5.035133422676141e-05
2,UPFC_Vsh,5-15,1.104426724864295,54,1.1061144614829181,WLS,123,0.0016877366186232035
3,UPFC_tsh,5-15,-0.22829434346964095,54,-0.22820827284701373,WLS,123,8.60706226272212e-05
4,UPFC_Vse,5-15,0.06043626893849059,54,0.06039227665787877,WLS,123,4.3992280611825085e-05
5,UPFC_tse,5-15,-2.1456262911722295,54,-2.1428035663817044,WLS,123,0.002822724790525033
0,x_tcsc,1-14,-0.13625162257723028,55,-0.1362085007118137,WLS,123,4.312186541657881e-05
1,B_svc,2,0.28317689800218465,55,0.2834171441114096,WLS,123,0.00024024610922496192
2,UPFC_Vsh,5-15,1.1048559130806102,55,1.1061144614829181,WLS,123,0.0012585484023079907
3,UPFC_tsh,5-15,-0.22822223723142385,55,-0.22820827284701373,WLS,123,1.3964384410120045e-05
4,UPFC_Vse,5-15,0.06021398087447625,55,0.06039227665787877,WLS,123,0.0001782957834025184
5,UPFC_tse,5-15,-2.1469132557879647,55,-2.1428035663817044,WLS,123,0.00410968940626022
0,x_tcsc,1-14,-0.13624499791167966,56,-0.1362085007118137,WLS,123,3.649719986595357e-05
1,B_svc,2,0.2832294930378418,56,0.2834171441114096,WLS,123,0.0001876510735678294
2,UPFC_Vsh,5-15,1.1043760283189608,56,1.1061144614829181,WLS,123,0.001738433163957387
3,UPFC_tsh,5-15,-0.22824918823069665,56,-0.22820827284701373,WLS,123,4.091538368292125e-05
4,UPFC_Vse,5-15,0.06003279267119535,56,0.06039227665787877,WLS,123,0.00035948398668341625
5,UPFC_tse,5-15,-2.1448605939573397,56,-2.1428035663817044,WLS,123,0.0020570275756353062
0,x_tcsc,1-14,-0.13623993418793626,57,-0.1362085007118137,WLS,123,3.1433476122555426e-05
1,B_svc,2,0.2832694661697739,57,0.2834171441114096,WLS,123,0.00014767794163572656
2,UPFC_Vsh,5-15,1.1042403404380348,57,1.1061144614829181,WLS,123,0.0018741210448833812
3,UPFC_tsh,5-15,-0.22836190933345343,57,-0.22820827284701373,WLS,123,0.00015363648643970662
4,UPFC_Vse,5-15,0.06037225400734717,57,0.06039227665787877,WLS,123,2.0022650531595354e-05
5,UPFC_tse,5-15,-2.1438165106376537,57,-2.1428035663817044,WLS,123,0.0010129442559492219
0,x_tcsc,1-14,-0.1362531760393464,58,-0.1362085007118137,WLS,123,4.4675327532689435e-05
1,B_svc,2,0.2829073129658884,58,0.2834171441114096,WLS,123,0.0005098311455212223
2,UPFC_Vsh,5-15,1.1046753957315099,58,1.1061144614829181,WLS,123,0.001439065751408286
3,UPFC_tsh,5-15,-0.22826578289357619,58,-0.22820827284701373,WLS,123,5.751004656245895e-05
4,UPFC_Vse,5-15,0.059663938135283374,58,0.06039227665787877,WLS,123,0.0007283385225953926
5,UPFC_tse,5-15,-2.1475148761200473,58,-2.1428035663817044,WLS,123,0.004711309738342884
0,x_tcsc,1-14,-0.13625267307890598,59,-0.1362085007118137,WLS,123,4.417236709228223e-05
1,B_svc,2,0.28358341518472135,59,0.2834171441114096,WLS,123,0.00016627107331174118
2,UPFC_Vsh,5-15,1.1045509679170225,59,1.1061144614829181,WLS,123,0.0015634935658956906
3,UPFC_tsh,5-15,-0.22828210201559823,59,-0.22820827284701373,WLS,123,7.382916858450495e-05
4,UPFC_Vse,5-15,0.06035076346325348,59,0.06039227665787877,WLS,123,4.1513194625288075e-05
5,UPFC_tse,5-15,-2.149689952222353,59,-2.1428035663817044,WLS,123,0.00688638584064849
0,x_tcsc,1-14,-0.13624188892258737,60,-0.1362085007118137,WLS,123,3.33882107736716e-05
1,B_svc,2,0.28322364747334833,60,0.2834171441114096,WLS,123,0.0001934966380612857
2,UPFC_Vsh,5-15,1.1047758100683955,60,1.1061144614829181,WLS,123,0.001338651414522607
3,UPFC_tsh,5-15,-0.22823770391429632,60,-0.22820827284701373,WLS,123,2.9431067282592593e-05
4,UPFC_Vse,5-15,0.05997659644419199,60,0.06039227665787877,WLS,123,0.0004156802136867782
5,UPFC_tse,5-15,-2.147293391341836,60,-2.1428035663817044,WLS,123,0.0044898249601317275
0,x_tcsc,1-14,-0.136243931660714,61,-0.1362085007118137,WLS,123,3.5430948900294634e-05
1,B_svc,2,0.2833861164764098,61,0.2834171441114096,WLS,123,3.1027634999791776e-05
2,UPFC_Vsh,5-15,1.1044707452022542,61,1.1061144614829181,WLS,123,0.0016437162806639538
3,UPFC_tsh,5-15,-0.22833738085154165,61,-0.22820827284701373,WLS,123,0.00012910800452792248
4,UPFC_Vse,5-15,0.05978756779430529,61,0.06039227665787877,WLS,123,0.000604708863573479
5,UPFC_tse,5-15,-2.1486913910421057,61,-2.1428035663817044,WLS,123,0.005887824660401275
0,x_tcsc,1-14,-0.13625509591465032,62,-0.1362085007118137,WLS,123,4.6595202836619e-05
1,B_svc,2,0.28358493245067656,62,0.2834171441114096,WLS,123,0.00016778833926694992
2,UPFC_Vsh,5-15,1.1041671184189656,62,1.1061144614829181,WLS,123,0.0019473430639525002
3,UPFC_tsh,5-15,-0.2283381955257806,62,-0.22820827284701373,WLS,123,0.00012992267876688057
4,UPFC_Vse,5-15,0.06014293797569245,62,0.06039227665787877,WLS,123,0.0002493386821863161
5,UPFC_tse,5-15,-2.147123525050765,62,-2.1428035663817044,WLS,123,0.004319958669060764
0,x_tcsc,1-14,-0.13623178470443606,63,-0.1362085007118137,WLS,123,2.328399262235825e-05
1,B_svc,2,0.28312444181718394,63,0.2834171441114096,WLS,123,0.0002927022942256774
2,UPFC_Vsh,5-15,1.1045052053946942,63,1.1061144614829181,WLS,123,0.0016092560882239315
3,UPFC_tsh,5-15,-0.22825320149694528,63,-0.22820827284701373,WLS,123,4.4928649931552656e-05
4,UPFC_Vse,5-15,0.06026244635767801,63,0.06039227665787877,WLS,123,0.00012983030020075753
5,UPFC_tse,5-15,-2.1442705205602097,63,-2.1428035663817044,WLS,123,0.0014669541785052864
0,x_tcsc,1-14,-0.136248061580784,64,-0.1362085007118137,WLS,123,3.956086897030642e-05
1,B_svc,2,0.28338621264274627,64,0.2834171441114096,WLS,123,3.0931468663342176e-05
2,UPFC_Vsh,5-15,1.104370416521993,64,1.1061144614829181,WLS,123,0.001744044960925173
3,UPFC_tsh,5-15,-0.2282375033118323,64,-0.22820827284701373,WLS,123,2.923046481856373e-05
4,UPFC_Vse,5-15,0.06014104940677433,64,0.06039227665787877,WLS,123,0.00025122725110443556
5,UPFC_tse,5-15,-2.1445862412350816,64,-2.1428035663817044,WLS,123,0.0017826748533771308
0,x_tcsc,1-14,-0.1362455041574073,65,-0.1362085007118137,WLS,123,3.700344559359747e-05
1,B_svc,2,0.28337769212121316,65,0.2834171441114096,WLS,123,3.9451990196448516e-05
2,UPFC_Vsh,5-15,1.1043165804842208,65,1.1061144614829181,WLS,123,0.0017978809986973765
3,UPFC_tsh,5-15,-0.22827833489224314,65,-0.22820827284701373,WLS,123,7.006204522941317e-05
4,UPFC_Vse,5-15,0.06007096696499223,65,0.06039227665787877,WLS,123,0.0003213096928865386
5,UPFC_tse,5-15,-2.1472665195623817,65,-2.1428035663817044,WLS,123,0.004462953180677243
0,x_tcsc,1-14,-0.13625761621701166,66,-0.1362085007118137,WLS,123,4.911550519795527e-05
1,B_svc,2,0.28386082904464494,66,0.2834171441114096,WLS,123,0.0004436849332353221
2,UPFC_Vsh,5-15,1.1044742525450248,66,1.1061144614829181,WLS,123,0.001640208937893295
3,UPFC_tsh,5-15,-0.22825405985637592,66,-0.22820827284701373,WLS,123,4.578700936219704e-05
4,UPFC_Vse,5-15,0.05953867537640674,66,0.06039227665787877,WLS,123,0.0008536012814720287
5,UPFC_tse,5-15,-2.143924044702849,66,-2.1428035663817044,WLS,123,0.0011204783211447022
0,x_tcsc,1-14,-0.13625215543439675,67,-0.1362085007118137,WLS,123,4.365472258305303e-05
1,B_svc,2,0.2837773518888429,67,0.2834171441114096,WLS,123,0.0003602077774332857
2,UPFC_Vsh,5-15,1.1043576325040143,67,1.1061144614829181,WLS,123,0.001756828978903835
3,UPFC_tsh,5-15,-0.22821373659070723,67,-0.22820827284701373,WLS,123,5.463743693506773e-06
4,UPFC_Vse,5-15,0.059960253673179836,67,0.06039227665787877,WLS,123,0.0004320229846989307
5,UPFC_tse,5-15,-2.1448826365914915,67,-2.1428035663817044,WLS,123,0.0020790702097870373
0,x_tcsc,1-14,-0.13624775211291404,68,-0.1362085007118137,WLS,123,3.9251401100337535e-05
1,B_svc,2,0.283374500207322,68,0.2834171441114096,WLS,123,4.2643904087591444e-05
2,UPFC_Vsh,5-15,1.104557803991235,68,1.1061144614829181,WLS,123,0.001556657491683211
3,UPFC_tsh,5-15,-0.22833890852493238,68,-0.22820827284701373,WLS,123,0.0001306356779186557
4,UPFC_Vse,5-15,0.06035802615803442,68,0.06039227665787877,WLS,123,3.425049984434603e-05
5,UPFC_tse,5-15,-2.148915687257917,68,-2.1428035663817044,WLS,123,0.00611212087621249
0,x_tcsc,1-14,-0.13625011720264943,69,-0.1362085007118137,WLS,123,4.161649083572749e-05
1,B_svc,2,0.28283006088215273,69,0.2834171441114096,WLS,123,0.0005870832292568795
2,UPFC_Vsh,5-15,1.1044859183609765,69,1.1061144614829181,WLS,123,0.0016285431219416058
3,UPFC_tsh,5-15,-0.22827878373137184,69,-0.22820827284701373,WLS,123,7.051088435811037e-05
4,UPFC_Vse,5-15,0.06042440695285338,69,0.06039227665787877,WLS,123,3.213029497461245e-05
5,UPFC_tse,5-15,-2.1462363440826793,69,-2.1428035663817044,WLS,123,0.0034327777009748317
0,x_tcsc,1-14,-0.1362477528553307,70,-0.1362085007118137,WLS,123,3.9252143516993465e-05
1,B_svc,2,0.28284761844745576,70,0.2834171441114096,WLS,123,0.0005695256639538515
2,UPFC_Vsh,5-15,1.1047115627341182,70,1.1061144614829181,WLS,123,0.0014028987487999522
3,UPFC_tsh,5-15,-0.22824079071271972,70,-0.22820827284701373,WLS,123,3.25178657059888e-05
4,UPFC_Vse,5-15,0.059668181611266156,70,0.06039227665787877,WLS,123,0.0007240950466126106
5,UPFC_tse,5-15,-2.145977793801638,70,-2.1428035663817044,WLS,123,0.003174227419933562
0,x_tcsc,1-14,-0.1362651217833302,71,-0.1362085007118137,WLS,123,5.662107151649387e-05
1,B_svc,2,0.2832456398632721,71,0.2834171441114096,WLS,123,0.00017150424813749954
2,UPFC_Vsh,5-15,1.1046365587201126,71,1.1061144614829181,WLS,123,0.0014779027628055719
3,UPFC_tsh,5-15,-0.2283028531126724,71,-0.22820827284701373,WLS,123,9.45802656586725e-05
4,UPFC_Vse,5-15,0.060009906926248344,71,0.06039227665787877,WLS,123,0.00038236973163042337
5,UPFC_tse,5-15,-2.14703734256203,71,-2.1428035663817044,WLS,123,0.004233776180325499
0,x_tcsc,1-14,-0.13626589846160148,72,-0.1362085007118137,WLS,123,5.739774978777423e-05
1,B_svc,2,0.2835593924017842,72,0.2834171441114096,WLS,123,0.0001422482903745692
2,UPFC_Vsh,5-15,1.104461909078107,72,1.1061144614829181,WLS,123,0.001652552404811214
3,UPFC_tsh,5-15,-0.22829996789214493,72,-0.22820827284701373,WLS,123,9.169504513120708e-05
4,UPFC_Vse,5-15,0.0601617985373151,72,0.06039227665787877,WLS,123,0.0002304781205636694
5,UPFC_tse,5-15,-2.1478880291580174,72,-2.1428035663817044,WLS,123,0.005084462776312915
0,x_tcsc,1-14,-0.13623847883475196,73,-0.1362085007118137,WLS,123,2.9978122938256746e-05
1,B_svc,2,0.283034588979109,73,0.2834171441114096,WLS,123,0.00038255513230062155
2,UPFC_Vsh,5-15,1.1047354620195697,73,1.1061144614829181,WLS,123,0.001378999463348407
3,UPFC_tsh,5-15,-0.2282236732793642,73,-0.22820827284701373,WLS,123,1.5400432350459736e-05
4,UPFC_Vse,5-15,0.059921005844050246,73,0.06039227665787877,WLS,123,0.00047127081382852126
5,UPFC_tse,5-15,-2.1480568524434194,73,-2.1428035663817044,WLS,123,0.005253286061714935
0,x_tcsc,1-14,-0.13625439813941673,74,-0.1362085007118137,WLS,123,4.589742760302551e-05
1,B_svc,2,0.28370343490969824,74,0.2834171441114096,WLS,123,0.00028629079828862425
2,UPFC_Vsh,5-15,1.1043922186207193,74,1.1061144614829181,WLS,123,0.0017222428621987973
3,UPFC_tsh,5-15,-0.22825708775916762,74,-0.22820827284701373,WLS,123,4.8814912153888335e-05
4,UPFC_Vse,5-15,0.0605218379142253,74,0.06039227665787877,WLS,123,0.00012956125634653454
5,UPFC_tse,5-15,-2.145883885279871,74,-2.1428035663817044,WLS,123,0.003080318898166734
0,x_tcsc,1-14,-0.13625325529849552,75,-0.1362085007118137,WLS,123,4.4754586681822195e-05
1,B_svc,2,0.28329198448245635,75,0.2834171441114096,WLS,123,0.00012515962895326416
2,UPFC_Vsh,5-15,1.1041229828636066,75,1.1061144614829181,WLS,123,0.001991478619311593
3,UPFC_tsh,5-15,-0.2283247653573162,75,-0.22820827284701373,WLS,123,0.00011649251030246277
4,UPFC_Vse,5-15,0.060462760667495216,75,0.06039227665787877,WLS,123,7.048400961644913e-05
5,UPFC_tse,5-15,-2.1421102562074124,75,-2.1428035663817044,WLS,123,0.0006933101742920833
0,x_tcsc,1-14,-0.13623012399684978,76,-0.1362085007118137,WLS,123,2.1623285036076467e-05
1,B_svc,2,0.2836342958246048,76,0.2834171441114096,WLS,123,0.0002171517131951961
2,UPFC_Vsh,5-15,1.1043664277758127,76,1.1061144614829181,WLS,123,0.001748033707105412
3,UPFC_tsh,5-15,-0.22828052852558917,76,-0.22820827284701373,WLS,123,7.225567857543913e-05
4,UPFC_Vse,5-15,0.06037553923378591,76,0.06039227665787877,WLS,123,1.6737424092853892e-05
5,UPFC_tse,5-15,-2.1456538731068417,76,-2.1428035663817044,WLS,123,0.002850306725137308
0,x_tcsc,1-14,-0.13623278677050335,77,-0.1362085007118137,WLS,123,2.4286058689648726e-05
1,B_svc,2,0.28303526482785285,77,0.2834171441114096,WLS,123,0.00038187928355676304
2,UPFC_Vsh,5-15,1.104256067343505,77,1.1061144614829181,WLS,123,0.0018583941394132442
3,UPFC_tsh,5-15,-0.22830810425645764,77,-0.22820827284701373,WLS,123,9.983140944391788e-05
4,UPFC_Vse,5-15,0.05988211941543696,77,0.06039227665787877,WLS,123,0.0005101572424418069
5,UPFC_tse,5-15,-2.1466510764433107,77,-2.1428035663817044,WLS,123,0.0038475100616062186
0,x_tcsc,1-14,-0.13625237103542673,78,-0.1362085007118137,WLS,123,4.3870323613026674e-05
1,B_svc,2,0.28304154451252295,78,0.2834171441114096,WLS,123,0.0003755995988866667
2,UPFC_Vsh,5-15,1.1044495258838682,78,1.1061144614829181,WLS,123,0.0016649355990498993
3,UPFC_tsh,5-15,-0.22831252419796008,78,-0.22820827284701373,WLS,123,0.00010425135094635496
4,UPFC_Vse,5-15,0.06008889344114335,78,0.06039227665787877,WLS,123,0.0003033832167354186
5,UPFC_tse,5-15,-2.1440093088249337,78,-2.1428035663817044,WLS,123,0.0012057424432292407
0,x_tcsc,1-14,-0.1362548212845468,79,-0.1362085007118137,WLS,123,4.632057273309953e-05
1,B_svc,2,0.2830813459190573,79,0.2834171441114096,WLS,123,0.000335798192352299
2,UPFC_Vsh,5-15,1.1046160894621475,79,1.1061144614829181,WLS,123,0.001498372020770633
3,UPFC_tsh,5-15,-0.22823240309099269,79,-0.22820827284701373,WLS,123,2.4130243978959243e-05
4,UPFC_Vse,5-15,0.059948421464991936,79,0.06039227665787877,WLS,123,0.00044385519288683145
5,UPFC_tse,5-15,-2.1460827072751396,79,-2.1428035663817044,WLS,123,0.003279140893435173
0,x_tcsc,1-14,-0.13622731451716985,80,-0.1362085007118137,WLS,123,1.8813805356149294e-05
1,B_svc,2,0.2832159262534295,80,0.2834171441114096,WLS,123,0.00020121785798010716
2,UPFC_Vsh,5-15,1.104327493918804,80,1.1061144614829181,WLS,123,0.001786967564114228
3,UPFC_tsh,5-15,-0.22832253308593065,80,-0.22820827284701373,WLS,123,0.00011426023891691894
4,UPFC_Vse,5-15,0.060077223607604105,80,0.06039227665787877,WLS,123,0.00031505305027466207
5,UPFC_tse,5-15,-2.14930616926298,80,-2.1428035663817044,WLS,123,0.0065026028812753545
0,x_tcsc,1-14,-0.13623700296833793,81,-0.1362085007118137,WLS,123,2.8502256524232106e-05
1,B_svc,2,0.2829353884955497,81,0.2834171441114096,WLS,123,0.00048175561585989124
2,UPFC_Vsh,5-15,1.1043428846521046,81,1.1061144614829181,WLS,123,0.001771576830813526
3,UPFC_tsh,5-15,-0.2283288183416276,81,-0.22820827284701373,WLS,123,0.00012054549461387731
4,UPFC_Vse,5-15,0.060557213455496264,81,0.06039227665787877,WLS,123,0.0001649367976174973
5,UPFC_tse,5-15,-2.1418592549146678,81,-2.1428035663817044,WLS,123,0.0009443114670366626
0,x_tcsc,1-14,-0.13626510144178064,82,-0.1362085007118137,WLS,123,5.660072996693799e-05
1,B_svc,2,0.28324822381040443,82,0.2834171441114096,WLS,123,0.00016892030100518207
2,UPFC_Vsh,5-15,1.104737811857558,82,1.1061144614829181,WLS,123,0.0013766496253602156
3,UPFC_tsh,5-15,-0.2282808665616752,82,-0.22820827284701373,WLS,123,7.259371466147857e-05
4,UPFC_Vse,5-15,0.06003909868250252,82,0.06039227665787877,WLS,123,0.0003531779753762482
5,UPFC_tse,5-15,-2.1454311961831007,82,-2.1428035663817044,WLS,123,0.002627629801396303
0,x_tcsc,1-14,-0.1362585533073725,83,-0.1362085007118137,WLS,123,5.00525955587916e-05
1,B_svc,2,0.28314217439487144,83,0.2834171441114096,WLS,123,0.0002749697165381759
2,UPFC_Vsh,5-15,1.1043635064029274,83,1.1061144614829181,WLS,123,0.0017509550799907903
3,UPFC_tsh,5-15,-0.22834271942340706,83,-0.22820827284701373,WLS,123,0.00013444657639333224
4,UPFC_Vse,5-15,0.06010983789554722,83,0.06039227665787877,WLS,123,0.000282438762331548
5,UPFC_tse,5-15,-2.14611789009141,83,-2.1428035663817044,WLS,123,0.0033143237097057465
0,x_tcsc,1-14,-0.13624495968471506,84,-0.1362085007118137,WLS,123,3.64589729013598e-05
1,B_svc,2,0.28340489809872244,84,0.2834171441114096,WLS,123,1.2246012687178176e-05
2,UPFC_Vsh,5-15,1.104331532939513,84,1.1061144614829181,WLS,123,0.0017829285434052267
3,UPFC_tsh,5-15,-0.22826582067634044,84,-0.22820827284701373,WLS,123,5.754782932670954e-05
4,UPFC_Vse,5-15,0.060106011017139666,84,0.06039227665787877,WLS,123,0.0002862656407391015
5,UPFC_tse,5-15,-2.143112280307876,84,-2.1428035663817044,WLS,123,0.00030871392617148885
0,x_tcsc,1-14,-0.13624875968301697,85,-0.1362085007118137,WLS,123,4.025897120327193e-05
1,B_svc,2,0.2828298754280034,85,0.2834171441114096,WLS,123,0.0005872686834061946
2,UPFC_Vsh,5-15,1.1045828310030612,85,1.1061144614829181,WLS,123,0.001531630479856938
3,UPFC_tsh,5-15,-0.22830751122117054,85,-0.22820827284701373,WLS,123,9.923837415681813e-05
4,UPFC_Vse,5-15,0.06000502322928754,85,0.06039227665787877,WLS,123,0.0003872534285912291
5,UPFC_tse,5-15,-2.1466536697515224,85,-2.1428035663817044,WLS,123,0.0038501033698179477
0,x_tcsc,1-14,-0.13626209279077106,86,-0.1362085007118137,WLS,123,5.3592078957359623e-05
1,B_svc,2,0.2833052365961575,86,0.2834171441114096,WLS,123,0.00011190751525214093
2,UPFC_Vsh,5-15,1.1045454980123568,86,1.1061144614829181,WLS,123,0.0015689634705613464
3,UPFC_tsh,5-15,-0.2282643470646976,86,-0.22820827284701373,WLS,123,5.607421768386023e-05
4,UPFC_Vse,5-15,0.060388329669970896,86,0.06039227665787877,WLS,123,3.946987907871291e-06
5,UPFC_tse,5-15,-2.144172255466428,86,-2.1428035663817044,WLS,123,0.001368689084723762
0,x_tcsc,1-14,-0.1362431395186188,87,-0.1362085007118137,WLS,123,3.4638806805098454e-05
1,B_svc,2,0.2830065706570301,87,0.2834171441114096,WLS,123,0.00041057345437950366
2,UPFC_Vsh,5-15,1.104395174407915,87,1.1061144614829181,WLS,123,0.0017192870750031286
3,UPFC_tsh,5-15,-0.22825340809012729,87,-0.22820827284701373,WLS,123,4.5135243113558765e-05
4,UPFC_Vse,5-15,0.060051558228081996,87,0.06039227665787877,WLS,123,0.00034071842979677136
5,UPFC_tse,5-15,-2.145946992571692,87,-2.1428035663817044,WLS,123,0.0031434261899874194
0,x_tcsc,1-14,-0.13624082179731103,88,-0.1362085007118137,WLS,123,3.232108549733326e-05
1,B_svc,2,0.2828330663835482,88,0.2834171441114096,WLS,123,0.0005840777278613984
2,UPFC_Vsh,5-15,1.104569255208435,88,1.1061144614829181,WLS,123,0.0015452062744831796
3,UPFC_tsh,5-15,-0.22820326990991074,88,-0.22820827284701373,WLS,123,5.0029371029824965e-06
4,UPFC_Vse,5-15,0.059686054057798914,88,0.06039227665787877,WLS,123,0.0007062226000798533
5,UPFC_tse,5-15,-2.1443495793660086,88,-2.1428035663817044,WLS,123,0.0015460129843041237
0,x_tcsc,1-14,-0.13626914934208392,89,-0.1362085007118137,WLS,123,6.064863027022138e-05
1,B_svc,2,0.28345127496054123,89,0.2834171441114096,WLS,123,3.4130849131619456e-05
2,UPFC_Vsh,5-15,1.104333044829745,89,1.1061144614829181,WLS,123,0.0017814166531731068
3,UPFC_tsh,5-15,-0.22832395581052115,89,-0.22820827284701373,WLS,123,0.00011568296350741858
4,UPFC_Vse,5-15,0.06026906660096988,89,0.06039227665787877,WLS,123,0.00012321005690888592
5,UPFC_tse,5-15,-2.145997985649006,89,-2.1428035663817044,WLS,123,0.0031944192673014626
0,x_tcsc,1-14,-0.13624250480774006,90,-0.1362085007118137,WLS,123,3.400409592635434e-05
1,B_svc,2,0.28333324543694705,90,0.2834171441114096,WLS,123,8.389867446256805e-05
2,UPFC_Vsh,5-15,1.104369595710602,90,1.1061144614829181,WLS,123,0.0017448657723162508
3,UPFC_tsh,5-15,-0.22830858654234193,90,-0.22820827284701373,WLS,123,0.00010031369532820245
4,UPFC_Vse,5-15,0.06030703137034411,90,0.06039227665787877,WLS,123,8.524528753466043e-05
5,UPFC_tse,5-15,-2.146040408014817,90,-2.1428035663817044,WLS,123,0.0032368416331127747
0,x_tcsc,1-14,-0.13625174574960533,91,-0.1362085007118137,WLS,123,4.324503779162825e-05
1,B_svc,2,0.28319948047399185,91,0.2834171441114096,WLS,123,0.0002176636374177643
2,UPFC_Vsh,5-15,1.1044492106545085,91,1.1061144614829181,WLS,123,0.0016652508284096257
3,UPFC_tsh,5-15,-0.22825720517557574,91,-0.22820827284701373,WLS,123,4.893232856201246e-05
4,UPFC_Vse,5-15,0.06002755267015606,91,0.06039227665787877,WLS,123,0.00036472398772270653
5,UPFC_tse,5-15,-2.1461863299196344,91,-2.1428035663817044,WLS,123,0.003382763537929989
0,x_tcsc,1-14,-0.13626353721330672,92,-0.1362085007118137,WLS,123,5.503650149302208e-05
1,B_svc,2,0.28254353958879425,92,0.2834171441114096,WLS,123,0.0008736045226153677
2,UPFC_Vsh,5-15,1.1043849987468761,92,1.1061144614829181,WLS,123,0.00172946273604202
3,UPFC_tsh,5-15,-0.22829722708074213,92,-0.22820827284701373,WLS,123,8.895423372839995e-05
4,UPFC_Vse,5-15,0.05976613533400025,92,0.06039227665787877,WLS,123,0.000626141323878518
5,UPFC_tse,5-15,-2.145244126135824,92,-2.1428035663817044,WLS,123,0.002440559754119498
0,x_tcsc,1-14,-0.13625576263908265,93,-0.1362085007118137,WLS,123,4.7261927268948956e-05
1,B_svc,2,0.28361719051859796,93,0.2834171441114096,WLS,123,0.00020004640718834787
2,UPFC_Vsh,5-15,1.104269844233073,93,1.1061144614829181,WLS,123,0.001844617249845193
3,UPFC_tsh,5-15,-0.22829283658237773,93,-0.22820827284701373,WLS,123,8.456373536400164e-05
4,UPFC_Vse,5-15,0.05992817541364534,93,0.06039227665787877,WLS,123,0.00046410124423342664
5,UPFC_tse,5-15,-2.149218029777757,93,-2.1428035663817044,WLS,123,0.006414463396052561
0,x_tcsc,1-14,-0.1362693158299135,94,-0.1362085007118137,WLS,123,6.081511809979956e-05
1,B_svc,2,0.2838878070377292,94,0.2834171441114096,WLS,123,0.00047066292631958717
2,UPFC_Vsh,5-15,1.1043781987649095,94,1.1061144614829181,WLS,123,0.001736262718008641
3,UPFC_tsh,5-15,-0.228306973746394,94,-0.22820827284701373,WLS,123,9.870089938027182e-05
4,UPFC_Vse,5-15,0.06004693921112332,94,0.06039227665787877,WLS,123,0.00034533744675544625
5,UPFC_tse,5-15,-2.1505926228477548,94,-2.1428035663817044,WLS,123,0.007789056466050326
0,x_tcsc,1-14,-0.1362492492717691,95,-0.1362085007118137,WLS,123,4.0748559955394725e-05
1,B_svc,2,0.28353308015381073,95,0.2834171441114096,WLS,123,0.00011593604240112132
2,UPFC_Vsh,5-15,1.1045725069129813,95,1.1061144614829181,WLS,123,0.0015419545699368875
3,UPFC_tsh,5-15,-0.22818964328418456,95,-0.22820827284701373,WLS,123,1.8629562829164392e-05
4,UPFC_Vse,5-15,0.05997287144168819,95,0.06039227665787877,WLS,123,0.000419405216190577
5,UPFC_tse,5-15,-2.1476324557624755,95,-2.1428035663817044,WLS,123,0.004828889380771084
0,x_tcsc,1-14,-0.13625095835648654,96,-0.1362085007118137,WLS,123,4.2457644672838635e-05
1,B_svc,2,0.2828683029664091,96,0.2834171441114096,WLS,123,0.0005488411450005337
2,UPFC_Vsh,5-15,1.1045704698613357,96,1.1061144614829181,WLS,123,0.0015439916215824745
3,UPFC_tsh,5-15,-0.22826639152566536,96,-0.22820827284701373,WLS,123,5.8118678651630784e-05
4,UPFC_Vse,5-15,0.059918927456062865,96,0.06039227665787877,WLS,123,0.0004733492018159022
5,UPFC_tse,5-15,-2.1489217984442983,96,-2.1428035663817044,WLS,123,0.006118232062593876
0,x_tcsc,1-14,-0.13623533571464333,97,-0.1362085007118137,WLS,123,2.683500282962825e-05
1,B_svc,2,0.28258223128883503,97,0.2834171441114096,WLS,123,0.000834912822574585
2,UPFC_Vsh,5-15,1.10454099893143,97,1.1061144614829181,WLS,123,0.0015734625514880474
3,UPFC_tsh,5-15,-0.22822233747709977,97,-0.22820827284701373,WLS,123,1.406463008604697e-05
4,UPFC_Vse,5-15,0.06012560986292272,97,0.06039227665787877,WLS,123,0.0002666667949560442
5,UPFC_tse,5-15,-2.1450789033440545,97,-2.1428035663817044,WLS,123,0.0022753369623500497
0,x_tcsc,1-14,-0.13623408475045473,98,-0.1362085007118137,WLS,123,2.5584038641029982e-05
1,B_svc,2,0.2832298022966676,98,0.2834171441114096,WLS,123,0.00018734181474200362
2,UPFC_Vsh,5-15,1.1038861951767038,98,1.1061144614829181,WLS,123,0.0022282663062143104
3,UPFC_tsh,5-15,-0.22833385036728188,98,-0.22820827284701373,WLS,123,0.00012557752026814972
4,UPFC_Vse,5-15,0.060290952641532676,98,0.06039227665787877,WLS,123,0.000101324016346091
5,UPFC_tse,5-15,-2.1453115483315828,98,-2.1428035663817044,WLS,123,0.002507981949878335
0,x_tcsc,1-14,-0.1362681063391123,99,-0.1362085007118137,WLS,123,5.960562729859231e-05
1,B_svc,2,0.28263948480095485,99,0.2834171441114096,WLS,123,0.0007776593104547591
2,UPFC_Vsh,5-15,1.1042012651264261,99,1.1061144614829181,WLS,123,0.0019131963564920085
3,UPFC_tsh,5-15,-0.22831243085128122,99,-0.22820827284701373,WLS,123,0.00010415800426749611
4,UPFC_Vse,5-15,0.0599136530261924,99,0.06039227665787877,WLS,123,0.00047862363168636735
5,UPFC_tse,5-15,-2.1500444620314285,99,-2.1428035663817044,WLS,123,0.007240895649724077
0,x_tcsc,1-14,-0.13451751462181558,0,-0.13445121833610535,WLS,125,6.629628571022672e-05
1,B_svc,2,0.2751426493711664,0,0.27562818382803894,WLS,125,0.0004855344568725495
2,UPFC_Vsh,5-15,1.104481975957554,0,1.1066600468225636,WLS,125,0.0021780708650096514
3,UPFC_tsh,5-15,-0.22984517643403815,0,-0.2297887409663522,WLS,125,5.64354676859391e-05
4,UPFC_Vse,5-15,0.06006791183004987,0,0.060121673512357886,WLS,125,5.3761682308015035e-05
5,UPFC_tse,5-15,-2.1462185240550338,0,-2.146270606769335,WLS,125,5.208271430134914e-05
0,x_tcsc,1-14,-0.13450407803264844,1,-0.13445121833610535,WLS,125,5.285969654308942e-05
1,B_svc,2,0.2750700768836006,1,0.27562818382803894,WLS,125,0.0005581069444383635
2,UPFC_Vsh,5-15,1.1043998714006984,1,1.1066600468225636,WLS,125,0.002260175421865185
3,UPFC_tsh,5-15,-0.22985284912220266,1,-0.2297887409663522,WLS,125,6.410815585045082e-05
4,UPFC_Vse,5-15,0.05930797015018803,1,0.060121673512357886,WLS,125,0.0008137033621698556
5,UPFC_tse,5-15,-2.1462291843028103,1,-2.146270606769335,WLS,125,4.142246652483195e-05
0,x_tcsc,1-14,-0.13451557474031042,2,-0.13445121833610535,WLS,125,6.435640420507371e-05
1,B_svc,2,0.27575096060045734,2,0.27562818382803894,WLS,125,0.00012277677241839813
2,UPFC_Vsh,5-15,1.104215964489907,2,1.1066600468225636,WLS,125,0.002444082332656583
3,UPFC_tsh,5-15,-0.22992190608816032,2,-0.2297887409663522,WLS,125,0.0001331651218081098
4,UPFC_Vse,5-15,0.06024264921936521,2,0.060121673512357886,WLS,125,0.00012097570700732307
5,UPFC_tse,5-15,-2.1497356926987035,2,-2.146270606769335,WLS,125,0.003465085929368339
0,x_tcsc,1-14,-0.13451816121997576,3,-0.13445121833610535,WLS,125,6.694288387040781e-05
1,B_svc,2,0.27525058911764533,3,0.27562818382803894,WLS,125,0.0003775947103936139
2,UPFC_Vsh,5-15,1.1045682929727756,3,1.1066600468225636,WLS,125,0.0020917538497879917
3,UPFC_tsh,5-15,-0.22986633515181382,3,-0.2297887409663522,WLS,125,7.759418546160468e-05
4,UPFC_Vse,5-15,0.06026971691346841,3,0.060121673512357886,WLS,125,0.00014804340111052722
5,UPFC_tse,5-15,-2.1465208240699982,3,-2.146270606769335,WLS,125,0.00025021730066310255
0,x_tcsc,1-14,-0.13451242357919102,4,-0.13445121833610535,WLS,125,6.120524308567132e-05
1,B_svc,2,0.2750221154614111,4,0.27562818382803894,WLS,125,0.0006060683666278543
2,UPFC_Vsh,5-15,1.1044705661597782,4,1.1066600468225636,WLS,125,0.002189480662785348
3,UPFC_tsh,5-15,-0.229879351466292,4,-0.2297887409663522,WLS,125,9.061049993977499e-05
4,UPFC_Vse,5-15,0.05987387581338707,4,0.060121673512357886,WLS,125,0.0002477976989708128
5,UPFC_tse,5-15,-2.1495279483241982,4,-2.146270606769335,WLS,125,0.0032573415548631246
0,x_tcsc,1-14,-0.1345121940149725,5,-0.13445121833610535,WLS,125,6.097567886714783e-05
1,B_svc,2,0.27533847016610385,5,0.27562818382803894,WLS,125,0.0002897136619350871
2,UPFC_Vsh,5-15,1.1043627972697672,5,1.1066600468225636,WLS,125,0.002297249552796421
3,UPFC_tsh,5-15,-0.2298495887368825,5,-0.2297887409663522,WLS,125,6.084777053028123e-05
4,UPFC_Vse,5-15,0.06020436182164555,5,0.060121673512357886,WLS,125,8.268830928766235e-05
5,UPFC_tse,5-15,-2.141662152288667,5,-2.146270606769335,WLS,125,0.004608454480667934
0,x_tcsc,1-14,-0.13450620390124596,6,-0.13445121833610535,WLS,125,5.498556514060837e-05
1,B_svc,2,0.275421350394565,6,0.27562818382803894,WLS,125,0.0002068334334739408
2,UPFC_Vsh,5-15,1.1042089369089472,6,1.1066600468225636,WLS,125,0.0024511099136164116
3,UPFC_tsh,5-15,-0.229911001672834,6,-0.2297887409663522,WLS,125,0.0001222607064817749
4,UPFC_Vse,5-15,0.05998973427757068,6,0.060121673512357886,WLS,125,0.0001319392347872081
5,UPFC_tse,5-15,-2.1496926837036687,6,-2.146270606769335,WLS,125,0.0034220769343336066
0,x_tcsc,1-14,-0.13452116879138112,7,-0.13445121833610535,WLS,125,6.995045527577459e-05
1,B_svc,2,0.2751862331724354,7,0.27562818382803894,WLS,125,0.0004419506556035402
2,UPFC_Vsh,5-15,1.104494577024995,7,1.1066600468225636,WLS,125,0.0021654697975685977
3,UPFC_tsh,5-15,-0.22990765162109295,7,-0.2297887409663522,WLS,125,0.0001189106547407337
4,UPFC_Vse,5-15,0.06002523717082989,7,0.060121673512357886,WLS,125,9.643634152799868e-05
5,UPFC_tse,5-15,-2.1502805659285333,7,-2.146270606769335,WLS,125,0.0040099591591982175
0,x_tcsc,1-14,-0.13452682059501864,8,-0.13445121833610535,WLS,125,7.560225891328765e-05
1,B_svc,2,0.2753110352712266,8,0.27562818382803894,WLS,125,0.0003171485568123633
2,UPFC_Vsh,5-15,1.1046044738584824,8,1.1066600468225636,WLS,125,0.0020555729640812093
3,UPFC_tsh,5-15,-0.22988375509516817,8,-0.2297887409663522,WLS,125,9.501412881596227e-05
4,UPFC_Vse,5-15,0.06008111864186925,8,0.060121673512357886,WLS,125,4.0554870488637706e-05
5,UPFC_tse,5-15,-2.152279907552096,8,-2.146270606769335,WLS,125,0.006009300782761073
0,x_tcsc,1-14,-0.13452207998631086,9,-0.13445121833610535,WLS,125,7.086165020550594e-05
1,B_svc,2,0.2751805780375125,9,0.27562818382803894,WLS,125,0.0004476057905264397
2,UPFC_Vsh,5-15,1.1042634908055309,9,1.1066600468225636,WLS,125,0.0023965560170327027
3,UPFC_tsh,5-15,-0.22986714665124588,9,-0.2297887409663522,WLS,125,7.840568489367317e-05
4,UPFC_Vse,5-15,0.060089942874999275,9,0.060121673512357886,WLS,125,3.173063735861098e-05
5,UPFC_tse,5-15,-2.145428126633744,9,-2.146270606769335,WLS,125,0.0008424801355912948
0,x_tcsc,1-14,-0.1345229748379362,10,-0.13445121833610535,WLS,125,7.17565018308608e-05
1,B_svc,2,0.27587839350652826,10,0.27562818382803894,WLS,125,0.0002502096784893215
2,UPFC_Vsh,5-15,1.1044189294030813,10,1.1066600468225636,WLS,125,0.002241117419482297
3,UPFC_tsh,5-15,-0.22991528258895305,10,-0.2297887409663522,WLS,125,0.0001265416226008398
4,UPFC_Vse,5-15,0.06018303975524625,10,0.060121673512357886,WLS,125,6.13662428883624e-05
5,UPFC_tse,5-15,-2.1501270051688164,10,-2.146270606769335,WLS,125,0.0038563983994812645
0,x_tcsc,1-14,-0.13452131101699932,11,-0.13445121833610535,WLS,125,7.009268089397391e-05
1,B_svc,2,0.2752257125211934,11,0.27562818382803894,WLS,125,0.0004024713068455643
2,UPFC_Vsh,5-15,1.104454564498481,11,1.1066600468225636,WLS,125,0.002205482324082686
3,UPFC_tsh,5-15,-0.22986668315607667,11,-0.2297887409663522,WLS,125,7.794218972445588e-05
4,UPFC_Vse,5-15,0.06011368092290665,11,0.060121673512357886,WLS,125,7.992589451236154e-06
5,UPFC_tse,5-15,-2.146145767853684,11,-2.146270606769335,WLS,125,0.000124838915651182
0,x_tcsc,1-14,-0.13451742344363124,12,-0.13445121833610535,WLS,125,6.62051075258907e-05
1,B_svc,2,0.2757958273310303,12,0.27562818382803894,WLS,125,0.00016764350299136588
2,UPFC_Vsh,5-15,1.104332402821469,12,1.1066600468225636,WLS,125,0.002327644001094642
3,UPFC_tsh,5-15,-0.22986777326072072,12,-0.2297887409663522,WLS,125,7.903229436850845e-05
4,UPFC_Vse,5-15,0.05927018649486201,12,0.060121673512357886,WLS,125,0.0008514870174958777
5,UPFC_tse,5-15,-2.1473867745618245,12,-2.146270606769335,WLS,125,0.0011161677924893532
0,x_tcsc,1-14,-0.13451346957857888,13,-0.13445121833610535,WLS,125,6.225124247352665e-05
1,B_svc,2,0.2758399815013954,13,0.27562818382803894,WLS,125,0.00021179767335643973
2,UPFC_Vsh,5-15,1.1047149600471784,13,1.1066600468225636,WLS,125,0.0019450867753851853
3,UPFC_tsh,5-15,-0.22986659118320976,13,-0.2297887409663522,WLS,125,7.785021685755011e-05
4,UPFC_Vse,5-15,0.059751732494836694,13,0.060121673512357886,WLS,125,0.00036994101752119146
5,UPFC_tse,5-15,-2.147583623786655,13,-2.146270606769335,WLS,125,0.0013130170173196731
0,x_tcsc,1-14,-0.13451616914665837,14,-0.13445121833610535,WLS,125,6.495081055302165e-05
1,B_svc,2,0.27531418934853846,14,0.27562818382803894,WLS,125,0.000313994479500479
2,UPFC_Vsh,5-15,1.104219470138371,14,1.1066600468225636,WLS,125,0.002440576684192619
3,UPFC_tsh,5-15,-0.229794422507286,14,-0.2297887409663522,WLS,125,5.681540933777374e-06
4,UPFC_Vse,5-15,0.059959518996061126,14,0.060121673512357886,WLS,125,0.00016215451629675998
5,UPFC_tse,5-15,-2.1431070569822754,14,-2.146270606769335,WLS,125,0.003163549787059683
0,x_tcsc,1-14,-0.13451877851198152,15,-0.13445121833610535,WLS,125,6.756017587616903e-05
1,B_svc,2,0.27500566049910874,15,0.27562818382803894,WLS,125,0.0006225233289302023
2,UPFC_Vsh,5-15,1.1041796805161168,15,1.1066600468225636,WLS,125,0.0024803663064467685
3,UPFC_tsh,5-15,-0.22985472173709862,15,-0.2297887409663522,WLS,125,6.59807707464044e-05
4,UPFC_Vse,5-15,0.06000453582569654,15,0.060121673512357886,WLS,125,0.0001171376866613491
5,UPFC_tse,5-15,-2.144590522405862,15,-2.146270606769335,WLS,125,0.001680084363473
0,x_tcsc,1-14,-0.13452093565541534,16,-0.13445121833610535,WLS,125,6.971731930999203e-05
1,B_svc,2,0.2757829584359437,16,0.27562818382803894,WLS,125,0.00015477460790475073
2,UPFC_Vsh,5-15,1.1043711371606069,16,1.1066600468225636,WLS,125,0.0022889096619567173
3,UPFC_tsh,5-15,-0.2299219646267274,16,-0.2297887409663522,WLS,125,0.00013322366037518685
4,UPFC_Vse,5-15,0.05986034219915751,16,0.060121673512357886,WLS,125,0.0002613313132003789
5,UPFC_tse,5-15,-2.1481141385620948,16,-2.146270606769335,WLS,125,0.001843531792759645
0,x_tcsc,1-14,-0.13450558246399788,17,-0.13445121833610535,WLS,125,5.436412789253109e-05
1,B_svc,2,0.2757361461293733,17,0.27562818382803894,WLS,125,0.00010796230133436335
2,UPFC_Vsh,5-15,1.10425013420622,17,1.1066600468225636,WLS,125,0.0024099126163434903
3,UPFC_tsh,5-15,-0.22989837178093153,17,-0.2297887409663522,WLS,125,0.00010963081457932011
4,UPFC_Vse,5-15,0.06003208700392817,17,0.060121673512357886,WLS,125,8.95865084297176e-05
5,UPFC_tse,5-15,-2.1462196329249172,17,-2.146270606769335,WLS,125,5.0973844417878666e-05
0,x_tcsc,1-14,-0.13453433271116755,18,-0.13445121833610535,WLS,125,8.311437506219876e-05
1,B_svc,2,0.2757483562778321,18,0.27562818382803894,WLS,125,0.00012017244979317665
2,UPFC_Vsh,5-15,1.1042741523997543,18,1.1066600468225636,WLS,125,0.0023858944228092316
3,UPFC_tsh,5-15,-0.22991040834735768,18,-0.2297887409663522,WLS,125,0.00012166738100546914
4,UPFC_Vse,5-15,0.06051118337622913,18,0.060121673512357886,WLS,125,0.0003895098638712416
5,UPFC_tse,5-15,-2.143614270456931,18,-2.146270606769335,WLS,125,0.0026563363124041395
0,x_tcsc,1-14,-0.13451955258458265,19,-0.13445121833610535,WLS,125,6.833424847729752e-05
1,B_svc,2,0.2755300272282759,19,0.27562818382803894,WLS,125,9.815659976303293e-05
2,UPFC_Vsh,5-15,1.1042014770737123,19,1.1066600468225636,WLS,125,0.0024585697488512803
3,UPFC_tsh,5-15,-0.22989820845670478,19,-0.2297887409663522,WLS,125,0.00010946749035256609
4,UPFC_Vse,5-15,0.060188958764388366,19,0.060121673512357886,WLS,125,6.728525203048008e-05
5,UPFC_tse,5-15,-2.1476970357796157,19,-2.146270606769335,WLS,125,0.001426429010280561
0,x_tcsc,1-14,-0.13452031288972105,20,-0.13445121833610535,WLS,125,6.90945536157006e-05
1,B_svc,2,0.27573412429519323,20,0.27562818382803894,WLS,125,0.00010594046715428629
2,UPFC_Vsh,5-15,1.104419118688025,20,1.1066600468225636,WLS,125,0.002240928134538578
3,UPFC_tsh,5-15,-0.22980210365055487,20,-0.2297887409663522,WLS,125,1.3362684202655739e-05
4,UPFC_Vse,5-15,0.06008605255571374,20,0.060121673512357886,WLS,125,3.562095664414594e-05
5,UPFC_tse,5-15,-2.1459615114256385,20,-2.146270606769335,WLS,125,0.0003090953436966082
0,x_tcsc,1-14,-0.13452204892998942,21,-0.13445121833610535,WLS,125,7.083059388407476e-05
1,B_svc,2,0.27548515913546284,21,0.27562818382803894,WLS,125,0.00014302469257609918
2,UPFC_Vsh,5-15,1.1045037942998395,21,1.1066600468225636,WLS,125,0.0021562525227241114
3,UPFC_tsh,5-15,-0.22981083610017275,21,-0.2297887409663522,WLS,125,2.2095133820537738e-05
4,UPFC_Vse,5-15,0.0602326253128052,21,0.060121673512357886,WLS,125,0.00011095180044731756
5,UPFC_tse,5-15,-2.1476912659783522,21,-2.146270606769335,WLS,125,0.0014206592090171277
0,x_tcsc,1-14,-0.13452119927847864,22,-0.13445121833610535,WLS,125,6.998094237328778e-05
1,B_svc,2,0.2757002869883561,22,0.27562818382803894,WLS,125,7.210316031713848e-05
2,UPFC_Vsh,5-15,1.1042325341496573,22,1.1066600468225636,WLS,125,0.002427512672906307
3,UPFC_tsh,5-15,-0.22984799504128503,22,-0.2297887409663522,WLS,125,5.9254074932818535e-05
4,UPFC_Vse,5-15,0.05962658672997044,22,0.060121673512357886,WLS,125,0.0004950867823874452
5,UPFC_tse,5-15,-2.148378182774463,22,-2.146270606769335,WLS,125,0.002107576005127676
0,x_tcsc,1-14,-0.13452789997968184,23,-0.13445121833610535,WLS,125,7.668164357649276e-05
1,B_svc,2,0.27553658737239767,23,0.27562818382803894,WLS,125,9.159645564127405e-05
2,UPFC_Vsh,5-15,1.1047608338422863,23,1.1066600468225636,WLS,125,0.0018992129802772872
3,UPFC_tsh,5-15,-0.22987358038297262,23,-0.2297887409663522,WLS,125,8.483941662040806e-05
4,UPFC_Vse,5-15,0.05992155745476046,23,0.060121673512357886,WLS,125,0.000200116057597427
5,UPFC_tse,5-15,-2.1442771992441947,23,-2.146270606769335,WLS,125,0.0019934075251404337
0,x_tcsc,1-14,-0.13450687740424982,24,-0.13445121833610535,WLS,125,5.565906814447574e-05
1,B_svc,2,0.27564673321899075,24,0.27562818382803894,WLS,125,1.85493909518053e-05
2,UPFC_Vsh,5-15,1.1044026669511293,24,1.1066600468225636,WLS,125,0.002257379871434262
3,UPFC_tsh,5-15,-0.2298816060761633,24,-0.2297887409663522,WLS,125,9.286510981107443e-05
4,UPFC_Vse,5-15,0.060327256440437294,24,0.060121673512357886,WLS,125,0.00020558292807940776
5,UPFC_tse,5-15,-2.143367932123771,24,-2.146270606769335,WLS,125,0.0029026746455640406
0,x_tcsc,1-14,-0.13453458909321964,25,-0.13445121833610535,WLS,125,8.337075711428721e-05
1,B_svc,2,0.2750424331582449,25,0.27562818382803894,WLS,125,0.0005857506697940495
2,UPFC_Vsh,5-15,1.103979306285177,25,1.1066600468225636,WLS,125,0.002680740537386539
3,UPFC_tsh,5-15,-0.2299685644788267,25,-0.2297887409663522,WLS,125,0.00017982351247447514
4,UPFC_Vse,5-15,0.06006926752620872,25,0.060121673512357886,WLS,125,5.2405986149167694e-05
5,UPFC_tse,5-15,-2.148090712361051,25,-2.146270606769335,WLS,125,0.0018201055917157483
0,x_tcsc,1-14,-0.13451742225502186,26,-0.13445121833610535,WLS,125,6.620391891651312e-05
1,B_svc,2,0.27547941875986065,26,0.27562818382803894,WLS,125,0.0001487650681782915
2,UPFC_Vsh,5-15,1.1043281923803347,26,1.1066600468225636,WLS,125,0.002331854442228831
3,UPFC_tsh,5-15,-0.2298950552207564,26,-0.2297887409663522,WLS,125,0.0001063142544041884
4,UPFC_Vse,5-15,0.060058325608023856,26,0.060121673512357886,WLS,125,6.334790433402959e-05
5,UPFC_tse,5-15,-2.14991346600414,26,-2.146270606769335,WLS,125,0.003642859234804785
0,x_tcsc,1-14,-0.1344952262235033,27,-0.13445121833610535,WLS,125,4.400788739794548e-05
1,B_svc,2,0.275565910997802,27,0.27562818382803894,WLS,125,6.227283023696462e-05
2,UPFC_Vsh,5-15,1.1040936726944357,27,1.1066600468225636,WLS,125,0.0025663741281278796
3,UPFC_tsh,5-15,-0.22997406796469036,27,-0.2297887409663522,WLS,125,0.0001853269983381478
4,UPFC_Vse,5-15,0.05997823708050855,27,0.060121673512357886,WLS,125,0.0001434364318493378
5,UPFC_tse,5-15,-2.1463644975245924,27,-2.146270606769335,WLS,125,9.3890755257231e-05
0,x_tcsc,1-14,-0.1345096664121208,28,-0.13445121833610535,WLS,125,5.8448076015460426e-05
1,B_svc,2,0.27539845678313285,28,0.27562818382803894,WLS,125,0.00022972704490609175
2,UPFC_Vsh,5-15,1.1043610543885605,28,1.1066600468225636,WLS,125,0.002298992434003111
3,UPFC_tsh,5-15,-0.22986288390638354,28,-0.2297887409663522,WLS,125,7.414294003132982e-05
4,UPFC_Vse,5-15,0.0603628129306811,28,0.060121673512357886,WLS,125,0.00024113941832321767
5,UPFC_tse,5-15,-2.145248912334759,28,-2.146270606769335,WLS,125,0.0010216944345762258
0,x_tcsc,1-14,-0.134515073927908,29,-0.13445121833610535,WLS,125,6.385559180266398e-05
1,B_svc,2,0.27543930585179677,29,0.27562818382803894,WLS,125,0.0001888779762421744
2,UPFC_Vsh,5-15,1.104460085729909,29,1.1066600468225636,WLS,125,0.0021999610926546342
3,UPFC_tsh,5-15,-0.22980968999592077,29,-0.2297887409663522,WLS,125,2.094902956856215e-05
4,UPFC_Vse,5-15,0.06005145815402694,29,0.060121673512357886,WLS,125,7.021535833094672e-05
5,UPFC_tse,5-15,-2.1468074806347994,29,-2.146270606769335,WLS,125,0.0005368738654643046
0,x_tcsc,1-14,-0.13450729161541763,30,-0.13445121833610535,WLS,125,5.607327931228534e-05
1,B_svc,2,0.27568561769845035,30,0.27562818382803894,WLS,125,5.743387041140524e-05
2,UPFC_Vsh,5-15,1.1042461261016754,30,1.1066600468225636,WLS,125,0.0024139207208881963
3,UPFC_tsh,5-15,-0.22990330937849085,30,-0.2297887409663522,WLS,125,0.00011456841213863811
4,UPFC_Vse,5-15,0.05977718270726301,30,0.060121673512357886,WLS,125,0.00034449080509487556
5,UPFC_tse,5-15,-2.1476832434643733,30,-2.146270606769335,WLS,125,0.0014126366950382163
0,x_tcsc,1-14,-0.1345349680986731,31,-0.13445121833610535,WLS,125,8.374976256775302e-05
1,B_svc,2,0.2753196006275151,31,0.27562818382803894,WLS,125,0.0003085832005238487
2,UPFC_Vsh,5-15,1.1043356379837763,31,1.1066600468225636,WLS,125,0.002324408838787262
3,UPFC_tsh,5-15,-0.229954319526978,31,-0.2297887409663522,WLS,125,0.00016557856062579535
4,UPFC_Vse,5-15,0.060242606990727116,31,0.060121673512357886,WLS,125,0.0001209334783692298
5,UPFC_tse,5-15,-2.1462603094251995,31,-2.146270606769335,WLS,125,1.029734413560135e-05
0,x_tcsc,1-14,-0.13452295129942196,32,-0.13445121833610535,WLS,125,7.173296331661194e-05
1,B_svc,2,0.27536262201294603,32,0.27562818382803894,WLS,125,0.00026556181509290733
2,UPFC_Vsh,5-15,1.1045098293137385,32,1.1066600468225636,WLS,125,0.0021502175088250475
3,UPFC_tsh,5-15,-0.22991830572788016,32,-0.2297887409663522,WLS,125,0.0001295647615279505
4,UPFC_Vse,5-15,0.06033192227002732,32,0.060121673512357886,WLS,125,0.0002102487576694373
5,UPFC_tse,5-15,-2.1455204853484173,32,-2.146270606769335,WLS,125,0.0007501214209177931
0,x_tcsc,1-14,-0.13449901608324188,33,-0.13445121833610535,WLS,125,4.7797747136535396e-05
1,B_svc,2,0.2752867958194162,33,0.27562818382803894,WLS,125,0.0003413880086227672
2,UPFC_Vsh,5-15,1.1045854295444562,33,1.1066600468225636,WLS,125,0.002074617278107427
3,UPFC_tsh,5-15,-0.22994818204693354,33,-0.2297887409663522,WLS,125,0.00015944108058132955
4,UPFC_Vse,5-15,0.0598958975355096,33,0.060121673512357886,WLS,125,0.00022577597684828726
5,UPFC_tse,5-15,-2.147345902301308,33,-2.146270606769335,WLS,125,0.0010752955319728308
0,x_tcsc,1-14,-0.1345027176973511,34,-0.13445121833610535,WLS,125,5.149936124573817e-05
1,B_svc,2,0.27579974874006,34,0.27562818382803894,WLS,125,0.0001715649120210827
2,UPFC_Vsh,5-15,1.1045089443224902,34,1.1066600468225636,WLS,125,0.002151102500073332
3,UPFC_tsh,5-15,-0.229868945453154,34,-0.2297887409663522,WLS,125,8.02044868017937e-05
4,UPFC_Vse,5-15,0.0598783161052394,34,0.060121673512357886,WLS,125,0.00024335740711848436
5,UPFC_tse,5-15,-2.1491822935032054,34,-2.146270606769335,WLS,125,0.0029116867338703223
0,x_tcsc,1-14,-0.13450038426912767,35,-0.13445121833610535,WLS,125,4.916593302231598e-05
1,B_svc,2,0.275378835571342,35,0.27562818382803894,WLS,125,0.00024934825669692406
2,UPFC_Vsh,5-15,1.1043809365910378,35,1.1066600468225636,WLS,125,0.002279110231525827
3,UPFC_tsh,5-15,-0.22989625405328198,35,-0.2297887409663522,WLS,125,0.00010751308692977246
4,UPFC_Vse,5-15,0.059900123850390466,35,0.060121673512357886,WLS,125,0.00022154966196741982
5,UPFC_tse,5-15,-2.1482506782218334,35,-2.146270606769335,WLS,125,0.0019800714524982332
0,x_tcsc,1-14,-0.13449338413356898,36,-0.13445121833610535,WLS,125,4.216579746363358e-05
1,B_svc,2,0.27535981789818076,36,0.27562818382803894,WLS,125,0.0002683659298581831
2,UPFC_Vsh,5-15,1.1042725592831348,36,1.1066600468225636,WLS,125,0.0023874875394287454
3,UPFC_tsh,5-15,-0.22982788458164619,36,-0.2297887409663522,WLS,125,3.914361529397392e-05
4,UPFC_Vse,5-15,0.05966508676976429,36,0.060121673512357886,WLS,125,0.00045658674259359266
5,UPFC_tse,5-15,-2.147535461477114,36,-2.146270606769335,WLS,125,0.0012648547077787065
0,x_tcsc,1-14,-0.13450052281901112,37,-0.13445121833610535,WLS,125,4.930448290577094e-05
1,B_svc,2,0.2750459065209929,37,0.27562818382803894,WLS,125,0.0005822773070460197
2,UPFC_Vsh,5-15,1.1043751283071903,37,1.1066600468225636,WLS,125,0.0022849185153732687
3,UPFC_tsh,5-15,-0.2298837162348338,37,-0.2297887409663522,WLS,125,9.497526848159521e-05
4,UPFC_Vse,5-15,0.05994747261748444,37,0.060121673512357886,WLS,125,0.00017420089487344553
5,UPFC_tse,5-15,-2.149045968557187,37,-2.146270606769335,WLS,125,0.002775361787851871
0,x_tcsc,1-14,-0.1345173126382664,38,-0.13445121833610535,WLS,125,6.609430216106271e-05
1,B_svc,2,0.27551916388090253,38,0.27562818382803894,WLS,125,0.00010901994713641283
2,UPFC_Vsh,5-15,1.104427664203706,38,1.1066600468225636,WLS,125,0.002232382618857498
3,UPFC_tsh,5-15,-0.22991090495191507,38,-0.2297887409663522,WLS,125,0.000122163985562862
4,UPFC_Vse,5-15,0.06023814891750941,38,0.060121673512357886,WLS,125,0.00011647540515152127
5,UPFC_tse,5-15,-2.1464108642123785,38,-2.146270606769335,WLS,125,0.00014025744304335674
0,x_tcsc,1-14,-0.13449173703238432,39,-0.13445121833610535,WLS,125,4.0518696278968314e-05
1,B_svc,2,0.2749594083011404,39,0.27562818382803894,WLS,125,0.0006687755268985351
2,UPFC_Vsh,5-15,1.1043209916613674,39,1.1066600468225636,WLS,125,0.0023390551611961463
3,UPFC_tsh,5-15,-0.22991986256978325,39,-0.2297887409663522,WLS,125,0.00013112160343103918
4,UPFC_Vse,5-15,0.06001513291613127,39,0.060121673512357886,WLS,125,0.00010654059622661888
5,UPFC_tse,5-15,-2.1483680939327994,39,-2.146270606769335,WLS,125,0.002097487163464251
0,x_tcsc,1-14,-0.13450834936804743,40,-0.13445121833610535,WLS,125,5.7131031942075916e-05
1,B_svc,2,0.27518876100374945,40,0.27562818382803894,WLS,125,0.00043942282428949264
2,UPFC_Vsh,5-15,1.1044682337606686,40,1.1066600468225636,WLS,125,0.002191813061894976
3,UPFC_tsh,5-15,-0.2298224169283833,40,-0.2297887409663522,WLS,125,3.36759620310767e-05
4,UPFC_Vse,5-15,0.0600515801142144,40,0.060121673512357886,WLS,125,7.00933981434837e-05
5,UPFC_tse,5-15,-2.1454677615913504,40,-2.146270606769335,WLS,125,0.000802845177984679
0,x_tcsc,1-14,-0.13449742227782796,41,-0.13445121833610535,WLS,125,4.620394172261122e-05
1,B_svc,2,0.2754769029802345,41,0.27562818382803894,WLS,125,0.00015128084780446915
2,UPFC_Vsh,5-15,1.1042707875597735,41,1.1066600468225636,WLS,125,0.0023892592627901
3,UPFC_tsh,5-15,-0.22990333854111375,41,-0.2297887409663522,WLS,125,0.00011459757476153798
4,UPFC_Vse,5-15,0.059977514159052926,41,0.060121673512357886,WLS,125,0.00014415935330495955
5,UPFC_tse,5-15,-2.148721202569566,41,-2.146270606769335,WLS,125,0.0024505958002309924
0,x_tcsc,1-14,-0.13450805879636396,42,-0.13445121833610535,WLS,125,5.684046025861145e-05
1,B_svc,2,0.2754324650026739,42,0.27562818382803894,WLS,125,0.00019571882536506546
2,UPFC_Vsh,5-15,1.1044871239896572,42,1.1066600468225636,WLS,125,0.0021729228329063766
3,UPFC_tsh,5-15,-0.22989477713842288,42,-0.2297887409663522,WLS,125,0.00010603617207066707
4,UPFC_Vse,5-15,0.06018096662818118,42,0.060121673512357886,WLS,125,5.9293115823297327e-05
5,UPFC_tse,5-15,-2.1465110773747775,42,-2.146270606769335,WLS,125,0.00024047060544241106
0,x_tcsc,1-14,-0.13451263518608753,43,-0.13445121833610535,WLS,125,6.141684998217656e-05
1,B_svc,2,0.27570865045571813,43,0.27562818382803894,WLS,125,8.046662767918766e-05
2,UPFC_Vsh,5-15,1.1043372119955772,43,1.1066600468225636,WLS,125,0.002322834826986364
3,UPFC_tsh,5-15,-0.22986744037423137,43,-0.2297887409663522,WLS,125,7.869940787916252e-05
4,UPFC_Vse,5-15,0.05961687255874741,43,0.060121673512357886,WLS,125,0.000504800953610475
5,UPFC_tse,5-15,-2.1478566665595826,43,-2.146270606769335,WLS,125,0.001586059790247507
0,x_tcsc,1-14,-0.13451428024528747,44,-0.13445121833610535,WLS,125,6.306190918212162e-05
1,B_svc,2,0.2755492917786717,44,0.27562818382803894,WLS,125,7.88920493672296e-05
2,UPFC_Vsh,5-15,1.1042524828659737,44,1.1066600468225636,WLS,125,0.00240756395658992
3,UPFC_tsh,5-15,-0.22989226208403246,44,-0.2297887409663522,WLS,125,0.00010352111768024974
4,UPFC_Vse,5-15,0.060068334375361215,44,0.060121673512357886,WLS,125,5.333913699667042e-05
5,UPFC_tse,5-15,-2.145219586122764,44,-2.146270606769335,WLS,125,0.0010510206465710326
0,x_tcsc,1-14,-0.13452502191338295,45,-0.13445121833610535,WLS,125,7.380357727759801e-05
1,B_svc,2,0.27528382344063107,45,0.27562818382803894,WLS,125,0.00034436038740787156
2,UPFC_Vsh,5-15,1.1043049354802743,45,1.1066600468225636,WLS,125,0.0023551113422892733
3,UPFC_tsh,5-15,-0.22993350509190727,45,-0.2297887409663522,WLS,125,0.00014476412555505802
4,UPFC_Vse,5-15,0.05974037034758391,45,0.060121673512357886,WLS,125,0.0003813031647739787
5,UPFC_tse,5-15,-2.149702391113772,45,-2.146270606769335,WLS,125,0.0034317843444369167
0,x_tcsc,1-14,-0.13452201657840673,46,-0.13445121833610535,WLS,125,7.07982423013842e-05
1,B_svc,2,0.2755468034399144,46,0.27562818382803894,WLS,125,8.138038812455228e-05
2,UPFC_Vsh,5-15,1.1042933212154988,46,1.1066600468225636,WLS,125,0.0023667256070647458
3,UPFC_tsh,5-15,-0.22992291345443114,46,-0.2297887409663522,WLS,125,0.00013417248807892634
4,UPFC_Vse,5-15,0.06022679876667494,46,0.060121673512357886,WLS,125,0.00010512525431705111
5,UPFC_tse,5-15,-2.1440320498412633,46,-2.146270606769335,WLS,125,0.0022385569280718443
0,x_tcsc,1-14,-0.13451980337013164,47,-0.13445121833610535,WLS,125,6.858503402629168e-05
1,B_svc,2,0.27556116621117727,47,0.27562818382803894,WLS,125,6.70176168616754e-05
2,UPFC_Vsh,5-15,1.1042984179425117,47,1.1066600468225636,WLS,125,0.0023616288800518692
3,UPFC_tsh,5-15,-0.22988566309091055,47,-0.2297887409663522,WLS,125,9.692212455833515e-05
4,UPFC_Vse,5-15,0.05947958246788639,47,0.060121673512357886,WLS,125,0.0006420910444714933
5,UPFC_tse,5-15,-2.149026756861941,47,-2.146270606769335,WLS,125,0.002756150092605658
0,x_tcsc,1-14,-0.1345082955175291,48,-0.13445121833610535,WLS,125,5.707718142375362e-05
1,B_svc,2,0.27539442870791336,48,0.27562818382803894,WLS,125,0.0002337551201255783
2,UPFC_Vsh,5-15,1.1044652540356414,48,1.1066600468225636,WLS,125,0.0021947927869221395
3,UPFC_tsh,5-15,-0.22987593696366357,48,-0.2297887409663522,WLS,125,8.719599731135674e-05
4,UPFC_Vse,5-15,0.06025932717939566,48,0.060121673512357886,WLS,125,0.0001376536670377737
5,UPFC_tse,5-15,-2.1477627940779844,48,-2.146270606769335,WLS,125,0.0014921873086493065
0,x_tcsc,1-14,-0.13451970602767732,49,-0.13445121833610535,WLS,125,6.848769157197232e-05
1,B_svc,2,0.2750070117641284,49,0.27562818382803894,WLS,125,0.0006211720639105467
2,UPFC_Vsh,5-15,1.1045547856594429,49,1.1066600468225636,WLS,125,0.0021052611631207085
3,UPFC_tsh,5-15,-0.22991048070067385,49,-0.2297887409663522,WLS,125,0.00012173973432164087
4,UPFC_Vse,5-15,0.06004295902932981,49,0.060121673512357886,WLS,125,7.871448302807643e-05
5,UPFC_tse,5-15,-2.145821237720682,49,-2.146270606769335,WLS,125,0.00044936904865311433
0,x_tcsc,1-14,-0.1345139512150593,50,-0.13445121833610535,WLS,125,6.273287895394719e-05
1,B_svc,2,0.27555744008595995,50,0.27562818382803894,WLS,125,7.074374207899359e-05
2,UPFC_Vsh,5-15,1.1045810207007083,50,1.1066600468225636,WLS,125,0.0020790261218552875
3,UPFC_tsh,5-15,-0.22984733727263754,50,-0.2297887409663522,WLS,125,5.859630628532453e-05
4,UPFC_Vse,5-15,0.05999336772425918,50,0.060121673512357886,WLS,125,0.00012830578809870652
5,UPFC_tse,5-15,-2.1475639256141124,50,-2.146270606769335,WLS,125,0.001293318844777236
0,x_tcsc,1-14,-0.13451440221540295,51,-0.13445121833610535,WLS,125,6.318387929760139e-05
1,B_svc,2,0.27544063085238435,51,0.27562818382803894,WLS,125,0.0001875529756545924
2,UPFC_Vsh,5-15,1.1045007352707834,51,1.1066600468225636,WLS,125,0.002159311551780174
3,UPFC_tsh,5-15,-0.2298421435095306,51,-0.2297887409663522,WLS,125,5.34025431783991e-05
4,UPFC_Vse,5-15,0.06008688234803345,51,0.060121673512357886,WLS,125,3.47911643244353e-05
5,UPFC_tse,5-15,-2.145442797561014,51,-2.146270606769335,WLS,125,0.0008278092083209287
0,x_tcsc,1-14,-0.13451616268905034,52,-0.13445121833610535,WLS,125,6.494435294499001e-05
1,B_svc,2,0.2759226580645387,52,0.27562818382803894,WLS,125,0.00029447423649975324
2,UPFC_Vsh,5-15,1.1043103329498325,52,1.1066600468225636,WLS,125,0.002349713872731085
3,UPFC_tsh,5-15,-0.22989124170539627,52,-0.2297887409663522,WLS,125,0.00010250073904405355
4,UPFC_Vse,5-15,0.05997165816419221,52,0.060121673512357886,WLS,125,0.00015001534816567325
5,UPFC_tse,5-15,-2.1497668962232472,52,-2.146270606769335,WLS,125,0.003496289453912116
0,x_tcsc,1-14,-0.13451128559145425,53,-0.13445121833610535,WLS,125,6.006725534890567e-05
1,B_svc,2,0.2755303132157444,53,0.27562818382803894,WLS,125,9.78706122945483e-05
2,UPFC_Vsh,5-15,1.1042199525254273,53,1.1066600468225636,WLS,125,0.0024400942971363193
3,UPFC_tsh,5-15,-0.2298921223869146,53,-0.2297887409663522,WLS,125,0.0001033814205623762
4,UPFC_Vse,5-15,0.059933179448168235,53,0.060121673512357886,WLS,125,0.00018849406418965098
5,UPFC_tse,5-15,-2.1495245786007375,53,-2.146270606769335,WLS,125,0.0032539718314024135
0,x_tcsc,1-14,-0.1345002019527808,54,-0.13445121833610535,WLS,125,4.898361667546314e-05
1,B_svc,2,0.27551304355423273,54,0.27562818382803894,WLS,125,0.0001151402738062135
2,UPFC_Vsh,5-15,1.1045774981112162,54,1.1066600468225636,WLS,125,0.0020825487113473873
3,UPFC_tsh,5-15,-0.22990558612582643,54,-0.2297887409663522,WLS,125,0.00011684515947421592
4,UPFC_Vse,5-15,0.06029793460207504,54,0.060121673512357886,WLS,125,0.00017626108971715432
5,UPFC_tse,5-15,-2.1453830690179343,54,-2.146270606769335,WLS,125,0.0008875377514008242
0,x_tcsc,1-14,-0.1345160205459538,55,-0.13445121833610535,WLS,125,6.480220984844687e-05
1,B_svc,2,0.2754640567876872,55,0.27562818382803894,WLS,125,0.00016412704035173586
2,UPFC_Vsh,5-15,1.1045602434516792,55,1.1066600468225636,WLS,125,0.0020998033708843344
3,UPFC_tsh,5-15,-0.22989945111657067,55,-0.2297887409663522,WLS,125,0.00011071015021846264
4,UPFC_Vse,5-15,0.06010749326368624,55,0.060121673512357886,WLS,125,1.4180248671648299e-05
5,UPFC_tse,5-15,-2.14716599759333,55,-2.146270606769335,WLS,125,0.0008953908239948127
0,x_tcsc,1-14,-0.13450870169816007,56,-0.13445121833610535,WLS,125,5.74833620547166e-05
1,B_svc,2,0.2753203082352824,56,0.27562818382803894,WLS,125,0.00030787559275652354
2,UPFC_Vsh,5-15,1.1043208732982583,56,1.1066600468225636,WLS,125,0.002339173524305238
3,UPFC_tsh,5-15,-0.22986068121668693,56,-0.2297887409663522,WLS,125,7.194025033471774e-05
4,UPFC_Vse,5-15,0.059930487315533285,56,0.060121673512357886,WLS,125,0.0001911861968246012
5,UPFC_tse,5-15,-2.145529933963874,56,-2.146270606769335,WLS,125,0.0007406728054610845
0,x_tcsc,1-14,-0.1345151036639473,57,-0.13445121833610535,WLS,125,6.388532784196155e-05
1,B_svc,2,0.27534063673384684,57,0.27562818382803894,WLS,125,0.0002875470941920977
2,UPFC_Vsh,5-15,1.104464444826286,57,1.1066600468225636,WLS,125,0.002195601996277663
3,UPFC_tsh,5-15,-0.2298844268970851,57,-0.2297887409663522,WLS,125,9.568593073289167e-05
4,UPFC_Vse,5-15,0.05999623618547222,57,0.060121673512357886,WLS,125,0.00012543732688566345
5,UPFC_tse,5-15,-2.1447870818842167,57,-2.146270606769335,WLS,125,0.0014835248851183813
0,x_tcsc,1-14,-0.13452447787593716,58,-0.13445121833610535,WLS,125,7.325953983181033e-05
1,B_svc,2,0.2751305940219852,58,0.27562818382803894,WLS,125,0.0004975898060537443
2,UPFC_Vsh,5-15,1.1044953533293207,58,1.1066600468225636,WLS,125,0.0021646934932428863
3,UPFC_tsh,5-15,-0.22985832540562764,58,-0.2297887409663522,WLS,125,6.958443927543301e-05
4,UPFC_Vse,5-15,0.05944592641892579,58,0.060121673512357886,WLS,125,0.0006757470934320928
5,UPFC_tse,5-15,-2.1488153753596007,58,-2.146270606769335,WLS,125,0.0025447685902655337
0,x_tcsc,1-14,-0.13450908372074474,59,-0.13445121833610535,WLS,125,5.7865384639393946e-05
1,B_svc,2,0.2755933218997834,59,0.27562818382803894,WLS,125,3.486192825552514e-05
2,UPFC_Vsh,5-15,1.1045453829833247,59,1.1066600468225636,WLS,125,0.0021146638392388617
3,UPFC_tsh,5-15,-0.2298626601838808,59,-0.2297887409663522,WLS,125,7.39192175285841e-05
4,UPFC_Vse,5-15,0.06014556037443052,59,0.060121673512357886,WLS,125,2.388686207263624e-05
5,UPFC_tse,5-15,-2.150284544426693,59,-2.146270606769335,WLS,125,0.004013937657358024
0,x_tcsc,1-14,-0.13452370799859295,60,-0.13445121833610535,WLS,125,7.248966248760147e-05
1,B_svc,2,0.275334697731956,60,0.27562818382803894,WLS,125,0.00029348609608292886
2,UPFC_Vsh,5-15,1.104445831594942,60,1.1066600468225636,WLS,125,0.002214215227621663
3,UPFC_tsh,5-15,-0.22985550093583243,60,-0.2297887409663522,WLS,125,6.67599694802179e-05
4,UPFC_Vse,5-15,0.05995813268711383,60,0.060121673512357886,WLS,125,0.00016354082524405733
5,UPFC_tse,5-15,-2.1478388927990246,60,-2.146270606769335,WLS,125,0.001568286029689503
0,x_tcsc,1-14,-0.1345250930523137,61,-0.13445121833610535,WLS,125,7.387471620834418e-05
1,B_svc,2,0.2755677720311412,61,0.27562818382803894,WLS,125,6.0411796897752446e-05
2,UPFC_Vsh,5-15,1.1046924613378355,61,1.1066600468225636,WLS,125,0.001967585484728085
3,UPFC_tsh,5-15,-0.22983061562302362,61,-0.2297887409663522,WLS,125,4.1874656671408994e-05
4,UPFC_Vse,5-15,0.05961462508192173,61,0.060121673512357886,WLS,125,0.000507048430436155
5,UPFC_tse,5-15,-2.148976165568465,61,-2.146270606769335,WLS,125,0.0027055587991298147
0,x_tcsc,1-14,-0.13451317472604346,62,-0.13445121833610535,WLS,125,6.195638993811148e-05
1,B_svc,2,0.2755770327573564,62,0.27562818382803894,WLS,125,5.115107068254243e-05
2,UPFC_Vsh,5-15,1.104331395499095,62,1.1066600468225636,WLS,125,0.0023286513234686
3,UPFC_tsh,5-15,-0.22986676219880348,62,-0.2297887409663522,WLS,125,7.802123245126413e-05
4,UPFC_Vse,5-15,0.05984815955084312,62,0.060121673512357886,WLS,125,0.00027351396151476665
5,UPFC_tse,5-15,-2.147791001409272,62,-2.146270606769335,WLS,125,0.0015203946399369173
0,x_tcsc,1-14,-0.13451764186974946,63,-0.13445121833610535,WLS,125,6.642353364411102e-05
1,B_svc,2,0.2754492450070847,63,0.27562818382803894,WLS,125,0.0001789388209542664
2,UPFC_Vsh,5-15,1.1045982797670508,63,1.1066600468225636,WLS,125,0.002061767055512753
3,UPFC_tsh,5-15,-0.22980963855450756,63,-0.2297887409663522,WLS,125,2.08975881553497e-05
4,UPFC_Vse,5-15,0.06024086203798495,63,0.060121673512357886,WLS,125,0.00011918852562706195
5,UPFC_tse,5-15,-2.1437158396605103,63,-2.146270606769335,WLS,125,0.0025547671088248514
0,x_tcsc,1-14,-0.134525002474262,64,-0.13445121833610535,WLS,125,7.37841381566462e-05
1,B_svc,2,0.27558375257769946,64,0.27562818382803894,WLS,125,4.443125033948281e-05
2,UPFC_Vsh,5-15,1.104603241091712,64,1.1066600468225636,WLS,125,0.002056805730851652
3,UPFC_tsh,5-15,-0.22985004044811855,64,-0.2297887409663522,WLS,125,6.129948176633593e-05
4,UPFC_Vse,5-15,0.05991854027043888,64,0.060121673512357886,WLS,125,0.00020313324191900684
5,UPFC_tse,5-15,-2.144356173242621,64,-2.146270606769335,WLS,125,0.0019144335267142765
0,x_tcsc,1-14,-0.13448761538718387,65,-0.13445121833610535,WLS,125,3.639705107852387e-05
1,B_svc,2,0.27554955212542714,65,0.27562818382803894,WLS,125,7.863170261179775e-05
2,UPFC_Vsh,5-15,1.104481215219406,65,1.1066600468225636,WLS,125,0.0021788316031576827
3,UPFC_tsh,5-15,-0.2299256603286213,65,-0.2297887409663522,WLS,125,0.00013691936226908896
4,UPFC_Vse,5-15,0.05997275378140166,65,0.060121673512357886,WLS,125,0.00014891973095622346
5,UPFC_tse,5-15,-2.1479368761790876,65,-2.146270606769335,WLS,125,0.0016662694097524522
0,x_tcsc,1-14,-0.1345042483282973,66,-0.13445121833610535,WLS,125,5.3029992191949704e-05
1,B_svc,2,0.276028691365842,66,0.27562818382803894,WLS,125,0.00040050753780307424
2,UPFC_Vsh,5-15,1.1041981026236871,66,1.1066600468225636,WLS,125,0.0024619441988764645
3,UPFC_tsh,5-15,-0.22991262343946572,66,-0.2297887409663522,WLS,125,0.00012388247311351241
4,UPFC_Vse,5-15,0.05944176313835995,66,0.060121673512357886,WLS,125,0.0006799103739979356
5,UPFC_tse,5-15,-2.1436980860463124,66,-2.146270606769335,WLS,125,0.00257252072302272
0,x_tcsc,1-14,-0.13451382061682104,67,-0.13445121833610535,WLS,125,6.260228071569562e-05
1,B_svc,2,0.2760067171228625,67,0.27562818382803894,WLS,125,0.0003785332948235687
2,UPFC_Vsh,5-15,1.1042467139892753,67,1.1066600468225636,WLS,125,0.002413332833288262
3,UPFC_tsh,5-15,-0.22987008580606372,67,-0.2297887409663522,WLS,125,8.134483971150575e-05
4,UPFC_Vse,5-15,0.05983215757499722,67,0.060121673512357886,WLS,125,0.0002895159373606654
5,UPFC_tse,5-15,-2.1449081772669847,67,-2.146270606769335,WLS,125,0.0013624295023504374
0,x_tcsc,1-14,-0.13452985260800618,68,-0.13445121833610535,WLS,125,7.863427190082928e-05
1,B_svc,2,0.2756502992507625,68,0.27562818382803894,WLS,125,2.211542272356759e-05
2,UPFC_Vsh,5-15,1.104640378092246,68,1.1066600468225636,WLS,125,0.0020196687303175587
3,UPFC_tsh,5-15,-0.22981847455944374,68,-0.2297887409663522,WLS,125,2.9733593091524346e-05
4,UPFC_Vse,5-15,0.06011408783033041,68,0.060121673512357886,WLS,125,7.585682027473617e-06
5,UPFC_tse,5-15,-2.149147304328821,68,-2.146270606769335,WLS,125,0.00287669755948583
0,x_tcsc,1-14,-0.1345011286844548,69,-0.13445121833610535,WLS,125,4.991034834944674e-05
1,B_svc,2,0.2748582820221435,69,0.27562818382803894,WLS,125,0.0007699018058954232
2,UPFC_Vsh,5-15,1.104497261108304,69,1.1066600468225636,WLS,125,0.002162785714259652
3,UPFC_tsh,5-15,-0.2298850553717878,69,-0.2297887409663522,WLS,125,9.6314405435588e-05
4,UPFC_Vse,5-15,0.06024418529882825,69,0.060121673512357886,WLS,125,0.00012251178647036676
5,UPFC_tse,5-15,-2.1470687686242536,69,-2.146270606769335,WLS,125,0.0007981618549184333
0,x_tcsc,1-14,-0.13450599958238965,70,-0.13445121833610535,WLS,125,5.4781246284302254e-05
1,B_svc,2,0.2751699698598596,70,0.27562818382803894,WLS,125,0.0004582139681793551
2,UPFC_Vsh,5-15,1.1042726160554595,70,1.1066600468225636,WLS,125,0.002387430767104126
3,UPFC_tsh,5-15,-0.22988009747976326,70,-0.2297887409663522,WLS,125,9.135651341105056e-05
4,UPFC_Vse,5-15,0.059498900385153965,70,0.060121673512357886,WLS,125,0.0006227731272039211
5,UPFC_tse,5-15,-2.1472398234034404,70,-2.146270606769335,WLS,125,0.0009692166341053188
0,x_tcsc,1-14,-0.13450497518382754,71,-0.13445121833610535,WLS,125,5.375684772218614e-05
1,B_svc,2,0.2753074445310633,71,0.27562818382803894,WLS,125,0.0003207392969756251
2,UPFC_Vsh,5-15,1.1045159116192187,71,1.1066600468225636,WLS,125,0.002144135203344888
3,UPFC_tsh,5-15,-0.22989595294442464,71,-0.2297887409663522,WLS,125,0.00010721197807242455
4,UPFC_Vse,5-15,0.059857900392012164,71,0.060121673512357886,WLS,125,0.00026377312034572137
5,UPFC_tse,5-15,-2.1475960183171887,71,-2.146270606769335,WLS,125,0.0013254115478535944
0,x_tcsc,1-14,-0.13452070059686175,72,-0.13445121833610535,WLS,125,6.94822607563983e-05
1,B_svc,2,0.27562341549406333,72,0.27562818382803894,WLS,125,4.76833397561327e-06
2,UPFC_Vsh,5-15,1.104598110774697,72,1.1066600468225636,WLS,125,0.0020619360478666415
3,UPFC_tsh,5-15,-0.22976945011254768,72,-0.2297887409663522,WLS,125,1.9290853804532215e-05
4,UPFC_Vse,5-15,0.059822108111901064,72,0.060121673512357886,WLS,125,0.0002995654004568221
5,UPFC_tse,5-15,-2.148950035855878,72,-2.146270606769335,WLS,125,0.0026794290865428394
0,x_tcsc,1-14,-0.13450848378004954,73,-0.13445121833610535,WLS,125,5.7265443944187755e-05
1,B_svc,2,0.2751903252098822,73,0.27562818382803894,WLS,125,0.0004378586181567612
2,UPFC_Vsh,5-15,1.1044738456210266,73,1.1066600468225636,WLS,125,0.002186201201537008
3,UPFC_tsh,5-15,-0.22978584043750785,73,-0.2297887409663522,WLS,125,2.9005288443573196e-06
4,UPFC_Vse,5-15,0.0596483838227452,73,0.060121673512357886,WLS,125,0.00047328968961268814
5,UPFC_tse,5-15,-2.1484885344029614,73,-2.146270606769335,WLS,125,0.002217927633626271
0,x_tcsc,1-14,-0.13449551443937666,74,-0.13445121833610535,WLS,125,4.4296103271307397e-05
1,B_svc,2,0.2756532422844019,74,0.27562818382803894,WLS,125,2.505845636296966e-05
2,UPFC_Vsh,5-15,1.1044475493544825,74,1.1066600468225636,WLS,125,0.002212497468081054
3,UPFC_tsh,5-15,-0.22987623029146018,74,-0.2297887409663522,WLS,125,8.748932510796448e-05
4,UPFC_Vse,5-15,0.06042677473355629,74,0.060121673512357886,WLS,125,0.00030510122119840194
5,UPFC_tse,5-15,-2.146463078360471,74,-2.146270606769335,WLS,125,0.0001924715911356678
0,x_tcsc,1-14,-0.13449339507638758,75,-0.13445121833610535,WLS,125,4.2176740282229286e-05
1,B_svc,2,0.27531688082775424,75,0.27562818382803894,WLS,125,0.0003113030002847017
2,UPFC_Vsh,5-15,1.1044590117401019,75,1.1066600468225636,WLS,125,0.002201035082461722
3,UPFC_tsh,5-15,-0.2298559384481445,75,-0.2297887409663522,WLS,125,6.719748179229157e-05
4,UPFC_Vse,5-15,0.06031990033114528,75,0.060121673512357886,WLS,125,0.0001982268187873948
5,UPFC_tse,5-15,-2.142155316962645,75,-2.146270606769335,WLS,125,0.004115289806690292
0,x_tcsc,1-14,-0.13451430927238667,76,-0.13445121833610535,WLS,125,6.309093628131812e-05
1,B_svc,2,0.2756476677993265,76,0.27562818382803894,WLS,125,1.9483971287537205e-05
2,UPFC_Vsh,5-15,1.1042971176536203,76,1.1066600468225636,WLS,125,0.0023629291689433174
3,UPFC_tsh,5-15,-0.22989083233441834,76,-0.2297887409663522,WLS,125,0.00010209136806613173
4,UPFC_Vse,5-15,0.0602934111249749,76,0.060121673512357886,WLS,125,0.00017173761261701087
5,UPFC_tse,5-15,-2.146098878466723,76,-2.146270606769335,WLS,125,0.00017172830261191763
0,x_tcsc,1-14,-0.13452663963694916,77,-0.13445121833610535,WLS,125,7.542130084381427e-05
1,B_svc,2,0.2754343148019404,77,0.27562818382803894,WLS,125,0.0001938690260985254
2,UPFC_Vsh,5-15,1.1041674718937178,77,1.1066600468225636,WLS,125,0.0024925749288458032
3,UPFC_tsh,5-15,-0.22988739844695372,77,-0.2297887409663522,WLS,125,9.865748060150503e-05
4,UPFC_Vse,5-15,0.059835190166703515,77,0.060121673512357886,WLS,125,0.0002864833456543703
5,UPFC_tse,5-15,-2.1470505695032394,77,-2.146270606769335,WLS,125,0.0007799627339042381
0,x_tcsc,1-14,-0.134526515818853,78,-0.13445121833610535,WLS,125,7.529748274764936e-05
1,B_svc,2,0.2751008902364347,78,0.27562818382803894,WLS,125,0.0005272935916042498
2,UPFC_Vsh,5-15,1.1045320533306497,78,1.1066600468225636,WLS,125,0.0021279934919138377
3,UPFC_tsh,5-15,-0.2299060356400438,78,-0.2297887409663522,WLS,125,0.00011729467369159252
4,UPFC_Vse,5-15,0.05985187249443551,78,0.060121673512357886,WLS,125,0.00026980101792237893
5,UPFC_tse,5-15,-2.145284460843156,78,-2.146270606769335,WLS,125,0.0009861459261792938
0,x_tcsc,1-14,-0.13450231755079828,79,-0.13445121833610535,WLS,125,5.1099214692928996e-05
1,B_svc,2,0.27524570445425467,79,0.27562818382803894,WLS,125,0.00038247937378427244
2,UPFC_Vsh,5-15,1.1047978145987682,79,1.1066600468225636,WLS,125,0.0018622322237953348
3,UPFC_tsh,5-15,-0.22985953758415575,79,-0.2297887409663522,WLS,125,7.07966178035424e-05
4,UPFC_Vse,5-15,0.05976455313280031,79,0.060121673512357886,WLS,125,0.0003571203795575753
5,UPFC_tse,5-15,-2.1461831476688884,79,-2.146270606769335,WLS,125,8.745910044671845e-05
0,x_tcsc,1-14,-0.13450324316049297,80,-0.13445121833610535,WLS,125,5.2024824387625346e-05
1,B_svc,2,0.2755410091820002,80,0.27562818382803894,WLS,125,8.71746460387457e-05
2,UPFC_Vsh,5-15,1.1044453875053575,80,1.1066600468225636,WLS,125,0.0022146593172061024
3,UPFC_tsh,5-15,-0.22985252006307172,80,-0.2297887409663522,WLS,125,6.377909671950732e-05
4,UPFC_Vse,5-15,0.0598385665559328,80,0.060121673512357886,WLS,125,0.0002831069564250832
5,UPFC_tse,5-15,-2.1500334978945066,80,-2.146270606769335,WLS,125,0.0037628911251714747
0,x_tcsc,1-14,-0.1345005664646521,81,-0.13445121833610535,WLS,125,4.934812854676118e-05
1,B_svc,2,0.27516652673462566,81,0.27562818382803894,WLS,125,0.0004616570934132813
2,UPFC_Vsh,5-15,1.1043627261932314,81,1.1066600468225636,WLS,125,0.002297320629332189
3,UPFC_tsh,5-15,-0.2298052663581574,81,-0.2297887409663522,WLS,125,1.652539180518886e-05
4,UPFC_Vse,5-15,0.060378475990066384,81,0.060121673512357886,WLS,125,0.0002568024777084982
5,UPFC_tse,5-15,-2.1421679720519844,81,-2.146270606769335,WLS,125,0.004102634717350728
0,x_tcsc,1-14,-0.1345165133482944,82,-0.13445121833610535,WLS,125,6.529501218904832e-05
1,B_svc,2,0.27550916814926335,82,0.27562818382803894,WLS,125,0.00011901567877559138
2,UPFC_Vsh,5-15,1.104332660827009,82,1.1066600468225636,WLS,125,0.0023273859955545984
3,UPFC_tsh,5-15,-0.22992137121822417,82,-0.2297887409663522,WLS,125,0.00013263025187196242
4,UPFC_Vse,5-15,0.05988619555113172,82,0.060121673512357886,WLS,125,0.00023547796122616593
5,UPFC_tse,5-15,-2.146535690561195,82,-2.146270606769335,WLS,125,0.00026508379185985476
0,x_tcsc,1-14,-0.13450831319506115,83,-0.13445121833610535,WLS,125,5.709485895580291e-05
1,B_svc,2,0.27523919324659685,83,0.27562818382803894,WLS,125,0.00038899058144209464
2,UPFC_Vsh,5-15,1.1042928271843797,83,1.1066600468225636,WLS,125,0.0023672196381838706
3,UPFC_tsh,5-15,-0.22992192806034037,83,-0.2297887409663522,WLS,125,0.00013318709398815742
4,UPFC_Vse,5-15,0.0600952437086096,83,0.060121673512357886,WLS,125,2.642980374828463e-05
5,UPFC_tse,5-15,-2.1458915177086793,83,-2.146270606769335,WLS,125,0.00037908906065586834
0,x_tcsc,1-14,-0.1344862386628839,84,-0.13445121833610535,WLS,125,3.5020326778545385e-05
1,B_svc,2,0.27550013877030266,84,0.27562818382803894,WLS,125,0.00012804505773628128
2,UPFC_Vsh,5-15,1.1044505707441294,84,1.1066600468225636,WLS,125,0.002209476078434136
3,UPFC_tsh,5-15,-0.2299014745102685,84,-0.2297887409663522,WLS,125,0.00011273354391627688
4,UPFC_Vse,5-15,0.059888195685874834,84,0.060121673512357886,WLS,125,0.00023347782648305143
5,UPFC_tse,5-15,-2.143919877156041,84,-2.146270606769335,WLS,125,0.002350729613294078
0,x_tcsc,1-14,-0.13449227543746115,85,-0.13445121833610535,WLS,125,4.105710135579588e-05
1,B_svc,2,0.27508496267568167,85,0.27562818382803894,WLS,125,0.0005432211523572761
2,UPFC_Vsh,5-15,1.1044208031109959,85,1.1066600468225636,WLS,125,0.0022392437115676955
3,UPFC_tsh,5-15,-0.22990688151897493,85,-0.2297887409663522,WLS,125,0.00011814055262271417
4,UPFC_Vse,5-15,0.05981061802241197,85,0.060121673512357886,WLS,125,0.00031105548994591475
5,UPFC_tse,5-15,-2.1480208873977875,85,-2.146270606769335,WLS,125,0.0017502806284523942
0,x_tcsc,1-14,-0.1345163225005691,86,-0.13445121833610535,WLS,125,6.510416446375844e-05
1,B_svc,2,0.27548143617160975,86,0.27562818382803894,WLS,125,0.0001467476564291914
2,UPFC_Vsh,5-15,1.1045001704730073,86,1.1066600468225636,WLS,125,0.002159876349556278
3,UPFC_tsh,5-15,-0.22991834061945227,86,-0.2297887409663522,WLS,125,0.00012959965310005428
4,UPFC_Vse,5-15,0.06035579825941275,86,0.060121673512357886,WLS,125,0.00023412474705486463
5,UPFC_tse,5-15,-2.1445848159410787,86,-2.146270606769335,WLS,125,0.0016857908282563727
0,x_tcsc,1-14,-0.13451388979680137,87,-0.13445121833610535,WLS,125,6.267146069602325e-05
1,B_svc,2,0.2751556346628758,87,0.27562818382803894,WLS,125,0.0004725491651631497
2,UPFC_Vsh,5-15,1.1042263235593337,87,1.1066600468225636,WLS,125,0.002433723263229881
3,UPFC_tsh,5-15,-0.22988970304491294,87,-0.2297887409663522,WLS,125,0.00010096207856072348
4,UPFC_Vse,5-15,0.059864859041786456,87,0.060121673512357886,WLS,125,0.0002568144705714301
5,UPFC_tse,5-15,-2.1462375141035617,87,-2.146270606769335,WLS,125,3.3092665773448715e-05
0,x_tcsc,1-14,-0.13452705466575282,88,-0.13445121833610535,WLS,125,7.583632964747178e-05
1,B_svc,2,0.27522106600220103,88,0.27562818382803894,WLS,125,0.00040711782583791045
2,UPFC_Vsh,5-15,1.1044979209819732,88,1.1066600468225636,WLS,125,0.00216212584059039
3,UPFC_tsh,5-15,-0.2298669544747882,88,-0.2297887409663522,WLS,125,7.82135084359814e-05
4,UPFC_Vse,5-15,0.05956353269408744,88,0.060121673512357886,WLS,125,0.0005581408182704431
5,UPFC_tse,5-15,-2.1447412129209154,88,-2.146270606769335,WLS,125,0.0015293938484197689
0,x_tcsc,1-14,-0.13452113737906174,89,-0.13445121833610535,WLS,125,6.991904295639007e-05
1,B_svc,2,0.2753660242558713,89,0.27562818382803894,WLS,125,0.00026215957216763064
2,UPFC_Vsh,5-15,1.1042369089299908,89,1.1066600468225636,WLS,125,0.0024231378925727576
3,UPFC_tsh,5-15,-0.22988200430145403,89,-0.2297887409663522,WLS,125,9.32633351018175e-05
4,UPFC_Vse,5-15,0.06012126136658628,89,0.060121673512357886,WLS,125,4.121457716083077e-07
5,UPFC_tse,5-15,-2.146928705969435,89,-2.146270606769335,WLS,125,0.0006580992000997377
0,x_tcsc,1-14,-0.13450234257066682,90,-0.13445121833610535,WLS,125,5.1124234561467086e-05
1,B_svc,2,0.27534073276195853,90,0.27562818382803894,WLS,125,0.00028745106608041304
2,UPFC_Vsh,5-15,1.1043459252894803,90,1.1066600468225636,WLS,125,0.002314121533083302
3,UPFC_tsh,5-15,-0.22990420614389556,90,-0.2297887409663522,WLS,125,0.00011546517754335017
4,UPFC_Vse,5-15,0.06023029920253822,90,0.060121673512357886,WLS,125,0.00010862569018033758
5,UPFC_tse,5-15,-2.1467766103551806,90,-2.146270606769335,WLS,125,0.0005060035858455159
0,x_tcsc,1-14,-0.13452274035306838,91,-0.13445121833610535,WLS,125,7.152201696303262e-05
1,B_svc,2,0.2753080112132931,91,0.27562818382803894,WLS,125,0.00032017261474581726
2,UPFC_Vsh,5-15,1.104220846042075,91,1.1066600468225636,WLS,125,0.0024392007804885374
3,UPFC_tsh,5-15,-0.22992652886565068,91,-0.2297887409663522,WLS,125,0.00013778789929846935
4,UPFC_Vse,5-15,0.059854106409008824,91,0.060121673512357886,WLS,125,0.00026756710334906175
5,UPFC_tse,5-15,-2.1474690980131252,91,-2.146270606769335,WLS,125,0.001198491243790123
0,x_tcsc,1-14,-0.13452720804329527,92,-0.13445121833610535,WLS,125,7.598970718991627e-05
1,B_svc,2,0.2747351276518938,92,0.27562818382803894,WLS,125,0.0008930561761451572
2,UPFC_Vsh,5-15,1.1048493664379884,92,1.1066600468225636,WLS,125,0.001810680384575214
3,UPFC_tsh,5-15,-0.22987984323217514,92,-0.2297887409663522,WLS,125,9.11022658229288e-05
4,UPFC_Vse,5-15,0.05970206396903167,92,0.060121673512357886,WLS,125,0.0004196095433262187
5,UPFC_tse,5-15,-2.1451937153760454,92,-2.146270606769335,WLS,125,0.0010768913932897028
0,x_tcsc,1-14,-0.13450994426937452,93,-0.13445121833610535,WLS,125,5.8725933269165864e-05
1,B_svc,2,0.27578470916006653,93,0.27562818382803894,WLS,125,0.00015652533202759056
2,UPFC_Vsh,5-15,1.1041005167741258,93,1.1066600468225636,WLS,125,0.002559530048437786
3,UPFC_tsh,5-15,-0.22992126488691653,93,-0.2297887409663522,WLS,125,0.00013252392056431472
4,UPFC_Vse,5-15,0.059930015561956436,93,0.060121673512357886,WLS,125,0.00019165795040144984
5,UPFC_tse,5-15,-2.1489152832019527,93,-2.146270606769335,WLS,125,0.0026446764326175654
0,x_tcsc,1-14,-0.13451556556810887,94,-0.13445121833610535,WLS,125,6.434723200351988e-05
1,B_svc,2,0.2759040376716986,94,0.27562818382803894,WLS,125,0.0002758538436596347
2,UPFC_Vsh,5-15,1.104425608805991,94,1.1066600468225636,WLS,125,0.0022344380165726374
3,UPFC_tsh,5-15,-0.22985534375802302,94,-0.2297887409663522,WLS,125,6.660279167081118e-05
4,UPFC_Vse,5-15,0.05972560096879152,94,0.060121673512357886,WLS,125,0.00039607254356636284
5,UPFC_tse,5-15,-2.151712569708445,94,-2.146270606769335,WLS,125,0.005441962939110034
0,x_tcsc,1-14,-0.13452598232929708,95,-0.13445121833610535,WLS,125,7.476399319172877e-05
1,B_svc,2,0.27583398728931985,95,0.27562818382803894,WLS,125,0.00020580346128090676
2,UPFC_Vsh,5-15,1.1042478349307918,95,1.1066600468225636,WLS,125,0.002412211891771765
3,UPFC_tsh,5-15,-0.22992674271442629,95,-0.2297887409663522,WLS,125,0.00013800174807407362
4,UPFC_Vse,5-15,0.05995666729588505,95,0.060121673512357886,WLS,125,0.00016500621647283498
5,UPFC_tse,5-15,-2.147686118044188,95,-2.146270606769335,WLS,125,0.0014155112748528431
0,x_tcsc,1-14,-0.1345133148916312,96,-0.13445121833610535,WLS,125,6.209655552585902e-05
1,B_svc,2,0.2749189885586575,96,0.27562818382803894,WLS,125,0.0007091952693814574
2,UPFC_Vsh,5-15,1.1044243472441224,96,1.1066600468225636,WLS,125,0.0022356995784411637
3,UPFC_tsh,5-15,-0.22994850520950205,96,-0.2297887409663522,WLS,125,0.00015976424314984028
4,UPFC_Vse,5-15,0.05999093381408653,96,0.060121673512357886,WLS,125,0.00013073969827135518
5,UPFC_tse,5-15,-2.148703895230878,96,-2.146270606769335,WLS,125,0.002433288461543004
0,x_tcsc,1-14,-0.13451434072918317,97,-0.13445121833610535,WLS,125,6.312239307781908e-05
1,B_svc,2,0.27496486873945436,97,0.27562818382803894,WLS,125,0.0006633150885845818
2,UPFC_Vsh,5-15,1.104220706490317,97,1.1066600468225636,WLS,125,0.0024393403322466867
3,UPFC_tsh,5-15,-0.22996693654761263,97,-0.2297887409663522,WLS,125,0.0001781955812604208
4,UPFC_Vse,5-15,0.06008390981119216,97,0.060121673512357886,WLS,125,3.776370116572586e-05
5,UPFC_tse,5-15,-2.145068342776036,97,-2.146270606769335,WLS,125,0.0012022639932989243
0,x_tcsc,1-14,-0.13451562364070482,98,-0.13445121833610535,WLS,125,6.440530459947413e-05
1,B_svc,2,0.2750968808371193,98,0.27562818382803894,WLS,125,0.0005313029909196354
2,UPFC_Vsh,5-15,1.10434364804691,98,1.1066600468225636,WLS,125,0.002316398775653594
3,UPFC_tsh,5-15,-0.2299195846903852,98,-0.2297887409663522,WLS,125,0.00013084372403299183
4,UPFC_Vse,5-15,0.06032073261908436,98,0.060121673512357886,WLS,125,0.0001990591067264763
5,UPFC_tse,5-15,-2.1449593340508413,98,-2.146270606769335,WLS,125,0.00131127271849385
0,x_tcsc,1-14,-0.13451129421497535,99,-0.13445121833610535,WLS,125,6.0075878869997323e-05
1,B_svc,2,0.27462140995018985,99,0.27562818382803894,WLS,125,0.0010067738778490876
2,UPFC_Vsh,5-15,1.1046248917424568,99,1.1066600468225636,WLS,125,0.0020351550801067653
3,UPFC_tsh,5-15,-0.22985793947481584,99,-0.2297887409663522,WLS,125,6.919850846362485e-05
4,UPFC_Vse,5-15,0.0598264864605372,99,0.060121673512357886,WLS,125,0.00029518705182068894
5,UPFC_tse,5-15,-2.149681545208793,99,-2.146270606769335,WLS,125,0.0034109384394578335
0,x_tcsc,1-14,-0.1344215777310023,0,-0.13433821545917096,WLS,127,8.336227183133871e-05
1,B_svc,2,0.27469823462896376,0,0.27506949632831795,WLS,127,0.0003712616993541973
2,UPFC_Vsh,5-15,1.1045968903256935,0,1.1067658160001017,WLS,127,0.002168925674408184
3,UPFC_tsh,5-15,-0.22965945959599576,0,-0.22954725017367336,WLS,127,0.00011220942232240128
4,UPFC_Vse,5-15,0.0601266309814574,0,0.06084087486785218,WLS,127,0.0007142438863947803
5,UPFC_tse,5-15,-2.145175798202359,0,-2.145496246489067,WLS,127,0.0003204482867080749
0,x_tcsc,1-14,-0.1344089484080765,1,-0.13433821545917096,WLS,127,7.07329489055275e-05
1,B_svc,2,0.27458424917000546,1,0.27506949632831795,WLS,127,0.0004852471583124962
2,UPFC_Vsh,5-15,1.1042558765744248,1,1.1067658160001017,WLS,127,0.002509939425676899
3,UPFC_tsh,5-15,-0.22966502412564296,1,-0.22954725017367336,WLS,127,0.00011777395196960194
4,UPFC_Vse,5-15,0.059570592997826514,1,0.06084087486785218,WLS,127,0.0012702818700256677
5,UPFC_tse,5-15,-2.144993431112356,1,-2.145496246489067,WLS,127,0.000502815376711041
0,x_tcsc,1-14,-0.13442804244018502,2,-0.13433821545917096,WLS,127,8.982698101406283e-05
1,B_svc,2,0.2751483310502042,2,0.27506949632831795,WLS,127,7.883472188624507e-05
2,UPFC_Vsh,5-15,1.1042686305155223,2,1.1067658160001017,WLS,127,0.002497185484579445
3,UPFC_tsh,5-15,-0.22972721791621703,2,-0.22954725017367336,WLS,127,0.00017996774254366854
4,UPFC_Vse,5-15,0.06058344874832626,2,0.06084087486785218,WLS,127,0.000257426119525922
5,UPFC_tse,5-15,-2.14763424916488,2,-2.145496246489067,WLS,127,0.002138002675812878
0,x_tcsc,1-14,-0.13438475430579122,3,-0.13433821545917096,WLS,127,4.6538846620258756e-05
1,B_svc,2,0.2744983095997343,3,0.27506949632831795,WLS,127,0.0005711867285836392
2,UPFC_Vsh,5-15,1.1047217973864911,3,1.1067658160001017,WLS,127,0.0020440186136105876
3,UPFC_tsh,5-15,-0.22960821229854061,3,-0.22954725017367336,WLS,127,6.0962124867253165e-05
4,UPFC_Vse,5-15,0.06048532396611951,3,0.06084087486785218,WLS,127,0.0003555509017326708
5,UPFC_tse,5-15,-2.1451570168322864,3,-2.145496246489067,WLS,127,0.0003392296567805708
0,x_tcsc,1-14,-0.1344069662565334,4,-0.13433821545917096,WLS,127,6.875079736243239e-05
1,B_svc,2,0.2744752659367954,4,0.27506949632831795,WLS,127,0.0005942303915225655
2,UPFC_Vsh,5-15,1.1044086843173955,4,1.1067658160001017,WLS,127,0.002357131682706237
3,UPFC_tsh,5-15,-0.22967738407402932,4,-0.22954725017367336,WLS,127,0.00013013390035596095
4,UPFC_Vse,5-15,0.06022376634060752,4,0.06084087486785218,WLS,127,0.0006171085272446628
5,UPFC_tse,5-15,-2.147190860636175,4,-2.145496246489067,WLS,127,0.0016946141471079201
0,x_tcsc,1-14,-0.13440703902747247,5,-0.13433821545917096,WLS,127,6.88235683015126e-05
1,B_svc,2,0.2748246327821222,5,0.27506949632831795,WLS,127,0.00024486354619573936
2,UPFC_Vsh,5-15,1.1043782396413813,5,1.1067658160001017,WLS,127,0.0023875763587204446
3,UPFC_tsh,5-15,-0.22962848688843338,5,-0.22954725017367336,WLS,127,8.123671476001348e-05
4,UPFC_Vse,5-15,0.060402416826986674,5,0.06084087486785218,WLS,127,0.0004384580408655081
5,UPFC_tse,5-15,-2.1405035042200375,5,-2.145496246489067,WLS,127,0.00499274226902946
0,x_tcsc,1-14,-0.13442696879568317,6,-0.13433821545917096,WLS,127,8.875333651220396e-05
1,B_svc,2,0.2747191026072467,6,0.27506949632831795,WLS,127,0.00035039372107126265
2,UPFC_Vsh,5-15,1.1045411081488283,6,1.1067658160001017,WLS,127,0.0022247078512733776
3,UPFC_tsh,5-15,-0.22961791960932135,6,-0.22954725017367336,WLS,127,7.066943564798533e-05
4,UPFC_Vse,5-15,0.060307585905519406,6,0.06084087486785218,WLS,127,0.0005332889623327758
5,UPFC_tse,5-15,-2.148209897052953,6,-2.145496246489067,WLS,127,0.002713650563885839
0,x_tcsc,1-14,-0.13441902197001593,7,-0.13433821545917096,WLS,127,8.080651084496626e-05
1,B_svc,2,0.27474279253593187,7,0.27506949632831795,WLS,127,0.00032670379238608493
2,UPFC_Vsh,5-15,1.1044485067490548,7,1.1067658160001017,WLS,127,0.002317309251046895
3,UPFC_tsh,5-15,-0.22968035944399887,7,-0.22954725017367336,WLS,127,0.00013310927032550435
4,UPFC_Vse,5-15,0.06013619314076352,7,0.06084087486785218,WLS,127,0.0007046817270886588
5,UPFC_tse,5-15,-2.149487632003456,7,-2.145496246489067,WLS,127,0.003991385514388934
0,x_tcsc,1-14,-0.13439193769094018,8,-0.13433821545917096,WLS,127,5.3722231769220974e-05
1,B_svc,2,0.27468262401934196,8,0.27506949632831795,WLS,127,0.000386872308975994
2,UPFC_Vsh,5-15,1.1046973831616256,8,1.1067658160001017,WLS,127,0.002068432838476131
3,UPFC_tsh,5-15,-0.22965703086532924,8,-0.22954725017367336,WLS,127,0.00010978069165587523
4,UPFC_Vse,5-15,0.06027808404969895,8,0.06084087486785218,WLS,127,0.0005627908181532332
5,UPFC_tse,5-15,-2.150976350897079,8,-2.145496246489067,WLS,127,0.005480104408011943
0,x_tcsc,1-14,-0.13441229014576508,9,-0.13433821545917096,WLS,127,7.40746865941222e-05
1,B_svc,2,0.27458824229271717,9,0.27506949632831795,WLS,127,0.0004812540356007866
2,UPFC_Vsh,5-15,1.1042965563999358,9,1.1067658160001017,WLS,127,0.002469259600165863
3,UPFC_tsh,5-15,-0.22962665670264765,9,-0.22954725017367336,WLS,127,7.940652897428513e-05
4,UPFC_Vse,5-15,0.06045763670108901,9,0.06084087486785218,WLS,127,0.00038323816676317374
5,UPFC_tse,5-15,-2.1439071838838326,9,-2.145496246489067,WLS,127,0.0015890626052343926
0,x_tcsc,1-14,-0.13442343697547393,10,-0.13433821545917096,WLS,127,8.522151630296904e-05
1,B_svc,2,0.27502692898703496,10,0.27506949632831795,WLS,127,4.256734128299522e-05
2,UPFC_Vsh,5-15,1.1046830263837923,10,1.1067658160001017,WLS,127,0.002082789616309366
3,UPFC_tsh,5-15,-0.2296599121657198,10,-0.22954725017367336,WLS,127,0.00011266199204643113
4,UPFC_Vse,5-15,0.060306618888545147,10,0.06084087486785218,WLS,127,0.0005342559793070356
5,UPFC_tse,5-15,-2.148801744930618,10,-2.145496246489067,WLS,127,0.0033054984415508137
0,x_tcsc,1-14,-0.13440322110078995,11,-0.13433821545917096,WLS,127,6.500564161898703e-05
1,B_svc,2,0.274515583744437,11,0.27506949632831795,WLS,127,0.0005539125838809333
2,UPFC_Vsh,5-15,1.104468456506881,11,1.1067658160001017,WLS,127,0.002297359493220741
3,UPFC_tsh,5-15,-0.22966425415983044,11,-0.22954725017367336,WLS,127,0.00011700398615707708
4,UPFC_Vse,5-15,0.060239009536920976,11,0.06084087486785218,WLS,127,0.0006018653309312061
5,UPFC_tse,5-15,-2.145466062468518,11,-2.145496246489067,WLS,127,3.018402054921765e-05
0,x_tcsc,1-14,-0.13441438287328236,12,-0.13433821545917096,WLS,127,7.616741411139993e-05
1,B_svc,2,0.27518744176613447,12,0.27506949632831795,WLS,127,0.00011794543781651345
2,UPFC_Vsh,5-15,1.1043593158956013,12,1.1067658160001017,WLS,127,0.0024065001045003864
3,UPFC_tsh,5-15,-0.22968906590846566,12,-0.22954725017367336,WLS,127,0.00014181573479229992
4,UPFC_Vse,5-15,0.05962969932811438,12,0.06084087486785218,WLS,127,0.001211175539737805
5,UPFC_tse,5-15,-2.146064338418255,12,-2.145496246489067,WLS,127,0.0005680919291881636
0,x_tcsc,1-14,-0.13439733568869605,13,-0.13433821545917096,WLS,127,5.912022952508922e-05
1,B_svc,2,0.2751618093247978,13,0.27506949632831795,WLS,127,9.231299647982638e-05
2,UPFC_Vsh,5-15,1.1044612833668488,13,1.1067658160001017,WLS,127,0.0023045326332529203
3,UPFC_tsh,5-15,-0.22968408521972952,13,-0.22954725017367336,WLS,127,0.0001368350460561607
4,UPFC_Vse,5-15,0.05981785486331765,13,0.06084087486785218,WLS,127,0.001023020004534532
5,UPFC_tse,5-15,-2.1463584015266615,13,-2.145496246489067,WLS,127,0.0008621550375944587
0,x_tcsc,1-14,-0.13442016195553777,14,-0.13433821545917096,WLS,127,8.194649636680817e-05
1,B_svc,2,0.27477682901351064,14,0.27506949632831795,WLS,127,0.00029266731480731556
2,UPFC_Vsh,5-15,1.104163599896071,14,1.1067658160001017,WLS,127,0.0026022161040306635
3,UPFC_tsh,5-15,-0.22965057521586366,14,-0.22954725017367336,WLS,127,0.00010332504219029426
4,UPFC_Vse,5-15,0.06019975572880776,14,0.06084087486785218,WLS,127,0.0006411191390444243
5,UPFC_tse,5-15,-2.141501785095752,14,-2.145496246489067,WLS,127,0.003994461393315163
0,x_tcsc,1-14,-0.1343867446004589,15,-0.13433821545917096,WLS,127,4.8529141287945166e-05
1,B_svc,2,0.274588288974806,15,0.27506949632831795,WLS,127,0.00048120735351192545
2,UPFC_Vsh,5-15,1.104592198266187,15,1.1067658160001017,WLS,127,0.002173617733914668
3,UPFC_tsh,5-15,-0.22955659296181036,15,-0.22954725017367336,WLS,127,9.342788136995628e-06
4,UPFC_Vse,5-15,0.0603052733659768,15,0.06084087486785218,WLS,127,0.0005356015018753851
5,UPFC_tse,5-15,-2.14240596293783,15,-2.145496246489067,WLS,127,0.003090283551236972
0,x_tcsc,1-14,-0.1344164028893805,16,-0.13433821545917096,WLS,127,7.8187430209542e-05
1,B_svc,2,0.2751857958319431,16,0.27506949632831795,WLS,127,0.00011629950362512798
2,UPFC_Vsh,5-15,1.104415253106303,16,1.1067658160001017,WLS,127,0.0023505628937987577
3,UPFC_tsh,5-15,-0.2297073046247564,16,-0.22954725017367336,WLS,127,0.00016005445108302485
4,UPFC_Vse,5-15,0.0600067780784694,16,0.06084087486785218,WLS,127,0.0008340967893827808
5,UPFC_tse,5-15,-2.146589687451802,16,-2.145496246489067,WLS,127,0.0010934409627347819
0,x_tcsc,1-14,-0.13441662193906828,17,-0.13433821545917096,WLS,127,7.840647989731941e-05
1,B_svc,2,0.27525929221079226,17,0.27506949632831795,WLS,127,0.00018979588247430845
2,UPFC_Vsh,5-15,1.1042489516797496,17,1.1067658160001017,WLS,127,0.0025168643203521412
3,UPFC_tsh,5-15,-0.22967901826631934,17,-0.22954725017367336,WLS,127,0.00013176809264597855
4,UPFC_Vse,5-15,0.060126571741313924,17,0.06084087486785218,WLS,127,0.0007143031265382585
5,UPFC_tse,5-15,-2.1455362648692256,17,-2.145496246489067,WLS,127,4.001838015854631e-05
0,x_tcsc,1-14,-0.1344200737614556,18,-0.13433821545917096,WLS,127,8.185830228463198e-05
1,B_svc,2,0.2750388790628965,18,0.27506949632831795,WLS,127,3.061726542147314e-05
2,UPFC_Vsh,5-15,1.1047436402498882,18,1.1067658160001017,WLS,127,0.002022175750213462
3,UPFC_tsh,5-15,-0.22957415849004031,18,-0.22954725017367336,WLS,127,2.6908316366952567e-05
4,UPFC_Vse,5-15,0.060491462147953694,18,0.06084087486785218,WLS,127,0.0003494127198984884
5,UPFC_tse,5-15,-2.143084894550044,18,-2.145496246489067,WLS,127,0.0024113519390231986
0,x_tcsc,1-14,-0.1344098060055793,19,-0.13433821545917096,WLS,127,7.15905464083455e-05
1,B_svc,2,0.2749280555307564,19,0.27506949632831795,WLS,127,0.00014144079756156502
2,UPFC_Vsh,5-15,1.10412852301831,19,1.1067658160001017,WLS,127,0.002637292981791717
3,UPFC_tsh,5-15,-0.2296759192413998,19,-0.22954725017367336,WLS,127,0.0001286690677264335
4,UPFC_Vse,5-15,0.06026048343317404,19,0.06084087486785218,WLS,127,0.0005803914346781403
5,UPFC_tse,5-15,-2.1468057825446767,19,-2.145496246489067,WLS,127,0.0013095360556096836
0,x_tcsc,1-14,-0.1344186662857839,20,-0.13433821545917096,WLS,127,8.045082661292668e-05
1,B_svc,2,0.2753152417617579,20,0.27506949632831795,WLS,127,0.00024574543343997
2,UPFC_Vsh,5-15,1.1042929571082933,20,1.1067658160001017,WLS,127,0.0024728588918083716
3,UPFC_tsh,5-15,-0.2297080719243972,20,-0.22954725017367336,WLS,127,0.00016082175072384963
4,UPFC_Vse,5-15,0.06031443005374385,20,0.06084087486785218,WLS,127,0.0005264448141083303
5,UPFC_tse,5-15,-2.144399648599625,20,-2.145496246489067,WLS,127,0.0010965978894419415
0,x_tcsc,1-14,-0.1344064234081293,21,-0.13433821545917096,WLS,127,6.820794895834315e-05
1,B_svc,2,0.2749289675806493,21,0.27506949632831795,WLS,127,0.00014052874766867784
2,UPFC_Vsh,5-15,1.1043364066872046,21,1.1067658160001017,WLS,127,0.002429409312897146
3,UPFC_tsh,5-15,-0.22966287982734548,21,-0.22954725017367336,WLS,127,0.00011562965367212241
4,UPFC_Vse,5-15,0.06047891090683364,21,0.06084087486785218,WLS,127,0.0003619639610185424
5,UPFC_tse,5-15,-2.147297261365371,21,-2.145496246489067,WLS,127,0.00180101487630413
0,x_tcsc,1-14,-0.13441195764903646,22,-0.13433821545917096,WLS,127,7.374218986549996e-05
1,B_svc,2,0.2749548177103503,22,0.27506949632831795,WLS,127,0.00011467861796765622
2,UPFC_Vsh,5-15,1.1046597464167383,22,1.1067658160001017,WLS,127,0.002106069583363457
3,UPFC_tsh,5-15,-0.2296000799497675,22,-0.22954725017367336,WLS,127,5.282977609413764e-05
4,UPFC_Vse,5-15,0.0598785295190356,22,0.06084087486785218,WLS,127,0.0009623453488165831
5,UPFC_tse,5-15,-2.146787716527967,22,-2.145496246489067,WLS,127,0.0012914700388999556
0,x_tcsc,1-14,-0.1344004255901359,23,-0.13433821545917096,WLS,127,6.221013096494032e-05
1,B_svc,2,0.27472330081309904,23,0.27506949632831795,WLS,127,0.00034619551521891667
2,UPFC_Vsh,5-15,1.1045842340183034,23,1.1067658160001017,WLS,127,0.0021815819817982973
3,UPFC_tsh,5-15,-0.22961836164355198,23,-0.22954725017367336,WLS,127,7.111146987862083e-05
4,UPFC_Vse,5-15,0.06013827631797168,23,0.06084087486785218,WLS,127,0.000702598549880501
5,UPFC_tse,5-15,-2.143542525956729,23,-2.145496246489067,WLS,127,0.00195372053233811
0,x_tcsc,1-14,-0.13441115644560556,24,-0.13433821545917096,WLS,127,7.294098643459423e-05
1,B_svc,2,0.27504572100649854,24,0.27506949632831795,WLS,127,2.3775321819408113e-05
2,UPFC_Vsh,5-15,1.1041496176267598,24,1.1067658160001017,WLS,127,0.002616198373341927
3,UPFC_tsh,5-15,-0.22974497431033036,24,-0.22954725017367336,WLS,127,0.0001977241366570015
4,UPFC_Vse,5-15,0.06052816475992874,24,0.06084087486785218,WLS,127,0.0003127101079234418
5,UPFC_tse,5-15,-2.1426250094426287,24,-2.145496246489067,WLS,127,0.002871237046438324
0,x_tcsc,1-14,-0.13439943130950788,25,-0.13433821545917096,WLS,127,6.121585033691535e-05
1,B_svc,2,0.27428393599173156,25,0.27506949632831795,WLS,127,0.0007855603365863884
2,UPFC_Vsh,5-15,1.1042932147938413,25,1.1067658160001017,WLS,127,0.002472601206260361
3,UPFC_tsh,5-15,-0.22968888545935398,25,-0.22954725017367336,WLS,127,0.00014163528568061912
4,UPFC_Vse,5-15,0.06013043741722464,25,0.06084087486785218,WLS,127,0.0007104374506275435
5,UPFC_tse,5-15,-2.147258402680846,25,-2.145496246489067,WLS,127,0.0017621561917788853
0,x_tcsc,1-14,-0.13439986933587542,26,-0.13433821545917096,WLS,127,6.165387670445388e-05
1,B_svc,2,0.27468829339712114,26,0.27506949632831795,WLS,127,0.00038120293119681126
2,UPFC_Vsh,5-15,1.1046869659723235,26,1.1067658160001017,WLS,127,0.0020788500277781896
3,UPFC_tsh,5-15,-0.22963301859670146,26,-0.22954725017367336,WLS,127,8.576842302809862e-05
4,UPFC_Vse,5-15,0.060251490299846104,26,0.06084087486785218,WLS,127,0.000589384568006078
5,UPFC_tse,5-15,-2.1474719783983995,26,-2.145496246489067,WLS,127,0.0019757319093325343
0,x_tcsc,1-14,-0.1344147638983047,27,-0.13433821545917096,WLS,127,7.654843913373899e-05
1,B_svc,2,0.2749365804336077,27,0.27506949632831795,WLS,127,0.00013291589471026155
2,UPFC_Vsh,5-15,1.1042866746171294,27,1.1067658160001017,WLS,127,0.0024791413829723385
3,UPFC_tsh,5-15,-0.22960717208641832,27,-0.22954725017367336,WLS,127,5.992191274495351e-05
4,UPFC_Vse,5-15,0.06003657182116734,27,0.06084087486785218,WLS,127,0.0008043030466848428
5,UPFC_tse,5-15,-2.14523966923831,27,-2.145496246489067,WLS,127,0.0002565772507567843
0,x_tcsc,1-14,-0.13442649265763218,28,-0.13433821545917096,WLS,127,8.82771984612174e-05
1,B_svc,2,0.27494754564424595,28,0.27506949632831795,WLS,127,0.00012195068407200305
2,UPFC_Vsh,5-15,1.1045189653033711,28,1.1067658160001017,WLS,127,0.0022468506967305846
3,UPFC_tsh,5-15,-0.22958677935224656,28,-0.22954725017367336,WLS,127,3.952917857319438e-05
4,UPFC_Vse,5-15,0.06043231428655016,28,0.06084087486785218,WLS,127,0.00040856058130202266
5,UPFC_tse,5-15,-2.1447283660980454,28,-2.145496246489067,WLS,127,0.0007678803910216025
0,x_tcsc,1-14,-0.13441056425739517,29,-0.13433821545917096,WLS,127,7.234879822420881e-05
1,B_svc,2,0.2750588661838185,29,0.27506949632831795,WLS,127,1.063014449947941e-05
2,UPFC_Vsh,5-15,1.1040470402279134,29,1.1067658160001017,WLS,127,0.0027187757721882644
3,UPFC_tsh,5-15,-0.22971660859742998,29,-0.22954725017367336,WLS,127,0.00016935842375662147
4,UPFC_Vse,5-15,0.06013793803902102,29,0.06084087486785218,WLS,127,0.0007029368288311647
5,UPFC_tse,5-15,-2.146065671823437,29,-2.145496246489067,WLS,127,0.0005694253343699884
0,x_tcsc,1-14,-0.13439165821581833,30,-0.13433821545917096,WLS,127,5.3442756647370526e-05
1,B_svc,2,0.27498442717133337,30,0.27506949632831795,WLS,127,8.506915698458517e-05
2,UPFC_Vsh,5-15,1.1048152257271953,30,1.1067658160001017,WLS,127,0.0019505902729064495
3,UPFC_tsh,5-15,-0.22962566275957164,30,-0.22954725017367336,WLS,127,7.841258589827427e-05
4,UPFC_Vse,5-15,0.05999569375424187,30,0.06084087486785218,WLS,127,0.0008451811136103091
5,UPFC_tse,5-15,-2.1459334722029593,30,-2.145496246489067,WLS,127,0.00043722571389226417
0,x_tcsc,1-14,-0.13440470632944504,31,-0.13433821545917096,WLS,127,6.649087027407741e-05
1,B_svc,2,0.27459693954168,31,0.27506949632831795,WLS,127,0.0004725567866379343
2,UPFC_Vsh,5-15,1.104369831126622,31,1.1067658160001017,WLS,127,0.002395984873479806
3,UPFC_tsh,5-15,-0.22964425803834945,31,-0.22954725017367336,WLS,127,9.70078646760908e-05
4,UPFC_Vse,5-15,0.06036489983804196,31,0.06084087486785218,WLS,127,0.0004759750298102203
5,UPFC_tse,5-15,-2.1459810291633588,31,-2.145496246489067,WLS,127,0.0004847826742917505
0,x_tcsc,1-14,-0.1344066534056835,32,-0.13433821545917096,WLS,127,6.843794651253954e-05
1,B_svc,2,0.27471070935683567,32,0.27506949632831795,WLS,127,0.00035878697148228333
2,UPFC_Vsh,5-15,1.10444199845503,32,1.1067658160001017,WLS,127,0.002323817545071716
3,UPFC_tsh,5-15,-0.2297061216500936,32,-0.22954725017367336,WLS,127,0.00015887147642024146
4,UPFC_Vse,5-15,0.06032337775846481,32,0.06084087486785218,WLS,127,0.0005174971093873729
5,UPFC_tse,5-15,-2.144766231496424,32,-2.145496246489067,WLS,127,0.0007300149926430244
0,x_tcsc,1-14,-0.13441906889822183,33,-0.13433821545917096,WLS,127,8.085343905087083e-05
1,B_svc,2,0.27465875090855124,33,0.27506949632831795,WLS,127,0.00041074541976671153
2,UPFC_Vsh,5-15,1.1043777941720818,33,1.1067658160001017,WLS,127,0.002388021828019893
3,UPFC_tsh,5-15,-0.22969614229911828,33,-0.22954725017367336,WLS,127,0.00014889212544491603
4,UPFC_Vse,5-15,0.06001473480269547,33,0.06084087486785218,WLS,127,0.0008261400651567094
5,UPFC_tse,5-15,-2.146709594881803,33,-2.145496246489067,WLS,127,0.0012133483927359023
0,x_tcsc,1-14,-0.13441508706239944,34,-0.13433821545917096,WLS,127,7.68716032284733e-05
1,B_svc,2,0.2751788838218273,34,0.27506949632831795,WLS,127,0.00010938749350936083
2,UPFC_Vsh,5-15,1.1045682100438516,34,1.1067658160001017,WLS,127,0.0021976059562500705
3,UPFC_tsh,5-15,-0.22968524854533237,34,-0.22954725017367336,WLS,127,0.0001379983716590094
4,UPFC_Vse,5-15,0.0602364312646558,34,0.06084087486785218,WLS,127,0.0006044436031963848
5,UPFC_tse,5-15,-2.1476389504643683,34,-2.145496246489067,WLS,127,0.0021427039753012522
0,x_tcsc,1-14,-0.13438536939037551,35,-0.13433821545917096,WLS,127,4.7153931204552135e-05
1,B_svc,2,0.274755963653983,35,0.27506949632831795,WLS,127,0.0003135326743349265
2,UPFC_Vsh,5-15,1.104316867769877,35,1.1067658160001017,WLS,127,0.00244894823022479
3,UPFC_tsh,5-15,-0.22963587608045236,35,-0.22954725017367336,WLS,127,8.862590677899407e-05
4,UPFC_Vse,5-15,0.05997739188625235,35,0.06084087486785218,WLS,127,0.0008634829815998349
5,UPFC_tse,5-15,-2.147559772755352,35,-2.145496246489067,WLS,127,0.0020635262662849208
0,x_tcsc,1-14,-0.13441221733676392,36,-0.13433821545917096,WLS,127,7.400187759296073e-05
1,B_svc,2,0.2747839330105142,36,0.27506949632831795,WLS,127,0.000285563317803772
2,UPFC_Vsh,5-15,1.1041939456485346,36,1.1067658160001017,WLS,127,0.0025718703515671404
3,UPFC_tsh,5-15,-0.22961358024045744,36,-0.22954725017367336,WLS,127,6.63300667840816e-05
4,UPFC_Vse,5-15,0.059739352943353,36,0.06084087486785218,WLS,127,0.0011015219244991797
5,UPFC_tse,5-15,-2.1467435072988112,36,-2.145496246489067,WLS,127,0.001247260809744244
0,x_tcsc,1-14,-0.1344137158746348,37,-0.13433821545917096,WLS,127,7.550041546383612e-05
1,B_svc,2,0.27440750140160536,37,0.27506949632831795,WLS,127,0.0006619949267125946
2,UPFC_Vsh,5-15,1.1044380379115581,37,1.1067658160001017,WLS,127,0.002327778088543564
3,UPFC_tsh,5-15,-0.22966583531600868,37,-0.22954725017367336,WLS,127,0.00011858514233531459
4,UPFC_Vse,5-15,0.06021005821880568,37,0.06084087486785218,WLS,127,0.0006308166490465034
5,UPFC_tse,5-15,-2.1480513621064237,37,-2.145496246489067,WLS,127,0.0025551156173566625
0,x_tcsc,1-14,-0.13442343690220215,38,-0.13433821545917096,WLS,127,8.52214430311915e-05
1,B_svc,2,0.27474556764920427,38,0.27506949632831795,WLS,127,0.00032392867911368306
2,UPFC_Vsh,5-15,1.1044714214245148,38,1.1067658160001017,WLS,127,0.002294394575586889
3,UPFC_tsh,5-15,-0.22965187858646888,38,-0.22954725017367336,WLS,127,0.00010462841279551549
4,UPFC_Vse,5-15,0.06030975880989626,38,0.06084087486785218,WLS,127,0.0005311160579559229
5,UPFC_tse,5-15,-2.145891452853409,38,-2.145496246489067,WLS,127,0.00039520636434220435
0,x_tcsc,1-14,-0.13441960963041372,39,-0.13433821545917096,WLS,127,8.139417124275461e-05
1,B_svc,2,0.27439375208190575,39,0.27506949632831795,WLS,127,0.0006757442464122021
2,UPFC_Vsh,5-15,1.1045140718476876,39,1.1067658160001017,WLS,127,0.002251744152414137
3,UPFC_tsh,5-15,-0.22968512645428257,39,-0.22954725017367336,WLS,127,0.00013787628060921153
4,UPFC_Vse,5-15,0.06032399511733484,39,0.06084087486785218,WLS,127,0.0005168797505173406
5,UPFC_tse,5-15,-2.1469243566070872,39,-2.145496246489067,WLS,127,0.0014281101180202427
0,x_tcsc,1-14,-0.13441986102457187,40,-0.13433821545917096,WLS,127,8.164556540091183e-05
1,B_svc,2,0.2746617666700504,40,0.27506949632831795,WLS,127,0.0004077296582675749
2,UPFC_Vsh,5-15,1.1044007422757003,40,1.1067658160001017,WLS,127,0.002365073724401423
3,UPFC_tsh,5-15,-0.229642734557181,40,-0.22954725017367336,WLS,127,9.54843835076491e-05
4,UPFC_Vse,5-15,0.06032960586973368,40,0.06084087486785218,WLS,127,0.0005112689981184998
5,UPFC_tse,5-15,-2.1443697294536874,40,-2.145496246489067,WLS,127,0.0011265170353795817
0,x_tcsc,1-14,-0.1344053992090899,41,-0.13433821545917096,WLS,127,6.718374991893095e-05
1,B_svc,2,0.2747136425954003,41,0.27506949632831795,WLS,127,0.00035585373291763256
2,UPFC_Vsh,5-15,1.1043110910775247,41,1.1067658160001017,WLS,127,0.002454724922577034
3,UPFC_tsh,5-15,-0.22964263846397234,41,-0.22954725017367336,WLS,127,9.53882902989811e-05
4,UPFC_Vse,5-15,0.060158620814112565,41,0.06084087486785218,WLS,127,0.0006822540537396171
5,UPFC_tse,5-15,-2.146681488331505,41,-2.145496246489067,WLS,127,0.0011852418424380673
0,x_tcsc,1-14,-0.13440803477815066,42,-0.13433821545917096,WLS,127,6.98193189797025e-05
1,B_svc,2,0.27468010225066714,42,0.27506949632831795,WLS,127,0.00038939407765081757
2,UPFC_Vsh,5-15,1.1046398500248096,42,1.1067658160001017,WLS,127,0.0021259659752921323
3,UPFC_tsh,5-15,-0.22961191946742035,42,-0.22954725017367336,WLS,127,6.466929374698838e-05
4,UPFC_Vse,5-15,0.06029169813555988,42,0.06084087486785218,WLS,127,0.0005491767322923016
5,UPFC_tse,5-15,-2.1453822622299383,42,-2.145496246489067,WLS,127,0.00011398425912867438
0,x_tcsc,1-14,-0.1343990350968685,43,-0.13433821545917096,WLS,127,6.0819637697551165e-05
1,B_svc,2,0.27492097300469104,43,0.27506949632831795,WLS,127,0.00014852332362691456
2,UPFC_Vsh,5-15,1.1047007533826836,43,1.1067658160001017,WLS,127,0.002065062617418123
3,UPFC_tsh,5-15,-0.229630598906691,43,-0.22954725017367336,WLS,127,8.334873301762968e-05
4,UPFC_Vse,5-15,0.059837016408786727,43,0.06084087486785218,WLS,127,0.0010038584590654556
5,UPFC_tse,5-15,-2.1457703617178026,43,-2.145496246489067,WLS,127,0.0002741152287355497
0,x_tcsc,1-14,-0.13443677991835473,44,-0.13433821545917096,WLS,127,9.856445918376977e-05
1,B_svc,2,0.27473970033728107,44,0.27506949632831795,WLS,127,0.0003297959910368853
2,UPFC_Vsh,5-15,1.1044970741095992,44,1.1067658160001017,WLS,127,0.0022687418905025236
3,UPFC_tsh,5-15,-0.22959978247822704,44,-0.22954725017367336,WLS,127,5.253230455368185e-05
4,UPFC_Vse,5-15,0.06027050164990719,44,0.06084087486785218,WLS,127,0.0005703732179449944
5,UPFC_tse,5-15,-2.142952073786671,44,-2.145496246489067,WLS,127,0.0025441727023958194
0,x_tcsc,1-14,-0.13441880294126485,45,-0.13433821545917096,WLS,127,8.058748209388567e-05
1,B_svc,2,0.2744873838766456,45,0.27506949632831795,WLS,127,0.0005821124516723342
2,UPFC_Vsh,5-15,1.1047321990314702,45,1.1067658160001017,WLS,127,0.0020336169686314687
3,UPFC_tsh,5-15,-0.22966145479652436,45,-0.22954725017367336,WLS,127,0.00011420462285099964
4,UPFC_Vse,5-15,0.05999056766907703,45,0.06084087486785218,WLS,127,0.0008503071987751507
5,UPFC_tse,5-15,-2.148206033123895,45,-2.145496246489067,WLS,127,0.0027097866348277933
0,x_tcsc,1-14,-0.13442133265993197,46,-0.13433821545917096,WLS,127,8.311720076101259e-05
1,B_svc,2,0.27476859773190915,46,0.27506949632831795,WLS,127,0.0003008985964088051
2,UPFC_Vsh,5-15,1.1043482515165954,46,1.1067658160001017,WLS,127,0.0024175644835062737
3,UPFC_tsh,5-15,-0.22963606727105287,46,-0.22954725017367336,WLS,127,8.881709737951216e-05
4,UPFC_Vse,5-15,0.060253489382302634,46,0.06084087486785218,WLS,127,0.0005873854855495478
5,UPFC_tse,5-15,-2.143335877182175,46,-2.145496246489067,WLS,127,0.002160369306892118
0,x_tcsc,1-14,-0.13439972502688996,47,-0.13433821545917096,WLS,127,6.150956771899807e-05
1,B_svc,2,0.2747419112518372,47,0.27506949632831795,WLS,127,0.00032758507648072976
2,UPFC_Vsh,5-15,1.1044130167879245,47,1.1067658160001017,WLS,127,0.0023527992121772368
3,UPFC_tsh,5-15,-0.22960388140135018,47,-0.22954725017367336,WLS,127,5.663122767682327e-05
4,UPFC_Vse,5-15,0.059760407732018794,47,0.06084087486785218,WLS,127,0.0010804671358333878
5,UPFC_tse,5-15,-2.1470411797972653,47,-2.145496246489067,WLS,127,0.0015449333081982708
0,x_tcsc,1-14,-0.1344038524810002,48,-0.13433821545917096,WLS,127,6.563702182924014e-05
1,B_svc,2,0.27487333703810823,48,0.27506949632831795,WLS,127,0.00019615929020971867
2,UPFC_Vsh,5-15,1.1048190493308465,48,1.1067658160001017,WLS,127,0.0019467666692551955
3,UPFC_tsh,5-15,-0.2296597106605091,48,-0.22954725017367336,WLS,127,0.00011246048683574705
4,UPFC_Vse,5-15,0.060433655959220005,48,0.06084087486785218,WLS,127,0.0004072189086321773
5,UPFC_tse,5-15,-2.1464784823623675,48,-2.145496246489067,WLS,127,0.0009822358733004855
0,x_tcsc,1-14,-0.13441796729245026,49,-0.13433821545917096,WLS,127,7.975183327929569e-05
1,B_svc,2,0.27457940327185676,49,0.27506949632831795,WLS,127,0.0004900930564611938
2,UPFC_Vsh,5-15,1.1042723641696088,49,1.1067658160001017,WLS,127,0.0024934518304928766
3,UPFC_tsh,5-15,-0.2296961473433242,49,-0.22954725017367336,WLS,127,0.0001488971696508301
4,UPFC_Vse,5-15,0.06026775504089391,49,0.06084087486785218,WLS,127,0.0005731198269582696
5,UPFC_tse,5-15,-2.1448461038804276,49,-2.145496246489067,WLS,127,0.0006501426086393813
0,x_tcsc,1-14,-0.13441933011610305,50,-0.13433821545917096,WLS,127,8.11146569320853e-05
1,B_svc,2,0.2748705858023383,50,0.27506949632831795,WLS,127,0.00019891052597964531
2,UPFC_Vsh,5-15,1.1046255717931253,50,1.1067658160001017,WLS,127,0.0021402442069764493
3,UPFC_tsh,5-15,-0.22966283748746552,50,-0.22954725017367336,WLS,127,0.00011558731379215925
4,UPFC_Vse,5-15,0.060381042470449425,50,0.06084087486785218,WLS,127,0.00045983239740275683
5,UPFC_tse,5-15,-2.1463276418209007,50,-2.145496246489067,WLS,127,0.0008313953318337397
0,x_tcsc,1-14,-0.13440632993716214,51,-0.13433821545917096,WLS,127,6.811447799118242e-05
1,B_svc,2,0.27479508427417265,51,0.27506949632831795,WLS,127,0.000274412054145301
2,UPFC_Vsh,5-15,1.1043069110792902,51,1.1067658160001017,WLS,127,0.0024589049208114666
3,UPFC_tsh,5-15,-0.2296393277060585,51,-0.22954725017367336,WLS,127,9.207753238513194e-05
4,UPFC_Vse,5-15,0.060286020591539924,51,0.06084087486785218,WLS,127,0.0005548542763122583
5,UPFC_tse,5-15,-2.144624461417265,51,-2.145496246489067,WLS,127,0.000871785071801856
0,x_tcsc,1-14,-0.13440158848119457,52,-0.13433821545917096,WLS,127,6.337302202361061e-05
1,B_svc,2,0.2753446623449128,52,0.27506949632831795,WLS,127,0.00027516601659483
2,UPFC_Vsh,5-15,1.1044036257126117,52,1.1067658160001017,WLS,127,0.0023621902874899625
3,UPFC_tsh,5-15,-0.22969265205740533,52,-0.22954725017367336,WLS,127,0.00014540188373196594
4,UPFC_Vse,5-15,0.06012876304878414,52,0.06084087486785218,WLS,127,0.0007121118190680439
5,UPFC_tse,5-15,-2.1487896752147053,52,-2.145496246489067,WLS,127,0.0032934287256383143
0,x_tcsc,1-14,-0.13440351544597665,53,-0.13433821545917096,WLS,127,6.529998680568361e-05
1,B_svc,2,0.2748025788283604,53,0.27506949632831795,WLS,127,0.000266917499957553
2,UPFC_Vsh,5-15,1.1045371404748119,53,1.1067658160001017,WLS,127,0.002228675525289825
3,UPFC_tsh,5-15,-0.22960741230461915,53,-0.22954725017367336,WLS,127,6.016213094578449e-05
4,UPFC_Vse,5-15,0.060088149731179846,53,0.06084087486785218,WLS,127,0.0007527251366723359
5,UPFC_tse,5-15,-2.147889252634266,53,-2.145496246489067,WLS,127,0.002393006145199106
0,x_tcsc,1-14,-0.13439705541101138,54,-0.13433821545917096,WLS,127,5.8839951840417015e-05
1,B_svc,2,0.27503617296034183,54,0.27506949632831795,WLS,127,3.3323367976123563e-05
2,UPFC_Vsh,5-15,1.104240950230199,54,1.1067658160001017,WLS,127,0.002524865769902629
3,UPFC_tsh,5-15,-0.22968861932150053,54,-0.22954725017367336,WLS,127,0.00014136914782716947
4,UPFC_Vse,5-15,0.060523075402477505,54,0.06084087486785218,WLS,127,0.00031779946537467685
5,UPFC_tse,5-15,-2.145203218007285,54,-2.145496246489067,WLS,127,0.00029302848178192065
0,x_tcsc,1-14,-0.13442610190295842,55,-0.13433821545917096,WLS,127,8.788644378746047e-05
1,B_svc,2,0.2748777221105771,55,0.27506949632831795,WLS,127,0.0001917742177408588
2,UPFC_Vsh,5-15,1.1044901630174337,55,1.1067658160001017,WLS,127,0.002275652982667964
3,UPFC_tsh,5-15,-0.22961890168429547,55,-0.22954725017367336,WLS,127,7.165151062210606e-05
4,UPFC_Vse,5-15,0.06021022582796577,55,0.06084087486785218,WLS,127,0.0006306490398864106
5,UPFC_tse,5-15,-2.146186483403964,55,-2.145496246489067,WLS,127,0.0006902369148971133
0,x_tcsc,1-14,-0.13441371671462427,56,-0.13433821545917096,WLS,127,7.5501255453303e-05
1,B_svc,2,0.27474564958227915,56,0.27506949632831795,WLS,127,0.0003238467460388028
2,UPFC_Vsh,5-15,1.1047236525395911,56,1.1067658160001017,WLS,127,0.00204216346051056
3,UPFC_tsh,5-15,-0.22956914103687137,56,-0.22954725017367336,WLS,127,2.1890863198009702e-05
4,UPFC_Vse,5-15,0.0599292273098812,56,0.06084087486785218,WLS,127,0.0009116475579709835
5,UPFC_tse,5-15,-2.1436646085696793,56,-2.145496246489067,WLS,127,0.0018316379193876742
0,x_tcsc,1-14,-0.13441208078173,57,-0.13433821545917096,WLS,127,7.386532255904132e-05
1,B_svc,2,0.27467238970061475,57,0.27506949632831795,WLS,127,0.00039710662770320315
2,UPFC_Vsh,5-15,1.1047676065281282,57,1.1067658160001017,WLS,127,0.001998209471973489
3,UPFC_tsh,5-15,-0.2296279997650159,57,-0.22954725017367336,WLS,127,8.074959134254933e-05
4,UPFC_Vse,5-15,0.06014521586966642,57,0.06084087486785218,WLS,127,0.000695658998185765
5,UPFC_tse,5-15,-2.1440491489247675,57,-2.145496246489067,WLS,127,0.0014470975642995043
0,x_tcsc,1-14,-0.13439513190205488,58,-0.13433821545917096,WLS,127,5.6916442883914176e-05
1,B_svc,2,0.2745057683396428,58,0.27506949632831795,WLS,127,0.0005637279886751556
2,UPFC_Vsh,5-15,1.1046415572861283,58,1.1067658160001017,WLS,127,0.0021242587139733704
3,UPFC_tsh,5-15,-0.22964861554482463,58,-0.22954725017367336,WLS,127,0.00010136537115126854
4,UPFC_Vse,5-15,0.05969926061976316,58,0.06084087486785218,WLS,127,0.0011416142480890207
5,UPFC_tse,5-15,-2.147650519388762,58,-2.145496246489067,WLS,127,0.0021542728996948313
0,x_tcsc,1-14,-0.1344204153622736,59,-0.13433821545917096,WLS,127,8.219990310262548e-05
1,B_svc,2,0.2748811512571023,59,0.27506949632831795,WLS,127,0.00018834507121567867
2,UPFC_Vsh,5-15,1.1047728743188134,59,1.1067658160001017,WLS,127,0.001992941681288274
3,UPFC_tsh,5-15,-0.22963456589193418,59,-0.22954725017367336,WLS,127,8.731571826081641e-05
4,UPFC_Vse,5-15,0.06031811334218138,59,0.06084087486785218,WLS,127,0.0005227615256708021
5,UPFC_tse,5-15,-2.14924818985167,59,-2.145496246489067,WLS,127,0.003751943362602983
0,x_tcsc,1-14,-0.13439730326286628,60,-0.13433821545917096,WLS,127,5.9087803695317964e-05
1,B_svc,2,0.2746999389546096,60,0.27506949632831795,WLS,127,0.0003695573737083624
2,UPFC_Vsh,5-15,1.1042132422870106,60,1.1067658160001017,WLS,127,0.002552573713091144
3,UPFC_tsh,5-15,-0.22973688377537088,60,-0.22954725017367336,WLS,127,0.00018963360169751975
4,UPFC_Vse,5-15,0.0603222602408936,60,0.06084087486785218,WLS,127,0.0005186146269585828
5,UPFC_tse,5-15,-2.146162612009906,60,-2.145496246489067,WLS,127,0.0006663655208392072
0,x_tcsc,1-14,-0.13442807116349434,61,-0.13433821545917096,WLS,127,8.98557043233772e-05
1,B_svc,2,0.27502635609261483,61,0.27506949632831795,WLS,127,4.3140235703120755e-05
2,UPFC_Vsh,5-15,1.1042866524083121,61,1.1067658160001017,WLS,127,0.0024791635917895682
3,UPFC_tsh,5-15,-0.2296808811438974,61,-0.22954725017367336,WLS,127,0.0001336309702240357
4,UPFC_Vse,5-15,0.060001819322932366,61,0.06084087486785218,WLS,127,0.0008390555449198159
5,UPFC_tse,5-15,-2.14769508209477,61,-2.145496246489067,WLS,127,0.002198835605702776
0,x_tcsc,1-14,-0.13439519555374418,62,-0.13433821545917096,WLS,127,5.6980094573222395e-05
1,B_svc,2,0.274999401569496,62,0.27506949632831795,WLS,127,7.009475882197025e-05
2,UPFC_Vsh,5-15,1.104400026702894,62,1.1067658160001017,WLS,127,0.0023657892972077654
3,UPFC_tsh,5-15,-0.22967336027182883,62,-0.22954725017367336,WLS,127,0.00012611009815546859
4,UPFC_Vse,5-15,0.05997412103070245,62,0.06084087486785218,WLS,127,0.0008667538371497294
5,UPFC_tse,5-15,-2.146724986760779,62,-2.145496246489067,WLS,127,0.0012287402717121587
0,x_tcsc,1-14,-0.13440761269960755,63,-0.13433821545917096,WLS,127,6.939724043658613e-05
1,B_svc,2,0.27473082643311597,63,0.27506949632831795,WLS,127,0.00033866989520198176
2,UPFC_Vsh,5-15,1.1047061217351866,63,1.1067658160001017,WLS,127,0.002059694264915146
3,UPFC_tsh,5-15,-0.22966686695389896,63,-0.22954725017367336,WLS,127,0.00011961678022559541
4,UPFC_Vse,5-15,0.060409798137265054,63,0.06084087486785218,WLS,127,0.000431076730587128
5,UPFC_tse,5-15,-2.142898636224868,63,-2.145496246489067,WLS,127,0.002597610264198913
0,x_tcsc,1-14,-0.13441007582278713,64,-0.13433821545917096,WLS,127,7.186036361617187e-05
1,B_svc,2,0.27488752775913855,64,0.27506949632831795,WLS,127,0.00018196856917940263
2,UPFC_Vsh,5-15,1.1045173638121255,64,1.1067658160001017,WLS,127,0.002248452187976202
3,UPFC_tsh,5-15,-0.22966357881464206,64,-0.22954725017367336,WLS,127,0.00011632864096869366
4,UPFC_Vse,5-15,0.06024377590802279,64,0.06084087486785218,WLS,127,0.0005970989598293938
5,UPFC_tse,5-15,-2.143056038898098,64,-2.145496246489067,WLS,127,0.002440207590968857
0,x_tcsc,1-14,-0.13442662845698666,65,-0.13433821545917096,WLS,127,8.841299781570111e-05
1,B_svc,2,0.275028660616973,65,0.27506949632831795,WLS,127,4.0835711344944237e-05
2,UPFC_Vsh,5-15,1.1042398234686428,65,1.1067658160001017,WLS,127,0.0025259925314589093
3,UPFC_tsh,5-15,-0.22972681869720743,65,-0.22954725017367336,WLS,127,0.00017956852353406827
4,UPFC_Vse,5-15,0.060169588390800235,65,0.06084087486785218,WLS,127,0.0006712864770519467
5,UPFC_tse,5-15,-2.147181173984893,65,-2.145496246489067,WLS,127,0.0016849274958259386
0,x_tcsc,1-14,-0.1344071300273386,66,-0.13433821545917096,WLS,127,6.891456816762731e-05
1,B_svc,2,0.2752270856564273,66,0.27506949632831795,WLS,127,0.00015758932810933102
2,UPFC_Vsh,5-15,1.1045977164106575,66,1.1067658160001017,WLS,127,0.0021680995894441946
3,UPFC_tsh,5-15,-0.229695817771509,66,-0.22954725017367336,WLS,127,0.00014856759783563045
4,UPFC_Vse,5-15,0.059749209566765354,66,0.06084087486785218,WLS,127,0.0010916653010868277
5,UPFC_tse,5-15,-2.1420469553671837,66,-2.145496246489067,WLS,127,0.0034492911218833022
0,x_tcsc,1-14,-0.13440012532394402,67,-0.13433821545917096,WLS,127,6.19098647730576e-05
1,B_svc,2,0.27541001238736385,67,0.27506949632831795,WLS,127,0.0003405160590458922
2,UPFC_Vsh,5-15,1.1045180381130242,67,1.1067658160001017,WLS,127,0.002247777887077529
3,UPFC_tsh,5-15,-0.22960885041382773,67,-0.22954725017367336,WLS,127,6.16002401543636e-05
4,UPFC_Vse,5-15,0.05992074719130476,67,0.06084087486785218,WLS,127,0.000920127676547422
5,UPFC_tse,5-15,-2.143794334913267,67,-2.145496246489067,WLS,127,0.0017019115757999081
0,x_tcsc,1-14,-0.1344216054826642,68,-0.13433821545917096,WLS,127,8.339002349325164e-05
1,B_svc,2,0.27498373803553544,68,0.27506949632831795,WLS,127,8.575829278251179e-05
2,UPFC_Vsh,5-15,1.104547286616223,68,1.1067658160001017,WLS,127,0.0022185293838787867
3,UPFC_tsh,5-15,-0.22965577135023973,68,-0.22954725017367336,WLS,127,0.00010852117656637295
4,UPFC_Vse,5-15,0.06021494823088693,68,0.06084087486785218,WLS,127,0.0006259266369652502
5,UPFC_tse,5-15,-2.1486365904736777,68,-2.145496246489067,WLS,127,0.003140343984610716
0,x_tcsc,1-14,-0.134412207750926,69,-0.13433821545917096,WLS,127,7.399229175503175e-05
1,B_svc,2,0.2743749291862476,69,0.27506949632831795,WLS,127,0.0006945671420703348
2,UPFC_Vsh,5-15,1.10452322263813,69,1.1067658160001017,WLS,127,0.0022425933619716343
3,UPFC_tsh,5-15,-0.2296400732143841,69,-0.22954725017367336,WLS,127,9.282304071073222e-05
4,UPFC_Vse,5-15,0.06051622380948941,69,0.06084087486785218,WLS,127,0.00032465105836277514
5,UPFC_tse,5-15,-2.146511146919727,69,-2.145496246489067,WLS,127,0.0010149004306598819
0,x_tcsc,1-14,-0.13440820068553155,70,-0.13433821545917096,WLS,127,6.998522636059157e-05
1,B_svc,2,0.27451752434905263,70,0.27506949632831795,WLS,127,0.0005519719792653199
2,UPFC_Vsh,5-15,1.1045160914043235,70,1.1067658160001017,WLS,127,0.002249724595778213
3,UPFC_tsh,5-15,-0.22961942938034632,70,-0.22954725017367336,WLS,127,7.217920667296207e-05
4,UPFC_Vse,5-15,0.059749229022446865,70,0.06084087486785218,WLS,127,0.0010916458454053174
5,UPFC_tse,5-15,-2.1452786584117027,70,-2.145496246489067,WLS,127,0.00021758807736427244
0,x_tcsc,1-14,-0.1344011745751193,71,-0.13433821545917096,WLS,127,6.295911594833559e-05
1,B_svc,2,0.27465587764301025,71,0.27506949632831795,WLS,127,0.00041361868530770396
2,UPFC_Vsh,5-15,1.104204885068207,71,1.1067658160001017,WLS,127,0.0025609309318948004
3,UPFC_tsh,5-15,-0.22961161140840092,71,-0.22954725017367336,WLS,127,6.436123472755573e-05
4,UPFC_Vse,5-15,0.05996812343411036,71,0.06084087486785218,WLS,127,0.0008727514337418252
5,UPFC_tse,5-15,-2.147015333121615,71,-2.145496246489067,WLS,127,0.0015190866325478503
0,x_tcsc,1-14,-0.13442842270558547,72,-0.13433821545917096,WLS,127,9.020724641450872e-05
1,B_svc,2,0.27515731220262296,72,0.27506949632831795,WLS,127,8.781587430500837e-05
2,UPFC_Vsh,5-15,1.1042136049127567,72,1.1067658160001017,WLS,127,0.0025522110873450465
3,UPFC_tsh,5-15,-0.22970133649389374,72,-0.22954725017367336,WLS,127,0.00015408632022037572
4,UPFC_Vse,5-15,0.0602452275899706,72,0.06084087486785218,WLS,127,0.0005956472778815836
5,UPFC_tse,5-15,-2.1469939844562975,72,-2.145496246489067,WLS,127,0.0014977379672305169
0,x_tcsc,1-14,-0.13441690364143968,73,-0.13433821545917096,WLS,127,7.868818226872132e-05
1,B_svc,2,0.27472921112496573,73,0.27506949632831795,WLS,127,0.0003402852033522197
2,UPFC_Vsh,5-15,1.1044749596377916,73,1.1067658160001017,WLS,127,0.0022908563623100786
3,UPFC_tsh,5-15,-0.22955203819764028,73,-0.22954725017367336,WLS,127,4.788023966917354e-06
4,UPFC_Vse,5-15,0.059862599671234945,73,0.06084087486785218,WLS,127,0.000978275196617237
5,UPFC_tse,5-15,-2.1472974258062854,73,-2.145496246489067,WLS,127,0.0018011793172183488
0,x_tcsc,1-14,-0.13440850635168577,74,-0.13433821545917096,WLS,127,7.029089251481269e-05
1,B_svc,2,0.27520315563261893,74,0.27506949632831795,WLS,127,0.0001336593043009815
2,UPFC_Vsh,5-15,1.1041985520293476,74,1.1067658160001017,WLS,127,0.00256726397075413
3,UPFC_tsh,5-15,-0.22965906319541526,74,-0.22954725017367336,WLS,127,0.00011181302174190222
4,UPFC_Vse,5-15,0.060547314801092884,74,0.06084087486785218,WLS,127,0.00029356006675929774
5,UPFC_tse,5-15,-2.1454264657827715,74,-2.145496246489067,WLS,127,6.978070629548583e-05
0,x_tcsc,1-14,-0.1344172128904065,75,-0.13433821545917096,WLS,127,7.899743123554459e-05
1,B_svc,2,0.2747539033752269,75,0.27506949632831795,WLS,127,0.0003155929530910262
2,UPFC_Vsh,5-15,1.1045860532609493,75,1.1067658160001017,WLS,127,0.0021797627391524355
3,UPFC_tsh,5-15,-0.2295989160351485,75,-0.22954725017367336,WLS,127,5.166586147514751e-05
4,UPFC_Vse,5-15,0.06045167350174124,75,0.06084087486785218,WLS,127,0.0003892013661109389
5,UPFC_tse,5-15,-2.1410453346929303,75,-2.145496246489067,WLS,127,0.0044509117961366584
0,x_tcsc,1-14,-0.13439329733323174,76,-0.13433821545917096,WLS,127,5.508187406078058e-05
1,B_svc,2,0.2749227968286701,76,0.27506949632831795,WLS,127,0.000146699499647851
2,UPFC_Vsh,5-15,1.104664585004959,76,1.1067658160001017,WLS,127,0.0021012309951427
3,UPFC_tsh,5-15,-0.2296916232092141,76,-0.22954725017367336,WLS,127,0.0001443730355407402
4,UPFC_Vse,5-15,0.06052693498721697,76,0.06084087486785218,WLS,127,0.0003139398806352098
5,UPFC_tse,5-15,-2.144637955388875,76,-2.145496246489067,WLS,127,0.0008582911001919769
0,x_tcsc,1-14,-0.1344181180073945,77,-0.13433821545917096,WLS,127,7.99025482235427e-05
1,B_svc,2,0.27463814559227534,77,0.27506949632831795,WLS,127,0.00043135073604261276
2,UPFC_Vsh,5-15,1.1043645442194707,77,1.1067658160001017,WLS,127,0.002401271780630987
3,UPFC_tsh,5-15,-0.22965218077059046,77,-0.22954725017367336,WLS,127,0.00010493059691710216
4,UPFC_Vse,5-15,0.059846930866816785,77,0.06084087486785218,WLS,127,0.0009939440010353975
5,UPFC_tse,5-15,-2.14646405269727,77,-2.145496246489067,WLS,127,0.0009678062082030259
0,x_tcsc,1-14,-0.13441428625128926,78,-0.13433821545917096,WLS,127,7.607079211829904e-05
1,B_svc,2,0.27441927485957224,78,0.27506949632831795,WLS,127,0.0006502214687457153
2,UPFC_Vsh,5-15,1.1046046501223985,78,1.1067658160001017,WLS,127,0.0021611658777032083
3,UPFC_tsh,5-15,-0.22963895611607743,78,-0.22954725017367336,WLS,127,9.170594240406893e-05
4,UPFC_Vse,5-15,0.059942272571702794,78,0.06084087486785218,WLS,127,0.0008986022961493881
5,UPFC_tse,5-15,-2.1433827346888172,78,-2.145496246489067,WLS,127,0.0021135118002497677
0,x_tcsc,1-14,-0.13441363382122704,79,-0.13433821545917096,WLS,127,7.541836205607333e-05
1,B_svc,2,0.27463604940229747,79,0.27506949632831795,WLS,127,0.0004334469260204865
2,UPFC_Vsh,5-15,1.1045331862227554,79,1.1067658160001017,WLS,127,0.0022326297773462844
3,UPFC_tsh,5-15,-0.22965158199138458,79,-0.22954725017367336,WLS,127,0.00010433181771121736
4,UPFC_Vse,5-15,0.060106654595991134,79,0.06084087486785218,WLS,127,0.0007342202718610483
5,UPFC_tse,5-15,-2.144967961763781,79,-2.145496246489067,WLS,127,0.0005282847252860989
0,x_tcsc,1-14,-0.1344035520112569,80,-0.13433821545917096,WLS,127,6.53365520859317e-05
1,B_svc,2,0.27474375353993996,80,0.27506949632831795,WLS,127,0.00032574278837799175
2,UPFC_Vsh,5-15,1.104529839129912,80,1.1067658160001017,WLS,127,0.0022359768701896154
3,UPFC_tsh,5-15,-0.22960364748055323,80,-0.22954725017367336,WLS,127,5.6397306879868436e-05
4,UPFC_Vse,5-15,0.05999478363897894,80,0.06084087486785218,WLS,127,0.00084609122887324
5,UPFC_tse,5-15,-2.149248521807332,80,-2.145496246489067,WLS,127,0.0037522753182650526
0,x_tcsc,1-14,-0.13440765236083285,81,-0.13433821545917096,WLS,127,6.94369016618901e-05
1,B_svc,2,0.27461774059348776,81,0.27506949632831795,WLS,127,0.0004517557348301948
2,UPFC_Vsh,5-15,1.1044863021033473,81,1.1067658160001017,WLS,127,0.0022795138967544037
3,UPFC_tsh,5-15,-0.22962179499984045,81,-0.22954725017367336,WLS,127,7.45448261670889e-05
4,UPFC_Vse,5-15,0.060564103532789626,81,0.06084087486785218,WLS,127,0.00027677133506255613
5,UPFC_tse,5-15,-2.141073700290549,81,-2.145496246489067,WLS,127,0.004422546198517896
0,x_tcsc,1-14,-0.13441840546346584,82,-0.13433821545917096,WLS,127,8.019000429487777e-05
1,B_svc,2,0.27486953089809635,82,0.27506949632831795,WLS,127,0.00019996543022160473
2,UPFC_Vsh,5-15,1.104522171310203,82,1.1067658160001017,WLS,127,0.002243644689898794
3,UPFC_tsh,5-15,-0.22963660264232674,82,-0.22954725017367336,WLS,127,8.935246865338087e-05
4,UPFC_Vse,5-15,0.060070964166495926,82,0.06084087486785218,WLS,127,0.0007699107013562564
5,UPFC_tse,5-15,-2.144848683058547,82,-2.145496246489067,WLS,127,0.0006475634305198597
0,x_tcsc,1-14,-0.13441136041513674,83,-0.13433821545917096,WLS,127,7.314495596577597e-05
1,B_svc,2,0.2746193337049501,83,0.27506949632831795,WLS,127,0.0004501626233678335
2,UPFC_Vsh,5-15,1.104516585462213,83,1.1067658160001017,WLS,127,0.0022492305378887245
3,UPFC_tsh,5-15,-0.22963148585901563,83,-0.22954725017367336,WLS,127,8.4235685342271e-05
4,UPFC_Vse,5-15,0.060136271902943454,83,0.06084087486785218,WLS,127,0.0007046029649087279
5,UPFC_tse,5-15,-2.144607096581607,83,-2.145496246489067,WLS,127,0.0008891499074601406
0,x_tcsc,1-14,-0.13440583589850894,84,-0.13433821545917096,WLS,127,6.762043933797313e-05
1,B_svc,2,0.2750405510354704,84,0.27506949632831795,WLS,127,2.894529284752645e-05
2,UPFC_Vsh,5-15,1.1043026717452877,84,1.1067658160001017,WLS,127,0.002463144254813976
3,UPFC_tsh,5-15,-0.22962884974585215,84,-0.22954725017367336,WLS,127,8.15995721787921e-05
4,UPFC_Vse,5-15,0.06022263473546509,84,0.06084087486785218,WLS,127,0.0006182401323870934
5,UPFC_tse,5-15,-2.1426083367510316,84,-2.145496246489067,WLS,127,0.0028879097380354324
0,x_tcsc,1-14,-0.1343832266577623,85,-0.13433821545917096,WLS,127,4.501119859134928e-05
1,B_svc,2,0.2744229910692877,85,0.27506949632831795,WLS,127,0.0006465052590302611
2,UPFC_Vsh,5-15,1.1045071919591347,85,1.1067658160001017,WLS,127,0.0022586240409669944
3,UPFC_tsh,5-15,-0.2296326169771601,85,-0.22954725017367336,WLS,127,8.536680348672498e-05
4,UPFC_Vse,5-15,0.05992377244921594,85,0.06084087486785218,WLS,127,0.0009171024186362398
5,UPFC_tse,5-15,-2.1462975209689428,85,-2.145496246489067,WLS,127,0.0008012744798757687
0,x_tcsc,1-14,-0.13440670117586057,86,-0.13433821545917096,WLS,127,6.848571668960357e-05
1,B_svc,2,0.27486247540331643,86,0.27506949632831795,WLS,127,0.00020702092500152203
2,UPFC_Vsh,5-15,1.1046368420919663,86,1.1067658160001017,WLS,127,0.0021289739081353787
3,UPFC_tsh,5-15,-0.22963497852434414,86,-0.22954725017367336,WLS,127,8.772835067077933e-05
4,UPFC_Vse,5-15,0.060537071585580776,86,0.06084087486785218,WLS,127,0.00030380328227140596
5,UPFC_tse,5-15,-2.1432811654733257,86,-2.145496246489067,WLS,127,0.0022150810157413048
0,x_tcsc,1-14,-0.13440174741977073,87,-0.13433821545917096,WLS,127,6.353196059977195e-05
1,B_svc,2,0.2744958067249789,87,0.27506949632831795,WLS,127,0.0005736896033390337
2,UPFC_Vsh,5-15,1.1045901455971479,87,1.1067658160001017,WLS,127,0.0021756704029538554
3,UPFC_tsh,5-15,-0.2296802139767019,87,-0.22954725017367336,WLS,127,0.00013296380302854627
4,UPFC_Vse,5-15,0.06032178346668898,87,0.06084087486785218,WLS,127,0.0005190914011631992
5,UPFC_tse,5-15,-2.144135792971645,87,-2.145496246489067,WLS,127,0.0013604535174218668
0,x_tcsc,1-14,-0.13441738974900472,88,-0.13433821545917096,WLS,127,7.917428983375552e-05
1,B_svc,2,0.2746104745958566,88,0.27506949632831795,WLS,127,0.00045902173246137323
2,UPFC_Vsh,5-15,1.1042346443357987,88,1.1067658160001017,WLS,127,0.0025311716643030557
3,UPFC_tsh,5-15,-0.22962655842371088,88,-0.22954725017367336,WLS,127,7.930825003751862e-05
4,UPFC_Vse,5-15,0.05989346485599588,88,0.06084087486785218,WLS,127,0.0009474100118563034
5,UPFC_tse,5-15,-2.143723146159493,88,-2.145496246489067,WLS,127,0.0017731003295740067
0,x_tcsc,1-14,-0.13442316730287002,89,-0.13433821545917096,WLS,127,8.495184369905484e-05
1,B_svc,2,0.27490283332515014,89,0.27506949632831795,WLS,127,0.00016666300316781069
2,UPFC_Vsh,5-15,1.1045786879075783,89,1.1067658160001017,WLS,127,0.002187128092523416
3,UPFC_tsh,5-15,-0.2296244488105841,89,-0.22954725017367336,WLS,127,7.719863691074691e-05
4,UPFC_Vse,5-15,0.06021678556179466,89,0.06084087486785218,WLS,127,0.0006240893060575209
5,UPFC_tse,5-15,-2.1453107449605278,89,-2.145496246489067,WLS,127,0.00018550152853924473
0,x_tcsc,1-14,-0.13441559047438142,90,-0.13433821545917096,WLS,127,7.737501521046242e-05
1,B_svc,2,0.27477189948509917,90,0.27506949632831795,WLS,127,0.00029759684321878366
2,UPFC_Vsh,5-15,1.1044005123094227,90,1.1067658160001017,WLS,127,0.0023653036906789993
3,UPFC_tsh,5-15,-0.22966927533239045,90,-0.22954725017367336,WLS,127,0.00012202515871709285
4,UPFC_Vse,5-15,0.0603652006803449,90,0.06084087486785218,WLS,127,0.00047567418750728285
5,UPFC_tse,5-15,-2.145532943347084,90,-2.145496246489067,WLS,127,3.669685801721556e-05
0,x_tcsc,1-14,-0.13440510720740184,91,-0.13433821545917096,WLS,127,6.689174823087951e-05
1,B_svc,2,0.27459476730933596,91,0.27506949632831795,WLS,127,0.0004747290189819897
2,UPFC_Vsh,5-15,1.1045620403224952,91,1.1067658160001017,WLS,127,0.0022037756776065454
3,UPFC_tsh,5-15,-0.2295964046816326,91,-0.22954725017367336,WLS,127,4.9154507959225935e-05
4,UPFC_Vse,5-15,0.05987943190557462,91,0.06084087486785218,WLS,127,0.000961442962277563
5,UPFC_tse,5-15,-2.145749528510937,91,-2.145496246489067,WLS,127,0.00025328202187013815
0,x_tcsc,1-14,-0.13442242739906088,92,-0.13433821545917096,WLS,127,8.42119398899166e-05
1,B_svc,2,0.27411804396191297,92,0.27506949632831795,WLS,127,0.0009514523664049812
2,UPFC_Vsh,5-15,1.1043121932397515,92,1.1067658160001017,WLS,127,0.002453622760350216
3,UPFC_tsh,5-15,-0.22964892206607196,92,-0.22954725017367336,WLS,127,0.00010167189239859709
4,UPFC_Vse,5-15,0.05988213239343074,92,0.06084087486785218,WLS,127,0.0009587424744214451
5,UPFC_tse,5-15,-2.144190296490052,92,-2.145496246489067,WLS,127,0.0013059499990148993
0,x_tcsc,1-14,-0.1343853869610271,93,-0.13433821545917096,WLS,127,4.717150185612473e-05
1,B_svc,2,0.2750204878546875,93,0.27506949632831795,WLS,127,4.9008473630429705e-05
2,UPFC_Vsh,5-15,1.1044333405887683,93,1.1067658160001017,WLS,127,0.0023324754113334123
3,UPFC_tsh,5-15,-0.2296591383717068,93,-0.22954725017367336,WLS,127,0.00011188819803342742
4,UPFC_Vse,5-15,0.06005843801651381,93,0.06084087486785218,WLS,127,0.0007824368513383723
5,UPFC_tse,5-15,-2.1478654597143505,93,-2.145496246489067,WLS,127,0.002369213225283495
0,x_tcsc,1-14,-0.13440317676885802,94,-0.13433821545917096,WLS,127,6.496130968705605e-05
1,B_svc,2,0.27522501239697794,94,0.27506949632831795,WLS,127,0.0001555160686599888
2,UPFC_Vsh,5-15,1.1043846508056299,94,1.1067658160001017,WLS,127,0.002381165194471846
3,UPFC_tsh,5-15,-0.22972075996685232,94,-0.22954725017367336,WLS,127,0.00017350979317895532
4,UPFC_Vse,5-15,0.05997511304980913,94,0.06084087486785218,WLS,127,0.0008657618180430496
5,UPFC_tse,5-15,-2.150131986783369,94,-2.145496246489067,WLS,127,0.0046357402943018045
0,x_tcsc,1-14,-0.13440310129265715,95,-0.13433821545917096,WLS,127,6.488583348618349e-05
1,B_svc,2,0.2750734871631291,95,0.27506949632831795,WLS,127,3.9908348111739045e-06
2,UPFC_Vsh,5-15,1.1043436012274217,95,1.1067658160001017,WLS,127,0.002422214772680009
3,UPFC_tsh,5-15,-0.2296499802429671,95,-0.22954725017367336,WLS,127,0.00010273006929373274
4,UPFC_Vse,5-15,0.060080126632818566,95,0.06084087486785218,WLS,127,0.0007607482350336162
5,UPFC_tse,5-15,-2.146343000525019,95,-2.145496246489067,WLS,127,0.0008467540359520243
0,x_tcsc,1-14,-0.13440864386023568,96,-0.13433821545917096,WLS,127,7.042840106472048e-05
1,B_svc,2,0.27428177542089627,96,0.27506949632831795,WLS,127,0.0007877209074216851
2,UPFC_Vsh,5-15,1.104549031020397,96,1.1067658160001017,WLS,127,0.002216784979704789
3,UPFC_tsh,5-15,-0.22966551323130918,96,-0.22954725017367336,WLS,127,0.00011826305763582012
4,UPFC_Vse,5-15,0.060100325123081035,96,0.06084087486785218,WLS,127,0.0007405497447711476
5,UPFC_tse,5-15,-2.1477574943341198,96,-2.145496246489067,WLS,127,0.0022612478450527718
0,x_tcsc,1-14,-0.1344395643917217,97,-0.13433821545917096,WLS,127,0.00010134893255073218
1,B_svc,2,0.27421944213537053,97,0.27506949632831795,WLS,127,0.0008500541929474248
2,UPFC_Vsh,5-15,1.1042900870291736,97,1.1067658160001017,WLS,127,0.0024757289709280705
3,UPFC_tsh,5-15,-0.22964128896406216,97,-0.22954725017367336,WLS,127,9.40387903888007e-05
4,UPFC_Vse,5-15,0.0602235591078024,97,0.06084087486785218,WLS,127,0.0006173157600497803
5,UPFC_tse,5-15,-2.144138437376229,97,-2.145496246489067,WLS,127,0.0013578091128381153
0,x_tcsc,1-14,-0.13440957669517412,98,-0.13433821545917096,WLS,127,7.136123600315347e-05
1,B_svc,2,0.274577062661638,98,0.27506949632831795,WLS,127,0.0004924336666799478
2,UPFC_Vsh,5-15,1.1042881530431468,98,1.1067658160001017,WLS,127,0.0024776629569549513
3,UPFC_tsh,5-15,-0.2296846257282024,98,-0.22954725017367336,WLS,127,0.00013737555452902894
4,UPFC_Vse,5-15,0.06044769781997924,98,0.06084087486785218,WLS,127,0.0003931770478729432
5,UPFC_tse,5-15,-2.1444406986841082,98,-2.145496246489067,WLS,127,0.0010555478049587563
0,x_tcsc,1-14,-0.13441548870342118,99,-0.13433821545917096,WLS,127,7.727324425021997e-05
1,B_svc,2,0.2743098192908326,99,0.27506949632831795,WLS,127,0.0007596770374853623
2,UPFC_Vsh,5-15,1.1041938500882205,99,1.1067658160001017,WLS,127,0.0025719659118812466
3,UPFC_tsh,5-15,-0.22968347877610298,99,-0.22954725017367336,WLS,127,0.0001362286024296222
4,UPFC_Vse,5-15,0.06002428242335541,99,0.06084087486785218,WLS,127,0.0008165924444967707
5,UPFC_tse,5-15,-2.148698974083496,99,-2.145496246489067,WLS,127,0.003202727594429078
0,x_tcsc,1-14,-0.13335936875005416,0,-0.1332490083638837,WLS,129,0.00011036038617046051
1,B_svc,2,0.2698121854561679,0,0.2703561630907361,WLS,129,0.0005439776345682046
2,UPFC_Vsh,5-15,1.1045404769901612,0,1.1069990654632953,WLS,129,0.0024585884731340713
3,UPFC_tsh,5-15,-0.2307270265415723,0,-0.23061415387708553,WLS,129,0.00011287266448675726
4,UPFC_Vse,5-15,0.060227481476301886,0,0.06069057235679877,WLS,129,0.00046309088049688307
5,UPFC_tse,5-15,-2.1455835760084088,0,-2.148825704264385,WLS,129,0.003242128255976251
0,x_tcsc,1-14,-0.1333217844393009,1,-0.1332490083638837,WLS,129,7.277607541719688e-05
1,B_svc,2,0.26975637239135647,1,0.2703561630907361,WLS,129,0.0005997906993796542
2,UPFC_Vsh,5-15,1.1044971483472155,1,1.1069990654632953,WLS,129,0.0025019171160798326
3,UPFC_tsh,5-15,-0.23065467605146886,1,-0.23061415387708553,WLS,129,4.052217438332839e-05
4,UPFC_Vse,5-15,0.05951126187240555,1,0.06069057235679877,WLS,129,0.001179310484393216
5,UPFC_tse,5-15,-2.146116920750864,1,-2.148825704264385,WLS,129,0.002708783513520885
0,x_tcsc,1-14,-0.13333391766711752,2,-0.1332490083638837,WLS,129,8.490930323382107e-05
1,B_svc,2,0.2702485420193911,2,0.2703561630907361,WLS,129,0.00010762107134504317
2,UPFC_Vsh,5-15,1.1045160091802337,2,1.1069990654632953,WLS,129,0.0024830562830615577
3,UPFC_tsh,5-15,-0.23077188072092553,2,-0.23061415387708553,WLS,129,0.0001577268438399948
4,UPFC_Vse,5-15,0.06038916998062599,2,0.06069057235679877,WLS,129,0.00030140237617277965
5,UPFC_tse,5-15,-2.149032362310796,2,-2.148825704264385,WLS,129,0.00020665804641106789
0,x_tcsc,1-14,-0.13332139312077732,3,-0.1332490083638837,WLS,129,7.238475689361201e-05
1,B_svc,2,0.2698549318098303,3,0.2703561630907361,WLS,129,0.000501231280905845
2,UPFC_Vsh,5-15,1.1044259239779566,3,1.1069990654632953,WLS,129,0.0025731414853387147
3,UPFC_tsh,5-15,-0.2307680464526312,3,-0.23061415387708553,WLS,129,0.0001538925755456555
4,UPFC_Vse,5-15,0.06041559531578293,3,0.06069057235679877,WLS,129,0.0002749770410158392
5,UPFC_tse,5-15,-2.1463839837705403,3,-2.148825704264385,WLS,129,0.0024417204938447234
0,x_tcsc,1-14,-0.13334823646411356,4,-0.1332490083638837,WLS,129,9.922810022985895e-05
1,B_svc,2,0.2697861295097837,4,0.2703561630907361,WLS,129,0.0005700335809524226
2,UPFC_Vsh,5-15,1.1040987347927103,4,1.1069990654632953,WLS,129,0.0029003306705850385
3,UPFC_tsh,5-15,-0.23078210327515616,4,-0.23061415387708553,WLS,129,0.00016794939807063258
4,UPFC_Vse,5-15,0.060216881379815235,4,0.06069057235679877,WLS,129,0.0004736909769835346
5,UPFC_tse,5-15,-2.1484596351920247,4,-2.148825704264385,WLS,129,0.00036606907236036434
0,x_tcsc,1-14,-0.13332830205270896,5,-0.1332490083638837,WLS,129,7.92936888252549e-05
1,B_svc,2,0.2701586162885619,5,0.2703561630907361,WLS,129,0.00019754680217420884
2,UPFC_Vsh,5-15,1.1041444011943913,5,1.1069990654632953,WLS,129,0.002854664268904017
3,UPFC_tsh,5-15,-0.23071860086872667,5,-0.23061415387708553,WLS,129,0.00010444699164113835
4,UPFC_Vse,5-15,0.06039010250165308,5,0.06069057235679877,WLS,129,0.000300469855145688
5,UPFC_tse,5-15,-2.14185966238613,5,-2.148825704264385,WLS,129,0.006966041878254892
0,x_tcsc,1-14,-0.13335417046183504,6,-0.1332490083638837,WLS,129,0.00010516209795133347
1,B_svc,2,0.270056170555874,6,0.2703561630907361,WLS,129,0.00029999253486212574
2,UPFC_Vsh,5-15,1.1044902301752892,6,1.1069990654632953,WLS,129,0.0025088352880060505
3,UPFC_tsh,5-15,-0.23071682409085917,6,-0.23061415387708553,WLS,129,0.00010267021377363683
4,UPFC_Vse,5-15,0.06021758048886846,6,0.06069057235679877,WLS,129,0.00047299186793030995
5,UPFC_tse,5-15,-2.148855957786343,6,-2.148825704264385,WLS,129,3.025352195784592e-05
0,x_tcsc,1-14,-0.13332515074663703,7,-0.1332490083638837,WLS,129,7.61423827533303e-05
1,B_svc,2,0.26992209596636485,7,0.2703561630907361,WLS,129,0.0004340671243712735
2,UPFC_Vsh,5-15,1.104291309647467,7,1.1069990654632953,WLS,129,0.002707755815828383
3,UPFC_tsh,5-15,-0.2307778150244367,7,-0.23061415387708553,WLS,129,0.00016366114735116843
4,UPFC_Vse,5-15,0.06011363663700873,7,0.06069057235679877,WLS,129,0.0005769357197900407
5,UPFC_tse,5-15,-2.1506002771522565,7,-2.148825704264385,WLS,129,0.0017745728878715283
0,x_tcsc,1-14,-0.13333497644647724,8,-0.1332490083638837,WLS,129,8.596808259353494e-05
1,B_svc,2,0.27003488476994714,8,0.2703561630907361,WLS,129,0.0003212783207889869
2,UPFC_Vsh,5-15,1.1041605042395275,8,1.1069990654632953,WLS,129,0.0028385612237677993
3,UPFC_tsh,5-15,-0.23078313802844674,8,-0.23061415387708553,WLS,129,0.00016898415136121225
4,UPFC_Vse,5-15,0.06035309584580698,8,0.06069057235679877,WLS,129,0.0003374765109917868
5,UPFC_tse,5-15,-2.151754508974237,8,-2.148825704264385,WLS,129,0.0029288047098519066
0,x_tcsc,1-14,-0.13333070608750197,9,-0.1332490083638837,WLS,129,8.16977236182681e-05
1,B_svc,2,0.2697730887488892,9,0.2703561630907361,WLS,129,0.0005830743418469009
2,UPFC_Vsh,5-15,1.1043644964054176,9,1.1069990654632953,WLS,129,0.0026345690578777337
3,UPFC_tsh,5-15,-0.23070936292436334,9,-0.23061415387708553,WLS,129,9.520904727780555e-05
4,UPFC_Vse,5-15,0.06017308047437303,9,0.06069057235679877,WLS,129,0.0005174918824257385
5,UPFC_tse,5-15,-2.144991403902895,9,-2.148825704264385,WLS,129,0.0038343003614897953
0,x_tcsc,1-14,-0.13333529340463313,10,-0.1332490083638837,WLS,129,8.628504074942311e-05
1,B_svc,2,0.2704512961543579,10,0.2703561630907361,WLS,129,9.513306362179952e-05
2,UPFC_Vsh,5-15,1.1043456301165082,10,1.1069990654632953,WLS,129,0.002653435346787081
3,UPFC_tsh,5-15,-0.2307114691662526,10,-0.23061415387708553,WLS,129,9.731528916706589e-05
4,UPFC_Vse,5-15,0.06030327562708669,10,0.06069057235679877,WLS,129,0.00038729672971207774
5,UPFC_tse,5-15,-2.149748625007939,10,-2.148825704264385,WLS,129,0.0009229207435539344
0,x_tcsc,1-14,-0.13334067842442096,11,-0.1332490083638837,WLS,129,9.167006053725779e-05
1,B_svc,2,0.2699073356185295,11,0.2703561630907361,WLS,129,0.00044882747220664765
2,UPFC_Vsh,5-15,1.104232808568976,11,1.1069990654632953,WLS,129,0.0027662568943191967
3,UPFC_tsh,5-15,-0.23072413040105244,11,-0.23061415387708553,WLS,129,0.00010997652396690927
4,UPFC_Vse,5-15,0.06032221003980245,11,0.06069057235679877,WLS,129,0.0003683623169963221
5,UPFC_tse,5-15,-2.146147070640588,11,-2.148825704264385,WLS,129,0.0026786336237969444
0,x_tcsc,1-14,-0.13334407453399666,12,-0.1332490083638837,WLS,129,9.506617011295626e-05
1,B_svc,2,0.2705749479111828,12,0.2703561630907361,WLS,129,0.00021878482044668246
2,UPFC_Vsh,5-15,1.1044102312201218,12,1.1069990654632953,WLS,129,0.0025888342431734657
3,UPFC_tsh,5-15,-0.23076395550878745,12,-0.23061415387708553,WLS,129,0.00014980163170191796
4,UPFC_Vse,5-15,0.05951167831097536,12,0.06069057235679877,WLS,129,0.0011788940458234073
5,UPFC_tse,5-15,-2.1472238839409417,12,-2.148825704264385,WLS,129,0.0016018203234433592
0,x_tcsc,1-14,-0.13334550681791166,13,-0.1332490083638837,WLS,129,9.649845402795454e-05
1,B_svc,2,0.2706052888671658,13,0.2703561630907361,WLS,129,0.0002491257764296595
2,UPFC_Vsh,5-15,1.1046972154644756,13,1.1069990654632953,WLS,129,0.0023018499988196606
3,UPFC_tsh,5-15,-0.2307394403850741,13,-0.23061415387708553,WLS,129,0.0001252865079885701
4,UPFC_Vse,5-15,0.05996943577168725,13,0.06069057235679877,WLS,129,0.000721136585111519
5,UPFC_tse,5-15,-2.1470249281736633,13,-2.148825704264385,WLS,129,0.0018007760907217119
0,x_tcsc,1-14,-0.13333262024903028,14,-0.1332490083638837,WLS,129,8.361188514657836e-05
1,B_svc,2,0.26995751992570094,14,0.2703561630907361,WLS,129,0.00039864316503518404
2,UPFC_Vsh,5-15,1.1042067806718197,14,1.1069990654632953,WLS,129,0.002792284791475641
3,UPFC_tsh,5-15,-0.2307520507023557,14,-0.23061415387708553,WLS,129,0.00013789682527015623
4,UPFC_Vse,5-15,0.06008998584246545,14,0.06069057235679877,WLS,129,0.0006005865143333192
5,UPFC_tse,5-15,-2.142983594281274,14,-2.148825704264385,WLS,129,0.005842109983110966
0,x_tcsc,1-14,-0.1333386433255935,15,-0.1332490083638837,WLS,129,8.963496170980023e-05
1,B_svc,2,0.2698015910921153,15,0.2703561630907361,WLS,129,0.0005545719986208009
2,UPFC_Vsh,5-15,1.104537426413563,15,1.1069990654632953,WLS,129,0.0024616390497322893
3,UPFC_tsh,5-15,-0.23062112761093892,15,-0.23061415387708553,WLS,129,6.973733853388175e-06
4,UPFC_Vse,5-15,0.06013290727038968,15,0.06069057235679877,WLS,129,0.0005576650864090871
5,UPFC_tse,5-15,-2.143550254006349,15,-2.148825704264385,WLS,129,0.005275450258035885
0,x_tcsc,1-14,-0.13332976241728178,16,-0.1332490083638837,WLS,129,8.075405339807995e-05
1,B_svc,2,0.2702050793461826,16,0.2703561630907361,WLS,129,0.00015108374455352624
2,UPFC_Vsh,5-15,1.1044367350321798,16,1.1069990654632953,WLS,129,0.0025623304311155337
3,UPFC_tsh,5-15,-0.2307200989077012,16,-0.23061415387708553,WLS,129,0.00010594503061567284
4,UPFC_Vse,5-15,0.05971972250742349,16,0.06069057235679877,WLS,129,0.0009708498493752812
5,UPFC_tse,5-15,-2.1483665583517406,16,-2.148825704264385,WLS,129,0.00045914591264439863
0,x_tcsc,1-14,-0.13333505482499508,17,-0.1332490083638837,WLS,129,8.604646111137759e-05
1,B_svc,2,0.27036990700894975,17,0.2703561630907361,WLS,129,1.3743918213626749e-05
2,UPFC_Vsh,5-15,1.1043669616386111,17,1.1069990654632953,WLS,129,0.002632103824684151
3,UPFC_tsh,5-15,-0.23076207485461653,17,-0.23061415387708553,WLS,129,0.00014792097753099642
4,UPFC_Vse,5-15,0.06007641832641505,17,0.06069057235679877,WLS,129,0.000614154030383722
5,UPFC_tse,5-15,-2.1461440064440938,17,-2.148825704264385,WLS,129,0.0026816978202912622
0,x_tcsc,1-14,-0.13333559315092028,18,-0.1332490083638837,WLS,129,8.658478703657546e-05
1,B_svc,2,0.27040682029733887,18,0.2703561630907361,WLS,129,5.065720660274442e-05
2,UPFC_Vsh,5-15,1.1042764880759357,18,1.1069990654632953,WLS,129,0.0027225773873595926
3,UPFC_tsh,5-15,-0.2307123305384583,18,-0.23061415387708553,WLS,129,9.817666137276748e-05
4,UPFC_Vse,5-15,0.06064327885104399,18,0.06069057235679877,WLS,129,4.729350575478214e-05
5,UPFC_tse,5-15,-2.142987362736541,18,-2.148825704264385,WLS,129,0.005838341527844015
0,x_tcsc,1-14,-0.1333262962421602,19,-0.1332490083638837,WLS,129,7.728787827648853e-05
1,B_svc,2,0.27001010072633264,19,0.2703561630907361,WLS,129,0.0003460623644034877
2,UPFC_Vsh,5-15,1.1046883399447605,19,1.1069990654632953,WLS,129,0.0023107255185348397
3,UPFC_tsh,5-15,-0.23070622729265206,19,-0.23061415387708553,WLS,129,9.207341556652371e-05
4,UPFC_Vse,5-15,0.060264300489176414,19,0.06069057235679877,WLS,129,0.0004262718676223548
5,UPFC_tse,5-15,-2.147159311119995,19,-2.148825704264385,WLS,129,0.0016663931443900992
0,x_tcsc,1-14,-0.1333387402427572,20,-0.1332490083638837,WLS,129,8.973187887348355e-05
1,B_svc,2,0.2704800156819336,20,0.2703561630907361,WLS,129,0.00012385259119745973
2,UPFC_Vsh,5-15,1.1039418584783058,20,1.1069990654632953,WLS,129,0.003057206984989458
3,UPFC_tsh,5-15,-0.2307932959535231,20,-0.23061415387708553,WLS,129,0.00017914207643757174
4,UPFC_Vse,5-15,0.06044009728988635,20,0.06069057235679877,WLS,129,0.00025047506691242005
5,UPFC_tse,5-15,-2.1449406227596852,20,-2.148825704264385,WLS,129,0.0038850815046997944
0,x_tcsc,1-14,-0.1333216929689693,21,-0.1332490083638837,WLS,129,7.268460508561003e-05
1,B_svc,2,0.2699148469201638,21,0.2703561630907361,WLS,129,0.00044131617057230343
2,UPFC_Vsh,5-15,1.1044285308352235,21,1.1069990654632953,WLS,129,0.0025705346280717745
3,UPFC_tsh,5-15,-0.2307153983732891,21,-0.23061415387708553,WLS,129,0.00010124449620357856
4,UPFC_Vse,5-15,0.06032049996419474,21,0.06069057235679877,WLS,129,0.0003700723926040317
5,UPFC_tse,5-15,-2.148248119840772,21,-2.148825704264385,WLS,129,0.0005775844236128869
0,x_tcsc,1-14,-0.13332444867773646,22,-0.1332490083638837,WLS,129,7.544031385275929e-05
1,B_svc,2,0.27026189737389716,22,0.2703561630907361,WLS,129,9.426571683895935e-05
2,UPFC_Vsh,5-15,1.1044261536270923,22,1.1069990654632953,WLS,129,0.002572911836203007
3,UPFC_tsh,5-15,-0.23078829540455184,22,-0.23061415387708553,WLS,129,0.0001741415274663094
4,UPFC_Vse,5-15,0.05983559808148622,22,0.06069057235679877,WLS,129,0.0008549742753125519
5,UPFC_tse,5-15,-2.147665637647438,22,-2.148825704264385,WLS,129,0.0011600666169471197
0,x_tcsc,1-14,-0.1333390178108239,23,-0.1332490083638837,WLS,129,9.000944694020907e-05
1,B_svc,2,0.2700825328830096,23,0.2703561630907361,WLS,129,0.00027363020772652735
2,UPFC_Vsh,5-15,1.104173354860246,23,1.1069990654632953,WLS,129,0.0028257106030493695
3,UPFC_tsh,5-15,-0.2307151333755283,23,-0.23061415387708553,WLS,129,0.00010097949844276033
4,UPFC_Vse,5-15,0.060085594145186993,23,0.06069057235679877,WLS,129,0.0006049782116117758
5,UPFC_tse,5-15,-2.144348656544095,23,-2.148825704264385,WLS,129,0.004477047720290006
0,x_tcsc,1-14,-0.13333834103682196,24,-0.1332490083638837,WLS,129,8.93326729382582e-05
1,B_svc,2,0.27027279231947837,24,0.2703561630907361,WLS,129,8.337077125775139e-05
2,UPFC_Vsh,5-15,1.104528297058265,24,1.1069990654632953,WLS,129,0.0024707684050302436
3,UPFC_tsh,5-15,-0.23067167491805943,24,-0.23061415387708553,WLS,129,5.7521040973895765e-05
4,UPFC_Vse,5-15,0.060228819069577,24,0.06069057235679877,WLS,129,0.00046175328722176945
5,UPFC_tse,5-15,-2.1436418283916265,24,-2.148825704264385,WLS,129,0.005183875872758481
0,x_tcsc,1-14,-0.13331745657500246,25,-0.1332490083638837,WLS,129,6.84482111187601e-05
1,B_svc,2,0.2694133476184969,25,0.2703561630907361,WLS,129,0.0009428154722392335
2,UPFC_Vsh,5-15,1.104411930058844,25,1.1069990654632953,WLS,129,0.002587135404451324
3,UPFC_tsh,5-15,-0.2306694082298874,25,-0.23061415387708553,WLS,129,5.525435280187563e-05
4,UPFC_Vse,5-15,0.0600221168504911,25,0.06069057235679877,WLS,129,0.0006684555063076678
5,UPFC_tse,5-15,-2.1486029606412216,25,-2.148825704264385,WLS,129,0.000222743623163435
0,x_tcsc,1-14,-0.13335343212018752,26,-0.1332490083638837,WLS,129,0.0001044237563038175
1,B_svc,2,0.27007060253937926,26,0.2703561630907361,WLS,129,0.0002855605513568671
2,UPFC_Vsh,5-15,1.1042906796829755,26,1.1069990654632953,WLS,129,0.002708385780319844
3,UPFC_tsh,5-15,-0.2307952933728866,26,-0.23061415387708553,WLS,129,0.0001811394958010637
4,UPFC_Vse,5-15,0.06032703865847624,26,0.06069057235679877,WLS,129,0.00036353369832253096
5,UPFC_tse,5-15,-2.149111015271546,26,-2.148825704264385,WLS,129,0.0002853110071607823
0,x_tcsc,1-14,-0.13332053565266738,27,-0.1332490083638837,WLS,129,7.152728878367931e-05
1,B_svc,2,0.2701760956685891,27,0.2703561630907361,WLS,129,0.00018006742214704552
2,UPFC_Vsh,5-15,1.1043645314716188,27,1.1069990654632953,WLS,129,0.0026345339916764576
3,UPFC_tsh,5-15,-0.23069078301207294,27,-0.23061415387708553,WLS,129,7.662913498740487e-05
4,UPFC_Vse,5-15,0.05997730648056114,27,0.06069057235679877,WLS,129,0.0007132658762376287
5,UPFC_tse,5-15,-2.1461898676005307,27,-2.148825704264385,WLS,129,0.002635836663854363
0,x_tcsc,1-14,-0.13330911818650093,28,-0.1332490083638837,WLS,129,6.010982261722697e-05
1,B_svc,2,0.2699994768615487,28,0.2703561630907361,WLS,129,0.00035668622918744175
2,UPFC_Vsh,5-15,1.1042482437895362,28,1.1069990654632953,WLS,129,0.002750821673759063
3,UPFC_tsh,5-15,-0.23077348697302397,28,-0.23061415387708553,WLS,129,0.00015933309593843537
4,UPFC_Vse,5-15,0.06046997531050916,28,0.06069057235679877,WLS,129,0.00022059704628960702
5,UPFC_tse,5-15,-2.1456196953234214,28,-2.148825704264385,WLS,129,0.0032060089409635673
0,x_tcsc,1-14,-0.13332141224264593,29,-0.1332490083638837,WLS,129,7.240387876222831e-05
1,B_svc,2,0.27012304861892833,29,0.2703561630907361,WLS,129,0.00023311447180779377
2,UPFC_Vsh,5-15,1.1045939546241719,29,1.1069990654632953,WLS,129,0.0024051108391234255
3,UPFC_tsh,5-15,-0.23076645290270587,29,-0.23061415387708553,WLS,129,0.00015229902562033382
4,UPFC_Vse,5-15,0.06021970463525799,29,0.06069057235679877,WLS,129,0.00047086772154077833
5,UPFC_tse,5-15,-2.146128084283077,29,-2.148825704264385,WLS,129,0.0026976199813080193
0,x_tcsc,1-14,-0.13333535637191468,30,-0.1332490083638837,WLS,129,8.634800803097864e-05
1,B_svc,2,0.27015452544606056,30,0.2703561630907361,WLS,129,0.00020163764467556744
2,UPFC_Vsh,5-15,1.104462709836585,30,1.1069990654632953,WLS,129,0.002536355626710396
3,UPFC_tsh,5-15,-0.23071639413801512,30,-0.23061415387708553,WLS,129,0.00010224026092958693
4,UPFC_Vse,5-15,0.059947473639102314,30,0.06069057235679877,WLS,129,0.0007430987176964554
5,UPFC_tse,5-15,-2.1471188193798234,30,-2.148825704264385,WLS,129,0.0017068848845616102
0,x_tcsc,1-14,-0.133339497287889,31,-0.1332490083638837,WLS,129,9.048892400528863e-05
1,B_svc,2,0.26985324484685597,31,0.2703561630907361,WLS,129,0.0005029182438801572
2,UPFC_Vsh,5-15,1.1044693896836693,31,1.1069990654632953,WLS,129,0.0025296757796260394
3,UPFC_tsh,5-15,-0.230693612770706,31,-0.23061415387708553,WLS,129,7.945889362045988e-05
4,UPFC_Vse,5-15,0.060383664105888656,31,0.06069057235679877,WLS,129,0.0003069082509101137
5,UPFC_tse,5-15,-2.146354524866436,31,-2.148825704264385,WLS,129,0.0024711793979488306
0,x_tcsc,1-14,-0.13333274440088994,32,-0.1332490083638837,WLS,129,8.373603700623233e-05
1,B_svc,2,0.2699228038683716,32,0.2703561630907361,WLS,129,0.0004333592223645377
2,UPFC_Vsh,5-15,1.1044164288096274,32,1.1069990654632953,WLS,129,0.002582636653667869
3,UPFC_tsh,5-15,-0.23069115985880556,32,-0.23061415387708553,WLS,129,7.70059817200297e-05
4,UPFC_Vse,5-15,0.060404316241065494,32,0.06069057235679877,WLS,129,0.00028625611573327575
5,UPFC_tse,5-15,-2.1452475782445544,32,-2.148825704264385,WLS,129,0.003578126019830652
0,x_tcsc,1-14,-0.1333216146592767,33,-0.1332490083638837,WLS,129,7.260629539299068e-05
1,B_svc,2,0.2698915632968957,33,0.2703561630907361,WLS,129,0.0004645997938404478
2,UPFC_Vsh,5-15,1.1043175328473003,33,1.1069990654632953,WLS,129,0.0026815326159950192
3,UPFC_tsh,5-15,-0.23066849803947284,33,-0.23061415387708553,WLS,129,5.434416238730977e-05
4,UPFC_Vse,5-15,0.05990987874025153,33,0.06069057235679877,WLS,129,0.0007806936165472358
5,UPFC_tse,5-15,-2.1481968119871406,33,-2.148825704264385,WLS,129,0.0006288922772443861
0,x_tcsc,1-14,-0.13332991544891837,34,-0.1332490083638837,WLS,129,8.090708503466493e-05
1,B_svc,2,0.2704507395635472,34,0.2703561630907361,WLS,129,9.457647281108095e-05
2,UPFC_Vsh,5-15,1.1042645055263198,34,1.1069990654632953,WLS,129,0.002734559936975467
3,UPFC_tsh,5-15,-0.23073991166634386,34,-0.23061415387708553,WLS,129,0.00012575778925832948
4,UPFC_Vse,5-15,0.05998720166786478,34,0.06069057235679877,WLS,129,0.000703370688933988
5,UPFC_tse,5-15,-2.1492506773964135,34,-2.148825704264385,WLS,129,0.0004249731320284944
0,x_tcsc,1-14,-0.13331636833788818,35,-0.1332490083638837,WLS,129,6.735997400447724e-05
1,B_svc,2,0.2699749627425095,35,0.2703561630907361,WLS,129,0.0003812003482266402
2,UPFC_Vsh,5-15,1.1045416638752785,35,1.1069990654632953,WLS,129,0.002457401588016772
3,UPFC_tsh,5-15,-0.2307687758519399,35,-0.23061415387708553,WLS,129,0.00015462197485435758
4,UPFC_Vse,5-15,0.06011578027694797,35,0.06069057235679877,WLS,129,0.0005747920798507972
5,UPFC_tse,5-15,-2.147854991204467,35,-2.148825704264385,WLS,129,0.0009707130599179159
0,x_tcsc,1-14,-0.13332595818945528,36,-0.1332490083638837,WLS,129,7.694982557157615e-05
1,B_svc,2,0.2699797056233311,36,0.2703561630907361,WLS,129,0.0003764574674050003
2,UPFC_Vsh,5-15,1.1039847972492773,36,1.1069990654632953,WLS,129,0.0030142682140179566
3,UPFC_tsh,5-15,-0.2308185835383191,36,-0.23061415387708553,WLS,129,0.00020442966123357387
4,UPFC_Vse,5-15,0.059806823762823834,36,0.06069057235679877,WLS,129,0.0008837485939749354
5,UPFC_tse,5-15,-2.1474693164031553,36,-2.148825704264385,WLS,129,0.0013563878612297131
0,x_tcsc,1-14,-0.13333745155402485,37,-0.1332490083638837,WLS,129,8.844319014114643e-05
1,B_svc,2,0.2697192091716977,37,0.2703561630907361,WLS,129,0.0006369539190383966
2,UPFC_Vsh,5-15,1.10456078396791,37,1.1069990654632953,WLS,129,0.002438281495385386
3,UPFC_tsh,5-15,-0.23075552998548635,37,-0.23061415387708553,WLS,129,0.00014137610840081472
4,UPFC_Vse,5-15,0.060068788362810994,37,0.06069057235679877,WLS,129,0.0006217839939877748
5,UPFC_tse,5-15,-2.14830017875721,37,-2.148825704264385,WLS,129,0.0005255255071752174
0,x_tcsc,1-14,-0.13334528143040708,38,-0.1332490083638837,WLS,129,9.627306652337797e-05
1,B_svc,2,0.2699698155056354,38,0.2703561630907361,WLS,129,0.0003863475851006992
2,UPFC_Vsh,5-15,1.104367414545508,38,1.1069990654632953,WLS,129,0.002631650917787276
3,UPFC_tsh,5-15,-0.23077966520875123,38,-0.23061415387708553,WLS,129,0.00016551133166570198
4,UPFC_Vse,5-15,0.06029443653762357,38,0.06069057235679877,WLS,129,0.00039613581917519874
5,UPFC_tse,5-15,-2.1463353794462803,38,-2.148825704264385,WLS,129,0.002490324818104739
0,x_tcsc,1-14,-0.1333235557475997,39,-0.1332490083638837,WLS,129,7.45473837159838e-05
1,B_svc,2,0.2695013801002781,39,0.2703561630907361,WLS,129,0.0008547829904580473
2,UPFC_Vsh,5-15,1.1046599309075584,39,1.1069990654632953,WLS,129,0.002339134555736866
3,UPFC_tsh,5-15,-0.23065411901206206,39,-0.23061415387708553,WLS,129,3.996513497653287e-05
4,UPFC_Vse,5-15,0.060202439190928644,39,0.06069057235679877,WLS,129,0.0004881331658701249
5,UPFC_tse,5-15,-2.1484309690627126,39,-2.148825704264385,WLS,129,0.0003947352016724359
0,x_tcsc,1-14,-0.13334541399723834,40,-0.1332490083638837,WLS,129,9.640563335464036e-05
1,B_svc,2,0.2699090885957723,40,0.2703561630907361,WLS,129,0.00044707449496383944
2,UPFC_Vsh,5-15,1.1042828063472454,40,1.1069990654632953,WLS,129,0.0027162591160498906
3,UPFC_tsh,5-15,-0.23070591781144173,40,-0.23061415387708553,WLS,129,9.176393435619823e-05
4,UPFC_Vse,5-15,0.06049687776565336,40,0.06069057235679877,WLS,129,0.0001936945911454116
5,UPFC_tse,5-15,-2.1443733189773195,40,-2.148825704264385,WLS,129,0.004452385287065486
0,x_tcsc,1-14,-0.13334308027954897,41,-0.1332490083638837,WLS,129,9.407191566526696e-05
1,B_svc,2,0.2700996918400213,41,0.2703561630907361,WLS,129,0.00025647125071481813
2,UPFC_Vsh,5-15,1.1041596751919498,41,1.1069990654632953,WLS,129,0.002839390271345499
3,UPFC_tsh,5-15,-0.23071860382941942,41,-0.23061415387708553,WLS,129,0.00010444995233388488
4,UPFC_Vse,5-15,0.060022809062606465,41,0.06069057235679877,WLS,129,0.0006677632941923042
5,UPFC_tse,5-15,-2.147803906047269,41,-2.148825704264385,WLS,129,0.001021798217116121
0,x_tcsc,1-14,-0.13335198321382724,42,-0.1332490083638837,WLS,129,0.0001029748499435379
1,B_svc,2,0.2701745261929548,42,0.2703561630907361,WLS,129,0.0001816368977813343
2,UPFC_Vsh,5-15,1.1043874835172582,42,1.1069990654632953,WLS,129,0.002611581946037056
3,UPFC_tsh,5-15,-0.23070303209004658,42,-0.23061415387708553,WLS,129,8.887821296105214e-05
4,UPFC_Vse,5-15,0.06024953834477902,42,0.06069057235679877,WLS,129,0.0004410340120197462
5,UPFC_tse,5-15,-2.147046701610715,42,-2.148825704264385,WLS,129,0.0017790026536701475
0,x_tcsc,1-14,-0.13334984202426306,43,-0.1332490083638837,WLS,129,0.00010083366037935693
1,B_svc,2,0.2702872295037369,43,0.2703561630907361,WLS,129,6.893358699922025e-05
2,UPFC_Vsh,5-15,1.1045707334897372,43,1.1069990654632953,WLS,129,0.0024283319735580733
3,UPFC_tsh,5-15,-0.23066970558776842,43,-0.23061415387708553,WLS,129,5.5551710682888444e-05
4,UPFC_Vse,5-15,0.05966499444473958,43,0.06069057235679877,WLS,129,0.0010255779120591918
5,UPFC_tse,5-15,-2.146861613669149,43,-2.148825704264385,WLS,129,0.0019640905952358345
0,x_tcsc,1-14,-0.1333362907774619,44,-0.1332490083638837,WLS,129,8.728241357819355e-05
1,B_svc,2,0.2700916547416344,44,0.2703561630907361,WLS,129,0.00026450834910174414
2,UPFC_Vsh,5-15,1.104095351557461,44,1.1069990654632953,WLS,129,0.0029037139058343264
3,UPFC_tsh,5-15,-0.2307668495005638,44,-0.23061415387708553,WLS,129,0.00015269562347827725
4,UPFC_Vse,5-15,0.06015522836122066,44,0.06069057235679877,WLS,129,0.0005353439955781067
5,UPFC_tse,5-15,-2.1443568944055484,44,-2.148825704264385,WLS,129,0.0044688098588365754
0,x_tcsc,1-14,-0.13332876692760148,45,-0.1332490083638837,WLS,129,7.975856371778e-05
1,B_svc,2,0.26972449972457013,45,0.2703561630907361,WLS,129,0.000631663366165991
2,UPFC_Vsh,5-15,1.104379311358823,45,1.1069990654632953,WLS,129,0.0026197541044723494
3,UPFC_tsh,5-15,-0.23071762566095008,45,-0.23061415387708553,WLS,129,0.00010347178386455047
4,UPFC_Vse,5-15,0.059858084127777406,45,0.06069057235679877,WLS,129,0.0008324882290213637
5,UPFC_tse,5-15,-2.1500963773959803,45,-2.148825704264385,WLS,129,0.0012706731315952347
0,x_tcsc,1-14,-0.13333394757201714,46,-0.1332490083638837,WLS,129,8.493920813343325e-05
1,B_svc,2,0.26988146395699675,46,0.2703561630907361,WLS,129,0.0004746991337393758
2,UPFC_Vsh,5-15,1.104222583402471,46,1.1069990654632953,WLS,129,0.002776482060824259
3,UPFC_tsh,5-15,-0.23077428292957142,46,-0.23061415387708553,WLS,129,0.0001601290524858856
4,UPFC_Vse,5-15,0.06046334750869704,46,0.06069057235679877,WLS,129,0.00022722484810172583
5,UPFC_tse,5-15,-2.142994484663337,46,-2.148825704264385,WLS,129,0.005831219601048154
0,x_tcsc,1-14,-0.13331666937350997,47,-0.1332490083638837,WLS,129,6.766100962626864e-05
1,B_svc,2,0.2700870117910917,47,0.2703561630907361,WLS,129,0.0002691512996444434
2,UPFC_Vsh,5-15,1.1044248552578768,47,1.1069990654632953,WLS,129,0.0025742102054184812
3,UPFC_tsh,5-15,-0.2306631273627376,47,-0.23061415387708553,WLS,129,4.8973485652081816e-05
4,UPFC_Vse,5-15,0.059612080085196154,47,0.06069057235679877,WLS,129,0.0010784922716026157
5,UPFC_tse,5-15,-2.148603813062238,47,-2.148825704264385,WLS,129,0.00022189120214699543
0,x_tcsc,1-14,-0.13332111640346395,48,-0.1332490083638837,WLS,129,7.210803958024314e-05
1,B_svc,2,0.2702100559510205,48,0.2703561630907361,WLS,129,0.00014610713971563438
2,UPFC_Vsh,5-15,1.1045935464984376,48,1.1069990654632953,WLS,129,0.0024055189648577446
3,UPFC_tsh,5-15,-0.23069260582622675,48,-0.23061415387708553,WLS,129,7.845194914121723e-05
4,UPFC_Vse,5-15,0.060229229617466316,48,0.06069057235679877,WLS,129,0.0004613427393324529
5,UPFC_tse,5-15,-2.1485744684203953,48,-2.148825704264385,WLS,129,0.00025123584398967225
0,x_tcsc,1-14,-0.13333118196020288,49,-0.1332490083638837,WLS,129,8.217359631917942e-05
1,B_svc,2,0.2696983165036566,49,0.2703561630907361,WLS,129,0.0006578465870795136
2,UPFC_Vsh,5-15,1.1042289766943458,49,1.1069990654632953,WLS,129,0.0027700887689494635
3,UPFC_tsh,5-15,-0.23074209748331878,49,-0.23061415387708553,WLS,129,0.00012794360623324952
4,UPFC_Vse,5-15,0.06031359385874732,49,0.06069057235679877,WLS,129,0.00037697849805144734
5,UPFC_tse,5-15,-2.145988875904529,49,-2.148825704264385,WLS,129,0.002836828359856103
0,x_tcsc,1-14,-0.13334648785313463,50,-0.1332490083638837,WLS,129,9.747948925092897e-05
1,B_svc,2,0.2702207185167691,50,0.2703561630907361,WLS,129,0.00013544457396702514
2,UPFC_Vsh,5-15,1.10457345874634,50,1.1069990654632953,WLS,129,0.002425606716955242
3,UPFC_tsh,5-15,-0.23075828105236756,50,-0.23061415387708553,WLS,129,0.00014412717528203278
4,UPFC_Vse,5-15,0.060209608809130094,50,0.06069057235679877,WLS,129,0.0004809635476686752
5,UPFC_tse,5-15,-2.1473414054528055,50,-2.148825704264385,WLS,129,0.0014842988115795208
0,x_tcsc,1-14,-0.13334474200234045,51,-0.1332490083638837,WLS,129,9.573363845674643e-05
1,B_svc,2,0.2701464348787892,51,0.2703561630907361,WLS,129,0.0002097282119469246
2,UPFC_Vsh,5-15,1.104203777517325,51,1.1069990654632953,WLS,129,0.0027952879459702817
3,UPFC_tsh,5-15,-0.23073240201752096,51,-0.23061415387708553,WLS,129,0.00011824814043542853
4,UPFC_Vse,5-15,0.06040330573324608,51,0.06069057235679877,WLS,129,0.00028726662355268995
5,UPFC_tse,5-15,-2.144819120951671,51,-2.148825704264385,WLS,129,0.004006583312714085
0,x_tcsc,1-14,-0.13332339349909725,52,-0.1332490083638837,WLS,129,7.438513521354495e-05
1,B_svc,2,0.27055647295827456,52,0.2703561630907361,WLS,129,0.0002003098675384396
2,UPFC_Vsh,5-15,1.1043190898257171,52,1.1069990654632953,WLS,129,0.002679975637578158
3,UPFC_tsh,5-15,-0.23072156623329412,52,-0.23061415387708553,WLS,129,0.00010741235620859158
4,UPFC_Vse,5-15,0.06009358040980481,52,0.06069057235679877,WLS,129,0.0005969919469939605
5,UPFC_tse,5-15,-2.150451940695136,52,-2.148825704264385,WLS,129,0.0016262364307508825
0,x_tcsc,1-14,-0.13334191670819973,53,-0.1332490083638837,WLS,129,9.29083443160228e-05
1,B_svc,2,0.2702798847884989,53,0.2703561630907361,WLS,129,7.627830223722043e-05
2,UPFC_Vsh,5-15,1.104390742405508,53,1.1069990654632953,WLS,129,0.002608323057787354
3,UPFC_tsh,5-15,-0.23073243589193465,53,-0.23061415387708553,WLS,129,0.00011828201484911927
4,UPFC_Vse,5-15,0.060227200530826835,53,0.06069057235679877,WLS,129,0.0004633718259719338
5,UPFC_tse,5-15,-2.1488856994363075,53,-2.148825704264385,WLS,129,5.9995171922455626e-05
0,x_tcsc,1-14,-0.133330498450568,54,-0.1332490083638837,WLS,129,8.149008668428825e-05
1,B_svc,2,0.2702718670005302,54,0.2703561630907361,WLS,129,8.429609020593753e-05
2,UPFC_Vsh,5-15,1.1045040051040647,54,1.1069990654632953,WLS,129,0.0024950603592306386
3,UPFC_tsh,5-15,-0.23078196329278367,54,-0.23061415387708553,WLS,129,0.00016780941569813357
4,UPFC_Vse,5-15,0.060453509687837644,54,0.06069057235679877,WLS,129,0.00023706266896112577
5,UPFC_tse,5-15,-2.1455003629220544,54,-2.148825704264385,WLS,129,0.0033253413423306455
0,x_tcsc,1-14,-0.13333664188260053,55,-0.1332490083638837,WLS,129,8.763351871682312e-05
1,B_svc,2,0.27009775985167483,55,0.2703561630907361,WLS,129,0.0002584032390612889
2,UPFC_Vsh,5-15,1.1046071298378435,55,1.1069990654632953,WLS,129,0.002391935625451813
3,UPFC_tsh,5-15,-0.2307363208692939,55,-0.23061415387708553,WLS,129,0.0001221669922083779
4,UPFC_Vse,5-15,0.060126597483952715,55,0.06069057235679877,WLS,129,0.0005639748728460542
5,UPFC_tse,5-15,-2.147460126140019,55,-2.148825704264385,WLS,129,0.001365578124365996
0,x_tcsc,1-14,-0.13334100608566976,56,-0.1332490083638837,WLS,129,9.199772178605792e-05
1,B_svc,2,0.2699214149451521,56,0.2703561630907361,WLS,129,0.00043474814558402963
2,UPFC_Vsh,5-15,1.1043794696344074,56,1.1069990654632953,WLS,129,0.002619595828887933
3,UPFC_tsh,5-15,-0.2306411586529357,56,-0.23061415387708553,WLS,129,2.7004775850159035e-05
4,UPFC_Vse,5-15,0.0598002867846883,56,0.06069057235679877,WLS,129,0.0008902855721104677
5,UPFC_tse,5-15,-2.1453115357043915,56,-2.148825704264385,WLS,129,0.0035141685599935357
0,x_tcsc,1-14,-0.13333447524123634,57,-0.1332490083638837,WLS,129,8.546687735264125e-05
1,B_svc,2,0.270198929270983,57,0.2703561630907361,WLS,129,0.0001572338197531331
2,UPFC_Vsh,5-15,1.1045408115026707,57,1.1069990654632953,WLS,129,0.0024582539606246012
3,UPFC_tsh,5-15,-0.23076102195491674,57,-0.23061415387708553,WLS,129,0.00014686807783120814
4,UPFC_Vse,5-15,0.06038487972208326,57,0.06069057235679877,WLS,129,0.00030569263471551256
5,UPFC_tse,5-15,-2.1442412602091845,57,-2.148825704264385,WLS,129,0.004584444055200532
0,x_tcsc,1-14,-0.13333493289485998,58,-0.1332490083638837,WLS,129,8.592453097627795e-05
1,B_svc,2,0.2698140786750167,58,0.2703561630907361,WLS,129,0.0005420844157194016
2,UPFC_Vsh,5-15,1.1042929136356314,58,1.1069990654632953,WLS,129,0.002706151827663872
3,UPFC_tsh,5-15,-0.23076354578062208,58,-0.23061415387708553,WLS,129,0.00014939190353654985
4,UPFC_Vse,5-15,0.059829117861289006,58,0.06069057235679877,WLS,129,0.0008614544955097628
5,UPFC_tse,5-15,-2.148088531065005,58,-2.148825704264385,WLS,129,0.0007371731993801589
0,x_tcsc,1-14,-0.13333559124098895,59,-0.1332490083638837,WLS,129,8.658287710525125e-05
1,B_svc,2,0.27022528959868647,59,0.2703561630907361,WLS,129,0.0001308734920496546
2,UPFC_Vsh,5-15,1.1044409378530065,59,1.1069990654632953,WLS,129,0.0025581276102888406
3,UPFC_tsh,5-15,-0.23073675650566083,59,-0.23061415387708553,WLS,129,0.00012260262857530235
4,UPFC_Vse,5-15,0.06034191185706996,59,0.06069057235679877,WLS,129,0.0003486604997288076
5,UPFC_tse,5-15,-2.150258310500936,59,-2.148825704264385,WLS,129,0.0014326062365510595
0,x_tcsc,1-14,-0.1333347796862834,60,-0.1332490083638837,WLS,129,8.577132239970253e-05
1,B_svc,2,0.26993781697986663,60,0.2703561630907361,WLS,129,0.00041834611086949414
2,UPFC_Vsh,5-15,1.1045945263662227,60,1.1069990654632953,WLS,129,0.002404539097072611
3,UPFC_tsh,5-15,-0.23075816740105567,60,-0.23061415387708553,WLS,129,0.00014401352397014344
4,UPFC_Vse,5-15,0.06009603173599541,60,0.06069057235679877,WLS,129,0.0005945406208033577
5,UPFC_tse,5-15,-2.147234981823268,60,-2.148825704264385,WLS,129,0.0015907224411169096
0,x_tcsc,1-14,-0.13332666654718542,61,-0.1332490083638837,WLS,129,7.765818330171537e-05
1,B_svc,2,0.27021121434982653,61,0.2703561630907361,WLS,129,0.00014494874090958954
2,UPFC_Vsh,5-15,1.104454325680836,61,1.1069990654632953,WLS,129,0.002544739782459393
3,UPFC_tsh,5-15,-0.23068919545778063,61,-0.23061415387708553,WLS,129,7.504158069510103e-05
4,UPFC_Vse,5-15,0.05986106229460222,61,0.06069057235679877,WLS,129,0.000829510062196552
5,UPFC_tse,5-15,-2.14856967513183,61,-2.148825704264385,WLS,129,0.00025602913255484694
0,x_tcsc,1-14,-0.13332797901172563,62,-0.1332490083638837,WLS,129,7.897064784193053e-05
1,B_svc,2,0.27015826282045263,62,0.2703561630907361,WLS,129,0.0001979002702834909
2,UPFC_Vsh,5-15,1.1046719155062177,62,1.1069990654632953,WLS,129,0.002327149957077612
3,UPFC_tsh,5-15,-0.23070728222462927,62,-0.23061415387708553,WLS,129,9.312834754374166e-05
4,UPFC_Vse,5-15,0.060004612009562176,62,0.06069057235679877,WLS,129,0.000685960347236593
5,UPFC_tse,5-15,-2.147272965519536,62,-2.148825704264385,WLS,129,0.0015527387448490693
0,x_tcsc,1-14,-0.13331778084806678,63,-0.1332490083638837,WLS,129,6.877248418307724e-05
1,B_svc,2,0.2699802264206861,63,0.2703561630907361,WLS,129,0.0003759366700500366
2,UPFC_Vsh,5-15,1.1043534753887134,63,1.1069990654632953,WLS,129,0.0026455900745818717
3,UPFC_tsh,5-15,-0.23067242727667517,63,-0.23061415387708553,WLS,129,5.827339958963673e-05
4,UPFC_Vse,5-15,0.0603429988851593,63,0.06069057235679877,WLS,129,0.0003475734716394674
5,UPFC_tse,5-15,-2.1441147328429646,63,-2.148825704264385,WLS,129,0.004710971421420407
0,x_tcsc,1-14,-0.13333219801579912,64,-0.1332490083638837,WLS,129,8.318965191542183e-05
1,B_svc,2,0.2702056936250049,64,0.2703561630907361,WLS,129,0.00015046946573121778
2,UPFC_Vsh,5-15,1.1040387661446691,64,1.1069990654632953,WLS,129,0.0029602993186261806
3,UPFC_tsh,5-15,-0.2306927524190426,64,-0.23061415387708553,WLS,129,7.859854195707561e-05
4,UPFC_Vse,5-15,0.06029510856766277,64,0.06069057235679877,WLS,129,0.0003954637891359983
5,UPFC_tse,5-15,-2.144648808820573,64,-2.148825704264385,WLS,129,0.0041768954438121675
0,x_tcsc,1-14,-0.13333190009165347,65,-0.1332490083638837,WLS,129,8.289172776976272e-05
1,B_svc,2,0.27029290752168067,65,0.2703561630907361,WLS,129,6.325556905545371e-05
2,UPFC_Vsh,5-15,1.104421253374802,65,1.1069990654632953,WLS,129,0.002577812088493392
3,UPFC_tsh,5-15,-0.23073597854429592,65,-0.23061415387708553,WLS,129,0.00012182466721039065
4,UPFC_Vse,5-15,0.060117264661306076,65,0.06069057235679877,WLS,129,0.0005733076954926933
5,UPFC_tse,5-15,-2.1473867363152364,65,-2.148825704264385,WLS,129,0.0014389679491486618
0,x_tcsc,1-14,-0.13333661339469335,66,-0.1332490083638837,WLS,129,8.760503080965099e-05
1,B_svc,2,0.2703602419679613,66,0.2703561630907361,WLS,129,4.0788772251998395e-06
2,UPFC_Vsh,5-15,1.1045119839495725,66,1.1069990654632953,WLS,129,0.0024870815137227886
3,UPFC_tsh,5-15,-0.23064985424887363,66,-0.23061415387708553,WLS,129,3.570037178809993e-05
4,UPFC_Vse,5-15,0.059505437166210665,66,0.06069057235679877,WLS,129,0.0011851351905881047
5,UPFC_tse,5-15,-2.1441077736809855,66,-2.148825704264385,WLS,129,0.004717930583399532
0,x_tcsc,1-14,-0.1333281620187854,67,-0.1332490083638837,WLS,129,7.915365490168691e-05
1,B_svc,2,0.27081897124121385,67,0.2703561630907361,WLS,129,0.0004628081504777226
2,UPFC_Vsh,5-15,1.1040213257055196,67,1.1069990654632953,WLS,129,0.0029777397577757103
3,UPFC_tsh,5-15,-0.23078087528517938,67,-0.23061415387708553,WLS,129,0.00016672140809384506
4,UPFC_Vse,5-15,0.06005488355630096,67,0.06069057235679877,WLS,129,0.0006356888004978092
5,UPFC_tse,5-15,-2.1446609661935976,67,-2.148825704264385,WLS,129,0.004164738070787433
0,x_tcsc,1-14,-0.1333187068438621,68,-0.1332490083638837,WLS,129,6.969847997839729e-05
1,B_svc,2,0.27012835110975736,68,0.2703561630907361,WLS,129,0.00022781198097876487
2,UPFC_Vsh,5-15,1.1044177064508605,68,1.1069990654632953,WLS,129,0.0025813590124348362
3,UPFC_tsh,5-15,-0.23077127178651247,68,-0.23061415387708553,WLS,129,0.00015711790942693482
4,UPFC_Vse,5-15,0.06029592490298547,68,0.06069057235679877,WLS,129,0.0003946474538132974
5,UPFC_tse,5-15,-2.1495052534593624,68,-2.148825704264385,WLS,129,0.0006795491949773691
0,x_tcsc,1-14,-0.13333844428150843,69,-0.1332490083638837,WLS,129,8.943591762472503e-05
1,B_svc,2,0.26967688118028366,69,0.2703561630907361,WLS,129,0.0006792819104524672
2,UPFC_Vsh,5-15,1.1042821002164658,69,1.1069990654632953,WLS,129,0.002716965246829517
3,UPFC_tsh,5-15,-0.23075626971339486,69,-0.23061415387708553,WLS,129,0.00014211583630932556
4,UPFC_Vse,5-15,0.06050006615400225,69,0.06069057235679877,WLS,129,0.00019050620279652264
5,UPFC_tse,5-15,-2.147029193663467,69,-2.148825704264385,WLS,129,0.001796510600918122
0,x_tcsc,1-14,-0.1333326449524042,70,-0.1332490083638837,WLS,129,8.363658852050815e-05
1,B_svc,2,0.2697381440285241,70,0.2703561630907361,WLS,129,0.0006180190622120385
2,UPFC_Vsh,5-15,1.1041226273434608,70,1.1069990654632953,WLS,129,0.0028764381198345124
3,UPFC_tsh,5-15,-0.2307403033821662,70,-0.23061415387708553,WLS,129,0.0001261495050806638
4,UPFC_Vse,5-15,0.05967620974097828,70,0.06069057235679877,WLS,129,0.0010143626158204896
5,UPFC_tse,5-15,-2.1471106281050427,70,-2.148825704264385,WLS,129,0.0017150761593422992
0,x_tcsc,1-14,-0.13334910985142254,71,-0.1332490083638837,WLS,129,0.00010010148753883397
1,B_svc,2,0.269958581747012,71,0.2703561630907361,WLS,129,0.00039758134372414045
2,UPFC_Vsh,5-15,1.1044480046035483,71,1.1069990654632953,WLS,129,0.0025510608597469897
3,UPFC_tsh,5-15,-0.23074219368962837,71,-0.23061415387708553,WLS,129,0.00012803981254283503
4,UPFC_Vse,5-15,0.06004069111285019,71,0.06069057235679877,WLS,129,0.0006498812439485815
5,UPFC_tse,5-15,-2.1476816666823044,71,-2.148825704264385,WLS,129,0.0011440375820805926
0,x_tcsc,1-14,-0.13333286790053664,72,-0.1332490083638837,WLS,129,8.3859536652936e-05
1,B_svc,2,0.27023704448251507,72,0.2703561630907361,WLS,129,0.00011911860822105824
2,UPFC_Vsh,5-15,1.1043128886124505,72,1.1069990654632953,WLS,129,0.0026861768508448236
3,UPFC_tsh,5-15,-0.230731787454386,72,-0.23061415387708553,WLS,129,0.00011763357730046331
4,UPFC_Vse,5-15,0.06015277367710322,72,0.06069057235679877,WLS,129,0.0005377986796955489
5,UPFC_tse,5-15,-2.1480133169835582,72,-2.148825704264385,WLS,129,0.0008123872808267762
0,x_tcsc,1-14,-0.13333890545728794,73,-0.1332490083638837,WLS,129,8.989709340423424e-05
1,B_svc,2,0.26991176814807477,73,0.2703561630907361,WLS,129,0.0004443949426613525
2,UPFC_Vsh,5-15,1.104491376570932,73,1.1069990654632953,WLS,129,0.0025076888923631913
3,UPFC_tsh,5-15,-0.23071322030190344,73,-0.23061415387708553,WLS,129,9.906642481791184e-05
4,UPFC_Vse,5-15,0.059950592864209486,73,0.06069057235679877,WLS,129,0.0007399794925892836
5,UPFC_tse,5-15,-2.1482551837301513,73,-2.148825704264385,WLS,129,0.0005705205342336761
0,x_tcsc,1-14,-0.13331441895045587,74,-0.1332490083638837,WLS,129,6.54105865721677e-05
1,B_svc,2,0.27054558569578,74,0.2703561630907361,WLS,129,0.00018942260504389852
2,UPFC_Vsh,5-15,1.1042986956711878,74,1.1069990654632953,WLS,129,0.0027003697921075265
3,UPFC_tsh,5-15,-0.23076219795037492,74,-0.23061415387708553,WLS,129,0.0001480440732893884
4,UPFC_Vse,5-15,0.06056858273148762,74,0.06069057235679877,WLS,129,0.00012198962531114604
5,UPFC_tse,5-15,-2.146263712980155,74,-2.148825704264385,WLS,129,0.0025619912842298476
0,x_tcsc,1-14,-0.1333416878595124,75,-0.1332490083638837,WLS,129,9.267949562868916e-05
1,B_svc,2,0.27000302151161276,75,0.2703561630907361,WLS,129,0.00035314157912336164
2,UPFC_Vsh,5-15,1.1045216235278499,75,1.1069990654632953,WLS,129,0.0024774419354454125
3,UPFC_tsh,5-15,-0.2306789434634715,75,-0.23061415387708553,WLS,129,6.47895863859771e-05
4,UPFC_Vse,5-15,0.06035429564935757,75,0.06069057235679877,WLS,129,0.0003362767074411993
5,UPFC_tse,5-15,-2.141632639066483,75,-2.148825704264385,WLS,129,0.007193065197902193
0,x_tcsc,1-14,-0.133321667814813,76,-0.1332490083638837,WLS,129,7.26594509292966e-05
1,B_svc,2,0.2703600464660439,76,0.2703561630907361,WLS,129,3.883375307767167e-06
2,UPFC_Vsh,5-15,1.104560111547473,76,1.1069990654632953,WLS,129,0.002438953915822273
3,UPFC_tsh,5-15,-0.23070225965229552,76,-0.23061415387708553,WLS,129,8.810577520998453e-05
4,UPFC_Vse,5-15,0.06034443045240023,76,0.06069057235679877,WLS,129,0.0003461419043985364
5,UPFC_tse,5-15,-2.1456614125552274,76,-2.148825704264385,WLS,129,0.0031642917091576628
0,x_tcsc,1-14,-0.1333277105249725,77,-0.1332490083638837,WLS,129,7.870216108879502e-05
1,B_svc,2,0.26979175797466665,77,0.2703561630907361,WLS,129,0.0005644051160694774
2,UPFC_Vsh,5-15,1.104123688852543,77,1.1069990654632953,WLS,129,0.0028753766107523226
3,UPFC_tsh,5-15,-0.2307231347240613,77,-0.23061415387708553,WLS,129,0.00010898084697577581
4,UPFC_Vse,5-15,0.05986879106162818,77,0.06069057235679877,WLS,129,0.00082178129517059
5,UPFC_tse,5-15,-2.1473812453591536,77,-2.148825704264385,WLS,129,0.0014444589052313717
0,x_tcsc,1-14,-0.13335510410982696,78,-0.1332490083638837,WLS,129,0.0001060957459432521
1,B_svc,2,0.2699136306018026,78,0.2703561630907361,WLS,129,0.0004425324889335003
2,UPFC_Vsh,5-15,1.1043858461523806,78,1.1069990654632953,WLS,129,0.0026132193109147384
3,UPFC_tsh,5-15,-0.23074832337501153,78,-0.23061415387708553,WLS,129,0.00013416949792599553
4,UPFC_Vse,5-15,0.05999122727635068,78,0.06069057235679877,WLS,129,0.0006993450804480897
5,UPFC_tse,5-15,-2.14450550087224,78,-2.148825704264385,WLS,129,0.004320203392145228
0,x_tcsc,1-14,-0.13331879233701704,79,-0.1332490083638837,WLS,129,6.978397313334161e-05
1,B_svc,2,0.26982687251264864,79,0.2703561630907361,WLS,129,0.0005292905780874824
2,UPFC_Vsh,5-15,1.1044875458376582,79,1.1069990654632953,WLS,129,0.0025115196256371153
3,UPFC_tsh,5-15,-0.23070581460637996,79,-0.23061415387708553,WLS,129,9.166072929442382e-05
4,UPFC_Vse,5-15,0.06009219333607349,79,0.06069057235679877,WLS,129,0.0005983790207252787
5,UPFC_tse,5-15,-2.1458862298111856,79,-2.148825704264385,WLS,129,0.00293947445319942
0,x_tcsc,1-14,-0.13331968742664932,80,-0.1332490083638837,WLS,129,7.06790627656162e-05
1,B_svc,2,0.27002411516436775,80,0.2703561630907361,WLS,129,0.0003320479263683729
2,UPFC_Vsh,5-15,1.1045165525803917,80,1.1069990654632953,WLS,129,0.002482512882903576
3,UPFC_tsh,5-15,-0.2307349330706178,80,-0.23061415387708553,WLS,129,0.00012077919353226108
4,UPFC_Vse,5-15,0.05991183626694334,80,0.06069057235679877,WLS,129,0.0007787360898554307
5,UPFC_tse,5-15,-2.149717498389243,80,-2.148825704264385,WLS,129,0.0008917941248580696
0,x_tcsc,1-14,-0.13334618535306317,81,-0.1332490083638837,WLS,129,9.717698917946493e-05
1,B_svc,2,0.2699638746914067,81,0.2703561630907361,WLS,129,0.0003922883993294213
2,UPFC_Vsh,5-15,1.104307197513905,81,1.1069990654632953,WLS,129,0.0026918679493903586
3,UPFC_tsh,5-15,-0.23070010883126493,81,-0.23061415387708553,WLS,129,8.595495417940135e-05
4,UPFC_Vse,5-15,0.06043385077029066,81,0.06069057235679877,WLS,129,0.0002567215865081074
5,UPFC_tse,5-15,-2.142558990584038,81,-2.148825704264385,WLS,129,0.006266713680346925
0,x_tcsc,1-14,-0.1333440664023748,82,-0.1332490083638837,WLS,129,9.505803849110817e-05
1,B_svc,2,0.27010175141376735,82,0.2703561630907361,WLS,129,0.00025441167696876876
2,UPFC_Vsh,5-15,1.1046277743126702,82,1.1069990654632953,WLS,129,0.0023712911506250656
3,UPFC_tsh,5-15,-0.2307336539029886,82,-0.23061415387708553,WLS,129,0.00011950002590307984
4,UPFC_Vse,5-15,0.06007451316159388,82,0.06069057235679877,WLS,129,0.0006160591952048891
5,UPFC_tse,5-15,-2.145687935637925,82,-2.148825704264385,WLS,129,0.0031377686264599802
0,x_tcsc,1-14,-0.13332271225594933,83,-0.1332490083638837,WLS,129,7.370389206562411e-05
1,B_svc,2,0.26996869256619355,83,0.2703561630907361,WLS,129,0.0003874705245425769
2,UPFC_Vsh,5-15,1.1043502271118881,83,1.1069990654632953,WLS,129,0.002648838351407168
3,UPFC_tsh,5-15,-0.23073402131735854,83,-0.23061415387708553,WLS,129,0.00011986744027300822
4,UPFC_Vse,5-15,0.0601878076987616,83,0.06069057235679877,WLS,129,0.0005027646580371692
5,UPFC_tse,5-15,-2.1461534436797285,83,-2.148825704264385,WLS,129,0.0026722605846565273
0,x_tcsc,1-14,-0.13333165173525208,84,-0.1332490083638837,WLS,129,8.264337136837385e-05
1,B_svc,2,0.2703169080517315,84,0.2703561630907361,WLS,129,3.925503900464866e-05
2,UPFC_Vsh,5-15,1.104272840278268,84,1.1069990654632953,WLS,129,0.002726225185027298
3,UPFC_tsh,5-15,-0.23073435356233,84,-0.23061415387708553,WLS,129,0.00012019968524445979
4,UPFC_Vse,5-15,0.06022328477736463,84,0.06069057235679877,WLS,129,0.00046728757943413635
5,UPFC_tse,5-15,-2.1436737178430554,84,-2.148825704264385,WLS,129,0.005151986421329635
0,x_tcsc,1-14,-0.13333647839700974,85,-0.1332490083638837,WLS,129,8.747003312603585e-05
1,B_svc,2,0.269866433733942,85,0.2703561630907361,WLS,129,0.0004897293567941441
2,UPFC_Vsh,5-15,1.1044133802654492,85,1.1069990654632953,WLS,129,0.002585685197846077
3,UPFC_tsh,5-15,-0.23070661382493018,85,-0.23061415387708553,WLS,129,9.245994784465306e-05
4,UPFC_Vse,5-15,0.05989053237605715,85,0.06069057235679877,WLS,129,0.0008000399807416222
5,UPFC_tse,5-15,-2.14746327814364,85,-2.148825704264385,WLS,129,0.0013624261207452193
0,x_tcsc,1-14,-0.13333421090145128,86,-0.1332490083638837,WLS,129,8.520253756758023e-05
1,B_svc,2,0.27024001298927663,86,0.2703561630907361,WLS,129,0.00011615010145948901
2,UPFC_Vsh,5-15,1.1043526075547758,86,1.1069990654632953,WLS,129,0.002646457908519473
3,UPFC_tsh,5-15,-0.23079960613746736,86,-0.23061415387708553,WLS,129,0.00018545226038182983
4,UPFC_Vse,5-15,0.06060418648554973,86,0.06069057235679877,WLS,129,8.638587124903951e-05
5,UPFC_tse,5-15,-2.144463354165108,86,-2.148825704264385,WLS,129,0.004362350099277101
0,x_tcsc,1-14,-0.1333298425965257,87,-0.1332490083638837,WLS,129,8.083423264199086e-05
1,B_svc,2,0.2697497358684232,87,0.2703561630907361,WLS,129,0.0006064272223129108
2,UPFC_Vsh,5-15,1.1046429549248729,87,1.1069990654632953,WLS,129,0.00235611053842244
3,UPFC_tsh,5-15,-0.23071959048425045,87,-0.23061415387708553,WLS,129,0.00010543660716491599
4,UPFC_Vse,5-15,0.060161112458241066,87,0.06069057235679877,WLS,129,0.0005294598985577034
5,UPFC_tse,5-15,-2.1452134835455965,87,-2.148825704264385,WLS,129,0.003612220718788528
0,x_tcsc,1-14,-0.1333381711264407,88,-0.1332490083638837,WLS,129,8.916276255699351e-05
1,B_svc,2,0.26983639199601234,88,0.2703561630907361,WLS,129,0.0005197710947237866
2,UPFC_Vsh,5-15,1.1044850784470241,88,1.1069990654632953,WLS,129,0.0025139870162711464
3,UPFC_tsh,5-15,-0.23071484266491277,88,-0.23061415387708553,WLS,129,0.00010068878782723556
4,UPFC_Vse,5-15,0.05978856391069876,88,0.06069057235679877,WLS,129,0.0009020084461000069
5,UPFC_tse,5-15,-2.144536296099702,88,-2.148825704264385,WLS,129,0.0042894081646829285
0,x_tcsc,1-14,-0.1333476819663613,89,-0.1332490083638837,WLS,129,9.867360247758916e-05
1,B_svc,2,0.27001778559459844,89,0.2703561630907361,WLS,129,0.0003383774961376873
2,UPFC_Vsh,5-15,1.1044473960249332,89,1.1069990654632953,WLS,129,0.0025516694383620475
3,UPFC_tsh,5-15,-0.23068577675546556,89,-0.23061415387708553,WLS,129,7.162287838002879e-05
4,UPFC_Vse,5-15,0.060288015482208496,89,0.06069057235679877,WLS,129,0.00040255687459027356
5,UPFC_tse,5-15,-2.146602344723573,89,-2.148825704264385,WLS,129,0.0022233595408120976
0,x_tcsc,1-14,-0.13333616388693686,90,-0.1332490083638837,WLS,129,8.715552305316177e-05
1,B_svc,2,0.27008031644790575,90,0.2703561630907361,WLS,129,0.0002758466428303685
2,UPFC_Vsh,5-15,1.1040824173663057,90,1.1069990654632953,WLS,129,0.002916648096989549
3,UPFC_tsh,5-15,-0.23077092007103586,90,-0.23061415387708553,WLS,129,0.00015676619395033065
4,UPFC_Vse,5-15,0.06039516078005751,90,0.06069057235679877,WLS,129,0.0002954115767412613
5,UPFC_tse,5-15,-2.146648973671565,90,-2.148825704264385,WLS,129,0.0021767305928199754
0,x_tcsc,1-14,-0.133337357311515,91,-0.1332490083638837,WLS,129,8.834894763129486e-05
1,B_svc,2,0.26991417470301293,91,0.2703561630907361,WLS,129,0.00044198838772319116
2,UPFC_Vsh,5-15,1.1044196637748123,91,1.1069990654632953,WLS,129,0.0025794016884830295
3,UPFC_tsh,5-15,-0.23066626711357124,91,-0.23061415387708553,WLS,129,5.211323648571242e-05
4,UPFC_Vse,5-15,0.05987459216718238,91,0.06069057235679877,WLS,129,0.000815980189616386
5,UPFC_tse,5-15,-2.147202243668731,91,-2.148825704264385,WLS,129,0.0016234605956539916
0,x_tcsc,1-14,-0.13333895992797687,92,-0.1332490083638837,WLS,129,8.995156409316585e-05
1,B_svc,2,0.26953706279355133,92,0.2703561630907361,WLS,129,0.0008191002971847938
2,UPFC_Vsh,5-15,1.104158884683774,92,1.1069990654632953,WLS,129,0.0028401807795213063
3,UPFC_tsh,5-15,-0.23078726248637346,92,-0.23061415387708553,WLS,129,0.00017310860928793081
4,UPFC_Vse,5-15,0.05984742589135094,92,0.06069057235679877,WLS,129,0.0008431464654478291
5,UPFC_tse,5-15,-2.145591866031594,92,-2.148825704264385,WLS,129,0.0032338382327909976
0,x_tcsc,1-14,-0.13332936736502168,93,-0.1332490083638837,WLS,129,8.035900113798067e-05
1,B_svc,2,0.27026656363297424,93,0.2703561630907361,WLS,129,8.959945776187972e-05
2,UPFC_Vsh,5-15,1.10442855472013,93,1.1069990654632953,WLS,129,0.0025705107431652774
3,UPFC_tsh,5-15,-0.23072038169450235,93,-0.23061415387708553,WLS,129,0.0001062278174168152
4,UPFC_Vse,5-15,0.05999336716638851,93,0.06069057235679877,WLS,129,0.0006972051904102564
5,UPFC_tse,5-15,-2.1487770327982325,93,-2.148825704264385,WLS,129,4.8671466152505616e-05
0,x_tcsc,1-14,-0.133355421837117,94,-0.1332490083638837,WLS,129,0.00010641347323328554
1,B_svc,2,0.27076786227575744,94,0.2703561630907361,WLS,129,0.0004116991850213192
2,UPFC_Vsh,5-15,1.104123047351546,94,1.1069990654632953,WLS,129,0.002876018111749312
3,UPFC_tsh,5-15,-0.23079185955215603,94,-0.23061415387708553,WLS,129,0.00017770567507049972
4,UPFC_Vse,5-15,0.060011779101202097,94,0.06069057235679877,WLS,129,0.0006787932555966728
5,UPFC_tse,5-15,-2.151866771352232,94,-2.148825704264385,WLS,129,0.003041067087846905
0,x_tcsc,1-14,-0.13335036526807334,95,-0.1332490083638837,WLS,129,0.00010135690418963672
1,B_svc,2,0.2705474949030837,95,0.2703561630907361,WLS,129,0.0001913318123475949
2,UPFC_Vsh,5-15,1.1043213657446582,95,1.1069990654632953,WLS,129,0.002677699718637072
3,UPFC_tsh,5-15,-0.2307304705711042,95,-0.23061415387708553,WLS,129,0.00011631669401868105
4,UPFC_Vse,5-15,0.06000737696237771,95,0.06069057235679877,WLS,129,0.0006831953944210559
5,UPFC_tse,5-15,-2.1473402027502444,95,-2.148825704264385,WLS,129,0.0014855015141406192
0,x_tcsc,1-14,-0.13332413092111142,96,-0.1332490083638837,WLS,129,7.512255722771921e-05
1,B_svc,2,0.26974122253690014,96,0.2703561630907361,WLS,129,0.0006149405538359853
2,UPFC_Vsh,5-15,1.1042880342467574,96,1.1069990654632953,WLS,129,0.002711031216537929
3,UPFC_tsh,5-15,-0.2307388863152572,96,-0.23061415387708553,WLS,129,0.0001247324381716819
4,UPFC_Vse,5-15,0.05999819270180126,96,0.06069057235679877,WLS,129,0.0006923796549975075
5,UPFC_tse,5-15,-2.149420197439914,96,-2.148825704264385,WLS,129,0.000594493175528843
0,x_tcsc,1-14,-0.13333074824691188,97,-0.1332490083638837,WLS,129,8.17398830281757e-05
1,B_svc,2,0.2695055825903255,97,0.2703561630907361,WLS,129,0.000850580500410647
2,UPFC_Vsh,5-15,1.104339753051108,97,1.1069990654632953,WLS,129,0.002659312412187198
3,UPFC_tsh,5-15,-0.230764216788376,97,-0.23061415387708553,WLS,129,0.00015006291129046612
4,UPFC_Vse,5-15,0.06017245817452978,97,0.06069057235679877,WLS,129,0.0005181141822689916
5,UPFC_tse,5-15,-2.1450766790075684,97,-2.148825704264385,WLS,129,0.0037490252568166405
0,x_tcsc,1-14,-0.13332502316783948,98,-0.1332490083638837,WLS,129,7.60148039557762e-05
1,B_svc,2,0.26996338447473617,98,0.2703561630907361,WLS,129,0.0003927786159999558
2,UPFC_Vsh,5-15,1.1039938513103613,98,1.1069990654632953,WLS,129,0.003005214152933977
3,UPFC_tsh,5-15,-0.23073291633285872,98,-0.23061415387708553,WLS,129,0.00011876245577319144
4,UPFC_Vse,5-15,0.06035975821034433,98,0.06069057235679877,WLS,129,0.0003308141464544376
5,UPFC_tse,5-15,-2.145336711915012,98,-2.148825704264385,WLS,129,0.0034889923493728325
0,x_tcsc,1-14,-0.1333407420749652,99,-0.1332490083638837,WLS,129,9.173371108150974e-05
1,B_svc,2,0.2694977763551621,99,0.2703561630907361,WLS,129,0.0008583867355740349
2,UPFC_Vsh,5-15,1.1044089942922461,99,1.1069990654632953,WLS,129,0.0025900711710491464
3,UPFC_tsh,5-15,-0.23075233336699486,99,-0.23061415387708553,WLS,129,0.0001381794899093236
4,UPFC_Vse,5-15,0.05996930532002973,99,0.06069057235679877,WLS,129,0.0007212670367690369
5,UPFC_tse,5-15,-2.1493583235924327,99,-2.148825704264385,WLS,129,0.0005326193280477121
0,x_tcsc,1-14,-0.1347011955327127,0,-0.13460977774325864,WLS,131,9.141778945406798e-05
1,B_svc,2,0.2756494334723277,0,0.2759202510778324,WLS,131,0.0002708176055047362
2,UPFC_Vsh,5-15,1.1044875725627659,0,1.105896696978529,WLS,131,0.001409124415763241
3,UPFC_tsh,5-15,-0.2291089895904067,0,-0.22899421706154588,WLS,131,0.00011477252886082923
4,UPFC_Vse,5-15,0.06042226761993217,0,0.0614292436929136,WLS,131,0.001006976072981433
5,UPFC_tse,5-15,-2.145456898694485,0,-2.151988390805865,WLS,131,0.006531492111379933
0,x_tcsc,1-14,-0.13468708138007354,1,-0.13460977774325864,WLS,131,7.730363681490715e-05
1,B_svc,2,0.2754993548537728,1,0.2759202510778324,WLS,131,0.00042089622405960814
2,UPFC_Vsh,5-15,1.104261606102533,1,1.105896696978529,WLS,131,0.0016350908759961147
3,UPFC_tsh,5-15,-0.22908514628504018,1,-0.22899421706154588,WLS,131,9.0929223494296e-05
4,UPFC_Vse,5-15,0.05976152618496676,1,0.0614292436929136,WLS,131,0.0016677175079468434
5,UPFC_tse,5-15,-2.1455651891990106,1,-2.151988390805865,WLS,131,0.0064232016068541675
0,x_tcsc,1-14,-0.13468785941148778,2,-0.13460977774325864,WLS,131,7.80816682291463e-05
1,B_svc,2,0.27564590093533375,2,0.2759202510778324,WLS,131,0.0002743501424986583
2,UPFC_Vsh,5-15,1.104591035173429,2,1.105896696978529,WLS,131,0.0013056618051001667
3,UPFC_tsh,5-15,-0.22907817466117977,2,-0.22899421706154588,WLS,131,8.395759963389371e-05
4,UPFC_Vse,5-15,0.06069472687688948,2,0.0614292436929136,WLS,131,0.0007345168160241208
5,UPFC_tse,5-15,-2.1489908687673065,2,-2.151988390805865,WLS,131,0.002997522038558298
0,x_tcsc,1-14,-0.1346968880604165,3,-0.13460977774325864,WLS,131,8.711031715785689e-05
1,B_svc,2,0.27543110752984284,3,0.2759202510778324,WLS,131,0.0004891435479895678
2,UPFC_Vsh,5-15,1.104743152907158,3,1.105896696978529,WLS,131,0.0011535440713710265
3,UPFC_tsh,5-15,-0.2290525907085363,3,-0.22899421706154588,WLS,131,5.83736469904339e-05
4,UPFC_Vse,5-15,0.06075400407670023,3,0.0614292436929136,WLS,131,0.0006752396162133731
5,UPFC_tse,5-15,-2.1456391866773283,3,-2.151988390805865,WLS,131,0.0063492041285364564
0,x_tcsc,1-14,-0.13468738182609602,4,-0.13460977774325864,WLS,131,7.760408283738474e-05
1,B_svc,2,0.2751300787576953,4,0.2759202510778324,WLS,131,0.0007901723201371169
2,UPFC_Vsh,5-15,1.1046058378370818,4,1.105896696978529,WLS,131,0.0012908591414473314
3,UPFC_tsh,5-15,-0.22910081628412657,4,-0.22899421706154588,WLS,131,0.00010659922258068888
4,UPFC_Vse,5-15,0.06028251333785343,4,0.0614292436929136,WLS,131,0.0011467303550601743
5,UPFC_tse,5-15,-2.1481749558127943,4,-2.151988390805865,WLS,131,0.003813434993070519
0,x_tcsc,1-14,-0.13466925255698944,5,-0.13460977774325864,WLS,131,5.947481373080876e-05
1,B_svc,2,0.27564922570844225,5,0.2759202510778324,WLS,131,0.0002710253693901654
2,UPFC_Vsh,5-15,1.1043686766491234,5,1.105896696978529,WLS,131,0.0015280203294056882
3,UPFC_tsh,5-15,-0.2291902432500173,5,-0.22899421706154588,WLS,131,0.00019602618847142095
4,UPFC_Vse,5-15,0.060741669772570124,5,0.0614292436929136,WLS,131,0.0006875739203434789
5,UPFC_tse,5-15,-2.141120980670964,5,-2.151988390805865,WLS,131,0.01086741013490089
0,x_tcsc,1-14,-0.13467973949318582,6,-0.13460977774325864,WLS,131,6.996174992718318e-05
1,B_svc,2,0.2754542824197569,6,0.2759202510778324,WLS,131,0.0004659686580755218
2,UPFC_Vsh,5-15,1.1050389617830727,6,1.105896696978529,WLS,131,0.0008577351954563994
3,UPFC_tsh,5-15,-0.229100083958728,6,-0.22899421706154588,WLS,131,0.00010586689718211639
4,UPFC_Vse,5-15,0.06038726894102245,6,0.0614292436929136,WLS,131,0.0010419747518911546
5,UPFC_tse,5-15,-2.148233396958616,6,-2.151988390805865,WLS,131,0.0037549938472487554
0,x_tcsc,1-14,-0.13469969293243414,7,-0.13460977774325864,WLS,131,8.991518917550456e-05
1,B_svc,2,0.2755066080665315,7,0.2759202510778324,WLS,131,0.00041364301130092374
2,UPFC_Vsh,5-15,1.104549359979204,7,1.105896696978529,WLS,131,0.0013473369993250994
3,UPFC_tsh,5-15,-0.22912301388950884,7,-0.22899421706154588,WLS,131,0.00012879682796296255
4,UPFC_Vse,5-15,0.0603586191987073,7,0.0614292436929136,WLS,131,0.0010706244942063
5,UPFC_tse,5-15,-2.150003304048451,7,-2.151988390805865,WLS,131,0.001985086757413601
0,x_tcsc,1-14,-0.13468617892487567,8,-0.13460977774325864,WLS,131,7.640118161703069e-05
1,B_svc,2,0.2754233433463369,8,0.2759202510778324,WLS,131,0.0004969077314955217
2,UPFC_Vsh,5-15,1.1046184565094102,8,1.105896696978529,WLS,131,0.001278240469118952
3,UPFC_tsh,5-15,-0.22910132289061716,8,-0.22899421706154588,WLS,131,0.00010710582907128008
4,UPFC_Vse,5-15,0.06063255525129877,8,0.0614292436929136,WLS,131,0.0007966884416148318
5,UPFC_tse,5-15,-2.151304169010211,8,-2.151988390805865,WLS,131,0.000684221795653972
0,x_tcsc,1-14,-0.13469074913899826,9,-0.13460977774325864,WLS,131,8.097139573962076e-05
1,B_svc,2,0.2753545388695162,9,0.2759202510778324,WLS,131,0.0005657122083161936
2,UPFC_Vsh,5-15,1.1044049445354256,9,1.105896696978529,WLS,131,0.0014917524431035112
3,UPFC_tsh,5-15,-0.2290723688564406,9,-0.22899421706154588,WLS,131,7.81517948947319e-05
4,UPFC_Vse,5-15,0.060469939395874785,9,0.0614292436929136,WLS,131,0.0009593042970388183
5,UPFC_tse,5-15,-2.144518021626999,9,-2.151988390805865,WLS,131,0.007470369178865788
0,x_tcsc,1-14,-0.1346852251384759,10,-0.13460977774325864,WLS,131,7.544739521725408e-05
1,B_svc,2,0.2760200647901401,10,0.2759202510778324,WLS,131,9.981371230766145e-05
2,UPFC_Vsh,5-15,1.104655813827005,10,1.105896696978529,WLS,131,0.0012408831515240415
3,UPFC_tsh,5-15,-0.22908153193169137,10,-0.22899421706154588,WLS,131,8.731487014548844e-05
4,UPFC_Vse,5-15,0.06045964067078491,10,0.0614292436929136,WLS,131,0.0009696030221286941
5,UPFC_tse,5-15,-2.1500634334670616,10,-2.151988390805865,WLS,131,0.0019249573388031571
0,x_tcsc,1-14,-0.134667157224577,11,-0.13460977774325864,WLS,131,5.737948131837034e-05
1,B_svc,2,0.2753203296608303,11,0.2759202510778324,WLS,131,0.0005999214170021028
2,UPFC_Vsh,5-15,1.1047397555399943,11,1.105896696978529,WLS,131,0.001156941438534842
3,UPFC_tsh,5-15,-0.2290585093948759,11,-0.22899421706154588,WLS,131,6.429233333002382e-05
4,UPFC_Vse,5-15,0.060479123763447835,11,0.0614292436929136,WLS,131,0.0009501199294657675
5,UPFC_tse,5-15,-2.1456000710920065,11,-2.151988390805865,WLS,131,0.006388319713858337
0,x_tcsc,1-14,-0.13470404547159634,12,-0.13460977774325864,WLS,131,9.426772833770469e-05
1,B_svc,2,0.276083052892853,12,0.2759202510778324,WLS,131,0.00016280181502059676
2,UPFC_Vsh,5-15,1.1045363565904884,12,1.105896696978529,WLS,131,0.0013603403880406706
3,UPFC_tsh,5-15,-0.22910956661306228,12,-0.22899421706154588,WLS,131,0.00011534955151640269
4,UPFC_Vse,5-15,0.059738160752692615,12,0.0614292436929136,WLS,131,0.0016910829402209879
5,UPFC_tse,5-15,-2.147086057719062,12,-2.151988390805865,WLS,131,0.00490233308680299
0,x_tcsc,1-14,-0.13467548751528013,13,-0.13460977774325864,WLS,131,6.570977202149941e-05
1,B_svc,2,0.275930056849146,13,0.2759202510778324,WLS,131,9.805771313597944e-06
2,UPFC_Vsh,5-15,1.1047210617922196,13,1.105896696978529,WLS,131,0.001175635186309476
3,UPFC_tsh,5-15,-0.22903629834474654,13,-0.22899421706154588,WLS,131,4.208128320065674e-05
4,UPFC_Vse,5-15,0.05988032650663353,13,0.0614292436929136,WLS,131,0.0015489171862800716
5,UPFC_tse,5-15,-2.14724947498869,13,-2.151988390805865,WLS,131,0.0047389158171746715
0,x_tcsc,1-14,-0.1347011414782517,14,-0.13460977774325864,WLS,131,9.136373499307737e-05
1,B_svc,2,0.27562923063879424,14,0.2759202510778324,WLS,131,0.0002910204390381699
2,UPFC_Vsh,5-15,1.1041821682933206,14,1.105896696978529,WLS,131,0.001714528685208494
3,UPFC_tsh,5-15,-0.22910820358652206,14,-0.22899421706154588,WLS,131,0.000113986524976184
4,UPFC_Vse,5-15,0.06037083915782763,14,0.0614292436929136,WLS,131,0.0010584045350859744
5,UPFC_tse,5-15,-2.1428446834323234,14,-2.151988390805865,WLS,131,0.009143707373541421
0,x_tcsc,1-14,-0.13467680998987064,15,-0.13460977774325864,WLS,131,6.703224661200324e-05
1,B_svc,2,0.2754142811216248,15,0.2759202510778324,WLS,131,0.0005059699562076081
2,UPFC_Vsh,5-15,1.1044204614160729,15,1.105896696978529,WLS,131,0.0014762355624562407
3,UPFC_tsh,5-15,-0.22905525531546359,15,-0.22899421706154588,WLS,131,6.103825391770568e-05
4,UPFC_Vse,5-15,0.06038379636595405,15,0.0614292436929136,WLS,131,0.0010454473269595546
5,UPFC_tse,5-15,-2.1440795073821195,15,-2.151988390805865,WLS,131,0.007908883423745294
0,x_tcsc,1-14,-0.13470655797557327,16,-0.13460977774325864,WLS,131,9.678023231463051e-05
1,B_svc,2,0.27585494924681236,16,0.2759202510778324,WLS,131,6.530183102004816e-05
2,UPFC_Vsh,5-15,1.1044208508525397,16,1.105896696978529,WLS,131,0.0014758461259893885
3,UPFC_tsh,5-15,-0.22905135837179402,16,-0.22899421706154588,WLS,131,5.7141310248143284e-05
4,UPFC_Vse,5-15,0.060088279738056825,16,0.0614292436929136,WLS,131,0.0013409639548567776
5,UPFC_tse,5-15,-2.1475198555381603,16,-2.151988390805865,WLS,131,0.004468535267704521
0,x_tcsc,1-14,-0.13469362444973382,17,-0.13460977774325864,WLS,131,8.384670647518244e-05
1,B_svc,2,0.2760088796700979,17,0.2759202510778324,WLS,131,8.862859226549391e-05
2,UPFC_Vsh,5-15,1.1041015860212966,17,1.105896696978529,WLS,131,0.0017951109572325041
3,UPFC_tsh,5-15,-0.229091579514015,17,-0.22899421706154588,WLS,131,9.736245246910746e-05
4,UPFC_Vse,5-15,0.06038018012963441,17,0.0614292436929136,WLS,131,0.00104906356327919
5,UPFC_tse,5-15,-2.1463273731416823,17,-2.151988390805865,WLS,131,0.005661017664182477
0,x_tcsc,1-14,-0.13469753276188057,18,-0.13460977774325864,WLS,131,8.775501862193225e-05
1,B_svc,2,0.27576795844339935,18,0.2759202510778324,WLS,131,0.00015229263443305996
2,UPFC_Vsh,5-15,1.1045429903811486,18,1.105896696978529,WLS,131,0.001353706597380544
3,UPFC_tsh,5-15,-0.2290878406722015,18,-0.22899421706154588,WLS,131,9.36236106556243e-05
4,UPFC_Vse,5-15,0.06085677894471815,18,0.0614292436929136,WLS,131,0.0005724647481954517
5,UPFC_tse,5-15,-2.1434869383147848,18,-2.151988390805865,WLS,131,0.00850145249108003
0,x_tcsc,1-14,-0.13468932513916895,19,-0.13460977774325864,WLS,131,7.954739591031768e-05
1,B_svc,2,0.2756394307971286,19,0.2759202510778324,WLS,131,0.0002808202807038085
2,UPFC_Vsh,5-15,1.1041707542192083,19,1.105896696978529,WLS,131,0.0017259427593208088
3,UPFC_tsh,5-15,-0.22912273990612947,19,-0.22899421706154588,WLS,131,0.00012852284458358954
4,UPFC_Vse,5-15,0.06051227271506738,19,0.0614292436929136,WLS,131,0.0009169709778462237
5,UPFC_tse,5-15,-2.1471208641747075,19,-2.151988390805865,WLS,131,0.004867526631157304
0,x_tcsc,1-14,-0.13469995352361702,20,-0.13460977774325864,WLS,131,9.017578035838691e-05
1,B_svc,2,0.2760340186830345,20,0.2759202510778324,WLS,131,0.0001137676052020975
2,UPFC_Vsh,5-15,1.1043087753493226,20,1.105896696978529,WLS,131,0.0015879216292065124
3,UPFC_tsh,5-15,-0.2290909247152083,20,-0.22899421706154588,WLS,131,9.670765366243117e-05
4,UPFC_Vse,5-15,0.06053796478134622,20,0.0614292436929136,WLS,131,0.0008912789115673864
5,UPFC_tse,5-15,-2.145008294797124,20,-2.151988390805865,WLS,131,0.006980096008740944
0,x_tcsc,1-14,-0.1346821944959804,21,-0.13460977774325864,WLS,131,7.241675272176562e-05
1,B_svc,2,0.27554568431281373,21,0.2759202510778324,WLS,131,0.00037456676501868014
2,UPFC_Vsh,5-15,1.1045515719500347,21,1.105896696978529,WLS,131,0.001345125028494376
3,UPFC_tsh,5-15,-0.22908391966027242,21,-0.22899421706154588,WLS,131,8.970259872653763e-05
4,UPFC_Vse,5-15,0.060639658871724185,21,0.0614292436929136,WLS,131,0.000789584821189418
5,UPFC_tse,5-15,-2.147517667396126,21,-2.151988390805865,WLS,131,0.004470723409738753
0,x_tcsc,1-14,-0.13468511274756603,22,-0.13460977774325864,WLS,131,7.533500430739748e-05
1,B_svc,2,0.27584319501407834,22,0.2759202510778324,WLS,131,7.705606375407736e-05
2,UPFC_Vsh,5-15,1.1044503804285792,22,1.105896696978529,WLS,131,0.0014463165499498665
3,UPFC_tsh,5-15,-0.22906958332701977,22,-0.22899421706154588,WLS,131,7.536626547388625e-05
4,UPFC_Vse,5-15,0.060061724154332585,22,0.0614292436929136,WLS,131,0.0013675195385810177
5,UPFC_tse,5-15,-2.1478305900687085,22,-2.151988390805865,WLS,131,0.004157800737156325
0,x_tcsc,1-14,-0.1347082176888241,23,-0.13460977774325864,WLS,131,9.843994556546498e-05
1,B_svc,2,0.2758022505278398,23,0.2759202510778324,WLS,131,0.000118000549992614
2,UPFC_Vsh,5-15,1.104204832718136,23,1.105896696978529,WLS,131,0.0016918642603931389
3,UPFC_tsh,5-15,-0.2291329889551778,23,-0.22899421706154588,WLS,131,0.0001387718936319282
4,UPFC_Vse,5-15,0.06044351328772479,23,0.0614292436929136,WLS,131,0.0009857304051888102
5,UPFC_tse,5-15,-2.14440686231541,23,-2.151988390805865,WLS,131,0.007581528490455014
0,x_tcsc,1-14,-0.1346858292557661,24,-0.13460977774325864,WLS,131,7.605151250747455e-05
1,B_svc,2,0.2759092797772756,24,0.2759202510778324,WLS,131,1.0971300556827934e-05
2,UPFC_Vsh,5-15,1.1041271670603443,24,1.105896696978529,WLS,131,0.0017695299181847979
3,UPFC_tsh,5-15,-0.2290721249134789,24,-0.22899421706154588,WLS,131,7.79078519330123e-05
4,UPFC_Vse,5-15,0.060587499625082614,24,0.0614292436929136,WLS,131,0.0008417440678309893
5,UPFC_tse,5-15,-2.143332114509187,24,-2.151988390805865,WLS,131,0.008656276296677756
0,x_tcsc,1-14,-0.13469373897162143,25,-0.13460977774325864,WLS,131,8.39612283627944e-05
1,B_svc,2,0.2749715426997211,25,0.2759202510778324,WLS,131,0.0009487083781112848
2,UPFC_Vsh,5-15,1.1045964366555965,25,1.105896696978529,WLS,131,0.0013002603229326226
3,UPFC_tsh,5-15,-0.22909164419521538,25,-0.22899421706154588,WLS,131,9.742713366950317e-05
4,UPFC_Vse,5-15,0.060332264347453805,25,0.0614292436929136,WLS,131,0.0010969793454597976
5,UPFC_tse,5-15,-2.147729172095068,25,-2.151988390805865,WLS,131,0.004259218710796819
0,x_tcsc,1-14,-0.1346940187817357,26,-0.13460977774325864,WLS,131,8.424103847706754e-05
1,B_svc,2,0.2756548356135333,26,0.2759202510778324,WLS,131,0.00026541546429909024
2,UPFC_Vsh,5-15,1.1043841641430425,26,1.105896696978529,WLS,131,0.0015125328354865797
3,UPFC_tsh,5-15,-0.2290827629102804,26,-0.22899421706154588,WLS,131,8.854584873452254e-05
4,UPFC_Vse,5-15,0.060397489904490044,26,0.0614292436929136,WLS,131,0.001031753788423559
5,UPFC_tse,5-15,-2.1488742185136225,26,-2.151988390805865,WLS,131,0.003114172292242312
0,x_tcsc,1-14,-0.13465726662763008,27,-0.13460977774325864,WLS,131,4.748888437144938e-05
1,B_svc,2,0.27565391169702946,27,0.2759202510778324,WLS,131,0.00026633938080294906
2,UPFC_Vsh,5-15,1.104316798947885,27,1.105896696978529,WLS,131,0.0015798980306440669
3,UPFC_tsh,5-15,-0.22909024594460264,27,-0.22899421706154588,WLS,131,9.60288830567646e-05
4,UPFC_Vse,5-15,0.06041184216557434,27,0.0614292436929136,WLS,131,0.0010174015273392636
5,UPFC_tse,5-15,-2.145533586226137,27,-2.151988390805865,WLS,131,0.006454804579727913
0,x_tcsc,1-14,-0.13469695659302997,28,-0.13460977774325864,WLS,131,8.717884977132995e-05
1,B_svc,2,0.2755203795793391,28,0.2759202510778324,WLS,131,0.0003998714984932983
2,UPFC_Vsh,5-15,1.1046341986012789,28,1.105896696978529,WLS,131,0.0012624983772502318
3,UPFC_tsh,5-15,-0.22908551307243855,28,-0.22899421706154588,WLS,131,9.129601089266637e-05
4,UPFC_Vse,5-15,0.06072445970732117,28,0.0614292436929136,WLS,131,0.0007047839855924345
5,UPFC_tse,5-15,-2.14486515033972,28,-2.151988390805865,WLS,131,0.007123240466144765
0,x_tcsc,1-14,-0.13468795156373464,29,-0.13460977774325864,WLS,131,7.81738204760074e-05
1,B_svc,2,0.27564371739487115,29,0.2759202510778324,WLS,131,0.00027653368296126635
2,UPFC_Vsh,5-15,1.1045788750955003,29,1.105896696978529,WLS,131,0.001317821883028758
3,UPFC_tsh,5-15,-0.22903192430738423,29,-0.22899421706154588,WLS,131,3.7707245838347614e-05
4,UPFC_Vse,5-15,0.06040957283245802,29,0.0614292436929136,WLS,131,0.001019670860455582
5,UPFC_tse,5-15,-2.1462815498910217,29,-2.151988390805865,WLS,131,0.005706840914843081
0,x_tcsc,1-14,-0.13466979922202163,30,-0.13460977774325864,WLS,131,6.0021478762994906e-05
1,B_svc,2,0.27573398932608645,30,0.2759202510778324,WLS,131,0.00018626175174596415
2,UPFC_Vsh,5-15,1.1045835138714795,30,1.105896696978529,WLS,131,0.0013131831070496425
3,UPFC_tsh,5-15,-0.22905891966551264,30,-0.22899421706154588,WLS,131,6.47026039667653e-05
4,UPFC_Vse,5-15,0.06028848907835468,30,0.0614292436929136,WLS,131,0.0011407546145589254
5,UPFC_tse,5-15,-2.146617459634436,30,-2.151988390805865,WLS,131,0.00537093117142895
0,x_tcsc,1-14,-0.13469805283057434,31,-0.13460977774325864,WLS,131,8.827508731570899e-05
1,B_svc,2,0.27531160008065225,31,0.2759202510778324,WLS,131,0.0006086509971801601
2,UPFC_Vsh,5-15,1.1043802053477927,31,1.105896696978529,WLS,131,0.0015164916307364162
3,UPFC_tsh,5-15,-0.2290619485281692,31,-0.22899421706154588,WLS,131,6.773146662331087e-05
4,UPFC_Vse,5-15,0.060480608442031084,31,0.0614292436929136,WLS,131,0.0009486352508825194
5,UPFC_tse,5-15,-2.1470563639112403,31,-2.151988390805865,WLS,131,0.004932026894624464
0,x_tcsc,1-14,-0.13468768375598208,32,-0.13460977774325864,WLS,131,7.790601272344988e-05
1,B_svc,2,0.27567520222128694,32,0.2759202510778324,WLS,131,0.00024504885654547115
2,UPFC_Vsh,5-15,1.1041688688273932,32,1.105896696978529,WLS,131,0.001727828151135924
3,UPFC_tsh,5-15,-0.22914113138441566,32,-0.22899421706154588,WLS,131,0.00014691432286978445
4,UPFC_Vse,5-15,0.060635079301995826,32,0.0614292436929136,WLS,131,0.0007941643909177773
5,UPFC_tse,5-15,-2.14564082324561,32,-2.151988390805865,WLS,131,0.006347567560254674
0,x_tcsc,1-14,-0.1346863556390366,33,-0.13460977774325864,WLS,131,7.657789577797391e-05
1,B_svc,2,0.2754702301772551,33,0.2759202510778324,WLS,131,0.00045002090057733035
2,UPFC_Vsh,5-15,1.1045249942516822,33,1.105896696978529,WLS,131,0.0013717027268469462
3,UPFC_tsh,5-15,-0.22908580517904467,33,-0.22899421706154588,WLS,131,9.158811749879203e-05
4,UPFC_Vse,5-15,0.06007051834511613,33,0.0614292436929136,WLS,131,0.0013587253477974695
5,UPFC_tse,5-15,-2.148080455626161,33,-2.151988390805865,WLS,131,0.003907935179703781
0,x_tcsc,1-14,-0.13470085279590355,34,-0.13460977774325864,WLS,131,9.107505264491222e-05
1,B_svc,2,0.2760413633522649,34,0.2759202510778324,WLS,131,0.00012111227443251105
2,UPFC_Vsh,5-15,1.1043547220875567,34,1.105896696978529,WLS,131,0.0015419748909724085
3,UPFC_tsh,5-15,-0.2291327060372676,34,-0.22899421706154588,WLS,131,0.0001384889757217178
4,UPFC_Vse,5-15,0.06038502123786384,34,0.0614292436929136,WLS,131,0.0010442224550497661
5,UPFC_tse,5-15,-2.1491547221500813,34,-2.151988390805865,WLS,131,0.0028336686557834945
0,x_tcsc,1-14,-0.13470404854397622,35,-0.13460977774325864,WLS,131,9.427080071758298e-05
1,B_svc,2,0.27571388967644384,35,0.2759202510778324,WLS,131,0.00020636140138857728
2,UPFC_Vsh,5-15,1.1044478377190516,35,1.105896696978529,WLS,131,0.001448859259477464
3,UPFC_tsh,5-15,-0.22912323714208857,35,-0.22899421706154588,WLS,131,0.0001290200805426911
4,UPFC_Vse,5-15,0.06038762707753299,35,0.0614292436929136,WLS,131,0.0010416166153806097
5,UPFC_tse,5-15,-2.1475875972661997,35,-2.151988390805865,WLS,131,0.004400793539665049
0,x_tcsc,1-14,-0.13469107876550288,36,-0.13460977774325864,WLS,131,8.130102224424007e-05
1,B_svc,2,0.27550291729369164,36,0.2759202510778324,WLS,131,0.00041733378414077205
2,UPFC_Vsh,5-15,1.1042971014930274,36,1.105896696978529,WLS,131,0.0015995954855017036
3,UPFC_tsh,5-15,-0.22913915495737056,36,-0.22899421706154588,WLS,131,0.0001449378958246761
4,UPFC_Vse,5-15,0.06006951184778525,36,0.0614292436929136,WLS,131,0.0013597318451283522
5,UPFC_tse,5-15,-2.1462561721654003,36,-2.151988390805865,WLS,131,0.00573221864046447
0,x_tcsc,1-14,-0.13470052264320423,37,-0.13460977774325864,WLS,131,9.074489994559398e-05
1,B_svc,2,0.27526300985114877,37,0.2759202510778324,WLS,131,0.0006572412266836469
2,UPFC_Vsh,5-15,1.1044180715278664,37,1.105896696978529,WLS,131,0.001478625450662685
3,UPFC_tsh,5-15,-0.22907091915317598,37,-0.22899421706154588,WLS,131,7.670209163010422e-05
4,UPFC_Vse,5-15,0.060384359207668256,37,0.0614292436929136,WLS,131,0.0010448844852453468
5,UPFC_tse,5-15,-2.1486347177288483,37,-2.151988390805865,WLS,131,0.0033536730770165057
0,x_tcsc,1-14,-0.13469518447799475,38,-0.13460977774325864,WLS,131,8.540673473611538e-05
1,B_svc,2,0.2756088158381417,38,0.2759202510778324,WLS,131,0.0003114352396907383
2,UPFC_Vsh,5-15,1.1043888741729377,38,1.105896696978529,WLS,131,0.0015078228055913634
3,UPFC_tsh,5-15,-0.22910265882113004,38,-0.22899421706154588,WLS,131,0.00010844175958416025
4,UPFC_Vse,5-15,0.060522081826140696,38,0.0614292436929136,WLS,131,0.000907161866772907
5,UPFC_tse,5-15,-2.1466003510145617,38,-2.151988390805865,WLS,131,0.00538803979130309
0,x_tcsc,1-14,-0.13468111656200657,39,-0.13460977774325864,WLS,131,7.133881874793468e-05
1,B_svc,2,0.27527589527182267,39,0.2759202510778324,WLS,131,0.0006443558060097443
2,UPFC_Vsh,5-15,1.1045043851259209,39,1.105896696978529,WLS,131,0.0013923118526082412
3,UPFC_tsh,5-15,-0.2290801391514026,39,-0.22899421706154588,WLS,131,8.592208985672145e-05
4,UPFC_Vse,5-15,0.06043481089027296,39,0.0614292436929136,WLS,131,0.0009944328026406449
5,UPFC_tse,5-15,-2.147958186210816,39,-2.151988390805865,WLS,131,0.004030204595048659
0,x_tcsc,1-14,-0.13471698296440587,40,-0.13460977774325864,WLS,131,0.00010720522114723852
1,B_svc,2,0.27565156498663196,40,0.2759202510778324,WLS,131,0.00026868609120045406
2,UPFC_Vsh,5-15,1.1044059330814247,40,1.105896696978529,WLS,131,0.0014907638971044523
3,UPFC_tsh,5-15,-0.22912635888382443,40,-0.22899421706154588,WLS,131,0.0001321418222785531
4,UPFC_Vse,5-15,0.0605218408659845,40,0.0614292436929136,WLS,131,0.0009074028269291032
5,UPFC_tse,5-15,-2.1444938871543293,40,-2.151988390805865,WLS,131,0.007494503651535478
0,x_tcsc,1-14,-0.13466898375588168,41,-0.13460977774325864,WLS,131,5.920601262304759e-05
1,B_svc,2,0.2756677635247796,41,0.2759202510778324,WLS,131,0.0002524875530527937
2,UPFC_Vsh,5-15,1.1041661427656582,41,1.105896696978529,WLS,131,0.0017305542128709384
3,UPFC_tsh,5-15,-0.229125263650981,41,-0.22899421706154588,WLS,131,0.0001310465894351076
4,UPFC_Vse,5-15,0.06043750044126704,41,0.0614292436929136,WLS,131,0.000991743251646561
5,UPFC_tse,5-15,-2.1476891227957617,41,-2.151988390805865,WLS,131,0.004299268010103052
0,x_tcsc,1-14,-0.13470073216208184,42,-0.13460977774325864,WLS,131,9.095441882320254e-05
1,B_svc,2,0.2757517166191924,42,0.2759202510778324,WLS,131,0.00016853445864001282
2,UPFC_Vsh,5-15,1.1045038736998458,42,1.105896696978529,WLS,131,0.0013928232786832861
3,UPFC_tsh,5-15,-0.22910111294295749,42,-0.22899421706154588,WLS,131,0.00010689588141160611
4,UPFC_Vse,5-15,0.060507519972482035,42,0.0614292436929136,WLS,131,0.0009217237204315679
5,UPFC_tse,5-15,-2.1461792458593036,42,-2.151988390805865,WLS,131,0.005809144946561151
0,x_tcsc,1-14,-0.13469762407244082,43,-0.13460977774325864,WLS,131,8.784632918218405e-05
1,B_svc,2,0.2759774774108285,43,0.2759202510778324,WLS,131,5.7226332996096474e-05
2,UPFC_Vsh,5-15,1.1044230227082197,43,1.105896696978529,WLS,131,0.0014736742703094219
3,UPFC_tsh,5-15,-0.22912287802167064,43,-0.22899421706154588,WLS,131,0.00012866096012476014
4,UPFC_Vse,5-15,0.06000692853409771,43,0.0614292436929136,WLS,131,0.0014223151588158914
5,UPFC_tse,5-15,-2.146906195577982,43,-2.151988390805865,WLS,131,0.005082195227883002
0,x_tcsc,1-14,-0.13469631203575802,44,-0.13460977774325864,WLS,131,8.653429249938505e-05
1,B_svc,2,0.27565819487895915,44,0.2759202510778324,WLS,131,0.0002620561988732617
2,UPFC_Vsh,5-15,1.1045165077559191,44,1.105896696978529,WLS,131,0.0013801892226099621
3,UPFC_tsh,5-15,-0.22908890382994868,44,-0.22899421706154588,WLS,131,9.468676840279633e-05
4,UPFC_Vse,5-15,0.06035888935398486,44,0.0614292436929136,WLS,131,0.0010703543389287418
5,UPFC_tse,5-15,-2.144485822016571,44,-2.151988390805865,WLS,131,0.007502568789294006
0,x_tcsc,1-14,-0.1346796833378667,45,-0.13460977774325864,WLS,131,6.990559460806622e-05
1,B_svc,2,0.2753902661894608,45,0.2759202510778324,WLS,131,0.0005299848883716374
2,UPFC_Vsh,5-15,1.104467993996112,45,1.105896696978529,WLS,131,0.0014287029824171515
3,UPFC_tsh,5-15,-0.2291619360043889,45,-0.22899421706154588,WLS,131,0.00016771894284300926
4,UPFC_Vse,5-15,0.0600975227829694,45,0.0614292436929136,WLS,131,0.0013317209099442048
5,UPFC_tse,5-15,-2.149568367641859,45,-2.151988390805865,WLS,131,0.0024200231640056913
0,x_tcsc,1-14,-0.13467911474055785,46,-0.13460977774325864,WLS,131,6.93369972992186e-05
1,B_svc,2,0.27548302196881996,46,0.2759202510778324,WLS,131,0.00043722910901244916
2,UPFC_Vsh,5-15,1.1043326689313653,46,1.105896696978529,WLS,131,0.0015640280471638235
3,UPFC_tsh,5-15,-0.22909523179511107,46,-0.22899421706154588,WLS,131,0.0001010147335651912
4,UPFC_Vse,5-15,0.060595665542427735,46,0.0614292436929136,WLS,131,0.0008335781504858683
5,UPFC_tse,5-15,-2.1434260590139305,46,-2.151988390805865,WLS,131,0.00856233179193433
0,x_tcsc,1-14,-0.1346988428911447,47,-0.13460977774325864,WLS,131,8.906514788606379e-05
1,B_svc,2,0.2756623907996747,47,0.2759202510778324,WLS,131,0.0002578602781577177
2,UPFC_Vsh,5-15,1.104471797447987,47,1.105896696978529,WLS,131,0.0014248995305421452
3,UPFC_tsh,5-15,-0.2291227288705685,47,-0.22899421706154588,WLS,131,0.0001285118090226245
4,UPFC_Vse,5-15,0.05980635065665344,47,0.0614292436929136,WLS,131,0.0016228930362601618
5,UPFC_tse,5-15,-2.148234572639632,47,-2.151988390805865,WLS,131,0.0037538181662326586
0,x_tcsc,1-14,-0.1346914620416937,48,-0.13460977774325864,WLS,131,8.168429843505298e-05
1,B_svc,2,0.2757174145036733,48,0.2759202510778324,WLS,131,0.00020283657415909317
2,UPFC_Vsh,5-15,1.104746145564509,48,1.105896696978529,WLS,131,0.0011505514140202067
3,UPFC_tsh,5-15,-0.22907329159294304,48,-0.22899421706154588,WLS,131,7.907453139716081e-05
4,UPFC_Vse,5-15,0.060570019266709026,48,0.0614292436929136,WLS,131,0.0008592244262045773
5,UPFC_tse,5-15,-2.1476553970637564,48,-2.151988390805865,WLS,131,0.004332993742108382
0,x_tcsc,1-14,-0.13470129463629504,49,-0.13460977774325864,WLS,131,9.151689303640853e-05
1,B_svc,2,0.27535175148281926,49,0.2759202510778324,WLS,131,0.00056849959501315
2,UPFC_Vsh,5-15,1.104487148425019,49,1.105896696978529,WLS,131,0.0014095485535101648
3,UPFC_tsh,5-15,-0.22912501223179,49,-0.22899421706154588,WLS,131,0.00013079517024411347
4,UPFC_Vse,5-15,0.06046587945759432,49,0.0614292436929136,WLS,131,0.0009633642353192862
5,UPFC_tse,5-15,-2.145301937079048,49,-2.151988390805865,WLS,131,0.0066864537268167545
0,x_tcsc,1-14,-0.13469688219204137,50,-0.13460977774325864,WLS,131,8.710444878273771e-05
1,B_svc,2,0.27576795109274665,50,0.2759202510778324,WLS,131,0.0001522999850857576
2,UPFC_Vsh,5-15,1.104746178759181,50,1.105896696978529,WLS,131,0.0011505182193480845
3,UPFC_tsh,5-15,-0.2291048991129601,50,-0.22899421706154588,WLS,131,0.00011068205141420706
4,UPFC_Vse,5-15,0.06059486449710595,50,0.0614292436929136,WLS,131,0.000834379195807651
5,UPFC_tse,5-15,-2.147153853521002,50,-2.151988390805865,WLS,131,0.004834537284862606
0,x_tcsc,1-14,-0.13470057818226608,51,-0.13460977774325864,WLS,131,9.08004390074435e-05
1,B_svc,2,0.2755430635311386,51,0.2759202510778324,WLS,131,0.0003771875466938024
2,UPFC_Vsh,5-15,1.104353623648298,51,1.105896696978529,WLS,131,0.0015430733302310706
3,UPFC_tsh,5-15,-0.22916823656540886,51,-0.22899421706154588,WLS,131,0.0001740195038629766
4,UPFC_Vse,5-15,0.06056651459275252,51,0.0614292436929136,WLS,131,0.0008627291001610804
5,UPFC_tse,5-15,-2.1445796925390432,51,-2.151988390805865,WLS,131,0.007408698266821556
0,x_tcsc,1-14,-0.13468671741074856,52,-0.13460977774325864,WLS,131,7.693966748992254e-05
1,B_svc,2,0.2760460727638313,52,0.2759202510778324,WLS,131,0.00012582168599889476
2,UPFC_Vsh,5-15,1.1045582854601192,52,1.105896696978529,WLS,131,0.0013384115184098544
3,UPFC_tsh,5-15,-0.22912603707842003,52,-0.22899421706154588,WLS,131,0.00013182001687414568
4,UPFC_Vse,5-15,0.06038365846152282,52,0.0614292436929136,WLS,131,0.0010455852313907832
5,UPFC_tse,5-15,-2.149538272493886,52,-2.151988390805865,WLS,131,0.002450118311978944
0,x_tcsc,1-14,-0.13467911765051327,53,-0.13460977774325864,WLS,131,6.933990725463413e-05
1,B_svc,2,0.2757430068169026,53,0.2759202510778324,WLS,131,0.00017724426092979861
2,UPFC_Vsh,5-15,1.1043433437114505,53,1.105896696978529,WLS,131,0.0015533532670786165
3,UPFC_tsh,5-15,-0.2291969172212775,53,-0.22899421706154588,WLS,131,0.00020270015973161692
4,UPFC_Vse,5-15,0.060501844765175394,53,0.0614292436929136,WLS,131,0.0009273989277382086
5,UPFC_tse,5-15,-2.1483819577511256,53,-2.151988390805865,WLS,131,0.0036064330547391776
0,x_tcsc,1-14,-0.134700430498039,54,-0.13460977774325864,WLS,131,9.065275478037371e-05
1,B_svc,2,0.2758304153976507,54,0.2759202510778324,WLS,131,8.983568018172683e-05
2,UPFC_Vsh,5-15,1.1044876443451153,54,1.105896696978529,WLS,131,0.0014090526334138431
3,UPFC_tsh,5-15,-0.22910313111979685,54,-0.22899421706154588,WLS,131,0.00010891405825097511
4,UPFC_Vse,5-15,0.06062619471403068,54,0.0614292436929136,WLS,131,0.0008030489788829198
5,UPFC_tse,5-15,-2.1454986572019084,54,-2.151988390805865,WLS,131,0.006489733603956438
0,x_tcsc,1-14,-0.13468431469087783,55,-0.13460977774325864,WLS,131,7.45369476191915e-05
1,B_svc,2,0.2756319397141364,55,0.2759202510778324,WLS,131,0.0002883113636960033
2,UPFC_Vsh,5-15,1.1046860164748507,55,1.105896696978529,WLS,131,0.0012106805036784518
3,UPFC_tsh,5-15,-0.2290319876416065,55,-0.22899421706154588,WLS,131,3.777058006063094e-05
4,UPFC_Vse,5-15,0.060292982276905244,55,0.0614292436929136,WLS,131,0.0011362614160083592
5,UPFC_tse,5-15,-2.1475283647520467,55,-2.151988390805865,WLS,131,0.0044600260538181224
0,x_tcsc,1-14,-0.134697610910005,56,-0.13460977774325864,WLS,131,8.783316674637609e-05
1,B_svc,2,0.2754713372755129,56,0.2759202510778324,WLS,131,0.00044891380231953937
2,UPFC_Vsh,5-15,1.104693611852715,56,1.105896696978529,WLS,131,0.0012030851258140185
3,UPFC_tsh,5-15,-0.2290617562198091,56,-0.22899421706154588,WLS,131,6.753915826321344e-05
4,UPFC_Vse,5-15,0.060317138566965446,56,0.0614292436929136,WLS,131,0.0011121051259481568
5,UPFC_tse,5-15,-2.144814859017858,56,-2.151988390805865,WLS,131,0.007173531788006837
0,x_tcsc,1-14,-0.13467700934416468,57,-0.13460977774325864,WLS,131,6.723160090604807e-05
1,B_svc,2,0.2756393119202159,57,0.2759202510778324,WLS,131,0.000280939157616511
2,UPFC_Vsh,5-15,1.1042267125815648,57,1.105896696978529,WLS,131,0.001669984396964308
3,UPFC_tsh,5-15,-0.22910630749137006,57,-0.22899421706154588,WLS,131,0.00011209042982418538
4,UPFC_Vse,5-15,0.060474009933780284,57,0.0614292436929136,WLS,131,0.0009552337591333185
5,UPFC_tse,5-15,-2.145171094398296,57,-2.151988390805865,WLS,131,0.006817296407569007
0,x_tcsc,1-14,-0.13469860358025915,58,-0.13460977774325864,WLS,131,8.882583700051128e-05
1,B_svc,2,0.2755181439255148,58,0.2759202510778324,WLS,131,0.00040210715231758787
2,UPFC_Vsh,5-15,1.1044369863345598,58,1.105896696978529,WLS,131,0.0014597106439693253
3,UPFC_tsh,5-15,-0.2291233259311089,58,-0.22899421706154588,WLS,131,0.0001291088695630216
4,UPFC_Vse,5-15,0.060043997906479525,58,0.0614292436929136,WLS,131,0.0013852457864340778
5,UPFC_tse,5-15,-2.147602077181022,58,-2.151988390805865,WLS,131,0.004386313624842764
0,x_tcsc,1-14,-0.13470246971068245,59,-0.13460977774325864,WLS,131,9.269196742381358e-05
1,B_svc,2,0.27584239228492713,59,0.2759202510778324,WLS,131,7.785879290528319e-05
2,UPFC_Vsh,5-15,1.1046073734115291,59,1.105896696978529,WLS,131,0.0012893235669999559
3,UPFC_tsh,5-15,-0.22905490612350748,59,-0.22899421706154588,WLS,131,6.068906196160517e-05
4,UPFC_Vse,5-15,0.06042132503388543,59,0.0614292436929136,WLS,131,0.0010079186590281758
5,UPFC_tse,5-15,-2.1503059615110955,59,-2.151988390805865,WLS,131,0.0016824292947692499
0,x_tcsc,1-14,-0.13469420139403784,60,-0.13460977774325864,WLS,131,8.442365077920844e-05
1,B_svc,2,0.2755619946755722,60,0.2759202510778324,WLS,131,0.00035825640226022637
2,UPFC_Vsh,5-15,1.1044900991148696,60,1.105896696978529,WLS,131,0.0014065978636594867
3,UPFC_tsh,5-15,-0.22909201342989835,60,-0.22899421706154588,WLS,131,9.779636835247074e-05
4,UPFC_Vse,5-15,0.06037125391081617,60,0.0614292436929136,WLS,131,0.0010579897820974307
5,UPFC_tse,5-15,-2.1469306947187845,60,-2.151988390805865,WLS,131,0.005057696087080288
0,x_tcsc,1-14,-0.13468519553123381,61,-0.13460977774325864,WLS,131,7.54177879751794e-05
1,B_svc,2,0.2756238269152883,61,0.2759202510778324,WLS,131,0.00029642416254410664
2,UPFC_Vsh,5-15,1.1047075150196666,61,1.105896696978529,WLS,131,0.0011891819588625285
3,UPFC_tsh,5-15,-0.22908255042616962,61,-0.22899421706154588,WLS,131,8.833336462374386e-05
4,UPFC_Vse,5-15,0.06012058926308458,61,0.0614292436929136,WLS,131,0.001308654429829026
5,UPFC_tse,5-15,-2.1483657845150534,61,-2.151988390805865,WLS,131,0.0036226062908113477
0,x_tcsc,1-14,-0.13470780793782064,62,-0.13460977774325864,WLS,131,9.803019456200435e-05
1,B_svc,2,0.2759106527784391,62,0.2759202510778324,WLS,131,9.59829939328749e-06
2,UPFC_Vsh,5-15,1.1047390580421634,62,1.105896696978529,WLS,131,0.001157638936365668
3,UPFC_tsh,5-15,-0.2291298855366984,62,-0.22899421706154588,WLS,131,0.00013566847515253389
4,UPFC_Vse,5-15,0.06025328096987224,62,0.0614292436929136,WLS,131,0.0011759627230413655
5,UPFC_tse,5-15,-2.1470733805655793,62,-2.151988390805865,WLS,131,0.004915010240285511
0,x_tcsc,1-14,-0.13470715937639582,63,-0.13460977774325864,WLS,131,9.738163313718906e-05
1,B_svc,2,0.2755917070262847,63,0.2759202510778324,WLS,131,0.0003285440515476967
2,UPFC_Vsh,5-15,1.1045415172117208,63,1.105896696978529,WLS,131,0.0013551797668083232
3,UPFC_tsh,5-15,-0.22910801192256755,63,-0.22899421706154588,WLS,131,0.00011379486102167102
4,UPFC_Vse,5-15,0.060718757692655674,63,0.0614292436929136,WLS,131,0.0007104860002579289
5,UPFC_tse,5-15,-2.1431690451642424,63,-2.151988390805865,WLS,131,0.008819345641622345
0,x_tcsc,1-14,-0.13470583920935503,64,-0.13460977774325864,WLS,131,9.60614660963921e-05
1,B_svc,2,0.2757932012031868,64,0.2759202510778324,WLS,131,0.0001270498746456239
2,UPFC_Vsh,5-15,1.1044485165585938,64,1.105896696978529,WLS,131,0.0014481804199353299
3,UPFC_tsh,5-15,-0.22904847028909622,64,-0.22899421706154588,WLS,131,5.4253227550343786e-05
4,UPFC_Vse,5-15,0.060428077989782704,64,0.0614292436929136,WLS,131,0.001001165703130899
5,UPFC_tse,5-15,-2.144018868130267,64,-2.151988390805865,WLS,131,0.007969522675597585
0,x_tcsc,1-14,-0.1346945806841821,65,-0.13460977774325864,WLS,131,8.480294092347296e-05
1,B_svc,2,0.2758452454368404,65,0.2759202510778324,WLS,131,7.500564099199858e-05
2,UPFC_Vsh,5-15,1.104327820102682,65,1.105896696978529,WLS,131,0.0015688768758470584
3,UPFC_tsh,5-15,-0.22914832970732102,65,-0.22899421706154588,WLS,131,0.0001541126457751396
4,UPFC_Vse,5-15,0.06038677949151725,65,0.0614292436929136,WLS,131,0.0010424642013963509
5,UPFC_tse,5-15,-2.1472176151657485,65,-2.151988390805865,WLS,131,0.004770775640116298
0,x_tcsc,1-14,-0.13467421574970126,66,-0.13460977774325864,WLS,131,6.443800644262421e-05
1,B_svc,2,0.2759479275847672,66,0.2759202510778324,WLS,131,2.7676506934803946e-05
2,UPFC_Vsh,5-15,1.1045020212550711,66,1.105896696978529,WLS,131,0.001394675723457972
3,UPFC_tsh,5-15,-0.22917219421804114,66,-0.22899421706154588,WLS,131,0.00017797715649525703
4,UPFC_Vse,5-15,0.05996299528958039,66,0.0614292436929136,WLS,131,0.0014662484033332104
5,UPFC_tse,5-15,-2.1428374819189555,66,-2.151988390805865,WLS,131,0.009150908886909281
0,x_tcsc,1-14,-0.13466481850997572,67,-0.13460977774325864,WLS,131,5.504076671708491e-05
1,B_svc,2,0.27608650946674196,67,0.2759202510778324,WLS,131,0.00016625838890954592
2,UPFC_Vsh,5-15,1.104499315932493,67,1.105896696978529,WLS,131,0.0013973810460361502
3,UPFC_tsh,5-15,-0.2290481439728166,67,-0.22899421706154588,WLS,131,5.392691127070748e-05
4,UPFC_Vse,5-15,0.060205415237811165,67,0.0614292436929136,WLS,131,0.001223828455102438
5,UPFC_tse,5-15,-2.1446790973908065,67,-2.151988390805865,WLS,131,0.00730929341505826
0,x_tcsc,1-14,-0.13469896324500122,68,-0.13460977774325864,WLS,131,8.918550174258355e-05
1,B_svc,2,0.27582224788536486,68,0.2759202510778324,WLS,131,9.800319246755507e-05
2,UPFC_Vsh,5-15,1.1044202665537717,68,1.105896696978529,WLS,131,0.0014764304247574245
3,UPFC_tsh,5-15,-0.22912774599906297,68,-0.22899421706154588,WLS,131,0.0001335289375170856
4,UPFC_Vse,5-15,0.06042680697923762,68,0.0614292436929136,WLS,131,0.0010024367136759818
5,UPFC_tse,5-15,-2.1493785212094147,68,-2.151988390805865,WLS,131,0.002609869596450043
0,x_tcsc,1-14,-0.1346770256318171,69,-0.13460977774325864,WLS,131,6.72478885584693e-05
1,B_svc,2,0.2751559852949165,69,0.2759202510778324,WLS,131,0.000764265782915885
2,UPFC_Vsh,5-15,1.1046470229100758,69,1.105896696978529,WLS,131,0.0012496740684533325
3,UPFC_tsh,5-15,-0.22912615892462912,69,-0.22899421706154588,WLS,131,0.0001319418630832403
4,UPFC_Vse,5-15,0.060689903595699146,69,0.0614292436929136,WLS,131,0.0007393400972144568
5,UPFC_tse,5-15,-2.1462263024205623,69,-2.151988390805865,WLS,131,0.005762088385302455
0,x_tcsc,1-14,-0.13469660454177748,70,-0.13460977774325864,WLS,131,8.682679851884645e-05
1,B_svc,2,0.2751494554540893,70,0.2759202510778324,WLS,131,0.0007707956237431035
2,UPFC_Vsh,5-15,1.1043799849679246,70,1.105896696978529,WLS,131,0.0015167120106045484
3,UPFC_tsh,5-15,-0.2290626566700136,70,-0.22899421706154588,WLS,131,6.843960846772412e-05
4,UPFC_Vse,5-15,0.059949364028372705,70,0.0614292436929136,WLS,131,0.001479879664540898
5,UPFC_tse,5-15,-2.1467332960885104,70,-2.151988390805865,WLS,131,0.005255094717354414
0,x_tcsc,1-14,-0.13469423309129286,71,-0.13460977774325864,WLS,131,8.445534803422361e-05
1,B_svc,2,0.27545308862727896,71,0.2759202510778324,WLS,131,0.00046716245055344885
2,UPFC_Vsh,5-15,1.104423424991855,71,1.105896696978529,WLS,131,0.0014732719866741295
3,UPFC_tsh,5-15,-0.2290799794056137,71,-0.22899421706154588,WLS,131,8.576234406781902e-05
4,UPFC_Vse,5-15,0.060238072443011825,71,0.0614292436929136,WLS,131,0.0011911712499017776
5,UPFC_tse,5-15,-2.1469942388609127,71,-2.151988390805865,WLS,131,0.004994151944952119
0,x_tcsc,1-14,-0.13470805372017683,72,-0.13460977774325864,WLS,131,9.827597691819401e-05
1,B_svc,2,0.27590845025642924,72,0.2759202510778324,WLS,131,1.1800821403173956e-05
2,UPFC_Vsh,5-15,1.1045051242006119,72,1.105896696978529,WLS,131,0.0013915727779172382
3,UPFC_tsh,5-15,-0.229082577360555,72,-0.22899421706154588,WLS,131,8.836029900913256e-05
4,UPFC_Vse,5-15,0.0604319096027546,72,0.0614292436929136,WLS,131,0.0009973340901590008
5,UPFC_tse,5-15,-2.1473733930077525,72,-2.151988390805865,WLS,131,0.0046149977981122525
0,x_tcsc,1-14,-0.13470034702533099,73,-0.13460977774325864,WLS,131,9.056928207235027e-05
1,B_svc,2,0.2755681328460064,73,0.2759202510778324,WLS,131,0.0003521182318260152
2,UPFC_Vsh,5-15,1.1046037851603552,73,1.105896696978529,WLS,131,0.0012929118181739252
3,UPFC_tsh,5-15,-0.2290723060394272,73,-0.22899421706154588,WLS,131,7.808897788130764e-05
4,UPFC_Vse,5-15,0.060105749183957544,73,0.0614292436929136,WLS,131,0.0013234945089560593
5,UPFC_tse,5-15,-2.1481152595745283,73,-2.151988390805865,WLS,131,0.0038731312313364796
0,x_tcsc,1-14,-0.1347021984463901,74,-0.13460977774325864,WLS,131,9.242070313145168e-05
1,B_svc,2,0.27619003701377676,74,0.2759202510778324,WLS,131,0.0002697859359443444
2,UPFC_Vsh,5-15,1.1042881473336779,74,1.105896696978529,WLS,131,0.0016085496448512426
3,UPFC_tsh,5-15,-0.22911441796515952,74,-0.22899421706154588,WLS,131,0.0001202009036136431
4,UPFC_Vse,5-15,0.06081605168015249,74,0.0614292436929136,WLS,131,0.0006131920127611101
5,UPFC_tse,5-15,-2.1461166189723375,74,-2.151988390805865,WLS,131,0.005871771833527273
0,x_tcsc,1-14,-0.13470045325747448,75,-0.13460977774325864,WLS,131,9.067551421584885e-05
1,B_svc,2,0.2755106336100184,75,0.2759202510778324,WLS,131,0.0004096174678140385
2,UPFC_Vsh,5-15,1.1044869446883427,75,1.105896696978529,WLS,131,0.0014097522901863613
3,UPFC_tsh,5-15,-0.22910485107244155,75,-0.22899421706154588,WLS,131,0.0001106340108956716
4,UPFC_Vse,5-15,0.060818846542980934,75,0.0614292436929136,WLS,131,0.0006103971499326691
5,UPFC_tse,5-15,-2.1416137518948495,75,-2.151988390805865,WLS,131,0.01037463891101531
0,x_tcsc,1-14,-0.1346935086746631,76,-0.13460977774325864,WLS,131,8.373093140445764e-05
1,B_svc,2,0.27582916841327865,76,0.2759202510778324,WLS,131,9.108266455376546e-05
2,UPFC_Vsh,5-15,1.1045015489821228,76,1.105896696978529,WLS,131,0.0013951479964062763
3,UPFC_tsh,5-15,-0.22908677151993517,76,-0.22899421706154588,WLS,131,9.255445838929344e-05
4,UPFC_Vse,5-15,0.06072293352768004,76,0.0614292436929136,WLS,131,0.0007063101652335646
5,UPFC_tse,5-15,-2.1459068385563125,76,-2.151988390805865,WLS,131,0.006081552249552313
0,x_tcsc,1-14,-0.134703495281938,77,-0.13460977774325864,WLS,131,9.371753867937205e-05
1,B_svc,2,0.2755339894894638,77,0.2759202510778324,WLS,131,0.00038626158836863045
2,UPFC_Vsh,5-15,1.1044227595237022,77,1.105896696978529,WLS,131,0.0014739374548269346
3,UPFC_tsh,5-15,-0.2291392321018281,77,-0.22899421706154588,WLS,131,0.00014501504028222034
4,UPFC_Vse,5-15,0.06006604335026123,77,0.0614292436929136,WLS,131,0.0013632003426523737
5,UPFC_tse,5-15,-2.1468150075751677,77,-2.151988390805865,WLS,131,0.005173383230697048
0,x_tcsc,1-14,-0.13470219097958908,78,-0.13460977774325864,WLS,131,9.241323633044085e-05
1,B_svc,2,0.275265080495229,78,0.2759202510778324,WLS,131,0.0006551705826033927
2,UPFC_Vsh,5-15,1.1044592144409595,78,1.105896696978529,WLS,131,0.0014374825375695899
3,UPFC_tsh,5-15,-0.2290980557386103,78,-0.22899421706154588,WLS,131,0.00010383867706442729
4,UPFC_Vse,5-15,0.06010114844647838,78,0.0614292436929136,WLS,131,0.0013280952464352208
5,UPFC_tse,5-15,-2.144803802321532,78,-2.151988390805865,WLS,131,0.007184588484332899
0,x_tcsc,1-14,-0.13471636338885132,79,-0.13460977774325864,WLS,131,0.0001065856455926828
1,B_svc,2,0.2753730289664053,79,0.2759202510778324,WLS,131,0.0005472221114271036
2,UPFC_Vsh,5-15,1.1044145209471796,79,1.105896696978529,WLS,131,0.0014821760313494803
3,UPFC_tsh,5-15,-0.22907797718178138,79,-0.22899421706154588,WLS,131,8.376012023550428e-05
4,UPFC_Vse,5-15,0.06021228694482457,79,0.0614292436929136,WLS,131,0.0012169567480890334
5,UPFC_tse,5-15,-2.1462525843136446,79,-2.151988390805865,WLS,131,0.0057358064922201635
0,x_tcsc,1-14,-0.13468143684994924,80,-0.13460977774325864,WLS,131,7.165910669060249e-05
1,B_svc,2,0.2756911811573848,80,0.2759202510778324,WLS,131,0.0002290699204476332
2,UPFC_Vsh,5-15,1.1042334865144634,80,1.105896696978529,WLS,131,0.0016632104640657008
3,UPFC_tsh,5-15,-0.2291460720128247,80,-0.22899421706154588,WLS,131,0.00015185495127881254
4,UPFC_Vse,5-15,0.06024993374041155,80,0.0614292436929136,WLS,131,0.0011793099525020528
5,UPFC_tse,5-15,-2.149335370369512,80,-2.151988390805865,WLS,131,0.0026530204363526266
0,x_tcsc,1-14,-0.13469166200194224,81,-0.13460977774325864,WLS,131,8.18842586836066e-05
1,B_svc,2,0.2754088095083123,81,0.2759202510778324,WLS,131,0.0005114415695200991
2,UPFC_Vsh,5-15,1.104297105341966,81,1.105896696978529,WLS,131,0.0015995916365632024
3,UPFC_tsh,5-15,-0.22913193352493805,81,-0.22899421706154588,WLS,131,0.00013771646339216792
4,UPFC_Vse,5-15,0.06081366069969429,81,0.0614292436929136,WLS,131,0.0006155829932193158
5,UPFC_tse,5-15,-2.14248909836003,81,-2.151988390805865,WLS,131,0.009499292445834584
0,x_tcsc,1-14,-0.1346969775376956,82,-0.13460977774325864,WLS,131,8.719979443697068e-05
1,B_svc,2,0.27571065664420585,82,0.2759202510778324,WLS,131,0.00020959443362655872
2,UPFC_Vsh,5-15,1.104362149168259,82,1.105896696978529,WLS,131,0.0015345478102701815
3,UPFC_tsh,5-15,-0.22910736621452557,82,-0.22899421706154588,WLS,131,0.0001131491529796913
4,UPFC_Vse,5-15,0.060313456638064235,82,0.0614292436929136,WLS,131,0.0011157870548493681
5,UPFC_tse,5-15,-2.146516272760348,82,-2.151988390805865,WLS,131,0.005472118045516616
0,x_tcsc,1-14,-0.13469302447964399,83,-0.13460977774325864,WLS,131,8.324673638535063e-05
1,B_svc,2,0.27541763229827726,83,0.2759202510778324,WLS,131,0.0005026187795551529
2,UPFC_Vsh,5-15,1.1044546269800726,83,1.105896696978529,WLS,131,0.00144206999845653
3,UPFC_tsh,5-15,-0.22913133354100199,83,-0.22899421706154588,WLS,131,0.0001371164794561064
4,UPFC_Vse,5-15,0.06041730835935143,83,0.0614292436929136,WLS,131,0.0010119353335621695
5,UPFC_tse,5-15,-2.14554011903396,83,-2.151988390805865,WLS,131,0.006448271771904768
0,x_tcsc,1-14,-0.13467234034979222,84,-0.13460977774325864,WLS,131,6.256260653358936e-05
1,B_svc,2,0.2756987082880475,84,0.2759202510778324,WLS,131,0.00022154278978492314
2,UPFC_Vsh,5-15,1.1044489938617252,84,1.105896696978529,WLS,131,0.0014477031168038668
3,UPFC_tsh,5-15,-0.22907851995366504,84,-0.22899421706154588,WLS,131,8.430289211916464e-05
4,UPFC_Vse,5-15,0.06040219098578403,84,0.0614292436929136,WLS,131,0.0010270527071295707
5,UPFC_tse,5-15,-2.143265235040593,84,-2.151988390805865,WLS,131,0.008723155765271606
0,x_tcsc,1-14,-0.13467922701309015,85,-0.13460977774325864,WLS,131,6.944926983151745e-05
1,B_svc,2,0.2752793706521257,85,0.2759202510778324,WLS,131,0.0006408804257067025
2,UPFC_Vsh,5-15,1.1045895355443405,85,1.105896696978529,WLS,131,0.0013071614341886306
3,UPFC_tsh,5-15,-0.22905575148459265,85,-0.22899421706154588,WLS,131,6.153442304676626e-05
4,UPFC_Vse,5-15,0.06025837032957434,85,0.0614292436929136,WLS,131,0.0011708733633392643
5,UPFC_tse,5-15,-2.1472253290220347,85,-2.151988390805865,WLS,131,0.004763061783830125
0,x_tcsc,1-14,-0.13471347678009574,86,-0.13460977774325864,WLS,131,0.00010369903683710158
1,B_svc,2,0.27580400734811567,86,0.2759202510778324,WLS,131,0.00011624372971674735
2,UPFC_Vsh,5-15,1.1045241068721028,86,1.105896696978529,WLS,131,0.001372590106426319
3,UPFC_tsh,5-15,-0.22904711790300192,86,-0.22899421706154588,WLS,131,5.290084145603835e-05
4,UPFC_Vse,5-15,0.060753536036011684,86,0.0614292436929136,WLS,131,0.0006757076569019194
5,UPFC_tse,5-15,-2.1442345458204883,86,-2.151988390805865,WLS,131,0.007753844985376457
0,x_tcsc,1-14,-0.13468915192378397,87,-0.13460977774325864,WLS,131,7.937418052533785e-05
1,B_svc,2,0.27534201742969433,87,0.2759202510778324,WLS,131,0.0005782336481380823
2,UPFC_Vsh,5-15,1.104366713860555,87,1.105896696978529,WLS,131,0.001529983117974032
3,UPFC_tsh,5-15,-0.22914633093602502,87,-0.22899421706154588,WLS,131,0.00015211387447913727
4,UPFC_Vse,5-15,0.060417087783386766,87,0.0614292436929136,WLS,131,0.0010121559095268365
5,UPFC_tse,5-15,-2.14561019358079,87,-2.151988390805865,WLS,131,0.006378197225074711
0,x_tcsc,1-14,-0.13469732958915376,88,-0.13460977774325864,WLS,131,8.755184589512299e-05
1,B_svc,2,0.2753684705705219,88,0.2759202510778324,WLS,131,0.0005517805073105286
2,UPFC_Vsh,5-15,1.1045188924384068,88,1.105896696978529,WLS,131,0.0013778045401222627
3,UPFC_tsh,5-15,-0.22901594697894834,88,-0.22899421706154588,WLS,131,2.1729917402457666e-05
4,UPFC_Vse,5-15,0.06005788204278782,88,0.0614292436929136,WLS,131,0.001371361650125781
5,UPFC_tse,5-15,-2.144409037331083,88,-2.151988390805865,WLS,131,0.007579353474781669
0,x_tcsc,1-14,-0.1346937883179642,89,-0.13460977774325864,WLS,131,8.40105747055564e-05
1,B_svc,2,0.27564410713564746,89,0.2759202510778324,WLS,131,0.00027614394218494764
2,UPFC_Vsh,5-15,1.1043377037600954,89,1.105896696978529,WLS,131,0.0015589932184336686
3,UPFC_tsh,5-15,-0.22912159017059824,89,-0.22899421706154588,WLS,131,0.00012737310905236443
4,UPFC_Vse,5-15,0.060561018481041076,89,0.0614292436929136,WLS,131,0.0008682252118725267
5,UPFC_tse,5-15,-2.1462547316004197,89,-2.151988390805865,WLS,131,0.005733659205445107
0,x_tcsc,1-14,-0.1346823917686708,90,-0.13460977774325864,WLS,131,7.261402541217099e-05
1,B_svc,2,0.275739250055709,90,0.2759202510778324,WLS,131,0.00018100102212342817
2,UPFC_Vsh,5-15,1.104116417668497,90,1.105896696978529,WLS,131,0.0017802793100321068
3,UPFC_tsh,5-15,-0.22918720593736014,90,-0.22899421706154588,WLS,131,0.0001929888758142595
4,UPFC_Vse,5-15,0.06073159384410877,90,0.0614292436929136,WLS,131,0.0006976498488048336
5,UPFC_tse,5-15,-2.146596909428268,90,-2.151988390805865,WLS,131,0.0053914813775968184
0,x_tcsc,1-14,-0.13469792139271708,91,-0.13460977774325864,WLS,131,8.814364945844422e-05
1,B_svc,2,0.27545090159436714,91,0.2759202510778324,WLS,131,0.0004693494834652756
2,UPFC_Vsh,5-15,1.1047021951133122,91,1.105896696978529,WLS,131,0.001194501865216857
3,UPFC_tsh,5-15,-0.22904380849604764,91,-0.22899421706154588,WLS,131,4.959143450175563e-05
4,UPFC_Vse,5-15,0.060109828576552095,91,0.0614292436929136,WLS,131,0.001319415116361508
5,UPFC_tse,5-15,-2.1464765682550286,91,-2.151988390805865,WLS,131,0.005511822550836154
0,x_tcsc,1-14,-0.13469598590627213,92,-0.13460977774325864,WLS,131,8.620816301349588e-05
1,B_svc,2,0.275099249119522,92,0.2759202510778324,WLS,131,0.0008210019583104189
2,UPFC_Vsh,5-15,1.1042603441549028,92,1.105896696978529,WLS,131,0.0016363528236262859
3,UPFC_tsh,5-15,-0.2291373788570306,92,-0.22899421706154588,WLS,131,0.00014316179548470864
4,UPFC_Vse,5-15,0.06011043421949035,92,0.0614292436929136,WLS,131,0.001318809473423256
5,UPFC_tse,5-15,-2.144816620808112,92,-2.151988390805865,WLS,131,0.007171769997752708
0,x_tcsc,1-14,-0.13469508594768395,93,-0.13460977774325864,WLS,131,8.530820442531617e-05
1,B_svc,2,0.27577666617596347,93,0.2759202510778324,WLS,131,0.0001435849018689428
2,UPFC_Vsh,5-15,1.1045158499405143,93,1.105896696978529,WLS,131,0.0013808470380147764
3,UPFC_tsh,5-15,-0.22903636576591807,93,-0.22899421706154588,WLS,131,4.2148704372191315e-05
4,UPFC_Vse,5-15,0.06026848831706324,93,0.0614292436929136,WLS,131,0.0011607553758503641
5,UPFC_tse,5-15,-2.1488991208363366,93,-2.151988390805865,WLS,131,0.0030892699695281856
0,x_tcsc,1-14,-0.13469924459775667,94,-0.13460977774325864,WLS,131,8.946685449803815e-05
1,B_svc,2,0.2761235699935763,94,0.2759202510778324,WLS,131,0.0002033189157438775
2,UPFC_Vsh,5-15,1.1044785498079683,94,1.105896696978529,WLS,131,0.0014181471705607684
3,UPFC_tsh,5-15,-0.2290898422755618,94,-0.22899421706154588,WLS,131,9.562521401593194e-05
4,UPFC_Vse,5-15,0.06035289067246943,94,0.0614292436929136,WLS,131,0.0010763530204441762
5,UPFC_tse,5-15,-2.150649713234096,94,-2.151988390805865,WLS,131,0.0013386775717689758
0,x_tcsc,1-14,-0.13469685503146706,95,-0.13460977774325864,WLS,131,8.707728820842031e-05
1,B_svc,2,0.2760550754390045,95,0.2759202510778324,WLS,131,0.00013482436117207008
2,UPFC_Vsh,5-15,1.104235084279753,95,1.105896696978529,WLS,131,0.0016616126987760715
3,UPFC_tsh,5-15,-0.22911137390017716,95,-0.22899421706154588,WLS,131,0.00011715683863128268
4,UPFC_Vse,5-15,0.06031143825830656,95,0.0614292436929136,WLS,131,0.0011178054346070443
5,UPFC_tse,5-15,-2.1472736900357123,95,-2.151988390805865,WLS,131,0.004714700770152458
0,x_tcsc,1-14,-0.1346985749334055,96,-0.13460977774325864,WLS,131,8.879719014687204e-05
1,B_svc,2,0.27520072124689554,96,0.2759202510778324,WLS,131,0.0007195298309368714
2,UPFC_Vsh,5-15,1.104602272207508,96,1.105896696978529,WLS,131,0.001294424771021152
3,UPFC_tsh,5-15,-0.22906623091993988,96,-0.22899421706154588,WLS,131,7.201385839400443e-05
4,UPFC_Vse,5-15,0.060059416297171014,96,0.0614292436929136,WLS,131,0.0013698273957425885
5,UPFC_tse,5-15,-2.1491502867603742,96,-2.151988390805865,WLS,131,0.0028381040454905637
0,x_tcsc,1-14,-0.1346891838654619,97,-0.13460977774325864,WLS,131,7.94061222032516e-05
1,B_svc,2,0.274884945162313,97,0.2759202510778324,WLS,131,0.0010353059155194244
2,UPFC_Vsh,5-15,1.1045986975702842,97,1.105896696978529,WLS,131,0.001297999408244932
3,UPFC_tsh,5-15,-0.22911282869508204,97,-0.22899421706154588,WLS,131,0.00011861163353615867
4,UPFC_Vse,5-15,0.06062931519080993,97,0.0614292436929136,WLS,131,0.0007999285021036695
5,UPFC_tse,5-15,-2.1437020279849786,97,-2.151988390805865,WLS,131,0.00828636282088624
0,x_tcsc,1-14,-0.1346869722837653,98,-0.13460977774325864,WLS,131,7.719454050666985e-05
1,B_svc,2,0.27539471628600914,98,0.2759202510778324,WLS,131,0.0005255347918232678
2,UPFC_Vsh,5-15,1.1046197860837788,98,1.105896696978529,WLS,131,0.0012769108947503494
3,UPFC_tsh,5-15,-0.22911195251557756,98,-0.22899421706154588,WLS,131,0.00011773545403168106
4,UPFC_Vse,5-15,0.06057731235468712,98,0.0614292436929136,WLS,131,0.0008519313382264818
5,UPFC_tse,5-15,-2.1451697793449953,98,-2.151988390805865,WLS,131,0.006818611460869484
0,x_tcsc,1-14,-0.13471567318580283,99,-0.13460977774325864,WLS,131,0.00010589544254419048
1,B_svc,2,0.27507033549882504,99,0.2759202510778324,WLS,131,0.0008499155790073765
2,UPFC_Vsh,5-15,1.1045636982228153,99,1.105896696978529,WLS,131,0.001332998755713799
3,UPFC_tsh,5-15,-0.2291582896719362,99,-0.22899421706154588,WLS,131,0.00016407261039030896
4,UPFC_Vse,5-15,0.060278040353880354,99,0.0614292436929136,WLS,131,0.0011512033390332493
5,UPFC_tse,5-15,-2.1489671645678863,99,-2.151988390805865,WLS,131,0.0030212262379785138
0,x_tcsc,1-14,-0.13516985999814812,0,-0.1350911960720561,WLS,133,7.866392609201522e-05
1,B_svc,2,0.27753290255324764,0,0.278060811206263,WLS,133,0.0005279086530153854
2,UPFC_Vsh,5-15,1.1045511725815107,0,1.1052845868824175,WLS,133,0.0007334143009067873
3,UPFC_tsh,5-15,-0.22862844061059798,0,-0.22853748320535924,WLS,133,9.095740523873408e-05
4,UPFC_Vse,5-15,0.06047038101686128,0,0.06138765196790871,WLS,133,0.0009172709510474331
5,UPFC_tse,5-15,-2.146281518994109,0,-2.156084319876311,WLS,133,0.009802800882201979
0,x_tcsc,1-14,-0.13516412595956143,1,-0.1350911960720561,WLS,133,7.292988750531859e-05
1,B_svc,2,0.27752148479295546,1,0.278060811206263,WLS,133,0.0005393264133075615
2,UPFC_Vsh,5-15,1.1043595928264387,1,1.1052845868824175,WLS,133,0.0009249940559787895
3,UPFC_tsh,5-15,-0.2286212812068665,1,-0.22853748320535924,WLS,133,8.379800150726258e-05
4,UPFC_Vse,5-15,0.0598000485276758,1,0.06138765196790871,WLS,133,0.0015876034402329126
5,UPFC_tse,5-15,-2.1466299777015974,1,-2.156084319876311,WLS,133,0.009454342174713748
0,x_tcsc,1-14,-0.13517059265030076,2,-0.1350911960720561,WLS,133,7.939657824465596e-05
1,B_svc,2,0.2780141058441368,2,0.278060811206263,WLS,133,4.6705362126198136e-05
2,UPFC_Vsh,5-15,1.1044525504073925,2,1.1052845868824175,WLS,133,0.0008320364750249443
3,UPFC_tsh,5-15,-0.22865525556843455,2,-0.22853748320535924,WLS,133,0.00011777236307530803
4,UPFC_Vse,5-15,0.06076816414536201,2,0.06138765196790871,WLS,133,0.0006194878225467063
5,UPFC_tse,5-15,-2.1491738124054702,2,-2.156084319876311,WLS,133,0.0069105074708408765
0,x_tcsc,1-14,-0.13515822373816777,3,-0.1350911960720561,WLS,133,6.702766611166311e-05
1,B_svc,2,0.2776867737609329,3,0.278060811206263,WLS,133,0.00037403744533009986
2,UPFC_Vsh,5-15,1.1045801023118942,3,1.1052845868824175,WLS,133,0.0007044845705233005
3,UPFC_tsh,5-15,-0.2286168269623011,3,-0.22853748320535924,WLS,133,7.934375694185203e-05
4,UPFC_Vse,5-15,0.060743284748202286,3,0.06138765196790871,WLS,133,0.0006443672197064265
5,UPFC_tse,5-15,-2.1463628200788225,3,-2.156084319876311,WLS,133,0.009721499797488597
0,x_tcsc,1-14,-0.1351735035139973,4,-0.1350911960720561,WLS,133,8.230744194118178e-05
1,B_svc,2,0.2773285730247985,4,0.278060811206263,WLS,133,0.0007322381814645063
2,UPFC_Vsh,5-15,1.1046120595737263,4,1.1052845868824175,WLS,133,0.0006725273086911621
3,UPFC_tsh,5-15,-0.22863178961691155,4,-0.22853748320535924,WLS,133,9.430641155230846e-05
4,UPFC_Vse,5-15,0.0603747404447341,4,0.06138765196790871,WLS,133,0.001012911523174613
5,UPFC_tse,5-15,-2.1484859636262748,4,-2.156084319876311,WLS,133,0.007598356250036353
0,x_tcsc,1-14,-0.13516260912048353,5,-0.1350911960720561,WLS,133,7.141304842742113e-05
1,B_svc,2,0.2779019620577002,5,0.278060811206263,WLS,133,0.00015884914856284515
2,UPFC_Vsh,5-15,1.104205004709502,5,1.1052845868824175,WLS,133,0.001079582172915483
3,UPFC_tsh,5-15,-0.22860036083708205,5,-0.22853748320535924,WLS,133,6.287763172280192e-05
4,UPFC_Vse,5-15,0.060674900630286424,5,0.06138765196790871,WLS,133,0.0007127513376222888
5,UPFC_tse,5-15,-2.142288313880776,5,-2.156084319876311,WLS,133,0.013796005995535321
0,x_tcsc,1-14,-0.1351678785605968,6,-0.1350911960720561,WLS,133,7.668248854070248e-05
1,B_svc,2,0.27760224352696267,6,0.278060811206263,WLS,133,0.000458567679300359
2,UPFC_Vsh,5-15,1.1045263030120511,6,1.1052845868824175,WLS,133,0.0007582838703663608
3,UPFC_tsh,5-15,-0.22862467188064525,6,-0.22853748320535924,WLS,133,8.71886752860096e-05
4,UPFC_Vse,5-15,0.060392471866493595,6,0.06138765196790871,WLS,133,0.0009951801014151176
5,UPFC_tse,5-15,-2.1499598787829157,6,-2.156084319876311,WLS,133,0.006124441093395383
0,x_tcsc,1-14,-0.13517991329200074,7,-0.1350911960720561,WLS,133,8.8717219944634e-05
1,B_svc,2,0.2777556114812253,7,0.278060811206263,WLS,133,0.0003051997250377303
2,UPFC_Vsh,5-15,1.104276879968221,7,1.1052845868824175,WLS,133,0.0010077069141964934
3,UPFC_tsh,5-15,-0.22865526137519512,7,-0.22853748320535924,WLS,133,0.00011777816983588041
4,UPFC_Vse,5-15,0.060451885691597734,7,0.06138765196790871,WLS,133,0.0009357662763109786
5,UPFC_tse,5-15,-2.150267602932816,7,-2.156084319876311,WLS,133,0.005816716943495059
0,x_tcsc,1-14,-0.13516655969029703,8,-0.1350911960720561,WLS,133,7.536361824092563e-05
1,B_svc,2,0.2776615725864743,8,0.278060811206263,WLS,133,0.0003992386197887443
2,UPFC_Vsh,5-15,1.1045857940540396,8,1.1052845868824175,WLS,133,0.0006987928283779254
3,UPFC_tsh,5-15,-0.2286092524050819,8,-0.22853748320535924,WLS,133,7.176919972265439e-05
4,UPFC_Vse,5-15,0.060509059785093154,8,0.06138765196790871,WLS,133,0.0008785921828155588
5,UPFC_tse,5-15,-2.1526385554164102,8,-2.156084319876311,WLS,133,0.0034457644599008574
0,x_tcsc,1-14,-0.13514537551959502,9,-0.1350911960720561,WLS,133,5.417944753891013e-05
1,B_svc,2,0.2772529639131245,9,0.278060811206263,WLS,133,0.0008078472931385416
2,UPFC_Vsh,5-15,1.1043903536591526,9,1.1052845868824175,WLS,133,0.0008942332232648731
3,UPFC_tsh,5-15,-0.2286022860265919,9,-0.22853748320535924,WLS,133,6.48028212326679e-05
4,UPFC_Vse,5-15,0.06049827688939217,9,0.06138765196790871,WLS,133,0.0008893750785165452
5,UPFC_tse,5-15,-2.1459721406654833,9,-2.156084319876311,WLS,133,0.010112179210827854
0,x_tcsc,1-14,-0.13515601010719933,10,-0.1350911960720561,WLS,133,6.481403514321804e-05
1,B_svc,2,0.27798762501818763,10,0.278060811206263,WLS,133,7.318618807539146e-05
2,UPFC_Vsh,5-15,1.1047939336684596,10,1.1052845868824175,WLS,133,0.0004906532139579145
3,UPFC_tsh,5-15,-0.22861210757835562,10,-0.22853748320535924,WLS,133,7.462437299637914e-05
4,UPFC_Vse,5-15,0.06047076929009806,10,0.06138765196790871,WLS,133,0.0009168826778106556
5,UPFC_tse,5-15,-2.1505595449026247,10,-2.156084319876311,WLS,133,0.005524774973686419
0,x_tcsc,1-14,-0.13516523653584514,11,-0.1350911960720561,WLS,133,7.40404637890324e-05
1,B_svc,2,0.27754471833224625,11,0.278060811206263,WLS,133,0.0005160928740167714
2,UPFC_Vsh,5-15,1.1045559796535958,11,1.1052845868824175,WLS,133,0.0007286072288217316
3,UPFC_tsh,5-15,-0.22863085436157501,11,-0.22853748320535924,WLS,133,9.33711562157713e-05
4,UPFC_Vse,5-15,0.060472250973341406,11,0.06138765196790871,WLS,133,0.0009154009945673072
5,UPFC_tse,5-15,-2.1471221683456676,11,-2.156084319876311,WLS,133,0.008962151530643503
0,x_tcsc,1-14,-0.13517869652512937,12,-0.1350911960720561,WLS,133,8.75004530732637e-05
1,B_svc,2,0.27809106991132904,12,0.278060811206263,WLS,133,3.0258705066010805e-05
2,UPFC_Vsh,5-15,1.104674029569752,12,1.1052845868824175,WLS,133,0.0006105573126655717
3,UPFC_tsh,5-15,-0.2286069421374927,12,-0.22853748320535924,WLS,133,6.945893213344823e-05
4,UPFC_Vse,5-15,0.059723331269000854,12,0.06138765196790871,WLS,133,0.001664320698907859
5,UPFC_tse,5-15,-2.1477482653760864,12,-2.156084319876311,WLS,133,0.008336054500224677
0,x_tcsc,1-14,-0.13515565082377215,13,-0.1350911960720561,WLS,133,6.445475171604209e-05
1,B_svc,2,0.27802295258510584,13,0.278060811206263,WLS,133,3.785862115718297e-05
2,UPFC_Vsh,5-15,1.1047082149490617,13,1.1052845868824175,WLS,133,0.0005763719333558015
3,UPFC_tsh,5-15,-0.2285625305885131,13,-0.22853748320535924,WLS,133,2.5047383153870006e-05
4,UPFC_Vse,5-15,0.06005246855347851,13,0.06138765196790871,WLS,133,0.0013351834144302022
5,UPFC_tse,5-15,-2.14785688783624,13,-2.156084319876311,WLS,133,0.008227432040071037
0,x_tcsc,1-14,-0.13517467080884918,14,-0.1350911960720561,WLS,133,8.347473679307105e-05
1,B_svc,2,0.2777843132515976,14,0.278060811206263,WLS,133,0.00027649795466544447
2,UPFC_Vsh,5-15,1.104424821542669,14,1.1052845868824175,WLS,133,0.0008597653397484084
3,UPFC_tsh,5-15,-0.2286404681071708,14,-0.22853748320535924,WLS,133,0.00010298490181157027
4,UPFC_Vse,5-15,0.0603440828160246,14,0.06138765196790871,WLS,133,0.0010435691518841106
5,UPFC_tse,5-15,-2.143333341348699,14,-2.156084319876311,WLS,133,0.012750978527612311
0,x_tcsc,1-14,-0.13516747543921476,15,-0.1350911960720561,WLS,133,7.627936715864925e-05
1,B_svc,2,0.2776523640319562,15,0.278060811206263,WLS,133,0.0004084471743068252
2,UPFC_Vsh,5-15,1.1043217036254918,15,1.1052845868824175,WLS,133,0.0009628832569257284
3,UPFC_tsh,5-15,-0.22868099438102962,15,-0.22853748320535924,WLS,133,0.00014351117567037996
4,UPFC_Vse,5-15,0.06054986981216461,15,0.06138765196790871,WLS,133,0.0008377821557441004
5,UPFC_tse,5-15,-2.143915794095341,15,-2.156084319876311,WLS,133,0.012168525780970274
0,x_tcsc,1-14,-0.13517721797242238,16,-0.1350911960720561,WLS,133,8.602190036627322e-05
1,B_svc,2,0.27810503529888586,16,0.278060811206263,WLS,133,4.422409262283544e-05
2,UPFC_Vsh,5-15,1.1042811623184352,16,1.1052845868824175,WLS,133,0.0010034245639822803
3,UPFC_tsh,5-15,-0.22860488573520263,16,-0.22853748320535924,WLS,133,6.740252984338557e-05
4,UPFC_Vse,5-15,0.060328083014926336,16,0.06138765196790871,WLS,133,0.0010595689529823774
5,UPFC_tse,5-15,-2.1478854990326934,16,-2.156084319876311,WLS,133,0.008198820843617671
0,x_tcsc,1-14,-0.13517574645575914,17,-0.1350911960720561,WLS,133,8.455038370303036e-05
1,B_svc,2,0.27821338939634205,17,0.278060811206263,WLS,133,0.0001525781900790224
2,UPFC_Vsh,5-15,1.1043749176034345,17,1.1052845868824175,WLS,133,0.0009096692789829497
3,UPFC_tsh,5-15,-0.22864308072621686,17,-0.22853748320535924,WLS,133,0.00010559752085761986
4,UPFC_Vse,5-15,0.06030528996119936,17,0.06138765196790871,WLS,133,0.0010823620067093517
5,UPFC_tse,5-15,-2.146839735166006,17,-2.156084319876311,WLS,133,0.009244584710305315
0,x_tcsc,1-14,-0.13518058308736822,18,-0.1350911960720561,WLS,133,8.938701531210902e-05
1,B_svc,2,0.27803014453538255,18,0.278060811206263,WLS,133,3.066667088047481e-05
2,UPFC_Vsh,5-15,1.1045906441877342,18,1.1052845868824175,WLS,133,0.0006939426946832583
3,UPFC_tsh,5-15,-0.22859787682186197,18,-0.22853748320535924,WLS,133,6.0393616502729675e-05
4,UPFC_Vse,5-15,0.060700738597360755,18,0.06138765196790871,WLS,133,0.0006869133705479577
5,UPFC_tse,5-15,-2.1444851847065136,18,-2.156084319876311,WLS,133,0.011599135169797492
0,x_tcsc,1-14,-0.1351747692764459,19,-0.1350911960720561,WLS,133,8.357320438978633e-05
1,B_svc,2,0.27763780325979165,19,0.278060811206263,WLS,133,0.0004230079464713765
2,UPFC_Vsh,5-15,1.104608999542859,19,1.1052845868824175,WLS,133,0.0006755873395585255
3,UPFC_tsh,5-15,-0.22856236851247017,19,-0.22853748320535924,WLS,133,2.4885307110922295e-05
4,UPFC_Vse,5-15,0.06044206180839223,19,0.06138765196790871,WLS,133,0.0009455901595164795
5,UPFC_tse,5-15,-2.14781115505236,19,-2.156084319876311,WLS,133,0.008273164823950907
0,x_tcsc,1-14,-0.13514987389944136,20,-0.1350911960720561,WLS,133,5.8677827385250625e-05
1,B_svc,2,0.27812226658485845,20,0.278060811206263,WLS,133,6.145537859542083e-05
2,UPFC_Vsh,5-15,1.104273700574712,20,1.1052845868824175,WLS,133,0.0010108863077054053
3,UPFC_tsh,5-15,-0.22866072682447025,20,-0.22853748320535924,WLS,133,0.00012324361911100756
4,UPFC_Vse,5-15,0.06055759739239929,20,0.06138765196790871,WLS,133,0.0008300545755094216
5,UPFC_tse,5-15,-2.1464799846788947,20,-2.156084319876311,WLS,133,0.009604335197416436
0,x_tcsc,1-14,-0.13516709646770358,21,-0.1350911960720561,WLS,133,7.590039564747686e-05
1,B_svc,2,0.27772852892138256,21,0.278060811206263,WLS,133,0.0003322822848804696
2,UPFC_Vsh,5-15,1.1046170670421054,21,1.1052845868824175,WLS,133,0.000667519840312103
3,UPFC_tsh,5-15,-0.22860643215251897,21,-0.22853748320535924,WLS,133,6.894894715972488e-05
4,UPFC_Vse,5-15,0.060684347513920205,21,0.06138765196790871,WLS,133,0.0007033044539885083
5,UPFC_tse,5-15,-2.148109476014539,21,-2.156084319876311,WLS,133,0.00797484386177194
0,x_tcsc,1-14,-0.13518251609668033,22,-0.1350911960720561,WLS,133,9.132002462422517e-05
1,B_svc,2,0.2778756753017318,22,0.278060811206263,WLS,133,0.00018513590453123063
2,UPFC_Vsh,5-15,1.1046210942542964,22,1.1052845868824175,WLS,133,0.0006634926281210429
3,UPFC_tsh,5-15,-0.22865466485287894,22,-0.22853748320535924,WLS,133,0.0001171816475196985
4,UPFC_Vse,5-15,0.06018396984770396,22,0.06138765196790871,WLS,133,0.0012036821202047535
5,UPFC_tse,5-15,-2.1477317914427414,22,-2.156084319876311,WLS,133,0.008352528433569706
0,x_tcsc,1-14,-0.1351709005324339,23,-0.1350911960720561,WLS,133,7.970446037780521e-05
1,B_svc,2,0.2779166489687613,23,0.278060811206263,WLS,133,0.00014416223750174373
2,UPFC_Vsh,5-15,1.1042266194738946,23,1.1052845868824175,WLS,133,0.0010579674085229307
3,UPFC_tsh,5-15,-0.2286353256137328,23,-0.22853748320535924,WLS,133,9.784240837354408e-05
4,UPFC_Vse,5-15,0.060303499367075276,23,0.06138765196790871,WLS,133,0.0010841526008334365
5,UPFC_tse,5-15,-2.145094491100813,23,-2.156084319876311,WLS,133,0.010989828775497923
0,x_tcsc,1-14,-0.135157436170307,24,-0.1350911960720561,WLS,133,6.62400982509026e-05
1,B_svc,2,0.27787410706685595,24,0.278060811206263,WLS,133,0.00018670413940707897
2,UPFC_Vsh,5-15,1.1045859808523,24,1.1052845868824175,WLS,133,0.0006986060301175101
3,UPFC_tsh,5-15,-0.22867952537169178,24,-0.22853748320535924,WLS,133,0.00014204216633253997
4,UPFC_Vse,5-15,0.06071704335312499,24,0.06138765196790871,WLS,133,0.0006706086147837201
5,UPFC_tse,5-15,-2.1431858321325064,24,-2.156084319876311,WLS,133,0.012898487743804754
0,x_tcsc,1-14,-0.13518439683256178,25,-0.1350911960720561,WLS,133,9.320076050567394e-05
1,B_svc,2,0.27727015103492525,25,0.278060811206263,WLS,133,0.0007906601713377759
2,UPFC_Vsh,5-15,1.1042837688659775,25,1.1052845868824175,WLS,133,0.0010008180164400304
3,UPFC_tsh,5-15,-0.2286146851849094,25,-0.22853748320535924,WLS,133,7.720197955016217e-05
4,UPFC_Vse,5-15,0.060384644630593974,25,0.06138765196790871,WLS,133,0.0010030073373147388
5,UPFC_tse,5-15,-2.148716947408254,25,-2.156084319876311,WLS,133,0.007367372468057187
0,x_tcsc,1-14,-0.1351515353460834,26,-0.1350911960720561,WLS,133,6.0339274027293444e-05
1,B_svc,2,0.27770687648504155,26,0.278060811206263,WLS,133,0.0003539347212214716
2,UPFC_Vsh,5-15,1.1045779328516365,26,1.1052845868824175,WLS,133,0.0007066540307809621
3,UPFC_tsh,5-15,-0.22862621752847453,26,-0.22853748320535924,WLS,133,8.87343231152915e-05
4,UPFC_Vse,5-15,0.060451641948913074,26,0.06138765196790871,WLS,133,0.0009360100189956394
5,UPFC_tse,5-15,-2.1492092421048112,26,-2.156084319876311,WLS,133,0.006875077771499871
0,x_tcsc,1-14,-0.13516606809252243,27,-0.1350911960720561,WLS,133,7.487202046632668e-05
1,B_svc,2,0.27781910394566944,27,0.278060811206263,WLS,133,0.00024170726059358216
2,UPFC_Vsh,5-15,1.1045959779885883,27,1.1052845868824175,WLS,133,0.0006886088938291568
3,UPFC_tsh,5-15,-0.22863196577459904,27,-0.22853748320535924,WLS,133,9.448256923980103e-05
4,UPFC_Vse,5-15,0.06031866581941339,27,0.06138765196790871,WLS,133,0.0010689861484953211
5,UPFC_tse,5-15,-2.1460175269714528,27,-2.156084319876311,WLS,133,0.010066792904858346
0,x_tcsc,1-14,-0.1351714908284158,28,-0.1350911960720561,WLS,133,8.029475635970562e-05
1,B_svc,2,0.277847435160112,28,0.278060811206263,WLS,133,0.0002133760461510148
2,UPFC_Vsh,5-15,1.1043789909853885,28,1.1052845868824175,WLS,133,0.0009055958970289879
3,UPFC_tsh,5-15,-0.2286621029917574,28,-0.22853748320535924,WLS,133,0.0001246197863981613
4,UPFC_Vse,5-15,0.06067746630645148,28,0.06138765196790871,WLS,133,0.0007101856614572313
5,UPFC_tse,5-15,-2.1452312995617993,28,-2.156084319876311,WLS,133,0.010853020314511852
0,x_tcsc,1-14,-0.13517565223466632,29,-0.1350911960720561,WLS,133,8.44561626102136e-05
1,B_svc,2,0.27788551460080924,29,0.278060811206263,WLS,133,0.00017529660545378967
2,UPFC_Vsh,5-15,1.1043725812854244,29,1.1052845868824175,WLS,133,0.0009120055969931151
3,UPFC_tsh,5-15,-0.22862984197006941,29,-0.22853748320535924,WLS,133,9.23587647101709e-05
4,UPFC_Vse,5-15,0.060405583123535986,29,0.06138765196790871,WLS,133,0.0009820688443727271
5,UPFC_tse,5-15,-2.1474111686417876,29,-2.156084319876311,WLS,133,0.008673151234523502
0,x_tcsc,1-14,-0.13517856052107083,30,-0.1350911960720561,WLS,133,8.736444901472074e-05
1,B_svc,2,0.27801848383110966,30,0.278060811206263,WLS,133,4.232737515336149e-05
2,UPFC_Vsh,5-15,1.104599436775476,30,1.1052845868824175,WLS,133,0.00068515010694159
3,UPFC_tsh,5-15,-0.22859910688492185,30,-0.22853748320535924,WLS,133,6.162367956261128e-05
4,UPFC_Vse,5-15,0.06026055776334529,30,0.06138765196790871,WLS,133,0.0011270942045634239
5,UPFC_tse,5-15,-2.1474350661961346,30,-2.156084319876311,WLS,133,0.00864925368017655
0,x_tcsc,1-14,-0.13518967828536096,31,-0.1350911960720561,WLS,133,9.848221330485685e-05
1,B_svc,2,0.2776550378629517,31,0.278060811206263,WLS,133,0.000405773343311322
2,UPFC_Vsh,5-15,1.1046445507379714,31,1.1052845868824175,WLS,133,0.0006400361444460767
3,UPFC_tsh,5-15,-0.2286205547844241,31,-0.22853748320535924,WLS,133,8.30715790648695e-05
4,UPFC_Vse,5-15,0.06056829528534462,31,0.06138765196790871,WLS,133,0.0008193566825640958
5,UPFC_tse,5-15,-2.147601992228926,31,-2.156084319876311,WLS,133,0.008482327647385102
0,x_tcsc,1-14,-0.13516918013224452,32,-0.1350911960720561,WLS,133,7.798406018841297e-05
1,B_svc,2,0.2778827682753518,32,0.278060811206263,WLS,133,0.00017804293091122636
2,UPFC_Vsh,5-15,1.1045029719996922,32,1.1052845868824175,WLS,133,0.0007816148827253233
3,UPFC_tsh,5-15,-0.22861413966270056,32,-0.22853748320535924,WLS,133,7.665645734131199e-05
4,UPFC_Vse,5-15,0.06059526707908936,32,0.06138765196790871,WLS,133,0.0007923848888193516
5,UPFC_tse,5-15,-2.146303045155775,32,-2.156084319876311,WLS,133,0.009781274720535915
0,x_tcsc,1-14,-0.13516898207898742,33,-0.1350911960720561,WLS,133,7.778600693131299e-05
1,B_svc,2,0.27775489371358253,33,0.278060811206263,WLS,133,0.0003059174926804964
2,UPFC_Vsh,5-15,1.1045786180545878,33,1.1052845868824175,WLS,133,0.0007059688278296949
3,UPFC_tsh,5-15,-0.2285633251962867,33,-0.22853748320535924,WLS,133,2.5841990927449876e-05
4,UPFC_Vse,5-15,0.06019137636083342,33,0.06138765196790871,WLS,133,0.0011962756070752895
5,UPFC_tse,5-15,-2.1479494605014313,33,-2.156084319876311,WLS,133,0.008134859374879788
0,x_tcsc,1-14,-0.13516883776819313,34,-0.1350911960720561,WLS,133,7.764169613702632e-05
1,B_svc,2,0.2782027190538203,34,0.278060811206263,WLS,133,0.0001419078475572988
2,UPFC_Vsh,5-15,1.104358241713276,34,1.1052845868824175,WLS,133,0.0009263451691414737
3,UPFC_tsh,5-15,-0.22861242820375166,34,-0.22853748320535924,WLS,133,7.494499839241775e-05
4,UPFC_Vse,5-15,0.060317139521138624,34,0.06138765196790871,WLS,133,0.0010705124467700888
5,UPFC_tse,5-15,-2.149756184330857,34,-2.156084319876311,WLS,133,0.006328135545454305
0,x_tcsc,1-14,-0.1351746547973782,35,-0.1350911960720561,WLS,133,8.345872532208864e-05
1,B_svc,2,0.2778995344678322,35,0.278060811206263,WLS,133,0.00016127673843080448
2,UPFC_Vsh,5-15,1.104253122654488,35,1.1052845868824175,WLS,133,0.001031464227929435
3,UPFC_tsh,5-15,-0.22865104596449787,35,-0.22853748320535924,WLS,133,0.00011356275913862457
4,UPFC_Vse,5-15,0.06040225603339599,35,0.06138765196790871,WLS,133,0.0009853959345127242
5,UPFC_tse,5-15,-2.1485810360044844,35,-2.156084319876311,WLS,133,0.007503283871826749
0,x_tcsc,1-14,-0.13517200968021692,36,-0.1350911960720561,WLS,133,8.08136081608124e-05
1,B_svc,2,0.2776643328877824,36,0.278060811206263,WLS,133,0.00039647831848060866
2,UPFC_Vsh,5-15,1.10459360281663,36,1.1052845868824175,WLS,133,0.0006909840657873811
3,UPFC_tsh,5-15,-0.2286183546837985,36,-0.22853748320535924,WLS,133,8.087147843927056e-05
4,UPFC_Vse,5-15,0.06004074208528062,36,0.06138765196790871,WLS,133,0.001346909882628096
5,UPFC_tse,5-15,-2.1467097648470452,36,-2.156084319876311,WLS,133,0.009374555029265874
0,x_tcsc,1-14,-0.13518320603799905,37,-0.1350911960720561,WLS,133,9.200996594294075e-05
1,B_svc,2,0.27746356551082085,37,0.278060811206263,WLS,133,0.0005972456954421723
2,UPFC_Vsh,5-15,1.104652249827921,37,1.1052845868824175,WLS,133,0.0006323370544965012
3,UPFC_tsh,5-15,-0.22864382380821563,37,-0.22853748320535924,WLS,133,0.00010634060285638625
4,UPFC_Vse,5-15,0.06035295518487655,37,0.06138765196790871,WLS,133,0.0010346967830321616
5,UPFC_tse,5-15,-2.149417737992017,37,-2.156084319876311,WLS,133,0.006666581884294143
0,x_tcsc,1-14,-0.13516432538043463,38,-0.1350911960720561,WLS,133,7.312930837852227e-05
1,B_svc,2,0.2775551744650065,38,0.278060811206263,WLS,133,0.0005056367412565321
2,UPFC_Vsh,5-15,1.1045899445594702,38,1.1052845868824175,WLS,133,0.0006946423229472476
3,UPFC_tsh,5-15,-0.22853965185603123,38,-0.22853748320535924,WLS,133,2.1686506719853504e-06
4,UPFC_Vse,5-15,0.060358691274449996,38,0.06138765196790871,WLS,133,0.0010289606934587164
5,UPFC_tse,5-15,-2.146994123800466,38,-2.156084319876311,WLS,133,0.009090196075844936
0,x_tcsc,1-14,-0.13515624798172013,39,-0.1350911960720561,WLS,133,6.505190966402119e-05
1,B_svc,2,0.27721432859714806,39,0.278060811206263,WLS,133,0.0008464826091149624
2,UPFC_Vsh,5-15,1.104697497113726,39,1.1052845868824175,WLS,133,0.0005870897686914844
3,UPFC_tsh,5-15,-0.22864111112819516,39,-0.22853748320535924,WLS,133,0.00010362792283591382
4,UPFC_Vse,5-15,0.06044862925992568,39,0.06138765196790871,WLS,133,0.000939022707983031
5,UPFC_tse,5-15,-2.148606049689425,39,-2.156084319876311,WLS,133,0.007478270186886071
0,x_tcsc,1-14,-0.13518477519548322,40,-0.1350911960720561,WLS,133,9.357912342711217e-05
1,B_svc,2,0.2778029646883229,40,0.278060811206263,WLS,133,0.00025784651794014124
2,UPFC_Vsh,5-15,1.1043389797245524,40,1.1052845868824175,WLS,133,0.0009456071578650693
3,UPFC_tsh,5-15,-0.22865772855623356,40,-0.22853748320535924,WLS,133,0.00012024535087432064
4,UPFC_Vse,5-15,0.06059792996884422,40,0.06138765196790871,WLS,133,0.000789721999064491
5,UPFC_tse,5-15,-2.145861387243443,40,-2.156084319876311,WLS,133,0.010222932632867998
0,x_tcsc,1-14,-0.1351480380033988,41,-0.1350911960720561,WLS,133,5.6841931342699326e-05
1,B_svc,2,0.27760700239552344,41,0.278060811206263,WLS,133,0.00045380881073958657
2,UPFC_Vsh,5-15,1.1045275827228758,41,1.1052845868824175,WLS,133,0.0007570041595417187
3,UPFC_tsh,5-15,-0.228573037361254,41,-0.22853748320535924,WLS,133,3.555415589476252e-05
4,UPFC_Vse,5-15,0.06024339974263144,41,0.06138765196790871,WLS,133,0.0011442522252772744
5,UPFC_tse,5-15,-2.148828327525926,41,-2.156084319876311,WLS,133,0.00725599235038521
0,x_tcsc,1-14,-0.1351591347796064,42,-0.1350911960720561,WLS,133,6.793870755028575e-05
1,B_svc,2,0.27759707498947933,42,0.278060811206263,WLS,133,0.0004637362167836945
2,UPFC_Vsh,5-15,1.1045111228520834,42,1.1052845868824175,WLS,133,0.0007734640303340701
3,UPFC_tsh,5-15,-0.22865794376268353,42,-0.22853748320535924,WLS,133,0.00012046055732428673
4,UPFC_Vse,5-15,0.06042114031479246,42,0.06138765196790871,WLS,133,0.0009665116531162518
5,UPFC_tse,5-15,-2.1472037623709572,42,-2.156084319876311,WLS,133,0.008880557505353881
0,x_tcsc,1-14,-0.13518467577612928,43,-0.1350911960720561,WLS,133,9.34797040731683e-05
1,B_svc,2,0.27810630908755835,43,0.278060811206263,WLS,133,4.549788129531995e-05
2,UPFC_Vsh,5-15,1.1044978479327066,43,1.1052845868824175,WLS,133,0.0007867389497109301
3,UPFC_tsh,5-15,-0.22864370738768577,43,-0.22853748320535924,WLS,133,0.00010622418232653086
4,UPFC_Vse,5-15,0.06011258719475212,43,0.06138765196790871,WLS,133,0.0012750647731565937
5,UPFC_tse,5-15,-2.147456737897392,43,-2.156084319876311,WLS,133,0.008627581978918997
0,x_tcsc,1-14,-0.135174107678626,44,-0.1350911960720561,WLS,133,8.291160656989649e-05
1,B_svc,2,0.27765068209153565,44,0.278060811206263,WLS,133,0.00041012911472737557
2,UPFC_Vsh,5-15,1.104491964673393,44,1.1052845868824175,WLS,133,0.0007926222090244295
3,UPFC_tsh,5-15,-0.22860598774085575,44,-0.22853748320535924,WLS,133,6.850453549650526e-05
4,UPFC_Vse,5-15,0.06063892336278737,44,0.06138765196790871,WLS,133,0.000748728605121346
5,UPFC_tse,5-15,-2.1448523087137743,44,-2.156084319876311,WLS,133,0.011232011162536804
0,x_tcsc,1-14,-0.1351654331145623,45,-0.1350911960720561,WLS,133,7.423704250619778e-05
1,B_svc,2,0.277516296540391,45,0.278060811206263,WLS,133,0.0005445146658720201
2,UPFC_Vsh,5-15,1.1042046032874548,45,1.1052845868824175,WLS,133,0.0010799835949626413
3,UPFC_tsh,5-15,-0.22857510143022186,45,-0.22853748320535924,WLS,133,3.761822486261779e-05
4,UPFC_Vse,5-15,0.06016457542186414,45,0.06138765196790871,WLS,133,0.0012230765460445742
5,UPFC_tse,5-15,-2.1502792365815893,45,-2.156084319876311,WLS,133,0.005805083294721847
0,x_tcsc,1-14,-0.1351780541936732,46,-0.1350911960720561,WLS,133,8.685812161710049e-05
1,B_svc,2,0.27760100803179716,46,0.278060811206263,WLS,133,0.00045980317446586705
2,UPFC_Vsh,5-15,1.1045431491689506,46,1.1052845868824175,WLS,133,0.0007414377134669081
3,UPFC_tsh,5-15,-0.22864306915915275,46,-0.22853748320535924,WLS,133,0.00010558595379350777
4,UPFC_Vse,5-15,0.06052018604759859,46,0.06138765196790871,WLS,133,0.0008674659203101245
5,UPFC_tse,5-15,-2.144443191862821,46,-2.156084319876311,WLS,133,0.011641128013490043
0,x_tcsc,1-14,-0.13518834267202823,47,-0.1350911960720561,WLS,133,9.714659997211994e-05
1,B_svc,2,0.27797453057746163,47,0.278060811206263,WLS,133,8.628062880139398e-05
2,UPFC_Vsh,5-15,1.1044315535713207,47,1.1052845868824175,WLS,133,0.0008530333110967625
3,UPFC_tsh,5-15,-0.22862867245402038,47,-0.22853748320535924,WLS,133,9.118924866113876e-05
4,UPFC_Vse,5-15,0.059855504369852056,47,0.06138765196790871,WLS,133,0.0015321475980566573
5,UPFC_tse,5-15,-2.148569794456884,47,-2.156084319876311,WLS,133,0.007514525419427098
0,x_tcsc,1-14,-0.1351728119025429,48,-0.1350911960720561,WLS,133,8.161583048679755e-05
1,B_svc,2,0.2778657409841367,48,0.278060811206263,WLS,133,0.00019507022212633673
2,UPFC_Vsh,5-15,1.1044229302847957,48,1.1052845868824175,WLS,133,0.0008616565976218293
3,UPFC_tsh,5-15,-0.22853108942332856,48,-0.22853748320535924,WLS,133,6.393782030683637e-06
4,UPFC_Vse,5-15,0.060427887183809245,48,0.06138765196790871,WLS,133,0.0009597647840994677
5,UPFC_tse,5-15,-2.1486317848823706,48,-2.156084319876311,WLS,133,0.007452534993940496
0,x_tcsc,1-14,-0.1351669684719046,49,-0.1350911960720561,WLS,133,7.577239984848938e-05
1,B_svc,2,0.2773644081247437,49,0.278060811206263,WLS,133,0.0006964030815193034
2,UPFC_Vsh,5-15,1.1043697087957243,49,1.1052845868824175,WLS,133,0.000914878086693216
3,UPFC_tsh,5-15,-0.22860576406115127,49,-0.22853748320535924,WLS,133,6.828085579202448e-05
4,UPFC_Vse,5-15,0.06046242636163508,49,0.06138765196790871,WLS,133,0.0009252256062736303
5,UPFC_tse,5-15,-2.1466564916898654,49,-2.156084319876311,WLS,133,0.00942782818644572
0,x_tcsc,1-14,-0.13515510045130832,50,-0.1350911960720561,WLS,133,6.390437925221648e-05
1,B_svc,2,0.27771656931604277,50,0.278060811206263,WLS,133,0.00034424189022025375
2,UPFC_Vsh,5-15,1.1046734086961902,50,1.1052845868824175,WLS,133,0.0006111781862272458
3,UPFC_tsh,5-15,-0.22860311688866475,50,-0.22853748320535924,WLS,133,6.56336833055049e-05
4,UPFC_Vse,5-15,0.06042976463023597,50,0.06138765196790871,WLS,133,0.0009578873376727415
5,UPFC_tse,5-15,-2.1480105303086967,50,-2.156084319876311,WLS,133,0.008073789567614398
0,x_tcsc,1-14,-0.1351863597307458,51,-0.1350911960720561,WLS,133,9.516365868969534e-05
1,B_svc,2,0.2778130087931322,51,0.278060811206263,WLS,133,0.0002478024131308265
2,UPFC_Vsh,5-15,1.104184627016678,51,1.1052845868824175,WLS,133,0.0010999598657395193
3,UPFC_tsh,5-15,-0.22865858906932812,51,-0.22853748320535924,WLS,133,0.0001211058639688789
4,UPFC_Vse,5-15,0.06063666843066114,51,0.06138765196790871,WLS,133,0.0007509835372475696
5,UPFC_tse,5-15,-2.145708839647171,51,-2.156084319876311,WLS,133,0.010375480229140255
0,x_tcsc,1-14,-0.13515570137593477,52,-0.1350911960720561,WLS,133,6.450530387866471e-05
1,B_svc,2,0.27817423419102016,52,0.278060811206263,WLS,133,0.00011342298475713886
2,UPFC_Vsh,5-15,1.1046575225424544,52,1.1052845868824175,WLS,133,0.0006270643399630682
3,UPFC_tsh,5-15,-0.22863323506454913,52,-0.22853748320535924,WLS,133,9.575185918989093e-05
4,UPFC_Vse,5-15,0.06033027499644603,52,0.06138765196790871,WLS,133,0.00105737697146268
5,UPFC_tse,5-15,-2.150273886288743,52,-2.156084319876311,WLS,133,0.0058104335875679425
0,x_tcsc,1-14,-0.13517802474008672,53,-0.1350911960720561,WLS,133,8.682866803061406e-05
1,B_svc,2,0.277811436369036,53,0.278060811206263,WLS,133,0.00024937483722703435
2,UPFC_Vsh,5-15,1.1046417532082347,53,1.1052845868824175,WLS,133,0.00064283367418283
3,UPFC_tsh,5-15,-0.2286151024018612,53,-0.22853748320535924,WLS,133,7.761919650195459e-05
4,UPFC_Vse,5-15,0.060247888487564606,53,0.06138765196790871,WLS,133,0.0011397634803441067
5,UPFC_tse,5-15,-2.1495016601626302,53,-2.156084319876311,WLS,133,0.006582659713680883
0,x_tcsc,1-14,-0.13516996868045913,54,-0.1350911960720561,WLS,133,7.877260840302713e-05
1,B_svc,2,0.27797263556858565,54,0.278060811206263,WLS,133,8.817563767737902e-05
2,UPFC_Vsh,5-15,1.1043630603698393,54,1.1052845868824175,WLS,133,0.0009215265125781524
3,UPFC_tsh,5-15,-0.22863345781690833,54,-0.22853748320535924,WLS,133,9.597461154908782e-05
4,UPFC_Vse,5-15,0.06060846854272518,54,0.06138765196790871,WLS,133,0.00077918342518353
5,UPFC_tse,5-15,-2.1464919371236584,54,-2.156084319876311,WLS,133,0.009592382752652728
0,x_tcsc,1-14,-0.13516045978250638,55,-0.1350911960720561,WLS,133,6.926371045026802e-05
1,B_svc,2,0.2777436257350573,55,0.278060811206263,WLS,133,0.0003171854712057387
2,UPFC_Vsh,5-15,1.1048984592571642,55,1.1052845868824175,WLS,133,0.00038612762525325195
3,UPFC_tsh,5-15,-0.2285837430123447,55,-0.22853748320535924,WLS,133,4.625980698544363e-05
4,UPFC_Vse,5-15,0.060326477350239965,55,0.06138765196790871,WLS,133,0.0010611746176687475
5,UPFC_tse,5-15,-2.147810170980577,55,-2.156084319876311,WLS,133,0.00827414889573408
0,x_tcsc,1-14,-0.13516102195368523,56,-0.1350911960720561,WLS,133,6.98258816291264e-05
1,B_svc,2,0.27753294338373163,56,0.278060811206263,WLS,133,0.0005278678225313915
2,UPFC_Vsh,5-15,1.1047186404000968,56,1.1052845868824175,WLS,133,0.0005659464823206672
3,UPFC_tsh,5-15,-0.22861539029740918,56,-0.22853748320535924,WLS,133,7.790709204993918e-05
4,UPFC_Vse,5-15,0.06028873920392473,56,0.06138765196790871,WLS,133,0.0010989127639839807
5,UPFC_tse,5-15,-2.1452837556255036,56,-2.156084319876311,WLS,133,0.010800564250807554
0,x_tcsc,1-14,-0.13518953677815856,57,-0.1350911960720561,WLS,133,9.83407061024566e-05
1,B_svc,2,0.27797928803303384,57,0.278060811206263,WLS,133,8.152317322918101e-05
2,UPFC_Vsh,5-15,1.1045522431099837,57,1.1052845868824175,WLS,133,0.0007323437724338078
3,UPFC_tsh,5-15,-0.22863548281308926,57,-0.22853748320535924,WLS,133,9.799960773002048e-05
4,UPFC_Vse,5-15,0.06046775042232797,57,0.06138765196790871,WLS,133,0.000919901545580741
5,UPFC_tse,5-15,-2.145598590914868,57,-2.156084319876311,WLS,133,0.010485728961443286
0,x_tcsc,1-14,-0.1351711919756159,58,-0.1350911960720561,WLS,133,7.999590355978192e-05
1,B_svc,2,0.2773727954062616,58,0.278060811206263,WLS,133,0.0006880158000014402
2,UPFC_Vsh,5-15,1.1046375445795718,58,1.1052845868824175,WLS,133,0.000647042302845735
3,UPFC_tsh,5-15,-0.22864532901748183,58,-0.22853748320535924,WLS,133,0.0001078458121225867
4,UPFC_Vse,5-15,0.05999738834773308,58,0.06138765196790871,WLS,133,0.0013902636201756358
5,UPFC_tse,5-15,-2.1484436291831583,58,-2.156084319876311,WLS,133,0.007640690693152763
0,x_tcsc,1-14,-0.13517292504280182,59,-0.1350911960720561,WLS,133,8.172897074570917e-05
1,B_svc,2,0.2778170047918847,59,0.278060811206263,WLS,133,0.0002438064143783225
2,UPFC_Vsh,5-15,1.1045659323549433,59,1.1052845868824175,WLS,133,0.0007186545274742162
3,UPFC_tsh,5-15,-0.22865058503991575,59,-0.22853748320535924,WLS,133,0.00011310183455651157
4,UPFC_Vse,5-15,0.06053886389995911,59,0.06138765196790871,WLS,133,0.0008487880679496004
5,UPFC_tse,5-15,-2.1508693567945403,59,-2.156084319876311,WLS,133,0.005214963081770829
0,x_tcsc,1-14,-0.13517325949616962,60,-0.1350911960720561,WLS,133,8.206342411351542e-05
1,B_svc,2,0.27772283891545474,60,0.278060811206263,WLS,133,0.00033797229080828606
2,UPFC_Vsh,5-15,1.1045995902699668,60,1.1052845868824175,WLS,133,0.0006849966124506945
3,UPFC_tsh,5-15,-0.22860169053767063,60,-0.22853748320535924,WLS,133,6.420733231138342e-05
4,UPFC_Vse,5-15,0.060339214558616336,60,0.06138765196790871,WLS,133,0.001048437409292377
5,UPFC_tse,5-15,-2.1476838696161407,60,-2.156084319876311,WLS,133,0.008400450260170444
0,x_tcsc,1-14,-0.13515483249265808,61,-0.1350911960720561,WLS,133,6.363642060197572e-05
1,B_svc,2,0.27785579514525155,61,0.278060811206263,WLS,133,0.00020501606101147596
2,UPFC_Vsh,5-15,1.1045194586853453,61,1.1052845868824175,WLS,133,0.0007651281970721957
3,UPFC_tsh,5-15,-0.22863821117274918,61,-0.22853748320535924,WLS,133,0.00010072796738994083
4,UPFC_Vse,5-15,0.0600550907430023,61,0.06138765196790871,WLS,133,0.0013325612249064159
5,UPFC_tse,5-15,-2.149440187610699,61,-2.156084319876311,WLS,133,0.006644132265611891
0,x_tcsc,1-14,-0.13516395645628212,62,-0.1350911960720561,WLS,133,7.276038422601716e-05
1,B_svc,2,0.2777982542292145,62,0.278060811206263,WLS,133,0.00026255697704852254
2,UPFC_Vsh,5-15,1.1049169760093571,62,1.1052845868824175,WLS,133,0.00036761087306036444
3,UPFC_tsh,5-15,-0.22856722796228524,62,-0.22853748320535924,WLS,133,2.974475692599232e-05
4,UPFC_Vse,5-15,0.060293250476653557,62,0.06138765196790871,WLS,133,0.0010944014912551564
5,UPFC_tse,5-15,-2.1473161338022124,62,-2.156084319876311,WLS,133,0.008768186074098683
0,x_tcsc,1-14,-0.13517000320304873,63,-0.1350911960720561,WLS,133,7.880713099261971e-05
1,B_svc,2,0.2777251372499422,63,0.278060811206263,WLS,133,0.00033567395632083663
2,UPFC_Vsh,5-15,1.1043116920652822,63,1.1052845868824175,WLS,133,0.0009728948171352503
3,UPFC_tsh,5-15,-0.22855310124555273,63,-0.22853748320535924,WLS,133,1.5618040193482452e-05
4,UPFC_Vse,5-15,0.06059984321408621,63,0.06138765196790871,WLS,133,0.0007878087538225054
5,UPFC_tse,5-15,-2.1452745647865084,63,-2.156084319876311,WLS,133,0.010809755089802753
0,x_tcsc,1-14,-0.13516926509465357,64,-0.1350911960720561,WLS,133,7.806902259746562e-05
1,B_svc,2,0.2779913165423517,64,0.278060811206263,WLS,133,6.949466391131809e-05
2,UPFC_Vsh,5-15,1.1044591618355575,64,1.1052845868824175,WLS,133,0.0008254250468600066
3,UPFC_tsh,5-15,-0.2286582020830799,64,-0.22853748320535924,WLS,133,0.00012071887772066581
4,UPFC_Vse,5-15,0.060427271630549215,64,0.06138765196790871,WLS,133,0.0009603803373594982
5,UPFC_tse,5-15,-2.1449883050961325,64,-2.156084319876311,WLS,133,0.011096014780178631
0,x_tcsc,1-14,-0.13517471514032892,65,-0.1350911960720561,WLS,133,8.35190682728082e-05
1,B_svc,2,0.27809357885806213,65,0.278060811206263,WLS,133,3.276765179910379e-05
2,UPFC_Vsh,5-15,1.1041873647907647,65,1.1052845868824175,WLS,133,0.0010972220916527498
3,UPFC_tsh,5-15,-0.22868504149661192,65,-0.22853748320535924,WLS,133,0.00014755829125268072
4,UPFC_Vse,5-15,0.06037810811896554,65,0.06138765196790871,WLS,133,0.0010095438489431743
5,UPFC_tse,5-15,-2.148130916983441,65,-2.156084319876311,WLS,133,0.007953402892870276
0,x_tcsc,1-14,-0.13516481910124573,66,-0.1350911960720561,WLS,133,7.362302918961783e-05
1,B_svc,2,0.27818425860853196,66,0.278060811206263,WLS,133,0.00012344740226893913
2,UPFC_Vsh,5-15,1.1045184971764328,66,1.1052845868824175,WLS,133,0.000766089705984685
3,UPFC_tsh,5-15,-0.228621291562104,66,-0.22853748320535924,WLS,133,8.380835674476339e-05
4,UPFC_Vse,5-15,0.059788186980074154,66,0.06138765196790871,WLS,133,0.001599464987834559
5,UPFC_tse,5-15,-2.143914411040584,66,-2.156084319876311,WLS,133,0.012169908835727217
0,x_tcsc,1-14,-0.1351672359199004,67,-0.1350911960720561,WLS,133,7.603984784429474e-05
1,B_svc,2,0.27857147593342774,67,0.278060811206263,WLS,133,0.0005106647271647113
2,UPFC_Vsh,5-15,1.1040150148760595,67,1.1052845868824175,WLS,133,0.0012695720063580218
3,UPFC_tsh,5-15,-0.22858172635344032,67,-0.22853748320535924,WLS,133,4.4243148081074546e-05
4,UPFC_Vse,5-15,0.06027709770632261,67,0.06138765196790871,WLS,133,0.0011105542615860997
5,UPFC_tse,5-15,-2.145498871252647,67,-2.156084319876311,WLS,133,0.010585448623664284
0,x_tcsc,1-14,-0.13517750511860474,68,-0.1350911960720561,WLS,133,8.63090465486327e-05
1,B_svc,2,0.27786721161812605,68,0.278060811206263,WLS,133,0.0001935995881369723
2,UPFC_Vsh,5-15,1.1046744265064445,68,1.1052845868824175,WLS,133,0.0006101603759729457
3,UPFC_tsh,5-15,-0.2285652494050386,68,-0.22853748320535924,WLS,133,2.7766199679368775e-05
4,UPFC_Vse,5-15,0.06041704345128316,68,0.06138765196790871,WLS,133,0.0009706085166255526
5,UPFC_tse,5-15,-2.15018211922206,68,-2.156084319876311,WLS,133,0.005902200654251288
0,x_tcsc,1-14,-0.13518240040112936,69,-0.1350911960720561,WLS,133,9.120432907325227e-05
1,B_svc,2,0.27724997572065463,69,0.278060811206263,WLS,133,0.0008108354856083966
2,UPFC_Vsh,5-15,1.1048215223534474,69,1.1052845868824175,WLS,133,0.00046306452897004746
3,UPFC_tsh,5-15,-0.2285785241173528,69,-0.22853748320535924,WLS,133,4.1040911993556195e-05
4,UPFC_Vse,5-15,0.06076631463683274,69,0.06138765196790871,WLS,133,0.0006213373310759718
5,UPFC_tse,5-15,-2.1473693029880176,69,-2.156084319876311,WLS,133,0.008715016888293459
0,x_tcsc,1-14,-0.13517622917179517,70,-0.1350911960720561,WLS,133,8.503309973906248e-05
1,B_svc,2,0.2775015725928138,70,0.278060811206263,WLS,133,0.0005592386134491978
2,UPFC_Vsh,5-15,1.104459210694825,70,1.1052845868824175,WLS,133,0.0008253761875924859
3,UPFC_tsh,5-15,-0.22857462324262498,70,-0.22853748320535924,WLS,133,3.7140037265737114e-05
4,UPFC_Vse,5-15,0.059911812330862964,70,0.06138765196790871,WLS,133,0.0014758396370457491
5,UPFC_tse,5-15,-2.1470040974891416,70,-2.156084319876311,WLS,133,0.009080222387169545
0,x_tcsc,1-14,-0.13519046294237563,71,-0.1350911960720561,WLS,133,9.926687031952541e-05
1,B_svc,2,0.2777671356762871,71,0.278060811206263,WLS,133,0.00029367552997594526
2,UPFC_Vsh,5-15,1.1044869979657284,71,1.1052845868824175,WLS,133,0.0007975889166891292
3,UPFC_tsh,5-15,-0.2285755156135358,71,-0.22853748320535924,WLS,133,3.803240817656928e-05
4,UPFC_Vse,5-15,0.060338672382601766,71,0.06138765196790871,WLS,133,0.0010489795853069472
5,UPFC_tse,5-15,-2.14823422081971,71,-2.156084319876311,WLS,133,0.007850099056601056
0,x_tcsc,1-14,-0.13517189027513693,72,-0.1350911960720561,WLS,133,8.06942030808222e-05
1,B_svc,2,0.27818213529026503,72,0.278060811206263,WLS,133,0.00012132408400200578
2,UPFC_Vsh,5-15,1.1045008868473465,72,1.1052845868824175,WLS,133,0.0007837000350709999
3,UPFC_tsh,5-15,-0.22861843204874693,72,-0.22853748320535924,WLS,133,8.094884338769037e-05
4,UPFC_Vse,5-15,0.06052011051683402,72,0.06138765196790871,WLS,133,0.0008675414510746909
5,UPFC_tse,5-15,-2.1481068318934864,72,-2.156084319876311,WLS,133,0.007977487982824716
0,x_tcsc,1-14,-0.13516804099852564,73,-0.1350911960720561,WLS,133,7.684492646953256e-05
1,B_svc,2,0.2777762475146075,73,0.278060811206263,WLS,133,0.0002845636916555261
2,UPFC_Vsh,5-15,1.1045285184320606,73,1.1052845868824175,WLS,133,0.0007560684503569171
3,UPFC_tsh,5-15,-0.22862021530695822,73,-0.22853748320535924,WLS,133,8.273210159898126e-05
4,UPFC_Vse,5-15,0.060294609234040106,73,0.06138765196790871,WLS,133,0.0010930427338686072
5,UPFC_tse,5-15,-2.14860893379796,73,-2.156084319876311,WLS,133,0.007475386078350965
0,x_tcsc,1-14,-0.13518108644889282,74,-0.1350911960720561,WLS,133,8.989037683670986e-05
1,B_svc,2,0.2782051680312043,74,0.278060811206263,WLS,133,0.0001443568249412941
2,UPFC_Vsh,5-15,1.1044366545487632,74,1.1052845868824175,WLS,133,0.0008479323336543221
3,UPFC_tsh,5-15,-0.22862825021960861,74,-0.22853748320535924,WLS,133,9.076701424937106e-05
4,UPFC_Vse,5-15,0.060818740869636206,74,0.06138765196790871,WLS,133,0.0005689110982725065
5,UPFC_tse,5-15,-2.1466273726125706,74,-2.156084319876311,WLS,133,0.009456947263740467
0,x_tcsc,1-14,-0.13515887194467568,75,-0.1350911960720561,WLS,133,6.767587261957697e-05
1,B_svc,2,0.2776732040171278,75,0.278060811206263,WLS,133,0.0003876071891352195
2,UPFC_Vsh,5-15,1.104628601498058,75,1.1052845868824175,WLS,133,0.0006559853843595143
3,UPFC_tsh,5-15,-0.2286354683772859,75,-0.22853748320535924,WLS,133,9.798517192666223e-05
4,UPFC_Vse,5-15,0.060743641342645295,75,0.06138765196790871,WLS,133,0.0006440106252634178
5,UPFC_tse,5-15,-2.142246181677976,75,-2.156084319876311,WLS,133,0.013838138198335237
0,x_tcsc,1-14,-0.13516227730037164,76,-0.1350911960720561,WLS,133,7.108122831553376e-05
1,B_svc,2,0.2779290935414137,76,0.278060811206263,WLS,133,0.0001317176648493179
2,UPFC_Vsh,5-15,1.1044461374958137,76,1.1052845868824175,WLS,133,0.0008384493866038234
3,UPFC_tsh,5-15,-0.22855931926454617,76,-0.22853748320535924,WLS,133,2.1836059186930434e-05
4,UPFC_Vse,5-15,0.06081814650492707,76,0.06138765196790871,WLS,133,0.000569505462981644
5,UPFC_tse,5-15,-2.1462327387238265,76,-2.156084319876311,WLS,133,0.009851581152484634
0,x_tcsc,1-14,-0.1351548796044793,77,-0.1350911960720561,WLS,133,6.368353242319769e-05
1,B_svc,2,0.27738707165105386,77,0.278060811206263,WLS,133,0.000673739555209163
2,UPFC_Vsh,5-15,1.1043212017178787,77,1.1052845868824175,WLS,133,0.0009633851645387548
3,UPFC_tsh,5-15,-0.22861542144778008,77,-0.22853748320535924,WLS,133,7.793824242083303e-05
4,UPFC_Vse,5-15,0.06014524970051212,77,0.06138765196790871,WLS,133,0.0012424022673965945
5,UPFC_tse,5-15,-2.1476305473552144,77,-2.156084319876311,WLS,133,0.008453772521096692
0,x_tcsc,1-14,-0.1351569909956174,78,-0.1350911960720561,WLS,133,6.579492356129091e-05
1,B_svc,2,0.277388500172752,78,0.278060811206263,WLS,133,0.0006723110335110083
2,UPFC_Vsh,5-15,1.1045764000162464,78,1.1052845868824175,WLS,133,0.0007081868661711344
3,UPFC_tsh,5-15,-0.22864576076423226,78,-0.22853748320535924,WLS,133,0.00010827755887302115
4,UPFC_Vse,5-15,0.060109622146896836,78,0.06138765196790871,WLS,133,0.0012780298210118765
5,UPFC_tse,5-15,-2.145748722741201,78,-2.156084319876311,WLS,133,0.01033559713511023
0,x_tcsc,1-14,-0.1351707031572837,79,-0.1350911960720561,WLS,133,7.950708522758143e-05
1,B_svc,2,0.2775774054306545,79,0.278060811206263,WLS,133,0.00048340577560851417
2,UPFC_Vsh,5-15,1.1046194646650451,79,1.1052845868824175,WLS,133,0.0006651222173723603
3,UPFC_tsh,5-15,-0.22862015029036778,79,-0.22853748320535924,WLS,133,8.266708500853648e-05
4,UPFC_Vse,5-15,0.06031368660047647,79,0.06138765196790871,WLS,133,0.0010739653674322405
5,UPFC_tse,5-15,-2.1465527739569734,79,-2.156084319876311,WLS,133,0.009531545919337692
0,x_tcsc,1-14,-0.13516239839927377,80,-0.1350911960720561,WLS,133,7.120232721766206e-05
1,B_svc,2,0.2776760175149491,80,0.278060811206263,WLS,133,0.0003847936913139449
2,UPFC_Vsh,5-15,1.1043142101441514,80,1.1052845868824175,WLS,133,0.0009703767382660544
3,UPFC_tsh,5-15,-0.22860827206405962,80,-0.22853748320535924,WLS,133,7.078885870037688e-05
4,UPFC_Vse,5-15,0.06021774337495683,80,0.06138765196790871,WLS,133,0.0011699085929518863
5,UPFC_tse,5-15,-2.150244483177138,80,-2.156084319876311,WLS,133,0.005839836699172984
0,x_tcsc,1-14,-0.13516063293990696,81,-0.1350911960720561,WLS,133,6.943686785085279e-05
1,B_svc,2,0.2775652011455763,81,0.278060811206263,WLS,133,0.0004956100606867131
2,UPFC_Vsh,5-15,1.1044993163365528,81,1.1052845868824175,WLS,133,0.0007852705458646358
3,UPFC_tsh,5-15,-0.2286227098001642,81,-0.22853748320535924,WLS,133,8.52265948049491e-05
4,UPFC_Vse,5-15,0.06080779066321942,81,0.06138765196790871,WLS,133,0.0005798613046892956
5,UPFC_tse,5-15,-2.142437028562343,81,-2.156084319876311,WLS,133,0.013647291313968246
0,x_tcsc,1-14,-0.13515348688695059,82,-0.1350911960720561,WLS,133,6.229081489447785e-05
1,B_svc,2,0.2778000970278742,82,0.278060811206263,WLS,133,0.00026071417838879896
2,UPFC_Vsh,5-15,1.1046036150906697,82,1.1052845868824175,WLS,133,0.0006809717917477531
3,UPFC_tsh,5-15,-0.22864885916755512,82,-0.22853748320535924,WLS,133,0.00011137596219587542
4,UPFC_Vse,5-15,0.060257849785364685,82,0.06138765196790871,WLS,133,0.0011298021825440277
5,UPFC_tse,5-15,-2.146442110559629,82,-2.156084319876311,WLS,133,0.009642209316682138
0,x_tcsc,1-14,-0.13516615568178586,83,-0.1350911960720561,WLS,133,7.495960972975224e-05
1,B_svc,2,0.27742308747932637,83,0.278060811206263,WLS,133,0.0006377237269366565
2,UPFC_Vsh,5-15,1.1048105550323186,83,1.1052845868824175,WLS,133,0.00047403185009886606
3,UPFC_tsh,5-15,-0.22859821656863,83,-0.22853748320535924,WLS,133,6.073336327075407e-05
4,UPFC_Vse,5-15,0.06032080892245587,83,0.06138765196790871,WLS,133,0.0010668430454528408
5,UPFC_tse,5-15,-2.1457964991559915,83,-2.156084319876311,WLS,133,0.01028782072031964
0,x_tcsc,1-14,-0.13516964927077957,84,-0.1350911960720561,WLS,133,7.845319872346046e-05
1,B_svc,2,0.27796847433861727,84,0.278060811206263,WLS,133,9.233686764575921e-05
2,UPFC_Vsh,5-15,1.1042453499457061,84,1.1052845868824175,WLS,133,0.001039236936711374
3,UPFC_tsh,5-15,-0.22873440985414337,84,-0.22853748320535924,WLS,133,0.0001969266487841237
4,UPFC_Vse,5-15,0.06048347849702812,84,0.06138765196790871,WLS,133,0.0009041734708805926
5,UPFC_tse,5-15,-2.1437997912999154,84,-2.156084319876311,WLS,133,0.012284528576395726
0,x_tcsc,1-14,-0.13515896695849303,85,-0.1350911960720561,WLS,133,6.777088643691864e-05
1,B_svc,2,0.2773341807174367,85,0.278060811206263,WLS,133,0.0007266304888263186
2,UPFC_Vsh,5-15,1.104441162918716,85,1.1052845868824175,WLS,133,0.0008434239637014063
3,UPFC_tsh,5-15,-0.22863745740552313,85,-0.22853748320535924,WLS,133,9.997420016388814e-05
4,UPFC_Vse,5-15,0.06010580994319129,85,0.06138765196790871,WLS,133,0.0012818420247174209
5,UPFC_tse,5-15,-2.1484688827251093,85,-2.156084319876311,WLS,133,0.0076154371512018315
0,x_tcsc,1-14,-0.13514423263715644,86,-0.1350911960720561,WLS,133,5.303656510033394e-05
1,B_svc,2,0.2776783702384869,86,0.278060811206263,WLS,133,0.0003824409677761209
2,UPFC_Vsh,5-15,1.104905453619583,86,1.1052845868824175,WLS,133,0.00037913326283445237
3,UPFC_tsh,5-15,-0.2285708648036784,86,-0.22853748320535924,WLS,133,3.3381598319143224e-05
4,UPFC_Vse,5-15,0.06074084631025193,86,0.06138765196790871,WLS,133,0.0006468056576567835
5,UPFC_tse,5-15,-2.144403937302482,86,-2.156084319876311,WLS,133,0.011680382573829196
0,x_tcsc,1-14,-0.13516683528243795,87,-0.1350911960720561,WLS,133,7.56392103818393e-05
1,B_svc,2,0.2773500588861333,87,0.278060811206263,WLS,133,0.0007107523201297372
2,UPFC_Vsh,5-15,1.1046058085376005,87,1.1052845868824175,WLS,133,0.0006787783448169993
3,UPFC_tsh,5-15,-0.2286173501811166,87,-0.22853748320535924,WLS,133,7.98669757573478e-05
4,UPFC_Vse,5-15,0.060343818631674824,87,0.06138765196790871,WLS,133,0.001043833336233889
5,UPFC_tse,5-15,-2.14619054302167,87,-2.156084319876311,WLS,133,0.00989377685464099
0,x_tcsc,1-14,-0.13517126175705543,88,-0.1350911960720561,WLS,133,8.006568499932532e-05
1,B_svc,2,0.2774388565165006,88,0.278060811206263,WLS,133,0.0006219546897624495
2,UPFC_Vsh,5-15,1.1047501715605315,88,1.1052845868824175,WLS,133,0.0005344153218860281
3,UPFC_tsh,5-15,-0.22858422683944937,88,-0.22853748320535924,WLS,133,4.674363409012949e-05
4,UPFC_Vse,5-15,0.060139724236703676,88,0.06138765196790871,WLS,133,0.0012479277312050369
5,UPFC_tse,5-15,-2.14491855260541,88,-2.156084319876311,WLS,133,0.011165767270901128
0,x_tcsc,1-14,-0.13517654908118326,89,-0.1350911960720561,WLS,133,8.535300912715371e-05
1,B_svc,2,0.27786282850109617,89,0.278060811206263,WLS,133,0.0001979827051668548
2,UPFC_Vsh,5-15,1.1047303723421817,89,1.1052845868824175,WLS,133,0.0005542145402357423
3,UPFC_tsh,5-15,-0.2286420871423017,89,-0.22853748320535924,WLS,133,0.00010460393694244896
4,UPFC_Vse,5-15,0.06038890573432403,89,0.06138765196790871,WLS,133,0.0009987462335846811
5,UPFC_tse,5-15,-2.1472499568772156,89,-2.156084319876311,WLS,133,0.008834362999095458
0,x_tcsc,1-14,-0.1351946482211097,90,-0.1350911960720561,WLS,133,0.00010345214905357891
1,B_svc,2,0.277770027184422,90,0.278060811206263,WLS,133,0.00029078402184101737
2,UPFC_Vsh,5-15,1.1045834485989776,90,1.1052845868824175,WLS,133,0.0007011382834398727
3,UPFC_tsh,5-15,-0.22863502618657874,90,-0.22853748320535924,WLS,133,9.754298121950056e-05
4,UPFC_Vse,5-15,0.060531223190473306,90,0.06138765196790871,WLS,133,0.0008564287774354071
5,UPFC_tse,5-15,-2.147359477486522,90,-2.156084319876311,WLS,133,0.00872484238978899
0,x_tcsc,1-14,-0.1351627123009017,91,-0.1350911960720561,WLS,133,7.151622884560283e-05
1,B_svc,2,0.27759947732156753,91,0.278060811206263,WLS,133,0.00046133388469549175
2,UPFC_Vsh,5-15,1.1045188509823862,91,1.1052845868824175,WLS,133,0.0007657359000312614
3,UPFC_tsh,5-15,-0.2285992290033828,91,-0.22853748320535924,WLS,133,6.174579802356583e-05
4,UPFC_Vse,5-15,0.06014258701390065,91,0.06138765196790871,WLS,133,0.001245064954008064
5,UPFC_tse,5-15,-2.14719794459964,91,-2.156084319876311,WLS,133,0.008886375276671021
0,x_tcsc,1-14,-0.13518150471356644,92,-0.1350911960720561,WLS,133,9.030864151032825e-05
1,B_svc,2,0.2773453605299246,92,0.278060811206263,WLS,133,0.0007154506763384361
2,UPFC_Vsh,5-15,1.1043624352114951,92,1.1052845868824175,WLS,133,0.0009221516709223554
3,UPFC_tsh,5-15,-0.22869989324691703,92,-0.22853748320535924,WLS,133,0.0001624100415577867
4,UPFC_Vse,5-15,0.06018537373015674,92,0.06138765196790871,WLS,133,0.001202278237751972
5,UPFC_tse,5-15,-2.1453928639968978,92,-2.156084319876311,WLS,133,0.010691455879413336
0,x_tcsc,1-14,-0.13514416721746328,93,-0.1350911960720561,WLS,133,5.2971145407171294e-05
1,B_svc,2,0.27807167513886516,93,0.278060811206263,WLS,133,1.0863932602134252e-05
2,UPFC_Vsh,5-15,1.104593075209557,93,1.1052845868824175,WLS,133,0.0006915116728605231
3,UPFC_tsh,5-15,-0.22866683548233643,93,-0.22853748320535924,WLS,133,0.00012935227697719043
4,UPFC_Vse,5-15,0.06019821437140167,93,0.06138765196790871,WLS,133,0.0011894375965070397
5,UPFC_tse,5-15,-2.1494454603281126,93,-2.156084319876311,WLS,133,0.006638859548198539
0,x_tcsc,1-14,-0.13516386423324575,94,-0.1350911960720561,WLS,133,7.266816118964292e-05
1,B_svc,2,0.27816392461674405,94,0.278060811206263,WLS,133,0.00010311341048102607
2,UPFC_Vsh,5-15,1.104331688946238,94,1.1052845868824175,WLS,133,0.0009528979361794754
3,UPFC_tsh,5-15,-0.22865379946164344,94,-0.22853748320535924,WLS,133,0.00011631625628419351
4,UPFC_Vse,5-15,0.060312427493368105,94,0.06138765196790871,WLS,133,0.0010752244745406078
5,UPFC_tse,5-15,-2.1519227977039894,94,-2.156084319876311,WLS,133,0.0041615221723216855
0,x_tcsc,1-14,-0.1351744984381854,95,-0.1350911960720561,WLS,133,8.330236612930086e-05
1,B_svc,2,0.278244498473271,95,0.278060811206263,WLS,133,0.00018368726700795923
2,UPFC_Vsh,5-15,1.1046411546412263,95,1.1052845868824175,WLS,133,0.000643432241191233
3,UPFC_tsh,5-15,-0.22864692838492745,95,-0.22853748320535924,WLS,133,0.00010944517956820721
4,UPFC_Vse,5-15,0.060412717945158255,95,0.06138765196790871,WLS,133,0.000974934022750458
5,UPFC_tse,5-15,-2.1474417367609013,95,-2.156084319876311,WLS,133,0.008642583115409774
0,x_tcsc,1-14,-0.13518444030554314,96,-0.1350911960720561,WLS,133,9.32442334870276e-05
1,B_svc,2,0.27726543252133207,96,0.278060811206263,WLS,133,0.0007953786849309585
2,UPFC_Vsh,5-15,1.1044916815769803,96,1.1052845868824175,WLS,133,0.000792905305437186
3,UPFC_tsh,5-15,-0.22867242390786355,96,-0.22853748320535924,WLS,133,0.0001349407025043048
4,UPFC_Vse,5-15,0.06016980177532502,96,0.06138765196790871,WLS,133,0.0012178501925836915
5,UPFC_tse,5-15,-2.149421859987896,96,-2.156084319876311,WLS,133,0.006662459888415295
0,x_tcsc,1-14,-0.1351732176454413,97,-0.1350911960720561,WLS,133,8.202157338518812e-05
1,B_svc,2,0.276915801290885,97,0.278060811206263,WLS,133,0.0011450099153780258
2,UPFC_Vsh,5-15,1.1046214572167383,97,1.1052845868824175,WLS,133,0.000663129665679163
3,UPFC_tsh,5-15,-0.22853430658432114,97,-0.22853748320535924,WLS,133,3.1766210381034554e-06
4,UPFC_Vse,5-15,0.060391969016437584,97,0.06138765196790871,WLS,133,0.0009956829514711288
5,UPFC_tse,5-15,-2.145071295025539,97,-2.156084319876311,WLS,133,0.011013024850772268
0,x_tcsc,1-14,-0.13516796842678694,98,-0.1350911960720561,WLS,133,7.677235473083077e-05
1,B_svc,2,0.27762251179992264,98,0.278060811206263,WLS,133,0.0004382994063403811
2,UPFC_Vsh,5-15,1.1041635557730223,98,1.1052845868824175,WLS,133,0.0011210311093952097
3,UPFC_tsh,5-15,-0.22861642116961756,98,-0.22853748320535924,WLS,133,7.893796425831323e-05
4,UPFC_Vse,5-15,0.060698302056692396,98,0.06138765196790871,WLS,133,0.0006893499112163165
5,UPFC_tse,5-15,-2.1453627416791514,98,-2.156084319876311,WLS,133,0.010721578197159687
0,x_tcsc,1-14,-0.13520012130448175,99,-0.1350911960720561,WLS,133,0.000108925232425644
1,B_svc,2,0.2771531486899431,99,0.278060811206263,WLS,133,0.000907662516319907
2,UPFC_Vsh,5-15,1.1046233509603305,99,1.1052845868824175,WLS,133,0.0006612359220870001
3,UPFC_tsh,5-15,-0.22869516404194076,99,-0.22853748320535924,WLS,133,0.00015768083658151966
4,UPFC_Vse,5-15,0.060182351445498446,99,0.06138765196790871,WLS,133,0.0012053005224102672
5,UPFC_tse,5-15,-2.150412438243473,99,-2.156084319876311,WLS,133,0.0056718816328382715
0,x_tcsc,1-14,-0.13475014790453194,0,-0.1346517936501981,WLS,135,9.835425433382672e-05
1,B_svc,2,0.2752521216880521,0,0.2757002747100101,WLS,135,0.00044815302195799767
2,UPFC_Vsh,5-15,1.104459103890562,0,1.1052896437161124,WLS,135,0.0008305398255503693
3,UPFC_tsh,5-15,-0.22950213862190272,0,-0.2294291985876891,WLS,135,7.294003421362549e-05
4,UPFC_Vse,5-15,0.06009576197816961,0,0.060485478662259694,WLS,135,0.0003897166840900815
5,UPFC_tse,5-15,-2.149718825259685,0,-2.1569582826184863,WLS,135,0.007239457358801271
0,x_tcsc,1-14,-0.13473352226540364,1,-0.1346517936501981,WLS,135,8.172861520552854e-05
1,B_svc,2,0.27528938822564636,1,0.2757002747100101,WLS,135,0.000410886484363715
2,UPFC_Vsh,5-15,1.1041362539202682,1,1.1052896437161124,WLS,135,0.0011533897958442285
3,UPFC_tsh,5-15,-0.22957181441338825,1,-0.2294291985876891,WLS,135,0.00014261582569916054
4,UPFC_Vse,5-15,0.05951459664963457,1,0.060485478662259694,WLS,135,0.0009708820126251225
5,UPFC_tse,5-15,-2.150027402014316,1,-2.1569582826184863,WLS,135,0.006930880604170131
0,x_tcsc,1-14,-0.13473253304864732,2,-0.1346517936501981,WLS,135,8.07393984492144e-05
1,B_svc,2,0.2756636883841317,2,0.2757002747100101,WLS,135,3.658632587838495e-05
2,UPFC_Vsh,5-15,1.1046214836746098,2,1.1052896437161124,WLS,135,0.0006681600415026079
3,UPFC_tsh,5-15,-0.2296093867399917,2,-0.2294291985876891,WLS,135,0.00018018815230261276
4,UPFC_Vse,5-15,0.06060371082446008,2,0.060485478662259694,WLS,135,0.0001182321622003879
5,UPFC_tse,5-15,-2.1523943295142995,2,-2.1569582826184863,WLS,135,0.00456395310418678
0,x_tcsc,1-14,-0.13473793225204841,3,-0.1346517936501981,WLS,135,8.61386018503052e-05
1,B_svc,2,0.2753217470916539,3,0.2757002747100101,WLS,135,0.00037852761835616144
2,UPFC_Vsh,5-15,1.1043625547487539,3,1.1052896437161124,WLS,135,0.0009270889673584914
3,UPFC_tsh,5-15,-0.22950601131081302,3,-0.2294291985876891,WLS,135,7.681272312393128e-05
4,UPFC_Vse,5-15,0.060475280738552815,3,0.060485478662259694,WLS,135,1.0197923706878331e-05
5,UPFC_tse,5-15,-2.149505984824367,3,-2.1569582826184863,WLS,135,0.007452297794119378
0,x_tcsc,1-14,-0.13472947898761356,4,-0.1346517936501981,WLS,135,7.76853374154507e-05
1,B_svc,2,0.2750292773127175,4,0.2757002747100101,WLS,135,0.0006709973972925942
2,UPFC_Vsh,5-15,1.104663421969999,4,1.1052896437161124,WLS,135,0.0006262217461134867
3,UPFC_tsh,5-15,-0.2294830988057759,4,-0.2294291985876891,WLS,135,5.390021808679424e-05
4,UPFC_Vse,5-15,0.0601325415479134,4,0.060485478662259694,WLS,135,0.00035293711434629393
5,UPFC_tse,5-15,-2.1515253393750977,4,-2.1569582826184863,WLS,135,0.0054329432433886105
0,x_tcsc,1-14,-0.1347162313165614,5,-0.1346517936501981,WLS,135,6.44376663632984e-05
1,B_svc,2,0.2753276434412726,5,0.2757002747100101,WLS,135,0.00037263126873748886
2,UPFC_Vsh,5-15,1.1042110616949303,5,1.1052896437161124,WLS,135,0.0010785820211820507
3,UPFC_tsh,5-15,-0.22954138853835235,5,-0.2294291985876891,WLS,135,0.0001121899506632551
4,UPFC_Vse,5-15,0.060611923502193604,5,0.060485478662259694,WLS,135,0.00012644483993391048
5,UPFC_tse,5-15,-2.1440741501622202,5,-2.1569582826184863,WLS,135,0.012884132456266073
0,x_tcsc,1-14,-0.13472562137823293,6,-0.1346517936501981,WLS,135,7.38277280348254e-05
1,B_svc,2,0.2752584758468169,6,0.2757002747100101,WLS,135,0.00044179886319317685
2,UPFC_Vsh,5-15,1.1043367144141172,6,1.1052896437161124,WLS,135,0.0009529293019951979
3,UPFC_tsh,5-15,-0.22953507769411954,6,-0.2294291985876891,WLS,135,0.00010587910643045095
4,UPFC_Vse,5-15,0.060118945669422226,6,0.060485478662259694,WLS,135,0.00036653299283746776
5,UPFC_tse,5-15,-2.1529642601773515,6,-2.1569582826184863,WLS,135,0.003994022441134781
0,x_tcsc,1-14,-0.13474126590790295,7,-0.1346517936501981,WLS,135,8.94722577048368e-05
1,B_svc,2,0.27523983663987356,7,0.2757002747100101,WLS,135,0.00046043807013651517
2,UPFC_Vsh,5-15,1.1044622009427334,7,1.1052896437161124,WLS,135,0.0008274427733789835
3,UPFC_tsh,5-15,-0.22950150797092222,7,-0.2294291985876891,WLS,135,7.23093832331323e-05
4,UPFC_Vse,5-15,0.06016940688495727,7,0.060485478662259694,WLS,135,0.0003160717773024249
5,UPFC_tse,5-15,-2.1534248814395345,7,-2.1569582826184863,WLS,135,0.003533401178951845
0,x_tcsc,1-14,-0.1347527003530468,8,-0.1346517936501981,WLS,135,0.00010090670284867986
1,B_svc,2,0.2754073070592629,8,0.2757002747100101,WLS,135,0.0002929676507471557
2,UPFC_Vsh,5-15,1.104424749868765,8,1.1052896437161124,WLS,135,0.0008648938473474477
3,UPFC_tsh,5-15,-0.22957425144393923,8,-0.2294291985876891,WLS,135,0.00014505285625013298
4,UPFC_Vse,5-15,0.06039604514280756,8,0.060485478662259694,WLS,135,8.943351945213396e-05
5,UPFC_tse,5-15,-2.155484598721891,8,-2.1569582826184863,WLS,135,0.0014736838965951904
0,x_tcsc,1-14,-0.13473591293489295,9,-0.1346517936501981,WLS,135,8.411928469484464e-05
1,B_svc,2,0.27503659985845136,9,0.2757002747100101,WLS,135,0.0006636748515587154
2,UPFC_Vsh,5-15,1.1043693839179929,9,1.1052896437161124,WLS,135,0.0009202597981194938
3,UPFC_tsh,5-15,-0.2295043246727184,9,-0.2294291985876891,WLS,135,7.512608502929785e-05
4,UPFC_Vse,5-15,0.06042012622455675,9,0.060485478662259694,WLS,135,6.535243770294102e-05
5,UPFC_tse,5-15,-2.148167268995884,9,-2.1569582826184863,WLS,135,0.00879101362260215
0,x_tcsc,1-14,-0.13475083545268265,10,-0.1346517936501981,WLS,135,9.90418024845452e-05
1,B_svc,2,0.27577167572446337,10,0.2757002747100101,WLS,135,7.140101445329838e-05
2,UPFC_Vsh,5-15,1.104790281075289,10,1.1052896437161124,WLS,135,0.0004993626408233975
3,UPFC_tsh,5-15,-0.22945039875255882,10,-0.2294291985876891,WLS,135,2.1200164869727978e-05
4,UPFC_Vse,5-15,0.06042510766626239,10,0.060485478662259694,WLS,135,6.037099599730256e-05
5,UPFC_tse,5-15,-2.153016676834714,10,-2.1569582826184863,WLS,135,0.0039416057837722285
0,x_tcsc,1-14,-0.1347255264320394,11,-0.1346517936501981,WLS,135,7.373278184127918e-05
1,B_svc,2,0.27496026793708367,11,0.2757002747100101,WLS,135,0.0007400067729264048
2,UPFC_Vsh,5-15,1.1046078432720383,11,1.1052896437161124,WLS,135,0.0006818004440740655
3,UPFC_tsh,5-15,-0.2294944222511379,11,-0.2294291985876891,WLS,135,6.522366344879904e-05
4,UPFC_Vse,5-15,0.06020308634933323,11,0.060485478662259694,WLS,135,0.0002823923129264619
5,UPFC_tse,5-15,-2.150119329249481,11,-2.1569582826184863,WLS,135,0.006838953369005196
0,x_tcsc,1-14,-0.13473791650337777,12,-0.1346517936501981,WLS,135,8.612285317965984e-05
1,B_svc,2,0.2759311288599002,12,0.2757002747100101,WLS,135,0.0002308541498901029
2,UPFC_Vsh,5-15,1.1043618310311998,12,1.1052896437161124,WLS,135,0.0009278126849125989
3,UPFC_tsh,5-15,-0.22952203892324238,12,-0.2294291985876891,WLS,135,9.28403355532903e-05
4,UPFC_Vse,5-15,0.059598647328009215,12,0.060485478662259694,WLS,135,0.0008868313342504791
5,UPFC_tse,5-15,-2.1502568567575606,12,-2.1569582826184863,WLS,135,0.006701425860925703
0,x_tcsc,1-14,-0.13475168188098635,13,-0.1346517936501981,WLS,135,9.988823078824205e-05
1,B_svc,2,0.275729856819312,13,0.2757002747100101,WLS,135,2.958210930192884e-05
2,UPFC_Vsh,5-15,1.1047383719751223,13,1.1052896437161124,WLS,135,0.0005512717409901224
3,UPFC_tsh,5-15,-0.22943802235512575,13,-0.2294291985876891,WLS,135,8.823767436660912e-06
4,UPFC_Vse,5-15,0.05982565238856941,13,0.060485478662259694,WLS,135,0.000659826273690281
5,UPFC_tse,5-15,-2.150810092897682,13,-2.1569582826184863,WLS,135,0.006148189720804442
0,x_tcsc,1-14,-0.13473474662971957,14,-0.1346517936501981,WLS,135,8.295297952146119e-05
1,B_svc,2,0.2753136647356443,14,0.2757002747100101,WLS,135,0.0003866099743657925
2,UPFC_Vsh,5-15,1.1043629684242338,14,1.1052896437161124,WLS,135,0.0009266752918786203
3,UPFC_tsh,5-15,-0.22946323413320133,14,-0.2294291985876891,WLS,135,3.403554551223431e-05
4,UPFC_Vse,5-15,0.060165366990667345,14,0.060485478662259694,WLS,135,0.0003201116715923491
5,UPFC_tse,5-15,-2.146322919790845,14,-2.1569582826184863,WLS,135,0.010635362827641437
0,x_tcsc,1-14,-0.13472713499677613,15,-0.1346517936501981,WLS,135,7.534134657802283e-05
1,B_svc,2,0.2752762523523862,15,0.2757002747100101,WLS,135,0.00042402235762389884
2,UPFC_Vsh,5-15,1.1042014306805061,15,1.1052896437161124,WLS,135,0.0010882130356062447
3,UPFC_tsh,5-15,-0.22953845593970623,15,-0.2294291985876891,WLS,135,0.00010925735201713915
4,UPFC_Vse,5-15,0.060239278859588165,15,0.060485478662259694,WLS,135,0.00024619980267152897
5,UPFC_tse,5-15,-2.147172567220179,15,-2.1569582826184863,WLS,135,0.009785715398307193
0,x_tcsc,1-14,-0.13473110165610522,16,-0.1346517936501981,WLS,135,7.930800590710829e-05
1,B_svc,2,0.27552030377768727,16,0.2757002747100101,WLS,135,0.0001799709323228038
2,UPFC_Vsh,5-15,1.104587952652777,16,1.1052896437161124,WLS,135,0.0007016910633352857
3,UPFC_tsh,5-15,-0.2295145816484813,16,-0.2294291985876891,WLS,135,8.538306079219904e-05
4,UPFC_Vse,5-15,0.0599631488565457,16,0.060485478662259694,WLS,135,0.0005223298057139905
5,UPFC_tse,5-15,-2.1511275520935174,16,-2.1569582826184863,WLS,135,0.005830730524968963
0,x_tcsc,1-14,-0.1347460942611876,17,-0.1346517936501981,WLS,135,9.43006109895006e-05
1,B_svc,2,0.275694198569514,17,0.2757002747100101,WLS,135,6.07614049608074e-06
2,UPFC_Vsh,5-15,1.104694032300385,17,1.1052896437161124,WLS,135,0.0005956114157272818
3,UPFC_tsh,5-15,-0.22946350567910775,17,-0.2294291985876891,WLS,135,3.430709141866162e-05
4,UPFC_Vse,5-15,0.06000311308347914,17,0.060485478662259694,WLS,135,0.0004823655787805567
5,UPFC_tse,5-15,-2.1502027779390405,17,-2.1569582826184863,WLS,135,0.006755504679445856
0,x_tcsc,1-14,-0.1347304421194078,18,-0.1346517936501981,WLS,135,7.86484692096856e-05
1,B_svc,2,0.27572009762308997,18,0.2757002747100101,WLS,135,1.9822913079892146e-05
2,UPFC_Vsh,5-15,1.10425839758905,18,1.1052896437161124,WLS,135,0.0010312461270622908
3,UPFC_tsh,5-15,-0.22951535315532787,18,-0.2294291985876891,WLS,135,8.615456763877427e-05
4,UPFC_Vse,5-15,0.06053054028198163,18,0.060485478662259694,WLS,135,4.506161972193945e-05
5,UPFC_tse,5-15,-2.1480282387273553,18,-2.1569582826184863,WLS,135,0.008930043891131056
0,x_tcsc,1-14,-0.13473191839879015,19,-0.1346517936501981,WLS,135,8.012474859203644e-05
1,B_svc,2,0.27527008157290533,19,0.2757002747100101,WLS,135,0.0004301931371047396
2,UPFC_Vsh,5-15,1.1046807938329664,19,1.1052896437161124,WLS,135,0.0006088498831460232
3,UPFC_tsh,5-15,-0.22947910403541497,19,-0.2294291985876891,WLS,135,4.990544772587313e-05
4,UPFC_Vse,5-15,0.06010713466562001,19,0.060485478662259694,WLS,135,0.0003783439966396837
5,UPFC_tse,5-15,-2.151168177626878,19,-2.1569582826184863,WLS,135,0.00579010499160848
0,x_tcsc,1-14,-0.13472495176829347,20,-0.1346517936501981,WLS,135,7.315811809535666e-05
1,B_svc,2,0.2757105511087989,20,0.2757002747100101,WLS,135,1.0276398788811036e-05
2,UPFC_Vsh,5-15,1.10439849171263,20,1.1052896437161124,WLS,135,0.0008911520034824427
3,UPFC_tsh,5-15,-0.2294722952623905,20,-0.2294291985876891,WLS,135,4.309667470139833e-05
4,UPFC_Vse,5-15,0.0603553646652984,20,0.060485478662259694,WLS,135,0.00013011399696129244
5,UPFC_tse,5-15,-2.148978080492464,20,-2.1569582826184863,WLS,135,0.007980202126022462
0,x_tcsc,1-14,-0.13474246028542847,21,-0.1346517936501981,WLS,135,9.066663523035756e-05
1,B_svc,2,0.2754105646666232,21,0.2757002747100101,WLS,135,0.00028971004338684825
2,UPFC_Vsh,5-15,1.1044409418077112,21,1.1052896437161124,WLS,135,0.0008487019084011393
3,UPFC_tsh,5-15,-0.2295301060321105,21,-0.2294291985876891,WLS,135,0.00010090744442139976
4,UPFC_Vse,5-15,0.06046770484854573,21,0.060485478662259694,WLS,135,1.777381371396297e-05
5,UPFC_tse,5-15,-2.1510706776972466,21,-2.1569582826184863,WLS,135,0.005887604921239742
0,x_tcsc,1-14,-0.13473911432752464,22,-0.1346517936501981,WLS,135,8.732067732653004e-05
1,B_svc,2,0.2755450423425123,22,0.2757002747100101,WLS,135,0.0001552323674977596
2,UPFC_Vsh,5-15,1.1044905948661174,22,1.1052896437161124,WLS,135,0.0007990488499949322
3,UPFC_tsh,5-15,-0.22946780376677545,22,-0.2294291985876891,WLS,135,3.860517908635397e-05
4,UPFC_Vse,5-15,0.059943000159449575,22,0.060485478662259694,WLS,135,0.0005424785028101189
5,UPFC_tse,5-15,-2.150883691755879,22,-2.1569582826184863,WLS,135,0.006074590862607199
0,x_tcsc,1-14,-0.1347315112508725,23,-0.1346517936501981,WLS,135,7.971760067437828e-05
1,B_svc,2,0.27560778131650077,23,0.2757002747100101,WLS,135,9.249339350930752e-05
2,UPFC_Vsh,5-15,1.1043887522326983,23,1.1052896437161124,WLS,135,0.0009008914834141013
3,UPFC_tsh,5-15,-0.2295367126566727,23,-0.2294291985876891,WLS,135,0.00010751406898359961
4,UPFC_Vse,5-15,0.06024532607771763,23,0.060485478662259694,WLS,135,0.000240152584542061
5,UPFC_tse,5-15,-2.147550222013774,23,-2.1569582826184863,WLS,135,0.009408060604712443
0,x_tcsc,1-14,-0.13472197140294323,24,-0.1346517936501981,WLS,135,7.017775274512084e-05
1,B_svc,2,0.2754670561273396,24,0.2757002747100101,WLS,135,0.00023321858267044693
2,UPFC_Vsh,5-15,1.1044442058780797,24,1.1052896437161124,WLS,135,0.0008454378380327032
3,UPFC_tsh,5-15,-0.22955382487263665,24,-0.2294291985876891,WLS,135,0.00012462628494755434
4,UPFC_Vse,5-15,0.0604263793159063,24,0.060485478662259694,WLS,135,5.909934635339037e-05
5,UPFC_tse,5-15,-2.146804081194667,24,-2.1569582826184863,WLS,135,0.010154201423819398
0,x_tcsc,1-14,-0.13474033619576217,25,-0.1346517936501981,WLS,135,8.854254556406316e-05
1,B_svc,2,0.2747364745901151,25,0.2757002747100101,WLS,135,0.0009638001198949975
2,UPFC_Vsh,5-15,1.1044211115386495,25,1.1052896437161124,WLS,135,0.0008685321774628552
3,UPFC_tsh,5-15,-0.2295064214791085,25,-0.2294291985876891,WLS,135,7.722289141939842e-05
4,UPFC_Vse,5-15,0.06002360275154342,25,0.060485478662259694,WLS,135,0.0004618759107162737
5,UPFC_tse,5-15,-2.1522529012557734,25,-2.1569582826184863,WLS,135,0.004705381362712924
0,x_tcsc,1-14,-0.13472199252992945,26,-0.1346517936501981,WLS,135,7.019887973133687e-05
1,B_svc,2,0.2754000029107928,26,0.2757002747100101,WLS,135,0.00030027179921726654
2,UPFC_Vsh,5-15,1.104355966062479,26,1.1052896437161124,WLS,135,0.0009336776536332803
3,UPFC_tsh,5-15,-0.22953095132626197,26,-0.2294291985876891,WLS,135,0.00010175273857288003
4,UPFC_Vse,5-15,0.06032803799535577,26,0.060485478662259694,WLS,135,0.00015744066690392272
5,UPFC_tse,5-15,-2.151919030418822,26,-2.1569582826184863,WLS,135,0.005039252199664279
0,x_tcsc,1-14,-0.13473297860767663,27,-0.1346517936501981,WLS,135,8.118495747852505e-05
1,B_svc,2,0.27542966437277105,27,0.2757002747100101,WLS,135,0.00027061033723901895
2,UPFC_Vsh,5-15,1.1043725902134451,27,1.1052896437161124,WLS,135,0.0009170535026672422
3,UPFC_tsh,5-15,-0.2295386689549546,27,-0.2294291985876891,WLS,135,0.0001094703672654962
4,UPFC_Vse,5-15,0.06010086266072403,27,0.060485478662259694,WLS,135,0.0003846160015356648
5,UPFC_tse,5-15,-2.1493832683829015,27,-2.1569582826184863,WLS,135,0.0075750142355848205
0,x_tcsc,1-14,-0.13473265774204202,28,-0.1346517936501981,WLS,135,8.086409184390742e-05
1,B_svc,2,0.2753569014209045,28,0.2757002747100101,WLS,135,0.000343373289105553
2,UPFC_Vsh,5-15,1.1044008004844752,28,1.1052896437161124,WLS,135,0.0008888432316371819
3,UPFC_tsh,5-15,-0.22951113687623953,28,-0.2294291985876891,WLS,135,8.193828855043717e-05
4,UPFC_Vse,5-15,0.0605778300025279,28,0.060485478662259694,WLS,135,9.23513402682069e-05
5,UPFC_tse,5-15,-2.148686516319936,28,-2.1569582826184863,WLS,135,0.008271766298550531
0,x_tcsc,1-14,-0.13474217485918097,29,-0.1346517936501981,WLS,135,9.038120898285928e-05
1,B_svc,2,0.27550404417850066,29,0.2757002747100101,WLS,135,0.0001962305315094115
2,UPFC_Vsh,5-15,1.1045139603124003,29,1.1052896437161124,WLS,135,0.0007756834037120353
3,UPFC_tsh,5-15,-0.22949429942925056,29,-0.2294291985876891,WLS,135,6.510084156147178e-05
4,UPFC_Vse,5-15,0.06032431392486364,29,0.060485478662259694,WLS,135,0.0001611647373960523
5,UPFC_tse,5-15,-2.1494231565413124,29,-2.1569582826184863,WLS,135,0.0075351260771738815
0,x_tcsc,1-14,-0.13474930022081374,30,-0.1346517936501981,WLS,135,9.750657061563528e-05
1,B_svc,2,0.2756959249506474,30,0.2757002747100101,WLS,135,4.3497593626984354e-06
2,UPFC_Vsh,5-15,1.1044874775497038,30,1.1052896437161124,WLS,135,0.0008021661664086022
3,UPFC_tsh,5-15,-0.22949117656971668,30,-0.2294291985876891,WLS,135,6.197798202758897e-05
4,UPFC_Vse,5-15,0.059960791225875235,30,0.060485478662259694,WLS,135,0.0005246874363844592
5,UPFC_tse,5-15,-2.1509737720507043,30,-2.1569582826184863,WLS,135,0.005984510567782042
0,x_tcsc,1-14,-0.13471498476016192,31,-0.1346517936501981,WLS,135,6.319110996380606e-05
1,B_svc,2,0.27510625067618383,31,0.2757002747100101,WLS,135,0.0005940240338262459
2,UPFC_Vsh,5-15,1.1042796678811713,31,1.1052896437161124,WLS,135,0.0010099758349411125
3,UPFC_tsh,5-15,-0.2295818544889482,31,-0.2294291985876891,WLS,135,0.00015265590125909667
4,UPFC_Vse,5-15,0.060369566025318594,31,0.060485478662259694,WLS,135,0.00011591263694109982
5,UPFC_tse,5-15,-2.1503694565241327,31,-2.1569582826184863,WLS,135,0.006588826094353628
0,x_tcsc,1-14,-0.13472635502624336,32,-0.1346517936501981,WLS,135,7.456137604525126e-05
1,B_svc,2,0.27554008194426527,32,0.2757002747100101,WLS,135,0.00016019276574480434
2,UPFC_Vsh,5-15,1.1042537017844634,32,1.1052896437161124,WLS,135,0.0010359419316490204
3,UPFC_tsh,5-15,-0.22953315184193332,32,-0.2294291985876891,WLS,135,0.00010395325424422674
4,UPFC_Vse,5-15,0.06025358463527929,32,0.060485478662259694,WLS,135,0.0002318940269804004
5,UPFC_tse,5-15,-2.149696316848569,32,-2.1569582826184863,WLS,135,0.007261965769917111
0,x_tcsc,1-14,-0.1347490806808038,33,-0.1346517936501981,WLS,135,9.728703060568611e-05
1,B_svc,2,0.2753581831769137,33,0.2757002747100101,WLS,135,0.0003420915330963892
2,UPFC_Vsh,5-15,1.104337164498485,33,1.1052896437161124,WLS,135,0.0009524792176274222
3,UPFC_tsh,5-15,-0.22951194451534104,33,-0.2294291985876891,WLS,135,8.274592765195043e-05
4,UPFC_Vse,5-15,0.0601011654069231,33,0.060485478662259694,WLS,135,0.0003843132553365963
5,UPFC_tse,5-15,-2.1509115129812337,33,-2.1569582826184863,WLS,135,0.006046769637252591
0,x_tcsc,1-14,-0.13474349466906435,34,-0.1346517936501981,WLS,135,9.170101886624149e-05
1,B_svc,2,0.27580928043434627,34,0.2757002747100101,WLS,135,0.00010900572433619748
2,UPFC_Vsh,5-15,1.1043489968817848,34,1.1052896437161124,WLS,135,0.0009406468343275964
3,UPFC_tsh,5-15,-0.22950467792844378,34,-0.2294291985876891,WLS,135,7.547934075469165e-05
4,UPFC_Vse,5-15,0.0601553609269591,34,0.060485478662259694,WLS,135,0.000330117735300596
5,UPFC_tse,5-15,-2.152373322789403,34,-2.1569582826184863,WLS,135,0.004584959829083246
0,x_tcsc,1-14,-0.1347182056386625,35,-0.1346517936501981,WLS,135,6.641198846438212e-05
1,B_svc,2,0.2753449958205595,35,0.2757002747100101,WLS,135,0.00035527888945058317
2,UPFC_Vsh,5-15,1.1043729324665452,35,1.1052896437161124,WLS,135,0.0009167112495671592
3,UPFC_tsh,5-15,-0.22954723797004048,35,-0.2294291985876891,WLS,135,0.000118039382351387
4,UPFC_Vse,5-15,0.06014688591060068,35,0.060485478662259694,WLS,135,0.0003385927516590115
5,UPFC_tse,5-15,-2.151256686566755,35,-2.1569582826184863,WLS,135,0.005701596051731261
0,x_tcsc,1-14,-0.13474428573907268,36,-0.1346517936501981,WLS,135,9.249208887457394e-05
1,B_svc,2,0.27553715070475077,36,0.2757002747100101,WLS,135,0.00016312400525930748
2,UPFC_Vsh,5-15,1.104170605612775,36,1.1052896437161124,WLS,135,0.0011190381033374663
3,UPFC_tsh,5-15,-0.22955751056204338,36,-0.2294291985876891,WLS,135,0.00012831197435428376
4,UPFC_Vse,5-15,0.059903247436725086,36,0.060485478662259694,WLS,135,0.0005822312255346074
5,UPFC_tse,5-15,-2.150594261197907,36,-2.1569582826184863,WLS,135,0.0063640214205791246
0,x_tcsc,1-14,-0.13474917455877108,37,-0.1346517936501981,WLS,135,9.738090857297488e-05
1,B_svc,2,0.2750747948700053,37,0.2757002747100101,WLS,135,0.0006254798400047723
2,UPFC_Vsh,5-15,1.10465863746377,37,1.1052896437161124,WLS,135,0.0006310062523424698
3,UPFC_tsh,5-15,-0.22946220693785419,37,-0.2294291985876891,WLS,135,3.3008350165092404e-05
4,UPFC_Vse,5-15,0.06014636926803931,37,0.060485478662259694,WLS,135,0.00033910939422038266
5,UPFC_tse,5-15,-2.1524283133425284,37,-2.1569582826184863,WLS,135,0.004529969275957946
0,x_tcsc,1-14,-0.13473687118873676,38,-0.1346517936501981,WLS,135,8.507753853864708e-05
1,B_svc,2,0.27530859054534185,38,0.2757002747100101,WLS,135,0.00039168416466822675
2,UPFC_Vsh,5-15,1.104434918248468,38,1.1052896437161124,WLS,135,0.0008547254676443128
3,UPFC_tsh,5-15,-0.22960011732191263,38,-0.2294291985876891,WLS,135,0.0001709187342235352
4,UPFC_Vse,5-15,0.06036118689920711,38,0.060485478662259694,WLS,135,0.000124291763052585
5,UPFC_tse,5-15,-2.1498873815339863,38,-2.1569582826184863,WLS,135,0.007070901084500036
0,x_tcsc,1-14,-0.13472246723796996,39,-0.1346517936501981,WLS,135,7.067358777185229e-05
1,B_svc,2,0.27482181981055115,39,0.2757002747100101,WLS,135,0.0008784548994589247
2,UPFC_Vsh,5-15,1.1045088984622258,39,1.1052896437161124,WLS,135,0.0007807452538866055
3,UPFC_tsh,5-15,-0.22952865084879207,39,-0.2294291985876891,WLS,135,9.945226110297245e-05
4,UPFC_Vse,5-15,0.06035946757155389,39,0.060485478662259694,WLS,135,0.00012601109070580624
5,UPFC_tse,5-15,-2.15145821021756,39,-2.1569582826184863,WLS,135,0.005500072400926204
0,x_tcsc,1-14,-0.13472563712370375,40,-0.1346517936501981,WLS,135,7.384347350564147e-05
1,B_svc,2,0.27529788830949703,40,0.2757002747100101,WLS,135,0.000402386400513044
2,UPFC_Vsh,5-15,1.1042281482984224,40,1.1052896437161124,WLS,135,0.0010614954176899616
3,UPFC_tsh,5-15,-0.22948637352020884,40,-0.2294291985876891,WLS,135,5.717493251974903e-05
4,UPFC_Vse,5-15,0.06028615645806985,40,0.060485478662259694,WLS,135,0.00019932220418984042
5,UPFC_tse,5-15,-2.148445627589257,40,-2.1569582826184863,WLS,135,0.008512655029229155
0,x_tcsc,1-14,-0.13475318461319444,41,-0.1346517936501981,WLS,135,0.00010139096299632833
1,B_svc,2,0.2753931303577123,41,0.2757002747100101,WLS,135,0.0003071443522977835
2,UPFC_Vsh,5-15,1.104537907547543,41,1.1052896437161124,WLS,135,0.0007517361685693835
3,UPFC_tsh,5-15,-0.22952033851303733,41,-0.2294291985876891,WLS,135,9.113992534823256e-05
4,UPFC_Vse,5-15,0.060135393740224384,41,0.060485478662259694,WLS,135,0.0003500849220353097
5,UPFC_tse,5-15,-2.1509510659899145,41,-2.1569582826184863,WLS,135,0.006007216628571843
0,x_tcsc,1-14,-0.13473118829232228,42,-0.1346517936501981,WLS,135,7.93946421241698e-05
1,B_svc,2,0.27556216985327603,42,0.2757002747100101,WLS,135,0.00013810485673404482
2,UPFC_Vsh,5-15,1.1043158798276769,42,1.1052896437161124,WLS,135,0.0009737638884355082
3,UPFC_tsh,5-15,-0.22951229437821097,42,-0.2294291985876891,WLS,135,8.309579052187543e-05
4,UPFC_Vse,5-15,0.06024309427666145,42,0.060485478662259694,WLS,135,0.00024238438559824604
5,UPFC_tse,5-15,-2.1504866990912204,42,-2.1569582826184863,WLS,135,0.006471583527265956
0,x_tcsc,1-14,-0.13473716881675946,43,-0.1346517936501981,WLS,135,8.53751665613467e-05
1,B_svc,2,0.27552977616203844,43,0.2757002747100101,WLS,135,0.00017049854797163144
2,UPFC_Vsh,5-15,1.1044149041108566,43,1.1052896437161124,WLS,135,0.0008747396052557477
3,UPFC_tsh,5-15,-0.22955188655208153,43,-0.2294291985876891,WLS,135,0.00012268796439243723
4,UPFC_Vse,5-15,0.05992718262630276,43,0.060485478662259694,WLS,135,0.0005582960359569317
5,UPFC_tse,5-15,-2.15031708147717,43,-2.1569582826184863,WLS,135,0.0066412011413161665
0,x_tcsc,1-14,-0.13473039176843193,44,-0.1346517936501981,WLS,135,7.859811823382468e-05
1,B_svc,2,0.27528658755819985,44,0.2757002747100101,WLS,135,0.00041368715181022697
2,UPFC_Vsh,5-15,1.104070663134984,44,1.1052896437161124,WLS,135,0.0012189805811284593
3,UPFC_tsh,5-15,-0.22950382297205,44,-0.2294291985876891,WLS,135,7.462438436089958e-05
4,UPFC_Vse,5-15,0.06032839022786459,44,0.060485478662259694,WLS,135,0.0001570884343951029
5,UPFC_tse,5-15,-2.1482335691475125,44,-2.1569582826184863,WLS,135,0.00872471347097381
0,x_tcsc,1-14,-0.1347603764092504,45,-0.1346517936501981,WLS,135,0.0001085827590522892
1,B_svc,2,0.2752205178006633,45,0.2757002747100101,WLS,135,0.0004797569093467624
2,UPFC_Vsh,5-15,1.1046405812197773,45,1.1052896437161124,WLS,135,0.0006490624963351177
3,UPFC_tsh,5-15,-0.2294879500761606,45,-0.2294291985876891,WLS,135,5.875148847150902e-05
4,UPFC_Vse,5-15,0.05974107897926057,45,0.060485478662259694,WLS,135,0.0007443996829991223
5,UPFC_tse,5-15,-2.1535604076460473,45,-2.1569582826184863,WLS,135,0.003397874972439041
0,x_tcsc,1-14,-0.13471543866576013,46,-0.1346517936501981,WLS,135,6.364501556202495e-05
1,B_svc,2,0.2752942237435912,46,0.2757002747100101,WLS,135,0.0004060509664188805
2,UPFC_Vsh,5-15,1.1043044883834474,46,1.1052896437161124,WLS,135,0.0009851553326649665
3,UPFC_tsh,5-15,-0.22954159842851252,46,-0.2294291985876891,WLS,135,0.00011239984082342391
4,UPFC_Vse,5-15,0.06041919302164842,46,0.060485478662259694,WLS,135,6.628564061127162e-05
5,UPFC_tse,5-15,-2.1473079048434482,46,-2.1569582826184863,WLS,135,0.009650377775038077
0,x_tcsc,1-14,-0.13473702723558353,47,-0.1346517936501981,WLS,135,8.523358538542469e-05
1,B_svc,2,0.2755914669875613,47,0.2757002747100101,WLS,135,0.00010880772244875603
2,UPFC_Vsh,5-15,1.104113081346926,47,1.1052896437161124,WLS,135,0.0011765623691863958
3,UPFC_tsh,5-15,-0.2294780005673534,47,-0.2294291985876891,WLS,135,4.88019796643091e-05
4,UPFC_Vse,5-15,0.059841553542534016,47,0.060485478662259694,WLS,135,0.0006439251197256773
5,UPFC_tse,5-15,-2.1522464560876102,47,-2.1569582826184863,WLS,135,0.004711826530876095
0,x_tcsc,1-14,-0.13472688167046143,48,-0.1346517936501981,WLS,135,7.508802026331973e-05
1,B_svc,2,0.2755578841954466,48,0.2757002747100101,WLS,135,0.00014239051456349516
2,UPFC_Vsh,5-15,1.1046322013145222,48,1.1052896437161124,WLS,135,0.0006574424015901581
3,UPFC_tsh,5-15,-0.22948535177329737,48,-0.2294291985876891,WLS,135,5.6153185608281975e-05
4,UPFC_Vse,5-15,0.06038097283704619,48,0.060485478662259694,WLS,135,0.00010450582521350643
5,UPFC_tse,5-15,-2.1513940389979287,48,-2.1569582826184863,WLS,135,0.0055642436205576296
0,x_tcsc,1-14,-0.1347365932003832,49,-0.1346517936501981,WLS,135,8.479955018508845e-05
1,B_svc,2,0.2750443257704069,49,0.2757002747100101,WLS,135,0.0006559489396031903
2,UPFC_Vsh,5-15,1.1041389450687298,49,1.1052896437161124,WLS,135,0.0011506986473825975
3,UPFC_tsh,5-15,-0.22949466906159965,49,-0.2294291985876891,WLS,135,6.54704739105616e-05
4,UPFC_Vse,5-15,0.060328405485981874,49,0.060485478662259694,WLS,135,0.00015707317627781936
5,UPFC_tse,5-15,-2.149733219974496,49,-2.1569582826184863,WLS,135,0.007225062643990476
0,x_tcsc,1-14,-0.13474814450945943,50,-0.1346517936501981,WLS,135,9.635085926132381e-05
1,B_svc,2,0.2755380151880569,50,0.2757002747100101,WLS,135,0.00016225952195320081
2,UPFC_Vsh,5-15,1.104606568289047,50,1.1052896437161124,WLS,135,0.0006830754270654715
3,UPFC_tsh,5-15,-0.22951040476058224,50,-0.2294291985876891,WLS,135,8.120617289314458e-05
4,UPFC_Vse,5-15,0.060350086219450864,50,0.060485478662259694,WLS,135,0.00013539244280882934
5,UPFC_tse,5-15,-2.1505395480851557,50,-2.1569582826184863,WLS,135,0.006418734533330639
0,x_tcsc,1-14,-0.13474021795425103,51,-0.1346517936501981,WLS,135,8.842430405292534e-05
1,B_svc,2,0.2754404348651843,51,0.2757002747100101,WLS,135,0.00025983984482574884
2,UPFC_Vsh,5-15,1.1040024021786865,51,1.1052896437161124,WLS,135,0.001287241537425876
3,UPFC_tsh,5-15,-0.22952509874311175,51,-0.2294291985876891,WLS,135,9.590015542265684e-05
4,UPFC_Vse,5-15,0.060360146268593935,51,0.060485478662259694,WLS,135,0.00012533239366575855
5,UPFC_tse,5-15,-2.1487939252407484,51,-2.1569582826184863,WLS,135,0.008164357377737907
0,x_tcsc,1-14,-0.13474972529224694,52,-0.1346517936501981,WLS,135,9.793164204882632e-05
1,B_svc,2,0.27595085336617853,52,0.2757002747100101,WLS,135,0.0002505786561684542
2,UPFC_Vsh,5-15,1.1044888664307868,52,1.1052896437161124,WLS,135,0.0008007772853255712
3,UPFC_tsh,5-15,-0.22954975824860954,52,-0.2294291985876891,WLS,135,0.00012055966092044956
4,UPFC_Vse,5-15,0.06013466442154863,52,0.060485478662259694,WLS,135,0.00035081424071106704
5,UPFC_tse,5-15,-2.1532421700731,52,-2.1569582826184863,WLS,135,0.0037161125453861743
0,x_tcsc,1-14,-0.13472699187990272,53,-0.1346517936501981,WLS,135,7.519822970461498e-05
1,B_svc,2,0.27551476511614276,53,0.2757002747100101,WLS,135,0.0001855095938673168
2,UPFC_Vsh,5-15,1.104410010625291,53,1.1052896437161124,WLS,135,0.0008796330908213967
3,UPFC_tsh,5-15,-0.22957608627451653,53,-0.2294291985876891,WLS,135,0.00014688768682744047
4,UPFC_Vse,5-15,0.060132546443365624,53,0.060485478662259694,WLS,135,0.0003529322188940698
5,UPFC_tse,5-15,-2.152620266064544,53,-2.1569582826184863,WLS,135,0.004338016553942392
0,x_tcsc,1-14,-0.13472941099777327,54,-0.1346517936501981,WLS,135,7.761734757516514e-05
1,B_svc,2,0.2755202068442642,54,0.2757002747100101,WLS,135,0.00018006786574586986
2,UPFC_Vsh,5-15,1.1045230368297732,54,1.1052896437161124,WLS,135,0.0007666068863392272
3,UPFC_tsh,5-15,-0.2295906593185679,54,-0.2294291985876891,WLS,135,0.00016146073087880408
4,UPFC_Vse,5-15,0.0604451573971994,54,0.060485478662259694,WLS,135,4.032126506029604e-05
5,UPFC_tse,5-15,-2.14913161146849,54,-2.1569582826184863,WLS,135,0.007826671149996134
0,x_tcsc,1-14,-0.13475853325846712,55,-0.1346517936501981,WLS,135,0.00010673960826901308
1,B_svc,2,0.2755312269662396,55,0.2757002747100101,WLS,135,0.00016904774377046738
2,UPFC_Vsh,5-15,1.1048578596578387,55,1.1052896437161124,WLS,135,0.0004317840582737098
3,UPFC_tsh,5-15,-0.22952218261980875,55,-0.2294291985876891,WLS,135,9.298403211965844e-05
4,UPFC_Vse,5-15,0.06015297608142528,55,0.060485478662259694,WLS,135,0.0003325025808344137
5,UPFC_tse,5-15,-2.150976426587955,55,-2.1569582826184863,WLS,135,0.005981856030531141
0,x_tcsc,1-14,-0.13474128207608033,56,-0.1346517936501981,WLS,135,8.948842588221706e-05
1,B_svc,2,0.2752083984071333,56,0.2757002747100101,WLS,135,0.0004918763028767814
2,UPFC_Vsh,5-15,1.1045995492907954,56,1.1052896437161124,WLS,135,0.0006900944253169783
3,UPFC_tsh,5-15,-0.22947726383406758,56,-0.2294291985876891,WLS,135,4.806524637848697e-05
4,UPFC_Vse,5-15,0.060144991049898934,56,0.060485478662259694,WLS,135,0.00034048761236075975
5,UPFC_tse,5-15,-2.1482337245055647,56,-2.1569582826184863,WLS,135,0.00872455811292161
0,x_tcsc,1-14,-0.13472152222506056,57,-0.1346517936501981,WLS,135,6.972857486245432e-05
1,B_svc,2,0.2752074401886874,57,0.2757002747100101,WLS,135,0.0004928345213226493
2,UPFC_Vsh,5-15,1.10460522345605,57,1.1052896437161124,WLS,135,0.000684420260062435
3,UPFC_tsh,5-15,-0.22945256817763532,57,-0.2294291985876891,WLS,135,2.3369589946226066e-05
4,UPFC_Vse,5-15,0.060261848538639494,57,0.060485478662259694,WLS,135,0.00022363012362019985
5,UPFC_tse,5-15,-2.148122097542384,57,-2.1569582826184863,WLS,135,0.00883618507610251
0,x_tcsc,1-14,-0.13472449951468057,58,-0.1346517936501981,WLS,135,7.270586448246408e-05
1,B_svc,2,0.2751354482437553,58,0.2757002747100101,WLS,135,0.0005648264662547753
2,UPFC_Vsh,5-15,1.1044999828674273,58,1.1052896437161124,WLS,135,0.0007896608486850365
3,UPFC_tsh,5-15,-0.2295528449195377,58,-0.2294291985876891,WLS,135,0.00012364633184860918
4,UPFC_Vse,5-15,0.059731575271664235,58,0.060485478662259694,WLS,135,0.000753903390595459
5,UPFC_tse,5-15,-2.1521480276208598,58,-2.1569582826184863,WLS,135,0.004810254997626551
0,x_tcsc,1-14,-0.1347534827448581,59,-0.1346517936501981,WLS,135,0.00010168909465999021
1,B_svc,2,0.2757039508688885,59,0.2757002747100101,WLS,135,3.676158878418434e-06
2,UPFC_Vsh,5-15,1.1045898449916007,59,1.1052896437161124,WLS,135,0.0006997987245116466
3,UPFC_tsh,5-15,-0.22948690839471608,59,-0.2294291985876891,WLS,135,5.770980702698991e-05
4,UPFC_Vse,5-15,0.06037340270743556,59,0.060485478662259694,WLS,135,0.00011207595482413263
5,UPFC_tse,5-15,-2.153665868928323,59,-2.1569582826184863,WLS,135,0.0032924136901635315
0,x_tcsc,1-14,-0.13474299613666077,60,-0.1346517936501981,WLS,135,9.120248646266038e-05
1,B_svc,2,0.2753427030745256,60,0.2757002747100101,WLS,135,0.00035757163548449933
2,UPFC_Vsh,5-15,1.1042791777006176,60,1.1052896437161124,WLS,135,0.0010104660154948153
3,UPFC_tsh,5-15,-0.22949211040386866,60,-0.2294291985876891,WLS,135,6.29118161795672e-05
4,UPFC_Vse,5-15,0.0602956097064529,60,0.060485478662259694,WLS,135,0.00018986895580679064
5,UPFC_tse,5-15,-2.1508391280643235,60,-2.1569582826184863,WLS,135,0.006119154554162787
0,x_tcsc,1-14,-0.13472599283808384,61,-0.1346517936501981,WLS,135,7.419918788573177e-05
1,B_svc,2,0.27549390393788425,61,0.2757002747100101,WLS,135,0.000206370772125819
2,UPFC_Vsh,5-15,1.1045103391955842,61,1.1052896437161124,WLS,135,0.0007793045205282123
3,UPFC_tsh,5-15,-0.22951560228567194,61,-0.2294291985876891,WLS,135,8.640369798285086e-05
4,UPFC_Vse,5-15,0.059904760142636175,61,0.060485478662259694,WLS,135,0.0005807185196235187
5,UPFC_tse,5-15,-2.1518120130355696,61,-2.1569582826184863,WLS,135,0.0051462695829167515
0,x_tcsc,1-14,-0.13472279922122238,62,-0.1346517936501981,WLS,135,7.100557102426852e-05
1,B_svc,2,0.2755644870722439,62,0.2757002747100101,WLS,135,0.00013578763776617153
2,UPFC_Vsh,5-15,1.104568457219093,62,1.1052896437161124,WLS,135,0.0007211864970193549
3,UPFC_tsh,5-15,-0.22957377547629879,62,-0.2294291985876891,WLS,135,0.0001445768886096932
4,UPFC_Vse,5-15,0.060239013927917445,62,0.060485478662259694,WLS,135,0.0002464647343422485
5,UPFC_tse,5-15,-2.150569071538922,62,-2.1569582826184863,WLS,135,0.006389211079564472
0,x_tcsc,1-14,-0.1347290119026776,63,-0.1346517936501981,WLS,135,7.721825247949954e-05
1,B_svc,2,0.27531904079100766,63,0.2757002747100101,WLS,135,0.00038123391900241055
2,UPFC_Vsh,5-15,1.1044981474735052,63,1.1052896437161124,WLS,135,0.0007914962426072147
3,UPFC_tsh,5-15,-0.22952365598183216,63,-0.2294291985876891,WLS,135,9.445739414307153e-05
4,UPFC_Vse,5-15,0.060270241970221586,63,0.060485478662259694,WLS,135,0.00021523669203810797
5,UPFC_tse,5-15,-2.1478992491907807,63,-2.1569582826184863,WLS,135,0.009059033427705643
0,x_tcsc,1-14,-0.13474152597227423,64,-0.1346517936501981,WLS,135,8.97323220761248e-05
1,B_svc,2,0.27557668524680423,64,0.2757002747100101,WLS,135,0.00012358946320584208
2,UPFC_Vsh,5-15,1.10418455402606,64,1.1052896437161124,WLS,135,0.0011050896900524076
3,UPFC_tsh,5-15,-0.22955904620584808,64,-0.2294291985876891,WLS,135,0.0001298476181589847
4,UPFC_Vse,5-15,0.06029579046617469,64,0.060485478662259694,WLS,135,0.00018968819608500276
5,UPFC_tse,5-15,-2.1480660543290355,64,-2.1569582826184863,WLS,135,0.008892228289450799
0,x_tcsc,1-14,-0.13473866220062425,65,-0.1346517936501981,WLS,135,8.686855042613906e-05
1,B_svc,2,0.27558157032742286,65,0.2757002747100101,WLS,135,0.00011870438258720917
2,UPFC_Vsh,5-15,1.1045177140187346,65,1.1052896437161124,WLS,135,0.0007719296973778267
3,UPFC_tsh,5-15,-0.22951737098167127,65,-0.2294291985876891,WLS,135,8.817239398217769e-05
4,UPFC_Vse,5-15,0.06019299621329934,65,0.060485478662259694,WLS,135,0.0002924824489603517
5,UPFC_tse,5-15,-2.1509341769673664,65,-2.1569582826184863,WLS,135,0.006024105651119882
0,x_tcsc,1-14,-0.13471674039551168,66,-0.1346517936501981,WLS,135,6.494674531357103e-05
1,B_svc,2,0.2757568537658089,66,0.2757002747100101,WLS,135,5.657905579881106e-05
2,UPFC_Vsh,5-15,1.1045875122352737,66,1.1052896437161124,WLS,135,0.0007021314808386414
3,UPFC_tsh,5-15,-0.2295483302417845,66,-0.2294291985876891,WLS,135,0.00011913165409541127
4,UPFC_Vse,5-15,0.05971059746147842,66,0.060485478662259694,WLS,135,0.0007748812007812717
5,UPFC_tse,5-15,-2.1466368033020906,66,-2.1569582826184863,WLS,135,0.01032147931639571
0,x_tcsc,1-14,-0.13473559004913466,67,-0.1346517936501981,WLS,135,8.379639893654756e-05
1,B_svc,2,0.276189150151291,67,0.2757002747100101,WLS,135,0.0004888754412809004
2,UPFC_Vsh,5-15,1.1041020118217755,67,1.1052896437161124,WLS,135,0.0011876318943369046
3,UPFC_tsh,5-15,-0.22953280207446233,67,-0.2294291985876891,WLS,135,0.0001036034867732405
4,UPFC_Vse,5-15,0.059978562343160555,67,0.060485478662259694,WLS,135,0.0005069163190991391
5,UPFC_tse,5-15,-2.148449451725143,67,-2.1569582826184863,WLS,135,0.008508830893343422
0,x_tcsc,1-14,-0.13474232123179086,68,-0.1346517936501981,WLS,135,9.052758159275309e-05
1,B_svc,2,0.2755377654687008,68,0.2757002747100101,WLS,135,0.00016250924130928324
2,UPFC_Vsh,5-15,1.104617166045476,68,1.1052896437161124,WLS,135,0.0006724776706363844
3,UPFC_tsh,5-15,-0.22950626895364382,68,-0.2294291985876891,WLS,135,7.707036595472339e-05
4,UPFC_Vse,5-15,0.060096878331466416,68,0.060485478662259694,WLS,135,0.00038860033079327755
5,UPFC_tse,5-15,-2.1532964737102653,68,-2.1569582826184863,WLS,135,0.003661808908220987
0,x_tcsc,1-14,-0.13473455119518482,69,-0.1346517936501981,WLS,135,8.275754498671128e-05
1,B_svc,2,0.2749787213077155,69,0.2757002747100101,WLS,135,0.0007215534022945724
2,UPFC_Vsh,5-15,1.104492589813469,69,1.1052896437161124,WLS,135,0.0007970539026433965
3,UPFC_tsh,5-15,-0.22948161170381606,69,-0.2294291985876891,WLS,135,5.2413116126970305e-05
4,UPFC_Vse,5-15,0.060435957631489665,69,0.060485478662259694,WLS,135,4.952103077002917e-05
5,UPFC_tse,5-15,-2.150873425701368,69,-2.1569582826184863,WLS,135,0.006084856917118131
0,x_tcsc,1-14,-0.1347213090914856,70,-0.1346517936501981,WLS,135,6.951544128749876e-05
1,B_svc,2,0.2749290229868967,70,0.2757002747100101,WLS,135,0.0007712517231133753
2,UPFC_Vsh,5-15,1.104411126673502,70,1.1052896437161124,WLS,135,0.0008785170426104383
3,UPFC_tsh,5-15,-0.2295090564198396,70,-0.2294291985876891,WLS,135,7.98578321505039e-05
4,UPFC_Vse,5-15,0.059677380141440785,70,0.060485478662259694,WLS,135,0.000808098520818909
5,UPFC_tse,5-15,-2.1503188744260977,70,-2.1569582826184863,WLS,135,0.006639408192388618
0,x_tcsc,1-14,-0.13472682505826541,71,-0.1346517936501981,WLS,135,7.503140806730535e-05
1,B_svc,2,0.2753331013298615,71,0.2757002747100101,WLS,135,0.0003671733801485777
2,UPFC_Vsh,5-15,1.1044868719429397,71,1.1052896437161124,WLS,135,0.0008027717731726725
3,UPFC_tsh,5-15,-0.22946109699858025,71,-0.2294291985876891,WLS,135,3.189841089115686e-05
4,UPFC_Vse,5-15,0.06005678428869759,71,0.060485478662259694,WLS,135,0.00042869437356210516
5,UPFC_tse,5-15,-2.1511084711301938,71,-2.1569582826184863,WLS,135,0.005849811488292556
0,x_tcsc,1-14,-0.13474545782384317,72,-0.1346517936501981,WLS,135,9.366417364506385e-05
1,B_svc,2,0.27579558396654485,72,0.2757002747100101,WLS,135,9.530925653478128e-05
2,UPFC_Vsh,5-15,1.1042913795303688,72,1.1052896437161124,WLS,135,0.0009982641857435581
3,UPFC_tsh,5-15,-0.2296014696222117,72,-0.2294291985876891,WLS,135,0.0001722710345226086
4,UPFC_Vse,5-15,0.060204311358094724,72,0.060485478662259694,WLS,135,0.0002811673041649698
5,UPFC_tse,5-15,-2.15143607732127,72,-2.1569582826184863,WLS,135,0.005522205297216143
0,x_tcsc,1-14,-0.1347248485101905,73,-0.1346517936501981,WLS,135,7.305485999239969e-05
1,B_svc,2,0.27539462049980196,73,0.2757002747100101,WLS,135,0.00030565421020811723
2,UPFC_Vsh,5-15,1.1044275189248263,73,1.1052896437161124,WLS,135,0.0008621247912861119
3,UPFC_tsh,5-15,-0.22942488532226665,73,-0.2294291985876891,WLS,135,4.313265422439816e-06
4,UPFC_Vse,5-15,0.05993026634474921,73,0.060485478662259694,WLS,135,0.0005552123175104826
5,UPFC_tse,5-15,-2.1519805513376453,73,-2.1569582826184863,WLS,135,0.004977731280841002
0,x_tcsc,1-14,-0.13474498215869582,74,-0.1346517936501981,WLS,135,9.318850849771021e-05
1,B_svc,2,0.2759427237667586,74,0.2757002747100101,WLS,135,0.00024244905674852824
2,UPFC_Vsh,5-15,1.1044477806811341,74,1.1052896437161124,WLS,135,0.0008418630349782408
3,UPFC_tsh,5-15,-0.22950914053785604,74,-0.2294291985876891,WLS,135,7.994195016694516e-05
4,UPFC_Vse,5-15,0.060593848113828876,74,0.060485478662259694,WLS,135,0.00010836945156918187
5,UPFC_tse,5-15,-2.149774944506027,74,-2.1569582826184863,WLS,135,0.007183338112459303
0,x_tcsc,1-14,-0.13473504655025983,75,-0.1346517936501981,WLS,135,8.325290006172548e-05
1,B_svc,2,0.2753318875564965,75,0.2757002747100101,WLS,135,0.00036838715351356077
2,UPFC_Vsh,5-15,1.1043946263308992,75,1.1052896437161124,WLS,135,0.0008950173852131371
3,UPFC_tsh,5-15,-0.2295419800905296,75,-0.2294291985876891,WLS,135,0.0001127815028404977
4,UPFC_Vse,5-15,0.06060863427409073,75,0.060485478662259694,WLS,135,0.00012315561183103702
5,UPFC_tse,5-15,-2.1452697243579335,75,-2.1569582826184863,WLS,135,0.011688558260552817
0,x_tcsc,1-14,-0.13473903667863182,76,-0.1346517936501981,WLS,135,8.724302843371445e-05
1,B_svc,2,0.2756547282364938,76,0.2757002747100101,WLS,135,4.5546473516289154e-05
2,UPFC_Vsh,5-15,1.1044665198004433,76,1.1052896437161124,WLS,135,0.0008231239156690773
3,UPFC_tsh,5-15,-0.22948659102501978,76,-0.2294291985876891,WLS,135,5.7392437330688884e-05
4,UPFC_Vse,5-15,0.060553232652370816,76,0.060485478662259694,WLS,135,6.775399011112182e-05
5,UPFC_tse,5-15,-2.1495969171256464,76,-2.1569582826184863,WLS,135,0.007361365492839944
0,x_tcsc,1-14,-0.13474567518377828,77,-0.1346517936501981,WLS,135,9.388153358017015e-05
1,B_svc,2,0.27517122356826496,77,0.2757002747100101,WLS,135,0.0005290511417451182
2,UPFC_Vsh,5-15,1.104391178547405,77,1.1052896437161124,WLS,135,0.0008984651687073963
3,UPFC_tsh,5-15,-0.22949971253739537,77,-0.2294291985876891,WLS,135,7.051394970628011e-05
4,UPFC_Vse,5-15,0.059852233535808874,77,0.060485478662259694,WLS,135,0.0006332451264508196
5,UPFC_tse,5-15,-2.150599501378034,77,-2.1569582826184863,WLS,135,0.006358781240452416
0,x_tcsc,1-14,-0.13474028339061933,78,-0.1346517936501981,WLS,135,8.848974042122149e-05
1,B_svc,2,0.27511721676089623,78,0.2757002747100101,WLS,135,0.000583057949113841
2,UPFC_Vsh,5-15,1.1043207454562305,78,1.1052896437161124,WLS,135,0.0009688982598818896
3,UPFC_tsh,5-15,-0.22950061361152763,78,-0.2294291985876891,WLS,135,7.14150238385336e-05
4,UPFC_Vse,5-15,0.060119388322557595,78,0.060485478662259694,WLS,135,0.00036609033970209925
5,UPFC_tse,5-15,-2.148617480805211,78,-2.1569582826184863,WLS,135,0.008340801813275345
0,x_tcsc,1-14,-0.13474909540883986,79,-0.1346517936501981,WLS,135,9.730175864175461e-05
1,B_svc,2,0.27500932100304676,79,0.2757002747100101,WLS,135,0.0006909537069633154
2,UPFC_Vsh,5-15,1.1045631124567894,79,1.1052896437161124,WLS,135,0.0007265312593229822
3,UPFC_tsh,5-15,-0.22943406994650703,79,-0.2294291985876891,WLS,135,4.87135881793721e-06
4,UPFC_Vse,5-15,0.0600514381259706,79,0.060485478662259694,WLS,135,0.0004340405362890931
5,UPFC_tse,5-15,-2.1493127506409797,79,-2.1569582826184863,WLS,135,0.007645531977506614
0,x_tcsc,1-14,-0.13472720779157463,80,-0.1346517936501981,WLS,135,7.541414137651747e-05
1,B_svc,2,0.27540510509231103,80,0.2757002747100101,WLS,135,0.0002951696176990426
2,UPFC_Vsh,5-15,1.104800591573553,80,1.1052896437161124,WLS,135,0.000489052142559343
3,UPFC_tsh,5-15,-0.2295294094875504,80,-0.2294291985876891,WLS,135,0.00010021089986131382
4,UPFC_Vse,5-15,0.05994701850769827,80,0.060485478662259694,WLS,135,0.0005384601545614237
5,UPFC_tse,5-15,-2.15335049607145,80,-2.1569582826184863,WLS,135,0.003607786547036529
0,x_tcsc,1-14,-0.13474436015190258,81,-0.1346517936501981,WLS,135,9.256650170447189e-05
1,B_svc,2,0.27538308709863507,81,0.2757002747100101,WLS,135,0.00031718761137500273
2,UPFC_Vsh,5-15,1.1041843754631333,81,1.1052896437161124,WLS,135,0.0011052682529790747
3,UPFC_tsh,5-15,-0.22951977677484575,81,-0.2294291985876891,WLS,135,9.057818715665911e-05
4,UPFC_Vse,5-15,0.060636987176752616,81,0.060485478662259694,WLS,135,0.00015150851449292208
5,UPFC_tse,5-15,-2.145820838208619,81,-2.1569582826184863,WLS,135,0.011137444409867303
0,x_tcsc,1-14,-0.13473769867524502,82,-0.1346517936501981,WLS,135,8.590502504690622e-05
1,B_svc,2,0.2753607431833528,82,0.2757002747100101,WLS,135,0.00033953152665727737
2,UPFC_Vsh,5-15,1.1045756859783935,82,1.1052896437161124,WLS,135,0.0007139577377188733
3,UPFC_tsh,5-15,-0.2294731595676099,82,-0.2294291985876891,WLS,135,4.396097992082071e-05
4,UPFC_Vse,5-15,0.06006097823949612,82,0.060485478662259694,WLS,135,0.0004245004227635754
5,UPFC_tse,5-15,-2.150413557409725,82,-2.1569582826184863,WLS,135,0.0065447252087613705
0,x_tcsc,1-14,-0.13473868090460206,83,-0.1346517936501981,WLS,135,8.688725440395006e-05
1,B_svc,2,0.2751425748230086,83,0.2757002747100101,WLS,135,0.0005576998870014949
2,UPFC_Vsh,5-15,1.1044592300699676,83,1.1052896437161124,WLS,135,0.0008304136461447786
3,UPFC_tsh,5-15,-0.22950618615059698,83,-0.2294291985876891,WLS,135,7.698756290788755e-05
4,UPFC_Vse,5-15,0.0602176479113961,83,0.060485478662259694,WLS,135,0.00026783075086359714
5,UPFC_tse,5-15,-2.149299191328758,83,-2.1569582826184863,WLS,135,0.007659091289728526
0,x_tcsc,1-14,-0.1347210435785384,84,-0.1346517936501981,WLS,135,6.924992834028698e-05
1,B_svc,2,0.27552022569361684,84,0.2757002747100101,WLS,135,0.00018004901639323556
2,UPFC_Vsh,5-15,1.104213835090506,84,1.1052896437161124,WLS,135,0.0010758086256064114
3,UPFC_tsh,5-15,-0.2295608625077522,84,-0.2294291985876891,WLS,135,0.00013166392006311312
4,UPFC_Vse,5-15,0.0602791654087409,84,0.060485478662259694,WLS,135,0.00020631325351879587
5,UPFC_tse,5-15,-2.1468233004707233,84,-2.1569582826184863,WLS,135,0.010134982147762983
0,x_tcsc,1-14,-0.1347315686771864,85,-0.1346517936501981,WLS,135,7.977502698827688e-05
1,B_svc,2,0.2752250952586022,85,0.2757002747100101,WLS,135,0.0004751794514078478
2,UPFC_Vsh,5-15,1.104103366344626,85,1.1052896437161124,WLS,135,0.001186277371486355
3,UPFC_tsh,5-15,-0.2295142082541968,85,-0.2294291985876891,WLS,135,8.500966650770714e-05
4,UPFC_Vse,5-15,0.059961921699451914,85,0.060485478662259694,WLS,135,0.0005235569628077794
5,UPFC_tse,5-15,-2.151580766463593,85,-2.1569582826184863,WLS,135,0.005377516154893236
0,x_tcsc,1-14,-0.13472507485012927,86,-0.1346517936501981,WLS,135,7.328119993116333e-05
1,B_svc,2,0.27548865654111687,86,0.2757002747100101,WLS,135,0.00021161816889320173
2,UPFC_Vsh,5-15,1.104513045281485,86,1.1052896437161124,WLS,135,0.0007765984346272958
3,UPFC_tsh,5-15,-0.2294716574814972,86,-0.2294291985876891,WLS,135,4.245889380810608e-05
4,UPFC_Vse,5-15,0.06050702347209096,86,0.060485478662259694,WLS,135,2.154480983126289e-05
5,UPFC_tse,5-15,-2.147830745217015,86,-2.1569582826184863,WLS,135,0.009127537401471209
0,x_tcsc,1-14,-0.13472794904637392,87,-0.1346517936501981,WLS,135,7.61553961758088e-05
1,B_svc,2,0.2751102245586952,87,0.2757002747100101,WLS,135,0.0005900501513148582
2,UPFC_Vsh,5-15,1.1043858547291932,87,1.1052896437161124,WLS,135,0.0009037889869192295
3,UPFC_tsh,5-15,-0.22952934605125433,87,-0.2294291985876891,WLS,135,0.00010014746356523663
4,UPFC_Vse,5-15,0.06024469938621308,87,0.060485478662259694,WLS,135,0.00024077927604661264
5,UPFC_tse,5-15,-2.149515526480451,87,-2.1569582826184863,WLS,135,0.007442756138035467
0,x_tcsc,1-14,-0.1347291258051806,88,-0.1346517936501981,WLS,135,7.733215498248458e-05
1,B_svc,2,0.2751216766374946,88,0.2757002747100101,WLS,135,0.0005785980725154793
2,UPFC_Vsh,5-15,1.1044170646119842,88,1.1052896437161124,WLS,135,0.0008725791041281905
3,UPFC_tsh,5-15,-0.22953204116015458,88,-0.2294291985876891,WLS,135,0.00010284257246548356
4,UPFC_Vse,5-15,0.0599070641979696,88,0.060485478662259694,WLS,135,0.0005784144642900918
5,UPFC_tse,5-15,-2.1478001365418433,88,-2.1569582826184863,WLS,135,0.009158146076643003
0,x_tcsc,1-14,-0.13475432948525168,89,-0.1346517936501981,WLS,135,0.00010253583505356878
1,B_svc,2,0.2754266100290796,89,0.2757002747100101,WLS,135,0.00027366468093048546
2,UPFC_Vsh,5-15,1.1045131458280415,89,1.1052896437161124,WLS,135,0.0007764978880708817
3,UPFC_tsh,5-15,-0.22950740031417116,89,-0.2294291985876891,WLS,135,7.820172648206891e-05
4,UPFC_Vse,5-15,0.06026308955764813,89,0.060485478662259694,WLS,135,0.00022238910461156586
5,UPFC_tse,5-15,-2.1498298496875488,89,-2.1569582826184863,WLS,135,0.007128432930937567
0,x_tcsc,1-14,-0.13474369882523932,90,-0.1346517936501981,WLS,135,9.190517504120699e-05
1,B_svc,2,0.27534122728713584,90,0.2757002747100101,WLS,135,0.00035904742287423685
2,UPFC_Vsh,5-15,1.1047239970704643,90,1.1052896437161124,WLS,135,0.0005656466456480658
3,UPFC_tsh,5-15,-0.22948559315327402,90,-0.2294291985876891,WLS,135,5.639456558492739e-05
4,UPFC_Vse,5-15,0.06030715314749206,90,0.060485478662259694,WLS,135,0.0001783255147676313
5,UPFC_tse,5-15,-2.149736804286716,90,-2.1569582826184863,WLS,135,0.007221478331770115
0,x_tcsc,1-14,-0.13473804615512144,91,-0.1346517936501981,WLS,135,8.625250492333425e-05
1,B_svc,2,0.27544440011269994,91,0.2757002747100101,WLS,135,0.00025587459731013507
2,UPFC_Vsh,5-15,1.104128772920106,91,1.1052896437161124,WLS,135,0.0011608707960064635
3,UPFC_tsh,5-15,-0.22956616133252938,91,-0.2294291985876891,WLS,135,0.00013696274484029103
4,UPFC_Vse,5-15,0.06008634995274365,91,0.060485478662259694,WLS,135,0.00039912870951604174
5,UPFC_tse,5-15,-2.1508537710765783,91,-2.1569582826184863,WLS,135,0.006104511541908053
0,x_tcsc,1-14,-0.13475023545316708,92,-0.1346517936501981,WLS,135,9.844180296897376e-05
1,B_svc,2,0.27473282911627894,92,0.2757002747100101,WLS,135,0.000967445593731131
2,UPFC_Vsh,5-15,1.1042581653289842,92,1.1052896437161124,WLS,135,0.0010314783871281374
3,UPFC_tsh,5-15,-0.2296156350437685,92,-0.2294291985876891,WLS,135,0.0001864364560794085
4,UPFC_Vse,5-15,0.05999532571173201,92,0.060485478662259694,WLS,135,0.000490152950527685
5,UPFC_tse,5-15,-2.1485609192415884,92,-2.1569582826184863,WLS,135,0.008397363376897893
0,x_tcsc,1-14,-0.13472283837972143,93,-0.1346517936501981,WLS,135,7.104472952332297e-05
1,B_svc,2,0.2756879097486605,93,0.2757002747100101,WLS,135,1.236496134959797e-05
2,UPFC_Vsh,5-15,1.1046553834715847,93,1.1052896437161124,WLS,135,0.000634260244527729
3,UPFC_tsh,5-15,-0.22951463798038385,93,-0.2294291985876891,WLS,135,8.543939269475831e-05
4,UPFC_Vse,5-15,0.06000841894231943,93,0.060485478662259694,WLS,135,0.0004770597199402621
5,UPFC_tse,5-15,-2.152450892037004,93,-2.1569582826184863,WLS,135,0.004507390581482529
0,x_tcsc,1-14,-0.13473658414853368,94,-0.1346517936501981,WLS,135,8.479049833556851e-05
1,B_svc,2,0.2759590113146849,94,0.2757002747100101,WLS,135,0.0002587366046748474
2,UPFC_Vsh,5-15,1.104288499010077,94,1.1052896437161124,WLS,135,0.0010011447060354062
3,UPFC_tsh,5-15,-0.22953127470518928,94,-0.2294291985876891,WLS,135,0.00010207611750018275
4,UPFC_Vse,5-15,0.06014380036956798,94,0.060485478662259694,WLS,135,0.0003416782926917161
5,UPFC_tse,5-15,-2.1550549029122985,94,-2.1569582826184863,WLS,135,0.0019033797061878133
0,x_tcsc,1-14,-0.1347385493137652,95,-0.1346517936501981,WLS,135,8.675566356708408e-05
1,B_svc,2,0.27564279118199075,95,0.2757002747100101,WLS,135,5.7483528019319774e-05
2,UPFC_Vsh,5-15,1.1044616992509189,95,1.1052896437161124,WLS,135,0.0008279444651935197
3,UPFC_tsh,5-15,-0.22950682152946575,95,-0.2294291985876891,WLS,135,7.762294177665607e-05
4,UPFC_Vse,5-15,0.059963548908037366,95,0.060485478662259694,WLS,135,0.0005219297542223278
5,UPFC_tse,5-15,-2.1513131612479985,95,-2.1569582826184863,WLS,135,0.005645121370487782
0,x_tcsc,1-14,-0.13473005789624273,96,-0.1346517936501981,WLS,135,7.826424604462368e-05
1,B_svc,2,0.27494466361008957,96,0.2757002747100101,WLS,135,0.0007556110999205057
2,UPFC_Vsh,5-15,1.1044225296589198,96,1.1052896437161124,WLS,135,0.0008671140571925307
3,UPFC_tsh,5-15,-0.2295008707820026,96,-0.2294291985876891,WLS,135,7.167219431350458e-05
4,UPFC_Vse,5-15,0.05996622861323591,96,0.060485478662259694,WLS,135,0.0005192500490237839
5,UPFC_tse,5-15,-2.152360980997553,96,-2.1569582826184863,WLS,135,0.004597301620933525
0,x_tcsc,1-14,-0.13473803730421618,97,-0.1346517936501981,WLS,135,8.624365401807554e-05
1,B_svc,2,0.2746429028513412,97,0.2757002747100101,WLS,135,0.0010573718586688874
2,UPFC_Vsh,5-15,1.1042672693652935,97,1.1052896437161124,WLS,135,0.0010223743508188665
3,UPFC_tsh,5-15,-0.22948702202402074,97,-0.2294291985876891,WLS,135,5.782343633164988e-05
4,UPFC_Vse,5-15,0.06022250738564772,97,0.060485478662259694,WLS,135,0.0002629712766119771
5,UPFC_tse,5-15,-2.148570911999607,97,-2.1569582826184863,WLS,135,0.008387370618879508
0,x_tcsc,1-14,-0.13472690353604924,98,-0.1346517936501981,WLS,135,7.510988585113232e-05
1,B_svc,2,0.27524240306438497,98,0.2757002747100101,WLS,135,0.0004578716456251075
2,UPFC_Vsh,5-15,1.104503496563817,98,1.1052896437161124,WLS,135,0.0007861471522954133
3,UPFC_tsh,5-15,-0.22950581176925408,98,-0.2294291985876891,WLS,135,7.661318156498842e-05
4,UPFC_Vse,5-15,0.060457234413132,98,0.060485478662259694,WLS,135,2.8244249127694354e-05
5,UPFC_tse,5-15,-2.148366131292887,98,-2.1569582826184863,WLS,135,0.008592151325599318
0,x_tcsc,1-14,-0.1347520053923945,99,-0.1346517936501981,WLS,135,0.00010021174219640439
1,B_svc,2,0.2747755373719351,99,0.2757002747100101,WLS,135,0.0009247373380749657
2,UPFC_Vsh,5-15,1.104766392544559,99,1.1052896437161124,WLS,135,0.000523251171553385
3,UPFC_tsh,5-15,-0.2294853284568214,99,-0.2294291985876891,WLS,135,5.612986913230977e-05
4,UPFC_Vse,5-15,0.060024000231360855,99,0.060485478662259694,WLS,135,0.0004614784308988387
5,UPFC_tse,5-15,-2.152968712641813,99,-2.1569582826184863,WLS,135,0.003989569976673213
0,x_tcsc,1-14,-0.13424720930154496,0,-0.1341671230153775,WLS,137,8.008628616745783e-05
1,B_svc,2,0.27312600505208795,0,0.2736347799611498,WLS,137,0.000508774909061871
2,UPFC_Vsh,5-15,1.1043966344210498,0,1.1057908793825022,WLS,137,0.001394244961452351
3,UPFC_tsh,5-15,-0.2301026332059801,0,-0.22999450803875432,WLS,137,0.00010812516722577548
4,UPFC_Vse,5-15,0.06014557902928041,0,0.06040532681928308,WLS,137,0.00025974779000267206
5,UPFC_tse,5-15,-2.148858910000746,0,-2.15455654822927,WLS,137,0.005697638228523871
0,x_tcsc,1-14,-0.13423878760309896,1,-0.1341671230153775,WLS,137,7.16645877214539e-05
1,B_svc,2,0.27329001417913873,1,0.2736347799611498,WLS,137,0.00034476578201109165
2,UPFC_Vsh,5-15,1.1041147913303728,1,1.1057908793825022,WLS,137,0.0016760880521293764
3,UPFC_tsh,5-15,-0.23013252177580332,1,-0.22999450803875432,WLS,137,0.00013801373704899755
4,UPFC_Vse,5-15,0.05950680809861477,1,0.06040532681928308,WLS,137,0.0008985187206683107
5,UPFC_tse,5-15,-2.148873621367037,1,-2.15455654822927,WLS,137,0.005682926862232929
0,x_tcsc,1-14,-0.1342514914100736,2,-0.1341671230153775,WLS,137,8.43683946960827e-05
1,B_svc,2,0.27372812126401147,2,0.2736347799611498,WLS,137,9.334130286164921e-05
2,UPFC_Vsh,5-15,1.1042500234988775,2,1.1057908793825022,WLS,137,0.0015408558836247366
3,UPFC_tsh,5-15,-0.23014059628576133,2,-0.22999450803875432,WLS,137,0.00014608824700701462
4,UPFC_Vse,5-15,0.060565320794533126,2,0.06040532681928308,WLS,137,0.00015999397525004455
5,UPFC_tse,5-15,-2.1520735168544243,2,-2.15455654822927,WLS,137,0.0024830313748456234
0,x_tcsc,1-14,-0.13423099634582797,3,-0.1341671230153775,WLS,137,6.387333045046462e-05
1,B_svc,2,0.2730804658777917,3,0.2736347799611498,WLS,137,0.0005543140833580984
2,UPFC_Vsh,5-15,1.1045808080219173,3,1.1057908793825022,WLS,137,0.00121007136058493
3,UPFC_tsh,5-15,-0.23005306445986293,3,-0.22999450803875432,WLS,137,5.855642110860759e-05
4,UPFC_Vse,5-15,0.060421050025384816,3,0.06040532681928308,WLS,137,1.572320610173511e-05
5,UPFC_tse,5-15,-2.149043929584656,3,-2.15455654822927,WLS,137,0.00551261864461372
0,x_tcsc,1-14,-0.13423811182439366,4,-0.1341671230153775,WLS,137,7.098880901615368e-05
1,B_svc,2,0.2730269353462947,4,0.2736347799611498,WLS,137,0.0006078446148551353
2,UPFC_Vsh,5-15,1.1041188554074213,4,1.1057908793825022,WLS,137,0.0016720239750809274
3,UPFC_tsh,5-15,-0.23011925320811633,4,-0.22999450803875432,WLS,137,0.00012474516936200608
4,UPFC_Vse,5-15,0.06015382605055623,4,0.06040532681928308,WLS,137,0.0002515007687268478
5,UPFC_tse,5-15,-2.151699620734588,4,-2.15455654822927,WLS,137,0.0028569274946819156
0,x_tcsc,1-14,-0.1342605755835389,5,-0.1341671230153775,WLS,137,9.345256816140068e-05
1,B_svc,2,0.27344571625055575,5,0.2736347799611498,WLS,137,0.0001890637105940729
2,UPFC_Vsh,5-15,1.1042131704088527,5,1.1057908793825022,WLS,137,0.0015777089736495054
3,UPFC_tsh,5-15,-0.23001012232947374,5,-0.22999450803875432,WLS,137,1.561429071941789e-05
4,UPFC_Vse,5-15,0.06037169383227829,5,0.06040532681928308,WLS,137,3.363298700478912e-05
5,UPFC_tse,5-15,-2.144416417947542,5,-2.15455654822927,WLS,137,0.010140130281727888
0,x_tcsc,1-14,-0.13422761946486114,6,-0.1341671230153775,WLS,137,6.049644948363797e-05
1,B_svc,2,0.2733739172673856,6,0.2736347799611498,WLS,137,0.0002608626937642411
2,UPFC_Vsh,5-15,1.1042862902512542,6,1.1057908793825022,WLS,137,0.0015045891312479576
3,UPFC_tsh,5-15,-0.2301244506909161,6,-0.22999450803875432,WLS,137,0.0001299426521617908
4,UPFC_Vse,5-15,0.060230792973710624,6,0.06040532681928308,WLS,137,0.00017453384557245682
5,UPFC_tse,5-15,-2.1518238255924285,6,-2.15455654822927,WLS,137,0.0027327226368414337
0,x_tcsc,1-14,-0.1342385699766858,7,-0.1341671230153775,WLS,137,7.144696130828576e-05
1,B_svc,2,0.27325461762132464,7,0.2736347799611498,WLS,137,0.0003801623398251852
2,UPFC_Vsh,5-15,1.1044735515081119,7,1.1057908793825022,WLS,137,0.0013173278743903172
3,UPFC_tsh,5-15,-0.2301547479203585,7,-0.22999450803875432,WLS,137,0.000160239881604185
4,UPFC_Vse,5-15,0.06007996747814251,7,0.06040532681928308,WLS,137,0.0003253593411405714
5,UPFC_tse,5-15,-2.1532434791939647,7,-2.15455654822927,WLS,137,0.0013130690353051477
0,x_tcsc,1-14,-0.13426358526450266,8,-0.1341671230153775,WLS,137,9.646224912515655e-05
1,B_svc,2,0.273353436191163,8,0.2736347799611498,WLS,137,0.0002813437699868415
2,UPFC_Vsh,5-15,1.1044955923506956,8,1.1057908793825022,WLS,137,0.0012952870318065912
3,UPFC_tsh,5-15,-0.230114511166005,8,-0.22999450803875432,WLS,137,0.00012000312725068962
4,UPFC_Vse,5-15,0.06023053784101751,8,0.06040532681928308,WLS,137,0.00017478897826556788
5,UPFC_tse,5-15,-2.155307950066912,8,-2.15455654822927,WLS,137,0.0007514018376419962
0,x_tcsc,1-14,-0.1342357932310439,9,-0.1341671230153775,WLS,137,6.867021566639431e-05
1,B_svc,2,0.2730591846264543,9,0.2736347799611498,WLS,137,0.0005755953346955334
2,UPFC_Vsh,5-15,1.1044737449734168,9,1.1057908793825022,WLS,137,0.0013171344090854298
3,UPFC_tsh,5-15,-0.23015361473240717,9,-0.22999450803875432,WLS,137,0.00015910669365284957
4,UPFC_Vse,5-15,0.06020749142521916,9,0.06040532681928308,WLS,137,0.00019783539406392076
5,UPFC_tse,5-15,-2.147963331529092,9,-2.15455654822927,WLS,137,0.006593216700177873
0,x_tcsc,1-14,-0.13424275862927307,10,-0.1341671230153775,WLS,137,7.563561389556384e-05
1,B_svc,2,0.27370379887035234,10,0.2736347799611498,WLS,137,6.901890920252285e-05
2,UPFC_Vsh,5-15,1.10455884738494,10,1.1057908793825022,WLS,137,0.0012320319975622773
3,UPFC_tsh,5-15,-0.23003890662282564,10,-0.22999450803875432,WLS,137,4.4398584071320135e-05
4,UPFC_Vse,5-15,0.06023743456728686,10,0.06040532681928308,WLS,137,0.00016789225199621838
5,UPFC_tse,5-15,-2.153383407641924,10,-2.15455654822927,WLS,137,0.0011731405873458556
0,x_tcsc,1-14,-0.1342526346894906,11,-0.1341671230153775,WLS,137,8.5511674113109e-05
1,B_svc,2,0.2730715792616136,11,0.2736347799611498,WLS,137,0.0005632006995362482
2,UPFC_Vsh,5-15,1.1045570109486929,11,1.1057908793825022,WLS,137,0.0012338684338093486
3,UPFC_tsh,5-15,-0.2301384771337433,11,-0.22999450803875432,WLS,137,0.0001439690949889827
4,UPFC_Vse,5-15,0.06026700664412075,11,0.06040532681928308,WLS,137,0.00013832017516233336
5,UPFC_tse,5-15,-2.149294530977801,11,-2.15455654822927,WLS,137,0.005262017251468798
0,x_tcsc,1-14,-0.1342650080820584,12,-0.1341671230153775,WLS,137,9.78850666809028e-05
1,B_svc,2,0.27387490435289624,12,0.2736347799611498,WLS,137,0.0002401243917464213
2,UPFC_Vsh,5-15,1.1043660011494214,12,1.1057908793825022,WLS,137,0.0014248782330807952
3,UPFC_tsh,5-15,-0.23013504469980806,12,-0.22999450803875432,WLS,137,0.0001405366610537362
4,UPFC_Vse,5-15,0.059553370283778384,12,0.06040532681928308,WLS,137,0.0008519565355046971
5,UPFC_tse,5-15,-2.14966777151713,12,-2.15455654822927,WLS,137,0.00488877671213972
0,x_tcsc,1-14,-0.13423160035044768,13,-0.1341671230153775,WLS,137,6.447733507017328e-05
1,B_svc,2,0.27366597725869063,13,0.2736347799611498,WLS,137,3.119729754080813e-05
2,UPFC_Vsh,5-15,1.104706010005927,13,1.1057908793825022,WLS,137,0.0010848693765752593
3,UPFC_tsh,5-15,-0.23004221202257855,13,-0.22999450803875432,WLS,137,4.770398382422658e-05
4,UPFC_Vse,5-15,0.05980473722596947,13,0.06040532681928308,WLS,137,0.0006005895933136121
5,UPFC_tse,5-15,-2.150503774598828,13,-2.15455654822927,WLS,137,0.004052773630442097
0,x_tcsc,1-14,-0.13424726854944133,14,-0.1341671230153775,WLS,137,8.014553406382463e-05
1,B_svc,2,0.2732342758997658,14,0.2736347799611498,WLS,137,0.0004005040613840327
2,UPFC_Vsh,5-15,1.10432136101058,14,1.1057908793825022,WLS,137,0.0014695183719222182
3,UPFC_tsh,5-15,-0.23003998588522173,14,-0.22999450803875432,WLS,137,4.547784646741215e-05
4,UPFC_Vse,5-15,0.060073696713979746,14,0.06040532681928308,WLS,137,0.0003316301053033349
5,UPFC_tse,5-15,-2.146543439422339,14,-2.15455654822927,WLS,137,0.008013108806931069
0,x_tcsc,1-14,-0.13423999827958555,15,-0.1341671230153775,WLS,137,7.287526420804435e-05
1,B_svc,2,0.2730805244667017,15,0.2736347799611498,WLS,137,0.0005542554944480971
2,UPFC_Vsh,5-15,1.1042349842040646,15,1.1057908793825022,WLS,137,0.0015558951784375719
3,UPFC_tsh,5-15,-0.23004482246185462,15,-0.22999450803875432,WLS,137,5.031442310030054e-05
4,UPFC_Vse,5-15,0.060261360994447434,15,0.06040532681928308,WLS,137,0.00014396582483564707
5,UPFC_tse,5-15,-2.1467589898596926,15,-2.15455654822927,WLS,137,0.007797558369577295
0,x_tcsc,1-14,-0.13424457466140063,16,-0.1341671230153775,WLS,137,7.745164602313004e-05
1,B_svc,2,0.2735357265904647,16,0.2736347799611498,WLS,137,9.905337068510933e-05
2,UPFC_Vsh,5-15,1.1044280906097999,16,1.1057908793825022,WLS,137,0.0013627887727023502
3,UPFC_tsh,5-15,-0.23005050922316472,16,-0.22999450803875432,WLS,137,5.600118441040358e-05
4,UPFC_Vse,5-15,0.05995728943885987,16,0.06040532681928308,WLS,137,0.0004480373804232121
5,UPFC_tse,5-15,-2.150638844992223,16,-2.15455654822927,WLS,137,0.003917703237046766
0,x_tcsc,1-14,-0.134247309881712,17,-0.1341671230153775,WLS,137,8.018686633448624e-05
1,B_svc,2,0.2735158462406288,17,0.2736347799611498,WLS,137,0.00011893372052101947
2,UPFC_Vsh,5-15,1.1047505212765747,17,1.1057908793825022,WLS,137,0.001040358105927508
3,UPFC_tsh,5-15,-0.23008957264410054,17,-0.22999450803875432,WLS,137,9.506460534622341e-05
4,UPFC_Vse,5-15,0.060014252046613856,17,0.06040532681928308,WLS,137,0.0003910747726692254
5,UPFC_tse,5-15,-2.1490844749338334,17,-2.15455654822927,WLS,137,0.00547207329543653
0,x_tcsc,1-14,-0.13424116771195987,18,-0.1341671230153775,WLS,137,7.404469658237045e-05
1,B_svc,2,0.27364883582206273,18,0.2736347799611498,WLS,137,1.4055860912909335e-05
2,UPFC_Vsh,5-15,1.1044086827208583,18,1.1057908793825022,WLS,137,0.001382196661643853
3,UPFC_tsh,5-15,-0.23008804705492675,18,-0.22999450803875432,WLS,137,9.35390161724281e-05
4,UPFC_Vse,5-15,0.06053358693126696,18,0.06040532681928308,WLS,137,0.0001282601119838786
5,UPFC_tse,5-15,-2.146895699510994,18,-2.15455654822927,WLS,137,0.007660848718276103
0,x_tcsc,1-14,-0.13426041631221422,19,-0.1341671230153775,WLS,137,9.329329683671617e-05
1,B_svc,2,0.2732676779086792,19,0.2736347799611498,WLS,137,0.000367102052470647
2,UPFC_Vsh,5-15,1.1044879481141106,19,1.1057908793825022,WLS,137,0.0013029312683916494
3,UPFC_tsh,5-15,-0.2300693548950781,19,-0.22999450803875432,WLS,137,7.484685632377919e-05
4,UPFC_Vse,5-15,0.060255228136480335,19,0.06040532681928308,WLS,137,0.00015009868280274619
5,UPFC_tse,5-15,-2.1504639035309783,19,-2.15455654822927,WLS,137,0.004092644698291625
0,x_tcsc,1-14,-0.1342414757958079,20,-0.1341671230153775,WLS,137,7.435278043038673e-05
1,B_svc,2,0.2737744545492942,20,0.2736347799611498,WLS,137,0.0001396745881444006
2,UPFC_Vsh,5-15,1.104431147669335,20,1.1057908793825022,WLS,137,0.0013597317131672781
3,UPFC_tsh,5-15,-0.23004199087334196,20,-0.22999450803875432,WLS,137,4.748283458763658e-05
4,UPFC_Vse,5-15,0.06020816387314934,20,0.06040532681928308,WLS,137,0.00019716294613374152
5,UPFC_tse,5-15,-2.1490720529345486,20,-2.15455654822927,WLS,137,0.005484495294721281
0,x_tcsc,1-14,-0.1342473055698161,21,-0.1341671230153775,WLS,137,8.018255443859035e-05
1,B_svc,2,0.27331503163163356,21,0.2736347799611498,WLS,137,0.0003197483295162562
2,UPFC_Vsh,5-15,1.1044346915937415,21,1.1057908793825022,WLS,137,0.0013561877887606766
3,UPFC_tsh,5-15,-0.23009424249386326,21,-0.22999450803875432,WLS,137,9.973445510894074e-05
4,UPFC_Vse,5-15,0.060407466599465706,21,0.06040532681928308,WLS,137,2.1397801826250618e-06
5,UPFC_tse,5-15,-2.1505883835735777,21,-2.15455654822927,WLS,137,0.0039681646556921635
0,x_tcsc,1-14,-0.13425444703260375,22,-0.1341671230153775,WLS,137,8.732401722624794e-05
1,B_svc,2,0.27354550897882624,22,0.2736347799611498,WLS,137,8.927098232358599e-05
2,UPFC_Vsh,5-15,1.104143515121464,22,1.1057908793825022,WLS,137,0.0016473642610381756
3,UPFC_tsh,5-15,-0.23011222784915344,22,-0.22999450803875432,WLS,137,0.00011771981039912505
4,UPFC_Vse,5-15,0.059850959919010384,22,0.06040532681928308,WLS,137,0.0005543669002726972
5,UPFC_tse,5-15,-2.1505416204380383,22,-2.15455654822927,WLS,137,0.004014927791231582
0,x_tcsc,1-14,-0.13426157898794996,23,-0.1341671230153775,WLS,137,9.44559725724603e-05
1,B_svc,2,0.27337535779683814,23,0.2736347799611498,WLS,137,0.0002594221643116845
2,UPFC_Vsh,5-15,1.1044496667861123,23,1.1057908793825022,WLS,137,0.0013412125963898625
3,UPFC_tsh,5-15,-0.23009068797277163,23,-0.22999450803875432,WLS,137,9.617993401730973e-05
4,UPFC_Vse,5-15,0.0600243432743217,23,0.06040532681928308,WLS,137,0.000380983544961383
5,UPFC_tse,5-15,-2.1475336532428297,23,-2.15455654822927,WLS,137,0.0070228949864401535
0,x_tcsc,1-14,-0.13423377137208573,24,-0.1341671230153775,WLS,137,6.6648356708221e-05
1,B_svc,2,0.27339976075820793,24,0.2736347799611498,WLS,137,0.0002350192029418885
2,UPFC_Vsh,5-15,1.1046325730832065,24,1.1057908793825022,WLS,137,0.0011583062992956972
3,UPFC_tsh,5-15,-0.2301015159230053,24,-0.22999450803875432,WLS,137,0.0001070078842509703
4,UPFC_Vse,5-15,0.06045529885376453,24,0.06040532681928308,WLS,137,4.997203448144777e-05
5,UPFC_tse,5-15,-2.1457272734412016,24,-2.15455654822927,WLS,137,0.008829274788068275
0,x_tcsc,1-14,-0.13425641434109373,25,-0.1341671230153775,WLS,137,8.929132571622311e-05
1,B_svc,2,0.27299444068334666,25,0.2736347799611498,WLS,137,0.0006403392778031591
2,UPFC_Vsh,5-15,1.1041408767743568,25,1.1057908793825022,WLS,137,0.0016500026081454067
3,UPFC_tsh,5-15,-0.2301669159514165,25,-0.22999450803875432,WLS,137,0.00017240791266218136
4,UPFC_Vse,5-15,0.06007771163271671,25,0.06040532681928308,WLS,137,0.00032761518656636984
5,UPFC_tse,5-15,-2.1514772271703353,25,-2.15455654822927,WLS,137,0.003079321058934603
0,x_tcsc,1-14,-0.13424697739621033,26,-0.1341671230153775,WLS,137,7.985438083282781e-05
1,B_svc,2,0.2732014176761333,26,0.2736347799611498,WLS,137,0.0004333622850165031
2,UPFC_Vsh,5-15,1.1046008421776523,26,1.1057908793825022,WLS,137,0.001190037204849892
3,UPFC_tsh,5-15,-0.23008984892344694,26,-0.22999450803875432,WLS,137,9.534088469262403e-05
4,UPFC_Vse,5-15,0.060162608873276104,26,0.06040532681928308,WLS,137,0.00024271794600697755
5,UPFC_tse,5-15,-2.1522956765936314,26,-2.15455654822927,WLS,137,0.002260871635638484
0,x_tcsc,1-14,-0.13423876827832723,27,-0.1341671230153775,WLS,137,7.164526294972662e-05
1,B_svc,2,0.2734644568658531,27,0.2736347799611498,WLS,137,0.00017032309529674272
2,UPFC_Vsh,5-15,1.1045433961447024,27,1.1057908793825022,WLS,137,0.0012474832377997735
3,UPFC_tsh,5-15,-0.2301447032815836,27,-0.22999450803875432,WLS,137,0.00015019524282927632
4,UPFC_Vse,5-15,0.0601008683133329,27,0.06040532681928308,WLS,137,0.0003044585059501781
5,UPFC_tse,5-15,-2.148435999528022,27,-2.15455654822927,WLS,137,0.0061205487012481186
0,x_tcsc,1-14,-0.1342396723642405,28,-0.1341671230153775,WLS,137,7.254934886299913e-05
1,B_svc,2,0.27333047546374556,28,0.2736347799611498,WLS,137,0.0003043044974042619
2,UPFC_Vsh,5-15,1.1044280369766692,28,1.1057908793825022,WLS,137,0.0013628424058329536
3,UPFC_tsh,5-15,-0.23008330938486346,28,-0.22999450803875432,WLS,137,8.880134610914081e-05
4,UPFC_Vse,5-15,0.06055091041836832,28,0.06040532681928308,WLS,137,0.0001455835990852375
5,UPFC_tse,5-15,-2.1478799680143204,28,-2.15455654822927,WLS,137,0.006676580214949546
0,x_tcsc,1-14,-0.1342420897773145,29,-0.1341671230153775,WLS,137,7.496676193699536e-05
1,B_svc,2,0.2734609568793946,29,0.2736347799611498,WLS,137,0.0001738230817552311
2,UPFC_Vsh,5-15,1.1041806425403284,29,1.1057908793825022,WLS,137,0.0016102368421737623
3,UPFC_tsh,5-15,-0.23009902108612088,29,-0.22999450803875432,WLS,137,0.00010451304736655564
4,UPFC_Vse,5-15,0.060116495904560294,29,0.06040532681928308,WLS,137,0.00028883091472278744
5,UPFC_tse,5-15,-2.1500416559937467,29,-2.15455654822927,WLS,137,0.004514892235523149
0,x_tcsc,1-14,-0.1342572579214298,30,-0.1341671230153775,WLS,137,9.013490605230823e-05
1,B_svc,2,0.27354130832513623,30,0.2736347799611498,WLS,137,9.347163601358677e-05
2,UPFC_Vsh,5-15,1.1044115079439842,30,1.1057908793825022,WLS,137,0.0013793714385179623
3,UPFC_tsh,5-15,-0.23008931923825665,30,-0.22999450803875432,WLS,137,9.481119950233152e-05
4,UPFC_Vse,5-15,0.059969741159284815,30,0.06040532681928308,WLS,137,0.0004355856599982666
5,UPFC_tse,5-15,-2.1497564839243952,30,-2.15455654822927,WLS,137,0.004800064304874674
0,x_tcsc,1-14,-0.1342682542053173,31,-0.1341671230153775,WLS,137,0.00010113118993979042
1,B_svc,2,0.27299697994352534,31,0.2736347799611498,WLS,137,0.0006378000176244791
2,UPFC_Vsh,5-15,1.1045957844926924,31,1.1057908793825022,WLS,137,0.0011950948898098446
3,UPFC_tsh,5-15,-0.230050305076404,31,-0.22999450803875432,WLS,137,5.5797037649685244e-05
4,UPFC_Vse,5-15,0.060335080494011664,31,0.06040532681928308,WLS,137,7.024632527141694e-05
5,UPFC_tse,5-15,-2.149714210535642,31,-2.15455654822927,WLS,137,0.004842337693627741
0,x_tcsc,1-14,-0.13426125807434452,32,-0.1341671230153775,WLS,137,9.41350589670209e-05
1,B_svc,2,0.2733175267448191,32,0.2736347799611498,WLS,137,0.00031725321633074843
2,UPFC_Vsh,5-15,1.1042867198197786,32,1.1057908793825022,WLS,137,0.0015041595627236504
3,UPFC_tsh,5-15,-0.2300541220297006,32,-0.22999450803875432,WLS,137,5.961399094628339e-05
4,UPFC_Vse,5-15,0.060305724624748376,32,0.06040532681928308,WLS,137,9.960219453470504e-05
5,UPFC_tse,5-15,-2.149434261590323,32,-2.15455654822927,WLS,137,0.005122286638946871
0,x_tcsc,1-14,-0.1342421340509408,33,-0.1341671230153775,WLS,137,7.501103556328825e-05
1,B_svc,2,0.27323567139566857,33,0.2736347799611498,WLS,137,0.0003991085654812543
2,UPFC_Vsh,5-15,1.104671620600302,33,1.1057908793825022,WLS,137,0.0011192587822002054
3,UPFC_tsh,5-15,-0.2300133959342379,33,-0.22999450803875432,WLS,137,1.8887895483571393e-05
4,UPFC_Vse,5-15,0.05984863987943929,33,0.06040532681928308,WLS,137,0.0005566869398437937
5,UPFC_tse,5-15,-2.150614386530601,33,-2.15455654822927,WLS,137,0.003942161698669011
0,x_tcsc,1-14,-0.13424724269679775,34,-0.1341671230153775,WLS,137,8.011968142024317e-05
1,B_svc,2,0.2737834892816452,34,0.2736347799611498,WLS,137,0.0001487093204953771
2,UPFC_Vsh,5-15,1.104189019081433,34,1.1057908793825022,WLS,137,0.0016018603010692356
3,UPFC_tsh,5-15,-0.23008600034345966,34,-0.22999450803875432,WLS,137,9.149230470534286e-05
4,UPFC_Vse,5-15,0.06010309556986569,34,0.06040532681928308,WLS,137,0.00030223124941738955
5,UPFC_tse,5-15,-2.152142899958211,34,-2.15455654822927,WLS,137,0.0024136482710588325
0,x_tcsc,1-14,-0.13424296163148236,35,-0.1341671230153775,WLS,137,7.583861610485632e-05
1,B_svc,2,0.2732734326414189,35,0.2736347799611498,WLS,137,0.00036134731973092027
2,UPFC_Vsh,5-15,1.104577946540663,35,1.1057908793825022,WLS,137,0.0012129328418390983
3,UPFC_tsh,5-15,-0.23004128174114757,35,-0.22999450803875432,WLS,137,4.6773702393254624e-05
4,UPFC_Vse,5-15,0.05993867018053821,35,0.06040532681928308,WLS,137,0.0004666566387448723
5,UPFC_tse,5-15,-2.1513139465805997,35,-2.15455654822927,WLS,137,0.0032426016486701847
0,x_tcsc,1-14,-0.13426598003136128,36,-0.1341671230153775,WLS,137,9.885701598377761e-05
1,B_svc,2,0.27333680576534414,36,0.2736347799611498,WLS,137,0.00029797419580568363
2,UPFC_Vsh,5-15,1.104289383160837,36,1.1057908793825022,WLS,137,0.0015014962216652883
3,UPFC_tsh,5-15,-0.23012804695246733,36,-0.22999450803875432,WLS,137,0.00013353891371301052
4,UPFC_Vse,5-15,0.059855938479147844,36,0.06040532681928308,WLS,137,0.0005493883401352373
5,UPFC_tse,5-15,-2.1499420673756178,36,-2.15455654822927,WLS,137,0.004614480853652125
0,x_tcsc,1-14,-0.1342608774637395,37,-0.1341671230153775,WLS,137,9.375444836198787e-05
1,B_svc,2,0.2729515366272202,37,0.2736347799611498,WLS,137,0.0006832433339296062
2,UPFC_Vsh,5-15,1.1043057713385969,37,1.1057908793825022,WLS,137,0.0014851080439053366
3,UPFC_tsh,5-15,-0.23006763837212862,37,-0.22999450803875432,WLS,137,7.313033337430497e-05
4,UPFC_Vse,5-15,0.060094189892230435,37,0.06040532681928308,WLS,137,0.0003111369270526465
5,UPFC_tse,5-15,-2.1523428755584466,37,-2.15455654822927,WLS,137,0.0022136726708232857
0,x_tcsc,1-14,-0.13423224589001953,38,-0.1341671230153775,WLS,137,6.512287464202626e-05
1,B_svc,2,0.273220857184206,38,0.2736347799611498,WLS,137,0.0004139227769437981
2,UPFC_Vsh,5-15,1.1043704482139065,38,1.1057908793825022,WLS,137,0.0014204311685956927
3,UPFC_tsh,5-15,-0.23010606638044748,38,-0.22999450803875432,WLS,137,0.00011155834169315759
4,UPFC_Vse,5-15,0.060185768719055184,38,0.06040532681928308,WLS,137,0.00021955810022789707
5,UPFC_tse,5-15,-2.1503063548903865,38,-2.15455654822927,WLS,137,0.0042501933388834345
0,x_tcsc,1-14,-0.13424124695655587,39,-0.1341671230153775,WLS,137,7.412394117836674e-05
1,B_svc,2,0.27294910069800277,39,0.2736347799611498,WLS,137,0.0006856792631470543
2,UPFC_Vsh,5-15,1.104416157289891,39,1.1057908793825022,WLS,137,0.001374722092611247
3,UPFC_tsh,5-15,-0.230108354682329,39,-0.22999450803875432,WLS,137,0.00011384664357469432
4,UPFC_Vse,5-15,0.06016760674983072,39,0.06040532681928308,WLS,137,0.0002377200694523643
5,UPFC_tse,5-15,-2.1513651432190564,39,-2.15455654822927,WLS,137,0.0031914050102135327
0,x_tcsc,1-14,-0.13425097515465428,40,-0.1341671230153775,WLS,137,8.385213927677992e-05
1,B_svc,2,0.2731021755469264,40,0.2736347799611498,WLS,137,0.0005326044142234254
2,UPFC_Vsh,5-15,1.104453779722679,40,1.1057908793825022,WLS,137,0.0013370996598232043
3,UPFC_tsh,5-15,-0.2300540576282323,40,-0.22999450803875432,WLS,137,5.9549589477986276e-05
4,UPFC_Vse,5-15,0.06033224576198687,40,0.06040532681928308,WLS,137,7.308105729621206e-05
5,UPFC_tse,5-15,-2.148350386468445,40,-2.15455654822927,WLS,137,0.006206161760824891
0,x_tcsc,1-14,-0.13426028172265958,41,-0.1341671230153775,WLS,137,9.315870728207609e-05
1,B_svc,2,0.2735826772913566,41,0.2736347799611498,WLS,137,5.21026697932192e-05
2,UPFC_Vsh,5-15,1.1043811402749066,41,1.1057908793825022,WLS,137,0.0014097391075955645
3,UPFC_tsh,5-15,-0.23009052637882635,41,-0.22999450803875432,WLS,137,9.601834007202936e-05
4,UPFC_Vse,5-15,0.059996121801716734,41,0.06040532681928308,WLS,137,0.000409205017566347
5,UPFC_tse,5-15,-2.151399112810792,41,-2.15455654822927,WLS,137,0.0031574354184780162
0,x_tcsc,1-14,-0.1342511348231946,42,-0.1341671230153775,WLS,137,8.401180781708595e-05
1,B_svc,2,0.2733688989942872,42,0.2736347799611498,WLS,137,0.0002658809668626416
2,UPFC_Vsh,5-15,1.1044990049429169,42,1.1057908793825022,WLS,137,0.0012918744395853388
3,UPFC_tsh,5-15,-0.23003453440416005,42,-0.22999450803875432,WLS,137,4.002636540573201e-05
4,UPFC_Vse,5-15,0.06027934162289641,42,0.06040532681928308,WLS,137,0.00012598519638667288
5,UPFC_tse,5-15,-2.149808462718414,42,-2.15455654822927,WLS,137,0.004748085510855926
0,x_tcsc,1-14,-0.13425670413408555,43,-0.1341671230153775,WLS,137,8.958111870804863e-05
1,B_svc,2,0.2737989433606368,43,0.2736347799611498,WLS,137,0.000164163399486994
2,UPFC_Vsh,5-15,1.104180878418105,43,1.1057908793825022,WLS,137,0.001610000964397118
3,UPFC_tsh,5-15,-0.23011318586528637,43,-0.22999450803875432,WLS,137,0.00011867782653204872
4,UPFC_Vse,5-15,0.05982180277991588,43,0.06040532681928308,WLS,137,0.0005835240393671989
5,UPFC_tse,5-15,-2.1504357666328113,43,-2.15455654822927,WLS,137,0.004120781596458567
0,x_tcsc,1-14,-0.13426539368100696,44,-0.1341671230153775,WLS,137,9.827066562945186e-05
1,B_svc,2,0.27349594627934387,44,0.2736347799611498,WLS,137,0.0001388336818059499
2,UPFC_Vsh,5-15,1.1041604155376943,44,1.1057908793825022,WLS,137,0.0016304638448079167
3,UPFC_tsh,5-15,-0.2301367204311857,44,-0.22999450803875432,WLS,137,0.00014221239243136785
4,UPFC_Vse,5-15,0.060234579931187505,44,0.06040532681928308,WLS,137,0.00017074688809557564
5,UPFC_tse,5-15,-2.1478978655055867,44,-2.15455654822927,WLS,137,0.006658682723683196
0,x_tcsc,1-14,-0.13426605352327034,45,-0.1341671230153775,WLS,137,9.893050789283597e-05
1,B_svc,2,0.27320333285984183,45,0.2736347799611498,WLS,137,0.00043144710130799124
2,UPFC_Vsh,5-15,1.1047458204624003,45,1.1057908793825022,WLS,137,0.0010450589201018712
3,UPFC_tsh,5-15,-0.2300327989486677,45,-0.22999450803875432,WLS,137,3.8290909913391014e-05
4,UPFC_Vse,5-15,0.05981917106700837,45,0.06040532681928308,WLS,137,0.0005861557522747127
5,UPFC_tse,5-15,-2.152569663379648,45,-2.15455654822927,WLS,137,0.0019868848496220615
0,x_tcsc,1-14,-0.1342388836042376,46,-0.1341671230153775,WLS,137,7.176058886010361e-05
1,B_svc,2,0.2732594421716269,46,0.2736347799611498,WLS,137,0.0003753377895229226
2,UPFC_Vsh,5-15,1.1042035322550732,46,1.1057908793825022,WLS,137,0.0015873471274290285
3,UPFC_tsh,5-15,-0.23011844530519313,46,-0.22999450803875432,WLS,137,0.0001239372664388061
4,UPFC_Vse,5-15,0.06039542805164301,46,0.06040532681928308,WLS,137,9.898767640070805e-06
5,UPFC_tse,5-15,-2.1461849155528285,46,-2.15455654822927,WLS,137,0.008371632676441365
0,x_tcsc,1-14,-0.13424888950866393,47,-0.1341671230153775,WLS,137,8.17664932864226e-05
1,B_svc,2,0.2736018278049138,47,0.2736347799611498,WLS,137,3.295215623599912e-05
2,UPFC_Vsh,5-15,1.104131464796616,47,1.1057908793825022,WLS,137,0.001659414585886143
3,UPFC_tsh,5-15,-0.2301008055803196,47,-0.22999450803875432,WLS,137,0.00010629754156527005
4,UPFC_Vse,5-15,0.05957713508894832,47,0.06040532681928308,WLS,137,0.0008281917303347638
5,UPFC_tse,5-15,-2.152285035543625,47,-2.15455654822927,WLS,137,0.0022715126856449608
0,x_tcsc,1-14,-0.1342308984957152,48,-0.1341671230153775,WLS,137,6.37754803377022e-05
1,B_svc,2,0.27341933252177136,48,0.2736347799611498,WLS,137,0.00021544743937845778
2,UPFC_Vsh,5-15,1.104742042614107,48,1.1057908793825022,WLS,137,0.0010488367683951783
3,UPFC_tsh,5-15,-0.23009945772340337,48,-0.22999450803875432,WLS,137,0.00010494968464905274
4,UPFC_Vse,5-15,0.06043557567350376,48,0.06040532681928308,WLS,137,3.0248854220676913e-05
5,UPFC_tse,5-15,-2.1507393497347804,48,-2.15455654822927,WLS,137,0.003817198494489471
0,x_tcsc,1-14,-0.13424239819309522,49,-0.1341671230153775,WLS,137,7.527517771771519e-05
1,B_svc,2,0.27289278945999806,49,0.2736347799611498,WLS,137,0.0007419905011517569
2,UPFC_Vsh,5-15,1.1044020766509217,49,1.1057908793825022,WLS,137,0.0013888027315804852
3,UPFC_tsh,5-15,-0.23012318539449314,49,-0.22999450803875432,WLS,137,0.000128677355738821
4,UPFC_Vse,5-15,0.06032726403059351,49,0.06040532681928308,WLS,137,7.806278868956879e-05
5,UPFC_tse,5-15,-2.1484741334537723,49,-2.15455654822927,WLS,137,0.0060824147754976465
0,x_tcsc,1-14,-0.13425385870765671,50,-0.1341671230153775,WLS,137,8.673569227921063e-05
1,B_svc,2,0.2735755710793226,50,0.2736347799611498,WLS,137,5.920888182719963e-05
2,UPFC_Vsh,5-15,1.1043426512585004,50,1.1057908793825022,WLS,137,0.0014482281240018047
3,UPFC_tsh,5-15,-0.23011114282072173,50,-0.22999450803875432,WLS,137,0.00011663478196741184
4,UPFC_Vse,5-15,0.06038629930115155,50,0.06040532681928308,WLS,137,1.9027518131528587e-05
5,UPFC_tse,5-15,-2.1501330244567414,50,-2.15455654822927,WLS,137,0.004423523772528526
0,x_tcsc,1-14,-0.13423519202596915,51,-0.1341671230153775,WLS,137,6.806901059164261e-05
1,B_svc,2,0.273355983813959,51,0.2736347799611498,WLS,137,0.00027879614719084067
2,UPFC_Vsh,5-15,1.10415559801085,51,1.1057908793825022,WLS,137,0.001635281371652253
3,UPFC_tsh,5-15,-0.23012690849808082,51,-0.22999450803875432,WLS,137,0.00013240045932649824
4,UPFC_Vse,5-15,0.0604358317312543,51,0.06040532681928308,WLS,137,3.0504911971221405e-05
5,UPFC_tse,5-15,-2.148329362360387,51,-2.15455654822927,WLS,137,0.006227185868882934
0,x_tcsc,1-14,-0.13424765189378515,52,-0.1341671230153775,WLS,137,8.052887840764855e-05
1,B_svc,2,0.27385106435560064,52,0.2736347799611498,WLS,137,0.00021628439445081638
2,UPFC_Vsh,5-15,1.1046446583456755,52,1.1057908793825022,WLS,137,0.0011462210368267112
3,UPFC_tsh,5-15,-0.2300476847449227,52,-0.22999450803875432,WLS,137,5.3176706168389654e-05
4,UPFC_Vse,5-15,0.059968232583829974,52,0.06040532681928308,WLS,137,0.0004370942354531074
5,UPFC_tse,5-15,-2.152650368108872,52,-2.15455654822927,WLS,137,0.0019061801203981155
0,x_tcsc,1-14,-0.134244229410825,53,-0.1341671230153775,WLS,137,7.710639544750153e-05
1,B_svc,2,0.273413111576525,53,0.2736347799611498,WLS,137,0.00022166838462484018
2,UPFC_Vsh,5-15,1.104087323038233,53,1.1057908793825022,WLS,137,0.0017035563442691082
3,UPFC_tsh,5-15,-0.2300914739603859,53,-0.22999450803875432,WLS,137,9.696592163158102e-05
4,UPFC_Vse,5-15,0.059959784563364905,53,0.06040532681928308,WLS,137,0.0004455422559181757
5,UPFC_tse,5-15,-2.1523231575548483,53,-2.15455654822927,WLS,137,0.0022333906744216314
0,x_tcsc,1-14,-0.13424007555393877,54,-0.1341671230153775,WLS,137,7.295253856126616e-05
1,B_svc,2,0.27343585635796674,54,0.2736347799611498,WLS,137,0.00019892360318307656
2,UPFC_Vsh,5-15,1.1046276460197273,54,1.1057908793825022,WLS,137,0.001163233362774907
3,UPFC_tsh,5-15,-0.23008134415891962,54,-0.22999450803875432,WLS,137,8.683612016530118e-05
4,UPFC_Vse,5-15,0.060416613264508166,54,0.06040532681928308,WLS,137,1.1286445225085207e-05
5,UPFC_tse,5-15,-2.1486304973673174,54,-2.15455654822927,WLS,137,0.005926050861952525
0,x_tcsc,1-14,-0.13425195978084253,55,-0.1341671230153775,WLS,137,8.48367654650295e-05
1,B_svc,2,0.2733983574434852,55,0.2736347799611498,WLS,137,0.00023642251766464728
2,UPFC_Vsh,5-15,1.1047170744063046,55,1.1057908793825022,WLS,137,0.0010738049761975788
3,UPFC_tsh,5-15,-0.23008300542854845,55,-0.22999450803875432,WLS,137,8.849738979413435e-05
4,UPFC_Vse,5-15,0.060034524140614484,55,0.06040532681928308,WLS,137,0.00037080267866859695
5,UPFC_tse,5-15,-2.1506414711820985,55,-2.15455654822927,WLS,137,0.0039150770471714225
0,x_tcsc,1-14,-0.1342386406268301,56,-0.1341671230153775,WLS,137,7.151761145260394e-05
1,B_svc,2,0.27330959122421294,56,0.2736347799611498,WLS,137,0.00032518873693687667
2,UPFC_Vsh,5-15,1.1045894685167656,56,1.1057908793825022,WLS,137,0.0012014108657365519
3,UPFC_tsh,5-15,-0.2300799394467489,56,-0.22999450803875432,WLS,137,8.543140799457949e-05
4,UPFC_Vse,5-15,0.060040452240494244,56,0.06040532681928308,WLS,137,0.00036487457878883744
5,UPFC_tse,5-15,-2.1476502899227667,56,-2.15455654822927,WLS,137,0.006906258306503155
0,x_tcsc,1-14,-0.13425487254617022,57,-0.1341671230153775,WLS,137,8.774953079271341e-05
1,B_svc,2,0.27351972347223213,57,0.2736347799611498,WLS,137,0.00011505648891768638
2,UPFC_Vsh,5-15,1.1043096554738792,57,1.1057908793825022,WLS,137,0.0014812239086230417
3,UPFC_tsh,5-15,-0.23017338985282404,57,-0.22999450803875432,WLS,137,0.00017888181406972015
4,UPFC_Vse,5-15,0.06047708596616981,57,0.06040532681928308,WLS,137,7.175914688672957e-05
5,UPFC_tse,5-15,-2.1475691693470917,57,-2.15455654822927,WLS,137,0.006987378882178152
0,x_tcsc,1-14,-0.13424802864135155,58,-0.1341671230153775,WLS,137,8.09056259740426e-05
1,B_svc,2,0.27313507258832154,58,0.2736347799611498,WLS,137,0.0004997073728282841
2,UPFC_Vsh,5-15,1.1040687739390518,58,1.1057908793825022,WLS,137,0.0017221054434504168
3,UPFC_tsh,5-15,-0.23005246331342918,58,-0.22999450803875432,WLS,137,5.795527467486461e-05
4,UPFC_Vse,5-15,0.05979105430088098,58,0.06040532681928308,WLS,137,0.0006142725184020981
5,UPFC_tse,5-15,-2.151174481888005,58,-2.15455654822927,WLS,137,0.0033820663412647
0,x_tcsc,1-14,-0.1342563798794245,59,-0.1341671230153775,WLS,137,8.925686404698263e-05
1,B_svc,2,0.2736449032316832,59,0.2736347799611498,WLS,137,1.0123270533402007e-05
2,UPFC_Vsh,5-15,1.1042522802940176,59,1.1057908793825022,WLS,137,0.0015385990884846379
3,UPFC_tsh,5-15,-0.23012661962089376,59,-0.22999450803875432,WLS,137,0.00013211158213943808
4,UPFC_Vse,5-15,0.06037816098487448,59,0.06040532681928308,WLS,137,2.7165834408600376e-05
5,UPFC_tse,5-15,-2.1532715041849437,59,-2.15455654822927,WLS,137,0.0012850440443261668
0,x_tcsc,1-14,-0.13424371111235678,60,-0.1341671230153775,WLS,137,7.658809697927427e-05
1,B_svc,2,0.27336945124064227,60,0.2736347799611498,WLS,137,0.00026532872050755163
2,UPFC_Vsh,5-15,1.1044540851713973,60,1.1057908793825022,WLS,137,0.0013367942111048858
3,UPFC_tsh,5-15,-0.2301225479695375,60,-0.22999450803875432,WLS,137,0.00012803993078316922
4,UPFC_Vse,5-15,0.06015191796328568,60,0.06040532681928308,WLS,137,0.00025340885599740154
5,UPFC_tse,5-15,-2.1501802893604736,60,-2.15455654822927,WLS,137,0.004376258868796334
0,x_tcsc,1-14,-0.1342546246115683,61,-0.1341671230153775,WLS,137,8.750159619080877e-05
1,B_svc,2,0.2735995050473974,61,0.2736347799611498,WLS,137,3.527491375243663e-05
2,UPFC_Vsh,5-15,1.1046840725815135,61,1.1057908793825022,WLS,137,0.0011068068009887355
3,UPFC_tsh,5-15,-0.23005456214144812,61,-0.22999450803875432,WLS,137,6.0054102693801736e-05
4,UPFC_Vse,5-15,0.059727633762460375,61,0.06040532681928308,WLS,137,0.0006776930568227063
5,UPFC_tse,5-15,-2.1520839702496244,61,-2.15455654822927,WLS,137,0.002472577979645507
0,x_tcsc,1-14,-0.1342415954504412,62,-0.1341671230153775,WLS,137,7.447243506369938e-05
1,B_svc,2,0.27335285066408416,62,0.2736347799611498,WLS,137,0.00028192929706566394
2,UPFC_Vsh,5-15,1.1045532919644396,62,1.1057908793825022,WLS,137,0.001237587418062569
3,UPFC_tsh,5-15,-0.23012218813864954,62,-0.22999450803875432,WLS,137,0.0001276800998952221
4,UPFC_Vse,5-15,0.06008465342721115,62,0.06040532681928308,WLS,137,0.00032067339207193096
5,UPFC_tse,5-15,-2.150314196347219,62,-2.15455654822927,WLS,137,0.004242351882050688
0,x_tcsc,1-14,-0.13424006136886296,63,-0.1341671230153775,WLS,137,7.293835348545774e-05
1,B_svc,2,0.2733639222093465,63,0.2736347799611498,WLS,137,0.0002708577518032995
2,UPFC_Vsh,5-15,1.1044121628574783,63,1.1057908793825022,WLS,137,0.0013787165250238598
3,UPFC_tsh,5-15,-0.23013687229734742,63,-0.22999450803875432,WLS,137,0.00014236425859309731
4,UPFC_Vse,5-15,0.06031568445918608,63,0.06040532681928308,WLS,137,8.964236009700172e-05
5,UPFC_tse,5-15,-2.147050825804521,63,-2.15455654822927,WLS,137,0.007505722424749006
0,x_tcsc,1-14,-0.13425647421436798,64,-0.1341671230153775,WLS,137,8.935119899047828e-05
1,B_svc,2,0.2734087625134805,64,0.2736347799611498,WLS,137,0.0002260174476693133
2,UPFC_Vsh,5-15,1.1043054109729933,64,1.1057908793825022,WLS,137,0.0014854684095089166
3,UPFC_tsh,5-15,-0.2301110293524414,64,-0.22999450803875432,WLS,137,0.00011652131368708463
4,UPFC_Vse,5-15,0.06022936290477033,64,0.06040532681928308,WLS,137,0.00017596391451275145
5,UPFC_tse,5-15,-2.1471882260169117,64,-2.15455654822927,WLS,137,0.007368322212358169
0,x_tcsc,1-14,-0.1342517766605793,65,-0.1341671230153775,WLS,137,8.465364520179874e-05
1,B_svc,2,0.273492227623919,65,0.2736347799611498,WLS,137,0.00014255233723081684
2,UPFC_Vsh,5-15,1.1044399582343958,65,1.1057908793825022,WLS,137,0.001350921148106421
3,UPFC_tsh,5-15,-0.23011090659568537,65,-0.22999450803875432,WLS,137,0.00011639855693104662
4,UPFC_Vse,5-15,0.060101624472026334,65,0.06040532681928308,WLS,137,0.0003037023472567471
5,UPFC_tse,5-15,-2.1504153727487685,65,-2.15455654822927,WLS,137,0.004141175480501413
0,x_tcsc,1-14,-0.13424379520085575,66,-0.1341671230153775,WLS,137,7.667218547824373e-05
1,B_svc,2,0.2738822092137961,66,0.2736347799611498,WLS,137,0.0002474292526462585
2,UPFC_Vsh,5-15,1.1043219570395313,66,1.1057908793825022,WLS,137,0.001468922342970913
3,UPFC_tsh,5-15,-0.2300776683069715,66,-0.22999450803875432,WLS,137,8.316026821716949e-05
4,UPFC_Vse,5-15,0.05966547227398878,66,0.06040532681928308,WLS,137,0.0007398545452943009
5,UPFC_tse,5-15,-2.147264964043583,66,-2.15455654822927,WLS,137,0.007291584185686872
0,x_tcsc,1-14,-0.13424333657003698,67,-0.1341671230153775,WLS,137,7.621355465947666e-05
1,B_svc,2,0.2740127200215441,67,0.2736347799611498,WLS,137,0.0003779400603942662
2,UPFC_Vsh,5-15,1.1041204810604273,67,1.1057908793825022,WLS,137,0.0016703983220749397
3,UPFC_tsh,5-15,-0.2300660896707351,67,-0.22999450803875432,WLS,137,7.158163198078826e-05
4,UPFC_Vse,5-15,0.05993541184189885,67,0.06040532681928308,WLS,137,0.00046991497738423094
5,UPFC_tse,5-15,-2.1479510360353284,67,-2.15455654822927,WLS,137,0.006605512193941454
0,x_tcsc,1-14,-0.1342390438705398,68,-0.1341671230153775,WLS,137,7.192085516230518e-05
1,B_svc,2,0.27352491933108597,68,0.2736347799611498,WLS,137,0.0001098606300638516
2,UPFC_Vsh,5-15,1.104595114747413,68,1.1057908793825022,WLS,137,0.0011957646350893025
3,UPFC_tsh,5-15,-0.2301338817392184,68,-0.22999450803875432,WLS,137,0.00013937370046407382
4,UPFC_Vse,5-15,0.06012740007293178,68,0.06040532681928308,WLS,137,0.000277926746351298
5,UPFC_tse,5-15,-2.1528399303907304,68,-2.15455654822927,WLS,137,0.0017166178385394915
0,x_tcsc,1-14,-0.13425456643007674,69,-0.1341671230153775,WLS,137,8.744341469923977e-05
1,B_svc,2,0.2728088063676166,69,0.2736347799611498,WLS,137,0.0008259735935332024
2,UPFC_Vsh,5-15,1.1044988703904375,69,1.1057908793825022,WLS,137,0.0012920089920647193
3,UPFC_tsh,5-15,-0.22999797204987538,69,-0.22999450803875432,WLS,137,3.464011121057098e-06
4,UPFC_Vse,5-15,0.06044472412065686,69,0.06040532681928308,WLS,137,3.939730137377667e-05
5,UPFC_tse,5-15,-2.1502527372010594,69,-2.15455654822927,WLS,137,0.004303811028210536
0,x_tcsc,1-14,-0.13424263749601725,70,-0.1341671230153775,WLS,137,7.551448063974897e-05
1,B_svc,2,0.2728928593263546,70,0.2736347799611498,WLS,137,0.0007419206347952234
2,UPFC_Vsh,5-15,1.1045625368387664,70,1.1057908793825022,WLS,137,0.0012283425437358275
3,UPFC_tsh,5-15,-0.23002740015294626,70,-0.22999450803875432,WLS,137,3.289211419194027e-05
4,UPFC_Vse,5-15,0.059674589304212954,70,0.06040532681928308,WLS,137,0.0007307375150701276
5,UPFC_tse,5-15,-2.1492397136839427,70,-2.15455654822927,WLS,137,0.005316834545327165
0,x_tcsc,1-14,-0.13424309001046156,71,-0.1341671230153775,WLS,137,7.596699508405358e-05
1,B_svc,2,0.2732719734773497,71,0.2736347799611498,WLS,137,0.0003628064838001044
2,UPFC_Vsh,5-15,1.1046665142922392,71,1.1057908793825022,WLS,137,0.0011243650902630353
3,UPFC_tsh,5-15,-0.23005076351848922,71,-0.22999450803875432,WLS,137,5.625547973489575e-05
4,UPFC_Vse,5-15,0.05999667451575279,71,0.06040532681928308,WLS,137,0.0004086523035302936
5,UPFC_tse,5-15,-2.150226570617757,71,-2.15455654822927,WLS,137,0.004329977611512881
0,x_tcsc,1-14,-0.13426026640773495,72,-0.1341671230153775,WLS,137,9.314339235744207e-05
1,B_svc,2,0.2736833577890812,72,0.2736347799611498,WLS,137,4.857782793138421e-05
2,UPFC_Vsh,5-15,1.1041139933426989,72,1.1057908793825022,WLS,137,0.0016768860398033159
3,UPFC_tsh,5-15,-0.23008857673530034,72,-0.22999450803875432,WLS,137,9.406869654601802e-05
4,UPFC_Vse,5-15,0.06020061203170585,72,0.06040532681928308,WLS,137,0.00020471478757723427
5,UPFC_tse,5-15,-2.1512148403764164,72,-2.15455654822927,WLS,137,0.0033417078528534816
0,x_tcsc,1-14,-0.1342255759518116,73,-0.1341671230153775,WLS,137,5.845293643408356e-05
1,B_svc,2,0.27323380741573416,73,0.2736347799611498,WLS,137,0.0004009725454156565
2,UPFC_Vsh,5-15,1.1045852908939353,73,1.1057908793825022,WLS,137,0.0012055884885668888
3,UPFC_tsh,5-15,-0.23008957062420615,73,-0.22999450803875432,WLS,137,9.506258545183277e-05
4,UPFC_Vse,5-15,0.05990129170501041,73,0.06040532681928308,WLS,137,0.0005040351142726746
5,UPFC_tse,5-15,-2.1509062930398897,73,-2.15455654822927,WLS,137,0.003650255189380225
0,x_tcsc,1-14,-0.134249396733796,74,-0.1341671230153775,WLS,137,8.227371841848519e-05
1,B_svc,2,0.27385560426722033,74,0.2736347799611498,WLS,137,0.00022082430607051062
2,UPFC_Vsh,5-15,1.104408470439242,74,1.1057908793825022,WLS,137,0.0013824089432601383
3,UPFC_tsh,5-15,-0.2301489040076625,74,-0.22999450803875432,WLS,137,0.00015439596890817753
4,UPFC_Vse,5-15,0.06044508343306281,74,0.06040532681928308,WLS,137,3.975661377973033e-05
5,UPFC_tse,5-15,-2.1495697117840744,74,-2.15455654822927,WLS,137,0.004986836445195486
0,x_tcsc,1-14,-0.1342403144411731,75,-0.1341671230153775,WLS,137,7.319142579559346e-05
1,B_svc,2,0.2734023885575107,75,0.2736347799611498,WLS,137,0.00023239140363912059
2,UPFC_Vsh,5-15,1.1041698609005886,75,1.1057908793825022,WLS,137,0.0016210184819136497
3,UPFC_tsh,5-15,-0.2301035781670775,75,-0.22999450803875432,WLS,137,0.00010907012832317431
4,UPFC_Vse,5-15,0.06048605761440228,75,0.06040532681928308,WLS,137,8.073079511920073e-05
5,UPFC_tse,5-15,-2.145232823407675,75,-2.15455654822927,WLS,137,0.009323724821594936
0,x_tcsc,1-14,-0.13424775619114246,76,-0.1341671230153775,WLS,137,8.063317576495477e-05
1,B_svc,2,0.2737218895110974,76,0.2736347799611498,WLS,137,8.710954994756159e-05
2,UPFC_Vsh,5-15,1.10428710116296,76,1.1057908793825022,WLS,137,0.0015037782195421734
3,UPFC_tsh,5-15,-0.23008523521717744,76,-0.22999450803875432,WLS,137,9.072717842312228e-05
4,UPFC_Vse,5-15,0.06060470997760533,76,0.06040532681928308,WLS,137,0.00019938315832224857
5,UPFC_tse,5-15,-2.1486337319590496,76,-2.15455654822927,WLS,137,0.005922816270220288
0,x_tcsc,1-14,-0.1342626513327284,77,-0.1341671230153775,WLS,137,9.552831735090694e-05
1,B_svc,2,0.27318481573352876,77,0.2736347799611498,WLS,137,0.00044996422762105803
2,UPFC_Vsh,5-15,1.104596298878534,77,1.1057908793825022,WLS,137,0.0011945805039681456
3,UPFC_tsh,5-15,-0.23009437042782127,77,-0.22999450803875432,WLS,137,9.986238906695144e-05
4,UPFC_Vse,5-15,0.05991481018689629,77,0.06040532681928308,WLS,137,0.0004905166323867921
5,UPFC_tse,5-15,-2.1501225448172256,77,-2.15455654822927,WLS,137,0.004434003412044252
0,x_tcsc,1-14,-0.1342588308963977,78,-0.1341671230153775,WLS,137,9.170788102019767e-05
1,B_svc,2,0.27312089259420247,78,0.2736347799611498,WLS,137,0.000513887366947352
2,UPFC_Vsh,5-15,1.104147283800944,78,1.1057908793825022,WLS,137,0.0016435955815581327
3,UPFC_tsh,5-15,-0.23015721919853308,78,-0.22999450803875432,WLS,137,0.0001627111597787556
4,UPFC_Vse,5-15,0.06006488523606582,78,0.06040532681928308,WLS,137,0.00034044158321726303
5,UPFC_tse,5-15,-2.1477326305810505,78,-2.15455654822927,WLS,137,0.006823917648219435
0,x_tcsc,1-14,-0.13424936936067744,79,-0.1341671230153775,WLS,137,8.224634529993557e-05
1,B_svc,2,0.2730605204395943,79,0.2736347799611498,WLS,137,0.0005742595215555424
2,UPFC_Vsh,5-15,1.1044258518539165,79,1.1057908793825022,WLS,137,0.0013650275285856939
3,UPFC_tsh,5-15,-0.23006554985722993,79,-0.22999450803875432,WLS,137,7.104181847561453e-05
4,UPFC_Vse,5-15,0.05997710531268226,79,0.06040532681928308,WLS,137,0.00042822150660082325
5,UPFC_tse,5-15,-2.1489882218751393,79,-2.15455654822927,WLS,137,0.005568326354130626
0,x_tcsc,1-14,-0.13426178230978064,80,-0.1341671230153775,WLS,137,9.46592944031377e-05
1,B_svc,2,0.27347387002441287,80,0.2736347799611498,WLS,137,0.00016090993673695264
2,UPFC_Vsh,5-15,1.1043052104889186,80,1.1057908793825022,WLS,137,0.0014856688935835916
3,UPFC_tsh,5-15,-0.2300454702627794,80,-0.22999450803875432,WLS,137,5.096222402509176e-05
4,UPFC_Vse,5-15,0.05986886578468944,80,0.06040532681928308,WLS,137,0.0005364610345936424
5,UPFC_tse,5-15,-2.1528870899282273,80,-2.15455654822927,WLS,137,0.0016694583010425923
0,x_tcsc,1-14,-0.13424044708595215,81,-0.1341671230153775,WLS,137,7.332407057464296e-05
1,B_svc,2,0.2732451329192701,81,0.2736347799611498,WLS,137,0.0003896470418797149
2,UPFC_Vsh,5-15,1.1042230469711172,81,1.1057908793825022,WLS,137,0.0015678324113850284
3,UPFC_tsh,5-15,-0.23010177607237542,81,-0.22999450803875432,WLS,137,0.0001072680336210996
4,UPFC_Vse,5-15,0.060494398994543216,81,0.06040532681928308,WLS,137,8.907217526013533e-05
5,UPFC_tse,5-15,-2.1451509147438985,81,-2.15455654822927,WLS,137,0.009405633485371379
0,x_tcsc,1-14,-0.1342538888589319,82,-0.1341671230153775,WLS,137,8.676584355440942e-05
1,B_svc,2,0.27348020325678823,82,0.2736347799611498,WLS,137,0.00015457670436158644
2,UPFC_Vsh,5-15,1.1043739481768198,82,1.1057908793825022,WLS,137,0.0014169312056824257
3,UPFC_tsh,5-15,-0.23010892161629293,82,-0.22999450803875432,WLS,137,0.00011441357753860792
4,UPFC_Vse,5-15,0.060149451294105,82,0.06040532681928308,WLS,137,0.0002558755251780842
5,UPFC_tse,5-15,-2.149042241011632,82,-2.15455654822927,WLS,137,0.005514307217637793
0,x_tcsc,1-14,-0.1342444095424786,83,-0.1341671230153775,WLS,137,7.728652710109474e-05
1,B_svc,2,0.27324584152600623,83,0.2736347799611498,WLS,137,0.00038893843514359316
2,UPFC_Vsh,5-15,1.1042215459648315,83,1.1057908793825022,WLS,137,0.0015693334176707374
3,UPFC_tsh,5-15,-0.2300814468354293,83,-0.22999450803875432,WLS,137,8.693879667498461e-05
4,UPFC_Vse,5-15,0.06010460078144624,83,0.06040532681928308,WLS,137,0.000300726037836839
5,UPFC_tse,5-15,-2.1495259216467146,83,-2.15455654822927,WLS,137,0.005030626582555264
0,x_tcsc,1-14,-0.13423748117819595,84,-0.1341671230153775,WLS,137,7.035816281844576e-05
1,B_svc,2,0.27345765361485574,84,0.2736347799611498,WLS,137,0.00017712634629407642
2,UPFC_Vsh,5-15,1.1044265090599201,84,1.1057908793825022,WLS,137,0.0013643703225820758
3,UPFC_tsh,5-15,-0.23006797509449567,84,-0.22999450803875432,WLS,137,7.346705574134971e-05
4,UPFC_Vse,5-15,0.06004724158255684,84,0.06040532681928308,WLS,137,0.0003580852367262438
5,UPFC_tse,5-15,-2.1463885551020203,84,-2.15455654822927,WLS,137,0.008167993127249584
0,x_tcsc,1-14,-0.1342272962112791,85,-0.1341671230153775,WLS,137,6.01731959015972e-05
1,B_svc,2,0.2728462693571827,85,0.2736347799611498,WLS,137,0.0007885106039671186
2,UPFC_Vsh,5-15,1.1045664426195405,85,1.1057908793825022,WLS,137,0.0012244367629616892
3,UPFC_tsh,5-15,-0.2300914163936933,85,-0.22999450803875432,WLS,137,9.690835493897376e-05
4,UPFC_Vse,5-15,0.05996567008076928,85,0.06040532681928308,WLS,137,0.00043965673851380227
5,UPFC_tse,5-15,-2.1505094881152598,85,-2.15455654822927,WLS,137,0.004047060114010126
0,x_tcsc,1-14,-0.13425668975950558,86,-0.1341671230153775,WLS,137,8.956674412807786e-05
1,B_svc,2,0.27353894034880294,86,0.2736347799611498,WLS,137,9.583961234688188e-05
2,UPFC_Vsh,5-15,1.104533928535872,86,1.1057908793825022,WLS,137,0.0012569508466302448
3,UPFC_tsh,5-15,-0.23007714725869824,86,-0.22999450803875432,WLS,137,8.263921994391965e-05
4,UPFC_Vse,5-15,0.060469118054967436,86,0.06040532681928308,WLS,137,6.379123568435452e-05
5,UPFC_tse,5-15,-2.147206741497242,86,-2.15455654822927,WLS,137,0.007349806732027897
0,x_tcsc,1-14,-0.13423992189440692,87,-0.1341671230153775,WLS,137,7.279887902941762e-05
1,B_svc,2,0.2730954349829885,87,0.2736347799611498,WLS,137,0.0005393449781613269
2,UPFC_Vsh,5-15,1.1044495892075432,87,1.1057908793825022,WLS,137,0.0013412901749589867
3,UPFC_tsh,5-15,-0.2301064579614107,87,-0.22999450803875432,WLS,137,0.00011194992265636805
4,UPFC_Vse,5-15,0.06014203991434957,87,0.06040532681928308,WLS,137,0.00026328690493351153
5,UPFC_tse,5-15,-2.148591988489035,87,-2.15455654822927,WLS,137,0.005964559740234687
0,x_tcsc,1-14,-0.1342529877352897,88,-0.1341671230153775,WLS,137,8.586471991220423e-05
1,B_svc,2,0.2732549313416721,88,0.2736347799611498,WLS,137,0.0003798486194777073
2,UPFC_Vsh,5-15,1.1044142292661565,88,1.1057908793825022,WLS,137,0.0013766501163456901
3,UPFC_tsh,5-15,-0.23002908979800496,88,-0.22999450803875432,WLS,137,3.458175925064033e-05
4,UPFC_Vse,5-15,0.0597345926539687,88,0.06040532681928308,WLS,137,0.0006707341653143795
5,UPFC_tse,5-15,-2.1477923533909604,88,-2.15455654822927,WLS,137,0.0067641948383094785
0,x_tcsc,1-14,-0.13425520329851137,89,-0.1341671230153775,WLS,137,8.808028313386784e-05
1,B_svc,2,0.27336537891549834,89,0.2736347799611498,WLS,137,0.00026940104565148504
2,UPFC_Vsh,5-15,1.104673358678142,89,1.1057908793825022,WLS,137,0.0011175207043601088
3,UPFC_tsh,5-15,-0.23004145325183067,89,-0.22999450803875432,WLS,137,4.69452130763548e-05
4,UPFC_Vse,5-15,0.060183763798376304,89,0.06040532681928308,WLS,137,0.00022156302090677732
5,UPFC_tse,5-15,-2.149574719046341,89,-2.15455654822927,WLS,137,0.0049818291829288874
0,x_tcsc,1-14,-0.1342342760392986,90,-0.1341671230153775,WLS,137,6.715302392110156e-05
1,B_svc,2,0.2732171174561143,90,0.2736347799611498,WLS,137,0.00041766250503549873
2,UPFC_Vsh,5-15,1.1046763416379473,90,1.1057908793825022,WLS,137,0.0011145377445549443
3,UPFC_tsh,5-15,-0.23007997149166132,90,-0.22999450803875432,WLS,137,8.546345290699753e-05
4,UPFC_Vse,5-15,0.060265542986470196,90,0.06040532681928308,WLS,137,0.0001397838328128856
5,UPFC_tse,5-15,-2.149182707226759,90,-2.15455654822927,WLS,137,0.005373841002510815
0,x_tcsc,1-14,-0.13423898175288385,91,-0.1341671230153775,WLS,137,7.185873750634175e-05
1,B_svc,2,0.27307988777776177,91,0.2736347799611498,WLS,137,0.000554892183388056
2,UPFC_Vsh,5-15,1.1043230460269162,91,1.1057908793825022,WLS,137,0.001467833355585979
3,UPFC_tsh,5-15,-0.2300512162763783,91,-0.22999450803875432,WLS,137,5.6708237623992463e-05
4,UPFC_Vse,5-15,0.059900855290602566,91,0.06040532681928308,WLS,137,0.0005044715286805154
5,UPFC_tse,5-15,-2.1503729765287267,91,-2.15455654822927,WLS,137,0.004183571700543176
0,x_tcsc,1-14,-0.1342550981052173,92,-0.1341671230153775,WLS,137,8.797508983979241e-05
1,B_svc,2,0.27265260800035307,92,0.2736347799611498,WLS,137,0.0009821719607967516
2,UPFC_Vsh,5-15,1.1045415574677664,92,1.1057908793825022,WLS,137,0.0012493219147358126
3,UPFC_tsh,5-15,-0.23007599279922972,92,-0.22999450803875432,WLS,137,8.148476047539766e-05
4,UPFC_Vse,5-15,0.05990255562182872,92,0.06040532681928308,WLS,137,0.0005027711974543644
5,UPFC_tse,5-15,-2.147829147307671,92,-2.15455654822927,WLS,137,0.006727400921598736
0,x_tcsc,1-14,-0.13423934865998666,93,-0.1341671230153775,WLS,137,7.222564460915293e-05
1,B_svc,2,0.2735366188072466,93,0.2736347799611498,WLS,137,9.816115390320901e-05
2,UPFC_Vsh,5-15,1.1047276078177577,93,1.1057908793825022,WLS,137,0.0010632715647445057
3,UPFC_tsh,5-15,-0.2300103152652548,93,-0.22999450803875432,WLS,137,1.58072265004916e-05
4,UPFC_Vse,5-15,0.060033252441400835,93,0.06040532681928308,WLS,137,0.00037207437788224634
5,UPFC_tse,5-15,-2.1517325461000163,93,-2.15455654822927,WLS,137,0.0028240021292536
0,x_tcsc,1-14,-0.13425109616969627,94,-0.1341671230153775,WLS,137,8.397315431876717e-05
1,B_svc,2,0.27394320463606037,94,0.2736347799611498,WLS,137,0.0003084246749105457
2,UPFC_Vsh,5-15,1.1044178914153964,94,1.1057908793825022,WLS,137,0.001372987967105832
3,UPFC_tsh,5-15,-0.23006713413139082,94,-0.22999450803875432,WLS,137,7.262609263650188e-05
4,UPFC_Vse,5-15,0.05979360494685556,94,0.06040532681928308,WLS,137,0.0006117218724275217
5,UPFC_tse,5-15,-2.1547539471658994,94,-2.15455654822927,WLS,137,0.00019739893662951147
0,x_tcsc,1-14,-0.1342448052812511,95,-0.1341671230153775,WLS,137,7.76822658735965e-05
1,B_svc,2,0.2736288830984829,95,0.2736347799611498,WLS,137,5.8968626669431146e-06
2,UPFC_Vsh,5-15,1.1043165712793739,95,1.1057908793825022,WLS,137,0.001474308103128319
3,UPFC_tsh,5-15,-0.23010445413943628,95,-0.22999450803875432,WLS,137,0.00010994610068196242
4,UPFC_Vse,5-15,0.06009134152761753,95,0.06040532681928308,WLS,137,0.0003139852916655486
5,UPFC_tse,5-15,-2.1505961931183193,95,-2.15455654822927,WLS,137,0.0039603551109506085
0,x_tcsc,1-14,-0.13424382523129233,96,-0.1341671230153775,WLS,137,7.670221591482562e-05
1,B_svc,2,0.272830235293963,96,0.2736347799611498,WLS,137,0.0008045446671868239
2,UPFC_Vsh,5-15,1.104651595500661,96,1.1057908793825022,WLS,137,0.0011392838818411466
3,UPFC_tsh,5-15,-0.23003291533023737,96,-0.22999450803875432,WLS,137,3.840729148305022e-05
4,UPFC_Vse,5-15,0.060009370250094354,96,0.06040532681928308,WLS,137,0.0003959565691887268
5,UPFC_tse,5-15,-2.151840213059333,96,-2.15455654822927,WLS,137,0.0027163351699370786
0,x_tcsc,1-14,-0.13424948128630212,97,-0.1341671230153775,WLS,137,8.235827092462067e-05
1,B_svc,2,0.27263662459857607,97,0.2736347799611498,WLS,137,0.0009981553625737494
2,UPFC_Vsh,5-15,1.1042764463957637,97,1.1057908793825022,WLS,137,0.0015144329867384787
3,UPFC_tsh,5-15,-0.23010597180714604,97,-0.22999450803875432,WLS,137,0.00011146376839171745
4,UPFC_Vse,5-15,0.060199764633128074,97,0.06040532681928308,WLS,137,0.0002055621861550075
5,UPFC_tse,5-15,-2.1482718137303696,97,-2.15455654822927,WLS,137,0.006284734498900324
0,x_tcsc,1-14,-0.13423299487178808,98,-0.1341671230153775,WLS,137,6.587185641057647e-05
1,B_svc,2,0.27318075556149235,98,0.2736347799611498,WLS,137,0.0004540243996574711
2,UPFC_Vsh,5-15,1.1042924385890702,98,1.1057908793825022,WLS,137,0.0014984407934319766
3,UPFC_tsh,5-15,-0.23011945676100184,98,-0.22999450803875432,WLS,137,0.0001249487222475254
4,UPFC_Vse,5-15,0.06040424546754792,98,0.06040532681928308,WLS,137,1.0813517351618285e-06
5,UPFC_tse,5-15,-2.1477811213562883,98,-2.15455654822927,WLS,137,0.006775426872981605
0,x_tcsc,1-14,-0.1342597380107484,99,-0.1341671230153775,WLS,137,9.261499537088769e-05
1,B_svc,2,0.27272213820019164,99,0.2736347799611498,WLS,137,0.0009126417609581772
2,UPFC_Vsh,5-15,1.1043974558213372,99,1.1057908793825022,WLS,137,0.001393423561165008
3,UPFC_tsh,5-15,-0.23014118821907256,99,-0.22999450803875432,WLS,137,0.0001466801803182427
4,UPFC_Vse,5-15,0.060025221933262554,99,0.06040532681928308,WLS,137,0.00038010488602052694
5,UPFC_tse,5-15,-2.1525988868622545,99,-2.15455654822927,WLS,137,0.001957661367015362
0,x_tcsc,1-14,-0.13396337266676553,0,-0.1338891558641217,WLS,139,7.421680264382835e-05
1,B_svc,2,0.27247673463323835,0,0.27292537502293496,WLS,139,0.00044864038969660847
2,UPFC_Vsh,5-15,1.104571294852847,0,1.106739436282142,WLS,139,0.0021681414292951118
3,UPFC_tsh,5-15,-0.23053497432979225,0,-0.23040778158594252,WLS,139,0.00012719274384973
4,UPFC_Vse,5-15,0.059993667935263874,0,0.05999213256364274,WLS,139,1.5353716211335966e-06
5,UPFC_tse,5-15,-2.147011297404993,0,-2.1468715306785127,WLS,139,0.000139766726480417
0,x_tcsc,1-14,-0.13396994110271657,1,-0.1338891558641217,WLS,139,8.078523859486597e-05
1,B_svc,2,0.2724776221466463,1,0.27292537502293496,WLS,139,0.0004477528762886762
2,UPFC_Vsh,5-15,1.104442814149973,1,1.106739436282142,WLS,139,0.0022966221321691904
3,UPFC_tsh,5-15,-0.2304553926852372,1,-0.23040778158594252,WLS,139,4.761109929468654e-05
4,UPFC_Vse,5-15,0.059224885072540555,1,0.05999213256364274,WLS,139,0.0007672474911021854
5,UPFC_tse,5-15,-2.1472066612248297,1,-2.1468715306785127,WLS,139,0.00033513054631706396
0,x_tcsc,1-14,-0.13396660859568396,2,-0.1338891558641217,WLS,139,7.745273156226085e-05
1,B_svc,2,0.272903380527239,2,0.27292537502293496,WLS,139,2.199449569595391e-05
2,UPFC_Vsh,5-15,1.1045834247957818,2,1.106739436282142,WLS,139,0.002156011486360354
3,UPFC_tsh,5-15,-0.23052553997690056,2,-0.23040778158594252,WLS,139,0.0001177583909580393
4,UPFC_Vse,5-15,0.060163537918978584,2,0.05999213256364274,WLS,139,0.00017140535533584356
5,UPFC_tse,5-15,-2.1500217887748567,2,-2.1468715306785127,WLS,139,0.0031502580963440607
0,x_tcsc,1-14,-0.13395654383890052,3,-0.1338891558641217,WLS,139,6.738797477881531e-05
1,B_svc,2,0.27268260228685665,3,0.27292537502293496,WLS,139,0.00024277273607831162
2,UPFC_Vsh,5-15,1.104572610163099,3,1.106739436282142,WLS,139,0.0021668261190430638
3,UPFC_tsh,5-15,-0.23055337452201255,3,-0.23040778158594252,WLS,139,0.000145592936070027
4,UPFC_Vse,5-15,0.06025805560416126,3,0.05999213256364274,WLS,139,0.00026592304051852034
5,UPFC_tse,5-15,-2.1468328413192155,3,-2.1468715306785127,WLS,139,3.8689359297183756e-05
0,x_tcsc,1-14,-0.1339367458500327,4,-0.1338891558641217,WLS,139,4.758998591100627e-05
1,B_svc,2,0.27233379805749913,4,0.27292537502293496,WLS,139,0.0005915769654358249
2,UPFC_Vsh,5-15,1.1043316635667997,4,1.106739436282142,WLS,139,0.0024077727153424267
3,UPFC_tsh,5-15,-0.23052339785510323,4,-0.23040778158594252,WLS,139,0.00011561626916070655
4,UPFC_Vse,5-15,0.06004820711429507,4,0.05999213256364274,WLS,139,5.6074550652332467e-05
5,UPFC_tse,5-15,-2.149633619120723,4,-2.1468715306785127,WLS,139,0.0027620884422101533
0,x_tcsc,1-14,-0.13396177038927928,5,-0.1338891558641217,WLS,139,7.261452515758271e-05
1,B_svc,2,0.2726505726482945,5,0.27292537502293496,WLS,139,0.0002748023746404482
2,UPFC_Vsh,5-15,1.1041676214433942,5,1.106739436282142,WLS,139,0.00257181483874791
3,UPFC_tsh,5-15,-0.23048594937868908,5,-0.23040778158594252,WLS,139,7.816779274655294e-05
4,UPFC_Vse,5-15,0.06012793339481129,5,0.05999213256364274,WLS,139,0.00013580083116854907
5,UPFC_tse,5-15,-2.143017351384754,5,-2.1468715306785127,WLS,139,0.0038541792937585306
0,x_tcsc,1-14,-0.13395854755386286,6,-0.1338891558641217,WLS,139,6.939168974115506e-05
1,B_svc,2,0.2726165874950082,6,0.27292537502293496,WLS,139,0.0003087875279267349
2,UPFC_Vsh,5-15,1.1042911523504557,6,1.106739436282142,WLS,139,0.0024482839316863902
3,UPFC_tsh,5-15,-0.2305341472042123,6,-0.23040778158594252,WLS,139,0.00012636561826978587
4,UPFC_Vse,5-15,0.05995207235384582,6,0.05999213256364274,WLS,139,4.0060209796917434e-05
5,UPFC_tse,5-15,-2.150166933589829,6,-2.1468715306785127,WLS,139,0.0032954029113163585
0,x_tcsc,1-14,-0.13395850096510256,7,-0.1338891558641217,WLS,139,6.9345100980861e-05
1,B_svc,2,0.27258073153687246,7,0.27292537502293496,WLS,139,0.0003446434860625014
2,UPFC_Vsh,5-15,1.1045939823032245,7,1.106739436282142,WLS,139,0.002145453978917633
3,UPFC_tsh,5-15,-0.23048957960468908,7,-0.23040778158594252,WLS,139,8.17980187465539e-05
4,UPFC_Vse,5-15,0.05994449560483923,7,0.05999213256364274,WLS,139,4.7636958803512486e-05
5,UPFC_tse,5-15,-2.1512558400054345,7,-2.1468715306785127,WLS,139,0.004384309326921798
0,x_tcsc,1-14,-0.1339466206999919,8,-0.1338891558641217,WLS,139,5.746483587018569e-05
1,B_svc,2,0.27260363187693815,8,0.27292537502293496,WLS,139,0.0003217431459968112
2,UPFC_Vsh,5-15,1.1045961477559971,8,1.106739436282142,WLS,139,0.002143288526144982
3,UPFC_tsh,5-15,-0.23049995210043736,8,-0.23040778158594252,WLS,139,9.217051449483815e-05
4,UPFC_Vse,5-15,0.06004798248336306,8,0.05999213256364274,WLS,139,5.584991972031744e-05
5,UPFC_tse,5-15,-2.15355024117514,8,-2.1468715306785127,WLS,139,0.0066787104966272715
0,x_tcsc,1-14,-0.1339458544854707,9,-0.1338891558641217,WLS,139,5.669862134899395e-05
1,B_svc,2,0.2724173748895258,9,0.27292537502293496,WLS,139,0.000508000133409181
2,UPFC_Vsh,5-15,1.1041407859636947,9,1.106739436282142,WLS,139,0.0025986503184474152
3,UPFC_tsh,5-15,-0.23049397878987585,9,-0.23040778158594252,WLS,139,8.619720393332475e-05
4,UPFC_Vse,5-15,0.06013076843330215,9,0.05999213256364274,WLS,139,0.000138635869659412
5,UPFC_tse,5-15,-2.14626647687292,9,-2.1468715306785127,WLS,139,0.0006050538055926147
0,x_tcsc,1-14,-0.13396510399611625,10,-0.1338891558641217,WLS,139,7.594813199454653e-05
1,B_svc,2,0.2729260147604004,10,0.27292537502293496,WLS,139,6.397374654465438e-07
2,UPFC_Vsh,5-15,1.104616419455233,10,1.106739436282142,WLS,139,0.0021230168269090743
3,UPFC_tsh,5-15,-0.23053825777303105,10,-0.23040778158594252,WLS,139,0.0001304761870885296
4,UPFC_Vse,5-15,0.060106290535050996,10,0.05999213256364274,WLS,139,0.00011415797140825606
5,UPFC_tse,5-15,-2.1507818684952125,10,-2.1468715306785127,WLS,139,0.003910337816699805
0,x_tcsc,1-14,-0.13394866292377514,11,-0.1338891558641217,WLS,139,5.950705965343528e-05
1,B_svc,2,0.27235573193880774,11,0.27292537502293496,WLS,139,0.0005696430841272138
2,UPFC_Vsh,5-15,1.1044770442582041,11,1.106739436282142,WLS,139,0.0022623920239379647
3,UPFC_tsh,5-15,-0.23048825544476345,11,-0.23040778158594252,WLS,139,8.047385882092861e-05
4,UPFC_Vse,5-15,0.06003279016808578,11,0.05999213256364274,WLS,139,4.065760444303679e-05
5,UPFC_tse,5-15,-2.147227862376891,11,-2.1468715306785127,WLS,139,0.0003563316983781206
0,x_tcsc,1-14,-0.13397846213949705,12,-0.1338891558641217,WLS,139,8.930627537534486e-05
1,B_svc,2,0.2731731937569962,12,0.27292537502293496,WLS,139,0.000247818734061267
2,UPFC_Vsh,5-15,1.104171592866658,12,1.106739436282142,WLS,139,0.0025678434154841057
3,UPFC_tsh,5-15,-0.23051183658474328,12,-0.23040778158594252,WLS,139,0.00010405499880075664
4,UPFC_Vse,5-15,0.05940938446800964,12,0.05999213256364274,WLS,139,0.0005827480956330996
5,UPFC_tse,5-15,-2.1484943087222623,12,-2.1468715306785127,WLS,139,0.001622778043749662
0,x_tcsc,1-14,-0.13394841758106885,13,-0.1338891558641217,WLS,139,5.926171694714544e-05
1,B_svc,2,0.27293036951157507,13,0.27292537502293496,WLS,139,4.994488640108763e-06
2,UPFC_Vsh,5-15,1.1048528836671796,13,1.106739436282142,WLS,139,0.0018865526149625111
3,UPFC_tsh,5-15,-0.2304592816613044,13,-0.23040778158594252,WLS,139,5.1500075361865516e-05
4,UPFC_Vse,5-15,0.05950218948214962,13,0.05999213256364274,WLS,139,0.0004899430814931174
5,UPFC_tse,5-15,-2.148668437741889,13,-2.1468715306785127,WLS,139,0.0017969070633765405
0,x_tcsc,1-14,-0.13396273299082334,14,-0.1338891558641217,WLS,139,7.357712670164052e-05
1,B_svc,2,0.2725405539346426,14,0.27292537502293496,WLS,139,0.00038482108829235306
2,UPFC_Vsh,5-15,1.1043093599739215,14,1.106739436282142,WLS,139,0.0024300763082205634
3,UPFC_tsh,5-15,-0.23045183546572826,14,-0.23040778158594252,WLS,139,4.405387978573261e-05
4,UPFC_Vse,5-15,0.05981509152567856,14,0.05999213256364274,WLS,139,0.0001770410379641832
5,UPFC_tse,5-15,-2.1446107070818363,14,-2.1468715306785127,WLS,139,0.0022608235966763424
0,x_tcsc,1-14,-0.13396395982201895,15,-0.1338891558641217,WLS,139,7.480395789724592e-05
1,B_svc,2,0.27251164914714743,15,0.27292537502293496,WLS,139,0.0004137258757875295
2,UPFC_Vsh,5-15,1.1043119304872684,15,1.106739436282142,WLS,139,0.002427505794873719
3,UPFC_tsh,5-15,-0.23048303746160537,15,-0.23040778158594252,WLS,139,7.525587566284409e-05
4,UPFC_Vse,5-15,0.05996095161491024,15,0.05999213256364274,WLS,139,3.118094873250099e-05
5,UPFC_tse,5-15,-2.1450354282710595,15,-2.1468715306785127,WLS,139,0.001836102407453133
0,x_tcsc,1-14,-0.13395934072759325,16,-0.1338891558641217,WLS,139,7.018486347154518e-05
1,B_svc,2,0.27291373390696155,16,0.27292537502293496,WLS,139,1.1641115973404226e-05
2,UPFC_Vsh,5-15,1.1041060435959429,16,1.106739436282142,WLS,139,0.0026333926861992207
3,UPFC_tsh,5-15,-0.23055241257835496,16,-0.23040778158594252,WLS,139,0.0001446309924124367
4,UPFC_Vse,5-15,0.0598328247377627,16,0.05999213256364274,WLS,139,0.00015930782588004233
5,UPFC_tse,5-15,-2.148459033987117,16,-2.1468715306785127,WLS,139,0.0015875033086043544
0,x_tcsc,1-14,-0.13397634886416943,17,-0.1338891558641217,WLS,139,8.719300004772501e-05
1,B_svc,2,0.2731459615812821,17,0.27292537502293496,WLS,139,0.0002205865583471689
2,UPFC_Vsh,5-15,1.1042044754858107,17,1.106739436282142,WLS,139,0.0025349607963314202
3,UPFC_tsh,5-15,-0.23048747911430303,17,-0.23040778158594252,WLS,139,7.96975283605117e-05
4,UPFC_Vse,5-15,0.05994894135257776,17,0.05999213256364274,WLS,139,4.3191211064982915e-05
5,UPFC_tse,5-15,-2.1475827839189043,17,-2.1468715306785127,WLS,139,0.0007112532403916738
0,x_tcsc,1-14,-0.13395951489604108,18,-0.1338891558641217,WLS,139,7.035903191937587e-05
1,B_svc,2,0.27288326046307937,18,0.27292537502293496,WLS,139,4.211455985558832e-05
2,UPFC_Vsh,5-15,1.1045697389138727,18,1.106739436282142,WLS,139,0.002169697368269441
3,UPFC_tsh,5-15,-0.2304519326768553,18,-0.23040778158594252,WLS,139,4.4151090912769586e-05
4,UPFC_Vse,5-15,0.060338225793352226,18,0.05999213256364274,WLS,139,0.00034609322970948625
5,UPFC_tse,5-15,-2.1444986464657205,18,-2.1468715306785127,WLS,139,0.002372884212792137
0,x_tcsc,1-14,-0.1339467858012538,19,-0.1338891558641217,WLS,139,5.762993713209763e-05
1,B_svc,2,0.2725222645769026,19,0.27292537502293496,WLS,139,0.000403110446032362
2,UPFC_Vsh,5-15,1.1045816454521835,19,1.106739436282142,WLS,139,0.0021577908299585946
3,UPFC_tsh,5-15,-0.23051982464420417,19,-0.23040778158594252,WLS,139,0.00011204305826165162
4,UPFC_Vse,5-15,0.06002773577342381,19,0.05999213256364274,WLS,139,3.560320978106962e-05
5,UPFC_tse,5-15,-2.1481764790692095,19,-2.1468715306785127,WLS,139,0.0013049483906968362
0,x_tcsc,1-14,-0.13395488126925145,20,-0.1338891558641217,WLS,139,6.572540512975178e-05
1,B_svc,2,0.2731466880857631,20,0.27292537502293496,WLS,139,0.00022131306282813235
2,UPFC_Vsh,5-15,1.1043690248061127,20,1.106739436282142,WLS,139,0.002370411476029455
3,UPFC_tsh,5-15,-0.23057895830396363,20,-0.23040778158594252,WLS,139,0.0001711767180211099
4,UPFC_Vse,5-15,0.06026137844515657,20,0.05999213256364274,WLS,139,0.0002692458815138285
5,UPFC_tse,5-15,-2.146106720458042,20,-2.1468715306785127,WLS,139,0.0007648102204704799
0,x_tcsc,1-14,-0.1339646275350686,21,-0.1338891558641217,WLS,139,7.547167094690277e-05
1,B_svc,2,0.27272688556232544,21,0.27292537502293496,WLS,139,0.00019848946060951889
2,UPFC_Vsh,5-15,1.1044547138901406,21,1.106739436282142,WLS,139,0.0022847223920015036
3,UPFC_tsh,5-15,-0.2304817265175008,21,-0.23040778158594252,WLS,139,7.394493155826742e-05
4,UPFC_Vse,5-15,0.06021441433040499,21,0.05999213256364274,WLS,139,0.0002222817667622487
5,UPFC_tse,5-15,-2.148562753198333,21,-2.1468715306785127,WLS,139,0.0016912225198204567
0,x_tcsc,1-14,-0.13397277353999323,22,-0.1338891558641217,WLS,139,8.361767587153346e-05
1,B_svc,2,0.27306463083591254,22,0.27292537502293496,WLS,139,0.00013925581297757894
2,UPFC_Vsh,5-15,1.1042715780068038,22,1.106739436282142,WLS,139,0.0024678582753383527
3,UPFC_tsh,5-15,-0.23050677996645796,22,-0.23040778158594252,WLS,139,9.899838051544152e-05
4,UPFC_Vse,5-15,0.05964630120461333,22,0.05999213256364274,WLS,139,0.0003458313590294082
5,UPFC_tse,5-15,-2.148981562302613,22,-2.1468715306785127,WLS,139,0.0021100316241002837
0,x_tcsc,1-14,-0.13395061629969737,23,-0.1338891558641217,WLS,139,6.146043557567205e-05
1,B_svc,2,0.27266399639551403,23,0.27292537502293496,WLS,139,0.0002613786274209273
2,UPFC_Vsh,5-15,1.1042660762795617,23,1.106739436282142,WLS,139,0.0024733600025803604
3,UPFC_tsh,5-15,-0.23058775522318656,23,-0.23040778158594252,WLS,139,0.00017997363724403526
4,UPFC_Vse,5-15,0.05998926747309781,23,0.05999213256364274,WLS,139,2.865090544930393e-06
5,UPFC_tse,5-15,-2.1453153140514964,23,-2.1468715306785127,WLS,139,0.0015562166270162159
0,x_tcsc,1-14,-0.13394948197926554,24,-0.1338891558641217,WLS,139,6.0326115143838344e-05
1,B_svc,2,0.2728415928344237,24,0.27292537502293496,WLS,139,8.378218851123886e-05
2,UPFC_Vsh,5-15,1.1041535349887786,24,1.106739436282142,WLS,139,0.0025859012933635572
3,UPFC_tsh,5-15,-0.23057393023118186,24,-0.23040778158594252,WLS,139,0.00016614864523933903
4,UPFC_Vse,5-15,0.060302012673948996,24,0.05999213256364274,WLS,139,0.0003098801103062557
5,UPFC_tse,5-15,-2.1438694493563437,24,-2.1468715306785127,WLS,139,0.003002081322168948
0,x_tcsc,1-14,-0.13396652394614186,25,-0.1338891558641217,WLS,139,7.736808202016277e-05
1,B_svc,2,0.27215331520590463,25,0.27292537502293496,WLS,139,0.0007720598170303239
2,UPFC_Vsh,5-15,1.1042861431757611,25,1.106739436282142,WLS,139,0.0024532931063809826
3,UPFC_tsh,5-15,-0.23059362719218876,25,-0.23040778158594252,WLS,139,0.0001858456062462377
4,UPFC_Vse,5-15,0.05994967072188118,25,0.05999213256364274,WLS,139,4.246184176155687e-05
5,UPFC_tse,5-15,-2.1490306938778363,25,-2.1468715306785127,WLS,139,0.0021591631993236327
0,x_tcsc,1-14,-0.13396803981515748,26,-0.1338891558641217,WLS,139,7.888395103577972e-05
1,B_svc,2,0.27253061300453274,26,0.27292537502293496,WLS,139,0.00039476201840221714
2,UPFC_Vsh,5-15,1.1046454092274236,26,1.106739436282142,WLS,139,0.002094027054718506
3,UPFC_tsh,5-15,-0.2304809935035118,26,-0.23040778158594252,WLS,139,7.321191756928802e-05
4,UPFC_Vse,5-15,0.06004341025603394,26,0.05999213256364274,WLS,139,5.127769239120228e-05
5,UPFC_tse,5-15,-2.150106811250009,26,-2.1468715306785127,WLS,139,0.0032352805714963573
0,x_tcsc,1-14,-0.13395586534833287,27,-0.1338891558641217,WLS,139,6.670948421116929e-05
1,B_svc,2,0.272783200801281,27,0.27292537502293496,WLS,139,0.00014217422165396787
2,UPFC_Vsh,5-15,1.104533249142955,27,1.106739436282142,WLS,139,0.002206187139187188
3,UPFC_tsh,5-15,-0.23056004455089646,27,-0.23040778158594252,WLS,139,0.00015226296495393643
4,UPFC_Vse,5-15,0.05991883949456798,27,0.05999213256364274,WLS,139,7.329306907476185e-05
5,UPFC_tse,5-15,-2.146631511424855,27,-2.1468715306785127,WLS,139,0.00024001925365757515
0,x_tcsc,1-14,-0.1339535330662714,28,-0.1338891558641217,WLS,139,6.437720214969023e-05
1,B_svc,2,0.27266849572448904,28,0.27292537502293496,WLS,139,0.0002568792984459223
2,UPFC_Vsh,5-15,1.1045457605726139,28,1.106739436282142,WLS,139,0.00219367570952822
3,UPFC_tsh,5-15,-0.23046073175762058,28,-0.23040778158594252,WLS,139,5.295017167805671e-05
4,UPFC_Vse,5-15,0.06021731766574802,28,0.05999213256364274,WLS,139,0.00022518510210527837
5,UPFC_tse,5-15,-2.146820060645303,28,-2.1468715306785127,WLS,139,5.1470033209710664e-05
0,x_tcsc,1-14,-0.13394001519664048,29,-0.1338891558641217,WLS,139,5.085933251877672e-05
1,B_svc,2,0.27270952944250243,29,0.27292537502293496,WLS,139,0.00021584558043252766
2,UPFC_Vsh,5-15,1.1044647493866222,29,1.106739436282142,WLS,139,0.002274686895519906
3,UPFC_tsh,5-15,-0.23049698522841386,29,-0.23040778158594252,WLS,139,8.920364247133605e-05
4,UPFC_Vse,5-15,0.05992917413361764,29,0.05999213256364274,WLS,139,6.295843002510071e-05
5,UPFC_tse,5-15,-2.1479641297232286,29,-2.1468715306785127,WLS,139,0.001092599044715925
0,x_tcsc,1-14,-0.1339588242211856,30,-0.1338891558641217,WLS,139,6.966835706390118e-05
1,B_svc,2,0.27301764256136246,30,0.27292537502293496,WLS,139,9.226753842750401e-05
2,UPFC_Vsh,5-15,1.1044496786716536,30,1.106739436282142,WLS,139,0.002289757610488552
3,UPFC_tsh,5-15,-0.23057438120533472,30,-0.23040778158594252,WLS,139,0.0001665996193921937
4,UPFC_Vse,5-15,0.0599314176926975,30,0.05999213256364274,WLS,139,6.0714870945242916e-05
5,UPFC_tse,5-15,-2.147468810680048,30,-2.1468715306785127,WLS,139,0.0005972800015352497
0,x_tcsc,1-14,-0.13395882769762738,31,-0.1338891558641217,WLS,139,6.967183350567452e-05
1,B_svc,2,0.27249351256555276,31,0.27292537502293496,WLS,139,0.00043186245738219275
2,UPFC_Vsh,5-15,1.104351152688407,31,1.106739436282142,WLS,139,0.0023882835937352187
3,UPFC_tsh,5-15,-0.2305004590639073,31,-0.23040778158594252,WLS,139,9.267747796476433e-05
4,UPFC_Vse,5-15,0.06025907994330419,31,0.05999213256364274,WLS,139,0.0002669473796614516
5,UPFC_tse,5-15,-2.147338670839323,31,-2.1468715306785127,WLS,139,0.0004671401608105086
0,x_tcsc,1-14,-0.13395978918306786,32,-0.1338891558641217,WLS,139,7.063331894616165e-05
1,B_svc,2,0.27272483780732815,32,0.27292537502293496,WLS,139,0.00020053721560681081
2,UPFC_Vsh,5-15,1.1044192066643992,32,1.106739436282142,WLS,139,0.0023202296177429194
3,UPFC_tsh,5-15,-0.23050408286899748,32,-0.23040778158594252,WLS,139,9.630128305496144e-05
4,UPFC_Vse,5-15,0.060080083879661,32,0.05999213256364274,WLS,139,8.795131601826295e-05
5,UPFC_tse,5-15,-2.1469333546803018,32,-2.1468715306785127,WLS,139,6.182400178911251e-05
0,x_tcsc,1-14,-0.13395884857243778,33,-0.1338891558641217,WLS,139,6.969270831608254e-05
1,B_svc,2,0.2725789718481491,33,0.27292537502293496,WLS,139,0.0003464031747858476
2,UPFC_Vsh,5-15,1.1042475599607655,33,1.106739436282142,WLS,139,0.002491876321376596
3,UPFC_tsh,5-15,-0.23044068356928502,33,-0.23040778158594252,WLS,139,3.290198334249261e-05
4,UPFC_Vse,5-15,0.059709921097391004,33,0.05999213256364274,WLS,139,0.0002822114662517361
5,UPFC_tse,5-15,-2.149430804591048,33,-2.1468715306785127,WLS,139,0.00255927391253552
0,x_tcsc,1-14,-0.1339557182346343,34,-0.1338891558641217,WLS,139,6.656237051261282e-05
1,B_svc,2,0.27318498589017237,34,0.27292537502293496,WLS,139,0.0002596108672374142
2,UPFC_Vsh,5-15,1.1043492054382194,34,1.106739436282142,WLS,139,0.002390230843922758
3,UPFC_tsh,5-15,-0.23056409634176972,34,-0.23040778158594252,WLS,139,0.00015631475582719712
4,UPFC_Vse,5-15,0.05999587481150533,34,0.05999213256364274,WLS,139,3.742247862592585e-06
5,UPFC_tse,5-15,-2.1502337451695475,34,-2.1468715306785127,WLS,139,0.0033622144910347984
0,x_tcsc,1-14,-0.13396998495669815,35,-0.1338891558641217,WLS,139,8.082909257645099e-05
1,B_svc,2,0.2727161916841317,35,0.27292537502293496,WLS,139,0.0002091833388032649
2,UPFC_Vsh,5-15,1.1043350122108984,35,1.106739436282142,WLS,139,0.0024044240712437492
3,UPFC_tsh,5-15,-0.23053165098696074,35,-0.23040778158594252,WLS,139,0.0001238694010182173
4,UPFC_Vse,5-15,0.05977448530508014,35,0.05999213256364274,WLS,139,0.00021764725856260325
5,UPFC_tse,5-15,-2.14953199512673,35,-2.1468715306785127,WLS,139,0.0026604644482173256
0,x_tcsc,1-14,-0.13398548053696593,36,-0.1338891558641217,WLS,139,9.632467284423352e-05
1,B_svc,2,0.2727466243442566,36,0.27292537502293496,WLS,139,0.00017875067867834105
2,UPFC_Vsh,5-15,1.1043341681774501,36,1.106739436282142,WLS,139,0.0024052681046919933
3,UPFC_tsh,5-15,-0.23053541061007,36,-0.23040778158594252,WLS,139,0.00012762902412746802
4,UPFC_Vse,5-15,0.059543839288210304,36,0.05999213256364274,WLS,139,0.0004482932754324362
5,UPFC_tse,5-15,-2.148113351155851,36,-2.1468715306785127,WLS,139,0.0012418204773383401
0,x_tcsc,1-14,-0.13395073215553674,37,-0.1338891558641217,WLS,139,6.157629141503862e-05
1,B_svc,2,0.27229568871265447,37,0.27292537502293496,WLS,139,0.0006296863102804862
2,UPFC_Vsh,5-15,1.1044632836316588,37,1.106739436282142,WLS,139,0.0022761526504833096
3,UPFC_tsh,5-15,-0.23047283306835276,37,-0.23040778158594252,WLS,139,6.505148241023329e-05
4,UPFC_Vse,5-15,0.05990373602752188,37,0.05999213256364274,WLS,139,8.839653612086051e-05
5,UPFC_tse,5-15,-2.150624487545402,37,-2.1468715306785127,WLS,139,0.0037529568668892566
0,x_tcsc,1-14,-0.13396337085651375,38,-0.1338891558641217,WLS,139,7.421499239204654e-05
1,B_svc,2,0.2725612658797301,38,0.27292537502293496,WLS,139,0.0003641091432048382
2,UPFC_Vsh,5-15,1.1046093245347088,38,1.106739436282142,WLS,139,0.002130111747433272
3,UPFC_tsh,5-15,-0.23050103226583876,38,-0.23040778158594252,WLS,139,9.325067989623959e-05
4,UPFC_Vse,5-15,0.06011352054533317,38,0.05999213256364274,WLS,139,0.00012138798169043091
5,UPFC_tse,5-15,-2.1471282254958877,38,-2.1468715306785127,WLS,139,0.00025669481737500277
0,x_tcsc,1-14,-0.1339525985659537,39,-0.1338891558641217,WLS,139,6.344270183200607e-05
1,B_svc,2,0.27231065369837154,39,0.27292537502293496,WLS,139,0.0006147213245634164
2,UPFC_Vsh,5-15,1.1045708826915128,39,1.106739436282142,WLS,139,0.002168553590629285
3,UPFC_tsh,5-15,-0.23048394212578296,39,-0.23040778158594252,WLS,139,7.616053984044191e-05
4,UPFC_Vse,5-15,0.05992328324965734,39,0.05999213256364274,WLS,139,6.884931398540295e-05
5,UPFC_tse,5-15,-2.1492372783680267,39,-2.1468715306785127,WLS,139,0.0023657476895140306
0,x_tcsc,1-14,-0.13395292825029792,40,-0.1338891558641217,WLS,139,6.377238617621961e-05
1,B_svc,2,0.27259385598015085,40,0.27292537502293496,WLS,139,0.00033151904278411193
2,UPFC_Vsh,5-15,1.1040737999837802,40,1.106739436282142,WLS,139,0.0026656362983619175
3,UPFC_tsh,5-15,-0.2305369963573877,40,-0.23040778158594252,WLS,139,0.00012921477144517413
4,UPFC_Vse,5-15,0.06012334527650216,40,0.05999213256364274,WLS,139,0.00013121271285942288
5,UPFC_tse,5-15,-2.146650430515725,40,-2.1468715306785127,WLS,139,0.00022110016278764633
0,x_tcsc,1-14,-0.13396141765844868,41,-0.1338891558641217,WLS,139,7.226179432698321e-05
1,B_svc,2,0.2727940451246373,41,0.27292537502293496,WLS,139,0.00013132989829767183
2,UPFC_Vsh,5-15,1.1043880449766856,41,1.106739436282142,WLS,139,0.002351391305456474
3,UPFC_tsh,5-15,-0.2305417901758831,41,-0.23040778158594252,WLS,139,0.0001340085899405874
4,UPFC_Vse,5-15,0.05992679028814298,41,0.05999213256364274,WLS,139,6.534227549975791e-05
5,UPFC_tse,5-15,-2.149074126436626,41,-2.1468715306785127,WLS,139,0.002202595758113546
0,x_tcsc,1-14,-0.13396383794010283,42,-0.1338891558641217,WLS,139,7.468207598113064e-05
1,B_svc,2,0.2726752734972475,42,0.27292537502293496,WLS,139,0.0002501015256874406
2,UPFC_Vsh,5-15,1.1044637841089013,42,1.106739436282142,WLS,139,0.002275652173240772
3,UPFC_tsh,5-15,-0.2305104967797784,42,-0.23040778158594252,WLS,139,0.00010271519383586725
4,UPFC_Vse,5-15,0.06005801848472351,42,0.05999213256364274,WLS,139,6.588592108076885e-05
5,UPFC_tse,5-15,-2.1476606610469573,42,-2.1468715306785127,WLS,139,0.0007891303684446349
0,x_tcsc,1-14,-0.1339611102316461,43,-0.1338891558641217,WLS,139,7.195436752441275e-05
1,B_svc,2,0.2728820615387721,43,0.27292537502293496,WLS,139,4.3313484162865734e-05
2,UPFC_Vsh,5-15,1.1045834419904945,43,1.106739436282142,WLS,139,0.0021559942916475894
3,UPFC_tsh,5-15,-0.23048533625487985,43,-0.23040778158594252,WLS,139,7.755466893732965e-05
4,UPFC_Vse,5-15,0.059573725259461335,43,0.05999213256364274,WLS,139,0.00041840730418140487
5,UPFC_tse,5-15,-2.1482172612030124,43,-2.1468715306785127,WLS,139,0.0013457305244997109
0,x_tcsc,1-14,-0.13396223723838685,44,-0.1338891558641217,WLS,139,7.308137426514927e-05
1,B_svc,2,0.2725333087693185,44,0.27292537502293496,WLS,139,0.0003920662536164299
2,UPFC_Vsh,5-15,1.1042019972310044,44,1.106739436282142,WLS,139,0.00253743905113768
3,UPFC_tsh,5-15,-0.2305155716641464,44,-0.23040778158594252,WLS,139,0.00010779007820388431
4,UPFC_Vse,5-15,0.060058129376002266,44,0.05999213256364274,WLS,139,6.599681235952559e-05
5,UPFC_tse,5-15,-2.145802521524955,44,-2.1468715306785127,WLS,139,0.0010690091535576762
0,x_tcsc,1-14,-0.1339773753854263,45,-0.1338891558641217,WLS,139,8.821952130461108e-05
1,B_svc,2,0.27261148183369094,45,0.27292537502293496,WLS,139,0.0003138931892440189
2,UPFC_Vsh,5-15,1.1043652666396886,45,1.106739436282142,WLS,139,0.0023741696424535164
3,UPFC_tsh,5-15,-0.23049407971393734,45,-0.23040778158594252,WLS,139,8.629812799482162e-05
4,UPFC_Vse,5-15,0.05983791391740722,45,0.05999213256364274,WLS,139,0.00015421864623552106
5,UPFC_tse,5-15,-2.15097981771354,45,-2.1468715306785127,WLS,139,0.004108287035027303
0,x_tcsc,1-14,-0.13396689254236574,46,-0.1338891558641217,WLS,139,7.773667824403918e-05
1,B_svc,2,0.27255589653271173,46,0.27292537502293496,WLS,139,0.00036947849022322954
2,UPFC_Vsh,5-15,1.1046047005163044,46,1.106739436282142,WLS,139,0.0021347357658376698
3,UPFC_tsh,5-15,-0.2305427552899233,46,-0.23040778158594252,WLS,139,0.00013497370398077302
4,UPFC_Vse,5-15,0.060275573716920515,46,0.05999213256364274,WLS,139,0.00028344115327777475
5,UPFC_tse,5-15,-2.1440584330736794,46,-2.1468715306785127,WLS,139,0.002813097604833281
0,x_tcsc,1-14,-0.1339564389793776,47,-0.1338891558641217,WLS,139,6.728311525588948e-05
1,B_svc,2,0.272781445839878,47,0.27292537502293496,WLS,139,0.00014392918305694558
2,UPFC_Vsh,5-15,1.1043592913104534,47,1.106739436282142,WLS,139,0.0023801449716887024
3,UPFC_tsh,5-15,-0.2305431043194217,47,-0.23040778158594252,WLS,139,0.00013532273347918733
4,UPFC_Vse,5-15,0.059487088126991466,47,0.05999213256364274,WLS,139,0.0005050444366512738
5,UPFC_tse,5-15,-2.1499421724839314,47,-2.1468715306785127,WLS,139,0.003070641805418717
0,x_tcsc,1-14,-0.13395654078019392,48,-0.1338891558641217,WLS,139,6.738491607222175e-05
1,B_svc,2,0.2728750947690389,48,0.27292537502293496,WLS,139,5.028025389608448e-05
2,UPFC_Vsh,5-15,1.1044408283566225,48,1.106739436282142,WLS,139,0.0022986079255196135
3,UPFC_tsh,5-15,-0.2304872846672165,48,-0.23040778158594252,WLS,139,7.950308127396832e-05
4,UPFC_Vse,5-15,0.06023957074990556,48,0.05999213256364274,WLS,139,0.00024743818626282027
5,UPFC_tse,5-15,-2.148488891111246,48,-2.1468715306785127,WLS,139,0.0016173604327334168
0,x_tcsc,1-14,-0.13396935149507025,49,-0.1338891558641217,WLS,139,8.019563094854854e-05
1,B_svc,2,0.27242691646140116,49,0.27292537502293496,WLS,139,0.0004984585615337989
2,UPFC_Vsh,5-15,1.1042290328364952,49,1.106739436282142,WLS,139,0.0025104034456469027
3,UPFC_tsh,5-15,-0.23054687874097485,49,-0.23040778158594252,WLS,139,0.000139097155032325
4,UPFC_Vse,5-15,0.06012540787471656,49,0.05999213256364274,WLS,139,0.00013327531107382162
5,UPFC_tse,5-15,-2.146435639771447,49,-2.1468715306785127,WLS,139,0.0004358909070658612
0,x_tcsc,1-14,-0.133964106722906,50,-0.1338891558641217,WLS,139,7.495085878431174e-05
1,B_svc,2,0.2728072881468242,50,0.27292537502293496,WLS,139,0.00011808687611075674
2,UPFC_Vsh,5-15,1.1044713195550542,50,1.106739436282142,WLS,139,0.002268116727087932
3,UPFC_tsh,5-15,-0.23054558645196366,50,-0.23040778158594252,WLS,139,0.00013780486602113506
4,UPFC_Vse,5-15,0.06016237585188466,50,0.05999213256364274,WLS,139,0.00017024328824191692
5,UPFC_tse,5-15,-2.1485836139723395,50,-2.1468715306785127,WLS,139,0.0017120832938268826
0,x_tcsc,1-14,-0.13396687645114408,51,-0.1338891558641217,WLS,139,7.77205870223785e-05
1,B_svc,2,0.2727491276612746,51,0.27292537502293496,WLS,139,0.00017624736166033106
2,UPFC_Vsh,5-15,1.104018584844409,51,1.106739436282142,WLS,139,0.0027208514377330406
3,UPFC_tsh,5-15,-0.23047398618596113,51,-0.23040778158594252,WLS,139,6.620460001860451e-05
4,UPFC_Vse,5-15,0.060179210488589555,51,0.05999213256364274,WLS,139,0.00018707792494681436
5,UPFC_tse,5-15,-2.145992234121315,51,-2.1468715306785127,WLS,139,0.0008792965571977618
0,x_tcsc,1-14,-0.13395852334097608,52,-0.1338891558641217,WLS,139,6.936747685437616e-05
1,B_svc,2,0.2732730504212342,52,0.27292537502293496,WLS,139,0.0003476753982992187
2,UPFC_Vsh,5-15,1.1043893877043447,52,1.106739436282142,WLS,139,0.0023500485777974145
3,UPFC_tsh,5-15,-0.2305160713728255,52,-0.23040778158594252,WLS,139,0.00010828978688298685
4,UPFC_Vse,5-15,0.05994947009509734,52,0.05999213256364274,WLS,139,4.266246854540273e-05
5,UPFC_tse,5-15,-2.151145353368576,52,-2.1468715306785127,WLS,139,0.004273822690063156
0,x_tcsc,1-14,-0.13395057789031567,53,-0.1338891558641217,WLS,139,6.142202619396908e-05
1,B_svc,2,0.27274823355008543,53,0.27292537502293496,WLS,139,0.00017714147284952908
2,UPFC_Vsh,5-15,1.1042997837541377,53,1.106739436282142,WLS,139,0.002439652528004377
3,UPFC_tsh,5-15,-0.23052976466656047,53,-0.23040778158594252,WLS,139,0.00012198308061794894
4,UPFC_Vse,5-15,0.060040256174268065,53,0.05999213256364274,WLS,139,4.812361062532522e-05
5,UPFC_tse,5-15,-2.150077885523981,53,-2.1468715306785127,WLS,139,0.0032063548454681623
0,x_tcsc,1-14,-0.13396533493517238,54,-0.1338891558641217,WLS,139,7.61790710506749e-05
1,B_svc,2,0.27294458106678976,54,0.27292537502293496,WLS,139,1.9206043854802513e-05
2,UPFC_Vsh,5-15,1.104546030400842,54,1.106739436282142,WLS,139,0.0021934058813000146
3,UPFC_tsh,5-15,-0.2305583059572796,54,-0.23040778158594252,WLS,139,0.00015052437133708518
4,UPFC_Vse,5-15,0.06020049699614708,54,0.05999213256364274,WLS,139,0.00020836443250434045
5,UPFC_tse,5-15,-2.1471818481389877,54,-2.1468715306785127,WLS,139,0.0003103174604750514
0,x_tcsc,1-14,-0.13395686398814632,55,-0.1338891558641217,WLS,139,6.770812402462356e-05
1,B_svc,2,0.2727494457034313,55,0.27292537502293496,WLS,139,0.00017592931950366486
2,UPFC_Vsh,5-15,1.1044052693717408,55,1.106739436282142,WLS,139,0.0023341669104013363
3,UPFC_tsh,5-15,-0.2304969691140837,55,-0.23040778158594252,WLS,139,8.918752814118802e-05
4,UPFC_Vse,5-15,0.06002470553236628,55,0.05999213256364274,WLS,139,3.257296872354043e-05
5,UPFC_tse,5-15,-2.148656533566167,55,-2.1468715306785127,WLS,139,0.0017850028876544854
0,x_tcsc,1-14,-0.13395789402595032,56,-0.1338891558641217,WLS,139,6.87381618286187e-05
1,B_svc,2,0.27264329979316865,56,0.27292537502293496,WLS,139,0.00028207522976630983
2,UPFC_Vsh,5-15,1.1044572698472366,56,1.106739436282142,WLS,139,0.0022821664349055304
3,UPFC_tsh,5-15,-0.23047993510185416,56,-0.23040778158594252,WLS,139,7.215351591163821e-05
4,UPFC_Vse,5-15,0.05979181820300205,56,0.05999213256364274,WLS,139,0.00020031436064069097
5,UPFC_tse,5-15,-2.146701546456964,56,-2.1468715306785127,WLS,139,0.00016998422154879123
0,x_tcsc,1-14,-0.13393984667917802,57,-0.1338891558641217,WLS,139,5.0690815056320115e-05
1,B_svc,2,0.27278427486125567,57,0.27292537502293496,WLS,139,0.00014110016167928618
2,UPFC_Vsh,5-15,1.1043519140427642,57,1.106739436282142,WLS,139,0.0023875222393778817
3,UPFC_tsh,5-15,-0.23045646670582734,57,-0.23040778158594252,WLS,139,4.868511988481705e-05
4,UPFC_Vse,5-15,0.060013362304925315,57,0.05999213256364274,WLS,139,2.12297412825746e-05
5,UPFC_tse,5-15,-2.146170587773644,57,-2.1468715306785127,WLS,139,0.0007009429048685512
0,x_tcsc,1-14,-0.13395333794512546,58,-0.1338891558641217,WLS,139,6.418208100375522e-05
1,B_svc,2,0.2725408214025855,58,0.27292537502293496,WLS,139,0.0003845536203494482
2,UPFC_Vsh,5-15,1.1042250494038046,58,1.106739436282142,WLS,139,0.0025143868783374934
3,UPFC_tsh,5-15,-0.23055591464284364,58,-0.23040778158594252,WLS,139,0.00014813305690111744
4,UPFC_Vse,5-15,0.05960581018623027,58,0.05999213256364274,WLS,139,0.0003863223774124708
5,UPFC_tse,5-15,-2.1494044578401437,58,-2.1468715306785127,WLS,139,0.0025329271616310045
0,x_tcsc,1-14,-0.1339710778381249,59,-0.1338891558641217,WLS,139,8.192197400319623e-05
1,B_svc,2,0.2729044361389725,59,0.27292537502293496,WLS,139,2.0938883962484667e-05
2,UPFC_Vsh,5-15,1.1043527396332375,59,1.106739436282142,WLS,139,0.0023866966489045627
3,UPFC_tsh,5-15,-0.23052212974449873,59,-0.23040778158594252,WLS,139,0.00011434815855621006
4,UPFC_Vse,5-15,0.06004471029234554,59,0.05999213256364274,WLS,139,5.257772870279759e-05
5,UPFC_tse,5-15,-2.1516485872233297,59,-2.1468715306785127,WLS,139,0.004777056544817082
0,x_tcsc,1-14,-0.13393725452897526,60,-0.1338891558641217,WLS,139,4.8098664853557516e-05
1,B_svc,2,0.27255485096663806,60,0.27292537502293496,WLS,139,0.0003705240562968948
2,UPFC_Vsh,5-15,1.1044962516311818,60,1.106739436282142,WLS,139,0.002243184650960295
3,UPFC_tsh,5-15,-0.23052399397659484,60,-0.23040778158594252,WLS,139,0.00011621239065232047
4,UPFC_Vse,5-15,0.0599139275898709,60,0.05999213256364274,WLS,139,7.820497377183933e-05
5,UPFC_tse,5-15,-2.1482237128000503,60,-2.1468715306785127,WLS,139,0.0013521821215376484
0,x_tcsc,1-14,-0.1339620660318786,61,-0.1338891558641217,WLS,139,7.291016775690107e-05
1,B_svc,2,0.2729765912811473,61,0.27292537502293496,WLS,139,5.121625821236098e-05
2,UPFC_Vsh,5-15,1.1044872620799173,61,1.106739436282142,WLS,139,0.002252174202224788
3,UPFC_tsh,5-15,-0.2305154787004214,61,-0.23040778158594252,WLS,139,0.00010769711447888852
4,UPFC_Vse,5-15,0.05976306528680983,61,0.05999213256364274,WLS,139,0.00022906727683291023
5,UPFC_tse,5-15,-2.149650129654853,61,-2.1468715306785127,WLS,139,0.002778598976340252
0,x_tcsc,1-14,-0.13396052256525098,62,-0.1338891558641217,WLS,139,7.13667011292829e-05
1,B_svc,2,0.27292729414343025,62,0.27292537502293496,WLS,139,1.9191204952972996e-06
2,UPFC_Vsh,5-15,1.1044772477134763,62,1.106739436282142,WLS,139,0.0022621885686657794
3,UPFC_tsh,5-15,-0.23052281004508984,62,-0.23040778158594252,WLS,139,0.00011502845914732052
4,UPFC_Vse,5-15,0.05988321538649702,62,0.05999213256364274,WLS,139,0.00010891717714572174
5,UPFC_tse,5-15,-2.148009664007126,62,-2.1468715306785127,WLS,139,0.0011381333286131223
0,x_tcsc,1-14,-0.1339525128974219,63,-0.1338891558641217,WLS,139,6.335703330020981e-05
1,B_svc,2,0.2726517181813408,63,0.27292537502293496,WLS,139,0.0002736568415941387
2,UPFC_Vsh,5-15,1.1044692213781724,63,1.106739436282142,WLS,139,0.002270214903969725
3,UPFC_tsh,5-15,-0.23050201696102451,63,-0.23040778158594252,WLS,139,9.423537508199131e-05
4,UPFC_Vse,5-15,0.06012116021020789,63,0.05999213256364274,WLS,139,0.00012902764656515242
5,UPFC_tse,5-15,-2.1452454705737494,63,-2.1468715306785127,WLS,139,0.0016260601047632939
0,x_tcsc,1-14,-0.13396500890820995,64,-0.1338891558641217,WLS,139,7.585304408824767e-05
1,B_svc,2,0.2729373448674523,64,0.27292537502293496,WLS,139,1.1969844517345507e-05
2,UPFC_Vsh,5-15,1.1042678254753067,64,1.106739436282142,WLS,139,0.0024716108068354448
3,UPFC_tsh,5-15,-0.23041736310766925,64,-0.23040778158594252,WLS,139,9.581521726725883e-06
4,UPFC_Vse,5-15,0.059961841250272076,64,0.05999213256364274,WLS,139,3.0291313370664485e-05
5,UPFC_tse,5-15,-2.1459143536697676,64,-2.1468715306785127,WLS,139,0.0009571770087450915
0,x_tcsc,1-14,-0.13394861196711558,65,-0.1338891558641217,WLS,139,5.9456102993876714e-05
1,B_svc,2,0.2727905027597755,65,0.27292537502293496,WLS,139,0.00013487226315944678
2,UPFC_Vsh,5-15,1.1046538276344369,65,1.106739436282142,WLS,139,0.0020856086477052393
3,UPFC_tsh,5-15,-0.23055104110313213,65,-0.23040778158594252,WLS,139,0.0001432595171896034
4,UPFC_Vse,5-15,0.05996855031882553,65,0.05999213256364274,WLS,139,2.358224481720933e-05
5,UPFC_tse,5-15,-2.148591551426168,65,-2.1468715306785127,WLS,139,0.0017200207476553153
0,x_tcsc,1-14,-0.1339456233620763,66,-0.1338891558641217,WLS,139,5.646749795459871e-05
1,B_svc,2,0.27314059426080955,66,0.27292537502293496,WLS,139,0.00021521923787459762
2,UPFC_Vsh,5-15,1.104387285633336,66,1.106739436282142,WLS,139,0.002352150648806006
3,UPFC_tsh,5-15,-0.23048061324255242,66,-0.23040778158594252,WLS,139,7.283165660990076e-05
4,UPFC_Vse,5-15,0.059433886958252385,66,0.05999213256364274,WLS,139,0.0005582456053903548
5,UPFC_tse,5-15,-2.144817216241504,66,-2.1468715306785127,WLS,139,0.002054314437008653
0,x_tcsc,1-14,-0.1339676216522069,67,-0.1338891558641217,WLS,139,7.846578808520799e-05
1,B_svc,2,0.27344117075492985,67,0.27292537502293496,WLS,139,0.0005157957319948947
2,UPFC_Vsh,5-15,1.1042035576387628,67,1.106739436282142,WLS,139,0.002535878643379341
3,UPFC_tsh,5-15,-0.23045920608804532,67,-0.23040778158594252,WLS,139,5.142450210279814e-05
4,UPFC_Vse,5-15,0.059785120827516414,67,0.05999213256364274,WLS,139,0.00020701173612632656
5,UPFC_tse,5-15,-2.1463180394139916,67,-2.1468715306785127,WLS,139,0.0005534912645210888
0,x_tcsc,1-14,-0.13396512458618579,68,-0.1338891558641217,WLS,139,7.596872206408478e-05
1,B_svc,2,0.2726903051000676,68,0.27292537502293496,WLS,139,0.00023506992286737027
2,UPFC_Vsh,5-15,1.1045827940643174,68,1.106739436282142,WLS,139,0.0021566422178247446
3,UPFC_tsh,5-15,-0.2304832328997582,68,-0.23040778158594252,WLS,139,7.545131381567205e-05
4,UPFC_Vse,5-15,0.06012509199708749,68,0.05999213256364274,WLS,139,0.0001329594334447473
5,UPFC_tse,5-15,-2.1510821570450473,68,-2.1468715306785127,WLS,139,0.004210626366534687
0,x_tcsc,1-14,-0.13395251696142857,69,-0.1338891558641217,WLS,139,6.336109730686879e-05
1,B_svc,2,0.27218741935247626,69,0.27292537502293496,WLS,139,0.0007379556704587009
2,UPFC_Vsh,5-15,1.104441253446348,69,1.106739436282142,WLS,139,0.0022981828357941936
3,UPFC_tsh,5-15,-0.23052372231912752,69,-0.23040778158594252,WLS,139,0.00011594073318499376
4,UPFC_Vse,5-15,0.06029962148574391,69,0.05999213256364274,WLS,139,0.00030748892210116785
5,UPFC_tse,5-15,-2.1483708357554216,69,-2.1468715306785127,WLS,139,0.0014993050769089855
0,x_tcsc,1-14,-0.13394539871750757,70,-0.1338891558641217,WLS,139,5.624285338587387e-05
1,B_svc,2,0.2722267553345431,70,0.27292537502293496,WLS,139,0.000698619688391855
2,UPFC_Vsh,5-15,1.104570728028525,70,1.106739436282142,WLS,139,0.0021687082536170355
3,UPFC_tsh,5-15,-0.23052468184365385,70,-0.23040778158594252,WLS,139,0.00011690025771132762
4,UPFC_Vse,5-15,0.05946601174379965,70,0.05999213256364274,WLS,139,0.0005261208198430872
5,UPFC_tse,5-15,-2.147866776129823,70,-2.1468715306785127,WLS,139,0.000995245451310467
0,x_tcsc,1-14,-0.13395566604362866,71,-0.1338891558641217,WLS,139,6.65101795069567e-05
1,B_svc,2,0.27257907026160627,71,0.27292537502293496,WLS,139,0.00034630476132868626
2,UPFC_Vsh,5-15,1.1040852542965565,71,1.106739436282142,WLS,139,0.0026541819855856463
3,UPFC_tsh,5-15,-0.2305332076052348,71,-0.23040778158594252,WLS,139,0.00012542601929227404
4,UPFC_Vse,5-15,0.05994141446824814,71,0.05999213256364274,WLS,139,5.071809539460015e-05
5,UPFC_tse,5-15,-2.1488371085142135,71,-2.1468715306785127,WLS,139,0.001965577835700838
0,x_tcsc,1-14,-0.13396637943059195,72,-0.1338891558641217,WLS,139,7.722356647024697e-05
1,B_svc,2,0.2730132475310625,72,0.27292537502293496,WLS,139,8.787250812752889e-05
2,UPFC_Vsh,5-15,1.1042744930729214,72,1.106739436282142,WLS,139,0.002464943209220749
3,UPFC_tsh,5-15,-0.23049868500797704,72,-0.23040778158594252,WLS,139,9.090342203452173e-05
4,UPFC_Vse,5-15,0.060061482534065076,72,0.05999213256364274,WLS,139,6.934997042233604e-05
5,UPFC_tse,5-15,-2.1485767692826685,72,-2.1468715306785127,WLS,139,0.0017052386041558343
0,x_tcsc,1-14,-0.13396103567411852,73,-0.1338891558641217,WLS,139,7.187980999681653e-05
1,B_svc,2,0.27258870488151776,73,0.27292537502293496,WLS,139,0.00033667014141719465
2,UPFC_Vsh,5-15,1.1044776724414418,73,1.106739436282142,WLS,139,0.002261763840700315
3,UPFC_tsh,5-15,-0.23046509550266223,73,-0.23040778158594252,WLS,139,5.731391671970343e-05
4,UPFC_Vse,5-15,0.05973786842153357,73,0.05999213256364274,WLS,139,0.00025426414210916876
5,UPFC_tse,5-15,-2.1490171600892207,73,-2.1468715306785127,WLS,139,0.002145629410708061
0,x_tcsc,1-14,-0.13396341987603697,74,-0.1338891558641217,WLS,139,7.426401191526488e-05
1,B_svc,2,0.2730496751273654,74,0.27292537502293496,WLS,139,0.00012430010443043038
2,UPFC_Vsh,5-15,1.1045038961825675,74,1.106739436282142,WLS,139,0.0022355400995746066
3,UPFC_tsh,5-15,-0.23049508106099048,74,-0.23040778158594252,WLS,139,8.729947504795832e-05
4,UPFC_Vse,5-15,0.06028321738536859,74,0.05999213256364274,WLS,139,0.00029108482172585104
5,UPFC_tse,5-15,-2.147357359969223,74,-2.1468715306785127,WLS,139,0.00048582929071017134
0,x_tcsc,1-14,-0.13396049633103774,75,-0.1338891558641217,WLS,139,7.134046691603668e-05
1,B_svc,2,0.27253399639512604,75,0.27292537502293496,WLS,139,0.00039137862780891375
2,UPFC_Vsh,5-15,1.1043384563099334,75,1.106739436282142,WLS,139,0.002400979972208672
3,UPFC_tsh,5-15,-0.2305024063810921,75,-0.23040778158594252,WLS,139,9.462479514957267e-05
4,UPFC_Vse,5-15,0.060251055350497656,75,0.05999213256364274,WLS,139,0.00025892278685491626
5,UPFC_tse,5-15,-2.1431063174174314,75,-2.1468715306785127,WLS,139,0.003765213261081257
0,x_tcsc,1-14,-0.1339563885431227,76,-0.1338891558641217,WLS,139,6.723267900099472e-05
1,B_svc,2,0.2729439857905903,76,0.27292537502293496,WLS,139,1.8610767655358185e-05
2,UPFC_Vsh,5-15,1.1044376863057008,76,1.106739436282142,WLS,139,0.0023017499764412808
3,UPFC_tsh,5-15,-0.23048733124166512,76,-0.23040778158594252,WLS,139,7.954965572259942e-05
4,UPFC_Vse,5-15,0.060342946578542486,76,0.05999213256364274,WLS,139,0.000350814014899746
5,UPFC_tse,5-15,-2.146723576278053,76,-2.1468715306785127,WLS,139,0.00014795440045967112
0,x_tcsc,1-14,-0.13393284173522882,77,-0.1338891558641217,WLS,139,4.3685871107118635e-05
1,B_svc,2,0.272520854255521,77,0.27292537502293496,WLS,139,0.000404520767413985
2,UPFC_Vsh,5-15,1.1039802056668435,77,1.106739436282142,WLS,139,0.0027592306152985913
3,UPFC_tsh,5-15,-0.23059216124034196,77,-0.23040778158594252,WLS,139,0.00018437965439943582
4,UPFC_Vse,5-15,0.05977723296854595,77,0.05999213256364274,WLS,139,0.00021489959509678885
5,UPFC_tse,5-15,-2.14804248017796,77,-2.1468715306785127,WLS,139,0.0011709494994471825
0,x_tcsc,1-14,-0.13395866924059932,78,-0.1338891558641217,WLS,139,6.951337647762013e-05
1,B_svc,2,0.272333215025245,78,0.27292537502293496,WLS,139,0.0005921599976899672
2,UPFC_Vsh,5-15,1.104282460717561,78,1.106739436282142,WLS,139,0.002456975564581132
3,UPFC_tsh,5-15,-0.2305037601212207,78,-0.23040778158594252,WLS,139,9.597853527817946e-05
4,UPFC_Vse,5-15,0.05974733707392171,78,0.05999213256364274,WLS,139,0.0002447954897210336
5,UPFC_tse,5-15,-2.1461914416496435,78,-2.1468715306785127,WLS,139,0.0006800890288691797
0,x_tcsc,1-14,-0.13395499843598344,79,-0.1338891558641217,WLS,139,6.584257186173503e-05
1,B_svc,2,0.27239408866095777,79,0.27292537502293496,WLS,139,0.0005312863619771901
2,UPFC_Vsh,5-15,1.1047709536778274,79,1.106739436282142,WLS,139,0.001968482604314703
3,UPFC_tsh,5-15,-0.23047408064172747,79,-0.23040778158594252,WLS,139,6.629905578495188e-05
4,UPFC_Vse,5-15,0.059770302629218584,79,0.05999213256364274,WLS,139,0.00022182993442415588
5,UPFC_tse,5-15,-2.1468018763940724,79,-2.1468715306785127,WLS,139,6.965428444027921e-05
0,x_tcsc,1-14,-0.13395160444448978,80,-0.1338891558641217,WLS,139,6.244858036807965e-05
1,B_svc,2,0.27256816328447664,80,0.27292537502293496,WLS,139,0.00035721173845831844
2,UPFC_Vsh,5-15,1.104489176592454,80,1.106739436282142,WLS,139,0.002250259689688061
3,UPFC_tsh,5-15,-0.23048697216773167,80,-0.23040778158594252,WLS,139,7.919058178915139e-05
4,UPFC_Vse,5-15,0.05973680651162352,80,0.05999213256364274,WLS,139,0.0002553260520192224
5,UPFC_tse,5-15,-2.151103649088799,80,-2.1468715306785127,WLS,139,0.004232118410286478
0,x_tcsc,1-14,-0.1339624496065593,81,-0.1338891558641217,WLS,139,7.329374243758568e-05
1,B_svc,2,0.27269058841552957,81,0.27292537502293496,WLS,139,0.0002347866074053906
2,UPFC_Vsh,5-15,1.1042239543877268,81,1.106739436282142,WLS,139,0.0025154818944153057
3,UPFC_tsh,5-15,-0.23052263132240314,81,-0.23040778158594252,WLS,139,0.00011484973646061492
4,UPFC_Vse,5-15,0.06036425654915465,81,0.05999213256364274,WLS,139,0.00037212398551191017
5,UPFC_tse,5-15,-2.143952277910845,81,-2.1468715306785127,WLS,139,0.0029192527676675795
0,x_tcsc,1-14,-0.13396332010688639,82,-0.1338891558641217,WLS,139,7.416424276468492e-05
1,B_svc,2,0.2728414711370088,82,0.27292537502293496,WLS,139,8.390388592616205e-05
2,UPFC_Vsh,5-15,1.1041979313949188,82,1.106739436282142,WLS,139,0.002541504887223267
3,UPFC_tsh,5-15,-0.230547853799115,82,-0.23040778158594252,WLS,139,0.00014007221317247076
4,UPFC_Vse,5-15,0.05997575309221488,82,0.05999213256364274,WLS,139,1.637947142785895e-05
5,UPFC_tse,5-15,-2.147214352954594,82,-2.1468715306785127,WLS,139,0.00034282227608128935
0,x_tcsc,1-14,-0.13393611170615857,83,-0.1338891558641217,WLS,139,4.6955842036872086e-05
1,B_svc,2,0.2724569708866795,83,0.27292537502293496,WLS,139,0.0004684041362554847
2,UPFC_Vsh,5-15,1.1045010523067509,83,1.106739436282142,WLS,139,0.0022383839753912227
3,UPFC_tsh,5-15,-0.23055235870167257,83,-0.23040778158594252,WLS,139,0.0001445771157300435
4,UPFC_Vse,5-15,0.06002299108520015,83,0.05999213256364274,WLS,139,3.0858521557410035e-05
5,UPFC_tse,5-15,-2.1467860530829683,83,-2.1468715306785127,WLS,139,8.547759554433654e-05
0,x_tcsc,1-14,-0.13394615541476906,84,-0.1338891558641217,WLS,139,5.699955064736306e-05
1,B_svc,2,0.27270608299335536,84,0.27292537502293496,WLS,139,0.0002192920295795986
2,UPFC_Vsh,5-15,1.1043519848437147,84,1.106739436282142,WLS,139,0.002387451438427446
3,UPFC_tsh,5-15,-0.2305236552081585,84,-0.23040778158594252,WLS,139,0.00011587362221598951
4,UPFC_Vse,5-15,0.060024641786369744,84,0.05999213256364274,WLS,139,3.250922272700352e-05
5,UPFC_tse,5-15,-2.14413323510499,84,-2.1468715306785127,WLS,139,0.0027382955735224535
0,x_tcsc,1-14,-0.13396694027414907,85,-0.1338891558641217,WLS,139,7.778441002737058e-05
1,B_svc,2,0.272355027579322,85,0.27292537502293496,WLS,139,0.0005703474436129508
2,UPFC_Vsh,5-15,1.1047326596482998,85,1.106739436282142,WLS,139,0.0020067766338423
3,UPFC_tsh,5-15,-0.23050564029963094,85,-0.23040778158594252,WLS,139,9.785871368842014e-05
4,UPFC_Vse,5-15,0.059697593011026416,85,0.05999213256364274,WLS,139,0.00029453955261632414
5,UPFC_tse,5-15,-2.148472375802906,85,-2.1468715306785127,WLS,139,0.0016008451243934019
0,x_tcsc,1-14,-0.13394964648011706,86,-0.1338891558641217,WLS,139,6.049061599536221e-05
1,B_svc,2,0.2727487673774423,86,0.27292537502293496,WLS,139,0.00017660764549265462
2,UPFC_Vsh,5-15,1.1047085450743266,86,1.106739436282142,WLS,139,0.0020308912078155217
3,UPFC_tsh,5-15,-0.2304849844709507,86,-0.23040778158594252,WLS,139,7.720288500817629e-05
4,UPFC_Vse,5-15,0.0604944706152885,86,0.05999213256364274,WLS,139,0.0005023380516457621
5,UPFC_tse,5-15,-2.144921207605413,86,-2.1468715306785127,WLS,139,0.0019503230730997245
0,x_tcsc,1-14,-0.13396546935117723,87,-0.1338891558641217,WLS,139,7.631348705552932e-05
1,B_svc,2,0.2724043033075869,87,0.27292537502293496,WLS,139,0.0005210717153480426
2,UPFC_Vsh,5-15,1.1044459173390901,87,1.106739436282142,WLS,139,0.0022935189430519642
3,UPFC_tsh,5-15,-0.2304785769445651,87,-0.23040778158594252,WLS,139,7.079535862258846e-05
4,UPFC_Vse,5-15,0.059889713207919026,87,0.05999213256364274,WLS,139,0.0001024193557237138
5,UPFC_tse,5-15,-2.1473159961021726,87,-2.1468715306785127,WLS,139,0.00044446542365994546
0,x_tcsc,1-14,-0.13396577373987306,88,-0.1338891558641217,WLS,139,7.661787575136136e-05
1,B_svc,2,0.2724477940067947,88,0.27292537502293496,WLS,139,0.0004775810161402605
2,UPFC_Vsh,5-15,1.1045913801485092,88,1.106739436282142,WLS,139,0.002148056133632892
3,UPFC_tsh,5-15,-0.23042190638761365,88,-0.23040778158594252,WLS,139,1.4124801671122622e-05
4,UPFC_Vse,5-15,0.0595094868240194,88,0.05999213256364274,WLS,139,0.00048264573962333857
5,UPFC_tse,5-15,-2.1456110349372275,88,-2.1468715306785127,WLS,139,0.0012604957412851725
0,x_tcsc,1-14,-0.1339791299633921,89,-0.1338891558641217,WLS,139,8.997409927039013e-05
1,B_svc,2,0.27280984447281337,89,0.27292537502293496,WLS,139,0.00011553055012158975
2,UPFC_Vsh,5-15,1.1044621574249234,89,1.106739436282142,WLS,139,0.002277278857218734
3,UPFC_tsh,5-15,-0.23050777332487532,89,-0.23040778158594252,WLS,139,9.999173893279756e-05
4,UPFC_Vse,5-15,0.059896630722784436,89,0.05999213256364274,WLS,139,9.550184085830443e-05
5,UPFC_tse,5-15,-2.1474672687143634,89,-2.1468715306785127,WLS,139,0.0005957380358507791
0,x_tcsc,1-14,-0.13396028507981425,90,-0.1338891558641217,WLS,139,7.112921569255026e-05
1,B_svc,2,0.2727240734579592,90,0.27292537502293496,WLS,139,0.00020130156497577545
2,UPFC_Vsh,5-15,1.1042831975638918,90,1.106739436282142,WLS,139,0.002456238718250292
3,UPFC_tsh,5-15,-0.23052696468348416,90,-0.23040778158594252,WLS,139,0.00011918309754163636
4,UPFC_Vse,5-15,0.06015485764502998,90,0.05999213256364274,WLS,139,0.00016272508138723968
5,UPFC_tse,5-15,-2.1477567004134217,90,-2.1468715306785127,WLS,139,0.0008851697349090415
0,x_tcsc,1-14,-0.1339680672188944,91,-0.1338891558641217,WLS,139,7.891135477269828e-05
1,B_svc,2,0.2725332611328948,91,0.27292537502293496,WLS,139,0.00039211389004017994
2,UPFC_Vsh,5-15,1.104263907655989,91,1.106739436282142,WLS,139,0.0024755286261530784
3,UPFC_tsh,5-15,-0.23050840132484443,91,-0.23040778158594252,WLS,139,0.00010061973890190812
4,UPFC_Vse,5-15,0.059783219158605266,91,0.05999213256364274,WLS,139,0.00020891340503747385
5,UPFC_tse,5-15,-2.148309513585464,91,-2.1468715306785127,WLS,139,0.0014379829069515182
0,x_tcsc,1-14,-0.13396577486146594,92,-0.1338891558641217,WLS,139,7.66189973442355e-05
1,B_svc,2,0.27212272357153044,92,0.27292537502293496,WLS,139,0.0008026514514045124
2,UPFC_Vsh,5-15,1.1044380638357068,92,1.106739436282142,WLS,139,0.002301372446435357
3,UPFC_tsh,5-15,-0.2305913656029379,92,-0.23040778158594252,WLS,139,0.00018358401699536397
4,UPFC_Vse,5-15,0.05970745581237969,92,0.05999213256364274,WLS,139,0.00028467675126304937
5,UPFC_tse,5-15,-2.1458033474318277,92,-2.1468715306785127,WLS,139,0.001068183246685006
0,x_tcsc,1-14,-0.13396059852678188,93,-0.1338891558641217,WLS,139,7.144266266018162e-05
1,B_svc,2,0.2728830069946881,93,0.27292537502293496,WLS,139,4.236802824686414e-05
2,UPFC_Vsh,5-15,1.1046510869597153,93,1.106739436282142,WLS,139,0.0020883493224268523
3,UPFC_tsh,5-15,-0.23045293276694712,93,-0.23040778158594252,WLS,139,4.515118100459348e-05
4,UPFC_Vse,5-15,0.05979505773446145,93,0.05999213256364274,WLS,139,0.00019707482918129154
5,UPFC_tse,5-15,-2.1497734559198496,93,-2.1468715306785127,WLS,139,0.0029019252413369223
0,x_tcsc,1-14,-0.13398411974832478,94,-0.1338891558641217,WLS,139,9.496388420307533e-05
1,B_svc,2,0.2732477347242084,94,0.27292537502293496,WLS,139,0.0003223597012734225
2,UPFC_Vsh,5-15,1.104514099348902,94,1.106739436282142,WLS,139,0.0022253369332401185
3,UPFC_tsh,5-15,-0.2304735474857492,94,-0.23040778158594252,WLS,139,6.576589980666903e-05
4,UPFC_Vse,5-15,0.05968524706151106,94,0.05999213256364274,WLS,139,0.00030688550213168325
5,UPFC_tse,5-15,-2.1523205878075284,94,-2.1468715306785127,WLS,139,0.0054490571290157774
0,x_tcsc,1-14,-0.13396646602392182,95,-0.1338891558641217,WLS,139,7.731015980011469e-05
1,B_svc,2,0.27312907695459226,95,0.27292537502293496,WLS,139,0.00020370193165730743
2,UPFC_Vsh,5-15,1.104170248862668,95,1.106739436282142,WLS,139,0.002569187419474206
3,UPFC_tsh,5-15,-0.23054103183283758,95,-0.23040778158594252,WLS,139,0.00013325024689506137
4,UPFC_Vse,5-15,0.05990660217388683,95,0.05999213256364274,WLS,139,8.553038975590843e-05
5,UPFC_tse,5-15,-2.148485168729564,95,-2.1468715306785127,WLS,139,0.0016136380510514137
0,x_tcsc,1-14,-0.13397144849946754,96,-0.1338891558641217,WLS,139,8.229263534584308e-05
1,B_svc,2,0.27220807546757986,96,0.27292537502293496,WLS,139,0.0007172995553550998
2,UPFC_Vsh,5-15,1.1046450298753951,96,1.106739436282142,WLS,139,0.0020944064067469625
3,UPFC_tsh,5-15,-0.23049175348415216,96,-0.23040778158594252,WLS,139,8.39718982096338e-05
4,UPFC_Vse,5-15,0.05971268606395246,96,0.05999213256364274,WLS,139,0.0002794464996902779
5,UPFC_tse,5-15,-2.1500499251669787,96,-2.1468715306785127,WLS,139,0.0031783944884660187
0,x_tcsc,1-14,-0.13395740236216255,97,-0.1338891558641217,WLS,139,6.824649804085259e-05
1,B_svc,2,0.2718856417634647,97,0.27292537502293496,WLS,139,0.0010397332594702657
2,UPFC_Vsh,5-15,1.1042955969254973,97,1.106739436282142,WLS,139,0.002443839356644828
3,UPFC_tsh,5-15,-0.23054404774380505,97,-0.23040778158594252,WLS,139,0.0001362661578625246
4,UPFC_Vse,5-15,0.060060229621842806,97,0.05999213256364274,WLS,139,6.80970582000659e-05
5,UPFC_tse,5-15,-2.145849813633888,97,-2.1468715306785127,WLS,139,0.001021717044624726
0,x_tcsc,1-14,-0.1339662738758089,98,-0.1338891558641217,WLS,139,7.71180116871939e-05
1,B_svc,2,0.2724450629892065,98,0.27292537502293496,WLS,139,0.0004803120337284472
2,UPFC_Vsh,5-15,1.1042749373868515,98,1.106739436282142,WLS,139,0.0024644988952906566
3,UPFC_tsh,5-15,-0.23056922456035076,98,-0.23040778158594252,WLS,139,0.0001614429744082324
4,UPFC_Vse,5-15,0.060118665607931276,98,0.05999213256364274,WLS,139,0.00012653304428853623
5,UPFC_tse,5-15,-2.1462732247477287,98,-2.1468715306785127,WLS,139,0.0005983059307839156
0,x_tcsc,1-14,-0.13396032360282628,99,-0.1338891558641217,WLS,139,7.11677387045806e-05
1,B_svc,2,0.27202989199683436,99,0.27292537502293496,WLS,139,0.0008954830261005964
2,UPFC_Vsh,5-15,1.1045763391383914,99,1.106739436282142,WLS,139,0.0021630971437507363
3,UPFC_tsh,5-15,-0.23045160675157944,99,-0.23040778158594252,WLS,139,4.3825165636918184e-05
4,UPFC_Vse,5-15,0.059655379396355596,99,0.05999213256364274,WLS,139,0.0003367531672871446
5,UPFC_tse,5-15,-2.1513599189102224,99,-2.1468715306785127,WLS,139,0.004488388231709717
0,x_tcsc,1-14,-0.13584714855668115,0,-0.13580661068184674,WLS,141,4.053787483440652e-05
1,B_svc,2,0.28084076607041314,0,0.2813444854182666,WLS,141,0.0005037193478534818
2,UPFC_Vsh,5-15,1.1044539955706285,0,1.1056731534264512,WLS,141,0.0012191578558227167
3,UPFC_tsh,5-15,-0.22855622752944807,0,-0.22849412252952392,WLS,141,6.210499992415075e-05
4,UPFC_Vse,5-15,0.060330144125873404,0,0.06081571906829592,WLS,141,0.00048557494242251753
5,UPFC_tse,5-15,-2.146287495551508,0,-2.1498074184872142,WLS,141,0.0035199229357063544
0,x_tcsc,1-14,-0.1358470206124871,1,-0.13580661068184674,WLS,141,4.040993064036158e-05
1,B_svc,2,0.2810357467649213,1,0.2813444854182666,WLS,141,0.0003087386533452974
2,UPFC_Vsh,5-15,1.1042430724273262,1,1.1056731534264512,WLS,141,0.0014300809991250052
3,UPFC_tsh,5-15,-0.2285254614995677,1,-0.22849412252952392,WLS,141,3.133897004378716e-05
4,UPFC_Vse,5-15,0.05955032397661142,1,0.06081571906829592,WLS,141,0.0012653950916845028
5,UPFC_tse,5-15,-2.1465848319304732,1,-2.1498074184872142,WLS,141,0.003222586556741014
0,x_tcsc,1-14,-0.1358498551358505,2,-0.13580661068184674,WLS,141,4.32444540037491e-05
1,B_svc,2,0.28152550521636827,2,0.2813444854182666,WLS,141,0.0001810197981016448
2,UPFC_Vsh,5-15,1.1042711781308208,2,1.1056731534264512,WLS,141,0.0014019752956304643
3,UPFC_tsh,5-15,-0.22861724265495761,2,-0.22849412252952392,WLS,141,0.00012312012543369555
4,UPFC_Vse,5-15,0.06061436013723933,2,0.06081571906829592,WLS,141,0.00020135893105659164
5,UPFC_tse,5-15,-2.149130220046527,2,-2.1498074184872142,WLS,141,0.0006771984406870324
0,x_tcsc,1-14,-0.1358525393576159,3,-0.13580661068184674,WLS,141,4.5928675769163485e-05
1,B_svc,2,0.2811380268064922,3,0.2813444854182666,WLS,141,0.00020645861177442937
2,UPFC_Vsh,5-15,1.1045258704366532,3,1.1056731534264512,WLS,141,0.0011472829897980485
3,UPFC_tsh,5-15,-0.22857277746135354,3,-0.22849412252952392,WLS,141,7.86549318296248e-05
4,UPFC_Vse,5-15,0.06056791209733006,3,0.06081571906829592,WLS,141,0.0002478069709658595
5,UPFC_tse,5-15,-2.146213100346804,3,-2.1498074184872142,WLS,141,0.003594318140410113
0,x_tcsc,1-14,-0.13583853741538404,4,-0.13580661068184674,WLS,141,3.192673353730191e-05
1,B_svc,2,0.2808117352254901,4,0.2813444854182666,WLS,141,0.0005327501927765432
2,UPFC_Vsh,5-15,1.1043342310585378,4,1.1056731534264512,WLS,141,0.001338922367913442
3,UPFC_tsh,5-15,-0.22856007485389762,4,-0.22849412252952392,WLS,141,6.595232437370258e-05
4,UPFC_Vse,5-15,0.060280950054335064,4,0.06081571906829592,WLS,141,0.0005347690139608577
5,UPFC_tse,5-15,-2.1484737013792334,4,-2.1498074184872142,WLS,141,0.001333717107980803
0,x_tcsc,1-14,-0.13586116365681572,5,-0.13580661068184674,WLS,141,5.455297496897993e-05
1,B_svc,2,0.2812619080752405,5,0.2813444854182666,WLS,141,8.257734302613562e-05
2,UPFC_Vsh,5-15,1.1041772299123027,5,1.1056731534264512,WLS,141,0.0014959235141485117
3,UPFC_tsh,5-15,-0.2285334680545296,5,-0.22849412252952392,WLS,141,3.934552500567401e-05
4,UPFC_Vse,5-15,0.0605000738140262,5,0.06081571906829592,WLS,141,0.0003156452542697197
5,UPFC_tse,5-15,-2.141661183563014,5,-2.1498074184872142,WLS,141,0.00814623492420008
0,x_tcsc,1-14,-0.13584231557470147,6,-0.13580661068184674,WLS,141,3.5704892854732106e-05
1,B_svc,2,0.2812423168132084,6,0.2813444854182666,WLS,141,0.00010216860505823933
2,UPFC_Vsh,5-15,1.1046198363218738,6,1.1056731534264512,WLS,141,0.0010533171045774559
3,UPFC_tsh,5-15,-0.2285671710866495,6,-0.22849412252952392,WLS,141,7.304855712558789e-05
4,UPFC_Vse,5-15,0.060194723078020526,6,0.06081571906829592,WLS,141,0.0006209959902753956
5,UPFC_tse,5-15,-2.149545224060254,6,-2.1498074184872142,WLS,141,0.0002621944269600718
0,x_tcsc,1-14,-0.13584916834710806,7,-0.13580661068184674,WLS,141,4.255766526131688e-05
1,B_svc,2,0.28105352319035565,7,0.2813444854182666,WLS,141,0.0002909622279109736
2,UPFC_Vsh,5-15,1.104421473703145,7,1.1056731534264512,WLS,141,0.0012516797233061983
3,UPFC_tsh,5-15,-0.22855730041981479,7,-0.22849412252952392,WLS,141,6.31778902908664e-05
4,UPFC_Vse,5-15,0.060318110852354105,7,0.06081571906829592,WLS,141,0.0004976082159418166
5,UPFC_tse,5-15,-2.150591627795911,7,-2.1498074184872142,WLS,141,0.0007842093086969371
0,x_tcsc,1-14,-0.13584388770278805,8,-0.13580661068184674,WLS,141,3.727702094130647e-05
1,B_svc,2,0.2810404208668133,8,0.2813444854182666,WLS,141,0.00030406455145332023
2,UPFC_Vsh,5-15,1.104683791527826,8,1.1056731534264512,WLS,141,0.0009893618986251962
3,UPFC_tsh,5-15,-0.22860568535521877,8,-0.22849412252952392,WLS,141,0.00011156282569485532
4,UPFC_Vse,5-15,0.060400629805035404,8,0.06081571906829592,WLS,141,0.000415089263260518
5,UPFC_tse,5-15,-2.1522451406074596,8,-2.1498074184872142,WLS,141,0.0024377221202454002
0,x_tcsc,1-14,-0.13586673244265915,9,-0.13580661068184674,WLS,141,6.0121760812409386e-05
1,B_svc,2,0.2809552528933497,9,0.2813444854182666,WLS,141,0.00038923252491690485
2,UPFC_Vsh,5-15,1.1046567538638115,9,1.1056731534264512,WLS,141,0.0010163995626397693
3,UPFC_tsh,5-15,-0.22850421397478127,9,-0.22849412252952392,WLS,141,1.0091445257348619e-05
4,UPFC_Vse,5-15,0.06030619538549903,9,0.06081571906829592,WLS,141,0.0005095236827968933
5,UPFC_tse,5-15,-2.1453903232095035,9,-2.1498074184872142,WLS,141,0.004417095277710725
0,x_tcsc,1-14,-0.13583657979672764,10,-0.13580661068184674,WLS,141,2.996911488090115e-05
1,B_svc,2,0.2815596468813092,10,0.2813444854182666,WLS,141,0.000215161463042568
2,UPFC_Vsh,5-15,1.1045596274940883,10,1.1056731534264512,WLS,141,0.0011135259323629132
3,UPFC_tsh,5-15,-0.22855859049194555,10,-0.22849412252952392,WLS,141,6.446796242162711e-05
4,UPFC_Vse,5-15,0.06040536424252382,10,0.06081571906829592,WLS,141,0.00041035482577210514
5,UPFC_tse,5-15,-2.150246610220745,10,-2.1498074184872142,WLS,141,0.0004391917335309081
0,x_tcsc,1-14,-0.13583281653570617,11,-0.13580661068184674,WLS,141,2.6205853859428974e-05
1,B_svc,2,0.28091845689509143,11,0.2813444854182666,WLS,141,0.0004260285231751926
2,UPFC_Vsh,5-15,1.1043360545920688,11,1.1056731534264512,WLS,141,0.0013370988343823775
3,UPFC_tsh,5-15,-0.2286235097233504,11,-0.22849412252952392,WLS,141,0.00012938719382649122
4,UPFC_Vse,5-15,0.06034784148128485,11,0.06081571906829592,WLS,141,0.0004678775870110702
5,UPFC_tse,5-15,-2.146331299723434,11,-2.1498074184872142,WLS,141,0.0034761187637801783
0,x_tcsc,1-14,-0.13586721993126435,12,-0.13580661068184674,WLS,141,6.06092494176147e-05
1,B_svc,2,0.2817088628611546,12,0.2813444854182666,WLS,141,0.00036437744288797536
2,UPFC_Vsh,5-15,1.1043347539016697,12,1.1056731534264512,WLS,141,0.0013383995247815417
3,UPFC_tsh,5-15,-0.2285662719296846,12,-0.22849412252952392,WLS,141,7.214940016067595e-05
4,UPFC_Vse,5-15,0.05957689317075674,12,0.06081571906829592,WLS,141,0.0012388258975391808
5,UPFC_tse,5-15,-2.1478517572242875,12,-2.1498074184872142,WLS,141,0.001955661262926789
0,x_tcsc,1-14,-0.13584326210183534,13,-0.13580661068184674,WLS,141,3.665141998859811e-05
1,B_svc,2,0.28159038411523285,13,0.2813444854182666,WLS,141,0.0002458986969662291
2,UPFC_Vsh,5-15,1.1048461416481434,13,1.1056731534264512,WLS,141,0.0008270117783077957
3,UPFC_tsh,5-15,-0.2285411887378989,13,-0.22849412252952392,WLS,141,4.7066208374968443e-05
4,UPFC_Vse,5-15,0.059946895629770874,13,0.06081571906829592,WLS,141,0.0008688234385250473
5,UPFC_tse,5-15,-2.146955114617057,13,-2.1498074184872142,WLS,141,0.0028523038701573356
0,x_tcsc,1-14,-0.13585399709758333,14,-0.13580661068184674,WLS,141,4.738641573659441e-05
1,B_svc,2,0.2812121518968931,14,0.2813444854182666,WLS,141,0.00013233352137353993
2,UPFC_Vsh,5-15,1.1044964376300144,14,1.1056731534264512,WLS,141,0.0011767157964368558
3,UPFC_tsh,5-15,-0.2285238440712057,14,-0.22849412252952392,WLS,141,2.9721541681793084e-05
4,UPFC_Vse,5-15,0.060294266352350585,14,0.06081571906829592,WLS,141,0.0005214527159453364
5,UPFC_tse,5-15,-2.142764792756624,14,-2.1498074184872142,WLS,141,0.007042625730590224
0,x_tcsc,1-14,-0.13584187318109325,15,-0.13580661068184674,WLS,141,3.526249924651337e-05
1,B_svc,2,0.28100564725321103,15,0.2813444854182666,WLS,141,0.0003388381650555883
2,UPFC_Vsh,5-15,1.104441067628509,15,1.1056731534264512,WLS,141,0.0012320857979422062
3,UPFC_tsh,5-15,-0.2284743085545587,15,-0.22849412252952392,WLS,141,1.9813974965227077e-05
4,UPFC_Vse,5-15,0.06031098679532923,15,0.06081571906829592,WLS,141,0.0005047322729666917
5,UPFC_tse,5-15,-2.1441859665176826,15,-2.1498074184872142,WLS,141,0.005621451969531677
0,x_tcsc,1-14,-0.13585883194249848,16,-0.13580661068184674,WLS,141,5.2221260651741375e-05
1,B_svc,2,0.2814727733427212,16,0.2813444854182666,WLS,141,0.00012828792445457315
2,UPFC_Vsh,5-15,1.1045422324230842,16,1.1056731534264512,WLS,141,0.0011309210033669803
3,UPFC_tsh,5-15,-0.22858368253569594,16,-0.22849412252952392,WLS,141,8.956000617202364e-05
4,UPFC_Vse,5-15,0.06005036028219349,16,0.06081571906829592,WLS,141,0.0007653587861024339
5,UPFC_tse,5-15,-2.1481970077164427,16,-2.1498074184872142,WLS,141,0.0016104107707715087
0,x_tcsc,1-14,-0.13584008318276541,17,-0.13580661068184674,WLS,141,3.3472500918674264e-05
1,B_svc,2,0.28157415729319957,17,0.2813444854182666,WLS,141,0.00022967187493294627
2,UPFC_Vsh,5-15,1.1047272564004995,17,1.1056731534264512,WLS,141,0.0009458970259517141
3,UPFC_tsh,5-15,-0.22849715371055035,17,-0.22849412252952392,WLS,141,3.0311810264305183e-06
4,UPFC_Vse,5-15,0.06027238661831938,17,0.06081571906829592,WLS,141,0.0005433324499765427
5,UPFC_tse,5-15,-2.146166966757892,17,-2.1498074184872142,WLS,141,0.0036404517293222582
0,x_tcsc,1-14,-0.13583789934197496,18,-0.13580661068184674,WLS,141,3.128866012822029e-05
1,B_svc,2,0.28141520691850336,18,0.2813444854182666,WLS,141,7.072150023673673e-05
2,UPFC_Vsh,5-15,1.104369947725526,18,1.1056731534264512,WLS,141,0.0013032057009252362
3,UPFC_tsh,5-15,-0.22855320607624843,18,-0.22849412252952392,WLS,141,5.9083546724514324e-05
4,UPFC_Vse,5-15,0.06063257806015198,18,0.06081571906829592,WLS,141,0.00018314100814394163
5,UPFC_tse,5-15,-2.1444723154859417,18,-2.1498074184872142,WLS,141,0.00533510300127249
0,x_tcsc,1-14,-0.13584737874207112,19,-0.13580661068184674,WLS,141,4.076806022437762e-05
1,B_svc,2,0.2812155545367237,19,0.2813444854182666,WLS,141,0.00012893088154292132
2,UPFC_Vsh,5-15,1.1041518584858878,19,1.1056731534264512,WLS,141,0.0015212949405634113
3,UPFC_tsh,5-15,-0.22861161003863406,19,-0.22849412252952392,WLS,141,0.00011748750911014239
4,UPFC_Vse,5-15,0.06034966627769472,19,0.06081571906829592,WLS,141,0.0004660527906012041
5,UPFC_tse,5-15,-2.1480609866150364,19,-2.1498074184872142,WLS,141,0.0017464318721778227
0,x_tcsc,1-14,-0.13585983797115708,20,-0.13580661068184674,WLS,141,5.3227289310342485e-05
1,B_svc,2,0.2816206705720534,20,0.2813444854182666,WLS,141,0.000276185153786801
2,UPFC_Vsh,5-15,1.1043678859367463,20,1.1056731534264512,WLS,141,0.001305267489704942
3,UPFC_tsh,5-15,-0.228517335743222,20,-0.22849412252952392,WLS,141,2.321321369808116e-05
4,UPFC_Vse,5-15,0.060371070318836165,20,0.06081571906829592,WLS,141,0.000444648749459757
5,UPFC_tse,5-15,-2.1460601745232366,20,-2.1498074184872142,WLS,141,0.003747243963977631
0,x_tcsc,1-14,-0.13586470173487974,21,-0.13580661068184674,WLS,141,5.809105303300477e-05
1,B_svc,2,0.2813591108912138,21,0.2813444854182666,WLS,141,1.4625472947171758e-05
2,UPFC_Vsh,5-15,1.1045457936178142,21,1.1056731534264512,WLS,141,0.0011273598086369852
3,UPFC_tsh,5-15,-0.22852646462381437,21,-0.22849412252952392,WLS,141,3.234209429045509e-05
4,UPFC_Vse,5-15,0.060465218062819,21,0.06081571906829592,WLS,141,0.0003505010054769206
5,UPFC_tse,5-15,-2.147704200603228,21,-2.1498074184872142,WLS,141,0.0021032178839863747
0,x_tcsc,1-14,-0.1358548162008013,22,-0.13580661068184674,WLS,141,4.820551895456937e-05
1,B_svc,2,0.28143436004127126,22,0.2813444854182666,WLS,141,8.987462300463767e-05
2,UPFC_Vsh,5-15,1.1044954564400864,22,1.1056731534264512,WLS,141,0.001177696986364829
3,UPFC_tsh,5-15,-0.22848266853104893,22,-0.22849412252952392,WLS,141,1.1453998474991733e-05
4,UPFC_Vse,5-15,0.05990907617736587,22,0.06081571906829592,WLS,141,0.0009066428909300511
5,UPFC_tse,5-15,-2.1482233440660345,22,-2.1498074184872142,WLS,141,0.001584074421179693
0,x_tcsc,1-14,-0.13583686788021163,23,-0.13580661068184674,WLS,141,3.025719836488583e-05
1,B_svc,2,0.2812964308694181,23,0.2813444854182666,WLS,141,4.805454884854177e-05
2,UPFC_Vsh,5-15,1.1043850519426803,23,1.1056731534264512,WLS,141,0.0012881014837708982
3,UPFC_tsh,5-15,-0.22862256856457286,23,-0.22849412252952392,WLS,141,0.00012844603504894025
4,UPFC_Vse,5-15,0.060237883121226216,23,0.06081571906829592,WLS,141,0.0005778359470697061
5,UPFC_tse,5-15,-2.144734433024335,23,-2.1498074184872142,WLS,141,0.005072985462879043
0,x_tcsc,1-14,-0.13583235551634332,24,-0.13580661068184674,WLS,141,2.5744834496577162e-05
1,B_svc,2,0.2813344349590792,24,0.2813444854182666,WLS,141,1.0050459187394e-05
2,UPFC_Vsh,5-15,1.1042105509114137,24,1.1056731534264512,WLS,141,0.0014626025150374922
3,UPFC_tsh,5-15,-0.22855457677543498,24,-0.22849412252952392,WLS,141,6.045424591105686e-05
4,UPFC_Vse,5-15,0.06043013346435425,24,0.06081571906829592,WLS,141,0.0003855856039416683
5,UPFC_tse,5-15,-2.1440344914296205,24,-2.1498074184872142,WLS,141,0.005772927057593691
0,x_tcsc,1-14,-0.1358548992383909,25,-0.13580661068184674,WLS,141,4.828855654415154e-05
1,B_svc,2,0.2806698548731914,25,0.2813444854182666,WLS,141,0.0006746305450752166
2,UPFC_Vsh,5-15,1.1044062929852743,25,1.1056731534264512,WLS,141,0.0012668604411769646
3,UPFC_tsh,5-15,-0.22861753105273716,25,-0.22849412252952392,WLS,141,0.00012340852321324203
4,UPFC_Vse,5-15,0.060369006575750096,25,0.06081571906829592,WLS,141,0.00044671249254582546
5,UPFC_tse,5-15,-2.1484764549961803,25,-2.1498074184872142,WLS,141,0.0013309634910338985
0,x_tcsc,1-14,-0.13584419215187263,26,-0.13580661068184674,WLS,141,3.7581470025888075e-05
1,B_svc,2,0.2810144606264531,26,0.2813444854182666,WLS,141,0.0003300247918135435
2,UPFC_Vsh,5-15,1.1043076986347702,26,1.1056731534264512,WLS,141,0.0013654547916810422
3,UPFC_tsh,5-15,-0.22863068064346498,26,-0.22849412252952392,WLS,141,0.00013655811394105988
4,UPFC_Vse,5-15,0.060385943371237163,26,0.06081571906829592,WLS,141,0.00042977569705875823
5,UPFC_tse,5-15,-2.149111165066473,26,-2.1498074184872142,WLS,141,0.0006962534207413107
0,x_tcsc,1-14,-0.135831716607404,27,-0.13580661068184674,WLS,141,2.5105925557267206e-05
1,B_svc,2,0.2813447126428806,27,0.2813444854182666,WLS,141,2.2722461395785487e-07
2,UPFC_Vsh,5-15,1.1041295627463796,27,1.1056731534264512,WLS,141,0.0015435906800715937
3,UPFC_tsh,5-15,-0.22856406735865167,27,-0.22849412252952392,WLS,141,6.99448291277549e-05
4,UPFC_Vse,5-15,0.060051915704403803,27,0.06081571906829592,WLS,141,0.0007638033638921182
5,UPFC_tse,5-15,-2.1469943071727737,27,-2.1498074184872142,WLS,141,0.0028131113144405084
0,x_tcsc,1-14,-0.13582475040806125,28,-0.13580661068184674,WLS,141,1.8139726214505547e-05
1,B_svc,2,0.2811927341669417,28,0.2813444854182666,WLS,141,0.0001517512513249386
2,UPFC_Vsh,5-15,1.1042362710781355,28,1.1056731534264512,WLS,141,0.0014368823483157378
3,UPFC_tsh,5-15,-0.22854534312200012,28,-0.22849412252952392,WLS,141,5.12205924761977e-05
4,UPFC_Vse,5-15,0.060541464444481934,28,0.06081571906829592,WLS,141,0.00027425462381398813
5,UPFC_tse,5-15,-2.145785455929001,28,-2.1498074184872142,WLS,141,0.00402196255821341
0,x_tcsc,1-14,-0.13586202304643755,29,-0.13580661068184674,WLS,141,5.541236459080667e-05
1,B_svc,2,0.281447348670464,29,0.2813444854182666,WLS,141,0.00010286325219738268
2,UPFC_Vsh,5-15,1.104650251458292,29,1.1056731534264512,WLS,141,0.001022901968159129
3,UPFC_tsh,5-15,-0.22851774482984033,29,-0.22849412252952392,WLS,141,2.362230031641155e-05
4,UPFC_Vse,5-15,0.060127963991291083,29,0.06081571906829592,WLS,141,0.0006877550770048382
5,UPFC_tse,5-15,-2.1469475095790505,29,-2.1498074184872142,WLS,141,0.0028599089081637885
0,x_tcsc,1-14,-0.13584424705065892,30,-0.13580661068184674,WLS,141,3.76363688121828e-05
1,B_svc,2,0.28126970829128034,30,0.2813444854182666,WLS,141,7.47771269862807e-05
2,UPFC_Vsh,5-15,1.1047595399905743,30,1.1056731534264512,WLS,141,0.0009136134358769255
3,UPFC_tsh,5-15,-0.2285040537371514,30,-0.22849412252952392,WLS,141,9.931207627489336e-06
4,UPFC_Vse,5-15,0.06005633974099673,30,0.06081571906829592,WLS,141,0.0007593793272991922
5,UPFC_tse,5-15,-2.1473784680491423,30,-2.1498074184872142,WLS,141,0.0024289504380718974
0,x_tcsc,1-14,-0.13584174516760109,31,-0.13580661068184674,WLS,141,3.5134485754345635e-05
1,B_svc,2,0.2808845661227579,31,0.2813444854182666,WLS,141,0.0004599192955087039
2,UPFC_Vsh,5-15,1.10457876834435,31,1.1056731534264512,WLS,141,0.0010943850821012457
3,UPFC_tsh,5-15,-0.22853794336479571,31,-0.22849412252952392,WLS,141,4.3820835271796144e-05
4,UPFC_Vse,5-15,0.060473609759500335,31,0.06081571906829592,WLS,141,0.0003421093087955865
5,UPFC_tse,5-15,-2.1474830910485356,31,-2.1498074184872142,WLS,141,0.0023243274386786084
0,x_tcsc,1-14,-0.13586244198183403,32,-0.13580661068184674,WLS,141,5.5831299987291194e-05
1,B_svc,2,0.2812349457253541,32,0.2813444854182666,WLS,141,0.00010953969291249699
2,UPFC_Vsh,5-15,1.1045121251690093,32,1.1056731534264512,WLS,141,0.0011610282574419095
3,UPFC_tsh,5-15,-0.22855288610172766,32,-0.22849412252952392,WLS,141,5.876357220374606e-05
4,UPFC_Vse,5-15,0.06039718285796737,32,0.06081571906829592,WLS,141,0.0004185362103285503
5,UPFC_tse,5-15,-2.1460229435247618,32,-2.1498074184872142,WLS,141,0.0037844749624524887
0,x_tcsc,1-14,-0.13584438920226424,33,-0.13580661068184674,WLS,141,3.777852041750296e-05
1,B_svc,2,0.281067689800744,33,0.2813444854182666,WLS,141,0.0002767956175226405
2,UPFC_Vsh,5-15,1.1044799263051044,33,1.1056731534264512,WLS,141,0.0011932271213468404
3,UPFC_tsh,5-15,-0.22859552290724655,33,-0.22849412252952392,WLS,141,0.00010140037772263244
4,UPFC_Vse,5-15,0.05992861865312857,33,0.06081571906829592,WLS,141,0.0008871004151673537
5,UPFC_tse,5-15,-2.1486102880687383,33,-2.1498074184872142,WLS,141,0.0011971304184759113
0,x_tcsc,1-14,-0.13584066018019192,34,-0.13580661068184674,WLS,141,3.40494983451789e-05
1,B_svc,2,0.28154228891378524,34,0.2813444854182666,WLS,141,0.00019780349551862253
2,UPFC_Vsh,5-15,1.1045758480049856,34,1.1056731534264512,WLS,141,0.0010973054214655775
3,UPFC_tsh,5-15,-0.22853142551553762,34,-0.22849412252952392,WLS,141,3.730298601370419e-05
4,UPFC_Vse,5-15,0.06006975511351869,34,0.06081571906829592,WLS,141,0.0007459639547772318
5,UPFC_tse,5-15,-2.14946923526846,34,-2.1498074184872142,WLS,141,0.00033818321875411783
0,x_tcsc,1-14,-0.13585477411675756,35,-0.13580661068184674,WLS,141,4.8163434910819536e-05
1,B_svc,2,0.28114293887636305,35,0.2813444854182666,WLS,141,0.00020154654190357446
2,UPFC_Vsh,5-15,1.1043052055339257,35,1.1056731534264512,WLS,141,0.0013679478925254784
3,UPFC_tsh,5-15,-0.22853452746984398,35,-0.22849412252952392,WLS,141,4.0404940320065696e-05
4,UPFC_Vse,5-15,0.06019166602229834,35,0.06081571906829592,WLS,141,0.0006240530459975802
5,UPFC_tse,5-15,-2.148363336515227,35,-2.1498074184872142,WLS,141,0.001444081971987199
0,x_tcsc,1-14,-0.1358445169409449,36,-0.13580661068184674,WLS,141,3.790625909816381e-05
1,B_svc,2,0.2811665397848032,36,0.2813444854182666,WLS,141,0.00017794563346340553
2,UPFC_Vsh,5-15,1.1044152757144974,36,1.1056731534264512,WLS,141,0.0012578777119538476
3,UPFC_tsh,5-15,-0.2285282155902106,36,-0.22849412252952392,WLS,141,3.409306068669071e-05
4,UPFC_Vse,5-15,0.05976574588695286,36,0.06081571906829592,WLS,141,0.0010499731813430613
5,UPFC_tse,5-15,-2.1476128510465378,36,-2.1498074184872142,WLS,141,0.002194567440676476
0,x_tcsc,1-14,-0.13585210358972227,37,-0.13580661068184674,WLS,141,4.549290787553284e-05
1,B_svc,2,0.281018035331004,37,0.2813444854182666,WLS,141,0.0003264500872626197
2,UPFC_Vsh,5-15,1.104163934419105,37,1.1056731534264512,WLS,141,0.0015092190073462408
3,UPFC_tsh,5-15,-0.2285827139853659,37,-0.22849412252952392,WLS,141,8.859145584197425e-05
4,UPFC_Vse,5-15,0.0601848542223119,37,0.06081571906829592,WLS,141,0.0006308648459840208
5,UPFC_tse,5-15,-2.149528136368834,37,-2.1498074184872142,WLS,141,0.00027928211838013084
0,x_tcsc,1-14,-0.1358531621058321,38,-0.13580661068184674,WLS,141,4.6551423985352613e-05
1,B_svc,2,0.28099875948475916,38,0.2813444854182666,WLS,141,0.00034572593350745695
2,UPFC_Vsh,5-15,1.1046946108325135,38,1.1056731534264512,WLS,141,0.0009785425939377035
3,UPFC_tsh,5-15,-0.2285224448843052,38,-0.22849412252952392,WLS,141,2.8322354781284975e-05
4,UPFC_Vse,5-15,0.06040776847309156,38,0.06081571906829592,WLS,141,0.00040795059520436217
5,UPFC_tse,5-15,-2.1466869655462055,38,-2.1498074184872142,WLS,141,0.003120452941008711
0,x_tcsc,1-14,-0.13583183143038335,39,-0.13580661068184674,WLS,141,2.5220748536614046e-05
1,B_svc,2,0.28060515745504544,39,0.2813444854182666,WLS,141,0.0007393279632211813
2,UPFC_Vsh,5-15,1.1046471735002774,39,1.1056731534264512,WLS,141,0.0010259799261738145
3,UPFC_tsh,5-15,-0.22855434468802371,39,-0.22849412252952392,WLS,141,6.0222158499795286e-05
4,UPFC_Vse,5-15,0.06025717192143218,39,0.06081571906829592,WLS,141,0.0005585471468637429
5,UPFC_tse,5-15,-2.1484079188882497,39,-2.1498074184872142,WLS,141,0.0013994995989645709
0,x_tcsc,1-14,-0.13584405076735448,40,-0.13580661068184674,WLS,141,3.7440085507739473e-05
1,B_svc,2,0.2811791144115234,40,0.2813444854182666,WLS,141,0.00016537100674324234
2,UPFC_Vsh,5-15,1.104269217679924,40,1.1056731534264512,WLS,141,0.0014039357465271962
3,UPFC_tsh,5-15,-0.2285989844141013,40,-0.22849412252952392,WLS,141,0.0001048618845773952
4,UPFC_Vse,5-15,0.06045911868186642,40,0.06081571906829592,WLS,141,0.00035660038642950503
5,UPFC_tse,5-15,-2.1445767769067046,40,-2.1498074184872142,WLS,141,0.005230641580509676
0,x_tcsc,1-14,-0.13584280046607244,41,-0.13580661068184674,WLS,141,3.618978422570418e-05
1,B_svc,2,0.28132591492466386,41,0.2813444854182666,WLS,141,1.8570493602765303e-05
2,UPFC_Vsh,5-15,1.1045200027129576,41,1.1056731534264512,WLS,141,0.0011531507134936447
3,UPFC_tsh,5-15,-0.22854127171305103,41,-0.22849412252952392,WLS,141,4.714918352710651e-05
4,UPFC_Vse,5-15,0.06009630463583457,41,0.06081571906829592,WLS,141,0.000719414432461353
5,UPFC_tse,5-15,-2.148543975152186,41,-2.1498074184872142,WLS,141,0.001263443335028036
0,x_tcsc,1-14,-0.13582838109424114,42,-0.13580661068184674,WLS,141,2.1770412394400696e-05
1,B_svc,2,0.28109094196055384,42,0.2813444854182666,WLS,141,0.0002535434577127793
2,UPFC_Vsh,5-15,1.1045446663004792,42,1.1056731534264512,WLS,141,0.001128487125972022
3,UPFC_tsh,5-15,-0.22857413244908775,42,-0.22849412252952392,WLS,141,8.000991956383374e-05
4,UPFC_Vse,5-15,0.06031530675394593,42,0.06081571906829592,WLS,141,0.0005004123143499892
5,UPFC_tse,5-15,-2.1468872256327454,42,-2.1498074184872142,WLS,141,0.0029201928544688727
0,x_tcsc,1-14,-0.1358533233866373,43,-0.13580661068184674,WLS,141,4.671270479056355e-05
1,B_svc,2,0.2816004612256205,43,0.2813444854182666,WLS,141,0.0002559758073538698
2,UPFC_Vsh,5-15,1.1043376455497753,43,1.1056731534264512,WLS,141,0.001335507876675912
3,UPFC_tsh,5-15,-0.2285493512919779,43,-0.22849412252952392,WLS,141,5.522876245397934e-05
4,UPFC_Vse,5-15,0.05983911378921328,43,0.06081571906829592,WLS,141,0.0009766052790826443
5,UPFC_tse,5-15,-2.1473615786999485,43,-2.1498074184872142,WLS,141,0.002445839787265758
0,x_tcsc,1-14,-0.13585572350521496,44,-0.13580661068184674,WLS,141,4.9112823368224756e-05
1,B_svc,2,0.2812304634230391,44,0.2813444854182666,WLS,141,0.0001140219952275312
2,UPFC_Vsh,5-15,1.1044231608416988,44,1.1056731534264512,WLS,141,0.0012499925847524462
3,UPFC_tsh,5-15,-0.22848425226372224,44,-0.22849412252952392,WLS,141,9.870265801681377e-06
4,UPFC_Vse,5-15,0.06021301689968129,44,0.06081571906829592,WLS,141,0.0006027021686146328
5,UPFC_tse,5-15,-2.1456854514123402,44,-2.1498074184872142,WLS,141,0.004121967074874
0,x_tcsc,1-14,-0.1358512035659652,45,-0.13580661068184674,WLS,141,4.459288411845508e-05
1,B_svc,2,0.2810301186581102,45,0.2813444854182666,WLS,141,0.00031436676015644816
2,UPFC_Vsh,5-15,1.104645158887216,45,1.1056731534264512,WLS,141,0.0010279945392352996
3,UPFC_tsh,5-15,-0.22856695659089765,45,-0.22849412252952392,WLS,141,7.283406137373327e-05
4,UPFC_Vse,5-15,0.05993843218989528,45,0.06081571906829592,WLS,141,0.0008772868784006418
5,UPFC_tse,5-15,-2.1493264677675934,45,-2.1498074184872142,WLS,141,0.0004809507196208429
0,x_tcsc,1-14,-0.1358322334556286,46,-0.13580661068184674,WLS,141,2.5622773781847075e-05
1,B_svc,2,0.2809652675746509,46,0.2813444854182666,WLS,141,0.0003792178436157201
2,UPFC_Vsh,5-15,1.104382631331444,46,1.1056731534264512,WLS,141,0.0012905220950072405
3,UPFC_tsh,5-15,-0.228514185962567,46,-0.22849412252952392,WLS,141,2.006343304308822e-05
4,UPFC_Vse,5-15,0.06033573579878848,46,0.06081571906829592,WLS,141,0.00047998326950744047
5,UPFC_tse,5-15,-2.144148806732917,46,-2.1498074184872142,WLS,141,0.005658611754297382
0,x_tcsc,1-14,-0.13586008817563408,47,-0.13580661068184674,WLS,141,5.347749378734057e-05
1,B_svc,2,0.28147883452974914,47,0.2813444854182666,WLS,141,0.0001343491114825235
2,UPFC_Vsh,5-15,1.104255589998191,47,1.1056731534264512,WLS,141,0.0014175634282602712
3,UPFC_tsh,5-15,-0.22859123049124383,47,-0.22849412252952392,WLS,141,9.71079617199111e-05
4,UPFC_Vse,5-15,0.059767700558306575,47,0.06081571906829592,WLS,141,0.0010480185099893471
5,UPFC_tse,5-15,-2.1488238803332145,47,-2.1498074184872142,WLS,141,0.0009835381539997634
0,x_tcsc,1-14,-0.13583810454418294,48,-0.13580661068184674,WLS,141,3.1493862336196e-05
1,B_svc,2,0.28136481247448164,48,0.2813444854182666,WLS,141,2.032705621501929e-05
2,UPFC_Vsh,5-15,1.1045624916533314,48,1.1056731534264512,WLS,141,0.0011106617731198032
3,UPFC_tsh,5-15,-0.22854203359397537,48,-0.22849412252952392,WLS,141,4.7911064451455765e-05
4,UPFC_Vse,5-15,0.06052475819909255,48,0.06081571906829592,WLS,141,0.00029096086920336883
5,UPFC_tse,5-15,-2.1477889554581875,48,-2.1498074184872142,WLS,141,0.0020184630290267513
0,x_tcsc,1-14,-0.1358442704953832,49,-0.13580661068184674,WLS,141,3.7659813536455866e-05
1,B_svc,2,0.28079168748483996,49,0.2813444854182666,WLS,141,0.0005527979334266631
2,UPFC_Vsh,5-15,1.1043061530622191,49,1.1056731534264512,WLS,141,0.001367000364232096
3,UPFC_tsh,5-15,-0.22847616040928492,49,-0.22849412252952392,WLS,141,1.7962120238995682e-05
4,UPFC_Vse,5-15,0.06037637538953076,49,0.06081571906829592,WLS,141,0.0004393436787651639
5,UPFC_tse,5-15,-2.147027896203682,49,-2.1498074184872142,WLS,141,0.0027795222835322875
0,x_tcsc,1-14,-0.13584889299738026,50,-0.13580661068184674,WLS,141,4.2282315533520576e-05
1,B_svc,2,0.2814455314074207,50,0.2813444854182666,WLS,141,0.00010104598915405827
2,UPFC_Vsh,5-15,1.1043041070200785,50,1.1056731534264512,WLS,141,0.0013690464063726981
3,UPFC_tsh,5-15,-0.22857381533547202,50,-0.22849412252952392,WLS,141,7.969280594810613e-05
4,UPFC_Vse,5-15,0.060484827520666265,50,0.06081571906829592,WLS,141,0.0003308915476296567
5,UPFC_tse,5-15,-2.147637889365831,50,-2.1498074184872142,WLS,141,0.002169529121383018
0,x_tcsc,1-14,-0.13585295394280028,51,-0.13580661068184674,WLS,141,4.63432609535408e-05
1,B_svc,2,0.2811661020104161,51,0.2813444854182666,WLS,141,0.0001783834078505353
2,UPFC_Vsh,5-15,1.10424819152922,51,1.1056731534264512,WLS,141,0.0014249618972312916
3,UPFC_tsh,5-15,-0.22856522783837527,51,-0.22849412252952392,WLS,141,7.110530885134914e-05
4,UPFC_Vse,5-15,0.060429072408229215,51,0.06081571906829592,WLS,141,0.00038664666006670706
5,UPFC_tse,5-15,-2.1456523147515942,51,-2.1498074184872142,WLS,141,0.004155103735620003
0,x_tcsc,1-14,-0.13585759120156096,52,-0.13580661068184674,WLS,141,5.098051971422213e-05
1,B_svc,2,0.2816933058934677,52,0.2813444854182666,WLS,141,0.0003488204752010726
2,UPFC_Vsh,5-15,1.1045528819575512,52,1.1056731534264512,WLS,141,0.001120271468900036
3,UPFC_tsh,5-15,-0.22859266790330338,52,-0.22849412252952392,WLS,141,9.854537377945727e-05
4,UPFC_Vse,5-15,0.06013639007273882,52,0.06081571906829592,WLS,141,0.0006793289955571019
5,UPFC_tse,5-15,-2.150136970366543,52,-2.1498074184872142,WLS,141,0.00032955187932870444
0,x_tcsc,1-14,-0.13585647334826587,53,-0.13580661068184674,WLS,141,4.9862666419125956e-05
1,B_svc,2,0.28129580334036114,53,0.2813444854182666,WLS,141,4.868207790548196e-05
2,UPFC_Vsh,5-15,1.104452630774214,53,1.1056731534264512,WLS,141,0.0012205226522372659
3,UPFC_tsh,5-15,-0.2285515207141063,53,-0.22849412252952392,WLS,141,5.739818458239121e-05
4,UPFC_Vse,5-15,0.060090380008791036,53,0.06081571906829592,WLS,141,0.0007253390595048856
5,UPFC_tse,5-15,-2.1497061869967884,53,-2.1498074184872142,WLS,141,0.000101231490425846
0,x_tcsc,1-14,-0.13585339270487506,54,-0.13580661068184674,WLS,141,4.678202302832446e-05
1,B_svc,2,0.2814153681967319,54,0.2813444854182666,WLS,141,7.088277846528657e-05
2,UPFC_Vsh,5-15,1.104447062979702,54,1.1056731534264512,WLS,141,0.0012260904467491507
3,UPFC_tsh,5-15,-0.22851679108424255,54,-0.22849412252952392,WLS,141,2.2668554718635603e-05
4,UPFC_Vse,5-15,0.06041630223646581,54,0.06081571906829592,WLS,141,0.0003994168318301114
5,UPFC_tse,5-15,-2.14593682390835,54,-2.1498074184872142,WLS,141,0.003870594578864406
0,x_tcsc,1-14,-0.13586153619802432,55,-0.13580661068184674,WLS,141,5.492551617758412e-05
1,B_svc,2,0.28121224027597297,55,0.2813444854182666,WLS,141,0.00013224514229365214
2,UPFC_Vsh,5-15,1.1045390767535184,55,1.1056731534264512,WLS,141,0.00113407667293286
3,UPFC_tsh,5-15,-0.22852996820447627,55,-0.22849412252952392,WLS,141,3.584567495235058e-05
4,UPFC_Vse,5-15,0.060251251016860026,55,0.06081571906829592,WLS,141,0.0005644680514358957
5,UPFC_tse,5-15,-2.147485732247386,55,-2.1498074184872142,WLS,141,0.0023216862398283133
0,x_tcsc,1-14,-0.1358452224033759,56,-0.13580661068184674,WLS,141,3.86117215291637e-05
1,B_svc,2,0.281127396753805,56,0.2813444854182666,WLS,141,0.00021708866446162878
2,UPFC_Vsh,5-15,1.1045682545213518,56,1.1056731534264512,WLS,141,0.0011048989050994606
3,UPFC_tsh,5-15,-0.22849397727271822,56,-0.22849412252952392,WLS,141,1.4525680569477117e-07
4,UPFC_Vse,5-15,0.06018988504010603,56,0.06081571906829592,WLS,141,0.0006258340281898936
5,UPFC_tse,5-15,-2.1448193898339505,56,-2.1498074184872142,WLS,141,0.004988028653263754
0,x_tcsc,1-14,-0.13585192135131177,57,-0.13580661068184674,WLS,141,4.5310669465031816e-05
1,B_svc,2,0.28146619907412673,57,0.2813444854182666,WLS,141,0.00012171365586011174
2,UPFC_Vsh,5-15,1.1043339162059402,57,1.1056731534264512,WLS,141,0.0013392372205109915
3,UPFC_tsh,5-15,-0.2285537204916913,57,-0.22849412252952392,WLS,141,5.9597962167368124e-05
4,UPFC_Vse,5-15,0.06038829275750215,57,0.06081571906829592,WLS,141,0.00042742631079377424
5,UPFC_tse,5-15,-2.1447292293216855,57,-2.1498074184872142,WLS,141,0.005078189165528713
0,x_tcsc,1-14,-0.13584402732713735,58,-0.13580661068184674,WLS,141,3.741664529061106e-05
1,B_svc,2,0.2807546597619776,58,0.2813444854182666,WLS,141,0.0005898256562890114
2,UPFC_Vsh,5-15,1.1045297730005161,58,1.1056731534264512,WLS,141,0.0011433804259350921
3,UPFC_tsh,5-15,-0.22849947567457124,58,-0.22849412252952392,WLS,141,5.353145047320984e-06
4,UPFC_Vse,5-15,0.059720173813461994,58,0.06081571906829592,WLS,141,0.0010955452548339281
5,UPFC_tse,5-15,-2.1486110275781054,58,-2.1498074184872142,WLS,141,0.0011963909091088354
0,x_tcsc,1-14,-0.13583558153077252,59,-0.13580661068184674,WLS,141,2.8970848925780057e-05
1,B_svc,2,0.2814598606470625,59,0.2813444854182666,WLS,141,0.00011537522879589979
2,UPFC_Vsh,5-15,1.104357604530856,59,1.1056731534264512,WLS,141,0.0013155488955951533
3,UPFC_tsh,5-15,-0.22859599243338344,59,-0.22849412252952392,WLS,141,0.00010186990385951944
4,UPFC_Vse,5-15,0.06043860983086695,59,0.06081571906829592,WLS,141,0.0003771092374289728
5,UPFC_tse,5-15,-2.1506020533196653,59,-2.1498074184872142,WLS,141,0.0007946348324510133
0,x_tcsc,1-14,-0.13584073945066752,60,-0.13580661068184674,WLS,141,3.41287688207792e-05
1,B_svc,2,0.2810024638726156,60,0.2813444854182666,WLS,141,0.0003420215456509945
2,UPFC_Vsh,5-15,1.1049772097447885,60,1.1056731534264512,WLS,141,0.0006959436816627029
3,UPFC_tsh,5-15,-0.22848831318419874,60,-0.22849412252952392,WLS,141,5.809345325180626e-06
4,UPFC_Vse,5-15,0.0600463492097362,60,0.06081571906829592,WLS,141,0.0007693698585597222
5,UPFC_tse,5-15,-2.148011209663318,60,-2.1498074184872142,WLS,141,0.0017962088238960838
0,x_tcsc,1-14,-0.13586117567457556,61,-0.13580661068184674,WLS,141,5.456499272882276e-05
1,B_svc,2,0.2813789573483304,61,0.2813444854182666,WLS,141,3.447193006378413e-05
2,UPFC_Vsh,5-15,1.1044761050861307,61,1.1056731534264512,WLS,141,0.0011970483403205279
3,UPFC_tsh,5-15,-0.22848296957335953,61,-0.22849412252952392,WLS,141,1.1152956164384165e-05
4,UPFC_Vse,5-15,0.05988790561754017,61,0.06081571906829592,WLS,141,0.0009278134507557517
5,UPFC_tse,5-15,-2.14915197826677,61,-2.1498074184872142,WLS,141,0.00065544022044417
0,x_tcsc,1-14,-0.13583189301910362,62,-0.13580661068184674,WLS,141,2.5282337256876675e-05
1,B_svc,2,0.2811842574102052,62,0.2813444854182666,WLS,141,0.0001602280080614249
2,UPFC_Vsh,5-15,1.1046979500688363,62,1.1056731534264512,WLS,141,0.0009752033576149177
3,UPFC_tsh,5-15,-0.22853064591541727,62,-0.22849412252952392,WLS,141,3.6523385893355576e-05
4,UPFC_Vse,5-15,0.06001426006898875,62,0.06081571906829592,WLS,141,0.0008014589993071697
5,UPFC_tse,5-15,-2.1479627100129006,62,-2.1498074184872142,WLS,141,0.0018447084743136166
0,x_tcsc,1-14,-0.13586041074595212,63,-0.13580661068184674,WLS,141,5.380006410538041e-05
1,B_svc,2,0.28125903622485315,63,0.2813444854182666,WLS,141,8.544919341346713e-05
2,UPFC_Vsh,5-15,1.1042956285775412,63,1.1056731534264512,WLS,141,0.0013775248489100722
3,UPFC_tsh,5-15,-0.22853535743639997,63,-0.22849412252952392,WLS,141,4.1234906876047583e-05
4,UPFC_Vse,5-15,0.06047030319072401,63,0.06081571906829592,WLS,141,0.00034541587757191267
5,UPFC_tse,5-15,-2.1447608320705616,63,-2.1498074184872142,WLS,141,0.005046586416652676
0,x_tcsc,1-14,-0.1358556500488908,64,-0.13580661068184674,WLS,141,4.903936704406253e-05
1,B_svc,2,0.2811941548546248,64,0.2813444854182666,WLS,141,0.00015033056364183173
2,UPFC_Vsh,5-15,1.1043524034328465,64,1.1056731534264512,WLS,141,0.001320749993604764
3,UPFC_tsh,5-15,-0.22852523765648508,64,-0.22849412252952392,WLS,141,3.111512696116203e-05
4,UPFC_Vse,5-15,0.060276494718563674,64,0.06081571906829592,WLS,141,0.000539224349732248
5,UPFC_tse,5-15,-2.144752576763069,64,-2.1498074184872142,WLS,141,0.005054841724145387
0,x_tcsc,1-14,-0.13585709789081177,65,-0.13580661068184674,WLS,141,5.0487208965027675e-05
1,B_svc,2,0.2813853752216211,65,0.2813444854182666,WLS,141,4.0889803354482446e-05
2,UPFC_Vsh,5-15,1.104521473189909,65,1.1056731534264512,WLS,141,0.0011516802365423295
3,UPFC_tsh,5-15,-0.22856602980979399,65,-0.22849412252952392,WLS,141,7.19072802700671e-05
4,UPFC_Vse,5-15,0.06019335668835499,65,0.06081571906829592,WLS,141,0.0006223623799409342
5,UPFC_tse,5-15,-2.147954653029921,65,-2.1498074184872142,WLS,141,0.0018527654572930707
0,x_tcsc,1-14,-0.13585002003427463,66,-0.13580661068184674,WLS,141,4.340935242788668e-05
1,B_svc,2,0.28168603094862643,66,0.2813444854182666,WLS,141,0.0003415455303598103
2,UPFC_Vsh,5-15,1.1045404219546247,66,1.1056731534264512,WLS,141,0.0011327314718265757
3,UPFC_tsh,5-15,-0.22855059210808884,66,-0.22849412252952392,WLS,141,5.646957856492163e-05
4,UPFC_Vse,5-15,0.05965639175664124,66,0.06081571906829592,WLS,141,0.0011593273116546829
5,UPFC_tse,5-15,-2.1444586519129425,66,-2.1498074184872142,WLS,141,0.005348766574271746
0,x_tcsc,1-14,-0.1358448038396716,67,-0.13580661068184674,WLS,141,3.8193157824856216e-05
1,B_svc,2,0.28181115809929813,67,0.2813444854182666,WLS,141,0.00046667268103151027
2,UPFC_Vsh,5-15,1.10443006143291,67,1.1056731534264512,WLS,141,0.0012430919935413343
3,UPFC_tsh,5-15,-0.2285053248670355,67,-0.22849412252952392,WLS,141,1.1202337511589944e-05
4,UPFC_Vse,5-15,0.059943667985440686,67,0.06081571906829592,WLS,141,0.0008720510828552352
5,UPFC_tse,5-15,-2.1453643660144697,67,-2.1498074184872142,WLS,141,0.004443052472744569
0,x_tcsc,1-14,-0.13584825597160208,68,-0.13580661068184674,WLS,141,4.1645289755337656e-05
1,B_svc,2,0.2813191177940117,68,0.2813444854182666,WLS,141,2.5367624254923893e-05
2,UPFC_Vsh,5-15,1.10457194638674,68,1.1056731534264512,WLS,141,0.0011012070397111717
3,UPFC_tsh,5-15,-0.22859417094250456,68,-0.22849412252952392,WLS,141,0.00010004841298064115
4,UPFC_Vse,5-15,0.06031022169944126,68,0.06081571906829592,WLS,141,0.0005054973688546627
5,UPFC_tse,5-15,-2.149456722309715,68,-2.1498074184872142,WLS,141,0.00035069617749927673
0,x_tcsc,1-14,-0.13585026635634367,69,-0.13580661068184674,WLS,141,4.365567449693408e-05
1,B_svc,2,0.2807512713892714,69,0.2813444854182666,WLS,141,0.0005932140289952037
2,UPFC_Vsh,5-15,1.1046754853614908,69,1.1056731534264512,WLS,141,0.0009976680649603775
3,UPFC_tsh,5-15,-0.2285232265430136,69,-0.22849412252952392,WLS,141,2.910401348968361e-05
4,UPFC_Vse,5-15,0.060496540992202134,69,0.06081571906829592,WLS,141,0.00031917807609378734
5,UPFC_tse,5-15,-2.147568078863165,69,-2.1498074184872142,WLS,141,0.002239339624049208
0,x_tcsc,1-14,-0.13586176563013586,70,-0.13580661068184674,WLS,141,5.51549482891156e-05
1,B_svc,2,0.2809424342453688,70,0.2813444854182666,WLS,141,0.00040205117289782155
2,UPFC_Vsh,5-15,1.104342973112634,70,1.1056731534264512,WLS,141,0.001330180313817264
3,UPFC_tsh,5-15,-0.22857268606806855,70,-0.22849412252952392,WLS,141,7.856353854462927e-05
4,UPFC_Vse,5-15,0.059776912949866784,70,0.06081571906829592,WLS,141,0.0010388061184291378
5,UPFC_tse,5-15,-2.1464727147873215,70,-2.1498074184872142,WLS,141,0.0033347036998927493
0,x_tcsc,1-14,-0.1358545486590596,71,-0.13580661068184674,WLS,141,4.793797721286408e-05
1,B_svc,2,0.28124685370992797,71,0.2813444854182666,WLS,141,9.763170833865242e-05
2,UPFC_Vsh,5-15,1.1045922980099563,71,1.1056731534264512,WLS,141,0.0010808554164949413
3,UPFC_tsh,5-15,-0.22858557535359306,71,-0.22849412252952392,WLS,141,9.145282406913813e-05
4,UPFC_Vse,5-15,0.060147125456482625,71,0.06081571906829592,WLS,141,0.0006685936118132965
5,UPFC_tse,5-15,-2.147711099053777,71,-2.1498074184872142,WLS,141,0.0020963194334373547
0,x_tcsc,1-14,-0.13583306384967614,72,-0.13580661068184674,WLS,141,2.6453167829398883e-05
1,B_svc,2,0.2813822061298313,72,0.2813444854182666,WLS,141,3.772071156465939e-05
2,UPFC_Vsh,5-15,1.104400409326615,72,1.1056731534264512,WLS,141,0.0012727440998361317
3,UPFC_tsh,5-15,-0.22855952822934697,72,-0.22849412252952392,WLS,141,6.540569982305122e-05
4,UPFC_Vse,5-15,0.06018943972880645,72,0.06081571906829592,WLS,141,0.0006262793394894717
5,UPFC_tse,5-15,-2.148095414602307,72,-2.1498074184872142,WLS,141,0.0017120038849074426
0,x_tcsc,1-14,-0.13585732496846883,73,-0.13580661068184674,WLS,141,5.071428662209443e-05
1,B_svc,2,0.2813323333972141,73,0.2813444854182666,WLS,141,1.21520210525361e-05
2,UPFC_Vsh,5-15,1.1044488985245449,73,1.1056731534264512,WLS,141,0.001224254901906363
3,UPFC_tsh,5-15,-0.22851994355979569,73,-0.22849412252952392,WLS,141,2.582103027176652e-05
4,UPFC_Vse,5-15,0.05994459701214956,73,0.06081571906829592,WLS,141,0.0008711220561463603
5,UPFC_tse,5-15,-2.149047132603666,73,-2.1498074184872142,WLS,141,0.0007602858835480397
0,x_tcsc,1-14,-0.1358827973294968,74,-0.13580661068184674,WLS,141,7.618664765005057e-05
1,B_svc,2,0.2816890273514749,74,0.2813444854182666,WLS,141,0.00034454193320826443
2,UPFC_Vsh,5-15,1.1042495936136165,74,1.1056731534264512,WLS,141,0.0014235598128347071
3,UPFC_tsh,5-15,-0.22859824531935885,74,-0.22849412252952392,WLS,141,0.00010412278983493173
4,UPFC_Vse,5-15,0.060753417795320445,74,0.06081571906829592,WLS,141,6.230127297547627e-05
5,UPFC_tse,5-15,-2.1464265068091652,74,-2.1498074184872142,WLS,141,0.0033809116780489923
0,x_tcsc,1-14,-0.1358414127718735,75,-0.13580661068184674,WLS,141,3.4802090026764265e-05
1,B_svc,2,0.28118087721114055,75,0.2813444854182666,WLS,141,0.00016360820712607582
2,UPFC_Vsh,5-15,1.1041832516977748,75,1.1056731534264512,WLS,141,0.0014899017286764682
3,UPFC_tsh,5-15,-0.22858144665172062,75,-0.22849412252952392,WLS,141,8.732412219669694e-05
4,UPFC_Vse,5-15,0.060683840869147535,75,0.06081571906829592,WLS,141,0.00013187819914838722
5,UPFC_tse,5-15,-2.1423880431008224,75,-2.1498074184872142,WLS,141,0.007419375386391813
0,x_tcsc,1-14,-0.13584584345686115,76,-0.13580661068184674,WLS,141,3.923277501441391e-05
1,B_svc,2,0.2814568795040817,76,0.2813444854182666,WLS,141,0.00011239408581509291
2,UPFC_Vsh,5-15,1.104415272403891,76,1.1056731534264512,WLS,141,0.0012578810225603032
3,UPFC_tsh,5-15,-0.22849961378713377,76,-0.22849412252952392,WLS,141,5.491257609846478e-06
4,UPFC_Vse,5-15,0.060503006005070206,76,0.06081571906829592,WLS,141,0.0003127130632257155
5,UPFC_tse,5-15,-2.1465960356063323,76,-2.1498074184872142,WLS,141,0.0032113828808819633
0,x_tcsc,1-14,-0.1358441270321743,77,-0.13580661068184674,WLS,141,3.7516350327559955e-05
1,B_svc,2,0.28111873668666026,77,0.2813444854182666,WLS,141,0.00022574873160635667
2,UPFC_Vsh,5-15,1.1045751146556813,77,1.1056731534264512,WLS,141,0.0010980387707699713
3,UPFC_tsh,5-15,-0.22851763455968915,77,-0.22849412252952392,WLS,141,2.3512030165234732e-05
4,UPFC_Vse,5-15,0.05977906420451864,77,0.06081571906829592,WLS,141,0.0010366548637772838
5,UPFC_tse,5-15,-2.1474730146627876,77,-2.1498074184872142,WLS,141,0.002334403824426623
0,x_tcsc,1-14,-0.13584526192675314,78,-0.13580661068184674,WLS,141,3.865124490640137e-05
1,B_svc,2,0.28088390864078844,78,0.2813444854182666,WLS,141,0.00046057677747818326
2,UPFC_Vsh,5-15,1.1044096401561005,78,1.1056731534264512,WLS,141,0.0012635132703506802
3,UPFC_tsh,5-15,-0.22855155630104568,78,-0.22849412252952392,WLS,141,5.743377152175877e-05
4,UPFC_Vse,5-15,0.06006892149647823,78,0.06081571906829592,WLS,141,0.0007467975718176909
5,UPFC_tse,5-15,-2.1452698760572297,78,-2.1498074184872142,WLS,141,0.004537542429984498
0,x_tcsc,1-14,-0.13585152040839155,79,-0.13580661068184674,WLS,141,4.490972654480618e-05
1,B_svc,2,0.28084802299560396,79,0.2813444854182666,WLS,141,0.0004964624226626579
2,UPFC_Vsh,5-15,1.1049487792975814,79,1.1056731534264512,WLS,141,0.0007243741288698313
3,UPFC_tsh,5-15,-0.22859375654698638,79,-0.22849412252952392,WLS,141,9.963401746246325e-05
4,UPFC_Vse,5-15,0.06010392621431548,79,0.06081571906829592,WLS,141,0.0007117928539804447
5,UPFC_tse,5-15,-2.145955311910815,79,-2.1498074184872142,WLS,141,0.00385210657639945
0,x_tcsc,1-14,-0.1358109176928772,80,-0.13580661068184674,WLS,141,4.30701103046327e-06
1,B_svc,2,0.28110270837726964,80,0.2813444854182666,WLS,141,0.00024177704099698216
2,UPFC_Vsh,5-15,1.104707276185498,80,1.1056731534264512,WLS,141,0.0009658772409533167
3,UPFC_tsh,5-15,-0.2285720718470338,80,-0.22849412252952392,WLS,141,7.794931750987333e-05
4,UPFC_Vse,5-15,0.060096980963360254,80,0.06081571906829592,WLS,141,0.0007187381049356678
5,UPFC_tse,5-15,-2.149747582287779,80,-2.1498074184872142,WLS,141,5.98361994352814e-05
0,x_tcsc,1-14,-0.13585649603636044,81,-0.13580661068184674,WLS,141,4.988535451369569e-05
1,B_svc,2,0.281007560657313,81,0.2813444854182666,WLS,141,0.00033692476095359414
2,UPFC_Vsh,5-15,1.1043801526153247,81,1.1056731534264512,WLS,141,0.001293000811126488
3,UPFC_tsh,5-15,-0.22851933658584192,81,-0.22849412252952392,WLS,141,2.5214056318001443e-05
4,UPFC_Vse,5-15,0.06070991034817287,81,0.06081571906829592,WLS,141,0.00010580872012305037
5,UPFC_tse,5-15,-2.142669745401501,81,-2.1498074184872142,WLS,141,0.007137673085713114
0,x_tcsc,1-14,-0.13585940931538193,82,-0.13580661068184674,WLS,141,5.279863353518932e-05
1,B_svc,2,0.28135477652924734,82,0.2813444854182666,WLS,141,1.029111098072022e-05
2,UPFC_Vsh,5-15,1.1045698473587835,82,1.1056731534264512,WLS,141,0.0011033060676677309
3,UPFC_tsh,5-15,-0.22853717937892803,82,-0.22849412252952392,WLS,141,4.305684940411614e-05
4,UPFC_Vse,5-15,0.060154339162399956,82,0.06081571906829592,WLS,141,0.000661379905895966
5,UPFC_tse,5-15,-2.146040924738544,82,-2.1498074184872142,WLS,141,0.0037664937486701078
0,x_tcsc,1-14,-0.1358555575859354,83,-0.13580661068184674,WLS,141,4.8946904088659204e-05
1,B_svc,2,0.28100424943866736,83,0.2813444854182666,WLS,141,0.0003402359795992571
2,UPFC_Vsh,5-15,1.104550063682805,83,1.1056731534264512,WLS,141,0.0011230897436462772
3,UPFC_tsh,5-15,-0.22854971247660683,83,-0.22849412252952392,WLS,141,5.5589947082906876e-05
4,UPFC_Vse,5-15,0.060309745705112904,83,0.06081571906829592,WLS,141,0.0005059733631830182
5,UPFC_tse,5-15,-2.146328970711294,83,-2.1498074184872142,WLS,141,0.0034784477759202126
0,x_tcsc,1-14,-0.13585747387628544,84,-0.13580661068184674,WLS,141,5.0863194438699466e-05
1,B_svc,2,0.2814100640038661,84,0.2813444854182666,WLS,141,6.557858559946839e-05
2,UPFC_Vsh,5-15,1.10460745336828,84,1.1056731534264512,WLS,141,0.0010657000581713039
3,UPFC_tsh,5-15,-0.2285502961667121,84,-0.22849412252952392,WLS,141,5.61736371881838e-05
4,UPFC_Vse,5-15,0.060278740919839,84,0.06081571906829592,WLS,141,0.0005369781484569208
5,UPFC_tse,5-15,-2.143463878515636,84,-2.1498074184872142,WLS,141,0.006343539971578327
0,x_tcsc,1-14,-0.13585075822565926,85,-0.13580661068184674,WLS,141,4.4147543812517176e-05
1,B_svc,2,0.2809439712649017,85,0.2813444854182666,WLS,141,0.0004005141533648948
2,UPFC_Vsh,5-15,1.1043906054485855,85,1.1056731534264512,WLS,141,0.0012825479778657556
3,UPFC_tsh,5-15,-0.2285869898148713,85,-0.22849412252952392,WLS,141,9.286728534738109e-05
4,UPFC_Vse,5-15,0.060030122461569586,85,0.06081571906829592,WLS,141,0.0007855966067263354
5,UPFC_tse,5-15,-2.147534160461584,85,-2.1498074184872142,WLS,141,0.002273258025630387
0,x_tcsc,1-14,-0.13584524863325648,86,-0.13580661068184674,WLS,141,3.8637951409736804e-05
1,B_svc,2,0.2811589843146654,86,0.2813444854182666,WLS,141,0.00018550110360121552
2,UPFC_Vsh,5-15,1.1048405044717156,86,1.1056731534264512,WLS,141,0.0008326489547356708
3,UPFC_tsh,5-15,-0.2285438268506752,86,-0.22849412252952392,WLS,141,4.970432115128376e-05
4,UPFC_Vse,5-15,0.06047644581793846,86,0.06081571906829592,WLS,141,0.00033927325035746497
5,UPFC_tse,5-15,-2.144586023904538,86,-2.1498074184872142,WLS,141,0.005221394582676453
0,x_tcsc,1-14,-0.13584499717567255,87,-0.13580661068184674,WLS,141,3.838649382581494e-05
1,B_svc,2,0.28094584473117623,87,0.2813444854182666,WLS,141,0.00039864068709039024
2,UPFC_Vsh,5-15,1.104400086910928,87,1.1056731534264512,WLS,141,0.001273066515523169
3,UPFC_tsh,5-15,-0.22858522802211445,87,-0.22849412252952392,WLS,141,9.110549259053191e-05
4,UPFC_Vse,5-15,0.06028729940669553,87,0.06081571906829592,WLS,141,0.0005284196616003947
5,UPFC_tse,5-15,-2.1461669860165156,87,-2.1498074184872142,WLS,141,0.0036404324706986735
0,x_tcsc,1-14,-0.13584562764244826,88,-0.13580661068184674,WLS,141,3.9016960601517825e-05
1,B_svc,2,0.2810646587517504,88,0.2813444854182666,WLS,141,0.00027982666651621413
2,UPFC_Vsh,5-15,1.1045433908345228,88,1.1056731534264512,WLS,141,0.0011297625919284293
3,UPFC_tsh,5-15,-0.22853918072449209,88,-0.22849412252952392,WLS,141,4.505819496816721e-05
4,UPFC_Vse,5-15,0.05993742332420523,88,0.06081571906829592,WLS,141,0.000878295744090693
5,UPFC_tse,5-15,-2.1441873069200748,88,-2.1498074184872142,WLS,141,0.005620111567139485
0,x_tcsc,1-14,-0.13585345251721456,89,-0.13580661068184674,WLS,141,4.684183536782238e-05
1,B_svc,2,0.2811880989259773,89,0.2813444854182666,WLS,141,0.00015638649228932877
2,UPFC_Vsh,5-15,1.1048051720197236,89,1.1056731534264512,WLS,141,0.0008679814067276137
3,UPFC_tsh,5-15,-0.22847839234912076,89,-0.22849412252952392,WLS,141,1.5730180403156213e-05
4,UPFC_Vse,5-15,0.06032127467441174,89,0.06081571906829592,WLS,141,0.0004944443938841789
5,UPFC_tse,5-15,-2.146635152273348,89,-2.1498074184872142,WLS,141,0.003172266213866237
0,x_tcsc,1-14,-0.13584963721661947,90,-0.13580661068184674,WLS,141,4.3026534772727665e-05
1,B_svc,2,0.2811665929151237,90,0.2813444854182666,WLS,141,0.00017789250314292904
2,UPFC_Vsh,5-15,1.1045971404179287,90,1.1056731534264512,WLS,141,0.0010760130085225583
3,UPFC_tsh,5-15,-0.22849811077550872,90,-0.22849412252952392,WLS,141,3.988245984798411e-06
4,UPFC_Vse,5-15,0.0603750326089262,90,0.06081571906829592,WLS,141,0.0004406864593697185
5,UPFC_tse,5-15,-2.147088999816849,90,-2.1498074184872142,WLS,141,0.0027184186703652635
0,x_tcsc,1-14,-0.13585897564335847,91,-0.13580661068184674,WLS,141,5.2364961511730534e-05
1,B_svc,2,0.28121968352335064,91,0.2813444854182666,WLS,141,0.00012480189491598237
2,UPFC_Vsh,5-15,1.1041695706431327,91,1.1056731534264512,WLS,141,0.0015035827833185245
3,UPFC_tsh,5-15,-0.22856286087863412,91,-0.22849412252952392,WLS,141,6.873834911019783e-05
4,UPFC_Vse,5-15,0.06009629665876717,91,0.06081571906829592,WLS,141,0.0007194224095287485
5,UPFC_tse,5-15,-2.1471036032595734,91,-2.1498074184872142,WLS,141,0.002703815227640849
0,x_tcsc,1-14,-0.1358526587505052,92,-0.13580661068184674,WLS,141,4.6048068658460783e-05
1,B_svc,2,0.2805236092481503,92,0.2813444854182666,WLS,141,0.0008208761701163358
2,UPFC_Vsh,5-15,1.1043035377628823,92,1.1056731534264512,WLS,141,0.0013696156635689682
3,UPFC_tsh,5-15,-0.22850470578135137,92,-0.22849412252952392,WLS,141,1.058325182745623e-05
4,UPFC_Vse,5-15,0.06002452811860442,92,0.06081571906829592,WLS,141,0.0007911909496915032
5,UPFC_tse,5-15,-2.1453660567903077,92,-2.1498074184872142,WLS,141,0.004441361696906565
0,x_tcsc,1-14,-0.13583994857014964,93,-0.13580661068184674,WLS,141,3.3337888302897856e-05
1,B_svc,2,0.2815038330019579,93,0.2813444854182666,WLS,141,0.00015934758369129387
2,UPFC_Vsh,5-15,1.1046134126627933,93,1.1056731534264512,WLS,141,0.0010597407636578904
3,UPFC_tsh,5-15,-0.22860268218363206,93,-0.22849412252952392,WLS,141,0.00010855965410813684
4,UPFC_Vse,5-15,0.060056868791093634,93,0.06081571906829592,WLS,141,0.0007588502772022873
5,UPFC_tse,5-15,-2.14900082170136,93,-2.1498074184872142,WLS,141,0.0008065967858543743
0,x_tcsc,1-14,-0.13585974460659497,94,-0.13580661068184674,WLS,141,5.31339247482332e-05
1,B_svc,2,0.28189426207895957,94,0.2813444854182666,WLS,141,0.0005497766606929466
2,UPFC_Vsh,5-15,1.104101179217561,94,1.1056731534264512,WLS,141,0.0015719742088902144
3,UPFC_tsh,5-15,-0.22860541600903944,94,-0.22849412252952392,WLS,141,0.00011129347951552293
4,UPFC_Vse,5-15,0.060213864567415724,94,0.06081571906829592,WLS,141,0.0006018545008801973
5,UPFC_tse,5-15,-2.1519406879446925,94,-2.1498074184872142,WLS,141,0.0021332694574782707
0,x_tcsc,1-14,-0.13585388263336695,95,-0.13580661068184674,WLS,141,4.727195152021135e-05
1,B_svc,2,0.28155735599616905,95,0.2813444854182666,WLS,141,0.00021287057790242425
2,UPFC_Vsh,5-15,1.1044719546227728,95,1.1056731534264512,WLS,141,0.001201198803678416
3,UPFC_tsh,5-15,-0.22859595402042782,95,-0.22849412252952392,WLS,141,0.00010183149090389754
4,UPFC_Vse,5-15,0.060298119257095176,95,0.06081571906829592,WLS,141,0.000517599811200746
5,UPFC_tse,5-15,-2.1467187149513567,95,-2.1498074184872142,WLS,141,0.003088703535857551
0,x_tcsc,1-14,-0.1358560086361453,96,-0.13580661068184674,WLS,141,4.939795429856342e-05
1,B_svc,2,0.2808301423947858,96,0.2813444854182666,WLS,141,0.0005143430234808011
2,UPFC_Vsh,5-15,1.1045145290610656,96,1.1056731534264512,WLS,141,0.0011586243653856076
3,UPFC_tsh,5-15,-0.22857759047003234,96,-0.22849412252952392,WLS,141,8.346794050842488e-05
4,UPFC_Vse,5-15,0.06025021112879307,96,0.06081571906829592,WLS,141,0.0005655079395028503
5,UPFC_tse,5-15,-2.1488862624577285,96,-2.1498074184872142,WLS,141,0.0009211560294857257
0,x_tcsc,1-14,-0.13585275829478535,97,-0.13580661068184674,WLS,141,4.6147612938612914e-05
1,B_svc,2,0.2804909841779028,97,0.2813444854182666,WLS,141,0.0008535012403638187
2,UPFC_Vsh,5-15,1.1046378513268482,97,1.1056731534264512,WLS,141,0.0010353020996030082
3,UPFC_tsh,5-15,-0.22850935870172254,97,-0.22849412252952392,WLS,141,1.523617219861828e-05
4,UPFC_Vse,5-15,0.060384845548090926,97,0.06081571906829592,WLS,141,0.0004308735202049954
5,UPFC_tse,5-15,-2.1444160712141693,97,-2.1498074184872142,WLS,141,0.005391347273044911
0,x_tcsc,1-14,-0.13585237336512698,98,-0.13580661068184674,WLS,141,4.576268328024269e-05
1,B_svc,2,0.28100117155767756,98,0.2813444854182666,WLS,141,0.0003433138605890562
2,UPFC_Vsh,5-15,1.1041607327026999,98,1.1056731534264512,WLS,141,0.001512420723751351
3,UPFC_tsh,5-15,-0.22858074294744646,98,-0.22849412252952392,WLS,141,8.662041792253938e-05
4,UPFC_Vse,5-15,0.06036094867180231,98,0.06081571906829592,WLS,141,0.00045477039649360895
5,UPFC_tse,5-15,-2.1456058217120244,98,-2.1498074184872142,WLS,141,0.004201596775189831
0,x_tcsc,1-14,-0.13586946681178405,99,-0.13580661068184674,WLS,141,6.285612993731093e-05
1,B_svc,2,0.2806058200269262,99,0.2813444854182666,WLS,141,0.0007386653913404317
2,UPFC_Vsh,5-15,1.1044972475467902,99,1.1056731534264512,WLS,141,0.0011759058796609878
3,UPFC_tsh,5-15,-0.22854019805515255,99,-0.22849412252952392,WLS,141,4.607552562863049e-05
4,UPFC_Vse,5-15,0.060117452317381546,99,0.06081571906829592,WLS,141,0.0006982667509143753
5,UPFC_tse,5-15,-2.1497404047321087,99,-2.1498074184872142,WLS,141,6.701375510553831e-05
0,x_tcsc,1-14,-0.13369952589911416,0,-0.13364542032262494,WLS,143,5.410557648921621e-05
1,B_svc,2,0.27172772866288286,0,0.2721553884124666,WLS,143,0.0004276597495837531
2,UPFC_Vsh,5-15,1.104550405569943,0,1.1069501479929083,WLS,143,0.0023997424229651454
3,UPFC_tsh,5-15,-0.23041091628406676,0,-0.2303785885119013,WLS,143,3.2327772165469115e-05
4,UPFC_Vse,5-15,0.0600439465455263,0,0.06074059081715823,WLS,143,0.0006966442716319285
5,UPFC_tse,5-15,-2.1457954476920973,0,-2.1490655122213376,WLS,143,0.0032700645292402797
0,x_tcsc,1-14,-0.13367874777884545,1,-0.13364542032262494,WLS,143,3.332745622050548e-05
1,B_svc,2,0.2717233399191505,1,0.2721553884124666,WLS,143,0.0004320484933161284
2,UPFC_Vsh,5-15,1.1041043070851158,1,1.1069501479929083,WLS,143,0.002845840907792496
3,UPFC_tsh,5-15,-0.23044942781192904,1,-0.2303785885119013,WLS,143,7.083930002774186e-05
4,UPFC_Vse,5-15,0.05947594569559539,1,0.06074059081715823,WLS,143,0.001264645121562838
5,UPFC_tse,5-15,-2.1449616356076495,1,-2.1490655122213376,WLS,143,0.004103876613688051
0,x_tcsc,1-14,-0.133709419493143,2,-0.13364542032262494,WLS,143,6.399917051805315e-05
1,B_svc,2,0.27233713831378614,2,0.2721553884124666,WLS,143,0.00018174990131952784
2,UPFC_Vsh,5-15,1.1045031434381376,2,1.1069501479929083,WLS,143,0.0024470045547706487
3,UPFC_tsh,5-15,-0.2305140526653363,2,-0.2303785885119013,WLS,143,0.0001354641534350165
4,UPFC_Vse,5-15,0.06050057252261314,2,0.06074059081715823,WLS,143,0.00024001829454508433
5,UPFC_tse,5-15,-2.147934382466882,2,-2.1490655122213376,WLS,143,0.0011311297544556176
0,x_tcsc,1-14,-0.13368907160310747,3,-0.13364542032262494,WLS,143,4.365128048253175e-05
1,B_svc,2,0.271737041610879,3,0.2721553884124666,WLS,143,0.00041834680158758797
2,UPFC_Vsh,5-15,1.1046293443328257,3,1.1069501479929083,WLS,143,0.002320803660082582
3,UPFC_tsh,5-15,-0.23044728494018116,3,-0.2303785885119013,WLS,143,6.8696428279863e-05
4,UPFC_Vse,5-15,0.060408087111584706,3,0.06074059081715823,WLS,143,0.0003325037055735211
5,UPFC_tse,5-15,-2.1451930141051663,3,-2.1490655122213376,WLS,143,0.003872498116171297
0,x_tcsc,1-14,-0.13371326812327394,4,-0.13364542032262494,WLS,143,6.784780064900131e-05
1,B_svc,2,0.27181381052522113,4,0.2721553884124666,WLS,143,0.0003415778872454811
2,UPFC_Vsh,5-15,1.104271770484227,4,1.1069501479929083,WLS,143,0.0026783775086811623
3,UPFC_tsh,5-15,-0.2304923864482417,4,-0.2303785885119013,WLS,143,0.00011379793634039292
4,UPFC_Vse,5-15,0.06022506601883755,4,0.06074059081715823,WLS,143,0.0005155247983206768
5,UPFC_tse,5-15,-2.14770419416621,4,-2.1490655122213376,WLS,143,0.001361318055127736
0,x_tcsc,1-14,-0.13370365858082456,5,-0.13364542032262494,WLS,143,5.823825819961659e-05
1,B_svc,2,0.27201615097681997,5,0.2721553884124666,WLS,143,0.00013923743564664415
2,UPFC_Vsh,5-15,1.1045379276210445,5,1.1069501479929083,WLS,143,0.002412220371863727
3,UPFC_tsh,5-15,-0.23047129494539914,5,-0.2303785885119013,WLS,143,9.270643349784669e-05
4,UPFC_Vse,5-15,0.06038777041329593,5,0.06074059081715823,WLS,143,0.0003528204038622945
5,UPFC_tse,5-15,-2.1407877316297026,5,-2.1490655122213376,WLS,143,0.008277780591634976
0,x_tcsc,1-14,-0.1337089236094543,6,-0.13364542032262494,WLS,143,6.350328682935835e-05
1,B_svc,2,0.27189645346836566,6,0.2721553884124666,WLS,143,0.0002589349441009525
2,UPFC_Vsh,5-15,1.1044435924470104,6,1.1069501479929083,WLS,143,0.0025065555458978483
3,UPFC_tsh,5-15,-0.2304517076110039,6,-0.2303785885119013,WLS,143,7.311909910259762e-05
4,UPFC_Vse,5-15,0.05998661195536015,6,0.06074059081715823,WLS,143,0.0007539788617980797
5,UPFC_tse,5-15,-2.1494451688804896,6,-2.1490655122213376,WLS,143,0.00037965665915207225
0,x_tcsc,1-14,-0.13370653991684167,7,-0.13364542032262494,WLS,143,6.111959421672974e-05
1,B_svc,2,0.2717940300878147,7,0.2721553884124666,WLS,143,0.00036135832465189477
2,UPFC_Vsh,5-15,1.1044942860457152,7,1.1069501479929083,WLS,143,0.00245586194719305
3,UPFC_tsh,5-15,-0.23046091212118403,7,-0.2303785885119013,WLS,143,8.232360928273064e-05
4,UPFC_Vse,5-15,0.06019589914754622,7,0.06074059081715823,WLS,143,0.0005446916696120047
5,UPFC_tse,5-15,-2.1502027203769485,7,-2.1490655122213376,WLS,143,0.0011372081556109137
0,x_tcsc,1-14,-0.13370347689688922,8,-0.13364542032262494,WLS,143,5.8056574264275795e-05
1,B_svc,2,0.2717697939390582,8,0.2721553884124666,WLS,143,0.0003855944734084127
2,UPFC_Vsh,5-15,1.1047671948665498,8,1.1069501479929083,WLS,143,0.002182953126358411
3,UPFC_tsh,5-15,-0.23044449644977946,8,-0.2303785885119013,WLS,143,6.590793787816795e-05
4,UPFC_Vse,5-15,0.06022412473620092,8,0.06074059081715823,WLS,143,0.0005164660809573104
5,UPFC_tse,5-15,-2.1513901567902227,8,-2.1490655122213376,WLS,143,0.002324644568885148
0,x_tcsc,1-14,-0.13369808236546057,9,-0.13364542032262494,WLS,143,5.2662042835632805e-05
1,B_svc,2,0.2716919443644176,9,0.2721553884124666,WLS,143,0.00046344404804898875
2,UPFC_Vsh,5-15,1.1042757760929138,9,1.1069501479929083,WLS,143,0.002674371899994421
3,UPFC_tsh,5-15,-0.23045205733748583,9,-0.2303785885119013,WLS,143,7.346882558453838e-05
4,UPFC_Vse,5-15,0.06038894182328107,9,0.06074059081715823,WLS,143,0.0003516489938771572
5,UPFC_tse,5-15,-2.144173903792125,9,-2.1490655122213376,WLS,143,0.004891608429212546
0,x_tcsc,1-14,-0.1337175636205398,10,-0.13364542032262494,WLS,143,7.214329791485619e-05
1,B_svc,2,0.2725354907664711,10,0.2721553884124666,WLS,143,0.00038010235400448567
2,UPFC_Vsh,5-15,1.1042844504958444,10,1.1069501479929083,WLS,143,0.0026656974970638014
3,UPFC_tsh,5-15,-0.2305549466276948,10,-0.2303785885119013,WLS,143,0.00017635811579350125
4,UPFC_Vse,5-15,0.06047643953174167,10,0.06074059081715823,WLS,143,0.00026415128541655564
5,UPFC_tse,5-15,-2.1489396874362585,10,-2.1490655122213376,WLS,143,0.00012582478507905392
0,x_tcsc,1-14,-0.1337212038122717,11,-0.13364542032262494,WLS,143,7.578348964676351e-05
1,B_svc,2,0.27177099302488206,11,0.2721553884124666,WLS,143,0.0003843953875845574
2,UPFC_Vsh,5-15,1.1044271677911874,11,1.1069501479929083,WLS,143,0.0025229802017208147
3,UPFC_tsh,5-15,-0.2304497886075094,11,-0.2303785885119013,WLS,143,7.120009560809826e-05
4,UPFC_Vse,5-15,0.06036100256403203,11,0.06074059081715823,WLS,143,0.00037958825312619376
5,UPFC_tse,5-15,-2.1457898185686113,11,-2.1490655122213376,WLS,143,0.003275693652726286
0,x_tcsc,1-14,-0.13370986439513746,12,-0.13364542032262494,WLS,143,6.44440725125206e-05
1,B_svc,2,0.27238145435503375,12,0.2721553884124666,WLS,143,0.00022606594256713297
2,UPFC_Vsh,5-15,1.104386175863603,12,1.1069501479929083,WLS,143,0.0025639721293051476
3,UPFC_tsh,5-15,-0.23040884951544516,12,-0.2303785885119013,WLS,143,3.0261003543863296e-05
4,UPFC_Vse,5-15,0.05942939904271768,12,0.06074059081715823,WLS,143,0.0013111917744405496
5,UPFC_tse,5-15,-2.1471231705802256,12,-2.1490655122213376,WLS,143,0.0019423416411119554
0,x_tcsc,1-14,-0.13370629705248746,13,-0.13364542032262494,WLS,143,6.087672986251902e-05
1,B_svc,2,0.27244770220016434,13,0.2721553884124666,WLS,143,0.00029231378769772887
2,UPFC_Vsh,5-15,1.1043752666806341,13,1.1069501479929083,WLS,143,0.0025748813122741243
3,UPFC_tsh,5-15,-0.2304400704301876,13,-0.2303785885119013,WLS,143,6.148191828631022e-05
4,UPFC_Vse,5-15,0.05983524124283756,13,0.06074059081715823,WLS,143,0.0009053495743206671
5,UPFC_tse,5-15,-2.1467437587775247,13,-2.1490655122213376,WLS,143,0.002321753443812913
0,x_tcsc,1-14,-0.13371374997812557,14,-0.13364542032262494,WLS,143,6.832965550063186e-05
1,B_svc,2,0.2718361392261305,14,0.2721553884124666,WLS,143,0.00031924918633613464
2,UPFC_Vsh,5-15,1.1042036476441268,14,1.1069501479929083,WLS,143,0.0027465003487814332
3,UPFC_tsh,5-15,-0.23043008986200647,14,-0.2303785885119013,WLS,143,5.1501350105176424e-05
4,UPFC_Vse,5-15,0.06012739741290523,14,0.06074059081715823,WLS,143,0.0006131934042529971
5,UPFC_tse,5-15,-2.142200738684757,14,-2.1490655122213376,WLS,143,0.0068647735365807705
0,x_tcsc,1-14,-0.13368549310238143,15,-0.13364542032262494,WLS,143,4.007277975648371e-05
1,B_svc,2,0.2717164884439259,15,0.2721553884124666,WLS,143,0.0004388999685407402
2,UPFC_Vsh,5-15,1.1045196736150764,15,1.1069501479929083,WLS,143,0.002430474377831837
3,UPFC_tsh,5-15,-0.2304103448774622,15,-0.2303785885119013,WLS,143,3.175636556090877e-05
4,UPFC_Vse,5-15,0.06019243553085493,15,0.06074059081715823,WLS,143,0.0005481552863032951
5,UPFC_tse,5-15,-2.1431556384900765,15,-2.1490655122213376,WLS,143,0.005909873731261062
0,x_tcsc,1-14,-0.1336996075191081,16,-0.13364542032262494,WLS,143,5.4187196483146405e-05
1,B_svc,2,0.2720246187771067,16,0.2721553884124666,WLS,143,0.00013076963535990638
2,UPFC_Vsh,5-15,1.1045888925139566,16,1.1069501479929083,WLS,143,0.002361255478951607
3,UPFC_tsh,5-15,-0.23045645238745258,16,-0.2303785885119013,WLS,143,7.786387555128171e-05
4,UPFC_Vse,5-15,0.059889791598450426,16,0.06074059081715823,WLS,143,0.0008507992187078012
5,UPFC_tse,5-15,-2.1469709282074723,16,-2.1490655122213376,WLS,143,0.0020945840138653082
0,x_tcsc,1-14,-0.13371049735158755,17,-0.13364542032262494,WLS,143,6.507702896260681e-05
1,B_svc,2,0.27223046628412256,17,0.2721553884124666,WLS,143,7.507787165594859e-05
2,UPFC_Vsh,5-15,1.104385863044761,17,1.1069501479929083,WLS,143,0.0025642849481473107
3,UPFC_tsh,5-15,-0.23043069439306976,17,-0.2303785885119013,WLS,143,5.210588116846826e-05
4,UPFC_Vse,5-15,0.060009303881577346,17,0.06074059081715823,WLS,143,0.0007312869355808813
5,UPFC_tse,5-15,-2.146109391398029,17,-2.1490655122213376,WLS,143,0.002956120823308428
0,x_tcsc,1-14,-0.1337158840676662,18,-0.13364542032262494,WLS,143,7.046374504127151e-05
1,B_svc,2,0.27237154177748846,18,0.2721553884124666,WLS,143,0.0002161533650218428
2,UPFC_Vsh,5-15,1.1040166724519231,18,1.1069501479929083,WLS,143,0.0029334755409851088
3,UPFC_tsh,5-15,-0.2304877083133162,18,-0.2303785885119013,WLS,143,0.00010911980141489752
4,UPFC_Vse,5-15,0.060643430362948135,18,0.06074059081715823,WLS,143,9.716045421009206e-05
5,UPFC_tse,5-15,-2.1435730390491257,18,-2.1490655122213376,WLS,143,0.005492473172211909
0,x_tcsc,1-14,-0.13371548659368643,19,-0.13364542032262494,WLS,143,7.006627106148633e-05
1,B_svc,2,0.2717909173687549,19,0.2721553884124666,WLS,143,0.0003644710437117338
2,UPFC_Vsh,5-15,1.1044029521710315,19,1.1069501479929083,WLS,143,0.002547195821876791
3,UPFC_tsh,5-15,-0.2304289515470012,19,-0.2303785885119013,WLS,143,5.036303509989293e-05
4,UPFC_Vse,5-15,0.06023028801231537,19,0.06074059081715823,WLS,143,0.0005103028048428562
5,UPFC_tse,5-15,-2.1472375498108023,19,-2.1490655122213376,WLS,143,0.0018279624105352887
0,x_tcsc,1-14,-0.13371448748572753,20,-0.13364542032262494,WLS,143,6.906716310259298e-05
1,B_svc,2,0.2725151534588622,20,0.2721553884124666,WLS,143,0.00035976504639556595
2,UPFC_Vsh,5-15,1.1042107921904112,20,1.1069501479929083,WLS,143,0.0027393558024970677
3,UPFC_tsh,5-15,-0.23046407438697777,20,-0.2303785885119013,WLS,143,8.548587507647976e-05
4,UPFC_Vse,5-15,0.060500400890633195,20,0.06074059081715823,WLS,143,0.00024018992652503207
5,UPFC_tse,5-15,-2.1446739333245097,20,-2.1490655122213376,WLS,143,0.004391578896827841
0,x_tcsc,1-14,-0.13370649349463357,21,-0.13364542032262494,WLS,143,6.107317200862439e-05
1,B_svc,2,0.2718915856871386,21,0.2721553884124666,WLS,143,0.00026380272532799953
2,UPFC_Vsh,5-15,1.1045548612837264,21,1.1069501479929083,WLS,143,0.0023952867091818764
3,UPFC_tsh,5-15,-0.23038659938413736,21,-0.2303785885119013,WLS,143,8.010872236063893e-06
4,UPFC_Vse,5-15,0.060366474226152864,21,0.06074059081715823,WLS,143,0.00037411659100536343
5,UPFC_tse,5-15,-2.1468362328412374,21,-2.1490655122213376,WLS,143,0.002229279380100202
0,x_tcsc,1-14,-0.133700083699677,22,-0.13364542032262494,WLS,143,5.4663377052066586e-05
1,B_svc,2,0.27201562176295674,22,0.2721553884124666,WLS,143,0.00013976664950987594
2,UPFC_Vsh,5-15,1.1044632444891345,22,1.1069501479929083,WLS,143,0.0024869035037737852
3,UPFC_tsh,5-15,-0.23038777172235475,22,-0.2303785885119013,WLS,143,9.183210453456159e-06
4,UPFC_Vse,5-15,0.05991788866720924,22,0.06074059081715823,WLS,143,0.0008227021499489853
5,UPFC_tse,5-15,-2.1461205002313126,22,-2.1490655122213376,WLS,143,0.0029450119900249483
0,x_tcsc,1-14,-0.13371196067446126,23,-0.13364542032262494,WLS,143,6.65403518363139e-05
1,B_svc,2,0.27202889411461306,23,0.2721553884124666,WLS,143,0.00012649429785355215
2,UPFC_Vsh,5-15,1.1042229481871786,23,1.1069501479929083,WLS,143,0.002727199805729663
3,UPFC_tsh,5-15,-0.2304812126056324,23,-0.2303785885119013,WLS,143,0.00010262409373110182
4,UPFC_Vse,5-15,0.06018818828431668,23,0.06074059081715823,WLS,143,0.0005524025328415491
5,UPFC_tse,5-15,-2.1434114090953558,23,-2.1490655122213376,WLS,143,0.005654103125981802
0,x_tcsc,1-14,-0.1336912721965112,24,-0.13364542032262494,WLS,143,4.585187388625456e-05
1,B_svc,2,0.2722070289540639,24,0.2721553884124666,WLS,143,5.164054159728648e-05
2,UPFC_Vsh,5-15,1.1041490596557362,24,1.1069501479929083,WLS,143,0.002801088337172075
3,UPFC_tsh,5-15,-0.23048455836816145,24,-0.2303785885119013,WLS,143,0.00010596985626015742
4,UPFC_Vse,5-15,0.06041189678350223,24,0.06074059081715823,WLS,143,0.00032869403365599903
5,UPFC_tse,5-15,-2.1428576102939525,24,-2.1490655122213376,WLS,143,0.006207901927385073
0,x_tcsc,1-14,-0.13371030582267132,25,-0.13364542032262494,WLS,143,6.488550004637994e-05
1,B_svc,2,0.2713699201215007,25,0.2721553884124666,WLS,143,0.0007854682909659294
2,UPFC_Vsh,5-15,1.1045049687255017,25,1.1069501479929083,WLS,143,0.0024451792674065054
3,UPFC_tsh,5-15,-0.23047535920984177,25,-0.2303785885119013,WLS,143,9.677069794047921e-05
4,UPFC_Vse,5-15,0.05999160907534334,25,0.06074059081715823,WLS,143,0.00074898174181489
5,UPFC_tse,5-15,-2.1476657672502615,25,-2.1490655122213376,WLS,143,0.001399744971076089
0,x_tcsc,1-14,-0.13370690287997022,26,-0.13364542032262494,WLS,143,6.148255734528263e-05
1,B_svc,2,0.2720375981284768,26,0.2721553884124666,WLS,143,0.00011779028398983815
2,UPFC_Vsh,5-15,1.104486722536741,26,1.1069501479929083,WLS,143,0.0024634254561672897
3,UPFC_tsh,5-15,-0.23050442092772555,26,-0.2303785885119013,WLS,143,0.0001258324158242563
4,UPFC_Vse,5-15,0.06016067973843042,26,0.06074059081715823,WLS,143,0.0005799110787278045
5,UPFC_tse,5-15,-2.1486098685014983,26,-2.1490655122213376,WLS,143,0.00045564371983930485
0,x_tcsc,1-14,-0.1337016031609195,27,-0.13364542032262494,WLS,143,5.618283829456061e-05
1,B_svc,2,0.27205564142534944,27,0.2721553884124666,WLS,143,9.974698711717744e-05
2,UPFC_Vsh,5-15,1.1041431518806877,27,1.1069501479929083,WLS,143,0.002806996112220572
3,UPFC_tsh,5-15,-0.23050711779795988,27,-0.2303785885119013,WLS,143,0.00012852928605858183
4,UPFC_Vse,5-15,0.060050089498225746,27,0.06074059081715823,WLS,143,0.0006905013189324807
5,UPFC_tse,5-15,-2.1459217439207574,27,-2.1490655122213376,WLS,143,0.003143768300580163
0,x_tcsc,1-14,-0.1337228614160484,28,-0.13364542032262494,WLS,143,7.744109342344707e-05
1,B_svc,2,0.27187163198111736,28,0.2721553884124666,WLS,143,0.000283756431349258
2,UPFC_Vsh,5-15,1.1041123898880196,28,1.1069501479929083,WLS,143,0.0028377581048886213
3,UPFC_tsh,5-15,-0.23045974125169652,28,-0.2303785885119013,WLS,143,8.115273979522608e-05
4,UPFC_Vse,5-15,0.06045414469106644,28,0.06074059081715823,WLS,143,0.00028644612609178555
5,UPFC_tse,5-15,-2.1450849858364354,28,-2.1490655122213376,WLS,143,0.0039805263849022055
0,x_tcsc,1-14,-0.1337078231869529,29,-0.13364542032262494,WLS,143,6.24028643279595e-05
1,B_svc,2,0.27215177916772954,29,0.2721553884124666,WLS,143,3.6092447370794645e-06
2,UPFC_Vsh,5-15,1.1043473030413093,29,1.1069501479929083,WLS,143,0.002602844951598904
3,UPFC_tsh,5-15,-0.2304259347035496,29,-0.2303785885119013,WLS,143,4.7346191648312e-05
4,UPFC_Vse,5-15,0.06005738189530484,29,0.06074059081715823,WLS,143,0.0006832089218533899
5,UPFC_tse,5-15,-2.1464054715179044,29,-2.1490655122213376,WLS,143,0.0026600407034331752
0,x_tcsc,1-14,-0.13370063361035012,30,-0.13364542032262494,WLS,143,5.521328772517542e-05
1,B_svc,2,0.2720729674884793,30,0.2721553884124666,WLS,143,8.242092398730305e-05
2,UPFC_Vsh,5-15,1.1045877438938454,30,1.1069501479929083,WLS,143,0.0023624040990628536
3,UPFC_tsh,5-15,-0.23039240914619508,30,-0.2303785885119013,WLS,143,1.3820634293781886e-05
4,UPFC_Vse,5-15,0.05989872172381868,30,0.06074059081715823,WLS,143,0.0008418690933395465
5,UPFC_tse,5-15,-2.146433476616557,30,-2.1490655122213376,WLS,143,0.002632035604780647
0,x_tcsc,1-14,-0.13370466056435484,31,-0.13364542032262494,WLS,143,5.9240241729902055e-05
1,B_svc,2,0.27171330286898693,31,0.2721553884124666,WLS,143,0.00044208554347968665
2,UPFC_Vsh,5-15,1.1045972836216151,31,1.1069501479929083,WLS,143,0.0023528643712931174
3,UPFC_tsh,5-15,-0.23045332767087637,31,-0.2303785885119013,WLS,143,7.473915897507344e-05
4,UPFC_Vse,5-15,0.06040622728675419,31,0.06074059081715823,WLS,143,0.0003343635304040374
5,UPFC_tse,5-15,-2.1460940021827106,31,-2.1490655122213376,WLS,143,0.0029715100386269455
0,x_tcsc,1-14,-0.1336828207484365,32,-0.13364542032262494,WLS,143,3.740042581154568e-05
1,B_svc,2,0.2717668256528368,32,0.2721553884124666,WLS,143,0.0003885627596298402
2,UPFC_Vsh,5-15,1.1042213135447216,32,1.1069501479929083,WLS,143,0.0027288344481866122
3,UPFC_tsh,5-15,-0.23050062910595087,32,-0.2303785885119013,WLS,143,0.00012204059404957723
4,UPFC_Vse,5-15,0.06037739602049304,32,0.06074059081715823,WLS,143,0.0003631947966651894
5,UPFC_tse,5-15,-2.145296069994451,32,-2.1490655122213376,WLS,143,0.0037694422268863548
0,x_tcsc,1-14,-0.1337193417063023,33,-0.13364542032262494,WLS,143,7.392138367737222e-05
1,B_svc,2,0.27203162154769467,33,0.2721553884124666,WLS,143,0.00012376686477194587
2,UPFC_Vsh,5-15,1.1042557851991321,33,1.1069501479929083,WLS,143,0.002694362793776106
3,UPFC_tsh,5-15,-0.23046286303290503,33,-0.2303785885119013,WLS,143,8.427452100373545e-05
4,UPFC_Vse,5-15,0.059793706211976605,33,0.06074059081715823,WLS,143,0.0009468846051816221
5,UPFC_tse,5-15,-2.1477758182467,33,-2.1490655122213376,WLS,143,0.001289693974637629
0,x_tcsc,1-14,-0.1337035664907998,34,-0.13364542032262494,WLS,143,5.814616817487184e-05
1,B_svc,2,0.2724160532016083,34,0.2721553884124666,WLS,143,0.00026066478914166247
2,UPFC_Vsh,5-15,1.1043428782808813,34,1.1069501479929083,WLS,143,0.0026072697120269606
3,UPFC_tsh,5-15,-0.2304837045592616,34,-0.2303785885119013,WLS,143,0.00010511604736029856
4,UPFC_Vse,5-15,0.06006030623581202,34,0.06074059081715823,WLS,143,0.0006802845813462105
5,UPFC_tse,5-15,-2.1484373376161088,34,-2.1490655122213376,WLS,143,0.0006281746052287929
0,x_tcsc,1-14,-0.13370839833348713,35,-0.13364542032262494,WLS,143,6.297801086219135e-05
1,B_svc,2,0.27205409653258006,35,0.2721553884124666,WLS,143,0.00010129187988655586
2,UPFC_Vsh,5-15,1.1042482900921613,35,1.1069501479929083,WLS,143,0.002701857900746951
3,UPFC_tsh,5-15,-0.2304179679765296,35,-0.2303785885119013,WLS,143,3.93794646283141e-05
4,UPFC_Vse,5-15,0.0600835466623784,35,0.06074059081715823,WLS,143,0.0006570441547798303
5,UPFC_tse,5-15,-2.1475674548944914,35,-2.1490655122213376,WLS,143,0.0014980573268461583
0,x_tcsc,1-14,-0.1337162101810614,36,-0.13364542032262494,WLS,143,7.078985843644858e-05
1,B_svc,2,0.27189777715887353,36,0.2721553884124666,WLS,143,0.0002576112535930819
2,UPFC_Vsh,5-15,1.1042723218284143,36,1.1069501479929083,WLS,143,0.0026778261644939683
3,UPFC_tsh,5-15,-0.2304709955802486,36,-0.2303785885119013,WLS,143,9.24070683473166e-05
4,UPFC_Vse,5-15,0.059784750027984994,36,0.06074059081715823,WLS,143,0.0009558407891732332
5,UPFC_tse,5-15,-2.146107169729226,36,-2.1490655122213376,WLS,143,0.0029583424921115764
0,x_tcsc,1-14,-0.1337114617199701,37,-0.13364542032262494,WLS,143,6.604139734514569e-05
1,B_svc,2,0.2716273110385837,37,0.2721553884124666,WLS,143,0.0005280773738829403
2,UPFC_Vsh,5-15,1.1044690742240664,37,1.1069501479929083,WLS,143,0.0024810737688418794
3,UPFC_tsh,5-15,-0.2304712614275902,37,-0.2303785885119013,WLS,143,9.267291568890168e-05
4,UPFC_Vse,5-15,0.0600851367767528,37,0.06074059081715823,WLS,143,0.0006554540404054288
5,UPFC_tse,5-15,-2.14852301070041,37,-2.1490655122213376,WLS,143,0.0005425015209277184
0,x_tcsc,1-14,-0.13370694072492922,38,-0.13364542032262494,WLS,143,6.152040230428257e-05
1,B_svc,2,0.2718192147829874,38,0.2721553884124666,WLS,143,0.0003361736294792417
2,UPFC_Vsh,5-15,1.1043003094131874,38,1.1069501479929083,WLS,143,0.002649838579720898
3,UPFC_tsh,5-15,-0.2304446552003267,38,-0.2303785885119013,WLS,143,6.606668842540353e-05
4,UPFC_Vse,5-15,0.060221804978043816,38,0.06074059081715823,WLS,143,0.0005187858391144107
5,UPFC_tse,5-15,-2.146004652150307,38,-2.1490655122213376,WLS,143,0.003060860071030458
0,x_tcsc,1-14,-0.13369108105473537,39,-0.13364542032262494,WLS,143,4.566073211043076e-05
1,B_svc,2,0.2714527919850287,39,0.2721553884124666,WLS,143,0.0007025964274379182
2,UPFC_Vsh,5-15,1.1044009751123225,39,1.1069501479929083,WLS,143,0.0025491728805857594
3,UPFC_tsh,5-15,-0.23048652290779337,39,-0.2303785885119013,WLS,143,0.0001079343958920731
4,UPFC_Vse,5-15,0.06023211065584162,39,0.06074059081715823,WLS,143,0.0005084801613166046
5,UPFC_tse,5-15,-2.1479751999784753,39,-2.1490655122213376,WLS,143,0.001090312242862268
0,x_tcsc,1-14,-0.13371835596598403,40,-0.13364542032262494,WLS,143,7.293564335908442e-05
1,B_svc,2,0.27176712360423555,40,0.2721553884124666,WLS,143,0.0003882648082310647
2,UPFC_Vsh,5-15,1.1046049936160098,40,1.1069501479929083,WLS,143,0.0023451543768984173
3,UPFC_tsh,5-15,-0.230464747068496,40,-0.2303785885119013,WLS,143,8.61585565947176e-05
4,UPFC_Vse,5-15,0.06036552310550385,40,0.06074059081715823,WLS,143,0.0003750677116543741
5,UPFC_tse,5-15,-2.1442818962856935,40,-2.1490655122213376,WLS,143,0.0047836159356440255
0,x_tcsc,1-14,-0.13370637350927067,41,-0.13364542032262494,WLS,143,6.095318664572913e-05
1,B_svc,2,0.2718837364900498,41,0.2721553884124666,WLS,143,0.0002716519224167935
2,UPFC_Vsh,5-15,1.1045323080943819,41,1.1069501479929083,WLS,143,0.002417839898526397
3,UPFC_tsh,5-15,-0.23040865230197663,41,-0.2303785885119013,WLS,143,3.0063790075335328e-05
4,UPFC_Vse,5-15,0.060045442813350364,41,0.06074059081715823,WLS,143,0.0006951480038078633
5,UPFC_tse,5-15,-2.147006593863984,41,-2.1490655122213376,WLS,143,0.002058918357353612
0,x_tcsc,1-14,-0.1337198504677936,42,-0.13364542032262494,WLS,143,7.443014516866908e-05
1,B_svc,2,0.2720055517658035,42,0.2721553884124666,WLS,143,0.00014983664666312624
2,UPFC_Vsh,5-15,1.1044631883272356,42,1.1069501479929083,WLS,143,0.0024869596656726944
3,UPFC_tsh,5-15,-0.2304447584038505,42,-0.2303785885119013,WLS,143,6.616989194921374e-05
4,UPFC_Vse,5-15,0.060109839276888385,42,0.06074059081715823,WLS,143,0.0006307515402698416
5,UPFC_tse,5-15,-2.1461509940578627,42,-2.1490655122213376,WLS,143,0.0029145181634748774
0,x_tcsc,1-14,-0.13370027799841763,43,-0.13364542032262494,WLS,143,5.4857675792691074e-05
1,B_svc,2,0.272121215231788,43,0.2721553884124666,WLS,143,3.4173180678609416e-05
2,UPFC_Vsh,5-15,1.1043389702530417,43,1.1069501479929083,WLS,143,0.0026111777398665215
3,UPFC_tsh,5-15,-0.23038694593377274,43,-0.2303785885119013,WLS,143,8.357421871441062e-06
4,UPFC_Vse,5-15,0.05971652861961965,43,0.06074059081715823,WLS,143,0.001024062197538575
5,UPFC_tse,5-15,-2.146579926619777,43,-2.1490655122213376,WLS,143,0.002485585601560647
0,x_tcsc,1-14,-0.13369911254938066,44,-0.13364542032262494,WLS,143,5.3692226755719386e-05
1,B_svc,2,0.27192050156627556,44,0.2721553884124666,WLS,143,0.00023488684619105138
2,UPFC_Vsh,5-15,1.103925895036808,44,1.1069501479929083,WLS,143,0.003024252956100204
3,UPFC_tsh,5-15,-0.23050900494219942,44,-0.2303785885119013,WLS,143,0.00013041643029812477
4,UPFC_Vse,5-15,0.06032968772275898,44,0.06074059081715823,WLS,143,0.0004109030943992495
5,UPFC_tse,5-15,-2.143825620197862,44,-2.1490655122213376,WLS,143,0.005239892023475523
0,x_tcsc,1-14,-0.1337097764926497,45,-0.13364542032262494,WLS,143,6.435617002475968e-05
1,B_svc,2,0.2717012588252359,45,0.2721553884124666,WLS,143,0.0004541295872307338
2,UPFC_Vsh,5-15,1.104065246343568,45,1.1069501479929083,WLS,143,0.002884901649340188
3,UPFC_tsh,5-15,-0.2304888898423456,45,-0.2303785885119013,WLS,143,0.00011030133044431789
4,UPFC_Vse,5-15,0.059972537628685436,45,0.06074059081715823,WLS,143,0.0007680531884727906
5,UPFC_tse,5-15,-2.149239991689399,45,-2.1490655122213376,WLS,143,0.00017447946806159464
0,x_tcsc,1-14,-0.13371575163573696,46,-0.13364542032262494,WLS,143,7.033131311201535e-05
1,B_svc,2,0.27191000838824736,46,0.2721553884124666,WLS,143,0.000245380024219255
2,UPFC_Vsh,5-15,1.1044421479026967,46,1.1069501479929083,WLS,143,0.0025080000902115707
3,UPFC_tsh,5-15,-0.23041897017211993,46,-0.2303785885119013,WLS,143,4.038166021863576e-05
4,UPFC_Vse,5-15,0.0602255778488366,46,0.06074059081715823,WLS,143,0.0005150129683216265
5,UPFC_tse,5-15,-2.1437636193798313,46,-2.1490655122213376,WLS,143,0.005301892841506284
0,x_tcsc,1-14,-0.13369311269444953,47,-0.13364542032262494,WLS,143,4.7692371824586965e-05
1,B_svc,2,0.27188372313299913,47,0.2721553884124666,WLS,143,0.0002716652794674812
2,UPFC_Vsh,5-15,1.1047527416962126,47,1.1069501479929083,WLS,143,0.0021974062966956254
3,UPFC_tsh,5-15,-0.23042403450514812,47,-0.2303785885119013,WLS,143,4.544599324682319e-05
4,UPFC_Vse,5-15,0.059587676849472256,47,0.06074059081715823,WLS,143,0.0011529139676859715
5,UPFC_tse,5-15,-2.14732723989268,47,-2.1490655122213376,WLS,143,0.0017382723286574198
0,x_tcsc,1-14,-0.1336971841108108,48,-0.13364542032262494,WLS,143,5.176378818586014e-05
1,B_svc,2,0.2720959848149835,48,0.2721553884124666,WLS,143,5.9403597483131954e-05
2,UPFC_Vsh,5-15,1.1048430746638858,48,1.1069501479929083,WLS,143,0.0021070733290224908
3,UPFC_tsh,5-15,-0.23041648278733318,48,-0.2303785885119013,WLS,143,3.7894275431882285e-05
4,UPFC_Vse,5-15,0.060355426881637794,48,0.06074059081715823,WLS,143,0.0003851639355204328
5,UPFC_tse,5-15,-2.147336952333946,48,-2.1490655122213376,WLS,143,0.001728559887391512
0,x_tcsc,1-14,-0.13372846597714882,49,-0.13364542032262494,WLS,143,8.304565452388335e-05
1,B_svc,2,0.27168358700312367,49,0.2721553884124666,WLS,143,0.00047180140934294235
2,UPFC_Vsh,5-15,1.104342543617206,49,1.1069501479929083,WLS,143,0.002607604375702177
3,UPFC_tsh,5-15,-0.2305197162077276,49,-0.2303785885119013,WLS,143,0.00014112769582630413
4,UPFC_Vse,5-15,0.060253593067248735,49,0.06074059081715823,WLS,143,0.0004869977499094916
5,UPFC_tse,5-15,-2.1452282960881712,49,-2.1490655122213376,WLS,143,0.0038372161331663435
0,x_tcsc,1-14,-0.13370545289113286,50,-0.13364542032262494,WLS,143,6.003256850792282e-05
1,B_svc,2,0.27194801409823244,50,0.2721553884124666,WLS,143,0.00020737431423417663
2,UPFC_Vsh,5-15,1.1045095523389261,50,1.1069501479929083,WLS,143,0.002440595653982136
3,UPFC_tsh,5-15,-0.2304420853811657,50,-0.2303785885119013,WLS,143,6.349686926440667e-05
4,UPFC_Vse,5-15,0.060296250892030404,50,0.06074059081715823,WLS,143,0.0004443399251278235
5,UPFC_tse,5-15,-2.146450400608967,50,-2.1490655122213376,WLS,143,0.002615111612370491
0,x_tcsc,1-14,-0.1337110950892405,51,-0.13364542032262494,WLS,143,6.567476661556437e-05
1,B_svc,2,0.271940163967683,51,0.2721553884124666,WLS,143,0.0002152244447836127
2,UPFC_Vsh,5-15,1.104387685250313,51,1.1069501479929083,WLS,143,0.002562462742595306
3,UPFC_tsh,5-15,-0.23048307193681733,51,-0.2303785885119013,WLS,143,0.00010448342491603535
4,UPFC_Vse,5-15,0.060443507774169444,51,0.06074059081715823,WLS,143,0.00029708304298878274
5,UPFC_tse,5-15,-2.143894613178328,51,-2.1490655122213376,WLS,143,0.0051708990430094914
0,x_tcsc,1-14,-0.13371959125856278,52,-0.13364542032262494,WLS,143,7.417093593783952e-05
1,B_svc,2,0.27235898105597744,52,0.2721553884124666,WLS,143,0.0002035926435108304
2,UPFC_Vsh,5-15,1.1043526801061463,52,1.1069501479929083,WLS,143,0.0025974678867619616
3,UPFC_tsh,5-15,-0.2304464484023125,52,-0.2303785885119013,WLS,143,6.785989041119267e-05
4,UPFC_Vse,5-15,0.060127078871073276,52,0.06074059081715823,WLS,143,0.0006135119460849506
5,UPFC_tse,5-15,-2.149093285767974,52,-2.1490655122213376,WLS,143,2.7773546636300495e-05
0,x_tcsc,1-14,-0.13371898856698597,53,-0.13364542032262494,WLS,143,7.356824436102749e-05
1,B_svc,2,0.27200229909932583,53,0.2721553884124666,WLS,143,0.00015308931314078622
2,UPFC_Vsh,5-15,1.10428360005481,53,1.1069501479929083,WLS,143,0.002666547938098285
3,UPFC_tsh,5-15,-0.23048838984237788,53,-0.2303785885119013,WLS,143,0.00010980133047658325
4,UPFC_Vse,5-15,0.0601125776608288,53,0.06074059081715823,WLS,143,0.0006280131563294253
5,UPFC_tse,5-15,-2.1486392874317626,53,-2.1490655122213376,WLS,143,0.00042622478957499155
0,x_tcsc,1-14,-0.13371171855003391,54,-0.13364542032262494,WLS,143,6.629822740897295e-05
1,B_svc,2,0.2721763434390954,54,0.2721553884124666,WLS,143,2.0955026628799445e-05
2,UPFC_Vsh,5-15,1.1045154103460668,54,1.1069501479929083,WLS,143,0.002434737646841434
3,UPFC_tsh,5-15,-0.23048559320361092,54,-0.2303785885119013,WLS,143,0.0001070046917096279
4,UPFC_Vse,5-15,0.06036393569679404,54,0.06074059081715823,WLS,143,0.0003766551203641874
5,UPFC_tse,5-15,-2.1450926762055467,54,-2.1490655122213376,WLS,143,0.003972836015790904
0,x_tcsc,1-14,-0.1337123728924243,55,-0.13364542032262494,WLS,143,6.69525697993556e-05
1,B_svc,2,0.27212867625980347,55,0.2721553884124666,WLS,143,2.6712152663144195e-05
2,UPFC_Vsh,5-15,1.1043073987198806,55,1.1069501479929083,WLS,143,0.002642749273027656
3,UPFC_tsh,5-15,-0.23045287810485318,55,-0.2303785885119013,WLS,143,7.42895929518872e-05
4,UPFC_Vse,5-15,0.0601420265135312,55,0.06074059081715823,WLS,143,0.0005985643036270291
5,UPFC_tse,5-15,-2.147123019999527,55,-2.1490655122213376,WLS,143,0.0019424922218105323
0,x_tcsc,1-14,-0.1337099809345394,56,-0.13364542032262494,WLS,143,6.456061191445484e-05
1,B_svc,2,0.27188192619840557,56,0.2721553884124666,WLS,143,0.00027346221406104876
2,UPFC_Vsh,5-15,1.1043405484158866,56,1.1069501479929083,WLS,143,0.0026095995770216707
3,UPFC_tsh,5-15,-0.2304447814277258,56,-0.2303785885119013,WLS,143,6.619291582449227e-05
4,UPFC_Vse,5-15,0.06005957980925621,56,0.06074059081715823,WLS,143,0.0006810110079020146
5,UPFC_tse,5-15,-2.1446306137125184,56,-2.1490655122213376,WLS,143,0.004434898508819174
0,x_tcsc,1-14,-0.13372372398063836,57,-0.13364542032262494,WLS,143,7.830365801342332e-05
1,B_svc,2,0.27188850933762065,57,0.2721553884124666,WLS,143,0.0002668790748459604
2,UPFC_Vsh,5-15,1.104437315042667,57,1.1069501479929083,WLS,143,0.002512832950241295
3,UPFC_tsh,5-15,-0.23050160903199857,57,-0.2303785885119013,WLS,143,0.00012302052009727227
4,UPFC_Vse,5-15,0.06020611449660207,57,0.06074059081715823,WLS,143,0.000534476320556157
5,UPFC_tse,5-15,-2.14384243938881,57,-2.1490655122213376,WLS,143,0.005223072832527542
0,x_tcsc,1-14,-0.13370143493175088,58,-0.13364542032262494,WLS,143,5.6014609125937254e-05
1,B_svc,2,0.27157215896910814,58,0.2721553884124666,WLS,143,0.0005832294433584795
2,UPFC_Vsh,5-15,1.1043053748672276,58,1.1069501479929083,WLS,143,0.0026447731256806772
3,UPFC_tsh,5-15,-0.23048210712309364,58,-0.2303785885119013,WLS,143,0.00010351861119234362
4,UPFC_Vse,5-15,0.059608771048307245,58,0.06074059081715823,WLS,143,0.001131819768850982
5,UPFC_tse,5-15,-2.1476192042761184,58,-2.1490655122213376,WLS,143,0.0014463079452191607
0,x_tcsc,1-14,-0.1337168526857762,59,-0.13364542032262494,WLS,143,7.143236315126922e-05
1,B_svc,2,0.2721701152535734,59,0.2721553884124666,WLS,143,1.4726841106760258e-05
2,UPFC_Vsh,5-15,1.1045824588654247,59,1.1069501479929083,WLS,143,0.00236768912748353
3,UPFC_tsh,5-15,-0.23046082793170966,59,-0.2303785885119013,WLS,143,8.223941980836647e-05
4,UPFC_Vse,5-15,0.06015458881674053,59,0.06074059081715823,WLS,143,0.0005860020004176958
5,UPFC_tse,5-15,-2.1497020585018434,59,-2.1490655122213376,WLS,143,0.0006365462805058009
0,x_tcsc,1-14,-0.13371563739558107,60,-0.13364542032262494,WLS,143,7.021707295612467e-05
1,B_svc,2,0.27185391438132106,60,0.2721553884124666,WLS,143,0.0003014740311455544
2,UPFC_Vsh,5-15,1.1042579132974937,60,1.1069501479929083,WLS,143,0.002692234695414575
3,UPFC_tsh,5-15,-0.23048761890888192,60,-0.2303785885119013,WLS,143,0.000109030396980625
4,UPFC_Vse,5-15,0.06023961767167611,60,0.06074059081715823,WLS,143,0.0005009731454821142
5,UPFC_tse,5-15,-2.146221599552979,60,-2.1490655122213376,WLS,143,0.0028439126683585947
0,x_tcsc,1-14,-0.13372287082543433,61,-0.13364542032262494,WLS,143,7.745050280938415e-05
1,B_svc,2,0.2721930622340302,61,0.2721553884124666,WLS,143,3.7673821563610765e-05
2,UPFC_Vsh,5-15,1.1046093240525827,61,1.1069501479929083,WLS,143,0.0023408239403255315
3,UPFC_tsh,5-15,-0.23035565156904309,61,-0.2303785885119013,WLS,143,2.2936942858209353e-05
4,UPFC_Vse,5-15,0.05979458284204327,61,0.06074059081715823,WLS,143,0.0009460079751149597
5,UPFC_tse,5-15,-2.1479799538302093,61,-2.1490655122213376,WLS,143,0.0010855583911282274
0,x_tcsc,1-14,-0.1337133022475054,62,-0.13364542032262494,WLS,143,6.788192488046962e-05
1,B_svc,2,0.2720396504058679,62,0.2721553884124666,WLS,143,0.00011573800659869793
2,UPFC_Vsh,5-15,1.104797641483427,62,1.1069501479929083,WLS,143,0.002152506509481178
3,UPFC_tsh,5-15,-0.23046591606575978,62,-0.2303785885119013,WLS,143,8.732755385848501e-05
4,UPFC_Vse,5-15,0.06008431934646782,62,0.06074059081715823,WLS,143,0.0006562714706904102
5,UPFC_tse,5-15,-2.146219741824116,62,-2.1490655122213376,WLS,143,0.0028457703972217807
0,x_tcsc,1-14,-0.1337016516414774,63,-0.13364542032262494,WLS,143,5.623131885246213e-05
1,B_svc,2,0.2718742524838227,63,0.2721553884124666,WLS,143,0.00028113592864392745
2,UPFC_Vsh,5-15,1.104109368325946,63,1.1069501479929083,WLS,143,0.0028407796669622787
3,UPFC_tsh,5-15,-0.23047254000158351,63,-0.2303785885119013,WLS,143,9.395148968222022e-05
4,UPFC_Vse,5-15,0.0603951191141152,63,0.06074059081715823,WLS,143,0.00034547170304302655
5,UPFC_tse,5-15,-2.1440929624436027,63,-2.1490655122213376,WLS,143,0.004972549777734869
0,x_tcsc,1-14,-0.1337165519568855,64,-0.13364542032262494,WLS,143,7.113163426056279e-05
1,B_svc,2,0.27200530732929845,64,0.2721553884124666,WLS,143,0.00015008108316816315
2,UPFC_Vsh,5-15,1.1042556837860873,64,1.1069501479929083,WLS,143,0.0026944642068209568
3,UPFC_tsh,5-15,-0.23048326477358283,64,-0.2303785885119013,WLS,143,0.00010467626168153554
4,UPFC_Vse,5-15,0.060122906852449524,64,0.06074059081715823,WLS,143,0.0006176839647087026
5,UPFC_tse,5-15,-2.143625374100625,64,-2.1490655122213376,WLS,143,0.005440138120712756
0,x_tcsc,1-14,-0.13371712635544988,65,-0.13364542032262494,WLS,143,7.170603282494192e-05
1,B_svc,2,0.27223249295187285,65,0.2721553884124666,WLS,143,7.71045394062364e-05
2,UPFC_Vsh,5-15,1.1043107777202301,65,1.1069501479929083,WLS,143,0.002639370272678132
3,UPFC_tsh,5-15,-0.23051710962494923,65,-0.2303785885119013,WLS,143,0.00013852111304793469
4,UPFC_Vse,5-15,0.06007807820575508,65,0.06074059081715823,WLS,143,0.0006625126114031474
5,UPFC_tse,5-15,-2.147102632821424,65,-2.1490655122213376,WLS,143,0.001962879399913575
0,x_tcsc,1-14,-0.13372635655958584,66,-0.13364542032262494,WLS,143,8.093623696089902e-05
1,B_svc,2,0.27244886277086666,66,0.2721553884124666,WLS,143,0.00029347435840004765
2,UPFC_Vsh,5-15,1.104511669538741,66,1.1069501479929083,WLS,143,0.0024384784541673366
3,UPFC_tsh,5-15,-0.23033190809516324,66,-0.2303785885119013,WLS,143,4.668041673805412e-05
4,UPFC_Vse,5-15,0.05951591888354199,66,0.06074059081715823,WLS,143,0.0012246719336162365
5,UPFC_tse,5-15,-2.14328838947538,66,-2.1490655122213376,WLS,143,0.005777122745957541
0,x_tcsc,1-14,-0.1337156781701766,67,-0.13364542032262494,WLS,143,7.025784755165798e-05
1,B_svc,2,0.2727057733433455,67,0.2721553884124666,WLS,143,0.0005503849308788888
2,UPFC_Vsh,5-15,1.104087323245608,67,1.1069501479929083,WLS,143,0.0028628247473001522
3,UPFC_tsh,5-15,-0.23054408028968834,67,-0.2303785885119013,WLS,143,0.00016549177778704682
4,UPFC_Vse,5-15,0.06001874564764453,67,0.06074059081715823,WLS,143,0.0007218451695137004
5,UPFC_tse,5-15,-2.1444126027927086,67,-2.1490655122213376,WLS,143,0.0046529094286289485
0,x_tcsc,1-14,-0.13371010862053687,68,-0.13364542032262494,WLS,143,6.468829791192454e-05
1,B_svc,2,0.2720231896143704,68,0.2721553884124666,WLS,143,0.00013219879809622803
2,UPFC_Vsh,5-15,1.1045563921392554,68,1.1069501479929083,WLS,143,0.002393755853652868
3,UPFC_tsh,5-15,-0.23044922552057726,68,-0.2303785885119013,WLS,143,7.063700867596112e-05
4,UPFC_Vse,5-15,0.06019782904696412,68,0.06074059081715823,WLS,143,0.0005427617701941057
5,UPFC_tse,5-15,-2.148905760848112,68,-2.1490655122213376,WLS,143,0.0001597513732254363
0,x_tcsc,1-14,-0.13371841264215462,69,-0.13364542032262494,WLS,143,7.299231952967444e-05
1,B_svc,2,0.2716268645164651,69,0.2721553884124666,WLS,143,0.0005285238960014982
2,UPFC_Vsh,5-15,1.1043681506089567,69,1.1069501479929083,WLS,143,0.0025819973839515953
3,UPFC_tsh,5-15,-0.23045317679464164,69,-0.2303785885119013,WLS,143,7.458828274034546e-05
4,UPFC_Vse,5-15,0.06042149986411857,69,0.06074059081715823,WLS,143,0.0003190909530396552
5,UPFC_tse,5-15,-2.146614712600986,69,-2.1490655122213376,WLS,143,0.0024507996203517735
0,x_tcsc,1-14,-0.1337048945586267,70,-0.13364542032262494,WLS,143,5.9474236001749725e-05
1,B_svc,2,0.2716027499239316,70,0.2721553884124666,WLS,143,0.0005526384885350399
2,UPFC_Vsh,5-15,1.1045244179463083,70,1.1069501479929083,WLS,143,0.002425730046599961
3,UPFC_tsh,5-15,-0.23038660482461099,70,-0.2303785885119013,WLS,143,8.016312709691054e-06
4,UPFC_Vse,5-15,0.05957519584524976,70,0.06074059081715823,WLS,143,0.0011653949719084705
5,UPFC_tse,5-15,-2.146400300711072,70,-2.1490655122213376,WLS,143,0.0026652115102656637
0,x_tcsc,1-14,-0.13368915993169653,71,-0.13364542032262494,WLS,143,4.3739609071585805e-05
1,B_svc,2,0.2718381078244918,71,0.2721553884124666,WLS,143,0.00031728058797481085
2,UPFC_Vsh,5-15,1.1041477035964011,71,1.1069501479929083,WLS,143,0.00280244439650712
3,UPFC_tsh,5-15,-0.2304574680784507,71,-0.2303785885119013,WLS,143,7.887956654939465e-05
4,UPFC_Vse,5-15,0.059995716639690715,71,0.06074059081715823,WLS,143,0.0007448741774675124
5,UPFC_tse,5-15,-2.1474395408912685,71,-2.1490655122213376,WLS,143,0.0016259713300690315
0,x_tcsc,1-14,-0.13371079859444518,72,-0.13364542032262494,WLS,143,6.537827182023781e-05
1,B_svc,2,0.27211519622419594,72,0.2721553884124666,WLS,143,4.019218827067128e-05
2,UPFC_Vsh,5-15,1.1044863147192143,72,1.1069501479929083,WLS,143,0.0024638332736939272
3,UPFC_tsh,5-15,-0.23048706829521273,72,-0.2303785885119013,WLS,143,0.00010847978331143815
4,UPFC_Vse,5-15,0.060127465008251745,72,0.06074059081715823,WLS,143,0.0006131258089064826
5,UPFC_tse,5-15,-2.1472133756005767,72,-2.1490655122213376,WLS,143,0.0018521366207608914
0,x_tcsc,1-14,-0.13370442650099154,73,-0.13364542032262494,WLS,143,5.9006178366599604e-05
1,B_svc,2,0.27198260615853886,73,0.2721553884124666,WLS,143,0.00017278225392775015
2,UPFC_Vsh,5-15,1.1044923010812644,73,1.1069501479929083,WLS,143,0.0024578469116438573
3,UPFC_tsh,5-15,-0.23043315239962162,73,-0.2303785885119013,WLS,143,5.456388772032139e-05
4,UPFC_Vse,5-15,0.059953545429169385,73,0.06074059081715823,WLS,143,0.0007870453879888425
5,UPFC_tse,5-15,-2.1480346282382867,73,-2.1490655122213376,WLS,143,0.0010308839830508454
0,x_tcsc,1-14,-0.13371455150715417,74,-0.13364542032262494,WLS,143,6.913118452922529e-05
1,B_svc,2,0.2723968038076238,74,0.2721553884124666,WLS,143,0.00024141539515720734
2,UPFC_Vsh,5-15,1.104622312488659,74,1.1069501479929083,WLS,143,0.0023278355042493093
3,UPFC_tsh,5-15,-0.23048469727921944,74,-0.2303785885119013,WLS,143,0.00010610876731814711
4,UPFC_Vse,5-15,0.060495083350517224,74,0.06074059081715823,WLS,143,0.0002455074666410026
5,UPFC_tse,5-15,-2.1458831032957915,74,-2.1490655122213376,WLS,143,0.0031824089255461097
0,x_tcsc,1-14,-0.13370512256513115,75,-0.13364542032262494,WLS,143,5.970224250620437e-05
1,B_svc,2,0.27178217213781436,75,0.2721553884124666,WLS,143,0.00037321627465225493
2,UPFC_Vsh,5-15,1.1042312442508213,75,1.1069501479929083,WLS,143,0.002718903742086942
3,UPFC_tsh,5-15,-0.23042402604431353,75,-0.2303785885119013,WLS,143,4.5437532412234694e-05
4,UPFC_Vse,5-15,0.06048876510567518,75,0.06074059081715823,WLS,143,0.0002518257114830502
5,UPFC_tse,5-15,-2.141434912573649,75,-2.1490655122213376,WLS,143,0.007630599647688641
0,x_tcsc,1-14,-0.13371327183170928,76,-0.13364542032262494,WLS,143,6.78515090843379e-05
1,B_svc,2,0.2723661634918433,76,0.2721553884124666,WLS,143,0.00021077507937666828
2,UPFC_Vsh,5-15,1.1043990967707176,76,1.1069501479929083,WLS,143,0.002551051222190681
3,UPFC_tsh,5-15,-0.23046582289119397,76,-0.2303785885119013,WLS,143,8.723437929267219e-05
4,UPFC_Vse,5-15,0.06042870542540114,76,0.06074059081715823,WLS,143,0.0003118853917570899
5,UPFC_tse,5-15,-2.144779568725868,76,-2.1490655122213376,WLS,143,0.004285943495469624
0,x_tcsc,1-14,-0.13370655441542165,77,-0.13364542032262494,WLS,143,6.113409279670523e-05
1,B_svc,2,0.27176082603645874,77,0.2721553884124666,WLS,143,0.0003945623760078787
2,UPFC_Vsh,5-15,1.1041666570262547,77,1.1069501479929083,WLS,143,0.0027834909666535346
3,UPFC_tsh,5-15,-0.230454961652318,77,-0.2303785885119013,WLS,143,7.637314041669674e-05
4,UPFC_Vse,5-15,0.0597496016124477,77,0.06074059081715823,WLS,143,0.000990989204710524
5,UPFC_tse,5-15,-2.1470083186384565,77,-2.1490655122213376,WLS,143,0.002057193582881034
0,x_tcsc,1-14,-0.13370799832887284,78,-0.13364542032262494,WLS,143,6.257800624789867e-05
1,B_svc,2,0.27166765749366384,78,0.2721553884124666,WLS,143,0.00048773091880277564
2,UPFC_Vsh,5-15,1.1042420352937845,78,1.1069501479929083,WLS,143,0.0027081126991237436
3,UPFC_tsh,5-15,-0.23053538289782977,78,-0.2303785885119013,WLS,143,0.0001567943859284715
4,UPFC_Vse,5-15,0.06007766308503423,78,0.06074059081715823,WLS,143,0.000662927732123994
5,UPFC_tse,5-15,-2.143857432474678,78,-2.1490655122213376,WLS,143,0.0052080797466596
0,x_tcsc,1-14,-0.13370742083491602,79,-0.13364542032262494,WLS,143,6.200051229107717e-05
1,B_svc,2,0.27153797210172703,79,0.2721553884124666,WLS,143,0.0006174163107395825
2,UPFC_Vsh,5-15,1.1046569003004703,79,1.1069501479929083,WLS,143,0.002293247692437994
3,UPFC_tsh,5-15,-0.23042421844606778,79,-0.2303785885119013,WLS,143,4.562993416648564e-05
4,UPFC_Vse,5-15,0.05992532728056338,79,0.06074059081715823,WLS,143,0.0008152635365948485
5,UPFC_tse,5-15,-2.145798470280033,79,-2.1490655122213376,WLS,143,0.0032670419413047824
0,x_tcsc,1-14,-0.13369799917951863,80,-0.13364542032262494,WLS,143,5.257885689369246e-05
1,B_svc,2,0.27196884814344163,80,0.2721553884124666,WLS,143,0.00018654026902498178
2,UPFC_Vsh,5-15,1.1044263966933092,80,1.1069501479929083,WLS,143,0.0025237512995990308
3,UPFC_tsh,5-15,-0.23045000043339842,80,-0.2303785885119013,WLS,143,7.141192149712206e-05
4,UPFC_Vse,5-15,0.05992213809472507,80,0.06074059081715823,WLS,143,0.0008184527224331592
5,UPFC_tse,5-15,-2.149262983507077,80,-2.1490655122213376,WLS,143,0.0001974712857393257
0,x_tcsc,1-14,-0.13370100679923358,81,-0.13364542032262494,WLS,143,5.55864766086378e-05
1,B_svc,2,0.2717707608718059,81,0.2721553884124666,WLS,143,0.00038462754066070914
2,UPFC_Vsh,5-15,1.1042978495322022,81,1.1069501479929083,WLS,143,0.0026522984607060263
3,UPFC_tsh,5-15,-0.2304837190053246,81,-0.2303785885119013,WLS,143,0.00010513049342331104
4,UPFC_Vse,5-15,0.060441318280354185,81,0.06074059081715823,WLS,143,0.0002992725368040419
5,UPFC_tse,5-15,-2.1420796061609813,81,-2.1490655122213376,WLS,143,0.006985906060356317
0,x_tcsc,1-14,-0.1337116029174934,82,-0.13364542032262494,WLS,143,6.618259486845801e-05
1,B_svc,2,0.2719476076535358,82,0.2721553884124666,WLS,143,0.00020778075893079784
2,UPFC_Vsh,5-15,1.104297112371157,82,1.1069501479929083,WLS,143,0.002653035621751343
3,UPFC_tsh,5-15,-0.23041673643678365,82,-0.2303785885119013,WLS,143,3.814792488235352e-05
4,UPFC_Vse,5-15,0.06008447590476707,82,0.06074059081715823,WLS,143,0.000656114912391155
5,UPFC_tse,5-15,-2.146033968349056,82,-2.1490655122213376,WLS,143,0.003031543872281439
0,x_tcsc,1-14,-0.13370671444494348,83,-0.13364542032262494,WLS,143,6.12941223185337e-05
1,B_svc,2,0.2717628991093972,83,0.2721553884124666,WLS,143,0.0003924893030693988
2,UPFC_Vsh,5-15,1.1044005034661921,83,1.1069501479929083,WLS,143,0.0025496445267161327
3,UPFC_tsh,5-15,-0.23043890046838472,83,-0.2303785885119013,WLS,143,6.0311956483427576e-05
4,UPFC_Vse,5-15,0.06010682061977428,83,0.06074059081715823,WLS,143,0.0006337701973839482
5,UPFC_tse,5-15,-2.1454299282421534,83,-2.1490655122213376,WLS,143,0.003635583979184176
0,x_tcsc,1-14,-0.13371345377078242,84,-0.13364542032262494,WLS,143,6.803344815747847e-05
1,B_svc,2,0.27217152351683643,84,0.2721553884124666,WLS,143,1.6135104369818798e-05
2,UPFC_Vsh,5-15,1.1047874466746082,84,1.1069501479929083,WLS,143,0.0021627013183000976
3,UPFC_tsh,5-15,-0.23046017116705206,84,-0.2303785885119013,WLS,143,8.158265515076368e-05
4,UPFC_Vse,5-15,0.060078216651117365,84,0.06074059081715823,WLS,143,0.0006623741660408619
5,UPFC_tse,5-15,-2.1427751900968786,84,-2.1490655122213376,WLS,143,0.0062903221244590135
0,x_tcsc,1-14,-0.13371340815620578,85,-0.13364542032262494,WLS,143,6.798783358083482e-05
1,B_svc,2,0.27160972130324507,85,0.2721553884124666,WLS,143,0.0005456671092215482
2,UPFC_Vsh,5-15,1.1046530588959627,85,1.1069501479929083,WLS,143,0.0022970890969455926
3,UPFC_tsh,5-15,-0.23037836097493966,85,-0.2303785885119013,WLS,143,2.2753696163335668e-07
4,UPFC_Vse,5-15,0.05988204818935193,85,0.06074059081715823,WLS,143,0.0008585426278062969
5,UPFC_tse,5-15,-2.147144272518405,85,-2.1490655122213376,WLS,143,0.0019212397029324535
0,x_tcsc,1-14,-0.1337165425651173,86,-0.13364542032262494,WLS,143,7.112224249236632e-05
1,B_svc,2,0.2720683190710858,86,0.2721553884124666,WLS,143,8.706934138080769e-05
2,UPFC_Vsh,5-15,1.1046432470970535,86,1.1069501479929083,WLS,143,0.0023069008958547244
3,UPFC_tsh,5-15,-0.23038316380588594,86,-0.2303785885119013,WLS,143,4.575293984648843e-06
4,UPFC_Vse,5-15,0.06040845479731062,86,0.06074059081715823,WLS,143,0.00033213601984760643
5,UPFC_tse,5-15,-2.144101110332806,86,-2.1490655122213376,WLS,143,0.004964401888531533
0,x_tcsc,1-14,-0.13369387148815542,87,-0.13364542032262494,WLS,143,4.845116553048312e-05
1,B_svc,2,0.27168680966737146,87,0.2721553884124666,WLS,143,0.0004685787450951495
2,UPFC_Vsh,5-15,1.1044376452212288,87,1.1069501479929083,WLS,143,0.00251250277167947
3,UPFC_tsh,5-15,-0.23049619425757975,87,-0.2303785885119013,WLS,143,0.00011760574567845627
4,UPFC_Vse,5-15,0.060180010847259276,87,0.06074059081715823,WLS,143,0.0005605799698989514
5,UPFC_tse,5-15,-2.145215005143045,87,-2.1490655122213376,WLS,143,0.0038505070782925976
0,x_tcsc,1-14,-0.13368891408151795,88,-0.13364542032262494,WLS,143,4.349375889300955e-05
1,B_svc,2,0.2717652414380395,88,0.2721553884124666,WLS,143,0.0003901469744271302
2,UPFC_Vsh,5-15,1.1043064504769782,88,1.1069501479929083,WLS,143,0.002643697515930077
3,UPFC_tsh,5-15,-0.23045922421373702,88,-0.2303785885119013,WLS,143,8.0635701835724e-05
4,UPFC_Vse,5-15,0.05985564144819246,88,0.06074059081715823,WLS,143,0.0008849493689657636
5,UPFC_tse,5-15,-2.143197935554029,88,-2.1490655122213376,WLS,143,0.005867576667308416
0,x_tcsc,1-14,-0.13372287006211586,89,-0.13364542032262494,WLS,143,7.744973949092016e-05
1,B_svc,2,0.27201440266844357,89,0.2721553884124666,WLS,143,0.00014098574402304775
2,UPFC_Vsh,5-15,1.1045313302664668,89,1.1069501479929083,WLS,143,0.00241881772644148
3,UPFC_tsh,5-15,-0.2304596513016813,89,-0.2303785885119013,WLS,143,8.106278978001202e-05
4,UPFC_Vse,5-15,0.060087701118330145,89,0.06074059081715823,WLS,143,0.0006528896988280825
5,UPFC_tse,5-15,-2.1463695669466825,89,-2.1490655122213376,WLS,143,0.0026959452746551094
0,x_tcsc,1-14,-0.1337065411583753,90,-0.13364542032262494,WLS,143,6.112083575035565e-05
1,B_svc,2,0.2718725654692014,90,0.2721553884124666,WLS,143,0.0002828229432652041
2,UPFC_Vsh,5-15,1.1044540246686139,90,1.1069501479929083,WLS,143,0.002496123324294386
3,UPFC_tsh,5-15,-0.23048480315021072,90,-0.2303785885119013,WLS,143,0.00010621463830942646
4,UPFC_Vse,5-15,0.060271752987992776,90,0.06074059081715823,WLS,143,0.0004688378291654513
5,UPFC_tse,5-15,-2.145883847912068,90,-2.1490655122213376,WLS,143,0.003181664309269472
0,x_tcsc,1-14,-0.13370160305341697,91,-0.13364542032262494,WLS,143,5.618273079202596e-05
1,B_svc,2,0.27168569672182435,91,0.2721553884124666,WLS,143,0.0004696916906422599
2,UPFC_Vsh,5-15,1.1047434529402405,91,1.1069501479929083,WLS,143,0.0022066950526677953
3,UPFC_tsh,5-15,-0.23042830707184891,91,-0.2303785885119013,WLS,143,4.97185599476202e-05
4,UPFC_Vse,5-15,0.059960550746745396,91,0.06074059081715823,WLS,143,0.000780040070412831
5,UPFC_tse,5-15,-2.1461122914352417,91,-2.1490655122213376,WLS,143,0.0029532207860958337
0,x_tcsc,1-14,-0.1337104783855556,92,-0.13364542032262494,WLS,143,6.50580629306674e-05
1,B_svc,2,0.2712791138037472,92,0.2721553884124666,WLS,143,0.0008762746087194184
2,UPFC_Vsh,5-15,1.104607308145037,92,1.1069501479929083,WLS,143,0.002342839847871314
3,UPFC_tsh,5-15,-0.23043308796783388,92,-0.2303785885119013,WLS,143,5.4499455932582874e-05
4,UPFC_Vse,5-15,0.05976582254690506,92,0.06074059081715823,WLS,143,0.0009747682702531679
5,UPFC_tse,5-15,-2.1447346298649257,92,-2.1490655122213376,WLS,143,0.00433088235641188
0,x_tcsc,1-14,-0.13370472684298448,93,-0.13364542032262494,WLS,143,5.93065203595422e-05
1,B_svc,2,0.2722210920714644,93,0.2721553884124666,WLS,143,6.57036589977733e-05
2,UPFC_Vsh,5-15,1.104320237081139,93,1.1069501479929083,WLS,143,0.0026299109117693398
3,UPFC_tsh,5-15,-0.2305333361313762,93,-0.2303785885119013,WLS,143,0.00015474761947489868
4,UPFC_Vse,5-15,0.060044127021066124,93,0.06074059081715823,WLS,143,0.0006964637960921033
5,UPFC_tse,5-15,-2.148282467307611,93,-2.1490655122213376,WLS,143,0.0007830449137267159
0,x_tcsc,1-14,-0.1337057773770098,94,-0.13364542032262494,WLS,143,6.03570543848686e-05
1,B_svc,2,0.27240710011576874,94,0.2721553884124666,WLS,143,0.00025171170330212655
2,UPFC_Vsh,5-15,1.1043613162590014,94,1.1069501479929083,WLS,143,0.0025888317339068934
3,UPFC_tsh,5-15,-0.23049996199541323,94,-0.2303785885119013,WLS,143,0.00012137348351193289
4,UPFC_Vse,5-15,0.05986101294399588,94,0.06074059081715823,WLS,143,0.0008795778731623474
5,UPFC_tse,5-15,-2.1512529139755423,94,-2.1490655122213376,WLS,143,0.002187401754204732
0,x_tcsc,1-14,-0.13370836412236375,95,-0.13364542032262494,WLS,143,6.29437997388127e-05
1,B_svc,2,0.27243808121337815,95,0.2721553884124666,WLS,143,0.0002826928009115326
2,UPFC_Vsh,5-15,1.1043378945938516,95,1.1069501479929083,WLS,143,0.0026122533990566854
3,UPFC_tsh,5-15,-0.2305110576541183,95,-0.2303785885119013,WLS,143,0.00013246914221701211
4,UPFC_Vse,5-15,0.06004523431263328,95,0.06074059081715823,WLS,143,0.0006953565045249438
5,UPFC_tse,5-15,-2.1468640070439178,95,-2.1490655122213376,WLS,143,0.0022015051774197936
0,x_tcsc,1-14,-0.13371992338908353,96,-0.13364542032262494,WLS,143,7.450306645859217e-05
1,B_svc,2,0.27154880658520664,96,0.2721553884124666,WLS,143,0.0006065818272599777
2,UPFC_Vsh,5-15,1.1044317725393695,96,1.1069501479929083,WLS,143,0.0025183754535387237
3,UPFC_tsh,5-15,-0.2305141574554751,96,-0.2303785885119013,WLS,143,0.000135568943573805
4,UPFC_Vse,5-15,0.05999151470906407,96,0.06074059081715823,WLS,143,0.0007490761080941599
5,UPFC_tse,5-15,-2.1483735413470364,96,-2.1490655122213376,WLS,143,0.0006919708743011732
0,x_tcsc,1-14,-0.13370713055959102,97,-0.13364542032262494,WLS,143,6.171023696607825e-05
1,B_svc,2,0.271187232497029,97,0.2721553884124666,WLS,143,0.0009681559154376407
2,UPFC_Vsh,5-15,1.1044490101404234,97,1.1069501479929083,WLS,143,0.002501137852484847
3,UPFC_tsh,5-15,-0.23044751751870773,97,-0.2303785885119013,WLS,143,6.892900680643965e-05
4,UPFC_Vse,5-15,0.060090117605405474,97,0.06074059081715823,WLS,143,0.0006504732117527529
5,UPFC_tse,5-15,-2.1439075237669476,97,-2.1490655122213376,WLS,143,0.005157988454389972
0,x_tcsc,1-14,-0.13370794741871192,98,-0.13364542032262494,WLS,143,6.252709608697837e-05
1,B_svc,2,0.27173188065552906,98,0.2721553884124666,WLS,143,0.0004235077569375578
2,UPFC_Vsh,5-15,1.1041134641687504,98,1.1069501479929083,WLS,143,0.002836683824157804
3,UPFC_tsh,5-15,-0.23041667424772846,98,-0.2303785885119013,WLS,143,3.808573582717023e-05
4,UPFC_Vse,5-15,0.060487099370415805,98,0.06074059081715823,WLS,143,0.00025349144674242235
5,UPFC_tse,5-15,-2.144906237454344,98,-2.1490655122213376,WLS,143,0.004159274766993626
0,x_tcsc,1-14,-0.1337168505339094,99,-0.13364542032262494,WLS,143,7.14302112844456e-05
1,B_svc,2,0.2712790264043091,99,0.2721553884124666,WLS,143,0.0008763620081574941
2,UPFC_Vsh,5-15,1.1043571431927497,99,1.1069501479929083,WLS,143,0.0025930048001585604
3,UPFC_tsh,5-15,-0.23043907950639583,99,-0.2303785885119013,WLS,143,6.049099449453865e-05
4,UPFC_Vse,5-15,0.05997477345537489,99,0.06074059081715823,WLS,143,0.0007658173617833344
5,UPFC_tse,5-15,-2.1490611394128476,99,-2.1490655122213376,WLS,143,4.372808489971902e-06
0,x_tcsc,1-14,-0.1353794334942229,0,-0.13533026318966013,WLS,145,4.917030456277893e-05
1,B_svc,2,0.27898434447636755,0,0.2792753320852308,WLS,145,0.0002909876088632579
2,UPFC_Vsh,5-15,1.104583568903,0,1.1062122242676464,WLS,145,0.001628655364646514
3,UPFC_tsh,5-15,-0.22894196105541564,0,-0.2288937475894797,WLS,145,4.8213465935947886e-05
4,UPFC_Vse,5-15,0.06027941241957784,0,0.06105957393486992,WLS,145,0.0007801615152920813
5,UPFC_tse,5-15,-2.1455140636563645,0,-2.1480552309749896,WLS,145,0.0025411673186250816
0,x_tcsc,1-14,-0.13536173270615381,1,-0.13533026318966013,WLS,145,3.1469516493687344e-05
1,B_svc,2,0.27892751835853213,1,0.2792753320852308,WLS,145,0.00034781372669867583
2,UPFC_Vsh,5-15,1.1044830215048587,1,1.1062122242676464,WLS,145,0.0017292027627877626
3,UPFC_tsh,5-15,-0.22890526992472718,1,-0.2288937475894797,WLS,145,1.1522335247482474e-05
4,UPFC_Vse,5-15,0.05962235450407392,1,0.06105957393486992,WLS,145,0.0014372194307960065
5,UPFC_tse,5-15,-2.1455136839128253,1,-2.1480552309749896,WLS,145,0.002541547062164362
0,x_tcsc,1-14,-0.13538465142081926,2,-0.13533026318966013,WLS,145,5.4388231159135936e-05
1,B_svc,2,0.2793184840326158,2,0.2792753320852308,WLS,145,4.3151947384967304e-05
2,UPFC_Vsh,5-15,1.1045431204773422,2,1.1062122242676464,WLS,145,0.0016691037903042716
3,UPFC_tsh,5-15,-0.22898333835242268,2,-0.2288937475894797,WLS,145,8.959076294298707e-05
4,UPFC_Vse,5-15,0.06059787895593646,2,0.06105957393486992,WLS,145,0.0004616949789334607
5,UPFC_tse,5-15,-2.1483168853577,2,-2.1480552309749896,WLS,145,0.00026165438271030794
0,x_tcsc,1-14,-0.1353814679194485,3,-0.13533026318966013,WLS,145,5.1204729788367764e-05
1,B_svc,2,0.27898401998851347,3,0.2792753320852308,WLS,145,0.00029131209671734437
2,UPFC_Vsh,5-15,1.1044601515704127,3,1.1062122242676464,WLS,145,0.0017520726972337641
3,UPFC_tsh,5-15,-0.22890556788360564,3,-0.2288937475894797,WLS,145,1.1820294125941544e-05
4,UPFC_Vse,5-15,0.06064583507794358,3,0.06105957393486992,WLS,145,0.00041373885692634615
5,UPFC_tse,5-15,-2.145305903158399,3,-2.1480552309749896,WLS,145,0.00274932781659043
0,x_tcsc,1-14,-0.135363179695084,4,-0.13533026318966013,WLS,145,3.2916505423863374e-05
1,B_svc,2,0.2789543167459144,4,0.2792753320852308,WLS,145,0.00032101533931638837
2,UPFC_Vsh,5-15,1.104148829986614,4,1.1062122242676464,WLS,145,0.0020633942810324157
3,UPFC_tsh,5-15,-0.2289546360921344,4,-0.2288937475894797,WLS,145,6.088850265470458e-05
4,UPFC_Vse,5-15,0.06026015721227356,4,0.06105957393486992,WLS,145,0.0007994167225963619
5,UPFC_tse,5-15,-2.1476722747306023,4,-2.1480552309749896,WLS,145,0.00038295624438733356
0,x_tcsc,1-14,-0.13536411424827394,5,-0.13533026318966013,WLS,145,3.385105861380966e-05
1,B_svc,2,0.2791442797300091,5,0.2792753320852308,WLS,145,0.00013105235522170577
2,UPFC_Vsh,5-15,1.1043539771649484,5,1.1062122242676464,WLS,145,0.0018582471026979963
3,UPFC_tsh,5-15,-0.22896139928485512,5,-0.2288937475894797,WLS,145,6.765169537542581e-05
4,UPFC_Vse,5-15,0.06055851192970144,5,0.06105957393486992,WLS,145,0.0005010620051684803
5,UPFC_tse,5-15,-2.140871535277698,5,-2.1480552309749896,WLS,145,0.007183695697291714
0,x_tcsc,1-14,-0.1353789419459759,6,-0.13533026318966013,WLS,145,4.867875631578422e-05
1,B_svc,2,0.2790590334243689,6,0.2792753320852308,WLS,145,0.0002162986608619244
2,UPFC_Vsh,5-15,1.1046017892168742,6,1.1062122242676464,WLS,145,0.0016104350507721854
3,UPFC_tsh,5-15,-0.22889789406066585,6,-0.2288937475894797,WLS,145,4.1464711861560755e-06
4,UPFC_Vse,5-15,0.06020079985740813,6,0.06105957393486992,WLS,145,0.0008587740774617936
5,UPFC_tse,5-15,-2.14900598775035,6,-2.1480552309749896,WLS,145,0.000950756775360162
0,x_tcsc,1-14,-0.13537872155491326,7,-0.13533026318966013,WLS,145,4.8458365253134517e-05
1,B_svc,2,0.27907839491128583,7,0.2792753320852308,WLS,145,0.00019693717394497767
2,UPFC_Vsh,5-15,1.1043224333631265,7,1.1062122242676464,WLS,145,0.0018897909045199057
3,UPFC_tsh,5-15,-0.22899009375287036,7,-0.2288937475894797,WLS,145,9.634616339065927e-05
4,UPFC_Vse,5-15,0.06027306886546849,7,0.06105957393486992,WLS,145,0.0007865050694014358
5,UPFC_tse,5-15,-2.149441261347353,7,-2.1480552309749896,WLS,145,0.0013860303723634004
0,x_tcsc,1-14,-0.13537062616545092,8,-0.13533026318966013,WLS,145,4.0362975790797506e-05
1,B_svc,2,0.27918818275292245,8,0.2792753320852308,WLS,145,8.714933230835609e-05
2,UPFC_Vsh,5-15,1.1044531088379264,8,1.1062122242676464,WLS,145,0.0017591154297200706
3,UPFC_tsh,5-15,-0.22900690214753894,8,-0.2288937475894797,WLS,145,0.0001131545580592419
4,UPFC_Vse,5-15,0.06046619429614207,8,0.06105957393486992,WLS,145,0.0005933796387278534
5,UPFC_tse,5-15,-2.1511693082174013,8,-2.1480552309749896,WLS,145,0.003114077242411639
0,x_tcsc,1-14,-0.13537340241076948,9,-0.13533026318966013,WLS,145,4.3139221109350645e-05
1,B_svc,2,0.27899066207590717,9,0.2792753320852308,WLS,145,0.00028467000932363984
2,UPFC_Vsh,5-15,1.1040715015600853,9,1.1062122242676464,WLS,145,0.00214072270756116
3,UPFC_tsh,5-15,-0.22896115925660654,9,-0.2288937475894797,WLS,145,6.741166712684321e-05
4,UPFC_Vse,5-15,0.060514211911759735,9,0.06105957393486992,WLS,145,0.000545362023110188
5,UPFC_tse,5-15,-2.144539114756549,9,-2.1480552309749896,WLS,145,0.0035161162184405015
0,x_tcsc,1-14,-0.1353701786329956,10,-0.13533026318966013,WLS,145,3.9915443335480916e-05
1,B_svc,2,0.279420152558783,10,0.2792753320852308,WLS,145,0.0001448204735521874
2,UPFC_Vsh,5-15,1.1044907115820832,10,1.1062122242676464,WLS,145,0.001721512685563198
3,UPFC_tsh,5-15,-0.22888793865969884,10,-0.2288937475894797,WLS,145,5.808929780859451e-06
4,UPFC_Vse,5-15,0.06037785902464023,10,0.06105957393486992,WLS,145,0.0006817149102296902
5,UPFC_tse,5-15,-2.1496674521379173,10,-2.1480552309749896,WLS,145,0.0016122211629276961
0,x_tcsc,1-14,-0.1353757135481123,11,-0.13533026318966013,WLS,145,4.545035845215928e-05
1,B_svc,2,0.2789114764489616,11,0.2792753320852308,WLS,145,0.000363855636269228
2,UPFC_Vsh,5-15,1.1045340363100076,11,1.1062122242676464,WLS,145,0.0016781879576388548
3,UPFC_tsh,5-15,-0.2288996084662976,11,-0.2288937475894797,WLS,145,5.860876817892491e-06
4,UPFC_Vse,5-15,0.0603299880219294,11,0.06105957393486992,WLS,145,0.0007295859129405266
5,UPFC_tse,5-15,-2.145474008265151,11,-2.1480552309749896,WLS,145,0.0025812227098387375
0,x_tcsc,1-14,-0.13538977422373058,12,-0.13533026318966013,WLS,145,5.9511034070452995e-05
1,B_svc,2,0.2797968042657579,12,0.2792753320852308,WLS,145,0.0005214721805271161
2,UPFC_Vsh,5-15,1.104099454580372,12,1.1062122242676464,WLS,145,0.002112769687274474
3,UPFC_tsh,5-15,-0.2289330298541714,12,-0.2288937475894797,WLS,145,3.9282264691714586e-05
4,UPFC_Vse,5-15,0.059576904167110416,12,0.06105957393486992,WLS,145,0.0014826697677595077
5,UPFC_tse,5-15,-2.1466847660576946,12,-2.1480552309749896,WLS,145,0.0013704649172949779
0,x_tcsc,1-14,-0.13537238886432973,13,-0.13533026318966013,WLS,145,4.212567466960193e-05
1,B_svc,2,0.27940288270054503,13,0.2792753320852308,WLS,145,0.0001275506153142203
2,UPFC_Vsh,5-15,1.1048778806975426,13,1.1062122242676464,WLS,145,0.0013343435701038686
3,UPFC_tsh,5-15,-0.22895584551344672,13,-0.2288937475894797,WLS,145,6.209792396702496e-05
4,UPFC_Vse,5-15,0.05993520129680445,13,0.06105957393486992,WLS,145,0.001124372638065474
5,UPFC_tse,5-15,-2.146420638072879,13,-2.1480552309749896,WLS,145,0.0016345929021106542
0,x_tcsc,1-14,-0.13536809464341967,14,-0.13533026318966013,WLS,145,3.7831453759545886e-05
1,B_svc,2,0.2790026494180094,14,0.2792753320852308,WLS,145,0.0002726826672214133
2,UPFC_Vsh,5-15,1.104396427865548,14,1.1062122242676464,WLS,145,0.0018157964020983908
3,UPFC_tsh,5-15,-0.22891583913341332,14,-0.2288937475894797,WLS,145,2.2091543933622226e-05
4,UPFC_Vse,5-15,0.06024555736749404,14,0.06105957393486992,WLS,145,0.0008140165673758831
5,UPFC_tse,5-15,-2.1422525000227193,14,-2.1480552309749896,WLS,145,0.005802730952270352
0,x_tcsc,1-14,-0.13537199542352543,15,-0.13533026318966013,WLS,145,4.173223386530478e-05
1,B_svc,2,0.27918429850270027,15,0.2792753320852308,WLS,145,9.103358253054195e-05
2,UPFC_Vsh,5-15,1.1040902119226548,15,1.1062122242676464,WLS,145,0.002122012344991653
3,UPFC_tsh,5-15,-0.22894471940194888,15,-0.2288937475894797,WLS,145,5.097181246918603e-05
4,UPFC_Vse,5-15,0.060413956329504935,15,0.06105957393486992,WLS,145,0.0006456176053649884
5,UPFC_tse,5-15,-2.1429929690126386,15,-2.1480552309749896,WLS,145,0.0050622619623510445
0,x_tcsc,1-14,-0.1353685701582151,16,-0.13533026318966013,WLS,145,3.8306968554974175e-05
1,B_svc,2,0.27935817886279346,16,0.2792753320852308,WLS,145,8.284677756265069e-05
2,UPFC_Vsh,5-15,1.1041031076642833,16,1.1062122242676464,WLS,145,0.0021091166033631037
3,UPFC_tsh,5-15,-0.22893222760981202,16,-0.2288937475894797,WLS,145,3.848002033232656e-05
4,UPFC_Vse,5-15,0.05998731049197335,16,0.06105957393486992,WLS,145,0.0010722634428965705
5,UPFC_tse,5-15,-2.147485631303727,16,-2.1480552309749896,WLS,145,0.0005695996712624662
0,x_tcsc,1-14,-0.13537455580498703,17,-0.13533026318966013,WLS,145,4.4292615326901874e-05
1,B_svc,2,0.2795317119900978,17,0.2792753320852308,WLS,145,0.0002563799048669879
2,UPFC_Vsh,5-15,1.1042966720347587,17,1.1062122242676464,WLS,145,0.0019155522328877517
3,UPFC_tsh,5-15,-0.22887484952740508,17,-0.2288937475894797,WLS,145,1.8898062074612643e-05
4,UPFC_Vse,5-15,0.06017221072488063,17,0.06105957393486992,WLS,145,0.000887363209989292
5,UPFC_tse,5-15,-2.1459643246594466,17,-2.1480552309749896,WLS,145,0.002090906315542984
0,x_tcsc,1-14,-0.1353788514564517,18,-0.13533026318966013,WLS,145,4.858826679157713e-05
1,B_svc,2,0.27941845545649296,18,0.2792753320852308,WLS,145,0.0001431233712621549
2,UPFC_Vsh,5-15,1.1045269773170832,18,1.1062122242676464,WLS,145,0.0016852469505632683
3,UPFC_tsh,5-15,-0.22890402163508355,18,-0.2288937475894797,WLS,145,1.0274045603858584e-05
4,UPFC_Vse,5-15,0.06059534630619982,18,0.06105957393486992,WLS,145,0.00046422762867010664
5,UPFC_tse,5-15,-2.143308420494153,18,-2.1480552309749896,WLS,145,0.004746810480836583
0,x_tcsc,1-14,-0.13537856579853316,19,-0.13533026318966013,WLS,145,4.830260887303539e-05
1,B_svc,2,0.27925467812116855,19,0.2792753320852308,WLS,145,2.0653964062256058e-05
2,UPFC_Vsh,5-15,1.104460571441086,19,1.1062122242676464,WLS,145,0.0017516528265604236
3,UPFC_tsh,5-15,-0.2288773908644091,19,-0.2288937475894797,WLS,145,1.6356725070582057e-05
4,UPFC_Vse,5-15,0.06035712785313334,19,0.06105957393486992,WLS,145,0.0007024460817365852
5,UPFC_tse,5-15,-2.146462372746115,19,-2.1480552309749896,WLS,145,0.0015928582288746718
0,x_tcsc,1-14,-0.13537577573909765,20,-0.13533026318966013,WLS,145,4.551254943752081e-05
1,B_svc,2,0.27969797805825275,20,0.2792753320852308,WLS,145,0.00042264597302194007
2,UPFC_Vsh,5-15,1.104295115298648,20,1.1062122242676464,WLS,145,0.0019171089689984377
3,UPFC_tsh,5-15,-0.22896964652544688,20,-0.2288937475894797,WLS,145,7.589893596718356e-05
4,UPFC_Vse,5-15,0.06048091754958391,20,0.06105957393486992,WLS,145,0.0005786563852860152
5,UPFC_tse,5-15,-2.1446692360586446,20,-2.1480552309749896,WLS,145,0.0033859949163450587
0,x_tcsc,1-14,-0.1353967409307759,21,-0.13533026318966013,WLS,145,6.647774111576132e-05
1,B_svc,2,0.2791325436132432,21,0.2792753320852308,WLS,145,0.00014278847198762046
2,UPFC_Vsh,5-15,1.1045980964001003,21,1.1062122242676464,WLS,145,0.0016141278675461113
3,UPFC_tsh,5-15,-0.2288905268999025,21,-0.2288937475894797,WLS,145,3.2206895771991206e-06
4,UPFC_Vse,5-15,0.06063921254229816,21,0.06105957393486992,WLS,145,0.00042036139257176086
5,UPFC_tse,5-15,-2.146760448232964,21,-2.1480552309749896,WLS,145,0.0012947827420255464
0,x_tcsc,1-14,-0.13536339918394835,22,-0.13533026318966013,WLS,145,3.313599428822478e-05
1,B_svc,2,0.2793443432052168,22,0.2792753320852308,WLS,145,6.901111998597331e-05
2,UPFC_Vsh,5-15,1.1044513368702233,22,1.1062122242676464,WLS,145,0.0017608873974230832
3,UPFC_tsh,5-15,-0.22891810964857906,22,-0.2288937475894797,WLS,145,2.4362059099364286e-05
4,UPFC_Vse,5-15,0.06007762117241025,22,0.06105957393486992,WLS,145,0.000981952762459673
5,UPFC_tse,5-15,-2.146364968295227,22,-2.1480552309749896,WLS,145,0.0016902626797627995
0,x_tcsc,1-14,-0.13537760257016804,23,-0.13533026318966013,WLS,145,4.733938050791031e-05
1,B_svc,2,0.279110839473992,23,0.2792753320852308,WLS,145,0.00016449261123879788
2,UPFC_Vsh,5-15,1.1046893424728528,23,1.1062122242676464,WLS,145,0.0015228817947936513
3,UPFC_tsh,5-15,-0.22882816837710002,23,-0.2288937475894797,WLS,145,6.557921237967945e-05
4,UPFC_Vse,5-15,0.06014209451336599,23,0.06105957393486992,WLS,145,0.0009174794215039347
5,UPFC_tse,5-15,-2.1438918795457593,23,-2.1480552309749896,WLS,145,0.0041633514292303
0,x_tcsc,1-14,-0.13536625565287105,24,-0.13533026318966013,WLS,145,3.599246321092653e-05
1,B_svc,2,0.27929211662057035,24,0.2792753320852308,WLS,145,1.6784535339542384e-05
2,UPFC_Vsh,5-15,1.1042089866117175,24,1.1062122242676464,WLS,145,0.0020032376559289133
3,UPFC_tsh,5-15,-0.22895500524572585,24,-0.2288937475894797,WLS,145,6.125765624614976e-05
4,UPFC_Vse,5-15,0.0606688030559093,24,0.06105957393486992,WLS,145,0.0003907708789606251
5,UPFC_tse,5-15,-2.1429907533489163,24,-2.1480552309749896,WLS,145,0.005064477626073316
0,x_tcsc,1-14,-0.13537512500699297,25,-0.13533026318966013,WLS,145,4.486181733284744e-05
1,B_svc,2,0.2786062960246736,25,0.2792753320852308,WLS,145,0.0006690360605571821
2,UPFC_Vsh,5-15,1.1044539201041013,25,1.1062122242676464,WLS,145,0.0017583041635451657
3,UPFC_tsh,5-15,-0.22893326301715008,25,-0.2288937475894797,WLS,145,3.951542767038907e-05
4,UPFC_Vse,5-15,0.06016404133823187,25,0.06105957393486992,WLS,145,0.0008955325966380559
5,UPFC_tse,5-15,-2.1475556413143995,25,-2.1480552309749896,WLS,145,0.0004995896605901606
0,x_tcsc,1-14,-0.13537166228434225,26,-0.13533026318966013,WLS,145,4.1399094682120774e-05
1,B_svc,2,0.2791146117420191,26,0.2792753320852308,WLS,145,0.00016072034321168438
2,UPFC_Vsh,5-15,1.1043713924806882,26,1.1062122242676464,WLS,145,0.0018408317869582635
3,UPFC_tsh,5-15,-0.22899854390545585,26,-0.2288937475894797,WLS,145,0.00010479631597615224
4,UPFC_Vse,5-15,0.060389535641237294,26,0.06105957393486992,WLS,145,0.0006700382936326299
5,UPFC_tse,5-15,-2.149069325545004,26,-2.1480552309749896,WLS,145,0.0010140945700145565
0,x_tcsc,1-14,-0.13535900354870625,27,-0.13533026318966013,WLS,145,2.8740359046125485e-05
1,B_svc,2,0.2793147447630309,27,0.2792753320852308,WLS,145,3.941267780011026e-05
2,UPFC_Vsh,5-15,1.1040626405645284,27,1.1062122242676464,WLS,145,0.0021495837031180187
3,UPFC_tsh,5-15,-0.2289229543717943,27,-0.2288937475894797,WLS,145,2.9206782314605828e-05
4,UPFC_Vse,5-15,0.06016929571949709,27,0.06105957393486992,WLS,145,0.000890278215372832
5,UPFC_tse,5-15,-2.145980725044437,27,-2.1480552309749896,WLS,145,0.0020745059305524727
0,x_tcsc,1-14,-0.13538212515230075,28,-0.13533026318966013,WLS,145,5.186196264062026e-05
1,B_svc,2,0.27923402267947744,28,0.2792753320852308,WLS,145,4.1309405753364725e-05
2,UPFC_Vsh,5-15,1.1041686940930109,28,1.1062122242676464,WLS,145,0.002043530174635544
3,UPFC_tsh,5-15,-0.2289896210529947,28,-0.2288937475894797,WLS,145,9.587346351500048e-05
4,UPFC_Vse,5-15,0.06076990558196793,28,0.06105957393486992,WLS,145,0.0002896683529019922
5,UPFC_tse,5-15,-2.1448176511174952,28,-2.1480552309749896,WLS,145,0.0032375798574943992
0,x_tcsc,1-14,-0.13539115545178043,29,-0.13533026318966013,WLS,145,6.089226212030452e-05
1,B_svc,2,0.27941804551546917,29,0.2792753320852308,WLS,145,0.00014271343023836147
2,UPFC_Vsh,5-15,1.1043395181922075,29,1.1062122242676464,WLS,145,0.0018727060754388791
3,UPFC_tsh,5-15,-0.22893248749112396,29,-0.2288937475894797,WLS,145,3.8739901644269104e-05
4,UPFC_Vse,5-15,0.06033132818323767,29,0.06105957393486992,WLS,145,0.0007282457516322519
5,UPFC_tse,5-15,-2.146141997435684,29,-2.1480552309749896,WLS,145,0.0019132335393057254
0,x_tcsc,1-14,-0.13538212840825345,30,-0.13533026318966013,WLS,145,5.186521859332216e-05
1,B_svc,2,0.2793124963558385,30,0.2792753320852308,WLS,145,3.716427060768135e-05
2,UPFC_Vsh,5-15,1.1045618500462657,30,1.1062122242676464,WLS,145,0.0016503742213807016
3,UPFC_tsh,5-15,-0.22890350108928553,30,-0.2288937475894797,WLS,145,9.75349980583684e-06
4,UPFC_Vse,5-15,0.06001110153103434,30,0.06105957393486992,WLS,145,0.0010484724038355847
5,UPFC_tse,5-15,-2.1467352016729766,30,-2.1480552309749896,WLS,145,0.001320029302013026
0,x_tcsc,1-14,-0.13536922088405307,31,-0.13533026318966013,WLS,145,3.895769439293817e-05
1,B_svc,2,0.27905543029549207,31,0.2792753320852308,WLS,145,0.0002199017897387412
2,UPFC_Vsh,5-15,1.1043513856898675,31,1.1062122242676464,WLS,145,0.001860838577778967
3,UPFC_tsh,5-15,-0.2289745461535004,31,-0.2288937475894797,WLS,145,8.079856402071206e-05
4,UPFC_Vse,5-15,0.06062585149983075,31,0.06105957393486992,WLS,145,0.0004337224350391758
5,UPFC_tse,5-15,-2.145962287392731,31,-2.1480552309749896,WLS,145,0.002092943582258755
0,x_tcsc,1-14,-0.1353703025222526,32,-0.13533026318966013,WLS,145,4.0039332592473054e-05
1,B_svc,2,0.2791132494546504,32,0.2792753320852308,WLS,145,0.00016208263058042904
2,UPFC_Vsh,5-15,1.1044349485775151,32,1.1062122242676464,WLS,145,0.001777275690131308
3,UPFC_tsh,5-15,-0.22891593695006537,32,-0.2288937475894797,WLS,145,2.218936058567822e-05
4,UPFC_Vse,5-15,0.060391464196448905,32,0.06105957393486992,WLS,145,0.0006681097384210188
5,UPFC_tse,5-15,-2.1454705394650677,32,-2.1480552309749896,WLS,145,0.0025846915099219103
0,x_tcsc,1-14,-0.13538214750928657,33,-0.13533026318966013,WLS,145,5.188431962643847e-05
1,B_svc,2,0.27901591349597027,33,0.2792753320852308,WLS,145,0.0002594185892605405
2,UPFC_Vsh,5-15,1.1044709056891042,33,1.1062122242676464,WLS,145,0.0017413185785422058
3,UPFC_tsh,5-15,-0.2289211081583685,33,-0.2288937475894797,WLS,145,2.736056888880123e-05
4,UPFC_Vse,5-15,0.05986869960377224,33,0.06105957393486992,WLS,145,0.0011908743310976855
5,UPFC_tse,5-15,-2.1475995767459963,33,-2.1480552309749896,WLS,145,0.00045565422899329633
0,x_tcsc,1-14,-0.13536473868432597,34,-0.13533026318966013,WLS,145,3.44754946658421e-05
1,B_svc,2,0.27953853274224993,34,0.2792753320852308,WLS,145,0.00026320065701912476
2,UPFC_Vsh,5-15,1.104374285145139,34,1.1062122242676464,WLS,145,0.0018379391225074038
3,UPFC_tsh,5-15,-0.22897238253674168,34,-0.2288937475894797,WLS,145,7.863494726198517e-05
4,UPFC_Vse,5-15,0.0602807615663207,34,0.06105957393486992,WLS,145,0.0007788123685492226
5,UPFC_tse,5-15,-2.1480879964140156,34,-2.1480552309749896,WLS,145,3.27654390259724e-05
0,x_tcsc,1-14,-0.13537502161257028,35,-0.13533026318966013,WLS,145,4.475842291015719e-05
1,B_svc,2,0.2792265327938455,35,0.2792753320852308,WLS,145,4.879929138529304e-05
2,UPFC_Vsh,5-15,1.1041501529498836,35,1.1062122242676464,WLS,145,0.0020620713177628147
3,UPFC_tsh,5-15,-0.2289876180149131,35,-0.2288937475894797,WLS,145,9.387042543340662e-05
4,UPFC_Vse,5-15,0.060278012293368634,35,0.06105957393486992,WLS,145,0.0007815616415012897
5,UPFC_tse,5-15,-2.1476302872612343,35,-2.1480552309749896,WLS,145,0.00042494371375534357
0,x_tcsc,1-14,-0.13536429127147548,36,-0.13533026318966013,WLS,145,3.402808181535155e-05
1,B_svc,2,0.27904123610079495,36,0.2792753320852308,WLS,145,0.00023409598443585589
2,UPFC_Vsh,5-15,1.1041803131905736,36,1.1062122242676464,WLS,145,0.00203191107707279
3,UPFC_tsh,5-15,-0.22892679248661135,36,-0.2288937475894797,WLS,145,3.304489713165659e-05
4,UPFC_Vse,5-15,0.059945945003989046,36,0.06105957393486992,WLS,145,0.0011136289308808778
5,UPFC_tse,5-15,-2.146657699159865,36,-2.1480552309749896,WLS,145,0.0013975318151246974
0,x_tcsc,1-14,-0.13538220682043706,37,-0.13533026318966013,WLS,145,5.194363077692943e-05
1,B_svc,2,0.2788731908908219,37,0.2792753320852308,WLS,145,0.0004021411944089004
2,UPFC_Vsh,5-15,1.1042801484486024,37,1.1062122242676464,WLS,145,0.0019320758190439768
3,UPFC_tsh,5-15,-0.22900620190478196,37,-0.2288937475894797,WLS,145,0.00011245431530226835
4,UPFC_Vse,5-15,0.06029811992040712,37,0.06105957393486992,WLS,145,0.0007614540144628007
5,UPFC_tse,5-15,-2.1483638477582967,37,-2.1480552309749896,WLS,145,0.00030861678330706965
0,x_tcsc,1-14,-0.13537718826827144,38,-0.13533026318966013,WLS,145,4.692507861131512e-05
1,B_svc,2,0.2791264276899304,38,0.2792753320852308,WLS,145,0.00014890439530040878
2,UPFC_Vsh,5-15,1.1041647906891432,38,1.1062122242676464,WLS,145,0.0020474335785032327
3,UPFC_tsh,5-15,-0.22899928806262718,38,-0.2288937475894797,WLS,145,0.00010554047314748072
4,UPFC_Vse,5-15,0.06044800356816341,38,0.06105957393486992,WLS,145,0.0006115703667065112
5,UPFC_tse,5-15,-2.1465604271512935,38,-2.1480552309749896,WLS,145,0.0014948038236961558
0,x_tcsc,1-14,-0.13537440019048252,39,-0.13533026318966013,WLS,145,4.4137000822397354e-05
1,B_svc,2,0.2787005974952656,39,0.2792753320852308,WLS,145,0.000574734589965209
2,UPFC_Vsh,5-15,1.104602414427819,39,1.1062122242676464,WLS,145,0.001609809839827392
3,UPFC_tsh,5-15,-0.22890793358854017,39,-0.2288937475894797,WLS,145,1.4185999060473131e-05
4,UPFC_Vse,5-15,0.06024474909058682,39,0.06105957393486992,WLS,145,0.0008148248442831005
5,UPFC_tse,5-15,-2.148124178500465,39,-2.1480552309749896,WLS,145,6.894752547559335e-05
0,x_tcsc,1-14,-0.13535050744294053,40,-0.13533026318966013,WLS,145,2.024425328039925e-05
1,B_svc,2,0.27910565915623176,40,0.2792753320852308,WLS,145,0.00016967292899905395
2,UPFC_Vsh,5-15,1.1041944918591173,40,1.1062122242676464,WLS,145,0.0020177324085290937
3,UPFC_tsh,5-15,-0.22898693594187786,40,-0.2288937475894797,WLS,145,9.318835239816026e-05
4,UPFC_Vse,5-15,0.06053917376359009,40,0.06105957393486992,WLS,145,0.0005204001712798348
5,UPFC_tse,5-15,-2.1443482412500323,40,-2.1480552309749896,WLS,145,0.0037069897249573103
0,x_tcsc,1-14,-0.1353701310065484,41,-0.13533026318966013,WLS,145,3.986781688827823e-05
1,B_svc,2,0.27914227413985826,41,0.2792753320852308,WLS,145,0.00013305794537255
2,UPFC_Vsh,5-15,1.1040972870169024,41,1.1062122242676464,WLS,145,0.0021149372507440756
3,UPFC_tsh,5-15,-0.22893746781166713,41,-0.2288937475894797,WLS,145,4.372022218743221e-05
4,UPFC_Vse,5-15,0.06019565020275957,41,0.06105957393486992,WLS,145,0.0008639237321103541
5,UPFC_tse,5-15,-2.147802939810339,41,-2.1480552309749896,WLS,145,0.0002522911646507531
0,x_tcsc,1-14,-0.13537315787612894,42,-0.13533026318966013,WLS,145,4.2894686468814e-05
1,B_svc,2,0.2792676705369025,42,0.2792753320852308,WLS,145,7.661548328319334e-06
2,UPFC_Vsh,5-15,1.1043858855659994,42,1.1062122242676464,WLS,145,0.0018263387016470567
3,UPFC_tsh,5-15,-0.22893875328387278,42,-0.2288937475894797,WLS,145,4.500569439308544e-05
4,UPFC_Vse,5-15,0.060292329047224834,42,0.06105957393486992,WLS,145,0.0007672448876450896
5,UPFC_tse,5-15,-2.146209386270074,42,-2.1480552309749896,WLS,145,0.0018458447049156668
0,x_tcsc,1-14,-0.13537748713174344,43,-0.13533026318966013,WLS,145,4.722394208331315e-05
1,B_svc,2,0.2795412053142901,43,0.2792753320852308,WLS,145,0.0002658732290592991
2,UPFC_Vsh,5-15,1.104276843863195,43,1.1062122242676464,WLS,145,0.0019353804044515144
3,UPFC_tsh,5-15,-0.22886860577264848,43,-0.2288937475894797,WLS,145,2.5141816831220076e-05
4,UPFC_Vse,5-15,0.05985155037926847,43,0.06105957393486992,WLS,145,0.0012080235556014562
5,UPFC_tse,5-15,-2.1471713366428045,43,-2.1480552309749896,WLS,145,0.0008838943321851644
0,x_tcsc,1-14,-0.13538080159876953,44,-0.13533026318966013,WLS,145,5.053840910940188e-05
1,B_svc,2,0.27921419649843704,44,0.2792753320852308,WLS,145,6.113558679377018e-05
2,UPFC_Vsh,5-15,1.10439152286958,44,1.1062122242676464,WLS,145,0.0018207013980664488
3,UPFC_tsh,5-15,-0.22897473445185557,44,-0.2288937475894797,WLS,145,8.098686237587027e-05
4,UPFC_Vse,5-15,0.06043023133748386,44,0.06105957393486992,WLS,145,0.0006293425973860622
5,UPFC_tse,5-15,-2.143652010804167,44,-2.1480552309749896,WLS,145,0.004403220170822841
0,x_tcsc,1-14,-0.13535985070945508,45,-0.13533026318966013,WLS,145,2.9587519794954664e-05
1,B_svc,2,0.2787382467836959,45,0.2792753320852308,WLS,145,0.0005370853015349009
2,UPFC_Vsh,5-15,1.1045464005097236,45,1.1062122242676464,WLS,145,0.0016658237579227908
3,UPFC_tsh,5-15,-0.22892089057118356,45,-0.2288937475894797,WLS,145,2.7142981703864866e-05
4,UPFC_Vse,5-15,0.059909484454012896,45,0.06105957393486992,WLS,145,0.0011500894808570278
5,UPFC_tse,5-15,-2.1496897560651673,45,-2.1480552309749896,WLS,145,0.0016345250901776964
0,x_tcsc,1-14,-0.13537231967462543,46,-0.13533026318966013,WLS,145,4.2056484965302676e-05
1,B_svc,2,0.278946805835096,46,0.2792753320852308,WLS,145,0.0003285262501347974
2,UPFC_Vsh,5-15,1.104331943966428,46,1.1062122242676464,WLS,145,0.00188028030121834
3,UPFC_tsh,5-15,-0.22891497843090208,46,-0.2288937475894797,WLS,145,2.123084142238718e-05
4,UPFC_Vse,5-15,0.06051068187802399,46,0.06105957393486992,WLS,145,0.000548892056845933
5,UPFC_tse,5-15,-2.1426524302782233,46,-2.1480552309749896,WLS,145,0.005402800696766352
0,x_tcsc,1-14,-0.13538384315724744,47,-0.13533026318966013,WLS,145,5.357996758731387e-05
1,B_svc,2,0.2792847732792453,47,0.2792753320852308,WLS,145,9.441194014470078e-06
2,UPFC_Vsh,5-15,1.104403384299066,47,1.1062122242676464,WLS,145,0.0018088399685805001
3,UPFC_tsh,5-15,-0.22896622722202734,47,-0.2288937475894797,WLS,145,7.247963254763956e-05
4,UPFC_Vse,5-15,0.05973522973087271,47,0.06105957393486992,WLS,145,0.001324344203997213
5,UPFC_tse,5-15,-2.148052417186432,47,-2.1480552309749896,WLS,145,2.813788557709529e-06
0,x_tcsc,1-14,-0.13535923174847417,48,-0.13533026318966013,WLS,145,2.8968558814040923e-05
1,B_svc,2,0.279216874643623,48,0.2792753320852308,WLS,145,5.845744160781763e-05
2,UPFC_Vsh,5-15,1.1045017187377018,48,1.1062122242676464,WLS,145,0.0017105055299446725
3,UPFC_tsh,5-15,-0.22892529744696688,48,-0.2288937475894797,WLS,145,3.1549857487184196e-05
4,UPFC_Vse,5-15,0.06051569356339887,48,0.06105957393486992,WLS,145,0.0005438803714710519
5,UPFC_tse,5-15,-2.147083750052009,48,-2.1480552309749896,WLS,145,0.0009714809229808274
0,x_tcsc,1-14,-0.13537270226764844,49,-0.13533026318966013,WLS,145,4.243907798831548e-05
1,B_svc,2,0.2787058573495282,49,0.2792753320852308,WLS,145,0.0005694747357026242
2,UPFC_Vsh,5-15,1.1043415266686905,49,1.1062122242676464,WLS,145,0.0018706975989559727
3,UPFC_tsh,5-15,-0.22896810558590955,49,-0.2288937475894797,WLS,145,7.435799642985241e-05
4,UPFC_Vse,5-15,0.06048853199131207,49,0.06105957393486992,WLS,145,0.0005710419435578512
5,UPFC_tse,5-15,-2.145073113784687,49,-2.1480552309749896,WLS,145,0.0029821171903026134
0,x_tcsc,1-14,-0.13536681465305161,50,-0.13533026318966013,WLS,145,3.6551463391487626e-05
1,B_svc,2,0.2792207008892644,50,0.2792753320852308,WLS,145,5.463119596643695e-05
2,UPFC_Vsh,5-15,1.1043538703844629,50,1.1062122242676464,WLS,145,0.001858353883183561
3,UPFC_tsh,5-15,-0.22893169246948447,50,-0.2288937475894797,WLS,145,3.794488000477547e-05
4,UPFC_Vse,5-15,0.06044391196594486,50,0.06105957393486992,WLS,145,0.0006156619689250617
5,UPFC_tse,5-15,-2.147118927403225,50,-2.1480552309749896,WLS,145,0.0009363035717644408
0,x_tcsc,1-14,-0.13537201781632344,51,-0.13533026318966013,WLS,145,4.1754626663309535e-05
1,B_svc,2,0.2792267743263936,51,0.2792753320852308,WLS,145,4.855775883721991e-05
2,UPFC_Vsh,5-15,1.1041885581347846,51,1.1062122242676464,WLS,145,0.0020236661328618677
3,UPFC_tsh,5-15,-0.22896200398734268,51,-0.2288937475894797,WLS,145,6.825639786298132e-05
4,UPFC_Vse,5-15,0.060576336301446695,51,0.06105957393486992,WLS,145,0.000483237633423228
5,UPFC_tse,5-15,-2.144375774475103,51,-2.1480552309749896,WLS,145,0.0036794564998867685
0,x_tcsc,1-14,-0.135375963492958,52,-0.13533026318966013,WLS,145,4.570030329786867e-05
1,B_svc,2,0.27949000079354464,52,0.2792753320852308,WLS,145,0.00021466870831382545
2,UPFC_Vsh,5-15,1.1045917179576812,52,1.1062122242676464,WLS,145,0.0016205063099652417
3,UPFC_tsh,5-15,-0.22895300720180514,52,-0.2288937475894797,WLS,145,5.92596123254463e-05
4,UPFC_Vse,5-15,0.06021220922913687,52,0.06105957393486992,WLS,145,0.0008473647057330516
5,UPFC_tse,5-15,-2.1494053922035894,52,-2.1480552309749896,WLS,145,0.0013501612285997666
0,x_tcsc,1-14,-0.13535977769047275,53,-0.13533026318966013,WLS,145,2.9514500812621858e-05
1,B_svc,2,0.27934414115359285,53,0.2792753320852308,WLS,145,6.880906836204126e-05
2,UPFC_Vsh,5-15,1.1041947700683743,53,1.1062122242676464,WLS,145,0.0020174541992721284
3,UPFC_tsh,5-15,-0.22895223202258286,53,-0.2288937475894797,WLS,145,5.848443310316198e-05
4,UPFC_Vse,5-15,0.060224300821576905,53,0.06105957393486992,WLS,145,0.0008352731132930183
5,UPFC_tse,5-15,-2.148803978971663,53,-2.1480552309749896,WLS,145,0.000748747996673238
0,x_tcsc,1-14,-0.13537039721682867,54,-0.13533026318966013,WLS,145,4.013402716854242e-05
1,B_svc,2,0.2792833930877008,54,0.2792753320852308,WLS,145,8.061002469972323e-06
2,UPFC_Vsh,5-15,1.1045299230921943,54,1.1062122242676464,WLS,145,0.0016823011754520945
3,UPFC_tsh,5-15,-0.22899086773951963,54,-0.2288937475894797,WLS,145,9.712015003993102e-05
4,UPFC_Vse,5-15,0.06045589603339517,54,0.06105957393486992,WLS,145,0.0006036779014747529
5,UPFC_tse,5-15,-2.1452658579942145,54,-2.1480552309749896,WLS,145,0.0027893729807750844
0,x_tcsc,1-14,-0.13536721799180768,55,-0.13533026318966013,WLS,145,3.695480214754854e-05
1,B_svc,2,0.2790549842764325,55,0.2792753320852308,WLS,145,0.00022034780879831573
2,UPFC_Vsh,5-15,1.1048882759478362,55,1.1062122242676464,WLS,145,0.0013239483198101976
3,UPFC_tsh,5-15,-0.22891750111654394,55,-0.2288937475894797,WLS,145,2.375352706424083e-05
4,UPFC_Vse,5-15,0.06007917106868483,55,0.06105957393486992,WLS,145,0.0009804028661850941
5,UPFC_tse,5-15,-2.147177012099211,55,-2.1480552309749896,WLS,145,0.000878218875778547
0,x_tcsc,1-14,-0.13535588198476792,56,-0.13533026318966013,WLS,145,2.5618795107790193e-05
1,B_svc,2,0.27907626980716005,56,0.2792753320852308,WLS,145,0.0001990622780707607
2,UPFC_Vsh,5-15,1.1040678210795982,56,1.1062122242676464,WLS,145,0.002144403188048205
3,UPFC_tsh,5-15,-0.22894362076585253,56,-0.2288937475894797,WLS,145,4.9873176372838834e-05
4,UPFC_Vse,5-15,0.06022724795718801,56,0.06105957393486992,WLS,145,0.0008323259776819164
5,UPFC_tse,5-15,-2.143917879811043,56,-2.1480552309749896,WLS,145,0.004137351163946423
0,x_tcsc,1-14,-0.1353753057905772,57,-0.13533026318966013,WLS,145,4.504260091706125e-05
1,B_svc,2,0.27916307918914823,57,0.2792753320852308,WLS,145,0.00011225289608257638
2,UPFC_Vsh,5-15,1.1046187883353946,57,1.1062122242676464,WLS,145,0.0015934359322518077
3,UPFC_tsh,5-15,-0.2289303545644469,57,-0.2288937475894797,WLS,145,3.660697496721266e-05
4,UPFC_Vse,5-15,0.060322088847681844,57,0.06105957393486992,WLS,145,0.0007374850871880792
5,UPFC_tse,5-15,-2.1442765362149556,57,-2.1480552309749896,WLS,145,0.003778694760034007
0,x_tcsc,1-14,-0.13537049273438762,58,-0.13533026318966013,WLS,145,4.0229544727488076e-05
1,B_svc,2,0.27886377305977555,58,0.2792753320852308,WLS,145,0.0004115590254552548
2,UPFC_Vsh,5-15,1.1044857348957868,58,1.1062122242676464,WLS,145,0.0017264893718595964
3,UPFC_tsh,5-15,-0.22898228268393087,58,-0.2288937475894797,WLS,145,8.85350944511698e-05
4,UPFC_Vse,5-15,0.05982206712132222,58,0.06105957393486992,WLS,145,0.0012375068135477008
5,UPFC_tse,5-15,-2.147183518915179,58,-2.1480552309749896,WLS,145,0.0008717120598107364
0,x_tcsc,1-14,-0.13537982790488384,59,-0.13533026318966013,WLS,145,4.956471522371553e-05
1,B_svc,2,0.27925192690400846,59,0.2792753320852308,WLS,145,2.3405181222346805e-05
2,UPFC_Vsh,5-15,1.1044085781878208,59,1.1062122242676464,WLS,145,0.0018036460798256382
3,UPFC_tsh,5-15,-0.2289812522655858,59,-0.2288937475894797,WLS,145,8.75046761061038e-05
4,UPFC_Vse,5-15,0.060421571898644964,59,0.06105957393486992,WLS,145,0.0006380020362249592
5,UPFC_tse,5-15,-2.1495328314453395,59,-2.1480552309749896,WLS,145,0.001477600470349838
0,x_tcsc,1-14,-0.1353685247933644,60,-0.13533026318966013,WLS,145,3.82616037042649e-05
1,B_svc,2,0.27905443971137067,60,0.2792753320852308,WLS,145,0.0002208923738601376
2,UPFC_Vsh,5-15,1.1046197242087712,60,1.1062122242676464,WLS,145,0.0015925000588752347
3,UPFC_tsh,5-15,-0.2289673742069898,60,-0.2288937475894797,WLS,145,7.362661751009192e-05
4,UPFC_Vse,5-15,0.06018823830607261,60,0.06105957393486992,WLS,145,0.0008713356287973137
5,UPFC_tse,5-15,-2.146771040870466,60,-2.1480552309749896,WLS,145,0.0012841901045237414
0,x_tcsc,1-14,-0.13536354267935152,61,-0.13533026318966013,WLS,145,3.3279489691395714e-05
1,B_svc,2,0.27937012535611133,61,0.2792753320852308,WLS,145,9.479327088052214e-05
2,UPFC_Vsh,5-15,1.1042580844825678,61,1.1062122242676464,WLS,145,0.0019541397850786346
3,UPFC_tsh,5-15,-0.228897538842048,61,-0.2288937475894797,WLS,145,3.7912525683025944e-06
4,UPFC_Vse,5-15,0.05988117838470075,61,0.06105957393486992,WLS,145,0.0011783955501691729
5,UPFC_tse,5-15,-2.1482164593573234,61,-2.1480552309749896,WLS,145,0.000161228382333789
0,x_tcsc,1-14,-0.13537520894703436,62,-0.13533026318966013,WLS,145,4.494575737423734e-05
1,B_svc,2,0.2794691359280826,62,0.2792753320852308,WLS,145,0.00019380384285178076
2,UPFC_Vsh,5-15,1.1045744003515285,62,1.1062122242676464,WLS,145,0.0016378239161178865
3,UPFC_tsh,5-15,-0.22894482362051424,62,-0.2288937475894797,WLS,145,5.1076031034547054e-05
4,UPFC_Vse,5-15,0.06014568530451346,62,0.06105957393486992,WLS,145,0.0009138886303564631
5,UPFC_tse,5-15,-2.147036827393556,62,-2.1480552309749896,WLS,145,0.001018403581433791
0,x_tcsc,1-14,-0.13536889004275623,63,-0.13533026318966013,WLS,145,3.862685309610758e-05
1,B_svc,2,0.27911844616795256,63,0.2792753320852308,WLS,145,0.00015688591727824885
2,UPFC_Vsh,5-15,1.1041670512673953,63,1.1062122242676464,WLS,145,0.002045173000251088
3,UPFC_tsh,5-15,-0.2289278588363923,63,-0.2288937475894797,WLS,145,3.411124691260481e-05
4,UPFC_Vse,5-15,0.06045957662901125,63,0.06105957393486992,WLS,145,0.0005999973058586766
5,UPFC_tse,5-15,-2.1440248108010604,63,-2.1480552309749896,WLS,145,0.004030420173929183
0,x_tcsc,1-14,-0.135369120237231,64,-0.13533026318966013,WLS,145,3.8857047570867165e-05
1,B_svc,2,0.2791984631997515,64,0.2792753320852308,WLS,145,7.68688854793087e-05
2,UPFC_Vsh,5-15,1.104702575359867,64,1.1062122242676464,WLS,145,0.0015096489077794928
3,UPFC_tsh,5-15,-0.22888523054992924,64,-0.2288937475894797,WLS,145,8.517039550459682e-06
4,UPFC_Vse,5-15,0.06021667250601771,64,0.06105957393486992,WLS,145,0.0008429014288522108
5,UPFC_tse,5-15,-2.144265038679811,64,-2.1480552309749896,WLS,145,0.0037901922951784073
0,x_tcsc,1-14,-0.13537770862794155,65,-0.13533026318966013,WLS,145,4.744543828141823e-05
1,B_svc,2,0.279345026869846,65,0.2792753320852308,WLS,145,6.969478461521517e-05
2,UPFC_Vsh,5-15,1.104506040398522,65,1.1062122242676464,WLS,145,0.0017061838691243558
3,UPFC_tsh,5-15,-0.22900363864057194,65,-0.2288937475894797,WLS,145,0.0001098910510922424
4,UPFC_Vse,5-15,0.06023505245608836,65,0.06105957393486992,WLS,145,0.0008245214787815647
5,UPFC_tse,5-15,-2.14692189188491,65,-2.1480552309749896,WLS,145,0.0011333390900798435
0,x_tcsc,1-14,-0.13537831455908908,66,-0.13533026318966013,WLS,145,4.805136942895305e-05
1,B_svc,2,0.27959163586233765,66,0.2792753320852308,WLS,145,0.0003163037771068411
2,UPFC_Vsh,5-15,1.1042317340630134,66,1.1062122242676464,WLS,145,0.0019804902046329786
3,UPFC_tsh,5-15,-0.2288885341475163,66,-0.2288937475894797,WLS,145,5.213441963386467e-06
4,UPFC_Vse,5-15,0.05964497542778106,66,0.06105957393486992,WLS,145,0.00141459850708886
5,UPFC_tse,5-15,-2.1433376821689736,66,-2.1480552309749896,WLS,145,0.0047175488060160475
0,x_tcsc,1-14,-0.13537714039841944,67,-0.13533026318966013,WLS,145,4.6877208759316114e-05
1,B_svc,2,0.2799937092183383,67,0.2792753320852308,WLS,145,0.0007183771331075173
2,UPFC_Vsh,5-15,1.1042332629332174,67,1.1062122242676464,WLS,145,0.001978961334428986
3,UPFC_tsh,5-15,-0.22890039837664847,67,-0.2288937475894797,WLS,145,6.650787168771544e-06
4,UPFC_Vse,5-15,0.06011655011962283,67,0.06105957393486992,WLS,145,0.0009430238152470932
5,UPFC_tse,5-15,-2.144311896673296,67,-2.1480552309749896,WLS,145,0.0037433343016934906
0,x_tcsc,1-14,-0.1353795024491186,68,-0.13533026318966013,WLS,145,4.923925945846119e-05
1,B_svc,2,0.27936410250790294,68,0.2792753320852308,WLS,145,8.877042267213531e-05
2,UPFC_Vsh,5-15,1.104671294234795,68,1.1062122242676464,WLS,145,0.0015409300328514952
3,UPFC_tsh,5-15,-0.2289807633047741,68,-0.2288937475894797,WLS,145,8.701571529440288e-05
4,UPFC_Vse,5-15,0.060285361820727336,68,0.06105957393486992,WLS,145,0.0007742121141425876
5,UPFC_tse,5-15,-2.1488312214910734,68,-2.1480552309749896,WLS,145,0.000775990516083791
0,x_tcsc,1-14,-0.13536367304141855,69,-0.13533026318966013,WLS,145,3.340985175842581e-05
1,B_svc,2,0.27876763298389473,69,0.2792753320852308,WLS,145,0.0005076991013360788
2,UPFC_Vsh,5-15,1.1045923516878224,69,1.1062122242676464,WLS,145,0.0016198725798239888
3,UPFC_tsh,5-15,-0.22888829330340482,69,-0.2288937475894797,WLS,145,5.454286074874082e-06
4,UPFC_Vse,5-15,0.06048576919323728,69,0.06105957393486992,WLS,145,0.0005738047416326414
5,UPFC_tse,5-15,-2.1467456938732172,69,-2.1480552309749896,WLS,145,0.0013095371017723956
0,x_tcsc,1-14,-0.13537642494864216,70,-0.13533026318966013,WLS,145,4.61617589820329e-05
1,B_svc,2,0.2788499361660657,70,0.2792753320852308,WLS,145,0.000425395919165128
2,UPFC_Vsh,5-15,1.1042005629090033,70,1.1062122242676464,WLS,145,0.0020116613586431686
3,UPFC_tsh,5-15,-0.22896261461922335,70,-0.2288937475894797,WLS,145,6.886702974365222e-05
4,UPFC_Vse,5-15,0.05970755620826323,70,0.06105957393486992,WLS,145,0.0013520177266066954
5,UPFC_tse,5-15,-2.1466330835823064,70,-2.1480552309749896,WLS,145,0.001422147392683204
0,x_tcsc,1-14,-0.13535446838665172,71,-0.13533026318966013,WLS,145,2.4205196991589073e-05
1,B_svc,2,0.2789806510245281,71,0.2792753320852308,WLS,145,0.00029468106070268396
2,UPFC_Vsh,5-15,1.1043856690606473,71,1.1062122242676464,WLS,145,0.0018265552069991475
3,UPFC_tsh,5-15,-0.22895700666612342,71,-0.2288937475894797,WLS,145,6.32590766437291e-05
4,UPFC_Vse,5-15,0.06019163159598706,71,0.06105957393486992,WLS,145,0.0008679423388828628
5,UPFC_tse,5-15,-2.1468256881492986,71,-2.1480552309749896,WLS,145,0.001229542825690988
0,x_tcsc,1-14,-0.13536981102060963,72,-0.13533026318966013,WLS,145,3.9547830949504537e-05
1,B_svc,2,0.27955011228178167,72,0.2792753320852308,WLS,145,0.00027478019655086117
2,UPFC_Vsh,5-15,1.1046183268540755,72,1.1062122242676464,WLS,145,0.001593897413570966
3,UPFC_tsh,5-15,-0.22893848007318604,72,-0.2288937475894797,WLS,145,4.473248370634453e-05
4,UPFC_Vse,5-15,0.060123793179719616,72,0.06105957393486992,WLS,145,0.0009357807551503075
5,UPFC_tse,5-15,-2.147357534599838,72,-2.1480552309749896,WLS,145,0.0006976963751514909
0,x_tcsc,1-14,-0.13536881384068317,73,-0.13533026318966013,WLS,145,3.855065102303934e-05
1,B_svc,2,0.2791276288018108,73,0.2792753320852308,WLS,145,0.0001477032834200087
2,UPFC_Vsh,5-15,1.1045567251539474,73,1.1062122242676464,WLS,145,0.0016554991136989994
3,UPFC_tsh,5-15,-0.22891001563916302,73,-0.2288937475894797,WLS,145,1.6268049683326735e-05
4,UPFC_Vse,5-15,0.06010834985492598,73,0.06105957393486992,WLS,145,0.0009512240799439409
5,UPFC_tse,5-15,-2.1479534902365645,73,-2.1480552309749896,WLS,145,0.00010174073842517117
0,x_tcsc,1-14,-0.13537367950318596,74,-0.13533026318966013,WLS,145,4.341631352583475e-05
1,B_svc,2,0.279683299612796,74,0.2792753320852308,WLS,145,0.0004079675275651673
2,UPFC_Vsh,5-15,1.1041978563109174,74,1.1062122242676464,WLS,145,0.0020143679567290462
3,UPFC_tsh,5-15,-0.22900266685204304,74,-0.2288937475894797,WLS,145,0.00010891926256334505
4,UPFC_Vse,5-15,0.06074250698372135,74,0.06105957393486992,WLS,145,0.00031706695114857436
5,UPFC_tse,5-15,-2.1459098672823123,74,-2.1480552309749896,WLS,145,0.002145363692677371
0,x_tcsc,1-14,-0.13534995668213753,75,-0.13533026318966013,WLS,145,1.969349247740726e-05
1,B_svc,2,0.27896945184935884,75,0.2792753320852308,WLS,145,0.0003058802358719692
2,UPFC_Vsh,5-15,1.1044329403863296,75,1.1062122242676464,WLS,145,0.0017792838813168732
3,UPFC_tsh,5-15,-0.22890316971120095,75,-0.2288937475894797,WLS,145,9.422121721253118e-06
4,UPFC_Vse,5-15,0.060544793827649886,75,0.06105957393486992,WLS,145,0.0005147801072200378
5,UPFC_tse,5-15,-2.1415046131936157,75,-2.1480552309749896,WLS,145,0.006550617781373891
0,x_tcsc,1-14,-0.13536701905850385,76,-0.13533026318966013,WLS,145,3.675586884371862e-05
1,B_svc,2,0.2794296388761049,76,0.2792753320852308,WLS,145,0.0001543067908740814
2,UPFC_Vsh,5-15,1.1044493262909254,76,1.1062122242676464,WLS,145,0.0017628979767210229
3,UPFC_tsh,5-15,-0.22891974555703123,76,-0.2288937475894797,WLS,145,2.5997967551538714e-05
4,UPFC_Vse,5-15,0.06055921125771681,76,0.06105957393486992,WLS,145,0.0005003626771531156
5,UPFC_tse,5-15,-2.145290152915945,76,-2.1480552309749896,WLS,145,0.00276507805904469
0,x_tcsc,1-14,-0.13537008653131916,77,-0.13533026318966013,WLS,145,3.982334165902879e-05
1,B_svc,2,0.2789210081253564,77,0.2792753320852308,WLS,145,0.0003543239598743919
2,UPFC_Vsh,5-15,1.1044413254102372,77,1.1062122242676464,WLS,145,0.00177089885740922
3,UPFC_tsh,5-15,-0.22890878348930468,77,-0.2288937475894797,WLS,145,1.5035899824988874e-05
4,UPFC_Vse,5-15,0.05993694637898719,77,0.06105957393486992,WLS,145,0.0011226275558827367
5,UPFC_tse,5-15,-2.1464052054828193,77,-2.1480552309749896,WLS,145,0.001650025492170304
0,x_tcsc,1-14,-0.13537341343980247,78,-0.13533026318966013,WLS,145,4.315025014234308e-05
1,B_svc,2,0.27882779190668694,78,0.2792753320852308,WLS,145,0.0004475401785438704
2,UPFC_Vsh,5-15,1.1042008136222818,78,1.1062122242676464,WLS,145,0.0020114106453645864
3,UPFC_tsh,5-15,-0.2289368122090432,78,-0.2288937475894797,WLS,145,4.306461956349317e-05
4,UPFC_Vse,5-15,0.06024212850387866,78,0.06105957393486992,WLS,145,0.0008174454309912635
5,UPFC_tse,5-15,-2.144450136083071,78,-2.1480552309749896,WLS,145,0.0036050948919186254
0,x_tcsc,1-14,-0.13538067010761656,79,-0.13533026318966013,WLS,145,5.0406917956435926e-05
1,B_svc,2,0.2789200459642266,79,0.2792753320852308,WLS,145,0.00035528612100421686
2,UPFC_Vsh,5-15,1.1044792218309658,79,1.1062122242676464,WLS,145,0.0017330024366806196
3,UPFC_tsh,5-15,-0.2289249228390393,79,-0.2288937475894797,WLS,145,3.117524955961737e-05
4,UPFC_Vse,5-15,0.06015676344508665,79,0.06105957393486992,WLS,145,0.0009028104897832734
5,UPFC_tse,5-15,-2.145413666211777,79,-2.1480552309749896,WLS,145,0.002641564763212756
0,x_tcsc,1-14,-0.135353064842145,80,-0.13533026318966013,WLS,145,2.2801652484860657e-05
1,B_svc,2,0.2791502779623767,80,0.2792753320852308,WLS,145,0.0001250541228541291
2,UPFC_Vsh,5-15,1.1044115180354628,80,1.1062122242676464,WLS,145,0.0018007062321836464
3,UPFC_tsh,5-15,-0.22896767120414493,80,-0.2288937475894797,WLS,145,7.392361466523889e-05
4,UPFC_Vse,5-15,0.06011749304213879,80,0.06105957393486992,WLS,145,0.00094208089273113
5,UPFC_tse,5-15,-2.149607656822401,80,-2.1480552309749896,WLS,145,0.0015524258474113317
0,x_tcsc,1-14,-0.13537201126010065,81,-0.13533026318966013,WLS,145,4.1748070440522644e-05
1,B_svc,2,0.2790857656814825,81,0.2792753320852308,WLS,145,0.00018956640374828693
2,UPFC_Vsh,5-15,1.1043356845781938,81,1.1062122242676464,WLS,145,0.001876539689452672
3,UPFC_tsh,5-15,-0.22891769441514026,81,-0.2288937475894797,WLS,145,2.3946825660564608e-05
4,UPFC_Vse,5-15,0.060611402445763386,81,0.06105957393486992,WLS,145,0.0004481714891065372
5,UPFC_tse,5-15,-2.1418414840897047,81,-2.1480552309749896,WLS,145,0.006213746885284976
0,x_tcsc,1-14,-0.1353682711924808,82,-0.13533026318966013,WLS,145,3.800800282066641e-05
1,B_svc,2,0.2792473282969036,82,0.2792753320852308,WLS,145,2.800378832723549e-05
2,UPFC_Vsh,5-15,1.1044656405963995,82,1.1062122242676464,WLS,145,0.0017465836712469152
3,UPFC_tsh,5-15,-0.22893102620998484,82,-0.2288937475894797,WLS,145,3.727862050514896e-05
4,UPFC_Vse,5-15,0.06021536883694337,82,0.06105957393486992,WLS,145,0.0008442050979265564
5,UPFC_tse,5-15,-2.1457531309503994,82,-2.1480552309749896,WLS,145,0.0023021000245901924
0,x_tcsc,1-14,-0.13535670207843853,83,-0.13533026318966013,WLS,145,2.6438888778401726e-05
1,B_svc,2,0.2789827936357672,83,0.2792753320852308,WLS,145,0.0002925384494635863
2,UPFC_Vsh,5-15,1.1045454296294117,83,1.1062122242676464,WLS,145,0.0016667946382347143
3,UPFC_tsh,5-15,-0.22890669487522688,83,-0.2288937475894797,WLS,145,1.2947285747189063e-05
4,UPFC_Vse,5-15,0.06022802760465848,83,0.06105957393486992,WLS,145,0.000831546330211444
5,UPFC_tse,5-15,-2.1455180249299253,83,-2.1480552309749896,WLS,145,0.002537206045064355
0,x_tcsc,1-14,-0.13538242698954223,84,-0.13533026318966013,WLS,145,5.216379988209896e-05
1,B_svc,2,0.2792342366012437,84,0.2792753320852308,WLS,145,4.109548398711915e-05
2,UPFC_Vsh,5-15,1.104139459633555,84,1.1062122242676464,WLS,145,0.0020727646340914507
3,UPFC_tsh,5-15,-0.2289801825911727,84,-0.2288937475894797,WLS,145,8.643500169300267e-05
4,UPFC_Vse,5-15,0.060357591516931125,84,0.06105957393486992,WLS,145,0.0007019824179387985
5,UPFC_tse,5-15,-2.1424225630934197,84,-2.1480552309749896,WLS,145,0.005632667881569908
0,x_tcsc,1-14,-0.13537442493451085,85,-0.13533026318966013,WLS,145,4.416174485072366e-05
1,B_svc,2,0.2789062015764876,85,0.2792753320852308,WLS,145,0.0003691305087432095
2,UPFC_Vsh,5-15,1.1044671186376538,85,1.1062122242676464,WLS,145,0.0017451056299926382
3,UPFC_tsh,5-15,-0.22896695908097506,85,-0.2288937475894797,WLS,145,7.321149149536188e-05
4,UPFC_Vse,5-15,0.06003767743281139,85,0.06105957393486992,WLS,145,0.001021896502058535
5,UPFC_tse,5-15,-2.1470599884958945,85,-2.1480552309749896,WLS,145,0.0009952424790951042
0,x_tcsc,1-14,-0.13538433449903997,86,-0.13533026318966013,WLS,145,5.4071309379843946e-05
1,B_svc,2,0.27924262009244205,86,0.2792753320852308,WLS,145,3.271199278875869e-05
2,UPFC_Vsh,5-15,1.1046561763936353,86,1.1062122242676464,WLS,145,0.0015560478740110906
3,UPFC_tsh,5-15,-0.22891821585804928,86,-0.2288937475894797,WLS,145,2.446826856958295e-05
4,UPFC_Vse,5-15,0.060541156191674717,86,0.06105957393486992,WLS,145,0.000518417743195207
5,UPFC_tse,5-15,-2.143964691512663,86,-2.1480552309749896,WLS,145,0.0040905394623265146
0,x_tcsc,1-14,-0.13535854253359403,87,-0.13533026318966013,WLS,145,2.8279343933901302e-05
1,B_svc,2,0.2787933677138836,87,0.2792753320852308,WLS,145,0.00048196437134723213
2,UPFC_Vsh,5-15,1.1043357136509853,87,1.1062122242676464,WLS,145,0.0018765106166611645
3,UPFC_tsh,5-15,-0.22887168003487304,87,-0.2288937475894797,WLS,145,2.2067554606652884e-05
4,UPFC_Vse,5-15,0.06025465392250441,87,0.06105957393486992,WLS,145,0.000804920012365512
5,UPFC_tse,5-15,-2.1455757534730617,87,-2.1480552309749896,WLS,145,0.002479477501927896
0,x_tcsc,1-14,-0.13535622415152554,88,-0.13533026318966013,WLS,145,2.596096186541219e-05
1,B_svc,2,0.2788331709339543,88,0.2792753320852308,WLS,145,0.0004421611512764878
2,UPFC_Vsh,5-15,1.1048012794234512,88,1.1062122242676464,WLS,145,0.0014109448441952388
3,UPFC_tsh,5-15,-0.22888791042302353,88,-0.2288937475894797,WLS,145,5.8371664561629455e-06
4,UPFC_Vse,5-15,0.05989750540609344,88,0.06105957393486992,WLS,145,0.0011620685287764831
5,UPFC_tse,5-15,-2.1433812513841826,88,-2.1480552309749896,WLS,145,0.004673979590807065
0,x_tcsc,1-14,-0.13538260687558448,89,-0.13533026318966013,WLS,145,5.234368592435534e-05
1,B_svc,2,0.2793779765328149,89,0.2792753320852308,WLS,145,0.00010264444758406599
2,UPFC_Vsh,5-15,1.1044451635503891,89,1.1062122242676464,WLS,145,0.001767060717257296
3,UPFC_tsh,5-15,-0.22888228794059925,89,-0.2288937475894797,WLS,145,1.145964888044082e-05
4,UPFC_Vse,5-15,0.0602932309255179,89,0.06105957393486992,WLS,145,0.0007663430093520218
5,UPFC_tse,5-15,-2.146183502967019,89,-2.1480552309749896,WLS,145,0.0018717280079707521
0,x_tcsc,1-14,-0.1353661147576918,90,-0.13533026318966013,WLS,145,3.585156803168066e-05
1,B_svc,2,0.2791983414536916,90,0.2792753320852308,WLS,145,7.699063153920882e-05
2,UPFC_Vsh,5-15,1.1042926348855362,90,1.1062122242676464,WLS,145,0.0019195893821102317
3,UPFC_tsh,5-15,-0.22895276131951353,90,-0.2288937475894797,WLS,145,5.901373003383559e-05
4,UPFC_Vse,5-15,0.06049225496382046,90,0.06105957393486992,WLS,145,0.0005673189710494603
5,UPFC_tse,5-15,-2.146041088850643,90,-2.1480552309749896,WLS,145,0.002014142124346474
0,x_tcsc,1-14,-0.13536261586701473,91,-0.13533026318966013,WLS,145,3.2352677354602344e-05
1,B_svc,2,0.2789314654359818,91,0.2792753320852308,WLS,145,0.0003438666492490139
2,UPFC_Vsh,5-15,1.104378273395561,91,1.1062122242676464,WLS,145,0.001833950872085488
3,UPFC_tsh,5-15,-0.22891787339437433,91,-0.2288937475894797,WLS,145,2.4125804894636893e-05
4,UPFC_Vse,5-15,0.060081404513222865,91,0.06105957393486992,WLS,145,0.0009781694216470585
5,UPFC_tse,5-15,-2.146571632737048,91,-2.1480552309749896,WLS,145,0.0014835982379417523
0,x_tcsc,1-14,-0.1353745601001469,92,-0.13533026318966013,WLS,145,4.429691048676854e-05
1,B_svc,2,0.2785128733634659,92,0.2792753320852308,WLS,145,0.0007624587217648915
2,UPFC_Vsh,5-15,1.1042547460384553,92,1.1062122242676464,WLS,145,0.001957478229191123
3,UPFC_tsh,5-15,-0.22899165923670967,92,-0.2288937475894797,WLS,145,9.791164722997014e-05
4,UPFC_Vse,5-15,0.05999762961616178,92,0.06105957393486992,WLS,145,0.0010619443187081454
5,UPFC_tse,5-15,-2.1447834113951436,92,-2.1480552309749896,WLS,145,0.0032718195798460137
0,x_tcsc,1-14,-0.13538365235784366,93,-0.13533026318966013,WLS,145,5.338916818353745e-05
1,B_svc,2,0.2794419358092558,93,0.2792753320852308,WLS,145,0.00016660372402499402
2,UPFC_Vsh,5-15,1.1044736841612348,93,1.1062122242676464,WLS,145,0.0017385401064116124
3,UPFC_tsh,5-15,-0.2289790394460334,93,-0.2288937475894797,WLS,145,8.529185655370419e-05
4,UPFC_Vse,5-15,0.06012808673629998,93,0.06105957393486992,WLS,145,0.0009314871985699469
5,UPFC_tse,5-15,-2.1484049821122437,93,-2.1480552309749896,WLS,145,0.0003497511372541062
0,x_tcsc,1-14,-0.13536342043174235,94,-0.13533026318966013,WLS,145,3.315724208222126e-05
1,B_svc,2,0.27958956375262134,94,0.2792753320852308,WLS,145,0.0003142316673905299
2,UPFC_Vsh,5-15,1.1043647837068211,94,1.1062122242676464,WLS,145,0.0018474405608253086
3,UPFC_tsh,5-15,-0.22895768572712535,94,-0.2288937475894797,WLS,145,6.393813764565826e-05
4,UPFC_Vse,5-15,0.06006721052441842,94,0.06105957393486992,WLS,145,0.0009923634104515022
5,UPFC_tse,5-15,-2.150749907983494,94,-2.1480552309749896,WLS,145,0.0026946770085043426
0,x_tcsc,1-14,-0.13537415242651846,95,-0.13533026318966013,WLS,145,4.3889236858329905e-05
1,B_svc,2,0.2795616028625011,95,0.2792753320852308,WLS,145,0.00028627077727028105
2,UPFC_Vsh,5-15,1.1044489486522489,95,1.1062122242676464,WLS,145,0.0017632756153975748
3,UPFC_tsh,5-15,-0.22899934239129158,95,-0.2288937475894797,WLS,145,0.0001055948018118813
4,UPFC_Vse,5-15,0.06018008986457929,95,0.06105957393486992,WLS,145,0.0008794840702906342
5,UPFC_tse,5-15,-2.147047897210321,95,-2.1480552309749896,WLS,145,0.001007333764668772
0,x_tcsc,1-14,-0.13536405937230317,96,-0.13533026318966013,WLS,145,3.379618264304218e-05
1,B_svc,2,0.2786396616976753,96,0.2792753320852308,WLS,145,0.0006356703875555203
2,UPFC_Vsh,5-15,1.104795937967577,96,1.1062122242676464,WLS,145,0.0014162863000695136
3,UPFC_tsh,5-15,-0.22894891916282606,96,-0.2288937475894797,WLS,145,5.5171573346363134e-05
4,UPFC_Vse,5-15,0.06012728508162658,96,0.06105957393486992,WLS,145,0.0009322888532433404
5,UPFC_tse,5-15,-2.148207471652594,96,-2.1480552309749896,WLS,145,0.0001522406776044427
0,x_tcsc,1-14,-0.1353799368983769,97,-0.13533026318966013,WLS,145,4.9673708716779785e-05
1,B_svc,2,0.27859872677341974,97,0.2792753320852308,WLS,145,0.0006766053118110738
2,UPFC_Vsh,5-15,1.1042994745500074,97,1.1062122242676464,WLS,145,0.0019127497176389952
3,UPFC_tsh,5-15,-0.22897287921703519,97,-0.2288937475894797,WLS,145,7.913162755548986e-05
4,UPFC_Vse,5-15,0.06043037523073646,97,0.06105957393486992,WLS,145,0.0006291987041334643
5,UPFC_tse,5-15,-2.1438985045058536,97,-2.1480552309749896,WLS,145,0.004156726469136007
0,x_tcsc,1-14,-0.13536613568076317,98,-0.13533026318966013,WLS,145,3.587249110303947e-05
1,B_svc,2,0.27889319370668225,98,0.2792753320852308,WLS,145,0.0003821383785485577
2,UPFC_Vsh,5-15,1.104135783015461,98,1.1062122242676464,WLS,145,0.0020764412521854236
3,UPFC_tsh,5-15,-0.2289888812743472,98,-0.2288937475894797,WLS,145,9.51336848674933e-05
4,UPFC_Vse,5-15,0.06054110109908868,98,0.06105957393486992,WLS,145,0.0005184728357812418
5,UPFC_tse,5-15,-2.144807329120538,98,-2.1480552309749896,WLS,145,0.0032479018544515625
0,x_tcsc,1-14,-0.13535738409839362,99,-0.13533026318966013,WLS,145,2.7120908733496707e-05
1,B_svc,2,0.27834521879388374,99,0.2792753320852308,WLS,145,0.0009301132913470678
2,UPFC_Vsh,5-15,1.1048124043429486,99,1.1062122242676464,WLS,145,0.0013998199246978427
3,UPFC_tsh,5-15,-0.22892330018022597,99,-0.2288937475894797,WLS,145,2.9552590746273477e-05
4,UPFC_Vse,5-15,0.05996324372104586,99,0.06105957393486992,WLS,145,0.0010963302138240621
5,UPFC_tse,5-15,-2.1489232513203107,99,-2.1480552309749896,WLS,145,0.0008680203453210744
0,x_tcsc,1-14,-0.13719576537291822,0,-0.13716283505255114,WLS,147,3.2930320367080546e-05
1,B_svc,2,0.2877280660887024,0,0.28791956504071137,WLS,147,0.00019149895200898381
2,UPFC_Vsh,5-15,1.1045662420590059,0,1.1050088222453598,WLS,147,0.0004425801863539025
3,UPFC_tsh,5-15,-0.22716074211325255,0,-0.22711178619308,WLS,147,4.895592017253869e-05
4,UPFC_Vse,5-15,0.060378472038975735,0,0.06117941678335211,WLS,147,0.0008009447443763779
5,UPFC_tse,5-15,-2.1453064891140285,0,-2.1510341493100755,WLS,147,0.00572766019604698
0,x_tcsc,1-14,-0.1371952524139952,1,-0.13716283505255114,WLS,147,3.2417361444048165e-05
1,B_svc,2,0.2875822594778136,1,0.28791956504071137,WLS,147,0.0003373055628977939
2,UPFC_Vsh,5-15,1.1041700955885398,1,1.1050088222453598,WLS,147,0.0008387266568199436
3,UPFC_tsh,5-15,-0.22721348965162982,1,-0.22711178619308,WLS,147,0.00010170345854981777
4,UPFC_Vse,5-15,0.05995310712112567,1,0.06117941678335211,WLS,147,0.0012263096622264422
5,UPFC_tse,5-15,-2.1449804757356485,1,-2.1510341493100755,WLS,147,0.006053673574426988
0,x_tcsc,1-14,-0.13716880832137285,2,-0.13716283505255114,WLS,147,5.973268821707345e-06
1,B_svc,2,0.28796408717801497,2,0.28791956504071137,WLS,147,4.4522137303604215e-05
2,UPFC_Vsh,5-15,1.1044752200865764,2,1.1050088222453598,WLS,147,0.0005336021587833972
3,UPFC_tsh,5-15,-0.22712434159907002,2,-0.22711178619308,WLS,147,1.255540599001681e-05
4,UPFC_Vse,5-15,0.06072009665409559,2,0.06117941678335211,WLS,147,0.0004593201292565213
5,UPFC_tse,5-15,-2.1485471186963028,2,-2.1510341493100755,WLS,147,0.002487030613772756
0,x_tcsc,1-14,-0.13719457980755972,3,-0.13716283505255114,WLS,147,3.174475500858365e-05
1,B_svc,2,0.2877771640876196,3,0.28791956504071137,WLS,147,0.00014240095309175915
2,UPFC_Vsh,5-15,1.1046136973019167,3,1.1050088222453598,WLS,147,0.00039512494344307036
3,UPFC_tsh,5-15,-0.22711892285545518,3,-0.22711178619308,WLS,147,7.136662375173408e-06
4,UPFC_Vse,5-15,0.060685239990558026,3,0.06117941678335211,WLS,147,0.0004941767927940863
5,UPFC_tse,5-15,-2.1453625721132084,3,-2.1510341493100755,WLS,147,0.005671577196867172
0,x_tcsc,1-14,-0.13718027799735066,4,-0.13716283505255114,WLS,147,1.7442944799522797e-05
1,B_svc,2,0.2874441073777732,4,0.28791956504071137,WLS,147,0.0004754576629381613
2,UPFC_Vsh,5-15,1.1046226273785291,4,1.1050088222453598,WLS,147,0.00038619486683066917
3,UPFC_tsh,5-15,-0.2271691175691889,4,-0.22711178619308,WLS,147,5.733137610888783e-05
4,UPFC_Vse,5-15,0.060221143416458796,4,0.06117941678335211,WLS,147,0.0009582733668933169
5,UPFC_tse,5-15,-2.14824602584974,4,-2.1510341493100755,WLS,147,0.002788123460335523
0,x_tcsc,1-14,-0.13719372129773738,5,-0.13716283505255114,WLS,147,3.088624518624017e-05
1,B_svc,2,0.2879573536970394,5,0.28791956504071137,WLS,147,3.778865632803052e-05
2,UPFC_Vsh,5-15,1.1042114112703452,5,1.1050088222453598,WLS,147,0.000797410975014623
3,UPFC_tsh,5-15,-0.2271733301991968,5,-0.22711178619308,WLS,147,6.154400611679822e-05
4,UPFC_Vse,5-15,0.060616215820313166,5,0.06117941678335211,WLS,147,0.000563200963038947
5,UPFC_tse,5-15,-2.141105467611279,5,-2.1510341493100755,WLS,147,0.00992868169879646
0,x_tcsc,1-14,-0.1371877252668812,6,-0.13716283505255114,WLS,147,2.489021433005334e-05
1,B_svc,2,0.2877633967377017,6,0.28791956504071137,WLS,147,0.00015616830300968498
2,UPFC_Vsh,5-15,1.1044164754497356,6,1.1050088222453598,WLS,147,0.0005923467956241435
3,UPFC_tsh,5-15,-0.22713673322280384,6,-0.22711178619308,WLS,147,2.4947029723831893e-05
4,UPFC_Vse,5-15,0.060398251766096304,6,0.06117941678335211,WLS,147,0.0007811650172558082
5,UPFC_tse,5-15,-2.1484354348895582,6,-2.1510341493100755,WLS,147,0.0025987144205172896
0,x_tcsc,1-14,-0.1371970746201261,7,-0.13716283505255114,WLS,147,3.4239567574950724e-05
1,B_svc,2,0.28792134471755715,7,0.28791956504071137,WLS,147,1.7796768457811751e-06
2,UPFC_Vsh,5-15,1.1044702655074001,7,1.1050088222453598,WLS,147,0.0005385567379596612
3,UPFC_tsh,5-15,-0.22712907006395971,7,-0.22711178619308,WLS,147,1.7283870879708507e-05
4,UPFC_Vse,5-15,0.06036775290555157,7,0.06117941678335211,WLS,147,0.0008116638778005447
5,UPFC_tse,5-15,-2.150162275716411,7,-2.1510341493100755,WLS,147,0.0008718735936645849
0,x_tcsc,1-14,-0.13717616312739417,8,-0.13716283505255114,WLS,147,1.332807484302756e-05
1,B_svc,2,0.28769521401311443,8,0.28791956504071137,WLS,147,0.00022435102759693626
2,UPFC_Vsh,5-15,1.1046975994846289,8,1.1050088222453598,WLS,147,0.0003112227607309226
3,UPFC_tsh,5-15,-0.2271194088269974,8,-0.22711178619308,WLS,147,7.622633917403476e-06
4,UPFC_Vse,5-15,0.06039950242447348,8,0.06117941678335211,WLS,147,0.0007799143588786348
5,UPFC_tse,5-15,-2.1515258183797057,8,-2.1510341493100755,WLS,147,0.0004916690696301629
0,x_tcsc,1-14,-0.1371820844403312,9,-0.13716283505255114,WLS,147,1.9249387780057026e-05
1,B_svc,2,0.28751213382414526,9,0.28791956504071137,WLS,147,0.00040743121656611203
2,UPFC_Vsh,5-15,1.1045623787868337,9,1.1050088222453598,WLS,147,0.00044644345852606904
3,UPFC_tsh,5-15,-0.22715117587908262,9,-0.22711178619308,WLS,147,3.938968600261661e-05
4,UPFC_Vse,5-15,0.06035575146351932,9,0.06117941678335211,WLS,147,0.0008236653198327934
5,UPFC_tse,5-15,-2.144918709776407,9,-2.1510341493100755,WLS,147,0.006115439533668443
0,x_tcsc,1-14,-0.13718124997461262,10,-0.13716283505255114,WLS,147,1.84149220614771e-05
1,B_svc,2,0.28824984746947624,10,0.28791956504071137,WLS,147,0.000330282428764872
2,UPFC_Vsh,5-15,1.1047502447672917,10,1.1050088222453598,WLS,147,0.0002585774780681227
3,UPFC_tsh,5-15,-0.22715705629914834,10,-0.22711178619308,WLS,147,4.5270106068334703e-05
4,UPFC_Vse,5-15,0.060448404474759056,10,0.06117941678335211,WLS,147,0.000731012308593057
5,UPFC_tse,5-15,-2.1491480958680222,10,-2.1510341493100755,WLS,147,0.0018860534420532815
0,x_tcsc,1-14,-0.13717403578622334,11,-0.13716283505255114,WLS,147,1.1200733672195318e-05
1,B_svc,2,0.2877170747107859,11,0.28791956504071137,WLS,147,0.00020249032992547544
2,UPFC_Vsh,5-15,1.1041874289567817,11,1.1050088222453598,WLS,147,0.0008213932885781094
3,UPFC_tsh,5-15,-0.2271977594435778,11,-0.22711178619308,WLS,147,8.597325049780613e-05
4,UPFC_Vse,5-15,0.060526741722307875,11,0.06117941678335211,WLS,147,0.0006526750610442375
5,UPFC_tse,5-15,-2.1460464602752354,11,-2.1510341493100755,WLS,147,0.004987689034840148
0,x_tcsc,1-14,-0.13720937613437717,12,-0.13716283505255114,WLS,147,4.654108182602923e-05
1,B_svc,2,0.2883222580718667,12,0.28791956504071137,WLS,147,0.0004026930311553101
2,UPFC_Vsh,5-15,1.1041783165083028,12,1.1050088222453598,WLS,147,0.0008305057370570079
3,UPFC_tsh,5-15,-0.22719283961956796,12,-0.22711178619308,WLS,147,8.105342648795366e-05
4,UPFC_Vse,5-15,0.05961916355449548,12,0.06117941678335211,WLS,147,0.0015602532288566326
5,UPFC_tse,5-15,-2.1471120514515674,12,-2.1510341493100755,WLS,147,0.003922097858508167
0,x_tcsc,1-14,-0.13719036153783165,13,-0.13716283505255114,WLS,147,2.752648528051016e-05
1,B_svc,2,0.2881696833149726,13,0.28791956504071137,WLS,147,0.0002501182742612462
2,UPFC_Vsh,5-15,1.1045681040176578,13,1.1050088222453598,WLS,147,0.000440718227701975
3,UPFC_tsh,5-15,-0.22716661502605584,13,-0.22711178619308,WLS,147,5.482883297583396e-05
4,UPFC_Vse,5-15,0.06020479768771026,13,0.06117941678335211,WLS,147,0.0009746190956418516
5,UPFC_tse,5-15,-2.1462674473106267,13,-2.1510341493100755,WLS,147,0.004766701999448841
0,x_tcsc,1-14,-0.13719114014913938,14,-0.13716283505255114,WLS,147,2.830509658824365e-05
1,B_svc,2,0.28773134376944004,14,0.28791956504071137,WLS,147,0.00018822127127132715
2,UPFC_Vsh,5-15,1.1043427984561505,14,1.1050088222453598,WLS,147,0.0006660237892093246
3,UPFC_tsh,5-15,-0.22716896024379143,14,-0.22711178619308,WLS,147,5.7174050711428226e-05
4,UPFC_Vse,5-15,0.060374140164129016,14,0.06117941678335211,WLS,147,0.000805276619223097
5,UPFC_tse,5-15,-2.142162432922731,14,-2.1510341493100755,WLS,147,0.00887171638734463
0,x_tcsc,1-14,-0.13719365244694798,15,-0.13716283505255114,WLS,147,3.081739439683706e-05
1,B_svc,2,0.28769506386501886,15,0.28791956504071137,WLS,147,0.00022450117569250416
2,UPFC_Vsh,5-15,1.1044219480613255,15,1.1050088222453598,WLS,147,0.0005868741840342473
3,UPFC_tsh,5-15,-0.2271366900017927,15,-0.22711178619308,WLS,147,2.4903808712700704e-05
4,UPFC_Vse,5-15,0.060478171261855146,15,0.06117941678335211,WLS,147,0.0007012455214969668
5,UPFC_tse,5-15,-2.1431789239641335,15,-2.1510341493100755,WLS,147,0.007855225345942074
0,x_tcsc,1-14,-0.13718851956777367,16,-0.13716283505255114,WLS,147,2.5684515222529347e-05
1,B_svc,2,0.2881595918724206,16,0.28791956504071137,WLS,147,0.0002400268317092058
2,UPFC_Vsh,5-15,1.1042241919250693,16,1.1050088222453598,WLS,147,0.0007846303202905247
3,UPFC_tsh,5-15,-0.22716462330783038,16,-0.22711178619308,WLS,147,5.283711475037589e-05
4,UPFC_Vse,5-15,0.06006842374469923,16,0.06117941678335211,WLS,147,0.001110993038652884
5,UPFC_tse,5-15,-2.147835326529225,16,-2.1510341493100755,WLS,147,0.0031988227808503744
0,x_tcsc,1-14,-0.13718488693858624,17,-0.13716283505255114,WLS,147,2.2051886035101553e-05
1,B_svc,2,0.2881151121312133,17,0.28791956504071137,WLS,147,0.0001955470905019574
2,UPFC_Vsh,5-15,1.104323269660024,17,1.1050088222453598,WLS,147,0.000685552585335758
3,UPFC_tsh,5-15,-0.22721663694424993,17,-0.22711178619308,WLS,147,0.00010485075116992149
4,UPFC_Vse,5-15,0.06046907839015988,17,0.06117941678335211,WLS,147,0.0007103383931922336
5,UPFC_tse,5-15,-2.145297778090966,17,-2.1510341493100755,WLS,147,0.005736371219109415
0,x_tcsc,1-14,-0.13719954036059398,18,-0.13716283505255114,WLS,147,3.6705308042839224e-05
1,B_svc,2,0.28818232554013945,18,0.28791956504071137,WLS,147,0.000262760499428083
2,UPFC_Vsh,5-15,1.1044199217596309,18,1.1050088222453598,WLS,147,0.0005889004857289049
3,UPFC_tsh,5-15,-0.227130846908855,18,-0.22711178619308,WLS,147,1.906071577498225e-05
4,UPFC_Vse,5-15,0.06074646238799583,18,0.06117941678335211,WLS,147,0.0004329543953562817
5,UPFC_tse,5-15,-2.143397324590148,18,-2.1510341493100755,WLS,147,0.0076368247199276595
0,x_tcsc,1-14,-0.13718278856012958,19,-0.13716283505255114,WLS,147,1.995350757844072e-05
1,B_svc,2,0.28775639271612447,19,0.28791956504071137,WLS,147,0.00016317232458690212
2,UPFC_Vsh,5-15,1.1046160968156924,19,1.1050088222453598,WLS,147,0.00039272542966739543
3,UPFC_tsh,5-15,-0.22709746707970618,19,-0.22711178619308,WLS,147,1.4319113373822967e-05
4,UPFC_Vse,5-15,0.06037158912531417,19,0.06117941678335211,WLS,147,0.0008078276580379407
5,UPFC_tse,5-15,-2.1468122200224777,19,-2.1510341493100755,WLS,147,0.004221929287597792
0,x_tcsc,1-14,-0.13719411412258806,20,-0.13716283505255114,WLS,147,3.127907003691588e-05
1,B_svc,2,0.2881936795687064,20,0.28791956504071137,WLS,147,0.00027411452799502856
2,UPFC_Vsh,5-15,1.1045203074324892,20,1.1050088222453598,WLS,147,0.0004885148128705996
3,UPFC_tsh,5-15,-0.2270812938752476,20,-0.22711178619308,WLS,147,3.0492317832420124e-05
4,UPFC_Vse,5-15,0.06058842891733562,20,0.06117941678335211,WLS,147,0.0005909878660164958
5,UPFC_tse,5-15,-2.1446444235973394,20,-2.1510341493100755,WLS,147,0.006389725712736105
0,x_tcsc,1-14,-0.13719961821553905,21,-0.13716283505255114,WLS,147,3.67831629879134e-05
1,B_svc,2,0.28783119828693526,21,0.28791956504071137,WLS,147,8.836675377610348e-05
2,UPFC_Vsh,5-15,1.1044370108549075,21,1.1050088222453598,WLS,147,0.0005718113904522593
3,UPFC_tsh,5-15,-0.2271215506686553,21,-0.22711178619308,WLS,147,9.764475575296805e-06
4,UPFC_Vse,5-15,0.06061877519175217,21,0.06117941678335211,WLS,147,0.0005606415915999433
5,UPFC_tse,5-15,-2.146935646400485,21,-2.1510341493100755,WLS,147,0.004098502909590351
0,x_tcsc,1-14,-0.1371779726429942,22,-0.13716283505255114,WLS,147,1.5137590443053961e-05
1,B_svc,2,0.2879199066048823,22,0.28791956504071137,WLS,147,3.415641709469952e-07
2,UPFC_Vsh,5-15,1.1046290176150333,22,1.1050088222453598,WLS,147,0.0003798046303264968
3,UPFC_tsh,5-15,-0.2271067730522165,22,-0.22711178619308,WLS,147,5.0131408635134544e-06
4,UPFC_Vse,5-15,0.060040646061675446,22,0.06117941678335211,WLS,147,0.001138770721676667
5,UPFC_tse,5-15,-2.147151673658383,22,-2.1510341493100755,WLS,147,0.0038824756516926406
0,x_tcsc,1-14,-0.13719079517012406,23,-0.13716283505255114,WLS,147,2.7960117572917165e-05
1,B_svc,2,0.2879555757711874,23,0.28791956504071137,WLS,147,3.601073047604375e-05
2,UPFC_Vsh,5-15,1.1044235195938898,23,1.1050088222453598,WLS,147,0.0005853026514699433
3,UPFC_tsh,5-15,-0.22706776311251944,23,-0.22711178619308,WLS,147,4.4023080560562367e-05
4,UPFC_Vse,5-15,0.0601574614493314,23,0.06117941678335211,WLS,147,0.0010219553340207119
5,UPFC_tse,5-15,-2.14428435512764,23,-2.1510341493100755,WLS,147,0.006749794182435487
0,x_tcsc,1-14,-0.13719916171676058,24,-0.13716283505255114,WLS,147,3.632666420944064e-05
1,B_svc,2,0.287845436540192,24,0.28791956504071137,WLS,147,7.412850051935482e-05
2,UPFC_Vsh,5-15,1.1044772420318598,24,1.1050088222453598,WLS,147,0.0005315802134999714
3,UPFC_tsh,5-15,-0.22714028619782028,24,-0.22711178619308,WLS,147,2.8500004740278362e-05
4,UPFC_Vse,5-15,0.06062886418974446,24,0.06117941678335211,WLS,147,0.0005505525936076519
5,UPFC_tse,5-15,-2.1424900275187335,24,-2.1510341493100755,WLS,147,0.008544121791342008
0,x_tcsc,1-14,-0.13720115984281525,25,-0.13716283505255114,WLS,147,3.83247902641104e-05
1,B_svc,2,0.28728361127535373,25,0.28791956504071137,WLS,147,0.000635953765357633
2,UPFC_Vsh,5-15,1.1045553690148435,25,1.1050088222453598,WLS,147,0.0004534532305162653
3,UPFC_tsh,5-15,-0.22713414673243426,25,-0.22711178619308,WLS,147,2.236053935425475e-05
4,UPFC_Vse,5-15,0.06032133225889743,25,0.06117941678335211,WLS,147,0.0008580845244546831
5,UPFC_tse,5-15,-2.1476922571003585,25,-2.1510341493100755,WLS,147,0.0033418922097170345
0,x_tcsc,1-14,-0.1371753879539575,26,-0.13716283505255114,WLS,147,1.2552901406365224e-05
1,B_svc,2,0.28767683795079,26,0.28791956504071137,WLS,147,0.00024272708992134628
2,UPFC_Vsh,5-15,1.1044042583287277,26,1.1050088222453598,WLS,147,0.000604563916632106
3,UPFC_tsh,5-15,-0.22716539094643143,26,-0.22711178619308,WLS,147,5.3604753351421675e-05
4,UPFC_Vse,5-15,0.060374505355311525,26,0.06117941678335211,WLS,147,0.0008049114280405875
5,UPFC_tse,5-15,-2.1488142981443086,26,-2.1510341493100755,WLS,147,0.0022198511657669506
0,x_tcsc,1-14,-0.1371951009444619,27,-0.13716283505255114,WLS,147,3.2265891910771005e-05
1,B_svc,2,0.28796426237259254,27,0.28791956504071137,WLS,147,4.469733188117164e-05
2,UPFC_Vsh,5-15,1.1043580322247237,27,1.1050088222453598,WLS,147,0.0006507900206360606
3,UPFC_tsh,5-15,-0.22719356469875115,27,-0.22711178619308,WLS,147,8.177850567114842e-05
4,UPFC_Vse,5-15,0.0601946026524251,27,0.06117941678335211,WLS,147,0.0009848141309270128
5,UPFC_tse,5-15,-2.1462963789867615,27,-2.1510341493100755,WLS,147,0.004737770323314017
0,x_tcsc,1-14,-0.13718127209068154,28,-0.13716283505255114,WLS,147,1.8437038130397765e-05
1,B_svc,2,0.2878095249781822,28,0.28791956504071137,WLS,147,0.00011004006252918197
2,UPFC_Vsh,5-15,1.1042317416474863,28,1.1050088222453598,WLS,147,0.000777080597873514
3,UPFC_tsh,5-15,-0.22712242824452147,28,-0.22711178619308,WLS,147,1.0642051441467348e-05
4,UPFC_Vse,5-15,0.060676945232081315,28,0.06117941678335211,WLS,147,0.0005024715512707972
5,UPFC_tse,5-15,-2.145047088354883,28,-2.1510341493100755,WLS,147,0.005987060955192636
0,x_tcsc,1-14,-0.1371865224717276,29,-0.13716283505255114,WLS,147,2.3687419176465774e-05
1,B_svc,2,0.28790246215768445,29,0.28791956504071137,WLS,147,1.7102883026920424e-05
2,UPFC_Vsh,5-15,1.1044773237722898,29,1.1050088222453598,WLS,147,0.0005314984730699912
3,UPFC_tsh,5-15,-0.2272006960752766,29,-0.22711178619308,WLS,147,8.890988219659168e-05
4,UPFC_Vse,5-15,0.0604472231836477,29,0.06117941678335211,WLS,147,0.0007321935997044102
5,UPFC_tse,5-15,-2.145893115801333,29,-2.1510341493100755,WLS,147,0.00514103350874251
0,x_tcsc,1-14,-0.13719240513321504,30,-0.13716283505255114,WLS,147,2.9570080663898768e-05
1,B_svc,2,0.28806439064316935,30,0.28791956504071137,WLS,147,0.00014482560245798748
2,UPFC_Vsh,5-15,1.104405620413339,30,1.1050088222453598,WLS,147,0.0006032018320207833
3,UPFC_tsh,5-15,-0.2270890668373726,30,-0.22711178619308,WLS,147,2.2719355707412348e-05
4,UPFC_Vse,5-15,0.06022212659139311,30,0.06117941678335211,WLS,147,0.0009572901919590038
5,UPFC_tse,5-15,-2.146577073484894,30,-2.1510341493100755,WLS,147,0.004457075825181622
0,x_tcsc,1-14,-0.1371795568925756,31,-0.13716283505255114,WLS,147,1.6721840024463974e-05
1,B_svc,2,0.2875974353102303,31,0.28791956504071137,WLS,147,0.00032212973048106885
2,UPFC_Vsh,5-15,1.1045197910921838,31,1.1050088222453598,WLS,147,0.0004890311531760005
3,UPFC_tsh,5-15,-0.22710034527322862,31,-0.22711178619308,WLS,147,1.1440919851390952e-05
4,UPFC_Vse,5-15,0.06038802681399637,31,0.06117941678335211,WLS,147,0.000791389969355745
5,UPFC_tse,5-15,-2.146638381933146,31,-2.1510341493100755,WLS,147,0.0043957673769297045
0,x_tcsc,1-14,-0.13720106298952334,32,-0.13716283505255114,WLS,147,3.8227936972196064e-05
1,B_svc,2,0.2877867383788878,32,0.28791956504071137,WLS,147,0.00013282666182357072
2,UPFC_Vsh,5-15,1.1043353600400665,32,1.1050088222453598,WLS,147,0.0006734622052932959
3,UPFC_tsh,5-15,-0.22713322433292005,32,-0.22711178619308,WLS,147,2.143813984004095e-05
4,UPFC_Vse,5-15,0.060629671138516625,32,0.06117941678335211,WLS,147,0.0005497456448354879
5,UPFC_tse,5-15,-2.1450481867596345,32,-2.1510341493100755,WLS,147,0.005985962550441037
0,x_tcsc,1-14,-0.1371963256398076,33,-0.13716283505255114,WLS,147,3.349058725646281e-05
1,B_svc,2,0.28762412191477327,33,0.28791956504071137,WLS,147,0.0002954431259380996
2,UPFC_Vsh,5-15,1.1044532160856848,33,1.1050088222453598,WLS,147,0.0005556061596749817
3,UPFC_tsh,5-15,-0.22710129507060933,33,-0.22711178619308,WLS,147,1.0491122470673853e-05
4,UPFC_Vse,5-15,0.06008909153516255,33,0.06117941678335211,WLS,147,0.0010903252481895623
5,UPFC_tse,5-15,-2.147640433572643,33,-2.1510341493100755,WLS,147,0.0033937157374324123
0,x_tcsc,1-14,-0.13717138143190216,34,-0.13716283505255114,WLS,147,8.546379351020983e-06
1,B_svc,2,0.2882393210219703,34,0.28791956504071137,WLS,147,0.0003197559812589401
2,UPFC_Vsh,5-15,1.1045168033760917,34,1.1050088222453598,WLS,147,0.0004920188692680849
3,UPFC_tsh,5-15,-0.22715352755810025,34,-0.22711178619308,WLS,147,4.1741365020248056e-05
4,UPFC_Vse,5-15,0.06042989208058737,34,0.06117941678335211,WLS,147,0.0007495247027647436
5,UPFC_tse,5-15,-2.148370444910129,34,-2.1510341493100755,WLS,147,0.002663704399946454
0,x_tcsc,1-14,-0.13718752266482784,35,-0.13716283505255114,WLS,147,2.4687612276697024e-05
1,B_svc,2,0.28775587927325735,35,0.28791956504071137,WLS,147,0.00016368576745401375
2,UPFC_Vsh,5-15,1.1040751707553367,35,1.1050088222453598,WLS,147,0.000933651490023113
3,UPFC_tsh,5-15,-0.2271759087225735,35,-0.22711178619308,WLS,147,6.412252949350439e-05
4,UPFC_Vse,5-15,0.06022797552767723,35,0.06117941678335211,WLS,147,0.0009514412556748814
5,UPFC_tse,5-15,-2.1483196025792215,35,-2.1510341493100755,WLS,147,0.0027145467308540283
0,x_tcsc,1-14,-0.13717858036885056,36,-0.13716283505255114,WLS,147,1.574531629941478e-05
1,B_svc,2,0.28773703233500714,36,0.28791956504071137,WLS,147,0.0001825327057042303
2,UPFC_Vsh,5-15,1.1046445581946556,36,1.1050088222453598,WLS,147,0.00036426405070422163
3,UPFC_tsh,5-15,-0.22704567582019103,36,-0.22711178619308,WLS,147,6.611037288897781e-05
4,UPFC_Vse,5-15,0.05993863716949504,36,0.06117941678335211,WLS,147,0.0012407796138570737
5,UPFC_tse,5-15,-2.146769228497736,36,-2.1510341493100755,WLS,147,0.004264920812339312
0,x_tcsc,1-14,-0.13719467851502937,37,-0.13716283505255114,WLS,147,3.1843462478226003e-05
1,B_svc,2,0.2873735934461455,37,0.28791956504071137,WLS,147,0.000545971594565875
2,UPFC_Vsh,5-15,1.1048023950225414,37,1.1050088222453598,WLS,147,0.00020642722281838388
3,UPFC_tsh,5-15,-0.22709656575678808,37,-0.22711178619308,WLS,147,1.5220436291929484e-05
4,UPFC_Vse,5-15,0.06036404071350235,37,0.06117941678335211,WLS,147,0.0008153760698497645
5,UPFC_tse,5-15,-2.1477155947009012,37,-2.1510341493100755,WLS,147,0.0033185546091742957
0,x_tcsc,1-14,-0.1371892138520446,38,-0.13716283505255114,WLS,147,2.6378799493465e-05
1,B_svc,2,0.2876729725352548,38,0.28791956504071137,WLS,147,0.0002465925054565554
2,UPFC_Vsh,5-15,1.1042602699968755,38,1.1050088222453598,WLS,147,0.0007485522484842466
3,UPFC_tsh,5-15,-0.22712419508366874,38,-0.22711178619308,WLS,147,1.2408890588733179e-05
4,UPFC_Vse,5-15,0.06048620394664063,38,0.06117941678335211,WLS,147,0.0006932128367114834
5,UPFC_tse,5-15,-2.1461296299853463,38,-2.1510341493100755,WLS,147,0.00490451932472924
0,x_tcsc,1-14,-0.13717762105186745,39,-0.13716283505255114,WLS,147,1.4785999316313525e-05
1,B_svc,2,0.2872788221727766,39,0.28791956504071137,WLS,147,0.0006407428679347515
2,UPFC_Vsh,5-15,1.1044362610126481,39,1.1050088222453598,WLS,147,0.0005725612327116547
3,UPFC_tsh,5-15,-0.22713452251199073,39,-0.22711178619308,WLS,147,2.2736318910726583e-05
4,UPFC_Vse,5-15,0.06050505290392228,39,0.06117941678335211,WLS,147,0.0006743638794298318
5,UPFC_tse,5-15,-2.1474707947087377,39,-2.1510341493100755,WLS,147,0.0035633546013378314
0,x_tcsc,1-14,-0.1371895260067878,40,-0.13716283505255114,WLS,147,2.6690954236657793e-05
1,B_svc,2,0.2877208474201287,40,0.28791956504071137,WLS,147,0.00019871762058265574
2,UPFC_Vsh,5-15,1.1044894157122438,40,1.1050088222453598,WLS,147,0.0005194065331159958
3,UPFC_tsh,5-15,-0.22716802624631963,40,-0.22711178619308,WLS,147,5.6240053239620114e-05
4,UPFC_Vse,5-15,0.06062380412238877,40,0.06117941678335211,WLS,147,0.0005556126609633436
5,UPFC_tse,5-15,-2.1441063719537072,40,-2.1510341493100755,WLS,147,0.006927777356368292
0,x_tcsc,1-14,-0.1371842780207723,41,-0.13716283505255114,WLS,147,2.1442968221152547e-05
1,B_svc,2,0.2878713674534847,41,0.28791956504071137,WLS,147,4.819758722668377e-05
2,UPFC_Vsh,5-15,1.1045023730495773,41,1.1050088222453598,WLS,147,0.0005064491957824657
3,UPFC_tsh,5-15,-0.22710155679991528,41,-0.22711178619308,WLS,147,1.0229393164723488e-05
4,UPFC_Vse,5-15,0.060250732256089214,41,0.06117941678335211,WLS,147,0.0009286845272628991
5,UPFC_tse,5-15,-2.147351272929837,41,-2.1510341493100755,WLS,147,0.0036828763802385645
0,x_tcsc,1-14,-0.13719297583323284,42,-0.13716283505255114,WLS,147,3.0140780681697787e-05
1,B_svc,2,0.2878349066732479,42,0.28791956504071137,WLS,147,8.465836746346378e-05
2,UPFC_Vsh,5-15,1.1042600675202763,42,1.1050088222453598,WLS,147,0.0007487547250835114
3,UPFC_tsh,5-15,-0.2271895969593457,42,-0.22711178619308,WLS,147,7.781076626570127e-05
4,UPFC_Vse,5-15,0.060437899734728566,42,0.06117941678335211,WLS,147,0.0007415170486235467
5,UPFC_tse,5-15,-2.1460423546418577,42,-2.1510341493100755,WLS,147,0.004991794668217864
0,x_tcsc,1-14,-0.1371947041197549,43,-0.13716283505255114,WLS,147,3.186906720376026e-05
1,B_svc,2,0.28812522879337044,43,0.28791956504071137,WLS,147,0.00020566375265906878
2,UPFC_Vsh,5-15,1.104459433057558,43,1.1050088222453598,WLS,147,0.0005493891878018964
3,UPFC_tsh,5-15,-0.22715474025979146,43,-0.22711178619308,WLS,147,4.295406671145363e-05
4,UPFC_Vse,5-15,0.05996900035765128,43,0.06117941678335211,WLS,147,0.0012104164257008346
5,UPFC_tse,5-15,-2.1468824756998526,43,-2.1510341493100755,WLS,147,0.00415167361022295
0,x_tcsc,1-14,-0.1371873094691299,44,-0.13716283505255114,WLS,147,2.4474416578768032e-05
1,B_svc,2,0.28772325358572787,44,0.28791956504071137,WLS,147,0.0001963114549834999
2,UPFC_Vsh,5-15,1.1041923135788445,44,1.1050088222453598,WLS,147,0.000816508666515281
3,UPFC_tsh,5-15,-0.22714847528078244,44,-0.22711178619308,WLS,147,3.6689087702435064e-05
4,UPFC_Vse,5-15,0.060471137556200046,44,0.06117941678335211,WLS,147,0.0007082792271520671
5,UPFC_tse,5-15,-2.143575698747768,44,-2.1510341493100755,WLS,147,0.00745845056230765
0,x_tcsc,1-14,-0.1371972185084556,45,-0.13716283505255114,WLS,147,3.438345590445202e-05
1,B_svc,2,0.2875235455373759,45,0.28791956504071137,WLS,147,0.0003960195033354541
2,UPFC_Vsh,5-15,1.104571881032619,45,1.1050088222453598,WLS,147,0.00043694121274073794
3,UPFC_tsh,5-15,-0.2271547703635011,45,-0.22711178619308,WLS,147,4.298417042108982e-05
4,UPFC_Vse,5-15,0.060014971705059074,45,0.06117941678335211,WLS,147,0.0011644450782930388
5,UPFC_tse,5-15,-2.149404391176562,45,-2.1510341493100755,WLS,147,0.0016297581335136258
0,x_tcsc,1-14,-0.13719462477049432,46,-0.13716283505255114,WLS,147,3.178971794318142e-05
1,B_svc,2,0.2876515327292453,46,0.28791956504071137,WLS,147,0.0002680323114660488
2,UPFC_Vsh,5-15,1.104275894822837,46,1.1050088222453598,WLS,147,0.0007329274225227334
3,UPFC_tsh,5-15,-0.22709417427583356,46,-0.22711178619308,WLS,147,1.7611917246446174e-05
4,UPFC_Vse,5-15,0.060604645008126956,46,0.06117941678335211,WLS,147,0.0005747717752251566
5,UPFC_tse,5-15,-2.143246929124165,46,-2.1510341493100755,WLS,147,0.007787220185910382
0,x_tcsc,1-14,-0.13720189185235576,47,-0.13716283505255114,WLS,147,3.9056799804620956e-05
1,B_svc,2,0.28803058292853506,47,0.28791956504071137,WLS,147,0.00011101788782369448
2,UPFC_Vsh,5-15,1.104541795037998,47,1.1050088222453598,WLS,147,0.0004670272073616921
3,UPFC_tsh,5-15,-0.227166675009646,47,-0.22711178619308,WLS,147,5.488881656598443e-05
4,UPFC_Vse,5-15,0.059832323817859294,47,0.06117941678335211,WLS,147,0.0013470929654928188
5,UPFC_tse,5-15,-2.1475574139358993,47,-2.1510341493100755,WLS,147,0.003476735374176254
0,x_tcsc,1-14,-0.13718493607874935,48,-0.13716283505255114,WLS,147,2.2101026198206863e-05
1,B_svc,2,0.2880493693397783,48,0.28791956504071137,WLS,147,0.00012980429906694901
2,UPFC_Vsh,5-15,1.1045718242742009,48,1.1050088222453598,WLS,147,0.0004369979711589256
3,UPFC_tsh,5-15,-0.22716876360093713,48,-0.22711178619308,WLS,147,5.69774078571228e-05
4,UPFC_Vse,5-15,0.06071493538584791,48,0.06117941678335211,WLS,147,0.00046448139750420586
5,UPFC_tse,5-15,-2.1472054658208006,48,-2.1510341493100755,WLS,147,0.0038286834892748978
0,x_tcsc,1-14,-0.13718279323924215,49,-0.13716283505255114,WLS,147,1.995818669101035e-05
1,B_svc,2,0.2874478083615499,49,0.28791956504071137,WLS,147,0.00047175667916149466
2,UPFC_Vsh,5-15,1.1044459045811423,49,1.1050088222453598,WLS,147,0.0005629176642174549
3,UPFC_tsh,5-15,-0.22716843157675704,49,-0.22711178619308,WLS,147,5.664538367702865e-05
4,UPFC_Vse,5-15,0.060479666356458545,49,0.06117941678335211,WLS,147,0.0006997504268935681
5,UPFC_tse,5-15,-2.145306093118747,49,-2.1510341493100755,WLS,147,0.0057280561913284345
0,x_tcsc,1-14,-0.137207005848165,50,-0.13716283505255114,WLS,147,4.417079561386261e-05
1,B_svc,2,0.2879410581120904,50,0.28791956504071137,WLS,147,2.1493071379052875e-05
2,UPFC_Vsh,5-15,1.1043892571398002,50,1.1050088222453598,WLS,147,0.0006195651055596052
3,UPFC_tsh,5-15,-0.22715022747265493,50,-0.22711178619308,WLS,147,3.844127957491894e-05
4,UPFC_Vse,5-15,0.06052033109115535,50,0.06117941678335211,WLS,147,0.0006590856921967619
5,UPFC_tse,5-15,-2.147395060008671,50,-2.1510341493100755,WLS,147,0.0036390893014046632
0,x_tcsc,1-14,-0.1371852001433088,51,-0.13716283505255114,WLS,147,2.236509075764781e-05
1,B_svc,2,0.2879626542808635,51,0.28791956504071137,WLS,147,4.308924015211657e-05
2,UPFC_Vsh,5-15,1.1042414485599696,51,1.1050088222453598,WLS,147,0.0007673736853901492
3,UPFC_tsh,5-15,-0.22705972263991375,51,-0.22711178619308,WLS,147,5.2063553166253884e-05
4,UPFC_Vse,5-15,0.0605325424001867,51,0.06117941678335211,WLS,147,0.0006468743831654147
5,UPFC_tse,5-15,-2.1448794848205774,51,-2.1510341493100755,WLS,147,0.006154664489498085
0,x_tcsc,1-14,-0.13720560847731697,52,-0.13716283505255114,WLS,147,4.277342476582957e-05
1,B_svc,2,0.2883719643319313,52,0.28791956504071137,WLS,147,0.0004523992912199293
2,UPFC_Vsh,5-15,1.104413689526244,52,1.1050088222453598,WLS,147,0.0005951327191158207
3,UPFC_tsh,5-15,-0.22714857441776592,52,-0.22711178619308,WLS,147,3.678822468591858e-05
4,UPFC_Vse,5-15,0.06039140691179058,52,0.06117941678335211,WLS,147,0.0007880098715615305
5,UPFC_tse,5-15,-2.149203728351473,52,-2.1510341493100755,WLS,147,0.001830420958602641
0,x_tcsc,1-14,-0.137196168421142,53,-0.13716283505255114,WLS,147,3.333336859084879e-05
1,B_svc,2,0.28787718136294205,53,0.28791956504071137,WLS,147,4.238367776931984e-05
2,UPFC_Vsh,5-15,1.104331326617476,53,1.1050088222453598,WLS,147,0.000677495627883884
3,UPFC_tsh,5-15,-0.2271355685609591,53,-0.22711178619308,WLS,147,2.3782367879088273e-05
4,UPFC_Vse,5-15,0.06039539963829921,53,0.06117941678335211,WLS,147,0.0007840171450529052
5,UPFC_tse,5-15,-2.1483071069220108,53,-2.1510341493100755,WLS,147,0.00272704238806476
0,x_tcsc,1-14,-0.13720843700475097,54,-0.13716283505255114,WLS,147,4.560195219982521e-05
1,B_svc,2,0.28803772985039683,54,0.28791956504071137,WLS,147,0.0001181648096854615
2,UPFC_Vsh,5-15,1.104313106827612,54,1.1050088222453598,WLS,147,0.000695715417747822
3,UPFC_tsh,5-15,-0.2271337509504826,54,-0.22711178619308,WLS,147,2.196475740259829e-05
4,UPFC_Vse,5-15,0.060648640431929045,54,0.06117941678335211,WLS,147,0.0005307763514230679
5,UPFC_tse,5-15,-2.145787681633516,54,-2.1510341493100755,WLS,147,0.005246467676559341
0,x_tcsc,1-14,-0.1371829505946223,55,-0.13716283505255114,WLS,147,2.011554207115296e-05
1,B_svc,2,0.28789114050887227,55,0.28791956504071137,WLS,147,2.8424531839099654e-05
2,UPFC_Vsh,5-15,1.1043817390795732,55,1.1050088222453598,WLS,147,0.0006270831657866349
3,UPFC_tsh,5-15,-0.22709321332077673,55,-0.22711178619308,WLS,147,1.857287230327964e-05
4,UPFC_Vse,5-15,0.060416078964795464,55,0.06117941678335211,WLS,147,0.0007633378185566489
5,UPFC_tse,5-15,-2.147227107366893,55,-2.1510341493100755,WLS,147,0.0038070419431823765
0,x_tcsc,1-14,-0.13718111128040322,56,-0.13716283505255114,WLS,147,1.827622785208205e-05
1,B_svc,2,0.28765553912137803,56,0.28791956504071137,WLS,147,0.00026402591933333275
2,UPFC_Vsh,5-15,1.104322874382831,56,1.1050088222453598,WLS,147,0.0006859478625287352
3,UPFC_tsh,5-15,-0.22708826993251988,56,-0.22711178619308,WLS,147,2.351626056013023e-05
4,UPFC_Vse,5-15,0.06031940053802437,56,0.06117941678335211,WLS,147,0.0008600162453277424
5,UPFC_tse,5-15,-2.1448971188040753,56,-2.1510341493100755,WLS,147,0.0061370305060002295
0,x_tcsc,1-14,-0.13717599571240477,57,-0.13716283505255114,WLS,147,1.3160659853628243e-05
1,B_svc,2,0.28789966187864424,57,0.28791956504071137,WLS,147,1.990316206712528e-05
2,UPFC_Vsh,5-15,1.1043978567727357,57,1.1050088222453598,WLS,147,0.0006109654726240699
3,UPFC_tsh,5-15,-0.22718720958206712,57,-0.22711178619308,WLS,147,7.542338898711143e-05
4,UPFC_Vse,5-15,0.06053010028855568,57,0.06117941678335211,WLS,147,0.00064931649479643
5,UPFC_tse,5-15,-2.144032651710534,57,-2.1510341493100755,WLS,147,0.007001497599541384
0,x_tcsc,1-14,-0.1371775576628297,58,-0.13716283505255114,WLS,147,1.4722610278572468e-05
1,B_svc,2,0.28752493368008164,58,0.28791956504071137,WLS,147,0.0003946313606297269
2,UPFC_Vsh,5-15,1.1045129148050246,58,1.1050088222453598,WLS,147,0.0004959074403352304
3,UPFC_tsh,5-15,-0.2270831937395186,58,-0.22711178619308,WLS,147,2.8592453561404607e-05
4,UPFC_Vse,5-15,0.059914000743164386,58,0.06117941678335211,WLS,147,0.0012654160401877265
5,UPFC_tse,5-15,-2.148111302541675,58,-2.1510341493100755,WLS,147,0.0029228467684006
0,x_tcsc,1-14,-0.1372156651015465,59,-0.13716283505255114,WLS,147,5.283004899536703e-05
1,B_svc,2,0.2881973232790334,59,0.28791956504071137,WLS,147,0.0002777582383220456
2,UPFC_Vsh,5-15,1.1044265803128646,59,1.1050088222453598,WLS,147,0.000582241932495231
3,UPFC_tsh,5-15,-0.22715524198275397,59,-0.22711178619308,WLS,147,4.345578967396291e-05
4,UPFC_Vse,5-15,0.060484186665927524,59,0.06117941678335211,WLS,147,0.000695230117424589
5,UPFC_tse,5-15,-2.1494381591559537,59,-2.1510341493100755,WLS,147,0.001595990154121818
0,x_tcsc,1-14,-0.13720231175378741,60,-0.13716283505255114,WLS,147,3.9476701236274e-05
1,B_svc,2,0.28773039844098336,60,0.28791956504071137,WLS,147,0.00018916659972800787
2,UPFC_Vsh,5-15,1.1043813194238508,60,1.1050088222453598,WLS,147,0.0006275028215090295
3,UPFC_tsh,5-15,-0.227127269537087,60,-0.22711178619308,WLS,147,1.5483344007000133e-05
4,UPFC_Vse,5-15,0.060509106238586935,60,0.06117941678335211,WLS,147,0.0006703105447651778
5,UPFC_tse,5-15,-2.146241794990171,60,-2.1510341493100755,WLS,147,0.004792354319904657
0,x_tcsc,1-14,-0.13719618714726714,61,-0.13716283505255114,WLS,147,3.3352094715999314e-05
1,B_svc,2,0.2880020078255816,61,0.28791956504071137,WLS,147,8.244278487024026e-05
2,UPFC_Vsh,5-15,1.1042937639119423,61,1.1050088222453598,WLS,147,0.000715058333417451
3,UPFC_tsh,5-15,-0.22717314926418963,61,-0.22711178619308,WLS,147,6.136307110962691e-05
4,UPFC_Vse,5-15,0.060110803330049166,61,0.06117941678335211,WLS,147,0.0010686134533029468
5,UPFC_tse,5-15,-2.148031883481458,61,-2.1510341493100755,WLS,147,0.003002265828617734
0,x_tcsc,1-14,-0.13717567704693182,62,-0.13716283505255114,WLS,147,1.284199438067457e-05
1,B_svc,2,0.2879926251112443,62,0.28791956504071137,WLS,147,7.306007053292651e-05
2,UPFC_Vsh,5-15,1.1045615971026563,62,1.1050088222453598,WLS,147,0.0004472251427034557
3,UPFC_tsh,5-15,-0.22713384747583454,62,-0.22711178619308,WLS,147,2.2061282754531897e-05
4,UPFC_Vse,5-15,0.06016333446231924,62,0.06117941678335211,WLS,147,0.0010160823210328754
5,UPFC_tse,5-15,-2.1472598844038333,62,-2.1510341493100755,WLS,147,0.0037742649062422196
0,x_tcsc,1-14,-0.13720133985118643,63,-0.13716283505255114,WLS,147,3.850479863529155e-05
1,B_svc,2,0.2878053245441508,63,0.28791956504071137,WLS,147,0.00011424049656055812
2,UPFC_Vsh,5-15,1.1046088670962229,63,1.1050088222453598,WLS,147,0.0003999551491369324
3,UPFC_tsh,5-15,-0.22713985572106382,63,-0.22711178619308,WLS,147,2.8069527983815012e-05
4,UPFC_Vse,5-15,0.060681125977605097,63,0.06117941678335211,WLS,147,0.0004982908057470162
5,UPFC_tse,5-15,-2.143389905286323,63,-2.1510341493100755,WLS,147,0.007644244023752744
0,x_tcsc,1-14,-0.13717735975551348,64,-0.13716283505255114,WLS,147,1.4524702962342984e-05
1,B_svc,2,0.2879412774045894,64,0.28791956504071137,WLS,147,2.171236387804587e-05
2,UPFC_Vsh,5-15,1.1044379104249584,64,1.1050088222453598,WLS,147,0.0005709118204013652
3,UPFC_tsh,5-15,-0.22718060493868486,64,-0.22711178619308,WLS,147,6.88187456048539e-05
4,UPFC_Vse,5-15,0.060487856372870505,64,0.06117941678335211,WLS,147,0.0006915604104816078
5,UPFC_tse,5-15,-2.1437364421310585,64,-2.1510341493100755,WLS,147,0.00729770717901701
0,x_tcsc,1-14,-0.13720188234196032,65,-0.13716283505255114,WLS,147,3.9047289409177566e-05
1,B_svc,2,0.2879813266743752,65,0.28791956504071137,WLS,147,6.176163366383713e-05
2,UPFC_Vsh,5-15,1.1045101097655634,65,1.1050088222453598,WLS,147,0.0004987124797963816
3,UPFC_tsh,5-15,-0.2271889707891491,65,-0.22711178619308,WLS,147,7.71845960690909e-05
4,UPFC_Vse,5-15,0.0602813268173037,65,0.06117941678335211,WLS,147,0.0008980899660484126
5,UPFC_tse,5-15,-2.147341918216958,65,-2.1510341493100755,WLS,147,0.0036922310931175595
0,x_tcsc,1-14,-0.13718849478003559,66,-0.13716283505255114,WLS,147,2.5659727484445005e-05
1,B_svc,2,0.2883586623959592,66,0.28791956504071137,WLS,147,0.00043909735524783056
2,UPFC_Vsh,5-15,1.1044863978629496,66,1.1050088222453598,WLS,147,0.0005224243824102359
3,UPFC_tsh,5-15,-0.22713298002046242,66,-0.22711178619308,WLS,147,2.1193827382415265e-05
4,UPFC_Vse,5-15,0.0598518681167093,66,0.06117941678335211,WLS,147,0.0013275486666428152
5,UPFC_tse,5-15,-2.1432865121234688,66,-2.1510341493100755,WLS,147,0.0077476371866067595
0,x_tcsc,1-14,-0.13719877629610616,67,-0.13716283505255114,WLS,147,3.594124355502104e-05
1,B_svc,2,0.28861869590349404,67,0.28791956504071137,WLS,147,0.0006991308627826709
2,UPFC_Vsh,5-15,1.1041032352297535,67,1.1050088222453598,WLS,147,0.0009055870156062795
3,UPFC_tsh,5-15,-0.22716306452741766,67,-0.22711178619308,WLS,147,5.1278334337656606e-05
4,UPFC_Vse,5-15,0.06032941774500997,67,0.06117941678335211,WLS,147,0.000849999038342146
5,UPFC_tse,5-15,-2.1441901024793095,67,-2.1510341493100755,WLS,147,0.006844046830766004
0,x_tcsc,1-14,-0.1372065520554158,68,-0.13716283505255114,WLS,147,4.371700286465163e-05
1,B_svc,2,0.2880211986636621,68,0.28791956504071137,WLS,147,0.00010163362295073641
2,UPFC_Vsh,5-15,1.1044711606113524,68,1.1050088222453598,WLS,147,0.0005376616340073692
3,UPFC_tsh,5-15,-0.22713798646671365,68,-0.22711178619308,WLS,147,2.620027363364752e-05
4,UPFC_Vse,5-15,0.06040271095835713,68,0.06117941678335211,WLS,147,0.0007767058249949846
5,UPFC_tse,5-15,-2.1496569029103254,68,-2.1510341493100755,WLS,147,0.0013772463997501205
0,x_tcsc,1-14,-0.13719799142053246,69,-0.13716283505255114,WLS,147,3.515636798132049e-05
1,B_svc,2,0.28758661280917874,69,0.28791956504071137,WLS,147,0.0003329522315326239
2,UPFC_Vsh,5-15,1.104376776228282,69,1.1050088222453598,WLS,147,0.0006320460170778919
3,UPFC_tsh,5-15,-0.22720038704641865,69,-0.22711178619308,WLS,147,8.860085333864398e-05
4,UPFC_Vse,5-15,0.06086844549743587,69,0.06117941678335211,WLS,147,0.00031097128591624223
5,UPFC_tse,5-15,-2.1463209687218496,69,-2.1510341493100755,WLS,147,0.004713180588225896
0,x_tcsc,1-14,-0.13718026752386733,70,-0.13716283505255114,WLS,147,1.743247131619219e-05
1,B_svc,2,0.28751536508611203,70,0.28791956504071137,WLS,147,0.000404199954599338
2,UPFC_Vsh,5-15,1.1042504285013426,70,1.1050088222453598,WLS,147,0.000758393744017205
3,UPFC_tsh,5-15,-0.22707653097277097,70,-0.22711178619308,WLS,147,3.525522030903283e-05
4,UPFC_Vse,5-15,0.059866029416126905,70,0.06117941678335211,WLS,147,0.0013133873672252078
5,UPFC_tse,5-15,-2.1467318296909133,70,-2.1510341493100755,WLS,147,0.004302319619162276
0,x_tcsc,1-14,-0.13719821316744296,71,-0.13716283505255114,WLS,147,3.5378114891820855e-05
1,B_svc,2,0.2878014370232581,71,0.28791956504071137,WLS,147,0.00011812801745325618
2,UPFC_Vsh,5-15,1.1044021750744093,71,1.1050088222453598,WLS,147,0.0006066471709504917
3,UPFC_tsh,5-15,-0.22711722345893132,71,-0.22711178619308,WLS,147,5.4372658513102134e-06
4,UPFC_Vse,5-15,0.06024295624719638,71,0.06117941678335211,WLS,147,0.000936460536155731
5,UPFC_tse,5-15,-2.147238690227422,71,-2.1510341493100755,WLS,147,0.0037954590826534407
0,x_tcsc,1-14,-0.13719673982791034,72,-0.13716283505255114,WLS,147,3.390477535919478e-05
1,B_svc,2,0.28803106890714936,72,0.28791956504071137,WLS,147,0.00011150386643798971
2,UPFC_Vsh,5-15,1.1045952369621013,72,1.1050088222453598,WLS,147,0.00041358528325852184
3,UPFC_tsh,5-15,-0.22716356318960654,72,-0.22711178619308,WLS,147,5.177699652653134e-05
4,UPFC_Vse,5-15,0.060326632647764916,72,0.06117941678335211,WLS,147,0.0008527841355871965
5,UPFC_tse,5-15,-2.14714144213622,72,-2.1510341493100755,WLS,147,0.003892707173855481
0,x_tcsc,1-14,-0.13719634515839912,73,-0.13716283505255114,WLS,147,3.351010584798364e-05
1,B_svc,2,0.2877723047586456,73,0.28791956504071137,WLS,147,0.00014726028206574204
2,UPFC_Vsh,5-15,1.104799562309257,73,1.1050088222453598,WLS,147,0.00020925993610276805
3,UPFC_tsh,5-15,-0.2271143703318392,73,-0.22711178619308,WLS,147,2.5841387591984954e-06
4,UPFC_Vse,5-15,0.06013885109411867,73,0.06117941678335211,WLS,147,0.0010405656892334414
5,UPFC_tse,5-15,-2.147387758853219,73,-2.1510341493100755,WLS,147,0.003646390456856441
0,x_tcsc,1-14,-0.1371901371061694,74,-0.13716283505255114,WLS,147,2.730205361825555e-05
1,B_svc,2,0.28848190793572315,74,0.28791956504071137,WLS,147,0.0005623428950117804
2,UPFC_Vsh,5-15,1.1041501596321952,74,1.1050088222453598,WLS,147,0.0008586626131645847
3,UPFC_tsh,5-15,-0.22716818015899348,74,-0.22711178619308,WLS,147,5.639396591347601e-05
4,UPFC_Vse,5-15,0.06078604560090953,74,0.06117941678335211,WLS,147,0.00039337118244258534
5,UPFC_tse,5-15,-2.1459130695609514,74,-2.1510341493100755,WLS,147,0.0051210797491241244
0,x_tcsc,1-14,-0.13718097514849256,75,-0.13716283505255114,WLS,147,1.8140095941421297e-05
1,B_svc,2,0.2876690981351841,75,0.28791956504071137,WLS,147,0.000250466905527269
2,UPFC_Vsh,5-15,1.1042824779950566,75,1.1050088222453598,WLS,147,0.000726344250303157
3,UPFC_tsh,5-15,-0.2271598475514754,75,-0.22711178619308,WLS,147,4.8061358395384834e-05
4,UPFC_Vse,5-15,0.06063214669732194,75,0.06117941678335211,WLS,147,0.0005472700860301716
5,UPFC_tse,5-15,-2.1418023789655964,75,-2.1510341493100755,WLS,147,0.009231770344479084
0,x_tcsc,1-14,-0.13718385351496565,76,-0.13716283505255114,WLS,147,2.101846241450711e-05
1,B_svc,2,0.28798847558220797,76,0.28791956504071137,WLS,147,6.891054149660292e-05
2,UPFC_Vsh,5-15,1.1043827095668597,76,1.1050088222453598,WLS,147,0.0006261126785001014
3,UPFC_tsh,5-15,-0.22714034450303647,76,-0.22711178619308,WLS,147,2.8558309956461247e-05
4,UPFC_Vse,5-15,0.06065371897032006,76,0.06117941678335211,WLS,147,0.00052569781303205
5,UPFC_tse,5-15,-2.1451068527565886,76,-2.1510341493100755,WLS,147,0.005927296553486894
0,x_tcsc,1-14,-0.1371859093687809,77,-0.13716283505255114,WLS,147,2.3074316229748648e-05
1,B_svc,2,0.2876615682070146,77,0.28791956504071137,WLS,147,0.00025799683369676085
2,UPFC_Vsh,5-15,1.1044746062522457,77,1.1050088222453598,WLS,147,0.0005342159931140955
3,UPFC_tsh,5-15,-0.227141244092274,77,-0.22711178619308,WLS,147,2.9457899193979786e-05
4,UPFC_Vse,5-15,0.06010760778475771,77,0.06117941678335211,WLS,147,0.001071808998594402
5,UPFC_tse,5-15,-2.146254951353993,77,-2.1510341493100755,WLS,147,0.004779197956082726
0,x_tcsc,1-14,-0.1371838878769187,78,-0.13716283505255114,WLS,147,2.1052824367567835e-05
1,B_svc,2,0.28743809890273975,78,0.28791956504071137,WLS,147,0.0004814661379716201
2,UPFC_Vsh,5-15,1.1045637004793167,78,1.1050088222453598,WLS,147,0.0004451217660430551
3,UPFC_tsh,5-15,-0.2271537597598572,78,-0.22711178619308,WLS,147,4.197356677718145e-05
4,UPFC_Vse,5-15,0.06027142771140167,78,0.06117941678335211,WLS,147,0.0009079890719504435
5,UPFC_tse,5-15,-2.1441211239820426,78,-2.1510341493100755,WLS,147,0.006913025328032951
0,x_tcsc,1-14,-0.1371906876910916,79,-0.13716283505255114,WLS,147,2.785263854046538e-05
1,B_svc,2,0.287606351161149,79,0.28791956504071137,WLS,147,0.00031321387956234625
2,UPFC_Vsh,5-15,1.104691014576728,79,1.1050088222453598,WLS,147,0.0003178076686318754
3,UPFC_tsh,5-15,-0.22707089172973,79,-0.22711178619308,WLS,147,4.089446335001079e-05
4,UPFC_Vse,5-15,0.060144064897516905,79,0.06117941678335211,WLS,147,0.0010353518858352076
5,UPFC_tse,5-15,-2.1455997340606583,79,-2.1510341493100755,WLS,147,0.005434415249417235
0,x_tcsc,1-14,-0.13718985824998348,80,-0.13716283505255114,WLS,147,2.702319743233539e-05
1,B_svc,2,0.2878424984987288,80,0.28791956504071137,WLS,147,7.706654198258445e-05
2,UPFC_Vsh,5-15,1.1045898487136752,80,1.1050088222453598,WLS,147,0.0004189735316846299
3,UPFC_tsh,5-15,-0.22713070550130993,80,-0.22711178619308,WLS,147,1.891930822991994e-05
4,UPFC_Vse,5-15,0.06008336435828822,80,0.06117941678335211,WLS,147,0.001096052425063894
5,UPFC_tse,5-15,-2.149876513766663,80,-2.1510341493100755,WLS,147,0.0011576355434126384
0,x_tcsc,1-14,-0.1371699003345865,81,-0.13716283505255114,WLS,147,7.065282035367826e-06
1,B_svc,2,0.2877155822343323,81,0.28791956504071137,WLS,147,0.00020398280637906607
2,UPFC_Vsh,5-15,1.1042944860439003,81,1.1050088222453598,WLS,147,0.0007143362014594423
3,UPFC_tsh,5-15,-0.22715707012631534,81,-0.22711178619308,WLS,147,4.528393323532942e-05
4,UPFC_Vse,5-15,0.06080634038502697,81,0.06117941678335211,WLS,147,0.00037307639832514367
5,UPFC_tse,5-15,-2.1417571519635503,81,-2.1510341493100755,WLS,147,0.009276997346525206
0,x_tcsc,1-14,-0.13720314363696612,82,-0.13716283505255114,WLS,147,4.030858441497753e-05
1,B_svc,2,0.28801794719655566,82,0.28791956504071137,WLS,147,9.838215584428989e-05
2,UPFC_Vsh,5-15,1.104364180063097,82,1.1050088222453598,WLS,147,0.000644642182262789
3,UPFC_tsh,5-15,-0.227169602137729,82,-0.22711178619308,WLS,147,5.781594464898676e-05
4,UPFC_Vse,5-15,0.06035765131366544,82,0.06117941678335211,WLS,147,0.0008217654696866736
5,UPFC_tse,5-15,-2.145811960223901,82,-2.1510341493100755,WLS,147,0.005222189086174556
0,x_tcsc,1-14,-0.13719797603313946,83,-0.13716283505255114,WLS,147,3.5140980588321824e-05
1,B_svc,2,0.28774155809142277,83,0.28791956504071137,WLS,147,0.0001780069492886005
2,UPFC_Vsh,5-15,1.1043903235949268,83,1.1050088222453598,WLS,147,0.0006184986504329526
3,UPFC_tsh,5-15,-0.22713191796423565,83,-0.22711178619308,WLS,147,2.0131771155645906e-05
4,UPFC_Vse,5-15,0.06036605272527316,83,0.06117941678335211,WLS,147,0.0008133640580789553
5,UPFC_tse,5-15,-2.1454846960269647,83,-2.1510341493100755,WLS,147,0.00554945328311085
0,x_tcsc,1-14,-0.13717671998696881,84,-0.13716283505255114,WLS,147,1.3884934417673911e-05
1,B_svc,2,0.287968276293905,84,0.28791956504071137,WLS,147,4.87112531936118e-05
2,UPFC_Vsh,5-15,1.1045688908457025,84,1.1050088222453598,WLS,147,0.00043993139965725625
3,UPFC_tsh,5-15,-0.22718748034978348,84,-0.22711178619308,WLS,147,7.56941567034708e-05
4,UPFC_Vse,5-15,0.0602790712032238,84,0.06117941678335211,WLS,147,0.0009003455801283103
5,UPFC_tse,5-15,-2.1429344374417436,84,-2.1510341493100755,WLS,147,0.008099711868331916
0,x_tcsc,1-14,-0.13718929337424368,85,-0.13716283505255114,WLS,147,2.64583216925407e-05
1,B_svc,2,0.28750882831545527,85,0.28791956504071137,WLS,147,0.00041073672525610005
2,UPFC_Vsh,5-15,1.104328910875302,85,1.1050088222453598,WLS,147,0.0006799113700577397
3,UPFC_tsh,5-15,-0.22716566273853908,85,-0.22711178619308,WLS,147,5.3876545459075054e-05
4,UPFC_Vse,5-15,0.06028990715774506,85,0.06117941678335211,WLS,147,0.0008895096256070559
5,UPFC_tse,5-15,-2.1468468077059106,85,-2.1510341493100755,WLS,147,0.004187341604164896
0,x_tcsc,1-14,-0.1371888481965412,86,-0.13716283505255114,WLS,147,2.601314399006127e-05
1,B_svc,2,0.28777697316765904,86,0.28791956504071137,WLS,147,0.00014259187305232235
2,UPFC_Vsh,5-15,1.1047113951217835,86,1.1050088222453598,WLS,147,0.0002974271235762771
3,UPFC_tsh,5-15,-0.22716547810916213,86,-0.22711178619308,WLS,147,5.369191608212143e-05
4,UPFC_Vse,5-15,0.060781065316478186,86,0.06117941678335211,WLS,147,0.0003983514668739266
5,UPFC_tse,5-15,-2.1436021773615788,86,-2.1510341493100755,WLS,147,0.007431971948496763
0,x_tcsc,1-14,-0.13718546997868988,87,-0.13716283505255114,WLS,147,2.2634926138742628e-05
1,B_svc,2,0.2875669133003617,87,0.28791956504071137,WLS,147,0.0003526517403496521
2,UPFC_Vsh,5-15,1.1043582377925543,87,1.1050088222453598,WLS,147,0.0006505844528055249
3,UPFC_tsh,5-15,-0.22713100668552413,87,-0.22711178619308,WLS,147,1.922049244412749e-05
4,UPFC_Vse,5-15,0.060448334016453005,87,0.06117941678335211,WLS,147,0.0007310827668991077
5,UPFC_tse,5-15,-2.1451486335880032,87,-2.1510341493100755,WLS,147,0.005885515722072299
0,x_tcsc,1-14,-0.13717503497781916,88,-0.13716283505255114,WLS,147,1.2199925268019385e-05
1,B_svc,2,0.28763463016125995,88,0.28791956504071137,WLS,147,0.00028493487945141505
2,UPFC_Vsh,5-15,1.104298400724946,88,1.1050088222453598,WLS,147,0.0007104215204138953
3,UPFC_tsh,5-15,-0.22709443618890632,88,-0.22711178619308,WLS,147,1.7350004173688482e-05
4,UPFC_Vse,5-15,0.060179240279322456,88,0.06117941678335211,WLS,147,0.0010001765040296567
5,UPFC_tse,5-15,-2.143530768136778,88,-2.1510341493100755,WLS,147,0.00750338117329763
0,x_tcsc,1-14,-0.1371993860414539,89,-0.13716283505255114,WLS,147,3.655098890276154e-05
1,B_svc,2,0.2879779548771197,89,0.28791956504071137,WLS,147,5.8389836408323514e-05
2,UPFC_Vsh,5-15,1.1043359111053999,89,1.1050088222453598,WLS,147,0.0006729111399599308
3,UPFC_tsh,5-15,-0.2271682650593153,89,-0.22711178619308,WLS,147,5.6478866235304404e-05
4,UPFC_Vse,5-15,0.0603733671789495,89,0.06117941678335211,WLS,147,0.0008060496044026144
5,UPFC_tse,5-15,-2.146228547654242,89,-2.1510341493100755,WLS,147,0.004805601655833325
0,x_tcsc,1-14,-0.1371880783848151,90,-0.13716283505255114,WLS,147,2.5243332263946705e-05
1,B_svc,2,0.2878056208096163,90,0.28791956504071137,WLS,147,0.00011394423109506446
2,UPFC_Vsh,5-15,1.1043085030051434,90,1.1050088222453598,WLS,147,0.0007003192402164071
3,UPFC_tsh,5-15,-0.2270933574719084,90,-0.22711178619308,WLS,147,1.842872117160943e-05
4,UPFC_Vse,5-15,0.06057792501538551,90,0.06117941678335211,WLS,147,0.0006014917679666026
5,UPFC_tse,5-15,-2.1464893423687936,90,-2.1510341493100755,WLS,147,0.004544806941281898
0,x_tcsc,1-14,-0.13719438324446784,91,-0.13716283505255114,WLS,147,3.154819191669711e-05
1,B_svc,2,0.28759084731665596,91,0.28791956504071137,WLS,147,0.0003287177240554051
2,UPFC_Vsh,5-15,1.1043427180876708,91,1.1050088222453598,WLS,147,0.0006661041576889737
3,UPFC_tsh,5-15,-0.22721506984928397,91,-0.22711178619308,WLS,147,0.00010328365620396185
4,UPFC_Vse,5-15,0.060087563216887054,91,0.06117941678335211,WLS,147,0.0010918535664650592
5,UPFC_tse,5-15,-2.146937120957129,91,-2.1510341493100755,WLS,147,0.004097028352946452
0,x_tcsc,1-14,-0.13720208560229102,92,-0.13716283505255114,WLS,147,3.925054973988318e-05
1,B_svc,2,0.2872020956207716,92,0.28791956504071137,WLS,147,0.0007174694199397758
2,UPFC_Vsh,5-15,1.1044379707006153,92,1.1050088222453598,WLS,147,0.0005708515447444551
3,UPFC_tsh,5-15,-0.22710049184501002,92,-0.22711178619308,WLS,147,1.1294348069984528e-05
4,UPFC_Vse,5-15,0.05992055363849285,92,0.06117941678335211,WLS,147,0.0012588631448592624
5,UPFC_tse,5-15,-2.1451829365968647,92,-2.1510341493100755,WLS,147,0.005851212713210874
0,x_tcsc,1-14,-0.13720016218577716,93,-0.13716283505255114,WLS,147,3.732713322601722e-05
1,B_svc,2,0.28781878174433306,93,0.28791956504071137,WLS,147,0.00010078329637830397
2,UPFC_Vsh,5-15,1.1047129157897082,93,1.1050088222453598,WLS,147,0.00029590645565158447
3,UPFC_tsh,5-15,-0.22707463762298077,93,-0.22711178619308,WLS,147,3.714857009923245e-05
4,UPFC_Vse,5-15,0.060106156970048404,93,0.06117941678335211,WLS,147,0.0010732598133037091
5,UPFC_tse,5-15,-2.1485512696076956,93,-2.1510341493100755,WLS,147,0.0024828797023799254
0,x_tcsc,1-14,-0.13719533809115406,94,-0.13716283505255114,WLS,147,3.25030386029157e-05
1,B_svc,2,0.2884052476367804,94,0.28791956504071137,WLS,147,0.00048568259606901476
2,UPFC_Vsh,5-15,1.1043056375907554,94,1.1050088222453598,WLS,147,0.0007031846546043941
3,UPFC_tsh,5-15,-0.22711300929864367,94,-0.22711178619308,WLS,147,1.2231055636635624e-06
4,UPFC_Vse,5-15,0.06033865915008142,94,0.06117941678335211,WLS,147,0.0008407576332706904
5,UPFC_tse,5-15,-2.150687825220245,94,-2.1510341493100755,WLS,147,0.00034632408983048535
0,x_tcsc,1-14,-0.13718898015635012,95,-0.13716283505255114,WLS,147,2.614510379897461e-05
1,B_svc,2,0.2882832320822683,95,0.28791956504071137,WLS,147,0.0003636670415569365
2,UPFC_Vsh,5-15,1.1045434068218236,95,1.1050088222453598,WLS,147,0.00046541542353617515
3,UPFC_tsh,5-15,-0.2271628177260577,95,-0.22711178619308,WLS,147,5.103153297769669e-05
4,UPFC_Vse,5-15,0.06019227663708365,95,0.06117941678335211,WLS,147,0.00098714014626846
5,UPFC_tse,5-15,-2.147075723554908,95,-2.1510341493100755,WLS,147,0.003958425755167472
0,x_tcsc,1-14,-0.1371969148449719,96,-0.13716283505255114,WLS,147,3.407979242076031e-05
1,B_svc,2,0.2873950728760038,96,0.28791956504071137,WLS,147,0.0005244921647075684
2,UPFC_Vsh,5-15,1.1045718015997554,96,1.1050088222453598,WLS,147,0.00043702064560435794
3,UPFC_tsh,5-15,-0.2271245528147423,96,-0.22711178619308,WLS,147,1.2766621662302358e-05
4,UPFC_Vse,5-15,0.06023855728451388,96,0.06117941678335211,WLS,147,0.0009408594988382299
5,UPFC_tse,5-15,-2.148383986405404,96,-2.1510341493100755,WLS,147,0.0026501629046715713
0,x_tcsc,1-14,-0.13718570693988472,97,-0.13716283505255114,WLS,147,2.287188733357537e-05
1,B_svc,2,0.2871392964102457,97,0.28791956504071137,WLS,147,0.0007802686304656525
2,UPFC_Vsh,5-15,1.1042433715659923,97,1.1050088222453598,WLS,147,0.0007654506793675075
3,UPFC_tsh,5-15,-0.22721705760279945,97,-0.22711178619308,WLS,147,0.00010527140971944293
4,UPFC_Vse,5-15,0.060560581771147086,97,0.06117941678335211,WLS,147,0.0006188350122050268
5,UPFC_tse,5-15,-2.144425083308067,97,-2.1510341493100755,WLS,147,0.00660906600200839
0,x_tcsc,1-14,-0.13719859337348053,98,-0.13716283505255114,WLS,147,3.575832092939102e-05
1,B_svc,2,0.28758443186460075,98,0.28791956504071137,WLS,147,0.00033513317611061355
2,UPFC_Vsh,5-15,1.1043465979260103,98,1.1050088222453598,WLS,147,0.0006622243193494803
3,UPFC_tsh,5-15,-0.22716664157759248,98,-0.22711178619308,WLS,147,5.485538451246996e-05
4,UPFC_Vse,5-15,0.06054093669300584,98,0.06117941678335211,WLS,147,0.0006384800903462759
5,UPFC_tse,5-15,-2.1446886412676,98,-2.1510341493100755,WLS,147,0.006345508042475689
0,x_tcsc,1-14,-0.13720604056537045,99,-0.13716283505255114,WLS,147,4.32055128193054e-05
1,B_svc,2,0.28726230625878246,99,0.28791956504071137,WLS,147,0.0006572587819289044
2,UPFC_Vsh,5-15,1.1044508936729214,99,1.1050088222453598,WLS,147,0.0005579285724384153
3,UPFC_tsh,5-15,-0.22719061602553772,99,-0.22711178619308,WLS,147,7.882983245771635e-05
4,UPFC_Vse,5-15,0.06028432811679729,99,0.06117941678335211,WLS,147,0.0008950886665548205
5,UPFC_tse,5-15,-2.148714539728081,99,-2.1510341493100755,WLS,147,0.0023196095819946194
0,x_tcsc,1-14,-0.1389255330235458,0,-0.13892526450872753,WLS,149,2.685148182690611e-07
1,B_svc,2,0.29654366909527335,0,0.2967760944150117,WLS,149,0.00023242531973832747
2,UPFC_Vsh,5-15,1.1043354753696004,0,1.1056299415067286,WLS,149,0.0012944661371281363
3,UPFC_tsh,5-15,-0.22663037848662365,0,-0.22669776368492817,WLS,149,6.738519830451484e-05
4,UPFC_Vse,5-15,0.05990663349608448,0,0.05931217972465815,WLS,149,0.0005944537714263273
5,UPFC_tse,5-15,-2.1463191185966846,0,-2.1341749635969207,WLS,149,0.012144154999763845
0,x_tcsc,1-14,-0.13889379942596275,1,-0.13892526450872753,WLS,149,3.1465082764775554e-05
1,B_svc,2,0.2966135643596468,1,0.2967760944150117,WLS,149,0.00016253005536487342
2,UPFC_Vsh,5-15,1.1041072957789289,1,1.1056299415067286,WLS,149,0.0015226457277996985
3,UPFC_tsh,5-15,-0.22671943890280405,1,-0.22669776368492817,WLS,149,2.167521787588278e-05
4,UPFC_Vse,5-15,0.059285185796136904,1,0.05931217972465815,WLS,149,2.6993928521248933e-05
5,UPFC_tse,5-15,-2.146632501145579,1,-2.1341749635969207,WLS,149,0.012457537548658415
0,x_tcsc,1-14,-0.1389275091549445,2,-0.13892526450872753,WLS,149,2.244646216981172e-06
1,B_svc,2,0.2972335275839847,2,0.2967760944150117,WLS,149,0.00045743316897300934
2,UPFC_Vsh,5-15,1.1042039454206942,2,1.1056299415067286,WLS,149,0.0014259960860343313
3,UPFC_tsh,5-15,-0.22682949145886017,2,-0.22669776368492817,WLS,149,0.00013172777393199997
4,UPFC_Vse,5-15,0.06025274674562732,2,0.05931217972465815,WLS,149,0.0009405670209691672
5,UPFC_tse,5-15,-2.1493733202153193,2,-2.1341749635969207,WLS,149,0.015198356618398634
0,x_tcsc,1-14,-0.13891661959953092,3,-0.13892526450872753,WLS,149,8.644909196608985e-06
1,B_svc,2,0.2965861750403359,3,0.2967760944150117,WLS,149,0.00018991937467577324
2,UPFC_Vsh,5-15,1.1048135303873106,3,1.1056299415067286,WLS,149,0.0008164111194179924
3,UPFC_tsh,5-15,-0.22662808968749007,3,-0.22669776368492817,WLS,149,6.967399743809666e-05
4,UPFC_Vse,5-15,0.06003526190626105,3,0.05931217972465815,WLS,149,0.0007230821816028993
5,UPFC_tse,5-15,-2.1470164319727125,3,-2.1341749635969207,WLS,149,0.012841468375791809
0,x_tcsc,1-14,-0.13893136720859917,4,-0.13892526450872753,WLS,149,6.102699871640693e-06
1,B_svc,2,0.29661107234109885,4,0.2967760944150117,WLS,149,0.00016502207391283497
2,UPFC_Vsh,5-15,1.1044266025121678,4,1.1056299415067286,WLS,149,0.0012033389945607098
3,UPFC_tsh,5-15,-0.22663926392737516,4,-0.22669776368492817,WLS,149,5.849975755300996e-05
4,UPFC_Vse,5-15,0.059751014532237905,4,0.05931217972465815,WLS,149,0.00043883480757975213
5,UPFC_tse,5-15,-2.14947323180258,4,-2.1341749635969207,WLS,149,0.015298268205659493
0,x_tcsc,1-14,-0.1389110558179273,5,-0.13892526450872753,WLS,149,1.4208690800238122e-05
1,B_svc,2,0.29685832288655417,5,0.2967760944150117,WLS,149,8.222847154248925e-05
2,UPFC_Vsh,5-15,1.104036864273131,5,1.1056299415067286,WLS,149,0.001593077233597473
3,UPFC_tsh,5-15,-0.22676878474221254,5,-0.22669776368492817,WLS,149,7.102105728437613e-05
4,UPFC_Vse,5-15,0.06023002423349947,5,0.05931217972465815,WLS,149,0.0009178445088413173
5,UPFC_tse,5-15,-2.1422343612997596,5,-2.1341749635969207,WLS,149,0.008059397702838922
0,x_tcsc,1-14,-0.13891482552459428,6,-0.13892526450872753,WLS,149,1.0438984133248619e-05
1,B_svc,2,0.2967396053464537,6,0.2967760944150117,WLS,149,3.648906855796552e-05
2,UPFC_Vsh,5-15,1.104677909321108,6,1.1056299415067286,WLS,149,0.000952032185620455
3,UPFC_tsh,5-15,-0.22673794432730512,6,-0.22669776368492817,WLS,149,4.0180642376957953e-05
4,UPFC_Vse,5-15,0.05983957141313246,6,0.05931217972465815,WLS,149,0.0005273916884743074
5,UPFC_tse,5-15,-2.149633497114662,6,-2.1341749635969207,WLS,149,0.01545853351774129
0,x_tcsc,1-14,-0.1389167740433719,7,-0.13892526450872753,WLS,149,8.49046535561504e-06
1,B_svc,2,0.29684857723906194,7,0.2967760944150117,WLS,149,7.24828240502573e-05
2,UPFC_Vsh,5-15,1.1042533694958816,7,1.1056299415067286,WLS,149,0.0013765720108469548
3,UPFC_tsh,5-15,-0.22673639400089635,7,-0.22669776368492817,WLS,149,3.863031596818001e-05
4,UPFC_Vse,5-15,0.05979870059184836,7,0.05931217972465815,WLS,149,0.00048652086719020576
5,UPFC_tse,5-15,-2.1510737207020423,7,-2.1341749635969207,WLS,149,0.016898757105121565
0,x_tcsc,1-14,-0.1389225681965168,8,-0.13892526450872753,WLS,149,2.6963122107259707e-06
1,B_svc,2,0.2967639795768044,8,0.2967760944150117,WLS,149,1.211483820728887e-05
2,UPFC_Vsh,5-15,1.104426179644507,8,1.1056299415067286,WLS,149,0.0012037618622215973
3,UPFC_tsh,5-15,-0.22675940809617612,8,-0.22669776368492817,WLS,149,6.164441124795195e-05
4,UPFC_Vse,5-15,0.05998452612678574,8,0.05931217972465815,WLS,149,0.0006723464021275855
5,UPFC_tse,5-15,-2.1529121598348766,8,-2.1341749635969207,WLS,149,0.01873719623795589
0,x_tcsc,1-14,-0.13891426958375638,9,-0.13892526450872753,WLS,149,1.0994924971141629e-05
1,B_svc,2,0.2965134779823132,9,0.2967760944150117,WLS,149,0.00026261643269848145
2,UPFC_Vsh,5-15,1.1042184526410534,9,1.1056299415067286,WLS,149,0.0014114888656751035
3,UPFC_tsh,5-15,-0.22670679244360914,9,-0.22669776368492817,WLS,149,9.028758680973414e-06
4,UPFC_Vse,5-15,0.060055431970915917,9,0.05931217972465815,WLS,149,0.000743252246257764
5,UPFC_tse,5-15,-2.145778336163745,9,-2.1341749635969207,WLS,149,0.011603372566824088
0,x_tcsc,1-14,-0.1389143275254883,10,-0.13892526450872753,WLS,149,1.0936983239229203e-05
1,B_svc,2,0.29709721721069887,10,0.2967760944150117,WLS,149,0.0003211227956871898
2,UPFC_Vsh,5-15,1.1044437941120924,10,1.1056299415067286,WLS,149,0.0011861473946361833
3,UPFC_tsh,5-15,-0.22671319696326353,10,-0.22669776368492817,WLS,149,1.5433278335363898e-05
4,UPFC_Vse,5-15,0.06013959738980198,10,0.05931217972465815,WLS,149,0.0008274176651438259
5,UPFC_tse,5-15,-2.1505595294190405,10,-2.1341749635969207,WLS,149,0.01638456582211978
0,x_tcsc,1-14,-0.1389133758136389,11,-0.13892526450872753,WLS,149,1.1888695088613233e-05
1,B_svc,2,0.29670276907325366,11,0.2967760944150117,WLS,149,7.332534175802374e-05
2,UPFC_Vsh,5-15,1.104137642947407,11,1.1056299415067286,WLS,149,0.0014922985593215365
3,UPFC_tsh,5-15,-0.22675169753904284,11,-0.22669776368492817,WLS,149,5.3933854114673885e-05
4,UPFC_Vse,5-15,0.06003207162338235,11,0.05931217972465815,WLS,149,0.0007198918987241995
5,UPFC_tse,5-15,-2.147366105161703,11,-2.1341749635969207,WLS,149,0.013191141564782072
0,x_tcsc,1-14,-0.13891447750134842,12,-0.13892526450872753,WLS,149,1.0787007379109426e-05
1,B_svc,2,0.29718491752618986,12,0.2967760944150117,WLS,149,0.0004088231111781804
2,UPFC_Vsh,5-15,1.1043678112935358,12,1.1056299415067286,WLS,149,0.0012621302131927692
3,UPFC_tsh,5-15,-0.22666458392221228,12,-0.22669776368492817,WLS,149,3.317976271588474e-05
4,UPFC_Vse,5-15,0.05925273130169583,12,0.05931217972465815,WLS,149,5.9448422962321557e-05
5,UPFC_tse,5-15,-2.1480859972052797,12,-2.1341749635969207,WLS,149,0.013911033608358991
0,x_tcsc,1-14,-0.13892066227223762,13,-0.13892526450872753,WLS,149,4.602236489903433e-06
1,B_svc,2,0.2973140876976855,13,0.2967760944150117,WLS,149,0.0005379932826738432
2,UPFC_Vsh,5-15,1.1048999503626449,13,1.1056299415067286,WLS,149,0.0007299911440836748
3,UPFC_tsh,5-15,-0.22671527427412003,13,-0.22669776368492817,WLS,149,1.7510589191860326e-05
4,UPFC_Vse,5-15,0.05955547111620872,13,0.05931217972465815,WLS,149,0.0002432913915505694
5,UPFC_tse,5-15,-2.1473868719874707,13,-2.1341749635969207,WLS,149,0.013211908390549976
0,x_tcsc,1-14,-0.13891875736501566,14,-0.13892526450872753,WLS,149,6.507143711864671e-06
1,B_svc,2,0.29686940971509385,14,0.2967760944150117,WLS,149,9.331530008216404e-05
2,UPFC_Vsh,5-15,1.1041055520777567,14,1.1056299415067286,WLS,149,0.0015243894289718174
3,UPFC_tsh,5-15,-0.22677494754554517,14,-0.22669776368492817,WLS,149,7.718386061700278e-05
4,UPFC_Vse,5-15,0.05992205759046125,14,0.05931217972465815,WLS,149,0.0006098778658030976
5,UPFC_tse,5-15,-2.1433619625693288,14,-2.1341749635969207,WLS,149,0.009186998972408045
0,x_tcsc,1-14,-0.13890037187079604,15,-0.13892526450872753,WLS,149,2.4892637931483996e-05
1,B_svc,2,0.2966921427717988,15,0.2967760944150117,WLS,149,8.395164321289839e-05
2,UPFC_Vsh,5-15,1.1042288815955243,15,1.1056299415067286,WLS,149,0.0014010599112042055
3,UPFC_tsh,5-15,-0.2267209724862073,15,-0.22669776368492817,WLS,149,2.320880127912317e-05
4,UPFC_Vse,5-15,0.05991201155766425,15,0.05931217972465815,WLS,149,0.0005998318330060967
5,UPFC_tse,5-15,-2.144717100029953,15,-2.1341749635969207,WLS,149,0.010542136433032478
0,x_tcsc,1-14,-0.13890710595055653,16,-0.13892526450872753,WLS,149,1.815855817099976e-05
1,B_svc,2,0.29720226387504106,16,0.2967760944150117,WLS,149,0.0004261694600293797
2,UPFC_Vsh,5-15,1.1041426855214949,16,1.1056299415067286,WLS,149,0.001487255985233693
3,UPFC_tsh,5-15,-0.22671250055137246,16,-0.22669776368492817,WLS,149,1.4736866444292618e-05
4,UPFC_Vse,5-15,0.05959961707745824,16,0.05931217972465815,WLS,149,0.00028743735280008925
5,UPFC_tse,5-15,-2.148927215679993,16,-2.1341749635969207,WLS,149,0.014752252083072293
0,x_tcsc,1-14,-0.13890970469915145,17,-0.13892526450872753,WLS,149,1.555980957607117e-05
1,B_svc,2,0.2972932885738507,17,0.2967760944150117,WLS,149,0.0005171941588389961
2,UPFC_Vsh,5-15,1.1041968213746727,17,1.1056299415067286,WLS,149,0.0014331201320558762
3,UPFC_tsh,5-15,-0.22670631548030573,17,-0.22669776368492817,WLS,149,8.551795377564897e-06
4,UPFC_Vse,5-15,0.05988277517190387,17,0.05931217972465815,WLS,149,0.0005705954472457198
5,UPFC_tse,5-15,-2.147165897741487,17,-2.1341749635969207,WLS,149,0.012990934144566424
0,x_tcsc,1-14,-0.13891951264217295,18,-0.13892526450872753,WLS,149,5.751866554576379e-06
1,B_svc,2,0.2972366778413043,18,0.2967760944150117,WLS,149,0.0004605834262926267
2,UPFC_Vsh,5-15,1.104487109823907,18,1.1056299415067286,WLS,149,0.0011428316828214768
3,UPFC_tsh,5-15,-0.22668708146444372,18,-0.22669776368492817,WLS,149,1.0682220484448113e-05
4,UPFC_Vse,5-15,0.060260886504069244,18,0.05931217972465815,WLS,149,0.0009487067794110918
5,UPFC_tse,5-15,-2.14438648672727,18,-2.1341749635969207,WLS,149,0.010211523130349232
0,x_tcsc,1-14,-0.13891179964248038,19,-0.13892526450872753,WLS,149,1.3464866247148155e-05
1,B_svc,2,0.2969253587728436,19,0.2967760944150117,WLS,149,0.00014926435783191305
2,UPFC_Vsh,5-15,1.10443884913964,19,1.1056299415067286,WLS,149,0.0011910923670885865
3,UPFC_tsh,5-15,-0.22671063079324788,19,-0.22669776368492817,WLS,149,1.2867108319714049e-05
4,UPFC_Vse,5-15,0.05993133385071615,19,0.05931217972465815,WLS,149,0.0006191541260579941
5,UPFC_tse,5-15,-2.1483289315948353,19,-2.1341749635969207,WLS,149,0.014153967997914574
0,x_tcsc,1-14,-0.13890359230293509,20,-0.13892526450872753,WLS,149,2.1672205792439003e-05
1,B_svc,2,0.29712111456130996,20,0.2967760944150117,WLS,149,0.0003450201462982805
2,UPFC_Vsh,5-15,1.1044863027119265,20,1.1056299415067286,WLS,149,0.0011436387948020599
3,UPFC_tsh,5-15,-0.226674267741469,20,-0.22669776368492817,WLS,149,2.34959434591564e-05
4,UPFC_Vse,5-15,0.06002418121254053,20,0.05931217972465815,WLS,149,0.0007120014878823772
5,UPFC_tse,5-15,-2.1464263443746967,20,-2.1341749635969207,WLS,149,0.012251380777775989
0,x_tcsc,1-14,-0.13891402978057915,21,-0.13892526450872753,WLS,149,1.1234728148373785e-05
1,B_svc,2,0.29691121523390857,21,0.2967760944150117,WLS,149,0.00013512081889688332
2,UPFC_Vsh,5-15,1.1046277065731194,21,1.1056299415067286,WLS,149,0.0010022349336091807
3,UPFC_tsh,5-15,-0.22670139512102142,21,-0.22669776368492817,WLS,149,3.6314360932487855e-06
4,UPFC_Vse,5-15,0.06017142468706851,21,0.05931217972465815,WLS,149,0.0008592449624103549
5,UPFC_tse,5-15,-2.1481492700328437,21,-2.1341749635969207,WLS,149,0.013974306435923012
0,x_tcsc,1-14,-0.1389181265171226,22,-0.13892526450872753,WLS,149,7.137991604927452e-06
1,B_svc,2,0.29708412773044707,22,0.2967760944150117,WLS,149,0.00030803331543538537
2,UPFC_Vsh,5-15,1.1042925520622016,22,1.1056299415067286,WLS,149,0.001337389444526993
3,UPFC_tsh,5-15,-0.22680254756961826,22,-0.22669776368492817,WLS,149,0.00010478388469009614
4,UPFC_Vse,5-15,0.05966443944693345,22,0.05931217972465815,WLS,149,0.00035225972227529573
5,UPFC_tse,5-15,-2.147620489573829,22,-2.1341749635969207,WLS,149,0.01344552597690818
0,x_tcsc,1-14,-0.13892980568870059,23,-0.13892526450872753,WLS,149,4.541179973061027e-06
1,B_svc,2,0.29692315502605426,23,0.2967760944150117,WLS,149,0.00014706061104258206
2,UPFC_Vsh,5-15,1.104362382568055,23,1.1056299415067286,WLS,149,0.0012675589386734742
3,UPFC_tsh,5-15,-0.2266905003999009,23,-0.22669776368492817,WLS,149,7.263285027259148e-06
4,UPFC_Vse,5-15,0.059939026324552606,23,0.05931217972465815,WLS,149,0.0006268465998944539
5,UPFC_tse,5-15,-2.1447002805303055,23,-2.1341749635969207,WLS,149,0.010525316933384765
0,x_tcsc,1-14,-0.13891819322410998,24,-0.13892526450872753,WLS,149,7.071284617549134e-06
1,B_svc,2,0.29700440485099416,24,0.2967760944150117,WLS,149,0.00022831043598248169
2,UPFC_Vsh,5-15,1.104256505099717,24,1.1056299415067286,WLS,149,0.0013734364070114857
3,UPFC_tsh,5-15,-0.22669762443524205,24,-0.22669776368492817,WLS,149,1.3924968611522814e-07
4,UPFC_Vse,5-15,0.0601432064773993,24,0.05931217972465815,WLS,149,0.0008310267527411458
5,UPFC_tse,5-15,-2.143819519556339,24,-2.1341749635969207,WLS,149,0.009644555959418266
0,x_tcsc,1-14,-0.13890567030369907,25,-0.13892526450872753,WLS,149,1.959420502845033e-05
1,B_svc,2,0.29635386377853357,25,0.2967760944150117,WLS,149,0.00042223063647811587
2,UPFC_Vsh,5-15,1.1040803992656887,25,1.1056299415067286,WLS,149,0.0015495422410398696
3,UPFC_tsh,5-15,-0.22680296808962144,25,-0.22669776368492817,WLS,149,0.00010520440469327652
4,UPFC_Vse,5-15,0.059888010522928914,25,0.05931217972465815,WLS,149,0.0005758307982707614
5,UPFC_tse,5-15,-2.149277301991622,25,-2.1341749635969207,WLS,149,0.01510233839470132
0,x_tcsc,1-14,-0.13892650999273548,26,-0.13892526450872753,WLS,149,1.245484007955655e-06
1,B_svc,2,0.296822423515474,26,0.2967760944150117,WLS,149,4.632910046231675e-05
2,UPFC_Vsh,5-15,1.1041574359510902,26,1.1056299415067286,WLS,149,0.0014725055556383815
3,UPFC_tsh,5-15,-0.22676666065037293,26,-0.22669776368492817,WLS,149,6.889696544476465e-05
4,UPFC_Vse,5-15,0.06010646627876548,26,0.05931217972465815,WLS,149,0.0007942865541073277
5,UPFC_tse,5-15,-2.1491320983447975,26,-2.1341749635969207,WLS,149,0.014957134747876744
0,x_tcsc,1-14,-0.1388974318334598,27,-0.13892526450872753,WLS,149,2.783267526773603e-05
1,B_svc,2,0.2969715179600253,27,0.2967760944150117,WLS,149,0.0001954235450136177
2,UPFC_Vsh,5-15,1.1041191493965774,27,1.1056299415067286,WLS,149,0.001510792110151149
3,UPFC_tsh,5-15,-0.22670400336195798,27,-0.22669776368492817,WLS,149,6.239677029812318e-06
4,UPFC_Vse,5-15,0.059791499365460646,27,0.05931217972465815,WLS,149,0.0004793196408024933
5,UPFC_tse,5-15,-2.146771596790841,27,-2.1341749635969207,WLS,149,0.012596633193920237
0,x_tcsc,1-14,-0.13891555537645087,28,-0.13892526450872753,WLS,149,9.709132276658483e-06
1,B_svc,2,0.29689544087583286,28,0.2967760944150117,WLS,149,0.00011934646082117917
2,UPFC_Vsh,5-15,1.1043291757741813,28,1.1056299415067286,WLS,149,0.0013007657325472266
3,UPFC_tsh,5-15,-0.22664827413799518,28,-0.22669776368492817,WLS,149,4.9489546932984796e-05
4,UPFC_Vse,5-15,0.06007098764241942,28,0.05931217972465815,WLS,149,0.00075880791776127
5,UPFC_tse,5-15,-2.1461172844378087,28,-2.1341749635969207,WLS,149,0.011942320840887977
0,x_tcsc,1-14,-0.13890114285764488,29,-0.13892526450872753,WLS,149,2.4121651082648077e-05
1,B_svc,2,0.29693118548957576,29,0.2967760944150117,WLS,149,0.00015509107456407323
2,UPFC_Vsh,5-15,1.1041723737041926,29,1.1056299415067286,WLS,149,0.0014575678025359196
3,UPFC_tsh,5-15,-0.22675000582974023,29,-0.22669776368492817,WLS,149,5.224214481205913e-05
4,UPFC_Vse,5-15,0.05983997275180166,29,0.05931217972465815,WLS,149,0.0005277930271435083
5,UPFC_tse,5-15,-2.147573887438558,29,-2.1341749635969207,WLS,149,0.013398923841637433
0,x_tcsc,1-14,-0.1389145553148518,30,-0.13892526450872753,WLS,149,1.070919387571867e-05
1,B_svc,2,0.2971902878519767,30,0.2967760944150117,WLS,149,0.00041419343696502686
2,UPFC_Vsh,5-15,1.1044403991244507,30,1.1056299415067286,WLS,149,0.001189542382277864
3,UPFC_tsh,5-15,-0.22673500048839534,30,-0.22669776368492817,WLS,149,3.7236803467177726e-05
4,UPFC_Vse,5-15,0.059759309772168735,30,0.05931217972465815,WLS,149,0.0004471300475105827
5,UPFC_tse,5-15,-2.1476349892322175,30,-2.1341749635969207,WLS,149,0.013460025635296802
0,x_tcsc,1-14,-0.13891242143867488,31,-0.13892526450872753,WLS,149,1.2843070052642735e-05
1,B_svc,2,0.29670040472660264,31,0.2967760944150117,WLS,149,7.568968840904189e-05
2,UPFC_Vsh,5-15,1.1044079622871041,31,1.1056299415067286,WLS,149,0.001221979219624414
3,UPFC_tsh,5-15,-0.22667010793513218,31,-0.22669776368492817,WLS,149,2.7655749795990614e-05
4,UPFC_Vse,5-15,0.06003614426703461,31,0.05931217972465815,WLS,149,0.0007239645423764568
5,UPFC_tse,5-15,-2.146859975349426,31,-2.1341749635969207,WLS,149,0.01268501175250547
0,x_tcsc,1-14,-0.13889328057287628,32,-0.13892526450872753,WLS,149,3.198393585124304e-05
1,B_svc,2,0.29677628046616594,32,0.2967760944150117,WLS,149,1.8605115426062468e-07
2,UPFC_Vsh,5-15,1.1041854739929597,32,1.1056299415067286,WLS,149,0.00144446751376881
3,UPFC_tsh,5-15,-0.22672076756802864,32,-0.22669776368492817,WLS,149,2.3003883100475297e-05
4,UPFC_Vse,5-15,0.059989114151893036,32,0.05931217972465815,WLS,149,0.0006769344272348835
5,UPFC_tse,5-15,-2.146875871447528,32,-2.1341749635969207,WLS,149,0.01270090785060729
0,x_tcsc,1-14,-0.13891853311836824,33,-0.13892526450872753,WLS,149,6.731390359282496e-06
1,B_svc,2,0.29695454263565857,33,0.2967760944150117,WLS,149,0.00017844822064688737
2,UPFC_Vsh,5-15,1.1039772268125734,33,1.1056299415067286,WLS,149,0.0016527146941551774
3,UPFC_tsh,5-15,-0.22669517961805358,33,-0.22669776368492817,WLS,149,2.5840668745891193e-06
4,UPFC_Vse,5-15,0.05970125696120432,33,0.05931217972465815,WLS,149,0.00038907723654616616
5,UPFC_tse,5-15,-2.1491631205248614,33,-2.1341749635969207,WLS,149,0.014988156927940643
0,x_tcsc,1-14,-0.13889535670074,34,-0.13892526450872753,WLS,149,2.9907807987533674e-05
1,B_svc,2,0.29707836048670905,34,0.2967760944150117,WLS,149,0.00030226607169736575
2,UPFC_Vsh,5-15,1.1045229077339087,34,1.1056299415067286,WLS,149,0.0011070337728198432
3,UPFC_tsh,5-15,-0.2266168708119194,34,-0.22669776368492817,WLS,149,8.089287300877546e-05
4,UPFC_Vse,5-15,0.059779948664131846,34,0.05931217972465815,WLS,149,0.00046776893947369363
5,UPFC_tse,5-15,-2.149945224264286,34,-2.1341749635969207,WLS,149,0.01577026066736531
0,x_tcsc,1-14,-0.13891301714843377,35,-0.13892526450872753,WLS,149,1.2247360293760057e-05
1,B_svc,2,0.29699019752552064,35,0.2967760944150117,WLS,149,0.00021410311050895636
2,UPFC_Vsh,5-15,1.1041148770477967,35,1.1056299415067286,WLS,149,0.0015150644589319029
3,UPFC_tsh,5-15,-0.22674440024456424,35,-0.22669776368492817,WLS,149,4.663655963607627e-05
4,UPFC_Vse,5-15,0.059798330324220904,35,0.05931217972465815,WLS,149,0.0004861505995627513
5,UPFC_tse,5-15,-2.1488196922030927,35,-2.1341749635969207,WLS,149,0.014644728606171942
0,x_tcsc,1-14,-0.13890124516842983,36,-0.13892526450872753,WLS,149,2.4019340297692926e-05
1,B_svc,2,0.29678826970242983,36,0.2967760944150117,WLS,149,1.2175287418147995e-05
2,UPFC_Vsh,5-15,1.1042862366392896,36,1.1056299415067286,WLS,149,0.0013437048674389551
3,UPFC_tsh,5-15,-0.22669861718995368,36,-0.22669776368492817,WLS,149,8.5350502551651e-07
4,UPFC_Vse,5-15,0.059466354781262616,36,0.05931217972465815,WLS,149,0.00015417505660446362
5,UPFC_tse,5-15,-2.1475664778179353,36,-2.1341749635969207,WLS,149,0.013391514221014589
0,x_tcsc,1-14,-0.13890749542118475,37,-0.13892526450872753,WLS,149,1.7769087542779394e-05
1,B_svc,2,0.2965345847007954,37,0.2967760944150117,WLS,149,0.00024150971421627032
2,UPFC_Vsh,5-15,1.104440144377944,37,1.1056299415067286,WLS,149,0.001189797128784642
3,UPFC_tsh,5-15,-0.2267849141503369,37,-0.22669776368492817,WLS,149,8.715046540874738e-05
4,UPFC_Vse,5-15,0.06000333987843826,37,0.05931217972465815,WLS,149,0.0006911601537801099
5,UPFC_tse,5-15,-2.1493714613651655,37,-2.1341749635969207,WLS,149,0.015196497768244832
0,x_tcsc,1-14,-0.13891810787535752,38,-0.13892526450872753,WLS,149,7.156633370003496e-06
1,B_svc,2,0.29682403054645135,38,0.2967760944150117,WLS,149,4.793613143966313e-05
2,UPFC_Vsh,5-15,1.1042804553286387,38,1.1056299415067286,WLS,149,0.0013494861780898315
3,UPFC_tsh,5-15,-0.2266926734987227,38,-0.22669776368492817,WLS,149,5.0901862054530955e-06
4,UPFC_Vse,5-15,0.059922209654300305,38,0.05931217972465815,WLS,149,0.000610029929642153
5,UPFC_tse,5-15,-2.1474385218810266,38,-2.1341749635969207,WLS,149,0.013263558284105859
0,x_tcsc,1-14,-0.13890986962119573,39,-0.13892526450872753,WLS,149,1.539488753179996e-05
1,B_svc,2,0.2962912685616382,39,0.2967760944150117,WLS,149,0.00048482585337350503
2,UPFC_Vsh,5-15,1.104544652829982,39,1.1056299415067286,WLS,149,0.0010852886767465098
3,UPFC_tsh,5-15,-0.2267110682050051,39,-0.22669776368492817,WLS,149,1.3304520076945492e-05
4,UPFC_Vse,5-15,0.059762829975690476,39,0.05931217972465815,WLS,149,0.00045065025103232376
5,UPFC_tse,5-15,-2.1495645808054213,39,-2.1341749635969207,WLS,149,0.015389617208500628
0,x_tcsc,1-14,-0.13892868997298652,40,-0.13892526450872753,WLS,149,3.4254642589937045e-06
1,B_svc,2,0.2968253158935623,40,0.2967760944150117,WLS,149,4.922147855063175e-05
2,UPFC_Vsh,5-15,1.104145334603426,40,1.1056299415067286,WLS,149,0.0014846069033025433
3,UPFC_tsh,5-15,-0.22674995485768532,40,-0.22669776368492817,WLS,149,5.219117275714891e-05
4,UPFC_Vse,5-15,0.060051662841091535,40,0.05931217972465815,WLS,149,0.0007394831164333829
5,UPFC_tse,5-15,-2.1462210917577784,40,-2.1341749635969207,WLS,149,0.012046128160857705
0,x_tcsc,1-14,-0.1389066504291116,41,-0.13892526450872753,WLS,149,1.8614079615925094e-05
1,B_svc,2,0.2970394704258587,41,0.2967760944150117,WLS,149,0.00026337601084702733
2,UPFC_Vsh,5-15,1.1041213167773771,41,1.1056299415067286,WLS,149,0.0015086247293514266
3,UPFC_tsh,5-15,-0.22675459221128916,41,-0.22669776368492817,WLS,149,5.682852636099134e-05
4,UPFC_Vse,5-15,0.059889162540285,41,0.05931217972465815,WLS,149,0.0005769828156268475
5,UPFC_tse,5-15,-2.1486146652723472,41,-2.1341749635969207,WLS,149,0.01443970167542652
0,x_tcsc,1-14,-0.1389135763571023,42,-0.13892526450872753,WLS,149,1.1688151625222076e-05
1,B_svc,2,0.2968033140156844,42,0.2967760944150117,WLS,149,2.7219600672701016e-05
2,UPFC_Vsh,5-15,1.1044345790037147,42,1.1056299415067286,WLS,149,0.001195362503013886
3,UPFC_tsh,5-15,-0.22668654835350202,42,-0.22669776368492817,WLS,149,1.1215331426145392e-05
4,UPFC_Vse,5-15,0.06003881360730971,42,0.05931217972465815,WLS,149,0.0007266338826515603
5,UPFC_tse,5-15,-2.1472542200548794,42,-2.1341749635969207,WLS,149,0.01307925645795871
0,x_tcsc,1-14,-0.13892289707412134,43,-0.13892526450872753,WLS,149,2.3674346061874907e-06
1,B_svc,2,0.297188595353706,43,0.2967760944150117,WLS,149,0.0004125009386943268
2,UPFC_Vsh,5-15,1.1041939492636959,43,1.1056299415067286,WLS,149,0.0014359922430327021
3,UPFC_tsh,5-15,-0.22667768944036346,43,-0.22669776368492817,WLS,149,2.007424456471063e-05
4,UPFC_Vse,5-15,0.059556272696421636,43,0.05931217972465815,WLS,149,0.0002440929717634835
5,UPFC_tse,5-15,-2.1475714493908225,43,-2.1341749635969207,WLS,149,0.013396485793901736
0,x_tcsc,1-14,-0.138906156276743,44,-0.13892526450872753,WLS,149,1.9108231984532598e-05
1,B_svc,2,0.2967851878896728,44,0.2967760944150117,WLS,149,9.093474661103773e-06
2,UPFC_Vsh,5-15,1.1046116645228066,44,1.1056299415067286,WLS,149,0.001018276983921984
3,UPFC_tsh,5-15,-0.22665967674825593,44,-0.22669776368492817,WLS,149,3.808693667223251e-05
4,UPFC_Vse,5-15,0.06003875786904422,44,0.05931217972465815,WLS,149,0.0007265781443860642
5,UPFC_tse,5-15,-2.1449043853918717,44,-2.1341749635969207,WLS,149,0.010729421794950955
0,x_tcsc,1-14,-0.1389138683441745,45,-0.13892526450872753,WLS,149,1.1396164553034716e-05
1,B_svc,2,0.29655632232870893,45,0.2967760944150117,WLS,149,0.0002197720863027497
2,UPFC_Vsh,5-15,1.1045204439796503,45,1.1056299415067286,WLS,149,0.0011094975270782292
3,UPFC_tsh,5-15,-0.22663565331524718,45,-0.22669776368492817,WLS,149,6.211036968098438e-05
4,UPFC_Vse,5-15,0.0596185994629868,45,0.05931217972465815,WLS,149,0.00030641973832865044
5,UPFC_tse,5-15,-2.1505973883825997,45,-2.1341749635969207,WLS,149,0.016422424785679013
0,x_tcsc,1-14,-0.13890885129981007,46,-0.13892526450872753,WLS,149,1.6413208917459565e-05
1,B_svc,2,0.29669180760879044,46,0.2967760944150117,WLS,149,8.42868062212454e-05
2,UPFC_Vsh,5-15,1.1045156212191627,46,1.1056299415067286,WLS,149,0.001114320287565862
3,UPFC_tsh,5-15,-0.22672643661916772,46,-0.22669776368492817,WLS,149,2.8672934239554193e-05
4,UPFC_Vse,5-15,0.060081474318081335,46,0.05931217972465815,WLS,149,0.0007692945934231823
5,UPFC_tse,5-15,-2.1437045175326848,46,-2.1341749635969207,WLS,149,0.009529553935764046
0,x_tcsc,1-14,-0.13893203370697474,47,-0.13892526450872753,WLS,149,6.769198247214003e-06
1,B_svc,2,0.29692461665033393,47,0.2967760944150117,WLS,149,0.00014852223532224595
2,UPFC_Vsh,5-15,1.1044130216445902,47,1.1056299415067286,WLS,149,0.0012169198621383437
3,UPFC_tsh,5-15,-0.22666871376868739,47,-0.22669776368492817,WLS,149,2.9049916240780904e-05
4,UPFC_Vse,5-15,0.05937674809908107,47,0.05931217972465815,WLS,149,6.456837442291724e-05
5,UPFC_tse,5-15,-2.14924835117148,47,-2.1341749635969207,WLS,149,0.015073387574559227
0,x_tcsc,1-14,-0.1389285207158216,48,-0.13892526450872753,WLS,149,3.2562070940711507e-06
1,B_svc,2,0.2970358608952282,48,0.2967760944150117,WLS,149,0.0002597664802165278
2,UPFC_Vsh,5-15,1.104532201190156,48,1.1056299415067286,WLS,149,0.0010977403165726152
3,UPFC_tsh,5-15,-0.22667226875199029,48,-0.22669776368492817,WLS,149,2.5494932937880632e-05
4,UPFC_Vse,5-15,0.06004268094649253,48,0.05931217972465815,WLS,149,0.0007305012218343787
5,UPFC_tse,5-15,-2.148945874229774,48,-2.1341749635969207,WLS,149,0.014770910632853074
0,x_tcsc,1-14,-0.13890198788804828,49,-0.13892526450872753,WLS,149,2.327662067924674e-05
1,B_svc,2,0.2966039506803378,49,0.2967760944150117,WLS,149,0.00017214373467389077
2,UPFC_Vsh,5-15,1.1040505792820507,49,1.1056299415067286,WLS,149,0.001579362224677805
3,UPFC_tsh,5-15,-0.22674036804582354,49,-0.22669776368492817,WLS,149,4.2604360895370785e-05
4,UPFC_Vse,5-15,0.05995148988208729,49,0.05931217972465815,WLS,149,0.0006393101574291363
5,UPFC_tse,5-15,-2.1464116904684696,49,-2.1341749635969207,WLS,149,0.012236726871548864
0,x_tcsc,1-14,-0.13890814138150384,50,-0.13892526450872753,WLS,149,1.712312722368381e-05
1,B_svc,2,0.29711399782215275,50,0.2967760944150117,WLS,149,0.00033790340714107137
2,UPFC_Vsh,5-15,1.1044785163287356,50,1.1056299415067286,WLS,149,0.0011514251779929374
3,UPFC_tsh,5-15,-0.22670847068168656,50,-0.22669776368492817,WLS,149,1.0706996758397258e-05
4,UPFC_Vse,5-15,0.060058813588550974,50,0.05931217972465815,WLS,149,0.0007466338638928219
5,UPFC_tse,5-15,-2.147954805969792,50,-2.1341749635969207,WLS,149,0.013779842372871443
0,x_tcsc,1-14,-0.13892421122116558,51,-0.13892526450872753,WLS,149,1.0532875619473359e-06
1,B_svc,2,0.29688091178734116,51,0.2967760944150117,WLS,149,0.00010481737232947985
2,UPFC_Vsh,5-15,1.104088883211909,51,1.1056299415067286,WLS,149,0.0015410582948196527
3,UPFC_tsh,5-15,-0.2266786130563894,51,-0.22669776368492817,WLS,149,1.915062853877214e-05
4,UPFC_Vse,5-15,0.06001978937710742,51,0.05931217972465815,WLS,149,0.0007076096524492662
5,UPFC_tse,5-15,-2.146140008517001,51,-2.1341749635969207,WLS,149,0.011965044920080103
0,x_tcsc,1-14,-0.13891476023775776,52,-0.13892526450872753,WLS,149,1.0504270969768914e-05
1,B_svc,2,0.2973343076304265,52,0.2967760944150117,WLS,149,0.0005582132154148267
2,UPFC_Vsh,5-15,1.1046801618708477,52,1.1056299415067286,WLS,149,0.0009497796358808319
3,UPFC_tsh,5-15,-0.22671117485223433,52,-0.22669776368492817,WLS,149,1.3411167306159877e-05
4,UPFC_Vse,5-15,0.0597009242298177,52,0.05931217972465815,WLS,149,0.0003887445051595495
5,UPFC_tse,5-15,-2.1506747817040086,52,-2.1341749635969207,WLS,149,0.016499818107087894
0,x_tcsc,1-14,-0.1389168043770616,53,-0.13892526450872753,WLS,149,8.460131665916082e-06
1,B_svc,2,0.29686541096234087,53,0.2967760944150117,WLS,149,8.931654732918792e-05
2,UPFC_Vsh,5-15,1.1041925226335472,53,1.1056299415067286,WLS,149,0.0014374188731813842
3,UPFC_tsh,5-15,-0.2267521039458973,53,-0.22669776368492817,WLS,149,5.434026096912126e-05
4,UPFC_Vse,5-15,0.05991085663466375,53,0.05931217972465815,WLS,149,0.000598676910005598
5,UPFC_tse,5-15,-2.149548243857771,53,-2.1341749635969207,WLS,149,0.015373280260850386
0,x_tcsc,1-14,-0.13890982645345837,54,-0.13892526450872753,WLS,149,1.543805526915687e-05
1,B_svc,2,0.29712942512458956,54,0.2967760944150117,WLS,149,0.0003533307095778815
2,UPFC_Vsh,5-15,1.1044186026229372,54,1.1056299415067286,WLS,149,0.0012113388837913242
3,UPFC_tsh,5-15,-0.22674580408385597,54,-0.22669776368492817,WLS,149,4.804039892780665e-05
4,UPFC_Vse,5-15,0.06015778315729391,54,0.05931217972465815,WLS,149,0.0008456034326357609
5,UPFC_tse,5-15,-2.146608416955827,54,-2.1341749635969207,WLS,149,0.01243345335890611
0,x_tcsc,1-14,-0.13888277630712895,55,-0.13892526450872753,WLS,149,4.248820159857836e-05
1,B_svc,2,0.2970788244470092,55,0.2967760944150117,WLS,149,0.00030273003199754456
2,UPFC_Vsh,5-15,1.1043437934639313,55,1.1056299415067286,WLS,149,0.0012861480427972527
3,UPFC_tsh,5-15,-0.22674337684251203,55,-0.22669776368492817,WLS,149,4.561315758386253e-05
4,UPFC_Vse,5-15,0.05982462835989548,55,0.05931217972465815,WLS,149,0.0005124486352373267
5,UPFC_tse,5-15,-2.1478981452050374,55,-2.1341749635969207,WLS,149,0.013723181608116697
0,x_tcsc,1-14,-0.13891051262790277,56,-0.13892526450872753,WLS,149,1.475188082475376e-05
1,B_svc,2,0.29687417979213837,56,0.2967760944150117,WLS,149,9.808537712668874e-05
2,UPFC_Vsh,5-15,1.1043742609895286,56,1.1056299415067286,WLS,149,0.0012556805171999308
3,UPFC_tsh,5-15,-0.22673139115316174,56,-0.22669776368492817,WLS,149,3.362746823357132e-05
4,UPFC_Vse,5-15,0.059786968304288424,56,0.05931217972465815,WLS,149,0.00047478857963027116
5,UPFC_tse,5-15,-2.145686158956544,56,-2.1341749635969207,WLS,149,0.011511195359623194
0,x_tcsc,1-14,-0.13891137846752785,57,-0.13892526450872753,WLS,149,1.3886041199673294e-05
1,B_svc,2,0.2970604441951921,57,0.2967760944150117,WLS,149,0.00028434978018043733
2,UPFC_Vsh,5-15,1.1043902610660297,57,1.1056299415067286,WLS,149,0.001239680440698887
3,UPFC_tsh,5-15,-0.2267289425606235,57,-0.22669776368492817,WLS,149,3.117887569534239e-05
4,UPFC_Vse,5-15,0.06003191559233666,57,0.05931217972465815,WLS,149,0.0007197358676785046
5,UPFC_tse,5-15,-2.145030590940554,57,-2.1341749635969207,WLS,149,0.010855627343633323
0,x_tcsc,1-14,-0.1389160458880449,58,-0.13892526450872753,WLS,149,9.218620682621692e-06
1,B_svc,2,0.29653808366074563,58,0.2967760944150117,WLS,149,0.00023801075426604923
2,UPFC_Vsh,5-15,1.1044774679280132,58,1.1056299415067286,WLS,149,0.0011524735787153961
3,UPFC_tsh,5-15,-0.22665033069593,58,-0.22669776368492817,WLS,149,4.743298899817505e-05
4,UPFC_Vse,5-15,0.059410776840914205,58,0.05931217972465815,WLS,149,9.859711625605228e-05
5,UPFC_tse,5-15,-2.1489599036824893,58,-2.1341749635969207,WLS,149,0.014784940085568632
0,x_tcsc,1-14,-0.13889347885569076,59,-0.13892526450872753,WLS,149,3.1785653036769945e-05
1,B_svc,2,0.29707734403596103,59,0.2967760944150117,WLS,149,0.0003012496209493509
2,UPFC_Vsh,5-15,1.1044954604382649,59,1.1056299415067286,WLS,149,0.0011344810684636997
3,UPFC_tsh,5-15,-0.22670064220369981,59,-0.22669776368492817,WLS,149,2.878518771648464e-06
4,UPFC_Vse,5-15,0.06004963682662339,59,0.05931217972465815,WLS,149,0.0007374571019652387
5,UPFC_tse,5-15,-2.151099239278583,59,-2.1341749635969207,WLS,149,0.016924275681662326
0,x_tcsc,1-14,-0.13891392073188644,60,-0.13892526450872753,WLS,149,1.1343776841088449e-05
1,B_svc,2,0.2968070621774891,60,0.2967760944150117,WLS,149,3.09677624774074e-05
2,UPFC_Vsh,5-15,1.1046560213586325,60,1.1056299415067286,WLS,149,0.0009739201480960524
3,UPFC_tsh,5-15,-0.22666931081623515,60,-0.22669776368492817,WLS,149,2.845286869301855e-05
4,UPFC_Vse,5-15,0.05968974996067618,60,0.05931217972465815,WLS,149,0.00037757023601802525
5,UPFC_tse,5-15,-2.1477545533794657,60,-2.1341749635969207,WLS,149,0.013579589782545032
0,x_tcsc,1-14,-0.13890564297543861,61,-0.13892526450872753,WLS,149,1.9621533288910475e-05
1,B_svc,2,0.2968845472206514,61,0.2967760944150117,WLS,149,0.00010845280563970272
2,UPFC_Vsh,5-15,1.1044073050309464,61,1.1056299415067286,WLS,149,0.001222636475782135
3,UPFC_tsh,5-15,-0.22670543113177613,61,-0.22669776368492817,WLS,149,7.667446847964277e-06
4,UPFC_Vse,5-15,0.05953085050223706,61,0.05931217972465815,WLS,149,0.00021867077757890818
5,UPFC_tse,5-15,-2.149015767643395,61,-2.1341749635969207,WLS,149,0.014840804046474254
0,x_tcsc,1-14,-0.13890642657822067,62,-0.13892526450872753,WLS,149,1.883793050685978e-05
1,B_svc,2,0.2971797603519291,62,0.2967760944150117,WLS,149,0.00040366593691743
2,UPFC_Vsh,5-15,1.1042800444238536,62,1.1056299415067286,WLS,149,0.001349897082874918
3,UPFC_tsh,5-15,-0.2267389725802369,62,-0.22669776368492817,WLS,149,4.120889530873084e-05
4,UPFC_Vse,5-15,0.05971654612346946,62,0.05931217972465815,WLS,149,0.00040436639881130665
5,UPFC_tse,5-15,-2.1484850592910347,62,-2.1341749635969207,WLS,149,0.014310095694114011
0,x_tcsc,1-14,-0.13892290191010814,63,-0.13892526450872753,WLS,149,2.362598619382039e-06
1,B_svc,2,0.2967942181863001,63,0.2967760944150117,WLS,149,1.8123771288403034e-05
2,UPFC_Vsh,5-15,1.1042478648584317,63,1.1056299415067286,WLS,149,0.001382076648296815
3,UPFC_tsh,5-15,-0.2267229616396642,63,-0.22669776368492817,WLS,149,2.5197954736044803e-05
4,UPFC_Vse,5-15,0.06012100142436079,63,0.05931217972465815,WLS,149,0.0008088216997026373
5,UPFC_tse,5-15,-2.1450087461247915,63,-2.1341749635969207,WLS,149,0.010833782527870817
0,x_tcsc,1-14,-0.13893581072390088,64,-0.13892526450872753,WLS,149,1.0546215173351525e-05
1,B_svc,2,0.29711240353877316,64,0.2967760944150117,WLS,149,0.00033630912376148014
2,UPFC_Vsh,5-15,1.104314394168298,64,1.1056299415067286,WLS,149,0.0013155473384305338
3,UPFC_tsh,5-15,-0.2267272617796077,64,-0.22669776368492817,WLS,149,2.9498094679530906e-05
4,UPFC_Vse,5-15,0.059806557989934346,64,0.05931217972465815,WLS,149,0.0004943782652761936
5,UPFC_tse,5-15,-2.144961193304899,64,-2.1341749635969207,WLS,149,0.010786229707978379
0,x_tcsc,1-14,-0.13890834428055363,65,-0.13892526450872753,WLS,149,1.6920228173900043e-05
1,B_svc,2,0.29717893212487584,65,0.2967760944150117,WLS,149,0.0004028377098641567
2,UPFC_Vsh,5-15,1.1042528223380756,65,1.1056299415067286,WLS,149,0.0013771191686529072
3,UPFC_tsh,5-15,-0.22673300703055926,65,-0.22669776368492817,WLS,149,3.5243345631097434e-05
4,UPFC_Vse,5-15,0.06000098657961191,65,0.05931217972465815,WLS,149,0.0006888068549537607
5,UPFC_tse,5-15,-2.148140168098499,65,-2.1341749635969207,WLS,149,0.013965204501578121
0,x_tcsc,1-14,-0.13892168576289957,66,-0.13892526450872753,WLS,149,3.578745827959029e-06
1,B_svc,2,0.2972778442786357,66,0.2967760944150117,WLS,149,0.0005017498636240014
2,UPFC_Vsh,5-15,1.1045916792226664,66,1.1056299415067286,WLS,149,0.0010382622840621192
3,UPFC_tsh,5-15,-0.2267172222610968,66,-0.22669776368492817,WLS,149,1.945857616864055e-05
4,UPFC_Vse,5-15,0.059262798878524064,66,0.05931217972465815,WLS,149,4.938084613408805e-05
5,UPFC_tse,5-15,-2.144770946837609,66,-2.1341749635969207,WLS,149,0.010595983240688334
0,x_tcsc,1-14,-0.1389264824466593,67,-0.13892526450872753,WLS,149,1.2179379317855954e-06
1,B_svc,2,0.297718706830169,67,0.2967760944150117,WLS,149,0.0009426124151573068
2,UPFC_Vsh,5-15,1.1042124852532573,67,1.1056299415067286,WLS,149,0.0014174562534712276
3,UPFC_tsh,5-15,-0.22662530204021208,67,-0.22669776368492817,WLS,149,7.246164471608196e-05
4,UPFC_Vse,5-15,0.059609497536023084,67,0.05931217972465815,WLS,149,0.0002973178113649319
5,UPFC_tse,5-15,-2.146006471030418,67,-2.1341749635969207,WLS,149,0.011831507433497368
0,x_tcsc,1-14,-0.13893225488226996,68,-0.13892526450872753,WLS,149,6.990373542431483e-06
1,B_svc,2,0.2970893729060678,68,0.2967760944150117,WLS,149,0.0003132784910561126
2,UPFC_Vsh,5-15,1.1043147584016206,68,1.1056299415067286,WLS,149,0.00131518310510792
3,UPFC_tsh,5-15,-0.2267332731016891,68,-0.22669776368492817,WLS,149,3.5509416760920454e-05
4,UPFC_Vse,5-15,0.06001290475872349,68,0.05931217972465815,WLS,149,0.0007007250340653401
5,UPFC_tse,5-15,-2.1504781519443026,68,-2.1341749635969207,WLS,149,0.01630318834738187
0,x_tcsc,1-14,-0.13891791108227924,69,-0.13892526450872753,WLS,149,7.353426448281075e-06
1,B_svc,2,0.29648350406663604,69,0.2967760944150117,WLS,149,0.00029259034837564313
2,UPFC_Vsh,5-15,1.104356470189231,69,1.1056299415067286,WLS,149,0.0012734713174975543
3,UPFC_tsh,5-15,-0.2266963402760032,69,-0.22669776368492817,WLS,149,1.4234089249776094e-06
4,UPFC_Vse,5-15,0.060164747014212296,69,0.05931217972465815,WLS,149,0.0008525672895541431
5,UPFC_tse,5-15,-2.147732732393663,69,-2.1341749635969207,WLS,149,0.013557768796742309
0,x_tcsc,1-14,-0.13891666103508163,70,-0.13892526450872753,WLS,149,8.603473645896198e-06
1,B_svc,2,0.2965236937868576,70,0.2967760944150117,WLS,149,0.00025240062815407027
2,UPFC_Vsh,5-15,1.1042073258928216,70,1.1056299415067286,WLS,149,0.0014226156139069968
3,UPFC_tsh,5-15,-0.22666958000795798,70,-0.22669776368492817,WLS,149,2.818367697018931e-05
4,UPFC_Vse,5-15,0.0594974834371899,70,0.05931217972465815,WLS,149,0.00018530371253174666
5,UPFC_tse,5-15,-2.1472881593816364,70,-2.1341749635969207,WLS,149,0.013113195784715703
0,x_tcsc,1-14,-0.13890419235297793,71,-0.13892526450872753,WLS,149,2.107215574959076e-05
1,B_svc,2,0.29680471537758846,71,0.2967760944150117,WLS,149,2.8620962576775266e-05
2,UPFC_Vsh,5-15,1.1042834203520842,71,1.1056299415067286,WLS,149,0.0013465211546443978
3,UPFC_tsh,5-15,-0.22674877475777475,71,-0.22669776368492817,WLS,149,5.1011072846579575e-05
4,UPFC_Vse,5-15,0.05988130678545612,71,0.05931217972465815,WLS,149,0.0005691270607979665
5,UPFC_tse,5-15,-2.1477151228641436,71,-2.1341749635969207,WLS,149,0.013540159267222851
0,x_tcsc,1-14,-0.13891876163601977,72,-0.13892526450872753,WLS,149,6.502872707758733e-06
1,B_svc,2,0.297117245395919,72,0.2967760944150117,WLS,149,0.0003411509809073121
2,UPFC_Vsh,5-15,1.1045157881428265,72,1.1056299415067286,WLS,149,0.0011141533639020818
3,UPFC_tsh,5-15,-0.2267153674801442,72,-0.22669776368492817,WLS,149,1.7603795216036833e-05
4,UPFC_Vse,5-15,0.059870699817030804,72,0.05931217972465815,WLS,149,0.000558520092372651
5,UPFC_tse,5-15,-2.1485299714670685,72,-2.1341749635969207,WLS,149,0.014355007870147762
0,x_tcsc,1-14,-0.1389031081029876,73,-0.13892526450872753,WLS,149,2.2156405739937046e-05
1,B_svc,2,0.296683157190761,73,0.2967760944150117,WLS,149,9.293722425068873e-05
2,UPFC_Vsh,5-15,1.1043190429710605,73,1.1056299415067286,WLS,149,0.0013108985356680147
3,UPFC_tsh,5-15,-0.2267003563958505,73,-0.22669776368492817,WLS,149,2.5927109223444766e-06
4,UPFC_Vse,5-15,0.05962101309090918,73,0.05931217972465815,WLS,149,0.0003088333662510309
5,UPFC_tse,5-15,-2.1489112522175775,73,-2.1341749635969207,WLS,149,0.01473628862065679
0,x_tcsc,1-14,-0.13891312244179377,74,-0.13892526450872753,WLS,149,1.2142066933756857e-05
1,B_svc,2,0.29727742438188953,74,0.2967760944150117,WLS,149,0.0005013299668778504
2,UPFC_Vsh,5-15,1.104149446845061,74,1.1056299415067286,WLS,149,0.001480494661667553
3,UPFC_tsh,5-15,-0.22672400413905683,74,-0.22669776368492817,WLS,149,2.624045412866205e-05
4,UPFC_Vse,5-15,0.06025412290384054,74,0.05931217972465815,WLS,149,0.0009419431791823848
5,UPFC_tse,5-15,-2.1472380537284104,74,-2.1341749635969207,WLS,149,0.013063090131489652
0,x_tcsc,1-14,-0.13890572372025306,75,-0.13892526450872753,WLS,149,1.954078847446472e-05
1,B_svc,2,0.2967668657674613,75,0.2967760944150117,WLS,149,9.228647550374447e-06
2,UPFC_Vsh,5-15,1.1042710885869043,75,1.1056299415067286,WLS,149,0.0013588529198242938
3,UPFC_tsh,5-15,-0.22673770851770939,75,-0.22669776368492817,WLS,149,3.9944832781219075e-05
4,UPFC_Vse,5-15,0.06034335364233738,75,0.05931217972465815,WLS,149,0.0010311739176792276
5,UPFC_tse,5-15,-2.142409335583347,75,-2.1341749635969207,WLS,149,0.008234371986426403
0,x_tcsc,1-14,-0.13890867085609443,76,-0.13892526450872753,WLS,149,1.6593652633095646e-05
1,B_svc,2,0.29725477768080333,76,0.2967760944150117,WLS,149,0.0004786832657916462
2,UPFC_Vsh,5-15,1.1042902268480377,76,1.1056299415067286,WLS,149,0.0013397146586908715
3,UPFC_tsh,5-15,-0.2267286742024186,76,-0.22669776368492817,WLS,149,3.09105174904345e-05
4,UPFC_Vse,5-15,0.060266282143743105,76,0.05931217972465815,WLS,149,0.0009541024190849526
5,UPFC_tse,5-15,-2.1461486743016738,76,-2.1341749635969207,WLS,149,0.01197371070475306
0,x_tcsc,1-14,-0.13891242336229165,77,-0.13892526450872753,WLS,149,1.284114643587686e-05
1,B_svc,2,0.29651391538418986,77,0.2967760944150117,WLS,149,0.0002621790308218186
2,UPFC_Vsh,5-15,1.1044086077128437,77,1.1056299415067286,WLS,149,0.0012213337938848934
3,UPFC_tsh,5-15,-0.22673443842638605,77,-0.22669776368492817,WLS,149,3.667474145788163e-05
4,UPFC_Vse,5-15,0.0595867356148022,77,0.05931217972465815,WLS,149,0.0002745558901440445
5,UPFC_tse,5-15,-2.147739724051888,77,-2.1341749635969207,WLS,149,0.013564760454967129
0,x_tcsc,1-14,-0.1389306135866293,78,-0.13892526450872753,WLS,149,5.349077901783961e-06
1,B_svc,2,0.29658401618628727,78,0.2967760944150117,WLS,149,0.00019207822872441271
2,UPFC_Vsh,5-15,1.1045061215636474,78,1.1056299415067286,WLS,149,0.0011238199430811946
3,UPFC_tsh,5-15,-0.22671766522920017,78,-0.22669776368492817,WLS,149,1.990154427200519e-05
4,UPFC_Vse,5-15,0.0595951754420998,78,0.05931217972465815,WLS,149,0.0002829957174416489
5,UPFC_tse,5-15,-2.1453798160248616,78,-2.1341749635969207,WLS,149,0.011204852427940892
0,x_tcsc,1-14,-0.13890046078193388,79,-0.13892526450872753,WLS,149,2.4803726793642955e-05
1,B_svc,2,0.2963902878947461,79,0.2967760944150117,WLS,149,0.0003858065202655969
2,UPFC_Vsh,5-15,1.1048155708580252,79,1.1056299415067286,WLS,149,0.0008143706487033775
3,UPFC_tsh,5-15,-0.2267004074671071,79,-0.22669776368492817,WLS,149,2.6437821789293547e-06
4,UPFC_Vse,5-15,0.05983211937955838,79,0.05931217972465815,WLS,149,0.0005199396549002283
5,UPFC_tse,5-15,-2.1465001010496,79,-2.1341749635969207,WLS,149,0.012325137452679158
0,x_tcsc,1-14,-0.13890345903101625,80,-0.13892526450872753,WLS,149,2.1805477711273058e-05
1,B_svc,2,0.29673982519728187,80,0.2967760944150117,WLS,149,3.626921772981184e-05
2,UPFC_Vsh,5-15,1.1044339024296634,80,1.1056299415067286,WLS,149,0.0011960390770651141
3,UPFC_tsh,5-15,-0.22674246995304143,80,-0.22669776368492817,WLS,149,4.4706268113259284e-05
4,UPFC_Vse,5-15,0.05968509222952994,80,0.05931217972465815,WLS,149,0.0003729125048717863
5,UPFC_tse,5-15,-2.151033086713007,80,-2.1341749635969207,WLS,149,0.016858123116086254
0,x_tcsc,1-14,-0.13889506033159524,81,-0.13892526450872753,WLS,149,3.0204177132286958e-05
1,B_svc,2,0.2967252243452968,81,0.2967760944150117,WLS,149,5.087006971488117e-05
2,UPFC_Vsh,5-15,1.1038822163728095,81,1.1056299415067286,WLS,149,0.0017477251339190758
3,UPFC_tsh,5-15,-0.22670482743204115,81,-0.22669776368492817,WLS,149,7.063747112984187e-06
4,UPFC_Vse,5-15,0.060306274364630014,81,0.05931217972465815,WLS,149,0.0009940946399718611
5,UPFC_tse,5-15,-2.1434059787784334,81,-2.1341749635969207,WLS,149,0.009231015181512703
0,x_tcsc,1-14,-0.138910754220919,82,-0.13892526450872753,WLS,149,1.451028780852237e-05
1,B_svc,2,0.29696453967176734,82,0.2967760944150117,WLS,149,0.00018844525675565382
2,UPFC_Vsh,5-15,1.1042998714681136,82,1.1056299415067286,WLS,149,0.001330070038614961
3,UPFC_tsh,5-15,-0.22671830878755114,82,-0.22669776368492817,WLS,149,2.0545102622976374e-05
4,UPFC_Vse,5-15,0.05987361981577975,82,0.05931217972465815,WLS,149,0.0005614400911215997
5,UPFC_tse,5-15,-2.147116679515498,82,-2.1341749635969207,WLS,149,0.012941715918577401
0,x_tcsc,1-14,-0.1389095257483371,83,-0.13892526450872753,WLS,149,1.5738760390432427e-05
1,B_svc,2,0.29674905824528003,83,0.2967760944150117,WLS,149,2.703616973165346e-05
2,UPFC_Vsh,5-15,1.1041797156656306,83,1.1056299415067286,WLS,149,0.0014502258410979962
3,UPFC_tsh,5-15,-0.22676785856604148,83,-0.22669776368492817,WLS,149,7.009488111331397e-05
4,UPFC_Vse,5-15,0.05983361401879294,83,0.05931217972465815,WLS,149,0.0005214342941347871
5,UPFC_tse,5-15,-2.147265109971955,83,-2.1341749635969207,WLS,149,0.013090146375034362
0,x_tcsc,1-14,-0.13892981819591702,84,-0.13892526450872753,WLS,149,4.55368718949023e-06
1,B_svc,2,0.29701922995211116,84,0.2967760944150117,WLS,149,0.00024313553709948144
2,UPFC_Vsh,5-15,1.104276136055977,84,1.1056299415067286,WLS,149,0.0013538054507515884
3,UPFC_tsh,5-15,-0.2267555489539708,84,-0.22669776368492817,WLS,149,5.778526904262615e-05
4,UPFC_Vse,5-15,0.059917440126356386,84,0.05931217972465815,WLS,149,0.0006052604016982335
5,UPFC_tse,5-15,-2.143873412221631,84,-2.1341749635969207,WLS,149,0.009698448624710476
0,x_tcsc,1-14,-0.13889690993012568,85,-0.13892526450872753,WLS,149,2.8354578601841318e-05
1,B_svc,2,0.29641169263182554,85,0.2967760944150117,WLS,149,0.00036440178318614125
2,UPFC_Vsh,5-15,1.1046004802791616,85,1.1056299415067286,WLS,149,0.0010294612275669746
3,UPFC_tsh,5-15,-0.2266653382616848,85,-0.22669776368492817,WLS,149,3.242542324335962e-05
4,UPFC_Vse,5-15,0.05950210836038172,85,0.05931217972465815,WLS,149,0.00018992863572356994
5,UPFC_tse,5-15,-2.1489450512483135,85,-2.1341749635969207,WLS,149,0.01477008765139276
0,x_tcsc,1-14,-0.13891788384058487,86,-0.13892526450872753,WLS,149,7.38066814265359e-06
1,B_svc,2,0.2968958534010268,86,0.2967760944150117,WLS,149,0.00011975898601512824
2,UPFC_Vsh,5-15,1.1043147109600968,86,1.1056299415067286,WLS,149,0.0013152305466317404
3,UPFC_tsh,5-15,-0.22669198573329763,86,-0.22669776368492817,WLS,149,5.777951630536737e-06
4,UPFC_Vse,5-15,0.0602992655592762,86,0.05931217972465815,WLS,149,0.000987085834618047
5,UPFC_tse,5-15,-2.145471288622135,86,-2.1341749635969207,WLS,149,0.011296325025214493
0,x_tcsc,1-14,-0.13889374407824606,87,-0.13892526450872753,WLS,149,3.1520430481463135e-05
1,B_svc,2,0.2965595273846373,87,0.2967760944150117,WLS,149,0.00021656703037437053
2,UPFC_Vsh,5-15,1.1038971973285612,87,1.1056299415067286,WLS,149,0.001732744178167378
3,UPFC_tsh,5-15,-0.2267264386320892,87,-0.22669776368492817,WLS,149,2.867494716102259e-05
4,UPFC_Vse,5-15,0.05992551703263342,87,0.05931217972465815,WLS,149,0.0006133373079752688
5,UPFC_tse,5-15,-2.1466775664548305,87,-2.1341749635969207,WLS,149,0.012502602857909828
0,x_tcsc,1-14,-0.1389038819295668,88,-0.13892526450872753,WLS,149,2.1382579160733606e-05
1,B_svc,2,0.2966958071787354,88,0.2967760944150117,WLS,149,8.028723627628853e-05
2,UPFC_Vsh,5-15,1.1043946417935722,88,1.1056299415067286,WLS,149,0.0012352997131563903
3,UPFC_tsh,5-15,-0.22670850129342263,88,-0.22669776368492817,WLS,149,1.0737608494459927e-05
4,UPFC_Vse,5-15,0.05963339530383596,88,0.05931217972465815,WLS,149,0.0003212155791778096
5,UPFC_tse,5-15,-2.144449596229255,88,-2.1341749635969207,WLS,149,0.010274632632334413
0,x_tcsc,1-14,-0.13891490834317294,89,-0.13892526450872753,WLS,149,1.035616555458696e-05
1,B_svc,2,0.29698615389314714,89,0.2967760944150117,WLS,149,0.00021005947813546033
2,UPFC_Vsh,5-15,1.1043827213964097,89,1.1056299415067286,WLS,149,0.0012472201103188585
3,UPFC_tsh,5-15,-0.22671407431371518,89,-0.22669776368492817,WLS,149,1.631062878701406e-05
4,UPFC_Vse,5-15,0.06000508160987312,89,0.05931217972465815,WLS,149,0.0006929018852149665
5,UPFC_tse,5-15,-2.147543290114325,89,-2.1341749635969207,WLS,149,0.013368326517404494
0,x_tcsc,1-14,-0.13890762736526271,90,-0.13892526450872753,WLS,149,1.763714346481038e-05
1,B_svc,2,0.29690921852508706,90,0.2967760944150117,WLS,149,0.00013312411007537772
2,UPFC_Vsh,5-15,1.104347735725711,90,1.1056299415067286,WLS,149,0.0012822057810175647
3,UPFC_tsh,5-15,-0.2267364451484468,90,-0.22669776368492817,WLS,149,3.8681463518625e-05
4,UPFC_Vse,5-15,0.06023931869769016,90,0.05931217972465815,WLS,149,0.0009271389730320101
5,UPFC_tse,5-15,-2.1469854921087035,90,-2.1341749635969207,WLS,149,0.01281052851178277
0,x_tcsc,1-14,-0.1389217029750085,91,-0.13892526450872753,WLS,149,3.561533719026455e-06
1,B_svc,2,0.29685690814695564,91,0.2967760944150117,WLS,149,8.08137319439628e-05
2,UPFC_Vsh,5-15,1.1041600253110821,91,1.1056299415067286,WLS,149,0.0014699161956464035
3,UPFC_tsh,5-15,-0.22670777980990744,91,-0.22669776368492817,WLS,149,1.0016124979278507e-05
4,UPFC_Vse,5-15,0.05961803756696138,91,0.05931217972465815,WLS,149,0.0003058578423032268
5,UPFC_tse,5-15,-2.148103745812755,91,-2.1341749635969207,WLS,149,0.013928782215834268
0,x_tcsc,1-14,-0.13891283596164858,92,-0.13892526450872753,WLS,149,1.2428547078946472e-05
1,B_svc,2,0.2960860348548024,92,0.2967760944150117,WLS,149,0.0006900595602092885
2,UPFC_Vsh,5-15,1.104414906070379,92,1.1056299415067286,WLS,149,0.0012150354363495985
3,UPFC_tsh,5-15,-0.22666571910580252,92,-0.22669776368492817,WLS,149,3.204457912564518e-05
4,UPFC_Vse,5-15,0.05961138884594972,92,0.05931217972465815,WLS,149,0.00029920912129156874
5,UPFC_tse,5-15,-2.145796790495595,92,-2.1341749635969207,WLS,149,0.011621826898674303
0,x_tcsc,1-14,-0.13891518000786413,93,-0.13892526450872753,WLS,149,1.0084500863399848e-05
1,B_svc,2,0.29720621479424514,93,0.2967760944150117,WLS,149,0.00043012037923345625
2,UPFC_Vsh,5-15,1.1044156477943643,93,1.1056299415067286,WLS,149,0.001214293712364256
3,UPFC_tsh,5-15,-0.22667039802539843,93,-0.22669776368492817,WLS,149,2.7365659529737796e-05
4,UPFC_Vse,5-15,0.059730575231796944,93,0.05931217972465815,WLS,149,0.00041839550713879126
5,UPFC_tse,5-15,-2.1498811650530847,93,-2.1341749635969207,WLS,149,0.01570620145616397
0,x_tcsc,1-14,-0.13888652817013986,94,-0.13892526450872753,WLS,149,3.873633858766934e-05
1,B_svc,2,0.2972124329924076,94,0.2967760944150117,WLS,149,0.00043633857739594495
2,UPFC_Vsh,5-15,1.1043778010446264,94,1.1056299415067286,WLS,149,0.0012521404621022025
3,UPFC_tsh,5-15,-0.22667056721906406,94,-0.22669776368492817,WLS,149,2.7196465864104402e-05
4,UPFC_Vse,5-15,0.05961661084005428,94,0.05931217972465815,WLS,149,0.00030443111539612405
5,UPFC_tse,5-15,-2.151865185892226,94,-2.1341749635969207,WLS,149,0.017690222295305258
0,x_tcsc,1-14,-0.13889748707204555,95,-0.13892526450872753,WLS,149,2.7777436681974965e-05
1,B_svc,2,0.29697036897648776,95,0.2967760944150117,WLS,149,0.00019427456147608213
2,UPFC_Vsh,5-15,1.10444590416434,95,1.1056299415067286,WLS,149,0.0011840373423885886
3,UPFC_tsh,5-15,-0.22671076335013077,95,-0.22669776368492817,WLS,149,1.2999665202600985e-05
4,UPFC_Vse,5-15,0.059727706755058375,95,0.05931217972465815,WLS,149,0.0004155270304002229
5,UPFC_tse,5-15,-2.148380564297872,95,-2.1341749635969207,WLS,149,0.014205600700951226
0,x_tcsc,1-14,-0.13892539241071705,96,-0.13892526450872753,WLS,149,1.2790198952727927e-07
1,B_svc,2,0.29648927481578913,96,0.2967760944150117,WLS,149,0.0002868195992225542
2,UPFC_Vsh,5-15,1.1042652688869479,96,1.1056299415067286,WLS,149,0.0013646726197806824
3,UPFC_tsh,5-15,-0.22671344461041618,96,-0.22669776368492817,WLS,149,1.56809254880097e-05
4,UPFC_Vse,5-15,0.05967157960368254,96,0.05931217972465815,WLS,149,0.00035939987902438436
5,UPFC_tse,5-15,-2.150624424757836,96,-2.1341749635969207,WLS,149,0.01644946116091539
0,x_tcsc,1-14,-0.13890588575668578,97,-0.13892526450872753,WLS,149,1.937875204174877e-05
1,B_svc,2,0.2962800490329332,97,0.2967760944150117,WLS,149,0.0004960453820784805
2,UPFC_Vsh,5-15,1.1041886447435816,97,1.1056299415067286,WLS,149,0.0014412967631469709
3,UPFC_tsh,5-15,-0.2267400847670116,97,-0.22669776368492817,WLS,149,4.232108208343521e-05
4,UPFC_Vse,5-15,0.05992290323048553,97,0.05931217972465815,WLS,149,0.0006107235058273805
5,UPFC_tse,5-15,-2.145548621211751,97,-2.1341749635969207,WLS,149,0.011373657614830446
0,x_tcsc,1-14,-0.13891520912504485,98,-0.13892526450872753,WLS,149,1.0055383682677776e-05
1,B_svc,2,0.2966299995839304,98,0.2967760944150117,WLS,149,0.0001460948310813004
2,UPFC_Vsh,5-15,1.1041199224903357,98,1.1056299415067286,WLS,149,0.0015100190163928051
3,UPFC_tsh,5-15,-0.2267295922000062,98,-0.22669776368492817,WLS,149,3.182851507804729e-05
4,UPFC_Vse,5-15,0.06005300068637577,98,0.05931217972465815,WLS,149,0.0007408209617176184
5,UPFC_tse,5-15,-2.145595738437889,98,-2.1341749635969207,WLS,149,0.011420774840968484
0,x_tcsc,1-14,-0.13891653197238177,99,-0.13892526450872753,WLS,149,8.73253634575688e-06
1,B_svc,2,0.2962579477150169,99,0.2967760944150117,WLS,149,0.0005181466999947815
2,UPFC_Vsh,5-15,1.104388122823635,99,1.1056299415067286,WLS,149,0.0012418186830935873
3,UPFC_tsh,5-15,-0.22676215242820785,99,-0.22669776368492817,WLS,149,6.438874327968636e-05
4,UPFC_Vse,5-15,0.059673023363159244,99,0.05931217972465815,WLS,149,0.00036084363850109186
5,UPFC_tse,5-15,-2.15047126166539,99,-2.1341749635969207,WLS,149,0.016296298068469106
0,x_tcsc,1-14,-0.13739477559569874,0,-0.13739222511450724,WLS,151,2.55048119149337e-06
1,B_svc,2,0.28891981851256626,0,0.2891647730129281,WLS,151,0.000244954500361827
2,UPFC_Vsh,5-15,1.1043911482789432,0,1.1061187971273359,WLS,151,0.0017276488483926045
3,UPFC_tsh,5-15,-0.2278073764421838,0,-0.22775076519667356,WLS,151,5.661124551023522e-05
4,UPFC_Vse,5-15,0.059924994660376735,0,0.059584928542038354,WLS,151,0.00034006611833838074
5,UPFC_tse,5-15,-2.1457638772111842,0,-2.1375234122586417,WLS,151,0.008240464952542492
0,x_tcsc,1-14,-0.13742883869702577,1,-0.13739222511450724,WLS,151,3.661358251852431e-05
1,B_svc,2,0.2890900524045867,1,0.2891647730129281,WLS,151,7.472060834140537e-05
2,UPFC_Vsh,5-15,1.1043348395442811,1,1.1061187971273359,WLS,151,0.0017839575830547183
3,UPFC_tsh,5-15,-0.22777615182696467,1,-0.22775076519667356,WLS,151,2.538663029111321e-05
4,UPFC_Vse,5-15,0.059282642833504526,1,0.059584928542038354,WLS,151,0.0003022857085338282
5,UPFC_tse,5-15,-2.14618419993287,1,-2.1375234122586417,WLS,151,0.008660787674228398
0,x_tcsc,1-14,-0.13740883488030875,2,-0.13739222511450724,WLS,151,1.6609765801506304e-05
1,B_svc,2,0.2893535179685305,2,0.2891647730129281,WLS,151,0.00018874495560239346
2,UPFC_Vsh,5-15,1.104518828032145,2,1.1061187971273359,WLS,151,0.0015999690951908896
3,UPFC_tsh,5-15,-0.22772285793790495,2,-0.22775076519667356,WLS,151,2.790725876861133e-05
4,UPFC_Vse,5-15,0.06024127490907934,2,0.059584928542038354,WLS,151,0.000656346367040983
5,UPFC_tse,5-15,-2.14918568401682,2,-2.1375234122586417,WLS,151,0.011662271758178466
0,x_tcsc,1-14,-0.13738128358050186,3,-0.13739222511450724,WLS,151,1.0941534005382003e-05
1,B_svc,2,0.2891248879080869,3,0.2891647730129281,WLS,151,3.988510484120855e-05
2,UPFC_Vsh,5-15,1.1044182196898273,3,1.1061187971273359,WLS,151,0.0017005774375085103
3,UPFC_tsh,5-15,-0.22781985385531567,3,-0.22775076519667356,WLS,151,6.9088658642108e-05
4,UPFC_Vse,5-15,0.060229076552647795,3,0.059584928542038354,WLS,151,0.000644148010609441
5,UPFC_tse,5-15,-2.146710127848112,3,-2.1375234122586417,WLS,151,0.009186715589470484
0,x_tcsc,1-14,-0.13739522178233712,4,-0.13739222511450724,WLS,151,2.99666782987984e-06
1,B_svc,2,0.2889010284863789,4,0.2891647730129281,WLS,151,0.00026374452654920333
2,UPFC_Vsh,5-15,1.1042904642757427,4,1.1061187971273359,WLS,151,0.0018283328515931174
3,UPFC_tsh,5-15,-0.22779171510535265,4,-0.22775076519667356,WLS,151,4.0949908679088765e-05
4,UPFC_Vse,5-15,0.059934129458823496,4,0.059584928542038354,WLS,151,0.00034920091678514176
5,UPFC_tse,5-15,-2.1488132618588724,4,-2.1375234122586417,WLS,151,0.011289849600230717
0,x_tcsc,1-14,-0.13740832171824,5,-0.13739222511450724,WLS,151,1.6096603732751458e-05
1,B_svc,2,0.289348010281681,5,0.2891647730129281,WLS,151,0.00018323726875291158
2,UPFC_Vsh,5-15,1.1039762259604722,5,1.1061187971273359,WLS,151,0.0021425711668636716
3,UPFC_tsh,5-15,-0.2277987062249644,5,-0.22775076519667356,WLS,151,4.7941028290837684e-05
4,UPFC_Vse,5-15,0.060269205303371536,5,0.059584928542038354,WLS,151,0.0006842767613331815
5,UPFC_tse,5-15,-2.1418097725417944,5,-2.1375234122586417,WLS,151,0.004286360283152657
0,x_tcsc,1-14,-0.1374019801950416,6,-0.13739222511450724,WLS,151,9.755080534357141e-06
1,B_svc,2,0.2890951079231891,6,0.2891647730129281,WLS,151,6.966508973899055e-05
2,UPFC_Vsh,5-15,1.1046103637685134,6,1.1061187971273359,WLS,151,0.0015084333588224474
3,UPFC_tsh,5-15,-0.22774627846691356,6,-0.22775076519667356,WLS,151,4.4867297600004186e-06
4,UPFC_Vse,5-15,0.059824119674400815,6,0.059584928542038354,WLS,151,0.00023919113236246098
5,UPFC_tse,5-15,-2.1492935167922833,6,-2.1375234122586417,WLS,151,0.011770104533641579
0,x_tcsc,1-14,-0.13738888666481117,7,-0.13739222511450724,WLS,151,3.33844969607755e-06
1,B_svc,2,0.2891719772460526,7,0.2891647730129281,WLS,151,7.204233124502579e-06
2,UPFC_Vsh,5-15,1.1042879562716712,7,1.1061187971273359,WLS,151,0.0018308408556646505
3,UPFC_tsh,5-15,-0.22779389999924476,7,-0.22775076519667356,WLS,151,4.313480257120417e-05
4,UPFC_Vse,5-15,0.059798727846661286,7,0.059584928542038354,WLS,151,0.00021379930462293167
5,UPFC_tse,5-15,-2.151659114415358,7,-2.1375234122586417,WLS,151,0.014135702156716334
0,x_tcsc,1-14,-0.13740353914332035,8,-0.13739222511450724,WLS,151,1.1314028813103061e-05
1,B_svc,2,0.2889399567160807,8,0.2891647730129281,WLS,151,0.00022481629684739657
2,UPFC_Vsh,5-15,1.1046950375567999,8,1.1061187971273359,WLS,151,0.0014237595705359762
3,UPFC_tsh,5-15,-0.2277273072661926,8,-0.22775076519667356,WLS,151,2.3457930480946798e-05
4,UPFC_Vse,5-15,0.059933449226973634,8,0.059584928542038354,WLS,151,0.0003485206849352801
5,UPFC_tse,5-15,-2.1521948211718946,8,-2.1375234122586417,WLS,151,0.014671408913252915
0,x_tcsc,1-14,-0.13739944568527246,9,-0.13739222511450724,WLS,151,7.220570765215095e-06
1,B_svc,2,0.28888654816097253,9,0.2891647730129281,WLS,151,0.00027822485195555524
2,UPFC_Vsh,5-15,1.1044477010601141,9,1.1061187971273359,WLS,151,0.0016710960672217112
3,UPFC_tsh,5-15,-0.22776914813584,9,-0.22775076519667356,WLS,151,1.8382939166450285e-05
4,UPFC_Vse,5-15,0.06005108914228609,9,0.059584928542038354,WLS,151,0.00046616060024773365
5,UPFC_tse,5-15,-2.1446873746638855,9,-2.1375234122586417,WLS,151,0.007163962405243751
0,x_tcsc,1-14,-0.1373845166402093,10,-0.13739222511450724,WLS,151,7.70847429795718e-06
1,B_svc,2,0.2894081856758805,10,0.2891647730129281,WLS,151,0.0002434126629524136
2,UPFC_Vsh,5-15,1.1045687250528227,10,1.1061187971273359,WLS,151,0.0015500720745131868
3,UPFC_tsh,5-15,-0.22784796471938368,10,-0.22775076519667356,WLS,151,9.719952271011745e-05
4,UPFC_Vse,5-15,0.06006094012510413,10,0.059584928542038354,WLS,151,0.0004760115830657746
5,UPFC_tse,5-15,-2.1499148116953473,10,-2.1375234122586417,WLS,151,0.01239139943670553
0,x_tcsc,1-14,-0.13738592403952674,11,-0.13739222511450724,WLS,151,6.301074980508137e-06
1,B_svc,2,0.2888936162239676,11,0.2891647730129281,WLS,151,0.00027115678896050266
2,UPFC_Vsh,5-15,1.1044805163563598,11,1.1061187971273359,WLS,151,0.0016382807709760527
3,UPFC_tsh,5-15,-0.22774725975573634,11,-0.22775076519667356,WLS,151,3.5054409372181627e-06
4,UPFC_Vse,5-15,0.059921755181669506,11,0.059584928542038354,WLS,151,0.000336826639631152
5,UPFC_tse,5-15,-2.1467929764404907,11,-2.1375234122586417,WLS,151,0.009269564181848988
0,x_tcsc,1-14,-0.13741484154658995,12,-0.13739222511450724,WLS,151,2.261643208270603e-05
1,B_svc,2,0.28978525717704207,12,0.2891647730129281,WLS,151,0.0006204841641139769
2,UPFC_Vsh,5-15,1.1041631320042071,12,1.1061187971273359,WLS,151,0.0019556651231287248
3,UPFC_tsh,5-15,-0.22772945889646634,12,-0.22775076519667356,WLS,151,2.130630020721891e-05
4,UPFC_Vse,5-15,0.059334526186593,12,0.059584928542038354,WLS,151,0.00025040235544535744
5,UPFC_tse,5-15,-2.147989091417507,12,-2.1375234122586417,WLS,151,0.010465679158865093
0,x_tcsc,1-14,-0.1374041099083539,13,-0.13739222511450724,WLS,151,1.188479384664487e-05
1,B_svc,2,0.2895261431931979,13,0.2891647730129281,WLS,151,0.0003613701802698266
2,UPFC_Vsh,5-15,1.1045572560747103,13,1.1061187971273359,WLS,151,0.0015615410526255147
3,UPFC_tsh,5-15,-0.22775378651588582,13,-0.22775076519667356,WLS,151,3.0213192122596766e-06
4,UPFC_Vse,5-15,0.059562266663332475,13,0.059584928542038354,WLS,151,2.26618787058791e-05
5,UPFC_tse,5-15,-2.1475198239605064,13,-2.1375234122586417,WLS,151,0.009996411701864716
0,x_tcsc,1-14,-0.1374020576012542,14,-0.13739222511450724,WLS,151,9.832486746963465e-06
1,B_svc,2,0.2890305592425727,14,0.2891647730129281,WLS,151,0.00013421377035538473
2,UPFC_Vsh,5-15,1.104157865961658,14,1.1061187971273359,WLS,151,0.0019609311656778594
3,UPFC_tsh,5-15,-0.22777384942321602,14,-0.22775076519667356,WLS,151,2.308422654245801e-05
4,UPFC_Vse,5-15,0.05998165257865521,14,0.059584928542038354,WLS,151,0.00039672403661685646
5,UPFC_tse,5-15,-2.142566098409727,14,-2.1375234122586417,WLS,151,0.005042686151085274
0,x_tcsc,1-14,-0.137394245408093,15,-0.13739222511450724,WLS,151,2.0202935857582816e-06
1,B_svc,2,0.2891335683483069,15,0.2891647730129281,WLS,151,3.120466462119831e-05
2,UPFC_Vsh,5-15,1.1044057725883734,15,1.1061187971273359,WLS,151,0.0017130245389624932
3,UPFC_tsh,5-15,-0.22776876513481503,15,-0.22775076519667356,WLS,151,1.799993814147194e-05
4,UPFC_Vse,5-15,0.05993066055841953,15,0.059584928542038354,WLS,151,0.00034573201638117557
5,UPFC_tse,5-15,-2.1438766734683217,15,-2.1375234122586417,WLS,151,0.006353261209679939
0,x_tcsc,1-14,-0.13740665854498274,16,-0.13739222511450724,WLS,151,1.4433430475496722e-05
1,B_svc,2,0.28942892806049175,16,0.2891647730129281,WLS,151,0.00026415504756366337
2,UPFC_Vsh,5-15,1.1044053765226949,16,1.1061187971273359,WLS,151,0.0017134206046409695
3,UPFC_tsh,5-15,-0.22785033879949626,16,-0.22775076519667356,WLS,151,9.957360282270011e-05
4,UPFC_Vse,5-15,0.05968162237544368,16,0.059584928542038354,WLS,151,9.669383340532578e-05
5,UPFC_tse,5-15,-2.148209704485831,16,-2.1375234122586417,WLS,151,0.010686292227189309
0,x_tcsc,1-14,-0.1373966931517273,17,-0.13739222511450724,WLS,151,4.468037220067833e-06
1,B_svc,2,0.28944899458734785,17,0.2891647730129281,WLS,151,0.0002842215744197629
2,UPFC_Vsh,5-15,1.1043548746235348,17,1.1061187971273359,WLS,151,0.0017639225038010853
3,UPFC_tsh,5-15,-0.22774001992564583,17,-0.22775076519667356,WLS,151,1.0745271027734482e-05
4,UPFC_Vse,5-15,0.059783352224405326,17,0.059584928542038354,WLS,151,0.0001984236823669716
5,UPFC_tse,5-15,-2.146787856707107,17,-2.1375234122586417,WLS,151,0.009264444448465081
0,x_tcsc,1-14,-0.13740059383912284,18,-0.13739222511450724,WLS,151,8.368724615598344e-06
1,B_svc,2,0.28945623310837065,18,0.2891647730129281,WLS,151,0.0002914600954425639
2,UPFC_Vsh,5-15,1.1040574397654703,18,1.1061187971273359,WLS,151,0.0020613573618655234
3,UPFC_tsh,5-15,-0.227789030956269,18,-0.22775076519667356,WLS,151,3.826575959545164e-05
4,UPFC_Vse,5-15,0.060352695498754556,18,0.059584928542038354,WLS,151,0.0007677669567162024
5,UPFC_tse,5-15,-2.1446376227625588,18,-2.1375234122586417,WLS,151,0.007114210503917029
0,x_tcsc,1-14,-0.13739127087803957,19,-0.13739222511450724,WLS,151,9.542364676762283e-07
1,B_svc,2,0.2893048272832682,19,0.2891647730129281,WLS,151,0.00014005427034008422
2,UPFC_Vsh,5-15,1.1040380867453512,19,1.1061187971273359,WLS,151,0.0020807103819846517
3,UPFC_tsh,5-15,-0.22777628864612484,19,-0.22775076519667356,WLS,151,2.5523449451281266e-05
4,UPFC_Vse,5-15,0.06002953130575531,19,0.059584928542038354,WLS,151,0.00044460276371695306
5,UPFC_tse,5-15,-2.148038940151459,19,-2.1375234122586417,WLS,151,0.010515527892817289
0,x_tcsc,1-14,-0.13739766625268704,20,-0.13739222511450724,WLS,151,5.441138179795857e-06
1,B_svc,2,0.28942970877409774,20,0.2891647730129281,WLS,151,0.000264935761169649
2,UPFC_Vsh,5-15,1.1042815611498737,20,1.1061187971273359,WLS,151,0.0018372359774621039
3,UPFC_tsh,5-15,-0.22781503771495104,20,-0.22775076519667356,WLS,151,6.42725182774806e-05
4,UPFC_Vse,5-15,0.06010168785535415,20,0.059584928542038354,WLS,151,0.0005167593133157955
5,UPFC_tse,5-15,-2.14556868330076,20,-2.1375234122586417,WLS,151,0.008045271042118163
0,x_tcsc,1-14,-0.13740709913531945,21,-0.13739222511450724,WLS,151,1.487402081221112e-05
1,B_svc,2,0.2891041521467264,21,0.2891647730129281,WLS,151,6.062086620167717e-05
2,UPFC_Vsh,5-15,1.104535548316523,21,1.1061187971273359,WLS,151,0.0015832488108129539
3,UPFC_tsh,5-15,-0.2277699943188806,21,-0.22775076519667356,WLS,151,1.9229122207031768e-05
4,UPFC_Vse,5-15,0.060154478878371075,21,0.059584928542038354,WLS,151,0.0005695503363327206
5,UPFC_tse,5-15,-2.147326667198654,21,-2.1375234122586417,WLS,151,0.00980325494001244
0,x_tcsc,1-14,-0.13738144208604305,22,-0.13739222511450724,WLS,151,1.0783028464189659e-05
1,B_svc,2,0.2893565455604565,22,0.2891647730129281,WLS,151,0.00019177254752839046
2,UPFC_Vsh,5-15,1.1042685984594938,22,1.1061187971273359,WLS,151,0.0018501986678420845
3,UPFC_tsh,5-15,-0.22782028075134572,22,-0.22775076519667356,WLS,151,6.951555467216153e-05
4,UPFC_Vse,5-15,0.05971083975290269,22,0.059584928542038354,WLS,151,0.00012591121086433926
5,UPFC_tse,5-15,-2.1477231964090984,22,-2.1375234122586417,WLS,151,0.010199784150456637
0,x_tcsc,1-14,-0.13742049980983045,23,-0.13739222511450724,WLS,151,2.8274695323210475e-05
1,B_svc,2,0.28938883409327004,23,0.2891647730129281,WLS,151,0.00022406108034195293
2,UPFC_Vsh,5-15,1.104349780716877,23,1.1061187971273359,WLS,151,0.0017690164104589012
3,UPFC_tsh,5-15,-0.2278493130854479,23,-0.22775076519667356,WLS,151,9.854788877433629e-05
4,UPFC_Vse,5-15,0.05995038922246375,23,0.059584928542038354,WLS,151,0.0003654606804253946
5,UPFC_tse,5-15,-2.1446716139439403,23,-2.1375234122586417,WLS,151,0.007148201685298616
0,x_tcsc,1-14,-0.13739728941321774,24,-0.13739222511450724,WLS,151,5.064298710499848e-06
1,B_svc,2,0.28958704486680215,24,0.2891647730129281,WLS,151,0.00042227185387405664
2,UPFC_Vsh,5-15,1.1039703440129398,24,1.1061187971273359,WLS,151,0.002148453114396043
3,UPFC_tsh,5-15,-0.2277826311287658,24,-0.22775076519667356,WLS,151,3.1865932092228766e-05
4,UPFC_Vse,5-15,0.06007946883089096,24,0.059584928542038354,WLS,151,0.0004945402888526032
5,UPFC_tse,5-15,-2.14400151778268,24,-2.1375234122586417,WLS,151,0.00647810552403838
0,x_tcsc,1-14,-0.13740992701045707,25,-0.13739222511450724,WLS,151,1.7701895949823188e-05
1,B_svc,2,0.2884521078549301,25,0.2891647730129281,WLS,151,0.0007126651579980048
2,UPFC_Vsh,5-15,1.1045869151805983,25,1.1061187971273359,WLS,151,0.00153188194673759
3,UPFC_tsh,5-15,-0.22774834971470972,25,-0.22775076519667356,WLS,151,2.415481963835564e-06
4,UPFC_Vse,5-15,0.059742362761260305,25,0.059584928542038354,WLS,151,0.00015743421922195106
5,UPFC_tse,5-15,-2.148345703264544,25,-2.1375234122586417,WLS,151,0.010822291005902152
0,x_tcsc,1-14,-0.13739730092948466,26,-0.13739222511450724,WLS,151,5.075814977412163e-06
1,B_svc,2,0.2892647679502692,26,0.2891647730129281,WLS,151,9.999493734108578e-05
2,UPFC_Vsh,5-15,1.1042711596002959,26,1.1061187971273359,WLS,151,0.0018476375270399803
3,UPFC_tsh,5-15,-0.22773955192865022,26,-0.22775076519667356,WLS,151,1.1213268023335665e-05
4,UPFC_Vse,5-15,0.06005385570652169,26,0.059584928542038354,WLS,151,0.0004689271644833376
5,UPFC_tse,5-15,-2.1494512096705023,26,-2.1375234122586417,WLS,151,0.011927797411860563
0,x_tcsc,1-14,-0.137409718365782,27,-0.13739222511450724,WLS,151,1.7493251274758315e-05
1,B_svc,2,0.2893020669709778,27,0.2891647730129281,WLS,151,0.00013729395804973343
2,UPFC_Vsh,5-15,1.1043765687601401,27,1.1061187971273359,WLS,151,0.0017422283671957306
3,UPFC_tsh,5-15,-0.22778639187196356,27,-0.22775076519667356,WLS,151,3.562667529000141e-05
4,UPFC_Vse,5-15,0.05968981019023696,27,0.059584928542038354,WLS,151,0.00010488164819860701
5,UPFC_tse,5-15,-2.146989774959904,27,-2.1375234122586417,WLS,151,0.00946636270126211
0,x_tcsc,1-14,-0.13740660322210024,28,-0.13739222511450724,WLS,151,1.43781075929994e-05
1,B_svc,2,0.28919593622683837,28,0.2891647730129281,WLS,151,3.11632139102791e-05
2,UPFC_Vsh,5-15,1.1040411324366222,28,1.1061187971273359,WLS,151,0.0020776646907136875
3,UPFC_tsh,5-15,-0.2278805849487589,28,-0.22775076519667356,WLS,151,0.0001298197520853417
4,UPFC_Vse,5-15,0.06033650635329677,28,0.059584928542038354,WLS,151,0.0007515778112584179
5,UPFC_tse,5-15,-2.1451823289601504,28,-2.1375234122586417,WLS,151,0.0076589167015086446
0,x_tcsc,1-14,-0.13739710169659808,29,-0.13739222511450724,WLS,151,4.876582090834747e-06
1,B_svc,2,0.2894122578687283,29,0.2891647730129281,WLS,151,0.0002474848558002285
2,UPFC_Vsh,5-15,1.104027360478123,29,1.1061187971273359,WLS,151,0.002091436649212852
3,UPFC_tsh,5-15,-0.22778178847905764,29,-0.22775076519667356,WLS,151,3.1023282384079476e-05
4,UPFC_Vse,5-15,0.06009163072706777,29,0.059584928542038354,WLS,151,0.0005067021850294132
5,UPFC_tse,5-15,-2.1465479023002776,29,-2.1375234122586417,WLS,151,0.009024490041635858
0,x_tcsc,1-14,-0.13740060352462038,30,-0.13739222511450724,WLS,151,8.378410113141221e-06
1,B_svc,2,0.28926349949124314,30,0.2891647730129281,WLS,151,9.872647831504766e-05
2,UPFC_Vsh,5-15,1.104611941972938,30,1.1061187971273359,WLS,151,0.001506855154397746
3,UPFC_tsh,5-15,-0.22776048431736554,30,-0.22775076519667356,WLS,151,9.719120691975558e-06
4,UPFC_Vse,5-15,0.05984318718022048,30,0.059584928542038354,WLS,151,0.00025825863818212946
5,UPFC_tse,5-15,-2.1464478103059768,30,-2.1375234122586417,WLS,151,0.008924398047335025
0,x_tcsc,1-14,-0.13740194677526352,31,-0.13739222511450724,WLS,151,9.721660756273343e-06
1,B_svc,2,0.28887796350254463,31,0.2891647730129281,WLS,151,0.0002868095103834567
2,UPFC_Vsh,5-15,1.1042033331043422,31,1.1061187971273359,WLS,151,0.001915464022993696
3,UPFC_tsh,5-15,-0.22774753359322375,31,-0.22775076519667356,WLS,151,3.2316034498103274e-06
4,UPFC_Vse,5-15,0.060047024909517674,31,0.059584928542038354,WLS,151,0.0004620963674793199
5,UPFC_tse,5-15,-2.147308639692134,31,-2.1375234122586417,WLS,151,0.009785227433492416
0,x_tcsc,1-14,-0.13741579782331595,32,-0.13739222511450724,WLS,151,2.3572708808705656e-05
1,B_svc,2,0.28917014874652125,32,0.2891647730129281,WLS,151,5.375733593160348e-06
2,UPFC_Vsh,5-15,1.1044548243509542,32,1.1061187971273359,WLS,151,0.0016639727763816392
3,UPFC_tsh,5-15,-0.2277761974134042,32,-0.22775076519667356,WLS,151,2.54322167306531e-05
4,UPFC_Vse,5-15,0.06008712413418603,32,0.059584928542038354,WLS,151,0.0005021955921476751
5,UPFC_tse,5-15,-2.1459135465461467,32,-2.1375234122586417,WLS,151,0.008390134287505013
0,x_tcsc,1-14,-0.13738802527723062,33,-0.13739222511450724,WLS,151,4.199837276619434e-06
1,B_svc,2,0.28896751535079296,33,0.2891647730129281,WLS,151,0.00019725766213513074
2,UPFC_Vsh,5-15,1.1045480805466543,33,1.1061187971273359,WLS,151,0.0015707165806815304
3,UPFC_tsh,5-15,-0.22781465629410536,33,-0.22775076519667356,WLS,151,6.389109743179522e-05
4,UPFC_Vse,5-15,0.05976750296565568,33,0.059584928542038354,WLS,151,0.00018257442361732656
5,UPFC_tse,5-15,-2.147692450453528,33,-2.1375234122586417,WLS,151,0.010169038194886237
0,x_tcsc,1-14,-0.13740133050942507,34,-0.13739222511450724,WLS,151,9.105394917829912e-06
1,B_svc,2,0.28973152853156153,34,0.2891647730129281,WLS,151,0.0005667555186334439
2,UPFC_Vsh,5-15,1.103940825255918,34,1.1061187971273359,WLS,151,0.002177971871417883
3,UPFC_tsh,5-15,-0.22780591735431888,34,-0.22775076519667356,WLS,151,5.5152157645316224e-05
4,UPFC_Vse,5-15,0.05985597473511446,34,0.059584928542038354,WLS,151,0.00027104619307610767
5,UPFC_tse,5-15,-2.149406566262737,34,-2.1375234122586417,WLS,151,0.011883154004095342
0,x_tcsc,1-14,-0.13738119368073617,35,-0.13739222511450724,WLS,151,1.1031433771069299e-05
1,B_svc,2,0.2890691031568356,35,0.2891647730129281,WLS,151,9.566985609249512e-05
2,UPFC_Vsh,5-15,1.1042008401317236,35,1.1061187971273359,WLS,151,0.0019179569956122577
3,UPFC_tsh,5-15,-0.22776824141799198,35,-0.22775076519667356,WLS,151,1.74762213184243e-05
4,UPFC_Vse,5-15,0.05992339499748506,35,0.059584928542038354,WLS,151,0.00033846645544670373
5,UPFC_tse,5-15,-2.1485235312210524,35,-2.1375234122586417,WLS,151,0.01100011896241071
0,x_tcsc,1-14,-0.13740642569260464,36,-0.13739222511450724,WLS,151,1.4200578097395278e-05
1,B_svc,2,0.28900519052016593,36,0.2891647730129281,WLS,151,0.00015958249276215586
2,UPFC_Vsh,5-15,1.104412158990955,36,1.1061187971273359,WLS,151,0.0017066381363808336
3,UPFC_tsh,5-15,-0.22769529388388832,36,-0.22775076519667356,WLS,151,5.547131278524353e-05
4,UPFC_Vse,5-15,0.0593843202953832,36,0.059584928542038354,WLS,151,0.0002006082466551526
5,UPFC_tse,5-15,-2.14752978505501,36,-2.1375234122586417,WLS,151,0.01000637279636818
0,x_tcsc,1-14,-0.13739614885044996,37,-0.13739222511450724,WLS,151,3.923735942712447e-06
1,B_svc,2,0.2888954121263939,37,0.2891647730129281,WLS,151,0.00026936088653417567
2,UPFC_Vsh,5-15,1.1046271337234654,37,1.1061187971273359,WLS,151,0.0014916634038704135
3,UPFC_tsh,5-15,-0.22776178657869975,37,-0.22775076519667356,WLS,151,1.1021382026188409e-05
4,UPFC_Vse,5-15,0.059885994535967706,37,0.059584928542038354,WLS,151,0.0003010659939293517
5,UPFC_tse,5-15,-2.1488768354231294,37,-2.1375234122586417,WLS,151,0.01135342316448762
0,x_tcsc,1-14,-0.13740652974790699,38,-0.13739222511450724,WLS,151,1.4304633399742084e-05
1,B_svc,2,0.2891408557530891,38,0.2891647730129281,WLS,151,2.3917259838968086e-05
2,UPFC_Vsh,5-15,1.1042125651467682,38,1.1061187971273359,WLS,151,0.0019062319805676076
3,UPFC_tsh,5-15,-0.22782436073563342,38,-0.22775076519667356,WLS,151,7.35955389598586e-05
4,UPFC_Vse,5-15,0.060154797105176155,38,0.059584928542038354,WLS,151,0.0005698685631378014
5,UPFC_tse,5-15,-2.1468138820161977,38,-2.1375234122586417,WLS,151,0.009290469757555986
0,x_tcsc,1-14,-0.1374056758346367,39,-0.13739222511450724,WLS,151,1.3450720129454252e-05
1,B_svc,2,0.28879550241994373,39,0.2891647730129281,WLS,151,0.00036927059298436093
2,UPFC_Vsh,5-15,1.1041694900100292,39,1.1061187971273359,WLS,151,0.0019493071173066756
3,UPFC_tsh,5-15,-0.22781420202138525,39,-0.22775076519667356,WLS,151,6.343682471168788e-05
4,UPFC_Vse,5-15,0.059972653036366105,39,0.059584928542038354,WLS,151,0.00038772449432775136
5,UPFC_tse,5-15,-2.1488580084390994,39,-2.1375234122586417,WLS,151,0.011334596180457623
0,x_tcsc,1-14,-0.13739360062754044,40,-0.13739222511450724,WLS,151,1.3755130331971621e-06
1,B_svc,2,0.2890038160724956,40,0.2891647730129281,WLS,151,0.00016095694043249953
2,UPFC_Vsh,5-15,1.1042327623072068,40,1.1061187971273359,WLS,151,0.0018860348201290567
3,UPFC_tsh,5-15,-0.22784202800874234,40,-0.22775076519667356,WLS,151,9.126281206878195e-05
4,UPFC_Vse,5-15,0.0602464932658277,40,0.059584928542038354,WLS,151,0.0006615647237893443
5,UPFC_tse,5-15,-2.1442840892694575,40,-2.1375234122586417,WLS,151,0.00676067701081573
0,x_tcsc,1-14,-0.13741669057733538,41,-0.13739222511450724,WLS,151,2.4465462828138218e-05
1,B_svc,2,0.2893382959106613,41,0.2891647730129281,WLS,151,0.00017352289773320262
2,UPFC_Vsh,5-15,1.1041302341923254,41,1.1061187971273359,WLS,151,0.001988562935010485
3,UPFC_tsh,5-15,-0.2278428251011414,41,-0.22775076519667356,WLS,151,9.20599044678394e-05
4,UPFC_Vse,5-15,0.05994558202636533,41,0.059584928542038354,WLS,151,0.0003606534843269768
5,UPFC_tse,5-15,-2.1484176742680323,41,-2.1375234122586417,WLS,151,0.010894262009390587
0,x_tcsc,1-14,-0.1374123192217881,42,-0.13739222511450724,WLS,151,2.009410728084915e-05
1,B_svc,2,0.2893656525976208,42,0.2891647730129281,WLS,151,0.00020087958469272582
2,UPFC_Vsh,5-15,1.104109905128642,42,1.1061187971273359,WLS,151,0.002008891998693807
3,UPFC_tsh,5-15,-0.2278496135405163,42,-0.22775076519667356,WLS,151,9.884834384274455e-05
4,UPFC_Vse,5-15,0.06015064505135768,42,0.059584928542038354,WLS,151,0.0005657165093193237
5,UPFC_tse,5-15,-2.1470830283471716,42,-2.1375234122586417,WLS,151,0.009559616088529843
0,x_tcsc,1-14,-0.13740669375347297,43,-0.13739222511450724,WLS,151,1.446863896573114e-05
1,B_svc,2,0.28968953005063297,43,0.2891647730129281,WLS,151,0.0005247570377048816
2,UPFC_Vsh,5-15,1.1044842079140427,43,1.1061187971273359,WLS,151,0.0016345892132931805
3,UPFC_tsh,5-15,-0.22779440097106565,43,-0.22775076519667356,WLS,151,4.363577439209232e-05
4,UPFC_Vse,5-15,0.059428445762600556,43,0.059584928542038354,WLS,151,0.00015648277943779848
5,UPFC_tse,5-15,-2.147722515580516,43,-2.1375234122586417,WLS,151,0.010199103321874237
0,x_tcsc,1-14,-0.13741972435082783,44,-0.13739222511450724,WLS,151,2.749923632058837e-05
1,B_svc,2,0.28927317392280494,44,0.2891647730129281,WLS,151,0.00010840090987684903
2,UPFC_Vsh,5-15,1.1042540878086382,44,1.1061187971273359,WLS,151,0.0018647093186976438
3,UPFC_tsh,5-15,-0.22779297324905431,44,-0.22775076519667356,WLS,151,4.2208052380754424e-05
4,UPFC_Vse,5-15,0.06008356282790081,44,0.059584928542038354,WLS,151,0.0004986342858624565
5,UPFC_tse,5-15,-2.144619632876619,44,-2.1375234122586417,WLS,151,0.007096220617977433
0,x_tcsc,1-14,-0.13741139915695907,45,-0.13739222511450724,WLS,151,1.917404245183052e-05
1,B_svc,2,0.28897503707033695,45,0.2891647730129281,WLS,151,0.00018973594259114046
2,UPFC_Vsh,5-15,1.1041897497698516,45,1.1061187971273359,WLS,151,0.001929047357484226
3,UPFC_tsh,5-15,-0.22777363389639935,45,-0.22775076519667356,WLS,151,2.2868699725786534e-05
4,UPFC_Vse,5-15,0.05974578996511011,45,0.059584928542038354,WLS,151,0.00016086142307175644
5,UPFC_tse,5-15,-2.149902572151575,45,-2.1375234122586417,WLS,151,0.012379159892933256
0,x_tcsc,1-14,-0.13738917007837223,46,-0.13739222511450724,WLS,151,3.055036135013456e-06
1,B_svc,2,0.2892133630988456,46,0.2891647730129281,WLS,151,4.859008591751035e-05
2,UPFC_Vsh,5-15,1.1042959405712705,46,1.1061187971273359,WLS,151,0.0018228565560653998
3,UPFC_tsh,5-15,-0.2278228759890696,46,-0.22775076519667356,WLS,151,7.211079239605178e-05
4,UPFC_Vse,5-15,0.06021259262991521,46,0.059584928542038354,WLS,151,0.0006276640878768586
5,UPFC_tse,5-15,-2.1434604222548317,46,-2.1375234122586417,WLS,151,0.005937009996189957
0,x_tcsc,1-14,-0.13740236666829525,47,-0.13739222511450724,WLS,151,1.014155378800674e-05
1,B_svc,2,0.2893327419771081,47,0.2891647730129281,WLS,151,0.00016796896418003193
2,UPFC_Vsh,5-15,1.1044498864822665,47,1.1061187971273359,WLS,151,0.0016689106450693547
3,UPFC_tsh,5-15,-0.22775853820295952,47,-0.22775076519667356,WLS,151,7.773006285960449e-06
4,UPFC_Vse,5-15,0.059420265899200166,47,0.059584928542038354,WLS,151,0.00016466264283818838
5,UPFC_tse,5-15,-2.148608798947505,47,-2.1375234122586417,WLS,151,0.011085386688863164
0,x_tcsc,1-14,-0.13738815202487484,48,-0.13739222511450724,WLS,151,4.073089632405935e-06
1,B_svc,2,0.2893144781006927,48,0.2891647730129281,WLS,151,0.00014970508776462887
2,UPFC_Vsh,5-15,1.1045310830425652,48,1.1061187971273359,WLS,151,0.0015877140847706528
3,UPFC_tsh,5-15,-0.227791499193543,48,-0.22775076519667356,WLS,151,4.073399686943535e-05
4,UPFC_Vse,5-15,0.06018410306104157,48,0.059584928542038354,WLS,151,0.0005991745190032163
5,UPFC_tse,5-15,-2.1483810935798724,48,-2.1375234122586417,WLS,151,0.010857681321230661
0,x_tcsc,1-14,-0.1373991268783975,49,-0.13739222511450724,WLS,151,6.901763890260204e-06
1,B_svc,2,0.28872136992768627,49,0.2891647730129281,WLS,151,0.0004434030852418225
2,UPFC_Vsh,5-15,1.1044452018101811,49,1.1061187971273359,WLS,151,0.001673595317154719
3,UPFC_tsh,5-15,-0.227711089360889,49,-0.22775076519667356,WLS,151,3.967583578456946e-05
4,UPFC_Vse,5-15,0.059959869516157664,49,0.059584928542038354,WLS,151,0.0003749409741193102
5,UPFC_tse,5-15,-2.145971437559909,49,-2.1375234122586417,WLS,151,0.008448025301267315
0,x_tcsc,1-14,-0.13739502157344075,50,-0.13739222511450724,WLS,151,2.7964589335016665e-06
1,B_svc,2,0.28921981180705514,50,0.2891647730129281,WLS,151,5.503879412704915e-05
2,UPFC_Vsh,5-15,1.1045057163188092,50,1.1061187971273359,WLS,151,0.0016130808085266235
3,UPFC_tsh,5-15,-0.22782750978047656,50,-0.22775076519667356,WLS,151,7.674458380299565e-05
4,UPFC_Vse,5-15,0.06006178142795662,50,0.059584928542038354,WLS,151,0.00047685288591826913
5,UPFC_tse,5-15,-2.1475954085946745,50,-2.1375234122586417,WLS,151,0.01007199633603273
0,x_tcsc,1-14,-0.13739971485537547,51,-0.13739222511450724,WLS,151,7.48974086822729e-06
1,B_svc,2,0.2891112015959021,51,0.2891647730129281,WLS,151,5.3571417025999324e-05
2,UPFC_Vsh,5-15,1.1044844066283732,51,1.1061187971273359,WLS,151,0.0016343904989626346
3,UPFC_tsh,5-15,-0.2277049045072976,51,-0.22775076519667356,WLS,151,4.586068937595389e-05
4,UPFC_Vse,5-15,0.059935884086575075,51,0.059584928542038354,WLS,151,0.0003509555445367213
5,UPFC_tse,5-15,-2.1455538435479173,51,-2.1375234122586417,WLS,151,0.008030431289275608
0,x_tcsc,1-14,-0.13739483394659036,52,-0.13739222511450724,WLS,151,2.6088320831119116e-06
1,B_svc,2,0.28951205355913223,52,0.2891647730129281,WLS,151,0.00034728054620414284
2,UPFC_Vsh,5-15,1.1046904698148912,52,1.1061187971273359,WLS,151,0.0014283273124446882
3,UPFC_tsh,5-15,-0.2278277521364627,52,-0.22775076519667356,WLS,151,7.698693978913651e-05
4,UPFC_Vse,5-15,0.059916678897572635,52,0.059584928542038354,WLS,151,0.0003317503555342813
5,UPFC_tse,5-15,-2.1491307193958824,52,-2.1375234122586417,WLS,151,0.011607307137240674
0,x_tcsc,1-14,-0.13738959190391623,53,-0.13739222511450724,WLS,151,2.633210591018731e-06
1,B_svc,2,0.28924159370178093,53,0.2891647730129281,WLS,151,7.68206888528411e-05
2,UPFC_Vsh,5-15,1.1041643201600393,53,1.1061187971273359,WLS,151,0.001954476967296559
3,UPFC_tsh,5-15,-0.2278698788855116,53,-0.22775076519667356,WLS,151,0.00011911368883804618
4,UPFC_Vse,5-15,0.05989899865803574,53,0.059584928542038354,WLS,151,0.00031407011599738494
5,UPFC_tse,5-15,-2.1494617844220305,53,-2.1375234122586417,WLS,151,0.011938372163388777
0,x_tcsc,1-14,-0.13740359545929626,54,-0.13739222511450724,WLS,151,1.1370344789013442e-05
1,B_svc,2,0.28919216272206044,54,0.2891647730129281,WLS,151,2.7389709132352724e-05
2,UPFC_Vsh,5-15,1.1046561622281708,54,1.1061187971273359,WLS,151,0.001462634899165094
3,UPFC_tsh,5-15,-0.2277618436597837,54,-0.22775076519667356,WLS,151,1.1078463110131276e-05
4,UPFC_Vse,5-15,0.0600814261803527,54,0.059584928542038354,WLS,151,0.0004964976383143443
5,UPFC_tse,5-15,-2.146221568883424,54,-2.1375234122586417,WLS,151,0.00869815662478235
0,x_tcsc,1-14,-0.13739117637472842,55,-0.13739222511450724,WLS,151,1.0487397788250252e-06
1,B_svc,2,0.2891735452364603,55,0.2891647730129281,WLS,151,8.772223532238499e-06
2,UPFC_Vsh,5-15,1.1044037700503524,55,1.1061187971273359,WLS,151,0.0017150270769834552
3,UPFC_tsh,5-15,-0.2277695355229235,55,-0.22775076519667356,WLS,151,1.8770326249945013e-05
4,UPFC_Vse,5-15,0.05983275998275845,55,0.059584928542038354,WLS,151,0.0002478314407200963
5,UPFC_tse,5-15,-2.147740178679724,55,-2.1375234122586417,WLS,151,0.01021676642108238
0,x_tcsc,1-14,-0.13739475123033304,56,-0.13739222511450724,WLS,151,2.5261158257960936e-06
1,B_svc,2,0.28903001619036184,56,0.2891647730129281,WLS,151,0.000134756822566251
2,UPFC_Vsh,5-15,1.1043833857559027,56,1.1061187971273359,WLS,151,0.001735411371433182
3,UPFC_tsh,5-15,-0.22780599313869704,56,-0.22775076519667356,WLS,151,5.522794202347803e-05
4,UPFC_Vse,5-15,0.059837067561257236,56,0.059584928542038354,WLS,151,0.0002521390192188819
5,UPFC_tse,5-15,-2.1451517735969126,56,-2.1375234122586417,WLS,151,0.007628361338270828
0,x_tcsc,1-14,-0.13740566955270442,57,-0.13739222511450724,WLS,151,1.3444438197174335e-05
1,B_svc,2,0.28930789787316796,57,0.2891647730129281,WLS,151,0.0001431248602398738
2,UPFC_Vsh,5-15,1.1042872167119553,57,1.1061187971273359,WLS,151,0.0018315804153805626
3,UPFC_tsh,5-15,-0.22775382478975584,57,-0.22775076519667356,WLS,151,3.059593082277434e-06
4,UPFC_Vse,5-15,0.06000583602303373,57,0.059584928542038354,WLS,151,0.0004209074809953736
5,UPFC_tse,5-15,-2.145188026859556,57,-2.1375234122586417,WLS,151,0.007664614600914277
0,x_tcsc,1-14,-0.13739651451179527,58,-0.13739222511450724,WLS,151,4.289397288026464e-06
1,B_svc,2,0.2888703244511224,58,0.2891647730129281,WLS,151,0.00029444856180571577
2,UPFC_Vsh,5-15,1.1046962562113092,58,1.1061187971273359,WLS,151,0.001422540916026671
3,UPFC_tsh,5-15,-0.2277726255602822,58,-0.22775076519667356,WLS,151,2.1860363608627864e-05
4,UPFC_Vse,5-15,0.05944543959025488,58,0.059584928542038354,WLS,151,0.0001394889517834716
5,UPFC_tse,5-15,-2.1484447745932354,58,-2.1375234122586417,WLS,151,0.01092136233459362
0,x_tcsc,1-14,-0.13739612506840973,59,-0.13739222511450724,WLS,151,3.8999539024864305e-06
1,B_svc,2,0.2891385436015086,59,0.2891647730129281,WLS,151,2.6229411419498305e-05
2,UPFC_Vsh,5-15,1.1049940388566737,59,1.1061187971273359,WLS,151,0.0011247582706621628
3,UPFC_tsh,5-15,-0.2277078165183988,59,-0.22775076519667356,WLS,151,4.294867827475679e-05
4,UPFC_Vse,5-15,0.05998968737323783,59,0.059584928542038354,WLS,151,0.0004047588311994754
5,UPFC_tse,5-15,-2.1504848645687167,59,-2.1375234122586417,WLS,151,0.01296145231007495
0,x_tcsc,1-14,-0.13740348617169434,60,-0.13739222511450724,WLS,151,1.1261057187100798e-05
1,B_svc,2,0.28908727761956415,60,0.2891647730129281,WLS,151,7.749539336393552e-05
2,UPFC_Vsh,5-15,1.104588892203396,60,1.1061187971273359,WLS,151,0.0015299049239398954
3,UPFC_tsh,5-15,-0.2278055471649699,60,-0.22775076519667356,WLS,151,5.478196829633575e-05
4,UPFC_Vse,5-15,0.05992742081376463,60,0.059584928542038354,WLS,151,0.0003424922717262732
5,UPFC_tse,5-15,-2.1470779078389577,60,-2.1375234122586417,WLS,151,0.009554495580315958
0,x_tcsc,1-14,-0.13738464835670058,61,-0.13739222511450724,WLS,151,7.576757806659895e-06
1,B_svc,2,0.28926187651142393,61,0.2891647730129281,WLS,151,9.710349849584299e-05
2,UPFC_Vsh,5-15,1.1044982938480807,61,1.1061187971273359,WLS,151,0.0016205032792551144
3,UPFC_tsh,5-15,-0.22776553339954048,61,-0.22775076519667356,WLS,151,1.4768202866916047e-05
4,UPFC_Vse,5-15,0.05965326660055885,61,0.059584928542038354,WLS,151,6.833805852049513e-05
5,UPFC_tse,5-15,-2.148891869293264,61,-2.1375234122586417,WLS,151,0.011368457034622192
0,x_tcsc,1-14,-0.13739904388245705,62,-0.13739222511450724,WLS,151,6.818767949806626e-06
1,B_svc,2,0.2891850506075637,62,0.2891647730129281,WLS,151,2.0277594635631502e-05
2,UPFC_Vsh,5-15,1.104583354379189,62,1.1061187971273359,WLS,151,0.0015354427481468758
3,UPFC_tsh,5-15,-0.227718168446544,62,-0.22775076519667356,WLS,151,3.259675012956542e-05
4,UPFC_Vse,5-15,0.059639788337831505,62,0.059584928542038354,WLS,151,5.485979579315098e-05
5,UPFC_tse,5-15,-2.147421428514005,62,-2.1375234122586417,WLS,151,0.009898016255363462
0,x_tcsc,1-14,-0.13739603241479864,63,-0.13739222511450724,WLS,151,3.8073002913974197e-06
1,B_svc,2,0.2891668790356733,63,0.2891647730129281,WLS,151,2.1060227451963343e-06
2,UPFC_Vsh,5-15,1.1046144802664024,63,1.1061187971273359,WLS,151,0.0015043168609334412
3,UPFC_tsh,5-15,-0.2277638750594624,63,-0.22775076519667356,WLS,151,1.3109862788851512e-05
4,UPFC_Vse,5-15,0.05994278277218386,63,0.059584928542038354,WLS,151,0.00035785423014550455
5,UPFC_tse,5-15,-2.1447662596536268,63,-2.1375234122586417,WLS,151,0.007242847394985041
0,x_tcsc,1-14,-0.13739266773114456,64,-0.13739222511450724,WLS,151,4.4261663731393064e-07
1,B_svc,2,0.2891997505091857,64,0.2891647730129281,WLS,151,3.4977496257637686e-05
2,UPFC_Vsh,5-15,1.1041685036130489,64,1.1061187971273359,WLS,151,0.0019502935142869937
3,UPFC_tsh,5-15,-0.227786847901157,64,-0.22775076519667356,WLS,151,3.6082704483436645e-05
4,UPFC_Vse,5-15,0.05998052086339674,64,0.059584928542038354,WLS,151,0.0003955923213583845
5,UPFC_tse,5-15,-2.1448173120437874,64,-2.1375234122586417,WLS,151,0.007293899785145719
0,x_tcsc,1-14,-0.1374178775586522,65,-0.13739222511450724,WLS,151,2.565244414495793e-05
1,B_svc,2,0.28929219825872393,65,0.2891647730129281,WLS,151,0.00012742524579584247
2,UPFC_Vsh,5-15,1.1045662823372804,65,1.1061187971273359,WLS,151,0.0015525147900554703
3,UPFC_tsh,5-15,-0.22783083062820644,65,-0.22775076519667356,WLS,151,8.006543153288304e-05
4,UPFC_Vse,5-15,0.05978524903667422,65,0.059584928542038354,WLS,151,0.00020032049463586388
5,UPFC_tse,5-15,-2.1477681399160504,65,-2.1375234122586417,WLS,151,0.010244727657408692
0,x_tcsc,1-14,-0.13740967861284104,66,-0.13739222511450724,WLS,151,1.7453498333791506e-05
1,B_svc,2,0.28977604152098574,66,0.2891647730129281,WLS,151,0.0006112685080576497
2,UPFC_Vsh,5-15,1.104154110326902,66,1.1061187971273359,WLS,151,0.0019646868004339346
3,UPFC_tsh,5-15,-0.2277541070422037,66,-0.22775076519667356,WLS,151,3.341845530135945e-06
4,UPFC_Vse,5-15,0.05934565619203405,66,0.059584928542038354,WLS,151,0.00023927235000430203
5,UPFC_tse,5-15,-2.144568377274054,66,-2.1375234122586417,WLS,151,0.007044965015412075
0,x_tcsc,1-14,-0.13739489301441926,67,-0.13739222511450724,WLS,151,2.6678999120177682e-06
1,B_svc,2,0.28992130395530935,67,0.2891647730129281,WLS,151,0.0007565309423812616
2,UPFC_Vsh,5-15,1.1041340625119658,67,1.1061187971273359,WLS,151,0.0019847346153700762
3,UPFC_tsh,5-15,-0.22778154205167123,67,-0.22775076519667356,WLS,151,3.0776854997666137e-05
4,UPFC_Vse,5-15,0.0597392044511842,67,0.059584928542038354,WLS,151,0.00015427590914584427
5,UPFC_tse,5-15,-2.1453791495474532,67,-2.1375234122586417,WLS,151,0.007855737288811504
0,x_tcsc,1-14,-0.13740379108496076,68,-0.13739222511450724,WLS,151,1.1565970453514263e-05
1,B_svc,2,0.2893838797940246,68,0.2891647730129281,WLS,151,0.00021910678109648973
2,UPFC_Vsh,5-15,1.1046943149838422,68,1.1061187971273359,WLS,151,0.001424482143493666
3,UPFC_tsh,5-15,-0.2277499627601871,68,-0.22775076519667356,WLS,151,8.024364864522848e-07
4,UPFC_Vse,5-15,0.060017220373794235,68,0.059584928542038354,WLS,151,0.00043229183175588076
5,UPFC_tse,5-15,-2.1493578888703073,68,-2.1375234122586417,WLS,151,0.01183447661166559
0,x_tcsc,1-14,-0.13738682343463818,69,-0.13739222511450724,WLS,151,5.401679869065923e-06
1,B_svc,2,0.28862140421905663,69,0.2891647730129281,WLS,151,0.0005433687938714571
2,UPFC_Vsh,5-15,1.104521484594537,69,1.1061187971273359,WLS,151,0.0015973125327988225
3,UPFC_tsh,5-15,-0.22775547727168488,69,-0.22775076519667356,WLS,151,4.712075011320538e-06
4,UPFC_Vse,5-15,0.06012348693595086,69,0.059584928542038354,WLS,151,0.0005385583939125083
5,UPFC_tse,5-15,-2.1478697598196668,69,-2.1375234122586417,WLS,151,0.010346347561025038
0,x_tcsc,1-14,-0.137401846301292,70,-0.13739222511450724,WLS,151,9.621186784769531e-06
1,B_svc,2,0.28891417723669965,70,0.2891647730129281,WLS,151,0.000250595776228435
2,UPFC_Vsh,5-15,1.1043198265619876,70,1.1061187971273359,WLS,151,0.001798970565348279
3,UPFC_tsh,5-15,-0.22777458841147977,70,-0.22775076519667356,WLS,151,2.382321480620675e-05
4,UPFC_Vse,5-15,0.05942803447660263,70,0.059584928542038354,WLS,151,0.00015689406543572398
5,UPFC_tse,5-15,-2.1469265192187095,70,-2.1375234122586417,WLS,151,0.009403106960067742
0,x_tcsc,1-14,-0.13740365556495437,71,-0.13739222511450724,WLS,151,1.1430450447130758e-05
1,B_svc,2,0.2890346147786419,71,0.2891647730129281,WLS,151,0.0001301582342861929
2,UPFC_Vsh,5-15,1.1045427215674624,71,1.1061187971273359,WLS,151,0.001576075559873491
3,UPFC_tsh,5-15,-0.22776793671070117,71,-0.22775076519667356,WLS,151,1.7171514027608525e-05
4,UPFC_Vse,5-15,0.05973586621548594,71,0.059584928542038354,WLS,151,0.00015093767344758618
5,UPFC_tse,5-15,-2.14747437080858,71,-2.1375234122586417,WLS,151,0.009950958549938438
0,x_tcsc,1-14,-0.13740490751676177,72,-0.13739222511450724,WLS,151,1.268240225452133e-05
1,B_svc,2,0.2894577110578511,72,0.2891647730129281,WLS,151,0.0002929380449230301
2,UPFC_Vsh,5-15,1.1041997901744058,72,1.1061187971273359,WLS,151,0.0019190069529300136
3,UPFC_tsh,5-15,-0.2278018393059812,72,-0.22775076519667356,WLS,151,5.1074109307630566e-05
4,UPFC_Vse,5-15,0.05991535446530492,72,0.059584928542038354,WLS,151,0.00033042592326656267
5,UPFC_tse,5-15,-2.1484112787973726,72,-2.1375234122586417,WLS,151,0.010887866538730862
0,x_tcsc,1-14,-0.1374025618926406,73,-0.13739222511450724,WLS,151,1.0336778133362978e-05
1,B_svc,2,0.2891457406054208,73,0.2891647730129281,WLS,151,1.903240750728008e-05
2,UPFC_Vsh,5-15,1.1040920921649997,73,1.1061187971273359,WLS,151,0.0020267049623361455
3,UPFC_tsh,5-15,-0.22779391646815358,73,-0.22775076519667356,WLS,151,4.315127148002418e-05
4,UPFC_Vse,5-15,0.0597761723653287,73,0.059584928542038354,WLS,151,0.00019124382329034628
5,UPFC_tse,5-15,-2.148449940320479,73,-2.1375234122586417,WLS,151,0.01092652806183736
0,x_tcsc,1-14,-0.13740134853664676,74,-0.13739222511450724,WLS,151,9.123422139517556e-06
1,B_svc,2,0.28962391841752283,74,0.2891647730129281,WLS,151,0.00045914540459474074
2,UPFC_Vsh,5-15,1.1044538192252034,74,1.1061187971273359,WLS,151,0.0016649779021324917
3,UPFC_tsh,5-15,-0.22782641130795994,74,-0.22775076519667356,WLS,151,7.564611128638155e-05
4,UPFC_Vse,5-15,0.060288566419561124,74,0.059584928542038354,WLS,151,0.0007036378775227697
5,UPFC_tse,5-15,-2.146272610122617,74,-2.1375234122586417,WLS,151,0.008749197863975322
0,x_tcsc,1-14,-0.1373986557647619,75,-0.13739222511450724,WLS,151,6.4306502546573885e-06
1,B_svc,2,0.28913340467758986,75,0.2891647730129281,WLS,151,3.1368335338233244e-05
2,UPFC_Vsh,5-15,1.1042612775576486,75,1.1061187971273359,WLS,151,0.0018575195696872715
3,UPFC_tsh,5-15,-0.22779710016523813,75,-0.22775076519667356,WLS,151,4.6334968564570866e-05
4,UPFC_Vse,5-15,0.060299899437197164,75,0.059584928542038354,WLS,151,0.0007149708951588105
5,UPFC_tse,5-15,-2.1423287535937416,75,-2.1375234122586417,WLS,151,0.004805341335099911
0,x_tcsc,1-14,-0.13741158601206482,76,-0.13739222511450724,WLS,151,1.936089755757986e-05
1,B_svc,2,0.28943696072602726,76,0.2891647730129281,WLS,151,0.0002721877130991701
2,UPFC_Vsh,5-15,1.104123667778101,76,1.1061187971273359,WLS,151,0.0019951293492348476
3,UPFC_tsh,5-15,-0.22777792983931497,76,-0.22775076519667356,WLS,151,2.71646426414085e-05
4,UPFC_Vse,5-15,0.060272673687990004,76,0.059584928542038354,WLS,151,0.0006877451459516501
5,UPFC_tse,5-15,-2.146044575590078,76,-2.1375234122586417,WLS,151,0.008521163331436377
0,x_tcsc,1-14,-0.1373798758384685,77,-0.13739222511450724,WLS,151,1.2349276038742252e-05
1,B_svc,2,0.2889662217659565,77,0.2891647730129281,WLS,151,0.0001985512469716011
2,UPFC_Vsh,5-15,1.1042527557400095,77,1.1061187971273359,WLS,151,0.0018660413873263781
3,UPFC_tsh,5-15,-0.22783749023822567,77,-0.22775076519667356,WLS,151,8.672504155210481e-05
4,UPFC_Vse,5-15,0.05965043551819875,77,0.059584928542038354,WLS,151,6.550697616039547e-05
5,UPFC_tse,5-15,-2.147377985960072,77,-2.1375234122586417,WLS,151,0.00985457370143017
0,x_tcsc,1-14,-0.13740073240666578,78,-0.13739222511450724,WLS,151,8.507292158538293e-06
1,B_svc,2,0.28892562976805874,78,0.2891647730129281,WLS,151,0.00023914324486934424
2,UPFC_Vsh,5-15,1.1044446227836566,78,1.1061187971273359,WLS,151,0.0016741743436792245
3,UPFC_tsh,5-15,-0.2278551869483289,78,-0.22775076519667356,WLS,151,0.00010442175165534251
4,UPFC_Vse,5-15,0.059690859975170894,78,0.059584928542038354,WLS,151,0.00010593143313254033
5,UPFC_tse,5-15,-2.145347370488891,78,-2.1375234122586417,WLS,151,0.007823958230249062
0,x_tcsc,1-14,-0.13738433722471416,79,-0.13739222511450724,WLS,151,7.887889793084524e-06
1,B_svc,2,0.2888566773895878,79,0.2891647730129281,WLS,151,0.0003080956233402765
2,UPFC_Vsh,5-15,1.1044513940698424,79,1.1061187971273359,WLS,151,0.0016674030574934662
3,UPFC_tsh,5-15,-0.2277791930054659,79,-0.22775076519667356,WLS,151,2.8427808792336196e-05
4,UPFC_Vse,5-15,0.05989715142444736,79,0.059584928542038354,WLS,151,0.00031222288240900786
5,UPFC_tse,5-15,-2.146093657734501,79,-2.1375234122586417,WLS,151,0.008570245475859384
0,x_tcsc,1-14,-0.1373943593173176,80,-0.13739222511450724,WLS,151,2.134202810366581e-06
1,B_svc,2,0.2891517646587334,80,0.2891647730129281,WLS,151,1.3008354194710137e-05
2,UPFC_Vsh,5-15,1.1043011543991537,80,1.1061187971273359,WLS,151,0.0018176427281821894
3,UPFC_tsh,5-15,-0.22784023909493079,80,-0.22775076519667356,WLS,151,8.947389825722518e-05
4,UPFC_Vse,5-15,0.05967957559051383,80,0.059584928542038354,WLS,151,9.464704847547689e-05
5,UPFC_tse,5-15,-2.1501895188253735,80,-2.1375234122586417,WLS,151,0.012666106566731727
0,x_tcsc,1-14,-0.13741066381509112,81,-0.13739222511450724,WLS,151,1.8438700583878198e-05
1,B_svc,2,0.2890318745698981,81,0.2891647730129281,WLS,151,0.00013289844302999398
2,UPFC_Vsh,5-15,1.1040548422419374,81,1.1061187971273359,WLS,151,0.0020639548853984557
3,UPFC_tsh,5-15,-0.22776127158318035,81,-0.22775076519667356,WLS,151,1.0506386506792253e-05
4,UPFC_Vse,5-15,0.06048629667738891,81,0.059584928542038354,WLS,151,0.0009013681353505568
5,UPFC_tse,5-15,-2.142079927924745,81,-2.1375234122586417,WLS,151,0.004556515666103156
0,x_tcsc,1-14,-0.13740783912474824,82,-0.13739222511450724,WLS,151,1.561401024099962e-05
1,B_svc,2,0.28922115021522293,82,0.2891647730129281,WLS,151,5.637720229484389e-05
2,UPFC_Vsh,5-15,1.104630623653652,82,1.1061187971273359,WLS,151,0.001488173473683796
3,UPFC_tsh,5-15,-0.22773289602326272,82,-0.22775076519667356,WLS,151,1.786917341084493e-05
4,UPFC_Vse,5-15,0.05969444484025041,82,0.059584928542038354,WLS,151,0.00010951629821205622
5,UPFC_tse,5-15,-2.1466214526616585,82,-2.1375234122586417,WLS,151,0.00909804040301676
0,x_tcsc,1-14,-0.13738112456414547,83,-0.13739222511450724,WLS,151,1.1100550361770045e-05
1,B_svc,2,0.28898726032428457,83,0.2891647730129281,WLS,151,0.00017751268864352188
2,UPFC_Vsh,5-15,1.1040889065699635,83,1.1061187971273359,WLS,151,0.002029890557372349
3,UPFC_tsh,5-15,-0.22779530904486947,83,-0.22775076519667356,WLS,151,4.4543848195910396e-05
4,UPFC_Vse,5-15,0.05997630806185614,83,0.059584928542038354,WLS,151,0.0003913795198177833
5,UPFC_tse,5-15,-2.1462305549509884,83,-2.1375234122586417,WLS,151,0.008707142692346626
0,x_tcsc,1-14,-0.13742103082882956,84,-0.13739222511450724,WLS,151,2.8805714322316378e-05
1,B_svc,2,0.28950801166658624,84,0.2891647730129281,WLS,151,0.0003432386536581511
2,UPFC_Vsh,5-15,1.104308384649225,84,1.1061187971273359,WLS,151,0.0018104124781108677
3,UPFC_tsh,5-15,-0.22777035349198166,84,-0.22775076519667356,WLS,151,1.9588295308098358e-05
4,UPFC_Vse,5-15,0.05988073421015618,84,0.059584928542038354,WLS,151,0.0002958056681178281
5,UPFC_tse,5-15,-2.1441723723274637,84,-2.1375234122586417,WLS,151,0.006648960068821985
0,x_tcsc,1-14,-0.13741507119633736,85,-0.13739222511450724,WLS,151,2.2846081830119047e-05
1,B_svc,2,0.2889745886433456,85,0.2891647730129281,WLS,151,0.0001901843695825134
2,UPFC_Vsh,5-15,1.1042921366411762,85,1.1061187971273359,WLS,151,0.001826660486159648
3,UPFC_tsh,5-15,-0.2278234100191241,85,-0.22775076519667356,WLS,151,7.264482245053494e-05
4,UPFC_Vse,5-15,0.059644661566276236,85,0.059584928542038354,WLS,151,5.973302423788185e-05
5,UPFC_tse,5-15,-2.1482113937384737,85,-2.1375234122586417,WLS,151,0.010687981479831965
0,x_tcsc,1-14,-0.13740582863254872,86,-0.13739222511450724,WLS,151,1.3603518041471752e-05
1,B_svc,2,0.2892673322199214,86,0.2891647730129281,WLS,151,0.00010255920699331345
2,UPFC_Vsh,5-15,1.1045149121372022,86,1.1061187971273359,WLS,151,0.0016038849901336416
3,UPFC_tsh,5-15,-0.22779073870408748,86,-0.22775076519667356,WLS,151,3.9973507413915144e-05
4,UPFC_Vse,5-15,0.06037239533539509,86,0.059584928542038354,WLS,151,0.000787466793356735
5,UPFC_tse,5-15,-2.1439871414810425,86,-2.1375234122586417,WLS,151,0.006463729222400794
0,x_tcsc,1-14,-0.13739887253941824,87,-0.13739222511450724,WLS,151,6.647424910993793e-06
1,B_svc,2,0.28881523749509447,87,0.2891647730129281,WLS,151,0.00034953551783362125
2,UPFC_Vsh,5-15,1.104057149600121,87,1.1061187971273359,WLS,151,0.002061647527214827
3,UPFC_tsh,5-15,-0.22778141627112317,87,-0.22775076519667356,WLS,151,3.06510744496058e-05
4,UPFC_Vse,5-15,0.060019315552875166,87,0.059584928542038354,WLS,151,0.00043438701083681197
5,UPFC_tse,5-15,-2.146145277222487,87,-2.1375234122586417,WLS,151,0.008621864963845205
0,x_tcsc,1-14,-0.13739715341331987,88,-0.13739222511450724,WLS,151,4.928298812628684e-06
1,B_svc,2,0.28885841452085803,88,0.2891647730129281,WLS,151,0.00030635849207005794
2,UPFC_Vsh,5-15,1.1046563779081116,88,1.1061187971273359,WLS,151,0.001462419219224298
3,UPFC_tsh,5-15,-0.2277694896653194,88,-0.22775076519667356,WLS,151,1.8724468645842096e-05
4,UPFC_Vse,5-15,0.05962542631891228,88,0.059584928542038354,WLS,151,4.049777687392675e-05
5,UPFC_tse,5-15,-2.143871114248257,88,-2.1375234122586417,WLS,151,0.0063477019896152065
0,x_tcsc,1-14,-0.13740716637115108,89,-0.13739222511450724,WLS,151,1.494125664383561e-05
1,B_svc,2,0.2892930994855674,89,0.2891647730129281,WLS,151,0.0001283264726393285
2,UPFC_Vsh,5-15,1.1040372158585652,89,1.1061187971273359,WLS,151,0.0020815812687706714
3,UPFC_tsh,5-15,-0.22787833448963737,89,-0.22775076519667356,WLS,151,0.00012756929296381392
4,UPFC_Vse,5-15,0.060210880681290366,89,0.059584928542038354,WLS,151,0.0006259521392520118
5,UPFC_tse,5-15,-2.146377474521903,89,-2.1375234122586417,WLS,151,0.008854062263261131
0,x_tcsc,1-14,-0.13739055277220172,90,-0.13739222511450724,WLS,151,1.672342305525376e-06
1,B_svc,2,0.2890601901525799,90,0.2891647730129281,WLS,151,0.0001045828603482013
2,UPFC_Vsh,5-15,1.1043764232699684,90,1.1061187971273359,WLS,151,0.0017423738573674186
3,UPFC_tsh,5-15,-0.22776495419110188,90,-0.22775076519667356,WLS,151,1.4188994428315782e-05
4,UPFC_Vse,5-15,0.06010050987408747,90,0.059584928542038354,WLS,151,0.0005155813320491184
5,UPFC_tse,5-15,-2.146692152568454,90,-2.1375234122586417,WLS,151,0.009168740309812407
0,x_tcsc,1-14,-0.1374095137127649,91,-0.13739222511450724,WLS,151,1.7288598257669818e-05
1,B_svc,2,0.28890382737357784,91,0.2891647730129281,WLS,151,0.00026094563935025183
2,UPFC_Vsh,5-15,1.1044247835354726,91,1.1061187971273359,WLS,151,0.0016940135918632748
3,UPFC_tsh,5-15,-0.22776608235712467,91,-0.22775076519667356,WLS,151,1.5317160451111533e-05
4,UPFC_Vse,5-15,0.059655505467723524,91,0.059584928542038354,WLS,151,7.057692568517016e-05
5,UPFC_tse,5-15,-2.1475937561461027,91,-2.1375234122586417,WLS,151,0.010070343887460975
0,x_tcsc,1-14,-0.137397577803852,92,-0.13739222511450724,WLS,151,5.352689344761963e-06
1,B_svc,2,0.28833169926117114,92,0.2891647730129281,WLS,151,0.000833073751756952
2,UPFC_Vsh,5-15,1.1041782232845196,92,1.1061187971273359,WLS,151,0.0019405738428162067
3,UPFC_tsh,5-15,-0.2278003437830851,92,-0.22775076519667356,WLS,151,4.957858641155277e-05
4,UPFC_Vse,5-15,0.05966629448959448,92,0.059584928542038354,WLS,151,8.136594755612375e-05
5,UPFC_tse,5-15,-2.1447753988851055,92,-2.1375234122586417,WLS,151,0.007251986626463758
0,x_tcsc,1-14,-0.13739596322603512,93,-0.13739222511450724,WLS,151,3.7381115278734e-06
1,B_svc,2,0.2893888002223433,93,0.2891647730129281,WLS,151,0.00022402720941522292
2,UPFC_Vsh,5-15,1.104446081851597,93,1.1061187971273359,WLS,151,0.0016727152757387564
3,UPFC_tsh,5-15,-0.22780754486408333,93,-0.22775076519667356,WLS,151,5.677966740977314e-05
4,UPFC_Vse,5-15,0.059713776792593626,93,0.059584928542038354,WLS,151,0.00012884825055527183
5,UPFC_tse,5-15,-2.1491481231868,93,-2.1375234122586417,WLS,151,0.011624710928158422
0,x_tcsc,1-14,-0.137405704500494,94,-0.13739222511450724,WLS,151,1.3479385986753245e-05
1,B_svc,2,0.289594470430509,94,0.2891647730129281,WLS,151,0.00042969741758092095
2,UPFC_Vsh,5-15,1.1046756063969512,94,1.1061187971273359,WLS,151,0.0014431907303846803
3,UPFC_tsh,5-15,-0.22777352173537568,94,-0.22775076519667356,WLS,151,2.2756538702123352e-05
4,UPFC_Vse,5-15,0.059607822043785695,94,0.059584928542038354,WLS,151,2.2893501747341116e-05
5,UPFC_tse,5-15,-2.151635490930542,94,-2.1375234122586417,WLS,151,0.014112078671900452
0,x_tcsc,1-14,-0.1373937937004371,95,-0.13739222511450724,WLS,151,1.5685859298675275e-06
1,B_svc,2,0.28948293877365455,95,0.2891647730129281,WLS,151,0.0003181657607264632
2,UPFC_Vsh,5-15,1.1041732744853925,95,1.1061187971273359,WLS,151,0.0019455226419433647
3,UPFC_tsh,5-15,-0.22780006552125964,95,-0.22775076519667356,WLS,151,4.9300324586082356e-05
4,UPFC_Vse,5-15,0.059883293412737494,95,0.059584928542038354,WLS,151,0.00029836487069914014
5,UPFC_tse,5-15,-2.147801005121951,95,-2.1375234122586417,WLS,151,0.010277592863309426
0,x_tcsc,1-14,-0.13740969662328498,96,-0.13739222511450724,WLS,151,1.747150877773329e-05
1,B_svc,2,0.2886390058272034,96,0.2891647730129281,WLS,151,0.0005257671857246682
2,UPFC_Vsh,5-15,1.1044328717307268,96,1.1061187971273359,WLS,151,0.001685925396609056
3,UPFC_tsh,5-15,-0.22775254569189107,96,-0.22775076519667356,WLS,151,1.7804952175126676e-06
4,UPFC_Vse,5-15,0.05982725808407102,96,0.059584928542038354,WLS,151,0.0002423295420326682
5,UPFC_tse,5-15,-2.1492376278176804,96,-2.1375234122586417,WLS,151,0.011714215559038621
0,x_tcsc,1-14,-0.13740756854989636,97,-0.13739222511450724,WLS,151,1.5343435389114646e-05
1,B_svc,2,0.2885578936374982,97,0.2891647730129281,WLS,151,0.000606879375429914
2,UPFC_Vsh,5-15,1.1043349519504568,97,1.1061187971273359,WLS,151,0.0017838451768790176
3,UPFC_tsh,5-15,-0.22774259096214924,97,-0.22775076519667356,WLS,151,8.174234524316315e-06
4,UPFC_Vse,5-15,0.059899933077145036,97,0.059584928542038354,WLS,151,0.00031500453510668186
5,UPFC_tse,5-15,-2.1454523006762427,97,-2.1375234122586417,WLS,151,0.007928888417600977
0,x_tcsc,1-14,-0.13738892278806672,98,-0.13739222511450724,WLS,151,3.3023264405240838e-06
1,B_svc,2,0.2888414227978234,98,0.2891647730129281,WLS,151,0.00032335021510471185
2,UPFC_Vsh,5-15,1.104299544031469,98,1.1061187971273359,WLS,151,0.0018192530958669462
3,UPFC_tsh,5-15,-0.22780378754883163,98,-0.22775076519667356,WLS,151,5.302235215806639e-05
4,UPFC_Vse,5-15,0.06011491044620384,98,0.059584928542038354,WLS,151,0.0005299819041654844
5,UPFC_tse,5-15,-2.1455157859772194,98,-2.1375234122586417,WLS,151,0.007992373718577639
0,x_tcsc,1-14,-0.13742365277974683,99,-0.13739222511450724,WLS,151,3.142766523958618e-05
1,B_svc,2,0.28857632901216335,99,0.2891647730129281,WLS,151,0.0005884440007647429
2,UPFC_Vsh,5-15,1.1044777490119366,99,1.1061187971273359,WLS,151,0.001641048115399224
3,UPFC_tsh,5-15,-0.22777624583730516,99,-0.22775076519667356,WLS,151,2.5480640631597717e-05
4,UPFC_Vse,5-15,0.059618731579648296,99,0.059584928542038354,WLS,151,3.3803037609941855e-05
5,UPFC_tse,5-15,-2.150129108944719,99,-2.1375234122586417,WLS,151,0.012605696686077472
0,x_tcsc,1-14,-0.13985222212424436,0,-0.13985838782808235,WLS,153,6.165703837990311e-06
1,B_svc,2,0.30124738946838053,0,0.3014592819457357,WLS,153,0.0002118924773551467
2,UPFC_Vsh,5-15,1.1048094175013707,0,1.1047704921768118,WLS,153,3.892532455895825e-05
3,UPFC_tsh,5-15,-0.22616749631279529,0,-0.22619865019323943,WLS,153,3.115388044414025e-05
4,UPFC_Vse,5-15,0.05965254687641615,0,0.05833418409060813,WLS,153,0.0013183627858080194
5,UPFC_tse,5-15,-2.1484520439874033,0,-2.134175248315018,WLS,153,0.01427679567238549
0,x_tcsc,1-14,-0.13986563703968738,1,-0.13985838782808235,WLS,153,7.249211605026007e-06
1,B_svc,2,0.301473250331839,1,0.3014592819457357,WLS,153,1.396838610334683e-05
2,UPFC_Vsh,5-15,1.1046131427323609,1,1.1047704921768118,WLS,153,0.00015734944445089383
3,UPFC_tsh,5-15,-0.22624236006365656,1,-0.22619865019323943,WLS,153,4.370987041713015e-05
4,UPFC_Vse,5-15,0.05899133541247951,1,0.05833418409060813,WLS,153,0.0006571513218713784
5,UPFC_tse,5-15,-2.1484250703856946,1,-2.134175248315018,WLS,153,0.01424982207067682
0,x_tcsc,1-14,-0.13986572545609374,2,-0.13985838782808235,WLS,153,7.337628011389041e-06
1,B_svc,2,0.30175504731578545,2,0.3014592819457357,WLS,153,0.000295765370049772
2,UPFC_Vsh,5-15,1.1044686277071887,2,1.1047704921768118,WLS,153,0.0003018644696231032
3,UPFC_tsh,5-15,-0.22628007954450066,2,-0.22619865019323943,WLS,153,8.14293512612363e-05
4,UPFC_Vse,5-15,0.0600785294654742,2,0.05833418409060813,WLS,153,0.00174434537486607
5,UPFC_tse,5-15,-2.151533242789903,2,-2.134175248315018,WLS,153,0.017357994474885174
0,x_tcsc,1-14,-0.139845280954401,3,-0.13985838782808235,WLS,153,1.3106873681362208e-05
1,B_svc,2,0.30138671033673115,3,0.3014592819457357,WLS,153,7.257160900453474e-05
2,UPFC_Vsh,5-15,1.10463162578405,3,1.1047704921768118,WLS,153,0.0001388663927617273
3,UPFC_tsh,5-15,-0.2261790591194302,3,-0.22619865019323943,WLS,153,1.959107380922198e-05
4,UPFC_Vse,5-15,0.06011056096015555,3,0.05833418409060813,WLS,153,0.0017763768695474233
5,UPFC_tse,5-15,-2.148422247668058,3,-2.134175248315018,WLS,153,0.014246999353040302
0,x_tcsc,1-14,-0.13984612090081427,4,-0.13985838782808235,WLS,153,1.2266927268078653e-05
1,B_svc,2,0.301027292669635,4,0.3014592819457357,WLS,153,0.00043198927610066384
2,UPFC_Vsh,5-15,1.1047406095445627,4,1.1047704921768118,WLS,153,2.988263224912302e-05
3,UPFC_tsh,5-15,-0.22624884686928914,4,-0.22619865019323943,WLS,153,5.019667604971856e-05
4,UPFC_Vse,5-15,0.05975906279061422,4,0.05833418409060813,WLS,153,0.0014248787000060922
5,UPFC_tse,5-15,-2.1503265363596165,4,-2.134175248315018,WLS,153,0.016151288044598644
0,x_tcsc,1-14,-0.13983943750195993,5,-0.13985838782808235,WLS,153,1.895032612242442e-05
1,B_svc,2,0.30134638978230777,5,0.3014592819457357,WLS,153,0.00011289216342791342
2,UPFC_Vsh,5-15,1.1045944135611239,5,1.1047704921768118,WLS,153,0.0001760786156879135
3,UPFC_tsh,5-15,-0.22623713557350647,5,-0.22619865019323943,WLS,153,3.8485380267044844e-05
4,UPFC_Vse,5-15,0.06002827416826072,5,0.05833418409060813,WLS,153,0.001694090077652588
5,UPFC_tse,5-15,-2.1434641350186356,5,-2.134175248315018,WLS,153,0.009288886703617827
0,x_tcsc,1-14,-0.139864107243319,6,-0.13985838782808235,WLS,153,5.7194152366379925e-06
1,B_svc,2,0.3016086443406355,6,0.3014592819457357,WLS,153,0.00014936239489982128
2,UPFC_Vsh,5-15,1.1046610366727325,6,1.1047704921768118,WLS,153,0.00010945550407925886
3,UPFC_tsh,5-15,-0.22617509928888543,6,-0.22619865019323943,WLS,153,2.3550904353991653e-05
4,UPFC_Vse,5-15,0.059637153373420876,6,0.05833418409060813,WLS,153,0.0013029692828127465
5,UPFC_tse,5-15,-2.1520137317683155,6,-2.134175248315018,WLS,153,0.017838483453297638
0,x_tcsc,1-14,-0.13984372688345575,7,-0.13985838782808235,WLS,153,1.4660944626598837e-05
1,B_svc,2,0.3014633288839323,7,0.3014592819457357,WLS,153,4.046938196611283e-06
2,UPFC_Vsh,5-15,1.1045327690500009,7,1.1047704921768118,WLS,153,0.00023772312681091812
3,UPFC_tsh,5-15,-0.22618005239813127,7,-0.22619865019323943,WLS,153,1.859779510815507e-05
4,UPFC_Vse,5-15,0.059610006687980804,7,0.05833418409060813,WLS,153,0.001275822597372675
5,UPFC_tse,5-15,-2.153466641798398,7,-2.134175248315018,WLS,153,0.019291393483380048
0,x_tcsc,1-14,-0.13985510212475777,8,-0.13985838782808235,WLS,153,3.2857033245847767e-06
1,B_svc,2,0.3015215397602365,8,0.3014592819457357,WLS,153,6.225781450081014e-05
2,UPFC_Vsh,5-15,1.1045713241376984,8,1.1047704921768118,WLS,153,0.00019916803911335101
3,UPFC_tsh,5-15,-0.2262445653026232,8,-0.22619865019323943,WLS,153,4.591510938378729e-05
4,UPFC_Vse,5-15,0.0597947975074134,8,0.05833418409060813,WLS,153,0.0014606134168052703
5,UPFC_tse,5-15,-2.154732829021061,8,-2.134175248315018,WLS,153,0.020557580706042966
0,x_tcsc,1-14,-0.13986837843146888,9,-0.13985838782808235,WLS,153,9.99060338652269e-06
1,B_svc,2,0.3012442696545767,9,0.3014592819457357,WLS,153,0.00021501229115900022
2,UPFC_Vsh,5-15,1.104862662489859,9,1.1047704921768118,WLS,153,9.21703130472018e-05
3,UPFC_tsh,5-15,-0.22620790276768138,9,-0.22619865019323943,WLS,153,9.252574441953598e-06
4,UPFC_Vse,5-15,0.05971159954276545,9,0.05833418409060813,WLS,153,0.0013774154521573184
5,UPFC_tse,5-15,-2.1482248044712318,9,-2.134175248315018,WLS,153,0.01404955615621395
0,x_tcsc,1-14,-0.13983087768917485,10,-0.13985838782808235,WLS,153,2.7510138907504977e-05
1,B_svc,2,0.3015816878763472,10,0.3014592819457357,WLS,153,0.00012240593061152438
2,UPFC_Vsh,5-15,1.1049867266608924,10,1.1047704921768118,WLS,153,0.00021623448408059076
3,UPFC_tsh,5-15,-0.22620530461135743,10,-0.22619865019323943,WLS,153,6.654418118007266e-06
4,UPFC_Vse,5-15,0.059781572305100276,10,0.05833418409060813,WLS,153,0.001447388214492147
5,UPFC_tse,5-15,-2.15219964631528,10,-2.134175248315018,WLS,153,0.01802439800026212
0,x_tcsc,1-14,-0.1398417662413486,11,-0.13985838782808235,WLS,153,1.6621586733767124e-05
1,B_svc,2,0.30131123136435384,11,0.3014592819457357,WLS,153,0.00014805058138184224
2,UPFC_Vsh,5-15,1.1043709369556787,11,1.1047704921768118,WLS,153,0.0003995552211331077
3,UPFC_tsh,5-15,-0.22621576126773807,11,-0.22619865019323943,WLS,153,1.7111074498643575e-05
4,UPFC_Vse,5-15,0.05977872457041182,11,0.05833418409060813,WLS,153,0.001444540479803691
5,UPFC_tse,5-15,-2.1494390870440188,11,-2.134175248315018,WLS,153,0.015263838729000945
0,x_tcsc,1-14,-0.13985531918854055,12,-0.13985838782808235,WLS,153,3.068639541803364e-06
1,B_svc,2,0.30222690542470027,12,0.3014592819457357,WLS,153,0.0007676234789645853
2,UPFC_Vsh,5-15,1.1042960957961137,12,1.1047704921768118,WLS,153,0.00047439638069812773
3,UPFC_tsh,5-15,-0.22629408580093222,12,-0.22619865019323943,WLS,153,9.54356076927898e-05
4,UPFC_Vse,5-15,0.059070217093113914,12,0.05833418409060813,WLS,153,0.0007360330025057843
5,UPFC_tse,5-15,-2.1502807549527096,12,-2.134175248315018,WLS,153,0.016105506637691835
0,x_tcsc,1-14,-0.13983348223210199,13,-0.13985838782808235,WLS,153,2.49055959803679e-05
1,B_svc,2,0.3018489248911716,13,0.3014592819457357,WLS,153,0.0003896429454359196
2,UPFC_Vsh,5-15,1.105038059546527,13,1.1047704921768118,WLS,153,0.000267567369715227
3,UPFC_tsh,5-15,-0.22622414311423314,13,-0.22619865019323943,WLS,153,2.5492920993713808e-05
4,UPFC_Vse,5-15,0.059485352185147757,13,0.05833418409060813,WLS,153,0.0011511680945396272
5,UPFC_tse,5-15,-2.149583467009807,13,-2.134175248315018,WLS,153,0.015408218694789255
0,x_tcsc,1-14,-0.13983381758422278,14,-0.13985838782808235,WLS,153,2.457024385957296e-05
1,B_svc,2,0.30152476077500234,14,0.3014592819457357,WLS,153,6.547882926666304e-05
2,UPFC_Vsh,5-15,1.1040680506630889,14,1.1047704921768118,WLS,153,0.0007024415137228956
3,UPFC_tsh,5-15,-0.2262135277937161,14,-0.22619865019323943,WLS,153,1.4877600476664865e-05
4,UPFC_Vse,5-15,0.059735972087309505,14,0.05833418409060813,WLS,153,0.0014017879967013758
5,UPFC_tse,5-15,-2.145355480158925,14,-2.134175248315018,WLS,153,0.011180231843907151
0,x_tcsc,1-14,-0.1398436178535739,15,-0.13985838782808235,WLS,153,1.4769974508443973e-05
1,B_svc,2,0.30131216805964167,15,0.3014592819457357,WLS,153,0.000147113886094008
2,UPFC_Vsh,5-15,1.1042303192804401,15,1.1047704921768118,WLS,153,0.000540172896371649
3,UPFC_tsh,5-15,-0.2262177321950202,15,-0.22619865019323943,WLS,153,1.9082001780773572e-05
4,UPFC_Vse,5-15,0.05970974876484033,15,0.05833418409060813,WLS,153,0.0013755646742322006
5,UPFC_tse,5-15,-2.1468636566259356,15,-2.134175248315018,WLS,153,0.012688408310917776
0,x_tcsc,1-14,-0.1398421415616099,16,-0.13985838782808235,WLS,153,1.6246266472452753e-05
1,B_svc,2,0.30167819244107813,16,0.3014592819457357,WLS,153,0.00021891049534245033
2,UPFC_Vsh,5-15,1.1045945490350746,16,1.1047704921768118,WLS,153,0.00017594314173718928
3,UPFC_tsh,5-15,-0.2261875852513945,16,-0.22619865019323943,WLS,153,1.106494184491269e-05
4,UPFC_Vse,5-15,0.05931963139432762,16,0.05833418409060813,WLS,153,0.0009854473037194875
5,UPFC_tse,5-15,-2.1507839824995685,16,-2.134175248315018,WLS,153,0.016608734184550666
0,x_tcsc,1-14,-0.13983255144978188,17,-0.13985838782808235,WLS,153,2.5836378300475582e-05
1,B_svc,2,0.3017215836836734,17,0.3014592819457357,WLS,153,0.00026230173793773126
2,UPFC_Vsh,5-15,1.104561220507309,17,1.1047704921768118,WLS,153,0.0002092716695027974
3,UPFC_tsh,5-15,-0.22621127782218733,17,-0.22619865019323943,WLS,153,1.2627628947908809e-05
4,UPFC_Vse,5-15,0.059471693506561035,17,0.05833418409060813,WLS,153,0.0011375094159529059
5,UPFC_tse,5-15,-2.1497156895587874,17,-2.134175248315018,WLS,153,0.015540441243769632
0,x_tcsc,1-14,-0.13985754541551249,18,-0.13985838782808235,WLS,153,8.424125698680562e-07
1,B_svc,2,0.30171247457812467,18,0.3014592819457357,WLS,153,0.0002531926323889877
2,UPFC_Vsh,5-15,1.1044995538916627,18,1.1047704921768118,WLS,153,0.0002709382851491249
3,UPFC_tsh,5-15,-0.2261922009551213,18,-0.22619865019323943,WLS,153,6.449238118128031e-06
4,UPFC_Vse,5-15,0.06007675375777437,18,0.05833418409060813,WLS,153,0.0017425696671662383
5,UPFC_tse,5-15,-2.146699410862085,18,-2.134175248315018,WLS,153,0.012524162547067341
0,x_tcsc,1-14,-0.13983516811318028,19,-0.13985838782808235,WLS,153,2.3219714902072974e-05
1,B_svc,2,0.3014613704315998,19,0.3014592819457357,WLS,153,2.088485864137901e-06
2,UPFC_Vsh,5-15,1.1044993320035832,19,1.1047704921768118,WLS,153,0.00027116017322859065
3,UPFC_tsh,5-15,-0.2262221155628182,19,-0.22619865019323943,WLS,153,2.3465369578784534e-05
4,UPFC_Vse,5-15,0.05969556520131175,19,0.05833418409060813,WLS,153,0.0013613811107036217
5,UPFC_tse,5-15,-2.1498550184539047,19,-2.134175248315018,WLS,153,0.015679770138886884
0,x_tcsc,1-14,-0.1398519784549077,20,-0.13985838782808235,WLS,153,6.409373174642852e-06
1,B_svc,2,0.3019853198877106,20,0.3014592819457357,WLS,153,0.0005260379419749217
2,UPFC_Vsh,5-15,1.1045594074898646,20,1.1047704921768118,WLS,153,0.00021108468694719384
3,UPFC_tsh,5-15,-0.22624189939664624,20,-0.22619865019323943,WLS,153,4.3249203406814374e-05
4,UPFC_Vse,5-15,0.05989463819015104,20,0.05833418409060813,WLS,153,0.0015604540995429114
5,UPFC_tse,5-15,-2.1479931930259175,20,-2.134175248315018,WLS,153,0.013817944710899699
0,x_tcsc,1-14,-0.13983320292059404,21,-0.13985838782808235,WLS,153,2.5184907488318142e-05
1,B_svc,2,0.3014129096479945,21,0.3014592819457357,WLS,153,4.637229774118179e-05
2,UPFC_Vsh,5-15,1.104793550495924,21,1.1047704921768118,WLS,153,2.3058319112312375e-05
3,UPFC_tsh,5-15,-0.22619911197503667,21,-0.22619865019323943,WLS,153,4.6178179724520874e-07
4,UPFC_Vse,5-15,0.05998125513906016,21,0.05833418409060813,WLS,153,0.001647071048452034
5,UPFC_tse,5-15,-2.149591159806177,21,-2.134175248315018,WLS,153,0.015415911491159395
0,x_tcsc,1-14,-0.13985030018155015,22,-0.13985838782808235,WLS,153,8.087646532206616e-06
1,B_svc,2,0.3017112005631732,22,0.3014592819457357,WLS,153,0.00025191861743750765
2,UPFC_Vsh,5-15,1.104445850893532,22,1.1047704921768118,WLS,153,0.0003246412832798029
3,UPFC_tsh,5-15,-0.22623594387137422,22,-0.22619865019323943,WLS,153,3.729367813479212e-05
4,UPFC_Vse,5-15,0.059441716940222225,22,0.05833418409060813,WLS,153,0.0011075328496140957
5,UPFC_tse,5-15,-2.1499271412042766,22,-2.134175248315018,WLS,153,0.015751892889258823
0,x_tcsc,1-14,-0.1398675918868997,23,-0.13985838782808235,WLS,153,9.204058817352534e-06
1,B_svc,2,0.3016179643281669,23,0.3014592819457357,WLS,153,0.0001586823824312189
2,UPFC_Vsh,5-15,1.1045375606666845,23,1.1047704921768118,WLS,153,0.00023293151012726554
3,UPFC_tsh,5-15,-0.2263130421473427,23,-0.22619865019323943,WLS,153,0.00011439195410328784
4,UPFC_Vse,5-15,0.05970456272981403,23,0.05833418409060813,WLS,153,0.001370378639205902
5,UPFC_tse,5-15,-2.146848567881413,23,-2.134175248315018,WLS,153,0.012673319566395058
0,x_tcsc,1-14,-0.1398466405761916,24,-0.13985838782808235,WLS,153,1.1747251890764643e-05
1,B_svc,2,0.3016421298788795,24,0.3014592819457357,WLS,153,0.00018284793314382597
2,UPFC_Vsh,5-15,1.104348467262007,24,1.1047704921768118,WLS,153,0.0004220249148048083
3,UPFC_tsh,5-15,-0.22624479320535495,24,-0.22619865019323943,WLS,153,4.614301211552929e-05
4,UPFC_Vse,5-15,0.059915173360578375,24,0.05833418409060813,WLS,153,0.0015809892699702455
5,UPFC_tse,5-15,-2.1462392695627184,24,-2.134175248315018,WLS,153,0.012064021247700563
0,x_tcsc,1-14,-0.13982915284853575,25,-0.13985838782808235,WLS,153,2.9234979546599593e-05
1,B_svc,2,0.30095080886680753,25,0.3014592819457357,WLS,153,0.0005084730789281511
2,UPFC_Vsh,5-15,1.1044292911595304,25,1.1047704921768118,WLS,153,0.0003412010172814117
3,UPFC_tsh,5-15,-0.2262226174294317,25,-0.22619865019323943,WLS,153,2.396723619227381e-05
4,UPFC_Vse,5-15,0.05961817654708743,25,0.05833418409060813,WLS,153,0.0012839924564793034
5,UPFC_tse,5-15,-2.151169938717986,25,-2.134175248315018,WLS,153,0.016994690402968082
0,x_tcsc,1-14,-0.13985115160940711,26,-0.13985838782808235,WLS,153,7.236218675238382e-06
1,B_svc,2,0.30135436622322115,26,0.3014592819457357,WLS,153,0.0001049157225145314
2,UPFC_Vsh,5-15,1.1042684732356005,26,1.1047704921768118,WLS,153,0.0005020189412112686
3,UPFC_tsh,5-15,-0.22623008482863202,26,-0.22619865019323943,WLS,153,3.14346353925965e-05
4,UPFC_Vse,5-15,0.0596932194510623,26,0.05833418409060813,WLS,153,0.001359035360454168
5,UPFC_tse,5-15,-2.152483750483025,26,-2.134175248315018,WLS,153,0.01830850216800739
0,x_tcsc,1-14,-0.1398237341525482,27,-0.13985838782808235,WLS,153,3.4653675534151995e-05
1,B_svc,2,0.30151643813434825,27,0.3014592819457357,WLS,153,5.7156188612572656e-05
2,UPFC_Vsh,5-15,1.1042309902605956,27,1.1047704921768118,WLS,153,0.0005395019162162118
3,UPFC_tsh,5-15,-0.22616287650910952,27,-0.22619865019323943,WLS,153,3.5773684129908334e-05
4,UPFC_Vse,5-15,0.05944114191563304,27,0.05833418409060813,WLS,153,0.0011069578250249082
5,UPFC_tse,5-15,-2.1495556898596666,27,-2.134175248315018,WLS,153,0.015380441544648793
0,x_tcsc,1-14,-0.13984907041412636,28,-0.13985838782808235,WLS,153,9.317413955989284e-06
1,B_svc,2,0.3015574022446412,28,0.3014592819457357,WLS,153,9.81202989055463e-05
2,UPFC_Vsh,5-15,1.1043089355931415,28,1.1047704921768118,WLS,153,0.0004615565836703084
3,UPFC_tsh,5-15,-0.22622875851978017,28,-0.22619865019323943,WLS,153,3.0108326540739805e-05
4,UPFC_Vse,5-15,0.0599143894597643,28,0.05833418409060813,WLS,153,0.001580205369156172
5,UPFC_tse,5-15,-2.148325317643754,28,-2.134175248315018,WLS,153,0.01415006932873597
0,x_tcsc,1-14,-0.13984212768203305,29,-0.13985838782808235,WLS,153,1.6260146049301705e-05
1,B_svc,2,0.30157071576527134,29,0.3014592819457357,WLS,153,0.00011143381953565568
2,UPFC_Vsh,5-15,1.1043818009184097,29,1.1047704921768118,WLS,153,0.0003886912584021296
3,UPFC_tsh,5-15,-0.22615114512352147,29,-0.22619865019323943,WLS,153,4.750506971795687e-05
4,UPFC_Vse,5-15,0.059623289475164744,29,0.05833418409060813,WLS,153,0.0012891053845566144
5,UPFC_tse,5-15,-2.1500461399834334,29,-2.134175248315018,WLS,153,0.0158708916684156
0,x_tcsc,1-14,-0.13986515917473732,30,-0.13985838782808235,WLS,153,6.771346654971255e-06
1,B_svc,2,0.3019057779265024,30,0.3014592819457357,WLS,153,0.0004464959807667368
2,UPFC_Vsh,5-15,1.1043245453874746,30,1.1047704921768118,WLS,153,0.00044594678933718157
3,UPFC_tsh,5-15,-0.2262348968040648,30,-0.22619865019323943,WLS,153,3.6246610825380055e-05
4,UPFC_Vse,5-15,0.05942964539815814,30,0.05833418409060813,WLS,153,0.0010954613075500122
5,UPFC_tse,5-15,-2.1498781553192146,30,-2.134175248315018,WLS,153,0.015702907004196742
0,x_tcsc,1-14,-0.13984017057301953,31,-0.13985838782808235,WLS,153,1.8217255062819016e-05
1,B_svc,2,0.30129879449166663,31,0.3014592819457357,WLS,153,0.00016048745406904708
2,UPFC_Vsh,5-15,1.1044051923932383,31,1.1047704921768118,WLS,153,0.0003652997835734695
3,UPFC_tsh,5-15,-0.22623496938691806,31,-0.22619865019323943,WLS,153,3.6319193678635564e-05
4,UPFC_Vse,5-15,0.05990765913230615,31,0.05833418409060813,WLS,153,0.0015734750416980178
5,UPFC_tse,5-15,-2.1493461123989244,31,-2.134175248315018,WLS,153,0.015170864083906554
0,x_tcsc,1-14,-0.1398434938558029,32,-0.13985838782808235,WLS,153,1.4893972279467205e-05
1,B_svc,2,0.3015346664764836,32,0.3014592819457357,WLS,153,7.538453074790175e-05
2,UPFC_Vsh,5-15,1.1043618178999137,32,1.1047704921768118,WLS,153,0.0004086742768980578
3,UPFC_tsh,5-15,-0.2262352295470863,32,-0.22619865019323943,WLS,153,3.657935384687727e-05
4,UPFC_Vse,5-15,0.05974699081139374,32,0.05833418409060813,WLS,153,0.0014128067207856074
5,UPFC_tse,5-15,-2.148911141037023,32,-2.134175248315018,WLS,153,0.01473589272200515
0,x_tcsc,1-14,-0.13984290315192696,33,-0.13985838782808235,WLS,153,1.548467615539173e-05
1,B_svc,2,0.30135474335444745,33,0.3014592819457357,WLS,153,0.00010453859128822796
2,UPFC_Vsh,5-15,1.104329579441985,33,1.1047704921768118,WLS,153,0.000440912734826826
3,UPFC_tsh,5-15,-0.22626130929731436,33,-0.22619865019323943,WLS,153,6.26591040749358e-05
4,UPFC_Vse,5-15,0.0595577303200788,33,0.05833418409060813,WLS,153,0.0012235462294706706
5,UPFC_tse,5-15,-2.1506347719052146,33,-2.134175248315018,WLS,153,0.016459523590196756
0,x_tcsc,1-14,-0.13984135633331482,34,-0.13985838782808235,WLS,153,1.7031494767533184e-05
1,B_svc,2,0.30187616300442444,34,0.3014592819457357,WLS,153,0.00041688105868875613
2,UPFC_Vsh,5-15,1.1044332699980028,34,1.1047704921768118,WLS,153,0.000337222178808938
3,UPFC_tsh,5-15,-0.22622801081127306,34,-0.22619865019323943,WLS,153,2.9360618033630326e-05
4,UPFC_Vse,5-15,0.059583638308553594,34,0.05833418409060813,WLS,153,0.0012494542179454643
5,UPFC_tse,5-15,-2.1520569707110506,34,-2.134175248315018,WLS,153,0.017881722396032806
0,x_tcsc,1-14,-0.1398469723300674,35,-0.13985838782808235,WLS,153,1.1415498014949454e-05
1,B_svc,2,0.30163945431387384,35,0.3014592819457357,WLS,153,0.00018017236813816506
2,UPFC_Vsh,5-15,1.1043743429473947,35,1.1047704921768118,WLS,153,0.00039614922941710873
3,UPFC_tsh,5-15,-0.2262076323508531,35,-0.22619865019323943,WLS,153,8.982157613662833e-06
4,UPFC_Vse,5-15,0.05955749758630766,35,0.05833418409060813,WLS,153,0.0012233134956995337
5,UPFC_tse,5-15,-2.150908692311251,35,-2.134175248315018,WLS,153,0.016733443996233
0,x_tcsc,1-14,-0.13982587047156958,36,-0.13985838782808235,WLS,153,3.251735651277343e-05
1,B_svc,2,0.30141334388747676,36,0.3014592819457357,WLS,153,4.593805825892083e-05
2,UPFC_Vsh,5-15,1.1043213653241397,36,1.1047704921768118,WLS,153,0.000449126852672066
3,UPFC_tsh,5-15,-0.2262206454583604,36,-0.22619865019323943,WLS,153,2.1995265120977603e-05
4,UPFC_Vse,5-15,0.05932907800625562,36,0.05833418409060813,WLS,153,0.000994893915647492
5,UPFC_tse,5-15,-2.1499327213186716,36,-2.134175248315018,WLS,153,0.01575747300365382
0,x_tcsc,1-14,-0.13985511319718763,37,-0.13985838782808235,WLS,153,3.2746308947229075e-06
1,B_svc,2,0.3011428091290309,37,0.3014592819457357,WLS,153,0.00031647281670477145
2,UPFC_Vsh,5-15,1.104423358316835,37,1.1047704921768118,WLS,153,0.00034713385997675594
3,UPFC_tsh,5-15,-0.22627891057892474,37,-0.22619865019323943,WLS,153,8.026038568531568e-05
4,UPFC_Vse,5-15,0.05963050497243527,37,0.05833418409060813,WLS,153,0.0012963208818271427
5,UPFC_tse,5-15,-2.1516777973583667,37,-2.134175248315018,WLS,153,0.017502549043348914
0,x_tcsc,1-14,-0.13985998252640483,38,-0.13985838782808235,WLS,153,1.5946983224768285e-06
1,B_svc,2,0.3015244388175481,38,0.3014592819457357,WLS,153,6.51568718124107e-05
2,UPFC_Vsh,5-15,1.1044342713197168,38,1.1047704921768118,WLS,153,0.00033622085709494876
3,UPFC_tsh,5-15,-0.22620331824574993,38,-0.22619865019323943,WLS,153,4.668052510509169e-06
4,UPFC_Vse,5-15,0.05970440199562118,38,0.05833418409060813,WLS,153,0.0013702179050130506
5,UPFC_tse,5-15,-2.149273173403636,38,-2.134175248315018,WLS,153,0.01509792508861807
0,x_tcsc,1-14,-0.13982820290942452,39,-0.13985838782808235,WLS,153,3.0184918657832904e-05
1,B_svc,2,0.30100677984127727,39,0.3014592819457357,WLS,153,0.00045250210445840766
2,UPFC_Vsh,5-15,1.1044451532178656,39,1.1047704921768118,WLS,153,0.00032533895894615306
3,UPFC_tsh,5-15,-0.22624272530734207,39,-0.22619865019323943,WLS,153,4.407511410264853e-05
4,UPFC_Vse,5-15,0.059596334021248545,39,0.05833418409060813,WLS,153,0.001262149930640416
5,UPFC_tse,5-15,-2.151275993833352,39,-2.134175248315018,WLS,153,0.017100745518334293
0,x_tcsc,1-14,-0.13983693592395816,40,-0.13985838782808235,WLS,153,2.145190412419784e-05
1,B_svc,2,0.30142117066189544,40,0.3014592819457357,WLS,153,3.811128384023643e-05
2,UPFC_Vsh,5-15,1.104601449208926,40,1.1047704921768118,WLS,153,0.00016904296788577966
3,UPFC_tsh,5-15,-0.22624156256844744,40,-0.22619865019323943,WLS,153,4.291237520800961e-05
4,UPFC_Vse,5-15,0.05980747939723985,40,0.05833418409060813,WLS,153,0.0014732953066317195
5,UPFC_tse,5-15,-2.14748089699633,40,-2.134175248315018,WLS,153,0.013305648681312121
0,x_tcsc,1-14,-0.13984858979262324,41,-0.13985838782808235,WLS,153,9.798035459113175e-06
1,B_svc,2,0.3015246606927524,41,0.3014592819457357,WLS,153,6.537874701673108e-05
2,UPFC_Vsh,5-15,1.1046087324532246,41,1.1047704921768118,WLS,153,0.00016175972358722923
3,UPFC_tsh,5-15,-0.22623833429085438,41,-0.22619865019323943,WLS,153,3.968409761495595e-05
4,UPFC_Vse,5-15,0.05966069268594574,41,0.05833418409060813,WLS,153,0.0013265085953376096
5,UPFC_tse,5-15,-2.1507101371735895,41,-2.134175248315018,WLS,153,0.016534888858571684
0,x_tcsc,1-14,-0.1398703781715206,42,-0.13985838782808235,WLS,153,1.199034343823957e-05
1,B_svc,2,0.301567642790422,42,0.3014592819457357,WLS,153,0.00010836084468629492
2,UPFC_Vsh,5-15,1.1045661012597667,42,1.1047704921768118,WLS,153,0.00020439091704504975
3,UPFC_tsh,5-15,-0.22617230266286728,42,-0.22619865019323943,WLS,153,2.634753037214499e-05
4,UPFC_Vse,5-15,0.05980081379994453,42,0.05833418409060813,WLS,153,0.0014666297093363992
5,UPFC_tse,5-15,-2.1493991714196046,42,-2.134175248315018,WLS,153,0.015223923104586756
0,x_tcsc,1-14,-0.13984927427474314,43,-0.13985838782808235,WLS,153,9.113553339212821e-06
1,B_svc,2,0.3019527859437271,43,0.3014592819457357,WLS,153,0.000493503997991418
2,UPFC_Vsh,5-15,1.104492712834745,43,1.1047704921768118,WLS,153,0.0002777793420667418
3,UPFC_tsh,5-15,-0.22619750685163098,43,-0.22619865019323943,WLS,153,1.143341608444981e-06
4,UPFC_Vse,5-15,0.05932740520280424,43,0.05833418409060813,WLS,153,0.000993221112196109
5,UPFC_tse,5-15,-2.1499132577781697,43,-2.134175248315018,WLS,153,0.015738009463151847
0,x_tcsc,1-14,-0.13983701608084262,44,-0.13985838782808235,WLS,153,2.1371747239734562e-05
1,B_svc,2,0.30152623867420997,44,0.3014592819457357,WLS,153,6.69567284742878e-05
2,UPFC_Vsh,5-15,1.1040361801057381,44,1.1047704921768118,WLS,153,0.0007343120710736617
3,UPFC_tsh,5-15,-0.2262675423653804,44,-0.22619865019323943,WLS,153,6.889217214098298e-05
4,UPFC_Vse,5-15,0.05982067769017985,44,0.05833418409060813,WLS,153,0.001486493599571724
5,UPFC_tse,5-15,-2.1477392046394215,44,-2.134175248315018,WLS,153,0.013563956324403659
0,x_tcsc,1-14,-0.13986361625428687,45,-0.13985838782808235,WLS,153,5.228426204512138e-06
1,B_svc,2,0.30133794918073814,45,0.3014592819457357,WLS,153,0.00012133276499753931
2,UPFC_Vsh,5-15,1.1045831880579395,45,1.1047704921768118,WLS,153,0.00018730411887224463
3,UPFC_tsh,5-15,-0.2262349819091598,45,-0.22619865019323943,WLS,153,3.633171592037909e-05
4,UPFC_Vse,5-15,0.05937044678510154,45,0.05833418409060813,WLS,153,0.0010362626944934103
5,UPFC_tse,5-15,-2.152687086289972,45,-2.134175248315018,WLS,153,0.018511837974954037
0,x_tcsc,1-14,-0.13985194080617355,46,-0.13985838782808235,WLS,153,6.447021908800865e-06
1,B_svc,2,0.30151725859266887,46,0.3014592819457357,WLS,153,5.7976646933188825e-05
2,UPFC_Vsh,5-15,1.1045585448194453,46,1.1047704921768118,WLS,153,0.00021194735736651538
3,UPFC_tsh,5-15,-0.22622673825219872,46,-0.22619865019323943,WLS,153,2.808805895929134e-05
4,UPFC_Vse,5-15,0.05986893693630552,46,0.05833418409060813,WLS,153,0.0015347528456973875
5,UPFC_tse,5-15,-2.146152009465329,46,-2.134175248315018,WLS,153,0.011976761150310988
0,x_tcsc,1-14,-0.1398583219542805,47,-0.13985838782808235,WLS,153,6.587380185774094e-08
1,B_svc,2,0.3017894575012783,47,0.3014592819457357,WLS,153,0.00033017555554260003
2,UPFC_Vsh,5-15,1.1044420642392807,47,1.1047704921768118,WLS,153,0.0003284279375310728
3,UPFC_tsh,5-15,-0.2262012721121289,47,-0.22619865019323943,WLS,153,2.6219188894727186e-06
4,UPFC_Vse,5-15,0.05913441160331276,47,0.05833418409060813,WLS,153,0.0008002275127046293
5,UPFC_tse,5-15,-2.151553837719201,47,-2.134175248315018,WLS,153,0.01737858940418313
0,x_tcsc,1-14,-0.13985572523330864,48,-0.13985838782808235,WLS,153,2.6625947737168865e-06
1,B_svc,2,0.30161152801961116,48,0.3014592819457357,WLS,153,0.00015224607387548383
2,UPFC_Vsh,5-15,1.1046536529960234,48,1.1047704921768118,WLS,153,0.00011683918078841948
3,UPFC_tsh,5-15,-0.22618887749375602,48,-0.22619865019323943,WLS,153,9.772699483406866e-06
4,UPFC_Vse,5-15,0.05985158832577932,48,0.05833418409060813,WLS,153,0.001517404235171188
5,UPFC_tse,5-15,-2.150804989141563,48,-2.134175248315018,WLS,153,0.016629740826545003
0,x_tcsc,1-14,-0.1398444504500447,49,-0.13985838782808235,WLS,153,1.3937378037648385e-05
1,B_svc,2,0.30137229257970444,49,0.3014592819457357,WLS,153,8.698936603124263e-05
2,UPFC_Vsh,5-15,1.10419919496786,49,1.1047704921768118,WLS,153,0.0005712972089517709
3,UPFC_tsh,5-15,-0.22619583249272665,49,-0.22619865019323943,WLS,153,2.8177005127749677e-06
4,UPFC_Vse,5-15,0.05975321353528968,49,0.05833418409060813,WLS,153,0.0014190294446815507
5,UPFC_tse,5-15,-2.148953435140544,49,-2.134175248315018,WLS,153,0.01477818682552634
0,x_tcsc,1-14,-0.1398609429387539,50,-0.13985838782808235,WLS,153,2.555110671542682e-06
1,B_svc,2,0.30175542404784444,50,0.3014592819457357,WLS,153,0.0002961421021087651
2,UPFC_Vsh,5-15,1.1045565730305231,50,1.1047704921768118,WLS,153,0.00021391914628865472
3,UPFC_tsh,5-15,-0.22625054167812939,50,-0.22619865019323943,WLS,153,5.189148488995987e-05
4,UPFC_Vse,5-15,0.059909087721144234,50,0.05833418409060813,WLS,153,0.001574903630536105
5,UPFC_tse,5-15,-2.150250860743897,50,-2.134175248315018,WLS,153,0.016075612428879005
0,x_tcsc,1-14,-0.13981807974800226,51,-0.13985838782808235,WLS,153,4.030808008009812e-05
1,B_svc,2,0.3013380170512571,51,0.3014592819457357,WLS,153,0.0001212648944785566
2,UPFC_Vsh,5-15,1.1042848380067616,51,1.1047704921768118,WLS,153,0.0004856541700501982
3,UPFC_tsh,5-15,-0.22623992128605547,51,-0.22619865019323943,WLS,153,4.127109281604202e-05
4,UPFC_Vse,5-15,0.05980518012940265,51,0.05833418409060813,WLS,153,0.0014709960387945184
5,UPFC_tse,5-15,-2.147930864664007,51,-2.134175248315018,WLS,153,0.013755616348989363
0,x_tcsc,1-14,-0.13985591534855382,52,-0.13985838782808235,WLS,153,2.4724795285313572e-06
1,B_svc,2,0.30201203197970733,52,0.3014592819457357,WLS,153,0.0005527500339716496
2,UPFC_Vsh,5-15,1.1044673190423415,52,1.1047704921768118,WLS,153,0.0003031731344702582
3,UPFC_tsh,5-15,-0.22623131910523886,52,-0.22619865019323943,WLS,153,3.266891199943389e-05
4,UPFC_Vse,5-15,0.059641736976708125,52,0.05833418409060813,WLS,153,0.0013075528860999955
5,UPFC_tse,5-15,-2.1523705437395035,52,-2.134175248315018,WLS,153,0.018195295424485725
0,x_tcsc,1-14,-0.13981848040999778,53,-0.13985838782808235,WLS,153,3.9907418084572654e-05
1,B_svc,2,0.30168788635590216,53,0.3014592819457357,WLS,153,0.00022860441016647748
2,UPFC_Vsh,5-15,1.1041358294954038,53,1.1047704921768118,WLS,153,0.0006346626814079936
3,UPFC_tsh,5-15,-0.22624548097848404,53,-0.22619865019323943,WLS,153,4.6830785244617035e-05
4,UPFC_Vse,5-15,0.05965027018757861,53,0.05833418409060813,WLS,153,0.0013160860969704813
5,UPFC_tse,5-15,-2.1524341075896594,53,-2.134175248315018,WLS,153,0.018258859274641548
0,x_tcsc,1-14,-0.1398446493977406,54,-0.13985838782808235,WLS,153,1.3738430341747598e-05
1,B_svc,2,0.3017696883124368,54,0.3014592819457357,WLS,153,0.0003104063667010992
2,UPFC_Vsh,5-15,1.1044980680613747,54,1.1047704921768118,WLS,153,0.00027242411543704215
3,UPFC_tsh,5-15,-0.22628075806277778,54,-0.22619865019323943,WLS,153,8.210786953835592e-05
4,UPFC_Vse,5-15,0.05990268676723609,54,0.05833418409060813,WLS,153,0.0015685026766279614
5,UPFC_tse,5-15,-2.149169682656603,54,-2.134175248315018,WLS,153,0.014994434341585094
0,x_tcsc,1-14,-0.13983128743561432,55,-0.13985838782808235,WLS,153,2.710039246803242e-05
1,B_svc,2,0.30144285370153645,55,0.3014592819457357,WLS,153,1.642824419922917e-05
2,UPFC_Vsh,5-15,1.1044982490974278,55,1.1047704921768118,WLS,153,0.0002722430793840047
3,UPFC_tsh,5-15,-0.2262136416117097,55,-0.22619865019323943,WLS,153,1.4991418470278184e-05
4,UPFC_Vse,5-15,0.05962789371565074,55,0.05833418409060813,WLS,153,0.001293709625042612
5,UPFC_tse,5-15,-2.150587862676305,55,-2.134175248315018,WLS,153,0.016412614361287048
0,x_tcsc,1-14,-0.13984819613937446,56,-0.13985838782808235,WLS,153,1.0191688707889002e-05
1,B_svc,2,0.30143746462835763,56,0.3014592819457357,WLS,153,2.1817317378047818e-05
2,UPFC_Vsh,5-15,1.1048296614975153,56,1.1047704921768118,WLS,153,5.916932070348935e-05
3,UPFC_tsh,5-15,-0.2261753653330361,56,-0.22619865019323943,WLS,153,2.3284860203337532e-05
4,UPFC_Vse,5-15,0.05948407797543888,56,0.05833418409060813,WLS,153,0.0011498938848307494
5,UPFC_tse,5-15,-2.1476131523377564,56,-2.134175248315018,WLS,153,0.01343790402273859
0,x_tcsc,1-14,-0.13984474821199844,57,-0.13985838782808235,WLS,153,1.363961608391584e-05
1,B_svc,2,0.30146660086380744,57,0.3014592819457357,WLS,153,7.318918071763658e-06
2,UPFC_Vsh,5-15,1.1042446760104074,57,1.1047704921768118,WLS,153,0.000525816166404347
3,UPFC_tsh,5-15,-0.22621876729248164,57,-0.22619865019323943,WLS,153,2.0117099242211722e-05
4,UPFC_Vse,5-15,0.05976604106203675,57,0.05833418409060813,WLS,153,0.0014318569714286203
5,UPFC_tse,5-15,-2.1480246674509007,57,-2.134175248315018,WLS,153,0.01384941913588289
0,x_tcsc,1-14,-0.13984636973549705,58,-0.13985838782808235,WLS,153,1.2018092585303064e-05
1,B_svc,2,0.3011308576060904,58,0.3014592819457357,WLS,153,0.0003284243396453057
2,UPFC_Vsh,5-15,1.1047708164797994,58,1.1047704921768118,WLS,153,3.243029875754644e-07
3,UPFC_tsh,5-15,-0.2261691694369665,58,-0.22619865019323943,WLS,153,2.9480756272931563e-05
4,UPFC_Vse,5-15,0.059143406925984444,58,0.05833418409060813,WLS,153,0.0008092228353763151
5,UPFC_tse,5-15,-2.151254064286239,58,-2.134175248315018,WLS,153,0.017078815971221406
0,x_tcsc,1-14,-0.13986005821589498,59,-0.13985838782808235,WLS,153,1.6703878126245186e-06
1,B_svc,2,0.30173427412722137,59,0.3014592819457357,WLS,153,0.00027499218148568927
2,UPFC_Vsh,5-15,1.1045700405316283,59,1.1047704921768118,WLS,153,0.0002004516451834526
3,UPFC_tsh,5-15,-0.22627821681204818,59,-0.22619865019323943,WLS,153,7.956661880875737e-05
4,UPFC_Vse,5-15,0.05983109751423518,59,0.05833418409060813,WLS,153,0.0014969134236270526
5,UPFC_tse,5-15,-2.15309014175984,59,-2.134175248315018,WLS,153,0.018914893444822223
0,x_tcsc,1-14,-0.1398616640876521,60,-0.13985838782808235,WLS,153,3.2762595697510832e-06
1,B_svc,2,0.3014978352994499,60,0.3014592819457357,WLS,153,3.8553353714221306e-05
2,UPFC_Vsh,5-15,1.1046862174173608,60,1.1047704921768118,WLS,153,8.427475945094187e-05
3,UPFC_tsh,5-15,-0.2262356692418955,60,-0.22619865019323943,WLS,153,3.701904865607841e-05
4,UPFC_Vse,5-15,0.05964333285381112,60,0.05833418409060813,WLS,153,0.00130914876320299
5,UPFC_tse,5-15,-2.1502999806180947,60,-2.134175248315018,WLS,153,0.016124732303076872
0,x_tcsc,1-14,-0.13984284182565707,61,-0.13985838782808235,WLS,153,1.5546002425287364e-05
1,B_svc,2,0.3017475328676468,61,0.3014592819457357,WLS,153,0.0002882509219110929
2,UPFC_Vsh,5-15,1.1043180265305104,61,1.1047704921768118,WLS,153,0.0004524656463014143
3,UPFC_tsh,5-15,-0.22623650178204402,61,-0.22619865019323943,WLS,153,3.785158880459383e-05
4,UPFC_Vse,5-15,0.05936391635981144,61,0.05833418409060813,WLS,153,0.001029732269203311
5,UPFC_tse,5-15,-2.151685801551024,61,-2.134175248315018,WLS,153,0.017510553236006032
0,x_tcsc,1-14,-0.13983786494630526,62,-0.13985838782808235,WLS,153,2.052288177709083e-05
1,B_svc,2,0.3015764773920681,62,0.3014592819457357,WLS,153,0.00011719544633242984
2,UPFC_Vsh,5-15,1.104390111159715,62,1.1047704921768118,WLS,153,0.00038038101709680916
3,UPFC_tsh,5-15,-0.22621847332000555,62,-0.22619865019323943,WLS,153,1.982312676612752e-05
4,UPFC_Vse,5-15,0.05953991892976429,62,0.05833418409060813,WLS,153,0.0012057348391561612
5,UPFC_tse,5-15,-2.1508505804991107,62,-2.134175248315018,WLS,153,0.016675332184092895
0,x_tcsc,1-14,-0.13986876531864287,63,-0.13985838782808235,WLS,153,1.0377490560514735e-05
1,B_svc,2,0.30144932340333924,63,0.3014592819457357,WLS,153,9.958542396437675e-06
2,UPFC_Vsh,5-15,1.1045923097728938,63,1.1047704921768118,WLS,153,0.00017818240391798135
3,UPFC_tsh,5-15,-0.2262279633094355,63,-0.22619865019323943,WLS,153,2.9313116196083566e-05
4,UPFC_Vse,5-15,0.059897276805601925,63,0.05833418409060813,WLS,153,0.0015630927149937954
5,UPFC_tse,5-15,-2.1466549051889867,63,-2.134175248315018,WLS,153,0.012479656873968903
0,x_tcsc,1-14,-0.13986654083716404,64,-0.13985838782808235,WLS,153,8.153009081690588e-06
1,B_svc,2,0.30158113178435986,64,0.3014592819457357,WLS,153,0.00012184983862417731
2,UPFC_Vsh,5-15,1.1042740180753308,64,1.1047704921768118,WLS,153,0.0004964741014810148
3,UPFC_tsh,5-15,-0.22619030115945465,64,-0.22619865019323943,WLS,153,8.349033784771365e-06
4,UPFC_Vse,5-15,0.0596260258744871,64,0.05833418409060813,WLS,153,0.0012918417838789706
5,UPFC_tse,5-15,-2.1477997150437873,64,-2.134175248315018,WLS,153,0.013624466728769491
0,x_tcsc,1-14,-0.1398487497064189,65,-0.13985838782808235,WLS,153,9.63812166346334e-06
1,B_svc,2,0.3018616438970712,65,0.3014592819457357,WLS,153,0.0004023619513355281
2,UPFC_Vsh,5-15,1.1042611365816415,65,1.1047704921768118,WLS,153,0.000509355595170291
3,UPFC_tsh,5-15,-0.2262323413477925,65,-0.22619865019323943,WLS,153,3.369115455306715e-05
4,UPFC_Vse,5-15,0.05962191592672841,65,0.05833418409060813,WLS,153,0.0012877318361202775
5,UPFC_tse,5-15,-2.1503820811320904,65,-2.134175248315018,WLS,153,0.01620683281707258
0,x_tcsc,1-14,-0.13984003336077927,66,-0.13985838782808235,WLS,153,1.835446730308332e-05
1,B_svc,2,0.30202043266540757,66,0.3014592819457357,WLS,153,0.0005611507196718879
2,UPFC_Vsh,5-15,1.1042677526849485,66,1.1047704921768118,WLS,153,0.0005027394918633021
3,UPFC_tsh,5-15,-0.22619782832818583,66,-0.22619865019323943,WLS,153,8.218650535962713e-07
4,UPFC_Vse,5-15,0.05913747904360076,66,0.05833418409060813,WLS,153,0.0008032949529926323
5,UPFC_tse,5-15,-2.146749203636252,66,-2.134175248315018,WLS,153,0.012573955321234287
0,x_tcsc,1-14,-0.1398370160313519,67,-0.13985838782808235,WLS,153,2.1371796730451642e-05
1,B_svc,2,0.30193865030877987,67,0.3014592819457357,WLS,153,0.00047936836304418584
2,UPFC_Vsh,5-15,1.1047668820192589,67,1.1047704921768118,WLS,153,3.6101575529023933e-06
3,UPFC_tsh,5-15,-0.22612904562916736,67,-0.22619865019323943,WLS,153,6.960456407206772e-05
4,UPFC_Vse,5-15,0.05939875326286264,67,0.05833418409060813,WLS,153,0.0010645691722545106
5,UPFC_tse,5-15,-2.1478340277774692,67,-2.134175248315018,WLS,153,0.01365877946245142
0,x_tcsc,1-14,-0.1398678623032352,68,-0.13985838782808235,WLS,153,9.474475152843054e-06
1,B_svc,2,0.30173559907054304,68,0.3014592819457357,WLS,153,0.00027631712480735704
2,UPFC_Vsh,5-15,1.1047111592758339,68,1.1047704921768118,WLS,153,5.933290097792643e-05
3,UPFC_tsh,5-15,-0.22622336574786966,68,-0.22619865019323943,WLS,153,2.471555463023911e-05
4,UPFC_Vse,5-15,0.05975673638723437,68,0.05833418409060813,WLS,153,0.001422552296626238
5,UPFC_tse,5-15,-2.1522935193097843,68,-2.134175248315018,WLS,153,0.018118270994766483
0,x_tcsc,1-14,-0.1398569120856484,69,-0.13985838782808235,WLS,153,1.4757424339484349e-06
1,B_svc,2,0.30130973607541894,69,0.3014592819457357,WLS,153,0.00014954587031673627
2,UPFC_Vsh,5-15,1.1045227550745227,69,1.1047704921768118,WLS,153,0.00024773710228909174
3,UPFC_tsh,5-15,-0.22625080177319248,69,-0.22619865019323943,WLS,153,5.215157995305808e-05
4,UPFC_Vse,5-15,0.060021912463902746,69,0.05833418409060813,WLS,153,0.0016877283732946169
5,UPFC_tse,5-15,-2.149337580112528,69,-2.134175248315018,WLS,153,0.015162331797510031
0,x_tcsc,1-14,-0.13985040894536446,70,-0.13985838782808235,WLS,153,7.9788827178906e-06
1,B_svc,2,0.30143440604780153,70,0.3014592819457357,WLS,153,2.4875897934151237e-05
2,UPFC_Vsh,5-15,1.104294199563532,70,1.1047704921768118,WLS,153,0.0004762926132797496
3,UPFC_tsh,5-15,-0.22617408751460127,70,-0.22619865019323943,WLS,153,2.4562678638151425e-05
4,UPFC_Vse,5-15,0.05919207190012395,70,0.05833418409060813,WLS,153,0.000857887809515824
5,UPFC_tse,5-15,-2.149558889725529,70,-2.134175248315018,WLS,153,0.015383641410511295
0,x_tcsc,1-14,-0.13984212787080344,71,-0.13985838782808235,WLS,153,1.6259957278913495e-05
1,B_svc,2,0.3014403528709036,71,0.3014592819457357,WLS,153,1.8929074832085835e-05
2,UPFC_Vsh,5-15,1.1045223431075848,71,1.1047704921768118,WLS,153,0.0002481490692269883
3,UPFC_tsh,5-15,-0.2261790317600385,71,-0.22619865019323943,WLS,153,1.9618433200918606e-05
4,UPFC_Vse,5-15,0.059487336794776746,71,0.05833418409060813,WLS,153,0.0011531527041686168
5,UPFC_tse,5-15,-2.1504224629928577,71,-2.134175248315018,WLS,153,0.01624721467783985
0,x_tcsc,1-14,-0.13984155203042695,72,-0.13985838782808235,WLS,153,1.683579765540677e-05
1,B_svc,2,0.3018302137977449,72,0.3014592819457357,WLS,153,0.0003709318520092042
2,UPFC_Vsh,5-15,1.1043931347397633,72,1.1047704921768118,WLS,153,0.0003773574370484756
3,UPFC_tsh,5-15,-0.2262518312989442,72,-0.22619865019323943,WLS,153,5.3181105704763754e-05
4,UPFC_Vse,5-15,0.05978619524565641,72,0.05833418409060813,WLS,153,0.0014520111550482828
5,UPFC_tse,5-15,-2.1502472970750657,72,-2.134175248315018,WLS,153,0.016072048760047863
0,x_tcsc,1-14,-0.13981968792779878,73,-0.13985838782808235,WLS,153,3.869990028357306e-05
1,B_svc,2,0.3012732642010882,73,0.3014592819457357,WLS,153,0.0001860177446474931
2,UPFC_Vsh,5-15,1.1045187108271213,73,1.1047704921768118,WLS,153,0.00025178134969050525
3,UPFC_tsh,5-15,-0.226238646387135,73,-0.22619865019323943,WLS,153,3.999619389558062e-05
4,UPFC_Vse,5-15,0.05940664994739277,73,0.05833418409060813,WLS,153,0.001072465856784638
5,UPFC_tse,5-15,-2.151112546115993,73,-2.134175248315018,WLS,153,0.01693729780097497
0,x_tcsc,1-14,-0.13985781634669803,74,-0.13985838782808235,WLS,153,5.714813843260558e-07
1,B_svc,2,0.3021139674781518,74,0.3014592819457357,WLS,153,0.0006546855324160994
2,UPFC_Vsh,5-15,1.104391192849858,74,1.1047704921768118,WLS,153,0.000379299326953797
3,UPFC_tsh,5-15,-0.2262373961703802,74,-0.22619865019323943,WLS,153,3.874597714076389e-05
4,UPFC_Vse,5-15,0.060063484211025794,74,0.05833418409060813,WLS,153,0.001729300120417665
5,UPFC_tse,5-15,-2.149076831186142,74,-2.134175248315018,WLS,153,0.014901582871124308
0,x_tcsc,1-14,-0.13986344137587486,75,-0.13985838782808235,WLS,153,5.05354779251066e-06
1,B_svc,2,0.3016335660387989,75,0.3014592819457357,WLS,153,0.0001742840930631928
2,UPFC_Vsh,5-15,1.1041799103851928,75,1.1047704921768118,WLS,153,0.0005905817916189715
3,UPFC_tsh,5-15,-0.22623448082270117,75,-0.22619865019323943,WLS,153,3.58306294617472e-05
4,UPFC_Vse,5-15,0.0600531183316844,75,0.05833418409060813,WLS,153,0.0017189342410762684
5,UPFC_tse,5-15,-2.144429342564388,75,-2.134175248315018,WLS,153,0.010254094249370294
0,x_tcsc,1-14,-0.13984959915992312,76,-0.13985838782808235,WLS,153,8.78866815923196e-06
1,B_svc,2,0.30193290874170314,76,0.3014592819457357,WLS,153,0.0004736267959674634
2,UPFC_Vsh,5-15,1.104257261741558,76,1.1047704921768118,WLS,153,0.0005132304352537531
3,UPFC_tsh,5-15,-0.22620310215840211,76,-0.22619865019323943,WLS,153,4.4519651626884205e-06
4,UPFC_Vse,5-15,0.06000553842181702,76,0.05833418409060813,WLS,153,0.0016713543312088935
5,UPFC_tse,5-15,-2.1483936322928443,76,-2.134175248315018,WLS,153,0.014218383977826488
0,x_tcsc,1-14,-0.13984759211911763,77,-0.13985838782808235,WLS,153,1.0795708964728146e-05
1,B_svc,2,0.30127958667726024,77,0.3014592819457357,WLS,153,0.00017969526847544381
2,UPFC_Vsh,5-15,1.1042100288435694,77,1.1047704921768118,WLS,153,0.0005604633332423337
3,UPFC_tsh,5-15,-0.22620026286868414,77,-0.22619865019323943,WLS,153,1.6126754447121083e-06
4,UPFC_Vse,5-15,0.0593863651884656,77,0.05833418409060813,WLS,153,0.0010521810978574714
5,UPFC_tse,5-15,-2.150064734590406,77,-2.134175248315018,WLS,153,0.015889486275388
0,x_tcsc,1-14,-0.13984860745186548,78,-0.13985838782808235,WLS,153,9.780376216877995e-06
1,B_svc,2,0.30115115035351303,78,0.3014592819457357,WLS,153,0.0003081315922226491
2,UPFC_Vsh,5-15,1.1047653392281531,78,1.1047704921768118,WLS,153,5.152948658659895e-06
3,UPFC_tsh,5-15,-0.22618695391369442,78,-0.22619865019323943,WLS,153,1.169627954500374e-05
4,UPFC_Vse,5-15,0.059528226258615514,78,0.05833418409060813,WLS,153,0.001194042168007385
5,UPFC_tse,5-15,-2.147547212248288,78,-2.134175248315018,WLS,153,0.013371963933270337
0,x_tcsc,1-14,-0.13984498487879563,79,-0.13985838782808235,WLS,153,1.340294928672825e-05
1,B_svc,2,0.3012758709063031,79,0.3014592819457357,WLS,153,0.00018341103943259052
2,UPFC_Vsh,5-15,1.1044280644645668,79,1.1047704921768118,WLS,153,0.0003424277122450192
3,UPFC_tsh,5-15,-0.2261755563670669,79,-0.22619865019323943,WLS,153,2.3093826172521092e-05
4,UPFC_Vse,5-15,0.05961575488442548,79,0.05833418409060813,WLS,153,0.001281570793817348
5,UPFC_tse,5-15,-2.149310699079597,79,-2.134175248315018,WLS,153,0.015135450764579339
0,x_tcsc,1-14,-0.1398344518031148,80,-0.13985838782808235,WLS,153,2.393602496755798e-05
1,B_svc,2,0.3013605768829202,80,0.3014592819457357,WLS,153,9.870506281550728e-05
2,UPFC_Vsh,5-15,1.1045446259237612,80,1.1047704921768118,WLS,153,0.00022586625305054397
3,UPFC_tsh,5-15,-0.22621038202923605,80,-0.22619865019323943,WLS,153,1.1731835996620088e-05
4,UPFC_Vse,5-15,0.05944707505080744,80,0.05833418409060813,WLS,153,0.0011128909601993073
5,UPFC_tse,5-15,-2.1529052548339296,80,-2.134175248315018,WLS,153,0.018730006518911768
0,x_tcsc,1-14,-0.13983304836321464,81,-0.13985838782808235,WLS,153,2.533946486771299e-05
1,B_svc,2,0.3014029303621471,81,0.3014592819457357,WLS,153,5.635158358857639e-05
2,UPFC_Vsh,5-15,1.1042731445192926,81,1.1047704921768118,WLS,153,0.0004973476575191871
3,UPFC_tsh,5-15,-0.2262197317264469,81,-0.22619865019323943,WLS,153,2.1081533207484293e-05
4,UPFC_Vse,5-15,0.06006026290421501,81,0.05833418409060813,WLS,153,0.0017260788136068822
5,UPFC_tse,5-15,-2.145635108911804,81,-2.134175248315018,WLS,153,0.011459860596786164
0,x_tcsc,1-14,-0.13985502855034126,82,-0.13985838782808235,WLS,153,3.3592777410884622e-06
1,B_svc,2,0.3015142578555924,82,0.3014592819457357,WLS,153,5.497590985670264e-05
2,UPFC_Vsh,5-15,1.1044883324112322,82,1.1047704921768118,WLS,153,0.00028215976557954825
3,UPFC_tsh,5-15,-0.2262686585722495,82,-0.22619865019323943,WLS,153,7.000837901008361e-05
4,UPFC_Vse,5-15,0.05962898775999165,82,0.05833418409060813,WLS,153,0.001294803669383518
5,UPFC_tse,5-15,-2.1495221344429156,82,-2.134175248315018,WLS,153,0.015346886127897807
0,x_tcsc,1-14,-0.13985033088826773,83,-0.13985838782808235,WLS,153,8.0569398146213e-06
1,B_svc,2,0.30143377897561746,83,0.3014592819457357,WLS,153,2.550297011821856e-05
2,UPFC_Vsh,5-15,1.104310146639285,83,1.1047704921768118,WLS,153,0.0004603455375267185
3,UPFC_tsh,5-15,-0.22623903706204673,83,-0.22619865019323943,WLS,153,4.038686880730724e-05
4,UPFC_Vse,5-15,0.05955638354548295,83,0.05833418409060813,WLS,153,0.0012221994548748186
5,UPFC_tse,5-15,-2.1490295428498345,83,-2.134175248315018,WLS,153,0.014854294534816681
0,x_tcsc,1-14,-0.1398373417132049,84,-0.13985838782808235,WLS,153,2.1046114877465438e-05
1,B_svc,2,0.3017031923181419,84,0.3014592819457357,WLS,153,0.0002439103724062308
2,UPFC_Vsh,5-15,1.104314763656606,84,1.1047704921768118,WLS,153,0.00045572852020581145
3,UPFC_tsh,5-15,-0.22622930557288437,84,-0.22619865019323943,WLS,153,3.0655379644944913e-05
4,UPFC_Vse,5-15,0.05966416447297052,84,0.05833418409060813,WLS,153,0.0013299803823623932
5,UPFC_tse,5-15,-2.146116876872656,84,-2.134175248315018,WLS,153,0.01194162855763814
0,x_tcsc,1-14,-0.13984918523072065,85,-0.13985838782808235,WLS,153,9.202597361701592e-06
1,B_svc,2,0.3011557037441011,85,0.3014592819457357,WLS,153,0.00030357820163456894
2,UPFC_Vsh,5-15,1.1046354764540307,85,1.1047704921768118,WLS,153,0.00013501572278107332
3,UPFC_tsh,5-15,-0.22621449422358592,85,-0.22619865019323943,WLS,153,1.584403034649018e-05
4,UPFC_Vse,5-15,0.059349665464872116,85,0.05833418409060813,WLS,153,0.0010154813742639865
5,UPFC_tse,5-15,-2.1506842798381136,85,-2.134175248315018,WLS,153,0.016509031523095796
0,x_tcsc,1-14,-0.13983585792537315,86,-0.13985838782808235,WLS,153,2.2529902709206295e-05
1,B_svc,2,0.30149664093712514,86,0.3014592819457357,WLS,153,3.735899138945786e-05
2,UPFC_Vsh,5-15,1.1046524775479953,86,1.1047704921768118,WLS,153,0.00011801462881644298
3,UPFC_tsh,5-15,-0.22618665744365773,86,-0.22619865019323943,WLS,153,1.199274958169072e-05
4,UPFC_Vse,5-15,0.06008307630838301,86,0.05833418409060813,WLS,153,0.0017488922177748834
5,UPFC_tse,5-15,-2.147277122216313,86,-2.134175248315018,WLS,153,0.013101873901295136
0,x_tcsc,1-14,-0.13982509964077813,87,-0.13985838782808235,WLS,153,3.328818730422012e-05
1,B_svc,2,0.30115866507936523,87,0.3014592819457357,WLS,153,0.00030061686637045115
2,UPFC_Vsh,5-15,1.1045443101304886,87,1.1047704921768118,WLS,153,0.00022618204632318673
3,UPFC_tsh,5-15,-0.22618734546756084,87,-0.22619865019323943,WLS,153,1.130472567859031e-05
4,UPFC_Vse,5-15,0.059668093966804,87,0.05833418409060813,WLS,153,0.001333909876195874
5,UPFC_tse,5-15,-2.1484634804951708,87,-2.134175248315018,WLS,153,0.01428823218015296
0,x_tcsc,1-14,-0.13984361049675686,88,-0.13985838782808235,WLS,153,1.4777331325488419e-05
1,B_svc,2,0.30124979506612226,88,0.3014592819457357,WLS,153,0.0002094868796134186
2,UPFC_Vsh,5-15,1.1045407843331587,88,1.1047704921768118,WLS,153,0.00022970784365305974
3,UPFC_tsh,5-15,-0.2261212278083701,88,-0.22619865019323943,WLS,153,7.742238486932451e-05
4,UPFC_Vse,5-15,0.05921545717959717,88,0.05833418409060813,WLS,153,0.0008812730889890402
5,UPFC_tse,5-15,-2.147624579178404,88,-2.134175248315018,WLS,153,0.013449330863386066
0,x_tcsc,1-14,-0.13983872527985036,89,-0.13985838782808235,WLS,153,1.9662548231991206e-05
1,B_svc,2,0.3013991645470394,89,0.3014592819457357,WLS,153,6.0117398696268864e-05
2,UPFC_Vsh,5-15,1.1045342170524712,89,1.1047704921768118,WLS,153,0.00023627512434054587
3,UPFC_tsh,5-15,-0.22620649978790505,89,-0.22619865019323943,WLS,153,7.849594665626514e-06
4,UPFC_Vse,5-15,0.05963549438440549,89,0.05833418409060813,WLS,153,0.0013013102937973614
5,UPFC_tse,5-15,-2.148976169007848,89,-2.134175248315018,WLS,153,0.014800920692830122
0,x_tcsc,1-14,-0.13984167785417811,90,-0.13985838782808235,WLS,153,1.6709973904238673e-05
1,B_svc,2,0.3014735899891483,90,0.3014592819457357,WLS,153,1.430804341262526e-05
2,UPFC_Vsh,5-15,1.1045122439225241,90,1.1047704921768118,WLS,153,0.00025824825428766296
3,UPFC_tsh,5-15,-0.22617393771038136,90,-0.22619865019323943,WLS,153,2.471248285806915e-05
4,UPFC_Vse,5-15,0.059934420237514024,90,0.05833418409060813,WLS,153,0.001600236146905895
5,UPFC_tse,5-15,-2.149298803886751,90,-2.134175248315018,WLS,153,0.01512355557173306
0,x_tcsc,1-14,-0.1398355887382331,91,-0.13985838782808235,WLS,153,2.2799089849256937e-05
1,B_svc,2,0.30137031205427484,91,0.3014592819457357,WLS,153,8.896989146084389e-05
2,UPFC_Vsh,5-15,1.10437288170314,91,1.1047704921768118,WLS,153,0.0003976104736718167
3,UPFC_tsh,5-15,-0.2262703980507104,91,-0.22619865019323943,WLS,153,7.174785747096624e-05
4,UPFC_Vse,5-15,0.059523763290130205,91,0.05833418409060813,WLS,153,0.0011895791995220756
5,UPFC_tse,5-15,-2.1493661157346007,91,-2.134175248315018,WLS,153,0.015190867419582865
0,x_tcsc,1-14,-0.1398619938515785,92,-0.13985838782808235,WLS,153,3.6060234961388105e-06
1,B_svc,2,0.3007696470784631,92,0.3014592819457357,WLS,153,0.0006896348672725816
2,UPFC_Vsh,5-15,1.1045066414903233,92,1.1047704921768118,WLS,153,0.0002638506864884871
3,UPFC_tsh,5-15,-0.22623549766039533,92,-0.22619865019323943,WLS,153,3.684746715590381e-05
4,UPFC_Vse,5-15,0.0593575965948031,92,0.05833418409060813,WLS,153,0.0010234125041949718
5,UPFC_tse,5-15,-2.1480245596371286,92,-2.134175248315018,WLS,153,0.013849311322110758
0,x_tcsc,1-14,-0.1398389249357994,93,-0.13985838782808235,WLS,153,1.9462892282939848e-05
1,B_svc,2,0.30184306751319273,93,0.3014592819457357,WLS,153,0.00038378556745705117
2,UPFC_Vsh,5-15,1.1046560750411047,93,1.1047704921768118,WLS,153,0.00011441713570703449
3,UPFC_tsh,5-15,-0.2262045783346334,93,-0.22619865019323943,WLS,153,5.928141393968245e-06
4,UPFC_Vse,5-15,0.05953965409140344,93,0.05833418409060813,WLS,153,0.0012054700007953084
5,UPFC_tse,5-15,-2.1516274285673194,93,-2.134175248315018,WLS,153,0.017452180252301552
0,x_tcsc,1-14,-0.1398506630412012,94,-0.13985838782808235,WLS,153,7.724786881158074e-06
1,B_svc,2,0.30211936620849217,94,0.3014592819457357,WLS,153,0.0006600842627564885
2,UPFC_Vsh,5-15,1.1041330486459928,94,1.1047704921768118,WLS,153,0.0006374435308189597
3,UPFC_tsh,5-15,-0.2262396528715304,94,-0.22619865019323943,WLS,153,4.100267829096338e-05
4,UPFC_Vse,5-15,0.05953715272191439,94,0.05833418409060813,WLS,153,0.001202968631306263
5,UPFC_tse,5-15,-2.1546378958087566,94,-2.134175248315018,WLS,153,0.020462647493738828
0,x_tcsc,1-14,-0.13985272138288346,95,-0.13985838782808235,WLS,153,5.666445198893033e-06
1,B_svc,2,0.30188668014858294,95,0.3014592819457357,WLS,153,0.00042739820284726227
2,UPFC_Vsh,5-15,1.1042361895414043,95,1.1047704921768118,WLS,153,0.0005343026354074354
3,UPFC_tsh,5-15,-0.22625139276052939,95,-0.22619865019323943,WLS,153,5.274256728995952e-05
4,UPFC_Vse,5-15,0.059544210457398196,95,0.05833418409060813,WLS,153,0.0012100263667900665
5,UPFC_tse,5-15,-2.1502368429262315,95,-2.134175248315018,WLS,153,0.016061594611213703
0,x_tcsc,1-14,-0.13984500979487272,96,-0.13985838782808235,WLS,153,1.3378033209637819e-05
1,B_svc,2,0.3011921588745384,96,0.3014592819457357,WLS,153,0.00026712307119730605
2,UPFC_Vsh,5-15,1.1042111741487182,96,1.1047704921768118,WLS,153,0.0005593180280936139
3,UPFC_tsh,5-15,-0.22626102128316075,96,-0.22619865019323943,WLS,153,6.23710899213259e-05
4,UPFC_Vse,5-15,0.0594495365636216,96,0.05833418409060813,WLS,153,0.0011153524730134687
5,UPFC_tse,5-15,-2.1524533131776695,96,-2.134175248315018,WLS,153,0.01827806486265171
0,x_tcsc,1-14,-0.13984721374605044,97,-0.13985838782808235,WLS,153,1.1174082031911725e-05
1,B_svc,2,0.30065165728773763,97,0.3014592819457357,WLS,153,0.0008076246579980517
2,UPFC_Vsh,5-15,1.104378667264425,97,1.1047704921768118,WLS,153,0.00039182491238687334
3,UPFC_tsh,5-15,-0.22615987593940193,97,-0.22619865019323943,WLS,153,3.8774253837497996e-05
4,UPFC_Vse,5-15,0.05969186601057951,97,0.05833418409060813,WLS,153,0.0013576819199713833
5,UPFC_tse,5-15,-2.147923542427168,97,-2.134175248315018,WLS,153,0.013748294112150283
0,x_tcsc,1-14,-0.13983717826492154,98,-0.13985838782808235,WLS,153,2.120956316081779e-05
1,B_svc,2,0.30137175700374874,98,0.3014592819457357,WLS,153,8.752494198693839e-05
2,UPFC_Vsh,5-15,1.1043299256424346,98,1.1047704921768118,WLS,153,0.00044056653437718474
3,UPFC_tsh,5-15,-0.22623572271776163,98,-0.22619865019323943,WLS,153,3.7072524522202555e-05
4,UPFC_Vse,5-15,0.059880170670928164,98,0.05833418409060813,WLS,153,0.0015459865803200343
5,UPFC_tse,5-15,-2.1482452438818544,98,-2.134175248315018,WLS,153,0.014069995566836635
0,x_tcsc,1-14,-0.1398709721327457,99,-0.13985838782808235,WLS,153,1.2584304663360024e-05
1,B_svc,2,0.3009100157660708,99,0.3014592819457357,WLS,153,0.0005492661796648868
2,UPFC_Vsh,5-15,1.1048322854211996,99,1.1047704921768118,WLS,153,6.179324438781997e-05
3,UPFC_tsh,5-15,-0.22614165843229866,99,-0.22619865019323943,WLS,153,5.699176094076108e-05
4,UPFC_Vse,5-15,0.05941791761433271,99,0.05833418409060813,WLS,153,0.001083733523724581
5,UPFC_tse,5-15,-2.152517372950317,99,-2.134175248315018,WLS,153,0.01834212463529905
0,x_tcsc,1-14,-0.14021585854073607,0,-0.14022937543990158,WLS,155,1.351689916551102e-05
1,B_svc,2,0.3034113489630335,0,0.30342516789828244,WLS,155,1.3818935248932629e-05
2,UPFC_Vsh,5-15,1.1049386188494628,0,1.104214483283727,WLS,155,0.0007241355657356952
3,UPFC_tsh,5-15,-0.2260296459432741,0,-0.22599573002054105,WLS,155,3.3915922733052106e-05
4,UPFC_Vse,5-15,0.05955615747217497,0,0.05791566213151965,WLS,155,0.0016404953406553222
5,UPFC_tse,5-15,-2.149575383912611,0,-2.1368171684030264,WLS,155,0.01275821550958467
0,x_tcsc,1-14,-0.1402183157110066,1,-0.14022937543990158,WLS,155,1.1059728894979859e-05
1,B_svc,2,0.30327858741445474,1,0.30342516789828244,WLS,155,0.00014658048382770739
2,UPFC_Vsh,5-15,1.1043281903974416,1,1.104214483283727,WLS,155,0.00011370711371450071
3,UPFC_tsh,5-15,-0.22601645752234148,1,-0.22599573002054105,WLS,155,2.07275018004327e-05
4,UPFC_Vse,5-15,0.058953700790656795,1,0.05791566213151965,WLS,155,0.0010380386591371457
5,UPFC_tse,5-15,-2.1502928058587667,1,-2.1368171684030264,WLS,155,0.013475637455740319
0,x_tcsc,1-14,-0.14021867383089368,2,-0.14022937543990158,WLS,155,1.0701609007901514e-05
1,B_svc,2,0.3036971756783131,2,0.30342516789828244,WLS,155,0.0002720077800306697
2,UPFC_Vsh,5-15,1.104514452571545,2,1.104214483283727,WLS,155,0.00029996928781783616
3,UPFC_tsh,5-15,-0.22599119527990025,2,-0.22599573002054105,WLS,155,4.534740640799173e-06
4,UPFC_Vse,5-15,0.05985367122398625,2,0.05791566213151965,WLS,155,0.0019380090924666013
5,UPFC_tse,5-15,-2.153400122727713,2,-2.1368171684030264,WLS,155,0.016582954324686483
0,x_tcsc,1-14,-0.140215142284595,3,-0.14022937543990158,WLS,155,1.423315530657554e-05
1,B_svc,2,0.303363925476171,3,0.30342516789828244,WLS,155,6.124242211141828e-05
2,UPFC_Vsh,5-15,1.1046113682145202,3,1.104214483283727,WLS,155,0.000396884930793151
3,UPFC_tsh,5-15,-0.2260308609831207,3,-0.22599573002054105,WLS,155,3.5130962579649205e-05
4,UPFC_Vse,5-15,0.05992969823540604,3,0.05791566213151965,WLS,155,0.0020140361038863894
5,UPFC_tse,5-15,-2.1497366072993085,3,-2.1368171684030264,WLS,155,0.01291943889628211
0,x_tcsc,1-14,-0.14023238043522165,4,-0.14022937543990158,WLS,155,3.0049953200772528e-06
1,B_svc,2,0.3031158487198604,4,0.30342516789828244,WLS,155,0.0003093191784220295
2,UPFC_Vsh,5-15,1.1045904107323115,4,1.104214483283727,WLS,155,0.00037592744858439
3,UPFC_tsh,5-15,-0.22600563431721454,4,-0.22599573002054105,WLS,155,9.904296673496349e-06
4,UPFC_Vse,5-15,0.05946433131816521,4,0.05791566213151965,WLS,155,0.0015486691866455626
5,UPFC_tse,5-15,-2.152362793360827,4,-2.1368171684030264,WLS,155,0.015545624957800541
0,x_tcsc,1-14,-0.14021020100559115,5,-0.14022937543990158,WLS,155,1.9174434310431643e-05
1,B_svc,2,0.3035667202480016,5,0.30342516789828244,WLS,155,0.00014155234971913178
2,UPFC_Vsh,5-15,1.1042639053461494,5,1.104214483283727,WLS,155,4.942206242231073e-05
3,UPFC_tsh,5-15,-0.22600537311263222,5,-0.22599573002054105,WLS,155,9.643092091171646e-06
4,UPFC_Vse,5-15,0.05988303761842268,5,0.05791566213151965,WLS,155,0.001967375486903032
5,UPFC_tse,5-15,-2.145318908621323,5,-2.1368171684030264,WLS,155,0.00850174021829675
0,x_tcsc,1-14,-0.14021779513510083,6,-0.14022937543990158,WLS,155,1.1580304800751229e-05
1,B_svc,2,0.30348471426594104,6,0.30342516789828244,WLS,155,5.954636765859167e-05
2,UPFC_Vsh,5-15,1.1047777560620347,6,1.104214483283727,WLS,155,0.0005632727783075886
3,UPFC_tsh,5-15,-0.22597190319846783,6,-0.22599573002054105,WLS,155,2.3826822073219622e-05
4,UPFC_Vse,5-15,0.059542612005098486,6,0.05791566213151965,WLS,155,0.0016269498735788368
5,UPFC_tse,5-15,-2.153367920231661,6,-2.1368171684030264,WLS,155,0.016550751828634525
0,x_tcsc,1-14,-0.14024106679372184,7,-0.14022937543990158,WLS,155,1.1691353820258987e-05
1,B_svc,2,0.3035135063140404,7,0.30342516789828244,WLS,155,8.833841575794921e-05
2,UPFC_Vsh,5-15,1.104457068388872,7,1.104214483283727,WLS,155,0.00024258510514485465
3,UPFC_tsh,5-15,-0.22605844598096997,7,-0.22599573002054105,WLS,155,6.27159604289218e-05
4,UPFC_Vse,5-15,0.059648111225319544,7,0.05791566213151965,WLS,155,0.0017324490937998954
5,UPFC_tse,5-15,-2.1539360601450617,7,-2.1368171684030264,WLS,155,0.01711889174203529
0,x_tcsc,1-14,-0.1401830204861224,8,-0.14022937543990158,WLS,155,4.635495377916521e-05
1,B_svc,2,0.3033264081076595,8,0.30342516789828244,WLS,155,9.875979062295981e-05
2,UPFC_Vsh,5-15,1.1046778743560473,8,1.104214483283727,WLS,155,0.00046339107232018506
3,UPFC_tsh,5-15,-0.22606205743811772,8,-0.22599573002054105,WLS,155,6.63274175766726e-05
4,UPFC_Vse,5-15,0.05973850095219492,8,0.05791566213151965,WLS,155,0.001822838820675271
5,UPFC_tse,5-15,-2.1561830491931313,8,-2.1368171684030264,WLS,155,0.019365880790104928
0,x_tcsc,1-14,-0.14021151773924306,9,-0.14022937543990158,WLS,155,1.7857700658513442e-05
1,B_svc,2,0.30330898122601657,9,0.30342516789828244,WLS,155,0.0001161866722658722
2,UPFC_Vsh,5-15,1.10414087240116,9,1.104214483283727,WLS,155,7.361088256696569e-05
3,UPFC_tsh,5-15,-0.22603044441581804,9,-0.22599573002054105,WLS,155,3.471439527699682e-05
4,UPFC_Vse,5-15,0.05985650225180422,9,0.05791566213151965,WLS,155,0.0019408401202845732
5,UPFC_tse,5-15,-2.1487249162694697,9,-2.1368171684030264,WLS,155,0.01190774786644333
0,x_tcsc,1-14,-0.14021026201080708,10,-0.14022937543990158,WLS,155,1.9113429094497203e-05
1,B_svc,2,0.3038422122562479,10,0.30342516789828244,WLS,155,0.0004170443579654681
2,UPFC_Vsh,5-15,1.1046893082954425,10,1.104214483283727,WLS,155,0.000474825011715474
3,UPFC_tsh,5-15,-0.2259705660425547,10,-0.22599573002054105,WLS,155,2.516397798635328e-05
4,UPFC_Vse,5-15,0.059688069736857696,10,0.05791566213151965,WLS,155,0.0017724076053380472
5,UPFC_tse,5-15,-2.153950451313195,10,-2.1368171684030264,WLS,155,0.017133282910168468
0,x_tcsc,1-14,-0.1402248192113599,11,-0.14022937543990158,WLS,155,4.5562285416744785e-06
1,B_svc,2,0.3033091176126622,11,0.30342516789828244,WLS,155,0.00011605028562022834
2,UPFC_Vsh,5-15,1.104839500336603,11,1.104214483283727,WLS,155,0.0006250170528758758
3,UPFC_tsh,5-15,-0.22599405147318016,11,-0.22599573002054105,WLS,155,1.6785473608837975e-06
4,UPFC_Vse,5-15,0.05972191337757919,11,0.05791566213151965,WLS,155,0.0018062512460595426
5,UPFC_tse,5-15,-2.1500740530445333,11,-2.1368171684030264,WLS,155,0.013256884641506872
0,x_tcsc,1-14,-0.14021305588650074,12,-0.14022937543990158,WLS,155,1.6319553400839792e-05
1,B_svc,2,0.303998893672873,12,0.30342516789828244,WLS,155,0.0005737257745905833
2,UPFC_Vsh,5-15,1.1045058387239561,12,1.104214483283727,WLS,155,0.00029135544022906856
3,UPFC_tsh,5-15,-0.2260249832261282,12,-0.22599573002054105,WLS,155,2.9253205587165265e-05
4,UPFC_Vse,5-15,0.058969850484836224,12,0.05791566213151965,WLS,155,0.001054188353316575
5,UPFC_tse,5-15,-2.1505996958553952,12,-2.1368171684030264,WLS,155,0.013782527452368853
0,x_tcsc,1-14,-0.14021275533625488,13,-0.14022937543990158,WLS,155,1.6620103646697304e-05
1,B_svc,2,0.3037763775941827,13,0.30342516789828244,WLS,155,0.0003512096959002453
2,UPFC_Vsh,5-15,1.10471721099479,13,1.104214483283727,WLS,155,0.0005027277110629669
3,UPFC_tsh,5-15,-0.2259925453544858,13,-0.22599573002054105,WLS,155,3.1846660552559136e-06
4,UPFC_Vse,5-15,0.059287887327818777,13,0.05791566213151965,WLS,155,0.0013722251962991275
5,UPFC_tse,5-15,-2.151333303390913,13,-2.1368171684030264,WLS,155,0.01451613498788662
0,x_tcsc,1-14,-0.1402150105593935,14,-0.14022937543990158,WLS,155,1.4364880508072053e-05
1,B_svc,2,0.30335013169767705,14,0.30342516789828244,WLS,155,7.503620060539395e-05
2,UPFC_Vsh,5-15,1.1046587221858442,14,1.104214483283727,WLS,155,0.00044423890211708894
3,UPFC_tsh,5-15,-0.2258956780691612,14,-0.22599573002054105,WLS,155,0.00010005195137985368
4,UPFC_Vse,5-15,0.059350540737698666,14,0.05791566213151965,WLS,155,0.0014348786061790172
5,UPFC_tse,5-15,-2.147331420126178,14,-2.1368171684030264,WLS,155,0.01051425172315179
0,x_tcsc,1-14,-0.14021008547297875,15,-0.14022937543990158,WLS,155,1.9289966922825252e-05
1,B_svc,2,0.30334977748534725,15,0.30342516789828244,WLS,155,7.539041293519455e-05
2,UPFC_Vsh,5-15,1.1042901648986836,15,1.104214483283727,WLS,155,7.568161495652426e-05
3,UPFC_tsh,5-15,-0.2260146641893822,15,-0.22599573002054105,WLS,155,1.8934168841161503e-05
4,UPFC_Vse,5-15,0.05944498687243304,15,0.05791566213151965,WLS,155,0.0015293247409133917
5,UPFC_tse,5-15,-2.148367874942554,15,-2.1368171684030264,WLS,155,0.0115507065395275
0,x_tcsc,1-14,-0.14023255858461564,16,-0.14022937543990158,WLS,155,3.1831447140640012e-06
1,B_svc,2,0.30373693437971705,16,0.30342516789828244,WLS,155,0.0003117664814346055
2,UPFC_Vsh,5-15,1.1045456471276611,16,1.104214483283727,WLS,155,0.00033116384393405696
3,UPFC_tsh,5-15,-0.2260030889376461,16,-0.22599573002054105,WLS,155,7.358917105043661e-06
4,UPFC_Vse,5-15,0.059247629876036684,16,0.05791566213151965,WLS,155,0.0013319677445170347
5,UPFC_tse,5-15,-2.151990359615055,16,-2.1368171684030264,WLS,155,0.015173191212028758
0,x_tcsc,1-14,-0.14023154280987446,17,-0.14022937543990158,WLS,155,2.1673699728830265e-06
1,B_svc,2,0.30377725209858497,17,0.30342516789828244,WLS,155,0.00035208420030252707
2,UPFC_Vsh,5-15,1.1047511210492458,17,1.104214483283727,WLS,155,0.0005366377655187105
3,UPFC_tsh,5-15,-0.22600002340675038,17,-0.22599573002054105,WLS,155,4.293386209330841e-06
4,UPFC_Vse,5-15,0.059378253232677466,17,0.05791566213151965,WLS,155,0.0014625911011578174
5,UPFC_tse,5-15,-2.1509336323598816,17,-2.1368171684030264,WLS,155,0.014116463956855174
0,x_tcsc,1-14,-0.14023763636159903,18,-0.14022937543990158,WLS,155,8.260921697450518e-06
1,B_svc,2,0.3038338531859884,18,0.30342516789828244,WLS,155,0.0004086852877059344
2,UPFC_Vsh,5-15,1.1045992316799167,18,1.104214483283727,WLS,155,0.000384748396189627
3,UPFC_tsh,5-15,-0.22601364496772955,18,-0.22599573002054105,WLS,155,1.791494718850206e-05
4,UPFC_Vse,5-15,0.06000084340003463,18,0.05791566213151965,WLS,155,0.0020851812685149795
5,UPFC_tse,5-15,-2.147971140827133,18,-2.1368171684030264,WLS,155,0.011153972424106762
0,x_tcsc,1-14,-0.1402209900469907,19,-0.14022937543990158,WLS,155,8.385392910870149e-06
1,B_svc,2,0.303494664897422,19,0.30342516789828244,WLS,155,6.94969991395511e-05
2,UPFC_Vsh,5-15,1.1041926365095798,19,1.104214483283727,WLS,155,2.1846774147293857e-05
3,UPFC_tsh,5-15,-0.22600369808552134,19,-0.22599573002054105,WLS,155,7.968064980296008e-06
4,UPFC_Vse,5-15,0.05964763214931908,19,0.05791566213151965,WLS,155,0.001731970017799428
5,UPFC_tse,5-15,-2.152175790506027,19,-2.1368171684030264,WLS,155,0.015358622103000652
0,x_tcsc,1-14,-0.14022453620645162,20,-0.14022937543990158,WLS,155,4.83923344996029e-06
1,B_svc,2,0.30369070834784384,20,0.30342516789828244,WLS,155,0.00026554044956139666
2,UPFC_Vsh,5-15,1.1044929438763356,20,1.104214483283727,WLS,155,0.0002784605926084982
3,UPFC_tsh,5-15,-0.22599875565337113,20,-0.22599573002054105,WLS,155,3.0256328300837243e-06
4,UPFC_Vse,5-15,0.05980095871590142,20,0.05791566213151965,WLS,155,0.0018852965843817737
5,UPFC_tse,5-15,-2.1496665444007355,20,-2.1368171684030264,WLS,155,0.012849375997709078
0,x_tcsc,1-14,-0.140201943520001,21,-0.14022937543990158,WLS,155,2.7431919900566815e-05
1,B_svc,2,0.30358881215416655,21,0.30342516789828244,WLS,155,0.00016364425588411002
2,UPFC_Vsh,5-15,1.1042766309246603,21,1.104214483283727,WLS,155,6.21476409332633e-05
3,UPFC_tsh,5-15,-0.22597995059826315,21,-0.22599573002054105,WLS,155,1.5779422277900634e-05
4,UPFC_Vse,5-15,0.05984233893487728,21,0.05791566213151965,WLS,155,0.0019266768033576326
5,UPFC_tse,5-15,-2.151600646437996,21,-2.1368171684030264,WLS,155,0.014783478034969821
0,x_tcsc,1-14,-0.14022545745049358,22,-0.14022937543990158,WLS,155,3.917989407992151e-06
1,B_svc,2,0.3037158000942745,22,0.30342516789828244,WLS,155,0.0002906321959920688
2,UPFC_Vsh,5-15,1.104248030827894,22,1.104214483283727,WLS,155,3.3547544166845356e-05
3,UPFC_tsh,5-15,-0.2259697886921431,22,-0.22599573002054105,WLS,155,2.594132839794927e-05
4,UPFC_Vse,5-15,0.05915494922047459,22,0.05791566213151965,WLS,155,0.0012392870889549393
5,UPFC_tse,5-15,-2.152157131515084,22,-2.1368171684030264,WLS,155,0.015339963112057653
0,x_tcsc,1-14,-0.14023079326586266,23,-0.14022937543990158,WLS,155,1.4178259610808652e-06
1,B_svc,2,0.3036952998475377,23,0.30342516789828244,WLS,155,0.00027013194925523676
2,UPFC_Vsh,5-15,1.10440493326201,23,1.104214483283727,WLS,155,0.0001904499782829916
3,UPFC_tsh,5-15,-0.22599141314679635,23,-0.22599573002054105,WLS,155,4.316873744691918e-06
4,UPFC_Vse,5-15,0.05957300372308875,23,0.05791566213151965,WLS,155,0.001657341591569099
5,UPFC_tse,5-15,-2.147889275657322,23,-2.1368171684030264,WLS,155,0.011072107254295638
0,x_tcsc,1-14,-0.1402141372729881,24,-0.14022937543990158,WLS,155,1.5238166913483786e-05
1,B_svc,2,0.30374954866756243,24,0.30342516789828244,WLS,155,0.00032438076927998605
2,UPFC_Vsh,5-15,1.1041909451594258,24,1.104214483283727,WLS,155,2.3538124301225594e-05
3,UPFC_tsh,5-15,-0.2259930910368908,24,-0.22599573002054105,WLS,155,2.6389836502438424e-06
4,UPFC_Vse,5-15,0.05981938774600889,24,0.05791566213151965,WLS,155,0.0019037256144892392
5,UPFC_tse,5-15,-2.1477034055323423,24,-2.1368171684030264,WLS,155,0.010886237129315912
0,x_tcsc,1-14,-0.14020027404791263,25,-0.14022937543990158,WLS,155,2.9101391988944902e-05
1,B_svc,2,0.3027402538076408,25,0.30342516789828244,WLS,155,0.0006849140906416418
2,UPFC_Vsh,5-15,1.10452298850555,25,1.104214483283727,WLS,155,0.00030850522182301887
3,UPFC_tsh,5-15,-0.22595588120103713,25,-0.22599573002054105,WLS,155,3.9848819503918165e-05
4,UPFC_Vse,5-15,0.05938811672779515,25,0.05791566213151965,WLS,155,0.0014724545962754992
5,UPFC_tse,5-15,-2.152278323754054,25,-2.1368171684030264,WLS,155,0.015461155351027767
0,x_tcsc,1-14,-0.14022598850750276,26,-0.14022937543990158,WLS,155,3.3869323988189315e-06
1,B_svc,2,0.30347239948718674,26,0.30342516789828244,WLS,155,4.723158890429513e-05
2,UPFC_Vsh,5-15,1.1045042063534063,26,1.104214483283727,WLS,155,0.00028972306967922634
3,UPFC_tsh,5-15,-0.22599222063253024,26,-0.22599573002054105,WLS,155,3.5093880108028053e-06
4,UPFC_Vse,5-15,0.059768548684627026,26,0.05791566213151965,WLS,155,0.0018528865531073774
5,UPFC_tse,5-15,-2.152602583723766,26,-2.1368171684030264,WLS,155,0.015785415320739737
0,x_tcsc,1-14,-0.14018929163831567,27,-0.14022937543990158,WLS,155,4.008380158590508e-05
1,B_svc,2,0.3035058590593532,27,0.30342516789828244,WLS,155,8.069116107073393e-05
2,UPFC_Vsh,5-15,1.1044838985722827,27,1.104214483283727,WLS,155,0.0002694152885556189
3,UPFC_tsh,5-15,-0.22599397019975292,27,-0.22599573002054105,WLS,155,1.7598207881219796e-06
4,UPFC_Vse,5-15,0.05930483809667721,27,0.05791566213151965,WLS,155,0.0013891759651575644
5,UPFC_tse,5-15,-2.150777554862204,27,-2.1368171684030264,WLS,155,0.01396038645917752
0,x_tcsc,1-14,-0.1402031772837266,28,-0.14022937543990158,WLS,155,2.6198156174966902e-05
1,B_svc,2,0.30337841274003846,28,0.30342516789828244,WLS,155,4.675515824398291e-05
2,UPFC_Vsh,5-15,1.1044068050088358,28,1.104214483283727,WLS,155,0.00019232172510874612
3,UPFC_tsh,5-15,-0.22599098523092945,28,-0.22599573002054105,WLS,155,4.744789611599298e-06
4,UPFC_Vse,5-15,0.05986593322204757,28,0.05791566213151965,WLS,155,0.001950271090527922
5,UPFC_tse,5-15,-2.1493995168382547,28,-2.1368171684030264,WLS,155,0.012582348435228319
0,x_tcsc,1-14,-0.14023841628250602,29,-0.14022937543990158,WLS,155,9.040842604446375e-06
1,B_svc,2,0.30346183544470307,29,0.30342516789828244,WLS,155,3.66675464206212e-05
2,UPFC_Vsh,5-15,1.1043735912458914,29,1.104214483283727,WLS,155,0.00015910796216433987
3,UPFC_tsh,5-15,-0.22599150372204857,29,-0.22599573002054105,WLS,155,4.226298492476799e-06
4,UPFC_Vse,5-15,0.05967851840868498,29,0.05791566213151965,WLS,155,0.0017628562771653325
5,UPFC_tse,5-15,-2.150368712583528,29,-2.1368171684030264,WLS,155,0.01355154418050164
0,x_tcsc,1-14,-0.1402201034845098,30,-0.14022937543990158,WLS,155,9.271955391770836e-06
1,B_svc,2,0.30365420262235665,30,0.30342516789828244,WLS,155,0.00022903472407420633
2,UPFC_Vsh,5-15,1.104686162338798,30,1.104214483283727,WLS,155,0.0004716790550709504
3,UPFC_tsh,5-15,-0.22596401183582096,30,-0.22599573002054105,WLS,155,3.171818472008647e-05
4,UPFC_Vse,5-15,0.05941752247720822,30,0.05791566213151965,WLS,155,0.0015018603456885687
5,UPFC_tse,5-15,-2.1507926301784126,30,-2.1368171684030264,WLS,155,0.013975461775386222
0,x_tcsc,1-14,-0.14020621686217938,31,-0.14022937543990158,WLS,155,2.315857772219876e-05
1,B_svc,2,0.30336126546957876,31,0.30342516789828244,WLS,155,6.390242870368823e-05
2,UPFC_Vsh,5-15,1.1046407628457613,31,1.104214483283727,WLS,155,0.00042627956203422634
3,UPFC_tsh,5-15,-0.2260232585433447,31,-0.22599573002054105,WLS,155,2.752852280366036e-05
4,UPFC_Vse,5-15,0.059791941189467665,31,0.05791566213151965,WLS,155,0.001876279057948016
5,UPFC_tse,5-15,-2.1499951202546077,31,-2.1368171684030264,WLS,155,0.013177951851581327
0,x_tcsc,1-14,-0.14018980920608207,32,-0.14022937543990158,WLS,155,3.956623381951019e-05
1,B_svc,2,0.3034156041347375,32,0.30342516789828244,WLS,155,9.563763544939707e-06
2,UPFC_Vsh,5-15,1.1044060183950448,32,1.104214483283727,WLS,155,0.00019153511131775325
3,UPFC_tsh,5-15,-0.22593246705949632,32,-0.22599573002054105,WLS,155,6.32629610447244e-05
4,UPFC_Vse,5-15,0.05959624204652801,32,0.05791566213151965,WLS,155,0.0016805799150083622
5,UPFC_tse,5-15,-2.150309560802946,32,-2.1368171684030264,WLS,155,0.013492392399919506
0,x_tcsc,1-14,-0.14021234347526754,33,-0.14022937543990158,WLS,155,1.7031964634039998e-05
1,B_svc,2,0.3032677981494294,33,0.30342516789828244,WLS,155,0.00015736974885305344
2,UPFC_Vsh,5-15,1.1046584993158226,33,1.104214483283727,WLS,155,0.00044401603209553997
3,UPFC_tsh,5-15,-0.22599887092816412,33,-0.22599573002054105,WLS,155,3.1409076230726196e-06
4,UPFC_Vse,5-15,0.05930408999602956,33,0.05791566213151965,WLS,155,0.0013884278645099127
5,UPFC_tse,5-15,-2.1514613789622756,33,-2.1368171684030264,WLS,155,0.014644210559249249
0,x_tcsc,1-14,-0.1402155487324435,34,-0.14022937543990158,WLS,155,1.3826707458086673e-05
1,B_svc,2,0.3039882813111313,34,0.30342516789828244,WLS,155,0.0005631134128488702
2,UPFC_Vsh,5-15,1.1042001835633362,34,1.104214483283727,WLS,155,1.4299720390908988e-05
3,UPFC_tsh,5-15,-0.22603033323157332,34,-0.22599573002054105,WLS,155,3.4603211032269154e-05
4,UPFC_Vse,5-15,0.05966792410807044,34,0.05791566213151965,WLS,155,0.0017522619765507896
5,UPFC_tse,5-15,-2.1527686584601575,34,-2.1368171684030264,WLS,155,0.015951490057131146
0,x_tcsc,1-14,-0.14019785075200902,35,-0.14022937543990158,WLS,155,3.152468789255347e-05
1,B_svc,2,0.30331533401848876,35,0.30342516789828244,WLS,155,0.00010983387979368597
2,UPFC_Vsh,5-15,1.104425418380891,35,1.104214483283727,WLS,155,0.00021093509716396674
3,UPFC_tsh,5-15,-0.22606824343089296,35,-0.22599573002054105,WLS,155,7.251341035191539e-05
4,UPFC_Vse,5-15,0.059556985855791965,35,0.05791566213151965,WLS,155,0.0016413237242723158
5,UPFC_tse,5-15,-2.1518319084751343,35,-2.1368171684030264,WLS,155,0.015014740072107902
0,x_tcsc,1-14,-0.14020972666175105,36,-0.14022937543990158,WLS,155,1.9648778150527235e-05
1,B_svc,2,0.30339009441236886,36,0.30342516789828244,WLS,155,3.5073485913583724e-05
2,UPFC_Vsh,5-15,1.104487714389745,36,1.104214483283727,WLS,155,0.00027323110601784606
3,UPFC_tsh,5-15,-0.22602189738601114,36,-0.22599573002054105,WLS,155,2.616736547009224e-05
4,UPFC_Vse,5-15,0.05926831064475081,36,0.05791566213151965,WLS,155,0.0013526485132311639
5,UPFC_tse,5-15,-2.1503271207139245,36,-2.1368171684030264,WLS,155,0.013509952310898132
0,x_tcsc,1-14,-0.14022926876270053,37,-0.14022937543990158,WLS,155,1.0667720104495793e-07
1,B_svc,2,0.30320805835158354,37,0.30342516789828244,WLS,155,0.00021710954669890148
2,UPFC_Vsh,5-15,1.1045457297286962,37,1.104214483283727,WLS,155,0.0003312464449691799
3,UPFC_tsh,5-15,-0.22602611771459838,37,-0.22599573002054105,WLS,155,3.0387694057332215e-05
4,UPFC_Vse,5-15,0.05950191879070359,37,0.05791566213151965,WLS,155,0.0015862566591839378
5,UPFC_tse,5-15,-2.152774759437877,37,-2.1368171684030264,WLS,155,0.015957591034850616
0,x_tcsc,1-14,-0.1402408413987503,38,-0.14022937543990158,WLS,155,1.1465958848710933e-05
1,B_svc,2,0.303633003981809,38,0.30342516789828244,WLS,155,0.00020783608352653582
2,UPFC_Vsh,5-15,1.104458697573163,38,1.104214483283727,WLS,155,0.0002442142894358845
3,UPFC_tsh,5-15,-0.22606221993019496,38,-0.22599573002054105,WLS,155,6.648990965391066e-05
4,UPFC_Vse,5-15,0.05976427147973957,38,0.05791566213151965,WLS,155,0.0018486093482199192
5,UPFC_tse,5-15,-2.1503379834783996,38,-2.1368171684030264,WLS,155,0.013520815075373172
0,x_tcsc,1-14,-0.14022227972501144,39,-0.14022937543990158,WLS,155,7.095714890131832e-06
1,B_svc,2,0.3030400760386414,39,0.30342516789828244,WLS,155,0.0003850918596410291
2,UPFC_Vsh,5-15,1.104493908341826,39,1.104214483283727,WLS,155,0.00027942505809885887
3,UPFC_tsh,5-15,-0.226090632099848,39,-0.22599573002054105,WLS,155,9.490207930695771e-05
4,UPFC_Vse,5-15,0.05971416357254319,39,0.05791566213151965,WLS,155,0.001798501441023538
5,UPFC_tse,5-15,-2.1518223710809514,39,-2.1368171684030264,WLS,155,0.015005202677925045
0,x_tcsc,1-14,-0.14022968849599984,40,-0.14022937543990158,WLS,155,3.1305609826670633e-07
1,B_svc,2,0.3034304961215403,40,0.30342516789828244,WLS,155,5.328223257883291e-06
2,UPFC_Vsh,5-15,1.104147953348428,40,1.104214483283727,WLS,155,6.652993529909779e-05
3,UPFC_tsh,5-15,-0.22603381320624732,40,-0.22599573002054105,WLS,155,3.8083185706278e-05
4,UPFC_Vse,5-15,0.059920466942120915,40,0.05791566213151965,WLS,155,0.0020048048106012656
5,UPFC_tse,5-15,-2.1486768486413568,40,-2.1368171684030264,WLS,155,0.011859680238330395
0,x_tcsc,1-14,-0.140207486662268,41,-0.14022937543990158,WLS,155,2.1888777633566336e-05
1,B_svc,2,0.30352186416617505,41,0.30342516789828244,WLS,155,9.669626789260422e-05
2,UPFC_Vsh,5-15,1.1045420705932387,41,1.104214483283727,WLS,155,0.0003275873095116566
3,UPFC_tsh,5-15,-0.225954846385786,41,-0.22599573002054105,WLS,155,4.088363475504564e-05
4,UPFC_Vse,5-15,0.05933476404522734,41,0.05791566213151965,WLS,155,0.0014191019137076918
5,UPFC_tse,5-15,-2.1524685009034425,41,-2.1368171684030264,WLS,155,0.01565133250041617
0,x_tcsc,1-14,-0.14019517548009416,42,-0.14022937543990158,WLS,155,3.419995980741275e-05
1,B_svc,2,0.30353928032680116,42,0.30342516789828244,WLS,155,0.00011411242851872005
2,UPFC_Vsh,5-15,1.1045499284471212,42,1.104214483283727,WLS,155,0.00033544516339412134
3,UPFC_tsh,5-15,-0.22601658464754537,42,-0.22599573002054105,WLS,155,2.0854627004324167e-05
4,UPFC_Vse,5-15,0.05965071658532801,42,0.05791566213151965,WLS,155,0.0017350544538083587
5,UPFC_tse,5-15,-2.150547636965847,42,-2.1368171684030264,WLS,155,0.013730468562820786
0,x_tcsc,1-14,-0.1402231181748335,43,-0.14022937543990158,WLS,155,6.2572650680881026e-06
1,B_svc,2,0.3037926689098268,43,0.30342516789828244,WLS,155,0.00036750101154436887
2,UPFC_Vsh,5-15,1.1045045735241734,43,1.104214483283727,WLS,155,0.0002900902404463501
3,UPFC_tsh,5-15,-0.22601574961432924,43,-0.22599573002054105,WLS,155,2.001959378819529e-05
4,UPFC_Vse,5-15,0.05924500940048694,43,0.05791566213151965,WLS,155,0.0013293472689672875
5,UPFC_tse,5-15,-2.1505662186166843,43,-2.1368171684030264,WLS,155,0.01374905021365791
0,x_tcsc,1-14,-0.1402305571810116,44,-0.14022937543990158,WLS,155,1.1817411100234487e-06
1,B_svc,2,0.30349196492402974,44,0.30342516789828244,WLS,155,6.679702574730051e-05
2,UPFC_Vsh,5-15,1.1043993944517974,44,1.104214483283727,WLS,155,0.00018491116807028973
3,UPFC_tsh,5-15,-0.22603778068791858,44,-0.22599573002054105,WLS,155,4.205066737753005e-05
4,UPFC_Vse,5-15,0.05957822434942038,44,0.05791566213151965,WLS,155,0.0016625622179007316
5,UPFC_tse,5-15,-2.148767909913714,44,-2.1368171684030264,WLS,155,0.011950741510687646
0,x_tcsc,1-14,-0.14021969375162693,45,-0.14022937543990158,WLS,155,9.681688274643108e-06
1,B_svc,2,0.30326823749041015,45,0.30342516789828244,WLS,155,0.00015693040787229107
2,UPFC_Vsh,5-15,1.1047538434145256,45,1.104214483283727,WLS,155,0.0005393601307985829
3,UPFC_tsh,5-15,-0.2260321420230506,45,-0.22599573002054105,WLS,155,3.641200250956156e-05
4,UPFC_Vse,5-15,0.059128327369230904,45,0.05791566213151965,WLS,155,0.0012126652377112551
5,UPFC_tse,5-15,-2.1543905335079243,45,-2.1368171684030264,WLS,155,0.01757336510489793
0,x_tcsc,1-14,-0.14022507038504278,46,-0.14022937543990158,WLS,155,4.305054858794177e-06
1,B_svc,2,0.3034981368691013,46,0.30342516789828244,WLS,155,7.296897081887632e-05
2,UPFC_Vsh,5-15,1.1043622797359296,46,1.104214483283727,WLS,155,0.00014779645220253101
3,UPFC_tsh,5-15,-0.22608061372416055,46,-0.22599573002054105,WLS,155,8.488370361950381e-05
4,UPFC_Vse,5-15,0.059882234140914446,46,0.05791566213151965,WLS,155,0.001966572009394797
5,UPFC_tse,5-15,-2.147024491162931,46,-2.1368171684030264,WLS,155,0.010207322759904436
0,x_tcsc,1-14,-0.1402120595986509,47,-0.14022937543990158,WLS,155,1.7315841250670205e-05
1,B_svc,2,0.3036208095480527,47,0.30342516789828244,WLS,155,0.00019564164977026177
2,UPFC_Vsh,5-15,1.104355156971554,47,1.104214483283727,WLS,155,0.0001406736878268866
3,UPFC_tsh,5-15,-0.22608245396823362,47,-0.22599573002054105,WLS,155,8.672394769257408e-05
4,UPFC_Vse,5-15,0.05901803918364872,47,0.05791566213151965,WLS,155,0.0011023770521290735
5,UPFC_tse,5-15,-2.1528026141284538,47,-2.1368171684030264,WLS,155,0.015985445725427372
0,x_tcsc,1-14,-0.14022847032653138,48,-0.14022937543990158,WLS,155,9.051133701976077e-07
1,B_svc,2,0.303704222925516,48,0.30342516789828244,WLS,155,0.0002790550272335768
2,UPFC_Vsh,5-15,1.104599317416673,48,1.104214483283727,WLS,155,0.0003848341329459881
3,UPFC_tsh,5-15,-0.2260279015054848,48,-0.22599573002054105,WLS,155,3.217148494374933e-05
4,UPFC_Vse,5-15,0.05967031260979363,48,0.05791566213151965,WLS,155,0.0017546504782739794
5,UPFC_tse,5-15,-2.15250594315282,48,-2.1368171684030264,WLS,155,0.015688774749793577
0,x_tcsc,1-14,-0.1402152645657229,49,-0.14022937543990158,WLS,155,1.4110874178685506e-05
1,B_svc,2,0.3031826361163975,49,0.30342516789828244,WLS,155,0.00024253178188493596
2,UPFC_Vsh,5-15,1.1044575299839143,49,1.104214483283727,WLS,155,0.00024304670018726604
3,UPFC_tsh,5-15,-0.2259744717879589,49,-0.22599573002054105,WLS,155,2.125823258214421e-05
4,UPFC_Vse,5-15,0.05974878629502758,49,0.05791566213151965,WLS,155,0.001833124163507928
5,UPFC_tse,5-15,-2.149778386319605,49,-2.1368171684030264,WLS,155,0.012961217916578782
0,x_tcsc,1-14,-0.14021720781502436,50,-0.14022937543990158,WLS,155,1.2167624877212901e-05
1,B_svc,2,0.30360371469417774,50,0.30342516789828244,WLS,155,0.00017854679589529576
2,UPFC_Vsh,5-15,1.1045135734079876,50,1.104214483283727,WLS,155,0.00029909012426054815
3,UPFC_tsh,5-15,-0.2259944527039781,50,-0.22599573002054105,WLS,155,1.2773165629365035e-06
4,UPFC_Vse,5-15,0.059766800784768176,50,0.05791566213151965,WLS,155,0.0018511386532485269
5,UPFC_tse,5-15,-2.1512208359916394,50,-2.1368171684030264,WLS,155,0.014403667588613
0,x_tcsc,1-14,-0.1402367529347142,51,-0.14022937543990158,WLS,155,7.377494812610408e-06
1,B_svc,2,0.30365240237144697,51,0.30342516789828244,WLS,155,0.00022723447316452816
2,UPFC_Vsh,5-15,1.104435285147138,51,1.104214483283727,WLS,155,0.00022080186341089103
3,UPFC_tsh,5-15,-0.2260257308824759,51,-0.22599573002054105,WLS,155,3.000086193485907e-05
4,UPFC_Vse,5-15,0.059676048152429516,51,0.05791566213151965,WLS,155,0.0017603860209098668
5,UPFC_tse,5-15,-2.149431169580179,51,-2.1368171684030264,WLS,155,0.012614001177152723
0,x_tcsc,1-14,-0.14021650381001508,52,-0.14022937543990158,WLS,155,1.2871629886501701e-05
1,B_svc,2,0.30386016749798545,52,0.30342516789828244,WLS,155,0.00043499959970300095
2,UPFC_Vsh,5-15,1.104515163959284,52,1.104214483283727,WLS,155,0.00030068067555699685
3,UPFC_tsh,5-15,-0.2259709810290515,52,-0.22599573002054105,WLS,155,2.4748991489548233e-05
4,UPFC_Vse,5-15,0.05937117272906998,52,0.05791566213151965,WLS,155,0.0014555105975503288
5,UPFC_tse,5-15,-2.1544274506309393,52,-2.1368171684030264,WLS,155,0.017610282227912943
0,x_tcsc,1-14,-0.14019743797363218,53,-0.14022937543990158,WLS,155,3.1937466269393866e-05
1,B_svc,2,0.30354722670824036,53,0.30342516789828244,WLS,155,0.00012205880995791452
2,UPFC_Vsh,5-15,1.1044245811596205,53,1.104214483283727,WLS,155,0.00021009787589343354
3,UPFC_tsh,5-15,-0.2260204897187319,53,-0.22599573002054105,WLS,155,2.4759698190851553e-05
4,UPFC_Vse,5-15,0.05940118448979645,53,0.05791566213151965,WLS,155,0.0014855223582768001
5,UPFC_tse,5-15,-2.153324558787342,53,-2.1368171684030264,WLS,155,0.016507390384315812
0,x_tcsc,1-14,-0.14022333366359546,54,-0.14022937543990158,WLS,155,6.04177630611491e-06
1,B_svc,2,0.3037552154167948,54,0.30342516789828244,WLS,155,0.00033004751851234415
2,UPFC_Vsh,5-15,1.1045258706154146,54,1.104214483283727,WLS,155,0.0003113873316875626
3,UPFC_tsh,5-15,-0.22604171411030533,54,-0.22599573002054105,WLS,155,4.598408976427826e-05
4,UPFC_Vse,5-15,0.05972569010803376,54,0.05791566213151965,WLS,155,0.0018100279765141114
5,UPFC_tse,5-15,-2.1500016174462413,54,-2.1368171684030264,WLS,155,0.013184449043214919
0,x_tcsc,1-14,-0.14021358085660085,55,-0.14022937543990158,WLS,155,1.5794583300726694e-05
1,B_svc,2,0.30352632663107143,55,0.30342516789828244,WLS,155,0.00010115873278898624
2,UPFC_Vsh,5-15,1.104651536231991,55,1.104214483283727,WLS,155,0.0004370529482640162
3,UPFC_tsh,5-15,-0.2260239289925635,55,-0.22599573002054105,WLS,155,2.8198972022441815e-05
4,UPFC_Vse,5-15,0.05953134818676331,55,0.05791566213151965,WLS,155,0.001615686055243662
5,UPFC_tse,5-15,-2.1516889683868654,55,-2.1368171684030264,WLS,155,0.014871799983839029
0,x_tcsc,1-14,-0.1402130425749859,56,-0.14022937543990158,WLS,155,1.633286491567465e-05
1,B_svc,2,0.30343912095130743,56,0.30342516789828244,WLS,155,1.3953053024984285e-05
2,UPFC_Vsh,5-15,1.1043549794428071,56,1.104214483283727,WLS,155,0.0001404961590800724
3,UPFC_tsh,5-15,-0.22602266645689212,56,-0.22599573002054105,WLS,155,2.693643635107157e-05
4,UPFC_Vse,5-15,0.05943824612353413,56,0.05791566213151965,WLS,155,0.0015225839920144785
5,UPFC_tse,5-15,-2.14913220427036,56,-2.1368171684030264,WLS,155,0.012315035867333624
0,x_tcsc,1-14,-0.14019631664982699,57,-0.14022937543990158,WLS,155,3.305879007459156e-05
1,B_svc,2,0.3036916147553598,57,0.30342516789828244,WLS,155,0.0002664468570773293
2,UPFC_Vsh,5-15,1.1043398413427474,57,1.104214483283727,WLS,155,0.000125358059020364
3,UPFC_tsh,5-15,-0.22606783040447148,57,-0.22599573002054105,WLS,155,7.210038393043461e-05
4,UPFC_Vse,5-15,0.05968509058476297,57,0.05791566213151965,WLS,155,0.0017694284532433213
5,UPFC_tse,5-15,-2.148395889065495,57,-2.1368171684030264,WLS,155,0.011578720662468456
0,x_tcsc,1-14,-0.1402111827690589,58,-0.14022937543990158,WLS,155,1.8192670842687164e-05
1,B_svc,2,0.30328311995443386,58,0.30342516789828244,WLS,155,0.00014204794384858888
2,UPFC_Vsh,5-15,1.1044965163761564,58,1.104214483283727,WLS,155,0.0002820330924293568
3,UPFC_tsh,5-15,-0.22601699049996218,58,-0.22599573002054105,WLS,155,2.1260479421136846e-05
4,UPFC_Vse,5-15,0.05921118222333679,58,0.05791566213151965,WLS,155,0.0012955200918171386
5,UPFC_tse,5-15,-2.151943462748956,58,-2.1368171684030264,WLS,155,0.015126294345929825
0,x_tcsc,1-14,-0.14021586684455412,59,-0.14022937543990158,WLS,155,1.3508595347461183e-05
1,B_svc,2,0.3037561274656036,59,0.30342516789828244,WLS,155,0.00033095956732115406
2,UPFC_Vsh,5-15,1.1047737962815614,59,1.104214483283727,WLS,155,0.0005593129978342937
3,UPFC_tsh,5-15,-0.22602202156390439,59,-0.22599573002054105,WLS,155,2.6291543363338166e-05
4,UPFC_Vse,5-15,0.059699269294523696,59,0.05791566213151965,WLS,155,0.0017836071630040473
5,UPFC_tse,5-15,-2.153884706350111,59,-2.1368171684030264,WLS,155,0.0170675379470846
0,x_tcsc,1-14,-0.14021812427176958,60,-0.14022937543990158,WLS,155,1.1251168131998224e-05
1,B_svc,2,0.3032685298325818,60,0.30342516789828244,WLS,155,0.00015663806570065386
2,UPFC_Vsh,5-15,1.104735358477309,60,1.104214483283727,WLS,155,0.0005208751935819045
3,UPFC_tsh,5-15,-0.22601161557968685,60,-0.22599573002054105,WLS,155,1.588555914580625e-05
4,UPFC_Vse,5-15,0.05943390372182185,60,0.05791566213151965,WLS,155,0.0015182415903021995
5,UPFC_tse,5-15,-2.15137727343201,60,-2.1368171684030264,WLS,155,0.014560105028983639
0,x_tcsc,1-14,-0.1402327091268419,61,-0.14022937543990158,WLS,155,3.3336869403322034e-06
1,B_svc,2,0.30364172235659526,61,0.30342516789828244,WLS,155,0.00021655445831281206
2,UPFC_Vsh,5-15,1.1045897157370386,61,1.104214483283727,WLS,155,0.00037523245331150257
3,UPFC_tsh,5-15,-0.22593321548349235,61,-0.22599573002054105,WLS,155,6.25145370486968e-05
4,UPFC_Vse,5-15,0.05916447307739725,61,0.05791566213151965,WLS,155,0.0012488109458776014
5,UPFC_tse,5-15,-2.153291357626204,61,-2.1368171684030264,WLS,155,0.01647418922317767
0,x_tcsc,1-14,-0.14021966177388087,62,-0.14022937543990158,WLS,155,9.713666020705336e-06
1,B_svc,2,0.3038365914944638,62,0.30342516789828244,WLS,155,0.0004114235961813484
2,UPFC_Vsh,5-15,1.1045075848439467,62,1.104214483283727,WLS,155,0.00029310156021966627
3,UPFC_tsh,5-15,-0.22598652186564905,62,-0.22599573002054105,WLS,155,9.208154891998666e-06
4,UPFC_Vse,5-15,0.059468674431854815,62,0.05791566213151965,WLS,155,0.001553012300335166
5,UPFC_tse,5-15,-2.1516183433450915,62,-2.1368171684030264,WLS,155,0.01480117494206512
0,x_tcsc,1-14,-0.14022426100791546,63,-0.14022937543990158,WLS,155,5.114431986114054e-06
1,B_svc,2,0.30350893782405736,63,0.30342516789828244,WLS,155,8.376992577491249e-05
2,UPFC_Vsh,5-15,1.1047035779370789,63,1.104214483283727,WLS,155,0.0004890946533517848
3,UPFC_tsh,5-15,-0.22596466630905057,63,-0.22599573002054105,WLS,155,3.106371149047549e-05
4,UPFC_Vse,5-15,0.059730679398450746,63,0.05791566213151965,WLS,155,0.0018150172669310974
5,UPFC_tse,5-15,-2.147661121756904,63,-2.1368171684030264,WLS,155,0.010843953353877556
0,x_tcsc,1-14,-0.14022959247995093,64,-0.14022937543990158,WLS,155,2.1704004934952614e-07
1,B_svc,2,0.3036543203048192,64,0.30342516789828244,WLS,155,0.00022915240653675895
2,UPFC_Vsh,5-15,1.1044486564367524,64,1.104214483283727,WLS,155,0.00023417315302531883
3,UPFC_tsh,5-15,-0.22595727420686385,64,-0.22599573002054105,WLS,155,3.8455813677201744e-05
4,UPFC_Vse,5-15,0.05969994401208909,64,0.05791566213151965,WLS,155,0.0017842818805694424
5,UPFC_tse,5-15,-2.1477304889047617,64,-2.1368171684030264,WLS,155,0.010913320501735324
0,x_tcsc,1-14,-0.1402202517379065,65,-0.14022937543990158,WLS,155,9.123701995072953e-06
1,B_svc,2,0.30370722641462694,65,0.30342516789828244,WLS,155,0.00028205851634449663
2,UPFC_Vsh,5-15,1.1046141315337714,65,1.104214483283727,WLS,155,0.0003996482500443488
3,UPFC_tsh,5-15,-0.22605284059013483,65,-0.22599573002054105,WLS,155,5.711056959378791e-05
4,UPFC_Vse,5-15,0.059497508955926655,65,0.05791566213151965,WLS,155,0.0015818468244070058
5,UPFC_tse,5-15,-2.1521040850464175,65,-2.1368171684030264,WLS,155,0.015286916643391102
0,x_tcsc,1-14,-0.1402148749377828,66,-0.14022937543990158,WLS,155,1.4500502118763858e-05
1,B_svc,2,0.303955985070936,66,0.30342516789828244,WLS,155,0.0005308171726535749
2,UPFC_Vsh,5-15,1.1044564255443092,66,1.104214483283727,WLS,155,0.00024194226058216195
3,UPFC_tsh,5-15,-0.22601913201458254,66,-0.22599573002054105,WLS,155,2.3401994041494234e-05
4,UPFC_Vse,5-15,0.05911670556133388,66,0.05791566213151965,WLS,155,0.0012010434298142317
5,UPFC_tse,5-15,-2.1476705886480385,66,-2.1368171684030264,WLS,155,0.010853420245012124
0,x_tcsc,1-14,-0.14022479899650903,67,-0.14022937543990158,WLS,155,4.576443392551033e-06
1,B_svc,2,0.3039772570409562,67,0.30342516789828244,WLS,155,0.0005520891426737395
2,UPFC_Vsh,5-15,1.1044463789383048,67,1.104214483283727,WLS,155,0.00023189565457770733
3,UPFC_tsh,5-15,-0.22598888455979585,67,-0.22599573002054105,WLS,155,6.845460745197318e-06
4,UPFC_Vse,5-15,0.059352366612061905,67,0.05791566213151965,WLS,155,0.0014367044805422557
5,UPFC_tse,5-15,-2.1489088236756313,67,-2.1368171684030264,WLS,155,0.012091655272604918
0,x_tcsc,1-14,-0.14021332887767846,68,-0.14022937543990158,WLS,155,1.6046562223120953e-05
1,B_svc,2,0.30346642567826987,68,0.30342516789828244,WLS,155,4.125777998742475e-05
2,UPFC_Vsh,5-15,1.1050711632466452,68,1.104214483283727,WLS,155,0.000856679962918161
3,UPFC_tsh,5-15,-0.22593554275773048,68,-0.22599573002054105,WLS,155,6.018726281056819e-05
4,UPFC_Vse,5-15,0.059466683371541845,68,0.05791566213151965,WLS,155,0.0015510212400221962
5,UPFC_tse,5-15,-2.1530904523874015,68,-2.1368171684030264,WLS,155,0.01627328398437511
0,x_tcsc,1-14,-0.14021795623913785,69,-0.14022937543990158,WLS,155,1.1419200763723714e-05
1,B_svc,2,0.30321839556724806,69,0.30342516789828244,WLS,155,0.0002067723310343883
2,UPFC_Vsh,5-15,1.1044958530576505,69,1.104214483283727,WLS,155,0.00028136977392345663
3,UPFC_tsh,5-15,-0.22608327786458426,69,-0.22599573002054105,WLS,155,8.754784404321758e-05
4,UPFC_Vse,5-15,0.059880205836095025,69,0.05791566213151965,WLS,155,0.0019645437045753764
5,UPFC_tse,5-15,-2.150698240409074,69,-2.1368171684030264,WLS,155,0.013881072006047823
0,x_tcsc,1-14,-0.14022853128802182,70,-0.14022937543990158,WLS,155,8.441518797586145e-07
1,B_svc,2,0.3031715067091125,70,0.30342516789828244,WLS,155,0.0002536611891699181
2,UPFC_Vsh,5-15,1.104372637955236,70,1.104214483283727,WLS,155,0.0001581546715090365
3,UPFC_tsh,5-15,-0.22598589789926246,70,-0.22599573002054105,WLS,155,9.832121278585682e-06
4,UPFC_Vse,5-15,0.05904647696599918,70,0.05791566213151965,WLS,155,0.001130814834479528
5,UPFC_tse,5-15,-2.1512158535196377,70,-2.1368171684030264,WLS,155,0.014398685116611354
0,x_tcsc,1-14,-0.14022654533127366,71,-0.14022937543990158,WLS,155,2.830108627921435e-06
1,B_svc,2,0.3034932968943784,71,0.30342516789828244,WLS,155,6.81289960959286e-05
2,UPFC_Vsh,5-15,1.104293375430156,71,1.104214483283727,WLS,155,7.889214642897713e-05
3,UPFC_tsh,5-15,-0.2260174951729842,71,-0.22599573002054105,WLS,155,2.176515244314836e-05
4,UPFC_Vse,5-15,0.05933389751276916,71,0.05791566213151965,WLS,155,0.001418235381249508
5,UPFC_tse,5-15,-2.1519734163102515,71,-2.1368171684030264,WLS,155,0.01515624790722514
0,x_tcsc,1-14,-0.1402040805273542,72,-0.14022937543990158,WLS,155,2.5294912547380033e-05
1,B_svc,2,0.3036970490879263,72,0.30342516789828244,WLS,155,0.00027188118964383
2,UPFC_Vsh,5-15,1.104463910472695,72,1.104214483283727,WLS,155,0.00024942718896792115
3,UPFC_tsh,5-15,-0.2259509658560082,72,-0.22599573002054105,WLS,155,4.4764164532834494e-05
4,UPFC_Vse,5-15,0.0595521828194825,72,0.05791566213151965,WLS,155,0.0016365206879628488
5,UPFC_tse,5-15,-2.1515231633682657,72,-2.1368171684030264,WLS,155,0.014705994965239277
0,x_tcsc,1-14,-0.140200264637896,73,-0.14022937543990158,WLS,155,2.9110802005571923e-05
1,B_svc,2,0.3032772830572003,73,0.30342516789828244,WLS,155,0.0001478848410821354
2,UPFC_Vsh,5-15,1.1049144285940857,73,1.104214483283727,WLS,155,0.0006999453103586628
3,UPFC_tsh,5-15,-0.2259718872426162,73,-0.22599573002054105,WLS,155,2.384277792485956e-05
4,UPFC_Vse,5-15,0.05938922120565136,73,0.05791566213151965,WLS,155,0.001473559074131714
5,UPFC_tse,5-15,-2.152100002832395,73,-2.1368171684030264,WLS,155,0.01528283442936873
0,x_tcsc,1-14,-0.14023302158069986,74,-0.14022937543990158,WLS,155,3.6461407982857352e-06
1,B_svc,2,0.3038642105014244,74,0.30342516789828244,WLS,155,0.0004390426031419814
2,UPFC_Vsh,5-15,1.1045787522603323,74,1.104214483283727,WLS,155,0.00036426897660524205
3,UPFC_tsh,5-15,-0.22597897692437613,74,-0.22599573002054105,WLS,155,1.6753096164917602e-05
4,UPFC_Vse,5-15,0.06002150582543973,74,0.05791566213151965,WLS,155,0.002105843693920084
5,UPFC_tse,5-15,-2.150116075190994,74,-2.1368171684030264,WLS,155,0.013298906787967635
0,x_tcsc,1-14,-0.14020470639857782,75,-0.14022937543990158,WLS,155,2.4669041323754914e-05
1,B_svc,2,0.3033397643901805,75,0.30342516789828244,WLS,155,8.540350810193331e-05
2,UPFC_Vsh,5-15,1.1043661175259614,75,1.104214483283727,WLS,155,0.00015163424223429978
3,UPFC_tsh,5-15,-0.2259678129771696,75,-0.22599573002054105,WLS,155,2.7917043371433747e-05
4,UPFC_Vse,5-15,0.0598734543451236,75,0.05791566213151965,WLS,155,0.001957792213603954
5,UPFC_tse,5-15,-2.1461028805142277,75,-2.1368171684030264,WLS,155,0.009285712111201327
0,x_tcsc,1-14,-0.14020815122053532,76,-0.14022937543990158,WLS,155,2.122421936626151e-05
1,B_svc,2,0.3037681210072933,76,0.30342516789828244,WLS,155,0.0003429531090108351
2,UPFC_Vsh,5-15,1.10428261704036,76,1.104214483283727,WLS,155,6.813375663283772e-05
3,UPFC_tsh,5-15,-0.22600145412315523,76,-0.22599573002054105,WLS,155,5.72410261417966e-06
4,UPFC_Vse,5-15,0.059900870294683405,76,0.05791566213151965,WLS,155,0.0019852081631637555
5,UPFC_tse,5-15,-2.150116783145986,76,-2.1368171684030264,WLS,155,0.013299614742959598
0,x_tcsc,1-14,-0.14022130863804835,77,-0.14022937543990158,WLS,155,8.066801853223726e-06
1,B_svc,2,0.30341836853655835,77,0.30342516789828244,WLS,155,6.799361724096897e-06
2,UPFC_Vsh,5-15,1.104493911549516,77,1.104214483283727,WLS,155,0.0002794282657889724
3,UPFC_tsh,5-15,-0.22598235618604742,77,-0.22599573002054105,WLS,155,1.337383449362406e-05
4,UPFC_Vse,5-15,0.0592694510170879,77,0.05791566213151965,WLS,155,0.0013537888855682523
5,UPFC_tse,5-15,-2.1515838933849265,77,-2.1368171684030264,WLS,155,0.014766724981900126
0,x_tcsc,1-14,-0.14023666371874643,78,-0.14022937543990158,WLS,155,7.288278844858054e-06
1,B_svc,2,0.30312015345002613,78,0.30342516789828244,WLS,155,0.0003050144482563133
2,UPFC_Vsh,5-15,1.1045974915501504,78,1.104214483283727,WLS,155,0.00038300826642334584
3,UPFC_tsh,5-15,-0.2260337875074595,78,-0.22599573002054105,WLS,155,3.8057486918458006e-05
4,UPFC_Vse,5-15,0.0594943371589102,78,0.05791566213151965,WLS,155,0.0015786750273905498
5,UPFC_tse,5-15,-2.148429673610243,78,-2.1368171684030264,WLS,155,0.011612505207216461
0,x_tcsc,1-14,-0.14020142203301544,79,-0.14022937543990158,WLS,155,2.7953406886133125e-05
1,B_svc,2,0.3032153897777661,79,0.30342516789828244,WLS,155,0.00020977812051636846
2,UPFC_Vsh,5-15,1.1048333214707757,79,1.104214483283727,WLS,155,0.0006188381870486648
3,UPFC_tsh,5-15,-0.22600474895985664,79,-0.22599573002054105,WLS,155,9.018939315597052e-06
4,UPFC_Vse,5-15,0.059411847895117983,79,0.05791566213151965,WLS,155,0.0014961857635983344
5,UPFC_tse,5-15,-2.1499262302051942,79,-2.1368171684030264,WLS,155,0.013109061802167865
0,x_tcsc,1-14,-0.14018865033332317,80,-0.14022937543990158,WLS,155,4.0725106578404224e-05
1,B_svc,2,0.3033130485005842,80,0.30342516789828244,WLS,155,0.00011211939769822932
2,UPFC_Vsh,5-15,1.104643697660563,80,1.104214483283727,WLS,155,0.0004292143768358514
3,UPFC_tsh,5-15,-0.22598107220269315,80,-0.22599573002054105,WLS,155,1.4657817847901766e-05
4,UPFC_Vse,5-15,0.05933244724364397,80,0.05791566213151965,WLS,155,0.0014167851121243205
5,UPFC_tse,5-15,-2.1543042071234217,80,-2.1368171684030264,WLS,155,0.017487038720395365
0,x_tcsc,1-14,-0.14022667351318793,81,-0.14022937543990158,WLS,155,2.7019267136441094e-06
1,B_svc,2,0.30335759547290836,81,0.30342516789828244,WLS,155,6.757242537408503e-05
2,UPFC_Vsh,5-15,1.104461843698738,81,1.104214483283727,WLS,155,0.0002473604150108333
3,UPFC_tsh,5-15,-0.22603071155117585,81,-0.22599573002054105,WLS,155,3.498153063480336e-05
4,UPFC_Vse,5-15,0.0599961083929461,81,0.05791566213151965,WLS,155,0.0020804462614264496
5,UPFC_tse,5-15,-2.1461797687930013,81,-2.1368171684030264,WLS,155,0.00936260038997494
0,x_tcsc,1-14,-0.14019358854985153,82,-0.14022937543990158,WLS,155,3.578689005004354e-05
1,B_svc,2,0.30329157791038963,82,0.30342516789828244,WLS,155,0.00013358998789281262
2,UPFC_Vsh,5-15,1.104763299831971,82,1.104214483283727,WLS,155,0.0005488165482439022
3,UPFC_tsh,5-15,-0.2259484029431716,82,-0.22599573002054105,WLS,155,4.732707736945785e-05
4,UPFC_Vse,5-15,0.0595011492851335,82,0.05791566213151965,WLS,155,0.0015854871536138543
5,UPFC_tse,5-15,-2.149487943878232,82,-2.1368171684030264,WLS,155,0.012670775475205787
0,x_tcsc,1-14,-0.14021305712702875,83,-0.14022937543990158,WLS,155,1.6318312872826146e-05
1,B_svc,2,0.30328264544886635,83,0.30342516789828244,WLS,155,0.0001425224494160937
2,UPFC_Vsh,5-15,1.104462423041786,83,1.104214483283727,WLS,155,0.0002479397580590348
3,UPFC_tsh,5-15,-0.22604216481724426,83,-0.22599573002054105,WLS,155,4.6434796703215264e-05
4,UPFC_Vse,5-15,0.059514883439773826,83,0.05791566213151965,WLS,155,0.001599221308254177
5,UPFC_tse,5-15,-2.1500600049326457,83,-2.1368171684030264,WLS,155,0.013242836529619328
0,x_tcsc,1-14,-0.14019836396571816,84,-0.14022937543990158,WLS,155,3.101147418341221e-05
1,B_svc,2,0.30364869417712603,84,0.30342516789828244,WLS,155,0.00022352627884358878
2,UPFC_Vsh,5-15,1.1042880104411548,84,1.104214483283727,WLS,155,7.352715742769966e-05
3,UPFC_tsh,5-15,-0.22608349973453487,84,-0.22599573002054105,WLS,155,8.776971399382383e-05
4,UPFC_Vse,5-15,0.05961554598763209,84,0.05791566213151965,WLS,155,0.001699883856112444
5,UPFC_tse,5-15,-2.1469599590427837,84,-2.1368171684030264,WLS,155,0.010142790639757315
0,x_tcsc,1-14,-0.14021762060008278,85,-0.14022937543990158,WLS,155,1.1754839818800544e-05
1,B_svc,2,0.30314399074256065,85,0.30342516789828244,WLS,155,0.00028117715572179014
2,UPFC_Vsh,5-15,1.1045739546322846,85,1.104214483283727,WLS,155,0.0003594713485575163
3,UPFC_tsh,5-15,-0.2259422513473207,85,-0.22599573002054105,WLS,155,5.347867322033628e-05
4,UPFC_Vse,5-15,0.05922716092177934,85,0.05791566213151965,WLS,155,0.0013114987902596922
5,UPFC_tse,5-15,-2.1520654775361185,85,-2.1368171684030264,WLS,155,0.015248309133092164
0,x_tcsc,1-14,-0.14020207885383063,86,-0.14022937543990158,WLS,155,2.7296586070951756e-05
1,B_svc,2,0.3034369343963122,86,0.30342516789828244,WLS,155,1.1766498029752714e-05
2,UPFC_Vsh,5-15,1.104546800953089,86,1.104214483283727,WLS,155,0.00033231766936192564
3,UPFC_tsh,5-15,-0.2259317558256845,86,-0.22599573002054105,WLS,155,6.397419485654199e-05
4,UPFC_Vse,5-15,0.05988175035689342,86,0.05791566213151965,WLS,155,0.001966088225373773
5,UPFC_tse,5-15,-2.148308730104081,86,-2.1368171684030264,WLS,155,0.011491561701054476
0,x_tcsc,1-14,-0.14021033361018603,87,-0.14022937543990158,WLS,155,1.904182971554369e-05
1,B_svc,2,0.30318536799072016,87,0.30342516789828244,WLS,155,0.00023979990756228808
2,UPFC_Vsh,5-15,1.1043585928338808,87,1.104214483283727,WLS,155,0.00014410955015375926
3,UPFC_tsh,5-15,-0.22596616541021913,87,-0.22599573002054105,WLS,155,2.956461032191382e-05
4,UPFC_Vse,5-15,0.0597063832776309,87,0.05791566213151965,WLS,155,0.0017907211461112502
5,UPFC_tse,5-15,-2.149527488713749,87,-2.1368171684030264,WLS,155,0.012710320310722611
0,x_tcsc,1-14,-0.14020467044903712,88,-0.14022937543990158,WLS,155,2.470499086446032e-05
1,B_svc,2,0.3033851544332761,88,0.30342516789828244,WLS,155,4.001346500631664e-05
2,UPFC_Vsh,5-15,1.1043992290506779,88,1.104214483283727,WLS,155,0.00018474576695082234
3,UPFC_tsh,5-15,-0.22605279063813,88,-0.22599573002054105,WLS,155,5.706061758894987e-05
4,UPFC_Vse,5-15,0.05936569534191118,88,0.05791566213151965,WLS,155,0.001450033210391534
5,UPFC_tse,5-15,-2.1477800297810177,88,-2.1368171684030264,WLS,155,0.010962861377991295
0,x_tcsc,1-14,-0.14021196559030974,89,-0.14022937543990158,WLS,155,1.7409849591837334e-05
1,B_svc,2,0.30338960517273866,89,0.30342516789828244,WLS,155,3.5562725543780704e-05
2,UPFC_Vsh,5-15,1.1048425795314278,89,1.104214483283727,WLS,155,0.0006280962477007712
3,UPFC_tsh,5-15,-0.22603335505364322,89,-0.22599573002054105,WLS,155,3.7625033102173244e-05
4,UPFC_Vse,5-15,0.05964479843336318,89,0.05791566213151965,WLS,155,0.0017291363018435285
5,UPFC_tse,5-15,-2.1499990043022046,89,-2.1368171684030264,WLS,155,0.013181835899178207
0,x_tcsc,1-14,-0.140214281764771,90,-0.14022937543990158,WLS,155,1.5093675130584128e-05
1,B_svc,2,0.30342592847288535,90,0.30342516789828244,WLS,155,7.605746029093474e-07
2,UPFC_Vsh,5-15,1.1046325823021985,90,1.104214483283727,WLS,155,0.0004180990184714517
3,UPFC_tsh,5-15,-0.22602750260107957,90,-0.22599573002054105,WLS,155,3.177258053851939e-05
4,UPFC_Vse,5-15,0.05972556658252602,90,0.05791566213151965,WLS,155,0.0018099044510063722
5,UPFC_tse,5-15,-2.1500852387178435,90,-2.1368171684030264,WLS,155,0.013268070314817138
0,x_tcsc,1-14,-0.14021787132641989,91,-0.14022937543990158,WLS,155,1.150411348169178e-05
1,B_svc,2,0.3034005982141829,91,0.30342516789828244,WLS,155,2.4569684099529088e-05
2,UPFC_Vsh,5-15,1.1046942722998294,91,1.104214483283727,WLS,155,0.0004797890161023499
3,UPFC_tsh,5-15,-0.22598728651042735,91,-0.22599573002054105,WLS,155,8.44351011369815e-06
4,UPFC_Vse,5-15,0.05931763412920681,91,0.05791566213151965,WLS,155,0.001401971997687164
5,UPFC_tse,5-15,-2.1508567516338375,91,-2.1368171684030264,WLS,155,0.014039583230811115
0,x_tcsc,1-14,-0.14024012435061273,92,-0.14022937543990158,WLS,155,1.074891071115025e-05
1,B_svc,2,0.30284147505626496,92,0.30342516789828244,WLS,155,0.0005836928420174803
2,UPFC_Vsh,5-15,1.104502853781744,92,1.104214483283727,WLS,155,0.00028837049801699877
3,UPFC_tsh,5-15,-0.22603214044559763,92,-0.22599573002054105,WLS,155,3.641042505658776e-05
4,UPFC_Vse,5-15,0.05929937747163614,92,0.05791566213151965,WLS,155,0.0013837153401164912
5,UPFC_tse,5-15,-2.1494564223444352,92,-2.1368171684030264,WLS,155,0.012639253941408857
0,x_tcsc,1-14,-0.1402202277533271,93,-0.14022937543990158,WLS,155,9.147686574478842e-06
1,B_svc,2,0.30372711216756015,93,0.30342516789828244,WLS,155,0.0003019442692777097
2,UPFC_Vsh,5-15,1.104635620740483,93,1.104214483283727,WLS,155,0.00042113745675598224
3,UPFC_tsh,5-15,-0.22595309105654066,93,-0.22599573002054105,WLS,155,4.263896400039102e-05
4,UPFC_Vse,5-15,0.05923038946703085,93,0.05791566213151965,WLS,155,0.0013147273355112038
5,UPFC_tse,5-15,-2.1537907207741607,93,-2.1368171684030264,WLS,155,0.016973552371134293
0,x_tcsc,1-14,-0.14021560930388735,94,-0.14022937543990158,WLS,155,1.376613601422605e-05
1,B_svc,2,0.30409344253268705,94,0.30342516789828244,WLS,155,0.0006682746344046087
2,UPFC_Vsh,5-15,1.1043666636685878,94,1.104214483283727,WLS,155,0.00015218038486075613
3,UPFC_tsh,5-15,-0.2260560419732331,94,-0.22599573002054105,WLS,155,6.03119526920437e-05
4,UPFC_Vse,5-15,0.059456530038600776,94,0.05791566213151965,WLS,155,0.0015408679070811268
5,UPFC_tse,5-15,-2.155299956022026,94,-2.1368171684030264,WLS,155,0.018482787618999463
0,x_tcsc,1-14,-0.14022058459177858,95,-0.14022937543990158,WLS,155,8.79084812299702e-06
1,B_svc,2,0.3037495899841024,95,0.30342516789828244,WLS,155,0.00032442208581995313
2,UPFC_Vsh,5-15,1.104532955005318,95,1.104214483283727,WLS,155,0.0003184717215909405
3,UPFC_tsh,5-15,-0.22602250785314618,95,-0.22599573002054105,WLS,155,2.6777832605129337e-05
4,UPFC_Vse,5-15,0.05945914860952566,95,0.05791566213151965,WLS,155,0.0015434864780060134
5,UPFC_tse,5-15,-2.1516654313130195,95,-2.1368171684030264,WLS,155,0.014848262909993082
0,x_tcsc,1-14,-0.14021690190014055,96,-0.14022937543990158,WLS,155,1.2473539761026498e-05
1,B_svc,2,0.30302398820398607,96,0.30342516789828244,WLS,155,0.0004011796942963719
2,UPFC_Vsh,5-15,1.1044348055903785,96,1.104214483283727,WLS,155,0.000220322306651477
3,UPFC_tsh,5-15,-0.22601789556598148,96,-0.22599573002054105,WLS,155,2.2165545440433476e-05
4,UPFC_Vse,5-15,0.059524957783885314,96,0.05791566213151965,WLS,155,0.0016092956523656651
5,UPFC_tse,5-15,-2.1529914120951656,96,-2.1368171684030264,WLS,155,0.016174243692139267
0,x_tcsc,1-14,-0.14020340715518614,97,-0.14022937543990158,WLS,155,2.5968284715433e-05
1,B_svc,2,0.3026574095300641,97,0.30342516789828244,WLS,155,0.000767758368218352
2,UPFC_Vsh,5-15,1.1048480763876185,97,1.104214483283727,WLS,155,0.0006335931038914389
3,UPFC_tsh,5-15,-0.22599506675332803,97,-0.22599573002054105,WLS,155,6.632672130135742e-07
4,UPFC_Vse,5-15,0.05956991433060103,97,0.05791566213151965,WLS,155,0.0016542521990813783
5,UPFC_tse,5-15,-2.1490341496877927,97,-2.1368171684030264,WLS,155,0.012216981284766337
0,x_tcsc,1-14,-0.14022239444266257,98,-0.14022937543990158,WLS,155,6.9809972390033614e-06
1,B_svc,2,0.3032321286319176,98,0.30342516789828244,WLS,155,0.00019303926636482505
2,UPFC_Vsh,5-15,1.1043775979536081,98,1.104214483283727,WLS,155,0.00016311466988105927
3,UPFC_tsh,5-15,-0.22602711421758137,98,-0.22599573002054105,WLS,155,3.1384197040323913e-05
4,UPFC_Vse,5-15,0.059761196436014116,98,0.05791566213151965,WLS,155,0.0018455343044944672
5,UPFC_tse,5-15,-2.1491129356168504,98,-2.1368171684030264,WLS,155,0.012295767213823972
0,x_tcsc,1-14,-0.14022670576457913,99,-0.14022937543990158,WLS,155,2.669675322447551e-06
1,B_svc,2,0.3028532987923056,99,0.30342516789828244,WLS,155,0.000571869105976841
2,UPFC_Vsh,5-15,1.1043706901424366,99,1.104214483283727,WLS,155,0.00015620685870953999
3,UPFC_tsh,5-15,-0.2260220914994326,99,-0.22599573002054105,WLS,155,2.6361478891540058e-05
4,UPFC_Vse,5-15,0.059481031848203456,99,0.05791566213151965,WLS,155,0.0015653697166838065
5,UPFC_tse,5-15,-2.153542078895698,99,-2.1368171684030264,WLS,155,0.01672491049267144
0,x_tcsc,1-14,-0.1440725235211024,0,-0.14413183442542815,WLS,157,5.931090432576003e-05
1,B_svc,2,0.32670390971912605,0,0.32660811448032484,WLS,157,9.579523880121066e-05
2,UPFC_Vsh,5-15,1.1042311398077187,0,1.103017122316905,WLS,157,0.0012140174908137347
3,UPFC_tsh,5-15,-0.2234437223018808,0,-0.2234493237565558,WLS,157,5.601454674986073e-06
4,UPFC_Vse,5-15,0.05946806658635685,0,0.05686545194196378,WLS,157,0.0026026146443930698
5,UPFC_tse,5-15,-2.151287330472159,0,-2.1278941958816198,WLS,157,0.023393134590539155
0,x_tcsc,1-14,-0.1440823496927704,1,-0.14413183442542815,WLS,157,4.9484732657756325e-05
1,B_svc,2,0.3264910086121459,1,0.32660811448032484,WLS,157,0.00011710586817892388
2,UPFC_Vsh,5-15,1.1046783561024298,1,1.103017122316905,WLS,157,0.0016612337855248516
3,UPFC_tsh,5-15,-0.223397759168368,1,-0.2234493237565558,WLS,157,5.156458818780796e-05
4,UPFC_Vse,5-15,0.05858399073748773,1,0.05686545194196378,WLS,157,0.0017185387955239509
5,UPFC_tse,5-15,-2.1517400499912007,1,-2.1278941958816198,WLS,157,0.023845854109580955
0,x_tcsc,1-14,-0.14408852680058734,2,-0.14413183442542815,WLS,157,4.330762484081041e-05
1,B_svc,2,0.3271738979435363,2,0.32660811448032484,WLS,157,0.0005657834632114556
2,UPFC_Vsh,5-15,1.1044822370073972,2,1.103017122316905,WLS,157,0.001465114690492264
3,UPFC_tsh,5-15,-0.22349579294564412,2,-0.2234493237565558,WLS,157,4.646918908832176e-05
4,UPFC_Vse,5-15,0.05988167710066762,2,0.05686545194196378,WLS,157,0.003016225158703839
5,UPFC_tse,5-15,-2.1536838385129937,2,-2.1278941958816198,WLS,157,0.025789642631373955
0,x_tcsc,1-14,-0.144057699267716,3,-0.14413183442542815,WLS,157,7.413515771215184e-05
1,B_svc,2,0.32661318659095645,3,0.32660811448032484,WLS,157,5.0721106316098385e-06
2,UPFC_Vsh,5-15,1.1045908519462566,3,1.103017122316905,WLS,157,0.00157372962935165
3,UPFC_tsh,5-15,-0.2234611103382107,3,-0.2234493237565558,WLS,157,1.1786581654904538e-05
4,UPFC_Vse,5-15,0.059794120818016584,3,0.05686545194196378,WLS,157,0.002928668876052802
5,UPFC_tse,5-15,-2.1510844742578725,3,-2.1278941958816198,WLS,157,0.02319027837625276
0,x_tcsc,1-14,-0.14407788702303226,4,-0.14413183442542815,WLS,157,5.394740239589302e-05
1,B_svc,2,0.32651715832967065,4,0.32660811448032484,WLS,157,9.095615065418672e-05
2,UPFC_Vsh,5-15,1.104715699053534,4,1.103017122316905,WLS,157,0.0016985767366290982
3,UPFC_tsh,5-15,-0.223426789736531,4,-0.2234493237565558,WLS,157,2.2534020024805868e-05
4,UPFC_Vse,5-15,0.0593381713102495,4,0.05686545194196378,WLS,157,0.0024727193682857196
5,UPFC_tse,5-15,-2.154209313207378,4,-2.1278941958816198,WLS,157,0.026315117325758308
0,x_tcsc,1-14,-0.14406826445785256,5,-0.14413183442542815,WLS,157,6.356996757558853e-05
1,B_svc,2,0.3269718934690579,5,0.32660811448032484,WLS,157,0.0003637789887330767
2,UPFC_Vsh,5-15,1.1043268066332925,5,1.103017122316905,WLS,157,0.0013096843163875604
3,UPFC_tsh,5-15,-0.22348423588523372,5,-0.2234493237565558,WLS,157,3.491212867792748e-05
4,UPFC_Vse,5-15,0.05962373619851085,5,0.05686545194196378,WLS,157,0.002758284256547068
5,UPFC_tse,5-15,-2.1469748650042932,5,-2.1278941958816198,WLS,157,0.019080669122673477
0,x_tcsc,1-14,-0.1440811697309165,6,-0.14413183442542815,WLS,157,5.0664694511648456e-05
1,B_svc,2,0.3266630489072616,6,0.32660811448032484,WLS,157,5.49344269367702e-05
2,UPFC_Vsh,5-15,1.104612086852494,6,1.103017122316905,WLS,157,0.0015949645355890496
3,UPFC_tsh,5-15,-0.22342626828149023,6,-0.2234493237565558,WLS,157,2.3055475065564268e-05
4,UPFC_Vse,5-15,0.05934959459163827,6,0.05686545194196378,WLS,157,0.0024841426496744895
5,UPFC_tse,5-15,-2.154532067984542,6,-2.1278941958816198,WLS,157,0.026637872102922344
0,x_tcsc,1-14,-0.14408429020367222,7,-0.14413183442542815,WLS,157,4.754422175592965e-05
1,B_svc,2,0.32661957400786923,7,0.32660811448032484,WLS,157,1.1459527544388504e-05
2,UPFC_Vsh,5-15,1.1048021300978825,7,1.103017122316905,WLS,157,0.0017850077809775655
3,UPFC_tsh,5-15,-0.2234358213888135,7,-0.2234493237565558,WLS,157,1.3502367742307397e-05
4,UPFC_Vse,5-15,0.05926422859344956,7,0.05686545194196378,WLS,157,0.0023987766514857803
5,UPFC_tse,5-15,-2.155597337142494,7,-2.1278941958816198,WLS,157,0.027703141260874364
0,x_tcsc,1-14,-0.14407457940063362,8,-0.14413183442542815,WLS,157,5.725502479453359e-05
1,B_svc,2,0.32672763984821696,8,0.32660811448032484,WLS,157,0.00011952536789211488
2,UPFC_Vsh,5-15,1.1046474468909182,8,1.103017122316905,WLS,157,0.0016303245740132422
3,UPFC_tsh,5-15,-0.22340492339279377,8,-0.2234493237565558,WLS,157,4.44003637620205e-05
4,UPFC_Vse,5-15,0.05944169500441438,8,0.05686545194196378,WLS,157,0.002576243062450599
5,UPFC_tse,5-15,-2.1573924079789246,8,-2.1278941958816198,WLS,157,0.029498212097304854
0,x_tcsc,1-14,-0.144061889282604,9,-0.14413183442542815,WLS,157,6.994514282415709e-05
1,B_svc,2,0.32663005070209167,9,0.32660811448032484,WLS,157,2.1936221766827302e-05
2,UPFC_Vsh,5-15,1.1043617894061093,9,1.103017122316905,WLS,157,0.0013446670892043322
3,UPFC_tsh,5-15,-0.22347466505844224,9,-0.2234493237565558,WLS,157,2.5341301886444567e-05
4,UPFC_Vse,5-15,0.05956683229028958,9,0.05686545194196378,WLS,157,0.002701380348325795
5,UPFC_tse,5-15,-2.1498326253803084,9,-2.1278941958816198,WLS,157,0.021938429498688627
0,x_tcsc,1-14,-0.14405117570838952,10,-0.14413183442542815,WLS,157,8.065871703863414e-05
1,B_svc,2,0.3270211599325201,10,0.32660811448032484,WLS,157,0.000413045452195282
2,UPFC_Vsh,5-15,1.104683440657114,10,1.103017122316905,WLS,157,0.0016663183402090276
3,UPFC_tsh,5-15,-0.22345697800362005,10,-0.2234493237565558,WLS,157,7.654247064253772e-06
4,UPFC_Vse,5-15,0.0595170098439013,10,0.05686545194196378,WLS,157,0.0026515579019375166
5,UPFC_tse,5-15,-2.15546096498274,10,-2.1278941958816198,WLS,157,0.027566769101120325
0,x_tcsc,1-14,-0.14407842538377766,11,-0.14413183442542815,WLS,157,5.340904165049287e-05
1,B_svc,2,0.3266280738732566,11,0.32660811448032484,WLS,157,1.9959392931756526e-05
2,UPFC_Vsh,5-15,1.1045457004833459,11,1.103017122316905,WLS,157,0.0015285781664409193
3,UPFC_tsh,5-15,-0.2233881095604552,11,-0.2234493237565558,WLS,157,6.12141961005841e-05
4,UPFC_Vse,5-15,0.0593685627287105,11,0.05686545194196378,WLS,157,0.0025031107867467192
5,UPFC_tse,5-15,-2.1522246724645866,11,-2.1278941958816198,WLS,157,0.02433047658296683
0,x_tcsc,1-14,-0.14407091592822327,12,-0.14413183442542815,WLS,157,6.0918497204881517e-05
1,B_svc,2,0.32732600909057674,12,0.32660811448032484,WLS,157,0.0007178946102519013
2,UPFC_Vsh,5-15,1.1041103825184428,12,1.103017122316905,WLS,157,0.0010932602015378823
3,UPFC_tsh,5-15,-0.22343746380272272,12,-0.2234493237565558,WLS,157,1.1859953833071035e-05
4,UPFC_Vse,5-15,0.05875816692431567,12,0.05686545194196378,WLS,157,0.001892714982351891
5,UPFC_tse,5-15,-2.153310775510232,12,-2.1278941958816198,WLS,157,0.0254165796286121
0,x_tcsc,1-14,-0.1440748622235119,13,-0.14413183442542815,WLS,157,5.6972201916249965e-05
1,B_svc,2,0.32730304082339207,13,0.32660811448032484,WLS,157,0.0006949263430672259
2,UPFC_Vsh,5-15,1.1046487150060438,13,1.103017122316905,WLS,157,0.0016315926891388166
3,UPFC_tsh,5-15,-0.22342773457637477,13,-0.2234493237565558,WLS,157,2.158918018102529e-05
4,UPFC_Vse,5-15,0.05911767345700553,13,0.05686545194196378,WLS,157,0.002252221515041751
5,UPFC_tse,5-15,-2.15271038082723,13,-2.1278941958816198,WLS,157,0.02481618494561033
0,x_tcsc,1-14,-0.14407433791767935,14,-0.14413183442542815,WLS,157,5.7496507748805437e-05
1,B_svc,2,0.32674326435901,14,0.32660811448032484,WLS,157,0.00013514987868518125
2,UPFC_Vsh,5-15,1.104375250488276,14,1.103017122316905,WLS,157,0.0013581281713710425
3,UPFC_tsh,5-15,-0.22336828601904563,14,-0.2234493237565558,WLS,157,8.103773751017007e-05
4,UPFC_Vse,5-15,0.05927427063332202,14,0.05686545194196378,WLS,157,0.0024088186913582346
5,UPFC_tse,5-15,-2.1483794445986826,14,-2.1278941958816198,WLS,157,0.02048524871706281
0,x_tcsc,1-14,-0.14406355579941452,15,-0.14413183442542815,WLS,157,6.827862601363477e-05
1,B_svc,2,0.3263691637993249,15,0.32660811448032484,WLS,157,0.00023895068099993866
2,UPFC_Vsh,5-15,1.1046053183883107,15,1.103017122316905,WLS,157,0.0015881960714057008
3,UPFC_tsh,5-15,-0.22336639974804223,15,-0.2234493237565558,WLS,157,8.292400851356296e-05
4,UPFC_Vse,5-15,0.059482670192315235,15,0.05686545194196378,WLS,157,0.0026172182503514524
5,UPFC_tse,5-15,-2.1493280071302387,15,-2.1278941958816198,WLS,157,0.021433811248618984
0,x_tcsc,1-14,-0.14409040320198543,16,-0.14413183442542815,WLS,157,4.143122344271721e-05
1,B_svc,2,0.3270298823880745,16,0.32660811448032484,WLS,157,0.00042176790774967055
2,UPFC_Vsh,5-15,1.104355180136287,16,1.103017122316905,WLS,157,0.0013380578193820103
3,UPFC_tsh,5-15,-0.22347120684146274,16,-0.2234493237565558,WLS,157,2.1883084906942907e-05
4,UPFC_Vse,5-15,0.05932243003823682,16,0.05686545194196378,WLS,157,0.0024569780962730367
5,UPFC_tse,5-15,-2.152961871941093,16,-2.1278941958816198,WLS,157,0.025067676059473243
0,x_tcsc,1-14,-0.14406890426048163,17,-0.14413183442542815,WLS,157,6.293016494651749e-05
1,B_svc,2,0.32709181226785905,17,0.32660811448032484,WLS,157,0.00048369778753420967
2,UPFC_Vsh,5-15,1.1045029393964867,17,1.103017122316905,WLS,157,0.0014858170795817305
3,UPFC_tsh,5-15,-0.2234393573107578,17,-0.2234493237565558,WLS,157,9.966445797982004e-06
4,UPFC_Vse,5-15,0.059294787574004186,17,0.05686545194196378,WLS,157,0.002429335632040404
5,UPFC_tse,5-15,-2.151865267122317,17,-2.1278941958816198,WLS,157,0.023971071240697306
0,x_tcsc,1-14,-0.14409139873963792,18,-0.14413183442542815,WLS,157,4.043568579023549e-05
1,B_svc,2,0.32717890729377236,18,0.32660811448032484,WLS,157,0.0005707928134475182
2,UPFC_Vsh,5-15,1.1046753351356264,18,1.103017122316905,WLS,157,0.0016582128187214717
3,UPFC_tsh,5-15,-0.2233970913911652,18,-0.2234493237565558,WLS,157,5.223236539059206e-05
4,UPFC_Vse,5-15,0.059737050617450015,18,0.05686545194196378,WLS,157,0.0028715986754862324
5,UPFC_tse,5-15,-2.1499367669310967,18,-2.1278941958816198,WLS,157,0.022042571049476933
0,x_tcsc,1-14,-0.14408809936954095,19,-0.14413183442542815,WLS,157,4.3735055887200724e-05
1,B_svc,2,0.326859143880866,19,0.32660811448032484,WLS,157,0.0002510294005411695
2,UPFC_Vsh,5-15,1.1046088558337877,19,1.103017122316905,WLS,157,0.0015917335168826874
3,UPFC_tsh,5-15,-0.22345051696771764,19,-0.2234493237565558,WLS,157,1.1932111618484509e-06
4,UPFC_Vse,5-15,0.059397097051430967,19,0.05686545194196378,WLS,157,0.0025316451094671844
5,UPFC_tse,5-15,-2.1535119657038546,19,-2.1278941958816198,WLS,157,0.025617769822234848
0,x_tcsc,1-14,-0.14406243857022696,20,-0.14413183442542815,WLS,157,6.939585520118752e-05
1,B_svc,2,0.3270388101188739,20,0.32660811448032484,WLS,157,0.00043069563854908344
2,UPFC_Vsh,5-15,1.1045519652666747,20,1.103017122316905,WLS,157,0.001534842949769688
3,UPFC_tsh,5-15,-0.22348766128018674,20,-0.2234493237565558,WLS,157,3.833752363094356e-05
4,UPFC_Vse,5-15,0.05966394886493326,20,0.05686545194196378,WLS,157,0.002798496922969476
5,UPFC_tse,5-15,-2.1498073991562117,20,-2.1278941958816198,WLS,157,0.021913203274591897
0,x_tcsc,1-14,-0.14407436799410792,21,-0.14413183442542815,WLS,157,5.7466431320235545e-05
1,B_svc,2,0.32657320263786266,21,0.32660811448032484,WLS,157,3.491184246218193e-05
2,UPFC_Vsh,5-15,1.1047559792893111,21,1.103017122316905,WLS,157,0.0017388569724061664
3,UPFC_tsh,5-15,-0.2234198386418078,21,-0.2234493237565558,WLS,157,2.9485114747984653e-05
4,UPFC_Vse,5-15,0.05974873403579338,21,0.05686545194196378,WLS,157,0.0028832820938295978
5,UPFC_tse,5-15,-2.1525728906519865,21,-2.1278941958816198,WLS,157,0.02467869477036677
0,x_tcsc,1-14,-0.14406397004558946,22,-0.14413183442542815,WLS,157,6.786437983868909e-05
1,B_svc,2,0.3268924366281431,22,0.32660811448032484,WLS,157,0.00028432214781826115
2,UPFC_Vsh,5-15,1.1047620643092257,22,1.103017122316905,WLS,157,0.001744941992320781
3,UPFC_tsh,5-15,-0.22344103737530782,22,-0.2234493237565558,WLS,157,8.286381247973873e-06
4,UPFC_Vse,5-15,0.059088349761208116,22,0.05686545194196378,WLS,157,0.0022228978192443336
5,UPFC_tse,5-15,-2.1528383731725262,22,-2.1278941958816198,WLS,157,0.024944177290906477
0,x_tcsc,1-14,-0.1440641798095385,23,-0.14413183442542815,WLS,157,6.765461588964516e-05
1,B_svc,2,0.32697719284469456,23,0.32660811448032484,WLS,157,0.00036907836436972374
2,UPFC_Vsh,5-15,1.1043607009795695,23,1.103017122316905,WLS,157,0.0013435786626645463
3,UPFC_tsh,5-15,-0.22341901486056026,23,-0.2234493237565558,WLS,157,3.0308895995534435e-05
4,UPFC_Vse,5-15,0.05937098605029918,23,0.05686545194196378,WLS,157,0.0025055341083354
5,UPFC_tse,5-15,-2.14991641631626,23,-2.1278941958816198,WLS,157,0.022022220434640083
0,x_tcsc,1-14,-0.14408417815691937,24,-0.14413183442542815,WLS,157,4.76562685087778e-05
1,B_svc,2,0.3272296646561079,24,0.32660811448032484,WLS,157,0.000621550175783081
2,UPFC_Vsh,5-15,1.1043162150948018,24,1.103017122316905,WLS,157,0.0012990927778968597
3,UPFC_tsh,5-15,-0.22354900774775693,24,-0.2234493237565558,WLS,157,9.968399120113824e-05
4,UPFC_Vse,5-15,0.05965171147526767,24,0.05686545194196378,WLS,157,0.0027862595333038864
5,UPFC_tse,5-15,-2.1487301855971883,24,-2.1278941958816198,WLS,157,0.020835989715568548
0,x_tcsc,1-14,-0.1440511854666361,25,-0.14413183442542815,WLS,157,8.064895879206224e-05
1,B_svc,2,0.32604536564620196,25,0.32660811448032484,WLS,157,0.0005627488341228837
2,UPFC_Vsh,5-15,1.1044527963513153,25,1.103017122316905,WLS,157,0.0014356740344103613
3,UPFC_tsh,5-15,-0.22341922513150775,25,-0.2234493237565558,WLS,157,3.009862504804728e-05
4,UPFC_Vse,5-15,0.05935955906435955,25,0.05686545194196378,WLS,157,0.0024941071223957695
5,UPFC_tse,5-15,-2.1537389180773894,25,-2.1278941958816198,WLS,157,0.02584472219576961
0,x_tcsc,1-14,-0.14407348446600357,26,-0.14413183442542815,WLS,157,5.8349959424580655e-05
1,B_svc,2,0.3268331755733421,26,0.32660811448032484,WLS,157,0.00022506109301728694
2,UPFC_Vsh,5-15,1.104460599187386,26,1.103017122316905,WLS,157,0.0014434768704809642
3,UPFC_tsh,5-15,-0.22343976291628742,26,-0.2234493237565558,WLS,157,9.560840268374449e-06
4,UPFC_Vse,5-15,0.05944570507207152,26,0.05686545194196378,WLS,157,0.0025802531301077347
5,UPFC_tse,5-15,-2.154617057392465,26,-2.1278941958816198,WLS,157,0.02672286151084524
0,x_tcsc,1-14,-0.14407402112319997,27,-0.14413183442542815,WLS,157,5.781330222817682e-05
1,B_svc,2,0.32707056631731396,27,0.32660811448032484,WLS,157,0.0004624518369891195
2,UPFC_Vsh,5-15,1.1041271681102465,27,1.103017122316905,WLS,157,0.0011100457933415075
3,UPFC_tsh,5-15,-0.22345316369030246,27,-0.2234493237565558,WLS,157,3.8399337466688e-06
4,UPFC_Vse,5-15,0.059314899887224784,27,0.05686545194196378,WLS,157,0.002449447945261002
5,UPFC_tse,5-15,-2.1517609050923223,27,-2.1278941958816198,WLS,157,0.023866709210702552
0,x_tcsc,1-14,-0.14406608535692325,28,-0.14413183442542815,WLS,157,6.574906850490003e-05
1,B_svc,2,0.3266089553081412,28,0.32660811448032484,WLS,157,8.408278163729577e-07
2,UPFC_Vsh,5-15,1.1045477201837177,28,1.103017122316905,WLS,157,0.0015305978668127551
3,UPFC_tsh,5-15,-0.22333589611279997,28,-0.2234493237565558,WLS,157,0.0001134276437558257
4,UPFC_Vse,5-15,0.05969086911757,28,0.05686545194196378,WLS,157,0.0028254171756062207
5,UPFC_tse,5-15,-2.151101393666206,28,-2.1278941958816198,WLS,157,0.023207197784586242
0,x_tcsc,1-14,-0.14408126656096143,29,-0.14413183442542815,WLS,157,5.056786446672179e-05
1,B_svc,2,0.3270127434825727,29,0.32660811448032484,WLS,157,0.00040462900224785825
2,UPFC_Vsh,5-15,1.1043434663298528,29,1.103017122316905,WLS,157,0.0013263440129478443
3,UPFC_tsh,5-15,-0.22343748799811955,29,-0.2234493237565558,WLS,157,1.1835758436246069e-05
4,UPFC_Vse,5-15,0.059541875579539175,29,0.05686545194196378,WLS,157,0.0026764236375753925
5,UPFC_tse,5-15,-2.151769178679607,29,-2.1278941958816198,WLS,157,0.023874982797987165
0,x_tcsc,1-14,-0.14406649768740684,30,-0.14413183442542815,WLS,157,6.53367380213099e-05
1,B_svc,2,0.3270583852637085,30,0.32660811448032484,WLS,157,0.0004502707833836661
2,UPFC_Vsh,5-15,1.1045744120794625,30,1.103017122316905,WLS,157,0.0015572897625575344
3,UPFC_tsh,5-15,-0.2233542645735084,30,-0.2234493237565558,WLS,157,9.505918304739125e-05
4,UPFC_Vse,5-15,0.059249793409923486,30,0.05686545194196378,WLS,157,0.002384341467959704
5,UPFC_tse,5-15,-2.1524517486239017,30,-2.1278941958816198,WLS,157,0.024557552742281885
0,x_tcsc,1-14,-0.1440642182216195,31,-0.14413183442542815,WLS,157,6.761620380865696e-05
1,B_svc,2,0.3264943566498498,31,0.32660811448032484,WLS,157,0.0001137578304750142
2,UPFC_Vsh,5-15,1.104631278329657,31,1.103017122316905,WLS,157,0.001614156012752055
3,UPFC_tsh,5-15,-0.22340145179669862,31,-0.2234493237565558,WLS,157,4.7871959857170854e-05
4,UPFC_Vse,5-15,0.059573760845957335,31,0.05686545194196378,WLS,157,0.002708308903993553
5,UPFC_tse,5-15,-2.1514430069973116,31,-2.1278941958816198,WLS,157,0.023548811115691848
0,x_tcsc,1-14,-0.14407669911130686,32,-0.14413183442542815,WLS,157,5.513531412129624e-05
1,B_svc,2,0.3267867709981,32,0.32660811448032484,WLS,157,0.00017865651777515534
2,UPFC_Vsh,5-15,1.1044968276519787,32,1.103017122316905,WLS,157,0.0014797053350736888
3,UPFC_tsh,5-15,-0.2234875951390105,32,-0.2234493237565558,WLS,157,3.8271382454713176e-05
4,UPFC_Vse,5-15,0.05961372695845245,32,0.05686545194196378,WLS,157,0.002748275016488666
5,UPFC_tse,5-15,-2.1508080794129394,32,-2.1278941958816198,WLS,157,0.022913883531319623
0,x_tcsc,1-14,-0.144053678451308,33,-0.14413183442542815,WLS,157,7.815597412014208e-05
1,B_svc,2,0.3266839147770967,33,0.32660811448032484,WLS,157,7.580029677184408e-05
2,UPFC_Vsh,5-15,1.1045265679877656,33,1.103017122316905,WLS,157,0.001509445670860643
3,UPFC_tsh,5-15,-0.2234244543052537,33,-0.2234493237565558,WLS,157,2.486945130208973e-05
4,UPFC_Vse,5-15,0.05931669854170356,33,0.05686545194196378,WLS,157,0.002451246599739776
5,UPFC_tse,5-15,-2.1527621352394277,33,-2.1278941958816198,WLS,157,0.024867939357807956
0,x_tcsc,1-14,-0.1440791385393816,34,-0.14413183442542815,WLS,157,5.269588604656095e-05
1,B_svc,2,0.3270966309054635,34,0.32660811448032484,WLS,157,0.0004885164251386409
2,UPFC_Vsh,5-15,1.1045379975605578,34,1.103017122316905,WLS,157,0.0015208752436528528
3,UPFC_tsh,5-15,-0.22337410277317904,34,-0.2234493237565558,WLS,157,7.522098337675587e-05
4,UPFC_Vse,5-15,0.059331777455330505,34,0.05686545194196378,WLS,157,0.0024663255133667225
5,UPFC_tse,5-15,-2.1544338876542932,34,-2.1278941958816198,WLS,157,0.026539691772673457
0,x_tcsc,1-14,-0.144065497265034,35,-0.14413183442542815,WLS,157,6.633716039414206e-05
1,B_svc,2,0.32671579029577946,35,0.32660811448032484,WLS,157,0.00010767581545462201
2,UPFC_Vsh,5-15,1.1044790847928294,35,1.103017122316905,WLS,157,0.0014619624759244498
3,UPFC_tsh,5-15,-0.22345170411777182,35,-0.2234493237565558,WLS,157,2.380361216025584e-06
4,UPFC_Vse,5-15,0.05935469196329007,35,0.05686545194196378,WLS,157,0.0024892400213262847
5,UPFC_tse,5-15,-2.1536510172884284,35,-2.1278941958816198,WLS,157,0.025756821406808683
0,x_tcsc,1-14,-0.14407587218821338,36,-0.14413183442542815,WLS,157,5.596223721476834e-05
1,B_svc,2,0.3267093457530137,36,0.32660811448032484,WLS,157,0.0001012312726888509
2,UPFC_Vsh,5-15,1.1044456512929575,36,1.103017122316905,WLS,157,0.001428528976052501
3,UPFC_tsh,5-15,-0.22340479991960008,36,-0.2234493237565558,WLS,157,4.452383695571771e-05
4,UPFC_Vse,5-15,0.059010592524512524,36,0.05686545194196378,WLS,157,0.002145140582548742
5,UPFC_tse,5-15,-2.152273281899805,36,-2.1278941958816198,WLS,157,0.02437908601818517
0,x_tcsc,1-14,-0.14407883000404817,37,-0.14413183442542815,WLS,157,5.300442137998185e-05
1,B_svc,2,0.3264510081558258,37,0.32660811448032484,WLS,157,0.0001571063244990567
2,UPFC_Vsh,5-15,1.1046046682608135,37,1.103017122316905,WLS,157,0.0015875459439085304
3,UPFC_tsh,5-15,-0.22343631389038826,37,-0.2234493237565558,WLS,157,1.3009866167534856e-05
4,UPFC_Vse,5-15,0.059524349675136444,37,0.05686545194196378,WLS,157,0.002658897733172662
5,UPFC_tse,5-15,-2.154109406004165,37,-2.1278941958816198,WLS,157,0.02621521012254524
0,x_tcsc,1-14,-0.14406115881612352,38,-0.14413183442542815,WLS,157,7.06756093046268e-05
1,B_svc,2,0.326504819599821,38,0.32660811448032484,WLS,157,0.00010329488050386804
2,UPFC_Vsh,5-15,1.104490345585276,38,1.103017122316905,WLS,157,0.00147322326837096
3,UPFC_tsh,5-15,-0.22349654110605807,38,-0.2234493237565558,WLS,157,4.721734950227652e-05
4,UPFC_Vse,5-15,0.05963801682655472,38,0.05686545194196378,WLS,157,0.0027725648845909404
5,UPFC_tse,5-15,-2.1516732621589507,38,-2.1278941958816198,WLS,157,0.02377906627733095
0,x_tcsc,1-14,-0.1440735747228861,39,-0.14413183442542815,WLS,157,5.825970254205726e-05
1,B_svc,2,0.32644507580974974,39,0.32660811448032484,WLS,157,0.0001630386705750997
2,UPFC_Vsh,5-15,1.104622069352391,39,1.103017122316905,WLS,157,0.0016049470354859707
3,UPFC_tsh,5-15,-0.22344591503731837,39,-0.2234493237565558,WLS,157,3.4087192374299136e-06
4,UPFC_Vse,5-15,0.05943635342376169,39,0.05686545194196378,WLS,157,0.0025709014817979076
5,UPFC_tse,5-15,-2.1536062321567466,39,-2.1278941958816198,WLS,157,0.02571203627512686
0,x_tcsc,1-14,-0.14406982755044012,40,-0.14413183442542815,WLS,157,6.200687498802981e-05
1,B_svc,2,0.32658543782847876,40,0.32660811448032484,WLS,157,2.2676651846076368e-05
2,UPFC_Vsh,5-15,1.1043954833897076,40,1.103017122316905,WLS,157,0.0013783610728026474
3,UPFC_tsh,5-15,-0.22341828885970694,40,-0.2234493237565558,WLS,157,3.1034896848858295e-05
4,UPFC_Vse,5-15,0.05963553997699218,40,0.05686545194196378,WLS,157,0.0027700880350284007
5,UPFC_tse,5-15,-2.15085844631172,40,-2.1278941958816198,WLS,157,0.022964250430100197
0,x_tcsc,1-14,-0.14407699842961946,41,-0.14413183442542815,WLS,157,5.483599580868859e-05
1,B_svc,2,0.3268321439365282,41,0.32660811448032484,WLS,157,0.00022402945620336734
2,UPFC_Vsh,5-15,1.1047233794882905,41,1.103017122316905,WLS,157,0.0017062571713855057
3,UPFC_tsh,5-15,-0.22348050578336773,41,-0.2234493237565558,WLS,157,3.118202681193227e-05
4,UPFC_Vse,5-15,0.05941222903827747,41,0.05686545194196378,WLS,157,0.0025467770963136863
5,UPFC_tse,5-15,-2.1528798445825155,41,-2.1278941958816198,WLS,157,0.024985648700895702
0,x_tcsc,1-14,-0.14405318284530916,42,-0.14413183442542815,WLS,157,7.865158011899354e-05
1,B_svc,2,0.32681002284620214,42,0.32660811448032484,WLS,157,0.00020190836587730132
2,UPFC_Vsh,5-15,1.104559620545585,42,1.103017122316905,WLS,157,0.0015424982286800226
3,UPFC_tsh,5-15,-0.22347890360785197,42,-0.2234493237565558,WLS,157,2.9579851296174242e-05
4,UPFC_Vse,5-15,0.05946592107403552,42,0.05686545194196378,WLS,157,0.0026004691320717366
5,UPFC_tse,5-15,-2.151864217481547,42,-2.1278941958816198,WLS,157,0.02397002159992745
0,x_tcsc,1-14,-0.14405848165510055,43,-0.14413183442542815,WLS,157,7.335277032760601e-05
1,B_svc,2,0.3271863321876572,43,0.32660811448032484,WLS,157,0.0005782177073323513
2,UPFC_Vsh,5-15,1.1045102909793731,43,1.103017122316905,WLS,157,0.0014931686624681806
3,UPFC_tsh,5-15,-0.2234391687619662,43,-0.2234493237565558,WLS,157,1.0154994589589572e-05
4,UPFC_Vse,5-15,0.05888518131948748,43,0.05686545194196378,WLS,157,0.0020197293775236977
5,UPFC_tse,5-15,-2.1534995218139352,43,-2.1278941958816198,WLS,157,0.02560532593231546
0,x_tcsc,1-14,-0.14408328991181774,44,-0.14413183442542815,WLS,157,4.8544513610415674e-05
1,B_svc,2,0.3269242734736003,44,0.32660811448032484,WLS,157,0.0003161589932754727
2,UPFC_Vsh,5-15,1.1041487687433833,44,1.103017122316905,WLS,157,0.0011316464264783388
3,UPFC_tsh,5-15,-0.22344437009762164,44,-0.2234493237565558,WLS,157,4.953658934159222e-06
4,UPFC_Vse,5-15,0.059533803392735105,44,0.05686545194196378,WLS,157,0.0026683514507713224
5,UPFC_tse,5-15,-2.150439510019804,44,-2.1278941958816198,WLS,157,0.02254531413818439
0,x_tcsc,1-14,-0.14406875829177015,45,-0.14413183442542815,WLS,157,6.307613365799658e-05
1,B_svc,2,0.32646897668738634,45,0.32660811448032484,WLS,157,0.00013913779293850403
2,UPFC_Vsh,5-15,1.104778090989223,45,1.103017122316905,WLS,157,0.0017609686723181195
3,UPFC_tsh,5-15,-0.22346800250449497,45,-0.2234493237565558,WLS,157,1.867874793917701e-05
4,UPFC_Vse,5-15,0.05924950795883346,45,0.05686545194196378,WLS,157,0.0023840560168696748
5,UPFC_tse,5-15,-2.154653776624572,45,-2.1278941958816198,WLS,157,0.02675958074295215
0,x_tcsc,1-14,-0.14407981086992291,46,-0.14413183442542815,WLS,157,5.2023555505237296e-05
1,B_svc,2,0.3266066530974629,46,0.32660811448032484,WLS,157,1.4613828619447489e-06
2,UPFC_Vsh,5-15,1.1046255474737563,46,1.103017122316905,WLS,157,0.0016084251568513341
3,UPFC_tsh,5-15,-0.2234413998119299,46,-0.2234493237565558,WLS,157,7.923944625898294e-06
4,UPFC_Vse,5-15,0.05952410933193081,46,0.05686545194196378,WLS,157,0.0026586573899670257
5,UPFC_tse,5-15,-2.149092842549156,46,-2.1278941958816198,WLS,157,0.021198646667536014
0,x_tcsc,1-14,-0.1440919030935033,47,-0.14413183442542815,WLS,157,3.993133192484177e-05
1,B_svc,2,0.32705985263580634,47,0.32660811448032484,WLS,157,0.0004517381554814959
2,UPFC_Vsh,5-15,1.1044932939479668,47,1.103017122316905,WLS,157,0.00147617163106184
3,UPFC_tsh,5-15,-0.22340736982931744,47,-0.2234493237565558,WLS,157,4.1953927238352895e-05
4,UPFC_Vse,5-15,0.05891258317922024,47,0.05686545194196378,WLS,157,0.002047131237256458
5,UPFC_tse,5-15,-2.1541297576317553,47,-2.1278941958816198,WLS,157,0.026235561750135528
0,x_tcsc,1-14,-0.14407161580627775,48,-0.14413183442542815,WLS,157,6.021861915039839e-05
1,B_svc,2,0.32696991600075354,48,0.32660811448032484,WLS,157,0.00036180152042869507
2,UPFC_Vsh,5-15,1.10446300502092,48,1.103017122316905,WLS,157,0.0014458827040151334
3,UPFC_tsh,5-15,-0.22344485131387154,48,-0.2234493237565558,WLS,157,4.4724426842557286e-06
4,UPFC_Vse,5-15,0.059610445234494325,48,0.05686545194196378,WLS,157,0.0027449932925305426
5,UPFC_tse,5-15,-2.1537731567089766,48,-2.1278941958816198,WLS,157,0.025878960827356856
0,x_tcsc,1-14,-0.14406278888519494,49,-0.14413183442542815,WLS,157,6.904554023320908e-05
1,B_svc,2,0.3263004898289467,49,0.32660811448032484,WLS,157,0.00030762465137812445
2,UPFC_Vsh,5-15,1.1045930550230725,49,1.103017122316905,WLS,157,0.0015759327061675155
3,UPFC_tsh,5-15,-0.2234767209833664,49,-0.2234493237565558,WLS,157,2.739722681061041e-05
4,UPFC_Vse,5-15,0.05950623745967366,49,0.05686545194196378,WLS,157,0.0026407855177098746
5,UPFC_tse,5-15,-2.150966677535842,49,-2.1278941958816198,WLS,157,0.023072481654222265
0,x_tcsc,1-14,-0.14408356544948478,50,-0.14413183442542815,WLS,157,4.826897594337187e-05
1,B_svc,2,0.3270278259666068,50,0.32660811448032484,WLS,157,0.00041971148628194843
2,UPFC_Vsh,5-15,1.1045544370191953,50,1.103017122316905,WLS,157,0.0015373147022903488
3,UPFC_tsh,5-15,-0.22349305033685732,50,-0.2234493237565558,WLS,157,4.372658030152299e-05
4,UPFC_Vse,5-15,0.05949986801246018,50,0.05686545194196378,WLS,157,0.002634416070496401
5,UPFC_tse,5-15,-2.1527321972729276,50,-2.1278941958816198,WLS,157,0.024838001391307873
0,x_tcsc,1-14,-0.1440596366054971,51,-0.14413183442542815,WLS,157,7.219781993106356e-05
1,B_svc,2,0.32668122924421006,51,0.32660811448032484,WLS,157,7.311476388521809e-05
2,UPFC_Vsh,5-15,1.1041917963158776,51,1.103017122316905,WLS,157,0.0011746739989726418
3,UPFC_tsh,5-15,-0.223461563870087,51,-0.2234493237565558,WLS,157,1.2240113531208907e-05
4,UPFC_Vse,5-15,0.059659159282439936,51,0.05686545194196378,WLS,157,0.0027937073404761537
5,UPFC_tse,5-15,-2.1505350434400885,51,-2.1278941958816198,WLS,157,0.022640847558468735
0,x_tcsc,1-14,-0.14406496637694974,52,-0.14413183442542815,WLS,157,6.686804847841343e-05
1,B_svc,2,0.3269771475374214,52,0.32660811448032484,WLS,157,0.0003690330570965683
2,UPFC_Vsh,5-15,1.1048548849138078,52,1.103017122316905,WLS,157,0.0018377625969028255
3,UPFC_tsh,5-15,-0.2234091349790735,52,-0.2234493237565558,WLS,157,4.018877748229732e-05
4,UPFC_Vse,5-15,0.0591564429340377,52,0.05686545194196378,WLS,157,0.0022909909920739158
5,UPFC_tse,5-15,-2.1557028204284854,52,-2.1278941958816198,WLS,157,0.027808624546865612
0,x_tcsc,1-14,-0.14406811302980552,53,-0.14413183442542815,WLS,157,6.372139562263457e-05
1,B_svc,2,0.3267443727114044,53,0.32660811448032484,WLS,157,0.0001362582310795446
2,UPFC_Vsh,5-15,1.104561491904053,53,1.103017122316905,WLS,157,0.0015443695871479868
3,UPFC_tsh,5-15,-0.2234183108297912,53,-0.2234493237565558,WLS,157,3.101292676460643e-05
4,UPFC_Vse,5-15,0.059410389060827025,53,0.05686545194196378,WLS,157,0.0025449371188632428
5,UPFC_tse,5-15,-2.1543960410733165,53,-2.1278941958816198,WLS,157,0.026501845191696738
0,x_tcsc,1-14,-0.14407286223972482,54,-0.14413183442542815,WLS,157,5.897218570333207e-05
1,B_svc,2,0.32684860683830824,54,0.32660811448032484,WLS,157,0.00024049235798340174
2,UPFC_Vsh,5-15,1.1048438384751889,54,1.103017122316905,WLS,157,0.001826716158283892
3,UPFC_tsh,5-15,-0.22335135952738525,54,-0.2234493237565558,WLS,157,9.796422917054959e-05
4,UPFC_Vse,5-15,0.059502183785444286,54,0.05686545194196378,WLS,157,0.002636731843480504
5,UPFC_tse,5-15,-2.15140440437926,54,-2.1278941958816198,WLS,157,0.023510208497640406
0,x_tcsc,1-14,-0.14407782843995984,55,-0.14413183442542815,WLS,157,5.400598546831392e-05
1,B_svc,2,0.32676255549755073,55,0.32660811448032484,WLS,157,0.00015444101722589254
2,UPFC_Vsh,5-15,1.1047860627317143,55,1.103017122316905,WLS,157,0.0017689404148093502
3,UPFC_tsh,5-15,-0.22346036320326523,55,-0.2234493237565558,WLS,157,1.1039446709437684e-05
4,UPFC_Vse,5-15,0.05947445559787817,55,0.05686545194196378,WLS,157,0.002609003655914391
5,UPFC_tse,5-15,-2.1529896928027945,55,-2.1278941958816198,WLS,157,0.025095496921174743
0,x_tcsc,1-14,-0.1440797547301711,56,-0.14413183442542815,WLS,157,5.20796952570568e-05
1,B_svc,2,0.3267537095217756,56,0.32660811448032484,WLS,157,0.0001455950414507856
2,UPFC_Vsh,5-15,1.1046322315858854,56,1.103017122316905,WLS,157,0.0016151092689804525
3,UPFC_tsh,5-15,-0.22338880661078914,56,-0.2234493237565558,WLS,157,6.0517145766658675e-05
4,UPFC_Vse,5-15,0.059356375242772076,56,0.05686545194196378,WLS,157,0.002490923300808294
5,UPFC_tse,5-15,-2.1501118463212894,56,-2.1278941958816198,WLS,157,0.02221765043966961
0,x_tcsc,1-14,-0.1440642476109411,57,-0.14413183442542815,WLS,157,6.758681448704174e-05
1,B_svc,2,0.3266414478236917,57,0.32660811448032484,WLS,157,3.3333343366859225e-05
2,UPFC_Vsh,5-15,1.1044842542854723,57,1.103017122316905,WLS,157,0.0014671319685672923
3,UPFC_tsh,5-15,-0.22346524869997955,57,-0.2234493237565558,WLS,157,1.5924943423756277e-05
4,UPFC_Vse,5-15,0.05956568355696565,57,0.05686545194196378,WLS,157,0.0027002316150018663
5,UPFC_tse,5-15,-2.149813971975288,57,-2.1278941958816198,WLS,157,0.02191977609366802
0,x_tcsc,1-14,-0.14408338237639615,58,-0.14413183442542815,WLS,157,4.845204903200506e-05
1,B_svc,2,0.32639983130235983,58,0.32660811448032484,WLS,157,0.0002082831779650074
2,UPFC_Vsh,5-15,1.1045490034357943,58,1.103017122316905,WLS,157,0.0015318811188893555
3,UPFC_tsh,5-15,-0.22344633360595711,58,-0.2234493237565558,WLS,157,2.9901505986806853e-06
4,UPFC_Vse,5-15,0.05892343114325179,58,0.05686545194196378,WLS,157,0.0020579792012880085
5,UPFC_tse,5-15,-2.153890323320525,58,-2.1278941958816198,WLS,157,0.025996127438905337
0,x_tcsc,1-14,-0.14406456916383223,59,-0.14413183442542815,WLS,157,6.726526159592239e-05
1,B_svc,2,0.32680244971990463,59,0.32660811448032484,WLS,157,0.00019433523957979038
2,UPFC_Vsh,5-15,1.1048369180257491,59,1.103017122316905,WLS,157,0.001819795708844163
3,UPFC_tsh,5-15,-0.22338618037353786,59,-0.2234493237565558,WLS,157,6.314338301793843e-05
4,UPFC_Vse,5-15,0.05964257602133951,59,0.05686545194196378,WLS,157,0.002777124079375727
5,UPFC_tse,5-15,-2.1550377273013224,59,-2.1278941958816198,WLS,157,0.027143531419702605
0,x_tcsc,1-14,-0.1440600262828868,60,-0.14413183442542815,WLS,157,7.180814254134638e-05
1,B_svc,2,0.32668368612929244,60,0.32660811448032484,WLS,157,7.557164896759838e-05
2,UPFC_Vsh,5-15,1.1043113398633504,60,1.103017122316905,WLS,157,0.0012942175464454309
3,UPFC_tsh,5-15,-0.22341050751150682,60,-0.2234493237565558,WLS,157,3.881624504897818e-05
4,UPFC_Vse,5-15,0.05937063270154151,60,0.05686545194196378,WLS,157,0.00250518075957773
5,UPFC_tse,5-15,-2.152864023456441,60,-2.1278941958816198,WLS,157,0.024969827574821135
0,x_tcsc,1-14,-0.144055136108748,61,-0.14413183442542815,WLS,157,7.669831668014049e-05
1,B_svc,2,0.32686897443828505,61,0.32660811448032484,WLS,157,0.00026085995796021333
2,UPFC_Vsh,5-15,1.1043597622548036,61,1.103017122316905,WLS,157,0.0013426399378986265
3,UPFC_tsh,5-15,-0.2234754699165672,61,-0.2234493237565558,WLS,157,2.614616001139769e-05
4,UPFC_Vse,5-15,0.05905262970541136,61,0.05686545194196378,WLS,157,0.0021871777634475745
5,UPFC_tse,5-15,-2.154294502530653,61,-2.1278941958816198,WLS,157,0.026400306649033034
0,x_tcsc,1-14,-0.14407450639767846,62,-0.14413183442542815,WLS,157,5.7328027749686816e-05
1,B_svc,2,0.32675804755732113,62,0.32660811448032484,WLS,157,0.00014993307699628922
2,UPFC_Vsh,5-15,1.104670897449391,62,1.103017122316905,WLS,157,0.0016537751324861016
3,UPFC_tsh,5-15,-0.22349725175505297,62,-0.2234493237565558,WLS,157,4.7927998497176993e-05
4,UPFC_Vse,5-15,0.0593532924726951,62,0.05686545194196378,WLS,157,0.002487840530731318
5,UPFC_tse,5-15,-2.152803903708525,62,-2.1278941958816198,WLS,157,0.02490970782690516
0,x_tcsc,1-14,-0.14407352817901428,63,-0.14413183442542815,WLS,157,5.83062464138695e-05
1,B_svc,2,0.32674930831445714,63,0.32660811448032484,WLS,157,0.0001411938341323027
2,UPFC_Vsh,5-15,1.1044649323160105,63,1.103017122316905,WLS,157,0.0014478099991055426
3,UPFC_tsh,5-15,-0.2234226570220927,63,-0.2234493237565558,WLS,157,2.666673446308221e-05
4,UPFC_Vse,5-15,0.059623251659851745,63,0.05686545194196378,WLS,157,0.0027577997178879626
5,UPFC_tse,5-15,-2.149577358517145,63,-2.1278941958816198,WLS,157,0.021683162635525388
0,x_tcsc,1-14,-0.14408295151198405,64,-0.14413183442542815,WLS,157,4.888291344409823e-05
1,B_svc,2,0.3269581652834046,64,0.32660811448032484,WLS,157,0.00035005080307976
2,UPFC_Vsh,5-15,1.1046352308707916,64,1.103017122316905,WLS,157,0.0016181085538866657
3,UPFC_tsh,5-15,-0.22346180626460269,64,-0.2234493237565558,WLS,157,1.248250804689044e-05
4,UPFC_Vse,5-15,0.05947414518582564,64,0.05686545194196378,WLS,157,0.0026086932438618565
5,UPFC_tse,5-15,-2.149461599500501,64,-2.1278941958816198,WLS,157,0.021567403618881098
0,x_tcsc,1-14,-0.1440765170071095,65,-0.14413183442542815,WLS,157,5.5317418318656664e-05
1,B_svc,2,0.3270801687304993,65,0.32660811448032484,WLS,157,0.00047205425017443625
2,UPFC_Vsh,5-15,1.1045434498857583,65,1.103017122316905,WLS,157,0.0015263275688532918
3,UPFC_tsh,5-15,-0.2234369533234588,65,-0.2234493237565558,WLS,157,1.2370433096986488e-05
4,UPFC_Vse,5-15,0.059462785725111184,65,0.05686545194196378,WLS,157,0.0025973337831474014
5,UPFC_tse,5-15,-2.152631309887521,65,-2.1278941958816198,WLS,157,0.024737114005901173
0,x_tcsc,1-14,-0.14407256912927205,66,-0.14413183442542815,WLS,157,5.926529615610243e-05
1,B_svc,2,0.3271163284572032,66,0.32660811448032484,WLS,157,0.0005082139768783356
2,UPFC_Vsh,5-15,1.1045020071468588,66,1.103017122316905,WLS,157,0.001484884829953792
3,UPFC_tsh,5-15,-0.22344957141452593,66,-0.2234493237565558,WLS,157,2.476579701315984e-07
4,UPFC_Vse,5-15,0.058913081491689924,66,0.05686545194196378,WLS,157,0.002047629549726142
5,UPFC_tse,5-15,-2.14929642950697,66,-2.1278941958816198,WLS,157,0.02140223362535032
0,x_tcsc,1-14,-0.14405870975509058,67,-0.14413183442542815,WLS,157,7.312467033757097e-05
1,B_svc,2,0.3275497853251782,67,0.32660811448032484,WLS,157,0.0009416708448533595
2,UPFC_Vsh,5-15,1.1044555141371786,67,1.103017122316905,WLS,157,0.0014383918202736101
3,UPFC_tsh,5-15,-0.22341882068502986,67,-0.2234493237565558,WLS,157,3.0503071525939118e-05
4,UPFC_Vse,5-15,0.05920542159072387,67,0.05686545194196378,WLS,157,0.0023399696487600846
5,UPFC_tse,5-15,-2.150725463335205,67,-2.1278941958816198,WLS,157,0.022831267453585102
0,x_tcsc,1-14,-0.14405650402723438,68,-0.14413183442542815,WLS,157,7.533039819376808e-05
1,B_svc,2,0.3269132244815729,68,0.32660811448032484,WLS,157,0.00030511000124805454
2,UPFC_Vsh,5-15,1.1048834901364606,68,1.103017122316905,WLS,157,0.0018663678195556255
3,UPFC_tsh,5-15,-0.2234439755141168,68,-0.2234493237565558,WLS,157,5.348242439001671e-06
4,UPFC_Vse,5-15,0.05954233731876241,68,0.05686545194196378,WLS,157,0.002676885376798631
5,UPFC_tse,5-15,-2.15403255117581,68,-2.1278941958816198,WLS,157,0.026138355294190063
0,x_tcsc,1-14,-0.14407924225489563,69,-0.14413183442542815,WLS,157,5.259217053252274e-05
1,B_svc,2,0.32637756594862805,69,0.32660811448032484,WLS,157,0.0002305485316967948
2,UPFC_Vsh,5-15,1.1046057532514753,69,1.103017122316905,WLS,157,0.0015886309345702898
3,UPFC_tsh,5-15,-0.2234515143278637,69,-0.2234493237565558,WLS,157,2.1905713079029e-06
4,UPFC_Vse,5-15,0.059700201060128244,69,0.05686545194196378,WLS,157,0.002834749118164462
5,UPFC_tse,5-15,-2.1527741667739106,69,-2.1278941958816198,WLS,157,0.02487997089229088
0,x_tcsc,1-14,-0.14407172033199078,70,-0.14413183442542815,WLS,157,6.0114093437368954e-05
1,B_svc,2,0.3264248343908921,70,0.32660811448032484,WLS,157,0.00018328008943274687
2,UPFC_Vsh,5-15,1.1048028692010143,70,1.103017122316905,WLS,157,0.0017857468841093738
3,UPFC_tsh,5-15,-0.2234209004395494,70,-0.2234493237565558,WLS,157,2.8423317006393e-05
4,UPFC_Vse,5-15,0.058922659672055996,70,0.05686545194196378,WLS,157,0.0020572077300922142
5,UPFC_tse,5-15,-2.1514660133093093,70,-2.1278941958816198,WLS,157,0.023571817427689545
0,x_tcsc,1-14,-0.14408080540652088,71,-0.14413183442542815,WLS,157,5.102901890727263e-05
1,B_svc,2,0.32677286519868803,71,0.32660811448032484,WLS,157,0.00016475071836319355
2,UPFC_Vsh,5-15,1.1044181587528332,71,1.103017122316905,WLS,157,0.00140103643592826
3,UPFC_tsh,5-15,-0.22343286470128204,71,-0.2234493237565558,WLS,157,1.6459055273754242e-05
4,UPFC_Vse,5-15,0.059247445313315876,71,0.05686545194196378,WLS,157,0.002381993371352094
5,UPFC_tse,5-15,-2.1531240910607723,71,-2.1278941958816198,WLS,157,0.02522989517915253
0,x_tcsc,1-14,-0.14407820111903547,72,-0.14413183442542815,WLS,157,5.3633306392686375e-05
1,B_svc,2,0.3270317109421168,72,0.32660811448032484,WLS,157,0.0004235964617919641
2,UPFC_Vsh,5-15,1.1042636694375074,72,1.103017122316905,WLS,157,0.0012465471206024592
3,UPFC_tsh,5-15,-0.22345354336764622,72,-0.2234493237565558,WLS,157,4.21961109042801e-06
4,UPFC_Vse,5-15,0.05937839972509191,72,0.05686545194196378,WLS,157,0.0025129477831281263
5,UPFC_tse,5-15,-2.1537080247706744,72,-2.1278941958816198,WLS,157,0.02581382888905459
0,x_tcsc,1-14,-0.14407395828768388,73,-0.14413183442542815,WLS,157,5.787613774427269e-05
1,B_svc,2,0.3266432356351412,73,0.32660811448032484,WLS,157,3.512115481635325e-05
2,UPFC_Vsh,5-15,1.1045226915728277,73,1.103017122316905,WLS,157,0.0015055692559227118
3,UPFC_tsh,5-15,-0.22344452347891663,73,-0.2234493237565558,WLS,157,4.80027763916091e-06
4,UPFC_Vse,5-15,0.05911479060688375,73,0.05686545194196378,WLS,157,0.00224933866491997
5,UPFC_tse,5-15,-2.15349649348841,73,-2.1278941958816198,WLS,157,0.025602297606790447
0,x_tcsc,1-14,-0.1440734811730349,74,-0.14413183442542815,WLS,157,5.835325239325617e-05
1,B_svc,2,0.3271814541248428,74,0.32660811448032484,WLS,157,0.0005733396445179451
2,UPFC_Vsh,5-15,1.1042516275512795,74,1.103017122316905,WLS,157,0.0012345052343745166
3,UPFC_tsh,5-15,-0.22347266383398165,74,-0.2234493237565558,WLS,157,2.334007742585409e-05
4,UPFC_Vse,5-15,0.059750447994043436,74,0.05686545194196378,WLS,157,0.002884996052079654
5,UPFC_tse,5-15,-2.151974340988115,74,-2.1278941958816198,WLS,157,0.024080145106495365
0,x_tcsc,1-14,-0.14407727970802411,75,-0.14413183442542815,WLS,157,5.455471740403728e-05
1,B_svc,2,0.32686895734626487,75,0.32660811448032484,WLS,157,0.00026084286594002526
2,UPFC_Vsh,5-15,1.1042595776373911,75,1.103017122316905,WLS,157,0.0012424553204861688
3,UPFC_tsh,5-15,-0.22343415658152974,75,-0.2234493237565558,WLS,157,1.5167175026059576e-05
4,UPFC_Vse,5-15,0.059922958702204696,75,0.05686545194196378,WLS,157,0.0030575067602409134
5,UPFC_tse,5-15,-2.147391781853763,75,-2.1278941958816198,WLS,157,0.019497585972143128
0,x_tcsc,1-14,-0.14407595565853107,76,-0.14413183442542815,WLS,157,5.587876689708282e-05
1,B_svc,2,0.32718254384687323,76,0.32660811448032484,WLS,157,0.0005744293665483902
2,UPFC_Vsh,5-15,1.1042601443134472,76,1.103017122316905,WLS,157,0.0012430219965422484
3,UPFC_tsh,5-15,-0.22343608225628883,76,-0.2234493237565558,WLS,157,1.3241500266963913e-05
4,UPFC_Vse,5-15,0.05968080471646797,76,0.05686545194196378,WLS,157,0.00281535277450419
5,UPFC_tse,5-15,-2.1517388980974057,76,-2.1278941958816198,WLS,157,0.02384470221578594
0,x_tcsc,1-14,-0.14408965058126352,77,-0.14413183442542815,WLS,157,4.218384416462828e-05
1,B_svc,2,0.3266712188110972,77,0.32660811448032484,WLS,157,6.310433077233446e-05
2,UPFC_Vsh,5-15,1.104593460332539,77,1.103017122316905,WLS,157,0.001576338015633949
3,UPFC_tsh,5-15,-0.2234296464241124,77,-0.2234493237565558,WLS,157,1.9677332443401863e-05
4,UPFC_Vse,5-15,0.05917812846387863,77,0.05686545194196378,WLS,157,0.0023126765219148512
5,UPFC_tse,5-15,-2.1525457343358587,77,-2.1278941958816198,WLS,157,0.024651538454238953
0,x_tcsc,1-14,-0.1440994261128388,78,-0.14413183442542815,WLS,157,3.240831258935484e-05
1,B_svc,2,0.32663765000178796,78,0.32660811448032484,WLS,157,2.9535521463119885e-05
2,UPFC_Vsh,5-15,1.1046167831998728,78,1.103017122316905,WLS,157,0.0015996608829678127
3,UPFC_tsh,5-15,-0.2234447268150477,78,-0.2234493237565558,WLS,157,4.596941508089314e-06
4,UPFC_Vse,5-15,0.05926165967267593,78,0.05686545194196378,WLS,157,0.002396207730712148
5,UPFC_tse,5-15,-2.15017073983882,78,-2.1278941958816198,WLS,157,0.022276543957200357
0,x_tcsc,1-14,-0.14406879935875502,79,-0.14413183442542815,WLS,157,6.30350666731283e-05
1,B_svc,2,0.326604919245088,79,0.32660811448032484,WLS,157,3.1952352368413983e-06
2,UPFC_Vsh,5-15,1.1045109281968557,79,1.103017122316905,WLS,157,0.001493805879950738
3,UPFC_tsh,5-15,-0.22346144435214121,79,-0.2234493237565558,WLS,157,1.212059558541867e-05
4,UPFC_Vse,5-15,0.059348788973569794,79,0.05686545194196378,WLS,157,0.0024833370316060116
5,UPFC_tse,5-15,-2.1512287610882717,79,-2.1278941958816198,WLS,157,0.02333456520665189
0,x_tcsc,1-14,-0.1440672203323852,80,-0.14413183442542815,WLS,157,6.461409304295285e-05
1,B_svc,2,0.32691405801063966,80,0.32660811448032484,WLS,157,0.0003059435303148228
2,UPFC_Vsh,5-15,1.10443485105421,80,1.103017122316905,WLS,157,0.0014177287373049463
3,UPFC_tsh,5-15,-0.2235445486732272,80,-0.2234493237565558,WLS,157,9.522491667141031e-05
4,UPFC_Vse,5-15,0.05928184945281146,80,0.05686545194196378,WLS,157,0.0024163975108476773
5,UPFC_tse,5-15,-2.155604648005236,80,-2.1278941958816198,WLS,157,0.027710452123616225
0,x_tcsc,1-14,-0.14407203149147935,81,-0.14413183442542815,WLS,157,5.980293394880487e-05
1,B_svc,2,0.3267056816837639,81,0.32660811448032484,WLS,157,9.7567203439064e-05
2,UPFC_Vsh,5-15,1.10448671606702,81,1.103017122316905,WLS,157,0.001469593750115017
3,UPFC_tsh,5-15,-0.2234748869463305,81,-0.2234493237565558,WLS,157,2.5563189774702177e-05
4,UPFC_Vse,5-15,0.05980667255700753,81,0.05686545194196378,WLS,157,0.0029412206150437464
5,UPFC_tse,5-15,-2.147177161973419,81,-2.1278941958816198,WLS,157,0.019282966091799025
0,x_tcsc,1-14,-0.14405961876009402,82,-0.14413183442542815,WLS,157,7.221566533413548e-05
1,B_svc,2,0.3267644261136896,82,0.32660811448032484,WLS,157,0.0001563116333647696
2,UPFC_Vsh,5-15,1.104581579329036,82,1.103017122316905,WLS,157,0.0015644570121309265
3,UPFC_tsh,5-15,-0.22343302052684055,82,-0.2234493237565558,WLS,157,1.6303229715242118e-05
4,UPFC_Vse,5-15,0.059345456911934893,82,0.05686545194196378,WLS,157,0.0024800049699711113
5,UPFC_tse,5-15,-2.1517183005699176,82,-2.1278941958816198,WLS,157,0.023824104688297876
0,x_tcsc,1-14,-0.14405943029405846,83,-0.14413183442542815,WLS,157,7.240413136969104e-05
1,B_svc,2,0.3267423529115911,83,0.32660811448032484,WLS,157,0.00013423843126625368
2,UPFC_Vsh,5-15,1.1044793227816427,83,1.103017122316905,WLS,157,0.0014622004647377729
3,UPFC_tsh,5-15,-0.22347559649887327,83,-0.2234493237565558,WLS,157,2.6272742317479114e-05
4,UPFC_Vse,5-15,0.05947330797569963,83,0.05686545194196378,WLS,157,0.002607856033735846
5,UPFC_tse,5-15,-2.150981254273018,83,-2.1278941958816198,WLS,157,0.02308705839139824
0,x_tcsc,1-14,-0.14406210085941284,84,-0.14413183442542815,WLS,157,6.973356601530645e-05
1,B_svc,2,0.3268255434103528,84,0.32660811448032484,WLS,157,0.00021742893002796304
2,UPFC_Vsh,5-15,1.1042888698181623,84,1.103017122316905,WLS,157,0.0012717475012573587
3,UPFC_tsh,5-15,-0.22346200262070604,84,-0.2234493237565558,WLS,157,1.2678864150239555e-05
4,UPFC_Vse,5-15,0.05933151003331477,84,0.05686545194196378,WLS,157,0.0024660580913509894
5,UPFC_tse,5-15,-2.1492292067227408,84,-2.1278941958816198,WLS,157,0.021335010841120994
0,x_tcsc,1-14,-0.14407783760841672,85,-0.14413183442542815,WLS,157,5.399681701143133e-05
1,B_svc,2,0.32654885335215944,85,0.32660811448032484,WLS,157,5.926112816539986e-05
2,UPFC_Vsh,5-15,1.1043817130734508,85,1.103017122316905,WLS,157,0.0013645907565458248
3,UPFC_tsh,5-15,-0.22347034384863437,85,-0.2234493237565558,WLS,157,2.1020092078577468e-05
4,UPFC_Vse,5-15,0.05926409721384826,85,0.05686545194196378,WLS,157,0.002398645271884478
5,UPFC_tse,5-15,-2.1533306810800905,85,-2.1278941958816198,WLS,157,0.02543648519847075
0,x_tcsc,1-14,-0.14407664243986262,86,-0.14413183442542815,WLS,157,5.519198556552807e-05
1,B_svc,2,0.32690713430611634,86,0.32660811448032484,WLS,157,0.0002990198257915022
2,UPFC_Vsh,5-15,1.1047137553975306,86,1.103017122316905,WLS,157,0.0016966330806256202
3,UPFC_tsh,5-15,-0.22348599212546866,86,-0.2234493237565558,WLS,157,3.666836891286218e-05
4,UPFC_Vse,5-15,0.059815385179560615,86,0.05686545194196378,WLS,157,0.002949933237596833
5,UPFC_tse,5-15,-2.1500545717203434,86,-2.1278941958816198,WLS,157,0.022160375838723656
0,x_tcsc,1-14,-0.14408668741949973,87,-0.14413183442542815,WLS,157,4.51470059284198e-05
1,B_svc,2,0.3267771423420126,87,0.32660811448032484,WLS,157,0.00016902786168776496
2,UPFC_Vsh,5-15,1.1040799990941428,87,1.103017122316905,WLS,157,0.00106287677723782
3,UPFC_tsh,5-15,-0.22347061595533077,87,-0.2234493237565558,WLS,157,2.129219877497479e-05
4,UPFC_Vse,5-15,0.059435800942173926,87,0.05686545194196378,WLS,157,0.002570349000210144
5,UPFC_tse,5-15,-2.151209023248349,87,-2.1278941958816198,WLS,157,0.023314827366729407
0,x_tcsc,1-14,-0.14408965685528302,88,-0.14413183442542815,WLS,157,4.2177570145129906e-05
1,B_svc,2,0.3265186389873776,88,0.32660811448032484,WLS,157,8.94754929472441e-05
2,UPFC_Vsh,5-15,1.104523329796547,88,1.103017122316905,WLS,157,0.001506207479642141
3,UPFC_tsh,5-15,-0.2234365410271748,88,-0.2234493237565558,WLS,157,1.278272938098901e-05
4,UPFC_Vse,5-15,0.05922499722063386,88,0.05686545194196378,WLS,157,0.0023595452786700777
5,UPFC_tse,5-15,-2.1493133230798414,88,-2.1278941958816198,WLS,157,0.021419127198221588
0,x_tcsc,1-14,-0.14407556748452843,89,-0.14413183442542815,WLS,157,5.626694089971851e-05
1,B_svc,2,0.32695341271308354,89,0.32660811448032484,WLS,157,0.0003452982327586951
2,UPFC_Vsh,5-15,1.1042871667269718,89,1.103017122316905,WLS,157,0.0012700444100668395
3,UPFC_tsh,5-15,-0.22345931803029775,89,-0.2234493237565558,WLS,157,9.994273741958937e-06
4,UPFC_Vse,5-15,0.05952887190322181,89,0.05686545194196378,WLS,157,0.0026634199612580248
5,UPFC_tse,5-15,-2.151841484885428,89,-2.1278941958816198,WLS,157,0.02394728900380816
0,x_tcsc,1-14,-0.14407863960875975,90,-0.14413183442542815,WLS,157,5.3194816668405975e-05
1,B_svc,2,0.32677785876412613,90,0.32660811448032484,WLS,157,0.00016974428380128748
2,UPFC_Vsh,5-15,1.1045029268069442,90,1.103017122316905,WLS,157,0.0014858044900392109
3,UPFC_tsh,5-15,-0.223386412088965,90,-0.2234493237565558,WLS,157,6.291166759078703e-05
4,UPFC_Vse,5-15,0.05941433563606303,90,0.05686545194196378,WLS,157,0.002548883694099245
5,UPFC_tse,5-15,-2.1523470189680096,90,-2.1278941958816198,WLS,157,0.024452823086389852
0,x_tcsc,1-14,-0.1440692322768194,91,-0.14413183442542815,WLS,157,6.260214860875912e-05
1,B_svc,2,0.32661576099717415,91,0.32660811448032484,WLS,157,7.64651684931339e-06
2,UPFC_Vsh,5-15,1.1044043467480513,91,1.103017122316905,WLS,157,0.001387224431146361
3,UPFC_tsh,5-15,-0.22343792431670184,91,-0.2234493237565558,WLS,157,1.1399439853954085e-05
4,UPFC_Vse,5-15,0.05929844889242212,91,0.05686545194196378,WLS,157,0.002432996950458337
5,UPFC_tse,5-15,-2.1521737618127235,91,-2.1278941958816198,WLS,157,0.024279565931103697
0,x_tcsc,1-14,-0.14407526383001265,92,-0.14413183442542815,WLS,157,5.657059541550047e-05
1,B_svc,2,0.3260870405020059,92,0.32660811448032484,WLS,157,0.0005210739783189644
2,UPFC_Vsh,5-15,1.1043354757756987,92,1.103017122316905,WLS,157,0.0013183534587937196
3,UPFC_tsh,5-15,-0.22346020863615973,92,-0.2234493237565558,WLS,157,1.0884879603934028e-05
4,UPFC_Vse,5-15,0.05928625460181635,92,0.05686545194196378,WLS,157,0.002420802659852568
5,UPFC_tse,5-15,-2.150198712056269,92,-2.1278941958816198,WLS,157,0.022304516174649347
0,x_tcsc,1-14,-0.14405594713381903,93,-0.14413183442542815,WLS,157,7.588729160912244e-05
1,B_svc,2,0.3269243668733752,93,0.32660811448032484,WLS,157,0.0003162523930503869
2,UPFC_Vsh,5-15,1.1046193935222939,93,1.103017122316905,WLS,157,0.0016022712053889165
3,UPFC_tsh,5-15,-0.22344731276765817,93,-0.2234493237565558,WLS,157,2.010988897627186e-06
4,UPFC_Vse,5-15,0.059346105831126324,93,0.05686545194196378,WLS,157,0.0024806538891625415
5,UPFC_tse,5-15,-2.1543965829725376,93,-2.1278941958816198,WLS,157,0.02650238709091779
0,x_tcsc,1-14,-0.1440651660258782,94,-0.14413183442542815,WLS,157,6.666839954994064e-05
1,B_svc,2,0.3270316637552677,94,0.32660811448032484,WLS,157,0.0004235492749428693
2,UPFC_Vsh,5-15,1.1046912755375562,94,1.103017122316905,WLS,157,0.001674153220651231
3,UPFC_tsh,5-15,-0.22336983087210488,94,-0.2234493237565558,WLS,157,7.949288445091574e-05
4,UPFC_Vse,5-15,0.059024156103273995,94,0.05686545194196378,WLS,157,0.0021587041613102126
5,UPFC_tse,5-15,-2.157261014004825,94,-2.1278941958816198,WLS,157,0.029366818123205185
0,x_tcsc,1-14,-0.144055533407544,95,-0.14413183442542815,WLS,157,7.630101788413945e-05
1,B_svc,2,0.32696695764587036,95,0.32660811448032484,WLS,157,0.0003588431655455193
2,UPFC_Vsh,5-15,1.1043968079755975,95,1.103017122316905,WLS,157,0.0013796856586925088
3,UPFC_tsh,5-15,-0.22344580836104563,95,-0.2234493237565558,WLS,157,3.5153955101618894e-06
4,UPFC_Vse,5-15,0.059365338089167934,95,0.05686545194196378,WLS,157,0.0024998861472041514
5,UPFC_tse,5-15,-2.1531063253698073,95,-2.1278941958816198,WLS,157,0.025212129488187518
0,x_tcsc,1-14,-0.14406386140543867,96,-0.14413183442542815,WLS,157,6.797301998948124e-05
1,B_svc,2,0.3262629614233203,96,0.32660811448032484,WLS,157,0.0003451530570045547
2,UPFC_Vsh,5-15,1.1044841148923117,96,1.103017122316905,WLS,157,0.0014669925754067226
3,UPFC_tsh,5-15,-0.22340545412471616,96,-0.2234493237565558,WLS,157,4.38696318396381e-05
4,UPFC_Vse,5-15,0.05903794794616328,96,0.05686545194196378,WLS,157,0.002172496004199498
5,UPFC_tse,5-15,-2.1549790595194653,96,-2.1278941958816198,WLS,157,0.02708486363784557
0,x_tcsc,1-14,-0.14407699982691238,97,-0.14413183442542815,WLS,157,5.483459851576833e-05
1,B_svc,2,0.3260806789897439,97,0.32660811448032484,WLS,157,0.0005274354905809298
2,UPFC_Vsh,5-15,1.104478653479571,97,1.103017122316905,WLS,157,0.0014615311626660077
3,UPFC_tsh,5-15,-0.22342712945249246,97,-0.2234493237565558,WLS,157,2.2194304063333226e-05
4,UPFC_Vse,5-15,0.059376128853963255,97,0.05686545194196378,WLS,157,0.0025106769119994723
5,UPFC_tse,5-15,-2.150615058207239,97,-2.1278941958816198,WLS,157,0.02272086232561943
0,x_tcsc,1-14,-0.1440656938761441,98,-0.14413183442542815,WLS,157,6.6140549284055e-05
1,B_svc,2,0.3263745038445867,98,0.32660811448032484,WLS,157,0.00023361063573812402
2,UPFC_Vsh,5-15,1.1046834988982115,98,1.103017122316905,WLS,157,0.0016663765813065279
3,UPFC_tsh,5-15,-0.22341766776323585,98,-0.2234493237565558,WLS,157,3.165599331994562e-05
4,UPFC_Vse,5-15,0.05961239245266629,98,0.05686545194196378,WLS,157,0.0027469405107025044
5,UPFC_tse,5-15,-2.150027878262937,98,-2.1278941958816198,WLS,157,0.02213368238131741
0,x_tcsc,1-14,-0.14407812397293931,99,-0.14413183442542815,WLS,157,5.3710452488836546e-05
1,B_svc,2,0.3261345846711926,99,0.32660811448032484,WLS,157,0.00047352980913223375
2,UPFC_Vsh,5-15,1.1049510527433744,99,1.103017122316905,WLS,157,0.001933930426469388
3,UPFC_tsh,5-15,-0.2234217331154414,99,-0.2234493237565558,WLS,157,2.7590641114405567e-05
4,UPFC_Vse,5-15,0.05913519960610105,99,0.05686545194196378,WLS,157,0.0022697476641372685
5,UPFC_tse,5-15,-2.1550780925826705,99,-2.1278941958816198,WLS,157,0.027183896701050703
0,x_tcsc,1-14,-0.1418935802650281,0,-0.14191979616827272,WLS,159,2.621590324461409e-05
1,B_svc,2,0.3126562622057362,0,0.31257628507214474,WLS,159,7.997713359148007e-05
2,UPFC_Vsh,5-15,1.1044191646504606,0,1.1030683456881902,WLS,159,0.0013508189622704059
3,UPFC_tsh,5-15,-0.22490028930253314,0,-0.22486483916471098,WLS,159,3.5450137822162775e-05
4,UPFC_Vse,5-15,0.05957589241940152,0,0.05765285394190859,WLS,159,0.001923038477492929
5,UPFC_tse,5-15,-2.152709065479174,0,-2.139987991865396,WLS,159,0.012721073613777722
0,x_tcsc,1-14,-0.14189120286542542,1,-0.14191979616827272,WLS,159,2.859330284729622e-05
1,B_svc,2,0.3124666773376263,1,0.31257628507214474,WLS,159,0.00010960773451845762
2,UPFC_Vsh,5-15,1.104273262227612,1,1.1030683456881902,WLS,159,0.0012049165394216743
3,UPFC_tsh,5-15,-0.22488227741406536,1,-0.22486483916471098,WLS,159,1.7438249354378987e-05
4,UPFC_Vse,5-15,0.059051685130628286,1,0.05765285394190859,WLS,159,0.0013988311887196958
5,UPFC_tse,5-15,-2.1531103448206492,1,-2.139987991865396,WLS,159,0.013122352955253103
0,x_tcsc,1-14,-0.14189081928934966,2,-0.14191979616827272,WLS,159,2.8976878923059335e-05
1,B_svc,2,0.31287491860412175,2,0.31257628507214474,WLS,159,0.0002986335319770106
2,UPFC_Vsh,5-15,1.1045472407734498,2,1.1030683456881902,WLS,159,0.0014788950852595573
3,UPFC_tsh,5-15,-0.224864605100738,2,-0.22486483916471098,WLS,159,2.3406397298142423e-07
4,UPFC_Vse,5-15,0.05984759810842436,2,0.05765285394190859,WLS,159,0.002194744166515772
5,UPFC_tse,5-15,-2.1557765942359812,2,-2.139987991865396,WLS,159,0.015788602370585103
0,x_tcsc,1-14,-0.1418946791762521,3,-0.14191979616827272,WLS,159,2.5116992020624007e-05
1,B_svc,2,0.31250169443069437,3,0.31257628507214474,WLS,159,7.45906414503783e-05
2,UPFC_Vsh,5-15,1.104387533627725,3,1.1030683456881902,WLS,159,0.0013191879395346717
3,UPFC_tsh,5-15,-0.22488154208713643,3,-0.22486483916471098,WLS,159,1.6702922425448907e-05
4,UPFC_Vse,5-15,0.060010015662749036,3,0.05765285394190859,WLS,159,0.0023571617208404463
5,UPFC_tse,5-15,-2.152529690266409,3,-2.139987991865396,WLS,159,0.012541698401012713
0,x_tcsc,1-14,-0.1418798062022293,4,-0.14191979616827272,WLS,159,3.9989966043402214e-05
1,B_svc,2,0.31238014990622376,4,0.31257628507214474,WLS,159,0.00019613516592098534
2,UPFC_Vsh,5-15,1.1042561211892714,4,1.1030683456881902,WLS,159,0.0011877755010811786
3,UPFC_tsh,5-15,-0.22485609531514736,4,-0.22486483916471098,WLS,159,8.743849563619399e-06
4,UPFC_Vse,5-15,0.059594272624423794,4,0.05765285394190859,WLS,159,0.0019414186825152044
5,UPFC_tse,5-15,-2.15553048340913,4,-2.139987991865396,WLS,159,0.01554249154373366
0,x_tcsc,1-14,-0.14190099575121626,5,-0.14191979616827272,WLS,159,1.8800417056458185e-05
1,B_svc,2,0.3127981743096577,5,0.31257628507214474,WLS,159,0.00022188923751292888
2,UPFC_Vsh,5-15,1.104107186554569,5,1.1030683456881902,WLS,159,0.0010388408663788429
3,UPFC_tsh,5-15,-0.22487270547471605,5,-0.22486483916471098,WLS,159,7.86631000507243e-06
4,UPFC_Vse,5-15,0.05995356286954133,5,0.05765285394190859,WLS,159,0.00230070892763274
5,UPFC_tse,5-15,-2.1484428455629825,5,-2.139987991865396,WLS,159,0.008454853697586362
0,x_tcsc,1-14,-0.14189285094479676,6,-0.14191979616827272,WLS,159,2.69452234759604e-05
1,B_svc,2,0.3123785676794566,6,0.31257628507214474,WLS,159,0.00019771739268814592
2,UPFC_Vsh,5-15,1.1048640099121452,6,1.1030683456881902,WLS,159,0.0017956642239549403
3,UPFC_tsh,5-15,-0.22474050384684613,6,-0.22486483916471098,WLS,159,0.00012433531786484875
4,UPFC_Vse,5-15,0.05950723617951694,6,0.05765285394190859,WLS,159,0.0018543822376083513
5,UPFC_tse,5-15,-2.1565687643428277,6,-2.139987991865396,WLS,159,0.016580772477431616
0,x_tcsc,1-14,-0.14188794363859275,7,-0.14191979616827272,WLS,159,3.1852529679965436e-05
1,B_svc,2,0.31250301798820035,7,0.31257628507214474,WLS,159,7.326708394439496e-05
2,UPFC_Vsh,5-15,1.1045023656054502,7,1.1030683456881902,WLS,159,0.0014340199172599988
3,UPFC_tsh,5-15,-0.22485768567803197,7,-0.22486483916471098,WLS,159,7.1534866790123885e-06
4,UPFC_Vse,5-15,0.05964825814693533,7,0.05765285394190859,WLS,159,0.001995404205026738
5,UPFC_tse,5-15,-2.156725385163307,7,-2.139987991865396,WLS,159,0.016737393297910685
0,x_tcsc,1-14,-0.14188498924849816,8,-0.14191979616827272,WLS,159,3.480691977456041e-05
1,B_svc,2,0.3128437499331631,8,0.31257628507214474,WLS,159,0.00026746486101836275
2,UPFC_Vsh,5-15,1.1044010978467682,8,1.1030683456881902,WLS,159,0.0013327521585779767
3,UPFC_tsh,5-15,-0.2248776348251382,8,-0.22486483916471098,WLS,159,1.27956604272228e-05
4,UPFC_Vse,5-15,0.05973273054988112,8,0.05765285394190859,WLS,159,0.002079876607972528
5,UPFC_tse,5-15,-2.159081531833078,8,-2.139987991865396,WLS,159,0.019093539967681927
0,x_tcsc,1-14,-0.14189011366635593,9,-0.14191979616827272,WLS,159,2.9682501916789006e-05
1,B_svc,2,0.3123908820130959,9,0.31257628507214474,WLS,159,0.0001854030590488498
2,UPFC_Vsh,5-15,1.1043249390242686,9,1.1030683456881902,WLS,159,0.0012565933360784154
3,UPFC_tsh,5-15,-0.22485992753981693,9,-0.22486483916471098,WLS,159,4.911624894049504e-06
4,UPFC_Vse,5-15,0.059756751416641635,9,0.05765285394190859,WLS,159,0.002103897474733045
5,UPFC_tse,5-15,-2.1521260623162757,9,-2.139987991865396,WLS,159,0.012138070450879557
0,x_tcsc,1-14,-0.1418819877135036,10,-0.14191979616827272,WLS,159,3.7808454769111544e-05
1,B_svc,2,0.31286084634596467,10,0.31257628507214474,WLS,159,0.0002845612738199277
2,UPFC_Vsh,5-15,1.1047776062844412,10,1.1030683456881902,WLS,159,0.0017092605962509833
3,UPFC_tsh,5-15,-0.22483161774505847,10,-0.22486483916471098,WLS,159,3.3221419652507134e-05
4,UPFC_Vse,5-15,0.05964726604149859,10,0.05765285394190859,WLS,159,0.001994412099589997
5,UPFC_tse,5-15,-2.1570890111967147,10,-2.139987991865396,WLS,159,0.01710101933131858
0,x_tcsc,1-14,-0.14190268019405322,11,-0.14191979616827272,WLS,159,1.7115974219494845e-05
1,B_svc,2,0.31244474026407376,11,0.31257628507214474,WLS,159,0.00013154480807098246
2,UPFC_Vsh,5-15,1.1045012795659748,11,1.1030683456881902,WLS,159,0.0014329338777845368
3,UPFC_tsh,5-15,-0.22482851533517548,11,-0.22486483916471098,WLS,159,3.632382953550062e-05
4,UPFC_Vse,5-15,0.05963551305300967,11,0.05765285394190859,WLS,159,0.0019826591111010775
5,UPFC_tse,5-15,-2.153333802050709,11,-2.139987991865396,WLS,159,0.013345810185312779
0,x_tcsc,1-14,-0.14188227995093022,12,-0.14191979616827272,WLS,159,3.751621734249255e-05
1,B_svc,2,0.3130584324877658,12,0.31257628507214474,WLS,159,0.00048214741562108143
2,UPFC_Vsh,5-15,1.104342477103408,12,1.1030683456881902,WLS,159,0.0012741314152178163
3,UPFC_tsh,5-15,-0.22484251319657925,12,-0.22486483916471098,WLS,159,2.2325968131731155e-05
4,UPFC_Vse,5-15,0.05890739442067416,12,0.05765285394190859,WLS,159,0.0012545404787655673
5,UPFC_tse,5-15,-2.1544862541804486,12,-2.139987991865396,WLS,159,0.014498262315052468
0,x_tcsc,1-14,-0.14190795813440366,13,-0.14191979616827272,WLS,159,1.183803386906046e-05
1,B_svc,2,0.3131621560457855,13,0.31257628507214474,WLS,159,0.0005858709736407675
2,UPFC_Vsh,5-15,1.1044663982317968,13,1.1030683456881902,WLS,159,0.0013980525436065872
3,UPFC_tsh,5-15,-0.22489995003470784,13,-0.22486483916471098,WLS,159,3.51108699968572e-05
4,UPFC_Vse,5-15,0.059314168229063054,13,0.05765285394190859,WLS,159,0.001661314287154464
5,UPFC_tse,5-15,-2.154343245273258,13,-2.139987991865396,WLS,159,0.014355253407861923
0,x_tcsc,1-14,-0.14187398580544558,14,-0.14191979616827272,WLS,159,4.5810362827136686e-05
1,B_svc,2,0.3122894171185075,14,0.31257628507214474,WLS,159,0.0002868679536372487
2,UPFC_Vsh,5-15,1.1044462279510077,14,1.1030683456881902,WLS,159,0.0013778822628174314
3,UPFC_tsh,5-15,-0.22477514204115132,14,-0.22486483916471098,WLS,159,8.96971235596622e-05
4,UPFC_Vse,5-15,0.05961013937931064,14,0.05765285394190859,WLS,159,0.001957285437402048
5,UPFC_tse,5-15,-2.1496896993402843,14,-2.139987991865396,WLS,159,0.009701707474888188
0,x_tcsc,1-14,-0.14189483188041818,15,-0.14191979616827272,WLS,159,2.4964287854534195e-05
1,B_svc,2,0.31249610524465377,15,0.31257628507214474,WLS,159,8.017982749097818e-05
2,UPFC_Vsh,5-15,1.1043368130659645,15,1.1030683456881902,WLS,159,0.0012684673777743072
3,UPFC_tsh,5-15,-0.2247606427102202,15,-0.22486483916471098,WLS,159,0.00010419645449077919
4,UPFC_Vse,5-15,0.059615512561134565,15,0.05765285394190859,WLS,159,0.001962658619225975
5,UPFC_tse,5-15,-2.1506430652343402,15,-2.139987991865396,WLS,159,0.010655073368944112
0,x_tcsc,1-14,-0.14190561664916587,16,-0.14191979616827272,WLS,159,1.4179519106843896e-05
1,B_svc,2,0.3129480457923845,16,0.31257628507214474,WLS,159,0.0003717607202397555
2,UPFC_Vsh,5-15,1.1045072398481517,16,1.1030683456881902,WLS,159,0.0014388941599614569
3,UPFC_tsh,5-15,-0.2248451579244793,16,-0.22486483916471098,WLS,159,1.9681240231689268e-05
4,UPFC_Vse,5-15,0.05941066047849809,16,0.05765285394190859,WLS,159,0.0017578065365895026
5,UPFC_tse,5-15,-2.1544106672719066,16,-2.139987991865396,WLS,159,0.014422675406510432
0,x_tcsc,1-14,-0.14186196818370714,17,-0.14191979616827272,WLS,159,5.782798456557825e-05
1,B_svc,2,0.3129824051053768,17,0.31257628507214474,WLS,159,0.00040612003323203805
2,UPFC_Vsh,5-15,1.1044742322617909,17,1.1030683456881902,WLS,159,0.0014058865736006343
3,UPFC_tsh,5-15,-0.2248135490835998,17,-0.22486483916471098,WLS,159,5.129008111118272e-05
4,UPFC_Vse,5-15,0.059545121487252835,17,0.05765285394190859,WLS,159,0.001892267545344245
5,UPFC_tse,5-15,-2.153044234736059,17,-2.139987991865396,WLS,159,0.01305624287066287
0,x_tcsc,1-14,-0.14188670518454904,18,-0.14191979616827272,WLS,159,3.3090983723671474e-05
1,B_svc,2,0.3129406631441095,18,0.31257628507214474,WLS,159,0.000364378071964766
2,UPFC_Vsh,5-15,1.1046204493436442,18,1.1030683456881902,WLS,159,0.0015521036554539958
3,UPFC_tsh,5-15,-0.22483757793245338,18,-0.22486483916471098,WLS,159,2.7261232257602686e-05
4,UPFC_Vse,5-15,0.05991956518983034,18,0.05765285394190859,WLS,159,0.00226671124792175
5,UPFC_tse,5-15,-2.1503665794883844,18,-2.139987991865396,WLS,159,0.010378587622988267
0,x_tcsc,1-14,-0.14189498514331425,19,-0.14191979616827272,WLS,159,2.4811024958465433e-05
1,B_svc,2,0.31274932802484834,19,0.31257628507214474,WLS,159,0.00017304295270359482
2,UPFC_Vsh,5-15,1.104475628027535,19,1.1030683456881902,WLS,159,0.0014072823393447287
3,UPFC_tsh,5-15,-0.22488325874602064,19,-0.22486483916471098,WLS,159,1.8419581309658817e-05
4,UPFC_Vse,5-15,0.05955420630475156,19,0.05765285394190859,WLS,159,0.001901352362842973
5,UPFC_tse,5-15,-2.154739662456518,19,-2.139987991865396,WLS,159,0.014751670591121702
0,x_tcsc,1-14,-0.1419052119400036,20,-0.14191979616827272,WLS,159,1.4584228269109989e-05
1,B_svc,2,0.3129997631006459,20,0.31257628507214474,WLS,159,0.00042347802850117855
2,UPFC_Vsh,5-15,1.1044209059604237,20,1.1030683456881902,WLS,159,0.0013525602722335162
3,UPFC_tsh,5-15,-0.2247948451865843,20,-0.22486483916471098,WLS,159,6.999397812668118e-05
4,UPFC_Vse,5-15,0.059643134688363963,20,0.05765285394190859,WLS,159,0.0019902807464553737
5,UPFC_tse,5-15,-2.152056096319685,20,-2.139987991865396,WLS,159,0.012068104454288964
0,x_tcsc,1-14,-0.141885919378541,21,-0.14191979616827272,WLS,159,3.387678973171271e-05
1,B_svc,2,0.31271382608411097,21,0.31257628507214474,WLS,159,0.0001375410119662246
2,UPFC_Vsh,5-15,1.1045137310225426,21,1.1030683456881902,WLS,159,0.0014453853343523448
3,UPFC_tsh,5-15,-0.22484202195387334,21,-0.22486483916471098,WLS,159,2.281721083763344e-05
4,UPFC_Vse,5-15,0.0597488588587056,21,0.05765285394190859,WLS,159,0.002096004916797012
5,UPFC_tse,5-15,-2.154757031493139,21,-2.139987991865396,WLS,159,0.014769039627742675
0,x_tcsc,1-14,-0.14189195976456953,22,-0.14191979616827272,WLS,159,2.7836403703185297e-05
1,B_svc,2,0.3130560451077532,22,0.31257628507214474,WLS,159,0.00047976003560845637
2,UPFC_Vsh,5-15,1.1041787828668197,22,1.1030683456881902,WLS,159,0.0011104371786294642
3,UPFC_tsh,5-15,-0.22483604024663878,22,-0.22486483916471098,WLS,159,2.8798918072198143e-05
4,UPFC_Vse,5-15,0.059501721684689854,22,0.05765285394190859,WLS,159,0.0018488677427812641
5,UPFC_tse,5-15,-2.15486191504058,22,-2.139987991865396,WLS,159,0.01487392317518399
0,x_tcsc,1-14,-0.14188881928687205,23,-0.14191979616827272,WLS,159,3.097688140066279e-05
1,B_svc,2,0.31283852827490966,23,0.31257628507214474,WLS,159,0.0002622432027649113
2,UPFC_Vsh,5-15,1.104265489867967,23,1.1030683456881902,WLS,159,0.0011971441797766769
3,UPFC_tsh,5-15,-0.22481615058011514,23,-0.22486483916471098,WLS,159,4.868858459583514e-05
4,UPFC_Vse,5-15,0.059612009395829155,23,0.05765285394190859,WLS,159,0.001959155453920565
5,UPFC_tse,5-15,-2.1513216567974096,23,-2.139987991865396,WLS,159,0.011333664932013487
0,x_tcsc,1-14,-0.141889614051841,24,-0.14191979616827272,WLS,159,3.018211643171509e-05
1,B_svc,2,0.3128665309783784,24,0.31257628507214474,WLS,159,0.000290245906233666
2,UPFC_Vsh,5-15,1.1044876725702466,24,1.1030683456881902,WLS,159,0.001419326882056371
3,UPFC_tsh,5-15,-0.22482730789394628,24,-0.22486483916471098,WLS,159,3.753127076469576e-05
4,UPFC_Vse,5-15,0.059806629201722125,24,0.05765285394190859,WLS,159,0.0021537752598135354
5,UPFC_tse,5-15,-2.150095308385514,24,-2.139987991865396,WLS,159,0.01010731652011776
0,x_tcsc,1-14,-0.14190802879464262,25,-0.14191979616827272,WLS,159,1.1767373630094946e-05
1,B_svc,2,0.31202387962674216,25,0.31257628507214474,WLS,159,0.0005524054454025817
2,UPFC_Vsh,5-15,1.104629515971797,25,1.1030683456881902,WLS,159,0.0015611702836066943
3,UPFC_tsh,5-15,-0.2248407679324409,25,-0.22486483916471098,WLS,159,2.407123227007868e-05
4,UPFC_Vse,5-15,0.05940852300924525,25,0.05765285394190859,WLS,159,0.0017556690673366585
5,UPFC_tse,5-15,-2.155399444473622,25,-2.139987991865396,WLS,159,0.01541145260822585
0,x_tcsc,1-14,-0.14188898633240749,26,-0.14191979616827272,WLS,159,3.0809835865230895e-05
1,B_svc,2,0.3127548474559045,26,0.31257628507214474,WLS,159,0.00017856238375973943
2,UPFC_Vsh,5-15,1.104454728861239,26,1.1030683456881902,WLS,159,0.001386383173048733
3,UPFC_tsh,5-15,-0.22488152166405442,26,-0.22486483916471098,WLS,159,1.6682499343445567e-05
4,UPFC_Vse,5-15,0.05963043747911303,26,0.05765285394190859,WLS,159,0.0019775835372044387
5,UPFC_tse,5-15,-2.15615890401352,26,-2.139987991865396,WLS,159,0.01617091214812394
0,x_tcsc,1-14,-0.14189333910880766,27,-0.14191979616827272,WLS,159,2.6457059465051502e-05
1,B_svc,2,0.3129697222487623,27,0.31257628507214474,WLS,159,0.0003934371766175504
2,UPFC_Vsh,5-15,1.1043908521065873,27,1.1030683456881902,WLS,159,0.0013225064183970403
3,UPFC_tsh,5-15,-0.2248787029708368,27,-0.22486483916471098,WLS,159,1.3863806125835598e-05
4,UPFC_Vse,5-15,0.05957685888081455,27,0.05765285394190859,WLS,159,0.00192400493890596
5,UPFC_tse,5-15,-2.153009657234947,27,-2.139987991865396,WLS,159,0.013021665369550739
0,x_tcsc,1-14,-0.14190209899157522,28,-0.14191979616827272,WLS,159,1.7697176697500927e-05
1,B_svc,2,0.3129753583600873,28,0.31257628507214474,WLS,159,0.0003990732879425307
2,UPFC_Vsh,5-15,1.104064910623259,28,1.1030683456881902,WLS,159,0.0009965649350687222
3,UPFC_tsh,5-15,-0.2248577022219965,28,-0.22486483916471098,WLS,159,7.136942714480732e-06
4,UPFC_Vse,5-15,0.059939552948426005,28,0.05765285394190859,WLS,159,0.0022866990065174148
5,UPFC_tse,5-15,-2.1523783198949724,28,-2.139987991865396,WLS,159,0.012390328029576292
0,x_tcsc,1-14,-0.14189044802378165,29,-0.14191979616827272,WLS,159,2.934814449107037e-05
1,B_svc,2,0.31289771301130087,29,0.31257628507214474,WLS,159,0.000321427939156127
2,UPFC_Vsh,5-15,1.1042649312362043,29,1.1030683456881902,WLS,159,0.0011965855480140508
3,UPFC_tsh,5-15,-0.22483686694747995,29,-0.22486483916471098,WLS,159,2.7972217231025942e-05
4,UPFC_Vse,5-15,0.05961668758836259,29,0.05765285394190859,WLS,159,0.0019638336464539996
5,UPFC_tse,5-15,-2.1539385787655805,29,-2.139987991865396,WLS,159,0.013950586900184359
0,x_tcsc,1-14,-0.1419071726267312,30,-0.14191979616827272,WLS,159,1.2623541541523231e-05
1,B_svc,2,0.3129087428128253,30,0.31257628507214474,WLS,159,0.00033245774068058065
2,UPFC_Vsh,5-15,1.1045049098186184,30,1.1030683456881902,WLS,159,0.0014365641304281418
3,UPFC_tsh,5-15,-0.22485582087337752,30,-0.22486483916471098,WLS,159,9.018291333456885e-06
4,UPFC_Vse,5-15,0.059524221966957024,30,0.05765285394190859,WLS,159,0.0018713680250484338
5,UPFC_tse,5-15,-2.1535778385866755,30,-2.139987991865396,WLS,159,0.013589846721279386
0,x_tcsc,1-14,-0.14188479812287844,31,-0.14191979616827272,WLS,159,3.4998045394279975e-05
1,B_svc,2,0.3126074154499777,31,0.31257628507214474,WLS,159,3.113037783297745e-05
2,UPFC_Vsh,5-15,1.104482787912974,31,1.1030683456881902,WLS,159,0.0014144422247837074
3,UPFC_tsh,5-15,-0.22485868407056359,31,-0.22486483916471098,WLS,159,6.155094147392015e-06
4,UPFC_Vse,5-15,0.05975873457671117,31,0.05765285394190859,WLS,159,0.002105880634802583
5,UPFC_tse,5-15,-2.1536277821420495,31,-2.139987991865396,WLS,159,0.013639790276653407
0,x_tcsc,1-14,-0.14189481367169918,32,-0.14191979616827272,WLS,159,2.4982496573539015e-05
1,B_svc,2,0.3123503419104699,32,0.31257628507214474,WLS,159,0.0002259431616748464
2,UPFC_Vsh,5-15,1.1047366398569543,32,1.1030683456881902,WLS,159,0.0016682941687640174
3,UPFC_tsh,5-15,-0.22483366222122042,32,-0.22486483916471098,WLS,159,3.117694349055733e-05
4,UPFC_Vse,5-15,0.05968799613071267,32,0.05765285394190859,WLS,159,0.00203514218880408
5,UPFC_tse,5-15,-2.1526677076231824,32,-2.139987991865396,WLS,159,0.012679715757786258
0,x_tcsc,1-14,-0.14188679972182194,33,-0.14191979616827272,WLS,159,3.29964464507726e-05
1,B_svc,2,0.3125953413540236,33,0.31257628507214474,WLS,159,1.9056281878870873e-05
2,UPFC_Vsh,5-15,1.104419728287572,33,1.1030683456881902,WLS,159,0.001351382599381834
3,UPFC_tsh,5-15,-0.2248458986039406,33,-0.22486483916471098,WLS,159,1.8940560770369652e-05
4,UPFC_Vse,5-15,0.05934065161910265,33,0.05765285394190859,WLS,159,0.0016877976771940625
5,UPFC_tse,5-15,-2.154804985977005,33,-2.139987991865396,WLS,159,0.01481699411160875
0,x_tcsc,1-14,-0.1418822954925322,34,-0.14191979616827272,WLS,159,3.7500675740514966e-05
1,B_svc,2,0.3131063078869679,34,0.31257628507214474,WLS,159,0.0005300228148231723
2,UPFC_Vsh,5-15,1.1041303942267815,34,1.1030683456881902,WLS,159,0.0010620485385912648
3,UPFC_tsh,5-15,-0.22486447093328749,34,-0.22486483916471098,WLS,159,3.682314234920714e-07
4,UPFC_Vse,5-15,0.059526772287856036,34,0.05765285394190859,WLS,159,0.0018739183459474465
5,UPFC_tse,5-15,-2.1565323809860057,34,-2.139987991865396,WLS,159,0.016544389120609626
0,x_tcsc,1-14,-0.14188288400508622,35,-0.14191979616827272,WLS,159,3.691216318649215e-05
1,B_svc,2,0.3125698585399163,35,0.31257628507214474,WLS,159,6.426532228431814e-06
2,UPFC_Vsh,5-15,1.104419890204473,35,1.1030683456881902,WLS,159,0.0013515445162828321
3,UPFC_tsh,5-15,-0.22486269753264373,35,-0.22486483916471098,WLS,159,2.141632067242938e-06
4,UPFC_Vse,5-15,0.05948717392965835,35,0.05765285394190859,WLS,159,0.001834319987749758
5,UPFC_tse,5-15,-2.155216960733588,35,-2.139987991865396,WLS,159,0.015228968868191917
0,x_tcsc,1-14,-0.14190152194025654,36,-0.14191979616827272,WLS,159,1.8274228016174066e-05
1,B_svc,2,0.3128623363359505,36,0.31257628507214474,WLS,159,0.0002860512638057644
2,UPFC_Vsh,5-15,1.1044691885756468,36,1.1030683456881902,WLS,159,0.001400842887456566
3,UPFC_tsh,5-15,-0.22483328824550217,36,-0.22486483916471098,WLS,159,3.155091920881148e-05
4,UPFC_Vse,5-15,0.0591970202915954,36,0.05765285394190859,WLS,159,0.0015441663496868069
5,UPFC_tse,5-15,-2.1534842225570237,36,-2.139987991865396,WLS,159,0.013496230691627531
0,x_tcsc,1-14,-0.14192650101297202,37,-0.14191979616827272,WLS,159,6.704844699306767e-06
1,B_svc,2,0.31249123947473556,37,0.31257628507214474,WLS,159,8.504559740918349e-05
2,UPFC_Vsh,5-15,1.104515499425796,37,1.1030683456881902,WLS,159,0.001447153737605733
3,UPFC_tsh,5-15,-0.22482001349021866,37,-0.22486483916471098,WLS,159,4.4825674492321443e-05
4,UPFC_Vse,5-15,0.059680137778447336,37,0.05765285394190859,WLS,159,0.0020272838365387458
5,UPFC_tse,5-15,-2.1547282340075378,37,-2.139987991865396,WLS,159,0.014740242142141646
0,x_tcsc,1-14,-0.14190510675358928,38,-0.14191979616827272,WLS,159,1.468941468343865e-05
1,B_svc,2,0.31256484702341963,38,0.31257628507214474,WLS,159,1.1438048725109784e-05
2,UPFC_Vsh,5-15,1.1044201255180173,38,1.1030683456881902,WLS,159,0.0013517798298270378
3,UPFC_tsh,5-15,-0.22491883704333968,38,-0.22486483916471098,WLS,159,5.399787862869765e-05
4,UPFC_Vse,5-15,0.05979735098757723,38,0.05765285394190859,WLS,159,0.0021444970456686377
5,UPFC_tse,5-15,-2.152678861068601,38,-2.139987991865396,WLS,159,0.012690869203205057
0,x_tcsc,1-14,-0.1418696421998635,39,-0.14191979616827272,WLS,159,5.015396840921116e-05
1,B_svc,2,0.3122347377452891,39,0.31257628507214474,WLS,159,0.00034154732685565126
2,UPFC_Vsh,5-15,1.1045508198212666,39,1.1030683456881902,WLS,159,0.0014824741330763391
3,UPFC_tsh,5-15,-0.2248731734164751,39,-0.22486483916471098,WLS,159,8.334251764108291e-06
4,UPFC_Vse,5-15,0.059534676748694094,39,0.05765285394190859,WLS,159,0.0018818228067855047
5,UPFC_tse,5-15,-2.1558679594203314,39,-2.139987991865396,WLS,159,0.01587996755493526
0,x_tcsc,1-14,-0.14189816316483425,40,-0.14191979616827272,WLS,159,2.163300343846486e-05
1,B_svc,2,0.3126610932110523,40,0.31257628507214474,WLS,159,8.48081389075439e-05
2,UPFC_Vsh,5-15,1.1044560155574874,40,1.1030683456881902,WLS,159,0.00138766986929717
3,UPFC_tsh,5-15,-0.22480086872987232,40,-0.22486483916471098,WLS,159,6.39704348386616e-05
4,UPFC_Vse,5-15,0.059746513802305244,40,0.05765285394190859,WLS,159,0.0020936598603966544
5,UPFC_tse,5-15,-2.1516536177285386,40,-2.139987991865396,WLS,159,0.01166562586314246
0,x_tcsc,1-14,-0.1418918464688895,41,-0.14191979616827272,WLS,159,2.794969938321734e-05
1,B_svc,2,0.31274717405570623,41,0.31257628507214474,WLS,159,0.00017088898356149018
2,UPFC_Vsh,5-15,1.1045104501185155,41,1.1030683456881902,WLS,159,0.0014421044303252195
3,UPFC_tsh,5-15,-0.22486255517318457,41,-0.22486483916471098,WLS,159,2.2839915264083466e-06
4,UPFC_Vse,5-15,0.05961376299675116,41,0.05765285394190859,WLS,159,0.0019609090548425717
5,UPFC_tse,5-15,-2.154520421681607,41,-2.139987991865396,WLS,159,0.014532429816211057
0,x_tcsc,1-14,-0.14190157838793288,42,-0.14191979616827272,WLS,159,1.8217780339835343e-05
1,B_svc,2,0.31255196843205096,42,0.31257628507214474,WLS,159,2.4316640093779984e-05
2,UPFC_Vsh,5-15,1.1045012644835699,42,1.1030683456881902,WLS,159,0.0014329187953796563
3,UPFC_tsh,5-15,-0.22478627116658756,42,-0.22486483916471098,WLS,159,7.856799812341886e-05
4,UPFC_Vse,5-15,0.05965829088405633,42,0.05765285394190859,WLS,159,0.002005436942147741
5,UPFC_tse,5-15,-2.153590674439692,42,-2.139987991865396,WLS,159,0.013602682574295866
0,x_tcsc,1-14,-0.1418984103123196,43,-0.14191979616827272,WLS,159,2.1385855953126587e-05
1,B_svc,2,0.3127717614824877,43,0.31257628507214474,WLS,159,0.00019547641034295404
2,UPFC_Vsh,5-15,1.104711101167294,43,1.1030683456881902,WLS,159,0.0016427554791038634
3,UPFC_tsh,5-15,-0.22477346648456045,43,-0.22486483916471098,WLS,159,9.137268015052546e-05
4,UPFC_Vse,5-15,0.05906881865134204,43,0.05765285394190859,WLS,159,0.0014159647094334482
5,UPFC_tse,5-15,-2.1543415461615494,43,-2.139987991865396,WLS,159,0.01435355429615326
0,x_tcsc,1-14,-0.14190674854055133,44,-0.14191979616827272,WLS,159,1.3047627721390898e-05
1,B_svc,2,0.3126831029002033,44,0.31257628507214474,WLS,159,0.00010681782805854745
2,UPFC_Vsh,5-15,1.104303590225778,44,1.1030683456881902,WLS,159,0.0012352445375878318
3,UPFC_tsh,5-15,-0.22482568003231737,44,-0.22486483916471098,WLS,159,3.915913239360691e-05
4,UPFC_Vse,5-15,0.05964807692379833,44,0.05765285394190859,WLS,159,0.001995222981889741
5,UPFC_tse,5-15,-2.151249657630132,44,-2.139987991865396,WLS,159,0.011261665764735973
0,x_tcsc,1-14,-0.14188291537225406,45,-0.14191979616827272,WLS,159,3.688079601865679e-05
1,B_svc,2,0.31240960957470215,45,0.31257628507214474,WLS,159,0.00016667549744259214
2,UPFC_Vsh,5-15,1.104702884277244,45,1.1030683456881902,WLS,159,0.0016345385890537134
3,UPFC_tsh,5-15,-0.2248615287501683,45,-0.22486483916471098,WLS,159,3.3104145426843257e-06
4,UPFC_Vse,5-15,0.059305448238188875,45,0.05765285394190859,WLS,159,0.0016525942962802853
5,UPFC_tse,5-15,-2.156695495339594,45,-2.139987991865396,WLS,159,0.016707503474197694
0,x_tcsc,1-14,-0.1418749838590663,46,-0.14191979616827272,WLS,159,4.481230920641566e-05
1,B_svc,2,0.31246690889381556,46,0.31257628507214474,WLS,159,0.00010937617832917912
2,UPFC_Vsh,5-15,1.1044717391311498,46,1.1030683456881902,WLS,159,0.0014033934429595885
3,UPFC_tsh,5-15,-0.22484362543812642,46,-0.22486483916471098,WLS,159,2.1213726584562442e-05
4,UPFC_Vse,5-15,0.05980523373267802,46,0.05765285394190859,WLS,159,0.002152379790769432
5,UPFC_tse,5-15,-2.1503016184804773,46,-2.139987991865396,WLS,159,0.010313626615081173
0,x_tcsc,1-14,-0.1418799176711935,47,-0.14191979616827272,WLS,159,3.987849707920432e-05
1,B_svc,2,0.31283970975486175,47,0.31257628507214474,WLS,159,0.00026342468271700614
2,UPFC_Vsh,5-15,1.1043868881484624,47,1.1030683456881902,WLS,159,0.0013185424602721874
3,UPFC_tsh,5-15,-0.2248688961189314,47,-0.22486483916471098,WLS,159,4.056954220427178e-06
4,UPFC_Vse,5-15,0.05899629809321609,47,0.05765285394190859,WLS,159,0.0013434441513075004
5,UPFC_tse,5-15,-2.1558512960728864,47,-2.139987991865396,WLS,159,0.01586330420749027
0,x_tcsc,1-14,-0.14187622807500666,48,-0.14191979616827272,WLS,159,4.3568093266055374e-05
1,B_svc,2,0.31279773533764166,48,0.31257628507214474,WLS,159,0.00022145026549691416
2,UPFC_Vsh,5-15,1.1047543215445872,48,1.1030683456881902,WLS,159,0.0016859758563969596
3,UPFC_tsh,5-15,-0.22483222692682123,48,-0.22486483916471098,WLS,159,3.261223788975087e-05
4,UPFC_Vse,5-15,0.05987310937393106,48,0.05765285394190859,WLS,159,0.0022202554320224707
5,UPFC_tse,5-15,-2.154196295398016,48,-2.139987991865396,WLS,159,0.014208303532619926
0,x_tcsc,1-14,-0.1418957950059118,49,-0.14191979616827272,WLS,159,2.4001162360925976e-05
1,B_svc,2,0.3122897978948549,49,0.31257628507214474,WLS,159,0.0002864871772898514
2,UPFC_Vsh,5-15,1.1045392669735918,49,1.1030683456881902,WLS,159,0.0014709212854016052
3,UPFC_tsh,5-15,-0.22488876151429016,49,-0.22486483916471098,WLS,159,2.3922349579180713e-05
4,UPFC_Vse,5-15,0.059889015553420945,49,0.05765285394190859,WLS,159,0.002236161611512355
5,UPFC_tse,5-15,-2.152147584213408,49,-2.139987991865396,WLS,159,0.012159592348012005
0,x_tcsc,1-14,-0.1418931611582585,50,-0.14191979616827272,WLS,159,2.663501001420876e-05
1,B_svc,2,0.31289223629188334,50,0.31257628507214474,WLS,159,0.0003159512197385972
2,UPFC_Vsh,5-15,1.104223854369705,50,1.1030683456881902,WLS,159,0.0011555086815147053
3,UPFC_tsh,5-15,-0.22489105187241976,50,-0.22486483916471098,WLS,159,2.621270770877815e-05
4,UPFC_Vse,5-15,0.05975748358277734,50,0.05765285394190859,WLS,159,0.0021046296408687507
5,UPFC_tse,5-15,-2.1548002417001477,50,-2.139987991865396,WLS,159,0.0148122498347516
0,x_tcsc,1-14,-0.1418854756086067,51,-0.14191979616827272,WLS,159,3.432055966601233e-05
1,B_svc,2,0.3126860198473512,51,0.31257628507214474,WLS,159,0.00010973477520648256
2,UPFC_Vsh,5-15,1.104209142752838,51,1.1030683456881902,WLS,159,0.0011407970646477583
3,UPFC_tsh,5-15,-0.22488244068155822,51,-0.22486483916471098,WLS,159,1.7601516847237653e-05
4,UPFC_Vse,5-15,0.05978135142190198,51,0.05765285394190859,WLS,159,0.0021284974799933923
5,UPFC_tse,5-15,-2.1518512154731857,51,-2.139987991865396,WLS,159,0.011863223607789575
0,x_tcsc,1-14,-0.1418929760807909,52,-0.14191979616827272,WLS,159,2.6820087481810306e-05
1,B_svc,2,0.31305054390682807,52,0.31257628507214474,WLS,159,0.00047425883468332763
2,UPFC_Vsh,5-15,1.1044330597507956,52,1.1030683456881902,WLS,159,0.00136471406260541
3,UPFC_tsh,5-15,-0.22485548961957497,52,-0.22486483916471098,WLS,159,9.349545136011495e-06
4,UPFC_Vse,5-15,0.05963240497269774,52,0.05765285394190859,WLS,159,0.001979551030789152
5,UPFC_tse,5-15,-2.156465457150271,52,-2.139987991865396,WLS,159,0.016477465284874704
0,x_tcsc,1-14,-0.14187450700201362,53,-0.14191979616827272,WLS,159,4.528916625909374e-05
1,B_svc,2,0.31253637724721317,53,0.31257628507214474,WLS,159,3.990782493157319e-05
2,UPFC_Vsh,5-15,1.1046297417967874,53,1.1030683456881902,WLS,159,0.0015613961085971795
3,UPFC_tsh,5-15,-0.224826003876696,53,-0.22486483916471098,WLS,159,3.883528801498781e-05
4,UPFC_Vse,5-15,0.05935785029296182,53,0.05765285394190859,WLS,159,0.0017049963510532284
5,UPFC_tse,5-15,-2.15622187162594,53,-2.139987991865396,WLS,159,0.01623387976054369
0,x_tcsc,1-14,-0.14188468918133226,54,-0.14191979616827272,WLS,159,3.5106986940453e-05
1,B_svc,2,0.3127266954414504,54,0.31257628507214474,WLS,159,0.00015041036930563134
2,UPFC_Vsh,5-15,1.1045473710877782,54,1.1030683456881902,WLS,159,0.0014790253995879965
3,UPFC_tsh,5-15,-0.22490074854783515,54,-0.22486483916471098,WLS,159,3.590938312417191e-05
4,UPFC_Vse,5-15,0.05978346270391862,54,0.05765285394190859,WLS,159,0.0021306087620100306
5,UPFC_tse,5-15,-2.152698125499555,54,-2.139987991865396,WLS,159,0.012710133634159071
0,x_tcsc,1-14,-0.14190110290129582,55,-0.14191979616827272,WLS,159,1.8693266976899103e-05
1,B_svc,2,0.31280763861515753,55,0.31257628507214474,WLS,159,0.0002313535430127911
2,UPFC_Vsh,5-15,1.1046920445933242,55,1.1030683456881902,WLS,159,0.001623698905133919
3,UPFC_tsh,5-15,-0.22489869830099876,55,-0.22486483916471098,WLS,159,3.385913628778381e-05
4,UPFC_Vse,5-15,0.059529775680519315,55,0.05765285394190859,WLS,159,0.0018769217386107248
5,UPFC_tse,5-15,-2.154642982867782,55,-2.139987991865396,WLS,159,0.014654991002386097
0,x_tcsc,1-14,-0.14187645202144478,56,-0.14191979616827272,WLS,159,4.334414682793941e-05
1,B_svc,2,0.31255441080515006,56,0.31257628507214474,WLS,159,2.1874266994681424e-05
2,UPFC_Vsh,5-15,1.1044225300550605,56,1.1030683456881902,WLS,159,0.0013541843668702924
3,UPFC_tsh,5-15,-0.22478609049349824,56,-0.22486483916471098,WLS,159,7.874867121274165e-05
4,UPFC_Vse,5-15,0.059473972365400876,56,0.05765285394190859,WLS,159,0.0018211184234922864
5,UPFC_tse,5-15,-2.1517767240878483,56,-2.139987991865396,WLS,159,0.011788732222452136
0,x_tcsc,1-14,-0.14186885157821932,57,-0.14191979616827272,WLS,159,5.094459005339225e-05
1,B_svc,2,0.31279437983299335,57,0.31257628507214474,WLS,159,0.00021809476084860835
2,UPFC_Vsh,5-15,1.1045123238317645,57,1.1030683456881902,WLS,159,0.0014439781435742205
3,UPFC_tsh,5-15,-0.2248743583350503,57,-0.22486483916471098,WLS,159,9.5191703393116e-06
4,UPFC_Vse,5-15,0.0596787015349808,57,0.05765285394190859,WLS,159,0.0020258475930722136
5,UPFC_tse,5-15,-2.151649985757288,57,-2.139987991865396,WLS,159,0.011661993891892042
0,x_tcsc,1-14,-0.14190237818829282,58,-0.14191979616827272,WLS,159,1.7417979979894582e-05
1,B_svc,2,0.31239920121520887,58,0.31257628507214474,WLS,159,0.00017708385693587791
2,UPFC_Vsh,5-15,1.10468016128698,58,1.1030683456881902,WLS,159,0.0016118155987898675
3,UPFC_tsh,5-15,-0.2247723278296433,58,-0.22486483916471098,WLS,159,9.251133506768539e-05
4,UPFC_Vse,5-15,0.05897321480249833,58,0.05765285394190859,WLS,159,0.001320360860589738
5,UPFC_tse,5-15,-2.1550058313849596,58,-2.139987991865396,WLS,159,0.01501783951956348
0,x_tcsc,1-14,-0.14190059557196794,59,-0.14191979616827272,WLS,159,1.9200596304780326e-05
1,B_svc,2,0.31299183574561984,59,0.31257628507214474,WLS,159,0.0004155506734750958
2,UPFC_Vsh,5-15,1.1047658029398746,59,1.1030683456881902,WLS,159,0.0016974572516843534
3,UPFC_tsh,5-15,-0.2248199128410654,59,-0.22486483916471098,WLS,159,4.4926323645583244e-05
4,UPFC_Vse,5-15,0.059741350858646604,59,0.05765285394190859,WLS,159,0.002088496916738014
5,UPFC_tse,5-15,-2.1572971549011446,59,-2.139987991865396,WLS,159,0.017309163035748476
0,x_tcsc,1-14,-0.14189202308496812,60,-0.14191979616827272,WLS,159,2.777308330459416e-05
1,B_svc,2,0.31236889777538807,60,0.31257628507214474,WLS,159,0.0002073872967566781
2,UPFC_Vsh,5-15,1.104625426663828,60,1.1030683456881902,WLS,159,0.0015570809756377813
3,UPFC_tsh,5-15,-0.22475474426689657,60,-0.22486483916471098,WLS,159,0.00011009489781441117
4,UPFC_Vse,5-15,0.059552709521964745,60,0.05765285394190859,WLS,159,0.0018998555800561548
5,UPFC_tse,5-15,-2.1543588490454013,60,-2.139987991865396,WLS,159,0.014370857180005192
0,x_tcsc,1-14,-0.14187626900522662,61,-0.14191979616827272,WLS,159,4.3527163046092054e-05
1,B_svc,2,0.3127169570873253,61,0.31257628507214474,WLS,159,0.00014067201518053185
2,UPFC_Vsh,5-15,1.10448752967364,61,1.1030683456881902,WLS,159,0.0014191839854498234
3,UPFC_tsh,5-15,-0.22484408854483776,61,-0.22486483916471098,WLS,159,2.075061987322213e-05
4,UPFC_Vse,5-15,0.059204483508437766,61,0.05765285394190859,WLS,159,0.0015516295665291766
5,UPFC_tse,5-15,-2.1550192105150314,61,-2.139987991865396,WLS,159,0.015031218649635303
0,x_tcsc,1-14,-0.14189596720202824,62,-0.14191979616827272,WLS,159,2.3828966244476835e-05
1,B_svc,2,0.3129175221496386,62,0.31257628507214474,WLS,159,0.0003412370774938389
2,UPFC_Vsh,5-15,1.1043778632151187,62,1.1030683456881902,WLS,159,0.0013095175269284276
3,UPFC_tsh,5-15,-0.22484868338641326,62,-0.22486483916471098,WLS,159,1.6155778297721746e-05
4,UPFC_Vse,5-15,0.0594821467145267,62,0.05765285394190859,WLS,159,0.0018292927726181116
5,UPFC_tse,5-15,-2.1544284488435417,62,-2.139987991865396,WLS,159,0.014440456978145555
0,x_tcsc,1-14,-0.14188850125925254,63,-0.14191979616827272,WLS,159,3.129490902017973e-05
1,B_svc,2,0.31260532126867596,63,0.31257628507214474,WLS,159,2.9036196531218028e-05
2,UPFC_Vsh,5-15,1.1044373469531357,63,1.1030683456881902,WLS,159,0.0013690012649454353
3,UPFC_tsh,5-15,-0.22483832058335093,63,-0.22486483916471098,WLS,159,2.651858136004659e-05
4,UPFC_Vse,5-15,0.059772841194101325,63,0.05765285394190859,WLS,159,0.0021199872521927357
5,UPFC_tse,5-15,-2.1514358620438108,63,-2.139987991865396,WLS,159,0.011447870178414643
0,x_tcsc,1-14,-0.1418918971622388,64,-0.14191979616827272,WLS,159,2.789900603392126e-05
1,B_svc,2,0.31293622166195384,64,0.31257628507214474,WLS,159,0.0003599365898090956
2,UPFC_Vsh,5-15,1.1044907365583234,64,1.1030683456881902,WLS,159,0.0014223908701331833
3,UPFC_tsh,5-15,-0.22482899079982083,64,-0.22486483916471098,WLS,159,3.584836489015086e-05
4,UPFC_Vse,5-15,0.0596927643489096,64,0.05765285394190859,WLS,159,0.0020399104070010082
5,UPFC_tse,5-15,-2.150932463115033,64,-2.139987991865396,WLS,159,0.010944471249636933
0,x_tcsc,1-14,-0.14188113556685178,65,-0.14191979616827272,WLS,159,3.8660601420936747e-05
1,B_svc,2,0.31278814820983264,65,0.31257628507214474,WLS,159,0.00021186313768789544
2,UPFC_Vsh,5-15,1.1044652718220171,65,1.1030683456881902,WLS,159,0.0013969261338269146
3,UPFC_tsh,5-15,-0.22485556927833078,65,-0.22486483916471098,WLS,159,9.269886380197656e-06
4,UPFC_Vse,5-15,0.05957794512534103,65,0.05765285394190859,WLS,159,0.0019250911834324397
5,UPFC_tse,5-15,-2.1542239560509224,65,-2.139987991865396,WLS,159,0.014235964185526306
0,x_tcsc,1-14,-0.14188364762799827,66,-0.14191979616827272,WLS,159,3.6148540274449914e-05
1,B_svc,2,0.3130391592383003,66,0.31257628507214474,WLS,159,0.0004628741661555358
2,UPFC_Vsh,5-15,1.1045218251642583,66,1.1030683456881902,WLS,159,0.0014534794760681091
3,UPFC_tsh,5-15,-0.22485854257470098,66,-0.22486483916471098,WLS,159,6.2965900100020455e-06
4,UPFC_Vse,5-15,0.05911078265581995,66,0.05765285394190859,WLS,159,0.0014579287139113578
5,UPFC_tse,5-15,-2.150813270450215,66,-2.139987991865396,WLS,159,0.010825278584818854
0,x_tcsc,1-14,-0.14189674854513878,67,-0.14191979616827272,WLS,159,2.3047623133931605e-05
1,B_svc,2,0.3133045795924073,67,0.31257628507214474,WLS,159,0.0007282945202625735
2,UPFC_Vsh,5-15,1.1044671988405126,67,1.1030683456881902,WLS,159,0.0013988531523223546
3,UPFC_tsh,5-15,-0.2248177359095823,67,-0.22486483916471098,WLS,159,4.710325512868874e-05
4,UPFC_Vse,5-15,0.05943428266409555,67,0.05765285394190859,WLS,159,0.0017814287221869576
5,UPFC_tse,5-15,-2.151582596057968,67,-2.139987991865396,WLS,159,0.011594604192572078
0,x_tcsc,1-14,-0.1418967362300354,68,-0.14191979616827272,WLS,159,2.3059938237313116e-05
1,B_svc,2,0.3129125360493333,68,0.31257628507214474,WLS,159,0.0003362509771885347
2,UPFC_Vsh,5-15,1.1046525862251073,68,1.1030683456881902,WLS,159,0.0015842405369170809
3,UPFC_tsh,5-15,-0.2248740938961697,68,-0.22486483916471098,WLS,159,9.25473145871325e-06
4,UPFC_Vse,5-15,0.059685152894214256,68,0.05765285394190859,WLS,159,0.0020322989523056667
5,UPFC_tse,5-15,-2.1561429104413086,68,-2.139987991865396,WLS,159,0.016154918575912447
0,x_tcsc,1-14,-0.14190089093235977,69,-0.14191979616827272,WLS,159,1.8905235912941576e-05
1,B_svc,2,0.312300214466368,69,0.31257628507214474,WLS,159,0.0002760706057767237
2,UPFC_Vsh,5-15,1.1046210562754415,69,1.1030683456881902,WLS,159,0.0015527105872512603
3,UPFC_tsh,5-15,-0.22490874591174048,69,-0.22486483916471098,WLS,159,4.3906747029504034e-05
4,UPFC_Vse,5-15,0.05988118743189977,69,0.05765285394190859,WLS,159,0.0022283334899911786
5,UPFC_tse,5-15,-2.1539079973202546,69,-2.139987991865396,WLS,159,0.013920005454858497
0,x_tcsc,1-14,-0.1418880850585529,70,-0.14191979616827272,WLS,159,3.1711109719806396e-05
1,B_svc,2,0.3123341358860705,70,0.31257628507214474,WLS,159,0.0002421491860742364
2,UPFC_Vsh,5-15,1.1045631231765827,70,1.1030683456881902,WLS,159,0.0014947774883924403
3,UPFC_tsh,5-15,-0.22487530891018126,70,-0.22486483916471098,WLS,159,1.0469745470281788e-05
4,UPFC_Vse,5-15,0.05924023155089934,70,0.05765285394190859,WLS,159,0.0015873776089907476
5,UPFC_tse,5-15,-2.152966757714722,70,-2.139987991865396,WLS,159,0.012978765849325669
0,x_tcsc,1-14,-0.14188445268433927,71,-0.14191979616827272,WLS,159,3.534348393344211e-05
1,B_svc,2,0.3126885518224553,71,0.31257628507214474,WLS,159,0.00011226675031056343
2,UPFC_Vsh,5-15,1.1043749995198568,71,1.1030683456881902,WLS,159,0.0013066538316666154
3,UPFC_tsh,5-15,-0.22485175514096933,71,-0.22486483916471098,WLS,159,1.308402374164408e-05
4,UPFC_Vse,5-15,0.05954673781278394,71,0.05765285394190859,WLS,159,0.00189388387087535
5,UPFC_tse,5-15,-2.1540553948922354,71,-2.139987991865396,WLS,159,0.014067403026839287
0,x_tcsc,1-14,-0.14190030477988824,72,-0.14191979616827272,WLS,159,1.949138838447384e-05
1,B_svc,2,0.3130550272816409,72,0.31257628507214474,WLS,159,0.00047874220949617463
2,UPFC_Vsh,5-15,1.1043401738821377,72,1.1030683456881902,WLS,159,0.001271828193947444
3,UPFC_tsh,5-15,-0.22485769345617085,72,-0.22486483916471098,WLS,159,7.145708540129414e-06
4,UPFC_Vse,5-15,0.05954292585839011,72,0.05765285394190859,WLS,159,0.0018900719164815227
5,UPFC_tse,5-15,-2.154466532618614,72,-2.139987991865396,WLS,159,0.01447854075321775
0,x_tcsc,1-14,-0.14189129848697332,73,-0.14191979616827272,WLS,159,2.849768129939423e-05
1,B_svc,2,0.3125242764061176,73,0.31257628507214474,WLS,159,5.2008666027170136e-05
2,UPFC_Vsh,5-15,1.1044274713598103,73,1.1030683456881902,WLS,159,0.0013591256716201094
3,UPFC_tsh,5-15,-0.22479399520828736,73,-0.22486483916471098,WLS,159,7.084395642362185e-05
4,UPFC_Vse,5-15,0.05927754576355885,73,0.05765285394190859,WLS,159,0.0016246918216502593
5,UPFC_tse,5-15,-2.1553484431775742,73,-2.139987991865396,WLS,159,0.015360451312178114
0,x_tcsc,1-14,-0.14190766866689228,74,-0.14191979616827272,WLS,159,1.2127501380437833e-05
1,B_svc,2,0.31323817244053825,74,0.31257628507214474,WLS,159,0.00066188736839351
2,UPFC_Vsh,5-15,1.1043248016638407,74,1.1030683456881902,WLS,159,0.0012564559756504945
3,UPFC_tsh,5-15,-0.2249167154515927,74,-0.22486483916471098,WLS,159,5.187628688171908e-05
4,UPFC_Vse,5-15,0.059986566695875536,74,0.05765285394190859,WLS,159,0.002333712753966946
5,UPFC_tse,5-15,-2.1533783573481764,74,-2.139987991865396,WLS,159,0.013390365482780275
0,x_tcsc,1-14,-0.14188930436421957,75,-0.14191979616827272,WLS,159,3.0491804053150995e-05
1,B_svc,2,0.3125214522276914,75,0.31257628507214474,WLS,159,5.483284445334524e-05
2,UPFC_Vsh,5-15,1.1044746454549756,75,1.1030683456881902,WLS,159,0.0014062997667854127
3,UPFC_tsh,5-15,-0.22480463036463635,75,-0.22486483916471098,WLS,159,6.02088000746237e-05
4,UPFC_Vse,5-15,0.05984740776015813,75,0.05765285394190859,WLS,159,0.0021945538182495394
5,UPFC_tse,5-15,-2.149379708014596,75,-2.139987991865396,WLS,159,0.009391716149199869
0,x_tcsc,1-14,-0.14190167657318248,76,-0.14191979616827272,WLS,159,1.8119595090237972e-05
1,B_svc,2,0.3128437451793894,76,0.31257628507214474,WLS,159,0.00026746010724465474
2,UPFC_Vsh,5-15,1.1043586027986447,76,1.1030683456881902,WLS,159,0.0012902571104544958
3,UPFC_tsh,5-15,-0.22481380245197338,76,-0.22486483916471098,WLS,159,5.103671273759547e-05
4,UPFC_Vse,5-15,0.05992971225903087,76,0.05765285394190859,WLS,159,0.0022768583171222795
5,UPFC_tse,5-15,-2.1523234767254253,76,-2.139987991865396,WLS,159,0.012335484860029222
0,x_tcsc,1-14,-0.14188708790074792,77,-0.14191979616827272,WLS,159,3.270826752480027e-05
1,B_svc,2,0.3126072199770388,77,0.31257628507214474,WLS,159,3.093490489403106e-05
2,UPFC_Vsh,5-15,1.1045176773655858,77,1.1030683456881902,WLS,159,0.0014493316773955822
3,UPFC_tsh,5-15,-0.2248585105289454,77,-0.22486483916471098,WLS,159,6.3286357655789605e-06
4,UPFC_Vse,5-15,0.0592387409868071,77,0.05765285394190859,WLS,159,0.0015858870448985096
5,UPFC_tse,5-15,-2.154141757312001,77,-2.139987991865396,WLS,159,0.014153765446605071
0,x_tcsc,1-14,-0.14190222618983817,78,-0.14191979616827272,WLS,159,1.756997843455066e-05
1,B_svc,2,0.31223201078260376,78,0.31257628507214474,WLS,159,0.00034427428954098005
2,UPFC_Vsh,5-15,1.104447256806651,78,1.1030683456881902,WLS,159,0.0013789111184607794
3,UPFC_tsh,5-15,-0.22489710502594987,78,-0.22486483916471098,WLS,159,3.2265861238889304e-05
4,UPFC_Vse,5-15,0.059520827830801405,78,0.05765285394190859,WLS,159,0.0018679738888928155
5,UPFC_tse,5-15,-2.1518360907377083,78,-2.139987991865396,WLS,159,0.011848098872312196
0,x_tcsc,1-14,-0.14189398442378545,79,-0.14191979616827272,WLS,159,2.5811744487264088e-05
1,B_svc,2,0.3123952025274522,79,0.31257628507214474,WLS,159,0.0001810825446925679
2,UPFC_Vsh,5-15,1.1046669826151956,79,1.1030683456881902,WLS,159,0.001598636927005348
3,UPFC_tsh,5-15,-0.22482858836869551,79,-0.22486483916471098,WLS,159,3.625079601546344e-05
4,UPFC_Vse,5-15,0.05939487212210228,79,0.05765285394190859,WLS,159,0.0017420181801936913
5,UPFC_tse,5-15,-2.15291121953724,79,-2.139987991865396,WLS,159,0.01292322767184384
0,x_tcsc,1-14,-0.14188019153527978,80,-0.14191979616827272,WLS,159,3.9604632992934485e-05
1,B_svc,2,0.31268386507341783,80,0.31257628507214474,WLS,159,0.00010758000127308875
2,UPFC_Vsh,5-15,1.1040650974568582,80,1.1030683456881902,WLS,159,0.0009967517686679805
3,UPFC_tsh,5-15,-0.2248823572974167,80,-0.22486483916471098,WLS,159,1.751813270572944e-05
4,UPFC_Vse,5-15,0.05943901391953557,80,0.05765285394190859,WLS,159,0.0017861599776269818
5,UPFC_tse,5-15,-2.1568668145149363,80,-2.139987991865396,WLS,159,0.016878822649540215
0,x_tcsc,1-14,-0.14189844913263347,81,-0.14191979616827272,WLS,159,2.1347035639246448e-05
1,B_svc,2,0.31270665824180155,81,0.31257628507214474,WLS,159,0.00013037316965680557
2,UPFC_Vsh,5-15,1.104068798992845,81,1.1030683456881902,WLS,159,0.0010004533046548136
3,UPFC_tsh,5-15,-0.2248831965957213,81,-0.22486483916471098,WLS,159,1.8357431010335157e-05
4,UPFC_Vse,5-15,0.06007031036146072,81,0.05765285394190859,WLS,159,0.0024174564195521275
5,UPFC_tse,5-15,-2.1490273709032235,81,-2.139987991865396,WLS,159,0.009039379037827366
0,x_tcsc,1-14,-0.14188739485635243,82,-0.14191979616827272,WLS,159,3.2401311920282616e-05
1,B_svc,2,0.31259068065240475,82,0.31257628507214474,WLS,159,1.439558026000709e-05
2,UPFC_Vsh,5-15,1.1049655389446762,82,1.1030683456881902,WLS,159,0.0018971932564859628
3,UPFC_tsh,5-15,-0.22486398018945578,82,-0.22486483916471098,WLS,159,8.589752552023988e-07
4,UPFC_Vse,5-15,0.05937147892216311,82,0.05765285394190859,WLS,159,0.0017186249802545184
5,UPFC_tse,5-15,-2.1526513964055654,82,-2.139987991865396,WLS,159,0.012663404540169232
0,x_tcsc,1-14,-0.14187498016063646,83,-0.14191979616827272,WLS,159,4.481600763625582e-05
1,B_svc,2,0.3124817778715317,83,0.31257628507214474,WLS,159,9.450720061304763e-05
2,UPFC_Vsh,5-15,1.1040827883410027,83,1.1030683456881902,WLS,159,0.001014442652812475
3,UPFC_tsh,5-15,-0.22494115279886467,83,-0.22486483916471098,WLS,159,7.63136341536963e-05
4,UPFC_Vse,5-15,0.05965928977365593,83,0.05765285394190859,WLS,159,0.0020064358317473385
5,UPFC_tse,5-15,-2.1524528968207854,83,-2.139987991865396,WLS,159,0.012464904955389322
0,x_tcsc,1-14,-0.14187604156989894,84,-0.14191979616827272,WLS,159,4.3754598373774156e-05
1,B_svc,2,0.31273134322266494,84,0.31257628507214474,WLS,159,0.00015505815052019312
2,UPFC_Vsh,5-15,1.1046552739659126,84,1.1030683456881902,WLS,159,0.0015869282777223326
3,UPFC_tsh,5-15,-0.22481051248220485,84,-0.22486483916471098,WLS,159,5.4326682506128376e-05
4,UPFC_Vse,5-15,0.05964861510098573,84,0.05765285394190859,WLS,159,0.001995761159077139
5,UPFC_tse,5-15,-2.149811308470152,84,-2.139987991865396,WLS,159,0.00982331660475566
0,x_tcsc,1-14,-0.1418971050867069,85,-0.14191979616827272,WLS,159,2.2691081565828775e-05
1,B_svc,2,0.3123976455196325,85,0.31257628507214474,WLS,159,0.00017863955251223862
2,UPFC_Vsh,5-15,1.1046322139833944,85,1.1030683456881902,WLS,159,0.0015638682952041627
3,UPFC_tsh,5-15,-0.2248568391979739,85,-0.22486483916471098,WLS,159,7.999966737087805e-06
4,UPFC_Vse,5-15,0.059339932529004845,85,0.05765285394190859,WLS,159,0.0016870785870962551
5,UPFC_tse,5-15,-2.1546675244391365,85,-2.139987991865396,WLS,159,0.014679532573740328
0,x_tcsc,1-14,-0.14188633971658768,86,-0.14191979616827272,WLS,159,3.345645168503775e-05
1,B_svc,2,0.3127913901428222,86,0.31257628507214474,WLS,159,0.0002151050706774571
2,UPFC_Vsh,5-15,1.1044658978434407,86,1.1030683456881902,WLS,159,0.0013975521552505032
3,UPFC_tsh,5-15,-0.2247963223498909,86,-0.22486483916471098,WLS,159,6.851681482009098e-05
4,UPFC_Vse,5-15,0.05983689834423964,86,0.05765285394190859,WLS,159,0.0021840444023310535
5,UPFC_tse,5-15,-2.1511433572903296,86,-2.139987991865396,WLS,159,0.01115536542493345
0,x_tcsc,1-14,-0.14190121640313696,87,-0.14191979616827272,WLS,159,1.8579765135751103e-05
1,B_svc,2,0.312345232467752,87,0.31257628507214474,WLS,159,0.00023105260439276742
2,UPFC_Vsh,5-15,1.1046475565529679,87,1.1030683456881902,WLS,159,0.001579210864777636
3,UPFC_tsh,5-15,-0.22480605036752782,87,-0.22486483916471098,WLS,159,5.878879718315688e-05
4,UPFC_Vse,5-15,0.05954732496414732,87,0.05765285394190859,WLS,159,0.0018944710222387334
5,UPFC_tse,5-15,-2.1526388188199577,87,-2.139987991865396,WLS,159,0.012650826954561545
0,x_tcsc,1-14,-0.14188163825406264,88,-0.14191979616827272,WLS,159,3.8157914210079635e-05
1,B_svc,2,0.31244381680665895,88,0.31257628507214474,WLS,159,0.0001324682654857967
2,UPFC_Vsh,5-15,1.1043585989188407,88,1.1030683456881902,WLS,159,0.0012902532306504622
3,UPFC_tsh,5-15,-0.2248406556353925,88,-0.22486483916471098,WLS,159,2.4183529318488883e-05
4,UPFC_Vse,5-15,0.059240252144153814,88,0.05765285394190859,WLS,159,0.0015873982022452243
5,UPFC_tse,5-15,-2.151376835126869,88,-2.139987991865396,WLS,159,0.011388843261472825
0,x_tcsc,1-14,-0.1418906360108762,89,-0.14191979616827272,WLS,159,2.9160157396512787e-05
1,B_svc,2,0.3127360510192687,89,0.31257628507214474,WLS,159,0.00015976594712396874
2,UPFC_Vsh,5-15,1.1046446745248277,89,1.1030683456881902,WLS,159,0.0015763288366374972
3,UPFC_tsh,5-15,-0.2248629895571536,89,-0.22486483916471098,WLS,159,1.8496075573914972e-06
4,UPFC_Vse,5-15,0.059618403811650386,89,0.05765285394190859,WLS,159,0.0019655498697417964
5,UPFC_tse,5-15,-2.153286013822837,89,-2.139987991865396,WLS,159,0.013298021957441009
0,x_tcsc,1-14,-0.14187186292088558,90,-0.14191979616827272,WLS,159,4.7933247387138556e-05
1,B_svc,2,0.31253498632607835,90,0.31257628507214474,WLS,159,4.129874606639827e-05
2,UPFC_Vsh,5-15,1.1043165226845049,90,1.1030683456881902,WLS,159,0.0012481769963146316
3,UPFC_tsh,5-15,-0.22488393623655714,90,-0.22486483916471098,WLS,159,1.9097071846163605e-05
4,UPFC_Vse,5-15,0.05996904233872265,90,0.05765285394190859,WLS,159,0.0023161883968140576
5,UPFC_tse,5-15,-2.1533246730237483,90,-2.139987991865396,WLS,159,0.013336681158352182
0,x_tcsc,1-14,-0.14189217116606875,91,-0.14191979616827272,WLS,159,2.762500220396258e-05
1,B_svc,2,0.3124110432328453,91,0.31257628507214474,WLS,159,0.00016524183929944591
2,UPFC_Vsh,5-15,1.1044977204224309,91,1.1030683456881902,WLS,159,0.0014293747342406515
3,UPFC_tsh,5-15,-0.22488555003743085,91,-0.22486483916471098,WLS,159,2.0710872719875706e-05
4,UPFC_Vse,5-15,0.059433937894831756,91,0.05765285394190859,WLS,159,0.0017810839529231667
5,UPFC_tse,5-15,-2.1537834345205913,91,-2.139987991865396,WLS,159,0.013795442655195167
0,x_tcsc,1-14,-0.14188416950166544,92,-0.14191979616827272,WLS,159,3.56266666072802e-05
1,B_svc,2,0.3120319988114245,92,0.31257628507214474,WLS,159,0.0005442862607202281
2,UPFC_Vsh,5-15,1.10427910772867,92,1.1030683456881902,WLS,159,0.0012107620404797625
3,UPFC_tsh,5-15,-0.22484177951935091,92,-0.22486483916471098,WLS,159,2.3059645360062886e-05
4,UPFC_Vse,5-15,0.05914893856174381,92,0.05765285394190859,WLS,159,0.0014960846198352196
5,UPFC_tse,5-15,-2.1522183472187733,92,-2.139987991865396,WLS,159,0.012230355353377131
0,x_tcsc,1-14,-0.1418971214304671,93,-0.14191979616827272,WLS,159,2.2674737805622458e-05
1,B_svc,2,0.31290200185971717,93,0.31257628507214474,WLS,159,0.0003257167875724276
2,UPFC_Vsh,5-15,1.1048273487298421,93,1.1030683456881902,WLS,159,0.0017590030416518854
3,UPFC_tsh,5-15,-0.2248754972874416,93,-0.22486483916471098,WLS,159,1.0658122730627939e-05
4,UPFC_Vse,5-15,0.05955341369747022,93,0.05765285394190859,WLS,159,0.0019005597555616302
5,UPFC_tse,5-15,-2.154915515001374,93,-2.139987991865396,WLS,159,0.014927523135977783
0,x_tcsc,1-14,-0.14188401691393018,94,-0.14191979616827272,WLS,159,3.577925434253282e-05
1,B_svc,2,0.31320378581553854,94,0.31257628507214474,WLS,159,0.000627500743393794
2,UPFC_Vsh,5-15,1.1045395588986398,94,1.1030683456881902,WLS,159,0.001471213210449518
3,UPFC_tsh,5-15,-0.2248910825574786,94,-0.22486483916471098,WLS,159,2.62433927676331e-05
4,UPFC_Vse,5-15,0.05940935434701365,94,0.05765285394190859,WLS,159,0.0017565004051050617
5,UPFC_tse,5-15,-2.158796544826145,94,-2.139987991865396,WLS,159,0.01880855296074868
0,x_tcsc,1-14,-0.14190737585720345,95,-0.14191979616827272,WLS,159,1.2420311069266665e-05
1,B_svc,2,0.3130809532295835,95,0.31257628507214474,WLS,159,0.0005046681574387701
2,UPFC_Vsh,5-15,1.1043324614348002,95,1.1030683456881902,WLS,159,0.0012641157466100061
3,UPFC_tsh,5-15,-0.22483584798284154,95,-0.22486483916471098,WLS,159,2.8991181869442162e-05
4,UPFC_Vse,5-15,0.059364990604651696,95,0.05765285394190859,WLS,159,0.0017121366627431064
5,UPFC_tse,5-15,-2.154626778869007,95,-2.139987991865396,WLS,159,0.014638787003610876
0,x_tcsc,1-14,-0.14190484823443925,96,-0.14191979616827272,WLS,159,1.494793383347015e-05
1,B_svc,2,0.31233047215358495,96,0.31257628507214474,WLS,159,0.0002458129185597957
2,UPFC_Vsh,5-15,1.10444772382895,96,1.1030683456881902,WLS,159,0.001379378140759835
3,UPFC_tsh,5-15,-0.22489050641003014,96,-0.22486483916471098,WLS,159,2.566724531916087e-05
4,UPFC_Vse,5-15,0.059367271592819015,96,0.05765285394190859,WLS,159,0.0017144176509104256
5,UPFC_tse,5-15,-2.1558005894333907,96,-2.139987991865396,WLS,159,0.01581259756799458
0,x_tcsc,1-14,-0.14188817422970448,97,-0.14191979616827272,WLS,159,3.162193856823259e-05
1,B_svc,2,0.31199429229322073,97,0.31257628507214474,WLS,159,0.000581992778924012
2,UPFC_Vsh,5-15,1.104455568250505,97,1.1030683456881902,WLS,159,0.001387222562314827
3,UPFC_tsh,5-15,-0.224864068802841,97,-0.22486483916471098,WLS,159,7.703618699894665e-07
4,UPFC_Vse,5-15,0.05967018497966689,97,0.05765285394190859,WLS,159,0.0020173310377583006
5,UPFC_tse,5-15,-2.1518682065595915,97,-2.139987991865396,WLS,159,0.011880214694195423
0,x_tcsc,1-14,-0.14189409550123488,98,-0.14191979616827272,WLS,159,2.570066703783125e-05
1,B_svc,2,0.3124213871895274,98,0.31257628507214474,WLS,159,0.00015489788261735526
2,UPFC_Vsh,5-15,1.1044087317758504,98,1.1030683456881902,WLS,159,0.0013403860876601836
3,UPFC_tsh,5-15,-0.22482569700185678,98,-0.22486483916471098,WLS,159,3.914216285419436e-05
4,UPFC_Vse,5-15,0.0596463806731032,98,0.05765285394190859,WLS,159,0.0019935267311946073
5,UPFC_tse,5-15,-2.1526069324622963,98,-2.139987991865396,WLS,159,0.012618940596900163
0,x_tcsc,1-14,-0.141898547517427,99,-0.14191979616827272,WLS,159,2.1248650845712147e-05
1,B_svc,2,0.31202006877311983,99,0.31257628507214474,WLS,159,0.0005562162990249142
2,UPFC_Vsh,5-15,1.104494421973657,99,1.1030683456881902,WLS,159,0.0014260762854667597
3,UPFC_tsh,5-15,-0.22481538243159452,99,-0.22486483916471098,WLS,159,4.9456733116459706e-05
4,UPFC_Vse,5-15,0.059388404080783164,99,0.05765285394190859,WLS,159,0.001735550138874574
5,UPFC_tse,5-15,-2.157109440056258,99,-2.139987991865396,WLS,159,0.0171214481908617
0,x_tcsc,1-14,-0.10671143253086024,0,-0.10706081259343138,MAP_SCADA,1,0.00034938006257113907
1,B_svc,2,0.17853734538277877,0,0.17553938300861005,MAP_SCADA,1,0.0029979623741687167
2,UPFC_Vsh,5-15,1.1109207789140585,0,1.111661121831751,MAP_SCADA,1,0.000740342917692427
3,UPFC_tsh,5-15,-0.23731745143979585,0,-0.2369556253674602,MAP_SCADA,1,0.000361826072335647
4,UPFC_Vse,5-15,0.05763375636709128,0,0.05781165891457163,MAP_SCADA,1,0.0001779025474803464
5,UPFC_tse,5-15,-2.121116529035107,0,-2.1195420076682687,MAP_SCADA,1,0.0015745213668383329
0,x_tcsc,1-14,-0.10884679222871829,1,-0.10706081259343138,MAP_SCADA,1,0.0017859796352869134
1,B_svc,2,0.17210654984970408,1,0.17553938300861005,MAP_SCADA,1,0.003432833158905968
2,UPFC_Vsh,5-15,1.1125691339351063,1,1.111661121831751,MAP_SCADA,1,0.0009080121033553379
3,UPFC_tsh,5-15,-0.23614062783557177,1,-0.2369556253674602,MAP_SCADA,1,0.0008149975318884339
4,UPFC_Vse,5-15,0.05726992650712081,1,0.05781165891457163,MAP_SCADA,1,0.0005417324074508192
5,UPFC_tse,5-15,-2.114605669181904,1,-2.1195420076682687,MAP_SCADA,1,0.004936338486364544
0,x_tcsc,1-14,-0.106438597648498,2,-0.10706081259343138,MAP_SCADA,1,0.0006222149449333775
1,B_svc,2,0.17900573324605812,2,0.17553938300861005,MAP_SCADA,1,0.003466350237448068
2,UPFC_Vsh,5-15,1.110557377207309,2,1.111661121831751,MAP_SCADA,1,0.0011037446244419602
3,UPFC_tsh,5-15,-0.23791607483260863,2,-0.2369556253674602,MAP_SCADA,1,0.0009604494651484219
4,UPFC_Vse,5-15,0.05782458523939781,2,0.05781165891457163,MAP_SCADA,1,1.2926324826183222e-05
5,UPFC_tse,5-15,-2.121047690115321,2,-2.1195420076682687,MAP_SCADA,1,0.0015056824470520702
0,x_tcsc,1-14,-0.1082485724483868,3,-0.10706081259343138,MAP_SCADA,1,0.0011877598549554225
1,B_svc,2,0.17084799387894223,3,0.17553938300861005,MAP_SCADA,1,0.004691389129667822
2,UPFC_Vsh,5-15,1.1133073606530108,3,1.111661121831751,MAP_SCADA,1,0.0016462388212599155
3,UPFC_tsh,5-15,-0.2352148361230751,3,-0.2369556253674602,MAP_SCADA,1,0.0017407892443851158
4,UPFC_Vse,5-15,0.05744203276710792,3,0.05781165891457163,MAP_SCADA,1,0.0003696261474637058
5,UPFC_tse,5-15,-2.1187469994643453,3,-2.1195420076682687,MAP_SCADA,1,0.0007950082039234196
0,x_tcsc,1-14,-0.10589216153963375,4,-0.10706081259343138,MAP_SCADA,1,0.0011686510537976258
1,B_svc,2,0.18057721027425636,4,0.17553938300861005,MAP_SCADA,1,0.005037827265646305
2,UPFC_Vsh,5-15,1.1090639373079867,4,1.111661121831751,MAP_SCADA,1,0.002597184523764229
3,UPFC_tsh,5-15,-0.23901694259159015,4,-0.2369556253674602,MAP_SCADA,1,0.0020613172241299438
4,UPFC_Vse,5-15,0.057420897493637865,4,0.05781165891457163,MAP_SCADA,1,0.0003907614209337634
5,UPFC_tse,5-15,-2.1217880216245173,4,-2.1195420076682687,MAP_SCADA,1,0.0022460139562485715
0,x_tcsc,1-14,-0.10962718592320896,5,-0.10706081259343138,MAP_SCADA,1,0.002566373329777577
1,B_svc,2,0.16734710763118957,5,0.17553938300861005,MAP_SCADA,1,0.008192275377420483
2,UPFC_Vsh,5-15,1.113238663056068,5,1.111661121831751,MAP_SCADA,1,0.0015775412243170805
3,UPFC_tsh,5-15,-0.2353712142411416,5,-0.2369556253674602,MAP_SCADA,1,0.0015844111263186023
4,UPFC_Vse,5-15,0.05765870072751411,5,0.05781165891457163,MAP_SCADA,1,0.00015295818705751696
5,UPFC_tse,5-15,-2.116604966915444,5,-2.1195420076682687,MAP_SCADA,1,0.00293704075282486
0,x_tcsc,1-14,-0.1072394089863974,6,-0.10706081259343138,MAP_SCADA,1,0.00017859639296602392
1,B_svc,2,0.17505832381110656,6,0.17553938300861005,MAP_SCADA,1,0.0004810591975034917
2,UPFC_Vsh,5-15,1.1134733590139796,6,1.111661121831751,MAP_SCADA,1,0.001812237182228671
3,UPFC_tsh,5-15,-0.23630289751870623,6,-0.2369556253674602,MAP_SCADA,1,0.0006527278487539756
4,UPFC_Vse,5-15,0.057209379708297675,6,0.05781165891457163,MAP_SCADA,1,0.0006022792062739535
5,UPFC_tse,5-15,-2.118697070191822,6,-2.1195420076682687,MAP_SCADA,1,0.0008449374764465389
0,x_tcsc,1-14,-0.106904312225471,7,-0.10706081259343138,MAP_SCADA,1,0.00015650036796037436
1,B_svc,2,0.17859066157689701,7,0.17553938300861005,MAP_SCADA,1,0.0030512785682869636
2,UPFC_Vsh,5-15,1.1115241542852348,7,1.111661121831751,MAP_SCADA,1,0.0001369675465161535
3,UPFC_tsh,5-15,-0.23696277691500586,7,-0.2369556253674602,MAP_SCADA,1,7.151547545658499e-06
4,UPFC_Vse,5-15,0.05719135020998187,7,0.05781165891457163,MAP_SCADA,1,0.0006203087045897615
5,UPFC_tse,5-15,-2.120352712191659,7,-2.1195420076682687,MAP_SCADA,1,0.000810704523390271
0,x_tcsc,1-14,-0.10584256465175358,8,-0.10706081259343138,MAP_SCADA,1,0.001218247941677797
1,B_svc,2,0.17957565213745705,8,0.17553938300861005,MAP_SCADA,1,0.004036269128846998
2,UPFC_Vsh,5-15,1.1114213514564535,8,1.111661121831751,MAP_SCADA,1,0.00023977037529743228
3,UPFC_tsh,5-15,-0.23804470709609643,8,-0.2369556253674602,MAP_SCADA,1,0.0010890817286362264
4,UPFC_Vse,5-15,0.05767086577863096,8,0.05781165891457163,MAP_SCADA,1,0.0001407931359406686
5,UPFC_tse,5-15,-2.1195907835996595,8,-2.1195420076682687,MAP_SCADA,1,4.877593139074321e-05
0,x_tcsc,1-14,-0.10784650785057542,9,-0.10706081259343138,MAP_SCADA,1,0.0007856952571440451
1,B_svc,2,0.17403306430088125,9,0.17553938300861005,MAP_SCADA,1,0.0015063187077287987
2,UPFC_Vsh,5-15,1.1136591443971575,9,1.111661121831751,MAP_SCADA,1,0.0019980225654065986
3,UPFC_tsh,5-15,-0.23540412352425605,9,-0.2369556253674602,MAP_SCADA,1,0.001551501843204156
4,UPFC_Vse,5-15,0.05764721708836011,9,0.05781165891457163,MAP_SCADA,1,0.00016444182621151715
5,UPFC_tse,5-15,-2.1166377891830908,9,-2.1195420076682687,MAP_SCADA,1,0.0029042184851779673
0,x_tcsc,1-14,-0.10843919964143052,10,-0.10706081259343138,MAP_SCADA,1,0.0013783870479991411
1,B_svc,2,0.1733415956284689,10,0.17553938300861005,MAP_SCADA,1,0.0021977873801411474
2,UPFC_Vsh,5-15,1.1120251269562094,10,1.111661121831751,MAP_SCADA,1,0.00036400512445844413
3,UPFC_tsh,5-15,-0.23596809646704503,10,-0.2369556253674602,MAP_SCADA,1,0.0009875289004151744
4,UPFC_Vse,5-15,0.0564854939523338,10,0.05781165891457163,MAP_SCADA,1,0.0013261649622378288
5,UPFC_tse,5-15,-2.1208915776861685,10,-2.1195420076682687,MAP_SCADA,1,0.001349570017899815
0,x_tcsc,1-14,-0.10717114851830077,11,-0.10706081259343138,MAP_SCADA,1,0.00011033592486939248
1,B_svc,2,0.17747026057926507,11,0.17553938300861005,MAP_SCADA,1,0.0019308775706550207
2,UPFC_Vsh,5-15,1.1124363488801543,11,1.111661121831751,MAP_SCADA,1,0.0007752270484033819
3,UPFC_tsh,5-15,-0.23632852993489933,11,-0.2369556253674602,MAP_SCADA,1,0.0006270954325608702
4,UPFC_Vse,5-15,0.05659742194993677,11,0.05781165891457163,MAP_SCADA,1,0.0012142369646348586
5,UPFC_tse,5-15,-2.1197408115722536,11,-2.1195420076682687,MAP_SCADA,1,0.0001988039039848566
0,x_tcsc,1-14,-0.10802946345880032,12,-0.10706081259343138,MAP_SCADA,1,0.0009686508653689446
1,B_svc,2,0.17281276942429238,12,0.17553938300861005,MAP_SCADA,1,0.0027266135843176664
2,UPFC_Vsh,5-15,1.1130757120421997,12,1.111661121831751,MAP_SCADA,1,0.0014145902104487629
3,UPFC_tsh,5-15,-0.23632368050223404,12,-0.2369556253674602,MAP_SCADA,1,0.0006319448652261639
4,UPFC_Vse,5-15,0.057571961367978236,12,0.05781165891457163,MAP_SCADA,1,0.0002396975465933926
5,UPFC_tse,5-15,-2.1157178822797733,12,-2.1195420076682687,MAP_SCADA,1,0.003824125388495414
0,x_tcsc,1-14,-0.10570316958983077,13,-0.10706081259343138,MAP_SCADA,1,0.0013576430036006115
1,B_svc,2,0.18249973312876458,13,0.17553938300861005,MAP_SCADA,1,0.006960350120154529
2,UPFC_Vsh,5-15,1.1131296050156416,13,1.111661121831751,MAP_SCADA,1,0.0014684831838907009
3,UPFC_tsh,5-15,-0.23783442634788132,13,-0.2369556253674602,MAP_SCADA,1,0.0008788009804211183
4,UPFC_Vse,5-15,0.056484936983598154,13,0.05781165891457163,MAP_SCADA,1,0.0013267219309734749
5,UPFC_tse,5-15,-2.115261398749947,13,-2.1195420076682687,MAP_SCADA,1,0.0042806089183216045
0,x_tcsc,1-14,-0.10694923876760283,14,-0.10706081259343138,MAP_SCADA,1,0.00011157382582854813
1,B_svc,2,0.1769041692493913,14,0.17553938300861005,MAP_SCADA,1,0.0013647862407812628
2,UPFC_Vsh,5-15,1.1121526642391235,14,1.111661121831751,MAP_SCADA,1,0.0004915424073725916
3,UPFC_tsh,5-15,-0.2370323619370798,14,-0.2369556253674602,MAP_SCADA,1,7.673656961959541e-05
4,UPFC_Vse,5-15,0.057139654468352036,14,0.05781165891457163,MAP_SCADA,1,0.0006720044462195929
5,UPFC_tse,5-15,-2.1194773532602125,14,-2.1195420076682687,MAP_SCADA,1,6.465440805625278e-05
0,x_tcsc,1-14,-0.10869855072993599,15,-0.10706081259343138,MAP_SCADA,1,0.0016377381365046129
1,B_svc,2,0.1722439116589828,15,0.17553938300861005,MAP_SCADA,1,0.003295471349627238
2,UPFC_Vsh,5-15,1.1123269308828758,15,1.111661121831751,MAP_SCADA,1,0.0006658090511248993
3,UPFC_tsh,5-15,-0.23591736677432862,15,-0.2369556253674602,MAP_SCADA,1,0.0010382585931315857
4,UPFC_Vse,5-15,0.05746552861625833,15,0.05781165891457163,MAP_SCADA,1,0.0003461302983132977
5,UPFC_tse,5-15,-2.114336762711501,15,-2.1195420076682687,MAP_SCADA,1,0.005205244956767885
0,x_tcsc,1-14,-0.10723509198330802,16,-0.10706081259343138,MAP_SCADA,1,0.00017427938987664426
1,B_svc,2,0.17398967179522495,16,0.17553938300861005,MAP_SCADA,1,0.0015497112133850965
2,UPFC_Vsh,5-15,1.1110458587351355,16,1.111661121831751,MAP_SCADA,1,0.0006152630966154149
3,UPFC_tsh,5-15,-0.23700163214610448,16,-0.2369556253674602,MAP_SCADA,1,4.600677864427527e-05
4,UPFC_Vse,5-15,0.05741412427159274,16,0.05781165891457163,MAP_SCADA,1,0.00039753464297889035
5,UPFC_tse,5-15,-2.115454248723215,16,-2.1195420076682687,MAP_SCADA,1,0.004087758945053643
0,x_tcsc,1-14,-0.11066622826773613,17,-0.10706081259343138,MAP_SCADA,1,0.0036054156743047516
1,B_svc,2,0.17213545326446683,17,0.17553938300861005,MAP_SCADA,1,0.0034039297441432192
2,UPFC_Vsh,5-15,1.1101691119931705,17,1.111661121831751,MAP_SCADA,1,0.0014920098385804437
3,UPFC_tsh,5-15,-0.23638238289548702,17,-0.2369556253674602,MAP_SCADA,1,0.0005732424719731843
4,UPFC_Vse,5-15,0.05704571524866088,17,0.05781165891457163,MAP_SCADA,1,0.0007659436659107483
5,UPFC_tse,5-15,-2.1255108704267474,17,-2.1195420076682687,MAP_SCADA,1,0.0059688627584786325
0,x_tcsc,1-14,-0.10647726198792858,18,-0.10706081259343138,MAP_SCADA,1,0.0005835506055028028
1,B_svc,2,0.17890991783106908,18,0.17553938300861005,MAP_SCADA,1,0.003370534822459026
2,UPFC_Vsh,5-15,1.1113916813722353,18,1.111661121831751,MAP_SCADA,1,0.0002694404595156019
3,UPFC_tsh,5-15,-0.23750430204608403,18,-0.2369556253674602,MAP_SCADA,1,0.0005486766786238217
4,UPFC_Vse,5-15,0.0579754917237041,18,0.05781165891457163,MAP_SCADA,1,0.000163832809132472
5,UPFC_tse,5-15,-2.1210878076752175,18,-2.1195420076682687,MAP_SCADA,1,0.0015458000069488165
0,x_tcsc,1-14,-0.10880064867843024,19,-0.10706081259343138,MAP_SCADA,1,0.0017398360849988637
1,B_svc,2,0.17236500079037237,19,0.17553938300861005,MAP_SCADA,1,0.0031743822182376813
2,UPFC_Vsh,5-15,1.112334763295601,19,1.111661121831751,MAP_SCADA,1,0.0006736414638501831
3,UPFC_tsh,5-15,-0.23575835468156742,19,-0.2369556253674602,MAP_SCADA,1,0.0011972706858927873
4,UPFC_Vse,5-15,0.057420643843725014,19,0.05781165891457163,MAP_SCADA,1,0.0003910150708466148
5,UPFC_tse,5-15,-2.1197007787621494,19,-2.1195420076682687,MAP_SCADA,1,0.0001587710938806275
0,x_tcsc,1-14,-0.10681796471203604,20,-0.10706081259343138,MAP_SCADA,1,0.00024284788139533608
1,B_svc,2,0.17723798368864258,20,0.17553938300861005,MAP_SCADA,1,0.0016986006800325248
2,UPFC_Vsh,5-15,1.110328466941185,20,1.111661121831751,MAP_SCADA,1,0.0013326548905658875
3,UPFC_tsh,5-15,-0.2373060069040069,20,-0.2369556253674602,MAP_SCADA,1,0.0003503815365467067
4,UPFC_Vse,5-15,0.05749209778155573,20,0.05781165891457163,MAP_SCADA,1,0.00031956113301589983
5,UPFC_tse,5-15,-2.121057456966522,20,-2.1195420076682687,MAP_SCADA,1,0.001515449298253202
0,x_tcsc,1-14,-0.10640127987977131,21,-0.10706081259343138,MAP_SCADA,1,0.0006595327136600659
1,B_svc,2,0.17706400553147694,21,0.17553938300861005,MAP_SCADA,1,0.001524622522866892
2,UPFC_Vsh,5-15,1.1123414247957542,21,1.111661121831751,MAP_SCADA,1,0.0006803029640032321
3,UPFC_tsh,5-15,-0.23706487343632154,21,-0.2369556253674602,MAP_SCADA,1,0.00010924806886133953
4,UPFC_Vse,5-15,0.05804808066265128,21,0.05781165891457163,MAP_SCADA,1,0.00023642174807965433
5,UPFC_tse,5-15,-2.1199889860303824,21,-2.1195420076682687,MAP_SCADA,1,0.00044697836211371467
0,x_tcsc,1-14,-0.1076874287003709,22,-0.10706081259343138,MAP_SCADA,1,0.0006266161069395232
1,B_svc,2,0.17814371796425674,22,0.17553938300861005,MAP_SCADA,1,0.0026043349556466866
2,UPFC_Vsh,5-15,1.1100397041732075,22,1.111661121831751,MAP_SCADA,1,0.0016214176585434004
3,UPFC_tsh,5-15,-0.2373992929814906,22,-0.2369556253674602,MAP_SCADA,1,0.0004436676140303908
4,UPFC_Vse,5-15,0.05746102628000953,22,0.05781165891457163,MAP_SCADA,1,0.0003506326345621008
5,UPFC_tse,5-15,-2.1138228571779285,22,-2.1195420076682687,MAP_SCADA,1,0.005719150490340219
0,x_tcsc,1-14,-0.11114173205442038,23,-0.10706081259343138,MAP_SCADA,1,0.004080919460988999
1,B_svc,2,0.16571810927908867,23,0.17553938300861005,MAP_SCADA,1,0.00982127372952138
2,UPFC_Vsh,5-15,1.1102913160967147,23,1.111661121831751,MAP_SCADA,1,0.0013698057350362003
3,UPFC_tsh,5-15,-0.23612314344192717,23,-0.2369556253674602,MAP_SCADA,1,0.0008324819255330351
4,UPFC_Vse,5-15,0.057828980132338344,23,0.05781165891457163,MAP_SCADA,1,1.732121776671508e-05
5,UPFC_tse,5-15,-2.11634907225094,23,-2.1195420076682687,MAP_SCADA,1,0.0031929354173287905
0,x_tcsc,1-14,-0.10707298918273737,24,-0.10706081259343138,MAP_SCADA,1,1.2176589305995522e-05
1,B_svc,2,0.1750844181767696,24,0.17553938300861005,MAP_SCADA,1,0.00045496483184045977
2,UPFC_Vsh,5-15,1.1103383294545885,24,1.111661121831751,MAP_SCADA,1,0.001322792377162374
3,UPFC_tsh,5-15,-0.2373858961720593,24,-0.2369556253674602,MAP_SCADA,1,0.00043027080459909217
4,UPFC_Vse,5-15,0.05783441093683506,24,0.05781165891457163,MAP_SCADA,1,2.2752022263428096e-05
5,UPFC_tse,5-15,-2.1211963531878606,24,-2.1195420076682687,MAP_SCADA,1,0.001654345519591871
0,x_tcsc,1-14,-0.10411209146765889,25,-0.10706081259343138,MAP_SCADA,1,0.002948721125772491
1,B_svc,2,0.18207388013521508,25,0.17553938300861005,MAP_SCADA,1,0.006534497126605032
2,UPFC_Vsh,5-15,1.1099508617603815,25,1.111661121831751,MAP_SCADA,1,0.0017102600713694294
3,UPFC_tsh,5-15,-0.23921976991336424,25,-0.2369556253674602,MAP_SCADA,1,0.00226414454590404
4,UPFC_Vse,5-15,0.057215626624696495,25,0.05781165891457163,MAP_SCADA,1,0.0005960322898751341
5,UPFC_tse,5-15,-2.1180417750198264,25,-2.1195420076682687,MAP_SCADA,1,0.0015002326484423456
0,x_tcsc,1-14,-0.1078001605743693,26,-0.10706081259343138,MAP_SCADA,1,0.0007393479809379155
1,B_svc,2,0.17458128190019787,26,0.17553938300861005,MAP_SCADA,1,0.0009581011084121849
2,UPFC_Vsh,5-15,1.113580620074413,26,1.111661121831751,MAP_SCADA,1,0.001919498242662021
3,UPFC_tsh,5-15,-0.23556159092886747,26,-0.2369556253674602,MAP_SCADA,1,0.001394034438592734
4,UPFC_Vse,5-15,0.05738429904808282,26,0.05781165891457163,MAP_SCADA,1,0.00042735986648880647
5,UPFC_tse,5-15,-2.116182058227431,26,-2.1195420076682687,MAP_SCADA,1,0.0033599494408376174
0,x_tcsc,1-14,-0.10825092537265413,27,-0.10706081259343138,MAP_SCADA,1,0.001190112779222749
1,B_svc,2,0.17430631258970788,27,0.17553938300861005,MAP_SCADA,1,0.0012330704189021657
2,UPFC_Vsh,5-15,1.1114662475697654,27,1.111661121831751,MAP_SCADA,1,0.0001948742619855004
3,UPFC_tsh,5-15,-0.23746584465815873,27,-0.2369556253674602,MAP_SCADA,1,0.000510219290698527
4,UPFC_Vse,5-15,0.05788690302737337,27,0.05781165891457163,MAP_SCADA,1,7.524411280174226e-05
5,UPFC_tse,5-15,-2.118504077446963,27,-2.1195420076682687,MAP_SCADA,1,0.0010379302213059383
0,x_tcsc,1-14,-0.1062730187523376,28,-0.10706081259343138,MAP_SCADA,1,0.0007877938410937729
1,B_svc,2,0.18103079162220884,28,0.17553938300861005,MAP_SCADA,1,0.005491408613598786
2,UPFC_Vsh,5-15,1.1087301109081895,28,1.111661121831751,MAP_SCADA,1,0.0029310109235614057
3,UPFC_tsh,5-15,-0.2389396275716271,28,-0.2369556253674602,MAP_SCADA,1,0.0019840022041668903
4,UPFC_Vse,5-15,0.05792850816793582,28,0.05781165891457163,MAP_SCADA,1,0.00011684925336419294
5,UPFC_tse,5-15,-2.121591180104046,28,-2.1195420076682687,MAP_SCADA,1,0.00204917243577718
0,x_tcsc,1-14,-0.10653628707019851,29,-0.10706081259343138,MAP_SCADA,1,0.0005245255232328716
1,B_svc,2,0.17965508087916948,29,0.17553938300861005,MAP_SCADA,1,0.004115697870559432
2,UPFC_Vsh,5-15,1.1106446052036845,29,1.111661121831751,MAP_SCADA,1,0.001016516628066455
3,UPFC_tsh,5-15,-0.2376731179045099,29,-0.2369556253674602,MAP_SCADA,1,0.0007174925370496965
4,UPFC_Vse,5-15,0.05786677315107843,29,0.05781165891457163,MAP_SCADA,1,5.5114236506802194e-05
5,UPFC_tse,5-15,-2.120222833999159,29,-2.1195420076682687,MAP_SCADA,1,0.0006808263308903939
0,x_tcsc,1-14,-0.10952997111799802,30,-0.10706081259343138,MAP_SCADA,1,0.002469158524566639
1,B_svc,2,0.16919933850561206,30,0.17553938300861005,MAP_SCADA,1,0.0063400445029979935
2,UPFC_Vsh,5-15,1.1127862661947077,30,1.111661121831751,MAP_SCADA,1,0.0011251443629567426
3,UPFC_tsh,5-15,-0.23534976633179824,30,-0.2369556253674602,MAP_SCADA,1,0.0016058590356619606
4,UPFC_Vse,5-15,0.05792238850708715,30,0.05781165891457163,MAP_SCADA,1,0.00011072959251551967
5,UPFC_tse,5-15,-2.1164729451535256,30,-2.1195420076682687,MAP_SCADA,1,0.0030690625147431483
0,x_tcsc,1-14,-0.10715060791579066,31,-0.10706081259343138,MAP_SCADA,1,8.979532235928178e-05
1,B_svc,2,0.17281241655909546,31,0.17553938300861005,MAP_SCADA,1,0.0027269664495145896
2,UPFC_Vsh,5-15,1.1121750737216747,31,1.111661121831751,MAP_SCADA,1,0.0005139518899237583
3,UPFC_tsh,5-15,-0.23612890048767649,31,-0.2369556253674602,MAP_SCADA,1,0.000826724879783719
4,UPFC_Vse,5-15,0.05741113562187503,31,0.05781165891457163,MAP_SCADA,1,0.000400523292696596
5,UPFC_tse,5-15,-2.118555531744554,31,-2.1195420076682687,MAP_SCADA,1,0.0009864759237148135
0,x_tcsc,1-14,-0.10738626062904685,32,-0.10706081259343138,MAP_SCADA,1,0.00032544803561547486
1,B_svc,2,0.17330701774645507,32,0.17553938300861005,MAP_SCADA,1,0.0022323652621549783
2,UPFC_Vsh,5-15,1.1120310826835351,32,1.111661121831751,MAP_SCADA,1,0.00036996085178420124
3,UPFC_tsh,5-15,-0.23617144897870454,32,-0.2369556253674602,MAP_SCADA,1,0.0007841763887556641
4,UPFC_Vse,5-15,0.05687457505896244,32,0.05781165891457163,MAP_SCADA,1,0.0009370838556091859
5,UPFC_tse,5-15,-2.123660023297658,32,-2.1195420076682687,MAP_SCADA,1,0.004118015629389404
0,x_tcsc,1-14,-0.10693539844775564,33,-0.10706081259343138,MAP_SCADA,1,0.0001254141456757396
1,B_svc,2,0.17768917211592447,33,0.17553938300861005,MAP_SCADA,1,0.0021497891073144204
2,UPFC_Vsh,5-15,1.1095148249414561,33,1.111661121831751,MAP_SCADA,1,0.0021462968902947743
3,UPFC_tsh,5-15,-0.2371331944262661,33,-0.2369556253674602,MAP_SCADA,1,0.00017756905880589313
4,UPFC_Vse,5-15,0.05721563919140297,33,0.05781165891457163,MAP_SCADA,1,0.0005960197231686601
5,UPFC_tse,5-15,-2.1196271921111913,33,-2.1195420076682687,MAP_SCADA,1,8.518444292260341e-05
0,x_tcsc,1-14,-0.10687992533692643,34,-0.10706081259343138,MAP_SCADA,1,0.00018088725650494686
1,B_svc,2,0.17401309726872008,34,0.17553938300861005,MAP_SCADA,1,0.001526285739889971
2,UPFC_Vsh,5-15,1.1123769845319478,34,1.111661121831751,MAP_SCADA,1,0.0007158627001968565
3,UPFC_tsh,5-15,-0.23616750209149165,34,-0.2369556253674602,MAP_SCADA,1,0.0007881232759685552
4,UPFC_Vse,5-15,0.05717751357900006,34,0.05781165891457163,MAP_SCADA,1,0.0006341453355715662
5,UPFC_tse,5-15,-2.1212191870108876,34,-2.1195420076682687,MAP_SCADA,1,0.0016771793426189063
0,x_tcsc,1-14,-0.10736731801715636,35,-0.10706081259343138,MAP_SCADA,1,0.00030650542372498424
1,B_svc,2,0.1743344664120881,35,0.17553938300861005,MAP_SCADA,1,0.0012049165965219433
2,UPFC_Vsh,5-15,1.1121640478067782,35,1.111661121831751,MAP_SCADA,1,0.0005029259750273241
3,UPFC_tsh,5-15,-0.23680846597136743,35,-0.2369556253674602,MAP_SCADA,1,0.0001471593960927775
4,UPFC_Vse,5-15,0.057952360550922254,35,0.05781165891457163,MAP_SCADA,1,0.000140701636350625
5,UPFC_tse,5-15,-2.1169531607381513,35,-2.1195420076682687,MAP_SCADA,1,0.0025888469301174055
0,x_tcsc,1-14,-0.10815347514458465,36,-0.10706081259343138,MAP_SCADA,1,0.00109266255115327
1,B_svc,2,0.1710697004082666,36,0.17553938300861005,MAP_SCADA,1,0.004469682600343444
2,UPFC_Vsh,5-15,1.1137240188584057,36,1.111661121831751,MAP_SCADA,1,0.002062897026654742
3,UPFC_tsh,5-15,-0.2358246848062136,36,-0.2369556253674602,MAP_SCADA,1,0.0011309405612466017
4,UPFC_Vse,5-15,0.057245825627543545,36,0.05781165891457163,MAP_SCADA,1,0.0005658332870280836
5,UPFC_tse,5-15,-2.1175965349312516,36,-2.1195420076682687,MAP_SCADA,1,0.0019454727370171732
0,x_tcsc,1-14,-0.10475515592541516,37,-0.10706081259343138,MAP_SCADA,1,0.002305656668016215
1,B_svc,2,0.18309482267944,37,0.17553938300861005,MAP_SCADA,1,0.007555439670829944
2,UPFC_Vsh,5-15,1.1127906253327882,37,1.111661121831751,MAP_SCADA,1,0.0011295035010372434
3,UPFC_tsh,5-15,-0.23802310460401754,37,-0.2369556253674602,MAP_SCADA,1,0.0010674792365573393
4,UPFC_Vse,5-15,0.057431952367715214,37,0.05781165891457163,MAP_SCADA,1,0.0003797065468564148
5,UPFC_tse,5-15,-2.1199405418760775,37,-2.1195420076682687,MAP_SCADA,1,0.00039853420780877613
0,x_tcsc,1-14,-0.10742269392758334,38,-0.10706081259343138,MAP_SCADA,1,0.00036188133415196444
1,B_svc,2,0.1755004971401978,38,0.17553938300861005,MAP_SCADA,1,3.888586841224728e-05
2,UPFC_Vsh,5-15,1.1130201419013812,38,1.111661121831751,MAP_SCADA,1,0.00135902006963029
3,UPFC_tsh,5-15,-0.23693363430979963,38,-0.2369556253674602,MAP_SCADA,1,2.1991057660569746e-05
4,UPFC_Vse,5-15,0.057205520786809703,38,0.05781165891457163,MAP_SCADA,1,0.0006061381277619252
5,UPFC_tse,5-15,-2.1205146025924075,38,-2.1195420076682687,MAP_SCADA,1,0.0009725949241388143
0,x_tcsc,1-14,-0.10641915634401529,39,-0.10706081259343138,MAP_SCADA,1,0.0006416562494160893
1,B_svc,2,0.17958337075122596,39,0.17553938300861005,MAP_SCADA,1,0.004043987742615912
2,UPFC_Vsh,5-15,1.1118914083314206,39,1.111661121831751,MAP_SCADA,1,0.00023028649966971848
3,UPFC_tsh,5-15,-0.23774754611117094,39,-0.2369556253674602,MAP_SCADA,1,0.0007919207437107334
4,UPFC_Vse,5-15,0.057058229476306656,39,0.05781165891457163,MAP_SCADA,1,0.0007534294382649728
5,UPFC_tse,5-15,-2.120243704132217,39,-2.1195420076682687,MAP_SCADA,1,0.0007016964639481316
0,x_tcsc,1-14,-0.10714899839915103,40,-0.10706081259343138,MAP_SCADA,1,8.818580571964829e-05
1,B_svc,2,0.17792801003384645,40,0.17553938300861005,MAP_SCADA,1,0.0023886270252364006
2,UPFC_Vsh,5-15,1.1104977926102153,40,1.111661121831751,MAP_SCADA,1,0.001163329221535614
3,UPFC_tsh,5-15,-0.23778322722768935,40,-0.2369556253674602,MAP_SCADA,1,0.0008276018602291491
4,UPFC_Vse,5-15,0.05763455838128357,40,0.05781165891457163,MAP_SCADA,1,0.00017710053328805903
5,UPFC_tse,5-15,-2.121763490823035,40,-2.1195420076682687,MAP_SCADA,1,0.002221483154766446
0,x_tcsc,1-14,-0.10747628103650513,41,-0.10706081259343138,MAP_SCADA,1,0.00041546844307374653
1,B_svc,2,0.17201780849316667,41,0.17553938300861005,MAP_SCADA,1,0.003521574515443382
2,UPFC_Vsh,5-15,1.1132964947085866,41,1.111661121831751,MAP_SCADA,1,0.0016353728768356834
3,UPFC_tsh,5-15,-0.23655377141994835,41,-0.2369556253674602,MAP_SCADA,1,0.0004018539475118543
4,UPFC_Vse,5-15,0.05694790652530009,41,0.05781165891457163,MAP_SCADA,1,0.000863752389271541
5,UPFC_tse,5-15,-2.115871417344491,41,-2.1195420076682687,MAP_SCADA,1,0.0036705903237779225
0,x_tcsc,1-14,-0.1081257980000313,42,-0.10706081259343138,MAP_SCADA,1,0.0010649854065999248
1,B_svc,2,0.1726483542993937,42,0.17553938300861005,MAP_SCADA,1,0.0028910287092163423
2,UPFC_Vsh,5-15,1.1121568098072536,42,1.111661121831751,MAP_SCADA,1,0.000495687975502701
3,UPFC_tsh,5-15,-0.23570650257828626,42,-0.2369556253674602,MAP_SCADA,1,0.0012491227891739398
4,UPFC_Vse,5-15,0.057391783915916594,42,0.05781165891457163,MAP_SCADA,1,0.0004198749986550343
5,UPFC_tse,5-15,-2.1223150055765987,42,-2.1195420076682687,MAP_SCADA,1,0.002772997908329966
0,x_tcsc,1-14,-0.10919026678444572,43,-0.10706081259343138,MAP_SCADA,1,0.002129454191014346
1,B_svc,2,0.17006330659842472,43,0.17553938300861005,MAP_SCADA,1,0.0054760764101853265
2,UPFC_Vsh,5-15,1.1123500259968075,43,1.111661121831751,MAP_SCADA,1,0.0006889041650566252
3,UPFC_tsh,5-15,-0.23560811988148292,43,-0.2369556253674602,MAP_SCADA,1,0.001347505485977285
4,UPFC_Vse,5-15,0.057593251453399046,43,0.05781165891457163,MAP_SCADA,1,0.00021840746117258308
5,UPFC_tse,5-15,-2.1151039880453184,43,-2.1195420076682687,MAP_SCADA,1,0.004438019622950318
0,x_tcsc,1-14,-0.10530229352998717,44,-0.10706081259343138,MAP_SCADA,1,0.0017585190634442083
1,B_svc,2,0.1829660034812352,44,0.17553938300861005,MAP_SCADA,1,0.007426620472625156
2,UPFC_Vsh,5-15,1.109897014642047,44,1.111661121831751,MAP_SCADA,1,0.0017641071897038785
3,UPFC_tsh,5-15,-0.23859001452834347,44,-0.2369556253674602,MAP_SCADA,1,0.001634389160883265
4,UPFC_Vse,5-15,0.058221711031435495,44,0.05781165891457163,MAP_SCADA,1,0.00041005211686386683
5,UPFC_tse,5-15,-2.116964072987721,44,-2.1195420076682687,MAP_SCADA,1,0.0025779346805476777
0,x_tcsc,1-14,-0.1069256538871445,45,-0.10706081259343138,MAP_SCADA,1,0.00013515870628687254
1,B_svc,2,0.177465266753047,45,0.17553938300861005,MAP_SCADA,1,0.0019258837444369459
2,UPFC_Vsh,5-15,1.1114206874199102,45,1.111661121831751,MAP_SCADA,1,0.00024043441184073977
3,UPFC_tsh,5-15,-0.23689545053861744,45,-0.2369556253674602,MAP_SCADA,1,6.017482884276837e-05
4,UPFC_Vse,5-15,0.057539741316308304,45,0.05781165891457163,MAP_SCADA,1,0.0002719175982633243
5,UPFC_tse,5-15,-2.1171370386148687,45,-2.1195420076682687,MAP_SCADA,1,0.002404969053400041
0,x_tcsc,1-14,-0.10802781666215394,46,-0.10706081259343138,MAP_SCADA,1,0.0009670040687225628
1,B_svc,2,0.1738286788546785,46,0.17553938300861005,MAP_SCADA,1,0.0017107041539315415
2,UPFC_Vsh,5-15,1.11293370639085,46,1.111661121831751,MAP_SCADA,1,0.0012725845590990659
3,UPFC_tsh,5-15,-0.236790719974732,46,-0.2369556253674602,MAP_SCADA,1,0.00016490539272820404
4,UPFC_Vse,5-15,0.057103383298049065,46,0.05781165891457163,MAP_SCADA,1,0.0007082756165225634
5,UPFC_tse,5-15,-2.1179202109526556,46,-2.1195420076682687,MAP_SCADA,1,0.001621796715613133
0,x_tcsc,1-14,-0.10709329858503407,47,-0.10706081259343138,MAP_SCADA,1,3.2485991602687614e-05
1,B_svc,2,0.173253329722418,47,0.17553938300861005,MAP_SCADA,1,0.0022860532861920524
2,UPFC_Vsh,5-15,1.1130769853263658,47,1.111661121831751,MAP_SCADA,1,0.0014158634946148663
3,UPFC_tsh,5-15,-0.23619945386340394,47,-0.2369556253674602,MAP_SCADA,1,0.0007561715040562689
4,UPFC_Vse,5-15,0.05764670213138666,47,0.05781165891457163,MAP_SCADA,1,0.0001649567831849691
5,UPFC_tse,5-15,-2.1178733164843204,47,-2.1195420076682687,MAP_SCADA,1,0.001668691183948301
0,x_tcsc,1-14,-0.10719051328101499,48,-0.10706081259343138,MAP_SCADA,1,0.00012970068758361153
1,B_svc,2,0.17618814701774743,48,0.17553938300861005,MAP_SCADA,1,0.0006487640091373814
2,UPFC_Vsh,5-15,1.1137388699268482,48,1.111661121831751,MAP_SCADA,1,0.0020777480950973093
3,UPFC_tsh,5-15,-0.23554054106717964,48,-0.2369556253674602,MAP_SCADA,1,0.0014150843002805613
4,UPFC_Vse,5-15,0.05692696717314711,48,0.05781165891457163,MAP_SCADA,1,0.000884691741424519
5,UPFC_tse,5-15,-2.118333333343752,48,-2.1195420076682687,MAP_SCADA,1,0.0012086743245167675
0,x_tcsc,1-14,-0.10866601044350763,49,-0.10706081259343138,MAP_SCADA,1,0.0016051978500762482
1,B_svc,2,0.1710053873058158,49,0.17553938300861005,MAP_SCADA,1,0.004533995702794252
2,UPFC_Vsh,5-15,1.1121595017507595,49,1.111661121831751,MAP_SCADA,1,0.0004983799190085847
3,UPFC_tsh,5-15,-0.2359778989630055,49,-0.2369556253674602,MAP_SCADA,1,0.000977726404454704
4,UPFC_Vse,5-15,0.05723723522516479,49,0.05781165891457163,MAP_SCADA,1,0.0005744236894068416
5,UPFC_tse,5-15,-2.1162183015920553,49,-2.1195420076682687,MAP_SCADA,1,0.003323706076213462
0,x_tcsc,1-14,-0.10901937796112277,50,-0.10706081259343138,MAP_SCADA,1,0.0019585653676913867
1,B_svc,2,0.16959306694005918,50,0.17553938300861005,MAP_SCADA,1,0.0059463160685508665
2,UPFC_Vsh,5-15,1.1129934283863259,50,1.111661121831751,MAP_SCADA,1,0.0013323065545749468
3,UPFC_tsh,5-15,-0.23572793347299587,50,-0.2369556253674602,MAP_SCADA,1,0.001227691894464339
4,UPFC_Vse,5-15,0.05764673609842407,50,0.05781165891457163,MAP_SCADA,1,0.00016492281614755716
5,UPFC_tse,5-15,-2.118481715803393,50,-2.1195420076682687,MAP_SCADA,1,0.001060291864875662
0,x_tcsc,1-14,-0.10931226325956275,51,-0.10706081259343138,MAP_SCADA,1,0.0022514506661313743
1,B_svc,2,0.16790873900292247,51,0.17553938300861005,MAP_SCADA,1,0.007630644005687581
2,UPFC_Vsh,5-15,1.1126616705910577,51,1.111661121831751,MAP_SCADA,1,0.0010005487593067741
3,UPFC_tsh,5-15,-0.2364188554805837,51,-0.2369556253674602,MAP_SCADA,1,0.0005367698868765092
4,UPFC_Vse,5-15,0.057683554161929884,51,0.05781165891457163,MAP_SCADA,1,0.00012810475264174448
5,UPFC_tse,5-15,-2.1187258940414506,51,-2.1195420076682687,MAP_SCADA,1,0.0008161136268181046
0,x_tcsc,1-14,-0.10695079648572353,52,-0.10706081259343138,MAP_SCADA,1,0.00011001610770784709
1,B_svc,2,0.17765441432496182,52,0.17553938300861005,MAP_SCADA,1,0.0021150313163517676
2,UPFC_Vsh,5-15,1.1107767750385993,52,1.111661121831751,MAP_SCADA,1,0.0008843467931516358
3,UPFC_tsh,5-15,-0.23801910026457151,52,-0.2369556253674602,MAP_SCADA,1,0.0010634748971113106
4,UPFC_Vse,5-15,0.05789410719761008,52,0.05781165891457163,MAP_SCADA,1,8.244828303845264e-05
5,UPFC_tse,5-15,-2.1180835578894164,52,-2.1195420076682687,MAP_SCADA,1,0.0014584497788523443
0,x_tcsc,1-14,-0.10579999281105353,53,-0.10706081259343138,MAP_SCADA,1,0.0012608197823778533
1,B_svc,2,0.18205396316733946,53,0.17553938300861005,MAP_SCADA,1,0.0065145801587294105
2,UPFC_Vsh,5-15,1.109267996697699,53,1.111661121831751,MAP_SCADA,1,0.0023931251340518767
3,UPFC_tsh,5-15,-0.23819604051412727,53,-0.2369556253674602,MAP_SCADA,1,0.001240415146667062
4,UPFC_Vse,5-15,0.05724544595243886,53,0.05781165891457163,MAP_SCADA,1,0.0005662129621327658
5,UPFC_tse,5-15,-2.1229365299297847,53,-2.1195420076682687,MAP_SCADA,1,0.003394522261515931
0,x_tcsc,1-14,-0.106223577746768,54,-0.10706081259343138,MAP_SCADA,1,0.0008372348466633844
1,B_svc,2,0.17719157491400092,54,0.17553938300861005,MAP_SCADA,1,0.0016521919053908707
2,UPFC_Vsh,5-15,1.111956043609763,54,1.111661121831751,MAP_SCADA,1,0.00029492177801215824
3,UPFC_tsh,5-15,-0.2378113739765671,54,-0.2369556253674602,MAP_SCADA,1,0.0008557486091068933
4,UPFC_Vse,5-15,0.057130967663296575,54,0.05781165891457163,MAP_SCADA,1,0.0006806912512750535
5,UPFC_tse,5-15,-2.12161004485105,54,-2.1195420076682687,MAP_SCADA,1,0.002068037182781257
0,x_tcsc,1-14,-0.1048808287150344,55,-0.10706081259343138,MAP_SCADA,1,0.0021799838783969766
1,B_svc,2,0.18023016762748467,55,0.17553938300861005,MAP_SCADA,1,0.004690784618874622
2,UPFC_Vsh,5-15,1.111015522773831,55,1.111661121831751,MAP_SCADA,1,0.0006455990579199433
3,UPFC_tsh,5-15,-0.2379659931537663,55,-0.2369556253674602,MAP_SCADA,1,0.0010103677863060878
4,UPFC_Vse,5-15,0.05771664330509277,55,0.05781165891457163,MAP_SCADA,1,9.501560947886012e-05
5,UPFC_tse,5-15,-2.1190069084086782,55,-2.1195420076682687,MAP_SCADA,1,0.0005350992595904991
0,x_tcsc,1-14,-0.10573173835744157,56,-0.10706081259343138,MAP_SCADA,1,0.0013290742359898106
1,B_svc,2,0.1817970034926586,56,0.17553938300861005,MAP_SCADA,1,0.006257620484048543
2,UPFC_Vsh,5-15,1.111027770285367,56,1.111661121831751,MAP_SCADA,1,0.0006333515463838868
3,UPFC_tsh,5-15,-0.23812830497551066,56,-0.2369556253674602,MAP_SCADA,1,0.0011726796080504531
4,UPFC_Vse,5-15,0.05736210880287201,56,0.05781165891457163,MAP_SCADA,1,0.0004495501116996217
5,UPFC_tse,5-15,-2.1198983441293033,56,-2.1195420076682687,MAP_SCADA,1,0.00035633646103461203
0,x_tcsc,1-14,-0.10709092763731871,57,-0.10706081259343138,MAP_SCADA,1,3.0115043887335435e-05
1,B_svc,2,0.17484046073839904,57,0.17553938300861005,MAP_SCADA,1,0.0006989222702110109
2,UPFC_Vsh,5-15,1.1133469525661213,57,1.111661121831751,MAP_SCADA,1,0.0016858307343703416
3,UPFC_tsh,5-15,-0.23718555045047204,57,-0.2369556253674602,MAP_SCADA,1,0.00022992508301183934
4,UPFC_Vse,5-15,0.057613084439732426,57,0.05781165891457163,MAP_SCADA,1,0.00019857447483920265
5,UPFC_tse,5-15,-2.1183658311697195,57,-2.1195420076682687,MAP_SCADA,1,0.0011761764985491752
0,x_tcsc,1-14,-0.10714063314851686,58,-0.10706081259343138,MAP_SCADA,1,7.98205550854858e-05
1,B_svc,2,0.17242772742543125,58,0.17553938300861005,MAP_SCADA,1,0.0031116555831788018
2,UPFC_Vsh,5-15,1.1108335546560917,58,1.111661121831751,MAP_SCADA,1,0.0008275671756592384
3,UPFC_tsh,5-15,-0.23746284602796666,58,-0.2369556253674602,MAP_SCADA,1,0.0005072206605064578
4,UPFC_Vse,5-15,0.05689107134771026,58,0.05781165891457163,MAP_SCADA,1,0.0009205875668613708
5,UPFC_tse,5-15,-2.122073449832775,58,-2.1195420076682687,MAP_SCADA,1,0.0025314421645061813
0,x_tcsc,1-14,-0.10523444359924194,59,-0.10706081259343138,MAP_SCADA,1,0.001826368994189434
1,B_svc,2,0.1793597647528677,59,0.17553938300861005,MAP_SCADA,1,0.0038203817442576393
2,UPFC_Vsh,5-15,1.1107857115531186,59,1.111661121831751,MAP_SCADA,1,0.0008754102786323603
3,UPFC_tsh,5-15,-0.23789177797441755,59,-0.2369556253674602,MAP_SCADA,1,0.0009361526069573411
4,UPFC_Vse,5-15,0.05768282997508247,59,0.05781165891457163,MAP_SCADA,1,0.00012882893948915758
5,UPFC_tse,5-15,-2.1181873406560845,59,-2.1195420076682687,MAP_SCADA,1,0.0013546670121842297
0,x_tcsc,1-14,-0.10945176150756852,60,-0.10706081259343138,MAP_SCADA,1,0.002390948914137145
1,B_svc,2,0.16935793383633752,60,0.17553938300861005,MAP_SCADA,1,0.006181449172272535
2,UPFC_Vsh,5-15,1.1139613169432452,60,1.111661121831751,MAP_SCADA,1,0.002300195111494263
3,UPFC_tsh,5-15,-0.23566920134996264,60,-0.2369556253674602,MAP_SCADA,1,0.0012864240174975672
4,UPFC_Vse,5-15,0.05720458411055312,60,0.05781165891457163,MAP_SCADA,1,0.0006070748040185106
5,UPFC_tse,5-15,-2.1149588358461378,60,-2.1195420076682687,MAP_SCADA,1,0.004583171822130971
0,x_tcsc,1-14,-0.10905522365335318,61,-0.10706081259343138,MAP_SCADA,1,0.001994411059921805
1,B_svc,2,0.1703607647786208,61,0.17553938300861005,MAP_SCADA,1,0.005178618229989246
2,UPFC_Vsh,5-15,1.1130767083751107,61,1.111661121831751,MAP_SCADA,1,0.0014155865433598258
3,UPFC_tsh,5-15,-0.23544033055215907,61,-0.2369556253674602,MAP_SCADA,1,0.0015152948153011325
4,UPFC_Vse,5-15,0.057875494250938325,61,0.05781165891457163,MAP_SCADA,1,6.383533636669658e-05
5,UPFC_tse,5-15,-2.1204281948282167,61,-2.1195420076682687,MAP_SCADA,1,0.0008861871599479265
0,x_tcsc,1-14,-0.10733114663304694,62,-0.10706081259343138,MAP_SCADA,1,0.0002703340396155579
1,B_svc,2,0.17367688990675537,62,0.17553938300861005,MAP_SCADA,1,0.0018624931018546842
2,UPFC_Vsh,5-15,1.1121862943112313,62,1.111661121831751,MAP_SCADA,1,0.0005251724794803625
3,UPFC_tsh,5-15,-0.23622970029102125,62,-0.2369556253674602,MAP_SCADA,1,0.0007259250764389547
4,UPFC_Vse,5-15,0.057647980839804165,62,0.05781165891457163,MAP_SCADA,1,0.0001636780747674635
5,UPFC_tse,5-15,-2.1197384212927988,62,-2.1195420076682687,MAP_SCADA,1,0.00019641362453004518
0,x_tcsc,1-14,-0.10940497005741741,63,-0.10706081259343138,MAP_SCADA,1,0.0023441574639860296
1,B_svc,2,0.1726336661398208,63,0.17553938300861005,MAP_SCADA,1,0.0029057168687892376
2,UPFC_Vsh,5-15,1.1087398307270746,63,1.111661121831751,MAP_SCADA,1,0.0029212911046763157
3,UPFC_tsh,5-15,-0.2373871645118825,63,-0.2369556253674602,MAP_SCADA,1,0.00043153914442228825
4,UPFC_Vse,5-15,0.05776814794156133,63,0.05781165891457163,MAP_SCADA,1,4.351097301030088e-05
5,UPFC_tse,5-15,-2.121343863462053,63,-2.1195420076682687,MAP_SCADA,1,0.0018018557937842239
0,x_tcsc,1-14,-0.1046949546236351,64,-0.10706081259343138,MAP_SCADA,1,0.002365857969796284
1,B_svc,2,0.183445376860306,64,0.17553938300861005,MAP_SCADA,1,0.007905993851695936
2,UPFC_Vsh,5-15,1.1131989879091804,64,1.111661121831751,MAP_SCADA,1,0.0015378660774294506
3,UPFC_tsh,5-15,-0.23781862115688623,64,-0.2369556253674602,MAP_SCADA,1,0.0008629957894260298
4,UPFC_Vse,5-15,0.05759710799066543,64,0.05781165891457163,MAP_SCADA,1,0.00021455092390619546
5,UPFC_tse,5-15,-2.1232312397924127,64,-2.1195420076682687,MAP_SCADA,1,0.0036892321241439596
0,x_tcsc,1-14,-0.10787113157761462,65,-0.10706081259343138,MAP_SCADA,1,0.0008103189841832392
1,B_svc,2,0.17266875712225543,65,0.17553938300861005,MAP_SCADA,1,0.0028706258863546164
2,UPFC_Vsh,5-15,1.112803249263745,65,1.111661121831751,MAP_SCADA,1,0.0011421274319940444
3,UPFC_tsh,5-15,-0.23576020759578165,65,-0.2369556253674602,MAP_SCADA,1,0.0011954177716785586
4,UPFC_Vse,5-15,0.05738668038712711,65,0.05781165891457163,MAP_SCADA,1,0.0004249785274445181
5,UPFC_tse,5-15,-2.117628484366634,65,-2.1195420076682687,MAP_SCADA,1,0.0019135233016345232
0,x_tcsc,1-14,-0.10607910744277634,66,-0.10706081259343138,MAP_SCADA,1,0.0009817051506550434
1,B_svc,2,0.1785011070050042,66,0.17553938300861005,MAP_SCADA,1,0.002961723996394161
2,UPFC_Vsh,5-15,1.1122669093630733,66,1.111661121831751,MAP_SCADA,1,0.0006057875313223438
3,UPFC_tsh,5-15,-0.2376299527673899,66,-0.2369556253674602,MAP_SCADA,1,0.0006743273999297028
4,UPFC_Vse,5-15,0.0580228728162041,66,0.05781165891457163,MAP_SCADA,1,0.00021121390163247183
5,UPFC_tse,5-15,-2.11588414783405,66,-2.1195420076682687,MAP_SCADA,1,0.003657859834218513
0,x_tcsc,1-14,-0.10464633199777319,67,-0.10706081259343138,MAP_SCADA,1,0.002414480595658186
1,B_svc,2,0.1819534129198583,67,0.17553938300861005,MAP_SCADA,1,0.006414029911248259
2,UPFC_Vsh,5-15,1.1109878453087363,67,1.111661121831751,MAP_SCADA,1,0.000673276523014632
3,UPFC_tsh,5-15,-0.23816703002760867,67,-0.2369556253674602,MAP_SCADA,1,0.001211404660148463
4,UPFC_Vse,5-15,0.0575155112696389,67,0.05781165891457163,MAP_SCADA,1,0.0002961476449327288
5,UPFC_tse,5-15,-2.1243584023779603,67,-2.1195420076682687,MAP_SCADA,1,0.004816394709691529
0,x_tcsc,1-14,-0.1048884806969986,68,-0.10706081259343138,MAP_SCADA,1,0.002172331896432775
1,B_svc,2,0.18233020135967012,68,0.17553938300861005,MAP_SCADA,1,0.006790818351060074
2,UPFC_Vsh,5-15,1.1126787375375116,68,1.111661121831751,MAP_SCADA,1,0.0010176157057606439
3,UPFC_tsh,5-15,-0.23729777185293432,68,-0.2369556253674602,MAP_SCADA,1,0.00034214648547412074
4,UPFC_Vse,5-15,0.057497301850630324,68,0.05781165891457163,MAP_SCADA,1,0.00031435706394130486
5,UPFC_tse,5-15,-2.117353272936879,68,-2.1195420076682687,MAP_SCADA,1,0.0021887347313898076
0,x_tcsc,1-14,-0.10890222542618458,69,-0.10706081259343138,MAP_SCADA,1,0.0018414128327532003
1,B_svc,2,0.16834420117020463,69,0.17553938300861005,MAP_SCADA,1,0.007195181838405423
2,UPFC_Vsh,5-15,1.1131104914482013,69,1.111661121831751,MAP_SCADA,1,0.0014493696164503689
3,UPFC_tsh,5-15,-0.23620664066360444,69,-0.2369556253674602,MAP_SCADA,1,0.0007489847038557595
4,UPFC_Vse,5-15,0.05712520081716381,69,0.05781165891457163,MAP_SCADA,1,0.0006864580974078188
5,UPFC_tse,5-15,-2.116181775780159,69,-2.1195420076682687,MAP_SCADA,1,0.0033602318881098547
0,x_tcsc,1-14,-0.10783954312107445,70,-0.10706081259343138,MAP_SCADA,1,0.0007787305276430734
1,B_svc,2,0.1738012616177895,70,0.17553938300861005,MAP_SCADA,1,0.0017381213908205517
2,UPFC_Vsh,5-15,1.109946175601687,70,1.111661121831751,MAP_SCADA,1,0.0017149462300638518
3,UPFC_tsh,5-15,-0.2370955958356482,70,-0.2369556253674602,MAP_SCADA,1,0.0001399704681880054
4,UPFC_Vse,5-15,0.057627049096513644,70,0.05781165891457163,MAP_SCADA,1,0.0001846098180579847
5,UPFC_tse,5-15,-2.1202167991094587,70,-2.1195420076682687,MAP_SCADA,1,0.0006747914411899814
0,x_tcsc,1-14,-0.10534847168056283,71,-0.10706081259343138,MAP_SCADA,1,0.0017123409128685513
1,B_svc,2,0.17955172099397773,71,0.17553938300861005,MAP_SCADA,1,0.004012337985367681
2,UPFC_Vsh,5-15,1.1117192574047965,71,1.111661121831751,MAP_SCADA,1,5.8135573045570155e-05
3,UPFC_tsh,5-15,-0.23820653589537907,71,-0.2369556253674602,MAP_SCADA,1,0.0012509105279188693
4,UPFC_Vse,5-15,0.05754757811938391,71,0.05781165891457163,MAP_SCADA,1,0.0002640807951877211
5,UPFC_tse,5-15,-2.121658366823909,71,-2.1195420076682687,MAP_SCADA,1,0.002116359155640346
0,x_tcsc,1-14,-0.10742294616001442,72,-0.10706081259343138,MAP_SCADA,1,0.00036213356658304496
1,B_svc,2,0.17430469223433764,72,0.17553938300861005,MAP_SCADA,1,0.0012346907742724067
2,UPFC_Vsh,5-15,1.1143541824961813,72,1.111661121831751,MAP_SCADA,1,0.0026930606644304245
3,UPFC_tsh,5-15,-0.23620451737193204,72,-0.2369556253674602,MAP_SCADA,1,0.0007511079955281608
4,UPFC_Vse,5-15,0.0572197988624672,72,0.05781165891457163,MAP_SCADA,1,0.0005918600521044315
5,UPFC_tse,5-15,-2.113452791129322,72,-2.1195420076682687,MAP_SCADA,1,0.0060892165389465625
0,x_tcsc,1-14,-0.10922969344645563,73,-0.10706081259343138,MAP_SCADA,1,0.0021688808530242465
1,B_svc,2,0.16525146255622622,73,0.17553938300861005,MAP_SCADA,1,0.01028792045238383
2,UPFC_Vsh,5-15,1.1134568370282656,73,1.111661121831751,MAP_SCADA,1,0.001795715196514669
3,UPFC_tsh,5-15,-0.2356698992780358,73,-0.2369556253674602,MAP_SCADA,1,0.0012857260894243994
4,UPFC_Vse,5-15,0.05714227536138494,73,0.05781165891457163,MAP_SCADA,1,0.0006693835531866865
5,UPFC_tse,5-15,-2.119651091064688,73,-2.1195420076682687,MAP_SCADA,1,0.00010908339641924059
0,x_tcsc,1-14,-0.10431792148953327,74,-0.10706081259343138,MAP_SCADA,1,0.0027428911038981096
1,B_svc,2,0.1811248064659187,74,0.17553938300861005,MAP_SCADA,1,0.005585423457308641
2,UPFC_Vsh,5-15,1.1099430822379803,74,1.111661121831751,MAP_SCADA,1,0.0017180395937705928
3,UPFC_tsh,5-15,-0.23852746172805828,74,-0.2369556253674602,MAP_SCADA,1,0.0015718363605980723
4,UPFC_Vse,5-15,0.05784374657307531,74,0.05781165891457163,MAP_SCADA,1,3.2087658503682226e-05
5,UPFC_tse,5-15,-2.121425096913782,74,-2.1195420076682687,MAP_SCADA,1,0.0018830892455130588
0,x_tcsc,1-14,-0.103353053211812,75,-0.10706081259343138,MAP_SCADA,1,0.00370775938161938
1,B_svc,2,0.18807150083032478,75,0.17553938300861005,MAP_SCADA,1,0.012532117821714733
2,UPFC_Vsh,5-15,1.1111700606315367,75,1.111661121831751,MAP_SCADA,1,0.0004910612002142489
3,UPFC_tsh,5-15,-0.2388301118941401,75,-0.2369556253674602,MAP_SCADA,1,0.0018744865266799027
4,UPFC_Vse,5-15,0.057665588016663855,75,0.05781165891457163,MAP_SCADA,1,0.00014607089790777406
5,UPFC_tse,5-15,-2.123561272171615,75,-2.1195420076682687,MAP_SCADA,1,0.0040192645033463315
0,x_tcsc,1-14,-0.10893838338128896,76,-0.10706081259343138,MAP_SCADA,1,0.0018775707878575798
1,B_svc,2,0.17015960069209635,76,0.17553938300861005,MAP_SCADA,1,0.005379782316513704
2,UPFC_Vsh,5-15,1.1136347042650967,76,1.111661121831751,MAP_SCADA,1,0.0019735824333457774
3,UPFC_tsh,5-15,-0.2356088372004739,76,-0.2369556253674602,MAP_SCADA,1,0.0013467881669863013
4,UPFC_Vse,5-15,0.05739174891156154,76,0.05781165891457163,MAP_SCADA,1,0.00041991000301008774
5,UPFC_tse,5-15,-2.1131298745475315,76,-2.1195420076682687,MAP_SCADA,1,0.0064121331207371846
0,x_tcsc,1-14,-0.10677148640328579,77,-0.10706081259343138,MAP_SCADA,1,0.00028932619014558625
1,B_svc,2,0.17490146294845868,77,0.17553938300861005,MAP_SCADA,1,0.0006379200601513701
2,UPFC_Vsh,5-15,1.1099104962836785,77,1.111661121831751,MAP_SCADA,1,0.001750625548072371
3,UPFC_tsh,5-15,-0.2369514487516909,77,-0.2369556253674602,MAP_SCADA,1,4.176615769291292e-06
4,UPFC_Vse,5-15,0.05773714951810732,77,0.05781165891457163,MAP_SCADA,1,7.450939646430621e-05
5,UPFC_tse,5-15,-2.1166647015932987,77,-2.1195420076682687,MAP_SCADA,1,0.002877306074970054
0,x_tcsc,1-14,-0.10924023694539466,78,-0.10706081259343138,MAP_SCADA,1,0.0021794243519632772
1,B_svc,2,0.17022007529560623,78,0.17553938300861005,MAP_SCADA,1,0.005319307713003818
2,UPFC_Vsh,5-15,1.1133807467142431,78,1.111661121831751,MAP_SCADA,1,0.0017196248824922211
3,UPFC_tsh,5-15,-0.23596645081338674,78,-0.2369556253674602,MAP_SCADA,1,0.000989174554073463
4,UPFC_Vse,5-15,0.05711119384068331,78,0.05781165891457163,MAP_SCADA,1,0.0007004650738883164
5,UPFC_tse,5-15,-2.118052252316137,78,-2.1195420076682687,MAP_SCADA,1,0.0014897553521318052
0,x_tcsc,1-14,-0.10743509187356443,79,-0.10706081259343138,MAP_SCADA,1,0.0003742792801330469
1,B_svc,2,0.17324594257769063,79,0.17553938300861005,MAP_SCADA,1,0.002293440430919419
2,UPFC_Vsh,5-15,1.108719981361768,79,1.111661121831751,MAP_SCADA,1,0.002941140469982839
3,UPFC_tsh,5-15,-0.23807533379593204,79,-0.2369556253674602,MAP_SCADA,1,0.0011197084284718384
4,UPFC_Vse,5-15,0.05754558435882357,79,0.05781165891457163,MAP_SCADA,1,0.0002660745557480568
5,UPFC_tse,5-15,-2.119357535515237,79,-2.1195420076682687,MAP_SCADA,1,0.00018447215303174502
0,x_tcsc,1-14,-0.107329286458181,80,-0.10706081259343138,MAP_SCADA,1,0.0002684738647496243
1,B_svc,2,0.17772680523582715,80,0.17553938300861005,MAP_SCADA,1,0.0021874222272171007
2,UPFC_Vsh,5-15,1.1115344080452432,80,1.111661121831751,MAP_SCADA,1,0.00012671378650774834
3,UPFC_tsh,5-15,-0.23749761612930478,80,-0.2369556253674602,MAP_SCADA,1,0.0005419907618445796
4,UPFC_Vse,5-15,0.05787973421424841,80,0.05781165891457163,MAP_SCADA,1,6.807529967678416e-05
5,UPFC_tse,5-15,-2.11619148161768,80,-2.1195420076682687,MAP_SCADA,1,0.003350526050588609
0,x_tcsc,1-14,-0.10845470603263258,81,-0.10706081259343138,MAP_SCADA,1,0.0013938934392011965
1,B_svc,2,0.17185062316901872,81,0.17553938300861005,MAP_SCADA,1,0.003688759839591327
2,UPFC_Vsh,5-15,1.1136041315982959,81,1.111661121831751,MAP_SCADA,1,0.0019430097665449342
3,UPFC_tsh,5-15,-0.2352518795033683,81,-0.2369556253674602,MAP_SCADA,1,0.0017037458640919156
4,UPFC_Vse,5-15,0.0565316838469432,81,0.05781165891457163,MAP_SCADA,1,0.0012799750676284263
5,UPFC_tse,5-15,-2.121089216774669,81,-2.1195420076682687,MAP_SCADA,1,0.0015472091064001603
0,x_tcsc,1-14,-0.10728363738035555,82,-0.10706081259343138,MAP_SCADA,1,0.00022282478692417507
1,B_svc,2,0.17660953080738076,82,0.17553938300861005,MAP_SCADA,1,0.0010701477987707098
2,UPFC_Vsh,5-15,1.1133363796913327,82,1.111661121831751,MAP_SCADA,1,0.0016752578595817802
3,UPFC_tsh,5-15,-0.23557723587673135,82,-0.2369556253674602,MAP_SCADA,1,0.001378389490728854
4,UPFC_Vse,5-15,0.057052670988737716,82,0.05781165891457163,MAP_SCADA,1,0.0007589879258339122
5,UPFC_tse,5-15,-2.1125245344276045,82,-2.1195420076682687,MAP_SCADA,1,0.007017473240664263
0,x_tcsc,1-14,-0.10704909661563972,83,-0.10706081259343138,MAP_SCADA,1,1.1715977791662557e-05
1,B_svc,2,0.17439535340915538,83,0.17553938300861005,MAP_SCADA,1,0.0011440295994546712
2,UPFC_Vsh,5-15,1.1138189432401893,83,1.111661121831751,MAP_SCADA,1,0.002157821408438343
3,UPFC_tsh,5-15,-0.23591608576235498,83,-0.2369556253674602,MAP_SCADA,1,0.001039539605105222
4,UPFC_Vse,5-15,0.05755680394915602,83,0.05781165891457163,MAP_SCADA,1,0.00025485496541560737
5,UPFC_tse,5-15,-2.1157134403197753,83,-2.1195420076682687,MAP_SCADA,1,0.0038285673484934613
0,x_tcsc,1-14,-0.10676170257170853,84,-0.10706081259343138,MAP_SCADA,1,0.00029911002172285095
1,B_svc,2,0.17690582416355186,84,0.17553938300861005,MAP_SCADA,1,0.0013664411549418054
2,UPFC_Vsh,5-15,1.1119187557480708,84,1.111661121831751,MAP_SCADA,1,0.0002576339163198327
3,UPFC_tsh,5-15,-0.23693835217805137,84,-0.2369556253674602,MAP_SCADA,1,1.7273189408834044e-05
4,UPFC_Vse,5-15,0.05779647132148402,84,0.05781165891457163,MAP_SCADA,1,1.5187593087606643e-05
5,UPFC_tse,5-15,-2.119832423144779,84,-2.1195420076682687,MAP_SCADA,1,0.0002904154765102085
0,x_tcsc,1-14,-0.10433107499372325,85,-0.10706081259343138,MAP_SCADA,1,0.0027297375997081263
1,B_svc,2,0.18503884107302948,85,0.17553938300861005,MAP_SCADA,1,0.00949945806441943
2,UPFC_Vsh,5-15,1.1096490244908552,85,1.111661121831751,MAP_SCADA,1,0.002012097340895691
3,UPFC_tsh,5-15,-0.23908337904595656,85,-0.2369556253674602,MAP_SCADA,1,0.0021277536784963524
4,UPFC_Vse,5-15,0.057711255599064704,85,0.05781165891457163,MAP_SCADA,1,0.00010040331550692505
5,UPFC_tse,5-15,-2.121862773911793,85,-2.1195420076682687,MAP_SCADA,1,0.002320766243524286
0,x_tcsc,1-14,-0.10627085253489142,86,-0.10706081259343138,MAP_SCADA,1,0.0007899600585399569
1,B_svc,2,0.177950381895317,86,0.17553938300861005,MAP_SCADA,1,0.0024109988867069554
2,UPFC_Vsh,5-15,1.1115180763241355,86,1.111661121831751,MAP_SCADA,1,0.00014304550761545798
3,UPFC_tsh,5-15,-0.23679857101651225,86,-0.2369556253674602,MAP_SCADA,1,0.00015705435094795495
4,UPFC_Vse,5-15,0.057956856977195124,86,0.05781165891457163,MAP_SCADA,1,0.00014519806262349583
5,UPFC_tse,5-15,-2.1201205352270294,86,-2.1195420076682687,MAP_SCADA,1,0.0005785275587606442
0,x_tcsc,1-14,-0.10651687940064776,87,-0.10706081259343138,MAP_SCADA,1,0.0005439331927836188
1,B_svc,2,0.18254309035161495,87,0.17553938300861005,MAP_SCADA,1,0.0070037073430049
2,UPFC_Vsh,5-15,1.1098899213950526,87,1.111661121831751,MAP_SCADA,1,0.001771200436698317
3,UPFC_tsh,5-15,-0.23761277738038303,87,-0.2369556253674602,MAP_SCADA,1,0.0006571520129228237
4,UPFC_Vse,5-15,0.0574593173937414,87,0.05781165891457163,MAP_SCADA,1,0.00035234152083022524
5,UPFC_tse,5-15,-2.121138093764339,87,-2.1195420076682687,MAP_SCADA,1,0.001596086096070426
0,x_tcsc,1-14,-0.1056307771781821,88,-0.10706081259343138,MAP_SCADA,1,0.0014300354152492756
1,B_svc,2,0.1824884266434068,88,0.17553938300861005,MAP_SCADA,1,0.006949043634796759
2,UPFC_Vsh,5-15,1.1101963057729272,88,1.111661121831751,MAP_SCADA,1,0.001464816058823759
3,UPFC_tsh,5-15,-0.23763002628571525,88,-0.2369556253674602,MAP_SCADA,1,0.000674400918255047
4,UPFC_Vse,5-15,0.05706675078108499,88,0.05781165891457163,MAP_SCADA,1,0.0007449081334866409
5,UPFC_tse,5-15,-2.1196074179549385,88,-2.1195420076682687,MAP_SCADA,1,6.541028666973148e-05
0,x_tcsc,1-14,-0.1068650757269267,89,-0.10706081259343138,MAP_SCADA,1,0.00019573686650467548
1,B_svc,2,0.17718067164134646,89,0.17553938300861005,MAP_SCADA,1,0.0016412886327364096
2,UPFC_Vsh,5-15,1.1127660092473064,89,1.111661121831751,MAP_SCADA,1,0.0011048874155554778
3,UPFC_tsh,5-15,-0.2373073844773539,89,-0.2369556253674602,MAP_SCADA,1,0.00035175910989368453
4,UPFC_Vse,5-15,0.05689366350326791,89,0.05781165891457163,MAP_SCADA,1,0.0009179954113037181
5,UPFC_tse,5-15,-2.117896080173778,89,-2.1195420076682687,MAP_SCADA,1,0.0016459274944908842
0,x_tcsc,1-14,-0.10699046471291579,90,-0.10706081259343138,MAP_SCADA,1,7.034788051558938e-05
1,B_svc,2,0.17719256344522044,90,0.17553938300861005,MAP_SCADA,1,0.0016531804366103908
2,UPFC_Vsh,5-15,1.109052539356643,90,1.111661121831751,MAP_SCADA,1,0.002608582475107868
3,UPFC_tsh,5-15,-0.23785065622494828,90,-0.2369556253674602,MAP_SCADA,1,0.0008950308574880717
4,UPFC_Vse,5-15,0.05830466828765745,90,0.05781165891457163,MAP_SCADA,1,0.0004930093730858218
5,UPFC_tse,5-15,-2.120107730975188,90,-2.1195420076682687,MAP_SCADA,1,0.0005657233069191747
0,x_tcsc,1-14,-0.10506074381709783,91,-0.10706081259343138,MAP_SCADA,1,0.0020000687763335467
1,B_svc,2,0.18563134723275895,91,0.17553938300861005,MAP_SCADA,1,0.010091964224148903
2,UPFC_Vsh,5-15,1.107344280444785,91,1.111661121831751,MAP_SCADA,1,0.004316841386965864
3,UPFC_tsh,5-15,-0.24009200989541232,91,-0.2369556253674602,MAP_SCADA,1,0.0031363845279521185
4,UPFC_Vse,5-15,0.05745016323994678,91,0.05781165891457163,MAP_SCADA,1,0.00036149567462484544
5,UPFC_tse,5-15,-2.129716491830026,91,-2.1195420076682687,MAP_SCADA,1,0.01017448416175748
0,x_tcsc,1-14,-0.10843316130367997,92,-0.10706081259343138,MAP_SCADA,1,0.0013723487102485915
1,B_svc,2,0.171724517507776,92,0.17553938300861005,MAP_SCADA,1,0.0038148655008340415
2,UPFC_Vsh,5-15,1.1124955617280345,92,1.111661121831751,MAP_SCADA,1,0.000834439896283623
3,UPFC_tsh,5-15,-0.23592061914407508,92,-0.2369556253674602,MAP_SCADA,1,0.001035006223385121
4,UPFC_Vse,5-15,0.05764937454389893,92,0.05781165891457163,MAP_SCADA,1,0.00016228437067269952
5,UPFC_tse,5-15,-2.115887173504994,92,-2.1195420076682687,MAP_SCADA,1,0.003654834163274945
0,x_tcsc,1-14,-0.10527819592613752,93,-0.10706081259343138,MAP_SCADA,1,0.0017826166672938598
1,B_svc,2,0.18394801974922592,93,0.17553938300861005,MAP_SCADA,1,0.008408636740615871
2,UPFC_Vsh,5-15,1.1121927994121752,93,1.111661121831751,MAP_SCADA,1,0.0005316775804242724
3,UPFC_tsh,5-15,-0.23767845269493082,93,-0.2369556253674602,MAP_SCADA,1,0.0007228273274706154
4,UPFC_Vse,5-15,0.05811935876557973,93,0.05781165891457163,MAP_SCADA,1,0.0003076998510080989
5,UPFC_tse,5-15,-2.1160067421541595,93,-2.1195420076682687,MAP_SCADA,1,0.0035352655141092093
0,x_tcsc,1-14,-0.10848267666552323,94,-0.10706081259343138,MAP_SCADA,1,0.0014218640720918552
1,B_svc,2,0.17129404864009537,94,0.17553938300861005,MAP_SCADA,1,0.0042453343685146805
2,UPFC_Vsh,5-15,1.1113930301542858,94,1.111661121831751,MAP_SCADA,1,0.00026809167746510987
3,UPFC_tsh,5-15,-0.2362084475764398,94,-0.2369556253674602,MAP_SCADA,1,0.0007471777910204036
4,UPFC_Vse,5-15,0.057179680241642564,94,0.05781165891457163,MAP_SCADA,1,0.000631978672929065
5,UPFC_tse,5-15,-2.117519973685605,94,-2.1195420076682687,MAP_SCADA,1,0.0020220339826635403
0,x_tcsc,1-14,-0.10609612643226632,95,-0.10706081259343138,MAP_SCADA,1,0.0009646861611650598
1,B_svc,2,0.18034927342603962,95,0.17553938300861005,MAP_SCADA,1,0.004809890417429574
2,UPFC_Vsh,5-15,1.1081572271684876,95,1.111661121831751,MAP_SCADA,1,0.003503894663263285
3,UPFC_tsh,5-15,-0.23896856849243206,95,-0.2369556253674602,MAP_SCADA,1,0.0020129431249718555
4,UPFC_Vse,5-15,0.05827706701732483,95,0.05781165891457163,MAP_SCADA,1,0.00046540810275320227
5,UPFC_tse,5-15,-2.1231450659637763,95,-2.1195420076682687,MAP_SCADA,1,0.003603058295507555
0,x_tcsc,1-14,-0.11072494674634924,96,-0.10706081259343138,MAP_SCADA,1,0.0036641341529178584
1,B_svc,2,0.16382259331556495,96,0.17553938300861005,MAP_SCADA,1,0.011716789693045099
2,UPFC_Vsh,5-15,1.1131482719824068,96,1.111661121831751,MAP_SCADA,1,0.0014871501506559248
3,UPFC_tsh,5-15,-0.23519080502005715,96,-0.2369556253674602,MAP_SCADA,1,0.001764820347403051
4,UPFC_Vse,5-15,0.057372158170830606,96,0.05781165891457163,MAP_SCADA,1,0.00043950074374102255
5,UPFC_tse,5-15,-2.1161767640182254,96,-2.1195420076682687,MAP_SCADA,1,0.0033652436500433147
0,x_tcsc,1-14,-0.10717201549915735,97,-0.10706081259343138,MAP_SCADA,1,0.00011120290572597114
1,B_svc,2,0.17993119020529763,97,0.17553938300861005,MAP_SCADA,1,0.0043918071966875805
2,UPFC_Vsh,5-15,1.1113859768397536,97,1.111661121831751,MAP_SCADA,1,0.00027514499199732256
3,UPFC_tsh,5-15,-0.23733175664322106,97,-0.2369556253674602,MAP_SCADA,1,0.00037613127576086036
4,UPFC_Vse,5-15,0.05756112498967703,97,0.05781165891457163,MAP_SCADA,1,0.00025053392489459564
5,UPFC_tse,5-15,-2.1183860517395594,97,-2.1195420076682687,MAP_SCADA,1,0.001155955928709318
0,x_tcsc,1-14,-0.10794320493711781,98,-0.10706081259343138,MAP_SCADA,1,0.0008823923436864362
1,B_svc,2,0.17594575429682419,98,0.17553938300861005,MAP_SCADA,1,0.0004063712882141357
2,UPFC_Vsh,5-15,1.1139945785284209,98,1.111661121831751,MAP_SCADA,1,0.0023334566966699555
3,UPFC_tsh,5-15,-0.23616473699877685,98,-0.2369556253674602,MAP_SCADA,1,0.0007908883686833512
4,UPFC_Vse,5-15,0.057481413833521275,98,0.05781165891457163,MAP_SCADA,1,0.00033024508105035377
5,UPFC_tse,5-15,-2.1167090690392265,98,-2.1195420076682687,MAP_SCADA,1,0.0028329386290422143
0,x_tcsc,1-14,-0.10549981687781415,99,-0.10706081259343138,MAP_SCADA,1,0.0015609957156172277
1,B_svc,2,0.18435980766770546,99,0.17553938300861005,MAP_SCADA,1,0.00882042465909541
2,UPFC_Vsh,5-15,1.110605632781286,99,1.111661121831751,MAP_SCADA,1,0.0010554890504648196
3,UPFC_tsh,5-15,-0.23879532010179283,99,-0.2369556253674602,MAP_SCADA,1,0.0018396947343326253
4,UPFC_Vse,5-15,0.0585592895290129,99,0.05781165891457163,MAP_SCADA,1,0.0007476306144412748
5,UPFC_tse,5-15,-2.120240844202484,99,-2.1195420076682687,MAP_SCADA,1,0.0006988365342150971
0,x_tcsc,1-14,-0.10671143253086024,0,-0.10819317341787957,MAP_SCADA,3,0.0014817408870193283
1,B_svc,2,0.17853734538277877,0,0.17690161548655275,MAP_SCADA,3,0.0016357298962260125
2,UPFC_Vsh,5-15,1.1109207789140585,0,1.1111651850922628,MAP_SCADA,3,0.000244406178204315
3,UPFC_tsh,5-15,-0.23731745143979585,0,-0.2358406885264805,MAP_SCADA,3,0.0014767629133153604
4,UPFC_Vse,5-15,0.05763375636709128,0,0.05832852764386398,MAP_SCADA,3,0.0006947712767726988
5,UPFC_tse,5-15,-2.121116529035107,0,-2.1215779562533372,MAP_SCADA,3,0.0004614272182301704
0,x_tcsc,1-14,-0.10884679222871829,1,-0.10819317341787957,MAP_SCADA,3,0.0006536188108387242
1,B_svc,2,0.17210654984970408,1,0.17690161548655275,MAP_SCADA,3,0.004795065636848672
2,UPFC_Vsh,5-15,1.1125691339351063,1,1.1111651850922628,MAP_SCADA,3,0.00140394884284345
3,UPFC_tsh,5-15,-0.23614062783557177,1,-0.2358406885264805,MAP_SCADA,3,0.0002999393090912794
4,UPFC_Vse,5-15,0.05726992650712081,1,0.05832852764386398,MAP_SCADA,3,0.0010586011367431716
5,UPFC_tse,5-15,-2.114605669181904,1,-2.1215779562533372,MAP_SCADA,3,0.006972287071433048
0,x_tcsc,1-14,-0.106438597648498,2,-0.10819317341787957,MAP_SCADA,3,0.0017545757693815667
1,B_svc,2,0.17900573324605812,2,0.17690161548655275,MAP_SCADA,3,0.002104117759505364
2,UPFC_Vsh,5-15,1.110557377207309,2,1.1111651850922628,MAP_SCADA,3,0.0006078078849538482
3,UPFC_tsh,5-15,-0.23791607483260863,2,-0.2358406885264805,MAP_SCADA,3,0.0020753863061281352
4,UPFC_Vse,5-15,0.05782458523939781,2,0.05832852764386398,MAP_SCADA,3,0.0005039424044661692
5,UPFC_tse,5-15,-2.121047690115321,2,-2.1215779562533372,MAP_SCADA,3,0.0005302661380164331
0,x_tcsc,1-14,-0.1082485724483868,3,-0.10819317341787957,MAP_SCADA,3,5.539903050723327e-05
1,B_svc,2,0.17084799387894223,3,0.17690161548655275,MAP_SCADA,3,0.0060536216076105265
2,UPFC_Vsh,5-15,1.1133073606530108,3,1.1111651850922628,MAP_SCADA,3,0.0021421755607480275
3,UPFC_tsh,5-15,-0.2352148361230751,3,-0.2358406885264805,MAP_SCADA,3,0.0006258524034054025
4,UPFC_Vse,5-15,0.05744203276710792,3,0.05832852764386398,MAP_SCADA,3,0.0008864948767560582
5,UPFC_tse,5-15,-2.1187469994643453,3,-2.1215779562533372,MAP_SCADA,3,0.002830956788991923
0,x_tcsc,1-14,-0.10589216153963375,4,-0.10819317341787957,MAP_SCADA,3,0.002301011878245815
1,B_svc,2,0.18057721027425636,4,0.17690161548655275,MAP_SCADA,3,0.003675594787703601
2,UPFC_Vsh,5-15,1.1090639373079867,4,1.1111651850922628,MAP_SCADA,3,0.002101247784276117
3,UPFC_tsh,5-15,-0.23901694259159015,4,-0.2358406885264805,MAP_SCADA,3,0.003176254065109657
4,UPFC_Vse,5-15,0.057420897493637865,4,0.05832852764386398,MAP_SCADA,3,0.0009076301502261158
5,UPFC_tse,5-15,-2.1217880216245173,4,-2.1215779562533372,MAP_SCADA,3,0.00021006537118006818
0,x_tcsc,1-14,-0.10962718592320896,5,-0.10819317341787957,MAP_SCADA,3,0.0014340125053293878
1,B_svc,2,0.16734710763118957,5,0.17690161548655275,MAP_SCADA,3,0.009554507855363187
2,UPFC_Vsh,5-15,1.113238663056068,5,1.1111651850922628,MAP_SCADA,3,0.0020734779638051926
3,UPFC_tsh,5-15,-0.2353712142411416,5,-0.2358406885264805,MAP_SCADA,3,0.0004694742853388889
4,UPFC_Vse,5-15,0.05765870072751411,5,0.05832852764386398,MAP_SCADA,3,0.0006698269163498694
5,UPFC_tse,5-15,-2.116604966915444,5,-2.1215779562533372,MAP_SCADA,3,0.004972989337893363
0,x_tcsc,1-14,-0.1072394089863974,6,-0.10819317341787957,MAP_SCADA,3,0.0009537644314821653
1,B_svc,2,0.17505832381110656,6,0.17690161548655275,MAP_SCADA,3,0.0018432916754461959
2,UPFC_Vsh,5-15,1.1134733590139796,6,1.1111651850922628,MAP_SCADA,3,0.002308173921716783
3,UPFC_tsh,5-15,-0.23630289751870623,6,-0.2358406885264805,MAP_SCADA,3,0.00046220899222573775
4,UPFC_Vse,5-15,0.057209379708297675,6,0.05832852764386398,MAP_SCADA,3,0.0011191479355663059
5,UPFC_tse,5-15,-2.118697070191822,6,-2.1215779562533372,MAP_SCADA,3,0.0028808860615150422
0,x_tcsc,1-14,-0.106904312225471,7,-0.10819317341787957,MAP_SCADA,3,0.0012888611924085636
1,B_svc,2,0.17859066157689701,7,0.17690161548655275,MAP_SCADA,3,0.0016890460903442595
2,UPFC_Vsh,5-15,1.1115241542852348,7,1.1111651850922628,MAP_SCADA,3,0.0003589691929719585
3,UPFC_tsh,5-15,-0.23696277691500586,7,-0.2358406885264805,MAP_SCADA,3,0.0011220883885253718
4,UPFC_Vse,5-15,0.05719135020998187,7,0.05832852764386398,MAP_SCADA,3,0.001137177433882114
5,UPFC_tse,5-15,-2.120352712191659,7,-2.1215779562533372,MAP_SCADA,3,0.0012252440616782323
0,x_tcsc,1-14,-0.10584256465175358,8,-0.10819317341787957,MAP_SCADA,3,0.002350608766125986
1,B_svc,2,0.17957565213745705,8,0.17690161548655275,MAP_SCADA,3,0.0026740366509042934
2,UPFC_Vsh,5-15,1.1114213514564535,8,1.1111651850922628,MAP_SCADA,3,0.00025616636419067973
3,UPFC_tsh,5-15,-0.23804470709609643,8,-0.2358406885264805,MAP_SCADA,3,0.0022040185696159398
4,UPFC_Vse,5-15,0.05767086577863096,8,0.05832852764386398,MAP_SCADA,3,0.000657661865233021
5,UPFC_tse,5-15,-2.1195907835996595,8,-2.1215779562533372,MAP_SCADA,3,0.00198717265367776
0,x_tcsc,1-14,-0.10784650785057542,9,-0.10819317341787957,MAP_SCADA,3,0.0003466655673041441
1,B_svc,2,0.17403306430088125,9,0.17690161548655275,MAP_SCADA,3,0.002868551185671503
2,UPFC_Vsh,5-15,1.1136591443971575,9,1.1111651850922628,MAP_SCADA,3,0.0024939593048947106
3,UPFC_tsh,5-15,-0.23540412352425605,9,-0.2358406885264805,MAP_SCADA,3,0.0004365650022244427
4,UPFC_Vse,5-15,0.05764721708836011,9,0.05832852764386398,MAP_SCADA,3,0.0006813105555038695
5,UPFC_tse,5-15,-2.1166377891830908,9,-2.1215779562533372,MAP_SCADA,3,0.004940167070246471
0,x_tcsc,1-14,-0.10843919964143052,10,-0.10819317341787957,MAP_SCADA,3,0.00024602622355095194
1,B_svc,2,0.1733415956284689,10,0.17690161548655275,MAP_SCADA,3,0.0035600198580838516
2,UPFC_Vsh,5-15,1.1120251269562094,10,1.1111651850922628,MAP_SCADA,3,0.0008599418639465561
3,UPFC_tsh,5-15,-0.23596809646704503,10,-0.2358406885264805,MAP_SCADA,3,0.00012740794056453897
4,UPFC_Vse,5-15,0.0564854939523338,10,0.05832852764386398,MAP_SCADA,3,0.0018430336915301812
5,UPFC_tse,5-15,-2.1208915776861685,10,-2.1215779562533372,MAP_SCADA,3,0.0006863785671686884
0,x_tcsc,1-14,-0.10717114851830077,11,-0.10819317341787957,MAP_SCADA,3,0.0010220248995787967
1,B_svc,2,0.17747026057926507,11,0.17690161548655275,MAP_SCADA,3,0.0005686450927123166
2,UPFC_Vsh,5-15,1.1124363488801543,11,1.1111651850922628,MAP_SCADA,3,0.0012711637878914939
3,UPFC_tsh,5-15,-0.23632852993489933,11,-0.2358406885264805,MAP_SCADA,3,0.00048784140841884316
4,UPFC_Vse,5-15,0.05659742194993677,11,0.05832852764386398,MAP_SCADA,3,0.001731105693927211
5,UPFC_tse,5-15,-2.1197408115722536,11,-2.1215779562533372,MAP_SCADA,3,0.0018371446810836467
0,x_tcsc,1-14,-0.10802946345880032,12,-0.10819317341787957,MAP_SCADA,3,0.00016370995907924457
1,B_svc,2,0.17281276942429238,12,0.17690161548655275,MAP_SCADA,3,0.004088846062260371
2,UPFC_Vsh,5-15,1.1130757120421997,12,1.1111651850922628,MAP_SCADA,3,0.0019105269499368749
3,UPFC_tsh,5-15,-0.23632368050223404,12,-0.2358406885264805,MAP_SCADA,3,0.00048299197575354946
4,UPFC_Vse,5-15,0.057571961367978236,12,0.05832852764386398,MAP_SCADA,3,0.000756566275885745
5,UPFC_tse,5-15,-2.1157178822797733,12,-2.1215779562533372,MAP_SCADA,3,0.005860073973563917
0,x_tcsc,1-14,-0.10570316958983077,13,-0.10819317341787957,MAP_SCADA,3,0.0024900038280488007
1,B_svc,2,0.18249973312876458,13,0.17690161548655275,MAP_SCADA,3,0.005598117642211825
2,UPFC_Vsh,5-15,1.1131296050156416,13,1.1111651850922628,MAP_SCADA,3,0.001964419923378813
3,UPFC_tsh,5-15,-0.23783442634788132,13,-0.2358406885264805,MAP_SCADA,3,0.0019937378214008317
4,UPFC_Vse,5-15,0.056484936983598154,13,0.05832852764386398,MAP_SCADA,3,0.0018435906602658272
5,UPFC_tse,5-15,-2.115261398749947,13,-2.1215779562533372,MAP_SCADA,3,0.006316557503390108
0,x_tcsc,1-14,-0.10694923876760283,14,-0.10819317341787957,MAP_SCADA,3,0.0012439346502767373
1,B_svc,2,0.1769041692493913,14,0.17690161548655275,MAP_SCADA,3,2.553762838558571e-06
2,UPFC_Vsh,5-15,1.1121526642391235,14,1.1111651850922628,MAP_SCADA,3,0.0009874791468607036
3,UPFC_tsh,5-15,-0.2370323619370798,14,-0.2358406885264805,MAP_SCADA,3,0.0011916734105993088
4,UPFC_Vse,5-15,0.057139654468352036,14,0.05832852764386398,MAP_SCADA,3,0.0011888731755119453
5,UPFC_tse,5-15,-2.1194773532602125,14,-2.1215779562533372,MAP_SCADA,3,0.002100602993124756
0,x_tcsc,1-14,-0.10869855072993599,15,-0.10819317341787957,MAP_SCADA,3,0.0005053773120564237
1,B_svc,2,0.1722439116589828,15,0.17690161548655275,MAP_SCADA,3,0.004657703827569942
2,UPFC_Vsh,5-15,1.1123269308828758,15,1.1111651850922628,MAP_SCADA,3,0.0011617457906130113
3,UPFC_tsh,5-15,-0.23591736677432862,15,-0.2358406885264805,MAP_SCADA,3,7.66782478481276e-05
4,UPFC_Vse,5-15,0.05746552861625833,15,0.05832852764386398,MAP_SCADA,3,0.0008629990276056501
5,UPFC_tse,5-15,-2.114336762711501,15,-2.1215779562533372,MAP_SCADA,3,0.007241193541836388
0,x_tcsc,1-14,-0.10723509198330802,16,-0.10819317341787957,MAP_SCADA,3,0.0009580814345715449
1,B_svc,2,0.17398967179522495,16,0.17690161548655275,MAP_SCADA,3,0.0029119436913278007
2,UPFC_Vsh,5-15,1.1110458587351355,16,1.1111651850922628,MAP_SCADA,3,0.00011932635712730288
3,UPFC_tsh,5-15,-0.23700163214610448,16,-0.2358406885264805,MAP_SCADA,3,0.0011609436196239886
4,UPFC_Vse,5-15,0.05741412427159274,16,0.05832852764386398,MAP_SCADA,3,0.0009144033722712427
5,UPFC_tse,5-15,-2.115454248723215,16,-2.1215779562533372,MAP_SCADA,3,0.006123707530122147
0,x_tcsc,1-14,-0.11066622826773613,17,-0.10819317341787957,MAP_SCADA,3,0.0024730548498565624
1,B_svc,2,0.17213545326446683,17,0.17690161548655275,MAP_SCADA,3,0.0047661622220859234
2,UPFC_Vsh,5-15,1.1101691119931705,17,1.1111651850922628,MAP_SCADA,3,0.0009960730990923317
3,UPFC_tsh,5-15,-0.23638238289548702,17,-0.2358406885264805,MAP_SCADA,3,0.000541694369006529
4,UPFC_Vse,5-15,0.05704571524866088,17,0.05832852764386398,MAP_SCADA,3,0.0012828123952031006
5,UPFC_tse,5-15,-2.1255108704267474,17,-2.1215779562533372,MAP_SCADA,3,0.003932914173410129
0,x_tcsc,1-14,-0.10647726198792858,18,-0.10819317341787957,MAP_SCADA,3,0.001715911429950992
1,B_svc,2,0.17890991783106908,18,0.17690161548655275,MAP_SCADA,3,0.0020083023445163217
2,UPFC_Vsh,5-15,1.1113916813722353,18,1.1111651850922628,MAP_SCADA,3,0.0002264962799725101
3,UPFC_tsh,5-15,-0.23750430204608403,18,-0.2358406885264805,MAP_SCADA,3,0.001663613519603535
4,UPFC_Vse,5-15,0.0579754917237041,18,0.05832852764386398,MAP_SCADA,3,0.0003530359201598804
5,UPFC_tse,5-15,-2.1210878076752175,18,-2.1215779562533372,MAP_SCADA,3,0.0004901485781196868
0,x_tcsc,1-14,-0.10880064867843024,19,-0.10819317341787957,MAP_SCADA,3,0.0006074752605506745
1,B_svc,2,0.17236500079037237,19,0.17690161548655275,MAP_SCADA,3,0.0045366146961803855
2,UPFC_Vsh,5-15,1.112334763295601,19,1.1111651850922628,MAP_SCADA,3,0.001169578203338295
3,UPFC_tsh,5-15,-0.23575835468156742,19,-0.2358406885264805,MAP_SCADA,3,8.233384491307394e-05
4,UPFC_Vse,5-15,0.057420643843725014,19,0.05832852764386398,MAP_SCADA,3,0.0009078838001389672
5,UPFC_tse,5-15,-2.1197007787621494,19,-2.1215779562533372,MAP_SCADA,3,0.0018771774911878758
0,x_tcsc,1-14,-0.10681796471203604,20,-0.10819317341787957,MAP_SCADA,3,0.0013752087058435253
1,B_svc,2,0.17723798368864258,20,0.17690161548655275,MAP_SCADA,3,0.00033636820208982066
2,UPFC_Vsh,5-15,1.110328466941185,20,1.1111651850922628,MAP_SCADA,3,0.0008367181510777755
3,UPFC_tsh,5-15,-0.2373060069040069,20,-0.2358406885264805,MAP_SCADA,3,0.00146531837752642
4,UPFC_Vse,5-15,0.05749209778155573,20,0.05832852764386398,MAP_SCADA,3,0.0008364298623082522
5,UPFC_tse,5-15,-2.121057456966522,20,-2.1215779562533372,MAP_SCADA,3,0.0005204992868153013
0,x_tcsc,1-14,-0.10640127987977131,21,-0.10819317341787957,MAP_SCADA,3,0.0017918935381082551
1,B_svc,2,0.17706400553147694,21,0.17690161548655275,MAP_SCADA,3,0.00016239004492418774
2,UPFC_Vsh,5-15,1.1123414247957542,21,1.1111651850922628,MAP_SCADA,3,0.001176239703491344
3,UPFC_tsh,5-15,-0.23706487343632154,21,-0.2358406885264805,MAP_SCADA,3,0.0012241849098410529
4,UPFC_Vse,5-15,0.05804808066265128,21,0.05832852764386398,MAP_SCADA,3,0.00028044698121269807
5,UPFC_tse,5-15,-2.1199889860303824,21,-2.1215779562533372,MAP_SCADA,3,0.0015889702229547886
0,x_tcsc,1-14,-0.1076874287003709,22,-0.10819317341787957,MAP_SCADA,3,0.000505744717508666
1,B_svc,2,0.17814371796425674,22,0.17690161548655275,MAP_SCADA,3,0.0012421024777039824
2,UPFC_Vsh,5-15,1.1100397041732075,22,1.1111651850922628,MAP_SCADA,3,0.0011254809190552884
3,UPFC_tsh,5-15,-0.2373992929814906,22,-0.2358406885264805,MAP_SCADA,3,0.0015586044550101041
4,UPFC_Vse,5-15,0.05746102628000953,22,0.05832852764386398,MAP_SCADA,3,0.0008675013638544532
5,UPFC_tse,5-15,-2.1138228571779285,22,-2.1215779562533372,MAP_SCADA,3,0.007755099075408722
0,x_tcsc,1-14,-0.11114173205442038,23,-0.10819317341787957,MAP_SCADA,3,0.00294855863654081
1,B_svc,2,0.16571810927908867,23,0.17690161548655275,MAP_SCADA,3,0.011183506207464083
2,UPFC_Vsh,5-15,1.1102913160967147,23,1.1111651850922628,MAP_SCADA,3,0.0008738689955480883
3,UPFC_tsh,5-15,-0.23612314344192717,23,-0.2358406885264805,MAP_SCADA,3,0.0002824549154466782
4,UPFC_Vse,5-15,0.057828980132338344,23,0.05832852764386398,MAP_SCADA,3,0.0004995475115256373
5,UPFC_tse,5-15,-2.11634907225094,23,-2.1215779562533372,MAP_SCADA,3,0.005228884002397294
0,x_tcsc,1-14,-0.10707298918273737,24,-0.10819317341787957,MAP_SCADA,3,0.0011201842351421937
1,B_svc,2,0.1750844181767696,24,0.17690161548655275,MAP_SCADA,3,0.001817197309783164
2,UPFC_Vsh,5-15,1.1103383294545885,24,1.1111651850922628,MAP_SCADA,3,0.000826855637674262
3,UPFC_tsh,5-15,-0.2373858961720593,24,-0.2358406885264805,MAP_SCADA,3,0.0015452076455788055
4,UPFC_Vse,5-15,0.05783441093683506,24,0.05832852764386398,MAP_SCADA,3,0.0004941167070289243
5,UPFC_tse,5-15,-2.1211963531878606,24,-2.1215779562533372,MAP_SCADA,3,0.00038160306547663225
0,x_tcsc,1-14,-0.10411209146765889,25,-0.10819317341787957,MAP_SCADA,3,0.00408108195022068
1,B_svc,2,0.18207388013521508,25,0.17690161548655275,MAP_SCADA,3,0.005172264648662328
2,UPFC_Vsh,5-15,1.1099508617603815,25,1.1111651850922628,MAP_SCADA,3,0.0012143233318813174
3,UPFC_tsh,5-15,-0.23921976991336424,25,-0.2358406885264805,MAP_SCADA,3,0.0033790813868837533
4,UPFC_Vse,5-15,0.057215626624696495,25,0.05832852764386398,MAP_SCADA,3,0.0011129010191674865
5,UPFC_tse,5-15,-2.1180417750198264,25,-2.1215779562533372,MAP_SCADA,3,0.003536181233510849
0,x_tcsc,1-14,-0.1078001605743693,26,-0.10819317341787957,MAP_SCADA,3,0.00039301284351027366
1,B_svc,2,0.17458128190019787,26,0.17690161548655275,MAP_SCADA,3,0.002320333586354889
2,UPFC_Vsh,5-15,1.113580620074413,26,1.1111651850922628,MAP_SCADA,3,0.002415434982150133
3,UPFC_tsh,5-15,-0.23556159092886747,26,-0.2358406885264805,MAP_SCADA,3,0.00027909759761302055
4,UPFC_Vse,5-15,0.05738429904808282,26,0.05832852764386398,MAP_SCADA,3,0.0009442285957811589
5,UPFC_tse,5-15,-2.116182058227431,26,-2.1215779562533372,MAP_SCADA,3,0.005395898025906121
0,x_tcsc,1-14,-0.10825092537265413,27,-0.10819317341787957,MAP_SCADA,3,5.7751954774559744e-05
1,B_svc,2,0.17430631258970788,27,0.17690161548655275,MAP_SCADA,3,0.00259530289684487
2,UPFC_Vsh,5-15,1.1114662475697654,27,1.1111651850922628,MAP_SCADA,3,0.0003010624775026116
3,UPFC_tsh,5-15,-0.23746584465815873,27,-0.2358406885264805,MAP_SCADA,3,0.0016251561316782404
4,UPFC_Vse,5-15,0.05788690302737337,27,0.05832852764386398,MAP_SCADA,3,0.00044162461649061013
5,UPFC_tse,5-15,-2.118504077446963,27,-2.1215779562533372,MAP_SCADA,3,0.0030738788063744416
0,x_tcsc,1-14,-0.1062730187523376,28,-0.10819317341787957,MAP_SCADA,3,0.0019201546655419621
1,B_svc,2,0.18103079162220884,28,0.17690161548655275,MAP_SCADA,3,0.004129176135656082
2,UPFC_Vsh,5-15,1.1087301109081895,28,1.1111651850922628,MAP_SCADA,3,0.0024350741840732937
3,UPFC_tsh,5-15,-0.2389396275716271,28,-0.2358406885264805,MAP_SCADA,3,0.0030989390451466037
4,UPFC_Vse,5-15,0.05792850816793582,28,0.05832852764386398,MAP_SCADA,3,0.00040001947592815945
5,UPFC_tse,5-15,-2.121591180104046,28,-2.1215779562533372,MAP_SCADA,3,1.3223850708676821e-05
0,x_tcsc,1-14,-0.10653628707019851,29,-0.10819317341787957,MAP_SCADA,3,0.0016568863476810608
1,B_svc,2,0.17965508087916948,29,0.17690161548655275,MAP_SCADA,3,0.0027534653926167274
2,UPFC_Vsh,5-15,1.1106446052036845,29,1.1111651850922628,MAP_SCADA,3,0.000520579888578343
3,UPFC_tsh,5-15,-0.2376731179045099,29,-0.2358406885264805,MAP_SCADA,3,0.0018324293780294099
4,UPFC_Vse,5-15,0.05786677315107843,29,0.05832852764386398,MAP_SCADA,3,0.0004617544927855502
5,UPFC_tse,5-15,-2.120222833999159,29,-2.1215779562533372,MAP_SCADA,3,0.0013551222541781094
0,x_tcsc,1-14,-0.10952997111799802,30,-0.10819317341787957,MAP_SCADA,3,0.00133679770011845
1,B_svc,2,0.16919933850561206,30,0.17690161548655275,MAP_SCADA,3,0.007702276980940698
2,UPFC_Vsh,5-15,1.1127862661947077,30,1.1111651850922628,MAP_SCADA,3,0.0016210811024448546
3,UPFC_tsh,5-15,-0.23534976633179824,30,-0.2358406885264805,MAP_SCADA,3,0.0004909221946822473
4,UPFC_Vse,5-15,0.05792238850708715,30,0.05832852764386398,MAP_SCADA,3,0.0004061391367768327
5,UPFC_tse,5-15,-2.1164729451535256,30,-2.1215779562533372,MAP_SCADA,3,0.005105011099811652
0,x_tcsc,1-14,-0.10715060791579066,31,-0.10819317341787957,MAP_SCADA,3,0.0010425655020889074
1,B_svc,2,0.17281241655909546,31,0.17690161548655275,MAP_SCADA,3,0.004089198927457294
2,UPFC_Vsh,5-15,1.1121750737216747,31,1.1111651850922628,MAP_SCADA,3,0.0010098886294118703
3,UPFC_tsh,5-15,-0.23612890048767649,31,-0.2358406885264805,MAP_SCADA,3,0.00028821196119599435
4,UPFC_Vse,5-15,0.05741113562187503,31,0.05832852764386398,MAP_SCADA,3,0.0009173920219889484
5,UPFC_tse,5-15,-2.118555531744554,31,-2.1215779562533372,MAP_SCADA,3,0.003022424508783317
0,x_tcsc,1-14,-0.10738626062904685,32,-0.10819317341787957,MAP_SCADA,3,0.0008069127888327143
1,B_svc,2,0.17330701774645507,32,0.17690161548655275,MAP_SCADA,3,0.0035945977400976825
2,UPFC_Vsh,5-15,1.1120310826835351,32,1.1111651850922628,MAP_SCADA,3,0.0008658975912723132
3,UPFC_tsh,5-15,-0.23617144897870454,32,-0.2358406885264805,MAP_SCADA,3,0.00033076045222404926
4,UPFC_Vse,5-15,0.05687457505896244,32,0.05832852764386398,MAP_SCADA,3,0.0014539525849015383
5,UPFC_tse,5-15,-2.123660023297658,32,-2.1215779562533372,MAP_SCADA,3,0.002082067044320901
0,x_tcsc,1-14,-0.10693539844775564,33,-0.10819317341787957,MAP_SCADA,3,0.0012577749701239288
1,B_svc,2,0.17768917211592447,33,0.17690161548655275,MAP_SCADA,3,0.0007875566293717162
2,UPFC_Vsh,5-15,1.1095148249414561,33,1.1111651850922628,MAP_SCADA,3,0.0016503601508066623
3,UPFC_tsh,5-15,-0.2371331944262661,33,-0.2358406885264805,MAP_SCADA,3,0.0012925058997856065
4,UPFC_Vse,5-15,0.05721563919140297,33,0.05832852764386398,MAP_SCADA,3,0.0011128884524610125
5,UPFC_tse,5-15,-2.1196271921111913,33,-2.1215779562533372,MAP_SCADA,3,0.0019507641421458999
0,x_tcsc,1-14,-0.10687992533692643,34,-0.10819317341787957,MAP_SCADA,3,0.001313248080953136
1,B_svc,2,0.17401309726872008,34,0.17690161548655275,MAP_SCADA,3,0.002888518217832675
2,UPFC_Vsh,5-15,1.1123769845319478,34,1.1111651850922628,MAP_SCADA,3,0.0012117994396849685
3,UPFC_tsh,5-15,-0.23616750209149165,34,-0.2358406885264805,MAP_SCADA,3,0.0003268135650111581
4,UPFC_Vse,5-15,0.05717751357900006,34,0.05832852764386398,MAP_SCADA,3,0.0011510140648639186
5,UPFC_tse,5-15,-2.1212191870108876,34,-2.1215779562533372,MAP_SCADA,3,0.00035876924244959696
0,x_tcsc,1-14,-0.10736731801715636,35,-0.10819317341787957,MAP_SCADA,3,0.000825855400723205
1,B_svc,2,0.1743344664120881,35,0.17690161548655275,MAP_SCADA,3,0.0025671490744646475
2,UPFC_Vsh,5-15,1.1121640478067782,35,1.1111651850922628,MAP_SCADA,3,0.000998862714515436
3,UPFC_tsh,5-15,-0.23680846597136743,35,-0.2358406885264805,MAP_SCADA,3,0.0009677774448869358
4,UPFC_Vse,5-15,0.057952360550922254,35,0.05832852764386398,MAP_SCADA,3,0.0003761670929417274
5,UPFC_tse,5-15,-2.1169531607381513,35,-2.1215779562533372,MAP_SCADA,3,0.004624795515185909
0,x_tcsc,1-14,-0.10815347514458465,36,-0.10819317341787957,MAP_SCADA,3,3.969827329491915e-05
1,B_svc,2,0.1710697004082666,36,0.17690161548655275,MAP_SCADA,3,0.005831915078286148
2,UPFC_Vsh,5-15,1.1137240188584057,36,1.1111651850922628,MAP_SCADA,3,0.002558833766142854
3,UPFC_tsh,5-15,-0.2358246848062136,36,-0.2358406885264805,MAP_SCADA,3,1.6003720266888344e-05
4,UPFC_Vse,5-15,0.057245825627543545,36,0.05832852764386398,MAP_SCADA,3,0.001082702016320436
5,UPFC_tse,5-15,-2.1175965349312516,36,-2.1215779562533372,MAP_SCADA,3,0.0039814213220856765
0,x_tcsc,1-14,-0.10475515592541516,37,-0.10819317341787957,MAP_SCADA,3,0.003438017492464404
1,B_svc,2,0.18309482267944,37,0.17690161548655275,MAP_SCADA,3,0.00619320719288724
2,UPFC_Vsh,5-15,1.1127906253327882,37,1.1111651850922628,MAP_SCADA,3,0.0016254402405253554
3,UPFC_tsh,5-15,-0.23802310460401754,37,-0.2358406885264805,MAP_SCADA,3,0.0021824160775370527
4,UPFC_Vse,5-15,0.057431952367715214,37,0.05832852764386398,MAP_SCADA,3,0.0008965752761487672
5,UPFC_tse,5-15,-2.1199405418760775,37,-2.1215779562533372,MAP_SCADA,3,0.0016374143772597272
0,x_tcsc,1-14,-0.10742269392758334,38,-0.10819317341787957,MAP_SCADA,3,0.0007704794902962248
1,B_svc,2,0.1755004971401978,38,0.17690161548655275,MAP_SCADA,3,0.0014011183463549515
2,UPFC_Vsh,5-15,1.1130201419013812,38,1.1111651850922628,MAP_SCADA,3,0.001854956809118402
3,UPFC_tsh,5-15,-0.23693363430979963,38,-0.2358406885264805,MAP_SCADA,3,0.0010929457833191436
4,UPFC_Vse,5-15,0.057205520786809703,38,0.05832852764386398,MAP_SCADA,3,0.0011230068570542776
5,UPFC_tse,5-15,-2.1205146025924075,38,-2.1215779562533372,MAP_SCADA,3,0.001063353660929689
0,x_tcsc,1-14,-0.10641915634401529,39,-0.10819317341787957,MAP_SCADA,3,0.0017740170738642785
1,B_svc,2,0.17958337075122596,39,0.17690161548655275,MAP_SCADA,3,0.002681755264673208
2,UPFC_Vsh,5-15,1.1118914083314206,39,1.1111651850922628,MAP_SCADA,3,0.0007262232391578305
3,UPFC_tsh,5-15,-0.23774754611117094,39,-0.2358406885264805,MAP_SCADA,3,0.0019068575846904467
4,UPFC_Vse,5-15,0.057058229476306656,39,0.05832852764386398,MAP_SCADA,3,0.0012702981675573252
5,UPFC_tse,5-15,-2.120243704132217,39,-2.1215779562533372,MAP_SCADA,3,0.0013342521211203717
0,x_tcsc,1-14,-0.10714899839915103,40,-0.10819317341787957,MAP_SCADA,3,0.001044175018728541
1,B_svc,2,0.17792801003384645,40,0.17690161548655275,MAP_SCADA,3,0.0010263945472936964
2,UPFC_Vsh,5-15,1.1104977926102153,40,1.1111651850922628,MAP_SCADA,3,0.0006673924820475019
3,UPFC_tsh,5-15,-0.23778322722768935,40,-0.2358406885264805,MAP_SCADA,3,0.0019425387012088624
4,UPFC_Vse,5-15,0.05763455838128357,40,0.05832852764386398,MAP_SCADA,3,0.0006939692625804114
5,UPFC_tse,5-15,-2.121763490823035,40,-2.1215779562533372,MAP_SCADA,3,0.00018553456969794269
0,x_tcsc,1-14,-0.10747628103650513,41,-0.10819317341787957,MAP_SCADA,3,0.0007168923813744427
1,B_svc,2,0.17201780849316667,41,0.17690161548655275,MAP_SCADA,3,0.004883806993386086
2,UPFC_Vsh,5-15,1.1132964947085866,41,1.1111651850922628,MAP_SCADA,3,0.0021313096163237955
3,UPFC_tsh,5-15,-0.23655377141994835,41,-0.2358406885264805,MAP_SCADA,3,0.000713082893467859
4,UPFC_Vse,5-15,0.05694790652530009,41,0.05832852764386398,MAP_SCADA,3,0.0013806211185638934
5,UPFC_tse,5-15,-2.115871417344491,41,-2.1215779562533372,MAP_SCADA,3,0.005706538908846426
0,x_tcsc,1-14,-0.1081257980000313,42,-0.10819317341787957,MAP_SCADA,3,6.73754178482644e-05
1,B_svc,2,0.1726483542993937,42,0.17690161548655275,MAP_SCADA,3,0.0042532611871590464
2,UPFC_Vsh,5-15,1.1121568098072536,42,1.1111651850922628,MAP_SCADA,3,0.000991624714990813
3,UPFC_tsh,5-15,-0.23570650257828626,42,-0.2358406885264805,MAP_SCADA,3,0.00013418594819422647
4,UPFC_Vse,5-15,0.057391783915916594,42,0.05832852764386398,MAP_SCADA,3,0.0009367437279473867
5,UPFC_tse,5-15,-2.1223150055765987,42,-2.1215779562533372,MAP_SCADA,3,0.0007370493232614628
0,x_tcsc,1-14,-0.10919026678444572,43,-0.10819317341787957,MAP_SCADA,3,0.0009970933665661569
1,B_svc,2,0.17006330659842472,43,0.17690161548655275,MAP_SCADA,3,0.006838308888128031
2,UPFC_Vsh,5-15,1.1123500259968075,43,1.1111651850922628,MAP_SCADA,3,0.0011848409045447372
3,UPFC_tsh,5-15,-0.23560811988148292,43,-0.2358406885264805,MAP_SCADA,3,0.00023256864499757168
4,UPFC_Vse,5-15,0.057593251453399046,43,0.05832852764386398,MAP_SCADA,3,0.0007352761904649355
5,UPFC_tse,5-15,-2.1151039880453184,43,-2.1215779562533372,MAP_SCADA,3,0.006473968208018821
0,x_tcsc,1-14,-0.10530229352998717,44,-0.10819317341787957,MAP_SCADA,3,0.0028908798878923975
1,B_svc,2,0.1829660034812352,44,0.17690161548655275,MAP_SCADA,3,0.006064387994682452
2,UPFC_Vsh,5-15,1.109897014642047,44,1.1111651850922628,MAP_SCADA,3,0.0012681704502157665
3,UPFC_tsh,5-15,-0.23859001452834347,44,-0.2358406885264805,MAP_SCADA,3,0.0027493260018629784
4,UPFC_Vse,5-15,0.058221711031435495,44,0.05832852764386398,MAP_SCADA,3,0.00010681661242848556
5,UPFC_tse,5-15,-2.116964072987721,44,-2.1215779562533372,MAP_SCADA,3,0.004613883265616181
0,x_tcsc,1-14,-0.1069256538871445,45,-0.10819317341787957,MAP_SCADA,3,0.0012675195307350617
1,B_svc,2,0.177465266753047,45,0.17690161548655275,MAP_SCADA,3,0.0005636512664942417
2,UPFC_Vsh,5-15,1.1114206874199102,45,1.1111651850922628,MAP_SCADA,3,0.00025550232764737224
3,UPFC_tsh,5-15,-0.23689545053861744,45,-0.2358406885264805,MAP_SCADA,3,0.001054762012136945
4,UPFC_Vse,5-15,0.057539741316308304,45,0.05832852764386398,MAP_SCADA,3,0.0007887863275556767
5,UPFC_tse,5-15,-2.1171370386148687,45,-2.1215779562533372,MAP_SCADA,3,0.0044409176384685445
0,x_tcsc,1-14,-0.10802781666215394,46,-0.10819317341787957,MAP_SCADA,3,0.00016535675572562636
1,B_svc,2,0.1738286788546785,46,0.17690161548655275,MAP_SCADA,3,0.0030729366318742457
2,UPFC_Vsh,5-15,1.11293370639085,46,1.1111651850922628,MAP_SCADA,3,0.0017685212985871779
3,UPFC_tsh,5-15,-0.236790719974732,46,-0.2358406885264805,MAP_SCADA,3,0.0009500314482515093
4,UPFC_Vse,5-15,0.057103383298049065,46,0.05832852764386398,MAP_SCADA,3,0.0012251443458149158
5,UPFC_tse,5-15,-2.1179202109526556,46,-2.1215779562533372,MAP_SCADA,3,0.0036577453006816363
0,x_tcsc,1-14,-0.10709329858503407,47,-0.10819317341787957,MAP_SCADA,3,0.0010998748328455016
1,B_svc,2,0.173253329722418,47,0.17690161548655275,MAP_SCADA,3,0.0036482857641347566
2,UPFC_Vsh,5-15,1.1130769853263658,47,1.1111651850922628,MAP_SCADA,3,0.0019118002341029783
3,UPFC_tsh,5-15,-0.23619945386340394,47,-0.2358406885264805,MAP_SCADA,3,0.0003587653369234445
4,UPFC_Vse,5-15,0.05764670213138666,47,0.05832852764386398,MAP_SCADA,3,0.0006818255124773215
5,UPFC_tse,5-15,-2.1178733164843204,47,-2.1215779562533372,MAP_SCADA,3,0.0037046397690168043
0,x_tcsc,1-14,-0.10719051328101499,48,-0.10819317341787957,MAP_SCADA,3,0.0010026601368645777
1,B_svc,2,0.17618814701774743,48,0.17690161548655275,MAP_SCADA,3,0.0007134684688053228
2,UPFC_Vsh,5-15,1.1137388699268482,48,1.1111651850922628,MAP_SCADA,3,0.0025736848345854213
3,UPFC_tsh,5-15,-0.23554054106717964,48,-0.2358406885264805,MAP_SCADA,3,0.00030014745930084796
4,UPFC_Vse,5-15,0.05692696717314711,48,0.05832852764386398,MAP_SCADA,3,0.0014015604707168713
5,UPFC_tse,5-15,-2.118333333343752,48,-2.1215779562533372,MAP_SCADA,3,0.0032446229095852708
0,x_tcsc,1-14,-0.10866601044350763,49,-0.10819317341787957,MAP_SCADA,3,0.00047283702562805896
1,B_svc,2,0.1710053873058158,49,0.17690161548655275,MAP_SCADA,3,0.0058962281807369565
2,UPFC_Vsh,5-15,1.1121595017507595,49,1.1111651850922628,MAP_SCADA,3,0.0009943166584966967
3,UPFC_tsh,5-15,-0.2359778989630055,49,-0.2358406885264805,MAP_SCADA,3,0.0001372104365250093
4,UPFC_Vse,5-15,0.05723723522516479,49,0.05832852764386398,MAP_SCADA,3,0.001091292418699194
5,UPFC_tse,5-15,-2.1162183015920553,49,-2.1215779562533372,MAP_SCADA,3,0.005359654661281965
0,x_tcsc,1-14,-0.10901937796112277,50,-0.10819317341787957,MAP_SCADA,3,0.0008262045432431975
1,B_svc,2,0.16959306694005918,50,0.17690161548655275,MAP_SCADA,3,0.007308548546493571
2,UPFC_Vsh,5-15,1.1129934283863259,50,1.1111651850922628,MAP_SCADA,3,0.0018282432940630589
3,UPFC_tsh,5-15,-0.23572793347299587,50,-0.2358406885264805,MAP_SCADA,3,0.00011275505348462556
4,UPFC_Vse,5-15,0.05764673609842407,50,0.05832852764386398,MAP_SCADA,3,0.0006817915454399096
5,UPFC_tse,5-15,-2.118481715803393,50,-2.1215779562533372,MAP_SCADA,3,0.0030962404499441654
0,x_tcsc,1-14,-0.10931226325956275,51,-0.10819317341787957,MAP_SCADA,3,0.0011190898416831851
1,B_svc,2,0.16790873900292247,51,0.17690161548655275,MAP_SCADA,3,0.008992876483630285
2,UPFC_Vsh,5-15,1.1126616705910577,51,1.1111651850922628,MAP_SCADA,3,0.0014964854987948861
3,UPFC_tsh,5-15,-0.2364188554805837,51,-0.2358406885264805,MAP_SCADA,3,0.0005781669541032042
4,UPFC_Vse,5-15,0.057683554161929884,51,0.05832852764386398,MAP_SCADA,3,0.0006449734819340969
5,UPFC_tse,5-15,-2.1187258940414506,51,-2.1215779562533372,MAP_SCADA,3,0.002852062211886608
0,x_tcsc,1-14,-0.10695079648572353,52,-0.10819317341787957,MAP_SCADA,3,0.0012423769321560363
1,B_svc,2,0.17765441432496182,52,0.17690161548655275,MAP_SCADA,3,0.0007527988384090634
2,UPFC_Vsh,5-15,1.1107767750385993,52,1.1111651850922628,MAP_SCADA,3,0.00038841005366352377
3,UPFC_tsh,5-15,-0.23801910026457151,52,-0.2358406885264805,MAP_SCADA,3,0.002178411738091024
4,UPFC_Vse,5-15,0.05789410719761008,52,0.05832852764386398,MAP_SCADA,3,0.00043442044625389975
5,UPFC_tse,5-15,-2.1180835578894164,52,-2.1215779562533372,MAP_SCADA,3,0.0034943983639208476
0,x_tcsc,1-14,-0.10579999281105353,53,-0.10819317341787957,MAP_SCADA,3,0.0023931806068260425
1,B_svc,2,0.18205396316733946,53,0.17690161548655275,MAP_SCADA,3,0.005152347680786706
2,UPFC_Vsh,5-15,1.109267996697699,53,1.1111651850922628,MAP_SCADA,3,0.0018971883945637646
3,UPFC_tsh,5-15,-0.23819604051412727,53,-0.2358406885264805,MAP_SCADA,3,0.0023553519876467754
4,UPFC_Vse,5-15,0.05724544595243886,53,0.05832852764386398,MAP_SCADA,3,0.0010830816914251182
5,UPFC_tse,5-15,-2.1229365299297847,53,-2.1215779562533372,MAP_SCADA,3,0.0013585736764474277
0,x_tcsc,1-14,-0.106223577746768,54,-0.10819317341787957,MAP_SCADA,3,0.0019695956711115736
1,B_svc,2,0.17719157491400092,54,0.17690161548655275,MAP_SCADA,3,0.0002899594274481665
2,UPFC_Vsh,5-15,1.111956043609763,54,1.1111651850922628,MAP_SCADA,3,0.0007908585175002703
3,UPFC_tsh,5-15,-0.2378113739765671,54,-0.2358406885264805,MAP_SCADA,3,0.0019706854500866067
4,UPFC_Vse,5-15,0.057130967663296575,54,0.05832852764386398,MAP_SCADA,3,0.0011975599805674059
5,UPFC_tse,5-15,-2.12161004485105,54,-2.1215779562533372,MAP_SCADA,3,3.208859771275385e-05
0,x_tcsc,1-14,-0.1048808287150344,55,-0.10819317341787957,MAP_SCADA,3,0.003312344702845166
1,B_svc,2,0.18023016762748467,55,0.17690161548655275,MAP_SCADA,3,0.0033285521409319174
2,UPFC_Vsh,5-15,1.111015522773831,55,1.1111651850922628,MAP_SCADA,3,0.0001496623184318313
3,UPFC_tsh,5-15,-0.2379659931537663,55,-0.2358406885264805,MAP_SCADA,3,0.002125304627285801
4,UPFC_Vse,5-15,0.05771664330509277,55,0.05832852764386398,MAP_SCADA,3,0.0006118843387712125
5,UPFC_tse,5-15,-2.1190069084086782,55,-2.1215779562533372,MAP_SCADA,3,0.0025710478446590024
0,x_tcsc,1-14,-0.10573173835744157,56,-0.10819317341787957,MAP_SCADA,3,0.0024614350604379998
1,B_svc,2,0.1817970034926586,56,0.17690161548655275,MAP_SCADA,3,0.004895388006105839
2,UPFC_Vsh,5-15,1.111027770285367,56,1.1111651850922628,MAP_SCADA,3,0.0001374148068957748
3,UPFC_tsh,5-15,-0.23812830497551066,56,-0.2358406885264805,MAP_SCADA,3,0.0022876164490301665
4,UPFC_Vse,5-15,0.05736210880287201,56,0.05832852764386398,MAP_SCADA,3,0.0009664188409919741
5,UPFC_tse,5-15,-2.1198983441293033,56,-2.1215779562533372,MAP_SCADA,3,0.0016796121240338913
0,x_tcsc,1-14,-0.10709092763731871,57,-0.10819317341787957,MAP_SCADA,3,0.0011022457805608538
1,B_svc,2,0.17484046073839904,57,0.17690161548655275,MAP_SCADA,3,0.002061154748153715
2,UPFC_Vsh,5-15,1.1133469525661213,57,1.1111651850922628,MAP_SCADA,3,0.0021817674738584536
3,UPFC_tsh,5-15,-0.23718555045047204,57,-0.2358406885264805,MAP_SCADA,3,0.0013448619239915527
4,UPFC_Vse,5-15,0.057613084439732426,57,0.05832852764386398,MAP_SCADA,3,0.000715443204131555
5,UPFC_tse,5-15,-2.1183658311697195,57,-2.1215779562533372,MAP_SCADA,3,0.0032121250836176785
0,x_tcsc,1-14,-0.10714063314851686,58,-0.10819317341787957,MAP_SCADA,3,0.0010525402693627034
1,B_svc,2,0.17242772742543125,58,0.17690161548655275,MAP_SCADA,3,0.004473888061121506
2,UPFC_Vsh,5-15,1.1108335546560917,58,1.1111651850922628,MAP_SCADA,3,0.0003316304361711264
3,UPFC_tsh,5-15,-0.23746284602796666,58,-0.2358406885264805,MAP_SCADA,3,0.001622157501486171
4,UPFC_Vse,5-15,0.05689107134771026,58,0.05832852764386398,MAP_SCADA,3,0.0014374562961537232
5,UPFC_tse,5-15,-2.122073449832775,58,-2.1215779562533372,MAP_SCADA,3,0.000495493579437678
0,x_tcsc,1-14,-0.10523444359924194,59,-0.10819317341787957,MAP_SCADA,3,0.002958729818637623
1,B_svc,2,0.1793597647528677,59,0.17690161548655275,MAP_SCADA,3,0.002458149266314935
2,UPFC_Vsh,5-15,1.1107857115531186,59,1.1111651850922628,MAP_SCADA,3,0.0003794735391442483
3,UPFC_tsh,5-15,-0.23789177797441755,59,-0.2358406885264805,MAP_SCADA,3,0.0020510894479370545
4,UPFC_Vse,5-15,0.05768282997508247,59,0.05832852764386398,MAP_SCADA,3,0.00064569766878151
5,UPFC_tse,5-15,-2.1181873406560845,59,-2.1215779562533372,MAP_SCADA,3,0.003390615597252733
0,x_tcsc,1-14,-0.10945176150756852,60,-0.10819317341787957,MAP_SCADA,3,0.0012585880896889556
1,B_svc,2,0.16935793383633752,60,0.17690161548655275,MAP_SCADA,3,0.007543681650215239
2,UPFC_Vsh,5-15,1.1139613169432452,60,1.1111651850922628,MAP_SCADA,3,0.002796131850982375
3,UPFC_tsh,5-15,-0.23566920134996264,60,-0.2358406885264805,MAP_SCADA,3,0.00017148717651785383
4,UPFC_Vse,5-15,0.05720458411055312,60,0.05832852764386398,MAP_SCADA,3,0.001123943533310863
5,UPFC_tse,5-15,-2.1149588358461378,60,-2.1215779562533372,MAP_SCADA,3,0.006619120407199475
0,x_tcsc,1-14,-0.10905522365335318,61,-0.10819317341787957,MAP_SCADA,3,0.0008620502354736159
1,B_svc,2,0.1703607647786208,61,0.17690161548655275,MAP_SCADA,3,0.00654085070793195
2,UPFC_Vsh,5-15,1.1130767083751107,61,1.1111651850922628,MAP_SCADA,3,0.0019115232828479378
3,UPFC_tsh,5-15,-0.23544033055215907,61,-0.2358406885264805,MAP_SCADA,3,0.0004003579743214192
4,UPFC_Vse,5-15,0.057875494250938325,61,0.05832852764386398,MAP_SCADA,3,0.0004530333929256558
5,UPFC_tse,5-15,-2.1204281948282167,61,-2.1215779562533372,MAP_SCADA,3,0.0011497614251205768
0,x_tcsc,1-14,-0.10733114663304694,62,-0.10819317341787957,MAP_SCADA,3,0.0008620267848326313
1,B_svc,2,0.17367688990675537,62,0.17690161548655275,MAP_SCADA,3,0.0032247255797973884
2,UPFC_Vsh,5-15,1.1121862943112313,62,1.1111651850922628,MAP_SCADA,3,0.0010211092189684745
3,UPFC_tsh,5-15,-0.23622970029102125,62,-0.2358406885264805,MAP_SCADA,3,0.0003890117645407587
4,UPFC_Vse,5-15,0.057647980839804165,62,0.05832852764386398,MAP_SCADA,3,0.0006805468040598159
5,UPFC_tse,5-15,-2.1197384212927988,62,-2.1215779562533372,MAP_SCADA,3,0.001839534960538458
0,x_tcsc,1-14,-0.10940497005741741,63,-0.10819317341787957,MAP_SCADA,3,0.0012117966395378404
1,B_svc,2,0.1726336661398208,63,0.17690161548655275,MAP_SCADA,3,0.004267949346731942
2,UPFC_Vsh,5-15,1.1087398307270746,63,1.1111651850922628,MAP_SCADA,3,0.0024253543651882037
3,UPFC_tsh,5-15,-0.2373871645118825,63,-0.2358406885264805,MAP_SCADA,3,0.0015464759854020016
4,UPFC_Vse,5-15,0.05776814794156133,63,0.05832852764386398,MAP_SCADA,3,0.0005603797023026533
5,UPFC_tse,5-15,-2.121343863462053,63,-2.1215779562533372,MAP_SCADA,3,0.0002340927912842794
0,x_tcsc,1-14,-0.1046949546236351,64,-0.10819317341787957,MAP_SCADA,3,0.003498218794244473
1,B_svc,2,0.183445376860306,64,0.17690161548655275,MAP_SCADA,3,0.006543761373753232
2,UPFC_Vsh,5-15,1.1131989879091804,64,1.1111651850922628,MAP_SCADA,3,0.0020338028169175626
3,UPFC_tsh,5-15,-0.23781862115688623,64,-0.2358406885264805,MAP_SCADA,3,0.001977932630405743
4,UPFC_Vse,5-15,0.05759710799066543,64,0.05832852764386398,MAP_SCADA,3,0.0007314196531985478
5,UPFC_tse,5-15,-2.1232312397924127,64,-2.1215779562533372,MAP_SCADA,3,0.0016532835390754563
0,x_tcsc,1-14,-0.10787113157761462,65,-0.10819317341787957,MAP_SCADA,3,0.00032204184026495
1,B_svc,2,0.17266875712225543,65,0.17690161548655275,MAP_SCADA,3,0.0042328583642973205
2,UPFC_Vsh,5-15,1.112803249263745,65,1.1111651850922628,MAP_SCADA,3,0.0016380641714821564
3,UPFC_tsh,5-15,-0.23576020759578165,65,-0.2358406885264805,MAP_SCADA,3,8.048093069884521e-05
4,UPFC_Vse,5-15,0.05738668038712711,65,0.05832852764386398,MAP_SCADA,3,0.0009418472567368705
5,UPFC_tse,5-15,-2.117628484366634,65,-2.1215779562533372,MAP_SCADA,3,0.0039494718867030265
0,x_tcsc,1-14,-0.10607910744277634,66,-0.10819317341787957,MAP_SCADA,3,0.0021140659751032326
1,B_svc,2,0.1785011070050042,66,0.17690161548655275,MAP_SCADA,3,0.0015994915184514569
2,UPFC_Vsh,5-15,1.1122669093630733,66,1.1111651850922628,MAP_SCADA,3,0.0011017242708104558
3,UPFC_tsh,5-15,-0.2376299527673899,66,-0.2358406885264805,MAP_SCADA,3,0.0017892642409094162
4,UPFC_Vse,5-15,0.0580228728162041,66,0.05832852764386398,MAP_SCADA,3,0.00030565482765988056
5,UPFC_tse,5-15,-2.11588414783405,66,-2.1215779562533372,MAP_SCADA,3,0.005693808419287016
0,x_tcsc,1-14,-0.10464633199777319,67,-0.10819317341787957,MAP_SCADA,3,0.0035468414201063753
1,B_svc,2,0.1819534129198583,67,0.17690161548655275,MAP_SCADA,3,0.005051797433305555
2,UPFC_Vsh,5-15,1.1109878453087363,67,1.1111651850922628,MAP_SCADA,3,0.00017733978352652002
3,UPFC_tsh,5-15,-0.23816703002760867,67,-0.2358406885264805,MAP_SCADA,3,0.0023263415011281763
4,UPFC_Vse,5-15,0.0575155112696389,67,0.05832852764386398,MAP_SCADA,3,0.0008130163742250812
5,UPFC_tse,5-15,-2.1243584023779603,67,-2.1215779562533372,MAP_SCADA,3,0.002780446124623026
0,x_tcsc,1-14,-0.1048884806969986,68,-0.10819317341787957,MAP_SCADA,3,0.003304692720880964
1,B_svc,2,0.18233020135967012,68,0.17690161548655275,MAP_SCADA,3,0.00542858587311737
2,UPFC_Vsh,5-15,1.1126787375375116,68,1.1111651850922628,MAP_SCADA,3,0.0015135524452487559
3,UPFC_tsh,5-15,-0.23729777185293432,68,-0.2358406885264805,MAP_SCADA,3,0.001457083326453834
4,UPFC_Vse,5-15,0.057497301850630324,68,0.05832852764386398,MAP_SCADA,3,0.0008312257932336573
5,UPFC_tse,5-15,-2.117353272936879,68,-2.1215779562533372,MAP_SCADA,3,0.004224683316458311
0,x_tcsc,1-14,-0.10890222542618458,69,-0.10819317341787957,MAP_SCADA,3,0.0007090520083050111
1,B_svc,2,0.16834420117020463,69,0.17690161548655275,MAP_SCADA,3,0.008557414316348128
2,UPFC_Vsh,5-15,1.1131104914482013,69,1.1111651850922628,MAP_SCADA,3,0.0019453063559384809
3,UPFC_tsh,5-15,-0.23620664066360444,69,-0.2358406885264805,MAP_SCADA,3,0.0003659521371239538
4,UPFC_Vse,5-15,0.05712520081716381,69,0.05832852764386398,MAP_SCADA,3,0.0012033268267001712
5,UPFC_tse,5-15,-2.116181775780159,69,-2.1215779562533372,MAP_SCADA,3,0.005396180473178358
0,x_tcsc,1-14,-0.10783954312107445,70,-0.10819317341787957,MAP_SCADA,3,0.0003536302968051158
1,B_svc,2,0.1738012616177895,70,0.17690161548655275,MAP_SCADA,3,0.003100353868763256
2,UPFC_Vsh,5-15,1.109946175601687,70,1.1111651850922628,MAP_SCADA,3,0.0012190094905757398
3,UPFC_tsh,5-15,-0.2370955958356482,70,-0.2358406885264805,MAP_SCADA,3,0.0012549073091677188
4,UPFC_Vse,5-15,0.057627049096513644,70,0.05832852764386398,MAP_SCADA,3,0.0007014785473503371
5,UPFC_tse,5-15,-2.1202167991094587,70,-2.1215779562533372,MAP_SCADA,3,0.001361157143878522
0,x_tcsc,1-14,-0.10534847168056283,71,-0.10819317341787957,MAP_SCADA,3,0.0028447017373167405
1,B_svc,2,0.17955172099397773,71,0.17690161548655275,MAP_SCADA,3,0.002650105507424977
2,UPFC_Vsh,5-15,1.1117192574047965,71,1.1111651850922628,MAP_SCADA,3,0.0005540723125336822
3,UPFC_tsh,5-15,-0.23820653589537907,71,-0.2358406885264805,MAP_SCADA,3,0.0023658473688985826
4,UPFC_Vse,5-15,0.05754757811938391,71,0.05832852764386398,MAP_SCADA,3,0.0007809495244800735
5,UPFC_tse,5-15,-2.121658366823909,71,-2.1215779562533372,MAP_SCADA,3,8.041057057184275e-05
0,x_tcsc,1-14,-0.10742294616001442,72,-0.10819317341787957,MAP_SCADA,3,0.0007702272578651442
1,B_svc,2,0.17430469223433764,72,0.17690161548655275,MAP_SCADA,3,0.002596923252215111
2,UPFC_Vsh,5-15,1.1143541824961813,72,1.1111651850922628,MAP_SCADA,3,0.0031889974039185365
3,UPFC_tsh,5-15,-0.23620451737193204,72,-0.2358406885264805,MAP_SCADA,3,0.0003638288454515526
4,UPFC_Vse,5-15,0.0572197988624672,72,0.05832852764386398,MAP_SCADA,3,0.0011087287813967839
5,UPFC_tse,5-15,-2.113452791129322,72,-2.1215779562533372,MAP_SCADA,3,0.008125165124015066
0,x_tcsc,1-14,-0.10922969344645563,73,-0.10819317341787957,MAP_SCADA,3,0.0010365200285760573
1,B_svc,2,0.16525146255622622,73,0.17690161548655275,MAP_SCADA,3,0.011650152930326535
2,UPFC_Vsh,5-15,1.1134568370282656,73,1.1111651850922628,MAP_SCADA,3,0.002291651936002781
3,UPFC_tsh,5-15,-0.2356698992780358,73,-0.2358406885264805,MAP_SCADA,3,0.00017078924844468601
4,UPFC_Vse,5-15,0.05714227536138494,73,0.05832852764386398,MAP_SCADA,3,0.001186252282479039
5,UPFC_tse,5-15,-2.119651091064688,73,-2.1215779562533372,MAP_SCADA,3,0.0019268651886492627
0,x_tcsc,1-14,-0.10431792148953327,74,-0.10819317341787957,MAP_SCADA,3,0.003875251928346299
1,B_svc,2,0.1811248064659187,74,0.17690161548655275,MAP_SCADA,3,0.004223190979365937
2,UPFC_Vsh,5-15,1.1099430822379803,74,1.1111651850922628,MAP_SCADA,3,0.0012221028542824808
3,UPFC_tsh,5-15,-0.23852746172805828,74,-0.2358406885264805,MAP_SCADA,3,0.0026867732015777857
4,UPFC_Vse,5-15,0.05784374657307531,74,0.05832852764386398,MAP_SCADA,3,0.00048478107078867017
5,UPFC_tse,5-15,-2.121425096913782,74,-2.1215779562533372,MAP_SCADA,3,0.0001528593395554445
0,x_tcsc,1-14,-0.103353053211812,75,-0.10819317341787957,MAP_SCADA,3,0.004840120206067569
1,B_svc,2,0.18807150083032478,75,0.17690161548655275,MAP_SCADA,3,0.011169885343772029
2,UPFC_Vsh,5-15,1.1111700606315367,75,1.1111651850922628,MAP_SCADA,3,4.875539273863083e-06
3,UPFC_tsh,5-15,-0.2388301118941401,75,-0.2358406885264805,MAP_SCADA,3,0.002989423367659616
4,UPFC_Vse,5-15,0.057665588016663855,75,0.05832852764386398,MAP_SCADA,3,0.0006629396272001264
5,UPFC_tse,5-15,-2.123561272171615,75,-2.1215779562533372,MAP_SCADA,3,0.001983315918277828
0,x_tcsc,1-14,-0.10893838338128896,76,-0.10819317341787957,MAP_SCADA,3,0.0007452099634093906
1,B_svc,2,0.17015960069209635,76,0.17690161548655275,MAP_SCADA,3,0.006742014794456408
2,UPFC_Vsh,5-15,1.1136347042650967,76,1.1111651850922628,MAP_SCADA,3,0.0024695191728338894
3,UPFC_tsh,5-15,-0.2356088372004739,76,-0.2358406885264805,MAP_SCADA,3,0.00023185132600658798
4,UPFC_Vse,5-15,0.05739174891156154,76,0.05832852764386398,MAP_SCADA,3,0.0009367787323024401
5,UPFC_tse,5-15,-2.1131298745475315,76,-2.1215779562533372,MAP_SCADA,3,0.008448081705805688
0,x_tcsc,1-14,-0.10677148640328579,77,-0.10819317341787957,MAP_SCADA,3,0.0014216870145937754
1,B_svc,2,0.17490146294845868,77,0.17690161548655275,MAP_SCADA,3,0.0020001525380940743
2,UPFC_Vsh,5-15,1.1099104962836785,77,1.1111651850922628,MAP_SCADA,3,0.001254688808584259
3,UPFC_tsh,5-15,-0.2369514487516909,77,-0.2358406885264805,MAP_SCADA,3,0.001110760225210422
4,UPFC_Vse,5-15,0.05773714951810732,77,0.05832852764386398,MAP_SCADA,3,0.0005913781257566586
5,UPFC_tse,5-15,-2.1166647015932987,77,-2.1215779562533372,MAP_SCADA,3,0.004913254660038557
0,x_tcsc,1-14,-0.10924023694539466,78,-0.10819317341787957,MAP_SCADA,3,0.001047063527515088
1,B_svc,2,0.17022007529560623,78,0.17690161548655275,MAP_SCADA,3,0.006681540190946522
2,UPFC_Vsh,5-15,1.1133807467142431,78,1.1111651850922628,MAP_SCADA,3,0.002215561621980333
3,UPFC_tsh,5-15,-0.23596645081338674,78,-0.2358406885264805,MAP_SCADA,3,0.00012576228690625024
4,UPFC_Vse,5-15,0.05711119384068331,78,0.05832852764386398,MAP_SCADA,3,0.0012173338031806688
5,UPFC_tse,5-15,-2.118052252316137,78,-2.1215779562533372,MAP_SCADA,3,0.0035257039372003085
0,x_tcsc,1-14,-0.10743509187356443,79,-0.10819317341787957,MAP_SCADA,3,0.0007580815443151423
1,B_svc,2,0.17324594257769063,79,0.17690161548655275,MAP_SCADA,3,0.003655672908862123
2,UPFC_Vsh,5-15,1.108719981361768,79,1.1111651850922628,MAP_SCADA,3,0.002445203730494727
3,UPFC_tsh,5-15,-0.23807533379593204,79,-0.2358406885264805,MAP_SCADA,3,0.0022346452694515517
4,UPFC_Vse,5-15,0.05754558435882357,79,0.05832852764386398,MAP_SCADA,3,0.0007829432850404092
5,UPFC_tse,5-15,-2.119357535515237,79,-2.1215779562533372,MAP_SCADA,3,0.0022204207381002483
0,x_tcsc,1-14,-0.107329286458181,80,-0.10819317341787957,MAP_SCADA,3,0.0008638869596985649
1,B_svc,2,0.17772680523582715,80,0.17690161548655275,MAP_SCADA,3,0.0008251897492743965
2,UPFC_Vsh,5-15,1.1115344080452432,80,1.1111651850922628,MAP_SCADA,3,0.00036922295298036367
3,UPFC_tsh,5-15,-0.23749761612930478,80,-0.2358406885264805,MAP_SCADA,3,0.001656927602824293
4,UPFC_Vse,5-15,0.05787973421424841,80,0.05832852764386398,MAP_SCADA,3,0.00044879342961556823
5,UPFC_tse,5-15,-2.11619148161768,80,-2.1215779562533372,MAP_SCADA,3,0.0053864746356571125
0,x_tcsc,1-14,-0.10845470603263258,81,-0.10819317341787957,MAP_SCADA,3,0.00026153261475300726
1,B_svc,2,0.17185062316901872,81,0.17690161548655275,MAP_SCADA,3,0.005050992317534031
2,UPFC_Vsh,5-15,1.1136041315982959,81,1.1111651850922628,MAP_SCADA,3,0.002438946506033046
3,UPFC_tsh,5-15,-0.2352518795033683,81,-0.2358406885264805,MAP_SCADA,3,0.0005888090231122023
4,UPFC_Vse,5-15,0.0565316838469432,81,0.05832852764386398,MAP_SCADA,3,0.0017968437969207787
5,UPFC_tse,5-15,-2.121089216774669,81,-2.1215779562533372,MAP_SCADA,3,0.000488739478668343
0,x_tcsc,1-14,-0.10728363738035555,82,-0.10819317341787957,MAP_SCADA,3,0.0009095360375240141
1,B_svc,2,0.17660953080738076,82,0.17690161548655275,MAP_SCADA,3,0.00029208467917199443
2,UPFC_Vsh,5-15,1.1133363796913327,82,1.1111651850922628,MAP_SCADA,3,0.002171194599069892
3,UPFC_tsh,5-15,-0.23557723587673135,82,-0.2358406885264805,MAP_SCADA,3,0.00026345264974914073
4,UPFC_Vse,5-15,0.057052670988737716,82,0.05832852764386398,MAP_SCADA,3,0.0012758566551262646
5,UPFC_tse,5-15,-2.1125245344276045,82,-2.1215779562533372,MAP_SCADA,3,0.009053421825732766
0,x_tcsc,1-14,-0.10704909661563972,83,-0.10819317341787957,MAP_SCADA,3,0.0011440768022398518
1,B_svc,2,0.17439535340915538,83,0.17690161548655275,MAP_SCADA,3,0.0025062620773973754
2,UPFC_Vsh,5-15,1.1138189432401893,83,1.1111651850922628,MAP_SCADA,3,0.002653758147926455
3,UPFC_tsh,5-15,-0.23591608576235498,83,-0.2358406885264805,MAP_SCADA,3,7.539723587449143e-05
4,UPFC_Vse,5-15,0.05755680394915602,83,0.05832852764386398,MAP_SCADA,3,0.0007717236947079598
5,UPFC_tse,5-15,-2.1157134403197753,83,-2.1215779562533372,MAP_SCADA,3,0.0058645159335619645
0,x_tcsc,1-14,-0.10676170257170853,84,-0.10819317341787957,MAP_SCADA,3,0.0014314708461710401
1,B_svc,2,0.17690582416355186,84,0.17690161548655275,MAP_SCADA,3,4.208676999101213e-06
2,UPFC_Vsh,5-15,1.1119187557480708,84,1.1111651850922628,MAP_SCADA,3,0.0007535706558079447
3,UPFC_tsh,5-15,-0.23693835217805137,84,-0.2358406885264805,MAP_SCADA,3,0.0010976636515708793
4,UPFC_Vse,5-15,0.05779647132148402,84,0.05832852764386398,MAP_SCADA,3,0.000532056322379959
5,UPFC_tse,5-15,-2.119832423144779,84,-2.1215779562533372,MAP_SCADA,3,0.0017455331085582948
0,x_tcsc,1-14,-0.10433107499372325,85,-0.10819317341787957,MAP_SCADA,3,0.0038620984241563155
1,B_svc,2,0.18503884107302948,85,0.17690161548655275,MAP_SCADA,3,0.008137225586476726
2,UPFC_Vsh,5-15,1.1096490244908552,85,1.1111651850922628,MAP_SCADA,3,0.001516160601407579
3,UPFC_tsh,5-15,-0.23908337904595656,85,-0.2358406885264805,MAP_SCADA,3,0.003242690519476066
4,UPFC_Vse,5-15,0.057711255599064704,85,0.05832852764386398,MAP_SCADA,3,0.0006172720447992774
5,UPFC_tse,5-15,-2.121862773911793,85,-2.1215779562533372,MAP_SCADA,3,0.00028481765845578266
0,x_tcsc,1-14,-0.10627085253489142,86,-0.10819317341787957,MAP_SCADA,3,0.001922320882988146
1,B_svc,2,0.177950381895317,86,0.17690161548655275,MAP_SCADA,3,0.0010487664087642512
2,UPFC_Vsh,5-15,1.1115180763241355,86,1.1111651850922628,MAP_SCADA,3,0.00035289123187265403
3,UPFC_tsh,5-15,-0.23679857101651225,86,-0.2358406885264805,MAP_SCADA,3,0.0009578824900317584
4,UPFC_Vse,5-15,0.057956856977195124,86,0.05832852764386398,MAP_SCADA,3,0.00037167066666885656
5,UPFC_tse,5-15,-2.1201205352270294,86,-2.1215779562533372,MAP_SCADA,3,0.001457421026307859
0,x_tcsc,1-14,-0.10651687940064776,87,-0.10819317341787957,MAP_SCADA,3,0.001676294017231808
1,B_svc,2,0.18254309035161495,87,0.17690161548655275,MAP_SCADA,3,0.005641474865062196
2,UPFC_Vsh,5-15,1.1098899213950526,87,1.1111651850922628,MAP_SCADA,3,0.001275263697210205
3,UPFC_tsh,5-15,-0.23761277738038303,87,-0.2358406885264805,MAP_SCADA,3,0.001772088853902537
4,UPFC_Vse,5-15,0.0574593173937414,87,0.05832852764386398,MAP_SCADA,3,0.0008692102501225776
5,UPFC_tse,5-15,-2.121138093764339,87,-2.1215779562533372,MAP_SCADA,3,0.00043986248899807734
0,x_tcsc,1-14,-0.1056307771781821,88,-0.10819317341787957,MAP_SCADA,3,0.0025623962396974648
1,B_svc,2,0.1824884266434068,88,0.17690161548655275,MAP_SCADA,3,0.005586811156854055
2,UPFC_Vsh,5-15,1.1101963057729272,88,1.1111651850922628,MAP_SCADA,3,0.0009688793193356471
3,UPFC_tsh,5-15,-0.23763002628571525,88,-0.2358406885264805,MAP_SCADA,3,0.0017893377592347603
4,UPFC_Vse,5-15,0.05706675078108499,88,0.05832852764386398,MAP_SCADA,3,0.0012617768627789933
5,UPFC_tse,5-15,-2.1196074179549385,88,-2.1215779562533372,MAP_SCADA,3,0.001970538298398772
0,x_tcsc,1-14,-0.1068650757269267,89,-0.10819317341787957,MAP_SCADA,3,0.0013280976909528647
1,B_svc,2,0.17718067164134646,89,0.17690161548655275,MAP_SCADA,3,0.0002790561547937054
2,UPFC_Vsh,5-15,1.1127660092473064,89,1.1111651850922628,MAP_SCADA,3,0.0016008241550435898
3,UPFC_tsh,5-15,-0.2373073844773539,89,-0.2358406885264805,MAP_SCADA,3,0.0014666959508733979
4,UPFC_Vse,5-15,0.05689366350326791,89,0.05832852764386398,MAP_SCADA,3,0.0014348641405960705
5,UPFC_tse,5-15,-2.117896080173778,89,-2.1215779562533372,MAP_SCADA,3,0.0036818760795593874
0,x_tcsc,1-14,-0.10699046471291579,90,-0.10819317341787957,MAP_SCADA,3,0.0012027087049637786
1,B_svc,2,0.17719256344522044,90,0.17690161548655275,MAP_SCADA,3,0.00029094795866768663
2,UPFC_Vsh,5-15,1.109052539356643,90,1.1111651850922628,MAP_SCADA,3,0.002112645735619756
3,UPFC_tsh,5-15,-0.23785065622494828,90,-0.2358406885264805,MAP_SCADA,3,0.002009967698467785
4,UPFC_Vse,5-15,0.05830466828765745,90,0.05832852764386398,MAP_SCADA,3,2.3859356206530624e-05
5,UPFC_tse,5-15,-2.120107730975188,90,-2.1215779562533372,MAP_SCADA,3,0.0014702252781493286
0,x_tcsc,1-14,-0.10506074381709783,91,-0.10819317341787957,MAP_SCADA,3,0.003132429600781736
1,B_svc,2,0.18563134723275895,91,0.17690161548655275,MAP_SCADA,3,0.008729731746206199
2,UPFC_Vsh,5-15,1.107344280444785,91,1.1111651850922628,MAP_SCADA,3,0.003820904647477752
3,UPFC_tsh,5-15,-0.24009200989541232,91,-0.2358406885264805,MAP_SCADA,3,0.004251321368931832
4,UPFC_Vse,5-15,0.05745016323994678,91,0.05832852764386398,MAP_SCADA,3,0.0008783644039171978
5,UPFC_tse,5-15,-2.129716491830026,91,-2.1215779562533372,MAP_SCADA,3,0.008138535576688977
0,x_tcsc,1-14,-0.10843316130367997,92,-0.10819317341787957,MAP_SCADA,3,0.0002399878858004023
1,B_svc,2,0.171724517507776,92,0.17690161548655275,MAP_SCADA,3,0.005177097978776746
2,UPFC_Vsh,5-15,1.1124955617280345,92,1.1111651850922628,MAP_SCADA,3,0.001330376635771735
3,UPFC_tsh,5-15,-0.23592061914407508,92,-0.2358406885264805,MAP_SCADA,3,7.993061759459241e-05
4,UPFC_Vse,5-15,0.05764937454389893,92,0.05832852764386398,MAP_SCADA,3,0.0006791530999650519
5,UPFC_tse,5-15,-2.115887173504994,92,-2.1215779562533372,MAP_SCADA,3,0.005690782748343448
0,x_tcsc,1-14,-0.10527819592613752,93,-0.10819317341787957,MAP_SCADA,3,0.002914977491742049
1,B_svc,2,0.18394801974922592,93,0.17690161548655275,MAP_SCADA,3,0.007046404262673167
2,UPFC_Vsh,5-15,1.1121927994121752,93,1.1111651850922628,MAP_SCADA,3,0.0010276143199123844
3,UPFC_tsh,5-15,-0.23767845269493082,93,-0.2358406885264805,MAP_SCADA,3,0.0018377641684503288
4,UPFC_Vse,5-15,0.05811935876557973,93,0.05832852764386398,MAP_SCADA,3,0.0002091688782842535
5,UPFC_tse,5-15,-2.1160067421541595,93,-2.1215779562533372,MAP_SCADA,3,0.005571214099177713
0,x_tcsc,1-14,-0.10848267666552323,94,-0.10819317341787957,MAP_SCADA,3,0.000289503247643666
1,B_svc,2,0.17129404864009537,94,0.17690161548655275,MAP_SCADA,3,0.005607566846457385
2,UPFC_Vsh,5-15,1.1113930301542858,94,1.1111651850922628,MAP_SCADA,3,0.00022784506202300214
3,UPFC_tsh,5-15,-0.2362084475764398,94,-0.2358406885264805,MAP_SCADA,3,0.00036775904995930975
4,UPFC_Vse,5-15,0.057179680241642564,94,0.05832852764386398,MAP_SCADA,3,0.0011488474022214173
5,UPFC_tse,5-15,-2.117519973685605,94,-2.1215779562533372,MAP_SCADA,3,0.004057982567732044
0,x_tcsc,1-14,-0.10609612643226632,95,-0.10819317341787957,MAP_SCADA,3,0.002097046985613249
1,B_svc,2,0.18034927342603962,95,0.17690161548655275,MAP_SCADA,3,0.00344765793948687
2,UPFC_Vsh,5-15,1.1081572271684876,95,1.1111651850922628,MAP_SCADA,3,0.003007957923775173
3,UPFC_tsh,5-15,-0.23896856849243206,95,-0.2358406885264805,MAP_SCADA,3,0.003127879965951569
4,UPFC_Vse,5-15,0.05827706701732483,95,0.05832852764386398,MAP_SCADA,3,5.146062653915012e-05
5,UPFC_tse,5-15,-2.1231450659637763,95,-2.1215779562533372,MAP_SCADA,3,0.001567109710439052
0,x_tcsc,1-14,-0.11072494674634924,96,-0.10819317341787957,MAP_SCADA,3,0.002531773328469669
1,B_svc,2,0.16382259331556495,96,0.17690161548655275,MAP_SCADA,3,0.013079022170987803
2,UPFC_Vsh,5-15,1.1131482719824068,96,1.1111651850922628,MAP_SCADA,3,0.001983086890144037
3,UPFC_tsh,5-15,-0.23519080502005715,96,-0.2358406885264805,MAP_SCADA,3,0.0006498835064233377
4,UPFC_Vse,5-15,0.057372158170830606,96,0.05832852764386398,MAP_SCADA,3,0.0009563694730333749
5,UPFC_tse,5-15,-2.1161767640182254,96,-2.1215779562533372,MAP_SCADA,3,0.005401192235111818
0,x_tcsc,1-14,-0.10717201549915735,97,-0.10819317341787957,MAP_SCADA,3,0.001021157918722218
1,B_svc,2,0.17993119020529763,97,0.17690161548655275,MAP_SCADA,3,0.0030295747187448763
2,UPFC_Vsh,5-15,1.1113859768397536,97,1.1111651850922628,MAP_SCADA,3,0.00022079174749078945
3,UPFC_tsh,5-15,-0.23733175664322106,97,-0.2358406885264805,MAP_SCADA,3,0.0014910681167405737
4,UPFC_Vse,5-15,0.05756112498967703,97,0.05832852764386398,MAP_SCADA,3,0.000767402654186948
5,UPFC_tse,5-15,-2.1183860517395594,97,-2.1215779562533372,MAP_SCADA,3,0.0031919045137778213
0,x_tcsc,1-14,-0.10794320493711781,98,-0.10819317341787957,MAP_SCADA,3,0.00024996848076175304
1,B_svc,2,0.17594575429682419,98,0.17690161548655275,MAP_SCADA,3,0.0009558611897285685
2,UPFC_Vsh,5-15,1.1139945785284209,98,1.1111651850922628,MAP_SCADA,3,0.0028293934361580675
3,UPFC_tsh,5-15,-0.23616473699877685,98,-0.2358406885264805,MAP_SCADA,3,0.00032404847229636213
4,UPFC_Vse,5-15,0.057481413833521275,98,0.05832852764386398,MAP_SCADA,3,0.0008471138103427062
5,UPFC_tse,5-15,-2.1167090690392265,98,-2.1215779562533372,MAP_SCADA,3,0.0048688872141107176
0,x_tcsc,1-14,-0.10549981687781415,99,-0.10819317341787957,MAP_SCADA,3,0.002693356540065417
1,B_svc,2,0.18435980766770546,99,0.17690161548655275,MAP_SCADA,3,0.007458192181152706
2,UPFC_Vsh,5-15,1.110605632781286,99,1.1111651850922628,MAP_SCADA,3,0.0005595523109767075
3,UPFC_tsh,5-15,-0.23879532010179283,99,-0.2358406885264805,MAP_SCADA,3,0.0029546315753123387
4,UPFC_Vse,5-15,0.0585592895290129,99,0.05832852764386398,MAP_SCADA,3,0.00023076188514892237
5,UPFC_tse,5-15,-2.120240844202484,99,-2.1215779562533372,MAP_SCADA,3,0.0013371120508534062
0,x_tcsc,1-14,-0.10671143253086024,0,-0.10759375181823708,MAP_SCADA,5,0.0008823192873768371
1,B_svc,2,0.17853734538277877,0,0.17618784178147667,MAP_SCADA,5,0.0023495036013020942
2,UPFC_Vsh,5-15,1.1109207789140585,0,1.1115344568080843,MAP_SCADA,5,0.000613677894025777
3,UPFC_tsh,5-15,-0.23731745143979585,0,-0.23650317855655192,MAP_SCADA,5,0.0008142728832439272
4,UPFC_Vse,5-15,0.05763375636709128,0,0.05803446996422508,MAP_SCADA,5,0.00040071359713379773
5,UPFC_tse,5-15,-2.121116529035107,0,-2.1215839223104322,MAP_SCADA,5,0.0004673932753251897
0,x_tcsc,1-14,-0.10884679222871829,1,-0.10759375181823708,MAP_SCADA,5,0.0012530404104812154
1,B_svc,2,0.17210654984970408,1,0.17618784178147667,MAP_SCADA,5,0.00408129193177259
2,UPFC_Vsh,5-15,1.1125691339351063,1,1.1115344568080843,MAP_SCADA,5,0.0010346771270219879
3,UPFC_tsh,5-15,-0.23614062783557177,1,-0.23650317855655192,MAP_SCADA,5,0.00036255072098015373
4,UPFC_Vse,5-15,0.05726992650712081,1,0.05803446996422508,MAP_SCADA,5,0.0007645434571042706
5,UPFC_tse,5-15,-2.114605669181904,1,-2.1215839223104322,MAP_SCADA,5,0.006978253128528067
0,x_tcsc,1-14,-0.106438597648498,2,-0.10759375181823708,MAP_SCADA,5,0.0011551541697390755
1,B_svc,2,0.17900573324605812,2,0.17618784178147667,MAP_SCADA,5,0.0028178914645814457
2,UPFC_Vsh,5-15,1.110557377207309,2,1.1115344568080843,MAP_SCADA,5,0.0009770796007753102
3,UPFC_tsh,5-15,-0.23791607483260863,2,-0.23650317855655192,MAP_SCADA,5,0.001412896276056702
4,UPFC_Vse,5-15,0.05782458523939781,2,0.05803446996422508,MAP_SCADA,5,0.0002098847248272681
5,UPFC_tse,5-15,-2.121047690115321,2,-2.1215839223104322,MAP_SCADA,5,0.0005362321951114524
0,x_tcsc,1-14,-0.1082485724483868,3,-0.10759375181823708,MAP_SCADA,5,0.0006548206301497245
1,B_svc,2,0.17084799387894223,3,0.17618784178147667,MAP_SCADA,5,0.005339847902534445
2,UPFC_Vsh,5-15,1.1133073606530108,3,1.1115344568080843,MAP_SCADA,5,0.0017729038449265655
3,UPFC_tsh,5-15,-0.2352148361230751,3,-0.23650317855655192,MAP_SCADA,5,0.0012883424334768356
4,UPFC_Vse,5-15,0.05744203276710792,3,0.05803446996422508,MAP_SCADA,5,0.0005924371971171571
5,UPFC_tse,5-15,-2.1187469994643453,3,-2.1215839223104322,MAP_SCADA,5,0.0028369228460869422
0,x_tcsc,1-14,-0.10589216153963375,4,-0.10759375181823708,MAP_SCADA,5,0.0017015902786033238
1,B_svc,2,0.18057721027425636,4,0.17618784178147667,MAP_SCADA,5,0.004389368492779683
2,UPFC_Vsh,5-15,1.1090639373079867,4,1.1115344568080843,MAP_SCADA,5,0.002470519500097579
3,UPFC_tsh,5-15,-0.23901694259159015,4,-0.23650317855655192,MAP_SCADA,5,0.002513764035038224
4,UPFC_Vse,5-15,0.057420897493637865,4,0.05803446996422508,MAP_SCADA,5,0.0006135724705872148
5,UPFC_tse,5-15,-2.1217880216245173,4,-2.1215839223104322,MAP_SCADA,5,0.0002040993140850489
0,x_tcsc,1-14,-0.10962718592320896,5,-0.10759375181823708,MAP_SCADA,5,0.002033434104971879
1,B_svc,2,0.16734710763118957,5,0.17618784178147667,MAP_SCADA,5,0.008840734150287105
2,UPFC_Vsh,5-15,1.113238663056068,5,1.1115344568080843,MAP_SCADA,5,0.0017042062479837305
3,UPFC_tsh,5-15,-0.2353712142411416,5,-0.23650317855655192,MAP_SCADA,5,0.001131964315410322
4,UPFC_Vse,5-15,0.05765870072751411,5,0.05803446996422508,MAP_SCADA,5,0.0003757692367109683
5,UPFC_tse,5-15,-2.116604966915444,5,-2.1215839223104322,MAP_SCADA,5,0.0049789553949883825
0,x_tcsc,1-14,-0.1072394089863974,6,-0.10759375181823708,MAP_SCADA,5,0.0003543428318396741
1,B_svc,2,0.17505832381110656,6,0.17618784178147667,MAP_SCADA,5,0.0011295179703701141
2,UPFC_Vsh,5-15,1.1134733590139796,6,1.1115344568080843,MAP_SCADA,5,0.001938902205895321
3,UPFC_tsh,5-15,-0.23630289751870623,6,-0.23650317855655192,MAP_SCADA,5,0.0002002810378456954
4,UPFC_Vse,5-15,0.057209379708297675,6,0.05803446996422508,MAP_SCADA,5,0.0008250902559274048
5,UPFC_tse,5-15,-2.118697070191822,6,-2.1215839223104322,MAP_SCADA,5,0.0028868521186100615
0,x_tcsc,1-14,-0.106904312225471,7,-0.10759375181823708,MAP_SCADA,5,0.0006894395927660724
1,B_svc,2,0.17859066157689701,7,0.17618784178147667,MAP_SCADA,5,0.002402819795420341
2,UPFC_Vsh,5-15,1.1115241542852348,7,1.1115344568080843,MAP_SCADA,5,1.0302522849503504e-05
3,UPFC_tsh,5-15,-0.23696277691500586,7,-0.23650317855655192,MAP_SCADA,5,0.0004595983584539387
4,UPFC_Vse,5-15,0.05719135020998187,7,0.05803446996422508,MAP_SCADA,5,0.0008431197542432128
5,UPFC_tse,5-15,-2.120352712191659,7,-2.1215839223104322,MAP_SCADA,5,0.0012312101187732516
0,x_tcsc,1-14,-0.10584256465175358,8,-0.10759375181823708,MAP_SCADA,5,0.001751187166483495
1,B_svc,2,0.17957565213745705,8,0.17618784178147667,MAP_SCADA,5,0.003387810355980375
2,UPFC_Vsh,5-15,1.1114213514564535,8,1.1115344568080843,MAP_SCADA,5,0.00011310535163078228
3,UPFC_tsh,5-15,-0.23804470709609643,8,-0.23650317855655192,MAP_SCADA,5,0.0015415285395445066
4,UPFC_Vse,5-15,0.05767086577863096,8,0.05803446996422508,MAP_SCADA,5,0.00036360418559411994
5,UPFC_tse,5-15,-2.1195907835996595,8,-2.1215839223104322,MAP_SCADA,5,0.0019931387107727794
0,x_tcsc,1-14,-0.10784650785057542,9,-0.10759375181823708,MAP_SCADA,5,0.0002527560323383471
1,B_svc,2,0.17403306430088125,9,0.17618784178147667,MAP_SCADA,5,0.002154777480595421
2,UPFC_Vsh,5-15,1.1136591443971575,9,1.1115344568080843,MAP_SCADA,5,0.0021246875890732486
3,UPFC_tsh,5-15,-0.23540412352425605,9,-0.23650317855655192,MAP_SCADA,5,0.0010990550322958759
4,UPFC_Vse,5-15,0.05764721708836011,9,0.05803446996422508,MAP_SCADA,5,0.0003872528758649685
5,UPFC_tse,5-15,-2.1166377891830908,9,-2.1215839223104322,MAP_SCADA,5,0.00494613312734149
0,x_tcsc,1-14,-0.10843919964143052,10,-0.10759375181823708,MAP_SCADA,5,0.0008454478231934431
1,B_svc,2,0.1733415956284689,10,0.17618784178147667,MAP_SCADA,5,0.00284624615300777
2,UPFC_Vsh,5-15,1.1120251269562094,10,1.1115344568080843,MAP_SCADA,5,0.0004906701481250941
3,UPFC_tsh,5-15,-0.23596809646704503,10,-0.23650317855655192,MAP_SCADA,5,0.0005350820895068942
4,UPFC_Vse,5-15,0.0564854939523338,10,0.05803446996422508,MAP_SCADA,5,0.0015489760118912801
5,UPFC_tse,5-15,-2.1208915776861685,10,-2.1215839223104322,MAP_SCADA,5,0.0006923446242637077
0,x_tcsc,1-14,-0.10717114851830077,11,-0.10759375181823708,MAP_SCADA,5,0.0004226032999363055
1,B_svc,2,0.17747026057926507,11,0.17618784178147667,MAP_SCADA,5,0.0012824187977883983
2,UPFC_Vsh,5-15,1.1124363488801543,11,1.1115344568080843,MAP_SCADA,5,0.0009018920720700319
3,UPFC_tsh,5-15,-0.23632852993489933,11,-0.23650317855655192,MAP_SCADA,5,0.00017464862165258999
4,UPFC_Vse,5-15,0.05659742194993677,11,0.05803446996422508,MAP_SCADA,5,0.00143704801428831
5,UPFC_tse,5-15,-2.1197408115722536,11,-2.1215839223104322,MAP_SCADA,5,0.001843110738178666
0,x_tcsc,1-14,-0.10802946345880032,12,-0.10759375181823708,MAP_SCADA,5,0.00043571164056324663
1,B_svc,2,0.17281276942429238,12,0.17618784178147667,MAP_SCADA,5,0.003375072357184289
2,UPFC_Vsh,5-15,1.1130757120421997,12,1.1115344568080843,MAP_SCADA,5,0.0015412552341154129
3,UPFC_tsh,5-15,-0.23632368050223404,12,-0.23650317855655192,MAP_SCADA,5,0.00017949805431788368
4,UPFC_Vse,5-15,0.057571961367978236,12,0.05803446996422508,MAP_SCADA,5,0.00046250859624684393
5,UPFC_tse,5-15,-2.1157178822797733,12,-2.1215839223104322,MAP_SCADA,5,0.005866040030658937
0,x_tcsc,1-14,-0.10570316958983077,13,-0.10759375181823708,MAP_SCADA,5,0.0018905822284063095
1,B_svc,2,0.18249973312876458,13,0.17618784178147667,MAP_SCADA,5,0.006311891347287907
2,UPFC_Vsh,5-15,1.1131296050156416,13,1.1115344568080843,MAP_SCADA,5,0.0015951482075573509
3,UPFC_tsh,5-15,-0.23783442634788132,13,-0.23650317855655192,MAP_SCADA,5,0.0013312477913293985
4,UPFC_Vse,5-15,0.056484936983598154,13,0.05803446996422508,MAP_SCADA,5,0.0015495329806269262
5,UPFC_tse,5-15,-2.115261398749947,13,-2.1215839223104322,MAP_SCADA,5,0.006322523560485127
0,x_tcsc,1-14,-0.10694923876760283,14,-0.10759375181823708,MAP_SCADA,5,0.0006445130506342461
1,B_svc,2,0.1769041692493913,14,0.17618784178147667,MAP_SCADA,5,0.0007163274679146403
2,UPFC_Vsh,5-15,1.1121526642391235,14,1.1115344568080843,MAP_SCADA,5,0.0006182074310392416
3,UPFC_tsh,5-15,-0.2370323619370798,14,-0.23650317855655192,MAP_SCADA,5,0.0005291833805278756
4,UPFC_Vse,5-15,0.057139654468352036,14,0.05803446996422508,MAP_SCADA,5,0.0008948154958730442
5,UPFC_tse,5-15,-2.1194773532602125,14,-2.1215839223104322,MAP_SCADA,5,0.0021065690502197754
0,x_tcsc,1-14,-0.10869855072993599,15,-0.10759375181823708,MAP_SCADA,5,0.0011047989116989149
1,B_svc,2,0.1722439116589828,15,0.17618784178147667,MAP_SCADA,5,0.0039439301224938605
2,UPFC_Vsh,5-15,1.1123269308828758,15,1.1115344568080843,MAP_SCADA,5,0.0007924740747915493
3,UPFC_tsh,5-15,-0.23591736677432862,15,-0.23650317855655192,MAP_SCADA,5,0.0005858117822233055
4,UPFC_Vse,5-15,0.05746552861625833,15,0.05803446996422508,MAP_SCADA,5,0.0005689413479667491
5,UPFC_tse,5-15,-2.114336762711501,15,-2.1215839223104322,MAP_SCADA,5,0.0072471595989314075
0,x_tcsc,1-14,-0.10723509198330802,16,-0.10759375181823708,MAP_SCADA,5,0.00035865983492905373
1,B_svc,2,0.17398967179522495,16,0.17618784178147667,MAP_SCADA,5,0.002198169986251719
2,UPFC_Vsh,5-15,1.1110458587351355,16,1.1115344568080843,MAP_SCADA,5,0.0004885980729487649
3,UPFC_tsh,5-15,-0.23700163214610448,16,-0.23650317855655192,MAP_SCADA,5,0.0004984535895525555
4,UPFC_Vse,5-15,0.05741412427159274,16,0.05803446996422508,MAP_SCADA,5,0.0006203456926323417
5,UPFC_tse,5-15,-2.115454248723215,16,-2.1215839223104322,MAP_SCADA,5,0.006129673587217166
0,x_tcsc,1-14,-0.11066622826773613,17,-0.10759375181823708,MAP_SCADA,5,0.0030724764494990536
1,B_svc,2,0.17213545326446683,17,0.17618784178147667,MAP_SCADA,5,0.004052388517009842
2,UPFC_Vsh,5-15,1.1101691119931705,17,1.1115344568080843,MAP_SCADA,5,0.0013653448149137937
3,UPFC_tsh,5-15,-0.23638238289548702,17,-0.23650317855655192,MAP_SCADA,5,0.00012079566106490414
4,UPFC_Vse,5-15,0.05704571524866088,17,0.05803446996422508,MAP_SCADA,5,0.0009887547155641996
5,UPFC_tse,5-15,-2.1255108704267474,17,-2.1215839223104322,MAP_SCADA,5,0.00392694811631511
0,x_tcsc,1-14,-0.10647726198792858,18,-0.10759375181823708,MAP_SCADA,5,0.0011164898303085008
1,B_svc,2,0.17890991783106908,18,0.17618784178147667,MAP_SCADA,5,0.0027220760495924035
2,UPFC_Vsh,5-15,1.1113916813722353,18,1.1115344568080843,MAP_SCADA,5,0.00014277543584895191
3,UPFC_tsh,5-15,-0.23750430204608403,18,-0.23650317855655192,MAP_SCADA,5,0.001001123489532102
4,UPFC_Vse,5-15,0.0579754917237041,18,0.05803446996422508,MAP_SCADA,5,5.897824052097933e-05
5,UPFC_tse,5-15,-2.1210878076752175,18,-2.1215839223104322,MAP_SCADA,5,0.0004961146352147061
0,x_tcsc,1-14,-0.10880064867843024,19,-0.10759375181823708,MAP_SCADA,5,0.0012068968601931657
1,B_svc,2,0.17236500079037237,19,0.17618784178147667,MAP_SCADA,5,0.0038228409911043038
2,UPFC_Vsh,5-15,1.112334763295601,19,1.1115344568080843,MAP_SCADA,5,0.0008003064875168331
3,UPFC_tsh,5-15,-0.23575835468156742,19,-0.23650317855655192,MAP_SCADA,5,0.0007448238749845071
4,UPFC_Vse,5-15,0.057420643843725014,19,0.05803446996422508,MAP_SCADA,5,0.0006138261205000661
5,UPFC_tse,5-15,-2.1197007787621494,19,-2.1215839223104322,MAP_SCADA,5,0.001883143548282895
0,x_tcsc,1-14,-0.10681796471203604,20,-0.10759375181823708,MAP_SCADA,5,0.0007757871062010341
1,B_svc,2,0.17723798368864258,20,0.17618784178147667,MAP_SCADA,5,0.0010501419071659024
2,UPFC_Vsh,5-15,1.110328466941185,20,1.1115344568080843,MAP_SCADA,5,0.0012059898668992375
3,UPFC_tsh,5-15,-0.2373060069040069,20,-0.23650317855655192,MAP_SCADA,5,0.0008028283474549869
4,UPFC_Vse,5-15,0.05749209778155573,20,0.05803446996422508,MAP_SCADA,5,0.0005423721826693512
5,UPFC_tse,5-15,-2.121057456966522,20,-2.1215839223104322,MAP_SCADA,5,0.0005264653439103206
0,x_tcsc,1-14,-0.10640127987977131,21,-0.10759375181823708,MAP_SCADA,5,0.001192471938465764
1,B_svc,2,0.17706400553147694,21,0.17618784178147667,MAP_SCADA,5,0.0008761637500002695
2,UPFC_Vsh,5-15,1.1123414247957542,21,1.1115344568080843,MAP_SCADA,5,0.0008069679876698821
3,UPFC_tsh,5-15,-0.23706487343632154,21,-0.23650317855655192,MAP_SCADA,5,0.0005616948797696197
4,UPFC_Vse,5-15,0.05804808066265128,21,0.05803446996422508,MAP_SCADA,5,1.3610698426202994e-05
5,UPFC_tse,5-15,-2.1199889860303824,21,-2.1215839223104322,MAP_SCADA,5,0.001594936280049808
0,x_tcsc,1-14,-0.1076874287003709,22,-0.10759375181823708,MAP_SCADA,5,9.367688213382519e-05
1,B_svc,2,0.17814371796425674,22,0.17618784178147667,MAP_SCADA,5,0.001955876182780064
2,UPFC_Vsh,5-15,1.1100397041732075,22,1.1115344568080843,MAP_SCADA,5,0.0014947526348767504
3,UPFC_tsh,5-15,-0.2373992929814906,22,-0.23650317855655192,MAP_SCADA,5,0.000896114424938671
4,UPFC_Vse,5-15,0.05746102628000953,22,0.05803446996422508,MAP_SCADA,5,0.0005734436842155521
5,UPFC_tse,5-15,-2.1138228571779285,22,-2.1215839223104322,MAP_SCADA,5,0.007761065132503742
0,x_tcsc,1-14,-0.11114173205442038,23,-0.10759375181823708,MAP_SCADA,5,0.0035479802361833013
1,B_svc,2,0.16571810927908867,23,0.17618784178147667,MAP_SCADA,5,0.010469732502388002
2,UPFC_Vsh,5-15,1.1102913160967147,23,1.1115344568080843,MAP_SCADA,5,0.0012431407113695503
3,UPFC_tsh,5-15,-0.23612314344192717,23,-0.23650317855655192,MAP_SCADA,5,0.0003800351146247549
4,UPFC_Vse,5-15,0.057828980132338344,23,0.05803446996422508,MAP_SCADA,5,0.00020548983188673625
5,UPFC_tse,5-15,-2.11634907225094,23,-2.1215839223104322,MAP_SCADA,5,0.005234850059492313
0,x_tcsc,1-14,-0.10707298918273737,24,-0.10759375181823708,MAP_SCADA,5,0.0005207626354997025
1,B_svc,2,0.1750844181767696,24,0.17618784178147667,MAP_SCADA,5,0.0011034236047070822
2,UPFC_Vsh,5-15,1.1103383294545885,24,1.1115344568080843,MAP_SCADA,5,0.001196127353495724
3,UPFC_tsh,5-15,-0.2373858961720593,24,-0.23650317855655192,MAP_SCADA,5,0.0008827176155073724
4,UPFC_Vse,5-15,0.05783441093683506,24,0.05803446996422508,MAP_SCADA,5,0.00020005902739002324
5,UPFC_tse,5-15,-2.1211963531878606,24,-2.1215839223104322,MAP_SCADA,5,0.00038756912257165155
0,x_tcsc,1-14,-0.10411209146765889,25,-0.10759375181823708,MAP_SCADA,5,0.003481660350578189
1,B_svc,2,0.18207388013521508,25,0.17618784178147667,MAP_SCADA,5,0.00588603835373841
2,UPFC_Vsh,5-15,1.1099508617603815,25,1.1115344568080843,MAP_SCADA,5,0.0015835950477027794
3,UPFC_tsh,5-15,-0.23921976991336424,25,-0.23650317855655192,MAP_SCADA,5,0.00271659135681232
4,UPFC_Vse,5-15,0.057215626624696495,25,0.05803446996422508,MAP_SCADA,5,0.0008188433395285855
5,UPFC_tse,5-15,-2.1180417750198264,25,-2.1215839223104322,MAP_SCADA,5,0.003542147290605868
0,x_tcsc,1-14,-0.1078001605743693,26,-0.10759375181823708,MAP_SCADA,5,0.00020640875613221754
1,B_svc,2,0.17458128190019787,26,0.17618784178147667,MAP_SCADA,5,0.0016065598812788073
2,UPFC_Vsh,5-15,1.113580620074413,26,1.1115344568080843,MAP_SCADA,5,0.002046163266328671
3,UPFC_tsh,5-15,-0.23556159092886747,26,-0.23650317855655192,MAP_SCADA,5,0.0009415876276844537
4,UPFC_Vse,5-15,0.05738429904808282,26,0.05803446996422508,MAP_SCADA,5,0.0006501709161422578
5,UPFC_tse,5-15,-2.116182058227431,26,-2.1215839223104322,MAP_SCADA,5,0.00540186408300114
0,x_tcsc,1-14,-0.10825092537265413,27,-0.10759375181823708,MAP_SCADA,5,0.0006571735544170509
1,B_svc,2,0.17430631258970788,27,0.17618784178147667,MAP_SCADA,5,0.0018815291917687882
2,UPFC_Vsh,5-15,1.1114662475697654,27,1.1115344568080843,MAP_SCADA,5,6.82092383188504e-05
3,UPFC_tsh,5-15,-0.23746584465815873,27,-0.23650317855655192,MAP_SCADA,5,0.0009626661016068072
4,UPFC_Vse,5-15,0.05788690302737337,27,0.05803446996422508,MAP_SCADA,5,0.00014756693685170907
5,UPFC_tse,5-15,-2.118504077446963,27,-2.1215839223104322,MAP_SCADA,5,0.003079844863469461
0,x_tcsc,1-14,-0.1062730187523376,28,-0.10759375181823708,MAP_SCADA,5,0.001320733065899471
1,B_svc,2,0.18103079162220884,28,0.17618784178147667,MAP_SCADA,5,0.004842949840732164
2,UPFC_Vsh,5-15,1.1087301109081895,28,1.1115344568080843,MAP_SCADA,5,0.0028043458998947557
3,UPFC_tsh,5-15,-0.2389396275716271,28,-0.23650317855655192,MAP_SCADA,5,0.0024364490150751705
4,UPFC_Vse,5-15,0.05792850816793582,28,0.05803446996422508,MAP_SCADA,5,0.00010596179628925839
5,UPFC_tse,5-15,-2.121591180104046,28,-2.1215839223104322,MAP_SCADA,5,7.257793613657526e-06
0,x_tcsc,1-14,-0.10653628707019851,29,-0.10759375181823708,MAP_SCADA,5,0.0010574647480385696
1,B_svc,2,0.17965508087916948,29,0.17618784178147667,MAP_SCADA,5,0.003467239097692809
2,UPFC_Vsh,5-15,1.1106446052036845,29,1.1115344568080843,MAP_SCADA,5,0.000889851604399805
3,UPFC_tsh,5-15,-0.2376731179045099,29,-0.23650317855655192,MAP_SCADA,5,0.0011699393479579767
4,UPFC_Vse,5-15,0.05786677315107843,29,0.05803446996422508,MAP_SCADA,5,0.00016769681314664914
5,UPFC_tse,5-15,-2.120222833999159,29,-2.1215839223104322,MAP_SCADA,5,0.0013610883112731287
0,x_tcsc,1-14,-0.10952997111799802,30,-0.10759375181823708,MAP_SCADA,5,0.0019362192997609412
1,B_svc,2,0.16919933850561206,30,0.17618784178147667,MAP_SCADA,5,0.006988503275864616
2,UPFC_Vsh,5-15,1.1127862661947077,30,1.1115344568080843,MAP_SCADA,5,0.0012518093866233926
3,UPFC_tsh,5-15,-0.23534976633179824,30,-0.23650317855655192,MAP_SCADA,5,0.0011534122247536804
4,UPFC_Vse,5-15,0.05792238850708715,30,0.05803446996422508,MAP_SCADA,5,0.00011208145713793166
5,UPFC_tse,5-15,-2.1164729451535256,30,-2.1215839223104322,MAP_SCADA,5,0.005110977156906671
0,x_tcsc,1-14,-0.10715060791579066,31,-0.10759375181823708,MAP_SCADA,5,0.0004431439024464162
1,B_svc,2,0.17281241655909546,31,0.17618784178147667,MAP_SCADA,5,0.003375425222381212
2,UPFC_Vsh,5-15,1.1121750737216747,31,1.1115344568080843,MAP_SCADA,5,0.0006406169135904083
3,UPFC_tsh,5-15,-0.23612890048767649,31,-0.23650317855655192,MAP_SCADA,5,0.0003742780688754388
4,UPFC_Vse,5-15,0.05741113562187503,31,0.05803446996422508,MAP_SCADA,5,0.0006233343423500473
5,UPFC_tse,5-15,-2.118555531744554,31,-2.1215839223104322,MAP_SCADA,5,0.003028390565878336
0,x_tcsc,1-14,-0.10738626062904685,32,-0.10759375181823708,MAP_SCADA,5,0.00020749118919022314
1,B_svc,2,0.17330701774645507,32,0.17618784178147667,MAP_SCADA,5,0.0028808240350216008
2,UPFC_Vsh,5-15,1.1120310826835351,32,1.1115344568080843,MAP_SCADA,5,0.0004966258754508512
3,UPFC_tsh,5-15,-0.23617144897870454,32,-0.23650317855655192,MAP_SCADA,5,0.0003317295778473839
4,UPFC_Vse,5-15,0.05687457505896244,32,0.05803446996422508,MAP_SCADA,5,0.0011598949052626373
5,UPFC_tse,5-15,-2.123660023297658,32,-2.1215839223104322,MAP_SCADA,5,0.0020761009872258818
0,x_tcsc,1-14,-0.10693539844775564,33,-0.10759375181823708,MAP_SCADA,5,0.0006583533704814376
1,B_svc,2,0.17768917211592447,33,0.17618784178147667,MAP_SCADA,5,0.001501330334447798
2,UPFC_Vsh,5-15,1.1095148249414561,33,1.1115344568080843,MAP_SCADA,5,0.0020196318666281243
3,UPFC_tsh,5-15,-0.2371331944262661,33,-0.23650317855655192,MAP_SCADA,5,0.0006300158697141733
4,UPFC_Vse,5-15,0.05721563919140297,33,0.05803446996422508,MAP_SCADA,5,0.0008188307728221114
5,UPFC_tse,5-15,-2.1196271921111913,33,-2.1215839223104322,MAP_SCADA,5,0.001956730199240919
0,x_tcsc,1-14,-0.10687992533692643,34,-0.10759375181823708,MAP_SCADA,5,0.0007138264813106449
1,B_svc,2,0.17401309726872008,34,0.17618784178147667,MAP_SCADA,5,0.0021747445127565934
2,UPFC_Vsh,5-15,1.1123769845319478,34,1.1115344568080843,MAP_SCADA,5,0.0008425277238635065
3,UPFC_tsh,5-15,-0.23616750209149165,34,-0.23650317855655192,MAP_SCADA,5,0.00033567646506027504
4,UPFC_Vse,5-15,0.05717751357900006,34,0.05803446996422508,MAP_SCADA,5,0.0008569563852250175
5,UPFC_tse,5-15,-2.1212191870108876,34,-2.1215839223104322,MAP_SCADA,5,0.00036473529954461625
0,x_tcsc,1-14,-0.10736731801715636,35,-0.10759375181823708,MAP_SCADA,5,0.00022643380108071376
1,B_svc,2,0.1743344664120881,35,0.17618784178147667,MAP_SCADA,5,0.0018533753693885657
2,UPFC_Vsh,5-15,1.1121640478067782,35,1.1115344568080843,MAP_SCADA,5,0.0006295909986939741
3,UPFC_tsh,5-15,-0.23680846597136743,35,-0.23650317855655192,MAP_SCADA,5,0.0003052874148155027
4,UPFC_Vse,5-15,0.057952360550922254,35,0.05803446996422508,MAP_SCADA,5,8.210941330282634e-05
5,UPFC_tse,5-15,-2.1169531607381513,35,-2.1215839223104322,MAP_SCADA,5,0.004630761572280928
0,x_tcsc,1-14,-0.10815347514458465,36,-0.10759375181823708,MAP_SCADA,5,0.000559723326347572
1,B_svc,2,0.1710697004082666,36,0.17618784178147667,MAP_SCADA,5,0.005118141373210067
2,UPFC_Vsh,5-15,1.1137240188584057,36,1.1115344568080843,MAP_SCADA,5,0.002189562050321392
3,UPFC_tsh,5-15,-0.2358246848062136,36,-0.23650317855655192,MAP_SCADA,5,0.0006784937503383215
4,UPFC_Vse,5-15,0.057245825627543545,36,0.05803446996422508,MAP_SCADA,5,0.0007886443366815349
5,UPFC_tse,5-15,-2.1175965349312516,36,-2.1215839223104322,MAP_SCADA,5,0.003987387379180696
0,x_tcsc,1-14,-0.10475515592541516,37,-0.10759375181823708,MAP_SCADA,5,0.002838595892821913
1,B_svc,2,0.18309482267944,37,0.17618784178147667,MAP_SCADA,5,0.006906980897963322
2,UPFC_Vsh,5-15,1.1127906253327882,37,1.1115344568080843,MAP_SCADA,5,0.0012561685247038934
3,UPFC_tsh,5-15,-0.23802310460401754,37,-0.23650317855655192,MAP_SCADA,5,0.0015199260474656195
4,UPFC_Vse,5-15,0.057431952367715214,37,0.05803446996422508,MAP_SCADA,5,0.0006025175965098661
5,UPFC_tse,5-15,-2.1199405418760775,37,-2.1215839223104322,MAP_SCADA,5,0.0016433804343547465
0,x_tcsc,1-14,-0.10742269392758334,38,-0.10759375181823708,MAP_SCADA,5,0.00017105789065373356
1,B_svc,2,0.1755004971401978,38,0.17618784178147667,MAP_SCADA,5,0.0006873446412788697
2,UPFC_Vsh,5-15,1.1130201419013812,38,1.1115344568080843,MAP_SCADA,5,0.00148568509329694
3,UPFC_tsh,5-15,-0.23693363430979963,38,-0.23650317855655192,MAP_SCADA,5,0.00043045575324771046
4,UPFC_Vse,5-15,0.057205520786809703,38,0.05803446996422508,MAP_SCADA,5,0.0008289491774153765
5,UPFC_tse,5-15,-2.1205146025924075,38,-2.1215839223104322,MAP_SCADA,5,0.0010693197180247083
0,x_tcsc,1-14,-0.10641915634401529,39,-0.10759375181823708,MAP_SCADA,5,0.0011745954742217873
1,B_svc,2,0.17958337075122596,39,0.17618784178147667,MAP_SCADA,5,0.0033955289697492896
2,UPFC_Vsh,5-15,1.1118914083314206,39,1.1115344568080843,MAP_SCADA,5,0.0003569515233363685
3,UPFC_tsh,5-15,-0.23774754611117094,39,-0.23650317855655192,MAP_SCADA,5,0.0012443675546190136
4,UPFC_Vse,5-15,0.057058229476306656,39,0.05803446996422508,MAP_SCADA,5,0.0009762404879184242
5,UPFC_tse,5-15,-2.120243704132217,39,-2.1215839223104322,MAP_SCADA,5,0.001340218178215391
0,x_tcsc,1-14,-0.10714899839915103,40,-0.10759375181823708,MAP_SCADA,5,0.0004447534190860497
1,B_svc,2,0.17792801003384645,40,0.17618784178147667,MAP_SCADA,5,0.0017401682523697781
2,UPFC_Vsh,5-15,1.1104977926102153,40,1.1115344568080843,MAP_SCADA,5,0.001036664197868964
3,UPFC_tsh,5-15,-0.23778322722768935,40,-0.23650317855655192,MAP_SCADA,5,0.0012800486711374293
4,UPFC_Vse,5-15,0.05763455838128357,40,0.05803446996422508,MAP_SCADA,5,0.00039991158294151036
5,UPFC_tse,5-15,-2.121763490823035,40,-2.1215839223104322,MAP_SCADA,5,0.0001795685126029234
0,x_tcsc,1-14,-0.10747628103650513,41,-0.10759375181823708,MAP_SCADA,5,0.00011747078173195147
1,B_svc,2,0.17201780849316667,41,0.17618784178147667,MAP_SCADA,5,0.004170033288310004
2,UPFC_Vsh,5-15,1.1132964947085866,41,1.1115344568080843,MAP_SCADA,5,0.0017620379005023334
3,UPFC_tsh,5-15,-0.23655377141994835,41,-0.23650317855655192,MAP_SCADA,5,5.059286339642588e-05
4,UPFC_Vse,5-15,0.05694790652530009,41,0.05803446996422508,MAP_SCADA,5,0.0010865634389249923
5,UPFC_tse,5-15,-2.115871417344491,41,-2.1215839223104322,MAP_SCADA,5,0.005712504965941445
0,x_tcsc,1-14,-0.1081257980000313,42,-0.10759375181823708,MAP_SCADA,5,0.0005320461817942268
1,B_svc,2,0.1726483542993937,42,0.17618784178147667,MAP_SCADA,5,0.0035394874820829647
2,UPFC_Vsh,5-15,1.1121568098072536,42,1.1115344568080843,MAP_SCADA,5,0.000622352999169351
3,UPFC_tsh,5-15,-0.23570650257828626,42,-0.23650317855655192,MAP_SCADA,5,0.0007966759782656596
4,UPFC_Vse,5-15,0.057391783915916594,42,0.05803446996422508,MAP_SCADA,5,0.0006426860483084856
5,UPFC_tse,5-15,-2.1223150055765987,42,-2.1215839223104322,MAP_SCADA,5,0.0007310832661664435
0,x_tcsc,1-14,-0.10919026678444572,43,-0.10759375181823708,MAP_SCADA,5,0.001596514966208648
1,B_svc,2,0.17006330659842472,43,0.17618784178147667,MAP_SCADA,5,0.006124535183051949
2,UPFC_Vsh,5-15,1.1123500259968075,43,1.1115344568080843,MAP_SCADA,5,0.0008155691887232752
3,UPFC_tsh,5-15,-0.23560811988148292,43,-0.23650317855655192,MAP_SCADA,5,0.0008950586750690048
4,UPFC_Vse,5-15,0.057593251453399046,43,0.05803446996422508,MAP_SCADA,5,0.0004412185108260344
5,UPFC_tse,5-15,-2.1151039880453184,43,-2.1215839223104322,MAP_SCADA,5,0.00647993426511384
0,x_tcsc,1-14,-0.10530229352998717,44,-0.10759375181823708,MAP_SCADA,5,0.0022914582882499063
1,B_svc,2,0.1829660034812352,44,0.17618784178147667,MAP_SCADA,5,0.006778161699758534
2,UPFC_Vsh,5-15,1.109897014642047,44,1.1115344568080843,MAP_SCADA,5,0.0016374421660372285
3,UPFC_tsh,5-15,-0.23859001452834347,44,-0.23650317855655192,MAP_SCADA,5,0.0020868359717915452
4,UPFC_Vse,5-15,0.058221711031435495,44,0.05803446996422508,MAP_SCADA,5,0.0001872410672104155
5,UPFC_tse,5-15,-2.116964072987721,44,-2.1215839223104322,MAP_SCADA,5,0.0046198493227112
0,x_tcsc,1-14,-0.1069256538871445,45,-0.10759375181823708,MAP_SCADA,5,0.0006680979310925705
1,B_svc,2,0.177465266753047,45,0.17618784178147667,MAP_SCADA,5,0.0012774249715703234
2,UPFC_Vsh,5-15,1.1114206874199102,45,1.1115344568080843,MAP_SCADA,5,0.00011376938817408977
3,UPFC_tsh,5-15,-0.23689545053861744,45,-0.23650317855655192,MAP_SCADA,5,0.00039227198206551184
4,UPFC_Vse,5-15,0.057539741316308304,45,0.05803446996422508,MAP_SCADA,5,0.0004947286479167756
5,UPFC_tse,5-15,-2.1171370386148687,45,-2.1215839223104322,MAP_SCADA,5,0.004446883695563564
0,x_tcsc,1-14,-0.10802781666215394,46,-0.10759375181823708,MAP_SCADA,5,0.00043406484391686484
1,B_svc,2,0.1738286788546785,46,0.17618784178147667,MAP_SCADA,5,0.002359162926798164
2,UPFC_Vsh,5-15,1.11293370639085,46,1.1115344568080843,MAP_SCADA,5,0.0013992495827657159
3,UPFC_tsh,5-15,-0.236790719974732,46,-0.23650317855655192,MAP_SCADA,5,0.00028754141818007617
4,UPFC_Vse,5-15,0.057103383298049065,46,0.05803446996422508,MAP_SCADA,5,0.0009310866661760148
5,UPFC_tse,5-15,-2.1179202109526556,46,-2.1215839223104322,MAP_SCADA,5,0.0036637113577766556
0,x_tcsc,1-14,-0.10709329858503407,47,-0.10759375181823708,MAP_SCADA,5,0.0005004532332030104
1,B_svc,2,0.173253329722418,47,0.17618784178147667,MAP_SCADA,5,0.002934512059058675
2,UPFC_Vsh,5-15,1.1130769853263658,47,1.1115344568080843,MAP_SCADA,5,0.0015425285182815163
3,UPFC_tsh,5-15,-0.23619945386340394,47,-0.23650317855655192,MAP_SCADA,5,0.00030372469314798867
4,UPFC_Vse,5-15,0.05764670213138666,47,0.05803446996422508,MAP_SCADA,5,0.0003877678328384204
5,UPFC_tse,5-15,-2.1178733164843204,47,-2.1215839223104322,MAP_SCADA,5,0.0037106058261118235
0,x_tcsc,1-14,-0.10719051328101499,48,-0.10759375181823708,MAP_SCADA,5,0.00040323853722208647
1,B_svc,2,0.17618814701774743,48,0.17618784178147667,MAP_SCADA,5,3.052362707589573e-07
2,UPFC_Vsh,5-15,1.1137388699268482,48,1.1115344568080843,MAP_SCADA,5,0.0022044131187639593
3,UPFC_tsh,5-15,-0.23554054106717964,48,-0.23650317855655192,MAP_SCADA,5,0.0009626374893722811
4,UPFC_Vse,5-15,0.05692696717314711,48,0.05803446996422508,MAP_SCADA,5,0.0011075027910779703
5,UPFC_tse,5-15,-2.118333333343752,48,-2.1215839223104322,MAP_SCADA,5,0.00325058896668029
0,x_tcsc,1-14,-0.10866601044350763,49,-0.10759375181823708,MAP_SCADA,5,0.0010722586252705502
1,B_svc,2,0.1710053873058158,49,0.17618784178147667,MAP_SCADA,5,0.005182454475660875
2,UPFC_Vsh,5-15,1.1121595017507595,49,1.1115344568080843,MAP_SCADA,5,0.0006250449426752347
3,UPFC_tsh,5-15,-0.2359778989630055,49,-0.23650317855655192,MAP_SCADA,5,0.0005252795935464238
4,UPFC_Vse,5-15,0.05723723522516479,49,0.05803446996422508,MAP_SCADA,5,0.000797234739060293
5,UPFC_tse,5-15,-2.1162183015920553,49,-2.1215839223104322,MAP_SCADA,5,0.005365620718376984
0,x_tcsc,1-14,-0.10901937796112277,50,-0.10759375181823708,MAP_SCADA,5,0.0014256261428856887
1,B_svc,2,0.16959306694005918,50,0.17618784178147667,MAP_SCADA,5,0.006594774841417489
2,UPFC_Vsh,5-15,1.1129934283863259,50,1.1115344568080843,MAP_SCADA,5,0.0014589715782415968
3,UPFC_tsh,5-15,-0.23572793347299587,50,-0.23650317855655192,MAP_SCADA,5,0.0007752450835560587
4,UPFC_Vse,5-15,0.05764673609842407,50,0.05803446996422508,MAP_SCADA,5,0.0003877338658010085
5,UPFC_tse,5-15,-2.118481715803393,50,-2.1215839223104322,MAP_SCADA,5,0.0031022065070391847
0,x_tcsc,1-14,-0.10931226325956275,51,-0.10759375181823708,MAP_SCADA,5,0.0017185114413256763
1,B_svc,2,0.16790873900292247,51,0.17618784178147667,MAP_SCADA,5,0.008279102778554204
2,UPFC_Vsh,5-15,1.1126616705910577,51,1.1115344568080843,MAP_SCADA,5,0.0011272137829734241
3,UPFC_tsh,5-15,-0.2364188554805837,51,-0.23650317855655192,MAP_SCADA,5,8.432307596822897e-05
4,UPFC_Vse,5-15,0.057683554161929884,51,0.05803446996422508,MAP_SCADA,5,0.0003509158022951958
5,UPFC_tse,5-15,-2.1187258940414506,51,-2.1215839223104322,MAP_SCADA,5,0.002858028268981627
0,x_tcsc,1-14,-0.10695079648572353,52,-0.10759375181823708,MAP_SCADA,5,0.0006429553325135451
1,B_svc,2,0.17765441432496182,52,0.17618784178147667,MAP_SCADA,5,0.001466572543485145
2,UPFC_Vsh,5-15,1.1107767750385993,52,1.1115344568080843,MAP_SCADA,5,0.0007576817694849858
3,UPFC_tsh,5-15,-0.23801910026457151,52,-0.23650317855655192,MAP_SCADA,5,0.0015159217080195908
4,UPFC_Vse,5-15,0.05789410719761008,52,0.05803446996422508,MAP_SCADA,5,0.0001403627666149987
5,UPFC_tse,5-15,-2.1180835578894164,52,-2.1215839223104322,MAP_SCADA,5,0.003500364421015867
0,x_tcsc,1-14,-0.10579999281105353,53,-0.10759375181823708,MAP_SCADA,5,0.0017937590071835513
1,B_svc,2,0.18205396316733946,53,0.17618784178147667,MAP_SCADA,5,0.005866121385862788
2,UPFC_Vsh,5-15,1.109267996697699,53,1.1115344568080843,MAP_SCADA,5,0.0022664601103852267
3,UPFC_tsh,5-15,-0.23819604051412727,53,-0.23650317855655192,MAP_SCADA,5,0.0016928619575753423
4,UPFC_Vse,5-15,0.05724544595243886,53,0.05803446996422508,MAP_SCADA,5,0.0007890240117862171
5,UPFC_tse,5-15,-2.1229365299297847,53,-2.1215839223104322,MAP_SCADA,5,0.0013526076193524084
0,x_tcsc,1-14,-0.106223577746768,54,-0.10759375181823708,MAP_SCADA,5,0.0013701740714690824
1,B_svc,2,0.17719157491400092,54,0.17618784178147667,MAP_SCADA,5,0.0010037331325242482
2,UPFC_Vsh,5-15,1.111956043609763,54,1.1115344568080843,MAP_SCADA,5,0.00042158680167880824
3,UPFC_tsh,5-15,-0.2378113739765671,54,-0.23650317855655192,MAP_SCADA,5,0.0013081954200151735
4,UPFC_Vse,5-15,0.057130967663296575,54,0.05803446996422508,MAP_SCADA,5,0.0009035023009285048
5,UPFC_tse,5-15,-2.12161004485105,54,-2.1215839223104322,MAP_SCADA,5,2.6122540617734558e-05
0,x_tcsc,1-14,-0.1048808287150344,55,-0.10759375181823708,MAP_SCADA,5,0.0027129231032026746
1,B_svc,2,0.18023016762748467,55,0.17618784178147667,MAP_SCADA,5,0.004042325846007999
2,UPFC_Vsh,5-15,1.111015522773831,55,1.1115344568080843,MAP_SCADA,5,0.0005189340342532933
3,UPFC_tsh,5-15,-0.2379659931537663,55,-0.23650317855655192,MAP_SCADA,5,0.001462814597214368
4,UPFC_Vse,5-15,0.05771664330509277,55,0.05803446996422508,MAP_SCADA,5,0.00031782665913231145
5,UPFC_tse,5-15,-2.1190069084086782,55,-2.1215839223104322,MAP_SCADA,5,0.0025770139017540217
0,x_tcsc,1-14,-0.10573173835744157,56,-0.10759375181823708,MAP_SCADA,5,0.0018620134607955086
1,B_svc,2,0.1817970034926586,56,0.17618784178147667,MAP_SCADA,5,0.00560916171118192
2,UPFC_Vsh,5-15,1.111027770285367,56,1.1115344568080843,MAP_SCADA,5,0.0005066865227172368
3,UPFC_tsh,5-15,-0.23812830497551066,56,-0.23650317855655192,MAP_SCADA,5,0.0016251264189587333
4,UPFC_Vse,5-15,0.05736210880287201,56,0.05803446996422508,MAP_SCADA,5,0.0006723611613530731
5,UPFC_tse,5-15,-2.1198983441293033,56,-2.1215839223104322,MAP_SCADA,5,0.0016855781811289106
0,x_tcsc,1-14,-0.10709092763731871,57,-0.10759375181823708,MAP_SCADA,5,0.0005028241809183626
1,B_svc,2,0.17484046073839904,57,0.17618784178147667,MAP_SCADA,5,0.0013473810430776334
2,UPFC_Vsh,5-15,1.1133469525661213,57,1.1115344568080843,MAP_SCADA,5,0.0018124957580369916
3,UPFC_tsh,5-15,-0.23718555045047204,57,-0.23650317855655192,MAP_SCADA,5,0.0006823718939201195
4,UPFC_Vse,5-15,0.057613084439732426,57,0.05803446996422508,MAP_SCADA,5,0.000421385524492654
5,UPFC_tse,5-15,-2.1183658311697195,57,-2.1215839223104322,MAP_SCADA,5,0.0032180911407126978
0,x_tcsc,1-14,-0.10714063314851686,58,-0.10759375181823708,MAP_SCADA,5,0.0004531186697202122
1,B_svc,2,0.17242772742543125,58,0.17618784178147667,MAP_SCADA,5,0.003760114356045424
2,UPFC_Vsh,5-15,1.1108335546560917,58,1.1115344568080843,MAP_SCADA,5,0.0007009021519925884
3,UPFC_tsh,5-15,-0.23746284602796666,58,-0.23650317855655192,MAP_SCADA,5,0.000959667471414738
4,UPFC_Vse,5-15,0.05689107134771026,58,0.05803446996422508,MAP_SCADA,5,0.0011433986165148222
5,UPFC_tse,5-15,-2.122073449832775,58,-2.1215839223104322,MAP_SCADA,5,0.0004895275223426587
0,x_tcsc,1-14,-0.10523444359924194,59,-0.10759375181823708,MAP_SCADA,5,0.002359308218995132
1,B_svc,2,0.1793597647528677,59,0.17618784178147667,MAP_SCADA,5,0.003171922971391017
2,UPFC_Vsh,5-15,1.1107857115531186,59,1.1115344568080843,MAP_SCADA,5,0.0007487452549657103
3,UPFC_tsh,5-15,-0.23789177797441755,59,-0.23650317855655192,MAP_SCADA,5,0.0013885994178656214
4,UPFC_Vse,5-15,0.05768282997508247,59,0.05803446996422508,MAP_SCADA,5,0.0003516399891426089
5,UPFC_tse,5-15,-2.1181873406560845,59,-2.1215839223104322,MAP_SCADA,5,0.0033965816543477523
0,x_tcsc,1-14,-0.10945176150756852,60,-0.10759375181823708,MAP_SCADA,5,0.0018580096893314468
1,B_svc,2,0.16935793383633752,60,0.17618784178147667,MAP_SCADA,5,0.0068299079451391576
2,UPFC_Vsh,5-15,1.1139613169432452,60,1.1115344568080843,MAP_SCADA,5,0.002426860135160913
3,UPFC_tsh,5-15,-0.23566920134996264,60,-0.23650317855655192,MAP_SCADA,5,0.000833977206589287
4,UPFC_Vse,5-15,0.05720458411055312,60,0.05803446996422508,MAP_SCADA,5,0.0008298858536719619
5,UPFC_tse,5-15,-2.1149588358461378,60,-2.1215839223104322,MAP_SCADA,5,0.006625086464294494
0,x_tcsc,1-14,-0.10905522365335318,61,-0.10759375181823708,MAP_SCADA,5,0.0014614718351161071
1,B_svc,2,0.1703607647786208,61,0.17618784178147667,MAP_SCADA,5,0.005827077002855868
2,UPFC_Vsh,5-15,1.1130767083751107,61,1.1115344568080843,MAP_SCADA,5,0.0015422515670264758
3,UPFC_tsh,5-15,-0.23544033055215907,61,-0.23650317855655192,MAP_SCADA,5,0.0010628480043928523
4,UPFC_Vse,5-15,0.057875494250938325,61,0.05803446996422508,MAP_SCADA,5,0.00015897571328675475
5,UPFC_tse,5-15,-2.1204281948282167,61,-2.1215839223104322,MAP_SCADA,5,0.001155727482215596
0,x_tcsc,1-14,-0.10733114663304694,62,-0.10759375181823708,MAP_SCADA,5,0.0002626051851901401
1,B_svc,2,0.17367688990675537,62,0.17618784178147667,MAP_SCADA,5,0.0025109518747213067
2,UPFC_Vsh,5-15,1.1121862943112313,62,1.1115344568080843,MAP_SCADA,5,0.0006518375031470125
3,UPFC_tsh,5-15,-0.23622970029102125,62,-0.23650317855655192,MAP_SCADA,5,0.00027347826553067445
4,UPFC_Vse,5-15,0.057647980839804165,62,0.05803446996422508,MAP_SCADA,5,0.0003864891244209148
5,UPFC_tse,5-15,-2.1197384212927988,62,-2.1215839223104322,MAP_SCADA,5,0.0018455010176334774
0,x_tcsc,1-14,-0.10940497005741741,63,-0.10759375181823708,MAP_SCADA,5,0.0018112182391803316
1,B_svc,2,0.1726336661398208,63,0.17618784178147667,MAP_SCADA,5,0.00355417564165586
2,UPFC_Vsh,5-15,1.1087398307270746,63,1.1115344568080843,MAP_SCADA,5,0.0027946260810096657
3,UPFC_tsh,5-15,-0.2373871645118825,63,-0.23650317855655192,MAP_SCADA,5,0.0008839859553305685
4,UPFC_Vse,5-15,0.05776814794156133,63,0.05803446996422508,MAP_SCADA,5,0.0002663220226637522
5,UPFC_tse,5-15,-2.121343863462053,63,-2.1215839223104322,MAP_SCADA,5,0.0002400588483792987
0,x_tcsc,1-14,-0.1046949546236351,64,-0.10759375181823708,MAP_SCADA,5,0.002898797194601982
1,B_svc,2,0.183445376860306,64,0.17618784178147667,MAP_SCADA,5,0.007257535078829314
2,UPFC_Vsh,5-15,1.1131989879091804,64,1.1115344568080843,MAP_SCADA,5,0.0016645311010961006
3,UPFC_tsh,5-15,-0.23781862115688623,64,-0.23650317855655192,MAP_SCADA,5,0.00131544260033431
4,UPFC_Vse,5-15,0.05759710799066543,64,0.05803446996422508,MAP_SCADA,5,0.0004373619735596468
5,UPFC_tse,5-15,-2.1232312397924127,64,-2.1215839223104322,MAP_SCADA,5,0.001647317481980437
0,x_tcsc,1-14,-0.10787113157761462,65,-0.10759375181823708,MAP_SCADA,5,0.0002773797593775412
1,B_svc,2,0.17266875712225543,65,0.17618784178147667,MAP_SCADA,5,0.003519084659221239
2,UPFC_Vsh,5-15,1.112803249263745,65,1.1115344568080843,MAP_SCADA,5,0.0012687924556606944
3,UPFC_tsh,5-15,-0.23576020759578165,65,-0.23650317855655192,MAP_SCADA,5,0.0007429709607702784
4,UPFC_Vse,5-15,0.05738668038712711,65,0.05803446996422508,MAP_SCADA,5,0.0006477895770979694
5,UPFC_tse,5-15,-2.117628484366634,65,-2.1215839223104322,MAP_SCADA,5,0.003955437943798046
0,x_tcsc,1-14,-0.10607910744277634,66,-0.10759375181823708,MAP_SCADA,5,0.0015146443754607414
1,B_svc,2,0.1785011070050042,66,0.17618784178147667,MAP_SCADA,5,0.0023132652235275386
2,UPFC_Vsh,5-15,1.1122669093630733,66,1.1115344568080843,MAP_SCADA,5,0.0007324525549889938
3,UPFC_tsh,5-15,-0.2376299527673899,66,-0.23650317855655192,MAP_SCADA,5,0.001126774210837983
4,UPFC_Vse,5-15,0.0580228728162041,66,0.05803446996422508,MAP_SCADA,5,1.1597148020979497e-05
5,UPFC_tse,5-15,-2.11588414783405,66,-2.1215839223104322,MAP_SCADA,5,0.005699774476382036
0,x_tcsc,1-14,-0.10464633199777319,67,-0.10759375181823708,MAP_SCADA,5,0.002947419820463884
1,B_svc,2,0.1819534129198583,67,0.17618784178147667,MAP_SCADA,5,0.005765571138381637
2,UPFC_Vsh,5-15,1.1109878453087363,67,1.1115344568080843,MAP_SCADA,5,0.000546611499347982
3,UPFC_tsh,5-15,-0.23816703002760867,67,-0.23650317855655192,MAP_SCADA,5,0.0016638514710567431
4,UPFC_Vse,5-15,0.0575155112696389,67,0.05803446996422508,MAP_SCADA,5,0.0005189586945861802
5,UPFC_tse,5-15,-2.1243584023779603,67,-2.1215839223104322,MAP_SCADA,5,0.002774480067528007
0,x_tcsc,1-14,-0.1048884806969986,68,-0.10759375181823708,MAP_SCADA,5,0.002705271121238473
1,B_svc,2,0.18233020135967012,68,0.17618784178147667,MAP_SCADA,5,0.0061423595781934515
2,UPFC_Vsh,5-15,1.1126787375375116,68,1.1115344568080843,MAP_SCADA,5,0.0011442807294272939
3,UPFC_tsh,5-15,-0.23729777185293432,68,-0.23650317855655192,MAP_SCADA,5,0.000794593296382401
4,UPFC_Vse,5-15,0.057497301850630324,68,0.05803446996422508,MAP_SCADA,5,0.0005371681135947562
5,UPFC_tse,5-15,-2.117353272936879,68,-2.1215839223104322,MAP_SCADA,5,0.00423064937355333
0,x_tcsc,1-14,-0.10890222542618458,69,-0.10759375181823708,MAP_SCADA,5,0.0013084736079475023
1,B_svc,2,0.16834420117020463,69,0.17618784178147667,MAP_SCADA,5,0.007843640611272046
2,UPFC_Vsh,5-15,1.1131104914482013,69,1.1115344568080843,MAP_SCADA,5,0.0015760346401170189
3,UPFC_tsh,5-15,-0.23620664066360444,69,-0.23650317855655192,MAP_SCADA,5,0.00029653789294747934
4,UPFC_Vse,5-15,0.05712520081716381,69,0.05803446996422508,MAP_SCADA,5,0.0009092691470612702
5,UPFC_tse,5-15,-2.116181775780159,69,-2.1215839223104322,MAP_SCADA,5,0.005402146530273377
0,x_tcsc,1-14,-0.10783954312107445,70,-0.10759375181823708,MAP_SCADA,5,0.0002457913028373754
1,B_svc,2,0.1738012616177895,70,0.17618784178147667,MAP_SCADA,5,0.002386580163687174
2,UPFC_Vsh,5-15,1.109946175601687,70,1.1115344568080843,MAP_SCADA,5,0.0015882812063972018
3,UPFC_tsh,5-15,-0.2370955958356482,70,-0.23650317855655192,MAP_SCADA,5,0.0005924172790962856
4,UPFC_Vse,5-15,0.057627049096513644,70,0.05803446996422508,MAP_SCADA,5,0.00040742086771143604
5,UPFC_tse,5-15,-2.1202167991094587,70,-2.1215839223104322,MAP_SCADA,5,0.0013671232009735412
0,x_tcsc,1-14,-0.10534847168056283,71,-0.10759375181823708,MAP_SCADA,5,0.0022452801376742493
1,B_svc,2,0.17955172099397773,71,0.17618784178147667,MAP_SCADA,5,0.0033638792125010586
2,UPFC_Vsh,5-15,1.1117192574047965,71,1.1115344568080843,MAP_SCADA,5,0.00018480059671222016
3,UPFC_tsh,5-15,-0.23820653589537907,71,-0.23650317855655192,MAP_SCADA,5,0.0017033573388271495
4,UPFC_Vse,5-15,0.05754757811938391,71,0.05803446996422508,MAP_SCADA,5,0.00048689184484117243
5,UPFC_tse,5-15,-2.121658366823909,71,-2.1215839223104322,MAP_SCADA,5,7.444451347682346e-05
0,x_tcsc,1-14,-0.10742294616001442,72,-0.10759375181823708,MAP_SCADA,5,0.00017080565822265303
1,B_svc,2,0.17430469223433764,72,0.17618784178147667,MAP_SCADA,5,0.0018831495471390292
2,UPFC_Vsh,5-15,1.1143541824961813,72,1.1115344568080843,MAP_SCADA,5,0.0028197256880970745
3,UPFC_tsh,5-15,-0.23620451737193204,72,-0.23650317855655192,MAP_SCADA,5,0.00029866118461988056
4,UPFC_Vse,5-15,0.0572197988624672,72,0.05803446996422508,MAP_SCADA,5,0.0008146711017578828
5,UPFC_tse,5-15,-2.113452791129322,72,-2.1215839223104322,MAP_SCADA,5,0.008131131181110085
0,x_tcsc,1-14,-0.10922969344645563,73,-0.10759375181823708,MAP_SCADA,5,0.0016359416282185485
1,B_svc,2,0.16525146255622622,73,0.17618784178147667,MAP_SCADA,5,0.010936379225250453
2,UPFC_Vsh,5-15,1.1134568370282656,73,1.1115344568080843,MAP_SCADA,5,0.001922380220181319
3,UPFC_tsh,5-15,-0.2356698992780358,73,-0.23650317855655192,MAP_SCADA,5,0.0008332792785161192
4,UPFC_Vse,5-15,0.05714227536138494,73,0.05803446996422508,MAP_SCADA,5,0.0008921946028401379
5,UPFC_tse,5-15,-2.119651091064688,73,-2.1215839223104322,MAP_SCADA,5,0.001932831245744282
0,x_tcsc,1-14,-0.10431792148953327,74,-0.10759375181823708,MAP_SCADA,5,0.0032758303287038076
1,B_svc,2,0.1811248064659187,74,0.17618784178147667,MAP_SCADA,5,0.004936964684442019
2,UPFC_Vsh,5-15,1.1099430822379803,74,1.1115344568080843,MAP_SCADA,5,0.0015913745701039428
3,UPFC_tsh,5-15,-0.23852746172805828,74,-0.23650317855655192,MAP_SCADA,5,0.0020242831715063525
4,UPFC_Vse,5-15,0.05784374657307531,74,0.05803446996422508,MAP_SCADA,5,0.0001907233911497691
5,UPFC_tse,5-15,-2.121425096913782,74,-2.1215839223104322,MAP_SCADA,5,0.0001588253966504638
0,x_tcsc,1-14,-0.103353053211812,75,-0.10759375181823708,MAP_SCADA,5,0.004240698606425078
1,B_svc,2,0.18807150083032478,75,0.17618784178147667,MAP_SCADA,5,0.01188365904884811
2,UPFC_Vsh,5-15,1.1111700606315367,75,1.1115344568080843,MAP_SCADA,5,0.0003643961765475989
3,UPFC_tsh,5-15,-0.2388301118941401,75,-0.23650317855655192,MAP_SCADA,5,0.002326933337588183
4,UPFC_Vse,5-15,0.057665588016663855,75,0.05803446996422508,MAP_SCADA,5,0.0003688819475612254
5,UPFC_tse,5-15,-2.123561272171615,75,-2.1215839223104322,MAP_SCADA,5,0.001977349861182809
0,x_tcsc,1-14,-0.10893838338128896,76,-0.10759375181823708,MAP_SCADA,5,0.0013446315630518818
1,B_svc,2,0.17015960069209635,76,0.17618784178147667,MAP_SCADA,5,0.006028241089380326
2,UPFC_Vsh,5-15,1.1136347042650967,76,1.1115344568080843,MAP_SCADA,5,0.0021002474570124274
3,UPFC_tsh,5-15,-0.2356088372004739,76,-0.23650317855655192,MAP_SCADA,5,0.0008943413560780211
4,UPFC_Vse,5-15,0.05739174891156154,76,0.05803446996422508,MAP_SCADA,5,0.0006427210526635391
5,UPFC_tse,5-15,-2.1131298745475315,76,-2.1215839223104322,MAP_SCADA,5,0.008454047762900707
0,x_tcsc,1-14,-0.10677148640328579,77,-0.10759375181823708,MAP_SCADA,5,0.0008222654149512842
1,B_svc,2,0.17490146294845868,77,0.17618784178147667,MAP_SCADA,5,0.0012863788330179926
2,UPFC_Vsh,5-15,1.1099104962836785,77,1.1115344568080843,MAP_SCADA,5,0.001623960524405721
3,UPFC_tsh,5-15,-0.2369514487516909,77,-0.23650317855655192,MAP_SCADA,5,0.0004482701951389889
4,UPFC_Vse,5-15,0.05773714951810732,77,0.05803446996422508,MAP_SCADA,5,0.00029732044611775754
5,UPFC_tse,5-15,-2.1166647015932987,77,-2.1215839223104322,MAP_SCADA,5,0.004919220717133577
0,x_tcsc,1-14,-0.10924023694539466,78,-0.10759375181823708,MAP_SCADA,5,0.0016464851271575792
1,B_svc,2,0.17022007529560623,78,0.17618784178147667,MAP_SCADA,5,0.0059677664858704405
2,UPFC_Vsh,5-15,1.1133807467142431,78,1.1115344568080843,MAP_SCADA,5,0.0018462899061588711
3,UPFC_tsh,5-15,-0.23596645081338674,78,-0.23650317855655192,MAP_SCADA,5,0.0005367277431651829
4,UPFC_Vse,5-15,0.05711119384068331,78,0.05803446996422508,MAP_SCADA,5,0.0009232761235417677
5,UPFC_tse,5-15,-2.118052252316137,78,-2.1215839223104322,MAP_SCADA,5,0.003531669994295328
0,x_tcsc,1-14,-0.10743509187356443,79,-0.10759375181823708,MAP_SCADA,5,0.0001586599446726511
1,B_svc,2,0.17324594257769063,79,0.17618784178147667,MAP_SCADA,5,0.0029418992037860414
2,UPFC_Vsh,5-15,1.108719981361768,79,1.1115344568080843,MAP_SCADA,5,0.002814475446316189
3,UPFC_tsh,5-15,-0.23807533379593204,79,-0.23650317855655192,MAP_SCADA,5,0.0015721552393801186
4,UPFC_Vse,5-15,0.05754558435882357,79,0.05803446996422508,MAP_SCADA,5,0.0004888856054015081
5,UPFC_tse,5-15,-2.119357535515237,79,-2.1215839223104322,MAP_SCADA,5,0.0022263867951952676
0,x_tcsc,1-14,-0.107329286458181,80,-0.10759375181823708,MAP_SCADA,5,0.0002644653600560737
1,B_svc,2,0.17772680523582715,80,0.17618784178147667,MAP_SCADA,5,0.0015389634543504782
2,UPFC_Vsh,5-15,1.1115344080452432,80,1.1115344568080843,MAP_SCADA,5,4.876284109833762e-08
3,UPFC_tsh,5-15,-0.23749761612930478,80,-0.23650317855655192,MAP_SCADA,5,0.0009944375727528598
4,UPFC_Vse,5-15,0.05787973421424841,80,0.05803446996422508,MAP_SCADA,5,0.00015473574997666717
5,UPFC_tse,5-15,-2.11619148161768,80,-2.1215839223104322,MAP_SCADA,5,0.005392440692752132
0,x_tcsc,1-14,-0.10845470603263258,81,-0.10759375181823708,MAP_SCADA,5,0.0008609542143954985
1,B_svc,2,0.17185062316901872,81,0.17618784178147667,MAP_SCADA,5,0.004337218612457949
2,UPFC_Vsh,5-15,1.1136041315982959,81,1.1115344568080843,MAP_SCADA,5,0.002069674790211584
3,UPFC_tsh,5-15,-0.2352518795033683,81,-0.23650317855655192,MAP_SCADA,5,0.0012512990531836354
4,UPFC_Vse,5-15,0.0565316838469432,81,0.05803446996422508,MAP_SCADA,5,0.0015027861172818777
5,UPFC_tse,5-15,-2.121089216774669,81,-2.1215839223104322,MAP_SCADA,5,0.0004947055357633623
0,x_tcsc,1-14,-0.10728363738035555,82,-0.10759375181823708,MAP_SCADA,5,0.00031011443788152293
1,B_svc,2,0.17660953080738076,82,0.17618784178147667,MAP_SCADA,5,0.0004216890259040873
2,UPFC_Vsh,5-15,1.1133363796913327,82,1.1115344568080843,MAP_SCADA,5,0.0018019228832484302
3,UPFC_tsh,5-15,-0.23557723587673135,82,-0.23650317855655192,MAP_SCADA,5,0.0009259426798205739
4,UPFC_Vse,5-15,0.057052670988737716,82,0.05803446996422508,MAP_SCADA,5,0.0009817989754873635
5,UPFC_tse,5-15,-2.1125245344276045,82,-2.1215839223104322,MAP_SCADA,5,0.009059387882827785
0,x_tcsc,1-14,-0.10704909661563972,83,-0.10759375181823708,MAP_SCADA,5,0.0005446552025973606
1,B_svc,2,0.17439535340915538,83,0.17618784178147667,MAP_SCADA,5,0.0017924883723212937
2,UPFC_Vsh,5-15,1.1138189432401893,83,1.1115344568080843,MAP_SCADA,5,0.002284486432104993
3,UPFC_tsh,5-15,-0.23591608576235498,83,-0.23650317855655192,MAP_SCADA,5,0.0005870927941969417
4,UPFC_Vse,5-15,0.05755680394915602,83,0.05803446996422508,MAP_SCADA,5,0.0004776660150690587
5,UPFC_tse,5-15,-2.1157134403197753,83,-2.1215839223104322,MAP_SCADA,5,0.005870481990656984
0,x_tcsc,1-14,-0.10676170257170853,84,-0.10759375181823708,MAP_SCADA,5,0.000832049246528549
1,B_svc,2,0.17690582416355186,84,0.17618784178147667,MAP_SCADA,5,0.0007179823820751829
2,UPFC_Vsh,5-15,1.1119187557480708,84,1.1115344568080843,MAP_SCADA,5,0.0003842989399864827
3,UPFC_tsh,5-15,-0.23693835217805137,84,-0.23650317855655192,MAP_SCADA,5,0.00043517362149944616
4,UPFC_Vse,5-15,0.05779647132148402,84,0.05803446996422508,MAP_SCADA,5,0.00023799864274105798
5,UPFC_tse,5-15,-2.119832423144779,84,-2.1215839223104322,MAP_SCADA,5,0.001751499165653314
0,x_tcsc,1-14,-0.10433107499372325,85,-0.10759375181823708,MAP_SCADA,5,0.0032626768245138243
1,B_svc,2,0.18503884107302948,85,0.17618784178147667,MAP_SCADA,5,0.008850999291552808
2,UPFC_Vsh,5-15,1.1096490244908552,85,1.1115344568080843,MAP_SCADA,5,0.001885432317229041
3,UPFC_tsh,5-15,-0.23908337904595656,85,-0.23650317855655192,MAP_SCADA,5,0.0025802004894046326
4,UPFC_Vse,5-15,0.057711255599064704,85,0.05803446996422508,MAP_SCADA,5,0.0003232143651603764
5,UPFC_tse,5-15,-2.121862773911793,85,-2.1215839223104322,MAP_SCADA,5,0.00027885160136076337
0,x_tcsc,1-14,-0.10627085253489142,86,-0.10759375181823708,MAP_SCADA,5,0.0013228992833456549
1,B_svc,2,0.177950381895317,86,0.17618784178147667,MAP_SCADA,5,0.001762540113840333
2,UPFC_Vsh,5-15,1.1115180763241355,86,1.1115344568080843,MAP_SCADA,5,1.6380483948807978e-05
3,UPFC_tsh,5-15,-0.23679857101651225,86,-0.23650317855655192,MAP_SCADA,5,0.00029539245996032526
4,UPFC_Vse,5-15,0.057956856977195124,86,0.05803446996422508,MAP_SCADA,5,7.76129870299555e-05
5,UPFC_tse,5-15,-2.1201205352270294,86,-2.1215839223104322,MAP_SCADA,5,0.0014633870834028784
0,x_tcsc,1-14,-0.10651687940064776,87,-0.10759375181823708,MAP_SCADA,5,0.0010768724175893168
1,B_svc,2,0.18254309035161495,87,0.17618784178147667,MAP_SCADA,5,0.006355248570138278
2,UPFC_Vsh,5-15,1.1098899213950526,87,1.1115344568080843,MAP_SCADA,5,0.001644535413031667
3,UPFC_tsh,5-15,-0.23761277738038303,87,-0.23650317855655192,MAP_SCADA,5,0.0011095988238311039
4,UPFC_Vse,5-15,0.0574593173937414,87,0.05803446996422508,MAP_SCADA,5,0.0005751525704836766
5,UPFC_tse,5-15,-2.121138093764339,87,-2.1215839223104322,MAP_SCADA,5,0.00044582854609309663
0,x_tcsc,1-14,-0.1056307771781821,88,-0.10759375181823708,MAP_SCADA,5,0.0019629746400549736
1,B_svc,2,0.1824884266434068,88,0.17618784178147667,MAP_SCADA,5,0.006300584861930136
2,UPFC_Vsh,5-15,1.1101963057729272,88,1.1115344568080843,MAP_SCADA,5,0.001338151035157109
3,UPFC_tsh,5-15,-0.23763002628571525,88,-0.23650317855655192,MAP_SCADA,5,0.0011268477291633272
4,UPFC_Vse,5-15,0.05706675078108499,88,0.05803446996422508,MAP_SCADA,5,0.0009677191831400922
5,UPFC_tse,5-15,-2.1196074179549385,88,-2.1215839223104322,MAP_SCADA,5,0.001976504355493791
0,x_tcsc,1-14,-0.1068650757269267,89,-0.10759375181823708,MAP_SCADA,5,0.0007286760913103735
1,B_svc,2,0.17718067164134646,89,0.17618784178147667,MAP_SCADA,5,0.0009928298598697871
2,UPFC_Vsh,5-15,1.1127660092473064,89,1.1115344568080843,MAP_SCADA,5,0.0012315524392221278
3,UPFC_tsh,5-15,-0.2373073844773539,89,-0.23650317855655192,MAP_SCADA,5,0.0008042059208019647
4,UPFC_Vse,5-15,0.05689366350326791,89,0.05803446996422508,MAP_SCADA,5,0.0011408064609571694
5,UPFC_tse,5-15,-2.117896080173778,89,-2.1215839223104322,MAP_SCADA,5,0.0036878421366544067
0,x_tcsc,1-14,-0.10699046471291579,90,-0.10759375181823708,MAP_SCADA,5,0.0006032871053212874
1,B_svc,2,0.17719256344522044,90,0.17618784178147667,MAP_SCADA,5,0.0010047216637437684
2,UPFC_Vsh,5-15,1.109052539356643,90,1.1115344568080843,MAP_SCADA,5,0.002481917451441218
3,UPFC_tsh,5-15,-0.23785065622494828,90,-0.23650317855655192,MAP_SCADA,5,0.0013474776683963519
4,UPFC_Vse,5-15,0.05830466828765745,90,0.05803446996422508,MAP_SCADA,5,0.00027019832343237044
5,UPFC_tse,5-15,-2.120107730975188,90,-2.1215839223104322,MAP_SCADA,5,0.0014761913352443479
0,x_tcsc,1-14,-0.10506074381709783,91,-0.10759375181823708,MAP_SCADA,5,0.0025330080011392447
1,B_svc,2,0.18563134723275895,91,0.17618784178147667,MAP_SCADA,5,0.00944350545128228
2,UPFC_Vsh,5-15,1.107344280444785,91,1.1115344568080843,MAP_SCADA,5,0.004190176363299214
3,UPFC_tsh,5-15,-0.24009200989541232,91,-0.23650317855655192,MAP_SCADA,5,0.0035888313388603987
4,UPFC_Vse,5-15,0.05745016323994678,91,0.05803446996422508,MAP_SCADA,5,0.0005843067242782968
5,UPFC_tse,5-15,-2.129716491830026,91,-2.1215839223104322,MAP_SCADA,5,0.008132569519593957
0,x_tcsc,1-14,-0.10843316130367997,92,-0.10759375181823708,MAP_SCADA,5,0.0008394094854428935
1,B_svc,2,0.171724517507776,92,0.17618784178147667,MAP_SCADA,5,0.004463324273700664
2,UPFC_Vsh,5-15,1.1124955617280345,92,1.1115344568080843,MAP_SCADA,5,0.000961104919950273
3,UPFC_tsh,5-15,-0.23592061914407508,92,-0.23650317855655192,MAP_SCADA,5,0.0005825594124768407
4,UPFC_Vse,5-15,0.05764937454389893,92,0.05803446996422508,MAP_SCADA,5,0.00038509542032615085
5,UPFC_tse,5-15,-2.115887173504994,92,-2.1215839223104322,MAP_SCADA,5,0.005696748805438467
0,x_tcsc,1-14,-0.10527819592613752,93,-0.10759375181823708,MAP_SCADA,5,0.002315555892099558
1,B_svc,2,0.18394801974922592,93,0.17618784178147667,MAP_SCADA,5,0.007760177967749249
2,UPFC_Vsh,5-15,1.1121927994121752,93,1.1115344568080843,MAP_SCADA,5,0.0006583426040909224
3,UPFC_tsh,5-15,-0.23767845269493082,93,-0.23650317855655192,MAP_SCADA,5,0.0011752741383788956
4,UPFC_Vse,5-15,0.05811935876557973,93,0.05803446996422508,MAP_SCADA,5,8.488880135464755e-05
5,UPFC_tse,5-15,-2.1160067421541595,93,-2.1215839223104322,MAP_SCADA,5,0.005577180156272732
0,x_tcsc,1-14,-0.10848267666552323,94,-0.10759375181823708,MAP_SCADA,5,0.0008889248472861572
1,B_svc,2,0.17129404864009537,94,0.17618784178147667,MAP_SCADA,5,0.004893793141381303
2,UPFC_Vsh,5-15,1.1113930301542858,94,1.1115344568080843,MAP_SCADA,5,0.00014142665379845987
3,UPFC_tsh,5-15,-0.2362084475764398,94,-0.23650317855655192,MAP_SCADA,5,0.0002947309801121234
4,UPFC_Vse,5-15,0.057179680241642564,94,0.05803446996422508,MAP_SCADA,5,0.0008547897225825163
5,UPFC_tse,5-15,-2.117519973685605,94,-2.1215839223104322,MAP_SCADA,5,0.004063948624827063
0,x_tcsc,1-14,-0.10609612643226632,95,-0.10759375181823708,MAP_SCADA,5,0.0014976253859707578
1,B_svc,2,0.18034927342603962,95,0.17618784178147667,MAP_SCADA,5,0.004161431644562952
2,UPFC_Vsh,5-15,1.1081572271684876,95,1.1115344568080843,MAP_SCADA,5,0.003377229639596635
3,UPFC_tsh,5-15,-0.23896856849243206,95,-0.23650317855655192,MAP_SCADA,5,0.0024653899358801357
4,UPFC_Vse,5-15,0.05827706701732483,95,0.05803446996422508,MAP_SCADA,5,0.00024259705309975094
5,UPFC_tse,5-15,-2.1231450659637763,95,-2.1215839223104322,MAP_SCADA,5,0.0015611436533440326
0,x_tcsc,1-14,-0.11072494674634924,96,-0.10759375181823708,MAP_SCADA,5,0.0031311949281121604
1,B_svc,2,0.16382259331556495,96,0.17618784178147667,MAP_SCADA,5,0.012365248465911721
2,UPFC_Vsh,5-15,1.1131482719824068,96,1.1115344568080843,MAP_SCADA,5,0.0016138151743225748
3,UPFC_tsh,5-15,-0.23519080502005715,96,-0.23650317855655192,MAP_SCADA,5,0.0013123735364947708
4,UPFC_Vse,5-15,0.057372158170830606,96,0.05803446996422508,MAP_SCADA,5,0.0006623117933944739
5,UPFC_tse,5-15,-2.1161767640182254,96,-2.1215839223104322,MAP_SCADA,5,0.005407158292206837
0,x_tcsc,1-14,-0.10717201549915735,97,-0.10759375181823708,MAP_SCADA,5,0.00042173631907972686
1,B_svc,2,0.17993119020529763,97,0.17618784178147667,MAP_SCADA,5,0.003743348423820958
2,UPFC_Vsh,5-15,1.1113859768397536,97,1.1115344568080843,MAP_SCADA,5,0.00014847996833067256
3,UPFC_tsh,5-15,-0.23733175664322106,97,-0.23650317855655192,MAP_SCADA,5,0.0008285780866691406
4,UPFC_Vse,5-15,0.05756112498967703,97,0.05803446996422508,MAP_SCADA,5,0.00047334497454804697
5,UPFC_tse,5-15,-2.1183860517395594,97,-2.1215839223104322,MAP_SCADA,5,0.0031978705708728405
0,x_tcsc,1-14,-0.10794320493711781,98,-0.10759375181823708,MAP_SCADA,5,0.00034945311888073816
1,B_svc,2,0.17594575429682419,98,0.17618784178147667,MAP_SCADA,5,0.00024208748465248675
2,UPFC_Vsh,5-15,1.1139945785284209,98,1.1115344568080843,MAP_SCADA,5,0.0024601217203366055
3,UPFC_tsh,5-15,-0.23616473699877685,98,-0.23650317855655192,MAP_SCADA,5,0.000338441557775071
4,UPFC_Vse,5-15,0.057481413833521275,98,0.05803446996422508,MAP_SCADA,5,0.0005530561307038051
5,UPFC_tse,5-15,-2.1167090690392265,98,-2.1215839223104322,MAP_SCADA,5,0.004874853271205737
0,x_tcsc,1-14,-0.10549981687781415,99,-0.10759375181823708,MAP_SCADA,5,0.0020939349404229257
1,B_svc,2,0.18435980766770546,99,0.17618784178147667,MAP_SCADA,5,0.008171965886228788
2,UPFC_Vsh,5-15,1.110605632781286,99,1.1115344568080843,MAP_SCADA,5,0.0009288240267981696
3,UPFC_tsh,5-15,-0.23879532010179283,99,-0.23650317855655192,MAP_SCADA,5,0.0022921415452409055
4,UPFC_Vse,5-15,0.0585592895290129,99,0.05803446996422508,MAP_SCADA,5,0.0005248195647878234
5,UPFC_tse,5-15,-2.120240844202484,99,-2.1215839223104322,MAP_SCADA,5,0.0013430781079484255
0,x_tcsc,1-14,-0.10671143253086024,0,-0.10627177274999698,MAP_SCADA,7,0.00043965978086325797
1,B_svc,2,0.17853734538277877,0,0.1737697612163251,MAP_SCADA,7,0.0047675841664536756
2,UPFC_Vsh,5-15,1.1109207789140585,0,1.1111615739377885,MAP_SCADA,7,0.0002407950237299783
3,UPFC_tsh,5-15,-0.23731745143979585,0,-0.23738078940175356,MAP_SCADA,7,6.333796195770458e-05
4,UPFC_Vse,5-15,0.05763375636709128,0,0.05887941255593789,MAP_SCADA,7,0.0012456561888466097
5,UPFC_tse,5-15,-2.121116529035107,0,-2.13007471090317,MAP_SCADA,7,0.008958181868063075
0,x_tcsc,1-14,-0.10884679222871829,1,-0.10627177274999698,MAP_SCADA,7,0.0025750194787213104
1,B_svc,2,0.17210654984970408,1,0.1737697612163251,MAP_SCADA,7,0.001663211366621009
2,UPFC_Vsh,5-15,1.1125691339351063,1,1.1111615739377885,MAP_SCADA,7,0.0014075599973177866
3,UPFC_tsh,5-15,-0.23614062783557177,1,-0.23738078940175356,MAP_SCADA,7,0.0012401615661817855
4,UPFC_Vse,5-15,0.05726992650712081,1,0.05887941255593789,MAP_SCADA,7,0.0016094860488170826
5,UPFC_tse,5-15,-2.114605669181904,1,-2.13007471090317,MAP_SCADA,7,0.015469041721265953
0,x_tcsc,1-14,-0.106438597648498,2,-0.10627177274999698,MAP_SCADA,7,0.00016682489850101956
1,B_svc,2,0.17900573324605812,2,0.1737697612163251,MAP_SCADA,7,0.005235972029733027
2,UPFC_Vsh,5-15,1.110557377207309,2,1.1111615739377885,MAP_SCADA,7,0.0006041967304795115
3,UPFC_tsh,5-15,-0.23791607483260863,2,-0.23738078940175356,MAP_SCADA,7,0.0005352854308550703
4,UPFC_Vse,5-15,0.05782458523939781,2,0.05887941255593789,MAP_SCADA,7,0.00105482731654008
5,UPFC_tse,5-15,-2.121047690115321,2,-2.13007471090317,MAP_SCADA,7,0.009027020787849338
0,x_tcsc,1-14,-0.1082485724483868,3,-0.10627177274999698,MAP_SCADA,7,0.0019767996983898195
1,B_svc,2,0.17084799387894223,3,0.1737697612163251,MAP_SCADA,7,0.0029217673373828634
2,UPFC_Vsh,5-15,1.1133073606530108,3,1.1111615739377885,MAP_SCADA,7,0.002145786715222364
3,UPFC_tsh,5-15,-0.2352148361230751,3,-0.23738078940175356,MAP_SCADA,7,0.0021659532786784674
4,UPFC_Vse,5-15,0.05744203276710792,3,0.05887941255593789,MAP_SCADA,7,0.0014373797888299691
5,UPFC_tse,5-15,-2.1187469994643453,3,-2.13007471090317,MAP_SCADA,7,0.011327711438824828
0,x_tcsc,1-14,-0.10589216153963375,4,-0.10627177274999698,MAP_SCADA,7,0.00037961121036322876
1,B_svc,2,0.18057721027425636,4,0.1737697612163251,MAP_SCADA,7,0.006807449057931264
2,UPFC_Vsh,5-15,1.1090639373079867,4,1.1111615739377885,MAP_SCADA,7,0.00209763662980178
3,UPFC_tsh,5-15,-0.23901694259159015,4,-0.23738078940175356,MAP_SCADA,7,0.0016361531898365922
4,UPFC_Vse,5-15,0.057420897493637865,4,0.05887941255593789,MAP_SCADA,7,0.0014585150623000268
5,UPFC_tse,5-15,-2.1217880216245173,4,-2.13007471090317,MAP_SCADA,7,0.008286689278652837
0,x_tcsc,1-14,-0.10962718592320896,5,-0.10627177274999698,MAP_SCADA,7,0.003355413173211974
1,B_svc,2,0.16734710763118957,5,0.1737697612163251,MAP_SCADA,7,0.006422653585135524
2,UPFC_Vsh,5-15,1.113238663056068,5,1.1111615739377885,MAP_SCADA,7,0.0020770891182795292
3,UPFC_tsh,5-15,-0.2353712142411416,5,-0.23738078940175356,MAP_SCADA,7,0.002009575160611954
4,UPFC_Vse,5-15,0.05765870072751411,5,0.05887941255593789,MAP_SCADA,7,0.0012207118284237803
5,UPFC_tse,5-15,-2.116604966915444,5,-2.13007471090317,MAP_SCADA,7,0.013469743987726268
0,x_tcsc,1-14,-0.1072394089863974,6,-0.10627177274999698,MAP_SCADA,7,0.000967636236400421
1,B_svc,2,0.17505832381110656,6,0.1737697612163251,MAP_SCADA,7,0.0012885625947814672
2,UPFC_Vsh,5-15,1.1134733590139796,6,1.1111615739377885,MAP_SCADA,7,0.0023117850761911196
3,UPFC_tsh,5-15,-0.23630289751870623,6,-0.23738078940175356,MAP_SCADA,7,0.0010778918830473272
4,UPFC_Vse,5-15,0.057209379708297675,6,0.05887941255593789,MAP_SCADA,7,0.0016700328476402168
5,UPFC_tse,5-15,-2.118697070191822,6,-2.13007471090317,MAP_SCADA,7,0.011377640711347947
0,x_tcsc,1-14,-0.106904312225471,7,-0.10627177274999698,MAP_SCADA,7,0.0006325394754740227
1,B_svc,2,0.17859066157689701,7,0.1737697612163251,MAP_SCADA,7,0.0048209003605719225
2,UPFC_Vsh,5-15,1.1115241542852348,7,1.1111615739377885,MAP_SCADA,7,0.0003625803474462952
3,UPFC_tsh,5-15,-0.23696277691500586,7,-0.23738078940175356,MAP_SCADA,7,0.0004180124867476931
4,UPFC_Vse,5-15,0.05719135020998187,7,0.05887941255593789,MAP_SCADA,7,0.0016880623459560248
5,UPFC_tse,5-15,-2.120352712191659,7,-2.13007471090317,MAP_SCADA,7,0.009721998711511137
0,x_tcsc,1-14,-0.10584256465175358,8,-0.10627177274999698,MAP_SCADA,7,0.0004292080982433999
1,B_svc,2,0.17957565213745705,8,0.1737697612163251,MAP_SCADA,7,0.0058058909211319565
2,UPFC_Vsh,5-15,1.1114213514564535,8,1.1111615739377885,MAP_SCADA,7,0.0002597775186650164
3,UPFC_tsh,5-15,-0.23804470709609643,8,-0.23738078940175356,MAP_SCADA,7,0.0006639176943428748
4,UPFC_Vse,5-15,0.05767086577863096,8,0.05887941255593789,MAP_SCADA,7,0.001208546777306932
5,UPFC_tse,5-15,-2.1195907835996595,8,-2.13007471090317,MAP_SCADA,7,0.010483927303510665
0,x_tcsc,1-14,-0.10784650785057542,9,-0.10627177274999698,MAP_SCADA,7,0.0015747351005784421
1,B_svc,2,0.17403306430088125,9,0.1737697612163251,MAP_SCADA,7,0.00026330308455616014
2,UPFC_Vsh,5-15,1.1136591443971575,9,1.1111615739377885,MAP_SCADA,7,0.0024975704593690473
3,UPFC_tsh,5-15,-0.23540412352425605,9,-0.23738078940175356,MAP_SCADA,7,0.0019766658774975077
4,UPFC_Vse,5-15,0.05764721708836011,9,0.05887941255593789,MAP_SCADA,7,0.0012321954675777805
5,UPFC_tse,5-15,-2.1166377891830908,9,-2.13007471090317,MAP_SCADA,7,0.013436921720079376
0,x_tcsc,1-14,-0.10843919964143052,10,-0.10627177274999698,MAP_SCADA,7,0.002167426891433538
1,B_svc,2,0.1733415956284689,10,0.1737697612163251,MAP_SCADA,7,0.0004281655878561885
2,UPFC_Vsh,5-15,1.1120251269562094,10,1.1111615739377885,MAP_SCADA,7,0.0008635530184208928
3,UPFC_tsh,5-15,-0.23596809646704503,10,-0.23738078940175356,MAP_SCADA,7,0.001412692934708526
4,UPFC_Vse,5-15,0.0564854939523338,10,0.05887941255593789,MAP_SCADA,7,0.002393918603604092
5,UPFC_tse,5-15,-2.1208915776861685,10,-2.13007471090317,MAP_SCADA,7,0.009183133217001593
0,x_tcsc,1-14,-0.10717114851830077,11,-0.10627177274999698,MAP_SCADA,7,0.0008993757683037895
1,B_svc,2,0.17747026057926507,11,0.1737697612163251,MAP_SCADA,7,0.0037004993629399796
2,UPFC_Vsh,5-15,1.1124363488801543,11,1.1111615739377885,MAP_SCADA,7,0.0012747749423658306
3,UPFC_tsh,5-15,-0.23632852993489933,11,-0.23738078940175356,MAP_SCADA,7,0.0010522594668542218
4,UPFC_Vse,5-15,0.05659742194993677,11,0.05887941255593789,MAP_SCADA,7,0.002281990606001122
5,UPFC_tse,5-15,-2.1197408115722536,11,-2.13007471090317,MAP_SCADA,7,0.010333899330916552
0,x_tcsc,1-14,-0.10802946345880032,12,-0.10627177274999698,MAP_SCADA,7,0.0017576907088033417
1,B_svc,2,0.17281276942429238,12,0.1737697612163251,MAP_SCADA,7,0.0009569917920327076
2,UPFC_Vsh,5-15,1.1130757120421997,12,1.1111615739377885,MAP_SCADA,7,0.0019141381044112116
3,UPFC_tsh,5-15,-0.23632368050223404,12,-0.23738078940175356,MAP_SCADA,7,0.0010571088995195155
4,UPFC_Vse,5-15,0.057571961367978236,12,0.05887941255593789,MAP_SCADA,7,0.001307451187959656
5,UPFC_tse,5-15,-2.1157178822797733,12,-2.13007471090317,MAP_SCADA,7,0.014356828623396822
0,x_tcsc,1-14,-0.10570316958983077,13,-0.10627177274999698,MAP_SCADA,7,0.0005686031601662145
1,B_svc,2,0.18249973312876458,13,0.1737697612163251,MAP_SCADA,7,0.008729971912439488
2,UPFC_Vsh,5-15,1.1131296050156416,13,1.1111615739377885,MAP_SCADA,7,0.0019680310778531496
3,UPFC_tsh,5-15,-0.23783442634788132,13,-0.23738078940175356,MAP_SCADA,7,0.0004536369461277667
4,UPFC_Vse,5-15,0.056484936983598154,13,0.05887941255593789,MAP_SCADA,7,0.002394475572339738
5,UPFC_tse,5-15,-2.115261398749947,13,-2.13007471090317,MAP_SCADA,7,0.014813312153223013
0,x_tcsc,1-14,-0.10694923876760283,14,-0.10627177274999698,MAP_SCADA,7,0.0006774660176058489
1,B_svc,2,0.1769041692493913,14,0.1737697612163251,MAP_SCADA,7,0.0031344080330662216
2,UPFC_Vsh,5-15,1.1121526642391235,14,1.1111615739377885,MAP_SCADA,7,0.0009910903013350403
3,UPFC_tsh,5-15,-0.2370323619370798,14,-0.23738078940175356,MAP_SCADA,7,0.0003484274646737562
4,UPFC_Vse,5-15,0.057139654468352036,14,0.05887941255593789,MAP_SCADA,7,0.0017397580875858562
5,UPFC_tse,5-15,-2.1194773532602125,14,-2.13007471090317,MAP_SCADA,7,0.010597357642957661
0,x_tcsc,1-14,-0.10869855072993599,15,-0.10627177274999698,MAP_SCADA,7,0.00242677797993901
1,B_svc,2,0.1722439116589828,15,0.1737697612163251,MAP_SCADA,7,0.0015258495573422792
2,UPFC_Vsh,5-15,1.1123269308828758,15,1.1111615739377885,MAP_SCADA,7,0.001165356945087348
3,UPFC_tsh,5-15,-0.23591736677432862,15,-0.23738078940175356,MAP_SCADA,7,0.0014634226274249373
4,UPFC_Vse,5-15,0.05746552861625833,15,0.05887941255593789,MAP_SCADA,7,0.001413883939679561
5,UPFC_tse,5-15,-2.114336762711501,15,-2.13007471090317,MAP_SCADA,7,0.015737948191669293
0,x_tcsc,1-14,-0.10723509198330802,16,-0.10627177274999698,MAP_SCADA,7,0.0009633192333110413
1,B_svc,2,0.17398967179522495,16,0.1737697612163251,MAP_SCADA,7,0.00021991057889986232
2,UPFC_Vsh,5-15,1.1110458587351355,16,1.1111615739377885,MAP_SCADA,7,0.0001157152026529662
3,UPFC_tsh,5-15,-0.23700163214610448,16,-0.23738078940175356,MAP_SCADA,7,0.0003791572556490763
4,UPFC_Vse,5-15,0.05741412427159274,16,0.05887941255593789,MAP_SCADA,7,0.0014652882843451537
5,UPFC_tse,5-15,-2.115454248723215,16,-2.13007471090317,MAP_SCADA,7,0.014620462179955052
0,x_tcsc,1-14,-0.11066622826773613,17,-0.10627177274999698,MAP_SCADA,7,0.004394455517739149
1,B_svc,2,0.17213545326446683,17,0.1737697612163251,MAP_SCADA,7,0.0016343079518582604
2,UPFC_Vsh,5-15,1.1101691119931705,17,1.1111615739377885,MAP_SCADA,7,0.000992461944617995
3,UPFC_tsh,5-15,-0.23638238289548702,17,-0.23738078940175356,MAP_SCADA,7,0.000998406506266536
4,UPFC_Vse,5-15,0.05704571524866088,17,0.05887941255593789,MAP_SCADA,7,0.0018336973072770116
5,UPFC_tse,5-15,-2.1255108704267474,17,-2.13007471090317,MAP_SCADA,7,0.004563840476422776
0,x_tcsc,1-14,-0.10647726198792858,18,-0.10627177274999698,MAP_SCADA,7,0.00020548923793159424
1,B_svc,2,0.17890991783106908,18,0.1737697612163251,MAP_SCADA,7,0.005140156614743985
2,UPFC_Vsh,5-15,1.1113916813722353,18,1.1111615739377885,MAP_SCADA,7,0.00023010743444684678
3,UPFC_tsh,5-15,-0.23750430204608403,18,-0.23738078940175356,MAP_SCADA,7,0.00012351264433047016
4,UPFC_Vse,5-15,0.0579754917237041,18,0.05887941255593789,MAP_SCADA,7,0.0009039208322337913
5,UPFC_tse,5-15,-2.1210878076752175,18,-2.13007471090317,MAP_SCADA,7,0.008986903227952592
0,x_tcsc,1-14,-0.10880064867843024,19,-0.10627177274999698,MAP_SCADA,7,0.0025288759284332607
1,B_svc,2,0.17236500079037237,19,0.1737697612163251,MAP_SCADA,7,0.0014047604259527224
2,UPFC_Vsh,5-15,1.112334763295601,19,1.1111615739377885,MAP_SCADA,7,0.0011731893578126318
3,UPFC_tsh,5-15,-0.23575835468156742,19,-0.23738078940175356,MAP_SCADA,7,0.0016224347201861389
4,UPFC_Vse,5-15,0.057420643843725014,19,0.05887941255593789,MAP_SCADA,7,0.0014587687122128781
5,UPFC_tse,5-15,-2.1197007787621494,19,-2.13007471090317,MAP_SCADA,7,0.01037393214102078
0,x_tcsc,1-14,-0.10681796471203604,20,-0.10627177274999698,MAP_SCADA,7,0.000546191962039061
1,B_svc,2,0.17723798368864258,20,0.1737697612163251,MAP_SCADA,7,0.0034682224723174837
2,UPFC_Vsh,5-15,1.110328466941185,20,1.1111615739377885,MAP_SCADA,7,0.0008331069966034388
3,UPFC_tsh,5-15,-0.2373060069040069,20,-0.23738078940175356,MAP_SCADA,7,7.478249774664492e-05
4,UPFC_Vse,5-15,0.05749209778155573,20,0.05887941255593789,MAP_SCADA,7,0.0013873147743821632
5,UPFC_tse,5-15,-2.121057456966522,20,-2.13007471090317,MAP_SCADA,7,0.009017253936648206
0,x_tcsc,1-14,-0.10640127987977131,21,-0.10627177274999698,MAP_SCADA,7,0.0001295071297743311
1,B_svc,2,0.17706400553147694,21,0.1737697612163251,MAP_SCADA,7,0.003294244315151851
2,UPFC_Vsh,5-15,1.1123414247957542,21,1.1111615739377885,MAP_SCADA,7,0.0011798508579656808
3,UPFC_tsh,5-15,-0.23706487343632154,21,-0.23738078940175356,MAP_SCADA,7,0.00031591596543201206
4,UPFC_Vse,5-15,0.05804808066265128,21,0.05887941255593789,MAP_SCADA,7,0.000831331893286609
5,UPFC_tse,5-15,-2.1199889860303824,21,-2.13007471090317,MAP_SCADA,7,0.010085724872787694
0,x_tcsc,1-14,-0.1076874287003709,22,-0.10627177274999698,MAP_SCADA,7,0.0014156559503739202
1,B_svc,2,0.17814371796425674,22,0.1737697612163251,MAP_SCADA,7,0.0043739567479316455
2,UPFC_Vsh,5-15,1.1100397041732075,22,1.1111615739377885,MAP_SCADA,7,0.0011218697645809517
3,UPFC_tsh,5-15,-0.2373992929814906,22,-0.23738078940175356,MAP_SCADA,7,1.85035797370392e-05
4,UPFC_Vse,5-15,0.05746102628000953,22,0.05887941255593789,MAP_SCADA,7,0.0014183862759283641
5,UPFC_tse,5-15,-2.1138228571779285,22,-2.13007471090317,MAP_SCADA,7,0.016251853725241627
0,x_tcsc,1-14,-0.11114173205442038,23,-0.10627177274999698,MAP_SCADA,7,0.004869959304423396
1,B_svc,2,0.16571810927908867,23,0.1737697612163251,MAP_SCADA,7,0.00805165193723642
2,UPFC_Vsh,5-15,1.1102913160967147,23,1.1111615739377885,MAP_SCADA,7,0.0008702578410737516
3,UPFC_tsh,5-15,-0.23612314344192717,23,-0.23738078940175356,MAP_SCADA,7,0.0012576459598263867
4,UPFC_Vse,5-15,0.057828980132338344,23,0.05887941255593789,MAP_SCADA,7,0.0010504324235995482
5,UPFC_tse,5-15,-2.11634907225094,23,-2.13007471090317,MAP_SCADA,7,0.013725638652230199
0,x_tcsc,1-14,-0.10707298918273737,24,-0.10627177274999698,MAP_SCADA,7,0.0008012164327403926
1,B_svc,2,0.1750844181767696,24,0.1737697612163251,MAP_SCADA,7,0.001314656960444499
2,UPFC_Vsh,5-15,1.1103383294545885,24,1.1111615739377885,MAP_SCADA,7,0.0008232444831999253
3,UPFC_tsh,5-15,-0.2373858961720593,24,-0.23738078940175356,MAP_SCADA,7,5.106770305740582e-06
4,UPFC_Vse,5-15,0.05783441093683506,24,0.05887941255593789,MAP_SCADA,7,0.0010450016191028352
5,UPFC_tse,5-15,-2.1211963531878606,24,-2.13007471090317,MAP_SCADA,7,0.008878357715309537
0,x_tcsc,1-14,-0.10411209146765889,25,-0.10627177274999698,MAP_SCADA,7,0.002159681282338094
1,B_svc,2,0.18207388013521508,25,0.1737697612163251,MAP_SCADA,7,0.008304118918889991
2,UPFC_Vsh,5-15,1.1099508617603815,25,1.1111615739377885,MAP_SCADA,7,0.0012107121774069807
3,UPFC_tsh,5-15,-0.23921976991336424,25,-0.23738078940175356,MAP_SCADA,7,0.0018389805116106883
4,UPFC_Vse,5-15,0.057215626624696495,25,0.05887941255593789,MAP_SCADA,7,0.0016637859312413975
5,UPFC_tse,5-15,-2.1180417750198264,25,-2.13007471090317,MAP_SCADA,7,0.012032935883343754
0,x_tcsc,1-14,-0.1078001605743693,26,-0.10627177274999698,MAP_SCADA,7,0.0015283878243723126
1,B_svc,2,0.17458128190019787,26,0.1737697612163251,MAP_SCADA,7,0.000811520683872774
2,UPFC_Vsh,5-15,1.113580620074413,26,1.1111615739377885,MAP_SCADA,7,0.0024190461366244698
3,UPFC_tsh,5-15,-0.23556159092886747,26,-0.23738078940175356,MAP_SCADA,7,0.0018191984728860855
4,UPFC_Vse,5-15,0.05738429904808282,26,0.05887941255593789,MAP_SCADA,7,0.0014951135078550698
5,UPFC_tse,5-15,-2.116182058227431,26,-2.13007471090317,MAP_SCADA,7,0.013892652675739026
0,x_tcsc,1-14,-0.10825092537265413,27,-0.10627177274999698,MAP_SCADA,7,0.001979152622657146
1,B_svc,2,0.17430631258970788,27,0.1737697612163251,MAP_SCADA,7,0.0005365513733827931
2,UPFC_Vsh,5-15,1.1114662475697654,27,1.1111615739377885,MAP_SCADA,7,0.0003046736319769483
3,UPFC_tsh,5-15,-0.23746584465815873,27,-0.23738078940175356,MAP_SCADA,7,8.505525640517542e-05
4,UPFC_Vse,5-15,0.05788690302737337,27,0.05887941255593789,MAP_SCADA,7,0.000992509528564521
5,UPFC_tse,5-15,-2.118504077446963,27,-2.13007471090317,MAP_SCADA,7,0.011570633456207347
0,x_tcsc,1-14,-0.1062730187523376,28,-0.10627177274999698,MAP_SCADA,7,1.2460023406241083e-06
1,B_svc,2,0.18103079162220884,28,0.1737697612163251,MAP_SCADA,7,0.007261030405883745
2,UPFC_Vsh,5-15,1.1087301109081895,28,1.1111615739377885,MAP_SCADA,7,0.002431463029598957
3,UPFC_tsh,5-15,-0.2389396275716271,28,-0.23738078940175356,MAP_SCADA,7,0.0015588381698735387
4,UPFC_Vse,5-15,0.05792850816793582,28,0.05887941255593789,MAP_SCADA,7,0.0009509043880020704
5,UPFC_tse,5-15,-2.121591180104046,28,-2.13007471090317,MAP_SCADA,7,0.008483530799124228
0,x_tcsc,1-14,-0.10653628707019851,29,-0.10627177274999698,MAP_SCADA,7,0.00026451432020152543
1,B_svc,2,0.17965508087916948,29,0.1737697612163251,MAP_SCADA,7,0.0058853196628443905
2,UPFC_Vsh,5-15,1.1106446052036845,29,1.1111615739377885,MAP_SCADA,7,0.0005169687341040063
3,UPFC_tsh,5-15,-0.2376731179045099,29,-0.23738078940175356,MAP_SCADA,7,0.0002923285027563449
4,UPFC_Vse,5-15,0.05786677315107843,29,0.05887941255593789,MAP_SCADA,7,0.0010126394048594611
5,UPFC_tse,5-15,-2.120222833999159,29,-2.13007471090317,MAP_SCADA,7,0.009851876904011014
0,x_tcsc,1-14,-0.10952997111799802,30,-0.10627177274999698,MAP_SCADA,7,0.0032581983680010362
1,B_svc,2,0.16919933850561206,30,0.1737697612163251,MAP_SCADA,7,0.004570422710713035
2,UPFC_Vsh,5-15,1.1127862661947077,30,1.1111615739377885,MAP_SCADA,7,0.0016246922569191913
3,UPFC_tsh,5-15,-0.23534976633179824,30,-0.23738078940175356,MAP_SCADA,7,0.0020310230699553122
4,UPFC_Vse,5-15,0.05792238850708715,30,0.05887941255593789,MAP_SCADA,7,0.0009570240488507437
5,UPFC_tse,5-15,-2.1164729451535256,30,-2.13007471090317,MAP_SCADA,7,0.013601765749644557
0,x_tcsc,1-14,-0.10715060791579066,31,-0.10627177274999698,MAP_SCADA,7,0.0008788351657936788
1,B_svc,2,0.17281241655909546,31,0.1737697612163251,MAP_SCADA,7,0.0009573446572296307
2,UPFC_Vsh,5-15,1.1121750737216747,31,1.1111615739377885,MAP_SCADA,7,0.001013499783886207
3,UPFC_tsh,5-15,-0.23612890048767649,31,-0.23738078940175356,MAP_SCADA,7,0.0012518889140770706
4,UPFC_Vse,5-15,0.05741113562187503,31,0.05887941255593789,MAP_SCADA,7,0.0014682769340628593
5,UPFC_tse,5-15,-2.118555531744554,31,-2.13007471090317,MAP_SCADA,7,0.011519179158616222
0,x_tcsc,1-14,-0.10738626062904685,32,-0.10627177274999698,MAP_SCADA,7,0.001114487879049872
1,B_svc,2,0.17330701774645507,32,0.1737697612163251,MAP_SCADA,7,0.00046274346987001946
2,UPFC_Vsh,5-15,1.1120310826835351,32,1.1111615739377885,MAP_SCADA,7,0.0008695087457466499
3,UPFC_tsh,5-15,-0.23617144897870454,32,-0.23738078940175356,MAP_SCADA,7,0.0012093404230490157
4,UPFC_Vse,5-15,0.05687457505896244,32,0.05887941255593789,MAP_SCADA,7,0.0020048374969754493
5,UPFC_tse,5-15,-2.123660023297658,32,-2.13007471090317,MAP_SCADA,7,0.006414687605512004
0,x_tcsc,1-14,-0.10693539844775564,33,-0.10627177274999698,MAP_SCADA,7,0.0006636256977586574
1,B_svc,2,0.17768917211592447,33,0.1737697612163251,MAP_SCADA,7,0.003919410899599379
2,UPFC_Vsh,5-15,1.1095148249414561,33,1.1111615739377885,MAP_SCADA,7,0.0016467489963323256
3,UPFC_tsh,5-15,-0.2371331944262661,33,-0.23738078940175356,MAP_SCADA,7,0.00024759497548745846
4,UPFC_Vse,5-15,0.05721563919140297,33,0.05887941255593789,MAP_SCADA,7,0.0016637733645349234
5,UPFC_tse,5-15,-2.1196271921111913,33,-2.13007471090317,MAP_SCADA,7,0.010447518791978805
0,x_tcsc,1-14,-0.10687992533692643,34,-0.10627177274999698,MAP_SCADA,7,0.0006081525869294502
1,B_svc,2,0.17401309726872008,34,0.1737697612163251,MAP_SCADA,7,0.0002433360523949879
2,UPFC_Vsh,5-15,1.1123769845319478,34,1.1111615739377885,MAP_SCADA,7,0.0012154105941593052
3,UPFC_tsh,5-15,-0.23616750209149165,34,-0.23738078940175356,MAP_SCADA,7,0.0012132873102619068
4,UPFC_Vse,5-15,0.05717751357900006,34,0.05887941255593789,MAP_SCADA,7,0.0017018989769378295
5,UPFC_tse,5-15,-2.1212191870108876,34,-2.13007471090317,MAP_SCADA,7,0.008855523892282502
0,x_tcsc,1-14,-0.10736731801715636,35,-0.10627177274999698,MAP_SCADA,7,0.0010955452671593813
1,B_svc,2,0.1743344664120881,35,0.1737697612163251,MAP_SCADA,7,0.0005647051957630156
2,UPFC_Vsh,5-15,1.1121640478067782,35,1.1111615739377885,MAP_SCADA,7,0.0010024738689897728
3,UPFC_tsh,5-15,-0.23680846597136743,35,-0.23738078940175356,MAP_SCADA,7,0.0005723234303861291
4,UPFC_Vse,5-15,0.057952360550922254,35,0.05887941255593789,MAP_SCADA,7,0.0009270520050156383
5,UPFC_tse,5-15,-2.1169531607381513,35,-2.13007471090317,MAP_SCADA,7,0.013121550165018814
0,x_tcsc,1-14,-0.10815347514458465,36,-0.10627177274999698,MAP_SCADA,7,0.001881702394587667
1,B_svc,2,0.1710697004082666,36,0.1737697612163251,MAP_SCADA,7,0.0027000608080584854
2,UPFC_Vsh,5-15,1.1137240188584057,36,1.1111615739377885,MAP_SCADA,7,0.0025624449206171906
3,UPFC_tsh,5-15,-0.2358246848062136,36,-0.23738078940175356,MAP_SCADA,7,0.0015561045955399533
4,UPFC_Vse,5-15,0.057245825627543545,36,0.05887941255593789,MAP_SCADA,7,0.0016335869283943469
5,UPFC_tse,5-15,-2.1175965349312516,36,-2.13007471090317,MAP_SCADA,7,0.012478175971918581
0,x_tcsc,1-14,-0.10475515592541516,37,-0.10627177274999698,MAP_SCADA,7,0.001516616824581818
1,B_svc,2,0.18309482267944,37,0.1737697612163251,MAP_SCADA,7,0.009325061463114903
2,UPFC_Vsh,5-15,1.1127906253327882,37,1.1111615739377885,MAP_SCADA,7,0.001629051394999692
3,UPFC_tsh,5-15,-0.23802310460401754,37,-0.23738078940175356,MAP_SCADA,7,0.0006423152022639878
4,UPFC_Vse,5-15,0.057431952367715214,37,0.05887941255593789,MAP_SCADA,7,0.0014474601882226781
5,UPFC_tse,5-15,-2.1199405418760775,37,-2.13007471090317,MAP_SCADA,7,0.010134169027092632
0,x_tcsc,1-14,-0.10742269392758334,38,-0.10627177274999698,MAP_SCADA,7,0.0011509211775863615
1,B_svc,2,0.1755004971401978,38,0.1737697612163251,MAP_SCADA,7,0.0017307359238727116
2,UPFC_Vsh,5-15,1.1130201419013812,38,1.1111615739377885,MAP_SCADA,7,0.0018585679635927388
3,UPFC_tsh,5-15,-0.23693363430979963,38,-0.23738078940175356,MAP_SCADA,7,0.00044715509195392134
4,UPFC_Vse,5-15,0.057205520786809703,38,0.05887941255593789,MAP_SCADA,7,0.0016738917691281885
5,UPFC_tse,5-15,-2.1205146025924075,38,-2.13007471090317,MAP_SCADA,7,0.009560108310762594
0,x_tcsc,1-14,-0.10641915634401529,39,-0.10627177274999698,MAP_SCADA,7,0.0001473835940183077
1,B_svc,2,0.17958337075122596,39,0.1737697612163251,MAP_SCADA,7,0.005813609534900871
2,UPFC_Vsh,5-15,1.1118914083314206,39,1.1111615739377885,MAP_SCADA,7,0.0007298343936321672
3,UPFC_tsh,5-15,-0.23774754611117094,39,-0.23738078940175356,MAP_SCADA,7,0.0003667567094173818
4,UPFC_Vse,5-15,0.057058229476306656,39,0.05887941255593789,MAP_SCADA,7,0.0018211830796312362
5,UPFC_tse,5-15,-2.120243704132217,39,-2.13007471090317,MAP_SCADA,7,0.009831006770953277
0,x_tcsc,1-14,-0.10714899839915103,40,-0.10627177274999698,MAP_SCADA,7,0.0008772256491540453
1,B_svc,2,0.17792801003384645,40,0.1737697612163251,MAP_SCADA,7,0.0041582488175213594
2,UPFC_Vsh,5-15,1.1104977926102153,40,1.1111615739377885,MAP_SCADA,7,0.0006637813275731652
3,UPFC_tsh,5-15,-0.23778322722768935,40,-0.23738078940175356,MAP_SCADA,7,0.00040243782593579747
4,UPFC_Vse,5-15,0.05763455838128357,40,0.05887941255593789,MAP_SCADA,7,0.0012448541746543224
5,UPFC_tse,5-15,-2.121763490823035,40,-2.13007471090317,MAP_SCADA,7,0.008311220080134962
0,x_tcsc,1-14,-0.10747628103650513,41,-0.10627177274999698,MAP_SCADA,7,0.0012045082865081436
1,B_svc,2,0.17201780849316667,41,0.1737697612163251,MAP_SCADA,7,0.001751952723158423
2,UPFC_Vsh,5-15,1.1132964947085866,41,1.1111615739377885,MAP_SCADA,7,0.002134920770798132
3,UPFC_tsh,5-15,-0.23655377141994835,41,-0.23738078940175356,MAP_SCADA,7,0.0008270179818052059
4,UPFC_Vse,5-15,0.05694790652530009,41,0.05887941255593789,MAP_SCADA,7,0.0019315060306378043
5,UPFC_tse,5-15,-2.115871417344491,41,-2.13007471090317,MAP_SCADA,7,0.01420329355867933
0,x_tcsc,1-14,-0.1081257980000313,42,-0.10627177274999698,MAP_SCADA,7,0.0018540252500343218
1,B_svc,2,0.1726483542993937,42,0.1737697612163251,MAP_SCADA,7,0.0011214069169313834
2,UPFC_Vsh,5-15,1.1121568098072536,42,1.1111615739377885,MAP_SCADA,7,0.0009952358694651497
3,UPFC_tsh,5-15,-0.23570650257828626,42,-0.23738078940175356,MAP_SCADA,7,0.0016742868234672914
4,UPFC_Vse,5-15,0.057391783915916594,42,0.05887941255593789,MAP_SCADA,7,0.0014876286400212976
5,UPFC_tse,5-15,-2.1223150055765987,42,-2.13007471090317,MAP_SCADA,7,0.007759705326571442
0,x_tcsc,1-14,-0.10919026678444572,43,-0.10627177274999698,MAP_SCADA,7,0.002918494034448743
1,B_svc,2,0.17006330659842472,43,0.1737697612163251,MAP_SCADA,7,0.0037064546179003677
2,UPFC_Vsh,5-15,1.1123500259968075,43,1.1111615739377885,MAP_SCADA,7,0.001188452059019074
3,UPFC_tsh,5-15,-0.23560811988148292,43,-0.23738078940175356,MAP_SCADA,7,0.0017726695202706366
4,UPFC_Vse,5-15,0.057593251453399046,43,0.05887941255593789,MAP_SCADA,7,0.0012861611025388464
5,UPFC_tse,5-15,-2.1151039880453184,43,-2.13007471090317,MAP_SCADA,7,0.014970722857851726
0,x_tcsc,1-14,-0.10530229352998717,44,-0.10627177274999698,MAP_SCADA,7,0.0009694792200098112
1,B_svc,2,0.1829660034812352,44,0.1737697612163251,MAP_SCADA,7,0.009196242264910115
2,UPFC_Vsh,5-15,1.109897014642047,44,1.1111615739377885,MAP_SCADA,7,0.0012645592957414298
3,UPFC_tsh,5-15,-0.23859001452834347,44,-0.23738078940175356,MAP_SCADA,7,0.0012092251265899134
4,UPFC_Vse,5-15,0.058221711031435495,44,0.05887941255593789,MAP_SCADA,7,0.0006577015245023965
5,UPFC_tse,5-15,-2.116964072987721,44,-2.13007471090317,MAP_SCADA,7,0.013110637915449086
0,x_tcsc,1-14,-0.1069256538871445,45,-0.10627177274999698,MAP_SCADA,7,0.0006538811371475245
1,B_svc,2,0.177465266753047,45,0.1737697612163251,MAP_SCADA,7,0.0036955055367219047
2,UPFC_Vsh,5-15,1.1114206874199102,45,1.1111615739377885,MAP_SCADA,7,0.0002591134821217089
3,UPFC_tsh,5-15,-0.23689545053861744,45,-0.23738078940175356,MAP_SCADA,7,0.00048533886313611996
4,UPFC_Vse,5-15,0.057539741316308304,45,0.05887941255593789,MAP_SCADA,7,0.0013396712396295876
5,UPFC_tse,5-15,-2.1171370386148687,45,-2.13007471090317,MAP_SCADA,7,0.01293767228830145
0,x_tcsc,1-14,-0.10802781666215394,46,-0.10627177274999698,MAP_SCADA,7,0.0017560439121569599
1,B_svc,2,0.1738286788546785,46,0.1737697612163251,MAP_SCADA,7,5.8917638353417345e-05
2,UPFC_Vsh,5-15,1.11293370639085,46,1.1111615739377885,MAP_SCADA,7,0.0017721324530615146
3,UPFC_tsh,5-15,-0.236790719974732,46,-0.23738078940175356,MAP_SCADA,7,0.0005900694270215556
4,UPFC_Vse,5-15,0.057103383298049065,46,0.05887941255593789,MAP_SCADA,7,0.0017760292578888268
5,UPFC_tse,5-15,-2.1179202109526556,46,-2.13007471090317,MAP_SCADA,7,0.012154499950514541
0,x_tcsc,1-14,-0.10709329858503407,47,-0.10627177274999698,MAP_SCADA,7,0.0008215258350370847
1,B_svc,2,0.173253329722418,47,0.1737697612163251,MAP_SCADA,7,0.0005164314939070935
2,UPFC_Vsh,5-15,1.1130769853263658,47,1.1111615739377885,MAP_SCADA,7,0.001915411388577315
3,UPFC_tsh,5-15,-0.23619945386340394,47,-0.23738078940175356,MAP_SCADA,7,0.0011813355383496205
4,UPFC_Vse,5-15,0.05764670213138666,47,0.05887941255593789,MAP_SCADA,7,0.0012327104245512324
5,UPFC_tse,5-15,-2.1178733164843204,47,-2.13007471090317,MAP_SCADA,7,0.01220139441884971
0,x_tcsc,1-14,-0.10719051328101499,48,-0.10627177274999698,MAP_SCADA,7,0.0009187405310180086
1,B_svc,2,0.17618814701774743,48,0.1737697612163251,MAP_SCADA,7,0.0024183858014223403
2,UPFC_Vsh,5-15,1.1137388699268482,48,1.1111615739377885,MAP_SCADA,7,0.002577295989059758
3,UPFC_tsh,5-15,-0.23554054106717964,48,-0.23738078940175356,MAP_SCADA,7,0.001840248334573913
4,UPFC_Vse,5-15,0.05692696717314711,48,0.05887941255593789,MAP_SCADA,7,0.0019524453827907823
5,UPFC_tse,5-15,-2.118333333343752,48,-2.13007471090317,MAP_SCADA,7,0.011741377559418176
0,x_tcsc,1-14,-0.10866601044350763,49,-0.10627177274999698,MAP_SCADA,7,0.002394237693510645
1,B_svc,2,0.1710053873058158,49,0.1737697612163251,MAP_SCADA,7,0.0027643739105092935
2,UPFC_Vsh,5-15,1.1121595017507595,49,1.1111615739377885,MAP_SCADA,7,0.0009979278129710334
3,UPFC_tsh,5-15,-0.2359778989630055,49,-0.23738078940175356,MAP_SCADA,7,0.0014028904387480556
4,UPFC_Vse,5-15,0.05723723522516479,49,0.05887941255593789,MAP_SCADA,7,0.001642177330773105
5,UPFC_tse,5-15,-2.1162183015920553,49,-2.13007471090317,MAP_SCADA,7,0.01385640931111487
0,x_tcsc,1-14,-0.10901937796112277,50,-0.10627177274999698,MAP_SCADA,7,0.0027476052111257837
1,B_svc,2,0.16959306694005918,50,0.1737697612163251,MAP_SCADA,7,0.004176694276265908
2,UPFC_Vsh,5-15,1.1129934283863259,50,1.1111615739377885,MAP_SCADA,7,0.0018318544485373955
3,UPFC_tsh,5-15,-0.23572793347299587,50,-0.23738078940175356,MAP_SCADA,7,0.0016528559287576905
4,UPFC_Vse,5-15,0.05764673609842407,50,0.05887941255593789,MAP_SCADA,7,0.0012326764575138205
5,UPFC_tse,5-15,-2.118481715803393,50,-2.13007471090317,MAP_SCADA,7,0.01159299509977707
0,x_tcsc,1-14,-0.10931226325956275,51,-0.10627177274999698,MAP_SCADA,7,0.0030404905095657714
1,B_svc,2,0.16790873900292247,51,0.1737697612163251,MAP_SCADA,7,0.005861022213402622
2,UPFC_Vsh,5-15,1.1126616705910577,51,1.1111615739377885,MAP_SCADA,7,0.0015000966532692228
3,UPFC_tsh,5-15,-0.2364188554805837,51,-0.23738078940175356,MAP_SCADA,7,0.0009619339211698608
4,UPFC_Vse,5-15,0.057683554161929884,51,0.05887941255593789,MAP_SCADA,7,0.0011958583940080078
5,UPFC_tse,5-15,-2.1187258940414506,51,-2.13007471090317,MAP_SCADA,7,0.011348816861719513
0,x_tcsc,1-14,-0.10695079648572353,52,-0.10627177274999698,MAP_SCADA,7,0.00067902373572655
1,B_svc,2,0.17765441432496182,52,0.1737697612163251,MAP_SCADA,7,0.0038846531086367264
2,UPFC_Vsh,5-15,1.1107767750385993,52,1.1111615739377885,MAP_SCADA,7,0.0003847988991891871
3,UPFC_tsh,5-15,-0.23801910026457151,52,-0.23738078940175356,MAP_SCADA,7,0.000638310862817959
4,UPFC_Vse,5-15,0.05789410719761008,52,0.05887941255593789,MAP_SCADA,7,0.0009853053583278107
5,UPFC_tse,5-15,-2.1180835578894164,52,-2.13007471090317,MAP_SCADA,7,0.011991153013753753
0,x_tcsc,1-14,-0.10579999281105353,53,-0.10627177274999698,MAP_SCADA,7,0.00047177993894345627
1,B_svc,2,0.18205396316733946,53,0.1737697612163251,MAP_SCADA,7,0.00828420195101437
2,UPFC_Vsh,5-15,1.109267996697699,53,1.1111615739377885,MAP_SCADA,7,0.001893577240089428
3,UPFC_tsh,5-15,-0.23819604051412727,53,-0.23738078940175356,MAP_SCADA,7,0.0008152511123737105
4,UPFC_Vse,5-15,0.05724544595243886,53,0.05887941255593789,MAP_SCADA,7,0.0016339666034990291
5,UPFC_tse,5-15,-2.1229365299297847,53,-2.13007471090317,MAP_SCADA,7,0.007138180973385477
0,x_tcsc,1-14,-0.106223577746768,54,-0.10627177274999698,MAP_SCADA,7,4.81950032289874e-05
1,B_svc,2,0.17719157491400092,54,0.1737697612163251,MAP_SCADA,7,0.0034218136976758295
2,UPFC_Vsh,5-15,1.111956043609763,54,1.1111615739377885,MAP_SCADA,7,0.0007944696719746069
3,UPFC_tsh,5-15,-0.2378113739765671,54,-0.23738078940175356,MAP_SCADA,7,0.00043058457481354173
4,UPFC_Vse,5-15,0.057130967663296575,54,0.05887941255593789,MAP_SCADA,7,0.0017484448926413168
5,UPFC_tse,5-15,-2.12161004485105,54,-2.13007471090317,MAP_SCADA,7,0.008464666052120151
0,x_tcsc,1-14,-0.1048808287150344,55,-0.10627177274999698,MAP_SCADA,7,0.0013909440349625796
1,B_svc,2,0.18023016762748467,55,0.1737697612163251,MAP_SCADA,7,0.0064604064111595805
2,UPFC_Vsh,5-15,1.111015522773831,55,1.1111615739377885,MAP_SCADA,7,0.00014605116395749462
3,UPFC_tsh,5-15,-0.2379659931537663,55,-0.23738078940175356,MAP_SCADA,7,0.0005852037520127362
4,UPFC_Vse,5-15,0.05771664330509277,55,0.05887941255593789,MAP_SCADA,7,0.0011627692508451234
5,UPFC_tse,5-15,-2.1190069084086782,55,-2.13007471090317,MAP_SCADA,7,0.011067802494491907
0,x_tcsc,1-14,-0.10573173835744157,56,-0.10627177274999698,MAP_SCADA,7,0.0005400343925554135
1,B_svc,2,0.1817970034926586,56,0.1737697612163251,MAP_SCADA,7,0.008027242276333502
2,UPFC_Vsh,5-15,1.111027770285367,56,1.1111615739377885,MAP_SCADA,7,0.0001338036524214381
3,UPFC_tsh,5-15,-0.23812830497551066,56,-0.23738078940175356,MAP_SCADA,7,0.0007475155737571015
4,UPFC_Vse,5-15,0.05736210880287201,56,0.05887941255593789,MAP_SCADA,7,0.001517303753065885
5,UPFC_tse,5-15,-2.1198983441293033,56,-2.13007471090317,MAP_SCADA,7,0.010176366773866796
0,x_tcsc,1-14,-0.10709092763731871,57,-0.10627177274999698,MAP_SCADA,7,0.0008191548873217325
1,B_svc,2,0.17484046073839904,57,0.1737697612163251,MAP_SCADA,7,0.001070699522073948
2,UPFC_Vsh,5-15,1.1133469525661213,57,1.1111615739377885,MAP_SCADA,7,0.0021853786283327903
3,UPFC_tsh,5-15,-0.23718555045047204,57,-0.23738078940175356,MAP_SCADA,7,0.00019523895128151225
4,UPFC_Vse,5-15,0.057613084439732426,57,0.05887941255593789,MAP_SCADA,7,0.001266328116205466
5,UPFC_tse,5-15,-2.1183658311697195,57,-2.13007471090317,MAP_SCADA,7,0.011708879733450583
0,x_tcsc,1-14,-0.10714063314851686,58,-0.10627177274999698,MAP_SCADA,7,0.0008688603985198828
1,B_svc,2,0.17242772742543125,58,0.1737697612163251,MAP_SCADA,7,0.001342033790893843
2,UPFC_Vsh,5-15,1.1108335546560917,58,1.1111615739377885,MAP_SCADA,7,0.00032801928169678973
3,UPFC_tsh,5-15,-0.23746284602796666,58,-0.23738078940175356,MAP_SCADA,7,8.205662621310617e-05
4,UPFC_Vse,5-15,0.05689107134771026,58,0.05887941255593789,MAP_SCADA,7,0.001988341208227634
5,UPFC_tse,5-15,-2.122073449832775,58,-2.13007471090317,MAP_SCADA,7,0.008001261070395227
0,x_tcsc,1-14,-0.10523444359924194,59,-0.10627177274999698,MAP_SCADA,7,0.001037329150755037
1,B_svc,2,0.1793597647528677,59,0.1737697612163251,MAP_SCADA,7,0.005590003536542598
2,UPFC_Vsh,5-15,1.1107857115531186,59,1.1111615739377885,MAP_SCADA,7,0.0003758623846699116
3,UPFC_tsh,5-15,-0.23789177797441755,59,-0.23738078940175356,MAP_SCADA,7,0.0005109885726639896
4,UPFC_Vse,5-15,0.05768282997508247,59,0.05887941255593789,MAP_SCADA,7,0.001196582580855421
5,UPFC_tse,5-15,-2.1181873406560845,59,-2.13007471090317,MAP_SCADA,7,0.011887370247085638
0,x_tcsc,1-14,-0.10945176150756852,60,-0.10627177274999698,MAP_SCADA,7,0.003179988757571542
1,B_svc,2,0.16935793383633752,60,0.1737697612163251,MAP_SCADA,7,0.004411827379987576
2,UPFC_Vsh,5-15,1.1139613169432452,60,1.1111615739377885,MAP_SCADA,7,0.002799743005456712
3,UPFC_tsh,5-15,-0.23566920134996264,60,-0.23738078940175356,MAP_SCADA,7,0.0017115880517909188
4,UPFC_Vse,5-15,0.05720458411055312,60,0.05887941255593789,MAP_SCADA,7,0.001674828445384774
5,UPFC_tse,5-15,-2.1149588358461378,60,-2.13007471090317,MAP_SCADA,7,0.01511587505703238
0,x_tcsc,1-14,-0.10905522365335318,61,-0.10627177274999698,MAP_SCADA,7,0.002783450903356202
1,B_svc,2,0.1703607647786208,61,0.1737697612163251,MAP_SCADA,7,0.003408996437704287
2,UPFC_Vsh,5-15,1.1130767083751107,61,1.1111615739377885,MAP_SCADA,7,0.0019151344373222745
3,UPFC_tsh,5-15,-0.23544033055215907,61,-0.23738078940175356,MAP_SCADA,7,0.0019404588495944841
4,UPFC_Vse,5-15,0.057875494250938325,61,0.05887941255593789,MAP_SCADA,7,0.0010039183049995667
5,UPFC_tse,5-15,-2.1204281948282167,61,-2.13007471090317,MAP_SCADA,7,0.009646516074953482
0,x_tcsc,1-14,-0.10733114663304694,62,-0.10627177274999698,MAP_SCADA,7,0.001059373883049955
1,B_svc,2,0.17367688990675537,62,0.1737697612163251,MAP_SCADA,7,9.287130956972534e-05
2,UPFC_Vsh,5-15,1.1121862943112313,62,1.1111615739377885,MAP_SCADA,7,0.0010247203734428112
3,UPFC_tsh,5-15,-0.23622970029102125,62,-0.23738078940175356,MAP_SCADA,7,0.0011510891107323062
4,UPFC_Vse,5-15,0.057647980839804165,62,0.05887941255593789,MAP_SCADA,7,0.0012314317161337268
5,UPFC_tse,5-15,-2.1197384212927988,62,-2.13007471090317,MAP_SCADA,7,0.010336289610371363
0,x_tcsc,1-14,-0.10940497005741741,63,-0.10627177274999698,MAP_SCADA,7,0.0031331973074204267
1,B_svc,2,0.1726336661398208,63,0.1737697612163251,MAP_SCADA,7,0.0011360950765042788
2,UPFC_Vsh,5-15,1.1087398307270746,63,1.1111615739377885,MAP_SCADA,7,0.002421743210713867
3,UPFC_tsh,5-15,-0.2373871645118825,63,-0.23738078940175356,MAP_SCADA,7,6.375110128936656e-06
4,UPFC_Vse,5-15,0.05776814794156133,63,0.05887941255593789,MAP_SCADA,7,0.0011112646143765642
5,UPFC_tse,5-15,-2.121343863462053,63,-2.13007471090317,MAP_SCADA,7,0.008730847441117184
0,x_tcsc,1-14,-0.1046949546236351,64,-0.10627177274999698,MAP_SCADA,7,0.001576818126361887
1,B_svc,2,0.183445376860306,64,0.1737697612163251,MAP_SCADA,7,0.009675615643980895
2,UPFC_Vsh,5-15,1.1131989879091804,64,1.1111615739377885,MAP_SCADA,7,0.0020374139713918993
3,UPFC_tsh,5-15,-0.23781862115688623,64,-0.23738078940175356,MAP_SCADA,7,0.00043783175513267825
4,UPFC_Vse,5-15,0.05759710799066543,64,0.05887941255593789,MAP_SCADA,7,0.0012823045652724588
5,UPFC_tse,5-15,-2.1232312397924127,64,-2.13007471090317,MAP_SCADA,7,0.006843471110757449
0,x_tcsc,1-14,-0.10787113157761462,65,-0.10627177274999698,MAP_SCADA,7,0.0015993588276176363
1,B_svc,2,0.17266875712225543,65,0.1737697612163251,MAP_SCADA,7,0.0011010040940696575
2,UPFC_Vsh,5-15,1.112803249263745,65,1.1111615739377885,MAP_SCADA,7,0.0016416753259564931
3,UPFC_tsh,5-15,-0.23576020759578165,65,-0.23738078940175356,MAP_SCADA,7,0.0016205818059719101
4,UPFC_Vse,5-15,0.05738668038712711,65,0.05887941255593789,MAP_SCADA,7,0.0014927321688107814
5,UPFC_tse,5-15,-2.117628484366634,65,-2.13007471090317,MAP_SCADA,7,0.012446226536535931
0,x_tcsc,1-14,-0.10607910744277634,66,-0.10627177274999698,MAP_SCADA,7,0.00019266530722064634
1,B_svc,2,0.1785011070050042,66,0.1737697612163251,MAP_SCADA,7,0.00473134578867912
2,UPFC_Vsh,5-15,1.1122669093630733,66,1.1111615739377885,MAP_SCADA,7,0.0011053354252847924
3,UPFC_tsh,5-15,-0.2376299527673899,66,-0.23738078940175356,MAP_SCADA,7,0.0002491633656363512
4,UPFC_Vse,5-15,0.0580228728162041,66,0.05887941255593789,MAP_SCADA,7,0.0008565397397337915
5,UPFC_tse,5-15,-2.11588414783405,66,-2.13007471090317,MAP_SCADA,7,0.014190563069119921
0,x_tcsc,1-14,-0.10464633199777319,67,-0.10627177274999698,MAP_SCADA,7,0.001625440752223789
1,B_svc,2,0.1819534129198583,67,0.1737697612163251,MAP_SCADA,7,0.008183651703533218
2,UPFC_Vsh,5-15,1.1109878453087363,67,1.1111615739377885,MAP_SCADA,7,0.00017372862905218334
3,UPFC_tsh,5-15,-0.23816703002760867,67,-0.23738078940175356,MAP_SCADA,7,0.0007862406258551113
4,UPFC_Vse,5-15,0.0575155112696389,67,0.05887941255593789,MAP_SCADA,7,0.0013639012862989922
5,UPFC_tse,5-15,-2.1243584023779603,67,-2.13007471090317,MAP_SCADA,7,0.005716308525209879
0,x_tcsc,1-14,-0.1048884806969986,68,-0.10627177274999698,MAP_SCADA,7,0.0013832920529983778
1,B_svc,2,0.18233020135967012,68,0.1737697612163251,MAP_SCADA,7,0.008560440143345033
2,UPFC_Vsh,5-15,1.1126787375375116,68,1.1111615739377885,MAP_SCADA,7,0.0015171635997230926
3,UPFC_tsh,5-15,-0.23729777185293432,68,-0.23738078940175356,MAP_SCADA,7,8.301754881923085e-05
4,UPFC_Vse,5-15,0.057497301850630324,68,0.05887941255593789,MAP_SCADA,7,0.0013821107053075682
5,UPFC_tse,5-15,-2.117353272936879,68,-2.13007471090317,MAP_SCADA,7,0.012721437966291216
0,x_tcsc,1-14,-0.10890222542618458,69,-0.10627177274999698,MAP_SCADA,7,0.0026304526761875974
1,B_svc,2,0.16834420117020463,69,0.1737697612163251,MAP_SCADA,7,0.0054255600461204645
2,UPFC_Vsh,5-15,1.1131104914482013,69,1.1111615739377885,MAP_SCADA,7,0.0019489175104128176
3,UPFC_tsh,5-15,-0.23620664066360444,69,-0.23738078940175356,MAP_SCADA,7,0.0011741487381491111
4,UPFC_Vse,5-15,0.05712520081716381,69,0.05887941255593789,MAP_SCADA,7,0.0017542117387740822
5,UPFC_tse,5-15,-2.116181775780159,69,-2.13007471090317,MAP_SCADA,7,0.013892935123011263
0,x_tcsc,1-14,-0.10783954312107445,70,-0.10627177274999698,MAP_SCADA,7,0.0015677703710774704
1,B_svc,2,0.1738012616177895,70,0.1737697612163251,MAP_SCADA,7,3.1500401464407135e-05
2,UPFC_Vsh,5-15,1.109946175601687,70,1.1111615739377885,MAP_SCADA,7,0.0012153983361014031
3,UPFC_tsh,5-15,-0.2370955958356482,70,-0.23738078940175356,MAP_SCADA,7,0.0002851935661053462
4,UPFC_Vse,5-15,0.057627049096513644,70,0.05887941255593789,MAP_SCADA,7,0.001252363459424248
5,UPFC_tse,5-15,-2.1202167991094587,70,-2.13007471090317,MAP_SCADA,7,0.009857911793711427
0,x_tcsc,1-14,-0.10534847168056283,71,-0.10627177274999698,MAP_SCADA,7,0.0009233010694341542
1,B_svc,2,0.17955172099397773,71,0.1737697612163251,MAP_SCADA,7,0.00578195977765264
2,UPFC_Vsh,5-15,1.1117192574047965,71,1.1111615739377885,MAP_SCADA,7,0.0005576834670080189
3,UPFC_tsh,5-15,-0.23820653589537907,71,-0.23738078940175356,MAP_SCADA,7,0.0008257464936255177
4,UPFC_Vse,5-15,0.05754757811938391,71,0.05887941255593789,MAP_SCADA,7,0.0013318344365539844
5,UPFC_tse,5-15,-2.121658366823909,71,-2.13007471090317,MAP_SCADA,7,0.008416344079261062
0,x_tcsc,1-14,-0.10742294616001442,72,-0.10627177274999698,MAP_SCADA,7,0.001151173410017442
1,B_svc,2,0.17430469223433764,72,0.1737697612163251,MAP_SCADA,7,0.0005349310180125522
2,UPFC_Vsh,5-15,1.1143541824961813,72,1.1111615739377885,MAP_SCADA,7,0.003192608558392873
3,UPFC_tsh,5-15,-0.23620451737193204,72,-0.23738078940175356,MAP_SCADA,7,0.0011762720298215124
4,UPFC_Vse,5-15,0.0572197988624672,72,0.05887941255593789,MAP_SCADA,7,0.0016596136934706948
5,UPFC_tse,5-15,-2.113452791129322,72,-2.13007471090317,MAP_SCADA,7,0.01662191977384797
0,x_tcsc,1-14,-0.10922969344645563,73,-0.10627177274999698,MAP_SCADA,7,0.0029579206964586435
1,B_svc,2,0.16525146255622622,73,0.1737697612163251,MAP_SCADA,7,0.008518298660098872
2,UPFC_Vsh,5-15,1.1134568370282656,73,1.1111615739377885,MAP_SCADA,7,0.0022952630904771176
3,UPFC_tsh,5-15,-0.2356698992780358,73,-0.23738078940175356,MAP_SCADA,7,0.001710890123717751
4,UPFC_Vse,5-15,0.05714227536138494,73,0.05887941255593789,MAP_SCADA,7,0.0017371371945529498
5,UPFC_tse,5-15,-2.119651091064688,73,-2.13007471090317,MAP_SCADA,7,0.010423619838482168
0,x_tcsc,1-14,-0.10431792148953327,74,-0.10627177274999698,MAP_SCADA,7,0.0019538512604637126
1,B_svc,2,0.1811248064659187,74,0.1737697612163251,MAP_SCADA,7,0.0073550452495936
2,UPFC_Vsh,5-15,1.1099430822379803,74,1.1111615739377885,MAP_SCADA,7,0.001218491699808144
3,UPFC_tsh,5-15,-0.23852746172805828,74,-0.23738078940175356,MAP_SCADA,7,0.0011466723263047207
4,UPFC_Vse,5-15,0.05784374657307531,74,0.05887941255593789,MAP_SCADA,7,0.001035665982862581
5,UPFC_tse,5-15,-2.121425096913782,74,-2.13007471090317,MAP_SCADA,7,0.00864961398938835
0,x_tcsc,1-14,-0.103353053211812,75,-0.10627177274999698,MAP_SCADA,7,0.002918719538184983
1,B_svc,2,0.18807150083032478,75,0.1737697612163251,MAP_SCADA,7,0.014301739613999692
2,UPFC_Vsh,5-15,1.1111700606315367,75,1.1111615739377885,MAP_SCADA,7,8.48669374819977e-06
3,UPFC_tsh,5-15,-0.2388301118941401,75,-0.23738078940175356,MAP_SCADA,7,0.001449322492386551
4,UPFC_Vse,5-15,0.057665588016663855,75,0.05887941255593789,MAP_SCADA,7,0.0012138245392740374
5,UPFC_tse,5-15,-2.123561272171615,75,-2.13007471090317,MAP_SCADA,7,0.006513438731555077
0,x_tcsc,1-14,-0.10893838338128896,76,-0.10627177274999698,MAP_SCADA,7,0.002666610631291977
1,B_svc,2,0.17015960069209635,76,0.1737697612163251,MAP_SCADA,7,0.003610160524228745
2,UPFC_Vsh,5-15,1.1136347042650967,76,1.1111615739377885,MAP_SCADA,7,0.002473130327308226
3,UPFC_tsh,5-15,-0.2356088372004739,76,-0.23738078940175356,MAP_SCADA,7,0.001771952201279653
4,UPFC_Vse,5-15,0.05739174891156154,76,0.05887941255593789,MAP_SCADA,7,0.001487663644376351
5,UPFC_tse,5-15,-2.1131298745475315,76,-2.13007471090317,MAP_SCADA,7,0.016944836355638593
0,x_tcsc,1-14,-0.10677148640328579,77,-0.10627177274999698,MAP_SCADA,7,0.0004997136532888108
1,B_svc,2,0.17490146294845868,77,0.1737697612163251,MAP_SCADA,7,0.0011317017321335887
2,UPFC_Vsh,5-15,1.1099104962836785,77,1.1111615739377885,MAP_SCADA,7,0.0012510776541099222
3,UPFC_tsh,5-15,-0.2369514487516909,77,-0.23738078940175356,MAP_SCADA,7,0.0004293406500626429
4,UPFC_Vse,5-15,0.05773714951810732,77,0.05887941255593789,MAP_SCADA,7,0.0011422630378305695
5,UPFC_tse,5-15,-2.1166647015932987,77,-2.13007471090317,MAP_SCADA,7,0.013410009309871462
0,x_tcsc,1-14,-0.10924023694539466,78,-0.10627177274999698,MAP_SCADA,7,0.0029684641953976743
1,B_svc,2,0.17022007529560623,78,0.1737697612163251,MAP_SCADA,7,0.003549685920718859
2,UPFC_Vsh,5-15,1.1133807467142431,78,1.1111615739377885,MAP_SCADA,7,0.00221917277645467
3,UPFC_tsh,5-15,-0.23596645081338674,78,-0.23738078940175356,MAP_SCADA,7,0.0014143385883668147
4,UPFC_Vse,5-15,0.05711119384068331,78,0.05887941255593789,MAP_SCADA,7,0.0017682187152545797
5,UPFC_tse,5-15,-2.118052252316137,78,-2.13007471090317,MAP_SCADA,7,0.012022458587033213
0,x_tcsc,1-14,-0.10743509187356443,79,-0.10627177274999698,MAP_SCADA,7,0.001163319123567444
1,B_svc,2,0.17324594257769063,79,0.1737697612163251,MAP_SCADA,7,0.0005238186386344601
2,UPFC_Vsh,5-15,1.108719981361768,79,1.1111615739377885,MAP_SCADA,7,0.0024415925760203905
3,UPFC_tsh,5-15,-0.23807533379593204,79,-0.23738078940175356,MAP_SCADA,7,0.0006945443941784868
4,UPFC_Vse,5-15,0.05754558435882357,79,0.05887941255593789,MAP_SCADA,7,0.00133382819711432
5,UPFC_tse,5-15,-2.119357535515237,79,-2.13007471090317,MAP_SCADA,7,0.010717175387933153
0,x_tcsc,1-14,-0.107329286458181,80,-0.10627177274999698,MAP_SCADA,7,0.0010575137081840214
1,B_svc,2,0.17772680523582715,80,0.1737697612163251,MAP_SCADA,7,0.0039570440195020595
2,UPFC_Vsh,5-15,1.1115344080452432,80,1.1111615739377885,MAP_SCADA,7,0.00037283410745470036
3,UPFC_tsh,5-15,-0.23749761612930478,80,-0.23738078940175356,MAP_SCADA,7,0.00011682672755122803
4,UPFC_Vse,5-15,0.05787973421424841,80,0.05887941255593789,MAP_SCADA,7,0.0009996783416894792
5,UPFC_tse,5-15,-2.11619148161768,80,-2.13007471090317,MAP_SCADA,7,0.013883229285490017
0,x_tcsc,1-14,-0.10845470603263258,81,-0.10627177274999698,MAP_SCADA,7,0.0021829332826355935
1,B_svc,2,0.17185062316901872,81,0.1737697612163251,MAP_SCADA,7,0.001919138047306368
2,UPFC_Vsh,5-15,1.1136041315982959,81,1.1111615739377885,MAP_SCADA,7,0.002442557660507383
3,UPFC_tsh,5-15,-0.2352518795033683,81,-0.23738078940175356,MAP_SCADA,7,0.0021289098983852672
4,UPFC_Vse,5-15,0.0565316838469432,81,0.05887941255593789,MAP_SCADA,7,0.0023477287089946897
5,UPFC_tse,5-15,-2.121089216774669,81,-2.13007471090317,MAP_SCADA,7,0.008985494128501248
0,x_tcsc,1-14,-0.10728363738035555,82,-0.10627177274999698,MAP_SCADA,7,0.001011864630358572
1,B_svc,2,0.17660953080738076,82,0.1737697612163251,MAP_SCADA,7,0.0028397695910556686
2,UPFC_Vsh,5-15,1.1133363796913327,82,1.1111615739377885,MAP_SCADA,7,0.002174805753544229
3,UPFC_tsh,5-15,-0.23557723587673135,82,-0.23738078940175356,MAP_SCADA,7,0.0018035535250222057
4,UPFC_Vse,5-15,0.057052670988737716,82,0.05887941255593789,MAP_SCADA,7,0.0018267415672001755
5,UPFC_tse,5-15,-2.1125245344276045,82,-2.13007471090317,MAP_SCADA,7,0.01755017647556567
0,x_tcsc,1-14,-0.10704909661563972,83,-0.10627177274999698,MAP_SCADA,7,0.0007773238656427345
1,B_svc,2,0.17439535340915538,83,0.1737697612163251,MAP_SCADA,7,0.0006255921928302877
2,UPFC_Vsh,5-15,1.1138189432401893,83,1.1111615739377885,MAP_SCADA,7,0.0026573693024007916
3,UPFC_tsh,5-15,-0.23591608576235498,83,-0.23738078940175356,MAP_SCADA,7,0.0014647036393985735
4,UPFC_Vse,5-15,0.05755680394915602,83,0.05887941255593789,MAP_SCADA,7,0.0013226086067818707
5,UPFC_tse,5-15,-2.1157134403197753,83,-2.13007471090317,MAP_SCADA,7,0.01436127058339487
0,x_tcsc,1-14,-0.10676170257170853,84,-0.10627177274999698,MAP_SCADA,7,0.0004899298217115461
1,B_svc,2,0.17690582416355186,84,0.1737697612163251,MAP_SCADA,7,0.0031360629472267643
2,UPFC_Vsh,5-15,1.1119187557480708,84,1.1111615739377885,MAP_SCADA,7,0.0007571818102822814
3,UPFC_tsh,5-15,-0.23693835217805137,84,-0.23738078940175356,MAP_SCADA,7,0.00044243722370218563
4,UPFC_Vse,5-15,0.05779647132148402,84,0.05887941255593789,MAP_SCADA,7,0.00108294123445387
5,UPFC_tse,5-15,-2.119832423144779,84,-2.13007471090317,MAP_SCADA,7,0.0102422877583912
0,x_tcsc,1-14,-0.10433107499372325,85,-0.10627177274999698,MAP_SCADA,7,0.0019406977562737293
1,B_svc,2,0.18503884107302948,85,0.1737697612163251,MAP_SCADA,7,0.01126907985670439
2,UPFC_Vsh,5-15,1.1096490244908552,85,1.1111615739377885,MAP_SCADA,7,0.0015125494469332423
3,UPFC_tsh,5-15,-0.23908337904595656,85,-0.23738078940175356,MAP_SCADA,7,0.0017025896442030009
4,UPFC_Vse,5-15,0.057711255599064704,85,0.05887941255593789,MAP_SCADA,7,0.0011681569568731884
5,UPFC_tse,5-15,-2.121862773911793,85,-2.13007471090317,MAP_SCADA,7,0.008211936991377122
0,x_tcsc,1-14,-0.10627085253489142,86,-0.10627177274999698,MAP_SCADA,7,9.202151055598407e-07
1,B_svc,2,0.177950381895317,86,0.1737697612163251,MAP_SCADA,7,0.004180620678991914
2,UPFC_Vsh,5-15,1.1115180763241355,86,1.1111615739377885,MAP_SCADA,7,0.0003565023863469907
3,UPFC_tsh,5-15,-0.23679857101651225,86,-0.23738078940175356,MAP_SCADA,7,0.0005822183852413065
4,UPFC_Vse,5-15,0.057956856977195124,86,0.05887941255593789,MAP_SCADA,7,0.0009225555787427675
5,UPFC_tse,5-15,-2.1201205352270294,86,-2.13007471090317,MAP_SCADA,7,0.009954175676140764
0,x_tcsc,1-14,-0.10651687940064776,87,-0.10627177274999698,MAP_SCADA,7,0.0002451066506507782
1,B_svc,2,0.18254309035161495,87,0.1737697612163251,MAP_SCADA,7,0.008773329135289859
2,UPFC_Vsh,5-15,1.1098899213950526,87,1.1111615739377885,MAP_SCADA,7,0.0012716525427358683
3,UPFC_tsh,5-15,-0.23761277738038303,87,-0.23738078940175356,MAP_SCADA,7,0.00023198797862947207
4,UPFC_Vse,5-15,0.0574593173937414,87,0.05887941255593789,MAP_SCADA,7,0.0014200951621964886
5,UPFC_tse,5-15,-2.121138093764339,87,-2.13007471090317,MAP_SCADA,7,0.008936617138830982
0,x_tcsc,1-14,-0.1056307771781821,88,-0.10627177274999698,MAP_SCADA,7,0.0006409955718148785
1,B_svc,2,0.1824884266434068,88,0.1737697612163251,MAP_SCADA,7,0.008718665427081718
2,UPFC_Vsh,5-15,1.1101963057729272,88,1.1111615739377885,MAP_SCADA,7,0.0009652681648613104
3,UPFC_tsh,5-15,-0.23763002628571525,88,-0.23738078940175356,MAP_SCADA,7,0.0002492368839616954
4,UPFC_Vse,5-15,0.05706675078108499,88,0.05887941255593789,MAP_SCADA,7,0.0018126617748529042
5,UPFC_tse,5-15,-2.1196074179549385,88,-2.13007471090317,MAP_SCADA,7,0.010467292948231677
0,x_tcsc,1-14,-0.1068650757269267,89,-0.10627177274999698,MAP_SCADA,7,0.0005933029769297216
1,B_svc,2,0.17718067164134646,89,0.1737697612163251,MAP_SCADA,7,0.0034109104250213684
2,UPFC_Vsh,5-15,1.1127660092473064,89,1.1111615739377885,MAP_SCADA,7,0.0016044353095179265
3,UPFC_tsh,5-15,-0.2373073844773539,89,-0.23738078940175356,MAP_SCADA,7,7.340492439966706e-05
4,UPFC_Vse,5-15,0.05689366350326791,89,0.05887941255593789,MAP_SCADA,7,0.0019857490526699814
5,UPFC_tse,5-15,-2.117896080173778,89,-2.13007471090317,MAP_SCADA,7,0.012178630729392292
0,x_tcsc,1-14,-0.10699046471291579,90,-0.10627177274999698,MAP_SCADA,7,0.0007186919629188077
1,B_svc,2,0.17719256344522044,90,0.1737697612163251,MAP_SCADA,7,0.0034228022288953497
2,UPFC_Vsh,5-15,1.109052539356643,90,1.1111615739377885,MAP_SCADA,7,0.002109034581145419
3,UPFC_tsh,5-15,-0.23785065622494828,90,-0.23738078940175356,MAP_SCADA,7,0.00046986682319472006
4,UPFC_Vse,5-15,0.05830466828765745,90,0.05887941255593789,MAP_SCADA,7,0.0005747442682804416
5,UPFC_tse,5-15,-2.120107730975188,90,-2.13007471090317,MAP_SCADA,7,0.009966979927982234
0,x_tcsc,1-14,-0.10506074381709783,91,-0.10627177274999698,MAP_SCADA,7,0.0012110289328991497
1,B_svc,2,0.18563134723275895,91,0.1737697612163251,MAP_SCADA,7,0.011861586016433862
2,UPFC_Vsh,5-15,1.107344280444785,91,1.1111615739377885,MAP_SCADA,7,0.0038172934930034153
3,UPFC_tsh,5-15,-0.24009200989541232,91,-0.23738078940175356,MAP_SCADA,7,0.002711220493658767
4,UPFC_Vse,5-15,0.05745016323994678,91,0.05887941255593789,MAP_SCADA,7,0.0014292493159911088
5,UPFC_tse,5-15,-2.129716491830026,91,-2.13007471090317,MAP_SCADA,7,0.0003582190731439283
0,x_tcsc,1-14,-0.10843316130367997,92,-0.10627177274999698,MAP_SCADA,7,0.0021613885536829885
1,B_svc,2,0.171724517507776,92,0.1737697612163251,MAP_SCADA,7,0.0020452437085490827
2,UPFC_Vsh,5-15,1.1124955617280345,92,1.1111615739377885,MAP_SCADA,7,0.0013339877902460717
3,UPFC_tsh,5-15,-0.23592061914407508,92,-0.23738078940175356,MAP_SCADA,7,0.0014601702576784725
4,UPFC_Vse,5-15,0.05764937454389893,92,0.05887941255593789,MAP_SCADA,7,0.0012300380120389628
5,UPFC_tse,5-15,-2.115887173504994,92,-2.13007471090317,MAP_SCADA,7,0.014187537398176353
0,x_tcsc,1-14,-0.10527819592613752,93,-0.10627177274999698,MAP_SCADA,7,0.0009935768238594628
1,B_svc,2,0.18394801974922592,93,0.1737697612163251,MAP_SCADA,7,0.01017825853290083
2,UPFC_Vsh,5-15,1.1121927994121752,93,1.1111615739377885,MAP_SCADA,7,0.001031225474386721
3,UPFC_tsh,5-15,-0.23767845269493082,93,-0.23738078940175356,MAP_SCADA,7,0.0002976632931772638
4,UPFC_Vse,5-15,0.05811935876557973,93,0.05887941255593789,MAP_SCADA,7,0.0007600537903581644
5,UPFC_tse,5-15,-2.1160067421541595,93,-2.13007471090317,MAP_SCADA,7,0.014067968749010618
0,x_tcsc,1-14,-0.10848267666552323,94,-0.10627177274999698,MAP_SCADA,7,0.002210903915526252
1,B_svc,2,0.17129404864009537,94,0.1737697612163251,MAP_SCADA,7,0.0024757125762297216
2,UPFC_Vsh,5-15,1.1113930301542858,94,1.1111615739377885,MAP_SCADA,7,0.00023145621649733883
3,UPFC_tsh,5-15,-0.2362084475764398,94,-0.23738078940175356,MAP_SCADA,7,0.0011723418253137552
4,UPFC_Vse,5-15,0.057179680241642564,94,0.05887941255593789,MAP_SCADA,7,0.0016997323142953283
5,UPFC_tse,5-15,-2.117519973685605,94,-2.13007471090317,MAP_SCADA,7,0.012554737217564949
0,x_tcsc,1-14,-0.10609612643226632,95,-0.10627177274999698,MAP_SCADA,7,0.00017564631773066275
1,B_svc,2,0.18034927342603962,95,0.1737697612163251,MAP_SCADA,7,0.006579512209714533
2,UPFC_Vsh,5-15,1.1081572271684876,95,1.1111615739377885,MAP_SCADA,7,0.0030043467693008363
3,UPFC_tsh,5-15,-0.23896856849243206,95,-0.23738078940175356,MAP_SCADA,7,0.0015877790906785039
4,UPFC_Vse,5-15,0.05827706701732483,95,0.05887941255593789,MAP_SCADA,7,0.0006023455386130611
5,UPFC_tse,5-15,-2.1231450659637763,95,-2.13007471090317,MAP_SCADA,7,0.006929644939393853
0,x_tcsc,1-14,-0.11072494674634924,96,-0.10627177274999698,MAP_SCADA,7,0.004453173996352255
1,B_svc,2,0.16382259331556495,96,0.1737697612163251,MAP_SCADA,7,0.00994716790076014
2,UPFC_Vsh,5-15,1.1131482719824068,96,1.1111615739377885,MAP_SCADA,7,0.0019866980446183735
3,UPFC_tsh,5-15,-0.23519080502005715,96,-0.23738078940175356,MAP_SCADA,7,0.0021899843816964026
4,UPFC_Vse,5-15,0.057372158170830606,96,0.05887941255593789,MAP_SCADA,7,0.0015072543851072859
5,UPFC_tse,5-15,-2.1161767640182254,96,-2.13007471090317,MAP_SCADA,7,0.013897946884944723
0,x_tcsc,1-14,-0.10717201549915735,97,-0.10627177274999698,MAP_SCADA,7,0.0009002427491603682
1,B_svc,2,0.17993119020529763,97,0.1737697612163251,MAP_SCADA,7,0.006161428988972539
2,UPFC_Vsh,5-15,1.1113859768397536,97,1.1111615739377885,MAP_SCADA,7,0.00022440290196512613
3,UPFC_tsh,5-15,-0.23733175664322106,97,-0.23738078940175356,MAP_SCADA,7,4.903275853249123e-05
4,UPFC_Vse,5-15,0.05756112498967703,97,0.05887941255593789,MAP_SCADA,7,0.001318287566260859
5,UPFC_tse,5-15,-2.1183860517395594,97,-2.13007471090317,MAP_SCADA,7,0.011688659163610726
0,x_tcsc,1-14,-0.10794320493711781,98,-0.10627177274999698,MAP_SCADA,7,0.0016714321871208332
1,B_svc,2,0.17594575429682419,98,0.1737697612163251,MAP_SCADA,7,0.0021759930804990946
2,UPFC_Vsh,5-15,1.1139945785284209,98,1.1111615739377885,MAP_SCADA,7,0.002833004590632404
3,UPFC_tsh,5-15,-0.23616473699877685,98,-0.23738078940175356,MAP_SCADA,7,0.0012160524029767028
4,UPFC_Vse,5-15,0.057481413833521275,98,0.05887941255593789,MAP_SCADA,7,0.001397998722416617
5,UPFC_tse,5-15,-2.1167090690392265,98,-2.13007471090317,MAP_SCADA,7,0.013365641863943623
0,x_tcsc,1-14,-0.10549981687781415,99,-0.10627177274999698,MAP_SCADA,7,0.0007719558721828307
1,B_svc,2,0.18435980766770546,99,0.1737697612163251,MAP_SCADA,7,0.01059004645138037
2,UPFC_Vsh,5-15,1.110605632781286,99,1.1111615739377885,MAP_SCADA,7,0.0005559411565023709
3,UPFC_tsh,5-15,-0.23879532010179283,99,-0.23738078940175356,MAP_SCADA,7,0.0014145307000392737
4,UPFC_Vse,5-15,0.0585592895290129,99,0.05887941255593789,MAP_SCADA,7,0.00032012302692498856
5,UPFC_tse,5-15,-2.120240844202484,99,-2.13007471090317,MAP_SCADA,7,0.009833866700686311
0,x_tcsc,1-14,-0.10671143253086024,0,-0.1088307202502758,MAP_SCADA,9,0.0021192877194155663
1,B_svc,2,0.17853734538277877,0,0.17750443286609066,MAP_SCADA,9,0.001032912516688106
2,UPFC_Vsh,5-15,1.1109207789140585,0,1.1094107399366555,MAP_SCADA,9,0.0015100389774029832
3,UPFC_tsh,5-15,-0.23731745143979585,0,-0.23457720339960228,MAP_SCADA,9,0.0027402480401935714
4,UPFC_Vse,5-15,0.05763375636709128,0,0.059353713384124616,MAP_SCADA,9,0.0017199570170333342
5,UPFC_tse,5-15,-2.121116529035107,0,-2.136839258184921,MAP_SCADA,9,0.015722729149814096
0,x_tcsc,1-14,-0.10884679222871829,1,-0.1088307202502758,MAP_SCADA,9,1.60719784424862e-05
1,B_svc,2,0.17210654984970408,1,0.17750443286609066,MAP_SCADA,9,0.005397883016386579
2,UPFC_Vsh,5-15,1.1125691339351063,1,1.1094107399366555,MAP_SCADA,9,0.003158393998450748
3,UPFC_tsh,5-15,-0.23614062783557177,1,-0.23457720339960228,MAP_SCADA,9,0.0015634244359694904
4,UPFC_Vse,5-15,0.05726992650712081,1,0.059353713384124616,MAP_SCADA,9,0.002083786877003807
5,UPFC_tse,5-15,-2.114605669181904,1,-2.136839258184921,MAP_SCADA,9,0.022233589003016974
0,x_tcsc,1-14,-0.106438597648498,2,-0.1088307202502758,MAP_SCADA,9,0.0023921226017778047
1,B_svc,2,0.17900573324605812,2,0.17750443286609066,MAP_SCADA,9,0.0015013003799674574
2,UPFC_Vsh,5-15,1.110557377207309,2,1.1094107399366555,MAP_SCADA,9,0.00114663727065345
3,UPFC_tsh,5-15,-0.23791607483260863,2,-0.23457720339960228,MAP_SCADA,9,0.0033388714330063463
4,UPFC_Vse,5-15,0.05782458523939781,2,0.059353713384124616,MAP_SCADA,9,0.0015291281447268046
5,UPFC_tse,5-15,-2.121047690115321,2,-2.136839258184921,MAP_SCADA,9,0.01579156806960036
0,x_tcsc,1-14,-0.1082485724483868,3,-0.1088307202502758,MAP_SCADA,9,0.0005821478018890047
1,B_svc,2,0.17084799387894223,3,0.17750443286609066,MAP_SCADA,9,0.006656438987148433
2,UPFC_Vsh,5-15,1.1133073606530108,3,1.1094107399366555,MAP_SCADA,9,0.0038966207163553257
3,UPFC_tsh,5-15,-0.2352148361230751,3,-0.23457720339960228,MAP_SCADA,9,0.0006376327234728085
4,UPFC_Vse,5-15,0.05744203276710792,3,0.059353713384124616,MAP_SCADA,9,0.0019116806170166936
5,UPFC_tse,5-15,-2.1187469994643453,3,-2.136839258184921,MAP_SCADA,9,0.01809225872057585
0,x_tcsc,1-14,-0.10589216153963375,4,-0.1088307202502758,MAP_SCADA,9,0.002938558710642053
1,B_svc,2,0.18057721027425636,4,0.17750443286609066,MAP_SCADA,9,0.0030727774081656944
2,UPFC_Vsh,5-15,1.1090639373079867,4,1.1094107399366555,MAP_SCADA,9,0.0003468026286688186
3,UPFC_tsh,5-15,-0.23901694259159015,4,-0.23457720339960228,MAP_SCADA,9,0.004439739191987868
4,UPFC_Vse,5-15,0.057420897493637865,4,0.059353713384124616,MAP_SCADA,9,0.0019328158904867512
5,UPFC_tse,5-15,-2.1217880216245173,4,-2.136839258184921,MAP_SCADA,9,0.015051236560403858
0,x_tcsc,1-14,-0.10962718592320896,5,-0.1088307202502758,MAP_SCADA,9,0.0007964656729331498
1,B_svc,2,0.16734710763118957,5,0.17750443286609066,MAP_SCADA,9,0.010157325234901093
2,UPFC_Vsh,5-15,1.113238663056068,5,1.1094107399366555,MAP_SCADA,9,0.0038279231194124907
3,UPFC_tsh,5-15,-0.2353712142411416,5,-0.23457720339960228,MAP_SCADA,9,0.0007940108415393221
4,UPFC_Vse,5-15,0.05765870072751411,5,0.059353713384124616,MAP_SCADA,9,0.0016950126566105048
5,UPFC_tse,5-15,-2.116604966915444,5,-2.136839258184921,MAP_SCADA,9,0.02023429126947729
0,x_tcsc,1-14,-0.1072394089863974,6,-0.1088307202502758,MAP_SCADA,9,0.0015913112638784033
1,B_svc,2,0.17505832381110656,6,0.17750443286609066,MAP_SCADA,9,0.0024461090549841025
2,UPFC_Vsh,5-15,1.1134733590139796,6,1.1094107399366555,MAP_SCADA,9,0.004062619077324081
3,UPFC_tsh,5-15,-0.23630289751870623,6,-0.23457720339960228,MAP_SCADA,9,0.0017256941191039488
4,UPFC_Vse,5-15,0.057209379708297675,6,0.059353713384124616,MAP_SCADA,9,0.0021443336758269413
5,UPFC_tse,5-15,-2.118697070191822,6,-2.136839258184921,MAP_SCADA,9,0.018142187993098968
0,x_tcsc,1-14,-0.106904312225471,7,-0.1088307202502758,MAP_SCADA,9,0.0019264080248048016
1,B_svc,2,0.17859066157689701,7,0.17750443286609066,MAP_SCADA,9,0.0010862287108063529
2,UPFC_Vsh,5-15,1.1115241542852348,7,1.1094107399366555,MAP_SCADA,9,0.0021134143485792567
3,UPFC_tsh,5-15,-0.23696277691500586,7,-0.23457720339960228,MAP_SCADA,9,0.002385573515403583
4,UPFC_Vse,5-15,0.05719135020998187,7,0.059353713384124616,MAP_SCADA,9,0.0021623631741427493
5,UPFC_tse,5-15,-2.120352712191659,7,-2.136839258184921,MAP_SCADA,9,0.01648654599326216
0,x_tcsc,1-14,-0.10584256465175358,8,-0.1088307202502758,MAP_SCADA,9,0.002988155598522224
1,B_svc,2,0.17957565213745705,8,0.17750443286609066,MAP_SCADA,9,0.002071219271366387
2,UPFC_Vsh,5-15,1.1114213514564535,8,1.1094107399366555,MAP_SCADA,9,0.002010611519797978
3,UPFC_tsh,5-15,-0.23804470709609643,8,-0.23457720339960228,MAP_SCADA,9,0.003467503696494151
4,UPFC_Vse,5-15,0.05767086577863096,8,0.059353713384124616,MAP_SCADA,9,0.0016828476054936564
5,UPFC_tse,5-15,-2.1195907835996595,8,-2.136839258184921,MAP_SCADA,9,0.017248474585261686
0,x_tcsc,1-14,-0.10784650785057542,9,-0.1088307202502758,MAP_SCADA,9,0.000984212399700382
1,B_svc,2,0.17403306430088125,9,0.17750443286609066,MAP_SCADA,9,0.0034713685652094095
2,UPFC_Vsh,5-15,1.1136591443971575,9,1.1094107399366555,MAP_SCADA,9,0.004248404460502009
3,UPFC_tsh,5-15,-0.23540412352425605,9,-0.23457720339960228,MAP_SCADA,9,0.0008269201246537683
4,UPFC_Vse,5-15,0.05764721708836011,9,0.059353713384124616,MAP_SCADA,9,0.001706496295764505
5,UPFC_tse,5-15,-2.1166377891830908,9,-2.136839258184921,MAP_SCADA,9,0.020201469001830397
0,x_tcsc,1-14,-0.10843919964143052,10,-0.1088307202502758,MAP_SCADA,9,0.00039152060884528606
1,B_svc,2,0.1733415956284689,10,0.17750443286609066,MAP_SCADA,9,0.004162837237621758
2,UPFC_Vsh,5-15,1.1120251269562094,10,1.1094107399366555,MAP_SCADA,9,0.0026143870195538543
3,UPFC_tsh,5-15,-0.23596809646704503,10,-0.23457720339960228,MAP_SCADA,9,0.00139089306744275
4,UPFC_Vse,5-15,0.0564854939523338,10,0.059353713384124616,MAP_SCADA,9,0.0028682194317908166
5,UPFC_tse,5-15,-2.1208915776861685,10,-2.136839258184921,MAP_SCADA,9,0.015947680498752614
0,x_tcsc,1-14,-0.10717114851830077,11,-0.1088307202502758,MAP_SCADA,9,0.0016595717319750347
1,B_svc,2,0.17747026057926507,11,0.17750443286609066,MAP_SCADA,9,3.417228682559004e-05
2,UPFC_Vsh,5-15,1.1124363488801543,11,1.1094107399366555,MAP_SCADA,9,0.003025608943498792
3,UPFC_tsh,5-15,-0.23632852993489933,11,-0.23457720339960228,MAP_SCADA,9,0.0017513265352970542
4,UPFC_Vse,5-15,0.05659742194993677,11,0.059353713384124616,MAP_SCADA,9,0.0027562914341878464
5,UPFC_tse,5-15,-2.1197408115722536,11,-2.136839258184921,MAP_SCADA,9,0.017098446612667573
0,x_tcsc,1-14,-0.10802946345880032,12,-0.1088307202502758,MAP_SCADA,9,0.0008012567914754826
1,B_svc,2,0.17281276942429238,12,0.17750443286609066,MAP_SCADA,9,0.004691663441798277
2,UPFC_Vsh,5-15,1.1130757120421997,12,1.1094107399366555,MAP_SCADA,9,0.003664972105544173
3,UPFC_tsh,5-15,-0.23632368050223404,12,-0.23457720339960228,MAP_SCADA,9,0.0017464771026317605
4,UPFC_Vse,5-15,0.057571961367978236,12,0.059353713384124616,MAP_SCADA,9,0.0017817520161463804
5,UPFC_tse,5-15,-2.1157178822797733,12,-2.136839258184921,MAP_SCADA,9,0.021121375905147843
0,x_tcsc,1-14,-0.10570316958983077,13,-0.1088307202502758,MAP_SCADA,9,0.0031275506604450387
1,B_svc,2,0.18249973312876458,13,0.17750443286609066,MAP_SCADA,9,0.0049953002626739185
2,UPFC_Vsh,5-15,1.1131296050156416,13,1.1094107399366555,MAP_SCADA,9,0.003718865078986111
3,UPFC_tsh,5-15,-0.23783442634788132,13,-0.23457720339960228,MAP_SCADA,9,0.0032572229482790427
4,UPFC_Vse,5-15,0.056484936983598154,13,0.059353713384124616,MAP_SCADA,9,0.0028687764005264627
5,UPFC_tse,5-15,-2.115261398749947,13,-2.136839258184921,MAP_SCADA,9,0.021577859434974034
0,x_tcsc,1-14,-0.10694923876760283,14,-0.1088307202502758,MAP_SCADA,9,0.0018814814826729753
1,B_svc,2,0.1769041692493913,14,0.17750443286609066,MAP_SCADA,9,0.000600263616699348
2,UPFC_Vsh,5-15,1.1121526642391235,14,1.1094107399366555,MAP_SCADA,9,0.002741924302468002
3,UPFC_tsh,5-15,-0.2370323619370798,14,-0.23457720339960228,MAP_SCADA,9,0.0024551585374775198
4,UPFC_Vse,5-15,0.057139654468352036,14,0.059353713384124616,MAP_SCADA,9,0.0022140589157725807
5,UPFC_tse,5-15,-2.1194773532602125,14,-2.136839258184921,MAP_SCADA,9,0.017361904924708682
0,x_tcsc,1-14,-0.10869855072993599,15,-0.1088307202502758,MAP_SCADA,9,0.00013216952033981433
1,B_svc,2,0.1722439116589828,15,0.17750443286609066,MAP_SCADA,9,0.005260521207107849
2,UPFC_Vsh,5-15,1.1123269308828758,15,1.1094107399366555,MAP_SCADA,9,0.0029161909462203095
3,UPFC_tsh,5-15,-0.23591736677432862,15,-0.23457720339960228,MAP_SCADA,9,0.0013401633747263386
4,UPFC_Vse,5-15,0.05746552861625833,15,0.059353713384124616,MAP_SCADA,9,0.0018881847678662855
5,UPFC_tse,5-15,-2.114336762711501,15,-2.136839258184921,MAP_SCADA,9,0.022502495473420314
0,x_tcsc,1-14,-0.10723509198330802,16,-0.1088307202502758,MAP_SCADA,9,0.001595628266967783
1,B_svc,2,0.17398967179522495,16,0.17750443286609066,MAP_SCADA,9,0.0035147610708657073
2,UPFC_Vsh,5-15,1.1110458587351355,16,1.1094107399366555,MAP_SCADA,9,0.0016351187984799953
3,UPFC_tsh,5-15,-0.23700163214610448,16,-0.23457720339960228,MAP_SCADA,9,0.0024244287465021996
4,UPFC_Vse,5-15,0.05741412427159274,16,0.059353713384124616,MAP_SCADA,9,0.0019395891125318782
5,UPFC_tse,5-15,-2.115454248723215,16,-2.136839258184921,MAP_SCADA,9,0.021385009461706073
0,x_tcsc,1-14,-0.11066622826773613,17,-0.1088307202502758,MAP_SCADA,9,0.0018355080174603244
1,B_svc,2,0.17213545326446683,17,0.17750443286609066,MAP_SCADA,9,0.00536897960162383
2,UPFC_Vsh,5-15,1.1101691119931705,17,1.1094107399366555,MAP_SCADA,9,0.0007583720565149665
3,UPFC_tsh,5-15,-0.23638238289548702,17,-0.23457720339960228,MAP_SCADA,9,0.00180517949588474
4,UPFC_Vse,5-15,0.05704571524866088,17,0.059353713384124616,MAP_SCADA,9,0.002307998135463736
5,UPFC_tse,5-15,-2.1255108704267474,17,-2.136839258184921,MAP_SCADA,9,0.011328387758173797
0,x_tcsc,1-14,-0.10647726198792858,18,-0.1088307202502758,MAP_SCADA,9,0.00235345826234723
1,B_svc,2,0.17890991783106908,18,0.17750443286609066,MAP_SCADA,9,0.0014054849649784151
2,UPFC_Vsh,5-15,1.1113916813722353,18,1.1094107399366555,MAP_SCADA,9,0.0019809414355798083
3,UPFC_tsh,5-15,-0.23750430204608403,18,-0.23457720339960228,MAP_SCADA,9,0.002927098646481746
4,UPFC_Vse,5-15,0.0579754917237041,18,0.059353713384124616,MAP_SCADA,9,0.0013782216604205158
5,UPFC_tse,5-15,-2.1210878076752175,18,-2.136839258184921,MAP_SCADA,9,0.015751450509703613
0,x_tcsc,1-14,-0.10880064867843024,19,-0.1088307202502758,MAP_SCADA,9,3.0071571845563527e-05
1,B_svc,2,0.17236500079037237,19,0.17750443286609066,MAP_SCADA,9,0.005139432075718292
2,UPFC_Vsh,5-15,1.112334763295601,19,1.1094107399366555,MAP_SCADA,9,0.0029240233589455933
3,UPFC_tsh,5-15,-0.23575835468156742,19,-0.23457720339960228,MAP_SCADA,9,0.001181151281965137
4,UPFC_Vse,5-15,0.057420643843725014,19,0.059353713384124616,MAP_SCADA,9,0.0019330695403996026
5,UPFC_tse,5-15,-2.1197007787621494,19,-2.136839258184921,MAP_SCADA,9,0.017138479422771802
0,x_tcsc,1-14,-0.10681796471203604,20,-0.1088307202502758,MAP_SCADA,9,0.0020127555382397633
1,B_svc,2,0.17723798368864258,20,0.17750443286609066,MAP_SCADA,9,0.00026644917744808594
2,UPFC_Vsh,5-15,1.110328466941185,20,1.1094107399366555,MAP_SCADA,9,0.0009177270045295227
3,UPFC_tsh,5-15,-0.2373060069040069,20,-0.23457720339960228,MAP_SCADA,9,0.002728803504404631
4,UPFC_Vse,5-15,0.05749209778155573,20,0.059353713384124616,MAP_SCADA,9,0.0018616156025688876
5,UPFC_tse,5-15,-2.121057456966522,20,-2.136839258184921,MAP_SCADA,9,0.015781801218399227
0,x_tcsc,1-14,-0.10640127987977131,21,-0.1088307202502758,MAP_SCADA,9,0.002429440370504493
1,B_svc,2,0.17706400553147694,21,0.17750443286609066,MAP_SCADA,9,0.00044042733461371886
2,UPFC_Vsh,5-15,1.1123414247957542,21,1.1094107399366555,MAP_SCADA,9,0.0029306848590986423
3,UPFC_tsh,5-15,-0.23706487343632154,21,-0.23457720339960228,MAP_SCADA,9,0.002487670036719264
4,UPFC_Vse,5-15,0.05804808066265128,21,0.059353713384124616,MAP_SCADA,9,0.0013056327214733335
5,UPFC_tse,5-15,-2.1199889860303824,21,-2.136839258184921,MAP_SCADA,9,0.016850272154538715
0,x_tcsc,1-14,-0.1076874287003709,22,-0.1088307202502758,MAP_SCADA,9,0.001143291549904904
1,B_svc,2,0.17814371796425674,22,0.17750443286609066,MAP_SCADA,9,0.0006392850981660758
2,UPFC_Vsh,5-15,1.1100397041732075,22,1.1094107399366555,MAP_SCADA,9,0.0006289642365520098
3,UPFC_tsh,5-15,-0.2373992929814906,22,-0.23457720339960228,MAP_SCADA,9,0.002822089581888315
4,UPFC_Vse,5-15,0.05746102628000953,22,0.059353713384124616,MAP_SCADA,9,0.0018926871041150886
5,UPFC_tse,5-15,-2.1138228571779285,22,-2.136839258184921,MAP_SCADA,9,0.02301640100699265
0,x_tcsc,1-14,-0.11114173205442038,23,-0.1088307202502758,MAP_SCADA,9,0.002311011804144572
1,B_svc,2,0.16571810927908867,23,0.17750443286609066,MAP_SCADA,9,0.01178632358700199
2,UPFC_Vsh,5-15,1.1102913160967147,23,1.1094107399366555,MAP_SCADA,9,0.0008805761600592099
3,UPFC_tsh,5-15,-0.23612314344192717,23,-0.23457720339960228,MAP_SCADA,9,0.0015459400423248892
4,UPFC_Vse,5-15,0.057828980132338344,23,0.059353713384124616,MAP_SCADA,9,0.0015247332517862727
5,UPFC_tse,5-15,-2.11634907225094,23,-2.136839258184921,MAP_SCADA,9,0.02049018593398122
0,x_tcsc,1-14,-0.10707298918273737,24,-0.1088307202502758,MAP_SCADA,9,0.0017577310675384317
1,B_svc,2,0.1750844181767696,24,0.17750443286609066,MAP_SCADA,9,0.0024200146893210706
2,UPFC_Vsh,5-15,1.1103383294545885,24,1.1094107399366555,MAP_SCADA,9,0.0009275895179330362
3,UPFC_tsh,5-15,-0.2373858961720593,24,-0.23457720339960228,MAP_SCADA,9,0.0028086927724570165
4,UPFC_Vse,5-15,0.05783441093683506,24,0.059353713384124616,MAP_SCADA,9,0.0015193024472895597
5,UPFC_tse,5-15,-2.1211963531878606,24,-2.136839258184921,MAP_SCADA,9,0.015642904997060558
0,x_tcsc,1-14,-0.10411209146765889,25,-0.1088307202502758,MAP_SCADA,9,0.004718628782616918
1,B_svc,2,0.18207388013521508,25,0.17750443286609066,MAP_SCADA,9,0.0045694472691244215
2,UPFC_Vsh,5-15,1.1099508617603815,25,1.1094107399366555,MAP_SCADA,9,0.0005401218237259808
3,UPFC_tsh,5-15,-0.23921976991336424,25,-0.23457720339960228,MAP_SCADA,9,0.004642566513761964
4,UPFC_Vse,5-15,0.057215626624696495,25,0.059353713384124616,MAP_SCADA,9,0.002138086759428122
5,UPFC_tse,5-15,-2.1180417750198264,25,-2.136839258184921,MAP_SCADA,9,0.018797483165094775
0,x_tcsc,1-14,-0.1078001605743693,26,-0.1088307202502758,MAP_SCADA,9,0.0010305596759065117
1,B_svc,2,0.17458128190019787,26,0.17750443286609066,MAP_SCADA,9,0.0029231509658927957
2,UPFC_Vsh,5-15,1.113580620074413,26,1.1094107399366555,MAP_SCADA,9,0.004169880137757431
3,UPFC_tsh,5-15,-0.23556159092886747,26,-0.23457720339960228,MAP_SCADA,9,0.0009843875292651905
4,UPFC_Vse,5-15,0.05738429904808282,26,0.059353713384124616,MAP_SCADA,9,0.0019694143360417943
5,UPFC_tse,5-15,-2.116182058227431,26,-2.136839258184921,MAP_SCADA,9,0.020657199957490047
0,x_tcsc,1-14,-0.10825092537265413,27,-0.1088307202502758,MAP_SCADA,9,0.0005797948776216783
1,B_svc,2,0.17430631258970788,27,0.17750443286609066,MAP_SCADA,9,0.0031981202763827765
2,UPFC_Vsh,5-15,1.1114662475697654,27,1.1094107399366555,MAP_SCADA,9,0.00205550763310991
3,UPFC_tsh,5-15,-0.23746584465815873,27,-0.23457720339960228,MAP_SCADA,9,0.0028886412585564514
4,UPFC_Vse,5-15,0.05788690302737337,27,0.059353713384124616,MAP_SCADA,9,0.0014668103567512455
5,UPFC_tse,5-15,-2.118504077446963,27,-2.136839258184921,MAP_SCADA,9,0.018335180737958368
0,x_tcsc,1-14,-0.1062730187523376,28,-0.1088307202502758,MAP_SCADA,9,0.0025577014979382
1,B_svc,2,0.18103079162220884,28,0.17750443286609066,MAP_SCADA,9,0.0035263587561181753
2,UPFC_Vsh,5-15,1.1087301109081895,28,1.1094107399366555,MAP_SCADA,9,0.0006806290284659955
3,UPFC_tsh,5-15,-0.2389396275716271,28,-0.23457720339960228,MAP_SCADA,9,0.004362424172024815
4,UPFC_Vse,5-15,0.05792850816793582,28,0.059353713384124616,MAP_SCADA,9,0.0014252052161887949
5,UPFC_tse,5-15,-2.121591180104046,28,-2.136839258184921,MAP_SCADA,9,0.01524807808087525
0,x_tcsc,1-14,-0.10653628707019851,29,-0.1088307202502758,MAP_SCADA,9,0.002294433180077299
1,B_svc,2,0.17965508087916948,29,0.17750443286609066,MAP_SCADA,9,0.002150648013078821
2,UPFC_Vsh,5-15,1.1106446052036845,29,1.1094107399366555,MAP_SCADA,9,0.0012338652670289552
3,UPFC_tsh,5-15,-0.2376731179045099,29,-0.23457720339960228,MAP_SCADA,9,0.003095914504907621
4,UPFC_Vse,5-15,0.05786677315107843,29,0.059353713384124616,MAP_SCADA,9,0.0014869402330461856
5,UPFC_tse,5-15,-2.120222833999159,29,-2.136839258184921,MAP_SCADA,9,0.016616424185762035
0,x_tcsc,1-14,-0.10952997111799802,30,-0.1088307202502758,MAP_SCADA,9,0.000699250867722212
1,B_svc,2,0.16919933850561206,30,0.17750443286609066,MAP_SCADA,9,0.008305094360478604
2,UPFC_Vsh,5-15,1.1127862661947077,30,1.1094107399366555,MAP_SCADA,9,0.003375526258052153
3,UPFC_tsh,5-15,-0.23534976633179824,30,-0.23457720339960228,MAP_SCADA,9,0.0007725629321959637
4,UPFC_Vse,5-15,0.05792238850708715,30,0.059353713384124616,MAP_SCADA,9,0.0014313248770374681
5,UPFC_tse,5-15,-2.1164729451535256,30,-2.136839258184921,MAP_SCADA,9,0.020366313031395578
0,x_tcsc,1-14,-0.10715060791579066,31,-0.1088307202502758,MAP_SCADA,9,0.0016801123344851454
1,B_svc,2,0.17281241655909546,31,0.17750443286609066,MAP_SCADA,9,0.0046920163069952
2,UPFC_Vsh,5-15,1.1121750737216747,31,1.1094107399366555,MAP_SCADA,9,0.0027643337850191685
3,UPFC_tsh,5-15,-0.23612890048767649,31,-0.23457720339960228,MAP_SCADA,9,0.0015516970880742054
4,UPFC_Vse,5-15,0.05741113562187503,31,0.059353713384124616,MAP_SCADA,9,0.0019425777622495838
5,UPFC_tse,5-15,-2.118555531744554,31,-2.136839258184921,MAP_SCADA,9,0.018283726440367243
0,x_tcsc,1-14,-0.10738626062904685,32,-0.1088307202502758,MAP_SCADA,9,0.0014444596212289523
1,B_svc,2,0.17330701774645507,32,0.17750443286609066,MAP_SCADA,9,0.004197415119635589
2,UPFC_Vsh,5-15,1.1120310826835351,32,1.1094107399366555,MAP_SCADA,9,0.0026203427468796114
3,UPFC_tsh,5-15,-0.23617144897870454,32,-0.23457720339960228,MAP_SCADA,9,0.0015942455791022603
4,UPFC_Vse,5-15,0.05687457505896244,32,0.059353713384124616,MAP_SCADA,9,0.0024791383251621738
5,UPFC_tse,5-15,-2.123660023297658,32,-2.136839258184921,MAP_SCADA,9,0.013179234887263025
0,x_tcsc,1-14,-0.10693539844775564,33,-0.1088307202502758,MAP_SCADA,9,0.0018953218025201668
1,B_svc,2,0.17768917211592447,33,0.17750443286609066,MAP_SCADA,9,0.00018473924983380963
2,UPFC_Vsh,5-15,1.1095148249414561,33,1.1094107399366555,MAP_SCADA,9,0.00010408500480063587
3,UPFC_tsh,5-15,-0.2371331944262661,33,-0.23457720339960228,MAP_SCADA,9,0.0025559910266638175
4,UPFC_Vse,5-15,0.05721563919140297,33,0.059353713384124616,MAP_SCADA,9,0.002138074192721648
5,UPFC_tse,5-15,-2.1196271921111913,33,-2.136839258184921,MAP_SCADA,9,0.017212066073729826
0,x_tcsc,1-14,-0.10687992533692643,34,-0.1088307202502758,MAP_SCADA,9,0.001950794913349374
1,B_svc,2,0.17401309726872008,34,0.17750443286609066,MAP_SCADA,9,0.0034913355973705817
2,UPFC_Vsh,5-15,1.1123769845319478,34,1.1094107399366555,MAP_SCADA,9,0.0029662445952922667
3,UPFC_tsh,5-15,-0.23616750209149165,34,-0.23457720339960228,MAP_SCADA,9,0.0015902986918893691
4,UPFC_Vse,5-15,0.05717751357900006,34,0.059353713384124616,MAP_SCADA,9,0.002176199805124554
5,UPFC_tse,5-15,-2.1212191870108876,34,-2.136839258184921,MAP_SCADA,9,0.015620071174033523
0,x_tcsc,1-14,-0.10736731801715636,35,-0.1088307202502758,MAP_SCADA,9,0.001463402233119443
1,B_svc,2,0.1743344664120881,35,0.17750443286609066,MAP_SCADA,9,0.003169966454002554
2,UPFC_Vsh,5-15,1.1121640478067782,35,1.1094107399366555,MAP_SCADA,9,0.0027533078701227343
3,UPFC_tsh,5-15,-0.23680846597136743,35,-0.23457720339960228,MAP_SCADA,9,0.002231262571765147
4,UPFC_Vse,5-15,0.057952360550922254,35,0.059353713384124616,MAP_SCADA,9,0.0014013528332023628
5,UPFC_tse,5-15,-2.1169531607381513,35,-2.136839258184921,MAP_SCADA,9,0.019886097446769835
0,x_tcsc,1-14,-0.10815347514458465,36,-0.1088307202502758,MAP_SCADA,9,0.0006772451056911571
1,B_svc,2,0.1710697004082666,36,0.17750443286609066,MAP_SCADA,9,0.006434732457824055
2,UPFC_Vsh,5-15,1.1137240188584057,36,1.1094107399366555,MAP_SCADA,9,0.004313278921750152
3,UPFC_tsh,5-15,-0.2358246848062136,36,-0.23457720339960228,MAP_SCADA,9,0.0012474814066113227
4,UPFC_Vse,5-15,0.057245825627543545,36,0.059353713384124616,MAP_SCADA,9,0.0021078877565810714
5,UPFC_tse,5-15,-2.1175965349312516,36,-2.136839258184921,MAP_SCADA,9,0.019242723253669602
0,x_tcsc,1-14,-0.10475515592541516,37,-0.1088307202502758,MAP_SCADA,9,0.004075564324860642
1,B_svc,2,0.18309482267944,37,0.17750443286609066,MAP_SCADA,9,0.0055903898133493335
2,UPFC_Vsh,5-15,1.1127906253327882,37,1.1094107399366555,MAP_SCADA,9,0.0033798853961326536
3,UPFC_tsh,5-15,-0.23802310460401754,37,-0.23457720339960228,MAP_SCADA,9,0.0034459012044152637
4,UPFC_Vse,5-15,0.057431952367715214,37,0.059353713384124616,MAP_SCADA,9,0.0019217610164094026
5,UPFC_tse,5-15,-2.1199405418760775,37,-2.136839258184921,MAP_SCADA,9,0.016898716308843653
0,x_tcsc,1-14,-0.10742269392758334,38,-0.1088307202502758,MAP_SCADA,9,0.0014080263226924628
1,B_svc,2,0.1755004971401978,38,0.17750443286609066,MAP_SCADA,9,0.002003935725892858
2,UPFC_Vsh,5-15,1.1130201419013812,38,1.1094107399366555,MAP_SCADA,9,0.0036094019647257003
3,UPFC_tsh,5-15,-0.23693363430979963,38,-0.23457720339960228,MAP_SCADA,9,0.0023564309101973546
4,UPFC_Vse,5-15,0.057205520786809703,38,0.059353713384124616,MAP_SCADA,9,0.002148192597314913
5,UPFC_tse,5-15,-2.1205146025924075,38,-2.136839258184921,MAP_SCADA,9,0.016324655592513615
0,x_tcsc,1-14,-0.10641915634401529,39,-0.1088307202502758,MAP_SCADA,9,0.0024115639062605165
1,B_svc,2,0.17958337075122596,39,0.17750443286609066,MAP_SCADA,9,0.0020789378851353013
2,UPFC_Vsh,5-15,1.1118914083314206,39,1.1094107399366555,MAP_SCADA,9,0.0024806683947651287
3,UPFC_tsh,5-15,-0.23774754611117094,39,-0.23457720339960228,MAP_SCADA,9,0.0031703427115686578
4,UPFC_Vse,5-15,0.057058229476306656,39,0.059353713384124616,MAP_SCADA,9,0.0022954839078179606
5,UPFC_tse,5-15,-2.120243704132217,39,-2.136839258184921,MAP_SCADA,9,0.016595554052704298
0,x_tcsc,1-14,-0.10714899839915103,40,-0.1088307202502758,MAP_SCADA,9,0.001681721851124779
1,B_svc,2,0.17792801003384645,40,0.17750443286609066,MAP_SCADA,9,0.0004235771677557898
2,UPFC_Vsh,5-15,1.1104977926102153,40,1.1094107399366555,MAP_SCADA,9,0.0010870526735597963
3,UPFC_tsh,5-15,-0.23778322722768935,40,-0.23457720339960228,MAP_SCADA,9,0.0032060238280870734
4,UPFC_Vse,5-15,0.05763455838128357,40,0.059353713384124616,MAP_SCADA,9,0.0017191550028410468
5,UPFC_tse,5-15,-2.121763490823035,40,-2.136839258184921,MAP_SCADA,9,0.015075767361885983
0,x_tcsc,1-14,-0.10747628103650513,41,-0.1088307202502758,MAP_SCADA,9,0.0013544392137706807
1,B_svc,2,0.17201780849316667,41,0.17750443286609066,MAP_SCADA,9,0.005486624372923993
2,UPFC_Vsh,5-15,1.1132964947085866,41,1.1094107399366555,MAP_SCADA,9,0.0038857547719310936
3,UPFC_tsh,5-15,-0.23655377141994835,41,-0.23457720339960228,MAP_SCADA,9,0.00197656802034607
4,UPFC_Vse,5-15,0.05694790652530009,41,0.059353713384124616,MAP_SCADA,9,0.0024058068588245288
5,UPFC_tse,5-15,-2.115871417344491,41,-2.136839258184921,MAP_SCADA,9,0.020967840840430352
0,x_tcsc,1-14,-0.1081257980000313,42,-0.1088307202502758,MAP_SCADA,9,0.0007049222502445024
1,B_svc,2,0.1726483542993937,42,0.17750443286609066,MAP_SCADA,9,0.004856078566696953
2,UPFC_Vsh,5-15,1.1121568098072536,42,1.1094107399366555,MAP_SCADA,9,0.0027460698705981113
3,UPFC_tsh,5-15,-0.23570650257828626,42,-0.23457720339960228,MAP_SCADA,9,0.0011292991786839846
4,UPFC_Vse,5-15,0.057391783915916594,42,0.059353713384124616,MAP_SCADA,9,0.001961929468208022
5,UPFC_tse,5-15,-2.1223150055765987,42,-2.136839258184921,MAP_SCADA,9,0.014524252608322463
0,x_tcsc,1-14,-0.10919026678444572,43,-0.1088307202502758,MAP_SCADA,9,0.0003595465341699189
1,B_svc,2,0.17006330659842472,43,0.17750443286609066,MAP_SCADA,9,0.007441126267665937
2,UPFC_Vsh,5-15,1.1123500259968075,43,1.1094107399366555,MAP_SCADA,9,0.0029392860601520354
3,UPFC_tsh,5-15,-0.23560811988148292,43,-0.23457720339960228,MAP_SCADA,9,0.0010309164818806393
4,UPFC_Vse,5-15,0.057593251453399046,43,0.059353713384124616,MAP_SCADA,9,0.0017604619307255709
5,UPFC_tse,5-15,-2.1151039880453184,43,-2.136839258184921,MAP_SCADA,9,0.021735270139602747
0,x_tcsc,1-14,-0.10530229352998717,44,-0.1088307202502758,MAP_SCADA,9,0.0035284267202886355
1,B_svc,2,0.1829660034812352,44,0.17750443286609066,MAP_SCADA,9,0.005461570615144545
2,UPFC_Vsh,5-15,1.109897014642047,44,1.1094107399366555,MAP_SCADA,9,0.0004862747053915317
3,UPFC_tsh,5-15,-0.23859001452834347,44,-0.23457720339960228,MAP_SCADA,9,0.004012811128741189
4,UPFC_Vse,5-15,0.058221711031435495,44,0.059353713384124616,MAP_SCADA,9,0.001132002352689121
5,UPFC_tse,5-15,-2.116964072987721,44,-2.136839258184921,MAP_SCADA,9,0.019875185197200107
0,x_tcsc,1-14,-0.1069256538871445,45,-0.1088307202502758,MAP_SCADA,9,0.0019050663631312997
1,B_svc,2,0.177465266753047,45,0.17750443286609066,MAP_SCADA,9,3.916611304366491e-05
2,UPFC_Vsh,5-15,1.1114206874199102,45,1.1094107399366555,MAP_SCADA,9,0.0020099474832546704
3,UPFC_tsh,5-15,-0.23689545053861744,45,-0.23457720339960228,MAP_SCADA,9,0.002318247139015156
4,UPFC_Vse,5-15,0.057539741316308304,45,0.059353713384124616,MAP_SCADA,9,0.001813972067816312
5,UPFC_tse,5-15,-2.1171370386148687,45,-2.136839258184921,MAP_SCADA,9,0.01970221957005247
0,x_tcsc,1-14,-0.10802781666215394,46,-0.1088307202502758,MAP_SCADA,9,0.0008029035881218644
1,B_svc,2,0.1738286788546785,46,0.17750443286609066,MAP_SCADA,9,0.0036757540114121523
2,UPFC_Vsh,5-15,1.11293370639085,46,1.1094107399366555,MAP_SCADA,9,0.003522966454194476
3,UPFC_tsh,5-15,-0.236790719974732,46,-0.23457720339960228,MAP_SCADA,9,0.0022135165751297203
4,UPFC_Vse,5-15,0.057103383298049065,46,0.059353713384124616,MAP_SCADA,9,0.0022503300860755512
5,UPFC_tse,5-15,-2.1179202109526556,46,-2.136839258184921,MAP_SCADA,9,0.018919047232265562
0,x_tcsc,1-14,-0.10709329858503407,47,-0.1088307202502758,MAP_SCADA,9,0.0017374216652417396
1,B_svc,2,0.173253329722418,47,0.17750443286609066,MAP_SCADA,9,0.004251103143672663
2,UPFC_Vsh,5-15,1.1130769853263658,47,1.1094107399366555,MAP_SCADA,9,0.0036662453897102765
3,UPFC_tsh,5-15,-0.23619945386340394,47,-0.23457720339960228,MAP_SCADA,9,0.0016222504638016555
4,UPFC_Vse,5-15,0.05764670213138666,47,0.059353713384124616,MAP_SCADA,9,0.001707011252737957
5,UPFC_tse,5-15,-2.1178733164843204,47,-2.136839258184921,MAP_SCADA,9,0.01896594170060073
0,x_tcsc,1-14,-0.10719051328101499,48,-0.1088307202502758,MAP_SCADA,9,0.0016402069692608157
1,B_svc,2,0.17618814701774743,48,0.17750443286609066,MAP_SCADA,9,0.0013162858483432294
2,UPFC_Vsh,5-15,1.1137388699268482,48,1.1094107399366555,MAP_SCADA,9,0.0043281299901927195
3,UPFC_tsh,5-15,-0.23554054106717964,48,-0.23457720339960228,MAP_SCADA,9,0.0009633376675773631
4,UPFC_Vse,5-15,0.05692696717314711,48,0.059353713384124616,MAP_SCADA,9,0.0024267462109775068
5,UPFC_tse,5-15,-2.118333333343752,48,-2.136839258184921,MAP_SCADA,9,0.018505924841169197
0,x_tcsc,1-14,-0.10866601044350763,49,-0.1088307202502758,MAP_SCADA,9,0.00016470980676817903
1,B_svc,2,0.1710053873058158,49,0.17750443286609066,MAP_SCADA,9,0.006499045560274863
2,UPFC_Vsh,5-15,1.1121595017507595,49,1.1094107399366555,MAP_SCADA,9,0.002748761814103995
3,UPFC_tsh,5-15,-0.2359778989630055,49,-0.23457720339960228,MAP_SCADA,9,0.0014006955634032203
4,UPFC_Vse,5-15,0.05723723522516479,49,0.059353713384124616,MAP_SCADA,9,0.0021164781589598294
5,UPFC_tse,5-15,-2.1162183015920553,49,-2.136839258184921,MAP_SCADA,9,0.02062095659286589
0,x_tcsc,1-14,-0.10901937796112277,50,-0.1088307202502758,MAP_SCADA,9,0.00018865771084695948
1,B_svc,2,0.16959306694005918,50,0.17750443286609066,MAP_SCADA,9,0.007911365926031477
2,UPFC_Vsh,5-15,1.1129934283863259,50,1.1094107399366555,MAP_SCADA,9,0.003582688449670357
3,UPFC_tsh,5-15,-0.23572793347299587,50,-0.23457720339960228,MAP_SCADA,9,0.0011507300733935855
4,UPFC_Vse,5-15,0.05764673609842407,50,0.059353713384124616,MAP_SCADA,9,0.001706977285700545
5,UPFC_tse,5-15,-2.118481715803393,50,-2.136839258184921,MAP_SCADA,9,0.01835754238152809
0,x_tcsc,1-14,-0.10931226325956275,51,-0.1088307202502758,MAP_SCADA,9,0.00048154300928694715
1,B_svc,2,0.16790873900292247,51,0.17750443286609066,MAP_SCADA,9,0.009595693863168192
2,UPFC_Vsh,5-15,1.1126616705910577,51,1.1094107399366555,MAP_SCADA,9,0.0032509306544021843
3,UPFC_tsh,5-15,-0.2364188554805837,51,-0.23457720339960228,MAP_SCADA,9,0.0018416520809814152
4,UPFC_Vse,5-15,0.057683554161929884,51,0.059353713384124616,MAP_SCADA,9,0.0016701592221947323
5,UPFC_tse,5-15,-2.1187258940414506,51,-2.136839258184921,MAP_SCADA,9,0.018113364143470534
0,x_tcsc,1-14,-0.10695079648572353,52,-0.1088307202502758,MAP_SCADA,9,0.0018799237645522743
1,B_svc,2,0.17765441432496182,52,0.17750443286609066,MAP_SCADA,9,0.00014998145887115677
2,UPFC_Vsh,5-15,1.1107767750385993,52,1.1094107399366555,MAP_SCADA,9,0.0013660351019437744
3,UPFC_tsh,5-15,-0.23801910026457151,52,-0.23457720339960228,MAP_SCADA,9,0.003441896864969235
4,UPFC_Vse,5-15,0.05789410719761008,52,0.059353713384124616,MAP_SCADA,9,0.0014596061865145352
5,UPFC_tse,5-15,-2.1180835578894164,52,-2.136839258184921,MAP_SCADA,9,0.018755700295504774
0,x_tcsc,1-14,-0.10579999281105353,53,-0.1088307202502758,MAP_SCADA,9,0.0030307274392222805
1,B_svc,2,0.18205396316733946,53,0.17750443286609066,MAP_SCADA,9,0.0045495303012488
2,UPFC_Vsh,5-15,1.109267996697699,53,1.1094107399366555,MAP_SCADA,9,0.00014274323895646646
3,UPFC_tsh,5-15,-0.23819604051412727,53,-0.23457720339960228,MAP_SCADA,9,0.0036188371145249865
4,UPFC_Vse,5-15,0.05724544595243886,53,0.059353713384124616,MAP_SCADA,9,0.0021082674316857536
5,UPFC_tse,5-15,-2.1229365299297847,53,-2.136839258184921,MAP_SCADA,9,0.013902728255136498
0,x_tcsc,1-14,-0.106223577746768,54,-0.1088307202502758,MAP_SCADA,9,0.0026071425035078116
1,B_svc,2,0.17719157491400092,54,0.17750443286609066,MAP_SCADA,9,0.0003128579520897401
2,UPFC_Vsh,5-15,1.111956043609763,54,1.1094107399366555,MAP_SCADA,9,0.0025453036731075684
3,UPFC_tsh,5-15,-0.2378113739765671,54,-0.23457720339960228,MAP_SCADA,9,0.0032341705769648177
4,UPFC_Vse,5-15,0.057130967663296575,54,0.059353713384124616,MAP_SCADA,9,0.0022227457208280413
5,UPFC_tse,5-15,-2.12161004485105,54,-2.136839258184921,MAP_SCADA,9,0.015229213333871172
0,x_tcsc,1-14,-0.1048808287150344,55,-0.1088307202502758,MAP_SCADA,9,0.003949891535241404
1,B_svc,2,0.18023016762748467,55,0.17750443286609066,MAP_SCADA,9,0.002725734761394011
2,UPFC_Vsh,5-15,1.111015522773831,55,1.1094107399366555,MAP_SCADA,9,0.0016047828371754669
3,UPFC_tsh,5-15,-0.2379659931537663,55,-0.23457720339960228,MAP_SCADA,9,0.003388789754164012
4,UPFC_Vse,5-15,0.05771664330509277,55,0.059353713384124616,MAP_SCADA,9,0.001637070079031848
5,UPFC_tse,5-15,-2.1190069084086782,55,-2.136839258184921,MAP_SCADA,9,0.01783234977624293
0,x_tcsc,1-14,-0.10573173835744157,56,-0.1088307202502758,MAP_SCADA,9,0.0030989818928342378
1,B_svc,2,0.1817970034926586,56,0.17750443286609066,MAP_SCADA,9,0.004292570626567932
2,UPFC_Vsh,5-15,1.111027770285367,56,1.1094107399366555,MAP_SCADA,9,0.0016170303487115234
3,UPFC_tsh,5-15,-0.23812830497551066,56,-0.23457720339960228,MAP_SCADA,9,0.0035511015759083775
4,UPFC_Vse,5-15,0.05736210880287201,56,0.059353713384124616,MAP_SCADA,9,0.0019916045812526095
5,UPFC_tse,5-15,-2.1198983441293033,56,-2.136839258184921,MAP_SCADA,9,0.016940914055617817
0,x_tcsc,1-14,-0.10709092763731871,57,-0.1088307202502758,MAP_SCADA,9,0.0017397926129570918
1,B_svc,2,0.17484046073839904,57,0.17750443286609066,MAP_SCADA,9,0.0026639721276916217
2,UPFC_Vsh,5-15,1.1133469525661213,57,1.1094107399366555,MAP_SCADA,9,0.003936212629465752
3,UPFC_tsh,5-15,-0.23718555045047204,57,-0.23457720339960228,MAP_SCADA,9,0.0026083470508697637
4,UPFC_Vse,5-15,0.057613084439732426,57,0.059353713384124616,MAP_SCADA,9,0.0017406289443921905
5,UPFC_tse,5-15,-2.1183658311697195,57,-2.136839258184921,MAP_SCADA,9,0.018473427015201604
0,x_tcsc,1-14,-0.10714063314851686,58,-0.1088307202502758,MAP_SCADA,9,0.0016900871017589414
1,B_svc,2,0.17242772742543125,58,0.17750443286609066,MAP_SCADA,9,0.0050767054406594125
2,UPFC_Vsh,5-15,1.1108335546560917,58,1.1094107399366555,MAP_SCADA,9,0.0014228147194361718
3,UPFC_tsh,5-15,-0.23746284602796666,58,-0.23457720339960228,MAP_SCADA,9,0.002885642628364382
4,UPFC_Vse,5-15,0.05689107134771026,58,0.059353713384124616,MAP_SCADA,9,0.0024626420364143586
5,UPFC_tse,5-15,-2.122073449832775,58,-2.136839258184921,MAP_SCADA,9,0.014765808352146248
0,x_tcsc,1-14,-0.10523444359924194,59,-0.1088307202502758,MAP_SCADA,9,0.003596276651033861
1,B_svc,2,0.1793597647528677,59,0.17750443286609066,MAP_SCADA,9,0.0018553318867770285
2,UPFC_Vsh,5-15,1.1107857115531186,59,1.1094107399366555,MAP_SCADA,9,0.0013749716164630499
3,UPFC_tsh,5-15,-0.23789177797441755,59,-0.23457720339960228,MAP_SCADA,9,0.0033145745748152655
4,UPFC_Vse,5-15,0.05768282997508247,59,0.059353713384124616,MAP_SCADA,9,0.0016708834090421454
5,UPFC_tse,5-15,-2.1181873406560845,59,-2.136839258184921,MAP_SCADA,9,0.01865191752883666
0,x_tcsc,1-14,-0.10945176150756852,60,-0.1088307202502758,MAP_SCADA,9,0.0006210412572927176
1,B_svc,2,0.16935793383633752,60,0.17750443286609066,MAP_SCADA,9,0.008146499029753146
2,UPFC_Vsh,5-15,1.1139613169432452,60,1.1094107399366555,MAP_SCADA,9,0.004550577006589673
3,UPFC_tsh,5-15,-0.23566920134996264,60,-0.23457720339960228,MAP_SCADA,9,0.0010919979503603572
4,UPFC_Vse,5-15,0.05720458411055312,60,0.059353713384124616,MAP_SCADA,9,0.0021491292735714984
5,UPFC_tse,5-15,-2.1149588358461378,60,-2.136839258184921,MAP_SCADA,9,0.0218804223387834
0,x_tcsc,1-14,-0.10905522365335318,61,-0.1088307202502758,MAP_SCADA,9,0.00022450340307737793
1,B_svc,2,0.1703607647786208,61,0.17750443286609066,MAP_SCADA,9,0.007143668087469857
2,UPFC_Vsh,5-15,1.1130767083751107,61,1.1094107399366555,MAP_SCADA,9,0.003665968438455236
3,UPFC_tsh,5-15,-0.23544033055215907,61,-0.23457720339960228,MAP_SCADA,9,0.0008631271525567918
4,UPFC_Vse,5-15,0.057875494250938325,61,0.059353713384124616,MAP_SCADA,9,0.0014782191331862912
5,UPFC_tse,5-15,-2.1204281948282167,61,-2.136839258184921,MAP_SCADA,9,0.016411063356704503
0,x_tcsc,1-14,-0.10733114663304694,62,-0.1088307202502758,MAP_SCADA,9,0.0014995736172288693
1,B_svc,2,0.17367688990675537,62,0.17750443286609066,MAP_SCADA,9,0.003827542959335295
2,UPFC_Vsh,5-15,1.1121862943112313,62,1.1094107399366555,MAP_SCADA,9,0.0027755543745757727
3,UPFC_tsh,5-15,-0.23622970029102125,62,-0.23457720339960228,MAP_SCADA,9,0.0016524968914189697
4,UPFC_Vse,5-15,0.057647980839804165,62,0.059353713384124616,MAP_SCADA,9,0.0017057325443204513
5,UPFC_tse,5-15,-2.1197384212927988,62,-2.136839258184921,MAP_SCADA,9,0.017100836892122384
0,x_tcsc,1-14,-0.10940497005741741,63,-0.1088307202502758,MAP_SCADA,9,0.0005742498071416025
1,B_svc,2,0.1726336661398208,63,0.17750443286609066,MAP_SCADA,9,0.004870766726269848
2,UPFC_Vsh,5-15,1.1087398307270746,63,1.1094107399366555,MAP_SCADA,9,0.0006709092095809055
3,UPFC_tsh,5-15,-0.2373871645118825,63,-0.23457720339960228,MAP_SCADA,9,0.0028099611122802126
4,UPFC_Vse,5-15,0.05776814794156133,63,0.059353713384124616,MAP_SCADA,9,0.0015855654425632887
5,UPFC_tse,5-15,-2.121343863462053,63,-2.136839258184921,MAP_SCADA,9,0.015495394722868205
0,x_tcsc,1-14,-0.1046949546236351,64,-0.1088307202502758,MAP_SCADA,9,0.004135765626640711
1,B_svc,2,0.183445376860306,64,0.17750443286609066,MAP_SCADA,9,0.005940943994215325
2,UPFC_Vsh,5-15,1.1131989879091804,64,1.1094107399366555,MAP_SCADA,9,0.003788247972524861
3,UPFC_tsh,5-15,-0.23781862115688623,64,-0.23457720339960228,MAP_SCADA,9,0.003241417757283954
4,UPFC_Vse,5-15,0.05759710799066543,64,0.059353713384124616,MAP_SCADA,9,0.0017566053934591833
5,UPFC_tse,5-15,-2.1232312397924127,64,-2.136839258184921,MAP_SCADA,9,0.01360801839250847
0,x_tcsc,1-14,-0.10787113157761462,65,-0.1088307202502758,MAP_SCADA,9,0.000959588672661188
1,B_svc,2,0.17266875712225543,65,0.17750443286609066,MAP_SCADA,9,0.004835675743835227
2,UPFC_Vsh,5-15,1.112803249263745,65,1.1094107399366555,MAP_SCADA,9,0.0033925093270894546
3,UPFC_tsh,5-15,-0.23576020759578165,65,-0.23457720339960228,MAP_SCADA,9,0.0011830041961793658
4,UPFC_Vse,5-15,0.05738668038712711,65,0.059353713384124616,MAP_SCADA,9,0.001967032996997506
5,UPFC_tse,5-15,-2.117628484366634,65,-2.136839258184921,MAP_SCADA,9,0.019210773818286953
0,x_tcsc,1-14,-0.10607910744277634,66,-0.1088307202502758,MAP_SCADA,9,0.0027516128074994706
1,B_svc,2,0.1785011070050042,66,0.17750443286609066,MAP_SCADA,9,0.0009966741389135503
2,UPFC_Vsh,5-15,1.1122669093630733,66,1.1094107399366555,MAP_SCADA,9,0.002856169426417754
3,UPFC_tsh,5-15,-0.2376299527673899,66,-0.23457720339960228,MAP_SCADA,9,0.003052749367787627
4,UPFC_Vse,5-15,0.0580228728162041,66,0.059353713384124616,MAP_SCADA,9,0.001330840567920516
5,UPFC_tse,5-15,-2.11588414783405,66,-2.136839258184921,MAP_SCADA,9,0.020955110350870942
0,x_tcsc,1-14,-0.10464633199777319,67,-0.1088307202502758,MAP_SCADA,9,0.004184388252502613
1,B_svc,2,0.1819534129198583,67,0.17750443286609066,MAP_SCADA,9,0.004448980053767648
2,UPFC_Vsh,5-15,1.1109878453087363,67,1.1094107399366555,MAP_SCADA,9,0.0015771053720807782
3,UPFC_tsh,5-15,-0.23816703002760867,67,-0.23457720339960228,MAP_SCADA,9,0.0035898266280063873
4,UPFC_Vse,5-15,0.0575155112696389,67,0.059353713384124616,MAP_SCADA,9,0.0018382021144857166
5,UPFC_tse,5-15,-2.1243584023779603,67,-2.136839258184921,MAP_SCADA,9,0.0124808558069609
0,x_tcsc,1-14,-0.1048884806969986,68,-0.1088307202502758,MAP_SCADA,9,0.003942239553277202
1,B_svc,2,0.18233020135967012,68,0.17750443286609066,MAP_SCADA,9,0.004825768493579463
2,UPFC_Vsh,5-15,1.1126787375375116,68,1.1094107399366555,MAP_SCADA,9,0.003267997600856054
3,UPFC_tsh,5-15,-0.23729777185293432,68,-0.23457720339960228,MAP_SCADA,9,0.002720568453332045
4,UPFC_Vse,5-15,0.057497301850630324,68,0.059353713384124616,MAP_SCADA,9,0.0018564115334942927
5,UPFC_tse,5-15,-2.117353272936879,68,-2.136839258184921,MAP_SCADA,9,0.019485985248042237
0,x_tcsc,1-14,-0.10890222542618458,69,-0.1088307202502758,MAP_SCADA,9,7.150517590877314e-05
1,B_svc,2,0.16834420117020463,69,0.17750443286609066,MAP_SCADA,9,0.009160231695886034
2,UPFC_Vsh,5-15,1.1131104914482013,69,1.1094107399366555,MAP_SCADA,9,0.003699751511545779
3,UPFC_tsh,5-15,-0.23620664066360444,69,-0.23457720339960228,MAP_SCADA,9,0.0016294372640021648
4,UPFC_Vse,5-15,0.05712520081716381,69,0.059353713384124616,MAP_SCADA,9,0.0022285125669608066
5,UPFC_tse,5-15,-2.116181775780159,69,-2.136839258184921,MAP_SCADA,9,0.020657482404762284
0,x_tcsc,1-14,-0.10783954312107445,70,-0.1088307202502758,MAP_SCADA,9,0.0009911771292013538
1,B_svc,2,0.1738012616177895,70,0.17750443286609066,MAP_SCADA,9,0.0037031712483011625
2,UPFC_Vsh,5-15,1.109946175601687,70,1.1094107399366555,MAP_SCADA,9,0.0005354356650315584
3,UPFC_tsh,5-15,-0.2370955958356482,70,-0.23457720339960228,MAP_SCADA,9,0.0025183924360459298
4,UPFC_Vse,5-15,0.057627049096513644,70,0.059353713384124616,MAP_SCADA,9,0.0017266642876109725
5,UPFC_tse,5-15,-2.1202167991094587,70,-2.136839258184921,MAP_SCADA,9,0.016622459075462448
0,x_tcsc,1-14,-0.10534847168056283,71,-0.1088307202502758,MAP_SCADA,9,0.0034822485697129785
1,B_svc,2,0.17955172099397773,71,0.17750443286609066,MAP_SCADA,9,0.0020472881278870703
2,UPFC_Vsh,5-15,1.1117192574047965,71,1.1094107399366555,MAP_SCADA,9,0.0023085174681409804
3,UPFC_tsh,5-15,-0.23820653589537907,71,-0.23457720339960228,MAP_SCADA,9,0.0036293324957767936
4,UPFC_Vse,5-15,0.05754757811938391,71,0.059353713384124616,MAP_SCADA,9,0.001806135264740709
5,UPFC_tse,5-15,-2.121658366823909,71,-2.136839258184921,MAP_SCADA,9,0.015180891361012083
0,x_tcsc,1-14,-0.10742294616001442,72,-0.1088307202502758,MAP_SCADA,9,0.0014077740902613822
1,B_svc,2,0.17430469223433764,72,0.17750443286609066,MAP_SCADA,9,0.0031997406317530175
2,UPFC_Vsh,5-15,1.1143541824961813,72,1.1094107399366555,MAP_SCADA,9,0.004943442559525835
3,UPFC_tsh,5-15,-0.23620451737193204,72,-0.23457720339960228,MAP_SCADA,9,0.0016273139723297636
4,UPFC_Vse,5-15,0.0572197988624672,72,0.059353713384124616,MAP_SCADA,9,0.0021339145216574193
5,UPFC_tse,5-15,-2.113452791129322,72,-2.136839258184921,MAP_SCADA,9,0.023386467055598992
0,x_tcsc,1-14,-0.10922969344645563,73,-0.1088307202502758,MAP_SCADA,9,0.0003989731961798193
1,B_svc,2,0.16525146255622622,73,0.17750443286609066,MAP_SCADA,9,0.012252970309864442
2,UPFC_Vsh,5-15,1.1134568370282656,73,1.1094107399366555,MAP_SCADA,9,0.004046097091610079
3,UPFC_tsh,5-15,-0.2356698992780358,73,-0.23457720339960228,MAP_SCADA,9,0.001092695878433525
4,UPFC_Vse,5-15,0.05714227536138494,73,0.059353713384124616,MAP_SCADA,9,0.0022114380227396743
5,UPFC_tse,5-15,-2.119651091064688,73,-2.136839258184921,MAP_SCADA,9,0.01718816712023319
0,x_tcsc,1-14,-0.10431792148953327,74,-0.1088307202502758,MAP_SCADA,9,0.004512798760742537
1,B_svc,2,0.1811248064659187,74,0.17750443286609066,MAP_SCADA,9,0.0036203735998280306
2,UPFC_Vsh,5-15,1.1099430822379803,74,1.1094107399366555,MAP_SCADA,9,0.0005323423013248174
3,UPFC_tsh,5-15,-0.23852746172805828,74,-0.23457720339960228,MAP_SCADA,9,0.003950258328455997
4,UPFC_Vse,5-15,0.05784374657307531,74,0.059353713384124616,MAP_SCADA,9,0.0015099668110493056
5,UPFC_tse,5-15,-2.121425096913782,74,-2.136839258184921,MAP_SCADA,9,0.01541416127113937
0,x_tcsc,1-14,-0.103353053211812,75,-0.1088307202502758,MAP_SCADA,9,0.005477667038463807
1,B_svc,2,0.18807150083032478,75,0.17750443286609066,MAP_SCADA,9,0.010567067964234123
2,UPFC_Vsh,5-15,1.1111700606315367,75,1.1094107399366555,MAP_SCADA,9,0.0017593206948811613
3,UPFC_tsh,5-15,-0.2388301118941401,75,-0.23457720339960228,MAP_SCADA,9,0.004252908494537827
4,UPFC_Vse,5-15,0.057665588016663855,75,0.059353713384124616,MAP_SCADA,9,0.0016881253674607619
5,UPFC_tse,5-15,-2.123561272171615,75,-2.136839258184921,MAP_SCADA,9,0.013277986013306098
0,x_tcsc,1-14,-0.10893838338128896,76,-0.1088307202502758,MAP_SCADA,9,0.00010766313101315261
1,B_svc,2,0.17015960069209635,76,0.17750443286609066,MAP_SCADA,9,0.0073448321739943145
2,UPFC_Vsh,5-15,1.1136347042650967,76,1.1094107399366555,MAP_SCADA,9,0.004223964328441188
3,UPFC_tsh,5-15,-0.2356088372004739,76,-0.23457720339960228,MAP_SCADA,9,0.001031633800871623
4,UPFC_Vse,5-15,0.05739174891156154,76,0.059353713384124616,MAP_SCADA,9,0.0019619644725630755
5,UPFC_tse,5-15,-2.1131298745475315,76,-2.136839258184921,MAP_SCADA,9,0.023709383637389614
0,x_tcsc,1-14,-0.10677148640328579,77,-0.1088307202502758,MAP_SCADA,9,0.0020592338469900134
1,B_svc,2,0.17490146294845868,77,0.17750443286609066,MAP_SCADA,9,0.002602969917631981
2,UPFC_Vsh,5-15,1.1099104962836785,77,1.1094107399366555,MAP_SCADA,9,0.0004997563470230393
3,UPFC_tsh,5-15,-0.2369514487516909,77,-0.23457720339960228,MAP_SCADA,9,0.002374245352088633
4,UPFC_Vse,5-15,0.05773714951810732,77,0.059353713384124616,MAP_SCADA,9,0.001616563866017294
5,UPFC_tse,5-15,-2.1166647015932987,77,-2.136839258184921,MAP_SCADA,9,0.020174556591622483
0,x_tcsc,1-14,-0.10924023694539466,78,-0.1088307202502758,MAP_SCADA,9,0.00040951669511885
1,B_svc,2,0.17022007529560623,78,0.17750443286609066,MAP_SCADA,9,0.007284357570484429
2,UPFC_Vsh,5-15,1.1133807467142431,78,1.1094107399366555,MAP_SCADA,9,0.003970006777587631
3,UPFC_tsh,5-15,-0.23596645081338674,78,-0.23457720339960228,MAP_SCADA,9,0.0013892474137844613
4,UPFC_Vse,5-15,0.05711119384068331,78,0.059353713384124616,MAP_SCADA,9,0.0022425195434413042
5,UPFC_tse,5-15,-2.118052252316137,78,-2.136839258184921,MAP_SCADA,9,0.018787005868784235
0,x_tcsc,1-14,-0.10743509187356443,79,-0.1088307202502758,MAP_SCADA,9,0.0013956283767113803
1,B_svc,2,0.17324594257769063,79,0.17750443286609066,MAP_SCADA,9,0.00425849028840003
2,UPFC_Vsh,5-15,1.108719981361768,79,1.1094107399366555,MAP_SCADA,9,0.000690758574887429
3,UPFC_tsh,5-15,-0.23807533379593204,79,-0.23457720339960228,MAP_SCADA,9,0.0034981303963297627
4,UPFC_Vse,5-15,0.05754558435882357,79,0.059353713384124616,MAP_SCADA,9,0.0018081290253010446
5,UPFC_tse,5-15,-2.119357535515237,79,-2.136839258184921,MAP_SCADA,9,0.017481722669684174
0,x_tcsc,1-14,-0.107329286458181,80,-0.1088307202502758,MAP_SCADA,9,0.0015014337920948029
1,B_svc,2,0.17772680523582715,80,0.17750443286609066,MAP_SCADA,9,0.00022237236973648988
2,UPFC_Vsh,5-15,1.1115344080452432,80,1.1094107399366555,MAP_SCADA,9,0.002123668108587662
3,UPFC_tsh,5-15,-0.23749761612930478,80,-0.23457720339960228,MAP_SCADA,9,0.002920412729702504
4,UPFC_Vse,5-15,0.05787973421424841,80,0.059353713384124616,MAP_SCADA,9,0.0014739791698762036
5,UPFC_tse,5-15,-2.11619148161768,80,-2.136839258184921,MAP_SCADA,9,0.02064777656724104
0,x_tcsc,1-14,-0.10845470603263258,81,-0.1088307202502758,MAP_SCADA,9,0.00037601421764323073
1,B_svc,2,0.17185062316901872,81,0.17750443286609066,MAP_SCADA,9,0.005653809697071938
2,UPFC_Vsh,5-15,1.1136041315982959,81,1.1094107399366555,MAP_SCADA,9,0.004193391661640344
3,UPFC_tsh,5-15,-0.2352518795033683,81,-0.23457720339960228,MAP_SCADA,9,0.0006746761037660087
4,UPFC_Vse,5-15,0.0565316838469432,81,0.059353713384124616,MAP_SCADA,9,0.002822029537181414
5,UPFC_tse,5-15,-2.121089216774669,81,-2.136839258184921,MAP_SCADA,9,0.01575004141025227
0,x_tcsc,1-14,-0.10728363738035555,82,-0.1088307202502758,MAP_SCADA,9,0.0015470828699202521
1,B_svc,2,0.17660953080738076,82,0.17750443286609066,MAP_SCADA,9,0.000894902058709901
2,UPFC_Vsh,5-15,1.1133363796913327,82,1.1094107399366555,MAP_SCADA,9,0.00392563975467719
3,UPFC_tsh,5-15,-0.23557723587673135,82,-0.23457720339960228,MAP_SCADA,9,0.0010000324771290703
4,UPFC_Vse,5-15,0.057052670988737716,82,0.059353713384124616,MAP_SCADA,9,0.0023010423953869
5,UPFC_tse,5-15,-2.1125245344276045,82,-2.136839258184921,MAP_SCADA,9,0.024314723757316692
0,x_tcsc,1-14,-0.10704909661563972,83,-0.1088307202502758,MAP_SCADA,9,0.0017816236346360897
1,B_svc,2,0.17439535340915538,83,0.17750443286609066,MAP_SCADA,9,0.003109079456935282
2,UPFC_Vsh,5-15,1.1138189432401893,83,1.1094107399366555,MAP_SCADA,9,0.004408203303533753
3,UPFC_tsh,5-15,-0.23591608576235498,83,-0.23457720339960228,MAP_SCADA,9,0.0013388823627527024
4,UPFC_Vse,5-15,0.05755680394915602,83,0.059353713384124616,MAP_SCADA,9,0.0017969094349685952
5,UPFC_tse,5-15,-2.1157134403197753,83,-2.136839258184921,MAP_SCADA,9,0.02112581786514589
0,x_tcsc,1-14,-0.10676170257170853,84,-0.1088307202502758,MAP_SCADA,9,0.002069017678567278
1,B_svc,2,0.17690582416355186,84,0.17750443286609066,MAP_SCADA,9,0.0005986087025388054
2,UPFC_Vsh,5-15,1.1119187557480708,84,1.1094107399366555,MAP_SCADA,9,0.002508015811415243
3,UPFC_tsh,5-15,-0.23693835217805137,84,-0.23457720339960228,MAP_SCADA,9,0.0023611487784490903
4,UPFC_Vse,5-15,0.05779647132148402,84,0.059353713384124616,MAP_SCADA,9,0.0015572420626405944
5,UPFC_tse,5-15,-2.119832423144779,84,-2.136839258184921,MAP_SCADA,9,0.01700683504014222
0,x_tcsc,1-14,-0.10433107499372325,85,-0.1088307202502758,MAP_SCADA,9,0.0044996452565525535
1,B_svc,2,0.18503884107302948,85,0.17750443286609066,MAP_SCADA,9,0.00753440820693882
2,UPFC_Vsh,5-15,1.1096490244908552,85,1.1094107399366555,MAP_SCADA,9,0.00023828455419971917
3,UPFC_tsh,5-15,-0.23908337904595656,85,-0.23457720339960228,MAP_SCADA,9,0.004506175646354277
4,UPFC_Vse,5-15,0.057711255599064704,85,0.059353713384124616,MAP_SCADA,9,0.0016424577850599129
5,UPFC_tse,5-15,-2.121862773911793,85,-2.136839258184921,MAP_SCADA,9,0.014976484273128143
0,x_tcsc,1-14,-0.10627085253489142,86,-0.1088307202502758,MAP_SCADA,9,0.002559867715384384
1,B_svc,2,0.177950381895317,86,0.17750443286609066,MAP_SCADA,9,0.0004459490292263446
2,UPFC_Vsh,5-15,1.1115180763241355,86,1.1094107399366555,MAP_SCADA,9,0.0021073363874799522
3,UPFC_tsh,5-15,-0.23679857101651225,86,-0.23457720339960228,MAP_SCADA,9,0.0022213676169099694
4,UPFC_Vse,5-15,0.057956856977195124,86,0.059353713384124616,MAP_SCADA,9,0.001396856406929492
5,UPFC_tse,5-15,-2.1201205352270294,86,-2.136839258184921,MAP_SCADA,9,0.016718722957891785
0,x_tcsc,1-14,-0.10651687940064776,87,-0.1088307202502758,MAP_SCADA,9,0.002313840849628046
1,B_svc,2,0.18254309035161495,87,0.17750443286609066,MAP_SCADA,9,0.005038657485524289
2,UPFC_Vsh,5-15,1.1098899213950526,87,1.1094107399366555,MAP_SCADA,9,0.00047918145839709325
3,UPFC_tsh,5-15,-0.23761277738038303,87,-0.23457720339960228,MAP_SCADA,9,0.003035573980780748
4,UPFC_Vse,5-15,0.0574593173937414,87,0.059353713384124616,MAP_SCADA,9,0.001894395990383213
5,UPFC_tse,5-15,-2.121138093764339,87,-2.136839258184921,MAP_SCADA,9,0.015701164420582003
0,x_tcsc,1-14,-0.1056307771781821,88,-0.1088307202502758,MAP_SCADA,9,0.0031999430720937028
1,B_svc,2,0.1824884266434068,88,0.17750443286609066,MAP_SCADA,9,0.004983993777316148
2,UPFC_Vsh,5-15,1.1101963057729272,88,1.1094107399366555,MAP_SCADA,9,0.0007855658362716511
3,UPFC_tsh,5-15,-0.23763002628571525,88,-0.23457720339960228,MAP_SCADA,9,0.0030528228861129714
4,UPFC_Vse,5-15,0.05706675078108499,88,0.059353713384124616,MAP_SCADA,9,0.0022869626030396287
5,UPFC_tse,5-15,-2.1196074179549385,88,-2.136839258184921,MAP_SCADA,9,0.017231840229982698
0,x_tcsc,1-14,-0.1068650757269267,89,-0.1088307202502758,MAP_SCADA,9,0.0019656445233491027
1,B_svc,2,0.17718067164134646,89,0.17750443286609066,MAP_SCADA,9,0.0003237612247442012
2,UPFC_Vsh,5-15,1.1127660092473064,89,1.1094107399366555,MAP_SCADA,9,0.003355269310650888
3,UPFC_tsh,5-15,-0.2373073844773539,89,-0.23457720339960228,MAP_SCADA,9,0.002730181077751609
4,UPFC_Vse,5-15,0.05689366350326791,89,0.059353713384124616,MAP_SCADA,9,0.002460049880856706
5,UPFC_tse,5-15,-2.117896080173778,89,-2.136839258184921,MAP_SCADA,9,0.018943178011143313
0,x_tcsc,1-14,-0.10699046471291579,90,-0.1088307202502758,MAP_SCADA,9,0.0018402555373600166
1,B_svc,2,0.17719256344522044,90,0.17750443286609066,MAP_SCADA,9,0.00031186942087021996
2,UPFC_Vsh,5-15,1.109052539356643,90,1.1094107399366555,MAP_SCADA,9,0.0003582005800124577
3,UPFC_tsh,5-15,-0.23785065622494828,90,-0.23457720339960228,MAP_SCADA,9,0.003273452825345996
4,UPFC_Vse,5-15,0.05830466828765745,90,0.059353713384124616,MAP_SCADA,9,0.001049045096467166
5,UPFC_tse,5-15,-2.120107730975188,90,-2.136839258184921,MAP_SCADA,9,0.016731527209733255
0,x_tcsc,1-14,-0.10506074381709783,91,-0.1088307202502758,MAP_SCADA,9,0.003769976433177974
1,B_svc,2,0.18563134723275895,91,0.17750443286609066,MAP_SCADA,9,0.008126914366668292
2,UPFC_Vsh,5-15,1.107344280444785,91,1.1094107399366555,MAP_SCADA,9,0.0020664594918704537
3,UPFC_tsh,5-15,-0.24009200989541232,91,-0.23457720339960228,MAP_SCADA,9,0.005514806495810043
4,UPFC_Vse,5-15,0.05745016323994678,91,0.059353713384124616,MAP_SCADA,9,0.0019035501441778332
5,UPFC_tse,5-15,-2.129716491830026,91,-2.136839258184921,MAP_SCADA,9,0.007122766354894949
0,x_tcsc,1-14,-0.10843316130367997,92,-0.1088307202502758,MAP_SCADA,9,0.0003975589465958357
1,B_svc,2,0.171724517507776,92,0.17750443286609066,MAP_SCADA,9,0.005779915358314652
2,UPFC_Vsh,5-15,1.1124955617280345,92,1.1094107399366555,MAP_SCADA,9,0.0030848217913790332
3,UPFC_tsh,5-15,-0.23592061914407508,92,-0.23457720339960228,MAP_SCADA,9,0.0013434157444728034
4,UPFC_Vse,5-15,0.05764937454389893,92,0.059353713384124616,MAP_SCADA,9,0.0017043388402256873
5,UPFC_tse,5-15,-2.115887173504994,92,-2.136839258184921,MAP_SCADA,9,0.020952084679927374
0,x_tcsc,1-14,-0.10527819592613752,93,-0.1088307202502758,MAP_SCADA,9,0.003552524324138287
1,B_svc,2,0.18394801974922592,93,0.17750443286609066,MAP_SCADA,9,0.0064435868831352605
2,UPFC_Vsh,5-15,1.1121927994121752,93,1.1094107399366555,MAP_SCADA,9,0.0027820594755196826
3,UPFC_tsh,5-15,-0.23767845269493082,93,-0.23457720339960228,MAP_SCADA,9,0.0031012492953285398
4,UPFC_Vse,5-15,0.05811935876557973,93,0.059353713384124616,MAP_SCADA,9,0.001234354618544889
5,UPFC_tse,5-15,-2.1160067421541595,93,-2.136839258184921,MAP_SCADA,9,0.02083251603076164
0,x_tcsc,1-14,-0.10848267666552323,94,-0.1088307202502758,MAP_SCADA,9,0.000348043584752572
1,B_svc,2,0.17129404864009537,94,0.17750443286609066,MAP_SCADA,9,0.006210384225995291
2,UPFC_Vsh,5-15,1.1113930301542858,94,1.1094107399366555,MAP_SCADA,9,0.0019822902176303003
3,UPFC_tsh,5-15,-0.2362084475764398,94,-0.23457720339960228,MAP_SCADA,9,0.0016312441768375208
4,UPFC_Vse,5-15,0.057179680241642564,94,0.059353713384124616,MAP_SCADA,9,0.0021740331424820528
5,UPFC_tse,5-15,-2.117519973685605,94,-2.136839258184921,MAP_SCADA,9,0.01931928449931597
0,x_tcsc,1-14,-0.10609612643226632,95,-0.1088307202502758,MAP_SCADA,9,0.002734593818009487
1,B_svc,2,0.18034927342603962,95,0.17750443286609066,MAP_SCADA,9,0.0028448405599489635
2,UPFC_Vsh,5-15,1.1081572271684876,95,1.1094107399366555,MAP_SCADA,9,0.0012535127681678748
3,UPFC_tsh,5-15,-0.23896856849243206,95,-0.23457720339960228,MAP_SCADA,9,0.00439136509282978
4,UPFC_Vse,5-15,0.05827706701732483,95,0.059353713384124616,MAP_SCADA,9,0.0010766463667997855
5,UPFC_tse,5-15,-2.1231450659637763,95,-2.136839258184921,MAP_SCADA,9,0.013694192221144874
0,x_tcsc,1-14,-0.11072494674634924,96,-0.1088307202502758,MAP_SCADA,9,0.0018942264960734312
1,B_svc,2,0.16382259331556495,96,0.17750443286609066,MAP_SCADA,9,0.01368183955052571
2,UPFC_Vsh,5-15,1.1131482719824068,96,1.1094107399366555,MAP_SCADA,9,0.003737532045751335
3,UPFC_tsh,5-15,-0.23519080502005715,96,-0.23457720339960228,MAP_SCADA,9,0.0006136016204548733
4,UPFC_Vse,5-15,0.057372158170830606,96,0.059353713384124616,MAP_SCADA,9,0.0019815552132940104
5,UPFC_tse,5-15,-2.1161767640182254,96,-2.136839258184921,MAP_SCADA,9,0.020662494166695744
0,x_tcsc,1-14,-0.10717201549915735,97,-0.1088307202502758,MAP_SCADA,9,0.001658704751118456
1,B_svc,2,0.17993119020529763,97,0.17750443286609066,MAP_SCADA,9,0.0024267573392069697
2,UPFC_Vsh,5-15,1.1113859768397536,97,1.1094107399366555,MAP_SCADA,9,0.0019752369030980876
3,UPFC_tsh,5-15,-0.23733175664322106,97,-0.23457720339960228,MAP_SCADA,9,0.0027545532436187847
4,UPFC_Vse,5-15,0.05756112498967703,97,0.059353713384124616,MAP_SCADA,9,0.0017925883944475834
5,UPFC_tse,5-15,-2.1183860517395594,97,-2.136839258184921,MAP_SCADA,9,0.018453206445361747
0,x_tcsc,1-14,-0.10794320493711781,98,-0.1088307202502758,MAP_SCADA,9,0.000887515313157991
1,B_svc,2,0.17594575429682419,98,0.17750443286609066,MAP_SCADA,9,0.001558678569266475
2,UPFC_Vsh,5-15,1.1139945785284209,98,1.1094107399366555,MAP_SCADA,9,0.004583838591765366
3,UPFC_tsh,5-15,-0.23616473699877685,98,-0.23457720339960228,MAP_SCADA,9,0.0015875335991745732
4,UPFC_Vse,5-15,0.057481413833521275,98,0.059353713384124616,MAP_SCADA,9,0.0018722995506033416
5,UPFC_tse,5-15,-2.1167090690392265,98,-2.136839258184921,MAP_SCADA,9,0.020130189145694644
0,x_tcsc,1-14,-0.10549981687781415,99,-0.1088307202502758,MAP_SCADA,9,0.003330903372461655
1,B_svc,2,0.18435980766770546,99,0.17750443286609066,MAP_SCADA,9,0.0068553748016148
2,UPFC_Vsh,5-15,1.110605632781286,99,1.1094107399366555,MAP_SCADA,9,0.0011948928446305906
3,UPFC_tsh,5-15,-0.23879532010179283,99,-0.23457720339960228,MAP_SCADA,9,0.00421811670219055
4,UPFC_Vse,5-15,0.0585592895290129,99,0.059353713384124616,MAP_SCADA,9,0.000794423855111713
5,UPFC_tse,5-15,-2.120240844202484,99,-2.136839258184921,MAP_SCADA,9,0.016598413982437332
0,x_tcsc,1-14,-0.10671143253086024,0,-0.10947218030394698,MAP_SCADA,11,0.0027607477730867414
1,B_svc,2,0.17853734538277877,0,0.17840466658361645,MAP_SCADA,11,0.00013267879916231684
2,UPFC_Vsh,5-15,1.1109207789140585,0,1.1082294745220034,MAP_SCADA,11,0.002691304392055116
3,UPFC_tsh,5-15,-0.23731745143979585,0,-0.23325051147531872,MAP_SCADA,11,0.004066939964477129
4,UPFC_Vse,5-15,0.05763375636709128,0,0.061199218680310745,MAP_SCADA,11,0.0035654623132194627
5,UPFC_tse,5-15,-2.121116529035107,0,-2.1500574846163754,MAP_SCADA,11,0.0289409555812683
0,x_tcsc,1-14,-0.10884679222871829,1,-0.10947218030394698,MAP_SCADA,11,0.0006253880752286889
1,B_svc,2,0.17210654984970408,1,0.17840466658361645,MAP_SCADA,11,0.006298116733912368
2,UPFC_Vsh,5-15,1.1125691339351063,1,1.1082294745220034,MAP_SCADA,11,0.004339659413102881
3,UPFC_tsh,5-15,-0.23614062783557177,1,-0.23325051147531872,MAP_SCADA,11,0.0028901163602530477
4,UPFC_Vse,5-15,0.05726992650712081,1,0.061199218680310745,MAP_SCADA,11,0.0039292921731899355
5,UPFC_tse,5-15,-2.114605669181904,1,-2.1500574846163754,MAP_SCADA,11,0.03545181543447118
0,x_tcsc,1-14,-0.106438597648498,2,-0.10947218030394698,MAP_SCADA,11,0.0030335826554489798
1,B_svc,2,0.17900573324605812,2,0.17840466658361645,MAP_SCADA,11,0.0006010666624416683
2,UPFC_Vsh,5-15,1.110557377207309,2,1.1082294745220034,MAP_SCADA,11,0.002327902685305583
3,UPFC_tsh,5-15,-0.23791607483260863,2,-0.23325051147531872,MAP_SCADA,11,0.004665563357289904
4,UPFC_Vse,5-15,0.05782458523939781,2,0.061199218680310745,MAP_SCADA,11,0.003374633440912933
5,UPFC_tse,5-15,-2.121047690115321,2,-2.1500574846163754,MAP_SCADA,11,0.029009794501054564
0,x_tcsc,1-14,-0.1082485724483868,3,-0.10947218030394698,MAP_SCADA,11,0.0012236078555601798
1,B_svc,2,0.17084799387894223,3,0.17840466658361645,MAP_SCADA,11,0.007556672704674222
2,UPFC_Vsh,5-15,1.1133073606530108,3,1.1082294745220034,MAP_SCADA,11,0.0050778861310074586
3,UPFC_tsh,5-15,-0.2352148361230751,3,-0.23325051147531872,MAP_SCADA,11,0.001964324647756366
4,UPFC_Vse,5-15,0.05744203276710792,3,0.061199218680310745,MAP_SCADA,11,0.003757185913202822
5,UPFC_tse,5-15,-2.1187469994643453,3,-2.1500574846163754,MAP_SCADA,11,0.031310485152030054
0,x_tcsc,1-14,-0.10589216153963375,4,-0.10947218030394698,MAP_SCADA,11,0.003580018764313228
1,B_svc,2,0.18057721027425636,4,0.17840466658361645,MAP_SCADA,11,0.0021725436906399054
2,UPFC_Vsh,5-15,1.1090639373079867,4,1.1082294745220034,MAP_SCADA,11,0.0008344627859833142
3,UPFC_tsh,5-15,-0.23901694259159015,4,-0.23325051147531872,MAP_SCADA,11,0.0057664311162714255
4,UPFC_Vse,5-15,0.057420897493637865,4,0.061199218680310745,MAP_SCADA,11,0.0037783211866728797
5,UPFC_tse,5-15,-2.1217880216245173,4,-2.1500574846163754,MAP_SCADA,11,0.028269462991858063
0,x_tcsc,1-14,-0.10962718592320896,5,-0.10947218030394698,MAP_SCADA,11,0.00015500561926197476
1,B_svc,2,0.16734710763118957,5,0.17840466658361645,MAP_SCADA,11,0.011057558952426882
2,UPFC_Vsh,5-15,1.113238663056068,5,1.1082294745220034,MAP_SCADA,11,0.005009188534064624
3,UPFC_tsh,5-15,-0.2353712142411416,5,-0.23325051147531872,MAP_SCADA,11,0.0021207027658228794
4,UPFC_Vse,5-15,0.05765870072751411,5,0.061199218680310745,MAP_SCADA,11,0.0035405179527966332
5,UPFC_tse,5-15,-2.116604966915444,5,-2.1500574846163754,MAP_SCADA,11,0.033452517700931494
0,x_tcsc,1-14,-0.1072394089863974,6,-0.10947218030394698,MAP_SCADA,11,0.0022327713175495784
1,B_svc,2,0.17505832381110656,6,0.17840466658361645,MAP_SCADA,11,0.0033463427725098915
2,UPFC_Vsh,5-15,1.1134733590139796,6,1.1082294745220034,MAP_SCADA,11,0.005243884491976214
3,UPFC_tsh,5-15,-0.23630289751870623,6,-0.23325051147531872,MAP_SCADA,11,0.003052386043387506
4,UPFC_Vse,5-15,0.057209379708297675,6,0.061199218680310745,MAP_SCADA,11,0.00398983897201307
5,UPFC_tse,5-15,-2.118697070191822,6,-2.1500574846163754,MAP_SCADA,11,0.031360414424553174
0,x_tcsc,1-14,-0.106904312225471,7,-0.10947218030394698,MAP_SCADA,11,0.0025678680784759766
1,B_svc,2,0.17859066157689701,7,0.17840466658361645,MAP_SCADA,11,0.0001859949932805638
2,UPFC_Vsh,5-15,1.1115241542852348,7,1.1082294745220034,MAP_SCADA,11,0.0032946797632313896
3,UPFC_tsh,5-15,-0.23696277691500586,7,-0.23325051147531872,MAP_SCADA,11,0.00371226543968714
4,UPFC_Vse,5-15,0.05719135020998187,7,0.061199218680310745,MAP_SCADA,11,0.004007868470328878
5,UPFC_tse,5-15,-2.120352712191659,7,-2.1500574846163754,MAP_SCADA,11,0.029704772424716364
0,x_tcsc,1-14,-0.10584256465175358,8,-0.10947218030394698,MAP_SCADA,11,0.003629615652193399
1,B_svc,2,0.17957565213745705,8,0.17840466658361645,MAP_SCADA,11,0.0011709855538405978
2,UPFC_Vsh,5-15,1.1114213514564535,8,1.1082294745220034,MAP_SCADA,11,0.0031918769344501108
3,UPFC_tsh,5-15,-0.23804470709609643,8,-0.23325051147531872,MAP_SCADA,11,0.004794195620777708
4,UPFC_Vse,5-15,0.05767086577863096,8,0.061199218680310745,MAP_SCADA,11,0.003528352901679785
5,UPFC_tse,5-15,-2.1195907835996595,8,-2.1500574846163754,MAP_SCADA,11,0.03046670101671589
0,x_tcsc,1-14,-0.10784650785057542,9,-0.10947218030394698,MAP_SCADA,11,0.0016256724533715572
1,B_svc,2,0.17403306430088125,9,0.17840466658361645,MAP_SCADA,11,0.004371602282735199
2,UPFC_Vsh,5-15,1.1136591443971575,9,1.1082294745220034,MAP_SCADA,11,0.005429669875154142
3,UPFC_tsh,5-15,-0.23540412352425605,9,-0.23325051147531872,MAP_SCADA,11,0.0021536120489373256
4,UPFC_Vse,5-15,0.05764721708836011,9,0.061199218680310745,MAP_SCADA,11,0.0035520015919506334
5,UPFC_tse,5-15,-2.1166377891830908,9,-2.1500574846163754,MAP_SCADA,11,0.0334196954332846
0,x_tcsc,1-14,-0.10843919964143052,10,-0.10947218030394698,MAP_SCADA,11,0.0010329806625164611
1,B_svc,2,0.1733415956284689,10,0.17840466658361645,MAP_SCADA,11,0.005063070955147547
2,UPFC_Vsh,5-15,1.1120251269562094,10,1.1082294745220034,MAP_SCADA,11,0.003795652434205987
3,UPFC_tsh,5-15,-0.23596809646704503,10,-0.23325051147531872,MAP_SCADA,11,0.0027175849917263073
4,UPFC_Vse,5-15,0.0564854939523338,10,0.061199218680310745,MAP_SCADA,11,0.004713724727976945
5,UPFC_tse,5-15,-2.1208915776861685,10,-2.1500574846163754,MAP_SCADA,11,0.02916590693020682
0,x_tcsc,1-14,-0.10717114851830077,11,-0.10947218030394698,MAP_SCADA,11,0.00230103178564621
1,B_svc,2,0.17747026057926507,11,0.17840466658361645,MAP_SCADA,11,0.0009344060043513791
2,UPFC_Vsh,5-15,1.1124363488801543,11,1.1082294745220034,MAP_SCADA,11,0.004206874358150925
3,UPFC_tsh,5-15,-0.23632852993489933,11,-0.23325051147531872,MAP_SCADA,11,0.0030780184595806115
4,UPFC_Vse,5-15,0.05659742194993677,11,0.061199218680310745,MAP_SCADA,11,0.004601796730373975
5,UPFC_tse,5-15,-2.1197408115722536,11,-2.1500574846163754,MAP_SCADA,11,0.030316673044121778
0,x_tcsc,1-14,-0.10802946345880032,12,-0.10947218030394698,MAP_SCADA,11,0.0014427168451466577
1,B_svc,2,0.17281276942429238,12,0.17840466658361645,MAP_SCADA,11,0.005591897159324066
2,UPFC_Vsh,5-15,1.1130757120421997,12,1.1082294745220034,MAP_SCADA,11,0.004846237520196306
3,UPFC_tsh,5-15,-0.23632368050223404,12,-0.23325051147531872,MAP_SCADA,11,0.003073169026915318
4,UPFC_Vse,5-15,0.057571961367978236,12,0.061199218680310745,MAP_SCADA,11,0.003627257312332509
5,UPFC_tse,5-15,-2.1157178822797733,12,-2.1500574846163754,MAP_SCADA,11,0.03433960233660205
0,x_tcsc,1-14,-0.10570316958983077,13,-0.10947218030394698,MAP_SCADA,11,0.003769010714116214
1,B_svc,2,0.18249973312876458,13,0.17840466658361645,MAP_SCADA,11,0.004095066545148129
2,UPFC_Vsh,5-15,1.1131296050156416,13,1.1082294745220034,MAP_SCADA,11,0.004900130493638244
3,UPFC_tsh,5-15,-0.23783442634788132,13,-0.23325051147531872,MAP_SCADA,11,0.0045839148725626
4,UPFC_Vse,5-15,0.056484936983598154,13,0.061199218680310745,MAP_SCADA,11,0.004714281696712591
5,UPFC_tse,5-15,-2.115261398749947,13,-2.1500574846163754,MAP_SCADA,11,0.03479608586642824
0,x_tcsc,1-14,-0.10694923876760283,14,-0.10947218030394698,MAP_SCADA,11,0.0025229415363441504
1,B_svc,2,0.1769041692493913,14,0.17840466658361645,MAP_SCADA,11,0.001500497334225137
2,UPFC_Vsh,5-15,1.1121526642391235,14,1.1082294745220034,MAP_SCADA,11,0.003923189717120135
3,UPFC_tsh,5-15,-0.2370323619370798,14,-0.23325051147531872,MAP_SCADA,11,0.003781850461761077
4,UPFC_Vse,5-15,0.057139654468352036,14,0.061199218680310745,MAP_SCADA,11,0.004059564211958709
5,UPFC_tse,5-15,-2.1194773532602125,14,-2.1500574846163754,MAP_SCADA,11,0.030580131356162887
0,x_tcsc,1-14,-0.10869855072993599,15,-0.10947218030394698,MAP_SCADA,11,0.0007736295740109894
1,B_svc,2,0.1722439116589828,15,0.17840466658361645,MAP_SCADA,11,0.006160754924633638
2,UPFC_Vsh,5-15,1.1123269308828758,15,1.1082294745220034,MAP_SCADA,11,0.004097456360872442
3,UPFC_tsh,5-15,-0.23591736677432862,15,-0.23325051147531872,MAP_SCADA,11,0.002666855299009896
4,UPFC_Vse,5-15,0.05746552861625833,15,0.061199218680310745,MAP_SCADA,11,0.003733690064052414
5,UPFC_tse,5-15,-2.114336762711501,15,-2.1500574846163754,MAP_SCADA,11,0.03572072190487452
0,x_tcsc,1-14,-0.10723509198330802,16,-0.10947218030394698,MAP_SCADA,11,0.002237088320638958
1,B_svc,2,0.17398967179522495,16,0.17840466658361645,MAP_SCADA,11,0.004414994788391496
2,UPFC_Vsh,5-15,1.1110458587351355,16,1.1082294745220034,MAP_SCADA,11,0.002816384213132128
3,UPFC_tsh,5-15,-0.23700163214610448,16,-0.23325051147531872,MAP_SCADA,11,0.003751120670785757
4,UPFC_Vse,5-15,0.05741412427159274,16,0.061199218680310745,MAP_SCADA,11,0.0037850944087180066
5,UPFC_tse,5-15,-2.115454248723215,16,-2.1500574846163754,MAP_SCADA,11,0.03460323589316028
0,x_tcsc,1-14,-0.11066622826773613,17,-0.10947218030394698,MAP_SCADA,11,0.0011940479637891493
1,B_svc,2,0.17213545326446683,17,0.17840466658361645,MAP_SCADA,11,0.006269213319149619
2,UPFC_Vsh,5-15,1.1101691119931705,17,1.1082294745220034,MAP_SCADA,11,0.0019396374711670994
3,UPFC_tsh,5-15,-0.23638238289548702,17,-0.23325051147531872,MAP_SCADA,11,0.0031318714201682973
4,UPFC_Vse,5-15,0.05704571524866088,17,0.061199218680310745,MAP_SCADA,11,0.0041535034316498645
5,UPFC_tse,5-15,-2.1255108704267474,17,-2.1500574846163754,MAP_SCADA,11,0.024546614189628002
0,x_tcsc,1-14,-0.10647726198792858,18,-0.10947218030394698,MAP_SCADA,11,0.002994918316018405
1,B_svc,2,0.17890991783106908,18,0.17840466658361645,MAP_SCADA,11,0.0005052512474526261
2,UPFC_Vsh,5-15,1.1113916813722353,18,1.1082294745220034,MAP_SCADA,11,0.003162206850231941
3,UPFC_tsh,5-15,-0.23750430204608403,18,-0.23325051147531872,MAP_SCADA,11,0.004253790570765303
4,UPFC_Vse,5-15,0.0579754917237041,18,0.061199218680310745,MAP_SCADA,11,0.0032237269566066443
5,UPFC_tse,5-15,-2.1210878076752175,18,-2.1500574846163754,MAP_SCADA,11,0.028969676941157818
0,x_tcsc,1-14,-0.10880064867843024,19,-0.10947218030394698,MAP_SCADA,11,0.0006715316255167386
1,B_svc,2,0.17236500079037237,19,0.17840466658361645,MAP_SCADA,11,0.006039665793244081
2,UPFC_Vsh,5-15,1.112334763295601,19,1.1082294745220034,MAP_SCADA,11,0.004105288773597726
3,UPFC_tsh,5-15,-0.23575835468156742,19,-0.23325051147531872,MAP_SCADA,11,0.0025078432062486944
4,UPFC_Vse,5-15,0.057420643843725014,19,0.061199218680310745,MAP_SCADA,11,0.003778574836585731
5,UPFC_tse,5-15,-2.1197007787621494,19,-2.1500574846163754,MAP_SCADA,11,0.030356705854226007
0,x_tcsc,1-14,-0.10681796471203604,20,-0.10947218030394698,MAP_SCADA,11,0.0026542155919109384
1,B_svc,2,0.17723798368864258,20,0.17840466658361645,MAP_SCADA,11,0.001166682894973875
2,UPFC_Vsh,5-15,1.110328466941185,20,1.1082294745220034,MAP_SCADA,11,0.0020989924191816556
3,UPFC_tsh,5-15,-0.2373060069040069,20,-0.23325051147531872,MAP_SCADA,11,0.004055495428688188
4,UPFC_Vse,5-15,0.05749209778155573,20,0.061199218680310745,MAP_SCADA,11,0.003707120898755016
5,UPFC_tse,5-15,-2.121057456966522,20,-2.1500574846163754,MAP_SCADA,11,0.029000027649853433
0,x_tcsc,1-14,-0.10640127987977131,21,-0.10947218030394698,MAP_SCADA,11,0.0030709004241756682
1,B_svc,2,0.17706400553147694,21,0.17840466658361645,MAP_SCADA,11,0.001340661052139508
2,UPFC_Vsh,5-15,1.1123414247957542,21,1.1082294745220034,MAP_SCADA,11,0.004111950273750775
3,UPFC_tsh,5-15,-0.23706487343632154,21,-0.23325051147531872,MAP_SCADA,11,0.003814361961002821
4,UPFC_Vse,5-15,0.05804808066265128,21,0.061199218680310745,MAP_SCADA,11,0.003151138017659462
5,UPFC_tse,5-15,-2.1199889860303824,21,-2.1500574846163754,MAP_SCADA,11,0.03006849858599292
0,x_tcsc,1-14,-0.1076874287003709,22,-0.10947218030394698,MAP_SCADA,11,0.001784751603576079
1,B_svc,2,0.17814371796425674,22,0.17840466658361645,MAP_SCADA,11,0.00026094861935971325
2,UPFC_Vsh,5-15,1.1100397041732075,22,1.1082294745220034,MAP_SCADA,11,0.0018102296512041427
3,UPFC_tsh,5-15,-0.2373992929814906,22,-0.23325051147531872,MAP_SCADA,11,0.0041487815061718725
4,UPFC_Vse,5-15,0.05746102628000953,22,0.061199218680310745,MAP_SCADA,11,0.003738192400301217
5,UPFC_tse,5-15,-2.1138228571779285,22,-2.1500574846163754,MAP_SCADA,11,0.036234627438446854
0,x_tcsc,1-14,-0.11114173205442038,23,-0.10947218030394698,MAP_SCADA,11,0.001669551750473397
1,B_svc,2,0.16571810927908867,23,0.17840466658361645,MAP_SCADA,11,0.012686557304527779
2,UPFC_Vsh,5-15,1.1102913160967147,23,1.1082294745220034,MAP_SCADA,11,0.0020618415747113428
3,UPFC_tsh,5-15,-0.23612314344192717,23,-0.23325051147531872,MAP_SCADA,11,0.0028726319666084466
4,UPFC_Vse,5-15,0.057828980132338344,23,0.061199218680310745,MAP_SCADA,11,0.003370238547972401
5,UPFC_tse,5-15,-2.11634907225094,23,-2.1500574846163754,MAP_SCADA,11,0.033708412365435425
0,x_tcsc,1-14,-0.10707298918273737,24,-0.10947218030394698,MAP_SCADA,11,0.0023991911212096068
1,B_svc,2,0.1750844181767696,24,0.17840466658361645,MAP_SCADA,11,0.0033202484068468596
2,UPFC_Vsh,5-15,1.1103383294545885,24,1.1082294745220034,MAP_SCADA,11,0.002108854932585169
3,UPFC_tsh,5-15,-0.2373858961720593,24,-0.23325051147531872,MAP_SCADA,11,0.004135384696740574
4,UPFC_Vse,5-15,0.05783441093683506,24,0.061199218680310745,MAP_SCADA,11,0.003364807743475688
5,UPFC_tse,5-15,-2.1211963531878606,24,-2.1500574846163754,MAP_SCADA,11,0.028861131428514764
0,x_tcsc,1-14,-0.10411209146765889,25,-0.10947218030394698,MAP_SCADA,11,0.005360088836288093
1,B_svc,2,0.18207388013521508,25,0.17840466658361645,MAP_SCADA,11,0.0036692135515986324
2,UPFC_Vsh,5-15,1.1099508617603815,25,1.1082294745220034,MAP_SCADA,11,0.0017213872383781137
3,UPFC_tsh,5-15,-0.23921976991336424,25,-0.23325051147531872,MAP_SCADA,11,0.005969258438045522
4,UPFC_Vse,5-15,0.057215626624696495,25,0.061199218680310745,MAP_SCADA,11,0.00398359205561425
5,UPFC_tse,5-15,-2.1180417750198264,25,-2.1500574846163754,MAP_SCADA,11,0.03201570959654898
0,x_tcsc,1-14,-0.1078001605743693,26,-0.10947218030394698,MAP_SCADA,11,0.0016720197295776867
1,B_svc,2,0.17458128190019787,26,0.17840466658361645,MAP_SCADA,11,0.0038233846834185847
2,UPFC_Vsh,5-15,1.113580620074413,26,1.1082294745220034,MAP_SCADA,11,0.005351145552409564
3,UPFC_tsh,5-15,-0.23556159092886747,26,-0.23325051147531872,MAP_SCADA,11,0.0023110794535487478
4,UPFC_Vse,5-15,0.05738429904808282,26,0.061199218680310745,MAP_SCADA,11,0.0038149196322279227
5,UPFC_tse,5-15,-2.116182058227431,26,-2.1500574846163754,MAP_SCADA,11,0.03387542638894425
0,x_tcsc,1-14,-0.10825092537265413,27,-0.10947218030394698,MAP_SCADA,11,0.0012212549312928533
1,B_svc,2,0.17430631258970788,27,0.17840466658361645,MAP_SCADA,11,0.004098353993908566
2,UPFC_Vsh,5-15,1.1114662475697654,27,1.1082294745220034,MAP_SCADA,11,0.0032367730477620427
3,UPFC_tsh,5-15,-0.23746584465815873,27,-0.23325051147531872,MAP_SCADA,11,0.004215333182840009
4,UPFC_Vse,5-15,0.05788690302737337,27,0.061199218680310745,MAP_SCADA,11,0.003312315652937374
5,UPFC_tse,5-15,-2.118504077446963,27,-2.1500574846163754,MAP_SCADA,11,0.03155340716941257
0,x_tcsc,1-14,-0.1062730187523376,28,-0.10947218030394698,MAP_SCADA,11,0.003199161551609375
1,B_svc,2,0.18103079162220884,28,0.17840466658361645,MAP_SCADA,11,0.0026261250385923862
2,UPFC_Vsh,5-15,1.1087301109081895,28,1.1082294745220034,MAP_SCADA,11,0.0005006363861861374
3,UPFC_tsh,5-15,-0.2389396275716271,28,-0.23325051147531872,MAP_SCADA,11,0.005689116096308372
4,UPFC_Vse,5-15,0.05792850816793582,28,0.061199218680310745,MAP_SCADA,11,0.0032707105123749233
5,UPFC_tse,5-15,-2.121591180104046,28,-2.1500574846163754,MAP_SCADA,11,0.028466304512329454
0,x_tcsc,1-14,-0.10653628707019851,29,-0.10947218030394698,MAP_SCADA,11,0.002935893233748474
1,B_svc,2,0.17965508087916948,29,0.17840466658361645,MAP_SCADA,11,0.0012504142955530317
2,UPFC_Vsh,5-15,1.1106446052036845,29,1.1082294745220034,MAP_SCADA,11,0.002415130681681088
3,UPFC_tsh,5-15,-0.2376731179045099,29,-0.23325051147531872,MAP_SCADA,11,0.004422606429191178
4,UPFC_Vse,5-15,0.05786677315107843,29,0.061199218680310745,MAP_SCADA,11,0.003332445529232314
5,UPFC_tse,5-15,-2.120222833999159,29,-2.1500574846163754,MAP_SCADA,11,0.02983465061721624
0,x_tcsc,1-14,-0.10952997111799802,30,-0.10947218030394698,MAP_SCADA,11,5.779081405103692e-05
1,B_svc,2,0.16919933850561206,30,0.17840466658361645,MAP_SCADA,11,0.009205328078004393
2,UPFC_Vsh,5-15,1.1127862661947077,30,1.1082294745220034,MAP_SCADA,11,0.004556791672704286
3,UPFC_tsh,5-15,-0.23534976633179824,30,-0.23325051147531872,MAP_SCADA,11,0.002099254856479521
4,UPFC_Vse,5-15,0.05792238850708715,30,0.061199218680310745,MAP_SCADA,11,0.0032768301732235966
5,UPFC_tse,5-15,-2.1164729451535256,30,-2.1500574846163754,MAP_SCADA,11,0.03358453946284978
0,x_tcsc,1-14,-0.10715060791579066,31,-0.10947218030394698,MAP_SCADA,11,0.0023215723881563205
1,B_svc,2,0.17281241655909546,31,0.17840466658361645,MAP_SCADA,11,0.005592250024520989
2,UPFC_Vsh,5-15,1.1121750737216747,31,1.1082294745220034,MAP_SCADA,11,0.003945599199671301
3,UPFC_tsh,5-15,-0.23612890048767649,31,-0.23325051147531872,MAP_SCADA,11,0.0028783890123577627
4,UPFC_Vse,5-15,0.05741113562187503,31,0.061199218680310745,MAP_SCADA,11,0.0037880830584357122
5,UPFC_tse,5-15,-2.118555531744554,31,-2.1500574846163754,MAP_SCADA,11,0.03150195287182145
0,x_tcsc,1-14,-0.10738626062904685,32,-0.10947218030394698,MAP_SCADA,11,0.0020859196749001274
1,B_svc,2,0.17330701774645507,32,0.17840466658361645,MAP_SCADA,11,0.005097648837161378
2,UPFC_Vsh,5-15,1.1120310826835351,32,1.1082294745220034,MAP_SCADA,11,0.0038016081615317443
3,UPFC_tsh,5-15,-0.23617144897870454,32,-0.23325051147531872,MAP_SCADA,11,0.0029209375033858176
4,UPFC_Vse,5-15,0.05687457505896244,32,0.061199218680310745,MAP_SCADA,11,0.004324643621348302
5,UPFC_tse,5-15,-2.123660023297658,32,-2.1500574846163754,MAP_SCADA,11,0.02639746131871723
0,x_tcsc,1-14,-0.10693539844775564,33,-0.10947218030394698,MAP_SCADA,11,0.002536781856191342
1,B_svc,2,0.17768917211592447,33,0.17840466658361645,MAP_SCADA,11,0.0007154944676919794
2,UPFC_Vsh,5-15,1.1095148249414561,33,1.1082294745220034,MAP_SCADA,11,0.0012853504194527687
3,UPFC_tsh,5-15,-0.2371331944262661,33,-0.23325051147531872,MAP_SCADA,11,0.003882682950947375
4,UPFC_Vse,5-15,0.05721563919140297,33,0.061199218680310745,MAP_SCADA,11,0.003983579488907776
5,UPFC_tse,5-15,-2.1196271921111913,33,-2.1500574846163754,MAP_SCADA,11,0.03043029250518403
0,x_tcsc,1-14,-0.10687992533692643,34,-0.10947218030394698,MAP_SCADA,11,0.002592254967020549
1,B_svc,2,0.17401309726872008,34,0.17840466658361645,MAP_SCADA,11,0.004391569314896371
2,UPFC_Vsh,5-15,1.1123769845319478,34,1.1082294745220034,MAP_SCADA,11,0.0041475100099443996
3,UPFC_tsh,5-15,-0.23616750209149165,34,-0.23325051147531872,MAP_SCADA,11,0.0029169906161729264
4,UPFC_Vse,5-15,0.05717751357900006,34,0.061199218680310745,MAP_SCADA,11,0.0040217051013106825
5,UPFC_tse,5-15,-2.1212191870108876,34,-2.1500574846163754,MAP_SCADA,11,0.028838297605487728
0,x_tcsc,1-14,-0.10736731801715636,35,-0.10947218030394698,MAP_SCADA,11,0.002104862286790618
1,B_svc,2,0.1743344664120881,35,0.17840466658361645,MAP_SCADA,11,0.004070200171528343
2,UPFC_Vsh,5-15,1.1121640478067782,35,1.1082294745220034,MAP_SCADA,11,0.003934573284774867
3,UPFC_tsh,5-15,-0.23680846597136743,35,-0.23325051147531872,MAP_SCADA,11,0.003557954496048704
4,UPFC_Vse,5-15,0.057952360550922254,35,0.061199218680310745,MAP_SCADA,11,0.0032468581293884913
5,UPFC_tse,5-15,-2.1169531607381513,35,-2.1500574846163754,MAP_SCADA,11,0.03310432387822404
0,x_tcsc,1-14,-0.10815347514458465,36,-0.10947218030394698,MAP_SCADA,11,0.0013187051593623322
1,B_svc,2,0.1710697004082666,36,0.17840466658361645,MAP_SCADA,11,0.007334966175349844
2,UPFC_Vsh,5-15,1.1137240188584057,36,1.1082294745220034,MAP_SCADA,11,0.005494544336402285
3,UPFC_tsh,5-15,-0.2358246848062136,36,-0.23325051147531872,MAP_SCADA,11,0.00257417333089488
4,UPFC_Vse,5-15,0.057245825627543545,36,0.061199218680310745,MAP_SCADA,11,0.0039533930527672
5,UPFC_tse,5-15,-2.1175965349312516,36,-2.1500574846163754,MAP_SCADA,11,0.03246094968512381
0,x_tcsc,1-14,-0.10475515592541516,37,-0.10947218030394698,MAP_SCADA,11,0.004717024378531817
1,B_svc,2,0.18309482267944,37,0.17840466658361645,MAP_SCADA,11,0.004690156095823544
2,UPFC_Vsh,5-15,1.1127906253327882,37,1.1082294745220034,MAP_SCADA,11,0.0045611508107847865
3,UPFC_tsh,5-15,-0.23802310460401754,37,-0.23325051147531872,MAP_SCADA,11,0.004772593128698821
4,UPFC_Vse,5-15,0.057431952367715214,37,0.061199218680310745,MAP_SCADA,11,0.003767266312595531
5,UPFC_tse,5-15,-2.1199405418760775,37,-2.1500574846163754,MAP_SCADA,11,0.03011694274029786
0,x_tcsc,1-14,-0.10742269392758334,38,-0.10947218030394698,MAP_SCADA,11,0.002049486376363638
1,B_svc,2,0.1755004971401978,38,0.17840466658361645,MAP_SCADA,11,0.002904169443418647
2,UPFC_Vsh,5-15,1.1130201419013812,38,1.1082294745220034,MAP_SCADA,11,0.004790667379377833
3,UPFC_tsh,5-15,-0.23693363430979963,38,-0.23325051147531872,MAP_SCADA,11,0.003683122834480912
4,UPFC_Vse,5-15,0.057205520786809703,38,0.061199218680310745,MAP_SCADA,11,0.003993697893501041
5,UPFC_tse,5-15,-2.1205146025924075,38,-2.1500574846163754,MAP_SCADA,11,0.02954288202396782
0,x_tcsc,1-14,-0.10641915634401529,39,-0.10947218030394698,MAP_SCADA,11,0.0030530239599316916
1,B_svc,2,0.17958337075122596,39,0.17840466658361645,MAP_SCADA,11,0.0011787041676095122
2,UPFC_Vsh,5-15,1.1118914083314206,39,1.1082294745220034,MAP_SCADA,11,0.0036619338094172615
3,UPFC_tsh,5-15,-0.23774754611117094,39,-0.23325051147531872,MAP_SCADA,11,0.004497034635852215
4,UPFC_Vse,5-15,0.057058229476306656,39,0.061199218680310745,MAP_SCADA,11,0.004140989204004089
5,UPFC_tse,5-15,-2.120243704132217,39,-2.1500574846163754,MAP_SCADA,11,0.029813780484158503
0,x_tcsc,1-14,-0.10714899839915103,40,-0.10947218030394698,MAP_SCADA,11,0.002323181904795954
1,B_svc,2,0.17792801003384645,40,0.17840466658361645,MAP_SCADA,11,0.00047665654976999927
2,UPFC_Vsh,5-15,1.1104977926102153,40,1.1082294745220034,MAP_SCADA,11,0.002268318088211929
3,UPFC_tsh,5-15,-0.23778322722768935,40,-0.23325051147531872,MAP_SCADA,11,0.004532715752370631
4,UPFC_Vse,5-15,0.05763455838128357,40,0.061199218680310745,MAP_SCADA,11,0.0035646602990271753
5,UPFC_tse,5-15,-2.121763490823035,40,-2.1500574846163754,MAP_SCADA,11,0.02829399379334019
0,x_tcsc,1-14,-0.10747628103650513,41,-0.10947218030394698,MAP_SCADA,11,0.0019958992674418558
1,B_svc,2,0.17201780849316667,41,0.17840466658361645,MAP_SCADA,11,0.006386858090449782
2,UPFC_Vsh,5-15,1.1132964947085866,41,1.1082294745220034,MAP_SCADA,11,0.0050670201865832265
3,UPFC_tsh,5-15,-0.23655377141994835,41,-0.23325051147531872,MAP_SCADA,11,0.0033032599446296274
4,UPFC_Vse,5-15,0.05694790652530009,41,0.061199218680310745,MAP_SCADA,11,0.004251312155010657
5,UPFC_tse,5-15,-2.115871417344491,41,-2.1500574846163754,MAP_SCADA,11,0.03418606727188456
0,x_tcsc,1-14,-0.1081257980000313,42,-0.10947218030394698,MAP_SCADA,11,0.0013463823039156775
1,B_svc,2,0.1726483542993937,42,0.17840466658361645,MAP_SCADA,11,0.005756312284222742
2,UPFC_Vsh,5-15,1.1121568098072536,42,1.1082294745220034,MAP_SCADA,11,0.003927335285250244
3,UPFC_tsh,5-15,-0.23570650257828626,42,-0.23325051147531872,MAP_SCADA,11,0.002455991102967542
4,UPFC_Vse,5-15,0.057391783915916594,42,0.061199218680310745,MAP_SCADA,11,0.0038074347643941506
5,UPFC_tse,5-15,-2.1223150055765987,42,-2.1500574846163754,MAP_SCADA,11,0.02774247903977667
0,x_tcsc,1-14,-0.10919026678444572,43,-0.10947218030394698,MAP_SCADA,11,0.0002819135195012562
1,B_svc,2,0.17006330659842472,43,0.17840466658361645,MAP_SCADA,11,0.008341359985191726
2,UPFC_Vsh,5-15,1.1123500259968075,43,1.1082294745220034,MAP_SCADA,11,0.004120551474804168
3,UPFC_tsh,5-15,-0.23560811988148292,43,-0.23325051147531872,MAP_SCADA,11,0.0023576084061641966
4,UPFC_Vse,5-15,0.057593251453399046,43,0.061199218680310745,MAP_SCADA,11,0.0036059672269116994
5,UPFC_tse,5-15,-2.1151039880453184,43,-2.1500574846163754,MAP_SCADA,11,0.03495349657105695
0,x_tcsc,1-14,-0.10530229352998717,44,-0.10947218030394698,MAP_SCADA,11,0.0041698867739598106
1,B_svc,2,0.1829660034812352,44,0.17840466658361645,MAP_SCADA,11,0.004561336897618756
2,UPFC_Vsh,5-15,1.109897014642047,44,1.1082294745220034,MAP_SCADA,11,0.0016675401200436646
3,UPFC_tsh,5-15,-0.23859001452834347,44,-0.23325051147531872,MAP_SCADA,11,0.005339503053024747
4,UPFC_Vse,5-15,0.058221711031435495,44,0.061199218680310745,MAP_SCADA,11,0.0029775076488752494
5,UPFC_tse,5-15,-2.116964072987721,44,-2.1500574846163754,MAP_SCADA,11,0.03309341162865431
0,x_tcsc,1-14,-0.1069256538871445,45,-0.10947218030394698,MAP_SCADA,11,0.002546526416802475
1,B_svc,2,0.177465266753047,45,0.17840466658361645,MAP_SCADA,11,0.000939399830569454
2,UPFC_Vsh,5-15,1.1114206874199102,45,1.1082294745220034,MAP_SCADA,11,0.0031912128979068033
3,UPFC_tsh,5-15,-0.23689545053861744,45,-0.23325051147531872,MAP_SCADA,11,0.0036449390632987133
4,UPFC_Vse,5-15,0.057539741316308304,45,0.061199218680310745,MAP_SCADA,11,0.0036594773640024406
5,UPFC_tse,5-15,-2.1171370386148687,45,-2.1500574846163754,MAP_SCADA,11,0.032920446001506676
0,x_tcsc,1-14,-0.10802781666215394,46,-0.10947218030394698,MAP_SCADA,11,0.0014443636417930394
1,B_svc,2,0.1738286788546785,46,0.17840466658361645,MAP_SCADA,11,0.004575987728937941
2,UPFC_Vsh,5-15,1.11293370639085,46,1.1082294745220034,MAP_SCADA,11,0.004704231868846609
3,UPFC_tsh,5-15,-0.236790719974732,46,-0.23325051147531872,MAP_SCADA,11,0.0035402084994132776
4,UPFC_Vse,5-15,0.057103383298049065,46,0.061199218680310745,MAP_SCADA,11,0.00409583538226168
5,UPFC_tse,5-15,-2.1179202109526556,46,-2.1500574846163754,MAP_SCADA,11,0.03213727366371977
0,x_tcsc,1-14,-0.10709329858503407,47,-0.10947218030394698,MAP_SCADA,11,0.0023788817189129147
1,B_svc,2,0.173253329722418,47,0.17840466658361645,MAP_SCADA,11,0.005151336861198452
2,UPFC_Vsh,5-15,1.1130769853263658,47,1.1082294745220034,MAP_SCADA,11,0.004847510804362409
3,UPFC_tsh,5-15,-0.23619945386340394,47,-0.23325051147531872,MAP_SCADA,11,0.002948942388085213
4,UPFC_Vse,5-15,0.05764670213138666,47,0.061199218680310745,MAP_SCADA,11,0.0035525165489240854
5,UPFC_tse,5-15,-2.1178733164843204,47,-2.1500574846163754,MAP_SCADA,11,0.032184168132054936
0,x_tcsc,1-14,-0.10719051328101499,48,-0.10947218030394698,MAP_SCADA,11,0.0022816670229319908
1,B_svc,2,0.17618814701774743,48,0.17840466658361645,MAP_SCADA,11,0.0022165195658690184
2,UPFC_Vsh,5-15,1.1137388699268482,48,1.1082294745220034,MAP_SCADA,11,0.005509395404844852
3,UPFC_tsh,5-15,-0.23554054106717964,48,-0.23325051147531872,MAP_SCADA,11,0.0022900295918609204
4,UPFC_Vse,5-15,0.05692696717314711,48,0.061199218680310745,MAP_SCADA,11,0.004272251507163635
5,UPFC_tse,5-15,-2.118333333343752,48,-2.1500574846163754,MAP_SCADA,11,0.0317241512726234
0,x_tcsc,1-14,-0.10866601044350763,49,-0.10947218030394698,MAP_SCADA,11,0.0008061698604393541
1,B_svc,2,0.1710053873058158,49,0.17840466658361645,MAP_SCADA,11,0.007399279277800652
2,UPFC_Vsh,5-15,1.1121595017507595,49,1.1082294745220034,MAP_SCADA,11,0.003930027228756128
3,UPFC_tsh,5-15,-0.2359778989630055,49,-0.23325051147531872,MAP_SCADA,11,0.0027273874876867776
4,UPFC_Vse,5-15,0.05723723522516479,49,0.061199218680310745,MAP_SCADA,11,0.003961983455145958
5,UPFC_tse,5-15,-2.1162183015920553,49,-2.1500574846163754,MAP_SCADA,11,0.033839183024320096
0,x_tcsc,1-14,-0.10901937796112277,50,-0.10947218030394698,MAP_SCADA,11,0.0004528023428242156
1,B_svc,2,0.16959306694005918,50,0.17840466658361645,MAP_SCADA,11,0.008811599643557266
2,UPFC_Vsh,5-15,1.1129934283863259,50,1.1082294745220034,MAP_SCADA,11,0.00476395386432249
3,UPFC_tsh,5-15,-0.23572793347299587,50,-0.23325051147531872,MAP_SCADA,11,0.0024774219976771428
4,UPFC_Vse,5-15,0.05764673609842407,50,0.061199218680310745,MAP_SCADA,11,0.0035524825818866734
5,UPFC_tse,5-15,-2.118481715803393,50,-2.1500574846163754,MAP_SCADA,11,0.0315757688129823
0,x_tcsc,1-14,-0.10931226325956275,51,-0.10947218030394698,MAP_SCADA,11,0.00015991704438422794
1,B_svc,2,0.16790873900292247,51,0.17840466658361645,MAP_SCADA,11,0.010495927580693981
2,UPFC_Vsh,5-15,1.1126616705910577,51,1.1082294745220034,MAP_SCADA,11,0.004432196069054317
3,UPFC_tsh,5-15,-0.2364188554805837,51,-0.23325051147531872,MAP_SCADA,11,0.0031683440052649725
4,UPFC_Vse,5-15,0.057683554161929884,51,0.061199218680310745,MAP_SCADA,11,0.0035156645183808607
5,UPFC_tse,5-15,-2.1187258940414506,51,-2.1500574846163754,MAP_SCADA,11,0.03133159057492474
0,x_tcsc,1-14,-0.10695079648572353,52,-0.10947218030394698,MAP_SCADA,11,0.0025213838182234494
1,B_svc,2,0.17765441432496182,52,0.17840466658361645,MAP_SCADA,11,0.0007502522586546323
2,UPFC_Vsh,5-15,1.1107767750385993,52,1.1082294745220034,MAP_SCADA,11,0.0025473005165959073
3,UPFC_tsh,5-15,-0.23801910026457151,52,-0.23325051147531872,MAP_SCADA,11,0.004768588789252792
4,UPFC_Vse,5-15,0.05789410719761008,52,0.061199218680310745,MAP_SCADA,11,0.0033051114827006636
5,UPFC_tse,5-15,-2.1180835578894164,52,-2.1500574846163754,MAP_SCADA,11,0.03197392672695898
0,x_tcsc,1-14,-0.10579999281105353,53,-0.10947218030394698,MAP_SCADA,11,0.0036721874928934556
1,B_svc,2,0.18205396316733946,53,0.17840466658361645,MAP_SCADA,11,0.0036492965837230107
2,UPFC_Vsh,5-15,1.109267996697699,53,1.1082294745220034,MAP_SCADA,11,0.0010385221756956664
3,UPFC_tsh,5-15,-0.23819604051412727,53,-0.23325051147531872,MAP_SCADA,11,0.004945529038808544
4,UPFC_Vse,5-15,0.05724544595243886,53,0.061199218680310745,MAP_SCADA,11,0.003953772727871882
5,UPFC_tse,5-15,-2.1229365299297847,53,-2.1500574846163754,MAP_SCADA,11,0.027120954686590704
0,x_tcsc,1-14,-0.106223577746768,54,-0.10947218030394698,MAP_SCADA,11,0.0032486025571789867
1,B_svc,2,0.17719157491400092,54,0.17840466658361645,MAP_SCADA,11,0.0012130916696155292
2,UPFC_Vsh,5-15,1.111956043609763,54,1.1082294745220034,MAP_SCADA,11,0.0037265690877597013
3,UPFC_tsh,5-15,-0.2378113739765671,54,-0.23325051147531872,MAP_SCADA,11,0.004560862501248375
4,UPFC_Vse,5-15,0.057130967663296575,54,0.061199218680310745,MAP_SCADA,11,0.00406825101701417
5,UPFC_tse,5-15,-2.12161004485105,54,-2.1500574846163754,MAP_SCADA,11,0.028447439765325377
0,x_tcsc,1-14,-0.1048808287150344,55,-0.10947218030394698,MAP_SCADA,11,0.004591351588912579
1,B_svc,2,0.18023016762748467,55,0.17840466658361645,MAP_SCADA,11,0.0018255010438682218
2,UPFC_Vsh,5-15,1.111015522773831,55,1.1082294745220034,MAP_SCADA,11,0.0027860482518275997
3,UPFC_tsh,5-15,-0.2379659931537663,55,-0.23325051147531872,MAP_SCADA,11,0.0047154816784475695
4,UPFC_Vse,5-15,0.05771664330509277,55,0.061199218680310745,MAP_SCADA,11,0.0034825753752179764
5,UPFC_tse,5-15,-2.1190069084086782,55,-2.1500574846163754,MAP_SCADA,11,0.031050576207697134
0,x_tcsc,1-14,-0.10573173835744157,56,-0.10947218030394698,MAP_SCADA,11,0.003740441946505413
1,B_svc,2,0.1817970034926586,56,0.17840466658361645,MAP_SCADA,11,0.003392336909042143
2,UPFC_Vsh,5-15,1.111027770285367,56,1.1082294745220034,MAP_SCADA,11,0.0027982957633636563
3,UPFC_tsh,5-15,-0.23812830497551066,56,-0.23325051147531872,MAP_SCADA,11,0.004877793500191935
4,UPFC_Vse,5-15,0.05736210880287201,56,0.061199218680310745,MAP_SCADA,11,0.003837109877438738
5,UPFC_tse,5-15,-2.1198983441293033,56,-2.1500574846163754,MAP_SCADA,11,0.030159140487072023
0,x_tcsc,1-14,-0.10709092763731871,57,-0.10947218030394698,MAP_SCADA,11,0.002381252666628267
1,B_svc,2,0.17484046073839904,57,0.17840466658361645,MAP_SCADA,11,0.003564205845217411
2,UPFC_Vsh,5-15,1.1133469525661213,57,1.1082294745220034,MAP_SCADA,11,0.005117478044117885
3,UPFC_tsh,5-15,-0.23718555045047204,57,-0.23325051147531872,MAP_SCADA,11,0.003935038975153321
4,UPFC_Vse,5-15,0.057613084439732426,57,0.061199218680310745,MAP_SCADA,11,0.003586134240578319
5,UPFC_tse,5-15,-2.1183658311697195,57,-2.1500574846163754,MAP_SCADA,11,0.03169165344665581
0,x_tcsc,1-14,-0.10714063314851686,58,-0.10947218030394698,MAP_SCADA,11,0.0023315471554301165
1,B_svc,2,0.17242772742543125,58,0.17840466658361645,MAP_SCADA,11,0.005976939158185202
2,UPFC_Vsh,5-15,1.1108335546560917,58,1.1082294745220034,MAP_SCADA,11,0.0026040801340883046
3,UPFC_tsh,5-15,-0.23746284602796666,58,-0.23325051147531872,MAP_SCADA,11,0.0042123345526479394
4,UPFC_Vse,5-15,0.05689107134771026,58,0.061199218680310745,MAP_SCADA,11,0.004308147332600487
5,UPFC_tse,5-15,-2.122073449832775,58,-2.1500574846163754,MAP_SCADA,11,0.027984034783600453
0,x_tcsc,1-14,-0.10523444359924194,59,-0.10947218030394698,MAP_SCADA,11,0.004237736704705036
1,B_svc,2,0.1793597647528677,59,0.17840466658361645,MAP_SCADA,11,0.0009550981692512395
2,UPFC_Vsh,5-15,1.1107857115531186,59,1.1082294745220034,MAP_SCADA,11,0.0025562370311151827
3,UPFC_tsh,5-15,-0.23789177797441755,59,-0.23325051147531872,MAP_SCADA,11,0.004641266499098823
4,UPFC_Vse,5-15,0.05768282997508247,59,0.061199218680310745,MAP_SCADA,11,0.003516388705228274
5,UPFC_tse,5-15,-2.1181873406560845,59,-2.1500574846163754,MAP_SCADA,11,0.031870143960290864
0,x_tcsc,1-14,-0.10945176150756852,60,-0.10947218030394698,MAP_SCADA,11,2.041879637845745e-05
1,B_svc,2,0.16935793383633752,60,0.17840466658361645,MAP_SCADA,11,0.009046732747278935
2,UPFC_Vsh,5-15,1.1139613169432452,60,1.1082294745220034,MAP_SCADA,11,0.005731842421241806
3,UPFC_tsh,5-15,-0.23566920134996264,60,-0.23325051147531872,MAP_SCADA,11,0.0024186898746439145
4,UPFC_Vse,5-15,0.05720458411055312,60,0.061199218680310745,MAP_SCADA,11,0.003994634569757627
5,UPFC_tse,5-15,-2.1149588358461378,60,-2.1500574846163754,MAP_SCADA,11,0.035098648770237606
0,x_tcsc,1-14,-0.10905522365335318,61,-0.10947218030394698,MAP_SCADA,11,0.00041695665059379716
1,B_svc,2,0.1703607647786208,61,0.17840466658361645,MAP_SCADA,11,0.008043901804995646
2,UPFC_Vsh,5-15,1.1130767083751107,61,1.1082294745220034,MAP_SCADA,11,0.004847233853107369
3,UPFC_tsh,5-15,-0.23544033055215907,61,-0.23325051147531872,MAP_SCADA,11,0.002189819076840349
4,UPFC_Vse,5-15,0.057875494250938325,61,0.061199218680310745,MAP_SCADA,11,0.0033237244293724197
5,UPFC_tse,5-15,-2.1204281948282167,61,-2.1500574846163754,MAP_SCADA,11,0.029629289788158708
0,x_tcsc,1-14,-0.10733114663304694,62,-0.10947218030394698,MAP_SCADA,11,0.0021410336709000444
1,B_svc,2,0.17367688990675537,62,0.17840466658361645,MAP_SCADA,11,0.004727776676861084
2,UPFC_Vsh,5-15,1.1121862943112313,62,1.1082294745220034,MAP_SCADA,11,0.0039568197892279056
3,UPFC_tsh,5-15,-0.23622970029102125,62,-0.23325051147531872,MAP_SCADA,11,0.002979188815702527
4,UPFC_Vse,5-15,0.057647980839804165,62,0.061199218680310745,MAP_SCADA,11,0.0035512378405065798
5,UPFC_tse,5-15,-2.1197384212927988,62,-2.1500574846163754,MAP_SCADA,11,0.03031906332357659
0,x_tcsc,1-14,-0.10940497005741741,63,-0.10947218030394698,MAP_SCADA,11,6.721024652957264e-05
1,B_svc,2,0.1726336661398208,63,0.17840466658361645,MAP_SCADA,11,0.0057710004437956375
2,UPFC_Vsh,5-15,1.1087398307270746,63,1.1082294745220034,MAP_SCADA,11,0.0005103562050712274
3,UPFC_tsh,5-15,-0.2373871645118825,63,-0.23325051147531872,MAP_SCADA,11,0.00413665303656377
4,UPFC_Vse,5-15,0.05776814794156133,63,0.061199218680310745,MAP_SCADA,11,0.003431070738749417
5,UPFC_tse,5-15,-2.121343863462053,63,-2.1500574846163754,MAP_SCADA,11,0.02871362115432241
0,x_tcsc,1-14,-0.1046949546236351,64,-0.10947218030394698,MAP_SCADA,11,0.004777225680311886
1,B_svc,2,0.183445376860306,64,0.17840466658361645,MAP_SCADA,11,0.005040710276689536
2,UPFC_Vsh,5-15,1.1131989879091804,64,1.1082294745220034,MAP_SCADA,11,0.004969513387176994
3,UPFC_tsh,5-15,-0.23781862115688623,64,-0.23325051147531872,MAP_SCADA,11,0.0045681096815675115
4,UPFC_Vse,5-15,0.05759710799066543,64,0.061199218680310745,MAP_SCADA,11,0.0036021106896453117
5,UPFC_tse,5-15,-2.1232312397924127,64,-2.1500574846163754,MAP_SCADA,11,0.026826244823962675
0,x_tcsc,1-14,-0.10787113157761462,65,-0.10947218030394698,MAP_SCADA,11,0.001601048726332363
1,B_svc,2,0.17266875712225543,65,0.17840466658361645,MAP_SCADA,11,0.005735909461361016
2,UPFC_Vsh,5-15,1.112803249263745,65,1.1082294745220034,MAP_SCADA,11,0.0045737747417415875
3,UPFC_tsh,5-15,-0.23576020759578165,65,-0.23325051147531872,MAP_SCADA,11,0.002509696120462923
4,UPFC_Vse,5-15,0.05738668038712711,65,0.061199218680310745,MAP_SCADA,11,0.0038125382931836344
5,UPFC_tse,5-15,-2.117628484366634,65,-2.1500574846163754,MAP_SCADA,11,0.03242900024974116
0,x_tcsc,1-14,-0.10607910744277634,66,-0.10947218030394698,MAP_SCADA,11,0.0033930728611706457
1,B_svc,2,0.1785011070050042,66,0.17840466658361645,MAP_SCADA,11,9.644042138776121e-05
2,UPFC_Vsh,5-15,1.1122669093630733,66,1.1082294745220034,MAP_SCADA,11,0.004037434841069887
3,UPFC_tsh,5-15,-0.2376299527673899,66,-0.23325051147531872,MAP_SCADA,11,0.0043794412920711845
4,UPFC_Vse,5-15,0.0580228728162041,66,0.061199218680310745,MAP_SCADA,11,0.0031763458641066444
5,UPFC_tse,5-15,-2.11588414783405,66,-2.1500574846163754,MAP_SCADA,11,0.03417333678232515
0,x_tcsc,1-14,-0.10464633199777319,67,-0.10947218030394698,MAP_SCADA,11,0.004825848306173788
1,B_svc,2,0.1819534129198583,67,0.17840466658361645,MAP_SCADA,11,0.003548746336241859
2,UPFC_Vsh,5-15,1.1109878453087363,67,1.1082294745220034,MAP_SCADA,11,0.002758370786732911
3,UPFC_tsh,5-15,-0.23816703002760867,67,-0.23325051147531872,MAP_SCADA,11,0.004916518552289945
4,UPFC_Vse,5-15,0.0575155112696389,67,0.061199218680310745,MAP_SCADA,11,0.003683707410671845
5,UPFC_tse,5-15,-2.1243584023779603,67,-2.1500574846163754,MAP_SCADA,11,0.025699082238415105
0,x_tcsc,1-14,-0.1048884806969986,68,-0.10947218030394698,MAP_SCADA,11,0.004583699606948377
1,B_svc,2,0.18233020135967012,68,0.17840466658361645,MAP_SCADA,11,0.003925534776053674
2,UPFC_Vsh,5-15,1.1126787375375116,68,1.1082294745220034,MAP_SCADA,11,0.004449263015508187
3,UPFC_tsh,5-15,-0.23729777185293432,68,-0.23325051147531872,MAP_SCADA,11,0.004047260377615602
4,UPFC_Vse,5-15,0.057497301850630324,68,0.061199218680310745,MAP_SCADA,11,0.003701916829680421
5,UPFC_tse,5-15,-2.117353272936879,68,-2.1500574846163754,MAP_SCADA,11,0.03270421167949644
0,x_tcsc,1-14,-0.10890222542618458,69,-0.10947218030394698,MAP_SCADA,11,0.0005699548777624019
1,B_svc,2,0.16834420117020463,69,0.17840466658361645,MAP_SCADA,11,0.010060465413411823
2,UPFC_Vsh,5-15,1.1131104914482013,69,1.1082294745220034,MAP_SCADA,11,0.004881016926197912
3,UPFC_tsh,5-15,-0.23620664066360444,69,-0.23325051147531872,MAP_SCADA,11,0.002956129188285722
4,UPFC_Vse,5-15,0.05712520081716381,69,0.061199218680310745,MAP_SCADA,11,0.004074017863146935
5,UPFC_tse,5-15,-2.116181775780159,69,-2.1500574846163754,MAP_SCADA,11,0.03387570883621649
0,x_tcsc,1-14,-0.10783954312107445,70,-0.10947218030394698,MAP_SCADA,11,0.001632637182872529
1,B_svc,2,0.1738012616177895,70,0.17840466658361645,MAP_SCADA,11,0.004603404965826952
2,UPFC_Vsh,5-15,1.109946175601687,70,1.1082294745220034,MAP_SCADA,11,0.0017167010796836912
3,UPFC_tsh,5-15,-0.2370955958356482,70,-0.23325051147531872,MAP_SCADA,11,0.003845084360329487
4,UPFC_Vse,5-15,0.057627049096513644,70,0.061199218680310745,MAP_SCADA,11,0.003572169583797101
5,UPFC_tse,5-15,-2.1202167991094587,70,-2.1500574846163754,MAP_SCADA,11,0.029840685506916653
0,x_tcsc,1-14,-0.10534847168056283,71,-0.10947218030394698,MAP_SCADA,11,0.0041237086233841536
1,B_svc,2,0.17955172099397773,71,0.17840466658361645,MAP_SCADA,11,0.0011470544103612812
2,UPFC_Vsh,5-15,1.1117192574047965,71,1.1082294745220034,MAP_SCADA,11,0.003489782882793113
3,UPFC_tsh,5-15,-0.23820653589537907,71,-0.23325051147531872,MAP_SCADA,11,0.004956024420060351
4,UPFC_Vse,5-15,0.05754757811938391,71,0.061199218680310745,MAP_SCADA,11,0.0036516405609268374
5,UPFC_tse,5-15,-2.121658366823909,71,-2.1500574846163754,MAP_SCADA,11,0.02839911779246629
0,x_tcsc,1-14,-0.10742294616001442,72,-0.10947218030394698,MAP_SCADA,11,0.0020492341439325573
1,B_svc,2,0.17430469223433764,72,0.17840466658361645,MAP_SCADA,11,0.0040999743492788066
2,UPFC_Vsh,5-15,1.1143541824961813,72,1.1082294745220034,MAP_SCADA,11,0.0061247079741779675
3,UPFC_tsh,5-15,-0.23620451737193204,72,-0.23325051147531872,MAP_SCADA,11,0.002954005896613321
4,UPFC_Vse,5-15,0.0572197988624672,72,0.061199218680310745,MAP_SCADA,11,0.003979419817843548
5,UPFC_tse,5-15,-2.113452791129322,72,-2.1500574846163754,MAP_SCADA,11,0.0366046934870532
0,x_tcsc,1-14,-0.10922969344645563,73,-0.10947218030394698,MAP_SCADA,11,0.0002424868574913558
1,B_svc,2,0.16525146255622622,73,0.17840466658361645,MAP_SCADA,11,0.01315320402739023
2,UPFC_Vsh,5-15,1.1134568370282656,73,1.1082294745220034,MAP_SCADA,11,0.005227362506262212
3,UPFC_tsh,5-15,-0.2356698992780358,73,-0.23325051147531872,MAP_SCADA,11,0.0024193878027170823
4,UPFC_Vse,5-15,0.05714227536138494,73,0.061199218680310745,MAP_SCADA,11,0.004056943318925803
5,UPFC_tse,5-15,-2.119651091064688,73,-2.1500574846163754,MAP_SCADA,11,0.030406393551687394
0,x_tcsc,1-14,-0.10431792148953327,74,-0.10947218030394698,MAP_SCADA,11,0.005154258814413712
1,B_svc,2,0.1811248064659187,74,0.17840466658361645,MAP_SCADA,11,0.0027201398823022416
2,UPFC_Vsh,5-15,1.1099430822379803,74,1.1082294745220034,MAP_SCADA,11,0.0017136077159769503
3,UPFC_tsh,5-15,-0.23852746172805828,74,-0.23325051147531872,MAP_SCADA,11,0.005276950252739554
4,UPFC_Vse,5-15,0.05784374657307531,74,0.061199218680310745,MAP_SCADA,11,0.003355472107235434
5,UPFC_tse,5-15,-2.121425096913782,74,-2.1500574846163754,MAP_SCADA,11,0.028632387702593576
0,x_tcsc,1-14,-0.103353053211812,75,-0.10947218030394698,MAP_SCADA,11,0.006119127092134982
1,B_svc,2,0.18807150083032478,75,0.17840466658361645,MAP_SCADA,11,0.009666834246708333
2,UPFC_Vsh,5-15,1.1111700606315367,75,1.1082294745220034,MAP_SCADA,11,0.002940586109533294
3,UPFC_tsh,5-15,-0.2388301118941401,75,-0.23325051147531872,MAP_SCADA,11,0.005579600418821384
4,UPFC_Vse,5-15,0.057665588016663855,75,0.061199218680310745,MAP_SCADA,11,0.0035336306636468903
5,UPFC_tse,5-15,-2.123561272171615,75,-2.1500574846163754,MAP_SCADA,11,0.026496212444760303
0,x_tcsc,1-14,-0.10893838338128896,76,-0.10947218030394698,MAP_SCADA,11,0.0005337969226580225
1,B_svc,2,0.17015960069209635,76,0.17840466658361645,MAP_SCADA,11,0.008245065891520104
2,UPFC_Vsh,5-15,1.1136347042650967,76,1.1082294745220034,MAP_SCADA,11,0.0054052297430933205
3,UPFC_tsh,5-15,-0.2356088372004739,76,-0.23325051147531872,MAP_SCADA,11,0.0023583257251551804
4,UPFC_Vse,5-15,0.05739174891156154,76,0.061199218680310745,MAP_SCADA,11,0.003807469768749204
5,UPFC_tse,5-15,-2.1131298745475315,76,-2.1500574846163754,MAP_SCADA,11,0.03692761006884382
0,x_tcsc,1-14,-0.10677148640328579,77,-0.10947218030394698,MAP_SCADA,11,0.0027006939006611885
1,B_svc,2,0.17490146294845868,77,0.17840466658361645,MAP_SCADA,11,0.00350320363515777
2,UPFC_Vsh,5-15,1.1099104962836785,77,1.1082294745220034,MAP_SCADA,11,0.0016810217616751721
3,UPFC_tsh,5-15,-0.2369514487516909,77,-0.23325051147531872,MAP_SCADA,11,0.0037009372763721904
4,UPFC_Vse,5-15,0.05773714951810732,77,0.061199218680310745,MAP_SCADA,11,0.0034620691622034225
5,UPFC_tse,5-15,-2.1166647015932987,77,-2.1500574846163754,MAP_SCADA,11,0.03339278302307669
0,x_tcsc,1-14,-0.10924023694539466,78,-0.10947218030394698,MAP_SCADA,11,0.00023194335855232506
1,B_svc,2,0.17022007529560623,78,0.17840466658361645,MAP_SCADA,11,0.008184591288010218
2,UPFC_Vsh,5-15,1.1133807467142431,78,1.1082294745220034,MAP_SCADA,11,0.005151272192239764
3,UPFC_tsh,5-15,-0.23596645081338674,78,-0.23325051147531872,MAP_SCADA,11,0.0027159393380680186
4,UPFC_Vse,5-15,0.05711119384068331,78,0.061199218680310745,MAP_SCADA,11,0.004088024839627433
5,UPFC_tse,5-15,-2.118052252316137,78,-2.1500574846163754,MAP_SCADA,11,0.03200523230023844
0,x_tcsc,1-14,-0.10743509187356443,79,-0.10947218030394698,MAP_SCADA,11,0.0020370884303825554
1,B_svc,2,0.17324594257769063,79,0.17840466658361645,MAP_SCADA,11,0.005158724005925819
2,UPFC_Vsh,5-15,1.108719981361768,79,1.1082294745220034,MAP_SCADA,11,0.0004905068397647039
3,UPFC_tsh,5-15,-0.23807533379593204,79,-0.23325051147531872,MAP_SCADA,11,0.00482482232061332
4,UPFC_Vse,5-15,0.05754558435882357,79,0.061199218680310745,MAP_SCADA,11,0.003653634321487173
5,UPFC_tse,5-15,-2.119357535515237,79,-2.1500574846163754,MAP_SCADA,11,0.03069994910113838
0,x_tcsc,1-14,-0.107329286458181,80,-0.10947218030394698,MAP_SCADA,11,0.002142893845765978
1,B_svc,2,0.17772680523582715,80,0.17840466658361645,MAP_SCADA,11,0.0006778613477892992
2,UPFC_Vsh,5-15,1.1115344080452432,80,1.1082294745220034,MAP_SCADA,11,0.0033049335232397947
3,UPFC_tsh,5-15,-0.23749761612930478,80,-0.23325051147531872,MAP_SCADA,11,0.004247104653986061
4,UPFC_Vse,5-15,0.05787973421424841,80,0.061199218680310745,MAP_SCADA,11,0.003319484466062332
5,UPFC_tse,5-15,-2.11619148161768,80,-2.1500574846163754,MAP_SCADA,11,0.033866002998695244
0,x_tcsc,1-14,-0.10845470603263258,81,-0.10947218030394698,MAP_SCADA,11,0.0010174742713144058
1,B_svc,2,0.17185062316901872,81,0.17840466658361645,MAP_SCADA,11,0.006554043414597727
2,UPFC_Vsh,5-15,1.1136041315982959,81,1.1082294745220034,MAP_SCADA,11,0.005374657076292477
3,UPFC_tsh,5-15,-0.2352518795033683,81,-0.23325051147531872,MAP_SCADA,11,0.002001368028049566
4,UPFC_Vse,5-15,0.0565316838469432,81,0.061199218680310745,MAP_SCADA,11,0.004667534833367543
5,UPFC_tse,5-15,-2.121089216774669,81,-2.1500574846163754,MAP_SCADA,11,0.028968267841706474
0,x_tcsc,1-14,-0.10728363738035555,82,-0.10947218030394698,MAP_SCADA,11,0.002188542923591427
1,B_svc,2,0.17660953080738076,82,0.17840466658361645,MAP_SCADA,11,0.00179513577623569
2,UPFC_Vsh,5-15,1.1133363796913327,82,1.1082294745220034,MAP_SCADA,11,0.005106905169329323
3,UPFC_tsh,5-15,-0.23557723587673135,82,-0.23325051147531872,MAP_SCADA,11,0.0023267244014126276
4,UPFC_Vse,5-15,0.057052670988737716,82,0.061199218680310745,MAP_SCADA,11,0.0041465476915730284
5,UPFC_tse,5-15,-2.1125245344276045,82,-2.1500574846163754,MAP_SCADA,11,0.0375329501887709
0,x_tcsc,1-14,-0.10704909661563972,83,-0.10947218030394698,MAP_SCADA,11,0.002423083688307265
1,B_svc,2,0.17439535340915538,83,0.17840466658361645,MAP_SCADA,11,0.004009313174461071
2,UPFC_Vsh,5-15,1.1138189432401893,83,1.1082294745220034,MAP_SCADA,11,0.005589468718185886
3,UPFC_tsh,5-15,-0.23591608576235498,83,-0.23325051147531872,MAP_SCADA,11,0.0026655742870362598
4,UPFC_Vse,5-15,0.05755680394915602,83,0.061199218680310745,MAP_SCADA,11,0.0036424147311547236
5,UPFC_tse,5-15,-2.1157134403197753,83,-2.1500574846163754,MAP_SCADA,11,0.034344044296600096
0,x_tcsc,1-14,-0.10676170257170853,84,-0.10947218030394698,MAP_SCADA,11,0.0027104777322384532
1,B_svc,2,0.17690582416355186,84,0.17840466658361645,MAP_SCADA,11,0.0014988424200645944
2,UPFC_Vsh,5-15,1.1119187557480708,84,1.1082294745220034,MAP_SCADA,11,0.0036892812260673757
3,UPFC_tsh,5-15,-0.23693835217805137,84,-0.23325051147531872,MAP_SCADA,11,0.0036878407027326476
4,UPFC_Vse,5-15,0.05779647132148402,84,0.061199218680310745,MAP_SCADA,11,0.003402747358826723
5,UPFC_tse,5-15,-2.119832423144779,84,-2.1500574846163754,MAP_SCADA,11,0.030225061471596426
0,x_tcsc,1-14,-0.10433107499372325,85,-0.10947218030394698,MAP_SCADA,11,0.005141105310223729
1,B_svc,2,0.18503884107302948,85,0.17840466658361645,MAP_SCADA,11,0.0066341744894130306
2,UPFC_Vsh,5-15,1.1096490244908552,85,1.1082294745220034,MAP_SCADA,11,0.001419549968851852
3,UPFC_tsh,5-15,-0.23908337904595656,85,-0.23325051147531872,MAP_SCADA,11,0.005832867570637834
4,UPFC_Vse,5-15,0.057711255599064704,85,0.061199218680310745,MAP_SCADA,11,0.0034879630812460413
5,UPFC_tse,5-15,-2.121862773911793,85,-2.1500574846163754,MAP_SCADA,11,0.02819471070458235
0,x_tcsc,1-14,-0.10627085253489142,86,-0.10947218030394698,MAP_SCADA,11,0.003201327769055559
1,B_svc,2,0.177950381895317,86,0.17840466658361645,MAP_SCADA,11,0.00045428468829944446
2,UPFC_Vsh,5-15,1.1115180763241355,86,1.1082294745220034,MAP_SCADA,11,0.003288601802132085
3,UPFC_tsh,5-15,-0.23679857101651225,86,-0.23325051147531872,MAP_SCADA,11,0.0035480595411935267
4,UPFC_Vse,5-15,0.057956856977195124,86,0.061199218680310745,MAP_SCADA,11,0.0032423617031156204
5,UPFC_tse,5-15,-2.1201205352270294,86,-2.1500574846163754,MAP_SCADA,11,0.02993694938934599
0,x_tcsc,1-14,-0.10651687940064776,87,-0.10947218030394698,MAP_SCADA,11,0.002955300903299221
1,B_svc,2,0.18254309035161495,87,0.17840466658361645,MAP_SCADA,11,0.0041384237679985
2,UPFC_Vsh,5-15,1.1098899213950526,87,1.1082294745220034,MAP_SCADA,11,0.0016604468730492261
3,UPFC_tsh,5-15,-0.23761277738038303,87,-0.23325051147531872,MAP_SCADA,11,0.004362265905064305
4,UPFC_Vse,5-15,0.0574593173937414,87,0.061199218680310745,MAP_SCADA,11,0.0037399012865693415
5,UPFC_tse,5-15,-2.121138093764339,87,-2.1500574846163754,MAP_SCADA,11,0.02891939085203621
0,x_tcsc,1-14,-0.1056307771781821,88,-0.10947218030394698,MAP_SCADA,11,0.003841403125764878
1,B_svc,2,0.1824884266434068,88,0.17840466658361645,MAP_SCADA,11,0.004083760059790359
2,UPFC_Vsh,5-15,1.1101963057729272,88,1.1082294745220034,MAP_SCADA,11,0.001966831250923784
3,UPFC_tsh,5-15,-0.23763002628571525,88,-0.23325051147531872,MAP_SCADA,11,0.004379514810396529
4,UPFC_Vse,5-15,0.05706675078108499,88,0.061199218680310745,MAP_SCADA,11,0.004132467899225757
5,UPFC_tse,5-15,-2.1196074179549385,88,-2.1500574846163754,MAP_SCADA,11,0.030450066661436903
0,x_tcsc,1-14,-0.1068650757269267,89,-0.10947218030394698,MAP_SCADA,11,0.0026071045770202778
1,B_svc,2,0.17718067164134646,89,0.17840466658361645,MAP_SCADA,11,0.0012239949422699903
2,UPFC_Vsh,5-15,1.1127660092473064,89,1.1082294745220034,MAP_SCADA,11,0.004536534725303021
3,UPFC_tsh,5-15,-0.2373073844773539,89,-0.23325051147531872,MAP_SCADA,11,0.004056873002035166
4,UPFC_Vse,5-15,0.05689366350326791,89,0.061199218680310745,MAP_SCADA,11,0.004305555177042834
5,UPFC_tse,5-15,-2.117896080173778,89,-2.1500574846163754,MAP_SCADA,11,0.03216140444259752
0,x_tcsc,1-14,-0.10699046471291579,90,-0.10947218030394698,MAP_SCADA,11,0.0024817155910311917
1,B_svc,2,0.17719256344522044,90,0.17840466658361645,MAP_SCADA,11,0.001212103138396009
2,UPFC_Vsh,5-15,1.109052539356643,90,1.1082294745220034,MAP_SCADA,11,0.0008230648346396752
3,UPFC_tsh,5-15,-0.23785065622494828,90,-0.23325051147531872,MAP_SCADA,11,0.004600144749629553
4,UPFC_Vse,5-15,0.05830466828765745,90,0.061199218680310745,MAP_SCADA,11,0.0028945503926532945
5,UPFC_tse,5-15,-2.120107730975188,90,-2.1500574846163754,MAP_SCADA,11,0.02994975364118746
0,x_tcsc,1-14,-0.10506074381709783,91,-0.10947218030394698,MAP_SCADA,11,0.004411436486849149
1,B_svc,2,0.18563134723275895,91,0.17840466658361645,MAP_SCADA,11,0.007226680649142503
2,UPFC_Vsh,5-15,1.107344280444785,91,1.1082294745220034,MAP_SCADA,11,0.0008851940772183209
3,UPFC_tsh,5-15,-0.24009200989541232,91,-0.23325051147531872,MAP_SCADA,11,0.0068414984200936
4,UPFC_Vse,5-15,0.05745016323994678,91,0.061199218680310745,MAP_SCADA,11,0.0037490554403639617
5,UPFC_tse,5-15,-2.129716491830026,91,-2.1500574846163754,MAP_SCADA,11,0.020340992786349155
0,x_tcsc,1-14,-0.10843316130367997,92,-0.10947218030394698,MAP_SCADA,11,0.0010390190002670108
1,B_svc,2,0.171724517507776,92,0.17840466658361645,MAP_SCADA,11,0.006680149075840441
2,UPFC_Vsh,5-15,1.1124955617280345,92,1.1082294745220034,MAP_SCADA,11,0.004266087206031166
3,UPFC_tsh,5-15,-0.23592061914407508,92,-0.23325051147531872,MAP_SCADA,11,0.0026701076687563607
4,UPFC_Vse,5-15,0.05764937454389893,92,0.061199218680310745,MAP_SCADA,11,0.003549844136411816
5,UPFC_tse,5-15,-2.115887173504994,92,-2.1500574846163754,MAP_SCADA,11,0.03417031111138158
0,x_tcsc,1-14,-0.10527819592613752,93,-0.10947218030394698,MAP_SCADA,11,0.004193984377809462
1,B_svc,2,0.18394801974922592,93,0.17840466658361645,MAP_SCADA,11,0.0055433531656094714
2,UPFC_Vsh,5-15,1.1121927994121752,93,1.1082294745220034,MAP_SCADA,11,0.0039633248901718154
3,UPFC_tsh,5-15,-0.23767845269493082,93,-0.23325051147531872,MAP_SCADA,11,0.004427941219612097
4,UPFC_Vse,5-15,0.05811935876557973,93,0.061199218680310745,MAP_SCADA,11,0.0030798599147310174
5,UPFC_tse,5-15,-2.1160067421541595,93,-2.1500574846163754,MAP_SCADA,11,0.034050742462215844
0,x_tcsc,1-14,-0.10848267666552323,94,-0.10947218030394698,MAP_SCADA,11,0.0009895036384237471
1,B_svc,2,0.17129404864009537,94,0.17840466658361645,MAP_SCADA,11,0.00711061794352108
2,UPFC_Vsh,5-15,1.1113930301542858,94,1.1082294745220034,MAP_SCADA,11,0.003163555632282433
3,UPFC_tsh,5-15,-0.2362084475764398,94,-0.23325051147531872,MAP_SCADA,11,0.002957936101121078
4,UPFC_Vse,5-15,0.057179680241642564,94,0.061199218680310745,MAP_SCADA,11,0.004019538438668181
5,UPFC_tse,5-15,-2.117519973685605,94,-2.1500574846163754,MAP_SCADA,11,0.032537510930770175
0,x_tcsc,1-14,-0.10609612643226632,95,-0.10947218030394698,MAP_SCADA,11,0.003376053871680662
1,B_svc,2,0.18034927342603962,95,0.17840466658361645,MAP_SCADA,11,0.0019446068424231744
2,UPFC_Vsh,5-15,1.1081572271684876,95,1.1082294745220034,MAP_SCADA,11,7.224735351574196e-05
3,UPFC_tsh,5-15,-0.23896856849243206,95,-0.23325051147531872,MAP_SCADA,11,0.005718057017113337
4,UPFC_Vse,5-15,0.05827706701732483,95,0.061199218680310745,MAP_SCADA,11,0.002922151662985914
5,UPFC_tse,5-15,-2.1231450659637763,95,-2.1500574846163754,MAP_SCADA,11,0.02691241865259908
0,x_tcsc,1-14,-0.11072494674634924,96,-0.10947218030394698,MAP_SCADA,11,0.001252766442402256
1,B_svc,2,0.16382259331556495,96,0.17840466658361645,MAP_SCADA,11,0.014582073268051499
2,UPFC_Vsh,5-15,1.1131482719824068,96,1.1082294745220034,MAP_SCADA,11,0.004918797460403468
3,UPFC_tsh,5-15,-0.23519080502005715,96,-0.23325051147531872,MAP_SCADA,11,0.0019402935447384306
4,UPFC_Vse,5-15,0.057372158170830606,96,0.061199218680310745,MAP_SCADA,11,0.003827060509480139
5,UPFC_tse,5-15,-2.1161767640182254,96,-2.1500574846163754,MAP_SCADA,11,0.03388072059814995
0,x_tcsc,1-14,-0.10717201549915735,97,-0.10947218030394698,MAP_SCADA,11,0.002300164804789631
1,B_svc,2,0.17993119020529763,97,0.17840466658361645,MAP_SCADA,11,0.0015265236216811806
2,UPFC_Vsh,5-15,1.1113859768397536,97,1.1082294745220034,MAP_SCADA,11,0.0031565023177502205
3,UPFC_tsh,5-15,-0.23733175664322106,97,-0.23325051147531872,MAP_SCADA,11,0.004081245167902342
4,UPFC_Vse,5-15,0.05756112498967703,97,0.061199218680310745,MAP_SCADA,11,0.003638093690633712
5,UPFC_tse,5-15,-2.1183860517395594,97,-2.1500574846163754,MAP_SCADA,11,0.03167143287681595
0,x_tcsc,1-14,-0.10794320493711781,98,-0.10947218030394698,MAP_SCADA,11,0.0015289753668291661
1,B_svc,2,0.17594575429682419,98,0.17840466658361645,MAP_SCADA,11,0.002458912286792264
2,UPFC_Vsh,5-15,1.1139945785284209,98,1.1082294745220034,MAP_SCADA,11,0.0057651040064174985
3,UPFC_tsh,5-15,-0.23616473699877685,98,-0.23325051147531872,MAP_SCADA,11,0.0029142255234581305
4,UPFC_Vse,5-15,0.057481413833521275,98,0.061199218680310745,MAP_SCADA,11,0.00371780484678947
5,UPFC_tse,5-15,-2.1167090690392265,98,-2.1500574846163754,MAP_SCADA,11,0.03334841557714885
0,x_tcsc,1-14,-0.10549981687781415,99,-0.10947218030394698,MAP_SCADA,11,0.00397236342613283
1,B_svc,2,0.18435980766770546,99,0.17840466658361645,MAP_SCADA,11,0.005955141084089011
2,UPFC_Vsh,5-15,1.110605632781286,99,1.1082294745220034,MAP_SCADA,11,0.0023761582592827235
3,UPFC_tsh,5-15,-0.23879532010179283,99,-0.23325051147531872,MAP_SCADA,11,0.005544808626474107
4,UPFC_Vse,5-15,0.0585592895290129,99,0.061199218680310745,MAP_SCADA,11,0.0026399291512978415
5,UPFC_tse,5-15,-2.120240844202484,99,-2.1500574846163754,MAP_SCADA,11,0.029816640413891538
0,x_tcsc,1-14,-0.10671143253086024,0,-0.10881859715735988,MAP_SCADA,13,0.0021071646264996385
1,B_svc,2,0.17853734538277877,0,0.17701758795075362,MAP_SCADA,13,0.0015197574320251483
2,UPFC_Vsh,5-15,1.1109207789140585,0,1.108194153716509,MAP_SCADA,13,0.002726625197549515
3,UPFC_tsh,5-15,-0.23731745143979585,0,-0.23388672030178118,MAP_SCADA,13,0.0034307311380146754
4,UPFC_Vse,5-15,0.05763375636709128,0,0.061591978129866186,MAP_SCADA,13,0.003958221762774904
5,UPFC_tse,5-15,-2.121116529035107,0,-2.154578417998358,MAP_SCADA,13,0.033461888963250974
0,x_tcsc,1-14,-0.10884679222871829,1,-0.10881859715735988,MAP_SCADA,13,2.8195071358413926e-05
1,B_svc,2,0.17210654984970408,1,0.17701758795075362,MAP_SCADA,13,0.004911038101049536
2,UPFC_Vsh,5-15,1.1125691339351063,1,1.108194153716509,MAP_SCADA,13,0.00437498021859728
3,UPFC_tsh,5-15,-0.23614062783557177,1,-0.23388672030178118,MAP_SCADA,13,0.0022539075337905945
4,UPFC_Vse,5-15,0.05726992650712081,1,0.061591978129866186,MAP_SCADA,13,0.0043220516227453765
5,UPFC_tse,5-15,-2.114605669181904,1,-2.154578417998358,MAP_SCADA,13,0.03997274881645385
0,x_tcsc,1-14,-0.106438597648498,2,-0.10881859715735988,MAP_SCADA,13,0.002379999508861877
1,B_svc,2,0.17900573324605812,2,0.17701758795075362,MAP_SCADA,13,0.0019881452953045
2,UPFC_Vsh,5-15,1.110557377207309,2,1.108194153716509,MAP_SCADA,13,0.0023632234907999816
3,UPFC_tsh,5-15,-0.23791607483260863,2,-0.23388672030178118,MAP_SCADA,13,0.00402935453082745
4,UPFC_Vse,5-15,0.05782458523939781,2,0.061591978129866186,MAP_SCADA,13,0.003767392890468374
5,UPFC_tse,5-15,-2.121047690115321,2,-2.154578417998358,MAP_SCADA,13,0.03353072788303724
0,x_tcsc,1-14,-0.1082485724483868,3,-0.10881859715735988,MAP_SCADA,13,0.000570024708973077
1,B_svc,2,0.17084799387894223,3,0.17701758795075362,MAP_SCADA,13,0.006169594071811391
2,UPFC_Vsh,5-15,1.1133073606530108,3,1.108194153716509,MAP_SCADA,13,0.005113206936501857
3,UPFC_tsh,5-15,-0.2352148361230751,3,-0.23388672030178118,MAP_SCADA,13,0.0013281158212939126
4,UPFC_Vse,5-15,0.05744203276710792,3,0.061591978129866186,MAP_SCADA,13,0.004149945362758263
5,UPFC_tse,5-15,-2.1187469994643453,3,-2.154578417998358,MAP_SCADA,13,0.03583141853401273
0,x_tcsc,1-14,-0.10589216153963375,4,-0.10881859715735988,MAP_SCADA,13,0.0029264356177261253
1,B_svc,2,0.18057721027425636,4,0.17701758795075362,MAP_SCADA,13,0.003559622323502737
2,UPFC_Vsh,5-15,1.1090639373079867,4,1.108194153716509,MAP_SCADA,13,0.000869783591477713
3,UPFC_tsh,5-15,-0.23901694259159015,4,-0.23388672030178118,MAP_SCADA,13,0.005130222289808972
4,UPFC_Vse,5-15,0.057420897493637865,4,0.061591978129866186,MAP_SCADA,13,0.004171080636228321
5,UPFC_tse,5-15,-2.1217880216245173,4,-2.154578417998358,MAP_SCADA,13,0.032790396373840736
0,x_tcsc,1-14,-0.10962718592320896,5,-0.10881859715735988,MAP_SCADA,13,0.0008085887658490776
1,B_svc,2,0.16734710763118957,5,0.17701758795075362,MAP_SCADA,13,0.009670480319564051
2,UPFC_Vsh,5-15,1.113238663056068,5,1.108194153716509,MAP_SCADA,13,0.005044509339559022
3,UPFC_tsh,5-15,-0.2353712142411416,5,-0.23388672030178118,MAP_SCADA,13,0.0014844939393604262
4,UPFC_Vse,5-15,0.05765870072751411,5,0.061591978129866186,MAP_SCADA,13,0.003933277402352074
5,UPFC_tse,5-15,-2.116604966915444,5,-2.154578417998358,MAP_SCADA,13,0.03797345108291417
0,x_tcsc,1-14,-0.1072394089863974,6,-0.10881859715735988,MAP_SCADA,13,0.0015791881709624755
1,B_svc,2,0.17505832381110656,6,0.17701758795075362,MAP_SCADA,13,0.00195926413964706
2,UPFC_Vsh,5-15,1.1134733590139796,6,1.108194153716509,MAP_SCADA,13,0.005279205297470613
3,UPFC_tsh,5-15,-0.23630289751870623,6,-0.23388672030178118,MAP_SCADA,13,0.002416177216925053
4,UPFC_Vse,5-15,0.057209379708297675,6,0.061591978129866186,MAP_SCADA,13,0.004382598421568511
5,UPFC_tse,5-15,-2.118697070191822,6,-2.154578417998358,MAP_SCADA,13,0.035881347806535846
0,x_tcsc,1-14,-0.106904312225471,7,-0.10881859715735988,MAP_SCADA,13,0.0019142849318888738
1,B_svc,2,0.17859066157689701,7,0.17701758795075362,MAP_SCADA,13,0.0015730736261433953
2,UPFC_Vsh,5-15,1.1115241542852348,7,1.108194153716509,MAP_SCADA,13,0.0033300005687257883
3,UPFC_tsh,5-15,-0.23696277691500586,7,-0.23388672030178118,MAP_SCADA,13,0.003076056613224687
4,UPFC_Vse,5-15,0.05719135020998187,7,0.061591978129866186,MAP_SCADA,13,0.004400627919884319
5,UPFC_tse,5-15,-2.120352712191659,7,-2.154578417998358,MAP_SCADA,13,0.034225705806699036
0,x_tcsc,1-14,-0.10584256465175358,8,-0.10881859715735988,MAP_SCADA,13,0.0029760325056062964
1,B_svc,2,0.17957565213745705,8,0.17701758795075362,MAP_SCADA,13,0.0025580641867034293
2,UPFC_Vsh,5-15,1.1114213514564535,8,1.108194153716509,MAP_SCADA,13,0.0032271977399445095
3,UPFC_tsh,5-15,-0.23804470709609643,8,-0.23388672030178118,MAP_SCADA,13,0.004157986794315255
4,UPFC_Vse,5-15,0.05767086577863096,8,0.061591978129866186,MAP_SCADA,13,0.003921112351235226
5,UPFC_tse,5-15,-2.1195907835996595,8,-2.154578417998358,MAP_SCADA,13,0.034987634398698564
0,x_tcsc,1-14,-0.10784650785057542,9,-0.10881859715735988,MAP_SCADA,13,0.0009720893067844544
1,B_svc,2,0.17403306430088125,9,0.17701758795075362,MAP_SCADA,13,0.002984523649872367
2,UPFC_Vsh,5-15,1.1136591443971575,9,1.108194153716509,MAP_SCADA,13,0.00546499068064854
3,UPFC_tsh,5-15,-0.23540412352425605,9,-0.23388672030178118,MAP_SCADA,13,0.0015174032224748724
4,UPFC_Vse,5-15,0.05764721708836011,9,0.061591978129866186,MAP_SCADA,13,0.003944761041506074
5,UPFC_tse,5-15,-2.1166377891830908,9,-2.154578417998358,MAP_SCADA,13,0.037940628815267274
0,x_tcsc,1-14,-0.10843919964143052,10,-0.10881859715735988,MAP_SCADA,13,0.00037939751592935833
1,B_svc,2,0.1733415956284689,10,0.17701758795075362,MAP_SCADA,13,0.0036759923222847157
2,UPFC_Vsh,5-15,1.1120251269562094,10,1.108194153716509,MAP_SCADA,13,0.003830973239700386
3,UPFC_tsh,5-15,-0.23596809646704503,10,-0.23388672030178118,MAP_SCADA,13,0.002081376165263854
4,UPFC_Vse,5-15,0.0564854939523338,10,0.061591978129866186,MAP_SCADA,13,0.005106484177532386
5,UPFC_tse,5-15,-2.1208915776861685,10,-2.154578417998358,MAP_SCADA,13,0.03368684031218949
0,x_tcsc,1-14,-0.10717114851830077,11,-0.10881859715735988,MAP_SCADA,13,0.001647448639059107
1,B_svc,2,0.17747026057926507,11,0.17701758795075362,MAP_SCADA,13,0.0004526726285114524
2,UPFC_Vsh,5-15,1.1124363488801543,11,1.108194153716509,MAP_SCADA,13,0.004242195163645324
3,UPFC_tsh,5-15,-0.23632852993489933,11,-0.23388672030178118,MAP_SCADA,13,0.0024418096331181582
4,UPFC_Vse,5-15,0.05659742194993677,11,0.061591978129866186,MAP_SCADA,13,0.004994556179929416
5,UPFC_tse,5-15,-2.1197408115722536,11,-2.154578417998358,MAP_SCADA,13,0.03483760642610445
0,x_tcsc,1-14,-0.10802946345880032,12,-0.10881859715735988,MAP_SCADA,13,0.0007891336985595548
1,B_svc,2,0.17281276942429238,12,0.17701758795075362,MAP_SCADA,13,0.004204818526461235
2,UPFC_Vsh,5-15,1.1130757120421997,12,1.108194153716509,MAP_SCADA,13,0.004881558325690705
3,UPFC_tsh,5-15,-0.23632368050223404,12,-0.23388672030178118,MAP_SCADA,13,0.0024369602004528645
4,UPFC_Vse,5-15,0.057571961367978236,12,0.061591978129866186,MAP_SCADA,13,0.00402001676188795
5,UPFC_tse,5-15,-2.1157178822797733,12,-2.154578417998358,MAP_SCADA,13,0.03886053571858472
0,x_tcsc,1-14,-0.10570316958983077,13,-0.10881859715735988,MAP_SCADA,13,0.003115427567529111
1,B_svc,2,0.18249973312876458,13,0.17701758795075362,MAP_SCADA,13,0.005482145178010961
2,UPFC_Vsh,5-15,1.1131296050156416,13,1.108194153716509,MAP_SCADA,13,0.004935451299132643
3,UPFC_tsh,5-15,-0.23783442634788132,13,-0.23388672030178118,MAP_SCADA,13,0.003947706046100147
4,UPFC_Vse,5-15,0.056484936983598154,13,0.061591978129866186,MAP_SCADA,13,0.005107041146268032
5,UPFC_tse,5-15,-2.115261398749947,13,-2.154578417998358,MAP_SCADA,13,0.03931701924841091
0,x_tcsc,1-14,-0.10694923876760283,14,-0.10881859715735988,MAP_SCADA,13,0.0018693583897570476
1,B_svc,2,0.1769041692493913,14,0.17701758795075362,MAP_SCADA,13,0.00011341870136230559
2,UPFC_Vsh,5-15,1.1121526642391235,14,1.108194153716509,MAP_SCADA,13,0.003958510522614533
3,UPFC_tsh,5-15,-0.2370323619370798,14,-0.23388672030178118,MAP_SCADA,13,0.003145641635298624
4,UPFC_Vse,5-15,0.057139654468352036,14,0.061591978129866186,MAP_SCADA,13,0.00445232366151415
5,UPFC_tse,5-15,-2.1194773532602125,14,-2.154578417998358,MAP_SCADA,13,0.03510106473814556
0,x_tcsc,1-14,-0.10869855072993599,15,-0.10881859715735988,MAP_SCADA,13,0.0001200464274238866
1,B_svc,2,0.1722439116589828,15,0.17701758795075362,MAP_SCADA,13,0.0047736762917708064
2,UPFC_Vsh,5-15,1.1123269308828758,15,1.108194153716509,MAP_SCADA,13,0.004132777166366841
3,UPFC_tsh,5-15,-0.23591736677432862,15,-0.23388672030178118,MAP_SCADA,13,0.0020306464725474427
4,UPFC_Vse,5-15,0.05746552861625833,15,0.061591978129866186,MAP_SCADA,13,0.004126449513607855
5,UPFC_tse,5-15,-2.114336762711501,15,-2.154578417998358,MAP_SCADA,13,0.04024165528685719
0,x_tcsc,1-14,-0.10723509198330802,16,-0.10881859715735988,MAP_SCADA,13,0.0015835051740518552
1,B_svc,2,0.17398967179522495,16,0.17701758795075362,MAP_SCADA,13,0.003027916155528665
2,UPFC_Vsh,5-15,1.1110458587351355,16,1.108194153716509,MAP_SCADA,13,0.002851705018626527
3,UPFC_tsh,5-15,-0.23700163214610448,16,-0.23388672030178118,MAP_SCADA,13,0.0031149118443233037
4,UPFC_Vse,5-15,0.05741412427159274,16,0.061591978129866186,MAP_SCADA,13,0.004177853858273448
5,UPFC_tse,5-15,-2.115454248723215,16,-2.154578417998358,MAP_SCADA,13,0.03912416927514295
0,x_tcsc,1-14,-0.11066622826773613,17,-0.10881859715735988,MAP_SCADA,13,0.0018476311103762522
1,B_svc,2,0.17213545326446683,17,0.17701758795075362,MAP_SCADA,13,0.004882134686286788
2,UPFC_Vsh,5-15,1.1101691119931705,17,1.108194153716509,MAP_SCADA,13,0.001974958276661498
3,UPFC_tsh,5-15,-0.23638238289548702,17,-0.23388672030178118,MAP_SCADA,13,0.002495662593705844
4,UPFC_Vse,5-15,0.05704571524866088,17,0.061591978129866186,MAP_SCADA,13,0.0045462628812053055
5,UPFC_tse,5-15,-2.1255108704267474,17,-2.154578417998358,MAP_SCADA,13,0.029067547571610675
0,x_tcsc,1-14,-0.10647726198792858,18,-0.10881859715735988,MAP_SCADA,13,0.0023413351694313023
1,B_svc,2,0.17890991783106908,18,0.17701758795075362,MAP_SCADA,13,0.0018923298803154576
2,UPFC_Vsh,5-15,1.1113916813722353,18,1.108194153716509,MAP_SCADA,13,0.00319752765572634
3,UPFC_tsh,5-15,-0.23750430204608403,18,-0.23388672030178118,MAP_SCADA,13,0.00361758174430285
4,UPFC_Vse,5-15,0.0579754917237041,18,0.061591978129866186,MAP_SCADA,13,0.0036164864061620852
5,UPFC_tse,5-15,-2.1210878076752175,18,-2.154578417998358,MAP_SCADA,13,0.03349061032314049
0,x_tcsc,1-14,-0.10880064867843024,19,-0.10881859715735988,MAP_SCADA,13,1.7948478929635803e-05
1,B_svc,2,0.17236500079037237,19,0.17701758795075362,MAP_SCADA,13,0.00465258716038125
2,UPFC_Vsh,5-15,1.112334763295601,19,1.108194153716509,MAP_SCADA,13,0.004140609579092125
3,UPFC_tsh,5-15,-0.23575835468156742,19,-0.23388672030178118,MAP_SCADA,13,0.0018716343797862411
4,UPFC_Vse,5-15,0.057420643843725014,19,0.061591978129866186,MAP_SCADA,13,0.004171334286141172
5,UPFC_tse,5-15,-2.1197007787621494,19,-2.154578417998358,MAP_SCADA,13,0.03487763923620868
0,x_tcsc,1-14,-0.10681796471203604,20,-0.10881859715735988,MAP_SCADA,13,0.0020006324453238356
1,B_svc,2,0.17723798368864258,20,0.17701758795075362,MAP_SCADA,13,0.0002203957378889565
2,UPFC_Vsh,5-15,1.110328466941185,20,1.108194153716509,MAP_SCADA,13,0.0021343132246760543
3,UPFC_tsh,5-15,-0.2373060069040069,20,-0.23388672030178118,MAP_SCADA,13,0.003419286602225735
4,UPFC_Vse,5-15,0.05749209778155573,20,0.061591978129866186,MAP_SCADA,13,0.004099880348310457
5,UPFC_tse,5-15,-2.121057456966522,20,-2.154578417998358,MAP_SCADA,13,0.033520961031836105
0,x_tcsc,1-14,-0.10640127987977131,21,-0.10881859715735988,MAP_SCADA,13,0.0024173172775885654
1,B_svc,2,0.17706400553147694,21,0.17701758795075362,MAP_SCADA,13,4.641758072332358e-05
2,UPFC_Vsh,5-15,1.1123414247957542,21,1.108194153716509,MAP_SCADA,13,0.004147271079245174
3,UPFC_tsh,5-15,-0.23706487343632154,21,-0.23388672030178118,MAP_SCADA,13,0.003178153134540368
4,UPFC_Vse,5-15,0.05804808066265128,21,0.061591978129866186,MAP_SCADA,13,0.003543897467214903
5,UPFC_tse,5-15,-2.1199889860303824,21,-2.154578417998358,MAP_SCADA,13,0.03458943196797559
0,x_tcsc,1-14,-0.1076874287003709,22,-0.10881859715735988,MAP_SCADA,13,0.0011311684569889763
1,B_svc,2,0.17814371796425674,22,0.17701758795075362,MAP_SCADA,13,0.0011261300135031183
2,UPFC_Vsh,5-15,1.1100397041732075,22,1.108194153716509,MAP_SCADA,13,0.0018455504566985415
3,UPFC_tsh,5-15,-0.2373992929814906,22,-0.23388672030178118,MAP_SCADA,13,0.0035125726797094192
4,UPFC_Vse,5-15,0.05746102628000953,22,0.061591978129866186,MAP_SCADA,13,0.004130951849856658
5,UPFC_tse,5-15,-2.1138228571779285,22,-2.154578417998358,MAP_SCADA,13,0.040755560820429526
0,x_tcsc,1-14,-0.11114173205442038,23,-0.10881859715735988,MAP_SCADA,13,0.0023231348970605
1,B_svc,2,0.16571810927908867,23,0.17701758795075362,MAP_SCADA,13,0.011299478671664948
2,UPFC_Vsh,5-15,1.1102913160967147,23,1.108194153716509,MAP_SCADA,13,0.0020971623802057415
3,UPFC_tsh,5-15,-0.23612314344192717,23,-0.23388672030178118,MAP_SCADA,13,0.0022364231401459933
4,UPFC_Vse,5-15,0.057828980132338344,23,0.061591978129866186,MAP_SCADA,13,0.003762997997527842
5,UPFC_tse,5-15,-2.11634907225094,23,-2.154578417998358,MAP_SCADA,13,0.0382293457474181
0,x_tcsc,1-14,-0.10707298918273737,24,-0.10881859715735988,MAP_SCADA,13,0.001745607974622504
1,B_svc,2,0.1750844181767696,24,0.17701758795075362,MAP_SCADA,13,0.0019331697739840281
2,UPFC_Vsh,5-15,1.1103383294545885,24,1.108194153716509,MAP_SCADA,13,0.002144175738079568
3,UPFC_tsh,5-15,-0.2373858961720593,24,-0.23388672030178118,MAP_SCADA,13,0.0034991758702781206
4,UPFC_Vse,5-15,0.05783441093683506,24,0.061591978129866186,MAP_SCADA,13,0.003757567193031129
5,UPFC_tse,5-15,-2.1211963531878606,24,-2.154578417998358,MAP_SCADA,13,0.033382064810497436
0,x_tcsc,1-14,-0.10411209146765889,25,-0.10881859715735988,MAP_SCADA,13,0.0047065056897009905
1,B_svc,2,0.18207388013521508,25,0.17701758795075362,MAP_SCADA,13,0.005056292184461464
2,UPFC_Vsh,5-15,1.1099508617603815,25,1.108194153716509,MAP_SCADA,13,0.0017567080438725124
3,UPFC_tsh,5-15,-0.23921976991336424,25,-0.23388672030178118,MAP_SCADA,13,0.005333049611583068
4,UPFC_Vse,5-15,0.057215626624696495,25,0.061591978129866186,MAP_SCADA,13,0.004376351505169691
5,UPFC_tse,5-15,-2.1180417750198264,25,-2.154578417998358,MAP_SCADA,13,0.03653664297853165
0,x_tcsc,1-14,-0.1078001605743693,26,-0.10881859715735988,MAP_SCADA,13,0.001018436582990584
1,B_svc,2,0.17458128190019787,26,0.17701758795075362,MAP_SCADA,13,0.0024363060505557532
2,UPFC_Vsh,5-15,1.113580620074413,26,1.108194153716509,MAP_SCADA,13,0.005386466357903963
3,UPFC_tsh,5-15,-0.23556159092886747,26,-0.23388672030178118,MAP_SCADA,13,0.0016748706270862945
4,UPFC_Vse,5-15,0.05738429904808282,26,0.061591978129866186,MAP_SCADA,13,0.004207679081783364
5,UPFC_tse,5-15,-2.116182058227431,26,-2.154578417998358,MAP_SCADA,13,0.038396359770926924
0,x_tcsc,1-14,-0.10825092537265413,27,-0.10881859715735988,MAP_SCADA,13,0.0005676717847057505
1,B_svc,2,0.17430631258970788,27,0.17701758795075362,MAP_SCADA,13,0.002711275361045734
2,UPFC_Vsh,5-15,1.1114662475697654,27,1.108194153716509,MAP_SCADA,13,0.0032720938532564414
3,UPFC_tsh,5-15,-0.23746584465815873,27,-0.23388672030178118,MAP_SCADA,13,0.0035791243563775554
4,UPFC_Vse,5-15,0.05788690302737337,27,0.061591978129866186,MAP_SCADA,13,0.003705075102492815
5,UPFC_tse,5-15,-2.118504077446963,27,-2.154578417998358,MAP_SCADA,13,0.036074340551395245
0,x_tcsc,1-14,-0.1062730187523376,28,-0.10881859715735988,MAP_SCADA,13,0.0025455784050222724
1,B_svc,2,0.18103079162220884,28,0.17701758795075362,MAP_SCADA,13,0.004013203671455218
2,UPFC_Vsh,5-15,1.1087301109081895,28,1.108194153716509,MAP_SCADA,13,0.0005359571916805361
3,UPFC_tsh,5-15,-0.2389396275716271,28,-0.23388672030178118,MAP_SCADA,13,0.005052907269845919
4,UPFC_Vse,5-15,0.05792850816793582,28,0.061591978129866186,MAP_SCADA,13,0.0036634699619303643
5,UPFC_tse,5-15,-2.121591180104046,28,-2.154578417998358,MAP_SCADA,13,0.03298723789431213
0,x_tcsc,1-14,-0.10653628707019851,29,-0.10881859715735988,MAP_SCADA,13,0.002282310087161371
1,B_svc,2,0.17965508087916948,29,0.17701758795075362,MAP_SCADA,13,0.0026374929284158632
2,UPFC_Vsh,5-15,1.1106446052036845,29,1.108194153716509,MAP_SCADA,13,0.0024504514871754868
3,UPFC_tsh,5-15,-0.2376731179045099,29,-0.23388672030178118,MAP_SCADA,13,0.003786397602728725
4,UPFC_Vse,5-15,0.05786677315107843,29,0.061591978129866186,MAP_SCADA,13,0.003725204978787755
5,UPFC_tse,5-15,-2.120222833999159,29,-2.154578417998358,MAP_SCADA,13,0.03435558399919891
0,x_tcsc,1-14,-0.10952997111799802,30,-0.10881859715735988,MAP_SCADA,13,0.0007113739606381397
1,B_svc,2,0.16919933850561206,30,0.17701758795075362,MAP_SCADA,13,0.007818249445141562
2,UPFC_Vsh,5-15,1.1127862661947077,30,1.108194153716509,MAP_SCADA,13,0.004592112478198684
3,UPFC_tsh,5-15,-0.23534976633179824,30,-0.23388672030178118,MAP_SCADA,13,0.0014630460300170678
4,UPFC_Vse,5-15,0.05792238850708715,30,0.061591978129866186,MAP_SCADA,13,0.0036695896227790376
5,UPFC_tse,5-15,-2.1164729451535256,30,-2.154578417998358,MAP_SCADA,13,0.038105472844832455
0,x_tcsc,1-14,-0.10715060791579066,31,-0.10881859715735988,MAP_SCADA,13,0.0016679892415692177
1,B_svc,2,0.17281241655909546,31,0.17701758795075362,MAP_SCADA,13,0.004205171391658158
2,UPFC_Vsh,5-15,1.1121750737216747,31,1.108194153716509,MAP_SCADA,13,0.0039809200051657
3,UPFC_tsh,5-15,-0.23612890048767649,31,-0.23388672030178118,MAP_SCADA,13,0.0022421801858953094
4,UPFC_Vse,5-15,0.05741113562187503,31,0.061591978129866186,MAP_SCADA,13,0.004180842507991153
5,UPFC_tse,5-15,-2.118555531744554,31,-2.154578417998358,MAP_SCADA,13,0.03602288625380412
0,x_tcsc,1-14,-0.10738626062904685,32,-0.10881859715735988,MAP_SCADA,13,0.0014323365283130246
1,B_svc,2,0.17330701774645507,32,0.17701758795075362,MAP_SCADA,13,0.0037105702042985467
2,UPFC_Vsh,5-15,1.1120310826835351,32,1.108194153716509,MAP_SCADA,13,0.003836928967026143
3,UPFC_tsh,5-15,-0.23617144897870454,32,-0.23388672030178118,MAP_SCADA,13,0.0022847286769233643
4,UPFC_Vse,5-15,0.05687457505896244,32,0.061591978129866186,MAP_SCADA,13,0.004717403070903743
5,UPFC_tse,5-15,-2.123660023297658,32,-2.154578417998358,MAP_SCADA,13,0.030918394700699903
0,x_tcsc,1-14,-0.10693539844775564,33,-0.10881859715735988,MAP_SCADA,13,0.001883198709604239
1,B_svc,2,0.17768917211592447,33,0.17701758795075362,MAP_SCADA,13,0.0006715841651708521
2,UPFC_Vsh,5-15,1.1095148249414561,33,1.108194153716509,MAP_SCADA,13,0.0013206712249471675
3,UPFC_tsh,5-15,-0.2371331944262661,33,-0.23388672030178118,MAP_SCADA,13,0.0032464741244849216
4,UPFC_Vse,5-15,0.05721563919140297,33,0.061591978129866186,MAP_SCADA,13,0.004376338938463217
5,UPFC_tse,5-15,-2.1196271921111913,33,-2.154578417998358,MAP_SCADA,13,0.034951225887166704
0,x_tcsc,1-14,-0.10687992533692643,34,-0.10881859715735988,MAP_SCADA,13,0.0019386718204334463
1,B_svc,2,0.17401309726872008,34,0.17701758795075362,MAP_SCADA,13,0.0030044906820335393
2,UPFC_Vsh,5-15,1.1123769845319478,34,1.108194153716509,MAP_SCADA,13,0.004182830815438798
3,UPFC_tsh,5-15,-0.23616750209149165,34,-0.23388672030178118,MAP_SCADA,13,0.002280781789710473
4,UPFC_Vse,5-15,0.05717751357900006,34,0.061591978129866186,MAP_SCADA,13,0.0044144645508661234
5,UPFC_tse,5-15,-2.1212191870108876,34,-2.154578417998358,MAP_SCADA,13,0.0333592309874704
0,x_tcsc,1-14,-0.10736731801715636,35,-0.10881859715735988,MAP_SCADA,13,0.0014512791402035152
1,B_svc,2,0.1743344664120881,35,0.17701758795075362,MAP_SCADA,13,0.0026831215386655116
2,UPFC_Vsh,5-15,1.1121640478067782,35,1.108194153716509,MAP_SCADA,13,0.003969894090269266
3,UPFC_tsh,5-15,-0.23680846597136743,35,-0.23388672030178118,MAP_SCADA,13,0.002921745669586251
4,UPFC_Vse,5-15,0.057952360550922254,35,0.061591978129866186,MAP_SCADA,13,0.0036396175789439322
5,UPFC_tse,5-15,-2.1169531607381513,35,-2.154578417998358,MAP_SCADA,13,0.03762525726020671
0,x_tcsc,1-14,-0.10815347514458465,36,-0.10881859715735988,MAP_SCADA,13,0.0006651220127752294
1,B_svc,2,0.1710697004082666,36,0.17701758795075362,MAP_SCADA,13,0.005947887542487013
2,UPFC_Vsh,5-15,1.1137240188584057,36,1.108194153716509,MAP_SCADA,13,0.005529865141896684
3,UPFC_tsh,5-15,-0.2358246848062136,36,-0.23388672030178118,MAP_SCADA,13,0.0019379645044324267
4,UPFC_Vse,5-15,0.057245825627543545,36,0.061591978129866186,MAP_SCADA,13,0.004346152502322641
5,UPFC_tse,5-15,-2.1175965349312516,36,-2.154578417998358,MAP_SCADA,13,0.03698188306710648
0,x_tcsc,1-14,-0.10475515592541516,37,-0.10881859715735988,MAP_SCADA,13,0.004063441231944714
1,B_svc,2,0.18309482267944,37,0.17701758795075362,MAP_SCADA,13,0.006077234728686376
2,UPFC_Vsh,5-15,1.1127906253327882,37,1.108194153716509,MAP_SCADA,13,0.004596471616279185
3,UPFC_tsh,5-15,-0.23802310460401754,37,-0.23388672030178118,MAP_SCADA,13,0.004136384302236368
4,UPFC_Vse,5-15,0.057431952367715214,37,0.061591978129866186,MAP_SCADA,13,0.004160025762150972
5,UPFC_tse,5-15,-2.1199405418760775,37,-2.154578417998358,MAP_SCADA,13,0.03463787612228053
0,x_tcsc,1-14,-0.10742269392758334,38,-0.10881859715735988,MAP_SCADA,13,0.001395903229776535
1,B_svc,2,0.1755004971401978,38,0.17701758795075362,MAP_SCADA,13,0.0015170908105558156
2,UPFC_Vsh,5-15,1.1130201419013812,38,1.108194153716509,MAP_SCADA,13,0.004825988184872232
3,UPFC_tsh,5-15,-0.23693363430979963,38,-0.23388672030178118,MAP_SCADA,13,0.0030469140080184587
4,UPFC_Vse,5-15,0.057205520786809703,38,0.061591978129866186,MAP_SCADA,13,0.004386457343056482
5,UPFC_tse,5-15,-2.1205146025924075,38,-2.154578417998358,MAP_SCADA,13,0.03406381540595049
0,x_tcsc,1-14,-0.10641915634401529,39,-0.10881859715735988,MAP_SCADA,13,0.002399440813344589
1,B_svc,2,0.17958337075122596,39,0.17701758795075362,MAP_SCADA,13,0.0025657828004723437
2,UPFC_Vsh,5-15,1.1118914083314206,39,1.108194153716509,MAP_SCADA,13,0.0036972546149116603
3,UPFC_tsh,5-15,-0.23774754611117094,39,-0.23388672030178118,MAP_SCADA,13,0.003860825809389762
4,UPFC_Vse,5-15,0.057058229476306656,39,0.061591978129866186,MAP_SCADA,13,0.00453374865355953
5,UPFC_tse,5-15,-2.120243704132217,39,-2.154578417998358,MAP_SCADA,13,0.034334713866141175
0,x_tcsc,1-14,-0.10714899839915103,40,-0.10881859715735988,MAP_SCADA,13,0.0016695987582088512
1,B_svc,2,0.17792801003384645,40,0.17701758795075362,MAP_SCADA,13,0.0009104220830928322
2,UPFC_Vsh,5-15,1.1104977926102153,40,1.108194153716509,MAP_SCADA,13,0.002303638893706328
3,UPFC_tsh,5-15,-0.23778322722768935,40,-0.23388672030178118,MAP_SCADA,13,0.0038965069259081775
4,UPFC_Vse,5-15,0.05763455838128357,40,0.061591978129866186,MAP_SCADA,13,0.003957419748582616
5,UPFC_tse,5-15,-2.121763490823035,40,-2.154578417998358,MAP_SCADA,13,0.03281492717532286
0,x_tcsc,1-14,-0.10747628103650513,41,-0.10881859715735988,MAP_SCADA,13,0.001342316120854753
1,B_svc,2,0.17201780849316667,41,0.17701758795075362,MAP_SCADA,13,0.00499977945758695
2,UPFC_Vsh,5-15,1.1132964947085866,41,1.108194153716509,MAP_SCADA,13,0.005102340992077625
3,UPFC_tsh,5-15,-0.23655377141994835,41,-0.23388672030178118,MAP_SCADA,13,0.002667051118167174
4,UPFC_Vse,5-15,0.05694790652530009,41,0.061591978129866186,MAP_SCADA,13,0.004644071604566098
5,UPFC_tse,5-15,-2.115871417344491,41,-2.154578417998358,MAP_SCADA,13,0.03870700065386723
0,x_tcsc,1-14,-0.1081257980000313,42,-0.10881859715735988,MAP_SCADA,13,0.0006927991573285747
1,B_svc,2,0.1726483542993937,42,0.17701758795075362,MAP_SCADA,13,0.004369233651359911
2,UPFC_Vsh,5-15,1.1121568098072536,42,1.108194153716509,MAP_SCADA,13,0.003962656090744643
3,UPFC_tsh,5-15,-0.23570650257828626,42,-0.23388672030178118,MAP_SCADA,13,0.0018197822765050886
4,UPFC_Vse,5-15,0.057391783915916594,42,0.061591978129866186,MAP_SCADA,13,0.0042001942139495915
5,UPFC_tse,5-15,-2.1223150055765987,42,-2.154578417998358,MAP_SCADA,13,0.03226341242175934
0,x_tcsc,1-14,-0.10919026678444572,43,-0.10881859715735988,MAP_SCADA,13,0.0003716696270858466
1,B_svc,2,0.17006330659842472,43,0.17701758795075362,MAP_SCADA,13,0.006954281352328895
2,UPFC_Vsh,5-15,1.1123500259968075,43,1.108194153716509,MAP_SCADA,13,0.004155872280298567
3,UPFC_tsh,5-15,-0.23560811988148292,43,-0.23388672030178118,MAP_SCADA,13,0.0017213995797017434
4,UPFC_Vse,5-15,0.057593251453399046,43,0.061591978129866186,MAP_SCADA,13,0.00399872667646714
5,UPFC_tse,5-15,-2.1151039880453184,43,-2.154578417998358,MAP_SCADA,13,0.039474429953039625
0,x_tcsc,1-14,-0.10530229352998717,44,-0.10881859715735988,MAP_SCADA,13,0.0035163036273727077
1,B_svc,2,0.1829660034812352,44,0.17701758795075362,MAP_SCADA,13,0.005948415530481588
2,UPFC_Vsh,5-15,1.109897014642047,44,1.108194153716509,MAP_SCADA,13,0.0017028609255380633
3,UPFC_tsh,5-15,-0.23859001452834347,44,-0.23388672030178118,MAP_SCADA,13,0.0047032942265622935
4,UPFC_Vse,5-15,0.058221711031435495,44,0.061591978129866186,MAP_SCADA,13,0.0033702670984306904
5,UPFC_tse,5-15,-2.116964072987721,44,-2.154578417998358,MAP_SCADA,13,0.037614345010636985
0,x_tcsc,1-14,-0.1069256538871445,45,-0.10881859715735988,MAP_SCADA,13,0.001892943270215372
1,B_svc,2,0.177465266753047,45,0.17701758795075362,MAP_SCADA,13,0.00044767880229337753
2,UPFC_Vsh,5-15,1.1114206874199102,45,1.108194153716509,MAP_SCADA,13,0.003226533703401202
3,UPFC_tsh,5-15,-0.23689545053861744,45,-0.23388672030178118,MAP_SCADA,13,0.00300873023683626
4,UPFC_Vse,5-15,0.057539741316308304,45,0.061591978129866186,MAP_SCADA,13,0.0040522368135578815
5,UPFC_tse,5-15,-2.1171370386148687,45,-2.154578417998358,MAP_SCADA,13,0.03744137938348935
0,x_tcsc,1-14,-0.10802781666215394,46,-0.10881859715735988,MAP_SCADA,13,0.0007907804952059366
1,B_svc,2,0.1738286788546785,46,0.17701758795075362,MAP_SCADA,13,0.00318890909607511
2,UPFC_Vsh,5-15,1.11293370639085,46,1.108194153716509,MAP_SCADA,13,0.004739552674341008
3,UPFC_tsh,5-15,-0.236790719974732,46,-0.23388672030178118,MAP_SCADA,13,0.0029039996729508244
4,UPFC_Vse,5-15,0.057103383298049065,46,0.061591978129866186,MAP_SCADA,13,0.004488594831817121
5,UPFC_tse,5-15,-2.1179202109526556,46,-2.154578417998358,MAP_SCADA,13,0.03665820704570244
0,x_tcsc,1-14,-0.10709329858503407,47,-0.10881859715735988,MAP_SCADA,13,0.0017252985723258119
1,B_svc,2,0.173253329722418,47,0.17701758795075362,MAP_SCADA,13,0.0037642582283356207
2,UPFC_Vsh,5-15,1.1130769853263658,47,1.108194153716509,MAP_SCADA,13,0.004882831609856808
3,UPFC_tsh,5-15,-0.23619945386340394,47,-0.23388672030178118,MAP_SCADA,13,0.0023127335616227596
4,UPFC_Vse,5-15,0.05764670213138666,47,0.061591978129866186,MAP_SCADA,13,0.003945275998479526
5,UPFC_tse,5-15,-2.1178733164843204,47,-2.154578417998358,MAP_SCADA,13,0.03670510151403761
0,x_tcsc,1-14,-0.10719051328101499,48,-0.10881859715735988,MAP_SCADA,13,0.001628083876344888
1,B_svc,2,0.17618814701774743,48,0.17701758795075362,MAP_SCADA,13,0.0008294409330061869
2,UPFC_Vsh,5-15,1.1137388699268482,48,1.108194153716509,MAP_SCADA,13,0.005544716210339251
3,UPFC_tsh,5-15,-0.23554054106717964,48,-0.23388672030178118,MAP_SCADA,13,0.0016538207653984671
4,UPFC_Vse,5-15,0.05692696717314711,48,0.061591978129866186,MAP_SCADA,13,0.004665010956719076
5,UPFC_tse,5-15,-2.118333333343752,48,-2.154578417998358,MAP_SCADA,13,0.036245084654606075
0,x_tcsc,1-14,-0.10866601044350763,49,-0.10881859715735988,MAP_SCADA,13,0.0001525867138522513
1,B_svc,2,0.1710053873058158,49,0.17701758795075362,MAP_SCADA,13,0.006012200644937821
2,UPFC_Vsh,5-15,1.1121595017507595,49,1.108194153716509,MAP_SCADA,13,0.0039653480342505265
3,UPFC_tsh,5-15,-0.2359778989630055,49,-0.23388672030178118,MAP_SCADA,13,0.0020911786612243244
4,UPFC_Vse,5-15,0.05723723522516479,49,0.061591978129866186,MAP_SCADA,13,0.004354742904701399
5,UPFC_tse,5-15,-2.1162183015920553,49,-2.154578417998358,MAP_SCADA,13,0.03836011640630277
0,x_tcsc,1-14,-0.10901937796112277,50,-0.10881859715735988,MAP_SCADA,13,0.0002007808037628872
1,B_svc,2,0.16959306694005918,50,0.17701758795075362,MAP_SCADA,13,0.007424521010694435
2,UPFC_Vsh,5-15,1.1129934283863259,50,1.108194153716509,MAP_SCADA,13,0.004799274669816889
3,UPFC_tsh,5-15,-0.23572793347299587,50,-0.23388672030178118,MAP_SCADA,13,0.0018412131712146895
4,UPFC_Vse,5-15,0.05764673609842407,50,0.061591978129866186,MAP_SCADA,13,0.003945242031442114
5,UPFC_tse,5-15,-2.118481715803393,50,-2.154578417998358,MAP_SCADA,13,0.03609670219496497
0,x_tcsc,1-14,-0.10931226325956275,51,-0.10881859715735988,MAP_SCADA,13,0.0004936661022028749
1,B_svc,2,0.16790873900292247,51,0.17701758795075362,MAP_SCADA,13,0.00910884894783115
2,UPFC_Vsh,5-15,1.1126616705910577,51,1.108194153716509,MAP_SCADA,13,0.004467516874548716
3,UPFC_tsh,5-15,-0.2364188554805837,51,-0.23388672030178118,MAP_SCADA,13,0.0025321351788025193
4,UPFC_Vse,5-15,0.057683554161929884,51,0.061591978129866186,MAP_SCADA,13,0.003908423967936302
5,UPFC_tse,5-15,-2.1187258940414506,51,-2.154578417998358,MAP_SCADA,13,0.03585252395690741
0,x_tcsc,1-14,-0.10695079648572353,52,-0.10881859715735988,MAP_SCADA,13,0.0018678006716363466
1,B_svc,2,0.17765441432496182,52,0.17701758795075362,MAP_SCADA,13,0.0006368263742081992
2,UPFC_Vsh,5-15,1.1107767750385993,52,1.108194153716509,MAP_SCADA,13,0.002582621322090306
3,UPFC_tsh,5-15,-0.23801910026457151,52,-0.23388672030178118,MAP_SCADA,13,0.004132379962790339
4,UPFC_Vse,5-15,0.05789410719761008,52,0.061591978129866186,MAP_SCADA,13,0.0036978709322561046
5,UPFC_tse,5-15,-2.1180835578894164,52,-2.154578417998358,MAP_SCADA,13,0.03649486010894165
0,x_tcsc,1-14,-0.10579999281105353,53,-0.10881859715735988,MAP_SCADA,13,0.0030186043463063528
1,B_svc,2,0.18205396316733946,53,0.17701758795075362,MAP_SCADA,13,0.005036375216585842
2,UPFC_Vsh,5-15,1.109267996697699,53,1.108194153716509,MAP_SCADA,13,0.0010738429811900652
3,UPFC_tsh,5-15,-0.23819604051412727,53,-0.23388672030178118,MAP_SCADA,13,0.0043093202123460905
4,UPFC_Vse,5-15,0.05724544595243886,53,0.061591978129866186,MAP_SCADA,13,0.004346532177427323
5,UPFC_tse,5-15,-2.1229365299297847,53,-2.154578417998358,MAP_SCADA,13,0.031641888068573376
0,x_tcsc,1-14,-0.106223577746768,54,-0.10881859715735988,MAP_SCADA,13,0.002595019410591884
1,B_svc,2,0.17719157491400092,54,0.17701758795075362,MAP_SCADA,13,0.00017398696324730234
2,UPFC_Vsh,5-15,1.111956043609763,54,1.108194153716509,MAP_SCADA,13,0.0037618898932541
3,UPFC_tsh,5-15,-0.2378113739765671,54,-0.23388672030178118,MAP_SCADA,13,0.003924653674785922
4,UPFC_Vse,5-15,0.057130967663296575,54,0.061591978129866186,MAP_SCADA,13,0.004461010466569611
5,UPFC_tse,5-15,-2.12161004485105,54,-2.154578417998358,MAP_SCADA,13,0.03296837314730805
0,x_tcsc,1-14,-0.1048808287150344,55,-0.10881859715735988,MAP_SCADA,13,0.003937768442325476
1,B_svc,2,0.18023016762748467,55,0.17701758795075362,MAP_SCADA,13,0.0032125796767310533
2,UPFC_Vsh,5-15,1.111015522773831,55,1.108194153716509,MAP_SCADA,13,0.0028213690573219985
3,UPFC_tsh,5-15,-0.2379659931537663,55,-0.23388672030178118,MAP_SCADA,13,0.004079272851985116
4,UPFC_Vse,5-15,0.05771664330509277,55,0.061591978129866186,MAP_SCADA,13,0.0038753348247734173
5,UPFC_tse,5-15,-2.1190069084086782,55,-2.154578417998358,MAP_SCADA,13,0.035571509589679806
0,x_tcsc,1-14,-0.10573173835744157,56,-0.10881859715735988,MAP_SCADA,13,0.00308685879991831
1,B_svc,2,0.1817970034926586,56,0.17701758795075362,MAP_SCADA,13,0.004779415541904974
2,UPFC_Vsh,5-15,1.111027770285367,56,1.108194153716509,MAP_SCADA,13,0.002833616568858055
3,UPFC_tsh,5-15,-0.23812830497551066,56,-0.23388672030178118,MAP_SCADA,13,0.0042415846737294816
4,UPFC_Vse,5-15,0.05736210880287201,56,0.061591978129866186,MAP_SCADA,13,0.004229869326994179
5,UPFC_tse,5-15,-2.1198983441293033,56,-2.154578417998358,MAP_SCADA,13,0.034680073869054695
0,x_tcsc,1-14,-0.10709092763731871,57,-0.10881859715735988,MAP_SCADA,13,0.001727669520041164
1,B_svc,2,0.17484046073839904,57,0.17701758795075362,MAP_SCADA,13,0.0021771272123545793
2,UPFC_Vsh,5-15,1.1133469525661213,57,1.108194153716509,MAP_SCADA,13,0.005152798849612283
3,UPFC_tsh,5-15,-0.23718555045047204,57,-0.23388672030178118,MAP_SCADA,13,0.0032988301486908678
4,UPFC_Vse,5-15,0.057613084439732426,57,0.061591978129866186,MAP_SCADA,13,0.00397889369013376
5,UPFC_tse,5-15,-2.1183658311697195,57,-2.154578417998358,MAP_SCADA,13,0.03621258682863848
0,x_tcsc,1-14,-0.10714063314851686,58,-0.10881859715735988,MAP_SCADA,13,0.0016779640088430137
1,B_svc,2,0.17242772742543125,58,0.17701758795075362,MAP_SCADA,13,0.00458986052532237
2,UPFC_Vsh,5-15,1.1108335546560917,58,1.108194153716509,MAP_SCADA,13,0.0026394009395827034
3,UPFC_tsh,5-15,-0.23746284602796666,58,-0.23388672030178118,MAP_SCADA,13,0.003576125726185486
4,UPFC_Vse,5-15,0.05689107134771026,58,0.061591978129866186,MAP_SCADA,13,0.004700906782155928
5,UPFC_tse,5-15,-2.122073449832775,58,-2.154578417998358,MAP_SCADA,13,0.032504968165583126
0,x_tcsc,1-14,-0.10523444359924194,59,-0.10881859715735988,MAP_SCADA,13,0.0035841535581179335
1,B_svc,2,0.1793597647528677,59,0.17701758795075362,MAP_SCADA,13,0.002342176802114071
2,UPFC_Vsh,5-15,1.1107857115531186,59,1.108194153716509,MAP_SCADA,13,0.0025915578366095815
3,UPFC_tsh,5-15,-0.23789177797441755,59,-0.23388672030178118,MAP_SCADA,13,0.00400505767263637
4,UPFC_Vse,5-15,0.05768282997508247,59,0.061591978129866186,MAP_SCADA,13,0.003909148154783715
5,UPFC_tse,5-15,-2.1181873406560845,59,-2.154578417998358,MAP_SCADA,13,0.03639107734227354
0,x_tcsc,1-14,-0.10945176150756852,60,-0.10881859715735988,MAP_SCADA,13,0.0006331643502086454
1,B_svc,2,0.16935793383633752,60,0.17701758795075362,MAP_SCADA,13,0.0076596541144161034
2,UPFC_Vsh,5-15,1.1139613169432452,60,1.108194153716509,MAP_SCADA,13,0.005767163226736205
3,UPFC_tsh,5-15,-0.23566920134996264,60,-0.23388672030178118,MAP_SCADA,13,0.0017824810481814612
4,UPFC_Vse,5-15,0.05720458411055312,60,0.061591978129866186,MAP_SCADA,13,0.004387394019313068
5,UPFC_tse,5-15,-2.1149588358461378,60,-2.154578417998358,MAP_SCADA,13,0.03961958215222028
0,x_tcsc,1-14,-0.10905522365335318,61,-0.10881859715735988,MAP_SCADA,13,0.00023662649599330565
1,B_svc,2,0.1703607647786208,61,0.17701758795075362,MAP_SCADA,13,0.006656823172132814
2,UPFC_Vsh,5-15,1.1130767083751107,61,1.108194153716509,MAP_SCADA,13,0.004882554658601768
3,UPFC_tsh,5-15,-0.23544033055215907,61,-0.23388672030178118,MAP_SCADA,13,0.001553610250377896
4,UPFC_Vse,5-15,0.057875494250938325,61,0.061591978129866186,MAP_SCADA,13,0.0037164838789278606
5,UPFC_tse,5-15,-2.1204281948282167,61,-2.154578417998358,MAP_SCADA,13,0.03415022317014138
0,x_tcsc,1-14,-0.10733114663304694,62,-0.10881859715735988,MAP_SCADA,13,0.0014874505243129416
1,B_svc,2,0.17367688990675537,62,0.17701758795075362,MAP_SCADA,13,0.0033406980439982525
2,UPFC_Vsh,5-15,1.1121862943112313,62,1.108194153716509,MAP_SCADA,13,0.003992140594722304
3,UPFC_tsh,5-15,-0.23622970029102125,62,-0.23388672030178118,MAP_SCADA,13,0.0023429799892400738
4,UPFC_Vse,5-15,0.057647980839804165,62,0.061591978129866186,MAP_SCADA,13,0.003943997290062021
5,UPFC_tse,5-15,-2.1197384212927988,62,-2.154578417998358,MAP_SCADA,13,0.03483999670555926
0,x_tcsc,1-14,-0.10940497005741741,63,-0.10881859715735988,MAP_SCADA,13,0.0005863729000575302
1,B_svc,2,0.1726336661398208,63,0.17701758795075362,MAP_SCADA,13,0.004383921810932806
2,UPFC_Vsh,5-15,1.1087398307270746,63,1.108194153716509,MAP_SCADA,13,0.0005456770105656261
3,UPFC_tsh,5-15,-0.2373871645118825,63,-0.23388672030178118,MAP_SCADA,13,0.0035004442101013167
4,UPFC_Vse,5-15,0.05776814794156133,63,0.061591978129866186,MAP_SCADA,13,0.003823830188304858
5,UPFC_tse,5-15,-2.121343863462053,63,-2.154578417998358,MAP_SCADA,13,0.03323455453630508
0,x_tcsc,1-14,-0.1046949546236351,64,-0.10881859715735988,MAP_SCADA,13,0.004123642533724783
1,B_svc,2,0.183445376860306,64,0.17701758795075362,MAP_SCADA,13,0.006427788909552368
2,UPFC_Vsh,5-15,1.1131989879091804,64,1.108194153716509,MAP_SCADA,13,0.005004834192671392
3,UPFC_tsh,5-15,-0.23781862115688623,64,-0.23388672030178118,MAP_SCADA,13,0.003931900855105058
4,UPFC_Vse,5-15,0.05759710799066543,64,0.061591978129866186,MAP_SCADA,13,0.003994870139200753
5,UPFC_tse,5-15,-2.1232312397924127,64,-2.154578417998358,MAP_SCADA,13,0.03134717820594535
0,x_tcsc,1-14,-0.10787113157761462,65,-0.10881859715735988,MAP_SCADA,13,0.0009474655797452602
1,B_svc,2,0.17266875712225543,65,0.17701758795075362,MAP_SCADA,13,0.004348830828498185
2,UPFC_Vsh,5-15,1.112803249263745,65,1.108194153716509,MAP_SCADA,13,0.004609095547235986
3,UPFC_tsh,5-15,-0.23576020759578165,65,-0.23388672030178118,MAP_SCADA,13,0.0018734872940004699
4,UPFC_Vse,5-15,0.05738668038712711,65,0.061591978129866186,MAP_SCADA,13,0.004205297742739075
5,UPFC_tse,5-15,-2.117628484366634,65,-2.154578417998358,MAP_SCADA,13,0.03694993363172383
0,x_tcsc,1-14,-0.10607910744277634,66,-0.10881859715735988,MAP_SCADA,13,0.002739489714583543
1,B_svc,2,0.1785011070050042,66,0.17701758795075362,MAP_SCADA,13,0.0014835190542505927
2,UPFC_Vsh,5-15,1.1122669093630733,66,1.108194153716509,MAP_SCADA,13,0.004072755646564286
3,UPFC_tsh,5-15,-0.2376299527673899,66,-0.23388672030178118,MAP_SCADA,13,0.0037432324656087312
4,UPFC_Vse,5-15,0.0580228728162041,66,0.061591978129866186,MAP_SCADA,13,0.0035691053136620854
5,UPFC_tse,5-15,-2.11588414783405,66,-2.154578417998358,MAP_SCADA,13,0.03869427016430782
0,x_tcsc,1-14,-0.10464633199777319,67,-0.10881859715735988,MAP_SCADA,13,0.0041722651595866855
1,B_svc,2,0.1819534129198583,67,0.17701758795075362,MAP_SCADA,13,0.004935824969104691
2,UPFC_Vsh,5-15,1.1109878453087363,67,1.108194153716509,MAP_SCADA,13,0.00279369159222731
3,UPFC_tsh,5-15,-0.23816703002760867,67,-0.23388672030178118,MAP_SCADA,13,0.004280309725827491
4,UPFC_Vse,5-15,0.0575155112696389,67,0.061591978129866186,MAP_SCADA,13,0.004076466860227286
5,UPFC_tse,5-15,-2.1243584023779603,67,-2.154578417998358,MAP_SCADA,13,0.030220015620397778
0,x_tcsc,1-14,-0.1048884806969986,68,-0.10881859715735988,MAP_SCADA,13,0.003930116460361274
1,B_svc,2,0.18233020135967012,68,0.17701758795075362,MAP_SCADA,13,0.005312613408916506
2,UPFC_Vsh,5-15,1.1126787375375116,68,1.108194153716509,MAP_SCADA,13,0.004484583821002586
3,UPFC_tsh,5-15,-0.23729777185293432,68,-0.23388672030178118,MAP_SCADA,13,0.003411051551153149
4,UPFC_Vse,5-15,0.057497301850630324,68,0.061591978129866186,MAP_SCADA,13,0.004094676279235862
5,UPFC_tse,5-15,-2.117353272936879,68,-2.154578417998358,MAP_SCADA,13,0.037225145061479115
0,x_tcsc,1-14,-0.10890222542618458,69,-0.10881859715735988,MAP_SCADA,13,8.362826882470087e-05
1,B_svc,2,0.16834420117020463,69,0.17701758795075362,MAP_SCADA,13,0.008673386780548992
2,UPFC_Vsh,5-15,1.1131104914482013,69,1.108194153716509,MAP_SCADA,13,0.004916337731692311
3,UPFC_tsh,5-15,-0.23620664066360444,69,-0.23388672030178118,MAP_SCADA,13,0.002319920361823269
4,UPFC_Vse,5-15,0.05712520081716381,69,0.061591978129866186,MAP_SCADA,13,0.004466777312702376
5,UPFC_tse,5-15,-2.116181775780159,69,-2.154578417998358,MAP_SCADA,13,0.03839664221819916
0,x_tcsc,1-14,-0.10783954312107445,70,-0.10881859715735988,MAP_SCADA,13,0.000979054036285426
1,B_svc,2,0.1738012616177895,70,0.17701758795075362,MAP_SCADA,13,0.00321632633296412
2,UPFC_Vsh,5-15,1.109946175601687,70,1.108194153716509,MAP_SCADA,13,0.00175202188517809
3,UPFC_tsh,5-15,-0.2370955958356482,70,-0.23388672030178118,MAP_SCADA,13,0.003208875533867034
4,UPFC_Vse,5-15,0.057627049096513644,70,0.061591978129866186,MAP_SCADA,13,0.003964929033352542
5,UPFC_tse,5-15,-2.1202167991094587,70,-2.154578417998358,MAP_SCADA,13,0.034361618888899326
0,x_tcsc,1-14,-0.10534847168056283,71,-0.10881859715735988,MAP_SCADA,13,0.0034701254767970507
1,B_svc,2,0.17955172099397773,71,0.17701758795075362,MAP_SCADA,13,0.0025341330432241127
2,UPFC_Vsh,5-15,1.1117192574047965,71,1.108194153716509,MAP_SCADA,13,0.003525103688287512
3,UPFC_tsh,5-15,-0.23820653589537907,71,-0.23388672030178118,MAP_SCADA,13,0.004319815593597898
4,UPFC_Vse,5-15,0.05754757811938391,71,0.061591978129866186,MAP_SCADA,13,0.004044400010482278
5,UPFC_tse,5-15,-2.121658366823909,71,-2.154578417998358,MAP_SCADA,13,0.03292005117444896
0,x_tcsc,1-14,-0.10742294616001442,72,-0.10881859715735988,MAP_SCADA,13,0.0013956509973454545
1,B_svc,2,0.17430469223433764,72,0.17701758795075362,MAP_SCADA,13,0.002712895716415975
2,UPFC_Vsh,5-15,1.1143541824961813,72,1.108194153716509,MAP_SCADA,13,0.006160028779672366
3,UPFC_tsh,5-15,-0.23620451737193204,72,-0.23388672030178118,MAP_SCADA,13,0.0023177970701508677
4,UPFC_Vse,5-15,0.0572197988624672,72,0.061591978129866186,MAP_SCADA,13,0.004372179267398989
5,UPFC_tse,5-15,-2.113452791129322,72,-2.154578417998358,MAP_SCADA,13,0.04112562686903587
0,x_tcsc,1-14,-0.10922969344645563,73,-0.10881859715735988,MAP_SCADA,13,0.000411096289095747
1,B_svc,2,0.16525146255622622,73,0.17701758795075362,MAP_SCADA,13,0.0117661253945274
2,UPFC_Vsh,5-15,1.1134568370282656,73,1.108194153716509,MAP_SCADA,13,0.005262683311756611
3,UPFC_tsh,5-15,-0.2356698992780358,73,-0.23388672030178118,MAP_SCADA,13,0.001783178976254629
4,UPFC_Vse,5-15,0.05714227536138494,73,0.061591978129866186,MAP_SCADA,13,0.004449702768481244
5,UPFC_tse,5-15,-2.119651091064688,73,-2.154578417998358,MAP_SCADA,13,0.034927326933670066
0,x_tcsc,1-14,-0.10431792148953327,74,-0.10881859715735988,MAP_SCADA,13,0.004500675667826609
1,B_svc,2,0.1811248064659187,74,0.17701758795075362,MAP_SCADA,13,0.004107218515165073
2,UPFC_Vsh,5-15,1.1099430822379803,74,1.108194153716509,MAP_SCADA,13,0.001748928521471349
3,UPFC_tsh,5-15,-0.23852746172805828,74,-0.23388672030178118,MAP_SCADA,13,0.004640741426277101
4,UPFC_Vse,5-15,0.05784374657307531,74,0.061591978129866186,MAP_SCADA,13,0.003748231556790875
5,UPFC_tse,5-15,-2.121425096913782,74,-2.154578417998358,MAP_SCADA,13,0.03315332108457625
0,x_tcsc,1-14,-0.103353053211812,75,-0.10881859715735988,MAP_SCADA,13,0.005465543945547879
1,B_svc,2,0.18807150083032478,75,0.17701758795075362,MAP_SCADA,13,0.011053912879571165
2,UPFC_Vsh,5-15,1.1111700606315367,75,1.108194153716509,MAP_SCADA,13,0.002975906915027693
3,UPFC_tsh,5-15,-0.2388301118941401,75,-0.23388672030178118,MAP_SCADA,13,0.004943391592358931
4,UPFC_Vse,5-15,0.057665588016663855,75,0.061591978129866186,MAP_SCADA,13,0.003926390113202331
5,UPFC_tse,5-15,-2.123561272171615,75,-2.154578417998358,MAP_SCADA,13,0.031017145826742976
0,x_tcsc,1-14,-0.10893838338128896,76,-0.10881859715735988,MAP_SCADA,13,0.00011978622392908034
1,B_svc,2,0.17015960069209635,76,0.17701758795075362,MAP_SCADA,13,0.006857987258657272
2,UPFC_Vsh,5-15,1.1136347042650967,76,1.108194153716509,MAP_SCADA,13,0.005440550548587719
3,UPFC_tsh,5-15,-0.2356088372004739,76,-0.23388672030178118,MAP_SCADA,13,0.001722116898692727
4,UPFC_Vse,5-15,0.05739174891156154,76,0.061591978129866186,MAP_SCADA,13,0.004200229218304645
5,UPFC_tse,5-15,-2.1131298745475315,76,-2.154578417998358,MAP_SCADA,13,0.04144854345082649
0,x_tcsc,1-14,-0.10677148640328579,77,-0.10881859715735988,MAP_SCADA,13,0.0020471107540740857
1,B_svc,2,0.17490146294845868,77,0.17701758795075362,MAP_SCADA,13,0.0021161250022949385
2,UPFC_Vsh,5-15,1.1099104962836785,77,1.108194153716509,MAP_SCADA,13,0.001716342567169571
3,UPFC_tsh,5-15,-0.2369514487516909,77,-0.23388672030178118,MAP_SCADA,13,0.003064728449909737
4,UPFC_Vse,5-15,0.05773714951810732,77,0.061591978129866186,MAP_SCADA,13,0.0038548286117588634
5,UPFC_tse,5-15,-2.1166647015932987,77,-2.154578417998358,MAP_SCADA,13,0.03791371640505936
0,x_tcsc,1-14,-0.10924023694539466,78,-0.10881859715735988,MAP_SCADA,13,0.00042163978803477775
1,B_svc,2,0.17022007529560623,78,0.17701758795075362,MAP_SCADA,13,0.006797512655147386
2,UPFC_Vsh,5-15,1.1133807467142431,78,1.108194153716509,MAP_SCADA,13,0.005186592997734163
3,UPFC_tsh,5-15,-0.23596645081338674,78,-0.23388672030178118,MAP_SCADA,13,0.0020797305116055653
4,UPFC_Vse,5-15,0.05711119384068331,78,0.061591978129866186,MAP_SCADA,13,0.004480784289182874
5,UPFC_tse,5-15,-2.118052252316137,78,-2.154578417998358,MAP_SCADA,13,0.03652616568222111
0,x_tcsc,1-14,-0.10743509187356443,79,-0.10881859715735988,MAP_SCADA,13,0.0013835052837954526
1,B_svc,2,0.17324594257769063,79,0.17701758795075362,MAP_SCADA,13,0.0037716453730629873
2,UPFC_Vsh,5-15,1.108719981361768,79,1.108194153716509,MAP_SCADA,13,0.0005258276452591026
3,UPFC_tsh,5-15,-0.23807533379593204,79,-0.23388672030178118,MAP_SCADA,13,0.004188613494150867
4,UPFC_Vse,5-15,0.05754558435882357,79,0.061591978129866186,MAP_SCADA,13,0.004046393771042614
5,UPFC_tse,5-15,-2.119357535515237,79,-2.154578417998358,MAP_SCADA,13,0.03522088248312105
0,x_tcsc,1-14,-0.107329286458181,80,-0.10881859715735988,MAP_SCADA,13,0.0014893106991788752
1,B_svc,2,0.17772680523582715,80,0.17701758795075362,MAP_SCADA,13,0.0007092172850735323
2,UPFC_Vsh,5-15,1.1115344080452432,80,1.108194153716509,MAP_SCADA,13,0.0033402543287341935
3,UPFC_tsh,5-15,-0.23749761612930478,80,-0.23388672030178118,MAP_SCADA,13,0.003610895827523608
4,UPFC_Vse,5-15,0.05787973421424841,80,0.061591978129866186,MAP_SCADA,13,0.003712243915617773
5,UPFC_tse,5-15,-2.11619148161768,80,-2.154578417998358,MAP_SCADA,13,0.038386936380677916
0,x_tcsc,1-14,-0.10845470603263258,81,-0.10881859715735988,MAP_SCADA,13,0.000363891124727303
1,B_svc,2,0.17185062316901872,81,0.17701758795075362,MAP_SCADA,13,0.005166964781734895
2,UPFC_Vsh,5-15,1.1136041315982959,81,1.108194153716509,MAP_SCADA,13,0.005409977881786876
3,UPFC_tsh,5-15,-0.2352518795033683,81,-0.23388672030178118,MAP_SCADA,13,0.0013651592015871128
4,UPFC_Vse,5-15,0.0565316838469432,81,0.061591978129866186,MAP_SCADA,13,0.0050602942829229836
5,UPFC_tse,5-15,-2.121089216774669,81,-2.154578417998358,MAP_SCADA,13,0.03348920122368915
0,x_tcsc,1-14,-0.10728363738035555,82,-0.10881859715735988,MAP_SCADA,13,0.0015349597770043244
1,B_svc,2,0.17660953080738076,82,0.17701758795075362,MAP_SCADA,13,0.0004080571433728586
2,UPFC_Vsh,5-15,1.1133363796913327,82,1.108194153716509,MAP_SCADA,13,0.005142225974823722
3,UPFC_tsh,5-15,-0.23557723587673135,82,-0.23388672030178118,MAP_SCADA,13,0.0016905155749501743
4,UPFC_Vse,5-15,0.057052670988737716,82,0.061591978129866186,MAP_SCADA,13,0.004539307141128469
5,UPFC_tse,5-15,-2.1125245344276045,82,-2.154578417998358,MAP_SCADA,13,0.04205388357075357
0,x_tcsc,1-14,-0.10704909661563972,83,-0.10881859715735988,MAP_SCADA,13,0.001769500541720162
1,B_svc,2,0.17439535340915538,83,0.17701758795075362,MAP_SCADA,13,0.0026222345415982395
2,UPFC_Vsh,5-15,1.1138189432401893,83,1.108194153716509,MAP_SCADA,13,0.005624789523680285
3,UPFC_tsh,5-15,-0.23591608576235498,83,-0.23388672030178118,MAP_SCADA,13,0.0020293654605738065
4,UPFC_Vse,5-15,0.05755680394915602,83,0.061591978129866186,MAP_SCADA,13,0.004035174180710165
5,UPFC_tse,5-15,-2.1157134403197753,83,-2.154578417998358,MAP_SCADA,13,0.03886497767858277
0,x_tcsc,1-14,-0.10676170257170853,84,-0.10881859715735988,MAP_SCADA,13,0.0020568945856513504
1,B_svc,2,0.17690582416355186,84,0.17701758795075362,MAP_SCADA,13,0.00011176378720176294
2,UPFC_Vsh,5-15,1.1119187557480708,84,1.108194153716509,MAP_SCADA,13,0.0037246020315617745
3,UPFC_tsh,5-15,-0.23693835217805137,84,-0.23388672030178118,MAP_SCADA,13,0.0030516318762701944
4,UPFC_Vse,5-15,0.05779647132148402,84,0.061591978129866186,MAP_SCADA,13,0.003795506808382164
5,UPFC_tse,5-15,-2.119832423144779,84,-2.154578417998358,MAP_SCADA,13,0.0347459948535791
0,x_tcsc,1-14,-0.10433107499372325,85,-0.10881859715735988,MAP_SCADA,13,0.004487522163636626
1,B_svc,2,0.18503884107302948,85,0.17701758795075362,MAP_SCADA,13,0.008021253122275862
2,UPFC_Vsh,5-15,1.1096490244908552,85,1.108194153716509,MAP_SCADA,13,0.0014548707743462508
3,UPFC_tsh,5-15,-0.23908337904595656,85,-0.23388672030178118,MAP_SCADA,13,0.005196658744175381
4,UPFC_Vse,5-15,0.057711255599064704,85,0.061591978129866186,MAP_SCADA,13,0.0038807225308014823
5,UPFC_tse,5-15,-2.121862773911793,85,-2.154578417998358,MAP_SCADA,13,0.03271564408656502
0,x_tcsc,1-14,-0.10627085253489142,86,-0.10881859715735988,MAP_SCADA,13,0.0025477446224684563
1,B_svc,2,0.177950381895317,86,0.17701758795075362,MAP_SCADA,13,0.000932793944563387
2,UPFC_Vsh,5-15,1.1115180763241355,86,1.108194153716509,MAP_SCADA,13,0.003323922607626484
3,UPFC_tsh,5-15,-0.23679857101651225,86,-0.23388672030178118,MAP_SCADA,13,0.0029118507147310735
4,UPFC_Vse,5-15,0.057956856977195124,86,0.061591978129866186,MAP_SCADA,13,0.0036351211526710614
5,UPFC_tse,5-15,-2.1201205352270294,86,-2.154578417998358,MAP_SCADA,13,0.03445788277132866
0,x_tcsc,1-14,-0.10651687940064776,87,-0.10881859715735988,MAP_SCADA,13,0.0023017177567121183
1,B_svc,2,0.18254309035161495,87,0.17701758795075362,MAP_SCADA,13,0.005525502400861332
2,UPFC_Vsh,5-15,1.1098899213950526,87,1.108194153716509,MAP_SCADA,13,0.0016957676785436249
3,UPFC_tsh,5-15,-0.23761277738038303,87,-0.23388672030178118,MAP_SCADA,13,0.003726057078601852
4,UPFC_Vse,5-15,0.0574593173937414,87,0.061591978129866186,MAP_SCADA,13,0.0041326607361247825
5,UPFC_tse,5-15,-2.121138093764339,87,-2.154578417998358,MAP_SCADA,13,0.03344032423401888
0,x_tcsc,1-14,-0.1056307771781821,88,-0.10881859715735988,MAP_SCADA,13,0.003187819979177775
1,B_svc,2,0.1824884266434068,88,0.17701758795075362,MAP_SCADA,13,0.0054708386926531904
2,UPFC_Vsh,5-15,1.1101963057729272,88,1.108194153716509,MAP_SCADA,13,0.0020021520564181827
3,UPFC_tsh,5-15,-0.23763002628571525,88,-0.23388672030178118,MAP_SCADA,13,0.0037433059839340754
4,UPFC_Vse,5-15,0.05706675078108499,88,0.061591978129866186,MAP_SCADA,13,0.004525227348781198
5,UPFC_tse,5-15,-2.1196074179549385,88,-2.154578417998358,MAP_SCADA,13,0.034971000043419576
0,x_tcsc,1-14,-0.1068650757269267,89,-0.10881859715735988,MAP_SCADA,13,0.001953521430433175
1,B_svc,2,0.17718067164134646,89,0.17701758795075362,MAP_SCADA,13,0.00016308369059284122
2,UPFC_Vsh,5-15,1.1127660092473064,89,1.108194153716509,MAP_SCADA,13,0.00457185553079742
3,UPFC_tsh,5-15,-0.2373073844773539,89,-0.23388672030178118,MAP_SCADA,13,0.003420664175572713
4,UPFC_Vse,5-15,0.05689366350326791,89,0.061591978129866186,MAP_SCADA,13,0.004698314626598275
5,UPFC_tse,5-15,-2.117896080173778,89,-2.154578417998358,MAP_SCADA,13,0.03668233782458019
0,x_tcsc,1-14,-0.10699046471291579,90,-0.10881859715735988,MAP_SCADA,13,0.0018281324444440888
1,B_svc,2,0.17719256344522044,90,0.17701758795075362,MAP_SCADA,13,0.00017497549446682248
2,UPFC_Vsh,5-15,1.109052539356643,90,1.108194153716509,MAP_SCADA,13,0.0008583856401340739
3,UPFC_tsh,5-15,-0.23785065622494828,90,-0.23388672030178118,MAP_SCADA,13,0.0039639359231671
4,UPFC_Vse,5-15,0.05830466828765745,90,0.061591978129866186,MAP_SCADA,13,0.0032873098422087355
5,UPFC_tse,5-15,-2.120107730975188,90,-2.154578417998358,MAP_SCADA,13,0.03447068702317013
0,x_tcsc,1-14,-0.10506074381709783,91,-0.10881859715735988,MAP_SCADA,13,0.003757853340262046
1,B_svc,2,0.18563134723275895,91,0.17701758795075362,MAP_SCADA,13,0.008613759282005334
2,UPFC_Vsh,5-15,1.107344280444785,91,1.108194153716509,MAP_SCADA,13,0.0008498732717239221
3,UPFC_tsh,5-15,-0.24009200989541232,91,-0.23388672030178118,MAP_SCADA,13,0.006205289593631147
4,UPFC_Vse,5-15,0.05745016323994678,91,0.061591978129866186,MAP_SCADA,13,0.004141814889919403
5,UPFC_tse,5-15,-2.129716491830026,91,-2.154578417998358,MAP_SCADA,13,0.024861926168331827
0,x_tcsc,1-14,-0.10843316130367997,92,-0.10881859715735988,MAP_SCADA,13,0.00038543585367990796
1,B_svc,2,0.171724517507776,92,0.17701758795075362,MAP_SCADA,13,0.00529307044297761
2,UPFC_Vsh,5-15,1.1124955617280345,92,1.108194153716509,MAP_SCADA,13,0.004301408011525565
3,UPFC_tsh,5-15,-0.23592061914407508,92,-0.23388672030178118,MAP_SCADA,13,0.0020338988422939075
4,UPFC_Vse,5-15,0.05764937454389893,92,0.061591978129866186,MAP_SCADA,13,0.003942603585967257
5,UPFC_tse,5-15,-2.115887173504994,92,-2.154578417998358,MAP_SCADA,13,0.03869124449336425
0,x_tcsc,1-14,-0.10527819592613752,93,-0.10881859715735988,MAP_SCADA,13,0.0035404012312223593
1,B_svc,2,0.18394801974922592,93,0.17701758795075362,MAP_SCADA,13,0.006930431798472303
2,UPFC_Vsh,5-15,1.1121927994121752,93,1.108194153716509,MAP_SCADA,13,0.003998645695666214
3,UPFC_tsh,5-15,-0.23767845269493082,93,-0.23388672030178118,MAP_SCADA,13,0.003791732393149644
4,UPFC_Vse,5-15,0.05811935876557973,93,0.061591978129866186,MAP_SCADA,13,0.0034726193642864583
5,UPFC_tse,5-15,-2.1160067421541595,93,-2.154578417998358,MAP_SCADA,13,0.038571675844198516
0,x_tcsc,1-14,-0.10848267666552323,94,-0.10881859715735988,MAP_SCADA,13,0.0003359204918366443
1,B_svc,2,0.17129404864009537,94,0.17701758795075362,MAP_SCADA,13,0.005723539310658249
2,UPFC_Vsh,5-15,1.1113930301542858,94,1.108194153716509,MAP_SCADA,13,0.003198876437776832
3,UPFC_tsh,5-15,-0.2362084475764398,94,-0.23388672030178118,MAP_SCADA,13,0.002321727274658625
4,UPFC_Vse,5-15,0.057179680241642564,94,0.061591978129866186,MAP_SCADA,13,0.004412297888223622
5,UPFC_tse,5-15,-2.117519973685605,94,-2.154578417998358,MAP_SCADA,13,0.03705844431275285
0,x_tcsc,1-14,-0.10609612643226632,95,-0.10881859715735988,MAP_SCADA,13,0.0027224707250935593
1,B_svc,2,0.18034927342603962,95,0.17701758795075362,MAP_SCADA,13,0.003331685475286006
2,UPFC_Vsh,5-15,1.1081572271684876,95,1.108194153716509,MAP_SCADA,13,3.692654802134321e-05
3,UPFC_tsh,5-15,-0.23896856849243206,95,-0.23388672030178118,MAP_SCADA,13,0.005081848190650884
4,UPFC_Vse,5-15,0.05827706701732483,95,0.061591978129866186,MAP_SCADA,13,0.003314911112541355
5,UPFC_tse,5-15,-2.1231450659637763,95,-2.154578417998358,MAP_SCADA,13,0.03143335203458175
0,x_tcsc,1-14,-0.11072494674634924,96,-0.10881859715735988,MAP_SCADA,13,0.001906349588989359
1,B_svc,2,0.16382259331556495,96,0.17701758795075362,MAP_SCADA,13,0.013194994635188667
2,UPFC_Vsh,5-15,1.1131482719824068,96,1.108194153716509,MAP_SCADA,13,0.004954118265897867
3,UPFC_tsh,5-15,-0.23519080502005715,96,-0.23388672030178118,MAP_SCADA,13,0.0013040847182759774
4,UPFC_Vse,5-15,0.057372158170830606,96,0.061591978129866186,MAP_SCADA,13,0.00421981995903558
5,UPFC_tse,5-15,-2.1161767640182254,96,-2.154578417998358,MAP_SCADA,13,0.03840165398013262
0,x_tcsc,1-14,-0.10717201549915735,97,-0.10881859715735988,MAP_SCADA,13,0.0016465816582025283
1,B_svc,2,0.17993119020529763,97,0.17701758795075362,MAP_SCADA,13,0.002913602254544012
2,UPFC_Vsh,5-15,1.1113859768397536,97,1.108194153716509,MAP_SCADA,13,0.0031918231232446193
3,UPFC_tsh,5-15,-0.23733175664322106,97,-0.23388672030178118,MAP_SCADA,13,0.003445036341439889
4,UPFC_Vse,5-15,0.05756112498967703,97,0.061591978129866186,MAP_SCADA,13,0.004030853140189153
5,UPFC_tse,5-15,-2.1183860517395594,97,-2.154578417998358,MAP_SCADA,13,0.036192366258798625
0,x_tcsc,1-14,-0.10794320493711781,98,-0.10881859715735988,MAP_SCADA,13,0.0008753922202420633
1,B_svc,2,0.17594575429682419,98,0.17701758795075362,MAP_SCADA,13,0.0010718336539294326
2,UPFC_Vsh,5-15,1.1139945785284209,98,1.108194153716509,MAP_SCADA,13,0.005800424811911897
3,UPFC_tsh,5-15,-0.23616473699877685,98,-0.23388672030178118,MAP_SCADA,13,0.002278016696995677
4,UPFC_Vse,5-15,0.057481413833521275,98,0.061591978129866186,MAP_SCADA,13,0.004110564296344911
5,UPFC_tse,5-15,-2.1167090690392265,98,-2.154578417998358,MAP_SCADA,13,0.03786934895913152
0,x_tcsc,1-14,-0.10549981687781415,99,-0.10881859715735988,MAP_SCADA,13,0.003318780279545727
1,B_svc,2,0.18435980766770546,99,0.17701758795075362,MAP_SCADA,13,0.007342219716951842
2,UPFC_Vsh,5-15,1.110605632781286,99,1.108194153716509,MAP_SCADA,13,0.0024114790647771223
3,UPFC_tsh,5-15,-0.23879532010179283,99,-0.23388672030178118,MAP_SCADA,13,0.004908599800011654
4,UPFC_Vse,5-15,0.0585592895290129,99,0.061591978129866186,MAP_SCADA,13,0.0030326886008532825
5,UPFC_tse,5-15,-2.120240844202484,99,-2.154578417998358,MAP_SCADA,13,0.03433757379587421
0,x_tcsc,1-14,-0.10671143253086024,0,-0.10959305204605325,MAP_SCADA,15,0.002881619515193015
1,B_svc,2,0.17853734538277877,0,0.1782051506477067,MAP_SCADA,15,0.00033219473507206665
2,UPFC_Vsh,5-15,1.1109207789140585,0,1.1079753959808807,MAP_SCADA,15,0.002945382933177809
3,UPFC_tsh,5-15,-0.23731745143979585,0,-0.23357131560074731,MAP_SCADA,15,0.0037461358390485366
4,UPFC_Vse,5-15,0.05763375636709128,0,0.0609313646449456,MAP_SCADA,15,0.0032976082778543164
5,UPFC_tse,5-15,-2.121116529035107,0,-2.153802308666399,MAP_SCADA,15,0.03268577963129182
0,x_tcsc,1-14,-0.10884679222871829,1,-0.10959305204605325,MAP_SCADA,15,0.0007462598173349627
1,B_svc,2,0.17210654984970408,1,0.1782051506477067,MAP_SCADA,15,0.006098600798002618
2,UPFC_Vsh,5-15,1.1125691339351063,1,1.1079753959808807,MAP_SCADA,15,0.004593737954225574
3,UPFC_tsh,5-15,-0.23614062783557177,1,-0.23357131560074731,MAP_SCADA,15,0.0025693122348244557
4,UPFC_Vse,5-15,0.05726992650712081,1,0.0609313646449456,MAP_SCADA,15,0.0036614381378247893
5,UPFC_tse,5-15,-2.114605669181904,1,-2.153802308666399,MAP_SCADA,15,0.0391966394844947
0,x_tcsc,1-14,-0.106438597648498,2,-0.10959305204605325,MAP_SCADA,15,0.0031544543975552536
1,B_svc,2,0.17900573324605812,2,0.1782051506477067,MAP_SCADA,15,0.0008005825983514181
2,UPFC_Vsh,5-15,1.110557377207309,2,1.1079753959808807,MAP_SCADA,15,0.002581981226428276
3,UPFC_tsh,5-15,-0.23791607483260863,2,-0.23357131560074731,MAP_SCADA,15,0.0043447592318613115
4,UPFC_Vse,5-15,0.05782458523939781,2,0.0609313646449456,MAP_SCADA,15,0.003106779405547787
5,UPFC_tse,5-15,-2.121047690115321,2,-2.153802308666399,MAP_SCADA,15,0.032754618551078085
0,x_tcsc,1-14,-0.1082485724483868,3,-0.10959305204605325,MAP_SCADA,15,0.0013444795976664536
1,B_svc,2,0.17084799387894223,3,0.1782051506477067,MAP_SCADA,15,0.007357156768764472
2,UPFC_Vsh,5-15,1.1133073606530108,3,1.1079753959808807,MAP_SCADA,15,0.005331964672130152
3,UPFC_tsh,5-15,-0.2352148361230751,3,-0.23357131560074731,MAP_SCADA,15,0.0016435205223277738
4,UPFC_Vse,5-15,0.05744203276710792,3,0.0609313646449456,MAP_SCADA,15,0.003489331877837676
5,UPFC_tse,5-15,-2.1187469994643453,3,-2.153802308666399,MAP_SCADA,15,0.035055309202053575
0,x_tcsc,1-14,-0.10589216153963375,4,-0.10959305204605325,MAP_SCADA,15,0.003700890506419502
1,B_svc,2,0.18057721027425636,4,0.1782051506477067,MAP_SCADA,15,0.002372059626549655
2,UPFC_Vsh,5-15,1.1090639373079867,4,1.1079753959808807,MAP_SCADA,15,0.0010885413271060074
3,UPFC_tsh,5-15,-0.23901694259159015,4,-0.23357131560074731,MAP_SCADA,15,0.005445626990842833
4,UPFC_Vse,5-15,0.057420897493637865,4,0.0609313646449456,MAP_SCADA,15,0.0035104671513077335
5,UPFC_tse,5-15,-2.1217880216245173,4,-2.153802308666399,MAP_SCADA,15,0.032014287041881584
0,x_tcsc,1-14,-0.10962718592320896,5,-0.10959305204605325,MAP_SCADA,15,3.413387715570093e-05
1,B_svc,2,0.16734710763118957,5,0.1782051506477067,MAP_SCADA,15,0.010858043016517133
2,UPFC_Vsh,5-15,1.113238663056068,5,1.1079753959808807,MAP_SCADA,15,0.005263267075187317
3,UPFC_tsh,5-15,-0.2353712142411416,5,-0.23357131560074731,MAP_SCADA,15,0.0017998986403942874
4,UPFC_Vse,5-15,0.05765870072751411,5,0.0609313646449456,MAP_SCADA,15,0.003272663917431487
5,UPFC_tse,5-15,-2.116604966915444,5,-2.153802308666399,MAP_SCADA,15,0.037197341750955015
0,x_tcsc,1-14,-0.1072394089863974,6,-0.10959305204605325,MAP_SCADA,15,0.002353643059655852
1,B_svc,2,0.17505832381110656,6,0.1782051506477067,MAP_SCADA,15,0.0031468268366001417
2,UPFC_Vsh,5-15,1.1134733590139796,6,1.1079753959808807,MAP_SCADA,15,0.005497963033098907
3,UPFC_tsh,5-15,-0.23630289751870623,6,-0.23357131560074731,MAP_SCADA,15,0.002731581917958914
4,UPFC_Vse,5-15,0.057209379708297675,6,0.0609313646449456,MAP_SCADA,15,0.0037219849366479235
5,UPFC_tse,5-15,-2.118697070191822,6,-2.153802308666399,MAP_SCADA,15,0.035105238474576694
0,x_tcsc,1-14,-0.106904312225471,7,-0.10959305204605325,MAP_SCADA,15,0.0026887398205822505
1,B_svc,2,0.17859066157689701,7,0.1782051506477067,MAP_SCADA,15,0.0003855109291903136
2,UPFC_Vsh,5-15,1.1115241542852348,7,1.1079753959808807,MAP_SCADA,15,0.0035487583043540827
3,UPFC_tsh,5-15,-0.23696277691500586,7,-0.23357131560074731,MAP_SCADA,15,0.003391461314258548
4,UPFC_Vse,5-15,0.05719135020998187,7,0.0609313646449456,MAP_SCADA,15,0.0037400144349637315
5,UPFC_tse,5-15,-2.120352712191659,7,-2.153802308666399,MAP_SCADA,15,0.033449596474739884
0,x_tcsc,1-14,-0.10584256465175358,8,-0.10959305204605325,MAP_SCADA,15,0.003750487394299673
1,B_svc,2,0.17957565213745705,8,0.1782051506477067,MAP_SCADA,15,0.0013705014897503476
2,UPFC_Vsh,5-15,1.1114213514564535,8,1.1079753959808807,MAP_SCADA,15,0.003445955475572804
3,UPFC_tsh,5-15,-0.23804470709609643,8,-0.23357131560074731,MAP_SCADA,15,0.004473391495349116
4,UPFC_Vse,5-15,0.05767086577863096,8,0.0609313646449456,MAP_SCADA,15,0.0032604988663146386
5,UPFC_tse,5-15,-2.1195907835996595,8,-2.153802308666399,MAP_SCADA,15,0.03421152506673941
0,x_tcsc,1-14,-0.10784650785057542,9,-0.10959305204605325,MAP_SCADA,15,0.001746544195477831
1,B_svc,2,0.17403306430088125,9,0.1782051506477067,MAP_SCADA,15,0.004172086346825449
2,UPFC_Vsh,5-15,1.1136591443971575,9,1.1079753959808807,MAP_SCADA,15,0.005683748416276835
3,UPFC_tsh,5-15,-0.23540412352425605,9,-0.23357131560074731,MAP_SCADA,15,0.0018328079235087336
4,UPFC_Vse,5-15,0.05764721708836011,9,0.0609313646449456,MAP_SCADA,15,0.003284147556585487
5,UPFC_tse,5-15,-2.1166377891830908,9,-2.153802308666399,MAP_SCADA,15,0.03716451948330812
0,x_tcsc,1-14,-0.10843919964143052,10,-0.10959305204605325,MAP_SCADA,15,0.001153852404622735
1,B_svc,2,0.1733415956284689,10,0.1782051506477067,MAP_SCADA,15,0.004863555019237797
2,UPFC_Vsh,5-15,1.1120251269562094,10,1.1079753959808807,MAP_SCADA,15,0.00404973097532868
3,UPFC_tsh,5-15,-0.23596809646704503,10,-0.23357131560074731,MAP_SCADA,15,0.0023967808662977153
4,UPFC_Vse,5-15,0.0564854939523338,10,0.0609313646449456,MAP_SCADA,15,0.004445870692611799
5,UPFC_tse,5-15,-2.1208915776861685,10,-2.153802308666399,MAP_SCADA,15,0.03291073098023034
0,x_tcsc,1-14,-0.10717114851830077,11,-0.10959305204605325,MAP_SCADA,15,0.0024219035277524836
1,B_svc,2,0.17747026057926507,11,0.1782051506477067,MAP_SCADA,15,0.0007348900684416293
2,UPFC_Vsh,5-15,1.1124363488801543,11,1.1079753959808807,MAP_SCADA,15,0.004460952899273618
3,UPFC_tsh,5-15,-0.23632852993489933,11,-0.23357131560074731,MAP_SCADA,15,0.0027572143341520194
4,UPFC_Vse,5-15,0.05659742194993677,11,0.0609313646449456,MAP_SCADA,15,0.004333942695008829
5,UPFC_tse,5-15,-2.1197408115722536,11,-2.153802308666399,MAP_SCADA,15,0.0340614970941453
0,x_tcsc,1-14,-0.10802946345880032,12,-0.10959305204605325,MAP_SCADA,15,0.0015635885872529315
1,B_svc,2,0.17281276942429238,12,0.1782051506477067,MAP_SCADA,15,0.0053923812234143165
2,UPFC_Vsh,5-15,1.1130757120421997,12,1.1079753959808807,MAP_SCADA,15,0.005100316061318999
3,UPFC_tsh,5-15,-0.23632368050223404,12,-0.23357131560074731,MAP_SCADA,15,0.0027523649014867257
4,UPFC_Vse,5-15,0.057571961367978236,12,0.0609313646449456,MAP_SCADA,15,0.0033594032769673626
5,UPFC_tse,5-15,-2.1157178822797733,12,-2.153802308666399,MAP_SCADA,15,0.03808442638662557
0,x_tcsc,1-14,-0.10570316958983077,13,-0.10959305204605325,MAP_SCADA,15,0.0038898824562224876
1,B_svc,2,0.18249973312876458,13,0.1782051506477067,MAP_SCADA,15,0.004294582481057879
2,UPFC_Vsh,5-15,1.1131296050156416,13,1.1079753959808807,MAP_SCADA,15,0.005154209034760937
3,UPFC_tsh,5-15,-0.23783442634788132,13,-0.23357131560074731,MAP_SCADA,15,0.004263110747134008
4,UPFC_Vse,5-15,0.056484936983598154,13,0.0609313646449456,MAP_SCADA,15,0.004446427661347445
5,UPFC_tse,5-15,-2.115261398749947,13,-2.153802308666399,MAP_SCADA,15,0.03854090991645176
0,x_tcsc,1-14,-0.10694923876760283,14,-0.10959305204605325,MAP_SCADA,15,0.0026438132784504242
1,B_svc,2,0.1769041692493913,14,0.1782051506477067,MAP_SCADA,15,0.0013009813983153873
2,UPFC_Vsh,5-15,1.1121526642391235,14,1.1079753959808807,MAP_SCADA,15,0.004177268258242828
3,UPFC_tsh,5-15,-0.2370323619370798,14,-0.23357131560074731,MAP_SCADA,15,0.003461046336332485
4,UPFC_Vse,5-15,0.057139654468352036,14,0.0609313646449456,MAP_SCADA,15,0.003791710176593563
5,UPFC_tse,5-15,-2.1194773532602125,14,-2.153802308666399,MAP_SCADA,15,0.03432495540618641
0,x_tcsc,1-14,-0.10869855072993599,15,-0.10959305204605325,MAP_SCADA,15,0.0008945013161172632
1,B_svc,2,0.1722439116589828,15,0.1782051506477067,MAP_SCADA,15,0.005961238988723888
2,UPFC_Vsh,5-15,1.1123269308828758,15,1.1079753959808807,MAP_SCADA,15,0.0043515349019951355
3,UPFC_tsh,5-15,-0.23591736677432862,15,-0.23357131560074731,MAP_SCADA,15,0.002346051173581304
4,UPFC_Vse,5-15,0.05746552861625833,15,0.0609313646449456,MAP_SCADA,15,0.0034658360286872678
5,UPFC_tse,5-15,-2.114336762711501,15,-2.153802308666399,MAP_SCADA,15,0.03946554595489804
0,x_tcsc,1-14,-0.10723509198330802,16,-0.10959305204605325,MAP_SCADA,15,0.002357960062745232
1,B_svc,2,0.17398967179522495,16,0.1782051506477067,MAP_SCADA,15,0.004215478852481747
2,UPFC_Vsh,5-15,1.1110458587351355,16,1.1079753959808807,MAP_SCADA,15,0.0030704627542548213
3,UPFC_tsh,5-15,-0.23700163214610448,16,-0.23357131560074731,MAP_SCADA,15,0.003430316545357165
4,UPFC_Vse,5-15,0.05741412427159274,16,0.0609313646449456,MAP_SCADA,15,0.0035172403733528604
5,UPFC_tse,5-15,-2.115454248723215,16,-2.153802308666399,MAP_SCADA,15,0.0383480599431838
0,x_tcsc,1-14,-0.11066622826773613,17,-0.10959305204605325,MAP_SCADA,15,0.0010731762216828755
1,B_svc,2,0.17213545326446683,17,0.1782051506477067,MAP_SCADA,15,0.006069697383239869
2,UPFC_Vsh,5-15,1.1101691119931705,17,1.1079753959808807,MAP_SCADA,15,0.0021937160122897925
3,UPFC_tsh,5-15,-0.23638238289548702,17,-0.23357131560074731,MAP_SCADA,15,0.0028110672947397053
4,UPFC_Vse,5-15,0.05704571524866088,17,0.0609313646449456,MAP_SCADA,15,0.0038856493962847183
5,UPFC_tse,5-15,-2.1255108704267474,17,-2.153802308666399,MAP_SCADA,15,0.028291438239651523
0,x_tcsc,1-14,-0.10647726198792858,18,-0.10959305204605325,MAP_SCADA,15,0.003115790058124679
1,B_svc,2,0.17890991783106908,18,0.1782051506477067,MAP_SCADA,15,0.0007047671833623759
2,UPFC_Vsh,5-15,1.1113916813722353,18,1.1079753959808807,MAP_SCADA,15,0.0034162853913546343
3,UPFC_tsh,5-15,-0.23750430204608403,18,-0.23357131560074731,MAP_SCADA,15,0.003932986445336711
4,UPFC_Vse,5-15,0.0579754917237041,18,0.0609313646449456,MAP_SCADA,15,0.002955872921241498
5,UPFC_tse,5-15,-2.1210878076752175,18,-2.153802308666399,MAP_SCADA,15,0.03271450099118134
0,x_tcsc,1-14,-0.10880064867843024,19,-0.10959305204605325,MAP_SCADA,15,0.0007924033676230124
1,B_svc,2,0.17236500079037237,19,0.1782051506477067,MAP_SCADA,15,0.005840149857334331
2,UPFC_Vsh,5-15,1.112334763295601,19,1.1079753959808807,MAP_SCADA,15,0.004359367314720419
3,UPFC_tsh,5-15,-0.23575835468156742,19,-0.23357131560074731,MAP_SCADA,15,0.0021870390808201023
4,UPFC_Vse,5-15,0.057420643843725014,19,0.0609313646449456,MAP_SCADA,15,0.003510720801220585
5,UPFC_tse,5-15,-2.1197007787621494,19,-2.153802308666399,MAP_SCADA,15,0.03410152990424953
0,x_tcsc,1-14,-0.10681796471203604,20,-0.10959305204605325,MAP_SCADA,15,0.002775087334017212
1,B_svc,2,0.17723798368864258,20,0.1782051506477067,MAP_SCADA,15,0.0009671669590641252
2,UPFC_Vsh,5-15,1.110328466941185,20,1.1079753959808807,MAP_SCADA,15,0.0023530709603043487
3,UPFC_tsh,5-15,-0.2373060069040069,20,-0.23357131560074731,MAP_SCADA,15,0.0037346913032595963
4,UPFC_Vse,5-15,0.05749209778155573,20,0.0609313646449456,MAP_SCADA,15,0.00343926686338987
5,UPFC_tse,5-15,-2.121057456966522,20,-2.153802308666399,MAP_SCADA,15,0.03274485169987695
0,x_tcsc,1-14,-0.10640127987977131,21,-0.10959305204605325,MAP_SCADA,15,0.003191772166281942
1,B_svc,2,0.17706400553147694,21,0.1782051506477067,MAP_SCADA,15,0.0011411451162297581
2,UPFC_Vsh,5-15,1.1123414247957542,21,1.1079753959808807,MAP_SCADA,15,0.004366028814873468
3,UPFC_tsh,5-15,-0.23706487343632154,21,-0.23357131560074731,MAP_SCADA,15,0.003493557835574229
4,UPFC_Vse,5-15,0.05804808066265128,21,0.0609313646449456,MAP_SCADA,15,0.0028832839822943157
5,UPFC_tse,5-15,-2.1199889860303824,21,-2.153802308666399,MAP_SCADA,15,0.03381332263601644
0,x_tcsc,1-14,-0.1076874287003709,22,-0.10959305204605325,MAP_SCADA,15,0.001905623345682353
1,B_svc,2,0.17814371796425674,22,0.1782051506477067,MAP_SCADA,15,6.143268344996344e-05
2,UPFC_Vsh,5-15,1.1100397041732075,22,1.1079753959808807,MAP_SCADA,15,0.002064308192326836
3,UPFC_tsh,5-15,-0.2373992929814906,22,-0.23357131560074731,MAP_SCADA,15,0.0038279773807432804
4,UPFC_Vse,5-15,0.05746102628000953,22,0.0609313646449456,MAP_SCADA,15,0.003470338364936071
5,UPFC_tse,5-15,-2.1138228571779285,22,-2.153802308666399,MAP_SCADA,15,0.039979451488470374
0,x_tcsc,1-14,-0.11114173205442038,23,-0.10959305204605325,MAP_SCADA,15,0.0015486800083671232
1,B_svc,2,0.16571810927908867,23,0.1782051506477067,MAP_SCADA,15,0.01248704136861803
2,UPFC_Vsh,5-15,1.1102913160967147,23,1.1079753959808807,MAP_SCADA,15,0.002315920115834036
3,UPFC_tsh,5-15,-0.23612314344192717,23,-0.23357131560074731,MAP_SCADA,15,0.0025518278411798545
4,UPFC_Vse,5-15,0.057828980132338344,23,0.0609313646449456,MAP_SCADA,15,0.003102384512607255
5,UPFC_tse,5-15,-2.11634907225094,23,-2.153802308666399,MAP_SCADA,15,0.037453236415458946
0,x_tcsc,1-14,-0.10707298918273737,24,-0.10959305204605325,MAP_SCADA,15,0.0025200628633158806
1,B_svc,2,0.1750844181767696,24,0.1782051506477067,MAP_SCADA,15,0.00312073247093711
2,UPFC_Vsh,5-15,1.1103383294545885,24,1.1079753959808807,MAP_SCADA,15,0.0023629334737078622
3,UPFC_tsh,5-15,-0.2373858961720593,24,-0.23357131560074731,MAP_SCADA,15,0.003814580571311982
4,UPFC_Vse,5-15,0.05783441093683506,24,0.0609313646449456,MAP_SCADA,15,0.003096953708110542
5,UPFC_tse,5-15,-2.1211963531878606,24,-2.153802308666399,MAP_SCADA,15,0.032605955478538284
0,x_tcsc,1-14,-0.10411209146765889,25,-0.10959305204605325,MAP_SCADA,15,0.005480960578394367
1,B_svc,2,0.18207388013521508,25,0.1782051506477067,MAP_SCADA,15,0.003868729487508382
2,UPFC_Vsh,5-15,1.1099508617603815,25,1.1079753959808807,MAP_SCADA,15,0.001975465779500807
3,UPFC_tsh,5-15,-0.23921976991336424,25,-0.23357131560074731,MAP_SCADA,15,0.0056484543126169295
4,UPFC_Vse,5-15,0.057215626624696495,25,0.0609313646449456,MAP_SCADA,15,0.003715738020249104
5,UPFC_tse,5-15,-2.1180417750198264,25,-2.153802308666399,MAP_SCADA,15,0.0357605336465725
0,x_tcsc,1-14,-0.1078001605743693,26,-0.10959305204605325,MAP_SCADA,15,0.0017928914716839606
1,B_svc,2,0.17458128190019787,26,0.1782051506477067,MAP_SCADA,15,0.003623868747508835
2,UPFC_Vsh,5-15,1.113580620074413,26,1.1079753959808807,MAP_SCADA,15,0.005605224093532257
3,UPFC_tsh,5-15,-0.23556159092886747,26,-0.23357131560074731,MAP_SCADA,15,0.0019902753281201557
4,UPFC_Vse,5-15,0.05738429904808282,26,0.0609313646449456,MAP_SCADA,15,0.0035470655968627765
5,UPFC_tse,5-15,-2.116182058227431,26,-2.153802308666399,MAP_SCADA,15,0.03762025043896777
0,x_tcsc,1-14,-0.10825092537265413,27,-0.10959305204605325,MAP_SCADA,15,0.0013421266733991272
1,B_svc,2,0.17430631258970788,27,0.1782051506477067,MAP_SCADA,15,0.0038988380579988158
2,UPFC_Vsh,5-15,1.1114662475697654,27,1.1079753959808807,MAP_SCADA,15,0.003490851588884736
3,UPFC_tsh,5-15,-0.23746584465815873,27,-0.23357131560074731,MAP_SCADA,15,0.0038945290574114166
4,UPFC_Vse,5-15,0.05788690302737337,27,0.0609313646449456,MAP_SCADA,15,0.0030444616175722278
5,UPFC_tse,5-15,-2.118504077446963,27,-2.153802308666399,MAP_SCADA,15,0.035298231219436094
0,x_tcsc,1-14,-0.1062730187523376,28,-0.10959305204605325,MAP_SCADA,15,0.003320033293715649
1,B_svc,2,0.18103079162220884,28,0.1782051506477067,MAP_SCADA,15,0.002825640974502136
2,UPFC_Vsh,5-15,1.1087301109081895,28,1.1079753959808807,MAP_SCADA,15,0.0007547149273088305
3,UPFC_tsh,5-15,-0.2389396275716271,28,-0.23357131560074731,MAP_SCADA,15,0.00536831197087978
4,UPFC_Vse,5-15,0.05792850816793582,28,0.0609313646449456,MAP_SCADA,15,0.003002856477009777
5,UPFC_tse,5-15,-2.121591180104046,28,-2.153802308666399,MAP_SCADA,15,0.032211128562352975
0,x_tcsc,1-14,-0.10653628707019851,29,-0.10959305204605325,MAP_SCADA,15,0.0030567649758547477
1,B_svc,2,0.17965508087916948,29,0.1782051506477067,MAP_SCADA,15,0.0014499302314627815
2,UPFC_Vsh,5-15,1.1106446052036845,29,1.1079753959808807,MAP_SCADA,15,0.002669209222803781
3,UPFC_tsh,5-15,-0.2376731179045099,29,-0.23357131560074731,MAP_SCADA,15,0.004101802303762586
4,UPFC_Vse,5-15,0.05786677315107843,29,0.0609313646449456,MAP_SCADA,15,0.003064591493867168
5,UPFC_tse,5-15,-2.120222833999159,29,-2.153802308666399,MAP_SCADA,15,0.03357947466723976
0,x_tcsc,1-14,-0.10952997111799802,30,-0.10959305204605325,MAP_SCADA,15,6.30809280552369e-05
1,B_svc,2,0.16919933850561206,30,0.1782051506477067,MAP_SCADA,15,0.009005812142094644
2,UPFC_Vsh,5-15,1.1127862661947077,30,1.1079753959808807,MAP_SCADA,15,0.004810870213826979
3,UPFC_tsh,5-15,-0.23534976633179824,30,-0.23357131560074731,MAP_SCADA,15,0.001778450731050929
4,UPFC_Vse,5-15,0.05792238850708715,30,0.0609313646449456,MAP_SCADA,15,0.0030089761378584504
5,UPFC_tse,5-15,-2.1164729451535256,30,-2.153802308666399,MAP_SCADA,15,0.037329363512873304
0,x_tcsc,1-14,-0.10715060791579066,31,-0.10959305204605325,MAP_SCADA,15,0.0024424441302625943
1,B_svc,2,0.17281241655909546,31,0.1782051506477067,MAP_SCADA,15,0.00539273408861124
2,UPFC_Vsh,5-15,1.1121750737216747,31,1.1079753959808807,MAP_SCADA,15,0.0041996777407939945
3,UPFC_tsh,5-15,-0.23612890048767649,31,-0.23357131560074731,MAP_SCADA,15,0.0025575848869291706
4,UPFC_Vse,5-15,0.05741113562187503,31,0.0609313646449456,MAP_SCADA,15,0.003520229023070566
5,UPFC_tse,5-15,-2.118555531744554,31,-2.153802308666399,MAP_SCADA,15,0.03524677692184497
0,x_tcsc,1-14,-0.10738626062904685,32,-0.10959305204605325,MAP_SCADA,15,0.0022067914170064012
1,B_svc,2,0.17330701774645507,32,0.1782051506477067,MAP_SCADA,15,0.004898132901251628
2,UPFC_Vsh,5-15,1.1120310826835351,32,1.1079753959808807,MAP_SCADA,15,0.004055686702654437
3,UPFC_tsh,5-15,-0.23617144897870454,32,-0.23357131560074731,MAP_SCADA,15,0.0026001333779572255
4,UPFC_Vse,5-15,0.05687457505896244,32,0.0609313646449456,MAP_SCADA,15,0.004056789585983156
5,UPFC_tse,5-15,-2.123660023297658,32,-2.153802308666399,MAP_SCADA,15,0.03014228536874075
0,x_tcsc,1-14,-0.10693539844775564,33,-0.10959305204605325,MAP_SCADA,15,0.0026576535982976157
1,B_svc,2,0.17768917211592447,33,0.1782051506477067,MAP_SCADA,15,0.0005159785317822296
2,UPFC_Vsh,5-15,1.1095148249414561,33,1.1079753959808807,MAP_SCADA,15,0.0015394289605754619
3,UPFC_tsh,5-15,-0.2371331944262661,33,-0.23357131560074731,MAP_SCADA,15,0.0035618788255187828
4,UPFC_Vse,5-15,0.05721563919140297,33,0.0609313646449456,MAP_SCADA,15,0.00371572545354263
5,UPFC_tse,5-15,-2.1196271921111913,33,-2.153802308666399,MAP_SCADA,15,0.03417511655520755
0,x_tcsc,1-14,-0.10687992533692643,34,-0.10959305204605325,MAP_SCADA,15,0.002713126709126823
1,B_svc,2,0.17401309726872008,34,0.1782051506477067,MAP_SCADA,15,0.004192053378986621
2,UPFC_Vsh,5-15,1.1123769845319478,34,1.1079753959808807,MAP_SCADA,15,0.004401588551067093
3,UPFC_tsh,5-15,-0.23616750209149165,34,-0.23357131560074731,MAP_SCADA,15,0.0025961864907443344
4,UPFC_Vse,5-15,0.05717751357900006,34,0.0609313646449456,MAP_SCADA,15,0.0037538510659455362
5,UPFC_tse,5-15,-2.1212191870108876,34,-2.153802308666399,MAP_SCADA,15,0.03258312165551125
0,x_tcsc,1-14,-0.10736731801715636,35,-0.10959305204605325,MAP_SCADA,15,0.002225734028896892
1,B_svc,2,0.1743344664120881,35,0.1782051506477067,MAP_SCADA,15,0.0038706842356185933
2,UPFC_Vsh,5-15,1.1121640478067782,35,1.1079753959808807,MAP_SCADA,15,0.00418865182589756
3,UPFC_tsh,5-15,-0.23680846597136743,35,-0.23357131560074731,MAP_SCADA,15,0.003237150370620112
4,UPFC_Vse,5-15,0.057952360550922254,35,0.0609313646449456,MAP_SCADA,15,0.002979004094023345
5,UPFC_tse,5-15,-2.1169531607381513,35,-2.153802308666399,MAP_SCADA,15,0.03684914792824756
0,x_tcsc,1-14,-0.10815347514458465,36,-0.10959305204605325,MAP_SCADA,15,0.001439576901468606
1,B_svc,2,0.1710697004082666,36,0.1782051506477067,MAP_SCADA,15,0.007135450239440094
2,UPFC_Vsh,5-15,1.1137240188584057,36,1.1079753959808807,MAP_SCADA,15,0.005748622877524978
3,UPFC_tsh,5-15,-0.2358246848062136,36,-0.23357131560074731,MAP_SCADA,15,0.002253369205466288
4,UPFC_Vse,5-15,0.057245825627543545,36,0.0609313646449456,MAP_SCADA,15,0.0036855390174020536
5,UPFC_tse,5-15,-2.1175965349312516,36,-2.153802308666399,MAP_SCADA,15,0.03620577373514733
0,x_tcsc,1-14,-0.10475515592541516,37,-0.10959305204605325,MAP_SCADA,15,0.004837896120638091
1,B_svc,2,0.18309482267944,37,0.1782051506477067,MAP_SCADA,15,0.004889672031733294
2,UPFC_Vsh,5-15,1.1127906253327882,37,1.1079753959808807,MAP_SCADA,15,0.00481522935190748
3,UPFC_tsh,5-15,-0.23802310460401754,37,-0.23357131560074731,MAP_SCADA,15,0.004451789003270229
4,UPFC_Vse,5-15,0.057431952367715214,37,0.0609313646449456,MAP_SCADA,15,0.003499412277230385
5,UPFC_tse,5-15,-2.1199405418760775,37,-2.153802308666399,MAP_SCADA,15,0.03386176679032138
0,x_tcsc,1-14,-0.10742269392758334,38,-0.10959305204605325,MAP_SCADA,15,0.0021703581184699117
1,B_svc,2,0.1755004971401978,38,0.1782051506477067,MAP_SCADA,15,0.0027046535075088973
2,UPFC_Vsh,5-15,1.1130201419013812,38,1.1079753959808807,MAP_SCADA,15,0.005044745920500526
3,UPFC_tsh,5-15,-0.23693363430979963,38,-0.23357131560074731,MAP_SCADA,15,0.00336231870905232
4,UPFC_Vse,5-15,0.057205520786809703,38,0.0609313646449456,MAP_SCADA,15,0.003725843858135895
5,UPFC_tse,5-15,-2.1205146025924075,38,-2.153802308666399,MAP_SCADA,15,0.03328770607399134
0,x_tcsc,1-14,-0.10641915634401529,39,-0.10959305204605325,MAP_SCADA,15,0.0031738957020379654
1,B_svc,2,0.17958337075122596,39,0.1782051506477067,MAP_SCADA,15,0.001378220103519262
2,UPFC_Vsh,5-15,1.1118914083314206,39,1.1079753959808807,MAP_SCADA,15,0.003916012350539955
3,UPFC_tsh,5-15,-0.23774754611117094,39,-0.23357131560074731,MAP_SCADA,15,0.004176230510423623
4,UPFC_Vse,5-15,0.057058229476306656,39,0.0609313646449456,MAP_SCADA,15,0.003873135168638943
5,UPFC_tse,5-15,-2.120243704132217,39,-2.153802308666399,MAP_SCADA,15,0.033558604534182024
0,x_tcsc,1-14,-0.10714899839915103,40,-0.10959305204605325,MAP_SCADA,15,0.002444053646902228
1,B_svc,2,0.17792801003384645,40,0.1782051506477067,MAP_SCADA,15,0.00027714061386024946
2,UPFC_Vsh,5-15,1.1104977926102153,40,1.1079753959808807,MAP_SCADA,15,0.0025223966293346223
3,UPFC_tsh,5-15,-0.23778322722768935,40,-0.23357131560074731,MAP_SCADA,15,0.004211911626942039
4,UPFC_Vse,5-15,0.05763455838128357,40,0.0609313646449456,MAP_SCADA,15,0.003296806263662029
5,UPFC_tse,5-15,-2.121763490823035,40,-2.153802308666399,MAP_SCADA,15,0.03203881784336371
0,x_tcsc,1-14,-0.10747628103650513,41,-0.10959305204605325,MAP_SCADA,15,0.0021167710095481296
1,B_svc,2,0.17201780849316667,41,0.1782051506477067,MAP_SCADA,15,0.006187342154540032
2,UPFC_Vsh,5-15,1.1132964947085866,41,1.1079753959808807,MAP_SCADA,15,0.00532109872770592
3,UPFC_tsh,5-15,-0.23655377141994835,41,-0.23357131560074731,MAP_SCADA,15,0.0029824558192010353
4,UPFC_Vse,5-15,0.05694790652530009,41,0.0609313646449456,MAP_SCADA,15,0.003983458119645511
5,UPFC_tse,5-15,-2.115871417344491,41,-2.153802308666399,MAP_SCADA,15,0.03793089132190808
0,x_tcsc,1-14,-0.1081257980000313,42,-0.10959305204605325,MAP_SCADA,15,0.0014672540460219513
1,B_svc,2,0.1726483542993937,42,0.1782051506477067,MAP_SCADA,15,0.005556796348312992
2,UPFC_Vsh,5-15,1.1121568098072536,42,1.1079753959808807,MAP_SCADA,15,0.004181413826372937
3,UPFC_tsh,5-15,-0.23570650257828626,42,-0.23357131560074731,MAP_SCADA,15,0.00213518697753895
4,UPFC_Vse,5-15,0.057391783915916594,42,0.0609313646449456,MAP_SCADA,15,0.0035395807290290043
5,UPFC_tse,5-15,-2.1223150055765987,42,-2.153802308666399,MAP_SCADA,15,0.03148730308980019
0,x_tcsc,1-14,-0.10919026678444572,43,-0.10959305204605325,MAP_SCADA,15,0.00040278526160753003
1,B_svc,2,0.17006330659842472,43,0.1782051506477067,MAP_SCADA,15,0.008141844049281977
2,UPFC_Vsh,5-15,1.1123500259968075,43,1.1079753959808807,MAP_SCADA,15,0.004374630015926861
3,UPFC_tsh,5-15,-0.23560811988148292,43,-0.23357131560074731,MAP_SCADA,15,0.0020368042807356046
4,UPFC_Vse,5-15,0.057593251453399046,43,0.0609313646449456,MAP_SCADA,15,0.003338113191546553
5,UPFC_tse,5-15,-2.1151039880453184,43,-2.153802308666399,MAP_SCADA,15,0.03869832062108047
0,x_tcsc,1-14,-0.10530229352998717,44,-0.10959305204605325,MAP_SCADA,15,0.004290758516066084
1,B_svc,2,0.1829660034812352,44,0.1782051506477067,MAP_SCADA,15,0.004760852833528506
2,UPFC_Vsh,5-15,1.109897014642047,44,1.1079753959808807,MAP_SCADA,15,0.0019216186611663577
3,UPFC_tsh,5-15,-0.23859001452834347,44,-0.23357131560074731,MAP_SCADA,15,0.005018698927596155
4,UPFC_Vse,5-15,0.058221711031435495,44,0.0609313646449456,MAP_SCADA,15,0.002709653613510103
5,UPFC_tse,5-15,-2.116964072987721,44,-2.153802308666399,MAP_SCADA,15,0.03683823567867783
0,x_tcsc,1-14,-0.1069256538871445,45,-0.10959305204605325,MAP_SCADA,15,0.0026673981589087487
1,B_svc,2,0.177465266753047,45,0.1782051506477067,MAP_SCADA,15,0.0007398838946597042
2,UPFC_Vsh,5-15,1.1114206874199102,45,1.1079753959808807,MAP_SCADA,15,0.0034452914390294964
3,UPFC_tsh,5-15,-0.23689545053861744,45,-0.23357131560074731,MAP_SCADA,15,0.0033241349378701213
4,UPFC_Vse,5-15,0.057539741316308304,45,0.0609313646449456,MAP_SCADA,15,0.0033916233286372943
5,UPFC_tse,5-15,-2.1171370386148687,45,-2.153802308666399,MAP_SCADA,15,0.0366652700515302
0,x_tcsc,1-14,-0.10802781666215394,46,-0.10959305204605325,MAP_SCADA,15,0.0015652353838993133
1,B_svc,2,0.1738286788546785,46,0.1782051506477067,MAP_SCADA,15,0.0043764717930281916
2,UPFC_Vsh,5-15,1.11293370639085,46,1.1079753959808807,MAP_SCADA,15,0.004958310409969302
3,UPFC_tsh,5-15,-0.236790719974732,46,-0.23357131560074731,MAP_SCADA,15,0.0032194043739846856
4,UPFC_Vse,5-15,0.057103383298049065,46,0.0609313646449456,MAP_SCADA,15,0.0038279813468965335
5,UPFC_tse,5-15,-2.1179202109526556,46,-2.153802308666399,MAP_SCADA,15,0.03588209771374329
0,x_tcsc,1-14,-0.10709329858503407,47,-0.10959305204605325,MAP_SCADA,15,0.0024997534610191885
1,B_svc,2,0.173253329722418,47,0.1782051506477067,MAP_SCADA,15,0.0049518209252887024
2,UPFC_Vsh,5-15,1.1130769853263658,47,1.1079753959808807,MAP_SCADA,15,0.0051015893454851025
3,UPFC_tsh,5-15,-0.23619945386340394,47,-0.23357131560074731,MAP_SCADA,15,0.0026281382626566208
4,UPFC_Vse,5-15,0.05764670213138666,47,0.0609313646449456,MAP_SCADA,15,0.003284662513558939
5,UPFC_tse,5-15,-2.1178733164843204,47,-2.153802308666399,MAP_SCADA,15,0.035928992182078456
0,x_tcsc,1-14,-0.10719051328101499,48,-0.10959305204605325,MAP_SCADA,15,0.0024025387650382646
1,B_svc,2,0.17618814701774743,48,0.1782051506477067,MAP_SCADA,15,0.0020170036299592686
2,UPFC_Vsh,5-15,1.1137388699268482,48,1.1079753959808807,MAP_SCADA,15,0.0057634739459675455
3,UPFC_tsh,5-15,-0.23554054106717964,48,-0.23357131560074731,MAP_SCADA,15,0.0019692254664323283
4,UPFC_Vse,5-15,0.05692696717314711,48,0.0609313646449456,MAP_SCADA,15,0.004004397471798489
5,UPFC_tse,5-15,-2.118333333343752,48,-2.153802308666399,MAP_SCADA,15,0.03546897532264692
0,x_tcsc,1-14,-0.10866601044350763,49,-0.10959305204605325,MAP_SCADA,15,0.000927041602545628
1,B_svc,2,0.1710053873058158,49,0.1782051506477067,MAP_SCADA,15,0.007199763341890902
2,UPFC_Vsh,5-15,1.1121595017507595,49,1.1079753959808807,MAP_SCADA,15,0.004184105769878821
3,UPFC_tsh,5-15,-0.2359778989630055,49,-0.23357131560074731,MAP_SCADA,15,0.0024065833622581856
4,UPFC_Vse,5-15,0.05723723522516479,49,0.0609313646449456,MAP_SCADA,15,0.0036941294197808117
5,UPFC_tse,5-15,-2.1162183015920553,49,-2.153802308666399,MAP_SCADA,15,0.03758400707434362
0,x_tcsc,1-14,-0.10901937796112277,50,-0.10959305204605325,MAP_SCADA,15,0.0005736740849304894
1,B_svc,2,0.16959306694005918,50,0.1782051506477067,MAP_SCADA,15,0.008612083707647517
2,UPFC_Vsh,5-15,1.1129934283863259,50,1.1079753959808807,MAP_SCADA,15,0.005018032405445183
3,UPFC_tsh,5-15,-0.23572793347299587,50,-0.23357131560074731,MAP_SCADA,15,0.0021566178722485507
4,UPFC_Vse,5-15,0.05764673609842407,50,0.0609313646449456,MAP_SCADA,15,0.003284628546521527
5,UPFC_tse,5-15,-2.118481715803393,50,-2.153802308666399,MAP_SCADA,15,0.03532059286300582
0,x_tcsc,1-14,-0.10931226325956275,51,-0.10959305204605325,MAP_SCADA,15,0.00028078878649050176
1,B_svc,2,0.16790873900292247,51,0.1782051506477067,MAP_SCADA,15,0.010296411644784231
2,UPFC_Vsh,5-15,1.1126616705910577,51,1.1079753959808807,MAP_SCADA,15,0.00468627461017701
3,UPFC_tsh,5-15,-0.2364188554805837,51,-0.23357131560074731,MAP_SCADA,15,0.0028475398798363805
4,UPFC_Vse,5-15,0.057683554161929884,51,0.0609313646449456,MAP_SCADA,15,0.0032478104830157145
5,UPFC_tse,5-15,-2.1187258940414506,51,-2.153802308666399,MAP_SCADA,15,0.03507641462494826
0,x_tcsc,1-14,-0.10695079648572353,52,-0.10959305204605325,MAP_SCADA,15,0.002642255560329723
1,B_svc,2,0.17765441432496182,52,0.1782051506477067,MAP_SCADA,15,0.0005507363227448825
2,UPFC_Vsh,5-15,1.1107767750385993,52,1.1079753959808807,MAP_SCADA,15,0.0028013790577186004
3,UPFC_tsh,5-15,-0.23801910026457151,52,-0.23357131560074731,MAP_SCADA,15,0.0044477846638242
4,UPFC_Vse,5-15,0.05789410719761008,52,0.0609313646449456,MAP_SCADA,15,0.0030372574473355174
5,UPFC_tse,5-15,-2.1180835578894164,52,-2.153802308666399,MAP_SCADA,15,0.0357187507769825
0,x_tcsc,1-14,-0.10579999281105353,53,-0.10959305204605325,MAP_SCADA,15,0.0037930592349997294
1,B_svc,2,0.18205396316733946,53,0.1782051506477067,MAP_SCADA,15,0.0038488125196327605
2,UPFC_Vsh,5-15,1.109267996697699,53,1.1079753959808807,MAP_SCADA,15,0.0012926007168183595
3,UPFC_tsh,5-15,-0.23819604051412727,53,-0.23357131560074731,MAP_SCADA,15,0.004624724913379952
4,UPFC_Vse,5-15,0.05724544595243886,53,0.0609313646449456,MAP_SCADA,15,0.003685918692506736
5,UPFC_tse,5-15,-2.1229365299297847,53,-2.153802308666399,MAP_SCADA,15,0.030865778736614224
0,x_tcsc,1-14,-0.106223577746768,54,-0.10959305204605325,MAP_SCADA,15,0.0033694742992852605
1,B_svc,2,0.17719157491400092,54,0.1782051506477067,MAP_SCADA,15,0.0010135757337057794
2,UPFC_Vsh,5-15,1.111956043609763,54,1.1079753959808807,MAP_SCADA,15,0.003980647628882394
3,UPFC_tsh,5-15,-0.2378113739765671,54,-0.23357131560074731,MAP_SCADA,15,0.004240058375819783
4,UPFC_Vse,5-15,0.057130967663296575,54,0.0609313646449456,MAP_SCADA,15,0.0038003969816490235
5,UPFC_tse,5-15,-2.12161004485105,54,-2.153802308666399,MAP_SCADA,15,0.0321922638153489
0,x_tcsc,1-14,-0.1048808287150344,55,-0.10959305204605325,MAP_SCADA,15,0.004712223331018853
1,B_svc,2,0.18023016762748467,55,0.1782051506477067,MAP_SCADA,15,0.0020250169797779716
2,UPFC_Vsh,5-15,1.111015522773831,55,1.1079753959808807,MAP_SCADA,15,0.003040126792950293
3,UPFC_tsh,5-15,-0.2379659931537663,55,-0.23357131560074731,MAP_SCADA,15,0.0043946775530189774
4,UPFC_Vse,5-15,0.05771664330509277,55,0.0609313646449456,MAP_SCADA,15,0.00321472133985283
5,UPFC_tse,5-15,-2.1190069084086782,55,-2.153802308666399,MAP_SCADA,15,0.034795400257720654
0,x_tcsc,1-14,-0.10573173835744157,56,-0.10959305204605325,MAP_SCADA,15,0.0038613136886116867
1,B_svc,2,0.1817970034926586,56,0.1782051506477067,MAP_SCADA,15,0.0035918528449518927
2,UPFC_Vsh,5-15,1.111027770285367,56,1.1079753959808807,MAP_SCADA,15,0.0030523743044863494
3,UPFC_tsh,5-15,-0.23812830497551066,56,-0.23357131560074731,MAP_SCADA,15,0.004556989374763343
4,UPFC_Vse,5-15,0.05736210880287201,56,0.0609313646449456,MAP_SCADA,15,0.0035692558420735918
5,UPFC_tse,5-15,-2.1198983441293033,56,-2.153802308666399,MAP_SCADA,15,0.03390396453709554
0,x_tcsc,1-14,-0.10709092763731871,57,-0.10959305204605325,MAP_SCADA,15,0.0025021244087345407
1,B_svc,2,0.17484046073839904,57,0.1782051506477067,MAP_SCADA,15,0.003364689909307661
2,UPFC_Vsh,5-15,1.1133469525661213,57,1.1079753959808807,MAP_SCADA,15,0.005371556585240578
3,UPFC_tsh,5-15,-0.23718555045047204,57,-0.23357131560074731,MAP_SCADA,15,0.003614234849724729
4,UPFC_Vse,5-15,0.057613084439732426,57,0.0609313646449456,MAP_SCADA,15,0.0033182802052131727
5,UPFC_tse,5-15,-2.1183658311697195,57,-2.153802308666399,MAP_SCADA,15,0.03543647749667933
0,x_tcsc,1-14,-0.10714063314851686,58,-0.10959305204605325,MAP_SCADA,15,0.0024524188975363903
1,B_svc,2,0.17242772742543125,58,0.1782051506477067,MAP_SCADA,15,0.005777423222275452
2,UPFC_Vsh,5-15,1.1108335546560917,58,1.1079753959808807,MAP_SCADA,15,0.0028581586752109978
3,UPFC_tsh,5-15,-0.23746284602796666,58,-0.23357131560074731,MAP_SCADA,15,0.0038915304272193474
4,UPFC_Vse,5-15,0.05689107134771026,58,0.0609313646449456,MAP_SCADA,15,0.004040293297235341
5,UPFC_tse,5-15,-2.122073449832775,58,-2.153802308666399,MAP_SCADA,15,0.031728858833623974
0,x_tcsc,1-14,-0.10523444359924194,59,-0.10959305204605325,MAP_SCADA,15,0.00435860844681131
1,B_svc,2,0.1793597647528677,59,0.1782051506477067,MAP_SCADA,15,0.0011546141051609893
2,UPFC_Vsh,5-15,1.1107857115531186,59,1.1079753959808807,MAP_SCADA,15,0.002810315572237876
3,UPFC_tsh,5-15,-0.23789177797441755,59,-0.23357131560074731,MAP_SCADA,15,0.004320462373670231
4,UPFC_Vse,5-15,0.05768282997508247,59,0.0609313646449456,MAP_SCADA,15,0.0032485346698631276
5,UPFC_tse,5-15,-2.1181873406560845,59,-2.153802308666399,MAP_SCADA,15,0.035614968010314385
0,x_tcsc,1-14,-0.10945176150756852,60,-0.10959305204605325,MAP_SCADA,15,0.00014129053848473128
1,B_svc,2,0.16935793383633752,60,0.1782051506477067,MAP_SCADA,15,0.008847216811369185
2,UPFC_Vsh,5-15,1.1139613169432452,60,1.1079753959808807,MAP_SCADA,15,0.005985920962364499
3,UPFC_tsh,5-15,-0.23566920134996264,60,-0.23357131560074731,MAP_SCADA,15,0.0020978857492153224
4,UPFC_Vse,5-15,0.05720458411055312,60,0.0609313646449456,MAP_SCADA,15,0.0037267805343924806
5,UPFC_tse,5-15,-2.1149588358461378,60,-2.153802308666399,MAP_SCADA,15,0.03884347282026113
0,x_tcsc,1-14,-0.10905522365335318,61,-0.10959305204605325,MAP_SCADA,15,0.000537828392700071
1,B_svc,2,0.1703607647786208,61,0.1782051506477067,MAP_SCADA,15,0.007844385869085896
2,UPFC_Vsh,5-15,1.1130767083751107,61,1.1079753959808807,MAP_SCADA,15,0.005101312394230062
3,UPFC_tsh,5-15,-0.23544033055215907,61,-0.23357131560074731,MAP_SCADA,15,0.001869014951411757
4,UPFC_Vse,5-15,0.057875494250938325,61,0.0609313646449456,MAP_SCADA,15,0.0030558703940072734
5,UPFC_tse,5-15,-2.1204281948282167,61,-2.153802308666399,MAP_SCADA,15,0.03337411383818223
0,x_tcsc,1-14,-0.10733114663304694,62,-0.10959305204605325,MAP_SCADA,15,0.002261905413006318
1,B_svc,2,0.17367688990675537,62,0.1782051506477067,MAP_SCADA,15,0.004528260740951334
2,UPFC_Vsh,5-15,1.1121862943112313,62,1.1079753959808807,MAP_SCADA,15,0.004210898330350599
3,UPFC_tsh,5-15,-0.23622970029102125,62,-0.23357131560074731,MAP_SCADA,15,0.002658384690273935
4,UPFC_Vse,5-15,0.057647980839804165,62,0.0609313646449456,MAP_SCADA,15,0.0032833838051414335
5,UPFC_tse,5-15,-2.1197384212927988,62,-2.153802308666399,MAP_SCADA,15,0.03406388737360011
0,x_tcsc,1-14,-0.10940497005741741,63,-0.10959305204605325,MAP_SCADA,15,0.00018808198863584646
1,B_svc,2,0.1726336661398208,63,0.1782051506477067,MAP_SCADA,15,0.005571484507885888
2,UPFC_Vsh,5-15,1.1087398307270746,63,1.1079753959808807,MAP_SCADA,15,0.0007644347461939205
3,UPFC_tsh,5-15,-0.2373871645118825,63,-0.23357131560074731,MAP_SCADA,15,0.003815848911135178
4,UPFC_Vse,5-15,0.05776814794156133,63,0.0609313646449456,MAP_SCADA,15,0.003163216703384271
5,UPFC_tse,5-15,-2.121343863462053,63,-2.153802308666399,MAP_SCADA,15,0.03245844520434593
0,x_tcsc,1-14,-0.1046949546236351,64,-0.10959305204605325,MAP_SCADA,15,0.00489809742241816
1,B_svc,2,0.183445376860306,64,0.1782051506477067,MAP_SCADA,15,0.005240226212599286
2,UPFC_Vsh,5-15,1.1131989879091804,64,1.1079753959808807,MAP_SCADA,15,0.005223591928299687
3,UPFC_tsh,5-15,-0.23781862115688623,64,-0.23357131560074731,MAP_SCADA,15,0.0042473055561389195
4,UPFC_Vse,5-15,0.05759710799066543,64,0.0609313646449456,MAP_SCADA,15,0.0033342566542801655
5,UPFC_tse,5-15,-2.1232312397924127,64,-2.153802308666399,MAP_SCADA,15,0.030571068873986196
0,x_tcsc,1-14,-0.10787113157761462,65,-0.10959305204605325,MAP_SCADA,15,0.0017219204684386369
1,B_svc,2,0.17266875712225543,65,0.1782051506477067,MAP_SCADA,15,0.005536393525451266
2,UPFC_Vsh,5-15,1.112803249263745,65,1.1079753959808807,MAP_SCADA,15,0.004827853282864281
3,UPFC_tsh,5-15,-0.23576020759578165,65,-0.23357131560074731,MAP_SCADA,15,0.002188891995034331
4,UPFC_Vse,5-15,0.05738668038712711,65,0.0609313646449456,MAP_SCADA,15,0.003544684257818488
5,UPFC_tse,5-15,-2.117628484366634,65,-2.153802308666399,MAP_SCADA,15,0.03617382429976468
0,x_tcsc,1-14,-0.10607910744277634,66,-0.10959305204605325,MAP_SCADA,15,0.0035139446032769195
1,B_svc,2,0.1785011070050042,66,0.1782051506477067,MAP_SCADA,15,0.000295956357297511
2,UPFC_Vsh,5-15,1.1122669093630733,66,1.1079753959808807,MAP_SCADA,15,0.00429151338219258
3,UPFC_tsh,5-15,-0.2376299527673899,66,-0.23357131560074731,MAP_SCADA,15,0.0040586371666425924
4,UPFC_Vse,5-15,0.0580228728162041,66,0.0609313646449456,MAP_SCADA,15,0.002908491828741498
5,UPFC_tse,5-15,-2.11588414783405,66,-2.153802308666399,MAP_SCADA,15,0.03791816083234867
0,x_tcsc,1-14,-0.10464633199777319,67,-0.10959305204605325,MAP_SCADA,15,0.004946720048280062
1,B_svc,2,0.1819534129198583,67,0.1782051506477067,MAP_SCADA,15,0.003748262272151609
2,UPFC_Vsh,5-15,1.1109878453087363,67,1.1079753959808807,MAP_SCADA,15,0.003012449327855604
3,UPFC_tsh,5-15,-0.23816703002760867,67,-0.23357131560074731,MAP_SCADA,15,0.0045957144268613526
4,UPFC_Vse,5-15,0.0575155112696389,67,0.0609313646449456,MAP_SCADA,15,0.003415853375306699
5,UPFC_tse,5-15,-2.1243584023779603,67,-2.153802308666399,MAP_SCADA,15,0.029443906288438626
0,x_tcsc,1-14,-0.1048884806969986,68,-0.10959305204605325,MAP_SCADA,15,0.004704571349054651
1,B_svc,2,0.18233020135967012,68,0.1782051506477067,MAP_SCADA,15,0.004125050711963424
2,UPFC_Vsh,5-15,1.1126787375375116,68,1.1079753959808807,MAP_SCADA,15,0.00470334155663088
3,UPFC_tsh,5-15,-0.23729777185293432,68,-0.23357131560074731,MAP_SCADA,15,0.0037264562521870104
4,UPFC_Vse,5-15,0.057497301850630324,68,0.0609313646449456,MAP_SCADA,15,0.003434062794315275
5,UPFC_tse,5-15,-2.117353272936879,68,-2.153802308666399,MAP_SCADA,15,0.03644903572951996
0,x_tcsc,1-14,-0.10890222542618458,69,-0.10959305204605325,MAP_SCADA,15,0.0006908266198686758
1,B_svc,2,0.16834420117020463,69,0.1782051506477067,MAP_SCADA,15,0.009860949477502073
2,UPFC_Vsh,5-15,1.1131104914482013,69,1.1079753959808807,MAP_SCADA,15,0.005135095467320605
3,UPFC_tsh,5-15,-0.23620664066360444,69,-0.23357131560074731,MAP_SCADA,15,0.00263532506285713
4,UPFC_Vse,5-15,0.05712520081716381,69,0.0609313646449456,MAP_SCADA,15,0.003806163827781789
5,UPFC_tse,5-15,-2.116181775780159,69,-2.153802308666399,MAP_SCADA,15,0.03762053288624001
0,x_tcsc,1-14,-0.10783954312107445,70,-0.10959305204605325,MAP_SCADA,15,0.0017535089249788027
1,B_svc,2,0.1738012616177895,70,0.1782051506477067,MAP_SCADA,15,0.004403889029917202
2,UPFC_Vsh,5-15,1.109946175601687,70,1.1079753959808807,MAP_SCADA,15,0.0019707796208063844
3,UPFC_tsh,5-15,-0.2370955958356482,70,-0.23357131560074731,MAP_SCADA,15,0.003524280234900895
4,UPFC_Vse,5-15,0.057627049096513644,70,0.0609313646449456,MAP_SCADA,15,0.0033043155484319547
5,UPFC_tse,5-15,-2.1202167991094587,70,-2.153802308666399,MAP_SCADA,15,0.033585509556940174
0,x_tcsc,1-14,-0.10534847168056283,71,-0.10959305204605325,MAP_SCADA,15,0.004244580365490427
1,B_svc,2,0.17955172099397773,71,0.1782051506477067,MAP_SCADA,15,0.001346570346271031
2,UPFC_Vsh,5-15,1.1117192574047965,71,1.1079753959808807,MAP_SCADA,15,0.0037438614239158063
3,UPFC_tsh,5-15,-0.23820653589537907,71,-0.23357131560074731,MAP_SCADA,15,0.004635220294631759
4,UPFC_Vse,5-15,0.05754757811938391,71,0.0609313646449456,MAP_SCADA,15,0.003383786525561691
5,UPFC_tse,5-15,-2.121658366823909,71,-2.153802308666399,MAP_SCADA,15,0.03214394184248981
0,x_tcsc,1-14,-0.10742294616001442,72,-0.10959305204605325,MAP_SCADA,15,0.002170105886038831
1,B_svc,2,0.17430469223433764,72,0.1782051506477067,MAP_SCADA,15,0.0039004584133690567
2,UPFC_Vsh,5-15,1.1143541824961813,72,1.1079753959808807,MAP_SCADA,15,0.006378786515300661
3,UPFC_tsh,5-15,-0.23620451737193204,72,-0.23357131560074731,MAP_SCADA,15,0.002633201771184729
4,UPFC_Vse,5-15,0.0572197988624672,72,0.0609313646449456,MAP_SCADA,15,0.0037115657824784015
5,UPFC_tse,5-15,-2.113452791129322,72,-2.153802308666399,MAP_SCADA,15,0.04034951753707672
0,x_tcsc,1-14,-0.10922969344645563,73,-0.10959305204605325,MAP_SCADA,15,0.0003633585995976296
1,B_svc,2,0.16525146255622622,73,0.1782051506477067,MAP_SCADA,15,0.01295368809148048
2,UPFC_Vsh,5-15,1.1134568370282656,73,1.1079753959808807,MAP_SCADA,15,0.005481441047384905
3,UPFC_tsh,5-15,-0.2356698992780358,73,-0.23357131560074731,MAP_SCADA,15,0.0020985836772884903
4,UPFC_Vse,5-15,0.05714227536138494,73,0.0609313646449456,MAP_SCADA,15,0.0037890892835606566
5,UPFC_tse,5-15,-2.119651091064688,73,-2.153802308666399,MAP_SCADA,15,0.034151217601710915
0,x_tcsc,1-14,-0.10431792148953327,74,-0.10959305204605325,MAP_SCADA,15,0.005275130556519986
1,B_svc,2,0.1811248064659187,74,0.1782051506477067,MAP_SCADA,15,0.0029196558182119914
2,UPFC_Vsh,5-15,1.1099430822379803,74,1.1079753959808807,MAP_SCADA,15,0.0019676862570996434
3,UPFC_tsh,5-15,-0.23852746172805828,74,-0.23357131560074731,MAP_SCADA,15,0.004956146127310962
4,UPFC_Vse,5-15,0.05784374657307531,74,0.0609313646449456,MAP_SCADA,15,0.003087618071870288
5,UPFC_tse,5-15,-2.121425096913782,74,-2.153802308666399,MAP_SCADA,15,0.0323772117526171
0,x_tcsc,1-14,-0.103353053211812,75,-0.10959305204605325,MAP_SCADA,15,0.006239998834241256
1,B_svc,2,0.18807150083032478,75,0.1782051506477067,MAP_SCADA,15,0.009866350182618083
2,UPFC_Vsh,5-15,1.1111700606315367,75,1.1079753959808807,MAP_SCADA,15,0.0031946646506559873
3,UPFC_tsh,5-15,-0.2388301118941401,75,-0.23357131560074731,MAP_SCADA,15,0.005258796293392792
4,UPFC_Vse,5-15,0.057665588016663855,75,0.0609313646449456,MAP_SCADA,15,0.003265776628281744
5,UPFC_tse,5-15,-2.123561272171615,75,-2.153802308666399,MAP_SCADA,15,0.030241036494783824
0,x_tcsc,1-14,-0.10893838338128896,76,-0.10959305204605325,MAP_SCADA,15,0.0006546686647642963
1,B_svc,2,0.17015960069209635,76,0.1782051506477067,MAP_SCADA,15,0.008045549955610354
2,UPFC_Vsh,5-15,1.1136347042650967,76,1.1079753959808807,MAP_SCADA,15,0.005659308284216014
3,UPFC_tsh,5-15,-0.2356088372004739,76,-0.23357131560074731,MAP_SCADA,15,0.0020375215997265883
4,UPFC_Vse,5-15,0.05739174891156154,76,0.0609313646449456,MAP_SCADA,15,0.0035396157333840578
5,UPFC_tse,5-15,-2.1131298745475315,76,-2.153802308666399,MAP_SCADA,15,0.04067243411886734
0,x_tcsc,1-14,-0.10677148640328579,77,-0.10959305204605325,MAP_SCADA,15,0.0028215656427674624
1,B_svc,2,0.17490146294845868,77,0.1782051506477067,MAP_SCADA,15,0.00330368769924802
2,UPFC_Vsh,5-15,1.1099104962836785,77,1.1079753959808807,MAP_SCADA,15,0.0019351003027978653
3,UPFC_tsh,5-15,-0.2369514487516909,77,-0.23357131560074731,MAP_SCADA,15,0.0033801331509435983
4,UPFC_Vse,5-15,0.05773714951810732,77,0.0609313646449456,MAP_SCADA,15,0.0031942151268382762
5,UPFC_tse,5-15,-2.1166647015932987,77,-2.153802308666399,MAP_SCADA,15,0.03713760707310021
0,x_tcsc,1-14,-0.10924023694539466,78,-0.10959305204605325,MAP_SCADA,15,0.0003528151006585989
1,B_svc,2,0.17022007529560623,78,0.1782051506477067,MAP_SCADA,15,0.007985075352100468
2,UPFC_Vsh,5-15,1.1133807467142431,78,1.1079753959808807,MAP_SCADA,15,0.005405350733362457
3,UPFC_tsh,5-15,-0.23596645081338674,78,-0.23357131560074731,MAP_SCADA,15,0.0023951352126394265
4,UPFC_Vse,5-15,0.05711119384068331,78,0.0609313646449456,MAP_SCADA,15,0.0038201708042622864
5,UPFC_tse,5-15,-2.118052252316137,78,-2.153802308666399,MAP_SCADA,15,0.03575005635026196
0,x_tcsc,1-14,-0.10743509187356443,79,-0.10959305204605325,MAP_SCADA,15,0.002157960172488829
1,B_svc,2,0.17324594257769063,79,0.1782051506477067,MAP_SCADA,15,0.004959208070016069
2,UPFC_Vsh,5-15,1.108719981361768,79,1.1079753959808807,MAP_SCADA,15,0.000744585380887397
3,UPFC_tsh,5-15,-0.23807533379593204,79,-0.23357131560074731,MAP_SCADA,15,0.004504018195184728
4,UPFC_Vse,5-15,0.05754558435882357,79,0.0609313646449456,MAP_SCADA,15,0.003385780286122027
5,UPFC_tse,5-15,-2.119357535515237,79,-2.153802308666399,MAP_SCADA,15,0.0344447731511619
0,x_tcsc,1-14,-0.107329286458181,80,-0.10959305204605325,MAP_SCADA,15,0.002263765587872252
1,B_svc,2,0.17772680523582715,80,0.1782051506477067,MAP_SCADA,15,0.0004783454118795494
2,UPFC_Vsh,5-15,1.1115344080452432,80,1.1079753959808807,MAP_SCADA,15,0.003559012064362488
3,UPFC_tsh,5-15,-0.23749761612930478,80,-0.23357131560074731,MAP_SCADA,15,0.003926300528557469
4,UPFC_Vse,5-15,0.05787973421424841,80,0.0609313646449456,MAP_SCADA,15,0.003051630430697186
5,UPFC_tse,5-15,-2.11619148161768,80,-2.153802308666399,MAP_SCADA,15,0.037610827048718765
0,x_tcsc,1-14,-0.10845470603263258,81,-0.10959305204605325,MAP_SCADA,15,0.0011383460134206796
1,B_svc,2,0.17185062316901872,81,0.1782051506477067,MAP_SCADA,15,0.006354527478687977
2,UPFC_Vsh,5-15,1.1136041315982959,81,1.1079753959808807,MAP_SCADA,15,0.00562873561741517
3,UPFC_tsh,5-15,-0.2352518795033683,81,-0.23357131560074731,MAP_SCADA,15,0.001680563902620974
4,UPFC_Vse,5-15,0.0565316838469432,81,0.0609313646449456,MAP_SCADA,15,0.004399680798002396
5,UPFC_tse,5-15,-2.121089216774669,81,-2.153802308666399,MAP_SCADA,15,0.032713091891729995
0,x_tcsc,1-14,-0.10728363738035555,82,-0.10959305204605325,MAP_SCADA,15,0.002309414665697701
1,B_svc,2,0.17660953080738076,82,0.1782051506477067,MAP_SCADA,15,0.0015956198403259403
2,UPFC_Vsh,5-15,1.1133363796913327,82,1.1079753959808807,MAP_SCADA,15,0.005360983710452016
3,UPFC_tsh,5-15,-0.23557723587673135,82,-0.23357131560074731,MAP_SCADA,15,0.0020059202759840356
4,UPFC_Vse,5-15,0.057052670988737716,82,0.0609313646449456,MAP_SCADA,15,0.003878693656207882
5,UPFC_tse,5-15,-2.1125245344276045,82,-2.153802308666399,MAP_SCADA,15,0.04127777423879442
0,x_tcsc,1-14,-0.10704909661563972,83,-0.10959305204605325,MAP_SCADA,15,0.0025439554304135387
1,B_svc,2,0.17439535340915538,83,0.1782051506477067,MAP_SCADA,15,0.0038097972385513212
2,UPFC_Vsh,5-15,1.1138189432401893,83,1.1079753959808807,MAP_SCADA,15,0.005843547259308579
3,UPFC_tsh,5-15,-0.23591608576235498,83,-0.23357131560074731,MAP_SCADA,15,0.0023447701616076677
4,UPFC_Vse,5-15,0.05755680394915602,83,0.0609313646449456,MAP_SCADA,15,0.0033745606957895774
5,UPFC_tse,5-15,-2.1157134403197753,83,-2.153802308666399,MAP_SCADA,15,0.03808886834662362
0,x_tcsc,1-14,-0.10676170257170853,84,-0.10959305204605325,MAP_SCADA,15,0.002831349474344727
1,B_svc,2,0.17690582416355186,84,0.1782051506477067,MAP_SCADA,15,0.0012993264841548446
2,UPFC_Vsh,5-15,1.1119187557480708,84,1.1079753959808807,MAP_SCADA,15,0.003943359767190069
3,UPFC_tsh,5-15,-0.23693835217805137,84,-0.23357131560074731,MAP_SCADA,15,0.0033670365773040556
4,UPFC_Vse,5-15,0.05779647132148402,84,0.0609313646449456,MAP_SCADA,15,0.0031348933234615767
5,UPFC_tse,5-15,-2.119832423144779,84,-2.153802308666399,MAP_SCADA,15,0.03396988552161995
0,x_tcsc,1-14,-0.10433107499372325,85,-0.10959305204605325,MAP_SCADA,15,0.0052619770523300025
1,B_svc,2,0.18503884107302948,85,0.1782051506477067,MAP_SCADA,15,0.00683369042532278
2,UPFC_Vsh,5-15,1.1096490244908552,85,1.1079753959808807,MAP_SCADA,15,0.0016736285099745452
3,UPFC_tsh,5-15,-0.23908337904595656,85,-0.23357131560074731,MAP_SCADA,15,0.005512063445209242
4,UPFC_Vse,5-15,0.057711255599064704,85,0.0609313646449456,MAP_SCADA,15,0.003220109045880895
5,UPFC_tse,5-15,-2.121862773911793,85,-2.153802308666399,MAP_SCADA,15,0.03193953475460587
0,x_tcsc,1-14,-0.10627085253489142,86,-0.10959305204605325,MAP_SCADA,15,0.003322199511161833
1,B_svc,2,0.177950381895317,86,0.1782051506477067,MAP_SCADA,15,0.00025476875238969465
2,UPFC_Vsh,5-15,1.1115180763241355,86,1.1079753959808807,MAP_SCADA,15,0.003542680343254778
3,UPFC_tsh,5-15,-0.23679857101651225,86,-0.23357131560074731,MAP_SCADA,15,0.0032272554157649347
4,UPFC_Vse,5-15,0.057956856977195124,86,0.0609313646449456,MAP_SCADA,15,0.002974507667750474
5,UPFC_tse,5-15,-2.1201205352270294,86,-2.153802308666399,MAP_SCADA,15,0.03368177343936951
0,x_tcsc,1-14,-0.10651687940064776,87,-0.10959305204605325,MAP_SCADA,15,0.003076172645405495
1,B_svc,2,0.18254309035161495,87,0.1782051506477067,MAP_SCADA,15,0.00433793970390825
2,UPFC_Vsh,5-15,1.1098899213950526,87,1.1079753959808807,MAP_SCADA,15,0.0019145254141719192
3,UPFC_tsh,5-15,-0.23761277738038303,87,-0.23357131560074731,MAP_SCADA,15,0.004041461779635713
4,UPFC_Vse,5-15,0.0574593173937414,87,0.0609313646449456,MAP_SCADA,15,0.0034720472512041953
5,UPFC_tse,5-15,-2.121138093764339,87,-2.153802308666399,MAP_SCADA,15,0.03266421490205973
0,x_tcsc,1-14,-0.1056307771781821,88,-0.10959305204605325,MAP_SCADA,15,0.003962274867871152
1,B_svc,2,0.1824884266434068,88,0.1782051506477067,MAP_SCADA,15,0.004283275995700109
2,UPFC_Vsh,5-15,1.1101963057729272,88,1.1079753959808807,MAP_SCADA,15,0.002220909792046477
3,UPFC_tsh,5-15,-0.23763002628571525,88,-0.23357131560074731,MAP_SCADA,15,0.004058710684967937
4,UPFC_Vse,5-15,0.05706675078108499,88,0.0609313646449456,MAP_SCADA,15,0.003864613863860611
5,UPFC_tse,5-15,-2.1196074179549385,88,-2.153802308666399,MAP_SCADA,15,0.034194890711460424
0,x_tcsc,1-14,-0.1068650757269267,89,-0.10959305204605325,MAP_SCADA,15,0.0027279763191265516
1,B_svc,2,0.17718067164134646,89,0.1782051506477067,MAP_SCADA,15,0.0010244790063602405
2,UPFC_Vsh,5-15,1.1127660092473064,89,1.1079753959808807,MAP_SCADA,15,0.004790613266425714
3,UPFC_tsh,5-15,-0.2373073844773539,89,-0.23357131560074731,MAP_SCADA,15,0.003736068876606574
4,UPFC_Vse,5-15,0.05689366350326791,89,0.0609313646449456,MAP_SCADA,15,0.004037701141677688
5,UPFC_tse,5-15,-2.117896080173778,89,-2.153802308666399,MAP_SCADA,15,0.03590622849262104
0,x_tcsc,1-14,-0.10699046471291579,90,-0.10959305204605325,MAP_SCADA,15,0.0026025873331374655
1,B_svc,2,0.17719256344522044,90,0.1782051506477067,MAP_SCADA,15,0.0010125872024862592
2,UPFC_Vsh,5-15,1.109052539356643,90,1.1079753959808807,MAP_SCADA,15,0.0010771433757623683
3,UPFC_tsh,5-15,-0.23785065622494828,90,-0.23357131560074731,MAP_SCADA,15,0.004279340624200961
4,UPFC_Vse,5-15,0.05830466828765745,90,0.0609313646449456,MAP_SCADA,15,0.0026266963572881483
5,UPFC_tse,5-15,-2.120107730975188,90,-2.153802308666399,MAP_SCADA,15,0.03369457769121098
0,x_tcsc,1-14,-0.10506074381709783,91,-0.10959305204605325,MAP_SCADA,15,0.004532308228955423
1,B_svc,2,0.18563134723275895,91,0.1782051506477067,MAP_SCADA,15,0.007426196585052253
2,UPFC_Vsh,5-15,1.107344280444785,91,1.1079753959808807,MAP_SCADA,15,0.0006311155360956278
3,UPFC_tsh,5-15,-0.24009200989541232,91,-0.23357131560074731,MAP_SCADA,15,0.006520694294665008
4,UPFC_Vse,5-15,0.05745016323994678,91,0.0609313646449456,MAP_SCADA,15,0.0034812014049988155
5,UPFC_tse,5-15,-2.129716491830026,91,-2.153802308666399,MAP_SCADA,15,0.024085816836372675
0,x_tcsc,1-14,-0.10843316130367997,92,-0.10959305204605325,MAP_SCADA,15,0.0011598907423732846
1,B_svc,2,0.171724517507776,92,0.1782051506477067,MAP_SCADA,15,0.006480633139930692
2,UPFC_Vsh,5-15,1.1124955617280345,92,1.1079753959808807,MAP_SCADA,15,0.004520165747153859
3,UPFC_tsh,5-15,-0.23592061914407508,92,-0.23357131560074731,MAP_SCADA,15,0.0023493035433277687
4,UPFC_Vse,5-15,0.05764937454389893,92,0.0609313646449456,MAP_SCADA,15,0.0032819901010466696
5,UPFC_tse,5-15,-2.115887173504994,92,-2.153802308666399,MAP_SCADA,15,0.0379151351614051
0,x_tcsc,1-14,-0.10527819592613752,93,-0.10959305204605325,MAP_SCADA,15,0.004314856119915736
1,B_svc,2,0.18394801974922592,93,0.1782051506477067,MAP_SCADA,15,0.005742869101519221
2,UPFC_Vsh,5-15,1.1121927994121752,93,1.1079753959808807,MAP_SCADA,15,0.0042174034312945086
3,UPFC_tsh,5-15,-0.23767845269493082,93,-0.23357131560074731,MAP_SCADA,15,0.004107137094183505
4,UPFC_Vse,5-15,0.05811935876557973,93,0.0609313646449456,MAP_SCADA,15,0.002812005879365871
5,UPFC_tse,5-15,-2.1160067421541595,93,-2.153802308666399,MAP_SCADA,15,0.037795566512239365
0,x_tcsc,1-14,-0.10848267666552323,94,-0.10959305204605325,MAP_SCADA,15,0.001110375380530021
1,B_svc,2,0.17129404864009537,94,0.1782051506477067,MAP_SCADA,15,0.0069111020076113305
2,UPFC_Vsh,5-15,1.1113930301542858,94,1.1079753959808807,MAP_SCADA,15,0.0034176341734051263
3,UPFC_tsh,5-15,-0.2362084475764398,94,-0.23357131560074731,MAP_SCADA,15,0.002637131975692486
4,UPFC_Vse,5-15,0.057179680241642564,94,0.0609313646449456,MAP_SCADA,15,0.003751684403303035
5,UPFC_tse,5-15,-2.117519973685605,94,-2.153802308666399,MAP_SCADA,15,0.036282334980793696
0,x_tcsc,1-14,-0.10609612643226632,95,-0.10959305204605325,MAP_SCADA,15,0.003496925613786936
1,B_svc,2,0.18034927342603962,95,0.1782051506477067,MAP_SCADA,15,0.002144122778332924
2,UPFC_Vsh,5-15,1.1081572271684876,95,1.1079753959808807,MAP_SCADA,15,0.00018183118760695116
3,UPFC_tsh,5-15,-0.23896856849243206,95,-0.23357131560074731,MAP_SCADA,15,0.005397252891684745
4,UPFC_Vse,5-15,0.05827706701732483,95,0.0609313646449456,MAP_SCADA,15,0.0026542976276207678
5,UPFC_tse,5-15,-2.1231450659637763,95,-2.153802308666399,MAP_SCADA,15,0.0306572427026226
0,x_tcsc,1-14,-0.11072494674634924,96,-0.10959305204605325,MAP_SCADA,15,0.0011318947002959823
1,B_svc,2,0.16382259331556495,96,0.1782051506477067,MAP_SCADA,15,0.014382557332141749
2,UPFC_Vsh,5-15,1.1131482719824068,96,1.1079753959808807,MAP_SCADA,15,0.005172876001526161
3,UPFC_tsh,5-15,-0.23519080502005715,96,-0.23357131560074731,MAP_SCADA,15,0.0016194894193098386
4,UPFC_Vse,5-15,0.057372158170830606,96,0.0609313646449456,MAP_SCADA,15,0.0035592064741149926
5,UPFC_tse,5-15,-2.1161767640182254,96,-2.153802308666399,MAP_SCADA,15,0.03762554464817347
0,x_tcsc,1-14,-0.10717201549915735,97,-0.10959305204605325,MAP_SCADA,15,0.002421036546895905
1,B_svc,2,0.17993119020529763,97,0.1782051506477067,MAP_SCADA,15,0.0017260395575909304
2,UPFC_Vsh,5-15,1.1113859768397536,97,1.1079753959808807,MAP_SCADA,15,0.0034105808588729136
3,UPFC_tsh,5-15,-0.23733175664322106,97,-0.23357131560074731,MAP_SCADA,15,0.00376044104247375
4,UPFC_Vse,5-15,0.05756112498967703,97,0.0609313646449456,MAP_SCADA,15,0.0033702396552685657
5,UPFC_tse,5-15,-2.1183860517395594,97,-2.153802308666399,MAP_SCADA,15,0.03541625692683947
0,x_tcsc,1-14,-0.10794320493711781,98,-0.10959305204605325,MAP_SCADA,15,0.00164984710893544
1,B_svc,2,0.17594575429682419,98,0.1782051506477067,MAP_SCADA,15,0.0022593963508825143
2,UPFC_Vsh,5-15,1.1139945785284209,98,1.1079753959808807,MAP_SCADA,15,0.006019182547540192
3,UPFC_tsh,5-15,-0.23616473699877685,98,-0.23357131560074731,MAP_SCADA,15,0.0025934213980295384
4,UPFC_Vse,5-15,0.057481413833521275,98,0.0609313646449456,MAP_SCADA,15,0.003449950811424324
5,UPFC_tse,5-15,-2.1167090690392265,98,-2.153802308666399,MAP_SCADA,15,0.03709323962717237
0,x_tcsc,1-14,-0.10549981687781415,99,-0.10959305204605325,MAP_SCADA,15,0.004093235168239104
1,B_svc,2,0.18435980766770546,99,0.1782051506477067,MAP_SCADA,15,0.0061546570199987605
2,UPFC_Vsh,5-15,1.110605632781286,99,1.1079753959808807,MAP_SCADA,15,0.0026302368004054166
3,UPFC_tsh,5-15,-0.23879532010179283,99,-0.23357131560074731,MAP_SCADA,15,0.005224004501045515
4,UPFC_Vse,5-15,0.0585592895290129,99,0.0609313646449456,MAP_SCADA,15,0.0023720751159326953
5,UPFC_tse,5-15,-2.120240844202484,99,-2.153802308666399,MAP_SCADA,15,0.03356146446391506
0,x_tcsc,1-14,-0.10671143253086024,0,-0.11322089739296207,MAP_SCADA,17,0.006509464862101827
1,B_svc,2,0.17853734538277877,0,0.18331825945899513,MAP_SCADA,17,0.004780914076216364
2,UPFC_Vsh,5-15,1.1109207789140585,0,1.1054483183736596,MAP_SCADA,17,0.005472460540398849
3,UPFC_tsh,5-15,-0.23731745143979585,0,-0.22985985232200498,MAP_SCADA,17,0.00745759911779087
4,UPFC_Vse,5-15,0.05763375636709128,0,0.06172078957104056,MAP_SCADA,17,0.004087033203949278
5,UPFC_tse,5-15,-2.121116529035107,0,-2.1585402609080546,MAP_SCADA,17,0.03742373187294756
0,x_tcsc,1-14,-0.10884679222871829,1,-0.11322089739296207,MAP_SCADA,17,0.0043741051642437745
1,B_svc,2,0.17210654984970408,1,0.18331825945899513,MAP_SCADA,17,0.011211709609291048
2,UPFC_Vsh,5-15,1.1125691339351063,1,1.1054483183736596,MAP_SCADA,17,0.007120815561446614
3,UPFC_tsh,5-15,-0.23614062783557177,1,-0.22985985232200498,MAP_SCADA,17,0.006280775513566789
4,UPFC_Vse,5-15,0.05726992650712081,1,0.06172078957104056,MAP_SCADA,17,0.004450863063919751
5,UPFC_tse,5-15,-2.114605669181904,1,-2.1585402609080546,MAP_SCADA,17,0.04393459172615044
0,x_tcsc,1-14,-0.106438597648498,2,-0.11322089739296207,MAP_SCADA,17,0.006782299744464065
1,B_svc,2,0.17900573324605812,2,0.18331825945899513,MAP_SCADA,17,0.004312526212937012
2,UPFC_Vsh,5-15,1.110557377207309,2,1.1054483183736596,MAP_SCADA,17,0.005109058833649316
3,UPFC_tsh,5-15,-0.23791607483260863,2,-0.22985985232200498,MAP_SCADA,17,0.008056222510603644
4,UPFC_Vse,5-15,0.05782458523939781,2,0.06172078957104056,MAP_SCADA,17,0.0038962043316427483
5,UPFC_tse,5-15,-2.121047690115321,2,-2.1585402609080546,MAP_SCADA,17,0.037492570792733826
0,x_tcsc,1-14,-0.1082485724483868,3,-0.11322089739296207,MAP_SCADA,17,0.004972324944575265
1,B_svc,2,0.17084799387894223,3,0.18331825945899513,MAP_SCADA,17,0.012470265580052903
2,UPFC_Vsh,5-15,1.1133073606530108,3,1.1054483183736596,MAP_SCADA,17,0.007859042279351192
3,UPFC_tsh,5-15,-0.2352148361230751,3,-0.22985985232200498,MAP_SCADA,17,0.005354983801070107
4,UPFC_Vse,5-15,0.05744203276710792,3,0.06172078957104056,MAP_SCADA,17,0.004278756803932637
5,UPFC_tse,5-15,-2.1187469994643453,3,-2.1585402609080546,MAP_SCADA,17,0.039793261443709316
0,x_tcsc,1-14,-0.10589216153963375,4,-0.11322089739296207,MAP_SCADA,17,0.007328735853328314
1,B_svc,2,0.18057721027425636,4,0.18331825945899513,MAP_SCADA,17,0.0027410491847387752
2,UPFC_Vsh,5-15,1.1090639373079867,4,1.1054483183736596,MAP_SCADA,17,0.0036156189343270473
3,UPFC_tsh,5-15,-0.23901694259159015,4,-0.22985985232200498,MAP_SCADA,17,0.009157090269585166
4,UPFC_Vse,5-15,0.057420897493637865,4,0.06172078957104056,MAP_SCADA,17,0.004299892077402695
5,UPFC_tse,5-15,-2.1217880216245173,4,-2.1585402609080546,MAP_SCADA,17,0.036752239283537325
0,x_tcsc,1-14,-0.10962718592320896,5,-0.11322089739296207,MAP_SCADA,17,0.003593711469753111
1,B_svc,2,0.16734710763118957,5,0.18331825945899513,MAP_SCADA,17,0.015971151827805563
2,UPFC_Vsh,5-15,1.113238663056068,5,1.1054483183736596,MAP_SCADA,17,0.007790344682408357
3,UPFC_tsh,5-15,-0.2353712142411416,5,-0.22985985232200498,MAP_SCADA,17,0.00551136191913662
4,UPFC_Vse,5-15,0.05765870072751411,5,0.06172078957104056,MAP_SCADA,17,0.0040620888435264485
5,UPFC_tse,5-15,-2.116604966915444,5,-2.1585402609080546,MAP_SCADA,17,0.041935293992610756
0,x_tcsc,1-14,-0.1072394089863974,6,-0.11322089739296207,MAP_SCADA,17,0.005981488406564664
1,B_svc,2,0.17505832381110656,6,0.18331825945899513,MAP_SCADA,17,0.008259935647888572
2,UPFC_Vsh,5-15,1.1134733590139796,6,1.1054483183736596,MAP_SCADA,17,0.008025040640319947
3,UPFC_tsh,5-15,-0.23630289751870623,6,-0.22985985232200498,MAP_SCADA,17,0.006443045196701247
4,UPFC_Vse,5-15,0.057209379708297675,6,0.06172078957104056,MAP_SCADA,17,0.004511409862742885
5,UPFC_tse,5-15,-2.118697070191822,6,-2.1585402609080546,MAP_SCADA,17,0.039843190716232435
0,x_tcsc,1-14,-0.106904312225471,7,-0.11322089739296207,MAP_SCADA,17,0.006316585167491062
1,B_svc,2,0.17859066157689701,7,0.18331825945899513,MAP_SCADA,17,0.004727597882098117
2,UPFC_Vsh,5-15,1.1115241542852348,7,1.1054483183736596,MAP_SCADA,17,0.006075835911575123
3,UPFC_tsh,5-15,-0.23696277691500586,7,-0.22985985232200498,MAP_SCADA,17,0.007102924593000881
4,UPFC_Vse,5-15,0.05719135020998187,7,0.06172078957104056,MAP_SCADA,17,0.004529439361058693
5,UPFC_tse,5-15,-2.120352712191659,7,-2.1585402609080546,MAP_SCADA,17,0.038187548716395625
0,x_tcsc,1-14,-0.10584256465175358,8,-0.11322089739296207,MAP_SCADA,17,0.007378332741208485
1,B_svc,2,0.17957565213745705,8,0.18331825945899513,MAP_SCADA,17,0.003742607321538083
2,UPFC_Vsh,5-15,1.1114213514564535,8,1.1054483183736596,MAP_SCADA,17,0.005973033082793844
3,UPFC_tsh,5-15,-0.23804470709609643,8,-0.22985985232200498,MAP_SCADA,17,0.008184854774091449
4,UPFC_Vse,5-15,0.05767086577863096,8,0.06172078957104056,MAP_SCADA,17,0.0040499237924096
5,UPFC_tse,5-15,-2.1195907835996595,8,-2.1585402609080546,MAP_SCADA,17,0.03894947730839515
0,x_tcsc,1-14,-0.10784650785057542,9,-0.11322089739296207,MAP_SCADA,17,0.005374389542386643
1,B_svc,2,0.17403306430088125,9,0.18331825945899513,MAP_SCADA,17,0.00928519515811388
2,UPFC_Vsh,5-15,1.1136591443971575,9,1.1054483183736596,MAP_SCADA,17,0.008210826023497875
3,UPFC_tsh,5-15,-0.23540412352425605,9,-0.22985985232200498,MAP_SCADA,17,0.0055442712022510665
4,UPFC_Vse,5-15,0.05764721708836011,9,0.06172078957104056,MAP_SCADA,17,0.004073572482680449
5,UPFC_tse,5-15,-2.1166377891830908,9,-2.1585402609080546,MAP_SCADA,17,0.04190247172496386
0,x_tcsc,1-14,-0.10843919964143052,10,-0.11322089739296207,MAP_SCADA,17,0.004781697751531547
1,B_svc,2,0.1733415956284689,10,0.18331825945899513,MAP_SCADA,17,0.009976663830526228
2,UPFC_Vsh,5-15,1.1120251269562094,10,1.1054483183736596,MAP_SCADA,17,0.00657680858254972
3,UPFC_tsh,5-15,-0.23596809646704503,10,-0.22985985232200498,MAP_SCADA,17,0.006108244145040048
4,UPFC_Vse,5-15,0.0564854939523338,10,0.06172078957104056,MAP_SCADA,17,0.00523529561870676
5,UPFC_tse,5-15,-2.1208915776861685,10,-2.1585402609080546,MAP_SCADA,17,0.03764868322188608
0,x_tcsc,1-14,-0.10717114851830077,11,-0.11322089739296207,MAP_SCADA,17,0.006049748874661295
1,B_svc,2,0.17747026057926507,11,0.18331825945899513,MAP_SCADA,17,0.00584799887973006
2,UPFC_Vsh,5-15,1.1124363488801543,11,1.1054483183736596,MAP_SCADA,17,0.006988030506494658
3,UPFC_tsh,5-15,-0.23632852993489933,11,-0.22985985232200498,MAP_SCADA,17,0.006468677612894352
4,UPFC_Vse,5-15,0.05659742194993677,11,0.06172078957104056,MAP_SCADA,17,0.00512336762110379
5,UPFC_tse,5-15,-2.1197408115722536,11,-2.1585402609080546,MAP_SCADA,17,0.03879944933580104
0,x_tcsc,1-14,-0.10802946345880032,12,-0.11322089739296207,MAP_SCADA,17,0.005191433934161743
1,B_svc,2,0.17281276942429238,12,0.18331825945899513,MAP_SCADA,17,0.010505490034702747
2,UPFC_Vsh,5-15,1.1130757120421997,12,1.1054483183736596,MAP_SCADA,17,0.007627393668540039
3,UPFC_tsh,5-15,-0.23632368050223404,12,-0.22985985232200498,MAP_SCADA,17,0.006463828180229059
4,UPFC_Vse,5-15,0.057571961367978236,12,0.06172078957104056,MAP_SCADA,17,0.004148828203062324
5,UPFC_tse,5-15,-2.1157178822797733,12,-2.1585402609080546,MAP_SCADA,17,0.04282237862828131
0,x_tcsc,1-14,-0.10570316958983077,13,-0.11322089739296207,MAP_SCADA,17,0.007517727803131299
1,B_svc,2,0.18249973312876458,13,0.18331825945899513,MAP_SCADA,17,0.0008185263302305512
2,UPFC_Vsh,5-15,1.1131296050156416,13,1.1054483183736596,MAP_SCADA,17,0.007681286641981977
3,UPFC_tsh,5-15,-0.23783442634788132,13,-0.22985985232200498,MAP_SCADA,17,0.007974574025876341
4,UPFC_Vse,5-15,0.056484936983598154,13,0.06172078957104056,MAP_SCADA,17,0.005235852587442406
5,UPFC_tse,5-15,-2.115261398749947,13,-2.1585402609080546,MAP_SCADA,17,0.0432788621581075
0,x_tcsc,1-14,-0.10694923876760283,14,-0.11322089739296207,MAP_SCADA,17,0.006271658625359236
1,B_svc,2,0.1769041692493913,14,0.18331825945899513,MAP_SCADA,17,0.006414090209603818
2,UPFC_Vsh,5-15,1.1121526642391235,14,1.1054483183736596,MAP_SCADA,17,0.006704345865463868
3,UPFC_tsh,5-15,-0.2370323619370798,14,-0.22985985232200498,MAP_SCADA,17,0.007172509615074818
4,UPFC_Vse,5-15,0.057139654468352036,14,0.06172078957104056,MAP_SCADA,17,0.004581135102688524
5,UPFC_tse,5-15,-2.1194773532602125,14,-2.1585402609080546,MAP_SCADA,17,0.03906290764784215
0,x_tcsc,1-14,-0.10869855072993599,15,-0.11322089739296207,MAP_SCADA,17,0.004522346663026075
1,B_svc,2,0.1722439116589828,15,0.18331825945899513,MAP_SCADA,17,0.011074347800012319
2,UPFC_Vsh,5-15,1.1123269308828758,15,1.1054483183736596,MAP_SCADA,17,0.006878612509216175
3,UPFC_tsh,5-15,-0.23591736677432862,15,-0.22985985232200498,MAP_SCADA,17,0.006057514452323637
4,UPFC_Vse,5-15,0.05746552861625833,15,0.06172078957104056,MAP_SCADA,17,0.004255260954782229
5,UPFC_tse,5-15,-2.114336762711501,15,-2.1585402609080546,MAP_SCADA,17,0.04420349819655378
0,x_tcsc,1-14,-0.10723509198330802,16,-0.11322089739296207,MAP_SCADA,17,0.005985805409654044
1,B_svc,2,0.17398967179522495,16,0.18331825945899513,MAP_SCADA,17,0.009328587663770177
2,UPFC_Vsh,5-15,1.1110458587351355,16,1.1054483183736596,MAP_SCADA,17,0.005597540361475861
3,UPFC_tsh,5-15,-0.23700163214610448,16,-0.22985985232200498,MAP_SCADA,17,0.007141779824099498
4,UPFC_Vse,5-15,0.05741412427159274,16,0.06172078957104056,MAP_SCADA,17,0.004306665299447822
5,UPFC_tse,5-15,-2.115454248723215,16,-2.1585402609080546,MAP_SCADA,17,0.04308601218483954
0,x_tcsc,1-14,-0.11066622826773613,17,-0.11322089739296207,MAP_SCADA,17,0.0025546691252259363
1,B_svc,2,0.17213545326446683,17,0.18331825945899513,MAP_SCADA,17,0.0111828061945283
2,UPFC_Vsh,5-15,1.1101691119931705,17,1.1054483183736596,MAP_SCADA,17,0.004720793619510832
3,UPFC_tsh,5-15,-0.23638238289548702,17,-0.22985985232200498,MAP_SCADA,17,0.006522530573482038
4,UPFC_Vse,5-15,0.05704571524866088,17,0.06172078957104056,MAP_SCADA,17,0.00467507432237968
5,UPFC_tse,5-15,-2.1255108704267474,17,-2.1585402609080546,MAP_SCADA,17,0.033029390481307264
0,x_tcsc,1-14,-0.10647726198792858,18,-0.11322089739296207,MAP_SCADA,17,0.006743635405033491
1,B_svc,2,0.17890991783106908,18,0.18331825945899513,MAP_SCADA,17,0.0044083416279260546
2,UPFC_Vsh,5-15,1.1113916813722353,18,1.1054483183736596,MAP_SCADA,17,0.005943362998575674
3,UPFC_tsh,5-15,-0.23750430204608403,18,-0.22985985232200498,MAP_SCADA,17,0.007644449724079044
4,UPFC_Vse,5-15,0.0579754917237041,18,0.06172078957104056,MAP_SCADA,17,0.0037452978473364595
5,UPFC_tse,5-15,-2.1210878076752175,18,-2.1585402609080546,MAP_SCADA,17,0.03745245323283708
0,x_tcsc,1-14,-0.10880064867843024,19,-0.11322089739296207,MAP_SCADA,17,0.004420248714531824
1,B_svc,2,0.17236500079037237,19,0.18331825945899513,MAP_SCADA,17,0.010953258668622762
2,UPFC_Vsh,5-15,1.112334763295601,19,1.1054483183736596,MAP_SCADA,17,0.006886444921941459
3,UPFC_tsh,5-15,-0.23575835468156742,19,-0.22985985232200498,MAP_SCADA,17,0.005898502359562435
4,UPFC_Vse,5-15,0.057420643843725014,19,0.06172078957104056,MAP_SCADA,17,0.004300145727315546
5,UPFC_tse,5-15,-2.1197007787621494,19,-2.1585402609080546,MAP_SCADA,17,0.03883948214590527
0,x_tcsc,1-14,-0.10681796471203604,20,-0.11322089739296207,MAP_SCADA,17,0.006402932680926024
1,B_svc,2,0.17723798368864258,20,0.18331825945899513,MAP_SCADA,17,0.006080275770352556
2,UPFC_Vsh,5-15,1.110328466941185,20,1.1054483183736596,MAP_SCADA,17,0.004880148567525389
3,UPFC_tsh,5-15,-0.2373060069040069,20,-0.22985985232200498,MAP_SCADA,17,0.007446154582001929
4,UPFC_Vse,5-15,0.05749209778155573,20,0.06172078957104056,MAP_SCADA,17,0.004228691789484831
5,UPFC_tse,5-15,-2.121057456966522,20,-2.1585402609080546,MAP_SCADA,17,0.037482803941532694
0,x_tcsc,1-14,-0.10640127987977131,21,-0.11322089739296207,MAP_SCADA,17,0.006819617513190754
1,B_svc,2,0.17706400553147694,21,0.18331825945899513,MAP_SCADA,17,0.0062542539275181885
2,UPFC_Vsh,5-15,1.1123414247957542,21,1.1054483183736596,MAP_SCADA,17,0.006893106422094508
3,UPFC_tsh,5-15,-0.23706487343632154,21,-0.22985985232200498,MAP_SCADA,17,0.007205021114316562
4,UPFC_Vse,5-15,0.05804808066265128,21,0.06172078957104056,MAP_SCADA,17,0.003672708908389277
5,UPFC_tse,5-15,-2.1199889860303824,21,-2.1585402609080546,MAP_SCADA,17,0.03855127487767218
0,x_tcsc,1-14,-0.1076874287003709,22,-0.11322089739296207,MAP_SCADA,17,0.005533468692591165
1,B_svc,2,0.17814371796425674,22,0.18331825945899513,MAP_SCADA,17,0.005174541494738394
2,UPFC_Vsh,5-15,1.1100397041732075,22,1.1054483183736596,MAP_SCADA,17,0.004591385799547876
3,UPFC_tsh,5-15,-0.2373992929814906,22,-0.22985985232200498,MAP_SCADA,17,0.007539440659485613
4,UPFC_Vse,5-15,0.05746102628000953,22,0.06172078957104056,MAP_SCADA,17,0.004259763291031032
5,UPFC_tse,5-15,-2.1138228571779285,22,-2.1585402609080546,MAP_SCADA,17,0.044717403730126115
0,x_tcsc,1-14,-0.11114173205442038,23,-0.11322089739296207,MAP_SCADA,17,0.0020791653385416886
1,B_svc,2,0.16571810927908867,23,0.18331825945899513,MAP_SCADA,17,0.01760015017990646
2,UPFC_Vsh,5-15,1.1102913160967147,23,1.1054483183736596,MAP_SCADA,17,0.004842997723055076
3,UPFC_tsh,5-15,-0.23612314344192717,23,-0.22985985232200498,MAP_SCADA,17,0.0062632911199221875
4,UPFC_Vse,5-15,0.057828980132338344,23,0.06172078957104056,MAP_SCADA,17,0.0038918094387022165
5,UPFC_tse,5-15,-2.11634907225094,23,-2.1585402609080546,MAP_SCADA,17,0.04219118865711469
0,x_tcsc,1-14,-0.10707298918273737,24,-0.11322089739296207,MAP_SCADA,17,0.006147908210224692
1,B_svc,2,0.1750844181767696,24,0.18331825945899513,MAP_SCADA,17,0.00823384128222554
2,UPFC_Vsh,5-15,1.1103383294545885,24,1.1054483183736596,MAP_SCADA,17,0.004890011080928902
3,UPFC_tsh,5-15,-0.2373858961720593,24,-0.22985985232200498,MAP_SCADA,17,0.007526043850054315
4,UPFC_Vse,5-15,0.05783441093683506,24,0.06172078957104056,MAP_SCADA,17,0.0038863786342055034
5,UPFC_tse,5-15,-2.1211963531878606,24,-2.1585402609080546,MAP_SCADA,17,0.037343907720194025
0,x_tcsc,1-14,-0.10411209146765889,25,-0.11322089739296207,MAP_SCADA,17,0.009108805925303179
1,B_svc,2,0.18207388013521508,25,0.18331825945899513,MAP_SCADA,17,0.0012443793237800482
2,UPFC_Vsh,5-15,1.1099508617603815,25,1.1054483183736596,MAP_SCADA,17,0.004502543386721847
3,UPFC_tsh,5-15,-0.23921976991336424,25,-0.22985985232200498,MAP_SCADA,17,0.009359917591359262
4,UPFC_Vse,5-15,0.057215626624696495,25,0.06172078957104056,MAP_SCADA,17,0.004505162946344066
5,UPFC_tse,5-15,-2.1180417750198264,25,-2.1585402609080546,MAP_SCADA,17,0.04049848588822824
0,x_tcsc,1-14,-0.1078001605743693,26,-0.11322089739296207,MAP_SCADA,17,0.005420736818592772
1,B_svc,2,0.17458128190019787,26,0.18331825945899513,MAP_SCADA,17,0.008736977558797265
2,UPFC_Vsh,5-15,1.113580620074413,26,1.1054483183736596,MAP_SCADA,17,0.008132301700753297
3,UPFC_tsh,5-15,-0.23556159092886747,26,-0.22985985232200498,MAP_SCADA,17,0.005701738606862489
4,UPFC_Vse,5-15,0.05738429904808282,26,0.06172078957104056,MAP_SCADA,17,0.004336490522957738
5,UPFC_tse,5-15,-2.116182058227431,26,-2.1585402609080546,MAP_SCADA,17,0.04235820268062351
0,x_tcsc,1-14,-0.10825092537265413,27,-0.11322089739296207,MAP_SCADA,17,0.004969972020307939
1,B_svc,2,0.17430631258970788,27,0.18331825945899513,MAP_SCADA,17,0.009011946869287246
2,UPFC_Vsh,5-15,1.1114662475697654,27,1.1054483183736596,MAP_SCADA,17,0.006017929196105776
3,UPFC_tsh,5-15,-0.23746584465815873,27,-0.22985985232200498,MAP_SCADA,17,0.00760599233615375
4,UPFC_Vse,5-15,0.05788690302737337,27,0.06172078957104056,MAP_SCADA,17,0.0038338865436671893
5,UPFC_tse,5-15,-2.118504077446963,27,-2.1585402609080546,MAP_SCADA,17,0.040036183461091834
0,x_tcsc,1-14,-0.1062730187523376,28,-0.11322089739296207,MAP_SCADA,17,0.006947878640624461
1,B_svc,2,0.18103079162220884,28,0.18331825945899513,MAP_SCADA,17,0.0022874678367862944
2,UPFC_Vsh,5-15,1.1087301109081895,28,1.1054483183736596,MAP_SCADA,17,0.0032817925345298704
3,UPFC_tsh,5-15,-0.2389396275716271,28,-0.22985985232200498,MAP_SCADA,17,0.009079775249622113
4,UPFC_Vse,5-15,0.05792850816793582,28,0.06172078957104056,MAP_SCADA,17,0.0037922814031047386
5,UPFC_tse,5-15,-2.121591180104046,28,-2.1585402609080546,MAP_SCADA,17,0.036949080804008716
0,x_tcsc,1-14,-0.10653628707019851,29,-0.11322089739296207,MAP_SCADA,17,0.0066846103227635595
1,B_svc,2,0.17965508087916948,29,0.18331825945899513,MAP_SCADA,17,0.003663178579825649
2,UPFC_Vsh,5-15,1.1106446052036845,29,1.1054483183736596,MAP_SCADA,17,0.005196286830024821
3,UPFC_tsh,5-15,-0.2376731179045099,29,-0.22985985232200498,MAP_SCADA,17,0.007813265582504919
4,UPFC_Vse,5-15,0.05786677315107843,29,0.06172078957104056,MAP_SCADA,17,0.0038540164199621293
5,UPFC_tse,5-15,-2.120222833999159,29,-2.1585402609080546,MAP_SCADA,17,0.0383174269088955
0,x_tcsc,1-14,-0.10952997111799802,30,-0.11322089739296207,MAP_SCADA,17,0.0036909262749640487
1,B_svc,2,0.16919933850561206,30,0.18331825945899513,MAP_SCADA,17,0.014118920953383074
2,UPFC_Vsh,5-15,1.1127862661947077,30,1.1054483183736596,MAP_SCADA,17,0.007337947821048019
3,UPFC_tsh,5-15,-0.23534976633179824,30,-0.22985985232200498,MAP_SCADA,17,0.005489914009793262
4,UPFC_Vse,5-15,0.05792238850708715,30,0.06172078957104056,MAP_SCADA,17,0.003798401063953412
5,UPFC_tse,5-15,-2.1164729451535256,30,-2.1585402609080546,MAP_SCADA,17,0.042067315754529044
0,x_tcsc,1-14,-0.10715060791579066,31,-0.11322089739296207,MAP_SCADA,17,0.006070289477171406
1,B_svc,2,0.17281241655909546,31,0.18331825945899513,MAP_SCADA,17,0.01050584289989967
2,UPFC_Vsh,5-15,1.1121750737216747,31,1.1054483183736596,MAP_SCADA,17,0.006726755348015034
3,UPFC_tsh,5-15,-0.23612890048767649,31,-0.22985985232200498,MAP_SCADA,17,0.006269048165671504
4,UPFC_Vse,5-15,0.05741113562187503,31,0.06172078957104056,MAP_SCADA,17,0.0043096539491655275
5,UPFC_tse,5-15,-2.118555531744554,31,-2.1585402609080546,MAP_SCADA,17,0.03998472916350071
0,x_tcsc,1-14,-0.10738626062904685,32,-0.11322089739296207,MAP_SCADA,17,0.005834636763915213
1,B_svc,2,0.17330701774645507,32,0.18331825945899513,MAP_SCADA,17,0.010011241712540059
2,UPFC_Vsh,5-15,1.1120310826835351,32,1.1054483183736596,MAP_SCADA,17,0.006582764309875477
3,UPFC_tsh,5-15,-0.23617144897870454,32,-0.22985985232200498,MAP_SCADA,17,0.0063115966566995585
4,UPFC_Vse,5-15,0.05687457505896244,32,0.06172078957104056,MAP_SCADA,17,0.0048462145120781175
5,UPFC_tse,5-15,-2.123660023297658,32,-2.1585402609080546,MAP_SCADA,17,0.03488023761039649
0,x_tcsc,1-14,-0.10693539844775564,33,-0.11322089739296207,MAP_SCADA,17,0.0062854989452064275
1,B_svc,2,0.17768917211592447,33,0.18331825945899513,MAP_SCADA,17,0.00562908734307066
2,UPFC_Vsh,5-15,1.1095148249414561,33,1.1054483183736596,MAP_SCADA,17,0.004066506567796502
3,UPFC_tsh,5-15,-0.2371331944262661,33,-0.22985985232200498,MAP_SCADA,17,0.007273342104261116
4,UPFC_Vse,5-15,0.05721563919140297,33,0.06172078957104056,MAP_SCADA,17,0.004505150379637592
5,UPFC_tse,5-15,-2.1196271921111913,33,-2.1585402609080546,MAP_SCADA,17,0.03891306879686329
0,x_tcsc,1-14,-0.10687992533692643,34,-0.11322089739296207,MAP_SCADA,17,0.006340972056035635
1,B_svc,2,0.17401309726872008,34,0.18331825945899513,MAP_SCADA,17,0.009305162190275051
2,UPFC_Vsh,5-15,1.1123769845319478,34,1.1054483183736596,MAP_SCADA,17,0.006928666158288133
3,UPFC_tsh,5-15,-0.23616750209149165,34,-0.22985985232200498,MAP_SCADA,17,0.006307649769486667
4,UPFC_Vse,5-15,0.05717751357900006,34,0.06172078957104056,MAP_SCADA,17,0.004543275992040498
5,UPFC_tse,5-15,-2.1212191870108876,34,-2.1585402609080546,MAP_SCADA,17,0.03732107389716699
0,x_tcsc,1-14,-0.10736731801715636,35,-0.11322089739296207,MAP_SCADA,17,0.005853579375805704
1,B_svc,2,0.1743344664120881,35,0.18331825945899513,MAP_SCADA,17,0.008983793046907024
2,UPFC_Vsh,5-15,1.1121640478067782,35,1.1054483183736596,MAP_SCADA,17,0.0067157294331186
3,UPFC_tsh,5-15,-0.23680846597136743,35,-0.22985985232200498,MAP_SCADA,17,0.006948613649362445
4,UPFC_Vse,5-15,0.057952360550922254,35,0.06172078957104056,MAP_SCADA,17,0.0037684290201183065
5,UPFC_tse,5-15,-2.1169531607381513,35,-2.1585402609080546,MAP_SCADA,17,0.0415871001699033
0,x_tcsc,1-14,-0.10815347514458465,36,-0.11322089739296207,MAP_SCADA,17,0.005067422248377418
1,B_svc,2,0.1710697004082666,36,0.18331825945899513,MAP_SCADA,17,0.012248559050728525
2,UPFC_Vsh,5-15,1.1137240188584057,36,1.1054483183736596,MAP_SCADA,17,0.008275700484746018
3,UPFC_tsh,5-15,-0.2358246848062136,36,-0.22985985232200498,MAP_SCADA,17,0.005964832484208621
4,UPFC_Vse,5-15,0.057245825627543545,36,0.06172078957104056,MAP_SCADA,17,0.004474963943497015
5,UPFC_tse,5-15,-2.1175965349312516,36,-2.1585402609080546,MAP_SCADA,17,0.04094372597680307
0,x_tcsc,1-14,-0.10475515592541516,37,-0.11322089739296207,MAP_SCADA,17,0.008465741467546903
1,B_svc,2,0.18309482267944,37,0.18331825945899513,MAP_SCADA,17,0.0002234367795551362
2,UPFC_Vsh,5-15,1.1127906253327882,37,1.1054483183736596,MAP_SCADA,17,0.0073423069591285195
3,UPFC_tsh,5-15,-0.23802310460401754,37,-0.22985985232200498,MAP_SCADA,17,0.008163252282012562
4,UPFC_Vse,5-15,0.057431952367715214,37,0.06172078957104056,MAP_SCADA,17,0.004288837203325346
5,UPFC_tse,5-15,-2.1199405418760775,37,-2.1585402609080546,MAP_SCADA,17,0.03859971903197712
0,x_tcsc,1-14,-0.10742269392758334,38,-0.11322089739296207,MAP_SCADA,17,0.0057982034653787234
1,B_svc,2,0.1755004971401978,38,0.18331825945899513,MAP_SCADA,17,0.007817762318797328
2,UPFC_Vsh,5-15,1.1130201419013812,38,1.1054483183736596,MAP_SCADA,17,0.007571823527721566
3,UPFC_tsh,5-15,-0.23693363430979963,38,-0.22985985232200498,MAP_SCADA,17,0.007073781987794653
4,UPFC_Vse,5-15,0.057205520786809703,38,0.06172078957104056,MAP_SCADA,17,0.004515268784230857
5,UPFC_tse,5-15,-2.1205146025924075,38,-2.1585402609080546,MAP_SCADA,17,0.03802565831564708
0,x_tcsc,1-14,-0.10641915634401529,39,-0.11322089739296207,MAP_SCADA,17,0.006801741048946777
1,B_svc,2,0.17958337075122596,39,0.18331825945899513,MAP_SCADA,17,0.0037348887077691684
2,UPFC_Vsh,5-15,1.1118914083314206,39,1.1054483183736596,MAP_SCADA,17,0.006443089957760995
3,UPFC_tsh,5-15,-0.23774754611117094,39,-0.22985985232200498,MAP_SCADA,17,0.007887693789165956
4,UPFC_Vse,5-15,0.057058229476306656,39,0.06172078957104056,MAP_SCADA,17,0.004662560094733904
5,UPFC_tse,5-15,-2.120243704132217,39,-2.1585402609080546,MAP_SCADA,17,0.038296556775837765
0,x_tcsc,1-14,-0.10714899839915103,40,-0.11322089739296207,MAP_SCADA,17,0.00607189899381104
1,B_svc,2,0.17792801003384645,40,0.18331825945899513,MAP_SCADA,17,0.00539024942514868
2,UPFC_Vsh,5-15,1.1104977926102153,40,1.1054483183736596,MAP_SCADA,17,0.005049474236555662
3,UPFC_tsh,5-15,-0.23778322722768935,40,-0.22985985232200498,MAP_SCADA,17,0.007923374905684372
4,UPFC_Vse,5-15,0.05763455838128357,40,0.06172078957104056,MAP_SCADA,17,0.004086231189756991
5,UPFC_tse,5-15,-2.121763490823035,40,-2.1585402609080546,MAP_SCADA,17,0.03677677008501945
0,x_tcsc,1-14,-0.10747628103650513,41,-0.11322089739296207,MAP_SCADA,17,0.005744616356456941
1,B_svc,2,0.17201780849316667,41,0.18331825945899513,MAP_SCADA,17,0.011300450965828462
2,UPFC_Vsh,5-15,1.1132964947085866,41,1.1054483183736596,MAP_SCADA,17,0.00784817633492696
3,UPFC_tsh,5-15,-0.23655377141994835,41,-0.22985985232200498,MAP_SCADA,17,0.006693919097943368
4,UPFC_Vse,5-15,0.05694790652530009,41,0.06172078957104056,MAP_SCADA,17,0.0047728830457404725
5,UPFC_tse,5-15,-2.115871417344491,41,-2.1585402609080546,MAP_SCADA,17,0.04266884356356382
0,x_tcsc,1-14,-0.1081257980000313,42,-0.11322089739296207,MAP_SCADA,17,0.005095099392930763
1,B_svc,2,0.1726483542993937,42,0.18331825945899513,MAP_SCADA,17,0.010669905159601423
2,UPFC_Vsh,5-15,1.1121568098072536,42,1.1054483183736596,MAP_SCADA,17,0.006708491433593977
3,UPFC_tsh,5-15,-0.23570650257828626,42,-0.22985985232200498,MAP_SCADA,17,0.005846650256281283
4,UPFC_Vse,5-15,0.057391783915916594,42,0.06172078957104056,MAP_SCADA,17,0.004329005655123966
5,UPFC_tse,5-15,-2.1223150055765987,42,-2.1585402609080546,MAP_SCADA,17,0.03622525533145593
0,x_tcsc,1-14,-0.10919026678444572,43,-0.11322089739296207,MAP_SCADA,17,0.004030630608516342
1,B_svc,2,0.17006330659842472,43,0.18331825945899513,MAP_SCADA,17,0.013254952860570407
2,UPFC_Vsh,5-15,1.1123500259968075,43,1.1054483183736596,MAP_SCADA,17,0.006901707623147901
3,UPFC_tsh,5-15,-0.23560811988148292,43,-0.22985985232200498,MAP_SCADA,17,0.0057482675594779375
4,UPFC_Vse,5-15,0.057593251453399046,43,0.06172078957104056,MAP_SCADA,17,0.004127538117641515
5,UPFC_tse,5-15,-2.1151039880453184,43,-2.1585402609080546,MAP_SCADA,17,0.043436272862736214
0,x_tcsc,1-14,-0.10530229352998717,44,-0.11322089739296207,MAP_SCADA,17,0.007918603862974896
1,B_svc,2,0.1829660034812352,44,0.18331825945899513,MAP_SCADA,17,0.00035225597775992434
2,UPFC_Vsh,5-15,1.109897014642047,44,1.1054483183736596,MAP_SCADA,17,0.004448696268387398
3,UPFC_tsh,5-15,-0.23859001452834347,44,-0.22985985232200498,MAP_SCADA,17,0.008730162206338488
4,UPFC_Vse,5-15,0.058221711031435495,44,0.06172078957104056,MAP_SCADA,17,0.0034990785396050647
5,UPFC_tse,5-15,-2.116964072987721,44,-2.1585402609080546,MAP_SCADA,17,0.041576187920333574
0,x_tcsc,1-14,-0.1069256538871445,45,-0.11322089739296207,MAP_SCADA,17,0.00629524350581756
1,B_svc,2,0.177465266753047,45,0.18331825945899513,MAP_SCADA,17,0.005852992705948135
2,UPFC_Vsh,5-15,1.1114206874199102,45,1.1054483183736596,MAP_SCADA,17,0.005972369046250536
3,UPFC_tsh,5-15,-0.23689545053861744,45,-0.22985985232200498,MAP_SCADA,17,0.007035598216612454
4,UPFC_Vse,5-15,0.057539741316308304,45,0.06172078957104056,MAP_SCADA,17,0.004181048254732256
5,UPFC_tse,5-15,-2.1171370386148687,45,-2.1585402609080546,MAP_SCADA,17,0.04140322229318594
0,x_tcsc,1-14,-0.10802781666215394,46,-0.11322089739296207,MAP_SCADA,17,0.005193080730808125
1,B_svc,2,0.1738286788546785,46,0.18331825945899513,MAP_SCADA,17,0.009489580604316622
2,UPFC_Vsh,5-15,1.11293370639085,46,1.1054483183736596,MAP_SCADA,17,0.007485388017190342
3,UPFC_tsh,5-15,-0.236790719974732,46,-0.22985985232200498,MAP_SCADA,17,0.0069308676527270185
4,UPFC_Vse,5-15,0.057103383298049065,46,0.06172078957104056,MAP_SCADA,17,0.004617406272991495
5,UPFC_tse,5-15,-2.1179202109526556,46,-2.1585402609080546,MAP_SCADA,17,0.04062004995539903
0,x_tcsc,1-14,-0.10709329858503407,47,-0.11322089739296207,MAP_SCADA,17,0.006127598807928
1,B_svc,2,0.173253329722418,47,0.18331825945899513,MAP_SCADA,17,0.010064929736577133
2,UPFC_Vsh,5-15,1.1130769853263658,47,1.1054483183736596,MAP_SCADA,17,0.007628666952706142
3,UPFC_tsh,5-15,-0.23619945386340394,47,-0.22985985232200498,MAP_SCADA,17,0.006339601541398954
4,UPFC_Vse,5-15,0.05764670213138666,47,0.06172078957104056,MAP_SCADA,17,0.004074087439653901
5,UPFC_tse,5-15,-2.1178733164843204,47,-2.1585402609080546,MAP_SCADA,17,0.0406669444237342
0,x_tcsc,1-14,-0.10719051328101499,48,-0.11322089739296207,MAP_SCADA,17,0.006030384111947076
1,B_svc,2,0.17618814701774743,48,0.18331825945899513,MAP_SCADA,17,0.007130112441247699
2,UPFC_Vsh,5-15,1.1137388699268482,48,1.1054483183736596,MAP_SCADA,17,0.008290551553188585
3,UPFC_tsh,5-15,-0.23554054106717964,48,-0.22985985232200498,MAP_SCADA,17,0.005680688745174661
4,UPFC_Vse,5-15,0.05692696717314711,48,0.06172078957104056,MAP_SCADA,17,0.0047938223978934505
5,UPFC_tse,5-15,-2.118333333343752,48,-2.1585402609080546,MAP_SCADA,17,0.040206927564302664
0,x_tcsc,1-14,-0.10866601044350763,49,-0.11322089739296207,MAP_SCADA,17,0.00455488694945444
1,B_svc,2,0.1710053873058158,49,0.18331825945899513,MAP_SCADA,17,0.012312872153179333
2,UPFC_Vsh,5-15,1.1121595017507595,49,1.1054483183736596,MAP_SCADA,17,0.006711183377099861
3,UPFC_tsh,5-15,-0.2359778989630055,49,-0.22985985232200498,MAP_SCADA,17,0.0061180466410005185
4,UPFC_Vse,5-15,0.05723723522516479,49,0.06172078957104056,MAP_SCADA,17,0.004483554345875773
5,UPFC_tse,5-15,-2.1162183015920553,49,-2.1585402609080546,MAP_SCADA,17,0.04232195931599936
0,x_tcsc,1-14,-0.10901937796112277,50,-0.11322089739296207,MAP_SCADA,17,0.004201519431839301
1,B_svc,2,0.16959306694005918,50,0.18331825945899513,MAP_SCADA,17,0.013725192518935947
2,UPFC_Vsh,5-15,1.1129934283863259,50,1.1054483183736596,MAP_SCADA,17,0.007545110012666223
3,UPFC_tsh,5-15,-0.23572793347299587,50,-0.22985985232200498,MAP_SCADA,17,0.005868081150990884
4,UPFC_Vse,5-15,0.05764673609842407,50,0.06172078957104056,MAP_SCADA,17,0.004074053472616489
5,UPFC_tse,5-15,-2.118481715803393,50,-2.1585402609080546,MAP_SCADA,17,0.04005854510466156
0,x_tcsc,1-14,-0.10931226325956275,51,-0.11322089739296207,MAP_SCADA,17,0.0039086341333993135
1,B_svc,2,0.16790873900292247,51,0.18331825945899513,MAP_SCADA,17,0.015409520456072662
2,UPFC_Vsh,5-15,1.1126616705910577,51,1.1054483183736596,MAP_SCADA,17,0.00721335221739805
3,UPFC_tsh,5-15,-0.2364188554805837,51,-0.22985985232200498,MAP_SCADA,17,0.006559003158578713
4,UPFC_Vse,5-15,0.057683554161929884,51,0.06172078957104056,MAP_SCADA,17,0.004037235409110676
5,UPFC_tse,5-15,-2.1187258940414506,51,-2.1585402609080546,MAP_SCADA,17,0.039814366866604
0,x_tcsc,1-14,-0.10695079648572353,52,-0.11322089739296207,MAP_SCADA,17,0.006270100907238535
1,B_svc,2,0.17765441432496182,52,0.18331825945899513,MAP_SCADA,17,0.005663845134033313
2,UPFC_Vsh,5-15,1.1107767750385993,52,1.1054483183736596,MAP_SCADA,17,0.00532845666493964
3,UPFC_tsh,5-15,-0.23801910026457151,52,-0.22985985232200498,MAP_SCADA,17,0.008159247942566533
4,UPFC_Vse,5-15,0.05789410719761008,52,0.06172078957104056,MAP_SCADA,17,0.003826682373430479
5,UPFC_tse,5-15,-2.1180835578894164,52,-2.1585402609080546,MAP_SCADA,17,0.04045670301863824
0,x_tcsc,1-14,-0.10579999281105353,53,-0.11322089739296207,MAP_SCADA,17,0.007420904581908541
1,B_svc,2,0.18205396316733946,53,0.18331825945899513,MAP_SCADA,17,0.00126429629165567
2,UPFC_Vsh,5-15,1.109267996697699,53,1.1054483183736596,MAP_SCADA,17,0.0038196783240393994
3,UPFC_tsh,5-15,-0.23819604051412727,53,-0.22985985232200498,MAP_SCADA,17,0.008336188192122285
4,UPFC_Vse,5-15,0.05724544595243886,53,0.06172078957104056,MAP_SCADA,17,0.004475343618601697
5,UPFC_tse,5-15,-2.1229365299297847,53,-2.1585402609080546,MAP_SCADA,17,0.035603730978269965
0,x_tcsc,1-14,-0.106223577746768,54,-0.11322089739296207,MAP_SCADA,17,0.006997319646194072
1,B_svc,2,0.17719157491400092,54,0.18331825945899513,MAP_SCADA,17,0.00612668454499421
2,UPFC_Vsh,5-15,1.111956043609763,54,1.1054483183736596,MAP_SCADA,17,0.006507725236103434
3,UPFC_tsh,5-15,-0.2378113739765671,54,-0.22985985232200498,MAP_SCADA,17,0.007951521654562116
4,UPFC_Vse,5-15,0.057130967663296575,54,0.06172078957104056,MAP_SCADA,17,0.004589821907743985
5,UPFC_tse,5-15,-2.12161004485105,54,-2.1585402609080546,MAP_SCADA,17,0.03693021605700464
0,x_tcsc,1-14,-0.1048808287150344,55,-0.11322089739296207,MAP_SCADA,17,0.008340068677927664
1,B_svc,2,0.18023016762748467,55,0.18331825945899513,MAP_SCADA,17,0.003088091831510459
2,UPFC_Vsh,5-15,1.111015522773831,55,1.1054483183736596,MAP_SCADA,17,0.005567204400171333
3,UPFC_tsh,5-15,-0.2379659931537663,55,-0.22985985232200498,MAP_SCADA,17,0.00810614083176131
4,UPFC_Vse,5-15,0.05771664330509277,55,0.06172078957104056,MAP_SCADA,17,0.004004146265947792
5,UPFC_tse,5-15,-2.1190069084086782,55,-2.1585402609080546,MAP_SCADA,17,0.039533352499376395
0,x_tcsc,1-14,-0.10573173835744157,56,-0.11322089739296207,MAP_SCADA,17,0.0074891590355204984
1,B_svc,2,0.1817970034926586,56,0.18331825945899513,MAP_SCADA,17,0.0015212559663365377
2,UPFC_Vsh,5-15,1.111027770285367,56,1.1054483183736596,MAP_SCADA,17,0.005579451911707389
3,UPFC_tsh,5-15,-0.23812830497551066,56,-0.22985985232200498,MAP_SCADA,17,0.008268452653505676
4,UPFC_Vse,5-15,0.05736210880287201,56,0.06172078957104056,MAP_SCADA,17,0.004358680768168553
5,UPFC_tse,5-15,-2.1198983441293033,56,-2.1585402609080546,MAP_SCADA,17,0.038641916778751284
0,x_tcsc,1-14,-0.10709092763731871,57,-0.11322089739296207,MAP_SCADA,17,0.0061299697556433524
1,B_svc,2,0.17484046073839904,57,0.18331825945899513,MAP_SCADA,17,0.008477798720596091
2,UPFC_Vsh,5-15,1.1133469525661213,57,1.1054483183736596,MAP_SCADA,17,0.007898634192461618
3,UPFC_tsh,5-15,-0.23718555045047204,57,-0.22985985232200498,MAP_SCADA,17,0.007325698128467062
4,UPFC_Vse,5-15,0.057613084439732426,57,0.06172078957104056,MAP_SCADA,17,0.004107705131308134
5,UPFC_tse,5-15,-2.1183658311697195,57,-2.1585402609080546,MAP_SCADA,17,0.04017442973833507
0,x_tcsc,1-14,-0.10714063314851686,58,-0.11322089739296207,MAP_SCADA,17,0.006080264244445202
1,B_svc,2,0.17242772742543125,58,0.18331825945899513,MAP_SCADA,17,0.010890532033563882
2,UPFC_Vsh,5-15,1.1108335546560917,58,1.1054483183736596,MAP_SCADA,17,0.005385236282432038
3,UPFC_tsh,5-15,-0.23746284602796666,58,-0.22985985232200498,MAP_SCADA,17,0.00760299370596168
4,UPFC_Vse,5-15,0.05689107134771026,58,0.06172078957104056,MAP_SCADA,17,0.004829718223330302
5,UPFC_tse,5-15,-2.122073449832775,58,-2.1585402609080546,MAP_SCADA,17,0.036466811075279715
0,x_tcsc,1-14,-0.10523444359924194,59,-0.11322089739296207,MAP_SCADA,17,0.007986453793720122
1,B_svc,2,0.1793597647528677,59,0.18331825945899513,MAP_SCADA,17,0.003958494706127441
2,UPFC_Vsh,5-15,1.1107857115531186,59,1.1054483183736596,MAP_SCADA,17,0.005337393179458916
3,UPFC_tsh,5-15,-0.23789177797441755,59,-0.22985985232200498,MAP_SCADA,17,0.008031925652412564
4,UPFC_Vse,5-15,0.05768282997508247,59,0.06172078957104056,MAP_SCADA,17,0.004037959595958089
5,UPFC_tse,5-15,-2.1181873406560845,59,-2.1585402609080546,MAP_SCADA,17,0.040352920251970126
0,x_tcsc,1-14,-0.10945176150756852,60,-0.11322089739296207,MAP_SCADA,17,0.003769135885393543
1,B_svc,2,0.16935793383633752,60,0.18331825945899513,MAP_SCADA,17,0.013960325622657616
2,UPFC_Vsh,5-15,1.1139613169432452,60,1.1054483183736596,MAP_SCADA,17,0.00851299856958554
3,UPFC_tsh,5-15,-0.23566920134996264,60,-0.22985985232200498,MAP_SCADA,17,0.005809349027957655
4,UPFC_Vse,5-15,0.05720458411055312,60,0.06172078957104056,MAP_SCADA,17,0.004516205460487442
5,UPFC_tse,5-15,-2.1149588358461378,60,-2.1585402609080546,MAP_SCADA,17,0.04358142506191687
0,x_tcsc,1-14,-0.10905522365335318,61,-0.11322089739296207,MAP_SCADA,17,0.004165673739608883
1,B_svc,2,0.1703607647786208,61,0.18331825945899513,MAP_SCADA,17,0.012957494680374326
2,UPFC_Vsh,5-15,1.1130767083751107,61,1.1054483183736596,MAP_SCADA,17,0.007628390001451102
3,UPFC_tsh,5-15,-0.23544033055215907,61,-0.22985985232200498,MAP_SCADA,17,0.00558047823015409
4,UPFC_Vse,5-15,0.057875494250938325,61,0.06172078957104056,MAP_SCADA,17,0.003845295320102235
5,UPFC_tse,5-15,-2.1204281948282167,61,-2.1585402609080546,MAP_SCADA,17,0.03811206607983797
0,x_tcsc,1-14,-0.10733114663304694,62,-0.11322089739296207,MAP_SCADA,17,0.00588975075991513
1,B_svc,2,0.17367688990675537,62,0.18331825945899513,MAP_SCADA,17,0.009641369552239765
2,UPFC_Vsh,5-15,1.1121862943112313,62,1.1054483183736596,MAP_SCADA,17,0.006737975937571639
3,UPFC_tsh,5-15,-0.23622970029102125,62,-0.22985985232200498,MAP_SCADA,17,0.006369847969016268
4,UPFC_Vse,5-15,0.057647980839804165,62,0.06172078957104056,MAP_SCADA,17,0.004072808731236395
5,UPFC_tse,5-15,-2.1197384212927988,62,-2.1585402609080546,MAP_SCADA,17,0.03880183961525585
0,x_tcsc,1-14,-0.10940497005741741,63,-0.11322089739296207,MAP_SCADA,17,0.0038159273355446582
1,B_svc,2,0.1726336661398208,63,0.18331825945899513,MAP_SCADA,17,0.010684593319174318
2,UPFC_Vsh,5-15,1.1087398307270746,63,1.1054483183736596,MAP_SCADA,17,0.0032915123534149604
3,UPFC_tsh,5-15,-0.2373871645118825,63,-0.22985985232200498,MAP_SCADA,17,0.007527312189877511
4,UPFC_Vse,5-15,0.05776814794156133,63,0.06172078957104056,MAP_SCADA,17,0.003952641629479232
5,UPFC_tse,5-15,-2.121343863462053,63,-2.1585402609080546,MAP_SCADA,17,0.03719639744600167
0,x_tcsc,1-14,-0.1046949546236351,64,-0.11322089739296207,MAP_SCADA,17,0.008525942769326972
1,B_svc,2,0.183445376860306,64,0.18331825945899513,MAP_SCADA,17,0.00012711740131085558
2,UPFC_Vsh,5-15,1.1131989879091804,64,1.1054483183736596,MAP_SCADA,17,0.007750669535520727
3,UPFC_tsh,5-15,-0.23781862115688623,64,-0.22985985232200498,MAP_SCADA,17,0.007958768834881252
4,UPFC_Vse,5-15,0.05759710799066543,64,0.06172078957104056,MAP_SCADA,17,0.004123681580375127
5,UPFC_tse,5-15,-2.1232312397924127,64,-2.1585402609080546,MAP_SCADA,17,0.035309021115641936
0,x_tcsc,1-14,-0.10787113157761462,65,-0.11322089739296207,MAP_SCADA,17,0.005349765815347449
1,B_svc,2,0.17266875712225543,65,0.18331825945899513,MAP_SCADA,17,0.010649502336739697
2,UPFC_Vsh,5-15,1.112803249263745,65,1.1054483183736596,MAP_SCADA,17,0.0073549308900853205
3,UPFC_tsh,5-15,-0.23576020759578165,65,-0.22985985232200498,MAP_SCADA,17,0.005900355273776664
4,UPFC_Vse,5-15,0.05738668038712711,65,0.06172078957104056,MAP_SCADA,17,0.00433410918391345
5,UPFC_tse,5-15,-2.117628484366634,65,-2.1585402609080546,MAP_SCADA,17,0.04091177654142042
0,x_tcsc,1-14,-0.10607910744277634,66,-0.11322089739296207,MAP_SCADA,17,0.007141789950185731
1,B_svc,2,0.1785011070050042,66,0.18331825945899513,MAP_SCADA,17,0.004817152453990919
2,UPFC_Vsh,5-15,1.1122669093630733,66,1.1054483183736596,MAP_SCADA,17,0.00681859098941362
3,UPFC_tsh,5-15,-0.2376299527673899,66,-0.22985985232200498,MAP_SCADA,17,0.007770100445384925
4,UPFC_Vse,5-15,0.0580228728162041,66,0.06172078957104056,MAP_SCADA,17,0.0036979167548364597
5,UPFC_tse,5-15,-2.11588414783405,66,-2.1585402609080546,MAP_SCADA,17,0.04265611307400441
0,x_tcsc,1-14,-0.10464633199777319,67,-0.11322089739296207,MAP_SCADA,17,0.008574565395188874
1,B_svc,2,0.1819534129198583,67,0.18331825945899513,MAP_SCADA,17,0.0013648465391368214
2,UPFC_Vsh,5-15,1.1109878453087363,67,1.1054483183736596,MAP_SCADA,17,0.005539526935076644
3,UPFC_tsh,5-15,-0.23816703002760867,67,-0.22985985232200498,MAP_SCADA,17,0.008307177705603686
4,UPFC_Vse,5-15,0.0575155112696389,67,0.06172078957104056,MAP_SCADA,17,0.00420527830140166
5,UPFC_tse,5-15,-2.1243584023779603,67,-2.1585402609080546,MAP_SCADA,17,0.03418185853009437
0,x_tcsc,1-14,-0.1048884806969986,68,-0.11322089739296207,MAP_SCADA,17,0.008332416695963463
1,B_svc,2,0.18233020135967012,68,0.18331825945899513,MAP_SCADA,17,0.0009880580993250065
2,UPFC_Vsh,5-15,1.1126787375375116,68,1.1054483183736596,MAP_SCADA,17,0.00723041916385192
3,UPFC_tsh,5-15,-0.23729777185293432,68,-0.22985985232200498,MAP_SCADA,17,0.007437919530929343
4,UPFC_Vse,5-15,0.057497301850630324,68,0.06172078957104056,MAP_SCADA,17,0.004223487720410236
5,UPFC_tse,5-15,-2.117353272936879,68,-2.1585402609080546,MAP_SCADA,17,0.041186987971175704
0,x_tcsc,1-14,-0.10890222542618458,69,-0.11322089739296207,MAP_SCADA,17,0.0043186719667774875
1,B_svc,2,0.16834420117020463,69,0.18331825945899513,MAP_SCADA,17,0.014974058288790504
2,UPFC_Vsh,5-15,1.1131104914482013,69,1.1054483183736596,MAP_SCADA,17,0.007662173074541645
3,UPFC_tsh,5-15,-0.23620664066360444,69,-0.22985985232200498,MAP_SCADA,17,0.006346788341599463
4,UPFC_Vse,5-15,0.05712520081716381,69,0.06172078957104056,MAP_SCADA,17,0.00459558875387675
5,UPFC_tse,5-15,-2.116181775780159,69,-2.1585402609080546,MAP_SCADA,17,0.04235848512789575
0,x_tcsc,1-14,-0.10783954312107445,70,-0.11322089739296207,MAP_SCADA,17,0.0053813542718876145
1,B_svc,2,0.1738012616177895,70,0.18331825945899513,MAP_SCADA,17,0.009516997841205632
2,UPFC_Vsh,5-15,1.109946175601687,70,1.1054483183736596,MAP_SCADA,17,0.004497857228027424
3,UPFC_tsh,5-15,-0.2370955958356482,70,-0.22985985232200498,MAP_SCADA,17,0.007235743513643228
4,UPFC_Vse,5-15,0.057627049096513644,70,0.06172078957104056,MAP_SCADA,17,0.004093740474526916
5,UPFC_tse,5-15,-2.1202167991094587,70,-2.1585402609080546,MAP_SCADA,17,0.038323461798595915
0,x_tcsc,1-14,-0.10534847168056283,71,-0.11322089739296207,MAP_SCADA,17,0.00787242571239924
1,B_svc,2,0.17955172099397773,71,0.18331825945899513,MAP_SCADA,17,0.0037665384650173994
2,UPFC_Vsh,5-15,1.1117192574047965,71,1.1054483183736596,MAP_SCADA,17,0.006270939031136846
3,UPFC_tsh,5-15,-0.23820653589537907,71,-0.22985985232200498,MAP_SCADA,17,0.008346683573374092
4,UPFC_Vse,5-15,0.05754757811938391,71,0.06172078957104056,MAP_SCADA,17,0.004173211451656653
5,UPFC_tse,5-15,-2.121658366823909,71,-2.1585402609080546,MAP_SCADA,17,0.03688189408414555
0,x_tcsc,1-14,-0.10742294616001442,72,-0.11322089739296207,MAP_SCADA,17,0.005797951232947643
1,B_svc,2,0.17430469223433764,72,0.18331825945899513,MAP_SCADA,17,0.009013567224657487
2,UPFC_Vsh,5-15,1.1143541824961813,72,1.1054483183736596,MAP_SCADA,17,0.0089058641225217
3,UPFC_tsh,5-15,-0.23620451737193204,72,-0.22985985232200498,MAP_SCADA,17,0.006344665049927062
4,UPFC_Vse,5-15,0.0572197988624672,72,0.06172078957104056,MAP_SCADA,17,0.004500990708573363
5,UPFC_tse,5-15,-2.113452791129322,72,-2.1585402609080546,MAP_SCADA,17,0.04508746977873246
0,x_tcsc,1-14,-0.10922969344645563,73,-0.11322089739296207,MAP_SCADA,17,0.003991203946506441
1,B_svc,2,0.16525146255622622,73,0.18331825945899513,MAP_SCADA,17,0.01806679690276891
2,UPFC_Vsh,5-15,1.1134568370282656,73,1.1054483183736596,MAP_SCADA,17,0.008008518654605945
3,UPFC_tsh,5-15,-0.2356698992780358,73,-0.22985985232200498,MAP_SCADA,17,0.005810046956030823
4,UPFC_Vse,5-15,0.05714227536138494,73,0.06172078957104056,MAP_SCADA,17,0.004578514209655618
5,UPFC_tse,5-15,-2.119651091064688,73,-2.1585402609080546,MAP_SCADA,17,0.038889169843366655
0,x_tcsc,1-14,-0.10431792148953327,74,-0.11322089739296207,MAP_SCADA,17,0.008902975903428798
1,B_svc,2,0.1811248064659187,74,0.18331825945899513,MAP_SCADA,17,0.002193452993076439
2,UPFC_Vsh,5-15,1.1099430822379803,74,1.1054483183736596,MAP_SCADA,17,0.004494763864320683
3,UPFC_tsh,5-15,-0.23852746172805828,74,-0.22985985232200498,MAP_SCADA,17,0.008667609406053295
4,UPFC_Vse,5-15,0.05784374657307531,74,0.06172078957104056,MAP_SCADA,17,0.0038770429979652493
5,UPFC_tse,5-15,-2.121425096913782,74,-2.1585402609080546,MAP_SCADA,17,0.03711516399427284
0,x_tcsc,1-14,-0.103353053211812,75,-0.11322089739296207,MAP_SCADA,17,0.009867844181150068
1,B_svc,2,0.18807150083032478,75,0.18331825945899513,MAP_SCADA,17,0.004753241371329653
2,UPFC_Vsh,5-15,1.1111700606315367,75,1.1054483183736596,MAP_SCADA,17,0.005721742257877027
3,UPFC_tsh,5-15,-0.2388301118941401,75,-0.22985985232200498,MAP_SCADA,17,0.008970259572135125
4,UPFC_Vse,5-15,0.057665588016663855,75,0.06172078957104056,MAP_SCADA,17,0.004055201554376706
5,UPFC_tse,5-15,-2.123561272171615,75,-2.1585402609080546,MAP_SCADA,17,0.034978988736439565
0,x_tcsc,1-14,-0.10893838338128896,76,-0.11322089739296207,MAP_SCADA,17,0.004282514011673108
1,B_svc,2,0.17015960069209635,76,0.18331825945899513,MAP_SCADA,17,0.013158658766898784
2,UPFC_Vsh,5-15,1.1136347042650967,76,1.1054483183736596,MAP_SCADA,17,0.008186385891437054
3,UPFC_tsh,5-15,-0.2356088372004739,76,-0.22985985232200498,MAP_SCADA,17,0.005748984878468921
4,UPFC_Vse,5-15,0.05739174891156154,76,0.06172078957104056,MAP_SCADA,17,0.004329040659479019
5,UPFC_tse,5-15,-2.1131298745475315,76,-2.1585402609080546,MAP_SCADA,17,0.04541038636052308
0,x_tcsc,1-14,-0.10677148640328579,77,-0.11322089739296207,MAP_SCADA,17,0.006449410989676274
1,B_svc,2,0.17490146294845868,77,0.18331825945899513,MAP_SCADA,17,0.00841679651053645
2,UPFC_Vsh,5-15,1.1099104962836785,77,1.1054483183736596,MAP_SCADA,17,0.004462177910018905
3,UPFC_tsh,5-15,-0.2369514487516909,77,-0.22985985232200498,MAP_SCADA,17,0.007091596429685931
4,UPFC_Vse,5-15,0.05773714951810732,77,0.06172078957104056,MAP_SCADA,17,0.003983640052933238
5,UPFC_tse,5-15,-2.1166647015932987,77,-2.1585402609080546,MAP_SCADA,17,0.04187555931475595
0,x_tcsc,1-14,-0.10924023694539466,78,-0.11322089739296207,MAP_SCADA,17,0.003980660447567411
1,B_svc,2,0.17022007529560623,78,0.18331825945899513,MAP_SCADA,17,0.013098184163388898
2,UPFC_Vsh,5-15,1.1133807467142431,78,1.1054483183736596,MAP_SCADA,17,0.007932428340583497
3,UPFC_tsh,5-15,-0.23596645081338674,78,-0.22985985232200498,MAP_SCADA,17,0.0061065984913817595
4,UPFC_Vse,5-15,0.05711119384068331,78,0.06172078957104056,MAP_SCADA,17,0.004609595730357248
5,UPFC_tse,5-15,-2.118052252316137,78,-2.1585402609080546,MAP_SCADA,17,0.0404880085919177
0,x_tcsc,1-14,-0.10743509187356443,79,-0.11322089739296207,MAP_SCADA,17,0.005785805519397641
1,B_svc,2,0.17324594257769063,79,0.18331825945899513,MAP_SCADA,17,0.0100723168813045
2,UPFC_Vsh,5-15,1.108719981361768,79,1.1054483183736596,MAP_SCADA,17,0.003271662988108437
3,UPFC_tsh,5-15,-0.23807533379593204,79,-0.22985985232200498,MAP_SCADA,17,0.008215481473927061
4,UPFC_Vse,5-15,0.05754558435882357,79,0.06172078957104056,MAP_SCADA,17,0.004175205212216988
5,UPFC_tse,5-15,-2.119357535515237,79,-2.1585402609080546,MAP_SCADA,17,0.03918272539281764
0,x_tcsc,1-14,-0.107329286458181,80,-0.11322089739296207,MAP_SCADA,17,0.005891610934781064
1,B_svc,2,0.17772680523582715,80,0.18331825945899513,MAP_SCADA,17,0.00559145422316798
2,UPFC_Vsh,5-15,1.1115344080452432,80,1.1054483183736596,MAP_SCADA,17,0.006086089671583528
3,UPFC_tsh,5-15,-0.23749761612930478,80,-0.22985985232200498,MAP_SCADA,17,0.007637763807299802
4,UPFC_Vse,5-15,0.05787973421424841,80,0.06172078957104056,MAP_SCADA,17,0.0038410553567921474
5,UPFC_tse,5-15,-2.11619148161768,80,-2.1585402609080546,MAP_SCADA,17,0.042348779290374505
0,x_tcsc,1-14,-0.10845470603263258,81,-0.11322089739296207,MAP_SCADA,17,0.004766191360329491
1,B_svc,2,0.17185062316901872,81,0.18331825945899513,MAP_SCADA,17,0.011467636289976407
2,UPFC_Vsh,5-15,1.1136041315982959,81,1.1054483183736596,MAP_SCADA,17,0.00815581322463621
3,UPFC_tsh,5-15,-0.2352518795033683,81,-0.22985985232200498,MAP_SCADA,17,0.005392027181363307
4,UPFC_Vse,5-15,0.0565316838469432,81,0.06172078957104056,MAP_SCADA,17,0.005189105724097358
5,UPFC_tse,5-15,-2.121089216774669,81,-2.1585402609080546,MAP_SCADA,17,0.037451044133385736
0,x_tcsc,1-14,-0.10728363738035555,82,-0.11322089739296207,MAP_SCADA,17,0.005937260012606513
1,B_svc,2,0.17660953080738076,82,0.18331825945899513,MAP_SCADA,17,0.006708728651614371
2,UPFC_Vsh,5-15,1.1133363796913327,82,1.1054483183736596,MAP_SCADA,17,0.007888061317673056
3,UPFC_tsh,5-15,-0.23557723587673135,82,-0.22985985232200498,MAP_SCADA,17,0.0057173835547263685
4,UPFC_Vse,5-15,0.057052670988737716,82,0.06172078957104056,MAP_SCADA,17,0.004668118582302844
5,UPFC_tse,5-15,-2.1125245344276045,82,-2.1585402609080546,MAP_SCADA,17,0.04601572648045016
0,x_tcsc,1-14,-0.10704909661563972,83,-0.11322089739296207,MAP_SCADA,17,0.0061718007773223504
1,B_svc,2,0.17439535340915538,83,0.18331825945899513,MAP_SCADA,17,0.008922906049839752
2,UPFC_Vsh,5-15,1.1138189432401893,83,1.1054483183736596,MAP_SCADA,17,0.008370624866529619
3,UPFC_tsh,5-15,-0.23591608576235498,83,-0.22985985232200498,MAP_SCADA,17,0.006056233440350001
4,UPFC_Vse,5-15,0.05755680394915602,83,0.06172078957104056,MAP_SCADA,17,0.004163985621884539
5,UPFC_tse,5-15,-2.1157134403197753,83,-2.1585402609080546,MAP_SCADA,17,0.04282682058827936
0,x_tcsc,1-14,-0.10676170257170853,84,-0.11322089739296207,MAP_SCADA,17,0.006459194821253539
1,B_svc,2,0.17690582416355186,84,0.18331825945899513,MAP_SCADA,17,0.006412435295443275
2,UPFC_Vsh,5-15,1.1119187557480708,84,1.1054483183736596,MAP_SCADA,17,0.006470437374411109
3,UPFC_tsh,5-15,-0.23693835217805137,84,-0.22985985232200498,MAP_SCADA,17,0.0070784998560463885
4,UPFC_Vse,5-15,0.05779647132148402,84,0.06172078957104056,MAP_SCADA,17,0.003924318249556538
5,UPFC_tse,5-15,-2.119832423144779,84,-2.1585402609080546,MAP_SCADA,17,0.03870783776327569
0,x_tcsc,1-14,-0.10433107499372325,85,-0.11322089739296207,MAP_SCADA,17,0.008889822399238814
1,B_svc,2,0.18503884107302948,85,0.18331825945899513,MAP_SCADA,17,0.00172058161403435
2,UPFC_Vsh,5-15,1.1096490244908552,85,1.1054483183736596,MAP_SCADA,17,0.004200706117195585
3,UPFC_tsh,5-15,-0.23908337904595656,85,-0.22985985232200498,MAP_SCADA,17,0.009223526723951575
4,UPFC_Vse,5-15,0.057711255599064704,85,0.06172078957104056,MAP_SCADA,17,0.004009533971975857
5,UPFC_tse,5-15,-2.121862773911793,85,-2.1585402609080546,MAP_SCADA,17,0.03667748699626161
0,x_tcsc,1-14,-0.10627085253489142,86,-0.11322089739296207,MAP_SCADA,17,0.006950044858070645
1,B_svc,2,0.177950381895317,86,0.18331825945899513,MAP_SCADA,17,0.005367877563678125
2,UPFC_Vsh,5-15,1.1115180763241355,86,1.1054483183736596,MAP_SCADA,17,0.006069757950475818
3,UPFC_tsh,5-15,-0.23679857101651225,86,-0.22985985232200498,MAP_SCADA,17,0.006938718694507268
4,UPFC_Vse,5-15,0.057956856977195124,86,0.06172078957104056,MAP_SCADA,17,0.0037639325938454357
5,UPFC_tse,5-15,-2.1201205352270294,86,-2.1585402609080546,MAP_SCADA,17,0.03841972568102525
0,x_tcsc,1-14,-0.10651687940064776,87,-0.11322089739296207,MAP_SCADA,17,0.006704017992314307
1,B_svc,2,0.18254309035161495,87,0.18331825945899513,MAP_SCADA,17,0.0007751691073801803
2,UPFC_Vsh,5-15,1.1098899213950526,87,1.1054483183736596,MAP_SCADA,17,0.004441603021392959
3,UPFC_tsh,5-15,-0.23761277738038303,87,-0.22985985232200498,MAP_SCADA,17,0.007752925058378046
4,UPFC_Vse,5-15,0.0574593173937414,87,0.06172078957104056,MAP_SCADA,17,0.004261472177299157
5,UPFC_tse,5-15,-2.121138093764339,87,-2.1585402609080546,MAP_SCADA,17,0.03740216714371547
0,x_tcsc,1-14,-0.1056307771781821,88,-0.11322089739296207,MAP_SCADA,17,0.0075901202147799635
1,B_svc,2,0.1824884266434068,88,0.18331825945899513,MAP_SCADA,17,0.0008298328155883217
2,UPFC_Vsh,5-15,1.1101963057729272,88,1.1054483183736596,MAP_SCADA,17,0.004747987399267517
3,UPFC_tsh,5-15,-0.23763002628571525,88,-0.22985985232200498,MAP_SCADA,17,0.00777017396371027
4,UPFC_Vse,5-15,0.05706675078108499,88,0.06172078957104056,MAP_SCADA,17,0.004654038789955572
5,UPFC_tse,5-15,-2.1196074179549385,88,-2.1585402609080546,MAP_SCADA,17,0.038932842953116165
0,x_tcsc,1-14,-0.1068650757269267,89,-0.11322089739296207,MAP_SCADA,17,0.006355821666035363
1,B_svc,2,0.17718067164134646,89,0.18331825945899513,MAP_SCADA,17,0.006137587817648671
2,UPFC_Vsh,5-15,1.1127660092473064,89,1.1054483183736596,MAP_SCADA,17,0.007317690873646754
3,UPFC_tsh,5-15,-0.2373073844773539,89,-0.22985985232200498,MAP_SCADA,17,0.007447532155348907
4,UPFC_Vse,5-15,0.05689366350326791,89,0.06172078957104056,MAP_SCADA,17,0.00482712606777265
5,UPFC_tse,5-15,-2.117896080173778,89,-2.1585402609080546,MAP_SCADA,17,0.04064418073427678
0,x_tcsc,1-14,-0.10699046471291579,90,-0.11322089739296207,MAP_SCADA,17,0.006230432680046277
1,B_svc,2,0.17719256344522044,90,0.18331825945899513,MAP_SCADA,17,0.00612569601377469
2,UPFC_Vsh,5-15,1.109052539356643,90,1.1054483183736596,MAP_SCADA,17,0.003604220982983408
3,UPFC_tsh,5-15,-0.23785065622494828,90,-0.22985985232200498,MAP_SCADA,17,0.007990803902943294
4,UPFC_Vse,5-15,0.05830466828765745,90,0.06172078957104056,MAP_SCADA,17,0.0034161212833831098
5,UPFC_tse,5-15,-2.120107730975188,90,-2.1585402609080546,MAP_SCADA,17,0.03843252993286672
0,x_tcsc,1-14,-0.10506074381709783,91,-0.11322089739296207,MAP_SCADA,17,0.008160153575864235
1,B_svc,2,0.18563134723275895,91,0.18331825945899513,MAP_SCADA,17,0.0023130877737638222
2,UPFC_Vsh,5-15,1.107344280444785,91,1.1054483183736596,MAP_SCADA,17,0.0018959620711254122
3,UPFC_tsh,5-15,-0.24009200989541232,91,-0.22985985232200498,MAP_SCADA,17,0.010232157573407341
4,UPFC_Vse,5-15,0.05745016323994678,91,0.06172078957104056,MAP_SCADA,17,0.004270626331093777
5,UPFC_tse,5-15,-2.129716491830026,91,-2.1585402609080546,MAP_SCADA,17,0.028823769078028416
0,x_tcsc,1-14,-0.10843316130367997,92,-0.11322089739296207,MAP_SCADA,17,0.004787736089282096
1,B_svc,2,0.171724517507776,92,0.18331825945899513,MAP_SCADA,17,0.011593741951219122
2,UPFC_Vsh,5-15,1.1124955617280345,92,1.1054483183736596,MAP_SCADA,17,0.007047243354374899
3,UPFC_tsh,5-15,-0.23592061914407508,92,-0.22985985232200498,MAP_SCADA,17,0.006060766822070102
4,UPFC_Vse,5-15,0.05764937454389893,92,0.06172078957104056,MAP_SCADA,17,0.004071415027141631
5,UPFC_tse,5-15,-2.115887173504994,92,-2.1585402609080546,MAP_SCADA,17,0.04265308740306084
0,x_tcsc,1-14,-0.10527819592613752,93,-0.11322089739296207,MAP_SCADA,17,0.007942701466824548
1,B_svc,2,0.18394801974922592,93,0.18331825945899513,MAP_SCADA,17,0.0006297602902307908
2,UPFC_Vsh,5-15,1.1121927994121752,93,1.1054483183736596,MAP_SCADA,17,0.0067444810385155485
3,UPFC_tsh,5-15,-0.23767845269493082,93,-0.22985985232200498,MAP_SCADA,17,0.007818600372925838
4,UPFC_Vse,5-15,0.05811935876557973,93,0.06172078957104056,MAP_SCADA,17,0.0036014308054608327
5,UPFC_tse,5-15,-2.1160067421541595,93,-2.1585402609080546,MAP_SCADA,17,0.042533518753895105
0,x_tcsc,1-14,-0.10848267666552323,94,-0.11322089739296207,MAP_SCADA,17,0.004738220727438833
1,B_svc,2,0.17129404864009537,94,0.18331825945899513,MAP_SCADA,17,0.012024210818899761
2,UPFC_Vsh,5-15,1.1113930301542858,94,1.1054483183736596,MAP_SCADA,17,0.005944711780626166
3,UPFC_tsh,5-15,-0.2362084475764398,94,-0.22985985232200498,MAP_SCADA,17,0.006348595254434819
4,UPFC_Vse,5-15,0.057179680241642564,94,0.06172078957104056,MAP_SCADA,17,0.0045411093293979965
5,UPFC_tse,5-15,-2.117519973685605,94,-2.1585402609080546,MAP_SCADA,17,0.041020287222449436
0,x_tcsc,1-14,-0.10609612643226632,95,-0.11322089739296207,MAP_SCADA,17,0.007124770960695748
1,B_svc,2,0.18034927342603962,95,0.18331825945899513,MAP_SCADA,17,0.0029689860329555062
2,UPFC_Vsh,5-15,1.1081572271684876,95,1.1054483183736596,MAP_SCADA,17,0.002708908794827991
3,UPFC_tsh,5-15,-0.23896856849243206,95,-0.22985985232200498,MAP_SCADA,17,0.009108716170427078
4,UPFC_Vse,5-15,0.05827706701732483,95,0.06172078957104056,MAP_SCADA,17,0.0034437225537157293
5,UPFC_tse,5-15,-2.1231450659637763,95,-2.1585402609080546,MAP_SCADA,17,0.03539519494427834
0,x_tcsc,1-14,-0.11072494674634924,96,-0.11322089739296207,MAP_SCADA,17,0.0024959506466128295
1,B_svc,2,0.16382259331556495,96,0.18331825945899513,MAP_SCADA,17,0.01949566614343018
2,UPFC_Vsh,5-15,1.1131482719824068,96,1.1054483183736596,MAP_SCADA,17,0.007699953608747201
3,UPFC_tsh,5-15,-0.23519080502005715,96,-0.22985985232200498,MAP_SCADA,17,0.0053309526980521715
4,UPFC_Vse,5-15,0.057372158170830606,96,0.06172078957104056,MAP_SCADA,17,0.004348631400209954
5,UPFC_tse,5-15,-2.1161767640182254,96,-2.1585402609080546,MAP_SCADA,17,0.04236349688982921
0,x_tcsc,1-14,-0.10717201549915735,97,-0.11322089739296207,MAP_SCADA,17,0.006048881893804717
1,B_svc,2,0.17993119020529763,97,0.18331825945899513,MAP_SCADA,17,0.0033870692536975
2,UPFC_Vsh,5-15,1.1113859768397536,97,1.1054483183736596,MAP_SCADA,17,0.0059376584660939535
3,UPFC_tsh,5-15,-0.23733175664322106,97,-0.22985985232200498,MAP_SCADA,17,0.007471904321216083
4,UPFC_Vse,5-15,0.05756112498967703,97,0.06172078957104056,MAP_SCADA,17,0.004159664581363527
5,UPFC_tse,5-15,-2.1183860517395594,97,-2.1585402609080546,MAP_SCADA,17,0.040154209168495214
0,x_tcsc,1-14,-0.10794320493711781,98,-0.11322089739296207,MAP_SCADA,17,0.005277692455844252
1,B_svc,2,0.17594575429682419,98,0.18331825945899513,MAP_SCADA,17,0.007372505162170945
2,UPFC_Vsh,5-15,1.1139945785284209,98,1.1054483183736596,MAP_SCADA,17,0.008546260154761232
3,UPFC_tsh,5-15,-0.23616473699877685,98,-0.22985985232200498,MAP_SCADA,17,0.006304884676771871
4,UPFC_Vse,5-15,0.057481413833521275,98,0.06172078957104056,MAP_SCADA,17,0.004239375737519285
5,UPFC_tse,5-15,-2.1167090690392265,98,-2.1585402609080546,MAP_SCADA,17,0.04183119186882811
0,x_tcsc,1-14,-0.10549981687781415,99,-0.11322089739296207,MAP_SCADA,17,0.007721080515147916
1,B_svc,2,0.18435980766770546,99,0.18331825945899513,MAP_SCADA,17,0.00104154820871033
2,UPFC_Vsh,5-15,1.110605632781286,99,1.1054483183736596,MAP_SCADA,17,0.0051573144076264565
3,UPFC_tsh,5-15,-0.23879532010179283,99,-0.22985985232200498,MAP_SCADA,17,0.008935467779787848
4,UPFC_Vse,5-15,0.0585592895290129,99,0.06172078957104056,MAP_SCADA,17,0.0031615000420276568
5,UPFC_tse,5-15,-2.120240844202484,99,-2.1585402609080546,MAP_SCADA,17,0.0382994167055708
0,x_tcsc,1-14,-0.10671143253086024,0,-0.11354314416308604,MAP_SCADA,19,0.006831711632225804
1,B_svc,2,0.17853734538277877,0,0.18328693294864615,MAP_SCADA,19,0.00474958756586738
2,UPFC_Vsh,5-15,1.1109207789140585,0,1.1043156118880415,MAP_SCADA,19,0.006605167026016989
3,UPFC_tsh,5-15,-0.23731745143979585,0,-0.2291201076256457,MAP_SCADA,19,0.00819734381415016
4,UPFC_Vse,5-15,0.05763375636709128,0,0.06277882033515635,MAP_SCADA,19,0.005145063968065064
5,UPFC_tse,5-15,-2.121116529035107,0,-2.1680451844362034,MAP_SCADA,19,0.046928655401096364
0,x_tcsc,1-14,-0.10884679222871829,1,-0.11354314416308604,MAP_SCADA,19,0.004696351934367751
1,B_svc,2,0.17210654984970408,1,0.18328693294864615,MAP_SCADA,19,0.011180383098942065
2,UPFC_Vsh,5-15,1.1125691339351063,1,1.1043156118880415,MAP_SCADA,19,0.008253522047064754
3,UPFC_tsh,5-15,-0.23614062783557177,1,-0.2291201076256457,MAP_SCADA,19,0.007020520209926079
4,UPFC_Vse,5-15,0.05726992650712081,1,0.06277882033515635,MAP_SCADA,19,0.005508893828035537
5,UPFC_tse,5-15,-2.114605669181904,1,-2.1680451844362034,MAP_SCADA,19,0.05343951525429924
0,x_tcsc,1-14,-0.106438597648498,2,-0.11354314416308604,MAP_SCADA,19,0.007104546514588042
1,B_svc,2,0.17900573324605812,2,0.18328693294864615,MAP_SCADA,19,0.004281199702588029
2,UPFC_Vsh,5-15,1.110557377207309,2,1.1043156118880415,MAP_SCADA,19,0.006241765319267456
3,UPFC_tsh,5-15,-0.23791607483260863,2,-0.2291201076256457,MAP_SCADA,19,0.008795967206962935
4,UPFC_Vse,5-15,0.05782458523939781,2,0.06277882033515635,MAP_SCADA,19,0.004954235095758534
5,UPFC_tse,5-15,-2.121047690115321,2,-2.1680451844362034,MAP_SCADA,19,0.04699749432088263
0,x_tcsc,1-14,-0.1082485724483868,3,-0.11354314416308604,MAP_SCADA,19,0.005294571714699242
1,B_svc,2,0.17084799387894223,3,0.18328693294864615,MAP_SCADA,19,0.01243893906970392
2,UPFC_Vsh,5-15,1.1133073606530108,3,1.1043156118880415,MAP_SCADA,19,0.008991748764969332
3,UPFC_tsh,5-15,-0.2352148361230751,3,-0.2291201076256457,MAP_SCADA,19,0.006094728497429397
4,UPFC_Vse,5-15,0.05744203276710792,3,0.06277882033515635,MAP_SCADA,19,0.005336787568048423
5,UPFC_tse,5-15,-2.1187469994643453,3,-2.1680451844362034,MAP_SCADA,19,0.04929818497185812
0,x_tcsc,1-14,-0.10589216153963375,4,-0.11354314416308604,MAP_SCADA,19,0.00765098262345229
1,B_svc,2,0.18057721027425636,4,0.18328693294864615,MAP_SCADA,19,0.0027097226743897918
2,UPFC_Vsh,5-15,1.1090639373079867,4,1.1043156118880415,MAP_SCADA,19,0.004748325419945187
3,UPFC_tsh,5-15,-0.23901694259159015,4,-0.2291201076256457,MAP_SCADA,19,0.009896834965944457
4,UPFC_Vse,5-15,0.057420897493637865,4,0.06277882033515635,MAP_SCADA,19,0.005357922841518481
5,UPFC_tse,5-15,-2.1217880216245173,4,-2.1680451844362034,MAP_SCADA,19,0.046257162811686126
0,x_tcsc,1-14,-0.10962718592320896,5,-0.11354314416308604,MAP_SCADA,19,0.003915958239877088
1,B_svc,2,0.16734710763118957,5,0.18328693294864615,MAP_SCADA,19,0.01593982531745658
2,UPFC_Vsh,5-15,1.113238663056068,5,1.1043156118880415,MAP_SCADA,19,0.008923051168026497
3,UPFC_tsh,5-15,-0.2353712142411416,5,-0.2291201076256457,MAP_SCADA,19,0.0062511066154959105
4,UPFC_Vse,5-15,0.05765870072751411,5,0.06277882033515635,MAP_SCADA,19,0.0051201196076422345
5,UPFC_tse,5-15,-2.116604966915444,5,-2.1680451844362034,MAP_SCADA,19,0.05144021752075956
0,x_tcsc,1-14,-0.1072394089863974,6,-0.11354314416308604,MAP_SCADA,19,0.006303735176688641
1,B_svc,2,0.17505832381110656,6,0.18328693294864615,MAP_SCADA,19,0.008228609137539589
2,UPFC_Vsh,5-15,1.1134733590139796,6,1.1043156118880415,MAP_SCADA,19,0.009157747125938087
3,UPFC_tsh,5-15,-0.23630289751870623,6,-0.2291201076256457,MAP_SCADA,19,0.007182789893060537
4,UPFC_Vse,5-15,0.057209379708297675,6,0.06277882033515635,MAP_SCADA,19,0.005569440626858671
5,UPFC_tse,5-15,-2.118697070191822,6,-2.1680451844362034,MAP_SCADA,19,0.049348114244381236
0,x_tcsc,1-14,-0.106904312225471,7,-0.11354314416308604,MAP_SCADA,19,0.006638831937615039
1,B_svc,2,0.17859066157689701,7,0.18328693294864615,MAP_SCADA,19,0.004696271371749133
2,UPFC_Vsh,5-15,1.1115241542852348,7,1.1043156118880415,MAP_SCADA,19,0.007208542397193263
3,UPFC_tsh,5-15,-0.23696277691500586,7,-0.2291201076256457,MAP_SCADA,19,0.007842669289360171
4,UPFC_Vse,5-15,0.05719135020998187,7,0.06277882033515635,MAP_SCADA,19,0.005587470125174479
5,UPFC_tse,5-15,-2.120352712191659,7,-2.1680451844362034,MAP_SCADA,19,0.047692472244544426
0,x_tcsc,1-14,-0.10584256465175358,8,-0.11354314416308604,MAP_SCADA,19,0.0077005795113324615
1,B_svc,2,0.17957565213745705,8,0.18328693294864615,MAP_SCADA,19,0.0037112808111890994
2,UPFC_Vsh,5-15,1.1114213514564535,8,1.1043156118880415,MAP_SCADA,19,0.007105739568411984
3,UPFC_tsh,5-15,-0.23804470709609643,8,-0.2291201076256457,MAP_SCADA,19,0.00892459947045074
4,UPFC_Vse,5-15,0.05767086577863096,8,0.06277882033515635,MAP_SCADA,19,0.005107954556525386
5,UPFC_tse,5-15,-2.1195907835996595,8,-2.1680451844362034,MAP_SCADA,19,0.048454400836543954
0,x_tcsc,1-14,-0.10784650785057542,9,-0.11354314416308604,MAP_SCADA,19,0.0056966363125106195
1,B_svc,2,0.17403306430088125,9,0.18328693294864615,MAP_SCADA,19,0.009253868647764896
2,UPFC_Vsh,5-15,1.1136591443971575,9,1.1043156118880415,MAP_SCADA,19,0.009343532509116015
3,UPFC_tsh,5-15,-0.23540412352425605,9,-0.2291201076256457,MAP_SCADA,19,0.006284015898610357
4,UPFC_Vse,5-15,0.05764721708836011,9,0.06277882033515635,MAP_SCADA,19,0.005131603246796235
5,UPFC_tse,5-15,-2.1166377891830908,9,-2.1680451844362034,MAP_SCADA,19,0.051407395253112664
0,x_tcsc,1-14,-0.10843919964143052,10,-0.11354314416308604,MAP_SCADA,19,0.0051039445216555235
1,B_svc,2,0.1733415956284689,10,0.18328693294864615,MAP_SCADA,19,0.009945337320177244
2,UPFC_Vsh,5-15,1.1120251269562094,10,1.1043156118880415,MAP_SCADA,19,0.00770951506816786
3,UPFC_tsh,5-15,-0.23596809646704503,10,-0.2291201076256457,MAP_SCADA,19,0.006847988841399338
4,UPFC_Vse,5-15,0.0564854939523338,10,0.06277882033515635,MAP_SCADA,19,0.006293326382822546
5,UPFC_tse,5-15,-2.1208915776861685,10,-2.1680451844362034,MAP_SCADA,19,0.04715360675003488
0,x_tcsc,1-14,-0.10717114851830077,11,-0.11354314416308604,MAP_SCADA,19,0.006371995644785272
1,B_svc,2,0.17747026057926507,11,0.18328693294864615,MAP_SCADA,19,0.005816672369381076
2,UPFC_Vsh,5-15,1.1124363488801543,11,1.1043156118880415,MAP_SCADA,19,0.008120736992112798
3,UPFC_tsh,5-15,-0.23632852993489933,11,-0.2291201076256457,MAP_SCADA,19,0.007208422309253643
4,UPFC_Vse,5-15,0.05659742194993677,11,0.06277882033515635,MAP_SCADA,19,0.006181398385219576
5,UPFC_tse,5-15,-2.1197408115722536,11,-2.1680451844362034,MAP_SCADA,19,0.04830437286394984
0,x_tcsc,1-14,-0.10802946345880032,12,-0.11354314416308604,MAP_SCADA,19,0.00551368070428572
1,B_svc,2,0.17281276942429238,12,0.18328693294864615,MAP_SCADA,19,0.010474163524353763
2,UPFC_Vsh,5-15,1.1130757120421997,12,1.1043156118880415,MAP_SCADA,19,0.008760100154158179
3,UPFC_tsh,5-15,-0.23632368050223404,12,-0.2291201076256457,MAP_SCADA,19,0.007203572876588349
4,UPFC_Vse,5-15,0.057571961367978236,12,0.06277882033515635,MAP_SCADA,19,0.00520685896717811
5,UPFC_tse,5-15,-2.1157178822797733,12,-2.1680451844362034,MAP_SCADA,19,0.05232730215643011
0,x_tcsc,1-14,-0.10570316958983077,13,-0.11354314416308604,MAP_SCADA,19,0.007839974573255276
1,B_svc,2,0.18249973312876458,13,0.18328693294864615,MAP_SCADA,19,0.0007871998198815677
2,UPFC_Vsh,5-15,1.1131296050156416,13,1.1043156118880415,MAP_SCADA,19,0.008813993127600117
3,UPFC_tsh,5-15,-0.23783442634788132,13,-0.2291201076256457,MAP_SCADA,19,0.008714318722235631
4,UPFC_Vse,5-15,0.056484936983598154,13,0.06277882033515635,MAP_SCADA,19,0.006293883351558192
5,UPFC_tse,5-15,-2.115261398749947,13,-2.1680451844362034,MAP_SCADA,19,0.0527837856862563
0,x_tcsc,1-14,-0.10694923876760283,14,-0.11354314416308604,MAP_SCADA,19,0.006593905395483213
1,B_svc,2,0.1769041692493913,14,0.18328693294864615,MAP_SCADA,19,0.006382763699254834
2,UPFC_Vsh,5-15,1.1121526642391235,14,1.1043156118880415,MAP_SCADA,19,0.007837052351082008
3,UPFC_tsh,5-15,-0.2370323619370798,14,-0.2291201076256457,MAP_SCADA,19,0.007912254311434108
4,UPFC_Vse,5-15,0.057139654468352036,14,0.06277882033515635,MAP_SCADA,19,0.00563916586680431
5,UPFC_tse,5-15,-2.1194773532602125,14,-2.1680451844362034,MAP_SCADA,19,0.04856783117599095
0,x_tcsc,1-14,-0.10869855072993599,15,-0.11354314416308604,MAP_SCADA,19,0.004844593433150052
1,B_svc,2,0.1722439116589828,15,0.18328693294864615,MAP_SCADA,19,0.011043021289663335
2,UPFC_Vsh,5-15,1.1123269308828758,15,1.1043156118880415,MAP_SCADA,19,0.008011318994834316
3,UPFC_tsh,5-15,-0.23591736677432862,15,-0.2291201076256457,MAP_SCADA,19,0.006797259148682927
4,UPFC_Vse,5-15,0.05746552861625833,15,0.06277882033515635,MAP_SCADA,19,0.005313291718898015
5,UPFC_tse,5-15,-2.114336762711501,15,-2.1680451844362034,MAP_SCADA,19,0.05370842172470258
0,x_tcsc,1-14,-0.10723509198330802,16,-0.11354314416308604,MAP_SCADA,19,0.00630805217977802
1,B_svc,2,0.17398967179522495,16,0.18328693294864615,MAP_SCADA,19,0.009297261153421194
2,UPFC_Vsh,5-15,1.1110458587351355,16,1.1043156118880415,MAP_SCADA,19,0.006730246847094001
3,UPFC_tsh,5-15,-0.23700163214610448,16,-0.2291201076256457,MAP_SCADA,19,0.007881524520458788
4,UPFC_Vse,5-15,0.05741412427159274,16,0.06277882033515635,MAP_SCADA,19,0.005364696063563608
5,UPFC_tse,5-15,-2.115454248723215,16,-2.1680451844362034,MAP_SCADA,19,0.05259093571298834
0,x_tcsc,1-14,-0.11066622826773613,17,-0.11354314416308604,MAP_SCADA,19,0.002876915895349913
1,B_svc,2,0.17213545326446683,17,0.18328693294864615,MAP_SCADA,19,0.011151479684179316
2,UPFC_Vsh,5-15,1.1101691119931705,17,1.1043156118880415,MAP_SCADA,19,0.0058535001051289726
3,UPFC_tsh,5-15,-0.23638238289548702,17,-0.2291201076256457,MAP_SCADA,19,0.007262275269841328
4,UPFC_Vse,5-15,0.05704571524866088,17,0.06277882033515635,MAP_SCADA,19,0.005733105086495466
5,UPFC_tse,5-15,-2.1255108704267474,17,-2.1680451844362034,MAP_SCADA,19,0.042534314009456065
0,x_tcsc,1-14,-0.10647726198792858,18,-0.11354314416308604,MAP_SCADA,19,0.007065882175157467
1,B_svc,2,0.17890991783106908,18,0.18328693294864615,MAP_SCADA,19,0.004377015117577071
2,UPFC_Vsh,5-15,1.1113916813722353,18,1.1043156118880415,MAP_SCADA,19,0.007076069484193814
3,UPFC_tsh,5-15,-0.23750430204608403,18,-0.2291201076256457,MAP_SCADA,19,0.008384194420438335
4,UPFC_Vse,5-15,0.0579754917237041,18,0.06277882033515635,MAP_SCADA,19,0.0048033286114522455
5,UPFC_tse,5-15,-2.1210878076752175,18,-2.1680451844362034,MAP_SCADA,19,0.04695737676098588
0,x_tcsc,1-14,-0.10880064867843024,19,-0.11354314416308604,MAP_SCADA,19,0.004742495484655801
1,B_svc,2,0.17236500079037237,19,0.18328693294864615,MAP_SCADA,19,0.010921932158273778
2,UPFC_Vsh,5-15,1.112334763295601,19,1.1043156118880415,MAP_SCADA,19,0.0080191514075596
3,UPFC_tsh,5-15,-0.23575835468156742,19,-0.2291201076256457,MAP_SCADA,19,0.0066382470559217255
4,UPFC_Vse,5-15,0.057420643843725014,19,0.06277882033515635,MAP_SCADA,19,0.005358176491431332
5,UPFC_tse,5-15,-2.1197007787621494,19,-2.1680451844362034,MAP_SCADA,19,0.04834440567405407
0,x_tcsc,1-14,-0.10681796471203604,20,-0.11354314416308604,MAP_SCADA,19,0.006725179451050001
1,B_svc,2,0.17723798368864258,20,0.18328693294864615,MAP_SCADA,19,0.006048949260003572
2,UPFC_Vsh,5-15,1.110328466941185,20,1.1043156118880415,MAP_SCADA,19,0.006012855053143529
3,UPFC_tsh,5-15,-0.2373060069040069,20,-0.2291201076256457,MAP_SCADA,19,0.00818589927836122
4,UPFC_Vse,5-15,0.05749209778155573,20,0.06277882033515635,MAP_SCADA,19,0.005286722553600617
5,UPFC_tse,5-15,-2.121057456966522,20,-2.1680451844362034,MAP_SCADA,19,0.046987727469681495
0,x_tcsc,1-14,-0.10640127987977131,21,-0.11354314416308604,MAP_SCADA,19,0.0071418642833147306
1,B_svc,2,0.17706400553147694,21,0.18328693294864615,MAP_SCADA,19,0.006222927417169205
2,UPFC_Vsh,5-15,1.1123414247957542,21,1.1043156118880415,MAP_SCADA,19,0.008025812907712648
3,UPFC_tsh,5-15,-0.23706487343632154,21,-0.2291201076256457,MAP_SCADA,19,0.007944765810675852
4,UPFC_Vse,5-15,0.05804808066265128,21,0.06277882033515635,MAP_SCADA,19,0.004730739672505063
5,UPFC_tse,5-15,-2.1199889860303824,21,-2.1680451844362034,MAP_SCADA,19,0.04805619840582098
0,x_tcsc,1-14,-0.1076874287003709,22,-0.11354314416308604,MAP_SCADA,19,0.005855715462715141
1,B_svc,2,0.17814371796425674,22,0.18328693294864615,MAP_SCADA,19,0.00514321498438941
2,UPFC_Vsh,5-15,1.1100397041732075,22,1.1043156118880415,MAP_SCADA,19,0.005724092285166016
3,UPFC_tsh,5-15,-0.2373992929814906,22,-0.2291201076256457,MAP_SCADA,19,0.008279185355844904
4,UPFC_Vse,5-15,0.05746102628000953,22,0.06277882033515635,MAP_SCADA,19,0.005317794055146818
5,UPFC_tse,5-15,-2.1138228571779285,22,-2.1680451844362034,MAP_SCADA,19,0.054222327258274916
0,x_tcsc,1-14,-0.11114173205442038,23,-0.11354314416308604,MAP_SCADA,19,0.0024014121086656653
1,B_svc,2,0.16571810927908867,23,0.18328693294864615,MAP_SCADA,19,0.017568823669557476
2,UPFC_Vsh,5-15,1.1102913160967147,23,1.1043156118880415,MAP_SCADA,19,0.005975704208673216
3,UPFC_tsh,5-15,-0.23612314344192717,23,-0.2291201076256457,MAP_SCADA,19,0.007003035816281478
4,UPFC_Vse,5-15,0.057828980132338344,23,0.06277882033515635,MAP_SCADA,19,0.0049498402028180025
5,UPFC_tse,5-15,-2.11634907225094,23,-2.1680451844362034,MAP_SCADA,19,0.05169611218526349
0,x_tcsc,1-14,-0.10707298918273737,24,-0.11354314416308604,MAP_SCADA,19,0.006470154980348669
1,B_svc,2,0.1750844181767696,24,0.18328693294864615,MAP_SCADA,19,0.008202514771876557
2,UPFC_Vsh,5-15,1.1103383294545885,24,1.1043156118880415,MAP_SCADA,19,0.006022717566547042
3,UPFC_tsh,5-15,-0.2373858961720593,24,-0.2291201076256457,MAP_SCADA,19,0.008265788546413605
4,UPFC_Vse,5-15,0.05783441093683506,24,0.06277882033515635,MAP_SCADA,19,0.0049444093983212895
5,UPFC_tse,5-15,-2.1211963531878606,24,-2.1680451844362034,MAP_SCADA,19,0.046848831248342826
0,x_tcsc,1-14,-0.10411209146765889,25,-0.11354314416308604,MAP_SCADA,19,0.009431052695427156
1,B_svc,2,0.18207388013521508,25,0.18328693294864615,MAP_SCADA,19,0.0012130528134310647
2,UPFC_Vsh,5-15,1.1099508617603815,25,1.1043156118880415,MAP_SCADA,19,0.005635249872339987
3,UPFC_tsh,5-15,-0.23921976991336424,25,-0.2291201076256457,MAP_SCADA,19,0.010099662287718553
4,UPFC_Vse,5-15,0.057215626624696495,25,0.06277882033515635,MAP_SCADA,19,0.005563193710459852
5,UPFC_tse,5-15,-2.1180417750198264,25,-2.1680451844362034,MAP_SCADA,19,0.05000340941637704
0,x_tcsc,1-14,-0.1078001605743693,26,-0.11354314416308604,MAP_SCADA,19,0.005742983588716749
1,B_svc,2,0.17458128190019787,26,0.18328693294864615,MAP_SCADA,19,0.008705651048448282
2,UPFC_Vsh,5-15,1.113580620074413,26,1.1043156118880415,MAP_SCADA,19,0.009265008186371437
3,UPFC_tsh,5-15,-0.23556159092886747,26,-0.2291201076256457,MAP_SCADA,19,0.006441483303221779
4,UPFC_Vse,5-15,0.05738429904808282,26,0.06277882033515635,MAP_SCADA,19,0.005394521287073524
5,UPFC_tse,5-15,-2.116182058227431,26,-2.1680451844362034,MAP_SCADA,19,0.051863126208772314
0,x_tcsc,1-14,-0.10825092537265413,27,-0.11354314416308604,MAP_SCADA,19,0.005292218790431916
1,B_svc,2,0.17430631258970788,27,0.18328693294864615,MAP_SCADA,19,0.008980620358938263
2,UPFC_Vsh,5-15,1.1114662475697654,27,1.1043156118880415,MAP_SCADA,19,0.007150635681723916
3,UPFC_tsh,5-15,-0.23746584465815873,27,-0.2291201076256457,MAP_SCADA,19,0.00834573703251304
4,UPFC_Vse,5-15,0.05788690302737337,27,0.06277882033515635,MAP_SCADA,19,0.004891917307782975
5,UPFC_tse,5-15,-2.118504077446963,27,-2.1680451844362034,MAP_SCADA,19,0.049541106989240635
0,x_tcsc,1-14,-0.1062730187523376,28,-0.11354314416308604,MAP_SCADA,19,0.0072701254107484375
1,B_svc,2,0.18103079162220884,28,0.18328693294864615,MAP_SCADA,19,0.002256141326437311
2,UPFC_Vsh,5-15,1.1087301109081895,28,1.1043156118880415,MAP_SCADA,19,0.0044144990201480105
3,UPFC_tsh,5-15,-0.2389396275716271,28,-0.2291201076256457,MAP_SCADA,19,0.009819519945981403
4,UPFC_Vse,5-15,0.05792850816793582,28,0.06277882033515635,MAP_SCADA,19,0.004850312167220525
5,UPFC_tse,5-15,-2.121591180104046,28,-2.1680451844362034,MAP_SCADA,19,0.04645400433215752
0,x_tcsc,1-14,-0.10653628707019851,29,-0.11354314416308604,MAP_SCADA,19,0.007006857092887536
1,B_svc,2,0.17965508087916948,29,0.18328693294864615,MAP_SCADA,19,0.0036318520694766654
2,UPFC_Vsh,5-15,1.1106446052036845,29,1.1043156118880415,MAP_SCADA,19,0.006328993315642961
3,UPFC_tsh,5-15,-0.2376731179045099,29,-0.2291201076256457,MAP_SCADA,19,0.00855301027886421
4,UPFC_Vse,5-15,0.05786677315107843,29,0.06277882033515635,MAP_SCADA,19,0.004912047184077915
5,UPFC_tse,5-15,-2.120222833999159,29,-2.1680451844362034,MAP_SCADA,19,0.0478223504370443
0,x_tcsc,1-14,-0.10952997111799802,30,-0.11354314416308604,MAP_SCADA,19,0.004013173045088025
1,B_svc,2,0.16919933850561206,30,0.18328693294864615,MAP_SCADA,19,0.01408759444303409
2,UPFC_Vsh,5-15,1.1127862661947077,30,1.1043156118880415,MAP_SCADA,19,0.008470654306666159
3,UPFC_tsh,5-15,-0.23534976633179824,30,-0.2291201076256457,MAP_SCADA,19,0.006229658706152552
4,UPFC_Vse,5-15,0.05792238850708715,30,0.06277882033515635,MAP_SCADA,19,0.004856431828069198
5,UPFC_tse,5-15,-2.1164729451535256,30,-2.1680451844362034,MAP_SCADA,19,0.051572239282677845
0,x_tcsc,1-14,-0.10715060791579066,31,-0.11354314416308604,MAP_SCADA,19,0.006392536247295383
1,B_svc,2,0.17281241655909546,31,0.18328693294864615,MAP_SCADA,19,0.010474516389550687
2,UPFC_Vsh,5-15,1.1121750737216747,31,1.1043156118880415,MAP_SCADA,19,0.007859461833633175
3,UPFC_tsh,5-15,-0.23612890048767649,31,-0.2291201076256457,MAP_SCADA,19,0.007008792862030794
4,UPFC_Vse,5-15,0.05741113562187503,31,0.06277882033515635,MAP_SCADA,19,0.0053676847132813135
5,UPFC_tse,5-15,-2.118555531744554,31,-2.1680451844362034,MAP_SCADA,19,0.04948965269164951
0,x_tcsc,1-14,-0.10738626062904685,32,-0.11354314416308604,MAP_SCADA,19,0.00615688353403919
1,B_svc,2,0.17330701774645507,32,0.18328693294864615,MAP_SCADA,19,0.009979915202191075
2,UPFC_Vsh,5-15,1.1120310826835351,32,1.1043156118880415,MAP_SCADA,19,0.0077154707954936175
3,UPFC_tsh,5-15,-0.23617144897870454,32,-0.2291201076256457,MAP_SCADA,19,0.007051341353058849
4,UPFC_Vse,5-15,0.05687457505896244,32,0.06277882033515635,MAP_SCADA,19,0.0059042452761939035
5,UPFC_tse,5-15,-2.123660023297658,32,-2.1680451844362034,MAP_SCADA,19,0.04438516113854529
0,x_tcsc,1-14,-0.10693539844775564,33,-0.11354314416308604,MAP_SCADA,19,0.006607745715330404
1,B_svc,2,0.17768917211592447,33,0.18328693294864615,MAP_SCADA,19,0.005597760832721677
2,UPFC_Vsh,5-15,1.1095148249414561,33,1.1043156118880415,MAP_SCADA,19,0.005199213053414642
3,UPFC_tsh,5-15,-0.2371331944262661,33,-0.2291201076256457,MAP_SCADA,19,0.008013086800620406
4,UPFC_Vse,5-15,0.05721563919140297,33,0.06277882033515635,MAP_SCADA,19,0.005563181143753378
5,UPFC_tse,5-15,-2.1196271921111913,33,-2.1680451844362034,MAP_SCADA,19,0.048417992325012094
0,x_tcsc,1-14,-0.10687992533692643,34,-0.11354314416308604,MAP_SCADA,19,0.0066632188261596115
1,B_svc,2,0.17401309726872008,34,0.18328693294864615,MAP_SCADA,19,0.009273835679926068
2,UPFC_Vsh,5-15,1.1123769845319478,34,1.1043156118880415,MAP_SCADA,19,0.008061372643906273
3,UPFC_tsh,5-15,-0.23616750209149165,34,-0.2291201076256457,MAP_SCADA,19,0.0070473944658459575
4,UPFC_Vse,5-15,0.05717751357900006,34,0.06277882033515635,MAP_SCADA,19,0.005601306756156284
5,UPFC_tse,5-15,-2.1212191870108876,34,-2.1680451844362034,MAP_SCADA,19,0.04682599742531579
0,x_tcsc,1-14,-0.10736731801715636,35,-0.11354314416308604,MAP_SCADA,19,0.00617582614592968
1,B_svc,2,0.1743344664120881,35,0.18328693294864615,MAP_SCADA,19,0.00895246653655804
2,UPFC_Vsh,5-15,1.1121640478067782,35,1.1043156118880415,MAP_SCADA,19,0.00784843591873674
3,UPFC_tsh,5-15,-0.23680846597136743,35,-0.2291201076256457,MAP_SCADA,19,0.007688358345721735
4,UPFC_Vse,5-15,0.057952360550922254,35,0.06277882033515635,MAP_SCADA,19,0.0048264597842340926
5,UPFC_tse,5-15,-2.1169531607381513,35,-2.1680451844362034,MAP_SCADA,19,0.0510920236980521
0,x_tcsc,1-14,-0.10815347514458465,36,-0.11354314416308604,MAP_SCADA,19,0.005389669018501395
1,B_svc,2,0.1710697004082666,36,0.18328693294864615,MAP_SCADA,19,0.012217232540379541
2,UPFC_Vsh,5-15,1.1137240188584057,36,1.1043156118880415,MAP_SCADA,19,0.009408406970364158
3,UPFC_tsh,5-15,-0.2358246848062136,36,-0.2291201076256457,MAP_SCADA,19,0.006704577180567911
4,UPFC_Vse,5-15,0.057245825627543545,36,0.06277882033515635,MAP_SCADA,19,0.005532994707612801
5,UPFC_tse,5-15,-2.1175965349312516,36,-2.1680451844362034,MAP_SCADA,19,0.05044864950495187
0,x_tcsc,1-14,-0.10475515592541516,37,-0.11354314416308604,MAP_SCADA,19,0.00878798823767088
1,B_svc,2,0.18309482267944,37,0.18328693294864615,MAP_SCADA,19,0.0001921102692061527
2,UPFC_Vsh,5-15,1.1127906253327882,37,1.1043156118880415,MAP_SCADA,19,0.00847501344474666
3,UPFC_tsh,5-15,-0.23802310460401754,37,-0.2291201076256457,MAP_SCADA,19,0.008902996978371852
4,UPFC_Vse,5-15,0.057431952367715214,37,0.06277882033515635,MAP_SCADA,19,0.005346867967441132
5,UPFC_tse,5-15,-2.1199405418760775,37,-2.1680451844362034,MAP_SCADA,19,0.04810464256012592
0,x_tcsc,1-14,-0.10742269392758334,38,-0.11354314416308604,MAP_SCADA,19,0.0061204502355027
1,B_svc,2,0.1755004971401978,38,0.18328693294864615,MAP_SCADA,19,0.007786435808448344
2,UPFC_Vsh,5-15,1.1130201419013812,38,1.1043156118880415,MAP_SCADA,19,0.008704530013339706
3,UPFC_tsh,5-15,-0.23693363430979963,38,-0.2291201076256457,MAP_SCADA,19,0.007813526684153943
4,UPFC_Vse,5-15,0.057205520786809703,38,0.06277882033515635,MAP_SCADA,19,0.005573299548346643
5,UPFC_tse,5-15,-2.1205146025924075,38,-2.1680451844362034,MAP_SCADA,19,0.04753058184379588
0,x_tcsc,1-14,-0.10641915634401529,39,-0.11354314416308604,MAP_SCADA,19,0.007123987819070754
1,B_svc,2,0.17958337075122596,39,0.18328693294864615,MAP_SCADA,19,0.003703562197420185
2,UPFC_Vsh,5-15,1.1118914083314206,39,1.1043156118880415,MAP_SCADA,19,0.007575796443379135
3,UPFC_tsh,5-15,-0.23774754611117094,39,-0.2291201076256457,MAP_SCADA,19,0.008627438485525246
4,UPFC_Vse,5-15,0.057058229476306656,39,0.06277882033515635,MAP_SCADA,19,0.00572059085884969
5,UPFC_tse,5-15,-2.120243704132217,39,-2.1680451844362034,MAP_SCADA,19,0.047801480303986565
0,x_tcsc,1-14,-0.10714899839915103,40,-0.11354314416308604,MAP_SCADA,19,0.006394145763935016
1,B_svc,2,0.17792801003384645,40,0.18328693294864615,MAP_SCADA,19,0.005358922914799696
2,UPFC_Vsh,5-15,1.1104977926102153,40,1.1043156118880415,MAP_SCADA,19,0.006182180722173802
3,UPFC_tsh,5-15,-0.23778322722768935,40,-0.2291201076256457,MAP_SCADA,19,0.008663119602043662
4,UPFC_Vse,5-15,0.05763455838128357,40,0.06277882033515635,MAP_SCADA,19,0.005144261953872777
5,UPFC_tse,5-15,-2.121763490823035,40,-2.1680451844362034,MAP_SCADA,19,0.04628169361316825
0,x_tcsc,1-14,-0.10747628103650513,41,-0.11354314416308604,MAP_SCADA,19,0.006066863126580918
1,B_svc,2,0.17201780849316667,41,0.18328693294864615,MAP_SCADA,19,0.011269124455479479
2,UPFC_Vsh,5-15,1.1132964947085866,41,1.1043156118880415,MAP_SCADA,19,0.0089808828205451
3,UPFC_tsh,5-15,-0.23655377141994835,41,-0.2291201076256457,MAP_SCADA,19,0.0074336637943026584
4,UPFC_Vse,5-15,0.05694790652530009,41,0.06277882033515635,MAP_SCADA,19,0.0058309138098562585
5,UPFC_tse,5-15,-2.115871417344491,41,-2.1680451844362034,MAP_SCADA,19,0.05217376709171262
0,x_tcsc,1-14,-0.1081257980000313,42,-0.11354314416308604,MAP_SCADA,19,0.00541734616305474
1,B_svc,2,0.1726483542993937,42,0.18328693294864615,MAP_SCADA,19,0.01063857864925244
2,UPFC_Vsh,5-15,1.1121568098072536,42,1.1043156118880415,MAP_SCADA,19,0.007841197919212117
3,UPFC_tsh,5-15,-0.23570650257828626,42,-0.2291201076256457,MAP_SCADA,19,0.006586394952640573
4,UPFC_Vse,5-15,0.057391783915916594,42,0.06277882033515635,MAP_SCADA,19,0.005387036419239752
5,UPFC_tse,5-15,-2.1223150055765987,42,-2.1680451844362034,MAP_SCADA,19,0.04573017885960473
0,x_tcsc,1-14,-0.10919026678444572,43,-0.11354314416308604,MAP_SCADA,19,0.0043528773786403185
1,B_svc,2,0.17006330659842472,43,0.18328693294864615,MAP_SCADA,19,0.013223626350221424
2,UPFC_Vsh,5-15,1.1123500259968075,43,1.1043156118880415,MAP_SCADA,19,0.008034414108766041
3,UPFC_tsh,5-15,-0.23560811988148292,43,-0.2291201076256457,MAP_SCADA,19,0.006488012255837228
4,UPFC_Vse,5-15,0.057593251453399046,43,0.06277882033515635,MAP_SCADA,19,0.005185568881757301
5,UPFC_tse,5-15,-2.1151039880453184,43,-2.1680451844362034,MAP_SCADA,19,0.052941196390885015
0,x_tcsc,1-14,-0.10530229352998717,44,-0.11354314416308604,MAP_SCADA,19,0.008240850633098873
1,B_svc,2,0.1829660034812352,44,0.18328693294864615,MAP_SCADA,19,0.00032092946741094086
2,UPFC_Vsh,5-15,1.109897014642047,44,1.1043156118880415,MAP_SCADA,19,0.005581402754005538
3,UPFC_tsh,5-15,-0.23859001452834347,44,-0.2291201076256457,MAP_SCADA,19,0.009469906902697778
4,UPFC_Vse,5-15,0.058221711031435495,44,0.06277882033515635,MAP_SCADA,19,0.004557109303720851
5,UPFC_tse,5-15,-2.116964072987721,44,-2.1680451844362034,MAP_SCADA,19,0.051081111448482375
0,x_tcsc,1-14,-0.1069256538871445,45,-0.11354314416308604,MAP_SCADA,19,0.006617490275941537
1,B_svc,2,0.177465266753047,45,0.18328693294864615,MAP_SCADA,19,0.005821666195599151
2,UPFC_Vsh,5-15,1.1114206874199102,45,1.1043156118880415,MAP_SCADA,19,0.0071050755318686765
3,UPFC_tsh,5-15,-0.23689545053861744,45,-0.2291201076256457,MAP_SCADA,19,0.007775342912971744
4,UPFC_Vse,5-15,0.057539741316308304,45,0.06277882033515635,MAP_SCADA,19,0.005239079018848042
5,UPFC_tse,5-15,-2.1171370386148687,45,-2.1680451844362034,MAP_SCADA,19,0.05090814582133474
0,x_tcsc,1-14,-0.10802781666215394,46,-0.11354314416308604,MAP_SCADA,19,0.005515327500932102
1,B_svc,2,0.1738286788546785,46,0.18328693294864615,MAP_SCADA,19,0.009458254093967638
2,UPFC_Vsh,5-15,1.11293370639085,46,1.1043156118880415,MAP_SCADA,19,0.008618094502808482
3,UPFC_tsh,5-15,-0.236790719974732,46,-0.2291201076256457,MAP_SCADA,19,0.007670612349086309
4,UPFC_Vse,5-15,0.057103383298049065,46,0.06277882033515635,MAP_SCADA,19,0.005675437037107281
5,UPFC_tse,5-15,-2.1179202109526556,46,-2.1680451844362034,MAP_SCADA,19,0.05012497348354783
0,x_tcsc,1-14,-0.10709329858503407,47,-0.11354314416308604,MAP_SCADA,19,0.006449845578051977
1,B_svc,2,0.173253329722418,47,0.18328693294864615,MAP_SCADA,19,0.01003360322622815
2,UPFC_Vsh,5-15,1.1130769853263658,47,1.1043156118880415,MAP_SCADA,19,0.008761373438324283
3,UPFC_tsh,5-15,-0.23619945386340394,47,-0.2291201076256457,MAP_SCADA,19,0.007079346237758244
4,UPFC_Vse,5-15,0.05764670213138666,47,0.06277882033515635,MAP_SCADA,19,0.005132118203769687
5,UPFC_tse,5-15,-2.1178733164843204,47,-2.1680451844362034,MAP_SCADA,19,0.050171867951883
0,x_tcsc,1-14,-0.10719051328101499,48,-0.11354314416308604,MAP_SCADA,19,0.006352630882071053
1,B_svc,2,0.17618814701774743,48,0.18328693294864615,MAP_SCADA,19,0.007098785930898716
2,UPFC_Vsh,5-15,1.1137388699268482,48,1.1043156118880415,MAP_SCADA,19,0.009423258038806726
3,UPFC_tsh,5-15,-0.23554054106717964,48,-0.2291201076256457,MAP_SCADA,19,0.0064204334415339515
4,UPFC_Vse,5-15,0.05692696717314711,48,0.06277882033515635,MAP_SCADA,19,0.0058518531620092365
5,UPFC_tse,5-15,-2.118333333343752,48,-2.1680451844362034,MAP_SCADA,19,0.049711851092451464
0,x_tcsc,1-14,-0.10866601044350763,49,-0.11354314416308604,MAP_SCADA,19,0.0048771337195784165
1,B_svc,2,0.1710053873058158,49,0.18328693294864615,MAP_SCADA,19,0.01228154564283035
2,UPFC_Vsh,5-15,1.1121595017507595,49,1.1043156118880415,MAP_SCADA,19,0.007843889862718001
3,UPFC_tsh,5-15,-0.2359778989630055,49,-0.2291201076256457,MAP_SCADA,19,0.006857791337359809
4,UPFC_Vse,5-15,0.05723723522516479,49,0.06277882033515635,MAP_SCADA,19,0.005541585109991559
5,UPFC_tse,5-15,-2.1162183015920553,49,-2.1680451844362034,MAP_SCADA,19,0.05182688284414816
0,x_tcsc,1-14,-0.10901937796112277,50,-0.11354314416308604,MAP_SCADA,19,0.004523766201963278
1,B_svc,2,0.16959306694005918,50,0.18328693294864615,MAP_SCADA,19,0.013693866008586963
2,UPFC_Vsh,5-15,1.1129934283863259,50,1.1043156118880415,MAP_SCADA,19,0.008677816498284363
3,UPFC_tsh,5-15,-0.23572793347299587,50,-0.2291201076256457,MAP_SCADA,19,0.006607825847350174
4,UPFC_Vse,5-15,0.05764673609842407,50,0.06277882033515635,MAP_SCADA,19,0.005132084236732275
5,UPFC_tse,5-15,-2.118481715803393,50,-2.1680451844362034,MAP_SCADA,19,0.04956346863281036
0,x_tcsc,1-14,-0.10931226325956275,51,-0.11354314416308604,MAP_SCADA,19,0.00423088090352329
1,B_svc,2,0.16790873900292247,51,0.18328693294864615,MAP_SCADA,19,0.015378193945723678
2,UPFC_Vsh,5-15,1.1126616705910577,51,1.1043156118880415,MAP_SCADA,19,0.00834605870301619
3,UPFC_tsh,5-15,-0.2364188554805837,51,-0.2291201076256457,MAP_SCADA,19,0.007298747854938004
4,UPFC_Vse,5-15,0.057683554161929884,51,0.06277882033515635,MAP_SCADA,19,0.005095266173226462
5,UPFC_tse,5-15,-2.1187258940414506,51,-2.1680451844362034,MAP_SCADA,19,0.0493192903947528
0,x_tcsc,1-14,-0.10695079648572353,52,-0.11354314416308604,MAP_SCADA,19,0.006592347677362512
1,B_svc,2,0.17765441432496182,52,0.18328693294864615,MAP_SCADA,19,0.005632518623684329
2,UPFC_Vsh,5-15,1.1107767750385993,52,1.1043156118880415,MAP_SCADA,19,0.0064611631505577805
3,UPFC_tsh,5-15,-0.23801910026457151,52,-0.2291201076256457,MAP_SCADA,19,0.008898992638925823
4,UPFC_Vse,5-15,0.05789410719761008,52,0.06277882033515635,MAP_SCADA,19,0.004884713137546265
5,UPFC_tse,5-15,-2.1180835578894164,52,-2.1680451844362034,MAP_SCADA,19,0.04996162654678704
0,x_tcsc,1-14,-0.10579999281105353,53,-0.11354314416308604,MAP_SCADA,19,0.007743151352032518
1,B_svc,2,0.18205396316733946,53,0.18328693294864615,MAP_SCADA,19,0.0012329697813066864
2,UPFC_Vsh,5-15,1.109267996697699,53,1.1043156118880415,MAP_SCADA,19,0.00495238480965754
3,UPFC_tsh,5-15,-0.23819604051412727,53,-0.2291201076256457,MAP_SCADA,19,0.009075932888481575
4,UPFC_Vse,5-15,0.05724544595243886,53,0.06277882033515635,MAP_SCADA,19,0.005533374382717483
5,UPFC_tse,5-15,-2.1229365299297847,53,-2.1680451844362034,MAP_SCADA,19,0.045108654506418766
0,x_tcsc,1-14,-0.106223577746768,54,-0.11354314416308604,MAP_SCADA,19,0.007319566416318049
1,B_svc,2,0.17719157491400092,54,0.18328693294864615,MAP_SCADA,19,0.006095358034645226
2,UPFC_Vsh,5-15,1.111956043609763,54,1.1043156118880415,MAP_SCADA,19,0.0076404317217215745
3,UPFC_tsh,5-15,-0.2378113739765671,54,-0.2291201076256457,MAP_SCADA,19,0.008691266350921406
4,UPFC_Vse,5-15,0.057130967663296575,54,0.06277882033515635,MAP_SCADA,19,0.005647852671859771
5,UPFC_tse,5-15,-2.12161004485105,54,-2.1680451844362034,MAP_SCADA,19,0.04643513958515344
0,x_tcsc,1-14,-0.1048808287150344,55,-0.11354314416308604,MAP_SCADA,19,0.008662315448051641
1,B_svc,2,0.18023016762748467,55,0.18328693294864615,MAP_SCADA,19,0.0030567653211614754
2,UPFC_Vsh,5-15,1.111015522773831,55,1.1043156118880415,MAP_SCADA,19,0.006699910885789473
3,UPFC_tsh,5-15,-0.2379659931537663,55,-0.2291201076256457,MAP_SCADA,19,0.0088458855281206
4,UPFC_Vse,5-15,0.05771664330509277,55,0.06277882033515635,MAP_SCADA,19,0.005062177030063578
5,UPFC_tse,5-15,-2.1190069084086782,55,-2.1680451844362034,MAP_SCADA,19,0.049038276027525196
0,x_tcsc,1-14,-0.10573173835744157,56,-0.11354314416308604,MAP_SCADA,19,0.007811405805644475
1,B_svc,2,0.1817970034926586,56,0.18328693294864615,MAP_SCADA,19,0.0014899294559875542
2,UPFC_Vsh,5-15,1.111027770285367,56,1.1043156118880415,MAP_SCADA,19,0.0067121583973255294
3,UPFC_tsh,5-15,-0.23812830497551066,56,-0.2291201076256457,MAP_SCADA,19,0.009008197349864966
4,UPFC_Vse,5-15,0.05736210880287201,56,0.06277882033515635,MAP_SCADA,19,0.005416711532284339
5,UPFC_tse,5-15,-2.1198983441293033,56,-2.1680451844362034,MAP_SCADA,19,0.048146840306900085
0,x_tcsc,1-14,-0.10709092763731871,57,-0.11354314416308604,MAP_SCADA,19,0.006452216525767329
1,B_svc,2,0.17484046073839904,57,0.18328693294864615,MAP_SCADA,19,0.008446472210247108
2,UPFC_Vsh,5-15,1.1133469525661213,57,1.1043156118880415,MAP_SCADA,19,0.009031340678079758
3,UPFC_tsh,5-15,-0.23718555045047204,57,-0.2291201076256457,MAP_SCADA,19,0.008065442824826352
4,UPFC_Vse,5-15,0.057613084439732426,57,0.06277882033515635,MAP_SCADA,19,0.00516573589542392
5,UPFC_tse,5-15,-2.1183658311697195,57,-2.1680451844362034,MAP_SCADA,19,0.04967935326648387
0,x_tcsc,1-14,-0.10714063314851686,58,-0.11354314416308604,MAP_SCADA,19,0.006402511014569179
1,B_svc,2,0.17242772742543125,58,0.18328693294864615,MAP_SCADA,19,0.010859205523214899
2,UPFC_Vsh,5-15,1.1108335546560917,58,1.1043156118880415,MAP_SCADA,19,0.006517942768050178
3,UPFC_tsh,5-15,-0.23746284602796666,58,-0.2291201076256457,MAP_SCADA,19,0.00834273840232097
4,UPFC_Vse,5-15,0.05689107134771026,58,0.06277882033515635,MAP_SCADA,19,0.005887748987446088
5,UPFC_tse,5-15,-2.122073449832775,58,-2.1680451844362034,MAP_SCADA,19,0.045971734603428516
0,x_tcsc,1-14,-0.10523444359924194,59,-0.11354314416308604,MAP_SCADA,19,0.008308700563844099
1,B_svc,2,0.1793597647528677,59,0.18328693294864615,MAP_SCADA,19,0.003927168195778458
2,UPFC_Vsh,5-15,1.1107857115531186,59,1.1043156118880415,MAP_SCADA,19,0.006470099665077056
3,UPFC_tsh,5-15,-0.23789177797441755,59,-0.2291201076256457,MAP_SCADA,19,0.008771670348771854
4,UPFC_Vse,5-15,0.05768282997508247,59,0.06277882033515635,MAP_SCADA,19,0.005095990360073875
5,UPFC_tse,5-15,-2.1181873406560845,59,-2.1680451844362034,MAP_SCADA,19,0.04985784378011893
0,x_tcsc,1-14,-0.10945176150756852,60,-0.11354314416308604,MAP_SCADA,19,0.00409138265551752
1,B_svc,2,0.16935793383633752,60,0.18328693294864615,MAP_SCADA,19,0.013928999112308632
2,UPFC_Vsh,5-15,1.1139613169432452,60,1.1043156118880415,MAP_SCADA,19,0.00964570505520368
3,UPFC_tsh,5-15,-0.23566920134996264,60,-0.2291201076256457,MAP_SCADA,19,0.006549093724316946
4,UPFC_Vse,5-15,0.05720458411055312,60,0.06277882033515635,MAP_SCADA,19,0.005574236224603228
5,UPFC_tse,5-15,-2.1149588358461378,60,-2.1680451844362034,MAP_SCADA,19,0.05308634859006567
0,x_tcsc,1-14,-0.10905522365335318,61,-0.11354314416308604,MAP_SCADA,19,0.0044879205097328595
1,B_svc,2,0.1703607647786208,61,0.18328693294864615,MAP_SCADA,19,0.012926168170025343
2,UPFC_Vsh,5-15,1.1130767083751107,61,1.1043156118880415,MAP_SCADA,19,0.008761096487069242
3,UPFC_tsh,5-15,-0.23544033055215907,61,-0.2291201076256457,MAP_SCADA,19,0.00632022292651338
4,UPFC_Vse,5-15,0.057875494250938325,61,0.06277882033515635,MAP_SCADA,19,0.004903326084218021
5,UPFC_tse,5-15,-2.1204281948282167,61,-2.1680451844362034,MAP_SCADA,19,0.04761698960798677
0,x_tcsc,1-14,-0.10733114663304694,62,-0.11354314416308604,MAP_SCADA,19,0.006211997530039107
1,B_svc,2,0.17367688990675537,62,0.18328693294864615,MAP_SCADA,19,0.009610043041890781
2,UPFC_Vsh,5-15,1.1121862943112313,62,1.1043156118880415,MAP_SCADA,19,0.007870682423189779
3,UPFC_tsh,5-15,-0.23622970029102125,62,-0.2291201076256457,MAP_SCADA,19,0.007109592665375558
4,UPFC_Vse,5-15,0.057647980839804165,62,0.06277882033515635,MAP_SCADA,19,0.005130839495352181
5,UPFC_tse,5-15,-2.1197384212927988,62,-2.1680451844362034,MAP_SCADA,19,0.04830676314340465
0,x_tcsc,1-14,-0.10940497005741741,63,-0.11354314416308604,MAP_SCADA,19,0.004138174105668635
1,B_svc,2,0.1726336661398208,63,0.18328693294864615,MAP_SCADA,19,0.010653266808825335
2,UPFC_Vsh,5-15,1.1087398307270746,63,1.1043156118880415,MAP_SCADA,19,0.0044242188390331005
3,UPFC_tsh,5-15,-0.2373871645118825,63,-0.2291201076256457,MAP_SCADA,19,0.008267056886236801
4,UPFC_Vse,5-15,0.05776814794156133,63,0.06277882033515635,MAP_SCADA,19,0.005010672393595018
5,UPFC_tse,5-15,-2.121343863462053,63,-2.1680451844362034,MAP_SCADA,19,0.04670132097415047
0,x_tcsc,1-14,-0.1046949546236351,64,-0.11354314416308604,MAP_SCADA,19,0.008848189539450949
1,B_svc,2,0.183445376860306,64,0.18328693294864615,MAP_SCADA,19,0.00015844391165983907
2,UPFC_Vsh,5-15,1.1131989879091804,64,1.1043156118880415,MAP_SCADA,19,0.008883376021138867
3,UPFC_tsh,5-15,-0.23781862115688623,64,-0.2291201076256457,MAP_SCADA,19,0.008698513531240543
4,UPFC_Vse,5-15,0.05759710799066543,64,0.06277882033515635,MAP_SCADA,19,0.005181712344490913
5,UPFC_tse,5-15,-2.1232312397924127,64,-2.1680451844362034,MAP_SCADA,19,0.04481394464379074
0,x_tcsc,1-14,-0.10787113157761462,65,-0.11354314416308604,MAP_SCADA,19,0.005672012585471425
1,B_svc,2,0.17266875712225543,65,0.18328693294864615,MAP_SCADA,19,0.010618175826390713
2,UPFC_Vsh,5-15,1.112803249263745,65,1.1043156118880415,MAP_SCADA,19,0.00848763737570346
3,UPFC_tsh,5-15,-0.23576020759578165,65,-0.2291201076256457,MAP_SCADA,19,0.006640099970135954
4,UPFC_Vse,5-15,0.05738668038712711,65,0.06277882033515635,MAP_SCADA,19,0.005392139948029236
5,UPFC_tse,5-15,-2.117628484366634,65,-2.1680451844362034,MAP_SCADA,19,0.05041670006956922
0,x_tcsc,1-14,-0.10607910744277634,66,-0.11354314416308604,MAP_SCADA,19,0.007464036720309708
1,B_svc,2,0.1785011070050042,66,0.18328693294864615,MAP_SCADA,19,0.004785825943641936
2,UPFC_Vsh,5-15,1.1122669093630733,66,1.1043156118880415,MAP_SCADA,19,0.00795129747503176
3,UPFC_tsh,5-15,-0.2376299527673899,66,-0.2291201076256457,MAP_SCADA,19,0.008509845141744216
4,UPFC_Vse,5-15,0.0580228728162041,66,0.06277882033515635,MAP_SCADA,19,0.004755947518952246
5,UPFC_tse,5-15,-2.11588414783405,66,-2.1680451844362034,MAP_SCADA,19,0.05216103660215321
0,x_tcsc,1-14,-0.10464633199777319,67,-0.11354314416308604,MAP_SCADA,19,0.00889681216531285
1,B_svc,2,0.1819534129198583,67,0.18328693294864615,MAP_SCADA,19,0.001333520028787838
2,UPFC_Vsh,5-15,1.1109878453087363,67,1.1043156118880415,MAP_SCADA,19,0.006672233420694784
3,UPFC_tsh,5-15,-0.23816703002760867,67,-0.2291201076256457,MAP_SCADA,19,0.009046922401962976
4,UPFC_Vse,5-15,0.0575155112696389,67,0.06277882033515635,MAP_SCADA,19,0.005263309065517446
5,UPFC_tse,5-15,-2.1243584023779603,67,-2.1680451844362034,MAP_SCADA,19,0.04368678205824317
0,x_tcsc,1-14,-0.1048884806969986,68,-0.11354314416308604,MAP_SCADA,19,0.00865466346608744
1,B_svc,2,0.18233020135967012,68,0.18328693294864615,MAP_SCADA,19,0.0009567315889760231
2,UPFC_Vsh,5-15,1.1126787375375116,68,1.1043156118880415,MAP_SCADA,19,0.00836312564947006
3,UPFC_tsh,5-15,-0.23729777185293432,68,-0.2291201076256457,MAP_SCADA,19,0.008177664227288634
4,UPFC_Vse,5-15,0.057497301850630324,68,0.06277882033515635,MAP_SCADA,19,0.005281518484526022
5,UPFC_tse,5-15,-2.117353272936879,68,-2.1680451844362034,MAP_SCADA,19,0.050691911499324505
0,x_tcsc,1-14,-0.10890222542618458,69,-0.11354314416308604,MAP_SCADA,19,0.004640918736901464
1,B_svc,2,0.16834420117020463,69,0.18328693294864615,MAP_SCADA,19,0.01494273177844152
2,UPFC_Vsh,5-15,1.1131104914482013,69,1.1043156118880415,MAP_SCADA,19,0.008794879560159785
3,UPFC_tsh,5-15,-0.23620664066360444,69,-0.2291201076256457,MAP_SCADA,19,0.007086533037958753
4,UPFC_Vse,5-15,0.05712520081716381,69,0.06277882033515635,MAP_SCADA,19,0.005653619517992536
5,UPFC_tse,5-15,-2.116181775780159,69,-2.1680451844362034,MAP_SCADA,19,0.05186340865604455
0,x_tcsc,1-14,-0.10783954312107445,70,-0.11354314416308604,MAP_SCADA,19,0.005703601042011591
1,B_svc,2,0.1738012616177895,70,0.18328693294864615,MAP_SCADA,19,0.009485671330856649
2,UPFC_Vsh,5-15,1.109946175601687,70,1.1043156118880415,MAP_SCADA,19,0.005630563713645564
3,UPFC_tsh,5-15,-0.2370955958356482,70,-0.2291201076256457,MAP_SCADA,19,0.007975488210002518
4,UPFC_Vse,5-15,0.057627049096513644,70,0.06277882033515635,MAP_SCADA,19,0.005151771238642702
5,UPFC_tse,5-15,-2.1202167991094587,70,-2.1680451844362034,MAP_SCADA,19,0.047828385326744716
0,x_tcsc,1-14,-0.10534847168056283,71,-0.11354314416308604,MAP_SCADA,19,0.008194672482523216
1,B_svc,2,0.17955172099397773,71,0.18328693294864615,MAP_SCADA,19,0.003735211954668416
2,UPFC_Vsh,5-15,1.1117192574047965,71,1.1043156118880415,MAP_SCADA,19,0.007403645516754986
3,UPFC_tsh,5-15,-0.23820653589537907,71,-0.2291201076256457,MAP_SCADA,19,0.009086428269733382
4,UPFC_Vse,5-15,0.05754757811938391,71,0.06277882033515635,MAP_SCADA,19,0.005231242215772439
5,UPFC_tse,5-15,-2.121658366823909,71,-2.1680451844362034,MAP_SCADA,19,0.04638681761229435
0,x_tcsc,1-14,-0.10742294616001442,72,-0.11354314416308604,MAP_SCADA,19,0.00612019800307162
1,B_svc,2,0.17430469223433764,72,0.18328693294864615,MAP_SCADA,19,0.008982240714308504
2,UPFC_Vsh,5-15,1.1143541824961813,72,1.1043156118880415,MAP_SCADA,19,0.01003857060813984
3,UPFC_tsh,5-15,-0.23620451737193204,72,-0.2291201076256457,MAP_SCADA,19,0.007084409746286352
4,UPFC_Vse,5-15,0.0572197988624672,72,0.06277882033515635,MAP_SCADA,19,0.005559021472689149
5,UPFC_tse,5-15,-2.113452791129322,72,-2.1680451844362034,MAP_SCADA,19,0.05459239330688126
0,x_tcsc,1-14,-0.10922969344645563,73,-0.11354314416308604,MAP_SCADA,19,0.004313450716630418
1,B_svc,2,0.16525146255622622,73,0.18328693294864615,MAP_SCADA,19,0.018035470392419928
2,UPFC_Vsh,5-15,1.1134568370282656,73,1.1043156118880415,MAP_SCADA,19,0.009141225140224085
3,UPFC_tsh,5-15,-0.2356698992780358,73,-0.2291201076256457,MAP_SCADA,19,0.006549791652390113
4,UPFC_Vse,5-15,0.05714227536138494,73,0.06277882033515635,MAP_SCADA,19,0.005636544973771404
5,UPFC_tse,5-15,-2.119651091064688,73,-2.1680451844362034,MAP_SCADA,19,0.048394093371515456
0,x_tcsc,1-14,-0.10431792148953327,74,-0.11354314416308604,MAP_SCADA,19,0.009225222673552774
1,B_svc,2,0.1811248064659187,74,0.18328693294864615,MAP_SCADA,19,0.0021621264827274556
2,UPFC_Vsh,5-15,1.1099430822379803,74,1.1043156118880415,MAP_SCADA,19,0.0056274703499388234
3,UPFC_tsh,5-15,-0.23852746172805828,74,-0.2291201076256457,MAP_SCADA,19,0.009407354102412585
4,UPFC_Vse,5-15,0.05784374657307531,74,0.06277882033515635,MAP_SCADA,19,0.004935073762081035
5,UPFC_tse,5-15,-2.121425096913782,74,-2.1680451844362034,MAP_SCADA,19,0.04662008752242164
0,x_tcsc,1-14,-0.103353053211812,75,-0.11354314416308604,MAP_SCADA,19,0.010190090951274045
1,B_svc,2,0.18807150083032478,75,0.18328693294864615,MAP_SCADA,19,0.004784567881678636
2,UPFC_Vsh,5-15,1.1111700606315367,75,1.1043156118880415,MAP_SCADA,19,0.006854448743495167
3,UPFC_tsh,5-15,-0.2388301118941401,75,-0.2291201076256457,MAP_SCADA,19,0.009710004268494415
4,UPFC_Vse,5-15,0.057665588016663855,75,0.06277882033515635,MAP_SCADA,19,0.005113232318492492
5,UPFC_tse,5-15,-2.123561272171615,75,-2.1680451844362034,MAP_SCADA,19,0.044483912264588366
0,x_tcsc,1-14,-0.10893838338128896,76,-0.11354314416308604,MAP_SCADA,19,0.004604760781797085
1,B_svc,2,0.17015960069209635,76,0.18328693294864615,MAP_SCADA,19,0.0131273322565498
2,UPFC_Vsh,5-15,1.1136347042650967,76,1.1043156118880415,MAP_SCADA,19,0.009319092377055194
3,UPFC_tsh,5-15,-0.2356088372004739,76,-0.2291201076256457,MAP_SCADA,19,0.0064887295748282114
4,UPFC_Vse,5-15,0.05739174891156154,76,0.06277882033515635,MAP_SCADA,19,0.005387071423594805
5,UPFC_tse,5-15,-2.1131298745475315,76,-2.1680451844362034,MAP_SCADA,19,0.05491530988867188
0,x_tcsc,1-14,-0.10677148640328579,77,-0.11354314416308604,MAP_SCADA,19,0.006771657759800251
1,B_svc,2,0.17490146294845868,77,0.18328693294864615,MAP_SCADA,19,0.008385470000187467
2,UPFC_Vsh,5-15,1.1099104962836785,77,1.1043156118880415,MAP_SCADA,19,0.005594884395637045
3,UPFC_tsh,5-15,-0.2369514487516909,77,-0.2291201076256457,MAP_SCADA,19,0.007831341126045221
4,UPFC_Vse,5-15,0.05773714951810732,77,0.06277882033515635,MAP_SCADA,19,0.005041670817049024
5,UPFC_tse,5-15,-2.1166647015932987,77,-2.1680451844362034,MAP_SCADA,19,0.05138048284290475
0,x_tcsc,1-14,-0.10924023694539466,78,-0.11354314416308604,MAP_SCADA,19,0.004302907217691387
1,B_svc,2,0.17022007529560623,78,0.18328693294864615,MAP_SCADA,19,0.013066857653039915
2,UPFC_Vsh,5-15,1.1133807467142431,78,1.1043156118880415,MAP_SCADA,19,0.009065134826201637
3,UPFC_tsh,5-15,-0.23596645081338674,78,-0.2291201076256457,MAP_SCADA,19,0.00684634318774105
4,UPFC_Vse,5-15,0.05711119384068331,78,0.06277882033515635,MAP_SCADA,19,0.005667626494473034
5,UPFC_tse,5-15,-2.118052252316137,78,-2.1680451844362034,MAP_SCADA,19,0.0499929321200665
0,x_tcsc,1-14,-0.10743509187356443,79,-0.11354314416308604,MAP_SCADA,19,0.006108052289521618
1,B_svc,2,0.17324594257769063,79,0.18328693294864615,MAP_SCADA,19,0.010040990370955516
2,UPFC_Vsh,5-15,1.108719981361768,79,1.1043156118880415,MAP_SCADA,19,0.004404369473726577
3,UPFC_tsh,5-15,-0.23807533379593204,79,-0.2291201076256457,MAP_SCADA,19,0.008955226170286351
4,UPFC_Vse,5-15,0.05754558435882357,79,0.06277882033515635,MAP_SCADA,19,0.005233235976332774
5,UPFC_tse,5-15,-2.119357535515237,79,-2.1680451844362034,MAP_SCADA,19,0.04868764892096644
0,x_tcsc,1-14,-0.107329286458181,80,-0.11354314416308604,MAP_SCADA,19,0.00621385770490504
1,B_svc,2,0.17772680523582715,80,0.18328693294864615,MAP_SCADA,19,0.005560127712818996
2,UPFC_Vsh,5-15,1.1115344080452432,80,1.1043156118880415,MAP_SCADA,19,0.007218796157201668
3,UPFC_tsh,5-15,-0.23749761612930478,80,-0.2291201076256457,MAP_SCADA,19,0.008377508503659092
4,UPFC_Vse,5-15,0.05787973421424841,80,0.06277882033515635,MAP_SCADA,19,0.004899086120907933
5,UPFC_tse,5-15,-2.11619148161768,80,-2.1680451844362034,MAP_SCADA,19,0.051853702818523306
0,x_tcsc,1-14,-0.10845470603263258,81,-0.11354314416308604,MAP_SCADA,19,0.005088438130453468
1,B_svc,2,0.17185062316901872,81,0.18328693294864615,MAP_SCADA,19,0.011436309779627424
2,UPFC_Vsh,5-15,1.1136041315982959,81,1.1043156118880415,MAP_SCADA,19,0.00928851971025435
3,UPFC_tsh,5-15,-0.2352518795033683,81,-0.2291201076256457,MAP_SCADA,19,0.006131771877722597
4,UPFC_Vse,5-15,0.0565316838469432,81,0.06277882033515635,MAP_SCADA,19,0.006247136488213144
5,UPFC_tse,5-15,-2.121089216774669,81,-2.1680451844362034,MAP_SCADA,19,0.04695596766153454
0,x_tcsc,1-14,-0.10728363738035555,82,-0.11354314416308604,MAP_SCADA,19,0.0062595067827304895
1,B_svc,2,0.17660953080738076,82,0.18328693294864615,MAP_SCADA,19,0.006677402141265387
2,UPFC_Vsh,5-15,1.1133363796913327,82,1.1043156118880415,MAP_SCADA,19,0.009020767803291196
3,UPFC_tsh,5-15,-0.23557723587673135,82,-0.2291201076256457,MAP_SCADA,19,0.006457128251085659
4,UPFC_Vse,5-15,0.057052670988737716,82,0.06277882033515635,MAP_SCADA,19,0.00572614934641863
5,UPFC_tse,5-15,-2.1125245344276045,82,-2.1680451844362034,MAP_SCADA,19,0.05552065000859896
0,x_tcsc,1-14,-0.10704909661563972,83,-0.11354314416308604,MAP_SCADA,19,0.006494047547446327
1,B_svc,2,0.17439535340915538,83,0.18328693294864615,MAP_SCADA,19,0.008891579539490768
2,UPFC_Vsh,5-15,1.1138189432401893,83,1.1043156118880415,MAP_SCADA,19,0.00950333135214776
3,UPFC_tsh,5-15,-0.23591608576235498,83,-0.2291201076256457,MAP_SCADA,19,0.006795978136709291
4,UPFC_Vse,5-15,0.05755680394915602,83,0.06277882033515635,MAP_SCADA,19,0.005222016386000325
5,UPFC_tse,5-15,-2.1157134403197753,83,-2.1680451844362034,MAP_SCADA,19,0.05233174411642816
0,x_tcsc,1-14,-0.10676170257170853,84,-0.11354314416308604,MAP_SCADA,19,0.0067814415913775156
1,B_svc,2,0.17690582416355186,84,0.18328693294864615,MAP_SCADA,19,0.006381108785094292
2,UPFC_Vsh,5-15,1.1119187557480708,84,1.1043156118880415,MAP_SCADA,19,0.007603143860029249
3,UPFC_tsh,5-15,-0.23693835217805137,84,-0.2291201076256457,MAP_SCADA,19,0.007818244552405679
4,UPFC_Vse,5-15,0.05779647132148402,84,0.06277882033515635,MAP_SCADA,19,0.004982349013672324
5,UPFC_tse,5-15,-2.119832423144779,84,-2.1680451844362034,MAP_SCADA,19,0.04821276129142449
0,x_tcsc,1-14,-0.10433107499372325,85,-0.11354314416308604,MAP_SCADA,19,0.009212069169362791
1,B_svc,2,0.18503884107302948,85,0.18328693294864615,MAP_SCADA,19,0.0017519081243833334
2,UPFC_Vsh,5-15,1.1096490244908552,85,1.1043156118880415,MAP_SCADA,19,0.005333412602813725
3,UPFC_tsh,5-15,-0.23908337904595656,85,-0.2291201076256457,MAP_SCADA,19,0.009963271420310865
4,UPFC_Vse,5-15,0.057711255599064704,85,0.06277882033515635,MAP_SCADA,19,0.005067564736091643
5,UPFC_tse,5-15,-2.121862773911793,85,-2.1680451844362034,MAP_SCADA,19,0.04618241052441041
0,x_tcsc,1-14,-0.10627085253489142,86,-0.11354314416308604,MAP_SCADA,19,0.0072722916281946215
1,B_svc,2,0.177950381895317,86,0.18328693294864615,MAP_SCADA,19,0.005336551053329142
2,UPFC_Vsh,5-15,1.1115180763241355,86,1.1043156118880415,MAP_SCADA,19,0.007202464436093958
3,UPFC_tsh,5-15,-0.23679857101651225,86,-0.2291201076256457,MAP_SCADA,19,0.007678463390866558
4,UPFC_Vse,5-15,0.057956856977195124,86,0.06277882033515635,MAP_SCADA,19,0.004821963357961222
5,UPFC_tse,5-15,-2.1201205352270294,86,-2.1680451844362034,MAP_SCADA,19,0.04792464920917405
0,x_tcsc,1-14,-0.10651687940064776,87,-0.11354314416308604,MAP_SCADA,19,0.0070262647624382835
1,B_svc,2,0.18254309035161495,87,0.18328693294864615,MAP_SCADA,19,0.0007438425970311968
2,UPFC_Vsh,5-15,1.1098899213950526,87,1.1043156118880415,MAP_SCADA,19,0.005574309507011099
3,UPFC_tsh,5-15,-0.23761277738038303,87,-0.2291201076256457,MAP_SCADA,19,0.008492669754737336
4,UPFC_Vse,5-15,0.0574593173937414,87,0.06277882033515635,MAP_SCADA,19,0.005319502941414943
5,UPFC_tse,5-15,-2.121138093764339,87,-2.1680451844362034,MAP_SCADA,19,0.04690709067186427
0,x_tcsc,1-14,-0.1056307771781821,88,-0.11354314416308604,MAP_SCADA,19,0.00791236698490394
1,B_svc,2,0.1824884266434068,88,0.18328693294864615,MAP_SCADA,19,0.0007985063052393382
2,UPFC_Vsh,5-15,1.1101963057729272,88,1.1043156118880415,MAP_SCADA,19,0.005880693884885657
3,UPFC_tsh,5-15,-0.23763002628571525,88,-0.2291201076256457,MAP_SCADA,19,0.00850991866006956
4,UPFC_Vse,5-15,0.05706675078108499,88,0.06277882033515635,MAP_SCADA,19,0.005712069554071358
5,UPFC_tse,5-15,-2.1196074179549385,88,-2.1680451844362034,MAP_SCADA,19,0.048437766481264966
0,x_tcsc,1-14,-0.1068650757269267,89,-0.11354314416308604,MAP_SCADA,19,0.00667806843615934
1,B_svc,2,0.17718067164134646,89,0.18328693294864615,MAP_SCADA,19,0.006106261307299687
2,UPFC_Vsh,5-15,1.1127660092473064,89,1.1043156118880415,MAP_SCADA,19,0.008450397359264894
3,UPFC_tsh,5-15,-0.2373073844773539,89,-0.2291201076256457,MAP_SCADA,19,0.008187276851708197
4,UPFC_Vse,5-15,0.05689366350326791,89,0.06277882033515635,MAP_SCADA,19,0.005885156831888436
5,UPFC_tse,5-15,-2.117896080173778,89,-2.1680451844362034,MAP_SCADA,19,0.05014910426242558
0,x_tcsc,1-14,-0.10699046471291579,90,-0.11354314416308604,MAP_SCADA,19,0.006552679450170254
1,B_svc,2,0.17719256344522044,90,0.18328693294864615,MAP_SCADA,19,0.006094369503425706
2,UPFC_Vsh,5-15,1.109052539356643,90,1.1043156118880415,MAP_SCADA,19,0.004736927468601548
3,UPFC_tsh,5-15,-0.23785065622494828,90,-0.2291201076256457,MAP_SCADA,19,0.008730548599302584
4,UPFC_Vse,5-15,0.05830466828765745,90,0.06277882033515635,MAP_SCADA,19,0.004474152047498896
5,UPFC_tse,5-15,-2.120107730975188,90,-2.1680451844362034,MAP_SCADA,19,0.04793745346101552
0,x_tcsc,1-14,-0.10506074381709783,91,-0.11354314416308604,MAP_SCADA,19,0.008482400345988211
1,B_svc,2,0.18563134723275895,91,0.18328693294864615,MAP_SCADA,19,0.0023444142841128057
2,UPFC_Vsh,5-15,1.107344280444785,91,1.1043156118880415,MAP_SCADA,19,0.0030286685567435523
3,UPFC_tsh,5-15,-0.24009200989541232,91,-0.2291201076256457,MAP_SCADA,19,0.010971902269766631
4,UPFC_Vse,5-15,0.05745016323994678,91,0.06277882033515635,MAP_SCADA,19,0.005328657095209563
5,UPFC_tse,5-15,-2.129716491830026,91,-2.1680451844362034,MAP_SCADA,19,0.03832869260617722
0,x_tcsc,1-14,-0.10843316130367997,92,-0.11354314416308604,MAP_SCADA,19,0.005109982859406073
1,B_svc,2,0.171724517507776,92,0.18328693294864615,MAP_SCADA,19,0.011562415440870139
2,UPFC_Vsh,5-15,1.1124955617280345,92,1.1043156118880415,MAP_SCADA,19,0.00817994983999304
3,UPFC_tsh,5-15,-0.23592061914407508,92,-0.2291201076256457,MAP_SCADA,19,0.006800511518429392
4,UPFC_Vse,5-15,0.05764937454389893,92,0.06277882033515635,MAP_SCADA,19,0.005129445791257417
5,UPFC_tse,5-15,-2.115887173504994,92,-2.1680451844362034,MAP_SCADA,19,0.05215801093120964
0,x_tcsc,1-14,-0.10527819592613752,93,-0.11354314416308604,MAP_SCADA,19,0.008264948236948524
1,B_svc,2,0.18394801974922592,93,0.18328693294864615,MAP_SCADA,19,0.0006610868005797743
2,UPFC_Vsh,5-15,1.1121927994121752,93,1.1043156118880415,MAP_SCADA,19,0.007877187524133689
3,UPFC_tsh,5-15,-0.23767845269493082,93,-0.2291201076256457,MAP_SCADA,19,0.008558345069285128
4,UPFC_Vse,5-15,0.05811935876557973,93,0.06277882033515635,MAP_SCADA,19,0.004659461569576619
5,UPFC_tse,5-15,-2.1160067421541595,93,-2.1680451844362034,MAP_SCADA,19,0.052038442282043906
0,x_tcsc,1-14,-0.10848267666552323,94,-0.11354314416308604,MAP_SCADA,19,0.0050604674975628094
1,B_svc,2,0.17129404864009537,94,0.18328693294864615,MAP_SCADA,19,0.011992884308550777
2,UPFC_Vsh,5-15,1.1113930301542858,94,1.1043156118880415,MAP_SCADA,19,0.007077418266244306
3,UPFC_tsh,5-15,-0.2362084475764398,94,-0.2291201076256457,MAP_SCADA,19,0.007088339950794109
4,UPFC_Vse,5-15,0.057179680241642564,94,0.06277882033515635,MAP_SCADA,19,0.0055991400935137825
5,UPFC_tse,5-15,-2.117519973685605,94,-2.1680451844362034,MAP_SCADA,19,0.05052521075059824
0,x_tcsc,1-14,-0.10609612643226632,95,-0.11354314416308604,MAP_SCADA,19,0.007447017730819724
1,B_svc,2,0.18034927342603962,95,0.18328693294864615,MAP_SCADA,19,0.0029376595226065227
2,UPFC_Vsh,5-15,1.1081572271684876,95,1.1043156118880415,MAP_SCADA,19,0.003841615280446131
3,UPFC_tsh,5-15,-0.23896856849243206,95,-0.2291201076256457,MAP_SCADA,19,0.009848460866786368
4,UPFC_Vse,5-15,0.05827706701732483,95,0.06277882033515635,MAP_SCADA,19,0.004501753317831515
5,UPFC_tse,5-15,-2.1231450659637763,95,-2.1680451844362034,MAP_SCADA,19,0.04490011847242714
0,x_tcsc,1-14,-0.11072494674634924,96,-0.11354314416308604,MAP_SCADA,19,0.0028181974167368062
1,B_svc,2,0.16382259331556495,96,0.18328693294864615,MAP_SCADA,19,0.019464339633081196
2,UPFC_Vsh,5-15,1.1131482719824068,96,1.1043156118880415,MAP_SCADA,19,0.008832660094365341
3,UPFC_tsh,5-15,-0.23519080502005715,96,-0.2291201076256457,MAP_SCADA,19,0.006070697394411462
4,UPFC_Vse,5-15,0.057372158170830606,96,0.06277882033515635,MAP_SCADA,19,0.00540666216432574
5,UPFC_tse,5-15,-2.1161767640182254,96,-2.1680451844362034,MAP_SCADA,19,0.05186842041797801
0,x_tcsc,1-14,-0.10717201549915735,97,-0.11354314416308604,MAP_SCADA,19,0.0063711286639286935
1,B_svc,2,0.17993119020529763,97,0.18328693294864615,MAP_SCADA,19,0.0033557427433485165
2,UPFC_Vsh,5-15,1.1113859768397536,97,1.1043156118880415,MAP_SCADA,19,0.007070364951712094
3,UPFC_tsh,5-15,-0.23733175664322106,97,-0.2291201076256457,MAP_SCADA,19,0.008211649017575373
4,UPFC_Vse,5-15,0.05756112498967703,97,0.06277882033515635,MAP_SCADA,19,0.005217695345479313
5,UPFC_tse,5-15,-2.1183860517395594,97,-2.1680451844362034,MAP_SCADA,19,0.049659132696644015
0,x_tcsc,1-14,-0.10794320493711781,98,-0.11354314416308604,MAP_SCADA,19,0.0055999392259682285
1,B_svc,2,0.17594575429682419,98,0.18328693294864615,MAP_SCADA,19,0.007341178651821961
2,UPFC_Vsh,5-15,1.1139945785284209,98,1.1043156118880415,MAP_SCADA,19,0.009678966640379372
3,UPFC_tsh,5-15,-0.23616473699877685,98,-0.2291201076256457,MAP_SCADA,19,0.0070446293731311616
4,UPFC_Vse,5-15,0.057481413833521275,98,0.06277882033515635,MAP_SCADA,19,0.005297406501635071
5,UPFC_tse,5-15,-2.1167090690392265,98,-2.1680451844362034,MAP_SCADA,19,0.05133611539697691
0,x_tcsc,1-14,-0.10549981687781415,99,-0.11354314416308604,MAP_SCADA,19,0.008043327285271892
1,B_svc,2,0.18435980766770546,99,0.18328693294864615,MAP_SCADA,19,0.0010728747190593135
2,UPFC_Vsh,5-15,1.110605632781286,99,1.1043156118880415,MAP_SCADA,19,0.006290020893244597
3,UPFC_tsh,5-15,-0.23879532010179283,99,-0.2291201076256457,MAP_SCADA,19,0.009675212476147138
4,UPFC_Vse,5-15,0.0585592895290129,99,0.06277882033515635,MAP_SCADA,19,0.004219530806143443
5,UPFC_tse,5-15,-2.120240844202484,99,-2.1680451844362034,MAP_SCADA,19,0.0478043402337196
0,x_tcsc,1-14,-0.10671143253086024,0,-0.11458232990911095,MAP_SCADA,21,0.00787089737825071
1,B_svc,2,0.17853734538277877,0,0.18554927214690295,MAP_SCADA,21,0.007011926764124182
2,UPFC_Vsh,5-15,1.1109207789140585,0,1.1031678178908981,MAP_SCADA,21,0.007752961023160365
3,UPFC_tsh,5-15,-0.23731745143979585,0,-0.2277859627596508,MAP_SCADA,21,0.009531488680145056
4,UPFC_Vse,5-15,0.05763375636709128,0,0.06341033325853165,MAP_SCADA,21,0.0057765768914403715
5,UPFC_tse,5-15,-2.121116529035107,0,-2.1772836908686806,MAP_SCADA,21,0.05616716183357351
0,x_tcsc,1-14,-0.10884679222871829,1,-0.11458232990911095,MAP_SCADA,21,0.005735537680392658
1,B_svc,2,0.17210654984970408,1,0.18554927214690295,MAP_SCADA,21,0.013442722297198867
2,UPFC_Vsh,5-15,1.1125691339351063,1,1.1031678178908981,MAP_SCADA,21,0.00940131604420813
3,UPFC_tsh,5-15,-0.23614062783557177,1,-0.2277859627596508,MAP_SCADA,21,0.008354665075920975
4,UPFC_Vse,5-15,0.05726992650712081,1,0.06341033325853165,MAP_SCADA,21,0.006140406751410844
5,UPFC_tse,5-15,-2.114605669181904,1,-2.1772836908686806,MAP_SCADA,21,0.06267802168677639
0,x_tcsc,1-14,-0.106438597648498,2,-0.11458232990911095,MAP_SCADA,21,0.008143732260612949
1,B_svc,2,0.17900573324605812,2,0.18554927214690295,MAP_SCADA,21,0.006543538900844831
2,UPFC_Vsh,5-15,1.110557377207309,2,1.1031678178908981,MAP_SCADA,21,0.007389559316410832
3,UPFC_tsh,5-15,-0.23791607483260863,2,-0.2277859627596508,MAP_SCADA,21,0.010130112072957831
4,UPFC_Vse,5-15,0.05782458523939781,2,0.06341033325853165,MAP_SCADA,21,0.005585748019133842
5,UPFC_tse,5-15,-2.121047690115321,2,-2.1772836908686806,MAP_SCADA,21,0.05623600075335977
0,x_tcsc,1-14,-0.1082485724483868,3,-0.11458232990911095,MAP_SCADA,21,0.006333757460724149
1,B_svc,2,0.17084799387894223,3,0.18554927214690295,MAP_SCADA,21,0.014701278267960721
2,UPFC_Vsh,5-15,1.1133073606530108,3,1.1031678178908981,MAP_SCADA,21,0.010139542762112708
3,UPFC_tsh,5-15,-0.2352148361230751,3,-0.2277859627596508,MAP_SCADA,21,0.007428873363424293
4,UPFC_Vse,5-15,0.05744203276710792,3,0.06341033325853165,MAP_SCADA,21,0.005968300491423731
5,UPFC_tse,5-15,-2.1187469994643453,3,-2.1772836908686806,MAP_SCADA,21,0.05853669140433526
0,x_tcsc,1-14,-0.10589216153963375,4,-0.11458232990911095,MAP_SCADA,21,0.008690168369477197
1,B_svc,2,0.18057721027425636,4,0.18554927214690295,MAP_SCADA,21,0.004972061872646594
2,UPFC_Vsh,5-15,1.1090639373079867,4,1.1031678178908981,MAP_SCADA,21,0.005896119417088563
3,UPFC_tsh,5-15,-0.23901694259159015,4,-0.2277859627596508,MAP_SCADA,21,0.011230979831939353
4,UPFC_Vse,5-15,0.057420897493637865,4,0.06341033325853165,MAP_SCADA,21,0.0059894357648937885
5,UPFC_tse,5-15,-2.1217880216245173,4,-2.1772836908686806,MAP_SCADA,21,0.05549566924416327
0,x_tcsc,1-14,-0.10962718592320896,5,-0.11458232990911095,MAP_SCADA,21,0.004955143985901994
1,B_svc,2,0.16734710763118957,5,0.18554927214690295,MAP_SCADA,21,0.01820216451571338
2,UPFC_Vsh,5-15,1.113238663056068,5,1.1031678178908981,MAP_SCADA,21,0.010070845165169873
3,UPFC_tsh,5-15,-0.2353712142411416,5,-0.2277859627596508,MAP_SCADA,21,0.007585251481490807
4,UPFC_Vse,5-15,0.05765870072751411,5,0.06341033325853165,MAP_SCADA,21,0.005751632531017542
5,UPFC_tse,5-15,-2.116604966915444,5,-2.1772836908686806,MAP_SCADA,21,0.0606787239532367
0,x_tcsc,1-14,-0.1072394089863974,6,-0.11458232990911095,MAP_SCADA,21,0.007342920922713547
1,B_svc,2,0.17505832381110656,6,0.18554927214690295,MAP_SCADA,21,0.01049094833579639
2,UPFC_Vsh,5-15,1.1134733590139796,6,1.1031678178908981,MAP_SCADA,21,0.010305541123081463
3,UPFC_tsh,5-15,-0.23630289751870623,6,-0.2277859627596508,MAP_SCADA,21,0.008516934759055433
4,UPFC_Vse,5-15,0.057209379708297675,6,0.06341033325853165,MAP_SCADA,21,0.0062009535502339785
5,UPFC_tse,5-15,-2.118697070191822,6,-2.1772836908686806,MAP_SCADA,21,0.05858662067685838
0,x_tcsc,1-14,-0.106904312225471,7,-0.11458232990911095,MAP_SCADA,21,0.0076780176836399455
1,B_svc,2,0.17859066157689701,7,0.18554927214690295,MAP_SCADA,21,0.006958610570005935
2,UPFC_Vsh,5-15,1.1115241542852348,7,1.1031678178908981,MAP_SCADA,21,0.008356336394336639
3,UPFC_tsh,5-15,-0.23696277691500586,7,-0.2277859627596508,MAP_SCADA,21,0.009176814155355068
4,UPFC_Vse,5-15,0.05719135020998187,7,0.06341033325853165,MAP_SCADA,21,0.0062189830485497866
5,UPFC_tse,5-15,-2.120352712191659,7,-2.1772836908686806,MAP_SCADA,21,0.05693097867702157
0,x_tcsc,1-14,-0.10584256465175358,8,-0.11458232990911095,MAP_SCADA,21,0.008739765257357368
1,B_svc,2,0.17957565213745705,8,0.18554927214690295,MAP_SCADA,21,0.005973620009445901
2,UPFC_Vsh,5-15,1.1114213514564535,8,1.1031678178908981,MAP_SCADA,21,0.00825353356555536
3,UPFC_tsh,5-15,-0.23804470709609643,8,-0.2277859627596508,MAP_SCADA,21,0.010258744336445635
4,UPFC_Vse,5-15,0.05767086577863096,8,0.06341033325853165,MAP_SCADA,21,0.005739467479900694
5,UPFC_tse,5-15,-2.1195907835996595,8,-2.1772836908686806,MAP_SCADA,21,0.0576929072690211
0,x_tcsc,1-14,-0.10784650785057542,9,-0.11458232990911095,MAP_SCADA,21,0.006735822058535526
1,B_svc,2,0.17403306430088125,9,0.18554927214690295,MAP_SCADA,21,0.011516207846021698
2,UPFC_Vsh,5-15,1.1136591443971575,9,1.1031678178908981,MAP_SCADA,21,0.01049132650625939
3,UPFC_tsh,5-15,-0.23540412352425605,9,-0.2277859627596508,MAP_SCADA,21,0.007618160764605253
4,UPFC_Vse,5-15,0.05764721708836011,9,0.06341033325853165,MAP_SCADA,21,0.005763116170171542
5,UPFC_tse,5-15,-2.1166377891830908,9,-2.1772836908686806,MAP_SCADA,21,0.06064590168558981
0,x_tcsc,1-14,-0.10843919964143052,10,-0.11458232990911095,MAP_SCADA,21,0.00614313026768043
1,B_svc,2,0.1733415956284689,10,0.18554927214690295,MAP_SCADA,21,0.012207676518434046
2,UPFC_Vsh,5-15,1.1120251269562094,10,1.1031678178908981,MAP_SCADA,21,0.008857309065311236
3,UPFC_tsh,5-15,-0.23596809646704503,10,-0.2277859627596508,MAP_SCADA,21,0.008182133707394235
4,UPFC_Vse,5-15,0.0564854939523338,10,0.06341033325853165,MAP_SCADA,21,0.006924839306197854
5,UPFC_tse,5-15,-2.1208915776861685,10,-2.1772836908686806,MAP_SCADA,21,0.05639211318251203
0,x_tcsc,1-14,-0.10717114851830077,11,-0.11458232990911095,MAP_SCADA,21,0.007411181390810179
1,B_svc,2,0.17747026057926507,11,0.18554927214690295,MAP_SCADA,21,0.008079011567637878
2,UPFC_Vsh,5-15,1.1124363488801543,11,1.1031678178908981,MAP_SCADA,21,0.009268530989256174
3,UPFC_tsh,5-15,-0.23632852993489933,11,-0.2277859627596508,MAP_SCADA,21,0.008542567175248539
4,UPFC_Vse,5-15,0.05659742194993677,11,0.06341033325853165,MAP_SCADA,21,0.006812911308594884
5,UPFC_tse,5-15,-2.1197408115722536,11,-2.1772836908686806,MAP_SCADA,21,0.057542879296426985
0,x_tcsc,1-14,-0.10802946345880032,12,-0.11458232990911095,MAP_SCADA,21,0.0065528664503106265
1,B_svc,2,0.17281276942429238,12,0.18554927214690295,MAP_SCADA,21,0.012736502722610565
2,UPFC_Vsh,5-15,1.1130757120421997,12,1.1031678178908981,MAP_SCADA,21,0.009907894151301555
3,UPFC_tsh,5-15,-0.23632368050223404,12,-0.2277859627596508,MAP_SCADA,21,0.008537717742583245
4,UPFC_Vse,5-15,0.057571961367978236,12,0.06341033325853165,MAP_SCADA,21,0.005838371890553418
5,UPFC_tse,5-15,-2.1157178822797733,12,-2.1772836908686806,MAP_SCADA,21,0.061565808588907256
0,x_tcsc,1-14,-0.10570316958983077,13,-0.11458232990911095,MAP_SCADA,21,0.008879160319280183
1,B_svc,2,0.18249973312876458,13,0.18554927214690295,MAP_SCADA,21,0.0030495390181383697
2,UPFC_Vsh,5-15,1.1131296050156416,13,1.1031678178908981,MAP_SCADA,21,0.009961787124743493
3,UPFC_tsh,5-15,-0.23783442634788132,13,-0.2277859627596508,MAP_SCADA,21,0.010048463588230527
4,UPFC_Vse,5-15,0.056484936983598154,13,0.06341033325853165,MAP_SCADA,21,0.0069253962749335
5,UPFC_tse,5-15,-2.115261398749947,13,-2.1772836908686806,MAP_SCADA,21,0.062022292118733446
0,x_tcsc,1-14,-0.10694923876760283,14,-0.11458232990911095,MAP_SCADA,21,0.007633091141508119
1,B_svc,2,0.1769041692493913,14,0.18554927214690295,MAP_SCADA,21,0.008645102897511636
2,UPFC_Vsh,5-15,1.1121526642391235,14,1.1031678178908981,MAP_SCADA,21,0.008984846348225384
3,UPFC_tsh,5-15,-0.2370323619370798,14,-0.2277859627596508,MAP_SCADA,21,0.009246399177429004
4,UPFC_Vse,5-15,0.057139654468352036,14,0.06341033325853165,MAP_SCADA,21,0.006270678790179618
5,UPFC_tse,5-15,-2.1194773532602125,14,-2.1772836908686806,MAP_SCADA,21,0.057806337608468095
0,x_tcsc,1-14,-0.10869855072993599,15,-0.11458232990911095,MAP_SCADA,21,0.005883779179174958
1,B_svc,2,0.1722439116589828,15,0.18554927214690295,MAP_SCADA,21,0.013305360487920137
2,UPFC_Vsh,5-15,1.1123269308828758,15,1.1031678178908981,MAP_SCADA,21,0.009159112991977691
3,UPFC_tsh,5-15,-0.23591736677432862,15,-0.2277859627596508,MAP_SCADA,21,0.008131404014677823
4,UPFC_Vse,5-15,0.05746552861625833,15,0.06341033325853165,MAP_SCADA,21,0.005944804642273323
5,UPFC_tse,5-15,-2.114336762711501,15,-2.1772836908686806,MAP_SCADA,21,0.06294692815717973
0,x_tcsc,1-14,-0.10723509198330802,16,-0.11458232990911095,MAP_SCADA,21,0.007347237925802927
1,B_svc,2,0.17398967179522495,16,0.18554927214690295,MAP_SCADA,21,0.011559600351677995
2,UPFC_Vsh,5-15,1.1110458587351355,16,1.1031678178908981,MAP_SCADA,21,0.007878040844237377
3,UPFC_tsh,5-15,-0.23700163214610448,16,-0.2277859627596508,MAP_SCADA,21,0.009215669386453684
4,UPFC_Vse,5-15,0.05741412427159274,16,0.06341033325853165,MAP_SCADA,21,0.005996208986938915
5,UPFC_tse,5-15,-2.115454248723215,16,-2.1772836908686806,MAP_SCADA,21,0.061829442145465485
0,x_tcsc,1-14,-0.11066622826773613,17,-0.11458232990911095,MAP_SCADA,21,0.0039161016413748195
1,B_svc,2,0.17213545326446683,17,0.18554927214690295,MAP_SCADA,21,0.013413818882436118
2,UPFC_Vsh,5-15,1.1101691119931705,17,1.1031678178908981,MAP_SCADA,21,0.0070012941022723485
3,UPFC_tsh,5-15,-0.23638238289548702,17,-0.2277859627596508,MAP_SCADA,21,0.008596420135836225
4,UPFC_Vse,5-15,0.05704571524866088,17,0.06341033325853165,MAP_SCADA,21,0.006364618009870773
5,UPFC_tse,5-15,-2.1255108704267474,17,-2.1772836908686806,MAP_SCADA,21,0.05177282044193321
0,x_tcsc,1-14,-0.10647726198792858,18,-0.11458232990911095,MAP_SCADA,21,0.008105067921182374
1,B_svc,2,0.17890991783106908,18,0.18554927214690295,MAP_SCADA,21,0.006639354315833873
2,UPFC_Vsh,5-15,1.1113916813722353,18,1.1031678178908981,MAP_SCADA,21,0.00822386348133719
3,UPFC_tsh,5-15,-0.23750430204608403,18,-0.2277859627596508,MAP_SCADA,21,0.00971833928643323
4,UPFC_Vse,5-15,0.0579754917237041,18,0.06341033325853165,MAP_SCADA,21,0.005434841534827553
5,UPFC_tse,5-15,-2.1210878076752175,18,-2.1772836908686806,MAP_SCADA,21,0.056195883193463025
0,x_tcsc,1-14,-0.10880064867843024,19,-0.11458232990911095,MAP_SCADA,21,0.0057816812306807075
1,B_svc,2,0.17236500079037237,19,0.18554927214690295,MAP_SCADA,21,0.01318427135653058
2,UPFC_Vsh,5-15,1.112334763295601,19,1.1031678178908981,MAP_SCADA,21,0.009166945404702975
3,UPFC_tsh,5-15,-0.23575835468156742,19,-0.2277859627596508,MAP_SCADA,21,0.007972391921916622
4,UPFC_Vse,5-15,0.057420643843725014,19,0.06341033325853165,MAP_SCADA,21,0.00598968941480664
5,UPFC_tse,5-15,-2.1197007787621494,19,-2.1772836908686806,MAP_SCADA,21,0.057582912106531214
0,x_tcsc,1-14,-0.10681796471203604,20,-0.11458232990911095,MAP_SCADA,21,0.007764365197074907
1,B_svc,2,0.17723798368864258,20,0.18554927214690295,MAP_SCADA,21,0.008311288458260374
2,UPFC_Vsh,5-15,1.110328466941185,20,1.1031678178908981,MAP_SCADA,21,0.007160649050286905
3,UPFC_tsh,5-15,-0.2373060069040069,20,-0.2277859627596508,MAP_SCADA,21,0.009520044144356116
4,UPFC_Vse,5-15,0.05749209778155573,20,0.06341033325853165,MAP_SCADA,21,0.005918235476975925
5,UPFC_tse,5-15,-2.121057456966522,20,-2.1772836908686806,MAP_SCADA,21,0.05622623390215864
0,x_tcsc,1-14,-0.10640127987977131,21,-0.11458232990911095,MAP_SCADA,21,0.008181050029339637
1,B_svc,2,0.17706400553147694,21,0.18554927214690295,MAP_SCADA,21,0.008485266615426007
2,UPFC_Vsh,5-15,1.1123414247957542,21,1.1031678178908981,MAP_SCADA,21,0.009173606904856024
3,UPFC_tsh,5-15,-0.23706487343632154,21,-0.2277859627596508,MAP_SCADA,21,0.009278910676670749
4,UPFC_Vse,5-15,0.05804808066265128,21,0.06341033325853165,MAP_SCADA,21,0.005362252595880371
5,UPFC_tse,5-15,-2.1199889860303824,21,-2.1772836908686806,MAP_SCADA,21,0.05729470483829813
0,x_tcsc,1-14,-0.1076874287003709,22,-0.11458232990911095,MAP_SCADA,21,0.006894901208740048
1,B_svc,2,0.17814371796425674,22,0.18554927214690295,MAP_SCADA,21,0.007405554182646212
2,UPFC_Vsh,5-15,1.1100397041732075,22,1.1031678178908981,MAP_SCADA,21,0.006871886282309392
3,UPFC_tsh,5-15,-0.2373992929814906,22,-0.2277859627596508,MAP_SCADA,21,0.0096133302218398
4,UPFC_Vse,5-15,0.05746102628000953,22,0.06341033325853165,MAP_SCADA,21,0.005949306978522126
5,UPFC_tse,5-15,-2.1138228571779285,22,-2.1772836908686806,MAP_SCADA,21,0.06346083369075206
0,x_tcsc,1-14,-0.11114173205442038,23,-0.11458232990911095,MAP_SCADA,21,0.003440597854690572
1,B_svc,2,0.16571810927908867,23,0.18554927214690295,MAP_SCADA,21,0.019831162867814278
2,UPFC_Vsh,5-15,1.1102913160967147,23,1.1031678178908981,MAP_SCADA,21,0.007123498205816592
3,UPFC_tsh,5-15,-0.23612314344192717,23,-0.2277859627596508,MAP_SCADA,21,0.008337180682276374
4,UPFC_Vse,5-15,0.057828980132338344,23,0.06341033325853165,MAP_SCADA,21,0.00558135312619331
5,UPFC_tse,5-15,-2.11634907225094,23,-2.1772836908686806,MAP_SCADA,21,0.06093461861774063
0,x_tcsc,1-14,-0.10707298918273737,24,-0.11458232990911095,MAP_SCADA,21,0.007509340726373576
1,B_svc,2,0.1750844181767696,24,0.18554927214690295,MAP_SCADA,21,0.010464853970133359
2,UPFC_Vsh,5-15,1.1103383294545885,24,1.1031678178908981,MAP_SCADA,21,0.007170511563690418
3,UPFC_tsh,5-15,-0.2373858961720593,24,-0.2277859627596508,MAP_SCADA,21,0.009599933412408501
4,UPFC_Vse,5-15,0.05783441093683506,24,0.06341033325853165,MAP_SCADA,21,0.005575922321696597
5,UPFC_tse,5-15,-2.1211963531878606,24,-2.1772836908686806,MAP_SCADA,21,0.05608733768081997
0,x_tcsc,1-14,-0.10411209146765889,25,-0.11458232990911095,MAP_SCADA,21,0.010470238441452062
1,B_svc,2,0.18207388013521508,25,0.18554927214690295,MAP_SCADA,21,0.0034753920116878667
2,UPFC_Vsh,5-15,1.1099508617603815,25,1.1031678178908981,MAP_SCADA,21,0.006783043869483363
3,UPFC_tsh,5-15,-0.23921976991336424,25,-0.2277859627596508,MAP_SCADA,21,0.011433807153713449
4,UPFC_Vse,5-15,0.057215626624696495,25,0.06341033325853165,MAP_SCADA,21,0.006194706633835159
5,UPFC_tse,5-15,-2.1180417750198264,25,-2.1772836908686806,MAP_SCADA,21,0.05924191584885419
0,x_tcsc,1-14,-0.1078001605743693,26,-0.11458232990911095,MAP_SCADA,21,0.006782169334741656
1,B_svc,2,0.17458128190019787,26,0.18554927214690295,MAP_SCADA,21,0.010967990246705084
2,UPFC_Vsh,5-15,1.113580620074413,26,1.1031678178908981,MAP_SCADA,21,0.010412802183514813
3,UPFC_tsh,5-15,-0.23556159092886747,26,-0.2277859627596508,MAP_SCADA,21,0.007775628169216675
4,UPFC_Vse,5-15,0.05738429904808282,26,0.06341033325853165,MAP_SCADA,21,0.0060260342104488315
5,UPFC_tse,5-15,-2.116182058227431,26,-2.1772836908686806,MAP_SCADA,21,0.06110163264124946
0,x_tcsc,1-14,-0.10825092537265413,27,-0.11458232990911095,MAP_SCADA,21,0.006331404536456822
1,B_svc,2,0.17430631258970788,27,0.18554927214690295,MAP_SCADA,21,0.011242959557195065
2,UPFC_Vsh,5-15,1.1114662475697654,27,1.1031678178908981,MAP_SCADA,21,0.008298429678867292
3,UPFC_tsh,5-15,-0.23746584465815873,27,-0.2277859627596508,MAP_SCADA,21,0.009679881898507936
4,UPFC_Vse,5-15,0.05788690302737337,27,0.06341033325853165,MAP_SCADA,21,0.005523430231158283
5,UPFC_tse,5-15,-2.118504077446963,27,-2.1772836908686806,MAP_SCADA,21,0.05877961342171778
0,x_tcsc,1-14,-0.1062730187523376,28,-0.11458232990911095,MAP_SCADA,21,0.008309311156773344
1,B_svc,2,0.18103079162220884,28,0.18554927214690295,MAP_SCADA,21,0.004518480524694113
2,UPFC_Vsh,5-15,1.1087301109081895,28,1.1031678178908981,MAP_SCADA,21,0.0055622930172913865
3,UPFC_tsh,5-15,-0.2389396275716271,28,-0.2277859627596508,MAP_SCADA,21,0.0111536648119763
4,UPFC_Vse,5-15,0.05792850816793582,28,0.06341033325853165,MAP_SCADA,21,0.005481825090595832
5,UPFC_tse,5-15,-2.121591180104046,28,-2.1772836908686806,MAP_SCADA,21,0.05569251076463466
0,x_tcsc,1-14,-0.10653628707019851,29,-0.11458232990911095,MAP_SCADA,21,0.008046042838912443
1,B_svc,2,0.17965508087916948,29,0.18554927214690295,MAP_SCADA,21,0.005894191267733467
2,UPFC_Vsh,5-15,1.1106446052036845,29,1.1031678178908981,MAP_SCADA,21,0.007476787312786337
3,UPFC_tsh,5-15,-0.2376731179045099,29,-0.2277859627596508,MAP_SCADA,21,0.009887155144859106
4,UPFC_Vse,5-15,0.05786677315107843,29,0.06341033325853165,MAP_SCADA,21,0.005543560107453223
5,UPFC_tse,5-15,-2.120222833999159,29,-2.1772836908686806,MAP_SCADA,21,0.05706085686952145
0,x_tcsc,1-14,-0.10952997111799802,30,-0.11458232990911095,MAP_SCADA,21,0.005052358791112932
1,B_svc,2,0.16919933850561206,30,0.18554927214690295,MAP_SCADA,21,0.016349933641290892
2,UPFC_Vsh,5-15,1.1127862661947077,30,1.1031678178908981,MAP_SCADA,21,0.009618448303809535
3,UPFC_tsh,5-15,-0.23534976633179824,30,-0.2277859627596508,MAP_SCADA,21,0.007563803572147448
4,UPFC_Vse,5-15,0.05792238850708715,30,0.06341033325853165,MAP_SCADA,21,0.005487944751444505
5,UPFC_tse,5-15,-2.1164729451535256,30,-2.1772836908686806,MAP_SCADA,21,0.06081074571515499
0,x_tcsc,1-14,-0.10715060791579066,31,-0.11458232990911095,MAP_SCADA,21,0.007431721993320289
1,B_svc,2,0.17281241655909546,31,0.18554927214690295,MAP_SCADA,21,0.012736855587807488
2,UPFC_Vsh,5-15,1.1121750737216747,31,1.1031678178908981,MAP_SCADA,21,0.00900725583077655
3,UPFC_tsh,5-15,-0.23612890048767649,31,-0.2277859627596508,MAP_SCADA,21,0.00834293772802569
4,UPFC_Vse,5-15,0.05741113562187503,31,0.06341033325853165,MAP_SCADA,21,0.005999197636656621
5,UPFC_tse,5-15,-2.118555531744554,31,-2.1772836908686806,MAP_SCADA,21,0.058728159124126655
0,x_tcsc,1-14,-0.10738626062904685,32,-0.11458232990911095,MAP_SCADA,21,0.007196069280064096
1,B_svc,2,0.17330701774645507,32,0.18554927214690295,MAP_SCADA,21,0.012242254400447877
2,UPFC_Vsh,5-15,1.1120310826835351,32,1.1031678178908981,MAP_SCADA,21,0.008863264792636993
3,UPFC_tsh,5-15,-0.23617144897870454,32,-0.2277859627596508,MAP_SCADA,21,0.008385486219053745
4,UPFC_Vse,5-15,0.05687457505896244,32,0.06341033325853165,MAP_SCADA,21,0.006535758199569211
5,UPFC_tse,5-15,-2.123660023297658,32,-2.1772836908686806,MAP_SCADA,21,0.05362366757102244
0,x_tcsc,1-14,-0.10693539844775564,33,-0.11458232990911095,MAP_SCADA,21,0.007646931461355311
1,B_svc,2,0.17768917211592447,33,0.18554927214690295,MAP_SCADA,21,0.007860100030978479
2,UPFC_Vsh,5-15,1.1095148249414561,33,1.1031678178908981,MAP_SCADA,21,0.006347007050558018
3,UPFC_tsh,5-15,-0.2371331944262661,33,-0.2277859627596508,MAP_SCADA,21,0.009347231666615302
4,UPFC_Vse,5-15,0.05721563919140297,33,0.06341033325853165,MAP_SCADA,21,0.006194694067128685
5,UPFC_tse,5-15,-2.1196271921111913,33,-2.1772836908686806,MAP_SCADA,21,0.05765649875748924
0,x_tcsc,1-14,-0.10687992533692643,34,-0.11458232990911095,MAP_SCADA,21,0.007702404572184518
1,B_svc,2,0.17401309726872008,34,0.18554927214690295,MAP_SCADA,21,0.01153617487818287
2,UPFC_Vsh,5-15,1.1123769845319478,34,1.1031678178908981,MAP_SCADA,21,0.009209166641049649
3,UPFC_tsh,5-15,-0.23616750209149165,34,-0.2277859627596508,MAP_SCADA,21,0.008381539331840854
4,UPFC_Vse,5-15,0.05717751357900006,34,0.06341033325853165,MAP_SCADA,21,0.006232819679531591
5,UPFC_tse,5-15,-2.1212191870108876,34,-2.1772836908686806,MAP_SCADA,21,0.056064503857792936
0,x_tcsc,1-14,-0.10736731801715636,35,-0.11458232990911095,MAP_SCADA,21,0.007215011891954587
1,B_svc,2,0.1743344664120881,35,0.18554927214690295,MAP_SCADA,21,0.011214805734814842
2,UPFC_Vsh,5-15,1.1121640478067782,35,1.1031678178908981,MAP_SCADA,21,0.008996229915880116
3,UPFC_tsh,5-15,-0.23680846597136743,35,-0.2277859627596508,MAP_SCADA,21,0.009022503211716631
4,UPFC_Vse,5-15,0.057952360550922254,35,0.06341033325853165,MAP_SCADA,21,0.0054579727076094
5,UPFC_tse,5-15,-2.1169531607381513,35,-2.1772836908686806,MAP_SCADA,21,0.06033053013052925
0,x_tcsc,1-14,-0.10815347514458465,36,-0.11458232990911095,MAP_SCADA,21,0.006428854764526301
1,B_svc,2,0.1710697004082666,36,0.18554927214690295,MAP_SCADA,21,0.014479571738636343
2,UPFC_Vsh,5-15,1.1137240188584057,36,1.1031678178908981,MAP_SCADA,21,0.010556200967507534
3,UPFC_tsh,5-15,-0.2358246848062136,36,-0.2277859627596508,MAP_SCADA,21,0.008038722046562807
4,UPFC_Vse,5-15,0.057245825627543545,36,0.06341033325853165,MAP_SCADA,21,0.006164507630988109
5,UPFC_tse,5-15,-2.1175965349312516,36,-2.1772836908686806,MAP_SCADA,21,0.059687155937429015
0,x_tcsc,1-14,-0.10475515592541516,37,-0.11458232990911095,MAP_SCADA,21,0.009827173983695786
1,B_svc,2,0.18309482267944,37,0.18554927214690295,MAP_SCADA,21,0.0024544494674629547
2,UPFC_Vsh,5-15,1.1127906253327882,37,1.1031678178908981,MAP_SCADA,21,0.009622807441890036
3,UPFC_tsh,5-15,-0.23802310460401754,37,-0.2277859627596508,MAP_SCADA,21,0.010237141844366748
4,UPFC_Vse,5-15,0.057431952367715214,37,0.06341033325853165,MAP_SCADA,21,0.00597838089081644
5,UPFC_tse,5-15,-2.1199405418760775,37,-2.1772836908686806,MAP_SCADA,21,0.057343148992603066
0,x_tcsc,1-14,-0.10742269392758334,38,-0.11458232990911095,MAP_SCADA,21,0.007159635981527607
1,B_svc,2,0.1755004971401978,38,0.18554927214690295,MAP_SCADA,21,0.010048775006705146
2,UPFC_Vsh,5-15,1.1130201419013812,38,1.1031678178908981,MAP_SCADA,21,0.009852324010483082
3,UPFC_tsh,5-15,-0.23693363430979963,38,-0.2277859627596508,MAP_SCADA,21,0.00914767155014884
4,UPFC_Vse,5-15,0.057205520786809703,38,0.06341033325853165,MAP_SCADA,21,0.00620481247172195
5,UPFC_tse,5-15,-2.1205146025924075,38,-2.1772836908686806,MAP_SCADA,21,0.05676908827627303
0,x_tcsc,1-14,-0.10641915634401529,39,-0.11458232990911095,MAP_SCADA,21,0.00816317356509566
1,B_svc,2,0.17958337075122596,39,0.18554927214690295,MAP_SCADA,21,0.005965901395676987
2,UPFC_Vsh,5-15,1.1118914083314206,39,1.1031678178908981,MAP_SCADA,21,0.00872359044052251
3,UPFC_tsh,5-15,-0.23774754611117094,39,-0.2277859627596508,MAP_SCADA,21,0.009961583351520142
4,UPFC_Vse,5-15,0.057058229476306656,39,0.06341033325853165,MAP_SCADA,21,0.006352103782224998
5,UPFC_tse,5-15,-2.120243704132217,39,-2.1772836908686806,MAP_SCADA,21,0.05703998673646371
0,x_tcsc,1-14,-0.10714899839915103,40,-0.11458232990911095,MAP_SCADA,21,0.007433331509959923
1,B_svc,2,0.17792801003384645,40,0.18554927214690295,MAP_SCADA,21,0.007621262113056498
2,UPFC_Vsh,5-15,1.1104977926102153,40,1.1031678178908981,MAP_SCADA,21,0.007329974719317178
3,UPFC_tsh,5-15,-0.23778322722768935,40,-0.2277859627596508,MAP_SCADA,21,0.009997264468038558
4,UPFC_Vse,5-15,0.05763455838128357,40,0.06341033325853165,MAP_SCADA,21,0.005775774877248084
5,UPFC_tse,5-15,-2.121763490823035,40,-2.1772836908686806,MAP_SCADA,21,0.055520200045645396
0,x_tcsc,1-14,-0.10747628103650513,41,-0.11458232990911095,MAP_SCADA,21,0.007106048872605825
1,B_svc,2,0.17201780849316667,41,0.18554927214690295,MAP_SCADA,21,0.013531463653736281
2,UPFC_Vsh,5-15,1.1132964947085866,41,1.1031678178908981,MAP_SCADA,21,0.010128676817688476
3,UPFC_tsh,5-15,-0.23655377141994835,41,-0.2277859627596508,MAP_SCADA,21,0.008767808660297555
4,UPFC_Vse,5-15,0.05694790652530009,41,0.06341033325853165,MAP_SCADA,21,0.006462426733231566
5,UPFC_tse,5-15,-2.115871417344491,41,-2.1772836908686806,MAP_SCADA,21,0.061412273524189764
0,x_tcsc,1-14,-0.1081257980000313,42,-0.11458232990911095,MAP_SCADA,21,0.006456531909079646
1,B_svc,2,0.1726483542993937,42,0.18554927214690295,MAP_SCADA,21,0.012900917847509241
2,UPFC_Vsh,5-15,1.1121568098072536,42,1.1031678178908981,MAP_SCADA,21,0.008988991916355493
3,UPFC_tsh,5-15,-0.23570650257828626,42,-0.2277859627596508,MAP_SCADA,21,0.00792053981863547
4,UPFC_Vse,5-15,0.057391783915916594,42,0.06341033325853165,MAP_SCADA,21,0.006018549342615059
5,UPFC_tse,5-15,-2.1223150055765987,42,-2.1772836908686806,MAP_SCADA,21,0.054968685292081876
0,x_tcsc,1-14,-0.10919026678444572,43,-0.11458232990911095,MAP_SCADA,21,0.005392063124665225
1,B_svc,2,0.17006330659842472,43,0.18554927214690295,MAP_SCADA,21,0.015485965548478225
2,UPFC_Vsh,5-15,1.1123500259968075,43,1.1031678178908981,MAP_SCADA,21,0.009182208105909417
3,UPFC_tsh,5-15,-0.23560811988148292,43,-0.2277859627596508,MAP_SCADA,21,0.007822157121832124
4,UPFC_Vse,5-15,0.057593251453399046,43,0.06341033325853165,MAP_SCADA,21,0.005817081805132608
5,UPFC_tse,5-15,-2.1151039880453184,43,-2.1772836908686806,MAP_SCADA,21,0.06217970282336216
0,x_tcsc,1-14,-0.10530229352998717,44,-0.11458232990911095,MAP_SCADA,21,0.00928003637912378
1,B_svc,2,0.1829660034812352,44,0.18554927214690295,MAP_SCADA,21,0.002583268665667743
2,UPFC_Vsh,5-15,1.109897014642047,44,1.1031678178908981,MAP_SCADA,21,0.006729196751148914
3,UPFC_tsh,5-15,-0.23859001452834347,44,-0.2277859627596508,MAP_SCADA,21,0.010804051768692674
4,UPFC_Vse,5-15,0.058221711031435495,44,0.06341033325853165,MAP_SCADA,21,0.005188622227096158
5,UPFC_tse,5-15,-2.116964072987721,44,-2.1772836908686806,MAP_SCADA,21,0.06031961788095952
0,x_tcsc,1-14,-0.1069256538871445,45,-0.11458232990911095,MAP_SCADA,21,0.007656676021966444
1,B_svc,2,0.177465266753047,45,0.18554927214690295,MAP_SCADA,21,0.008084005393855953
2,UPFC_Vsh,5-15,1.1114206874199102,45,1.1031678178908981,MAP_SCADA,21,0.008252869529012052
3,UPFC_tsh,5-15,-0.23689545053861744,45,-0.2277859627596508,MAP_SCADA,21,0.00910948777896664
4,UPFC_Vse,5-15,0.057539741316308304,45,0.06341033325853165,MAP_SCADA,21,0.005870591942223349
5,UPFC_tse,5-15,-2.1171370386148687,45,-2.1772836908686806,MAP_SCADA,21,0.06014665225381188
0,x_tcsc,1-14,-0.10802781666215394,46,-0.11458232990911095,MAP_SCADA,21,0.006554513246957008
1,B_svc,2,0.1738286788546785,46,0.18554927214690295,MAP_SCADA,21,0.01172059329222444
2,UPFC_Vsh,5-15,1.11293370639085,46,1.1031678178908981,MAP_SCADA,21,0.009765888499951858
3,UPFC_tsh,5-15,-0.236790719974732,46,-0.2277859627596508,MAP_SCADA,21,0.009004757215081205
4,UPFC_Vse,5-15,0.057103383298049065,46,0.06341033325853165,MAP_SCADA,21,0.0063069499604825885
5,UPFC_tse,5-15,-2.1179202109526556,46,-2.1772836908686806,MAP_SCADA,21,0.059363479916024975
0,x_tcsc,1-14,-0.10709329858503407,47,-0.11458232990911095,MAP_SCADA,21,0.0074890313240768835
1,B_svc,2,0.173253329722418,47,0.18554927214690295,MAP_SCADA,21,0.012295942424484951
2,UPFC_Vsh,5-15,1.1130769853263658,47,1.1031678178908981,MAP_SCADA,21,0.009909167435467658
3,UPFC_tsh,5-15,-0.23619945386340394,47,-0.2277859627596508,MAP_SCADA,21,0.00841349110375314
4,UPFC_Vse,5-15,0.05764670213138666,47,0.06341033325853165,MAP_SCADA,21,0.005763631127144994
5,UPFC_tse,5-15,-2.1178733164843204,47,-2.1772836908686806,MAP_SCADA,21,0.05941037438436014
0,x_tcsc,1-14,-0.10719051328101499,48,-0.11458232990911095,MAP_SCADA,21,0.00739181662809596
1,B_svc,2,0.17618814701774743,48,0.18554927214690295,MAP_SCADA,21,0.009361125129155518
2,UPFC_Vsh,5-15,1.1137388699268482,48,1.1031678178908981,MAP_SCADA,21,0.010571052035950101
3,UPFC_tsh,5-15,-0.23554054106717964,48,-0.2277859627596508,MAP_SCADA,21,0.007754578307528848
4,UPFC_Vse,5-15,0.05692696717314711,48,0.06341033325853165,MAP_SCADA,21,0.006483366085384544
5,UPFC_tse,5-15,-2.118333333343752,48,-2.1772836908686806,MAP_SCADA,21,0.05895035752492861
0,x_tcsc,1-14,-0.10866601044350763,49,-0.11458232990911095,MAP_SCADA,21,0.005916319465603323
1,B_svc,2,0.1710053873058158,49,0.18554927214690295,MAP_SCADA,21,0.014543884841087151
2,UPFC_Vsh,5-15,1.1121595017507595,49,1.1031678178908981,MAP_SCADA,21,0.008991683859861377
3,UPFC_tsh,5-15,-0.2359778989630055,49,-0.2277859627596508,MAP_SCADA,21,0.008191936203354705
4,UPFC_Vse,5-15,0.05723723522516479,49,0.06341033325853165,MAP_SCADA,21,0.006173098033366867
5,UPFC_tse,5-15,-2.1162183015920553,49,-2.1772836908686806,MAP_SCADA,21,0.061065389276625304
0,x_tcsc,1-14,-0.10901937796112277,50,-0.11458232990911095,MAP_SCADA,21,0.0055629519479881845
1,B_svc,2,0.16959306694005918,50,0.18554927214690295,MAP_SCADA,21,0.015956205206843765
2,UPFC_Vsh,5-15,1.1129934283863259,50,1.1031678178908981,MAP_SCADA,21,0.009825610495427739
3,UPFC_tsh,5-15,-0.23572793347299587,50,-0.2277859627596508,MAP_SCADA,21,0.00794197071334507
4,UPFC_Vse,5-15,0.05764673609842407,50,0.06341033325853165,MAP_SCADA,21,0.005763597160107582
5,UPFC_tse,5-15,-2.118481715803393,50,-2.1772836908686806,MAP_SCADA,21,0.058801975065287504
0,x_tcsc,1-14,-0.10931226325956275,51,-0.11458232990911095,MAP_SCADA,21,0.005270066649548197
1,B_svc,2,0.16790873900292247,51,0.18554927214690295,MAP_SCADA,21,0.01764053314398048
2,UPFC_Vsh,5-15,1.1126616705910577,51,1.1031678178908981,MAP_SCADA,21,0.009493852700159566
3,UPFC_tsh,5-15,-0.2364188554805837,51,-0.2277859627596508,MAP_SCADA,21,0.0086328927209329
4,UPFC_Vse,5-15,0.057683554161929884,51,0.06341033325853165,MAP_SCADA,21,0.0057267790966017695
5,UPFC_tse,5-15,-2.1187258940414506,51,-2.1772836908686806,MAP_SCADA,21,0.058557796827229947
0,x_tcsc,1-14,-0.10695079648572353,52,-0.11458232990911095,MAP_SCADA,21,0.007631533423387418
1,B_svc,2,0.17765441432496182,52,0.18554927214690295,MAP_SCADA,21,0.007894857821941131
2,UPFC_Vsh,5-15,1.1107767750385993,52,1.1031678178908981,MAP_SCADA,21,0.007608957147701156
3,UPFC_tsh,5-15,-0.23801910026457151,52,-0.2277859627596508,MAP_SCADA,21,0.01023313750492072
4,UPFC_Vse,5-15,0.05789410719761008,52,0.06341033325853165,MAP_SCADA,21,0.005516226060921572
5,UPFC_tse,5-15,-2.1180835578894164,52,-2.1772836908686806,MAP_SCADA,21,0.059200132979264186
0,x_tcsc,1-14,-0.10579999281105353,53,-0.11458232990911095,MAP_SCADA,21,0.008782337098057424
1,B_svc,2,0.18205396316733946,53,0.18554927214690295,MAP_SCADA,21,0.0034953089795634884
2,UPFC_Vsh,5-15,1.109267996697699,53,1.1031678178908981,MAP_SCADA,21,0.0061001788068009155
3,UPFC_tsh,5-15,-0.23819604051412727,53,-0.2277859627596508,MAP_SCADA,21,0.010410077754476471
4,UPFC_Vse,5-15,0.05724544595243886,53,0.06341033325853165,MAP_SCADA,21,0.006164887306092791
5,UPFC_tse,5-15,-2.1229365299297847,53,-2.1772836908686806,MAP_SCADA,21,0.05434716093889591
0,x_tcsc,1-14,-0.106223577746768,54,-0.11458232990911095,MAP_SCADA,21,0.008358752162342956
1,B_svc,2,0.17719157491400092,54,0.18554927214690295,MAP_SCADA,21,0.008357697232902028
2,UPFC_Vsh,5-15,1.111956043609763,54,1.1031678178908981,MAP_SCADA,21,0.00878822571886495
3,UPFC_tsh,5-15,-0.2378113739765671,54,-0.2277859627596508,MAP_SCADA,21,0.010025411216916302
4,UPFC_Vse,5-15,0.057130967663296575,54,0.06341033325853165,MAP_SCADA,21,0.0062793655952350785
5,UPFC_tse,5-15,-2.12161004485105,54,-2.1772836908686806,MAP_SCADA,21,0.055673646017630585
0,x_tcsc,1-14,-0.1048808287150344,55,-0.11458232990911095,MAP_SCADA,21,0.009701501194076548
1,B_svc,2,0.18023016762748467,55,0.18554927214690295,MAP_SCADA,21,0.005319104519418277
2,UPFC_Vsh,5-15,1.111015522773831,55,1.1031678178908981,MAP_SCADA,21,0.007847704882932849
3,UPFC_tsh,5-15,-0.2379659931537663,55,-0.2277859627596508,MAP_SCADA,21,0.010180030394115497
4,UPFC_Vse,5-15,0.05771664330509277,55,0.06341033325853165,MAP_SCADA,21,0.005693689953438885
5,UPFC_tse,5-15,-2.1190069084086782,55,-2.1772836908686806,MAP_SCADA,21,0.05827678246000234
0,x_tcsc,1-14,-0.10573173835744157,56,-0.11458232990911095,MAP_SCADA,21,0.008850591551669382
1,B_svc,2,0.1817970034926586,56,0.18554927214690295,MAP_SCADA,21,0.003752268654244356
2,UPFC_Vsh,5-15,1.111027770285367,56,1.1031678178908981,MAP_SCADA,21,0.007859952394468905
3,UPFC_tsh,5-15,-0.23812830497551066,56,-0.2277859627596508,MAP_SCADA,21,0.010342342215859862
4,UPFC_Vse,5-15,0.05736210880287201,56,0.06341033325853165,MAP_SCADA,21,0.006048224455659647
5,UPFC_tse,5-15,-2.1198983441293033,56,-2.1772836908686806,MAP_SCADA,21,0.05738534673937723
0,x_tcsc,1-14,-0.10709092763731871,57,-0.11458232990911095,MAP_SCADA,21,0.007491402271792236
1,B_svc,2,0.17484046073839904,57,0.18554927214690295,MAP_SCADA,21,0.01070881140850391
2,UPFC_Vsh,5-15,1.1133469525661213,57,1.1031678178908981,MAP_SCADA,21,0.010179134675223134
3,UPFC_tsh,5-15,-0.23718555045047204,57,-0.2277859627596508,MAP_SCADA,21,0.009399587690821248
4,UPFC_Vse,5-15,0.057613084439732426,57,0.06341033325853165,MAP_SCADA,21,0.005797248818799228
5,UPFC_tse,5-15,-2.1183658311697195,57,-2.1772836908686806,MAP_SCADA,21,0.05891785969896102
0,x_tcsc,1-14,-0.10714063314851686,58,-0.11458232990911095,MAP_SCADA,21,0.007441696760594085
1,B_svc,2,0.17242772742543125,58,0.18554927214690295,MAP_SCADA,21,0.0131215447214717
2,UPFC_Vsh,5-15,1.1108335546560917,58,1.1031678178908981,MAP_SCADA,21,0.007665736765193554
3,UPFC_tsh,5-15,-0.23746284602796666,58,-0.2277859627596508,MAP_SCADA,21,0.009676883268315867
4,UPFC_Vse,5-15,0.05689107134771026,58,0.06341033325853165,MAP_SCADA,21,0.006519261910821396
5,UPFC_tse,5-15,-2.122073449832775,58,-2.1772836908686806,MAP_SCADA,21,0.05521024103590566
0,x_tcsc,1-14,-0.10523444359924194,59,-0.11458232990911095,MAP_SCADA,21,0.009347886309869005
1,B_svc,2,0.1793597647528677,59,0.18554927214690295,MAP_SCADA,21,0.00618950739403526
2,UPFC_Vsh,5-15,1.1107857115531186,59,1.1031678178908981,MAP_SCADA,21,0.007617893662220432
3,UPFC_tsh,5-15,-0.23789177797441755,59,-0.2277859627596508,MAP_SCADA,21,0.01010581521476675
4,UPFC_Vse,5-15,0.05768282997508247,59,0.06341033325853165,MAP_SCADA,21,0.005727503283449183
5,UPFC_tse,5-15,-2.1181873406560845,59,-2.1772836908686806,MAP_SCADA,21,0.05909635021259607
0,x_tcsc,1-14,-0.10945176150756852,60,-0.11458232990911095,MAP_SCADA,21,0.005130568401542426
1,B_svc,2,0.16935793383633752,60,0.18554927214690295,MAP_SCADA,21,0.016191338310565434
2,UPFC_Vsh,5-15,1.1139613169432452,60,1.1031678178908981,MAP_SCADA,21,0.010793499052347055
3,UPFC_tsh,5-15,-0.23566920134996264,60,-0.2277859627596508,MAP_SCADA,21,0.007883238590311842
4,UPFC_Vse,5-15,0.05720458411055312,60,0.06341033325853165,MAP_SCADA,21,0.006205749147978536
5,UPFC_tse,5-15,-2.1149588358461378,60,-2.1772836908686806,MAP_SCADA,21,0.06232485502254281
0,x_tcsc,1-14,-0.10905522365335318,61,-0.11458232990911095,MAP_SCADA,21,0.005527106255757766
1,B_svc,2,0.1703607647786208,61,0.18554927214690295,MAP_SCADA,21,0.015188507368282145
2,UPFC_Vsh,5-15,1.1130767083751107,61,1.1031678178908981,MAP_SCADA,21,0.009908890484212618
3,UPFC_tsh,5-15,-0.23544033055215907,61,-0.2277859627596508,MAP_SCADA,21,0.0076543677925082765
4,UPFC_Vse,5-15,0.057875494250938325,61,0.06341033325853165,MAP_SCADA,21,0.0055348390075933285
5,UPFC_tse,5-15,-2.1204281948282167,61,-2.1772836908686806,MAP_SCADA,21,0.056855496040463915
0,x_tcsc,1-14,-0.10733114663304694,62,-0.11458232990911095,MAP_SCADA,21,0.007251183276064013
1,B_svc,2,0.17367688990675537,62,0.18554927214690295,MAP_SCADA,21,0.011872382240147583
2,UPFC_Vsh,5-15,1.1121862943112313,62,1.1031678178908981,MAP_SCADA,21,0.009018476420333155
3,UPFC_tsh,5-15,-0.23622970029102125,62,-0.2277859627596508,MAP_SCADA,21,0.008443737531370454
4,UPFC_Vse,5-15,0.057647980839804165,62,0.06341033325853165,MAP_SCADA,21,0.0057623524187274885
5,UPFC_tse,5-15,-2.1197384212927988,62,-2.1772836908686806,MAP_SCADA,21,0.0575452695758818
0,x_tcsc,1-14,-0.10940497005741741,63,-0.11458232990911095,MAP_SCADA,21,0.0051773598516935415
1,B_svc,2,0.1726336661398208,63,0.18554927214690295,MAP_SCADA,21,0.012915606007082137
2,UPFC_Vsh,5-15,1.1087398307270746,63,1.1031678178908981,MAP_SCADA,21,0.0055720128361764765
3,UPFC_tsh,5-15,-0.2373871645118825,63,-0.2277859627596508,MAP_SCADA,21,0.009601201752231697
4,UPFC_Vse,5-15,0.05776814794156133,63,0.06341033325853165,MAP_SCADA,21,0.005642185316970326
5,UPFC_tse,5-15,-2.121343863462053,63,-2.1772836908686806,MAP_SCADA,21,0.05593982740662762
0,x_tcsc,1-14,-0.1046949546236351,64,-0.11458232990911095,MAP_SCADA,21,0.009887375285475855
1,B_svc,2,0.183445376860306,64,0.18554927214690295,MAP_SCADA,21,0.002103895286596963
2,UPFC_Vsh,5-15,1.1131989879091804,64,1.1031678178908981,MAP_SCADA,21,0.010031170018282243
3,UPFC_tsh,5-15,-0.23781862115688623,64,-0.2277859627596508,MAP_SCADA,21,0.010032658397235439
4,UPFC_Vse,5-15,0.05759710799066543,64,0.06341033325853165,MAP_SCADA,21,0.0058132252678662205
5,UPFC_tse,5-15,-2.1232312397924127,64,-2.1772836908686806,MAP_SCADA,21,0.05405245107626788
0,x_tcsc,1-14,-0.10787113157761462,65,-0.11458232990911095,MAP_SCADA,21,0.006711198331496332
1,B_svc,2,0.17266875712225543,65,0.18554927214690295,MAP_SCADA,21,0.012880515024647515
2,UPFC_Vsh,5-15,1.112803249263745,65,1.1031678178908981,MAP_SCADA,21,0.009635431372846837
3,UPFC_tsh,5-15,-0.23576020759578165,65,-0.2277859627596508,MAP_SCADA,21,0.00797424483613085
4,UPFC_Vse,5-15,0.05738668038712711,65,0.06341033325853165,MAP_SCADA,21,0.006023652871404543
5,UPFC_tse,5-15,-2.117628484366634,65,-2.1772836908686806,MAP_SCADA,21,0.059655206502046365
0,x_tcsc,1-14,-0.10607910744277634,66,-0.11458232990911095,MAP_SCADA,21,0.008503222466334615
1,B_svc,2,0.1785011070050042,66,0.18554927214690295,MAP_SCADA,21,0.007048165141898738
2,UPFC_Vsh,5-15,1.1122669093630733,66,1.1031678178908981,MAP_SCADA,21,0.009099091472175136
3,UPFC_tsh,5-15,-0.2376299527673899,66,-0.2277859627596508,MAP_SCADA,21,0.009843990007739112
4,UPFC_Vse,5-15,0.0580228728162041,66,0.06341033325853165,MAP_SCADA,21,0.005387460442327553
5,UPFC_tse,5-15,-2.11588414783405,66,-2.1772836908686806,MAP_SCADA,21,0.061399543034630355
0,x_tcsc,1-14,-0.10464633199777319,67,-0.11458232990911095,MAP_SCADA,21,0.009935997911337757
1,B_svc,2,0.1819534129198583,67,0.18554927214690295,MAP_SCADA,21,0.00359585922704464
2,UPFC_Vsh,5-15,1.1109878453087363,67,1.1031678178908981,MAP_SCADA,21,0.00782002741783816
3,UPFC_tsh,5-15,-0.23816703002760867,67,-0.2277859627596508,MAP_SCADA,21,0.010381067267957872
4,UPFC_Vse,5-15,0.0575155112696389,67,0.06341033325853165,MAP_SCADA,21,0.005894821988892754
5,UPFC_tse,5-15,-2.1243584023779603,67,-2.1772836908686806,MAP_SCADA,21,0.05292528849072031
0,x_tcsc,1-14,-0.1048884806969986,68,-0.11458232990911095,MAP_SCADA,21,0.009693849212112346
1,B_svc,2,0.18233020135967012,68,0.18554927214690295,MAP_SCADA,21,0.003219070787232825
2,UPFC_Vsh,5-15,1.1126787375375116,68,1.1031678178908981,MAP_SCADA,21,0.009510919646613436
3,UPFC_tsh,5-15,-0.23729777185293432,68,-0.2277859627596508,MAP_SCADA,21,0.00951180909328353
4,UPFC_Vse,5-15,0.057497301850630324,68,0.06341033325853165,MAP_SCADA,21,0.00591303140790133
5,UPFC_tse,5-15,-2.117353272936879,68,-2.1772836908686806,MAP_SCADA,21,0.05993041793180165
0,x_tcsc,1-14,-0.10890222542618458,69,-0.11458232990911095,MAP_SCADA,21,0.005680104482926371
1,B_svc,2,0.16834420117020463,69,0.18554927214690295,MAP_SCADA,21,0.017205070976698322
2,UPFC_Vsh,5-15,1.1131104914482013,69,1.1031678178908981,MAP_SCADA,21,0.009942673557303161
3,UPFC_tsh,5-15,-0.23620664066360444,69,-0.2277859627596508,MAP_SCADA,21,0.00842067790395365
4,UPFC_Vse,5-15,0.05712520081716381,69,0.06341033325853165,MAP_SCADA,21,0.006285132441367844
5,UPFC_tse,5-15,-2.116181775780159,69,-2.1772836908686806,MAP_SCADA,21,0.0611019150885217
0,x_tcsc,1-14,-0.10783954312107445,70,-0.11458232990911095,MAP_SCADA,21,0.006742786788036498
1,B_svc,2,0.1738012616177895,70,0.18554927214690295,MAP_SCADA,21,0.01174801052911345
2,UPFC_Vsh,5-15,1.109946175601687,70,1.1031678178908981,MAP_SCADA,21,0.00677835771078894
3,UPFC_tsh,5-15,-0.2370955958356482,70,-0.2277859627596508,MAP_SCADA,21,0.009309633075997414
4,UPFC_Vse,5-15,0.057627049096513644,70,0.06341033325853165,MAP_SCADA,21,0.00578328416201801
5,UPFC_tse,5-15,-2.1202167991094587,70,-2.1772836908686806,MAP_SCADA,21,0.05706689175922186
0,x_tcsc,1-14,-0.10534847168056283,71,-0.11458232990911095,MAP_SCADA,21,0.009233858228548122
1,B_svc,2,0.17955172099397773,71,0.18554927214690295,MAP_SCADA,21,0.005997551152925218
2,UPFC_Vsh,5-15,1.1117192574047965,71,1.1031678178908981,MAP_SCADA,21,0.008551439513898362
3,UPFC_tsh,5-15,-0.23820653589537907,71,-0.2277859627596508,MAP_SCADA,21,0.010420573135728278
4,UPFC_Vse,5-15,0.05754757811938391,71,0.06341033325853165,MAP_SCADA,21,0.005862755139147746
5,UPFC_tse,5-15,-2.121658366823909,71,-2.1772836908686806,MAP_SCADA,21,0.055625324044771496
0,x_tcsc,1-14,-0.10742294616001442,72,-0.11458232990911095,MAP_SCADA,21,0.007159383749096526
1,B_svc,2,0.17430469223433764,72,0.18554927214690295,MAP_SCADA,21,0.011244579912565306
2,UPFC_Vsh,5-15,1.1143541824961813,72,1.1031678178908981,MAP_SCADA,21,0.011186364605283217
3,UPFC_tsh,5-15,-0.23620451737193204,72,-0.2277859627596508,MAP_SCADA,21,0.008418554612281248
4,UPFC_Vse,5-15,0.0572197988624672,72,0.06341033325853165,MAP_SCADA,21,0.0061905343960644565
5,UPFC_tse,5-15,-2.113452791129322,72,-2.1772836908686806,MAP_SCADA,21,0.0638308997393584
0,x_tcsc,1-14,-0.10922969344645563,73,-0.11458232990911095,MAP_SCADA,21,0.005352636462655325
1,B_svc,2,0.16525146255622622,73,0.18554927214690295,MAP_SCADA,21,0.02029780959067673
2,UPFC_Vsh,5-15,1.1134568370282656,73,1.1031678178908981,MAP_SCADA,21,0.010289019137367461
3,UPFC_tsh,5-15,-0.2356698992780358,73,-0.2277859627596508,MAP_SCADA,21,0.00788393651838501
4,UPFC_Vse,5-15,0.05714227536138494,73,0.06341033325853165,MAP_SCADA,21,0.006268057897146712
5,UPFC_tse,5-15,-2.119651091064688,73,-2.1772836908686806,MAP_SCADA,21,0.0576325998039926
0,x_tcsc,1-14,-0.10431792148953327,74,-0.11458232990911095,MAP_SCADA,21,0.01026440841957768
1,B_svc,2,0.1811248064659187,74,0.18554927214690295,MAP_SCADA,21,0.0044244656809842575
2,UPFC_Vsh,5-15,1.1099430822379803,74,1.1031678178908981,MAP_SCADA,21,0.006775264347082199
3,UPFC_tsh,5-15,-0.23852746172805828,74,-0.2277859627596508,MAP_SCADA,21,0.010741498968407481
4,UPFC_Vse,5-15,0.05784374657307531,74,0.06341033325853165,MAP_SCADA,21,0.005566586685456343
5,UPFC_tse,5-15,-2.121425096913782,74,-2.1772836908686806,MAP_SCADA,21,0.05585859395489878
0,x_tcsc,1-14,-0.103353053211812,75,-0.11458232990911095,MAP_SCADA,21,0.011229276697298951
1,B_svc,2,0.18807150083032478,75,0.18554927214690295,MAP_SCADA,21,0.0025222286834218344
2,UPFC_Vsh,5-15,1.1111700606315367,75,1.1031678178908981,MAP_SCADA,21,0.008002242740638543
3,UPFC_tsh,5-15,-0.2388301118941401,75,-0.2277859627596508,MAP_SCADA,21,0.011044149134489312
4,UPFC_Vse,5-15,0.057665588016663855,75,0.06341033325853165,MAP_SCADA,21,0.005744745241867799
5,UPFC_tse,5-15,-2.123561272171615,75,-2.1772836908686806,MAP_SCADA,21,0.05372241869706551
0,x_tcsc,1-14,-0.10893838338128896,76,-0.11458232990911095,MAP_SCADA,21,0.005643946527821991
1,B_svc,2,0.17015960069209635,76,0.18554927214690295,MAP_SCADA,21,0.015389671454806603
2,UPFC_Vsh,5-15,1.1136347042650967,76,1.1031678178908981,MAP_SCADA,21,0.01046688637419857
3,UPFC_tsh,5-15,-0.2356088372004739,76,-0.2277859627596508,MAP_SCADA,21,0.007822874440823108
4,UPFC_Vse,5-15,0.05739174891156154,76,0.06341033325853165,MAP_SCADA,21,0.006018584346970113
5,UPFC_tse,5-15,-2.1131298745475315,76,-2.1772836908686806,MAP_SCADA,21,0.06415381632114903
0,x_tcsc,1-14,-0.10677148640328579,77,-0.11458232990911095,MAP_SCADA,21,0.007810843505825157
1,B_svc,2,0.17490146294845868,77,0.18554927214690295,MAP_SCADA,21,0.010647809198444269
2,UPFC_Vsh,5-15,1.1099104962836785,77,1.1031678178908981,MAP_SCADA,21,0.006742678392780421
3,UPFC_tsh,5-15,-0.2369514487516909,77,-0.2277859627596508,MAP_SCADA,21,0.009165485992040118
4,UPFC_Vse,5-15,0.05773714951810732,77,0.06341033325853165,MAP_SCADA,21,0.005673183740424331
5,UPFC_tse,5-15,-2.1166647015932987,77,-2.1772836908686806,MAP_SCADA,21,0.060618989275381896
0,x_tcsc,1-14,-0.10924023694539466,78,-0.11458232990911095,MAP_SCADA,21,0.005342092963716294
1,B_svc,2,0.17022007529560623,78,0.18554927214690295,MAP_SCADA,21,0.015329196851296717
2,UPFC_Vsh,5-15,1.1133807467142431,78,1.1031678178908981,MAP_SCADA,21,0.010212928823345013
3,UPFC_tsh,5-15,-0.23596645081338674,78,-0.2277859627596508,MAP_SCADA,21,0.008180488053735946
4,UPFC_Vse,5-15,0.05711119384068331,78,0.06341033325853165,MAP_SCADA,21,0.0062991394178483415
5,UPFC_tse,5-15,-2.118052252316137,78,-2.1772836908686806,MAP_SCADA,21,0.05923143855254365
0,x_tcsc,1-14,-0.10743509187356443,79,-0.11458232990911095,MAP_SCADA,21,0.007147238035546524
1,B_svc,2,0.17324594257769063,79,0.18554927214690295,MAP_SCADA,21,0.012303329569212318
2,UPFC_Vsh,5-15,1.108719981361768,79,1.1031678178908981,MAP_SCADA,21,0.005552163470869953
3,UPFC_tsh,5-15,-0.23807533379593204,79,-0.2277859627596508,MAP_SCADA,21,0.010289371036281247
4,UPFC_Vse,5-15,0.05754558435882357,79,0.06341033325853165,MAP_SCADA,21,0.005864748899708082
5,UPFC_tse,5-15,-2.119357535515237,79,-2.1772836908686806,MAP_SCADA,21,0.05792615535344359
0,x_tcsc,1-14,-0.107329286458181,80,-0.11458232990911095,MAP_SCADA,21,0.007253043450929947
1,B_svc,2,0.17772680523582715,80,0.18554927214690295,MAP_SCADA,21,0.007822466911075798
2,UPFC_Vsh,5-15,1.1115344080452432,80,1.1031678178908981,MAP_SCADA,21,0.008366590154345044
3,UPFC_tsh,5-15,-0.23749761612930478,80,-0.2277859627596508,MAP_SCADA,21,0.009711653369653989
4,UPFC_Vse,5-15,0.05787973421424841,80,0.06341033325853165,MAP_SCADA,21,0.005530599044283241
5,UPFC_tse,5-15,-2.11619148161768,80,-2.1772836908686806,MAP_SCADA,21,0.06109220925100045
0,x_tcsc,1-14,-0.10845470603263258,81,-0.11458232990911095,MAP_SCADA,21,0.006127623876478375
1,B_svc,2,0.17185062316901872,81,0.18554927214690295,MAP_SCADA,21,0.013698648977884226
2,UPFC_Vsh,5-15,1.1136041315982959,81,1.1031678178908981,MAP_SCADA,21,0.010436313707397726
3,UPFC_tsh,5-15,-0.2352518795033683,81,-0.2277859627596508,MAP_SCADA,21,0.007465916743717493
4,UPFC_Vse,5-15,0.0565316838469432,81,0.06341033325853165,MAP_SCADA,21,0.006878649411588451
5,UPFC_tse,5-15,-2.121089216774669,81,-2.1772836908686806,MAP_SCADA,21,0.05619447409401168
0,x_tcsc,1-14,-0.10728363738035555,82,-0.11458232990911095,MAP_SCADA,21,0.007298692528755396
1,B_svc,2,0.17660953080738076,82,0.18554927214690295,MAP_SCADA,21,0.00893974133952219
2,UPFC_Vsh,5-15,1.1133363796913327,82,1.1031678178908981,MAP_SCADA,21,0.010168561800434572
3,UPFC_tsh,5-15,-0.23557723587673135,82,-0.2277859627596508,MAP_SCADA,21,0.007791273117080555
4,UPFC_Vse,5-15,0.057052670988737716,82,0.06341033325853165,MAP_SCADA,21,0.006357662269793937
5,UPFC_tse,5-15,-2.1125245344276045,82,-2.1772836908686806,MAP_SCADA,21,0.0647591564410761
0,x_tcsc,1-14,-0.10704909661563972,83,-0.11458232990911095,MAP_SCADA,21,0.007533233293471234
1,B_svc,2,0.17439535340915538,83,0.18554927214690295,MAP_SCADA,21,0.01115391873774757
2,UPFC_Vsh,5-15,1.1138189432401893,83,1.1031678178908981,MAP_SCADA,21,0.010651125349291135
3,UPFC_tsh,5-15,-0.23591608576235498,83,-0.2277859627596508,MAP_SCADA,21,0.008130123002704187
4,UPFC_Vse,5-15,0.05755680394915602,83,0.06341033325853165,MAP_SCADA,21,0.005853529309375632
5,UPFC_tse,5-15,-2.1157134403197753,83,-2.1772836908686806,MAP_SCADA,21,0.0615702505489053
0,x_tcsc,1-14,-0.10676170257170853,84,-0.11458232990911095,MAP_SCADA,21,0.007820627337402422
1,B_svc,2,0.17690582416355186,84,0.18554927214690295,MAP_SCADA,21,0.008643447983351094
2,UPFC_Vsh,5-15,1.1119187557480708,84,1.1031678178908981,MAP_SCADA,21,0.008750937857172625
3,UPFC_tsh,5-15,-0.23693835217805137,84,-0.2277859627596508,MAP_SCADA,21,0.009152389418400575
4,UPFC_Vse,5-15,0.05779647132148402,84,0.06341033325853165,MAP_SCADA,21,0.005613861937047632
5,UPFC_tse,5-15,-2.119832423144779,84,-2.1772836908686806,MAP_SCADA,21,0.05745126772390163
0,x_tcsc,1-14,-0.10433107499372325,85,-0.11458232990911095,MAP_SCADA,21,0.010251254915387698
1,B_svc,2,0.18503884107302948,85,0.18554927214690295,MAP_SCADA,21,0.0005104310738734685
2,UPFC_Vsh,5-15,1.1096490244908552,85,1.1031678178908981,MAP_SCADA,21,0.006481206599957101
3,UPFC_tsh,5-15,-0.23908337904595656,85,-0.2277859627596508,MAP_SCADA,21,0.011297416286305761
4,UPFC_Vse,5-15,0.057711255599064704,85,0.06341033325853165,MAP_SCADA,21,0.00569907765946695
5,UPFC_tse,5-15,-2.121862773911793,85,-2.1772836908686806,MAP_SCADA,21,0.055420916956887556
0,x_tcsc,1-14,-0.10627085253489142,86,-0.11458232990911095,MAP_SCADA,21,0.008311477374219528
1,B_svc,2,0.177950381895317,86,0.18554927214690295,MAP_SCADA,21,0.0075988902515859436
2,UPFC_Vsh,5-15,1.1115180763241355,86,1.1031678178908981,MAP_SCADA,21,0.008350258433237334
3,UPFC_tsh,5-15,-0.23679857101651225,86,-0.2277859627596508,MAP_SCADA,21,0.009012608256861454
4,UPFC_Vse,5-15,0.057956856977195124,86,0.06341033325853165,MAP_SCADA,21,0.005453476281336529
5,UPFC_tse,5-15,-2.1201205352270294,86,-2.1772836908686806,MAP_SCADA,21,0.0571631556416512
0,x_tcsc,1-14,-0.10651687940064776,87,-0.11458232990911095,MAP_SCADA,21,0.00806545050846319
1,B_svc,2,0.18254309035161495,87,0.18554927214690295,MAP_SCADA,21,0.0030061817952879988
2,UPFC_Vsh,5-15,1.1098899213950526,87,1.1031678178908981,MAP_SCADA,21,0.006722103504154475
3,UPFC_tsh,5-15,-0.23761277738038303,87,-0.2277859627596508,MAP_SCADA,21,0.009826814620732233
4,UPFC_Vse,5-15,0.0574593173937414,87,0.06341033325853165,MAP_SCADA,21,0.00595101586479025
5,UPFC_tse,5-15,-2.121138093764339,87,-2.1772836908686806,MAP_SCADA,21,0.056145597104341416
0,x_tcsc,1-14,-0.1056307771781821,88,-0.11458232990911095,MAP_SCADA,21,0.008951552730928847
1,B_svc,2,0.1824884266434068,88,0.18554927214690295,MAP_SCADA,21,0.00306084550349614
2,UPFC_Vsh,5-15,1.1101963057729272,88,1.1031678178908981,MAP_SCADA,21,0.007028487882029033
3,UPFC_tsh,5-15,-0.23763002628571525,88,-0.2277859627596508,MAP_SCADA,21,0.009844063526064456
4,UPFC_Vse,5-15,0.05706675078108499,88,0.06341033325853165,MAP_SCADA,21,0.006343582477446666
5,UPFC_tse,5-15,-2.1196074179549385,88,-2.1772836908686806,MAP_SCADA,21,0.05767627291374211
0,x_tcsc,1-14,-0.1068650757269267,89,-0.11458232990911095,MAP_SCADA,21,0.007717254182184247
1,B_svc,2,0.17718067164134646,89,0.18554927214690295,MAP_SCADA,21,0.00836860050555649
2,UPFC_Vsh,5-15,1.1127660092473064,89,1.1031678178908981,MAP_SCADA,21,0.00959819135640827
3,UPFC_tsh,5-15,-0.2373073844773539,89,-0.2277859627596508,MAP_SCADA,21,0.009521421717703094
4,UPFC_Vse,5-15,0.05689366350326791,89,0.06341033325853165,MAP_SCADA,21,0.006516669755263743
5,UPFC_tse,5-15,-2.117896080173778,89,-2.1772836908686806,MAP_SCADA,21,0.059387610694902726
0,x_tcsc,1-14,-0.10699046471291579,90,-0.11458232990911095,MAP_SCADA,21,0.0075918651961951605
1,B_svc,2,0.17719256344522044,90,0.18554927214690295,MAP_SCADA,21,0.008356708701682508
2,UPFC_Vsh,5-15,1.109052539356643,90,1.1031678178908981,MAP_SCADA,21,0.005884721465744924
3,UPFC_tsh,5-15,-0.23785065622494828,90,-0.2277859627596508,MAP_SCADA,21,0.01006469346529748
4,UPFC_Vse,5-15,0.05830466828765745,90,0.06341033325853165,MAP_SCADA,21,0.005105664970874203
5,UPFC_tse,5-15,-2.120107730975188,90,-2.1772836908686806,MAP_SCADA,21,0.05717595989349267
0,x_tcsc,1-14,-0.10506074381709783,91,-0.11458232990911095,MAP_SCADA,21,0.009521586092013118
1,B_svc,2,0.18563134723275895,91,0.18554927214690295,MAP_SCADA,21,8.207508585600376e-05
2,UPFC_Vsh,5-15,1.107344280444785,91,1.1031678178908981,MAP_SCADA,21,0.004176462553886928
3,UPFC_tsh,5-15,-0.24009200989541232,91,-0.2277859627596508,MAP_SCADA,21,0.012306047135761528
4,UPFC_Vse,5-15,0.05745016323994678,91,0.06341033325853165,MAP_SCADA,21,0.0059601700185848705
5,UPFC_tse,5-15,-2.129716491830026,91,-2.1772836908686806,MAP_SCADA,21,0.04756719903865436
0,x_tcsc,1-14,-0.10843316130367997,92,-0.11458232990911095,MAP_SCADA,21,0.00614916860543098
1,B_svc,2,0.171724517507776,92,0.18554927214690295,MAP_SCADA,21,0.01382475463912694
2,UPFC_Vsh,5-15,1.1124955617280345,92,1.1031678178908981,MAP_SCADA,21,0.009327743837136415
3,UPFC_tsh,5-15,-0.23592061914407508,92,-0.2277859627596508,MAP_SCADA,21,0.008134656384424288
4,UPFC_Vse,5-15,0.05764937454389893,92,0.06341033325853165,MAP_SCADA,21,0.005760958714632725
5,UPFC_tse,5-15,-2.115887173504994,92,-2.1772836908686806,MAP_SCADA,21,0.06139651736368679
0,x_tcsc,1-14,-0.10527819592613752,93,-0.11458232990911095,MAP_SCADA,21,0.009304133982973431
1,B_svc,2,0.18394801974922592,93,0.18554927214690295,MAP_SCADA,21,0.0016012523976770277
2,UPFC_Vsh,5-15,1.1121927994121752,93,1.1031678178908981,MAP_SCADA,21,0.009024981521277065
3,UPFC_tsh,5-15,-0.23767845269493082,93,-0.2277859627596508,MAP_SCADA,21,0.009892489935280024
4,UPFC_Vse,5-15,0.05811935876557973,93,0.06341033325853165,MAP_SCADA,21,0.005290974492951926
5,UPFC_tse,5-15,-2.1160067421541595,93,-2.1772836908686806,MAP_SCADA,21,0.06127694871452105
0,x_tcsc,1-14,-0.10848267666552323,94,-0.11458232990911095,MAP_SCADA,21,0.006099653243587716
1,B_svc,2,0.17129404864009537,94,0.18554927214690295,MAP_SCADA,21,0.01425522350680758
2,UPFC_Vsh,5-15,1.1113930301542858,94,1.1031678178908981,MAP_SCADA,21,0.008225212263387682
3,UPFC_tsh,5-15,-0.2362084475764398,94,-0.2277859627596508,MAP_SCADA,21,0.008422484816789005
4,UPFC_Vse,5-15,0.057179680241642564,94,0.06341033325853165,MAP_SCADA,21,0.00623065301688909
5,UPFC_tse,5-15,-2.117519973685605,94,-2.1772836908686806,MAP_SCADA,21,0.05976371718307538
0,x_tcsc,1-14,-0.10609612643226632,95,-0.11458232990911095,MAP_SCADA,21,0.008486203476844631
1,B_svc,2,0.18034927342603962,95,0.18554927214690295,MAP_SCADA,21,0.005199998720863325
2,UPFC_Vsh,5-15,1.1081572271684876,95,1.1031678178908981,MAP_SCADA,21,0.004989409277589507
3,UPFC_tsh,5-15,-0.23896856849243206,95,-0.2277859627596508,MAP_SCADA,21,0.011182605732781264
4,UPFC_Vse,5-15,0.05827706701732483,95,0.06341033325853165,MAP_SCADA,21,0.005133266241206823
5,UPFC_tse,5-15,-2.1231450659637763,95,-2.1772836908686806,MAP_SCADA,21,0.05413862490490429
0,x_tcsc,1-14,-0.11072494674634924,96,-0.11458232990911095,MAP_SCADA,21,0.0038573831627617128
1,B_svc,2,0.16382259331556495,96,0.18554927214690295,MAP_SCADA,21,0.021726678831337998
2,UPFC_Vsh,5-15,1.1131482719824068,96,1.1031678178908981,MAP_SCADA,21,0.009980454091508717
3,UPFC_tsh,5-15,-0.23519080502005715,96,-0.2277859627596508,MAP_SCADA,21,0.007404842260406358
4,UPFC_Vse,5-15,0.057372158170830606,96,0.06341033325853165,MAP_SCADA,21,0.006038175087701048
5,UPFC_tse,5-15,-2.1161767640182254,96,-2.1772836908686806,MAP_SCADA,21,0.06110692685045516
0,x_tcsc,1-14,-0.10717201549915735,97,-0.11458232990911095,MAP_SCADA,21,0.0074103144099536
1,B_svc,2,0.17993119020529763,97,0.18554927214690295,MAP_SCADA,21,0.0056180819416053185
2,UPFC_Vsh,5-15,1.1113859768397536,97,1.1031678178908981,MAP_SCADA,21,0.00821815894885547
3,UPFC_tsh,5-15,-0.23733175664322106,97,-0.2277859627596508,MAP_SCADA,21,0.00954579388357027
4,UPFC_Vse,5-15,0.05756112498967703,97,0.06341033325853165,MAP_SCADA,21,0.005849208268854621
5,UPFC_tse,5-15,-2.1183860517395594,97,-2.1772836908686806,MAP_SCADA,21,0.05889763912912116
0,x_tcsc,1-14,-0.10794320493711781,98,-0.11458232990911095,MAP_SCADA,21,0.006639124971993135
1,B_svc,2,0.17594575429682419,98,0.18554927214690295,MAP_SCADA,21,0.009603517850078763
2,UPFC_Vsh,5-15,1.1139945785284209,98,1.1031678178908981,MAP_SCADA,21,0.010826760637522748
3,UPFC_tsh,5-15,-0.23616473699877685,98,-0.2277859627596508,MAP_SCADA,21,0.008378774239126058
4,UPFC_Vse,5-15,0.057481413833521275,98,0.06341033325853165,MAP_SCADA,21,0.005928919425010379
5,UPFC_tse,5-15,-2.1167090690392265,98,-2.1772836908686806,MAP_SCADA,21,0.060574621829454056
0,x_tcsc,1-14,-0.10549981687781415,99,-0.11458232990911095,MAP_SCADA,21,0.009082513031296799
1,B_svc,2,0.18435980766770546,99,0.18554927214690295,MAP_SCADA,21,0.0011894644791974884
2,UPFC_Vsh,5-15,1.110605632781286,99,1.1031678178908981,MAP_SCADA,21,0.007437814890387973
3,UPFC_tsh,5-15,-0.23879532010179283,99,-0.2277859627596508,MAP_SCADA,21,0.011009357342142034
4,UPFC_Vse,5-15,0.0585592895290129,99,0.06341033325853165,MAP_SCADA,21,0.00485104372951875
5,UPFC_tse,5-15,-2.120240844202484,99,-2.1772836908686806,MAP_SCADA,21,0.057042846666196745
0,x_tcsc,1-14,-0.10671143253086024,0,-0.11268960664171954,MAP_SCADA,23,0.005978174110859297
1,B_svc,2,0.17853734538277877,0,0.1828549729699234,MAP_SCADA,23,0.004317627587144629
2,UPFC_Vsh,5-15,1.1109207789140585,0,1.1038052401113907,MAP_SCADA,23,0.007115538802667798
3,UPFC_tsh,5-15,-0.23731745143979585,0,-0.22917208547285292,MAP_SCADA,23,0.00814536596694293
4,UPFC_Vse,5-15,0.05763375636709128,0,0.06366641822200121,MAP_SCADA,23,0.006032661854909929
5,UPFC_tse,5-15,-2.121116529035107,0,-2.1809502520660033,MAP_SCADA,23,0.05983372303089629
0,x_tcsc,1-14,-0.10884679222871829,1,-0.11268960664171954,MAP_SCADA,23,0.0038428144130012443
1,B_svc,2,0.17210654984970408,1,0.1828549729699234,MAP_SCADA,23,0.010748423120219314
2,UPFC_Vsh,5-15,1.1125691339351063,1,1.1038052401113907,MAP_SCADA,23,0.008763893823715563
3,UPFC_tsh,5-15,-0.23614062783557177,1,-0.22917208547285292,MAP_SCADA,23,0.006968542362718849
4,UPFC_Vse,5-15,0.05726992650712081,1,0.06366641822200121,MAP_SCADA,23,0.006396491714880402
5,UPFC_tse,5-15,-2.114605669181904,1,-2.1809502520660033,MAP_SCADA,23,0.06634458288409917
0,x_tcsc,1-14,-0.106438597648498,2,-0.11268960664171954,MAP_SCADA,23,0.006251008993221535
1,B_svc,2,0.17900573324605812,2,0.1828549729699234,MAP_SCADA,23,0.0038492397238652776
2,UPFC_Vsh,5-15,1.110557377207309,2,1.1038052401113907,MAP_SCADA,23,0.006752137095918265
3,UPFC_tsh,5-15,-0.23791607483260863,2,-0.22917208547285292,MAP_SCADA,23,0.008743989359755705
4,UPFC_Vse,5-15,0.05782458523939781,2,0.06366641822200121,MAP_SCADA,23,0.0058418329826034
5,UPFC_tse,5-15,-2.121047690115321,2,-2.1809502520660033,MAP_SCADA,23,0.059902561950682554
0,x_tcsc,1-14,-0.1082485724483868,3,-0.11268960664171954,MAP_SCADA,23,0.004441034193332735
1,B_svc,2,0.17084799387894223,3,0.1828549729699234,MAP_SCADA,23,0.012006979090981168
2,UPFC_Vsh,5-15,1.1133073606530108,3,1.1038052401113907,MAP_SCADA,23,0.00950212054162014
3,UPFC_tsh,5-15,-0.2352148361230751,3,-0.22917208547285292,MAP_SCADA,23,0.006042750650222167
4,UPFC_Vse,5-15,0.05744203276710792,3,0.06366641822200121,MAP_SCADA,23,0.006224385454893289
5,UPFC_tse,5-15,-2.1187469994643453,3,-2.1809502520660033,MAP_SCADA,23,0.06220325260165804
0,x_tcsc,1-14,-0.10589216153963375,4,-0.11268960664171954,MAP_SCADA,23,0.0067974451020857835
1,B_svc,2,0.18057721027425636,4,0.1828549729699234,MAP_SCADA,23,0.0022777626956670405
2,UPFC_Vsh,5-15,1.1090639373079867,4,1.1038052401113907,MAP_SCADA,23,0.005258697196595996
3,UPFC_tsh,5-15,-0.23901694259159015,4,-0.22917208547285292,MAP_SCADA,23,0.009844857118737227
4,UPFC_Vse,5-15,0.057420897493637865,4,0.06366641822200121,MAP_SCADA,23,0.006245520728363346
5,UPFC_tse,5-15,-2.1217880216245173,4,-2.1809502520660033,MAP_SCADA,23,0.05916223044148605
0,x_tcsc,1-14,-0.10962718592320896,5,-0.11268960664171954,MAP_SCADA,23,0.0030624207185105806
1,B_svc,2,0.16734710763118957,5,0.1828549729699234,MAP_SCADA,23,0.015507865338733828
2,UPFC_Vsh,5-15,1.113238663056068,5,1.1038052401113907,MAP_SCADA,23,0.009433422944677305
3,UPFC_tsh,5-15,-0.2353712142411416,5,-0.22917208547285292,MAP_SCADA,23,0.006199128768288681
4,UPFC_Vse,5-15,0.05765870072751411,5,0.06366641822200121,MAP_SCADA,23,0.0060077174944871
5,UPFC_tse,5-15,-2.116604966915444,5,-2.1809502520660033,MAP_SCADA,23,0.06434528515055948
0,x_tcsc,1-14,-0.1072394089863974,6,-0.11268960664171954,MAP_SCADA,23,0.005450197655322134
1,B_svc,2,0.17505832381110656,6,0.1828549729699234,MAP_SCADA,23,0.007796649158816837
2,UPFC_Vsh,5-15,1.1134733590139796,6,1.1038052401113907,MAP_SCADA,23,0.009668118902588896
3,UPFC_tsh,5-15,-0.23630289751870623,6,-0.22917208547285292,MAP_SCADA,23,0.0071308120458533075
4,UPFC_Vse,5-15,0.057209379708297675,6,0.06366641822200121,MAP_SCADA,23,0.006457038513703536
5,UPFC_tse,5-15,-2.118697070191822,6,-2.1809502520660033,MAP_SCADA,23,0.06225318187418116
0,x_tcsc,1-14,-0.106904312225471,7,-0.11268960664171954,MAP_SCADA,23,0.005785294416248532
1,B_svc,2,0.17859066157689701,7,0.1828549729699234,MAP_SCADA,23,0.004264311393026382
2,UPFC_Vsh,5-15,1.1115241542852348,7,1.1038052401113907,MAP_SCADA,23,0.007718914173844071
3,UPFC_tsh,5-15,-0.23696277691500586,7,-0.22917208547285292,MAP_SCADA,23,0.007790691442152942
4,UPFC_Vse,5-15,0.05719135020998187,7,0.06366641822200121,MAP_SCADA,23,0.006475068012019344
5,UPFC_tse,5-15,-2.120352712191659,7,-2.1809502520660033,MAP_SCADA,23,0.06059753987434435
0,x_tcsc,1-14,-0.10584256465175358,8,-0.11268960664171954,MAP_SCADA,23,0.006847041989965955
1,B_svc,2,0.17957565213745705,8,0.1828549729699234,MAP_SCADA,23,0.003279320832466348
2,UPFC_Vsh,5-15,1.1114213514564535,8,1.1038052401113907,MAP_SCADA,23,0.007616111345062793
3,UPFC_tsh,5-15,-0.23804470709609643,8,-0.22917208547285292,MAP_SCADA,23,0.00887262162324351
4,UPFC_Vse,5-15,0.05767086577863096,8,0.06366641822200121,MAP_SCADA,23,0.0059955524433702514
5,UPFC_tse,5-15,-2.1195907835996595,8,-2.1809502520660033,MAP_SCADA,23,0.06135946846634388
0,x_tcsc,1-14,-0.10784650785057542,9,-0.11268960664171954,MAP_SCADA,23,0.004843098791144113
1,B_svc,2,0.17403306430088125,9,0.1828549729699234,MAP_SCADA,23,0.008821908669042144
2,UPFC_Vsh,5-15,1.1136591443971575,9,1.1038052401113907,MAP_SCADA,23,0.009853904285766824
3,UPFC_tsh,5-15,-0.23540412352425605,9,-0.22917208547285292,MAP_SCADA,23,0.006232038051403127
4,UPFC_Vse,5-15,0.05764721708836011,9,0.06366641822200121,MAP_SCADA,23,0.0060192011336411
5,UPFC_tse,5-15,-2.1166377891830908,9,-2.1809502520660033,MAP_SCADA,23,0.06431246288291259
0,x_tcsc,1-14,-0.10843919964143052,10,-0.11268960664171954,MAP_SCADA,23,0.0042504070002890165
1,B_svc,2,0.1733415956284689,10,0.1828549729699234,MAP_SCADA,23,0.009513377341454493
2,UPFC_Vsh,5-15,1.1120251269562094,10,1.1038052401113907,MAP_SCADA,23,0.008219886844818669
3,UPFC_tsh,5-15,-0.23596809646704503,10,-0.22917208547285292,MAP_SCADA,23,0.006796010994192109
4,UPFC_Vse,5-15,0.0564854939523338,10,0.06366641822200121,MAP_SCADA,23,0.007180924269667412
5,UPFC_tse,5-15,-2.1208915776861685,10,-2.1809502520660033,MAP_SCADA,23,0.06005867437983481
0,x_tcsc,1-14,-0.10717114851830077,11,-0.11268960664171954,MAP_SCADA,23,0.005518458123418765
1,B_svc,2,0.17747026057926507,11,0.1828549729699234,MAP_SCADA,23,0.005384712390658325
2,UPFC_Vsh,5-15,1.1124363488801543,11,1.1038052401113907,MAP_SCADA,23,0.008631108768763607
3,UPFC_tsh,5-15,-0.23632852993489933,11,-0.22917208547285292,MAP_SCADA,23,0.007156444462046413
4,UPFC_Vse,5-15,0.05659742194993677,11,0.06366641822200121,MAP_SCADA,23,0.007068996272064441
5,UPFC_tse,5-15,-2.1197408115722536,11,-2.1809502520660033,MAP_SCADA,23,0.06120944049374977
0,x_tcsc,1-14,-0.10802946345880032,12,-0.11268960664171954,MAP_SCADA,23,0.004660143182919213
1,B_svc,2,0.17281276942429238,12,0.1828549729699234,MAP_SCADA,23,0.010042203545631012
2,UPFC_Vsh,5-15,1.1130757120421997,12,1.1038052401113907,MAP_SCADA,23,0.009270471930808988
3,UPFC_tsh,5-15,-0.23632368050223404,12,-0.22917208547285292,MAP_SCADA,23,0.007151595029381119
4,UPFC_Vse,5-15,0.057571961367978236,12,0.06366641822200121,MAP_SCADA,23,0.0060944568540229754
5,UPFC_tse,5-15,-2.1157178822797733,12,-2.1809502520660033,MAP_SCADA,23,0.06523236978623004
0,x_tcsc,1-14,-0.10570316958983077,13,-0.11268960664171954,MAP_SCADA,23,0.006986437051888769
1,B_svc,2,0.18249973312876458,13,0.1828549729699234,MAP_SCADA,23,0.00035523984115881646
2,UPFC_Vsh,5-15,1.1131296050156416,13,1.1038052401113907,MAP_SCADA,23,0.009324364904250926
3,UPFC_tsh,5-15,-0.23783442634788132,13,-0.22917208547285292,MAP_SCADA,23,0.008662340875028401
4,UPFC_Vse,5-15,0.056484936983598154,13,0.06366641822200121,MAP_SCADA,23,0.007181481238403058
5,UPFC_tse,5-15,-2.115261398749947,13,-2.1809502520660033,MAP_SCADA,23,0.06568885331605623
0,x_tcsc,1-14,-0.10694923876760283,14,-0.11268960664171954,MAP_SCADA,23,0.005740367874116706
1,B_svc,2,0.1769041692493913,14,0.1828549729699234,MAP_SCADA,23,0.005950803720532083
2,UPFC_Vsh,5-15,1.1121526642391235,14,1.1038052401113907,MAP_SCADA,23,0.008347424127732817
3,UPFC_tsh,5-15,-0.2370323619370798,14,-0.22917208547285292,MAP_SCADA,23,0.007860276464226879
4,UPFC_Vse,5-15,0.057139654468352036,14,0.06366641822200121,MAP_SCADA,23,0.006526763753649176
5,UPFC_tse,5-15,-2.1194773532602125,14,-2.1809502520660033,MAP_SCADA,23,0.061472898805790877
0,x_tcsc,1-14,-0.10869855072993599,15,-0.11268960664171954,MAP_SCADA,23,0.003991055911783545
1,B_svc,2,0.1722439116589828,15,0.1828549729699234,MAP_SCADA,23,0.010611061310940584
2,UPFC_Vsh,5-15,1.1123269308828758,15,1.1038052401113907,MAP_SCADA,23,0.008521690771485124
3,UPFC_tsh,5-15,-0.23591736677432862,15,-0.22917208547285292,MAP_SCADA,23,0.006745281301475697
4,UPFC_Vse,5-15,0.05746552861625833,15,0.06366641822200121,MAP_SCADA,23,0.0062008896057428806
5,UPFC_tse,5-15,-2.114336762711501,15,-2.1809502520660033,MAP_SCADA,23,0.06661348935450251
0,x_tcsc,1-14,-0.10723509198330802,16,-0.11268960664171954,MAP_SCADA,23,0.005454514658411513
1,B_svc,2,0.17398967179522495,16,0.1828549729699234,MAP_SCADA,23,0.008865301174698442
2,UPFC_Vsh,5-15,1.1110458587351355,16,1.1038052401113907,MAP_SCADA,23,0.00724061862374481
3,UPFC_tsh,5-15,-0.23700163214610448,16,-0.22917208547285292,MAP_SCADA,23,0.007829546673251558
4,UPFC_Vse,5-15,0.05741412427159274,16,0.06366641822200121,MAP_SCADA,23,0.006252293950408473
5,UPFC_tse,5-15,-2.115454248723215,16,-2.1809502520660033,MAP_SCADA,23,0.06549600334278827
0,x_tcsc,1-14,-0.11066622826773613,17,-0.11268960664171954,MAP_SCADA,23,0.002023378373983406
1,B_svc,2,0.17213545326446683,17,0.1828549729699234,MAP_SCADA,23,0.010719519705456565
2,UPFC_Vsh,5-15,1.1101691119931705,17,1.1038052401113907,MAP_SCADA,23,0.006363871881779781
3,UPFC_tsh,5-15,-0.23638238289548702,17,-0.22917208547285292,MAP_SCADA,23,0.007210297422634099
4,UPFC_Vse,5-15,0.05704571524866088,17,0.06366641822200121,MAP_SCADA,23,0.006620702973340331
5,UPFC_tse,5-15,-2.1255108704267474,17,-2.1809502520660033,MAP_SCADA,23,0.05543938163925599
0,x_tcsc,1-14,-0.10647726198792858,18,-0.11268960664171954,MAP_SCADA,23,0.0062123446537909605
1,B_svc,2,0.17890991783106908,18,0.1828549729699234,MAP_SCADA,23,0.00394505513885432
2,UPFC_Vsh,5-15,1.1113916813722353,18,1.1038052401113907,MAP_SCADA,23,0.007586441260844623
3,UPFC_tsh,5-15,-0.23750430204608403,18,-0.22917208547285292,MAP_SCADA,23,0.008332216573231105
4,UPFC_Vse,5-15,0.0579754917237041,18,0.06366641822200121,MAP_SCADA,23,0.005690926498297111
5,UPFC_tse,5-15,-2.1210878076752175,18,-2.1809502520660033,MAP_SCADA,23,0.05986244439078581
0,x_tcsc,1-14,-0.10880064867843024,19,-0.11268960664171954,MAP_SCADA,23,0.003888957963289294
1,B_svc,2,0.17236500079037237,19,0.1828549729699234,MAP_SCADA,23,0.010489972179551027
2,UPFC_Vsh,5-15,1.112334763295601,19,1.1038052401113907,MAP_SCADA,23,0.008529523184210408
3,UPFC_tsh,5-15,-0.23575835468156742,19,-0.22917208547285292,MAP_SCADA,23,0.006586269208714496
4,UPFC_Vse,5-15,0.057420643843725014,19,0.06366641822200121,MAP_SCADA,23,0.006245774378276198
5,UPFC_tse,5-15,-2.1197007787621494,19,-2.1809502520660033,MAP_SCADA,23,0.061249473303853996
0,x_tcsc,1-14,-0.10681796471203604,20,-0.11268960664171954,MAP_SCADA,23,0.005871641929683494
1,B_svc,2,0.17723798368864258,20,0.1828549729699234,MAP_SCADA,23,0.005616989281280821
2,UPFC_Vsh,5-15,1.110328466941185,20,1.1038052401113907,MAP_SCADA,23,0.006523226829794337
3,UPFC_tsh,5-15,-0.2373060069040069,20,-0.22917208547285292,MAP_SCADA,23,0.00813392143115399
4,UPFC_Vse,5-15,0.05749209778155573,20,0.06366641822200121,MAP_SCADA,23,0.006174320440445483
5,UPFC_tse,5-15,-2.121057456966522,20,-2.1809502520660033,MAP_SCADA,23,0.05989279509948142
0,x_tcsc,1-14,-0.10640127987977131,21,-0.11268960664171954,MAP_SCADA,23,0.006288326761948224
1,B_svc,2,0.17706400553147694,21,0.1828549729699234,MAP_SCADA,23,0.005790967438446454
2,UPFC_Vsh,5-15,1.1123414247957542,21,1.1038052401113907,MAP_SCADA,23,0.008536184684363457
3,UPFC_tsh,5-15,-0.23706487343632154,21,-0.22917208547285292,MAP_SCADA,23,0.007892787963468623
4,UPFC_Vse,5-15,0.05804808066265128,21,0.06366641822200121,MAP_SCADA,23,0.0056183375593499285
5,UPFC_tse,5-15,-2.1199889860303824,21,-2.1809502520660033,MAP_SCADA,23,0.06096126603562091
0,x_tcsc,1-14,-0.1076874287003709,22,-0.11268960664171954,MAP_SCADA,23,0.0050021779413486345
1,B_svc,2,0.17814371796425674,22,0.1828549729699234,MAP_SCADA,23,0.004711255005666659
2,UPFC_Vsh,5-15,1.1100397041732075,22,1.1038052401113907,MAP_SCADA,23,0.0062344640618168246
3,UPFC_tsh,5-15,-0.2373992929814906,22,-0.22917208547285292,MAP_SCADA,23,0.008227207508637674
4,UPFC_Vse,5-15,0.05746102628000953,22,0.06366641822200121,MAP_SCADA,23,0.006205391941991684
5,UPFC_tse,5-15,-2.1138228571779285,22,-2.1809502520660033,MAP_SCADA,23,0.06712739488807484
0,x_tcsc,1-14,-0.11114173205442038,23,-0.11268960664171954,MAP_SCADA,23,0.0015478745872991584
1,B_svc,2,0.16571810927908867,23,0.1828549729699234,MAP_SCADA,23,0.017136863690834725
2,UPFC_Vsh,5-15,1.1102913160967147,23,1.1038052401113907,MAP_SCADA,23,0.006486075985324025
3,UPFC_tsh,5-15,-0.23612314344192717,23,-0.22917208547285292,MAP_SCADA,23,0.006951057969074248
4,UPFC_Vse,5-15,0.057828980132338344,23,0.06366641822200121,MAP_SCADA,23,0.005837438089662868
5,UPFC_tse,5-15,-2.11634907225094,23,-2.1809502520660033,MAP_SCADA,23,0.06460117981506341
0,x_tcsc,1-14,-0.10707298918273737,24,-0.11268960664171954,MAP_SCADA,23,0.005616617458982162
1,B_svc,2,0.1750844181767696,24,0.1828549729699234,MAP_SCADA,23,0.0077705547931538055
2,UPFC_Vsh,5-15,1.1103383294545885,24,1.1038052401113907,MAP_SCADA,23,0.006533089343197851
3,UPFC_tsh,5-15,-0.2373858961720593,24,-0.22917208547285292,MAP_SCADA,23,0.008213810699206375
4,UPFC_Vse,5-15,0.05783441093683506,24,0.06366641822200121,MAP_SCADA,23,0.005832007285166155
5,UPFC_tse,5-15,-2.1211963531878606,24,-2.1809502520660033,MAP_SCADA,23,0.05975389887814275
0,x_tcsc,1-14,-0.10411209146765889,25,-0.11268960664171954,MAP_SCADA,23,0.008577515174060649
1,B_svc,2,0.18207388013521508,25,0.1828549729699234,MAP_SCADA,23,0.0007810928347083135
2,UPFC_Vsh,5-15,1.1099508617603815,25,1.1038052401113907,MAP_SCADA,23,0.0061456216489907955
3,UPFC_tsh,5-15,-0.23921976991336424,25,-0.22917208547285292,MAP_SCADA,23,0.010047684440511323
4,UPFC_Vse,5-15,0.057215626624696495,25,0.06366641822200121,MAP_SCADA,23,0.006450791597304717
5,UPFC_tse,5-15,-2.1180417750198264,25,-2.1809502520660033,MAP_SCADA,23,0.06290847704617697
0,x_tcsc,1-14,-0.1078001605743693,26,-0.11268960664171954,MAP_SCADA,23,0.004889446067350242
1,B_svc,2,0.17458128190019787,26,0.1828549729699234,MAP_SCADA,23,0.00827369106972553
2,UPFC_Vsh,5-15,1.113580620074413,26,1.1038052401113907,MAP_SCADA,23,0.009775379963022246
3,UPFC_tsh,5-15,-0.23556159092886747,26,-0.22917208547285292,MAP_SCADA,23,0.006389505456014549
4,UPFC_Vse,5-15,0.05738429904808282,26,0.06366641822200121,MAP_SCADA,23,0.006282119173918389
5,UPFC_tse,5-15,-2.116182058227431,26,-2.1809502520660033,MAP_SCADA,23,0.06476819383857224
0,x_tcsc,1-14,-0.10825092537265413,27,-0.11268960664171954,MAP_SCADA,23,0.004438681269065409
1,B_svc,2,0.17430631258970788,27,0.1828549729699234,MAP_SCADA,23,0.008548660380215511
2,UPFC_Vsh,5-15,1.1114662475697654,27,1.1038052401113907,MAP_SCADA,23,0.0076610074583747245
3,UPFC_tsh,5-15,-0.23746584465815873,27,-0.22917208547285292,MAP_SCADA,23,0.00829375918530581
4,UPFC_Vse,5-15,0.05788690302737337,27,0.06366641822200121,MAP_SCADA,23,0.005779515194627841
5,UPFC_tse,5-15,-2.118504077446963,27,-2.1809502520660033,MAP_SCADA,23,0.06244617461904056
0,x_tcsc,1-14,-0.1062730187523376,28,-0.11268960664171954,MAP_SCADA,23,0.006416587889381931
1,B_svc,2,0.18103079162220884,28,0.1828549729699234,MAP_SCADA,23,0.0018241813477145596
2,UPFC_Vsh,5-15,1.1087301109081895,28,1.1038052401113907,MAP_SCADA,23,0.004924870796798819
3,UPFC_tsh,5-15,-0.2389396275716271,28,-0.22917208547285292,MAP_SCADA,23,0.009767542098774173
4,UPFC_Vse,5-15,0.05792850816793582,28,0.06366641822200121,MAP_SCADA,23,0.00573791005406539
5,UPFC_tse,5-15,-2.121591180104046,28,-2.1809502520660033,MAP_SCADA,23,0.059359071961957444
0,x_tcsc,1-14,-0.10653628707019851,29,-0.11268960664171954,MAP_SCADA,23,0.006153319571521029
1,B_svc,2,0.17965508087916948,29,0.1828549729699234,MAP_SCADA,23,0.003199892090753914
2,UPFC_Vsh,5-15,1.1106446052036845,29,1.1038052401113907,MAP_SCADA,23,0.00683936509229377
3,UPFC_tsh,5-15,-0.2376731179045099,29,-0.22917208547285292,MAP_SCADA,23,0.00850103243165698
4,UPFC_Vse,5-15,0.05786677315107843,29,0.06366641822200121,MAP_SCADA,23,0.005799645070922781
5,UPFC_tse,5-15,-2.120222833999159,29,-2.1809502520660033,MAP_SCADA,23,0.06072741806684423
0,x_tcsc,1-14,-0.10952997111799802,30,-0.11268960664171954,MAP_SCADA,23,0.0031596355237215185
1,B_svc,2,0.16919933850561206,30,0.1828549729699234,MAP_SCADA,23,0.01365563446431134
2,UPFC_Vsh,5-15,1.1127862661947077,30,1.1038052401113907,MAP_SCADA,23,0.008981026083316968
3,UPFC_tsh,5-15,-0.23534976633179824,30,-0.22917208547285292,MAP_SCADA,23,0.0061776808589453225
4,UPFC_Vse,5-15,0.05792238850708715,30,0.06366641822200121,MAP_SCADA,23,0.005744029714914063
5,UPFC_tse,5-15,-2.1164729451535256,30,-2.1809502520660033,MAP_SCADA,23,0.06447730691247777
0,x_tcsc,1-14,-0.10715060791579066,31,-0.11268960664171954,MAP_SCADA,23,0.005538998725928876
1,B_svc,2,0.17281241655909546,31,0.1828549729699234,MAP_SCADA,23,0.010042556410827935
2,UPFC_Vsh,5-15,1.1121750737216747,31,1.1038052401113907,MAP_SCADA,23,0.008369833610283983
3,UPFC_tsh,5-15,-0.23612890048767649,31,-0.22917208547285292,MAP_SCADA,23,0.006956815014823564
4,UPFC_Vse,5-15,0.05741113562187503,31,0.06366641822200121,MAP_SCADA,23,0.006255282600126179
5,UPFC_tse,5-15,-2.118555531744554,31,-2.1809502520660033,MAP_SCADA,23,0.06239472032144944
0,x_tcsc,1-14,-0.10738626062904685,32,-0.11268960664171954,MAP_SCADA,23,0.005303346012672683
1,B_svc,2,0.17330701774645507,32,0.1828549729699234,MAP_SCADA,23,0.009547955223468324
2,UPFC_Vsh,5-15,1.1120310826835351,32,1.1038052401113907,MAP_SCADA,23,0.008225842572144426
3,UPFC_tsh,5-15,-0.23617144897870454,32,-0.22917208547285292,MAP_SCADA,23,0.006999363505851619
4,UPFC_Vse,5-15,0.05687457505896244,32,0.06366641822200121,MAP_SCADA,23,0.006791843163038769
5,UPFC_tse,5-15,-2.123660023297658,32,-2.1809502520660033,MAP_SCADA,23,0.05729022876834522
0,x_tcsc,1-14,-0.10693539844775564,33,-0.11268960664171954,MAP_SCADA,23,0.005754208193963897
1,B_svc,2,0.17768917211592447,33,0.1828549729699234,MAP_SCADA,23,0.005165800853998925
2,UPFC_Vsh,5-15,1.1095148249414561,33,1.1038052401113907,MAP_SCADA,23,0.005709584830065451
3,UPFC_tsh,5-15,-0.2371331944262661,33,-0.22917208547285292,MAP_SCADA,23,0.007961108953413176
4,UPFC_Vse,5-15,0.05721563919140297,33,0.06366641822200121,MAP_SCADA,23,0.006450779030598243
5,UPFC_tse,5-15,-2.1196271921111913,33,-2.1809502520660033,MAP_SCADA,23,0.06132305995481202
0,x_tcsc,1-14,-0.10687992533692643,34,-0.11268960664171954,MAP_SCADA,23,0.0058096813047931045
1,B_svc,2,0.17401309726872008,34,0.1828549729699234,MAP_SCADA,23,0.008841875701203317
2,UPFC_Vsh,5-15,1.1123769845319478,34,1.1038052401113907,MAP_SCADA,23,0.008571744420557081
3,UPFC_tsh,5-15,-0.23616750209149165,34,-0.22917208547285292,MAP_SCADA,23,0.006995416618638728
4,UPFC_Vse,5-15,0.05717751357900006,34,0.06366641822200121,MAP_SCADA,23,0.006488904643001149
5,UPFC_tse,5-15,-2.1212191870108876,34,-2.1809502520660033,MAP_SCADA,23,0.05973106505511572
0,x_tcsc,1-14,-0.10736731801715636,35,-0.11268960664171954,MAP_SCADA,23,0.005322288624563173
1,B_svc,2,0.1743344664120881,35,0.1828549729699234,MAP_SCADA,23,0.008520506557835289
2,UPFC_Vsh,5-15,1.1121640478067782,35,1.1038052401113907,MAP_SCADA,23,0.008358807695387549
3,UPFC_tsh,5-15,-0.23680846597136743,35,-0.22917208547285292,MAP_SCADA,23,0.007636380498514506
4,UPFC_Vse,5-15,0.057952360550922254,35,0.06366641822200121,MAP_SCADA,23,0.005714057671078958
5,UPFC_tse,5-15,-2.1169531607381513,35,-2.1809502520660033,MAP_SCADA,23,0.06399709132785203
0,x_tcsc,1-14,-0.10815347514458465,36,-0.11268960664171954,MAP_SCADA,23,0.004536131497134888
1,B_svc,2,0.1710697004082666,36,0.1828549729699234,MAP_SCADA,23,0.01178527256165679
2,UPFC_Vsh,5-15,1.1137240188584057,36,1.1038052401113907,MAP_SCADA,23,0.009918778747014967
3,UPFC_tsh,5-15,-0.2358246848062136,36,-0.22917208547285292,MAP_SCADA,23,0.006652599333360681
4,UPFC_Vse,5-15,0.057245825627543545,36,0.06366641822200121,MAP_SCADA,23,0.006420592594457666
5,UPFC_tse,5-15,-2.1175965349312516,36,-2.1809502520660033,MAP_SCADA,23,0.0633537171347518
0,x_tcsc,1-14,-0.10475515592541516,37,-0.11268960664171954,MAP_SCADA,23,0.007934450716304373
1,B_svc,2,0.18309482267944,37,0.1828549729699234,MAP_SCADA,23,0.00023984970951659856
2,UPFC_Vsh,5-15,1.1127906253327882,37,1.1038052401113907,MAP_SCADA,23,0.008985385221397468
3,UPFC_tsh,5-15,-0.23802310460401754,37,-0.22917208547285292,MAP_SCADA,23,0.008851019131164622
4,UPFC_Vse,5-15,0.057431952367715214,37,0.06366641822200121,MAP_SCADA,23,0.006234465854285998
5,UPFC_tse,5-15,-2.1199405418760775,37,-2.1809502520660033,MAP_SCADA,23,0.06100971018992585
0,x_tcsc,1-14,-0.10742269392758334,38,-0.11268960664171954,MAP_SCADA,23,0.005266912714136193
1,B_svc,2,0.1755004971401978,38,0.1828549729699234,MAP_SCADA,23,0.007354475829725593
2,UPFC_Vsh,5-15,1.1130201419013812,38,1.1038052401113907,MAP_SCADA,23,0.009214901789990515
3,UPFC_tsh,5-15,-0.23693363430979963,38,-0.22917208547285292,MAP_SCADA,23,0.007761548836946713
4,UPFC_Vse,5-15,0.057205520786809703,38,0.06366641822200121,MAP_SCADA,23,0.006460897435191508
5,UPFC_tse,5-15,-2.1205146025924075,38,-2.1809502520660033,MAP_SCADA,23,0.06043564947359581
0,x_tcsc,1-14,-0.10641915634401529,39,-0.11268960664171954,MAP_SCADA,23,0.006270450297704247
1,B_svc,2,0.17958337075122596,39,0.1828549729699234,MAP_SCADA,23,0.0032716022186974336
2,UPFC_Vsh,5-15,1.1118914083314206,39,1.1038052401113907,MAP_SCADA,23,0.008086168220029943
3,UPFC_tsh,5-15,-0.23774754611117094,39,-0.22917208547285292,MAP_SCADA,23,0.008575460638318017
4,UPFC_Vse,5-15,0.057058229476306656,39,0.06366641822200121,MAP_SCADA,23,0.006608188745694556
5,UPFC_tse,5-15,-2.120243704132217,39,-2.1809502520660033,MAP_SCADA,23,0.06070654793378649
0,x_tcsc,1-14,-0.10714899839915103,40,-0.11268960664171954,MAP_SCADA,23,0.005540608242568509
1,B_svc,2,0.17792801003384645,40,0.1828549729699234,MAP_SCADA,23,0.004926962936076945
2,UPFC_Vsh,5-15,1.1104977926102153,40,1.1038052401113907,MAP_SCADA,23,0.006692552498824611
3,UPFC_tsh,5-15,-0.23778322722768935,40,-0.22917208547285292,MAP_SCADA,23,0.008611141754836432
4,UPFC_Vse,5-15,0.05763455838128357,40,0.06366641822200121,MAP_SCADA,23,0.006031859840717642
5,UPFC_tse,5-15,-2.121763490823035,40,-2.1809502520660033,MAP_SCADA,23,0.05918676124296818
0,x_tcsc,1-14,-0.10747628103650513,41,-0.11268960664171954,MAP_SCADA,23,0.005213325605214411
1,B_svc,2,0.17201780849316667,41,0.1828549729699234,MAP_SCADA,23,0.010837164476756728
2,UPFC_Vsh,5-15,1.1132964947085866,41,1.1038052401113907,MAP_SCADA,23,0.009491254597195908
3,UPFC_tsh,5-15,-0.23655377141994835,41,-0.22917208547285292,MAP_SCADA,23,0.007381685947095429
4,UPFC_Vse,5-15,0.05694790652530009,41,0.06366641822200121,MAP_SCADA,23,0.006718511696701124
5,UPFC_tse,5-15,-2.115871417344491,41,-2.1809502520660033,MAP_SCADA,23,0.06507883472151255
0,x_tcsc,1-14,-0.1081257980000313,42,-0.11268960664171954,MAP_SCADA,23,0.004563808641688233
1,B_svc,2,0.1726483542993937,42,0.1828549729699234,MAP_SCADA,23,0.010206618670529688
2,UPFC_Vsh,5-15,1.1121568098072536,42,1.1038052401113907,MAP_SCADA,23,0.008351569695862926
3,UPFC_tsh,5-15,-0.23570650257828626,42,-0.22917208547285292,MAP_SCADA,23,0.006534417105433343
4,UPFC_Vse,5-15,0.057391783915916594,42,0.06366641822200121,MAP_SCADA,23,0.006274634306084617
5,UPFC_tse,5-15,-2.1223150055765987,42,-2.1809502520660033,MAP_SCADA,23,0.05863524648940466
0,x_tcsc,1-14,-0.10919026678444572,43,-0.11268960664171954,MAP_SCADA,23,0.0034993398572738116
1,B_svc,2,0.17006330659842472,43,0.1828549729699234,MAP_SCADA,23,0.012791666371498672
2,UPFC_Vsh,5-15,1.1123500259968075,43,1.1038052401113907,MAP_SCADA,23,0.00854478588541685
3,UPFC_tsh,5-15,-0.23560811988148292,43,-0.22917208547285292,MAP_SCADA,23,0.006436034408629998
4,UPFC_Vse,5-15,0.057593251453399046,43,0.06366641822200121,MAP_SCADA,23,0.006073166768602166
5,UPFC_tse,5-15,-2.1151039880453184,43,-2.1809502520660033,MAP_SCADA,23,0.06584626402068494
0,x_tcsc,1-14,-0.10530229352998717,44,-0.11268960664171954,MAP_SCADA,23,0.007387313111732366
1,B_svc,2,0.1829660034812352,44,0.1828549729699234,MAP_SCADA,23,0.00011103051131181041
2,UPFC_Vsh,5-15,1.109897014642047,44,1.1038052401113907,MAP_SCADA,23,0.0060917745306563464
3,UPFC_tsh,5-15,-0.23859001452834347,44,-0.22917208547285292,MAP_SCADA,23,0.009417929055490548
4,UPFC_Vse,5-15,0.058221711031435495,44,0.06366641822200121,MAP_SCADA,23,0.005444707190565716
5,UPFC_tse,5-15,-2.116964072987721,44,-2.1809502520660033,MAP_SCADA,23,0.0639861790782823
0,x_tcsc,1-14,-0.1069256538871445,45,-0.11268960664171954,MAP_SCADA,23,0.00576395275457503
1,B_svc,2,0.177465266753047,45,0.1828549729699234,MAP_SCADA,23,0.0053897062168764
2,UPFC_Vsh,5-15,1.1114206874199102,45,1.1038052401113907,MAP_SCADA,23,0.007615447308519485
3,UPFC_tsh,5-15,-0.23689545053861744,45,-0.22917208547285292,MAP_SCADA,23,0.007723365065764515
4,UPFC_Vse,5-15,0.057539741316308304,45,0.06366641822200121,MAP_SCADA,23,0.006126676905692907
5,UPFC_tse,5-15,-2.1171370386148687,45,-2.1809502520660033,MAP_SCADA,23,0.06381321345113466
0,x_tcsc,1-14,-0.10802781666215394,46,-0.11268960664171954,MAP_SCADA,23,0.004661789979565595
1,B_svc,2,0.1738286788546785,46,0.1828549729699234,MAP_SCADA,23,0.009026294115244887
2,UPFC_Vsh,5-15,1.11293370639085,46,1.1038052401113907,MAP_SCADA,23,0.00912846627945929
3,UPFC_tsh,5-15,-0.236790719974732,46,-0.22917208547285292,MAP_SCADA,23,0.007618634501879079
4,UPFC_Vse,5-15,0.057103383298049065,46,0.06366641822200121,MAP_SCADA,23,0.006563034923952146
5,UPFC_tse,5-15,-2.1179202109526556,46,-2.1809502520660033,MAP_SCADA,23,0.06303004111334776
0,x_tcsc,1-14,-0.10709329858503407,47,-0.11268960664171954,MAP_SCADA,23,0.00559630805668547
1,B_svc,2,0.173253329722418,47,0.1828549729699234,MAP_SCADA,23,0.009601643247505398
2,UPFC_Vsh,5-15,1.1130769853263658,47,1.1038052401113907,MAP_SCADA,23,0.009271745214975091
3,UPFC_tsh,5-15,-0.23619945386340394,47,-0.22917208547285292,MAP_SCADA,23,0.007027368390551014
4,UPFC_Vse,5-15,0.05764670213138666,47,0.06366641822200121,MAP_SCADA,23,0.006019716090614552
5,UPFC_tse,5-15,-2.1178733164843204,47,-2.1809502520660033,MAP_SCADA,23,0.06307693558168292
0,x_tcsc,1-14,-0.10719051328101499,48,-0.11268960664171954,MAP_SCADA,23,0.005499093360704546
1,B_svc,2,0.17618814701774743,48,0.1828549729699234,MAP_SCADA,23,0.006666825952175964
2,UPFC_Vsh,5-15,1.1137388699268482,48,1.1038052401113907,MAP_SCADA,23,0.009933629815457534
3,UPFC_tsh,5-15,-0.23554054106717964,48,-0.22917208547285292,MAP_SCADA,23,0.006368455594326722
4,UPFC_Vse,5-15,0.05692696717314711,48,0.06366641822200121,MAP_SCADA,23,0.006739451048854102
5,UPFC_tse,5-15,-2.118333333343752,48,-2.1809502520660033,MAP_SCADA,23,0.06261691872225139
0,x_tcsc,1-14,-0.10866601044350763,49,-0.11268960664171954,MAP_SCADA,23,0.0040235961982119095
1,B_svc,2,0.1710053873058158,49,0.1828549729699234,MAP_SCADA,23,0.011849585664107598
2,UPFC_Vsh,5-15,1.1121595017507595,49,1.1038052401113907,MAP_SCADA,23,0.00835426163936881
3,UPFC_tsh,5-15,-0.2359778989630055,49,-0.22917208547285292,MAP_SCADA,23,0.006805813490152579
4,UPFC_Vse,5-15,0.05723723522516479,49,0.06366641822200121,MAP_SCADA,23,0.0064291829968364245
5,UPFC_tse,5-15,-2.1162183015920553,49,-2.1809502520660033,MAP_SCADA,23,0.06473195047394809
0,x_tcsc,1-14,-0.10901937796112277,50,-0.11268960664171954,MAP_SCADA,23,0.003670228680596771
1,B_svc,2,0.16959306694005918,50,0.1828549729699234,MAP_SCADA,23,0.013261906029864212
2,UPFC_Vsh,5-15,1.1129934283863259,50,1.1038052401113907,MAP_SCADA,23,0.009188188274935172
3,UPFC_tsh,5-15,-0.23572793347299587,50,-0.22917208547285292,MAP_SCADA,23,0.006555848000142944
4,UPFC_Vse,5-15,0.05764673609842407,50,0.06366641822200121,MAP_SCADA,23,0.00601968212357714
5,UPFC_tse,5-15,-2.118481715803393,50,-2.1809502520660033,MAP_SCADA,23,0.062468536262610286
0,x_tcsc,1-14,-0.10931226325956275,51,-0.11268960664171954,MAP_SCADA,23,0.0033773433821567833
1,B_svc,2,0.16790873900292247,51,0.1828549729699234,MAP_SCADA,23,0.014946233967000927
2,UPFC_Vsh,5-15,1.1126616705910577,51,1.1038052401113907,MAP_SCADA,23,0.008856430479666999
3,UPFC_tsh,5-15,-0.2364188554805837,51,-0.22917208547285292,MAP_SCADA,23,0.007246770007730774
4,UPFC_Vse,5-15,0.057683554161929884,51,0.06366641822200121,MAP_SCADA,23,0.005982864060071327
5,UPFC_tse,5-15,-2.1187258940414506,51,-2.1809502520660033,MAP_SCADA,23,0.06222435802455273
0,x_tcsc,1-14,-0.10695079648572353,52,-0.11268960664171954,MAP_SCADA,23,0.005738810155996005
1,B_svc,2,0.17765441432496182,52,0.1828549729699234,MAP_SCADA,23,0.005200558644961578
2,UPFC_Vsh,5-15,1.1107767750385993,52,1.1038052401113907,MAP_SCADA,23,0.006971534927208589
3,UPFC_tsh,5-15,-0.23801910026457151,52,-0.22917208547285292,MAP_SCADA,23,0.008847014791718594
4,UPFC_Vse,5-15,0.05789410719761008,52,0.06366641822200121,MAP_SCADA,23,0.00577231102439113
5,UPFC_tse,5-15,-2.1180835578894164,52,-2.1809502520660033,MAP_SCADA,23,0.06286669417658697
0,x_tcsc,1-14,-0.10579999281105353,53,-0.11268960664171954,MAP_SCADA,23,0.006889613830666011
1,B_svc,2,0.18205396316733946,53,0.1828549729699234,MAP_SCADA,23,0.0008010098025839352
2,UPFC_Vsh,5-15,1.109267996697699,53,1.1038052401113907,MAP_SCADA,23,0.005462756586308348
3,UPFC_tsh,5-15,-0.23819604051412727,53,-0.22917208547285292,MAP_SCADA,23,0.009023955041274345
4,UPFC_Vse,5-15,0.05724544595243886,53,0.06366641822200121,MAP_SCADA,23,0.006420972269562349
5,UPFC_tse,5-15,-2.1229365299297847,53,-2.1809502520660033,MAP_SCADA,23,0.05801372213621869
0,x_tcsc,1-14,-0.106223577746768,54,-0.11268960664171954,MAP_SCADA,23,0.006466028894951542
1,B_svc,2,0.17719157491400092,54,0.1828549729699234,MAP_SCADA,23,0.005663398055922475
2,UPFC_Vsh,5-15,1.111956043609763,54,1.1038052401113907,MAP_SCADA,23,0.008150803498372383
3,UPFC_tsh,5-15,-0.2378113739765671,54,-0.22917208547285292,MAP_SCADA,23,0.008639288503714176
4,UPFC_Vse,5-15,0.057130967663296575,54,0.06366641822200121,MAP_SCADA,23,0.006535450558704636
5,UPFC_tse,5-15,-2.12161004485105,54,-2.1809502520660033,MAP_SCADA,23,0.05934020721495337
0,x_tcsc,1-14,-0.1048808287150344,55,-0.11268960664171954,MAP_SCADA,23,0.007808777926685134
1,B_svc,2,0.18023016762748467,55,0.1828549729699234,MAP_SCADA,23,0.002624805342438724
2,UPFC_Vsh,5-15,1.111015522773831,55,1.1038052401113907,MAP_SCADA,23,0.007210282662440282
3,UPFC_tsh,5-15,-0.2379659931537663,55,-0.22917208547285292,MAP_SCADA,23,0.008793907680913371
4,UPFC_Vse,5-15,0.05771664330509277,55,0.06366641822200121,MAP_SCADA,23,0.005949774916908443
5,UPFC_tse,5-15,-2.1190069084086782,55,-2.1809502520660033,MAP_SCADA,23,0.06194334365732512
0,x_tcsc,1-14,-0.10573173835744157,56,-0.11268960664171954,MAP_SCADA,23,0.006957868284277968
1,B_svc,2,0.1817970034926586,56,0.1828549729699234,MAP_SCADA,23,0.001057969477264803
2,UPFC_Vsh,5-15,1.111027770285367,56,1.1038052401113907,MAP_SCADA,23,0.007222530173976338
3,UPFC_tsh,5-15,-0.23812830497551066,56,-0.22917208547285292,MAP_SCADA,23,0.008956219502657736
4,UPFC_Vse,5-15,0.05736210880287201,56,0.06366641822200121,MAP_SCADA,23,0.0063043094191292046
5,UPFC_tse,5-15,-2.1198983441293033,56,-2.1809502520660033,MAP_SCADA,23,0.06105190793670001
0,x_tcsc,1-14,-0.10709092763731871,57,-0.11268960664171954,MAP_SCADA,23,0.005598679004400822
1,B_svc,2,0.17484046073839904,57,0.1828549729699234,MAP_SCADA,23,0.008014512231524357
2,UPFC_Vsh,5-15,1.1133469525661213,57,1.1038052401113907,MAP_SCADA,23,0.009541712454730567
3,UPFC_tsh,5-15,-0.23718555045047204,57,-0.22917208547285292,MAP_SCADA,23,0.008013464977619122
4,UPFC_Vse,5-15,0.057613084439732426,57,0.06366641822200121,MAP_SCADA,23,0.0060533337822687855
5,UPFC_tse,5-15,-2.1183658311697195,57,-2.1809502520660033,MAP_SCADA,23,0.0625844208962838
0,x_tcsc,1-14,-0.10714063314851686,58,-0.11268960664171954,MAP_SCADA,23,0.005548973493202672
1,B_svc,2,0.17242772742543125,58,0.1828549729699234,MAP_SCADA,23,0.010427245544492147
2,UPFC_Vsh,5-15,1.1108335546560917,58,1.1038052401113907,MAP_SCADA,23,0.0070283145447009865
3,UPFC_tsh,5-15,-0.23746284602796666,58,-0.22917208547285292,MAP_SCADA,23,0.008290760555113741
4,UPFC_Vse,5-15,0.05689107134771026,58,0.06366641822200121,MAP_SCADA,23,0.006775346874290954
5,UPFC_tse,5-15,-2.122073449832775,58,-2.1809502520660033,MAP_SCADA,23,0.05887680223322844
0,x_tcsc,1-14,-0.10523444359924194,59,-0.11268960664171954,MAP_SCADA,23,0.007455163042477592
1,B_svc,2,0.1793597647528677,59,0.1828549729699234,MAP_SCADA,23,0.0034952082170557064
2,UPFC_Vsh,5-15,1.1107857115531186,59,1.1038052401113907,MAP_SCADA,23,0.006980471441727865
3,UPFC_tsh,5-15,-0.23789177797441755,59,-0.22917208547285292,MAP_SCADA,23,0.008719692501564624
4,UPFC_Vse,5-15,0.05768282997508247,59,0.06366641822200121,MAP_SCADA,23,0.00598358824691874
5,UPFC_tse,5-15,-2.1181873406560845,59,-2.1809502520660033,MAP_SCADA,23,0.06276291140991885
0,x_tcsc,1-14,-0.10945176150756852,60,-0.11268960664171954,MAP_SCADA,23,0.003237845134151013
1,B_svc,2,0.16935793383633752,60,0.1828549729699234,MAP_SCADA,23,0.01349703913358588
2,UPFC_Vsh,5-15,1.1139613169432452,60,1.1038052401113907,MAP_SCADA,23,0.010156076831854488
3,UPFC_tsh,5-15,-0.23566920134996264,60,-0.22917208547285292,MAP_SCADA,23,0.006497115877109716
4,UPFC_Vse,5-15,0.05720458411055312,60,0.06366641822200121,MAP_SCADA,23,0.0064618341114480934
5,UPFC_tse,5-15,-2.1149588358461378,60,-2.1809502520660033,MAP_SCADA,23,0.0659914162198656
0,x_tcsc,1-14,-0.10905522365335318,61,-0.11268960664171954,MAP_SCADA,23,0.0036343829883663525
1,B_svc,2,0.1703607647786208,61,0.1828549729699234,MAP_SCADA,23,0.012494208191302592
2,UPFC_Vsh,5-15,1.1130767083751107,61,1.1038052401113907,MAP_SCADA,23,0.00927146826372005
3,UPFC_tsh,5-15,-0.23544033055215907,61,-0.22917208547285292,MAP_SCADA,23,0.006268245079306151
4,UPFC_Vse,5-15,0.057875494250938325,61,0.06366641822200121,MAP_SCADA,23,0.005790923971062886
5,UPFC_tse,5-15,-2.1204281948282167,61,-2.1809502520660033,MAP_SCADA,23,0.0605220572377867
0,x_tcsc,1-14,-0.10733114663304694,62,-0.11268960664171954,MAP_SCADA,23,0.0053584600086726
1,B_svc,2,0.17367688990675537,62,0.1828549729699234,MAP_SCADA,23,0.00917808306316803
2,UPFC_Vsh,5-15,1.1121862943112313,62,1.1038052401113907,MAP_SCADA,23,0.008381054199840587
3,UPFC_tsh,5-15,-0.23622970029102125,62,-0.22917208547285292,MAP_SCADA,23,0.0070576148181683285
4,UPFC_Vse,5-15,0.057647980839804165,62,0.06366641822200121,MAP_SCADA,23,0.006018437382197046
5,UPFC_tse,5-15,-2.1197384212927988,62,-2.1809502520660033,MAP_SCADA,23,0.06121183077320458
0,x_tcsc,1-14,-0.10940497005741741,63,-0.11268960664171954,MAP_SCADA,23,0.003284636584302128
1,B_svc,2,0.1726336661398208,63,0.1828549729699234,MAP_SCADA,23,0.010221306830102583
2,UPFC_Vsh,5-15,1.1087398307270746,63,1.1038052401113907,MAP_SCADA,23,0.004934590615683909
3,UPFC_tsh,5-15,-0.2373871645118825,63,-0.22917208547285292,MAP_SCADA,23,0.008215079039029571
4,UPFC_Vse,5-15,0.05776814794156133,63,0.06366641822200121,MAP_SCADA,23,0.005898270280439884
5,UPFC_tse,5-15,-2.121343863462053,63,-2.1809502520660033,MAP_SCADA,23,0.0596063886039504
0,x_tcsc,1-14,-0.1046949546236351,64,-0.11268960664171954,MAP_SCADA,23,0.007994652018084442
1,B_svc,2,0.183445376860306,64,0.1828549729699234,MAP_SCADA,23,0.0005904038903825903
2,UPFC_Vsh,5-15,1.1131989879091804,64,1.1038052401113907,MAP_SCADA,23,0.009393747797789676
3,UPFC_tsh,5-15,-0.23781862115688623,64,-0.22917208547285292,MAP_SCADA,23,0.008646535684033313
4,UPFC_Vse,5-15,0.05759710799066543,64,0.06366641822200121,MAP_SCADA,23,0.006069310231335778
5,UPFC_tse,5-15,-2.1232312397924127,64,-2.1809502520660033,MAP_SCADA,23,0.057719012273590664
0,x_tcsc,1-14,-0.10787113157761462,65,-0.11268960664171954,MAP_SCADA,23,0.0048184750641049184
1,B_svc,2,0.17266875712225543,65,0.1828549729699234,MAP_SCADA,23,0.010186215847667962
2,UPFC_Vsh,5-15,1.112803249263745,65,1.1038052401113907,MAP_SCADA,23,0.00899800915235427
3,UPFC_tsh,5-15,-0.23576020759578165,65,-0.22917208547285292,MAP_SCADA,23,0.006588122122928725
4,UPFC_Vse,5-15,0.05738668038712711,65,0.06366641822200121,MAP_SCADA,23,0.006279737834874101
5,UPFC_tse,5-15,-2.117628484366634,65,-2.1809502520660033,MAP_SCADA,23,0.06332176769936915
0,x_tcsc,1-14,-0.10607910744277634,66,-0.11268960664171954,MAP_SCADA,23,0.006610499198943201
1,B_svc,2,0.1785011070050042,66,0.1828549729699234,MAP_SCADA,23,0.004353865964919185
2,UPFC_Vsh,5-15,1.1122669093630733,66,1.1038052401113907,MAP_SCADA,23,0.008461669251682569
3,UPFC_tsh,5-15,-0.2376299527673899,66,-0.22917208547285292,MAP_SCADA,23,0.008457867294536986
4,UPFC_Vse,5-15,0.0580228728162041,66,0.06366641822200121,MAP_SCADA,23,0.005643545405797111
5,UPFC_tse,5-15,-2.11588414783405,66,-2.1809502520660033,MAP_SCADA,23,0.06506610423195314
0,x_tcsc,1-14,-0.10464633199777319,67,-0.11268960664171954,MAP_SCADA,23,0.008043274643946344
1,B_svc,2,0.1819534129198583,67,0.1828549729699234,MAP_SCADA,23,0.0009015600500650867
2,UPFC_Vsh,5-15,1.1109878453087363,67,1.1038052401113907,MAP_SCADA,23,0.007182605197345593
3,UPFC_tsh,5-15,-0.23816703002760867,67,-0.22917208547285292,MAP_SCADA,23,0.008994944554755746
4,UPFC_Vse,5-15,0.0575155112696389,67,0.06366641822200121,MAP_SCADA,23,0.006150906952362312
5,UPFC_tse,5-15,-2.1243584023779603,67,-2.1809502520660033,MAP_SCADA,23,0.056591849688043094
0,x_tcsc,1-14,-0.1048884806969986,68,-0.11268960664171954,MAP_SCADA,23,0.0078011259447209325
1,B_svc,2,0.18233020135967012,68,0.1828549729699234,MAP_SCADA,23,0.0005247716102532718
2,UPFC_Vsh,5-15,1.1126787375375116,68,1.1038052401113907,MAP_SCADA,23,0.008873497426120869
3,UPFC_tsh,5-15,-0.23729777185293432,68,-0.22917208547285292,MAP_SCADA,23,0.008125686380081404
4,UPFC_Vse,5-15,0.057497301850630324,68,0.06366641822200121,MAP_SCADA,23,0.006169116371370888
5,UPFC_tse,5-15,-2.117353272936879,68,-2.1809502520660033,MAP_SCADA,23,0.06359697912912443
0,x_tcsc,1-14,-0.10890222542618458,69,-0.11268960664171954,MAP_SCADA,23,0.0037873812155349573
1,B_svc,2,0.16834420117020463,69,0.1828549729699234,MAP_SCADA,23,0.014510771799718769
2,UPFC_Vsh,5-15,1.1131104914482013,69,1.1038052401113907,MAP_SCADA,23,0.009305251336810594
3,UPFC_tsh,5-15,-0.23620664066360444,69,-0.22917208547285292,MAP_SCADA,23,0.007034555190751524
4,UPFC_Vse,5-15,0.05712520081716381,69,0.06366641822200121,MAP_SCADA,23,0.006541217404837402
5,UPFC_tse,5-15,-2.116181775780159,69,-2.1809502520660033,MAP_SCADA,23,0.06476847628584448
0,x_tcsc,1-14,-0.10783954312107445,70,-0.11268960664171954,MAP_SCADA,23,0.004850063520645084
1,B_svc,2,0.1738012616177895,70,0.1828549729699234,MAP_SCADA,23,0.009053711352133897
2,UPFC_Vsh,5-15,1.109946175601687,70,1.1038052401113907,MAP_SCADA,23,0.006140935490296373
3,UPFC_tsh,5-15,-0.2370955958356482,70,-0.22917208547285292,MAP_SCADA,23,0.007923510362795289
4,UPFC_Vse,5-15,0.057627049096513644,70,0.06366641822200121,MAP_SCADA,23,0.0060393691254875675
5,UPFC_tse,5-15,-2.1202167991094587,70,-2.1809502520660033,MAP_SCADA,23,0.06073345295654464
0,x_tcsc,1-14,-0.10534847168056283,71,-0.11268960664171954,MAP_SCADA,23,0.007341134961156709
1,B_svc,2,0.17955172099397773,71,0.1828549729699234,MAP_SCADA,23,0.0033032519759456647
2,UPFC_Vsh,5-15,1.1117192574047965,71,1.1038052401113907,MAP_SCADA,23,0.007914017293405795
3,UPFC_tsh,5-15,-0.23820653589537907,71,-0.22917208547285292,MAP_SCADA,23,0.009034450422526152
4,UPFC_Vse,5-15,0.05754757811938391,71,0.06366641822200121,MAP_SCADA,23,0.006118840102617304
5,UPFC_tse,5-15,-2.121658366823909,71,-2.1809502520660033,MAP_SCADA,23,0.05929188524209428
0,x_tcsc,1-14,-0.10742294616001442,72,-0.11268960664171954,MAP_SCADA,23,0.005266660481705113
1,B_svc,2,0.17430469223433764,72,0.1828549729699234,MAP_SCADA,23,0.008550280735585752
2,UPFC_Vsh,5-15,1.1143541824961813,72,1.1038052401113907,MAP_SCADA,23,0.01054894238479065
3,UPFC_tsh,5-15,-0.23620451737193204,72,-0.22917208547285292,MAP_SCADA,23,0.007032431899079122
4,UPFC_Vse,5-15,0.0572197988624672,72,0.06366641822200121,MAP_SCADA,23,0.006446619359534014
5,UPFC_tse,5-15,-2.113452791129322,72,-2.1809502520660033,MAP_SCADA,23,0.06749746093668119
0,x_tcsc,1-14,-0.10922969344645563,73,-0.11268960664171954,MAP_SCADA,23,0.003459913195263911
1,B_svc,2,0.16525146255622622,73,0.1828549729699234,MAP_SCADA,23,0.017603510413697177
2,UPFC_Vsh,5-15,1.1134568370282656,73,1.1038052401113907,MAP_SCADA,23,0.009651596916874894
3,UPFC_tsh,5-15,-0.2356698992780358,73,-0.22917208547285292,MAP_SCADA,23,0.006497813805182884
4,UPFC_Vse,5-15,0.05714227536138494,73,0.06366641822200121,MAP_SCADA,23,0.006524142860616269
5,UPFC_tse,5-15,-2.119651091064688,73,-2.1809502520660033,MAP_SCADA,23,0.06129916100131538
0,x_tcsc,1-14,-0.10431792148953327,74,-0.11268960664171954,MAP_SCADA,23,0.008371685152186267
1,B_svc,2,0.1811248064659187,74,0.1828549729699234,MAP_SCADA,23,0.0017301665040047043
2,UPFC_Vsh,5-15,1.1099430822379803,74,1.1038052401113907,MAP_SCADA,23,0.006137842126589632
3,UPFC_tsh,5-15,-0.23852746172805828,74,-0.22917208547285292,MAP_SCADA,23,0.009355376255205355
4,UPFC_Vse,5-15,0.05784374657307531,74,0.06366641822200121,MAP_SCADA,23,0.005822671648925901
5,UPFC_tse,5-15,-2.121425096913782,74,-2.1809502520660033,MAP_SCADA,23,0.059525155152221565
0,x_tcsc,1-14,-0.103353053211812,75,-0.11268960664171954,MAP_SCADA,23,0.009336553429907538
1,B_svc,2,0.18807150083032478,75,0.1828549729699234,MAP_SCADA,23,0.005216527860401388
2,UPFC_Vsh,5-15,1.1111700606315367,75,1.1038052401113907,MAP_SCADA,23,0.007364820520145976
3,UPFC_tsh,5-15,-0.2388301118941401,75,-0.22917208547285292,MAP_SCADA,23,0.009658026421287186
4,UPFC_Vse,5-15,0.057665588016663855,75,0.06366641822200121,MAP_SCADA,23,0.006000830205337357
5,UPFC_tse,5-15,-2.123561272171615,75,-2.1809502520660033,MAP_SCADA,23,0.05738897989438829
0,x_tcsc,1-14,-0.10893838338128896,76,-0.11268960664171954,MAP_SCADA,23,0.003751223260430578
1,B_svc,2,0.17015960069209635,76,0.1828549729699234,MAP_SCADA,23,0.01269537227782705
2,UPFC_Vsh,5-15,1.1136347042650967,76,1.1038052401113907,MAP_SCADA,23,0.009829464153706002
3,UPFC_tsh,5-15,-0.2356088372004739,76,-0.22917208547285292,MAP_SCADA,23,0.006436751727620982
4,UPFC_Vse,5-15,0.05739174891156154,76,0.06366641822200121,MAP_SCADA,23,0.006274669310439671
5,UPFC_tse,5-15,-2.1131298745475315,76,-2.1809502520660033,MAP_SCADA,23,0.06782037751847181
0,x_tcsc,1-14,-0.10677148640328579,77,-0.11268960664171954,MAP_SCADA,23,0.005918120238433744
1,B_svc,2,0.17490146294845868,77,0.1828549729699234,MAP_SCADA,23,0.007953510021464716
2,UPFC_Vsh,5-15,1.1099104962836785,77,1.1038052401113907,MAP_SCADA,23,0.006105256172287854
3,UPFC_tsh,5-15,-0.2369514487516909,77,-0.22917208547285292,MAP_SCADA,23,0.007779363278837992
4,UPFC_Vse,5-15,0.05773714951810732,77,0.06366641822200121,MAP_SCADA,23,0.005929268703893889
5,UPFC_tse,5-15,-2.1166647015932987,77,-2.1809502520660033,MAP_SCADA,23,0.06428555047270468
0,x_tcsc,1-14,-0.10924023694539466,78,-0.11268960664171954,MAP_SCADA,23,0.0034493696963248804
1,B_svc,2,0.17022007529560623,78,0.1828549729699234,MAP_SCADA,23,0.012634897674317164
2,UPFC_Vsh,5-15,1.1133807467142431,78,1.1038052401113907,MAP_SCADA,23,0.009575506602852446
3,UPFC_tsh,5-15,-0.23596645081338674,78,-0.22917208547285292,MAP_SCADA,23,0.00679436534053382
4,UPFC_Vse,5-15,0.05711119384068331,78,0.06366641822200121,MAP_SCADA,23,0.006555224381317899
5,UPFC_tse,5-15,-2.118052252316137,78,-2.1809502520660033,MAP_SCADA,23,0.06289799974986643
0,x_tcsc,1-14,-0.10743509187356443,79,-0.11268960664171954,MAP_SCADA,23,0.005254514768155111
1,B_svc,2,0.17324594257769063,79,0.1828549729699234,MAP_SCADA,23,0.009609030392232765
2,UPFC_Vsh,5-15,1.108719981361768,79,1.1038052401113907,MAP_SCADA,23,0.004914741250377386
3,UPFC_tsh,5-15,-0.23807533379593204,79,-0.22917208547285292,MAP_SCADA,23,0.008903248323079122
4,UPFC_Vse,5-15,0.05754558435882357,79,0.06366641822200121,MAP_SCADA,23,0.00612083386317764
5,UPFC_tse,5-15,-2.119357535515237,79,-2.1809502520660033,MAP_SCADA,23,0.06159271655076637
0,x_tcsc,1-14,-0.107329286458181,80,-0.11268960664171954,MAP_SCADA,23,0.005360320183538533
1,B_svc,2,0.17772680523582715,80,0.1828549729699234,MAP_SCADA,23,0.005128167734096245
2,UPFC_Vsh,5-15,1.1115344080452432,80,1.1038052401113907,MAP_SCADA,23,0.007729167933852477
3,UPFC_tsh,5-15,-0.23749761612930478,80,-0.22917208547285292,MAP_SCADA,23,0.008325530656451863
4,UPFC_Vse,5-15,0.05787973421424841,80,0.06366641822200121,MAP_SCADA,23,0.005786684007752799
5,UPFC_tse,5-15,-2.11619148161768,80,-2.1809502520660033,MAP_SCADA,23,0.06475877044832323
0,x_tcsc,1-14,-0.10845470603263258,81,-0.11268960664171954,MAP_SCADA,23,0.004234900609086961
1,B_svc,2,0.17185062316901872,81,0.1828549729699234,MAP_SCADA,23,0.011004349800904673
2,UPFC_Vsh,5-15,1.1136041315982959,81,1.1038052401113907,MAP_SCADA,23,0.009798891486905159
3,UPFC_tsh,5-15,-0.2352518795033683,81,-0.22917208547285292,MAP_SCADA,23,0.0060797940305153675
4,UPFC_Vse,5-15,0.0565316838469432,81,0.06366641822200121,MAP_SCADA,23,0.007134734375058009
5,UPFC_tse,5-15,-2.121089216774669,81,-2.1809502520660033,MAP_SCADA,23,0.05986103529133446
0,x_tcsc,1-14,-0.10728363738035555,82,-0.11268960664171954,MAP_SCADA,23,0.005405969261363983
1,B_svc,2,0.17660953080738076,82,0.1828549729699234,MAP_SCADA,23,0.006245442162542636
2,UPFC_Vsh,5-15,1.1133363796913327,82,1.1038052401113907,MAP_SCADA,23,0.009531139579942005
3,UPFC_tsh,5-15,-0.23557723587673135,82,-0.22917208547285292,MAP_SCADA,23,0.006405150403878429
4,UPFC_Vse,5-15,0.057052670988737716,82,0.06366641822200121,MAP_SCADA,23,0.006613747233263495
5,UPFC_tse,5-15,-2.1125245344276045,82,-2.1809502520660033,MAP_SCADA,23,0.06842571763839889
0,x_tcsc,1-14,-0.10704909661563972,83,-0.11268960664171954,MAP_SCADA,23,0.00564051002607982
1,B_svc,2,0.17439535340915538,83,0.1828549729699234,MAP_SCADA,23,0.008459619560768017
2,UPFC_Vsh,5-15,1.1138189432401893,83,1.1038052401113907,MAP_SCADA,23,0.010013703128798568
3,UPFC_tsh,5-15,-0.23591608576235498,83,-0.22917208547285292,MAP_SCADA,23,0.006744000289502061
4,UPFC_Vse,5-15,0.05755680394915602,83,0.06366641822200121,MAP_SCADA,23,0.00610961427284519
5,UPFC_tse,5-15,-2.1157134403197753,83,-2.1809502520660033,MAP_SCADA,23,0.06523681174622808
0,x_tcsc,1-14,-0.10676170257170853,84,-0.11268960664171954,MAP_SCADA,23,0.005927904070011009
1,B_svc,2,0.17690582416355186,84,0.1828549729699234,MAP_SCADA,23,0.00594914880637154
2,UPFC_Vsh,5-15,1.1119187557480708,84,1.1038052401113907,MAP_SCADA,23,0.008113515636680058
3,UPFC_tsh,5-15,-0.23693835217805137,84,-0.22917208547285292,MAP_SCADA,23,0.007766266705198449
4,UPFC_Vse,5-15,0.05779647132148402,84,0.06366641822200121,MAP_SCADA,23,0.0058699469005171895
5,UPFC_tse,5-15,-2.119832423144779,84,-2.1809502520660033,MAP_SCADA,23,0.061117828921224415
0,x_tcsc,1-14,-0.10433107499372325,85,-0.11268960664171954,MAP_SCADA,23,0.008358531647996284
1,B_svc,2,0.18503884107302948,85,0.1828549729699234,MAP_SCADA,23,0.0021838681031060847
2,UPFC_Vsh,5-15,1.1096490244908552,85,1.1038052401113907,MAP_SCADA,23,0.005843784379464534
3,UPFC_tsh,5-15,-0.23908337904595656,85,-0.22917208547285292,MAP_SCADA,23,0.009911293573103636
4,UPFC_Vse,5-15,0.057711255599064704,85,0.06366641822200121,MAP_SCADA,23,0.005955162622936508
5,UPFC_tse,5-15,-2.121862773911793,85,-2.1809502520660033,MAP_SCADA,23,0.05908747815421034
0,x_tcsc,1-14,-0.10627085253489142,86,-0.11268960664171954,MAP_SCADA,23,0.0064187541068281145
1,B_svc,2,0.177950381895317,86,0.1828549729699234,MAP_SCADA,23,0.00490459107460639
2,UPFC_Vsh,5-15,1.1115180763241355,86,1.1038052401113907,MAP_SCADA,23,0.007712836212744767
3,UPFC_tsh,5-15,-0.23679857101651225,86,-0.22917208547285292,MAP_SCADA,23,0.007626485543659328
4,UPFC_Vse,5-15,0.057956856977195124,86,0.06366641822200121,MAP_SCADA,23,0.005709561244806087
5,UPFC_tse,5-15,-2.1201205352270294,86,-2.1809502520660033,MAP_SCADA,23,0.06082971683897398
0,x_tcsc,1-14,-0.10651687940064776,87,-0.11268960664171954,MAP_SCADA,23,0.0061727272410717765
1,B_svc,2,0.18254309035161495,87,0.1828549729699234,MAP_SCADA,23,0.00031188261830844555
2,UPFC_Vsh,5-15,1.1098899213950526,87,1.1038052401113907,MAP_SCADA,23,0.006084681283661908
3,UPFC_tsh,5-15,-0.23761277738038303,87,-0.22917208547285292,MAP_SCADA,23,0.008440691907530107
4,UPFC_Vse,5-15,0.0574593173937414,87,0.06366641822200121,MAP_SCADA,23,0.006207100828259808
5,UPFC_tse,5-15,-2.121138093764339,87,-2.1809502520660033,MAP_SCADA,23,0.0598121583016642
0,x_tcsc,1-14,-0.1056307771781821,88,-0.11268960664171954,MAP_SCADA,23,0.007058829463537433
1,B_svc,2,0.1824884266434068,88,0.1828549729699234,MAP_SCADA,23,0.0003665463265165869
2,UPFC_Vsh,5-15,1.1101963057729272,88,1.1038052401113907,MAP_SCADA,23,0.006391065661536466
3,UPFC_tsh,5-15,-0.23763002628571525,88,-0.22917208547285292,MAP_SCADA,23,0.00845794081286233
4,UPFC_Vse,5-15,0.05706675078108499,88,0.06366641822200121,MAP_SCADA,23,0.006599667440916224
5,UPFC_tse,5-15,-2.1196074179549385,88,-2.1809502520660033,MAP_SCADA,23,0.06134283411106489
0,x_tcsc,1-14,-0.1068650757269267,89,-0.11268960664171954,MAP_SCADA,23,0.005824530914792833
1,B_svc,2,0.17718067164134646,89,0.1828549729699234,MAP_SCADA,23,0.005674301328576936
2,UPFC_Vsh,5-15,1.1127660092473064,89,1.1038052401113907,MAP_SCADA,23,0.008960769135915703
3,UPFC_tsh,5-15,-0.2373073844773539,89,-0.22917208547285292,MAP_SCADA,23,0.008135299004500968
4,UPFC_Vse,5-15,0.05689366350326791,89,0.06366641822200121,MAP_SCADA,23,0.006772754718733301
5,UPFC_tse,5-15,-2.117896080173778,89,-2.1809502520660033,MAP_SCADA,23,0.06305417189222551
0,x_tcsc,1-14,-0.10699046471291579,90,-0.11268960664171954,MAP_SCADA,23,0.005699141928803747
1,B_svc,2,0.17719256344522044,90,0.1828549729699234,MAP_SCADA,23,0.005662409524702955
2,UPFC_Vsh,5-15,1.109052539356643,90,1.1038052401113907,MAP_SCADA,23,0.005247299245252357
3,UPFC_tsh,5-15,-0.23785065622494828,90,-0.22917208547285292,MAP_SCADA,23,0.008678570752095355
4,UPFC_Vse,5-15,0.05830466828765745,90,0.06366641822200121,MAP_SCADA,23,0.005361749934343761
5,UPFC_tse,5-15,-2.120107730975188,90,-2.1809502520660033,MAP_SCADA,23,0.06084252109081545
0,x_tcsc,1-14,-0.10506074381709783,91,-0.11268960664171954,MAP_SCADA,23,0.007628862824621704
1,B_svc,2,0.18563134723275895,91,0.1828549729699234,MAP_SCADA,23,0.002776374262835557
2,UPFC_Vsh,5-15,1.107344280444785,91,1.1038052401113907,MAP_SCADA,23,0.003539040333394361
3,UPFC_tsh,5-15,-0.24009200989541232,91,-0.22917208547285292,MAP_SCADA,23,0.010919924422559402
4,UPFC_Vse,5-15,0.05745016323994678,91,0.06366641822200121,MAP_SCADA,23,0.006216254982054428
5,UPFC_tse,5-15,-2.129716491830026,91,-2.1809502520660033,MAP_SCADA,23,0.051233760235977144
0,x_tcsc,1-14,-0.10843316130367997,92,-0.11268960664171954,MAP_SCADA,23,0.004256445338039566
1,B_svc,2,0.171724517507776,92,0.1828549729699234,MAP_SCADA,23,0.011130455462147387
2,UPFC_Vsh,5-15,1.1124955617280345,92,1.1038052401113907,MAP_SCADA,23,0.008690321616643848
3,UPFC_tsh,5-15,-0.23592061914407508,92,-0.22917208547285292,MAP_SCADA,23,0.006748533671222162
4,UPFC_Vse,5-15,0.05764937454389893,92,0.06366641822200121,MAP_SCADA,23,0.006017043678102282
5,UPFC_tse,5-15,-2.115887173504994,92,-2.1809502520660033,MAP_SCADA,23,0.06506307856100957
0,x_tcsc,1-14,-0.10527819592613752,93,-0.11268960664171954,MAP_SCADA,23,0.0074114107155820175
1,B_svc,2,0.18394801974922592,93,0.1828549729699234,MAP_SCADA,23,0.0010930467793025256
2,UPFC_Vsh,5-15,1.1121927994121752,93,1.1038052401113907,MAP_SCADA,23,0.008387559300784497
3,UPFC_tsh,5-15,-0.23767845269493082,93,-0.22917208547285292,MAP_SCADA,23,0.008506367222077899
4,UPFC_Vse,5-15,0.05811935876557973,93,0.06366641822200121,MAP_SCADA,23,0.005547059456421484
5,UPFC_tse,5-15,-2.1160067421541595,93,-2.1809502520660033,MAP_SCADA,23,0.06494350991184383
0,x_tcsc,1-14,-0.10848267666552323,94,-0.11268960664171954,MAP_SCADA,23,0.0042069299761963025
1,B_svc,2,0.17129404864009537,94,0.1828549729699234,MAP_SCADA,23,0.011560924329828026
2,UPFC_Vsh,5-15,1.1113930301542858,94,1.1038052401113907,MAP_SCADA,23,0.007587790042895115
3,UPFC_tsh,5-15,-0.2362084475764398,94,-0.22917208547285292,MAP_SCADA,23,0.0070363621035868795
4,UPFC_Vse,5-15,0.057179680241642564,94,0.06366641822200121,MAP_SCADA,23,0.006486737980358648
5,UPFC_tse,5-15,-2.117519973685605,94,-2.1809502520660033,MAP_SCADA,23,0.06343027838039816
0,x_tcsc,1-14,-0.10609612643226632,95,-0.11268960664171954,MAP_SCADA,23,0.0065934802094532174
1,B_svc,2,0.18034927342603962,95,0.1828549729699234,MAP_SCADA,23,0.0025056995438837715
2,UPFC_Vsh,5-15,1.1081572271684876,95,1.1038052401113907,MAP_SCADA,23,0.00435198705709694
3,UPFC_tsh,5-15,-0.23896856849243206,95,-0.22917208547285292,MAP_SCADA,23,0.009796483019579139
4,UPFC_Vse,5-15,0.05827706701732483,95,0.06366641822200121,MAP_SCADA,23,0.005389351204676381
5,UPFC_tse,5-15,-2.1231450659637763,95,-2.1809502520660033,MAP_SCADA,23,0.05780518610222707
0,x_tcsc,1-14,-0.11072494674634924,96,-0.11268960664171954,MAP_SCADA,23,0.0019646598953702993
1,B_svc,2,0.16382259331556495,96,0.1828549729699234,MAP_SCADA,23,0.019032379654358444
2,UPFC_Vsh,5-15,1.1131482719824068,96,1.1038052401113907,MAP_SCADA,23,0.00934303187101615
3,UPFC_tsh,5-15,-0.23519080502005715,96,-0.22917208547285292,MAP_SCADA,23,0.006018719547204232
4,UPFC_Vse,5-15,0.057372158170830606,96,0.06366641822200121,MAP_SCADA,23,0.006294260051170605
5,UPFC_tse,5-15,-2.1161767640182254,96,-2.1809502520660033,MAP_SCADA,23,0.06477348804777794
0,x_tcsc,1-14,-0.10717201549915735,97,-0.11268960664171954,MAP_SCADA,23,0.0055175911425621865
1,B_svc,2,0.17993119020529763,97,0.1828549729699234,MAP_SCADA,23,0.0029237827646257653
2,UPFC_Vsh,5-15,1.1113859768397536,97,1.1038052401113907,MAP_SCADA,23,0.007580736728362902
3,UPFC_tsh,5-15,-0.23733175664322106,97,-0.22917208547285292,MAP_SCADA,23,0.008159671170368143
4,UPFC_Vse,5-15,0.05756112498967703,97,0.06366641822200121,MAP_SCADA,23,0.0061052932323241785
5,UPFC_tse,5-15,-2.1183860517395594,97,-2.1809502520660033,MAP_SCADA,23,0.06256420032644394
0,x_tcsc,1-14,-0.10794320493711781,98,-0.11268960664171954,MAP_SCADA,23,0.0047464017046017215
1,B_svc,2,0.17594575429682419,98,0.1828549729699234,MAP_SCADA,23,0.00690921867309921
2,UPFC_Vsh,5-15,1.1139945785284209,98,1.1038052401113907,MAP_SCADA,23,0.01018933841703018
3,UPFC_tsh,5-15,-0.23616473699877685,98,-0.22917208547285292,MAP_SCADA,23,0.006992651525923932
4,UPFC_Vse,5-15,0.057481413833521275,98,0.06366641822200121,MAP_SCADA,23,0.006185004388479937
5,UPFC_tse,5-15,-2.1167090690392265,98,-2.1809502520660033,MAP_SCADA,23,0.06424118302677684
0,x_tcsc,1-14,-0.10549981687781415,99,-0.11268960664171954,MAP_SCADA,23,0.007189789763905385
1,B_svc,2,0.18435980766770546,99,0.1828549729699234,MAP_SCADA,23,0.0015048346977820648
2,UPFC_Vsh,5-15,1.110605632781286,99,1.1038052401113907,MAP_SCADA,23,0.006800392669895405
3,UPFC_tsh,5-15,-0.23879532010179283,99,-0.22917208547285292,MAP_SCADA,23,0.009623234628939908
4,UPFC_Vse,5-15,0.0585592895290129,99,0.06366641822200121,MAP_SCADA,23,0.005107128692988308
5,UPFC_tse,5-15,-2.120240844202484,99,-2.1809502520660033,MAP_SCADA,23,0.06070940786351953
0,x_tcsc,1-14,-0.10671143253086024,0,-0.10712355401333491,MAP_SCADA,25,0.00041212148247467273
1,B_svc,2,0.17853734538277877,0,0.17518321676031778,MAP_SCADA,25,0.0033541286224609834
2,UPFC_Vsh,5-15,1.1109207789140585,0,1.1060979056896427,MAP_SCADA,25,0.004822873224415769
3,UPFC_tsh,5-15,-0.23731745143979585,0,-0.23431126976982974,MAP_SCADA,25,0.003006181669966107
4,UPFC_Vse,5-15,0.05763375636709128,0,0.06352137262246502,MAP_SCADA,25,0.005887616255373734
5,UPFC_tse,5-15,-2.121116529035107,0,-2.1889909910378806,MAP_SCADA,25,0.06787446200277358
0,x_tcsc,1-14,-0.10884679222871829,1,-0.10712355401333491,MAP_SCADA,25,0.0017232382153833797
1,B_svc,2,0.17210654984970408,1,0.17518321676031778,MAP_SCADA,25,0.0030766669106137012
2,UPFC_Vsh,5-15,1.1125691339351063,1,1.1060979056896427,MAP_SCADA,25,0.006471228245463534
3,UPFC_tsh,5-15,-0.23614062783557177,1,-0.23431126976982974,MAP_SCADA,25,0.001829358065742026
4,UPFC_Vse,5-15,0.05726992650712081,1,0.06352137262246502,MAP_SCADA,25,0.006251446115344207
5,UPFC_tse,5-15,-2.114605669181904,1,-2.1889909910378806,MAP_SCADA,25,0.07438532185597646
0,x_tcsc,1-14,-0.106438597648498,2,-0.10712355401333491,MAP_SCADA,25,0.0006849563648369111
1,B_svc,2,0.17900573324605812,2,0.17518321676031778,MAP_SCADA,25,0.003822516485740335
2,UPFC_Vsh,5-15,1.110557377207309,2,1.1060979056896427,MAP_SCADA,25,0.004459471517666236
3,UPFC_tsh,5-15,-0.23791607483260863,2,-0.23431126976982974,MAP_SCADA,25,0.003604805062778882
4,UPFC_Vse,5-15,0.05782458523939781,2,0.06352137262246502,MAP_SCADA,25,0.005696787383067205
5,UPFC_tse,5-15,-2.121047690115321,2,-2.1889909910378806,MAP_SCADA,25,0.06794330092255985
0,x_tcsc,1-14,-0.1082485724483868,3,-0.10712355401333491,MAP_SCADA,25,0.0011250184350518888
1,B_svc,2,0.17084799387894223,3,0.17518321676031778,MAP_SCADA,25,0.0043352228813755556
2,UPFC_Vsh,5-15,1.1133073606530108,3,1.1060979056896427,MAP_SCADA,25,0.0072094549633681115
3,UPFC_tsh,5-15,-0.2352148361230751,3,-0.23431126976982974,MAP_SCADA,25,0.0009035663532453442
4,UPFC_Vse,5-15,0.05744203276710792,3,0.06352137262246502,MAP_SCADA,25,0.006079339855357094
5,UPFC_tse,5-15,-2.1187469994643453,3,-2.1889909910378806,MAP_SCADA,25,0.07024399157353534
0,x_tcsc,1-14,-0.10589216153963375,4,-0.10712355401333491,MAP_SCADA,25,0.0012313924737011595
1,B_svc,2,0.18057721027425636,4,0.17518321676031778,MAP_SCADA,25,0.005393993513938572
2,UPFC_Vsh,5-15,1.1090639373079867,4,1.1060979056896427,MAP_SCADA,25,0.0029660316183439672
3,UPFC_tsh,5-15,-0.23901694259159015,4,-0.23431126976982974,MAP_SCADA,25,0.004705672821760404
4,UPFC_Vse,5-15,0.057420897493637865,4,0.06352137262246502,MAP_SCADA,25,0.006100475128827151
5,UPFC_tse,5-15,-2.1217880216245173,4,-2.1889909910378806,MAP_SCADA,25,0.06720296941336334
0,x_tcsc,1-14,-0.10962718592320896,5,-0.10712355401333491,MAP_SCADA,25,0.0025036319098740434
1,B_svc,2,0.16734710763118957,5,0.17518321676031778,MAP_SCADA,25,0.007836109129128216
2,UPFC_Vsh,5-15,1.113238663056068,5,1.1060979056896427,MAP_SCADA,25,0.007140757366425277
3,UPFC_tsh,5-15,-0.2353712142411416,5,-0.23431126976982974,MAP_SCADA,25,0.0010599444713118578
4,UPFC_Vse,5-15,0.05765870072751411,5,0.06352137262246502,MAP_SCADA,25,0.005862671894950905
5,UPFC_tse,5-15,-2.116604966915444,5,-2.1889909910378806,MAP_SCADA,25,0.07238602412243678
0,x_tcsc,1-14,-0.1072394089863974,6,-0.10712355401333491,MAP_SCADA,25,0.00011585497306249026
1,B_svc,2,0.17505832381110656,6,0.17518321676031778,MAP_SCADA,25,0.00012489294921122496
2,UPFC_Vsh,5-15,1.1134733590139796,6,1.1060979056896427,MAP_SCADA,25,0.007375453324336867
3,UPFC_tsh,5-15,-0.23630289751870623,6,-0.23431126976982974,MAP_SCADA,25,0.0019916277488764844
4,UPFC_Vse,5-15,0.057209379708297675,6,0.06352137262246502,MAP_SCADA,25,0.006311992914167341
5,UPFC_tse,5-15,-2.118697070191822,6,-2.1889909910378806,MAP_SCADA,25,0.07029392084605846
0,x_tcsc,1-14,-0.106904312225471,7,-0.10712355401333491,MAP_SCADA,25,0.00021924178786390802
1,B_svc,2,0.17859066157689701,7,0.17518321676031778,MAP_SCADA,25,0.0034074448165792304
2,UPFC_Vsh,5-15,1.1115241542852348,7,1.1060979056896427,MAP_SCADA,25,0.0054262485955920425
3,UPFC_tsh,5-15,-0.23696277691500586,7,-0.23431126976982974,MAP_SCADA,25,0.0026515071451761185
4,UPFC_Vse,5-15,0.05719135020998187,7,0.06352137262246502,MAP_SCADA,25,0.0063300224124831495
5,UPFC_tse,5-15,-2.120352712191659,7,-2.1889909910378806,MAP_SCADA,25,0.06863827884622165
0,x_tcsc,1-14,-0.10584256465175358,8,-0.10712355401333491,MAP_SCADA,25,0.0012809893615813306
1,B_svc,2,0.17957565213745705,8,0.17518321676031778,MAP_SCADA,25,0.004392435377139264
2,UPFC_Vsh,5-15,1.1114213514564535,8,1.1060979056896427,MAP_SCADA,25,0.005323445766810764
3,UPFC_tsh,5-15,-0.23804470709609643,8,-0.23431126976982974,MAP_SCADA,25,0.0037334373262666865
4,UPFC_Vse,5-15,0.05767086577863096,8,0.06352137262246502,MAP_SCADA,25,0.0058505068438340566
5,UPFC_tse,5-15,-2.1195907835996595,8,-2.1889909910378806,MAP_SCADA,25,0.06940020743822117
0,x_tcsc,1-14,-0.10784650785057542,9,-0.10712355401333491,MAP_SCADA,25,0.0007229538372405114
1,B_svc,2,0.17403306430088125,9,0.17518321676031778,MAP_SCADA,25,0.001150152459436532
2,UPFC_Vsh,5-15,1.1136591443971575,9,1.1060979056896427,MAP_SCADA,25,0.007561238707514795
3,UPFC_tsh,5-15,-0.23540412352425605,9,-0.23431126976982974,MAP_SCADA,25,0.001092853754426304
4,UPFC_Vse,5-15,0.05764721708836011,9,0.06352137262246502,MAP_SCADA,25,0.005874155534104905
5,UPFC_tse,5-15,-2.1166377891830908,9,-2.1889909910378806,MAP_SCADA,25,0.07235320185478988
0,x_tcsc,1-14,-0.10843919964143052,10,-0.10712355401333491,MAP_SCADA,25,0.0013156456280956075
1,B_svc,2,0.1733415956284689,10,0.17518321676031778,MAP_SCADA,25,0.0018416211318488807
2,UPFC_Vsh,5-15,1.1120251269562094,10,1.1060979056896427,MAP_SCADA,25,0.00592722126656664
3,UPFC_tsh,5-15,-0.23596809646704503,10,-0.23431126976982974,MAP_SCADA,25,0.0016568266972152856
4,UPFC_Vse,5-15,0.0564854939523338,10,0.06352137262246502,MAP_SCADA,25,0.007035878670131217
5,UPFC_tse,5-15,-2.1208915776861685,10,-2.1889909910378806,MAP_SCADA,25,0.0680994133517121
0,x_tcsc,1-14,-0.10717114851830077,11,-0.10712355401333491,MAP_SCADA,25,4.759450496585882e-05
1,B_svc,2,0.17747026057926507,11,0.17518321676031778,MAP_SCADA,25,0.0022870438189472875
2,UPFC_Vsh,5-15,1.1124363488801543,11,1.1060979056896427,MAP_SCADA,25,0.006338443190511578
3,UPFC_tsh,5-15,-0.23632852993489933,11,-0.23431126976982974,MAP_SCADA,25,0.00201726016506959
4,UPFC_Vse,5-15,0.05659742194993677,11,0.06352137262246502,MAP_SCADA,25,0.0069239506725282465
5,UPFC_tse,5-15,-2.1197408115722536,11,-2.1889909910378806,MAP_SCADA,25,0.06925017946562706
0,x_tcsc,1-14,-0.10802946345880032,12,-0.10712355401333491,MAP_SCADA,25,0.000905909445465411
1,B_svc,2,0.17281276942429238,12,0.17518321676031778,MAP_SCADA,25,0.0023704473360253997
2,UPFC_Vsh,5-15,1.1130757120421997,12,1.1060979056896427,MAP_SCADA,25,0.006977806352556959
3,UPFC_tsh,5-15,-0.23632368050223404,12,-0.23431126976982974,MAP_SCADA,25,0.002012410732404296
4,UPFC_Vse,5-15,0.057571961367978236,12,0.06352137262246502,MAP_SCADA,25,0.0059494112544867805
5,UPFC_tse,5-15,-2.1157178822797733,12,-2.1889909910378806,MAP_SCADA,25,0.07327310875810733
0,x_tcsc,1-14,-0.10570316958983077,13,-0.10712355401333491,MAP_SCADA,25,0.0014203844235041452
1,B_svc,2,0.18249973312876458,13,0.17518321676031778,MAP_SCADA,25,0.007316516368446796
2,UPFC_Vsh,5-15,1.1131296050156416,13,1.1060979056896427,MAP_SCADA,25,0.007031699325998897
3,UPFC_tsh,5-15,-0.23783442634788132,13,-0.23431126976982974,MAP_SCADA,25,0.0035231565780515783
4,UPFC_Vse,5-15,0.056484936983598154,13,0.06352137262246502,MAP_SCADA,25,0.007036435638866863
5,UPFC_tse,5-15,-2.115261398749947,13,-2.1889909910378806,MAP_SCADA,25,0.07372959228793352
0,x_tcsc,1-14,-0.10694923876760283,14,-0.10712355401333491,MAP_SCADA,25,0.0001743152457320818
1,B_svc,2,0.1769041692493913,14,0.17518321676031778,MAP_SCADA,25,0.0017209524890735295
2,UPFC_Vsh,5-15,1.1121526642391235,14,1.1060979056896427,MAP_SCADA,25,0.006054758549480788
3,UPFC_tsh,5-15,-0.2370323619370798,14,-0.23431126976982974,MAP_SCADA,25,0.0027210921672500554
4,UPFC_Vse,5-15,0.057139654468352036,14,0.06352137262246502,MAP_SCADA,25,0.006381718154112981
5,UPFC_tse,5-15,-2.1194773532602125,14,-2.1889909910378806,MAP_SCADA,25,0.06951363777766817
0,x_tcsc,1-14,-0.10869855072993599,15,-0.10712355401333491,MAP_SCADA,25,0.0015749967166010792
1,B_svc,2,0.1722439116589828,15,0.17518321676031778,MAP_SCADA,25,0.0029393051013349714
2,UPFC_Vsh,5-15,1.1123269308828758,15,1.1060979056896427,MAP_SCADA,25,0.006229025193233095
3,UPFC_tsh,5-15,-0.23591736677432862,15,-0.23431126976982974,MAP_SCADA,25,0.0016060970044988743
4,UPFC_Vse,5-15,0.05746552861625833,15,0.06352137262246502,MAP_SCADA,25,0.006055844006206686
5,UPFC_tse,5-15,-2.114336762711501,15,-2.1889909910378806,MAP_SCADA,25,0.0746542283263798
0,x_tcsc,1-14,-0.10723509198330802,16,-0.10712355401333491,MAP_SCADA,25,0.0001115379699731106
1,B_svc,2,0.17398967179522495,16,0.17518321676031778,MAP_SCADA,25,0.0011935449650928298
2,UPFC_Vsh,5-15,1.1110458587351355,16,1.1060979056896427,MAP_SCADA,25,0.004947953045492781
3,UPFC_tsh,5-15,-0.23700163214610448,16,-0.23431126976982974,MAP_SCADA,25,0.0026903623762747353
4,UPFC_Vse,5-15,0.05741412427159274,16,0.06352137262246502,MAP_SCADA,25,0.006107248350872278
5,UPFC_tse,5-15,-2.115454248723215,16,-2.1889909910378806,MAP_SCADA,25,0.07353674231466556
0,x_tcsc,1-14,-0.11066622826773613,17,-0.10712355401333491,MAP_SCADA,25,0.003542674254401218
1,B_svc,2,0.17213545326446683,17,0.17518321676031778,MAP_SCADA,25,0.0030477634958509525
2,UPFC_Vsh,5-15,1.1101691119931705,17,1.1060979056896427,MAP_SCADA,25,0.004071206303527752
3,UPFC_tsh,5-15,-0.23638238289548702,17,-0.23431126976982974,MAP_SCADA,25,0.0020711131256572757
4,UPFC_Vse,5-15,0.05704571524866088,17,0.06352137262246502,MAP_SCADA,25,0.006475657373804136
5,UPFC_tse,5-15,-2.1255108704267474,17,-2.1889909910378806,MAP_SCADA,25,0.06348012061113328
0,x_tcsc,1-14,-0.10647726198792858,18,-0.10712355401333491,MAP_SCADA,25,0.0006462920254063365
1,B_svc,2,0.17890991783106908,18,0.17518321676031778,MAP_SCADA,25,0.0037267010707512926
2,UPFC_Vsh,5-15,1.1113916813722353,18,1.1060979056896427,MAP_SCADA,25,0.005293775682592594
3,UPFC_tsh,5-15,-0.23750430204608403,18,-0.23431126976982974,MAP_SCADA,25,0.0031930322762542818
4,UPFC_Vse,5-15,0.0579754917237041,18,0.06352137262246502,MAP_SCADA,25,0.005545880898760916
5,UPFC_tse,5-15,-2.1210878076752175,18,-2.1889909910378806,MAP_SCADA,25,0.0679031833626631
0,x_tcsc,1-14,-0.10880064867843024,19,-0.10712355401333491,MAP_SCADA,25,0.00167709466509533
1,B_svc,2,0.17236500079037237,19,0.17518321676031778,MAP_SCADA,25,0.0028182159699454146
2,UPFC_Vsh,5-15,1.112334763295601,19,1.1060979056896427,MAP_SCADA,25,0.006236857605958379
3,UPFC_tsh,5-15,-0.23575835468156742,19,-0.23431126976982974,MAP_SCADA,25,0.0014470849117376727
4,UPFC_Vse,5-15,0.057420643843725014,19,0.06352137262246502,MAP_SCADA,25,0.006100728778740003
5,UPFC_tse,5-15,-2.1197007787621494,19,-2.1889909910378806,MAP_SCADA,25,0.06929021227573129
0,x_tcsc,1-14,-0.10681796471203604,20,-0.10712355401333491,MAP_SCADA,25,0.00030558930129886974
1,B_svc,2,0.17723798368864258,20,0.17518321676031778,MAP_SCADA,25,0.0020547669283247916
2,UPFC_Vsh,5-15,1.110328466941185,20,1.1060979056896427,MAP_SCADA,25,0.0042305612515423086
3,UPFC_tsh,5-15,-0.2373060069040069,20,-0.23431126976982974,MAP_SCADA,25,0.0029947371341771667
4,UPFC_Vse,5-15,0.05749209778155573,20,0.06352137262246502,MAP_SCADA,25,0.006029274840909288
5,UPFC_tse,5-15,-2.121057456966522,20,-2.1889909910378806,MAP_SCADA,25,0.06793353407135871
0,x_tcsc,1-14,-0.10640127987977131,21,-0.10712355401333491,MAP_SCADA,25,0.0007222741335635996
1,B_svc,2,0.17706400553147694,21,0.17518321676031778,MAP_SCADA,25,0.0018807887711591587
2,UPFC_Vsh,5-15,1.1123414247957542,21,1.1060979056896427,MAP_SCADA,25,0.006243519106111428
3,UPFC_tsh,5-15,-0.23706487343632154,21,-0.23431126976982974,MAP_SCADA,25,0.0027536036664917996
4,UPFC_Vse,5-15,0.05804808066265128,21,0.06352137262246502,MAP_SCADA,25,0.005473291959813734
5,UPFC_tse,5-15,-2.1199889860303824,21,-2.1889909910378806,MAP_SCADA,25,0.0690020050074982
0,x_tcsc,1-14,-0.1076874287003709,22,-0.10712355401333491,MAP_SCADA,25,0.0005638746870359895
1,B_svc,2,0.17814371796425674,22,0.17518321676031778,MAP_SCADA,25,0.0029605012039389533
2,UPFC_Vsh,5-15,1.1100397041732075,22,1.1060979056896427,MAP_SCADA,25,0.003941798483564796
3,UPFC_tsh,5-15,-0.2373992929814906,22,-0.23431126976982974,MAP_SCADA,25,0.003088023211660851
4,UPFC_Vse,5-15,0.05746102628000953,22,0.06352137262246502,MAP_SCADA,25,0.006060346342455489
5,UPFC_tse,5-15,-2.1138228571779285,22,-2.1889909910378806,MAP_SCADA,25,0.07516813385995214
0,x_tcsc,1-14,-0.11114173205442038,23,-0.10712355401333491,MAP_SCADA,25,0.004018178041085466
1,B_svc,2,0.16571810927908867,23,0.17518321676031778,MAP_SCADA,25,0.009465107481229112
2,UPFC_Vsh,5-15,1.1102913160967147,23,1.1060979056896427,MAP_SCADA,25,0.004193410407071996
3,UPFC_tsh,5-15,-0.23612314344192717,23,-0.23431126976982974,MAP_SCADA,25,0.001811873672097425
4,UPFC_Vse,5-15,0.057828980132338344,23,0.06352137262246502,MAP_SCADA,25,0.005692392490126673
5,UPFC_tse,5-15,-2.11634907225094,23,-2.1889909910378806,MAP_SCADA,25,0.0726419187869407
0,x_tcsc,1-14,-0.10707298918273737,24,-0.10712355401333491,MAP_SCADA,25,5.0564830597538135e-05
1,B_svc,2,0.1750844181767696,24,0.17518321676031778,MAP_SCADA,25,9.879858354819304e-05
2,UPFC_Vsh,5-15,1.1103383294545885,24,1.1060979056896427,MAP_SCADA,25,0.004240423764945822
3,UPFC_tsh,5-15,-0.2373858961720593,24,-0.23431126976982974,MAP_SCADA,25,0.003074626402229552
4,UPFC_Vse,5-15,0.05783441093683506,24,0.06352137262246502,MAP_SCADA,25,0.00568696168562996
5,UPFC_tse,5-15,-2.1211963531878606,24,-2.1889909910378806,MAP_SCADA,25,0.06779463785002005
0,x_tcsc,1-14,-0.10411209146765889,25,-0.10712355401333491,MAP_SCADA,25,0.0030114625456760247
1,B_svc,2,0.18207388013521508,25,0.17518321676031778,MAP_SCADA,25,0.006890663374897299
2,UPFC_Vsh,5-15,1.1099508617603815,25,1.1060979056896427,MAP_SCADA,25,0.0038529560707387667
3,UPFC_tsh,5-15,-0.23921976991336424,25,-0.23431126976982974,MAP_SCADA,25,0.0049085001435345
4,UPFC_Vse,5-15,0.057215626624696495,25,0.06352137262246502,MAP_SCADA,25,0.006305745997768522
5,UPFC_tse,5-15,-2.1180417750198264,25,-2.1889909910378806,MAP_SCADA,25,0.07094921601805426
0,x_tcsc,1-14,-0.1078001605743693,26,-0.10712355401333491,MAP_SCADA,25,0.0006766065610343819
1,B_svc,2,0.17458128190019787,26,0.17518321676031778,MAP_SCADA,25,0.0006019348601199181
2,UPFC_Vsh,5-15,1.113580620074413,26,1.1060979056896427,MAP_SCADA,25,0.007482714384770217
3,UPFC_tsh,5-15,-0.23556159092886747,26,-0.23431126976982974,MAP_SCADA,25,0.0012503211590377261
4,UPFC_Vse,5-15,0.05738429904808282,26,0.06352137262246502,MAP_SCADA,25,0.006137073574382194
5,UPFC_tse,5-15,-2.116182058227431,26,-2.1889909910378806,MAP_SCADA,25,0.07280893281044953
0,x_tcsc,1-14,-0.10825092537265413,27,-0.10712355401333491,MAP_SCADA,25,0.0011273713593192153
1,B_svc,2,0.17430631258970788,27,0.17518321676031778,MAP_SCADA,25,0.000876904170609899
2,UPFC_Vsh,5-15,1.1114662475697654,27,1.1060979056896427,MAP_SCADA,25,0.005368341880122696
3,UPFC_tsh,5-15,-0.23746584465815873,27,-0.23431126976982974,MAP_SCADA,25,0.003154574888328987
4,UPFC_Vse,5-15,0.05788690302737337,27,0.06352137262246502,MAP_SCADA,25,0.005634469595091646
5,UPFC_tse,5-15,-2.118504077446963,27,-2.1889909910378806,MAP_SCADA,25,0.07048691359091785
0,x_tcsc,1-14,-0.1062730187523376,28,-0.10712355401333491,MAP_SCADA,25,0.0008505352609973066
1,B_svc,2,0.18103079162220884,28,0.17518321676031778,MAP_SCADA,25,0.005847574861891053
2,UPFC_Vsh,5-15,1.1087301109081895,28,1.1060979056896427,MAP_SCADA,25,0.0026322052185467903
3,UPFC_tsh,5-15,-0.2389396275716271,28,-0.23431126976982974,MAP_SCADA,25,0.00462835780179735
4,UPFC_Vse,5-15,0.05792850816793582,28,0.06352137262246502,MAP_SCADA,25,0.005592864454529195
5,UPFC_tse,5-15,-2.121591180104046,28,-2.1889909910378806,MAP_SCADA,25,0.06739981093383474
0,x_tcsc,1-14,-0.10653628707019851,29,-0.10712355401333491,MAP_SCADA,25,0.0005872669431364053
1,B_svc,2,0.17965508087916948,29,0.17518321676031778,MAP_SCADA,25,0.004471864118851698
2,UPFC_Vsh,5-15,1.1106446052036845,29,1.1060979056896427,MAP_SCADA,25,0.004546699514041741
3,UPFC_tsh,5-15,-0.2376731179045099,29,-0.23431126976982974,MAP_SCADA,25,0.0033618481346801565
4,UPFC_Vse,5-15,0.05786677315107843,29,0.06352137262246502,MAP_SCADA,25,0.005654599471386586
5,UPFC_tse,5-15,-2.120222833999159,29,-2.1889909910378806,MAP_SCADA,25,0.06876815703872152
0,x_tcsc,1-14,-0.10952997111799802,30,-0.10712355401333491,MAP_SCADA,25,0.0024064171046631055
1,B_svc,2,0.16919933850561206,30,0.17518321676031778,MAP_SCADA,25,0.005983878254705727
2,UPFC_Vsh,5-15,1.1127862661947077,30,1.1060979056896427,MAP_SCADA,25,0.006688360505064939
3,UPFC_tsh,5-15,-0.23534976633179824,30,-0.23431126976982974,MAP_SCADA,25,0.0010384965619684994
4,UPFC_Vse,5-15,0.05792238850708715,30,0.06352137262246502,MAP_SCADA,25,0.005598984115377868
5,UPFC_tse,5-15,-2.1164729451535256,30,-2.1889909910378806,MAP_SCADA,25,0.07251804588435506
0,x_tcsc,1-14,-0.10715060791579066,31,-0.10712355401333491,MAP_SCADA,25,2.7053902455748124e-05
1,B_svc,2,0.17281241655909546,31,0.17518321676031778,MAP_SCADA,25,0.002370800201222323
2,UPFC_Vsh,5-15,1.1121750737216747,31,1.1060979056896427,MAP_SCADA,25,0.006077168032031954
3,UPFC_tsh,5-15,-0.23612890048767649,31,-0.23431126976982974,MAP_SCADA,25,0.001817630717846741
4,UPFC_Vse,5-15,0.05741113562187503,31,0.06352137262246502,MAP_SCADA,25,0.006110237000589984
5,UPFC_tse,5-15,-2.118555531744554,31,-2.1889909910378806,MAP_SCADA,25,0.07043545929332673
0,x_tcsc,1-14,-0.10738626062904685,32,-0.10712355401333491,MAP_SCADA,25,0.0002627066157119412
1,B_svc,2,0.17330701774645507,32,0.17518321676031778,MAP_SCADA,25,0.0018761990138627116
2,UPFC_Vsh,5-15,1.1120310826835351,32,1.1060979056896427,MAP_SCADA,25,0.005933176993892397
3,UPFC_tsh,5-15,-0.23617144897870454,32,-0.23431126976982974,MAP_SCADA,25,0.001860179208874796
4,UPFC_Vse,5-15,0.05687457505896244,32,0.06352137262246502,MAP_SCADA,25,0.006646797563502574
5,UPFC_tse,5-15,-2.123660023297658,32,-2.1889909910378806,MAP_SCADA,25,0.06533096774022251
0,x_tcsc,1-14,-0.10693539844775564,33,-0.10712355401333491,MAP_SCADA,25,0.00018815556557927327
1,B_svc,2,0.17768917211592447,33,0.17518321676031778,MAP_SCADA,25,0.002505955355606687
2,UPFC_Vsh,5-15,1.1095148249414561,33,1.1060979056896427,MAP_SCADA,25,0.0034169192518134217
3,UPFC_tsh,5-15,-0.2371331944262661,33,-0.23431126976982974,MAP_SCADA,25,0.002821924656436353
4,UPFC_Vse,5-15,0.05721563919140297,33,0.06352137262246502,MAP_SCADA,25,0.006305733431062048
5,UPFC_tse,5-15,-2.1196271921111913,33,-2.1889909910378806,MAP_SCADA,25,0.06936379892668931
0,x_tcsc,1-14,-0.10687992533692643,34,-0.10712355401333491,MAP_SCADA,25,0.00024362867640848052
1,B_svc,2,0.17401309726872008,34,0.17518321676031778,MAP_SCADA,25,0.0011701194915977042
2,UPFC_Vsh,5-15,1.1123769845319478,34,1.1060979056896427,MAP_SCADA,25,0.0062790788423050525
3,UPFC_tsh,5-15,-0.23616750209149165,34,-0.23431126976982974,MAP_SCADA,25,0.0018562323216619048
4,UPFC_Vse,5-15,0.05717751357900006,34,0.06352137262246502,MAP_SCADA,25,0.006343859043464954
5,UPFC_tse,5-15,-2.1212191870108876,34,-2.1889909910378806,MAP_SCADA,25,0.06777180402699301
0,x_tcsc,1-14,-0.10736731801715636,35,-0.10712355401333491,MAP_SCADA,25,0.00024376400382145058
1,B_svc,2,0.1743344664120881,35,0.17518321676031778,MAP_SCADA,25,0.0008487503482296765
2,UPFC_Vsh,5-15,1.1121640478067782,35,1.1060979056896427,MAP_SCADA,25,0.00606614211713552
3,UPFC_tsh,5-15,-0.23680846597136743,35,-0.23431126976982974,MAP_SCADA,25,0.0024971962015376825
4,UPFC_Vse,5-15,0.057952360550922254,35,0.06352137262246502,MAP_SCADA,25,0.005569012071542763
5,UPFC_tse,5-15,-2.1169531607381513,35,-2.1889909910378806,MAP_SCADA,25,0.07203783029972932
0,x_tcsc,1-14,-0.10815347514458465,36,-0.10712355401333491,MAP_SCADA,25,0.0010299211312497364
1,B_svc,2,0.1710697004082666,36,0.17518321676031778,MAP_SCADA,25,0.0041135163520511775
2,UPFC_Vsh,5-15,1.1137240188584057,36,1.1060979056896427,MAP_SCADA,25,0.007626113168762938
3,UPFC_tsh,5-15,-0.2358246848062136,36,-0.23431126976982974,MAP_SCADA,25,0.0015134150363838583
4,UPFC_Vse,5-15,0.057245825627543545,36,0.06352137262246502,MAP_SCADA,25,0.0062755469949214715
5,UPFC_tse,5-15,-2.1175965349312516,36,-2.1889909910378806,MAP_SCADA,25,0.07139445610662909
0,x_tcsc,1-14,-0.10475515592541516,37,-0.10712355401333491,MAP_SCADA,25,0.0023683980879197486
1,B_svc,2,0.18309482267944,37,0.17518321676031778,MAP_SCADA,25,0.007911605919122211
2,UPFC_Vsh,5-15,1.1127906253327882,37,1.1060979056896427,MAP_SCADA,25,0.0066927196431454394
3,UPFC_tsh,5-15,-0.23802310460401754,37,-0.23431126976982974,MAP_SCADA,25,0.0037118348341877994
4,UPFC_Vse,5-15,0.057431952367715214,37,0.06352137262246502,MAP_SCADA,25,0.006089420254749803
5,UPFC_tse,5-15,-2.1199405418760775,37,-2.1889909910378806,MAP_SCADA,25,0.06905044916180314
0,x_tcsc,1-14,-0.10742269392758334,38,-0.10712355401333491,MAP_SCADA,25,0.0002991399142484308
1,B_svc,2,0.1755004971401978,38,0.17518321676031778,MAP_SCADA,25,0.00031728037988001945
2,UPFC_Vsh,5-15,1.1130201419013812,38,1.1060979056896427,MAP_SCADA,25,0.006922236211738486
3,UPFC_tsh,5-15,-0.23693363430979963,38,-0.23431126976982974,MAP_SCADA,25,0.0026223645399698903
4,UPFC_Vse,5-15,0.057205520786809703,38,0.06352137262246502,MAP_SCADA,25,0.006315851835655313
5,UPFC_tse,5-15,-2.1205146025924075,38,-2.1889909910378806,MAP_SCADA,25,0.0684763884454731
0,x_tcsc,1-14,-0.10641915634401529,39,-0.10712355401333491,MAP_SCADA,25,0.000704397669319623
1,B_svc,2,0.17958337075122596,39,0.17518321676031778,MAP_SCADA,25,0.004400153990908179
2,UPFC_Vsh,5-15,1.1118914083314206,39,1.1060979056896427,MAP_SCADA,25,0.0057935026417779145
3,UPFC_tsh,5-15,-0.23774754611117094,39,-0.23431126976982974,MAP_SCADA,25,0.0034362763413411934
4,UPFC_Vse,5-15,0.057058229476306656,39,0.06352137262246502,MAP_SCADA,25,0.006463143146158361
5,UPFC_tse,5-15,-2.120243704132217,39,-2.1889909910378806,MAP_SCADA,25,0.06874728690566378
0,x_tcsc,1-14,-0.10714899839915103,40,-0.10712355401333491,MAP_SCADA,25,2.5444385816114634e-05
1,B_svc,2,0.17792801003384645,40,0.17518321676031778,MAP_SCADA,25,0.0027447932735286673
2,UPFC_Vsh,5-15,1.1104977926102153,40,1.1060979056896427,MAP_SCADA,25,0.004399886920572582
3,UPFC_tsh,5-15,-0.23778322722768935,40,-0.23431126976982974,MAP_SCADA,25,0.003471957457859609
4,UPFC_Vse,5-15,0.05763455838128357,40,0.06352137262246502,MAP_SCADA,25,0.005886814241181447
5,UPFC_tse,5-15,-2.121763490823035,40,-2.1889909910378806,MAP_SCADA,25,0.06722750021484547
0,x_tcsc,1-14,-0.10747628103650513,41,-0.10712355401333491,MAP_SCADA,25,0.00035272702317021287
1,B_svc,2,0.17201780849316667,41,0.17518321676031778,MAP_SCADA,25,0.0031654082671511152
2,UPFC_Vsh,5-15,1.1132964947085866,41,1.1060979056896427,MAP_SCADA,25,0.0071985890189438795
3,UPFC_tsh,5-15,-0.23655377141994835,41,-0.23431126976982974,MAP_SCADA,25,0.0022425016501186057
4,UPFC_Vse,5-15,0.05694790652530009,41,0.06352137262246502,MAP_SCADA,25,0.006573466097164929
5,UPFC_tse,5-15,-2.115871417344491,41,-2.1889909910378806,MAP_SCADA,25,0.07311957369338984
0,x_tcsc,1-14,-0.1081257980000313,42,-0.10712355401333491,MAP_SCADA,25,0.0010022439866963911
1,B_svc,2,0.1726483542993937,42,0.17518321676031778,MAP_SCADA,25,0.0025348624609240755
2,UPFC_Vsh,5-15,1.1121568098072536,42,1.1060979056896427,MAP_SCADA,25,0.006058904117610897
3,UPFC_tsh,5-15,-0.23570650257828626,42,-0.23431126976982974,MAP_SCADA,25,0.0013952328084565202
4,UPFC_Vse,5-15,0.057391783915916594,42,0.06352137262246502,MAP_SCADA,25,0.006129588706548422
5,UPFC_tse,5-15,-2.1223150055765987,42,-2.1889909910378806,MAP_SCADA,25,0.06667598546128195
0,x_tcsc,1-14,-0.10919026678444572,43,-0.10712355401333491,MAP_SCADA,25,0.0020667127711108124
1,B_svc,2,0.17006330659842472,43,0.17518321676031778,MAP_SCADA,25,0.00511991016189306
2,UPFC_Vsh,5-15,1.1123500259968075,43,1.1060979056896427,MAP_SCADA,25,0.006252120307164821
3,UPFC_tsh,5-15,-0.23560811988148292,43,-0.23431126976982974,MAP_SCADA,25,0.001296850111653175
4,UPFC_Vse,5-15,0.057593251453399046,43,0.06352137262246502,MAP_SCADA,25,0.005928121169065971
5,UPFC_tse,5-15,-2.1151039880453184,43,-2.1889909910378806,MAP_SCADA,25,0.07388700299256223
0,x_tcsc,1-14,-0.10530229352998717,44,-0.10712355401333491,MAP_SCADA,25,0.001821260483347742
1,B_svc,2,0.1829660034812352,44,0.17518321676031778,MAP_SCADA,25,0.007782786720917423
2,UPFC_Vsh,5-15,1.109897014642047,44,1.1060979056896427,MAP_SCADA,25,0.0037991089524043176
3,UPFC_tsh,5-15,-0.23859001452834347,44,-0.23431126976982974,MAP_SCADA,25,0.004278744758513725
4,UPFC_Vse,5-15,0.058221711031435495,44,0.06352137262246502,MAP_SCADA,25,0.005299661591029521
5,UPFC_tse,5-15,-2.116964072987721,44,-2.1889909910378806,MAP_SCADA,25,0.0720269180501596
0,x_tcsc,1-14,-0.1069256538871445,45,-0.10712355401333491,MAP_SCADA,25,0.0001979001261904062
1,B_svc,2,0.177465266753047,45,0.17518321676031778,MAP_SCADA,25,0.0022820499927292126
2,UPFC_Vsh,5-15,1.1114206874199102,45,1.1060979056896427,MAP_SCADA,25,0.005322781730267456
3,UPFC_tsh,5-15,-0.23689545053861744,45,-0.23431126976982974,MAP_SCADA,25,0.0025841807687876917
4,UPFC_Vse,5-15,0.057539741316308304,45,0.06352137262246502,MAP_SCADA,25,0.005981631306156712
5,UPFC_tse,5-15,-2.1171370386148687,45,-2.1889909910378806,MAP_SCADA,25,0.07185395242301196
0,x_tcsc,1-14,-0.10802781666215394,46,-0.10712355401333491,MAP_SCADA,25,0.0009042626488190292
1,B_svc,2,0.1738286788546785,46,0.17518321676031778,MAP_SCADA,25,0.0013545379056392748
2,UPFC_Vsh,5-15,1.11293370639085,46,1.1060979056896427,MAP_SCADA,25,0.006835800701207262
3,UPFC_tsh,5-15,-0.236790719974732,46,-0.23431126976982974,MAP_SCADA,25,0.002479450204902256
4,UPFC_Vse,5-15,0.057103383298049065,46,0.06352137262246502,MAP_SCADA,25,0.006417989324415951
5,UPFC_tse,5-15,-2.1179202109526556,46,-2.1889909910378806,MAP_SCADA,25,0.07107078008522505
0,x_tcsc,1-14,-0.10709329858503407,47,-0.10712355401333491,MAP_SCADA,25,3.0255428300846043e-05
1,B_svc,2,0.173253329722418,47,0.17518321676031778,MAP_SCADA,25,0.0019298870378997857
2,UPFC_Vsh,5-15,1.1130769853263658,47,1.1060979056896427,MAP_SCADA,25,0.006979079636723062
3,UPFC_tsh,5-15,-0.23619945386340394,47,-0.23431126976982974,MAP_SCADA,25,0.0018881840935741911
4,UPFC_Vse,5-15,0.05764670213138666,47,0.06352137262246502,MAP_SCADA,25,0.005874670491078357
5,UPFC_tse,5-15,-2.1178733164843204,47,-2.1889909910378806,MAP_SCADA,25,0.07111767455356022
0,x_tcsc,1-14,-0.10719051328101499,48,-0.10712355401333491,MAP_SCADA,25,6.695926768007787e-05
1,B_svc,2,0.17618814701774743,48,0.17518321676031778,MAP_SCADA,25,0.0010049302574296481
2,UPFC_Vsh,5-15,1.1137388699268482,48,1.1060979056896427,MAP_SCADA,25,0.007640964237205505
3,UPFC_tsh,5-15,-0.23554054106717964,48,-0.23431126976982974,MAP_SCADA,25,0.0012292712973498987
4,UPFC_Vse,5-15,0.05692696717314711,48,0.06352137262246502,MAP_SCADA,25,0.006594405449317907
5,UPFC_tse,5-15,-2.118333333343752,48,-2.1889909910378806,MAP_SCADA,25,0.07065765769412868
0,x_tcsc,1-14,-0.10866601044350763,49,-0.10712355401333491,MAP_SCADA,25,0.0015424564301727145
1,B_svc,2,0.1710053873058158,49,0.17518321676031778,MAP_SCADA,25,0.004177829454501986
2,UPFC_Vsh,5-15,1.1121595017507595,49,1.1060979056896427,MAP_SCADA,25,0.006061596061116781
3,UPFC_tsh,5-15,-0.2359778989630055,49,-0.23431126976982974,MAP_SCADA,25,0.001666629193175756
4,UPFC_Vse,5-15,0.05723723522516479,49,0.06352137262246502,MAP_SCADA,25,0.00628413739730023
5,UPFC_tse,5-15,-2.1162183015920553,49,-2.1889909910378806,MAP_SCADA,25,0.07277268944582538
0,x_tcsc,1-14,-0.10901937796112277,50,-0.10712355401333491,MAP_SCADA,25,0.001895823947787853
1,B_svc,2,0.16959306694005918,50,0.17518321676031778,MAP_SCADA,25,0.0055901498202586
2,UPFC_Vsh,5-15,1.1129934283863259,50,1.1060979056896427,MAP_SCADA,25,0.006895522696683143
3,UPFC_tsh,5-15,-0.23572793347299587,50,-0.23431126976982974,MAP_SCADA,25,0.0014166637031661211
4,UPFC_Vse,5-15,0.05764673609842407,50,0.06352137262246502,MAP_SCADA,25,0.005874636524040945
5,UPFC_tse,5-15,-2.118481715803393,50,-2.1889909910378806,MAP_SCADA,25,0.07050927523448758
0,x_tcsc,1-14,-0.10931226325956275,51,-0.10712355401333491,MAP_SCADA,25,0.0021887092462278407
1,B_svc,2,0.16790873900292247,51,0.17518321676031778,MAP_SCADA,25,0.0072744777573953145
2,UPFC_Vsh,5-15,1.1126616705910577,51,1.1060979056896427,MAP_SCADA,25,0.00656376490141497
3,UPFC_tsh,5-15,-0.2364188554805837,51,-0.23431126976982974,MAP_SCADA,25,0.002107585710753951
4,UPFC_Vse,5-15,0.057683554161929884,51,0.06352137262246502,MAP_SCADA,25,0.005837818460535132
5,UPFC_tse,5-15,-2.1187258940414506,51,-2.1889909910378806,MAP_SCADA,25,0.07026509699643002
0,x_tcsc,1-14,-0.10695079648572353,52,-0.10712355401333491,MAP_SCADA,25,0.00017275752761138075
1,B_svc,2,0.17765441432496182,52,0.17518321676031778,MAP_SCADA,25,0.0024711975646440343
2,UPFC_Vsh,5-15,1.1107767750385993,52,1.1060979056896427,MAP_SCADA,25,0.00467886934895656
3,UPFC_tsh,5-15,-0.23801910026457151,52,-0.23431126976982974,MAP_SCADA,25,0.0037078304947417706
4,UPFC_Vse,5-15,0.05789410719761008,52,0.06352137262246502,MAP_SCADA,25,0.005627265424854935
5,UPFC_tse,5-15,-2.1180835578894164,52,-2.1889909910378806,MAP_SCADA,25,0.07090743314846426
0,x_tcsc,1-14,-0.10579999281105353,53,-0.10712355401333491,MAP_SCADA,25,0.001323561202281387
1,B_svc,2,0.18205396316733946,53,0.17518321676031778,MAP_SCADA,25,0.006870746407021677
2,UPFC_Vsh,5-15,1.109267996697699,53,1.1060979056896427,MAP_SCADA,25,0.0031700910080563194
3,UPFC_tsh,5-15,-0.23819604051412727,53,-0.23431126976982974,MAP_SCADA,25,0.003884770744297522
4,UPFC_Vse,5-15,0.05724544595243886,53,0.06352137262246502,MAP_SCADA,25,0.006275926670026154
5,UPFC_tse,5-15,-2.1229365299297847,53,-2.1889909910378806,MAP_SCADA,25,0.06605446110809599
0,x_tcsc,1-14,-0.106223577746768,54,-0.10712355401333491,MAP_SCADA,25,0.0008999762665669181
1,B_svc,2,0.17719157491400092,54,0.17518321676031778,MAP_SCADA,25,0.0020083581536831374
2,UPFC_Vsh,5-15,1.111956043609763,54,1.1060979056896427,MAP_SCADA,25,0.005858137920120354
3,UPFC_tsh,5-15,-0.2378113739765671,54,-0.23431126976982974,MAP_SCADA,25,0.0035001042067373533
4,UPFC_Vse,5-15,0.057130967663296575,54,0.06352137262246502,MAP_SCADA,25,0.006390404959168441
5,UPFC_tse,5-15,-2.12161004485105,54,-2.1889909910378806,MAP_SCADA,25,0.06738094618683066
0,x_tcsc,1-14,-0.1048808287150344,55,-0.10712355401333491,MAP_SCADA,25,0.0022427252983005103
1,B_svc,2,0.18023016762748467,55,0.17518321676031778,MAP_SCADA,25,0.005046950867166888
2,UPFC_Vsh,5-15,1.111015522773831,55,1.1060979056896427,MAP_SCADA,25,0.004917617084188253
3,UPFC_tsh,5-15,-0.2379659931537663,55,-0.23431126976982974,MAP_SCADA,25,0.003654723383936548
4,UPFC_Vse,5-15,0.05771664330509277,55,0.06352137262246502,MAP_SCADA,25,0.005804729317372248
5,UPFC_tse,5-15,-2.1190069084086782,55,-2.1889909910378806,MAP_SCADA,25,0.06998408262920242
0,x_tcsc,1-14,-0.10573173835744157,56,-0.10712355401333491,MAP_SCADA,25,0.0013918156558933442
1,B_svc,2,0.1817970034926586,56,0.17518321676031778,MAP_SCADA,25,0.0066137867323408095
2,UPFC_Vsh,5-15,1.111027770285367,56,1.1060979056896427,MAP_SCADA,25,0.004929864595724309
3,UPFC_tsh,5-15,-0.23812830497551066,56,-0.23431126976982974,MAP_SCADA,25,0.003817035205680913
4,UPFC_Vse,5-15,0.05736210880287201,56,0.06352137262246502,MAP_SCADA,25,0.00615926381959301
5,UPFC_tse,5-15,-2.1198983441293033,56,-2.1889909910378806,MAP_SCADA,25,0.0690926469085773
0,x_tcsc,1-14,-0.10709092763731871,57,-0.10712355401333491,MAP_SCADA,25,3.262637601619822e-05
1,B_svc,2,0.17484046073839904,57,0.17518321676031778,MAP_SCADA,25,0.0003427560219187442
2,UPFC_Vsh,5-15,1.1133469525661213,57,1.1060979056896427,MAP_SCADA,25,0.007249046876478538
3,UPFC_tsh,5-15,-0.23718555045047204,57,-0.23431126976982974,MAP_SCADA,25,0.0028742806806422994
4,UPFC_Vse,5-15,0.057613084439732426,57,0.06352137262246502,MAP_SCADA,25,0.005908288182732591
5,UPFC_tse,5-15,-2.1183658311697195,57,-2.1889909910378806,MAP_SCADA,25,0.07062515986816109
0,x_tcsc,1-14,-0.10714063314851686,58,-0.10712355401333491,MAP_SCADA,25,1.7079135181952143e-05
1,B_svc,2,0.17242772742543125,58,0.17518321676031778,MAP_SCADA,25,0.002755489334886535
2,UPFC_Vsh,5-15,1.1108335546560917,58,1.1060979056896427,MAP_SCADA,25,0.004735648966448958
3,UPFC_tsh,5-15,-0.23746284602796666,58,-0.23431126976982974,MAP_SCADA,25,0.0031515762581369178
4,UPFC_Vse,5-15,0.05689107134771026,58,0.06352137262246502,MAP_SCADA,25,0.006630301274754759
5,UPFC_tse,5-15,-2.122073449832775,58,-2.1889909910378806,MAP_SCADA,25,0.06691754120510574
0,x_tcsc,1-14,-0.10523444359924194,59,-0.10712355401333491,MAP_SCADA,25,0.0018891104140929676
1,B_svc,2,0.1793597647528677,59,0.17518321676031778,MAP_SCADA,25,0.004176547992549906
2,UPFC_Vsh,5-15,1.1107857115531186,59,1.1060979056896427,MAP_SCADA,25,0.004687805863475836
3,UPFC_tsh,5-15,-0.23789177797441755,59,-0.23431126976982974,MAP_SCADA,25,0.003580508204587801
4,UPFC_Vse,5-15,0.05768282997508247,59,0.06352137262246502,MAP_SCADA,25,0.0058385426473825455
5,UPFC_tse,5-15,-2.1181873406560845,59,-2.1889909910378806,MAP_SCADA,25,0.07080365038179615
0,x_tcsc,1-14,-0.10945176150756852,60,-0.10712355401333491,MAP_SCADA,25,0.002328207494233611
1,B_svc,2,0.16935793383633752,60,0.17518321676031778,MAP_SCADA,25,0.005825282923980268
2,UPFC_Vsh,5-15,1.1139613169432452,60,1.1060979056896427,MAP_SCADA,25,0.00786341125360246
3,UPFC_tsh,5-15,-0.23566920134996264,60,-0.23431126976982974,MAP_SCADA,25,0.0013579315801328928
4,UPFC_Vse,5-15,0.05720458411055312,60,0.06352137262246502,MAP_SCADA,25,0.0063167885119118986
5,UPFC_tse,5-15,-2.1149588358461378,60,-2.1889909910378806,MAP_SCADA,25,0.07403215519174289
0,x_tcsc,1-14,-0.10905522365335318,61,-0.10712355401333491,MAP_SCADA,25,0.0019316696400182715
1,B_svc,2,0.1703607647786208,61,0.17518321676031778,MAP_SCADA,25,0.004822451981696979
2,UPFC_Vsh,5-15,1.1130767083751107,61,1.1060979056896427,MAP_SCADA,25,0.006978802685468022
3,UPFC_tsh,5-15,-0.23544033055215907,61,-0.23431126976982974,MAP_SCADA,25,0.0011290607823293275
4,UPFC_Vse,5-15,0.057875494250938325,61,0.06352137262246502,MAP_SCADA,25,0.005645878371526691
5,UPFC_tse,5-15,-2.1204281948282167,61,-2.1889909910378806,MAP_SCADA,25,0.06856279620966399
0,x_tcsc,1-14,-0.10733114663304694,62,-0.10712355401333491,MAP_SCADA,25,0.00020759261971202425
1,B_svc,2,0.17367688990675537,62,0.17518321676031778,MAP_SCADA,25,0.0015063268535624175
2,UPFC_Vsh,5-15,1.1121862943112313,62,1.1060979056896427,MAP_SCADA,25,0.0060883886215885585
3,UPFC_tsh,5-15,-0.23622970029102125,62,-0.23431126976982974,MAP_SCADA,25,0.0019184305211915054
4,UPFC_Vse,5-15,0.057647980839804165,62,0.06352137262246502,MAP_SCADA,25,0.0058733917826608514
5,UPFC_tse,5-15,-2.1197384212927988,62,-2.1889909910378806,MAP_SCADA,25,0.06925256974508187
0,x_tcsc,1-14,-0.10940497005741741,63,-0.10712355401333491,MAP_SCADA,25,0.002281416044082496
1,B_svc,2,0.1726336661398208,63,0.17518321676031778,MAP_SCADA,25,0.002549550620496971
2,UPFC_Vsh,5-15,1.1087398307270746,63,1.1060979056896427,MAP_SCADA,25,0.0026419250374318803
3,UPFC_tsh,5-15,-0.2373871645118825,63,-0.23431126976982974,MAP_SCADA,25,0.0030758947420527483
4,UPFC_Vse,5-15,0.05776814794156133,63,0.06352137262246502,MAP_SCADA,25,0.005753224680903689
5,UPFC_tse,5-15,-2.121343863462053,63,-2.1889909910378806,MAP_SCADA,25,0.06764712757582769
0,x_tcsc,1-14,-0.1046949546236351,64,-0.10712355401333491,MAP_SCADA,25,0.0024285993896998176
1,B_svc,2,0.183445376860306,64,0.17518321676031778,MAP_SCADA,25,0.008262160099988203
2,UPFC_Vsh,5-15,1.1131989879091804,64,1.1060979056896427,MAP_SCADA,25,0.007101082219537647
3,UPFC_tsh,5-15,-0.23781862115688623,64,-0.23431126976982974,MAP_SCADA,25,0.00350735138705649
4,UPFC_Vse,5-15,0.05759710799066543,64,0.06352137262246502,MAP_SCADA,25,0.005924264631799583
5,UPFC_tse,5-15,-2.1232312397924127,64,-2.1889909910378806,MAP_SCADA,25,0.06575975124546796
0,x_tcsc,1-14,-0.10787113157761462,65,-0.10712355401333491,MAP_SCADA,25,0.0007475775642797056
1,B_svc,2,0.17266875712225543,65,0.17518321676031778,MAP_SCADA,25,0.0025144596380623496
2,UPFC_Vsh,5-15,1.112803249263745,65,1.1060979056896427,MAP_SCADA,25,0.0067053435741022405
3,UPFC_tsh,5-15,-0.23576020759578165,65,-0.23431126976982974,MAP_SCADA,25,0.0014489378259519015
4,UPFC_Vse,5-15,0.05738668038712711,65,0.06352137262246502,MAP_SCADA,25,0.006134692235337906
5,UPFC_tse,5-15,-2.117628484366634,65,-2.1889909910378806,MAP_SCADA,25,0.07136250667124644
0,x_tcsc,1-14,-0.10607910744277634,66,-0.10712355401333491,MAP_SCADA,25,0.001044446570558577
1,B_svc,2,0.1785011070050042,66,0.17518321676031778,MAP_SCADA,25,0.003317890244686428
2,UPFC_Vsh,5-15,1.1122669093630733,66,1.1060979056896427,MAP_SCADA,25,0.00616900367343054
3,UPFC_tsh,5-15,-0.2376299527673899,66,-0.23431126976982974,MAP_SCADA,25,0.003318682997560163
4,UPFC_Vse,5-15,0.0580228728162041,66,0.06352137262246502,MAP_SCADA,25,0.005498499806260916
5,UPFC_tse,5-15,-2.11588414783405,66,-2.1889909910378806,MAP_SCADA,25,0.07310684320383043
0,x_tcsc,1-14,-0.10464633199777319,67,-0.10712355401333491,MAP_SCADA,25,0.0024772220155617197
1,B_svc,2,0.1819534129198583,67,0.17518321676031778,MAP_SCADA,25,0.006770196159540526
2,UPFC_Vsh,5-15,1.1109878453087363,67,1.1060979056896427,MAP_SCADA,25,0.004889939619093564
3,UPFC_tsh,5-15,-0.23816703002760867,67,-0.23431126976982974,MAP_SCADA,25,0.003855760257778923
4,UPFC_Vse,5-15,0.0575155112696389,67,0.06352137262246502,MAP_SCADA,25,0.006005861352826117
5,UPFC_tse,5-15,-2.1243584023779603,67,-2.1889909910378806,MAP_SCADA,25,0.06463258865992039
0,x_tcsc,1-14,-0.1048884806969986,68,-0.10712355401333491,MAP_SCADA,25,0.0022350733163363085
1,B_svc,2,0.18233020135967012,68,0.17518321676031778,MAP_SCADA,25,0.007146984599352341
2,UPFC_Vsh,5-15,1.1126787375375116,68,1.1060979056896427,MAP_SCADA,25,0.00658083184786884
3,UPFC_tsh,5-15,-0.23729777185293432,68,-0.23431126976982974,MAP_SCADA,25,0.0029865020831045808
4,UPFC_Vse,5-15,0.057497301850630324,68,0.06352137262246502,MAP_SCADA,25,0.006024070771834693
5,UPFC_tse,5-15,-2.117353272936879,68,-2.1889909910378806,MAP_SCADA,25,0.07163771810100172
0,x_tcsc,1-14,-0.10890222542618458,69,-0.10712355401333491,MAP_SCADA,25,0.0017786714128496667
1,B_svc,2,0.16834420117020463,69,0.17518321676031778,MAP_SCADA,25,0.006839015590113157
2,UPFC_Vsh,5-15,1.1131104914482013,69,1.1060979056896427,MAP_SCADA,25,0.007012585758558565
3,UPFC_tsh,5-15,-0.23620664066360444,69,-0.23431126976982974,MAP_SCADA,25,0.0018953708937747005
4,UPFC_Vse,5-15,0.05712520081716381,69,0.06352137262246502,MAP_SCADA,25,0.006396171805301207
5,UPFC_tse,5-15,-2.116181775780159,69,-2.1889909910378806,MAP_SCADA,25,0.07280921525772177
0,x_tcsc,1-14,-0.10783954312107445,70,-0.10712355401333491,MAP_SCADA,25,0.0007159891077395397
1,B_svc,2,0.1738012616177895,70,0.17518321676031778,MAP_SCADA,25,0.001381955142528285
2,UPFC_Vsh,5-15,1.109946175601687,70,1.1060979056896427,MAP_SCADA,25,0.003848269912044344
3,UPFC_tsh,5-15,-0.2370955958356482,70,-0.23431126976982974,MAP_SCADA,25,0.0027843260658184654
4,UPFC_Vse,5-15,0.057627049096513644,70,0.06352137262246502,MAP_SCADA,25,0.005894323525951373
5,UPFC_tse,5-15,-2.1202167991094587,70,-2.1889909910378806,MAP_SCADA,25,0.06877419192842193
0,x_tcsc,1-14,-0.10534847168056283,71,-0.10712355401333491,MAP_SCADA,25,0.001775082332772085
1,B_svc,2,0.17955172099397773,71,0.17518321676031778,MAP_SCADA,25,0.004368504233659948
2,UPFC_Vsh,5-15,1.1117192574047965,71,1.1060979056896427,MAP_SCADA,25,0.005621351715153766
3,UPFC_tsh,5-15,-0.23820653589537907,71,-0.23431126976982974,MAP_SCADA,25,0.0038952661255493293
4,UPFC_Vse,5-15,0.05754757811938391,71,0.06352137262246502,MAP_SCADA,25,0.005973794503081109
5,UPFC_tse,5-15,-2.121658366823909,71,-2.1889909910378806,MAP_SCADA,25,0.06733262421397157
0,x_tcsc,1-14,-0.10742294616001442,72,-0.10712355401333491,MAP_SCADA,25,0.0002993921466795113
1,B_svc,2,0.17430469223433764,72,0.17518321676031778,MAP_SCADA,25,0.00087852452598014
2,UPFC_Vsh,5-15,1.1143541824961813,72,1.1060979056896427,MAP_SCADA,25,0.00825627680653862
3,UPFC_tsh,5-15,-0.23620451737193204,72,-0.23431126976982974,MAP_SCADA,25,0.0018932476021022993
4,UPFC_Vse,5-15,0.0572197988624672,72,0.06352137262246502,MAP_SCADA,25,0.0063015737599978194
5,UPFC_tse,5-15,-2.113452791129322,72,-2.1889909910378806,MAP_SCADA,25,0.07553819990855848
0,x_tcsc,1-14,-0.10922969344645563,73,-0.10712355401333491,MAP_SCADA,25,0.002106139433120713
1,B_svc,2,0.16525146255622622,73,0.17518321676031778,MAP_SCADA,25,0.009931754204091564
2,UPFC_Vsh,5-15,1.1134568370282656,73,1.1060979056896427,MAP_SCADA,25,0.007358931338622865
3,UPFC_tsh,5-15,-0.2356698992780358,73,-0.23431126976982974,MAP_SCADA,25,0.0013586295082060607
4,UPFC_Vse,5-15,0.05714227536138494,73,0.06352137262246502,MAP_SCADA,25,0.0063790972610800745
5,UPFC_tse,5-15,-2.119651091064688,73,-2.1889909910378806,MAP_SCADA,25,0.06933989997319268
0,x_tcsc,1-14,-0.10431792148953327,74,-0.10712355401333491,MAP_SCADA,25,0.0028056325238016433
1,B_svc,2,0.1811248064659187,74,0.17518321676031778,MAP_SCADA,25,0.005941589705600908
2,UPFC_Vsh,5-15,1.1099430822379803,74,1.1060979056896427,MAP_SCADA,25,0.0038451765483376033
3,UPFC_tsh,5-15,-0.23852746172805828,74,-0.23431126976982974,MAP_SCADA,25,0.004216191958228532
4,UPFC_Vse,5-15,0.05784374657307531,74,0.06352137262246502,MAP_SCADA,25,0.005677626049389706
5,UPFC_tse,5-15,-2.121425096913782,74,-2.1889909910378806,MAP_SCADA,25,0.06756589412409886
0,x_tcsc,1-14,-0.103353053211812,75,-0.10712355401333491,MAP_SCADA,25,0.0037705008015229136
1,B_svc,2,0.18807150083032478,75,0.17518321676031778,MAP_SCADA,25,0.012888284070007
2,UPFC_Vsh,5-15,1.1111700606315367,75,1.1060979056896427,MAP_SCADA,25,0.005072154941893947
3,UPFC_tsh,5-15,-0.2388301118941401,75,-0.23431126976982974,MAP_SCADA,25,0.004518842124310363
4,UPFC_Vse,5-15,0.057665588016663855,75,0.06352137262246502,MAP_SCADA,25,0.005855784605801162
5,UPFC_tse,5-15,-2.123561272171615,75,-2.1889909910378806,MAP_SCADA,25,0.06542971886626558
0,x_tcsc,1-14,-0.10893838338128896,76,-0.10712355401333491,MAP_SCADA,25,0.0018148293679540461
1,B_svc,2,0.17015960069209635,76,0.17518321676031778,MAP_SCADA,25,0.005023616068221437
2,UPFC_Vsh,5-15,1.1136347042650967,76,1.1060979056896427,MAP_SCADA,25,0.0075367985754539735
3,UPFC_tsh,5-15,-0.2356088372004739,76,-0.23431126976982974,MAP_SCADA,25,0.0012975674306441587
4,UPFC_Vse,5-15,0.05739174891156154,76,0.06352137262246502,MAP_SCADA,25,0.006129623710903476
5,UPFC_tse,5-15,-2.1131298745475315,76,-2.1889909910378806,MAP_SCADA,25,0.0758611164903491
0,x_tcsc,1-14,-0.10677148640328579,77,-0.10712355401333491,MAP_SCADA,25,0.0003520676100491199
1,B_svc,2,0.17490146294845868,77,0.17518321676031778,MAP_SCADA,25,0.0002817538118591034
2,UPFC_Vsh,5-15,1.1099104962836785,77,1.1060979056896427,MAP_SCADA,25,0.003812590594035825
3,UPFC_tsh,5-15,-0.2369514487516909,77,-0.23431126976982974,MAP_SCADA,25,0.0026401789818611687
4,UPFC_Vse,5-15,0.05773714951810732,77,0.06352137262246502,MAP_SCADA,25,0.005784223104357694
5,UPFC_tse,5-15,-2.1166647015932987,77,-2.1889909910378806,MAP_SCADA,25,0.07232628944458197
0,x_tcsc,1-14,-0.10924023694539466,78,-0.10712355401333491,MAP_SCADA,25,0.0021166829320597436
1,B_svc,2,0.17022007529560623,78,0.17518321676031778,MAP_SCADA,25,0.004963141464711551
2,UPFC_Vsh,5-15,1.1133807467142431,78,1.1060979056896427,MAP_SCADA,25,0.007282841024600417
3,UPFC_tsh,5-15,-0.23596645081338674,78,-0.23431126976982974,MAP_SCADA,25,0.001655181043556997
4,UPFC_Vse,5-15,0.05711119384068331,78,0.06352137262246502,MAP_SCADA,25,0.006410178781781704
5,UPFC_tse,5-15,-2.118052252316137,78,-2.1889909910378806,MAP_SCADA,25,0.07093873872174372
0,x_tcsc,1-14,-0.10743509187356443,79,-0.10712355401333491,MAP_SCADA,25,0.00031153786022951324
1,B_svc,2,0.17324594257769063,79,0.17518321676031778,MAP_SCADA,25,0.0019372741826271522
2,UPFC_Vsh,5-15,1.108719981361768,79,1.1060979056896427,MAP_SCADA,25,0.002622075672125357
3,UPFC_tsh,5-15,-0.23807533379593204,79,-0.23431126976982974,MAP_SCADA,25,0.0037640640261022984
4,UPFC_Vse,5-15,0.05754558435882357,79,0.06352137262246502,MAP_SCADA,25,0.005975788263641445
5,UPFC_tse,5-15,-2.119357535515237,79,-2.1889909910378806,MAP_SCADA,25,0.06963345552264366
0,x_tcsc,1-14,-0.107329286458181,80,-0.10712355401333491,MAP_SCADA,25,0.00020573244484609066
1,B_svc,2,0.17772680523582715,80,0.17518321676031778,MAP_SCADA,25,0.0025435884755093674
2,UPFC_Vsh,5-15,1.1115344080452432,80,1.1060979056896427,MAP_SCADA,25,0.005436502355600448
3,UPFC_tsh,5-15,-0.23749761612930478,80,-0.23431126976982974,MAP_SCADA,25,0.0031863463594750396
4,UPFC_Vse,5-15,0.05787973421424841,80,0.06352137262246502,MAP_SCADA,25,0.005641638408216604
5,UPFC_tse,5-15,-2.11619148161768,80,-2.1889909910378806,MAP_SCADA,25,0.07279950942020053
0,x_tcsc,1-14,-0.10845470603263258,81,-0.10712355401333491,MAP_SCADA,25,0.0013311520192976628
1,B_svc,2,0.17185062316901872,81,0.17518321676031778,MAP_SCADA,25,0.00333259359129906
2,UPFC_Vsh,5-15,1.1136041315982959,81,1.1060979056896427,MAP_SCADA,25,0.00750622590865313
3,UPFC_tsh,5-15,-0.2352518795033683,81,-0.23431126976982974,MAP_SCADA,25,0.0009406097335385444
4,UPFC_Vse,5-15,0.0565316838469432,81,0.06352137262246502,MAP_SCADA,25,0.006989688775521814
5,UPFC_tse,5-15,-2.121089216774669,81,-2.1889909910378806,MAP_SCADA,25,0.06790177426321176
0,x_tcsc,1-14,-0.10728363738035555,82,-0.10712355401333491,MAP_SCADA,25,0.0001600833670206414
1,B_svc,2,0.17660953080738076,82,0.17518321676031778,MAP_SCADA,25,0.0014263140470629765
2,UPFC_Vsh,5-15,1.1133363796913327,82,1.1060979056896427,MAP_SCADA,25,0.007238474001689976
3,UPFC_tsh,5-15,-0.23557723587673135,82,-0.23431126976982974,MAP_SCADA,25,0.001265966106901606
4,UPFC_Vse,5-15,0.057052670988737716,82,0.06352137262246502,MAP_SCADA,25,0.0064687016337273
5,UPFC_tse,5-15,-2.1125245344276045,82,-2.1889909910378806,MAP_SCADA,25,0.07646645661027618
0,x_tcsc,1-14,-0.10704909661563972,83,-0.10712355401333491,MAP_SCADA,25,7.445739769519621e-05
1,B_svc,2,0.17439535340915538,83,0.17518321676031778,MAP_SCADA,25,0.0007878633511624045
2,UPFC_Vsh,5-15,1.1138189432401893,83,1.1060979056896427,MAP_SCADA,25,0.007721037550546539
3,UPFC_tsh,5-15,-0.23591608576235498,83,-0.23431126976982974,MAP_SCADA,25,0.001604815992525238
4,UPFC_Vse,5-15,0.05755680394915602,83,0.06352137262246502,MAP_SCADA,25,0.005964568673308995
5,UPFC_tse,5-15,-2.1157134403197753,83,-2.1889909910378806,MAP_SCADA,25,0.07327755071810538
0,x_tcsc,1-14,-0.10676170257170853,84,-0.10712355401333491,MAP_SCADA,25,0.0003618514416263846
1,B_svc,2,0.17690582416355186,84,0.17518321676031778,MAP_SCADA,25,0.0017226074032340721
2,UPFC_Vsh,5-15,1.1119187557480708,84,1.1060979056896427,MAP_SCADA,25,0.005820850058428029
3,UPFC_tsh,5-15,-0.23693835217805137,84,-0.23431126976982974,MAP_SCADA,25,0.002627082408221626
4,UPFC_Vse,5-15,0.05779647132148402,84,0.06352137262246502,MAP_SCADA,25,0.005724901300980995
5,UPFC_tse,5-15,-2.119832423144779,84,-2.1889909910378806,MAP_SCADA,25,0.06915856789310171
0,x_tcsc,1-14,-0.10433107499372325,85,-0.10712355401333491,MAP_SCADA,25,0.00279247901961166
1,B_svc,2,0.18503884107302948,85,0.17518321676031778,MAP_SCADA,25,0.009855624312711697
2,UPFC_Vsh,5-15,1.1096490244908552,85,1.1060979056896427,MAP_SCADA,25,0.003551118801212505
3,UPFC_tsh,5-15,-0.23908337904595656,85,-0.23431126976982974,MAP_SCADA,25,0.0047721092761268125
4,UPFC_Vse,5-15,0.057711255599064704,85,0.06352137262246502,MAP_SCADA,25,0.005810117023400313
5,UPFC_tse,5-15,-2.121862773911793,85,-2.1889909910378806,MAP_SCADA,25,0.06712821712608763
0,x_tcsc,1-14,-0.10627085253489142,86,-0.10712355401333491,MAP_SCADA,25,0.0008527014784434905
1,B_svc,2,0.177950381895317,86,0.17518321676031778,MAP_SCADA,25,0.002767165134999222
2,UPFC_Vsh,5-15,1.1115180763241355,86,1.1060979056896427,MAP_SCADA,25,0.005420170634492738
3,UPFC_tsh,5-15,-0.23679857101651225,86,-0.23431126976982974,MAP_SCADA,25,0.002487301246682505
4,UPFC_Vse,5-15,0.057956856977195124,86,0.06352137262246502,MAP_SCADA,25,0.005564515645269892
5,UPFC_tse,5-15,-2.1201205352270294,86,-2.1889909910378806,MAP_SCADA,25,0.06887045581085127
0,x_tcsc,1-14,-0.10651687940064776,87,-0.10712355401333491,MAP_SCADA,25,0.0006066746126871525
1,B_svc,2,0.18254309035161495,87,0.17518321676031778,MAP_SCADA,25,0.007359873591297167
2,UPFC_Vsh,5-15,1.1098899213950526,87,1.1060979056896427,MAP_SCADA,25,0.003792015705409879
3,UPFC_tsh,5-15,-0.23761277738038303,87,-0.23431126976982974,MAP_SCADA,25,0.0033015076105532837
4,UPFC_Vse,5-15,0.0574593173937414,87,0.06352137262246502,MAP_SCADA,25,0.006062055228723613
5,UPFC_tse,5-15,-2.121138093764339,87,-2.1889909910378806,MAP_SCADA,25,0.06785289727354149
0,x_tcsc,1-14,-0.1056307771781821,88,-0.10712355401333491,MAP_SCADA,25,0.0014927768351528092
1,B_svc,2,0.1824884266434068,88,0.17518321676031778,MAP_SCADA,25,0.0073052098830890255
2,UPFC_Vsh,5-15,1.1101963057729272,88,1.1060979056896427,MAP_SCADA,25,0.004098400083284437
3,UPFC_tsh,5-15,-0.23763002628571525,88,-0.23431126976982974,MAP_SCADA,25,0.003318756515885507
4,UPFC_Vse,5-15,0.05706675078108499,88,0.06352137262246502,MAP_SCADA,25,0.006454621841380029
5,UPFC_tse,5-15,-2.1196074179549385,88,-2.1889909910378806,MAP_SCADA,25,0.06938357308294218
0,x_tcsc,1-14,-0.1068650757269267,89,-0.10712355401333491,MAP_SCADA,25,0.00025847828640820913
1,B_svc,2,0.17718067164134646,89,0.17518321676031778,MAP_SCADA,25,0.0019974548810286763
2,UPFC_Vsh,5-15,1.1127660092473064,89,1.1060979056896427,MAP_SCADA,25,0.006668103557663674
3,UPFC_tsh,5-15,-0.2373073844773539,89,-0.23431126976982974,MAP_SCADA,25,0.0029961147075241445
4,UPFC_Vse,5-15,0.05689366350326791,89,0.06352137262246502,MAP_SCADA,25,0.006627709119197106
5,UPFC_tse,5-15,-2.117896080173778,89,-2.1889909910378806,MAP_SCADA,25,0.0710949108641028
0,x_tcsc,1-14,-0.10699046471291579,90,-0.10712355401333491,MAP_SCADA,25,0.00013308930041912304
1,B_svc,2,0.17719256344522044,90,0.17518321676031778,MAP_SCADA,25,0.0020093466849026576
2,UPFC_Vsh,5-15,1.109052539356643,90,1.1060979056896427,MAP_SCADA,25,0.002954633667000328
3,UPFC_tsh,5-15,-0.23785065622494828,90,-0.23431126976982974,MAP_SCADA,25,0.0035393864551185317
4,UPFC_Vse,5-15,0.05830466828765745,90,0.06352137262246502,MAP_SCADA,25,0.005216704334807566
5,UPFC_tse,5-15,-2.120107730975188,90,-2.1889909910378806,MAP_SCADA,25,0.06888326006269274
0,x_tcsc,1-14,-0.10506074381709783,91,-0.10712355401333491,MAP_SCADA,25,0.0020628101962370804
1,B_svc,2,0.18563134723275895,91,0.17518321676031778,MAP_SCADA,25,0.01044813047244117
2,UPFC_Vsh,5-15,1.107344280444785,91,1.1060979056896427,MAP_SCADA,25,0.001246374755142332
3,UPFC_tsh,5-15,-0.24009200989541232,91,-0.23431126976982974,MAP_SCADA,25,0.0057807401255825785
4,UPFC_Vse,5-15,0.05745016323994678,91,0.06352137262246502,MAP_SCADA,25,0.006071209382518233
5,UPFC_tse,5-15,-2.129716491830026,91,-2.1889909910378806,MAP_SCADA,25,0.059274499207854436
0,x_tcsc,1-14,-0.10843316130367997,92,-0.10712355401333491,MAP_SCADA,25,0.0013096072903450579
1,B_svc,2,0.171724517507776,92,0.17518321676031778,MAP_SCADA,25,0.003458699252541775
2,UPFC_Vsh,5-15,1.1124955617280345,92,1.1060979056896427,MAP_SCADA,25,0.006397656038391819
3,UPFC_tsh,5-15,-0.23592061914407508,92,-0.23431126976982974,MAP_SCADA,25,0.001609349374245339
4,UPFC_Vse,5-15,0.05764937454389893,92,0.06352137262246502,MAP_SCADA,25,0.0058719980785660875
5,UPFC_tse,5-15,-2.115887173504994,92,-2.1889909910378806,MAP_SCADA,25,0.07310381753288686
0,x_tcsc,1-14,-0.10527819592613752,93,-0.10712355401333491,MAP_SCADA,25,0.0018453580871973935
1,B_svc,2,0.18394801974922592,93,0.17518321676031778,MAP_SCADA,25,0.008764802988908138
2,UPFC_Vsh,5-15,1.1121927994121752,93,1.1060979056896427,MAP_SCADA,25,0.006094893722532468
3,UPFC_tsh,5-15,-0.23767845269493082,93,-0.23431126976982974,MAP_SCADA,25,0.0033671829251010754
4,UPFC_Vse,5-15,0.05811935876557973,93,0.06352137262246502,MAP_SCADA,25,0.005402013856885289
5,UPFC_tse,5-15,-2.1160067421541595,93,-2.1889909910378806,MAP_SCADA,25,0.07298424888372113
0,x_tcsc,1-14,-0.10848267666552323,94,-0.10712355401333491,MAP_SCADA,25,0.0013591226521883215
1,B_svc,2,0.17129404864009537,94,0.17518321676031778,MAP_SCADA,25,0.0038891681202224138
2,UPFC_Vsh,5-15,1.1113930301542858,94,1.1060979056896427,MAP_SCADA,25,0.005295124464643086
3,UPFC_tsh,5-15,-0.2362084475764398,94,-0.23431126976982974,MAP_SCADA,25,0.0018971778066100564
4,UPFC_Vse,5-15,0.057179680241642564,94,0.06352137262246502,MAP_SCADA,25,0.006341692380822453
5,UPFC_tse,5-15,-2.117519973685605,94,-2.1889909910378806,MAP_SCADA,25,0.07147101735227546
0,x_tcsc,1-14,-0.10609612643226632,95,-0.10712355401333491,MAP_SCADA,25,0.0010274275810685934
1,B_svc,2,0.18034927342603962,95,0.17518321676031778,MAP_SCADA,25,0.005166056665721841
2,UPFC_Vsh,5-15,1.1081572271684876,95,1.1060979056896427,MAP_SCADA,25,0.002059321478844911
3,UPFC_tsh,5-15,-0.23896856849243206,95,-0.23431126976982974,MAP_SCADA,25,0.0046572987226023155
4,UPFC_Vse,5-15,0.05827706701732483,95,0.06352137262246502,MAP_SCADA,25,0.005244305605140186
5,UPFC_tse,5-15,-2.1231450659637763,95,-2.1889909910378806,MAP_SCADA,25,0.06584592507410436
0,x_tcsc,1-14,-0.11072494674634924,96,-0.10712355401333491,MAP_SCADA,25,0.0036013927330143247
1,B_svc,2,0.16382259331556495,96,0.17518321676031778,MAP_SCADA,25,0.011360623444752832
2,UPFC_Vsh,5-15,1.1131482719824068,96,1.1060979056896427,MAP_SCADA,25,0.007050366292764121
3,UPFC_tsh,5-15,-0.23519080502005715,96,-0.23431126976982974,MAP_SCADA,25,0.000879535250227409
4,UPFC_Vse,5-15,0.057372158170830606,96,0.06352137262246502,MAP_SCADA,25,0.0061492144516344105
5,UPFC_tse,5-15,-2.1161767640182254,96,-2.1889909910378806,MAP_SCADA,25,0.07281422701965523
0,x_tcsc,1-14,-0.10717201549915735,97,-0.10712355401333491,MAP_SCADA,25,4.846148582243748e-05
1,B_svc,2,0.17993119020529763,97,0.17518321676031778,MAP_SCADA,25,0.004747973444979847
2,UPFC_Vsh,5-15,1.1113859768397536,97,1.1060979056896427,MAP_SCADA,25,0.0052880711501108735
3,UPFC_tsh,5-15,-0.23733175664322106,97,-0.23431126976982974,MAP_SCADA,25,0.0030204868733913204
4,UPFC_Vse,5-15,0.05756112498967703,97,0.06352137262246502,MAP_SCADA,25,0.005960247632787984
5,UPFC_tse,5-15,-2.1183860517395594,97,-2.1889909910378806,MAP_SCADA,25,0.07060493929832123
0,x_tcsc,1-14,-0.10794320493711781,98,-0.10712355401333491,MAP_SCADA,25,0.0008196509237829025
1,B_svc,2,0.17594575429682419,98,0.17518321676031778,MAP_SCADA,25,0.0007625375365064024
2,UPFC_Vsh,5-15,1.1139945785284209,98,1.1060979056896427,MAP_SCADA,25,0.007896672838778152
3,UPFC_tsh,5-15,-0.23616473699877685,98,-0.23431126976982974,MAP_SCADA,25,0.0018534672289471088
4,UPFC_Vse,5-15,0.057481413833521275,98,0.06352137262246502,MAP_SCADA,25,0.006039958788943742
5,UPFC_tse,5-15,-2.1167090690392265,98,-2.1889909910378806,MAP_SCADA,25,0.07228192199865413
0,x_tcsc,1-14,-0.10549981687781415,99,-0.10712355401333491,MAP_SCADA,25,0.0016237371355207614
1,B_svc,2,0.18435980766770546,99,0.17518321676031778,MAP_SCADA,25,0.009176590907387677
2,UPFC_Vsh,5-15,1.110605632781286,99,1.1060979056896427,MAP_SCADA,25,0.0045077270916433765
3,UPFC_tsh,5-15,-0.23879532010179283,99,-0.23431126976982974,MAP_SCADA,25,0.004484050331963085
4,UPFC_Vse,5-15,0.0585592895290129,99,0.06352137262246502,MAP_SCADA,25,0.004962083093452113
5,UPFC_tse,5-15,-2.120240844202484,99,-2.1889909910378806,MAP_SCADA,25,0.06875014683539682
0,x_tcsc,1-14,-0.10671143253086024,0,-0.10313647098139568,MAP_SCADA,27,0.0035749615494645587
1,B_svc,2,0.17853734538277877,0,0.17010786747234868,MAP_SCADA,27,0.008429477910430083
2,UPFC_Vsh,5-15,1.1109207789140585,0,1.1079187611445198,MAP_SCADA,27,0.0030020177695386785
3,UPFC_tsh,5-15,-0.23731745143979585,0,-0.2383354064631268,MAP_SCADA,27,0.0010179550233309353
4,UPFC_Vse,5-15,0.05763375636709128,0,0.06342614165105752,MAP_SCADA,27,0.0057923852839662365
5,UPFC_tse,5-15,-2.121116529035107,0,-2.1915440342773853,MAP_SCADA,27,0.07042750524227825
0,x_tcsc,1-14,-0.10884679222871829,1,-0.10313647098139568,MAP_SCADA,27,0.005710321247322611
1,B_svc,2,0.17210654984970408,1,0.17010786747234868,MAP_SCADA,27,0.0019986823773553986
2,UPFC_Vsh,5-15,1.1125691339351063,1,1.1079187611445198,MAP_SCADA,27,0.004650372790586443
3,UPFC_tsh,5-15,-0.23614062783557177,1,-0.2383354064631268,MAP_SCADA,27,0.0021947786275550163
4,UPFC_Vse,5-15,0.05726992650712081,1,0.06342614165105752,MAP_SCADA,27,0.006156215143936709
5,UPFC_tse,5-15,-2.114605669181904,1,-2.1915440342773853,MAP_SCADA,27,0.07693836509548113
0,x_tcsc,1-14,-0.106438597648498,2,-0.10313647098139568,MAP_SCADA,27,0.0033021266671023203
1,B_svc,2,0.17900573324605812,2,0.17010786747234868,MAP_SCADA,27,0.008897865773709435
2,UPFC_Vsh,5-15,1.110557377207309,2,1.1079187611445198,MAP_SCADA,27,0.0026386160627891453
3,UPFC_tsh,5-15,-0.23791607483260863,2,-0.2383354064631268,MAP_SCADA,27,0.00041933163051816047
4,UPFC_Vse,5-15,0.05782458523939781,2,0.06342614165105752,MAP_SCADA,27,0.005601556411659707
5,UPFC_tse,5-15,-2.121047690115321,2,-2.1915440342773853,MAP_SCADA,27,0.07049634416206452
0,x_tcsc,1-14,-0.1082485724483868,3,-0.10313647098139568,MAP_SCADA,27,0.00511210146699112
1,B_svc,2,0.17084799387894223,3,0.17010786747234868,MAP_SCADA,27,0.0007401264065935442
2,UPFC_Vsh,5-15,1.1133073606530108,3,1.1079187611445198,MAP_SCADA,27,0.005388599508491021
3,UPFC_tsh,5-15,-0.2352148361230751,3,-0.2383354064631268,MAP_SCADA,27,0.003120570340051698
4,UPFC_Vse,5-15,0.05744203276710792,3,0.06342614165105752,MAP_SCADA,27,0.005984108883949596
5,UPFC_tse,5-15,-2.1187469994643453,3,-2.1915440342773853,MAP_SCADA,27,0.07279703481304
0,x_tcsc,1-14,-0.10589216153963375,4,-0.10313647098139568,MAP_SCADA,27,0.002755690558238072
1,B_svc,2,0.18057721027425636,4,0.17010786747234868,MAP_SCADA,27,0.010469342801907672
2,UPFC_Vsh,5-15,1.1090639373079867,4,1.1079187611445198,MAP_SCADA,27,0.0011451761634668767
3,UPFC_tsh,5-15,-0.23901694259159015,4,-0.2383354064631268,MAP_SCADA,27,0.0006815361284633614
4,UPFC_Vse,5-15,0.057420897493637865,4,0.06342614165105752,MAP_SCADA,27,0.0060052441574196536
5,UPFC_tse,5-15,-2.1217880216245173,4,-2.1915440342773853,MAP_SCADA,27,0.06975601265286802
0,x_tcsc,1-14,-0.10962718592320896,5,-0.10313647098139568,MAP_SCADA,27,0.006490714941813275
1,B_svc,2,0.16734710763118957,5,0.17010786747234868,MAP_SCADA,27,0.002760759841159116
2,UPFC_Vsh,5-15,1.113238663056068,5,1.1079187611445198,MAP_SCADA,27,0.005319901911548186
3,UPFC_tsh,5-15,-0.2353712142411416,5,-0.2383354064631268,MAP_SCADA,27,0.0029641922219851846
4,UPFC_Vse,5-15,0.05765870072751411,5,0.06342614165105752,MAP_SCADA,27,0.005767440923543407
5,UPFC_tse,5-15,-2.116604966915444,5,-2.1915440342773853,MAP_SCADA,27,0.07493906736194145
0,x_tcsc,1-14,-0.1072394089863974,6,-0.10313647098139568,MAP_SCADA,27,0.004102938005001722
1,B_svc,2,0.17505832381110656,6,0.17010786747234868,MAP_SCADA,27,0.004950456338757875
2,UPFC_Vsh,5-15,1.1134733590139796,6,1.1079187611445198,MAP_SCADA,27,0.005554597869459776
3,UPFC_tsh,5-15,-0.23630289751870623,6,-0.2383354064631268,MAP_SCADA,27,0.002032508944420558
4,UPFC_Vse,5-15,0.057209379708297675,6,0.06342614165105752,MAP_SCADA,27,0.006216761942759844
5,UPFC_tse,5-15,-2.118697070191822,6,-2.1915440342773853,MAP_SCADA,27,0.07284696408556313
0,x_tcsc,1-14,-0.106904312225471,7,-0.10313647098139568,MAP_SCADA,27,0.0037678412440753234
1,B_svc,2,0.17859066157689701,7,0.17010786747234868,MAP_SCADA,27,0.00848279410454833
2,UPFC_Vsh,5-15,1.1115241542852348,7,1.1079187611445198,MAP_SCADA,27,0.003605393140714952
3,UPFC_tsh,5-15,-0.23696277691500586,7,-0.2383354064631268,MAP_SCADA,27,0.0013726295481209239
4,UPFC_Vse,5-15,0.05719135020998187,7,0.06342614165105752,MAP_SCADA,27,0.006234791441075652
5,UPFC_tse,5-15,-2.120352712191659,7,-2.1915440342773853,MAP_SCADA,27,0.07119132208572632
0,x_tcsc,1-14,-0.10584256465175358,8,-0.10313647098139568,MAP_SCADA,27,0.002706093670357901
1,B_svc,2,0.17957565213745705,8,0.17010786747234868,MAP_SCADA,27,0.009467784665108364
2,UPFC_Vsh,5-15,1.1114213514564535,8,1.1079187611445198,MAP_SCADA,27,0.003502590311933673
3,UPFC_tsh,5-15,-0.23804470709609643,8,-0.2383354064631268,MAP_SCADA,27,0.0002906993670303559
4,UPFC_Vse,5-15,0.05767086577863096,8,0.06342614165105752,MAP_SCADA,27,0.005755275872426559
5,UPFC_tse,5-15,-2.1195907835996595,8,-2.1915440342773853,MAP_SCADA,27,0.07195325067772584
0,x_tcsc,1-14,-0.10784650785057542,9,-0.10313647098139568,MAP_SCADA,27,0.004710036869179743
1,B_svc,2,0.17403306430088125,9,0.17010786747234868,MAP_SCADA,27,0.003925196828532568
2,UPFC_Vsh,5-15,1.1136591443971575,9,1.1079187611445198,MAP_SCADA,27,0.005740383252637704
3,UPFC_tsh,5-15,-0.23540412352425605,9,-0.2383354064631268,MAP_SCADA,27,0.0029312829388707384
4,UPFC_Vse,5-15,0.05764721708836011,9,0.06342614165105752,MAP_SCADA,27,0.005778924562697407
5,UPFC_tse,5-15,-2.1166377891830908,9,-2.1915440342773853,MAP_SCADA,27,0.07490624509429455
0,x_tcsc,1-14,-0.10843919964143052,10,-0.10313647098139568,MAP_SCADA,27,0.005302728660034839
1,B_svc,2,0.1733415956284689,10,0.17010786747234868,MAP_SCADA,27,0.003233728156120219
2,UPFC_Vsh,5-15,1.1120251269562094,10,1.1079187611445198,MAP_SCADA,27,0.00410636581168955
3,UPFC_tsh,5-15,-0.23596809646704503,10,-0.2383354064631268,MAP_SCADA,27,0.0023673099960817567
4,UPFC_Vse,5-15,0.0564854939523338,10,0.06342614165105752,MAP_SCADA,27,0.006940647698723719
5,UPFC_tse,5-15,-2.1208915776861685,10,-2.1915440342773853,MAP_SCADA,27,0.07065245659121677
0,x_tcsc,1-14,-0.10717114851830077,11,-0.10313647098139568,MAP_SCADA,27,0.00403467753690509
1,B_svc,2,0.17747026057926507,11,0.17010786747234868,MAP_SCADA,27,0.007362393106916387
2,UPFC_Vsh,5-15,1.1124363488801543,11,1.1079187611445198,MAP_SCADA,27,0.004517587735634487
3,UPFC_tsh,5-15,-0.23632852993489933,11,-0.2383354064631268,MAP_SCADA,27,0.0020068765282274525
4,UPFC_Vse,5-15,0.05659742194993677,11,0.06342614165105752,MAP_SCADA,27,0.006828719701120749
5,UPFC_tse,5-15,-2.1197408115722536,11,-2.1915440342773853,MAP_SCADA,27,0.07180322270513173
0,x_tcsc,1-14,-0.10802946345880032,12,-0.10313647098139568,MAP_SCADA,27,0.004892992477404642
1,B_svc,2,0.17281276942429238,12,0.17010786747234868,MAP_SCADA,27,0.0027049019519437
2,UPFC_Vsh,5-15,1.1130757120421997,12,1.1079187611445198,MAP_SCADA,27,0.005156950897679868
3,UPFC_tsh,5-15,-0.23632368050223404,12,-0.2383354064631268,MAP_SCADA,27,0.0020117259608927462
4,UPFC_Vse,5-15,0.057571961367978236,12,0.06342614165105752,MAP_SCADA,27,0.005854180283079283
5,UPFC_tse,5-15,-2.1157178822797733,12,-2.1915440342773853,MAP_SCADA,27,0.075826151997612
0,x_tcsc,1-14,-0.10570316958983077,13,-0.10313647098139568,MAP_SCADA,27,0.0025666986084350862
1,B_svc,2,0.18249973312876458,13,0.17010786747234868,MAP_SCADA,27,0.012391865656415896
2,UPFC_Vsh,5-15,1.1131296050156416,13,1.1079187611445198,MAP_SCADA,27,0.005210843871121806
3,UPFC_tsh,5-15,-0.23783442634788132,13,-0.2383354064631268,MAP_SCADA,27,0.000500980115245464
4,UPFC_Vse,5-15,0.056484936983598154,13,0.06342614165105752,MAP_SCADA,27,0.006941204667459365
5,UPFC_tse,5-15,-2.115261398749947,13,-2.1915440342773853,MAP_SCADA,27,0.07628263552743819
0,x_tcsc,1-14,-0.10694923876760283,14,-0.10313647098139568,MAP_SCADA,27,0.0038127677862071496
1,B_svc,2,0.1769041692493913,14,0.17010786747234868,MAP_SCADA,27,0.006796301777042629
2,UPFC_Vsh,5-15,1.1121526642391235,14,1.1079187611445198,MAP_SCADA,27,0.004233903094603697
3,UPFC_tsh,5-15,-0.2370323619370798,14,-0.2383354064631268,MAP_SCADA,27,0.001303044526046987
4,UPFC_Vse,5-15,0.057139654468352036,14,0.06342614165105752,MAP_SCADA,27,0.006286487182705483
5,UPFC_tse,5-15,-2.1194773532602125,14,-2.1915440342773853,MAP_SCADA,27,0.07206668101717284
0,x_tcsc,1-14,-0.10869855072993599,15,-0.10313647098139568,MAP_SCADA,27,0.005562079748540311
1,B_svc,2,0.1722439116589828,15,0.17010786747234868,MAP_SCADA,27,0.0021360441866341284
2,UPFC_Vsh,5-15,1.1123269308828758,15,1.1079187611445198,MAP_SCADA,27,0.004408169738356005
3,UPFC_tsh,5-15,-0.23591736677432862,15,-0.2383354064631268,MAP_SCADA,27,0.002418039688798168
4,UPFC_Vse,5-15,0.05746552861625833,15,0.06342614165105752,MAP_SCADA,27,0.005960613034799188
5,UPFC_tse,5-15,-2.114336762711501,15,-2.1915440342773853,MAP_SCADA,27,0.07720727156588447
0,x_tcsc,1-14,-0.10723509198330802,16,-0.10313647098139568,MAP_SCADA,27,0.004098621001912342
1,B_svc,2,0.17398967179522495,16,0.17010786747234868,MAP_SCADA,27,0.00388180432287627
2,UPFC_Vsh,5-15,1.1110458587351355,16,1.1079187611445198,MAP_SCADA,27,0.0031270975906156906
3,UPFC_tsh,5-15,-0.23700163214610448,16,-0.2383354064631268,MAP_SCADA,27,0.001333774317022307
4,UPFC_Vse,5-15,0.05741412427159274,16,0.06342614165105752,MAP_SCADA,27,0.0060120173794647805
5,UPFC_tse,5-15,-2.115454248723215,16,-2.1915440342773853,MAP_SCADA,27,0.07608978555417023
0,x_tcsc,1-14,-0.11066622826773613,17,-0.10313647098139568,MAP_SCADA,27,0.007529757286340449
1,B_svc,2,0.17213545326446683,17,0.17010786747234868,MAP_SCADA,27,0.0020275857921181473
2,UPFC_Vsh,5-15,1.1101691119931705,17,1.1079187611445198,MAP_SCADA,27,0.002250350848650662
3,UPFC_tsh,5-15,-0.23638238289548702,17,-0.2383354064631268,MAP_SCADA,27,0.0019530235676397667
4,UPFC_Vse,5-15,0.05704571524866088,17,0.06342614165105752,MAP_SCADA,27,0.006380426402396638
5,UPFC_tse,5-15,-2.1255108704267474,17,-2.1915440342773853,MAP_SCADA,27,0.06603316385063795
0,x_tcsc,1-14,-0.10647726198792858,18,-0.10313647098139568,MAP_SCADA,27,0.003340791006532895
1,B_svc,2,0.17890991783106908,18,0.17010786747234868,MAP_SCADA,27,0.008802050358720392
2,UPFC_Vsh,5-15,1.1113916813722353,18,1.1079187611445198,MAP_SCADA,27,0.0034729202277155036
3,UPFC_tsh,5-15,-0.23750430204608403,18,-0.2383354064631268,MAP_SCADA,27,0.0008311044170427606
4,UPFC_Vse,5-15,0.0579754917237041,18,0.06342614165105752,MAP_SCADA,27,0.005450649927353418
5,UPFC_tse,5-15,-2.1210878076752175,18,-2.1915440342773853,MAP_SCADA,27,0.07045622660216777
0,x_tcsc,1-14,-0.10880064867843024,19,-0.10313647098139568,MAP_SCADA,27,0.005664177697034561
1,B_svc,2,0.17236500079037237,19,0.17010786747234868,MAP_SCADA,27,0.0022571333180236852
2,UPFC_Vsh,5-15,1.112334763295601,19,1.1079187611445198,MAP_SCADA,27,0.004416002151081289
3,UPFC_tsh,5-15,-0.23575835468156742,19,-0.2383354064631268,MAP_SCADA,27,0.0025770517815593696
4,UPFC_Vse,5-15,0.057420643843725014,19,0.06342614165105752,MAP_SCADA,27,0.006005497807332505
5,UPFC_tse,5-15,-2.1197007787621494,19,-2.1915440342773853,MAP_SCADA,27,0.07184325551523596
0,x_tcsc,1-14,-0.10681796471203604,20,-0.10313647098139568,MAP_SCADA,27,0.0036814937306403617
1,B_svc,2,0.17723798368864258,20,0.17010786747234868,MAP_SCADA,27,0.007130116216293891
2,UPFC_Vsh,5-15,1.110328466941185,20,1.1079187611445198,MAP_SCADA,27,0.002409705796665218
3,UPFC_tsh,5-15,-0.2373060069040069,20,-0.2383354064631268,MAP_SCADA,27,0.0010293995591198757
4,UPFC_Vse,5-15,0.05749209778155573,20,0.06342614165105752,MAP_SCADA,27,0.00593404386950179
5,UPFC_tse,5-15,-2.121057456966522,20,-2.1915440342773853,MAP_SCADA,27,0.07048657731086339
0,x_tcsc,1-14,-0.10640127987977131,21,-0.10313647098139568,MAP_SCADA,27,0.003264808898375632
1,B_svc,2,0.17706400553147694,21,0.17010786747234868,MAP_SCADA,27,0.0069561380591282584
2,UPFC_Vsh,5-15,1.1123414247957542,21,1.1079187611445198,MAP_SCADA,27,0.004422663651234338
3,UPFC_tsh,5-15,-0.23706487343632154,21,-0.2383354064631268,MAP_SCADA,27,0.0012705330268052428
4,UPFC_Vse,5-15,0.05804808066265128,21,0.06342614165105752,MAP_SCADA,27,0.005378060988406236
5,UPFC_tse,5-15,-2.1199889860303824,21,-2.1915440342773853,MAP_SCADA,27,0.07155504824700287
0,x_tcsc,1-14,-0.1076874287003709,22,-0.10313647098139568,MAP_SCADA,27,0.004550957718975221
1,B_svc,2,0.17814371796425674,22,0.17010786747234868,MAP_SCADA,27,0.008035850491908053
2,UPFC_Vsh,5-15,1.1100397041732075,22,1.1079187611445198,MAP_SCADA,27,0.002120943028687705
3,UPFC_tsh,5-15,-0.2373992929814906,22,-0.2383354064631268,MAP_SCADA,27,0.0009361134816361916
4,UPFC_Vse,5-15,0.05746102628000953,22,0.06342614165105752,MAP_SCADA,27,0.005965115371047991
5,UPFC_tse,5-15,-2.1138228571779285,22,-2.1915440342773853,MAP_SCADA,27,0.0777211770994568
0,x_tcsc,1-14,-0.11114173205442038,23,-0.10313647098139568,MAP_SCADA,27,0.008005261073024697
1,B_svc,2,0.16571810927908867,23,0.17010786747234868,MAP_SCADA,27,0.004389758193260013
2,UPFC_Vsh,5-15,1.1102913160967147,23,1.1079187611445198,MAP_SCADA,27,0.002372554952194905
3,UPFC_tsh,5-15,-0.23612314344192717,23,-0.2383354064631268,MAP_SCADA,27,0.0022122630211996175
4,UPFC_Vse,5-15,0.057828980132338344,23,0.06342614165105752,MAP_SCADA,27,0.005597161518719175
5,UPFC_tse,5-15,-2.11634907225094,23,-2.1915440342773853,MAP_SCADA,27,0.07519496202644538
0,x_tcsc,1-14,-0.10707298918273737,24,-0.10313647098139568,MAP_SCADA,27,0.003936518201341693
1,B_svc,2,0.1750844181767696,24,0.17010786747234868,MAP_SCADA,27,0.004976550704420907
2,UPFC_Vsh,5-15,1.1103383294545885,24,1.1079187611445198,MAP_SCADA,27,0.0024195683100687315
3,UPFC_tsh,5-15,-0.2373858961720593,24,-0.2383354064631268,MAP_SCADA,27,0.0009495102910674902
4,UPFC_Vse,5-15,0.05783441093683506,24,0.06342614165105752,MAP_SCADA,27,0.005591730714222462
5,UPFC_tse,5-15,-2.1211963531878606,24,-2.1915440342773853,MAP_SCADA,27,0.07034768108952472
0,x_tcsc,1-14,-0.10411209146765889,25,-0.10313647098139568,MAP_SCADA,27,0.0009756204862632067
1,B_svc,2,0.18207388013521508,25,0.17010786747234868,MAP_SCADA,27,0.011966012662866399
2,UPFC_Vsh,5-15,1.1099508617603815,25,1.1079187611445198,MAP_SCADA,27,0.002032100615861676
3,UPFC_tsh,5-15,-0.23921976991336424,25,-0.2383354064631268,MAP_SCADA,27,0.0008843634502374575
4,UPFC_Vse,5-15,0.057215626624696495,25,0.06342614165105752,MAP_SCADA,27,0.006210515026361024
5,UPFC_tse,5-15,-2.1180417750198264,25,-2.1915440342773853,MAP_SCADA,27,0.07350225925755893
0,x_tcsc,1-14,-0.1078001605743693,26,-0.10313647098139568,MAP_SCADA,27,0.004663689592973613
1,B_svc,2,0.17458128190019787,26,0.17010786747234868,MAP_SCADA,27,0.004473414427849182
2,UPFC_Vsh,5-15,1.113580620074413,26,1.1079187611445198,MAP_SCADA,27,0.0056618589298931266
3,UPFC_tsh,5-15,-0.23556159092886747,26,-0.2383354064631268,MAP_SCADA,27,0.0027738155342593163
4,UPFC_Vse,5-15,0.05738429904808282,26,0.06342614165105752,MAP_SCADA,27,0.006041842602974697
5,UPFC_tse,5-15,-2.116182058227431,26,-2.1915440342773853,MAP_SCADA,27,0.0753619760499542
0,x_tcsc,1-14,-0.10825092537265413,27,-0.10313647098139568,MAP_SCADA,27,0.005114454391258447
1,B_svc,2,0.17430631258970788,27,0.17010786747234868,MAP_SCADA,27,0.004198445117359201
2,UPFC_Vsh,5-15,1.1114662475697654,27,1.1079187611445198,MAP_SCADA,27,0.003547486425245605
3,UPFC_tsh,5-15,-0.23746584465815873,27,-0.2383354064631268,MAP_SCADA,27,0.0008695618049680554
4,UPFC_Vse,5-15,0.05788690302737337,27,0.06342614165105752,MAP_SCADA,27,0.005539238623684148
5,UPFC_tse,5-15,-2.118504077446963,27,-2.1915440342773853,MAP_SCADA,27,0.07303995683042253
0,x_tcsc,1-14,-0.1062730187523376,28,-0.10313647098139568,MAP_SCADA,27,0.003136547770941925
1,B_svc,2,0.18103079162220884,28,0.17010786747234868,MAP_SCADA,27,0.010922924149860153
2,UPFC_Vsh,5-15,1.1087301109081895,28,1.1079187611445198,MAP_SCADA,27,0.0008113497636696998
3,UPFC_tsh,5-15,-0.2389396275716271,28,-0.2383354064631268,MAP_SCADA,27,0.000604221108500308
4,UPFC_Vse,5-15,0.05792850816793582,28,0.06342614165105752,MAP_SCADA,27,0.005497633483121697
5,UPFC_tse,5-15,-2.121591180104046,28,-2.1915440342773853,MAP_SCADA,27,0.06995285417333941
0,x_tcsc,1-14,-0.10653628707019851,29,-0.10313647098139568,MAP_SCADA,27,0.003399816088802826
1,B_svc,2,0.17965508087916948,29,0.17010786747234868,MAP_SCADA,27,0.009547213406820798
2,UPFC_Vsh,5-15,1.1106446052036845,29,1.1079187611445198,MAP_SCADA,27,0.0027258440591646504
3,UPFC_tsh,5-15,-0.2376731179045099,29,-0.2383354064631268,MAP_SCADA,27,0.0006622885586168858
4,UPFC_Vse,5-15,0.05786677315107843,29,0.06342614165105752,MAP_SCADA,27,0.005559368499979088
5,UPFC_tse,5-15,-2.120222833999159,29,-2.1915440342773853,MAP_SCADA,27,0.0713212002782262
0,x_tcsc,1-14,-0.10952997111799802,30,-0.10313647098139568,MAP_SCADA,27,0.006393500136602337
1,B_svc,2,0.16919933850561206,30,0.17010786747234868,MAP_SCADA,27,0.000908528966736627
2,UPFC_Vsh,5-15,1.1127862661947077,30,1.1079187611445198,MAP_SCADA,27,0.004867505050187848
3,UPFC_tsh,5-15,-0.23534976633179824,30,-0.2383354064631268,MAP_SCADA,27,0.002985640131328543
4,UPFC_Vse,5-15,0.05792238850708715,30,0.06342614165105752,MAP_SCADA,27,0.0055037531439703705
5,UPFC_tse,5-15,-2.1164729451535256,30,-2.1915440342773853,MAP_SCADA,27,0.07507108912385974
0,x_tcsc,1-14,-0.10715060791579066,31,-0.10313647098139568,MAP_SCADA,27,0.0040141369343949795
1,B_svc,2,0.17281241655909546,31,0.17010786747234868,MAP_SCADA,27,0.002704549086746777
2,UPFC_Vsh,5-15,1.1121750737216747,31,1.1079187611445198,MAP_SCADA,27,0.004256312577154864
3,UPFC_tsh,5-15,-0.23612890048767649,31,-0.2383354064631268,MAP_SCADA,27,0.0022065059754503014
4,UPFC_Vse,5-15,0.05741113562187503,31,0.06342614165105752,MAP_SCADA,27,0.006015006029182486
5,UPFC_tse,5-15,-2.118555531744554,31,-2.1915440342773853,MAP_SCADA,27,0.0729885025328314
0,x_tcsc,1-14,-0.10738626062904685,32,-0.10313647098139568,MAP_SCADA,27,0.004249789647651173
1,B_svc,2,0.17330701774645507,32,0.17010786747234868,MAP_SCADA,27,0.003199150274106388
2,UPFC_Vsh,5-15,1.1120310826835351,32,1.1079187611445198,MAP_SCADA,27,0.004112321539015307
3,UPFC_tsh,5-15,-0.23617144897870454,32,-0.2383354064631268,MAP_SCADA,27,0.0021639574844222464
4,UPFC_Vse,5-15,0.05687457505896244,32,0.06342614165105752,MAP_SCADA,27,0.006551566592095076
5,UPFC_tse,5-15,-2.123660023297658,32,-2.1915440342773853,MAP_SCADA,27,0.06788401097972718
0,x_tcsc,1-14,-0.10693539844775564,33,-0.10313647098139568,MAP_SCADA,27,0.003798927466359958
1,B_svc,2,0.17768917211592447,33,0.17010786747234868,MAP_SCADA,27,0.007581304643575787
2,UPFC_Vsh,5-15,1.1095148249414561,33,1.1079187611445198,MAP_SCADA,27,0.0015960637969363312
3,UPFC_tsh,5-15,-0.2371331944262661,33,-0.2383354064631268,MAP_SCADA,27,0.0012022120368606892
4,UPFC_Vse,5-15,0.05721563919140297,33,0.06342614165105752,MAP_SCADA,27,0.00621050245965455
5,UPFC_tse,5-15,-2.1196271921111913,33,-2.1915440342773853,MAP_SCADA,27,0.07191684216619398
0,x_tcsc,1-14,-0.10687992533692643,34,-0.10313647098139568,MAP_SCADA,27,0.003743454355530751
1,B_svc,2,0.17401309726872008,34,0.17010786747234868,MAP_SCADA,27,0.0039052297963713956
2,UPFC_Vsh,5-15,1.1123769845319478,34,1.1079187611445198,MAP_SCADA,27,0.004458223387427962
3,UPFC_tsh,5-15,-0.23616750209149165,34,-0.2383354064631268,MAP_SCADA,27,0.0021679043716351376
4,UPFC_Vse,5-15,0.05717751357900006,34,0.06342614165105752,MAP_SCADA,27,0.006248628072057456
5,UPFC_tse,5-15,-2.1212191870108876,34,-2.1915440342773853,MAP_SCADA,27,0.07032484726649768
0,x_tcsc,1-14,-0.10736731801715636,35,-0.10313647098139568,MAP_SCADA,27,0.004230847035760682
1,B_svc,2,0.1743344664120881,35,0.17010786747234868,MAP_SCADA,27,0.004226598939739423
2,UPFC_Vsh,5-15,1.1121640478067782,35,1.1079187611445198,MAP_SCADA,27,0.0042452866622584295
3,UPFC_tsh,5-15,-0.23680846597136743,35,-0.2383354064631268,MAP_SCADA,27,0.0015269404917593599
4,UPFC_Vse,5-15,0.057952360550922254,35,0.06342614165105752,MAP_SCADA,27,0.005473781100135265
5,UPFC_tse,5-15,-2.1169531607381513,35,-2.1915440342773853,MAP_SCADA,27,0.07459087353923399
0,x_tcsc,1-14,-0.10815347514458465,36,-0.10313647098139568,MAP_SCADA,27,0.005017004163188968
1,B_svc,2,0.1710697004082666,36,0.17010786747234868,MAP_SCADA,27,0.0009618329359179223
2,UPFC_Vsh,5-15,1.1137240188584057,36,1.1079187611445198,MAP_SCADA,27,0.0058052577138858474
3,UPFC_tsh,5-15,-0.2358246848062136,36,-0.2383354064631268,MAP_SCADA,27,0.002510721656913184
4,UPFC_Vse,5-15,0.057245825627543545,36,0.06342614165105752,MAP_SCADA,27,0.006180316023513974
5,UPFC_tse,5-15,-2.1175965349312516,36,-2.1915440342773853,MAP_SCADA,27,0.07394749934613376
0,x_tcsc,1-14,-0.10475515592541516,37,-0.10313647098139568,MAP_SCADA,27,0.0016186849440194828
1,B_svc,2,0.18309482267944,37,0.17010786747234868,MAP_SCADA,27,0.01298695520709131
2,UPFC_Vsh,5-15,1.1127906253327882,37,1.1079187611445198,MAP_SCADA,27,0.004871864188268349
3,UPFC_tsh,5-15,-0.23802310460401754,37,-0.2383354064631268,MAP_SCADA,27,0.000312301859109243
4,UPFC_Vse,5-15,0.057431952367715214,37,0.06342614165105752,MAP_SCADA,27,0.005994189283342305
5,UPFC_tse,5-15,-2.1199405418760775,37,-2.1915440342773853,MAP_SCADA,27,0.07160349240130781
0,x_tcsc,1-14,-0.10742269392758334,38,-0.10313647098139568,MAP_SCADA,27,0.004286222946187662
1,B_svc,2,0.1755004971401978,38,0.17010786747234868,MAP_SCADA,27,0.005392629667849119
2,UPFC_Vsh,5-15,1.1130201419013812,38,1.1079187611445198,MAP_SCADA,27,0.005101380756861396
3,UPFC_tsh,5-15,-0.23693363430979963,38,-0.2383354064631268,MAP_SCADA,27,0.001401772153327152
4,UPFC_Vse,5-15,0.057205520786809703,38,0.06342614165105752,MAP_SCADA,27,0.006220620864247815
5,UPFC_tse,5-15,-2.1205146025924075,38,-2.1915440342773853,MAP_SCADA,27,0.07102943168497777
0,x_tcsc,1-14,-0.10641915634401529,39,-0.10313647098139568,MAP_SCADA,27,0.0032826853626196084
1,B_svc,2,0.17958337075122596,39,0.17010786747234868,MAP_SCADA,27,0.009475503278877279
2,UPFC_Vsh,5-15,1.1118914083314206,39,1.1079187611445198,MAP_SCADA,27,0.003972647186900824
3,UPFC_tsh,5-15,-0.23774754611117094,39,-0.2383354064631268,MAP_SCADA,27,0.000587860351955849
4,UPFC_Vse,5-15,0.057058229476306656,39,0.06342614165105752,MAP_SCADA,27,0.006367912174750863
5,UPFC_tse,5-15,-2.120243704132217,39,-2.1915440342773853,MAP_SCADA,27,0.07130033014516846
0,x_tcsc,1-14,-0.10714899839915103,40,-0.10313647098139568,MAP_SCADA,27,0.004012527417755346
1,B_svc,2,0.17792801003384645,40,0.17010786747234868,MAP_SCADA,27,0.007820142561497767
2,UPFC_Vsh,5-15,1.1104977926102153,40,1.1079187611445198,MAP_SCADA,27,0.0025790314656954916
3,UPFC_tsh,5-15,-0.23778322722768935,40,-0.2383354064631268,MAP_SCADA,27,0.0005521792354374333
4,UPFC_Vse,5-15,0.05763455838128357,40,0.06342614165105752,MAP_SCADA,27,0.005791583269773949
5,UPFC_tse,5-15,-2.121763490823035,40,-2.1915440342773853,MAP_SCADA,27,0.06978054345435014
0,x_tcsc,1-14,-0.10747628103650513,41,-0.10313647098139568,MAP_SCADA,27,0.004339810055109444
1,B_svc,2,0.17201780849316667,41,0.17010786747234868,MAP_SCADA,27,0.0019099410208179846
2,UPFC_Vsh,5-15,1.1132964947085866,41,1.1079187611445198,MAP_SCADA,27,0.005377733564066789
3,UPFC_tsh,5-15,-0.23655377141994835,41,-0.2383354064631268,MAP_SCADA,27,0.0017816350431784367
4,UPFC_Vse,5-15,0.05694790652530009,41,0.06342614165105752,MAP_SCADA,27,0.006478235125757431
5,UPFC_tse,5-15,-2.115871417344491,41,-2.1915440342773853,MAP_SCADA,27,0.07567261693289451
0,x_tcsc,1-14,-0.1081257980000313,42,-0.10313647098139568,MAP_SCADA,27,0.0049893270186356226
1,B_svc,2,0.1726483542993937,42,0.17010786747234868,MAP_SCADA,27,0.0025404868270450243
2,UPFC_Vsh,5-15,1.1121568098072536,42,1.1079187611445198,MAP_SCADA,27,0.0042380486627338065
3,UPFC_tsh,5-15,-0.23570650257828626,42,-0.2383354064631268,MAP_SCADA,27,0.002628903884840522
4,UPFC_Vse,5-15,0.057391783915916594,42,0.06342614165105752,MAP_SCADA,27,0.0060343577351409244
5,UPFC_tse,5-15,-2.1223150055765987,42,-2.1915440342773853,MAP_SCADA,27,0.06922902870078662
0,x_tcsc,1-14,-0.10919026678444572,43,-0.10313647098139568,MAP_SCADA,27,0.006053795803050044
1,B_svc,2,0.17006330659842472,43,0.17010786747234868,MAP_SCADA,27,4.456087392396002e-05
2,UPFC_Vsh,5-15,1.1123500259968075,43,1.1079187611445198,MAP_SCADA,27,0.004431264852287731
3,UPFC_tsh,5-15,-0.23560811988148292,43,-0.2383354064631268,MAP_SCADA,27,0.0027272865816438674
4,UPFC_Vse,5-15,0.057593251453399046,43,0.06342614165105752,MAP_SCADA,27,0.005832890197658473
5,UPFC_tse,5-15,-2.1151039880453184,43,-2.1915440342773853,MAP_SCADA,27,0.0764400462320669
0,x_tcsc,1-14,-0.10530229352998717,44,-0.10313647098139568,MAP_SCADA,27,0.0021658225485914895
1,B_svc,2,0.1829660034812352,44,0.17010786747234868,MAP_SCADA,27,0.012858136008886523
2,UPFC_Vsh,5-15,1.109897014642047,44,1.1079187611445198,MAP_SCADA,27,0.001978253497527227
3,UPFC_tsh,5-15,-0.23859001452834347,44,-0.2383354064631268,MAP_SCADA,27,0.00025460806521668267
4,UPFC_Vse,5-15,0.058221711031435495,44,0.06342614165105752,MAP_SCADA,27,0.005204430619622023
5,UPFC_tse,5-15,-2.116964072987721,44,-2.1915440342773853,MAP_SCADA,27,0.07457996128966426
0,x_tcsc,1-14,-0.1069256538871445,45,-0.10313647098139568,MAP_SCADA,27,0.003789182905748825
1,B_svc,2,0.177465266753047,45,0.17010786747234868,MAP_SCADA,27,0.007357399280698312
2,UPFC_Vsh,5-15,1.1114206874199102,45,1.1079187611445198,MAP_SCADA,27,0.0035019262753903657
3,UPFC_tsh,5-15,-0.23689545053861744,45,-0.2383354064631268,MAP_SCADA,27,0.0014399559245093507
4,UPFC_Vse,5-15,0.057539741316308304,45,0.06342614165105752,MAP_SCADA,27,0.005886400334749214
5,UPFC_tse,5-15,-2.1171370386148687,45,-2.1915440342773853,MAP_SCADA,27,0.07440699566251663
0,x_tcsc,1-14,-0.10802781666215394,46,-0.10313647098139568,MAP_SCADA,27,0.004891345680758261
1,B_svc,2,0.1738286788546785,46,0.17010786747234868,MAP_SCADA,27,0.003720811382329825
2,UPFC_Vsh,5-15,1.11293370639085,46,1.1079187611445198,MAP_SCADA,27,0.005014945246330171
3,UPFC_tsh,5-15,-0.236790719974732,46,-0.2383354064631268,MAP_SCADA,27,0.0015446864883947864
4,UPFC_Vse,5-15,0.057103383298049065,46,0.06342614165105752,MAP_SCADA,27,0.006322758353008454
5,UPFC_tse,5-15,-2.1179202109526556,46,-2.1915440342773853,MAP_SCADA,27,0.07362382332472972
0,x_tcsc,1-14,-0.10709329858503407,47,-0.10313647098139568,MAP_SCADA,27,0.003956827603638385
1,B_svc,2,0.173253329722418,47,0.17010786747234868,MAP_SCADA,27,0.003145462250069314
2,UPFC_Vsh,5-15,1.1130769853263658,47,1.1079187611445198,MAP_SCADA,27,0.005158224181845972
3,UPFC_tsh,5-15,-0.23619945386340394,47,-0.2383354064631268,MAP_SCADA,27,0.0021359525997228512
4,UPFC_Vse,5-15,0.05764670213138666,47,0.06342614165105752,MAP_SCADA,27,0.005779439519670859
5,UPFC_tse,5-15,-2.1178733164843204,47,-2.1915440342773853,MAP_SCADA,27,0.07367071779306489
0,x_tcsc,1-14,-0.10719051328101499,48,-0.10313647098139568,MAP_SCADA,27,0.004054042299619309
1,B_svc,2,0.17618814701774743,48,0.17010786747234868,MAP_SCADA,27,0.006080279545398748
2,UPFC_Vsh,5-15,1.1137388699268482,48,1.1079187611445198,MAP_SCADA,27,0.005820108782328415
3,UPFC_tsh,5-15,-0.23554054106717964,48,-0.2383354064631268,MAP_SCADA,27,0.0027948653959471437
4,UPFC_Vse,5-15,0.05692696717314711,48,0.06342614165105752,MAP_SCADA,27,0.006499174477910409
5,UPFC_tse,5-15,-2.118333333343752,48,-2.1915440342773853,MAP_SCADA,27,0.07321070093363335
0,x_tcsc,1-14,-0.10866601044350763,49,-0.10313647098139568,MAP_SCADA,27,0.005529539462111946
1,B_svc,2,0.1710053873058158,49,0.17010786747234868,MAP_SCADA,27,0.0008975198334671142
2,UPFC_Vsh,5-15,1.1121595017507595,49,1.1079187611445198,MAP_SCADA,27,0.00424074060623969
3,UPFC_tsh,5-15,-0.2359778989630055,49,-0.2383354064631268,MAP_SCADA,27,0.0023575075001212864
4,UPFC_Vse,5-15,0.05723723522516479,49,0.06342614165105752,MAP_SCADA,27,0.006188906425892732
5,UPFC_tse,5-15,-2.1162183015920553,49,-2.1915440342773853,MAP_SCADA,27,0.07532573268533005
0,x_tcsc,1-14,-0.10901937796112277,50,-0.10313647098139568,MAP_SCADA,27,0.005882906979727084
1,B_svc,2,0.16959306694005918,50,0.17010786747234868,MAP_SCADA,27,0.0005148005322895
2,UPFC_Vsh,5-15,1.1129934283863259,50,1.1079187611445198,MAP_SCADA,27,0.005074667241806052
3,UPFC_tsh,5-15,-0.23572793347299587,50,-0.2383354064631268,MAP_SCADA,27,0.0026074729901309213
4,UPFC_Vse,5-15,0.05764673609842407,50,0.06342614165105752,MAP_SCADA,27,0.005779405552633447
5,UPFC_tse,5-15,-2.118481715803393,50,-2.1915440342773853,MAP_SCADA,27,0.07306231847399225
0,x_tcsc,1-14,-0.10931226325956275,51,-0.10313647098139568,MAP_SCADA,27,0.006175792278167072
1,B_svc,2,0.16790873900292247,51,0.17010786747234868,MAP_SCADA,27,0.0021991284694262148
2,UPFC_Vsh,5-15,1.1126616705910577,51,1.1079187611445198,MAP_SCADA,27,0.00474290944653788
3,UPFC_tsh,5-15,-0.2364188554805837,51,-0.2383354064631268,MAP_SCADA,27,0.0019165509825430915
4,UPFC_Vse,5-15,0.057683554161929884,51,0.06342614165105752,MAP_SCADA,27,0.005742587489127635
5,UPFC_tse,5-15,-2.1187258940414506,51,-2.1915440342773853,MAP_SCADA,27,0.07281814023593469
0,x_tcsc,1-14,-0.10695079648572353,52,-0.10313647098139568,MAP_SCADA,27,0.0038143255043278507
1,B_svc,2,0.17765441432496182,52,0.17010786747234868,MAP_SCADA,27,0.007546546852613134
2,UPFC_Vsh,5-15,1.1107767750385993,52,1.1079187611445198,MAP_SCADA,27,0.0028580138940794697
3,UPFC_tsh,5-15,-0.23801910026457151,52,-0.2383354064631268,MAP_SCADA,27,0.00031630619855527176
4,UPFC_Vse,5-15,0.05789410719761008,52,0.06342614165105752,MAP_SCADA,27,0.0055320344534474375
5,UPFC_tse,5-15,-2.1180835578894164,52,-2.1915440342773853,MAP_SCADA,27,0.07346047638796893
0,x_tcsc,1-14,-0.10579999281105353,53,-0.10313647098139568,MAP_SCADA,27,0.0026635218296578445
1,B_svc,2,0.18205396316733946,53,0.17010786747234868,MAP_SCADA,27,0.011946095694990777
2,UPFC_Vsh,5-15,1.109267996697699,53,1.1079187611445198,MAP_SCADA,27,0.0013492355531792288
3,UPFC_tsh,5-15,-0.23819604051412727,53,-0.2383354064631268,MAP_SCADA,27,0.00013936594899952026
4,UPFC_Vse,5-15,0.05724544595243886,53,0.06342614165105752,MAP_SCADA,27,0.006180695698618656
5,UPFC_tse,5-15,-2.1229365299297847,53,-2.1915440342773853,MAP_SCADA,27,0.06860750434760066
0,x_tcsc,1-14,-0.106223577746768,54,-0.10313647098139568,MAP_SCADA,27,0.0030871067653723133
1,B_svc,2,0.17719157491400092,54,0.17010786747234868,MAP_SCADA,27,0.007083707441652237
2,UPFC_Vsh,5-15,1.111956043609763,54,1.1079187611445198,MAP_SCADA,27,0.004037282465243264
3,UPFC_tsh,5-15,-0.2378113739765671,54,-0.2383354064631268,MAP_SCADA,27,0.000524032486559689
4,UPFC_Vse,5-15,0.057130967663296575,54,0.06342614165105752,MAP_SCADA,27,0.006295173987760944
5,UPFC_tse,5-15,-2.12161004485105,54,-2.1915440342773853,MAP_SCADA,27,0.06993398942633533
0,x_tcsc,1-14,-0.1048808287150344,55,-0.10313647098139568,MAP_SCADA,27,0.0017443577336387212
1,B_svc,2,0.18023016762748467,55,0.17010786747234868,MAP_SCADA,27,0.010122300155135988
2,UPFC_Vsh,5-15,1.111015522773831,55,1.1079187611445198,MAP_SCADA,27,0.003096761629311162
3,UPFC_tsh,5-15,-0.2379659931537663,55,-0.2383354064631268,MAP_SCADA,27,0.00036941330936049455
4,UPFC_Vse,5-15,0.05771664330509277,55,0.06342614165105752,MAP_SCADA,27,0.00570949834596475
5,UPFC_tse,5-15,-2.1190069084086782,55,-2.1915440342773853,MAP_SCADA,27,0.07253712586870709
0,x_tcsc,1-14,-0.10573173835744157,56,-0.10313647098139568,MAP_SCADA,27,0.002595267376045887
1,B_svc,2,0.1817970034926586,56,0.17010786747234868,MAP_SCADA,27,0.01168913602030991
2,UPFC_Vsh,5-15,1.111027770285367,56,1.1079187611445198,MAP_SCADA,27,0.0031090091408472187
3,UPFC_tsh,5-15,-0.23812830497551066,56,-0.2383354064631268,MAP_SCADA,27,0.00020710148761612923
4,UPFC_Vse,5-15,0.05736210880287201,56,0.06342614165105752,MAP_SCADA,27,0.006064032848185512
5,UPFC_tse,5-15,-2.1198983441293033,56,-2.1915440342773853,MAP_SCADA,27,0.07164569014808198
0,x_tcsc,1-14,-0.10709092763731871,57,-0.10313647098139568,MAP_SCADA,27,0.003954456655923033
1,B_svc,2,0.17484046073839904,57,0.17010786747234868,MAP_SCADA,27,0.004732593266050356
2,UPFC_Vsh,5-15,1.1133469525661213,57,1.1079187611445198,MAP_SCADA,27,0.005428191421601447
3,UPFC_tsh,5-15,-0.23718555045047204,57,-0.2383354064631268,MAP_SCADA,27,0.001149856012654743
4,UPFC_Vse,5-15,0.057613084439732426,57,0.06342614165105752,MAP_SCADA,27,0.005813057211325093
5,UPFC_tse,5-15,-2.1183658311697195,57,-2.1915440342773853,MAP_SCADA,27,0.07317820310766576
0,x_tcsc,1-14,-0.10714063314851686,58,-0.10313647098139568,MAP_SCADA,27,0.0040041621671211836
1,B_svc,2,0.17242772742543125,58,0.17010786747234868,MAP_SCADA,27,0.0023198599530825648
2,UPFC_Vsh,5-15,1.1108335546560917,58,1.1079187611445198,MAP_SCADA,27,0.002914793511571867
3,UPFC_tsh,5-15,-0.23746284602796666,58,-0.2383354064631268,MAP_SCADA,27,0.0008725604351601246
4,UPFC_Vse,5-15,0.05689107134771026,58,0.06342614165105752,MAP_SCADA,27,0.006535070303347261
5,UPFC_tse,5-15,-2.122073449832775,58,-2.1915440342773853,MAP_SCADA,27,0.0694705844446104
0,x_tcsc,1-14,-0.10523444359924194,59,-0.10313647098139568,MAP_SCADA,27,0.0020979726178462638
1,B_svc,2,0.1793597647528677,59,0.17010786747234868,MAP_SCADA,27,0.009251897280519006
2,UPFC_Vsh,5-15,1.1107857115531186,59,1.1079187611445198,MAP_SCADA,27,0.002866950408598745
3,UPFC_tsh,5-15,-0.23789177797441755,59,-0.2383354064631268,MAP_SCADA,27,0.0004436284887092412
4,UPFC_Vse,5-15,0.05768282997508247,59,0.06342614165105752,MAP_SCADA,27,0.005743311675975048
5,UPFC_tse,5-15,-2.1181873406560845,59,-2.1915440342773853,MAP_SCADA,27,0.07335669362130082
0,x_tcsc,1-14,-0.10945176150756852,60,-0.10313647098139568,MAP_SCADA,27,0.006315290526172843
1,B_svc,2,0.16935793383633752,60,0.17010786747234868,MAP_SCADA,27,0.0007499336360111686
2,UPFC_Vsh,5-15,1.1139613169432452,60,1.1079187611445198,MAP_SCADA,27,0.006042555798725369
3,UPFC_tsh,5-15,-0.23566920134996264,60,-0.2383354064631268,MAP_SCADA,27,0.0026662051131641495
4,UPFC_Vse,5-15,0.05720458411055312,60,0.06342614165105752,MAP_SCADA,27,0.006221557540504401
5,UPFC_tse,5-15,-2.1149588358461378,60,-2.1915440342773853,MAP_SCADA,27,0.07658519843124756
0,x_tcsc,1-14,-0.10905522365335318,61,-0.10313647098139568,MAP_SCADA,27,0.005918752671957503
1,B_svc,2,0.1703607647786208,61,0.17010786747234868,MAP_SCADA,27,0.0002528973062721207
2,UPFC_Vsh,5-15,1.1130767083751107,61,1.1079187611445198,MAP_SCADA,27,0.005157947230590931
3,UPFC_tsh,5-15,-0.23544033055215907,61,-0.2383354064631268,MAP_SCADA,27,0.002895075910967715
4,UPFC_Vse,5-15,0.057875494250938325,61,0.06342614165105752,MAP_SCADA,27,0.0055506474001191936
5,UPFC_tse,5-15,-2.1204281948282167,61,-2.1915440342773853,MAP_SCADA,27,0.07111583944916866
0,x_tcsc,1-14,-0.10733114663304694,62,-0.10313647098139568,MAP_SCADA,27,0.004194675651651256
1,B_svc,2,0.17367688990675537,62,0.17010786747234868,MAP_SCADA,27,0.0035690224344066823
2,UPFC_Vsh,5-15,1.1121862943112313,62,1.1079187611445198,MAP_SCADA,27,0.004267533166711468
3,UPFC_tsh,5-15,-0.23622970029102125,62,-0.2383354064631268,MAP_SCADA,27,0.002105706172105537
4,UPFC_Vse,5-15,0.057647980839804165,62,0.06342614165105752,MAP_SCADA,27,0.005778160811253354
5,UPFC_tse,5-15,-2.1197384212927988,62,-2.1915440342773853,MAP_SCADA,27,0.07180561298458654
0,x_tcsc,1-14,-0.10940497005741741,63,-0.10313647098139568,MAP_SCADA,27,0.006268499076021727
1,B_svc,2,0.1726336661398208,63,0.17010786747234868,MAP_SCADA,27,0.002525798667472129
2,UPFC_Vsh,5-15,1.1087398307270746,63,1.1079187611445198,MAP_SCADA,27,0.0008210695825547898
3,UPFC_tsh,5-15,-0.2373871645118825,63,-0.2383354064631268,MAP_SCADA,27,0.0009482419512442941
4,UPFC_Vse,5-15,0.05776814794156133,63,0.06342614165105752,MAP_SCADA,27,0.005657993709496191
5,UPFC_tse,5-15,-2.121343863462053,63,-2.1915440342773853,MAP_SCADA,27,0.07020017081533236
0,x_tcsc,1-14,-0.1046949546236351,64,-0.10313647098139568,MAP_SCADA,27,0.0015584836422394138
1,B_svc,2,0.183445376860306,64,0.17010786747234868,MAP_SCADA,27,0.013337509387957303
2,UPFC_Vsh,5-15,1.1131989879091804,64,1.1079187611445198,MAP_SCADA,27,0.005280226764660556
3,UPFC_tsh,5-15,-0.23781862115688623,64,-0.2383354064631268,MAP_SCADA,27,0.0005167853062405525
4,UPFC_Vse,5-15,0.05759710799066543,64,0.06342614165105752,MAP_SCADA,27,0.005829033660392086
5,UPFC_tse,5-15,-2.1232312397924127,64,-2.1915440342773853,MAP_SCADA,27,0.06831279448497263
0,x_tcsc,1-14,-0.10787113157761462,65,-0.10313647098139568,MAP_SCADA,27,0.004734660596218937
1,B_svc,2,0.17266875712225543,65,0.17010786747234868,MAP_SCADA,27,0.00256088964990675
2,UPFC_Vsh,5-15,1.112803249263745,65,1.1079187611445198,MAP_SCADA,27,0.00488448811922515
3,UPFC_tsh,5-15,-0.23576020759578165,65,-0.2383354064631268,MAP_SCADA,27,0.002575198867345141
4,UPFC_Vse,5-15,0.05738668038712711,65,0.06342614165105752,MAP_SCADA,27,0.006039461263930408
5,UPFC_tse,5-15,-2.117628484366634,65,-2.1915440342773853,MAP_SCADA,27,0.07391554991075111
0,x_tcsc,1-14,-0.10607910744277634,66,-0.10313647098139568,MAP_SCADA,27,0.0029426364613806544
1,B_svc,2,0.1785011070050042,66,0.17010786747234868,MAP_SCADA,27,0.008393239532655528
2,UPFC_Vsh,5-15,1.1122669093630733,66,1.1079187611445198,MAP_SCADA,27,0.004348148218553449
3,UPFC_tsh,5-15,-0.2376299527673899,66,-0.2383354064631268,MAP_SCADA,27,0.0007054536957368795
4,UPFC_Vse,5-15,0.0580228728162041,66,0.06342614165105752,MAP_SCADA,27,0.005403268834853418
5,UPFC_tse,5-15,-2.11588414783405,66,-2.1915440342773853,MAP_SCADA,27,0.0756598864433351
0,x_tcsc,1-14,-0.10464633199777319,67,-0.10313647098139568,MAP_SCADA,27,0.0015098610163775117
1,B_svc,2,0.1819534129198583,67,0.17010786747234868,MAP_SCADA,27,0.011845545447509626
2,UPFC_Vsh,5-15,1.1109878453087363,67,1.1079187611445198,MAP_SCADA,27,0.0030690841642164735
3,UPFC_tsh,5-15,-0.23816703002760867,67,-0.2383354064631268,MAP_SCADA,27,0.00016837643551811943
4,UPFC_Vse,5-15,0.0575155112696389,67,0.06342614165105752,MAP_SCADA,27,0.005910630381418619
5,UPFC_tse,5-15,-2.1243584023779603,67,-2.1915440342773853,MAP_SCADA,27,0.06718563189942506
0,x_tcsc,1-14,-0.1048884806969986,68,-0.10313647098139568,MAP_SCADA,27,0.001752009715602923
1,B_svc,2,0.18233020135967012,68,0.17010786747234868,MAP_SCADA,27,0.01222233388732144
2,UPFC_Vsh,5-15,1.1126787375375116,68,1.1079187611445198,MAP_SCADA,27,0.004759976392991749
3,UPFC_tsh,5-15,-0.23729777185293432,68,-0.2383354064631268,MAP_SCADA,27,0.0010376346101924616
4,UPFC_Vse,5-15,0.057497301850630324,68,0.06342614165105752,MAP_SCADA,27,0.005928839800427195
5,UPFC_tse,5-15,-2.117353272936879,68,-2.1915440342773853,MAP_SCADA,27,0.0741907613405064
0,x_tcsc,1-14,-0.10890222542618458,69,-0.10313647098139568,MAP_SCADA,27,0.005765754444788898
1,B_svc,2,0.16834420117020463,69,0.17010786747234868,MAP_SCADA,27,0.0017636663021440568
2,UPFC_Vsh,5-15,1.1131104914482013,69,1.1079187611445198,MAP_SCADA,27,0.005191730303681474
3,UPFC_tsh,5-15,-0.23620664066360444,69,-0.2383354064631268,MAP_SCADA,27,0.002128765799522342
4,UPFC_Vse,5-15,0.05712520081716381,69,0.06342614165105752,MAP_SCADA,27,0.006300940833893709
5,UPFC_tse,5-15,-2.116181775780159,69,-2.1915440342773853,MAP_SCADA,27,0.07536225849722644
0,x_tcsc,1-14,-0.10783954312107445,70,-0.10313647098139568,MAP_SCADA,27,0.004703072139678771
1,B_svc,2,0.1738012616177895,70,0.17010786747234868,MAP_SCADA,27,0.003693394145440815
2,UPFC_Vsh,5-15,1.109946175601687,70,1.1079187611445198,MAP_SCADA,27,0.0020274144571672537
3,UPFC_tsh,5-15,-0.2370955958356482,70,-0.2383354064631268,MAP_SCADA,27,0.001239810627478577
4,UPFC_Vse,5-15,0.057627049096513644,70,0.06342614165105752,MAP_SCADA,27,0.005799092554543875
5,UPFC_tse,5-15,-2.1202167991094587,70,-2.1915440342773853,MAP_SCADA,27,0.0713272351679266
0,x_tcsc,1-14,-0.10534847168056283,71,-0.10313647098139568,MAP_SCADA,27,0.0022120006991671465
1,B_svc,2,0.17955172099397773,71,0.17010786747234868,MAP_SCADA,27,0.009443853521629048
2,UPFC_Vsh,5-15,1.1117192574047965,71,1.1079187611445198,MAP_SCADA,27,0.0038004962602766756
3,UPFC_tsh,5-15,-0.23820653589537907,71,-0.2383354064631268,MAP_SCADA,27,0.0001288705677477131
4,UPFC_Vse,5-15,0.05754757811938391,71,0.06342614165105752,MAP_SCADA,27,0.005878563531673611
5,UPFC_tse,5-15,-2.121658366823909,71,-2.1915440342773853,MAP_SCADA,27,0.06988566745347624
0,x_tcsc,1-14,-0.10742294616001442,72,-0.10313647098139568,MAP_SCADA,27,0.004286475178618743
1,B_svc,2,0.17430469223433764,72,0.17010786747234868,MAP_SCADA,27,0.00419682476198896
2,UPFC_Vsh,5-15,1.1143541824961813,72,1.1079187611445198,MAP_SCADA,27,0.00643542135166153
3,UPFC_tsh,5-15,-0.23620451737193204,72,-0.2383354064631268,MAP_SCADA,27,0.002130889091194743
4,UPFC_Vse,5-15,0.0572197988624672,72,0.06342614165105752,MAP_SCADA,27,0.006206342788590322
5,UPFC_tse,5-15,-2.113452791129322,72,-2.1915440342773853,MAP_SCADA,27,0.07809124314806315
0,x_tcsc,1-14,-0.10922969344645563,73,-0.10313647098139568,MAP_SCADA,27,0.006093222465059944
1,B_svc,2,0.16525146255622622,73,0.17010786747234868,MAP_SCADA,27,0.004856404916122464
2,UPFC_Vsh,5-15,1.1134568370282656,73,1.1079187611445198,MAP_SCADA,27,0.005538075883745774
3,UPFC_tsh,5-15,-0.2356698992780358,73,-0.2383354064631268,MAP_SCADA,27,0.0026655071850909817
4,UPFC_Vse,5-15,0.05714227536138494,73,0.06342614165105752,MAP_SCADA,27,0.006283866289672577
5,UPFC_tse,5-15,-2.119651091064688,73,-2.1915440342773853,MAP_SCADA,27,0.07189294321269735
0,x_tcsc,1-14,-0.10431792148953327,74,-0.10313647098139568,MAP_SCADA,27,0.0011814505081375881
1,B_svc,2,0.1811248064659187,74,0.17010786747234868,MAP_SCADA,27,0.011016938993570008
2,UPFC_Vsh,5-15,1.1099430822379803,74,1.1079187611445198,MAP_SCADA,27,0.0020243210934605127
3,UPFC_tsh,5-15,-0.23852746172805828,74,-0.2383354064631268,MAP_SCADA,27,0.00019205526493148994
4,UPFC_Vse,5-15,0.05784374657307531,74,0.06342614165105752,MAP_SCADA,27,0.005582395077982208
5,UPFC_tse,5-15,-2.121425096913782,74,-2.1915440342773853,MAP_SCADA,27,0.07011893736360353
0,x_tcsc,1-14,-0.103353053211812,75,-0.10313647098139568,MAP_SCADA,27,0.00021658223041631786
1,B_svc,2,0.18807150083032478,75,0.17010786747234868,MAP_SCADA,27,0.0179636333579761
2,UPFC_Vsh,5-15,1.1111700606315367,75,1.1079187611445198,MAP_SCADA,27,0.0032512994870168566
3,UPFC_tsh,5-15,-0.2388301118941401,75,-0.2383354064631268,MAP_SCADA,27,0.0004947054310133203
4,UPFC_Vse,5-15,0.057665588016663855,75,0.06342614165105752,MAP_SCADA,27,0.005760553634393664
5,UPFC_tse,5-15,-2.123561272171615,75,-2.1915440342773853,MAP_SCADA,27,0.06798276210577026
0,x_tcsc,1-14,-0.10893838338128896,76,-0.10313647098139568,MAP_SCADA,27,0.0058019123998932776
1,B_svc,2,0.17015960069209635,76,0.17010786747234868,MAP_SCADA,27,5.173321974766276e-05
2,UPFC_Vsh,5-15,1.1136347042650967,76,1.1079187611445198,MAP_SCADA,27,0.005715943120576883
3,UPFC_tsh,5-15,-0.2356088372004739,76,-0.2383354064631268,MAP_SCADA,27,0.0027265692626528837
4,UPFC_Vse,5-15,0.05739174891156154,76,0.06342614165105752,MAP_SCADA,27,0.006034392739495978
5,UPFC_tse,5-15,-2.1131298745475315,76,-2.1915440342773853,MAP_SCADA,27,0.07841415972985377
0,x_tcsc,1-14,-0.10677148640328579,77,-0.10313647098139568,MAP_SCADA,27,0.0036350154218901115
1,B_svc,2,0.17490146294845868,77,0.17010786747234868,MAP_SCADA,27,0.004793595476109996
2,UPFC_Vsh,5-15,1.1099104962836785,77,1.1079187611445198,MAP_SCADA,27,0.0019917351391587346
3,UPFC_tsh,5-15,-0.2369514487516909,77,-0.2383354064631268,MAP_SCADA,27,0.0013839577114358736
4,UPFC_Vse,5-15,0.05773714951810732,77,0.06342614165105752,MAP_SCADA,27,0.005688992132950196
5,UPFC_tse,5-15,-2.1166647015932987,77,-2.1915440342773853,MAP_SCADA,27,0.07487933268408664
0,x_tcsc,1-14,-0.10924023694539466,78,-0.10313647098139568,MAP_SCADA,27,0.006103765963998975
1,B_svc,2,0.17022007529560623,78,0.17010786747234868,MAP_SCADA,27,0.00011220782325754852
2,UPFC_Vsh,5-15,1.1133807467142431,78,1.1079187611445198,MAP_SCADA,27,0.005461985569723327
3,UPFC_tsh,5-15,-0.23596645081338674,78,-0.2383354064631268,MAP_SCADA,27,0.0023689556497400455
4,UPFC_Vse,5-15,0.05711119384068331,78,0.06342614165105752,MAP_SCADA,27,0.0063149478103742065
5,UPFC_tse,5-15,-2.118052252316137,78,-2.1915440342773853,MAP_SCADA,27,0.07349178196124839
0,x_tcsc,1-14,-0.10743509187356443,79,-0.10313647098139568,MAP_SCADA,27,0.004298620892168745
1,B_svc,2,0.17324594257769063,79,0.17010786747234868,MAP_SCADA,27,0.0031380751053419476
2,UPFC_Vsh,5-15,1.108719981361768,79,1.1079187611445198,MAP_SCADA,27,0.0008012202172482663
3,UPFC_tsh,5-15,-0.23807533379593204,79,-0.2383354064631268,MAP_SCADA,27,0.000260072667194744
4,UPFC_Vse,5-15,0.05754558435882357,79,0.06342614165105752,MAP_SCADA,27,0.005880557292233947
5,UPFC_tse,5-15,-2.119357535515237,79,-2.1915440342773853,MAP_SCADA,27,0.07218649876214833
0,x_tcsc,1-14,-0.107329286458181,80,-0.10313647098139568,MAP_SCADA,27,0.004192815476785322
1,B_svc,2,0.17772680523582715,80,0.17010786747234868,MAP_SCADA,27,0.007618937763478467
2,UPFC_Vsh,5-15,1.1115344080452432,80,1.1079187611445198,MAP_SCADA,27,0.003615646900723357
3,UPFC_tsh,5-15,-0.23749761612930478,80,-0.2383354064631268,MAP_SCADA,27,0.0008377903338220027
4,UPFC_Vse,5-15,0.05787973421424841,80,0.06342614165105752,MAP_SCADA,27,0.005546407436809106
5,UPFC_tse,5-15,-2.11619148161768,80,-2.1915440342773853,MAP_SCADA,27,0.0753525526597052
0,x_tcsc,1-14,-0.10845470603263258,81,-0.10313647098139568,MAP_SCADA,27,0.005318235051236894
1,B_svc,2,0.17185062316901872,81,0.17010786747234868,MAP_SCADA,27,0.0017427556966700397
2,UPFC_Vsh,5-15,1.1136041315982959,81,1.1079187611445198,MAP_SCADA,27,0.00568537045377604
3,UPFC_tsh,5-15,-0.2352518795033683,81,-0.2383354064631268,MAP_SCADA,27,0.003083526959758498
4,UPFC_Vse,5-15,0.0565316838469432,81,0.06342614165105752,MAP_SCADA,27,0.0068944578041143165
5,UPFC_tse,5-15,-2.121089216774669,81,-2.1915440342773853,MAP_SCADA,27,0.07045481750271643
0,x_tcsc,1-14,-0.10728363738035555,82,-0.10313647098139568,MAP_SCADA,27,0.004147166398959873
1,B_svc,2,0.17660953080738076,82,0.17010786747234868,MAP_SCADA,27,0.006501663335032076
2,UPFC_Vsh,5-15,1.1133363796913327,82,1.1079187611445198,MAP_SCADA,27,0.005417618546812886
3,UPFC_tsh,5-15,-0.23557723587673135,82,-0.2383354064631268,MAP_SCADA,27,0.0027581705863954364
4,UPFC_Vse,5-15,0.057052670988737716,82,0.06342614165105752,MAP_SCADA,27,0.006373470662319802
5,UPFC_tse,5-15,-2.1125245344276045,82,-2.1915440342773853,MAP_SCADA,27,0.07901949984978085
0,x_tcsc,1-14,-0.10704909661563972,83,-0.10313647098139568,MAP_SCADA,27,0.003912625634244035
1,B_svc,2,0.17439535340915538,83,0.17010786747234868,MAP_SCADA,27,0.004287485936806695
2,UPFC_Vsh,5-15,1.1138189432401893,83,1.1079187611445198,MAP_SCADA,27,0.005900182095669448
3,UPFC_tsh,5-15,-0.23591608576235498,83,-0.2383354064631268,MAP_SCADA,27,0.0024193207007718043
4,UPFC_Vse,5-15,0.05755680394915602,83,0.06342614165105752,MAP_SCADA,27,0.0058693377019014975
5,UPFC_tse,5-15,-2.1157134403197753,83,-2.1915440342773853,MAP_SCADA,27,0.07583059395761005
0,x_tcsc,1-14,-0.10676170257170853,84,-0.10313647098139568,MAP_SCADA,27,0.003625231590312847
1,B_svc,2,0.17690582416355186,84,0.17010786747234868,MAP_SCADA,27,0.006797956691203172
2,UPFC_Vsh,5-15,1.1119187557480708,84,1.1079187611445198,MAP_SCADA,27,0.003999994603550938
3,UPFC_tsh,5-15,-0.23693835217805137,84,-0.2383354064631268,MAP_SCADA,27,0.0013970542850754164
4,UPFC_Vse,5-15,0.05779647132148402,84,0.06342614165105752,MAP_SCADA,27,0.005629670329573497
5,UPFC_tse,5-15,-2.119832423144779,84,-2.1915440342773853,MAP_SCADA,27,0.07171161113260638
0,x_tcsc,1-14,-0.10433107499372325,85,-0.10313647098139568,MAP_SCADA,27,0.0011946040123275714
1,B_svc,2,0.18503884107302948,85,0.17010786747234868,MAP_SCADA,27,0.014930973600680797
2,UPFC_Vsh,5-15,1.1096490244908552,85,1.1079187611445198,MAP_SCADA,27,0.0017302633463354145
3,UPFC_tsh,5-15,-0.23908337904595656,85,-0.2383354064631268,MAP_SCADA,27,0.0007479725828297701
4,UPFC_Vse,5-15,0.057711255599064704,85,0.06342614165105752,MAP_SCADA,27,0.005714886051992815
5,UPFC_tse,5-15,-2.121862773911793,85,-2.1915440342773853,MAP_SCADA,27,0.0696812603655923
0,x_tcsc,1-14,-0.10627085253489142,86,-0.10313647098139568,MAP_SCADA,27,0.003134381553495741
1,B_svc,2,0.177950381895317,86,0.17010786747234868,MAP_SCADA,27,0.007842514422968322
2,UPFC_Vsh,5-15,1.1115180763241355,86,1.1079187611445198,MAP_SCADA,27,0.0035993151796156475
3,UPFC_tsh,5-15,-0.23679857101651225,86,-0.2383354064631268,MAP_SCADA,27,0.0015368354466145373
4,UPFC_Vse,5-15,0.057956856977195124,86,0.06342614165105752,MAP_SCADA,27,0.005469284673862394
5,UPFC_tse,5-15,-2.1201205352270294,86,-2.1915440342773853,MAP_SCADA,27,0.07142349905035594
0,x_tcsc,1-14,-0.10651687940064776,87,-0.10313647098139568,MAP_SCADA,27,0.003380408419252079
1,B_svc,2,0.18254309035161495,87,0.17010786747234868,MAP_SCADA,27,0.012435222879266267
2,UPFC_Vsh,5-15,1.1098899213950526,87,1.1079187611445198,MAP_SCADA,27,0.0019711602505327885
3,UPFC_tsh,5-15,-0.23761277738038303,87,-0.2383354064631268,MAP_SCADA,27,0.0007226290827437587
4,UPFC_Vse,5-15,0.0574593173937414,87,0.06342614165105752,MAP_SCADA,27,0.005966824257316115
5,UPFC_tse,5-15,-2.121138093764339,87,-2.1915440342773853,MAP_SCADA,27,0.07040594051304616
0,x_tcsc,1-14,-0.1056307771781821,88,-0.10313647098139568,MAP_SCADA,27,0.002494306196786422
1,B_svc,2,0.1824884266434068,88,0.17010786747234868,MAP_SCADA,27,0.012380559171058125
2,UPFC_Vsh,5-15,1.1101963057729272,88,1.1079187611445198,MAP_SCADA,27,0.0022775446284073464
3,UPFC_tsh,5-15,-0.23763002628571525,88,-0.2383354064631268,MAP_SCADA,27,0.0007053801774115354
4,UPFC_Vse,5-15,0.05706675078108499,88,0.06342614165105752,MAP_SCADA,27,0.006359390869972531
5,UPFC_tse,5-15,-2.1196074179549385,88,-2.1915440342773853,MAP_SCADA,27,0.07193661632244686
0,x_tcsc,1-14,-0.1068650757269267,89,-0.10313647098139568,MAP_SCADA,27,0.0037286047455310223
1,B_svc,2,0.17718067164134646,89,0.17010786747234868,MAP_SCADA,27,0.007072804168997776
2,UPFC_Vsh,5-15,1.1127660092473064,89,1.1079187611445198,MAP_SCADA,27,0.004847248102786583
3,UPFC_tsh,5-15,-0.2373073844773539,89,-0.2383354064631268,MAP_SCADA,27,0.0010280219857728978
4,UPFC_Vse,5-15,0.05689366350326791,89,0.06342614165105752,MAP_SCADA,27,0.006532478147789608
5,UPFC_tse,5-15,-2.117896080173778,89,-2.1915440342773853,MAP_SCADA,27,0.07364795410360747
0,x_tcsc,1-14,-0.10699046471291579,90,-0.10313647098139568,MAP_SCADA,27,0.0038539937315201084
1,B_svc,2,0.17719256344522044,90,0.17010786747234868,MAP_SCADA,27,0.007084695972871757
2,UPFC_Vsh,5-15,1.109052539356643,90,1.1079187611445198,MAP_SCADA,27,0.0011337782121232376
3,UPFC_tsh,5-15,-0.23785065622494828,90,-0.2383354064631268,MAP_SCADA,27,0.0004847502381785107
4,UPFC_Vse,5-15,0.05830466828765745,90,0.06342614165105752,MAP_SCADA,27,0.005121473363400068
5,UPFC_tse,5-15,-2.120107730975188,90,-2.1915440342773853,MAP_SCADA,27,0.07143630330219741
0,x_tcsc,1-14,-0.10506074381709783,91,-0.10313647098139568,MAP_SCADA,27,0.001924272835702151
1,B_svc,2,0.18563134723275895,91,0.17010786747234868,MAP_SCADA,27,0.01552347976041027
2,UPFC_Vsh,5-15,1.107344280444785,91,1.1079187611445198,MAP_SCADA,27,0.0005744806997347585
3,UPFC_tsh,5-15,-0.24009200989541232,91,-0.2383354064631268,MAP_SCADA,27,0.0017566034322855362
4,UPFC_Vse,5-15,0.05745016323994678,91,0.06342614165105752,MAP_SCADA,27,0.005975978411110736
5,UPFC_tse,5-15,-2.129716491830026,91,-2.1915440342773853,MAP_SCADA,27,0.06182754244735911
0,x_tcsc,1-14,-0.10843316130367997,92,-0.10313647098139568,MAP_SCADA,27,0.005296690322284289
1,B_svc,2,0.171724517507776,92,0.17010786747234868,MAP_SCADA,27,0.001616650035427325
2,UPFC_Vsh,5-15,1.1124955617280345,92,1.1079187611445198,MAP_SCADA,27,0.0045768005835147285
3,UPFC_tsh,5-15,-0.23592061914407508,92,-0.2383354064631268,MAP_SCADA,27,0.0024147873190517033
4,UPFC_Vse,5-15,0.05764937454389893,92,0.06342614165105752,MAP_SCADA,27,0.00577676710715859
5,UPFC_tse,5-15,-2.115887173504994,92,-2.1915440342773853,MAP_SCADA,27,0.07565686077239153
0,x_tcsc,1-14,-0.10527819592613752,93,-0.10313647098139568,MAP_SCADA,27,0.002141724944741838
1,B_svc,2,0.18394801974922592,93,0.17010786747234868,MAP_SCADA,27,0.013840152276877238
2,UPFC_Vsh,5-15,1.1121927994121752,93,1.1079187611445198,MAP_SCADA,27,0.004274038267655378
3,UPFC_tsh,5-15,-0.23767845269493082,93,-0.2383354064631268,MAP_SCADA,27,0.000656953768195967
4,UPFC_Vse,5-15,0.05811935876557973,93,0.06342614165105752,MAP_SCADA,27,0.005306782885477791
5,UPFC_tse,5-15,-2.1160067421541595,93,-2.1915440342773853,MAP_SCADA,27,0.0755372921232258
0,x_tcsc,1-14,-0.10848267666552323,94,-0.10313647098139568,MAP_SCADA,27,0.005346205684127553
1,B_svc,2,0.17129404864009537,94,0.17010786747234868,MAP_SCADA,27,0.001186181167746686
2,UPFC_Vsh,5-15,1.1113930301542858,94,1.1079187611445198,MAP_SCADA,27,0.0034742690097659956
3,UPFC_tsh,5-15,-0.2362084475764398,94,-0.2383354064631268,MAP_SCADA,27,0.002126958886686986
4,UPFC_Vse,5-15,0.057179680241642564,94,0.06342614165105752,MAP_SCADA,27,0.006246461409414955
5,UPFC_tse,5-15,-2.117519973685605,94,-2.1915440342773853,MAP_SCADA,27,0.07402406059178013
0,x_tcsc,1-14,-0.10609612643226632,95,-0.10313647098139568,MAP_SCADA,27,0.002959655450870638
1,B_svc,2,0.18034927342603962,95,0.17010786747234868,MAP_SCADA,27,0.01024140595369094
2,UPFC_Vsh,5-15,1.1081572271684876,95,1.1079187611445198,MAP_SCADA,27,0.00023846602396782046
3,UPFC_tsh,5-15,-0.23896856849243206,95,-0.2383354064631268,MAP_SCADA,27,0.0006331620293052731
4,UPFC_Vse,5-15,0.05827706701732483,95,0.06342614165105752,MAP_SCADA,27,0.005149074633732688
5,UPFC_tse,5-15,-2.1231450659637763,95,-2.1915440342773853,MAP_SCADA,27,0.06839896831360903
0,x_tcsc,1-14,-0.11072494674634924,96,-0.10313647098139568,MAP_SCADA,27,0.007588475764953556
1,B_svc,2,0.16382259331556495,96,0.17010786747234868,MAP_SCADA,27,0.006285274156783732
2,UPFC_Vsh,5-15,1.1131482719824068,96,1.1079187611445198,MAP_SCADA,27,0.00522951083788703
3,UPFC_tsh,5-15,-0.23519080502005715,96,-0.2383354064631268,MAP_SCADA,27,0.0031446014430696334
4,UPFC_Vse,5-15,0.057372158170830606,96,0.06342614165105752,MAP_SCADA,27,0.006053983480226913
5,UPFC_tse,5-15,-2.1161767640182254,96,-2.1915440342773853,MAP_SCADA,27,0.0753672702591599
0,x_tcsc,1-14,-0.10717201549915735,97,-0.10313647098139568,MAP_SCADA,27,0.004035544517761669
1,B_svc,2,0.17993119020529763,97,0.17010786747234868,MAP_SCADA,27,0.009823322732948947
2,UPFC_Vsh,5-15,1.1113859768397536,97,1.1079187611445198,MAP_SCADA,27,0.003467215695233783
3,UPFC_tsh,5-15,-0.23733175664322106,97,-0.2383354064631268,MAP_SCADA,27,0.001003649819905722
4,UPFC_Vse,5-15,0.05756112498967703,97,0.06342614165105752,MAP_SCADA,27,0.005865016661380486
5,UPFC_tse,5-15,-2.1183860517395594,97,-2.1915440342773853,MAP_SCADA,27,0.0731579825378259
0,x_tcsc,1-14,-0.10794320493711781,98,-0.10313647098139568,MAP_SCADA,27,0.004806733955722134
1,B_svc,2,0.17594575429682419,98,0.17010786747234868,MAP_SCADA,27,0.005837886824475502
2,UPFC_Vsh,5-15,1.1139945785284209,98,1.1079187611445198,MAP_SCADA,27,0.006075817383901061
3,UPFC_tsh,5-15,-0.23616473699877685,98,-0.2383354064631268,MAP_SCADA,27,0.0021706694643499336
4,UPFC_Vse,5-15,0.057481413833521275,98,0.06342614165105752,MAP_SCADA,27,0.005944727817536244
5,UPFC_tse,5-15,-2.1167090690392265,98,-2.1915440342773853,MAP_SCADA,27,0.0748349652381588
0,x_tcsc,1-14,-0.10549981687781415,99,-0.10313647098139568,MAP_SCADA,27,0.00236334589641847
1,B_svc,2,0.18435980766770546,99,0.17010786747234868,MAP_SCADA,27,0.014251940195356777
2,UPFC_Vsh,5-15,1.110605632781286,99,1.1079187611445198,MAP_SCADA,27,0.002686871636766286
3,UPFC_tsh,5-15,-0.23879532010179283,99,-0.2383354064631268,MAP_SCADA,27,0.00045991363866604296
4,UPFC_Vse,5-15,0.0585592895290129,99,0.06342614165105752,MAP_SCADA,27,0.004866852122044615
5,UPFC_tse,5-15,-2.120240844202484,99,-2.1915440342773853,MAP_SCADA,27,0.07130319007490149
0,x_tcsc,1-14,-0.10671143253086024,0,-0.10618555526997268,MAP_SCADA,29,0.0005258772608875556
1,B_svc,2,0.17853734538277877,0,0.17373769081908705,MAP_SCADA,29,0.004799654563691719
2,UPFC_Vsh,5-15,1.1109207789140585,0,1.106213291744122,MAP_SCADA,29,0.0047074871699364085
3,UPFC_tsh,5-15,-0.23731745143979585,0,-0.23548505946192488,MAP_SCADA,29,0.0018323919778709674
4,UPFC_Vse,5-15,0.05763375636709128,0,0.06346467738407933,MAP_SCADA,29,0.005830921016988053
5,UPFC_tse,5-15,-2.121116529035107,0,-2.19365574243551,MAP_SCADA,29,0.07253921340040304
0,x_tcsc,1-14,-0.10884679222871829,1,-0.10618555526997268,MAP_SCADA,29,0.002661236958745608
1,B_svc,2,0.17210654984970408,1,0.17373769081908705,MAP_SCADA,29,0.001631140969382966
2,UPFC_Vsh,5-15,1.1125691339351063,1,1.106213291744122,MAP_SCADA,29,0.006355842190984173
3,UPFC_tsh,5-15,-0.23614062783557177,1,-0.23548505946192488,MAP_SCADA,29,0.0006555683736468865
4,UPFC_Vse,5-15,0.05726992650712081,1,0.06346467738407933,MAP_SCADA,29,0.0061947508769585255
5,UPFC_tse,5-15,-2.114605669181904,1,-2.19365574243551,MAP_SCADA,29,0.07905007325360591
0,x_tcsc,1-14,-0.106438597648498,2,-0.10618555526997268,MAP_SCADA,29,0.0002530423785253172
1,B_svc,2,0.17900573324605812,2,0.17373769081908705,MAP_SCADA,29,0.00526804242697107
2,UPFC_Vsh,5-15,1.110557377207309,2,1.106213291744122,MAP_SCADA,29,0.004344085463186875
3,UPFC_tsh,5-15,-0.23791607483260863,2,-0.23548505946192488,MAP_SCADA,29,0.0024310153706837423
4,UPFC_Vse,5-15,0.05782458523939781,2,0.06346467738407933,MAP_SCADA,29,0.005640092144681523
5,UPFC_tse,5-15,-2.121047690115321,2,-2.19365574243551,MAP_SCADA,29,0.0726080523201893
0,x_tcsc,1-14,-0.1082485724483868,3,-0.10618555526997268,MAP_SCADA,29,0.002063017178414117
1,B_svc,2,0.17084799387894223,3,0.17373769081908705,MAP_SCADA,29,0.0028896969401448203
2,UPFC_Vsh,5-15,1.1133073606530108,3,1.106213291744122,MAP_SCADA,29,0.007094068908888751
3,UPFC_tsh,5-15,-0.2352148361230751,3,-0.23548505946192488,MAP_SCADA,29,0.00027022333884979544
4,UPFC_Vse,5-15,0.05744203276710792,3,0.06346467738407933,MAP_SCADA,29,0.006022644616971412
5,UPFC_tse,5-15,-2.1187469994643453,3,-2.19365574243551,MAP_SCADA,29,0.07490874297116479
0,x_tcsc,1-14,-0.10589216153963375,4,-0.10618555526997268,MAP_SCADA,29,0.0002933937303389311
1,B_svc,2,0.18057721027425636,4,0.17373769081908705,MAP_SCADA,29,0.006839519455169307
2,UPFC_Vsh,5-15,1.1090639373079867,4,1.106213291744122,MAP_SCADA,29,0.0028506455638646067
3,UPFC_tsh,5-15,-0.23901694259159015,4,-0.23548505946192488,MAP_SCADA,29,0.003531883129665264
4,UPFC_Vse,5-15,0.057420897493637865,4,0.06346467738407933,MAP_SCADA,29,0.00604377989044147
5,UPFC_tse,5-15,-2.1217880216245173,4,-2.19365574243551,MAP_SCADA,29,0.0718677208109928
0,x_tcsc,1-14,-0.10962718592320896,5,-0.10618555526997268,MAP_SCADA,29,0.0034416306532362717
1,B_svc,2,0.16734710763118957,5,0.17373769081908705,MAP_SCADA,29,0.006390583187897481
2,UPFC_Vsh,5-15,1.113238663056068,5,1.106213291744122,MAP_SCADA,29,0.007025371311945916
3,UPFC_tsh,5-15,-0.2353712142411416,5,-0.23548505946192488,MAP_SCADA,29,0.00011384522078328185
4,UPFC_Vse,5-15,0.05765870072751411,5,0.06346467738407933,MAP_SCADA,29,0.005805976656565223
5,UPFC_tse,5-15,-2.116604966915444,5,-2.19365574243551,MAP_SCADA,29,0.07705077552006623
0,x_tcsc,1-14,-0.1072394089863974,6,-0.10618555526997268,MAP_SCADA,29,0.0010538537164247186
1,B_svc,2,0.17505832381110656,6,0.17373769081908705,MAP_SCADA,29,0.0013206329920195103
2,UPFC_Vsh,5-15,1.1134733590139796,6,1.106213291744122,MAP_SCADA,29,0.007260067269857506
3,UPFC_tsh,5-15,-0.23630289751870623,6,-0.23548505946192488,MAP_SCADA,29,0.0008178380567813448
4,UPFC_Vse,5-15,0.057209379708297675,6,0.06346467738407933,MAP_SCADA,29,0.00625529767578166
5,UPFC_tse,5-15,-2.118697070191822,6,-2.19365574243551,MAP_SCADA,29,0.07495867224368791
0,x_tcsc,1-14,-0.106904312225471,7,-0.10618555526997268,MAP_SCADA,29,0.0007187569554983203
1,B_svc,2,0.17859066157689701,7,0.17373769081908705,MAP_SCADA,29,0.004852970757809966
2,UPFC_Vsh,5-15,1.1115241542852348,7,1.106213291744122,MAP_SCADA,29,0.005310862541112682
3,UPFC_tsh,5-15,-0.23696277691500586,7,-0.23548505946192488,MAP_SCADA,29,0.001477717453080979
4,UPFC_Vse,5-15,0.05719135020998187,7,0.06346467738407933,MAP_SCADA,29,0.006273327174097468
5,UPFC_tse,5-15,-2.120352712191659,7,-2.19365574243551,MAP_SCADA,29,0.0733030302438511
0,x_tcsc,1-14,-0.10584256465175358,8,-0.10618555526997268,MAP_SCADA,29,0.00034299061821910226
1,B_svc,2,0.17957565213745705,8,0.17373769081908705,MAP_SCADA,29,0.00583796131837
2,UPFC_Vsh,5-15,1.1114213514564535,8,1.106213291744122,MAP_SCADA,29,0.005208059712331403
3,UPFC_tsh,5-15,-0.23804470709609643,8,-0.23548505946192488,MAP_SCADA,29,0.002559647634171547
4,UPFC_Vse,5-15,0.05767086577863096,8,0.06346467738407933,MAP_SCADA,29,0.005793811605448375
5,UPFC_tse,5-15,-2.1195907835996595,8,-2.19365574243551,MAP_SCADA,29,0.07406495883585063
0,x_tcsc,1-14,-0.10784650785057542,9,-0.10618555526997268,MAP_SCADA,29,0.0016609525806027398
1,B_svc,2,0.17403306430088125,9,0.17373769081908705,MAP_SCADA,29,0.0002953734817942033
2,UPFC_Vsh,5-15,1.1136591443971575,9,1.106213291744122,MAP_SCADA,29,0.007445852653035434
3,UPFC_tsh,5-15,-0.23540412352425605,9,-0.23548505946192488,MAP_SCADA,29,8.093593766883567e-05
4,UPFC_Vse,5-15,0.05764721708836011,9,0.06346467738407933,MAP_SCADA,29,0.005817460295719223
5,UPFC_tse,5-15,-2.1166377891830908,9,-2.19365574243551,MAP_SCADA,29,0.07701795325241934
0,x_tcsc,1-14,-0.10843919964143052,10,-0.10618555526997268,MAP_SCADA,29,0.002253644371457836
1,B_svc,2,0.1733415956284689,10,0.17373769081908705,MAP_SCADA,29,0.00039609519061814535
2,UPFC_Vsh,5-15,1.1120251269562094,10,1.106213291744122,MAP_SCADA,29,0.00581183521208728
3,UPFC_tsh,5-15,-0.23596809646704503,10,-0.23548505946192488,MAP_SCADA,29,0.000483037005120146
4,UPFC_Vse,5-15,0.0564854939523338,10,0.06346467738407933,MAP_SCADA,29,0.006979183431745535
5,UPFC_tse,5-15,-2.1208915776861685,10,-2.19365574243551,MAP_SCADA,29,0.07276416474934155
0,x_tcsc,1-14,-0.10717114851830077,11,-0.10618555526997268,MAP_SCADA,29,0.0009855932483280871
1,B_svc,2,0.17747026057926507,11,0.17373769081908705,MAP_SCADA,29,0.0037325697601780228
2,UPFC_Vsh,5-15,1.1124363488801543,11,1.106213291744122,MAP_SCADA,29,0.006223057136032217
3,UPFC_tsh,5-15,-0.23632852993489933,11,-0.23548505946192488,MAP_SCADA,29,0.0008434704729744502
4,UPFC_Vse,5-15,0.05659742194993677,11,0.06346467738407933,MAP_SCADA,29,0.006867255434142565
5,UPFC_tse,5-15,-2.1197408115722536,11,-2.19365574243551,MAP_SCADA,29,0.07391493086325651
0,x_tcsc,1-14,-0.10802946345880032,12,-0.10618555526997268,MAP_SCADA,29,0.0018439081888276393
1,B_svc,2,0.17281276942429238,12,0.17373769081908705,MAP_SCADA,29,0.0009249213947946644
2,UPFC_Vsh,5-15,1.1130757120421997,12,1.106213291744122,MAP_SCADA,29,0.006862420298077598
3,UPFC_tsh,5-15,-0.23632368050223404,12,-0.23548505946192488,MAP_SCADA,29,0.0008386210403091565
4,UPFC_Vse,5-15,0.057571961367978236,12,0.06346467738407933,MAP_SCADA,29,0.005892716016101099
5,UPFC_tse,5-15,-2.1157178822797733,12,-2.19365574243551,MAP_SCADA,29,0.07793786015573678
0,x_tcsc,1-14,-0.10570316958983077,13,-0.10618555526997268,MAP_SCADA,29,0.00048238568014191685
1,B_svc,2,0.18249973312876458,13,0.17373769081908705,MAP_SCADA,29,0.008762042309677531
2,UPFC_Vsh,5-15,1.1131296050156416,13,1.106213291744122,MAP_SCADA,29,0.006916313271519536
3,UPFC_tsh,5-15,-0.23783442634788132,13,-0.23548505946192488,MAP_SCADA,29,0.0023493668859564387
4,UPFC_Vse,5-15,0.056484936983598154,13,0.06346467738407933,MAP_SCADA,29,0.006979740400481181
5,UPFC_tse,5-15,-2.115261398749947,13,-2.19365574243551,MAP_SCADA,29,0.07839434368556297
0,x_tcsc,1-14,-0.10694923876760283,14,-0.10618555526997268,MAP_SCADA,29,0.0007636834976301465
1,B_svc,2,0.1769041692493913,14,0.17373769081908705,MAP_SCADA,29,0.003166478430304265
2,UPFC_Vsh,5-15,1.1121526642391235,14,1.106213291744122,MAP_SCADA,29,0.005939372495001427
3,UPFC_tsh,5-15,-0.2370323619370798,14,-0.23548505946192488,MAP_SCADA,29,0.0015473024751549158
4,UPFC_Vse,5-15,0.057139654468352036,14,0.06346467738407933,MAP_SCADA,29,0.006325022915727299
5,UPFC_tse,5-15,-2.1194773532602125,14,-2.19365574243551,MAP_SCADA,29,0.07417838917529762
0,x_tcsc,1-14,-0.10869855072993599,15,-0.10618555526997268,MAP_SCADA,29,0.0025129954599633075
1,B_svc,2,0.1722439116589828,15,0.17373769081908705,MAP_SCADA,29,0.001493779160104236
2,UPFC_Vsh,5-15,1.1123269308828758,15,1.106213291744122,MAP_SCADA,29,0.006113639138753735
3,UPFC_tsh,5-15,-0.23591736677432862,15,-0.23548505946192488,MAP_SCADA,29,0.00043230731240373466
4,UPFC_Vse,5-15,0.05746552861625833,15,0.06346467738407933,MAP_SCADA,29,0.005999148767821004
5,UPFC_tse,5-15,-2.114336762711501,15,-2.19365574243551,MAP_SCADA,29,0.07931897972400925
0,x_tcsc,1-14,-0.10723509198330802,16,-0.10618555526997268,MAP_SCADA,29,0.001049536713335339
1,B_svc,2,0.17398967179522495,16,0.17373769081908705,MAP_SCADA,29,0.0002519809761379055
2,UPFC_Vsh,5-15,1.1110458587351355,16,1.106213291744122,MAP_SCADA,29,0.004832566991013421
3,UPFC_tsh,5-15,-0.23700163214610448,16,-0.23548505946192488,MAP_SCADA,29,0.0015165726841795957
4,UPFC_Vse,5-15,0.05741412427159274,16,0.06346467738407933,MAP_SCADA,29,0.006050553112486597
5,UPFC_tse,5-15,-2.115454248723215,16,-2.19365574243551,MAP_SCADA,29,0.07820149371229501
0,x_tcsc,1-14,-0.11066622826773613,17,-0.10618555526997268,MAP_SCADA,29,0.004480672997763446
1,B_svc,2,0.17213545326446683,17,0.17373769081908705,MAP_SCADA,29,0.0016022375546202172
2,UPFC_Vsh,5-15,1.1101691119931705,17,1.106213291744122,MAP_SCADA,29,0.003955820249048392
3,UPFC_tsh,5-15,-0.23638238289548702,17,-0.23548505946192488,MAP_SCADA,29,0.0008973234335621361
4,UPFC_Vse,5-15,0.05704571524866088,17,0.06346467738407933,MAP_SCADA,29,0.0064189621354184545
5,UPFC_tse,5-15,-2.1255108704267474,17,-2.19365574243551,MAP_SCADA,29,0.06814487200876274
0,x_tcsc,1-14,-0.10647726198792858,18,-0.10618555526997268,MAP_SCADA,29,0.00029170671795589187
1,B_svc,2,0.17890991783106908,18,0.17373769081908705,MAP_SCADA,29,0.005172227011982028
2,UPFC_Vsh,5-15,1.1113916813722353,18,1.106213291744122,MAP_SCADA,29,0.0051783896281132336
3,UPFC_tsh,5-15,-0.23750430204608403,18,-0.23548505946192488,MAP_SCADA,29,0.002019242584159142
4,UPFC_Vse,5-15,0.0579754917237041,18,0.06346467738407933,MAP_SCADA,29,0.005489185660375234
5,UPFC_tse,5-15,-2.1210878076752175,18,-2.19365574243551,MAP_SCADA,29,0.07256793476029255
0,x_tcsc,1-14,-0.10880064867843024,19,-0.10618555526997268,MAP_SCADA,29,0.0026150934084575583
1,B_svc,2,0.17236500079037237,19,0.17373769081908705,MAP_SCADA,29,0.0013726900287146793
2,UPFC_Vsh,5-15,1.112334763295601,19,1.106213291744122,MAP_SCADA,29,0.0061214715514790186
3,UPFC_tsh,5-15,-0.23575835468156742,19,-0.23548505946192488,MAP_SCADA,29,0.0002732952196425331
4,UPFC_Vse,5-15,0.057420643843725014,19,0.06346467738407933,MAP_SCADA,29,0.006044033540354321
5,UPFC_tse,5-15,-2.1197007787621494,19,-2.19365574243551,MAP_SCADA,29,0.07395496367336074
0,x_tcsc,1-14,-0.10681796471203604,20,-0.10618555526997268,MAP_SCADA,29,0.0006324094420633586
1,B_svc,2,0.17723798368864258,20,0.17373769081908705,MAP_SCADA,29,0.003500292869555527
2,UPFC_Vsh,5-15,1.110328466941185,20,1.106213291744122,MAP_SCADA,29,0.004115175197062948
3,UPFC_tsh,5-15,-0.2373060069040069,20,-0.23548505946192488,MAP_SCADA,29,0.001820947442082027
4,UPFC_Vse,5-15,0.05749209778155573,20,0.06346467738407933,MAP_SCADA,29,0.005972579602523606
5,UPFC_tse,5-15,-2.121057456966522,20,-2.19365574243551,MAP_SCADA,29,0.07259828546898817
0,x_tcsc,1-14,-0.10640127987977131,21,-0.10618555526997268,MAP_SCADA,29,0.00021572460979862873
1,B_svc,2,0.17706400553147694,21,0.17373769081908705,MAP_SCADA,29,0.003326314712389894
2,UPFC_Vsh,5-15,1.1123414247957542,21,1.106213291744122,MAP_SCADA,29,0.0061281330516320676
3,UPFC_tsh,5-15,-0.23706487343632154,21,-0.23548505946192488,MAP_SCADA,29,0.00157981397439666
4,UPFC_Vse,5-15,0.05804808066265128,21,0.06346467738407933,MAP_SCADA,29,0.005416596721428052
5,UPFC_tse,5-15,-2.1199889860303824,21,-2.19365574243551,MAP_SCADA,29,0.07366675640512765
0,x_tcsc,1-14,-0.1076874287003709,22,-0.10618555526997268,MAP_SCADA,29,0.0015018734303982179
1,B_svc,2,0.17814371796425674,22,0.17373769081908705,MAP_SCADA,29,0.004406027145169689
2,UPFC_Vsh,5-15,1.1100397041732075,22,1.106213291744122,MAP_SCADA,29,0.003826412429085435
3,UPFC_tsh,5-15,-0.2373992929814906,22,-0.23548505946192488,MAP_SCADA,29,0.0019142335195657112
4,UPFC_Vse,5-15,0.05746102628000953,22,0.06346467738407933,MAP_SCADA,29,0.006003651104069807
5,UPFC_tse,5-15,-2.1138228571779285,22,-2.19365574243551,MAP_SCADA,29,0.07983288525758159
0,x_tcsc,1-14,-0.11114173205442038,23,-0.10618555526997268,MAP_SCADA,29,0.004956176784447694
1,B_svc,2,0.16571810927908867,23,0.17373769081908705,MAP_SCADA,29,0.008019581539998377
2,UPFC_Vsh,5-15,1.1102913160967147,23,1.106213291744122,MAP_SCADA,29,0.004078024352592635
3,UPFC_tsh,5-15,-0.23612314344192717,23,-0.23548505946192488,MAP_SCADA,29,0.0006380839800022853
4,UPFC_Vse,5-15,0.057828980132338344,23,0.06346467738407933,MAP_SCADA,29,0.005635697251740991
5,UPFC_tse,5-15,-2.11634907225094,23,-2.19365574243551,MAP_SCADA,29,0.07730667018457016
0,x_tcsc,1-14,-0.10707298918273737,24,-0.10618555526997268,MAP_SCADA,29,0.0008874339127646902
1,B_svc,2,0.1750844181767696,24,0.17373769081908705,MAP_SCADA,29,0.0013467273576825423
2,UPFC_Vsh,5-15,1.1103383294545885,24,1.106213291744122,MAP_SCADA,29,0.0041250377104664615
3,UPFC_tsh,5-15,-0.2373858961720593,24,-0.23548505946192488,MAP_SCADA,29,0.0019008367101344126
4,UPFC_Vse,5-15,0.05783441093683506,24,0.06346467738407933,MAP_SCADA,29,0.005630266447244278
5,UPFC_tse,5-15,-2.1211963531878606,24,-2.19365574243551,MAP_SCADA,29,0.0724593892476495
0,x_tcsc,1-14,-0.10411209146765889,25,-0.10618555526997268,MAP_SCADA,29,0.0020734638023137963
1,B_svc,2,0.18207388013521508,25,0.17373769081908705,MAP_SCADA,29,0.008336189316128034
2,UPFC_Vsh,5-15,1.1099508617603815,25,1.106213291744122,MAP_SCADA,29,0.003737570016259406
3,UPFC_tsh,5-15,-0.23921976991336424,25,-0.23548505946192488,MAP_SCADA,29,0.0037347104514393603
4,UPFC_Vse,5-15,0.057215626624696495,25,0.06346467738407933,MAP_SCADA,29,0.00624905075938284
5,UPFC_tse,5-15,-2.1180417750198264,25,-2.19365574243551,MAP_SCADA,29,0.07561396741568371
0,x_tcsc,1-14,-0.1078001605743693,26,-0.10618555526997268,MAP_SCADA,29,0.0016146053043966102
1,B_svc,2,0.17458128190019787,26,0.17373769081908705,MAP_SCADA,29,0.0008435910811108172
2,UPFC_Vsh,5-15,1.113580620074413,26,1.106213291744122,MAP_SCADA,29,0.0073673283302908565
3,UPFC_tsh,5-15,-0.23556159092886747,26,-0.23548505946192488,MAP_SCADA,29,7.65314669425865e-05
4,UPFC_Vse,5-15,0.05738429904808282,26,0.06346467738407933,MAP_SCADA,29,0.006080378335996513
5,UPFC_tse,5-15,-2.116182058227431,26,-2.19365574243551,MAP_SCADA,29,0.07747368420807899
0,x_tcsc,1-14,-0.10825092537265413,27,-0.10618555526997268,MAP_SCADA,29,0.0020653701026814436
1,B_svc,2,0.17430631258970788,27,0.17373769081908705,MAP_SCADA,29,0.0005686217706208363
2,UPFC_Vsh,5-15,1.1114662475697654,27,1.106213291744122,MAP_SCADA,29,0.005252955825643335
3,UPFC_tsh,5-15,-0.23746584465815873,27,-0.23548505946192488,MAP_SCADA,29,0.0019807851962338474
4,UPFC_Vse,5-15,0.05788690302737337,27,0.06346467738407933,MAP_SCADA,29,0.005577774356705964
5,UPFC_tse,5-15,-2.118504077446963,27,-2.19365574243551,MAP_SCADA,29,0.0751516649885473
0,x_tcsc,1-14,-0.1062730187523376,28,-0.10618555526997268,MAP_SCADA,29,8.746348236492174e-05
1,B_svc,2,0.18103079162220884,28,0.17373769081908705,MAP_SCADA,29,0.007293100803121788
2,UPFC_Vsh,5-15,1.1087301109081895,28,1.106213291744122,MAP_SCADA,29,0.0025168191640674298
3,UPFC_tsh,5-15,-0.2389396275716271,28,-0.23548505946192488,MAP_SCADA,29,0.0034545681097022107
4,UPFC_Vse,5-15,0.05792850816793582,28,0.06346467738407933,MAP_SCADA,29,0.005536169216143513
5,UPFC_tse,5-15,-2.121591180104046,28,-2.19365574243551,MAP_SCADA,29,0.07206456233146419
0,x_tcsc,1-14,-0.10653628707019851,29,-0.10618555526997268,MAP_SCADA,29,0.00035073180022582306
1,B_svc,2,0.17965508087916948,29,0.17373769081908705,MAP_SCADA,29,0.005917390060082434
2,UPFC_Vsh,5-15,1.1106446052036845,29,1.106213291744122,MAP_SCADA,29,0.00443131345956238
3,UPFC_tsh,5-15,-0.2376731179045099,29,-0.23548505946192488,MAP_SCADA,29,0.002188058442585017
4,UPFC_Vse,5-15,0.05786677315107843,29,0.06346467738407933,MAP_SCADA,29,0.005597904233000904
5,UPFC_tse,5-15,-2.120222833999159,29,-2.19365574243551,MAP_SCADA,29,0.07343290843635097
0,x_tcsc,1-14,-0.10952997111799802,30,-0.10618555526997268,MAP_SCADA,29,0.003344415848025334
1,B_svc,2,0.16919933850561206,30,0.17373769081908705,MAP_SCADA,29,0.0045383523134749915
2,UPFC_Vsh,5-15,1.1127862661947077,30,1.106213291744122,MAP_SCADA,29,0.006572974450585578
3,UPFC_tsh,5-15,-0.23534976633179824,30,-0.23548505946192488,MAP_SCADA,29,0.00013529313012664024
4,UPFC_Vse,5-15,0.05792238850708715,30,0.06346467738407933,MAP_SCADA,29,0.005542288876992187
5,UPFC_tse,5-15,-2.1164729451535256,30,-2.19365574243551,MAP_SCADA,29,0.07718279728198452
0,x_tcsc,1-14,-0.10715060791579066,31,-0.10618555526997268,MAP_SCADA,29,0.0009650526458179765
1,B_svc,2,0.17281241655909546,31,0.17373769081908705,MAP_SCADA,29,0.0009252742599915875
2,UPFC_Vsh,5-15,1.1121750737216747,31,1.106213291744122,MAP_SCADA,29,0.005961781977552594
3,UPFC_tsh,5-15,-0.23612890048767649,31,-0.23548505946192488,MAP_SCADA,29,0.0006438410257516014
4,UPFC_Vse,5-15,0.05741113562187503,31,0.06346467738407933,MAP_SCADA,29,0.006053541762204302
5,UPFC_tse,5-15,-2.118555531744554,31,-2.19365574243551,MAP_SCADA,29,0.07510021069095618
0,x_tcsc,1-14,-0.10738626062904685,32,-0.10618555526997268,MAP_SCADA,29,0.0012007053590741695
1,B_svc,2,0.17330701774645507,32,0.17373769081908705,MAP_SCADA,29,0.0004306730726319763
2,UPFC_Vsh,5-15,1.1120310826835351,32,1.106213291744122,MAP_SCADA,29,0.005817790939413037
3,UPFC_tsh,5-15,-0.23617144897870454,32,-0.23548505946192488,MAP_SCADA,29,0.0006863895167796563
4,UPFC_Vse,5-15,0.05687457505896244,32,0.06346467738407933,MAP_SCADA,29,0.006590102325116892
5,UPFC_tse,5-15,-2.123660023297658,32,-2.19365574243551,MAP_SCADA,29,0.06999571913785196
0,x_tcsc,1-14,-0.10693539844775564,33,-0.10618555526997268,MAP_SCADA,29,0.0007498431777829551
1,B_svc,2,0.17768917211592447,33,0.17373769081908705,MAP_SCADA,29,0.0039514812968374224
2,UPFC_Vsh,5-15,1.1095148249414561,33,1.106213291744122,MAP_SCADA,29,0.003301533197334061
3,UPFC_tsh,5-15,-0.2371331944262661,33,-0.23548505946192488,MAP_SCADA,29,0.0016481349643412135
4,UPFC_Vse,5-15,0.05721563919140297,33,0.06346467738407933,MAP_SCADA,29,0.006249038192676366
5,UPFC_tse,5-15,-2.1196271921111913,33,-2.19365574243551,MAP_SCADA,29,0.07402855032431876
0,x_tcsc,1-14,-0.10687992533692643,34,-0.10618555526997268,MAP_SCADA,29,0.0006943700669537478
1,B_svc,2,0.17401309726872008,34,0.17373769081908705,MAP_SCADA,29,0.00027540644963303107
2,UPFC_Vsh,5-15,1.1123769845319478,34,1.106213291744122,MAP_SCADA,29,0.006163692787825692
3,UPFC_tsh,5-15,-0.23616750209149165,34,-0.23548505946192488,MAP_SCADA,29,0.0006824426295667652
4,UPFC_Vse,5-15,0.05717751357900006,34,0.06346467738407933,MAP_SCADA,29,0.0062871638050792725
5,UPFC_tse,5-15,-2.1212191870108876,34,-2.19365574243551,MAP_SCADA,29,0.07243655542462246
0,x_tcsc,1-14,-0.10736731801715636,35,-0.10618555526997268,MAP_SCADA,29,0.001181762747183679
1,B_svc,2,0.1743344664120881,35,0.17373769081908705,MAP_SCADA,29,0.0005967755930010588
2,UPFC_Vsh,5-15,1.1121640478067782,35,1.106213291744122,MAP_SCADA,29,0.0059507560626561595
3,UPFC_tsh,5-15,-0.23680846597136743,35,-0.23548505946192488,MAP_SCADA,29,0.001323406509442543
4,UPFC_Vse,5-15,0.057952360550922254,35,0.06346467738407933,MAP_SCADA,29,0.005512316833157081
5,UPFC_tse,5-15,-2.1169531607381513,35,-2.19365574243551,MAP_SCADA,29,0.07670258169735877
0,x_tcsc,1-14,-0.10815347514458465,36,-0.10618555526997268,MAP_SCADA,29,0.0019679198746119647
1,B_svc,2,0.1710697004082666,36,0.17373769081908705,MAP_SCADA,29,0.002667990410820442
2,UPFC_Vsh,5-15,1.1137240188584057,36,1.106213291744122,MAP_SCADA,29,0.007510727114283577
3,UPFC_tsh,5-15,-0.2358246848062136,36,-0.23548505946192488,MAP_SCADA,29,0.0003396253442887187
4,UPFC_Vse,5-15,0.057245825627543545,36,0.06346467738407933,MAP_SCADA,29,0.00621885175653579
5,UPFC_tse,5-15,-2.1175965349312516,36,-2.19365574243551,MAP_SCADA,29,0.07605920750425854
0,x_tcsc,1-14,-0.10475515592541516,37,-0.10618555526997268,MAP_SCADA,29,0.0014303993445575203
1,B_svc,2,0.18309482267944,37,0.17373769081908705,MAP_SCADA,29,0.009357131860352946
2,UPFC_Vsh,5-15,1.1127906253327882,37,1.106213291744122,MAP_SCADA,29,0.006577333588666079
3,UPFC_tsh,5-15,-0.23802310460401754,37,-0.23548505946192488,MAP_SCADA,29,0.0025380451420926597
4,UPFC_Vse,5-15,0.057431952367715214,37,0.06346467738407933,MAP_SCADA,29,0.006032725016364121
5,UPFC_tse,5-15,-2.1199405418760775,37,-2.19365574243551,MAP_SCADA,29,0.07371520055943259
0,x_tcsc,1-14,-0.10742269392758334,38,-0.10618555526997268,MAP_SCADA,29,0.0012371386576106591
1,B_svc,2,0.1755004971401978,38,0.17373769081908705,MAP_SCADA,29,0.0017628063211107547
2,UPFC_Vsh,5-15,1.1130201419013812,38,1.106213291744122,MAP_SCADA,29,0.006806850157259126
3,UPFC_tsh,5-15,-0.23693363430979963,38,-0.23548505946192488,MAP_SCADA,29,0.0014485748478747507
4,UPFC_Vse,5-15,0.057205520786809703,38,0.06346467738407933,MAP_SCADA,29,0.006259156597269631
5,UPFC_tse,5-15,-2.1205146025924075,38,-2.19365574243551,MAP_SCADA,29,0.07314113984310255
0,x_tcsc,1-14,-0.10641915634401529,39,-0.10618555526997268,MAP_SCADA,29,0.00023360107404260533
1,B_svc,2,0.17958337075122596,39,0.17373769081908705,MAP_SCADA,29,0.005845679932138914
2,UPFC_Vsh,5-15,1.1118914083314206,39,1.106213291744122,MAP_SCADA,29,0.005678116587298554
3,UPFC_tsh,5-15,-0.23774754611117094,39,-0.23548505946192488,MAP_SCADA,29,0.002262486649246054
4,UPFC_Vse,5-15,0.057058229476306656,39,0.06346467738407933,MAP_SCADA,29,0.006406447907772679
5,UPFC_tse,5-15,-2.120243704132217,39,-2.19365574243551,MAP_SCADA,29,0.07341203830329324
0,x_tcsc,1-14,-0.10714899839915103,40,-0.10618555526997268,MAP_SCADA,29,0.000963443129178343
1,B_svc,2,0.17792801003384645,40,0.17373769081908705,MAP_SCADA,29,0.004190319214759403
2,UPFC_Vsh,5-15,1.1104977926102153,40,1.106213291744122,MAP_SCADA,29,0.0042845008660932216
3,UPFC_tsh,5-15,-0.23778322722768935,40,-0.23548505946192488,MAP_SCADA,29,0.0022981677657644695
4,UPFC_Vse,5-15,0.05763455838128357,40,0.06346467738407933,MAP_SCADA,29,0.005830119002795765
5,UPFC_tse,5-15,-2.121763490823035,40,-2.19365574243551,MAP_SCADA,29,0.07189225161247492
0,x_tcsc,1-14,-0.10747628103650513,41,-0.10618555526997268,MAP_SCADA,29,0.0012907257665324412
1,B_svc,2,0.17201780849316667,41,0.17373769081908705,MAP_SCADA,29,0.00171988232592038
2,UPFC_Vsh,5-15,1.1132964947085866,41,1.106213291744122,MAP_SCADA,29,0.007083202964464519
3,UPFC_tsh,5-15,-0.23655377141994835,41,-0.23548505946192488,MAP_SCADA,29,0.001068711958023466
4,UPFC_Vse,5-15,0.05694790652530009,41,0.06346467738407933,MAP_SCADA,29,0.006516770858779247
5,UPFC_tse,5-15,-2.115871417344491,41,-2.19365574243551,MAP_SCADA,29,0.07778432509101929
0,x_tcsc,1-14,-0.1081257980000313,42,-0.10618555526997268,MAP_SCADA,29,0.0019402427300586195
1,B_svc,2,0.1726483542993937,42,0.17373769081908705,MAP_SCADA,29,0.0010893365196933402
2,UPFC_Vsh,5-15,1.1121568098072536,42,1.106213291744122,MAP_SCADA,29,0.0059435180631315365
3,UPFC_tsh,5-15,-0.23570650257828626,42,-0.23548505946192488,MAP_SCADA,29,0.0002214431163613806
4,UPFC_Vse,5-15,0.057391783915916594,42,0.06346467738407933,MAP_SCADA,29,0.0060728934681627406
5,UPFC_tse,5-15,-2.1223150055765987,42,-2.19365574243551,MAP_SCADA,29,0.0713407368589114
0,x_tcsc,1-14,-0.10919026678444572,43,-0.10618555526997268,MAP_SCADA,29,0.0030047115144730407
1,B_svc,2,0.17006330659842472,43,0.17373769081908705,MAP_SCADA,29,0.0036743842206623245
2,UPFC_Vsh,5-15,1.1123500259968075,43,1.106213291744122,MAP_SCADA,29,0.006136734252685461
3,UPFC_tsh,5-15,-0.23560811988148292,43,-0.23548505946192488,MAP_SCADA,29,0.00012306041955803537
4,UPFC_Vse,5-15,0.057593251453399046,43,0.06346467738407933,MAP_SCADA,29,0.005871425930680289
5,UPFC_tse,5-15,-2.1151039880453184,43,-2.19365574243551,MAP_SCADA,29,0.07855175439019169
0,x_tcsc,1-14,-0.10530229352998717,44,-0.10618555526997268,MAP_SCADA,29,0.0008832617399855136
1,B_svc,2,0.1829660034812352,44,0.17373769081908705,MAP_SCADA,29,0.009228312662148158
2,UPFC_Vsh,5-15,1.109897014642047,44,1.106213291744122,MAP_SCADA,29,0.003683722897924957
3,UPFC_tsh,5-15,-0.23859001452834347,44,-0.23548505946192488,MAP_SCADA,29,0.0031049550664185854
4,UPFC_Vse,5-15,0.058221711031435495,44,0.06346467738407933,MAP_SCADA,29,0.005242966352643839
5,UPFC_tse,5-15,-2.116964072987721,44,-2.19365574243551,MAP_SCADA,29,0.07669166944778905
0,x_tcsc,1-14,-0.1069256538871445,45,-0.10618555526997268,MAP_SCADA,29,0.0007400986171718221
1,B_svc,2,0.177465266753047,45,0.17373769081908705,MAP_SCADA,29,0.003727575933959948
2,UPFC_Vsh,5-15,1.1114206874199102,45,1.106213291744122,MAP_SCADA,29,0.005207395675788096
3,UPFC_tsh,5-15,-0.23689545053861744,45,-0.23548505946192488,MAP_SCADA,29,0.001410391076692552
4,UPFC_Vse,5-15,0.057539741316308304,45,0.06346467738407933,MAP_SCADA,29,0.0059249360677710305
5,UPFC_tse,5-15,-2.1171370386148687,45,-2.19365574243551,MAP_SCADA,29,0.07651870382064141
0,x_tcsc,1-14,-0.10802781666215394,46,-0.10618555526997268,MAP_SCADA,29,0.0018422613921812575
1,B_svc,2,0.1738286788546785,46,0.17373769081908705,MAP_SCADA,29,9.098803559146051e-05
2,UPFC_Vsh,5-15,1.11293370639085,46,1.106213291744122,MAP_SCADA,29,0.006720414646727901
3,UPFC_tsh,5-15,-0.236790719974732,46,-0.23548505946192488,MAP_SCADA,29,0.0013056605128071164
4,UPFC_Vse,5-15,0.057103383298049065,46,0.06346467738407933,MAP_SCADA,29,0.00636129408603027
5,UPFC_tse,5-15,-2.1179202109526556,46,-2.19365574243551,MAP_SCADA,29,0.0757355314828545
0,x_tcsc,1-14,-0.10709329858503407,47,-0.10618555526997268,MAP_SCADA,29,0.0009077433150613823
1,B_svc,2,0.173253329722418,47,0.17373769081908705,MAP_SCADA,29,0.00048436109666905036
2,UPFC_Vsh,5-15,1.1130769853263658,47,1.106213291744122,MAP_SCADA,29,0.006863693582243702
3,UPFC_tsh,5-15,-0.23619945386340394,47,-0.23548505946192488,MAP_SCADA,29,0.0007143944014790515
4,UPFC_Vse,5-15,0.05764670213138666,47,0.06346467738407933,MAP_SCADA,29,0.005817975252692675
5,UPFC_tse,5-15,-2.1178733164843204,47,-2.19365574243551,MAP_SCADA,29,0.07578242595118967
0,x_tcsc,1-14,-0.10719051328101499,48,-0.10618555526997268,MAP_SCADA,29,0.0010049580110423062
1,B_svc,2,0.17618814701774743,48,0.17373769081908705,MAP_SCADA,29,0.0024504561986603834
2,UPFC_Vsh,5-15,1.1137388699268482,48,1.106213291744122,MAP_SCADA,29,0.007525578182726145
3,UPFC_tsh,5-15,-0.23554054106717964,48,-0.23548505946192488,MAP_SCADA,29,5.548160525475909e-05
4,UPFC_Vse,5-15,0.05692696717314711,48,0.06346467738407933,MAP_SCADA,29,0.006537710210932225
5,UPFC_tse,5-15,-2.118333333343752,48,-2.19365574243551,MAP_SCADA,29,0.07532240909175814
0,x_tcsc,1-14,-0.10866601044350763,49,-0.10618555526997268,MAP_SCADA,29,0.002480455173534943
1,B_svc,2,0.1710053873058158,49,0.17373769081908705,MAP_SCADA,29,0.0027323035132712503
2,UPFC_Vsh,5-15,1.1121595017507595,49,1.106213291744122,MAP_SCADA,29,0.00594621000663742
3,UPFC_tsh,5-15,-0.2359778989630055,49,-0.23548505946192488,MAP_SCADA,29,0.0004928395010806164
4,UPFC_Vse,5-15,0.05723723522516479,49,0.06346467738407933,MAP_SCADA,29,0.006227442158914548
5,UPFC_tse,5-15,-2.1162183015920553,49,-2.19365574243551,MAP_SCADA,29,0.07743744084345483
0,x_tcsc,1-14,-0.10901937796112277,50,-0.10618555526997268,MAP_SCADA,29,0.0028338226911500813
1,B_svc,2,0.16959306694005918,50,0.17373769081908705,MAP_SCADA,29,0.0041446238790278644
2,UPFC_Vsh,5-15,1.1129934283863259,50,1.106213291744122,MAP_SCADA,29,0.006780136642203782
3,UPFC_tsh,5-15,-0.23572793347299587,50,-0.23548505946192488,MAP_SCADA,29,0.0002428740110709815
4,UPFC_Vse,5-15,0.05764673609842407,50,0.06346467738407933,MAP_SCADA,29,0.005817941285655263
5,UPFC_tse,5-15,-2.118481715803393,50,-2.19365574243551,MAP_SCADA,29,0.07517402663211703
0,x_tcsc,1-14,-0.10931226325956275,51,-0.10618555526997268,MAP_SCADA,29,0.003126707989590069
1,B_svc,2,0.16790873900292247,51,0.17373769081908705,MAP_SCADA,29,0.005828951816164579
2,UPFC_Vsh,5-15,1.1126616705910577,51,1.106213291744122,MAP_SCADA,29,0.00644837884693561
3,UPFC_tsh,5-15,-0.2364188554805837,51,-0.23548505946192488,MAP_SCADA,29,0.0009337960186588112
4,UPFC_Vse,5-15,0.057683554161929884,51,0.06346467738407933,MAP_SCADA,29,0.005781123222149451
5,UPFC_tse,5-15,-2.1187258940414506,51,-2.19365574243551,MAP_SCADA,29,0.07492984839405947
0,x_tcsc,1-14,-0.10695079648572353,52,-0.10618555526997268,MAP_SCADA,29,0.0007652412157508476
1,B_svc,2,0.17765441432496182,52,0.17373769081908705,MAP_SCADA,29,0.00391672350587477
2,UPFC_Vsh,5-15,1.1107767750385993,52,1.106213291744122,MAP_SCADA,29,0.0045634832944772
3,UPFC_tsh,5-15,-0.23801910026457151,52,-0.23548505946192488,MAP_SCADA,29,0.002534040802646631
4,UPFC_Vse,5-15,0.05789410719761008,52,0.06346467738407933,MAP_SCADA,29,0.005570570186469254
5,UPFC_tse,5-15,-2.1180835578894164,52,-2.19365574243551,MAP_SCADA,29,0.07557218454609371
0,x_tcsc,1-14,-0.10579999281105353,53,-0.10618555526997268,MAP_SCADA,29,0.00038556245891915863
1,B_svc,2,0.18205396316733946,53,0.17373769081908705,MAP_SCADA,29,0.008316272348252413
2,UPFC_Vsh,5-15,1.109267996697699,53,1.106213291744122,MAP_SCADA,29,0.003054704953576959
3,UPFC_tsh,5-15,-0.23819604051412727,53,-0.23548505946192488,MAP_SCADA,29,0.0027109810522023825
4,UPFC_Vse,5-15,0.05724544595243886,53,0.06346467738407933,MAP_SCADA,29,0.006219231431640472
5,UPFC_tse,5-15,-2.1229365299297847,53,-2.19365574243551,MAP_SCADA,29,0.07071921250572544
0,x_tcsc,1-14,-0.106223577746768,54,-0.10618555526997268,MAP_SCADA,29,3.8022476795310234e-05
1,B_svc,2,0.17719157491400092,54,0.17373769081908705,MAP_SCADA,29,0.0034538840949138727
2,UPFC_Vsh,5-15,1.111956043609763,54,1.106213291744122,MAP_SCADA,29,0.005742751865640994
3,UPFC_tsh,5-15,-0.2378113739765671,54,-0.23548505946192488,MAP_SCADA,29,0.0023263145146422137
4,UPFC_Vse,5-15,0.057130967663296575,54,0.06346467738407933,MAP_SCADA,29,0.00633370972078276
5,UPFC_tse,5-15,-2.12161004485105,54,-2.19365574243551,MAP_SCADA,29,0.07204569758446011
0,x_tcsc,1-14,-0.1048808287150344,55,-0.10618555526997268,MAP_SCADA,29,0.001304726554938282
1,B_svc,2,0.18023016762748467,55,0.17373769081908705,MAP_SCADA,29,0.006492476808397624
2,UPFC_Vsh,5-15,1.111015522773831,55,1.106213291744122,MAP_SCADA,29,0.004802231029708892
3,UPFC_tsh,5-15,-0.2379659931537663,55,-0.23548505946192488,MAP_SCADA,29,0.0024809336918414082
4,UPFC_Vse,5-15,0.05771664330509277,55,0.06346467738407933,MAP_SCADA,29,0.005748034078986566
5,UPFC_tse,5-15,-2.1190069084086782,55,-2.19365574243551,MAP_SCADA,29,0.07464883402683187
0,x_tcsc,1-14,-0.10573173835744157,56,-0.10618555526997268,MAP_SCADA,29,0.0004538169125311159
1,B_svc,2,0.1817970034926586,56,0.17373769081908705,MAP_SCADA,29,0.008059312673571545
2,UPFC_Vsh,5-15,1.111027770285367,56,1.106213291744122,MAP_SCADA,29,0.004814478541244949
3,UPFC_tsh,5-15,-0.23812830497551066,56,-0.23548505946192488,MAP_SCADA,29,0.0026432455135857735
4,UPFC_Vse,5-15,0.05736210880287201,56,0.06346467738407933,MAP_SCADA,29,0.006102568581207328
5,UPFC_tse,5-15,-2.1198983441293033,56,-2.19365574243551,MAP_SCADA,29,0.07375739830620676
0,x_tcsc,1-14,-0.10709092763731871,57,-0.10618555526997268,MAP_SCADA,29,0.0009053723673460301
1,B_svc,2,0.17484046073839904,57,0.17373769081908705,MAP_SCADA,29,0.001102769919311991
2,UPFC_Vsh,5-15,1.1133469525661213,57,1.106213291744122,MAP_SCADA,29,0.007133660821999177
3,UPFC_tsh,5-15,-0.23718555045047204,57,-0.23548505946192488,MAP_SCADA,29,0.0017004909885471597
4,UPFC_Vse,5-15,0.057613084439732426,57,0.06346467738407933,MAP_SCADA,29,0.005851592944346909
5,UPFC_tse,5-15,-2.1183658311697195,57,-2.19365574243551,MAP_SCADA,29,0.07528991126579054
0,x_tcsc,1-14,-0.10714063314851686,58,-0.10618555526997268,MAP_SCADA,29,0.0009550778785441805
1,B_svc,2,0.17242772742543125,58,0.17373769081908705,MAP_SCADA,29,0.0013099633936557997
2,UPFC_Vsh,5-15,1.1108335546560917,58,1.106213291744122,MAP_SCADA,29,0.004620262911969597
3,UPFC_tsh,5-15,-0.23746284602796666,58,-0.23548505946192488,MAP_SCADA,29,0.001977786566041778
4,UPFC_Vse,5-15,0.05689107134771026,58,0.06346467738407933,MAP_SCADA,29,0.006573606036369077
5,UPFC_tse,5-15,-2.122073449832775,58,-2.19365574243551,MAP_SCADA,29,0.07158229260273519
0,x_tcsc,1-14,-0.10523444359924194,59,-0.10618555526997268,MAP_SCADA,29,0.0009511116707307393
1,B_svc,2,0.1793597647528677,59,0.17373769081908705,MAP_SCADA,29,0.005622073933780641
2,UPFC_Vsh,5-15,1.1107857115531186,59,1.106213291744122,MAP_SCADA,29,0.004572419808996475
3,UPFC_tsh,5-15,-0.23789177797441755,59,-0.23548505946192488,MAP_SCADA,29,0.0024067185124926616
4,UPFC_Vse,5-15,0.05768282997508247,59,0.06346467738407933,MAP_SCADA,29,0.005781847408996864
5,UPFC_tse,5-15,-2.1181873406560845,59,-2.19365574243551,MAP_SCADA,29,0.0754684017794256
0,x_tcsc,1-14,-0.10945176150756852,60,-0.10618555526997268,MAP_SCADA,29,0.0032662062375958395
1,B_svc,2,0.16935793383633752,60,0.17373769081908705,MAP_SCADA,29,0.004379756982749533
2,UPFC_Vsh,5-15,1.1139613169432452,60,1.106213291744122,MAP_SCADA,29,0.007748025199123099
3,UPFC_tsh,5-15,-0.23566920134996264,60,-0.23548505946192488,MAP_SCADA,29,0.00018414188803775322
4,UPFC_Vse,5-15,0.05720458411055312,60,0.06346467738407933,MAP_SCADA,29,0.006260093273526217
5,UPFC_tse,5-15,-2.1149588358461378,60,-2.19365574243551,MAP_SCADA,29,0.07869690658937234
0,x_tcsc,1-14,-0.10905522365335318,61,-0.10618555526997268,MAP_SCADA,29,0.0028696683833805
1,B_svc,2,0.1703607647786208,61,0.17373769081908705,MAP_SCADA,29,0.003376926040466244
2,UPFC_Vsh,5-15,1.1130767083751107,61,1.106213291744122,MAP_SCADA,29,0.006863416630988661
3,UPFC_tsh,5-15,-0.23544033055215907,61,-0.23548505946192488,MAP_SCADA,29,4.472890976581212e-05
4,UPFC_Vse,5-15,0.057875494250938325,61,0.06346467738407933,MAP_SCADA,29,0.00558918313314101
5,UPFC_tse,5-15,-2.1204281948282167,61,-2.19365574243551,MAP_SCADA,29,0.07322754760729344
0,x_tcsc,1-14,-0.10733114663304694,62,-0.10618555526997268,MAP_SCADA,29,0.0011455913630742526
1,B_svc,2,0.17367688990675537,62,0.17373769081908705,MAP_SCADA,29,6.0800912331682166e-05
2,UPFC_Vsh,5-15,1.1121862943112313,62,1.106213291744122,MAP_SCADA,29,0.005973002567109198
3,UPFC_tsh,5-15,-0.23622970029102125,62,-0.23548505946192488,MAP_SCADA,29,0.0007446408290963658
4,UPFC_Vse,5-15,0.057647980839804165,62,0.06346467738407933,MAP_SCADA,29,0.00581669654427517
5,UPFC_tse,5-15,-2.1197384212927988,62,-2.19365574243551,MAP_SCADA,29,0.07391732114271132
0,x_tcsc,1-14,-0.10940497005741741,63,-0.10618555526997268,MAP_SCADA,29,0.0032194147874447243
1,B_svc,2,0.1726336661398208,63,0.17373769081908705,MAP_SCADA,29,0.0011040246792662356
2,UPFC_Vsh,5-15,1.1087398307270746,63,1.106213291744122,MAP_SCADA,29,0.0025265389829525198
3,UPFC_tsh,5-15,-0.2373871645118825,63,-0.23548505946192488,MAP_SCADA,29,0.0019021050499576087
4,UPFC_Vse,5-15,0.05776814794156133,63,0.06346467738407933,MAP_SCADA,29,0.005696529442518007
5,UPFC_tse,5-15,-2.121343863462053,63,-2.19365574243551,MAP_SCADA,29,0.07231187897345714
0,x_tcsc,1-14,-0.1046949546236351,64,-0.10618555526997268,MAP_SCADA,29,0.0014906006463375893
1,B_svc,2,0.183445376860306,64,0.17373769081908705,MAP_SCADA,29,0.009707686041218938
2,UPFC_Vsh,5-15,1.1131989879091804,64,1.106213291744122,MAP_SCADA,29,0.006985696165058286
3,UPFC_tsh,5-15,-0.23781862115688623,64,-0.23548505946192488,MAP_SCADA,29,0.0023335616949613502
4,UPFC_Vse,5-15,0.05759710799066543,64,0.06346467738407933,MAP_SCADA,29,0.005867569393413902
5,UPFC_tse,5-15,-2.1232312397924127,64,-2.19365574243551,MAP_SCADA,29,0.07042450264309741
0,x_tcsc,1-14,-0.10787113157761462,65,-0.10618555526997268,MAP_SCADA,29,0.0016855763076419339
1,B_svc,2,0.17266875712225543,65,0.17373769081908705,MAP_SCADA,29,0.0010689336968316143
2,UPFC_Vsh,5-15,1.112803249263745,65,1.106213291744122,MAP_SCADA,29,0.00658995751962288
3,UPFC_tsh,5-15,-0.23576020759578165,65,-0.23548505946192488,MAP_SCADA,29,0.00027514813385676185
4,UPFC_Vse,5-15,0.05738668038712711,65,0.06346467738407933,MAP_SCADA,29,0.006077996996952224
5,UPFC_tse,5-15,-2.117628484366634,65,-2.19365574243551,MAP_SCADA,29,0.07602725806887589
0,x_tcsc,1-14,-0.10607910744277634,66,-0.10618555526997268,MAP_SCADA,29,0.00010644782719634871
1,B_svc,2,0.1785011070050042,66,0.17373769081908705,MAP_SCADA,29,0.004763416185917163
2,UPFC_Vsh,5-15,1.1122669093630733,66,1.106213291744122,MAP_SCADA,29,0.006053617618951179
3,UPFC_tsh,5-15,-0.2376299527673899,66,-0.23548505946192488,MAP_SCADA,29,0.002144893305465023
4,UPFC_Vse,5-15,0.0580228728162041,66,0.06346467738407933,MAP_SCADA,29,0.005441804567875234
5,UPFC_tse,5-15,-2.11588414783405,66,-2.19365574243551,MAP_SCADA,29,0.07777159460145988
0,x_tcsc,1-14,-0.10464633199777319,67,-0.10618555526997268,MAP_SCADA,29,0.0015392232721994914
1,B_svc,2,0.1819534129198583,67,0.17373769081908705,MAP_SCADA,29,0.008215722100771261
2,UPFC_Vsh,5-15,1.1109878453087363,67,1.106213291744122,MAP_SCADA,29,0.0047745535646142034
3,UPFC_tsh,5-15,-0.23816703002760867,67,-0.23548505946192488,MAP_SCADA,29,0.0026819705656837833
4,UPFC_Vse,5-15,0.0575155112696389,67,0.06346467738407933,MAP_SCADA,29,0.005949166114440435
5,UPFC_tse,5-15,-2.1243584023779603,67,-2.19365574243551,MAP_SCADA,29,0.06929734005754984
0,x_tcsc,1-14,-0.1048884806969986,68,-0.10618555526997268,MAP_SCADA,29,0.0012970745729740801
1,B_svc,2,0.18233020135967012,68,0.17373769081908705,MAP_SCADA,29,0.008592510540583076
2,UPFC_Vsh,5-15,1.1126787375375116,68,1.106213291744122,MAP_SCADA,29,0.006465445793389479
3,UPFC_tsh,5-15,-0.23729777185293432,68,-0.23548505946192488,MAP_SCADA,29,0.0018127123910094411
4,UPFC_Vse,5-15,0.057497301850630324,68,0.06346467738407933,MAP_SCADA,29,0.005967375533449011
5,UPFC_tse,5-15,-2.117353272936879,68,-2.19365574243551,MAP_SCADA,29,0.07630246949863118
0,x_tcsc,1-14,-0.10890222542618458,69,-0.10618555526997268,MAP_SCADA,29,0.002716670156211895
1,B_svc,2,0.16834420117020463,69,0.17373769081908705,MAP_SCADA,29,0.005393489648882421
2,UPFC_Vsh,5-15,1.1131104914482013,69,1.106213291744122,MAP_SCADA,29,0.006897199704079204
3,UPFC_tsh,5-15,-0.23620664066360444,69,-0.23548505946192488,MAP_SCADA,29,0.0007215812016795609
4,UPFC_Vse,5-15,0.05712520081716381,69,0.06346467738407933,MAP_SCADA,29,0.006339476566915525
5,UPFC_tse,5-15,-2.116181775780159,69,-2.19365574243551,MAP_SCADA,29,0.07747396665535122
0,x_tcsc,1-14,-0.10783954312107445,70,-0.10618555526997268,MAP_SCADA,29,0.001653987851101768
1,B_svc,2,0.1738012616177895,70,0.17373769081908705,MAP_SCADA,29,6.35707987024503e-05
2,UPFC_Vsh,5-15,1.109946175601687,70,1.106213291744122,MAP_SCADA,29,0.0037328838575649836
3,UPFC_tsh,5-15,-0.2370955958356482,70,-0.23548505946192488,MAP_SCADA,29,0.0016105363737233258
4,UPFC_Vse,5-15,0.057627049096513644,70,0.06346467738407933,MAP_SCADA,29,0.005837628287565691
5,UPFC_tse,5-15,-2.1202167991094587,70,-2.19365574243551,MAP_SCADA,29,0.07343894332605139
0,x_tcsc,1-14,-0.10534847168056283,71,-0.10618555526997268,MAP_SCADA,29,0.0008370835894098566
1,B_svc,2,0.17955172099397773,71,0.17373769081908705,MAP_SCADA,29,0.005814030174890683
2,UPFC_Vsh,5-15,1.1117192574047965,71,1.106213291744122,MAP_SCADA,29,0.005505965660674406
3,UPFC_tsh,5-15,-0.23820653589537907,71,-0.23548505946192488,MAP_SCADA,29,0.0027214764334541897
4,UPFC_Vse,5-15,0.05754757811938391,71,0.06346467738407933,MAP_SCADA,29,0.005917099264695427
5,UPFC_tse,5-15,-2.121658366823909,71,-2.19365574243551,MAP_SCADA,29,0.07199737561160102
0,x_tcsc,1-14,-0.10742294616001442,72,-0.10618555526997268,MAP_SCADA,29,0.0012373908900417396
1,B_svc,2,0.17430469223433764,72,0.17373769081908705,MAP_SCADA,29,0.0005670014152505953
2,UPFC_Vsh,5-15,1.1143541824961813,72,1.106213291744122,MAP_SCADA,29,0.00814089075205926
3,UPFC_tsh,5-15,-0.23620451737193204,72,-0.23548505946192488,MAP_SCADA,29,0.0007194579100071596
4,UPFC_Vse,5-15,0.0572197988624672,72,0.06346467738407933,MAP_SCADA,29,0.006244878521612138
5,UPFC_tse,5-15,-2.113452791129322,72,-2.19365574243551,MAP_SCADA,29,0.08020295130618793
0,x_tcsc,1-14,-0.10922969344645563,73,-0.10618555526997268,MAP_SCADA,29,0.003044138176482941
1,B_svc,2,0.16525146255622622,73,0.17373769081908705,MAP_SCADA,29,0.008486228262860829
2,UPFC_Vsh,5-15,1.1134568370282656,73,1.106213291744122,MAP_SCADA,29,0.007243545284143504
3,UPFC_tsh,5-15,-0.2356698992780358,73,-0.23548505946192488,MAP_SCADA,29,0.00018483981611092104
4,UPFC_Vse,5-15,0.05714227536138494,73,0.06346467738407933,MAP_SCADA,29,0.006322402022694393
5,UPFC_tse,5-15,-2.119651091064688,73,-2.19365574243551,MAP_SCADA,29,0.07400465137082213
0,x_tcsc,1-14,-0.10431792148953327,74,-0.10618555526997268,MAP_SCADA,29,0.001867633780439415
1,B_svc,2,0.1811248064659187,74,0.17373769081908705,MAP_SCADA,29,0.0073871156468316435
2,UPFC_Vsh,5-15,1.1099430822379803,74,1.106213291744122,MAP_SCADA,29,0.0037297904938582427
3,UPFC_tsh,5-15,-0.23852746172805828,74,-0.23548505946192488,MAP_SCADA,29,0.0030424022661333927
4,UPFC_Vse,5-15,0.05784374657307531,74,0.06346467738407933,MAP_SCADA,29,0.005620930811004024
5,UPFC_tse,5-15,-2.121425096913782,74,-2.19365574243551,MAP_SCADA,29,0.07223064552172831
0,x_tcsc,1-14,-0.103353053211812,75,-0.10618555526997268,MAP_SCADA,29,0.0028325020581606852
1,B_svc,2,0.18807150083032478,75,0.17373769081908705,MAP_SCADA,29,0.014333810011237735
2,UPFC_Vsh,5-15,1.1111700606315367,75,1.106213291744122,MAP_SCADA,29,0.0049567688874145865
3,UPFC_tsh,5-15,-0.2388301118941401,75,-0.23548505946192488,MAP_SCADA,29,0.003345052432215223
4,UPFC_Vse,5-15,0.057665588016663855,75,0.06346467738407933,MAP_SCADA,29,0.00579908936741548
5,UPFC_tse,5-15,-2.123561272171615,75,-2.19365574243551,MAP_SCADA,29,0.07009447026389504
0,x_tcsc,1-14,-0.10893838338128896,76,-0.10618555526997268,MAP_SCADA,29,0.0027528281113162745
1,B_svc,2,0.17015960069209635,76,0.17373769081908705,MAP_SCADA,29,0.0035780901269907017
2,UPFC_Vsh,5-15,1.1136347042650967,76,1.106213291744122,MAP_SCADA,29,0.007421412520974613
3,UPFC_tsh,5-15,-0.2356088372004739,76,-0.23548505946192488,MAP_SCADA,29,0.00012377773854901908
4,UPFC_Vse,5-15,0.05739174891156154,76,0.06346467738407933,MAP_SCADA,29,0.006072928472517794
5,UPFC_tse,5-15,-2.1131298745475315,76,-2.19365574243551,MAP_SCADA,29,0.08052586788797855
0,x_tcsc,1-14,-0.10677148640328579,77,-0.10618555526997268,MAP_SCADA,29,0.0005859311333131084
1,B_svc,2,0.17490146294845868,77,0.17373769081908705,MAP_SCADA,29,0.0011637721293716319
2,UPFC_Vsh,5-15,1.1099104962836785,77,1.106213291744122,MAP_SCADA,29,0.0036972045395564646
3,UPFC_tsh,5-15,-0.2369514487516909,77,-0.23548505946192488,MAP_SCADA,29,0.0014663892897660291
4,UPFC_Vse,5-15,0.05773714951810732,77,0.06346467738407933,MAP_SCADA,29,0.0057275278659720125
5,UPFC_tse,5-15,-2.1166647015932987,77,-2.19365574243551,MAP_SCADA,29,0.07699104084221142
0,x_tcsc,1-14,-0.10924023694539466,78,-0.10618555526997268,MAP_SCADA,29,0.003054681675421972
1,B_svc,2,0.17022007529560623,78,0.17373769081908705,MAP_SCADA,29,0.003517615523480816
2,UPFC_Vsh,5-15,1.1133807467142431,78,1.106213291744122,MAP_SCADA,29,0.007167454970121057
3,UPFC_tsh,5-15,-0.23596645081338674,78,-0.23548505946192488,MAP_SCADA,29,0.0004813913514618573
4,UPFC_Vse,5-15,0.05711119384068331,78,0.06346467738407933,MAP_SCADA,29,0.006353483543396023
5,UPFC_tse,5-15,-2.118052252316137,78,-2.19365574243551,MAP_SCADA,29,0.07560349011937317
0,x_tcsc,1-14,-0.10743509187356443,79,-0.10618555526997268,MAP_SCADA,29,0.0012495366035917416
1,B_svc,2,0.17324594257769063,79,0.17373769081908705,MAP_SCADA,29,0.0004917482413964169
2,UPFC_Vsh,5-15,1.108719981361768,79,1.106213291744122,MAP_SCADA,29,0.0025066896176459963
3,UPFC_tsh,5-15,-0.23807533379593204,79,-0.23548505946192488,MAP_SCADA,29,0.002590274334007159
4,UPFC_Vse,5-15,0.05754558435882357,79,0.06346467738407933,MAP_SCADA,29,0.005919093025255763
5,UPFC_tse,5-15,-2.119357535515237,79,-2.19365574243551,MAP_SCADA,29,0.07429820692027311
0,x_tcsc,1-14,-0.107329286458181,80,-0.10618555526997268,MAP_SCADA,29,0.001143731188208319
1,B_svc,2,0.17772680523582715,80,0.17373769081908705,MAP_SCADA,29,0.003989114416740103
2,UPFC_Vsh,5-15,1.1115344080452432,80,1.106213291744122,MAP_SCADA,29,0.005321116301121087
3,UPFC_tsh,5-15,-0.23749761612930478,80,-0.23548505946192488,MAP_SCADA,29,0.0020125566673799
4,UPFC_Vse,5-15,0.05787973421424841,80,0.06346467738407933,MAP_SCADA,29,0.005584943169830922
5,UPFC_tse,5-15,-2.11619148161768,80,-2.19365574243551,MAP_SCADA,29,0.07746426081782998
0,x_tcsc,1-14,-0.10845470603263258,81,-0.10618555526997268,MAP_SCADA,29,0.002269150762659891
1,B_svc,2,0.17185062316901872,81,0.17373769081908705,MAP_SCADA,29,0.0018870676500683248
2,UPFC_Vsh,5-15,1.1136041315982959,81,1.106213291744122,MAP_SCADA,29,0.00739083985417377
3,UPFC_tsh,5-15,-0.2352518795033683,81,-0.23548505946192488,MAP_SCADA,29,0.00023317995855659523
4,UPFC_Vse,5-15,0.0565316838469432,81,0.06346467738407933,MAP_SCADA,29,0.006932993537136133
5,UPFC_tse,5-15,-2.121089216774669,81,-2.19365574243551,MAP_SCADA,29,0.07256652566084121
0,x_tcsc,1-14,-0.10728363738035555,82,-0.10618555526997268,MAP_SCADA,29,0.0010980821103828697
1,B_svc,2,0.17660953080738076,82,0.17373769081908705,MAP_SCADA,29,0.002871839988293712
2,UPFC_Vsh,5-15,1.1133363796913327,82,1.106213291744122,MAP_SCADA,29,0.007123087947210616
3,UPFC_tsh,5-15,-0.23557723587673135,82,-0.23548505946192488,MAP_SCADA,29,9.217641480646632e-05
4,UPFC_Vse,5-15,0.057052670988737716,82,0.06346467738407933,MAP_SCADA,29,0.006412006395341618
5,UPFC_tse,5-15,-2.1125245344276045,82,-2.19365574243551,MAP_SCADA,29,0.08113120800790563
0,x_tcsc,1-14,-0.10704909661563972,83,-0.10618555526997268,MAP_SCADA,29,0.0008635413456670321
1,B_svc,2,0.17439535340915538,83,0.17373769081908705,MAP_SCADA,29,0.0006576625900683308
2,UPFC_Vsh,5-15,1.1138189432401893,83,1.106213291744122,MAP_SCADA,29,0.007605651496067178
3,UPFC_tsh,5-15,-0.23591608576235498,83,-0.23548505946192488,MAP_SCADA,29,0.0004310263004300985
4,UPFC_Vse,5-15,0.05755680394915602,83,0.06346467738407933,MAP_SCADA,29,0.005907873434923314
5,UPFC_tse,5-15,-2.1157134403197753,83,-2.19365574243551,MAP_SCADA,29,0.07794230211573483
0,x_tcsc,1-14,-0.10676170257170853,84,-0.10618555526997268,MAP_SCADA,29,0.0005761473017358437
1,B_svc,2,0.17690582416355186,84,0.17373769081908705,MAP_SCADA,29,0.0031681333444648074
2,UPFC_Vsh,5-15,1.1119187557480708,84,1.106213291744122,MAP_SCADA,29,0.005705464003948668
3,UPFC_tsh,5-15,-0.23693835217805137,84,-0.23548505946192488,MAP_SCADA,29,0.0014532927161264864
4,UPFC_Vse,5-15,0.05779647132148402,84,0.06346467738407933,MAP_SCADA,29,0.005668206062595313
5,UPFC_tse,5-15,-2.119832423144779,84,-2.19365574243551,MAP_SCADA,29,0.07382331929073116
0,x_tcsc,1-14,-0.10433107499372325,85,-0.10618555526997268,MAP_SCADA,29,0.0018544802762494317
1,B_svc,2,0.18503884107302948,85,0.17373769081908705,MAP_SCADA,29,0.011301150253942432
2,UPFC_Vsh,5-15,1.1096490244908552,85,1.106213291744122,MAP_SCADA,29,0.0034357327467331444
3,UPFC_tsh,5-15,-0.23908337904595656,85,-0.23548505946192488,MAP_SCADA,29,0.003598319584031673
4,UPFC_Vse,5-15,0.057711255599064704,85,0.06346467738407933,MAP_SCADA,29,0.005753421785014631
5,UPFC_tse,5-15,-2.121862773911793,85,-2.19365574243551,MAP_SCADA,29,0.07179296852371708
0,x_tcsc,1-14,-0.10627085253489142,86,-0.10618555526997268,MAP_SCADA,29,8.529726491873779e-05
1,B_svc,2,0.177950381895317,86,0.17373769081908705,MAP_SCADA,29,0.004212691076229957
2,UPFC_Vsh,5-15,1.1115180763241355,86,1.106213291744122,MAP_SCADA,29,0.0053047845800133775
3,UPFC_tsh,5-15,-0.23679857101651225,86,-0.23548505946192488,MAP_SCADA,29,0.0013135115545873655
4,UPFC_Vse,5-15,0.057956856977195124,86,0.06346467738407933,MAP_SCADA,29,0.00550782040688421
5,UPFC_tse,5-15,-2.1201205352270294,86,-2.19365574243551,MAP_SCADA,29,0.07353520720848072
0,x_tcsc,1-14,-0.10651687940064776,87,-0.10618555526997268,MAP_SCADA,29,0.0003313241306750758
1,B_svc,2,0.18254309035161495,87,0.17373769081908705,MAP_SCADA,29,0.008805399532527902
2,UPFC_Vsh,5-15,1.1098899213950526,87,1.106213291744122,MAP_SCADA,29,0.0036766296509305185
3,UPFC_tsh,5-15,-0.23761277738038303,87,-0.23548505946192488,MAP_SCADA,29,0.002127717918458144
4,UPFC_Vse,5-15,0.0574593173937414,87,0.06346467738407933,MAP_SCADA,29,0.0060053599903379315
5,UPFC_tse,5-15,-2.121138093764339,87,-2.19365574243551,MAP_SCADA,29,0.07251764867117094
0,x_tcsc,1-14,-0.1056307771781821,88,-0.10618555526997268,MAP_SCADA,29,0.0005547780917905809
1,B_svc,2,0.1824884266434068,88,0.17373769081908705,MAP_SCADA,29,0.00875073582431976
2,UPFC_Vsh,5-15,1.1101963057729272,88,1.106213291744122,MAP_SCADA,29,0.003983014028805076
3,UPFC_tsh,5-15,-0.23763002628571525,88,-0.23548505946192488,MAP_SCADA,29,0.0021449668237903674
4,UPFC_Vse,5-15,0.05706675078108499,88,0.06346467738407933,MAP_SCADA,29,0.006397926602994347
5,UPFC_tse,5-15,-2.1196074179549385,88,-2.19365574243551,MAP_SCADA,29,0.07404832448057164
0,x_tcsc,1-14,-0.1068650757269267,89,-0.10618555526997268,MAP_SCADA,29,0.0006795204569540192
1,B_svc,2,0.17718067164134646,89,0.17373769081908705,MAP_SCADA,29,0.0034429808222594116
2,UPFC_Vsh,5-15,1.1127660092473064,89,1.106213291744122,MAP_SCADA,29,0.006552717503184313
3,UPFC_tsh,5-15,-0.2373073844773539,89,-0.23548505946192488,MAP_SCADA,29,0.001822325015429005
4,UPFC_Vse,5-15,0.05689366350326791,89,0.06346467738407933,MAP_SCADA,29,0.006571013880811424
5,UPFC_tse,5-15,-2.117896080173778,89,-2.19365574243551,MAP_SCADA,29,0.07575966226173225
0,x_tcsc,1-14,-0.10699046471291579,90,-0.10618555526997268,MAP_SCADA,29,0.0008049094429431053
1,B_svc,2,0.17719256344522044,90,0.17373769081908705,MAP_SCADA,29,0.003454872626133393
2,UPFC_Vsh,5-15,1.109052539356643,90,1.106213291744122,MAP_SCADA,29,0.0028392476125209676
3,UPFC_tsh,5-15,-0.23785065622494828,90,-0.23548505946192488,MAP_SCADA,29,0.002365596763023392
4,UPFC_Vse,5-15,0.05830466828765745,90,0.06346467738407933,MAP_SCADA,29,0.0051600090964218845
5,UPFC_tse,5-15,-2.120107730975188,90,-2.19365574243551,MAP_SCADA,29,0.0735480114603222
0,x_tcsc,1-14,-0.10506074381709783,91,-0.10618555526997268,MAP_SCADA,29,0.001124811452874852
1,B_svc,2,0.18563134723275895,91,0.17373769081908705,MAP_SCADA,29,0.011893656413671905
2,UPFC_Vsh,5-15,1.107344280444785,91,1.106213291744122,MAP_SCADA,29,0.0011309887006629715
3,UPFC_tsh,5-15,-0.24009200989541232,91,-0.23548505946192488,MAP_SCADA,29,0.004606950433487439
4,UPFC_Vse,5-15,0.05745016323994678,91,0.06346467738407933,MAP_SCADA,29,0.006014514144132552
5,UPFC_tse,5-15,-2.129716491830026,91,-2.19365574243551,MAP_SCADA,29,0.06393925060548389
0,x_tcsc,1-14,-0.10843316130367997,92,-0.10618555526997268,MAP_SCADA,29,0.002247606033707286
1,B_svc,2,0.171724517507776,92,0.17373769081908705,MAP_SCADA,29,0.0020131733113110395
2,UPFC_Vsh,5-15,1.1124955617280345,92,1.106213291744122,MAP_SCADA,29,0.0062822699839124585
3,UPFC_tsh,5-15,-0.23592061914407508,92,-0.23548505946192488,MAP_SCADA,29,0.00043555968215019947
4,UPFC_Vse,5-15,0.05764937454389893,92,0.06346467738407933,MAP_SCADA,29,0.005815302840180406
5,UPFC_tse,5-15,-2.115887173504994,92,-2.19365574243551,MAP_SCADA,29,0.07776856893051631
0,x_tcsc,1-14,-0.10527819592613752,93,-0.10618555526997268,MAP_SCADA,29,0.0009073593438351651
1,B_svc,2,0.18394801974922592,93,0.17373769081908705,MAP_SCADA,29,0.010210328930138873
2,UPFC_Vsh,5-15,1.1121927994121752,93,1.106213291744122,MAP_SCADA,29,0.005979507668053108
3,UPFC_tsh,5-15,-0.23767845269493082,93,-0.23548505946192488,MAP_SCADA,29,0.002193393233005936
4,UPFC_Vse,5-15,0.05811935876557973,93,0.06346467738407933,MAP_SCADA,29,0.005345318618499607
5,UPFC_tse,5-15,-2.1160067421541595,93,-2.19365574243551,MAP_SCADA,29,0.07764900028135058
0,x_tcsc,1-14,-0.10848267666552323,94,-0.10618555526997268,MAP_SCADA,29,0.00229712139555055
1,B_svc,2,0.17129404864009537,94,0.17373769081908705,MAP_SCADA,29,0.0024436421789916785
2,UPFC_Vsh,5-15,1.1113930301542858,94,1.106213291744122,MAP_SCADA,29,0.005179738410163726
3,UPFC_tsh,5-15,-0.2362084475764398,94,-0.23548505946192488,MAP_SCADA,29,0.0007233881145149168
4,UPFC_Vse,5-15,0.057179680241642564,94,0.06346467738407933,MAP_SCADA,29,0.006284997142436771
5,UPFC_tse,5-15,-2.117519973685605,94,-2.19365574243551,MAP_SCADA,29,0.07613576874990491
0,x_tcsc,1-14,-0.10609612643226632,95,-0.10618555526997268,MAP_SCADA,29,8.942883770636512e-05
1,B_svc,2,0.18034927342603962,95,0.17373769081908705,MAP_SCADA,29,0.006611582606952576
2,UPFC_Vsh,5-15,1.1081572271684876,95,1.106213291744122,MAP_SCADA,29,0.0019439354243655504
3,UPFC_tsh,5-15,-0.23896856849243206,95,-0.23548505946192488,MAP_SCADA,29,0.003483509030507176
4,UPFC_Vse,5-15,0.05827706701732483,95,0.06346467738407933,MAP_SCADA,29,0.005187610366754504
5,UPFC_tse,5-15,-2.1231450659637763,95,-2.19365574243551,MAP_SCADA,29,0.07051067647173381
0,x_tcsc,1-14,-0.11072494674634924,96,-0.10618555526997268,MAP_SCADA,29,0.004539391476376553
1,B_svc,2,0.16382259331556495,96,0.17373769081908705,MAP_SCADA,29,0.009915097503522097
2,UPFC_Vsh,5-15,1.1131482719824068,96,1.106213291744122,MAP_SCADA,29,0.00693498023828476
3,UPFC_tsh,5-15,-0.23519080502005715,96,-0.23548505946192488,MAP_SCADA,29,0.00029425444186773064
4,UPFC_Vse,5-15,0.057372158170830606,96,0.06346467738407933,MAP_SCADA,29,0.006092519213248729
5,UPFC_tse,5-15,-2.1161767640182254,96,-2.19365574243551,MAP_SCADA,29,0.07747897841728468
0,x_tcsc,1-14,-0.10717201549915735,97,-0.10618555526997268,MAP_SCADA,29,0.0009864602291846658
1,B_svc,2,0.17993119020529763,97,0.17373769081908705,MAP_SCADA,29,0.0061934993862105825
2,UPFC_Vsh,5-15,1.1113859768397536,97,1.106213291744122,MAP_SCADA,29,0.005172685095631513
3,UPFC_tsh,5-15,-0.23733175664322106,97,-0.23548505946192488,MAP_SCADA,29,0.0018466971812961808
4,UPFC_Vse,5-15,0.05756112498967703,97,0.06346467738407933,MAP_SCADA,29,0.005903552394402302
5,UPFC_tse,5-15,-2.1183860517395594,97,-2.19365574243551,MAP_SCADA,29,0.07526969069595069
0,x_tcsc,1-14,-0.10794320493711781,98,-0.10618555526997268,MAP_SCADA,29,0.0017576496671451308
1,B_svc,2,0.17594575429682419,98,0.17373769081908705,MAP_SCADA,29,0.0022080634777371377
2,UPFC_Vsh,5-15,1.1139945785284209,98,1.106213291744122,MAP_SCADA,29,0.007781286784298791
3,UPFC_tsh,5-15,-0.23616473699877685,98,-0.23548505946192488,MAP_SCADA,29,0.0006796775368519692
4,UPFC_Vse,5-15,0.057481413833521275,98,0.06346467738407933,MAP_SCADA,29,0.00598326355055806
5,UPFC_tse,5-15,-2.1167090690392265,98,-2.19365574243551,MAP_SCADA,29,0.07694667339628358
0,x_tcsc,1-14,-0.10549981687781415,99,-0.10618555526997268,MAP_SCADA,29,0.000685738392158533
1,B_svc,2,0.18435980766770546,99,0.17373769081908705,MAP_SCADA,29,0.010622116848618413
2,UPFC_Vsh,5-15,1.110605632781286,99,1.106213291744122,MAP_SCADA,29,0.004392341037164016
3,UPFC_tsh,5-15,-0.23879532010179283,99,-0.23548505946192488,MAP_SCADA,29,0.0033102606398679457
4,UPFC_Vse,5-15,0.0585592895290129,99,0.06346467738407933,MAP_SCADA,29,0.0049053878550664315
5,UPFC_tse,5-15,-2.120240844202484,99,-2.19365574243551,MAP_SCADA,29,0.07341489823302627
0,x_tcsc,1-14,-0.10671143253086024,0,-0.10736529943830521,MAP_SCADA,31,0.0006538669074449693
1,B_svc,2,0.17853734538277877,0,0.17486244140871618,MAP_SCADA,31,0.0036749039740625877
2,UPFC_Vsh,5-15,1.1109207789140585,0,1.1061332951757237,MAP_SCADA,31,0.004787483738334819
3,UPFC_tsh,5-15,-0.23731745143979585,0,-0.23502928821494312,MAP_SCADA,31,0.0022881632248527295
4,UPFC_Vse,5-15,0.05763375636709128,0,0.062225508284088855,MAP_SCADA,31,0.004591751916997573
5,UPFC_tse,5-15,-2.121116529035107,0,-2.185793188678617,MAP_SCADA,31,0.06467665964350999
0,x_tcsc,1-14,-0.10884679222871829,1,-0.10736529943830521,MAP_SCADA,31,0.0014814927904130831
1,B_svc,2,0.17210654984970408,1,0.17486244140871618,MAP_SCADA,31,0.002755891559012097
2,UPFC_Vsh,5-15,1.1125691339351063,1,1.1061332951757237,MAP_SCADA,31,0.006435838759382584
3,UPFC_tsh,5-15,-0.23614062783557177,1,-0.23502928821494312,MAP_SCADA,31,0.0011113396206286486
4,UPFC_Vse,5-15,0.05726992650712081,1,0.062225508284088855,MAP_SCADA,31,0.004955581776968046
5,UPFC_tse,5-15,-2.114605669181904,1,-2.185793188678617,MAP_SCADA,31,0.07118751949671287
0,x_tcsc,1-14,-0.106438597648498,2,-0.10736529943830521,MAP_SCADA,31,0.0009267017898072077
1,B_svc,2,0.17900573324605812,2,0.17486244140871618,MAP_SCADA,31,0.004143291837341939
2,UPFC_Vsh,5-15,1.110557377207309,2,1.1061332951757237,MAP_SCADA,31,0.004424082031585286
3,UPFC_tsh,5-15,-0.23791607483260863,2,-0.23502928821494312,MAP_SCADA,31,0.0028867866176655044
4,UPFC_Vse,5-15,0.05782458523939781,2,0.062225508284088855,MAP_SCADA,31,0.0044009230446910436
5,UPFC_tse,5-15,-2.121047690115321,2,-2.185793188678617,MAP_SCADA,31,0.06474549856329626
0,x_tcsc,1-14,-0.1082485724483868,3,-0.10736529943830521,MAP_SCADA,31,0.0008832730100815922
1,B_svc,2,0.17084799387894223,3,0.17486244140871618,MAP_SCADA,31,0.004014447529773951
2,UPFC_Vsh,5-15,1.1133073606530108,3,1.1061332951757237,MAP_SCADA,31,0.0071740654772871615
3,UPFC_tsh,5-15,-0.2352148361230751,3,-0.23502928821494312,MAP_SCADA,31,0.00018554790813196664
4,UPFC_Vse,5-15,0.05744203276710792,3,0.062225508284088855,MAP_SCADA,31,0.004783475516980933
5,UPFC_tse,5-15,-2.1187469994643453,3,-2.185793188678617,MAP_SCADA,31,0.06704618921427175
0,x_tcsc,1-14,-0.10589216153963375,4,-0.10736529943830521,MAP_SCADA,31,0.001473137898671456
1,B_svc,2,0.18057721027425636,4,0.17486244140871618,MAP_SCADA,31,0.005714768865540176
2,UPFC_Vsh,5-15,1.1090639373079867,4,1.1061332951757237,MAP_SCADA,31,0.002930642132263017
3,UPFC_tsh,5-15,-0.23901694259159015,4,-0.23502928821494312,MAP_SCADA,31,0.003987654376647026
4,UPFC_Vse,5-15,0.057420897493637865,4,0.062225508284088855,MAP_SCADA,31,0.00480461079045099
5,UPFC_tse,5-15,-2.1217880216245173,4,-2.185793188678617,MAP_SCADA,31,0.06400516705409975
0,x_tcsc,1-14,-0.10962718592320896,5,-0.10736529943830521,MAP_SCADA,31,0.0022618864849037468
1,B_svc,2,0.16734710763118957,5,0.17486244140871618,MAP_SCADA,31,0.007515333777526612
2,UPFC_Vsh,5-15,1.113238663056068,5,1.1061332951757237,MAP_SCADA,31,0.0071053678803443265
3,UPFC_tsh,5-15,-0.2353712142411416,5,-0.23502928821494312,MAP_SCADA,31,0.0003419260261984802
4,UPFC_Vse,5-15,0.05765870072751411,5,0.062225508284088855,MAP_SCADA,31,0.004566807556574744
5,UPFC_tse,5-15,-2.116604966915444,5,-2.185793188678617,MAP_SCADA,31,0.06918822176317319
0,x_tcsc,1-14,-0.1072394089863974,6,-0.10736529943830521,MAP_SCADA,31,0.00012589045190780634
1,B_svc,2,0.17505832381110656,6,0.17486244140871618,MAP_SCADA,31,0.00019588240239037935
2,UPFC_Vsh,5-15,1.1134733590139796,6,1.1061332951757237,MAP_SCADA,31,0.007340063838255917
3,UPFC_tsh,5-15,-0.23630289751870623,6,-0.23502928821494312,MAP_SCADA,31,0.0012736093037631069
4,UPFC_Vse,5-15,0.057209379708297675,6,0.062225508284088855,MAP_SCADA,31,0.00501612857579118
5,UPFC_tse,5-15,-2.118697070191822,6,-2.185793188678617,MAP_SCADA,31,0.06709611848679486
0,x_tcsc,1-14,-0.106904312225471,7,-0.10736529943830521,MAP_SCADA,31,0.00046098721283420463
1,B_svc,2,0.17859066157689701,7,0.17486244140871618,MAP_SCADA,31,0.0037282201681808347
2,UPFC_Vsh,5-15,1.1115241542852348,7,1.1061332951757237,MAP_SCADA,31,0.0053908591095110925
3,UPFC_tsh,5-15,-0.23696277691500586,7,-0.23502928821494312,MAP_SCADA,31,0.001933488700062741
4,UPFC_Vse,5-15,0.05719135020998187,7,0.062225508284088855,MAP_SCADA,31,0.005034158074106988
5,UPFC_tse,5-15,-2.120352712191659,7,-2.185793188678617,MAP_SCADA,31,0.06544047648695805
0,x_tcsc,1-14,-0.10584256465175358,8,-0.10736529943830521,MAP_SCADA,31,0.0015227347865516272
1,B_svc,2,0.17957565213745705,8,0.17486244140871618,MAP_SCADA,31,0.004713210728740869
2,UPFC_Vsh,5-15,1.1114213514564535,8,1.1061332951757237,MAP_SCADA,31,0.005288056280729814
3,UPFC_tsh,5-15,-0.23804470709609643,8,-0.23502928821494312,MAP_SCADA,31,0.003015418881153309
4,UPFC_Vse,5-15,0.05767086577863096,8,0.062225508284088855,MAP_SCADA,31,0.004554642505457895
5,UPFC_tse,5-15,-2.1195907835996595,8,-2.185793188678617,MAP_SCADA,31,0.06620240507895758
0,x_tcsc,1-14,-0.10784650785057542,9,-0.10736529943830521,MAP_SCADA,31,0.0004812084122702148
1,B_svc,2,0.17403306430088125,9,0.17486244140871618,MAP_SCADA,31,0.0008293771078349277
2,UPFC_Vsh,5-15,1.1136591443971575,9,1.1061332951757237,MAP_SCADA,31,0.007525849221433845
3,UPFC_tsh,5-15,-0.23540412352425605,9,-0.23502928821494312,MAP_SCADA,31,0.0003748353093129264
4,UPFC_Vse,5-15,0.05764721708836011,9,0.062225508284088855,MAP_SCADA,31,0.004578291195728744
5,UPFC_tse,5-15,-2.1166377891830908,9,-2.185793188678617,MAP_SCADA,31,0.06915539949552629
0,x_tcsc,1-14,-0.10843919964143052,10,-0.10736529943830521,MAP_SCADA,31,0.0010739002031253109
1,B_svc,2,0.1733415956284689,10,0.17486244140871618,MAP_SCADA,31,0.0015208457802472763
2,UPFC_Vsh,5-15,1.1120251269562094,10,1.1061332951757237,MAP_SCADA,31,0.00589183178048569
3,UPFC_tsh,5-15,-0.23596809646704503,10,-0.23502928821494312,MAP_SCADA,31,0.0009388082521019081
4,UPFC_Vse,5-15,0.0564854939523338,10,0.062225508284088855,MAP_SCADA,31,0.005740014331755056
5,UPFC_tse,5-15,-2.1208915776861685,10,-2.185793188678617,MAP_SCADA,31,0.06490161099244851
0,x_tcsc,1-14,-0.10717114851830077,11,-0.10736529943830521,MAP_SCADA,31,0.0001941509200044378
1,B_svc,2,0.17747026057926507,11,0.17486244140871618,MAP_SCADA,31,0.002607819170548892
2,UPFC_Vsh,5-15,1.1124363488801543,11,1.1061332951757237,MAP_SCADA,31,0.006303053704430628
3,UPFC_tsh,5-15,-0.23632852993489933,11,-0.23502928821494312,MAP_SCADA,31,0.0012992417199562123
4,UPFC_Vse,5-15,0.05659742194993677,11,0.062225508284088855,MAP_SCADA,31,0.005628086334152085
5,UPFC_tse,5-15,-2.1197408115722536,11,-2.185793188678617,MAP_SCADA,31,0.06605237710636347
0,x_tcsc,1-14,-0.10802946345880032,12,-0.10736529943830521,MAP_SCADA,31,0.0006641640204951144
1,B_svc,2,0.17281276942429238,12,0.17486244140871618,MAP_SCADA,31,0.0020496719844237954
2,UPFC_Vsh,5-15,1.1130757120421997,12,1.1061332951757237,MAP_SCADA,31,0.006942416866476009
3,UPFC_tsh,5-15,-0.23632368050223404,12,-0.23502928821494312,MAP_SCADA,31,0.0012943922872909186
4,UPFC_Vse,5-15,0.057571961367978236,12,0.062225508284088855,MAP_SCADA,31,0.004653546916110619
5,UPFC_tse,5-15,-2.1157178822797733,12,-2.185793188678617,MAP_SCADA,31,0.07007530639884374
0,x_tcsc,1-14,-0.10570316958983077,13,-0.10736529943830521,MAP_SCADA,31,0.0016621298484744418
1,B_svc,2,0.18249973312876458,13,0.17486244140871618,MAP_SCADA,31,0.0076372917200484
2,UPFC_Vsh,5-15,1.1131296050156416,13,1.1061332951757237,MAP_SCADA,31,0.006996309839917947
3,UPFC_tsh,5-15,-0.23783442634788132,13,-0.23502928821494312,MAP_SCADA,31,0.002805138132938201
4,UPFC_Vse,5-15,0.056484936983598154,13,0.062225508284088855,MAP_SCADA,31,0.005740571300490702
5,UPFC_tse,5-15,-2.115261398749947,13,-2.185793188678617,MAP_SCADA,31,0.07053178992866993
0,x_tcsc,1-14,-0.10694923876760283,14,-0.10736529943830521,MAP_SCADA,31,0.0004160606707023784
1,B_svc,2,0.1769041692493913,14,0.17486244140871618,MAP_SCADA,31,0.002041727840675134
2,UPFC_Vsh,5-15,1.1121526642391235,14,1.1061332951757237,MAP_SCADA,31,0.006019369063399838
3,UPFC_tsh,5-15,-0.2370323619370798,14,-0.23502928821494312,MAP_SCADA,31,0.002003073722136678
4,UPFC_Vse,5-15,0.057139654468352036,14,0.062225508284088855,MAP_SCADA,31,0.00508585381573682
5,UPFC_tse,5-15,-2.1194773532602125,14,-2.185793188678617,MAP_SCADA,31,0.06631583541840458
0,x_tcsc,1-14,-0.10869855072993599,15,-0.10736529943830521,MAP_SCADA,31,0.0013332512916307826
1,B_svc,2,0.1722439116589828,15,0.17486244140871618,MAP_SCADA,31,0.002618529749733367
2,UPFC_Vsh,5-15,1.1123269308828758,15,1.1061332951757237,MAP_SCADA,31,0.006193635707152145
3,UPFC_tsh,5-15,-0.23591736677432862,15,-0.23502928821494312,MAP_SCADA,31,0.0008880785593854967
4,UPFC_Vse,5-15,0.05746552861625833,15,0.062225508284088855,MAP_SCADA,31,0.0047599796678305245
5,UPFC_tse,5-15,-2.114336762711501,15,-2.185793188678617,MAP_SCADA,31,0.07145642596711621
0,x_tcsc,1-14,-0.10723509198330802,16,-0.10736529943830521,MAP_SCADA,31,0.000130207454997186
1,B_svc,2,0.17398967179522495,16,0.17486244140871618,MAP_SCADA,31,0.0008727696134912255
2,UPFC_Vsh,5-15,1.1110458587351355,16,1.1061332951757237,MAP_SCADA,31,0.004912563559411831
3,UPFC_tsh,5-15,-0.23700163214610448,16,-0.23502928821494312,MAP_SCADA,31,0.0019723439311613578
4,UPFC_Vse,5-15,0.05741412427159274,16,0.062225508284088855,MAP_SCADA,31,0.004811384012496117
5,UPFC_tse,5-15,-2.115454248723215,16,-2.185793188678617,MAP_SCADA,31,0.07033893995540197
0,x_tcsc,1-14,-0.11066622826773613,17,-0.10736529943830521,MAP_SCADA,31,0.0033009288294309214
1,B_svc,2,0.17213545326446683,17,0.17486244140871618,MAP_SCADA,31,0.002726988144249348
2,UPFC_Vsh,5-15,1.1101691119931705,17,1.1061332951757237,MAP_SCADA,31,0.004035816817446802
3,UPFC_tsh,5-15,-0.23638238289548702,17,-0.23502928821494312,MAP_SCADA,31,0.0013530946805438981
4,UPFC_Vse,5-15,0.05704571524866088,17,0.062225508284088855,MAP_SCADA,31,0.005179793035427975
5,UPFC_tse,5-15,-2.1255108704267474,17,-2.185793188678617,MAP_SCADA,31,0.06028231825186969
0,x_tcsc,1-14,-0.10647726198792858,18,-0.10736529943830521,MAP_SCADA,31,0.0008880374503766331
1,B_svc,2,0.17890991783106908,18,0.17486244140871618,MAP_SCADA,31,0.004047476422352897
2,UPFC_Vsh,5-15,1.1113916813722353,18,1.1061332951757237,MAP_SCADA,31,0.005258386196511644
3,UPFC_tsh,5-15,-0.23750430204608403,18,-0.23502928821494312,MAP_SCADA,31,0.0024750138311409042
4,UPFC_Vse,5-15,0.0579754917237041,18,0.062225508284088855,MAP_SCADA,31,0.004250016560384755
5,UPFC_tse,5-15,-2.1210878076752175,18,-2.185793188678617,MAP_SCADA,31,0.06470538100339951
0,x_tcsc,1-14,-0.10880064867843024,19,-0.10736529943830521,MAP_SCADA,31,0.0014353492401250334
1,B_svc,2,0.17236500079037237,19,0.17486244140871618,MAP_SCADA,31,0.0024974406183438103
2,UPFC_Vsh,5-15,1.112334763295601,19,1.1061332951757237,MAP_SCADA,31,0.006201468119877429
3,UPFC_tsh,5-15,-0.23575835468156742,19,-0.23502928821494312,MAP_SCADA,31,0.0007290664666242952
4,UPFC_Vse,5-15,0.057420643843725014,19,0.062225508284088855,MAP_SCADA,31,0.004804864440363842
5,UPFC_tse,5-15,-2.1197007787621494,19,-2.185793188678617,MAP_SCADA,31,0.0660924099164677
0,x_tcsc,1-14,-0.10681796471203604,20,-0.10736529943830521,MAP_SCADA,31,0.0005473347262691663
1,B_svc,2,0.17723798368864258,20,0.17486244140871618,MAP_SCADA,31,0.002375542279926396
2,UPFC_Vsh,5-15,1.110328466941185,20,1.1061332951757237,MAP_SCADA,31,0.0041951717654613585
3,UPFC_tsh,5-15,-0.2373060069040069,20,-0.23502928821494312,MAP_SCADA,31,0.002276718689063789
4,UPFC_Vse,5-15,0.05749209778155573,20,0.062225508284088855,MAP_SCADA,31,0.004733410502533127
5,UPFC_tse,5-15,-2.121057456966522,20,-2.185793188678617,MAP_SCADA,31,0.06473573171209512
0,x_tcsc,1-14,-0.10640127987977131,21,-0.10736529943830521,MAP_SCADA,31,0.0009640195585338962
1,B_svc,2,0.17706400553147694,21,0.17486244140871618,MAP_SCADA,31,0.002201564122760763
2,UPFC_Vsh,5-15,1.1123414247957542,21,1.1061332951757237,MAP_SCADA,31,0.006208129620030478
3,UPFC_tsh,5-15,-0.23706487343632154,21,-0.23502928821494312,MAP_SCADA,31,0.002035585221378422
4,UPFC_Vse,5-15,0.05804808066265128,21,0.062225508284088855,MAP_SCADA,31,0.0041774276214375725
5,UPFC_tse,5-15,-2.1199889860303824,21,-2.185793188678617,MAP_SCADA,31,0.06580420264823461
0,x_tcsc,1-14,-0.1076874287003709,22,-0.10736529943830521,MAP_SCADA,31,0.0003221292620656929
1,B_svc,2,0.17814371796425674,22,0.17486244140871618,MAP_SCADA,31,0.0032812765555405576
2,UPFC_Vsh,5-15,1.1100397041732075,22,1.1061332951757237,MAP_SCADA,31,0.003906408997483846
3,UPFC_tsh,5-15,-0.2373992929814906,22,-0.23502928821494312,MAP_SCADA,31,0.0023700047665474733
4,UPFC_Vse,5-15,0.05746102628000953,22,0.062225508284088855,MAP_SCADA,31,0.004764482004079328
5,UPFC_tse,5-15,-2.1138228571779285,22,-2.185793188678617,MAP_SCADA,31,0.07197033150068854
0,x_tcsc,1-14,-0.11114173205442038,23,-0.10736529943830521,MAP_SCADA,31,0.003776432616115169
1,B_svc,2,0.16571810927908867,23,0.17486244140871618,MAP_SCADA,31,0.009144332129627508
2,UPFC_Vsh,5-15,1.1102913160967147,23,1.1061332951757237,MAP_SCADA,31,0.004158020920991046
3,UPFC_tsh,5-15,-0.23612314344192717,23,-0.23502928821494312,MAP_SCADA,31,0.0010938552269840474
4,UPFC_Vse,5-15,0.057828980132338344,23,0.062225508284088855,MAP_SCADA,31,0.004396528151750512
5,UPFC_tse,5-15,-2.11634907225094,23,-2.185793188678617,MAP_SCADA,31,0.06944411642767712
0,x_tcsc,1-14,-0.10707298918273737,24,-0.10736529943830521,MAP_SCADA,31,0.00029231025556783474
1,B_svc,2,0.1750844181767696,24,0.17486244140871618,MAP_SCADA,31,0.00022197676805341127
2,UPFC_Vsh,5-15,1.1103383294545885,24,1.1061332951757237,MAP_SCADA,31,0.004205034278864872
3,UPFC_tsh,5-15,-0.2373858961720593,24,-0.23502928821494312,MAP_SCADA,31,0.0023566079571161747
4,UPFC_Vse,5-15,0.05783441093683506,24,0.062225508284088855,MAP_SCADA,31,0.004391097347253799
5,UPFC_tse,5-15,-2.1211963531878606,24,-2.185793188678617,MAP_SCADA,31,0.06459683549075645
0,x_tcsc,1-14,-0.10411209146765889,25,-0.10736529943830521,MAP_SCADA,31,0.0032532079706463213
1,B_svc,2,0.18207388013521508,25,0.17486244140871618,MAP_SCADA,31,0.007211438726498903
2,UPFC_Vsh,5-15,1.1099508617603815,25,1.1061332951757237,MAP_SCADA,31,0.0038175665846578166
3,UPFC_tsh,5-15,-0.23921976991336424,25,-0.23502928821494312,MAP_SCADA,31,0.004190481698421122
4,UPFC_Vse,5-15,0.057215626624696495,25,0.062225508284088855,MAP_SCADA,31,0.005009881659392361
5,UPFC_tse,5-15,-2.1180417750198264,25,-2.185793188678617,MAP_SCADA,31,0.06775141365879067
0,x_tcsc,1-14,-0.1078001605743693,26,-0.10736529943830521,MAP_SCADA,31,0.0004348611360640853
1,B_svc,2,0.17458128190019787,26,0.17486244140871618,MAP_SCADA,31,0.00028115950851831384
2,UPFC_Vsh,5-15,1.113580620074413,26,1.1061332951757237,MAP_SCADA,31,0.007447324898689267
3,UPFC_tsh,5-15,-0.23556159092886747,26,-0.23502928821494312,MAP_SCADA,31,0.0005323027139243486
4,UPFC_Vse,5-15,0.05738429904808282,26,0.062225508284088855,MAP_SCADA,31,0.004841209236006033
5,UPFC_tse,5-15,-2.116182058227431,26,-2.185793188678617,MAP_SCADA,31,0.06961113045118594
0,x_tcsc,1-14,-0.10825092537265413,27,-0.10736529943830521,MAP_SCADA,31,0.0008856259343489187
1,B_svc,2,0.17430631258970788,27,0.17486244140871618,MAP_SCADA,31,0.0005561288190082947
2,UPFC_Vsh,5-15,1.1114662475697654,27,1.1061332951757237,MAP_SCADA,31,0.005332952394041746
3,UPFC_tsh,5-15,-0.23746584465815873,27,-0.23502928821494312,MAP_SCADA,31,0.0024365564432156095
4,UPFC_Vse,5-15,0.05788690302737337,27,0.062225508284088855,MAP_SCADA,31,0.0043386052567154845
5,UPFC_tse,5-15,-2.118504077446963,27,-2.185793188678617,MAP_SCADA,31,0.06728911123165426
0,x_tcsc,1-14,-0.1062730187523376,28,-0.10736529943830521,MAP_SCADA,31,0.0010922806859676032
1,B_svc,2,0.18103079162220884,28,0.17486244140871618,MAP_SCADA,31,0.006168350213492657
2,UPFC_Vsh,5-15,1.1087301109081895,28,1.1061332951757237,MAP_SCADA,31,0.0025968157324658403
3,UPFC_tsh,5-15,-0.2389396275716271,28,-0.23502928821494312,MAP_SCADA,31,0.003910339356683973
4,UPFC_Vse,5-15,0.05792850816793582,28,0.062225508284088855,MAP_SCADA,31,0.004297000116153034
5,UPFC_tse,5-15,-2.121591180104046,28,-2.185793188678617,MAP_SCADA,31,0.06420200857457115
0,x_tcsc,1-14,-0.10653628707019851,29,-0.10736529943830521,MAP_SCADA,31,0.0008290123681067019
1,B_svc,2,0.17965508087916948,29,0.17486244140871618,MAP_SCADA,31,0.004792639470453303
2,UPFC_Vsh,5-15,1.1106446052036845,29,1.1061332951757237,MAP_SCADA,31,0.004511310027960791
3,UPFC_tsh,5-15,-0.2376731179045099,29,-0.23502928821494312,MAP_SCADA,31,0.002643829689566779
4,UPFC_Vse,5-15,0.05786677315107843,29,0.062225508284088855,MAP_SCADA,31,0.004358735133010425
5,UPFC_tse,5-15,-2.120222833999159,29,-2.185793188678617,MAP_SCADA,31,0.06557035467945793
0,x_tcsc,1-14,-0.10952997111799802,30,-0.10736529943830521,MAP_SCADA,31,0.002164671679692809
1,B_svc,2,0.16919933850561206,30,0.17486244140871618,MAP_SCADA,31,0.0056631029031041225
2,UPFC_Vsh,5-15,1.1127862661947077,30,1.1061332951757237,MAP_SCADA,31,0.006652971018983989
3,UPFC_tsh,5-15,-0.23534976633179824,30,-0.23502928821494312,MAP_SCADA,31,0.00032047811685512184
4,UPFC_Vse,5-15,0.05792238850708715,30,0.062225508284088855,MAP_SCADA,31,0.004303119777001707
5,UPFC_tse,5-15,-2.1164729451535256,30,-2.185793188678617,MAP_SCADA,31,0.06932024352509147
0,x_tcsc,1-14,-0.10715060791579066,31,-0.10736529943830521,MAP_SCADA,31,0.00021469152251454848
1,B_svc,2,0.17281241655909546,31,0.17486244140871618,MAP_SCADA,31,0.0020500248496207185
2,UPFC_Vsh,5-15,1.1121750737216747,31,1.1061332951757237,MAP_SCADA,31,0.006041778545951004
3,UPFC_tsh,5-15,-0.23612890048767649,31,-0.23502928821494312,MAP_SCADA,31,0.0010996122727333635
4,UPFC_Vse,5-15,0.05741113562187503,31,0.062225508284088855,MAP_SCADA,31,0.004814372662213823
5,UPFC_tse,5-15,-2.118555531744554,31,-2.185793188678617,MAP_SCADA,31,0.06723765693406314
0,x_tcsc,1-14,-0.10738626062904685,32,-0.10736529943830521,MAP_SCADA,31,2.0961190741644598e-05
1,B_svc,2,0.17330701774645507,32,0.17486244140871618,MAP_SCADA,31,0.0015554236622611073
2,UPFC_Vsh,5-15,1.1120310826835351,32,1.1061332951757237,MAP_SCADA,31,0.005897787507811447
3,UPFC_tsh,5-15,-0.23617144897870454,32,-0.23502928821494312,MAP_SCADA,31,0.0011421607637614184
4,UPFC_Vse,5-15,0.05687457505896244,32,0.062225508284088855,MAP_SCADA,31,0.005350933225126413
5,UPFC_tse,5-15,-2.123660023297658,32,-2.185793188678617,MAP_SCADA,31,0.06213316538095892
0,x_tcsc,1-14,-0.10693539844775564,33,-0.10736529943830521,MAP_SCADA,31,0.00042990099054956987
1,B_svc,2,0.17768917211592447,33,0.17486244140871618,MAP_SCADA,31,0.0028267307072082914
2,UPFC_Vsh,5-15,1.1095148249414561,33,1.1061332951757237,MAP_SCADA,31,0.0033815297657324717
3,UPFC_tsh,5-15,-0.2371331944262661,33,-0.23502928821494312,MAP_SCADA,31,0.0021039062113229756
4,UPFC_Vse,5-15,0.05721563919140297,33,0.062225508284088855,MAP_SCADA,31,0.005009869092685887
5,UPFC_tse,5-15,-2.1196271921111913,33,-2.185793188678617,MAP_SCADA,31,0.06616599656742572
0,x_tcsc,1-14,-0.10687992533692643,34,-0.10736529943830521,MAP_SCADA,31,0.0004853741013787771
1,B_svc,2,0.17401309726872008,34,0.17486244140871618,MAP_SCADA,31,0.0008493441399960999
2,UPFC_Vsh,5-15,1.1123769845319478,34,1.1061332951757237,MAP_SCADA,31,0.0062436893562241025
3,UPFC_tsh,5-15,-0.23616750209149165,34,-0.23502928821494312,MAP_SCADA,31,0.0011382138765485272
4,UPFC_Vse,5-15,0.05717751357900006,34,0.062225508284088855,MAP_SCADA,31,0.005047994705088793
5,UPFC_tse,5-15,-2.1212191870108876,34,-2.185793188678617,MAP_SCADA,31,0.06457400166772942
0,x_tcsc,1-14,-0.10736731801715636,35,-0.10736529943830521,MAP_SCADA,31,2.0185788511539737e-06
1,B_svc,2,0.1743344664120881,35,0.17486244140871618,MAP_SCADA,31,0.0005279749966280722
2,UPFC_Vsh,5-15,1.1121640478067782,35,1.1061332951757237,MAP_SCADA,31,0.00603075263105457
3,UPFC_tsh,5-15,-0.23680846597136743,35,-0.23502928821494312,MAP_SCADA,31,0.001779177756424305
4,UPFC_Vse,5-15,0.057952360550922254,35,0.062225508284088855,MAP_SCADA,31,0.004273147733166602
5,UPFC_tse,5-15,-2.1169531607381513,35,-2.185793188678617,MAP_SCADA,31,0.06884002794046573
0,x_tcsc,1-14,-0.10815347514458465,36,-0.10736529943830521,MAP_SCADA,31,0.0007881757062794398
1,B_svc,2,0.1710697004082666,36,0.17486244140871618,MAP_SCADA,31,0.003792741000449573
2,UPFC_Vsh,5-15,1.1137240188584057,36,1.1061332951757237,MAP_SCADA,31,0.007590723682681988
3,UPFC_tsh,5-15,-0.2358246848062136,36,-0.23502928821494312,MAP_SCADA,31,0.0007953965912704808
4,UPFC_Vse,5-15,0.057245825627543545,36,0.062225508284088855,MAP_SCADA,31,0.00497968265654531
5,UPFC_tse,5-15,-2.1175965349312516,36,-2.185793188678617,MAP_SCADA,31,0.0681966537473655
0,x_tcsc,1-14,-0.10475515592541516,37,-0.10736529943830521,MAP_SCADA,31,0.002610143512890045
1,B_svc,2,0.18309482267944,37,0.17486244140871618,MAP_SCADA,31,0.008232381270723815
2,UPFC_Vsh,5-15,1.1127906253327882,37,1.1061332951757237,MAP_SCADA,31,0.006657330157064489
3,UPFC_tsh,5-15,-0.23802310460401754,37,-0.23502928821494312,MAP_SCADA,31,0.002993816389074422
4,UPFC_Vse,5-15,0.057431952367715214,37,0.062225508284088855,MAP_SCADA,31,0.004793555916373642
5,UPFC_tse,5-15,-2.1199405418760775,37,-2.185793188678617,MAP_SCADA,31,0.06585264680253955
0,x_tcsc,1-14,-0.10742269392758334,38,-0.10736529943830521,MAP_SCADA,31,5.7394489278134175e-05
1,B_svc,2,0.1755004971401978,38,0.17486244140871618,MAP_SCADA,31,0.0006380557314816238
2,UPFC_Vsh,5-15,1.1130201419013812,38,1.1061332951757237,MAP_SCADA,31,0.006886846725657536
3,UPFC_tsh,5-15,-0.23693363430979963,38,-0.23502928821494312,MAP_SCADA,31,0.0019043460948565127
4,UPFC_Vse,5-15,0.057205520786809703,38,0.062225508284088855,MAP_SCADA,31,0.005019987497279152
5,UPFC_tse,5-15,-2.1205146025924075,38,-2.185793188678617,MAP_SCADA,31,0.06527858608620951
0,x_tcsc,1-14,-0.10641915634401529,39,-0.10736529943830521,MAP_SCADA,31,0.0009461430942899196
1,B_svc,2,0.17958337075122596,39,0.17486244140871618,MAP_SCADA,31,0.004720929342509783
2,UPFC_Vsh,5-15,1.1118914083314206,39,1.1061332951757237,MAP_SCADA,31,0.0057581131556969645
3,UPFC_tsh,5-15,-0.23774754611117094,39,-0.23502928821494312,MAP_SCADA,31,0.002718257896227816
4,UPFC_Vse,5-15,0.057058229476306656,39,0.062225508284088855,MAP_SCADA,31,0.0051672788077822
5,UPFC_tse,5-15,-2.120243704132217,39,-2.185793188678617,MAP_SCADA,31,0.0655494845464002
0,x_tcsc,1-14,-0.10714899839915103,40,-0.10736529943830521,MAP_SCADA,31,0.00021630103915418197
1,B_svc,2,0.17792801003384645,40,0.17486244140871618,MAP_SCADA,31,0.0030655686251302716
2,UPFC_Vsh,5-15,1.1104977926102153,40,1.1061332951757237,MAP_SCADA,31,0.004364497434491632
3,UPFC_tsh,5-15,-0.23778322722768935,40,-0.23502928821494312,MAP_SCADA,31,0.0027539390127462315
4,UPFC_Vse,5-15,0.05763455838128357,40,0.062225508284088855,MAP_SCADA,31,0.004590949902805286
5,UPFC_tse,5-15,-2.121763490823035,40,-2.185793188678617,MAP_SCADA,31,0.06402969785558188
0,x_tcsc,1-14,-0.10747628103650513,41,-0.10736529943830521,MAP_SCADA,31,0.00011098159819991626
1,B_svc,2,0.17201780849316667,41,0.17486244140871618,MAP_SCADA,31,0.002844632915549511
2,UPFC_Vsh,5-15,1.1132964947085866,41,1.1061332951757237,MAP_SCADA,31,0.007163199532862929
3,UPFC_tsh,5-15,-0.23655377141994835,41,-0.23502928821494312,MAP_SCADA,31,0.0015244832050052282
4,UPFC_Vse,5-15,0.05694790652530009,41,0.062225508284088855,MAP_SCADA,31,0.005277601758788768
5,UPFC_tse,5-15,-2.115871417344491,41,-2.185793188678617,MAP_SCADA,31,0.06992177133412625
0,x_tcsc,1-14,-0.1081257980000313,42,-0.10736529943830521,MAP_SCADA,31,0.0007604985617260945
1,B_svc,2,0.1726483542993937,42,0.17486244140871618,MAP_SCADA,31,0.002214087109322471
2,UPFC_Vsh,5-15,1.1121568098072536,42,1.1061332951757237,MAP_SCADA,31,0.006023514631529947
3,UPFC_tsh,5-15,-0.23570650257828626,42,-0.23502928821494312,MAP_SCADA,31,0.0006772143633431427
4,UPFC_Vse,5-15,0.057391783915916594,42,0.062225508284088855,MAP_SCADA,31,0.004833724368172261
5,UPFC_tse,5-15,-2.1223150055765987,42,-2.185793188678617,MAP_SCADA,31,0.06347818310201836
0,x_tcsc,1-14,-0.10919026678444572,43,-0.10736529943830521,MAP_SCADA,31,0.0018249673461405158
1,B_svc,2,0.17006330659842472,43,0.17486244140871618,MAP_SCADA,31,0.0047991348102914555
2,UPFC_Vsh,5-15,1.1123500259968075,43,1.1061332951757237,MAP_SCADA,31,0.006216730821083871
3,UPFC_tsh,5-15,-0.23560811988148292,43,-0.23502928821494312,MAP_SCADA,31,0.0005788316665397975
4,UPFC_Vse,5-15,0.057593251453399046,43,0.062225508284088855,MAP_SCADA,31,0.00463225683068981
5,UPFC_tse,5-15,-2.1151039880453184,43,-2.185793188678617,MAP_SCADA,31,0.07068920063329864
0,x_tcsc,1-14,-0.10530229352998717,44,-0.10736529943830521,MAP_SCADA,31,0.0020630059083180385
1,B_svc,2,0.1829660034812352,44,0.17486244140871618,MAP_SCADA,31,0.008103562072519027
2,UPFC_Vsh,5-15,1.109897014642047,44,1.1061332951757237,MAP_SCADA,31,0.0037637194663233675
3,UPFC_tsh,5-15,-0.23859001452834347,44,-0.23502928821494312,MAP_SCADA,31,0.0035607263134003475
4,UPFC_Vse,5-15,0.058221711031435495,44,0.062225508284088855,MAP_SCADA,31,0.00400379725265336
5,UPFC_tse,5-15,-2.116964072987721,44,-2.185793188678617,MAP_SCADA,31,0.068829115690896
0,x_tcsc,1-14,-0.1069256538871445,45,-0.10736529943830521,MAP_SCADA,31,0.0004396455511607028
1,B_svc,2,0.177465266753047,45,0.17486244140871618,MAP_SCADA,31,0.002602825344330817
2,UPFC_Vsh,5-15,1.1114206874199102,45,1.1061332951757237,MAP_SCADA,31,0.005287392244186506
3,UPFC_tsh,5-15,-0.23689545053861744,45,-0.23502928821494312,MAP_SCADA,31,0.0018661623236743141
4,UPFC_Vse,5-15,0.057539741316308304,45,0.062225508284088855,MAP_SCADA,31,0.004685766967780551
5,UPFC_tse,5-15,-2.1171370386148687,45,-2.185793188678617,MAP_SCADA,31,0.06865615006374837
0,x_tcsc,1-14,-0.10802781666215394,46,-0.10736529943830521,MAP_SCADA,31,0.0006625172238487326
1,B_svc,2,0.1738286788546785,46,0.17486244140871618,MAP_SCADA,31,0.0010337625540376705
2,UPFC_Vsh,5-15,1.11293370639085,46,1.1061332951757237,MAP_SCADA,31,0.006800411215126312
3,UPFC_tsh,5-15,-0.236790719974732,46,-0.23502928821494312,MAP_SCADA,31,0.0017614317597888784
4,UPFC_Vse,5-15,0.057103383298049065,46,0.062225508284088855,MAP_SCADA,31,0.00512212498603979
5,UPFC_tse,5-15,-2.1179202109526556,46,-2.185793188678617,MAP_SCADA,31,0.06787297772596146
0,x_tcsc,1-14,-0.10709329858503407,47,-0.10736529943830521,MAP_SCADA,31,0.00027200085327114265
1,B_svc,2,0.173253329722418,47,0.17486244140871618,MAP_SCADA,31,0.0016091116862981814
2,UPFC_Vsh,5-15,1.1130769853263658,47,1.1061332951757237,MAP_SCADA,31,0.006943690150642112
3,UPFC_tsh,5-15,-0.23619945386340394,47,-0.23502928821494312,MAP_SCADA,31,0.0011701656484608136
4,UPFC_Vse,5-15,0.05764670213138666,47,0.062225508284088855,MAP_SCADA,31,0.004578806152702196
5,UPFC_tse,5-15,-2.1178733164843204,47,-2.185793188678617,MAP_SCADA,31,0.06791987219429663
0,x_tcsc,1-14,-0.10719051328101499,48,-0.10736529943830521,MAP_SCADA,31,0.00017478615729021874
1,B_svc,2,0.17618814701774743,48,0.17486244140871618,MAP_SCADA,31,0.0013257056090312525
2,UPFC_Vsh,5-15,1.1137388699268482,48,1.1061332951757237,MAP_SCADA,31,0.007605574751124555
3,UPFC_tsh,5-15,-0.23554054106717964,48,-0.23502928821494312,MAP_SCADA,31,0.0005112528522365212
4,UPFC_Vse,5-15,0.05692696717314711,48,0.062225508284088855,MAP_SCADA,31,0.005298541110941746
5,UPFC_tse,5-15,-2.118333333343752,48,-2.185793188678617,MAP_SCADA,31,0.0674598553348651
0,x_tcsc,1-14,-0.10866601044350763,49,-0.10736529943830521,MAP_SCADA,31,0.0013007110052024179
1,B_svc,2,0.1710053873058158,49,0.17486244140871618,MAP_SCADA,31,0.0038570541029003813
2,UPFC_Vsh,5-15,1.1121595017507595,49,1.1061332951757237,MAP_SCADA,31,0.006026206575035831
3,UPFC_tsh,5-15,-0.2359778989630055,49,-0.23502928821494312,MAP_SCADA,31,0.0009486107480623784
4,UPFC_Vse,5-15,0.05723723522516479,49,0.062225508284088855,MAP_SCADA,31,0.004988273058924068
5,UPFC_tse,5-15,-2.1162183015920553,49,-2.185793188678617,MAP_SCADA,31,0.06957488708656179
0,x_tcsc,1-14,-0.10901937796112277,50,-0.10736529943830521,MAP_SCADA,31,0.0016540785228175564
1,B_svc,2,0.16959306694005918,50,0.17486244140871618,MAP_SCADA,31,0.0052693744686569954
2,UPFC_Vsh,5-15,1.1129934283863259,50,1.1061332951757237,MAP_SCADA,31,0.006860133210602193
3,UPFC_tsh,5-15,-0.23572793347299587,50,-0.23502928821494312,MAP_SCADA,31,0.0006986452580527436
4,UPFC_Vse,5-15,0.05764673609842407,50,0.062225508284088855,MAP_SCADA,31,0.004578772185664784
5,UPFC_tse,5-15,-2.118481715803393,50,-2.185793188678617,MAP_SCADA,31,0.06731147287522399
0,x_tcsc,1-14,-0.10931226325956275,51,-0.10736529943830521,MAP_SCADA,31,0.001946963821257544
1,B_svc,2,0.16790873900292247,51,0.17486244140871618,MAP_SCADA,31,0.00695370240579371
2,UPFC_Vsh,5-15,1.1126616705910577,51,1.1061332951757237,MAP_SCADA,31,0.00652837541533402
3,UPFC_tsh,5-15,-0.2364188554805837,51,-0.23502928821494312,MAP_SCADA,31,0.0013895672656405733
4,UPFC_Vse,5-15,0.057683554161929884,51,0.062225508284088855,MAP_SCADA,31,0.004541954122158971
5,UPFC_tse,5-15,-2.1187258940414506,51,-2.185793188678617,MAP_SCADA,31,0.06706729463716643
0,x_tcsc,1-14,-0.10695079648572353,52,-0.10736529943830521,MAP_SCADA,31,0.00041450295258167735
1,B_svc,2,0.17765441432496182,52,0.17486244140871618,MAP_SCADA,31,0.0027919729162456386
2,UPFC_Vsh,5-15,1.1107767750385993,52,1.1061332951757237,MAP_SCADA,31,0.00464347986287561
3,UPFC_tsh,5-15,-0.23801910026457151,52,-0.23502928821494312,MAP_SCADA,31,0.002989812049628393
4,UPFC_Vse,5-15,0.05789410719761008,52,0.062225508284088855,MAP_SCADA,31,0.004331401086478774
5,UPFC_tse,5-15,-2.1180835578894164,52,-2.185793188678617,MAP_SCADA,31,0.06770963078920067
0,x_tcsc,1-14,-0.10579999281105353,53,-0.10736529943830521,MAP_SCADA,31,0.0015653066272516836
1,B_svc,2,0.18205396316733946,53,0.17486244140871618,MAP_SCADA,31,0.007191521758623282
2,UPFC_Vsh,5-15,1.109267996697699,53,1.1061332951757237,MAP_SCADA,31,0.0031347015219753693
3,UPFC_tsh,5-15,-0.23819604051412727,53,-0.23502928821494312,MAP_SCADA,31,0.0031667522991841446
4,UPFC_Vse,5-15,0.05724544595243886,53,0.062225508284088855,MAP_SCADA,31,0.004980062331649993
5,UPFC_tse,5-15,-2.1229365299297847,53,-2.185793188678617,MAP_SCADA,31,0.0628566587488324
0,x_tcsc,1-14,-0.106223577746768,54,-0.10736529943830521,MAP_SCADA,31,0.0011417216915372147
1,B_svc,2,0.17719157491400092,54,0.17486244140871618,MAP_SCADA,31,0.0023291335052847417
2,UPFC_Vsh,5-15,1.111956043609763,54,1.1061332951757237,MAP_SCADA,31,0.005822748434039404
3,UPFC_tsh,5-15,-0.2378113739765671,54,-0.23502928821494312,MAP_SCADA,31,0.002782085761623976
4,UPFC_Vse,5-15,0.057130967663296575,54,0.062225508284088855,MAP_SCADA,31,0.00509454062079228
5,UPFC_tse,5-15,-2.12161004485105,54,-2.185793188678617,MAP_SCADA,31,0.06418314382756707
0,x_tcsc,1-14,-0.1048808287150344,55,-0.10736529943830521,MAP_SCADA,31,0.002484470723270807
1,B_svc,2,0.18023016762748467,55,0.17486244140871618,MAP_SCADA,31,0.005367726218768493
2,UPFC_Vsh,5-15,1.111015522773831,55,1.1061332951757237,MAP_SCADA,31,0.004882227598107303
3,UPFC_tsh,5-15,-0.2379659931537663,55,-0.23502928821494312,MAP_SCADA,31,0.0029367049388231703
4,UPFC_Vse,5-15,0.05771664330509277,55,0.062225508284088855,MAP_SCADA,31,0.004508864978996087
5,UPFC_tse,5-15,-2.1190069084086782,55,-2.185793188678617,MAP_SCADA,31,0.06678628026993882
0,x_tcsc,1-14,-0.10573173835744157,56,-0.10736529943830521,MAP_SCADA,31,0.0016335610808636408
1,B_svc,2,0.1817970034926586,56,0.17486244140871618,MAP_SCADA,31,0.006934562083942414
2,UPFC_Vsh,5-15,1.111027770285367,56,1.1061332951757237,MAP_SCADA,31,0.004894475109643359
3,UPFC_tsh,5-15,-0.23812830497551066,56,-0.23502928821494312,MAP_SCADA,31,0.0030990167605675356
4,UPFC_Vse,5-15,0.05736210880287201,56,0.062225508284088855,MAP_SCADA,31,0.0048633994812168485
5,UPFC_tse,5-15,-2.1198983441293033,56,-2.185793188678617,MAP_SCADA,31,0.06589484454931371
0,x_tcsc,1-14,-0.10709092763731871,57,-0.10736529943830521,MAP_SCADA,31,0.00027437180098649483
1,B_svc,2,0.17484046073839904,57,0.17486244140871618,MAP_SCADA,31,2.1980670317139905e-05
2,UPFC_Vsh,5-15,1.1133469525661213,57,1.1061332951757237,MAP_SCADA,31,0.007213657390397588
3,UPFC_tsh,5-15,-0.23718555045047204,57,-0.23502928821494312,MAP_SCADA,31,0.002156262235528922
4,UPFC_Vse,5-15,0.057613084439732426,57,0.062225508284088855,MAP_SCADA,31,0.0046124238443564294
5,UPFC_tse,5-15,-2.1183658311697195,57,-2.185793188678617,MAP_SCADA,31,0.0674273575088975
0,x_tcsc,1-14,-0.10714063314851686,58,-0.10736529943830521,MAP_SCADA,31,0.00022466628978834446
1,B_svc,2,0.17242772742543125,58,0.17486244140871618,MAP_SCADA,31,0.0024347139832849307
2,UPFC_Vsh,5-15,1.1108335546560917,58,1.1061332951757237,MAP_SCADA,31,0.0047002594803680076
3,UPFC_tsh,5-15,-0.23746284602796666,58,-0.23502928821494312,MAP_SCADA,31,0.0024335578130235402
4,UPFC_Vse,5-15,0.05689107134771026,58,0.062225508284088855,MAP_SCADA,31,0.005334436936378598
5,UPFC_tse,5-15,-2.122073449832775,58,-2.185793188678617,MAP_SCADA,31,0.06371973884584214
0,x_tcsc,1-14,-0.10523444359924194,59,-0.10736529943830521,MAP_SCADA,31,0.0021308558390632643
1,B_svc,2,0.1793597647528677,59,0.17486244140871618,MAP_SCADA,31,0.00449732334415151
2,UPFC_Vsh,5-15,1.1107857115531186,59,1.1061332951757237,MAP_SCADA,31,0.004652416377394886
3,UPFC_tsh,5-15,-0.23789177797441755,59,-0.23502928821494312,MAP_SCADA,31,0.0028624897594744236
4,UPFC_Vse,5-15,0.05768282997508247,59,0.062225508284088855,MAP_SCADA,31,0.004542678309006384
5,UPFC_tse,5-15,-2.1181873406560845,59,-2.185793188678617,MAP_SCADA,31,0.06760584802253256
0,x_tcsc,1-14,-0.10945176150756852,60,-0.10736529943830521,MAP_SCADA,31,0.0020864620692633146
1,B_svc,2,0.16935793383633752,60,0.17486244140871618,MAP_SCADA,31,0.005504507572378664
2,UPFC_Vsh,5-15,1.1139613169432452,60,1.1061332951757237,MAP_SCADA,31,0.00782802176752151
3,UPFC_tsh,5-15,-0.23566920134996264,60,-0.23502928821494312,MAP_SCADA,31,0.0006399131350195153
4,UPFC_Vse,5-15,0.05720458411055312,60,0.062225508284088855,MAP_SCADA,31,0.005020924173535737
5,UPFC_tse,5-15,-2.1149588358461378,60,-2.185793188678617,MAP_SCADA,31,0.0708343528324793
0,x_tcsc,1-14,-0.10905522365335318,61,-0.10736529943830521,MAP_SCADA,31,0.0016899242150479749
1,B_svc,2,0.1703607647786208,61,0.17486244140871618,MAP_SCADA,31,0.004501676630095375
2,UPFC_Vsh,5-15,1.1130767083751107,61,1.1061332951757237,MAP_SCADA,31,0.006943413199387072
3,UPFC_tsh,5-15,-0.23544033055215907,61,-0.23502928821494312,MAP_SCADA,31,0.00041104233721594996
4,UPFC_Vse,5-15,0.057875494250938325,61,0.062225508284088855,MAP_SCADA,31,0.00435001403315053
5,UPFC_tse,5-15,-2.1204281948282167,61,-2.185793188678617,MAP_SCADA,31,0.0653649938504004
0,x_tcsc,1-14,-0.10733114663304694,62,-0.10736529943830521,MAP_SCADA,31,3.4152805258272356e-05
1,B_svc,2,0.17367688990675537,62,0.17486244140871618,MAP_SCADA,31,0.0011855515019608132
2,UPFC_Vsh,5-15,1.1121862943112313,62,1.1061332951757237,MAP_SCADA,31,0.0060529991355076085
3,UPFC_tsh,5-15,-0.23622970029102125,62,-0.23502928821494312,MAP_SCADA,31,0.0012004120760781278
4,UPFC_Vse,5-15,0.057647980839804165,62,0.062225508284088855,MAP_SCADA,31,0.00457752744428469
5,UPFC_tse,5-15,-2.1197384212927988,62,-2.185793188678617,MAP_SCADA,31,0.06605476738581828
0,x_tcsc,1-14,-0.10940497005741741,63,-0.10736529943830521,MAP_SCADA,31,0.0020396706191121994
1,B_svc,2,0.1726336661398208,63,0.17486244140871618,MAP_SCADA,31,0.0022287752688953666
2,UPFC_Vsh,5-15,1.1087398307270746,63,1.1061332951757237,MAP_SCADA,31,0.0026065355513509303
3,UPFC_tsh,5-15,-0.2373871645118825,63,-0.23502928821494312,MAP_SCADA,31,0.0023578762969393707
4,UPFC_Vse,5-15,0.05776814794156133,63,0.062225508284088855,MAP_SCADA,31,0.004457360342527528
5,UPFC_tse,5-15,-2.121343863462053,63,-2.185793188678617,MAP_SCADA,31,0.0644493252165641
0,x_tcsc,1-14,-0.1046949546236351,64,-0.10736529943830521,MAP_SCADA,31,0.002670344814670114
1,B_svc,2,0.183445376860306,64,0.17486244140871618,MAP_SCADA,31,0.008582935451589807
2,UPFC_Vsh,5-15,1.1131989879091804,64,1.1061332951757237,MAP_SCADA,31,0.007065692733456697
3,UPFC_tsh,5-15,-0.23781862115688623,64,-0.23502928821494312,MAP_SCADA,31,0.0027893329419431123
4,UPFC_Vse,5-15,0.05759710799066543,64,0.062225508284088855,MAP_SCADA,31,0.004628400293423422
5,UPFC_tse,5-15,-2.1232312397924127,64,-2.185793188678617,MAP_SCADA,31,0.06256194888620437
0,x_tcsc,1-14,-0.10787113157761462,65,-0.10736529943830521,MAP_SCADA,31,0.000505832139309409
1,B_svc,2,0.17266875712225543,65,0.17486244140871618,MAP_SCADA,31,0.0021936842864607453
2,UPFC_Vsh,5-15,1.112803249263745,65,1.1061332951757237,MAP_SCADA,31,0.00666995408802129
3,UPFC_tsh,5-15,-0.23576020759578165,65,-0.23502928821494312,MAP_SCADA,31,0.0007309193808385239
4,UPFC_Vse,5-15,0.05738668038712711,65,0.062225508284088855,MAP_SCADA,31,0.004838827896961745
5,UPFC_tse,5-15,-2.117628484366634,65,-2.185793188678617,MAP_SCADA,31,0.06816470431198285
0,x_tcsc,1-14,-0.10607910744277634,66,-0.10736529943830521,MAP_SCADA,31,0.0012861919955288736
1,B_svc,2,0.1785011070050042,66,0.17486244140871618,MAP_SCADA,31,0.003638665596288032
2,UPFC_Vsh,5-15,1.1122669093630733,66,1.1061332951757237,MAP_SCADA,31,0.00613361418734959
3,UPFC_tsh,5-15,-0.2376299527673899,66,-0.23502928821494312,MAP_SCADA,31,0.0026006645524467853
4,UPFC_Vse,5-15,0.0580228728162041,66,0.062225508284088855,MAP_SCADA,31,0.004202635467884755
5,UPFC_tse,5-15,-2.11588414783405,66,-2.185793188678617,MAP_SCADA,31,0.06990904084456684
0,x_tcsc,1-14,-0.10464633199777319,67,-0.10736529943830521,MAP_SCADA,31,0.0027189674405320163
1,B_svc,2,0.1819534129198583,67,0.17486244140871618,MAP_SCADA,31,0.00709097151114213
2,UPFC_Vsh,5-15,1.1109878453087363,67,1.1061332951757237,MAP_SCADA,31,0.004854550133012614
3,UPFC_tsh,5-15,-0.23816703002760867,67,-0.23502928821494312,MAP_SCADA,31,0.0031377418126655454
4,UPFC_Vse,5-15,0.0575155112696389,67,0.062225508284088855,MAP_SCADA,31,0.004709997014449956
5,UPFC_tse,5-15,-2.1243584023779603,67,-2.185793188678617,MAP_SCADA,31,0.061434786300656796
0,x_tcsc,1-14,-0.1048884806969986,68,-0.10736529943830521,MAP_SCADA,31,0.002476818741306605
1,B_svc,2,0.18233020135967012,68,0.17486244140871618,MAP_SCADA,31,0.007467759950953945
2,UPFC_Vsh,5-15,1.1126787375375116,68,1.1061332951757237,MAP_SCADA,31,0.00654544236178789
3,UPFC_tsh,5-15,-0.23729777185293432,68,-0.23502928821494312,MAP_SCADA,31,0.0022684836379912032
4,UPFC_Vse,5-15,0.057497301850630324,68,0.062225508284088855,MAP_SCADA,31,0.004728206433458532
5,UPFC_tse,5-15,-2.117353272936879,68,-2.185793188678617,MAP_SCADA,31,0.06843991574173813
0,x_tcsc,1-14,-0.10890222542618458,69,-0.10736529943830521,MAP_SCADA,31,0.00153692598787937
1,B_svc,2,0.16834420117020463,69,0.17486244140871618,MAP_SCADA,31,0.006518240238511552
2,UPFC_Vsh,5-15,1.1131104914482013,69,1.1061332951757237,MAP_SCADA,31,0.006977196272477615
3,UPFC_tsh,5-15,-0.23620664066360444,69,-0.23502928821494312,MAP_SCADA,31,0.001177352448661323
4,UPFC_Vse,5-15,0.05712520081716381,69,0.062225508284088855,MAP_SCADA,31,0.005100307466925046
5,UPFC_tse,5-15,-2.116181775780159,69,-2.185793188678617,MAP_SCADA,31,0.06961141289845818
0,x_tcsc,1-14,-0.10783954312107445,70,-0.10736529943830521,MAP_SCADA,31,0.0004742436827692431
1,B_svc,2,0.1738012616177895,70,0.17486244140871618,MAP_SCADA,31,0.0010611797909266807
2,UPFC_Vsh,5-15,1.109946175601687,70,1.1061332951757237,MAP_SCADA,31,0.003812880425963394
3,UPFC_tsh,5-15,-0.2370955958356482,70,-0.23502928821494312,MAP_SCADA,31,0.002066307620705088
4,UPFC_Vse,5-15,0.057627049096513644,70,0.062225508284088855,MAP_SCADA,31,0.0045984591875752115
5,UPFC_tse,5-15,-2.1202167991094587,70,-2.185793188678617,MAP_SCADA,31,0.06557638956915834
0,x_tcsc,1-14,-0.10534847168056283,71,-0.10736529943830521,MAP_SCADA,31,0.0020168277577423815
1,B_svc,2,0.17955172099397773,71,0.17486244140871618,MAP_SCADA,31,0.004689279585261552
2,UPFC_Vsh,5-15,1.1117192574047965,71,1.1061332951757237,MAP_SCADA,31,0.005585962229072816
3,UPFC_tsh,5-15,-0.23820653589537907,71,-0.23502928821494312,MAP_SCADA,31,0.0031772476804359517
4,UPFC_Vse,5-15,0.05754757811938391,71,0.062225508284088855,MAP_SCADA,31,0.004677930164704948
5,UPFC_tse,5-15,-2.121658366823909,71,-2.185793188678617,MAP_SCADA,31,0.06413482185470798
0,x_tcsc,1-14,-0.10742294616001442,72,-0.10736529943830521,MAP_SCADA,31,5.76467217092147e-05
1,B_svc,2,0.17430469223433764,72,0.17486244140871618,MAP_SCADA,31,0.0005577491743785357
2,UPFC_Vsh,5-15,1.1143541824961813,72,1.1061332951757237,MAP_SCADA,31,0.00822088732045767
3,UPFC_tsh,5-15,-0.23620451737193204,72,-0.23502928821494312,MAP_SCADA,31,0.0011752291569889217
4,UPFC_Vse,5-15,0.0572197988624672,72,0.062225508284088855,MAP_SCADA,31,0.005005709421621658
5,UPFC_tse,5-15,-2.113452791129322,72,-2.185793188678617,MAP_SCADA,31,0.07234039754929489
0,x_tcsc,1-14,-0.10922969344645563,73,-0.10736529943830521,MAP_SCADA,31,0.0018643940081504162
1,B_svc,2,0.16525146255622622,73,0.17486244140871618,MAP_SCADA,31,0.00961097885248996
2,UPFC_Vsh,5-15,1.1134568370282656,73,1.1061332951757237,MAP_SCADA,31,0.007323541852541915
3,UPFC_tsh,5-15,-0.2356698992780358,73,-0.23502928821494312,MAP_SCADA,31,0.0006406110630926831
4,UPFC_Vse,5-15,0.05714227536138494,73,0.062225508284088855,MAP_SCADA,31,0.005083232922703913
5,UPFC_tse,5-15,-2.119651091064688,73,-2.185793188678617,MAP_SCADA,31,0.06614209761392909
0,x_tcsc,1-14,-0.10431792148953327,74,-0.10736529943830521,MAP_SCADA,31,0.00304737794877194
1,B_svc,2,0.1811248064659187,74,0.17486244140871618,MAP_SCADA,31,0.0062623650572025125
2,UPFC_Vsh,5-15,1.1099430822379803,74,1.1061332951757237,MAP_SCADA,31,0.003809787062256653
3,UPFC_tsh,5-15,-0.23852746172805828,74,-0.23502928821494312,MAP_SCADA,31,0.003498173513115155
4,UPFC_Vse,5-15,0.05784374657307531,74,0.062225508284088855,MAP_SCADA,31,0.0043817617110135446
5,UPFC_tse,5-15,-2.121425096913782,74,-2.185793188678617,MAP_SCADA,31,0.06436809176483527
0,x_tcsc,1-14,-0.103353053211812,75,-0.10736529943830521,MAP_SCADA,31,0.00401224622649321
1,B_svc,2,0.18807150083032478,75,0.17486244140871618,MAP_SCADA,31,0.013209059421608604
2,UPFC_Vsh,5-15,1.1111700606315367,75,1.1061332951757237,MAP_SCADA,31,0.005036765455812997
3,UPFC_tsh,5-15,-0.2388301118941401,75,-0.23502928821494312,MAP_SCADA,31,0.003800823679196985
4,UPFC_Vse,5-15,0.057665588016663855,75,0.062225508284088855,MAP_SCADA,31,0.004559920267425001
5,UPFC_tse,5-15,-2.123561272171615,75,-2.185793188678617,MAP_SCADA,31,0.062231916507001994
0,x_tcsc,1-14,-0.10893838338128896,76,-0.10736529943830521,MAP_SCADA,31,0.0015730839429837495
1,B_svc,2,0.17015960069209635,76,0.17486244140871618,MAP_SCADA,31,0.004702840716619833
2,UPFC_Vsh,5-15,1.1136347042650967,76,1.1061332951757237,MAP_SCADA,31,0.007501409089373023
3,UPFC_tsh,5-15,-0.2356088372004739,76,-0.23502928821494312,MAP_SCADA,31,0.0005795489855307812
4,UPFC_Vse,5-15,0.05739174891156154,76,0.062225508284088855,MAP_SCADA,31,0.0048337593725273145
5,UPFC_tse,5-15,-2.1131298745475315,76,-2.185793188678617,MAP_SCADA,31,0.07266331413108551
0,x_tcsc,1-14,-0.10677148640328579,77,-0.10736529943830521,MAP_SCADA,31,0.0005938130350194165
1,B_svc,2,0.17490146294845868,77,0.17486244140871618,MAP_SCADA,31,3.902153974250089e-05
2,UPFC_Vsh,5-15,1.1099104962836785,77,1.1061332951757237,MAP_SCADA,31,0.003777201107954875
3,UPFC_tsh,5-15,-0.2369514487516909,77,-0.23502928821494312,MAP_SCADA,31,0.0019221605367477912
4,UPFC_Vse,5-15,0.05773714951810732,77,0.062225508284088855,MAP_SCADA,31,0.004488358765981533
5,UPFC_tse,5-15,-2.1166647015932987,77,-2.185793188678617,MAP_SCADA,31,0.06912848708531838
0,x_tcsc,1-14,-0.10924023694539466,78,-0.10736529943830521,MAP_SCADA,31,0.001874937507089447
1,B_svc,2,0.17022007529560623,78,0.17486244140871618,MAP_SCADA,31,0.004642366113109947
2,UPFC_Vsh,5-15,1.1133807467142431,78,1.1061332951757237,MAP_SCADA,31,0.007247451538519467
3,UPFC_tsh,5-15,-0.23596645081338674,78,-0.23502928821494312,MAP_SCADA,31,0.0009371625984436194
4,UPFC_Vse,5-15,0.05711119384068331,78,0.062225508284088855,MAP_SCADA,31,0.005114314443405543
5,UPFC_tse,5-15,-2.118052252316137,78,-2.185793188678617,MAP_SCADA,31,0.06774093636248013
0,x_tcsc,1-14,-0.10743509187356443,79,-0.10736529943830521,MAP_SCADA,31,6.979243525921663e-05
1,B_svc,2,0.17324594257769063,79,0.17486244140871618,MAP_SCADA,31,0.001616498831025548
2,UPFC_Vsh,5-15,1.108719981361768,79,1.1061332951757237,MAP_SCADA,31,0.002586686186044407
3,UPFC_tsh,5-15,-0.23807533379593204,79,-0.23502928821494312,MAP_SCADA,31,0.003046045580988921
4,UPFC_Vse,5-15,0.05754558435882357,79,0.062225508284088855,MAP_SCADA,31,0.0046799239252652836
5,UPFC_tse,5-15,-2.119357535515237,79,-2.185793188678617,MAP_SCADA,31,0.06643565316338007
0,x_tcsc,1-14,-0.107329286458181,80,-0.10736529943830521,MAP_SCADA,31,3.601298012420595e-05
1,B_svc,2,0.17772680523582715,80,0.17486244140871618,MAP_SCADA,31,0.0028643638271109717
2,UPFC_Vsh,5-15,1.1115344080452432,80,1.1061332951757237,MAP_SCADA,31,0.005401112869519498
3,UPFC_tsh,5-15,-0.23749761612930478,80,-0.23502928821494312,MAP_SCADA,31,0.002468327914361662
4,UPFC_Vse,5-15,0.05787973421424841,80,0.062225508284088855,MAP_SCADA,31,0.004345774069840443
5,UPFC_tse,5-15,-2.11619148161768,80,-2.185793188678617,MAP_SCADA,31,0.06960170706093693
0,x_tcsc,1-14,-0.10845470603263258,81,-0.10736529943830521,MAP_SCADA,31,0.0010894065943273662
1,B_svc,2,0.17185062316901872,81,0.17486244140871618,MAP_SCADA,31,0.0030118182396974558
2,UPFC_Vsh,5-15,1.1136041315982959,81,1.1061332951757237,MAP_SCADA,31,0.00747083642257218
3,UPFC_tsh,5-15,-0.2352518795033683,81,-0.23502928821494312,MAP_SCADA,31,0.00022259128842516684
4,UPFC_Vse,5-15,0.0565316838469432,81,0.062225508284088855,MAP_SCADA,31,0.005693824437145653
5,UPFC_tse,5-15,-2.121089216774669,81,-2.185793188678617,MAP_SCADA,31,0.06470397190394817
0,x_tcsc,1-14,-0.10728363738035555,82,-0.10736529943830521,MAP_SCADA,31,8.16620579496552e-05
1,B_svc,2,0.17660953080738076,82,0.17486244140871618,MAP_SCADA,31,0.0017470893986645808
2,UPFC_Vsh,5-15,1.1133363796913327,82,1.1061332951757237,MAP_SCADA,31,0.007203084515609026
3,UPFC_tsh,5-15,-0.23557723587673135,82,-0.23502928821494312,MAP_SCADA,31,0.0005479476617882284
4,UPFC_Vse,5-15,0.057052670988737716,82,0.062225508284088855,MAP_SCADA,31,0.005172837295351139
5,UPFC_tse,5-15,-2.1125245344276045,82,-2.185793188678617,MAP_SCADA,31,0.07326865425101259
0,x_tcsc,1-14,-0.10704909661563972,83,-0.10736529943830521,MAP_SCADA,31,0.0003162028226654928
1,B_svc,2,0.17439535340915538,83,0.17486244140871618,MAP_SCADA,31,0.00046708799956080016
2,UPFC_Vsh,5-15,1.1138189432401893,83,1.1061332951757237,MAP_SCADA,31,0.007685648064465589
3,UPFC_tsh,5-15,-0.23591608576235498,83,-0.23502928821494312,MAP_SCADA,31,0.0008867975474118606
4,UPFC_Vse,5-15,0.05755680394915602,83,0.062225508284088855,MAP_SCADA,31,0.004668704334932834
5,UPFC_tse,5-15,-2.1157134403197753,83,-2.185793188678617,MAP_SCADA,31,0.07007974835884179
0,x_tcsc,1-14,-0.10676170257170853,84,-0.10736529943830521,MAP_SCADA,31,0.0006035968665966812
1,B_svc,2,0.17690582416355186,84,0.17486244140871618,MAP_SCADA,31,0.0020433827548356764
2,UPFC_Vsh,5-15,1.1119187557480708,84,1.1061332951757237,MAP_SCADA,31,0.005785460572347079
3,UPFC_tsh,5-15,-0.23693835217805137,84,-0.23502928821494312,MAP_SCADA,31,0.0019090639631082484
4,UPFC_Vse,5-15,0.05779647132148402,84,0.062225508284088855,MAP_SCADA,31,0.004429036962604833
5,UPFC_tse,5-15,-2.119832423144779,84,-2.185793188678617,MAP_SCADA,31,0.06596076553383812
0,x_tcsc,1-14,-0.10433107499372325,85,-0.10736529943830521,MAP_SCADA,31,0.0030342244445819566
1,B_svc,2,0.18503884107302948,85,0.17486244140871618,MAP_SCADA,31,0.010176399664313301
2,UPFC_Vsh,5-15,1.1096490244908552,85,1.1061332951757237,MAP_SCADA,31,0.003515729315131555
3,UPFC_tsh,5-15,-0.23908337904595656,85,-0.23502928821494312,MAP_SCADA,31,0.004054090831013435
4,UPFC_Vse,5-15,0.057711255599064704,85,0.062225508284088855,MAP_SCADA,31,0.004514252685024152
5,UPFC_tse,5-15,-2.121862773911793,85,-2.185793188678617,MAP_SCADA,31,0.06393041476682404
0,x_tcsc,1-14,-0.10627085253489142,86,-0.10736529943830521,MAP_SCADA,31,0.0010944469034137871
1,B_svc,2,0.177950381895317,86,0.17486244140871618,MAP_SCADA,31,0.0030879404866008264
2,UPFC_Vsh,5-15,1.1115180763241355,86,1.1061332951757237,MAP_SCADA,31,0.005384781148411788
3,UPFC_tsh,5-15,-0.23679857101651225,86,-0.23502928821494312,MAP_SCADA,31,0.0017692828015691275
4,UPFC_Vse,5-15,0.057956856977195124,86,0.062225508284088855,MAP_SCADA,31,0.004268651306893731
5,UPFC_tse,5-15,-2.1201205352270294,86,-2.185793188678617,MAP_SCADA,31,0.06567265345158768
0,x_tcsc,1-14,-0.10651687940064776,87,-0.10736529943830521,MAP_SCADA,31,0.0008484200376574491
1,B_svc,2,0.18254309035161495,87,0.17486244140871618,MAP_SCADA,31,0.007680648942898771
2,UPFC_Vsh,5-15,1.1098899213950526,87,1.1061332951757237,MAP_SCADA,31,0.003756626219328929
3,UPFC_tsh,5-15,-0.23761277738038303,87,-0.23502928821494312,MAP_SCADA,31,0.002583489165439906
4,UPFC_Vse,5-15,0.0574593173937414,87,0.062225508284088855,MAP_SCADA,31,0.004766190890347452
5,UPFC_tse,5-15,-2.121138093764339,87,-2.185793188678617,MAP_SCADA,31,0.0646550949142779
0,x_tcsc,1-14,-0.1056307771781821,88,-0.10736529943830521,MAP_SCADA,31,0.0017345222601231058
1,B_svc,2,0.1824884266434068,88,0.17486244140871618,MAP_SCADA,31,0.00762598523469063
2,UPFC_Vsh,5-15,1.1101963057729272,88,1.1061332951757237,MAP_SCADA,31,0.004063010597203487
3,UPFC_tsh,5-15,-0.23763002628571525,88,-0.23502928821494312,MAP_SCADA,31,0.0026007380707721295
4,UPFC_Vse,5-15,0.05706675078108499,88,0.062225508284088855,MAP_SCADA,31,0.005158757503003868
5,UPFC_tse,5-15,-2.1196074179549385,88,-2.185793188678617,MAP_SCADA,31,0.0661857707236786
0,x_tcsc,1-14,-0.1068650757269267,89,-0.10736529943830521,MAP_SCADA,31,0.0005002237113785057
1,B_svc,2,0.17718067164134646,89,0.17486244140871618,MAP_SCADA,31,0.0023182302326302806
2,UPFC_Vsh,5-15,1.1127660092473064,89,1.1061332951757237,MAP_SCADA,31,0.006632714071582724
3,UPFC_tsh,5-15,-0.2373073844773539,89,-0.23502928821494312,MAP_SCADA,31,0.002278096262410767
4,UPFC_Vse,5-15,0.05689366350326791,89,0.062225508284088855,MAP_SCADA,31,0.005331844780820945
5,UPFC_tse,5-15,-2.117896080173778,89,-2.185793188678617,MAP_SCADA,31,0.06789710850483921
0,x_tcsc,1-14,-0.10699046471291579,90,-0.10736529943830521,MAP_SCADA,31,0.00037483472538941964
1,B_svc,2,0.17719256344522044,90,0.17486244140871618,MAP_SCADA,31,0.002330122036504262
2,UPFC_Vsh,5-15,1.109052539356643,90,1.1061332951757237,MAP_SCADA,31,0.002919244180919378
3,UPFC_tsh,5-15,-0.23785065622494828,90,-0.23502928821494312,MAP_SCADA,31,0.002821368010005154
4,UPFC_Vse,5-15,0.05830466828765745,90,0.062225508284088855,MAP_SCADA,31,0.003920839996431405
5,UPFC_tse,5-15,-2.120107730975188,90,-2.185793188678617,MAP_SCADA,31,0.06568545770342915
0,x_tcsc,1-14,-0.10506074381709783,91,-0.10736529943830521,MAP_SCADA,31,0.002304555621207377
1,B_svc,2,0.18563134723275895,91,0.17486244140871618,MAP_SCADA,31,0.010768905824042774
2,UPFC_Vsh,5-15,1.107344280444785,91,1.1061332951757237,MAP_SCADA,31,0.001210985269061382
3,UPFC_tsh,5-15,-0.24009200989541232,91,-0.23502928821494312,MAP_SCADA,31,0.005062721680469201
4,UPFC_Vse,5-15,0.05745016323994678,91,0.062225508284088855,MAP_SCADA,31,0.004775345044142072
5,UPFC_tse,5-15,-2.129716491830026,91,-2.185793188678617,MAP_SCADA,31,0.056076696848590846
0,x_tcsc,1-14,-0.10843316130367997,92,-0.10736529943830521,MAP_SCADA,31,0.0010678618653747612
1,B_svc,2,0.171724517507776,92,0.17486244140871618,MAP_SCADA,31,0.0031379239009401705
2,UPFC_Vsh,5-15,1.1124955617280345,92,1.1061332951757237,MAP_SCADA,31,0.006362266552310869
3,UPFC_tsh,5-15,-0.23592061914407508,92,-0.23502928821494312,MAP_SCADA,31,0.0008913309291319615
4,UPFC_Vse,5-15,0.05764937454389893,92,0.062225508284088855,MAP_SCADA,31,0.004576133740189926
5,UPFC_tse,5-15,-2.115887173504994,92,-2.185793188678617,MAP_SCADA,31,0.06990601517362327
0,x_tcsc,1-14,-0.10527819592613752,93,-0.10736529943830521,MAP_SCADA,31,0.00208710351216769
1,B_svc,2,0.18394801974922592,93,0.17486244140871618,MAP_SCADA,31,0.009085578340509742
2,UPFC_Vsh,5-15,1.1121927994121752,93,1.1061332951757237,MAP_SCADA,31,0.006059504236451518
3,UPFC_tsh,5-15,-0.23767845269493082,93,-0.23502928821494312,MAP_SCADA,31,0.002649164479987698
4,UPFC_Vse,5-15,0.05811935876557973,93,0.062225508284088855,MAP_SCADA,31,0.004106149518509128
5,UPFC_tse,5-15,-2.1160067421541595,93,-2.185793188678617,MAP_SCADA,31,0.06978644652445753
0,x_tcsc,1-14,-0.10848267666552323,94,-0.10736529943830521,MAP_SCADA,31,0.001117377227218025
1,B_svc,2,0.17129404864009537,94,0.17486244140871618,MAP_SCADA,31,0.0035683927686208095
2,UPFC_Vsh,5-15,1.1113930301542858,94,1.1061332951757237,MAP_SCADA,31,0.005259734978562136
3,UPFC_tsh,5-15,-0.2362084475764398,94,-0.23502928821494312,MAP_SCADA,31,0.0011791593614966789
4,UPFC_Vse,5-15,0.057179680241642564,94,0.062225508284088855,MAP_SCADA,31,0.005045828042446292
5,UPFC_tse,5-15,-2.117519973685605,94,-2.185793188678617,MAP_SCADA,31,0.06827321499301187
0,x_tcsc,1-14,-0.10609612643226632,95,-0.10736529943830521,MAP_SCADA,31,0.00126917300603889
1,B_svc,2,0.18034927342603962,95,0.17486244140871618,MAP_SCADA,31,0.005486832017323445
2,UPFC_Vsh,5-15,1.1081572271684876,95,1.1061332951757237,MAP_SCADA,31,0.002023931992763961
3,UPFC_tsh,5-15,-0.23896856849243206,95,-0.23502928821494312,MAP_SCADA,31,0.003939280277488938
4,UPFC_Vse,5-15,0.05827706701732483,95,0.062225508284088855,MAP_SCADA,31,0.0039484412667640245
5,UPFC_tse,5-15,-2.1231450659637763,95,-2.185793188678617,MAP_SCADA,31,0.06264812271484077
0,x_tcsc,1-14,-0.11072494674634924,96,-0.10736529943830521,MAP_SCADA,31,0.003359647308044028
1,B_svc,2,0.16382259331556495,96,0.17486244140871618,MAP_SCADA,31,0.011039848093151228
2,UPFC_Vsh,5-15,1.1131482719824068,96,1.1061332951757237,MAP_SCADA,31,0.007014976806683171
3,UPFC_tsh,5-15,-0.23519080502005715,96,-0.23502928821494312,MAP_SCADA,31,0.00016151680511403144
4,UPFC_Vse,5-15,0.057372158170830606,96,0.062225508284088855,MAP_SCADA,31,0.004853350113258249
5,UPFC_tse,5-15,-2.1161767640182254,96,-2.185793188678617,MAP_SCADA,31,0.06961642466039164
0,x_tcsc,1-14,-0.10717201549915735,97,-0.10736529943830521,MAP_SCADA,31,0.00019328393914785913
1,B_svc,2,0.17993119020529763,97,0.17486244140871618,MAP_SCADA,31,0.0050687487965814515
2,UPFC_Vsh,5-15,1.1113859768397536,97,1.1061332951757237,MAP_SCADA,31,0.005252681664029923
3,UPFC_tsh,5-15,-0.23733175664322106,97,-0.23502928821494312,MAP_SCADA,31,0.002302468428277943
4,UPFC_Vse,5-15,0.05756112498967703,97,0.062225508284088855,MAP_SCADA,31,0.004664383294411822
5,UPFC_tse,5-15,-2.1183860517395594,97,-2.185793188678617,MAP_SCADA,31,0.06740713693905764
0,x_tcsc,1-14,-0.10794320493711781,98,-0.10736529943830521,MAP_SCADA,31,0.0005779054988126059
1,B_svc,2,0.17594575429682419,98,0.17486244140871618,MAP_SCADA,31,0.0010833128881080067
2,UPFC_Vsh,5-15,1.1139945785284209,98,1.1061332951757237,MAP_SCADA,31,0.007861283352697201
3,UPFC_tsh,5-15,-0.23616473699877685,98,-0.23502928821494312,MAP_SCADA,31,0.0011354487838337313
4,UPFC_Vse,5-15,0.057481413833521275,98,0.062225508284088855,MAP_SCADA,31,0.0047440944505675806
5,UPFC_tse,5-15,-2.1167090690392265,98,-2.185793188678617,MAP_SCADA,31,0.06908411963939054
0,x_tcsc,1-14,-0.10549981687781415,99,-0.10736529943830521,MAP_SCADA,31,0.001865482560491058
1,B_svc,2,0.18435980766770546,99,0.17486244140871618,MAP_SCADA,31,0.009497366258989282
2,UPFC_Vsh,5-15,1.110605632781286,99,1.1061332951757237,MAP_SCADA,31,0.004472337605562426
3,UPFC_tsh,5-15,-0.23879532010179283,99,-0.23502928821494312,MAP_SCADA,31,0.003766031886849708
4,UPFC_Vse,5-15,0.0585592895290129,99,0.062225508284088855,MAP_SCADA,31,0.003666218755075952
5,UPFC_tse,5-15,-2.120240844202484,99,-2.185793188678617,MAP_SCADA,31,0.06555234447613323
0,x_tcsc,1-14,-0.10671143253086024,0,-0.10650647426468991,MAP_SCADA,33,0.00020495826617032697
1,B_svc,2,0.17853734538277877,0,0.17481718540140737,MAP_SCADA,33,0.0037201599813714015
2,UPFC_Vsh,5-15,1.1109207789140585,0,1.1072116531227494,MAP_SCADA,33,0.003709125791309109
3,UPFC_tsh,5-15,-0.23731745143979585,0,-0.23588325761662496,MAP_SCADA,33,0.0014341938231708928
4,UPFC_Vse,5-15,0.05763375636709128,0,0.062051247461420725,MAP_SCADA,33,0.004417491094329443
5,UPFC_tse,5-15,-2.121116529035107,0,-2.18409127855749,MAP_SCADA,33,0.06297474952238291
0,x_tcsc,1-14,-0.10884679222871829,1,-0.10650647426468991,MAP_SCADA,33,0.0023403179640283794
1,B_svc,2,0.17210654984970408,1,0.17481718540140737,MAP_SCADA,33,0.002710635551703283
2,UPFC_Vsh,5-15,1.1125691339351063,1,1.1072116531227494,MAP_SCADA,33,0.005357480812356874
3,UPFC_tsh,5-15,-0.23614062783557177,1,-0.23588325761662496,MAP_SCADA,33,0.0002573702189468119
4,UPFC_Vse,5-15,0.05726992650712081,1,0.062051247461420725,MAP_SCADA,33,0.0047813209542999155
5,UPFC_tse,5-15,-2.114605669181904,1,-2.18409127855749,MAP_SCADA,33,0.06948560937558579
0,x_tcsc,1-14,-0.106438597648498,2,-0.10650647426468991,MAP_SCADA,33,6.787661619191143e-05
1,B_svc,2,0.17900573324605812,2,0.17481718540140737,MAP_SCADA,33,0.004188547844650753
2,UPFC_Vsh,5-15,1.110557377207309,2,1.1072116531227494,MAP_SCADA,33,0.003345724084559576
3,UPFC_tsh,5-15,-0.23791607483260863,2,-0.23588325761662496,MAP_SCADA,33,0.0020328172159836677
4,UPFC_Vse,5-15,0.05782458523939781,2,0.062051247461420725,MAP_SCADA,33,0.004226662222022913
5,UPFC_tse,5-15,-2.121047690115321,2,-2.18409127855749,MAP_SCADA,33,0.06304358844216917
0,x_tcsc,1-14,-0.1082485724483868,3,-0.10650647426468991,MAP_SCADA,33,0.0017420981836968885
1,B_svc,2,0.17084799387894223,3,0.17481718540140737,MAP_SCADA,33,0.0039691915224651375
2,UPFC_Vsh,5-15,1.1133073606530108,3,1.1072116531227494,MAP_SCADA,33,0.006095707530261452
3,UPFC_tsh,5-15,-0.2352148361230751,3,-0.23588325761662496,MAP_SCADA,33,0.00066842149354987
4,UPFC_Vse,5-15,0.05744203276710792,3,0.062051247461420725,MAP_SCADA,33,0.004609214694312802
5,UPFC_tse,5-15,-2.1187469994643453,3,-2.18409127855749,MAP_SCADA,33,0.06534427909314466
0,x_tcsc,1-14,-0.10589216153963375,4,-0.10650647426468991,MAP_SCADA,33,0.0006143127250561597
1,B_svc,2,0.18057721027425636,4,0.17481718540140737,MAP_SCADA,33,0.00576002487284899
2,UPFC_Vsh,5-15,1.1090639373079867,4,1.1072116531227494,MAP_SCADA,33,0.0018522841852373073
3,UPFC_tsh,5-15,-0.23901694259159015,4,-0.23588325761662496,MAP_SCADA,33,0.0031336849749651896
4,UPFC_Vse,5-15,0.057420897493637865,4,0.062051247461420725,MAP_SCADA,33,0.00463034996778286
5,UPFC_tse,5-15,-2.1217880216245173,4,-2.18409127855749,MAP_SCADA,33,0.06230325693297267
0,x_tcsc,1-14,-0.10962718592320896,5,-0.10650647426468991,MAP_SCADA,33,0.003120711658519043
1,B_svc,2,0.16734710763118957,5,0.17481718540140737,MAP_SCADA,33,0.007470077770217798
2,UPFC_Vsh,5-15,1.113238663056068,5,1.1072116531227494,MAP_SCADA,33,0.006027009933318617
3,UPFC_tsh,5-15,-0.2353712142411416,5,-0.23588325761662496,MAP_SCADA,33,0.0005120433754833564
4,UPFC_Vse,5-15,0.05765870072751411,5,0.062051247461420725,MAP_SCADA,33,0.004392546733906613
5,UPFC_tse,5-15,-2.116604966915444,5,-2.18409127855749,MAP_SCADA,33,0.0674863116420461
0,x_tcsc,1-14,-0.1072394089863974,6,-0.10650647426468991,MAP_SCADA,33,0.00073293472170749
1,B_svc,2,0.17505832381110656,6,0.17481718540140737,MAP_SCADA,33,0.0002411384096991931
2,UPFC_Vsh,5-15,1.1134733590139796,6,1.1072116531227494,MAP_SCADA,33,0.006261705891230207
3,UPFC_tsh,5-15,-0.23630289751870623,6,-0.23588325761662496,MAP_SCADA,33,0.0004196399020812702
4,UPFC_Vse,5-15,0.057209379708297675,6,0.062051247461420725,MAP_SCADA,33,0.00484186775312305
5,UPFC_tse,5-15,-2.118697070191822,6,-2.18409127855749,MAP_SCADA,33,0.06539420836566778
0,x_tcsc,1-14,-0.106904312225471,7,-0.10650647426468991,MAP_SCADA,33,0.0003978379607810917
1,B_svc,2,0.17859066157689701,7,0.17481718540140737,MAP_SCADA,33,0.0037734761754896484
2,UPFC_Vsh,5-15,1.1115241542852348,7,1.1072116531227494,MAP_SCADA,33,0.004312501162485383
3,UPFC_tsh,5-15,-0.23696277691500586,7,-0.23588325761662496,MAP_SCADA,33,0.0010795192983809043
4,UPFC_Vse,5-15,0.05719135020998187,7,0.062051247461420725,MAP_SCADA,33,0.004859897251438858
5,UPFC_tse,5-15,-2.120352712191659,7,-2.18409127855749,MAP_SCADA,33,0.06373856636583097
0,x_tcsc,1-14,-0.10584256465175358,8,-0.10650647426468991,MAP_SCADA,33,0.0006639096129363309
1,B_svc,2,0.17957565213745705,8,0.17481718540140737,MAP_SCADA,33,0.004758466736049682
2,UPFC_Vsh,5-15,1.1114213514564535,8,1.1072116531227494,MAP_SCADA,33,0.004209698333704104
3,UPFC_tsh,5-15,-0.23804470709609643,8,-0.23588325761662496,MAP_SCADA,33,0.0021614494794714723
4,UPFC_Vse,5-15,0.05767086577863096,8,0.062051247461420725,MAP_SCADA,33,0.004380381682789765
5,UPFC_tse,5-15,-2.1195907835996595,8,-2.18409127855749,MAP_SCADA,33,0.0645004949578305
0,x_tcsc,1-14,-0.10784650785057542,9,-0.10650647426468991,MAP_SCADA,33,0.0013400335858855111
1,B_svc,2,0.17403306430088125,9,0.17481718540140737,MAP_SCADA,33,0.0007841211005261139
2,UPFC_Vsh,5-15,1.1136591443971575,9,1.1072116531227494,MAP_SCADA,33,0.006447491274408135
3,UPFC_tsh,5-15,-0.23540412352425605,9,-0.23588325761662496,MAP_SCADA,33,0.00047913409236891025
4,UPFC_Vse,5-15,0.05764721708836011,9,0.062051247461420725,MAP_SCADA,33,0.004404030373060613
5,UPFC_tse,5-15,-2.1166377891830908,9,-2.18409127855749,MAP_SCADA,33,0.06745348937439921
0,x_tcsc,1-14,-0.10843919964143052,10,-0.10650647426468991,MAP_SCADA,33,0.0019327253767406072
1,B_svc,2,0.1733415956284689,10,0.17481718540140737,MAP_SCADA,33,0.0014755897729384626
2,UPFC_Vsh,5-15,1.1120251269562094,10,1.1072116531227494,MAP_SCADA,33,0.00481347383345998
3,UPFC_tsh,5-15,-0.23596809646704503,10,-0.23588325761662496,MAP_SCADA,33,8.483885042007144e-05
4,UPFC_Vse,5-15,0.0564854939523338,10,0.062051247461420725,MAP_SCADA,33,0.005565753509086925
5,UPFC_tse,5-15,-2.1208915776861685,10,-2.18409127855749,MAP_SCADA,33,0.06319970087132143
0,x_tcsc,1-14,-0.10717114851830077,11,-0.10650647426468991,MAP_SCADA,33,0.0006646742536108585
1,B_svc,2,0.17747026057926507,11,0.17481718540140737,MAP_SCADA,33,0.0026530751778577055
2,UPFC_Vsh,5-15,1.1124363488801543,11,1.1072116531227494,MAP_SCADA,33,0.005224695757404918
3,UPFC_tsh,5-15,-0.23632852993489933,11,-0.23588325761662496,MAP_SCADA,33,0.00044527231827437563
4,UPFC_Vse,5-15,0.05659742194993677,11,0.062051247461420725,MAP_SCADA,33,0.005453825511483955
5,UPFC_tse,5-15,-2.1197408115722536,11,-2.18409127855749,MAP_SCADA,33,0.06435046698523639
0,x_tcsc,1-14,-0.10802946345880032,12,-0.10650647426468991,MAP_SCADA,33,0.0015229891941104107
1,B_svc,2,0.17281276942429238,12,0.17481718540140737,MAP_SCADA,33,0.0020044159771149817
2,UPFC_Vsh,5-15,1.1130757120421997,12,1.1072116531227494,MAP_SCADA,33,0.005864058919450299
3,UPFC_tsh,5-15,-0.23632368050223404,12,-0.23588325761662496,MAP_SCADA,33,0.00044042288560908194
4,UPFC_Vse,5-15,0.057571961367978236,12,0.062051247461420725,MAP_SCADA,33,0.004479286093442489
5,UPFC_tse,5-15,-2.1157178822797733,12,-2.18409127855749,MAP_SCADA,33,0.06837339627771666
0,x_tcsc,1-14,-0.10570316958983077,13,-0.10650647426468991,MAP_SCADA,33,0.0008033046748591455
1,B_svc,2,0.18249973312876458,13,0.17481718540140737,MAP_SCADA,33,0.007682547727357214
2,UPFC_Vsh,5-15,1.1131296050156416,13,1.1072116531227494,MAP_SCADA,33,0.005917951892892237
3,UPFC_tsh,5-15,-0.23783442634788132,13,-0.23588325761662496,MAP_SCADA,33,0.0019511687312563641
4,UPFC_Vse,5-15,0.056484936983598154,13,0.062051247461420725,MAP_SCADA,33,0.005566310477822571
5,UPFC_tse,5-15,-2.115261398749947,13,-2.18409127855749,MAP_SCADA,33,0.06882987980754285
0,x_tcsc,1-14,-0.10694923876760283,14,-0.10650647426468991,MAP_SCADA,33,0.0004427645029129179
1,B_svc,2,0.1769041692493913,14,0.17481718540140737,MAP_SCADA,33,0.0020869838479839475
2,UPFC_Vsh,5-15,1.1121526642391235,14,1.1072116531227494,MAP_SCADA,33,0.004941011116374128
3,UPFC_tsh,5-15,-0.2370323619370798,14,-0.23588325761662496,MAP_SCADA,33,0.0011491043204548412
4,UPFC_Vse,5-15,0.057139654468352036,14,0.062051247461420725,MAP_SCADA,33,0.004911592993068689
5,UPFC_tse,5-15,-2.1194773532602125,14,-2.18409127855749,MAP_SCADA,33,0.0646139252972775
0,x_tcsc,1-14,-0.10869855072993599,15,-0.10650647426468991,MAP_SCADA,33,0.002192076465246079
1,B_svc,2,0.1722439116589828,15,0.17481718540140737,MAP_SCADA,33,0.0025732737424245533
2,UPFC_Vsh,5-15,1.1123269308828758,15,1.1072116531227494,MAP_SCADA,33,0.005115277760126435
3,UPFC_tsh,5-15,-0.23591736677432862,15,-0.23588325761662496,MAP_SCADA,33,3.4109157703660076e-05
4,UPFC_Vse,5-15,0.05746552861625833,15,0.062051247461420725,MAP_SCADA,33,0.004585718845162394
5,UPFC_tse,5-15,-2.114336762711501,15,-2.18409127855749,MAP_SCADA,33,0.06975451584598913
0,x_tcsc,1-14,-0.10723509198330802,16,-0.10650647426468991,MAP_SCADA,33,0.0007286177186181103
1,B_svc,2,0.17398967179522495,16,0.17481718540140737,MAP_SCADA,33,0.0008275136061824118
2,UPFC_Vsh,5-15,1.1110458587351355,16,1.1072116531227494,MAP_SCADA,33,0.0038342056123861212
3,UPFC_tsh,5-15,-0.23700163214610448,16,-0.23588325761662496,MAP_SCADA,33,0.001118374529479521
4,UPFC_Vse,5-15,0.05741412427159274,16,0.062051247461420725,MAP_SCADA,33,0.004637123189827987
5,UPFC_tse,5-15,-2.115454248723215,16,-2.18409127855749,MAP_SCADA,33,0.06863702983427489
0,x_tcsc,1-14,-0.11066622826773613,17,-0.10650647426468991,MAP_SCADA,33,0.004159754003046218
1,B_svc,2,0.17213545326446683,17,0.17481718540140737,MAP_SCADA,33,0.0026817321369405345
2,UPFC_Vsh,5-15,1.1101691119931705,17,1.1072116531227494,MAP_SCADA,33,0.0029574588704210925
3,UPFC_tsh,5-15,-0.23638238289548702,17,-0.23588325761662496,MAP_SCADA,33,0.0004991252788620615
4,UPFC_Vse,5-15,0.05704571524866088,17,0.062051247461420725,MAP_SCADA,33,0.0050055322127598445
5,UPFC_tse,5-15,-2.1255108704267474,17,-2.18409127855749,MAP_SCADA,33,0.05858040813074261
0,x_tcsc,1-14,-0.10647726198792858,18,-0.10650647426468991,MAP_SCADA,33,2.9212276761336753e-05
1,B_svc,2,0.17890991783106908,18,0.17481718540140737,MAP_SCADA,33,0.004092732429661711
2,UPFC_Vsh,5-15,1.1113916813722353,18,1.1072116531227494,MAP_SCADA,33,0.004180028249485934
3,UPFC_tsh,5-15,-0.23750430204608403,18,-0.23588325761662496,MAP_SCADA,33,0.0016210444294590676
4,UPFC_Vse,5-15,0.0579754917237041,18,0.062051247461420725,MAP_SCADA,33,0.004075755737716624
5,UPFC_tse,5-15,-2.1210878076752175,18,-2.18409127855749,MAP_SCADA,33,0.06300347088227243
0,x_tcsc,1-14,-0.10880064867843024,19,-0.10650647426468991,MAP_SCADA,33,0.0022941744137403297
1,B_svc,2,0.17236500079037237,19,0.17481718540140737,MAP_SCADA,33,0.0024521846110349965
2,UPFC_Vsh,5-15,1.112334763295601,19,1.1072116531227494,MAP_SCADA,33,0.005123110172851719
3,UPFC_tsh,5-15,-0.23575835468156742,19,-0.23588325761662496,MAP_SCADA,33,0.00012490293505754146
4,UPFC_Vse,5-15,0.057420643843725014,19,0.062051247461420725,MAP_SCADA,33,0.004630603617695711
5,UPFC_tse,5-15,-2.1197007787621494,19,-2.18409127855749,MAP_SCADA,33,0.06439049979534062
0,x_tcsc,1-14,-0.10681796471203604,20,-0.10650647426468991,MAP_SCADA,33,0.00031149044734612996
1,B_svc,2,0.17723798368864258,20,0.17481718540140737,MAP_SCADA,33,0.0024207982872352096
2,UPFC_Vsh,5-15,1.110328466941185,20,1.1072116531227494,MAP_SCADA,33,0.0031168138184356486
3,UPFC_tsh,5-15,-0.2373060069040069,20,-0.23588325761662496,MAP_SCADA,33,0.0014227492873819525
4,UPFC_Vse,5-15,0.05749209778155573,20,0.062051247461420725,MAP_SCADA,33,0.004559149679864996
5,UPFC_tse,5-15,-2.121057456966522,20,-2.18409127855749,MAP_SCADA,33,0.06303382159096804
0,x_tcsc,1-14,-0.10640127987977131,21,-0.10650647426468991,MAP_SCADA,33,0.00010519438491859989
1,B_svc,2,0.17706400553147694,21,0.17481718540140737,MAP_SCADA,33,0.0022468201300695767
2,UPFC_Vsh,5-15,1.1123414247957542,21,1.1072116531227494,MAP_SCADA,33,0.005129771673004768
3,UPFC_tsh,5-15,-0.23706487343632154,21,-0.23588325761662496,MAP_SCADA,33,0.0011816158196965854
4,UPFC_Vse,5-15,0.05804808066265128,21,0.062051247461420725,MAP_SCADA,33,0.004003166798769442
5,UPFC_tse,5-15,-2.1199889860303824,21,-2.18409127855749,MAP_SCADA,33,0.06410229252710753
0,x_tcsc,1-14,-0.1076874287003709,22,-0.10650647426468991,MAP_SCADA,33,0.0011809544356809892
1,B_svc,2,0.17814371796425674,22,0.17481718540140737,MAP_SCADA,33,0.0033265325628493714
2,UPFC_Vsh,5-15,1.1100397041732075,22,1.1072116531227494,MAP_SCADA,33,0.0028280510504581358
3,UPFC_tsh,5-15,-0.2373992929814906,22,-0.23588325761662496,MAP_SCADA,33,0.0015160353648656366
4,UPFC_Vse,5-15,0.05746102628000953,22,0.062051247461420725,MAP_SCADA,33,0.004590221181411197
5,UPFC_tse,5-15,-2.1138228571779285,22,-2.18409127855749,MAP_SCADA,33,0.07026842137956146
0,x_tcsc,1-14,-0.11114173205442038,23,-0.10650647426468991,MAP_SCADA,33,0.004635257789730465
1,B_svc,2,0.16571810927908867,23,0.17481718540140737,MAP_SCADA,33,0.009099076122318694
2,UPFC_Vsh,5-15,1.1102913160967147,23,1.1072116531227494,MAP_SCADA,33,0.003079662973965336
3,UPFC_tsh,5-15,-0.23612314344192717,23,-0.23588325761662496,MAP_SCADA,33,0.0002398858253022107
4,UPFC_Vse,5-15,0.057828980132338344,23,0.062051247461420725,MAP_SCADA,33,0.004222267329082381
5,UPFC_tse,5-15,-2.11634907225094,23,-2.18409127855749,MAP_SCADA,33,0.06774220630655003
0,x_tcsc,1-14,-0.10707298918273737,24,-0.10650647426468991,MAP_SCADA,33,0.0005665149180474616
1,B_svc,2,0.1750844181767696,24,0.17481718540140737,MAP_SCADA,33,0.000267232775362225
2,UPFC_Vsh,5-15,1.1103383294545885,24,1.1072116531227494,MAP_SCADA,33,0.003126676331839162
3,UPFC_tsh,5-15,-0.2373858961720593,24,-0.23588325761662496,MAP_SCADA,33,0.001502638555434338
4,UPFC_Vse,5-15,0.05783441093683506,24,0.062051247461420725,MAP_SCADA,33,0.004216836524585668
5,UPFC_tse,5-15,-2.1211963531878606,24,-2.18409127855749,MAP_SCADA,33,0.06289492536962937
0,x_tcsc,1-14,-0.10411209146765889,25,-0.10650647426468991,MAP_SCADA,33,0.002394382797031025
1,B_svc,2,0.18207388013521508,25,0.17481718540140737,MAP_SCADA,33,0.007256694733807717
2,UPFC_Vsh,5-15,1.1099508617603815,25,1.1072116531227494,MAP_SCADA,33,0.0027392086376321068
3,UPFC_tsh,5-15,-0.23921976991336424,25,-0.23588325761662496,MAP_SCADA,33,0.0033365122967392857
4,UPFC_Vse,5-15,0.057215626624696495,25,0.062051247461420725,MAP_SCADA,33,0.00483562083672423
5,UPFC_tse,5-15,-2.1180417750198264,25,-2.18409127855749,MAP_SCADA,33,0.06604950353766359
0,x_tcsc,1-14,-0.1078001605743693,26,-0.10650647426468991,MAP_SCADA,33,0.0012936863096793816
1,B_svc,2,0.17458128190019787,26,0.17481718540140737,MAP_SCADA,33,0.0002359035012095001
2,UPFC_Vsh,5-15,1.113580620074413,26,1.1072116531227494,MAP_SCADA,33,0.006368966951663557
3,UPFC_tsh,5-15,-0.23556159092886747,26,-0.23588325761662496,MAP_SCADA,33,0.0003216666877574881
4,UPFC_Vse,5-15,0.05738429904808282,26,0.062051247461420725,MAP_SCADA,33,0.004666948413337903
5,UPFC_tse,5-15,-2.116182058227431,26,-2.18409127855749,MAP_SCADA,33,0.06790922033005886
0,x_tcsc,1-14,-0.10825092537265413,27,-0.10650647426468991,MAP_SCADA,33,0.001744451107964215
1,B_svc,2,0.17430631258970788,27,0.17481718540140737,MAP_SCADA,33,0.000510872811699481
2,UPFC_Vsh,5-15,1.1114662475697654,27,1.1072116531227494,MAP_SCADA,33,0.004254594447016036
3,UPFC_tsh,5-15,-0.23746584465815873,27,-0.23588325761662496,MAP_SCADA,33,0.0015825870415337728
4,UPFC_Vse,5-15,0.05788690302737337,27,0.062051247461420725,MAP_SCADA,33,0.004164344434047354
5,UPFC_tse,5-15,-2.118504077446963,27,-2.18409127855749,MAP_SCADA,33,0.06558720111052718
0,x_tcsc,1-14,-0.1062730187523376,28,-0.10650647426468991,MAP_SCADA,33,0.00023345551235230688
1,B_svc,2,0.18103079162220884,28,0.17481718540140737,MAP_SCADA,33,0.006213606220801471
2,UPFC_Vsh,5-15,1.1087301109081895,28,1.1072116531227494,MAP_SCADA,33,0.0015184577854401304
3,UPFC_tsh,5-15,-0.2389396275716271,28,-0.23588325761662496,MAP_SCADA,33,0.003056369955002136
4,UPFC_Vse,5-15,0.05792850816793582,28,0.062051247461420725,MAP_SCADA,33,0.004122739293484903
5,UPFC_tse,5-15,-2.121591180104046,28,-2.18409127855749,MAP_SCADA,33,0.06250009845344406
0,x_tcsc,1-14,-0.10653628707019851,29,-0.10650647426468991,MAP_SCADA,33,2.9812805508594442e-05
1,B_svc,2,0.17965508087916948,29,0.17481718540140737,MAP_SCADA,33,0.004837895477762116
2,UPFC_Vsh,5-15,1.1106446052036845,29,1.1072116531227494,MAP_SCADA,33,0.003432952080935081
3,UPFC_tsh,5-15,-0.2376731179045099,29,-0.23588325761662496,MAP_SCADA,33,0.0017898602878849423
4,UPFC_Vse,5-15,0.05786677315107843,29,0.062051247461420725,MAP_SCADA,33,0.004184474310342294
5,UPFC_tse,5-15,-2.120222833999159,29,-2.18409127855749,MAP_SCADA,33,0.06386844455833085
0,x_tcsc,1-14,-0.10952997111799802,30,-0.10650647426468991,MAP_SCADA,33,0.0030234968533081052
1,B_svc,2,0.16919933850561206,30,0.17481718540140737,MAP_SCADA,33,0.005617846895795309
2,UPFC_Vsh,5-15,1.1127862661947077,30,1.1072116531227494,MAP_SCADA,33,0.005574613071958279
3,UPFC_tsh,5-15,-0.23534976633179824,30,-0.23588325761662496,MAP_SCADA,33,0.0005334912848267148
4,UPFC_Vse,5-15,0.05792238850708715,30,0.062051247461420725,MAP_SCADA,33,0.004128858954333577
5,UPFC_tse,5-15,-2.1164729451535256,30,-2.18409127855749,MAP_SCADA,33,0.06761833340396439
0,x_tcsc,1-14,-0.10715060791579066,31,-0.10650647426468991,MAP_SCADA,33,0.0006441336511007478
1,B_svc,2,0.17281241655909546,31,0.17481718540140737,MAP_SCADA,33,0.0020047688423119048
2,UPFC_Vsh,5-15,1.1121750737216747,31,1.1072116531227494,MAP_SCADA,33,0.004963420598925294
3,UPFC_tsh,5-15,-0.23612890048767649,31,-0.23588325761662496,MAP_SCADA,33,0.0002456428710515268
4,UPFC_Vse,5-15,0.05741113562187503,31,0.062051247461420725,MAP_SCADA,33,0.004640111839545692
5,UPFC_tse,5-15,-2.118555531744554,31,-2.18409127855749,MAP_SCADA,33,0.06553574681293606
0,x_tcsc,1-14,-0.10738626062904685,32,-0.10650647426468991,MAP_SCADA,33,0.0008797863643569409
1,B_svc,2,0.17330701774645507,32,0.17481718540140737,MAP_SCADA,33,0.0015101676549522935
2,UPFC_Vsh,5-15,1.1120310826835351,32,1.1072116531227494,MAP_SCADA,33,0.004819429560785737
3,UPFC_tsh,5-15,-0.23617144897870454,32,-0.23588325761662496,MAP_SCADA,33,0.00028819136207958174
4,UPFC_Vse,5-15,0.05687457505896244,32,0.062051247461420725,MAP_SCADA,33,0.005176672402458282
5,UPFC_tse,5-15,-2.123660023297658,32,-2.18409127855749,MAP_SCADA,33,0.06043125525983184
0,x_tcsc,1-14,-0.10693539844775564,33,-0.10650647426468991,MAP_SCADA,33,0.00042892418306572644
1,B_svc,2,0.17768917211592447,33,0.17481718540140737,MAP_SCADA,33,0.002871986714517105
2,UPFC_Vsh,5-15,1.1095148249414561,33,1.1072116531227494,MAP_SCADA,33,0.002303171818706762
3,UPFC_tsh,5-15,-0.2371331944262661,33,-0.23588325761662496,MAP_SCADA,33,0.001249936809641139
4,UPFC_Vse,5-15,0.05721563919140297,33,0.062051247461420725,MAP_SCADA,33,0.004835608270017756
5,UPFC_tse,5-15,-2.1196271921111913,33,-2.18409127855749,MAP_SCADA,33,0.06446408644629864
0,x_tcsc,1-14,-0.10687992533692643,34,-0.10650647426468991,MAP_SCADA,33,0.0003734510722365192
1,B_svc,2,0.17401309726872008,34,0.17481718540140737,MAP_SCADA,33,0.0008040881326872862
2,UPFC_Vsh,5-15,1.1123769845319478,34,1.1072116531227494,MAP_SCADA,33,0.005165331409198393
3,UPFC_tsh,5-15,-0.23616750209149165,34,-0.23588325761662496,MAP_SCADA,33,0.0002842444748666906
4,UPFC_Vse,5-15,0.05717751357900006,34,0.062051247461420725,MAP_SCADA,33,0.0048737338824206625
5,UPFC_tse,5-15,-2.1212191870108876,34,-2.18409127855749,MAP_SCADA,33,0.06287209154660234
0,x_tcsc,1-14,-0.10736731801715636,35,-0.10650647426468991,MAP_SCADA,33,0.0008608437524664503
1,B_svc,2,0.1743344664120881,35,0.17481718540140737,MAP_SCADA,33,0.0004827189893192585
2,UPFC_Vsh,5-15,1.1121640478067782,35,1.1072116531227494,MAP_SCADA,33,0.00495239468402886
3,UPFC_tsh,5-15,-0.23680846597136743,35,-0.23588325761662496,MAP_SCADA,33,0.0009252083547424683
4,UPFC_Vse,5-15,0.057952360550922254,35,0.062051247461420725,MAP_SCADA,33,0.004098886910498471
5,UPFC_tse,5-15,-2.1169531607381513,35,-2.18409127855749,MAP_SCADA,33,0.06713811781933865
0,x_tcsc,1-14,-0.10815347514458465,36,-0.10650647426468991,MAP_SCADA,33,0.001647000879894736
1,B_svc,2,0.1710697004082666,36,0.17481718540140737,MAP_SCADA,33,0.0037474849931407594
2,UPFC_Vsh,5-15,1.1137240188584057,36,1.1072116531227494,MAP_SCADA,33,0.006512365735656278
3,UPFC_tsh,5-15,-0.2358246848062136,36,-0.23588325761662496,MAP_SCADA,33,5.857281041135587e-05
4,UPFC_Vse,5-15,0.057245825627543545,36,0.062051247461420725,MAP_SCADA,33,0.00480542183387718
5,UPFC_tse,5-15,-2.1175965349312516,36,-2.18409127855749,MAP_SCADA,33,0.06649474362623842
0,x_tcsc,1-14,-0.10475515592541516,37,-0.10650647426468991,MAP_SCADA,33,0.001751318339274749
1,B_svc,2,0.18309482267944,37,0.17481718540140737,MAP_SCADA,33,0.008277637278032629
2,UPFC_Vsh,5-15,1.1127906253327882,37,1.1072116531227494,MAP_SCADA,33,0.0055789722100387795
3,UPFC_tsh,5-15,-0.23802310460401754,37,-0.23588325761662496,MAP_SCADA,33,0.002139846987392585
4,UPFC_Vse,5-15,0.057431952367715214,37,0.062051247461420725,MAP_SCADA,33,0.004619295093705511
5,UPFC_tse,5-15,-2.1199405418760775,37,-2.18409127855749,MAP_SCADA,33,0.06415073668141247
0,x_tcsc,1-14,-0.10742269392758334,38,-0.10650647426468991,MAP_SCADA,33,0.0009162196628934305
1,B_svc,2,0.1755004971401978,38,0.17481718540140737,MAP_SCADA,33,0.0006833117387904375
2,UPFC_Vsh,5-15,1.1130201419013812,38,1.1072116531227494,MAP_SCADA,33,0.005808488778631826
3,UPFC_tsh,5-15,-0.23693363430979963,38,-0.23588325761662496,MAP_SCADA,33,0.001050376693174676
4,UPFC_Vse,5-15,0.057205520786809703,38,0.062051247461420725,MAP_SCADA,33,0.004845726674611021
5,UPFC_tse,5-15,-2.1205146025924075,38,-2.18409127855749,MAP_SCADA,33,0.06357667596508243
0,x_tcsc,1-14,-0.10641915634401529,39,-0.10650647426468991,MAP_SCADA,33,8.73179206746233e-05
1,B_svc,2,0.17958337075122596,39,0.17481718540140737,MAP_SCADA,33,0.004766185349818597
2,UPFC_Vsh,5-15,1.1118914083314206,39,1.1072116531227494,MAP_SCADA,33,0.004679755208671255
3,UPFC_tsh,5-15,-0.23774754611117094,39,-0.23588325761662496,MAP_SCADA,33,0.0018642884945459792
4,UPFC_Vse,5-15,0.057058229476306656,39,0.062051247461420725,MAP_SCADA,33,0.004993017985114069
5,UPFC_tse,5-15,-2.120243704132217,39,-2.18409127855749,MAP_SCADA,33,0.06384757442527311
0,x_tcsc,1-14,-0.10714899839915103,40,-0.10650647426468991,MAP_SCADA,33,0.0006425241344611143
1,B_svc,2,0.17792801003384645,40,0.17481718540140737,MAP_SCADA,33,0.0031108246324390854
2,UPFC_Vsh,5-15,1.1104977926102153,40,1.1072116531227494,MAP_SCADA,33,0.003286139487465922
3,UPFC_tsh,5-15,-0.23778322722768935,40,-0.23588325761662496,MAP_SCADA,33,0.0018999696110643949
4,UPFC_Vse,5-15,0.05763455838128357,40,0.062051247461420725,MAP_SCADA,33,0.004416689080137155
5,UPFC_tse,5-15,-2.121763490823035,40,-2.18409127855749,MAP_SCADA,33,0.0623277877344548
0,x_tcsc,1-14,-0.10747628103650513,41,-0.10650647426468991,MAP_SCADA,33,0.0009698067718152126
1,B_svc,2,0.17201780849316667,41,0.17481718540140737,MAP_SCADA,33,0.002799376908240697
2,UPFC_Vsh,5-15,1.1132964947085866,41,1.1072116531227494,MAP_SCADA,33,0.00608484158583722
3,UPFC_tsh,5-15,-0.23655377141994835,41,-0.23588325761662496,MAP_SCADA,33,0.0006705138033233915
4,UPFC_Vse,5-15,0.05694790652530009,41,0.062051247461420725,MAP_SCADA,33,0.005103340936120637
5,UPFC_tse,5-15,-2.115871417344491,41,-2.18409127855749,MAP_SCADA,33,0.06821986121299917
0,x_tcsc,1-14,-0.1081257980000313,42,-0.10650647426468991,MAP_SCADA,33,0.0016193237353413908
1,B_svc,2,0.1726483542993937,42,0.17481718540140737,MAP_SCADA,33,0.0021688311020136575
2,UPFC_Vsh,5-15,1.1121568098072536,42,1.1072116531227494,MAP_SCADA,33,0.004945156684504237
3,UPFC_tsh,5-15,-0.23570650257828626,42,-0.23588325761662496,MAP_SCADA,33,0.000176755038338694
4,UPFC_Vse,5-15,0.057391783915916594,42,0.062051247461420725,MAP_SCADA,33,0.0046594635455041306
5,UPFC_tse,5-15,-2.1223150055765987,42,-2.18409127855749,MAP_SCADA,33,0.06177627298089128
0,x_tcsc,1-14,-0.10919026678444572,43,-0.10650647426468991,MAP_SCADA,33,0.002683792519755812
1,B_svc,2,0.17006330659842472,43,0.17481718540140737,MAP_SCADA,33,0.004753878802982642
2,UPFC_Vsh,5-15,1.1123500259968075,43,1.1072116531227494,MAP_SCADA,33,0.005138372874058161
3,UPFC_tsh,5-15,-0.23560811988148292,43,-0.23588325761662496,MAP_SCADA,33,0.0002751377351420392
4,UPFC_Vse,5-15,0.057593251453399046,43,0.062051247461420725,MAP_SCADA,33,0.004457996008021679
5,UPFC_tse,5-15,-2.1151039880453184,43,-2.18409127855749,MAP_SCADA,33,0.06898729051217156
0,x_tcsc,1-14,-0.10530229352998717,44,-0.10650647426468991,MAP_SCADA,33,0.0012041807347027422
1,B_svc,2,0.1829660034812352,44,0.17481718540140737,MAP_SCADA,33,0.008148818079827841
2,UPFC_Vsh,5-15,1.109897014642047,44,1.1072116531227494,MAP_SCADA,33,0.0026853615192976577
3,UPFC_tsh,5-15,-0.23859001452834347,44,-0.23588325761662496,MAP_SCADA,33,0.002706756911718511
4,UPFC_Vse,5-15,0.058221711031435495,44,0.062051247461420725,MAP_SCADA,33,0.0038295364299852294
5,UPFC_tse,5-15,-2.116964072987721,44,-2.18409127855749,MAP_SCADA,33,0.06712720556976892
0,x_tcsc,1-14,-0.1069256538871445,45,-0.10650647426468991,MAP_SCADA,33,0.0004191796224545935
1,B_svc,2,0.177465266753047,45,0.17481718540140737,MAP_SCADA,33,0.0026480813516396307
2,UPFC_Vsh,5-15,1.1114206874199102,45,1.1072116531227494,MAP_SCADA,33,0.004209034297160796
3,UPFC_tsh,5-15,-0.23689545053861744,45,-0.23588325761662496,MAP_SCADA,33,0.0010121929219924775
4,UPFC_Vse,5-15,0.057539741316308304,45,0.062051247461420725,MAP_SCADA,33,0.0045115061451124205
5,UPFC_tse,5-15,-2.1171370386148687,45,-2.18409127855749,MAP_SCADA,33,0.06695423994262129
0,x_tcsc,1-14,-0.10802781666215394,46,-0.10650647426468991,MAP_SCADA,33,0.0015213423974640289
1,B_svc,2,0.1738286788546785,46,0.17481718540140737,MAP_SCADA,33,0.0009885065467288567
2,UPFC_Vsh,5-15,1.11293370639085,46,1.1072116531227494,MAP_SCADA,33,0.005722053268100602
3,UPFC_tsh,5-15,-0.236790719974732,46,-0.23588325761662496,MAP_SCADA,33,0.0009074623581070418
4,UPFC_Vse,5-15,0.057103383298049065,46,0.062051247461420725,MAP_SCADA,33,0.00494786416337166
5,UPFC_tse,5-15,-2.1179202109526556,46,-2.18409127855749,MAP_SCADA,33,0.06617106760483438
0,x_tcsc,1-14,-0.10709329858503407,47,-0.10650647426468991,MAP_SCADA,33,0.0005868243203441537
1,B_svc,2,0.173253329722418,47,0.17481718540140737,MAP_SCADA,33,0.0015638556789893676
2,UPFC_Vsh,5-15,1.1130769853263658,47,1.1072116531227494,MAP_SCADA,33,0.005865332203616402
3,UPFC_tsh,5-15,-0.23619945386340394,47,-0.23588325761662496,MAP_SCADA,33,0.00031619624677897695
4,UPFC_Vse,5-15,0.05764670213138666,47,0.062051247461420725,MAP_SCADA,33,0.004404545330034065
5,UPFC_tse,5-15,-2.1178733164843204,47,-2.18409127855749,MAP_SCADA,33,0.06621796207316955
0,x_tcsc,1-14,-0.10719051328101499,48,-0.10650647426468991,MAP_SCADA,33,0.0006840390163250776
1,B_svc,2,0.17618814701774743,48,0.17481718540140737,MAP_SCADA,33,0.0013709616163400662
2,UPFC_Vsh,5-15,1.1137388699268482,48,1.1072116531227494,MAP_SCADA,33,0.006527216804098845
3,UPFC_tsh,5-15,-0.23554054106717964,48,-0.23588325761662496,MAP_SCADA,33,0.0003427165494453155
4,UPFC_Vse,5-15,0.05692696717314711,48,0.062051247461420725,MAP_SCADA,33,0.005124280288273615
5,UPFC_tse,5-15,-2.118333333343752,48,-2.18409127855749,MAP_SCADA,33,0.06575794521373801
0,x_tcsc,1-14,-0.10866601044350763,49,-0.10650647426468991,MAP_SCADA,33,0.002159536178817714
1,B_svc,2,0.1710053873058158,49,0.17481718540140737,MAP_SCADA,33,0.0038117980955915676
2,UPFC_Vsh,5-15,1.1121595017507595,49,1.1072116531227494,MAP_SCADA,33,0.004947848628010121
3,UPFC_tsh,5-15,-0.2359778989630055,49,-0.23588325761662496,MAP_SCADA,33,9.464134638054178e-05
4,UPFC_Vse,5-15,0.05723723522516479,49,0.062051247461420725,MAP_SCADA,33,0.004814012236255938
5,UPFC_tse,5-15,-2.1162183015920553,49,-2.18409127855749,MAP_SCADA,33,0.0678729769654347
0,x_tcsc,1-14,-0.10901937796112277,50,-0.10650647426468991,MAP_SCADA,33,0.0025129036964328527
1,B_svc,2,0.16959306694005918,50,0.17481718540140737,MAP_SCADA,33,0.005224118461348182
2,UPFC_Vsh,5-15,1.1129934283863259,50,1.1072116531227494,MAP_SCADA,33,0.005781775263576483
3,UPFC_tsh,5-15,-0.23572793347299587,50,-0.23588325761662496,MAP_SCADA,33,0.00015532414362909308
4,UPFC_Vse,5-15,0.05764673609842407,50,0.062051247461420725,MAP_SCADA,33,0.004404511362996653
5,UPFC_tse,5-15,-2.118481715803393,50,-2.18409127855749,MAP_SCADA,33,0.0656095627540969
0,x_tcsc,1-14,-0.10931226325956275,51,-0.10650647426468991,MAP_SCADA,33,0.0028057889948728404
1,B_svc,2,0.16790873900292247,51,0.17481718540140737,MAP_SCADA,33,0.0069084463984848965
2,UPFC_Vsh,5-15,1.1126616705910577,51,1.1072116531227494,MAP_SCADA,33,0.00545001746830831
3,UPFC_tsh,5-15,-0.2364188554805837,51,-0.23588325761662496,MAP_SCADA,33,0.0005355978639587367
4,UPFC_Vse,5-15,0.057683554161929884,51,0.062051247461420725,MAP_SCADA,33,0.004367693299490841
5,UPFC_tse,5-15,-2.1187258940414506,51,-2.18409127855749,MAP_SCADA,33,0.06536538451603935
0,x_tcsc,1-14,-0.10695079648572353,52,-0.10650647426468991,MAP_SCADA,33,0.00044432222103361896
1,B_svc,2,0.17765441432496182,52,0.17481718540140737,MAP_SCADA,33,0.0028372289235544523
2,UPFC_Vsh,5-15,1.1107767750385993,52,1.1072116531227494,MAP_SCADA,33,0.0035651219158499003
3,UPFC_tsh,5-15,-0.23801910026457151,52,-0.23588325761662496,MAP_SCADA,33,0.0021358426479465564
4,UPFC_Vse,5-15,0.05789410719761008,52,0.062051247461420725,MAP_SCADA,33,0.004157140263810644
5,UPFC_tse,5-15,-2.1180835578894164,52,-2.18409127855749,MAP_SCADA,33,0.06600772066807359
0,x_tcsc,1-14,-0.10579999281105353,53,-0.10650647426468991,MAP_SCADA,33,0.0007064814536363873
1,B_svc,2,0.18205396316733946,53,0.17481718540140737,MAP_SCADA,33,0.007236777765932095
2,UPFC_Vsh,5-15,1.109267996697699,53,1.1072116531227494,MAP_SCADA,33,0.0020563435749496595
3,UPFC_tsh,5-15,-0.23819604051412727,53,-0.23588325761662496,MAP_SCADA,33,0.002312782897502308
4,UPFC_Vse,5-15,0.05724544595243886,53,0.062051247461420725,MAP_SCADA,33,0.004805801508981862
5,UPFC_tse,5-15,-2.1229365299297847,53,-2.18409127855749,MAP_SCADA,33,0.06115474862770531
0,x_tcsc,1-14,-0.106223577746768,54,-0.10650647426468991,MAP_SCADA,33,0.0002828965179219184
1,B_svc,2,0.17719157491400092,54,0.17481718540140737,MAP_SCADA,33,0.0023743895125935555
2,UPFC_Vsh,5-15,1.111956043609763,54,1.1072116531227494,MAP_SCADA,33,0.004744390487013694
3,UPFC_tsh,5-15,-0.2378113739765671,54,-0.23588325761662496,MAP_SCADA,33,0.0019281163599421391
4,UPFC_Vse,5-15,0.057130967663296575,54,0.062051247461420725,MAP_SCADA,33,0.00492027979812415
5,UPFC_tse,5-15,-2.12161004485105,54,-2.18409127855749,MAP_SCADA,33,0.06248123370643999
0,x_tcsc,1-14,-0.1048808287150344,55,-0.10650647426468991,MAP_SCADA,33,0.0016256455496555106
1,B_svc,2,0.18023016762748467,55,0.17481718540140737,MAP_SCADA,33,0.005412982226077306
2,UPFC_Vsh,5-15,1.111015522773831,55,1.1072116531227494,MAP_SCADA,33,0.003803869651081593
3,UPFC_tsh,5-15,-0.2379659931537663,55,-0.23588325761662496,MAP_SCADA,33,0.0020827355371413336
4,UPFC_Vse,5-15,0.05771664330509277,55,0.062051247461420725,MAP_SCADA,33,0.004334604156327956
5,UPFC_tse,5-15,-2.1190069084086782,55,-2.18409127855749,MAP_SCADA,33,0.06508437014881174
0,x_tcsc,1-14,-0.10573173835744157,56,-0.10650647426468991,MAP_SCADA,33,0.0007747359072483445
1,B_svc,2,0.1817970034926586,56,0.17481718540140737,MAP_SCADA,33,0.0069798180912512275
2,UPFC_Vsh,5-15,1.111027770285367,56,1.1072116531227494,MAP_SCADA,33,0.0038161171626176493
3,UPFC_tsh,5-15,-0.23812830497551066,56,-0.23588325761662496,MAP_SCADA,33,0.002245047358885699
4,UPFC_Vse,5-15,0.05736210880287201,56,0.062051247461420725,MAP_SCADA,33,0.004689138658548718
5,UPFC_tse,5-15,-2.1198983441293033,56,-2.18409127855749,MAP_SCADA,33,0.06419293442818663
0,x_tcsc,1-14,-0.10709092763731871,57,-0.10650647426468991,MAP_SCADA,33,0.0005844533726288015
1,B_svc,2,0.17484046073839904,57,0.17481718540140737,MAP_SCADA,33,2.3275336991673834e-05
2,UPFC_Vsh,5-15,1.1133469525661213,57,1.1072116531227494,MAP_SCADA,33,0.006135299443371878
3,UPFC_tsh,5-15,-0.23718555045047204,57,-0.23588325761662496,MAP_SCADA,33,0.0013022928338470852
4,UPFC_Vse,5-15,0.057613084439732426,57,0.062051247461420725,MAP_SCADA,33,0.004438163021688299
5,UPFC_tse,5-15,-2.1183658311697195,57,-2.18409127855749,MAP_SCADA,33,0.06572544738777042
0,x_tcsc,1-14,-0.10714063314851686,58,-0.10650647426468991,MAP_SCADA,33,0.0006341588838269518
1,B_svc,2,0.17242772742543125,58,0.17481718540140737,MAP_SCADA,33,0.002389457975976117
2,UPFC_Vsh,5-15,1.1108335546560917,58,1.1072116531227494,MAP_SCADA,33,0.0036219015333422977
3,UPFC_tsh,5-15,-0.23746284602796666,58,-0.23588325761662496,MAP_SCADA,33,0.0015795884113417036
4,UPFC_Vse,5-15,0.05689107134771026,58,0.062051247461420725,MAP_SCADA,33,0.005160176113710467
5,UPFC_tse,5-15,-2.122073449832775,58,-2.18409127855749,MAP_SCADA,33,0.06201782872471506
0,x_tcsc,1-14,-0.10523444359924194,59,-0.10650647426468991,MAP_SCADA,33,0.001272030665447968
1,B_svc,2,0.1793597647528677,59,0.17481718540140737,MAP_SCADA,33,0.004542579351460324
2,UPFC_Vsh,5-15,1.1107857115531186,59,1.1072116531227494,MAP_SCADA,33,0.003574058430369176
3,UPFC_tsh,5-15,-0.23789177797441755,59,-0.23588325761662496,MAP_SCADA,33,0.002008520357792587
4,UPFC_Vse,5-15,0.05768282997508247,59,0.062051247461420725,MAP_SCADA,33,0.004368417486338254
5,UPFC_tse,5-15,-2.1181873406560845,59,-2.18409127855749,MAP_SCADA,33,0.06590393790140547
0,x_tcsc,1-14,-0.10945176150756852,60,-0.10650647426468991,MAP_SCADA,33,0.002945287242878611
1,B_svc,2,0.16935793383633752,60,0.17481718540140737,MAP_SCADA,33,0.00545925156506985
2,UPFC_Vsh,5-15,1.1139613169432452,60,1.1072116531227494,MAP_SCADA,33,0.006749663820495799
3,UPFC_tsh,5-15,-0.23566920134996264,60,-0.23588325761662496,MAP_SCADA,33,0.00021405626666232136
4,UPFC_Vse,5-15,0.05720458411055312,60,0.062051247461420725,MAP_SCADA,33,0.004846663350867607
5,UPFC_tse,5-15,-2.1149588358461378,60,-2.18409127855749,MAP_SCADA,33,0.06913244271135222
0,x_tcsc,1-14,-0.10905522365335318,61,-0.10650647426468991,MAP_SCADA,33,0.002548749388663271
1,B_svc,2,0.1703607647786208,61,0.17481718540140737,MAP_SCADA,33,0.004456420622786561
2,UPFC_Vsh,5-15,1.1130767083751107,61,1.1072116531227494,MAP_SCADA,33,0.005865055252361362
3,UPFC_tsh,5-15,-0.23544033055215907,61,-0.23588325761662496,MAP_SCADA,33,0.0004429270644658867
4,UPFC_Vse,5-15,0.057875494250938325,61,0.062051247461420725,MAP_SCADA,33,0.0041757532104824
5,UPFC_tse,5-15,-2.1204281948282167,61,-2.18409127855749,MAP_SCADA,33,0.06366308372927332
0,x_tcsc,1-14,-0.10733114663304694,62,-0.10650647426468991,MAP_SCADA,33,0.000824672368357024
1,B_svc,2,0.17367688990675537,62,0.17481718540140737,MAP_SCADA,33,0.0011402954946519994
2,UPFC_Vsh,5-15,1.1121862943112313,62,1.1072116531227494,MAP_SCADA,33,0.004974641188481899
3,UPFC_tsh,5-15,-0.23622970029102125,62,-0.23588325761662496,MAP_SCADA,33,0.00034644267439629117
4,UPFC_Vse,5-15,0.057647980839804165,62,0.062051247461420725,MAP_SCADA,33,0.00440326662161656
5,UPFC_tse,5-15,-2.1197384212927988,62,-2.18409127855749,MAP_SCADA,33,0.0643528572646912
0,x_tcsc,1-14,-0.10940497005741741,63,-0.10650647426468991,MAP_SCADA,33,0.0028984957927274957
1,B_svc,2,0.1726336661398208,63,0.17481718540140737,MAP_SCADA,33,0.002183519261586553
2,UPFC_Vsh,5-15,1.1087398307270746,63,1.1072116531227494,MAP_SCADA,33,0.0015281776043252204
3,UPFC_tsh,5-15,-0.2373871645118825,63,-0.23588325761662496,MAP_SCADA,33,0.001503906895257534
4,UPFC_Vse,5-15,0.05776814794156133,63,0.062051247461420725,MAP_SCADA,33,0.004283099519859397
5,UPFC_tse,5-15,-2.121343863462053,63,-2.18409127855749,MAP_SCADA,33,0.06274741509543702
0,x_tcsc,1-14,-0.1046949546236351,64,-0.10650647426468991,MAP_SCADA,33,0.0018115196410548179
1,B_svc,2,0.183445376860306,64,0.17481718540140737,MAP_SCADA,33,0.00862819145889862
2,UPFC_Vsh,5-15,1.1131989879091804,64,1.1072116531227494,MAP_SCADA,33,0.005987334786430987
3,UPFC_tsh,5-15,-0.23781862115688623,64,-0.23588325761662496,MAP_SCADA,33,0.0019353635402612757
4,UPFC_Vse,5-15,0.05759710799066543,64,0.062051247461420725,MAP_SCADA,33,0.004454139470755292
5,UPFC_tse,5-15,-2.1232312397924127,64,-2.18409127855749,MAP_SCADA,33,0.060860038765077284
0,x_tcsc,1-14,-0.10787113157761462,65,-0.10650647426468991,MAP_SCADA,33,0.0013646573129247053
1,B_svc,2,0.17266875712225543,65,0.17481718540140737,MAP_SCADA,33,0.0021484282791519316
2,UPFC_Vsh,5-15,1.112803249263745,65,1.1072116531227494,MAP_SCADA,33,0.0055915961409955806
3,UPFC_tsh,5-15,-0.23576020759578165,65,-0.23588325761662496,MAP_SCADA,33,0.00012305002084331274
4,UPFC_Vse,5-15,0.05738668038712711,65,0.062051247461420725,MAP_SCADA,33,0.004664567074293614
5,UPFC_tse,5-15,-2.117628484366634,65,-2.18409127855749,MAP_SCADA,33,0.06646279419085577
0,x_tcsc,1-14,-0.10607910744277634,66,-0.10650647426468991,MAP_SCADA,33,0.00042736682191357733
1,B_svc,2,0.1785011070050042,66,0.17481718540140737,MAP_SCADA,33,0.003683921603596846
2,UPFC_Vsh,5-15,1.1122669093630733,66,1.1072116531227494,MAP_SCADA,33,0.00505525624032388
3,UPFC_tsh,5-15,-0.2376299527673899,66,-0.23588325761662496,MAP_SCADA,33,0.0017466951507649486
4,UPFC_Vse,5-15,0.0580228728162041,66,0.062051247461420725,MAP_SCADA,33,0.004028374645216624
5,UPFC_tse,5-15,-2.11588414783405,66,-2.18409127855749,MAP_SCADA,33,0.06820713072343976
0,x_tcsc,1-14,-0.10464633199777319,67,-0.10650647426468991,MAP_SCADA,33,0.00186014226691672
1,B_svc,2,0.1819534129198583,67,0.17481718540140737,MAP_SCADA,33,0.007136227518450944
2,UPFC_Vsh,5-15,1.1109878453087363,67,1.1072116531227494,MAP_SCADA,33,0.003776192185986904
3,UPFC_tsh,5-15,-0.23816703002760867,67,-0.23588325761662496,MAP_SCADA,33,0.0022837724109837088
4,UPFC_Vse,5-15,0.0575155112696389,67,0.062051247461420725,MAP_SCADA,33,0.004535736191781825
5,UPFC_tse,5-15,-2.1243584023779603,67,-2.18409127855749,MAP_SCADA,33,0.059732876179529715
0,x_tcsc,1-14,-0.1048884806969986,68,-0.10650647426468991,MAP_SCADA,33,0.0016179935676913088
1,B_svc,2,0.18233020135967012,68,0.17481718540140737,MAP_SCADA,33,0.007513015958262759
2,UPFC_Vsh,5-15,1.1126787375375116,68,1.1072116531227494,MAP_SCADA,33,0.00546708441476218
3,UPFC_tsh,5-15,-0.23729777185293432,68,-0.23588325761662496,MAP_SCADA,33,0.0014145142363093666
4,UPFC_Vse,5-15,0.057497301850630324,68,0.062051247461420725,MAP_SCADA,33,0.004553945610790401
5,UPFC_tse,5-15,-2.117353272936879,68,-2.18409127855749,MAP_SCADA,33,0.06673800562061105
0,x_tcsc,1-14,-0.10890222542618458,69,-0.10650647426468991,MAP_SCADA,33,0.0023957511614946664
1,B_svc,2,0.16834420117020463,69,0.17481718540140737,MAP_SCADA,33,0.006472984231202739
2,UPFC_Vsh,5-15,1.1131104914482013,69,1.1072116531227494,MAP_SCADA,33,0.005898838325451905
3,UPFC_tsh,5-15,-0.23620664066360444,69,-0.23588325761662496,MAP_SCADA,33,0.0003233830469794863
4,UPFC_Vse,5-15,0.05712520081716381,69,0.062051247461420725,MAP_SCADA,33,0.004926046644256915
5,UPFC_tse,5-15,-2.116181775780159,69,-2.18409127855749,MAP_SCADA,33,0.0679095027773311
0,x_tcsc,1-14,-0.10783954312107445,70,-0.10650647426468991,MAP_SCADA,33,0.0013330688563845394
1,B_svc,2,0.1738012616177895,70,0.17481718540140737,MAP_SCADA,33,0.001015923783617867
2,UPFC_Vsh,5-15,1.109946175601687,70,1.1072116531227494,MAP_SCADA,33,0.0027345224789376843
3,UPFC_tsh,5-15,-0.2370955958356482,70,-0.23588325761662496,MAP_SCADA,33,0.0012123382190232512
4,UPFC_Vse,5-15,0.057627049096513644,70,0.062051247461420725,MAP_SCADA,33,0.004424198364907081
5,UPFC_tse,5-15,-2.1202167991094587,70,-2.18409127855749,MAP_SCADA,33,0.06387447944803126
0,x_tcsc,1-14,-0.10534847168056283,71,-0.10650647426468991,MAP_SCADA,33,0.0011580025841270852
1,B_svc,2,0.17955172099397773,71,0.17481718540140737,MAP_SCADA,33,0.004734535592570366
2,UPFC_Vsh,5-15,1.1117192574047965,71,1.1072116531227494,MAP_SCADA,33,0.004507604282047106
3,UPFC_tsh,5-15,-0.23820653589537907,71,-0.23588325761662496,MAP_SCADA,33,0.002323278278754115
4,UPFC_Vse,5-15,0.05754757811938391,71,0.062051247461420725,MAP_SCADA,33,0.004503669342036817
5,UPFC_tse,5-15,-2.121658366823909,71,-2.18409127855749,MAP_SCADA,33,0.0624329117335809
0,x_tcsc,1-14,-0.10742294616001442,72,-0.10650647426468991,MAP_SCADA,33,0.000916471895324511
1,B_svc,2,0.17430469223433764,72,0.17481718540140737,MAP_SCADA,33,0.0005124931670697219
2,UPFC_Vsh,5-15,1.1143541824961813,72,1.1072116531227494,MAP_SCADA,33,0.007142529373431961
3,UPFC_tsh,5-15,-0.23620451737193204,72,-0.23588325761662496,MAP_SCADA,33,0.00032125975530708506
4,UPFC_Vse,5-15,0.0572197988624672,72,0.062051247461420725,MAP_SCADA,33,0.004831448598953528
5,UPFC_tse,5-15,-2.113452791129322,72,-2.18409127855749,MAP_SCADA,33,0.0706384874281678
0,x_tcsc,1-14,-0.10922969344645563,73,-0.10650647426468991,MAP_SCADA,33,0.0027232191817657125
1,B_svc,2,0.16525146255622622,73,0.17481718540140737,MAP_SCADA,33,0.009565722845181146
2,UPFC_Vsh,5-15,1.1134568370282656,73,1.1072116531227494,MAP_SCADA,33,0.006245183905516205
3,UPFC_tsh,5-15,-0.2356698992780358,73,-0.23588325761662496,MAP_SCADA,33,0.00021335833858915354
4,UPFC_Vse,5-15,0.05714227536138494,73,0.062051247461420725,MAP_SCADA,33,0.004908972100035783
5,UPFC_tse,5-15,-2.119651091064688,73,-2.18409127855749,MAP_SCADA,33,0.064440187492802
0,x_tcsc,1-14,-0.10431792148953327,74,-0.10650647426468991,MAP_SCADA,33,0.0021885527751566436
1,B_svc,2,0.1811248064659187,74,0.17481718540140737,MAP_SCADA,33,0.006307621064511326
2,UPFC_Vsh,5-15,1.1099430822379803,74,1.1072116531227494,MAP_SCADA,33,0.0027314291152309433
3,UPFC_tsh,5-15,-0.23852746172805828,74,-0.23588325761662496,MAP_SCADA,33,0.002644204111433318
4,UPFC_Vse,5-15,0.05784374657307531,74,0.062051247461420725,MAP_SCADA,33,0.004207500888345414
5,UPFC_tse,5-15,-2.121425096913782,74,-2.18409127855749,MAP_SCADA,33,0.06266618164370819
0,x_tcsc,1-14,-0.103353053211812,75,-0.10650647426468991,MAP_SCADA,33,0.003153421052877914
1,B_svc,2,0.18807150083032478,75,0.17481718540140737,MAP_SCADA,33,0.013254315428917418
2,UPFC_Vsh,5-15,1.1111700606315367,75,1.1072116531227494,MAP_SCADA,33,0.003958407508787287
3,UPFC_tsh,5-15,-0.2388301118941401,75,-0.23588325761662496,MAP_SCADA,33,0.0029468542775151485
4,UPFC_Vse,5-15,0.057665588016663855,75,0.062051247461420725,MAP_SCADA,33,0.00438565944475687
5,UPFC_tse,5-15,-2.123561272171615,75,-2.18409127855749,MAP_SCADA,33,0.06053000638587491
0,x_tcsc,1-14,-0.10893838338128896,76,-0.10650647426468991,MAP_SCADA,33,0.002431909116599046
1,B_svc,2,0.17015960069209635,76,0.17481718540140737,MAP_SCADA,33,0.004657584709311019
2,UPFC_Vsh,5-15,1.1136347042650967,76,1.1072116531227494,MAP_SCADA,33,0.0064230511423473136
3,UPFC_tsh,5-15,-0.2356088372004739,76,-0.23588325761662496,MAP_SCADA,33,0.0002744204161510555
4,UPFC_Vse,5-15,0.05739174891156154,76,0.062051247461420725,MAP_SCADA,33,0.004659498549859184
5,UPFC_tse,5-15,-2.1131298745475315,76,-2.18409127855749,MAP_SCADA,33,0.07096140400995843
0,x_tcsc,1-14,-0.10677148640328579,77,-0.10650647426468991,MAP_SCADA,33,0.0002650121385958798
1,B_svc,2,0.17490146294845868,77,0.17481718540140737,MAP_SCADA,33,8.427754705131463e-05
2,UPFC_Vsh,5-15,1.1099104962836785,77,1.1072116531227494,MAP_SCADA,33,0.002698843160929165
3,UPFC_tsh,5-15,-0.2369514487516909,77,-0.23588325761662496,MAP_SCADA,33,0.0010681911350659545
4,UPFC_Vse,5-15,0.05773714951810732,77,0.062051247461420725,MAP_SCADA,33,0.0043140979433134025
5,UPFC_tse,5-15,-2.1166647015932987,77,-2.18409127855749,MAP_SCADA,33,0.0674265769641913
0,x_tcsc,1-14,-0.10924023694539466,78,-0.10650647426468991,MAP_SCADA,33,0.0027337626807047433
1,B_svc,2,0.17022007529560623,78,0.17481718540140737,MAP_SCADA,33,0.004597110105801133
2,UPFC_Vsh,5-15,1.1133807467142431,78,1.1072116531227494,MAP_SCADA,33,0.006169093591493757
3,UPFC_tsh,5-15,-0.23596645081338674,78,-0.23588325761662496,MAP_SCADA,33,8.319319676178272e-05
4,UPFC_Vse,5-15,0.05711119384068331,78,0.062051247461420725,MAP_SCADA,33,0.004940053620737413
5,UPFC_tse,5-15,-2.118052252316137,78,-2.18409127855749,MAP_SCADA,33,0.06603902624135305
0,x_tcsc,1-14,-0.10743509187356443,79,-0.10650647426468991,MAP_SCADA,33,0.0009286176088745129
1,B_svc,2,0.17324594257769063,79,0.17481718540140737,MAP_SCADA,33,0.0015712428237167342
2,UPFC_Vsh,5-15,1.108719981361768,79,1.1072116531227494,MAP_SCADA,33,0.001508328239018697
3,UPFC_tsh,5-15,-0.23807533379593204,79,-0.23588325761662496,MAP_SCADA,33,0.002192076179307084
4,UPFC_Vse,5-15,0.05754558435882357,79,0.062051247461420725,MAP_SCADA,33,0.004505663102597153
5,UPFC_tse,5-15,-2.119357535515237,79,-2.18409127855749,MAP_SCADA,33,0.06473374304225299
0,x_tcsc,1-14,-0.107329286458181,80,-0.10650647426468991,MAP_SCADA,33,0.0008228121934910904
1,B_svc,2,0.17772680523582715,80,0.17481718540140737,MAP_SCADA,33,0.0029096198344197854
2,UPFC_Vsh,5-15,1.1115344080452432,80,1.1072116531227494,MAP_SCADA,33,0.004322754922493788
3,UPFC_tsh,5-15,-0.23749761612930478,80,-0.23588325761662496,MAP_SCADA,33,0.0016143585126798254
4,UPFC_Vse,5-15,0.05787973421424841,80,0.062051247461420725,MAP_SCADA,33,0.004171513247172312
5,UPFC_tse,5-15,-2.11619148161768,80,-2.18409127855749,MAP_SCADA,33,0.06789979693980985
0,x_tcsc,1-14,-0.10845470603263258,81,-0.10650647426468991,MAP_SCADA,33,0.0019482317679426625
1,B_svc,2,0.17185062316901872,81,0.17481718540140737,MAP_SCADA,33,0.002966562232388642
2,UPFC_Vsh,5-15,1.1136041315982959,81,1.1072116531227494,MAP_SCADA,33,0.00639247847554647
3,UPFC_tsh,5-15,-0.2352518795033683,81,-0.23588325761662496,MAP_SCADA,33,0.0006313781132566698
4,UPFC_Vse,5-15,0.0565316838469432,81,0.062051247461420725,MAP_SCADA,33,0.005519563614477523
5,UPFC_tse,5-15,-2.121089216774669,81,-2.18409127855749,MAP_SCADA,33,0.06300206178282108
0,x_tcsc,1-14,-0.10728363738035555,82,-0.10650647426468991,MAP_SCADA,33,0.0007771631156656411
1,B_svc,2,0.17660953080738076,82,0.17481718540140737,MAP_SCADA,33,0.0017923454059733945
2,UPFC_Vsh,5-15,1.1133363796913327,82,1.1072116531227494,MAP_SCADA,33,0.006124726568583316
3,UPFC_tsh,5-15,-0.23557723587673135,82,-0.23588325761662496,MAP_SCADA,33,0.00030602173989360826
4,UPFC_Vse,5-15,0.057052670988737716,82,0.062051247461420725,MAP_SCADA,33,0.004998576472683008
5,UPFC_tse,5-15,-2.1125245344276045,82,-2.18409127855749,MAP_SCADA,33,0.0715667441298855
0,x_tcsc,1-14,-0.10704909661563972,83,-0.10650647426468991,MAP_SCADA,33,0.0005426223509498035
1,B_svc,2,0.17439535340915538,83,0.17481718540140737,MAP_SCADA,33,0.0004218319922519864
2,UPFC_Vsh,5-15,1.1138189432401893,83,1.1072116531227494,MAP_SCADA,33,0.006607290117439879
3,UPFC_tsh,5-15,-0.23591608576235498,83,-0.23588325761662496,MAP_SCADA,33,3.2828145730023905e-05
4,UPFC_Vse,5-15,0.05755680394915602,83,0.062051247461420725,MAP_SCADA,33,0.004494443512264704
5,UPFC_tse,5-15,-2.1157134403197753,83,-2.18409127855749,MAP_SCADA,33,0.0683778382377147
0,x_tcsc,1-14,-0.10676170257170853,84,-0.10650647426468991,MAP_SCADA,33,0.0002552283070186151
1,B_svc,2,0.17690582416355186,84,0.17481718540140737,MAP_SCADA,33,0.00208863876214449
2,UPFC_Vsh,5-15,1.1119187557480708,84,1.1072116531227494,MAP_SCADA,33,0.004707102625321369
3,UPFC_tsh,5-15,-0.23693835217805137,84,-0.23588325761662496,MAP_SCADA,33,0.0010550945614264118
4,UPFC_Vse,5-15,0.05779647132148402,84,0.062051247461420725,MAP_SCADA,33,0.004254776139936703
5,UPFC_tse,5-15,-2.119832423144779,84,-2.18409127855749,MAP_SCADA,33,0.06425885541271104
0,x_tcsc,1-14,-0.10433107499372325,85,-0.10650647426468991,MAP_SCADA,33,0.0021753992709666603
1,B_svc,2,0.18503884107302948,85,0.17481718540140737,MAP_SCADA,33,0.010221655671622115
2,UPFC_Vsh,5-15,1.1096490244908552,85,1.1072116531227494,MAP_SCADA,33,0.002437371368105845
3,UPFC_tsh,5-15,-0.23908337904595656,85,-0.23588325761662496,MAP_SCADA,33,0.0032001214293315983
4,UPFC_Vse,5-15,0.057711255599064704,85,0.062051247461420725,MAP_SCADA,33,0.004339991862356021
5,UPFC_tse,5-15,-2.121862773911793,85,-2.18409127855749,MAP_SCADA,33,0.06222850464569696
0,x_tcsc,1-14,-0.10627085253489142,86,-0.10650647426468991,MAP_SCADA,33,0.00023562172979849083
1,B_svc,2,0.177950381895317,86,0.17481718540140737,MAP_SCADA,33,0.00313319649390964
2,UPFC_Vsh,5-15,1.1115180763241355,86,1.1072116531227494,MAP_SCADA,33,0.004306423201386078
3,UPFC_tsh,5-15,-0.23679857101651225,86,-0.23588325761662496,MAP_SCADA,33,0.0009153133998872909
4,UPFC_Vse,5-15,0.057956856977195124,86,0.062051247461420725,MAP_SCADA,33,0.0040943904842256
5,UPFC_tse,5-15,-2.1201205352270294,86,-2.18409127855749,MAP_SCADA,33,0.0639707433304606
0,x_tcsc,1-14,-0.10651687940064776,87,-0.10650647426468991,MAP_SCADA,33,1.04051359578472e-05
1,B_svc,2,0.18254309035161495,87,0.17481718540140737,MAP_SCADA,33,0.007725904950207585
2,UPFC_Vsh,5-15,1.1098899213950526,87,1.1072116531227494,MAP_SCADA,33,0.002678268272303219
3,UPFC_tsh,5-15,-0.23761277738038303,87,-0.23588325761662496,MAP_SCADA,33,0.0017295197637580695
4,UPFC_Vse,5-15,0.0574593173937414,87,0.062051247461420725,MAP_SCADA,33,0.0045919300676793215
5,UPFC_tse,5-15,-2.121138093764339,87,-2.18409127855749,MAP_SCADA,33,0.06295318479315082
0,x_tcsc,1-14,-0.1056307771781821,88,-0.10650647426468991,MAP_SCADA,33,0.0008756970865078095
1,B_svc,2,0.1824884266434068,88,0.17481718540140737,MAP_SCADA,33,0.007671241241999444
2,UPFC_Vsh,5-15,1.1101963057729272,88,1.1072116531227494,MAP_SCADA,33,0.002984652650177777
3,UPFC_tsh,5-15,-0.23763002628571525,88,-0.23588325761662496,MAP_SCADA,33,0.0017467686690902928
4,UPFC_Vse,5-15,0.05706675078108499,88,0.062051247461420725,MAP_SCADA,33,0.004984496680335737
5,UPFC_tse,5-15,-2.1196074179549385,88,-2.18409127855749,MAP_SCADA,33,0.06448386060255151
0,x_tcsc,1-14,-0.1068650757269267,89,-0.10650647426468991,MAP_SCADA,33,0.00035860146223679057
1,B_svc,2,0.17718067164134646,89,0.17481718540140737,MAP_SCADA,33,0.0023634862399390943
2,UPFC_Vsh,5-15,1.1127660092473064,89,1.1072116531227494,MAP_SCADA,33,0.005554356124557014
3,UPFC_tsh,5-15,-0.2373073844773539,89,-0.23588325761662496,MAP_SCADA,33,0.0014241268607289304
4,UPFC_Vse,5-15,0.05689366350326791,89,0.062051247461420725,MAP_SCADA,33,0.005157583958152814
5,UPFC_tse,5-15,-2.117896080173778,89,-2.18409127855749,MAP_SCADA,33,0.06619519838371213
0,x_tcsc,1-14,-0.10699046471291579,90,-0.10650647426468991,MAP_SCADA,33,0.00048399044822587667
1,B_svc,2,0.17719256344522044,90,0.17481718540140737,MAP_SCADA,33,0.0023753780438130756
2,UPFC_Vsh,5-15,1.109052539356643,90,1.1072116531227494,MAP_SCADA,33,0.0018408862338936682
3,UPFC_tsh,5-15,-0.23785065622494828,90,-0.23588325761662496,MAP_SCADA,33,0.0019673986083233175
4,UPFC_Vse,5-15,0.05830466828765745,90,0.062051247461420725,MAP_SCADA,33,0.0037465791737632745
5,UPFC_tse,5-15,-2.120107730975188,90,-2.18409127855749,MAP_SCADA,33,0.06398354758230207
0,x_tcsc,1-14,-0.10506074381709783,91,-0.10650647426468991,MAP_SCADA,33,0.0014457304475920807
1,B_svc,2,0.18563134723275895,91,0.17481718540140737,MAP_SCADA,33,0.010814161831351587
2,UPFC_Vsh,5-15,1.107344280444785,91,1.1072116531227494,MAP_SCADA,33,0.00013262732203567218
3,UPFC_tsh,5-15,-0.24009200989541232,91,-0.23588325761662496,MAP_SCADA,33,0.004208752278787364
4,UPFC_Vse,5-15,0.05745016323994678,91,0.062051247461420725,MAP_SCADA,33,0.004601084221473942
5,UPFC_tse,5-15,-2.129716491830026,91,-2.18409127855749,MAP_SCADA,33,0.054374786727463764
0,x_tcsc,1-14,-0.10843316130367997,92,-0.10650647426468991,MAP_SCADA,33,0.0019266870389900576
1,B_svc,2,0.171724517507776,92,0.17481718540140737,MAP_SCADA,33,0.0030926678936313567
2,UPFC_Vsh,5-15,1.1124955617280345,92,1.1072116531227494,MAP_SCADA,33,0.005283908605285159
3,UPFC_tsh,5-15,-0.23592061914407508,92,-0.23588325761662496,MAP_SCADA,33,3.736152745012489e-05
4,UPFC_Vse,5-15,0.05764937454389893,92,0.062051247461420725,MAP_SCADA,33,0.004401872917521796
5,UPFC_tse,5-15,-2.115887173504994,92,-2.18409127855749,MAP_SCADA,33,0.06820410505249619
0,x_tcsc,1-14,-0.10527819592613752,93,-0.10650647426468991,MAP_SCADA,33,0.0012282783385523938
1,B_svc,2,0.18394801974922592,93,0.17481718540140737,MAP_SCADA,33,0.009130834347818556
2,UPFC_Vsh,5-15,1.1121927994121752,93,1.1072116531227494,MAP_SCADA,33,0.0049811462894258085
3,UPFC_tsh,5-15,-0.23767845269493082,93,-0.23588325761662496,MAP_SCADA,33,0.0017951950783058612
4,UPFC_Vse,5-15,0.05811935876557973,93,0.062051247461420725,MAP_SCADA,33,0.003931888695840997
5,UPFC_tse,5-15,-2.1160067421541595,93,-2.18409127855749,MAP_SCADA,33,0.06808453640333045
0,x_tcsc,1-14,-0.10848267666552323,94,-0.10650647426468991,MAP_SCADA,33,0.001976202400833321
1,B_svc,2,0.17129404864009537,94,0.17481718540140737,MAP_SCADA,33,0.0035231367613119957
2,UPFC_Vsh,5-15,1.1113930301542858,94,1.1072116531227494,MAP_SCADA,33,0.004181377031536426
3,UPFC_tsh,5-15,-0.2362084475764398,94,-0.23588325761662496,MAP_SCADA,33,0.0003251899598148422
4,UPFC_Vse,5-15,0.057179680241642564,94,0.062051247461420725,MAP_SCADA,33,0.004871567219778161
5,UPFC_tse,5-15,-2.117519973685605,94,-2.18409127855749,MAP_SCADA,33,0.06657130487188478
0,x_tcsc,1-14,-0.10609612643226632,95,-0.10650647426468991,MAP_SCADA,33,0.00041034783242359374
1,B_svc,2,0.18034927342603962,95,0.17481718540140737,MAP_SCADA,33,0.005532088024632259
2,UPFC_Vsh,5-15,1.1081572271684876,95,1.1072116531227494,MAP_SCADA,33,0.0009455740457382511
3,UPFC_tsh,5-15,-0.23896856849243206,95,-0.23588325761662496,MAP_SCADA,33,0.0030853108758071013
4,UPFC_Vse,5-15,0.05827706701732483,95,0.062051247461420725,MAP_SCADA,33,0.003774180444095894
5,UPFC_tse,5-15,-2.1231450659637763,95,-2.18409127855749,MAP_SCADA,33,0.06094621259371369
0,x_tcsc,1-14,-0.11072494674634924,96,-0.10650647426468991,MAP_SCADA,33,0.004218472481659324
1,B_svc,2,0.16382259331556495,96,0.17481718540140737,MAP_SCADA,33,0.010994592085842414
2,UPFC_Vsh,5-15,1.1131482719824068,96,1.1072116531227494,MAP_SCADA,33,0.005936618859657461
3,UPFC_tsh,5-15,-0.23519080502005715,96,-0.23588325761662496,MAP_SCADA,33,0.0006924525965678052
4,UPFC_Vse,5-15,0.057372158170830606,96,0.062051247461420725,MAP_SCADA,33,0.004679089290590119
5,UPFC_tse,5-15,-2.1161767640182254,96,-2.18409127855749,MAP_SCADA,33,0.06791451453926456
0,x_tcsc,1-14,-0.10717201549915735,97,-0.10650647426468991,MAP_SCADA,33,0.0006655412344674372
1,B_svc,2,0.17993119020529763,97,0.17481718540140737,MAP_SCADA,33,0.005114004803890265
2,UPFC_Vsh,5-15,1.1113859768397536,97,1.1072116531227494,MAP_SCADA,33,0.0041743237170042136
3,UPFC_tsh,5-15,-0.23733175664322106,97,-0.23588325761662496,MAP_SCADA,33,0.0014484990265961062
4,UPFC_Vse,5-15,0.05756112498967703,97,0.062051247461420725,MAP_SCADA,33,0.004490122471743692
5,UPFC_tse,5-15,-2.1183860517395594,97,-2.18409127855749,MAP_SCADA,33,0.06570522681793056
0,x_tcsc,1-14,-0.10794320493711781,98,-0.10650647426468991,MAP_SCADA,33,0.0014367306724279022
1,B_svc,2,0.17594575429682419,98,0.17481718540140737,MAP_SCADA,33,0.0011285688954168205
2,UPFC_Vsh,5-15,1.1139945785284209,98,1.1072116531227494,MAP_SCADA,33,0.006782925405671492
3,UPFC_tsh,5-15,-0.23616473699877685,98,-0.23588325761662496,MAP_SCADA,33,0.0002814793821518946
4,UPFC_Vse,5-15,0.057481413833521275,98,0.062051247461420725,MAP_SCADA,33,0.00456983362789945
5,UPFC_tse,5-15,-2.1167090690392265,98,-2.18409127855749,MAP_SCADA,33,0.06738220951826346
0,x_tcsc,1-14,-0.10549981687781415,99,-0.10650647426468991,MAP_SCADA,33,0.0010066573868757617
1,B_svc,2,0.18435980766770546,99,0.17481718540140737,MAP_SCADA,33,0.009542622266298095
2,UPFC_Vsh,5-15,1.110605632781286,99,1.1072116531227494,MAP_SCADA,33,0.0033939796585367166
3,UPFC_tsh,5-15,-0.23879532010179283,99,-0.23588325761662496,MAP_SCADA,33,0.002912062485167871
4,UPFC_Vse,5-15,0.0585592895290129,99,0.062051247461420725,MAP_SCADA,33,0.0034919579324078215
5,UPFC_tse,5-15,-2.120240844202484,99,-2.18409127855749,MAP_SCADA,33,0.06385043435500615
0,x_tcsc,1-14,-0.10671143253086024,0,-0.10518846218144336,MAP_SCADA,35,0.0015229703494168828
1,B_svc,2,0.17853734538277877,0,0.17337910879413151,MAP_SCADA,35,0.0051582365886472525
2,UPFC_Vsh,5-15,1.1109207789140585,0,1.107835439290343,MAP_SCADA,35,0.0030853396237155994
3,UPFC_tsh,5-15,-0.23731745143979585,0,-0.23742095806497576,MAP_SCADA,35,0.00010350662517991105
4,UPFC_Vse,5-15,0.05763375636709128,0,0.06165077901426305,MAP_SCADA,35,0.00401702264717177
5,UPFC_tse,5-15,-2.121116529035107,0,-2.1859856780255793,MAP_SCADA,35,0.06486914899047225
0,x_tcsc,1-14,-0.10884679222871829,1,-0.10518846218144336,MAP_SCADA,35,0.0036583300472749353
1,B_svc,2,0.17210654984970408,1,0.17337910879413151,MAP_SCADA,35,0.0012725589444274321
2,UPFC_Vsh,5-15,1.1125691339351063,1,1.107835439290343,MAP_SCADA,35,0.004733694644763364
3,UPFC_tsh,5-15,-0.23614062783557177,1,-0.23742095806497576,MAP_SCADA,35,0.001280330229403992
4,UPFC_Vse,5-15,0.05726992650712081,1,0.06165077901426305,MAP_SCADA,35,0.0043808525071422424
5,UPFC_tse,5-15,-2.114605669181904,1,-2.1859856780255793,MAP_SCADA,35,0.07138000884367512
0,x_tcsc,1-14,-0.106438597648498,2,-0.10518846218144336,MAP_SCADA,35,0.0012501354670546444
1,B_svc,2,0.17900573324605812,2,0.17337910879413151,MAP_SCADA,35,0.005626624451926604
2,UPFC_Vsh,5-15,1.110557377207309,2,1.107835439290343,MAP_SCADA,35,0.0027219379169660662
3,UPFC_tsh,5-15,-0.23791607483260863,2,-0.23742095806497576,MAP_SCADA,35,0.0004951167676328638
4,UPFC_Vse,5-15,0.05782458523939781,2,0.06165077901426305,MAP_SCADA,35,0.00382619377486524
5,UPFC_tse,5-15,-2.121047690115321,2,-2.1859856780255793,MAP_SCADA,35,0.06493798791025851
0,x_tcsc,1-14,-0.1082485724483868,3,-0.10518846218144336,MAP_SCADA,35,0.0030601102669434443
1,B_svc,2,0.17084799387894223,3,0.17337910879413151,MAP_SCADA,35,0.0025311149151892864
2,UPFC_Vsh,5-15,1.1133073606530108,3,1.107835439290343,MAP_SCADA,35,0.005471921362667942
3,UPFC_tsh,5-15,-0.2352148361230751,3,-0.23742095806497576,MAP_SCADA,35,0.002206121941900674
4,UPFC_Vse,5-15,0.05744203276710792,3,0.06165077901426305,MAP_SCADA,35,0.004208746247155129
5,UPFC_tse,5-15,-2.1187469994643453,3,-2.1859856780255793,MAP_SCADA,35,0.067238678561234
0,x_tcsc,1-14,-0.10589216153963375,4,-0.10518846218144336,MAP_SCADA,35,0.0007036993581903961
1,B_svc,2,0.18057721027425636,4,0.17337910879413151,MAP_SCADA,35,0.007198101480124841
2,UPFC_Vsh,5-15,1.1090639373079867,4,1.107835439290343,MAP_SCADA,35,0.0012284980176437976
3,UPFC_tsh,5-15,-0.23901694259159015,4,-0.23742095806497576,MAP_SCADA,35,0.0015959845266143857
4,UPFC_Vse,5-15,0.057420897493637865,4,0.06165077901426305,MAP_SCADA,35,0.004229881520625187
5,UPFC_tse,5-15,-2.1217880216245173,4,-2.1859856780255793,MAP_SCADA,35,0.06419765640106201
0,x_tcsc,1-14,-0.10962718592320896,5,-0.10518846218144336,MAP_SCADA,35,0.004438723741765599
1,B_svc,2,0.16734710763118957,5,0.17337910879413151,MAP_SCADA,35,0.006032001162941947
2,UPFC_Vsh,5-15,1.113238663056068,5,1.107835439290343,MAP_SCADA,35,0.005403223765725107
3,UPFC_tsh,5-15,-0.2353712142411416,5,-0.23742095806497576,MAP_SCADA,35,0.0020497438238341603
4,UPFC_Vse,5-15,0.05765870072751411,5,0.06165077901426305,MAP_SCADA,35,0.00399207828674894
5,UPFC_tse,5-15,-2.116604966915444,5,-2.1859856780255793,MAP_SCADA,35,0.06938071111013544
0,x_tcsc,1-14,-0.1072394089863974,6,-0.10518846218144336,MAP_SCADA,35,0.002050946804954046
1,B_svc,2,0.17505832381110656,6,0.17337910879413151,MAP_SCADA,35,0.0016792150169750442
2,UPFC_Vsh,5-15,1.1134733590139796,6,1.107835439290343,MAP_SCADA,35,0.005637919723636697
3,UPFC_tsh,5-15,-0.23630289751870623,6,-0.23742095806497576,MAP_SCADA,35,0.0011180605462695337
4,UPFC_Vse,5-15,0.057209379708297675,6,0.06165077901426305,MAP_SCADA,35,0.004441399305965377
5,UPFC_tse,5-15,-2.118697070191822,6,-2.1859856780255793,MAP_SCADA,35,0.06728860783375712
0,x_tcsc,1-14,-0.106904312225471,7,-0.10518846218144336,MAP_SCADA,35,0.0017158500440276475
1,B_svc,2,0.17859066157689701,7,0.17337910879413151,MAP_SCADA,35,0.0052115527827654995
2,UPFC_Vsh,5-15,1.1115241542852348,7,1.107835439290343,MAP_SCADA,35,0.003688714994891873
3,UPFC_tsh,5-15,-0.23696277691500586,7,-0.23742095806497576,MAP_SCADA,35,0.00045818114996989956
4,UPFC_Vse,5-15,0.05719135020998187,7,0.06165077901426305,MAP_SCADA,35,0.004459428804281185
5,UPFC_tse,5-15,-2.120352712191659,7,-2.1859856780255793,MAP_SCADA,35,0.06563296583392031
0,x_tcsc,1-14,-0.10584256465175358,8,-0.10518846218144336,MAP_SCADA,35,0.000654102470310225
1,B_svc,2,0.17957565213745705,8,0.17337910879413151,MAP_SCADA,35,0.0061965433433255335
2,UPFC_Vsh,5-15,1.1114213514564535,8,1.107835439290343,MAP_SCADA,35,0.003585912166110594
3,UPFC_tsh,5-15,-0.23804470709609643,8,-0.23742095806497576,MAP_SCADA,35,0.0006237490311206684
4,UPFC_Vse,5-15,0.05767086577863096,8,0.06165077901426305,MAP_SCADA,35,0.003979913235632092
5,UPFC_tse,5-15,-2.1195907835996595,8,-2.1859856780255793,MAP_SCADA,35,0.06639489442591984
0,x_tcsc,1-14,-0.10784650785057542,9,-0.10518846218144336,MAP_SCADA,35,0.002658045669132067
1,B_svc,2,0.17403306430088125,9,0.17337910879413151,MAP_SCADA,35,0.0006539555067497371
2,UPFC_Vsh,5-15,1.1136591443971575,9,1.107835439290343,MAP_SCADA,35,0.005823705106814625
3,UPFC_tsh,5-15,-0.23540412352425605,9,-0.23742095806497576,MAP_SCADA,35,0.002016834540719714
4,UPFC_Vse,5-15,0.05764721708836011,9,0.06165077901426305,MAP_SCADA,35,0.00400356192590294
5,UPFC_tse,5-15,-2.1166377891830908,9,-2.1859856780255793,MAP_SCADA,35,0.06934788884248855
0,x_tcsc,1-14,-0.10843919964143052,10,-0.10518846218144336,MAP_SCADA,35,0.003250737459987163
1,B_svc,2,0.1733415956284689,10,0.17337910879413151,MAP_SCADA,35,3.7513165662611536e-05
2,UPFC_Vsh,5-15,1.1120251269562094,10,1.107835439290343,MAP_SCADA,35,0.004189687665866471
3,UPFC_tsh,5-15,-0.23596809646704503,10,-0.23742095806497576,MAP_SCADA,35,0.0014528615979307324
4,UPFC_Vse,5-15,0.0564854939523338,10,0.06165077901426305,MAP_SCADA,35,0.005165285061929252
5,UPFC_tse,5-15,-2.1208915776861685,10,-2.1859856780255793,MAP_SCADA,35,0.06509410033941077
0,x_tcsc,1-14,-0.10717114851830077,11,-0.10518846218144336,MAP_SCADA,35,0.0019826863368574144
1,B_svc,2,0.17747026057926507,11,0.17337910879413151,MAP_SCADA,35,0.004091151785133557
2,UPFC_Vsh,5-15,1.1124363488801543,11,1.107835439290343,MAP_SCADA,35,0.004600909589811408
3,UPFC_tsh,5-15,-0.23632852993489933,11,-0.23742095806497576,MAP_SCADA,35,0.0010924281300764282
4,UPFC_Vse,5-15,0.05659742194993677,11,0.06165077901426305,MAP_SCADA,35,0.005053357064326282
5,UPFC_tse,5-15,-2.1197408115722536,11,-2.1859856780255793,MAP_SCADA,35,0.06624486645332572
0,x_tcsc,1-14,-0.10802946345880032,12,-0.10518846218144336,MAP_SCADA,35,0.0028410012773569665
1,B_svc,2,0.17281276942429238,12,0.17337910879413151,MAP_SCADA,35,0.0005663393698391306
2,UPFC_Vsh,5-15,1.1130757120421997,12,1.107835439290343,MAP_SCADA,35,0.005240272751856789
3,UPFC_tsh,5-15,-0.23632368050223404,12,-0.23742095806497576,MAP_SCADA,35,0.001097277562741722
4,UPFC_Vse,5-15,0.057571961367978236,12,0.06165077901426305,MAP_SCADA,35,0.004078817646284816
5,UPFC_tse,5-15,-2.1157178822797733,12,-2.1859856780255793,MAP_SCADA,35,0.070267795745806
0,x_tcsc,1-14,-0.10570316958983077,13,-0.10518846218144336,MAP_SCADA,35,0.0005147074083874104
1,B_svc,2,0.18249973312876458,13,0.17337910879413151,MAP_SCADA,35,0.009120624334633065
2,UPFC_Vsh,5-15,1.1131296050156416,13,1.107835439290343,MAP_SCADA,35,0.005294165725298727
3,UPFC_tsh,5-15,-0.23783442634788132,13,-0.23742095806497576,MAP_SCADA,35,0.00041346828290556026
4,UPFC_Vse,5-15,0.056484936983598154,13,0.06165077901426305,MAP_SCADA,35,0.005165842030664898
5,UPFC_tse,5-15,-2.115261398749947,13,-2.1859856780255793,MAP_SCADA,35,0.07072427927563218
0,x_tcsc,1-14,-0.10694923876760283,14,-0.10518846218144336,MAP_SCADA,35,0.0017607765861594737
1,B_svc,2,0.1769041692493913,14,0.17337910879413151,MAP_SCADA,35,0.0035250604552597986
2,UPFC_Vsh,5-15,1.1121526642391235,14,1.107835439290343,MAP_SCADA,35,0.004317224948780618
3,UPFC_tsh,5-15,-0.2370323619370798,14,-0.23742095806497576,MAP_SCADA,35,0.00038859612789596265
4,UPFC_Vse,5-15,0.057139654468352036,14,0.06165077901426305,MAP_SCADA,35,0.004511124545911016
5,UPFC_tse,5-15,-2.1194773532602125,14,-2.1859856780255793,MAP_SCADA,35,0.06650832476536683
0,x_tcsc,1-14,-0.10869855072993599,15,-0.10518846218144336,MAP_SCADA,35,0.0035100885484926347
1,B_svc,2,0.1722439116589828,15,0.17337910879413151,MAP_SCADA,35,0.0011351971351487022
2,UPFC_Vsh,5-15,1.1123269308828758,15,1.107835439290343,MAP_SCADA,35,0.004491491592532926
3,UPFC_tsh,5-15,-0.23591736677432862,15,-0.23742095806497576,MAP_SCADA,35,0.0015035912906471438
4,UPFC_Vse,5-15,0.05746552861625833,15,0.06165077901426305,MAP_SCADA,35,0.004185250398004721
5,UPFC_tse,5-15,-2.114336762711501,15,-2.1859856780255793,MAP_SCADA,35,0.07164891531407847
0,x_tcsc,1-14,-0.10723509198330802,16,-0.10518846218144336,MAP_SCADA,35,0.002046629801864666
1,B_svc,2,0.17398967179522495,16,0.17337910879413151,MAP_SCADA,35,0.0006105630010934393
2,UPFC_Vsh,5-15,1.1110458587351355,16,1.107835439290343,MAP_SCADA,35,0.0032104194447926115
3,UPFC_tsh,5-15,-0.23700163214610448,16,-0.23742095806497576,MAP_SCADA,35,0.0004193259188712828
4,UPFC_Vse,5-15,0.05741412427159274,16,0.06165077901426305,MAP_SCADA,35,0.0042366547426703136
5,UPFC_tse,5-15,-2.115454248723215,16,-2.1859856780255793,MAP_SCADA,35,0.07053142930236422
0,x_tcsc,1-14,-0.11066622826773613,17,-0.10518846218144336,MAP_SCADA,35,0.0054777660862927735
1,B_svc,2,0.17213545326446683,17,0.17337910879413151,MAP_SCADA,35,0.0012436555296646834
2,UPFC_Vsh,5-15,1.1101691119931705,17,1.107835439290343,MAP_SCADA,35,0.0023336727028275828
3,UPFC_tsh,5-15,-0.23638238289548702,17,-0.23742095806497576,MAP_SCADA,35,0.0010385751694887424
4,UPFC_Vse,5-15,0.05704571524866088,17,0.06165077901426305,MAP_SCADA,35,0.0046050637656021715
5,UPFC_tse,5-15,-2.1255108704267474,17,-2.1859856780255793,MAP_SCADA,35,0.06047480759883195
0,x_tcsc,1-14,-0.10647726198792858,18,-0.10518846218144336,MAP_SCADA,35,0.001288799806485219
1,B_svc,2,0.17890991783106908,18,0.17337910879413151,MAP_SCADA,35,0.005530809036937562
2,UPFC_Vsh,5-15,1.1113916813722353,18,1.107835439290343,MAP_SCADA,35,0.0035562420818924245
3,UPFC_tsh,5-15,-0.23750430204608403,18,-0.23742095806497576,MAP_SCADA,35,8.334398110826369e-05
4,UPFC_Vse,5-15,0.0579754917237041,18,0.06165077901426305,MAP_SCADA,35,0.003675287290558951
5,UPFC_tse,5-15,-2.1210878076752175,18,-2.1859856780255793,MAP_SCADA,35,0.06489787035036176
0,x_tcsc,1-14,-0.10880064867843024,19,-0.10518846218144336,MAP_SCADA,35,0.0036121864969868855
1,B_svc,2,0.17236500079037237,19,0.17337910879413151,MAP_SCADA,35,0.0010141080037591454
2,UPFC_Vsh,5-15,1.112334763295601,19,1.107835439290343,MAP_SCADA,35,0.0044993240052582095
3,UPFC_tsh,5-15,-0.23575835468156742,19,-0.23742095806497576,MAP_SCADA,35,0.0016626033834083453
4,UPFC_Vse,5-15,0.057420643843725014,19,0.06165077901426305,MAP_SCADA,35,0.004230135170538038
5,UPFC_tse,5-15,-2.1197007787621494,19,-2.1859856780255793,MAP_SCADA,35,0.06628489926342995
0,x_tcsc,1-14,-0.10681796471203604,20,-0.10518846218144336,MAP_SCADA,35,0.0016295025305926858
1,B_svc,2,0.17723798368864258,20,0.17337910879413151,MAP_SCADA,35,0.0038588748945110607
2,UPFC_Vsh,5-15,1.110328466941185,20,1.107835439290343,MAP_SCADA,35,0.002493027650842139
3,UPFC_tsh,5-15,-0.2373060069040069,20,-0.23742095806497576,MAP_SCADA,35,0.00011495116096885138
4,UPFC_Vse,5-15,0.05749209778155573,20,0.06165077901426305,MAP_SCADA,35,0.004158681232707323
5,UPFC_tse,5-15,-2.121057456966522,20,-2.1859856780255793,MAP_SCADA,35,0.06492822105905738
0,x_tcsc,1-14,-0.10640127987977131,21,-0.10518846218144336,MAP_SCADA,35,0.001212817698327956
1,B_svc,2,0.17706400553147694,21,0.17337910879413151,MAP_SCADA,35,0.0036848967373454278
2,UPFC_Vsh,5-15,1.1123414247957542,21,1.107835439290343,MAP_SCADA,35,0.0045059855054112585
3,UPFC_tsh,5-15,-0.23706487343632154,21,-0.23742095806497576,MAP_SCADA,35,0.0003560846286542185
4,UPFC_Vse,5-15,0.05804808066265128,21,0.06165077901426305,MAP_SCADA,35,0.003602698351611769
5,UPFC_tse,5-15,-2.1199889860303824,21,-2.1859856780255793,MAP_SCADA,35,0.06599669199519687
0,x_tcsc,1-14,-0.1076874287003709,22,-0.10518846218144336,MAP_SCADA,35,0.002498966518927545
1,B_svc,2,0.17814371796425674,22,0.17337910879413151,MAP_SCADA,35,0.0047646091701252224
2,UPFC_Vsh,5-15,1.1100397041732075,22,1.107835439290343,MAP_SCADA,35,0.002204264882864626
3,UPFC_tsh,5-15,-0.2373992929814906,22,-0.23742095806497576,MAP_SCADA,35,2.166508348516727e-05
4,UPFC_Vse,5-15,0.05746102628000953,22,0.06165077901426305,MAP_SCADA,35,0.004189752734253524
5,UPFC_tse,5-15,-2.1138228571779285,22,-2.1859856780255793,MAP_SCADA,35,0.0721628208476508
0,x_tcsc,1-14,-0.11114173205442038,23,-0.10518846218144336,MAP_SCADA,35,0.005953269872977021
1,B_svc,2,0.16571810927908867,23,0.17337910879413151,MAP_SCADA,35,0.007660999515042843
2,UPFC_Vsh,5-15,1.1102913160967147,23,1.107835439290343,MAP_SCADA,35,0.002455876806371826
3,UPFC_tsh,5-15,-0.23612314344192717,23,-0.23742095806497576,MAP_SCADA,35,0.0012978146230485932
4,UPFC_Vse,5-15,0.057828980132338344,23,0.06165077901426305,MAP_SCADA,35,0.003821798881924708
5,UPFC_tse,5-15,-2.11634907225094,23,-2.1859856780255793,MAP_SCADA,35,0.06963660577463937
0,x_tcsc,1-14,-0.10707298918273737,24,-0.10518846218144336,MAP_SCADA,35,0.0018845270012940174
1,B_svc,2,0.1750844181767696,24,0.17337910879413151,MAP_SCADA,35,0.001705309382638076
2,UPFC_Vsh,5-15,1.1103383294545885,24,1.107835439290343,MAP_SCADA,35,0.0025028901642456525
3,UPFC_tsh,5-15,-0.2373858961720593,24,-0.23742095806497576,MAP_SCADA,35,3.5061892916465887e-05
4,UPFC_Vse,5-15,0.05783441093683506,24,0.06165077901426305,MAP_SCADA,35,0.003816368077427995
5,UPFC_tse,5-15,-2.1211963531878606,24,-2.1859856780255793,MAP_SCADA,35,0.06478932483771871
0,x_tcsc,1-14,-0.10411209146765889,25,-0.10518846218144336,MAP_SCADA,35,0.0010763707137844691
1,B_svc,2,0.18207388013521508,25,0.17337910879413151,MAP_SCADA,35,0.008694771341083568
2,UPFC_Vsh,5-15,1.1099508617603815,25,1.107835439290343,MAP_SCADA,35,0.002115422470038597
3,UPFC_tsh,5-15,-0.23921976991336424,25,-0.23742095806497576,MAP_SCADA,35,0.0017988118483884818
4,UPFC_Vse,5-15,0.057215626624696495,25,0.06165077901426305,MAP_SCADA,35,0.004435152389566557
5,UPFC_tse,5-15,-2.1180417750198264,25,-2.1859856780255793,MAP_SCADA,35,0.06794390300575293
0,x_tcsc,1-14,-0.1078001605743693,26,-0.10518846218144336,MAP_SCADA,35,0.0026116983929259374
1,B_svc,2,0.17458128190019787,26,0.17337910879413151,MAP_SCADA,35,0.001202173106066351
2,UPFC_Vsh,5-15,1.113580620074413,26,1.107835439290343,MAP_SCADA,35,0.0057451807840700475
3,UPFC_tsh,5-15,-0.23556159092886747,26,-0.23742095806497576,MAP_SCADA,35,0.001859367136108292
4,UPFC_Vse,5-15,0.05738429904808282,26,0.06165077901426305,MAP_SCADA,35,0.00426647996618023
5,UPFC_tse,5-15,-2.116182058227431,26,-2.1859856780255793,MAP_SCADA,35,0.0698036197981482
0,x_tcsc,1-14,-0.10825092537265413,27,-0.10518846218144336,MAP_SCADA,35,0.003062463191210771
1,B_svc,2,0.17430631258970788,27,0.17337910879413151,MAP_SCADA,35,0.0009272037955763701
2,UPFC_Vsh,5-15,1.1114662475697654,27,1.107835439290343,MAP_SCADA,35,0.003630808279422526
3,UPFC_tsh,5-15,-0.23746584465815873,27,-0.23742095806497576,MAP_SCADA,35,4.488659318296895e-05
4,UPFC_Vse,5-15,0.05788690302737337,27,0.06165077901426305,MAP_SCADA,35,0.003763875986889681
5,UPFC_tse,5-15,-2.118504077446963,27,-2.1859856780255793,MAP_SCADA,35,0.06748160057861652
0,x_tcsc,1-14,-0.1062730187523376,28,-0.10518846218144336,MAP_SCADA,35,0.001084556570894249
1,B_svc,2,0.18103079162220884,28,0.17337910879413151,MAP_SCADA,35,0.007651682828077322
2,UPFC_Vsh,5-15,1.1087301109081895,28,1.107835439290343,MAP_SCADA,35,0.0008946716178466207
3,UPFC_tsh,5-15,-0.2389396275716271,28,-0.23742095806497576,MAP_SCADA,35,0.0015186695066513323
4,UPFC_Vse,5-15,0.05792850816793582,28,0.06165077901426305,MAP_SCADA,35,0.0037222708463272303
5,UPFC_tse,5-15,-2.121591180104046,28,-2.1859856780255793,MAP_SCADA,35,0.0643944979215334
0,x_tcsc,1-14,-0.10653628707019851,29,-0.10518846218144336,MAP_SCADA,35,0.0013478248887551503
1,B_svc,2,0.17965508087916948,29,0.17337910879413151,MAP_SCADA,35,0.0062759720850379674
2,UPFC_Vsh,5-15,1.1106446052036845,29,1.107835439290343,MAP_SCADA,35,0.0028091659133415714
3,UPFC_tsh,5-15,-0.2376731179045099,29,-0.23742095806497576,MAP_SCADA,35,0.00025215983953413845
4,UPFC_Vse,5-15,0.05786677315107843,29,0.06165077901426305,MAP_SCADA,35,0.003784005863184621
5,UPFC_tse,5-15,-2.120222833999159,29,-2.1859856780255793,MAP_SCADA,35,0.06576284402642019
0,x_tcsc,1-14,-0.10952997111799802,30,-0.10518846218144336,MAP_SCADA,35,0.004341508936554661
1,B_svc,2,0.16919933850561206,30,0.17337910879413151,MAP_SCADA,35,0.004179770288519458
2,UPFC_Vsh,5-15,1.1127862661947077,30,1.107835439290343,MAP_SCADA,35,0.004950826904364769
3,UPFC_tsh,5-15,-0.23534976633179824,30,-0.23742095806497576,MAP_SCADA,35,0.0020711917331775187
4,UPFC_Vse,5-15,0.05792238850708715,30,0.06165077901426305,MAP_SCADA,35,0.0037283905071759035
5,UPFC_tse,5-15,-2.1164729451535256,30,-2.1859856780255793,MAP_SCADA,35,0.06951273287205373
0,x_tcsc,1-14,-0.10715060791579066,31,-0.10518846218144336,MAP_SCADA,35,0.0019621457343473037
1,B_svc,2,0.17281241655909546,31,0.17337910879413151,MAP_SCADA,35,0.0005666922350360537
2,UPFC_Vsh,5-15,1.1121750737216747,31,1.107835439290343,MAP_SCADA,35,0.004339634431331785
3,UPFC_tsh,5-15,-0.23612890048767649,31,-0.23742095806497576,MAP_SCADA,35,0.001292057577299277
4,UPFC_Vse,5-15,0.05741113562187503,31,0.06165077901426305,MAP_SCADA,35,0.004239643392388019
5,UPFC_tse,5-15,-2.118555531744554,31,-2.1859856780255793,MAP_SCADA,35,0.0674301462810254
0,x_tcsc,1-14,-0.10738626062904685,32,-0.10518846218144336,MAP_SCADA,35,0.0021977984476034967
1,B_svc,2,0.17330701774645507,32,0.17337910879413151,MAP_SCADA,35,7.209104767644248e-05
2,UPFC_Vsh,5-15,1.1120310826835351,32,1.107835439290343,MAP_SCADA,35,0.004195643393192228
3,UPFC_tsh,5-15,-0.23617144897870454,32,-0.23742095806497576,MAP_SCADA,35,0.0012495090862712221
4,UPFC_Vse,5-15,0.05687457505896244,32,0.06165077901426305,MAP_SCADA,35,0.004776203955300609
5,UPFC_tse,5-15,-2.123660023297658,32,-2.1859856780255793,MAP_SCADA,35,0.062325654727921176
0,x_tcsc,1-14,-0.10693539844775564,33,-0.10518846218144336,MAP_SCADA,35,0.0017469362663122823
1,B_svc,2,0.17768917211592447,33,0.17337910879413151,MAP_SCADA,35,0.004310063321792956
2,UPFC_Vsh,5-15,1.1095148249414561,33,1.107835439290343,MAP_SCADA,35,0.0016793856511132521
3,UPFC_tsh,5-15,-0.2371331944262661,33,-0.23742095806497576,MAP_SCADA,35,0.0002877636387096649
4,UPFC_Vse,5-15,0.05721563919140297,33,0.06165077901426305,MAP_SCADA,35,0.004435139822860083
5,UPFC_tse,5-15,-2.1196271921111913,33,-2.1859856780255793,MAP_SCADA,35,0.06635848591438798
0,x_tcsc,1-14,-0.10687992533692643,34,-0.10518846218144336,MAP_SCADA,35,0.001691463155483075
1,B_svc,2,0.17401309726872008,34,0.17337910879413151,MAP_SCADA,35,0.0006339884745885649
2,UPFC_Vsh,5-15,1.1123769845319478,34,1.107835439290343,MAP_SCADA,35,0.004541545241604883
3,UPFC_tsh,5-15,-0.23616750209149165,34,-0.23742095806497576,MAP_SCADA,35,0.0012534559734841133
4,UPFC_Vse,5-15,0.05717751357900006,34,0.06165077901426305,MAP_SCADA,35,0.004473265435262989
5,UPFC_tse,5-15,-2.1212191870108876,34,-2.1859856780255793,MAP_SCADA,35,0.06476649101469167
0,x_tcsc,1-14,-0.10736731801715636,35,-0.10518846218144336,MAP_SCADA,35,0.002178855835713006
1,B_svc,2,0.1743344664120881,35,0.17337910879413151,MAP_SCADA,35,0.0009553576179565926
2,UPFC_Vsh,5-15,1.1121640478067782,35,1.107835439290343,MAP_SCADA,35,0.0043286085164353505
3,UPFC_tsh,5-15,-0.23680846597136743,35,-0.23742095806497576,MAP_SCADA,35,0.0006124920936083356
4,UPFC_Vse,5-15,0.057952360550922254,35,0.06165077901426305,MAP_SCADA,35,0.003698418463340798
5,UPFC_tse,5-15,-2.1169531607381513,35,-2.1859856780255793,MAP_SCADA,35,0.06903251728742799
0,x_tcsc,1-14,-0.10815347514458465,36,-0.10518846218144336,MAP_SCADA,35,0.002965012963141292
1,B_svc,2,0.1710697004082666,36,0.17337910879413151,MAP_SCADA,35,0.0023094083858649084
2,UPFC_Vsh,5-15,1.1137240188584057,36,1.107835439290343,MAP_SCADA,35,0.005888579568062768
3,UPFC_tsh,5-15,-0.2358246848062136,36,-0.23742095806497576,MAP_SCADA,35,0.0015962732587621598
4,UPFC_Vse,5-15,0.057245825627543545,36,0.06165077901426305,MAP_SCADA,35,0.004404953386719507
5,UPFC_tse,5-15,-2.1175965349312516,36,-2.1859856780255793,MAP_SCADA,35,0.06838914309432775
0,x_tcsc,1-14,-0.10475515592541516,37,-0.10518846218144336,MAP_SCADA,35,0.00043330625602819306
1,B_svc,2,0.18309482267944,37,0.17337910879413151,MAP_SCADA,35,0.00971571388530848
2,UPFC_Vsh,5-15,1.1127906253327882,37,1.107835439290343,MAP_SCADA,35,0.00495518604244527
3,UPFC_tsh,5-15,-0.23802310460401754,37,-0.23742095806497576,MAP_SCADA,35,0.0006021465390417813
4,UPFC_Vse,5-15,0.057431952367715214,37,0.06165077901426305,MAP_SCADA,35,0.004218826646547838
5,UPFC_tse,5-15,-2.1199405418760775,37,-2.1859856780255793,MAP_SCADA,35,0.0660451361495018
0,x_tcsc,1-14,-0.10742269392758334,38,-0.10518846218144336,MAP_SCADA,35,0.0022342317461399863
1,B_svc,2,0.1755004971401978,38,0.17337910879413151,MAP_SCADA,35,0.0021213883460662886
2,UPFC_Vsh,5-15,1.1130201419013812,38,1.107835439290343,MAP_SCADA,35,0.0051847026110383165
3,UPFC_tsh,5-15,-0.23693363430979963,38,-0.23742095806497576,MAP_SCADA,35,0.0004873237551761278
4,UPFC_Vse,5-15,0.057205520786809703,38,0.06165077901426305,MAP_SCADA,35,0.004445258227453348
5,UPFC_tse,5-15,-2.1205146025924075,38,-2.1859856780255793,MAP_SCADA,35,0.06547107543317177
0,x_tcsc,1-14,-0.10641915634401529,39,-0.10518846218144336,MAP_SCADA,35,0.0012306941625719325
1,B_svc,2,0.17958337075122596,39,0.17337910879413151,MAP_SCADA,35,0.006204261957094448
2,UPFC_Vsh,5-15,1.1118914083314206,39,1.107835439290343,MAP_SCADA,35,0.004055969041077745
3,UPFC_tsh,5-15,-0.23774754611117094,39,-0.23742095806497576,MAP_SCADA,35,0.00032658804619517534
4,UPFC_Vse,5-15,0.057058229476306656,39,0.06165077901426305,MAP_SCADA,35,0.004592549537956396
5,UPFC_tse,5-15,-2.120243704132217,39,-2.1859856780255793,MAP_SCADA,35,0.06574197389336245
0,x_tcsc,1-14,-0.10714899839915103,40,-0.10518846218144336,MAP_SCADA,35,0.00196053621770767
1,B_svc,2,0.17792801003384645,40,0.17337910879413151,MAP_SCADA,35,0.004548901239714936
2,UPFC_Vsh,5-15,1.1104977926102153,40,1.107835439290343,MAP_SCADA,35,0.0026623533198724125
3,UPFC_tsh,5-15,-0.23778322722768935,40,-0.23742095806497576,MAP_SCADA,35,0.000362269162713591
4,UPFC_Vse,5-15,0.05763455838128357,40,0.06165077901426305,MAP_SCADA,35,0.004016220632979482
5,UPFC_tse,5-15,-2.121763490823035,40,-2.1859856780255793,MAP_SCADA,35,0.06422218720254413
0,x_tcsc,1-14,-0.10747628103650513,41,-0.10518846218144336,MAP_SCADA,35,0.0022878188550617684
1,B_svc,2,0.17201780849316667,41,0.17337910879413151,MAP_SCADA,35,0.0013613003009648461
2,UPFC_Vsh,5-15,1.1132964947085866,41,1.107835439290343,MAP_SCADA,35,0.00546105541824371
3,UPFC_tsh,5-15,-0.23655377141994835,41,-0.23742095806497576,MAP_SCADA,35,0.0008671866450274124
4,UPFC_Vse,5-15,0.05694790652530009,41,0.06165077901426305,MAP_SCADA,35,0.004702872488962964
5,UPFC_tse,5-15,-2.115871417344491,41,-2.1859856780255793,MAP_SCADA,35,0.0701142606810885
0,x_tcsc,1-14,-0.1081257980000313,42,-0.10518846218144336,MAP_SCADA,35,0.0029373358185879467
1,B_svc,2,0.1726483542993937,42,0.17337910879413151,MAP_SCADA,35,0.0007307544947378064
2,UPFC_Vsh,5-15,1.1121568098072536,42,1.107835439290343,MAP_SCADA,35,0.0043213705169107275
3,UPFC_tsh,5-15,-0.23570650257828626,42,-0.23742095806497576,MAP_SCADA,35,0.0017144554866894979
4,UPFC_Vse,5-15,0.057391783915916594,42,0.06165077901426305,MAP_SCADA,35,0.0042589950983464575
5,UPFC_tse,5-15,-2.1223150055765987,42,-2.1859856780255793,MAP_SCADA,35,0.06367067244898061
0,x_tcsc,1-14,-0.10919026678444572,43,-0.10518846218144336,MAP_SCADA,35,0.004001804603002368
1,B_svc,2,0.17006330659842472,43,0.17337910879413151,MAP_SCADA,35,0.0033158021957067907
2,UPFC_Vsh,5-15,1.1123500259968075,43,1.107835439290343,MAP_SCADA,35,0.004514586706464652
3,UPFC_tsh,5-15,-0.23560811988148292,43,-0.23742095806497576,MAP_SCADA,35,0.001812838183492843
4,UPFC_Vse,5-15,0.057593251453399046,43,0.06165077901426305,MAP_SCADA,35,0.004057527560864006
5,UPFC_tse,5-15,-2.1151039880453184,43,-2.1859856780255793,MAP_SCADA,35,0.0708816899802609
0,x_tcsc,1-14,-0.10530229352998717,44,-0.10518846218144336,MAP_SCADA,35,0.0001138313485438136
1,B_svc,2,0.1829660034812352,44,0.17337910879413151,MAP_SCADA,35,0.009586894687103692
2,UPFC_Vsh,5-15,1.109897014642047,44,1.107835439290343,MAP_SCADA,35,0.002061575351704148
3,UPFC_tsh,5-15,-0.23859001452834347,44,-0.23742095806497576,MAP_SCADA,35,0.001169056463367707
4,UPFC_Vse,5-15,0.058221711031435495,44,0.06165077901426305,MAP_SCADA,35,0.0034290679828275564
5,UPFC_tse,5-15,-2.116964072987721,44,-2.1859856780255793,MAP_SCADA,35,0.06902160503785826
0,x_tcsc,1-14,-0.1069256538871445,45,-0.10518846218144336,MAP_SCADA,35,0.0017371917057011493
1,B_svc,2,0.177465266753047,45,0.17337910879413151,MAP_SCADA,35,0.004086157958915482
2,UPFC_Vsh,5-15,1.1114206874199102,45,1.107835439290343,MAP_SCADA,35,0.0035852481295672867
3,UPFC_tsh,5-15,-0.23689545053861744,45,-0.23742095806497576,MAP_SCADA,35,0.0005255075263583264
4,UPFC_Vse,5-15,0.057539741316308304,45,0.06165077901426305,MAP_SCADA,35,0.0041110376979547475
5,UPFC_tse,5-15,-2.1171370386148687,45,-2.1859856780255793,MAP_SCADA,35,0.06884863941071062
0,x_tcsc,1-14,-0.10802781666215394,46,-0.10518846218144336,MAP_SCADA,35,0.0028393544807105847
1,B_svc,2,0.1738286788546785,46,0.17337910879413151,MAP_SCADA,35,0.00044957006054699433
2,UPFC_Vsh,5-15,1.11293370639085,46,1.107835439290343,MAP_SCADA,35,0.005098267100507092
3,UPFC_tsh,5-15,-0.236790719974732,46,-0.23742095806497576,MAP_SCADA,35,0.0006302380902437621
4,UPFC_Vse,5-15,0.057103383298049065,46,0.06165077901426305,MAP_SCADA,35,0.004547395716213987
5,UPFC_tse,5-15,-2.1179202109526556,46,-2.1859856780255793,MAP_SCADA,35,0.06806546707292371
0,x_tcsc,1-14,-0.10709329858503407,47,-0.10518846218144336,MAP_SCADA,35,0.0019048364035907095
1,B_svc,2,0.173253329722418,47,0.17337910879413151,MAP_SCADA,35,0.00012577907171351654
2,UPFC_Vsh,5-15,1.1130769853263658,47,1.107835439290343,MAP_SCADA,35,0.005241546036022893
3,UPFC_tsh,5-15,-0.23619945386340394,47,-0.23742095806497576,MAP_SCADA,35,0.001221504201571827
4,UPFC_Vse,5-15,0.05764670213138666,47,0.06165077901426305,MAP_SCADA,35,0.004004076882876392
5,UPFC_tse,5-15,-2.1178733164843204,47,-2.1859856780255793,MAP_SCADA,35,0.06811236154125888
0,x_tcsc,1-14,-0.10719051328101499,48,-0.10518846218144336,MAP_SCADA,35,0.0020020510995716334
1,B_svc,2,0.17618814701774743,48,0.17337910879413151,MAP_SCADA,35,0.0028090382236159173
2,UPFC_Vsh,5-15,1.1137388699268482,48,1.107835439290343,MAP_SCADA,35,0.005903430636505336
3,UPFC_tsh,5-15,-0.23554054106717964,48,-0.23742095806497576,MAP_SCADA,35,0.0018804169977961194
4,UPFC_Vse,5-15,0.05692696717314711,48,0.06165077901426305,MAP_SCADA,35,0.004723811841115942
5,UPFC_tse,5-15,-2.118333333343752,48,-2.1859856780255793,MAP_SCADA,35,0.06765234468182735
0,x_tcsc,1-14,-0.10866601044350763,49,-0.10518846218144336,MAP_SCADA,35,0.00347754826206427
1,B_svc,2,0.1710053873058158,49,0.17337910879413151,MAP_SCADA,35,0.0023737214883157165
2,UPFC_Vsh,5-15,1.1121595017507595,49,1.107835439290343,MAP_SCADA,35,0.004324062460416611
3,UPFC_tsh,5-15,-0.2359778989630055,49,-0.23742095806497576,MAP_SCADA,35,0.001443059101970262
4,UPFC_Vse,5-15,0.05723723522516479,49,0.06165077901426305,MAP_SCADA,35,0.004413543789098265
5,UPFC_tse,5-15,-2.1162183015920553,49,-2.1859856780255793,MAP_SCADA,35,0.06976737643352404
0,x_tcsc,1-14,-0.10901937796112277,50,-0.10518846218144336,MAP_SCADA,35,0.0038309157796794086
1,B_svc,2,0.16959306694005918,50,0.17337910879413151,MAP_SCADA,35,0.0037860418540723306
2,UPFC_Vsh,5-15,1.1129934283863259,50,1.107835439290343,MAP_SCADA,35,0.005157989095982973
3,UPFC_tsh,5-15,-0.23572793347299587,50,-0.23742095806497576,MAP_SCADA,35,0.001693024591979897
4,UPFC_Vse,5-15,0.05764673609842407,50,0.06165077901426305,MAP_SCADA,35,0.00400404291583898
5,UPFC_tse,5-15,-2.118481715803393,50,-2.1859856780255793,MAP_SCADA,35,0.06750396222218624
0,x_tcsc,1-14,-0.10931226325956275,51,-0.10518846218144336,MAP_SCADA,35,0.004123801078119396
1,B_svc,2,0.16790873900292247,51,0.17337910879413151,MAP_SCADA,35,0.005470369791209045
2,UPFC_Vsh,5-15,1.1126616705910577,51,1.107835439290343,MAP_SCADA,35,0.0048262313007148006
3,UPFC_tsh,5-15,-0.2364188554805837,51,-0.23742095806497576,MAP_SCADA,35,0.0010021025843920672
4,UPFC_Vse,5-15,0.057683554161929884,51,0.06165077901426305,MAP_SCADA,35,0.003967224852333168
5,UPFC_tse,5-15,-2.1187258940414506,51,-2.1859856780255793,MAP_SCADA,35,0.06725978398412868
0,x_tcsc,1-14,-0.10695079648572353,52,-0.10518846218144336,MAP_SCADA,35,0.0017623343042801748
1,B_svc,2,0.17765441432496182,52,0.17337910879413151,MAP_SCADA,35,0.004275305530830303
2,UPFC_Vsh,5-15,1.1107767750385993,52,1.107835439290343,MAP_SCADA,35,0.0029413357482563907
3,UPFC_tsh,5-15,-0.23801910026457151,52,-0.23742095806497576,MAP_SCADA,35,0.0005981421995957525
4,UPFC_Vse,5-15,0.05789410719761008,52,0.06165077901426305,MAP_SCADA,35,0.0037566718166529706
5,UPFC_tse,5-15,-2.1180835578894164,52,-2.1859856780255793,MAP_SCADA,35,0.06790212013616292
0,x_tcsc,1-14,-0.10579999281105353,53,-0.10518846218144336,MAP_SCADA,35,0.0006115306296101686
1,B_svc,2,0.18205396316733946,53,0.17337910879413151,MAP_SCADA,35,0.008674854373207946
2,UPFC_Vsh,5-15,1.109267996697699,53,1.107835439290343,MAP_SCADA,35,0.0014325574073561498
3,UPFC_tsh,5-15,-0.23819604051412727,53,-0.23742095806497576,MAP_SCADA,35,0.000775082449151504
4,UPFC_Vse,5-15,0.05724544595243886,53,0.06165077901426305,MAP_SCADA,35,0.004405333061824189
5,UPFC_tse,5-15,-2.1229365299297847,53,-2.1859856780255793,MAP_SCADA,35,0.06304914809579465
0,x_tcsc,1-14,-0.106223577746768,54,-0.10518846218144336,MAP_SCADA,35,0.0010351155653246374
1,B_svc,2,0.17719157491400092,54,0.17337910879413151,MAP_SCADA,35,0.0038124661198694065
2,UPFC_Vsh,5-15,1.111956043609763,54,1.107835439290343,MAP_SCADA,35,0.004120604319420185
3,UPFC_tsh,5-15,-0.2378113739765671,54,-0.23742095806497576,MAP_SCADA,35,0.00039041591159133526
4,UPFC_Vse,5-15,0.057130967663296575,54,0.06165077901426305,MAP_SCADA,35,0.004519811350966477
5,UPFC_tse,5-15,-2.12161004485105,54,-2.1859856780255793,MAP_SCADA,35,0.06437563317452932
0,x_tcsc,1-14,-0.1048808287150344,55,-0.10518846218144336,MAP_SCADA,35,0.0003076334664089547
1,B_svc,2,0.18023016762748467,55,0.17337910879413151,MAP_SCADA,35,0.0068510588333531575
2,UPFC_Vsh,5-15,1.111015522773831,55,1.107835439290343,MAP_SCADA,35,0.003180083483488083
3,UPFC_tsh,5-15,-0.2379659931537663,55,-0.23742095806497576,MAP_SCADA,35,0.0005450350887905298
4,UPFC_Vse,5-15,0.05771664330509277,55,0.06165077901426305,MAP_SCADA,35,0.003934135709170283
5,UPFC_tse,5-15,-2.1190069084086782,55,-2.1859856780255793,MAP_SCADA,35,0.06697876961690108
0,x_tcsc,1-14,-0.10573173835744157,56,-0.10518846218144336,MAP_SCADA,35,0.0005432761759982113
1,B_svc,2,0.1817970034926586,56,0.17337910879413151,MAP_SCADA,35,0.008417894698527079
2,UPFC_Vsh,5-15,1.111027770285367,56,1.107835439290343,MAP_SCADA,35,0.0031923309950241396
3,UPFC_tsh,5-15,-0.23812830497551066,56,-0.23742095806497576,MAP_SCADA,35,0.0007073469105348951
4,UPFC_Vse,5-15,0.05736210880287201,56,0.06165077901426305,MAP_SCADA,35,0.004288670211391045
5,UPFC_tse,5-15,-2.1198983441293033,56,-2.1859856780255793,MAP_SCADA,35,0.06608733389627597
0,x_tcsc,1-14,-0.10709092763731871,57,-0.10518846218144336,MAP_SCADA,35,0.0019024654558753573
1,B_svc,2,0.17484046073839904,57,0.17337910879413151,MAP_SCADA,35,0.001461351944267525
2,UPFC_Vsh,5-15,1.1133469525661213,57,1.107835439290343,MAP_SCADA,35,0.005511513275778368
3,UPFC_tsh,5-15,-0.23718555045047204,57,-0.23742095806497576,MAP_SCADA,35,0.00023540761450371872
4,UPFC_Vse,5-15,0.057613084439732426,57,0.06165077901426305,MAP_SCADA,35,0.004037694574530626
5,UPFC_tse,5-15,-2.1183658311697195,57,-2.1859856780255793,MAP_SCADA,35,0.06761984685585976
0,x_tcsc,1-14,-0.10714063314851686,58,-0.10518846218144336,MAP_SCADA,35,0.0019521709670735077
1,B_svc,2,0.17242772742543125,58,0.17337910879413151,MAP_SCADA,35,0.0009513813687002659
2,UPFC_Vsh,5-15,1.1108335546560917,58,1.107835439290343,MAP_SCADA,35,0.002998115365748788
3,UPFC_tsh,5-15,-0.23746284602796666,58,-0.23742095806497576,MAP_SCADA,35,4.1887962990899696e-05
4,UPFC_Vse,5-15,0.05689107134771026,58,0.06165077901426305,MAP_SCADA,35,0.004759707666552794
5,UPFC_tse,5-15,-2.122073449832775,58,-2.1859856780255793,MAP_SCADA,35,0.0639122281928044
0,x_tcsc,1-14,-0.10523444359924194,59,-0.10518846218144336,MAP_SCADA,35,4.598141779858789e-05
1,B_svc,2,0.1793597647528677,59,0.17337910879413151,MAP_SCADA,35,0.005980655958736175
2,UPFC_Vsh,5-15,1.1107857115531186,59,1.107835439290343,MAP_SCADA,35,0.002950272262775666
3,UPFC_tsh,5-15,-0.23789177797441755,59,-0.23742095806497576,MAP_SCADA,35,0.0004708199094417831
4,UPFC_Vse,5-15,0.05768282997508247,59,0.06165077901426305,MAP_SCADA,35,0.003967949039180581
5,UPFC_tse,5-15,-2.1181873406560845,59,-2.1859856780255793,MAP_SCADA,35,0.06779833736949481
0,x_tcsc,1-14,-0.10945176150756852,60,-0.10518846218144336,MAP_SCADA,35,0.004263299326125167
1,B_svc,2,0.16935793383633752,60,0.17337910879413151,MAP_SCADA,35,0.004021174957793999
2,UPFC_Vsh,5-15,1.1139613169432452,60,1.107835439290343,MAP_SCADA,35,0.00612587765290229
3,UPFC_tsh,5-15,-0.23566920134996264,60,-0.23742095806497576,MAP_SCADA,35,0.0017517567150131252
4,UPFC_Vse,5-15,0.05720458411055312,60,0.06165077901426305,MAP_SCADA,35,0.004446194903709934
5,UPFC_tse,5-15,-2.1149588358461378,60,-2.1859856780255793,MAP_SCADA,35,0.07102684217944155
0,x_tcsc,1-14,-0.10905522365335318,61,-0.10518846218144336,MAP_SCADA,35,0.003866761471909827
1,B_svc,2,0.1703607647786208,61,0.17337910879413151,MAP_SCADA,35,0.00301834401551071
2,UPFC_Vsh,5-15,1.1130767083751107,61,1.107835439290343,MAP_SCADA,35,0.005241269084767852
3,UPFC_tsh,5-15,-0.23544033055215907,61,-0.23742095806497576,MAP_SCADA,35,0.0019806275128166906
4,UPFC_Vse,5-15,0.057875494250938325,61,0.06165077901426305,MAP_SCADA,35,0.0037752847633247266
5,UPFC_tse,5-15,-2.1204281948282167,61,-2.1859856780255793,MAP_SCADA,35,0.06555748319736265
0,x_tcsc,1-14,-0.10733114663304694,62,-0.10518846218144336,MAP_SCADA,35,0.00214268445160358
1,B_svc,2,0.17367688990675537,62,0.17337910879413151,MAP_SCADA,35,0.00029778111262385165
2,UPFC_Vsh,5-15,1.1121862943112313,62,1.107835439290343,MAP_SCADA,35,0.004350855020888389
3,UPFC_tsh,5-15,-0.23622970029102125,62,-0.23742095806497576,MAP_SCADA,35,0.0011912577739545127
4,UPFC_Vse,5-15,0.057647980839804165,62,0.06165077901426305,MAP_SCADA,35,0.004002798174458887
5,UPFC_tse,5-15,-2.1197384212927988,62,-2.1859856780255793,MAP_SCADA,35,0.06624725673278054
0,x_tcsc,1-14,-0.10940497005741741,63,-0.10518846218144336,MAP_SCADA,35,0.0042165078759740515
1,B_svc,2,0.1726336661398208,63,0.17337910879413151,MAP_SCADA,35,0.0007454426543107018
2,UPFC_Vsh,5-15,1.1087398307270746,63,1.107835439290343,MAP_SCADA,35,0.0009043914367317107
3,UPFC_tsh,5-15,-0.2373871645118825,63,-0.23742095806497576,MAP_SCADA,35,3.379355309326981e-05
4,UPFC_Vse,5-15,0.05776814794156133,63,0.06165077901426305,MAP_SCADA,35,0.003882631072701724
5,UPFC_tse,5-15,-2.121343863462053,63,-2.1859856780255793,MAP_SCADA,35,0.06464181456352636
0,x_tcsc,1-14,-0.1046949546236351,64,-0.10518846218144336,MAP_SCADA,35,0.000493507557808262
1,B_svc,2,0.183445376860306,64,0.17337910879413151,MAP_SCADA,35,0.010066268066174472
2,UPFC_Vsh,5-15,1.1131989879091804,64,1.107835439290343,MAP_SCADA,35,0.005363548618837477
3,UPFC_tsh,5-15,-0.23781862115688623,64,-0.23742095806497576,MAP_SCADA,35,0.0003976630919104718
4,UPFC_Vse,5-15,0.05759710799066543,64,0.06165077901426305,MAP_SCADA,35,0.004053671023597619
5,UPFC_tse,5-15,-2.1232312397924127,64,-2.1859856780255793,MAP_SCADA,35,0.06275443823316662
0,x_tcsc,1-14,-0.10787113157761462,65,-0.10518846218144336,MAP_SCADA,35,0.002682669396171261
1,B_svc,2,0.17266875712225543,65,0.17337910879413151,MAP_SCADA,35,0.0007103516718760805
2,UPFC_Vsh,5-15,1.112803249263745,65,1.107835439290343,MAP_SCADA,35,0.004967809973402071
3,UPFC_tsh,5-15,-0.23576020759578165,65,-0.23742095806497576,MAP_SCADA,35,0.0016607504691941166
4,UPFC_Vse,5-15,0.05738668038712711,65,0.06165077901426305,MAP_SCADA,35,0.004264098627135941
5,UPFC_tse,5-15,-2.117628484366634,65,-2.1859856780255793,MAP_SCADA,35,0.0683571936589451
0,x_tcsc,1-14,-0.10607910744277634,66,-0.10518846218144336,MAP_SCADA,35,0.0008906452613329785
1,B_svc,2,0.1785011070050042,66,0.17337910879413151,MAP_SCADA,35,0.005121998210872697
2,UPFC_Vsh,5-15,1.1122669093630733,66,1.107835439290343,MAP_SCADA,35,0.00443147007273037
3,UPFC_tsh,5-15,-0.2376299527673899,66,-0.23742095806497576,MAP_SCADA,35,0.00020899470241414475
4,UPFC_Vse,5-15,0.0580228728162041,66,0.06165077901426305,MAP_SCADA,35,0.0036279061980589514
5,UPFC_tse,5-15,-2.11588414783405,66,-2.1859856780255793,MAP_SCADA,35,0.0701015301915291
0,x_tcsc,1-14,-0.10464633199777319,67,-0.10518846218144336,MAP_SCADA,35,0.0005421301836701642
1,B_svc,2,0.1819534129198583,67,0.17337910879413151,MAP_SCADA,35,0.008574304125726795
2,UPFC_Vsh,5-15,1.1109878453087363,67,1.107835439290343,MAP_SCADA,35,0.0031524060183933944
3,UPFC_tsh,5-15,-0.23816703002760867,67,-0.23742095806497576,MAP_SCADA,35,0.0007460719626329049
4,UPFC_Vse,5-15,0.0575155112696389,67,0.06165077901426305,MAP_SCADA,35,0.004135267744624152
5,UPFC_tse,5-15,-2.1243584023779603,67,-2.1859856780255793,MAP_SCADA,35,0.06162727564761905
0,x_tcsc,1-14,-0.1048884806969986,68,-0.10518846218144336,MAP_SCADA,35,0.0002999814844447529
1,B_svc,2,0.18233020135967012,68,0.17337910879413151,MAP_SCADA,35,0.00895109256553861
2,UPFC_Vsh,5-15,1.1126787375375116,68,1.107835439290343,MAP_SCADA,35,0.00484329824716867
3,UPFC_tsh,5-15,-0.23729777185293432,68,-0.23742095806497576,MAP_SCADA,35,0.00012318621204143732
4,UPFC_Vse,5-15,0.057497301850630324,68,0.06165077901426305,MAP_SCADA,35,0.004153477163632728
5,UPFC_tse,5-15,-2.117353272936879,68,-2.1859856780255793,MAP_SCADA,35,0.06863240508870039
0,x_tcsc,1-14,-0.10890222542618458,69,-0.10518846218144336,MAP_SCADA,35,0.003713763244741222
1,B_svc,2,0.16834420117020463,69,0.17337910879413151,MAP_SCADA,35,0.0050349076239268875
2,UPFC_Vsh,5-15,1.1131104914482013,69,1.107835439290343,MAP_SCADA,35,0.005275052157858395
3,UPFC_tsh,5-15,-0.23620664066360444,69,-0.23742095806497576,MAP_SCADA,35,0.0012143174013713176
4,UPFC_Vse,5-15,0.05712520081716381,69,0.06165077901426305,MAP_SCADA,35,0.004525578197099242
5,UPFC_tse,5-15,-2.116181775780159,69,-2.1859856780255793,MAP_SCADA,35,0.06980390224542043
0,x_tcsc,1-14,-0.10783954312107445,70,-0.10518846218144336,MAP_SCADA,35,0.0026510809396310953
1,B_svc,2,0.1738012616177895,70,0.17337910879413151,MAP_SCADA,35,0.0004221528236579841
2,UPFC_Vsh,5-15,1.109946175601687,70,1.107835439290343,MAP_SCADA,35,0.0021107363113441746
3,UPFC_tsh,5-15,-0.2370955958356482,70,-0.23742095806497576,MAP_SCADA,35,0.00032536222932755265
4,UPFC_Vse,5-15,0.057627049096513644,70,0.06165077901426305,MAP_SCADA,35,0.004023729917749408
5,UPFC_tse,5-15,-2.1202167991094587,70,-2.1859856780255793,MAP_SCADA,35,0.0657688789161206
0,x_tcsc,1-14,-0.10534847168056283,71,-0.10518846218144336,MAP_SCADA,35,0.0001600094991194706
1,B_svc,2,0.17955172099397773,71,0.17337910879413151,MAP_SCADA,35,0.006172612199846217
2,UPFC_Vsh,5-15,1.1117192574047965,71,1.107835439290343,MAP_SCADA,35,0.0038838181144535966
3,UPFC_tsh,5-15,-0.23820653589537907,71,-0.23742095806497576,MAP_SCADA,35,0.0007855778304033112
4,UPFC_Vse,5-15,0.05754757811938391,71,0.06165077901426305,MAP_SCADA,35,0.004103200894879144
5,UPFC_tse,5-15,-2.121658366823909,71,-2.1859856780255793,MAP_SCADA,35,0.06432731120167023
0,x_tcsc,1-14,-0.10742294616001442,72,-0.10518846218144336,MAP_SCADA,35,0.002234483978571067
1,B_svc,2,0.17430469223433764,72,0.17337910879413151,MAP_SCADA,35,0.0009255834402061291
2,UPFC_Vsh,5-15,1.1143541824961813,72,1.107835439290343,MAP_SCADA,35,0.006518743205838451
3,UPFC_tsh,5-15,-0.23620451737193204,72,-0.23742095806497576,MAP_SCADA,35,0.0012164406930437188
4,UPFC_Vse,5-15,0.0572197988624672,72,0.06165077901426305,MAP_SCADA,35,0.004430980151795855
5,UPFC_tse,5-15,-2.113452791129322,72,-2.1859856780255793,MAP_SCADA,35,0.07253288689625714
0,x_tcsc,1-14,-0.10922969344645563,73,-0.10518846218144336,MAP_SCADA,35,0.004041231265012268
1,B_svc,2,0.16525146255622622,73,0.17337910879413151,MAP_SCADA,35,0.008127646237905295
2,UPFC_Vsh,5-15,1.1134568370282656,73,1.107835439290343,MAP_SCADA,35,0.005621397737922695
3,UPFC_tsh,5-15,-0.2356698992780358,73,-0.23742095806497576,MAP_SCADA,35,0.0017510587869399574
4,UPFC_Vse,5-15,0.05714227536138494,73,0.06165077901426305,MAP_SCADA,35,0.00450850365287811
5,UPFC_tse,5-15,-2.119651091064688,73,-2.1859856780255793,MAP_SCADA,35,0.06633458696089134
0,x_tcsc,1-14,-0.10431792148953327,74,-0.10518846218144336,MAP_SCADA,35,0.0008705406919100878
1,B_svc,2,0.1811248064659187,74,0.17337910879413151,MAP_SCADA,35,0.007745697671787177
2,UPFC_Vsh,5-15,1.1099430822379803,74,1.107835439290343,MAP_SCADA,35,0.0021076429476374337
3,UPFC_tsh,5-15,-0.23852746172805828,74,-0.23742095806497576,MAP_SCADA,35,0.0011065036630825142
4,UPFC_Vse,5-15,0.05784374657307531,74,0.06165077901426305,MAP_SCADA,35,0.003807032441187741
5,UPFC_tse,5-15,-2.121425096913782,74,-2.1859856780255793,MAP_SCADA,35,0.06456058111179752
0,x_tcsc,1-14,-0.103353053211812,75,-0.10518846218144336,MAP_SCADA,35,0.001835408969631358
1,B_svc,2,0.18807150083032478,75,0.17337910879413151,MAP_SCADA,35,0.01469239203619327
2,UPFC_Vsh,5-15,1.1111700606315367,75,1.107835439290343,MAP_SCADA,35,0.0033346213411937775
3,UPFC_tsh,5-15,-0.2388301118941401,75,-0.23742095806497576,MAP_SCADA,35,0.0014091538291643446
4,UPFC_Vse,5-15,0.057665588016663855,75,0.06165077901426305,MAP_SCADA,35,0.003985190997599197
5,UPFC_tse,5-15,-2.123561272171615,75,-2.1859856780255793,MAP_SCADA,35,0.06242440585396425
0,x_tcsc,1-14,-0.10893838338128896,76,-0.10518846218144336,MAP_SCADA,35,0.0037499211998456017
1,B_svc,2,0.17015960069209635,76,0.17337910879413151,MAP_SCADA,35,0.003219508102035168
2,UPFC_Vsh,5-15,1.1136347042650967,76,1.107835439290343,MAP_SCADA,35,0.005799264974753804
3,UPFC_tsh,5-15,-0.2356088372004739,76,-0.23742095806497576,MAP_SCADA,35,0.0018121208645018594
4,UPFC_Vse,5-15,0.05739174891156154,76,0.06165077901426305,MAP_SCADA,35,0.004259030102701511
5,UPFC_tse,5-15,-2.1131298745475315,76,-2.1859856780255793,MAP_SCADA,35,0.07285580347804776
0,x_tcsc,1-14,-0.10677148640328579,77,-0.10518846218144336,MAP_SCADA,35,0.0015830242218424356
1,B_svc,2,0.17490146294845868,77,0.17337910879413151,MAP_SCADA,35,0.0015223541543271657
2,UPFC_Vsh,5-15,1.1099104962836785,77,1.107835439290343,MAP_SCADA,35,0.0020750569933356555
3,UPFC_tsh,5-15,-0.2369514487516909,77,-0.23742095806497576,MAP_SCADA,35,0.00046950931328484935
4,UPFC_Vse,5-15,0.05773714951810732,77,0.06165077901426305,MAP_SCADA,35,0.003913629496155729
5,UPFC_tse,5-15,-2.1166647015932987,77,-2.1859856780255793,MAP_SCADA,35,0.06932097643228063
0,x_tcsc,1-14,-0.10924023694539466,78,-0.10518846218144336,MAP_SCADA,35,0.004051774763951299
1,B_svc,2,0.17022007529560623,78,0.17337910879413151,MAP_SCADA,35,0.003159033498525282
2,UPFC_Vsh,5-15,1.1133807467142431,78,1.107835439290343,MAP_SCADA,35,0.0055453074239002476
3,UPFC_tsh,5-15,-0.23596645081338674,78,-0.23742095806497576,MAP_SCADA,35,0.0014545072515890212
4,UPFC_Vse,5-15,0.05711119384068331,78,0.06165077901426305,MAP_SCADA,35,0.00453958517357974
5,UPFC_tse,5-15,-2.118052252316137,78,-2.1859856780255793,MAP_SCADA,35,0.06793342570944239
0,x_tcsc,1-14,-0.10743509187356443,79,-0.10518846218144336,MAP_SCADA,35,0.0022466296921210688
1,B_svc,2,0.17324594257769063,79,0.17337910879413151,MAP_SCADA,35,0.0001331662164408831
2,UPFC_Vsh,5-15,1.108719981361768,79,1.107835439290343,MAP_SCADA,35,0.0008845420714251873
3,UPFC_tsh,5-15,-0.23807533379593204,79,-0.23742095806497576,MAP_SCADA,35,0.0006543757309562803
4,UPFC_Vse,5-15,0.05754558435882357,79,0.06165077901426305,MAP_SCADA,35,0.00410519465543948
5,UPFC_tse,5-15,-2.119357535515237,79,-2.1859856780255793,MAP_SCADA,35,0.06662814251034233
0,x_tcsc,1-14,-0.107329286458181,80,-0.10518846218144336,MAP_SCADA,35,0.002140824276737646
1,B_svc,2,0.17772680523582715,80,0.17337910879413151,MAP_SCADA,35,0.0043476964416956365
2,UPFC_Vsh,5-15,1.1115344080452432,80,1.107835439290343,MAP_SCADA,35,0.003698968754900278
3,UPFC_tsh,5-15,-0.23749761612930478,80,-0.23742095806497576,MAP_SCADA,35,7.665806432902156e-05
4,UPFC_Vse,5-15,0.05787973421424841,80,0.06165077901426305,MAP_SCADA,35,0.003771044800014639
5,UPFC_tse,5-15,-2.11619148161768,80,-2.1859856780255793,MAP_SCADA,35,0.06979419640789919
0,x_tcsc,1-14,-0.10845470603263258,81,-0.10518846218144336,MAP_SCADA,35,0.0032662438511892183
1,B_svc,2,0.17185062316901872,81,0.17337910879413151,MAP_SCADA,35,0.001528485625112791
2,UPFC_Vsh,5-15,1.1136041315982959,81,1.107835439290343,MAP_SCADA,35,0.005768692307952961
3,UPFC_tsh,5-15,-0.2352518795033683,81,-0.23742095806497576,MAP_SCADA,35,0.0021690785616074737
4,UPFC_Vse,5-15,0.0565316838469432,81,0.06165077901426305,MAP_SCADA,35,0.0051190951673198495
5,UPFC_tse,5-15,-2.121089216774669,81,-2.1859856780255793,MAP_SCADA,35,0.06489646125091042
0,x_tcsc,1-14,-0.10728363738035555,82,-0.10518846218144336,MAP_SCADA,35,0.002095175198912197
1,B_svc,2,0.17660953080738076,82,0.17337910879413151,MAP_SCADA,35,0.0032304220132492456
2,UPFC_Vsh,5-15,1.1133363796913327,82,1.107835439290343,MAP_SCADA,35,0.005500940400989807
3,UPFC_tsh,5-15,-0.23557723587673135,82,-0.23742095806497576,MAP_SCADA,35,0.0018437221882444121
4,UPFC_Vse,5-15,0.057052670988737716,82,0.06165077901426305,MAP_SCADA,35,0.004598108025525335
5,UPFC_tse,5-15,-2.1125245344276045,82,-2.1859856780255793,MAP_SCADA,35,0.07346114359797484
0,x_tcsc,1-14,-0.10704909661563972,83,-0.10518846218144336,MAP_SCADA,35,0.0018606344341963593
1,B_svc,2,0.17439535340915538,83,0.17337910879413151,MAP_SCADA,35,0.0010162446150238647
2,UPFC_Vsh,5-15,1.1138189432401893,83,1.107835439290343,MAP_SCADA,35,0.005983503949846369
3,UPFC_tsh,5-15,-0.23591608576235498,83,-0.23742095806497576,MAP_SCADA,35,0.00150487230262078
4,UPFC_Vse,5-15,0.05755680394915602,83,0.06165077901426305,MAP_SCADA,35,0.004093975065107031
5,UPFC_tse,5-15,-2.1157134403197753,83,-2.1859856780255793,MAP_SCADA,35,0.07027223770580404
0,x_tcsc,1-14,-0.10676170257170853,84,-0.10518846218144336,MAP_SCADA,35,0.001573240390265171
1,B_svc,2,0.17690582416355186,84,0.17337910879413151,MAP_SCADA,35,0.0035267153694203413
2,UPFC_Vsh,5-15,1.1119187557480708,84,1.107835439290343,MAP_SCADA,35,0.004083316457727859
3,UPFC_tsh,5-15,-0.23693835217805137,84,-0.23742095806497576,MAP_SCADA,35,0.0004826058869243921
4,UPFC_Vse,5-15,0.05779647132148402,84,0.06165077901426305,MAP_SCADA,35,0.00385430769277903
5,UPFC_tse,5-15,-2.119832423144779,84,-2.1859856780255793,MAP_SCADA,35,0.06615325488080037
0,x_tcsc,1-14,-0.10433107499372325,85,-0.10518846218144336,MAP_SCADA,35,0.0008573871877201045
1,B_svc,2,0.18503884107302948,85,0.17337910879413151,MAP_SCADA,35,0.011659732278897966
2,UPFC_Vsh,5-15,1.1096490244908552,85,1.107835439290343,MAP_SCADA,35,0.0018135852005123354
3,UPFC_tsh,5-15,-0.23908337904595656,85,-0.23742095806497576,MAP_SCADA,35,0.0016624209809807944
4,UPFC_Vse,5-15,0.057711255599064704,85,0.06165077901426305,MAP_SCADA,35,0.003939523415198348
5,UPFC_tse,5-15,-2.121862773911793,85,-2.1859856780255793,MAP_SCADA,35,0.0641229041137863
0,x_tcsc,1-14,-0.10627085253489142,86,-0.10518846218144336,MAP_SCADA,35,0.001082390353448065
1,B_svc,2,0.177950381895317,86,0.17337910879413151,MAP_SCADA,35,0.004571273101185491
2,UPFC_Vsh,5-15,1.1115180763241355,86,1.107835439290343,MAP_SCADA,35,0.0036826370337925685
3,UPFC_tsh,5-15,-0.23679857101651225,86,-0.23742095806497576,MAP_SCADA,35,0.000622387048463513
4,UPFC_Vse,5-15,0.057956856977195124,86,0.06165077901426305,MAP_SCADA,35,0.0036939220370679274
5,UPFC_tse,5-15,-2.1201205352270294,86,-2.1859856780255793,MAP_SCADA,35,0.06586514279854994
0,x_tcsc,1-14,-0.10651687940064776,87,-0.10518846218144336,MAP_SCADA,35,0.001328417219204403
1,B_svc,2,0.18254309035161495,87,0.17337910879413151,MAP_SCADA,35,0.009163981557483436
2,UPFC_Vsh,5-15,1.1098899213950526,87,1.107835439290343,MAP_SCADA,35,0.0020544821047097095
3,UPFC_tsh,5-15,-0.23761277738038303,87,-0.23742095806497576,MAP_SCADA,35,0.0001918193154072656
4,UPFC_Vse,5-15,0.0574593173937414,87,0.06165077901426305,MAP_SCADA,35,0.0041914616205216484
5,UPFC_tse,5-15,-2.121138093764339,87,-2.1859856780255793,MAP_SCADA,35,0.06484758426124015
0,x_tcsc,1-14,-0.1056307771781821,88,-0.10518846218144336,MAP_SCADA,35,0.0004423149967387463
1,B_svc,2,0.1824884266434068,88,0.17337910879413151,MAP_SCADA,35,0.009109317849275295
2,UPFC_Vsh,5-15,1.1101963057729272,88,1.107835439290343,MAP_SCADA,35,0.0023608664825842673
3,UPFC_tsh,5-15,-0.23763002628571525,88,-0.23742095806497576,MAP_SCADA,35,0.00020906822073948894
4,UPFC_Vse,5-15,0.05706675078108499,88,0.06165077901426305,MAP_SCADA,35,0.004584028233178064
5,UPFC_tse,5-15,-2.1196074179549385,88,-2.1859856780255793,MAP_SCADA,35,0.06637826007064085
0,x_tcsc,1-14,-0.1068650757269267,89,-0.10518846218144336,MAP_SCADA,35,0.0016766135454833464
1,B_svc,2,0.17718067164134646,89,0.17337910879413151,MAP_SCADA,35,0.0038015628472149454
2,UPFC_Vsh,5-15,1.1127660092473064,89,1.107835439290343,MAP_SCADA,35,0.004930569956963504
3,UPFC_tsh,5-15,-0.2373073844773539,89,-0.23742095806497576,MAP_SCADA,35,0.00011357358762187353
4,UPFC_Vse,5-15,0.05689366350326791,89,0.06165077901426305,MAP_SCADA,35,0.004757115510995141
5,UPFC_tse,5-15,-2.117896080173778,89,-2.1859856780255793,MAP_SCADA,35,0.06808959785180146
0,x_tcsc,1-14,-0.10699046471291579,90,-0.10518846218144336,MAP_SCADA,35,0.0018020025314724325
1,B_svc,2,0.17719256344522044,90,0.17337910879413151,MAP_SCADA,35,0.0038134546510889267
2,UPFC_Vsh,5-15,1.109052539356643,90,1.107835439290343,MAP_SCADA,35,0.0012171000663001585
3,UPFC_tsh,5-15,-0.23785065622494828,90,-0.23742095806497576,MAP_SCADA,35,0.0004296981599725136
4,UPFC_Vse,5-15,0.05830466828765745,90,0.06165077901426305,MAP_SCADA,35,0.0033461107266056014
5,UPFC_tse,5-15,-2.120107730975188,90,-2.1859856780255793,MAP_SCADA,35,0.0658779470503914
0,x_tcsc,1-14,-0.10506074381709783,91,-0.10518846218144336,MAP_SCADA,35,0.00012771836434552486
1,B_svc,2,0.18563134723275895,91,0.17337910879413151,MAP_SCADA,35,0.012252238438627439
2,UPFC_Vsh,5-15,1.107344280444785,91,1.107835439290343,MAP_SCADA,35,0.0004911588455578375
3,UPFC_tsh,5-15,-0.24009200989541232,91,-0.23742095806497576,MAP_SCADA,35,0.0026710518304365605
4,UPFC_Vse,5-15,0.05745016323994678,91,0.06165077901426305,MAP_SCADA,35,0.004200615774316269
5,UPFC_tse,5-15,-2.129716491830026,91,-2.1859856780255793,MAP_SCADA,35,0.0562691861955531
0,x_tcsc,1-14,-0.10843316130367997,92,-0.10518846218144336,MAP_SCADA,35,0.0032446991222366134
1,B_svc,2,0.171724517507776,92,0.17337910879413151,MAP_SCADA,35,0.0016545912863555057
2,UPFC_Vsh,5-15,1.1124955617280345,92,1.107835439290343,MAP_SCADA,35,0.0046601224376916495
3,UPFC_tsh,5-15,-0.23592061914407508,92,-0.23742095806497576,MAP_SCADA,35,0.001500338920900679
4,UPFC_Vse,5-15,0.05764937454389893,92,0.06165077901426305,MAP_SCADA,35,0.004001404470364123
5,UPFC_tse,5-15,-2.115887173504994,92,-2.1859856780255793,MAP_SCADA,35,0.07009850452058553
0,x_tcsc,1-14,-0.10527819592613752,93,-0.10518846218144336,MAP_SCADA,35,8.973374469416207e-05
1,B_svc,2,0.18394801974922592,93,0.17337910879413151,MAP_SCADA,35,0.010568910955094407
2,UPFC_Vsh,5-15,1.1121927994121752,93,1.107835439290343,MAP_SCADA,35,0.004357360121832299
3,UPFC_tsh,5-15,-0.23767845269493082,93,-0.23742095806497576,MAP_SCADA,35,0.00025749462995505734
4,UPFC_Vse,5-15,0.05811935876557973,93,0.06165077901426305,MAP_SCADA,35,0.0035314202486833243
5,UPFC_tse,5-15,-2.1160067421541595,93,-2.1859856780255793,MAP_SCADA,35,0.06997893587141979
0,x_tcsc,1-14,-0.10848267666552323,94,-0.10518846218144336,MAP_SCADA,35,0.003294214484079877
1,B_svc,2,0.17129404864009537,94,0.17337910879413151,MAP_SCADA,35,0.0020850601540361446
2,UPFC_Vsh,5-15,1.1113930301542858,94,1.107835439290343,MAP_SCADA,35,0.0035575908639429166
3,UPFC_tsh,5-15,-0.2362084475764398,94,-0.23742095806497576,MAP_SCADA,35,0.0012125104885359617
4,UPFC_Vse,5-15,0.057179680241642564,94,0.06165077901426305,MAP_SCADA,35,0.004471098772620488
5,UPFC_tse,5-15,-2.117519973685605,94,-2.1859856780255793,MAP_SCADA,35,0.06846570433997412
0,x_tcsc,1-14,-0.10609612643226632,95,-0.10518846218144336,MAP_SCADA,35,0.0009076642508229621
1,B_svc,2,0.18034927342603962,95,0.17337910879413151,MAP_SCADA,35,0.00697016463190811
2,UPFC_Vsh,5-15,1.1081572271684876,95,1.107835439290343,MAP_SCADA,35,0.0003217878781447414
3,UPFC_tsh,5-15,-0.23896856849243206,95,-0.23742095806497576,MAP_SCADA,35,0.0015476104274562974
4,UPFC_Vse,5-15,0.05827706701732483,95,0.06165077901426305,MAP_SCADA,35,0.003373711996938221
5,UPFC_tse,5-15,-2.1231450659637763,95,-2.1859856780255793,MAP_SCADA,35,0.06284061206180303
0,x_tcsc,1-14,-0.11072494674634924,96,-0.10518846218144336,MAP_SCADA,35,0.00553648456490588
1,B_svc,2,0.16382259331556495,96,0.17337910879413151,MAP_SCADA,35,0.009556515478566563
2,UPFC_Vsh,5-15,1.1131482719824068,96,1.107835439290343,MAP_SCADA,35,0.005312832692063951
3,UPFC_tsh,5-15,-0.23519080502005715,96,-0.23742095806497576,MAP_SCADA,35,0.002230153044918609
4,UPFC_Vse,5-15,0.057372158170830606,96,0.06165077901426305,MAP_SCADA,35,0.004278620843432446
5,UPFC_tse,5-15,-2.1161767640182254,96,-2.1859856780255793,MAP_SCADA,35,0.0698089140073539
0,x_tcsc,1-14,-0.10717201549915735,97,-0.10518846218144336,MAP_SCADA,35,0.001983553317713993
1,B_svc,2,0.17993119020529763,97,0.17337910879413151,MAP_SCADA,35,0.006552081411166116
2,UPFC_Vsh,5-15,1.1113859768397536,97,1.107835439290343,MAP_SCADA,35,0.003550537549410704
3,UPFC_tsh,5-15,-0.23733175664322106,97,-0.23742095806497576,MAP_SCADA,35,8.92014217546977e-05
4,UPFC_Vse,5-15,0.05756112498967703,97,0.06165077901426305,MAP_SCADA,35,0.004089654024586019
5,UPFC_tse,5-15,-2.1183860517395594,97,-2.1859856780255793,MAP_SCADA,35,0.0675996262860199
0,x_tcsc,1-14,-0.10794320493711781,98,-0.10518846218144336,MAP_SCADA,35,0.002754742755674458
1,B_svc,2,0.17594575429682419,98,0.17337910879413151,MAP_SCADA,35,0.0025666455026926716
2,UPFC_Vsh,5-15,1.1139945785284209,98,1.107835439290343,MAP_SCADA,35,0.006159139238077982
3,UPFC_tsh,5-15,-0.23616473699877685,98,-0.23742095806497576,MAP_SCADA,35,0.0012562210661989093
4,UPFC_Vse,5-15,0.057481413833521275,98,0.06165077901426305,MAP_SCADA,35,0.004169365180741777
5,UPFC_tse,5-15,-2.1167090690392265,98,-2.1859856780255793,MAP_SCADA,35,0.0692766089863528
0,x_tcsc,1-14,-0.10549981687781415,99,-0.10518846218144336,MAP_SCADA,35,0.00031135469637079416
1,B_svc,2,0.18435980766770546,99,0.17337910879413151,MAP_SCADA,35,0.010980698873573946
2,UPFC_Vsh,5-15,1.110605632781286,99,1.107835439290343,MAP_SCADA,35,0.002770193490943207
3,UPFC_tsh,5-15,-0.23879532010179283,99,-0.23742095806497576,MAP_SCADA,35,0.0013743620368170673
4,UPFC_Vse,5-15,0.0585592895290129,99,0.06165077901426305,MAP_SCADA,35,0.0030914894852501484
5,UPFC_tse,5-15,-2.120240844202484,99,-2.1859856780255793,MAP_SCADA,35,0.06574483382309548
0,x_tcsc,1-14,-0.10671143253086024,0,-0.10399206412538203,MAP_SCADA,37,0.0027193684054782064
1,B_svc,2,0.17853734538277877,0,0.17216013355633938,MAP_SCADA,37,0.006377211826439383
2,UPFC_Vsh,5-15,1.1109207789140585,0,1.1087374027816932,MAP_SCADA,37,0.0021833761323653
3,UPFC_tsh,5-15,-0.23731745143979585,0,-0.23835974069306037,MAP_SCADA,37,0.0010422892532645223
4,UPFC_Vse,5-15,0.05763375636709128,0,0.06235649419821321,MAP_SCADA,37,0.004722737831121926
5,UPFC_tse,5-15,-2.121116529035107,0,-2.185360136449756,MAP_SCADA,37,0.06424360741464907
0,x_tcsc,1-14,-0.10884679222871829,1,-0.10399206412538203,MAP_SCADA,37,0.004854728103336259
1,B_svc,2,0.17210654984970408,1,0.17216013355633938,MAP_SCADA,37,5.3583706635301764e-05
2,UPFC_Vsh,5-15,1.1125691339351063,1,1.1087374027816932,MAP_SCADA,37,0.003831731153413065
3,UPFC_tsh,5-15,-0.23614062783557177,1,-0.23835974069306037,MAP_SCADA,37,0.002219112857488603
4,UPFC_Vse,5-15,0.05726992650712081,1,0.06235649419821321,MAP_SCADA,37,0.005086567691092399
5,UPFC_tse,5-15,-2.114605669181904,1,-2.185360136449756,MAP_SCADA,37,0.07075446726785195
0,x_tcsc,1-14,-0.106438597648498,2,-0.10399206412538203,MAP_SCADA,37,0.002446533523115968
1,B_svc,2,0.17900573324605812,2,0.17216013355633938,MAP_SCADA,37,0.006845599689718734
2,UPFC_Vsh,5-15,1.110557377207309,2,1.1087374027816932,MAP_SCADA,37,0.0018199744256157668
3,UPFC_tsh,5-15,-0.23791607483260863,2,-0.23835974069306037,MAP_SCADA,37,0.0004436658604517474
4,UPFC_Vse,5-15,0.05782458523939781,2,0.06235649419821321,MAP_SCADA,37,0.004531908958815396
5,UPFC_tse,5-15,-2.121047690115321,2,-2.185360136449756,MAP_SCADA,37,0.06431244633443534
0,x_tcsc,1-14,-0.1082485724483868,3,-0.10399206412538203,MAP_SCADA,37,0.004256508323004768
1,B_svc,2,0.17084799387894223,3,0.17216013355633938,MAP_SCADA,37,0.001312139677397156
2,UPFC_Vsh,5-15,1.1133073606530108,3,1.1087374027816932,MAP_SCADA,37,0.0045699578713176425
3,UPFC_tsh,5-15,-0.2352148361230751,3,-0.23835974069306037,MAP_SCADA,37,0.003144904569985285
4,UPFC_Vse,5-15,0.05744203276710792,3,0.06235649419821321,MAP_SCADA,37,0.004914461431105285
5,UPFC_tse,5-15,-2.1187469994643453,3,-2.185360136449756,MAP_SCADA,37,0.06661313698541083
0,x_tcsc,1-14,-0.10589216153963375,4,-0.10399206412538203,MAP_SCADA,37,0.0019000974142517196
1,B_svc,2,0.18057721027425636,4,0.17216013355633938,MAP_SCADA,37,0.008417076717916971
2,UPFC_Vsh,5-15,1.1090639373079867,4,1.1087374027816932,MAP_SCADA,37,0.0003265345262934982
3,UPFC_tsh,5-15,-0.23901694259159015,4,-0.23835974069306037,MAP_SCADA,37,0.0006572018985297745
4,UPFC_Vse,5-15,0.057420897493637865,4,0.06235649419821321,MAP_SCADA,37,0.004935596704575343
5,UPFC_tse,5-15,-2.1217880216245173,4,-2.185360136449756,MAP_SCADA,37,0.06357211482523883
0,x_tcsc,1-14,-0.10962718592320896,5,-0.10399206412538203,MAP_SCADA,37,0.0056351217978269225
1,B_svc,2,0.16734710763118957,5,0.17216013355633938,MAP_SCADA,37,0.004813025925149816
2,UPFC_Vsh,5-15,1.113238663056068,5,1.1087374027816932,MAP_SCADA,37,0.004501260274374808
3,UPFC_tsh,5-15,-0.2353712142411416,5,-0.23835974069306037,MAP_SCADA,37,0.0029885264519187715
4,UPFC_Vse,5-15,0.05765870072751411,5,0.06235649419821321,MAP_SCADA,37,0.0046977934706990965
5,UPFC_tse,5-15,-2.116604966915444,5,-2.185360136449756,MAP_SCADA,37,0.06875516953431227
0,x_tcsc,1-14,-0.1072394089863974,6,-0.10399206412538203,MAP_SCADA,37,0.0032473448610153693
1,B_svc,2,0.17505832381110656,6,0.17216013355633938,MAP_SCADA,37,0.0028981902547671745
2,UPFC_Vsh,5-15,1.1134733590139796,6,1.1087374027816932,MAP_SCADA,37,0.004735956232286398
3,UPFC_tsh,5-15,-0.23630289751870623,6,-0.23835974069306037,MAP_SCADA,37,0.002056843174354145
4,UPFC_Vse,5-15,0.057209379708297675,6,0.06235649419821321,MAP_SCADA,37,0.005147114489915533
5,UPFC_tse,5-15,-2.118697070191822,6,-2.185360136449756,MAP_SCADA,37,0.06666306625793395
0,x_tcsc,1-14,-0.106904312225471,7,-0.10399206412538203,MAP_SCADA,37,0.002912248100088971
1,B_svc,2,0.17859066157689701,7,0.17216013355633938,MAP_SCADA,37,0.00643052802055763
2,UPFC_Vsh,5-15,1.1115241542852348,7,1.1087374027816932,MAP_SCADA,37,0.0027867515035415735
3,UPFC_tsh,5-15,-0.23696277691500586,7,-0.23835974069306037,MAP_SCADA,37,0.0013969637780545108
4,UPFC_Vse,5-15,0.05719135020998187,7,0.06235649419821321,MAP_SCADA,37,0.005165143988231341
5,UPFC_tse,5-15,-2.120352712191659,7,-2.185360136449756,MAP_SCADA,37,0.06500742425809714
0,x_tcsc,1-14,-0.10584256465175358,8,-0.10399206412538203,MAP_SCADA,37,0.0018505005263715485
1,B_svc,2,0.17957565213745705,8,0.17216013355633938,MAP_SCADA,37,0.007415518581117664
2,UPFC_Vsh,5-15,1.1114213514564535,8,1.1087374027816932,MAP_SCADA,37,0.0026839486747602948
3,UPFC_tsh,5-15,-0.23804470709609643,8,-0.23835974069306037,MAP_SCADA,37,0.00031503359696394284
4,UPFC_Vse,5-15,0.05767086577863096,8,0.06235649419821321,MAP_SCADA,37,0.004685628419582248
5,UPFC_tse,5-15,-2.1195907835996595,8,-2.185360136449756,MAP_SCADA,37,0.06576935285009666
0,x_tcsc,1-14,-0.10784650785057542,9,-0.10399206412538203,MAP_SCADA,37,0.0038544437251933905
1,B_svc,2,0.17403306430088125,9,0.17216013355633938,MAP_SCADA,37,0.0018729307445418675
2,UPFC_Vsh,5-15,1.1136591443971575,9,1.1087374027816932,MAP_SCADA,37,0.004921741615464326
3,UPFC_tsh,5-15,-0.23540412352425605,9,-0.23835974069306037,MAP_SCADA,37,0.0029556171688043253
4,UPFC_Vse,5-15,0.05764721708836011,9,0.06235649419821321,MAP_SCADA,37,0.004709277109853097
5,UPFC_tse,5-15,-2.1166377891830908,9,-2.185360136449756,MAP_SCADA,37,0.06872234726666537
0,x_tcsc,1-14,-0.10843919964143052,10,-0.10399206412538203,MAP_SCADA,37,0.0044471355160484866
1,B_svc,2,0.1733415956284689,10,0.17216013355633938,MAP_SCADA,37,0.0011814620721295188
2,UPFC_Vsh,5-15,1.1120251269562094,10,1.1087374027816932,MAP_SCADA,37,0.003287724174516171
3,UPFC_tsh,5-15,-0.23596809646704503,10,-0.23835974069306037,MAP_SCADA,37,0.0023916442260153437
4,UPFC_Vse,5-15,0.0564854939523338,10,0.06235649419821321,MAP_SCADA,37,0.005871000245879408
5,UPFC_tse,5-15,-2.1208915776861685,10,-2.185360136449756,MAP_SCADA,37,0.06446855876358759
0,x_tcsc,1-14,-0.10717114851830077,11,-0.10399206412538203,MAP_SCADA,37,0.003179084392918738
1,B_svc,2,0.17747026057926507,11,0.17216013355633938,MAP_SCADA,37,0.005310127022925687
2,UPFC_Vsh,5-15,1.1124363488801543,11,1.1087374027816932,MAP_SCADA,37,0.003698946098461109
3,UPFC_tsh,5-15,-0.23632852993489933,11,-0.23835974069306037,MAP_SCADA,37,0.0020312107581610395
4,UPFC_Vse,5-15,0.05659742194993677,11,0.06235649419821321,MAP_SCADA,37,0.005759072248276438
5,UPFC_tse,5-15,-2.1197408115722536,11,-2.185360136449756,MAP_SCADA,37,0.06561932487750255
0,x_tcsc,1-14,-0.10802946345880032,12,-0.10399206412538203,MAP_SCADA,37,0.00403739933341829
1,B_svc,2,0.17281276942429238,12,0.17216013355633938,MAP_SCADA,37,0.0006526358679529998
2,UPFC_Vsh,5-15,1.1130757120421997,12,1.1087374027816932,MAP_SCADA,37,0.00433830926050649
3,UPFC_tsh,5-15,-0.23632368050223404,12,-0.23835974069306037,MAP_SCADA,37,0.002036060190826333
4,UPFC_Vse,5-15,0.057571961367978236,12,0.06235649419821321,MAP_SCADA,37,0.004784532830234972
5,UPFC_tse,5-15,-2.1157178822797733,12,-2.185360136449756,MAP_SCADA,37,0.06964225416998282
0,x_tcsc,1-14,-0.10570316958983077,13,-0.10399206412538203,MAP_SCADA,37,0.001711105464448734
1,B_svc,2,0.18249973312876458,13,0.17216013355633938,MAP_SCADA,37,0.010339599572425195
2,UPFC_Vsh,5-15,1.1131296050156416,13,1.1087374027816932,MAP_SCADA,37,0.004392202233948428
3,UPFC_tsh,5-15,-0.23783442634788132,13,-0.23835974069306037,MAP_SCADA,37,0.000525314345179051
4,UPFC_Vse,5-15,0.056484936983598154,13,0.06235649419821321,MAP_SCADA,37,0.005871557214615054
5,UPFC_tse,5-15,-2.115261398749947,13,-2.185360136449756,MAP_SCADA,37,0.07009873769980901
0,x_tcsc,1-14,-0.10694923876760283,14,-0.10399206412538203,MAP_SCADA,37,0.0029571746422207973
1,B_svc,2,0.1769041692493913,14,0.17216013355633938,MAP_SCADA,37,0.004744035693051929
2,UPFC_Vsh,5-15,1.1121526642391235,14,1.1087374027816932,MAP_SCADA,37,0.0034152614574303186
3,UPFC_tsh,5-15,-0.2370323619370798,14,-0.23835974069306037,MAP_SCADA,37,0.0013273787559805739
4,UPFC_Vse,5-15,0.057139654468352036,14,0.06235649419821321,MAP_SCADA,37,0.005216839729861172
5,UPFC_tse,5-15,-2.1194773532602125,14,-2.185360136449756,MAP_SCADA,37,0.06588278318954366
0,x_tcsc,1-14,-0.10869855072993599,15,-0.10399206412538203,MAP_SCADA,37,0.004706486604553958
1,B_svc,2,0.1722439116589828,15,0.17216013355633938,MAP_SCADA,37,8.377810264342811e-05
2,UPFC_Vsh,5-15,1.1123269308828758,15,1.1087374027816932,MAP_SCADA,37,0.0035895281011826263
3,UPFC_tsh,5-15,-0.23591736677432862,15,-0.23835974069306037,MAP_SCADA,37,0.002442373918731755
4,UPFC_Vse,5-15,0.05746552861625833,15,0.06235649419821321,MAP_SCADA,37,0.004890965581954877
5,UPFC_tse,5-15,-2.114336762711501,15,-2.185360136449756,MAP_SCADA,37,0.07102337373825529
0,x_tcsc,1-14,-0.10723509198330802,16,-0.10399206412538203,MAP_SCADA,37,0.0032430278579259897
1,B_svc,2,0.17398967179522495,16,0.17216013355633938,MAP_SCADA,37,0.0018295382388855697
2,UPFC_Vsh,5-15,1.1110458587351355,16,1.1087374027816932,MAP_SCADA,37,0.002308455953442312
3,UPFC_tsh,5-15,-0.23700163214610448,16,-0.23835974069306037,MAP_SCADA,37,0.001358108546955894
4,UPFC_Vse,5-15,0.05741412427159274,16,0.06235649419821321,MAP_SCADA,37,0.00494236992662047
5,UPFC_tse,5-15,-2.115454248723215,16,-2.185360136449756,MAP_SCADA,37,0.06990588772654105
0,x_tcsc,1-14,-0.11066622826773613,17,-0.10399206412538203,MAP_SCADA,37,0.006674164142354097
1,B_svc,2,0.17213545326446683,17,0.17216013355633938,MAP_SCADA,37,2.468029187255305e-05
2,UPFC_Vsh,5-15,1.1101691119931705,17,1.1087374027816932,MAP_SCADA,37,0.0014317092114772834
3,UPFC_tsh,5-15,-0.23638238289548702,17,-0.23835974069306037,MAP_SCADA,37,0.0019773577975733536
4,UPFC_Vse,5-15,0.05704571524866088,17,0.06235649419821321,MAP_SCADA,37,0.005310778949552328
5,UPFC_tse,5-15,-2.1255108704267474,17,-2.185360136449756,MAP_SCADA,37,0.059849266023008774
0,x_tcsc,1-14,-0.10647726198792858,18,-0.10399206412538203,MAP_SCADA,37,0.0024851978625465426
1,B_svc,2,0.17890991783106908,18,0.17216013355633938,MAP_SCADA,37,0.006749784274729692
2,UPFC_Vsh,5-15,1.1113916813722353,18,1.1087374027816932,MAP_SCADA,37,0.002654278590542125
3,UPFC_tsh,5-15,-0.23750430204608403,18,-0.23835974069306037,MAP_SCADA,37,0.0008554386469763475
4,UPFC_Vse,5-15,0.0579754917237041,18,0.06235649419821321,MAP_SCADA,37,0.0043810024745091075
5,UPFC_tse,5-15,-2.1210878076752175,18,-2.185360136449756,MAP_SCADA,37,0.06427232877453859
0,x_tcsc,1-14,-0.10880064867843024,19,-0.10399206412538203,MAP_SCADA,37,0.004808584553048209
1,B_svc,2,0.17236500079037237,19,0.17216013355633938,MAP_SCADA,37,0.0002048672340329849
2,UPFC_Vsh,5-15,1.112334763295601,19,1.1087374027816932,MAP_SCADA,37,0.00359736051390791
3,UPFC_tsh,5-15,-0.23575835468156742,19,-0.23835974069306037,MAP_SCADA,37,0.0026013860114929566
4,UPFC_Vse,5-15,0.057420643843725014,19,0.06235649419821321,MAP_SCADA,37,0.004935850354488194
5,UPFC_tse,5-15,-2.1197007787621494,19,-2.185360136449756,MAP_SCADA,37,0.06565935768760678
0,x_tcsc,1-14,-0.10681796471203604,20,-0.10399206412538203,MAP_SCADA,37,0.0028259005866540093
1,B_svc,2,0.17723798368864258,20,0.17216013355633938,MAP_SCADA,37,0.005077850132303191
2,UPFC_Vsh,5-15,1.110328466941185,20,1.1087374027816932,MAP_SCADA,37,0.0015910641594918395
3,UPFC_tsh,5-15,-0.2373060069040069,20,-0.23835974069306037,MAP_SCADA,37,0.0010537337890534626
4,UPFC_Vse,5-15,0.05749209778155573,20,0.06235649419821321,MAP_SCADA,37,0.004864396416657479
5,UPFC_tse,5-15,-2.121057456966522,20,-2.185360136449756,MAP_SCADA,37,0.0643026794832342
0,x_tcsc,1-14,-0.10640127987977131,21,-0.10399206412538203,MAP_SCADA,37,0.0024092157543892795
1,B_svc,2,0.17706400553147694,21,0.17216013355633938,MAP_SCADA,37,0.004903871975137558
2,UPFC_Vsh,5-15,1.1123414247957542,21,1.1087374027816932,MAP_SCADA,37,0.003604022014060959
3,UPFC_tsh,5-15,-0.23706487343632154,21,-0.23835974069306037,MAP_SCADA,37,0.0012948672567388297
4,UPFC_Vse,5-15,0.05804808066265128,21,0.06235649419821321,MAP_SCADA,37,0.004308413535561925
5,UPFC_tse,5-15,-2.1199889860303824,21,-2.185360136449756,MAP_SCADA,37,0.06537115041937369
0,x_tcsc,1-14,-0.1076874287003709,22,-0.10399206412538203,MAP_SCADA,37,0.0036953645749888686
1,B_svc,2,0.17814371796425674,22,0.17216013355633938,MAP_SCADA,37,0.005983584407917353
2,UPFC_Vsh,5-15,1.1100397041732075,22,1.1087374027816932,MAP_SCADA,37,0.0013023013915143267
3,UPFC_tsh,5-15,-0.2373992929814906,22,-0.23835974069306037,MAP_SCADA,37,0.0009604477115697785
4,UPFC_Vse,5-15,0.05746102628000953,22,0.06235649419821321,MAP_SCADA,37,0.00489546791820368
5,UPFC_tse,5-15,-2.1138228571779285,22,-2.185360136449756,MAP_SCADA,37,0.07153727927182763
0,x_tcsc,1-14,-0.11114173205442038,23,-0.10399206412538203,MAP_SCADA,37,0.007149667929038345
1,B_svc,2,0.16571810927908867,23,0.17216013355633938,MAP_SCADA,37,0.006442024277250713
2,UPFC_Vsh,5-15,1.1102913160967147,23,1.1087374027816932,MAP_SCADA,37,0.0015539133150215267
3,UPFC_tsh,5-15,-0.23612314344192717,23,-0.23835974069306037,MAP_SCADA,37,0.0022365972511332044
4,UPFC_Vse,5-15,0.057828980132338344,23,0.06235649419821321,MAP_SCADA,37,0.0045275140658748644
5,UPFC_tse,5-15,-2.11634907225094,23,-2.185360136449756,MAP_SCADA,37,0.0690110641988162
0,x_tcsc,1-14,-0.10707298918273737,24,-0.10399206412538203,MAP_SCADA,37,0.003080925057355341
1,B_svc,2,0.1750844181767696,24,0.17216013355633938,MAP_SCADA,37,0.0029242846204302064
2,UPFC_Vsh,5-15,1.1103383294545885,24,1.1087374027816932,MAP_SCADA,37,0.001600926672895353
3,UPFC_tsh,5-15,-0.2373858961720593,24,-0.23835974069306037,MAP_SCADA,37,0.0009738445210010771
4,UPFC_Vse,5-15,0.05783441093683506,24,0.06235649419821321,MAP_SCADA,37,0.004522083261378151
5,UPFC_tse,5-15,-2.1211963531878606,24,-2.185360136449756,MAP_SCADA,37,0.06416378326189554
0,x_tcsc,1-14,-0.10411209146765889,25,-0.10399206412538203,MAP_SCADA,37,0.00012002734227685441
1,B_svc,2,0.18207388013521508,25,0.17216013355633938,MAP_SCADA,37,0.009913746578875698
2,UPFC_Vsh,5-15,1.1099508617603815,25,1.1087374027816932,MAP_SCADA,37,0.0012134589786882977
3,UPFC_tsh,5-15,-0.23921976991336424,25,-0.23835974069306037,MAP_SCADA,37,0.0008600292203038706
4,UPFC_Vse,5-15,0.057215626624696495,25,0.06235649419821321,MAP_SCADA,37,0.005140867573516714
5,UPFC_tse,5-15,-2.1180417750198264,25,-2.185360136449756,MAP_SCADA,37,0.06731836142992975
0,x_tcsc,1-14,-0.1078001605743693,26,-0.10399206412538203,MAP_SCADA,37,0.003808096448987261
1,B_svc,2,0.17458128190019787,26,0.17216013355633938,MAP_SCADA,37,0.0024211483438584813
2,UPFC_Vsh,5-15,1.113580620074413,26,1.1087374027816932,MAP_SCADA,37,0.004843217292719748
3,UPFC_tsh,5-15,-0.23556159092886747,26,-0.23835974069306037,MAP_SCADA,37,0.002798149764192903
4,UPFC_Vse,5-15,0.05738429904808282,26,0.06235649419821321,MAP_SCADA,37,0.004972195150130386
5,UPFC_tse,5-15,-2.116182058227431,26,-2.185360136449756,MAP_SCADA,37,0.06917807822232502
0,x_tcsc,1-14,-0.10825092537265413,27,-0.10399206412538203,MAP_SCADA,37,0.004258861247272094
1,B_svc,2,0.17430631258970788,27,0.17216013355633938,MAP_SCADA,37,0.0021461790333685005
2,UPFC_Vsh,5-15,1.1114662475697654,27,1.1087374027816932,MAP_SCADA,37,0.0027288447880722266
3,UPFC_tsh,5-15,-0.23746584465815873,27,-0.23835974069306037,MAP_SCADA,37,0.0008938960349016423
4,UPFC_Vse,5-15,0.05788690302737337,27,0.06235649419821321,MAP_SCADA,37,0.004469591170839837
5,UPFC_tse,5-15,-2.118504077446963,27,-2.185360136449756,MAP_SCADA,37,0.06685605900279334
0,x_tcsc,1-14,-0.1062730187523376,28,-0.10399206412538203,MAP_SCADA,37,0.0022809546269555725
1,B_svc,2,0.18103079162220884,28,0.17216013355633938,MAP_SCADA,37,0.008870658065869452
2,UPFC_Vsh,5-15,1.1087301109081895,28,1.1087374027816932,MAP_SCADA,37,7.291873503678659e-06
3,UPFC_tsh,5-15,-0.2389396275716271,28,-0.23835974069306037,MAP_SCADA,37,0.000579886878566721
4,UPFC_Vse,5-15,0.05792850816793582,28,0.06235649419821321,MAP_SCADA,37,0.004427986030277387
5,UPFC_tse,5-15,-2.121591180104046,28,-2.185360136449756,MAP_SCADA,37,0.06376895634571023
0,x_tcsc,1-14,-0.10653628707019851,29,-0.10399206412538203,MAP_SCADA,37,0.002544222944816474
1,B_svc,2,0.17965508087916948,29,0.17216013355633938,MAP_SCADA,37,0.007494947322830098
2,UPFC_Vsh,5-15,1.1106446052036845,29,1.1087374027816932,MAP_SCADA,37,0.001907202421991272
3,UPFC_tsh,5-15,-0.2376731179045099,29,-0.23835974069306037,MAP_SCADA,37,0.0006866227885504728
4,UPFC_Vse,5-15,0.05786677315107843,29,0.06235649419821321,MAP_SCADA,37,0.004489721047134777
5,UPFC_tse,5-15,-2.120222833999159,29,-2.185360136449756,MAP_SCADA,37,0.06513730245059701
0,x_tcsc,1-14,-0.10952997111799802,30,-0.10399206412538203,MAP_SCADA,37,0.005537906992615985
1,B_svc,2,0.16919933850561206,30,0.17216013355633938,MAP_SCADA,37,0.0029607950507273273
2,UPFC_Vsh,5-15,1.1127862661947077,30,1.1087374027816932,MAP_SCADA,37,0.00404886341301447
3,UPFC_tsh,5-15,-0.23534976633179824,30,-0.23835974069306037,MAP_SCADA,37,0.00300997436126213
4,UPFC_Vse,5-15,0.05792238850708715,30,0.06235649419821321,MAP_SCADA,37,0.00443410569112606
5,UPFC_tse,5-15,-2.1164729451535256,30,-2.185360136449756,MAP_SCADA,37,0.06888719129623055
0,x_tcsc,1-14,-0.10715060791579066,31,-0.10399206412538203,MAP_SCADA,37,0.003158543790408627
1,B_svc,2,0.17281241655909546,31,0.17216013355633938,MAP_SCADA,37,0.0006522830027560766
2,UPFC_Vsh,5-15,1.1121750737216747,31,1.1087374027816932,MAP_SCADA,37,0.0034376709399814853
3,UPFC_tsh,5-15,-0.23612890048767649,31,-0.23835974069306037,MAP_SCADA,37,0.0022308402053838883
4,UPFC_Vse,5-15,0.05741113562187503,31,0.06235649419821321,MAP_SCADA,37,0.0049453585763381755
5,UPFC_tse,5-15,-2.118555531744554,31,-2.185360136449756,MAP_SCADA,37,0.06680460470520222
0,x_tcsc,1-14,-0.10738626062904685,32,-0.10399206412538203,MAP_SCADA,37,0.0033941965036648203
1,B_svc,2,0.17330701774645507,32,0.17216013355633938,MAP_SCADA,37,0.0011468841901156879
2,UPFC_Vsh,5-15,1.1120310826835351,32,1.1087374027816932,MAP_SCADA,37,0.0032936799018419283
3,UPFC_tsh,5-15,-0.23617144897870454,32,-0.23835974069306037,MAP_SCADA,37,0.0021882917143558334
4,UPFC_Vse,5-15,0.05687457505896244,32,0.06235649419821321,MAP_SCADA,37,0.0054819191392507655
5,UPFC_tse,5-15,-2.123660023297658,32,-2.185360136449756,MAP_SCADA,37,0.061700113152098
0,x_tcsc,1-14,-0.10693539844775564,33,-0.10399206412538203,MAP_SCADA,37,0.002943334322373606
1,B_svc,2,0.17768917211592447,33,0.17216013355633938,MAP_SCADA,37,0.005529038559585087
2,UPFC_Vsh,5-15,1.1095148249414561,33,1.1087374027816932,MAP_SCADA,37,0.0007774221597629527
3,UPFC_tsh,5-15,-0.2371331944262661,33,-0.23835974069306037,MAP_SCADA,37,0.0012265462667942761
4,UPFC_Vse,5-15,0.05721563919140297,33,0.06235649419821321,MAP_SCADA,37,0.00514085500681024
5,UPFC_tse,5-15,-2.1196271921111913,33,-2.185360136449756,MAP_SCADA,37,0.0657329443385648
0,x_tcsc,1-14,-0.10687992533692643,34,-0.10399206412538203,MAP_SCADA,37,0.0028878612115443986
1,B_svc,2,0.17401309726872008,34,0.17216013355633938,MAP_SCADA,37,0.0018529637123806952
2,UPFC_Vsh,5-15,1.1123769845319478,34,1.1087374027816932,MAP_SCADA,37,0.0036395817502545835
3,UPFC_tsh,5-15,-0.23616750209149165,34,-0.23835974069306037,MAP_SCADA,37,0.0021922386015687245
4,UPFC_Vse,5-15,0.05717751357900006,34,0.06235649419821321,MAP_SCADA,37,0.005178980619213146
5,UPFC_tse,5-15,-2.1212191870108876,34,-2.185360136449756,MAP_SCADA,37,0.0641409494388685
0,x_tcsc,1-14,-0.10736731801715636,35,-0.10399206412538203,MAP_SCADA,37,0.0033752538917743297
1,B_svc,2,0.1743344664120881,35,0.17216013355633938,MAP_SCADA,37,0.002174332855748723
2,UPFC_Vsh,5-15,1.1121640478067782,35,1.1087374027816932,MAP_SCADA,37,0.003426645025085051
3,UPFC_tsh,5-15,-0.23680846597136743,35,-0.23835974069306037,MAP_SCADA,37,0.0015512747216929468
4,UPFC_Vse,5-15,0.057952360550922254,35,0.06235649419821321,MAP_SCADA,37,0.0044041336472909545
5,UPFC_tse,5-15,-2.1169531607381513,35,-2.185360136449756,MAP_SCADA,37,0.06840697571160481
0,x_tcsc,1-14,-0.10815347514458465,36,-0.10399206412538203,MAP_SCADA,37,0.0041614110192026155
1,B_svc,2,0.1710697004082666,36,0.17216013355633938,MAP_SCADA,37,0.001090433148072778
2,UPFC_Vsh,5-15,1.1137240188584057,36,1.1087374027816932,MAP_SCADA,37,0.004986616076712469
3,UPFC_tsh,5-15,-0.2358246848062136,36,-0.23835974069306037,MAP_SCADA,37,0.002535055886846771
4,UPFC_Vse,5-15,0.057245825627543545,36,0.06235649419821321,MAP_SCADA,37,0.005110668570669663
5,UPFC_tse,5-15,-2.1175965349312516,36,-2.185360136449756,MAP_SCADA,37,0.06776360151850458
0,x_tcsc,1-14,-0.10475515592541516,37,-0.10399206412538203,MAP_SCADA,37,0.0007630918000331305
1,B_svc,2,0.18309482267944,37,0.17216013355633938,MAP_SCADA,37,0.01093468912310061
2,UPFC_Vsh,5-15,1.1127906253327882,37,1.1087374027816932,MAP_SCADA,37,0.00405322255109497
3,UPFC_tsh,5-15,-0.23802310460401754,37,-0.23835974069306037,MAP_SCADA,37,0.00033663608904282993
4,UPFC_Vse,5-15,0.057431952367715214,37,0.06235649419821321,MAP_SCADA,37,0.004924541830497994
5,UPFC_tse,5-15,-2.1199405418760775,37,-2.185360136449756,MAP_SCADA,37,0.06541959457367863
0,x_tcsc,1-14,-0.10742269392758334,38,-0.10399206412538203,MAP_SCADA,37,0.00343062980220131
1,B_svc,2,0.1755004971401978,38,0.17216013355633938,MAP_SCADA,37,0.003340363583858419
2,UPFC_Vsh,5-15,1.1130201419013812,38,1.1087374027816932,MAP_SCADA,37,0.004282739119688017
3,UPFC_tsh,5-15,-0.23693363430979963,38,-0.23835974069306037,MAP_SCADA,37,0.001426106383260739
4,UPFC_Vse,5-15,0.057205520786809703,38,0.06235649419821321,MAP_SCADA,37,0.005150973411403505
5,UPFC_tse,5-15,-2.1205146025924075,38,-2.185360136449756,MAP_SCADA,37,0.06484553385734859
0,x_tcsc,1-14,-0.10641915634401529,39,-0.10399206412538203,MAP_SCADA,37,0.002427092218633256
1,B_svc,2,0.17958337075122596,39,0.17216013355633938,MAP_SCADA,37,0.007423237194886578
2,UPFC_Vsh,5-15,1.1118914083314206,39,1.1087374027816932,MAP_SCADA,37,0.0031540055497274455
3,UPFC_tsh,5-15,-0.23774754611117094,39,-0.23835974069306037,MAP_SCADA,37,0.0006121945818894359
4,UPFC_Vse,5-15,0.057058229476306656,39,0.06235649419821321,MAP_SCADA,37,0.005298264721906552
5,UPFC_tse,5-15,-2.120243704132217,39,-2.185360136449756,MAP_SCADA,37,0.06511643231753927
0,x_tcsc,1-14,-0.10714899839915103,40,-0.10399206412538203,MAP_SCADA,37,0.0031569342737689937
1,B_svc,2,0.17792801003384645,40,0.17216013355633938,MAP_SCADA,37,0.005767876477507067
2,UPFC_Vsh,5-15,1.1104977926102153,40,1.1087374027816932,MAP_SCADA,37,0.0017603898285221131
3,UPFC_tsh,5-15,-0.23778322722768935,40,-0.23835974069306037,MAP_SCADA,37,0.0005765134653710202
4,UPFC_Vse,5-15,0.05763455838128357,40,0.06235649419821321,MAP_SCADA,37,0.0047219358169296385
5,UPFC_tse,5-15,-2.121763490823035,40,-2.185360136449756,MAP_SCADA,37,0.06359664562672096
0,x_tcsc,1-14,-0.10747628103650513,41,-0.10399206412538203,MAP_SCADA,37,0.003484216911123092
1,B_svc,2,0.17201780849316667,41,0.17216013355633938,MAP_SCADA,37,0.00014232506317271576
2,UPFC_Vsh,5-15,1.1132964947085866,41,1.1087374027816932,MAP_SCADA,37,0.0045590919268934105
3,UPFC_tsh,5-15,-0.23655377141994835,41,-0.23835974069306037,MAP_SCADA,37,0.0018059692731120236
4,UPFC_Vse,5-15,0.05694790652530009,41,0.06235649419821321,MAP_SCADA,37,0.0054085876729131205
5,UPFC_tse,5-15,-2.115871417344491,41,-2.185360136449756,MAP_SCADA,37,0.06948871910526533
0,x_tcsc,1-14,-0.1081257980000313,42,-0.10399206412538203,MAP_SCADA,37,0.00413373387464927
1,B_svc,2,0.1726483542993937,42,0.17216013355633938,MAP_SCADA,37,0.00048822074305432395
2,UPFC_Vsh,5-15,1.1121568098072536,42,1.1087374027816932,MAP_SCADA,37,0.003419407025560428
3,UPFC_tsh,5-15,-0.23570650257828626,42,-0.23835974069306037,MAP_SCADA,37,0.002653238114774109
4,UPFC_Vse,5-15,0.057391783915916594,42,0.06235649419821321,MAP_SCADA,37,0.004964710282296614
5,UPFC_tse,5-15,-2.1223150055765987,42,-2.185360136449756,MAP_SCADA,37,0.06304513087315744
0,x_tcsc,1-14,-0.10919026678444572,43,-0.10399206412538203,MAP_SCADA,37,0.0051982026590636915
1,B_svc,2,0.17006330659842472,43,0.17216013355633938,MAP_SCADA,37,0.0020968269579146603
2,UPFC_Vsh,5-15,1.1123500259968075,43,1.1087374027816932,MAP_SCADA,37,0.0036126232151143522
3,UPFC_tsh,5-15,-0.23560811988148292,43,-0.23835974069306037,MAP_SCADA,37,0.0027516208115774543
4,UPFC_Vse,5-15,0.057593251453399046,43,0.06235649419821321,MAP_SCADA,37,0.004763242744814163
5,UPFC_tse,5-15,-2.1151039880453184,43,-2.185360136449756,MAP_SCADA,37,0.07025614840443772
0,x_tcsc,1-14,-0.10530229352998717,44,-0.10399206412538203,MAP_SCADA,37,0.0013102294046051371
1,B_svc,2,0.1829660034812352,44,0.17216013355633938,MAP_SCADA,37,0.010805869924895822
2,UPFC_Vsh,5-15,1.109897014642047,44,1.1087374027816932,MAP_SCADA,37,0.0011596118603538486
3,UPFC_tsh,5-15,-0.23859001452834347,44,-0.23835974069306037,MAP_SCADA,37,0.00023027383528309575
4,UPFC_Vse,5-15,0.058221711031435495,44,0.06235649419821321,MAP_SCADA,37,0.004134783166777713
5,UPFC_tse,5-15,-2.116964072987721,44,-2.185360136449756,MAP_SCADA,37,0.06839606346203508
0,x_tcsc,1-14,-0.1069256538871445,45,-0.10399206412538203,MAP_SCADA,37,0.002933589761762473
1,B_svc,2,0.177465266753047,45,0.17216013355633938,MAP_SCADA,37,0.005305133196707612
2,UPFC_Vsh,5-15,1.1114206874199102,45,1.1087374027816932,MAP_SCADA,37,0.0026832846382169873
3,UPFC_tsh,5-15,-0.23689545053861744,45,-0.23835974069306037,MAP_SCADA,37,0.0014642901544429376
4,UPFC_Vse,5-15,0.057539741316308304,45,0.06235649419821321,MAP_SCADA,37,0.004816752881904904
5,UPFC_tse,5-15,-2.1171370386148687,45,-2.185360136449756,MAP_SCADA,37,0.06822309783488745
0,x_tcsc,1-14,-0.10802781666215394,46,-0.10399206412538203,MAP_SCADA,37,0.004035752536771908
1,B_svc,2,0.1738286788546785,46,0.17216013355633938,MAP_SCADA,37,0.0016685452983391247
2,UPFC_Vsh,5-15,1.11293370639085,46,1.1087374027816932,MAP_SCADA,37,0.004196303609156793
3,UPFC_tsh,5-15,-0.236790719974732,46,-0.23835974069306037,MAP_SCADA,37,0.0015690207183283733
4,UPFC_Vse,5-15,0.057103383298049065,46,0.06235649419821321,MAP_SCADA,37,0.005253110900164143
5,UPFC_tse,5-15,-2.1179202109526556,46,-2.185360136449756,MAP_SCADA,37,0.06743992549710054
0,x_tcsc,1-14,-0.10709329858503407,47,-0.10399206412538203,MAP_SCADA,37,0.003101234459652033
1,B_svc,2,0.173253329722418,47,0.17216013355633938,MAP_SCADA,37,0.0010931961660786138
2,UPFC_Vsh,5-15,1.1130769853263658,47,1.1087374027816932,MAP_SCADA,37,0.004339582544672593
3,UPFC_tsh,5-15,-0.23619945386340394,47,-0.23835974069306037,MAP_SCADA,37,0.002160286829656438
4,UPFC_Vse,5-15,0.05764670213138666,47,0.06235649419821321,MAP_SCADA,37,0.004709792066826549
5,UPFC_tse,5-15,-2.1178733164843204,47,-2.185360136449756,MAP_SCADA,37,0.06748681996543571
0,x_tcsc,1-14,-0.10719051328101499,48,-0.10399206412538203,MAP_SCADA,37,0.003198449155632957
1,B_svc,2,0.17618814701774743,48,0.17216013355633938,MAP_SCADA,37,0.004028013461408048
2,UPFC_Vsh,5-15,1.1137388699268482,48,1.1087374027816932,MAP_SCADA,37,0.005001467145155036
3,UPFC_tsh,5-15,-0.23554054106717964,48,-0.23835974069306037,MAP_SCADA,37,0.0028191996258807306
4,UPFC_Vse,5-15,0.05692696717314711,48,0.06235649419821321,MAP_SCADA,37,0.0054295270250660985
5,UPFC_tse,5-15,-2.118333333343752,48,-2.185360136449756,MAP_SCADA,37,0.06702680310600417
0,x_tcsc,1-14,-0.10866601044350763,49,-0.10399206412538203,MAP_SCADA,37,0.004673946318125594
1,B_svc,2,0.1710053873058158,49,0.17216013355633938,MAP_SCADA,37,0.0011547462505235861
2,UPFC_Vsh,5-15,1.1121595017507595,49,1.1087374027816932,MAP_SCADA,37,0.0034220989690663117
3,UPFC_tsh,5-15,-0.2359778989630055,49,-0.23835974069306037,MAP_SCADA,37,0.0023818417300548733
4,UPFC_Vse,5-15,0.05723723522516479,49,0.06235649419821321,MAP_SCADA,37,0.005119258973048421
5,UPFC_tse,5-15,-2.1162183015920553,49,-2.185360136449756,MAP_SCADA,37,0.06914183485770087
0,x_tcsc,1-14,-0.10901937796112277,50,-0.10399206412538203,MAP_SCADA,37,0.005027313835740732
1,B_svc,2,0.16959306694005918,50,0.17216013355633938,MAP_SCADA,37,0.0025670666162802003
2,UPFC_Vsh,5-15,1.1129934283863259,50,1.1087374027816932,MAP_SCADA,37,0.004256025604632674
3,UPFC_tsh,5-15,-0.23572793347299587,50,-0.23835974069306037,MAP_SCADA,37,0.002631807220064508
4,UPFC_Vse,5-15,0.05764673609842407,50,0.06235649419821321,MAP_SCADA,37,0.004709758099789137
5,UPFC_tse,5-15,-2.118481715803393,50,-2.185360136449756,MAP_SCADA,37,0.06687842064636307
0,x_tcsc,1-14,-0.10931226325956275,51,-0.10399206412538203,MAP_SCADA,37,0.00532019913418072
1,B_svc,2,0.16790873900292247,51,0.17216013355633938,MAP_SCADA,37,0.004251394553416915
2,UPFC_Vsh,5-15,1.1126616705910577,51,1.1087374027816932,MAP_SCADA,37,0.003924267809364501
3,UPFC_tsh,5-15,-0.2364188554805837,51,-0.23835974069306037,MAP_SCADA,37,0.0019408852124766784
4,UPFC_Vse,5-15,0.057683554161929884,51,0.06235649419821321,MAP_SCADA,37,0.004672940036283324
5,UPFC_tse,5-15,-2.1187258940414506,51,-2.185360136449756,MAP_SCADA,37,0.06663424240830551
0,x_tcsc,1-14,-0.10695079648572353,52,-0.10399206412538203,MAP_SCADA,37,0.0029587323603414983
1,B_svc,2,0.17765441432496182,52,0.17216013355633938,MAP_SCADA,37,0.005494280768622434
2,UPFC_Vsh,5-15,1.1107767750385993,52,1.1087374027816932,MAP_SCADA,37,0.0020393722569060913
3,UPFC_tsh,5-15,-0.23801910026457151,52,-0.23835974069306037,MAP_SCADA,37,0.00034064042848885867
4,UPFC_Vse,5-15,0.05789410719761008,52,0.06235649419821321,MAP_SCADA,37,0.004462387000603127
5,UPFC_tse,5-15,-2.1180835578894164,52,-2.185360136449756,MAP_SCADA,37,0.06727657856033975
0,x_tcsc,1-14,-0.10579999281105353,53,-0.10399206412538203,MAP_SCADA,37,0.0018079286856714921
1,B_svc,2,0.18205396316733946,53,0.17216013355633938,MAP_SCADA,37,0.009893829611000077
2,UPFC_Vsh,5-15,1.109267996697699,53,1.1087374027816932,MAP_SCADA,37,0.0005305939160058504
3,UPFC_tsh,5-15,-0.23819604051412727,53,-0.23835974069306037,MAP_SCADA,37,0.00016370017893310718
4,UPFC_Vse,5-15,0.05724544595243886,53,0.06235649419821321,MAP_SCADA,37,0.005111048245774345
5,UPFC_tse,5-15,-2.1229365299297847,53,-2.185360136449756,MAP_SCADA,37,0.062423606519971475
0,x_tcsc,1-14,-0.106223577746768,54,-0.10399206412538203,MAP_SCADA,37,0.002231513621385961
1,B_svc,2,0.17719157491400092,54,0.17216013355633938,MAP_SCADA,37,0.005031441357661537
2,UPFC_Vsh,5-15,1.111956043609763,54,1.1087374027816932,MAP_SCADA,37,0.0032186408280698853
3,UPFC_tsh,5-15,-0.2378113739765671,54,-0.23835974069306037,MAP_SCADA,37,0.000548366716493276
4,UPFC_Vse,5-15,0.057130967663296575,54,0.06235649419821321,MAP_SCADA,37,0.005225526534916633
5,UPFC_tse,5-15,-2.12161004485105,54,-2.185360136449756,MAP_SCADA,37,0.06375009159870615
0,x_tcsc,1-14,-0.1048808287150344,55,-0.10399206412538203,MAP_SCADA,37,0.0008887645896523688
1,B_svc,2,0.18023016762748467,55,0.17216013355633938,MAP_SCADA,37,0.008070034071145288
2,UPFC_Vsh,5-15,1.111015522773831,55,1.1087374027816932,MAP_SCADA,37,0.0022781199921377837
3,UPFC_tsh,5-15,-0.2379659931537663,55,-0.23835974069306037,MAP_SCADA,37,0.00039374753929408146
4,UPFC_Vse,5-15,0.05771664330509277,55,0.06235649419821321,MAP_SCADA,37,0.00463985089312044
5,UPFC_tse,5-15,-2.1190069084086782,55,-2.185360136449756,MAP_SCADA,37,0.0663532280410779
0,x_tcsc,1-14,-0.10573173835744157,56,-0.10399206412538203,MAP_SCADA,37,0.0017396742320595349
1,B_svc,2,0.1817970034926586,56,0.17216013355633938,MAP_SCADA,37,0.009636869936319209
2,UPFC_Vsh,5-15,1.111027770285367,56,1.1087374027816932,MAP_SCADA,37,0.0022903675036738402
3,UPFC_tsh,5-15,-0.23812830497551066,56,-0.23835974069306037,MAP_SCADA,37,0.00023143571754971615
4,UPFC_Vse,5-15,0.05736210880287201,56,0.06235649419821321,MAP_SCADA,37,0.004994385395341201
5,UPFC_tse,5-15,-2.1198983441293033,56,-2.185360136449756,MAP_SCADA,37,0.0654617923204528
0,x_tcsc,1-14,-0.10709092763731871,57,-0.10399206412538203,MAP_SCADA,37,0.003098863511936681
1,B_svc,2,0.17484046073839904,57,0.17216013355633938,MAP_SCADA,37,0.0026803271820596553
2,UPFC_Vsh,5-15,1.1133469525661213,57,1.1087374027816932,MAP_SCADA,37,0.004609549784428069
3,UPFC_tsh,5-15,-0.23718555045047204,57,-0.23835974069306037,MAP_SCADA,37,0.00117419024258833
4,UPFC_Vse,5-15,0.057613084439732426,57,0.06235649419821321,MAP_SCADA,37,0.004743409758480782
5,UPFC_tse,5-15,-2.1183658311697195,57,-2.185360136449756,MAP_SCADA,37,0.06699430528003658
0,x_tcsc,1-14,-0.10714063314851686,58,-0.10399206412538203,MAP_SCADA,37,0.0031485690231348312
1,B_svc,2,0.17242772742543125,58,0.17216013355633938,MAP_SCADA,37,0.00026759386909186444
2,UPFC_Vsh,5-15,1.1108335546560917,58,1.1087374027816932,MAP_SCADA,37,0.0020961518743984886
3,UPFC_tsh,5-15,-0.23746284602796666,58,-0.23835974069306037,MAP_SCADA,37,0.0008968946650937115
4,UPFC_Vse,5-15,0.05689107134771026,58,0.06235649419821321,MAP_SCADA,37,0.00546542285050295
5,UPFC_tse,5-15,-2.122073449832775,58,-2.185360136449756,MAP_SCADA,37,0.06328668661698122
0,x_tcsc,1-14,-0.10523444359924194,59,-0.10399206412538203,MAP_SCADA,37,0.0012423794738599114
1,B_svc,2,0.1793597647528677,59,0.17216013355633938,MAP_SCADA,37,0.0071996311965283055
2,UPFC_Vsh,5-15,1.1107857115531186,59,1.1087374027816932,MAP_SCADA,37,0.0020483087714253667
3,UPFC_tsh,5-15,-0.23789177797441755,59,-0.23835974069306037,MAP_SCADA,37,0.0004679627186428281
4,UPFC_Vse,5-15,0.05768282997508247,59,0.06235649419821321,MAP_SCADA,37,0.004673664223130737
5,UPFC_tse,5-15,-2.1181873406560845,59,-2.185360136449756,MAP_SCADA,37,0.06717279579367164
0,x_tcsc,1-14,-0.10945176150756852,60,-0.10399206412538203,MAP_SCADA,37,0.00545969738218649
1,B_svc,2,0.16935793383633752,60,0.17216013355633938,MAP_SCADA,37,0.002802199720001869
2,UPFC_Vsh,5-15,1.1139613169432452,60,1.1087374027816932,MAP_SCADA,37,0.00522391416155199
3,UPFC_tsh,5-15,-0.23566920134996264,60,-0.23835974069306037,MAP_SCADA,37,0.0026905393430977365
4,UPFC_Vse,5-15,0.05720458411055312,60,0.06235649419821321,MAP_SCADA,37,0.00515191008766009
5,UPFC_tse,5-15,-2.1149588358461378,60,-2.185360136449756,MAP_SCADA,37,0.07040130060361838
0,x_tcsc,1-14,-0.10905522365335318,61,-0.10399206412538203,MAP_SCADA,37,0.0050631595279711505
1,B_svc,2,0.1703607647786208,61,0.17216013355633938,MAP_SCADA,37,0.0017993687777185796
2,UPFC_Vsh,5-15,1.1130767083751107,61,1.1087374027816932,MAP_SCADA,37,0.004339305593417553
3,UPFC_tsh,5-15,-0.23544033055215907,61,-0.23835974069306037,MAP_SCADA,37,0.002919410140901302
4,UPFC_Vse,5-15,0.057875494250938325,61,0.06235649419821321,MAP_SCADA,37,0.004480999947274883
5,UPFC_tse,5-15,-2.1204281948282167,61,-2.185360136449756,MAP_SCADA,37,0.06493194162153948
0,x_tcsc,1-14,-0.10733114663304694,62,-0.10399206412538203,MAP_SCADA,37,0.0033390825076649033
1,B_svc,2,0.17367688990675537,62,0.17216013355633938,MAP_SCADA,37,0.001516756350415982
2,UPFC_Vsh,5-15,1.1121862943112313,62,1.1087374027816932,MAP_SCADA,37,0.0034488915295380895
3,UPFC_tsh,5-15,-0.23622970029102125,62,-0.23835974069306037,MAP_SCADA,37,0.002130040402039124
4,UPFC_Vse,5-15,0.057647980839804165,62,0.06235649419821321,MAP_SCADA,37,0.004708513358409043
5,UPFC_tse,5-15,-2.1197384212927988,62,-2.185360136449756,MAP_SCADA,37,0.06562171515695736
0,x_tcsc,1-14,-0.10940497005741741,63,-0.10399206412538203,MAP_SCADA,37,0.005412905932035375
1,B_svc,2,0.1726336661398208,63,0.17216013355633938,MAP_SCADA,37,0.00047353258348142857
2,UPFC_Vsh,5-15,1.1087398307270746,63,1.1087374027816932,MAP_SCADA,37,2.427945381411334e-06
3,UPFC_tsh,5-15,-0.2373871645118825,63,-0.23835974069306037,MAP_SCADA,37,0.000972576181177881
4,UPFC_Vse,5-15,0.05776814794156133,63,0.06235649419821321,MAP_SCADA,37,0.00458834625665188
5,UPFC_tse,5-15,-2.121343863462053,63,-2.185360136449756,MAP_SCADA,37,0.06401627298770318
0,x_tcsc,1-14,-0.1046949546236351,64,-0.10399206412538203,MAP_SCADA,37,0.0007028904982530615
1,B_svc,2,0.183445376860306,64,0.17216013355633938,MAP_SCADA,37,0.011285243303966602
2,UPFC_Vsh,5-15,1.1131989879091804,64,1.1087374027816932,MAP_SCADA,37,0.004461585127487178
3,UPFC_tsh,5-15,-0.23781862115688623,64,-0.23835974069306037,MAP_SCADA,37,0.0005411195361741394
4,UPFC_Vse,5-15,0.05759710799066543,64,0.06235649419821321,MAP_SCADA,37,0.004759386207547775
5,UPFC_tse,5-15,-2.1232312397924127,64,-2.185360136449756,MAP_SCADA,37,0.062128896657343446
0,x_tcsc,1-14,-0.10787113157761462,65,-0.10399206412538203,MAP_SCADA,37,0.0038790674522325846
1,B_svc,2,0.17266875712225543,65,0.17216013355633938,MAP_SCADA,37,0.0005086235659160498
2,UPFC_Vsh,5-15,1.112803249263745,65,1.1087374027816932,MAP_SCADA,37,0.0040658464820517715
3,UPFC_tsh,5-15,-0.23576020759578165,65,-0.23835974069306037,MAP_SCADA,37,0.002599533097278728
4,UPFC_Vse,5-15,0.05738668038712711,65,0.06235649419821321,MAP_SCADA,37,0.004969813811086098
5,UPFC_tse,5-15,-2.117628484366634,65,-2.185360136449756,MAP_SCADA,37,0.06773165208312193
0,x_tcsc,1-14,-0.10607910744277634,66,-0.10399206412538203,MAP_SCADA,37,0.002087043317394302
1,B_svc,2,0.1785011070050042,66,0.17216013355633938,MAP_SCADA,37,0.006340973448664827
2,UPFC_Vsh,5-15,1.1122669093630733,66,1.1087374027816932,MAP_SCADA,37,0.003529506581380071
3,UPFC_tsh,5-15,-0.2376299527673899,66,-0.23835974069306037,MAP_SCADA,37,0.0007297879256704665
4,UPFC_Vse,5-15,0.0580228728162041,66,0.06235649419821321,MAP_SCADA,37,0.004333621382009108
5,UPFC_tse,5-15,-2.11588414783405,66,-2.185360136449756,MAP_SCADA,37,0.06947598861570592
0,x_tcsc,1-14,-0.10464633199777319,67,-0.10399206412538203,MAP_SCADA,37,0.0006542678723911594
1,B_svc,2,0.1819534129198583,67,0.17216013355633938,MAP_SCADA,37,0.009793279363518925
2,UPFC_Vsh,5-15,1.1109878453087363,67,1.1087374027816932,MAP_SCADA,37,0.002250442527043095
3,UPFC_tsh,5-15,-0.23816703002760867,67,-0.23835974069306037,MAP_SCADA,37,0.00019271066545170634
4,UPFC_Vse,5-15,0.0575155112696389,67,0.06235649419821321,MAP_SCADA,37,0.004840982928574308
5,UPFC_tse,5-15,-2.1243584023779603,67,-2.185360136449756,MAP_SCADA,37,0.06100173407179588
0,x_tcsc,1-14,-0.1048884806969986,68,-0.10399206412538203,MAP_SCADA,37,0.0008964165716165706
1,B_svc,2,0.18233020135967012,68,0.17216013355633938,MAP_SCADA,37,0.01017006780333074
2,UPFC_Vsh,5-15,1.1126787375375116,68,1.1087374027816932,MAP_SCADA,37,0.003941334755818371
3,UPFC_tsh,5-15,-0.23729777185293432,68,-0.23835974069306037,MAP_SCADA,37,0.0010619688401260485
4,UPFC_Vse,5-15,0.057497301850630324,68,0.06235649419821321,MAP_SCADA,37,0.004859192347582884
5,UPFC_tse,5-15,-2.117353272936879,68,-2.185360136449756,MAP_SCADA,37,0.06800686351287721
0,x_tcsc,1-14,-0.10890222542618458,69,-0.10399206412538203,MAP_SCADA,37,0.004910161300802546
1,B_svc,2,0.16834420117020463,69,0.17216013355633938,MAP_SCADA,37,0.003815932386134757
2,UPFC_Vsh,5-15,1.1131104914482013,69,1.1087374027816932,MAP_SCADA,37,0.004373088666508096
3,UPFC_tsh,5-15,-0.23620664066360444,69,-0.23835974069306037,MAP_SCADA,37,0.002153100029455929
4,UPFC_Vse,5-15,0.05712520081716381,69,0.06235649419821321,MAP_SCADA,37,0.005231293381049398
5,UPFC_tse,5-15,-2.116181775780159,69,-2.185360136449756,MAP_SCADA,37,0.06917836066959726
0,x_tcsc,1-14,-0.10783954312107445,70,-0.10399206412538203,MAP_SCADA,37,0.003847478995692419
1,B_svc,2,0.1738012616177895,70,0.17216013355633938,MAP_SCADA,37,0.0016411280614501145
2,UPFC_Vsh,5-15,1.109946175601687,70,1.1087374027816932,MAP_SCADA,37,0.0012087728199938752
3,UPFC_tsh,5-15,-0.2370955958356482,70,-0.23835974069306037,MAP_SCADA,37,0.0012641448574121639
4,UPFC_Vse,5-15,0.057627049096513644,70,0.06235649419821321,MAP_SCADA,37,0.004729445101699564
5,UPFC_tse,5-15,-2.1202167991094587,70,-2.185360136449756,MAP_SCADA,37,0.06514333734029742
0,x_tcsc,1-14,-0.10534847168056283,71,-0.10399206412538203,MAP_SCADA,37,0.0013564075551807941
1,B_svc,2,0.17955172099397773,71,0.17216013355633938,MAP_SCADA,37,0.007391587437638347
2,UPFC_Vsh,5-15,1.1117192574047965,71,1.1087374027816932,MAP_SCADA,37,0.002981854623103297
3,UPFC_tsh,5-15,-0.23820653589537907,71,-0.23835974069306037,MAP_SCADA,37,0.00015320479768130002
4,UPFC_Vse,5-15,0.05754757811938391,71,0.06235649419821321,MAP_SCADA,37,0.004808916078829301
5,UPFC_tse,5-15,-2.121658366823909,71,-2.185360136449756,MAP_SCADA,37,0.06370176962584706
0,x_tcsc,1-14,-0.10742294616001442,72,-0.10399206412538203,MAP_SCADA,37,0.0034308820346323904
1,B_svc,2,0.17430469223433764,72,0.17216013355633938,MAP_SCADA,37,0.0021445586779982595
2,UPFC_Vsh,5-15,1.1143541824961813,72,1.1087374027816932,MAP_SCADA,37,0.0056167797144881515
3,UPFC_tsh,5-15,-0.23620451737193204,72,-0.23835974069306037,MAP_SCADA,37,0.00215522332112833
4,UPFC_Vse,5-15,0.0572197988624672,72,0.06235649419821321,MAP_SCADA,37,0.005136695335746011
5,UPFC_tse,5-15,-2.113452791129322,72,-2.185360136449756,MAP_SCADA,37,0.07190734532043397
0,x_tcsc,1-14,-0.10922969344645563,73,-0.10399206412538203,MAP_SCADA,37,0.005237629321073592
1,B_svc,2,0.16525146255622622,73,0.17216013355633938,MAP_SCADA,37,0.006908671000113165
2,UPFC_Vsh,5-15,1.1134568370282656,73,1.1087374027816932,MAP_SCADA,37,0.004719434246572396
3,UPFC_tsh,5-15,-0.2356698992780358,73,-0.23835974069306037,MAP_SCADA,37,0.0026898414150245686
4,UPFC_Vse,5-15,0.05714227536138494,73,0.06235649419821321,MAP_SCADA,37,0.005214218836828266
5,UPFC_tse,5-15,-2.119651091064688,73,-2.185360136449756,MAP_SCADA,37,0.06570904538506817
0,x_tcsc,1-14,-0.10431792148953327,74,-0.10399206412538203,MAP_SCADA,37,0.0003258573641512358
1,B_svc,2,0.1811248064659187,74,0.17216013355633938,MAP_SCADA,37,0.008964672909579308
2,UPFC_Vsh,5-15,1.1099430822379803,74,1.1087374027816932,MAP_SCADA,37,0.0012056794562871342
3,UPFC_tsh,5-15,-0.23852746172805828,74,-0.23835974069306037,MAP_SCADA,37,0.00016772103499790303
4,UPFC_Vse,5-15,0.05784374657307531,74,0.06235649419821321,MAP_SCADA,37,0.004512747625137897
5,UPFC_tse,5-15,-2.121425096913782,74,-2.185360136449756,MAP_SCADA,37,0.06393503953597435
0,x_tcsc,1-14,-0.103353053211812,75,-0.10399206412538203,MAP_SCADA,37,0.0006390109135700345
1,B_svc,2,0.18807150083032478,75,0.17216013355633938,MAP_SCADA,37,0.0159113672739854
2,UPFC_Vsh,5-15,1.1111700606315367,75,1.1087374027816932,MAP_SCADA,37,0.002432657849843478
3,UPFC_tsh,5-15,-0.2388301118941401,75,-0.23835974069306037,MAP_SCADA,37,0.0004703712010797334
4,UPFC_Vse,5-15,0.057665588016663855,75,0.06235649419821321,MAP_SCADA,37,0.004690906181549354
5,UPFC_tse,5-15,-2.123561272171615,75,-2.185360136449756,MAP_SCADA,37,0.061798864278141075
0,x_tcsc,1-14,-0.10893838338128896,76,-0.10399206412538203,MAP_SCADA,37,0.004946319255906925
1,B_svc,2,0.17015960069209635,76,0.17216013355633938,MAP_SCADA,37,0.0020005328642430376
2,UPFC_Vsh,5-15,1.1136347042650967,76,1.1087374027816932,MAP_SCADA,37,0.0048973014834035045
3,UPFC_tsh,5-15,-0.2356088372004739,76,-0.23835974069306037,MAP_SCADA,37,0.0027509034925864706
4,UPFC_Vse,5-15,0.05739174891156154,76,0.06235649419821321,MAP_SCADA,37,0.004964745286651667
5,UPFC_tse,5-15,-2.1131298745475315,76,-2.185360136449756,MAP_SCADA,37,0.07223026190222459
0,x_tcsc,1-14,-0.10677148640328579,77,-0.10399206412538203,MAP_SCADA,37,0.002779422277903759
1,B_svc,2,0.17490146294845868,77,0.17216013355633938,MAP_SCADA,37,0.002741329392119296
2,UPFC_Vsh,5-15,1.1099104962836785,77,1.1087374027816932,MAP_SCADA,37,0.0011730935019853561
3,UPFC_tsh,5-15,-0.2369514487516909,77,-0.23835974069306037,MAP_SCADA,37,0.0014082919413694606
4,UPFC_Vse,5-15,0.05773714951810732,77,0.06235649419821321,MAP_SCADA,37,0.004619344680105886
5,UPFC_tse,5-15,-2.1166647015932987,77,-2.185360136449756,MAP_SCADA,37,0.06869543485645746
0,x_tcsc,1-14,-0.10924023694539466,78,-0.10399206412538203,MAP_SCADA,37,0.005248172820012623
1,B_svc,2,0.17022007529560623,78,0.17216013355633938,MAP_SCADA,37,0.0019400582607331518
2,UPFC_Vsh,5-15,1.1133807467142431,78,1.1087374027816932,MAP_SCADA,37,0.004643343932549948
3,UPFC_tsh,5-15,-0.23596645081338674,78,-0.23835974069306037,MAP_SCADA,37,0.0023932898796736324
4,UPFC_Vse,5-15,0.05711119384068331,78,0.06235649419821321,MAP_SCADA,37,0.005245300357529896
5,UPFC_tse,5-15,-2.118052252316137,78,-2.185360136449756,MAP_SCADA,37,0.06730788413361921
0,x_tcsc,1-14,-0.10743509187356443,79,-0.10399206412538203,MAP_SCADA,37,0.0034430277481823923
1,B_svc,2,0.17324594257769063,79,0.17216013355633938,MAP_SCADA,37,0.0010858090213512472
2,UPFC_Vsh,5-15,1.108719981361768,79,1.1087374027816932,MAP_SCADA,37,1.7421419925112147e-05
3,UPFC_tsh,5-15,-0.23807533379593204,79,-0.23835974069306037,MAP_SCADA,37,0.0002844068971283309
4,UPFC_Vse,5-15,0.05754558435882357,79,0.06235649419821321,MAP_SCADA,37,0.004810909839389636
5,UPFC_tse,5-15,-2.119357535515237,79,-2.185360136449756,MAP_SCADA,37,0.06600260093451915
0,x_tcsc,1-14,-0.107329286458181,80,-0.10399206412538203,MAP_SCADA,37,0.0033372223327989697
1,B_svc,2,0.17772680523582715,80,0.17216013355633938,MAP_SCADA,37,0.005566671679487767
2,UPFC_Vsh,5-15,1.1115344080452432,80,1.1087374027816932,MAP_SCADA,37,0.0027970052635499787
3,UPFC_tsh,5-15,-0.23749761612930478,80,-0.23835974069306037,MAP_SCADA,37,0.0008621245637555897
4,UPFC_Vse,5-15,0.05787973421424841,80,0.06235649419821321,MAP_SCADA,37,0.004476759983964795
5,UPFC_tse,5-15,-2.11619148161768,80,-2.185360136449756,MAP_SCADA,37,0.06916865483207602
0,x_tcsc,1-14,-0.10845470603263258,81,-0.10399206412538203,MAP_SCADA,37,0.004462641907250542
1,B_svc,2,0.17185062316901872,81,0.17216013355633938,MAP_SCADA,37,0.0003095103873206606
2,UPFC_Vsh,5-15,1.1136041315982959,81,1.1087374027816932,MAP_SCADA,37,0.004866728816602661
3,UPFC_tsh,5-15,-0.2352518795033683,81,-0.23835974069306037,MAP_SCADA,37,0.003107861189692085
4,UPFC_Vse,5-15,0.0565316838469432,81,0.06235649419821321,MAP_SCADA,37,0.005824810351270006
5,UPFC_tse,5-15,-2.121089216774669,81,-2.185360136449756,MAP_SCADA,37,0.06427091967508725
0,x_tcsc,1-14,-0.10728363738035555,82,-0.10399206412538203,MAP_SCADA,37,0.0032915732549735205
1,B_svc,2,0.17660953080738076,82,0.17216013355633938,MAP_SCADA,37,0.004449397251041376
2,UPFC_Vsh,5-15,1.1133363796913327,82,1.1087374027816932,MAP_SCADA,37,0.004598976909639507
3,UPFC_tsh,5-15,-0.23557723587673135,82,-0.23835974069306037,MAP_SCADA,37,0.0027825048163290234
4,UPFC_Vse,5-15,0.057052670988737716,82,0.06235649419821321,MAP_SCADA,37,0.005303823209475492
5,UPFC_tse,5-15,-2.1125245344276045,82,-2.185360136449756,MAP_SCADA,37,0.07283560202215167
0,x_tcsc,1-14,-0.10704909661563972,83,-0.10399206412538203,MAP_SCADA,37,0.003057032490257683
1,B_svc,2,0.17439535340915538,83,0.17216013355633938,MAP_SCADA,37,0.002235219852815995
2,UPFC_Vsh,5-15,1.1138189432401893,83,1.1087374027816932,MAP_SCADA,37,0.00508154045849607
3,UPFC_tsh,5-15,-0.23591608576235498,83,-0.23835974069306037,MAP_SCADA,37,0.002443654930705391
4,UPFC_Vse,5-15,0.05755680394915602,83,0.06235649419821321,MAP_SCADA,37,0.004799690249057187
5,UPFC_tse,5-15,-2.1157134403197753,83,-2.185360136449756,MAP_SCADA,37,0.06964669612998087
0,x_tcsc,1-14,-0.10676170257170853,84,-0.10399206412538203,MAP_SCADA,37,0.0027696384463264945
1,B_svc,2,0.17690582416355186,84,0.17216013355633938,MAP_SCADA,37,0.004745690607212472
2,UPFC_Vsh,5-15,1.1119187557480708,84,1.1087374027816932,MAP_SCADA,37,0.0031813529663775597
3,UPFC_tsh,5-15,-0.23693835217805137,84,-0.23835974069306037,MAP_SCADA,37,0.0014213885150090033
4,UPFC_Vse,5-15,0.05779647132148402,84,0.06235649419821321,MAP_SCADA,37,0.004560022876729186
5,UPFC_tse,5-15,-2.119832423144779,84,-2.185360136449756,MAP_SCADA,37,0.0655277133049772
0,x_tcsc,1-14,-0.10433107499372325,85,-0.10399206412538203,MAP_SCADA,37,0.0003390108683412191
1,B_svc,2,0.18503884107302948,85,0.17216013355633938,MAP_SCADA,37,0.012878707516690097
2,UPFC_Vsh,5-15,1.1096490244908552,85,1.1087374027816932,MAP_SCADA,37,0.000911621709162036
3,UPFC_tsh,5-15,-0.23908337904595656,85,-0.23835974069306037,MAP_SCADA,37,0.0007236383528961832
4,UPFC_Vse,5-15,0.057711255599064704,85,0.06235649419821321,MAP_SCADA,37,0.0046452385991485046
5,UPFC_tse,5-15,-2.121862773911793,85,-2.185360136449756,MAP_SCADA,37,0.06349736253796312
0,x_tcsc,1-14,-0.10627085253489142,86,-0.10399206412538203,MAP_SCADA,37,0.0022787884095093885
1,B_svc,2,0.177950381895317,86,0.17216013355633938,MAP_SCADA,37,0.005790248338977622
2,UPFC_Vsh,5-15,1.1115180763241355,86,1.1087374027816932,MAP_SCADA,37,0.002780673542442269
3,UPFC_tsh,5-15,-0.23679857101651225,86,-0.23835974069306037,MAP_SCADA,37,0.0015611696765481242
4,UPFC_Vse,5-15,0.057956856977195124,86,0.06235649419821321,MAP_SCADA,37,0.004399637221018084
5,UPFC_tse,5-15,-2.1201205352270294,86,-2.185360136449756,MAP_SCADA,37,0.06523960122272676
0,x_tcsc,1-14,-0.10651687940064776,87,-0.10399206412538203,MAP_SCADA,37,0.0025248152752657266
1,B_svc,2,0.18254309035161495,87,0.17216013355633938,MAP_SCADA,37,0.010382956795275566
2,UPFC_Vsh,5-15,1.1098899213950526,87,1.1087374027816932,MAP_SCADA,37,0.00115251861335941
3,UPFC_tsh,5-15,-0.23761277738038303,87,-0.23835974069306037,MAP_SCADA,37,0.0007469633126773456
4,UPFC_Vse,5-15,0.0574593173937414,87,0.06235649419821321,MAP_SCADA,37,0.004897176804471805
5,UPFC_tse,5-15,-2.121138093764339,87,-2.185360136449756,MAP_SCADA,37,0.06422204268541698
0,x_tcsc,1-14,-0.1056307771781821,88,-0.10399206412538203,MAP_SCADA,37,0.0016387130528000698
1,B_svc,2,0.1824884266434068,88,0.17216013355633938,MAP_SCADA,37,0.010328293087067425
2,UPFC_Vsh,5-15,1.1101963057729272,88,1.1087374027816932,MAP_SCADA,37,0.001458902991233968
3,UPFC_tsh,5-15,-0.23763002628571525,88,-0.23835974069306037,MAP_SCADA,37,0.0007297144073451223
4,UPFC_Vse,5-15,0.05706675078108499,88,0.06235649419821321,MAP_SCADA,37,0.00528974341712822
5,UPFC_tse,5-15,-2.1196074179549385,88,-2.185360136449756,MAP_SCADA,37,0.06575271849481767
0,x_tcsc,1-14,-0.1068650757269267,89,-0.10399206412538203,MAP_SCADA,37,0.00287301160154467
1,B_svc,2,0.17718067164134646,89,0.17216013355633938,MAP_SCADA,37,0.005020538085007076
2,UPFC_Vsh,5-15,1.1127660092473064,89,1.1087374027816932,MAP_SCADA,37,0.004028606465613205
3,UPFC_tsh,5-15,-0.2373073844773539,89,-0.23835974069306037,MAP_SCADA,37,0.0010523562157064847
4,UPFC_Vse,5-15,0.05689366350326791,89,0.06235649419821321,MAP_SCADA,37,0.005462830694945298
5,UPFC_tse,5-15,-2.117896080173778,89,-2.185360136449756,MAP_SCADA,37,0.06746405627597829
0,x_tcsc,1-14,-0.10699046471291579,90,-0.10399206412538203,MAP_SCADA,37,0.002998400587533756
1,B_svc,2,0.17719256344522044,90,0.17216013355633938,MAP_SCADA,37,0.005032429888881057
2,UPFC_Vsh,5-15,1.109052539356643,90,1.1087374027816932,MAP_SCADA,37,0.00031513657494985914
3,UPFC_tsh,5-15,-0.23785065622494828,90,-0.23835974069306037,MAP_SCADA,37,0.0005090844681120976
4,UPFC_Vse,5-15,0.05830466828765745,90,0.06235649419821321,MAP_SCADA,37,0.004051825910555758
5,UPFC_tse,5-15,-2.120107730975188,90,-2.185360136449756,MAP_SCADA,37,0.06525240547456823
0,x_tcsc,1-14,-0.10506074381709783,91,-0.10399206412538203,MAP_SCADA,37,0.0010686796917157987
1,B_svc,2,0.18563134723275895,91,0.17216013355633938,MAP_SCADA,37,0.013471213676419569
2,UPFC_Vsh,5-15,1.107344280444785,91,1.1087374027816932,MAP_SCADA,37,0.001393122336908137
3,UPFC_tsh,5-15,-0.24009200989541232,91,-0.23835974069306037,MAP_SCADA,37,0.0017322692023519493
4,UPFC_Vse,5-15,0.05745016323994678,91,0.06235649419821321,MAP_SCADA,37,0.004906330958266425
5,UPFC_tse,5-15,-2.129716491830026,91,-2.185360136449756,MAP_SCADA,37,0.055643644619729926
0,x_tcsc,1-14,-0.10843316130367997,92,-0.10399206412538203,MAP_SCADA,37,0.004441097178297937
1,B_svc,2,0.171724517507776,92,0.17216013355633938,MAP_SCADA,37,0.0004356160485633753
2,UPFC_Vsh,5-15,1.1124955617280345,92,1.1087374027816932,MAP_SCADA,37,0.00375815894634135
3,UPFC_tsh,5-15,-0.23592061914407508,92,-0.23835974069306037,MAP_SCADA,37,0.00243912154898529
4,UPFC_Vse,5-15,0.05764937454389893,92,0.06235649419821321,MAP_SCADA,37,0.004707119654314279
5,UPFC_tse,5-15,-2.115887173504994,92,-2.185360136449756,MAP_SCADA,37,0.06947296294476235
0,x_tcsc,1-14,-0.10527819592613752,93,-0.10399206412538203,MAP_SCADA,37,0.0012861318007554856
1,B_svc,2,0.18394801974922592,93,0.17216013355633938,MAP_SCADA,37,0.011787886192886537
2,UPFC_Vsh,5-15,1.1121927994121752,93,1.1087374027816932,MAP_SCADA,37,0.0034553966304819994
3,UPFC_tsh,5-15,-0.23767845269493082,93,-0.23835974069306037,MAP_SCADA,37,0.0006812879981295539
4,UPFC_Vse,5-15,0.05811935876557973,93,0.06235649419821321,MAP_SCADA,37,0.004237135432633481
5,UPFC_tse,5-15,-2.1160067421541595,93,-2.185360136449756,MAP_SCADA,37,0.06935339429559662
0,x_tcsc,1-14,-0.10848267666552323,94,-0.10399206412538203,MAP_SCADA,37,0.004490612540141201
1,B_svc,2,0.17129404864009537,94,0.17216013355633938,MAP_SCADA,37,0.0008660849162440143
2,UPFC_Vsh,5-15,1.1113930301542858,94,1.1087374027816932,MAP_SCADA,37,0.002655627372592617
3,UPFC_tsh,5-15,-0.2362084475764398,94,-0.23835974069306037,MAP_SCADA,37,0.002151293116620573
4,UPFC_Vse,5-15,0.057179680241642564,94,0.06235649419821321,MAP_SCADA,37,0.0051768139565706445
5,UPFC_tse,5-15,-2.117519973685605,94,-2.185360136449756,MAP_SCADA,37,0.06784016276415095
0,x_tcsc,1-14,-0.10609612643226632,95,-0.10399206412538203,MAP_SCADA,37,0.0021040623068842856
1,B_svc,2,0.18034927342603962,95,0.17216013355633938,MAP_SCADA,37,0.00818913986970024
2,UPFC_Vsh,5-15,1.1081572271684876,95,1.1087374027816932,MAP_SCADA,37,0.000580175613205558
3,UPFC_tsh,5-15,-0.23896856849243206,95,-0.23835974069306037,MAP_SCADA,37,0.0006088277993716862
4,UPFC_Vse,5-15,0.05827706701732483,95,0.06235649419821321,MAP_SCADA,37,0.004079427180888377
5,UPFC_tse,5-15,-2.1231450659637763,95,-2.185360136449756,MAP_SCADA,37,0.06221507048597985
0,x_tcsc,1-14,-0.11072494674634924,96,-0.10399206412538203,MAP_SCADA,37,0.006732882620967204
1,B_svc,2,0.16382259331556495,96,0.17216013355633938,MAP_SCADA,37,0.008337540240774433
2,UPFC_Vsh,5-15,1.1131482719824068,96,1.1087374027816932,MAP_SCADA,37,0.004410869200713652
3,UPFC_tsh,5-15,-0.23519080502005715,96,-0.23835974069306037,MAP_SCADA,37,0.0031689356730032203
4,UPFC_Vse,5-15,0.057372158170830606,96,0.06235649419821321,MAP_SCADA,37,0.004984336027382602
5,UPFC_tse,5-15,-2.1161767640182254,96,-2.185360136449756,MAP_SCADA,37,0.06918337243153072
0,x_tcsc,1-14,-0.10717201549915735,97,-0.10399206412538203,MAP_SCADA,37,0.0031799513737753166
1,B_svc,2,0.17993119020529763,97,0.17216013355633938,MAP_SCADA,37,0.007771056648958247
2,UPFC_Vsh,5-15,1.1113859768397536,97,1.1087374027816932,MAP_SCADA,37,0.0026485740580604045
3,UPFC_tsh,5-15,-0.23733175664322106,97,-0.23835974069306037,MAP_SCADA,37,0.001027984049839309
4,UPFC_Vse,5-15,0.05756112498967703,97,0.06235649419821321,MAP_SCADA,37,0.004795369208536175
5,UPFC_tse,5-15,-2.1183860517395594,97,-2.185360136449756,MAP_SCADA,37,0.06697408471019672
0,x_tcsc,1-14,-0.10794320493711781,98,-0.10399206412538203,MAP_SCADA,37,0.003951140811735782
1,B_svc,2,0.17594575429682419,98,0.17216013355633938,MAP_SCADA,37,0.003785620740484802
2,UPFC_Vsh,5-15,1.1139945785284209,98,1.1087374027816932,MAP_SCADA,37,0.0052571757467276825
3,UPFC_tsh,5-15,-0.23616473699877685,98,-0.23835974069306037,MAP_SCADA,37,0.0021950036942835205
4,UPFC_Vse,5-15,0.057481413833521275,98,0.06235649419821321,MAP_SCADA,37,0.004875080364691933
5,UPFC_tse,5-15,-2.1167090690392265,98,-2.185360136449756,MAP_SCADA,37,0.06865106741052962
0,x_tcsc,1-14,-0.10549981687781415,99,-0.10399206412538203,MAP_SCADA,37,0.0015077527524321177
1,B_svc,2,0.18435980766770546,99,0.17216013355633938,MAP_SCADA,37,0.012199674111366077
2,UPFC_Vsh,5-15,1.110605632781286,99,1.1087374027816932,MAP_SCADA,37,0.0018682299995929075
3,UPFC_tsh,5-15,-0.23879532010179283,99,-0.23835974069306037,MAP_SCADA,37,0.00043557940873245604
4,UPFC_Vse,5-15,0.0585592895290129,99,0.06235649419821321,MAP_SCADA,37,0.0037972046692003047
5,UPFC_tse,5-15,-2.120240844202484,99,-2.185360136449756,MAP_SCADA,37,0.06511929224727231
0,x_tcsc,1-14,-0.10671143253086024,0,-0.10282084727769869,MAP_SCADA,39,0.0038905852531615492
1,B_svc,2,0.17853734538277877,0,0.17063268182808,MAP_SCADA,39,0.007904663554698765
2,UPFC_Vsh,5-15,1.1109207789140585,0,1.1083919092205516,MAP_SCADA,39,0.002528869693506852
3,UPFC_tsh,5-15,-0.23731745143979585,0,-0.23894186672585602,MAP_SCADA,39,0.0016244152860601657
4,UPFC_Vse,5-15,0.05763375636709128,0,0.06353665562006047,MAP_SCADA,39,0.00590289925296919
5,UPFC_tse,5-15,-2.121116529035107,0,-2.1957153499703965,MAP_SCADA,39,0.07459882093528947
0,x_tcsc,1-14,-0.10884679222871829,1,-0.10282084727769869,MAP_SCADA,39,0.006025944951019602
1,B_svc,2,0.17210654984970408,1,0.17063268182808,MAP_SCADA,39,0.0014738680216240807
2,UPFC_Vsh,5-15,1.1125691339351063,1,1.1083919092205516,MAP_SCADA,39,0.004177224714554617
3,UPFC_tsh,5-15,-0.23614062783557177,1,-0.23894186672585602,MAP_SCADA,39,0.0028012388902842467
4,UPFC_Vse,5-15,0.05726992650712081,1,0.06353665562006047,MAP_SCADA,39,0.006266729112939663
5,UPFC_tse,5-15,-2.114605669181904,1,-2.1957153499703965,MAP_SCADA,39,0.08110968078849234
0,x_tcsc,1-14,-0.106438597648498,2,-0.10282084727769869,MAP_SCADA,39,0.003617750370799311
1,B_svc,2,0.17900573324605812,2,0.17063268182808,MAP_SCADA,39,0.008373051417978117
2,UPFC_Vsh,5-15,1.110557377207309,2,1.1083919092205516,MAP_SCADA,39,0.002165467986757319
3,UPFC_tsh,5-15,-0.23791607483260863,2,-0.23894186672585602,MAP_SCADA,39,0.0010257918932473908
4,UPFC_Vse,5-15,0.05782458523939781,2,0.06353665562006047,MAP_SCADA,39,0.005712070380662661
5,UPFC_tse,5-15,-2.121047690115321,2,-2.1957153499703965,MAP_SCADA,39,0.07466765985507573
0,x_tcsc,1-14,-0.1082485724483868,3,-0.10282084727769869,MAP_SCADA,39,0.005427725170688111
1,B_svc,2,0.17084799387894223,3,0.17063268182808,MAP_SCADA,39,0.00021531205086222638
2,UPFC_Vsh,5-15,1.1133073606530108,3,1.1083919092205516,MAP_SCADA,39,0.004915451432459195
3,UPFC_tsh,5-15,-0.2352148361230751,3,-0.23894186672585602,MAP_SCADA,39,0.0037270306027809286
4,UPFC_Vse,5-15,0.05744203276710792,3,0.06353665562006047,MAP_SCADA,39,0.00609462285295255
5,UPFC_tse,5-15,-2.1187469994643453,3,-2.1957153499703965,MAP_SCADA,39,0.07696835050605122
0,x_tcsc,1-14,-0.10589216153963375,4,-0.10282084727769869,MAP_SCADA,39,0.0030713142619350625
1,B_svc,2,0.18057721027425636,4,0.17063268182808,MAP_SCADA,39,0.009944528446176354
2,UPFC_Vsh,5-15,1.1090639373079867,4,1.1083919092205516,MAP_SCADA,39,0.0006720280874350504
3,UPFC_tsh,5-15,-0.23901694259159015,4,-0.23894186672585602,MAP_SCADA,39,7.507586573413105e-05
4,UPFC_Vse,5-15,0.057420897493637865,4,0.06353665562006047,MAP_SCADA,39,0.006115758126422607
5,UPFC_tse,5-15,-2.1217880216245173,4,-2.1957153499703965,MAP_SCADA,39,0.07392732834587923
0,x_tcsc,1-14,-0.10962718592320896,5,-0.10282084727769869,MAP_SCADA,39,0.006806338645510265
1,B_svc,2,0.16734710763118957,5,0.17063268182808,MAP_SCADA,39,0.003285574196890434
2,UPFC_Vsh,5-15,1.113238663056068,5,1.1083919092205516,MAP_SCADA,39,0.00484675383551636
3,UPFC_tsh,5-15,-0.2353712142411416,5,-0.23894186672585602,MAP_SCADA,39,0.003570652484714415
4,UPFC_Vse,5-15,0.05765870072751411,5,0.06353665562006047,MAP_SCADA,39,0.005877954892546361
5,UPFC_tse,5-15,-2.116604966915444,5,-2.1957153499703965,MAP_SCADA,39,0.07911038305495266
0,x_tcsc,1-14,-0.1072394089863974,6,-0.10282084727769869,MAP_SCADA,39,0.004418561708698712
1,B_svc,2,0.17505832381110656,6,0.17063268182808,MAP_SCADA,39,0.004425641983026557
2,UPFC_Vsh,5-15,1.1134733590139796,6,1.1083919092205516,MAP_SCADA,39,0.00508144979342795
3,UPFC_tsh,5-15,-0.23630289751870623,6,-0.23894186672585602,MAP_SCADA,39,0.0026389692071497883
4,UPFC_Vse,5-15,0.057209379708297675,6,0.06353665562006047,MAP_SCADA,39,0.0063272759117627975
5,UPFC_tse,5-15,-2.118697070191822,6,-2.1957153499703965,MAP_SCADA,39,0.07701827977857434
0,x_tcsc,1-14,-0.106904312225471,7,-0.10282084727769869,MAP_SCADA,39,0.004083464947772314
1,B_svc,2,0.17859066157689701,7,0.17063268182808,MAP_SCADA,39,0.007957979748817012
2,UPFC_Vsh,5-15,1.1115241542852348,7,1.1083919092205516,MAP_SCADA,39,0.0031322450646831257
3,UPFC_tsh,5-15,-0.23696277691500586,7,-0.23894186672585602,MAP_SCADA,39,0.0019790898108501542
4,UPFC_Vse,5-15,0.05719135020998187,7,0.06353665562006047,MAP_SCADA,39,0.0063453054100786055
5,UPFC_tse,5-15,-2.120352712191659,7,-2.1957153499703965,MAP_SCADA,39,0.07536263777873753
0,x_tcsc,1-14,-0.10584256465175358,8,-0.10282084727769869,MAP_SCADA,39,0.0030217173740548914
1,B_svc,2,0.17957565213745705,8,0.17063268182808,MAP_SCADA,39,0.008942970309377046
2,UPFC_Vsh,5-15,1.1114213514564535,8,1.1083919092205516,MAP_SCADA,39,0.003029442235901847
3,UPFC_tsh,5-15,-0.23804470709609643,8,-0.23894186672585602,MAP_SCADA,39,0.0008971596297595863
4,UPFC_Vse,5-15,0.05767086577863096,8,0.06353665562006047,MAP_SCADA,39,0.005865789841429513
5,UPFC_tse,5-15,-2.1195907835996595,8,-2.1957153499703965,MAP_SCADA,39,0.07612456637073706
0,x_tcsc,1-14,-0.10784650785057542,9,-0.10282084727769869,MAP_SCADA,39,0.005025660572876733
1,B_svc,2,0.17403306430088125,9,0.17063268182808,MAP_SCADA,39,0.00340038247280125
2,UPFC_Vsh,5-15,1.1136591443971575,9,1.1083919092205516,MAP_SCADA,39,0.005267235176605878
3,UPFC_tsh,5-15,-0.23540412352425605,9,-0.23894186672585602,MAP_SCADA,39,0.003537743201599969
4,UPFC_Vse,5-15,0.05764721708836011,9,0.06353665562006047,MAP_SCADA,39,0.005889438531700361
5,UPFC_tse,5-15,-2.1166377891830908,9,-2.1957153499703965,MAP_SCADA,39,0.07907756078730577
0,x_tcsc,1-14,-0.10843919964143052,10,-0.10282084727769869,MAP_SCADA,39,0.0056183523637318294
1,B_svc,2,0.1733415956284689,10,0.17063268182808,MAP_SCADA,39,0.0027089138003889013
2,UPFC_Vsh,5-15,1.1120251269562094,10,1.1083919092205516,MAP_SCADA,39,0.0036332177356577233
3,UPFC_tsh,5-15,-0.23596809646704503,10,-0.23894186672585602,MAP_SCADA,39,0.002973770258810987
4,UPFC_Vse,5-15,0.0564854939523338,10,0.06353665562006047,MAP_SCADA,39,0.007051161667726673
5,UPFC_tse,5-15,-2.1208915776861685,10,-2.1957153499703965,MAP_SCADA,39,0.07482377228422799
0,x_tcsc,1-14,-0.10717114851830077,11,-0.10282084727769869,MAP_SCADA,39,0.004350301240602081
1,B_svc,2,0.17747026057926507,11,0.17063268182808,MAP_SCADA,39,0.006837578751185069
2,UPFC_Vsh,5-15,1.1124363488801543,11,1.1083919092205516,MAP_SCADA,39,0.004044439659602661
3,UPFC_tsh,5-15,-0.23632852993489933,11,-0.23894186672585602,MAP_SCADA,39,0.002613336790956683
4,UPFC_Vse,5-15,0.05659742194993677,11,0.06353665562006047,MAP_SCADA,39,0.006939233670123703
5,UPFC_tse,5-15,-2.1197408115722536,11,-2.1957153499703965,MAP_SCADA,39,0.07597453839814294
0,x_tcsc,1-14,-0.10802946345880032,12,-0.10282084727769869,MAP_SCADA,39,0.005208616181101633
1,B_svc,2,0.17281276942429238,12,0.17063268182808,MAP_SCADA,39,0.0021800875962123822
2,UPFC_Vsh,5-15,1.1130757120421997,12,1.1083919092205516,MAP_SCADA,39,0.004683802821648042
3,UPFC_tsh,5-15,-0.23632368050223404,12,-0.23894186672585602,MAP_SCADA,39,0.0026181862236219766
4,UPFC_Vse,5-15,0.057571961367978236,12,0.06353665562006047,MAP_SCADA,39,0.005964694252082237
5,UPFC_tse,5-15,-2.1157178822797733,12,-2.1957153499703965,MAP_SCADA,39,0.07999746769062321
0,x_tcsc,1-14,-0.10570316958983077,13,-0.10282084727769869,MAP_SCADA,39,0.002882322312132077
1,B_svc,2,0.18249973312876458,13,0.17063268182808,MAP_SCADA,39,0.011867051300684578
2,UPFC_Vsh,5-15,1.1131296050156416,13,1.1083919092205516,MAP_SCADA,39,0.00473769579508998
3,UPFC_tsh,5-15,-0.23783442634788132,13,-0.23894186672585602,MAP_SCADA,39,0.0011074403779746944
4,UPFC_Vse,5-15,0.056484936983598154,13,0.06353665562006047,MAP_SCADA,39,0.007051718636462319
5,UPFC_tse,5-15,-2.115261398749947,13,-2.1957153499703965,MAP_SCADA,39,0.0804539512204494
0,x_tcsc,1-14,-0.10694923876760283,14,-0.10282084727769869,MAP_SCADA,39,0.00412839148990414
1,B_svc,2,0.1769041692493913,14,0.17063268182808,MAP_SCADA,39,0.006271487421311311
2,UPFC_Vsh,5-15,1.1121526642391235,14,1.1083919092205516,MAP_SCADA,39,0.0037607550185718708
3,UPFC_tsh,5-15,-0.2370323619370798,14,-0.23894186672585602,MAP_SCADA,39,0.0019095047887762173
4,UPFC_Vse,5-15,0.057139654468352036,14,0.06353665562006047,MAP_SCADA,39,0.006397001151708437
5,UPFC_tse,5-15,-2.1194773532602125,14,-2.1957153499703965,MAP_SCADA,39,0.07623799671018405
0,x_tcsc,1-14,-0.10869855072993599,15,-0.10282084727769869,MAP_SCADA,39,0.005877703452237301
1,B_svc,2,0.1722439116589828,15,0.17063268182808,MAP_SCADA,39,0.0016112298309028106
2,UPFC_Vsh,5-15,1.1123269308828758,15,1.1083919092205516,MAP_SCADA,39,0.0039350216623241785
3,UPFC_tsh,5-15,-0.23591736677432862,15,-0.23894186672585602,MAP_SCADA,39,0.0030244999515273985
4,UPFC_Vse,5-15,0.05746552861625833,15,0.06353665562006047,MAP_SCADA,39,0.006071127003802142
5,UPFC_tse,5-15,-2.114336762711501,15,-2.1957153499703965,MAP_SCADA,39,0.08137858725889568
0,x_tcsc,1-14,-0.10723509198330802,16,-0.10282084727769869,MAP_SCADA,39,0.004414244705609333
1,B_svc,2,0.17398967179522495,16,0.17063268182808,MAP_SCADA,39,0.003356989967144952
2,UPFC_Vsh,5-15,1.1110458587351355,16,1.1083919092205516,MAP_SCADA,39,0.0026539495145838643
3,UPFC_tsh,5-15,-0.23700163214610448,16,-0.23894186672585602,MAP_SCADA,39,0.0019402345797515375
4,UPFC_Vse,5-15,0.05741412427159274,16,0.06353665562006047,MAP_SCADA,39,0.006122531348467734
5,UPFC_tse,5-15,-2.115454248723215,16,-2.1957153499703965,MAP_SCADA,39,0.08026110124718144
0,x_tcsc,1-14,-0.11066622826773613,17,-0.10282084727769869,MAP_SCADA,39,0.00784538099003744
1,B_svc,2,0.17213545326446683,17,0.17063268182808,MAP_SCADA,39,0.0015027714363868294
2,UPFC_Vsh,5-15,1.1101691119931705,17,1.1083919092205516,MAP_SCADA,39,0.0017772027726188355
3,UPFC_tsh,5-15,-0.23638238289548702,17,-0.23894186672585602,MAP_SCADA,39,0.002559483830368997
4,UPFC_Vse,5-15,0.05704571524866088,17,0.06353665562006047,MAP_SCADA,39,0.006490940371399592
5,UPFC_tse,5-15,-2.1255108704267474,17,-2.1957153499703965,MAP_SCADA,39,0.07020447954364917
0,x_tcsc,1-14,-0.10647726198792858,18,-0.10282084727769869,MAP_SCADA,39,0.0036564147102298855
1,B_svc,2,0.17890991783106908,18,0.17063268182808,MAP_SCADA,39,0.008277236002989075
2,UPFC_Vsh,5-15,1.1113916813722353,18,1.1083919092205516,MAP_SCADA,39,0.0029997721516836773
3,UPFC_tsh,5-15,-0.23750430204608403,18,-0.23894186672585602,MAP_SCADA,39,0.001437564679771991
4,UPFC_Vse,5-15,0.0579754917237041,18,0.06353665562006047,MAP_SCADA,39,0.005561163896356372
5,UPFC_tse,5-15,-2.1210878076752175,18,-2.1957153499703965,MAP_SCADA,39,0.07462754229517898
0,x_tcsc,1-14,-0.10880064867843024,19,-0.10282084727769869,MAP_SCADA,39,0.005979801400731552
1,B_svc,2,0.17236500079037237,19,0.17063268182808,MAP_SCADA,39,0.0017323189622923674
2,UPFC_Vsh,5-15,1.112334763295601,19,1.1083919092205516,MAP_SCADA,39,0.003942854075049462
3,UPFC_tsh,5-15,-0.23575835468156742,19,-0.23894186672585602,MAP_SCADA,39,0.0031835120442886
4,UPFC_Vse,5-15,0.057420643843725014,19,0.06353665562006047,MAP_SCADA,39,0.006116011776335459
5,UPFC_tse,5-15,-2.1197007787621494,19,-2.1957153499703965,MAP_SCADA,39,0.07601457120824717
0,x_tcsc,1-14,-0.10681796471203604,20,-0.10282084727769869,MAP_SCADA,39,0.003997117434337352
1,B_svc,2,0.17723798368864258,20,0.17063268182808,MAP_SCADA,39,0.0066053018605625735
2,UPFC_Vsh,5-15,1.110328466941185,20,1.1083919092205516,MAP_SCADA,39,0.0019365577206333917
3,UPFC_tsh,5-15,-0.2373060069040069,20,-0.23894186672585602,MAP_SCADA,39,0.001635859821849106
4,UPFC_Vse,5-15,0.05749209778155573,20,0.06353665562006047,MAP_SCADA,39,0.006044557838504744
5,UPFC_tse,5-15,-2.121057456966522,20,-2.1957153499703965,MAP_SCADA,39,0.0746578930038746
0,x_tcsc,1-14,-0.10640127987977131,21,-0.10282084727769869,MAP_SCADA,39,0.0035804326020726224
1,B_svc,2,0.17706400553147694,21,0.17063268182808,MAP_SCADA,39,0.006431323703396941
2,UPFC_Vsh,5-15,1.1123414247957542,21,1.1083919092205516,MAP_SCADA,39,0.003949515575202511
3,UPFC_tsh,5-15,-0.23706487343632154,21,-0.23894186672585602,MAP_SCADA,39,0.0018769932895344732
4,UPFC_Vse,5-15,0.05804808066265128,21,0.06353665562006047,MAP_SCADA,39,0.00548857495740919
5,UPFC_tse,5-15,-2.1199889860303824,21,-2.1957153499703965,MAP_SCADA,39,0.07572636394001409
0,x_tcsc,1-14,-0.1076874287003709,22,-0.10282084727769869,MAP_SCADA,39,0.0048665814226722115
1,B_svc,2,0.17814371796425674,22,0.17063268182808,MAP_SCADA,39,0.007511036136176735
2,UPFC_Vsh,5-15,1.1100397041732075,22,1.1083919092205516,MAP_SCADA,39,0.0016477949526558788
3,UPFC_tsh,5-15,-0.2373992929814906,22,-0.23894186672585602,MAP_SCADA,39,0.001542573744365422
4,UPFC_Vse,5-15,0.05746102628000953,22,0.06353665562006047,MAP_SCADA,39,0.006075629340050945
5,UPFC_tse,5-15,-2.1138228571779285,22,-2.1957153499703965,MAP_SCADA,39,0.08189249279246802
0,x_tcsc,1-14,-0.11114173205442038,23,-0.10282084727769869,MAP_SCADA,39,0.008320884776721688
1,B_svc,2,0.16571810927908867,23,0.17063268182808,MAP_SCADA,39,0.0049145725489913306
2,UPFC_Vsh,5-15,1.1102913160967147,23,1.1083919092205516,MAP_SCADA,39,0.001899406876163079
3,UPFC_tsh,5-15,-0.23612314344192717,23,-0.23894186672585602,MAP_SCADA,39,0.002818723283928848
4,UPFC_Vse,5-15,0.057828980132338344,23,0.06353665562006047,MAP_SCADA,39,0.005707675487722129
5,UPFC_tse,5-15,-2.11634907225094,23,-2.1957153499703965,MAP_SCADA,39,0.07936627771945659
0,x_tcsc,1-14,-0.10707298918273737,24,-0.10282084727769869,MAP_SCADA,39,0.004252141905038684
1,B_svc,2,0.1750844181767696,24,0.17063268182808,MAP_SCADA,39,0.004451736348689589
2,UPFC_Vsh,5-15,1.1103383294545885,24,1.1083919092205516,MAP_SCADA,39,0.0019464202340369052
3,UPFC_tsh,5-15,-0.2373858961720593,24,-0.23894186672585602,MAP_SCADA,39,0.0015559705537967206
4,UPFC_Vse,5-15,0.05783441093683506,24,0.06353665562006047,MAP_SCADA,39,0.005702244683225416
5,UPFC_tse,5-15,-2.1211963531878606,24,-2.1957153499703965,MAP_SCADA,39,0.07451899678253593
0,x_tcsc,1-14,-0.10411209146765889,25,-0.10282084727769869,MAP_SCADA,39,0.0012912441899601973
1,B_svc,2,0.18207388013521508,25,0.17063268182808,MAP_SCADA,39,0.011441198307135081
2,UPFC_Vsh,5-15,1.1099508617603815,25,1.1083919092205516,MAP_SCADA,39,0.0015589525398298498
3,UPFC_tsh,5-15,-0.23921976991336424,25,-0.23894186672585602,MAP_SCADA,39,0.0002779031875082272
4,UPFC_Vse,5-15,0.057215626624696495,25,0.06353665562006047,MAP_SCADA,39,0.006321028995363978
5,UPFC_tse,5-15,-2.1180417750198264,25,-2.1957153499703965,MAP_SCADA,39,0.07767357495057015
0,x_tcsc,1-14,-0.1078001605743693,26,-0.10282084727769869,MAP_SCADA,39,0.004979313296670604
1,B_svc,2,0.17458128190019787,26,0.17063268182808,MAP_SCADA,39,0.003948600072117864
2,UPFC_Vsh,5-15,1.113580620074413,26,1.1083919092205516,MAP_SCADA,39,0.0051887108538613
3,UPFC_tsh,5-15,-0.23556159092886747,26,-0.23894186672585602,MAP_SCADA,39,0.0033802757969885466
4,UPFC_Vse,5-15,0.05738429904808282,26,0.06353665562006047,MAP_SCADA,39,0.0061523565719776505
5,UPFC_tse,5-15,-2.116182058227431,26,-2.1957153499703965,MAP_SCADA,39,0.07953329174296542
0,x_tcsc,1-14,-0.10825092537265413,27,-0.10282084727769869,MAP_SCADA,39,0.005430078094955437
1,B_svc,2,0.17430631258970788,27,0.17063268182808,MAP_SCADA,39,0.003673630761627883
2,UPFC_Vsh,5-15,1.1114662475697654,27,1.1083919092205516,MAP_SCADA,39,0.003074338349213779
3,UPFC_tsh,5-15,-0.23746584465815873,27,-0.23894186672585602,MAP_SCADA,39,0.0014760220676972857
4,UPFC_Vse,5-15,0.05788690302737337,27,0.06353665562006047,MAP_SCADA,39,0.005649752592687102
5,UPFC_tse,5-15,-2.118504077446963,27,-2.1957153499703965,MAP_SCADA,39,0.07721127252343374
0,x_tcsc,1-14,-0.1062730187523376,28,-0.10282084727769869,MAP_SCADA,39,0.0034521714746389154
1,B_svc,2,0.18103079162220884,28,0.17063268182808,MAP_SCADA,39,0.010398109794128835
2,UPFC_Vsh,5-15,1.1087301109081895,28,1.1083919092205516,MAP_SCADA,39,0.0003382016876378735
3,UPFC_tsh,5-15,-0.2389396275716271,28,-0.23894186672585602,MAP_SCADA,39,2.239154228922402e-06
4,UPFC_Vse,5-15,0.05792850816793582,28,0.06353665562006047,MAP_SCADA,39,0.005608147452124651
5,UPFC_tse,5-15,-2.121591180104046,28,-2.1957153499703965,MAP_SCADA,39,0.07412416986635062
0,x_tcsc,1-14,-0.10653628707019851,29,-0.10282084727769869,MAP_SCADA,39,0.0037154397924998167
1,B_svc,2,0.17965508087916948,29,0.17063268182808,MAP_SCADA,39,0.00902239905108948
2,UPFC_Vsh,5-15,1.1106446052036845,29,1.1083919092205516,MAP_SCADA,39,0.002252695983132824
3,UPFC_tsh,5-15,-0.2376731179045099,29,-0.23894186672585602,MAP_SCADA,39,0.0012687488213461162
4,UPFC_Vse,5-15,0.05786677315107843,29,0.06353665562006047,MAP_SCADA,39,0.005669882468982042
5,UPFC_tse,5-15,-2.120222833999159,29,-2.1957153499703965,MAP_SCADA,39,0.0754925159712374
0,x_tcsc,1-14,-0.10952997111799802,30,-0.10282084727769869,MAP_SCADA,39,0.0067091238402993275
1,B_svc,2,0.16919933850561206,30,0.17063268182808,MAP_SCADA,39,0.0014333433224679448
2,UPFC_Vsh,5-15,1.1127862661947077,30,1.1083919092205516,MAP_SCADA,39,0.004394356974156022
3,UPFC_tsh,5-15,-0.23534976633179824,30,-0.23894186672585602,MAP_SCADA,39,0.0035921003940577734
4,UPFC_Vse,5-15,0.05792238850708715,30,0.06353665562006047,MAP_SCADA,39,0.005614267112973324
5,UPFC_tse,5-15,-2.1164729451535256,30,-2.1957153499703965,MAP_SCADA,39,0.07924240481687095
0,x_tcsc,1-14,-0.10715060791579066,31,-0.10282084727769869,MAP_SCADA,39,0.00432976063809197
1,B_svc,2,0.17281241655909546,31,0.17063268182808,MAP_SCADA,39,0.002179734731015459
2,UPFC_Vsh,5-15,1.1121750737216747,31,1.1083919092205516,MAP_SCADA,39,0.0037831645011230375
3,UPFC_tsh,5-15,-0.23612890048767649,31,-0.23894186672585602,MAP_SCADA,39,0.0028129662381795317
4,UPFC_Vse,5-15,0.05741113562187503,31,0.06353665562006047,MAP_SCADA,39,0.00612551999818544
5,UPFC_tse,5-15,-2.118555531744554,31,-2.1957153499703965,MAP_SCADA,39,0.07715981822584261
0,x_tcsc,1-14,-0.10738626062904685,32,-0.10282084727769869,MAP_SCADA,39,0.004565413351348163
1,B_svc,2,0.17330701774645507,32,0.17063268182808,MAP_SCADA,39,0.0026743359183750703
2,UPFC_Vsh,5-15,1.1120310826835351,32,1.1083919092205516,MAP_SCADA,39,0.0036391734629834804
3,UPFC_tsh,5-15,-0.23617144897870454,32,-0.23894186672585602,MAP_SCADA,39,0.002770417747151477
4,UPFC_Vse,5-15,0.05687457505896244,32,0.06353665562006047,MAP_SCADA,39,0.00666208056109803
5,UPFC_tse,5-15,-2.123660023297658,32,-2.1957153499703965,MAP_SCADA,39,0.0720553266727384
0,x_tcsc,1-14,-0.10693539844775564,33,-0.10282084727769869,MAP_SCADA,39,0.004114551170056949
1,B_svc,2,0.17768917211592447,33,0.17063268182808,MAP_SCADA,39,0.007056490287844469
2,UPFC_Vsh,5-15,1.1095148249414561,33,1.1083919092205516,MAP_SCADA,39,0.0011229157209045049
3,UPFC_tsh,5-15,-0.2371331944262661,33,-0.23894186672585602,MAP_SCADA,39,0.0018086722995899196
4,UPFC_Vse,5-15,0.05721563919140297,33,0.06353665562006047,MAP_SCADA,39,0.006321016428657504
5,UPFC_tse,5-15,-2.1196271921111913,33,-2.1957153499703965,MAP_SCADA,39,0.0760881578592052
0,x_tcsc,1-14,-0.10687992533692643,34,-0.10282084727769869,MAP_SCADA,39,0.0040590780592277415
1,B_svc,2,0.17401309726872008,34,0.17063268182808,MAP_SCADA,39,0.0033804154406400777
2,UPFC_Vsh,5-15,1.1123769845319478,34,1.1083919092205516,MAP_SCADA,39,0.003985075311396136
3,UPFC_tsh,5-15,-0.23616750209149165,34,-0.23894186672585602,MAP_SCADA,39,0.002774364634364368
4,UPFC_Vse,5-15,0.05717751357900006,34,0.06353665562006047,MAP_SCADA,39,0.00635914204106041
5,UPFC_tse,5-15,-2.1212191870108876,34,-2.1957153499703965,MAP_SCADA,39,0.0744961629595089
0,x_tcsc,1-14,-0.10736731801715636,35,-0.10282084727769869,MAP_SCADA,39,0.0045464707394576725
1,B_svc,2,0.1743344664120881,35,0.17063268182808,MAP_SCADA,39,0.0037017845840081054
2,UPFC_Vsh,5-15,1.1121640478067782,35,1.1083919092205516,MAP_SCADA,39,0.0037721385862266033
3,UPFC_tsh,5-15,-0.23680846597136743,35,-0.23894186672585602,MAP_SCADA,39,0.0021334007544885902
4,UPFC_Vse,5-15,0.057952360550922254,35,0.06353665562006047,MAP_SCADA,39,0.005584295069138219
5,UPFC_tse,5-15,-2.1169531607381513,35,-2.1957153499703965,MAP_SCADA,39,0.0787621892322452
0,x_tcsc,1-14,-0.10815347514458465,36,-0.10282084727769869,MAP_SCADA,39,0.005332627866885958
1,B_svc,2,0.1710697004082666,36,0.17063268182808,MAP_SCADA,39,0.00043701858018660444
2,UPFC_Vsh,5-15,1.1137240188584057,36,1.1083919092205516,MAP_SCADA,39,0.005332109637854021
3,UPFC_tsh,5-15,-0.2358246848062136,36,-0.23894186672585602,MAP_SCADA,39,0.0031171819196424144
4,UPFC_Vse,5-15,0.057245825627543545,36,0.06353665562006047,MAP_SCADA,39,0.0062908299925169275
5,UPFC_tse,5-15,-2.1175965349312516,36,-2.1957153499703965,MAP_SCADA,39,0.07811881503914497
0,x_tcsc,1-14,-0.10475515592541516,37,-0.10282084727769869,MAP_SCADA,39,0.0019343086477164734
1,B_svc,2,0.18309482267944,37,0.17063268182808,MAP_SCADA,39,0.012462140851359993
2,UPFC_Vsh,5-15,1.1127906253327882,37,1.1083919092205516,MAP_SCADA,39,0.004398716112236523
3,UPFC_tsh,5-15,-0.23802310460401754,37,-0.23894186672585602,MAP_SCADA,39,0.0009187621218384734
4,UPFC_Vse,5-15,0.057431952367715214,37,0.06353665562006047,MAP_SCADA,39,0.006104703252345259
5,UPFC_tse,5-15,-2.1199405418760775,37,-2.1957153499703965,MAP_SCADA,39,0.07577480809431902
0,x_tcsc,1-14,-0.10742269392758334,38,-0.10282084727769869,MAP_SCADA,39,0.004601846649884653
1,B_svc,2,0.1755004971401978,38,0.17063268182808,MAP_SCADA,39,0.004867815312117801
2,UPFC_Vsh,5-15,1.1130201419013812,38,1.1083919092205516,MAP_SCADA,39,0.004628232680829569
3,UPFC_tsh,5-15,-0.23693363430979963,38,-0.23894186672585602,MAP_SCADA,39,0.0020082324160563825
4,UPFC_Vse,5-15,0.057205520786809703,38,0.06353665562006047,MAP_SCADA,39,0.006331134833250769
5,UPFC_tse,5-15,-2.1205146025924075,38,-2.1957153499703965,MAP_SCADA,39,0.07520074737798899
0,x_tcsc,1-14,-0.10641915634401529,39,-0.10282084727769869,MAP_SCADA,39,0.003598309066316599
1,B_svc,2,0.17958337075122596,39,0.17063268182808,MAP_SCADA,39,0.00895068892314596
2,UPFC_Vsh,5-15,1.1118914083314206,39,1.1083919092205516,MAP_SCADA,39,0.0034994991108689977
3,UPFC_tsh,5-15,-0.23774754611117094,39,-0.23894186672585602,MAP_SCADA,39,0.0011943206146850793
4,UPFC_Vse,5-15,0.057058229476306656,39,0.06353665562006047,MAP_SCADA,39,0.006478426143753817
5,UPFC_tse,5-15,-2.120243704132217,39,-2.1957153499703965,MAP_SCADA,39,0.07547164583817967
0,x_tcsc,1-14,-0.10714899839915103,40,-0.10282084727769869,MAP_SCADA,39,0.004328151121452337
1,B_svc,2,0.17792801003384645,40,0.17063268182808,MAP_SCADA,39,0.007295328205766449
2,UPFC_Vsh,5-15,1.1104977926102153,40,1.1083919092205516,MAP_SCADA,39,0.0021058833896636653
3,UPFC_tsh,5-15,-0.23778322722768935,40,-0.23894186672585602,MAP_SCADA,39,0.0011586394981666637
4,UPFC_Vse,5-15,0.05763455838128357,40,0.06353665562006047,MAP_SCADA,39,0.005902097238776903
5,UPFC_tse,5-15,-2.121763490823035,40,-2.1957153499703965,MAP_SCADA,39,0.07395185914736135
0,x_tcsc,1-14,-0.10747628103650513,41,-0.10282084727769869,MAP_SCADA,39,0.004655433758806435
1,B_svc,2,0.17201780849316667,41,0.17063268182808,MAP_SCADA,39,0.0013851266650866667
2,UPFC_Vsh,5-15,1.1132964947085866,41,1.1083919092205516,MAP_SCADA,39,0.004904585488034963
3,UPFC_tsh,5-15,-0.23655377141994835,41,-0.23894186672585602,MAP_SCADA,39,0.002388095305907667
4,UPFC_Vse,5-15,0.05694790652530009,41,0.06353665562006047,MAP_SCADA,39,0.006588749094760385
5,UPFC_tse,5-15,-2.115871417344491,41,-2.1957153499703965,MAP_SCADA,39,0.07984393262590572
0,x_tcsc,1-14,-0.1081257980000313,42,-0.10282084727769869,MAP_SCADA,39,0.005304950722332613
1,B_svc,2,0.1726483542993937,42,0.17063268182808,MAP_SCADA,39,0.0020156724713137064
2,UPFC_Vsh,5-15,1.1121568098072536,42,1.1083919092205516,MAP_SCADA,39,0.0037649005867019802
3,UPFC_tsh,5-15,-0.23570650257828626,42,-0.23894186672585602,MAP_SCADA,39,0.0032353641475697525
4,UPFC_Vse,5-15,0.057391783915916594,42,0.06353665562006047,MAP_SCADA,39,0.006144871704143878
5,UPFC_tse,5-15,-2.1223150055765987,42,-2.1957153499703965,MAP_SCADA,39,0.07340034439379783
0,x_tcsc,1-14,-0.10919026678444572,43,-0.10282084727769869,MAP_SCADA,39,0.006369419506747034
1,B_svc,2,0.17006330659842472,43,0.17063268182808,MAP_SCADA,39,0.0005693752296552779
2,UPFC_Vsh,5-15,1.1123500259968075,43,1.1083919092205516,MAP_SCADA,39,0.003958116776255904
3,UPFC_tsh,5-15,-0.23560811988148292,43,-0.23894186672585602,MAP_SCADA,39,0.0033337468443730978
4,UPFC_Vse,5-15,0.057593251453399046,43,0.06353665562006047,MAP_SCADA,39,0.005943404166661427
5,UPFC_tse,5-15,-2.1151039880453184,43,-2.1957153499703965,MAP_SCADA,39,0.08061136192507812
0,x_tcsc,1-14,-0.10530229352998717,44,-0.10282084727769869,MAP_SCADA,39,0.00248144625228848
1,B_svc,2,0.1829660034812352,44,0.17063268182808,MAP_SCADA,39,0.012333321653155205
2,UPFC_Vsh,5-15,1.109897014642047,44,1.1083919092205516,MAP_SCADA,39,0.0015051054214954007
3,UPFC_tsh,5-15,-0.23859001452834347,44,-0.23894186672585602,MAP_SCADA,39,0.0003518521975125477
4,UPFC_Vse,5-15,0.058221711031435495,44,0.06353665562006047,MAP_SCADA,39,0.005314944588624977
5,UPFC_tse,5-15,-2.116964072987721,44,-2.1957153499703965,MAP_SCADA,39,0.07875127698267548
0,x_tcsc,1-14,-0.1069256538871445,45,-0.10282084727769869,MAP_SCADA,39,0.004104806609445816
1,B_svc,2,0.177465266753047,45,0.17063268182808,MAP_SCADA,39,0.0068325849249669945
2,UPFC_Vsh,5-15,1.1114206874199102,45,1.1083919092205516,MAP_SCADA,39,0.0030287781993585394
3,UPFC_tsh,5-15,-0.23689545053861744,45,-0.23894186672585602,MAP_SCADA,39,0.002046416187238581
4,UPFC_Vse,5-15,0.057539741316308304,45,0.06353665562006047,MAP_SCADA,39,0.005996914303752168
5,UPFC_tse,5-15,-2.1171370386148687,45,-2.1957153499703965,MAP_SCADA,39,0.07857831135552784
0,x_tcsc,1-14,-0.10802781666215394,46,-0.10282084727769869,MAP_SCADA,39,0.005206969384455251
1,B_svc,2,0.1738286788546785,46,0.17063268182808,MAP_SCADA,39,0.003195997026598507
2,UPFC_Vsh,5-15,1.11293370639085,46,1.1083919092205516,MAP_SCADA,39,0.004541797170298345
3,UPFC_tsh,5-15,-0.236790719974732,46,-0.23894186672585602,MAP_SCADA,39,0.0021511467511240168
4,UPFC_Vse,5-15,0.057103383298049065,46,0.06353665562006047,MAP_SCADA,39,0.006433272322011407
5,UPFC_tse,5-15,-2.1179202109526556,46,-2.1957153499703965,MAP_SCADA,39,0.07779513901774093
0,x_tcsc,1-14,-0.10709329858503407,47,-0.10282084727769869,MAP_SCADA,39,0.004272451307335376
1,B_svc,2,0.173253329722418,47,0.17063268182808,MAP_SCADA,39,0.0026206478943379963
2,UPFC_Vsh,5-15,1.1130769853263658,47,1.1083919092205516,MAP_SCADA,39,0.0046850761058141455
3,UPFC_tsh,5-15,-0.23619945386340394,47,-0.23894186672585602,MAP_SCADA,39,0.0027424128624520816
4,UPFC_Vse,5-15,0.05764670213138666,47,0.06353665562006047,MAP_SCADA,39,0.005889953488673813
5,UPFC_tse,5-15,-2.1178733164843204,47,-2.1957153499703965,MAP_SCADA,39,0.0778420334860761
0,x_tcsc,1-14,-0.10719051328101499,48,-0.10282084727769869,MAP_SCADA,39,0.0043696660033163
1,B_svc,2,0.17618814701774743,48,0.17063268182808,MAP_SCADA,39,0.00555546518966743
2,UPFC_Vsh,5-15,1.1137388699268482,48,1.1083919092205516,MAP_SCADA,39,0.0053469607062965885
3,UPFC_tsh,5-15,-0.23554054106717964,48,-0.23894186672585602,MAP_SCADA,39,0.003401325658676374
4,UPFC_Vse,5-15,0.05692696717314711,48,0.06353665562006047,MAP_SCADA,39,0.006609688446913363
5,UPFC_tse,5-15,-2.118333333343752,48,-2.1957153499703965,MAP_SCADA,39,0.07738201662664457
0,x_tcsc,1-14,-0.10866601044350763,49,-0.10282084727769869,MAP_SCADA,39,0.0058451631658089365
1,B_svc,2,0.1710053873058158,49,0.17063268182808,MAP_SCADA,39,0.0003727054777357963
2,UPFC_Vsh,5-15,1.1121595017507595,49,1.1083919092205516,MAP_SCADA,39,0.003767592530207864
3,UPFC_tsh,5-15,-0.2359778989630055,49,-0.23894186672585602,MAP_SCADA,39,0.0029639677628505168
4,UPFC_Vse,5-15,0.05723723522516479,49,0.06353665562006047,MAP_SCADA,39,0.006299420394895686
5,UPFC_tse,5-15,-2.1162183015920553,49,-2.1957153499703965,MAP_SCADA,39,0.07949704837834126
0,x_tcsc,1-14,-0.10901937796112277,50,-0.10282084727769869,MAP_SCADA,39,0.006198530683424075
1,B_svc,2,0.16959306694005918,50,0.17063268182808,MAP_SCADA,39,0.0010396148880208178
2,UPFC_Vsh,5-15,1.1129934283863259,50,1.1083919092205516,MAP_SCADA,39,0.004601519165774226
3,UPFC_tsh,5-15,-0.23572793347299587,50,-0.23894186672585602,MAP_SCADA,39,0.0032139332528601516
4,UPFC_Vse,5-15,0.05764673609842407,50,0.06353665562006047,MAP_SCADA,39,0.005889919521636401
5,UPFC_tse,5-15,-2.118481715803393,50,-2.1957153499703965,MAP_SCADA,39,0.07723363416700346
0,x_tcsc,1-14,-0.10931226325956275,51,-0.10282084727769869,MAP_SCADA,39,0.006491415981864063
1,B_svc,2,0.16790873900292247,51,0.17063268182808,MAP_SCADA,39,0.0027239428251575326
2,UPFC_Vsh,5-15,1.1126616705910577,51,1.1083919092205516,MAP_SCADA,39,0.004269761370506053
3,UPFC_tsh,5-15,-0.2364188554805837,51,-0.23894186672585602,MAP_SCADA,39,0.002523011245272322
4,UPFC_Vse,5-15,0.057683554161929884,51,0.06353665562006047,MAP_SCADA,39,0.0058531014581305885
5,UPFC_tse,5-15,-2.1187258940414506,51,-2.1957153499703965,MAP_SCADA,39,0.0769894559289459
0,x_tcsc,1-14,-0.10695079648572353,52,-0.10282084727769869,MAP_SCADA,39,0.004129949208024841
1,B_svc,2,0.17765441432496182,52,0.17063268182808,MAP_SCADA,39,0.007021732496881816
2,UPFC_Vsh,5-15,1.1107767750385993,52,1.1083919092205516,MAP_SCADA,39,0.0023848658180476434
3,UPFC_tsh,5-15,-0.23801910026457151,52,-0.23894186672585602,MAP_SCADA,39,0.0009227664612845021
4,UPFC_Vse,5-15,0.05789410719761008,52,0.06353665562006047,MAP_SCADA,39,0.005642548422450391
5,UPFC_tse,5-15,-2.1180835578894164,52,-2.1957153499703965,MAP_SCADA,39,0.07763179208098014
0,x_tcsc,1-14,-0.10579999281105353,53,-0.10282084727769869,MAP_SCADA,39,0.002979145533354835
1,B_svc,2,0.18205396316733946,53,0.17063268182808,MAP_SCADA,39,0.01142128133925946
2,UPFC_Vsh,5-15,1.109267996697699,53,1.1083919092205516,MAP_SCADA,39,0.0008760874771474025
3,UPFC_tsh,5-15,-0.23819604051412727,53,-0.23894186672585602,MAP_SCADA,39,0.0007458262117287506
4,UPFC_Vse,5-15,0.05724544595243886,53,0.06353665562006047,MAP_SCADA,39,0.00629120966762161
5,UPFC_tse,5-15,-2.1229365299297847,53,-2.1957153499703965,MAP_SCADA,39,0.07277882004061187
0,x_tcsc,1-14,-0.106223577746768,54,-0.10282084727769869,MAP_SCADA,39,0.003402730469069304
1,B_svc,2,0.17719157491400092,54,0.17063268182808,MAP_SCADA,39,0.006558893085920919
2,UPFC_Vsh,5-15,1.111956043609763,54,1.1083919092205516,MAP_SCADA,39,0.0035641343892114374
3,UPFC_tsh,5-15,-0.2378113739765671,54,-0.23894186672585602,MAP_SCADA,39,0.0011304927492889194
4,UPFC_Vse,5-15,0.057130967663296575,54,0.06353665562006047,MAP_SCADA,39,0.0064056879567638975
5,UPFC_tse,5-15,-2.12161004485105,54,-2.1957153499703965,MAP_SCADA,39,0.07410530511934654
0,x_tcsc,1-14,-0.1048808287150344,55,-0.10282084727769869,MAP_SCADA,39,0.0020599814373357117
1,B_svc,2,0.18023016762748467,55,0.17063268182808,MAP_SCADA,39,0.00959748579940467
2,UPFC_Vsh,5-15,1.111015522773831,55,1.1083919092205516,MAP_SCADA,39,0.002623613553279336
3,UPFC_tsh,5-15,-0.2379659931537663,55,-0.23894186672585602,MAP_SCADA,39,0.0009758735720897249
4,UPFC_Vse,5-15,0.05771664330509277,55,0.06353665562006047,MAP_SCADA,39,0.005820012314967704
5,UPFC_tse,5-15,-2.1190069084086782,55,-2.1957153499703965,MAP_SCADA,39,0.0767084415617183
0,x_tcsc,1-14,-0.10573173835744157,56,-0.10282084727769869,MAP_SCADA,39,0.0029108910797428778
1,B_svc,2,0.1817970034926586,56,0.17063268182808,MAP_SCADA,39,0.011164321664578591
2,UPFC_Vsh,5-15,1.111027770285367,56,1.1083919092205516,MAP_SCADA,39,0.0026358610648153924
3,UPFC_tsh,5-15,-0.23812830497551066,56,-0.23894186672585602,MAP_SCADA,39,0.0008135617503453596
4,UPFC_Vse,5-15,0.05736210880287201,56,0.06353665562006047,MAP_SCADA,39,0.006174546817188466
5,UPFC_tse,5-15,-2.1198983441293033,56,-2.1957153499703965,MAP_SCADA,39,0.07581700584109319
0,x_tcsc,1-14,-0.10709092763731871,57,-0.10282084727769869,MAP_SCADA,39,0.004270080359620024
1,B_svc,2,0.17484046073839904,57,0.17063268182808,MAP_SCADA,39,0.004207778910319038
2,UPFC_Vsh,5-15,1.1133469525661213,57,1.1083919092205516,MAP_SCADA,39,0.004955043345569621
3,UPFC_tsh,5-15,-0.23718555045047204,57,-0.23894186672585602,MAP_SCADA,39,0.0017563162753839734
4,UPFC_Vse,5-15,0.057613084439732426,57,0.06353665562006047,MAP_SCADA,39,0.005923571180328047
5,UPFC_tse,5-15,-2.1183658311697195,57,-2.1957153499703965,MAP_SCADA,39,0.07734951880067698
0,x_tcsc,1-14,-0.10714063314851686,58,-0.10282084727769869,MAP_SCADA,39,0.004319785870818174
1,B_svc,2,0.17242772742543125,58,0.17063268182808,MAP_SCADA,39,0.001795045597351247
2,UPFC_Vsh,5-15,1.1108335546560917,58,1.1083919092205516,MAP_SCADA,39,0.0024416454355400408
3,UPFC_tsh,5-15,-0.23746284602796666,58,-0.23894186672585602,MAP_SCADA,39,0.001479020697889355
4,UPFC_Vse,5-15,0.05689107134771026,58,0.06353665562006047,MAP_SCADA,39,0.006645584272350215
5,UPFC_tse,5-15,-2.122073449832775,58,-2.1957153499703965,MAP_SCADA,39,0.07364190013762162
0,x_tcsc,1-14,-0.10523444359924194,59,-0.10282084727769869,MAP_SCADA,39,0.0024135963215432543
1,B_svc,2,0.1793597647528677,59,0.17063268182808,MAP_SCADA,39,0.008727082924787688
2,UPFC_Vsh,5-15,1.1107857115531186,59,1.1083919092205516,MAP_SCADA,39,0.002393802332566919
3,UPFC_tsh,5-15,-0.23789177797441755,59,-0.23894186672585602,MAP_SCADA,39,0.0010500887514384716
4,UPFC_Vse,5-15,0.05768282997508247,59,0.06353665562006047,MAP_SCADA,39,0.0058538256449780016
5,UPFC_tse,5-15,-2.1181873406560845,59,-2.1957153499703965,MAP_SCADA,39,0.07752800931431203
0,x_tcsc,1-14,-0.10945176150756852,60,-0.10282084727769869,MAP_SCADA,39,0.006630914229869833
1,B_svc,2,0.16935793383633752,60,0.17063268182808,MAP_SCADA,39,0.0012747479917424864
2,UPFC_Vsh,5-15,1.1139613169432452,60,1.1083919092205516,MAP_SCADA,39,0.005569407722693542
3,UPFC_tsh,5-15,-0.23566920134996264,60,-0.23894186672585602,MAP_SCADA,39,0.00327266537589338
4,UPFC_Vse,5-15,0.05720458411055312,60,0.06353665562006047,MAP_SCADA,39,0.006332071509507355
5,UPFC_tse,5-15,-2.1149588358461378,60,-2.1957153499703965,MAP_SCADA,39,0.08075651412425877
0,x_tcsc,1-14,-0.10905522365335318,61,-0.10282084727769869,MAP_SCADA,39,0.006234376375654493
1,B_svc,2,0.1703607647786208,61,0.17063268182808,MAP_SCADA,39,0.00027191704945919715
2,UPFC_Vsh,5-15,1.1130767083751107,61,1.1083919092205516,MAP_SCADA,39,0.004684799154559105
3,UPFC_tsh,5-15,-0.23544033055215907,61,-0.23894186672585602,MAP_SCADA,39,0.0035015361736969453
4,UPFC_Vse,5-15,0.057875494250938325,61,0.06353665562006047,MAP_SCADA,39,0.005661161369122147
5,UPFC_tse,5-15,-2.1204281948282167,61,-2.1957153499703965,MAP_SCADA,39,0.07528715514217987
0,x_tcsc,1-14,-0.10733114663304694,62,-0.10282084727769869,MAP_SCADA,39,0.004510299355348246
1,B_svc,2,0.17367688990675537,62,0.17063268182808,MAP_SCADA,39,0.0030442080786753645
2,UPFC_Vsh,5-15,1.1121862943112313,62,1.1083919092205516,MAP_SCADA,39,0.0037943850906796417
3,UPFC_tsh,5-15,-0.23622970029102125,62,-0.23894186672585602,MAP_SCADA,39,0.0027121664348347674
4,UPFC_Vse,5-15,0.057647980839804165,62,0.06353665562006047,MAP_SCADA,39,0.0058886747802563075
5,UPFC_tse,5-15,-2.1197384212927988,62,-2.1957153499703965,MAP_SCADA,39,0.07597692867759775
0,x_tcsc,1-14,-0.10940497005741741,63,-0.10282084727769869,MAP_SCADA,39,0.006584122779718718
1,B_svc,2,0.1726336661398208,63,0.17063268182808,MAP_SCADA,39,0.002000984311740811
2,UPFC_Vsh,5-15,1.1087398307270746,63,1.1083919092205516,MAP_SCADA,39,0.0003479215065229635
3,UPFC_tsh,5-15,-0.2373871645118825,63,-0.23894186672585602,MAP_SCADA,39,0.0015547022139735245
4,UPFC_Vse,5-15,0.05776814794156133,63,0.06353665562006047,MAP_SCADA,39,0.005768507678499145
5,UPFC_tse,5-15,-2.121343863462053,63,-2.1957153499703965,MAP_SCADA,39,0.07437148650834358
0,x_tcsc,1-14,-0.1046949546236351,64,-0.10282084727769869,MAP_SCADA,39,0.0018741073459364044
1,B_svc,2,0.183445376860306,64,0.17063268182808,MAP_SCADA,39,0.012812695032225985
2,UPFC_Vsh,5-15,1.1131989879091804,64,1.1083919092205516,MAP_SCADA,39,0.00480707868862873
3,UPFC_tsh,5-15,-0.23781862115688623,64,-0.23894186672585602,MAP_SCADA,39,0.001123245568969783
4,UPFC_Vse,5-15,0.05759710799066543,64,0.06353665562006047,MAP_SCADA,39,0.0059395476293950394
5,UPFC_tse,5-15,-2.1232312397924127,64,-2.1957153499703965,MAP_SCADA,39,0.07248411017798384
0,x_tcsc,1-14,-0.10787113157761462,65,-0.10282084727769869,MAP_SCADA,39,0.0050502842999159275
1,B_svc,2,0.17266875712225543,65,0.17063268182808,MAP_SCADA,39,0.0020360752941754323
2,UPFC_Vsh,5-15,1.112803249263745,65,1.1083919092205516,MAP_SCADA,39,0.004411340043193324
3,UPFC_tsh,5-15,-0.23576020759578165,65,-0.23894186672585602,MAP_SCADA,39,0.0031816591300743713
4,UPFC_Vse,5-15,0.05738668038712711,65,0.06353665562006047,MAP_SCADA,39,0.006149975232933362
5,UPFC_tse,5-15,-2.117628484366634,65,-2.1957153499703965,MAP_SCADA,39,0.07808686560376232
0,x_tcsc,1-14,-0.10607910744277634,66,-0.10282084727769869,MAP_SCADA,39,0.003258260165077645
1,B_svc,2,0.1785011070050042,66,0.17063268182808,MAP_SCADA,39,0.00786842517692421
2,UPFC_Vsh,5-15,1.1122669093630733,66,1.1083919092205516,MAP_SCADA,39,0.003875000142521623
3,UPFC_tsh,5-15,-0.2376299527673899,66,-0.23894186672585602,MAP_SCADA,39,0.00131191395846611
4,UPFC_Vse,5-15,0.0580228728162041,66,0.06353665562006047,MAP_SCADA,39,0.005513782803856372
5,UPFC_tse,5-15,-2.11588414783405,66,-2.1957153499703965,MAP_SCADA,39,0.07983120213634631
0,x_tcsc,1-14,-0.10464633199777319,67,-0.10282084727769869,MAP_SCADA,39,0.0018254847200745022
1,B_svc,2,0.1819534129198583,67,0.17063268182808,MAP_SCADA,39,0.011320731091778308
2,UPFC_Vsh,5-15,1.1109878453087363,67,1.1083919092205516,MAP_SCADA,39,0.002595936088184647
3,UPFC_tsh,5-15,-0.23816703002760867,67,-0.23894186672585602,MAP_SCADA,39,0.0007748366982473498
4,UPFC_Vse,5-15,0.0575155112696389,67,0.06353665562006047,MAP_SCADA,39,0.006021144350421573
5,UPFC_tse,5-15,-2.1243584023779603,67,-2.1957153499703965,MAP_SCADA,39,0.07135694759243627
0,x_tcsc,1-14,-0.1048884806969986,68,-0.10282084727769869,MAP_SCADA,39,0.0020676334192999135
1,B_svc,2,0.18233020135967012,68,0.17063268182808,MAP_SCADA,39,0.011697519531590123
2,UPFC_Vsh,5-15,1.1126787375375116,68,1.1083919092205516,MAP_SCADA,39,0.004286828316959923
3,UPFC_tsh,5-15,-0.23729777185293432,68,-0.23894186672585602,MAP_SCADA,39,0.001644094872921692
4,UPFC_Vse,5-15,0.057497301850630324,68,0.06353665562006047,MAP_SCADA,39,0.006039353769430149
5,UPFC_tse,5-15,-2.117353272936879,68,-2.1957153499703965,MAP_SCADA,39,0.07836207703351761
0,x_tcsc,1-14,-0.10890222542618458,69,-0.10282084727769869,MAP_SCADA,39,0.006081378148485889
1,B_svc,2,0.16834420117020463,69,0.17063268182808,MAP_SCADA,39,0.0022884806578753747
2,UPFC_Vsh,5-15,1.1131104914482013,69,1.1083919092205516,MAP_SCADA,39,0.004718582227649648
3,UPFC_tsh,5-15,-0.23620664066360444,69,-0.23894186672585602,MAP_SCADA,39,0.0027352260622515723
4,UPFC_Vse,5-15,0.05712520081716381,69,0.06353665562006047,MAP_SCADA,39,0.006411454802896663
5,UPFC_tse,5-15,-2.116181775780159,69,-2.1957153499703965,MAP_SCADA,39,0.07953357419023765
0,x_tcsc,1-14,-0.10783954312107445,70,-0.10282084727769869,MAP_SCADA,39,0.005018695843375762
1,B_svc,2,0.1738012616177895,70,0.17063268182808,MAP_SCADA,39,0.003168579789709497
2,UPFC_Vsh,5-15,1.109946175601687,70,1.1083919092205516,MAP_SCADA,39,0.0015542663811354274
3,UPFC_tsh,5-15,-0.2370955958356482,70,-0.23894186672585602,MAP_SCADA,39,0.0018462708902078073
4,UPFC_Vse,5-15,0.057627049096513644,70,0.06353665562006047,MAP_SCADA,39,0.005909606523546829
5,UPFC_tse,5-15,-2.1202167991094587,70,-2.1957153499703965,MAP_SCADA,39,0.07549855086093782
0,x_tcsc,1-14,-0.10534847168056283,71,-0.10282084727769869,MAP_SCADA,39,0.002527624402864137
1,B_svc,2,0.17955172099397773,71,0.17063268182808,MAP_SCADA,39,0.00891903916589773
2,UPFC_Vsh,5-15,1.1117192574047965,71,1.1083919092205516,MAP_SCADA,39,0.0033273481842448493
3,UPFC_tsh,5-15,-0.23820653589537907,71,-0.23894186672585602,MAP_SCADA,39,0.0007353308304769435
4,UPFC_Vse,5-15,0.05754757811938391,71,0.06353665562006047,MAP_SCADA,39,0.005989077500676565
5,UPFC_tse,5-15,-2.121658366823909,71,-2.1957153499703965,MAP_SCADA,39,0.07405698314648745
0,x_tcsc,1-14,-0.10742294616001442,72,-0.10282084727769869,MAP_SCADA,39,0.004602098882315733
1,B_svc,2,0.17430469223433764,72,0.17063268182808,MAP_SCADA,39,0.003672010406257642
2,UPFC_Vsh,5-15,1.1143541824961813,72,1.1083919092205516,MAP_SCADA,39,0.005962273275629704
3,UPFC_tsh,5-15,-0.23620451737193204,72,-0.23894186672585602,MAP_SCADA,39,0.0027373493539239735
4,UPFC_Vse,5-15,0.0572197988624672,72,0.06353665562006047,MAP_SCADA,39,0.0063168567575932755
5,UPFC_tse,5-15,-2.113452791129322,72,-2.1957153499703965,MAP_SCADA,39,0.08226255884107436
0,x_tcsc,1-14,-0.10922969344645563,73,-0.10282084727769869,MAP_SCADA,39,0.006408846168756935
1,B_svc,2,0.16525146255622622,73,0.17063268182808,MAP_SCADA,39,0.005381219271853782
2,UPFC_Vsh,5-15,1.1134568370282656,73,1.1083919092205516,MAP_SCADA,39,0.005064927807713948
3,UPFC_tsh,5-15,-0.2356698992780358,73,-0.23894186672585602,MAP_SCADA,39,0.003271967447820212
4,UPFC_Vse,5-15,0.05714227536138494,73,0.06353665562006047,MAP_SCADA,39,0.0063943802586755305
5,UPFC_tse,5-15,-2.119651091064688,73,-2.1957153499703965,MAP_SCADA,39,0.07606425890570856
0,x_tcsc,1-14,-0.10431792148953327,74,-0.10282084727769869,MAP_SCADA,39,0.0014970742118345787
1,B_svc,2,0.1811248064659187,74,0.17063268182808,MAP_SCADA,39,0.01049212463783869
2,UPFC_Vsh,5-15,1.1099430822379803,74,1.1083919092205516,MAP_SCADA,39,0.0015511730174286864
3,UPFC_tsh,5-15,-0.23852746172805828,74,-0.23894186672585602,MAP_SCADA,39,0.0004144049977977404
4,UPFC_Vse,5-15,0.05784374657307531,74,0.06353665562006047,MAP_SCADA,39,0.005692909046985162
5,UPFC_tse,5-15,-2.121425096913782,74,-2.1957153499703965,MAP_SCADA,39,0.07429025305661474
0,x_tcsc,1-14,-0.103353053211812,75,-0.10282084727769869,MAP_SCADA,39,0.0005322059341133084
1,B_svc,2,0.18807150083032478,75,0.17063268182808,MAP_SCADA,39,0.017438819002244782
2,UPFC_Vsh,5-15,1.1111700606315367,75,1.1083919092205516,MAP_SCADA,39,0.0027781514109850303
3,UPFC_tsh,5-15,-0.2388301118941401,75,-0.23894186672585602,MAP_SCADA,39,0.00011175483171591005
4,UPFC_Vse,5-15,0.057665588016663855,75,0.06353665562006047,MAP_SCADA,39,0.005871067603396618
5,UPFC_tse,5-15,-2.123561272171615,75,-2.1957153499703965,MAP_SCADA,39,0.07215407779878147
0,x_tcsc,1-14,-0.10893838338128896,76,-0.10282084727769869,MAP_SCADA,39,0.006117536103590268
1,B_svc,2,0.17015960069209635,76,0.17063268182808,MAP_SCADA,39,0.0004730811359836551
2,UPFC_Vsh,5-15,1.1136347042650967,76,1.1083919092205516,MAP_SCADA,39,0.005242795044545057
3,UPFC_tsh,5-15,-0.2356088372004739,76,-0.23894186672585602,MAP_SCADA,39,0.003333029525382114
4,UPFC_Vse,5-15,0.05739174891156154,76,0.06353665562006047,MAP_SCADA,39,0.006144906708498932
5,UPFC_tse,5-15,-2.1131298745475315,76,-2.1957153499703965,MAP_SCADA,39,0.08258547542286498
0,x_tcsc,1-14,-0.10677148640328579,77,-0.10282084727769869,MAP_SCADA,39,0.003950639125587102
1,B_svc,2,0.17490146294845868,77,0.17063268182808,MAP_SCADA,39,0.0042687811203786785
2,UPFC_Vsh,5-15,1.1099104962836785,77,1.1083919092205516,MAP_SCADA,39,0.0015185870631269083
3,UPFC_tsh,5-15,-0.2369514487516909,77,-0.23894186672585602,MAP_SCADA,39,0.001990417974165104
4,UPFC_Vse,5-15,0.05773714951810732,77,0.06353665562006047,MAP_SCADA,39,0.00579950610195315
5,UPFC_tse,5-15,-2.1166647015932987,77,-2.1957153499703965,MAP_SCADA,39,0.07905064837709785
0,x_tcsc,1-14,-0.10924023694539466,78,-0.10282084727769869,MAP_SCADA,39,0.0064193896676959655
1,B_svc,2,0.17022007529560623,78,0.17063268182808,MAP_SCADA,39,0.00041260653247376933
2,UPFC_Vsh,5-15,1.1133807467142431,78,1.1083919092205516,MAP_SCADA,39,0.0049888374936915
3,UPFC_tsh,5-15,-0.23596645081338674,78,-0.23894186672585602,MAP_SCADA,39,0.002975415912469276
4,UPFC_Vse,5-15,0.05711119384068331,78,0.06353665562006047,MAP_SCADA,39,0.00642546177937716
5,UPFC_tse,5-15,-2.118052252316137,78,-2.1957153499703965,MAP_SCADA,39,0.0776630976542596
0,x_tcsc,1-14,-0.10743509187356443,79,-0.10282084727769869,MAP_SCADA,39,0.004614244595865735
1,B_svc,2,0.17324594257769063,79,0.17063268182808,MAP_SCADA,39,0.0026132607496106297
2,UPFC_Vsh,5-15,1.108719981361768,79,1.1083919092205516,MAP_SCADA,39,0.00032807214121644
3,UPFC_tsh,5-15,-0.23807533379593204,79,-0.23894186672585602,MAP_SCADA,39,0.0008665329299239743
4,UPFC_Vse,5-15,0.05754558435882357,79,0.06353665562006047,MAP_SCADA,39,0.005991071261236901
5,UPFC_tse,5-15,-2.119357535515237,79,-2.1957153499703965,MAP_SCADA,39,0.07635781445515955
0,x_tcsc,1-14,-0.107329286458181,80,-0.10282084727769869,MAP_SCADA,39,0.004508439180482313
1,B_svc,2,0.17772680523582715,80,0.17063268182808,MAP_SCADA,39,0.007094123407747149
2,UPFC_Vsh,5-15,1.1115344080452432,80,1.1083919092205516,MAP_SCADA,39,0.003142498824691531
3,UPFC_tsh,5-15,-0.23749761612930478,80,-0.23894186672585602,MAP_SCADA,39,0.0014442505965512331
4,UPFC_Vse,5-15,0.05787973421424841,80,0.06353665562006047,MAP_SCADA,39,0.00565692140581206
5,UPFC_tse,5-15,-2.11619148161768,80,-2.1957153499703965,MAP_SCADA,39,0.07952386835271641
0,x_tcsc,1-14,-0.10845470603263258,81,-0.10282084727769869,MAP_SCADA,39,0.005633858754933885
1,B_svc,2,0.17185062316901872,81,0.17063268182808,MAP_SCADA,39,0.0012179413409387219
2,UPFC_Vsh,5-15,1.1136041315982959,81,1.1083919092205516,MAP_SCADA,39,0.005212222377744213
3,UPFC_tsh,5-15,-0.2352518795033683,81,-0.23894186672585602,MAP_SCADA,39,0.0036899872224877284
4,UPFC_Vse,5-15,0.0565316838469432,81,0.06353665562006047,MAP_SCADA,39,0.00700497177311727
5,UPFC_tse,5-15,-2.121089216774669,81,-2.1957153499703965,MAP_SCADA,39,0.07462613319572764
0,x_tcsc,1-14,-0.10728363738035555,82,-0.10282084727769869,MAP_SCADA,39,0.004462790102656863
1,B_svc,2,0.17660953080738076,82,0.17063268182808,MAP_SCADA,39,0.005976848979300758
2,UPFC_Vsh,5-15,1.1133363796913327,82,1.1083919092205516,MAP_SCADA,39,0.004944470470781059
3,UPFC_tsh,5-15,-0.23557723587673135,82,-0.23894186672585602,MAP_SCADA,39,0.003364630849124667
4,UPFC_Vse,5-15,0.057052670988737716,82,0.06353665562006047,MAP_SCADA,39,0.006483984631322756
5,UPFC_tse,5-15,-2.1125245344276045,82,-2.1957153499703965,MAP_SCADA,39,0.08319081554279206
0,x_tcsc,1-14,-0.10704909661563972,83,-0.10282084727769869,MAP_SCADA,39,0.004228249337941026
1,B_svc,2,0.17439535340915538,83,0.17063268182808,MAP_SCADA,39,0.0037626715810753775
2,UPFC_Vsh,5-15,1.1138189432401893,83,1.1083919092205516,MAP_SCADA,39,0.005427034019637622
3,UPFC_tsh,5-15,-0.23591608576235498,83,-0.23894186672585602,MAP_SCADA,39,0.0030257809635010346
4,UPFC_Vse,5-15,0.05755680394915602,83,0.06353665562006047,MAP_SCADA,39,0.005979851670904451
5,UPFC_tse,5-15,-2.1157134403197753,83,-2.1957153499703965,MAP_SCADA,39,0.08000190965062126
0,x_tcsc,1-14,-0.10676170257170853,84,-0.10282084727769869,MAP_SCADA,39,0.003940855294009837
1,B_svc,2,0.17690582416355186,84,0.17063268182808,MAP_SCADA,39,0.006273142335471854
2,UPFC_Vsh,5-15,1.1119187557480708,84,1.1083919092205516,MAP_SCADA,39,0.003526846527519112
3,UPFC_tsh,5-15,-0.23693835217805137,84,-0.23894186672585602,MAP_SCADA,39,0.0020035145478046468
4,UPFC_Vse,5-15,0.05779647132148402,84,0.06353665562006047,MAP_SCADA,39,0.005740184298576451
5,UPFC_tse,5-15,-2.119832423144779,84,-2.1957153499703965,MAP_SCADA,39,0.07588292682561759
0,x_tcsc,1-14,-0.10433107499372325,85,-0.10282084727769869,MAP_SCADA,39,0.001510227716024562
1,B_svc,2,0.18503884107302948,85,0.17063268182808,MAP_SCADA,39,0.014406159244949479
2,UPFC_Vsh,5-15,1.1096490244908552,85,1.1083919092205516,MAP_SCADA,39,0.0012571152703035882
3,UPFC_tsh,5-15,-0.23908337904595656,85,-0.23894186672585602,MAP_SCADA,39,0.0001415123201005397
4,UPFC_Vse,5-15,0.057711255599064704,85,0.06353665562006047,MAP_SCADA,39,0.005825400020995769
5,UPFC_tse,5-15,-2.121862773911793,85,-2.1957153499703965,MAP_SCADA,39,0.07385257605860351
0,x_tcsc,1-14,-0.10627085253489142,86,-0.10282084727769869,MAP_SCADA,39,0.0034500052571927314
1,B_svc,2,0.177950381895317,86,0.17063268182808,MAP_SCADA,39,0.007317700067237004
2,UPFC_Vsh,5-15,1.1115180763241355,86,1.1083919092205516,MAP_SCADA,39,0.003126167103583821
3,UPFC_tsh,5-15,-0.23679857101651225,86,-0.23894186672585602,MAP_SCADA,39,0.0021432957093437677
4,UPFC_Vse,5-15,0.057956856977195124,86,0.06353665562006047,MAP_SCADA,39,0.005579798642865348
5,UPFC_tse,5-15,-2.1201205352270294,86,-2.1957153499703965,MAP_SCADA,39,0.07559481474336716
0,x_tcsc,1-14,-0.10651687940064776,87,-0.10282084727769869,MAP_SCADA,39,0.0036960321229490695
1,B_svc,2,0.18254309035161495,87,0.17063268182808,MAP_SCADA,39,0.011910408523534949
2,UPFC_Vsh,5-15,1.1098899213950526,87,1.1083919092205516,MAP_SCADA,39,0.0014980121745009622
3,UPFC_tsh,5-15,-0.23761277738038303,87,-0.23894186672585602,MAP_SCADA,39,0.001329089345472989
4,UPFC_Vse,5-15,0.0574593173937414,87,0.06353665562006047,MAP_SCADA,39,0.006077338226319069
5,UPFC_tse,5-15,-2.121138093764339,87,-2.1957153499703965,MAP_SCADA,39,0.07457725620605737
0,x_tcsc,1-14,-0.1056307771781821,88,-0.10282084727769869,MAP_SCADA,39,0.0028099299004834127
1,B_svc,2,0.1824884266434068,88,0.17063268182808,MAP_SCADA,39,0.011855744815326807
2,UPFC_Vsh,5-15,1.1101963057729272,88,1.1083919092205516,MAP_SCADA,39,0.00180439655237552
3,UPFC_tsh,5-15,-0.23763002628571525,88,-0.23894186672585602,MAP_SCADA,39,0.0013118404401407657
4,UPFC_Vse,5-15,0.05706675078108499,88,0.06353665562006047,MAP_SCADA,39,0.006469904838975485
5,UPFC_tse,5-15,-2.1196074179549385,88,-2.1957153499703965,MAP_SCADA,39,0.07610793201545807
0,x_tcsc,1-14,-0.1068650757269267,89,-0.10282084727769869,MAP_SCADA,39,0.004044228449228013
1,B_svc,2,0.17718067164134646,89,0.17063268182808,MAP_SCADA,39,0.006547989813266458
2,UPFC_Vsh,5-15,1.1127660092473064,89,1.1083919092205516,MAP_SCADA,39,0.004374100026754757
3,UPFC_tsh,5-15,-0.2373073844773539,89,-0.23894186672585602,MAP_SCADA,39,0.0016344822485021282
4,UPFC_Vse,5-15,0.05689366350326791,89,0.06353665562006047,MAP_SCADA,39,0.006642992116792562
5,UPFC_tse,5-15,-2.117896080173778,89,-2.1957153499703965,MAP_SCADA,39,0.07781926979661868
0,x_tcsc,1-14,-0.10699046471291579,90,-0.10282084727769869,MAP_SCADA,39,0.004169617435217099
1,B_svc,2,0.17719256344522044,90,0.17063268182808,MAP_SCADA,39,0.0065598816171404395
2,UPFC_Vsh,5-15,1.109052539356643,90,1.1083919092205516,MAP_SCADA,39,0.0006606301360914113
3,UPFC_tsh,5-15,-0.23785065622494828,90,-0.23894186672585602,MAP_SCADA,39,0.001091210500907741
4,UPFC_Vse,5-15,0.05830466828765745,90,0.06353665562006047,MAP_SCADA,39,0.005231987332403022
5,UPFC_tse,5-15,-2.120107730975188,90,-2.1957153499703965,MAP_SCADA,39,0.07560761899520863
0,x_tcsc,1-14,-0.10506074381709783,91,-0.10282084727769869,MAP_SCADA,39,0.0022398965393991416
1,B_svc,2,0.18563134723275895,91,0.17063268182808,MAP_SCADA,39,0.014998665404678951
2,UPFC_Vsh,5-15,1.107344280444785,91,1.1083919092205516,MAP_SCADA,39,0.0010476287757665848
3,UPFC_tsh,5-15,-0.24009200989541232,91,-0.23894186672585602,MAP_SCADA,39,0.0011501431695563058
4,UPFC_Vse,5-15,0.05745016323994678,91,0.06353665562006047,MAP_SCADA,39,0.006086492380113689
5,UPFC_tse,5-15,-2.129716491830026,91,-2.1957153499703965,MAP_SCADA,39,0.06599885814037032
0,x_tcsc,1-14,-0.10843316130367997,92,-0.10282084727769869,MAP_SCADA,39,0.00561231402598128
1,B_svc,2,0.171724517507776,92,0.17063268182808,MAP_SCADA,39,0.0010918356796960071
2,UPFC_Vsh,5-15,1.1124955617280345,92,1.1083919092205516,MAP_SCADA,39,0.004103652507482902
3,UPFC_tsh,5-15,-0.23592061914407508,92,-0.23894186672585602,MAP_SCADA,39,0.0030212475817809337
4,UPFC_Vse,5-15,0.05764937454389893,92,0.06353665562006047,MAP_SCADA,39,0.0058872810761615435
5,UPFC_tse,5-15,-2.115887173504994,92,-2.1957153499703965,MAP_SCADA,39,0.07982817646540274
0,x_tcsc,1-14,-0.10527819592613752,93,-0.10282084727769869,MAP_SCADA,39,0.0024573486484388285
1,B_svc,2,0.18394801974922592,93,0.17063268182808,MAP_SCADA,39,0.01331533792114592
2,UPFC_Vsh,5-15,1.1121927994121752,93,1.1083919092205516,MAP_SCADA,39,0.0038008901916235516
3,UPFC_tsh,5-15,-0.23767845269493082,93,-0.23894186672585602,MAP_SCADA,39,0.0012634140309251973
4,UPFC_Vse,5-15,0.05811935876557973,93,0.06353665562006047,MAP_SCADA,39,0.005417296854480745
5,UPFC_tse,5-15,-2.1160067421541595,93,-2.1957153499703965,MAP_SCADA,39,0.07970860781623701
0,x_tcsc,1-14,-0.10848267666552323,94,-0.10282084727769869,MAP_SCADA,39,0.0056618293878245435
1,B_svc,2,0.17129404864009537,94,0.17063268182808,MAP_SCADA,39,0.0006613668120153682
2,UPFC_Vsh,5-15,1.1113930301542858,94,1.1083919092205516,MAP_SCADA,39,0.0030011209337341693
3,UPFC_tsh,5-15,-0.2362084475764398,94,-0.23894186672585602,MAP_SCADA,39,0.0027334191494162163
4,UPFC_Vse,5-15,0.057179680241642564,94,0.06353665562006047,MAP_SCADA,39,0.006356975378417909
5,UPFC_tse,5-15,-2.117519973685605,94,-2.1957153499703965,MAP_SCADA,39,0.07819537628479134
0,x_tcsc,1-14,-0.10609612643226632,95,-0.10282084727769869,MAP_SCADA,39,0.0032752791545676285
1,B_svc,2,0.18034927342603962,95,0.17063268182808,MAP_SCADA,39,0.009716591597959623
2,UPFC_Vsh,5-15,1.1081572271684876,95,1.1083919092205516,MAP_SCADA,39,0.00023468205206400583
3,UPFC_tsh,5-15,-0.23896856849243206,95,-0.23894186672585602,MAP_SCADA,39,2.670176657604273e-05
4,UPFC_Vse,5-15,0.05827706701732483,95,0.06353665562006047,MAP_SCADA,39,0.005259588602735642
5,UPFC_tse,5-15,-2.1231450659637763,95,-2.1957153499703965,MAP_SCADA,39,0.07257028400662024
0,x_tcsc,1-14,-0.11072494674634924,96,-0.10282084727769869,MAP_SCADA,39,0.007904099468650547
1,B_svc,2,0.16382259331556495,96,0.17063268182808,MAP_SCADA,39,0.00681008851251505
2,UPFC_Vsh,5-15,1.1131482719824068,96,1.1083919092205516,MAP_SCADA,39,0.004756362761855204
3,UPFC_tsh,5-15,-0.23519080502005715,96,-0.23894186672585602,MAP_SCADA,39,0.0037510617057988638
4,UPFC_Vse,5-15,0.057372158170830606,96,0.06353665562006047,MAP_SCADA,39,0.0061644974492298665
5,UPFC_tse,5-15,-2.1161767640182254,96,-2.1957153499703965,MAP_SCADA,39,0.07953858595217111
0,x_tcsc,1-14,-0.10717201549915735,97,-0.10282084727769869,MAP_SCADA,39,0.0043511682214586594
1,B_svc,2,0.17993119020529763,97,0.17063268182808,MAP_SCADA,39,0.009298508377217629
2,UPFC_Vsh,5-15,1.1113859768397536,97,1.1083919092205516,MAP_SCADA,39,0.0029940676192019566
3,UPFC_tsh,5-15,-0.23733175664322106,97,-0.23894186672585602,MAP_SCADA,39,0.0016101100826349524
4,UPFC_Vse,5-15,0.05756112498967703,97,0.06353665562006047,MAP_SCADA,39,0.00597553063038344
5,UPFC_tse,5-15,-2.1183860517395594,97,-2.1957153499703965,MAP_SCADA,39,0.07732929823083712
0,x_tcsc,1-14,-0.10794320493711781,98,-0.10282084727769869,MAP_SCADA,39,0.0051223576594191245
1,B_svc,2,0.17594575429682419,98,0.17063268182808,MAP_SCADA,39,0.005313072468744184
2,UPFC_Vsh,5-15,1.1139945785284209,98,1.1083919092205516,MAP_SCADA,39,0.005602669307869235
3,UPFC_tsh,5-15,-0.23616473699877685,98,-0.23894186672585602,MAP_SCADA,39,0.002777129727079164
4,UPFC_Vse,5-15,0.057481413833521275,98,0.06353665562006047,MAP_SCADA,39,0.006055241786539198
5,UPFC_tse,5-15,-2.1167090690392265,98,-2.1957153499703965,MAP_SCADA,39,0.07900628093117001
0,x_tcsc,1-14,-0.10549981687781415,99,-0.10282084727769869,MAP_SCADA,39,0.0026789696001154606
1,B_svc,2,0.18435980766770546,99,0.17063268182808,MAP_SCADA,39,0.01372712583962546
2,UPFC_Vsh,5-15,1.110605632781286,99,1.1083919092205516,MAP_SCADA,39,0.0022137235607344596
3,UPFC_tsh,5-15,-0.23879532010179283,99,-0.23894186672585602,MAP_SCADA,39,0.00014654662406318741
4,UPFC_Vse,5-15,0.0585592895290129,99,0.06353665562006047,MAP_SCADA,39,0.004977366091047569
5,UPFC_tse,5-15,-2.120240844202484,99,-2.1957153499703965,MAP_SCADA,39,0.0754745057679127
0,x_tcsc,1-14,-0.10329353714551051,0,-0.10177440226193647,MAP_SCADA,41,0.0015191348835740387
1,B_svc,2,0.16811519883705064,0,0.1696304623584784,MAP_SCADA,41,0.001515263521427751
2,UPFC_Vsh,5-15,1.1098479333514264,0,1.1093945489559667,MAP_SCADA,41,0.00045338439545972165
3,UPFC_tsh,5-15,-0.23850846755793317,0,-0.24013954761767484,MAP_SCADA,41,0.001631080059741663
4,UPFC_Vse,5-15,0.06280396337550218,0,0.06329343109216622,MAP_SCADA,41,0.000489467716664041
5,UPFC_tse,5-15,-2.189547936028691,0,-2.191750636357216,MAP_SCADA,41,0.002202700328524987
0,x_tcsc,1-14,-0.10333449122731382,1,-0.10177440226193647,MAP_SCADA,41,0.0015600889653773486
1,B_svc,2,0.17229278551833666,1,0.1696304623584784,MAP_SCADA,41,0.0026623231598582597
2,UPFC_Vsh,5-15,1.1074218438606374,1,1.1093945489559667,MAP_SCADA,41,0.001972705095329319
3,UPFC_tsh,5-15,-0.2393005791363044,1,-0.24013954761767484,MAP_SCADA,41,0.000838968481370439
4,UPFC_Vse,5-15,0.06354372417136461,1,0.06329343109216622,MAP_SCADA,41,0.0002502930791983965
5,UPFC_tse,5-15,-2.188008410858818,1,-2.191750636357216,MAP_SCADA,41,0.0037422254983980885
0,x_tcsc,1-14,-0.10362651376837446,2,-0.10177440226193647,MAP_SCADA,41,0.0018521115064379923
1,B_svc,2,0.16919022531694322,2,0.1696304623584784,MAP_SCADA,41,0.0004402370415351742
2,UPFC_Vsh,5-15,1.1102493941878657,2,1.1093945489559667,MAP_SCADA,41,0.0008548452318990485
3,UPFC_tsh,5-15,-0.23849235067663532,2,-0.24013954761767484,MAP_SCADA,41,0.0016471969410395138
4,UPFC_Vse,5-15,0.06320110323422641,2,0.06329343109216622,MAP_SCADA,41,9.232785793980569e-05
5,UPFC_tse,5-15,-2.191367850099842,2,-2.191750636357216,MAP_SCADA,41,0.0003827862573739793
0,x_tcsc,1-14,-0.1022783976113678,3,-0.10177440226193647,MAP_SCADA,41,0.0005039953494313243
1,B_svc,2,0.17447641250969634,3,0.1696304623584784,MAP_SCADA,41,0.004845950151217943
2,UPFC_Vsh,5-15,1.1077086780665086,3,1.1093945489559667,MAP_SCADA,41,0.001685870889458041
3,UPFC_tsh,5-15,-0.239679881625969,3,-0.24013954761767484,MAP_SCADA,41,0.00045966599170582656
4,UPFC_Vse,5-15,0.06420872154220497,3,0.06329343109216622,MAP_SCADA,41,0.0009152904500387554
5,UPFC_tse,5-15,-2.1910131457639017,3,-2.191750636357216,MAP_SCADA,41,0.0007374905933144049
0,x_tcsc,1-14,-0.10394054656344608,4,-0.10177440226193647,MAP_SCADA,41,0.002166144301509604
1,B_svc,2,0.17253418900935183,4,0.1696304623584784,MAP_SCADA,41,0.002903726650873434
2,UPFC_Vsh,5-15,1.1080842679213603,4,1.1093945489559667,MAP_SCADA,41,0.0013102810346063976
3,UPFC_tsh,5-15,-0.23896792048445972,4,-0.24013954761767484,MAP_SCADA,41,0.001171627133215114
4,UPFC_Vse,5-15,0.06280615072875485,4,0.06329343109216622,MAP_SCADA,41,0.00048728036341136316
5,UPFC_tse,5-15,-2.190748734444064,4,-2.191750636357216,MAP_SCADA,41,0.0010019019131521922
0,x_tcsc,1-14,-0.10358721953952944,5,-0.10177440226193647,MAP_SCADA,41,0.0018128172775929707
1,B_svc,2,0.16814849854113137,5,0.1696304623584784,MAP_SCADA,41,0.0014819638173470262
2,UPFC_Vsh,5-15,1.1103570430873901,5,1.1093945489559667,MAP_SCADA,41,0.0009624941314234636
3,UPFC_tsh,5-15,-0.23847268222950582,5,-0.24013954761767484,MAP_SCADA,41,0.0016668653881690143
4,UPFC_Vse,5-15,0.06314489609101118,5,0.06329343109216622,MAP_SCADA,41,0.0001485350011550396
5,UPFC_tse,5-15,-2.190275244913631,5,-2.191750636357216,MAP_SCADA,41,0.0014753914435852167
0,x_tcsc,1-14,-0.10350531559935731,6,-0.10177440226193647,MAP_SCADA,41,0.0017309133374208419
1,B_svc,2,0.16889408616433438,6,0.1696304623584784,MAP_SCADA,41,0.0007363761941440172
2,UPFC_Vsh,5-15,1.1092796634959625,6,1.1093945489559667,MAP_SCADA,41,0.0001148854600041549
3,UPFC_tsh,5-15,-0.2386688698331191,6,-0.24013954761767484,MAP_SCADA,41,0.0014706777845557295
4,UPFC_Vse,5-15,0.06287393598506438,6,0.06329343109216622,MAP_SCADA,41,0.00041949510710183324
5,UPFC_tse,5-15,-2.1904821780911643,6,-2.191750636357216,MAP_SCADA,41,0.0012684582660518195
0,x_tcsc,1-14,-0.10086561566381738,7,-0.10177440226193647,MAP_SCADA,41,0.0009087865981190907
1,B_svc,2,0.17407933738082562,7,0.1696304623584784,MAP_SCADA,41,0.004448875022347226
2,UPFC_Vsh,5-15,1.1095504799373779,7,1.1093945489559667,MAP_SCADA,41,0.00015593098141120088
3,UPFC_tsh,5-15,-0.23927897238709775,7,-0.24013954761767484,MAP_SCADA,41,0.0008605752305770875
4,UPFC_Vse,5-15,0.06312921191592344,7,0.06329343109216622,MAP_SCADA,41,0.0001642191762427775
5,UPFC_tse,5-15,-2.1874008932882796,7,-2.191750636357216,MAP_SCADA,41,0.00434974306893654
0,x_tcsc,1-14,-0.10415892026095726,8,-0.10177440226193647,MAP_SCADA,41,0.0023845179990207854
1,B_svc,2,0.17134587093852688,8,0.1696304623584784,MAP_SCADA,41,0.001715408580048483
2,UPFC_Vsh,5-15,1.107249958845356,8,1.1093945489559667,MAP_SCADA,41,0.0021445901106107446
3,UPFC_tsh,5-15,-0.23866553903984225,8,-0.24013954761767484,MAP_SCADA,41,0.0014740085778325862
4,UPFC_Vse,5-15,0.06362033412494816,8,0.06329343109216622,MAP_SCADA,41,0.0003269030327819472
5,UPFC_tse,5-15,-2.186522927523441,8,-2.191750636357216,MAP_SCADA,41,0.005227708833775324
0,x_tcsc,1-14,-0.10245107087655327,9,-0.10177440226193647,MAP_SCADA,41,0.0006766686146167933
1,B_svc,2,0.1699705773336321,9,0.1696304623584784,MAP_SCADA,41,0.00034011497515371025
2,UPFC_Vsh,5-15,1.1111100280601645,9,1.1093945489559667,MAP_SCADA,41,0.0017154791041977813
3,UPFC_tsh,5-15,-0.23772898479278912,9,-0.24013954761767484,MAP_SCADA,41,0.0024105628248857203
4,UPFC_Vse,5-15,0.06293157188011914,9,0.06329343109216622,MAP_SCADA,41,0.0003618592120470804
5,UPFC_tse,5-15,-2.1889726606857733,9,-2.191750636357216,MAP_SCADA,41,0.0027779756714427783
0,x_tcsc,1-14,-0.10201414245840422,10,-0.10177440226193647,MAP_SCADA,41,0.00023974019646774702
1,B_svc,2,0.1773995230540244,10,0.1696304623584784,MAP_SCADA,41,0.007769060695546004
2,UPFC_Vsh,5-15,1.1078753800386845,10,1.1093945489559667,MAP_SCADA,41,0.0015191689172822098
3,UPFC_tsh,5-15,-0.23991346910294914,10,-0.24013954761767484,MAP_SCADA,41,0.00022607851472569718
4,UPFC_Vse,5-15,0.06350055111044295,10,0.06329343109216622,MAP_SCADA,41,0.00020712001827673243
5,UPFC_tse,5-15,-2.188397089259698,10,-2.191750636357216,MAP_SCADA,41,0.003353547097518117
0,x_tcsc,1-14,-0.10309787691363395,11,-0.10177440226193647,MAP_SCADA,41,0.0013234746516974788
1,B_svc,2,0.17229032263195573,11,0.1696304623584784,MAP_SCADA,41,0.002659860273477338
2,UPFC_Vsh,5-15,1.106829264025858,11,1.1093945489559667,MAP_SCADA,41,0.002565284930108769
3,UPFC_tsh,5-15,-0.23956457706822262,11,-0.24013954761767484,MAP_SCADA,41,0.0005749705494522139
4,UPFC_Vse,5-15,0.06366462202276205,11,0.06329343109216622,MAP_SCADA,41,0.00037119093059582997
5,UPFC_tse,5-15,-2.1891986298807464,11,-2.191750636357216,MAP_SCADA,41,0.0025520064764696926
0,x_tcsc,1-14,-0.10463812009775422,12,-0.10177440226193647,MAP_SCADA,41,0.00286371783581775
1,B_svc,2,0.16853615682973003,12,0.1696304623584784,MAP_SCADA,41,0.0010943055287483683
2,UPFC_Vsh,5-15,1.1081083885543885,12,1.1093945489559667,MAP_SCADA,41,0.0012861604015781403
3,UPFC_tsh,5-15,-0.23874039951966272,12,-0.24013954761767484,MAP_SCADA,41,0.0013991480980121151
4,UPFC_Vse,5-15,0.06357887848112859,12,0.06329343109216622,MAP_SCADA,41,0.00028544738896237043
5,UPFC_tse,5-15,-2.1899085293440548,12,-2.191750636357216,MAP_SCADA,41,0.0018421070131613426
0,x_tcsc,1-14,-0.10326192676854636,13,-0.10177440226193647,MAP_SCADA,41,0.001487524506609883
1,B_svc,2,0.17236389006577532,13,0.1696304623584784,MAP_SCADA,41,0.002733427707296926
2,UPFC_Vsh,5-15,1.10698736772081,13,1.1093945489559667,MAP_SCADA,41,0.002407181235156708
3,UPFC_tsh,5-15,-0.23976528062347388,13,-0.24013954761767484,MAP_SCADA,41,0.00037426699420095577
4,UPFC_Vse,5-15,0.06249443149756003,13,0.06329343109216622,MAP_SCADA,41,0.0007989995946061854
5,UPFC_tse,5-15,-2.196371164920003,13,-2.191750636357216,MAP_SCADA,41,0.004620528562786941
0,x_tcsc,1-14,-0.1030504484184106,14,-0.10177440226193647,MAP_SCADA,41,0.0012760461564741282
1,B_svc,2,0.16997033053296642,14,0.1696304623584784,MAP_SCADA,41,0.0003398681744880283
2,UPFC_Vsh,5-15,1.1110829106317943,14,1.1093945489559667,MAP_SCADA,41,0.0016883616758276432
3,UPFC_tsh,5-15,-0.2378859124752215,14,-0.24013954761767484,MAP_SCADA,41,0.0022536351424533307
4,UPFC_Vse,5-15,0.0626573943935469,14,0.06329343109216622,MAP_SCADA,41,0.0006360366986193217
5,UPFC_tse,5-15,-2.193799530913218,14,-2.191750636357216,MAP_SCADA,41,0.00204889455600199
0,x_tcsc,1-14,-0.10309694119605492,15,-0.10177440226193647,MAP_SCADA,41,0.0013225389341184474
1,B_svc,2,0.16693486271337285,15,0.1696304623584784,MAP_SCADA,41,0.0026955996451055453
2,UPFC_Vsh,5-15,1.112102866085488,15,1.1093945489559667,MAP_SCADA,41,0.0027083171295212427
3,UPFC_tsh,5-15,-0.2382997699364943,15,-0.24013954761767484,MAP_SCADA,41,0.0018397776811805433
4,UPFC_Vse,5-15,0.06256983739626225,15,0.06329343109216622,MAP_SCADA,41,0.0007235936959039679
5,UPFC_tse,5-15,-2.1883812738215953,15,-2.191750636357216,MAP_SCADA,41,0.0033693625356208123
0,x_tcsc,1-14,-0.10217489660297842,16,-0.10177440226193647,MAP_SCADA,41,0.0004004943410419459
1,B_svc,2,0.17394135187656679,16,0.1696304623584784,MAP_SCADA,41,0.00431088951808839
2,UPFC_Vsh,5-15,1.107960262070741,16,1.1093945489559667,MAP_SCADA,41,0.0014342868852257329
3,UPFC_tsh,5-15,-0.239206249885445,16,-0.24013954761767484,MAP_SCADA,41,0.0009332977322298319
4,UPFC_Vse,5-15,0.06271712989685814,16,0.06329343109216622,MAP_SCADA,41,0.0005763011953080766
5,UPFC_tse,5-15,-2.1939130467822623,16,-2.191750636357216,MAP_SCADA,41,0.0021624104250461684
0,x_tcsc,1-14,-0.10454469730310308,17,-0.10177440226193647,MAP_SCADA,41,0.002770295041166604
1,B_svc,2,0.16712461844377577,17,0.1696304623584784,MAP_SCADA,41,0.002505843914702627
2,UPFC_Vsh,5-15,1.109370895589937,17,1.1093945489559667,MAP_SCADA,41,2.365336602960788e-05
3,UPFC_tsh,5-15,-0.23753669429202756,17,-0.24013954761767484,MAP_SCADA,41,0.0026028533256472752
4,UPFC_Vse,5-15,0.06325825102421366,17,0.06329343109216622,MAP_SCADA,41,3.5180067952556016e-05
5,UPFC_tse,5-15,-2.186313396630077,17,-2.191750636357216,MAP_SCADA,41,0.005437239727139165
0,x_tcsc,1-14,-0.10112964944926826,18,-0.10177440226193647,MAP_SCADA,41,0.0006447528126682089
1,B_svc,2,0.17737976177681442,18,0.1696304623584784,MAP_SCADA,41,0.00774929941833602
2,UPFC_Vsh,5-15,1.109702083507929,18,1.1093945489559667,MAP_SCADA,41,0.0003075345519623074
3,UPFC_tsh,5-15,-0.23936642374053496,18,-0.24013954761767484,MAP_SCADA,41,0.0007731238771398752
4,UPFC_Vse,5-15,0.06363139956315816,18,0.06329343109216622,MAP_SCADA,41,0.0003379684709919478
5,UPFC_tse,5-15,-2.1903458498537542,18,-2.191750636357216,MAP_SCADA,41,0.0014047865034618745
0,x_tcsc,1-14,-0.10321435202359344,19,-0.10177440226193647,MAP_SCADA,41,0.0014399497616569695
1,B_svc,2,0.16810748723890664,19,0.1696304623584784,MAP_SCADA,41,0.0015229751195717511
2,UPFC_Vsh,5-15,1.1100965594026282,19,1.1093945489559667,MAP_SCADA,41,0.0007020104466615162
3,UPFC_tsh,5-15,-0.23852179981642677,19,-0.24013954761767484,MAP_SCADA,41,0.0016177478012480706
4,UPFC_Vse,5-15,0.0625930905180296,19,0.06329343109216622,MAP_SCADA,41,0.0007003405741366209
5,UPFC_tse,5-15,-2.188351087150795,19,-2.191750636357216,MAP_SCADA,41,0.0033995492064211597
0,x_tcsc,1-14,-0.10354343396284567,20,-0.10177440226193647,MAP_SCADA,41,0.001769031700909196
1,B_svc,2,0.16703463626958456,20,0.1696304623584784,MAP_SCADA,41,0.0025958260888938323
2,UPFC_Vsh,5-15,1.1098341526661635,20,1.1093945489559667,MAP_SCADA,41,0.0004396037101968009
3,UPFC_tsh,5-15,-0.23788774543338145,20,-0.24013954761767484,MAP_SCADA,41,0.0022518021842933833
4,UPFC_Vse,5-15,0.06243570092208961,20,0.06329343109216622,MAP_SCADA,41,0.0008577301700766066
5,UPFC_tse,5-15,-2.191014469814827,20,-2.191750636357216,MAP_SCADA,41,0.0007361665423890607
0,x_tcsc,1-14,-0.10344129310754582,21,-0.10177440226193647,MAP_SCADA,41,0.0016668908456093506
1,B_svc,2,0.1708677144969117,21,0.1696304623584784,MAP_SCADA,41,0.0012372521384333146
2,UPFC_Vsh,5-15,1.1077101992879548,21,1.1093945489559667,MAP_SCADA,41,0.0016843496680118974
3,UPFC_tsh,5-15,-0.23998780930740443,21,-0.24013954761767484,MAP_SCADA,41,0.00015173831027040507
4,UPFC_Vse,5-15,0.06297038816134898,21,0.06329343109216622,MAP_SCADA,41,0.00032304293081723834
5,UPFC_tse,5-15,-2.1940017442066315,21,-2.191750636357216,MAP_SCADA,41,0.0022511078494154013
0,x_tcsc,1-14,-0.10200268563517126,22,-0.10177440226193647,MAP_SCADA,41,0.0002282833732347861
1,B_svc,2,0.17089704393936794,22,0.1696304623584784,MAP_SCADA,41,0.0012665815808895475
2,UPFC_Vsh,5-15,1.11057128340465,22,1.1093945489559667,MAP_SCADA,41,0.0011767344486832698
3,UPFC_tsh,5-15,-0.2383999901081647,22,-0.24013954761767484,MAP_SCADA,41,0.0017395575095101312
4,UPFC_Vse,5-15,0.06284333278504248,22,0.06329343109216622,MAP_SCADA,41,0.0004500983071237391
5,UPFC_tse,5-15,-2.189614887509789,22,-2.191750636357216,MAP_SCADA,41,0.002135748847427177
0,x_tcsc,1-14,-0.10414257550582919,23,-0.10177440226193647,MAP_SCADA,41,0.0023681732438927128
1,B_svc,2,0.17302275696693312,23,0.1696304623584784,MAP_SCADA,41,0.003392294608454721
2,UPFC_Vsh,5-15,1.1062099902680418,23,1.1093945489559667,MAP_SCADA,41,0.0031845586879248877
3,UPFC_tsh,5-15,-0.23899992877224516,23,-0.24013954761767484,MAP_SCADA,41,0.0011396188454296796
4,UPFC_Vse,5-15,0.06331203494101198,23,0.06329343109216622,MAP_SCADA,41,1.8603848845763493e-05
5,UPFC_tse,5-15,-2.193611288444514,23,-2.191750636357216,MAP_SCADA,41,0.0018606520872976873
0,x_tcsc,1-14,-0.10255669398750906,24,-0.10177440226193647,MAP_SCADA,41,0.0007822917255725925
1,B_svc,2,0.17527665408020493,24,0.1696304623584784,MAP_SCADA,41,0.0056461917217265345
2,UPFC_Vsh,5-15,1.110444416352426,24,1.1093945489559667,MAP_SCADA,41,0.001049867396459403
3,UPFC_tsh,5-15,-0.23838245129865002,24,-0.24013954761767484,MAP_SCADA,41,0.00175709631902482
4,UPFC_Vse,5-15,0.06343171498679508,24,0.06329343109216622,MAP_SCADA,41,0.00013828389462886004
5,UPFC_tse,5-15,-2.1934702341448933,24,-2.191750636357216,MAP_SCADA,41,0.0017195977876771629
0,x_tcsc,1-14,-0.10349904714129522,25,-0.10177440226193647,MAP_SCADA,41,0.0017246448793587499
1,B_svc,2,0.16860677052613007,25,0.1696304623584784,MAP_SCADA,41,0.0010236918323483224
2,UPFC_Vsh,5-15,1.1085206473749372,25,1.1093945489559667,MAP_SCADA,41,0.0008739015810295125
3,UPFC_tsh,5-15,-0.2385443264307013,25,-0.24013954761767484,MAP_SCADA,41,0.0015952211869735278
4,UPFC_Vse,5-15,0.06318141056723417,25,0.06329343109216622,MAP_SCADA,41,0.00011202052493204662
5,UPFC_tse,5-15,-2.193211743897714,25,-2.191750636357216,MAP_SCADA,41,0.0014611075404977747
0,x_tcsc,1-14,-0.10344888642509803,26,-0.10177440226193647,MAP_SCADA,41,0.0016744841631615576
1,B_svc,2,0.1684348338944659,26,0.1696304623584784,MAP_SCADA,41,0.0011956284640124992
2,UPFC_Vsh,5-15,1.1093544542233646,26,1.1093945489559667,MAP_SCADA,41,4.009473260202512e-05
3,UPFC_tsh,5-15,-0.23870731257150962,26,-0.24013954761767484,MAP_SCADA,41,0.0014322350461652145
4,UPFC_Vse,5-15,0.06272919858083496,26,0.06329343109216622,MAP_SCADA,41,0.000564232511331253
5,UPFC_tse,5-15,-2.1892722360416754,26,-2.191750636357216,MAP_SCADA,41,0.0024784003155406964
0,x_tcsc,1-14,-0.10324303032860659,27,-0.10177440226193647,MAP_SCADA,41,0.0014686280666701135
1,B_svc,2,0.16582498944584045,27,0.1696304623584784,MAP_SCADA,41,0.0038054729126379416
2,UPFC_Vsh,5-15,1.1092917412852477,27,1.1093945489559667,MAP_SCADA,41,0.00010280767071901842
3,UPFC_tsh,5-15,-0.23786009562888574,27,-0.24013954761767484,MAP_SCADA,41,0.002279451988789094
4,UPFC_Vse,5-15,0.06271511041328849,27,0.06329343109216622,MAP_SCADA,41,0.0005783206788777251
5,UPFC_tse,5-15,-2.1924914175363153,27,-2.191750636357216,MAP_SCADA,41,0.0007407811790991481
0,x_tcsc,1-14,-0.10135196066548283,28,-0.10177440226193647,MAP_SCADA,41,0.000422441596453646
1,B_svc,2,0.17761057228239494,28,0.1696304623584784,MAP_SCADA,41,0.00798010992391654
2,UPFC_Vsh,5-15,1.1083718755136782,28,1.1093945489559667,MAP_SCADA,41,0.0010226734422884576
3,UPFC_tsh,5-15,-0.2395613443581504,28,-0.24013954761767484,MAP_SCADA,41,0.0005782032595244291
4,UPFC_Vse,5-15,0.06346267764598927,28,0.06329343109216622,MAP_SCADA,41,0.00016924655382305476
5,UPFC_tse,5-15,-2.1903041390921896,28,-2.191750636357216,MAP_SCADA,41,0.0014464972650265473
0,x_tcsc,1-14,-0.10515150213842957,29,-0.10177440226193647,MAP_SCADA,41,0.003377099876493095
1,B_svc,2,0.16766234531155627,29,0.1696304623584784,MAP_SCADA,41,0.0019681170469221243
2,UPFC_Vsh,5-15,1.1095725542927521,29,1.1093945489559667,MAP_SCADA,41,0.00017800533678546948
3,UPFC_tsh,5-15,-0.23785749907874235,29,-0.24013954761767484,MAP_SCADA,41,0.0022820485389324907
4,UPFC_Vse,5-15,0.06285327963871028,29,0.06329343109216622,MAP_SCADA,41,0.0004401514534559392
5,UPFC_tse,5-15,-2.1945382243971,29,-2.191750636357216,MAP_SCADA,41,0.0027875880398839925
0,x_tcsc,1-14,-0.10214521014739744,30,-0.10177440226193647,MAP_SCADA,41,0.0003708078854609692
1,B_svc,2,0.1733947782625552,30,0.1696304623584784,MAP_SCADA,41,0.0037643159040768037
2,UPFC_Vsh,5-15,1.108749731528518,30,1.1093945489559667,MAP_SCADA,41,0.0006448174274487073
3,UPFC_tsh,5-15,-0.24003817420459694,30,-0.24013954761767484,MAP_SCADA,41,0.00010137341307789316
4,UPFC_Vse,5-15,0.06354332981972415,30,0.06329343109216622,MAP_SCADA,41,0.00024989872755792897
5,UPFC_tse,5-15,-2.1899562565815236,30,-2.191750636357216,MAP_SCADA,41,0.0017943797756925228
0,x_tcsc,1-14,-0.10186895497271833,31,-0.10177440226193647,MAP_SCADA,41,9.455271078186167e-05
1,B_svc,2,0.1731001895027111,31,0.1696304623584784,MAP_SCADA,41,0.003469727144232715
2,UPFC_Vsh,5-15,1.1089604871881096,31,1.1093945489559667,MAP_SCADA,41,0.0004340617678570968
3,UPFC_tsh,5-15,-0.2393106658119316,31,-0.24013954761767484,MAP_SCADA,41,0.0008288818057432257
4,UPFC_Vse,5-15,0.06361662209310572,31,0.06329343109216622,MAP_SCADA,41,0.00032319100093949893
5,UPFC_tse,5-15,-2.1910202663171208,31,-2.191750636357216,MAP_SCADA,41,0.0007303700400953517
0,x_tcsc,1-14,-0.10199155700575223,32,-0.10177440226193647,MAP_SCADA,41,0.00021715474381575617
1,B_svc,2,0.17562280153400014,32,0.1696304623584784,MAP_SCADA,41,0.005992339175521749
2,UPFC_Vsh,5-15,1.1083810877935076,32,1.1093945489559667,MAP_SCADA,41,0.0010134611624590395
3,UPFC_tsh,5-15,-0.23893318807281042,32,-0.24013954761767484,MAP_SCADA,41,0.0012063595448644215
4,UPFC_Vse,5-15,0.06267661663381953,32,0.06329343109216622,MAP_SCADA,41,0.0006168144583466872
5,UPFC_tse,5-15,-2.1933767411492218,32,-2.191750636357216,MAP_SCADA,41,0.0016261047920056448
0,x_tcsc,1-14,-0.10341776982429712,33,-0.10177440226193647,MAP_SCADA,41,0.0016433675623606508
1,B_svc,2,0.1685857185347648,33,0.1696304623584784,MAP_SCADA,41,0.0010447438237135842
2,UPFC_Vsh,5-15,1.1090690511856047,33,1.1093945489559667,MAP_SCADA,41,0.0003254977703619488
3,UPFC_tsh,5-15,-0.23823230252929914,33,-0.24013954761767484,MAP_SCADA,41,0.0019072450883756975
4,UPFC_Vse,5-15,0.06321292719959012,33,0.06329343109216622,MAP_SCADA,41,8.050389257609203e-05
5,UPFC_tse,5-15,-2.190809317373603,33,-2.191750636357216,MAP_SCADA,41,0.0009413189836129376
0,x_tcsc,1-14,-0.10303751160140999,34,-0.10177440226193647,MAP_SCADA,41,0.0012631093394735171
1,B_svc,2,0.1683284671853949,34,0.1696304623584784,MAP_SCADA,41,0.0013019951730834922
2,UPFC_Vsh,5-15,1.109998361341998,34,1.1093945489559667,MAP_SCADA,41,0.0006038123860312439
3,UPFC_tsh,5-15,-0.2380691737984707,34,-0.24013954761767484,MAP_SCADA,41,0.0020703738192041354
4,UPFC_Vse,5-15,0.0635342444626378,34,0.06329343109216622,MAP_SCADA,41,0.00024081337047159035
5,UPFC_tse,5-15,-2.1878828879669565,34,-2.191750636357216,MAP_SCADA,41,0.0038677483902596066
0,x_tcsc,1-14,-0.10297982083834885,35,-0.10177440226193647,MAP_SCADA,41,0.001205418576412376
1,B_svc,2,0.17046754832647434,35,0.1696304623584784,MAP_SCADA,41,0.0008370859679959486
2,UPFC_Vsh,5-15,1.1112794492291262,35,1.1093945489559667,MAP_SCADA,41,0.0018849002731595732
3,UPFC_tsh,5-15,-0.2385383032127797,35,-0.24013954761767484,MAP_SCADA,41,0.0016012444048951469
4,UPFC_Vse,5-15,0.06367108062868834,35,0.06329343109216622,MAP_SCADA,41,0.00037764953652212607
5,UPFC_tse,5-15,-2.188473680620623,35,-2.191750636357216,MAP_SCADA,41,0.0032769557365930346
0,x_tcsc,1-14,-0.1037433704569016,36,-0.10177440226193647,MAP_SCADA,41,0.001968968194965129
1,B_svc,2,0.17020265351511055,36,0.1696304623584784,MAP_SCADA,41,0.0005721911566321514
2,UPFC_Vsh,5-15,1.1084573576990415,36,1.1093945489559667,MAP_SCADA,41,0.0009371912569251517
3,UPFC_tsh,5-15,-0.2387082284511852,36,-0.24013954761767484,MAP_SCADA,41,0.0014313191664896419
4,UPFC_Vse,5-15,0.06266177121649627,36,0.06329343109216622,MAP_SCADA,41,0.000631659875669946
5,UPFC_tse,5-15,-2.192234184921244,36,-2.191750636357216,MAP_SCADA,41,0.0004835485640279913
0,x_tcsc,1-14,-0.10331206912751367,37,-0.10177440226193647,MAP_SCADA,41,0.0015376668655772002
1,B_svc,2,0.16983444814242962,37,0.1696304623584784,MAP_SCADA,41,0.00020398578395122713
2,UPFC_Vsh,5-15,1.1093899644083485,37,1.1093945489559667,MAP_SCADA,41,4.584547618202706e-06
3,UPFC_tsh,5-15,-0.23805948198578433,37,-0.24013954761767484,MAP_SCADA,41,0.002080065631890504
4,UPFC_Vse,5-15,0.06260338273141129,37,0.06329343109216622,MAP_SCADA,41,0.0006900483607549246
5,UPFC_tse,5-15,-2.194394240818059,37,-2.191750636357216,MAP_SCADA,41,0.0026436044608426634
0,x_tcsc,1-14,-0.10491436820607243,38,-0.10177440226193647,MAP_SCADA,41,0.0031399659441359584
1,B_svc,2,0.1672180740223852,38,0.1696304623584784,MAP_SCADA,41,0.0024123883360931964
2,UPFC_Vsh,5-15,1.1095823920842456,38,1.1093945489559667,MAP_SCADA,41,0.00018784312827890837
3,UPFC_tsh,5-15,-0.23796712750088744,38,-0.24013954761767484,MAP_SCADA,41,0.0021724201167873936
4,UPFC_Vse,5-15,0.06283312149927725,38,0.06329343109216622,MAP_SCADA,41,0.0004603095928889661
5,UPFC_tse,5-15,-2.18825981095042,38,-2.191750636357216,MAP_SCADA,41,0.0034908254067960165
0,x_tcsc,1-14,-0.10472404013278803,39,-0.10177440226193647,MAP_SCADA,41,0.0029496378708515625
1,B_svc,2,0.17177177941619282,39,0.1696304623584784,MAP_SCADA,41,0.0021413170577144203
2,UPFC_Vsh,5-15,1.106130884386145,39,1.1093945489559667,MAP_SCADA,41,0.0032636645698216338
3,UPFC_tsh,5-15,-0.239162445516109,39,-0.24013954761767484,MAP_SCADA,41,0.0009771021015658465
4,UPFC_Vse,5-15,0.06329622775397507,39,0.06329343109216622,MAP_SCADA,41,2.7966618088570705e-06
5,UPFC_tse,5-15,-2.187460536285187,39,-2.191750636357216,MAP_SCADA,41,0.004290100072029013
0,x_tcsc,1-14,-0.10328701279564349,40,-0.10177440226193647,MAP_SCADA,41,0.0015126105337070206
1,B_svc,2,0.1697864442432162,40,0.1696304623584784,MAP_SCADA,41,0.00015598188473781027
2,UPFC_Vsh,5-15,1.1091570589281596,40,1.1093945489559667,MAP_SCADA,41,0.00023749002780704132
3,UPFC_tsh,5-15,-0.23841077906827327,40,-0.24013954761767484,MAP_SCADA,41,0.0017287685494015714
4,UPFC_Vse,5-15,0.06335807687554586,40,0.06329343109216622,MAP_SCADA,41,6.4645783379641e-05
5,UPFC_tse,5-15,-2.188321530167082,40,-2.191750636357216,MAP_SCADA,41,0.0034291061901341457
0,x_tcsc,1-14,-0.10415308358070655,41,-0.10177440226193647,MAP_SCADA,41,0.0023786813187700734
1,B_svc,2,0.1659516229371476,41,0.1696304623584784,MAP_SCADA,41,0.003678839421330793
2,UPFC_Vsh,5-15,1.1088618181516254,41,1.1093945489559667,MAP_SCADA,41,0.0005327308043412415
3,UPFC_tsh,5-15,-0.23803785406369915,41,-0.24013954761767484,MAP_SCADA,41,0.0021016935539756865
4,UPFC_Vse,5-15,0.06317922460371121,41,0.06329343109216622,MAP_SCADA,41,0.00011420648845500425
5,UPFC_tse,5-15,-2.192117927145841,41,-2.191750636357216,MAP_SCADA,41,0.0003672907886249632
0,x_tcsc,1-14,-0.10282328972764497,42,-0.10177440226193647,MAP_SCADA,41,0.0010488874657084979
1,B_svc,2,0.1721197597634059,42,0.1696304623584784,MAP_SCADA,41,0.0024892974049275096
2,UPFC_Vsh,5-15,1.1081902020497665,42,1.1093945489559667,MAP_SCADA,41,0.0012043469062001932
3,UPFC_tsh,5-15,-0.23900538395228121,42,-0.24013954761767484,MAP_SCADA,41,0.0011341636653936227
4,UPFC_Vse,5-15,0.06283176345199303,42,0.06329343109216622,MAP_SCADA,41,0.0004616676401731912
5,UPFC_tse,5-15,-2.1893873032588393,42,-2.191750636357216,MAP_SCADA,41,0.002363333098376774
0,x_tcsc,1-14,-0.10303424453802462,43,-0.10177440226193647,MAP_SCADA,41,0.0012598422760881495
1,B_svc,2,0.17311051925916063,43,0.1696304623584784,MAP_SCADA,41,0.0034800569006822324
2,UPFC_Vsh,5-15,1.107982607035665,43,1.1093945489559667,MAP_SCADA,41,0.0014119419203015848
3,UPFC_tsh,5-15,-0.23927261561656687,43,-0.24013954761767484,MAP_SCADA,41,0.0008669320011079618
4,UPFC_Vse,5-15,0.06356982541230466,43,0.06329343109216622,MAP_SCADA,41,0.0002763943201384428
5,UPFC_tse,5-15,-2.1951217682769553,43,-2.191750636357216,MAP_SCADA,41,0.0033711319197391454
0,x_tcsc,1-14,-0.1027973561626272,44,-0.10177440226193647,MAP_SCADA,41,0.0010229539006907234
1,B_svc,2,0.1681348089727287,44,0.1696304623584784,MAP_SCADA,41,0.0014956533857496956
2,UPFC_Vsh,5-15,1.109787300168,44,1.1093945489559667,MAP_SCADA,41,0.00039275121203341534
3,UPFC_tsh,5-15,-0.23831165948836602,44,-0.24013954761767484,MAP_SCADA,41,0.0018278881293088134
4,UPFC_Vse,5-15,0.06368281985756345,44,0.06329343109216622,MAP_SCADA,41,0.0003893887653972361
5,UPFC_tse,5-15,-2.1854876578376725,44,-2.191750636357216,MAP_SCADA,41,0.006262978519543605
0,x_tcsc,1-14,-0.10221996947708181,45,-0.10177440226193647,MAP_SCADA,41,0.0004455672151453399
1,B_svc,2,0.1768898387398685,45,0.1696304623584784,MAP_SCADA,41,0.007259376381390098
2,UPFC_Vsh,5-15,1.1095156345355885,45,1.1093945489559667,MAP_SCADA,41,0.00012108557962187128
3,UPFC_tsh,5-15,-0.2389523502653847,45,-0.24013954761767484,MAP_SCADA,41,0.0011871973522901424
4,UPFC_Vse,5-15,0.06318314771751779,45,0.06329343109216622,MAP_SCADA,41,0.00011028337464842608
5,UPFC_tse,5-15,-2.193731744557763,45,-2.191750636357216,MAP_SCADA,41,0.001981108200546977
0,x_tcsc,1-14,-0.10209110133794598,46,-0.10177440226193647,MAP_SCADA,41,0.00031669907600950786
1,B_svc,2,0.1749895939957132,46,0.1696304623584784,MAP_SCADA,41,0.00535913163723481
2,UPFC_Vsh,5-15,1.1075689036025793,46,1.1093945489559667,MAP_SCADA,41,0.0018256453533873618
3,UPFC_tsh,5-15,-0.2405839698596442,46,-0.24013954761767484,MAP_SCADA,41,0.0004444222419693611
4,UPFC_Vse,5-15,0.06325877581511731,46,0.06329343109216622,MAP_SCADA,41,3.465527704890614e-05
5,UPFC_tse,5-15,-2.1915658662244795,46,-2.191750636357216,MAP_SCADA,41,0.00018477013273665577
0,x_tcsc,1-14,-0.10430424526697522,47,-0.10177440226193647,MAP_SCADA,41,0.002529843005038751
1,B_svc,2,0.16657044584038416,47,0.1696304623584784,MAP_SCADA,41,0.003060016518094233
2,UPFC_Vsh,5-15,1.1089944570086598,47,1.1093945489559667,MAP_SCADA,41,0.0004000919473068354
3,UPFC_tsh,5-15,-0.23755332848839128,47,-0.24013954761767484,MAP_SCADA,41,0.002586219129283557
4,UPFC_Vse,5-15,0.06325285378388841,47,0.06329343109216622,MAP_SCADA,41,4.0577308277806035e-05
5,UPFC_tse,5-15,-2.1926651756040454,47,-2.191750636357216,MAP_SCADA,41,0.0009145392468292712
0,x_tcsc,1-14,-0.10467341988269523,48,-0.10177440226193647,MAP_SCADA,41,0.0028990176207587537
1,B_svc,2,0.16631328053467387,48,0.1696304623584784,MAP_SCADA,41,0.003317181823804527
2,UPFC_Vsh,5-15,1.109765910581846,48,1.1093945489559667,MAP_SCADA,41,0.00037136162587936283
3,UPFC_tsh,5-15,-0.23718168953869978,48,-0.24013954761767484,MAP_SCADA,41,0.0029578580789750564
4,UPFC_Vse,5-15,0.06257817548573592,48,0.06329343109216622,MAP_SCADA,41,0.0007152556064302928
5,UPFC_tse,5-15,-2.189149825874566,48,-2.191750636357216,MAP_SCADA,41,0.00260081048265004
0,x_tcsc,1-14,-0.10036649413923276,49,-0.10177440226193647,MAP_SCADA,41,0.0014079081227037077
1,B_svc,2,0.1848686799141463,49,0.1696304623584784,MAP_SCADA,41,0.015238217555667899
2,UPFC_Vsh,5-15,1.1056475662275105,49,1.1093945489559667,MAP_SCADA,41,0.003746982728456194
3,UPFC_tsh,5-15,-0.2414821266404511,49,-0.24013954761767484,MAP_SCADA,41,0.0013425790227762635
4,UPFC_Vse,5-15,0.0630950463263788,49,0.06329343109216622,MAP_SCADA,41,0.00019838476578741548
5,UPFC_tse,5-15,-2.1950301431956265,49,-2.191750636357216,MAP_SCADA,41,0.0032795068384103843
0,x_tcsc,1-14,-0.10197953963546616,50,-0.10177440226193647,MAP_SCADA,41,0.00020513737352968742
1,B_svc,2,0.1736852085055039,50,0.1696304623584784,MAP_SCADA,41,0.004054746147025501
2,UPFC_Vsh,5-15,1.1100116771882211,50,1.1093945489559667,MAP_SCADA,41,0.0006171282322544602
3,UPFC_tsh,5-15,-0.2387841569748617,50,-0.24013954761767484,MAP_SCADA,41,0.001355390642813148
4,UPFC_Vse,5-15,0.06333349762164837,50,0.06329343109216622,MAP_SCADA,41,4.006652948215783e-05
5,UPFC_tse,5-15,-2.18884697758656,50,-2.191750636357216,MAP_SCADA,41,0.0029036587706561257
0,x_tcsc,1-14,-0.10287200005996062,51,-0.10177440226193647,MAP_SCADA,41,0.0010975977980241525
1,B_svc,2,0.17435630556991935,51,0.1696304623584784,MAP_SCADA,41,0.004725843211440955
2,UPFC_Vsh,5-15,1.1083789801853865,51,1.1093945489559667,MAP_SCADA,41,0.0010155687705801775
3,UPFC_tsh,5-15,-0.23954156229505957,51,-0.24013954761767484,MAP_SCADA,41,0.0005979853226152632
4,UPFC_Vse,5-15,0.0634631446920625,51,0.06329343109216622,MAP_SCADA,41,0.00016971359989628731
5,UPFC_tse,5-15,-2.193128263603617,51,-2.191750636357216,MAP_SCADA,41,0.001377627246400781
0,x_tcsc,1-14,-0.10324332919686505,52,-0.10177440226193647,MAP_SCADA,41,0.0014689269349285744
1,B_svc,2,0.1696109973659828,52,0.1696304623584784,MAP_SCADA,41,1.9464992495582534e-05
2,UPFC_Vsh,5-15,1.111682729996886,52,1.1093945489559667,MAP_SCADA,41,0.0022881810409194347
3,UPFC_tsh,5-15,-0.2380664599567824,52,-0.24013954761767484,MAP_SCADA,41,0.0020730876608924254
4,UPFC_Vse,5-15,0.0636095662815725,52,0.06329343109216622,MAP_SCADA,41,0.0003161351894062775
5,UPFC_tse,5-15,-2.190966086526349,52,-2.191750636357216,MAP_SCADA,41,0.0007845498308669541
0,x_tcsc,1-14,-0.10136893818338043,53,-0.10177440226193647,MAP_SCADA,41,0.0004054640785560448
1,B_svc,2,0.1763356233567943,53,0.1696304623584784,MAP_SCADA,41,0.006705160998315918
2,UPFC_Vsh,5-15,1.1071755978151345,53,1.1093945489559667,MAP_SCADA,41,0.0022189511408321483
3,UPFC_tsh,5-15,-0.24045414133719084,53,-0.24013954761767484,MAP_SCADA,41,0.00031459371951600423
4,UPFC_Vse,5-15,0.06363480196190133,53,0.06329343109216622,MAP_SCADA,41,0.0003413708697351109
5,UPFC_tse,5-15,-2.1940031377680684,53,-2.191750636357216,MAP_SCADA,41,0.0022525014108523145
0,x_tcsc,1-14,-0.10324843381027872,54,-0.10177440226193647,MAP_SCADA,41,0.0014740315483422473
1,B_svc,2,0.17285646172672728,54,0.1696304623584784,MAP_SCADA,41,0.003225999368248883
2,UPFC_Vsh,5-15,1.1064658011062947,54,1.1093945489559667,MAP_SCADA,41,0.0029287478496720087
3,UPFC_tsh,5-15,-0.24019351975165645,54,-0.24013954761767484,MAP_SCADA,41,5.397213398161682e-05
4,UPFC_Vse,5-15,0.0631805362478855,54,0.06329343109216622,MAP_SCADA,41,0.00011289484428071705
5,UPFC_tse,5-15,-2.1928662900195057,54,-2.191750636357216,MAP_SCADA,41,0.0011156536622896063
0,x_tcsc,1-14,-0.1019788974557904,55,-0.10177440226193647,MAP_SCADA,41,0.0002044951938539319
1,B_svc,2,0.1762892680006951,55,0.1696304623584784,MAP_SCADA,41,0.006658805642216714
2,UPFC_Vsh,5-15,1.1068642261414183,55,1.1093945489559667,MAP_SCADA,41,0.002530322814548347
3,UPFC_tsh,5-15,-0.2403625187434593,55,-0.24013954761767484,MAP_SCADA,41,0.00022297112578445466
4,UPFC_Vse,5-15,0.06392525493854063,55,0.06329343109216622,MAP_SCADA,41,0.0006318238463744186
5,UPFC_tse,5-15,-2.1962706712338904,55,-2.191750636357216,MAP_SCADA,41,0.004520034876674295
0,x_tcsc,1-14,-0.10527974321233675,56,-0.10177440226193647,MAP_SCADA,41,0.003505340950400282
1,B_svc,2,0.167632286351566,56,0.1696304623584784,MAP_SCADA,41,0.0019981760069124055
2,UPFC_Vsh,5-15,1.1086875892260313,56,1.1093945489559667,MAP_SCADA,41,0.0007069597299353969
3,UPFC_tsh,5-15,-0.23816006534123574,56,-0.24013954761767484,MAP_SCADA,41,0.0019794822764390985
4,UPFC_Vse,5-15,0.06254446606212997,56,0.06329343109216622,MAP_SCADA,41,0.0007489650300362416
5,UPFC_tse,5-15,-2.1879062130788323,56,-2.191750636357216,MAP_SCADA,41,0.0038444232783838572
0,x_tcsc,1-14,-0.10179695860865144,57,-0.10177440226193647,MAP_SCADA,41,2.25563467149692e-05
1,B_svc,2,0.17922775758191414,57,0.1696304623584784,MAP_SCADA,41,0.009597295223435748
2,UPFC_Vsh,5-15,1.1053913401140298,57,1.1093945489559667,MAP_SCADA,41,0.004003208841936834
3,UPFC_tsh,5-15,-0.24078070444873179,57,-0.24013954761767484,MAP_SCADA,41,0.0006411568310569493
4,UPFC_Vse,5-15,0.0628623967199648,57,0.06329343109216622,MAP_SCADA,41,0.00043103437220141927
5,UPFC_tse,5-15,-2.19228846799818,57,-2.191750636357216,MAP_SCADA,41,0.0005378316409636597
0,x_tcsc,1-14,-0.10438407717916225,58,-0.10177440226193647,MAP_SCADA,41,0.002609674917225774
1,B_svc,2,0.1710229922972262,58,0.1696304623584784,MAP_SCADA,41,0.0013925299387478052
2,UPFC_Vsh,5-15,1.1084581412862453,58,1.1093945489559667,MAP_SCADA,41,0.0009364076697213619
3,UPFC_tsh,5-15,-0.23826230188521025,58,-0.24013954761767484,MAP_SCADA,41,0.0018772457324645886
4,UPFC_Vse,5-15,0.06312944551932835,58,0.06329343109216622,MAP_SCADA,41,0.00016398557283786586
5,UPFC_tse,5-15,-2.1876418894390635,58,-2.191750636357216,MAP_SCADA,41,0.0041087469181526615
0,x_tcsc,1-14,-0.10383418172265896,59,-0.10177440226193647,MAP_SCADA,41,0.0020597794607224856
1,B_svc,2,0.17312892218344747,59,0.1696304623584784,MAP_SCADA,41,0.0034984598249690746
2,UPFC_Vsh,5-15,1.1072547742868786,59,1.1093945489559667,MAP_SCADA,41,0.0021397746690881014
3,UPFC_tsh,5-15,-0.23890156901931114,59,-0.24013954761767484,MAP_SCADA,41,0.0012379785983636926
4,UPFC_Vse,5-15,0.06299379008888283,59,0.06329343109216622,MAP_SCADA,41,0.0002996410032833907
5,UPFC_tse,5-15,-2.1917922454989034,59,-2.191750636357216,MAP_SCADA,41,4.1609141687271034e-05
0,x_tcsc,1-14,-0.10327191665118586,60,-0.10177440226193647,MAP_SCADA,41,0.001497514389249388
1,B_svc,2,0.16996069385126053,60,0.1696304623584784,MAP_SCADA,41,0.0003302314927821348
2,UPFC_Vsh,5-15,1.1098518577775867,60,1.1093945489559667,MAP_SCADA,41,0.0004573088216199839
3,UPFC_tsh,5-15,-0.23820244736558496,60,-0.24013954761767484,MAP_SCADA,41,0.001937100252089874
4,UPFC_Vse,5-15,0.06292108618224466,60,0.06329343109216622,MAP_SCADA,41,0.00037234490992155145
5,UPFC_tse,5-15,-2.187923879159447,60,-2.191750636357216,MAP_SCADA,41,0.0038267571977690373
0,x_tcsc,1-14,-0.10443203071954701,61,-0.10177440226193647,MAP_SCADA,41,0.002657628457610542
1,B_svc,2,0.16903423354943337,61,0.1696304623584784,MAP_SCADA,41,0.0005962288090450296
2,UPFC_Vsh,5-15,1.110202654342042,61,1.1093945489559667,MAP_SCADA,41,0.0008081053860753418
3,UPFC_tsh,5-15,-0.23777468793642412,61,-0.24013954761767484,MAP_SCADA,41,0.0023648596812507194
4,UPFC_Vse,5-15,0.06314581996839719,61,0.06329343109216622,MAP_SCADA,41,0.00014761112376902863
5,UPFC_tse,5-15,-2.1855869768875538,61,-2.191750636357216,MAP_SCADA,41,0.0061636594696623526
0,x_tcsc,1-14,-0.1018979327156657,62,-0.10177440226193647,MAP_SCADA,41,0.00012353045372923144
1,B_svc,2,0.17427711005926577,62,0.1696304623584784,MAP_SCADA,41,0.004646647700787376
2,UPFC_Vsh,5-15,1.1095015499881347,62,1.1093945489559667,MAP_SCADA,41,0.00010700103216798595
3,UPFC_tsh,5-15,-0.23957433529079633,62,-0.24013954761767484,MAP_SCADA,41,0.0005652123268785059
4,UPFC_Vse,5-15,0.06324467634335171,62,0.06329343109216622,MAP_SCADA,41,4.8754748814508475e-05
5,UPFC_tse,5-15,-2.194724354980753,62,-2.191750636357216,MAP_SCADA,41,0.002973718623537014
0,x_tcsc,1-14,-0.1047565086025988,63,-0.10177440226193647,MAP_SCADA,41,0.00298210634066233
1,B_svc,2,0.16464257816312167,63,0.1696304623584784,MAP_SCADA,41,0.004987884195356729
2,UPFC_Vsh,5-15,1.1108932720561624,63,1.1093945489559667,MAP_SCADA,41,0.0014987231001957202
3,UPFC_tsh,5-15,-0.23730546416250609,63,-0.24013954761767484,MAP_SCADA,41,0.002834083455168751
4,UPFC_Vse,5-15,0.06270315531355272,63,0.06329343109216622,MAP_SCADA,41,0.0005902757786134943
5,UPFC_tse,5-15,-2.1891048347645268,63,-2.191750636357216,MAP_SCADA,41,0.0026458015926893452
0,x_tcsc,1-14,-0.10149762845702923,64,-0.10177440226193647,MAP_SCADA,41,0.000276773804907246
1,B_svc,2,0.17041915878050962,64,0.1696304623584784,MAP_SCADA,41,0.0007886964220312209
2,UPFC_Vsh,5-15,1.1100417205424307,64,1.1093945489559667,MAP_SCADA,41,0.0006471715864639904
3,UPFC_tsh,5-15,-0.23829959354425628,64,-0.24013954761767484,MAP_SCADA,41,0.0018399540734185538
4,UPFC_Vse,5-15,0.06332037722712637,64,0.06329343109216622,MAP_SCADA,41,2.6946134960154078e-05
5,UPFC_tse,5-15,-2.1874300265671645,64,-2.191750636357216,MAP_SCADA,41,0.004320609790051666
0,x_tcsc,1-14,-0.1029503968470731,65,-0.10177440226193647,MAP_SCADA,41,0.0011759945851366332
1,B_svc,2,0.1727546126568781,65,0.1696304623584784,MAP_SCADA,41,0.003124150298399714
2,UPFC_Vsh,5-15,1.1090411589252558,65,1.1093945489559667,MAP_SCADA,41,0.00035339003071088726
3,UPFC_tsh,5-15,-0.2391466538977477,65,-0.24013954761767484,MAP_SCADA,41,0.0009928937199271404
4,UPFC_Vse,5-15,0.06267864255580684,65,0.06329343109216622,MAP_SCADA,41,0.0006147885363593786
5,UPFC_tse,5-15,-2.194609229181598,65,-2.191750636357216,MAP_SCADA,41,0.0028585928243818337
0,x_tcsc,1-14,-0.10255764452678089,66,-0.10177440226193647,MAP_SCADA,41,0.0007832422648444137
1,B_svc,2,0.17335932811787075,66,0.1696304623584784,MAP_SCADA,41,0.0037288657593923524
2,UPFC_Vsh,5-15,1.1067821196443008,66,1.1093945489559667,MAP_SCADA,41,0.0026124293116658315
3,UPFC_tsh,5-15,-0.24009114421968414,66,-0.24013954761767484,MAP_SCADA,41,4.840339799069837e-05
4,UPFC_Vse,5-15,0.06383770986129642,66,0.06329343109216622,MAP_SCADA,41,0.0005442787691301992
5,UPFC_tse,5-15,-2.189975251551576,66,-2.191750636357216,MAP_SCADA,41,0.0017753848056401011
0,x_tcsc,1-14,-0.10257961106253177,67,-0.10177440226193647,MAP_SCADA,41,0.0008052088005953001
1,B_svc,2,0.1742425484016374,67,0.1696304623584784,MAP_SCADA,41,0.004612086043158992
2,UPFC_Vsh,5-15,1.1083253567254918,67,1.1093945489559667,MAP_SCADA,41,0.001069192230474858
3,UPFC_tsh,5-15,-0.23958027079370714,67,-0.24013954761767484,MAP_SCADA,41,0.0005592768239676971
4,UPFC_Vse,5-15,0.06314568162052941,67,0.06329343109216622,MAP_SCADA,41,0.00014774947163680163
5,UPFC_tse,5-15,-2.1901283364202158,67,-2.191750636357216,MAP_SCADA,41,0.00162229993700036
0,x_tcsc,1-14,-0.10263337111071213,68,-0.10177440226193647,MAP_SCADA,41,0.0008589688487756625
1,B_svc,2,0.17100614863303598,68,0.1696304623584784,MAP_SCADA,41,0.001375686274557586
2,UPFC_Vsh,5-15,1.1100202564761716,68,1.1093945489559667,MAP_SCADA,41,0.0006257075202049656
3,UPFC_tsh,5-15,-0.23892424588676187,68,-0.24013954761767484,MAP_SCADA,41,0.001215301730912971
4,UPFC_Vse,5-15,0.06251988918292863,68,0.06329343109216622,MAP_SCADA,41,0.0007735419092375906
5,UPFC_tse,5-15,-2.187948808276476,68,-2.191750636357216,MAP_SCADA,41,0.003801828080740144
0,x_tcsc,1-14,-0.10299316820601115,69,-0.10177440226193647,MAP_SCADA,41,0.0012187659440746762
1,B_svc,2,0.16947360486173987,69,0.1696304623584784,MAP_SCADA,41,0.00015685749673852167
2,UPFC_Vsh,5-15,1.1089815892970292,69,1.1093945489559667,MAP_SCADA,41,0.0004129596589375062
3,UPFC_tsh,5-15,-0.2385254375662905,69,-0.24013954761767484,MAP_SCADA,41,0.0016141100513843432
4,UPFC_Vse,5-15,0.06214377261304217,69,0.06329343109216622,MAP_SCADA,41,0.0011496584791240438
5,UPFC_tse,5-15,-2.1892225229127744,69,-2.191750636357216,MAP_SCADA,41,0.002528113444441704
0,x_tcsc,1-14,-0.10185809716055308,70,-0.10177440226193647,MAP_SCADA,41,8.369489861660695e-05
1,B_svc,2,0.1712652326521477,70,0.1696304623584784,MAP_SCADA,41,0.001634770293669291
2,UPFC_Vsh,5-15,1.1087057236793505,70,1.1093945489559667,MAP_SCADA,41,0.0006888252766161784
3,UPFC_tsh,5-15,-0.2391822748874336,70,-0.24013954761767484,MAP_SCADA,41,0.0009572727302412376
4,UPFC_Vse,5-15,0.06257359134144821,70,0.06329343109216622,MAP_SCADA,41,0.0007198397507180015
5,UPFC_tse,5-15,-2.1913194357175967,70,-2.191750636357216,MAP_SCADA,41,0.00043120063961943345
0,x_tcsc,1-14,-0.10524162761546635,71,-0.10177440226193647,MAP_SCADA,41,0.0034672253535298764
1,B_svc,2,0.16611244629803404,71,0.1696304623584784,MAP_SCADA,41,0.0035180160604443567
2,UPFC_Vsh,5-15,1.1096813062861652,71,1.1093945489559667,MAP_SCADA,41,0.00028675733019856153
3,UPFC_tsh,5-15,-0.23770084547255427,71,-0.24013954761767484,MAP_SCADA,41,0.0024387021451205693
4,UPFC_Vse,5-15,0.06383213767638687,71,0.06329343109216622,MAP_SCADA,41,0.0005387065842206579
5,UPFC_tse,5-15,-2.1861294420596007,71,-2.191750636357216,MAP_SCADA,41,0.005621194297615428
0,x_tcsc,1-14,-0.10233283399276083,72,-0.10177440226193647,MAP_SCADA,41,0.0005584317308243575
1,B_svc,2,0.17345561181975075,72,0.1696304623584784,MAP_SCADA,41,0.0038251494612723536
2,UPFC_Vsh,5-15,1.1081896369708146,72,1.1093945489559667,MAP_SCADA,41,0.0012049119851520462
3,UPFC_tsh,5-15,-0.2390668542505105,72,-0.24013954761767484,MAP_SCADA,41,0.0010726933671643402
4,UPFC_Vse,5-15,0.06308312190652304,72,0.06329343109216622,MAP_SCADA,41,0.00021030918564317325
5,UPFC_tse,5-15,-2.1950210742699534,72,-2.191750636357216,MAP_SCADA,41,0.0032704379127372896
0,x_tcsc,1-14,-0.10300572656616798,73,-0.10177440226193647,MAP_SCADA,41,0.001231324304231507
1,B_svc,2,0.1699124075334846,73,0.1696304623584784,MAP_SCADA,41,0.00028194517500620964
2,UPFC_Vsh,5-15,1.111688763891842,73,1.1093945489559667,MAP_SCADA,41,0.0022942149358753383
3,UPFC_tsh,5-15,-0.23754253964747926,73,-0.24013954761767484,MAP_SCADA,41,0.002597007970195575
4,UPFC_Vse,5-15,0.06295480558574423,73,0.06329343109216622,MAP_SCADA,41,0.00033862550642198286
5,UPFC_tse,5-15,-2.1898784956330895,73,-2.191750636357216,MAP_SCADA,41,0.0018721407241266697
0,x_tcsc,1-14,-0.10514924575789812,74,-0.10177440226193647,MAP_SCADA,41,0.003374843495961649
1,B_svc,2,0.16485838462843566,74,0.1696304623584784,MAP_SCADA,41,0.004772077730042734
2,UPFC_Vsh,5-15,1.1083799244483572,74,1.1093945489559667,MAP_SCADA,41,0.001014624507609474
3,UPFC_tsh,5-15,-0.23760004359913878,74,-0.24013954761767484,MAP_SCADA,41,0.0025395040185360596
4,UPFC_Vse,5-15,0.06298926157265705,74,0.06329343109216622,MAP_SCADA,41,0.0003041695195091648
5,UPFC_tse,5-15,-2.1901337929582283,74,-2.191750636357216,MAP_SCADA,41,0.0016168433989878217
0,x_tcsc,1-14,-0.10232746305722461,75,-0.10177440226193647,MAP_SCADA,41,0.000553060795288135
1,B_svc,2,0.17313561704027464,75,0.1696304623584784,MAP_SCADA,41,0.003505154681796241
2,UPFC_Vsh,5-15,1.1109635601407246,75,1.1093945489559667,MAP_SCADA,41,0.0015690111847579402
3,UPFC_tsh,5-15,-0.2383956924953973,75,-0.24013954761767484,MAP_SCADA,41,0.0017438551222775378
4,UPFC_Vse,5-15,0.06252459057740888,75,0.06329343109216622,MAP_SCADA,41,0.0007688405147573407
5,UPFC_tse,5-15,-2.1931506194433967,75,-2.191750636357216,MAP_SCADA,41,0.0013999830861806117
0,x_tcsc,1-14,-0.10346791682523426,76,-0.10177440226193647,MAP_SCADA,41,0.0016935145632977905
1,B_svc,2,0.16888588364988585,76,0.1696304623584784,MAP_SCADA,41,0.0007445787085925415
2,UPFC_Vsh,5-15,1.1099742200180993,76,1.1093945489559667,MAP_SCADA,41,0.0005796710621326362
3,UPFC_tsh,5-15,-0.23913273123024675,76,-0.24013954761767484,MAP_SCADA,41,0.0010068163874280833
4,UPFC_Vse,5-15,0.06273977661451471,76,0.06329343109216622,MAP_SCADA,41,0.0005536544776515023
5,UPFC_tse,5-15,-2.1907842344148376,76,-2.191750636357216,MAP_SCADA,41,0.0009664019423785142
0,x_tcsc,1-14,-0.1031683208624105,77,-0.10177440226193647,MAP_SCADA,41,0.0013939186004740256
1,B_svc,2,0.16891396732518127,77,0.1696304623584784,MAP_SCADA,41,0.0007164950332971265
2,UPFC_Vsh,5-15,1.1077683373382927,77,1.1093945489559667,MAP_SCADA,41,0.001626211617673956
3,UPFC_tsh,5-15,-0.23970109057894223,77,-0.24013954761767484,MAP_SCADA,41,0.00043845703873260367
4,UPFC_Vse,5-15,0.06299287105766653,77,0.06329343109216622,MAP_SCADA,41,0.00030056003449968616
5,UPFC_tse,5-15,-2.189390037798933,77,-2.191750636357216,MAP_SCADA,41,0.0023605985582833
0,x_tcsc,1-14,-0.1003523763282444,78,-0.10177440226193647,MAP_SCADA,41,0.0014220259336920754
1,B_svc,2,0.1781374744137755,78,0.1696304623584784,MAP_SCADA,41,0.008507012055297108
2,UPFC_Vsh,5-15,1.1064367614323085,78,1.1093945489559667,MAP_SCADA,41,0.002957787523658162
3,UPFC_tsh,5-15,-0.24069360638132725,78,-0.24013954761767484,MAP_SCADA,41,0.0005540587636524152
4,UPFC_Vse,5-15,0.0636058583757046,78,0.06329343109216622,MAP_SCADA,41,0.00031242728353837734
5,UPFC_tse,5-15,-2.1934335928061675,78,-2.191750636357216,MAP_SCADA,41,0.0016829564489513338
0,x_tcsc,1-14,-0.10276773053574277,79,-0.10177440226193647,MAP_SCADA,41,0.0009933282738062987
1,B_svc,2,0.1680802978468382,79,0.1696304623584784,MAP_SCADA,41,0.0015501645116401952
2,UPFC_Vsh,5-15,1.1117810693734493,79,1.1093945489559667,MAP_SCADA,41,0.0023865204174826626
3,UPFC_tsh,5-15,-0.237322468516072,79,-0.24013954761767484,MAP_SCADA,41,0.0028170791016028374
4,UPFC_Vse,5-15,0.06270065158906427,79,0.06329343109216622,MAP_SCADA,41,0.0005927795031019506
5,UPFC_tse,5-15,-2.1869983063602736,79,-2.191750636357216,MAP_SCADA,41,0.004752329996942528
0,x_tcsc,1-14,-0.10316049789480242,80,-0.10177440226193647,MAP_SCADA,41,0.001386095632865944
1,B_svc,2,0.17065832407353948,80,0.1696304623584784,MAP_SCADA,41,0.0010278617150610847
2,UPFC_Vsh,5-15,1.1092538073589127,80,1.1093945489559667,MAP_SCADA,41,0.00014074159705401712
3,UPFC_tsh,5-15,-0.239140938455551,80,-0.24013954761767484,MAP_SCADA,41,0.0009986091621238258
4,UPFC_Vse,5-15,0.063109103691046,80,0.06329343109216622,MAP_SCADA,41,0.0001843274011202184
5,UPFC_tse,5-15,-2.1914075308370156,80,-2.191750636357216,MAP_SCADA,41,0.0003431055202005595
0,x_tcsc,1-14,-0.10041044236733196,81,-0.10177440226193647,MAP_SCADA,41,0.0013639598946045134
1,B_svc,2,0.18123476065321326,81,0.1696304623584784,MAP_SCADA,41,0.01160429829473486
2,UPFC_Vsh,5-15,1.1059665821283136,81,1.1093945489559667,MAP_SCADA,41,0.0034279668276531172
3,UPFC_tsh,5-15,-0.24094205153019474,81,-0.24013954761767484,MAP_SCADA,41,0.0008025039125199029
4,UPFC_Vse,5-15,0.06307815871124836,81,0.06329343109216622,MAP_SCADA,41,0.00021527238091785528
5,UPFC_tse,5-15,-2.195590834076475,81,-2.191750636357216,MAP_SCADA,41,0.003840197719259031
0,x_tcsc,1-14,-0.10457447478471675,82,-0.10177440226193647,MAP_SCADA,41,0.002800072522780278
1,B_svc,2,0.16783207973975625,82,0.1696304623584784,MAP_SCADA,41,0.0017983826187221441
2,UPFC_Vsh,5-15,1.110012346364267,82,1.1093945489559667,MAP_SCADA,41,0.000617797408300369
3,UPFC_tsh,5-15,-0.2376586382346466,82,-0.24013954761767484,MAP_SCADA,41,0.0024809093830282236
4,UPFC_Vse,5-15,0.06331608203981146,82,0.06329343109216622,MAP_SCADA,41,2.2650947645239117e-05
5,UPFC_tse,5-15,-2.1867291866877543,82,-2.191750636357216,MAP_SCADA,41,0.0050214496694618305
0,x_tcsc,1-14,-0.1031657595623476,83,-0.10177440226193647,MAP_SCADA,41,0.0013913573004111224
1,B_svc,2,0.17424357418869788,83,0.1696304623584784,MAP_SCADA,41,0.00461311183021948
2,UPFC_Vsh,5-15,1.1072885960269414,83,1.1093945489559667,MAP_SCADA,41,0.0021059529290252677
3,UPFC_tsh,5-15,-0.23966310880723438,83,-0.24013954761767484,MAP_SCADA,41,0.00047643881044046044
4,UPFC_Vse,5-15,0.06304301881323121,83,0.06329343109216622,MAP_SCADA,41,0.0002504122789350055
5,UPFC_tse,5-15,-2.1962086599650283,83,-2.191750636357216,MAP_SCADA,41,0.004458023607812223
0,x_tcsc,1-14,-0.10333678174264938,84,-0.10177440226193647,MAP_SCADA,41,0.0015623794807129027
1,B_svc,2,0.16992623847206714,84,0.1696304623584784,MAP_SCADA,41,0.0002957761135887471
2,UPFC_Vsh,5-15,1.108396689227261,84,1.1093945489559667,MAP_SCADA,41,0.0009978597287056967
3,UPFC_tsh,5-15,-0.23891537987045408,84,-0.24013954761767484,MAP_SCADA,41,0.0012241677472207557
4,UPFC_Vse,5-15,0.06353080171285039,84,0.06329343109216622,MAP_SCADA,41,0.00023737062068417136
5,UPFC_tse,5-15,-2.1934515204379577,84,-2.191750636357216,MAP_SCADA,41,0.0017008840807415382
0,x_tcsc,1-14,-0.10081655054250013,85,-0.10177440226193647,MAP_SCADA,41,0.0009578517194363395
1,B_svc,2,0.17694535235740244,85,0.1696304623584784,MAP_SCADA,41,0.007314889998924046
2,UPFC_Vsh,5-15,1.1073705397164069,85,1.1093945489559667,MAP_SCADA,41,0.0020240092395598097
3,UPFC_tsh,5-15,-0.2398156892148108,85,-0.24013954761767484,MAP_SCADA,41,0.0003238584028640301
4,UPFC_Vse,5-15,0.06285607316405972,85,0.06329343109216622,MAP_SCADA,41,0.00043735792810649377
5,UPFC_tse,5-15,-2.1933991813687634,85,-2.191750636357216,MAP_SCADA,41,0.00164854501154732
0,x_tcsc,1-14,-0.10456865424775502,86,-0.10177440226193647,MAP_SCADA,41,0.0027942519858185494
1,B_svc,2,0.1666530528575441,86,0.1696304623584784,MAP_SCADA,41,0.0029774095009343082
2,UPFC_Vsh,5-15,1.1106773055855599,86,1.1093945489559667,MAP_SCADA,41,0.001282756629593207
3,UPFC_tsh,5-15,-0.23739767838514195,86,-0.24013954761767484,MAP_SCADA,41,0.0027418692325328897
4,UPFC_Vse,5-15,0.06257029657897878,86,0.06329343109216622,MAP_SCADA,41,0.0007231345131874373
5,UPFC_tse,5-15,-2.189342971517965,86,-2.191750636357216,MAP_SCADA,41,0.0024076648392510336
0,x_tcsc,1-14,-0.1014522893066262,87,-0.10177440226193647,MAP_SCADA,41,0.00032211295531027473
1,B_svc,2,0.1759377983837093,87,0.1696304623584784,MAP_SCADA,41,0.006307336025230897
2,UPFC_Vsh,5-15,1.1075747788641153,87,1.1093945489559667,MAP_SCADA,41,0.0018197700918514137
3,UPFC_tsh,5-15,-0.23996026048803054,87,-0.24013954761767484,MAP_SCADA,41,0.0001792871296442955
4,UPFC_Vse,5-15,0.0631287474103788,87,0.06329343109216622,MAP_SCADA,41,0.000164683681787417
5,UPFC_tse,5-15,-2.192029188740658,87,-2.191750636357216,MAP_SCADA,41,0.00027855238344187683
0,x_tcsc,1-14,-0.10308302753037737,88,-0.10177440226193647,MAP_SCADA,41,0.0013086252684409022
1,B_svc,2,0.17448784950738527,88,0.1696304623584784,MAP_SCADA,41,0.004857387148906878
2,UPFC_Vsh,5-15,1.1061476784346318,88,1.1093945489559667,MAP_SCADA,41,0.003246870521334877
3,UPFC_tsh,5-15,-0.24050589806222702,88,-0.24013954761767484,MAP_SCADA,41,0.0003663504445521881
4,UPFC_Vse,5-15,0.06268005160067479,88,0.06329343109216622,MAP_SCADA,41,0.0006133794914914281
5,UPFC_tse,5-15,-2.190872120562374,88,-2.191750636357216,MAP_SCADA,41,0.0008785157948421052
0,x_tcsc,1-14,-0.10267111452075099,89,-0.10177440226193647,MAP_SCADA,41,0.0008967122588145193
1,B_svc,2,0.16961778126943405,89,0.1696304623584784,MAP_SCADA,41,1.2681089044341842e-05
2,UPFC_Vsh,5-15,1.1079274160944588,89,1.1093945489559667,MAP_SCADA,41,0.0014671328615079027
3,UPFC_tsh,5-15,-0.23875734153579592,89,-0.24013954761767484,MAP_SCADA,41,0.0013822060818789172
4,UPFC_Vse,5-15,0.06317546712596372,89,0.06329343109216622,MAP_SCADA,41,0.00011796396620249172
5,UPFC_tse,5-15,-2.1882457540257323,89,-2.191750636357216,MAP_SCADA,41,0.0035048823314838273
0,x_tcsc,1-14,-0.10613469936333164,90,-0.10177440226193647,MAP_SCADA,41,0.004360297101395169
1,B_svc,2,0.16006816122231587,90,0.1696304623584784,MAP_SCADA,41,0.009562301136162521
2,UPFC_Vsh,5-15,1.1094315761130153,90,1.1093945489559667,MAP_SCADA,41,3.702715704867465e-05
3,UPFC_tsh,5-15,-0.23704302088232218,90,-0.24013954761767484,MAP_SCADA,41,0.003096526735352656
4,UPFC_Vse,5-15,0.06352188556720155,90,0.06329343109216622,MAP_SCADA,41,0.00022845447503533345
5,UPFC_tse,5-15,-2.187971846351272,90,-2.191750636357216,MAP_SCADA,41,0.003778790005944277
0,x_tcsc,1-14,-0.10274183533505725,91,-0.10177440226193647,MAP_SCADA,41,0.000967433073120777
1,B_svc,2,0.1712474167571244,91,0.1696304623584784,MAP_SCADA,41,0.0016169543986460089
2,UPFC_Vsh,5-15,1.1081719272205834,91,1.1093945489559667,MAP_SCADA,41,0.0012226217353832336
3,UPFC_tsh,5-15,-0.23991407693170547,91,-0.24013954761767484,MAP_SCADA,41,0.00022547068596937003
4,UPFC_Vse,5-15,0.06319960057066118,91,0.06329343109216622,MAP_SCADA,41,9.383052150503668e-05
5,UPFC_tse,5-15,-2.189139377730668,91,-2.191750636357216,MAP_SCADA,41,0.0026112586265480964
0,x_tcsc,1-14,-0.10529554962383599,92,-0.10177440226193647,MAP_SCADA,41,0.0035211473618995126
1,B_svc,2,0.164802444766533,92,0.1696304623584784,MAP_SCADA,41,0.004828017591945399
2,UPFC_Vsh,5-15,1.1091574366065957,92,1.1093945489559667,MAP_SCADA,41,0.00023711234937096037
3,UPFC_tsh,5-15,-0.23715858961762765,92,-0.24013954761767484,MAP_SCADA,41,0.0029809580000471902
4,UPFC_Vse,5-15,0.06325685516812932,92,0.06329343109216622,MAP_SCADA,41,3.6575924036899576e-05
5,UPFC_tse,5-15,-2.185841384590449,92,-2.191750636357216,MAP_SCADA,41,0.005909251766766932
0,x_tcsc,1-14,-0.10198001686873225,93,-0.10177440226193647,MAP_SCADA,41,0.00020561460679577315
1,B_svc,2,0.1745075075648837,93,0.1696304623584784,MAP_SCADA,41,0.004877045206405306
2,UPFC_Vsh,5-15,1.1077672411780743,93,1.1093945489559667,MAP_SCADA,41,0.0016273077778923284
3,UPFC_tsh,5-15,-0.24025055114601698,93,-0.24013954761767484,MAP_SCADA,41,0.00011100352834214622
4,UPFC_Vse,5-15,0.06302712550417613,93,0.06329343109216622,MAP_SCADA,41,0.00026630558799008164
5,UPFC_tse,5-15,-2.193898147976288,93,-2.191750636357216,MAP_SCADA,41,0.0021475116190718957
0,x_tcsc,1-14,-0.10240752827041755,94,-0.10177440226193647,MAP_SCADA,41,0.0006331260084810747
1,B_svc,2,0.17267742847899017,94,0.1696304623584784,MAP_SCADA,41,0.0030469661205117793
2,UPFC_Vsh,5-15,1.1060683377314755,94,1.1093945489559667,MAP_SCADA,41,0.0033262112244911712
3,UPFC_tsh,5-15,-0.23966172718881376,94,-0.24013954761767484,MAP_SCADA,41,0.00047782042886107545
4,UPFC_Vse,5-15,0.06356182781739468,94,0.06329343109216622,MAP_SCADA,41,0.0002683967252284647
5,UPFC_tse,5-15,-2.1899317687571993,94,-2.191750636357216,MAP_SCADA,41,0.0018188676000168158
0,x_tcsc,1-14,-0.1015701753308845,95,-0.10177440226193647,MAP_SCADA,41,0.00020422693105197343
1,B_svc,2,0.1739762418767858,95,0.1696304623584784,MAP_SCADA,41,0.004345779518307391
2,UPFC_Vsh,5-15,1.109278096323847,95,1.1093945489559667,MAP_SCADA,41,0.00011645263211956802
3,UPFC_tsh,5-15,-0.23889218641001428,95,-0.24013954761767484,MAP_SCADA,41,0.0012473612076605578
4,UPFC_Vse,5-15,0.06328697888437507,95,0.06329343109216622,MAP_SCADA,41,6.452207791149411e-06
5,UPFC_tse,5-15,-2.194328809564617,95,-2.191750636357216,MAP_SCADA,41,0.0025781732074010577
0,x_tcsc,1-14,-0.10232252245350033,96,-0.10177440226193647,MAP_SCADA,41,0.0005481201915638612
1,B_svc,2,0.17372121612069635,96,0.1696304623584784,MAP_SCADA,41,0.004090753762217958
2,UPFC_Vsh,5-15,1.108048298640947,96,1.1093945489559667,MAP_SCADA,41,0.0013462503150196703
3,UPFC_tsh,5-15,-0.2395526260351638,96,-0.24013954761767484,MAP_SCADA,41,0.0005869215825110297
4,UPFC_Vse,5-15,0.06360226093011265,96,0.06329343109216622,MAP_SCADA,41,0.00030882983794643104
5,UPFC_tse,5-15,-2.1900485756251924,96,-2.191750636357216,MAP_SCADA,41,0.0017020607320237247
0,x_tcsc,1-14,-0.10333071641159243,97,-0.10177440226193647,MAP_SCADA,41,0.0015563141496559574
1,B_svc,2,0.17110006030773722,97,0.1696304623584784,MAP_SCADA,41,0.0014695979492588274
2,UPFC_Vsh,5-15,1.1083044207896122,97,1.1093945489559667,MAP_SCADA,41,0.0010901281663544538
3,UPFC_tsh,5-15,-0.23860190996385314,97,-0.24013954761767484,MAP_SCADA,41,0.0015376376538216996
4,UPFC_Vse,5-15,0.06399735750141623,97,0.06329343109216622,MAP_SCADA,41,0.0007039264092500164
5,UPFC_tse,5-15,-2.19124066642229,97,-2.191750636357216,MAP_SCADA,41,0.0005099699349262465
0,x_tcsc,1-14,-0.10426524521610846,98,-0.10177440226193647,MAP_SCADA,41,0.0024908429541719845
1,B_svc,2,0.17011498705090078,98,0.1696304623584784,MAP_SCADA,41,0.0004845246924223834
2,UPFC_Vsh,5-15,1.1100572819699157,98,1.1093945489559667,MAP_SCADA,41,0.0006627330139490351
3,UPFC_tsh,5-15,-0.23770219494552186,98,-0.24013954761767484,MAP_SCADA,41,0.002437352672152976
4,UPFC_Vse,5-15,0.06334543800654534,98,0.06329343109216622,MAP_SCADA,41,5.2006914379121305e-05
5,UPFC_tse,5-15,-2.193521321270926,98,-2.191750636357216,MAP_SCADA,41,0.0017706849137097969
0,x_tcsc,1-14,-0.10313457559422243,99,-0.10177440226193647,MAP_SCADA,41,0.001360173332285955
1,B_svc,2,0.17001685418981957,99,0.1696304623584784,MAP_SCADA,41,0.00038639183134117627
2,UPFC_Vsh,5-15,1.109765874666147,99,1.1093945489559667,MAP_SCADA,41,0.0003713257101802814
3,UPFC_tsh,5-15,-0.23838836964991572,99,-0.24013954761767484,MAP_SCADA,41,0.0017511779677591155
4,UPFC_Vse,5-15,0.06302138463839355,99,0.06329343109216622,MAP_SCADA,41,0.0002720464537726702
5,UPFC_tse,5-15,-2.187957790781871,99,-2.191750636357216,MAP_SCADA,41,0.003792845575345094
0,x_tcsc,1-14,-0.10329353714551051,0,-0.09895057091375115,MAP_SCADA,43,0.004342966231759365
1,B_svc,2,0.16811519883705064,0,0.16791140385641468,MAP_SCADA,43,0.00020379498063596846
2,UPFC_Vsh,5-15,1.1098479333514264,0,1.1114400293974098,MAP_SCADA,43,0.0015920960459834266
3,UPFC_tsh,5-15,-0.23850846755793317,0,-0.24350699109361115,MAP_SCADA,43,0.004998523535677979
4,UPFC_Vse,5-15,0.06280396337550218,0,0.061608756331860415,MAP_SCADA,43,0.0011952070436417606
5,UPFC_tse,5-15,-2.189547936028691,0,-2.1888404503102423,MAP_SCADA,43,0.0007074857184488081
0,x_tcsc,1-14,-0.10333449122731382,1,-0.09895057091375115,MAP_SCADA,43,0.004383920313562675
1,B_svc,2,0.17229278551833666,1,0.16791140385641468,MAP_SCADA,43,0.004381381661921979
2,UPFC_Vsh,5-15,1.1074218438606374,1,1.1114400293974098,MAP_SCADA,43,0.004018185536772467
3,UPFC_tsh,5-15,-0.2393005791363044,1,-0.24350699109361115,MAP_SCADA,43,0.004206411957306755
4,UPFC_Vse,5-15,0.06354372417136461,1,0.061608756331860415,MAP_SCADA,43,0.001934967839504198
5,UPFC_tse,5-15,-2.188008410858818,1,-2.1888404503102423,MAP_SCADA,43,0.0008320394514242935
0,x_tcsc,1-14,-0.10362651376837446,2,-0.09895057091375115,MAP_SCADA,43,0.004675942854623319
1,B_svc,2,0.16919022531694322,2,0.16791140385641468,MAP_SCADA,43,0.0012788214605285453
2,UPFC_Vsh,5-15,1.1102493941878657,2,1.1114400293974098,MAP_SCADA,43,0.0011906352095440997
3,UPFC_tsh,5-15,-0.23849235067663532,2,-0.24350699109361115,MAP_SCADA,43,0.00501464041697583
4,UPFC_Vse,5-15,0.06320110323422641,2,0.061608756331860415,MAP_SCADA,43,0.0015923469023659959
5,UPFC_tse,5-15,-2.191367850099842,2,-2.1888404503102423,MAP_SCADA,43,0.0025273997895998157
0,x_tcsc,1-14,-0.1022783976113678,3,-0.09895057091375115,MAP_SCADA,43,0.003327826697616651
1,B_svc,2,0.17447641250969634,3,0.16791140385641468,MAP_SCADA,43,0.006565008653281662
2,UPFC_Vsh,5-15,1.1077086780665086,3,1.1114400293974098,MAP_SCADA,43,0.003731351330901189
3,UPFC_tsh,5-15,-0.239679881625969,3,-0.24350699109361115,MAP_SCADA,43,0.0038271094676421424
4,UPFC_Vse,5-15,0.06420872154220497,3,0.061608756331860415,MAP_SCADA,43,0.002599965210344557
5,UPFC_tse,5-15,-2.1910131457639017,3,-2.1888404503102423,MAP_SCADA,43,0.00217269545365939
0,x_tcsc,1-14,-0.10394054656344608,4,-0.09895057091375115,MAP_SCADA,43,0.0049899756496949305
1,B_svc,2,0.17253418900935183,4,0.16791140385641468,MAP_SCADA,43,0.004622785152937153
2,UPFC_Vsh,5-15,1.1080842679213603,4,1.1114400293974098,MAP_SCADA,43,0.0033557614760495458
3,UPFC_tsh,5-15,-0.23896792048445972,4,-0.24350699109361115,MAP_SCADA,43,0.00453907060915143
4,UPFC_Vse,5-15,0.06280615072875485,4,0.061608756331860415,MAP_SCADA,43,0.0011973943968944384
5,UPFC_tse,5-15,-2.190748734444064,4,-2.1888404503102423,MAP_SCADA,43,0.0019082841338216028
0,x_tcsc,1-14,-0.10358721953952944,5,-0.09895057091375115,MAP_SCADA,43,0.004636648625778297
1,B_svc,2,0.16814849854113137,5,0.16791140385641468,MAP_SCADA,43,0.00023709468471669326
2,UPFC_Vsh,5-15,1.1103570430873901,5,1.1114400293974098,MAP_SCADA,43,0.0010829863100196846
3,UPFC_tsh,5-15,-0.23847268222950582,5,-0.24350699109361115,MAP_SCADA,43,0.00503430886410533
4,UPFC_Vse,5-15,0.06314489609101118,5,0.061608756331860415,MAP_SCADA,43,0.001536139759150762
5,UPFC_tse,5-15,-2.190275244913631,5,-2.1888404503102423,MAP_SCADA,43,0.0014347946033885783
0,x_tcsc,1-14,-0.10350531559935731,6,-0.09895057091375115,MAP_SCADA,43,0.0045547446856061685
1,B_svc,2,0.16889408616433438,6,0.16791140385641468,MAP_SCADA,43,0.0009826823079197022
2,UPFC_Vsh,5-15,1.1092796634959625,6,1.1114400293974098,MAP_SCADA,43,0.002160365901447303
3,UPFC_tsh,5-15,-0.2386688698331191,6,-0.24350699109361115,MAP_SCADA,43,0.004838121260492045
4,UPFC_Vse,5-15,0.06287393598506438,6,0.061608756331860415,MAP_SCADA,43,0.0012651796532039683
5,UPFC_tse,5-15,-2.1904821780911643,6,-2.1888404503102423,MAP_SCADA,43,0.0016417277809219755
0,x_tcsc,1-14,-0.10086561566381738,7,-0.09895057091375115,MAP_SCADA,43,0.001915044750066236
1,B_svc,2,0.17407933738082562,7,0.16791140385641468,MAP_SCADA,43,0.006167933524410946
2,UPFC_Vsh,5-15,1.1095504799373779,7,1.1114400293974098,MAP_SCADA,43,0.0018895494600319473
3,UPFC_tsh,5-15,-0.23927897238709775,7,-0.24350699109361115,MAP_SCADA,43,0.004228018706513403
4,UPFC_Vse,5-15,0.06312921191592344,7,0.061608756331860415,MAP_SCADA,43,0.001520455584063024
5,UPFC_tse,5-15,-2.1874008932882796,7,-2.1888404503102423,MAP_SCADA,43,0.0014395570219627452
0,x_tcsc,1-14,-0.10415892026095726,8,-0.09895057091375115,MAP_SCADA,43,0.005208349347206112
1,B_svc,2,0.17134587093852688,8,0.16791140385641468,MAP_SCADA,43,0.0034344670821122025
2,UPFC_Vsh,5-15,1.107249958845356,8,1.1114400293974098,MAP_SCADA,43,0.004190070552053893
3,UPFC_tsh,5-15,-0.23866553903984225,8,-0.24350699109361115,MAP_SCADA,43,0.004841452053768902
4,UPFC_Vse,5-15,0.06362033412494816,8,0.061608756331860415,MAP_SCADA,43,0.0020115777930877488
5,UPFC_tse,5-15,-2.186522927523441,8,-2.1888404503102423,MAP_SCADA,43,0.002317522786801529
0,x_tcsc,1-14,-0.10245107087655327,9,-0.09895057091375115,MAP_SCADA,43,0.00350049996280212
1,B_svc,2,0.1699705773336321,9,0.16791140385641468,MAP_SCADA,43,0.0020591734772174297
2,UPFC_Vsh,5-15,1.1111100280601645,9,1.1114400293974098,MAP_SCADA,43,0.00033000133724536695
3,UPFC_tsh,5-15,-0.23772898479278912,9,-0.24350699109361115,MAP_SCADA,43,0.005778006300822036
4,UPFC_Vse,5-15,0.06293157188011914,9,0.061608756331860415,MAP_SCADA,43,0.0013228155482587212
5,UPFC_tse,5-15,-2.1889726606857733,9,-2.1888404503102423,MAP_SCADA,43,0.00013221037553101667
0,x_tcsc,1-14,-0.10201414245840422,10,-0.09895057091375115,MAP_SCADA,43,0.0030635715446530737
1,B_svc,2,0.1773995230540244,10,0.16791140385641468,MAP_SCADA,43,0.009488119197609723
2,UPFC_Vsh,5-15,1.1078753800386845,10,1.1114400293974098,MAP_SCADA,43,0.003564649358725358
3,UPFC_tsh,5-15,-0.23991346910294914,10,-0.24350699109361115,MAP_SCADA,43,0.003593521990662013
4,UPFC_Vse,5-15,0.06350055111044295,10,0.061608756331860415,MAP_SCADA,43,0.001891794778582534
5,UPFC_tse,5-15,-2.188397089259698,10,-2.1888404503102423,MAP_SCADA,43,0.00044336105054432196
0,x_tcsc,1-14,-0.10309787691363395,11,-0.09895057091375115,MAP_SCADA,43,0.0041473059998828055
1,B_svc,2,0.17229032263195573,11,0.16791140385641468,MAP_SCADA,43,0.0043789187755410575
2,UPFC_Vsh,5-15,1.106829264025858,11,1.1114400293974098,MAP_SCADA,43,0.004610765371551917
3,UPFC_tsh,5-15,-0.23956457706822262,11,-0.24350699109361115,MAP_SCADA,43,0.00394241402538853
4,UPFC_Vse,5-15,0.06366462202276205,11,0.061608756331860415,MAP_SCADA,43,0.0020558656909016315
5,UPFC_tse,5-15,-2.1891986298807464,11,-2.1888404503102423,MAP_SCADA,43,0.00035817957050410243
0,x_tcsc,1-14,-0.10463812009775422,12,-0.09895057091375115,MAP_SCADA,43,0.005687549184003077
1,B_svc,2,0.16853615682973003,12,0.16791140385641468,MAP_SCADA,43,0.0006247529733153512
2,UPFC_Vsh,5-15,1.1081083885543885,12,1.1114400293974098,MAP_SCADA,43,0.0033316408430212885
3,UPFC_tsh,5-15,-0.23874039951966272,12,-0.24350699109361115,MAP_SCADA,43,0.004766591573948431
4,UPFC_Vse,5-15,0.06357887848112859,12,0.061608756331860415,MAP_SCADA,43,0.001970122149268172
5,UPFC_tse,5-15,-2.1899085293440548,12,-2.1888404503102423,MAP_SCADA,43,0.0010680790338124524
0,x_tcsc,1-14,-0.10326192676854636,13,-0.09895057091375115,MAP_SCADA,43,0.00431135585479521
1,B_svc,2,0.17236389006577532,13,0.16791140385641468,MAP_SCADA,43,0.004452486209360645
2,UPFC_Vsh,5-15,1.10698736772081,13,1.1114400293974098,MAP_SCADA,43,0.004452661676599856
3,UPFC_tsh,5-15,-0.23976528062347388,13,-0.24350699109361115,MAP_SCADA,43,0.0037417104701372716
4,UPFC_Vse,5-15,0.06249443149756003,13,0.061608756331860415,MAP_SCADA,43,0.0008856751656996162
5,UPFC_tse,5-15,-2.196371164920003,13,-2.1888404503102423,MAP_SCADA,43,0.007530714609760736
0,x_tcsc,1-14,-0.1030504484184106,14,-0.09895057091375115,MAP_SCADA,43,0.004099877504659455
1,B_svc,2,0.16997033053296642,14,0.16791140385641468,MAP_SCADA,43,0.0020589266765517478
2,UPFC_Vsh,5-15,1.1110829106317943,14,1.1114400293974098,MAP_SCADA,43,0.00035711876561550504
3,UPFC_tsh,5-15,-0.2378859124752215,14,-0.24350699109361115,MAP_SCADA,43,0.005621078618389647
4,UPFC_Vse,5-15,0.0626573943935469,14,0.061608756331860415,MAP_SCADA,43,0.0010486380616864799
5,UPFC_tse,5-15,-2.193799530913218,14,-2.1888404503102423,MAP_SCADA,43,0.004959080602975785
0,x_tcsc,1-14,-0.10309694119605492,15,-0.09895057091375115,MAP_SCADA,43,0.004146370282303774
1,B_svc,2,0.16693486271337285,15,0.16791140385641468,MAP_SCADA,43,0.0009765411430418258
2,UPFC_Vsh,5-15,1.112102866085488,15,1.1114400293974098,MAP_SCADA,43,0.0006628366880780945
3,UPFC_tsh,5-15,-0.2382997699364943,15,-0.24350699109361115,MAP_SCADA,43,0.005207221157116859
4,UPFC_Vse,5-15,0.06256983739626225,15,0.061608756331860415,MAP_SCADA,43,0.0009610810644018336
5,UPFC_tse,5-15,-2.1883812738215953,15,-2.1888404503102423,MAP_SCADA,43,0.0004591764886470173
0,x_tcsc,1-14,-0.10217489660297842,16,-0.09895057091375115,MAP_SCADA,43,0.0032243256892272726
1,B_svc,2,0.17394135187656679,16,0.16791140385641468,MAP_SCADA,43,0.006029948020152109
2,UPFC_Vsh,5-15,1.107960262070741,16,1.1114400293974098,MAP_SCADA,43,0.003479767326668881
3,UPFC_tsh,5-15,-0.239206249885445,16,-0.24350699109361115,MAP_SCADA,43,0.004300741208166148
4,UPFC_Vse,5-15,0.06271712989685814,16,0.061608756331860415,MAP_SCADA,43,0.001108373564997725
5,UPFC_tse,5-15,-2.1939130467822623,16,-2.1888404503102423,MAP_SCADA,43,0.0050725964720199634
0,x_tcsc,1-14,-0.10454469730310308,17,-0.09895057091375115,MAP_SCADA,43,0.0055941263893519305
1,B_svc,2,0.16712461844377577,17,0.16791140385641468,MAP_SCADA,43,0.0007867854126389073
2,UPFC_Vsh,5-15,1.109370895589937,17,1.1114400293974098,MAP_SCADA,43,0.002069133807472756
3,UPFC_tsh,5-15,-0.23753669429202756,17,-0.24350699109361115,MAP_SCADA,43,0.005970296801583591
4,UPFC_Vse,5-15,0.06325825102421366,17,0.061608756331860415,MAP_SCADA,43,0.0016494946923532455
5,UPFC_tse,5-15,-2.186313396630077,17,-2.1888404503102423,MAP_SCADA,43,0.00252705368016537
0,x_tcsc,1-14,-0.10112964944926826,18,-0.09895057091375115,MAP_SCADA,43,0.0021790785355171177
1,B_svc,2,0.17737976177681442,18,0.16791140385641468,MAP_SCADA,43,0.00946835792039974
2,UPFC_Vsh,5-15,1.109702083507929,18,1.1114400293974098,MAP_SCADA,43,0.0017379458894808408
3,UPFC_tsh,5-15,-0.23936642374053496,18,-0.24350699109361115,MAP_SCADA,43,0.004140567353076191
4,UPFC_Vse,5-15,0.06363139956315816,18,0.061608756331860415,MAP_SCADA,43,0.0020226432312977494
5,UPFC_tse,5-15,-2.1903458498537542,18,-2.1888404503102423,MAP_SCADA,43,0.0015053995435119205
0,x_tcsc,1-14,-0.10321435202359344,19,-0.09895057091375115,MAP_SCADA,43,0.004263781109842296
1,B_svc,2,0.16810748723890664,19,0.16791140385641468,MAP_SCADA,43,0.00019608338249196833
2,UPFC_Vsh,5-15,1.1100965594026282,19,1.1114400293974098,MAP_SCADA,43,0.001343469994781632
3,UPFC_tsh,5-15,-0.23852179981642677,19,-0.24350699109361115,MAP_SCADA,43,0.0049851912771843865
4,UPFC_Vse,5-15,0.0625930905180296,19,0.061608756331860415,MAP_SCADA,43,0.0009843341861691807
5,UPFC_tse,5-15,-2.188351087150795,19,-2.1888404503102423,MAP_SCADA,43,0.0004893631594473646
0,x_tcsc,1-14,-0.10354343396284567,20,-0.09895057091375115,MAP_SCADA,43,0.004592863049094523
1,B_svc,2,0.16703463626958456,20,0.16791140385641468,MAP_SCADA,43,0.0008767675868301128
2,UPFC_Vsh,5-15,1.1098341526661635,20,1.1114400293974098,MAP_SCADA,43,0.0016058767312463473
3,UPFC_tsh,5-15,-0.23788774543338145,20,-0.24350699109361115,MAP_SCADA,43,0.005619245660229699
4,UPFC_Vse,5-15,0.06243570092208961,20,0.061608756331860415,MAP_SCADA,43,0.000826944590229195
5,UPFC_tse,5-15,-2.191014469814827,20,-2.1888404503102423,MAP_SCADA,43,0.0021740195045847344
0,x_tcsc,1-14,-0.10344129310754582,21,-0.09895057091375115,MAP_SCADA,43,0.004490722193794677
1,B_svc,2,0.1708677144969117,21,0.16791140385641468,MAP_SCADA,43,0.002956310640497034
2,UPFC_Vsh,5-15,1.1077101992879548,21,1.1114400293974098,MAP_SCADA,43,0.0037298301094550457
3,UPFC_tsh,5-15,-0.23998780930740443,21,-0.24350699109361115,MAP_SCADA,43,0.003519181786206721
4,UPFC_Vse,5-15,0.06297038816134898,21,0.061608756331860415,MAP_SCADA,43,0.0013616318294885632
5,UPFC_tse,5-15,-2.1940017442066315,21,-2.1888404503102423,MAP_SCADA,43,0.005161293896389196
0,x_tcsc,1-14,-0.10200268563517126,22,-0.09895057091375115,MAP_SCADA,43,0.0030521147214201128
1,B_svc,2,0.17089704393936794,22,0.16791140385641468,MAP_SCADA,43,0.002985640082953267
2,UPFC_Vsh,5-15,1.11057128340465,22,1.1114400293974098,MAP_SCADA,43,0.0008687459927598784
3,UPFC_tsh,5-15,-0.2383999901081647,22,-0.24350699109361115,MAP_SCADA,43,0.005107000985446447
4,UPFC_Vse,5-15,0.06284333278504248,22,0.061608756331860415,MAP_SCADA,43,0.0012345764531820624
5,UPFC_tse,5-15,-2.189614887509789,22,-2.1888404503102423,MAP_SCADA,43,0.0007744371995466182
0,x_tcsc,1-14,-0.10414257550582919,23,-0.09895057091375115,MAP_SCADA,43,0.0051920045920780394
1,B_svc,2,0.17302275696693312,23,0.16791140385641468,MAP_SCADA,43,0.005111353110518441
2,UPFC_Vsh,5-15,1.1062099902680418,23,1.1114400293974098,MAP_SCADA,43,0.005230039129368036
3,UPFC_tsh,5-15,-0.23899992877224516,23,-0.24350699109361115,MAP_SCADA,43,0.0045070623213659955
4,UPFC_Vse,5-15,0.06331203494101198,23,0.061608756331860415,MAP_SCADA,43,0.001703278609151565
5,UPFC_tse,5-15,-2.193611288444514,23,-2.1888404503102423,MAP_SCADA,43,0.004770838134271482
0,x_tcsc,1-14,-0.10255669398750906,24,-0.09895057091375115,MAP_SCADA,43,0.003606123073757919
1,B_svc,2,0.17527665408020493,24,0.16791140385641468,MAP_SCADA,43,0.007365250223790254
2,UPFC_Vsh,5-15,1.110444416352426,24,1.1114400293974098,MAP_SCADA,43,0.0009956130449837453
3,UPFC_tsh,5-15,-0.23838245129865002,24,-0.24350699109361115,MAP_SCADA,43,0.005124539794961136
4,UPFC_Vse,5-15,0.06343171498679508,24,0.061608756331860415,MAP_SCADA,43,0.0018229586549346616
5,UPFC_tse,5-15,-2.1934702341448933,24,-2.1888404503102423,MAP_SCADA,43,0.004629783834650958
0,x_tcsc,1-14,-0.10349904714129522,25,-0.09895057091375115,MAP_SCADA,43,0.0045484762275440765
1,B_svc,2,0.16860677052613007,25,0.16791140385641468,MAP_SCADA,43,0.0006953666697153971
2,UPFC_Vsh,5-15,1.1085206473749372,25,1.1114400293974098,MAP_SCADA,43,0.0029193820224726608
3,UPFC_tsh,5-15,-0.2385443264307013,25,-0.24350699109361115,MAP_SCADA,43,0.004962664662909844
4,UPFC_Vse,5-15,0.06318141056723417,25,0.061608756331860415,MAP_SCADA,43,0.001572654235373755
5,UPFC_tse,5-15,-2.193211743897714,25,-2.1888404503102423,MAP_SCADA,43,0.00437129358747157
0,x_tcsc,1-14,-0.10344888642509803,26,-0.09895057091375115,MAP_SCADA,43,0.004498315511346884
1,B_svc,2,0.1684348338944659,26,0.16791140385641468,MAP_SCADA,43,0.0005234300380512202
2,UPFC_Vsh,5-15,1.1093544542233646,26,1.1114400293974098,MAP_SCADA,43,0.0020855751740451733
3,UPFC_tsh,5-15,-0.23870731257150962,26,-0.24350699109361115,MAP_SCADA,43,0.00479967852210153
4,UPFC_Vse,5-15,0.06272919858083496,26,0.061608756331860415,MAP_SCADA,43,0.0011204422489745486
5,UPFC_tse,5-15,-2.1892722360416754,26,-2.1888404503102423,MAP_SCADA,43,0.0004317857314330986
0,x_tcsc,1-14,-0.10324303032860659,27,-0.09895057091375115,MAP_SCADA,43,0.00429245941485544
1,B_svc,2,0.16582498944584045,27,0.16791140385641468,MAP_SCADA,43,0.002086414410574222
2,UPFC_Vsh,5-15,1.1092917412852477,27,1.1114400293974098,MAP_SCADA,43,0.0021482881121621666
3,UPFC_tsh,5-15,-0.23786009562888574,27,-0.24350699109361115,MAP_SCADA,43,0.00564689546472541
4,UPFC_Vse,5-15,0.06271511041328849,27,0.061608756331860415,MAP_SCADA,43,0.0011063540814280765
5,UPFC_tse,5-15,-2.1924914175363153,27,-2.1888404503102423,MAP_SCADA,43,0.003650967226072943
0,x_tcsc,1-14,-0.10135196066548283,28,-0.09895057091375115,MAP_SCADA,43,0.0024013897517316807
1,B_svc,2,0.17761057228239494,28,0.16791140385641468,MAP_SCADA,43,0.009699168425980259
2,UPFC_Vsh,5-15,1.1083718755136782,28,1.1114400293974098,MAP_SCADA,43,0.003068153883731606
3,UPFC_tsh,5-15,-0.2395613443581504,28,-0.24350699109361115,MAP_SCADA,43,0.003945646735460745
4,UPFC_Vse,5-15,0.06346267764598927,28,0.061608756331860415,MAP_SCADA,43,0.0018539213141288563
5,UPFC_tse,5-15,-2.1903041390921896,28,-2.1888404503102423,MAP_SCADA,43,0.0014636887819472477
0,x_tcsc,1-14,-0.10515150213842957,29,-0.09895057091375115,MAP_SCADA,43,0.0062009312246784215
1,B_svc,2,0.16766234531155627,29,0.16791140385641468,MAP_SCADA,43,0.00024905854485840484
2,UPFC_Vsh,5-15,1.1095725542927521,29,1.1114400293974098,MAP_SCADA,43,0.0018674751046576787
3,UPFC_tsh,5-15,-0.23785749907874235,29,-0.24350699109361115,MAP_SCADA,43,0.005649492014868807
4,UPFC_Vse,5-15,0.06285327963871028,29,0.061608756331860415,MAP_SCADA,43,0.0012445233068498623
5,UPFC_tse,5-15,-2.1945382243971,29,-2.1888404503102423,MAP_SCADA,43,0.0056977740868577875
0,x_tcsc,1-14,-0.10214521014739744,30,-0.09895057091375115,MAP_SCADA,43,0.003194639233646296
1,B_svc,2,0.1733947782625552,30,0.16791140385641468,MAP_SCADA,43,0.005483374406140523
2,UPFC_Vsh,5-15,1.108749731528518,30,1.1114400293974098,MAP_SCADA,43,0.0026902978688918555
3,UPFC_tsh,5-15,-0.24003817420459694,30,-0.24350699109361115,MAP_SCADA,43,0.003468816889014209
4,UPFC_Vse,5-15,0.06354332981972415,30,0.061608756331860415,MAP_SCADA,43,0.0019345734878637305
5,UPFC_tse,5-15,-2.1899562565815236,30,-2.1888404503102423,MAP_SCADA,43,0.0011158062712812722
0,x_tcsc,1-14,-0.10186895497271833,31,-0.09895057091375115,MAP_SCADA,43,0.0029183840589671883
1,B_svc,2,0.1731001895027111,31,0.16791140385641468,MAP_SCADA,43,0.005188785646296434
2,UPFC_Vsh,5-15,1.1089604871881096,31,1.1114400293974098,MAP_SCADA,43,0.002479542209300245
3,UPFC_tsh,5-15,-0.2393106658119316,31,-0.24350699109361115,MAP_SCADA,43,0.0041963252816795416
4,UPFC_Vse,5-15,0.06361662209310572,31,0.061608756331860415,MAP_SCADA,43,0.0020078657612453005
5,UPFC_tse,5-15,-2.1910202663171208,31,-2.1888404503102423,MAP_SCADA,43,0.0021798160068784433
0,x_tcsc,1-14,-0.10199155700575223,32,-0.09895057091375115,MAP_SCADA,43,0.003040986092001083
1,B_svc,2,0.17562280153400014,32,0.16791140385641468,MAP_SCADA,43,0.007711397677585469
2,UPFC_Vsh,5-15,1.1083810877935076,32,1.1114400293974098,MAP_SCADA,43,0.0030589416039021877
3,UPFC_tsh,5-15,-0.23893318807281042,32,-0.24350699109361115,MAP_SCADA,43,0.004573803020800737
4,UPFC_Vse,5-15,0.06267661663381953,32,0.061608756331860415,MAP_SCADA,43,0.0010678603019591143
5,UPFC_tse,5-15,-2.1933767411492218,32,-2.1888404503102423,MAP_SCADA,43,0.00453629083897944
0,x_tcsc,1-14,-0.10341776982429712,33,-0.09895057091375115,MAP_SCADA,43,0.0044671989105459775
1,B_svc,2,0.1685857185347648,33,0.16791140385641468,MAP_SCADA,43,0.0006743146783501353
2,UPFC_Vsh,5-15,1.1090690511856047,33,1.1114400293974098,MAP_SCADA,43,0.002370978211805097
3,UPFC_tsh,5-15,-0.23823230252929914,33,-0.24350699109361115,MAP_SCADA,43,0.005274688564312013
4,UPFC_Vse,5-15,0.06321292719959012,33,0.061608756331860415,MAP_SCADA,43,0.0016041708677297095
5,UPFC_tse,5-15,-2.190809317373603,33,-2.1888404503102423,MAP_SCADA,43,0.0019688670633608574
0,x_tcsc,1-14,-0.10303751160140999,34,-0.09895057091375115,MAP_SCADA,43,0.004086940687658844
1,B_svc,2,0.1683284671853949,34,0.16791140385641468,MAP_SCADA,43,0.00041706332898022724
2,UPFC_Vsh,5-15,1.109998361341998,34,1.1114400293974098,MAP_SCADA,43,0.0014416680554119043
3,UPFC_tsh,5-15,-0.2380691737984707,34,-0.24350699109361115,MAP_SCADA,43,0.005437817295140451
4,UPFC_Vse,5-15,0.0635342444626378,34,0.061608756331860415,MAP_SCADA,43,0.001925488130777392
5,UPFC_tse,5-15,-2.1878828879669565,34,-2.1888404503102423,MAP_SCADA,43,0.0009575623432858116
0,x_tcsc,1-14,-0.10297982083834885,35,-0.09895057091375115,MAP_SCADA,43,0.004029249924597703
1,B_svc,2,0.17046754832647434,35,0.16791140385641468,MAP_SCADA,43,0.002556144470059668
2,UPFC_Vsh,5-15,1.1112794492291262,35,1.1114400293974098,MAP_SCADA,43,0.00016058016828357502
3,UPFC_tsh,5-15,-0.2385383032127797,35,-0.24350699109361115,MAP_SCADA,43,0.004968687880831463
4,UPFC_Vse,5-15,0.06367108062868834,35,0.061608756331860415,MAP_SCADA,43,0.0020623242968279276
5,UPFC_tse,5-15,-2.188473680620623,35,-2.1888404503102423,MAP_SCADA,43,0.0003667696896192396
0,x_tcsc,1-14,-0.1037433704569016,36,-0.09895057091375115,MAP_SCADA,43,0.0047927995431504555
1,B_svc,2,0.17020265351511055,36,0.16791140385641468,MAP_SCADA,43,0.002291249658695871
2,UPFC_Vsh,5-15,1.1084573576990415,36,1.1114400293974098,MAP_SCADA,43,0.0029826716983683
3,UPFC_tsh,5-15,-0.2387082284511852,36,-0.24350699109361115,MAP_SCADA,43,0.004798762642425958
4,UPFC_Vse,5-15,0.06266177121649627,36,0.061608756331860415,MAP_SCADA,43,0.0010530148846358556
5,UPFC_tse,5-15,-2.192234184921244,36,-2.1888404503102423,MAP_SCADA,43,0.0033937346110017863
0,x_tcsc,1-14,-0.10331206912751367,37,-0.09895057091375115,MAP_SCADA,43,0.004361498213762527
1,B_svc,2,0.16983444814242962,37,0.16791140385641468,MAP_SCADA,43,0.0019230442860149466
2,UPFC_Vsh,5-15,1.1093899644083485,37,1.1114400293974098,MAP_SCADA,43,0.002050064989061351
3,UPFC_tsh,5-15,-0.23805948198578433,37,-0.24350699109361115,MAP_SCADA,43,0.00544750910782682
4,UPFC_Vse,5-15,0.06260338273141129,37,0.061608756331860415,MAP_SCADA,43,0.000994626399550877
5,UPFC_tse,5-15,-2.194394240818059,37,-2.1888404503102423,MAP_SCADA,43,0.0055537905078164584
0,x_tcsc,1-14,-0.10491436820607243,38,-0.09895057091375115,MAP_SCADA,43,0.005963797292321285
1,B_svc,2,0.1672180740223852,38,0.16791140385641468,MAP_SCADA,43,0.0006933298340294769
2,UPFC_Vsh,5-15,1.1095823920842456,38,1.1114400293974098,MAP_SCADA,43,0.0018576373131642399
3,UPFC_tsh,5-15,-0.23796712750088744,38,-0.24350699109361115,MAP_SCADA,43,0.005539863592723709
4,UPFC_Vse,5-15,0.06283312149927725,38,0.061608756331860415,MAP_SCADA,43,0.0012243651674168354
5,UPFC_tse,5-15,-2.18825981095042,38,-2.1888404503102423,MAP_SCADA,43,0.0005806393598222215
0,x_tcsc,1-14,-0.10472404013278803,39,-0.09895057091375115,MAP_SCADA,43,0.005773469219036889
1,B_svc,2,0.17177177941619282,39,0.16791140385641468,MAP_SCADA,43,0.0038603755597781397
2,UPFC_Vsh,5-15,1.106130884386145,39,1.1114400293974098,MAP_SCADA,43,0.005309145011264782
3,UPFC_tsh,5-15,-0.239162445516109,39,-0.24350699109361115,MAP_SCADA,43,0.004344545577502162
4,UPFC_Vse,5-15,0.06329622775397507,39,0.061608756331860415,MAP_SCADA,43,0.0016874714221146586
5,UPFC_tse,5-15,-2.187460536285187,39,-2.1888404503102423,MAP_SCADA,43,0.0013799140250552178
0,x_tcsc,1-14,-0.10328701279564349,40,-0.09895057091375115,MAP_SCADA,43,0.004336441881892347
1,B_svc,2,0.1697864442432162,40,0.16791140385641468,MAP_SCADA,43,0.0018750403868015297
2,UPFC_Vsh,5-15,1.1091570589281596,40,1.1114400293974098,MAP_SCADA,43,0.0022829704692501895
3,UPFC_tsh,5-15,-0.23841077906827327,40,-0.24350699109361115,MAP_SCADA,43,0.005096212025337887
4,UPFC_Vse,5-15,0.06335807687554586,40,0.061608756331860415,MAP_SCADA,43,0.0017493205436854425
5,UPFC_tse,5-15,-2.188321530167082,40,-2.1888404503102423,MAP_SCADA,43,0.0005189201431603507
0,x_tcsc,1-14,-0.10415308358070655,41,-0.09895057091375115,MAP_SCADA,43,0.0052025126669554
1,B_svc,2,0.1659516229371476,41,0.16791140385641468,MAP_SCADA,43,0.0019597809192670734
2,UPFC_Vsh,5-15,1.1088618181516254,41,1.1114400293974098,MAP_SCADA,43,0.0025782112457843898
3,UPFC_tsh,5-15,-0.23803785406369915,41,-0.24350699109361115,MAP_SCADA,43,0.005469137029912002
4,UPFC_Vse,5-15,0.06317922460371121,41,0.061608756331860415,MAP_SCADA,43,0.0015704682718507973
5,UPFC_tse,5-15,-2.192117927145841,41,-2.1888404503102423,MAP_SCADA,43,0.0032774768355987582
0,x_tcsc,1-14,-0.10282328972764497,42,-0.09895057091375115,MAP_SCADA,43,0.0038727188138938246
1,B_svc,2,0.1721197597634059,42,0.16791140385641468,MAP_SCADA,43,0.004208355906991229
2,UPFC_Vsh,5-15,1.1081902020497665,42,1.1114400293974098,MAP_SCADA,43,0.0032498273476433415
3,UPFC_tsh,5-15,-0.23900538395228121,42,-0.24350699109361115,MAP_SCADA,43,0.0045016071413299386
4,UPFC_Vse,5-15,0.06283176345199303,42,0.061608756331860415,MAP_SCADA,43,0.0012230071201326104
5,UPFC_tse,5-15,-2.1893873032588393,42,-2.1888404503102423,MAP_SCADA,43,0.0005468529485970208
0,x_tcsc,1-14,-0.10303424453802462,43,-0.09895057091375115,MAP_SCADA,43,0.004083673624273476
1,B_svc,2,0.17311051925916063,43,0.16791140385641468,MAP_SCADA,43,0.005199115402745952
2,UPFC_Vsh,5-15,1.107982607035665,43,1.1114400293974098,MAP_SCADA,43,0.003457422361744733
3,UPFC_tsh,5-15,-0.23927261561656687,43,-0.24350699109361115,MAP_SCADA,43,0.004234375477044278
4,UPFC_Vse,5-15,0.06356982541230466,43,0.061608756331860415,MAP_SCADA,43,0.0019610690804442443
5,UPFC_tse,5-15,-2.1951217682769553,43,-2.1888404503102423,MAP_SCADA,43,0.00628131796671294
0,x_tcsc,1-14,-0.1027973561626272,44,-0.09895057091375115,MAP_SCADA,43,0.00384678524887605
1,B_svc,2,0.1681348089727287,44,0.16791140385641468,MAP_SCADA,43,0.00022340511631402382
2,UPFC_Vsh,5-15,1.109787300168,44,1.1114400293974098,MAP_SCADA,43,0.0016527292294097329
3,UPFC_tsh,5-15,-0.23831165948836602,44,-0.24350699109361115,MAP_SCADA,43,0.005195331605245129
4,UPFC_Vse,5-15,0.06368281985756345,44,0.061608756331860415,MAP_SCADA,43,0.0020740635257030376
5,UPFC_tse,5-15,-2.1854876578376725,44,-2.1888404503102423,MAP_SCADA,43,0.00335279247256981
0,x_tcsc,1-14,-0.10221996947708181,45,-0.09895057091375115,MAP_SCADA,43,0.0032693985633306666
1,B_svc,2,0.1768898387398685,45,0.16791140385641468,MAP_SCADA,43,0.008978434883453817
2,UPFC_Vsh,5-15,1.1095156345355885,45,1.1114400293974098,MAP_SCADA,43,0.001924394861821277
3,UPFC_tsh,5-15,-0.2389523502653847,45,-0.24350699109361115,MAP_SCADA,43,0.004554640828226458
4,UPFC_Vse,5-15,0.06318314771751779,45,0.061608756331860415,MAP_SCADA,43,0.0015743913856573755
5,UPFC_tse,5-15,-2.193731744557763,45,-2.1888404503102423,MAP_SCADA,43,0.004891294247520772
0,x_tcsc,1-14,-0.10209110133794598,46,-0.09895057091375115,MAP_SCADA,43,0.0031405304241948345
1,B_svc,2,0.1749895939957132,46,0.16791140385641468,MAP_SCADA,43,0.007078190139298529
2,UPFC_Vsh,5-15,1.1075689036025793,46,1.1114400293974098,MAP_SCADA,43,0.00387112579483051
3,UPFC_tsh,5-15,-0.2405839698596442,46,-0.24350699109361115,MAP_SCADA,43,0.002923021233966955
4,UPFC_Vse,5-15,0.06325877581511731,46,0.061608756331860415,MAP_SCADA,43,0.0016500194832568954
5,UPFC_tse,5-15,-2.1915658662244795,46,-2.1888404503102423,MAP_SCADA,43,0.0027254159142371392
0,x_tcsc,1-14,-0.10430424526697522,47,-0.09895057091375115,MAP_SCADA,43,0.005353674353224078
1,B_svc,2,0.16657044584038416,47,0.16791140385641468,MAP_SCADA,43,0.0013409580160305135
2,UPFC_Vsh,5-15,1.1089944570086598,47,1.1114400293974098,MAP_SCADA,43,0.0024455723887499836
3,UPFC_tsh,5-15,-0.23755332848839128,47,-0.24350699109361115,MAP_SCADA,43,0.005953662605219873
4,UPFC_Vse,5-15,0.06325285378388841,47,0.061608756331860415,MAP_SCADA,43,0.0016440974520279955
5,UPFC_tse,5-15,-2.1926651756040454,47,-2.1888404503102423,MAP_SCADA,43,0.0038247252938030663
0,x_tcsc,1-14,-0.10467341988269523,48,-0.09895057091375115,MAP_SCADA,43,0.00572284896894408
1,B_svc,2,0.16631328053467387,48,0.16791140385641468,MAP_SCADA,43,0.0015981233217408075
2,UPFC_Vsh,5-15,1.109765910581846,48,1.1114400293974098,MAP_SCADA,43,0.0016741188155637854
3,UPFC_tsh,5-15,-0.23718168953869978,48,-0.24350699109361115,MAP_SCADA,43,0.006325301554911372
4,UPFC_Vse,5-15,0.06257817548573592,48,0.061608756331860415,MAP_SCADA,43,0.0009694191538755087
5,UPFC_tse,5-15,-2.189149825874566,48,-2.1888404503102423,MAP_SCADA,43,0.000309375564323755
0,x_tcsc,1-14,-0.10036649413923276,49,-0.09895057091375115,MAP_SCADA,43,0.001415923225481619
1,B_svc,2,0.1848686799141463,49,0.16791140385641468,MAP_SCADA,43,0.01695727605773162
2,UPFC_Vsh,5-15,1.1056475662275105,49,1.1114400293974098,MAP_SCADA,43,0.005792463169899342
3,UPFC_tsh,5-15,-0.2414821266404511,49,-0.24350699109361115,MAP_SCADA,43,0.0020248644531600524
4,UPFC_Vse,5-15,0.0630950463263788,49,0.061608756331860415,MAP_SCADA,43,0.001486289994518386
5,UPFC_tse,5-15,-2.1950301431956265,49,-2.1888404503102423,MAP_SCADA,43,0.006189692885384179
0,x_tcsc,1-14,-0.10197953963546616,50,-0.09895057091375115,MAP_SCADA,43,0.003028968721715014
1,B_svc,2,0.1736852085055039,50,0.16791140385641468,MAP_SCADA,43,0.00577380464908922
2,UPFC_Vsh,5-15,1.1100116771882211,50,1.1114400293974098,MAP_SCADA,43,0.001428352209188688
3,UPFC_tsh,5-15,-0.2387841569748617,50,-0.24350699109361115,MAP_SCADA,43,0.004722834118749464
4,UPFC_Vse,5-15,0.06333349762164837,50,0.061608756331860415,MAP_SCADA,43,0.0017247412897879594
5,UPFC_tse,5-15,-2.18884697758656,50,-2.1888404503102423,MAP_SCADA,43,6.5272763176693616e-06
0,x_tcsc,1-14,-0.10287200005996062,51,-0.09895057091375115,MAP_SCADA,43,0.003921429146209479
1,B_svc,2,0.17435630556991935,51,0.16791140385641468,MAP_SCADA,43,0.006444901713504675
2,UPFC_Vsh,5-15,1.1083789801853865,51,1.1114400293974098,MAP_SCADA,43,0.0030610492120233257
3,UPFC_tsh,5-15,-0.23954156229505957,51,-0.24350699109361115,MAP_SCADA,43,0.003965428798551579
4,UPFC_Vse,5-15,0.0634631446920625,51,0.061608756331860415,MAP_SCADA,43,0.0018543883602020889
5,UPFC_tse,5-15,-2.193128263603617,51,-2.1888404503102423,MAP_SCADA,43,0.004287813293374576
0,x_tcsc,1-14,-0.10324332919686505,52,-0.09895057091375115,MAP_SCADA,43,0.004292758283113901
1,B_svc,2,0.1696109973659828,52,0.16791140385641468,MAP_SCADA,43,0.001699593509568137
2,UPFC_Vsh,5-15,1.111682729996886,52,1.1114400293974098,MAP_SCADA,43,0.00024270059947628653
3,UPFC_tsh,5-15,-0.2380664599567824,52,-0.24350699109361115,MAP_SCADA,43,0.005440531136828741
4,UPFC_Vse,5-15,0.0636095662815725,52,0.061608756331860415,MAP_SCADA,43,0.002000809949712079
5,UPFC_tse,5-15,-2.190966086526349,52,-2.1888404503102423,MAP_SCADA,43,0.002125636216106841
0,x_tcsc,1-14,-0.10136893818338043,53,-0.09895057091375115,MAP_SCADA,43,0.002418367269629282
1,B_svc,2,0.1763356233567943,53,0.16791140385641468,MAP_SCADA,43,0.008424219500379637
2,UPFC_Vsh,5-15,1.1071755978151345,53,1.1114400293974098,MAP_SCADA,43,0.0042644315822752965
3,UPFC_tsh,5-15,-0.24045414133719084,53,-0.24350699109361115,MAP_SCADA,43,0.0030528497564203116
4,UPFC_Vse,5-15,0.06363480196190133,53,0.061608756331860415,MAP_SCADA,43,0.0020260456300409124
5,UPFC_tse,5-15,-2.1940031377680684,53,-2.1888404503102423,MAP_SCADA,43,0.0051626874578261095
0,x_tcsc,1-14,-0.10324843381027872,54,-0.09895057091375115,MAP_SCADA,43,0.004297862896527574
1,B_svc,2,0.17285646172672728,54,0.16791140385641468,MAP_SCADA,43,0.0049450578703126025
2,UPFC_Vsh,5-15,1.1064658011062947,54,1.1114400293974098,MAP_SCADA,43,0.004974228291115157
3,UPFC_tsh,5-15,-0.24019351975165645,54,-0.24350699109361115,MAP_SCADA,43,0.003313471341954699
4,UPFC_Vse,5-15,0.0631805362478855,54,0.061608756331860415,MAP_SCADA,43,0.0015717799160250845
5,UPFC_tse,5-15,-2.1928662900195057,54,-2.1888404503102423,MAP_SCADA,43,0.004025839709263401
0,x_tcsc,1-14,-0.1019788974557904,55,-0.09895057091375115,MAP_SCADA,43,0.0030283265420392586
1,B_svc,2,0.1762892680006951,55,0.16791140385641468,MAP_SCADA,43,0.008377864144280434
2,UPFC_Vsh,5-15,1.1068642261414183,55,1.1114400293974098,MAP_SCADA,43,0.004575803255991495
3,UPFC_tsh,5-15,-0.2403625187434593,55,-0.24350699109361115,MAP_SCADA,43,0.0031444723501518612
4,UPFC_Vse,5-15,0.06392525493854063,55,0.061608756331860415,MAP_SCADA,43,0.00231649860668022
5,UPFC_tse,5-15,-2.1962706712338904,55,-2.1888404503102423,MAP_SCADA,43,0.00743022092364809
0,x_tcsc,1-14,-0.10527974321233675,56,-0.09895057091375115,MAP_SCADA,43,0.006329172298585609
1,B_svc,2,0.167632286351566,56,0.16791140385641468,MAP_SCADA,43,0.000279117504848686
2,UPFC_Vsh,5-15,1.1086875892260313,56,1.1114400293974098,MAP_SCADA,43,0.002752440171378545
3,UPFC_tsh,5-15,-0.23816006534123574,56,-0.24350699109361115,MAP_SCADA,43,0.005346925752375414
4,UPFC_Vse,5-15,0.06254446606212997,56,0.061608756331860415,MAP_SCADA,43,0.00093570973026956
5,UPFC_tse,5-15,-2.1879062130788323,56,-2.1888404503102423,MAP_SCADA,43,0.0009342372314100622
0,x_tcsc,1-14,-0.10179695860865144,57,-0.09895057091375115,MAP_SCADA,43,0.002846387694900296
1,B_svc,2,0.17922775758191414,57,0.16791140385641468,MAP_SCADA,43,0.011316353725499467
2,UPFC_Vsh,5-15,1.1053913401140298,57,1.1114400293974098,MAP_SCADA,43,0.006048689283379982
3,UPFC_tsh,5-15,-0.24078070444873179,57,-0.24350699109361115,MAP_SCADA,43,0.0027262866448793666
4,UPFC_Vse,5-15,0.0628623967199648,57,0.061608756331860415,MAP_SCADA,43,0.0012536403881043823
5,UPFC_tse,5-15,-2.19228846799818,57,-2.1888404503102423,MAP_SCADA,43,0.0034480176879374547
0,x_tcsc,1-14,-0.10438407717916225,58,-0.09895057091375115,MAP_SCADA,43,0.0054335062654111005
1,B_svc,2,0.1710229922972262,58,0.16791140385641468,MAP_SCADA,43,0.0031115884408115246
2,UPFC_Vsh,5-15,1.1084581412862453,58,1.1114400293974098,MAP_SCADA,43,0.00298188811116451
3,UPFC_tsh,5-15,-0.23826230188521025,58,-0.24350699109361115,MAP_SCADA,43,0.0052446892084009045
4,UPFC_Vse,5-15,0.06312944551932835,58,0.061608756331860415,MAP_SCADA,43,0.0015206891874679357
5,UPFC_tse,5-15,-2.1876418894390635,58,-2.1888404503102423,MAP_SCADA,43,0.0011985608711788664
0,x_tcsc,1-14,-0.10383418172265896,59,-0.09895057091375115,MAP_SCADA,43,0.004883610808907812
1,B_svc,2,0.17312892218344747,59,0.16791140385641468,MAP_SCADA,43,0.005217518327032794
2,UPFC_Vsh,5-15,1.1072547742868786,59,1.1114400293974098,MAP_SCADA,43,0.00418525511053125
3,UPFC_tsh,5-15,-0.23890156901931114,59,-0.24350699109361115,MAP_SCADA,43,0.0046054220743000085
4,UPFC_Vse,5-15,0.06299379008888283,59,0.061608756331860415,MAP_SCADA,43,0.0013850337570224108
5,UPFC_tse,5-15,-2.1917922454989034,59,-2.1888404503102423,MAP_SCADA,43,0.002951795188661066
0,x_tcsc,1-14,-0.10327191665118586,60,-0.09895057091375115,MAP_SCADA,43,0.004321345737434715
1,B_svc,2,0.16996069385126053,60,0.16791140385641468,MAP_SCADA,43,0.0020492899948458543
2,UPFC_Vsh,5-15,1.1098518577775867,60,1.1114400293974098,MAP_SCADA,43,0.0015881716198231643
3,UPFC_tsh,5-15,-0.23820244736558496,60,-0.24350699109361115,MAP_SCADA,43,0.00530454372802619
4,UPFC_Vse,5-15,0.06292108618224466,60,0.061608756331860415,MAP_SCADA,43,0.00131232985038425
5,UPFC_tse,5-15,-2.187923879159447,60,-2.1888404503102423,MAP_SCADA,43,0.0009165711507952423
0,x_tcsc,1-14,-0.10443203071954701,61,-0.09895057091375115,MAP_SCADA,43,0.0054814598057958686
1,B_svc,2,0.16903423354943337,61,0.16791140385641468,MAP_SCADA,43,0.0011228296930186898
2,UPFC_Vsh,5-15,1.110202654342042,61,1.1114400293974098,MAP_SCADA,43,0.0012373750553678065
3,UPFC_tsh,5-15,-0.23777468793642412,61,-0.24350699109361115,MAP_SCADA,43,0.005732303157187035
4,UPFC_Vse,5-15,0.06314581996839719,61,0.061608756331860415,MAP_SCADA,43,0.001537063636536773
5,UPFC_tse,5-15,-2.1855869768875538,61,-2.1888404503102423,MAP_SCADA,43,0.0032534734226885575
0,x_tcsc,1-14,-0.1018979327156657,62,-0.09895057091375115,MAP_SCADA,43,0.002947361801914558
1,B_svc,2,0.17427711005926577,62,0.16791140385641468,MAP_SCADA,43,0.006365706202851096
2,UPFC_Vsh,5-15,1.1095015499881347,62,1.1114400293974098,MAP_SCADA,43,0.0019384794092751623
3,UPFC_tsh,5-15,-0.23957433529079633,62,-0.24350699109361115,MAP_SCADA,43,0.003932655802814822
4,UPFC_Vse,5-15,0.06324467634335171,62,0.061608756331860415,MAP_SCADA,43,0.001635920011491293
5,UPFC_tse,5-15,-2.194724354980753,62,-2.1888404503102423,MAP_SCADA,43,0.005883904670510809
0,x_tcsc,1-14,-0.1047565086025988,63,-0.09895057091375115,MAP_SCADA,43,0.005805937688847657
1,B_svc,2,0.16464257816312167,63,0.16791140385641468,MAP_SCADA,43,0.0032688256932930093
2,UPFC_Vsh,5-15,1.1108932720561624,63,1.1114400293974098,MAP_SCADA,43,0.000546757341247428
3,UPFC_tsh,5-15,-0.23730546416250609,63,-0.24350699109361115,MAP_SCADA,43,0.006201526931105067
4,UPFC_Vse,5-15,0.06270315531355272,63,0.061608756331860415,MAP_SCADA,43,0.0010943989816923072
5,UPFC_tse,5-15,-2.1891048347645268,63,-2.1888404503102423,MAP_SCADA,43,0.0002643844542844498
0,x_tcsc,1-14,-0.10149762845702923,64,-0.09895057091375115,MAP_SCADA,43,0.0025470575432780806
1,B_svc,2,0.17041915878050962,64,0.16791140385641468,MAP_SCADA,43,0.0025077549240949404
2,UPFC_Vsh,5-15,1.1100417205424307,64,1.1114400293974098,MAP_SCADA,43,0.0013983088549791578
3,UPFC_tsh,5-15,-0.23829959354425628,64,-0.24350699109361115,MAP_SCADA,43,0.00520739754935487
4,UPFC_Vse,5-15,0.06332037722712637,64,0.061608756331860415,MAP_SCADA,43,0.0017116208952659556
5,UPFC_tse,5-15,-2.1874300265671645,64,-2.1888404503102423,MAP_SCADA,43,0.001410423743077871
0,x_tcsc,1-14,-0.1029503968470731,65,-0.09895057091375115,MAP_SCADA,43,0.00399982593332196
1,B_svc,2,0.1727546126568781,65,0.16791140385641468,MAP_SCADA,43,0.004843208800463433
2,UPFC_Vsh,5-15,1.1090411589252558,65,1.1114400293974098,MAP_SCADA,43,0.0023988704721540355
3,UPFC_tsh,5-15,-0.2391466538977477,65,-0.24350699109361115,MAP_SCADA,43,0.004360337195863456
4,UPFC_Vse,5-15,0.06267864255580684,65,0.061608756331860415,MAP_SCADA,43,0.001069886223946423
5,UPFC_tse,5-15,-2.194609229181598,65,-2.1888404503102423,MAP_SCADA,43,0.005768778871355629
0,x_tcsc,1-14,-0.10255764452678089,66,-0.09895057091375115,MAP_SCADA,43,0.0036070736130297404
1,B_svc,2,0.17335932811787075,66,0.16791140385641468,MAP_SCADA,43,0.005447924261456072
2,UPFC_Vsh,5-15,1.1067821196443008,66,1.1114400293974098,MAP_SCADA,43,0.00465790975310898
3,UPFC_tsh,5-15,-0.24009114421968414,66,-0.24350699109361115,MAP_SCADA,43,0.0034158468739270142
4,UPFC_Vse,5-15,0.06383770986129642,66,0.061608756331860415,MAP_SCADA,43,0.0022289535294360008
5,UPFC_tse,5-15,-2.189975251551576,66,-2.1888404503102423,MAP_SCADA,43,0.0011348012413336939
0,x_tcsc,1-14,-0.10257961106253177,67,-0.09895057091375115,MAP_SCADA,43,0.0036290401487806268
1,B_svc,2,0.1742425484016374,67,0.16791140385641468,MAP_SCADA,43,0.006331144545222711
2,UPFC_Vsh,5-15,1.1083253567254918,67,1.1114400293974098,MAP_SCADA,43,0.0031146726719180062
3,UPFC_tsh,5-15,-0.23958027079370714,67,-0.24350699109361115,MAP_SCADA,43,0.003926720299904013
4,UPFC_Vse,5-15,0.06314568162052941,67,0.061608756331860415,MAP_SCADA,43,0.001536925288669
5,UPFC_tse,5-15,-2.1901283364202158,67,-2.1888404503102423,MAP_SCADA,43,0.0012878861099734351
0,x_tcsc,1-14,-0.10263337111071213,68,-0.09895057091375115,MAP_SCADA,43,0.003682800196960989
1,B_svc,2,0.17100614863303598,68,0.16791140385641468,MAP_SCADA,43,0.0030947447766213054
2,UPFC_Vsh,5-15,1.1100202564761716,68,1.1114400293974098,MAP_SCADA,43,0.0014197729212381827
3,UPFC_tsh,5-15,-0.23892424588676187,68,-0.24350699109361115,MAP_SCADA,43,0.004582745206849287
4,UPFC_Vse,5-15,0.06251988918292863,68,0.061608756331860415,MAP_SCADA,43,0.000911132851068211
5,UPFC_tse,5-15,-2.187948808276476,68,-2.1888404503102423,MAP_SCADA,43,0.0008916420337663489
0,x_tcsc,1-14,-0.10299316820601115,69,-0.09895057091375115,MAP_SCADA,43,0.004042597292260003
1,B_svc,2,0.16947360486173987,69,0.16791140385641468,MAP_SCADA,43,0.0015622010053251978
2,UPFC_Vsh,5-15,1.1089815892970292,69,1.1114400293974098,MAP_SCADA,43,0.0024584401003806544
3,UPFC_tsh,5-15,-0.2385254375662905,69,-0.24350699109361115,MAP_SCADA,43,0.004981553527320659
4,UPFC_Vse,5-15,0.06214377261304217,69,0.061608756331860415,MAP_SCADA,43,0.0005350162811817577
5,UPFC_tse,5-15,-2.1892225229127744,69,-2.1888404503102423,MAP_SCADA,43,0.00038207260253209085
0,x_tcsc,1-14,-0.10185809716055308,70,-0.09895057091375115,MAP_SCADA,43,0.0029075262468019336
1,B_svc,2,0.1712652326521477,70,0.16791140385641468,MAP_SCADA,43,0.0033538287957330104
2,UPFC_Vsh,5-15,1.1087057236793505,70,1.1114400293974098,MAP_SCADA,43,0.0027343057180593267
3,UPFC_tsh,5-15,-0.2391822748874336,70,-0.24350699109361115,MAP_SCADA,43,0.0043247162061775535
4,UPFC_Vse,5-15,0.06257359134144821,70,0.061608756331860415,MAP_SCADA,43,0.0009648350095878
5,UPFC_tse,5-15,-2.1913194357175967,70,-2.1888404503102423,MAP_SCADA,43,0.0024789854073543616
0,x_tcsc,1-14,-0.10524162761546635,71,-0.09895057091375115,MAP_SCADA,43,0.006291056701715203
1,B_svc,2,0.16611244629803404,71,0.16791140385641468,MAP_SCADA,43,0.0017989575583806372
2,UPFC_Vsh,5-15,1.1096813062861652,71,1.1114400293974098,MAP_SCADA,43,0.0017587231112445867
3,UPFC_tsh,5-15,-0.23770084547255427,71,-0.24350699109361115,MAP_SCADA,43,0.005806145621056885
4,UPFC_Vse,5-15,0.06383213767638687,71,0.061608756331860415,MAP_SCADA,43,0.0022233813445264594
5,UPFC_tse,5-15,-2.1861294420596007,71,-2.1888404503102423,MAP_SCADA,43,0.0027110082506416333
0,x_tcsc,1-14,-0.10233283399276083,72,-0.09895057091375115,MAP_SCADA,43,0.003382263079009684
1,B_svc,2,0.17345561181975075,72,0.16791140385641468,MAP_SCADA,43,0.005544207963336073
2,UPFC_Vsh,5-15,1.1081896369708146,72,1.1114400293974098,MAP_SCADA,43,0.0032503924265951945
3,UPFC_tsh,5-15,-0.2390668542505105,72,-0.24350699109361115,MAP_SCADA,43,0.004440136843100656
4,UPFC_Vse,5-15,0.06308312190652304,72,0.061608756331860415,MAP_SCADA,43,0.0014743655746626283
5,UPFC_tse,5-15,-2.1950210742699534,72,-2.1888404503102423,MAP_SCADA,43,0.006180623959711085
0,x_tcsc,1-14,-0.10300572656616798,73,-0.09895057091375115,MAP_SCADA,43,0.004055155652416834
1,B_svc,2,0.1699124075334846,73,0.16791140385641468,MAP_SCADA,43,0.002001003677069929
2,UPFC_Vsh,5-15,1.111688763891842,73,1.1114400293974098,MAP_SCADA,43,0.0002487344944321901
3,UPFC_tsh,5-15,-0.23754253964747926,73,-0.24350699109361115,MAP_SCADA,43,0.005964451446131891
4,UPFC_Vse,5-15,0.06295480558574423,73,0.061608756331860415,MAP_SCADA,43,0.0013460492538838187
5,UPFC_tse,5-15,-2.1898784956330895,73,-2.1888404503102423,MAP_SCADA,43,0.0010380453228471254
0,x_tcsc,1-14,-0.10514924575789812,74,-0.09895057091375115,MAP_SCADA,43,0.006198674844146976
1,B_svc,2,0.16485838462843566,74,0.16791140385641468,MAP_SCADA,43,0.0030530192279790147
2,UPFC_Vsh,5-15,1.1083799244483572,74,1.1114400293974098,MAP_SCADA,43,0.003060104949052622
3,UPFC_tsh,5-15,-0.23760004359913878,74,-0.24350699109361115,MAP_SCADA,43,0.0059069474944723754
4,UPFC_Vse,5-15,0.06298926157265705,74,0.061608756331860415,MAP_SCADA,43,0.0013805052407966367
5,UPFC_tse,5-15,-2.1901337929582283,74,-2.1888404503102423,MAP_SCADA,43,0.0012933426479859733
0,x_tcsc,1-14,-0.10232746305722461,75,-0.09895057091375115,MAP_SCADA,43,0.0033768921434734617
1,B_svc,2,0.17313561704027464,75,0.16791140385641468,MAP_SCADA,43,0.00522421318385996
2,UPFC_Vsh,5-15,1.1109635601407246,75,1.1114400293974098,MAP_SCADA,43,0.000476469256685208
3,UPFC_tsh,5-15,-0.2383956924953973,75,-0.24350699109361115,MAP_SCADA,43,0.005111298598213854
4,UPFC_Vse,5-15,0.06252459057740888,75,0.061608756331860415,MAP_SCADA,43,0.0009158342455484608
5,UPFC_tse,5-15,-2.1931506194433967,75,-2.1888404503102423,MAP_SCADA,43,0.004310169133154407
0,x_tcsc,1-14,-0.10346791682523426,76,-0.09895057091375115,MAP_SCADA,43,0.004517345911483117
1,B_svc,2,0.16888588364988585,76,0.16791140385641468,MAP_SCADA,43,0.000974479793471178
2,UPFC_Vsh,5-15,1.1099742200180993,76,1.1114400293974098,MAP_SCADA,43,0.001465809379310512
3,UPFC_tsh,5-15,-0.23913273123024675,76,-0.24350699109361115,MAP_SCADA,43,0.004374259863364399
4,UPFC_Vse,5-15,0.06273977661451471,76,0.061608756331860415,MAP_SCADA,43,0.0011310202826542992
5,UPFC_tse,5-15,-2.1907842344148376,76,-2.1888404503102423,MAP_SCADA,43,0.0019437841045952808
0,x_tcsc,1-14,-0.1031683208624105,77,-0.09895057091375115,MAP_SCADA,43,0.004217749948659352
1,B_svc,2,0.16891396732518127,77,0.16791140385641468,MAP_SCADA,43,0.001002563468766593
2,UPFC_Vsh,5-15,1.1077683373382927,77,1.1114400293974098,MAP_SCADA,43,0.0036716920591171043
3,UPFC_tsh,5-15,-0.23970109057894223,77,-0.24350699109361115,MAP_SCADA,43,0.0038059005146689195
4,UPFC_Vse,5-15,0.06299287105766653,77,0.061608756331860415,MAP_SCADA,43,0.0013841147258061154
5,UPFC_tse,5-15,-2.189390037798933,77,-2.1888404503102423,MAP_SCADA,43,0.000549587488690495
0,x_tcsc,1-14,-0.1003523763282444,78,-0.09895057091375115,MAP_SCADA,43,0.0014018054144932512
1,B_svc,2,0.1781374744137755,78,0.16791140385641468,MAP_SCADA,43,0.010226070557360828
2,UPFC_Vsh,5-15,1.1064367614323085,78,1.1114400293974098,MAP_SCADA,43,0.00500326796510131
3,UPFC_tsh,5-15,-0.24069360638132725,78,-0.24350699109361115,MAP_SCADA,43,0.0028133847122839006
4,UPFC_Vse,5-15,0.0636058583757046,78,0.061608756331860415,MAP_SCADA,43,0.001997102043844179
5,UPFC_tse,5-15,-2.1934335928061675,78,-2.1888404503102423,MAP_SCADA,43,0.004593142495925129
0,x_tcsc,1-14,-0.10276773053574277,79,-0.09895057091375115,MAP_SCADA,43,0.0038171596219916254
1,B_svc,2,0.1680802978468382,79,0.16791140385641468,MAP_SCADA,43,0.00016889399042352427
2,UPFC_Vsh,5-15,1.1117810693734493,79,1.1114400293974098,MAP_SCADA,43,0.0003410399760395144
3,UPFC_tsh,5-15,-0.237322468516072,79,-0.24350699109361115,MAP_SCADA,43,0.006184522577539153
4,UPFC_Vse,5-15,0.06270065158906427,79,0.061608756331860415,MAP_SCADA,43,0.001091895257203851
5,UPFC_tse,5-15,-2.1869983063602736,79,-2.1888404503102423,MAP_SCADA,43,0.001842143949968733
0,x_tcsc,1-14,-0.10316049789480242,80,-0.09895057091375115,MAP_SCADA,43,0.004209926981051271
1,B_svc,2,0.17065832407353948,80,0.16791140385641468,MAP_SCADA,43,0.002746920217124804
2,UPFC_Vsh,5-15,1.1092538073589127,80,1.1114400293974098,MAP_SCADA,43,0.0021862220384971653
3,UPFC_tsh,5-15,-0.239140938455551,80,-0.24350699109361115,MAP_SCADA,43,0.004366052638060142
4,UPFC_Vse,5-15,0.063109103691046,80,0.061608756331860415,MAP_SCADA,43,0.0015003473591855832
5,UPFC_tse,5-15,-2.1914075308370156,80,-2.1888404503102423,MAP_SCADA,43,0.0025670805267732355
0,x_tcsc,1-14,-0.10041044236733196,81,-0.09895057091375115,MAP_SCADA,43,0.0014598714535808133
1,B_svc,2,0.18123476065321326,81,0.16791140385641468,MAP_SCADA,43,0.01332335679679858
2,UPFC_Vsh,5-15,1.1059665821283136,81,1.1114400293974098,MAP_SCADA,43,0.0054734472690962654
3,UPFC_tsh,5-15,-0.24094205153019474,81,-0.24350699109361115,MAP_SCADA,43,0.002564939563416413
4,UPFC_Vse,5-15,0.06307815871124836,81,0.061608756331860415,MAP_SCADA,43,0.0014694023793879463
5,UPFC_tse,5-15,-2.195590834076475,81,-2.1888404503102423,MAP_SCADA,43,0.006750383766232826
0,x_tcsc,1-14,-0.10457447478471675,82,-0.09895057091375115,MAP_SCADA,43,0.005623903870965605
1,B_svc,2,0.16783207973975625,82,0.16791140385641468,MAP_SCADA,43,7.932411665842465e-05
2,UPFC_Vsh,5-15,1.110012346364267,82,1.1114400293974098,MAP_SCADA,43,0.0014276830331427792
3,UPFC_tsh,5-15,-0.2376586382346466,82,-0.24350699109361115,MAP_SCADA,43,0.0058483528589645395
4,UPFC_Vse,5-15,0.06331608203981146,82,0.061608756331860415,MAP_SCADA,43,0.0017073257079510407
5,UPFC_tse,5-15,-2.1867291866877543,82,-2.1888404503102423,MAP_SCADA,43,0.0021112636224880355
0,x_tcsc,1-14,-0.1031657595623476,83,-0.09895057091375115,MAP_SCADA,43,0.004215188648596449
1,B_svc,2,0.17424357418869788,83,0.16791140385641468,MAP_SCADA,43,0.006332170332283199
2,UPFC_Vsh,5-15,1.1072885960269414,83,1.1114400293974098,MAP_SCADA,43,0.004151433370468416
3,UPFC_tsh,5-15,-0.23966310880723438,83,-0.24350699109361115,MAP_SCADA,43,0.0038438822863767763
4,UPFC_Vse,5-15,0.06304301881323121,83,0.061608756331860415,MAP_SCADA,43,0.001434262481370796
5,UPFC_tse,5-15,-2.1962086599650283,83,-2.1888404503102423,MAP_SCADA,43,0.007368209654786018
0,x_tcsc,1-14,-0.10333678174264938,84,-0.09895057091375115,MAP_SCADA,43,0.004386210828898229
1,B_svc,2,0.16992623847206714,84,0.16791140385641468,MAP_SCADA,43,0.0020148346156524666
2,UPFC_Vsh,5-15,1.108396689227261,84,1.1114400293974098,MAP_SCADA,43,0.003043340170148845
3,UPFC_tsh,5-15,-0.23891537987045408,84,-0.24350699109361115,MAP_SCADA,43,0.004591611223157072
4,UPFC_Vse,5-15,0.06353080171285039,84,0.061608756331860415,MAP_SCADA,43,0.001922045380989973
5,UPFC_tse,5-15,-2.1934515204379577,84,-2.1888404503102423,MAP_SCADA,43,0.004611070127715333
0,x_tcsc,1-14,-0.10081655054250013,85,-0.09895057091375115,MAP_SCADA,43,0.0018659796287489872
1,B_svc,2,0.17694535235740244,85,0.16791140385641468,MAP_SCADA,43,0.009033948500987765
2,UPFC_Vsh,5-15,1.1073705397164069,85,1.1114400293974098,MAP_SCADA,43,0.004069489681002958
3,UPFC_tsh,5-15,-0.2398156892148108,85,-0.24350699109361115,MAP_SCADA,43,0.003691301878800346
4,UPFC_Vse,5-15,0.06285607316405972,85,0.061608756331860415,MAP_SCADA,43,0.0012473168321993078
5,UPFC_tse,5-15,-2.1933991813687634,85,-2.1888404503102423,MAP_SCADA,43,0.004558731058521115
0,x_tcsc,1-14,-0.10456865424775502,86,-0.09895057091375115,MAP_SCADA,43,0.005618083334003876
1,B_svc,2,0.1666530528575441,86,0.16791140385641468,MAP_SCADA,43,0.0012583509988705888
2,UPFC_Vsh,5-15,1.1106773055855599,86,1.1114400293974098,MAP_SCADA,43,0.0007627238118499413
3,UPFC_tsh,5-15,-0.23739767838514195,86,-0.24350699109361115,MAP_SCADA,43,0.006109312708469206
4,UPFC_Vse,5-15,0.06257029657897878,86,0.061608756331860415,MAP_SCADA,43,0.0009615402471183643
5,UPFC_tse,5-15,-2.189342971517965,86,-2.1888404503102423,MAP_SCADA,43,0.0005025212077227614
0,x_tcsc,1-14,-0.1014522893066262,87,-0.09895057091375115,MAP_SCADA,43,0.002501718392875052
1,B_svc,2,0.1759377983837093,87,0.16791140385641468,MAP_SCADA,43,0.008026394527294617
2,UPFC_Vsh,5-15,1.1075747788641153,87,1.1114400293974098,MAP_SCADA,43,0.003865250533294562
3,UPFC_tsh,5-15,-0.23996026048803054,87,-0.24350699109361115,MAP_SCADA,43,0.0035467306055806114
4,UPFC_Vse,5-15,0.0631287474103788,87,0.061608756331860415,MAP_SCADA,43,0.0015199910785183846
5,UPFC_tse,5-15,-2.192029188740658,87,-2.1888404503102423,MAP_SCADA,43,0.003188738430415672
0,x_tcsc,1-14,-0.10308302753037737,88,-0.09895057091375115,MAP_SCADA,43,0.004132456616626229
1,B_svc,2,0.17448784950738527,88,0.16791140385641468,MAP_SCADA,43,0.006576445650970597
2,UPFC_Vsh,5-15,1.1061476784346318,88,1.1114400293974098,MAP_SCADA,43,0.005292350962778025
3,UPFC_tsh,5-15,-0.24050589806222702,88,-0.24350699109361115,MAP_SCADA,43,0.0030010930313841278
4,UPFC_Vse,5-15,0.06268005160067479,88,0.061608756331860415,MAP_SCADA,43,0.0010712952688143734
5,UPFC_tse,5-15,-2.190872120562374,88,-2.1888404503102423,MAP_SCADA,43,0.00203167025213169
0,x_tcsc,1-14,-0.10267111452075099,89,-0.09895057091375115,MAP_SCADA,43,0.003720543606999846
1,B_svc,2,0.16961778126943405,89,0.16791140385641468,MAP_SCADA,43,0.0017063774130193776
2,UPFC_Vsh,5-15,1.1079274160944588,89,1.1114400293974098,MAP_SCADA,43,0.003512613302951051
3,UPFC_tsh,5-15,-0.23875734153579592,89,-0.24350699109361115,MAP_SCADA,43,0.004749649557815233
4,UPFC_Vse,5-15,0.06317546712596372,89,0.061608756331860415,MAP_SCADA,43,0.0015667107941033098
5,UPFC_tse,5-15,-2.1882457540257323,89,-2.1888404503102423,MAP_SCADA,43,0.0005946962845100323
0,x_tcsc,1-14,-0.10613469936333164,90,-0.09895057091375115,MAP_SCADA,43,0.007184128449580496
1,B_svc,2,0.16006816122231587,90,0.16791140385641468,MAP_SCADA,43,0.007843242634098802
2,UPFC_Vsh,5-15,1.1094315761130153,90,1.1114400293974098,MAP_SCADA,43,0.0020084532843944736
3,UPFC_tsh,5-15,-0.23704302088232218,90,-0.24350699109361115,MAP_SCADA,43,0.006463970211288972
4,UPFC_Vse,5-15,0.06352188556720155,90,0.061608756331860415,MAP_SCADA,43,0.001913129235341135
5,UPFC_tse,5-15,-2.187971846351272,90,-2.1888404503102423,MAP_SCADA,43,0.0008686039589704819
0,x_tcsc,1-14,-0.10274183533505725,91,-0.09895057091375115,MAP_SCADA,43,0.0037912644213061036
1,B_svc,2,0.1712474167571244,91,0.16791140385641468,MAP_SCADA,43,0.0033360129007097283
2,UPFC_Vsh,5-15,1.1081719272205834,91,1.1114400293974098,MAP_SCADA,43,0.003268102176826382
3,UPFC_tsh,5-15,-0.23991407693170547,91,-0.24350699109361115,MAP_SCADA,43,0.003592914161905686
4,UPFC_Vse,5-15,0.06319960057066118,91,0.061608756331860415,MAP_SCADA,43,0.0015908442388007649
5,UPFC_tse,5-15,-2.189139377730668,91,-2.1888404503102423,MAP_SCADA,43,0.00029892742042569864
0,x_tcsc,1-14,-0.10529554962383599,92,-0.09895057091375115,MAP_SCADA,43,0.006344978710084839
1,B_svc,2,0.164802444766533,92,0.16791140385641468,MAP_SCADA,43,0.00310895908988168
2,UPFC_Vsh,5-15,1.1091574366065957,92,1.1114400293974098,MAP_SCADA,43,0.0022825927908141086
3,UPFC_tsh,5-15,-0.23715858961762765,92,-0.24350699109361115,MAP_SCADA,43,0.006348401475983506
4,UPFC_Vse,5-15,0.06325685516812932,92,0.061608756331860415,MAP_SCADA,43,0.001648098836268902
5,UPFC_tse,5-15,-2.185841384590449,92,-2.1888404503102423,MAP_SCADA,43,0.002999065719793137
0,x_tcsc,1-14,-0.10198001686873225,93,-0.09895057091375115,MAP_SCADA,43,0.0030294459549811
1,B_svc,2,0.1745075075648837,93,0.16791140385641468,MAP_SCADA,43,0.0065961037084690255
2,UPFC_Vsh,5-15,1.1077672411780743,93,1.1114400293974098,MAP_SCADA,43,0.0036727882193354766
3,UPFC_tsh,5-15,-0.24025055114601698,93,-0.24350699109361115,MAP_SCADA,43,0.0032564399475941697
4,UPFC_Vse,5-15,0.06302712550417613,93,0.061608756331860415,MAP_SCADA,43,0.00141836917231572
5,UPFC_tse,5-15,-2.193898147976288,93,-2.1888404503102423,MAP_SCADA,43,0.005057697666045691
0,x_tcsc,1-14,-0.10240752827041755,94,-0.09895057091375115,MAP_SCADA,43,0.0034569573566664014
1,B_svc,2,0.17267742847899017,94,0.16791140385641468,MAP_SCADA,43,0.004766024622575499
2,UPFC_Vsh,5-15,1.1060683377314755,94,1.1114400293974098,MAP_SCADA,43,0.0053716916659343195
3,UPFC_tsh,5-15,-0.23966172718881376,94,-0.24350699109361115,MAP_SCADA,43,0.0038452639047973913
4,UPFC_Vse,5-15,0.06356182781739468,94,0.061608756331860415,MAP_SCADA,43,0.0019530714855342662
5,UPFC_tse,5-15,-2.1899317687571993,94,-2.1888404503102423,MAP_SCADA,43,0.0010913184469569792
0,x_tcsc,1-14,-0.1015701753308845,95,-0.09895057091375115,MAP_SCADA,43,0.0026196044171333532
1,B_svc,2,0.1739762418767858,95,0.16791140385641468,MAP_SCADA,43,0.0060648380203711105
2,UPFC_Vsh,5-15,1.109278096323847,95,1.1114400293974098,MAP_SCADA,43,0.0021619330735627162
3,UPFC_tsh,5-15,-0.23889218641001428,95,-0.24350699109361115,MAP_SCADA,43,0.004614804683596874
4,UPFC_Vse,5-15,0.06328697888437507,95,0.061608756331860415,MAP_SCADA,43,0.0016782225525146521
5,UPFC_tse,5-15,-2.194328809564617,95,-2.1888404503102423,MAP_SCADA,43,0.005488359254374853
0,x_tcsc,1-14,-0.10232252245350033,96,-0.09895057091375115,MAP_SCADA,43,0.003371951539749188
1,B_svc,2,0.17372121612069635,96,0.16791140385641468,MAP_SCADA,43,0.005809812264281677
2,UPFC_Vsh,5-15,1.108048298640947,96,1.1114400293974098,MAP_SCADA,43,0.0033917307564628185
3,UPFC_tsh,5-15,-0.2395526260351638,96,-0.24350699109361115,MAP_SCADA,43,0.0039543650584473455
4,UPFC_Vse,5-15,0.06360226093011265,96,0.061608756331860415,MAP_SCADA,43,0.0019935045982522326
5,UPFC_tse,5-15,-2.1900485756251924,96,-2.1888404503102423,MAP_SCADA,43,0.0012081253149500704
0,x_tcsc,1-14,-0.10333071641159243,97,-0.09895057091375115,MAP_SCADA,43,0.004380145497841284
1,B_svc,2,0.17110006030773722,97,0.16791140385641468,MAP_SCADA,43,0.003188656451322547
2,UPFC_Vsh,5-15,1.1083044207896122,97,1.1114400293974098,MAP_SCADA,43,0.003135608607797602
3,UPFC_tsh,5-15,-0.23860190996385314,97,-0.24350699109361115,MAP_SCADA,43,0.0049050811297580155
4,UPFC_Vse,5-15,0.06399735750141623,97,0.061608756331860415,MAP_SCADA,43,0.002388601169555818
5,UPFC_tse,5-15,-2.19124066642229,97,-2.1888404503102423,MAP_SCADA,43,0.0024002161120475485
0,x_tcsc,1-14,-0.10426524521610846,98,-0.09895057091375115,MAP_SCADA,43,0.005314674302357311
1,B_svc,2,0.17011498705090078,98,0.16791140385641468,MAP_SCADA,43,0.002203583194486103
2,UPFC_Vsh,5-15,1.1100572819699157,98,1.1114400293974098,MAP_SCADA,43,0.0013827474274941132
3,UPFC_tsh,5-15,-0.23770219494552186,98,-0.24350699109361115,MAP_SCADA,43,0.005804796148089292
4,UPFC_Vse,5-15,0.06334543800654534,98,0.061608756331860415,MAP_SCADA,43,0.0017366816746849228
5,UPFC_tse,5-15,-2.193521321270926,98,-2.1888404503102423,MAP_SCADA,43,0.004680870960683592
0,x_tcsc,1-14,-0.10313457559422243,99,-0.09895057091375115,MAP_SCADA,43,0.004184004680471282
1,B_svc,2,0.17001685418981957,99,0.16791140385641468,MAP_SCADA,43,0.0021054503334048957
2,UPFC_Vsh,5-15,1.109765874666147,99,1.1114400293974098,MAP_SCADA,43,0.0016741547312628668
3,UPFC_tsh,5-15,-0.23838836964991572,99,-0.24350699109361115,MAP_SCADA,43,0.005118621443695431
4,UPFC_Vse,5-15,0.06302138463839355,99,0.061608756331860415,MAP_SCADA,43,0.0014126283065331313
5,UPFC_tse,5-15,-2.187957790781871,99,-2.1888404503102423,MAP_SCADA,43,0.000882659528371299
0,x_tcsc,1-14,-0.10329353714551051,0,-0.10080920433053986,MAP_SCADA,45,0.0024843328149706523
1,B_svc,2,0.16811519883705064,0,0.16987451892177505,MAP_SCADA,45,0.0017593200847244028
2,UPFC_Vsh,5-15,1.1098479333514264,0,1.1111883431135414,MAP_SCADA,45,0.0013404097621150246
3,UPFC_tsh,5-15,-0.23850846755793317,0,-0.2418125648168908,MAP_SCADA,45,0.003304097258957639
4,UPFC_Vse,5-15,0.06280396337550218,0,0.06152592446691194,MAP_SCADA,45,0.001278038908590233
5,UPFC_tse,5-15,-2.189547936028691,0,-2.1818707827195163,MAP_SCADA,45,0.0076771533091748445
0,x_tcsc,1-14,-0.10333449122731382,1,-0.10080920433053986,MAP_SCADA,45,0.0025252868967739622
1,B_svc,2,0.17229278551833666,1,0.16987451892177505,MAP_SCADA,45,0.002418266596561608
2,UPFC_Vsh,5-15,1.1074218438606374,1,1.1111883431135414,MAP_SCADA,45,0.0037664992529040653
3,UPFC_tsh,5-15,-0.2393005791363044,1,-0.2418125648168908,MAP_SCADA,45,0.002511985680586415
4,UPFC_Vse,5-15,0.06354372417136461,1,0.06152592446691194,MAP_SCADA,45,0.0020177997044526705
5,UPFC_tse,5-15,-2.188008410858818,1,-2.1818707827195163,MAP_SCADA,45,0.006137628139301743
0,x_tcsc,1-14,-0.10362651376837446,2,-0.10080920433053986,MAP_SCADA,45,0.002817309437834606
1,B_svc,2,0.16919022531694322,2,0.16987451892177505,MAP_SCADA,45,0.000684293604831826
2,UPFC_Vsh,5-15,1.1102493941878657,2,1.1111883431135414,MAP_SCADA,45,0.0009389489256756978
3,UPFC_tsh,5-15,-0.23849235067663532,2,-0.2418125648168908,MAP_SCADA,45,0.0033202141402554897
4,UPFC_Vse,5-15,0.06320110323422641,2,0.06152592446691194,MAP_SCADA,45,0.0016751787673144683
5,UPFC_tse,5-15,-2.191367850099842,2,-2.1818707827195163,MAP_SCADA,45,0.009497067380325852
0,x_tcsc,1-14,-0.1022783976113678,3,-0.10080920433053986,MAP_SCADA,45,0.0014691932808279379
1,B_svc,2,0.17447641250969634,3,0.16987451892177505,MAP_SCADA,45,0.004601893587921291
2,UPFC_Vsh,5-15,1.1077086780665086,3,1.1111883431135414,MAP_SCADA,45,0.0034796650470327872
3,UPFC_tsh,5-15,-0.239679881625969,3,-0.2418125648168908,MAP_SCADA,45,0.0021326831909218025
4,UPFC_Vse,5-15,0.06420872154220497,3,0.06152592446691194,MAP_SCADA,45,0.0026827970752930294
5,UPFC_tse,5-15,-2.1910131457639017,3,-2.1818707827195163,MAP_SCADA,45,0.009142363044385426
0,x_tcsc,1-14,-0.10394054656344608,4,-0.10080920433053986,MAP_SCADA,45,0.0031313422329062174
1,B_svc,2,0.17253418900935183,4,0.16987451892177505,MAP_SCADA,45,0.002659670087576782
2,UPFC_Vsh,5-15,1.1080842679213603,4,1.1111883431135414,MAP_SCADA,45,0.003104075192181144
3,UPFC_tsh,5-15,-0.23896792048445972,4,-0.2418125648168908,MAP_SCADA,45,0.00284464433243109
4,UPFC_Vse,5-15,0.06280615072875485,4,0.06152592446691194,MAP_SCADA,45,0.0012802262618429108
5,UPFC_tse,5-15,-2.190748734444064,4,-2.1818707827195163,MAP_SCADA,45,0.00887795172454764
0,x_tcsc,1-14,-0.10358721953952944,5,-0.10080920433053986,MAP_SCADA,45,0.0027780152089895843
1,B_svc,2,0.16814849854113137,5,0.16987451892177505,MAP_SCADA,45,0.001726020380643678
2,UPFC_Vsh,5-15,1.1103570430873901,5,1.1111883431135414,MAP_SCADA,45,0.0008313000261512826
3,UPFC_tsh,5-15,-0.23847268222950582,5,-0.2418125648168908,MAP_SCADA,45,0.0033398825873849902
4,UPFC_Vse,5-15,0.06314489609101118,5,0.06152592446691194,MAP_SCADA,45,0.0016189716240992344
5,UPFC_tse,5-15,-2.190275244913631,5,-2.1818707827195163,MAP_SCADA,45,0.008404462194114615
0,x_tcsc,1-14,-0.10350531559935731,6,-0.10080920433053986,MAP_SCADA,45,0.0026961112688174554
1,B_svc,2,0.16889408616433438,6,0.16987451892177505,MAP_SCADA,45,0.000980432757440669
2,UPFC_Vsh,5-15,1.1092796634959625,6,1.1111883431135414,MAP_SCADA,45,0.0019086796175789011
3,UPFC_tsh,5-15,-0.2386688698331191,6,-0.2418125648168908,MAP_SCADA,45,0.0031436949837717054
4,UPFC_Vse,5-15,0.06287393598506438,6,0.06152592446691194,MAP_SCADA,45,0.0013480115181524407
5,UPFC_tse,5-15,-2.1904821780911643,6,-2.1818707827195163,MAP_SCADA,45,0.008611395371648012
0,x_tcsc,1-14,-0.10086561566381738,7,-0.10080920433053986,MAP_SCADA,45,5.64113332775229e-05
1,B_svc,2,0.17407933738082562,7,0.16987451892177505,MAP_SCADA,45,0.004204818459050574
2,UPFC_Vsh,5-15,1.1095504799373779,7,1.1111883431135414,MAP_SCADA,45,0.0016378631761635454
3,UPFC_tsh,5-15,-0.23927897238709775,7,-0.2418125648168908,MAP_SCADA,45,0.0025335924297930634
4,UPFC_Vse,5-15,0.06312921191592344,7,0.06152592446691194,MAP_SCADA,45,0.0016032874490114965
5,UPFC_tse,5-15,-2.1874008932882796,7,-2.1818707827195163,MAP_SCADA,45,0.005530110568763291
0,x_tcsc,1-14,-0.10415892026095726,8,-0.10080920433053986,MAP_SCADA,45,0.003349715930417399
1,B_svc,2,0.17134587093852688,8,0.16987451892177505,MAP_SCADA,45,0.0014713520167518312
2,UPFC_Vsh,5-15,1.107249958845356,8,1.1111883431135414,MAP_SCADA,45,0.003938384268185491
3,UPFC_tsh,5-15,-0.23866553903984225,8,-0.2418125648168908,MAP_SCADA,45,0.003147025777048562
4,UPFC_Vse,5-15,0.06362033412494816,8,0.06152592446691194,MAP_SCADA,45,0.002094409658036221
5,UPFC_tse,5-15,-2.186522927523441,8,-2.1818707827195163,MAP_SCADA,45,0.004652144803924507
0,x_tcsc,1-14,-0.10245107087655327,9,-0.10080920433053986,MAP_SCADA,45,0.0016418665460134069
1,B_svc,2,0.1699705773336321,9,0.16987451892177505,MAP_SCADA,45,9.605841185705843e-05
2,UPFC_Vsh,5-15,1.1111100280601645,9,1.1111883431135414,MAP_SCADA,45,7.831505337696498e-05
3,UPFC_tsh,5-15,-0.23772898479278912,9,-0.2418125648168908,MAP_SCADA,45,0.004083580024101696
4,UPFC_Vse,5-15,0.06293157188011914,9,0.06152592446691194,MAP_SCADA,45,0.0014056474132071936
5,UPFC_tse,5-15,-2.1889726606857733,9,-2.1818707827195163,MAP_SCADA,45,0.007101877966257053
0,x_tcsc,1-14,-0.10201414245840422,10,-0.10080920433053986,MAP_SCADA,45,0.0012049381278643606
1,B_svc,2,0.1773995230540244,10,0.16987451892177505,MAP_SCADA,45,0.007525004132249352
2,UPFC_Vsh,5-15,1.1078753800386845,10,1.1111883431135414,MAP_SCADA,45,0.003312963074856956
3,UPFC_tsh,5-15,-0.23991346910294914,10,-0.2418125648168908,MAP_SCADA,45,0.001899095713941673
4,UPFC_Vse,5-15,0.06350055111044295,10,0.06152592446691194,MAP_SCADA,45,0.0019746266435310064
5,UPFC_tse,5-15,-2.188397089259698,10,-2.1818707827195163,MAP_SCADA,45,0.006526306540181714
0,x_tcsc,1-14,-0.10309787691363395,11,-0.10080920433053986,MAP_SCADA,45,0.0022886725830940924
1,B_svc,2,0.17229032263195573,11,0.16987451892177505,MAP_SCADA,45,0.002415803710180686
2,UPFC_Vsh,5-15,1.106829264025858,11,1.1111883431135414,MAP_SCADA,45,0.004359079087683515
3,UPFC_tsh,5-15,-0.23956457706822262,11,-0.2418125648168908,MAP_SCADA,45,0.00224798774866819
4,UPFC_Vse,5-15,0.06366462202276205,11,0.06152592446691194,MAP_SCADA,45,0.002138697555850104
5,UPFC_tse,5-15,-2.1891986298807464,11,-2.1818707827195163,MAP_SCADA,45,0.007327847161230139
0,x_tcsc,1-14,-0.10463812009775422,12,-0.10080920433053986,MAP_SCADA,45,0.0038289157672143637
1,B_svc,2,0.16853615682973003,12,0.16987451892177505,MAP_SCADA,45,0.00133836209204502
2,UPFC_Vsh,5-15,1.1081083885543885,12,1.1111883431135414,MAP_SCADA,45,0.0030799545591528865
3,UPFC_tsh,5-15,-0.23874039951966272,12,-0.2418125648168908,MAP_SCADA,45,0.003072165297228091
4,UPFC_Vse,5-15,0.06357887848112859,12,0.06152592446691194,MAP_SCADA,45,0.0020529540142166444
5,UPFC_tse,5-15,-2.1899085293440548,12,-2.1818707827195163,MAP_SCADA,45,0.008037746624538489
0,x_tcsc,1-14,-0.10326192676854636,13,-0.10080920433053986,MAP_SCADA,45,0.0024527224380064966
1,B_svc,2,0.17236389006577532,13,0.16987451892177505,MAP_SCADA,45,0.002489371144000274
2,UPFC_Vsh,5-15,1.10698736772081,13,1.1111883431135414,MAP_SCADA,45,0.004200975392731454
3,UPFC_tsh,5-15,-0.23976528062347388,13,-0.2418125648168908,MAP_SCADA,45,0.0020472841934169317
4,UPFC_Vse,5-15,0.06249443149756003,13,0.06152592446691194,MAP_SCADA,45,0.0009685070306480886
5,UPFC_tse,5-15,-2.196371164920003,13,-2.1818707827195163,MAP_SCADA,45,0.014500382200486772
0,x_tcsc,1-14,-0.1030504484184106,14,-0.10080920433053986,MAP_SCADA,45,0.002241244087870742
1,B_svc,2,0.16997033053296642,14,0.16987451892177505,MAP_SCADA,45,9.581161119137649e-05
2,UPFC_Vsh,5-15,1.1110829106317943,14,1.1111883431135414,MAP_SCADA,45,0.00010543248174710307
3,UPFC_tsh,5-15,-0.2378859124752215,14,-0.2418125648168908,MAP_SCADA,45,0.003926652341669307
4,UPFC_Vse,5-15,0.0626573943935469,14,0.06152592446691194,MAP_SCADA,45,0.0011314699266349523
5,UPFC_tse,5-15,-2.193799530913218,14,-2.1818707827195163,MAP_SCADA,45,0.011928748193701821
0,x_tcsc,1-14,-0.10309694119605492,15,-0.10080920433053986,MAP_SCADA,45,0.002287736865515061
1,B_svc,2,0.16693486271337285,15,0.16987451892177505,MAP_SCADA,45,0.002939656208402197
2,UPFC_Vsh,5-15,1.112102866085488,15,1.1111883431135414,MAP_SCADA,45,0.0009145229719464965
3,UPFC_tsh,5-15,-0.2382997699364943,15,-0.2418125648168908,MAP_SCADA,45,0.003512794880396519
4,UPFC_Vse,5-15,0.06256983739626225,15,0.06152592446691194,MAP_SCADA,45,0.001043912929350306
5,UPFC_tse,5-15,-2.1883812738215953,15,-2.1818707827195163,MAP_SCADA,45,0.006510491102079019
0,x_tcsc,1-14,-0.10217489660297842,16,-0.10080920433053986,MAP_SCADA,45,0.0013656922724385595
1,B_svc,2,0.17394135187656679,16,0.16987451892177505,MAP_SCADA,45,0.004066832954791738
2,UPFC_Vsh,5-15,1.107960262070741,16,1.1111883431135414,MAP_SCADA,45,0.003228081042800479
3,UPFC_tsh,5-15,-0.239206249885445,16,-0.2418125648168908,MAP_SCADA,45,0.002606314931445808
4,UPFC_Vse,5-15,0.06271712989685814,16,0.06152592446691194,MAP_SCADA,45,0.0011912054299461974
5,UPFC_tse,5-15,-2.1939130467822623,16,-2.1818707827195163,MAP_SCADA,45,0.012042264062746
0,x_tcsc,1-14,-0.10454469730310308,17,-0.10080920433053986,MAP_SCADA,45,0.0037354929725632174
1,B_svc,2,0.16712461844377577,17,0.16987451892177505,MAP_SCADA,45,0.0027499004779992786
2,UPFC_Vsh,5-15,1.109370895589937,17,1.1111883431135414,MAP_SCADA,45,0.0018174475236043541
3,UPFC_tsh,5-15,-0.23753669429202756,17,-0.2418125648168908,MAP_SCADA,45,0.004275870524863251
4,UPFC_Vse,5-15,0.06325825102421366,17,0.06152592446691194,MAP_SCADA,45,0.001732326557301718
5,UPFC_tse,5-15,-2.186313396630077,17,-2.1818707827195163,MAP_SCADA,45,0.004442613910560667
0,x_tcsc,1-14,-0.10112964944926826,18,-0.10080920433053986,MAP_SCADA,45,0.00032044511872840464
1,B_svc,2,0.17737976177681442,18,0.16987451892177505,MAP_SCADA,45,0.007505242855039368
2,UPFC_Vsh,5-15,1.109702083507929,18,1.1111883431135414,MAP_SCADA,45,0.0014862596056124389
3,UPFC_tsh,5-15,-0.23936642374053496,18,-0.2418125648168908,MAP_SCADA,45,0.002446141076355851
4,UPFC_Vse,5-15,0.06363139956315816,18,0.06152592446691194,MAP_SCADA,45,0.002105475096246222
5,UPFC_tse,5-15,-2.1903458498537542,18,-2.1818707827195163,MAP_SCADA,45,0.008475067134237957
0,x_tcsc,1-14,-0.10321435202359344,19,-0.10080920433053986,MAP_SCADA,45,0.002405147693053583
1,B_svc,2,0.16810748723890664,19,0.16987451892177505,MAP_SCADA,45,0.001767031682868403
2,UPFC_Vsh,5-15,1.1100965594026282,19,1.1111883431135414,MAP_SCADA,45,0.00109178371091323
3,UPFC_tsh,5-15,-0.23852179981642677,19,-0.2418125648168908,MAP_SCADA,45,0.0032907650004640465
4,UPFC_Vse,5-15,0.0625930905180296,19,0.06152592446691194,MAP_SCADA,45,0.0010671660511176531
5,UPFC_tse,5-15,-2.188351087150795,19,-2.1818707827195163,MAP_SCADA,45,0.006480304431278672
0,x_tcsc,1-14,-0.10354343396284567,20,-0.10080920433053986,MAP_SCADA,45,0.0027342296323058096
1,B_svc,2,0.16703463626958456,20,0.16987451892177505,MAP_SCADA,45,0.002839882652190484
2,UPFC_Vsh,5-15,1.1098341526661635,20,1.1111883431135414,MAP_SCADA,45,0.0013541904473779454
3,UPFC_tsh,5-15,-0.23788774543338145,20,-0.2418125648168908,MAP_SCADA,45,0.003924819383509359
4,UPFC_Vse,5-15,0.06243570092208961,20,0.06152592446691194,MAP_SCADA,45,0.0009097764551776674
5,UPFC_tse,5-15,-2.191014469814827,20,-2.1818707827195163,MAP_SCADA,45,0.00914368709531077
0,x_tcsc,1-14,-0.10344129310754582,21,-0.10080920433053986,MAP_SCADA,45,0.0026320887770059642
1,B_svc,2,0.1708677144969117,21,0.16987451892177505,MAP_SCADA,45,0.0009931955751366628
2,UPFC_Vsh,5-15,1.1077101992879548,21,1.1111883431135414,MAP_SCADA,45,0.0034781438255866437
3,UPFC_tsh,5-15,-0.23998780930740443,21,-0.2418125648168908,MAP_SCADA,45,0.001824755509486381
4,UPFC_Vse,5-15,0.06297038816134898,21,0.06152592446691194,MAP_SCADA,45,0.0014444636944370357
5,UPFC_tse,5-15,-2.1940017442066315,21,-2.1818707827195163,MAP_SCADA,45,0.012130961487115233
0,x_tcsc,1-14,-0.10200268563517126,22,-0.10080920433053986,MAP_SCADA,45,0.0011934813046313997
1,B_svc,2,0.17089704393936794,22,0.16987451892177505,MAP_SCADA,45,0.0010225250175928957
2,UPFC_Vsh,5-15,1.11057128340465,22,1.1111883431135414,MAP_SCADA,45,0.0006170597088914764
3,UPFC_tsh,5-15,-0.2383999901081647,22,-0.2418125648168908,MAP_SCADA,45,0.003412574708726107
4,UPFC_Vse,5-15,0.06284333278504248,22,0.06152592446691194,MAP_SCADA,45,0.0013174083181305349
5,UPFC_tse,5-15,-2.189614887509789,22,-2.1818707827195163,MAP_SCADA,45,0.0077441047902726545
0,x_tcsc,1-14,-0.10414257550582919,23,-0.10080920433053986,MAP_SCADA,45,0.0033333711752893264
1,B_svc,2,0.17302275696693312,23,0.16987451892177505,MAP_SCADA,45,0.0031482380451580694
2,UPFC_Vsh,5-15,1.1062099902680418,23,1.1111883431135414,MAP_SCADA,45,0.004978352845499634
3,UPFC_tsh,5-15,-0.23899992877224516,23,-0.2418125648168908,MAP_SCADA,45,0.0028126360446456555
4,UPFC_Vse,5-15,0.06331203494101198,23,0.06152592446691194,MAP_SCADA,45,0.0017861104741000375
5,UPFC_tse,5-15,-2.193611288444514,23,-2.1818707827195163,MAP_SCADA,45,0.011740505724997519
0,x_tcsc,1-14,-0.10255669398750906,24,-0.10080920433053986,MAP_SCADA,45,0.001747489656969206
1,B_svc,2,0.17527665408020493,24,0.16987451892177505,MAP_SCADA,45,0.005402135158429883
2,UPFC_Vsh,5-15,1.110444416352426,24,1.1111883431135414,MAP_SCADA,45,0.0007439267611153433
3,UPFC_tsh,5-15,-0.23838245129865002,24,-0.2418125648168908,MAP_SCADA,45,0.003430113518240796
4,UPFC_Vse,5-15,0.06343171498679508,24,0.06152592446691194,MAP_SCADA,45,0.001905790519883134
5,UPFC_tse,5-15,-2.1934702341448933,24,-2.1818707827195163,MAP_SCADA,45,0.011599451425376994
0,x_tcsc,1-14,-0.10349904714129522,25,-0.10080920433053986,MAP_SCADA,45,0.0026898428107553635
1,B_svc,2,0.16860677052613007,25,0.16987451892177505,MAP_SCADA,45,0.0012677483956449742
2,UPFC_Vsh,5-15,1.1085206473749372,25,1.1111883431135414,MAP_SCADA,45,0.002667695738604259
3,UPFC_tsh,5-15,-0.2385443264307013,25,-0.2418125648168908,MAP_SCADA,45,0.0032682383861895037
4,UPFC_Vse,5-15,0.06318141056723417,25,0.06152592446691194,MAP_SCADA,45,0.0016554861003222274
5,UPFC_tse,5-15,-2.193211743897714,25,-2.1818707827195163,MAP_SCADA,45,0.011340961178197606
0,x_tcsc,1-14,-0.10344888642509803,26,-0.10080920433053986,MAP_SCADA,45,0.002639682094558171
1,B_svc,2,0.1684348338944659,26,0.16987451892177505,MAP_SCADA,45,0.001439685027309151
2,UPFC_Vsh,5-15,1.1093544542233646,26,1.1111883431135414,MAP_SCADA,45,0.0018338888901767714
3,UPFC_tsh,5-15,-0.23870731257150962,26,-0.2418125648168908,MAP_SCADA,45,0.0031052522453811904
4,UPFC_Vse,5-15,0.06272919858083496,26,0.06152592446691194,MAP_SCADA,45,0.001203274113923021
5,UPFC_tse,5-15,-2.1892722360416754,26,-2.1818707827195163,MAP_SCADA,45,0.007401453322159135
0,x_tcsc,1-14,-0.10324303032860659,27,-0.10080920433053986,MAP_SCADA,45,0.002433825998066727
1,B_svc,2,0.16582498944584045,27,0.16987451892177505,MAP_SCADA,45,0.0040495294759345934
2,UPFC_Vsh,5-15,1.1092917412852477,27,1.1111883431135414,MAP_SCADA,45,0.0018966018282937647
3,UPFC_tsh,5-15,-0.23786009562888574,27,-0.2418125648168908,MAP_SCADA,45,0.00395246918800507
4,UPFC_Vse,5-15,0.06271511041328849,27,0.06152592446691194,MAP_SCADA,45,0.001189185946376549
5,UPFC_tse,5-15,-2.1924914175363153,27,-2.1818707827195163,MAP_SCADA,45,0.01062063481679898
0,x_tcsc,1-14,-0.10135196066548283,28,-0.10080920433053986,MAP_SCADA,45,0.0005427563349429676
1,B_svc,2,0.17761057228239494,28,0.16987451892177505,MAP_SCADA,45,0.007736053360619888
2,UPFC_Vsh,5-15,1.1083718755136782,28,1.1111883431135414,MAP_SCADA,45,0.002816467599863204
3,UPFC_tsh,5-15,-0.2395613443581504,28,-0.2418125648168908,MAP_SCADA,45,0.002251220458740405
4,UPFC_Vse,5-15,0.06346267764598927,28,0.06152592446691194,MAP_SCADA,45,0.0019367531790773287
5,UPFC_tse,5-15,-2.1903041390921896,28,-2.1818707827195163,MAP_SCADA,45,0.008433356372673284
0,x_tcsc,1-14,-0.10515150213842957,29,-0.10080920433053986,MAP_SCADA,45,0.004342297807889708
1,B_svc,2,0.16766234531155627,29,0.16987451892177505,MAP_SCADA,45,0.002212173610218776
2,UPFC_Vsh,5-15,1.1095725542927521,29,1.1111883431135414,MAP_SCADA,45,0.0016157888207892768
3,UPFC_tsh,5-15,-0.23785749907874235,29,-0.2418125648168908,MAP_SCADA,45,0.003955065738148467
4,UPFC_Vse,5-15,0.06285327963871028,29,0.06152592446691194,MAP_SCADA,45,0.0013273551717983348
5,UPFC_tse,5-15,-2.1945382243971,29,-2.1818707827195163,MAP_SCADA,45,0.012667441677583824
0,x_tcsc,1-14,-0.10214521014739744,30,-0.10080920433053986,MAP_SCADA,45,0.0013360058168575828
1,B_svc,2,0.1733947782625552,30,0.16987451892177505,MAP_SCADA,45,0.003520259340780152
2,UPFC_Vsh,5-15,1.108749731528518,30,1.1111883431135414,MAP_SCADA,45,0.0024386115850234535
3,UPFC_tsh,5-15,-0.24003817420459694,30,-0.2418125648168908,MAP_SCADA,45,0.001774390612293869
4,UPFC_Vse,5-15,0.06354332981972415,30,0.06152592446691194,MAP_SCADA,45,0.002017405352812203
5,UPFC_tse,5-15,-2.1899562565815236,30,-2.1818707827195163,MAP_SCADA,45,0.008085473862007309
0,x_tcsc,1-14,-0.10186895497271833,31,-0.10080920433053986,MAP_SCADA,45,0.0010597506421784753
1,B_svc,2,0.1731001895027111,31,0.16987451892177505,MAP_SCADA,45,0.003225670580936063
2,UPFC_Vsh,5-15,1.1089604871881096,31,1.1111883431135414,MAP_SCADA,45,0.002227855925431843
3,UPFC_tsh,5-15,-0.2393106658119316,31,-0.2418125648168908,MAP_SCADA,45,0.0025018990049592016
4,UPFC_Vse,5-15,0.06361662209310572,31,0.06152592446691194,MAP_SCADA,45,0.002090697626193773
5,UPFC_tse,5-15,-2.1910202663171208,31,-2.1818707827195163,MAP_SCADA,45,0.00914948359760448
0,x_tcsc,1-14,-0.10199155700575223,32,-0.10080920433053986,MAP_SCADA,45,0.0011823526752123698
1,B_svc,2,0.17562280153400014,32,0.16987451892177505,MAP_SCADA,45,0.005748282612225097
2,UPFC_Vsh,5-15,1.1083810877935076,32,1.1111883431135414,MAP_SCADA,45,0.0028072553200337858
3,UPFC_tsh,5-15,-0.23893318807281042,32,-0.2418125648168908,MAP_SCADA,45,0.0028793767440803975
4,UPFC_Vse,5-15,0.06267661663381953,32,0.06152592446691194,MAP_SCADA,45,0.0011506921669075867
5,UPFC_tse,5-15,-2.1933767411492218,32,-2.1818707827195163,MAP_SCADA,45,0.011505958429705476
0,x_tcsc,1-14,-0.10341776982429712,33,-0.10080920433053986,MAP_SCADA,45,0.0026085654937572644
1,B_svc,2,0.1685857185347648,33,0.16987451892177505,MAP_SCADA,45,0.001288800387010236
2,UPFC_Vsh,5-15,1.1090690511856047,33,1.1111883431135414,MAP_SCADA,45,0.002119291927936695
3,UPFC_tsh,5-15,-0.23823230252929914,33,-0.2418125648168908,MAP_SCADA,45,0.0035802622875916734
4,UPFC_Vse,5-15,0.06321292719959012,33,0.06152592446691194,MAP_SCADA,45,0.001687002732678182
5,UPFC_tse,5-15,-2.190809317373603,33,-2.1818707827195163,MAP_SCADA,45,0.008938534654086894
0,x_tcsc,1-14,-0.10303751160140999,34,-0.10080920433053986,MAP_SCADA,45,0.0022283072708701307
1,B_svc,2,0.1683284671853949,34,0.16987451892177505,MAP_SCADA,45,0.001546051736380144
2,UPFC_Vsh,5-15,1.109998361341998,34,1.1111883431135414,MAP_SCADA,45,0.0011899817715435024
3,UPFC_tsh,5-15,-0.2380691737984707,34,-0.2418125648168908,MAP_SCADA,45,0.0037433910184201113
4,UPFC_Vse,5-15,0.0635342444626378,34,0.06152592446691194,MAP_SCADA,45,0.0020083199957258643
5,UPFC_tse,5-15,-2.1878828879669565,34,-2.1818707827195163,MAP_SCADA,45,0.006012105247440225
0,x_tcsc,1-14,-0.10297982083834885,35,-0.10080920433053986,MAP_SCADA,45,0.0021706165078089895
1,B_svc,2,0.17046754832647434,35,0.16987451892177505,MAP_SCADA,45,0.0005930294046992968
2,UPFC_Vsh,5-15,1.1112794492291262,35,1.1111883431135414,MAP_SCADA,45,9.110611558482695e-05
3,UPFC_tsh,5-15,-0.2385383032127797,35,-0.2418125648168908,MAP_SCADA,45,0.0032742616041111228
4,UPFC_Vse,5-15,0.06367108062868834,35,0.06152592446691194,MAP_SCADA,45,0.0021451561617764
5,UPFC_tse,5-15,-2.188473680620623,35,-2.1818707827195163,MAP_SCADA,45,0.006602897901106797
0,x_tcsc,1-14,-0.1037433704569016,36,-0.10080920433053986,MAP_SCADA,45,0.0029341661263617425
1,B_svc,2,0.17020265351511055,36,0.16987451892177505,MAP_SCADA,45,0.00032813459333549955
2,UPFC_Vsh,5-15,1.1084573576990415,36,1.1111883431135414,MAP_SCADA,45,0.002730985414499898
3,UPFC_tsh,5-15,-0.2387082284511852,36,-0.2418125648168908,MAP_SCADA,45,0.0031043363657056178
4,UPFC_Vse,5-15,0.06266177121649627,36,0.06152592446691194,MAP_SCADA,45,0.001135846749584328
5,UPFC_tse,5-15,-2.192234184921244,36,-2.1818707827195163,MAP_SCADA,45,0.010363402201727823
0,x_tcsc,1-14,-0.10331206912751367,37,-0.10080920433053986,MAP_SCADA,45,0.002502864796973814
1,B_svc,2,0.16983444814242962,37,0.16987451892177505,MAP_SCADA,45,4.007077934542469e-05
2,UPFC_Vsh,5-15,1.1093899644083485,37,1.1111883431135414,MAP_SCADA,45,0.001798378705192949
3,UPFC_tsh,5-15,-0.23805948198578433,37,-0.2418125648168908,MAP_SCADA,45,0.00375308283110648
4,UPFC_Vse,5-15,0.06260338273141129,37,0.06152592446691194,MAP_SCADA,45,0.0010774582644993494
5,UPFC_tse,5-15,-2.194394240818059,37,-2.1818707827195163,MAP_SCADA,45,0.012523458098542495
0,x_tcsc,1-14,-0.10491436820607243,38,-0.10080920433053986,MAP_SCADA,45,0.004105163875532572
1,B_svc,2,0.1672180740223852,38,0.16987451892177505,MAP_SCADA,45,0.002656444899389848
2,UPFC_Vsh,5-15,1.1095823920842456,38,1.1111883431135414,MAP_SCADA,45,0.0016059510292958379
3,UPFC_tsh,5-15,-0.23796712750088744,38,-0.2418125648168908,MAP_SCADA,45,0.0038454373160033695
4,UPFC_Vse,5-15,0.06283312149927725,38,0.06152592446691194,MAP_SCADA,45,0.0013071970323653079
5,UPFC_tse,5-15,-2.18825981095042,38,-2.1818707827195163,MAP_SCADA,45,0.006389028230903815
0,x_tcsc,1-14,-0.10472404013278803,39,-0.10080920433053986,MAP_SCADA,45,0.003914835802248176
1,B_svc,2,0.17177177941619282,39,0.16987451892177505,MAP_SCADA,45,0.0018972604944177685
2,UPFC_Vsh,5-15,1.106130884386145,39,1.1111883431135414,MAP_SCADA,45,0.00505745872739638
3,UPFC_tsh,5-15,-0.239162445516109,39,-0.2418125648168908,MAP_SCADA,45,0.0026501193007818225
4,UPFC_Vse,5-15,0.06329622775397507,39,0.06152592446691194,MAP_SCADA,45,0.001770303287063131
5,UPFC_tse,5-15,-2.187460536285187,39,-2.1818707827195163,MAP_SCADA,45,0.005589753565670819
0,x_tcsc,1-14,-0.10328701279564349,40,-0.10080920433053986,MAP_SCADA,45,0.002477808465103634
1,B_svc,2,0.1697864442432162,40,0.16987451892177505,MAP_SCADA,45,8.807467855884155e-05
2,UPFC_Vsh,5-15,1.1091570589281596,40,1.1111883431135414,MAP_SCADA,45,0.0020312841853817876
3,UPFC_tsh,5-15,-0.23841077906827327,40,-0.2418125648168908,MAP_SCADA,45,0.0034017857486175473
4,UPFC_Vse,5-15,0.06335807687554586,40,0.06152592446691194,MAP_SCADA,45,0.001832152408633915
5,UPFC_tse,5-15,-2.188321530167082,40,-2.1818707827195163,MAP_SCADA,45,0.006450747447565686
0,x_tcsc,1-14,-0.10415308358070655,41,-0.10080920433053986,MAP_SCADA,45,0.003343879250166687
1,B_svc,2,0.1659516229371476,41,0.16987451892177505,MAP_SCADA,45,0.003922895984627445
2,UPFC_Vsh,5-15,1.1088618181516254,41,1.1111883431135414,MAP_SCADA,45,0.002326524961915988
3,UPFC_tsh,5-15,-0.23803785406369915,41,-0.2418125648168908,MAP_SCADA,45,0.0037747107531916624
4,UPFC_Vse,5-15,0.06317922460371121,41,0.06152592446691194,MAP_SCADA,45,0.0016533001367992697
5,UPFC_tse,5-15,-2.192117927145841,41,-2.1818707827195163,MAP_SCADA,45,0.010247144426324795
0,x_tcsc,1-14,-0.10282328972764497,42,-0.10080920433053986,MAP_SCADA,45,0.0020140853971051115
1,B_svc,2,0.1721197597634059,42,0.16987451892177505,MAP_SCADA,45,0.002245240841630858
2,UPFC_Vsh,5-15,1.1081902020497665,42,1.1111883431135414,MAP_SCADA,45,0.0029981410637749395
3,UPFC_tsh,5-15,-0.23900538395228121,42,-0.2418125648168908,MAP_SCADA,45,0.0028071808646095986
4,UPFC_Vse,5-15,0.06283176345199303,42,0.06152592446691194,MAP_SCADA,45,0.0013058389850810828
5,UPFC_tse,5-15,-2.1893873032588393,42,-2.1818707827195163,MAP_SCADA,45,0.007516520539323057
0,x_tcsc,1-14,-0.10303424453802462,43,-0.10080920433053986,MAP_SCADA,45,0.002225040207484763
1,B_svc,2,0.17311051925916063,43,0.16987451892177505,MAP_SCADA,45,0.0032360003373855806
2,UPFC_Vsh,5-15,1.107982607035665,43,1.1111883431135414,MAP_SCADA,45,0.003205736077876331
3,UPFC_tsh,5-15,-0.23927261561656687,43,-0.2418125648168908,MAP_SCADA,45,0.0025399492003239377
4,UPFC_Vse,5-15,0.06356982541230466,43,0.06152592446691194,MAP_SCADA,45,0.0020439009453927168
5,UPFC_tse,5-15,-2.1951217682769553,43,-2.1818707827195163,MAP_SCADA,45,0.013250985557438977
0,x_tcsc,1-14,-0.1027973561626272,44,-0.10080920433053986,MAP_SCADA,45,0.001988151832087337
1,B_svc,2,0.1681348089727287,44,0.16987451892177505,MAP_SCADA,45,0.0017397099490463475
2,UPFC_Vsh,5-15,1.109787300168,44,1.1111883431135414,MAP_SCADA,45,0.001401042945541331
3,UPFC_tsh,5-15,-0.23831165948836602,44,-0.2418125648168908,MAP_SCADA,45,0.0035009053285247893
4,UPFC_Vse,5-15,0.06368281985756345,44,0.06152592446691194,MAP_SCADA,45,0.00215689539065151
5,UPFC_tse,5-15,-2.1854876578376725,44,-2.1818707827195163,MAP_SCADA,45,0.0036168751181562264
0,x_tcsc,1-14,-0.10221996947708181,45,-0.10080920433053986,MAP_SCADA,45,0.0014107651465419535
1,B_svc,2,0.1768898387398685,45,0.16987451892177505,MAP_SCADA,45,0.007015319818093446
2,UPFC_Vsh,5-15,1.1095156345355885,45,1.1111883431135414,MAP_SCADA,45,0.001672708577952875
3,UPFC_tsh,5-15,-0.2389523502653847,45,-0.2418125648168908,MAP_SCADA,45,0.0028602145515061184
4,UPFC_Vse,5-15,0.06318314771751779,45,0.06152592446691194,MAP_SCADA,45,0.001657223250605848
5,UPFC_tse,5-15,-2.193731744557763,45,-2.1818707827195163,MAP_SCADA,45,0.011860961838246808
0,x_tcsc,1-14,-0.10209110133794598,46,-0.10080920433053986,MAP_SCADA,45,0.0012818970074061214
1,B_svc,2,0.1749895939957132,46,0.16987451892177505,MAP_SCADA,45,0.005115075073938158
2,UPFC_Vsh,5-15,1.1075689036025793,46,1.1111883431135414,MAP_SCADA,45,0.003619439510962108
3,UPFC_tsh,5-15,-0.2405839698596442,46,-0.2418125648168908,MAP_SCADA,45,0.0012285949572466148
4,UPFC_Vse,5-15,0.06325877581511731,46,0.06152592446691194,MAP_SCADA,45,0.0017328513482053678
5,UPFC_tse,5-15,-2.1915658662244795,46,-2.1818707827195163,MAP_SCADA,45,0.009695083504963176
0,x_tcsc,1-14,-0.10430424526697522,47,-0.10080920433053986,MAP_SCADA,45,0.0034950409364353646
1,B_svc,2,0.16657044584038416,47,0.16987451892177505,MAP_SCADA,45,0.0033040730813908847
2,UPFC_Vsh,5-15,1.1089944570086598,47,1.1111883431135414,MAP_SCADA,45,0.0021938861048815816
3,UPFC_tsh,5-15,-0.23755332848839128,47,-0.2418125648168908,MAP_SCADA,45,0.004259236328499533
4,UPFC_Vse,5-15,0.06325285378388841,47,0.06152592446691194,MAP_SCADA,45,0.001726929316976468
5,UPFC_tse,5-15,-2.1926651756040454,47,-2.1818707827195163,MAP_SCADA,45,0.010794392884529103
0,x_tcsc,1-14,-0.10467341988269523,48,-0.10080920433053986,MAP_SCADA,45,0.0038642155521553673
1,B_svc,2,0.16631328053467387,48,0.16987451892177505,MAP_SCADA,45,0.003561238387101179
2,UPFC_Vsh,5-15,1.109765910581846,48,1.1111883431135414,MAP_SCADA,45,0.0014224325316953834
3,UPFC_tsh,5-15,-0.23718168953869978,48,-0.2418125648168908,MAP_SCADA,45,0.004630875278191032
4,UPFC_Vse,5-15,0.06257817548573592,48,0.06152592446691194,MAP_SCADA,45,0.0010522510188239811
5,UPFC_tse,5-15,-2.189149825874566,48,-2.1818707827195163,MAP_SCADA,45,0.007279043155049791
0,x_tcsc,1-14,-0.10036649413923276,49,-0.10080920433053986,MAP_SCADA,45,0.0004427101913070941
1,B_svc,2,0.1848686799141463,49,0.16987451892177505,MAP_SCADA,45,0.014994160992371247
2,UPFC_Vsh,5-15,1.1056475662275105,49,1.1111883431135414,MAP_SCADA,45,0.00554077688603094
3,UPFC_tsh,5-15,-0.2414821266404511,49,-0.2418125648168908,MAP_SCADA,45,0.0003304381764397124
4,UPFC_Vse,5-15,0.0630950463263788,49,0.06152592446691194,MAP_SCADA,45,0.0015691218594668585
5,UPFC_tse,5-15,-2.1950301431956265,49,-2.1818707827195163,MAP_SCADA,45,0.013159360476110216
0,x_tcsc,1-14,-0.10197953963546616,50,-0.10080920433053986,MAP_SCADA,45,0.001170335304926301
1,B_svc,2,0.1736852085055039,50,0.16987451892177505,MAP_SCADA,45,0.003810689583728849
2,UPFC_Vsh,5-15,1.1100116771882211,50,1.1111883431135414,MAP_SCADA,45,0.001176665925320286
3,UPFC_tsh,5-15,-0.2387841569748617,50,-0.2418125648168908,MAP_SCADA,45,0.003028407842029124
4,UPFC_Vse,5-15,0.06333349762164837,50,0.06152592446691194,MAP_SCADA,45,0.0018075731547364318
5,UPFC_tse,5-15,-2.18884697758656,50,-2.1818707827195163,MAP_SCADA,45,0.006976194867043706
0,x_tcsc,1-14,-0.10287200005996062,51,-0.10080920433053986,MAP_SCADA,45,0.002062795729420766
1,B_svc,2,0.17435630556991935,51,0.16987451892177505,MAP_SCADA,45,0.004481786648144304
2,UPFC_Vsh,5-15,1.1083789801853865,51,1.1111883431135414,MAP_SCADA,45,0.0028093629281549237
3,UPFC_tsh,5-15,-0.23954156229505957,51,-0.2418125648168908,MAP_SCADA,45,0.002271002521831239
4,UPFC_Vse,5-15,0.0634631446920625,51,0.06152592446691194,MAP_SCADA,45,0.0019372202251505613
5,UPFC_tse,5-15,-2.193128263603617,51,-2.1818707827195163,MAP_SCADA,45,0.011257480884100612
0,x_tcsc,1-14,-0.10324332919686505,52,-0.10080920433053986,MAP_SCADA,45,0.002434124866325188
1,B_svc,2,0.1696109973659828,52,0.16987451892177505,MAP_SCADA,45,0.00026352155579223435
2,UPFC_Vsh,5-15,1.111682729996886,52,1.1111883431135414,MAP_SCADA,45,0.0004943868833446885
3,UPFC_tsh,5-15,-0.2380664599567824,52,-0.2418125648168908,MAP_SCADA,45,0.0037461048601084013
4,UPFC_Vse,5-15,0.0636095662815725,52,0.06152592446691194,MAP_SCADA,45,0.0020836418146605515
5,UPFC_tse,5-15,-2.190966086526349,52,-2.1818707827195163,MAP_SCADA,45,0.009095303806832877
0,x_tcsc,1-14,-0.10136893818338043,53,-0.10080920433053986,MAP_SCADA,45,0.0005597338528405688
1,B_svc,2,0.1763356233567943,53,0.16987451892177505,MAP_SCADA,45,0.006461104435019266
2,UPFC_Vsh,5-15,1.1071755978151345,53,1.1111883431135414,MAP_SCADA,45,0.0040127452984068945
3,UPFC_tsh,5-15,-0.24045414133719084,53,-0.2418125648168908,MAP_SCADA,45,0.0013584234796999717
4,UPFC_Vse,5-15,0.06363480196190133,53,0.06152592446691194,MAP_SCADA,45,0.002108877494989385
5,UPFC_tse,5-15,-2.1940031377680684,53,-2.1818707827195163,MAP_SCADA,45,0.012132355048552146
0,x_tcsc,1-14,-0.10324843381027872,54,-0.10080920433053986,MAP_SCADA,45,0.002439229479738861
1,B_svc,2,0.17285646172672728,54,0.16987451892177505,MAP_SCADA,45,0.002981942804952231
2,UPFC_Vsh,5-15,1.1064658011062947,54,1.1111883431135414,MAP_SCADA,45,0.004722542007246755
3,UPFC_tsh,5-15,-0.24019351975165645,54,-0.2418125648168908,MAP_SCADA,45,0.001619045065234359
4,UPFC_Vse,5-15,0.0631805362478855,54,0.06152592446691194,MAP_SCADA,45,0.001654611780973557
5,UPFC_tse,5-15,-2.1928662900195057,54,-2.1818707827195163,MAP_SCADA,45,0.010995507299989438
0,x_tcsc,1-14,-0.1019788974557904,55,-0.10080920433053986,MAP_SCADA,45,0.0011696931252505455
1,B_svc,2,0.1762892680006951,55,0.16987451892177505,MAP_SCADA,45,0.006414749078920062
2,UPFC_Vsh,5-15,1.1068642261414183,55,1.1111883431135414,MAP_SCADA,45,0.004324116972123093
3,UPFC_tsh,5-15,-0.2403625187434593,55,-0.2418125648168908,MAP_SCADA,45,0.0014500460734315213
4,UPFC_Vse,5-15,0.06392525493854063,55,0.06152592446691194,MAP_SCADA,45,0.0023993304716286926
5,UPFC_tse,5-15,-2.1962706712338904,55,-2.1818707827195163,MAP_SCADA,45,0.014399888514374126
0,x_tcsc,1-14,-0.10527974321233675,56,-0.10080920433053986,MAP_SCADA,45,0.0044705388817968955
1,B_svc,2,0.167632286351566,56,0.16987451892177505,MAP_SCADA,45,0.0022422325702090573
2,UPFC_Vsh,5-15,1.1086875892260313,56,1.1111883431135414,MAP_SCADA,45,0.002500753887510143
3,UPFC_tsh,5-15,-0.23816006534123574,56,-0.2418125648168908,MAP_SCADA,45,0.0036524994756550744
4,UPFC_Vse,5-15,0.06254446606212997,56,0.06152592446691194,MAP_SCADA,45,0.0010185415952180324
5,UPFC_tse,5-15,-2.1879062130788323,56,-2.1818707827195163,MAP_SCADA,45,0.006035430359315974
0,x_tcsc,1-14,-0.10179695860865144,57,-0.10080920433053986,MAP_SCADA,45,0.0009877542781115828
1,B_svc,2,0.17922775758191414,57,0.16987451892177505,MAP_SCADA,45,0.009353238660139096
2,UPFC_Vsh,5-15,1.1053913401140298,57,1.1111883431135414,MAP_SCADA,45,0.00579700299951158
3,UPFC_tsh,5-15,-0.24078070444873179,57,-0.2418125648168908,MAP_SCADA,45,0.0010318603681590266
4,UPFC_Vse,5-15,0.0628623967199648,57,0.06152592446691194,MAP_SCADA,45,0.0013364722530528547
5,UPFC_tse,5-15,-2.19228846799818,57,-2.1818707827195163,MAP_SCADA,45,0.010417685278663491
0,x_tcsc,1-14,-0.10438407717916225,58,-0.10080920433053986,MAP_SCADA,45,0.0035748728486223874
1,B_svc,2,0.1710229922972262,58,0.16987451892177505,MAP_SCADA,45,0.0011484733754511534
2,UPFC_Vsh,5-15,1.1084581412862453,58,1.1111883431135414,MAP_SCADA,45,0.002730201827296108
3,UPFC_tsh,5-15,-0.23826230188521025,58,-0.2418125648168908,MAP_SCADA,45,0.0035502629316805645
4,UPFC_Vse,5-15,0.06312944551932835,58,0.06152592446691194,MAP_SCADA,45,0.0016035210524164081
5,UPFC_tse,5-15,-2.1876418894390635,58,-2.1818707827195163,MAP_SCADA,45,0.00577110671954717
0,x_tcsc,1-14,-0.10383418172265896,59,-0.10080920433053986,MAP_SCADA,45,0.0030249773921190992
1,B_svc,2,0.17312892218344747,59,0.16987451892177505,MAP_SCADA,45,0.0032544032616724228
2,UPFC_Vsh,5-15,1.1072547742868786,59,1.1111883431135414,MAP_SCADA,45,0.003933568826662848
3,UPFC_tsh,5-15,-0.23890156901931114,59,-0.2418125648168908,MAP_SCADA,45,0.0029109957975796685
4,UPFC_Vse,5-15,0.06299379008888283,59,0.06152592446691194,MAP_SCADA,45,0.0014678656219708833
5,UPFC_tse,5-15,-2.1917922454989034,59,-2.1818707827195163,MAP_SCADA,45,0.009921462779387102
0,x_tcsc,1-14,-0.10327191665118586,60,-0.10080920433053986,MAP_SCADA,45,0.0024627123206460017
1,B_svc,2,0.16996069385126053,60,0.16987451892177505,MAP_SCADA,45,8.6174929485483e-05
2,UPFC_Vsh,5-15,1.1098518577775867,60,1.1111883431135414,MAP_SCADA,45,0.0013364853359547624
3,UPFC_tsh,5-15,-0.23820244736558496,60,-0.2418125648168908,MAP_SCADA,45,0.00361011745130585
4,UPFC_Vse,5-15,0.06292108618224466,60,0.06152592446691194,MAP_SCADA,45,0.0013951617153327225
5,UPFC_tse,5-15,-2.187923879159447,60,-2.1818707827195163,MAP_SCADA,45,0.006053096439930794
0,x_tcsc,1-14,-0.10443203071954701,61,-0.10080920433053986,MAP_SCADA,45,0.0036228263890071555
1,B_svc,2,0.16903423354943337,61,0.16987451892177505,MAP_SCADA,45,0.0008402853723416814
2,UPFC_Vsh,5-15,1.110202654342042,61,1.1111883431135414,MAP_SCADA,45,0.0009856887714994045
3,UPFC_tsh,5-15,-0.23777468793642412,61,-0.2418125648168908,MAP_SCADA,45,0.004037876880466695
4,UPFC_Vse,5-15,0.06314581996839719,61,0.06152592446691194,MAP_SCADA,45,0.0016198955014852454
5,UPFC_tse,5-15,-2.1855869768875538,61,-2.1818707827195163,MAP_SCADA,45,0.003716194168037479
0,x_tcsc,1-14,-0.1018979327156657,62,-0.10080920433053986,MAP_SCADA,45,0.001088728385125845
1,B_svc,2,0.17427711005926577,62,0.16987451892177505,MAP_SCADA,45,0.0044025911374907245
2,UPFC_Vsh,5-15,1.1095015499881347,62,1.1111883431135414,MAP_SCADA,45,0.0016867931254067603
3,UPFC_tsh,5-15,-0.23957433529079633,62,-0.2418125648168908,MAP_SCADA,45,0.0022382295260944818
4,UPFC_Vse,5-15,0.06324467634335171,62,0.06152592446691194,MAP_SCADA,45,0.0017187518764397655
5,UPFC_tse,5-15,-2.194724354980753,62,-2.1818707827195163,MAP_SCADA,45,0.012853572261236845
0,x_tcsc,1-14,-0.1047565086025988,63,-0.10080920433053986,MAP_SCADA,45,0.0039473042720589435
1,B_svc,2,0.16464257816312167,63,0.16987451892177505,MAP_SCADA,45,0.005231940758653381
2,UPFC_Vsh,5-15,1.1108932720561624,63,1.1111883431135414,MAP_SCADA,45,0.00029507105737902606
3,UPFC_tsh,5-15,-0.23730546416250609,63,-0.2418125648168908,MAP_SCADA,45,0.004507100654384727
4,UPFC_Vse,5-15,0.06270315531355272,63,0.06152592446691194,MAP_SCADA,45,0.0011772308466407796
5,UPFC_tse,5-15,-2.1891048347645268,63,-2.1818707827195163,MAP_SCADA,45,0.007234052045010486
0,x_tcsc,1-14,-0.10149762845702923,64,-0.10080920433053986,MAP_SCADA,45,0.0006884241264893676
1,B_svc,2,0.17041915878050962,64,0.16987451892177505,MAP_SCADA,45,0.0005446398587345691
2,UPFC_Vsh,5-15,1.1100417205424307,64,1.1111883431135414,MAP_SCADA,45,0.0011466225711107558
3,UPFC_tsh,5-15,-0.23829959354425628,64,-0.2418125648168908,MAP_SCADA,45,0.0035129712726345297
4,UPFC_Vse,5-15,0.06332037722712637,64,0.06152592446691194,MAP_SCADA,45,0.001794452760214428
5,UPFC_tse,5-15,-2.1874300265671645,64,-2.1818707827195163,MAP_SCADA,45,0.005559243847648165
0,x_tcsc,1-14,-0.1029503968470731,65,-0.10080920433053986,MAP_SCADA,45,0.002141192516533247
1,B_svc,2,0.1727546126568781,65,0.16987451892177505,MAP_SCADA,45,0.002880093735103062
2,UPFC_Vsh,5-15,1.1090411589252558,65,1.1111883431135414,MAP_SCADA,45,0.0021471841882856335
3,UPFC_tsh,5-15,-0.2391466538977477,65,-0.2418125648168908,MAP_SCADA,45,0.0026659109191431163
4,UPFC_Vse,5-15,0.06267864255580684,65,0.06152592446691194,MAP_SCADA,45,0.0011527180888948954
5,UPFC_tse,5-15,-2.194609229181598,65,-2.1818707827195163,MAP_SCADA,45,0.012738446462081665
0,x_tcsc,1-14,-0.10255764452678089,66,-0.10080920433053986,MAP_SCADA,45,0.0017484401962410273
1,B_svc,2,0.17335932811787075,66,0.16987451892177505,MAP_SCADA,45,0.0034848091960957006
2,UPFC_Vsh,5-15,1.1067821196443008,66,1.1111883431135414,MAP_SCADA,45,0.004406223469240578
3,UPFC_tsh,5-15,-0.24009114421968414,66,-0.2418125648168908,MAP_SCADA,45,0.0017214205972066743
4,UPFC_Vse,5-15,0.06383770986129642,66,0.06152592446691194,MAP_SCADA,45,0.0023117853943844732
5,UPFC_tse,5-15,-2.189975251551576,66,-2.1818707827195163,MAP_SCADA,45,0.00810446883205973
0,x_tcsc,1-14,-0.10257961106253177,67,-0.10080920433053986,MAP_SCADA,45,0.0017704067319919137
1,B_svc,2,0.1742425484016374,67,0.16987451892177505,MAP_SCADA,45,0.00436802947986234
2,UPFC_Vsh,5-15,1.1083253567254918,67,1.1111883431135414,MAP_SCADA,45,0.0028629863880496043
3,UPFC_tsh,5-15,-0.23958027079370714,67,-0.2418125648168908,MAP_SCADA,45,0.002232294023183673
4,UPFC_Vse,5-15,0.06314568162052941,67,0.06152592446691194,MAP_SCADA,45,0.0016197571536174724
5,UPFC_tse,5-15,-2.1901283364202158,67,-2.1818707827195163,MAP_SCADA,45,0.008257553700699471
0,x_tcsc,1-14,-0.10263337111071213,68,-0.10080920433053986,MAP_SCADA,45,0.001824166780172276
1,B_svc,2,0.17100614863303598,68,0.16987451892177505,MAP_SCADA,45,0.0011316297112609341
2,UPFC_Vsh,5-15,1.1100202564761716,68,1.1111883431135414,MAP_SCADA,45,0.0011680866373697807
3,UPFC_tsh,5-15,-0.23892424588676187,68,-0.2418125648168908,MAP_SCADA,45,0.002888318930128947
4,UPFC_Vse,5-15,0.06251988918292863,68,0.06152592446691194,MAP_SCADA,45,0.0009939647160166834
5,UPFC_tse,5-15,-2.187948808276476,68,-2.1818707827195163,MAP_SCADA,45,0.0060780255569596875
0,x_tcsc,1-14,-0.10299316820601115,69,-0.10080920433053986,MAP_SCADA,45,0.00218396387547129
1,B_svc,2,0.16947360486173987,69,0.16987451892177505,MAP_SCADA,45,0.0004009140600351735
2,UPFC_Vsh,5-15,1.1089815892970292,69,1.1111883431135414,MAP_SCADA,45,0.0022067538165122524
3,UPFC_tsh,5-15,-0.2385254375662905,69,-0.2418125648168908,MAP_SCADA,45,0.003287127250600319
4,UPFC_Vse,5-15,0.06214377261304217,69,0.06152592446691194,MAP_SCADA,45,0.0006178481461302301
5,UPFC_tse,5-15,-2.1892225229127744,69,-2.1818707827195163,MAP_SCADA,45,0.007351740193258127
0,x_tcsc,1-14,-0.10185809716055308,70,-0.10080920433053986,MAP_SCADA,45,0.0010488928300132205
1,B_svc,2,0.1712652326521477,70,0.16987451892177505,MAP_SCADA,45,0.0013907137303726391
2,UPFC_Vsh,5-15,1.1087057236793505,70,1.1111883431135414,MAP_SCADA,45,0.0024826194341909247
3,UPFC_tsh,5-15,-0.2391822748874336,70,-0.2418125648168908,MAP_SCADA,45,0.0026302899294572135
4,UPFC_Vse,5-15,0.06257359134144821,70,0.06152592446691194,MAP_SCADA,45,0.0010476668745362724
5,UPFC_tse,5-15,-2.1913194357175967,70,-2.1818707827195163,MAP_SCADA,45,0.009448652998080398
0,x_tcsc,1-14,-0.10524162761546635,71,-0.10080920433053986,MAP_SCADA,45,0.00443242328492649
1,B_svc,2,0.16611244629803404,71,0.16987451892177505,MAP_SCADA,45,0.0037620726237410085
2,UPFC_Vsh,5-15,1.1096813062861652,71,1.1111883431135414,MAP_SCADA,45,0.0015070368273761847
3,UPFC_tsh,5-15,-0.23770084547255427,71,-0.2418125648168908,MAP_SCADA,45,0.004111719344336545
4,UPFC_Vse,5-15,0.06383213767638687,71,0.06152592446691194,MAP_SCADA,45,0.002306213209474932
5,UPFC_tse,5-15,-2.1861294420596007,71,-2.1818707827195163,MAP_SCADA,45,0.004258659340084403
0,x_tcsc,1-14,-0.10233283399276083,72,-0.10080920433053986,MAP_SCADA,45,0.001523629662220971
1,B_svc,2,0.17345561181975075,72,0.16987451892177505,MAP_SCADA,45,0.0035810928979757017
2,UPFC_Vsh,5-15,1.1081896369708146,72,1.1111883431135414,MAP_SCADA,45,0.0029987061427267925
3,UPFC_tsh,5-15,-0.2390668542505105,72,-0.2418125648168908,MAP_SCADA,45,0.002745710566380316
4,UPFC_Vse,5-15,0.06308312190652304,72,0.06152592446691194,MAP_SCADA,45,0.0015571974396111007
5,UPFC_tse,5-15,-2.1950210742699534,72,-2.1818707827195163,MAP_SCADA,45,0.013150291550437121
0,x_tcsc,1-14,-0.10300572656616798,73,-0.10080920433053986,MAP_SCADA,45,0.0021965222356281205
1,B_svc,2,0.1699124075334846,73,0.16987451892177505,MAP_SCADA,45,3.788861170955782e-05
2,UPFC_Vsh,5-15,1.111688763891842,73,1.1111883431135414,MAP_SCADA,45,0.0005004207783005921
3,UPFC_tsh,5-15,-0.23754253964747926,73,-0.2418125648168908,MAP_SCADA,45,0.004270025169411551
4,UPFC_Vse,5-15,0.06295480558574423,73,0.06152592446691194,MAP_SCADA,45,0.0014288811188322911
5,UPFC_tse,5-15,-2.1898784956330895,73,-2.1818707827195163,MAP_SCADA,45,0.008007712913573162
0,x_tcsc,1-14,-0.10514924575789812,74,-0.10080920433053986,MAP_SCADA,45,0.004340041427358263
1,B_svc,2,0.16485838462843566,74,0.16987451892177505,MAP_SCADA,45,0.005016134293339386
2,UPFC_Vsh,5-15,1.1083799244483572,74,1.1111883431135414,MAP_SCADA,45,0.0028084186651842202
3,UPFC_tsh,5-15,-0.23760004359913878,74,-0.2418125648168908,MAP_SCADA,45,0.0042125212177520355
4,UPFC_Vse,5-15,0.06298926157265705,74,0.06152592446691194,MAP_SCADA,45,0.0014633371057451092
5,UPFC_tse,5-15,-2.1901337929582283,74,-2.1818707827195163,MAP_SCADA,45,0.00826301023871201
0,x_tcsc,1-14,-0.10232746305722461,75,-0.10080920433053986,MAP_SCADA,45,0.0015182587266847486
1,B_svc,2,0.17313561704027464,75,0.16987451892177505,MAP_SCADA,45,0.003261098118499589
2,UPFC_Vsh,5-15,1.1109635601407246,75,1.1111883431135414,MAP_SCADA,45,0.00022478297281680604
3,UPFC_tsh,5-15,-0.2383956924953973,75,-0.2418125648168908,MAP_SCADA,45,0.0034168723214935137
4,UPFC_Vse,5-15,0.06252459057740888,75,0.06152592446691194,MAP_SCADA,45,0.0009986661104969333
5,UPFC_tse,5-15,-2.1931506194433967,75,-2.1818707827195163,MAP_SCADA,45,0.011279836723880443
0,x_tcsc,1-14,-0.10346791682523426,76,-0.10080920433053986,MAP_SCADA,45,0.002658712494694404
1,B_svc,2,0.16888588364988585,76,0.16987451892177505,MAP_SCADA,45,0.0009886352718891933
2,UPFC_Vsh,5-15,1.1099742200180993,76,1.1111883431135414,MAP_SCADA,45,0.00121412309544211
3,UPFC_tsh,5-15,-0.23913273123024675,76,-0.2418125648168908,MAP_SCADA,45,0.0026798335866440592
4,UPFC_Vse,5-15,0.06273977661451471,76,0.06152592446691194,MAP_SCADA,45,0.0012138521476027717
5,UPFC_tse,5-15,-2.1907842344148376,76,-2.1818707827195163,MAP_SCADA,45,0.008913451695321317
0,x_tcsc,1-14,-0.1031683208624105,77,-0.10080920433053986,MAP_SCADA,45,0.002359116531870639
1,B_svc,2,0.16891396732518127,77,0.16987451892177505,MAP_SCADA,45,0.0009605515965937783
2,UPFC_Vsh,5-15,1.1077683373382927,77,1.1111883431135414,MAP_SCADA,45,0.0034200057752487023
3,UPFC_tsh,5-15,-0.23970109057894223,77,-0.2418125648168908,MAP_SCADA,45,0.0021114742379485796
4,UPFC_Vse,5-15,0.06299287105766653,77,0.06152592446691194,MAP_SCADA,45,0.0014669465907545878
5,UPFC_tse,5-15,-2.189390037798933,77,-2.1818707827195163,MAP_SCADA,45,0.007519255079416531
0,x_tcsc,1-14,-0.1003523763282444,78,-0.10080920433053986,MAP_SCADA,45,0.00045682800229546183
1,B_svc,2,0.1781374744137755,78,0.16987451892177505,MAP_SCADA,45,0.008262955492000457
2,UPFC_Vsh,5-15,1.1064367614323085,78,1.1111883431135414,MAP_SCADA,45,0.004751581681232908
3,UPFC_tsh,5-15,-0.24069360638132725,78,-0.2418125648168908,MAP_SCADA,45,0.0011189584355635607
4,UPFC_Vse,5-15,0.0636058583757046,78,0.06152592446691194,MAP_SCADA,45,0.0020799339087926513
5,UPFC_tse,5-15,-2.1934335928061675,78,-2.1818707827195163,MAP_SCADA,45,0.011562810086651165
0,x_tcsc,1-14,-0.10276773053574277,79,-0.10080920433053986,MAP_SCADA,45,0.0019585262052029123
1,B_svc,2,0.1680802978468382,79,0.16987451892177505,MAP_SCADA,45,0.001794221074936847
2,UPFC_Vsh,5-15,1.1117810693734493,79,1.1111883431135414,MAP_SCADA,45,0.0005927262599079164
3,UPFC_tsh,5-15,-0.237322468516072,79,-0.2418125648168908,MAP_SCADA,45,0.004490096300818813
4,UPFC_Vse,5-15,0.06270065158906427,79,0.06152592446691194,MAP_SCADA,45,0.0011747271221523234
5,UPFC_tse,5-15,-2.1869983063602736,79,-2.1818707827195163,MAP_SCADA,45,0.005127523640757303
0,x_tcsc,1-14,-0.10316049789480242,80,-0.10080920433053986,MAP_SCADA,45,0.0023512935642625576
1,B_svc,2,0.17065832407353948,80,0.16987451892177505,MAP_SCADA,45,0.0007838051517644329
2,UPFC_Vsh,5-15,1.1092538073589127,80,1.1111883431135414,MAP_SCADA,45,0.0019345357546287634
3,UPFC_tsh,5-15,-0.239140938455551,80,-0.2418125648168908,MAP_SCADA,45,0.0026716263613398017
4,UPFC_Vse,5-15,0.063109103691046,80,0.06152592446691194,MAP_SCADA,45,0.0015831792241340556
5,UPFC_tse,5-15,-2.1914075308370156,80,-2.1818707827195163,MAP_SCADA,45,0.009536748117499272
0,x_tcsc,1-14,-0.10041044236733196,81,-0.10080920433053986,MAP_SCADA,45,0.0003987619632078998
1,B_svc,2,0.18123476065321326,81,0.16987451892177505,MAP_SCADA,45,0.011360241731438209
2,UPFC_Vsh,5-15,1.1059665821283136,81,1.1111883431135414,MAP_SCADA,45,0.0052217609852278635
3,UPFC_tsh,5-15,-0.24094205153019474,81,-0.2418125648168908,MAP_SCADA,45,0.000870513286696073
4,UPFC_Vse,5-15,0.06307815871124836,81,0.06152592446691194,MAP_SCADA,45,0.0015522342443364187
5,UPFC_tse,5-15,-2.195590834076475,81,-2.1818707827195163,MAP_SCADA,45,0.013720051356958862
0,x_tcsc,1-14,-0.10457447478471675,82,-0.10080920433053986,MAP_SCADA,45,0.0037652704541768917
1,B_svc,2,0.16783207973975625,82,0.16987451892177505,MAP_SCADA,45,0.002042439182018796
2,UPFC_Vsh,5-15,1.110012346364267,82,1.1111883431135414,MAP_SCADA,45,0.0011759967492743773
3,UPFC_tsh,5-15,-0.2376586382346466,82,-0.2418125648168908,MAP_SCADA,45,0.0041539265822441995
4,UPFC_Vse,5-15,0.06331608203981146,82,0.06152592446691194,MAP_SCADA,45,0.001790157572899513
5,UPFC_tse,5-15,-2.1867291866877543,82,-2.1818707827195163,MAP_SCADA,45,0.004858403968238001
0,x_tcsc,1-14,-0.1031657595623476,83,-0.10080920433053986,MAP_SCADA,45,0.002356555231807736
1,B_svc,2,0.17424357418869788,83,0.16987451892177505,MAP_SCADA,45,0.004369055266922828
2,UPFC_Vsh,5-15,1.1072885960269414,83,1.1111883431135414,MAP_SCADA,45,0.003899747086600014
3,UPFC_tsh,5-15,-0.23966310880723438,83,-0.2418125648168908,MAP_SCADA,45,0.0021494560096564364
4,UPFC_Vse,5-15,0.06304301881323121,83,0.06152592446691194,MAP_SCADA,45,0.0015170943463192685
5,UPFC_tse,5-15,-2.1962086599650283,83,-2.1818707827195163,MAP_SCADA,45,0.014337877245512054
0,x_tcsc,1-14,-0.10333678174264938,84,-0.10080920433053986,MAP_SCADA,45,0.0025275774121095163
1,B_svc,2,0.16992623847206714,84,0.16987451892177505,MAP_SCADA,45,5.1719550292095295e-05
2,UPFC_Vsh,5-15,1.108396689227261,84,1.1111883431135414,MAP_SCADA,45,0.002791653886280443
3,UPFC_tsh,5-15,-0.23891537987045408,84,-0.2418125648168908,MAP_SCADA,45,0.0028971849464367316
4,UPFC_Vse,5-15,0.06353080171285039,84,0.06152592446691194,MAP_SCADA,45,0.0020048772459384454
5,UPFC_tse,5-15,-2.1934515204379577,84,-2.1818707827195163,MAP_SCADA,45,0.01158073771844137
0,x_tcsc,1-14,-0.10081655054250013,85,-0.10080920433053986,MAP_SCADA,45,7.346211960274074e-06
1,B_svc,2,0.17694535235740244,85,0.16987451892177505,MAP_SCADA,45,0.007070833435627394
2,UPFC_Vsh,5-15,1.1073705397164069,85,1.1111883431135414,MAP_SCADA,45,0.003817803397134556
3,UPFC_tsh,5-15,-0.2398156892148108,85,-0.2418125648168908,MAP_SCADA,45,0.001996875602080006
4,UPFC_Vse,5-15,0.06285607316405972,85,0.06152592446691194,MAP_SCADA,45,0.0013301486971477802
5,UPFC_tse,5-15,-2.1933991813687634,85,-2.1818707827195163,MAP_SCADA,45,0.011528398649247151
0,x_tcsc,1-14,-0.10456865424775502,86,-0.10080920433053986,MAP_SCADA,45,0.003759449917215163
1,B_svc,2,0.1666530528575441,86,0.16987451892177505,MAP_SCADA,45,0.00322146606423096
2,UPFC_Vsh,5-15,1.1106773055855599,86,1.1111883431135414,MAP_SCADA,45,0.0005110375279815393
3,UPFC_tsh,5-15,-0.23739767838514195,86,-0.2418125648168908,MAP_SCADA,45,0.004414886431748866
4,UPFC_Vse,5-15,0.06257029657897878,86,0.06152592446691194,MAP_SCADA,45,0.0010443721120668367
5,UPFC_tse,5-15,-2.189342971517965,86,-2.1818707827195163,MAP_SCADA,45,0.007472188798448798
0,x_tcsc,1-14,-0.1014522893066262,87,-0.10080920433053986,MAP_SCADA,45,0.0006430849760863389
1,B_svc,2,0.1759377983837093,87,0.16987451892177505,MAP_SCADA,45,0.006063279461934246
2,UPFC_Vsh,5-15,1.1075747788641153,87,1.1111883431135414,MAP_SCADA,45,0.00361356424942616
3,UPFC_tsh,5-15,-0.23996026048803054,87,-0.2418125648168908,MAP_SCADA,45,0.0018523043288602714
4,UPFC_Vse,5-15,0.0631287474103788,87,0.06152592446691194,MAP_SCADA,45,0.001602822943466857
5,UPFC_tse,5-15,-2.192029188740658,87,-2.1818707827195163,MAP_SCADA,45,0.010158406021141708
0,x_tcsc,1-14,-0.10308302753037737,88,-0.10080920433053986,MAP_SCADA,45,0.002273823199837516
1,B_svc,2,0.17448784950738527,88,0.16987451892177505,MAP_SCADA,45,0.004613330585610226
2,UPFC_Vsh,5-15,1.1061476784346318,88,1.1111883431135414,MAP_SCADA,45,0.005040664678909623
3,UPFC_tsh,5-15,-0.24050589806222702,88,-0.2418125648168908,MAP_SCADA,45,0.0013066667546637878
4,UPFC_Vse,5-15,0.06268005160067479,88,0.06152592446691194,MAP_SCADA,45,0.0011541271337628459
5,UPFC_tse,5-15,-2.190872120562374,88,-2.1818707827195163,MAP_SCADA,45,0.009001337842857726
0,x_tcsc,1-14,-0.10267111452075099,89,-0.10080920433053986,MAP_SCADA,45,0.001861910190211133
1,B_svc,2,0.16961778126943405,89,0.16987451892177505,MAP_SCADA,45,0.00025673765234099366
2,UPFC_Vsh,5-15,1.1079274160944588,89,1.1111883431135414,MAP_SCADA,45,0.003260927019082649
3,UPFC_tsh,5-15,-0.23875734153579592,89,-0.2418125648168908,MAP_SCADA,45,0.003055223281094893
4,UPFC_Vse,5-15,0.06317546712596372,89,0.06152592446691194,MAP_SCADA,45,0.0016495426590517823
5,UPFC_tse,5-15,-2.1882457540257323,89,-2.1818707827195163,MAP_SCADA,45,0.006374971306216004
0,x_tcsc,1-14,-0.10613469936333164,90,-0.10080920433053986,MAP_SCADA,45,0.005325495032791783
1,B_svc,2,0.16006816122231587,90,0.16987451892177505,MAP_SCADA,45,0.009806357699459173
2,UPFC_Vsh,5-15,1.1094315761130153,90,1.1111883431135414,MAP_SCADA,45,0.0017567670005260716
3,UPFC_tsh,5-15,-0.23704302088232218,90,-0.2418125648168908,MAP_SCADA,45,0.004769543934568632
4,UPFC_Vse,5-15,0.06352188556720155,90,0.06152592446691194,MAP_SCADA,45,0.0019959611002896074
5,UPFC_tse,5-15,-2.187971846351272,90,-2.1818707827195163,MAP_SCADA,45,0.0061010636317555544
0,x_tcsc,1-14,-0.10274183533505725,91,-0.10080920433053986,MAP_SCADA,45,0.0019326310045173906
1,B_svc,2,0.1712474167571244,91,0.16987451892177505,MAP_SCADA,45,0.001372897835349357
2,UPFC_Vsh,5-15,1.1081719272205834,91,1.1111883431135414,MAP_SCADA,45,0.00301641589295798
3,UPFC_tsh,5-15,-0.23991407693170547,91,-0.2418125648168908,MAP_SCADA,45,0.001898487885185346
4,UPFC_Vse,5-15,0.06319960057066118,91,0.06152592446691194,MAP_SCADA,45,0.0016736761037492373
5,UPFC_tse,5-15,-2.189139377730668,91,-2.1818707827195163,MAP_SCADA,45,0.007268595011151735
0,x_tcsc,1-14,-0.10529554962383599,92,-0.10080920433053986,MAP_SCADA,45,0.004486345293296126
1,B_svc,2,0.164802444766533,92,0.16987451892177505,MAP_SCADA,45,0.005072074155242051
2,UPFC_Vsh,5-15,1.1091574366065957,92,1.1111883431135414,MAP_SCADA,45,0.0020309065069457066
3,UPFC_tsh,5-15,-0.23715858961762765,92,-0.2418125648168908,MAP_SCADA,45,0.004653975199263166
4,UPFC_Vse,5-15,0.06325685516812932,92,0.06152592446691194,MAP_SCADA,45,0.0017309307012173744
5,UPFC_tse,5-15,-2.185841384590449,92,-2.1818707827195163,MAP_SCADA,45,0.003970601870932899
0,x_tcsc,1-14,-0.10198001686873225,93,-0.10080920433053986,MAP_SCADA,45,0.0011708125381923867
1,B_svc,2,0.1745075075648837,93,0.16987451892177505,MAP_SCADA,45,0.004632988643108654
2,UPFC_Vsh,5-15,1.1077672411780743,93,1.1111883431135414,MAP_SCADA,45,0.0034211019354670746
3,UPFC_tsh,5-15,-0.24025055114601698,93,-0.2418125648168908,MAP_SCADA,45,0.0015620136708738297
4,UPFC_Vse,5-15,0.06302712550417613,93,0.06152592446691194,MAP_SCADA,45,0.0015012010372641924
5,UPFC_tse,5-15,-2.193898147976288,93,-2.1818707827195163,MAP_SCADA,45,0.012027365256771727
0,x_tcsc,1-14,-0.10240752827041755,94,-0.10080920433053986,MAP_SCADA,45,0.0015983239398776883
1,B_svc,2,0.17267742847899017,94,0.16987451892177505,MAP_SCADA,45,0.0028029095572151275
2,UPFC_Vsh,5-15,1.1060683377314755,94,1.1111883431135414,MAP_SCADA,45,0.0051200053820659175
3,UPFC_tsh,5-15,-0.23966172718881376,94,-0.2418125648168908,MAP_SCADA,45,0.0021508376280770514
4,UPFC_Vse,5-15,0.06356182781739468,94,0.06152592446691194,MAP_SCADA,45,0.0020359033504827387
5,UPFC_tse,5-15,-2.1899317687571993,94,-2.1818707827195163,MAP_SCADA,45,0.008060986037683016
0,x_tcsc,1-14,-0.1015701753308845,95,-0.10080920433053986,MAP_SCADA,45,0.0007609710003446402
1,B_svc,2,0.1739762418767858,95,0.16987451892177505,MAP_SCADA,45,0.004101722955010739
2,UPFC_Vsh,5-15,1.109278096323847,95,1.1111883431135414,MAP_SCADA,45,0.0019102467896943143
3,UPFC_tsh,5-15,-0.23889218641001428,95,-0.2418125648168908,MAP_SCADA,45,0.0029203784068765337
4,UPFC_Vse,5-15,0.06328697888437507,95,0.06152592446691194,MAP_SCADA,45,0.0017610544174631246
5,UPFC_tse,5-15,-2.194328809564617,95,-2.1818707827195163,MAP_SCADA,45,0.012458026845100889
0,x_tcsc,1-14,-0.10232252245350033,96,-0.10080920433053986,MAP_SCADA,45,0.0015133181229604747
1,B_svc,2,0.17372121612069635,96,0.16987451892177505,MAP_SCADA,45,0.003846697198921306
2,UPFC_Vsh,5-15,1.108048298640947,96,1.1111883431135414,MAP_SCADA,45,0.0031400444725944165
3,UPFC_tsh,5-15,-0.2395526260351638,96,-0.2418125648168908,MAP_SCADA,45,0.0022599387817270056
4,UPFC_Vse,5-15,0.06360226093011265,96,0.06152592446691194,MAP_SCADA,45,0.002076336463200705
5,UPFC_tse,5-15,-2.1900485756251924,96,-2.1818707827195163,MAP_SCADA,45,0.008177792905676107
0,x_tcsc,1-14,-0.10333071641159243,97,-0.10080920433053986,MAP_SCADA,45,0.002521512081052571
1,B_svc,2,0.17110006030773722,97,0.16987451892177505,MAP_SCADA,45,0.0012255413859621755
2,UPFC_Vsh,5-15,1.1083044207896122,97,1.1111883431135414,MAP_SCADA,45,0.0028839223239292
3,UPFC_tsh,5-15,-0.23860190996385314,97,-0.2418125648168908,MAP_SCADA,45,0.0032106548530376755
4,UPFC_Vse,5-15,0.06399735750141623,97,0.06152592446691194,MAP_SCADA,45,0.0024714330345042904
5,UPFC_tse,5-15,-2.19124066642229,97,-2.1818707827195163,MAP_SCADA,45,0.009369883702773585
0,x_tcsc,1-14,-0.10426524521610846,98,-0.10080920433053986,MAP_SCADA,45,0.003456040885568598
1,B_svc,2,0.17011498705090078,98,0.16987451892177505,MAP_SCADA,45,0.00024046812912573157
2,UPFC_Vsh,5-15,1.1100572819699157,98,1.1111883431135414,MAP_SCADA,45,0.0011310611436257112
3,UPFC_tsh,5-15,-0.23770219494552186,98,-0.2418125648168908,MAP_SCADA,45,0.004110369871368952
4,UPFC_Vse,5-15,0.06334543800654534,98,0.06152592446691194,MAP_SCADA,45,0.0018195135396333953
5,UPFC_tse,5-15,-2.193521321270926,98,-2.1818707827195163,MAP_SCADA,45,0.011650538551409628
0,x_tcsc,1-14,-0.10313457559422243,99,-0.10080920433053986,MAP_SCADA,45,0.0023253712636825685
1,B_svc,2,0.17001685418981957,99,0.16987451892177505,MAP_SCADA,45,0.00014233526804452445
2,UPFC_Vsh,5-15,1.109765874666147,99,1.1111883431135414,MAP_SCADA,45,0.0014224684473944649
3,UPFC_tsh,5-15,-0.23838836964991572,99,-0.2418125648168908,MAP_SCADA,45,0.0034241951669750914
4,UPFC_Vse,5-15,0.06302138463839355,99,0.06152592446691194,MAP_SCADA,45,0.0014954601714816038
5,UPFC_tse,5-15,-2.187957790781871,99,-2.1818707827195163,MAP_SCADA,45,0.006087008062354737
0,x_tcsc,1-14,-0.10329353714551051,0,-0.1013210017993398,MAP_SCADA,47,0.0019725353461707146
1,B_svc,2,0.16811519883705064,0,0.17066003762868956,MAP_SCADA,47,0.002544838791638915
2,UPFC_Vsh,5-15,1.1098479333514264,0,1.1116915683153972,MAP_SCADA,47,0.001843634963970775
3,UPFC_tsh,5-15,-0.23850846755793317,0,-0.24127632818086714,MAP_SCADA,47,0.0027678606229339653
4,UPFC_Vse,5-15,0.06280396337550218,0,0.06157371273501352,MAP_SCADA,47,0.0012302506404886573
5,UPFC_tse,5-15,-2.189547936028691,0,-2.173806745596809,MAP_SCADA,47,0.015741190431882046
0,x_tcsc,1-14,-0.10333449122731382,1,-0.1013210017993398,MAP_SCADA,47,0.0020134894279740245
1,B_svc,2,0.17229278551833666,1,0.17066003762868956,MAP_SCADA,47,0.001632747889647096
2,UPFC_Vsh,5-15,1.1074218438606374,1,1.1116915683153972,MAP_SCADA,47,0.004269724454759816
3,UPFC_tsh,5-15,-0.2393005791363044,1,-0.24127632818086714,MAP_SCADA,47,0.0019757490445627413
4,UPFC_Vse,5-15,0.06354372417136461,1,0.06157371273501352,MAP_SCADA,47,0.001970011436351095
5,UPFC_tse,5-15,-2.188008410858818,1,-2.173806745596809,MAP_SCADA,47,0.014201665262008945
0,x_tcsc,1-14,-0.10362651376837446,2,-0.1013210017993398,MAP_SCADA,47,0.002305511969034668
1,B_svc,2,0.16919022531694322,2,0.17066003762868956,MAP_SCADA,47,0.001469812311746338
2,UPFC_Vsh,5-15,1.1102493941878657,2,1.1116915683153972,MAP_SCADA,47,0.0014421741275314481
3,UPFC_tsh,5-15,-0.23849235067663532,2,-0.24127632818086714,MAP_SCADA,47,0.002783977504231816
4,UPFC_Vse,5-15,0.06320110323422641,2,0.06157371273501352,MAP_SCADA,47,0.0016273904992128926
5,UPFC_tse,5-15,-2.191367850099842,2,-2.173806745596809,MAP_SCADA,47,0.017561104503033054
0,x_tcsc,1-14,-0.1022783976113678,3,-0.1013210017993398,MAP_SCADA,47,0.0009573958120280002
1,B_svc,2,0.17447641250969634,3,0.17066003762868956,MAP_SCADA,47,0.003816374881006779
2,UPFC_Vsh,5-15,1.1077086780665086,3,1.1116915683153972,MAP_SCADA,47,0.003982890248888538
3,UPFC_tsh,5-15,-0.239679881625969,3,-0.24127632818086714,MAP_SCADA,47,0.0015964465548981288
4,UPFC_Vse,5-15,0.06420872154220497,3,0.06157371273501352,MAP_SCADA,47,0.0026350088071914538
5,UPFC_tse,5-15,-2.1910131457639017,3,-2.173806745596809,MAP_SCADA,47,0.017206400167092628
0,x_tcsc,1-14,-0.10394054656344608,4,-0.1013210017993398,MAP_SCADA,47,0.0026195447641062797
1,B_svc,2,0.17253418900935183,4,0.17066003762868956,MAP_SCADA,47,0.00187415138066227
2,UPFC_Vsh,5-15,1.1080842679213603,4,1.1116915683153972,MAP_SCADA,47,0.003607300394036894
3,UPFC_tsh,5-15,-0.23896792048445972,4,-0.24127632818086714,MAP_SCADA,47,0.0023084076964074163
4,UPFC_Vse,5-15,0.06280615072875485,4,0.06157371273501352,MAP_SCADA,47,0.0012324379937413352
5,UPFC_tse,5-15,-2.190748734444064,4,-2.173806745596809,MAP_SCADA,47,0.01694198884725484
0,x_tcsc,1-14,-0.10358721953952944,5,-0.1013210017993398,MAP_SCADA,47,0.0022662177401896466
1,B_svc,2,0.16814849854113137,5,0.17066003762868956,MAP_SCADA,47,0.00251153908755819
2,UPFC_Vsh,5-15,1.1103570430873901,5,1.1116915683153972,MAP_SCADA,47,0.001334525228007033
3,UPFC_tsh,5-15,-0.23847268222950582,5,-0.24127632818086714,MAP_SCADA,47,0.0028036459513613166
4,UPFC_Vse,5-15,0.06314489609101118,5,0.06157371273501352,MAP_SCADA,47,0.0015711833559976587
5,UPFC_tse,5-15,-2.190275244913631,5,-2.173806745596809,MAP_SCADA,47,0.016468499316821816
0,x_tcsc,1-14,-0.10350531559935731,6,-0.1013210017993398,MAP_SCADA,47,0.0021843138000175177
1,B_svc,2,0.16889408616433438,6,0.17066003762868956,MAP_SCADA,47,0.001765951464355181
2,UPFC_Vsh,5-15,1.1092796634959625,6,1.1116915683153972,MAP_SCADA,47,0.0024119048194346515
3,UPFC_tsh,5-15,-0.2386688698331191,6,-0.24127632818086714,MAP_SCADA,47,0.0026074583477480318
4,UPFC_Vse,5-15,0.06287393598506438,6,0.06157371273501352,MAP_SCADA,47,0.001300223250050865
5,UPFC_tse,5-15,-2.1904821780911643,6,-2.173806745596809,MAP_SCADA,47,0.016675432494355213
0,x_tcsc,1-14,-0.10086561566381738,7,-0.1013210017993398,MAP_SCADA,47,0.0004553861355224148
1,B_svc,2,0.17407933738082562,7,0.17066003762868956,MAP_SCADA,47,0.0034192997521360624
2,UPFC_Vsh,5-15,1.1095504799373779,7,1.1116915683153972,MAP_SCADA,47,0.0021410883780192957
3,UPFC_tsh,5-15,-0.23927897238709775,7,-0.24127632818086714,MAP_SCADA,47,0.0019973557937693898
4,UPFC_Vse,5-15,0.06312921191592344,7,0.06157371273501352,MAP_SCADA,47,0.0015554991809099208
5,UPFC_tse,5-15,-2.1874008932882796,7,-2.173806745596809,MAP_SCADA,47,0.013594147691470493
0,x_tcsc,1-14,-0.10415892026095726,8,-0.1013210017993398,MAP_SCADA,47,0.0028379184616174613
1,B_svc,2,0.17134587093852688,8,0.17066003762868956,MAP_SCADA,47,0.0006858333098373193
2,UPFC_Vsh,5-15,1.107249958845356,8,1.1116915683153972,MAP_SCADA,47,0.004441609470041241
3,UPFC_tsh,5-15,-0.23866553903984225,8,-0.24127632818086714,MAP_SCADA,47,0.0026107891410248885
4,UPFC_Vse,5-15,0.06362033412494816,8,0.06157371273501352,MAP_SCADA,47,0.0020466213899346455
5,UPFC_tse,5-15,-2.186522927523441,8,-2.173806745596809,MAP_SCADA,47,0.012716181926631709
0,x_tcsc,1-14,-0.10245107087655327,9,-0.1013210017993398,MAP_SCADA,47,0.0011300690772134692
1,B_svc,2,0.1699705773336321,9,0.17066003762868956,MAP_SCADA,47,0.0006894602950574535
2,UPFC_Vsh,5-15,1.1111100280601645,9,1.1116915683153972,MAP_SCADA,47,0.0005815402552327154
3,UPFC_tsh,5-15,-0.23772898479278912,9,-0.24127632818086714,MAP_SCADA,47,0.0035473433880780225
4,UPFC_Vse,5-15,0.06293157188011914,9,0.06157371273501352,MAP_SCADA,47,0.001357859145105618
5,UPFC_tse,5-15,-2.1889726606857733,9,-2.173806745596809,MAP_SCADA,47,0.015165915088964255
0,x_tcsc,1-14,-0.10201414245840422,10,-0.1013210017993398,MAP_SCADA,47,0.0006931406590644229
1,B_svc,2,0.1773995230540244,10,0.17066003762868956,MAP_SCADA,47,0.00673948542533484
2,UPFC_Vsh,5-15,1.1078753800386845,10,1.1116915683153972,MAP_SCADA,47,0.0038161882767127064
3,UPFC_tsh,5-15,-0.23991346910294914,10,-0.24127632818086714,MAP_SCADA,47,0.0013628590779179994
4,UPFC_Vse,5-15,0.06350055111044295,10,0.06157371273501352,MAP_SCADA,47,0.0019268383754294308
5,UPFC_tse,5-15,-2.188397089259698,10,-2.173806745596809,MAP_SCADA,47,0.014590343662888916
0,x_tcsc,1-14,-0.10309787691363395,11,-0.1013210017993398,MAP_SCADA,47,0.0017768751142941547
1,B_svc,2,0.17229032263195573,11,0.17066003762868956,MAP_SCADA,47,0.0016302850032661742
2,UPFC_Vsh,5-15,1.106829264025858,11,1.1116915683153972,MAP_SCADA,47,0.004862304289539265
3,UPFC_tsh,5-15,-0.23956457706822262,11,-0.24127632818086714,MAP_SCADA,47,0.0017117511126445162
4,UPFC_Vse,5-15,0.06366462202276205,11,0.06157371273501352,MAP_SCADA,47,0.0020909092877485283
5,UPFC_tse,5-15,-2.1891986298807464,11,-2.173806745596809,MAP_SCADA,47,0.01539188428393734
0,x_tcsc,1-14,-0.10463812009775422,12,-0.1013210017993398,MAP_SCADA,47,0.003317118298414426
1,B_svc,2,0.16853615682973003,12,0.17066003762868956,MAP_SCADA,47,0.002123880798959532
2,UPFC_Vsh,5-15,1.1081083885543885,12,1.1116915683153972,MAP_SCADA,47,0.003583179761008637
3,UPFC_tsh,5-15,-0.23874039951966272,12,-0.24127632818086714,MAP_SCADA,47,0.0025359286612044174
4,UPFC_Vse,5-15,0.06357887848112859,12,0.06157371273501352,MAP_SCADA,47,0.0020051657461150688
5,UPFC_tse,5-15,-2.1899085293440548,12,-2.173806745596809,MAP_SCADA,47,0.01610178374724569
0,x_tcsc,1-14,-0.10326192676854636,13,-0.1013210017993398,MAP_SCADA,47,0.0019409249692065589
1,B_svc,2,0.17236389006577532,13,0.17066003762868956,MAP_SCADA,47,0.0017038524370857622
2,UPFC_Vsh,5-15,1.10698736772081,13,1.1116915683153972,MAP_SCADA,47,0.0047042005945872045
3,UPFC_tsh,5-15,-0.23976528062347388,13,-0.24127632818086714,MAP_SCADA,47,0.001511047557393258
4,UPFC_Vse,5-15,0.06249443149756003,13,0.06157371273501352,MAP_SCADA,47,0.000920718762546513
5,UPFC_tse,5-15,-2.196371164920003,13,-2.173806745596809,MAP_SCADA,47,0.022564419323193974
0,x_tcsc,1-14,-0.1030504484184106,14,-0.1013210017993398,MAP_SCADA,47,0.001729446619070804
1,B_svc,2,0.16997033053296642,14,0.17066003762868956,MAP_SCADA,47,0.0006897070957231355
2,UPFC_Vsh,5-15,1.1110829106317943,14,1.1116915683153972,MAP_SCADA,47,0.0006086576836028534
3,UPFC_tsh,5-15,-0.2378859124752215,14,-0.24127632818086714,MAP_SCADA,47,0.003390415705645633
4,UPFC_Vse,5-15,0.0626573943935469,14,0.06157371273501352,MAP_SCADA,47,0.0010836816585333767
5,UPFC_tse,5-15,-2.193799530913218,14,-2.173806745596809,MAP_SCADA,47,0.019992785316409023
0,x_tcsc,1-14,-0.10309694119605492,15,-0.1013210017993398,MAP_SCADA,47,0.0017759393967151232
1,B_svc,2,0.16693486271337285,15,0.17066003762868956,MAP_SCADA,47,0.003725174915316709
2,UPFC_Vsh,5-15,1.112102866085488,15,1.1116915683153972,MAP_SCADA,47,0.0004112977700907461
3,UPFC_tsh,5-15,-0.2382997699364943,15,-0.24127632818086714,MAP_SCADA,47,0.0029765582443728456
4,UPFC_Vse,5-15,0.06256983739626225,15,0.06157371273501352,MAP_SCADA,47,0.0009961246612487304
5,UPFC_tse,5-15,-2.1883812738215953,15,-2.173806745596809,MAP_SCADA,47,0.01457452822478622
0,x_tcsc,1-14,-0.10217489660297842,16,-0.1013210017993398,MAP_SCADA,47,0.0008538948036386218
1,B_svc,2,0.17394135187656679,16,0.17066003762868956,MAP_SCADA,47,0.003281314247877226
2,UPFC_Vsh,5-15,1.107960262070741,16,1.1116915683153972,MAP_SCADA,47,0.0037313062446562295
3,UPFC_tsh,5-15,-0.239206249885445,16,-0.24127632818086714,MAP_SCADA,47,0.002070078295422134
4,UPFC_Vse,5-15,0.06271712989685814,16,0.06157371273501352,MAP_SCADA,47,0.0011434171618446218
5,UPFC_tse,5-15,-2.1939130467822623,16,-2.173806745596809,MAP_SCADA,47,0.0201063011854532
0,x_tcsc,1-14,-0.10454469730310308,17,-0.1013210017993398,MAP_SCADA,47,0.0032236955037632797
1,B_svc,2,0.16712461844377577,17,0.17066003762868956,MAP_SCADA,47,0.0035354191849137906
2,UPFC_Vsh,5-15,1.109370895589937,17,1.1116915683153972,MAP_SCADA,47,0.0023206727254601045
3,UPFC_tsh,5-15,-0.23753669429202756,17,-0.24127632818086714,MAP_SCADA,47,0.0037396338888395775
4,UPFC_Vse,5-15,0.06325825102421366,17,0.06157371273501352,MAP_SCADA,47,0.0016845382892001423
5,UPFC_tse,5-15,-2.186313396630077,17,-2.173806745596809,MAP_SCADA,47,0.012506651033267868
0,x_tcsc,1-14,-0.10112964944926826,18,-0.1013210017993398,MAP_SCADA,47,0.00019135235007153306
1,B_svc,2,0.17737976177681442,18,0.17066003762868956,MAP_SCADA,47,0.006719724148124856
2,UPFC_Vsh,5-15,1.109702083507929,18,1.1116915683153972,MAP_SCADA,47,0.0019894848074681892
3,UPFC_tsh,5-15,-0.23936642374053496,18,-0.24127632818086714,MAP_SCADA,47,0.0019099044403321774
4,UPFC_Vse,5-15,0.06363139956315816,18,0.06157371273501352,MAP_SCADA,47,0.002057686828144646
5,UPFC_tse,5-15,-2.1903458498537542,18,-2.173806745596809,MAP_SCADA,47,0.01653910425694516
0,x_tcsc,1-14,-0.10321435202359344,19,-0.1013210017993398,MAP_SCADA,47,0.0018933502242536454
1,B_svc,2,0.16810748723890664,19,0.17066003762868956,MAP_SCADA,47,0.002552550389782915
2,UPFC_Vsh,5-15,1.1100965594026282,19,1.1116915683153972,MAP_SCADA,47,0.0015950089127689804
3,UPFC_tsh,5-15,-0.23852179981642677,19,-0.24127632818086714,MAP_SCADA,47,0.002754528364440373
4,UPFC_Vse,5-15,0.0625930905180296,19,0.06157371273501352,MAP_SCADA,47,0.0010193777830160775
5,UPFC_tse,5-15,-2.188351087150795,19,-2.173806745596809,MAP_SCADA,47,0.014544341553985873
0,x_tcsc,1-14,-0.10354343396284567,20,-0.1013210017993398,MAP_SCADA,47,0.002222432163505872
1,B_svc,2,0.16703463626958456,20,0.17066003762868956,MAP_SCADA,47,0.003625401359104996
2,UPFC_Vsh,5-15,1.1098341526661635,20,1.1116915683153972,MAP_SCADA,47,0.0018574156492336957
3,UPFC_tsh,5-15,-0.23788774543338145,20,-0.24127632818086714,MAP_SCADA,47,0.0033885827474856856
4,UPFC_Vse,5-15,0.06243570092208961,20,0.06157371273501352,MAP_SCADA,47,0.0008619881870760918
5,UPFC_tse,5-15,-2.191014469814827,20,-2.173806745596809,MAP_SCADA,47,0.017207724218017972
0,x_tcsc,1-14,-0.10344129310754582,21,-0.1013210017993398,MAP_SCADA,47,0.0021202913082060265
1,B_svc,2,0.1708677144969117,21,0.17066003762868956,MAP_SCADA,47,0.0002076768682221508
2,UPFC_Vsh,5-15,1.1077101992879548,21,1.1116915683153972,MAP_SCADA,47,0.003981369027442394
3,UPFC_tsh,5-15,-0.23998780930740443,21,-0.24127632818086714,MAP_SCADA,47,0.0012885188734627073
4,UPFC_Vse,5-15,0.06297038816134898,21,0.06157371273501352,MAP_SCADA,47,0.00139667542633546
5,UPFC_tse,5-15,-2.1940017442066315,21,-2.173806745596809,MAP_SCADA,47,0.020194998609822434
0,x_tcsc,1-14,-0.10200268563517126,22,-0.1013210017993398,MAP_SCADA,47,0.000681683835831462
1,B_svc,2,0.17089704393936794,22,0.17066003762868956,MAP_SCADA,47,0.00023700631067838374
2,UPFC_Vsh,5-15,1.11057128340465,22,1.1116915683153972,MAP_SCADA,47,0.0011202849107472268
3,UPFC_tsh,5-15,-0.2383999901081647,22,-0.24127632818086714,MAP_SCADA,47,0.0028763380727024335
4,UPFC_Vse,5-15,0.06284333278504248,22,0.06157371273501352,MAP_SCADA,47,0.0012696200500289592
5,UPFC_tse,5-15,-2.189614887509789,22,-2.173806745596809,MAP_SCADA,47,0.015808141912979856
0,x_tcsc,1-14,-0.10414257550582919,23,-0.1013210017993398,MAP_SCADA,47,0.0028215737064893887
1,B_svc,2,0.17302275696693312,23,0.17066003762868956,MAP_SCADA,47,0.0023627193382435574
2,UPFC_Vsh,5-15,1.1062099902680418,23,1.1116915683153972,MAP_SCADA,47,0.005481578047355384
3,UPFC_tsh,5-15,-0.23899992877224516,23,-0.24127632818086714,MAP_SCADA,47,0.002276399408621982
4,UPFC_Vse,5-15,0.06331203494101198,23,0.06157371273501352,MAP_SCADA,47,0.0017383222059984618
5,UPFC_tse,5-15,-2.193611288444514,23,-2.173806745596809,MAP_SCADA,47,0.01980454284770472
0,x_tcsc,1-14,-0.10255669398750906,24,-0.1013210017993398,MAP_SCADA,47,0.0012356921881692684
1,B_svc,2,0.17527665408020493,24,0.17066003762868956,MAP_SCADA,47,0.004616616451515371
2,UPFC_Vsh,5-15,1.110444416352426,24,1.1116915683153972,MAP_SCADA,47,0.0012471519629710937
3,UPFC_tsh,5-15,-0.23838245129865002,24,-0.24127632818086714,MAP_SCADA,47,0.0028938768822171224
4,UPFC_Vse,5-15,0.06343171498679508,24,0.06157371273501352,MAP_SCADA,47,0.0018580022517815584
5,UPFC_tse,5-15,-2.1934702341448933,24,-2.173806745596809,MAP_SCADA,47,0.019663488548084196
0,x_tcsc,1-14,-0.10349904714129522,25,-0.1013210017993398,MAP_SCADA,47,0.0021780453419554258
1,B_svc,2,0.16860677052613007,25,0.17066003762868956,MAP_SCADA,47,0.002053267102559486
2,UPFC_Vsh,5-15,1.1085206473749372,25,1.1116915683153972,MAP_SCADA,47,0.003170920940460009
3,UPFC_tsh,5-15,-0.2385443264307013,25,-0.24127632818086714,MAP_SCADA,47,0.00273200175016583
4,UPFC_Vse,5-15,0.06318141056723417,25,0.06157371273501352,MAP_SCADA,47,0.0016076978322206517
5,UPFC_tse,5-15,-2.193211743897714,25,-2.173806745596809,MAP_SCADA,47,0.019404998300904808
0,x_tcsc,1-14,-0.10344888642509803,26,-0.1013210017993398,MAP_SCADA,47,0.0021278846257582335
1,B_svc,2,0.1684348338944659,26,0.17066003762868956,MAP_SCADA,47,0.002225203734223663
2,UPFC_Vsh,5-15,1.1093544542233646,26,1.1116915683153972,MAP_SCADA,47,0.0023371140920325217
3,UPFC_tsh,5-15,-0.23870731257150962,26,-0.24127632818086714,MAP_SCADA,47,0.0025690156093575167
4,UPFC_Vse,5-15,0.06272919858083496,26,0.06157371273501352,MAP_SCADA,47,0.0011554858458214454
5,UPFC_tse,5-15,-2.1892722360416754,26,-2.173806745596809,MAP_SCADA,47,0.015465490444866337
0,x_tcsc,1-14,-0.10324303032860659,27,-0.1013210017993398,MAP_SCADA,47,0.0019220285292667894
1,B_svc,2,0.16582498944584045,27,0.17066003762868956,MAP_SCADA,47,0.004835048182849105
2,UPFC_Vsh,5-15,1.1092917412852477,27,1.1116915683153972,MAP_SCADA,47,0.002399827030149515
3,UPFC_tsh,5-15,-0.23786009562888574,27,-0.24127632818086714,MAP_SCADA,47,0.0034162325519813963
4,UPFC_Vse,5-15,0.06271511041328849,27,0.06157371273501352,MAP_SCADA,47,0.0011413976782749732
5,UPFC_tse,5-15,-2.1924914175363153,27,-2.173806745596809,MAP_SCADA,47,0.01868467193950618
0,x_tcsc,1-14,-0.10135196066548283,28,-0.1013210017993398,MAP_SCADA,47,3.0958866143029895e-05
1,B_svc,2,0.17761057228239494,28,0.17066003762868956,MAP_SCADA,47,0.006950534653705376
2,UPFC_Vsh,5-15,1.1083718755136782,28,1.1116915683153972,MAP_SCADA,47,0.003319692801718954
3,UPFC_tsh,5-15,-0.2395613443581504,28,-0.24127632818086714,MAP_SCADA,47,0.0017149838227167313
4,UPFC_Vse,5-15,0.06346267764598927,28,0.06157371273501352,MAP_SCADA,47,0.001888964910975753
5,UPFC_tse,5-15,-2.1903041390921896,28,-2.173806745596809,MAP_SCADA,47,0.016497393495380486
0,x_tcsc,1-14,-0.10515150213842957,29,-0.1013210017993398,MAP_SCADA,47,0.0038305003390897707
1,B_svc,2,0.16766234531155627,29,0.17066003762868956,MAP_SCADA,47,0.002997692317133288
2,UPFC_Vsh,5-15,1.1095725542927521,29,1.1116915683153972,MAP_SCADA,47,0.002119014022645027
3,UPFC_tsh,5-15,-0.23785749907874235,29,-0.24127632818086714,MAP_SCADA,47,0.003418829102124793
4,UPFC_Vse,5-15,0.06285327963871028,29,0.06157371273501352,MAP_SCADA,47,0.0012795669036967591
5,UPFC_tse,5-15,-2.1945382243971,29,-2.173806745596809,MAP_SCADA,47,0.020731478800291026
0,x_tcsc,1-14,-0.10214521014739744,30,-0.1013210017993398,MAP_SCADA,47,0.0008242083480576451
1,B_svc,2,0.1733947782625552,30,0.17066003762868956,MAP_SCADA,47,0.00273474063386564
2,UPFC_Vsh,5-15,1.108749731528518,30,1.1116915683153972,MAP_SCADA,47,0.002941836786879204
3,UPFC_tsh,5-15,-0.24003817420459694,30,-0.24127632818086714,MAP_SCADA,47,0.0012381539762701954
4,UPFC_Vse,5-15,0.06354332981972415,30,0.06157371273501352,MAP_SCADA,47,0.0019696170847106273
5,UPFC_tse,5-15,-2.1899562565815236,30,-2.173806745596809,MAP_SCADA,47,0.01614951098471451
0,x_tcsc,1-14,-0.10186895497271833,31,-0.1013210017993398,MAP_SCADA,47,0.0005479531733785376
1,B_svc,2,0.1731001895027111,31,0.17066003762868956,MAP_SCADA,47,0.002440151874021551
2,UPFC_Vsh,5-15,1.1089604871881096,31,1.1116915683153972,MAP_SCADA,47,0.0027310811272875934
3,UPFC_tsh,5-15,-0.2393106658119316,31,-0.24127632818086714,MAP_SCADA,47,0.001965662368935528
4,UPFC_Vse,5-15,0.06361662209310572,31,0.06157371273501352,MAP_SCADA,47,0.0020429093580921973
5,UPFC_tse,5-15,-2.1910202663171208,31,-2.173806745596809,MAP_SCADA,47,0.01721352072031168
0,x_tcsc,1-14,-0.10199155700575223,32,-0.1013210017993398,MAP_SCADA,47,0.000670555206412432
1,B_svc,2,0.17562280153400014,32,0.17066003762868956,MAP_SCADA,47,0.004962763905310585
2,UPFC_Vsh,5-15,1.1083810877935076,32,1.1116915683153972,MAP_SCADA,47,0.003310480521889536
3,UPFC_tsh,5-15,-0.23893318807281042,32,-0.24127632818086714,MAP_SCADA,47,0.002343140108056724
4,UPFC_Vse,5-15,0.06267661663381953,32,0.06157371273501352,MAP_SCADA,47,0.001102903898806011
5,UPFC_tse,5-15,-2.1933767411492218,32,-2.173806745596809,MAP_SCADA,47,0.019569995552412678
0,x_tcsc,1-14,-0.10341776982429712,33,-0.1013210017993398,MAP_SCADA,47,0.0020967680249573267
1,B_svc,2,0.1685857185347648,33,0.17066003762868956,MAP_SCADA,47,0.002074319093924748
2,UPFC_Vsh,5-15,1.1090690511856047,33,1.1116915683153972,MAP_SCADA,47,0.0026225171297924454
3,UPFC_tsh,5-15,-0.23823230252929914,33,-0.24127632818086714,MAP_SCADA,47,0.0030440256515679998
4,UPFC_Vse,5-15,0.06321292719959012,33,0.06157371273501352,MAP_SCADA,47,0.0016392144645766063
5,UPFC_tse,5-15,-2.190809317373603,33,-2.173806745596809,MAP_SCADA,47,0.017002571776794095
0,x_tcsc,1-14,-0.10303751160140999,34,-0.1013210017993398,MAP_SCADA,47,0.001716509802070193
1,B_svc,2,0.1683284671853949,34,0.17066003762868956,MAP_SCADA,47,0.002331570443294656
2,UPFC_Vsh,5-15,1.109998361341998,34,1.1116915683153972,MAP_SCADA,47,0.0016932069733992527
3,UPFC_tsh,5-15,-0.2380691737984707,34,-0.24127632818086714,MAP_SCADA,47,0.0032071543823964377
4,UPFC_Vse,5-15,0.0635342444626378,34,0.06157371273501352,MAP_SCADA,47,0.0019605317276242887
5,UPFC_tse,5-15,-2.1878828879669565,34,-2.173806745596809,MAP_SCADA,47,0.014076142370147426
0,x_tcsc,1-14,-0.10297982083834885,35,-0.1013210017993398,MAP_SCADA,47,0.0016588190390090518
1,B_svc,2,0.17046754832647434,35,0.17066003762868956,MAP_SCADA,47,0.0001924893022152152
2,UPFC_Vsh,5-15,1.1112794492291262,35,1.1116915683153972,MAP_SCADA,47,0.0004121190862709234
3,UPFC_tsh,5-15,-0.2385383032127797,35,-0.24127632818086714,MAP_SCADA,47,0.002738024968087449
4,UPFC_Vse,5-15,0.06367108062868834,35,0.06157371273501352,MAP_SCADA,47,0.0020973678936748244
5,UPFC_tse,5-15,-2.188473680620623,35,-2.173806745596809,MAP_SCADA,47,0.014666935023813998
0,x_tcsc,1-14,-0.1037433704569016,36,-0.1013210017993398,MAP_SCADA,47,0.0024223686575618048
1,B_svc,2,0.17020265351511055,36,0.17066003762868956,MAP_SCADA,47,0.00045738411357901243
2,UPFC_Vsh,5-15,1.1084573576990415,36,1.1116915683153972,MAP_SCADA,47,0.0032342106163556483
3,UPFC_tsh,5-15,-0.2387082284511852,36,-0.24127632818086714,MAP_SCADA,47,0.002568099729681944
4,UPFC_Vse,5-15,0.06266177121649627,36,0.06157371273501352,MAP_SCADA,47,0.0010880584814827524
5,UPFC_tse,5-15,-2.192234184921244,36,-2.173806745596809,MAP_SCADA,47,0.018427439324435024
0,x_tcsc,1-14,-0.10331206912751367,37,-0.1013210017993398,MAP_SCADA,47,0.001991067328173876
1,B_svc,2,0.16983444814242962,37,0.17066003762868956,MAP_SCADA,47,0.0008255894862599367
2,UPFC_Vsh,5-15,1.1093899644083485,37,1.1116915683153972,MAP_SCADA,47,0.0023016039070486993
3,UPFC_tsh,5-15,-0.23805948198578433,37,-0.24127632818086714,MAP_SCADA,47,0.0032168461950828064
4,UPFC_Vse,5-15,0.06260338273141129,37,0.06157371273501352,MAP_SCADA,47,0.0010296699963977737
5,UPFC_tse,5-15,-2.194394240818059,37,-2.173806745596809,MAP_SCADA,47,0.020587495221249696
0,x_tcsc,1-14,-0.10491436820607243,38,-0.1013210017993398,MAP_SCADA,47,0.0035933664067326343
1,B_svc,2,0.1672180740223852,38,0.17066003762868956,MAP_SCADA,47,0.00344196360630436
2,UPFC_Vsh,5-15,1.1095823920842456,38,1.1116915683153972,MAP_SCADA,47,0.0021091762311515883
3,UPFC_tsh,5-15,-0.23796712750088744,38,-0.24127632818086714,MAP_SCADA,47,0.003309200679979696
4,UPFC_Vse,5-15,0.06283312149927725,38,0.06157371273501352,MAP_SCADA,47,0.0012594087642637322
5,UPFC_tse,5-15,-2.18825981095042,38,-2.173806745596809,MAP_SCADA,47,0.014453065353611017
0,x_tcsc,1-14,-0.10472404013278803,39,-0.1013210017993398,MAP_SCADA,47,0.0034030383334482384
1,B_svc,2,0.17177177941619282,39,0.17066003762868956,MAP_SCADA,47,0.0011117417875032565
2,UPFC_Vsh,5-15,1.106130884386145,39,1.1116915683153972,MAP_SCADA,47,0.00556068392925213
3,UPFC_tsh,5-15,-0.239162445516109,39,-0.24127632818086714,MAP_SCADA,47,0.002113882664758149
4,UPFC_Vse,5-15,0.06329622775397507,39,0.06157371273501352,MAP_SCADA,47,0.0017225150189615554
5,UPFC_tse,5-15,-2.187460536285187,39,-2.173806745596809,MAP_SCADA,47,0.01365379068837802
0,x_tcsc,1-14,-0.10328701279564349,40,-0.1013210017993398,MAP_SCADA,47,0.0019660109963036965
1,B_svc,2,0.1697864442432162,40,0.17066003762868956,MAP_SCADA,47,0.0008735933854733535
2,UPFC_Vsh,5-15,1.1091570589281596,40,1.1116915683153972,MAP_SCADA,47,0.002534509387237538
3,UPFC_tsh,5-15,-0.23841077906827327,40,-0.24127632818086714,MAP_SCADA,47,0.0028655491125938737
4,UPFC_Vse,5-15,0.06335807687554586,40,0.06157371273501352,MAP_SCADA,47,0.0017843641405323393
5,UPFC_tse,5-15,-2.188321530167082,40,-2.173806745596809,MAP_SCADA,47,0.014514784570272887
0,x_tcsc,1-14,-0.10415308358070655,41,-0.1013210017993398,MAP_SCADA,47,0.0028320817813667493
1,B_svc,2,0.1659516229371476,41,0.17066003762868956,MAP_SCADA,47,0.004708414691541957
2,UPFC_Vsh,5-15,1.1088618181516254,41,1.1116915683153972,MAP_SCADA,47,0.002829750163771738
3,UPFC_tsh,5-15,-0.23803785406369915,41,-0.24127632818086714,MAP_SCADA,47,0.0032384741171679887
4,UPFC_Vse,5-15,0.06317922460371121,41,0.06157371273501352,MAP_SCADA,47,0.001605511868697694
5,UPFC_tse,5-15,-2.192117927145841,41,-2.173806745596809,MAP_SCADA,47,0.018311181549031996
0,x_tcsc,1-14,-0.10282328972764497,42,-0.1013210017993398,MAP_SCADA,47,0.0015022879283051738
1,B_svc,2,0.1721197597634059,42,0.17066003762868956,MAP_SCADA,47,0.0014597221347163458
2,UPFC_Vsh,5-15,1.1081902020497665,42,1.1116915683153972,MAP_SCADA,47,0.00350136626563069
3,UPFC_tsh,5-15,-0.23900538395228121,42,-0.24127632818086714,MAP_SCADA,47,0.002270944228585925
4,UPFC_Vse,5-15,0.06283176345199303,42,0.06157371273501352,MAP_SCADA,47,0.0012580507169795072
5,UPFC_tse,5-15,-2.1893873032588393,42,-2.173806745596809,MAP_SCADA,47,0.015580557662030259
0,x_tcsc,1-14,-0.10303424453802462,43,-0.1013210017993398,MAP_SCADA,47,0.0017132427386848254
1,B_svc,2,0.17311051925916063,43,0.17066003762868956,MAP_SCADA,47,0.0024504816304710686
2,UPFC_Vsh,5-15,1.107982607035665,43,1.1116915683153972,MAP_SCADA,47,0.0037089612797320815
3,UPFC_tsh,5-15,-0.23927261561656687,43,-0.24127632818086714,MAP_SCADA,47,0.002003712564300264
4,UPFC_Vse,5-15,0.06356982541230466,43,0.06157371273501352,MAP_SCADA,47,0.001996112677291141
5,UPFC_tse,5-15,-2.1951217682769553,43,-2.173806745596809,MAP_SCADA,47,0.02131502268014618
0,x_tcsc,1-14,-0.1027973561626272,44,-0.1013210017993398,MAP_SCADA,47,0.0014763543632873993
1,B_svc,2,0.1681348089727287,44,0.17066003762868956,MAP_SCADA,47,0.0025252286559608594
2,UPFC_Vsh,5-15,1.109787300168,44,1.1116915683153972,MAP_SCADA,47,0.0019042681473970813
3,UPFC_tsh,5-15,-0.23831165948836602,44,-0.24127632818086714,MAP_SCADA,47,0.0029646686925011156
4,UPFC_Vse,5-15,0.06368281985756345,44,0.06157371273501352,MAP_SCADA,47,0.0021091071225499344
5,UPFC_tse,5-15,-2.1854876578376725,44,-2.173806745596809,MAP_SCADA,47,0.011680912240863428
0,x_tcsc,1-14,-0.10221996947708181,45,-0.1013210017993398,MAP_SCADA,47,0.0008989676777420158
1,B_svc,2,0.1768898387398685,45,0.17066003762868956,MAP_SCADA,47,0.006229801111178934
2,UPFC_Vsh,5-15,1.1095156345355885,45,1.1116915683153972,MAP_SCADA,47,0.0021759337798086253
3,UPFC_tsh,5-15,-0.2389523502653847,45,-0.24127632818086714,MAP_SCADA,47,0.0023239779154824447
4,UPFC_Vse,5-15,0.06318314771751779,45,0.06157371273501352,MAP_SCADA,47,0.0016094349825042722
5,UPFC_tse,5-15,-2.193731744557763,45,-2.173806745596809,MAP_SCADA,47,0.01992499896095401
0,x_tcsc,1-14,-0.10209110133794598,46,-0.1013210017993398,MAP_SCADA,47,0.0007700995386061837
1,B_svc,2,0.1749895939957132,46,0.17066003762868956,MAP_SCADA,47,0.004329556367023646
2,UPFC_Vsh,5-15,1.1075689036025793,46,1.1116915683153972,MAP_SCADA,47,0.004122664712817858
3,UPFC_tsh,5-15,-0.2405839698596442,46,-0.24127632818086714,MAP_SCADA,47,0.0006923583212229412
4,UPFC_Vse,5-15,0.06325877581511731,46,0.06157371273501352,MAP_SCADA,47,0.0016850630801037922
5,UPFC_tse,5-15,-2.1915658662244795,46,-2.173806745596809,MAP_SCADA,47,0.017759120627670377
0,x_tcsc,1-14,-0.10430424526697522,47,-0.1013210017993398,MAP_SCADA,47,0.002983243467635427
1,B_svc,2,0.16657044584038416,47,0.17066003762868956,MAP_SCADA,47,0.004089591788305397
2,UPFC_Vsh,5-15,1.1089944570086598,47,1.1116915683153972,MAP_SCADA,47,0.002697111306737332
3,UPFC_tsh,5-15,-0.23755332848839128,47,-0.24127632818086714,MAP_SCADA,47,0.003722999692475859
4,UPFC_Vse,5-15,0.06325285378388841,47,0.06157371273501352,MAP_SCADA,47,0.0016791410488748923
5,UPFC_tse,5-15,-2.1926651756040454,47,-2.173806745596809,MAP_SCADA,47,0.018858430007236304
0,x_tcsc,1-14,-0.10467341988269523,48,-0.1013210017993398,MAP_SCADA,47,0.0033524180833554296
1,B_svc,2,0.16631328053467387,48,0.17066003762868956,MAP_SCADA,47,0.004346757094015691
2,UPFC_Vsh,5-15,1.109765910581846,48,1.1116915683153972,MAP_SCADA,47,0.0019256577335511338
3,UPFC_tsh,5-15,-0.23718168953869978,48,-0.24127632818086714,MAP_SCADA,47,0.004094638642167359
4,UPFC_Vse,5-15,0.06257817548573592,48,0.06157371273501352,MAP_SCADA,47,0.0010044627507224055
5,UPFC_tse,5-15,-2.189149825874566,48,-2.173806745596809,MAP_SCADA,47,0.015343080277756993
0,x_tcsc,1-14,-0.10036649413923276,49,-0.1013210017993398,MAP_SCADA,47,0.0009545076601070318
1,B_svc,2,0.1848686799141463,49,0.17066003762868956,MAP_SCADA,47,0.014208642285456735
2,UPFC_Vsh,5-15,1.1056475662275105,49,1.1116915683153972,MAP_SCADA,47,0.006044002087886691
3,UPFC_tsh,5-15,-0.2414821266404511,49,-0.24127632818086714,MAP_SCADA,47,0.00020579845958396126
4,UPFC_Vse,5-15,0.0630950463263788,49,0.06157371273501352,MAP_SCADA,47,0.0015213335913652828
5,UPFC_tse,5-15,-2.1950301431956265,49,-2.173806745596809,MAP_SCADA,47,0.021223397598817417
0,x_tcsc,1-14,-0.10197953963546616,50,-0.1013210017993398,MAP_SCADA,47,0.0006585378361263633
1,B_svc,2,0.1736852085055039,50,0.17066003762868956,MAP_SCADA,47,0.003025170876814337
2,UPFC_Vsh,5-15,1.1100116771882211,50,1.1116915683153972,MAP_SCADA,47,0.0016798911271760364
3,UPFC_tsh,5-15,-0.2387841569748617,50,-0.24127632818086714,MAP_SCADA,47,0.00249217120600545
4,UPFC_Vse,5-15,0.06333349762164837,50,0.06157371273501352,MAP_SCADA,47,0.0017597848866348562
5,UPFC_tse,5-15,-2.18884697758656,50,-2.173806745596809,MAP_SCADA,47,0.015040231989750907
0,x_tcsc,1-14,-0.10287200005996062,51,-0.1013210017993398,MAP_SCADA,47,0.0015509982606208284
1,B_svc,2,0.17435630556991935,51,0.17066003762868956,MAP_SCADA,47,0.0036962679412297916
2,UPFC_Vsh,5-15,1.1083789801853865,51,1.1116915683153972,MAP_SCADA,47,0.003312588130010674
3,UPFC_tsh,5-15,-0.23954156229505957,51,-0.24127632818086714,MAP_SCADA,47,0.0017347658858075654
4,UPFC_Vse,5-15,0.0634631446920625,51,0.06157371273501352,MAP_SCADA,47,0.0018894319570489856
5,UPFC_tse,5-15,-2.193128263603617,51,-2.173806745596809,MAP_SCADA,47,0.019321518006807814
0,x_tcsc,1-14,-0.10324332919686505,52,-0.1013210017993398,MAP_SCADA,47,0.0019223273975252503
1,B_svc,2,0.1696109973659828,52,0.17066003762868956,MAP_SCADA,47,0.0010490402627067463
2,UPFC_Vsh,5-15,1.111682729996886,52,1.1116915683153972,MAP_SCADA,47,8.838318511061871e-06
3,UPFC_tsh,5-15,-0.2380664599567824,52,-0.24127632818086714,MAP_SCADA,47,0.0032098682240847276
4,UPFC_Vse,5-15,0.0636095662815725,52,0.06157371273501352,MAP_SCADA,47,0.002035853546558976
5,UPFC_tse,5-15,-2.190966086526349,52,-2.173806745596809,MAP_SCADA,47,0.01715934092954008
0,x_tcsc,1-14,-0.10136893818338043,53,-0.1013210017993398,MAP_SCADA,47,4.793638404063105e-05
1,B_svc,2,0.1763356233567943,53,0.17066003762868956,MAP_SCADA,47,0.005675585728104754
2,UPFC_Vsh,5-15,1.1071755978151345,53,1.1116915683153972,MAP_SCADA,47,0.004515970500262645
3,UPFC_tsh,5-15,-0.24045414133719084,53,-0.24127632818086714,MAP_SCADA,47,0.000822186843676298
4,UPFC_Vse,5-15,0.06363480196190133,53,0.06157371273501352,MAP_SCADA,47,0.002061089226887809
5,UPFC_tse,5-15,-2.1940031377680684,53,-2.173806745596809,MAP_SCADA,47,0.020196392171259347
0,x_tcsc,1-14,-0.10324843381027872,54,-0.1013210017993398,MAP_SCADA,47,0.0019274320109389231
1,B_svc,2,0.17285646172672728,54,0.17066003762868956,MAP_SCADA,47,0.002196424098037719
2,UPFC_Vsh,5-15,1.1064658011062947,54,1.1116915683153972,MAP_SCADA,47,0.005225767209102505
3,UPFC_tsh,5-15,-0.24019351975165645,54,-0.24127632818086714,MAP_SCADA,47,0.0010828084292106854
4,UPFC_Vse,5-15,0.0631805362478855,54,0.06157371273501352,MAP_SCADA,47,0.0016068235128719813
5,UPFC_tse,5-15,-2.1928662900195057,54,-2.173806745596809,MAP_SCADA,47,0.01905954442269664
0,x_tcsc,1-14,-0.1019788974557904,55,-0.1013210017993398,MAP_SCADA,47,0.0006578956564506078
1,B_svc,2,0.1762892680006951,55,0.17066003762868956,MAP_SCADA,47,0.00562923037200555
2,UPFC_Vsh,5-15,1.1068642261414183,55,1.1116915683153972,MAP_SCADA,47,0.004827342173978844
3,UPFC_tsh,5-15,-0.2403625187434593,55,-0.24127632818086714,MAP_SCADA,47,0.0009138094374078476
4,UPFC_Vse,5-15,0.06392525493854063,55,0.06157371273501352,MAP_SCADA,47,0.002351542203527117
5,UPFC_tse,5-15,-2.1962706712338904,55,-2.173806745596809,MAP_SCADA,47,0.022463925637081328
0,x_tcsc,1-14,-0.10527974321233675,56,-0.1013210017993398,MAP_SCADA,47,0.003958741412996958
1,B_svc,2,0.167632286351566,56,0.17066003762868956,MAP_SCADA,47,0.0030277512771235693
2,UPFC_Vsh,5-15,1.1086875892260313,56,1.1116915683153972,MAP_SCADA,47,0.0030039790893658935
3,UPFC_tsh,5-15,-0.23816006534123574,56,-0.24127632818086714,MAP_SCADA,47,0.0031162628396314007
4,UPFC_Vse,5-15,0.06254446606212997,56,0.06157371273501352,MAP_SCADA,47,0.0009707533271164567
5,UPFC_tse,5-15,-2.1879062130788323,56,-2.173806745596809,MAP_SCADA,47,0.014099467482023176
0,x_tcsc,1-14,-0.10179695860865144,57,-0.1013210017993398,MAP_SCADA,47,0.0004759568093116451
1,B_svc,2,0.17922775758191414,57,0.17066003762868956,MAP_SCADA,47,0.008567719953224584
2,UPFC_Vsh,5-15,1.1053913401140298,57,1.1116915683153972,MAP_SCADA,47,0.0063002282013673305
3,UPFC_tsh,5-15,-0.24078070444873179,57,-0.24127632818086714,MAP_SCADA,47,0.0004956237321353529
4,UPFC_Vse,5-15,0.0628623967199648,57,0.06157371273501352,MAP_SCADA,47,0.001288683984951279
5,UPFC_tse,5-15,-2.19228846799818,57,-2.173806745596809,MAP_SCADA,47,0.018481722401370693
0,x_tcsc,1-14,-0.10438407717916225,58,-0.1013210017993398,MAP_SCADA,47,0.0030630753798224497
1,B_svc,2,0.1710229922972262,58,0.17066003762868956,MAP_SCADA,47,0.0003629546685366414
2,UPFC_Vsh,5-15,1.1084581412862453,58,1.1116915683153972,MAP_SCADA,47,0.0032334270291518585
3,UPFC_tsh,5-15,-0.23826230188521025,58,-0.24127632818086714,MAP_SCADA,47,0.003014026295656891
4,UPFC_Vse,5-15,0.06312944551932835,58,0.06157371273501352,MAP_SCADA,47,0.0015557327843148325
5,UPFC_tse,5-15,-2.1876418894390635,58,-2.173806745596809,MAP_SCADA,47,0.013835143842254372
0,x_tcsc,1-14,-0.10383418172265896,59,-0.1013210017993398,MAP_SCADA,47,0.0025131799233191615
1,B_svc,2,0.17312892218344747,59,0.17066003762868956,MAP_SCADA,47,0.002468884554757911
2,UPFC_Vsh,5-15,1.1072547742868786,59,1.1116915683153972,MAP_SCADA,47,0.004436794028518598
3,UPFC_tsh,5-15,-0.23890156901931114,59,-0.24127632818086714,MAP_SCADA,47,0.002374759161555995
4,UPFC_Vse,5-15,0.06299379008888283,59,0.06157371273501352,MAP_SCADA,47,0.0014200773538693076
5,UPFC_tse,5-15,-2.1917922454989034,59,-2.173806745596809,MAP_SCADA,47,0.017985499902094304
0,x_tcsc,1-14,-0.10327191665118586,60,-0.1013210017993398,MAP_SCADA,47,0.001950914851846064
1,B_svc,2,0.16996069385126053,60,0.17066003762868956,MAP_SCADA,47,0.000699343777429029
2,UPFC_Vsh,5-15,1.1098518577775867,60,1.1116915683153972,MAP_SCADA,47,0.0018397105378105127
3,UPFC_tsh,5-15,-0.23820244736558496,60,-0.24127632818086714,MAP_SCADA,47,0.003073880815282176
4,UPFC_Vse,5-15,0.06292108618224466,60,0.06157371273501352,MAP_SCADA,47,0.0013473734472311469
5,UPFC_tse,5-15,-2.187923879159447,60,-2.173806745596809,MAP_SCADA,47,0.014117133562637996
0,x_tcsc,1-14,-0.10443203071954701,61,-0.1013210017993398,MAP_SCADA,47,0.0031110289202072178
1,B_svc,2,0.16903423354943337,61,0.17066003762868956,MAP_SCADA,47,0.0016258040792561934
2,UPFC_Vsh,5-15,1.110202654342042,61,1.1116915683153972,MAP_SCADA,47,0.0014889139733551549
3,UPFC_tsh,5-15,-0.23777468793642412,61,-0.24127632818086714,MAP_SCADA,47,0.0035016402444430217
4,UPFC_Vse,5-15,0.06314581996839719,61,0.06157371273501352,MAP_SCADA,47,0.0015721072333836697
5,UPFC_tse,5-15,-2.1855869768875538,61,-2.173806745596809,MAP_SCADA,47,0.01178023129074468
0,x_tcsc,1-14,-0.1018979327156657,62,-0.1013210017993398,MAP_SCADA,47,0.0005769309163259073
1,B_svc,2,0.17427711005926577,62,0.17066003762868956,MAP_SCADA,47,0.0036170724305762125
2,UPFC_Vsh,5-15,1.1095015499881347,62,1.1116915683153972,MAP_SCADA,47,0.0021900183272625107
3,UPFC_tsh,5-15,-0.23957433529079633,62,-0.24127632818086714,MAP_SCADA,47,0.0017019928900708081
4,UPFC_Vse,5-15,0.06324467634335171,62,0.06157371273501352,MAP_SCADA,47,0.0016709636083381899
5,UPFC_tse,5-15,-2.194724354980753,62,-2.173806745596809,MAP_SCADA,47,0.020917609383944047
0,x_tcsc,1-14,-0.1047565086025988,63,-0.1013210017993398,MAP_SCADA,47,0.003435506803259006
1,B_svc,2,0.16464257816312167,63,0.17066003762868956,MAP_SCADA,47,0.006017459465567893
2,UPFC_Vsh,5-15,1.1108932720561624,63,1.1116915683153972,MAP_SCADA,47,0.0007982962592347764
3,UPFC_tsh,5-15,-0.23730546416250609,63,-0.24127632818086714,MAP_SCADA,47,0.003970864018361053
4,UPFC_Vse,5-15,0.06270315531355272,63,0.06157371273501352,MAP_SCADA,47,0.001129442578539204
5,UPFC_tse,5-15,-2.1891048347645268,63,-2.173806745596809,MAP_SCADA,47,0.015298089167717688
0,x_tcsc,1-14,-0.10149762845702923,64,-0.1013210017993398,MAP_SCADA,47,0.00017662665768942987
1,B_svc,2,0.17041915878050962,64,0.17066003762868956,MAP_SCADA,47,0.00024087884817994287
2,UPFC_Vsh,5-15,1.1100417205424307,64,1.1116915683153972,MAP_SCADA,47,0.0016498477729665062
3,UPFC_tsh,5-15,-0.23829959354425628,64,-0.24127632818086714,MAP_SCADA,47,0.002976734636610856
4,UPFC_Vse,5-15,0.06332037722712637,64,0.06157371273501352,MAP_SCADA,47,0.0017466644921128524
5,UPFC_tse,5-15,-2.1874300265671645,64,-2.173806745596809,MAP_SCADA,47,0.013623280970355367
0,x_tcsc,1-14,-0.1029503968470731,65,-0.1013210017993398,MAP_SCADA,47,0.0016293950477333091
1,B_svc,2,0.1727546126568781,65,0.17066003762868956,MAP_SCADA,47,0.00209457502818855
2,UPFC_Vsh,5-15,1.1090411589252558,65,1.1116915683153972,MAP_SCADA,47,0.002650409390141384
3,UPFC_tsh,5-15,-0.2391466538977477,65,-0.24127632818086714,MAP_SCADA,47,0.0021296742831194426
4,UPFC_Vse,5-15,0.06267864255580684,65,0.06157371273501352,MAP_SCADA,47,0.0011049298207933198
5,UPFC_tse,5-15,-2.194609229181598,65,-2.173806745596809,MAP_SCADA,47,0.020802483584788867
0,x_tcsc,1-14,-0.10255764452678089,66,-0.1013210017993398,MAP_SCADA,47,0.0012366427274410896
1,B_svc,2,0.17335932811787075,66,0.17066003762868956,MAP_SCADA,47,0.0026992904891811886
2,UPFC_Vsh,5-15,1.1067821196443008,66,1.1116915683153972,MAP_SCADA,47,0.004909448671096328
3,UPFC_tsh,5-15,-0.24009114421968414,66,-0.24127632818086714,MAP_SCADA,47,0.0011851839611830006
4,UPFC_Vse,5-15,0.06383770986129642,66,0.06157371273501352,MAP_SCADA,47,0.0022639971262828976
5,UPFC_tse,5-15,-2.189975251551576,66,-2.173806745596809,MAP_SCADA,47,0.016168505954766932
0,x_tcsc,1-14,-0.10257961106253177,67,-0.1013210017993398,MAP_SCADA,47,0.001258609263191976
1,B_svc,2,0.1742425484016374,67,0.17066003762868956,MAP_SCADA,47,0.003582510772947828
2,UPFC_Vsh,5-15,1.1083253567254918,67,1.1116915683153972,MAP_SCADA,47,0.0033662115899053546
3,UPFC_tsh,5-15,-0.23958027079370714,67,-0.24127632818086714,MAP_SCADA,47,0.0016960573871599993
4,UPFC_Vse,5-15,0.06314568162052941,67,0.06157371273501352,MAP_SCADA,47,0.0015719688855158967
5,UPFC_tse,5-15,-2.1901283364202158,67,-2.173806745596809,MAP_SCADA,47,0.016321590823406673
0,x_tcsc,1-14,-0.10263337111071213,68,-0.1013210017993398,MAP_SCADA,47,0.0013123693113723384
1,B_svc,2,0.17100614863303598,68,0.17066003762868956,MAP_SCADA,47,0.00034611100434642217
2,UPFC_Vsh,5-15,1.1100202564761716,68,1.1116915683153972,MAP_SCADA,47,0.001671311839225531
3,UPFC_tsh,5-15,-0.23892424588676187,68,-0.24127632818086714,MAP_SCADA,47,0.0023520822941052733
4,UPFC_Vse,5-15,0.06251988918292863,68,0.06157371273501352,MAP_SCADA,47,0.0009461764479151077
5,UPFC_tse,5-15,-2.187948808276476,68,-2.173806745596809,MAP_SCADA,47,0.014142062679666889
0,x_tcsc,1-14,-0.10299316820601115,69,-0.1013210017993398,MAP_SCADA,47,0.001672166406671352
1,B_svc,2,0.16947360486173987,69,0.17066003762868956,MAP_SCADA,47,0.0011864327669496855
2,UPFC_Vsh,5-15,1.1089815892970292,69,1.1116915683153972,MAP_SCADA,47,0.002709979018368003
3,UPFC_tsh,5-15,-0.2385254375662905,69,-0.24127632818086714,MAP_SCADA,47,0.0027508906145766454
4,UPFC_Vse,5-15,0.06214377261304217,69,0.06157371273501352,MAP_SCADA,47,0.0005700598780286545
5,UPFC_tse,5-15,-2.1892225229127744,69,-2.173806745596809,MAP_SCADA,47,0.015415777315965329
0,x_tcsc,1-14,-0.10185809716055308,70,-0.1013210017993398,MAP_SCADA,47,0.0005370953612132828
1,B_svc,2,0.1712652326521477,70,0.17066003762868956,MAP_SCADA,47,0.0006051950234581271
2,UPFC_Vsh,5-15,1.1087057236793505,70,1.1116915683153972,MAP_SCADA,47,0.002985844636046675
3,UPFC_tsh,5-15,-0.2391822748874336,70,-0.24127632818086714,MAP_SCADA,47,0.00209405329343354
4,UPFC_Vse,5-15,0.06257359134144821,70,0.06157371273501352,MAP_SCADA,47,0.0009998786064346968
5,UPFC_tse,5-15,-2.1913194357175967,70,-2.173806745596809,MAP_SCADA,47,0.0175126901207876
0,x_tcsc,1-14,-0.10524162761546635,71,-0.1013210017993398,MAP_SCADA,47,0.003920625816126552
1,B_svc,2,0.16611244629803404,71,0.17066003762868956,MAP_SCADA,47,0.0045475913306555205
2,UPFC_Vsh,5-15,1.1096813062861652,71,1.1116915683153972,MAP_SCADA,47,0.002010262029231935
3,UPFC_tsh,5-15,-0.23770084547255427,71,-0.24127632818086714,MAP_SCADA,47,0.0035754827083128715
4,UPFC_Vse,5-15,0.06383213767638687,71,0.06157371273501352,MAP_SCADA,47,0.002258424941373356
5,UPFC_tse,5-15,-2.1861294420596007,71,-2.173806745596809,MAP_SCADA,47,0.012322696462791605
0,x_tcsc,1-14,-0.10233283399276083,72,-0.1013210017993398,MAP_SCADA,47,0.0010118321934210334
1,B_svc,2,0.17345561181975075,72,0.17066003762868956,MAP_SCADA,47,0.0027955741910611898
2,UPFC_Vsh,5-15,1.1081896369708146,72,1.1116915683153972,MAP_SCADA,47,0.003501931344582543
3,UPFC_tsh,5-15,-0.2390668542505105,72,-0.24127632818086714,MAP_SCADA,47,0.0022094739303566424
4,UPFC_Vse,5-15,0.06308312190652304,72,0.06157371273501352,MAP_SCADA,47,0.001509409171509525
5,UPFC_tse,5-15,-2.1950210742699534,72,-2.173806745596809,MAP_SCADA,47,0.021214328673144323
0,x_tcsc,1-14,-0.10300572656616798,73,-0.1013210017993398,MAP_SCADA,47,0.0016847247668281828
1,B_svc,2,0.1699124075334846,73,0.17066003762868956,MAP_SCADA,47,0.0007476300952049542
2,UPFC_Vsh,5-15,1.111688763891842,73,1.1116915683153972,MAP_SCADA,47,2.8044235551583085e-06
3,UPFC_tsh,5-15,-0.23754253964747926,73,-0.24127632818086714,MAP_SCADA,47,0.0037337885333878773
4,UPFC_Vse,5-15,0.06295480558574423,73,0.06157371273501352,MAP_SCADA,47,0.0013810928507307155
5,UPFC_tse,5-15,-2.1898784956330895,73,-2.173806745596809,MAP_SCADA,47,0.016071750036280363
0,x_tcsc,1-14,-0.10514924575789812,74,-0.1013210017993398,MAP_SCADA,47,0.003828243958558325
1,B_svc,2,0.16485838462843566,74,0.17066003762868956,MAP_SCADA,47,0.005801653000253898
2,UPFC_Vsh,5-15,1.1083799244483572,74,1.1116915683153972,MAP_SCADA,47,0.0033116438670399706
3,UPFC_tsh,5-15,-0.23760004359913878,74,-0.24127632818086714,MAP_SCADA,47,0.003676284581728362
4,UPFC_Vse,5-15,0.06298926157265705,74,0.06157371273501352,MAP_SCADA,47,0.0014155488376435335
5,UPFC_tse,5-15,-2.1901337929582283,74,-2.173806745596809,MAP_SCADA,47,0.01632704736141921
0,x_tcsc,1-14,-0.10232746305722461,75,-0.1013210017993398,MAP_SCADA,47,0.0010064612578848109
1,B_svc,2,0.17313561704027464,75,0.17066003762868956,MAP_SCADA,47,0.002475579411585077
2,UPFC_Vsh,5-15,1.1109635601407246,75,1.1116915683153972,MAP_SCADA,47,0.0007280081746725564
3,UPFC_tsh,5-15,-0.2383956924953973,75,-0.24127632818086714,MAP_SCADA,47,0.00288063568546984
4,UPFC_Vse,5-15,0.06252459057740888,75,0.06157371273501352,MAP_SCADA,47,0.0009508778423953576
5,UPFC_tse,5-15,-2.1931506194433967,75,-2.173806745596809,MAP_SCADA,47,0.019343873846587645
0,x_tcsc,1-14,-0.10346791682523426,76,-0.1013210017993398,MAP_SCADA,47,0.0021469150258944664
1,B_svc,2,0.16888588364988585,76,0.17066003762868956,MAP_SCADA,47,0.0017741539788037053
2,UPFC_Vsh,5-15,1.1099742200180993,76,1.1116915683153972,MAP_SCADA,47,0.0017173482972978604
3,UPFC_tsh,5-15,-0.23913273123024675,76,-0.24127632818086714,MAP_SCADA,47,0.0021435969506203856
4,UPFC_Vse,5-15,0.06273977661451471,76,0.06157371273501352,MAP_SCADA,47,0.001166063879501196
5,UPFC_tse,5-15,-2.1907842344148376,76,-2.173806745596809,MAP_SCADA,47,0.01697748881802852
0,x_tcsc,1-14,-0.1031683208624105,77,-0.1013210017993398,MAP_SCADA,47,0.0018473190630707015
1,B_svc,2,0.16891396732518127,77,0.17066003762868956,MAP_SCADA,47,0.0017460703035082903
2,UPFC_Vsh,5-15,1.1077683373382927,77,1.1116915683153972,MAP_SCADA,47,0.003923230977104453
3,UPFC_tsh,5-15,-0.23970109057894223,77,-0.24127632818086714,MAP_SCADA,47,0.001575237601924906
4,UPFC_Vse,5-15,0.06299287105766653,77,0.06157371273501352,MAP_SCADA,47,0.0014191583226530122
5,UPFC_tse,5-15,-2.189390037798933,77,-2.173806745596809,MAP_SCADA,47,0.015583292202123733
0,x_tcsc,1-14,-0.1003523763282444,78,-0.1013210017993398,MAP_SCADA,47,0.0009686254710953995
1,B_svc,2,0.1781374744137755,78,0.17066003762868956,MAP_SCADA,47,0.007477436785085945
2,UPFC_Vsh,5-15,1.1064367614323085,78,1.1116915683153972,MAP_SCADA,47,0.0052548068830886585
3,UPFC_tsh,5-15,-0.24069360638132725,78,-0.24127632818086714,MAP_SCADA,47,0.000582721799539887
4,UPFC_Vse,5-15,0.0636058583757046,78,0.06157371273501352,MAP_SCADA,47,0.0020321456406910757
5,UPFC_tse,5-15,-2.1934335928061675,78,-2.173806745596809,MAP_SCADA,47,0.019626847209358367
0,x_tcsc,1-14,-0.10276773053574277,79,-0.1013210017993398,MAP_SCADA,47,0.0014467287364029746
1,B_svc,2,0.1680802978468382,79,0.17066003762868956,MAP_SCADA,47,0.002579739781851359
2,UPFC_Vsh,5-15,1.1117810693734493,79,1.1116915683153972,MAP_SCADA,47,8.950105805216602e-05
3,UPFC_tsh,5-15,-0.237322468516072,79,-0.24127632818086714,MAP_SCADA,47,0.00395385966479514
4,UPFC_Vse,5-15,0.06270065158906427,79,0.06157371273501352,MAP_SCADA,47,0.0011269388540507477
5,UPFC_tse,5-15,-2.1869983063602736,79,-2.173806745596809,MAP_SCADA,47,0.013191560763464505
0,x_tcsc,1-14,-0.10316049789480242,80,-0.1013210017993398,MAP_SCADA,47,0.00183949609546262
1,B_svc,2,0.17065832407353948,80,0.17066003762868956,MAP_SCADA,47,1.7135551500790935e-06
2,UPFC_Vsh,5-15,1.1092538073589127,80,1.1116915683153972,MAP_SCADA,47,0.0024377609564845137
3,UPFC_tsh,5-15,-0.239140938455551,80,-0.24127632818086714,MAP_SCADA,47,0.002135389725316128
4,UPFC_Vse,5-15,0.063109103691046,80,0.06157371273501352,MAP_SCADA,47,0.00153539095603248
5,UPFC_tse,5-15,-2.1914075308370156,80,-2.173806745596809,MAP_SCADA,47,0.017600785240206474
0,x_tcsc,1-14,-0.10041044236733196,81,-0.1013210017993398,MAP_SCADA,47,0.0009105594320078375
1,B_svc,2,0.18123476065321326,81,0.17066003762868956,MAP_SCADA,47,0.010574723024523697
2,UPFC_Vsh,5-15,1.1059665821283136,81,1.1116915683153972,MAP_SCADA,47,0.005724986187083614
3,UPFC_tsh,5-15,-0.24094205153019474,81,-0.24127632818086714,MAP_SCADA,47,0.0003342766506723993
4,UPFC_Vse,5-15,0.06307815871124836,81,0.06157371273501352,MAP_SCADA,47,0.001504445976234843
5,UPFC_tse,5-15,-2.195590834076475,81,-2.173806745596809,MAP_SCADA,47,0.021784088479666064
0,x_tcsc,1-14,-0.10457447478471675,82,-0.1013210017993398,MAP_SCADA,47,0.003253472985376954
1,B_svc,2,0.16783207973975625,82,0.17066003762868956,MAP_SCADA,47,0.002827957888933308
2,UPFC_Vsh,5-15,1.110012346364267,82,1.1116915683153972,MAP_SCADA,47,0.0016792219511301276
3,UPFC_tsh,5-15,-0.2376586382346466,82,-0.24127632818086714,MAP_SCADA,47,0.003617689946220526
4,UPFC_Vse,5-15,0.06331608203981146,82,0.06157371273501352,MAP_SCADA,47,0.0017423693047979374
5,UPFC_tse,5-15,-2.1867291866877543,82,-2.173806745596809,MAP_SCADA,47,0.012922441090945203
0,x_tcsc,1-14,-0.1031657595623476,83,-0.1013210017993398,MAP_SCADA,47,0.0018447577630077983
1,B_svc,2,0.17424357418869788,83,0.17066003762868956,MAP_SCADA,47,0.0035835365600083158
2,UPFC_Vsh,5-15,1.1072885960269414,83,1.1116915683153972,MAP_SCADA,47,0.004402972288455764
3,UPFC_tsh,5-15,-0.23966310880723438,83,-0.24127632818086714,MAP_SCADA,47,0.0016132193736327627
4,UPFC_Vse,5-15,0.06304301881323121,83,0.06157371273501352,MAP_SCADA,47,0.0014693060782176928
5,UPFC_tse,5-15,-2.1962086599650283,83,-2.173806745596809,MAP_SCADA,47,0.022401914368219256
0,x_tcsc,1-14,-0.10333678174264938,84,-0.1013210017993398,MAP_SCADA,47,0.0020157799433095785
1,B_svc,2,0.16992623847206714,84,0.17066003762868956,MAP_SCADA,47,0.0007337991566224167
2,UPFC_Vsh,5-15,1.108396689227261,84,1.1116915683153972,MAP_SCADA,47,0.0032948790881361933
3,UPFC_tsh,5-15,-0.23891537987045408,84,-0.24127632818086714,MAP_SCADA,47,0.002360948310413058
4,UPFC_Vse,5-15,0.06353080171285039,84,0.06157371273501352,MAP_SCADA,47,0.0019570889778368697
5,UPFC_tse,5-15,-2.1934515204379577,84,-2.173806745596809,MAP_SCADA,47,0.01964477484114857
0,x_tcsc,1-14,-0.10081655054250013,85,-0.1013210017993398,MAP_SCADA,47,0.0005044512568396636
1,B_svc,2,0.17694535235740244,85,0.17066003762868956,MAP_SCADA,47,0.006285314728712882
2,UPFC_Vsh,5-15,1.1073705397164069,85,1.1116915683153972,MAP_SCADA,47,0.004321028598990306
3,UPFC_tsh,5-15,-0.2398156892148108,85,-0.24127632818086714,MAP_SCADA,47,0.0014606389660563324
4,UPFC_Vse,5-15,0.06285607316405972,85,0.06157371273501352,MAP_SCADA,47,0.0012823604290462046
5,UPFC_tse,5-15,-2.1933991813687634,85,-2.173806745596809,MAP_SCADA,47,0.019592435771954353
0,x_tcsc,1-14,-0.10456865424775502,86,-0.1013210017993398,MAP_SCADA,47,0.0032476524484152253
1,B_svc,2,0.1666530528575441,86,0.17066003762868956,MAP_SCADA,47,0.004006984771145472
2,UPFC_Vsh,5-15,1.1106773055855599,86,1.1116915683153972,MAP_SCADA,47,0.0010142627298372897
3,UPFC_tsh,5-15,-0.23739767838514195,86,-0.24127632818086714,MAP_SCADA,47,0.003878649795725192
4,UPFC_Vse,5-15,0.06257029657897878,86,0.06157371273501352,MAP_SCADA,47,0.000996583843965261
5,UPFC_tse,5-15,-2.189342971517965,86,-2.173806745596809,MAP_SCADA,47,0.015536225921156
0,x_tcsc,1-14,-0.1014522893066262,87,-0.1013210017993398,MAP_SCADA,47,0.00013128750728640115
1,B_svc,2,0.1759377983837093,87,0.17066003762868956,MAP_SCADA,47,0.005277760755019734
2,UPFC_Vsh,5-15,1.1075747788641153,87,1.1116915683153972,MAP_SCADA,47,0.00411678945128191
3,UPFC_tsh,5-15,-0.23996026048803054,87,-0.24127632818086714,MAP_SCADA,47,0.0013160676928365977
4,UPFC_Vse,5-15,0.0631287474103788,87,0.06157371273501352,MAP_SCADA,47,0.0015550346753652813
5,UPFC_tse,5-15,-2.192029188740658,87,-2.173806745596809,MAP_SCADA,47,0.01822244314384891
0,x_tcsc,1-14,-0.10308302753037737,88,-0.1013210017993398,MAP_SCADA,47,0.001762025731037578
1,B_svc,2,0.17448784950738527,88,0.17066003762868956,MAP_SCADA,47,0.003827811878695714
2,UPFC_Vsh,5-15,1.1061476784346318,88,1.1116915683153972,MAP_SCADA,47,0.005543889880765374
3,UPFC_tsh,5-15,-0.24050589806222702,88,-0.24127632818086714,MAP_SCADA,47,0.0007704301186401141
4,UPFC_Vse,5-15,0.06268005160067479,88,0.06157371273501352,MAP_SCADA,47,0.0011063388656612702
5,UPFC_tse,5-15,-2.190872120562374,88,-2.173806745596809,MAP_SCADA,47,0.017065374965564928
0,x_tcsc,1-14,-0.10267111452075099,89,-0.1013210017993398,MAP_SCADA,47,0.0013501127214111952
1,B_svc,2,0.16961778126943405,89,0.17066003762868956,MAP_SCADA,47,0.0010422563592555056
2,UPFC_Vsh,5-15,1.1079274160944588,89,1.1116915683153972,MAP_SCADA,47,0.0037641522209383993
3,UPFC_tsh,5-15,-0.23875734153579592,89,-0.24127632818086714,MAP_SCADA,47,0.0025189866450712195
4,UPFC_Vse,5-15,0.06317546712596372,89,0.06157371273501352,MAP_SCADA,47,0.0016017543909502066
5,UPFC_tse,5-15,-2.1882457540257323,89,-2.173806745596809,MAP_SCADA,47,0.014439008428923206
0,x_tcsc,1-14,-0.10613469936333164,90,-0.1013210017993398,MAP_SCADA,47,0.004813697563991845
1,B_svc,2,0.16006816122231587,90,0.17066003762868956,MAP_SCADA,47,0.010591876406373685
2,UPFC_Vsh,5-15,1.1094315761130153,90,1.1116915683153972,MAP_SCADA,47,0.002259992202381822
3,UPFC_tsh,5-15,-0.23704302088232218,90,-0.24127632818086714,MAP_SCADA,47,0.004233307298544958
4,UPFC_Vse,5-15,0.06352188556720155,90,0.06157371273501352,MAP_SCADA,47,0.0019481728321880318
5,UPFC_tse,5-15,-2.187971846351272,90,-2.173806745596809,MAP_SCADA,47,0.014165100754462756
0,x_tcsc,1-14,-0.10274183533505725,91,-0.1013210017993398,MAP_SCADA,47,0.0014208335357174529
1,B_svc,2,0.1712474167571244,91,0.17066003762868956,MAP_SCADA,47,0.0005873791284348451
2,UPFC_Vsh,5-15,1.1081719272205834,91,1.1116915683153972,MAP_SCADA,47,0.0035196410948137302
3,UPFC_tsh,5-15,-0.23991407693170547,91,-0.24127632818086714,MAP_SCADA,47,0.0013622512491616723
4,UPFC_Vse,5-15,0.06319960057066118,91,0.06157371273501352,MAP_SCADA,47,0.0016258878356476617
5,UPFC_tse,5-15,-2.189139377730668,91,-2.173806745596809,MAP_SCADA,47,0.015332632133858937
0,x_tcsc,1-14,-0.10529554962383599,92,-0.1013210017993398,MAP_SCADA,47,0.0039745478244961885
1,B_svc,2,0.164802444766533,92,0.17066003762868956,MAP_SCADA,47,0.005857592862156563
2,UPFC_Vsh,5-15,1.1091574366065957,92,1.1116915683153972,MAP_SCADA,47,0.002534131708801457
3,UPFC_tsh,5-15,-0.23715858961762765,92,-0.24127632818086714,MAP_SCADA,47,0.0041177385632394925
4,UPFC_Vse,5-15,0.06325685516812932,92,0.06157371273501352,MAP_SCADA,47,0.0016831424331157988
5,UPFC_tse,5-15,-2.185841384590449,92,-2.173806745596809,MAP_SCADA,47,0.012034638993640101
0,x_tcsc,1-14,-0.10198001686873225,93,-0.1013210017993398,MAP_SCADA,47,0.000659015069392449
1,B_svc,2,0.1745075075648837,93,0.17066003762868956,MAP_SCADA,47,0.0038474699361941422
2,UPFC_Vsh,5-15,1.1077672411780743,93,1.1116915683153972,MAP_SCADA,47,0.003924327137322825
3,UPFC_tsh,5-15,-0.24025055114601698,93,-0.24127632818086714,MAP_SCADA,47,0.001025777034850156
4,UPFC_Vse,5-15,0.06302712550417613,93,0.06157371273501352,MAP_SCADA,47,0.0014534127691626167
5,UPFC_tse,5-15,-2.193898147976288,93,-2.173806745596809,MAP_SCADA,47,0.02009140237947893
0,x_tcsc,1-14,-0.10240752827041755,94,-0.1013210017993398,MAP_SCADA,47,0.0010865264710777506
1,B_svc,2,0.17267742847899017,94,0.17066003762868956,MAP_SCADA,47,0.0020173908503006155
2,UPFC_Vsh,5-15,1.1060683377314755,94,1.1116915683153972,MAP_SCADA,47,0.005623230583921668
3,UPFC_tsh,5-15,-0.23966172718881376,94,-0.24127632818086714,MAP_SCADA,47,0.0016146009920533777
4,UPFC_Vse,5-15,0.06356182781739468,94,0.06157371273501352,MAP_SCADA,47,0.001988115082381163
5,UPFC_tse,5-15,-2.1899317687571993,94,-2.173806745596809,MAP_SCADA,47,0.016125023160390217
0,x_tcsc,1-14,-0.1015701753308845,95,-0.1013210017993398,MAP_SCADA,47,0.00024917353154470245
1,B_svc,2,0.1739762418767858,95,0.17066003762868956,MAP_SCADA,47,0.0033162042480962273
2,UPFC_Vsh,5-15,1.109278096323847,95,1.1116915683153972,MAP_SCADA,47,0.0024134719915500646
3,UPFC_tsh,5-15,-0.23889218641001428,95,-0.24127632818086714,MAP_SCADA,47,0.00238414177085286
4,UPFC_Vse,5-15,0.06328697888437507,95,0.06157371273501352,MAP_SCADA,47,0.001713266149361549
5,UPFC_tse,5-15,-2.194328809564617,95,-2.173806745596809,MAP_SCADA,47,0.02052206396780809
0,x_tcsc,1-14,-0.10232252245350033,96,-0.1013210017993398,MAP_SCADA,47,0.001001520654160537
1,B_svc,2,0.17372121612069635,96,0.17066003762868956,MAP_SCADA,47,0.003061178492006794
2,UPFC_Vsh,5-15,1.108048298640947,96,1.1116915683153972,MAP_SCADA,47,0.003643269674450167
3,UPFC_tsh,5-15,-0.2395526260351638,96,-0.24127632818086714,MAP_SCADA,47,0.001723702145703332
4,UPFC_Vse,5-15,0.06360226093011265,96,0.06157371273501352,MAP_SCADA,47,0.0020285481950991294
5,UPFC_tse,5-15,-2.1900485756251924,96,-2.173806745596809,MAP_SCADA,47,0.01624183002838331
0,x_tcsc,1-14,-0.10333071641159243,97,-0.1013210017993398,MAP_SCADA,47,0.0020097146122526333
1,B_svc,2,0.17110006030773722,97,0.17066003762868956,MAP_SCADA,47,0.00044002267904766357
2,UPFC_Vsh,5-15,1.1083044207896122,97,1.1116915683153972,MAP_SCADA,47,0.0033871475257849504
3,UPFC_tsh,5-15,-0.23860190996385314,97,-0.24127632818086714,MAP_SCADA,47,0.002674418217014002
4,UPFC_Vse,5-15,0.06399735750141623,97,0.06157371273501352,MAP_SCADA,47,0.0024236447664027147
5,UPFC_tse,5-15,-2.19124066642229,97,-2.173806745596809,MAP_SCADA,47,0.017433920825480786
0,x_tcsc,1-14,-0.10426524521610846,98,-0.1013210017993398,MAP_SCADA,47,0.0029442434167686604
1,B_svc,2,0.17011498705090078,98,0.17066003762868956,MAP_SCADA,47,0.0005450505777887804
2,UPFC_Vsh,5-15,1.1100572819699157,98,1.1116915683153972,MAP_SCADA,47,0.0016342863454814616
3,UPFC_tsh,5-15,-0.23770219494552186,98,-0.24127632818086714,MAP_SCADA,47,0.003574133235345278
4,UPFC_Vse,5-15,0.06334543800654534,98,0.06157371273501352,MAP_SCADA,47,0.0017717252715318196
5,UPFC_tse,5-15,-2.193521321270926,98,-2.173806745596809,MAP_SCADA,47,0.01971457567411683
0,x_tcsc,1-14,-0.10313457559422243,99,-0.1013210017993398,MAP_SCADA,47,0.0018135737948826308
1,B_svc,2,0.17001685418981957,99,0.17066003762868956,MAP_SCADA,47,0.0006431834388699875
2,UPFC_Vsh,5-15,1.109765874666147,99,1.1116915683153972,MAP_SCADA,47,0.0019256936492502152
3,UPFC_tsh,5-15,-0.23838836964991572,99,-0.24127632818086714,MAP_SCADA,47,0.0028879585309514177
4,UPFC_Vse,5-15,0.06302138463839355,99,0.06157371273501352,MAP_SCADA,47,0.001447671903380028
5,UPFC_tse,5-15,-2.187957790781871,99,-2.173806745596809,MAP_SCADA,47,0.014151045185061939
0,x_tcsc,1-14,-0.10329353714551051,0,-0.10125275692686818,MAP_SCADA,49,0.0020407802186423324
1,B_svc,2,0.16811519883705064,0,0.1701011310761069,MAP_SCADA,49,0.001985932239056243
2,UPFC_Vsh,5-15,1.1098479333514264,0,1.1111356553452798,MAP_SCADA,49,0.001287721993853408
3,UPFC_tsh,5-15,-0.23850846755793317,0,-0.24128082034855702,MAP_SCADA,49,0.00277235279062385
4,UPFC_Vse,5-15,0.06280396337550218,0,0.06207548655607561,MAP_SCADA,49,0.000728476819426567
5,UPFC_tse,5-15,-2.189547936028691,0,-2.17964137895095,MAP_SCADA,49,0.00990655707774124
0,x_tcsc,1-14,-0.10333449122731382,1,-0.10125275692686818,MAP_SCADA,49,0.0020817343004456423
1,B_svc,2,0.17229278551833666,1,0.1701011310761069,MAP_SCADA,49,0.002191654442229768
2,UPFC_Vsh,5-15,1.1074218438606374,1,1.1111356553452798,MAP_SCADA,49,0.0037138114846424486
3,UPFC_tsh,5-15,-0.2393005791363044,1,-0.24128082034855702,MAP_SCADA,49,0.001980241212252626
4,UPFC_Vse,5-15,0.06354372417136461,1,0.06207548655607561,MAP_SCADA,49,0.0014682376152890045
5,UPFC_tse,5-15,-2.188008410858818,1,-2.17964137895095,MAP_SCADA,49,0.008367031907868139
0,x_tcsc,1-14,-0.10362651376837446,2,-0.10125275692686818,MAP_SCADA,49,0.002373756841506286
1,B_svc,2,0.16919022531694322,2,0.1701011310761069,MAP_SCADA,49,0.000910905759163666
2,UPFC_Vsh,5-15,1.1102493941878657,2,1.1111356553452798,MAP_SCADA,49,0.0008862611574140811
3,UPFC_tsh,5-15,-0.23849235067663532,2,-0.24128082034855702,MAP_SCADA,49,0.0027884696719217006
4,UPFC_Vse,5-15,0.06320110323422641,2,0.06207548655607561,MAP_SCADA,49,0.0011256166781508023
5,UPFC_tse,5-15,-2.191367850099842,2,-2.17964137895095,MAP_SCADA,49,0.011726471148892248
0,x_tcsc,1-14,-0.1022783976113678,3,-0.10125275692686818,MAP_SCADA,49,0.001025640684499618
1,B_svc,2,0.17447641250969634,3,0.1701011310761069,MAP_SCADA,49,0.004375281433589451
2,UPFC_Vsh,5-15,1.1077086780665086,3,1.1111356553452798,MAP_SCADA,49,0.0034269772787711705
3,UPFC_tsh,5-15,-0.239679881625969,3,-0.24128082034855702,MAP_SCADA,49,0.0016009387225880134
4,UPFC_Vse,5-15,0.06420872154220497,3,0.06207548655607561,MAP_SCADA,49,0.0021332349861293634
5,UPFC_tse,5-15,-2.1910131457639017,3,-2.17964137895095,MAP_SCADA,49,0.011371766812951822
0,x_tcsc,1-14,-0.10394054656344608,4,-0.10125275692686818,MAP_SCADA,49,0.0026877896365778975
1,B_svc,2,0.17253418900935183,4,0.1701011310761069,MAP_SCADA,49,0.002433057933244942
2,UPFC_Vsh,5-15,1.1080842679213603,4,1.1111356553452798,MAP_SCADA,49,0.003051387423919527
3,UPFC_tsh,5-15,-0.23896792048445972,4,-0.24128082034855702,MAP_SCADA,49,0.002312899864097301
4,UPFC_Vse,5-15,0.06280615072875485,4,0.06207548655607561,MAP_SCADA,49,0.0007306641726792448
5,UPFC_tse,5-15,-2.190748734444064,4,-2.17964137895095,MAP_SCADA,49,0.011107355493114035
0,x_tcsc,1-14,-0.10358721953952944,5,-0.10125275692686818,MAP_SCADA,49,0.0023344626126612644
1,B_svc,2,0.16814849854113137,5,0.1701011310761069,MAP_SCADA,49,0.001952632534975518
2,UPFC_Vsh,5-15,1.1103570430873901,5,1.1111356553452798,MAP_SCADA,49,0.0007786122578896659
3,UPFC_tsh,5-15,-0.23847268222950582,5,-0.24128082034855702,MAP_SCADA,49,0.002808138119051201
4,UPFC_Vse,5-15,0.06314489609101118,5,0.06207548655607561,MAP_SCADA,49,0.0010694095349355684
5,UPFC_tse,5-15,-2.190275244913631,5,-2.17964137895095,MAP_SCADA,49,0.01063386596268101
0,x_tcsc,1-14,-0.10350531559935731,6,-0.10125275692686818,MAP_SCADA,49,0.0022525586724891355
1,B_svc,2,0.16889408616433438,6,0.1701011310761069,MAP_SCADA,49,0.001207044911772509
2,UPFC_Vsh,5-15,1.1092796634959625,6,1.1111356553452798,MAP_SCADA,49,0.0018559918493172844
3,UPFC_tsh,5-15,-0.2386688698331191,6,-0.24128082034855702,MAP_SCADA,49,0.0026119505154379163
4,UPFC_Vse,5-15,0.06287393598506438,6,0.06207548655607561,MAP_SCADA,49,0.0007984494289887747
5,UPFC_tse,5-15,-2.1904821780911643,6,-2.17964137895095,MAP_SCADA,49,0.010840799140214408
0,x_tcsc,1-14,-0.10086561566381738,7,-0.10125275692686818,MAP_SCADA,49,0.000387141263050797
1,B_svc,2,0.17407933738082562,7,0.1701011310761069,MAP_SCADA,49,0.003978206304718734
2,UPFC_Vsh,5-15,1.1095504799373779,7,1.1111356553452798,MAP_SCADA,49,0.0015851754079019287
3,UPFC_tsh,5-15,-0.23927897238709775,7,-0.24128082034855702,MAP_SCADA,49,0.0020018479614592743
4,UPFC_Vse,5-15,0.06312921191592344,7,0.06207548655607561,MAP_SCADA,49,0.0010537253598478305
5,UPFC_tse,5-15,-2.1874008932882796,7,-2.17964137895095,MAP_SCADA,49,0.007759514337329687
0,x_tcsc,1-14,-0.10415892026095726,8,-0.10125275692686818,MAP_SCADA,49,0.002906163334089079
1,B_svc,2,0.17134587093852688,8,0.1701011310761069,MAP_SCADA,49,0.0012447398624199912
2,UPFC_Vsh,5-15,1.107249958845356,8,1.1111356553452798,MAP_SCADA,49,0.003885696499923874
3,UPFC_tsh,5-15,-0.23866553903984225,8,-0.24128082034855702,MAP_SCADA,49,0.002615281308714773
4,UPFC_Vse,5-15,0.06362033412494816,8,0.06207548655607561,MAP_SCADA,49,0.0015448475688725552
5,UPFC_tse,5-15,-2.186522927523441,8,-2.17964137895095,MAP_SCADA,49,0.006881548572490903
0,x_tcsc,1-14,-0.10245107087655327,9,-0.10125275692686818,MAP_SCADA,49,0.001198313949685087
1,B_svc,2,0.1699705773336321,9,0.1701011310761069,MAP_SCADA,49,0.00013055374247478158
2,UPFC_Vsh,5-15,1.1111100280601645,9,1.1111356553452798,MAP_SCADA,49,2.5627285115348286e-05
3,UPFC_tsh,5-15,-0.23772898479278912,9,-0.24128082034855702,MAP_SCADA,49,0.003551835555767907
4,UPFC_Vse,5-15,0.06293157188011914,9,0.06207548655607561,MAP_SCADA,49,0.0008560853240435276
5,UPFC_tse,5-15,-2.1889726606857733,9,-2.17964137895095,MAP_SCADA,49,0.009331281734823449
0,x_tcsc,1-14,-0.10201414245840422,10,-0.10125275692686818,MAP_SCADA,49,0.0007613855315360407
1,B_svc,2,0.1773995230540244,10,0.1701011310761069,MAP_SCADA,49,0.007298391977917512
2,UPFC_Vsh,5-15,1.1078753800386845,10,1.1111356553452798,MAP_SCADA,49,0.0032602753065953394
3,UPFC_tsh,5-15,-0.23991346910294914,10,-0.24128082034855702,MAP_SCADA,49,0.001367351245607884
4,UPFC_Vse,5-15,0.06350055111044295,10,0.06207548655607561,MAP_SCADA,49,0.0014250645543673404
5,UPFC_tse,5-15,-2.188397089259698,10,-2.17964137895095,MAP_SCADA,49,0.00875571030874811
0,x_tcsc,1-14,-0.10309787691363395,11,-0.10125275692686818,MAP_SCADA,49,0.0018451199867657725
1,B_svc,2,0.17229032263195573,11,0.1701011310761069,MAP_SCADA,49,0.002189191555848846
2,UPFC_Vsh,5-15,1.106829264025858,11,1.1111356553452798,MAP_SCADA,49,0.004306391319421898
3,UPFC_tsh,5-15,-0.23956457706822262,11,-0.24128082034855702,MAP_SCADA,49,0.0017162432803344008
4,UPFC_Vse,5-15,0.06366462202276205,11,0.06207548655607561,MAP_SCADA,49,0.001589135466686438
5,UPFC_tse,5-15,-2.1891986298807464,11,-2.17964137895095,MAP_SCADA,49,0.009557250929796535
0,x_tcsc,1-14,-0.10463812009775422,12,-0.10125275692686818,MAP_SCADA,49,0.0033853631708860438
1,B_svc,2,0.16853615682973003,12,0.1701011310761069,MAP_SCADA,49,0.0015649742463768601
2,UPFC_Vsh,5-15,1.1081083885543885,12,1.1111356553452798,MAP_SCADA,49,0.00302726679089127
3,UPFC_tsh,5-15,-0.23874039951966272,12,-0.24128082034855702,MAP_SCADA,49,0.002540420828894302
4,UPFC_Vse,5-15,0.06357887848112859,12,0.06207548655607561,MAP_SCADA,49,0.0015033919250529784
5,UPFC_tse,5-15,-2.1899085293440548,12,-2.17964137895095,MAP_SCADA,49,0.010267150393104885
0,x_tcsc,1-14,-0.10326192676854636,13,-0.10125275692686818,MAP_SCADA,49,0.0020091698416781767
1,B_svc,2,0.17236389006577532,13,0.1701011310761069,MAP_SCADA,49,0.002262758989668434
2,UPFC_Vsh,5-15,1.10698736772081,13,1.1111356553452798,MAP_SCADA,49,0.0041482876244698375
3,UPFC_tsh,5-15,-0.23976528062347388,13,-0.24128082034855702,MAP_SCADA,49,0.0015155397250831426
4,UPFC_Vse,5-15,0.06249443149756003,13,0.06207548655607561,MAP_SCADA,49,0.00041894494148442263
5,UPFC_tse,5-15,-2.196371164920003,13,-2.17964137895095,MAP_SCADA,49,0.016729785969053168
0,x_tcsc,1-14,-0.1030504484184106,14,-0.10125275692686818,MAP_SCADA,49,0.001797691491542422
1,B_svc,2,0.16997033053296642,14,0.1701011310761069,MAP_SCADA,49,0.00013080054314046352
2,UPFC_Vsh,5-15,1.1110829106317943,14,1.1111356553452798,MAP_SCADA,49,5.274471348548637e-05
3,UPFC_tsh,5-15,-0.2378859124752215,14,-0.24128082034855702,MAP_SCADA,49,0.0033949078733355176
4,UPFC_Vse,5-15,0.0626573943935469,14,0.06207548655607561,MAP_SCADA,49,0.0005819078374712863
5,UPFC_tse,5-15,-2.193799530913218,14,-2.17964137895095,MAP_SCADA,49,0.014158151962268217
0,x_tcsc,1-14,-0.10309694119605492,15,-0.10125275692686818,MAP_SCADA,49,0.001844184269186741
1,B_svc,2,0.16693486271337285,15,0.1701011310761069,MAP_SCADA,49,0.003166268362734037
2,UPFC_Vsh,5-15,1.112102866085488,15,1.1111356553452798,MAP_SCADA,49,0.0009672107402081132
3,UPFC_tsh,5-15,-0.2382997699364943,15,-0.24128082034855702,MAP_SCADA,49,0.00298105041206273
4,UPFC_Vse,5-15,0.06256983739626225,15,0.06207548655607561,MAP_SCADA,49,0.00049435084018664
5,UPFC_tse,5-15,-2.1883812738215953,15,-2.17964137895095,MAP_SCADA,49,0.008739894870645415
0,x_tcsc,1-14,-0.10217489660297842,16,-0.10125275692686818,MAP_SCADA,49,0.0009221396761102396
1,B_svc,2,0.17394135187656679,16,0.1701011310761069,MAP_SCADA,49,0.003840220800459898
2,UPFC_Vsh,5-15,1.107960262070741,16,1.1111356553452798,MAP_SCADA,49,0.0031753932745388624
3,UPFC_tsh,5-15,-0.239206249885445,16,-0.24128082034855702,MAP_SCADA,49,0.0020745704631120188
4,UPFC_Vse,5-15,0.06271712989685814,16,0.06207548655607561,MAP_SCADA,49,0.0006416433407825314
5,UPFC_tse,5-15,-2.1939130467822623,16,-2.17964137895095,MAP_SCADA,49,0.014271667831312396
0,x_tcsc,1-14,-0.10454469730310308,17,-0.10125275692686818,MAP_SCADA,49,0.0032919403762348975
1,B_svc,2,0.16712461844377577,17,0.1701011310761069,MAP_SCADA,49,0.0029765126323311186
2,UPFC_Vsh,5-15,1.109370895589937,17,1.1111356553452798,MAP_SCADA,49,0.0017647597553427374
3,UPFC_tsh,5-15,-0.23753669429202756,17,-0.24128082034855702,MAP_SCADA,49,0.003744126056529462
4,UPFC_Vse,5-15,0.06325825102421366,17,0.06207548655607561,MAP_SCADA,49,0.001182764468138052
5,UPFC_tse,5-15,-2.186313396630077,17,-2.17964137895095,MAP_SCADA,49,0.0066720176791270625
0,x_tcsc,1-14,-0.10112964944926826,18,-0.10125275692686818,MAP_SCADA,49,0.00012310747759991525
1,B_svc,2,0.17737976177681442,18,0.1701011310761069,MAP_SCADA,49,0.007278630700707528
2,UPFC_Vsh,5-15,1.109702083507929,18,1.1111356553452798,MAP_SCADA,49,0.0014335718373508222
3,UPFC_tsh,5-15,-0.23936642374053496,18,-0.24128082034855702,MAP_SCADA,49,0.001914396608022062
4,UPFC_Vse,5-15,0.06363139956315816,18,0.06207548655607561,MAP_SCADA,49,0.0015559130070825558
5,UPFC_tse,5-15,-2.1903458498537542,18,-2.17964137895095,MAP_SCADA,49,0.010704470902804353
0,x_tcsc,1-14,-0.10321435202359344,19,-0.10125275692686818,MAP_SCADA,49,0.0019615950967252632
1,B_svc,2,0.16810748723890664,19,0.1701011310761069,MAP_SCADA,49,0.001993643837200243
2,UPFC_Vsh,5-15,1.1100965594026282,19,1.1111356553452798,MAP_SCADA,49,0.0010390959426516133
3,UPFC_tsh,5-15,-0.23852179981642677,19,-0.24128082034855702,MAP_SCADA,49,0.0027590205321302574
4,UPFC_Vse,5-15,0.0625930905180296,19,0.06207548655607561,MAP_SCADA,49,0.0005176039619539871
5,UPFC_tse,5-15,-2.188351087150795,19,-2.17964137895095,MAP_SCADA,49,0.008709708199845068
0,x_tcsc,1-14,-0.10354343396284567,20,-0.10125275692686818,MAP_SCADA,49,0.0022906770359774897
1,B_svc,2,0.16703463626958456,20,0.1701011310761069,MAP_SCADA,49,0.003066494806522324
2,UPFC_Vsh,5-15,1.1098341526661635,20,1.1111356553452798,MAP_SCADA,49,0.0013015026791163287
3,UPFC_tsh,5-15,-0.23788774543338145,20,-0.24128082034855702,MAP_SCADA,49,0.00339307491517557
4,UPFC_Vse,5-15,0.06243570092208961,20,0.06207548655607561,MAP_SCADA,49,0.0003602143660140014
5,UPFC_tse,5-15,-2.191014469814827,20,-2.17964137895095,MAP_SCADA,49,0.011373090863877167
0,x_tcsc,1-14,-0.10344129310754582,21,-0.10125275692686818,MAP_SCADA,49,0.0021885361806776443
1,B_svc,2,0.1708677144969117,21,0.1701011310761069,MAP_SCADA,49,0.0007665834208048228
2,UPFC_Vsh,5-15,1.1077101992879548,21,1.1111356553452798,MAP_SCADA,49,0.003425456057325027
3,UPFC_tsh,5-15,-0.23998780930740443,21,-0.24128082034855702,MAP_SCADA,49,0.001293011041152592
4,UPFC_Vse,5-15,0.06297038816134898,21,0.06207548655607561,MAP_SCADA,49,0.0008949016052733696
5,UPFC_tse,5-15,-2.1940017442066315,21,-2.17964137895095,MAP_SCADA,49,0.014360365255681629
0,x_tcsc,1-14,-0.10200268563517126,22,-0.10125275692686818,MAP_SCADA,49,0.0007499287083030798
1,B_svc,2,0.17089704393936794,22,0.1701011310761069,MAP_SCADA,49,0.0007959128632610557
2,UPFC_Vsh,5-15,1.11057128340465,22,1.1111356553452798,MAP_SCADA,49,0.0005643719406298597
3,UPFC_tsh,5-15,-0.2383999901081647,22,-0.24128082034855702,MAP_SCADA,49,0.002880830240392318
4,UPFC_Vse,5-15,0.06284333278504248,22,0.06207548655607561,MAP_SCADA,49,0.0007678462289668689
5,UPFC_tse,5-15,-2.189614887509789,22,-2.17964137895095,MAP_SCADA,49,0.00997350855883905
0,x_tcsc,1-14,-0.10414257550582919,23,-0.10125275692686818,MAP_SCADA,49,0.0028898185789610065
1,B_svc,2,0.17302275696693312,23,0.1701011310761069,MAP_SCADA,49,0.0029216258908262294
2,UPFC_Vsh,5-15,1.1062099902680418,23,1.1111356553452798,MAP_SCADA,49,0.004925665077238017
3,UPFC_tsh,5-15,-0.23899992877224516,23,-0.24128082034855702,MAP_SCADA,49,0.0022808915763118665
4,UPFC_Vse,5-15,0.06331203494101198,23,0.06207548655607561,MAP_SCADA,49,0.0012365483849363715
5,UPFC_tse,5-15,-2.193611288444514,23,-2.17964137895095,MAP_SCADA,49,0.013969909493563915
0,x_tcsc,1-14,-0.10255669398750906,24,-0.10125275692686818,MAP_SCADA,49,0.0013039370606408862
1,B_svc,2,0.17527665408020493,24,0.1701011310761069,MAP_SCADA,49,0.005175523004098043
2,UPFC_Vsh,5-15,1.110444416352426,24,1.1111356553452798,MAP_SCADA,49,0.0006912389928537266
3,UPFC_tsh,5-15,-0.23838245129865002,24,-0.24128082034855702,MAP_SCADA,49,0.002898369049907007
4,UPFC_Vse,5-15,0.06343171498679508,24,0.06207548655607561,MAP_SCADA,49,0.001356228430719468
5,UPFC_tse,5-15,-2.1934702341448933,24,-2.17964137895095,MAP_SCADA,49,0.01382885519394339
0,x_tcsc,1-14,-0.10349904714129522,25,-0.10125275692686818,MAP_SCADA,49,0.0022462902144270436
1,B_svc,2,0.16860677052613007,25,0.1701011310761069,MAP_SCADA,49,0.0014943605499768142
2,UPFC_Vsh,5-15,1.1085206473749372,25,1.1111356553452798,MAP_SCADA,49,0.002615007970342642
3,UPFC_tsh,5-15,-0.2385443264307013,25,-0.24128082034855702,MAP_SCADA,49,0.0027364939178557146
4,UPFC_Vse,5-15,0.06318141056723417,25,0.06207548655607561,MAP_SCADA,49,0.0011059240111585614
5,UPFC_tse,5-15,-2.193211743897714,25,-2.17964137895095,MAP_SCADA,49,0.013570364946764002
0,x_tcsc,1-14,-0.10344888642509803,26,-0.10125275692686818,MAP_SCADA,49,0.0021961294982298513
1,B_svc,2,0.1684348338944659,26,0.1701011310761069,MAP_SCADA,49,0.001666297181640991
2,UPFC_Vsh,5-15,1.1093544542233646,26,1.1111356553452798,MAP_SCADA,49,0.0017812011219151547
3,UPFC_tsh,5-15,-0.23870731257150962,26,-0.24128082034855702,MAP_SCADA,49,0.0025735077770474013
4,UPFC_Vse,5-15,0.06272919858083496,26,0.06207548655607561,MAP_SCADA,49,0.000653712024759355
5,UPFC_tse,5-15,-2.1892722360416754,26,-2.17964137895095,MAP_SCADA,49,0.00963085709072553
0,x_tcsc,1-14,-0.10324303032860659,27,-0.10125275692686818,MAP_SCADA,49,0.001990273401738407
1,B_svc,2,0.16582498944584045,27,0.1701011310761069,MAP_SCADA,49,0.0042761416302664335
2,UPFC_Vsh,5-15,1.1092917412852477,27,1.1111356553452798,MAP_SCADA,49,0.001843914060032148
3,UPFC_tsh,5-15,-0.23786009562888574,27,-0.24128082034855702,MAP_SCADA,49,0.003420724719671281
4,UPFC_Vse,5-15,0.06271511041328849,27,0.06207548655607561,MAP_SCADA,49,0.0006396238572128829
5,UPFC_tse,5-15,-2.1924914175363153,27,-2.17964137895095,MAP_SCADA,49,0.012850038585365375
0,x_tcsc,1-14,-0.10135196066548283,28,-0.10125275692686818,MAP_SCADA,49,9.920373861464771e-05
1,B_svc,2,0.17761057228239494,28,0.1701011310761069,MAP_SCADA,49,0.007509441206288048
2,UPFC_Vsh,5-15,1.1083718755136782,28,1.1111356553452798,MAP_SCADA,49,0.002763779831601587
3,UPFC_tsh,5-15,-0.2395613443581504,28,-0.24128082034855702,MAP_SCADA,49,0.001719475990406616
4,UPFC_Vse,5-15,0.06346267764598927,28,0.06207548655607561,MAP_SCADA,49,0.0013871910899136627
5,UPFC_tse,5-15,-2.1903041390921896,28,-2.17964137895095,MAP_SCADA,49,0.01066276014123968
0,x_tcsc,1-14,-0.10515150213842957,29,-0.10125275692686818,MAP_SCADA,49,0.0038987452115613885
1,B_svc,2,0.16766234531155627,29,0.1701011310761069,MAP_SCADA,49,0.002438785764550616
2,UPFC_Vsh,5-15,1.1095725542927521,29,1.1111356553452798,MAP_SCADA,49,0.00156310105252766
3,UPFC_tsh,5-15,-0.23785749907874235,29,-0.24128082034855702,MAP_SCADA,49,0.0034233212698146775
4,UPFC_Vse,5-15,0.06285327963871028,29,0.06207548655607561,MAP_SCADA,49,0.0007777930826346688
5,UPFC_tse,5-15,-2.1945382243971,29,-2.17964137895095,MAP_SCADA,49,0.01489684544615022
0,x_tcsc,1-14,-0.10214521014739744,30,-0.10125275692686818,MAP_SCADA,49,0.0008924532205292629
1,B_svc,2,0.1733947782625552,30,0.1701011310761069,MAP_SCADA,49,0.003293647186448312
2,UPFC_Vsh,5-15,1.108749731528518,30,1.1111356553452798,MAP_SCADA,49,0.002385923816761837
3,UPFC_tsh,5-15,-0.24003817420459694,30,-0.24128082034855702,MAP_SCADA,49,0.00124264614396008
4,UPFC_Vse,5-15,0.06354332981972415,30,0.06207548655607561,MAP_SCADA,49,0.001467843263648537
5,UPFC_tse,5-15,-2.1899562565815236,30,-2.17964137895095,MAP_SCADA,49,0.010314877630573704
0,x_tcsc,1-14,-0.10186895497271833,31,-0.10125275692686818,MAP_SCADA,49,0.0006161980458501554
1,B_svc,2,0.1731001895027111,31,0.1701011310761069,MAP_SCADA,49,0.002999058426604223
2,UPFC_Vsh,5-15,1.1089604871881096,31,1.1111356553452798,MAP_SCADA,49,0.0021751681571702264
3,UPFC_tsh,5-15,-0.2393106658119316,31,-0.24128082034855702,MAP_SCADA,49,0.0019701545366254125
4,UPFC_Vse,5-15,0.06361662209310572,31,0.06207548655607561,MAP_SCADA,49,0.001541135537030107
5,UPFC_tse,5-15,-2.1910202663171208,31,-2.17964137895095,MAP_SCADA,49,0.011378887366170876
0,x_tcsc,1-14,-0.10199155700575223,32,-0.10125275692686818,MAP_SCADA,49,0.0007388000788840499
1,B_svc,2,0.17562280153400014,32,0.1701011310761069,MAP_SCADA,49,0.005521670457893257
2,UPFC_Vsh,5-15,1.1083810877935076,32,1.1111356553452798,MAP_SCADA,49,0.002754567551772169
3,UPFC_tsh,5-15,-0.23893318807281042,32,-0.24128082034855702,MAP_SCADA,49,0.0023476322757466084
4,UPFC_Vse,5-15,0.06267661663381953,32,0.06207548655607561,MAP_SCADA,49,0.0006011300777439207
5,UPFC_tse,5-15,-2.1933767411492218,32,-2.17964137895095,MAP_SCADA,49,0.013735362198271872
0,x_tcsc,1-14,-0.10341776982429712,33,-0.10125275692686818,MAP_SCADA,49,0.0021650128974289445
1,B_svc,2,0.1685857185347648,33,0.1701011310761069,MAP_SCADA,49,0.001515412541342076
2,UPFC_Vsh,5-15,1.1090690511856047,33,1.1111356553452798,MAP_SCADA,49,0.0020666041596750784
3,UPFC_tsh,5-15,-0.23823230252929914,33,-0.24128082034855702,MAP_SCADA,49,0.0030485178192578843
4,UPFC_Vse,5-15,0.06321292719959012,33,0.06207548655607561,MAP_SCADA,49,0.001137440643514516
5,UPFC_tse,5-15,-2.190809317373603,33,-2.17964137895095,MAP_SCADA,49,0.01116793842265329
0,x_tcsc,1-14,-0.10303751160140999,34,-0.10125275692686818,MAP_SCADA,49,0.0017847546745418108
1,B_svc,2,0.1683284671853949,34,0.1701011310761069,MAP_SCADA,49,0.001772663890711984
2,UPFC_Vsh,5-15,1.109998361341998,34,1.1111356553452798,MAP_SCADA,49,0.0011372940032818857
3,UPFC_tsh,5-15,-0.2380691737984707,34,-0.24128082034855702,MAP_SCADA,49,0.0032116465500863223
4,UPFC_Vse,5-15,0.0635342444626378,34,0.06207548655607561,MAP_SCADA,49,0.0014587579065621983
5,UPFC_tse,5-15,-2.1878828879669565,34,-2.17964137895095,MAP_SCADA,49,0.00824150901600662
0,x_tcsc,1-14,-0.10297982083834885,35,-0.10125275692686818,MAP_SCADA,49,0.0017270639114806696
1,B_svc,2,0.17046754832647434,35,0.1701011310761069,MAP_SCADA,49,0.00036641725036745676
2,UPFC_Vsh,5-15,1.1112794492291262,35,1.1111356553452798,MAP_SCADA,49,0.00014379388384644365
3,UPFC_tsh,5-15,-0.2385383032127797,35,-0.24128082034855702,MAP_SCADA,49,0.0027425171357773337
4,UPFC_Vse,5-15,0.06367108062868834,35,0.06207548655607561,MAP_SCADA,49,0.001595594072612734
5,UPFC_tse,5-15,-2.188473680620623,35,-2.17964137895095,MAP_SCADA,49,0.008832301669673193
0,x_tcsc,1-14,-0.1037433704569016,36,-0.10125275692686818,MAP_SCADA,49,0.0024906135300334226
1,B_svc,2,0.17020265351511055,36,0.1701011310761069,MAP_SCADA,49,0.00010152243900365954
2,UPFC_Vsh,5-15,1.1084573576990415,36,1.1111356553452798,MAP_SCADA,49,0.0026782976462382813
3,UPFC_tsh,5-15,-0.2387082284511852,36,-0.24128082034855702,MAP_SCADA,49,0.0025725918973718287
4,UPFC_Vse,5-15,0.06266177121649627,36,0.06207548655607561,MAP_SCADA,49,0.000586284660420662
5,UPFC_tse,5-15,-2.192234184921244,36,-2.17964137895095,MAP_SCADA,49,0.012592805970294219
0,x_tcsc,1-14,-0.10331206912751367,37,-0.10125275692686818,MAP_SCADA,49,0.002059312200645494
1,B_svc,2,0.16983444814242962,37,0.1701011310761069,MAP_SCADA,49,0.0002666829336772647
2,UPFC_Vsh,5-15,1.1093899644083485,37,1.1111356553452798,MAP_SCADA,49,0.0017456909369313323
3,UPFC_tsh,5-15,-0.23805948198578433,37,-0.24128082034855702,MAP_SCADA,49,0.003221338362772691
4,UPFC_Vse,5-15,0.06260338273141129,37,0.06207548655607561,MAP_SCADA,49,0.0005278961753356834
5,UPFC_tse,5-15,-2.194394240818059,37,-2.17964137895095,MAP_SCADA,49,0.01475286186710889
0,x_tcsc,1-14,-0.10491436820607243,38,-0.10125275692686818,MAP_SCADA,49,0.003661611279204252
1,B_svc,2,0.1672180740223852,38,0.1701011310761069,MAP_SCADA,49,0.002883057053721688
2,UPFC_Vsh,5-15,1.1095823920842456,38,1.1111356553452798,MAP_SCADA,49,0.0015532632610342212
3,UPFC_tsh,5-15,-0.23796712750088744,38,-0.24128082034855702,MAP_SCADA,49,0.0033136928476695804
4,UPFC_Vse,5-15,0.06283312149927725,38,0.06207548655607561,MAP_SCADA,49,0.0007576349432016419
5,UPFC_tse,5-15,-2.18825981095042,38,-2.17964137895095,MAP_SCADA,49,0.00861843199947021
0,x_tcsc,1-14,-0.10472404013278803,39,-0.10125275692686818,MAP_SCADA,49,0.003471283205919856
1,B_svc,2,0.17177177941619282,39,0.1701011310761069,MAP_SCADA,49,0.0016706483400859284
2,UPFC_Vsh,5-15,1.106130884386145,39,1.1111356553452798,MAP_SCADA,49,0.005004770959134763
3,UPFC_tsh,5-15,-0.239162445516109,39,-0.24128082034855702,MAP_SCADA,49,0.0021183748324480334
4,UPFC_Vse,5-15,0.06329622775397507,39,0.06207548655607561,MAP_SCADA,49,0.001220741197899465
5,UPFC_tse,5-15,-2.187460536285187,39,-2.17964137895095,MAP_SCADA,49,0.007819157334237214
0,x_tcsc,1-14,-0.10328701279564349,40,-0.10125275692686818,MAP_SCADA,49,0.0020342558687753143
1,B_svc,2,0.1697864442432162,40,0.1701011310761069,MAP_SCADA,49,0.00031468683289068156
2,UPFC_Vsh,5-15,1.1091570589281596,40,1.1111356553452798,MAP_SCADA,49,0.001978596417120171
3,UPFC_tsh,5-15,-0.23841077906827327,40,-0.24128082034855702,MAP_SCADA,49,0.0028700412802837583
4,UPFC_Vse,5-15,0.06335807687554586,40,0.06207548655607561,MAP_SCADA,49,0.001282590319470249
5,UPFC_tse,5-15,-2.188321530167082,40,-2.17964137895095,MAP_SCADA,49,0.008680151216132082
0,x_tcsc,1-14,-0.10415308358070655,41,-0.10125275692686818,MAP_SCADA,49,0.002900326653838367
1,B_svc,2,0.1659516229371476,41,0.1701011310761069,MAP_SCADA,49,0.004149508138959285
2,UPFC_Vsh,5-15,1.1088618181516254,41,1.1111356553452798,MAP_SCADA,49,0.002273837193654371
3,UPFC_tsh,5-15,-0.23803785406369915,41,-0.24128082034855702,MAP_SCADA,49,0.0032429662848578733
4,UPFC_Vse,5-15,0.06317922460371121,41,0.06207548655607561,MAP_SCADA,49,0.0011037380476356037
5,UPFC_tse,5-15,-2.192117927145841,41,-2.17964137895095,MAP_SCADA,49,0.01247654819489119
0,x_tcsc,1-14,-0.10282328972764497,42,-0.10125275692686818,MAP_SCADA,49,0.0015705328007767916
1,B_svc,2,0.1721197597634059,42,0.1701011310761069,MAP_SCADA,49,0.002018628687299018
2,UPFC_Vsh,5-15,1.1081902020497665,42,1.1111356553452798,MAP_SCADA,49,0.002945453295513323
3,UPFC_tsh,5-15,-0.23900538395228121,42,-0.24128082034855702,MAP_SCADA,49,0.0022754363962758095
4,UPFC_Vse,5-15,0.06283176345199303,42,0.06207548655607561,MAP_SCADA,49,0.0007562768959174168
5,UPFC_tse,5-15,-2.1893873032588393,42,-2.17964137895095,MAP_SCADA,49,0.009745924307889453
0,x_tcsc,1-14,-0.10303424453802462,43,-0.10125275692686818,MAP_SCADA,49,0.0017814876111564432
1,B_svc,2,0.17311051925916063,43,0.1701011310761069,MAP_SCADA,49,0.0030093881830537406
2,UPFC_Vsh,5-15,1.107982607035665,43,1.1111356553452798,MAP_SCADA,49,0.0031530483096147144
3,UPFC_tsh,5-15,-0.23927261561656687,43,-0.24128082034855702,MAP_SCADA,49,0.0020082047319901486
4,UPFC_Vse,5-15,0.06356982541230466,43,0.06207548655607561,MAP_SCADA,49,0.0014943388562290508
5,UPFC_tse,5-15,-2.1951217682769553,43,-2.17964137895095,MAP_SCADA,49,0.015480389326005373
0,x_tcsc,1-14,-0.1027973561626272,44,-0.10125275692686818,MAP_SCADA,49,0.0015445992357590171
1,B_svc,2,0.1681348089727287,44,0.1701011310761069,MAP_SCADA,49,0.0019663221033781875
2,UPFC_Vsh,5-15,1.109787300168,44,1.1111356553452798,MAP_SCADA,49,0.0013483551772797142
3,UPFC_tsh,5-15,-0.23831165948836602,44,-0.24128082034855702,MAP_SCADA,49,0.0029691608601910002
4,UPFC_Vse,5-15,0.06368281985756345,44,0.06207548655607561,MAP_SCADA,49,0.001607333301487844
5,UPFC_tse,5-15,-2.1854876578376725,44,-2.17964137895095,MAP_SCADA,49,0.005846278886722622
0,x_tcsc,1-14,-0.10221996947708181,45,-0.10125275692686818,MAP_SCADA,49,0.0009672125502136336
1,B_svc,2,0.1768898387398685,45,0.1701011310761069,MAP_SCADA,49,0.006788707663761606
2,UPFC_Vsh,5-15,1.1095156345355885,45,1.1111356553452798,MAP_SCADA,49,0.0016200208096912583
3,UPFC_tsh,5-15,-0.2389523502653847,45,-0.24128082034855702,MAP_SCADA,49,0.0023284700831723293
4,UPFC_Vse,5-15,0.06318314771751779,45,0.06207548655607561,MAP_SCADA,49,0.001107661161442182
5,UPFC_tse,5-15,-2.193731744557763,45,-2.17964137895095,MAP_SCADA,49,0.014090365606813204
0,x_tcsc,1-14,-0.10209110133794598,46,-0.10125275692686818,MAP_SCADA,49,0.0008383444110778016
1,B_svc,2,0.1749895939957132,46,0.1701011310761069,MAP_SCADA,49,0.004888462919606318
2,UPFC_Vsh,5-15,1.1075689036025793,46,1.1111356553452798,MAP_SCADA,49,0.0035667517427004913
3,UPFC_tsh,5-15,-0.2405839698596442,46,-0.24128082034855702,MAP_SCADA,49,0.0006968504889128257
4,UPFC_Vse,5-15,0.06325877581511731,46,0.06207548655607561,MAP_SCADA,49,0.0011832892590417018
5,UPFC_tse,5-15,-2.1915658662244795,46,-2.17964137895095,MAP_SCADA,49,0.011924487273529571
0,x_tcsc,1-14,-0.10430424526697522,47,-0.10125275692686818,MAP_SCADA,49,0.0030514883401070447
1,B_svc,2,0.16657044584038416,47,0.1701011310761069,MAP_SCADA,49,0.0035306852357227247
2,UPFC_Vsh,5-15,1.1089944570086598,47,1.1111356553452798,MAP_SCADA,49,0.002141198336619965
3,UPFC_tsh,5-15,-0.23755332848839128,47,-0.24128082034855702,MAP_SCADA,49,0.0037274918601657436
4,UPFC_Vse,5-15,0.06325285378388841,47,0.06207548655607561,MAP_SCADA,49,0.001177367227812802
5,UPFC_tse,5-15,-2.1926651756040454,47,-2.17964137895095,MAP_SCADA,49,0.013023796653095498
0,x_tcsc,1-14,-0.10467341988269523,48,-0.10125275692686818,MAP_SCADA,49,0.0034206629558270474
1,B_svc,2,0.16631328053467387,48,0.1701011310761069,MAP_SCADA,49,0.003787850541433019
2,UPFC_Vsh,5-15,1.109765910581846,48,1.1111356553452798,MAP_SCADA,49,0.0013697447634337667
3,UPFC_tsh,5-15,-0.23718168953869978,48,-0.24128082034855702,MAP_SCADA,49,0.004099130809857243
4,UPFC_Vse,5-15,0.06257817548573592,48,0.06207548655607561,MAP_SCADA,49,0.0005026889296603151
5,UPFC_tse,5-15,-2.189149825874566,48,-2.17964137895095,MAP_SCADA,49,0.009508446923616187
0,x_tcsc,1-14,-0.10036649413923276,49,-0.10125275692686818,MAP_SCADA,49,0.000886262787635414
1,B_svc,2,0.1848686799141463,49,0.1701011310761069,MAP_SCADA,49,0.014767548838039407
2,UPFC_Vsh,5-15,1.1056475662275105,49,1.1111356553452798,MAP_SCADA,49,0.005488089117769324
3,UPFC_tsh,5-15,-0.2414821266404511,49,-0.24128082034855702,MAP_SCADA,49,0.00020130629189407667
4,UPFC_Vse,5-15,0.0630950463263788,49,0.06207548655607561,MAP_SCADA,49,0.0010195597703031925
5,UPFC_tse,5-15,-2.1950301431956265,49,-2.17964137895095,MAP_SCADA,49,0.015388764244676612
0,x_tcsc,1-14,-0.10197953963546616,50,-0.10125275692686818,MAP_SCADA,49,0.0007267827085979811
1,B_svc,2,0.1736852085055039,50,0.1701011310761069,MAP_SCADA,49,0.003584077429397009
2,UPFC_Vsh,5-15,1.1100116771882211,50,1.1111356553452798,MAP_SCADA,49,0.0011239781570586693
3,UPFC_tsh,5-15,-0.2387841569748617,50,-0.24128082034855702,MAP_SCADA,49,0.0024966633736953348
4,UPFC_Vse,5-15,0.06333349762164837,50,0.06207548655607561,MAP_SCADA,49,0.0012580110655727658
5,UPFC_tse,5-15,-2.18884697758656,50,-2.17964137895095,MAP_SCADA,49,0.009205598635610102
0,x_tcsc,1-14,-0.10287200005996062,51,-0.10125275692686818,MAP_SCADA,49,0.0016192431330924462
1,B_svc,2,0.17435630556991935,51,0.1701011310761069,MAP_SCADA,49,0.004255174493812464
2,UPFC_Vsh,5-15,1.1083789801853865,51,1.1111356553452798,MAP_SCADA,49,0.002756675159893307
3,UPFC_tsh,5-15,-0.23954156229505957,51,-0.24128082034855702,MAP_SCADA,49,0.00173925805349745
4,UPFC_Vse,5-15,0.0634631446920625,51,0.06207548655607561,MAP_SCADA,49,0.0013876581359868953
5,UPFC_tse,5-15,-2.193128263603617,51,-2.17964137895095,MAP_SCADA,49,0.013486884652667008
0,x_tcsc,1-14,-0.10324332919686505,52,-0.10125275692686818,MAP_SCADA,49,0.001990572269996868
1,B_svc,2,0.1696109973659828,52,0.1701011310761069,MAP_SCADA,49,0.0004901337101240744
2,UPFC_Vsh,5-15,1.111682729996886,52,1.1111356553452798,MAP_SCADA,49,0.0005470746516063052
3,UPFC_tsh,5-15,-0.2380664599567824,52,-0.24128082034855702,MAP_SCADA,49,0.003214360391774612
4,UPFC_Vse,5-15,0.0636095662815725,52,0.06207548655607561,MAP_SCADA,49,0.0015340797254968855
5,UPFC_tse,5-15,-2.190966086526349,52,-2.17964137895095,MAP_SCADA,49,0.011324707575399273
0,x_tcsc,1-14,-0.10136893818338043,53,-0.10125275692686818,MAP_SCADA,49,0.00011618125651224886
1,B_svc,2,0.1763356233567943,53,0.1701011310761069,MAP_SCADA,49,0.006234492280687426
2,UPFC_Vsh,5-15,1.1071755978151345,53,1.1111356553452798,MAP_SCADA,49,0.003960057530145278
3,UPFC_tsh,5-15,-0.24045414133719084,53,-0.24128082034855702,MAP_SCADA,49,0.0008266790113661826
4,UPFC_Vse,5-15,0.06363480196190133,53,0.06207548655607561,MAP_SCADA,49,0.0015593154058257189
5,UPFC_tse,5-15,-2.1940031377680684,53,-2.17964137895095,MAP_SCADA,49,0.014361758817118542
0,x_tcsc,1-14,-0.10324843381027872,54,-0.10125275692686818,MAP_SCADA,49,0.001995676883410541
1,B_svc,2,0.17285646172672728,54,0.1701011310761069,MAP_SCADA,49,0.002755330650620391
2,UPFC_Vsh,5-15,1.1064658011062947,54,1.1111356553452798,MAP_SCADA,49,0.004669854238985138
3,UPFC_tsh,5-15,-0.24019351975165645,54,-0.24128082034855702,MAP_SCADA,49,0.00108730059690057
4,UPFC_Vse,5-15,0.0631805362478855,54,0.06207548655607561,MAP_SCADA,49,0.001105049691809891
5,UPFC_tse,5-15,-2.1928662900195057,54,-2.17964137895095,MAP_SCADA,49,0.013224911068555834
0,x_tcsc,1-14,-0.1019788974557904,55,-0.10125275692686818,MAP_SCADA,49,0.0007261405289222256
1,B_svc,2,0.1762892680006951,55,0.1701011310761069,MAP_SCADA,49,0.006188136924588222
2,UPFC_Vsh,5-15,1.1068642261414183,55,1.1111356553452798,MAP_SCADA,49,0.0042714292038614765
3,UPFC_tsh,5-15,-0.2403625187434593,55,-0.24128082034855702,MAP_SCADA,49,0.0009183016050977322
4,UPFC_Vse,5-15,0.06392525493854063,55,0.06207548655607561,MAP_SCADA,49,0.0018497683824650266
5,UPFC_tse,5-15,-2.1962706712338904,55,-2.17964137895095,MAP_SCADA,49,0.016629292282940522
0,x_tcsc,1-14,-0.10527974321233675,56,-0.10125275692686818,MAP_SCADA,49,0.004026986285468576
1,B_svc,2,0.167632286351566,56,0.1701011310761069,MAP_SCADA,49,0.0024688447245408973
2,UPFC_Vsh,5-15,1.1086875892260313,56,1.1111356553452798,MAP_SCADA,49,0.0024480661192485265
3,UPFC_tsh,5-15,-0.23816006534123574,56,-0.24128082034855702,MAP_SCADA,49,0.0031207550073212853
4,UPFC_Vse,5-15,0.06254446606212997,56,0.06207548655607561,MAP_SCADA,49,0.0004689795060543664
5,UPFC_tse,5-15,-2.1879062130788323,56,-2.17964137895095,MAP_SCADA,49,0.00826483412788237
0,x_tcsc,1-14,-0.10179695860865144,57,-0.10125275692686818,MAP_SCADA,49,0.0005442016817832629
1,B_svc,2,0.17922775758191414,57,0.1701011310761069,MAP_SCADA,49,0.009126626505807256
2,UPFC_Vsh,5-15,1.1053913401140298,57,1.1111356553452798,MAP_SCADA,49,0.0057443152312499635
3,UPFC_tsh,5-15,-0.24078070444873179,57,-0.24128082034855702,MAP_SCADA,49,0.0005001158998252375
4,UPFC_Vse,5-15,0.0628623967199648,57,0.06207548655607561,MAP_SCADA,49,0.0007869101638891887
5,UPFC_tse,5-15,-2.19228846799818,57,-2.17964137895095,MAP_SCADA,49,0.012647089047229887
0,x_tcsc,1-14,-0.10438407717916225,58,-0.10125275692686818,MAP_SCADA,49,0.0031313202522940675
1,B_svc,2,0.1710229922972262,58,0.1701011310761069,MAP_SCADA,49,0.0009218612211193133
2,UPFC_Vsh,5-15,1.1084581412862453,58,1.1111356553452798,MAP_SCADA,49,0.0026775140590344915
3,UPFC_tsh,5-15,-0.23826230188521025,58,-0.24128082034855702,MAP_SCADA,49,0.0030185184633467754
4,UPFC_Vse,5-15,0.06312944551932835,58,0.06207548655607561,MAP_SCADA,49,0.0010539589632527421
5,UPFC_tse,5-15,-2.1876418894390635,58,-2.17964137895095,MAP_SCADA,49,0.008000510488113566
0,x_tcsc,1-14,-0.10383418172265896,59,-0.10125275692686818,MAP_SCADA,49,0.0025814247957907793
1,B_svc,2,0.17312892218344747,59,0.1701011310761069,MAP_SCADA,49,0.0030277911073405828
2,UPFC_Vsh,5-15,1.1072547742868786,59,1.1111356553452798,MAP_SCADA,49,0.003880881058401231
3,UPFC_tsh,5-15,-0.23890156901931114,59,-0.24128082034855702,MAP_SCADA,49,0.0023792513292458795
4,UPFC_Vse,5-15,0.06299379008888283,59,0.06207548655607561,MAP_SCADA,49,0.0009183035328072173
5,UPFC_tse,5-15,-2.1917922454989034,59,-2.17964137895095,MAP_SCADA,49,0.012150866547953498
0,x_tcsc,1-14,-0.10327191665118586,60,-0.10125275692686818,MAP_SCADA,49,0.0020191597243176818
1,B_svc,2,0.16996069385126053,60,0.1701011310761069,MAP_SCADA,49,0.000140437224846357
2,UPFC_Vsh,5-15,1.1098518577775867,60,1.1111356553452798,MAP_SCADA,49,0.0012837975676931457
3,UPFC_tsh,5-15,-0.23820244736558496,60,-0.24128082034855702,MAP_SCADA,49,0.0030783729829720607
4,UPFC_Vse,5-15,0.06292108618224466,60,0.06207548655607561,MAP_SCADA,49,0.0008455996261690565
5,UPFC_tse,5-15,-2.187923879159447,60,-2.17964137895095,MAP_SCADA,49,0.00828250020849719
0,x_tcsc,1-14,-0.10443203071954701,61,-0.10125275692686818,MAP_SCADA,49,0.0031792737926788356
1,B_svc,2,0.16903423354943337,61,0.1701011310761069,MAP_SCADA,49,0.0010668975266735214
2,UPFC_Vsh,5-15,1.110202654342042,61,1.1111356553452798,MAP_SCADA,49,0.0009330010032377878
3,UPFC_tsh,5-15,-0.23777468793642412,61,-0.24128082034855702,MAP_SCADA,49,0.0035061324121329063
4,UPFC_Vse,5-15,0.06314581996839719,61,0.06207548655607561,MAP_SCADA,49,0.0010703334123215794
5,UPFC_tse,5-15,-2.1855869768875538,61,-2.17964137895095,MAP_SCADA,49,0.005945597936603875
0,x_tcsc,1-14,-0.1018979327156657,62,-0.10125275692686818,MAP_SCADA,49,0.0006451757887975251
1,B_svc,2,0.17427711005926577,62,0.1701011310761069,MAP_SCADA,49,0.0041759789831588845
2,UPFC_Vsh,5-15,1.1095015499881347,62,1.1111356553452798,MAP_SCADA,49,0.0016341053571451436
3,UPFC_tsh,5-15,-0.23957433529079633,62,-0.24128082034855702,MAP_SCADA,49,0.0017064850577606927
4,UPFC_Vse,5-15,0.06324467634335171,62,0.06207548655607561,MAP_SCADA,49,0.0011691897872760995
5,UPFC_tse,5-15,-2.194724354980753,62,-2.17964137895095,MAP_SCADA,49,0.015082976029803241
0,x_tcsc,1-14,-0.1047565086025988,63,-0.10125275692686818,MAP_SCADA,49,0.0035037516757306236
1,B_svc,2,0.16464257816312167,63,0.1701011310761069,MAP_SCADA,49,0.005458552912985221
2,UPFC_Vsh,5-15,1.1108932720561624,63,1.1111356553452798,MAP_SCADA,49,0.00024238328911740936
3,UPFC_tsh,5-15,-0.23730546416250609,63,-0.24128082034855702,MAP_SCADA,49,0.003975356186050938
4,UPFC_Vse,5-15,0.06270315531355272,63,0.06207548655607561,MAP_SCADA,49,0.0006276687574771136
5,UPFC_tse,5-15,-2.1891048347645268,63,-2.17964137895095,MAP_SCADA,49,0.009463455813576882
0,x_tcsc,1-14,-0.10149762845702923,64,-0.10125275692686818,MAP_SCADA,49,0.0002448715301610477
1,B_svc,2,0.17041915878050962,64,0.1701011310761069,MAP_SCADA,49,0.0003180277044027291
2,UPFC_Vsh,5-15,1.1100417205424307,64,1.1111356553452798,MAP_SCADA,49,0.0010939348028491391
3,UPFC_tsh,5-15,-0.23829959354425628,64,-0.24128082034855702,MAP_SCADA,49,0.0029812268043007406
4,UPFC_Vse,5-15,0.06332037722712637,64,0.06207548655607561,MAP_SCADA,49,0.001244890671050762
5,UPFC_tse,5-15,-2.1874300265671645,64,-2.17964137895095,MAP_SCADA,49,0.007788647616214561
0,x_tcsc,1-14,-0.1029503968470731,65,-0.10125275692686818,MAP_SCADA,49,0.001697639920204927
1,B_svc,2,0.1727546126568781,65,0.1701011310761069,MAP_SCADA,49,0.002653481580771222
2,UPFC_Vsh,5-15,1.1090411589252558,65,1.1111356553452798,MAP_SCADA,49,0.002094496420024017
3,UPFC_tsh,5-15,-0.2391466538977477,65,-0.24128082034855702,MAP_SCADA,49,0.002134166450809327
4,UPFC_Vse,5-15,0.06267864255580684,65,0.06207548655607561,MAP_SCADA,49,0.0006031559997312294
5,UPFC_tse,5-15,-2.194609229181598,65,-2.17964137895095,MAP_SCADA,49,0.014967850230648061
0,x_tcsc,1-14,-0.10255764452678089,66,-0.10125275692686818,MAP_SCADA,49,0.0013048875999127074
1,B_svc,2,0.17335932811787075,66,0.1701011310761069,MAP_SCADA,49,0.0032581970417638606
2,UPFC_Vsh,5-15,1.1067821196443008,66,1.1111356553452798,MAP_SCADA,49,0.004353535700978961
3,UPFC_tsh,5-15,-0.24009114421968414,66,-0.24128082034855702,MAP_SCADA,49,0.0011896761288728852
4,UPFC_Vse,5-15,0.06383770986129642,66,0.06207548655607561,MAP_SCADA,49,0.0017622233052208072
5,UPFC_tse,5-15,-2.189975251551576,66,-2.17964137895095,MAP_SCADA,49,0.010333872600626126
0,x_tcsc,1-14,-0.10257961106253177,67,-0.10125275692686818,MAP_SCADA,49,0.0013268541356635938
1,B_svc,2,0.1742425484016374,67,0.1701011310761069,MAP_SCADA,49,0.0041414173255305
2,UPFC_Vsh,5-15,1.1083253567254918,67,1.1111356553452798,MAP_SCADA,49,0.0028102986197879876
3,UPFC_tsh,5-15,-0.23958027079370714,67,-0.24128082034855702,MAP_SCADA,49,0.001700549554849884
4,UPFC_Vse,5-15,0.06314568162052941,67,0.06207548655607561,MAP_SCADA,49,0.0010701950644538064
5,UPFC_tse,5-15,-2.1901283364202158,67,-2.17964137895095,MAP_SCADA,49,0.010486957469265867
0,x_tcsc,1-14,-0.10263337111071213,68,-0.10125275692686818,MAP_SCADA,49,0.0013806141838439562
1,B_svc,2,0.17100614863303598,68,0.1701011310761069,MAP_SCADA,49,0.0009050175569290941
2,UPFC_Vsh,5-15,1.1100202564761716,68,1.1111356553452798,MAP_SCADA,49,0.001115398869108164
3,UPFC_tsh,5-15,-0.23892424588676187,68,-0.24128082034855702,MAP_SCADA,49,0.002356574461795158
4,UPFC_Vse,5-15,0.06251988918292863,68,0.06207548655607561,MAP_SCADA,49,0.0004444026268530174
5,UPFC_tse,5-15,-2.187948808276476,68,-2.17964137895095,MAP_SCADA,49,0.008307429325526083
0,x_tcsc,1-14,-0.10299316820601115,69,-0.10125275692686818,MAP_SCADA,49,0.0017404112791429699
1,B_svc,2,0.16947360486173987,69,0.1701011310761069,MAP_SCADA,49,0.0006275262143670135
2,UPFC_Vsh,5-15,1.1089815892970292,69,1.1111356553452798,MAP_SCADA,49,0.0021540660482506357
3,UPFC_tsh,5-15,-0.2385254375662905,69,-0.24128082034855702,MAP_SCADA,49,0.00275538278226653
4,UPFC_Vse,5-15,0.06214377261304217,69,0.06207548655607561,MAP_SCADA,49,6.828605696656415e-05
5,UPFC_tse,5-15,-2.1892225229127744,69,-2.17964137895095,MAP_SCADA,49,0.009581143961824523
0,x_tcsc,1-14,-0.10185809716055308,70,-0.10125275692686818,MAP_SCADA,49,0.0006053402336849006
1,B_svc,2,0.1712652326521477,70,0.1701011310761069,MAP_SCADA,49,0.0011641015760407991
2,UPFC_Vsh,5-15,1.1087057236793505,70,1.1111356553452798,MAP_SCADA,49,0.002429931665929308
3,UPFC_tsh,5-15,-0.2391822748874336,70,-0.24128082034855702,MAP_SCADA,49,0.0020985454611234244
4,UPFC_Vse,5-15,0.06257359134144821,70,0.06207548655607561,MAP_SCADA,49,0.0004981047853726064
5,UPFC_tse,5-15,-2.1913194357175967,70,-2.17964137895095,MAP_SCADA,49,0.011678056766646794
0,x_tcsc,1-14,-0.10524162761546635,71,-0.10125275692686818,MAP_SCADA,49,0.00398887068859817
1,B_svc,2,0.16611244629803404,71,0.1701011310761069,MAP_SCADA,49,0.0039886847780728485
2,UPFC_Vsh,5-15,1.1096813062861652,71,1.1111356553452798,MAP_SCADA,49,0.001454349059114568
3,UPFC_tsh,5-15,-0.23770084547255427,71,-0.24128082034855702,MAP_SCADA,49,0.003579974876002756
4,UPFC_Vse,5-15,0.06383213767638687,71,0.06207548655607561,MAP_SCADA,49,0.0017566511203112659
5,UPFC_tse,5-15,-2.1861294420596007,71,-2.17964137895095,MAP_SCADA,49,0.006488063108650799
0,x_tcsc,1-14,-0.10233283399276083,72,-0.10125275692686818,MAP_SCADA,49,0.0010800770658926512
1,B_svc,2,0.17345561181975075,72,0.1701011310761069,MAP_SCADA,49,0.0033544807436438617
2,UPFC_Vsh,5-15,1.1081896369708146,72,1.1111356553452798,MAP_SCADA,49,0.0029460183744651758
3,UPFC_tsh,5-15,-0.2390668542505105,72,-0.24128082034855702,MAP_SCADA,49,0.002213966098046527
4,UPFC_Vse,5-15,0.06308312190652304,72,0.06207548655607561,MAP_SCADA,49,0.0010076353504474347
5,UPFC_tse,5-15,-2.1950210742699534,72,-2.17964137895095,MAP_SCADA,49,0.015379695319003517
0,x_tcsc,1-14,-0.10300572656616798,73,-0.10125275692686818,MAP_SCADA,49,0.0017529696392998007
1,B_svc,2,0.1699124075334846,73,0.1701011310761069,MAP_SCADA,49,0.0001887235426222822
2,UPFC_Vsh,5-15,1.111688763891842,73,1.1111356553452798,MAP_SCADA,49,0.0005531085465622088
3,UPFC_tsh,5-15,-0.23754253964747926,73,-0.24128082034855702,MAP_SCADA,49,0.003738280701077762
4,UPFC_Vse,5-15,0.06295480558574423,73,0.06207548655607561,MAP_SCADA,49,0.0008793190296686251
5,UPFC_tse,5-15,-2.1898784956330895,73,-2.17964137895095,MAP_SCADA,49,0.010237116682139558
0,x_tcsc,1-14,-0.10514924575789812,74,-0.10125275692686818,MAP_SCADA,49,0.003896488831029943
1,B_svc,2,0.16485838462843566,74,0.1701011310761069,MAP_SCADA,49,0.005242746447671226
2,UPFC_Vsh,5-15,1.1083799244483572,74,1.1111356553452798,MAP_SCADA,49,0.0027557308969226035
3,UPFC_tsh,5-15,-0.23760004359913878,74,-0.24128082034855702,MAP_SCADA,49,0.0036807767494182464
4,UPFC_Vse,5-15,0.06298926157265705,74,0.06207548655607561,MAP_SCADA,49,0.0009137750165814432
5,UPFC_tse,5-15,-2.1901337929582283,74,-2.17964137895095,MAP_SCADA,49,0.010492414007278406
0,x_tcsc,1-14,-0.10232746305722461,75,-0.10125275692686818,MAP_SCADA,49,0.0010747061303564287
1,B_svc,2,0.17313561704027464,75,0.1701011310761069,MAP_SCADA,49,0.003034485964167749
2,UPFC_Vsh,5-15,1.1109635601407246,75,1.1111356553452798,MAP_SCADA,49,0.00017209520455518934
3,UPFC_tsh,5-15,-0.2383956924953973,75,-0.24128082034855702,MAP_SCADA,49,0.0028851278531597246
4,UPFC_Vse,5-15,0.06252459057740888,75,0.06207548655607561,MAP_SCADA,49,0.00044910402133326727
5,UPFC_tse,5-15,-2.1931506194433967,75,-2.17964137895095,MAP_SCADA,49,0.013509240492446839
0,x_tcsc,1-14,-0.10346791682523426,76,-0.10125275692686818,MAP_SCADA,49,0.002215159898366084
1,B_svc,2,0.16888588364988585,76,0.1701011310761069,MAP_SCADA,49,0.0012152474262210333
2,UPFC_Vsh,5-15,1.1099742200180993,76,1.1111356553452798,MAP_SCADA,49,0.0011614353271804934
3,UPFC_tsh,5-15,-0.23913273123024675,76,-0.24128082034855702,MAP_SCADA,49,0.00214808911831027
4,UPFC_Vse,5-15,0.06273977661451471,76,0.06207548655607561,MAP_SCADA,49,0.0006642900584391057
5,UPFC_tse,5-15,-2.1907842344148376,76,-2.17964137895095,MAP_SCADA,49,0.011142855463887713
0,x_tcsc,1-14,-0.1031683208624105,77,-0.10125275692686818,MAP_SCADA,49,0.0019155639355423193
1,B_svc,2,0.16891396732518127,77,0.1701011310761069,MAP_SCADA,49,0.0011871637509256183
2,UPFC_Vsh,5-15,1.1077683373382927,77,1.1111356553452798,MAP_SCADA,49,0.0033673180069870856
3,UPFC_tsh,5-15,-0.23970109057894223,77,-0.24128082034855702,MAP_SCADA,49,0.0015797297696147905
4,UPFC_Vse,5-15,0.06299287105766653,77,0.06207548655607561,MAP_SCADA,49,0.0009173845015909218
5,UPFC_tse,5-15,-2.189390037798933,77,-2.17964137895095,MAP_SCADA,49,0.009748658847982927
0,x_tcsc,1-14,-0.1003523763282444,78,-0.10125275692686818,MAP_SCADA,49,0.0009003805986237817
1,B_svc,2,0.1781374744137755,78,0.1701011310761069,MAP_SCADA,49,0.008036343337668617
2,UPFC_Vsh,5-15,1.1064367614323085,78,1.1111356553452798,MAP_SCADA,49,0.0046988939129712914
3,UPFC_tsh,5-15,-0.24069360638132725,78,-0.24128082034855702,MAP_SCADA,49,0.0005872139672297716
4,UPFC_Vse,5-15,0.0636058583757046,78,0.06207548655607561,MAP_SCADA,49,0.0015303718196289853
5,UPFC_tse,5-15,-2.1934335928061675,78,-2.17964137895095,MAP_SCADA,49,0.013792213855217561
0,x_tcsc,1-14,-0.10276773053574277,79,-0.10125275692686818,MAP_SCADA,49,0.0015149736088745924
1,B_svc,2,0.1680802978468382,79,0.1701011310761069,MAP_SCADA,49,0.002020833229268687
2,UPFC_Vsh,5-15,1.1117810693734493,79,1.1111356553452798,MAP_SCADA,49,0.0006454140281695331
3,UPFC_tsh,5-15,-0.237322468516072,79,-0.24128082034855702,MAP_SCADA,49,0.003958351832485024
4,UPFC_Vse,5-15,0.06270065158906427,79,0.06207548655607561,MAP_SCADA,49,0.0006251650329886574
5,UPFC_tse,5-15,-2.1869983063602736,79,-2.17964137895095,MAP_SCADA,49,0.007356927409323699
0,x_tcsc,1-14,-0.10316049789480242,80,-0.10125275692686818,MAP_SCADA,49,0.0019077409679342378
1,B_svc,2,0.17065832407353948,80,0.1701011310761069,MAP_SCADA,49,0.0005571929974325929
2,UPFC_Vsh,5-15,1.1092538073589127,80,1.1111356553452798,MAP_SCADA,49,0.0018818479863671467
3,UPFC_tsh,5-15,-0.239140938455551,80,-0.24128082034855702,MAP_SCADA,49,0.0021398818930060126
4,UPFC_Vse,5-15,0.063109103691046,80,0.06207548655607561,MAP_SCADA,49,0.0010336171349703896
5,UPFC_tse,5-15,-2.1914075308370156,80,-2.17964137895095,MAP_SCADA,49,0.011766151886065668
0,x_tcsc,1-14,-0.10041044236733196,81,-0.10125275692686818,MAP_SCADA,49,0.0008423145595362197
1,B_svc,2,0.18123476065321326,81,0.1701011310761069,MAP_SCADA,49,0.011133629577106369
2,UPFC_Vsh,5-15,1.1059665821283136,81,1.1111356553452798,MAP_SCADA,49,0.005169073216966247
3,UPFC_tsh,5-15,-0.24094205153019474,81,-0.24128082034855702,MAP_SCADA,49,0.0003387688183622839
4,UPFC_Vse,5-15,0.06307815871124836,81,0.06207548655607561,MAP_SCADA,49,0.0010026721551727527
5,UPFC_tse,5-15,-2.195590834076475,81,-2.17964137895095,MAP_SCADA,49,0.015949455125525258
0,x_tcsc,1-14,-0.10457447478471675,82,-0.10125275692686818,MAP_SCADA,49,0.0033217178578485718
1,B_svc,2,0.16783207973975625,82,0.1701011310761069,MAP_SCADA,49,0.002269051336350636
2,UPFC_Vsh,5-15,1.110012346364267,82,1.1111356553452798,MAP_SCADA,49,0.0011233089810127606
3,UPFC_tsh,5-15,-0.2376586382346466,82,-0.24128082034855702,MAP_SCADA,49,0.0036221821139104105
4,UPFC_Vse,5-15,0.06331608203981146,82,0.06207548655607561,MAP_SCADA,49,0.001240595483735847
5,UPFC_tse,5-15,-2.1867291866877543,82,-2.17964137895095,MAP_SCADA,49,0.007087807736804397
0,x_tcsc,1-14,-0.1031657595623476,83,-0.10125275692686818,MAP_SCADA,49,0.001913002635479416
1,B_svc,2,0.17424357418869788,83,0.1701011310761069,MAP_SCADA,49,0.004142443112590988
2,UPFC_Vsh,5-15,1.1072885960269414,83,1.1111356553452798,MAP_SCADA,49,0.003847059318338397
3,UPFC_tsh,5-15,-0.23966310880723438,83,-0.24128082034855702,MAP_SCADA,49,0.0016177115413226473
4,UPFC_Vse,5-15,0.06304301881323121,83,0.06207548655607561,MAP_SCADA,49,0.0009675322571556025
5,UPFC_tse,5-15,-2.1962086599650283,83,-2.17964137895095,MAP_SCADA,49,0.01656728101407845
0,x_tcsc,1-14,-0.10333678174264938,84,-0.10125275692686818,MAP_SCADA,49,0.0020840248157811964
1,B_svc,2,0.16992623847206714,84,0.1701011310761069,MAP_SCADA,49,0.00017489260403974471
2,UPFC_Vsh,5-15,1.108396689227261,84,1.1111356553452798,MAP_SCADA,49,0.0027389661180188263
3,UPFC_tsh,5-15,-0.23891537987045408,84,-0.24128082034855702,MAP_SCADA,49,0.0023654404781029426
4,UPFC_Vse,5-15,0.06353080171285039,84,0.06207548655607561,MAP_SCADA,49,0.0014553151567747794
5,UPFC_tse,5-15,-2.1934515204379577,84,-2.17964137895095,MAP_SCADA,49,0.013810141487007765
0,x_tcsc,1-14,-0.10081655054250013,85,-0.10125275692686818,MAP_SCADA,49,0.0004362063843680458
1,B_svc,2,0.17694535235740244,85,0.1701011310761069,MAP_SCADA,49,0.006844221281295554
2,UPFC_Vsh,5-15,1.1073705397164069,85,1.1111356553452798,MAP_SCADA,49,0.0037651156288729393
3,UPFC_tsh,5-15,-0.2398156892148108,85,-0.24128082034855702,MAP_SCADA,49,0.001465131133746217
4,UPFC_Vse,5-15,0.06285607316405972,85,0.06207548655607561,MAP_SCADA,49,0.0007805866079841142
5,UPFC_tse,5-15,-2.1933991813687634,85,-2.17964137895095,MAP_SCADA,49,0.013757802417813547
0,x_tcsc,1-14,-0.10456865424775502,86,-0.10125275692686818,MAP_SCADA,49,0.003315897320886843
1,B_svc,2,0.1666530528575441,86,0.1701011310761069,MAP_SCADA,49,0.0034480782185628
2,UPFC_Vsh,5-15,1.1106773055855599,86,1.1111356553452798,MAP_SCADA,49,0.00045834975971992264
3,UPFC_tsh,5-15,-0.23739767838514195,86,-0.24128082034855702,MAP_SCADA,49,0.0038831419634150766
4,UPFC_Vse,5-15,0.06257029657897878,86,0.06207548655607561,MAP_SCADA,49,0.0004948100229031707
5,UPFC_tse,5-15,-2.189342971517965,86,-2.17964137895095,MAP_SCADA,49,0.009701592567015194
0,x_tcsc,1-14,-0.1014522893066262,87,-0.10125275692686818,MAP_SCADA,49,0.00019953237975801896
1,B_svc,2,0.1759377983837093,87,0.1701011310761069,MAP_SCADA,49,0.005836667307602406
2,UPFC_Vsh,5-15,1.1075747788641153,87,1.1111356553452798,MAP_SCADA,49,0.0035608764811645433
3,UPFC_tsh,5-15,-0.23996026048803054,87,-0.24128082034855702,MAP_SCADA,49,0.0013205598605264823
4,UPFC_Vse,5-15,0.0631287474103788,87,0.06207548655607561,MAP_SCADA,49,0.001053260854303191
5,UPFC_tse,5-15,-2.192029188740658,87,-2.17964137895095,MAP_SCADA,49,0.012387809789708104
0,x_tcsc,1-14,-0.10308302753037737,88,-0.10125275692686818,MAP_SCADA,49,0.001830270603509196
1,B_svc,2,0.17448784950738527,88,0.1701011310761069,MAP_SCADA,49,0.004386718431278386
2,UPFC_Vsh,5-15,1.1061476784346318,88,1.1111356553452798,MAP_SCADA,49,0.0049879769106480065
3,UPFC_tsh,5-15,-0.24050589806222702,88,-0.24128082034855702,MAP_SCADA,49,0.0007749222863299987
4,UPFC_Vse,5-15,0.06268005160067479,88,0.06207548655607561,MAP_SCADA,49,0.0006045650445991799
5,UPFC_tse,5-15,-2.190872120562374,88,-2.17964137895095,MAP_SCADA,49,0.011230741611424122
0,x_tcsc,1-14,-0.10267111452075099,89,-0.10125275692686818,MAP_SCADA,49,0.001418357593882813
1,B_svc,2,0.16961778126943405,89,0.1701011310761069,MAP_SCADA,49,0.00048334980667283367
2,UPFC_Vsh,5-15,1.1079274160944588,89,1.1111356553452798,MAP_SCADA,49,0.0032082392508210322
3,UPFC_tsh,5-15,-0.23875734153579592,89,-0.24128082034855702,MAP_SCADA,49,0.002523478812761104
4,UPFC_Vse,5-15,0.06317546712596372,89,0.06207548655607561,MAP_SCADA,49,0.0010999805698881163
5,UPFC_tse,5-15,-2.1882457540257323,89,-2.17964137895095,MAP_SCADA,49,0.0086043750747824
0,x_tcsc,1-14,-0.10613469936333164,90,-0.10125275692686818,MAP_SCADA,49,0.004881942436463463
1,B_svc,2,0.16006816122231587,90,0.1701011310761069,MAP_SCADA,49,0.010032969853791013
2,UPFC_Vsh,5-15,1.1094315761130153,90,1.1111356553452798,MAP_SCADA,49,0.001704079232264455
3,UPFC_tsh,5-15,-0.23704302088232218,90,-0.24128082034855702,MAP_SCADA,49,0.004237799466234843
4,UPFC_Vse,5-15,0.06352188556720155,90,0.06207548655607561,MAP_SCADA,49,0.0014463990111259414
5,UPFC_tse,5-15,-2.187971846351272,90,-2.17964137895095,MAP_SCADA,49,0.00833046740032195
0,x_tcsc,1-14,-0.10274183533505725,91,-0.10125275692686818,MAP_SCADA,49,0.0014890784081890707
1,B_svc,2,0.1712474167571244,91,0.1701011310761069,MAP_SCADA,49,0.001146285681017517
2,UPFC_Vsh,5-15,1.1081719272205834,91,1.1111356553452798,MAP_SCADA,49,0.002963728124696363
3,UPFC_tsh,5-15,-0.23991407693170547,91,-0.24128082034855702,MAP_SCADA,49,0.0013667434168515569
4,UPFC_Vse,5-15,0.06319960057066118,91,0.06207548655607561,MAP_SCADA,49,0.0011241140145855713
5,UPFC_tse,5-15,-2.189139377730668,91,-2.17964137895095,MAP_SCADA,49,0.009497998779718131
0,x_tcsc,1-14,-0.10529554962383599,92,-0.10125275692686818,MAP_SCADA,49,0.004042792696967806
1,B_svc,2,0.164802444766533,92,0.1701011310761069,MAP_SCADA,49,0.005298686309573891
2,UPFC_Vsh,5-15,1.1091574366065957,92,1.1111356553452798,MAP_SCADA,49,0.00197821873868409
3,UPFC_tsh,5-15,-0.23715858961762765,92,-0.24128082034855702,MAP_SCADA,49,0.004122230730929377
4,UPFC_Vse,5-15,0.06325685516812932,92,0.06207548655607561,MAP_SCADA,49,0.0011813686120537084
5,UPFC_tse,5-15,-2.185841384590449,92,-2.17964137895095,MAP_SCADA,49,0.006200005639499295
0,x_tcsc,1-14,-0.10198001686873225,93,-0.10125275692686818,MAP_SCADA,49,0.0007272599418640668
1,B_svc,2,0.1745075075648837,93,0.1701011310761069,MAP_SCADA,49,0.004406376488776814
2,UPFC_Vsh,5-15,1.1077672411780743,93,1.1111356553452798,MAP_SCADA,49,0.003368414167205458
3,UPFC_tsh,5-15,-0.24025055114601698,93,-0.24128082034855702,MAP_SCADA,49,0.0010302692025400406
4,UPFC_Vse,5-15,0.06302712550417613,93,0.06207548655607561,MAP_SCADA,49,0.0009516389481005263
5,UPFC_tse,5-15,-2.193898147976288,93,-2.17964137895095,MAP_SCADA,49,0.014256769025338123
0,x_tcsc,1-14,-0.10240752827041755,94,-0.10125275692686818,MAP_SCADA,49,0.0011547713435493684
1,B_svc,2,0.17267742847899017,94,0.1701011310761069,MAP_SCADA,49,0.0025762974028832875
2,UPFC_Vsh,5-15,1.1060683377314755,94,1.1111356553452798,MAP_SCADA,49,0.005067317613804301
3,UPFC_tsh,5-15,-0.23966172718881376,94,-0.24128082034855702,MAP_SCADA,49,0.0016190931597432623
4,UPFC_Vse,5-15,0.06356182781739468,94,0.06207548655607561,MAP_SCADA,49,0.0014863412613190727
5,UPFC_tse,5-15,-2.1899317687571993,94,-2.17964137895095,MAP_SCADA,49,0.010290389806249411
0,x_tcsc,1-14,-0.1015701753308845,95,-0.10125275692686818,MAP_SCADA,49,0.00031741840401632027
1,B_svc,2,0.1739762418767858,95,0.1701011310761069,MAP_SCADA,49,0.0038751108006788992
2,UPFC_Vsh,5-15,1.109278096323847,95,1.1111356553452798,MAP_SCADA,49,0.0018575590214326976
3,UPFC_tsh,5-15,-0.23889218641001428,95,-0.24128082034855702,MAP_SCADA,49,0.0023886339385427446
4,UPFC_Vse,5-15,0.06328697888437507,95,0.06207548655607561,MAP_SCADA,49,0.0012114923282994586
5,UPFC_tse,5-15,-2.194328809564617,95,-2.17964137895095,MAP_SCADA,49,0.014687430613667285
0,x_tcsc,1-14,-0.10232252245350033,96,-0.10125275692686818,MAP_SCADA,49,0.0010697655266321549
1,B_svc,2,0.17372121612069635,96,0.1701011310761069,MAP_SCADA,49,0.003620085044589466
2,UPFC_Vsh,5-15,1.108048298640947,96,1.1111356553452798,MAP_SCADA,49,0.0030873567043328
3,UPFC_tsh,5-15,-0.2395526260351638,96,-0.24128082034855702,MAP_SCADA,49,0.0017281943133932165
4,UPFC_Vse,5-15,0.06360226093011265,96,0.06207548655607561,MAP_SCADA,49,0.001526774374037039
5,UPFC_tse,5-15,-2.1900485756251924,96,-2.17964137895095,MAP_SCADA,49,0.010407196674242503
0,x_tcsc,1-14,-0.10333071641159243,97,-0.10125275692686818,MAP_SCADA,49,0.002077959484724251
1,B_svc,2,0.17110006030773722,97,0.1701011310761069,MAP_SCADA,49,0.0009989292316303355
2,UPFC_Vsh,5-15,1.1083044207896122,97,1.1111356553452798,MAP_SCADA,49,0.0028312345556675833
3,UPFC_tsh,5-15,-0.23860190996385314,97,-0.24128082034855702,MAP_SCADA,49,0.0026789103847038864
4,UPFC_Vse,5-15,0.06399735750141623,97,0.06207548655607561,MAP_SCADA,49,0.0019218709453406244
5,UPFC_tse,5-15,-2.19124066642229,97,-2.17964137895095,MAP_SCADA,49,0.01159928747133998
0,x_tcsc,1-14,-0.10426524521610846,98,-0.10125275692686818,MAP_SCADA,49,0.0030124882892402782
1,B_svc,2,0.17011498705090078,98,0.1701011310761069,MAP_SCADA,49,1.3855974793891557e-05
2,UPFC_Vsh,5-15,1.1100572819699157,98,1.1111356553452798,MAP_SCADA,49,0.0010783733753640945
3,UPFC_tsh,5-15,-0.23770219494552186,98,-0.24128082034855702,MAP_SCADA,49,0.0035786254030351627
4,UPFC_Vse,5-15,0.06334543800654534,98,0.06207548655607561,MAP_SCADA,49,0.0012699514504697293
5,UPFC_tse,5-15,-2.193521321270926,98,-2.17964137895095,MAP_SCADA,49,0.013879942319976024
0,x_tcsc,1-14,-0.10313457559422243,99,-0.10125275692686818,MAP_SCADA,49,0.0018818186673542486
1,B_svc,2,0.17001685418981957,99,0.1701011310761069,MAP_SCADA,49,8.427688628731556e-05
2,UPFC_Vsh,5-15,1.109765874666147,99,1.1111356553452798,MAP_SCADA,49,0.0013697806791328482
3,UPFC_tsh,5-15,-0.23838836964991572,99,-0.24128082034855702,MAP_SCADA,49,0.0028924506986413023
4,UPFC_Vse,5-15,0.06302138463839355,99,0.06207548655607561,MAP_SCADA,49,0.0009458980823179378
5,UPFC_tse,5-15,-2.187957790781871,99,-2.17964137895095,MAP_SCADA,49,0.008316411830921133
0,x_tcsc,1-14,-0.10329353714551051,0,-0.09843835549311188,MAP_SCADA,51,0.004855181652398635
1,B_svc,2,0.16811519883705064,0,0.16775472795433324,MAP_SCADA,51,0.0003604708827174008
2,UPFC_Vsh,5-15,1.1098479333514264,0,1.1134707363951042,MAP_SCADA,51,0.0036228030436777914
3,UPFC_tsh,5-15,-0.23850846755793317,0,-0.24468702897118194,MAP_SCADA,51,0.006178561413248768
4,UPFC_Vse,5-15,0.06280396337550218,0,0.06108764641857782,MAP_SCADA,51,0.0017163169569243547
5,UPFC_tse,5-15,-2.189547936028691,0,-2.173900401794008,MAP_SCADA,51,0.015647534234683125
0,x_tcsc,1-14,-0.10333449122731382,1,-0.09843835549311188,MAP_SCADA,51,0.004896135734201945
1,B_svc,2,0.17229278551833666,1,0.16775472795433324,MAP_SCADA,51,0.0045380575640034115
2,UPFC_Vsh,5-15,1.1074218438606374,1,1.1134707363951042,MAP_SCADA,51,0.006048892534466832
3,UPFC_tsh,5-15,-0.2393005791363044,1,-0.24468702897118194,MAP_SCADA,51,0.005386449834877544
4,UPFC_Vse,5-15,0.06354372417136461,1,0.06108764641857782,MAP_SCADA,51,0.002456077752786792
5,UPFC_tse,5-15,-2.188008410858818,1,-2.173900401794008,MAP_SCADA,51,0.014108009064810023
0,x_tcsc,1-14,-0.10362651376837446,2,-0.09843835549311188,MAP_SCADA,51,0.005188158275262589
1,B_svc,2,0.16919022531694322,2,0.16775472795433324,MAP_SCADA,51,0.0014354973626099776
2,UPFC_Vsh,5-15,1.1102493941878657,2,1.1134707363951042,MAP_SCADA,51,0.0032213422072384645
3,UPFC_tsh,5-15,-0.23849235067663532,2,-0.24468702897118194,MAP_SCADA,51,0.006194678294546618
4,UPFC_Vse,5-15,0.06320110323422641,2,0.06108764641857782,MAP_SCADA,51,0.00211345681564859
5,UPFC_tse,5-15,-2.191367850099842,2,-2.173900401794008,MAP_SCADA,51,0.017467448305834132
0,x_tcsc,1-14,-0.1022783976113678,3,-0.09843835549311188,MAP_SCADA,51,0.003840042118255921
1,B_svc,2,0.17447641250969634,3,0.16775472795433324,MAP_SCADA,51,0.006721684555363094
2,UPFC_Vsh,5-15,1.1077086780665086,3,1.1134707363951042,MAP_SCADA,51,0.005762058328595554
3,UPFC_tsh,5-15,-0.239679881625969,3,-0.24468702897118194,MAP_SCADA,51,0.005007147345212931
4,UPFC_Vse,5-15,0.06420872154220497,3,0.06108764641857782,MAP_SCADA,51,0.003121075123627151
5,UPFC_tse,5-15,-2.1910131457639017,3,-2.173900401794008,MAP_SCADA,51,0.017112743969893707
0,x_tcsc,1-14,-0.10394054656344608,4,-0.09843835549311188,MAP_SCADA,51,0.0055021910703342
1,B_svc,2,0.17253418900935183,4,0.16775472795433324,MAP_SCADA,51,0.004779461055018586
2,UPFC_Vsh,5-15,1.1080842679213603,4,1.1134707363951042,MAP_SCADA,51,0.005386468473743911
3,UPFC_tsh,5-15,-0.23896792048445972,4,-0.24468702897118194,MAP_SCADA,51,0.005719108486722219
4,UPFC_Vse,5-15,0.06280615072875485,4,0.06108764641857782,MAP_SCADA,51,0.0017185043101770325
5,UPFC_tse,5-15,-2.190748734444064,4,-2.173900401794008,MAP_SCADA,51,0.01684833265005592
0,x_tcsc,1-14,-0.10358721953952944,5,-0.09843835549311188,MAP_SCADA,51,0.005148864046417567
1,B_svc,2,0.16814849854113137,5,0.16775472795433324,MAP_SCADA,51,0.0003937705867981256
2,UPFC_Vsh,5-15,1.1103570430873901,5,1.1134707363951042,MAP_SCADA,51,0.0031136933077140494
3,UPFC_tsh,5-15,-0.23847268222950582,5,-0.24468702897118194,MAP_SCADA,51,0.006214346741676119
4,UPFC_Vse,5-15,0.06314489609101118,5,0.06108764641857782,MAP_SCADA,51,0.002057249672433356
5,UPFC_tse,5-15,-2.190275244913631,5,-2.173900401794008,MAP_SCADA,51,0.016374843119622895
0,x_tcsc,1-14,-0.10350531559935731,6,-0.09843835549311188,MAP_SCADA,51,0.005066960106245438
1,B_svc,2,0.16889408616433438,6,0.16775472795433324,MAP_SCADA,51,0.0011393582100011346
2,UPFC_Vsh,5-15,1.1092796634959625,6,1.1134707363951042,MAP_SCADA,51,0.004191072899141668
3,UPFC_tsh,5-15,-0.2386688698331191,6,-0.24468702897118194,MAP_SCADA,51,0.006018159138062834
4,UPFC_Vse,5-15,0.06287393598506438,6,0.06108764641857782,MAP_SCADA,51,0.0017862895664865625
5,UPFC_tse,5-15,-2.1904821780911643,6,-2.173900401794008,MAP_SCADA,51,0.016581776297156292
0,x_tcsc,1-14,-0.10086561566381738,7,-0.09843835549311188,MAP_SCADA,51,0.002427260170705506
1,B_svc,2,0.17407933738082562,7,0.16775472795433324,MAP_SCADA,51,0.006324609426492378
2,UPFC_Vsh,5-15,1.1095504799373779,7,1.1134707363951042,MAP_SCADA,51,0.003920256457726312
3,UPFC_tsh,5-15,-0.23927897238709775,7,-0.24468702897118194,MAP_SCADA,51,0.005408056584084192
4,UPFC_Vse,5-15,0.06312921191592344,7,0.06108764641857782,MAP_SCADA,51,0.002041565497345618
5,UPFC_tse,5-15,-2.1874008932882796,7,-2.173900401794008,MAP_SCADA,51,0.013500491494271571
0,x_tcsc,1-14,-0.10415892026095726,8,-0.09843835549311188,MAP_SCADA,51,0.005720564767845382
1,B_svc,2,0.17134587093852688,8,0.16775472795433324,MAP_SCADA,51,0.003591142984193635
2,UPFC_Vsh,5-15,1.107249958845356,8,1.1134707363951042,MAP_SCADA,51,0.006220777549748258
3,UPFC_tsh,5-15,-0.23866553903984225,8,-0.24468702897118194,MAP_SCADA,51,0.006021489931339691
4,UPFC_Vse,5-15,0.06362033412494816,8,0.06108764641857782,MAP_SCADA,51,0.002532687706370343
5,UPFC_tse,5-15,-2.186522927523441,8,-2.173900401794008,MAP_SCADA,51,0.012622525729432788
0,x_tcsc,1-14,-0.10245107087655327,9,-0.09843835549311188,MAP_SCADA,51,0.00401271538344139
1,B_svc,2,0.1699705773336321,9,0.16775472795433324,MAP_SCADA,51,0.002215849379298862
2,UPFC_Vsh,5-15,1.1111100280601645,9,1.1134707363951042,MAP_SCADA,51,0.0023607083349397318
3,UPFC_tsh,5-15,-0.23772898479278912,9,-0.24468702897118194,MAP_SCADA,51,0.006958044178392825
4,UPFC_Vse,5-15,0.06293157188011914,9,0.06108764641857782,MAP_SCADA,51,0.0018439254615413153
5,UPFC_tse,5-15,-2.1889726606857733,9,-2.173900401794008,MAP_SCADA,51,0.015072258891765333
0,x_tcsc,1-14,-0.10201414245840422,10,-0.09843835549311188,MAP_SCADA,51,0.0035757869652923435
1,B_svc,2,0.1773995230540244,10,0.16775472795433324,MAP_SCADA,51,0.009644795099691156
2,UPFC_Vsh,5-15,1.1078753800386845,10,1.1134707363951042,MAP_SCADA,51,0.005595356356419723
3,UPFC_tsh,5-15,-0.23991346910294914,10,-0.24468702897118194,MAP_SCADA,51,0.004773559868232802
4,UPFC_Vse,5-15,0.06350055111044295,10,0.06108764641857782,MAP_SCADA,51,0.002412904691865128
5,UPFC_tse,5-15,-2.188397089259698,10,-2.173900401794008,MAP_SCADA,51,0.014496687465689995
0,x_tcsc,1-14,-0.10309787691363395,11,-0.09843835549311188,MAP_SCADA,51,0.004659521420522075
1,B_svc,2,0.17229032263195573,11,0.16775472795433324,MAP_SCADA,51,0.00453559467762249
2,UPFC_Vsh,5-15,1.106829264025858,11,1.1134707363951042,MAP_SCADA,51,0.006641472369246282
3,UPFC_tsh,5-15,-0.23956457706822262,11,-0.24468702897118194,MAP_SCADA,51,0.0051224519029593185
4,UPFC_Vse,5-15,0.06366462202276205,11,0.06108764641857782,MAP_SCADA,51,0.0025769756041842257
5,UPFC_tse,5-15,-2.1891986298807464,11,-2.173900401794008,MAP_SCADA,51,0.015298228086738419
0,x_tcsc,1-14,-0.10463812009775422,12,-0.09843835549311188,MAP_SCADA,51,0.006199764604642347
1,B_svc,2,0.16853615682973003,12,0.16775472795433324,MAP_SCADA,51,0.0007814288753967835
2,UPFC_Vsh,5-15,1.1081083885543885,12,1.1134707363951042,MAP_SCADA,51,0.005362347840715653
3,UPFC_tsh,5-15,-0.23874039951966272,12,-0.24468702897118194,MAP_SCADA,51,0.00594662945151922
4,UPFC_Vse,5-15,0.06357887848112859,12,0.06108764641857782,MAP_SCADA,51,0.002491232062550766
5,UPFC_tse,5-15,-2.1899085293440548,12,-2.173900401794008,MAP_SCADA,51,0.01600812755004677
0,x_tcsc,1-14,-0.10326192676854636,13,-0.09843835549311188,MAP_SCADA,51,0.0048235712754344795
1,B_svc,2,0.17236389006577532,13,0.16775472795433324,MAP_SCADA,51,0.004609162111442078
2,UPFC_Vsh,5-15,1.10698736772081,13,1.1134707363951042,MAP_SCADA,51,0.006483368674294221
3,UPFC_tsh,5-15,-0.23976528062347388,13,-0.24468702897118194,MAP_SCADA,51,0.00492174834770806
4,UPFC_Vse,5-15,0.06249443149756003,13,0.06108764641857782,MAP_SCADA,51,0.0014067850789822103
5,UPFC_tse,5-15,-2.196371164920003,13,-2.173900401794008,MAP_SCADA,51,0.022470763125995052
0,x_tcsc,1-14,-0.1030504484184106,14,-0.09843835549311188,MAP_SCADA,51,0.004612092925298725
1,B_svc,2,0.16997033053296642,14,0.16775472795433324,MAP_SCADA,51,0.00221560257863318
2,UPFC_Vsh,5-15,1.1110829106317943,14,1.1134707363951042,MAP_SCADA,51,0.00238782576330987
3,UPFC_tsh,5-15,-0.2378859124752215,14,-0.24468702897118194,MAP_SCADA,51,0.006801116495960435
4,UPFC_Vse,5-15,0.0626573943935469,14,0.06108764641857782,MAP_SCADA,51,0.001569747974969074
5,UPFC_tse,5-15,-2.193799530913218,14,-2.173900401794008,MAP_SCADA,51,0.0198991291192101
0,x_tcsc,1-14,-0.10309694119605492,15,-0.09843835549311188,MAP_SCADA,51,0.004658585702943044
1,B_svc,2,0.16693486271337285,15,0.16775472795433324,MAP_SCADA,51,0.0008198652409603935
2,UPFC_Vsh,5-15,1.112102866085488,15,1.1134707363951042,MAP_SCADA,51,0.0013678703096162703
3,UPFC_tsh,5-15,-0.2382997699364943,15,-0.24468702897118194,MAP_SCADA,51,0.006387259034687648
4,UPFC_Vse,5-15,0.06256983739626225,15,0.06108764641857782,MAP_SCADA,51,0.0014821909776844278
5,UPFC_tse,5-15,-2.1883812738215953,15,-2.173900401794008,MAP_SCADA,51,0.0144808720275873
0,x_tcsc,1-14,-0.10217489660297842,16,-0.09843835549311188,MAP_SCADA,51,0.0037365411098665424
1,B_svc,2,0.17394135187656679,16,0.16775472795433324,MAP_SCADA,51,0.006186623922233542
2,UPFC_Vsh,5-15,1.107960262070741,16,1.1134707363951042,MAP_SCADA,51,0.005510474324363246
3,UPFC_tsh,5-15,-0.239206249885445,16,-0.24468702897118194,MAP_SCADA,51,0.0054807790857369365
4,UPFC_Vse,5-15,0.06271712989685814,16,0.06108764641857782,MAP_SCADA,51,0.0016294834782803191
5,UPFC_tse,5-15,-2.1939130467822623,16,-2.173900401794008,MAP_SCADA,51,0.02001264498825428
0,x_tcsc,1-14,-0.10454469730310308,17,-0.09843835549311188,MAP_SCADA,51,0.0061063418099912
1,B_svc,2,0.16712461844377577,17,0.16775472795433324,MAP_SCADA,51,0.000630109510557475
2,UPFC_Vsh,5-15,1.109370895589937,17,1.1134707363951042,MAP_SCADA,51,0.004099840805167121
3,UPFC_tsh,5-15,-0.23753669429202756,17,-0.24468702897118194,MAP_SCADA,51,0.00715033467915438
4,UPFC_Vse,5-15,0.06325825102421366,17,0.06108764641857782,MAP_SCADA,51,0.0021706046056358397
5,UPFC_tse,5-15,-2.186313396630077,17,-2.173900401794008,MAP_SCADA,51,0.012412994836068947
0,x_tcsc,1-14,-0.10112964944926826,18,-0.09843835549311188,MAP_SCADA,51,0.0026912939561563876
1,B_svc,2,0.17737976177681442,18,0.16775472795433324,MAP_SCADA,51,0.009625033822481172
2,UPFC_Vsh,5-15,1.109702083507929,18,1.1134707363951042,MAP_SCADA,51,0.0037686528871752056
3,UPFC_tsh,5-15,-0.23936642374053496,18,-0.24468702897118194,MAP_SCADA,51,0.00532060523064698
4,UPFC_Vse,5-15,0.06363139956315816,18,0.06108764641857782,MAP_SCADA,51,0.0025437531445803435
5,UPFC_tse,5-15,-2.1903458498537542,18,-2.173900401794008,MAP_SCADA,51,0.016445448059746237
0,x_tcsc,1-14,-0.10321435202359344,19,-0.09843835549311188,MAP_SCADA,51,0.004775996530481566
1,B_svc,2,0.16810748723890664,19,0.16775472795433324,MAP_SCADA,51,0.00035275928457340067
2,UPFC_Vsh,5-15,1.1100965594026282,19,1.1134707363951042,MAP_SCADA,51,0.003374176992475997
3,UPFC_tsh,5-15,-0.23852179981642677,19,-0.24468702897118194,MAP_SCADA,51,0.006165229154755175
4,UPFC_Vse,5-15,0.0625930905180296,19,0.06108764641857782,MAP_SCADA,51,0.0015054440994517748
5,UPFC_tse,5-15,-2.188351087150795,19,-2.173900401794008,MAP_SCADA,51,0.014450685356786952
0,x_tcsc,1-14,-0.10354343396284567,20,-0.09843835549311188,MAP_SCADA,51,0.0051050784697337925
1,B_svc,2,0.16703463626958456,20,0.16775472795433324,MAP_SCADA,51,0.0007200916847486805
2,UPFC_Vsh,5-15,1.1098341526661635,20,1.1134707363951042,MAP_SCADA,51,0.003636583728940712
3,UPFC_tsh,5-15,-0.23788774543338145,20,-0.24468702897118194,MAP_SCADA,51,0.006799283537800488
4,UPFC_Vse,5-15,0.06243570092208961,20,0.06108764641857782,MAP_SCADA,51,0.0013480545035117891
5,UPFC_tse,5-15,-2.191014469814827,20,-2.173900401794008,MAP_SCADA,51,0.01711406802081905
0,x_tcsc,1-14,-0.10344129310754582,21,-0.09843835549311188,MAP_SCADA,51,0.005002937614433947
1,B_svc,2,0.1708677144969117,21,0.16775472795433324,MAP_SCADA,51,0.0031129865425784664
2,UPFC_Vsh,5-15,1.1077101992879548,21,1.1134707363951042,MAP_SCADA,51,0.0057605371071494105
3,UPFC_tsh,5-15,-0.23998780930740443,21,-0.24468702897118194,MAP_SCADA,51,0.00469921966377751
4,UPFC_Vse,5-15,0.06297038816134898,21,0.06108764641857782,MAP_SCADA,51,0.0018827417427711574
5,UPFC_tse,5-15,-2.1940017442066315,21,-2.173900401794008,MAP_SCADA,51,0.020101342412623513
0,x_tcsc,1-14,-0.10200268563517126,22,-0.09843835549311188,MAP_SCADA,51,0.0035643301420593826
1,B_svc,2,0.17089704393936794,22,0.16775472795433324,MAP_SCADA,51,0.0031423159850346993
2,UPFC_Vsh,5-15,1.11057128340465,22,1.1134707363951042,MAP_SCADA,51,0.002899452990454243
3,UPFC_tsh,5-15,-0.2383999901081647,22,-0.24468702897118194,MAP_SCADA,51,0.006287038863017236
4,UPFC_Vse,5-15,0.06284333278504248,22,0.06108764641857782,MAP_SCADA,51,0.0017556863664646566
5,UPFC_tse,5-15,-2.189614887509789,22,-2.173900401794008,MAP_SCADA,51,0.015714485715780935
0,x_tcsc,1-14,-0.10414257550582919,23,-0.09843835549311188,MAP_SCADA,51,0.005704220012717309
1,B_svc,2,0.17302275696693312,23,0.16775472795433324,MAP_SCADA,51,0.005268029012599873
2,UPFC_Vsh,5-15,1.1062099902680418,23,1.1134707363951042,MAP_SCADA,51,0.007260746127062401
3,UPFC_tsh,5-15,-0.23899992877224516,23,-0.24468702897118194,MAP_SCADA,51,0.005687100198936784
4,UPFC_Vse,5-15,0.06331203494101198,23,0.06108764641857782,MAP_SCADA,51,0.002224388522434159
5,UPFC_tse,5-15,-2.193611288444514,23,-2.173900401794008,MAP_SCADA,51,0.0197108866505058
0,x_tcsc,1-14,-0.10255669398750906,24,-0.09843835549311188,MAP_SCADA,51,0.004118338494397189
1,B_svc,2,0.17527665408020493,24,0.16775472795433324,MAP_SCADA,51,0.007521926125871686
2,UPFC_Vsh,5-15,1.110444416352426,24,1.1134707363951042,MAP_SCADA,51,0.00302632004267811
3,UPFC_tsh,5-15,-0.23838245129865002,24,-0.24468702897118194,MAP_SCADA,51,0.006304577672531925
4,UPFC_Vse,5-15,0.06343171498679508,24,0.06108764641857782,MAP_SCADA,51,0.0023440685682172557
5,UPFC_tse,5-15,-2.1934702341448933,24,-2.173900401794008,MAP_SCADA,51,0.019569832350885275
0,x_tcsc,1-14,-0.10349904714129522,25,-0.09843835549311188,MAP_SCADA,51,0.005060691648183346
1,B_svc,2,0.16860677052613007,25,0.16775472795433324,MAP_SCADA,51,0.0008520425717968294
2,UPFC_Vsh,5-15,1.1085206473749372,25,1.1134707363951042,MAP_SCADA,51,0.004950089020167026
3,UPFC_tsh,5-15,-0.2385443264307013,25,-0.24468702897118194,MAP_SCADA,51,0.006142702540480632
4,UPFC_Vse,5-15,0.06318141056723417,25,0.06108764641857782,MAP_SCADA,51,0.002093764148656349
5,UPFC_tse,5-15,-2.193211743897714,25,-2.173900401794008,MAP_SCADA,51,0.019311342103705886
0,x_tcsc,1-14,-0.10344888642509803,26,-0.09843835549311188,MAP_SCADA,51,0.005010530931986154
1,B_svc,2,0.1684348338944659,26,0.16775472795433324,MAP_SCADA,51,0.0006801059401326526
2,UPFC_Vsh,5-15,1.1093544542233646,26,1.1134707363951042,MAP_SCADA,51,0.004116282171739538
3,UPFC_tsh,5-15,-0.23870731257150962,26,-0.24468702897118194,MAP_SCADA,51,0.005979716399672319
4,UPFC_Vse,5-15,0.06272919858083496,26,0.06108764641857782,MAP_SCADA,51,0.0016415521622571427
5,UPFC_tse,5-15,-2.1892722360416754,26,-2.173900401794008,MAP_SCADA,51,0.015371834247667415
0,x_tcsc,1-14,-0.10324303032860659,27,-0.09843835549311188,MAP_SCADA,51,0.00480467483549471
1,B_svc,2,0.16582498944584045,27,0.16775472795433324,MAP_SCADA,51,0.0019297385084927898
2,UPFC_Vsh,5-15,1.1092917412852477,27,1.1134707363951042,MAP_SCADA,51,0.0041789951098565314
3,UPFC_tsh,5-15,-0.23786009562888574,27,-0.24468702897118194,MAP_SCADA,51,0.006826933342296199
4,UPFC_Vse,5-15,0.06271511041328849,27,0.06108764641857782,MAP_SCADA,51,0.0016274639947106706
5,UPFC_tse,5-15,-2.1924914175363153,27,-2.173900401794008,MAP_SCADA,51,0.01859101574230726
0,x_tcsc,1-14,-0.10135196066548283,28,-0.09843835549311188,MAP_SCADA,51,0.0029136051723709505
1,B_svc,2,0.17761057228239494,28,0.16775472795433324,MAP_SCADA,51,0.009855844328061691
2,UPFC_Vsh,5-15,1.1083718755136782,28,1.1134707363951042,MAP_SCADA,51,0.005098860881425971
3,UPFC_tsh,5-15,-0.2395613443581504,28,-0.24468702897118194,MAP_SCADA,51,0.005125684613031534
4,UPFC_Vse,5-15,0.06346267764598927,28,0.06108764641857782,MAP_SCADA,51,0.0023750312274114505
5,UPFC_tse,5-15,-2.1903041390921896,28,-2.173900401794008,MAP_SCADA,51,0.016403737298181564
0,x_tcsc,1-14,-0.10515150213842957,29,-0.09843835549311188,MAP_SCADA,51,0.006713146645317691
1,B_svc,2,0.16766234531155627,29,0.16775472795433324,MAP_SCADA,51,9.23826427769725e-05
2,UPFC_Vsh,5-15,1.1095725542927521,29,1.1134707363951042,MAP_SCADA,51,0.0038981821023520435
3,UPFC_tsh,5-15,-0.23785749907874235,29,-0.24468702897118194,MAP_SCADA,51,0.006829529892439595
4,UPFC_Vse,5-15,0.06285327963871028,29,0.06108764641857782,MAP_SCADA,51,0.0017656332201324565
5,UPFC_tse,5-15,-2.1945382243971,29,-2.173900401794008,MAP_SCADA,51,0.020637822603092104
0,x_tcsc,1-14,-0.10214521014739744,30,-0.09843835549311188,MAP_SCADA,51,0.0037068546542855657
1,B_svc,2,0.1733947782625552,30,0.16775472795433324,MAP_SCADA,51,0.0056400503082219555
2,UPFC_Vsh,5-15,1.108749731528518,30,1.1134707363951042,MAP_SCADA,51,0.00472100486658622
3,UPFC_tsh,5-15,-0.24003817420459694,30,-0.24468702897118194,MAP_SCADA,51,0.004648854766584998
4,UPFC_Vse,5-15,0.06354332981972415,30,0.06108764641857782,MAP_SCADA,51,0.0024556834011463247
5,UPFC_tse,5-15,-2.1899562565815236,30,-2.173900401794008,MAP_SCADA,51,0.01605585478751559
0,x_tcsc,1-14,-0.10186895497271833,31,-0.09843835549311188,MAP_SCADA,51,0.003430599479606458
1,B_svc,2,0.1731001895027111,31,0.16775472795433324,MAP_SCADA,51,0.005345461548377867
2,UPFC_Vsh,5-15,1.1089604871881096,31,1.1134707363951042,MAP_SCADA,51,0.00451024920699461
3,UPFC_tsh,5-15,-0.2393106658119316,31,-0.24468702897118194,MAP_SCADA,51,0.00537636315925033
4,UPFC_Vse,5-15,0.06361662209310572,31,0.06108764641857782,MAP_SCADA,51,0.0025289756745278946
5,UPFC_tse,5-15,-2.1910202663171208,31,-2.173900401794008,MAP_SCADA,51,0.01711986452311276
0,x_tcsc,1-14,-0.10199155700575223,32,-0.09843835549311188,MAP_SCADA,51,0.0035532015126403527
1,B_svc,2,0.17562280153400014,32,0.16775472795433324,MAP_SCADA,51,0.007868073579666901
2,UPFC_Vsh,5-15,1.1083810877935076,32,1.1134707363951042,MAP_SCADA,51,0.0050896486015965525
3,UPFC_tsh,5-15,-0.23893318807281042,32,-0.24468702897118194,MAP_SCADA,51,0.005753840898371526
4,UPFC_Vse,5-15,0.06267661663381953,32,0.06108764641857782,MAP_SCADA,51,0.0015889702152417085
5,UPFC_tse,5-15,-2.1933767411492218,32,-2.173900401794008,MAP_SCADA,51,0.019476339355213756
0,x_tcsc,1-14,-0.10341776982429712,33,-0.09843835549311188,MAP_SCADA,51,0.004979414331185247
1,B_svc,2,0.1685857185347648,33,0.16775472795433324,MAP_SCADA,51,0.0008309905804315676
2,UPFC_Vsh,5-15,1.1090690511856047,33,1.1134707363951042,MAP_SCADA,51,0.004401685209499462
3,UPFC_tsh,5-15,-0.23823230252929914,33,-0.24468702897118194,MAP_SCADA,51,0.006454726441882802
4,UPFC_Vse,5-15,0.06321292719959012,33,0.06108764641857782,MAP_SCADA,51,0.0021252807810123037
5,UPFC_tse,5-15,-2.190809317373603,33,-2.173900401794008,MAP_SCADA,51,0.016908915579595174
0,x_tcsc,1-14,-0.10303751160140999,34,-0.09843835549311188,MAP_SCADA,51,0.004599156108298114
1,B_svc,2,0.1683284671853949,34,0.16775472795433324,MAP_SCADA,51,0.0005737392310616596
2,UPFC_Vsh,5-15,1.109998361341998,34,1.1134707363951042,MAP_SCADA,51,0.003472375053106269
3,UPFC_tsh,5-15,-0.2380691737984707,34,-0.24468702897118194,MAP_SCADA,51,0.00661785517271124
4,UPFC_Vse,5-15,0.0635342444626378,34,0.06108764641857782,MAP_SCADA,51,0.002446598044059986
5,UPFC_tse,5-15,-2.1878828879669565,34,-2.173900401794008,MAP_SCADA,51,0.013982486172948505
0,x_tcsc,1-14,-0.10297982083834885,35,-0.09843835549311188,MAP_SCADA,51,0.004541465345236972
1,B_svc,2,0.17046754832647434,35,0.16775472795433324,MAP_SCADA,51,0.0027128203721411004
2,UPFC_Vsh,5-15,1.1112794492291262,35,1.1134707363951042,MAP_SCADA,51,0.00219128716597794
3,UPFC_tsh,5-15,-0.2385383032127797,35,-0.24468702897118194,MAP_SCADA,51,0.0061487257584022514
4,UPFC_Vse,5-15,0.06367108062868834,35,0.06108764641857782,MAP_SCADA,51,0.0025834342101105218
5,UPFC_tse,5-15,-2.188473680620623,35,-2.173900401794008,MAP_SCADA,51,0.014573278826615077
0,x_tcsc,1-14,-0.1037433704569016,36,-0.09843835549311188,MAP_SCADA,51,0.005305014963789725
1,B_svc,2,0.17020265351511055,36,0.16775472795433324,MAP_SCADA,51,0.002447925560777303
2,UPFC_Vsh,5-15,1.1084573576990415,36,1.1134707363951042,MAP_SCADA,51,0.005013378696062665
3,UPFC_tsh,5-15,-0.2387082284511852,36,-0.24468702897118194,MAP_SCADA,51,0.0059788005199967464
4,UPFC_Vse,5-15,0.06266177121649627,36,0.06108764641857782,MAP_SCADA,51,0.0015741247979184497
5,UPFC_tse,5-15,-2.192234184921244,36,-2.173900401794008,MAP_SCADA,51,0.018333783127236103
0,x_tcsc,1-14,-0.10331206912751367,37,-0.09843835549311188,MAP_SCADA,51,0.004873713634401797
1,B_svc,2,0.16983444814242962,37,0.16775472795433324,MAP_SCADA,51,0.002079720188096379
2,UPFC_Vsh,5-15,1.1093899644083485,37,1.1134707363951042,MAP_SCADA,51,0.004080771986755716
3,UPFC_tsh,5-15,-0.23805948198578433,37,-0.24468702897118194,MAP_SCADA,51,0.006627546985397609
4,UPFC_Vse,5-15,0.06260338273141129,37,0.06108764641857782,MAP_SCADA,51,0.001515736312833471
5,UPFC_tse,5-15,-2.194394240818059,37,-2.173900401794008,MAP_SCADA,51,0.020493839024050775
0,x_tcsc,1-14,-0.10491436820607243,38,-0.09843835549311188,MAP_SCADA,51,0.006476012712960555
1,B_svc,2,0.1672180740223852,38,0.16775472795433324,MAP_SCADA,51,0.0005366539319480446
2,UPFC_Vsh,5-15,1.1095823920842456,38,1.1134707363951042,MAP_SCADA,51,0.0038883443108586047
3,UPFC_tsh,5-15,-0.23796712750088744,38,-0.24468702897118194,MAP_SCADA,51,0.006719901470294498
4,UPFC_Vse,5-15,0.06283312149927725,38,0.06108764641857782,MAP_SCADA,51,0.0017454750806994296
5,UPFC_tse,5-15,-2.18825981095042,38,-2.173900401794008,MAP_SCADA,51,0.014359409156412095
0,x_tcsc,1-14,-0.10472404013278803,39,-0.09843835549311188,MAP_SCADA,51,0.006285684639676159
1,B_svc,2,0.17177177941619282,39,0.16775472795433324,MAP_SCADA,51,0.004017051461859572
2,UPFC_Vsh,5-15,1.106130884386145,39,1.1134707363951042,MAP_SCADA,51,0.007339852008959147
3,UPFC_tsh,5-15,-0.239162445516109,39,-0.24468702897118194,MAP_SCADA,51,0.005524583455072951
4,UPFC_Vse,5-15,0.06329622775397507,39,0.06108764641857782,MAP_SCADA,51,0.0022085813353972528
5,UPFC_tse,5-15,-2.187460536285187,39,-2.173900401794008,MAP_SCADA,51,0.013560134491179099
0,x_tcsc,1-14,-0.10328701279564349,40,-0.09843835549311188,MAP_SCADA,51,0.004848657302531617
1,B_svc,2,0.1697864442432162,40,0.16775472795433324,MAP_SCADA,51,0.002031716288882962
2,UPFC_Vsh,5-15,1.1091570589281596,40,1.1134707363951042,MAP_SCADA,51,0.004313677466944554
3,UPFC_tsh,5-15,-0.23841077906827327,40,-0.24468702897118194,MAP_SCADA,51,0.006276249902908676
4,UPFC_Vse,5-15,0.06335807687554586,40,0.06108764641857782,MAP_SCADA,51,0.0022704304569680367
5,UPFC_tse,5-15,-2.188321530167082,40,-2.173900401794008,MAP_SCADA,51,0.014421128373073966
0,x_tcsc,1-14,-0.10415308358070655,41,-0.09843835549311188,MAP_SCADA,51,0.00571472808759467
1,B_svc,2,0.1659516229371476,41,0.16775472795433324,MAP_SCADA,51,0.001803105017185641
2,UPFC_Vsh,5-15,1.1088618181516254,41,1.1134707363951042,MAP_SCADA,51,0.0046089182434787546
3,UPFC_tsh,5-15,-0.23803785406369915,41,-0.24468702897118194,MAP_SCADA,51,0.006649174907482791
4,UPFC_Vse,5-15,0.06317922460371121,41,0.06108764641857782,MAP_SCADA,51,0.0020915781851333914
5,UPFC_tse,5-15,-2.192117927145841,41,-2.173900401794008,MAP_SCADA,51,0.018217525351833075
0,x_tcsc,1-14,-0.10282328972764497,42,-0.09843835549311188,MAP_SCADA,51,0.004384934234533094
1,B_svc,2,0.1721197597634059,42,0.16775472795433324,MAP_SCADA,51,0.004365031809072661
2,UPFC_Vsh,5-15,1.1081902020497665,42,1.1134707363951042,MAP_SCADA,51,0.005280534345337706
3,UPFC_tsh,5-15,-0.23900538395228121,42,-0.24468702897118194,MAP_SCADA,51,0.005681645018900727
4,UPFC_Vse,5-15,0.06283176345199303,42,0.06108764641857782,MAP_SCADA,51,0.0017441170334152045
5,UPFC_tse,5-15,-2.1893873032588393,42,-2.173900401794008,MAP_SCADA,51,0.015486901464831337
0,x_tcsc,1-14,-0.10303424453802462,43,-0.09843835549311188,MAP_SCADA,51,0.004595889044912746
1,B_svc,2,0.17311051925916063,43,0.16775472795433324,MAP_SCADA,51,0.005355791304827384
2,UPFC_Vsh,5-15,1.107982607035665,43,1.1134707363951042,MAP_SCADA,51,0.005488129359439098
3,UPFC_tsh,5-15,-0.23927261561656687,43,-0.24468702897118194,MAP_SCADA,51,0.005414413354615066
4,UPFC_Vse,5-15,0.06356982541230466,43,0.06108764641857782,MAP_SCADA,51,0.0024821789937268385
5,UPFC_tse,5-15,-2.1951217682769553,43,-2.173900401794008,MAP_SCADA,51,0.021221366482947257
0,x_tcsc,1-14,-0.1027973561626272,44,-0.09843835549311188,MAP_SCADA,51,0.00435900066951532
1,B_svc,2,0.1681348089727287,44,0.16775472795433324,MAP_SCADA,51,0.00038008101839545616
2,UPFC_Vsh,5-15,1.109787300168,44,1.1134707363951042,MAP_SCADA,51,0.0036834362271040977
3,UPFC_tsh,5-15,-0.23831165948836602,44,-0.24468702897118194,MAP_SCADA,51,0.006375369482815918
4,UPFC_Vse,5-15,0.06368281985756345,44,0.06108764641857782,MAP_SCADA,51,0.002595173438985632
5,UPFC_tse,5-15,-2.1854876578376725,44,-2.173900401794008,MAP_SCADA,51,0.011587256043664507
0,x_tcsc,1-14,-0.10221996947708181,45,-0.09843835549311188,MAP_SCADA,51,0.0037816139839699364
1,B_svc,2,0.1768898387398685,45,0.16775472795433324,MAP_SCADA,51,0.00913511078553525
2,UPFC_Vsh,5-15,1.1095156345355885,45,1.1134707363951042,MAP_SCADA,51,0.003955101859515642
3,UPFC_tsh,5-15,-0.2389523502653847,45,-0.24468702897118194,MAP_SCADA,51,0.005734678705797247
4,UPFC_Vse,5-15,0.06318314771751779,45,0.06108764641857782,MAP_SCADA,51,0.0020955012989399696
5,UPFC_tse,5-15,-2.193731744557763,45,-2.173900401794008,MAP_SCADA,51,0.01983134276375509
0,x_tcsc,1-14,-0.10209110133794598,46,-0.09843835549311188,MAP_SCADA,51,0.0036527458448341044
1,B_svc,2,0.1749895939957132,46,0.16775472795433324,MAP_SCADA,51,0.0072348660413799615
2,UPFC_Vsh,5-15,1.1075689036025793,46,1.1134707363951042,MAP_SCADA,51,0.005901832792524875
3,UPFC_tsh,5-15,-0.2405839698596442,46,-0.24468702897118194,MAP_SCADA,51,0.0041030591115377435
4,UPFC_Vse,5-15,0.06325877581511731,46,0.06108764641857782,MAP_SCADA,51,0.0021711293965394896
5,UPFC_tse,5-15,-2.1915658662244795,46,-2.173900401794008,MAP_SCADA,51,0.017665464430471456
0,x_tcsc,1-14,-0.10430424526697522,47,-0.09843835549311188,MAP_SCADA,51,0.0058658897738633475
1,B_svc,2,0.16657044584038416,47,0.16775472795433324,MAP_SCADA,51,0.0011842821139490811
2,UPFC_Vsh,5-15,1.1089944570086598,47,1.1134707363951042,MAP_SCADA,51,0.004476279386444348
3,UPFC_tsh,5-15,-0.23755332848839128,47,-0.24468702897118194,MAP_SCADA,51,0.007133700482790661
4,UPFC_Vse,5-15,0.06325285378388841,47,0.06108764641857782,MAP_SCADA,51,0.0021652073653105897
5,UPFC_tse,5-15,-2.1926651756040454,47,-2.173900401794008,MAP_SCADA,51,0.018764773810037383
0,x_tcsc,1-14,-0.10467341988269523,48,-0.09843835549311188,MAP_SCADA,51,0.00623506438958335
1,B_svc,2,0.16631328053467387,48,0.16775472795433324,MAP_SCADA,51,0.0014414474196593752
2,UPFC_Vsh,5-15,1.109765910581846,48,1.1134707363951042,MAP_SCADA,51,0.00370482581325815
3,UPFC_tsh,5-15,-0.23718168953869978,48,-0.24468702897118194,MAP_SCADA,51,0.007505339432482161
4,UPFC_Vse,5-15,0.06257817548573592,48,0.06108764641857782,MAP_SCADA,51,0.0014905290671581028
5,UPFC_tse,5-15,-2.189149825874566,48,-2.173900401794008,MAP_SCADA,51,0.015249424080558072
0,x_tcsc,1-14,-0.10036649413923276,49,-0.09843835549311188,MAP_SCADA,51,0.0019281386461208888
1,B_svc,2,0.1848686799141463,49,0.16775472795433324,MAP_SCADA,51,0.01711395195981305
2,UPFC_Vsh,5-15,1.1056475662275105,49,1.1134707363951042,MAP_SCADA,51,0.007823170167593707
3,UPFC_tsh,5-15,-0.2414821266404511,49,-0.24468702897118194,MAP_SCADA,51,0.003204902330730841
4,UPFC_Vse,5-15,0.0630950463263788,49,0.06108764641857782,MAP_SCADA,51,0.00200739990780098
5,UPFC_tse,5-15,-2.1950301431956265,49,-2.173900401794008,MAP_SCADA,51,0.021129741401618496
0,x_tcsc,1-14,-0.10197953963546616,50,-0.09843835549311188,MAP_SCADA,51,0.003541184142354284
1,B_svc,2,0.1736852085055039,50,0.16775472795433324,MAP_SCADA,51,0.005930480551170653
2,UPFC_Vsh,5-15,1.1100116771882211,50,1.1134707363951042,MAP_SCADA,51,0.003459059206883053
3,UPFC_tsh,5-15,-0.2387841569748617,50,-0.24468702897118194,MAP_SCADA,51,0.0059028719963202525
4,UPFC_Vse,5-15,0.06333349762164837,50,0.06108764641857782,MAP_SCADA,51,0.0022458512030705535
5,UPFC_tse,5-15,-2.18884697758656,50,-2.173900401794008,MAP_SCADA,51,0.014946575792551986
0,x_tcsc,1-14,-0.10287200005996062,51,-0.09843835549311188,MAP_SCADA,51,0.004433644566848749
1,B_svc,2,0.17435630556991935,51,0.16775472795433324,MAP_SCADA,51,0.006601577615586107
2,UPFC_Vsh,5-15,1.1083789801853865,51,1.1134707363951042,MAP_SCADA,51,0.0050917562097176905
3,UPFC_tsh,5-15,-0.23954156229505957,51,-0.24468702897118194,MAP_SCADA,51,0.005145466676122368
4,UPFC_Vse,5-15,0.0634631446920625,51,0.06108764641857782,MAP_SCADA,51,0.002375498273484683
5,UPFC_tse,5-15,-2.193128263603617,51,-2.173900401794008,MAP_SCADA,51,0.019227861809608893
0,x_tcsc,1-14,-0.10324332919686505,52,-0.09843835549311188,MAP_SCADA,51,0.004804973703753171
1,B_svc,2,0.1696109973659828,52,0.16775472795433324,MAP_SCADA,51,0.0018562694116495693
2,UPFC_Vsh,5-15,1.111682729996886,52,1.1134707363951042,MAP_SCADA,51,0.0017880063982180783
3,UPFC_tsh,5-15,-0.2380664599567824,52,-0.24468702897118194,MAP_SCADA,51,0.00662056901439953
4,UPFC_Vse,5-15,0.0636095662815725,52,0.06108764641857782,MAP_SCADA,51,0.002521919862994673
5,UPFC_tse,5-15,-2.190966086526349,52,-2.173900401794008,MAP_SCADA,51,0.017065684732341158
0,x_tcsc,1-14,-0.10136893818338043,53,-0.09843835549311188,MAP_SCADA,51,0.0029305826902685517
1,B_svc,2,0.1763356233567943,53,0.16775472795433324,MAP_SCADA,51,0.00858089540246107
2,UPFC_Vsh,5-15,1.1071755978151345,53,1.1134707363951042,MAP_SCADA,51,0.006295138579969661
3,UPFC_tsh,5-15,-0.24045414133719084,53,-0.24468702897118194,MAP_SCADA,51,0.0042328876339911
4,UPFC_Vse,5-15,0.06363480196190133,53,0.06108764641857782,MAP_SCADA,51,0.0025471555433235066
5,UPFC_tse,5-15,-2.1940031377680684,53,-2.173900401794008,MAP_SCADA,51,0.020102735974060426
0,x_tcsc,1-14,-0.10324843381027872,54,-0.09843835549311188,MAP_SCADA,51,0.004810078317166844
1,B_svc,2,0.17285646172672728,54,0.16775472795433324,MAP_SCADA,51,0.005101733772394035
2,UPFC_Vsh,5-15,1.1064658011062947,54,1.1134707363951042,MAP_SCADA,51,0.007004935288809522
3,UPFC_tsh,5-15,-0.24019351975165645,54,-0.24468702897118194,MAP_SCADA,51,0.004493509219525488
4,UPFC_Vse,5-15,0.0631805362478855,54,0.06108764641857782,MAP_SCADA,51,0.0020928898293076786
5,UPFC_tse,5-15,-2.1928662900195057,54,-2.173900401794008,MAP_SCADA,51,0.018965888225497718
0,x_tcsc,1-14,-0.1019788974557904,55,-0.09843835549311188,MAP_SCADA,51,0.0035405419626785284
1,B_svc,2,0.1762892680006951,55,0.16775472795433324,MAP_SCADA,51,0.008534540046361866
2,UPFC_Vsh,5-15,1.1068642261414183,55,1.1134707363951042,MAP_SCADA,51,0.00660651025368586
3,UPFC_tsh,5-15,-0.2403625187434593,55,-0.24468702897118194,MAP_SCADA,51,0.00432451022772265
4,UPFC_Vse,5-15,0.06392525493854063,55,0.06108764641857782,MAP_SCADA,51,0.0028376085199628143
5,UPFC_tse,5-15,-2.1962706712338904,55,-2.173900401794008,MAP_SCADA,51,0.022370269439882406
0,x_tcsc,1-14,-0.10527974321233675,56,-0.09843835549311188,MAP_SCADA,51,0.006841387719224878
1,B_svc,2,0.167632286351566,56,0.16775472795433324,MAP_SCADA,51,0.0001224416027672537
2,UPFC_Vsh,5-15,1.1086875892260313,56,1.1134707363951042,MAP_SCADA,51,0.00478314716907291
3,UPFC_tsh,5-15,-0.23816006534123574,56,-0.24468702897118194,MAP_SCADA,51,0.006526963629946203
4,UPFC_Vse,5-15,0.06254446606212997,56,0.06108764641857782,MAP_SCADA,51,0.001456819643552154
5,UPFC_tse,5-15,-2.1879062130788323,56,-2.173900401794008,MAP_SCADA,51,0.014005811284824254
0,x_tcsc,1-14,-0.10179695860865144,57,-0.09843835549311188,MAP_SCADA,51,0.0033586031155395657
1,B_svc,2,0.17922775758191414,57,0.16775472795433324,MAP_SCADA,51,0.0114730296275809
2,UPFC_Vsh,5-15,1.1053913401140298,57,1.1134707363951042,MAP_SCADA,51,0.008079396281074347
3,UPFC_tsh,5-15,-0.24078070444873179,57,-0.24468702897118194,MAP_SCADA,51,0.003906324522450155
4,UPFC_Vse,5-15,0.0628623967199648,57,0.06108764641857782,MAP_SCADA,51,0.0017747503013869764
5,UPFC_tse,5-15,-2.19228846799818,57,-2.173900401794008,MAP_SCADA,51,0.01838806620417177
0,x_tcsc,1-14,-0.10438407717916225,58,-0.09843835549311188,MAP_SCADA,51,0.00594572168605037
1,B_svc,2,0.1710229922972262,58,0.16775472795433324,MAP_SCADA,51,0.003268264342892957
2,UPFC_Vsh,5-15,1.1084581412862453,58,1.1134707363951042,MAP_SCADA,51,0.005012595108858875
3,UPFC_tsh,5-15,-0.23826230188521025,58,-0.24468702897118194,MAP_SCADA,51,0.006424727085971693
4,UPFC_Vse,5-15,0.06312944551932835,58,0.06108764641857782,MAP_SCADA,51,0.00204179910075053
5,UPFC_tse,5-15,-2.1876418894390635,58,-2.173900401794008,MAP_SCADA,51,0.01374148764505545
0,x_tcsc,1-14,-0.10383418172265896,59,-0.09843835549311188,MAP_SCADA,51,0.005395826229547082
1,B_svc,2,0.17312892218344747,59,0.16775472795433324,MAP_SCADA,51,0.005374194229114226
2,UPFC_Vsh,5-15,1.1072547742868786,59,1.1134707363951042,MAP_SCADA,51,0.0062159621082256145
3,UPFC_tsh,5-15,-0.23890156901931114,59,-0.24468702897118194,MAP_SCADA,51,0.005785459951870797
4,UPFC_Vse,5-15,0.06299379008888283,59,0.06108764641857782,MAP_SCADA,51,0.001906143670305005
5,UPFC_tse,5-15,-2.1917922454989034,59,-2.173900401794008,MAP_SCADA,51,0.017891843704895383
0,x_tcsc,1-14,-0.10327191665118586,60,-0.09843835549311188,MAP_SCADA,51,0.0048335611580739846
1,B_svc,2,0.16996069385126053,60,0.16775472795433324,MAP_SCADA,51,0.0022059658969272866
2,UPFC_Vsh,5-15,1.1098518577775867,60,1.1134707363951042,MAP_SCADA,51,0.003618878617517529
3,UPFC_tsh,5-15,-0.23820244736558496,60,-0.24468702897118194,MAP_SCADA,51,0.0064845816055969785
4,UPFC_Vse,5-15,0.06292108618224466,60,0.06108764641857782,MAP_SCADA,51,0.0018334397636668442
5,UPFC_tse,5-15,-2.187923879159447,60,-2.173900401794008,MAP_SCADA,51,0.014023477365439074
0,x_tcsc,1-14,-0.10443203071954701,61,-0.09843835549311188,MAP_SCADA,51,0.005993675226435138
1,B_svc,2,0.16903423354943337,61,0.16775472795433324,MAP_SCADA,51,0.0012795055951001222
2,UPFC_Vsh,5-15,1.110202654342042,61,1.1134707363951042,MAP_SCADA,51,0.0032680820530621713
3,UPFC_tsh,5-15,-0.23777468793642412,61,-0.24468702897118194,MAP_SCADA,51,0.006912341034757824
4,UPFC_Vse,5-15,0.06314581996839719,61,0.06108764641857782,MAP_SCADA,51,0.002058173549819367
5,UPFC_tse,5-15,-2.1855869768875538,61,-2.173900401794008,MAP_SCADA,51,0.011686575093545759
0,x_tcsc,1-14,-0.1018979327156657,62,-0.09843835549311188,MAP_SCADA,51,0.003459577222553828
1,B_svc,2,0.17427711005926577,62,0.16775472795433324,MAP_SCADA,51,0.006522382104932528
2,UPFC_Vsh,5-15,1.1095015499881347,62,1.1134707363951042,MAP_SCADA,51,0.003969186406969527
3,UPFC_tsh,5-15,-0.23957433529079633,62,-0.24468702897118194,MAP_SCADA,51,0.0051126936803856105
4,UPFC_Vse,5-15,0.06324467634335171,62,0.06108764641857782,MAP_SCADA,51,0.0021570299247738872
5,UPFC_tse,5-15,-2.194724354980753,62,-2.173900401794008,MAP_SCADA,51,0.020823953186745126
0,x_tcsc,1-14,-0.1047565086025988,63,-0.09843835549311188,MAP_SCADA,51,0.006318153109486926
1,B_svc,2,0.16464257816312167,63,0.16775472795433324,MAP_SCADA,51,0.003112149791211577
2,UPFC_Vsh,5-15,1.1108932720561624,63,1.1134707363951042,MAP_SCADA,51,0.002577464338941793
3,UPFC_tsh,5-15,-0.23730546416250609,63,-0.24468702897118194,MAP_SCADA,51,0.007381564808675856
4,UPFC_Vse,5-15,0.06270315531355272,63,0.06108764641857782,MAP_SCADA,51,0.0016155088949749014
5,UPFC_tse,5-15,-2.1891048347645268,63,-2.173900401794008,MAP_SCADA,51,0.015204432970518766
0,x_tcsc,1-14,-0.10149762845702923,64,-0.09843835549311188,MAP_SCADA,51,0.0030592729639173505
1,B_svc,2,0.17041915878050962,64,0.16775472795433324,MAP_SCADA,51,0.0026644308261763727
2,UPFC_Vsh,5-15,1.1100417205424307,64,1.1134707363951042,MAP_SCADA,51,0.0034290158526735226
3,UPFC_tsh,5-15,-0.23829959354425628,64,-0.24468702897118194,MAP_SCADA,51,0.006387435426925658
4,UPFC_Vse,5-15,0.06332037722712637,64,0.06108764641857782,MAP_SCADA,51,0.0022327308085485498
5,UPFC_tse,5-15,-2.1874300265671645,64,-2.173900401794008,MAP_SCADA,51,0.013529624773156446
0,x_tcsc,1-14,-0.1029503968470731,65,-0.09843835549311188,MAP_SCADA,51,0.00451204135396123
1,B_svc,2,0.1727546126568781,65,0.16775472795433324,MAP_SCADA,51,0.004999884702544866
2,UPFC_Vsh,5-15,1.1090411589252558,65,1.1134707363951042,MAP_SCADA,51,0.0044295774698484
3,UPFC_tsh,5-15,-0.2391466538977477,65,-0.24468702897118194,MAP_SCADA,51,0.005540375073434245
4,UPFC_Vse,5-15,0.06267864255580684,65,0.06108764641857782,MAP_SCADA,51,0.0015909961372290171
5,UPFC_tse,5-15,-2.194609229181598,65,-2.173900401794008,MAP_SCADA,51,0.020708827387589945
0,x_tcsc,1-14,-0.10255764452678089,66,-0.09843835549311188,MAP_SCADA,51,0.00411928903366901
1,B_svc,2,0.17335932811787075,66,0.16775472795433324,MAP_SCADA,51,0.005604600163537504
2,UPFC_Vsh,5-15,1.1067821196443008,66,1.1134707363951042,MAP_SCADA,51,0.0066886167508033445
3,UPFC_tsh,5-15,-0.24009114421968414,66,-0.24468702897118194,MAP_SCADA,51,0.004595884751497803
4,UPFC_Vse,5-15,0.06383770986129642,66,0.06108764641857782,MAP_SCADA,51,0.002750063442718595
5,UPFC_tse,5-15,-2.189975251551576,66,-2.173900401794008,MAP_SCADA,51,0.01607484975756801
0,x_tcsc,1-14,-0.10257961106253177,67,-0.09843835549311188,MAP_SCADA,51,0.004141255569419897
1,B_svc,2,0.1742425484016374,67,0.16775472795433324,MAP_SCADA,51,0.006487820447304143
2,UPFC_Vsh,5-15,1.1083253567254918,67,1.1134707363951042,MAP_SCADA,51,0.005145379669612371
3,UPFC_tsh,5-15,-0.23958027079370714,67,-0.24468702897118194,MAP_SCADA,51,0.005106758177474802
4,UPFC_Vse,5-15,0.06314568162052941,67,0.06108764641857782,MAP_SCADA,51,0.002058035201951594
5,UPFC_tse,5-15,-2.1901283364202158,67,-2.173900401794008,MAP_SCADA,51,0.01622793462620775
0,x_tcsc,1-14,-0.10263337111071213,68,-0.09843835549311188,MAP_SCADA,51,0.004195015617600259
1,B_svc,2,0.17100614863303598,68,0.16775472795433324,MAP_SCADA,51,0.0032514206787027378
2,UPFC_Vsh,5-15,1.1100202564761716,68,1.1134707363951042,MAP_SCADA,51,0.0034504799189325475
3,UPFC_tsh,5-15,-0.23892424588676187,68,-0.24468702897118194,MAP_SCADA,51,0.005762783084420076
4,UPFC_Vse,5-15,0.06251988918292863,68,0.06108764641857782,MAP_SCADA,51,0.0014322427643508051
5,UPFC_tse,5-15,-2.187948808276476,68,-2.173900401794008,MAP_SCADA,51,0.014048406482467968
0,x_tcsc,1-14,-0.10299316820601115,69,-0.09843835549311188,MAP_SCADA,51,0.004554812712899273
1,B_svc,2,0.16947360486173987,69,0.16775472795433324,MAP_SCADA,51,0.0017188769074066301
2,UPFC_Vsh,5-15,1.1089815892970292,69,1.1134707363951042,MAP_SCADA,51,0.004489147098075019
3,UPFC_tsh,5-15,-0.2385254375662905,69,-0.24468702897118194,MAP_SCADA,51,0.006161591404891448
4,UPFC_Vse,5-15,0.06214377261304217,69,0.06108764641857782,MAP_SCADA,51,0.0010561261944643519
5,UPFC_tse,5-15,-2.1892225229127744,69,-2.173900401794008,MAP_SCADA,51,0.015322121118766407
0,x_tcsc,1-14,-0.10185809716055308,70,-0.09843835549311188,MAP_SCADA,51,0.0034197416674412034
1,B_svc,2,0.1712652326521477,70,0.16775472795433324,MAP_SCADA,51,0.0035105046978144427
2,UPFC_Vsh,5-15,1.1087057236793505,70,1.1134707363951042,MAP_SCADA,51,0.0047650127157536915
3,UPFC_tsh,5-15,-0.2391822748874336,70,-0.24468702897118194,MAP_SCADA,51,0.005504754083748342
4,UPFC_Vse,5-15,0.06257359134144821,70,0.06108764641857782,MAP_SCADA,51,0.0014859449228703941
5,UPFC_tse,5-15,-2.1913194357175967,70,-2.173900401794008,MAP_SCADA,51,0.017419033923588678
0,x_tcsc,1-14,-0.10524162761546635,71,-0.09843835549311188,MAP_SCADA,51,0.006803272122354473
1,B_svc,2,0.16611244629803404,71,0.16775472795433324,MAP_SCADA,51,0.0016422816562992049
2,UPFC_Vsh,5-15,1.1096813062861652,71,1.1134707363951042,MAP_SCADA,51,0.0037894301089389515
3,UPFC_tsh,5-15,-0.23770084547255427,71,-0.24468702897118194,MAP_SCADA,51,0.006986183498627674
4,UPFC_Vse,5-15,0.06383213767638687,71,0.06108764641857782,MAP_SCADA,51,0.0027444912578090536
5,UPFC_tse,5-15,-2.1861294420596007,71,-2.173900401794008,MAP_SCADA,51,0.012229040265592683
0,x_tcsc,1-14,-0.10233283399276083,72,-0.09843835549311188,MAP_SCADA,51,0.003894478499648954
1,B_svc,2,0.17345561181975075,72,0.16775472795433324,MAP_SCADA,51,0.005700883865417505
2,UPFC_Vsh,5-15,1.1081896369708146,72,1.1134707363951042,MAP_SCADA,51,0.005281099424289559
3,UPFC_tsh,5-15,-0.2390668542505105,72,-0.24468702897118194,MAP_SCADA,51,0.005620174720671445
4,UPFC_Vse,5-15,0.06308312190652304,72,0.06108764641857782,MAP_SCADA,51,0.0019954754879452224
5,UPFC_tse,5-15,-2.1950210742699534,72,-2.173900401794008,MAP_SCADA,51,0.0211206724759454
0,x_tcsc,1-14,-0.10300572656616798,73,-0.09843835549311188,MAP_SCADA,51,0.0045673710730561035
1,B_svc,2,0.1699124075334846,73,0.16775472795433324,MAP_SCADA,51,0.0021576795791513614
2,UPFC_Vsh,5-15,1.111688763891842,73,1.1134707363951042,MAP_SCADA,51,0.0017819725032621747
3,UPFC_tsh,5-15,-0.23754253964747926,73,-0.24468702897118194,MAP_SCADA,51,0.00714448932370268
4,UPFC_Vse,5-15,0.06295480558574423,73,0.06108764641857782,MAP_SCADA,51,0.0018671591671664128
5,UPFC_tse,5-15,-2.1898784956330895,73,-2.173900401794008,MAP_SCADA,51,0.015978093839081442
0,x_tcsc,1-14,-0.10514924575789812,74,-0.09843835549311188,MAP_SCADA,51,0.006710890264786246
1,B_svc,2,0.16485838462843566,74,0.16775472795433324,MAP_SCADA,51,0.0028963433258975824
2,UPFC_Vsh,5-15,1.1083799244483572,74,1.1134707363951042,MAP_SCADA,51,0.005090811946746987
3,UPFC_tsh,5-15,-0.23760004359913878,74,-0.24468702897118194,MAP_SCADA,51,0.007086985372043164
4,UPFC_Vse,5-15,0.06298926157265705,74,0.06108764641857782,MAP_SCADA,51,0.0019016151540792309
5,UPFC_tse,5-15,-2.1901337929582283,74,-2.173900401794008,MAP_SCADA,51,0.01623339116422029
0,x_tcsc,1-14,-0.10232746305722461,75,-0.09843835549311188,MAP_SCADA,51,0.0038891075641127315
1,B_svc,2,0.17313561704027464,75,0.16775472795433324,MAP_SCADA,51,0.005380889085941393
2,UPFC_Vsh,5-15,1.1109635601407246,75,1.1134707363951042,MAP_SCADA,51,0.002507176254379573
3,UPFC_tsh,5-15,-0.2383956924953973,75,-0.24468702897118194,MAP_SCADA,51,0.006291336475784642
4,UPFC_Vse,5-15,0.06252459057740888,75,0.06108764641857782,MAP_SCADA,51,0.001436944158831055
5,UPFC_tse,5-15,-2.1931506194433967,75,-2.173900401794008,MAP_SCADA,51,0.019250217649388723
0,x_tcsc,1-14,-0.10346791682523426,76,-0.09843835549311188,MAP_SCADA,51,0.005029561332122387
1,B_svc,2,0.16888588364988585,76,0.16775472795433324,MAP_SCADA,51,0.0011311556955526103
2,UPFC_Vsh,5-15,1.1099742200180993,76,1.1134707363951042,MAP_SCADA,51,0.003496516377004877
3,UPFC_tsh,5-15,-0.23913273123024675,76,-0.24468702897118194,MAP_SCADA,51,0.005554297740935188
4,UPFC_Vse,5-15,0.06273977661451471,76,0.06108764641857782,MAP_SCADA,51,0.0016521301959368934
5,UPFC_tse,5-15,-2.1907842344148376,76,-2.173900401794008,MAP_SCADA,51,0.016883832620829597
0,x_tcsc,1-14,-0.1031683208624105,77,-0.09843835549311188,MAP_SCADA,51,0.004729965369298622
1,B_svc,2,0.16891396732518127,77,0.16775472795433324,MAP_SCADA,51,0.0011592393708480253
2,UPFC_Vsh,5-15,1.1077683373382927,77,1.1134707363951042,MAP_SCADA,51,0.005702399056811469
3,UPFC_tsh,5-15,-0.23970109057894223,77,-0.24468702897118194,MAP_SCADA,51,0.004985938392239708
4,UPFC_Vse,5-15,0.06299287105766653,77,0.06108764641857782,MAP_SCADA,51,0.0019052246390887095
5,UPFC_tse,5-15,-2.189390037798933,77,-2.173900401794008,MAP_SCADA,51,0.015489636004924812
0,x_tcsc,1-14,-0.1003523763282444,78,-0.09843835549311188,MAP_SCADA,51,0.001914020835132521
1,B_svc,2,0.1781374744137755,78,0.16775472795433324,MAP_SCADA,51,0.01038274645944226
2,UPFC_Vsh,5-15,1.1064367614323085,78,1.1134707363951042,MAP_SCADA,51,0.007033974962795675
3,UPFC_tsh,5-15,-0.24069360638132725,78,-0.24468702897118194,MAP_SCADA,51,0.003993422589854689
4,UPFC_Vse,5-15,0.0636058583757046,78,0.06108764641857782,MAP_SCADA,51,0.002518211957126773
5,UPFC_tse,5-15,-2.1934335928061675,78,-2.173900401794008,MAP_SCADA,51,0.019533191012159445
0,x_tcsc,1-14,-0.10276773053574277,79,-0.09843835549311188,MAP_SCADA,51,0.004329375042630895
1,B_svc,2,0.1680802978468382,79,0.16775472795433324,MAP_SCADA,51,0.0003255698925049566
2,UPFC_Vsh,5-15,1.1117810693734493,79,1.1134707363951042,MAP_SCADA,51,0.0016896670216548504
3,UPFC_tsh,5-15,-0.237322468516072,79,-0.24468702897118194,MAP_SCADA,51,0.007364560455109942
4,UPFC_Vse,5-15,0.06270065158906427,79,0.06108764641857782,MAP_SCADA,51,0.001613005170486445
5,UPFC_tse,5-15,-2.1869983063602736,79,-2.173900401794008,MAP_SCADA,51,0.013097904566265584
0,x_tcsc,1-14,-0.10316049789480242,80,-0.09843835549311188,MAP_SCADA,51,0.0047221424016905406
1,B_svc,2,0.17065832407353948,80,0.16775472795433324,MAP_SCADA,51,0.0029035961192062365
2,UPFC_Vsh,5-15,1.1092538073589127,80,1.1134707363951042,MAP_SCADA,51,0.00421692903619153
3,UPFC_tsh,5-15,-0.239140938455551,80,-0.24468702897118194,MAP_SCADA,51,0.00554609051563093
4,UPFC_Vse,5-15,0.063109103691046,80,0.06108764641857782,MAP_SCADA,51,0.0020214572724681773
5,UPFC_tse,5-15,-2.1914075308370156,80,-2.173900401794008,MAP_SCADA,51,0.017507129043007552
0,x_tcsc,1-14,-0.10041044236733196,81,-0.09843835549311188,MAP_SCADA,51,0.001972086874220083
1,B_svc,2,0.18123476065321326,81,0.16775472795433324,MAP_SCADA,51,0.013480032698880012
2,UPFC_Vsh,5-15,1.1059665821283136,81,1.1134707363951042,MAP_SCADA,51,0.00750415426679063
3,UPFC_tsh,5-15,-0.24094205153019474,81,-0.24468702897118194,MAP_SCADA,51,0.0037449774409872016
4,UPFC_Vse,5-15,0.06307815871124836,81,0.06108764641857782,MAP_SCADA,51,0.0019905122926705404
5,UPFC_tse,5-15,-2.195590834076475,81,-2.173900401794008,MAP_SCADA,51,0.021690432282467142
0,x_tcsc,1-14,-0.10457447478471675,82,-0.09843835549311188,MAP_SCADA,51,0.006136119291604875
1,B_svc,2,0.16783207973975625,82,0.16775472795433324,MAP_SCADA,51,7.735178542300769e-05
2,UPFC_Vsh,5-15,1.110012346364267,82,1.1134707363951042,MAP_SCADA,51,0.003458390030837144
3,UPFC_tsh,5-15,-0.2376586382346466,82,-0.24468702897118194,MAP_SCADA,51,0.007028390736535328
4,UPFC_Vse,5-15,0.06331608203981146,82,0.06108764641857782,MAP_SCADA,51,0.002228435621233635
5,UPFC_tse,5-15,-2.1867291866877543,82,-2.173900401794008,MAP_SCADA,51,0.012828784893746281
0,x_tcsc,1-14,-0.1031657595623476,83,-0.09843835549311188,MAP_SCADA,51,0.004727404069235719
1,B_svc,2,0.17424357418869788,83,0.16775472795433324,MAP_SCADA,51,0.006488846234364631
2,UPFC_Vsh,5-15,1.1072885960269414,83,1.1134707363951042,MAP_SCADA,51,0.006182140368162781
3,UPFC_tsh,5-15,-0.23966310880723438,83,-0.24468702897118194,MAP_SCADA,51,0.005023920163947565
4,UPFC_Vse,5-15,0.06304301881323121,83,0.06108764641857782,MAP_SCADA,51,0.00195537239465339
5,UPFC_tse,5-15,-2.1962086599650283,83,-2.173900401794008,MAP_SCADA,51,0.022308258171020334
0,x_tcsc,1-14,-0.10333678174264938,84,-0.09843835549311188,MAP_SCADA,51,0.004898426249537499
1,B_svc,2,0.16992623847206714,84,0.16775472795433324,MAP_SCADA,51,0.002171510517733899
2,UPFC_Vsh,5-15,1.108396689227261,84,1.1134707363951042,MAP_SCADA,51,0.00507404716784321
3,UPFC_tsh,5-15,-0.23891537987045408,84,-0.24468702897118194,MAP_SCADA,51,0.00577164910072786
4,UPFC_Vse,5-15,0.06353080171285039,84,0.06108764641857782,MAP_SCADA,51,0.002443155294272567
5,UPFC_tse,5-15,-2.1934515204379577,84,-2.173900401794008,MAP_SCADA,51,0.01955111864394965
0,x_tcsc,1-14,-0.10081655054250013,85,-0.09843835549311188,MAP_SCADA,51,0.002378195049388257
1,B_svc,2,0.17694535235740244,85,0.16775472795433324,MAP_SCADA,51,0.009190624403069197
2,UPFC_Vsh,5-15,1.1073705397164069,85,1.1134707363951042,MAP_SCADA,51,0.006100196678697323
3,UPFC_tsh,5-15,-0.2398156892148108,85,-0.24468702897118194,MAP_SCADA,51,0.004871339756371135
4,UPFC_Vse,5-15,0.06285607316405972,85,0.06108764641857782,MAP_SCADA,51,0.001768426745481902
5,UPFC_tse,5-15,-2.1933991813687634,85,-2.173900401794008,MAP_SCADA,51,0.01949877957475543
0,x_tcsc,1-14,-0.10456865424775502,86,-0.09843835549311188,MAP_SCADA,51,0.006130298754643146
1,B_svc,2,0.1666530528575441,86,0.16775472795433324,MAP_SCADA,51,0.0011016750967891564
2,UPFC_Vsh,5-15,1.1106773055855599,86,1.1134707363951042,MAP_SCADA,51,0.002793430809544306
3,UPFC_tsh,5-15,-0.23739767838514195,86,-0.24468702897118194,MAP_SCADA,51,0.007289350586039994
4,UPFC_Vse,5-15,0.06257029657897878,86,0.06108764641857782,MAP_SCADA,51,0.0014826501604009584
5,UPFC_tse,5-15,-2.189342971517965,86,-2.173900401794008,MAP_SCADA,51,0.015442569723957078
0,x_tcsc,1-14,-0.1014522893066262,87,-0.09843835549311188,MAP_SCADA,51,0.0030139338135143218
1,B_svc,2,0.1759377983837093,87,0.16775472795433324,MAP_SCADA,51,0.00818307042937605
2,UPFC_Vsh,5-15,1.1075747788641153,87,1.1134707363951042,MAP_SCADA,51,0.005895957530988927
3,UPFC_tsh,5-15,-0.23996026048803054,87,-0.24468702897118194,MAP_SCADA,51,0.0047267684831514
4,UPFC_Vse,5-15,0.0631287474103788,87,0.06108764641857782,MAP_SCADA,51,0.0020411009918009787
5,UPFC_tse,5-15,-2.192029188740658,87,-2.173900401794008,MAP_SCADA,51,0.01812878694664999
0,x_tcsc,1-14,-0.10308302753037737,88,-0.09843835549311188,MAP_SCADA,51,0.004644672037265499
1,B_svc,2,0.17448784950738527,88,0.16775472795433324,MAP_SCADA,51,0.006733121553052029
2,UPFC_Vsh,5-15,1.1061476784346318,88,1.1134707363951042,MAP_SCADA,51,0.00732305796047239
3,UPFC_tsh,5-15,-0.24050589806222702,88,-0.24468702897118194,MAP_SCADA,51,0.0041811309089549165
4,UPFC_Vse,5-15,0.06268005160067479,88,0.06108764641857782,MAP_SCADA,51,0.0015924051820969676
5,UPFC_tse,5-15,-2.190872120562374,88,-2.173900401794008,MAP_SCADA,51,0.016971718768366006
0,x_tcsc,1-14,-0.10267111452075099,89,-0.09843835549311188,MAP_SCADA,51,0.004232759027639116
1,B_svc,2,0.16961778126943405,89,0.16775472795433324,MAP_SCADA,51,0.00186305331510081
2,UPFC_Vsh,5-15,1.1079274160944588,89,1.1134707363951042,MAP_SCADA,51,0.005543320300645416
3,UPFC_tsh,5-15,-0.23875734153579592,89,-0.24468702897118194,MAP_SCADA,51,0.005929687435386022
4,UPFC_Vse,5-15,0.06317546712596372,89,0.06108764641857782,MAP_SCADA,51,0.002087820707385904
5,UPFC_tse,5-15,-2.1882457540257323,89,-2.173900401794008,MAP_SCADA,51,0.014345352231724284
0,x_tcsc,1-14,-0.10613469936333164,90,-0.09843835549311188,MAP_SCADA,51,0.007696343870219766
1,B_svc,2,0.16006816122231587,90,0.16775472795433324,MAP_SCADA,51,0.007686566732017369
2,UPFC_Vsh,5-15,1.1094315761130153,90,1.1134707363951042,MAP_SCADA,51,0.004039160282088838
3,UPFC_tsh,5-15,-0.23704302088232218,90,-0.24468702897118194,MAP_SCADA,51,0.007644008088859761
4,UPFC_Vse,5-15,0.06352188556720155,90,0.06108764641857782,MAP_SCADA,51,0.002434239148623729
5,UPFC_tse,5-15,-2.187971846351272,90,-2.173900401794008,MAP_SCADA,51,0.014071444557263835
0,x_tcsc,1-14,-0.10274183533505725,91,-0.09843835549311188,MAP_SCADA,51,0.0043034798419453735
1,B_svc,2,0.1712474167571244,91,0.16775472795433324,MAP_SCADA,51,0.0034926888027911607
2,UPFC_Vsh,5-15,1.1081719272205834,91,1.1134707363951042,MAP_SCADA,51,0.005298809174520747
3,UPFC_tsh,5-15,-0.23991407693170547,91,-0.24468702897118194,MAP_SCADA,51,0.004772952039476475
4,UPFC_Vse,5-15,0.06319960057066118,91,0.06108764641857782,MAP_SCADA,51,0.002111954152083359
5,UPFC_tse,5-15,-2.189139377730668,91,-2.173900401794008,MAP_SCADA,51,0.015238975936660015
0,x_tcsc,1-14,-0.10529554962383599,92,-0.09843835549311188,MAP_SCADA,51,0.006857194130724109
1,B_svc,2,0.164802444766533,92,0.16775472795433324,MAP_SCADA,51,0.0029522831878002476
2,UPFC_Vsh,5-15,1.1091574366065957,92,1.1134707363951042,MAP_SCADA,51,0.004313299788508473
3,UPFC_tsh,5-15,-0.23715858961762765,92,-0.24468702897118194,MAP_SCADA,51,0.007528439353554295
4,UPFC_Vse,5-15,0.06325685516812932,92,0.06108764641857782,MAP_SCADA,51,0.002169208749551496
5,UPFC_tse,5-15,-2.185841384590449,92,-2.173900401794008,MAP_SCADA,51,0.01194098279644118
0,x_tcsc,1-14,-0.10198001686873225,93,-0.09843835549311188,MAP_SCADA,51,0.0035416613756203696
1,B_svc,2,0.1745075075648837,93,0.16775472795433324,MAP_SCADA,51,0.006752779610550458
2,UPFC_Vsh,5-15,1.1077672411780743,93,1.1134707363951042,MAP_SCADA,51,0.005703495217029841
3,UPFC_tsh,5-15,-0.24025055114601698,93,-0.24468702897118194,MAP_SCADA,51,0.004436477825164958
4,UPFC_Vse,5-15,0.06302712550417613,93,0.06108764641857782,MAP_SCADA,51,0.001939479085598314
5,UPFC_tse,5-15,-2.193898147976288,93,-2.173900401794008,MAP_SCADA,51,0.019997746182280007
0,x_tcsc,1-14,-0.10240752827041755,94,-0.09843835549311188,MAP_SCADA,51,0.003969172777305671
1,B_svc,2,0.17267742847899017,94,0.16775472795433324,MAP_SCADA,51,0.004922700524656931
2,UPFC_Vsh,5-15,1.1060683377314755,94,1.1134707363951042,MAP_SCADA,51,0.007402398663628684
3,UPFC_tsh,5-15,-0.23966172718881376,94,-0.24468702897118194,MAP_SCADA,51,0.00502530178236818
4,UPFC_Vse,5-15,0.06356182781739468,94,0.06108764641857782,MAP_SCADA,51,0.0024741813988168604
5,UPFC_tse,5-15,-2.1899317687571993,94,-2.173900401794008,MAP_SCADA,51,0.016031366963191296
0,x_tcsc,1-14,-0.1015701753308845,95,-0.09843835549311188,MAP_SCADA,51,0.003131819837772623
1,B_svc,2,0.1739762418767858,95,0.16775472795433324,MAP_SCADA,51,0.006221513922452543
2,UPFC_Vsh,5-15,1.109278096323847,95,1.1134707363951042,MAP_SCADA,51,0.004192640071257081
3,UPFC_tsh,5-15,-0.23889218641001428,95,-0.24468702897118194,MAP_SCADA,51,0.005794842561167662
4,UPFC_Vse,5-15,0.06328697888437507,95,0.06108764641857782,MAP_SCADA,51,0.0021993324657972463
5,UPFC_tse,5-15,-2.194328809564617,95,-2.173900401794008,MAP_SCADA,51,0.02042840777060917
0,x_tcsc,1-14,-0.10232252245350033,96,-0.09843835549311188,MAP_SCADA,51,0.0038841669603884577
1,B_svc,2,0.17372121612069635,96,0.16775472795433324,MAP_SCADA,51,0.00596648816636311
2,UPFC_Vsh,5-15,1.108048298640947,96,1.1134707363951042,MAP_SCADA,51,0.005422437754157183
3,UPFC_tsh,5-15,-0.2395526260351638,96,-0.24468702897118194,MAP_SCADA,51,0.005134402936018134
4,UPFC_Vse,5-15,0.06360226093011265,96,0.06108764641857782,MAP_SCADA,51,0.0025146145115348267
5,UPFC_tse,5-15,-2.1900485756251924,96,-2.173900401794008,MAP_SCADA,51,0.016148173831184387
0,x_tcsc,1-14,-0.10333071641159243,97,-0.09843835549311188,MAP_SCADA,51,0.004892360918480554
1,B_svc,2,0.17110006030773722,97,0.16775472795433324,MAP_SCADA,51,0.003345332353403979
2,UPFC_Vsh,5-15,1.1083044207896122,97,1.1134707363951042,MAP_SCADA,51,0.005166315605491967
3,UPFC_tsh,5-15,-0.23860190996385314,97,-0.24468702897118194,MAP_SCADA,51,0.006085119007328804
4,UPFC_Vse,5-15,0.06399735750141623,97,0.06108764641857782,MAP_SCADA,51,0.002909711082838412
5,UPFC_tse,5-15,-2.19124066642229,97,-2.173900401794008,MAP_SCADA,51,0.017340264628281865
0,x_tcsc,1-14,-0.10426524521610846,98,-0.09843835549311188,MAP_SCADA,51,0.005826889722996581
1,B_svc,2,0.17011498705090078,98,0.16775472795433324,MAP_SCADA,51,0.002360259096567535
2,UPFC_Vsh,5-15,1.1100572819699157,98,1.1134707363951042,MAP_SCADA,51,0.003413454425188478
3,UPFC_tsh,5-15,-0.23770219494552186,98,-0.24468702897118194,MAP_SCADA,51,0.0069848340256600805
4,UPFC_Vse,5-15,0.06334543800654534,98,0.06108764641857782,MAP_SCADA,51,0.002257791587967517
5,UPFC_tse,5-15,-2.193521321270926,98,-2.173900401794008,MAP_SCADA,51,0.01962091947691791
0,x_tcsc,1-14,-0.10313457559422243,99,-0.09843835549311188,MAP_SCADA,51,0.0046962201011105514
1,B_svc,2,0.17001685418981957,99,0.16775472795433324,MAP_SCADA,51,0.002262126235486328
2,UPFC_Vsh,5-15,1.109765874666147,99,1.1134707363951042,MAP_SCADA,51,0.0037048617289572316
3,UPFC_tsh,5-15,-0.23838836964991572,99,-0.24468702897118194,MAP_SCADA,51,0.00629865932126622
4,UPFC_Vse,5-15,0.06302138463839355,99,0.06108764641857782,MAP_SCADA,51,0.0019337382198157255
5,UPFC_tse,5-15,-2.187957790781871,99,-2.173900401794008,MAP_SCADA,51,0.014057388987863018
0,x_tcsc,1-14,-0.10329353714551051,0,-0.09749920633276173,MAP_SCADA,53,0.005794330812748785
1,B_svc,2,0.16811519883705064,0,0.16751060592097347,MAP_SCADA,53,0.0006045929160771735
2,UPFC_Vsh,5-15,1.1098479333514264,0,1.114599987228435,MAP_SCADA,53,0.0047520538770085
3,UPFC_tsh,5-15,-0.23850846755793317,0,-0.2455721825006816,MAP_SCADA,53,0.007063714942748434
4,UPFC_Vse,5-15,0.06280396337550218,0,0.06179960569064277,MAP_SCADA,53,0.0010043576848594027
5,UPFC_tse,5-15,-2.189547936028691,0,-2.1737620505090027,MAP_SCADA,53,0.015785885519688403
0,x_tcsc,1-14,-0.10333449122731382,1,-0.09749920633276173,MAP_SCADA,53,0.005835284894552095
1,B_svc,2,0.17229278551833666,1,0.16751060592097347,MAP_SCADA,53,0.004782179597363184
2,UPFC_Vsh,5-15,1.1074218438606374,1,1.114599987228435,MAP_SCADA,53,0.00717814336779754
3,UPFC_tsh,5-15,-0.2393005791363044,1,-0.2455721825006816,MAP_SCADA,53,0.0062716033643772096
4,UPFC_Vse,5-15,0.06354372417136461,1,0.06179960569064277,MAP_SCADA,53,0.0017441184807218402
5,UPFC_tse,5-15,-2.188008410858818,1,-2.1737620505090027,MAP_SCADA,53,0.014246360349815301
0,x_tcsc,1-14,-0.10362651376837446,2,-0.09749920633276173,MAP_SCADA,53,0.006127307435612739
1,B_svc,2,0.16919022531694322,2,0.16751060592097347,MAP_SCADA,53,0.0016796193959697503
2,UPFC_Vsh,5-15,1.1102493941878657,2,1.114599987228435,MAP_SCADA,53,0.004350593040569173
3,UPFC_tsh,5-15,-0.23849235067663532,2,-0.2455721825006816,MAP_SCADA,53,0.007079831824046284
4,UPFC_Vse,5-15,0.06320110323422641,2,0.06179960569064277,MAP_SCADA,53,0.001401497543583638
5,UPFC_tse,5-15,-2.191367850099842,2,-2.1737620505090027,MAP_SCADA,53,0.01760579959083941
0,x_tcsc,1-14,-0.1022783976113678,3,-0.09749920633276173,MAP_SCADA,53,0.004779191278606071
1,B_svc,2,0.17447641250969634,3,0.16751060592097347,MAP_SCADA,53,0.006965806588722867
2,UPFC_Vsh,5-15,1.1077086780665086,3,1.114599987228435,MAP_SCADA,53,0.006891309161926262
3,UPFC_tsh,5-15,-0.239679881625969,3,-0.2455721825006816,MAP_SCADA,53,0.005892300874712597
4,UPFC_Vse,5-15,0.06420872154220497,3,0.06179960569064277,MAP_SCADA,53,0.002409115851562199
5,UPFC_tse,5-15,-2.1910131457639017,3,-2.1737620505090027,MAP_SCADA,53,0.017251095254898985
0,x_tcsc,1-14,-0.10394054656344608,4,-0.09749920633276173,MAP_SCADA,53,0.00644134023068435
1,B_svc,2,0.17253418900935183,4,0.16751060592097347,MAP_SCADA,53,0.005023583088378358
2,UPFC_Vsh,5-15,1.1080842679213603,4,1.114599987228435,MAP_SCADA,53,0.006515719307074619
3,UPFC_tsh,5-15,-0.23896792048445972,4,-0.2455721825006816,MAP_SCADA,53,0.006604262016221885
4,UPFC_Vse,5-15,0.06280615072875485,4,0.06179960569064277,MAP_SCADA,53,0.0010065450381120805
5,UPFC_tse,5-15,-2.190748734444064,4,-2.1737620505090027,MAP_SCADA,53,0.016986683935061198
0,x_tcsc,1-14,-0.10358721953952944,5,-0.09749920633276173,MAP_SCADA,53,0.006088013206767717
1,B_svc,2,0.16814849854113137,5,0.16751060592097347,MAP_SCADA,53,0.0006378926201578983
2,UPFC_Vsh,5-15,1.1103570430873901,5,1.114599987228435,MAP_SCADA,53,0.004242944141044758
3,UPFC_tsh,5-15,-0.23847268222950582,5,-0.2455721825006816,MAP_SCADA,53,0.007099500271175785
4,UPFC_Vse,5-15,0.06314489609101118,5,0.06179960569064277,MAP_SCADA,53,0.001345290400368404
5,UPFC_tse,5-15,-2.190275244913631,5,-2.1737620505090027,MAP_SCADA,53,0.016513194404628173
0,x_tcsc,1-14,-0.10350531559935731,6,-0.09749920633276173,MAP_SCADA,53,0.006006109266595588
1,B_svc,2,0.16889408616433438,6,0.16751060592097347,MAP_SCADA,53,0.0013834802433609072
2,UPFC_Vsh,5-15,1.1092796634959625,6,1.114599987228435,MAP_SCADA,53,0.005320323732472376
3,UPFC_tsh,5-15,-0.2386688698331191,6,-0.2455721825006816,MAP_SCADA,53,0.0069033126675625
4,UPFC_Vse,5-15,0.06287393598506438,6,0.06179960569064277,MAP_SCADA,53,0.0010743302944216104
5,UPFC_tse,5-15,-2.1904821780911643,6,-2.1737620505090027,MAP_SCADA,53,0.01672012758216157
0,x_tcsc,1-14,-0.10086561566381738,7,-0.09749920633276173,MAP_SCADA,53,0.003366409331055656
1,B_svc,2,0.17407933738082562,7,0.16751060592097347,MAP_SCADA,53,0.006568731459852151
2,UPFC_Vsh,5-15,1.1095504799373779,7,1.114599987228435,MAP_SCADA,53,0.0050495072910570205
3,UPFC_tsh,5-15,-0.23927897238709775,7,-0.2455721825006816,MAP_SCADA,53,0.006293210113583858
4,UPFC_Vse,5-15,0.06312921191592344,7,0.06179960569064277,MAP_SCADA,53,0.0013296062252806662
5,UPFC_tse,5-15,-2.1874008932882796,7,-2.1737620505090027,MAP_SCADA,53,0.01363884277927685
0,x_tcsc,1-14,-0.10415892026095726,8,-0.09749920633276173,MAP_SCADA,53,0.006659713928195532
1,B_svc,2,0.17134587093852688,8,0.16751060592097347,MAP_SCADA,53,0.0038352650175534075
2,UPFC_Vsh,5-15,1.107249958845356,8,1.114599987228435,MAP_SCADA,53,0.007350028383078966
3,UPFC_tsh,5-15,-0.23866553903984225,8,-0.2455721825006816,MAP_SCADA,53,0.006906643460839357
4,UPFC_Vse,5-15,0.06362033412494816,8,0.06179960569064277,MAP_SCADA,53,0.0018207284343053909
5,UPFC_tse,5-15,-2.186522927523441,8,-2.1737620505090027,MAP_SCADA,53,0.012760877014438066
0,x_tcsc,1-14,-0.10245107087655327,9,-0.09749920633276173,MAP_SCADA,53,0.00495186454379154
1,B_svc,2,0.1699705773336321,9,0.16751060592097347,MAP_SCADA,53,0.0024599714126586347
2,UPFC_Vsh,5-15,1.1111100280601645,9,1.114599987228435,MAP_SCADA,53,0.00348995916827044
3,UPFC_tsh,5-15,-0.23772898479278912,9,-0.2455721825006816,MAP_SCADA,53,0.00784319770789249
4,UPFC_Vse,5-15,0.06293157188011914,9,0.06179960569064277,MAP_SCADA,53,0.0011319661894763633
5,UPFC_tse,5-15,-2.1889726606857733,9,-2.1737620505090027,MAP_SCADA,53,0.015210610176770611
0,x_tcsc,1-14,-0.10201414245840422,10,-0.09749920633276173,MAP_SCADA,53,0.004514936125642494
1,B_svc,2,0.1773995230540244,10,0.16751060592097347,MAP_SCADA,53,0.009888917133050928
2,UPFC_Vsh,5-15,1.1078753800386845,10,1.114599987228435,MAP_SCADA,53,0.006724607189750431
3,UPFC_tsh,5-15,-0.23991346910294914,10,-0.2455721825006816,MAP_SCADA,53,0.005658713397732468
4,UPFC_Vse,5-15,0.06350055111044295,10,0.06179960569064277,MAP_SCADA,53,0.001700945419800176
5,UPFC_tse,5-15,-2.188397089259698,10,-2.1737620505090027,MAP_SCADA,53,0.014635038750695273
0,x_tcsc,1-14,-0.10309787691363395,11,-0.09749920633276173,MAP_SCADA,53,0.005598670580872225
1,B_svc,2,0.17229032263195573,11,0.16751060592097347,MAP_SCADA,53,0.0047797167109822625
2,UPFC_Vsh,5-15,1.106829264025858,11,1.114599987228435,MAP_SCADA,53,0.00777072320257699
3,UPFC_tsh,5-15,-0.23956457706822262,11,-0.2455721825006816,MAP_SCADA,53,0.0060076054324589845
4,UPFC_Vse,5-15,0.06366462202276205,11,0.06179960569064277,MAP_SCADA,53,0.0018650163321192736
5,UPFC_tse,5-15,-2.1891986298807464,11,-2.1737620505090027,MAP_SCADA,53,0.015436579371743697
0,x_tcsc,1-14,-0.10463812009775422,12,-0.09749920633276173,MAP_SCADA,53,0.007138913764992497
1,B_svc,2,0.16853615682973003,12,0.16751060592097347,MAP_SCADA,53,0.0010255509087565562
2,UPFC_Vsh,5-15,1.1081083885543885,12,1.114599987228435,MAP_SCADA,53,0.006491598674046362
3,UPFC_tsh,5-15,-0.23874039951966272,12,-0.2455721825006816,MAP_SCADA,53,0.006831782981018886
4,UPFC_Vse,5-15,0.06357887848112859,12,0.06179960569064277,MAP_SCADA,53,0.001779272790485814
5,UPFC_tse,5-15,-2.1899085293440548,12,-2.1737620505090027,MAP_SCADA,53,0.016146478835052047
0,x_tcsc,1-14,-0.10326192676854636,13,-0.09749920633276173,MAP_SCADA,53,0.0057627204357846296
1,B_svc,2,0.17236389006577532,13,0.16751060592097347,MAP_SCADA,53,0.0048532841448018504
2,UPFC_Vsh,5-15,1.10698736772081,13,1.114599987228435,MAP_SCADA,53,0.007612619507624929
3,UPFC_tsh,5-15,-0.23976528062347388,13,-0.2455721825006816,MAP_SCADA,53,0.005806901877207726
4,UPFC_Vse,5-15,0.06249443149756003,13,0.06179960569064277,MAP_SCADA,53,0.0006948258069172583
5,UPFC_tse,5-15,-2.196371164920003,13,-2.1737620505090027,MAP_SCADA,53,0.02260911441100033
0,x_tcsc,1-14,-0.1030504484184106,14,-0.09749920633276173,MAP_SCADA,53,0.005551242085648875
1,B_svc,2,0.16997033053296642,14,0.16751060592097347,MAP_SCADA,53,0.0024597246119929528
2,UPFC_Vsh,5-15,1.1110829106317943,14,1.114599987228435,MAP_SCADA,53,0.003517076596640578
3,UPFC_tsh,5-15,-0.2378859124752215,14,-0.2455721825006816,MAP_SCADA,53,0.007686270025460101
4,UPFC_Vse,5-15,0.0626573943935469,14,0.06179960569064277,MAP_SCADA,53,0.000857788702904122
5,UPFC_tse,5-15,-2.193799530913218,14,-2.1737620505090027,MAP_SCADA,53,0.02003748040421538
0,x_tcsc,1-14,-0.10309694119605492,15,-0.09749920633276173,MAP_SCADA,53,0.005597734863293194
1,B_svc,2,0.16693486271337285,15,0.16751060592097347,MAP_SCADA,53,0.0005757432076006208
2,UPFC_Vsh,5-15,1.112102866085488,15,1.114599987228435,MAP_SCADA,53,0.0024971211429469786
3,UPFC_tsh,5-15,-0.2382997699364943,15,-0.2455721825006816,MAP_SCADA,53,0.007272412564187314
4,UPFC_Vse,5-15,0.06256983739626225,15,0.06179960569064277,MAP_SCADA,53,0.0007702317056194757
5,UPFC_tse,5-15,-2.1883812738215953,15,-2.1737620505090027,MAP_SCADA,53,0.014619223312592577
0,x_tcsc,1-14,-0.10217489660297842,16,-0.09749920633276173,MAP_SCADA,53,0.0046756902702166925
1,B_svc,2,0.17394135187656679,16,0.16751060592097347,MAP_SCADA,53,0.006430745955593314
2,UPFC_Vsh,5-15,1.107960262070741,16,1.114599987228435,MAP_SCADA,53,0.006639725157693954
3,UPFC_tsh,5-15,-0.239206249885445,16,-0.2455721825006816,MAP_SCADA,53,0.0063659326152366025
4,UPFC_Vse,5-15,0.06271712989685814,16,0.06179960569064277,MAP_SCADA,53,0.0009175242062153671
5,UPFC_tse,5-15,-2.1939130467822623,16,-2.1737620505090027,MAP_SCADA,53,0.020150996273259558
0,x_tcsc,1-14,-0.10454469730310308,17,-0.09749920633276173,MAP_SCADA,53,0.00704549097034135
1,B_svc,2,0.16712461844377577,17,0.16751060592097347,MAP_SCADA,53,0.0003859874771977023
2,UPFC_Vsh,5-15,1.109370895589937,17,1.114599987228435,MAP_SCADA,53,0.005229091638497829
3,UPFC_tsh,5-15,-0.23753669429202756,17,-0.2455721825006816,MAP_SCADA,53,0.008035488208654046
4,UPFC_Vse,5-15,0.06325825102421366,17,0.06179960569064277,MAP_SCADA,53,0.0014586453335708877
5,UPFC_tse,5-15,-2.186313396630077,17,-2.1737620505090027,MAP_SCADA,53,0.012551346121074225
0,x_tcsc,1-14,-0.10112964944926826,18,-0.09749920633276173,MAP_SCADA,53,0.0036304431165065376
1,B_svc,2,0.17737976177681442,18,0.16751060592097347,MAP_SCADA,53,0.009869155855840944
2,UPFC_Vsh,5-15,1.109702083507929,18,1.114599987228435,MAP_SCADA,53,0.004897903720505914
3,UPFC_tsh,5-15,-0.23936642374053496,18,-0.2455721825006816,MAP_SCADA,53,0.006205758760146646
4,UPFC_Vse,5-15,0.06363139956315816,18,0.06179960569064277,MAP_SCADA,53,0.0018317938725153915
5,UPFC_tse,5-15,-2.1903458498537542,18,-2.1737620505090027,MAP_SCADA,53,0.016583799344751515
0,x_tcsc,1-14,-0.10321435202359344,19,-0.09749920633276173,MAP_SCADA,53,0.005715145690831716
1,B_svc,2,0.16810748723890664,19,0.16751060592097347,MAP_SCADA,53,0.0005968813179331733
2,UPFC_Vsh,5-15,1.1100965594026282,19,1.114599987228435,MAP_SCADA,53,0.004503427825806705
3,UPFC_tsh,5-15,-0.23852179981642677,19,-0.2455721825006816,MAP_SCADA,53,0.007050382684254841
4,UPFC_Vse,5-15,0.0625930905180296,19,0.06179960569064277,MAP_SCADA,53,0.0007934848273868228
5,UPFC_tse,5-15,-2.188351087150795,19,-2.1737620505090027,MAP_SCADA,53,0.01458903664179223
0,x_tcsc,1-14,-0.10354343396284567,20,-0.09749920633276173,MAP_SCADA,53,0.006044227630083943
1,B_svc,2,0.16703463626958456,20,0.16751060592097347,MAP_SCADA,53,0.0004759696513889078
2,UPFC_Vsh,5-15,1.1098341526661635,20,1.114599987228435,MAP_SCADA,53,0.0047658345622714204
3,UPFC_tsh,5-15,-0.23788774543338145,20,-0.2455721825006816,MAP_SCADA,53,0.007684437067300154
4,UPFC_Vse,5-15,0.06243570092208961,20,0.06179960569064277,MAP_SCADA,53,0.0006360952314468371
5,UPFC_tse,5-15,-2.191014469814827,20,-2.1737620505090027,MAP_SCADA,53,0.01725241930582433
0,x_tcsc,1-14,-0.10344129310754582,21,-0.09749920633276173,MAP_SCADA,53,0.005942086774784097
1,B_svc,2,0.1708677144969117,21,0.16751060592097347,MAP_SCADA,53,0.003357108575938239
2,UPFC_Vsh,5-15,1.1077101992879548,21,1.114599987228435,MAP_SCADA,53,0.006889787940480119
3,UPFC_tsh,5-15,-0.23998780930740443,21,-0.2455721825006816,MAP_SCADA,53,0.005584373193277176
4,UPFC_Vse,5-15,0.06297038816134898,21,0.06179960569064277,MAP_SCADA,53,0.0011707824707062053
5,UPFC_tse,5-15,-2.1940017442066315,21,-2.1737620505090027,MAP_SCADA,53,0.02023969369762879
0,x_tcsc,1-14,-0.10200268563517126,22,-0.09749920633276173,MAP_SCADA,53,0.004503479302409533
1,B_svc,2,0.17089704393936794,22,0.16751060592097347,MAP_SCADA,53,0.003386438018394472
2,UPFC_Vsh,5-15,1.11057128340465,22,1.114599987228435,MAP_SCADA,53,0.0040287038237849515
3,UPFC_tsh,5-15,-0.2383999901081647,22,-0.2455721825006816,MAP_SCADA,53,0.007172192392516902
4,UPFC_Vse,5-15,0.06284333278504248,22,0.06179960569064277,MAP_SCADA,53,0.0010437270943997046
5,UPFC_tse,5-15,-2.189614887509789,22,-2.1737620505090027,MAP_SCADA,53,0.015852837000786213
0,x_tcsc,1-14,-0.10414257550582919,23,-0.09749920633276173,MAP_SCADA,53,0.006643369173067459
1,B_svc,2,0.17302275696693312,23,0.16751060592097347,MAP_SCADA,53,0.005512151045959646
2,UPFC_Vsh,5-15,1.1062099902680418,23,1.114599987228435,MAP_SCADA,53,0.008389996960393109
3,UPFC_tsh,5-15,-0.23899992877224516,23,-0.2455721825006816,MAP_SCADA,53,0.00657225372843645
4,UPFC_Vse,5-15,0.06331203494101198,23,0.06179960569064277,MAP_SCADA,53,0.0015124292503692072
5,UPFC_tse,5-15,-2.193611288444514,23,-2.1737620505090027,MAP_SCADA,53,0.019849237935511077
0,x_tcsc,1-14,-0.10255669398750906,24,-0.09749920633276173,MAP_SCADA,53,0.005057487654747339
1,B_svc,2,0.17527665408020493,24,0.16751060592097347,MAP_SCADA,53,0.007766048159231459
2,UPFC_Vsh,5-15,1.110444416352426,24,1.114599987228435,MAP_SCADA,53,0.004155570876008818
3,UPFC_tsh,5-15,-0.23838245129865002,24,-0.2455721825006816,MAP_SCADA,53,0.007189731202031591
4,UPFC_Vse,5-15,0.06343171498679508,24,0.06179960569064277,MAP_SCADA,53,0.0016321092961523037
5,UPFC_tse,5-15,-2.1934702341448933,24,-2.1737620505090027,MAP_SCADA,53,0.019708183635890553
0,x_tcsc,1-14,-0.10349904714129522,25,-0.09749920633276173,MAP_SCADA,53,0.0059998408085334964
1,B_svc,2,0.16860677052613007,25,0.16751060592097347,MAP_SCADA,53,0.001096164605156602
2,UPFC_Vsh,5-15,1.1085206473749372,25,1.114599987228435,MAP_SCADA,53,0.006079339853497734
3,UPFC_tsh,5-15,-0.2385443264307013,25,-0.2455721825006816,MAP_SCADA,53,0.007027856069980298
4,UPFC_Vse,5-15,0.06318141056723417,25,0.06179960569064277,MAP_SCADA,53,0.001381804876591397
5,UPFC_tse,5-15,-2.193211743897714,25,-2.1737620505090027,MAP_SCADA,53,0.019449693388711164
0,x_tcsc,1-14,-0.10344888642509803,26,-0.09749920633276173,MAP_SCADA,53,0.005949680092336304
1,B_svc,2,0.1684348338944659,26,0.16751060592097347,MAP_SCADA,53,0.0009242279734924252
2,UPFC_Vsh,5-15,1.1093544542233646,26,1.114599987228435,MAP_SCADA,53,0.0052455330050702464
3,UPFC_tsh,5-15,-0.23870731257150962,26,-0.2455721825006816,MAP_SCADA,53,0.006864869929171985
4,UPFC_Vse,5-15,0.06272919858083496,26,0.06179960569064277,MAP_SCADA,53,0.0009295928901921907
5,UPFC_tse,5-15,-2.1892722360416754,26,-2.1737620505090027,MAP_SCADA,53,0.015510185532672693
0,x_tcsc,1-14,-0.10324303032860659,27,-0.09749920633276173,MAP_SCADA,53,0.00574382399584486
1,B_svc,2,0.16582498944584045,27,0.16751060592097347,MAP_SCADA,53,0.0016856164751330172
2,UPFC_Vsh,5-15,1.1092917412852477,27,1.114599987228435,MAP_SCADA,53,0.00530824594318724
3,UPFC_tsh,5-15,-0.23786009562888574,27,-0.2455721825006816,MAP_SCADA,53,0.007712086871795865
4,UPFC_Vse,5-15,0.06271511041328849,27,0.06179960569064277,MAP_SCADA,53,0.0009155047226457186
5,UPFC_tse,5-15,-2.1924914175363153,27,-2.1737620505090027,MAP_SCADA,53,0.018729367027312538
0,x_tcsc,1-14,-0.10135196066548283,28,-0.09749920633276173,MAP_SCADA,53,0.0038527543327211006
1,B_svc,2,0.17761057228239494,28,0.16751060592097347,MAP_SCADA,53,0.010099966361421464
2,UPFC_Vsh,5-15,1.1083718755136782,28,1.114599987228435,MAP_SCADA,53,0.006228111714756679
3,UPFC_tsh,5-15,-0.2395613443581504,28,-0.2455721825006816,MAP_SCADA,53,0.0060108381425312
4,UPFC_Vse,5-15,0.06346267764598927,28,0.06179960569064277,MAP_SCADA,53,0.0016630719553464984
5,UPFC_tse,5-15,-2.1903041390921896,28,-2.1737620505090027,MAP_SCADA,53,0.016542088583186842
0,x_tcsc,1-14,-0.10515150213842957,29,-0.09749920633276173,MAP_SCADA,53,0.007652295805667841
1,B_svc,2,0.16766234531155627,29,0.16751060592097347,MAP_SCADA,53,0.00015173939058280017
2,UPFC_Vsh,5-15,1.1095725542927521,29,1.114599987228435,MAP_SCADA,53,0.005027432935682752
3,UPFC_tsh,5-15,-0.23785749907874235,29,-0.2455721825006816,MAP_SCADA,53,0.007714683421939261
4,UPFC_Vse,5-15,0.06285327963871028,29,0.06179960569064277,MAP_SCADA,53,0.0010536739480675045
5,UPFC_tse,5-15,-2.1945382243971,29,-2.1737620505090027,MAP_SCADA,53,0.020776173888097382
0,x_tcsc,1-14,-0.10214521014739744,30,-0.09749920633276173,MAP_SCADA,53,0.004646003814635716
1,B_svc,2,0.1733947782625552,30,0.16751060592097347,MAP_SCADA,53,0.005884172341581728
2,UPFC_Vsh,5-15,1.108749731528518,30,1.114599987228435,MAP_SCADA,53,0.005850255699916929
3,UPFC_tsh,5-15,-0.24003817420459694,30,-0.2455721825006816,MAP_SCADA,53,0.005534008296084664
4,UPFC_Vse,5-15,0.06354332981972415,30,0.06179960569064277,MAP_SCADA,53,0.0017437241290813726
5,UPFC_tse,5-15,-2.1899562565815236,30,-2.1737620505090027,MAP_SCADA,53,0.016194206072520867
0,x_tcsc,1-14,-0.10186895497271833,31,-0.09749920633276173,MAP_SCADA,53,0.004369748639956608
1,B_svc,2,0.1731001895027111,31,0.16751060592097347,MAP_SCADA,53,0.005589583581737639
2,UPFC_Vsh,5-15,1.1089604871881096,31,1.114599987228435,MAP_SCADA,53,0.005639500040325318
3,UPFC_tsh,5-15,-0.2393106658119316,31,-0.2455721825006816,MAP_SCADA,53,0.006261516688749996
4,UPFC_Vse,5-15,0.06361662209310572,31,0.06179960569064277,MAP_SCADA,53,0.0018170164024629426
5,UPFC_tse,5-15,-2.1910202663171208,31,-2.1737620505090027,MAP_SCADA,53,0.017258215808118038
0,x_tcsc,1-14,-0.10199155700575223,32,-0.09749920633276173,MAP_SCADA,53,0.004492350672990503
1,B_svc,2,0.17562280153400014,32,0.16751060592097347,MAP_SCADA,53,0.008112195613026674
2,UPFC_Vsh,5-15,1.1083810877935076,32,1.114599987228435,MAP_SCADA,53,0.006218899434927261
3,UPFC_tsh,5-15,-0.23893318807281042,32,-0.2455721825006816,MAP_SCADA,53,0.006638994427871192
4,UPFC_Vse,5-15,0.06267661663381953,32,0.06179960569064277,MAP_SCADA,53,0.0008770109431767564
5,UPFC_tse,5-15,-2.1933767411492218,32,-2.1737620505090027,MAP_SCADA,53,0.019614690640219035
0,x_tcsc,1-14,-0.10341776982429712,33,-0.09749920633276173,MAP_SCADA,53,0.005918563491535397
1,B_svc,2,0.1685857185347648,33,0.16751060592097347,MAP_SCADA,53,0.0010751126137913403
2,UPFC_Vsh,5-15,1.1090690511856047,33,1.114599987228435,MAP_SCADA,53,0.00553093604283017
3,UPFC_tsh,5-15,-0.23823230252929914,33,-0.2455721825006816,MAP_SCADA,53,0.007339879971382468
4,UPFC_Vse,5-15,0.06321292719959012,33,0.06179960569064277,MAP_SCADA,53,0.0014133215089473516
5,UPFC_tse,5-15,-2.190809317373603,33,-2.1737620505090027,MAP_SCADA,53,0.017047266864600452
0,x_tcsc,1-14,-0.10303751160140999,34,-0.09749920633276173,MAP_SCADA,53,0.005538305268648264
1,B_svc,2,0.1683284671853949,34,0.16751060592097347,MAP_SCADA,53,0.0008178612644214323
2,UPFC_Vsh,5-15,1.109998361341998,34,1.114599987228435,MAP_SCADA,53,0.0046016258864369775
3,UPFC_tsh,5-15,-0.2380691737984707,34,-0.2455721825006816,MAP_SCADA,53,0.007503008702210906
4,UPFC_Vse,5-15,0.0635342444626378,34,0.06179960569064277,MAP_SCADA,53,0.001734638771995034
5,UPFC_tse,5-15,-2.1878828879669565,34,-2.1737620505090027,MAP_SCADA,53,0.014120837457953783
0,x_tcsc,1-14,-0.10297982083834885,35,-0.09749920633276173,MAP_SCADA,53,0.0054806145055871225
1,B_svc,2,0.17046754832647434,35,0.16751060592097347,MAP_SCADA,53,0.002956942405500873
2,UPFC_Vsh,5-15,1.1112794492291262,35,1.114599987228435,MAP_SCADA,53,0.003320537999308648
3,UPFC_tsh,5-15,-0.2385383032127797,35,-0.2455721825006816,MAP_SCADA,53,0.007033879287901917
4,UPFC_Vse,5-15,0.06367108062868834,35,0.06179960569064277,MAP_SCADA,53,0.0018714749380455697
5,UPFC_tse,5-15,-2.188473680620623,35,-2.1737620505090027,MAP_SCADA,53,0.014711630111620355
0,x_tcsc,1-14,-0.1037433704569016,36,-0.09749920633276173,MAP_SCADA,53,0.006244164124139875
1,B_svc,2,0.17020265351511055,36,0.16751060592097347,MAP_SCADA,53,0.002692047594137076
2,UPFC_Vsh,5-15,1.1084573576990415,36,1.114599987228435,MAP_SCADA,53,0.006142629529393373
3,UPFC_tsh,5-15,-0.2387082284511852,36,-0.2455721825006816,MAP_SCADA,53,0.006863954049496412
4,UPFC_Vse,5-15,0.06266177121649627,36,0.06179960569064277,MAP_SCADA,53,0.0008621655258534977
5,UPFC_tse,5-15,-2.192234184921244,36,-2.1737620505090027,MAP_SCADA,53,0.01847213441224138
0,x_tcsc,1-14,-0.10331206912751367,37,-0.09749920633276173,MAP_SCADA,53,0.005812862794751947
1,B_svc,2,0.16983444814242962,37,0.16751060592097347,MAP_SCADA,53,0.0023238422214561516
2,UPFC_Vsh,5-15,1.1093899644083485,37,1.114599987228435,MAP_SCADA,53,0.005210022820086424
3,UPFC_tsh,5-15,-0.23805948198578433,37,-0.2455721825006816,MAP_SCADA,53,0.007512700514897275
4,UPFC_Vse,5-15,0.06260338273141129,37,0.06179960569064277,MAP_SCADA,53,0.0008037770407685191
5,UPFC_tse,5-15,-2.194394240818059,37,-2.1737620505090027,MAP_SCADA,53,0.020632190309056053
0,x_tcsc,1-14,-0.10491436820607243,38,-0.09749920633276173,MAP_SCADA,53,0.007415161873310705
1,B_svc,2,0.1672180740223852,38,0.16751060592097347,MAP_SCADA,53,0.0002925318985882719
2,UPFC_Vsh,5-15,1.1095823920842456,38,1.114599987228435,MAP_SCADA,53,0.005017595144189313
3,UPFC_tsh,5-15,-0.23796712750088744,38,-0.2455721825006816,MAP_SCADA,53,0.007605054999794164
4,UPFC_Vse,5-15,0.06283312149927725,38,0.06179960569064277,MAP_SCADA,53,0.0010335158086344776
5,UPFC_tse,5-15,-2.18825981095042,38,-2.1737620505090027,MAP_SCADA,53,0.014497760441417373
0,x_tcsc,1-14,-0.10472404013278803,39,-0.09749920633276173,MAP_SCADA,53,0.007224833800026309
1,B_svc,2,0.17177177941619282,39,0.16751060592097347,MAP_SCADA,53,0.004261173495219345
2,UPFC_Vsh,5-15,1.106130884386145,39,1.114599987228435,MAP_SCADA,53,0.008469102842289855
3,UPFC_tsh,5-15,-0.239162445516109,39,-0.2455721825006816,MAP_SCADA,53,0.006409736984572617
4,UPFC_Vse,5-15,0.06329622775397507,39,0.06179960569064277,MAP_SCADA,53,0.0014966220633323007
5,UPFC_tse,5-15,-2.187460536285187,39,-2.1737620505090027,MAP_SCADA,53,0.013698485776184377
0,x_tcsc,1-14,-0.10328701279564349,40,-0.09749920633276173,MAP_SCADA,53,0.005787806462881767
1,B_svc,2,0.1697864442432162,40,0.16751060592097347,MAP_SCADA,53,0.0022758383222427347
2,UPFC_Vsh,5-15,1.1091570589281596,40,1.114599987228435,MAP_SCADA,53,0.005442928300275263
3,UPFC_tsh,5-15,-0.23841077906827327,40,-0.2455721825006816,MAP_SCADA,53,0.007161403432408342
4,UPFC_Vse,5-15,0.06335807687554586,40,0.06179960569064277,MAP_SCADA,53,0.0015584711849030847
5,UPFC_tse,5-15,-2.188321530167082,40,-2.1737620505090027,MAP_SCADA,53,0.014559479658079244
0,x_tcsc,1-14,-0.10415308358070655,41,-0.09749920633276173,MAP_SCADA,53,0.00665387724794482
1,B_svc,2,0.1659516229371476,41,0.16751060592097347,MAP_SCADA,53,0.0015589829838258684
2,UPFC_Vsh,5-15,1.1088618181516254,41,1.114599987228435,MAP_SCADA,53,0.005738169076809463
3,UPFC_tsh,5-15,-0.23803785406369915,41,-0.2455721825006816,MAP_SCADA,53,0.007534328436982457
4,UPFC_Vse,5-15,0.06317922460371121,41,0.06179960569064277,MAP_SCADA,53,0.0013796189130684394
5,UPFC_tse,5-15,-2.192117927145841,41,-2.1737620505090027,MAP_SCADA,53,0.018355876636838353
0,x_tcsc,1-14,-0.10282328972764497,42,-0.09749920633276173,MAP_SCADA,53,0.0053240833948832444
1,B_svc,2,0.1721197597634059,42,0.16751060592097347,MAP_SCADA,53,0.004609153842432434
2,UPFC_Vsh,5-15,1.1081902020497665,42,1.114599987228435,MAP_SCADA,53,0.006409785178668415
3,UPFC_tsh,5-15,-0.23900538395228121,42,-0.2455721825006816,MAP_SCADA,53,0.006566798548400393
4,UPFC_Vse,5-15,0.06283176345199303,42,0.06179960569064277,MAP_SCADA,53,0.0010321577613502525
5,UPFC_tse,5-15,-2.1893873032588393,42,-2.1737620505090027,MAP_SCADA,53,0.015625252749836616
0,x_tcsc,1-14,-0.10303424453802462,43,-0.09749920633276173,MAP_SCADA,53,0.005535038205262896
1,B_svc,2,0.17311051925916063,43,0.16751060592097347,MAP_SCADA,53,0.005599913338187157
2,UPFC_Vsh,5-15,1.107982607035665,43,1.114599987228435,MAP_SCADA,53,0.006617380192769806
3,UPFC_tsh,5-15,-0.23927261561656687,43,-0.2455721825006816,MAP_SCADA,53,0.006299566884114732
4,UPFC_Vse,5-15,0.06356982541230466,43,0.06179960569064277,MAP_SCADA,53,0.0017702197216618865
5,UPFC_tse,5-15,-2.1951217682769553,43,-2.1737620505090027,MAP_SCADA,53,0.021359717767952535
0,x_tcsc,1-14,-0.1027973561626272,44,-0.09749920633276173,MAP_SCADA,53,0.00529814982986547
1,B_svc,2,0.1681348089727287,44,0.16751060592097347,MAP_SCADA,53,0.0006242030517552288
2,UPFC_Vsh,5-15,1.109787300168,44,1.114599987228435,MAP_SCADA,53,0.004812687060434806
3,UPFC_tsh,5-15,-0.23831165948836602,44,-0.2455721825006816,MAP_SCADA,53,0.007260523012315584
4,UPFC_Vse,5-15,0.06368281985756345,44,0.06179960569064277,MAP_SCADA,53,0.0018832141669206798
5,UPFC_tse,5-15,-2.1854876578376725,44,-2.1737620505090027,MAP_SCADA,53,0.011725607328669785
0,x_tcsc,1-14,-0.10221996947708181,45,-0.09749920633276173,MAP_SCADA,53,0.0047207631443200865
1,B_svc,2,0.1768898387398685,45,0.16751060592097347,MAP_SCADA,53,0.009379232818895022
2,UPFC_Vsh,5-15,1.1095156345355885,45,1.114599987228435,MAP_SCADA,53,0.00508435269284635
3,UPFC_tsh,5-15,-0.2389523502653847,45,-0.2455721825006816,MAP_SCADA,53,0.006619832235296913
4,UPFC_Vse,5-15,0.06318314771751779,45,0.06179960569064277,MAP_SCADA,53,0.0013835420268750176
5,UPFC_tse,5-15,-2.193731744557763,45,-2.1737620505090027,MAP_SCADA,53,0.019969694048760367
0,x_tcsc,1-14,-0.10209110133794598,46,-0.09749920633276173,MAP_SCADA,53,0.004591895005184254
1,B_svc,2,0.1749895939957132,46,0.16751060592097347,MAP_SCADA,53,0.007478988074739734
2,UPFC_Vsh,5-15,1.1075689036025793,46,1.114599987228435,MAP_SCADA,53,0.007031083625855583
3,UPFC_tsh,5-15,-0.2405839698596442,46,-0.2455721825006816,MAP_SCADA,53,0.0049882126410374095
4,UPFC_Vse,5-15,0.06325877581511731,46,0.06179960569064277,MAP_SCADA,53,0.0014591701244745375
5,UPFC_tse,5-15,-2.1915658662244795,46,-2.1737620505090027,MAP_SCADA,53,0.017803815715476734
0,x_tcsc,1-14,-0.10430424526697522,47,-0.09749920633276173,MAP_SCADA,53,0.006805038934213498
1,B_svc,2,0.16657044584038416,47,0.16751060592097347,MAP_SCADA,53,0.0009401600805893084
2,UPFC_Vsh,5-15,1.1089944570086598,47,1.114599987228435,MAP_SCADA,53,0.005605530219775057
3,UPFC_tsh,5-15,-0.23755332848839128,47,-0.2455721825006816,MAP_SCADA,53,0.008018854012290327
4,UPFC_Vse,5-15,0.06325285378388841,47,0.06179960569064277,MAP_SCADA,53,0.0014532480932456376
5,UPFC_tse,5-15,-2.1926651756040454,47,-2.1737620505090027,MAP_SCADA,53,0.01890312509504266
0,x_tcsc,1-14,-0.10467341988269523,48,-0.09749920633276173,MAP_SCADA,53,0.0071742135499335
1,B_svc,2,0.16631328053467387,48,0.16751060592097347,MAP_SCADA,53,0.0011973253862996025
2,UPFC_Vsh,5-15,1.109765910581846,48,1.114599987228435,MAP_SCADA,53,0.0048340766465888585
3,UPFC_tsh,5-15,-0.23718168953869978,48,-0.2455721825006816,MAP_SCADA,53,0.008390492961981827
4,UPFC_Vse,5-15,0.06257817548573592,48,0.06179960569064277,MAP_SCADA,53,0.0007785697950931508
5,UPFC_tse,5-15,-2.189149825874566,48,-2.1737620505090027,MAP_SCADA,53,0.01538777536556335
0,x_tcsc,1-14,-0.10036649413923276,49,-0.09749920633276173,MAP_SCADA,53,0.002867287806471039
1,B_svc,2,0.1848686799141463,49,0.16751060592097347,MAP_SCADA,53,0.017358073993172823
2,UPFC_Vsh,5-15,1.1056475662275105,49,1.114599987228435,MAP_SCADA,53,0.008952421000924415
3,UPFC_tsh,5-15,-0.2414821266404511,49,-0.2455721825006816,MAP_SCADA,53,0.004090055860230507
4,UPFC_Vse,5-15,0.0630950463263788,49,0.06179960569064277,MAP_SCADA,53,0.0012954406357360282
5,UPFC_tse,5-15,-2.1950301431956265,49,-2.1737620505090027,MAP_SCADA,53,0.021268092686623774
0,x_tcsc,1-14,-0.10197953963546616,50,-0.09749920633276173,MAP_SCADA,53,0.004480333302704434
1,B_svc,2,0.1736852085055039,50,0.16751060592097347,MAP_SCADA,53,0.006174602584530425
2,UPFC_Vsh,5-15,1.1100116771882211,50,1.114599987228435,MAP_SCADA,53,0.004588310040213761
3,UPFC_tsh,5-15,-0.2387841569748617,50,-0.2455721825006816,MAP_SCADA,53,0.0067880255258199185
4,UPFC_Vse,5-15,0.06333349762164837,50,0.06179960569064277,MAP_SCADA,53,0.0015338919310056015
5,UPFC_tse,5-15,-2.18884697758656,50,-2.1737620505090027,MAP_SCADA,53,0.015084927077557264
0,x_tcsc,1-14,-0.10287200005996062,51,-0.09749920633276173,MAP_SCADA,53,0.005372793727198899
1,B_svc,2,0.17435630556991935,51,0.16751060592097347,MAP_SCADA,53,0.00684569964894588
2,UPFC_Vsh,5-15,1.1083789801853865,51,1.114599987228435,MAP_SCADA,53,0.006221007043048399
3,UPFC_tsh,5-15,-0.23954156229505957,51,-0.2455721825006816,MAP_SCADA,53,0.006030620205622034
4,UPFC_Vse,5-15,0.0634631446920625,51,0.06179960569064277,MAP_SCADA,53,0.001663539001419731
5,UPFC_tse,5-15,-2.193128263603617,51,-2.1737620505090027,MAP_SCADA,53,0.01936621309461417
0,x_tcsc,1-14,-0.10324332919686505,52,-0.09749920633276173,MAP_SCADA,53,0.005744122864103321
1,B_svc,2,0.1696109973659828,52,0.16751060592097347,MAP_SCADA,53,0.002100391445009342
2,UPFC_Vsh,5-15,1.111682729996886,52,1.114599987228435,MAP_SCADA,53,0.0029172572315487866
3,UPFC_tsh,5-15,-0.2380664599567824,52,-0.2455721825006816,MAP_SCADA,53,0.007505722543899196
4,UPFC_Vse,5-15,0.0636095662815725,52,0.06179960569064277,MAP_SCADA,53,0.0018099605909297212
5,UPFC_tse,5-15,-2.190966086526349,52,-2.1737620505090027,MAP_SCADA,53,0.017204036017346436
0,x_tcsc,1-14,-0.10136893818338043,53,-0.09749920633276173,MAP_SCADA,53,0.0038697318506187017
1,B_svc,2,0.1763356233567943,53,0.16751060592097347,MAP_SCADA,53,0.008825017435820842
2,UPFC_Vsh,5-15,1.1071755978151345,53,1.114599987228435,MAP_SCADA,53,0.00742438941330037
3,UPFC_tsh,5-15,-0.24045414133719084,53,-0.2455721825006816,MAP_SCADA,53,0.005118041163490766
4,UPFC_Vse,5-15,0.06363480196190133,53,0.06179960569064277,MAP_SCADA,53,0.0018351962712585546
5,UPFC_tse,5-15,-2.1940031377680684,53,-2.1737620505090027,MAP_SCADA,53,0.020241087259065704
0,x_tcsc,1-14,-0.10324843381027872,54,-0.09749920633276173,MAP_SCADA,53,0.005749227477516994
1,B_svc,2,0.17285646172672728,54,0.16751060592097347,MAP_SCADA,53,0.0053458558057538075
2,UPFC_Vsh,5-15,1.1064658011062947,54,1.114599987228435,MAP_SCADA,53,0.00813418612214023
3,UPFC_tsh,5-15,-0.24019351975165645,54,-0.2455721825006816,MAP_SCADA,53,0.005378662749025154
4,UPFC_Vse,5-15,0.0631805362478855,54,0.06179960569064277,MAP_SCADA,53,0.0013809305572427266
5,UPFC_tse,5-15,-2.1928662900195057,54,-2.1737620505090027,MAP_SCADA,53,0.019104239510502996
0,x_tcsc,1-14,-0.1019788974557904,55,-0.09749920633276173,MAP_SCADA,53,0.0044796911230286784
1,B_svc,2,0.1762892680006951,55,0.16751060592097347,MAP_SCADA,53,0.008778662079721639
2,UPFC_Vsh,5-15,1.1068642261414183,55,1.114599987228435,MAP_SCADA,53,0.007735761087016568
3,UPFC_tsh,5-15,-0.2403625187434593,55,-0.2455721825006816,MAP_SCADA,53,0.005209663757222316
4,UPFC_Vse,5-15,0.06392525493854063,55,0.06179960569064277,MAP_SCADA,53,0.0021256492478978622
5,UPFC_tse,5-15,-2.1962706712338904,55,-2.1737620505090027,MAP_SCADA,53,0.022508620724887685
0,x_tcsc,1-14,-0.10527974321233675,56,-0.09749920633276173,MAP_SCADA,53,0.0077805368795750285
1,B_svc,2,0.167632286351566,56,0.16751060592097347,MAP_SCADA,53,0.00012168043059251898
2,UPFC_Vsh,5-15,1.1086875892260313,56,1.114599987228435,MAP_SCADA,53,0.005912398002403618
3,UPFC_tsh,5-15,-0.23816006534123574,56,-0.2455721825006816,MAP_SCADA,53,0.007412117159445869
4,UPFC_Vse,5-15,0.06254446606212997,56,0.06179960569064277,MAP_SCADA,53,0.0007448603714872021
5,UPFC_tse,5-15,-2.1879062130788323,56,-2.1737620505090027,MAP_SCADA,53,0.014144162569829533
0,x_tcsc,1-14,-0.10179695860865144,57,-0.09749920633276173,MAP_SCADA,53,0.004297752275889716
1,B_svc,2,0.17922775758191414,57,0.16751060592097347,MAP_SCADA,53,0.011717151660940672
2,UPFC_Vsh,5-15,1.1053913401140298,57,1.114599987228435,MAP_SCADA,53,0.009208647114405055
3,UPFC_tsh,5-15,-0.24078070444873179,57,-0.2455721825006816,MAP_SCADA,53,0.004791478051949821
4,UPFC_Vse,5-15,0.0628623967199648,57,0.06179960569064277,MAP_SCADA,53,0.0010627910293220244
5,UPFC_tse,5-15,-2.19228846799818,57,-2.1737620505090027,MAP_SCADA,53,0.01852641748917705
0,x_tcsc,1-14,-0.10438407717916225,58,-0.09749920633276173,MAP_SCADA,53,0.00688487084640052
1,B_svc,2,0.1710229922972262,58,0.16751060592097347,MAP_SCADA,53,0.0035123863762527296
2,UPFC_Vsh,5-15,1.1084581412862453,58,1.114599987228435,MAP_SCADA,53,0.006141845942189583
3,UPFC_tsh,5-15,-0.23826230188521025,58,-0.2455721825006816,MAP_SCADA,53,0.007309880615471359
4,UPFC_Vse,5-15,0.06312944551932835,58,0.06179960569064277,MAP_SCADA,53,0.0013298398286855778
5,UPFC_tse,5-15,-2.1876418894390635,58,-2.1737620505090027,MAP_SCADA,53,0.013879838930060728
0,x_tcsc,1-14,-0.10383418172265896,59,-0.09749920633276173,MAP_SCADA,53,0.006334975389897232
1,B_svc,2,0.17312892218344747,59,0.16751060592097347,MAP_SCADA,53,0.005618316262473999
2,UPFC_Vsh,5-15,1.1072547742868786,59,1.114599987228435,MAP_SCADA,53,0.007345212941556323
3,UPFC_tsh,5-15,-0.23890156901931114,59,-0.2455721825006816,MAP_SCADA,53,0.006670613481370463
4,UPFC_Vse,5-15,0.06299379008888283,59,0.06179960569064277,MAP_SCADA,53,0.001194184398240053
5,UPFC_tse,5-15,-2.1917922454989034,59,-2.1737620505090027,MAP_SCADA,53,0.01803019498990066
0,x_tcsc,1-14,-0.10327191665118586,60,-0.09749920633276173,MAP_SCADA,53,0.005772710318424135
1,B_svc,2,0.16996069385126053,60,0.16751060592097347,MAP_SCADA,53,0.0024500879302870593
2,UPFC_Vsh,5-15,1.1098518577775867,60,1.114599987228435,MAP_SCADA,53,0.0047481294508482375
3,UPFC_tsh,5-15,-0.23820244736558496,60,-0.2455721825006816,MAP_SCADA,53,0.0073697351350966445
4,UPFC_Vse,5-15,0.06292108618224466,60,0.06179960569064277,MAP_SCADA,53,0.0011214804916018922
5,UPFC_tse,5-15,-2.187923879159447,60,-2.1737620505090027,MAP_SCADA,53,0.014161828650444352
0,x_tcsc,1-14,-0.10443203071954701,61,-0.09749920633276173,MAP_SCADA,53,0.0069328243867852885
1,B_svc,2,0.16903423354943337,61,0.16751060592097347,MAP_SCADA,53,0.0015236276284598949
2,UPFC_Vsh,5-15,1.110202654342042,61,1.114599987228435,MAP_SCADA,53,0.0043973328863928796
3,UPFC_tsh,5-15,-0.23777468793642412,61,-0.2455721825006816,MAP_SCADA,53,0.00779749456425749
4,UPFC_Vse,5-15,0.06314581996839719,61,0.06179960569064277,MAP_SCADA,53,0.001346214277754415
5,UPFC_tse,5-15,-2.1855869768875538,61,-2.1737620505090027,MAP_SCADA,53,0.011824926378551037
0,x_tcsc,1-14,-0.1018979327156657,62,-0.09749920633276173,MAP_SCADA,53,0.004398726382903978
1,B_svc,2,0.17427711005926577,62,0.16751060592097347,MAP_SCADA,53,0.006766504138292301
2,UPFC_Vsh,5-15,1.1095015499881347,62,1.114599987228435,MAP_SCADA,53,0.005098437240300235
3,UPFC_tsh,5-15,-0.23957433529079633,62,-0.2455721825006816,MAP_SCADA,53,0.005997847209885276
4,UPFC_Vse,5-15,0.06324467634335171,62,0.06179960569064277,MAP_SCADA,53,0.0014450706527089352
5,UPFC_tse,5-15,-2.194724354980753,62,-2.1737620505090027,MAP_SCADA,53,0.020962304471750404
0,x_tcsc,1-14,-0.1047565086025988,63,-0.09749920633276173,MAP_SCADA,53,0.0072573022698370765
1,B_svc,2,0.16464257816312167,63,0.16751060592097347,MAP_SCADA,53,0.0028680277578518043
2,UPFC_Vsh,5-15,1.1108932720561624,63,1.114599987228435,MAP_SCADA,53,0.003706715172272501
3,UPFC_tsh,5-15,-0.23730546416250609,63,-0.2455721825006816,MAP_SCADA,53,0.008266718338175522
4,UPFC_Vse,5-15,0.06270315531355272,63,0.06179960569064277,MAP_SCADA,53,0.0009035496229099493
5,UPFC_tse,5-15,-2.1891048347645268,63,-2.1737620505090027,MAP_SCADA,53,0.015342784255524045
0,x_tcsc,1-14,-0.10149762845702923,64,-0.09749920633276173,MAP_SCADA,53,0.0039984221242675005
1,B_svc,2,0.17041915878050962,64,0.16751060592097347,MAP_SCADA,53,0.0029085528595361454
2,UPFC_Vsh,5-15,1.1100417205424307,64,1.114599987228435,MAP_SCADA,53,0.004558266686004231
3,UPFC_tsh,5-15,-0.23829959354425628,64,-0.2455721825006816,MAP_SCADA,53,0.007272588956425324
4,UPFC_Vse,5-15,0.06332037722712637,64,0.06179960569064277,MAP_SCADA,53,0.0015207715364835978
5,UPFC_tse,5-15,-2.1874300265671645,64,-2.1737620505090027,MAP_SCADA,53,0.013667976058161724
0,x_tcsc,1-14,-0.1029503968470731,65,-0.09749920633276173,MAP_SCADA,53,0.00545119051431138
1,B_svc,2,0.1727546126568781,65,0.16751060592097347,MAP_SCADA,53,0.005244006735904638
2,UPFC_Vsh,5-15,1.1090411589252558,65,1.114599987228435,MAP_SCADA,53,0.005558828303179109
3,UPFC_tsh,5-15,-0.2391466538977477,65,-0.2455721825006816,MAP_SCADA,53,0.006425528602933911
4,UPFC_Vse,5-15,0.06267864255580684,65,0.06179960569064277,MAP_SCADA,53,0.0008790368651640651
5,UPFC_tse,5-15,-2.194609229181598,65,-2.1737620505090027,MAP_SCADA,53,0.020847178672595224
0,x_tcsc,1-14,-0.10255764452678089,66,-0.09749920633276173,MAP_SCADA,53,0.00505843819401916
1,B_svc,2,0.17335932811787075,66,0.16751060592097347,MAP_SCADA,53,0.005848722196897277
2,UPFC_Vsh,5-15,1.1067821196443008,66,1.114599987228435,MAP_SCADA,53,0.007817867584134053
3,UPFC_tsh,5-15,-0.24009114421968414,66,-0.2455721825006816,MAP_SCADA,53,0.005481038280997469
4,UPFC_Vse,5-15,0.06383770986129642,66,0.06179960569064277,MAP_SCADA,53,0.002038104170653643
5,UPFC_tse,5-15,-2.189975251551576,66,-2.1737620505090027,MAP_SCADA,53,0.01621320104257329
0,x_tcsc,1-14,-0.10257961106253177,67,-0.09749920633276173,MAP_SCADA,53,0.005080404729770047
1,B_svc,2,0.1742425484016374,67,0.16751060592097347,MAP_SCADA,53,0.006731942480663916
2,UPFC_Vsh,5-15,1.1083253567254918,67,1.114599987228435,MAP_SCADA,53,0.006274630502943079
3,UPFC_tsh,5-15,-0.23958027079370714,67,-0.2455721825006816,MAP_SCADA,53,0.005991911706974468
4,UPFC_Vse,5-15,0.06314568162052941,67,0.06179960569064277,MAP_SCADA,53,0.001346075929886642
5,UPFC_tse,5-15,-2.1901283364202158,67,-2.1737620505090027,MAP_SCADA,53,0.01636628591121303
0,x_tcsc,1-14,-0.10263337111071213,68,-0.09749920633276173,MAP_SCADA,53,0.005134164777950409
1,B_svc,2,0.17100614863303598,68,0.16751060592097347,MAP_SCADA,53,0.0034955427120625104
2,UPFC_Vsh,5-15,1.1100202564761716,68,1.114599987228435,MAP_SCADA,53,0.004579730752263256
3,UPFC_tsh,5-15,-0.23892424588676187,68,-0.2455721825006816,MAP_SCADA,53,0.0066479366139197416
4,UPFC_Vse,5-15,0.06251988918292863,68,0.06179960569064277,MAP_SCADA,53,0.0007202834922858531
5,UPFC_tse,5-15,-2.187948808276476,68,-2.1737620505090027,MAP_SCADA,53,0.014186757767473246
0,x_tcsc,1-14,-0.10299316820601115,69,-0.09749920633276173,MAP_SCADA,53,0.005493961873249423
1,B_svc,2,0.16947360486173987,69,0.16751060592097347,MAP_SCADA,53,0.001962998940766403
2,UPFC_Vsh,5-15,1.1089815892970292,69,1.114599987228435,MAP_SCADA,53,0.0056183979314057275
3,UPFC_tsh,5-15,-0.2385254375662905,69,-0.2455721825006816,MAP_SCADA,53,0.007046744934391114
4,UPFC_Vse,5-15,0.06214377261304217,69,0.06179960569064277,MAP_SCADA,53,0.00034416692239939983
5,UPFC_tse,5-15,-2.1892225229127744,69,-2.1737620505090027,MAP_SCADA,53,0.015460472403771686
0,x_tcsc,1-14,-0.10185809716055308,70,-0.09749920633276173,MAP_SCADA,53,0.0043588908277913535
1,B_svc,2,0.1712652326521477,70,0.16751060592097347,MAP_SCADA,53,0.0037546267311742154
2,UPFC_Vsh,5-15,1.1087057236793505,70,1.114599987228435,MAP_SCADA,53,0.0058942635490844
3,UPFC_tsh,5-15,-0.2391822748874336,70,-0.2455721825006816,MAP_SCADA,53,0.006389907613248008
4,UPFC_Vse,5-15,0.06257359134144821,70,0.06179960569064277,MAP_SCADA,53,0.0007739856508054421
5,UPFC_tse,5-15,-2.1913194357175967,70,-2.1737620505090027,MAP_SCADA,53,0.017557385208593956
0,x_tcsc,1-14,-0.10524162761546635,71,-0.09749920633276173,MAP_SCADA,53,0.007742421282704623
1,B_svc,2,0.16611244629803404,71,0.16751060592097347,MAP_SCADA,53,0.0013981596229394322
2,UPFC_Vsh,5-15,1.1096813062861652,71,1.114599987228435,MAP_SCADA,53,0.00491868094226966
3,UPFC_tsh,5-15,-0.23770084547255427,71,-0.2455721825006816,MAP_SCADA,53,0.00787133702812734
4,UPFC_Vse,5-15,0.06383213767638687,71,0.06179960569064277,MAP_SCADA,53,0.0020325319857441015
5,UPFC_tse,5-15,-2.1861294420596007,71,-2.1737620505090027,MAP_SCADA,53,0.012367391550597961
0,x_tcsc,1-14,-0.10233283399276083,72,-0.09749920633276173,MAP_SCADA,53,0.004833627659999104
1,B_svc,2,0.17345561181975075,72,0.16751060592097347,MAP_SCADA,53,0.005945005898777278
2,UPFC_Vsh,5-15,1.1081896369708146,72,1.114599987228435,MAP_SCADA,53,0.0064103502576202676
3,UPFC_tsh,5-15,-0.2390668542505105,72,-0.2455721825006816,MAP_SCADA,53,0.006505328250171111
4,UPFC_Vse,5-15,0.06308312190652304,72,0.06179960569064277,MAP_SCADA,53,0.0012835162158802704
5,UPFC_tse,5-15,-2.1950210742699534,72,-2.1737620505090027,MAP_SCADA,53,0.02125902376095068
0,x_tcsc,1-14,-0.10300572656616798,73,-0.09749920633276173,MAP_SCADA,53,0.0055065202334062535
1,B_svc,2,0.1699124075334846,73,0.16751060592097347,MAP_SCADA,53,0.002401801612511134
2,UPFC_Vsh,5-15,1.111688763891842,73,1.114599987228435,MAP_SCADA,53,0.002911223336592883
3,UPFC_tsh,5-15,-0.23754253964747926,73,-0.2455721825006816,MAP_SCADA,53,0.008029642853202346
4,UPFC_Vse,5-15,0.06295480558574423,73,0.06179960569064277,MAP_SCADA,53,0.0011551998951014608
5,UPFC_tse,5-15,-2.1898784956330895,73,-2.1737620505090027,MAP_SCADA,53,0.01611644512408672
0,x_tcsc,1-14,-0.10514924575789812,74,-0.09749920633276173,MAP_SCADA,53,0.007650039425136396
1,B_svc,2,0.16485838462843566,74,0.16751060592097347,MAP_SCADA,53,0.0026522212925378097
2,UPFC_Vsh,5-15,1.1083799244483572,74,1.114599987228435,MAP_SCADA,53,0.006220062780077695
3,UPFC_tsh,5-15,-0.23760004359913878,74,-0.2455721825006816,MAP_SCADA,53,0.00797213890154283
4,UPFC_Vse,5-15,0.06298926157265705,74,0.06179960569064277,MAP_SCADA,53,0.0011896558820142789
5,UPFC_tse,5-15,-2.1901337929582283,74,-2.1737620505090027,MAP_SCADA,53,0.016371742449225568
0,x_tcsc,1-14,-0.10232746305722461,75,-0.09749920633276173,MAP_SCADA,53,0.0048282567244628816
1,B_svc,2,0.17313561704027464,75,0.16751060592097347,MAP_SCADA,53,0.005625011119301165
2,UPFC_Vsh,5-15,1.1109635601407246,75,1.114599987228435,MAP_SCADA,53,0.003636427087710281
3,UPFC_tsh,5-15,-0.2383956924953973,75,-0.2455721825006816,MAP_SCADA,53,0.007176490005284308
4,UPFC_Vse,5-15,0.06252459057740888,75,0.06179960569064277,MAP_SCADA,53,0.000724984886766103
5,UPFC_tse,5-15,-2.1931506194433967,75,-2.1737620505090027,MAP_SCADA,53,0.019388568934394
0,x_tcsc,1-14,-0.10346791682523426,76,-0.09749920633276173,MAP_SCADA,53,0.005968710492472537
1,B_svc,2,0.16888588364988585,76,0.16751060592097347,MAP_SCADA,53,0.001375277728912383
2,UPFC_Vsh,5-15,1.1099742200180993,76,1.114599987228435,MAP_SCADA,53,0.004625767210335585
3,UPFC_tsh,5-15,-0.23913273123024675,76,-0.2455721825006816,MAP_SCADA,53,0.006439451270434854
4,UPFC_Vse,5-15,0.06273977661451471,76,0.06179960569064277,MAP_SCADA,53,0.0009401709238719413
5,UPFC_tse,5-15,-2.1907842344148376,76,-2.1737620505090027,MAP_SCADA,53,0.017022183905834876
0,x_tcsc,1-14,-0.1031683208624105,77,-0.09749920633276173,MAP_SCADA,53,0.005669114529648772
1,B_svc,2,0.16891396732518127,77,0.16751060592097347,MAP_SCADA,53,0.001403361404207798
2,UPFC_Vsh,5-15,1.1077683373382927,77,1.114599987228435,MAP_SCADA,53,0.006831649890142177
3,UPFC_tsh,5-15,-0.23970109057894223,77,-0.2455721825006816,MAP_SCADA,53,0.005871091921739374
4,UPFC_Vse,5-15,0.06299287105766653,77,0.06179960569064277,MAP_SCADA,53,0.0011932653670237575
5,UPFC_tse,5-15,-2.189390037798933,77,-2.1737620505090027,MAP_SCADA,53,0.01562798728993009
0,x_tcsc,1-14,-0.1003523763282444,78,-0.09749920633276173,MAP_SCADA,53,0.002853169995482671
1,B_svc,2,0.1781374744137755,78,0.16751060592097347,MAP_SCADA,53,0.010626868492802033
2,UPFC_Vsh,5-15,1.1064367614323085,78,1.114599987228435,MAP_SCADA,53,0.008163225796126383
3,UPFC_tsh,5-15,-0.24069360638132725,78,-0.2455721825006816,MAP_SCADA,53,0.004878576119354355
4,UPFC_Vse,5-15,0.0636058583757046,78,0.06179960569064277,MAP_SCADA,53,0.001806252685061821
5,UPFC_tse,5-15,-2.1934335928061675,78,-2.1737620505090027,MAP_SCADA,53,0.019671542297164724
0,x_tcsc,1-14,-0.10276773053574277,79,-0.09749920633276173,MAP_SCADA,53,0.005268524202981045
1,B_svc,2,0.1680802978468382,79,0.16751060592097347,MAP_SCADA,53,0.0005696919258647293
2,UPFC_Vsh,5-15,1.1117810693734493,79,1.114599987228435,MAP_SCADA,53,0.0028189178549855587
3,UPFC_tsh,5-15,-0.237322468516072,79,-0.2455721825006816,MAP_SCADA,53,0.008249713984609608
4,UPFC_Vse,5-15,0.06270065158906427,79,0.06179960569064277,MAP_SCADA,53,0.0009010458984214931
5,UPFC_tse,5-15,-2.1869983063602736,79,-2.1737620505090027,MAP_SCADA,53,0.013236255851270862
0,x_tcsc,1-14,-0.10316049789480242,80,-0.09749920633276173,MAP_SCADA,53,0.005661291562040691
1,B_svc,2,0.17065832407353948,80,0.16751060592097347,MAP_SCADA,53,0.003147718152566009
2,UPFC_Vsh,5-15,1.1092538073589127,80,1.114599987228435,MAP_SCADA,53,0.0053461798695222384
3,UPFC_tsh,5-15,-0.239140938455551,80,-0.2455721825006816,MAP_SCADA,53,0.006431244045130596
4,UPFC_Vse,5-15,0.063109103691046,80,0.06179960569064277,MAP_SCADA,53,0.0013094980004032253
5,UPFC_tse,5-15,-2.1914075308370156,80,-2.1737620505090027,MAP_SCADA,53,0.01764548032801283
0,x_tcsc,1-14,-0.10041044236733196,81,-0.09749920633276173,MAP_SCADA,53,0.002911236034570233
1,B_svc,2,0.18123476065321326,81,0.16751060592097347,MAP_SCADA,53,0.013724154732239785
2,UPFC_Vsh,5-15,1.1059665821283136,81,1.114599987228435,MAP_SCADA,53,0.008633405100121339
3,UPFC_tsh,5-15,-0.24094205153019474,81,-0.2455721825006816,MAP_SCADA,53,0.004630130970486868
4,UPFC_Vse,5-15,0.06307815871124836,81,0.06179960569064277,MAP_SCADA,53,0.0012785530206055884
5,UPFC_tse,5-15,-2.195590834076475,81,-2.1737620505090027,MAP_SCADA,53,0.02182878356747242
0,x_tcsc,1-14,-0.10457447478471675,82,-0.09749920633276173,MAP_SCADA,53,0.007075268451955025
1,B_svc,2,0.16783207973975625,82,0.16751060592097347,MAP_SCADA,53,0.00032147381878278036
2,UPFC_Vsh,5-15,1.110012346364267,82,1.114599987228435,MAP_SCADA,53,0.004587640864167852
3,UPFC_tsh,5-15,-0.2376586382346466,82,-0.2455721825006816,MAP_SCADA,53,0.007913544266034994
4,UPFC_Vse,5-15,0.06331608203981146,82,0.06179960569064277,MAP_SCADA,53,0.0015164763491686828
5,UPFC_tse,5-15,-2.1867291866877543,82,-2.1737620505090027,MAP_SCADA,53,0.01296713617875156
0,x_tcsc,1-14,-0.1031657595623476,83,-0.09749920633276173,MAP_SCADA,53,0.005666553229585869
1,B_svc,2,0.17424357418869788,83,0.16751060592097347,MAP_SCADA,53,0.006732968267724404
2,UPFC_Vsh,5-15,1.1072885960269414,83,1.114599987228435,MAP_SCADA,53,0.007311391201493489
3,UPFC_tsh,5-15,-0.23966310880723438,83,-0.2455721825006816,MAP_SCADA,53,0.005909073693447231
4,UPFC_Vse,5-15,0.06304301881323121,83,0.06179960569064277,MAP_SCADA,53,0.0012434131225884382
5,UPFC_tse,5-15,-2.1962086599650283,83,-2.1737620505090027,MAP_SCADA,53,0.022446609456025612
0,x_tcsc,1-14,-0.10333678174264938,84,-0.09749920633276173,MAP_SCADA,53,0.005837575409887649
1,B_svc,2,0.16992623847206714,84,0.16751060592097347,MAP_SCADA,53,0.0024156325510936716
2,UPFC_Vsh,5-15,1.108396689227261,84,1.114599987228435,MAP_SCADA,53,0.006203298001173918
3,UPFC_tsh,5-15,-0.23891537987045408,84,-0.2455721825006816,MAP_SCADA,53,0.006656802630227526
4,UPFC_Vse,5-15,0.06353080171285039,84,0.06179960569064277,MAP_SCADA,53,0.001731196022207615
5,UPFC_tse,5-15,-2.1934515204379577,84,-2.1737620505090027,MAP_SCADA,53,0.019689469928954928
0,x_tcsc,1-14,-0.10081655054250013,85,-0.09749920633276173,MAP_SCADA,53,0.003317344209738407
1,B_svc,2,0.17694535235740244,85,0.16751060592097347,MAP_SCADA,53,0.00943474643642897
2,UPFC_Vsh,5-15,1.1073705397164069,85,1.114599987228435,MAP_SCADA,53,0.007229447512028031
3,UPFC_tsh,5-15,-0.2398156892148108,85,-0.2455721825006816,MAP_SCADA,53,0.005756493285870801
4,UPFC_Vse,5-15,0.06285607316405972,85,0.06179960569064277,MAP_SCADA,53,0.00105646747341695
5,UPFC_tse,5-15,-2.1933991813687634,85,-2.1737620505090027,MAP_SCADA,53,0.01963713085976071
0,x_tcsc,1-14,-0.10456865424775502,86,-0.09749920633276173,MAP_SCADA,53,0.007069447914993296
1,B_svc,2,0.1666530528575441,86,0.16751060592097347,MAP_SCADA,53,0.0008575530634293838
2,UPFC_Vsh,5-15,1.1106773055855599,86,1.114599987228435,MAP_SCADA,53,0.003922681642875014
3,UPFC_tsh,5-15,-0.23739767838514195,86,-0.2455721825006816,MAP_SCADA,53,0.00817450411553966
4,UPFC_Vse,5-15,0.06257029657897878,86,0.06179960569064277,MAP_SCADA,53,0.0007706908883360064
5,UPFC_tse,5-15,-2.189342971517965,86,-2.1737620505090027,MAP_SCADA,53,0.015580921008962356
0,x_tcsc,1-14,-0.1014522893066262,87,-0.09749920633276173,MAP_SCADA,53,0.003953082973864472
1,B_svc,2,0.1759377983837093,87,0.16751060592097347,MAP_SCADA,53,0.008427192462735822
2,UPFC_Vsh,5-15,1.1075747788641153,87,1.114599987228435,MAP_SCADA,53,0.007025208364319635
3,UPFC_tsh,5-15,-0.23996026048803054,87,-0.2455721825006816,MAP_SCADA,53,0.005611922012651066
4,UPFC_Vse,5-15,0.0631287474103788,87,0.06179960569064277,MAP_SCADA,53,0.0013291417197360267
5,UPFC_tse,5-15,-2.192029188740658,87,-2.1737620505090027,MAP_SCADA,53,0.018267138231655267
0,x_tcsc,1-14,-0.10308302753037737,88,-0.09749920633276173,MAP_SCADA,53,0.005583821197615649
1,B_svc,2,0.17448784950738527,88,0.16751060592097347,MAP_SCADA,53,0.006977243586411802
2,UPFC_Vsh,5-15,1.1061476784346318,88,1.114599987228435,MAP_SCADA,53,0.008452308793803098
3,UPFC_tsh,5-15,-0.24050589806222702,88,-0.2455721825006816,MAP_SCADA,53,0.005066284438454582
4,UPFC_Vse,5-15,0.06268005160067479,88,0.06179960569064277,MAP_SCADA,53,0.0008804459100320156
5,UPFC_tse,5-15,-2.190872120562374,88,-2.1737620505090027,MAP_SCADA,53,0.017110070053371285
0,x_tcsc,1-14,-0.10267111452075099,89,-0.09749920633276173,MAP_SCADA,53,0.005171908187989266
1,B_svc,2,0.16961778126943405,89,0.16751060592097347,MAP_SCADA,53,0.0021071753484605826
2,UPFC_Vsh,5-15,1.1079274160944588,89,1.114599987228435,MAP_SCADA,53,0.006672571133976124
3,UPFC_tsh,5-15,-0.23875734153579592,89,-0.2455721825006816,MAP_SCADA,53,0.006814840964885688
4,UPFC_Vse,5-15,0.06317546712596372,89,0.06179960569064277,MAP_SCADA,53,0.001375861435320952
5,UPFC_tse,5-15,-2.1882457540257323,89,-2.1737620505090027,MAP_SCADA,53,0.014483703516729562
0,x_tcsc,1-14,-0.10613469936333164,90,-0.09749920633276173,MAP_SCADA,53,0.008635493030569916
1,B_svc,2,0.16006816122231587,90,0.16751060592097347,MAP_SCADA,53,0.0074424446986575965
2,UPFC_Vsh,5-15,1.1094315761130153,90,1.114599987228435,MAP_SCADA,53,0.005168411115419547
3,UPFC_tsh,5-15,-0.23704302088232218,90,-0.2455721825006816,MAP_SCADA,53,0.008529161618359427
4,UPFC_Vse,5-15,0.06352188556720155,90,0.06179960569064277,MAP_SCADA,53,0.0017222798765587771
5,UPFC_tse,5-15,-2.187971846351272,90,-2.1737620505090027,MAP_SCADA,53,0.014209795842269113
0,x_tcsc,1-14,-0.10274183533505725,91,-0.09749920633276173,MAP_SCADA,53,0.0052426290022955235
1,B_svc,2,0.1712474167571244,91,0.16751060592097347,MAP_SCADA,53,0.0037368108361509333
2,UPFC_Vsh,5-15,1.1081719272205834,91,1.114599987228435,MAP_SCADA,53,0.006428060007851455
3,UPFC_tsh,5-15,-0.23991407693170547,91,-0.2455721825006816,MAP_SCADA,53,0.005658105568976141
4,UPFC_Vse,5-15,0.06319960057066118,91,0.06179960569064277,MAP_SCADA,53,0.001399994880018407
5,UPFC_tse,5-15,-2.189139377730668,91,-2.1737620505090027,MAP_SCADA,53,0.015377327221665293
0,x_tcsc,1-14,-0.10529554962383599,92,-0.09749920633276173,MAP_SCADA,53,0.007796343291074259
1,B_svc,2,0.164802444766533,92,0.16751060592097347,MAP_SCADA,53,0.002708161154440475
2,UPFC_Vsh,5-15,1.1091574366065957,92,1.114599987228435,MAP_SCADA,53,0.005442550621839182
3,UPFC_tsh,5-15,-0.23715858961762765,92,-0.2455721825006816,MAP_SCADA,53,0.00841359288305396
4,UPFC_Vse,5-15,0.06325685516812932,92,0.06179960569064277,MAP_SCADA,53,0.001457249477486544
5,UPFC_tse,5-15,-2.185841384590449,92,-2.1737620505090027,MAP_SCADA,53,0.012079334081446458
0,x_tcsc,1-14,-0.10198001686873225,93,-0.09749920633276173,MAP_SCADA,53,0.00448081053597052
1,B_svc,2,0.1745075075648837,93,0.16751060592097347,MAP_SCADA,53,0.0069969016439102305
2,UPFC_Vsh,5-15,1.1077672411780743,93,1.114599987228435,MAP_SCADA,53,0.00683274605036055
3,UPFC_tsh,5-15,-0.24025055114601698,93,-0.2455721825006816,MAP_SCADA,53,0.005321631354664624
4,UPFC_Vse,5-15,0.06302712550417613,93,0.06179960569064277,MAP_SCADA,53,0.001227519813533362
5,UPFC_tse,5-15,-2.193898147976288,93,-2.1737620505090027,MAP_SCADA,53,0.020136097467285285
0,x_tcsc,1-14,-0.10240752827041755,94,-0.09749920633276173,MAP_SCADA,53,0.004908321937655821
1,B_svc,2,0.17267742847899017,94,0.16751060592097347,MAP_SCADA,53,0.005166822558016704
2,UPFC_Vsh,5-15,1.1060683377314755,94,1.114599987228435,MAP_SCADA,53,0.008531649496959393
3,UPFC_tsh,5-15,-0.23966172718881376,94,-0.2455721825006816,MAP_SCADA,53,0.005910455311867846
4,UPFC_Vse,5-15,0.06356182781739468,94,0.06179960569064277,MAP_SCADA,53,0.0017622221267519084
5,UPFC_tse,5-15,-2.1899317687571993,94,-2.1737620505090027,MAP_SCADA,53,0.016169718248196574
0,x_tcsc,1-14,-0.1015701753308845,95,-0.09749920633276173,MAP_SCADA,53,0.004070968998122773
1,B_svc,2,0.1739762418767858,95,0.16751060592097347,MAP_SCADA,53,0.0064656359558123155
2,UPFC_Vsh,5-15,1.109278096323847,95,1.114599987228435,MAP_SCADA,53,0.005321890904587789
3,UPFC_tsh,5-15,-0.23889218641001428,95,-0.2455721825006816,MAP_SCADA,53,0.006679996090667328
4,UPFC_Vse,5-15,0.06328697888437507,95,0.06179960569064277,MAP_SCADA,53,0.0014873731937322943
5,UPFC_tse,5-15,-2.194328809564617,95,-2.1737620505090027,MAP_SCADA,53,0.020566759055614448
0,x_tcsc,1-14,-0.10232252245350033,96,-0.09749920633276173,MAP_SCADA,53,0.004823316120738608
1,B_svc,2,0.17372121612069635,96,0.16751060592097347,MAP_SCADA,53,0.006210610199722882
2,UPFC_Vsh,5-15,1.108048298640947,96,1.114599987228435,MAP_SCADA,53,0.006551688587487892
3,UPFC_tsh,5-15,-0.2395526260351638,96,-0.2455721825006816,MAP_SCADA,53,0.0060195564655178
4,UPFC_Vse,5-15,0.06360226093011265,96,0.06179960569064277,MAP_SCADA,53,0.0018026552394698747
5,UPFC_tse,5-15,-2.1900485756251924,96,-2.1737620505090027,MAP_SCADA,53,0.016286525116189665
0,x_tcsc,1-14,-0.10333071641159243,97,-0.09749920633276173,MAP_SCADA,53,0.005831510078830704
1,B_svc,2,0.17110006030773722,97,0.16751060592097347,MAP_SCADA,53,0.003589454386763752
2,UPFC_Vsh,5-15,1.1083044207896122,97,1.114599987228435,MAP_SCADA,53,0.006295566438822675
3,UPFC_tsh,5-15,-0.23860190996385314,97,-0.2455721825006816,MAP_SCADA,53,0.00697027253682847
4,UPFC_Vse,5-15,0.06399735750141623,97,0.06179960569064277,MAP_SCADA,53,0.00219775181077346
5,UPFC_tse,5-15,-2.19124066642229,97,-2.1737620505090027,MAP_SCADA,53,0.017478615913287143
0,x_tcsc,1-14,-0.10426524521610846,98,-0.09749920633276173,MAP_SCADA,53,0.006766038883346731
1,B_svc,2,0.17011498705090078,98,0.16751060592097347,MAP_SCADA,53,0.002604381129927308
2,UPFC_Vsh,5-15,1.1100572819699157,98,1.114599987228435,MAP_SCADA,53,0.004542705258519186
3,UPFC_tsh,5-15,-0.23770219494552186,98,-0.2455721825006816,MAP_SCADA,53,0.007869987555159746
4,UPFC_Vse,5-15,0.06334543800654534,98,0.06179960569064277,MAP_SCADA,53,0.001545832315902565
5,UPFC_tse,5-15,-2.193521321270926,98,-2.1737620505090027,MAP_SCADA,53,0.019759270761923187
0,x_tcsc,1-14,-0.10313457559422243,99,-0.09749920633276173,MAP_SCADA,53,0.0056353692614607015
1,B_svc,2,0.17001685418981957,99,0.16751060592097347,MAP_SCADA,53,0.0025062482688461007
2,UPFC_Vsh,5-15,1.109765874666147,99,1.114599987228435,MAP_SCADA,53,0.00483411256228794
3,UPFC_tsh,5-15,-0.23838836964991572,99,-0.2455721825006816,MAP_SCADA,53,0.007183812850765886
4,UPFC_Vse,5-15,0.06302138463839355,99,0.06179960569064277,MAP_SCADA,53,0.0012217789477507734
5,UPFC_tse,5-15,-2.187957790781871,99,-2.1737620505090027,MAP_SCADA,53,0.014195740272868296
0,x_tcsc,1-14,-0.10329353714551051,0,-0.09714767331654335,MAP_SCADA,55,0.00614586382896716
1,B_svc,2,0.16811519883705064,0,0.16711220707892135,MAP_SCADA,55,0.0010029917581292902
2,UPFC_Vsh,5-15,1.1098479333514264,0,1.1138622134946952,MAP_SCADA,55,0.004014280143268767
3,UPFC_tsh,5-15,-0.23850846755793317,0,-0.24549011554370062,MAP_SCADA,55,0.006981647985767447
4,UPFC_Vse,5-15,0.06280396337550218,0,0.06213281995843694,MAP_SCADA,55,0.0006711434170652356
5,UPFC_tse,5-15,-2.189547936028691,0,-2.1812688948177184,MAP_SCADA,55,0.008279041210972782
0,x_tcsc,1-14,-0.10333449122731382,1,-0.09714767331654335,MAP_SCADA,55,0.00618681791077047
1,B_svc,2,0.17229278551833666,1,0.16711220707892135,MAP_SCADA,55,0.005180578439415301
2,UPFC_Vsh,5-15,1.1074218438606374,1,1.1138622134946952,MAP_SCADA,55,0.006440369634057808
3,UPFC_tsh,5-15,-0.2393005791363044,1,-0.24549011554370062,MAP_SCADA,55,0.006189536407396223
4,UPFC_Vse,5-15,0.06354372417136461,1,0.06213281995843694,MAP_SCADA,55,0.001410904212927673
5,UPFC_tse,5-15,-2.188008410858818,1,-2.1812688948177184,MAP_SCADA,55,0.00673951604109968
0,x_tcsc,1-14,-0.10362651376837446,2,-0.09714767331654335,MAP_SCADA,55,0.006478840451831114
1,B_svc,2,0.16919022531694322,2,0.16711220707892135,MAP_SCADA,55,0.002078018238021867
2,UPFC_Vsh,5-15,1.1102493941878657,2,1.1138622134946952,MAP_SCADA,55,0.00361281930682944
3,UPFC_tsh,5-15,-0.23849235067663532,2,-0.24549011554370062,MAP_SCADA,55,0.006997764867065298
4,UPFC_Vse,5-15,0.06320110323422641,2,0.06213281995843694,MAP_SCADA,55,0.0010682832757894709
5,UPFC_tse,5-15,-2.191367850099842,2,-2.1812688948177184,MAP_SCADA,55,0.01009895528212379
0,x_tcsc,1-14,-0.1022783976113678,3,-0.09714767331654335,MAP_SCADA,55,0.005130724294824446
1,B_svc,2,0.17447641250969634,3,0.16711220707892135,MAP_SCADA,55,0.007364205430774984
2,UPFC_Vsh,5-15,1.1077086780665086,3,1.1138622134946952,MAP_SCADA,55,0.0061535354281865295
3,UPFC_tsh,5-15,-0.239679881625969,3,-0.24549011554370062,MAP_SCADA,55,0.005810233917731611
4,UPFC_Vse,5-15,0.06420872154220497,3,0.06213281995843694,MAP_SCADA,55,0.002075901583768032
5,UPFC_tse,5-15,-2.1910131457639017,3,-2.1812688948177184,MAP_SCADA,55,0.009744250946183364
0,x_tcsc,1-14,-0.10394054656344608,4,-0.09714767331654335,MAP_SCADA,55,0.006792873246902725
1,B_svc,2,0.17253418900935183,4,0.16711220707892135,MAP_SCADA,55,0.005421981930430475
2,UPFC_Vsh,5-15,1.1080842679213603,4,1.1138622134946952,MAP_SCADA,55,0.005777945573334886
3,UPFC_tsh,5-15,-0.23896792048445972,4,-0.24549011554370062,MAP_SCADA,55,0.006522195059240898
4,UPFC_Vse,5-15,0.06280615072875485,4,0.06213281995843694,MAP_SCADA,55,0.0006733307703179134
5,UPFC_tse,5-15,-2.190748734444064,4,-2.1812688948177184,MAP_SCADA,55,0.009479839626345576
0,x_tcsc,1-14,-0.10358721953952944,5,-0.09714767331654335,MAP_SCADA,55,0.006439546222986092
1,B_svc,2,0.16814849854113137,5,0.16711220707892135,MAP_SCADA,55,0.001036291462210015
2,UPFC_Vsh,5-15,1.1103570430873901,5,1.1138622134946952,MAP_SCADA,55,0.003505170407305025
3,UPFC_tsh,5-15,-0.23847268222950582,5,-0.24549011554370062,MAP_SCADA,55,0.007017433314194799
4,UPFC_Vse,5-15,0.06314489609101118,5,0.06213281995843694,MAP_SCADA,55,0.001012076132574237
5,UPFC_tse,5-15,-2.190275244913631,5,-2.1812688948177184,MAP_SCADA,55,0.009006350095912552
0,x_tcsc,1-14,-0.10350531559935731,6,-0.09714767331654335,MAP_SCADA,55,0.006357642282813963
1,B_svc,2,0.16889408616433438,6,0.16711220707892135,MAP_SCADA,55,0.001781879085413024
2,UPFC_Vsh,5-15,1.1092796634959625,6,1.1138622134946952,MAP_SCADA,55,0.0045825499987326435
3,UPFC_tsh,5-15,-0.2386688698331191,6,-0.24549011554370062,MAP_SCADA,55,0.006821245710581514
4,UPFC_Vse,5-15,0.06287393598506438,6,0.06213281995843694,MAP_SCADA,55,0.0007411160266274433
5,UPFC_tse,5-15,-2.1904821780911643,6,-2.1812688948177184,MAP_SCADA,55,0.009213283273445949
0,x_tcsc,1-14,-0.10086561566381738,7,-0.09714767331654335,MAP_SCADA,55,0.003717942347274031
1,B_svc,2,0.17407933738082562,7,0.16711220707892135,MAP_SCADA,55,0.006967130301904267
2,UPFC_Vsh,5-15,1.1095504799373779,7,1.1138622134946952,MAP_SCADA,55,0.004311733557317288
3,UPFC_tsh,5-15,-0.23927897238709775,7,-0.24549011554370062,MAP_SCADA,55,0.006211143156602872
4,UPFC_Vse,5-15,0.06312921191592344,7,0.06213281995843694,MAP_SCADA,55,0.000996391957486499
5,UPFC_tse,5-15,-2.1874008932882796,7,-2.1812688948177184,MAP_SCADA,55,0.0061319984705612285
0,x_tcsc,1-14,-0.10415892026095726,8,-0.09714767331654335,MAP_SCADA,55,0.007011246944413907
1,B_svc,2,0.17134587093852688,8,0.16711220707892135,MAP_SCADA,55,0.004233663859605524
2,UPFC_Vsh,5-15,1.107249958845356,8,1.1138622134946952,MAP_SCADA,55,0.006612254649339233
3,UPFC_tsh,5-15,-0.23866553903984225,8,-0.24549011554370062,MAP_SCADA,55,0.0068245765038583706
4,UPFC_Vse,5-15,0.06362033412494816,8,0.06213281995843694,MAP_SCADA,55,0.0014875141665112238
5,UPFC_tse,5-15,-2.186522927523441,8,-2.1812688948177184,MAP_SCADA,55,0.0052540327057224445
0,x_tcsc,1-14,-0.10245107087655327,9,-0.09714767331654335,MAP_SCADA,55,0.005303397560009915
1,B_svc,2,0.1699705773336321,9,0.16711220707892135,MAP_SCADA,55,0.0028583702547107515
2,UPFC_Vsh,5-15,1.1111100280601645,9,1.1138622134946952,MAP_SCADA,55,0.0027521854345307073
3,UPFC_tsh,5-15,-0.23772898479278912,9,-0.24549011554370062,MAP_SCADA,55,0.007761130750911505
4,UPFC_Vse,5-15,0.06293157188011914,9,0.06213281995843694,MAP_SCADA,55,0.0007987519216821962
5,UPFC_tse,5-15,-2.1889726606857733,9,-2.1812688948177184,MAP_SCADA,55,0.00770376586805499
0,x_tcsc,1-14,-0.10201414245840422,10,-0.09714767331654335,MAP_SCADA,55,0.0048664691418608685
1,B_svc,2,0.1773995230540244,10,0.16711220707892135,MAP_SCADA,55,0.010287315975103045
2,UPFC_Vsh,5-15,1.1078753800386845,10,1.1138622134946952,MAP_SCADA,55,0.005986833456010698
3,UPFC_tsh,5-15,-0.23991346910294914,10,-0.24549011554370062,MAP_SCADA,55,0.0055766464407514815
4,UPFC_Vse,5-15,0.06350055111044295,10,0.06213281995843694,MAP_SCADA,55,0.001367731152006009
5,UPFC_tse,5-15,-2.188397089259698,10,-2.1812688948177184,MAP_SCADA,55,0.007128194441979652
0,x_tcsc,1-14,-0.10309787691363395,11,-0.09714767331654335,MAP_SCADA,55,0.0059502035970906
1,B_svc,2,0.17229032263195573,11,0.16711220707892135,MAP_SCADA,55,0.005178115553034379
2,UPFC_Vsh,5-15,1.106829264025858,11,1.1138622134946952,MAP_SCADA,55,0.007032949468837257
3,UPFC_tsh,5-15,-0.23956457706822262,11,-0.24549011554370062,MAP_SCADA,55,0.005925538475477998
4,UPFC_Vse,5-15,0.06366462202276205,11,0.06213281995843694,MAP_SCADA,55,0.0015318020643251065
5,UPFC_tse,5-15,-2.1891986298807464,11,-2.1812688948177184,MAP_SCADA,55,0.007929735063028076
0,x_tcsc,1-14,-0.10463812009775422,12,-0.09714767331654335,MAP_SCADA,55,0.007490446781210872
1,B_svc,2,0.16853615682973003,12,0.16711220707892135,MAP_SCADA,55,0.001423949750808673
2,UPFC_Vsh,5-15,1.1081083885543885,12,1.1138622134946952,MAP_SCADA,55,0.005753824940306629
3,UPFC_tsh,5-15,-0.23874039951966272,12,-0.24549011554370062,MAP_SCADA,55,0.0067497160240378995
4,UPFC_Vse,5-15,0.06357887848112859,12,0.06213281995843694,MAP_SCADA,55,0.001446058522691647
5,UPFC_tse,5-15,-2.1899085293440548,12,-2.1812688948177184,MAP_SCADA,55,0.008639634526336426
0,x_tcsc,1-14,-0.10326192676854636,13,-0.09714767331654335,MAP_SCADA,55,0.0061142534520030045
1,B_svc,2,0.17236389006577532,13,0.16711220707892135,MAP_SCADA,55,0.005251682986853967
2,UPFC_Vsh,5-15,1.10698736772081,13,1.1138622134946952,MAP_SCADA,55,0.0068748457738851965
3,UPFC_tsh,5-15,-0.23976528062347388,13,-0.24549011554370062,MAP_SCADA,55,0.00572483492022674
4,UPFC_Vse,5-15,0.06249443149756003,13,0.06213281995843694,MAP_SCADA,55,0.0003616115391230912
5,UPFC_tse,5-15,-2.196371164920003,13,-2.1812688948177184,MAP_SCADA,55,0.01510227010228471
0,x_tcsc,1-14,-0.1030504484184106,14,-0.09714767331654335,MAP_SCADA,55,0.00590277510186725
1,B_svc,2,0.16997033053296642,14,0.16711220707892135,MAP_SCADA,55,0.0028581234540450695
2,UPFC_Vsh,5-15,1.1110829106317943,14,1.1138622134946952,MAP_SCADA,55,0.0027793028629008454
3,UPFC_tsh,5-15,-0.2378859124752215,14,-0.24549011554370062,MAP_SCADA,55,0.007604203068479115
4,UPFC_Vse,5-15,0.0626573943935469,14,0.06213281995843694,MAP_SCADA,55,0.0005245744351099549
5,UPFC_tse,5-15,-2.193799530913218,14,-2.1812688948177184,MAP_SCADA,55,0.012530636095499759
0,x_tcsc,1-14,-0.10309694119605492,15,-0.09714767331654335,MAP_SCADA,55,0.005949267879511569
1,B_svc,2,0.16693486271337285,15,0.16711220707892135,MAP_SCADA,55,0.00017734436554850408
2,UPFC_Vsh,5-15,1.112102866085488,15,1.1138622134946952,MAP_SCADA,55,0.0017593474092072459
3,UPFC_tsh,5-15,-0.2382997699364943,15,-0.24549011554370062,MAP_SCADA,55,0.007190345607206328
4,UPFC_Vse,5-15,0.06256983739626225,15,0.06213281995843694,MAP_SCADA,55,0.0004370174378253086
5,UPFC_tse,5-15,-2.1883812738215953,15,-2.1812688948177184,MAP_SCADA,55,0.007112379003876956
0,x_tcsc,1-14,-0.10217489660297842,16,-0.09714767331654335,MAP_SCADA,55,0.0050272232864350674
1,B_svc,2,0.17394135187656679,16,0.16711220707892135,MAP_SCADA,55,0.006829144797645431
2,UPFC_Vsh,5-15,1.107960262070741,16,1.1138622134946952,MAP_SCADA,55,0.0059019514239542215
3,UPFC_tsh,5-15,-0.239206249885445,16,-0.24549011554370062,MAP_SCADA,55,0.006283865658255616
4,UPFC_Vse,5-15,0.06271712989685814,16,0.06213281995843694,MAP_SCADA,55,0.0005843099384212
5,UPFC_tse,5-15,-2.1939130467822623,16,-2.1812688948177184,MAP_SCADA,55,0.012644151964543937
0,x_tcsc,1-14,-0.10454469730310308,17,-0.09714767331654335,MAP_SCADA,55,0.007397023986559725
1,B_svc,2,0.16712461844377577,17,0.16711220707892135,MAP_SCADA,55,1.2411364854414408e-05
2,UPFC_Vsh,5-15,1.109370895589937,17,1.1138622134946952,MAP_SCADA,55,0.0044913179047580964
3,UPFC_tsh,5-15,-0.23753669429202756,17,-0.24549011554370062,MAP_SCADA,55,0.00795342125167306
4,UPFC_Vse,5-15,0.06325825102421366,17,0.06213281995843694,MAP_SCADA,55,0.0011254310657767205
5,UPFC_tse,5-15,-2.186313396630077,17,-2.1812688948177184,MAP_SCADA,55,0.005044501812358604
0,x_tcsc,1-14,-0.10112964944926826,18,-0.09714767331654335,MAP_SCADA,55,0.003981976132724913
1,B_svc,2,0.17737976177681442,18,0.16711220707892135,MAP_SCADA,55,0.010267554697893061
2,UPFC_Vsh,5-15,1.109702083507929,18,1.1138622134946952,MAP_SCADA,55,0.004160129986766181
3,UPFC_tsh,5-15,-0.23936642374053496,18,-0.24549011554370062,MAP_SCADA,55,0.0061236918031656595
4,UPFC_Vse,5-15,0.06363139956315816,18,0.06213281995843694,MAP_SCADA,55,0.0014985796047212244
5,UPFC_tse,5-15,-2.1903458498537542,18,-2.1812688948177184,MAP_SCADA,55,0.009076955036035894
0,x_tcsc,1-14,-0.10321435202359344,19,-0.09714767331654335,MAP_SCADA,55,0.006066678707050091
1,B_svc,2,0.16810748723890664,19,0.16711220707892135,MAP_SCADA,55,0.00099528015998529
2,UPFC_Vsh,5-15,1.1100965594026282,19,1.1138622134946952,MAP_SCADA,55,0.0037656540920669723
3,UPFC_tsh,5-15,-0.23852179981642677,19,-0.24549011554370062,MAP_SCADA,55,0.006968315727273855
4,UPFC_Vse,5-15,0.0625930905180296,19,0.06213281995843694,MAP_SCADA,55,0.00046027055959265567
5,UPFC_tse,5-15,-2.188351087150795,19,-2.1812688948177184,MAP_SCADA,55,0.007082192333076609
0,x_tcsc,1-14,-0.10354343396284567,20,-0.09714767331654335,MAP_SCADA,55,0.0063957606463023176
1,B_svc,2,0.16703463626958456,20,0.16711220707892135,MAP_SCADA,55,7.757080933679106e-05
2,UPFC_Vsh,5-15,1.1098341526661635,20,1.1138622134946952,MAP_SCADA,55,0.004028060828531688
3,UPFC_tsh,5-15,-0.23788774543338145,20,-0.24549011554370062,MAP_SCADA,55,0.007602370110319168
4,UPFC_Vse,5-15,0.06243570092208961,20,0.06213281995843694,MAP_SCADA,55,0.00030288096365267
5,UPFC_tse,5-15,-2.191014469814827,20,-2.1812688948177184,MAP_SCADA,55,0.009745574997108708
0,x_tcsc,1-14,-0.10344129310754582,21,-0.09714767331654335,MAP_SCADA,55,0.006293619791002472
1,B_svc,2,0.1708677144969117,21,0.16711220707892135,MAP_SCADA,55,0.003755507417990356
2,UPFC_Vsh,5-15,1.1077101992879548,21,1.1138622134946952,MAP_SCADA,55,0.006152014206740386
3,UPFC_tsh,5-15,-0.23998780930740443,21,-0.24549011554370062,MAP_SCADA,55,0.005502306236296189
4,UPFC_Vse,5-15,0.06297038816134898,21,0.06213281995843694,MAP_SCADA,55,0.0008375682029120382
5,UPFC_tse,5-15,-2.1940017442066315,21,-2.1812688948177184,MAP_SCADA,55,0.01273284938891317
0,x_tcsc,1-14,-0.10200268563517126,22,-0.09714767331654335,MAP_SCADA,55,0.004855012318627908
1,B_svc,2,0.17089704393936794,22,0.16711220707892135,MAP_SCADA,55,0.0037848368604465887
2,UPFC_Vsh,5-15,1.11057128340465,22,1.1138622134946952,MAP_SCADA,55,0.0032909300900452187
3,UPFC_tsh,5-15,-0.2383999901081647,22,-0.24549011554370062,MAP_SCADA,55,0.0070901254355359156
4,UPFC_Vse,5-15,0.06284333278504248,22,0.06213281995843694,MAP_SCADA,55,0.0007105128266055374
5,UPFC_tse,5-15,-2.189614887509789,22,-2.1812688948177184,MAP_SCADA,55,0.008345992692070592
0,x_tcsc,1-14,-0.10414257550582919,23,-0.09714767331654335,MAP_SCADA,55,0.006994902189285834
1,B_svc,2,0.17302275696693312,23,0.16711220707892135,MAP_SCADA,55,0.005910549888011762
2,UPFC_Vsh,5-15,1.1062099902680418,23,1.1138622134946952,MAP_SCADA,55,0.007652223226653376
3,UPFC_tsh,5-15,-0.23899992877224516,23,-0.24549011554370062,MAP_SCADA,55,0.006490186771455464
4,UPFC_Vse,5-15,0.06331203494101198,23,0.06213281995843694,MAP_SCADA,55,0.00117921498257504
5,UPFC_tse,5-15,-2.193611288444514,23,-2.1812688948177184,MAP_SCADA,55,0.012342393626795456
0,x_tcsc,1-14,-0.10255669398750906,24,-0.09714767331654335,MAP_SCADA,55,0.005409020670965714
1,B_svc,2,0.17527665408020493,24,0.16711220707892135,MAP_SCADA,55,0.008164447001283576
2,UPFC_Vsh,5-15,1.110444416352426,24,1.1138622134946952,MAP_SCADA,55,0.0034177971422690856
3,UPFC_tsh,5-15,-0.23838245129865002,24,-0.24549011554370062,MAP_SCADA,55,0.0071076642450506045
4,UPFC_Vse,5-15,0.06343171498679508,24,0.06213281995843694,MAP_SCADA,55,0.0012988950283581366
5,UPFC_tse,5-15,-2.1934702341448933,24,-2.1812688948177184,MAP_SCADA,55,0.012201339327174932
0,x_tcsc,1-14,-0.10349904714129522,25,-0.09714767331654335,MAP_SCADA,55,0.006351373824751871
1,B_svc,2,0.16860677052613007,25,0.16711220707892135,MAP_SCADA,55,0.0014945634472087188
2,UPFC_Vsh,5-15,1.1085206473749372,25,1.1138622134946952,MAP_SCADA,55,0.005341566119758001
3,UPFC_tsh,5-15,-0.2385443264307013,25,-0.24549011554370062,MAP_SCADA,55,0.006945789112999312
4,UPFC_Vse,5-15,0.06318141056723417,25,0.06213281995843694,MAP_SCADA,55,0.00104859060879723
5,UPFC_tse,5-15,-2.193211743897714,25,-2.1812688948177184,MAP_SCADA,55,0.011942849079995543
0,x_tcsc,1-14,-0.10344888642509803,26,-0.09714767331654335,MAP_SCADA,55,0.006301213108554679
1,B_svc,2,0.1684348338944659,26,0.16711220707892135,MAP_SCADA,55,0.001322626815544542
2,UPFC_Vsh,5-15,1.1093544542233646,26,1.1138622134946952,MAP_SCADA,55,0.004507759271330514
3,UPFC_tsh,5-15,-0.23870731257150962,26,-0.24549011554370062,MAP_SCADA,55,0.006782802972190999
4,UPFC_Vse,5-15,0.06272919858083496,26,0.06213281995843694,MAP_SCADA,55,0.0005963786223980236
5,UPFC_tse,5-15,-2.1892722360416754,26,-2.1812688948177184,MAP_SCADA,55,0.008003341223957072
0,x_tcsc,1-14,-0.10324303032860659,27,-0.09714767331654335,MAP_SCADA,55,0.006095357012063235
1,B_svc,2,0.16582498944584045,27,0.16711220707892135,MAP_SCADA,55,0.0012872176330809004
2,UPFC_Vsh,5-15,1.1092917412852477,27,1.1138622134946952,MAP_SCADA,55,0.004570472209447507
3,UPFC_tsh,5-15,-0.23786009562888574,27,-0.24549011554370062,MAP_SCADA,55,0.007630019914814878
4,UPFC_Vse,5-15,0.06271511041328849,27,0.06213281995843694,MAP_SCADA,55,0.0005822904548515515
5,UPFC_tse,5-15,-2.1924914175363153,27,-2.1812688948177184,MAP_SCADA,55,0.011222522718596917
0,x_tcsc,1-14,-0.10135196066548283,28,-0.09714767331654335,MAP_SCADA,55,0.0042042873489394755
1,B_svc,2,0.17761057228239494,28,0.16711220707892135,MAP_SCADA,55,0.01049836520347358
2,UPFC_Vsh,5-15,1.1083718755136782,28,1.1138622134946952,MAP_SCADA,55,0.005490337981016946
3,UPFC_tsh,5-15,-0.2395613443581504,28,-0.24549011554370062,MAP_SCADA,55,0.005928771185550213
4,UPFC_Vse,5-15,0.06346267764598927,28,0.06213281995843694,MAP_SCADA,55,0.0013298576875523313
5,UPFC_tse,5-15,-2.1903041390921896,28,-2.1812688948177184,MAP_SCADA,55,0.009035244274471221
0,x_tcsc,1-14,-0.10515150213842957,29,-0.09714767331654335,MAP_SCADA,55,0.008003828821886216
1,B_svc,2,0.16766234531155627,29,0.16711220707892135,MAP_SCADA,55,0.0005501382326349169
2,UPFC_Vsh,5-15,1.1095725542927521,29,1.1138622134946952,MAP_SCADA,55,0.004289659201943019
3,UPFC_tsh,5-15,-0.23785749907874235,29,-0.24549011554370062,MAP_SCADA,55,0.007632616464958275
4,UPFC_Vse,5-15,0.06285327963871028,29,0.06213281995843694,MAP_SCADA,55,0.0007204596802733373
5,UPFC_tse,5-15,-2.1945382243971,29,-2.1812688948177184,MAP_SCADA,55,0.013269329579381761
0,x_tcsc,1-14,-0.10214521014739744,30,-0.09714767331654335,MAP_SCADA,55,0.004997536830854091
1,B_svc,2,0.1733947782625552,30,0.16711220707892135,MAP_SCADA,55,0.006282571183633845
2,UPFC_Vsh,5-15,1.108749731528518,30,1.1138622134946952,MAP_SCADA,55,0.005112481966177196
3,UPFC_tsh,5-15,-0.24003817420459694,30,-0.24549011554370062,MAP_SCADA,55,0.0054519413391036775
4,UPFC_Vse,5-15,0.06354332981972415,30,0.06213281995843694,MAP_SCADA,55,0.0014105098612872055
5,UPFC_tse,5-15,-2.1899562565815236,30,-2.1812688948177184,MAP_SCADA,55,0.008687361763805246
0,x_tcsc,1-14,-0.10186895497271833,31,-0.09714767331654335,MAP_SCADA,55,0.004721281656174983
1,B_svc,2,0.1731001895027111,31,0.16711220707892135,MAP_SCADA,55,0.005987982423789756
2,UPFC_Vsh,5-15,1.1089604871881096,31,1.1138622134946952,MAP_SCADA,55,0.004901726306585585
3,UPFC_tsh,5-15,-0.2393106658119316,31,-0.24549011554370062,MAP_SCADA,55,0.00617944973176901
4,UPFC_Vse,5-15,0.06361662209310572,31,0.06213281995843694,MAP_SCADA,55,0.0014838021346687755
5,UPFC_tse,5-15,-2.1910202663171208,31,-2.1812688948177184,MAP_SCADA,55,0.009751371499402417
0,x_tcsc,1-14,-0.10199155700575223,32,-0.09714767331654335,MAP_SCADA,55,0.004843883689208878
1,B_svc,2,0.17562280153400014,32,0.16711220707892135,MAP_SCADA,55,0.00851059445507879
2,UPFC_Vsh,5-15,1.1083810877935076,32,1.1138622134946952,MAP_SCADA,55,0.005481125701187528
3,UPFC_tsh,5-15,-0.23893318807281042,32,-0.24549011554370062,MAP_SCADA,55,0.006556927470890206
4,UPFC_Vse,5-15,0.06267661663381953,32,0.06213281995843694,MAP_SCADA,55,0.0005437966753825893
5,UPFC_tse,5-15,-2.1933767411492218,32,-2.1812688948177184,MAP_SCADA,55,0.012107846331503413
0,x_tcsc,1-14,-0.10341776982429712,33,-0.09714767331654335,MAP_SCADA,55,0.006270096507753772
1,B_svc,2,0.1685857185347648,33,0.16711220707892135,MAP_SCADA,55,0.001473511455843457
2,UPFC_Vsh,5-15,1.1090690511856047,33,1.1138622134946952,MAP_SCADA,55,0.004793162309090437
3,UPFC_tsh,5-15,-0.23823230252929914,33,-0.24549011554370062,MAP_SCADA,55,0.007257813014401482
4,UPFC_Vse,5-15,0.06321292719959012,33,0.06213281995843694,MAP_SCADA,55,0.0010801072411531845
5,UPFC_tse,5-15,-2.190809317373603,33,-2.1812688948177184,MAP_SCADA,55,0.009540422555884831
0,x_tcsc,1-14,-0.10303751160140999,34,-0.09714767331654335,MAP_SCADA,55,0.005889838284866639
1,B_svc,2,0.1683284671853949,34,0.16711220707892135,MAP_SCADA,55,0.001216260106473549
2,UPFC_Vsh,5-15,1.109998361341998,34,1.1138622134946952,MAP_SCADA,55,0.0038638521526972447
3,UPFC_tsh,5-15,-0.2380691737984707,34,-0.24549011554370062,MAP_SCADA,55,0.00742094174522992
4,UPFC_Vse,5-15,0.0635342444626378,34,0.06213281995843694,MAP_SCADA,55,0.001401424504200867
5,UPFC_tse,5-15,-2.1878828879669565,34,-2.1812688948177184,MAP_SCADA,55,0.006613993149238162
0,x_tcsc,1-14,-0.10297982083834885,35,-0.09714767331654335,MAP_SCADA,55,0.0058321475218054974
1,B_svc,2,0.17046754832647434,35,0.16711220707892135,MAP_SCADA,55,0.00335534124755299
2,UPFC_Vsh,5-15,1.1112794492291262,35,1.1138622134946952,MAP_SCADA,55,0.0025827642655689154
3,UPFC_tsh,5-15,-0.2385383032127797,35,-0.24549011554370062,MAP_SCADA,55,0.006951812330920931
4,UPFC_Vse,5-15,0.06367108062868834,35,0.06213281995843694,MAP_SCADA,55,0.0015382606702514026
5,UPFC_tse,5-15,-2.188473680620623,35,-2.1812688948177184,MAP_SCADA,55,0.007204785802904734
0,x_tcsc,1-14,-0.1037433704569016,36,-0.09714767331654335,MAP_SCADA,55,0.00659569714035825
1,B_svc,2,0.17020265351511055,36,0.16711220707892135,MAP_SCADA,55,0.0030904464361891926
2,UPFC_Vsh,5-15,1.1084573576990415,36,1.1138622134946952,MAP_SCADA,55,0.00540485579565364
3,UPFC_tsh,5-15,-0.2387082284511852,36,-0.24549011554370062,MAP_SCADA,55,0.006781887092515426
4,UPFC_Vse,5-15,0.06266177121649627,36,0.06213281995843694,MAP_SCADA,55,0.0005289512580593306
5,UPFC_tse,5-15,-2.192234184921244,36,-2.1812688948177184,MAP_SCADA,55,0.01096529010352576
0,x_tcsc,1-14,-0.10331206912751367,37,-0.09714767331654335,MAP_SCADA,55,0.006164395810970322
1,B_svc,2,0.16983444814242962,37,0.16711220707892135,MAP_SCADA,55,0.0027222410635082683
2,UPFC_Vsh,5-15,1.1093899644083485,37,1.1138622134946952,MAP_SCADA,55,0.004472249086346691
3,UPFC_tsh,5-15,-0.23805948198578433,37,-0.24549011554370062,MAP_SCADA,55,0.0074306335579162885
4,UPFC_Vse,5-15,0.06260338273141129,37,0.06213281995843694,MAP_SCADA,55,0.00047056277297435195
5,UPFC_tse,5-15,-2.194394240818059,37,-2.1812688948177184,MAP_SCADA,55,0.013125346000340432
0,x_tcsc,1-14,-0.10491436820607243,38,-0.09714767331654335,MAP_SCADA,55,0.00776669488952908
1,B_svc,2,0.1672180740223852,38,0.16711220707892135,MAP_SCADA,55,0.00010586694346384484
2,UPFC_Vsh,5-15,1.1095823920842456,38,1.1138622134946952,MAP_SCADA,55,0.00427982141044958
3,UPFC_tsh,5-15,-0.23796712750088744,38,-0.24549011554370062,MAP_SCADA,55,0.007522988042813178
4,UPFC_Vse,5-15,0.06283312149927725,38,0.06213281995843694,MAP_SCADA,55,0.0007003015408403104
5,UPFC_tse,5-15,-2.18825981095042,38,-2.1812688948177184,MAP_SCADA,55,0.006990916132701752
0,x_tcsc,1-14,-0.10472404013278803,39,-0.09714767331654335,MAP_SCADA,55,0.007576366816244684
1,B_svc,2,0.17177177941619282,39,0.16711220707892135,MAP_SCADA,55,0.0046595723372714615
2,UPFC_Vsh,5-15,1.106130884386145,39,1.1138622134946952,MAP_SCADA,55,0.007731329108550122
3,UPFC_tsh,5-15,-0.239162445516109,39,-0.24549011554370062,MAP_SCADA,55,0.006327670027591631
4,UPFC_Vse,5-15,0.06329622775397507,39,0.06213281995843694,MAP_SCADA,55,0.0011634077955381336
5,UPFC_tse,5-15,-2.187460536285187,39,-2.1812688948177184,MAP_SCADA,55,0.006191641467468756
0,x_tcsc,1-14,-0.10328701279564349,40,-0.09714767331654335,MAP_SCADA,55,0.006139339479100142
1,B_svc,2,0.1697864442432162,40,0.16711220707892135,MAP_SCADA,55,0.0026742371642948515
2,UPFC_Vsh,5-15,1.1091570589281596,40,1.1138622134946952,MAP_SCADA,55,0.00470515456653553
3,UPFC_tsh,5-15,-0.23841077906827327,40,-0.24549011554370062,MAP_SCADA,55,0.007079336475427356
4,UPFC_Vse,5-15,0.06335807687554586,40,0.06213281995843694,MAP_SCADA,55,0.0012252569171089175
5,UPFC_tse,5-15,-2.188321530167082,40,-2.1812688948177184,MAP_SCADA,55,0.007052635349363623
0,x_tcsc,1-14,-0.10415308358070655,41,-0.09714767331654335,MAP_SCADA,55,0.007005410264163195
1,B_svc,2,0.1659516229371476,41,0.16711220707892135,MAP_SCADA,55,0.0011605841417737517
2,UPFC_Vsh,5-15,1.1088618181516254,41,1.1138622134946952,MAP_SCADA,55,0.00500039534306973
3,UPFC_tsh,5-15,-0.23803785406369915,41,-0.24549011554370062,MAP_SCADA,55,0.007452261480001471
4,UPFC_Vse,5-15,0.06317922460371121,41,0.06213281995843694,MAP_SCADA,55,0.0010464046452742723
5,UPFC_tse,5-15,-2.192117927145841,41,-2.1812688948177184,MAP_SCADA,55,0.010849032328122732
0,x_tcsc,1-14,-0.10282328972764497,42,-0.09714767331654335,MAP_SCADA,55,0.005675616411101619
1,B_svc,2,0.1721197597634059,42,0.16711220707892135,MAP_SCADA,55,0.005007552684484551
2,UPFC_Vsh,5-15,1.1081902020497665,42,1.1138622134946952,MAP_SCADA,55,0.005672011444928682
3,UPFC_tsh,5-15,-0.23900538395228121,42,-0.24549011554370062,MAP_SCADA,55,0.006484731591419407
4,UPFC_Vse,5-15,0.06283176345199303,42,0.06213281995843694,MAP_SCADA,55,0.0006989434935560854
5,UPFC_tse,5-15,-2.1893873032588393,42,-2.1812688948177184,MAP_SCADA,55,0.008118408441120994
0,x_tcsc,1-14,-0.10303424453802462,43,-0.09714767331654335,MAP_SCADA,55,0.005886571221481271
1,B_svc,2,0.17311051925916063,43,0.16711220707892135,MAP_SCADA,55,0.005998312180239274
2,UPFC_Vsh,5-15,1.107982607035665,43,1.1138622134946952,MAP_SCADA,55,0.005879606459030073
3,UPFC_tsh,5-15,-0.23927261561656687,43,-0.24549011554370062,MAP_SCADA,55,0.006217499927133746
4,UPFC_Vse,5-15,0.06356982541230466,43,0.06213281995843694,MAP_SCADA,55,0.0014370054538677193
5,UPFC_tse,5-15,-2.1951217682769553,43,-2.1812688948177184,MAP_SCADA,55,0.013852873459236914
0,x_tcsc,1-14,-0.1027973561626272,44,-0.09714767331654335,MAP_SCADA,55,0.005649682846083845
1,B_svc,2,0.1681348089727287,44,0.16711220707892135,MAP_SCADA,55,0.0010226018938073456
2,UPFC_Vsh,5-15,1.109787300168,44,1.1138622134946952,MAP_SCADA,55,0.004074913326695073
3,UPFC_tsh,5-15,-0.23831165948836602,44,-0.24549011554370062,MAP_SCADA,55,0.007178456055334598
4,UPFC_Vse,5-15,0.06368281985756345,44,0.06213281995843694,MAP_SCADA,55,0.0015499998991265126
5,UPFC_tse,5-15,-2.1854876578376725,44,-2.1812688948177184,MAP_SCADA,55,0.004218763019954164
0,x_tcsc,1-14,-0.10221996947708181,45,-0.09714767331654335,MAP_SCADA,55,0.0050722961605384614
1,B_svc,2,0.1768898387398685,45,0.16711220707892135,MAP_SCADA,55,0.00977763166094714
2,UPFC_Vsh,5-15,1.1095156345355885,45,1.1138622134946952,MAP_SCADA,55,0.004346578959106617
3,UPFC_tsh,5-15,-0.2389523502653847,45,-0.24549011554370062,MAP_SCADA,55,0.006537765278315927
4,UPFC_Vse,5-15,0.06318314771751779,45,0.06213281995843694,MAP_SCADA,55,0.0010503277590808505
5,UPFC_tse,5-15,-2.193731744557763,45,-2.1812688948177184,MAP_SCADA,55,0.012462849740044746
0,x_tcsc,1-14,-0.10209110133794598,46,-0.09714767331654335,MAP_SCADA,55,0.004943428021402629
1,B_svc,2,0.1749895939957132,46,0.16711220707892135,MAP_SCADA,55,0.007877386916791851
2,UPFC_Vsh,5-15,1.1075689036025793,46,1.1138622134946952,MAP_SCADA,55,0.00629330989211585
3,UPFC_tsh,5-15,-0.2405839698596442,46,-0.24549011554370062,MAP_SCADA,55,0.004906145684056423
4,UPFC_Vse,5-15,0.06325877581511731,46,0.06213281995843694,MAP_SCADA,55,0.0011259558566803704
5,UPFC_tse,5-15,-2.1915658662244795,46,-2.1812688948177184,MAP_SCADA,55,0.010296971406761113
0,x_tcsc,1-14,-0.10430424526697522,47,-0.09714767331654335,MAP_SCADA,55,0.0071565719504318726
1,B_svc,2,0.16657044584038416,47,0.16711220707892135,MAP_SCADA,55,0.0005417612385371917
2,UPFC_Vsh,5-15,1.1089944570086598,47,1.1138622134946952,MAP_SCADA,55,0.004867756486035324
3,UPFC_tsh,5-15,-0.23755332848839128,47,-0.24549011554370062,MAP_SCADA,55,0.007936787055309341
4,UPFC_Vse,5-15,0.06325285378388841,47,0.06213281995843694,MAP_SCADA,55,0.0011200338254514705
5,UPFC_tse,5-15,-2.1926651756040454,47,-2.1812688948177184,MAP_SCADA,55,0.01139628078632704
0,x_tcsc,1-14,-0.10467341988269523,48,-0.09714767331654335,MAP_SCADA,55,0.007525746566151875
1,B_svc,2,0.16631328053467387,48,0.16711220707892135,MAP_SCADA,55,0.0007989265442474858
2,UPFC_Vsh,5-15,1.109765910581846,48,1.1138622134946952,MAP_SCADA,55,0.004096302912849126
3,UPFC_tsh,5-15,-0.23718168953869978,48,-0.24549011554370062,MAP_SCADA,55,0.00830842600500084
4,UPFC_Vse,5-15,0.06257817548573592,48,0.06213281995843694,MAP_SCADA,55,0.0004453555272989837
5,UPFC_tse,5-15,-2.189149825874566,48,-2.1812688948177184,MAP_SCADA,55,0.007880931056847729
0,x_tcsc,1-14,-0.10036649413923276,49,-0.09714767331654335,MAP_SCADA,55,0.003218820822689414
1,B_svc,2,0.1848686799141463,49,0.16711220707892135,MAP_SCADA,55,0.01775647283522494
2,UPFC_Vsh,5-15,1.1056475662275105,49,1.1138622134946952,MAP_SCADA,55,0.008214647267184683
3,UPFC_tsh,5-15,-0.2414821266404511,49,-0.24549011554370062,MAP_SCADA,55,0.004007988903249521
4,UPFC_Vse,5-15,0.0630950463263788,49,0.06213281995843694,MAP_SCADA,55,0.0009622263679418611
5,UPFC_tse,5-15,-2.1950301431956265,49,-2.1812688948177184,MAP_SCADA,55,0.013761248377908153
0,x_tcsc,1-14,-0.10197953963546616,50,-0.09714767331654335,MAP_SCADA,55,0.004831866318922809
1,B_svc,2,0.1736852085055039,50,0.16711220707892135,MAP_SCADA,55,0.006573001426582542
2,UPFC_Vsh,5-15,1.1100116771882211,50,1.1138622134946952,MAP_SCADA,55,0.0038505363064740283
3,UPFC_tsh,5-15,-0.2387841569748617,50,-0.24549011554370062,MAP_SCADA,55,0.006705958568838932
4,UPFC_Vse,5-15,0.06333349762164837,50,0.06213281995843694,MAP_SCADA,55,0.0012006776632114344
5,UPFC_tse,5-15,-2.18884697758656,50,-2.1812688948177184,MAP_SCADA,55,0.007578082768841643
0,x_tcsc,1-14,-0.10287200005996062,51,-0.09714767331654335,MAP_SCADA,55,0.005724326743417274
1,B_svc,2,0.17435630556991935,51,0.16711220707892135,MAP_SCADA,55,0.007244098490997997
2,UPFC_Vsh,5-15,1.1083789801853865,51,1.1138622134946952,MAP_SCADA,55,0.005483233309308666
3,UPFC_tsh,5-15,-0.23954156229505957,51,-0.24549011554370062,MAP_SCADA,55,0.0059485532486410475
4,UPFC_Vse,5-15,0.0634631446920625,51,0.06213281995843694,MAP_SCADA,55,0.0013303247336255639
5,UPFC_tse,5-15,-2.193128263603617,51,-2.1812688948177184,MAP_SCADA,55,0.01185936878589855
0,x_tcsc,1-14,-0.10324332919686505,52,-0.09714767331654335,MAP_SCADA,55,0.006095655880321696
1,B_svc,2,0.1696109973659828,52,0.16711220707892135,MAP_SCADA,55,0.0024987902870614587
2,UPFC_Vsh,5-15,1.111682729996886,52,1.1138622134946952,MAP_SCADA,55,0.002179483497809054
3,UPFC_tsh,5-15,-0.2380664599567824,52,-0.24549011554370062,MAP_SCADA,55,0.00742365558691821
4,UPFC_Vse,5-15,0.0636095662815725,52,0.06213281995843694,MAP_SCADA,55,0.001476746323135554
5,UPFC_tse,5-15,-2.190966086526349,52,-2.1812688948177184,MAP_SCADA,55,0.009697191708630815
0,x_tcsc,1-14,-0.10136893818338043,53,-0.09714767331654335,MAP_SCADA,55,0.004221264866837077
1,B_svc,2,0.1763356233567943,53,0.16711220707892135,MAP_SCADA,55,0.009223416277872959
2,UPFC_Vsh,5-15,1.1071755978151345,53,1.1138622134946952,MAP_SCADA,55,0.006686615679560637
3,UPFC_tsh,5-15,-0.24045414133719084,53,-0.24549011554370062,MAP_SCADA,55,0.00503597420650978
4,UPFC_Vse,5-15,0.06363480196190133,53,0.06213281995843694,MAP_SCADA,55,0.0015019820034643874
5,UPFC_tse,5-15,-2.1940031377680684,53,-2.1812688948177184,MAP_SCADA,55,0.012734242950350083
0,x_tcsc,1-14,-0.10324843381027872,54,-0.09714767331654335,MAP_SCADA,55,0.006100760493735369
1,B_svc,2,0.17285646172672728,54,0.16711220707892135,MAP_SCADA,55,0.005744254647805924
2,UPFC_Vsh,5-15,1.1064658011062947,54,1.1138622134946952,MAP_SCADA,55,0.007396412388400497
3,UPFC_tsh,5-15,-0.24019351975165645,54,-0.24549011554370062,MAP_SCADA,55,0.0052965957920441675
4,UPFC_Vse,5-15,0.0631805362478855,54,0.06213281995843694,MAP_SCADA,55,0.0010477162894485595
5,UPFC_tse,5-15,-2.1928662900195057,54,-2.1812688948177184,MAP_SCADA,55,0.011597395201787375
0,x_tcsc,1-14,-0.1019788974557904,55,-0.09714767331654335,MAP_SCADA,55,0.004831224139247053
1,B_svc,2,0.1762892680006951,55,0.16711220707892135,MAP_SCADA,55,0.009177060921773755
2,UPFC_Vsh,5-15,1.1068642261414183,55,1.1138622134946952,MAP_SCADA,55,0.0069979873532768355
3,UPFC_tsh,5-15,-0.2403625187434593,55,-0.24549011554370062,MAP_SCADA,55,0.00512759680024133
4,UPFC_Vse,5-15,0.06392525493854063,55,0.06213281995843694,MAP_SCADA,55,0.0017924349801036951
5,UPFC_tse,5-15,-2.1962706712338904,55,-2.1812688948177184,MAP_SCADA,55,0.015001776416172063
0,x_tcsc,1-14,-0.10527974321233675,56,-0.09714767331654335,MAP_SCADA,55,0.008132069895793403
1,B_svc,2,0.167632286351566,56,0.16711220707892135,MAP_SCADA,55,0.0005200792726446357
2,UPFC_Vsh,5-15,1.1086875892260313,56,1.1138622134946952,MAP_SCADA,55,0.0051746242686638855
3,UPFC_tsh,5-15,-0.23816006534123574,56,-0.24549011554370062,MAP_SCADA,55,0.007330050202464883
4,UPFC_Vse,5-15,0.06254446606212997,56,0.06213281995843694,MAP_SCADA,55,0.00041164610369303495
5,UPFC_tse,5-15,-2.1879062130788323,56,-2.1812688948177184,MAP_SCADA,55,0.006637318261113911
0,x_tcsc,1-14,-0.10179695860865144,57,-0.09714767331654335,MAP_SCADA,55,0.004649285292108091
1,B_svc,2,0.17922775758191414,57,0.16711220707892135,MAP_SCADA,55,0.012115550502992789
2,UPFC_Vsh,5-15,1.1053913401140298,57,1.1138622134946952,MAP_SCADA,55,0.008470873380665322
3,UPFC_tsh,5-15,-0.24078070444873179,57,-0.24549011554370062,MAP_SCADA,55,0.004709411094968835
4,UPFC_Vse,5-15,0.0628623967199648,57,0.06213281995843694,MAP_SCADA,55,0.0007295767615278573
5,UPFC_tse,5-15,-2.19228846799818,57,-2.1812688948177184,MAP_SCADA,55,0.011019573180461428
0,x_tcsc,1-14,-0.10438407717916225,58,-0.09714767331654335,MAP_SCADA,55,0.007236403862618895
1,B_svc,2,0.1710229922972262,58,0.16711220707892135,MAP_SCADA,55,0.003910785218304846
2,UPFC_Vsh,5-15,1.1084581412862453,58,1.1138622134946952,MAP_SCADA,55,0.0054040722084498505
3,UPFC_tsh,5-15,-0.23826230188521025,58,-0.24549011554370062,MAP_SCADA,55,0.007227813658490373
4,UPFC_Vse,5-15,0.06312944551932835,58,0.06213281995843694,MAP_SCADA,55,0.0009966255608914107
5,UPFC_tse,5-15,-2.1876418894390635,58,-2.1812688948177184,MAP_SCADA,55,0.006372994621345107
0,x_tcsc,1-14,-0.10383418172265896,59,-0.09714767331654335,MAP_SCADA,55,0.006686508406115607
1,B_svc,2,0.17312892218344747,59,0.16711220707892135,MAP_SCADA,55,0.006016715104526116
2,UPFC_Vsh,5-15,1.1072547742868786,59,1.1138622134946952,MAP_SCADA,55,0.00660743920781659
3,UPFC_tsh,5-15,-0.23890156901931114,59,-0.24549011554370062,MAP_SCADA,55,0.006588546524389477
4,UPFC_Vse,5-15,0.06299379008888283,59,0.06213281995843694,MAP_SCADA,55,0.0008609701304458858
5,UPFC_tse,5-15,-2.1917922454989034,59,-2.1812688948177184,MAP_SCADA,55,0.01052335068118504
0,x_tcsc,1-14,-0.10327191665118586,60,-0.09714767331654335,MAP_SCADA,55,0.00612424333464251
1,B_svc,2,0.16996069385126053,60,0.16711220707892135,MAP_SCADA,55,0.002848486772339176
2,UPFC_Vsh,5-15,1.1098518577775867,60,1.1138622134946952,MAP_SCADA,55,0.004010355717108505
3,UPFC_tsh,5-15,-0.23820244736558496,60,-0.24549011554370062,MAP_SCADA,55,0.007287668178115658
4,UPFC_Vse,5-15,0.06292108618224466,60,0.06213281995843694,MAP_SCADA,55,0.0007882662238077251
5,UPFC_tse,5-15,-2.187923879159447,60,-2.1812688948177184,MAP_SCADA,55,0.006654984341728731
0,x_tcsc,1-14,-0.10443203071954701,61,-0.09714767331654335,MAP_SCADA,55,0.007284357403003663
1,B_svc,2,0.16903423354943337,61,0.16711220707892135,MAP_SCADA,55,0.0019220264705120116
2,UPFC_Vsh,5-15,1.110202654342042,61,1.1138622134946952,MAP_SCADA,55,0.003659559152653147
3,UPFC_tsh,5-15,-0.23777468793642412,61,-0.24549011554370062,MAP_SCADA,55,0.007715427607276504
4,UPFC_Vse,5-15,0.06314581996839719,61,0.06213281995843694,MAP_SCADA,55,0.001013000009960248
5,UPFC_tse,5-15,-2.1855869768875538,61,-2.1812688948177184,MAP_SCADA,55,0.004318082069835416
0,x_tcsc,1-14,-0.1018979327156657,62,-0.09714767331654335,MAP_SCADA,55,0.004750259399122353
1,B_svc,2,0.17427711005926577,62,0.16711220707892135,MAP_SCADA,55,0.0071649029803444175
2,UPFC_Vsh,5-15,1.1095015499881347,62,1.1138622134946952,MAP_SCADA,55,0.004360663506560503
3,UPFC_tsh,5-15,-0.23957433529079633,62,-0.24549011554370062,MAP_SCADA,55,0.00591578025290429
4,UPFC_Vse,5-15,0.06324467634335171,62,0.06213281995843694,MAP_SCADA,55,0.001111856384914768
5,UPFC_tse,5-15,-2.194724354980753,62,-2.1812688948177184,MAP_SCADA,55,0.013455460163034783
0,x_tcsc,1-14,-0.1047565086025988,63,-0.09714767331654335,MAP_SCADA,55,0.0076088352860554515
1,B_svc,2,0.16464257816312167,63,0.16711220707892135,MAP_SCADA,55,0.0024696289157996876
2,UPFC_Vsh,5-15,1.1108932720561624,63,1.1138622134946952,MAP_SCADA,55,0.0029689414385327684
3,UPFC_tsh,5-15,-0.23730546416250609,63,-0.24549011554370062,MAP_SCADA,55,0.008184651381194535
4,UPFC_Vse,5-15,0.06270315531355272,63,0.06213281995843694,MAP_SCADA,55,0.0005703353551157822
5,UPFC_tse,5-15,-2.1891048347645268,63,-2.1812688948177184,MAP_SCADA,55,0.007835939946808423
0,x_tcsc,1-14,-0.10149762845702923,64,-0.09714767331654335,MAP_SCADA,55,0.0043499551404858755
1,B_svc,2,0.17041915878050962,64,0.16711220707892135,MAP_SCADA,55,0.003306951701588262
2,UPFC_Vsh,5-15,1.1100417205424307,64,1.1138622134946952,MAP_SCADA,55,0.003820492952264498
3,UPFC_tsh,5-15,-0.23829959354425628,64,-0.24549011554370062,MAP_SCADA,55,0.007190521999444338
4,UPFC_Vse,5-15,0.06332037722712637,64,0.06213281995843694,MAP_SCADA,55,0.0011875572686894306
5,UPFC_tse,5-15,-2.1874300265671645,64,-2.1812688948177184,MAP_SCADA,55,0.006161131749446103
0,x_tcsc,1-14,-0.1029503968470731,65,-0.09714767331654335,MAP_SCADA,55,0.005802723530529755
1,B_svc,2,0.1727546126568781,65,0.16711220707892135,MAP_SCADA,55,0.005642405577956755
2,UPFC_Vsh,5-15,1.1090411589252558,65,1.1138622134946952,MAP_SCADA,55,0.004821054569439376
3,UPFC_tsh,5-15,-0.2391466538977477,65,-0.24549011554370062,MAP_SCADA,55,0.006343461645952925
4,UPFC_Vse,5-15,0.06267864255580684,65,0.06213281995843694,MAP_SCADA,55,0.000545822597369898
5,UPFC_tse,5-15,-2.194609229181598,65,-2.1812688948177184,MAP_SCADA,55,0.013340334363879602
0,x_tcsc,1-14,-0.10255764452678089,66,-0.09714767331654335,MAP_SCADA,55,0.005409971210237535
1,B_svc,2,0.17335932811787075,66,0.16711220707892135,MAP_SCADA,55,0.006247121038949394
2,UPFC_Vsh,5-15,1.1067821196443008,66,1.1138622134946952,MAP_SCADA,55,0.00708009385039432
3,UPFC_tsh,5-15,-0.24009114421968414,66,-0.24549011554370062,MAP_SCADA,55,0.005398971324016483
4,UPFC_Vse,5-15,0.06383770986129642,66,0.06213281995843694,MAP_SCADA,55,0.0017048899028594758
5,UPFC_tse,5-15,-2.189975251551576,66,-2.1812688948177184,MAP_SCADA,55,0.008706356733857668
0,x_tcsc,1-14,-0.10257961106253177,67,-0.09714767331654335,MAP_SCADA,55,0.005431937745988422
1,B_svc,2,0.1742425484016374,67,0.16711220707892135,MAP_SCADA,55,0.007130341322716033
2,UPFC_Vsh,5-15,1.1083253567254918,67,1.1138622134946952,MAP_SCADA,55,0.005536856769203347
3,UPFC_tsh,5-15,-0.23958027079370714,67,-0.24549011554370062,MAP_SCADA,55,0.005909844749993481
4,UPFC_Vse,5-15,0.06314568162052941,67,0.06213281995843694,MAP_SCADA,55,0.001012861662092475
5,UPFC_tse,5-15,-2.1901283364202158,67,-2.1812688948177184,MAP_SCADA,55,0.008859441602497409
0,x_tcsc,1-14,-0.10263337111071213,68,-0.09714767331654335,MAP_SCADA,55,0.005485697794168784
1,B_svc,2,0.17100614863303598,68,0.16711220707892135,MAP_SCADA,55,0.003893941554114627
2,UPFC_Vsh,5-15,1.1100202564761716,68,1.1138622134946952,MAP_SCADA,55,0.003841957018523523
3,UPFC_tsh,5-15,-0.23892424588676187,68,-0.24549011554370062,MAP_SCADA,55,0.006565869656938755
4,UPFC_Vse,5-15,0.06251988918292863,68,0.06213281995843694,MAP_SCADA,55,0.00038706922449168596
5,UPFC_tse,5-15,-2.187948808276476,68,-2.1812688948177184,MAP_SCADA,55,0.006679913458757625
0,x_tcsc,1-14,-0.10299316820601115,69,-0.09714767331654335,MAP_SCADA,55,0.005845494889467798
1,B_svc,2,0.16947360486173987,69,0.16711220707892135,MAP_SCADA,55,0.0023613977828185195
2,UPFC_Vsh,5-15,1.1089815892970292,69,1.1138622134946952,MAP_SCADA,55,0.004880624197665995
3,UPFC_tsh,5-15,-0.2385254375662905,69,-0.24549011554370062,MAP_SCADA,55,0.0069646779774101275
4,UPFC_Vse,5-15,0.06214377261304217,69,0.06213281995843694,MAP_SCADA,55,1.0952654605232703e-05
5,UPFC_tse,5-15,-2.1892225229127744,69,-2.1812688948177184,MAP_SCADA,55,0.007953628095056064
0,x_tcsc,1-14,-0.10185809716055308,70,-0.09714767331654335,MAP_SCADA,55,0.0047104238440097285
1,B_svc,2,0.1712652326521477,70,0.16711220707892135,MAP_SCADA,55,0.004153025573226332
2,UPFC_Vsh,5-15,1.1087057236793505,70,1.1138622134946952,MAP_SCADA,55,0.005156489815344667
3,UPFC_tsh,5-15,-0.2391822748874336,70,-0.24549011554370062,MAP_SCADA,55,0.006307840656267022
4,UPFC_Vse,5-15,0.06257359134144821,70,0.06213281995843694,MAP_SCADA,55,0.000440771383011275
5,UPFC_tse,5-15,-2.1913194357175967,70,-2.1812688948177184,MAP_SCADA,55,0.010050540899878335
0,x_tcsc,1-14,-0.10524162761546635,71,-0.09714767331654335,MAP_SCADA,55,0.008093954298922998
1,B_svc,2,0.16611244629803404,71,0.16711220707892135,MAP_SCADA,55,0.0009997607808873155
2,UPFC_Vsh,5-15,1.1096813062861652,71,1.1138622134946952,MAP_SCADA,55,0.004180907208529927
3,UPFC_tsh,5-15,-0.23770084547255427,71,-0.24549011554370062,MAP_SCADA,55,0.007789270071146354
4,UPFC_Vse,5-15,0.06383213767638687,71,0.06213281995843694,MAP_SCADA,55,0.0016993177179499344
5,UPFC_tse,5-15,-2.1861294420596007,71,-2.1812688948177184,MAP_SCADA,55,0.00486054724188234
0,x_tcsc,1-14,-0.10233283399276083,72,-0.09714767331654335,MAP_SCADA,55,0.005185160676217479
1,B_svc,2,0.17345561181975075,72,0.16711220707892135,MAP_SCADA,55,0.006343404740829395
2,UPFC_Vsh,5-15,1.1081896369708146,72,1.1138622134946952,MAP_SCADA,55,0.005672576523880535
3,UPFC_tsh,5-15,-0.2390668542505105,72,-0.24549011554370062,MAP_SCADA,55,0.0064232612931901245
4,UPFC_Vse,5-15,0.06308312190652304,72,0.06213281995843694,MAP_SCADA,55,0.0009503019480861033
5,UPFC_tse,5-15,-2.1950210742699534,72,-2.1812688948177184,MAP_SCADA,55,0.013752179452235058
0,x_tcsc,1-14,-0.10300572656616798,73,-0.09714767331654335,MAP_SCADA,55,0.0058580532496246285
1,B_svc,2,0.1699124075334846,73,0.16711220707892135,MAP_SCADA,55,0.002800200454563251
2,UPFC_Vsh,5-15,1.111688763891842,73,1.1138622134946952,MAP_SCADA,55,0.0021734496028531503
3,UPFC_tsh,5-15,-0.23754253964747926,73,-0.24549011554370062,MAP_SCADA,55,0.00794757589622136
4,UPFC_Vse,5-15,0.06295480558574423,73,0.06213281995843694,MAP_SCADA,55,0.0008219856273072937
5,UPFC_tse,5-15,-2.1898784956330895,73,-2.1812688948177184,MAP_SCADA,55,0.008609600815371099
0,x_tcsc,1-14,-0.10514924575789812,74,-0.09714767331654335,MAP_SCADA,55,0.00800157244135477
1,B_svc,2,0.16485838462843566,74,0.16711220707892135,MAP_SCADA,55,0.002253822450485693
2,UPFC_Vsh,5-15,1.1083799244483572,74,1.1138622134946952,MAP_SCADA,55,0.0054822890463379625
3,UPFC_tsh,5-15,-0.23760004359913878,74,-0.24549011554370062,MAP_SCADA,55,0.007890071944561844
4,UPFC_Vse,5-15,0.06298926157265705,74,0.06213281995843694,MAP_SCADA,55,0.0008564416142201117
5,UPFC_tse,5-15,-2.1901337929582283,74,-2.1812688948177184,MAP_SCADA,55,0.008864898140509947
0,x_tcsc,1-14,-0.10232746305722461,75,-0.09714767331654335,MAP_SCADA,55,0.0051797897406812565
1,B_svc,2,0.17313561704027464,75,0.16711220707892135,MAP_SCADA,55,0.006023409961353282
2,UPFC_Vsh,5-15,1.1109635601407246,75,1.1138622134946952,MAP_SCADA,55,0.0028986533539705484
3,UPFC_tsh,5-15,-0.2383956924953973,75,-0.24549011554370062,MAP_SCADA,55,0.007094423048303322
4,UPFC_Vse,5-15,0.06252459057740888,75,0.06213281995843694,MAP_SCADA,55,0.0003917706189719358
5,UPFC_tse,5-15,-2.1931506194433967,75,-2.1812688948177184,MAP_SCADA,55,0.01188172462567838
0,x_tcsc,1-14,-0.10346791682523426,76,-0.09714767331654335,MAP_SCADA,55,0.006320243508690912
1,B_svc,2,0.16888588364988585,76,0.16711220707892135,MAP_SCADA,55,0.0017736765709644997
2,UPFC_Vsh,5-15,1.1099742200180993,76,1.1138622134946952,MAP_SCADA,55,0.0038879934765958524
3,UPFC_tsh,5-15,-0.23913273123024675,76,-0.24549011554370062,MAP_SCADA,55,0.006357384313453868
4,UPFC_Vse,5-15,0.06273977661451471,76,0.06213281995843694,MAP_SCADA,55,0.0006069566560777742
5,UPFC_tse,5-15,-2.1907842344148376,76,-2.1812688948177184,MAP_SCADA,55,0.009515339597119254
0,x_tcsc,1-14,-0.1031683208624105,77,-0.09714767331654335,MAP_SCADA,55,0.006020647545867147
1,B_svc,2,0.16891396732518127,77,0.16711220707892135,MAP_SCADA,55,0.0018017602462599147
2,UPFC_Vsh,5-15,1.1077683373382927,77,1.1138622134946952,MAP_SCADA,55,0.006093876156402445
3,UPFC_tsh,5-15,-0.23970109057894223,77,-0.24549011554370062,MAP_SCADA,55,0.005789024964758388
4,UPFC_Vse,5-15,0.06299287105766653,77,0.06213281995843694,MAP_SCADA,55,0.0008600510992295904
5,UPFC_tse,5-15,-2.189390037798933,77,-2.1812688948177184,MAP_SCADA,55,0.008121142981214469
0,x_tcsc,1-14,-0.1003523763282444,78,-0.09714767331654335,MAP_SCADA,55,0.003204703011701046
1,B_svc,2,0.1781374744137755,78,0.16711220707892135,MAP_SCADA,55,0.01102526733485415
2,UPFC_Vsh,5-15,1.1064367614323085,78,1.1138622134946952,MAP_SCADA,55,0.0074254520623866505
3,UPFC_tsh,5-15,-0.24069360638132725,78,-0.24549011554370062,MAP_SCADA,55,0.004796509162373369
4,UPFC_Vse,5-15,0.0636058583757046,78,0.06213281995843694,MAP_SCADA,55,0.0014730384172676539
5,UPFC_tse,5-15,-2.1934335928061675,78,-2.1812688948177184,MAP_SCADA,55,0.012164697988449102
0,x_tcsc,1-14,-0.10276773053574277,79,-0.09714767331654335,MAP_SCADA,55,0.00562005721919942
1,B_svc,2,0.1680802978468382,79,0.16711220707892135,MAP_SCADA,55,0.000968090767916846
2,UPFC_Vsh,5-15,1.1117810693734493,79,1.1138622134946952,MAP_SCADA,55,0.002081144121245826
3,UPFC_tsh,5-15,-0.237322468516072,79,-0.24549011554370062,MAP_SCADA,55,0.008167647027628622
4,UPFC_Vse,5-15,0.06270065158906427,79,0.06213281995843694,MAP_SCADA,55,0.0005678316306273259
5,UPFC_tse,5-15,-2.1869983063602736,79,-2.1812688948177184,MAP_SCADA,55,0.0057294115425552405
0,x_tcsc,1-14,-0.10316049789480242,80,-0.09714767331654335,MAP_SCADA,55,0.006012824578259066
1,B_svc,2,0.17065832407353948,80,0.16711220707892135,MAP_SCADA,55,0.003546116994618126
2,UPFC_Vsh,5-15,1.1092538073589127,80,1.1138622134946952,MAP_SCADA,55,0.004608406135782506
3,UPFC_tsh,5-15,-0.239140938455551,80,-0.24549011554370062,MAP_SCADA,55,0.00634917708814961
4,UPFC_Vse,5-15,0.063109103691046,80,0.06213281995843694,MAP_SCADA,55,0.0009762837326090582
5,UPFC_tse,5-15,-2.1914075308370156,80,-2.1812688948177184,MAP_SCADA,55,0.01013863601929721
0,x_tcsc,1-14,-0.10041044236733196,81,-0.09714767331654335,MAP_SCADA,55,0.003262769050788608
1,B_svc,2,0.18123476065321326,81,0.16711220707892135,MAP_SCADA,55,0.014122553574291902
2,UPFC_Vsh,5-15,1.1059665821283136,81,1.1138622134946952,MAP_SCADA,55,0.007895631366381606
3,UPFC_tsh,5-15,-0.24094205153019474,81,-0.24549011554370062,MAP_SCADA,55,0.004548064013505881
4,UPFC_Vse,5-15,0.06307815871124836,81,0.06213281995843694,MAP_SCADA,55,0.0009453387528114213
5,UPFC_tse,5-15,-2.195590834076475,81,-2.1812688948177184,MAP_SCADA,55,0.0143219392587568
0,x_tcsc,1-14,-0.10457447478471675,82,-0.09714767331654335,MAP_SCADA,55,0.0074268014681734
1,B_svc,2,0.16783207973975625,82,0.16711220707892135,MAP_SCADA,55,0.0007198726608348971
2,UPFC_Vsh,5-15,1.110012346364267,82,1.1138622134946952,MAP_SCADA,55,0.0038498671304281196
3,UPFC_tsh,5-15,-0.2376586382346466,82,-0.24549011554370062,MAP_SCADA,55,0.007831477309054008
4,UPFC_Vse,5-15,0.06331608203981146,82,0.06213281995843694,MAP_SCADA,55,0.0011832620813745157
5,UPFC_tse,5-15,-2.1867291866877543,82,-2.1812688948177184,MAP_SCADA,55,0.005460291870035938
0,x_tcsc,1-14,-0.1031657595623476,83,-0.09714767331654335,MAP_SCADA,55,0.006018086245804244
1,B_svc,2,0.17424357418869788,83,0.16711220707892135,MAP_SCADA,55,0.007131367109776521
2,UPFC_Vsh,5-15,1.1072885960269414,83,1.1138622134946952,MAP_SCADA,55,0.006573617467753756
3,UPFC_tsh,5-15,-0.23966310880723438,83,-0.24549011554370062,MAP_SCADA,55,0.005827006736466245
4,UPFC_Vse,5-15,0.06304301881323121,83,0.06213281995843694,MAP_SCADA,55,0.000910198854794271
5,UPFC_tse,5-15,-2.1962086599650283,83,-2.1812688948177184,MAP_SCADA,55,0.014939765147309991
0,x_tcsc,1-14,-0.10333678174264938,84,-0.09714767331654335,MAP_SCADA,55,0.006189108426106024
1,B_svc,2,0.16992623847206714,84,0.16711220707892135,MAP_SCADA,55,0.0028140313931457883
2,UPFC_Vsh,5-15,1.108396689227261,84,1.1138622134946952,MAP_SCADA,55,0.005465524267434185
3,UPFC_tsh,5-15,-0.23891537987045408,84,-0.24549011554370062,MAP_SCADA,55,0.00657473567324654
4,UPFC_Vse,5-15,0.06353080171285039,84,0.06213281995843694,MAP_SCADA,55,0.001397981754413448
5,UPFC_tse,5-15,-2.1934515204379577,84,-2.1812688948177184,MAP_SCADA,55,0.012182625620239307
0,x_tcsc,1-14,-0.10081655054250013,85,-0.09714767331654335,MAP_SCADA,55,0.003668877225956782
1,B_svc,2,0.17694535235740244,85,0.16711220707892135,MAP_SCADA,55,0.009833145278481087
2,UPFC_Vsh,5-15,1.1073705397164069,85,1.1138622134946952,MAP_SCADA,55,0.006491673778288298
3,UPFC_tsh,5-15,-0.2398156892148108,85,-0.24549011554370062,MAP_SCADA,55,0.0056744263288898145
4,UPFC_Vse,5-15,0.06285607316405972,85,0.06213281995843694,MAP_SCADA,55,0.0007232532056227828
5,UPFC_tse,5-15,-2.1933991813687634,85,-2.1812688948177184,MAP_SCADA,55,0.012130286551045089
0,x_tcsc,1-14,-0.10456865424775502,86,-0.09714767331654335,MAP_SCADA,55,0.007420980931211671
1,B_svc,2,0.1666530528575441,86,0.16711220707892135,MAP_SCADA,55,0.000459154221377267
2,UPFC_Vsh,5-15,1.1106773055855599,86,1.1138622134946952,MAP_SCADA,55,0.0031849079091352817
3,UPFC_tsh,5-15,-0.23739767838514195,86,-0.24549011554370062,MAP_SCADA,55,0.008092437158558674
4,UPFC_Vse,5-15,0.06257029657897878,86,0.06213281995843694,MAP_SCADA,55,0.0004374766205418393
5,UPFC_tse,5-15,-2.189342971517965,86,-2.1812688948177184,MAP_SCADA,55,0.008074076700246735
0,x_tcsc,1-14,-0.1014522893066262,87,-0.09714767331654335,MAP_SCADA,55,0.004304615990082847
1,B_svc,2,0.1759377983837093,87,0.16711220707892135,MAP_SCADA,55,0.008825591304787939
2,UPFC_Vsh,5-15,1.1075747788641153,87,1.1138622134946952,MAP_SCADA,55,0.006287434630579902
3,UPFC_tsh,5-15,-0.23996026048803054,87,-0.24549011554370062,MAP_SCADA,55,0.00552985505567008
4,UPFC_Vse,5-15,0.0631287474103788,87,0.06213281995843694,MAP_SCADA,55,0.0009959274519418596
5,UPFC_tse,5-15,-2.192029188740658,87,-2.1812688948177184,MAP_SCADA,55,0.010760293922939645
0,x_tcsc,1-14,-0.10308302753037737,88,-0.09714767331654335,MAP_SCADA,55,0.005935354213834024
1,B_svc,2,0.17448784950738527,88,0.16711220707892135,MAP_SCADA,55,0.007375642428463919
2,UPFC_Vsh,5-15,1.1061476784346318,88,1.1138622134946952,MAP_SCADA,55,0.0077145350600633655
3,UPFC_tsh,5-15,-0.24050589806222702,88,-0.24549011554370062,MAP_SCADA,55,0.004984217481473596
4,UPFC_Vse,5-15,0.06268005160067479,88,0.06213281995843694,MAP_SCADA,55,0.0005472316422378484
5,UPFC_tse,5-15,-2.190872120562374,88,-2.1812688948177184,MAP_SCADA,55,0.009603225744655663
0,x_tcsc,1-14,-0.10267111452075099,89,-0.09714767331654335,MAP_SCADA,55,0.005523441204207641
1,B_svc,2,0.16961778126943405,89,0.16711220707892135,MAP_SCADA,55,0.0025055741905126994
2,UPFC_Vsh,5-15,1.1079274160944588,89,1.1138622134946952,MAP_SCADA,55,0.005934797400236391
3,UPFC_tsh,5-15,-0.23875734153579592,89,-0.24549011554370062,MAP_SCADA,55,0.006732774007904702
4,UPFC_Vse,5-15,0.06317546712596372,89,0.06213281995843694,MAP_SCADA,55,0.0010426471675267848
5,UPFC_tse,5-15,-2.1882457540257323,89,-2.1812688948177184,MAP_SCADA,55,0.006976859208013941
0,x_tcsc,1-14,-0.10613469936333164,90,-0.09714767331654335,MAP_SCADA,55,0.00898702604678829
1,B_svc,2,0.16006816122231587,90,0.16711220707892135,MAP_SCADA,55,0.00704404585660548
2,UPFC_Vsh,5-15,1.1094315761130153,90,1.1138622134946952,MAP_SCADA,55,0.004430637381679814
3,UPFC_tsh,5-15,-0.23704302088232218,90,-0.24549011554370062,MAP_SCADA,55,0.00844709466137844
4,UPFC_Vse,5-15,0.06352188556720155,90,0.06213281995843694,MAP_SCADA,55,0.00138906560876461
5,UPFC_tse,5-15,-2.187971846351272,90,-2.1812688948177184,MAP_SCADA,55,0.006702951533553492
0,x_tcsc,1-14,-0.10274183533505725,91,-0.09714767331654335,MAP_SCADA,55,0.0055941620185138985
1,B_svc,2,0.1712474167571244,91,0.16711220707892135,MAP_SCADA,55,0.00413520967820305
2,UPFC_Vsh,5-15,1.1081719272205834,91,1.1138622134946952,MAP_SCADA,55,0.005690286274111722
3,UPFC_tsh,5-15,-0.23991407693170547,91,-0.24549011554370062,MAP_SCADA,55,0.005576038611995154
4,UPFC_Vse,5-15,0.06319960057066118,91,0.06213281995843694,MAP_SCADA,55,0.0010667806122242399
5,UPFC_tse,5-15,-2.189139377730668,91,-2.1812688948177184,MAP_SCADA,55,0.007870482912949672
0,x_tcsc,1-14,-0.10529554962383599,92,-0.09714767331654335,MAP_SCADA,55,0.008147876307292634
1,B_svc,2,0.164802444766533,92,0.16711220707892135,MAP_SCADA,55,0.002309762312388358
2,UPFC_Vsh,5-15,1.1091574366065957,92,1.1138622134946952,MAP_SCADA,55,0.004704776888099449
3,UPFC_tsh,5-15,-0.23715858961762765,92,-0.24549011554370062,MAP_SCADA,55,0.008331525926072975
4,UPFC_Vse,5-15,0.06325685516812932,92,0.06213281995843694,MAP_SCADA,55,0.001124035209692377
5,UPFC_tse,5-15,-2.185841384590449,92,-2.1812688948177184,MAP_SCADA,55,0.004572489772730837
0,x_tcsc,1-14,-0.10198001686873225,93,-0.09714767331654335,MAP_SCADA,55,0.004832343552188895
1,B_svc,2,0.1745075075648837,93,0.16711220707892135,MAP_SCADA,55,0.007395300485962347
2,UPFC_Vsh,5-15,1.1077672411780743,93,1.1138622134946952,MAP_SCADA,55,0.006094972316620817
3,UPFC_tsh,5-15,-0.24025055114601698,93,-0.24549011554370062,MAP_SCADA,55,0.005239564397683638
4,UPFC_Vse,5-15,0.06302712550417613,93,0.06213281995843694,MAP_SCADA,55,0.0008943055457391949
5,UPFC_tse,5-15,-2.193898147976288,93,-2.1812688948177184,MAP_SCADA,55,0.012629253158569664
0,x_tcsc,1-14,-0.10240752827041755,94,-0.09714767331654335,MAP_SCADA,55,0.005259854953874196
1,B_svc,2,0.17267742847899017,94,0.16711220707892135,MAP_SCADA,55,0.0055652214000688205
2,UPFC_Vsh,5-15,1.1060683377314755,94,1.1138622134946952,MAP_SCADA,55,0.00779387576321966
3,UPFC_tsh,5-15,-0.23966172718881376,94,-0.24549011554370062,MAP_SCADA,55,0.00582838835488686
4,UPFC_Vse,5-15,0.06356182781739468,94,0.06213281995843694,MAP_SCADA,55,0.0014290078589577412
5,UPFC_tse,5-15,-2.1899317687571993,94,-2.1812688948177184,MAP_SCADA,55,0.008662873939480953
0,x_tcsc,1-14,-0.1015701753308845,95,-0.09714767331654335,MAP_SCADA,55,0.004422502014341148
1,B_svc,2,0.1739762418767858,95,0.16711220707892135,MAP_SCADA,55,0.006864034797864432
2,UPFC_Vsh,5-15,1.109278096323847,95,1.1138622134946952,MAP_SCADA,55,0.004584117170848057
3,UPFC_tsh,5-15,-0.23889218641001428,95,-0.24549011554370062,MAP_SCADA,55,0.006597929133686342
4,UPFC_Vse,5-15,0.06328697888437507,95,0.06213281995843694,MAP_SCADA,55,0.0011541589259381271
5,UPFC_tse,5-15,-2.194328809564617,95,-2.1812688948177184,MAP_SCADA,55,0.013059914746898826
0,x_tcsc,1-14,-0.10232252245350033,96,-0.09714767331654335,MAP_SCADA,55,0.005174849136956983
1,B_svc,2,0.17372121612069635,96,0.16711220707892135,MAP_SCADA,55,0.006609009041774999
2,UPFC_Vsh,5-15,1.108048298640947,96,1.1138622134946952,MAP_SCADA,55,0.005813914853748159
3,UPFC_tsh,5-15,-0.2395526260351638,96,-0.24549011554370062,MAP_SCADA,55,0.005937489508536814
4,UPFC_Vse,5-15,0.06360226093011265,96,0.06213281995843694,MAP_SCADA,55,0.0014694409716757076
5,UPFC_tse,5-15,-2.1900485756251924,96,-2.1812688948177184,MAP_SCADA,55,0.008779680807474044
0,x_tcsc,1-14,-0.10333071641159243,97,-0.09714767331654335,MAP_SCADA,55,0.006183043095049079
1,B_svc,2,0.17110006030773722,97,0.16711220707892135,MAP_SCADA,55,0.003987853228815869
2,UPFC_Vsh,5-15,1.1083044207896122,97,1.1138622134946952,MAP_SCADA,55,0.005557792705082942
3,UPFC_tsh,5-15,-0.23860190996385314,97,-0.24549011554370062,MAP_SCADA,55,0.006888205579847484
4,UPFC_Vse,5-15,0.06399735750141623,97,0.06213281995843694,MAP_SCADA,55,0.001864537542979293
5,UPFC_tse,5-15,-2.19124066642229,97,-2.1812688948177184,MAP_SCADA,55,0.009971771604571522
0,x_tcsc,1-14,-0.10426524521610846,98,-0.09714767331654335,MAP_SCADA,55,0.007117571899565106
1,B_svc,2,0.17011498705090078,98,0.16711220707892135,MAP_SCADA,55,0.0030027799719794246
2,UPFC_Vsh,5-15,1.1100572819699157,98,1.1138622134946952,MAP_SCADA,55,0.0038049315247794535
3,UPFC_tsh,5-15,-0.23770219494552186,98,-0.24549011554370062,MAP_SCADA,55,0.00778792059817876
4,UPFC_Vse,5-15,0.06334543800654534,98,0.06213281995843694,MAP_SCADA,55,0.0012126180481083979
5,UPFC_tse,5-15,-2.193521321270926,98,-2.1812688948177184,MAP_SCADA,55,0.012252426453207566
0,x_tcsc,1-14,-0.10313457559422243,99,-0.09714767331654335,MAP_SCADA,55,0.0059869022776790765
1,B_svc,2,0.17001685418981957,99,0.16711220707892135,MAP_SCADA,55,0.0029046471108982175
2,UPFC_Vsh,5-15,1.109765874666147,99,1.1138622134946952,MAP_SCADA,55,0.004096338828548207
3,UPFC_tsh,5-15,-0.23838836964991572,99,-0.24549011554370062,MAP_SCADA,55,0.0071017458937849
4,UPFC_Vse,5-15,0.06302138463839355,99,0.06213281995843694,MAP_SCADA,55,0.0008885646799566063
5,UPFC_tse,5-15,-2.187957790781871,99,-2.1812688948177184,MAP_SCADA,55,0.006688895964152675
0,x_tcsc,1-14,-0.10329353714551051,0,-0.09472253223499201,MAP_SCADA,57,0.008571004910518501
1,B_svc,2,0.16811519883705064,0,0.16612674588917,MAP_SCADA,57,0.0019884529478806368
2,UPFC_Vsh,5-15,1.1098479333514264,0,1.1158875095476335,MAP_SCADA,57,0.006039576196207097
3,UPFC_tsh,5-15,-0.23850846755793317,0,-0.24814173274051504,MAP_SCADA,57,0.009633265182581868
4,UPFC_Vse,5-15,0.06280396337550218,0,0.06191443005819676,MAP_SCADA,57,0.000889533317305416
5,UPFC_tse,5-15,-2.189547936028691,0,-2.1794203787396493,MAP_SCADA,57,0.0101275572890418
0,x_tcsc,1-14,-0.10333449122731382,1,-0.09472253223499201,MAP_SCADA,57,0.008611958992321811
1,B_svc,2,0.17229278551833666,1,0.16612674588917,MAP_SCADA,57,0.0061660396291666475
2,UPFC_Vsh,5-15,1.1074218438606374,1,1.1158875095476335,MAP_SCADA,57,0.008465665686996138
3,UPFC_tsh,5-15,-0.2393005791363044,1,-0.24814173274051504,MAP_SCADA,57,0.008841153604210644
4,UPFC_Vse,5-15,0.06354372417136461,1,0.06191443005819676,MAP_SCADA,57,0.0016292941131678534
5,UPFC_tse,5-15,-2.188008410858818,1,-2.1794203787396493,MAP_SCADA,57,0.008588032119168698
0,x_tcsc,1-14,-0.10362651376837446,2,-0.09472253223499201,MAP_SCADA,57,0.008903981533382455
1,B_svc,2,0.16919022531694322,2,0.16612674588917,MAP_SCADA,57,0.0030634794277732136
2,UPFC_Vsh,5-15,1.1102493941878657,2,1.1158875095476335,MAP_SCADA,57,0.00563811535976777
3,UPFC_tsh,5-15,-0.23849235067663532,2,-0.24814173274051504,MAP_SCADA,57,0.009649382063879719
4,UPFC_Vse,5-15,0.06320110323422641,2,0.06191443005819676,MAP_SCADA,57,0.0012866731760296513
5,UPFC_tse,5-15,-2.191367850099842,2,-2.1794203787396493,MAP_SCADA,57,0.011947471360192807
0,x_tcsc,1-14,-0.1022783976113678,3,-0.09472253223499201,MAP_SCADA,57,0.007555865376375787
1,B_svc,2,0.17447641250969634,3,0.16612674588917,MAP_SCADA,57,0.00834966662052633
2,UPFC_Vsh,5-15,1.1077086780665086,3,1.1158875095476335,MAP_SCADA,57,0.00817883148112486
3,UPFC_tsh,5-15,-0.239679881625969,3,-0.24814173274051504,MAP_SCADA,57,0.008461851114546032
4,UPFC_Vse,5-15,0.06420872154220497,3,0.06191443005819676,MAP_SCADA,57,0.0022942914840082124
5,UPFC_tse,5-15,-2.1910131457639017,3,-2.1794203787396493,MAP_SCADA,57,0.011592767024252382
0,x_tcsc,1-14,-0.10394054656344608,4,-0.09472253223499201,MAP_SCADA,57,0.009218014328454066
1,B_svc,2,0.17253418900935183,4,0.16612674588917,MAP_SCADA,57,0.006407443120181822
2,UPFC_Vsh,5-15,1.1080842679213603,4,1.1158875095476335,MAP_SCADA,57,0.007803241626273216
3,UPFC_tsh,5-15,-0.23896792048445972,4,-0.24814173274051504,MAP_SCADA,57,0.00917381225605532
4,UPFC_Vse,5-15,0.06280615072875485,4,0.06191443005819676,MAP_SCADA,57,0.0008917206705580938
5,UPFC_tse,5-15,-2.190748734444064,4,-2.1794203787396493,MAP_SCADA,57,0.011328355704414594
0,x_tcsc,1-14,-0.10358721953952944,5,-0.09472253223499201,MAP_SCADA,57,0.008864687304537433
1,B_svc,2,0.16814849854113137,5,0.16612674588917,MAP_SCADA,57,0.0020217526519613616
2,UPFC_Vsh,5-15,1.1103570430873901,5,1.1158875095476335,MAP_SCADA,57,0.005530466460243355
3,UPFC_tsh,5-15,-0.23847268222950582,5,-0.24814173274051504,MAP_SCADA,57,0.00966905051100922
4,UPFC_Vse,5-15,0.06314489609101118,5,0.06191443005819676,MAP_SCADA,57,0.0012304660328144174
5,UPFC_tse,5-15,-2.190275244913631,5,-2.1794203787396493,MAP_SCADA,57,0.01085486617398157
0,x_tcsc,1-14,-0.10350531559935731,6,-0.09472253223499201,MAP_SCADA,57,0.008782783364365304
1,B_svc,2,0.16889408616433438,6,0.16612674588917,MAP_SCADA,57,0.0027673402751643705
2,UPFC_Vsh,5-15,1.1092796634959625,6,1.1158875095476335,MAP_SCADA,57,0.006607846051670974
3,UPFC_tsh,5-15,-0.2386688698331191,6,-0.24814173274051504,MAP_SCADA,57,0.009472862907395935
4,UPFC_Vse,5-15,0.06287393598506438,6,0.06191443005819676,MAP_SCADA,57,0.0009595059268676237
5,UPFC_tse,5-15,-2.1904821780911643,6,-2.1794203787396493,MAP_SCADA,57,0.011061799351514967
0,x_tcsc,1-14,-0.10086561566381738,7,-0.09472253223499201,MAP_SCADA,57,0.006143083428825372
1,B_svc,2,0.17407933738082562,7,0.16612674588917,MAP_SCADA,57,0.007952591491655614
2,UPFC_Vsh,5-15,1.1095504799373779,7,1.1158875095476335,MAP_SCADA,57,0.006337029610255618
3,UPFC_tsh,5-15,-0.23927897238709775,7,-0.24814173274051504,MAP_SCADA,57,0.008862760353417293
4,UPFC_Vse,5-15,0.06312921191592344,7,0.06191443005819676,MAP_SCADA,57,0.0012147818577266795
5,UPFC_tse,5-15,-2.1874008932882796,7,-2.1794203787396493,MAP_SCADA,57,0.007980514548630246
0,x_tcsc,1-14,-0.10415892026095726,8,-0.09472253223499201,MAP_SCADA,57,0.009436388025965248
1,B_svc,2,0.17134587093852688,8,0.16612674588917,MAP_SCADA,57,0.005219125049356871
2,UPFC_Vsh,5-15,1.107249958845356,8,1.1158875095476335,MAP_SCADA,57,0.008637550702277563
3,UPFC_tsh,5-15,-0.23866553903984225,8,-0.24814173274051504,MAP_SCADA,57,0.009476193700672791
4,UPFC_Vse,5-15,0.06362033412494816,8,0.06191443005819676,MAP_SCADA,57,0.0017059040667514042
5,UPFC_tse,5-15,-2.186522927523441,8,-2.1794203787396493,MAP_SCADA,57,0.0071025487837914625
0,x_tcsc,1-14,-0.10245107087655327,9,-0.09472253223499201,MAP_SCADA,57,0.007728538641561256
1,B_svc,2,0.1699705773336321,9,0.16612674588917,MAP_SCADA,57,0.003843831444462098
2,UPFC_Vsh,5-15,1.1111100280601645,9,1.1158875095476335,MAP_SCADA,57,0.0047774814874690374
3,UPFC_tsh,5-15,-0.23772898479278912,9,-0.24814173274051504,MAP_SCADA,57,0.010412747947725925
4,UPFC_Vse,5-15,0.06293157188011914,9,0.06191443005819676,MAP_SCADA,57,0.0010171418219223766
5,UPFC_tse,5-15,-2.1889726606857733,9,-2.1794203787396493,MAP_SCADA,57,0.009552281946124008
0,x_tcsc,1-14,-0.10201414245840422,10,-0.09472253223499201,MAP_SCADA,57,0.007291610223412209
1,B_svc,2,0.1773995230540244,10,0.16612674588917,MAP_SCADA,57,0.011272777164854392
2,UPFC_Vsh,5-15,1.1078753800386845,10,1.1158875095476335,MAP_SCADA,57,0.008012129508949029
3,UPFC_tsh,5-15,-0.23991346910294914,10,-0.24814173274051504,MAP_SCADA,57,0.008228263637565902
4,UPFC_Vse,5-15,0.06350055111044295,10,0.06191443005819676,MAP_SCADA,57,0.0015861210522461894
5,UPFC_tse,5-15,-2.188397089259698,10,-2.1794203787396493,MAP_SCADA,57,0.00897671052004867
0,x_tcsc,1-14,-0.10309787691363395,11,-0.09472253223499201,MAP_SCADA,57,0.008375344678641941
1,B_svc,2,0.17229032263195573,11,0.16612674588917,MAP_SCADA,57,0.006163576742785726
2,UPFC_Vsh,5-15,1.106829264025858,11,1.1158875095476335,MAP_SCADA,57,0.009058245521775588
3,UPFC_tsh,5-15,-0.23956457706822262,11,-0.24814173274051504,MAP_SCADA,57,0.00857715567229242
4,UPFC_Vse,5-15,0.06366462202276205,11,0.06191443005819676,MAP_SCADA,57,0.001750191964565287
5,UPFC_tse,5-15,-2.1891986298807464,11,-2.1794203787396493,MAP_SCADA,57,0.009778251141097094
0,x_tcsc,1-14,-0.10463812009775422,12,-0.09472253223499201,MAP_SCADA,57,0.009915587862762212
1,B_svc,2,0.16853615682973003,12,0.16612674588917,MAP_SCADA,57,0.0024094109405600195
2,UPFC_Vsh,5-15,1.1081083885543885,12,1.1158875095476335,MAP_SCADA,57,0.007779120993244959
3,UPFC_tsh,5-15,-0.23874039951966272,12,-0.24814173274051504,MAP_SCADA,57,0.00940133322085232
4,UPFC_Vse,5-15,0.06357887848112859,12,0.06191443005819676,MAP_SCADA,57,0.0016644484229318274
5,UPFC_tse,5-15,-2.1899085293440548,12,-2.1794203787396493,MAP_SCADA,57,0.010488150604405444
0,x_tcsc,1-14,-0.10326192676854636,13,-0.09472253223499201,MAP_SCADA,57,0.008539394533554345
1,B_svc,2,0.17236389006577532,13,0.16612674588917,MAP_SCADA,57,0.006237144176605314
2,UPFC_Vsh,5-15,1.10698736772081,13,1.1158875095476335,MAP_SCADA,57,0.008900141826823527
3,UPFC_tsh,5-15,-0.23976528062347388,13,-0.24814173274051504,MAP_SCADA,57,0.008376452117041161
4,UPFC_Vse,5-15,0.06249443149756003,13,0.06191443005819676,MAP_SCADA,57,0.0005800014393632716
5,UPFC_tse,5-15,-2.196371164920003,13,-2.1794203787396493,MAP_SCADA,57,0.016950786180353727
0,x_tcsc,1-14,-0.1030504484184106,14,-0.09472253223499201,MAP_SCADA,57,0.00832791618341859
1,B_svc,2,0.16997033053296642,14,0.16612674588917,MAP_SCADA,57,0.003843584643796416
2,UPFC_Vsh,5-15,1.1110829106317943,14,1.1158875095476335,MAP_SCADA,57,0.0048045989158391755
3,UPFC_tsh,5-15,-0.2378859124752215,14,-0.24814173274051504,MAP_SCADA,57,0.010255820265293536
4,UPFC_Vse,5-15,0.0626573943935469,14,0.06191443005819676,MAP_SCADA,57,0.0007429643353501353
5,UPFC_tse,5-15,-2.193799530913218,14,-2.1794203787396493,MAP_SCADA,57,0.014379152173568777
0,x_tcsc,1-14,-0.10309694119605492,15,-0.09472253223499201,MAP_SCADA,57,0.00837440896106291
1,B_svc,2,0.16693486271337285,15,0.16612674588917,MAP_SCADA,57,0.0008081168242028425
2,UPFC_Vsh,5-15,1.112102866085488,15,1.1158875095476335,MAP_SCADA,57,0.003784643462145576
3,UPFC_tsh,5-15,-0.2382997699364943,15,-0.24814173274051504,MAP_SCADA,57,0.009841962804020749
4,UPFC_Vse,5-15,0.06256983739626225,15,0.06191443005819676,MAP_SCADA,57,0.000655407338065489
5,UPFC_tse,5-15,-2.1883812738215953,15,-2.1794203787396493,MAP_SCADA,57,0.008960895081945974
0,x_tcsc,1-14,-0.10217489660297842,16,-0.09472253223499201,MAP_SCADA,57,0.007452364367986408
1,B_svc,2,0.17394135187656679,16,0.16612674588917,MAP_SCADA,57,0.007814605987396778
2,UPFC_Vsh,5-15,1.107960262070741,16,1.1158875095476335,MAP_SCADA,57,0.007927247476892552
3,UPFC_tsh,5-15,-0.239206249885445,16,-0.24814173274051504,MAP_SCADA,57,0.008935482855070037
4,UPFC_Vse,5-15,0.06271712989685814,16,0.06191443005819676,MAP_SCADA,57,0.0008026998386613804
5,UPFC_tse,5-15,-2.1939130467822623,16,-2.1794203787396493,MAP_SCADA,57,0.014492668042612955
0,x_tcsc,1-14,-0.10454469730310308,17,-0.09472253223499201,MAP_SCADA,57,0.009822165068111066
1,B_svc,2,0.16712461844377577,17,0.16612674588917,MAP_SCADA,57,0.000997872554605761
2,UPFC_Vsh,5-15,1.109370895589937,17,1.1158875095476335,MAP_SCADA,57,0.006516613957696427
3,UPFC_tsh,5-15,-0.23753669429202756,17,-0.24814173274051504,MAP_SCADA,57,0.01060503844848748
4,UPFC_Vse,5-15,0.06325825102421366,17,0.06191443005819676,MAP_SCADA,57,0.001343820966016901
5,UPFC_tse,5-15,-2.186313396630077,17,-2.1794203787396493,MAP_SCADA,57,0.006893017890427622
0,x_tcsc,1-14,-0.10112964944926826,18,-0.09472253223499201,MAP_SCADA,57,0.006407117214276253
1,B_svc,2,0.17737976177681442,18,0.16612674588917,MAP_SCADA,57,0.011253015887644408
2,UPFC_Vsh,5-15,1.109702083507929,18,1.1158875095476335,MAP_SCADA,57,0.006185426039704511
3,UPFC_tsh,5-15,-0.23936642374053496,18,-0.24814173274051504,MAP_SCADA,57,0.00877530899998008
4,UPFC_Vse,5-15,0.06363139956315816,18,0.06191443005819676,MAP_SCADA,57,0.0017169695049614048
5,UPFC_tse,5-15,-2.1903458498537542,18,-2.1794203787396493,MAP_SCADA,57,0.010925471114104912
0,x_tcsc,1-14,-0.10321435202359344,19,-0.09472253223499201,MAP_SCADA,57,0.008491819788601432
1,B_svc,2,0.16810748723890664,19,0.16612674588917,MAP_SCADA,57,0.0019807413497366366
2,UPFC_Vsh,5-15,1.1100965594026282,19,1.1158875095476335,MAP_SCADA,57,0.0057909501450053025
3,UPFC_tsh,5-15,-0.23852179981642677,19,-0.24814173274051504,MAP_SCADA,57,0.009619932924088276
4,UPFC_Vse,5-15,0.0625930905180296,19,0.06191443005819676,MAP_SCADA,57,0.0006786604598328361
5,UPFC_tse,5-15,-2.188351087150795,19,-2.1794203787396493,MAP_SCADA,57,0.008930708411145627
0,x_tcsc,1-14,-0.10354343396284567,20,-0.09472253223499201,MAP_SCADA,57,0.008820901727853658
1,B_svc,2,0.16703463626958456,20,0.16612674588917,MAP_SCADA,57,0.0009078903804145555
2,UPFC_Vsh,5-15,1.1098341526661635,20,1.1158875095476335,MAP_SCADA,57,0.006053356881470018
3,UPFC_tsh,5-15,-0.23788774543338145,20,-0.24814173274051504,MAP_SCADA,57,0.010253987307133589
4,UPFC_Vse,5-15,0.06243570092208961,20,0.06191443005819676,MAP_SCADA,57,0.0005212708638928504
5,UPFC_tse,5-15,-2.191014469814827,20,-2.1794203787396493,MAP_SCADA,57,0.011594091075177726
0,x_tcsc,1-14,-0.10344129310754582,21,-0.09472253223499201,MAP_SCADA,57,0.008718760872553813
1,B_svc,2,0.1708677144969117,21,0.16612674588917,MAP_SCADA,57,0.004740968607741702
2,UPFC_Vsh,5-15,1.1077101992879548,21,1.1158875095476335,MAP_SCADA,57,0.008177310259678716
3,UPFC_tsh,5-15,-0.23998780930740443,21,-0.24814173274051504,MAP_SCADA,57,0.00815392343311061
4,UPFC_Vse,5-15,0.06297038816134898,21,0.06191443005819676,MAP_SCADA,57,0.0010559581031522186
5,UPFC_tse,5-15,-2.1940017442066315,21,-2.1794203787396493,MAP_SCADA,57,0.014581365466982188
0,x_tcsc,1-14,-0.10200268563517126,22,-0.09472253223499201,MAP_SCADA,57,0.007280153400179248
1,B_svc,2,0.17089704393936794,22,0.16612674588917,MAP_SCADA,57,0.004770298050197935
2,UPFC_Vsh,5-15,1.11057128340465,22,1.1158875095476335,MAP_SCADA,57,0.005316226142983549
3,UPFC_tsh,5-15,-0.2383999901081647,22,-0.24814173274051504,MAP_SCADA,57,0.009741742632350336
4,UPFC_Vse,5-15,0.06284333278504248,22,0.06191443005819676,MAP_SCADA,57,0.0009289027268457178
5,UPFC_tse,5-15,-2.189614887509789,22,-2.1794203787396493,MAP_SCADA,57,0.01019450877013961
0,x_tcsc,1-14,-0.10414257550582919,23,-0.09472253223499201,MAP_SCADA,57,0.009420043270837175
1,B_svc,2,0.17302275696693312,23,0.16612674588917,MAP_SCADA,57,0.006896011077763109
2,UPFC_Vsh,5-15,1.1062099902680418,23,1.1158875095476335,MAP_SCADA,57,0.009677519279591706
3,UPFC_tsh,5-15,-0.23899992877224516,23,-0.24814173274051504,MAP_SCADA,57,0.009141803968269885
4,UPFC_Vse,5-15,0.06331203494101198,23,0.06191443005819676,MAP_SCADA,57,0.0013976048828152204
5,UPFC_tse,5-15,-2.193611288444514,23,-2.1794203787396493,MAP_SCADA,57,0.014190909704864474
0,x_tcsc,1-14,-0.10255669398750906,24,-0.09472253223499201,MAP_SCADA,57,0.007834161752517055
1,B_svc,2,0.17527665408020493,24,0.16612674588917,MAP_SCADA,57,0.009149908191034922
2,UPFC_Vsh,5-15,1.110444416352426,24,1.1158875095476335,MAP_SCADA,57,0.005443093195207416
3,UPFC_tsh,5-15,-0.23838245129865002,24,-0.24814173274051504,MAP_SCADA,57,0.009759281441865025
4,UPFC_Vse,5-15,0.06343171498679508,24,0.06191443005819676,MAP_SCADA,57,0.001517284928598317
5,UPFC_tse,5-15,-2.1934702341448933,24,-2.1794203787396493,MAP_SCADA,57,0.01404985540524395
0,x_tcsc,1-14,-0.10349904714129522,25,-0.09472253223499201,MAP_SCADA,57,0.008776514906303212
1,B_svc,2,0.16860677052613007,25,0.16612674588917,MAP_SCADA,57,0.0024800246369600654
2,UPFC_Vsh,5-15,1.1085206473749372,25,1.1158875095476335,MAP_SCADA,57,0.007366862172696331
3,UPFC_tsh,5-15,-0.2385443264307013,25,-0.24814173274051504,MAP_SCADA,57,0.009597406309813733
4,UPFC_Vse,5-15,0.06318141056723417,25,0.06191443005819676,MAP_SCADA,57,0.0012669805090374103
5,UPFC_tse,5-15,-2.193211743897714,25,-2.1794203787396493,MAP_SCADA,57,0.013791365158064561
0,x_tcsc,1-14,-0.10344888642509803,26,-0.09472253223499201,MAP_SCADA,57,0.00872635419010602
1,B_svc,2,0.1684348338944659,26,0.16612674588917,MAP_SCADA,57,0.0023080880052958885
2,UPFC_Vsh,5-15,1.1093544542233646,26,1.1158875095476335,MAP_SCADA,57,0.006533055324268844
3,UPFC_tsh,5-15,-0.23870731257150962,26,-0.24814173274051504,MAP_SCADA,57,0.00943442016900542
4,UPFC_Vse,5-15,0.06272919858083496,26,0.06191443005819676,MAP_SCADA,57,0.000814768522638204
5,UPFC_tse,5-15,-2.1892722360416754,26,-2.1794203787396493,MAP_SCADA,57,0.00985185730202609
0,x_tcsc,1-14,-0.10324303032860659,27,-0.09472253223499201,MAP_SCADA,57,0.008520498093614576
1,B_svc,2,0.16582498944584045,27,0.16612674588917,MAP_SCADA,57,0.00030175644332955387
2,UPFC_Vsh,5-15,1.1092917412852477,27,1.1158875095476335,MAP_SCADA,57,0.006595768262385837
3,UPFC_tsh,5-15,-0.23786009562888574,27,-0.24814173274051504,MAP_SCADA,57,0.0102816371116293
4,UPFC_Vse,5-15,0.06271511041328849,27,0.06191443005819676,MAP_SCADA,57,0.0008006803550917319
5,UPFC_tse,5-15,-2.1924914175363153,27,-2.1794203787396493,MAP_SCADA,57,0.013071038796665935
0,x_tcsc,1-14,-0.10135196066548283,28,-0.09472253223499201,MAP_SCADA,57,0.006629428430490816
1,B_svc,2,0.17761057228239494,28,0.16612674588917,MAP_SCADA,57,0.011483826393224927
2,UPFC_Vsh,5-15,1.1083718755136782,28,1.1158875095476335,MAP_SCADA,57,0.007515634033955276
3,UPFC_tsh,5-15,-0.2395613443581504,28,-0.24814173274051504,MAP_SCADA,57,0.008580388382364634
4,UPFC_Vse,5-15,0.06346267764598927,28,0.06191443005819676,MAP_SCADA,57,0.0015482475877925117
5,UPFC_tse,5-15,-2.1903041390921896,28,-2.1794203787396493,MAP_SCADA,57,0.01088376035254024
0,x_tcsc,1-14,-0.10515150213842957,29,-0.09472253223499201,MAP_SCADA,57,0.010428969903437557
1,B_svc,2,0.16766234531155627,29,0.16612674588917,MAP_SCADA,57,0.0015355994223862635
2,UPFC_Vsh,5-15,1.1095725542927521,29,1.1158875095476335,MAP_SCADA,57,0.006314955254881349
3,UPFC_tsh,5-15,-0.23785749907874235,29,-0.24814173274051504,MAP_SCADA,57,0.010284233661772696
4,UPFC_Vse,5-15,0.06285327963871028,29,0.06191443005819676,MAP_SCADA,57,0.0009388495805135177
5,UPFC_tse,5-15,-2.1945382243971,29,-2.1794203787396493,MAP_SCADA,57,0.015117845657450779
0,x_tcsc,1-14,-0.10214521014739744,30,-0.09472253223499201,MAP_SCADA,57,0.0074226779124054315
1,B_svc,2,0.1733947782625552,30,0.16612674588917,MAP_SCADA,57,0.0072680323733851915
2,UPFC_Vsh,5-15,1.108749731528518,30,1.1158875095476335,MAP_SCADA,57,0.007137778019115526
3,UPFC_tsh,5-15,-0.24003817420459694,30,-0.24814173274051504,MAP_SCADA,57,0.008103558535918098
4,UPFC_Vse,5-15,0.06354332981972415,30,0.06191443005819676,MAP_SCADA,57,0.001628899761527386
5,UPFC_tse,5-15,-2.1899562565815236,30,-2.1794203787396493,MAP_SCADA,57,0.010535877841874264
0,x_tcsc,1-14,-0.10186895497271833,31,-0.09472253223499201,MAP_SCADA,57,0.007146422737726324
1,B_svc,2,0.1731001895027111,31,0.16612674588917,MAP_SCADA,57,0.006973443613541103
2,UPFC_Vsh,5-15,1.1089604871881096,31,1.1158875095476335,MAP_SCADA,57,0.0069270223595239155
3,UPFC_tsh,5-15,-0.2393106658119316,31,-0.24814173274051504,MAP_SCADA,57,0.008831066928583431
4,UPFC_Vse,5-15,0.06361662209310572,31,0.06191443005819676,MAP_SCADA,57,0.0017021920349089559
5,UPFC_tse,5-15,-2.1910202663171208,31,-2.1794203787396493,MAP_SCADA,57,0.011599887577471435
0,x_tcsc,1-14,-0.10199155700575223,32,-0.09472253223499201,MAP_SCADA,57,0.0072690247707602185
1,B_svc,2,0.17562280153400014,32,0.16612674588917,MAP_SCADA,57,0.009496055644830137
2,UPFC_Vsh,5-15,1.1083810877935076,32,1.1158875095476335,MAP_SCADA,57,0.007506421754125858
3,UPFC_tsh,5-15,-0.23893318807281042,32,-0.24814173274051504,MAP_SCADA,57,0.009208544667704627
4,UPFC_Vse,5-15,0.06267661663381953,32,0.06191443005819676,MAP_SCADA,57,0.0007621865756227697
5,UPFC_tse,5-15,-2.1933767411492218,32,-2.1794203787396493,MAP_SCADA,57,0.013956362409572431
0,x_tcsc,1-14,-0.10341776982429712,33,-0.09472253223499201,MAP_SCADA,57,0.008695237589305113
1,B_svc,2,0.1685857185347648,33,0.16612674588917,MAP_SCADA,57,0.0024589726455948036
2,UPFC_Vsh,5-15,1.1090690511856047,33,1.1158875095476335,MAP_SCADA,57,0.0068184583620287675
3,UPFC_tsh,5-15,-0.23823230252929914,33,-0.24814173274051504,MAP_SCADA,57,0.009909430211215903
4,UPFC_Vse,5-15,0.06321292719959012,33,0.06191443005819676,MAP_SCADA,57,0.001298497141393365
5,UPFC_tse,5-15,-2.190809317373603,33,-2.1794203787396493,MAP_SCADA,57,0.011388938633953849
0,x_tcsc,1-14,-0.10303751160140999,34,-0.09472253223499201,MAP_SCADA,57,0.00831497936641798
1,B_svc,2,0.1683284671853949,34,0.16612674588917,MAP_SCADA,57,0.0022017212962248955
2,UPFC_Vsh,5-15,1.109998361341998,34,1.1158875095476335,MAP_SCADA,57,0.005889148205635575
3,UPFC_tsh,5-15,-0.2380691737984707,34,-0.24814173274051504,MAP_SCADA,57,0.01007255894204434
4,UPFC_Vse,5-15,0.0635342444626378,34,0.06191443005819676,MAP_SCADA,57,0.0016198144044410473
5,UPFC_tse,5-15,-2.1878828879669565,34,-2.1794203787396493,MAP_SCADA,57,0.00846250922730718
0,x_tcsc,1-14,-0.10297982083834885,35,-0.09472253223499201,MAP_SCADA,57,0.008257288603356838
1,B_svc,2,0.17046754832647434,35,0.16612674588917,MAP_SCADA,57,0.004340802437304336
2,UPFC_Vsh,5-15,1.1112794492291262,35,1.1158875095476335,MAP_SCADA,57,0.0046080603185072455
3,UPFC_tsh,5-15,-0.2385383032127797,35,-0.24814173274051504,MAP_SCADA,57,0.009603429527735352
4,UPFC_Vse,5-15,0.06367108062868834,35,0.06191443005819676,MAP_SCADA,57,0.001756650570491583
5,UPFC_tse,5-15,-2.188473680620623,35,-2.1794203787396493,MAP_SCADA,57,0.009053301880973752
0,x_tcsc,1-14,-0.1037433704569016,36,-0.09472253223499201,MAP_SCADA,57,0.009020838221909591
1,B_svc,2,0.17020265351511055,36,0.16612674588917,MAP_SCADA,57,0.004075907625940539
2,UPFC_Vsh,5-15,1.1084573576990415,36,1.1158875095476335,MAP_SCADA,57,0.00743015184859197
3,UPFC_tsh,5-15,-0.2387082284511852,36,-0.24814173274051504,MAP_SCADA,57,0.009433504289329847
4,UPFC_Vse,5-15,0.06266177121649627,36,0.06191443005819676,MAP_SCADA,57,0.000747341158299511
5,UPFC_tse,5-15,-2.192234184921244,36,-2.1794203787396493,MAP_SCADA,57,0.012813806181594778
0,x_tcsc,1-14,-0.10331206912751367,37,-0.09472253223499201,MAP_SCADA,57,0.008589536892521663
1,B_svc,2,0.16983444814242962,37,0.16612674588917,MAP_SCADA,57,0.003707702253259615
2,UPFC_Vsh,5-15,1.1093899644083485,37,1.1158875095476335,MAP_SCADA,57,0.006497545139285021
3,UPFC_tsh,5-15,-0.23805948198578433,37,-0.24814173274051504,MAP_SCADA,57,0.01008225075473071
4,UPFC_Vse,5-15,0.06260338273141129,37,0.06191443005819676,MAP_SCADA,57,0.0006889526732145324
5,UPFC_tse,5-15,-2.194394240818059,37,-2.1794203787396493,MAP_SCADA,57,0.01497386207840945
0,x_tcsc,1-14,-0.10491436820607243,38,-0.09472253223499201,MAP_SCADA,57,0.01019183597108042
1,B_svc,2,0.1672180740223852,38,0.16612674588917,MAP_SCADA,57,0.0010913281332151914
2,UPFC_Vsh,5-15,1.1095823920842456,38,1.1158875095476335,MAP_SCADA,57,0.00630511746338791
3,UPFC_tsh,5-15,-0.23796712750088744,38,-0.24814173274051504,MAP_SCADA,57,0.010174605239627599
4,UPFC_Vse,5-15,0.06283312149927725,38,0.06191443005819676,MAP_SCADA,57,0.0009186914410804908
5,UPFC_tse,5-15,-2.18825981095042,38,-2.1794203787396493,MAP_SCADA,57,0.00883943221077077
0,x_tcsc,1-14,-0.10472404013278803,39,-0.09472253223499201,MAP_SCADA,57,0.010001507897796025
1,B_svc,2,0.17177177941619282,39,0.16612674588917,MAP_SCADA,57,0.005645033527022808
2,UPFC_Vsh,5-15,1.106130884386145,39,1.1158875095476335,MAP_SCADA,57,0.009756625161488452
3,UPFC_tsh,5-15,-0.239162445516109,39,-0.24814173274051504,MAP_SCADA,57,0.008979287224406052
4,UPFC_Vse,5-15,0.06329622775397507,39,0.06191443005819676,MAP_SCADA,57,0.001381797695778314
5,UPFC_tse,5-15,-2.187460536285187,39,-2.1794203787396493,MAP_SCADA,57,0.008040157545537774
0,x_tcsc,1-14,-0.10328701279564349,40,-0.09472253223499201,MAP_SCADA,57,0.008564480560651483
1,B_svc,2,0.1697864442432162,40,0.16612674588917,MAP_SCADA,57,0.003659698354046198
2,UPFC_Vsh,5-15,1.1091570589281596,40,1.1158875095476335,MAP_SCADA,57,0.00673045061947386
3,UPFC_tsh,5-15,-0.23841077906827327,40,-0.24814173274051504,MAP_SCADA,57,0.009730953672241777
4,UPFC_Vse,5-15,0.06335807687554586,40,0.06191443005819676,MAP_SCADA,57,0.001443646817349098
5,UPFC_tse,5-15,-2.188321530167082,40,-2.1794203787396493,MAP_SCADA,57,0.008901151427432641
0,x_tcsc,1-14,-0.10415308358070655,41,-0.09472253223499201,MAP_SCADA,57,0.009430551345714536
1,B_svc,2,0.1659516229371476,41,0.16612674588917,MAP_SCADA,57,0.00017512295202240513
2,UPFC_Vsh,5-15,1.1088618181516254,41,1.1158875095476335,MAP_SCADA,57,0.00702569139600806
3,UPFC_tsh,5-15,-0.23803785406369915,41,-0.24814173274051504,MAP_SCADA,57,0.010103878676815892
4,UPFC_Vse,5-15,0.06317922460371121,41,0.06191443005819676,MAP_SCADA,57,0.0012647945455144527
5,UPFC_tse,5-15,-2.192117927145841,41,-2.1794203787396493,MAP_SCADA,57,0.01269754840619175
0,x_tcsc,1-14,-0.10282328972764497,42,-0.09472253223499201,MAP_SCADA,57,0.00810075749265296
1,B_svc,2,0.1721197597634059,42,0.16612674588917,MAP_SCADA,57,0.005993013874235897
2,UPFC_Vsh,5-15,1.1081902020497665,42,1.1158875095476335,MAP_SCADA,57,0.007697307497867012
3,UPFC_tsh,5-15,-0.23900538395228121,42,-0.24814173274051504,MAP_SCADA,57,0.009136348788233828
4,UPFC_Vse,5-15,0.06283176345199303,42,0.06191443005819676,MAP_SCADA,57,0.0009173333937962658
5,UPFC_tse,5-15,-2.1893873032588393,42,-2.1794203787396493,MAP_SCADA,57,0.009966924519190012
0,x_tcsc,1-14,-0.10303424453802462,43,-0.09472253223499201,MAP_SCADA,57,0.008311712303032612
1,B_svc,2,0.17311051925916063,43,0.16612674588917,MAP_SCADA,57,0.00698377336999062
2,UPFC_Vsh,5-15,1.107982607035665,43,1.1158875095476335,MAP_SCADA,57,0.007904902511968404
3,UPFC_tsh,5-15,-0.23927261561656687,43,-0.24814173274051504,MAP_SCADA,57,0.008869117123948167
4,UPFC_Vse,5-15,0.06356982541230466,43,0.06191443005819676,MAP_SCADA,57,0.0016553953541078997
5,UPFC_tse,5-15,-2.1951217682769553,43,-2.1794203787396493,MAP_SCADA,57,0.015701389537305932
0,x_tcsc,1-14,-0.1027973561626272,44,-0.09472253223499201,MAP_SCADA,57,0.008074823927635186
1,B_svc,2,0.1681348089727287,44,0.16612674588917,MAP_SCADA,57,0.002008063083558692
2,UPFC_Vsh,5-15,1.109787300168,44,1.1158875095476335,MAP_SCADA,57,0.006100209379633403
3,UPFC_tsh,5-15,-0.23831165948836602,44,-0.24814173274051504,MAP_SCADA,57,0.009830073252149019
4,UPFC_Vse,5-15,0.06368281985756345,44,0.06191443005819676,MAP_SCADA,57,0.001768389799366693
5,UPFC_tse,5-15,-2.1854876578376725,44,-2.1794203787396493,MAP_SCADA,57,0.006067279098023182
0,x_tcsc,1-14,-0.10221996947708181,45,-0.09472253223499201,MAP_SCADA,57,0.007497437242089802
1,B_svc,2,0.1768898387398685,45,0.16612674588917,MAP_SCADA,57,0.010763092850698486
2,UPFC_Vsh,5-15,1.1095156345355885,45,1.1158875095476335,MAP_SCADA,57,0.0063718750120449474
3,UPFC_tsh,5-15,-0.2389523502653847,45,-0.24814173274051504,MAP_SCADA,57,0.009189382475130348
4,UPFC_Vse,5-15,0.06318314771751779,45,0.06191443005819676,MAP_SCADA,57,0.0012687176593210309
5,UPFC_tse,5-15,-2.193731744557763,45,-2.1794203787396493,MAP_SCADA,57,0.014311365818113764
0,x_tcsc,1-14,-0.10209110133794598,46,-0.09472253223499201,MAP_SCADA,57,0.00736856910295397
1,B_svc,2,0.1749895939957132,46,0.16612674588917,MAP_SCADA,57,0.008862848106543197
2,UPFC_Vsh,5-15,1.1075689036025793,46,1.1158875095476335,MAP_SCADA,57,0.00831860594505418
3,UPFC_tsh,5-15,-0.2405839698596442,46,-0.24814173274051504,MAP_SCADA,57,0.007557762880870844
4,UPFC_Vse,5-15,0.06325877581511731,46,0.06191443005819676,MAP_SCADA,57,0.0013443457569205508
5,UPFC_tse,5-15,-2.1915658662244795,46,-2.1794203787396493,MAP_SCADA,57,0.01214548748483013
0,x_tcsc,1-14,-0.10430424526697522,47,-0.09472253223499201,MAP_SCADA,57,0.009581713031983213
1,B_svc,2,0.16657044584038416,47,0.16612674588917,MAP_SCADA,57,0.00044369995121415484
2,UPFC_Vsh,5-15,1.1089944570086598,47,1.1158875095476335,MAP_SCADA,57,0.006893052538973654
3,UPFC_tsh,5-15,-0.23755332848839128,47,-0.24814173274051504,MAP_SCADA,57,0.010588404252123762
4,UPFC_Vse,5-15,0.06325285378388841,47,0.06191443005819676,MAP_SCADA,57,0.001338423725691651
5,UPFC_tse,5-15,-2.1926651756040454,47,-2.1794203787396493,MAP_SCADA,57,0.013244796864396058
0,x_tcsc,1-14,-0.10467341988269523,48,-0.09472253223499201,MAP_SCADA,57,0.009950887647703216
1,B_svc,2,0.16631328053467387,48,0.16612674588917,MAP_SCADA,57,0.00018653464550386079
2,UPFC_Vsh,5-15,1.109765910581846,48,1.1158875095476335,MAP_SCADA,57,0.006121598965787456
3,UPFC_tsh,5-15,-0.23718168953869978,48,-0.24814173274051504,MAP_SCADA,57,0.010960043201815262
4,UPFC_Vse,5-15,0.06257817548573592,48,0.06191443005819676,MAP_SCADA,57,0.0006637454275391641
5,UPFC_tse,5-15,-2.189149825874566,48,-2.1794203787396493,MAP_SCADA,57,0.009729447134916747
0,x_tcsc,1-14,-0.10036649413923276,49,-0.09472253223499201,MAP_SCADA,57,0.005643961904240755
1,B_svc,2,0.1848686799141463,49,0.16612674588917,MAP_SCADA,57,0.018741934024976287
2,UPFC_Vsh,5-15,1.1056475662275105,49,1.1158875095476335,MAP_SCADA,57,0.010239943320123013
3,UPFC_tsh,5-15,-0.2414821266404511,49,-0.24814173274051504,MAP_SCADA,57,0.006659606100063942
4,UPFC_Vse,5-15,0.0630950463263788,49,0.06191443005819676,MAP_SCADA,57,0.0011806162681820415
5,UPFC_tse,5-15,-2.1950301431956265,49,-2.1794203787396493,MAP_SCADA,57,0.015609764455977171
0,x_tcsc,1-14,-0.10197953963546616,50,-0.09472253223499201,MAP_SCADA,57,0.00725700740047415
1,B_svc,2,0.1736852085055039,50,0.16612674588917,MAP_SCADA,57,0.007558462616333889
2,UPFC_Vsh,5-15,1.1100116771882211,50,1.1158875095476335,MAP_SCADA,57,0.0058758323594123585
3,UPFC_tsh,5-15,-0.2387841569748617,50,-0.24814173274051504,MAP_SCADA,57,0.009357575765653353
4,UPFC_Vse,5-15,0.06333349762164837,50,0.06191443005819676,MAP_SCADA,57,0.0014190675634516148
5,UPFC_tse,5-15,-2.18884697758656,50,-2.1794203787396493,MAP_SCADA,57,0.009426598846910661
0,x_tcsc,1-14,-0.10287200005996062,51,-0.09472253223499201,MAP_SCADA,57,0.008149467824968615
1,B_svc,2,0.17435630556991935,51,0.16612674588917,MAP_SCADA,57,0.008229559680749343
2,UPFC_Vsh,5-15,1.1083789801853865,51,1.1158875095476335,MAP_SCADA,57,0.007508529362246996
3,UPFC_tsh,5-15,-0.23954156229505957,51,-0.24814173274051504,MAP_SCADA,57,0.008600170445455468
4,UPFC_Vse,5-15,0.0634631446920625,51,0.06191443005819676,MAP_SCADA,57,0.0015487146338657443
5,UPFC_tse,5-15,-2.193128263603617,51,-2.1794203787396493,MAP_SCADA,57,0.013707884863967568
0,x_tcsc,1-14,-0.10324332919686505,52,-0.09472253223499201,MAP_SCADA,57,0.008520796961873037
1,B_svc,2,0.1696109973659828,52,0.16612674588917,MAP_SCADA,57,0.0034842514768128052
2,UPFC_Vsh,5-15,1.111682729996886,52,1.1158875095476335,MAP_SCADA,57,0.004204779550747384
3,UPFC_tsh,5-15,-0.2380664599567824,52,-0.24814173274051504,MAP_SCADA,57,0.01007527278373263
4,UPFC_Vse,5-15,0.0636095662815725,52,0.06191443005819676,MAP_SCADA,57,0.0016951362233757344
5,UPFC_tse,5-15,-2.190966086526349,52,-2.1794203787396493,MAP_SCADA,57,0.011545707786699833
0,x_tcsc,1-14,-0.10136893818338043,53,-0.09472253223499201,MAP_SCADA,57,0.0066464059483884175
1,B_svc,2,0.1763356233567943,53,0.16612674588917,MAP_SCADA,57,0.010208877467624305
2,UPFC_Vsh,5-15,1.1071755978151345,53,1.1158875095476335,MAP_SCADA,57,0.008711911732498967
3,UPFC_tsh,5-15,-0.24045414133719084,53,-0.24814173274051504,MAP_SCADA,57,0.007687591403324201
4,UPFC_Vse,5-15,0.06363480196190133,53,0.06191443005819676,MAP_SCADA,57,0.0017203719037045678
5,UPFC_tse,5-15,-2.1940031377680684,53,-2.1794203787396493,MAP_SCADA,57,0.014582759028419101
0,x_tcsc,1-14,-0.10324843381027872,54,-0.09472253223499201,MAP_SCADA,57,0.00852590157528671
1,B_svc,2,0.17285646172672728,54,0.16612674588917,MAP_SCADA,57,0.006729715837557271
2,UPFC_Vsh,5-15,1.1064658011062947,54,1.1158875095476335,MAP_SCADA,57,0.009421708441338827
3,UPFC_tsh,5-15,-0.24019351975165645,54,-0.24814173274051504,MAP_SCADA,57,0.007948212988858588
4,UPFC_Vse,5-15,0.0631805362478855,54,0.06191443005819676,MAP_SCADA,57,0.0012661061896887399
5,UPFC_tse,5-15,-2.1928662900195057,54,-2.1794203787396493,MAP_SCADA,57,0.013445911279856393
0,x_tcsc,1-14,-0.1019788974557904,55,-0.09472253223499201,MAP_SCADA,57,0.007256365220798394
1,B_svc,2,0.1762892680006951,55,0.16612674588917,MAP_SCADA,57,0.010162522111525102
2,UPFC_Vsh,5-15,1.1068642261414183,55,1.1158875095476335,MAP_SCADA,57,0.009023283406215166
3,UPFC_tsh,5-15,-0.2403625187434593,55,-0.24814173274051504,MAP_SCADA,57,0.0077792139970557506
4,UPFC_Vse,5-15,0.06392525493854063,55,0.06191443005819676,MAP_SCADA,57,0.0020108248803438755
5,UPFC_tse,5-15,-2.1962706712338904,55,-2.1794203787396493,MAP_SCADA,57,0.01685029249424108
0,x_tcsc,1-14,-0.10527974321233675,56,-0.09472253223499201,MAP_SCADA,57,0.010557210977344744
1,B_svc,2,0.167632286351566,56,0.16612674588917,MAP_SCADA,57,0.0015055404623959823
2,UPFC_Vsh,5-15,1.1086875892260313,56,1.1158875095476335,MAP_SCADA,57,0.007199920321602216
3,UPFC_tsh,5-15,-0.23816006534123574,56,-0.24814173274051504,MAP_SCADA,57,0.009981667399279304
4,UPFC_Vse,5-15,0.06254446606212997,56,0.06191443005819676,MAP_SCADA,57,0.0006300360039332153
5,UPFC_tse,5-15,-2.1879062130788323,56,-2.1794203787396493,MAP_SCADA,57,0.00848583433918293
0,x_tcsc,1-14,-0.10179695860865144,57,-0.09472253223499201,MAP_SCADA,57,0.0070744263736594315
1,B_svc,2,0.17922775758191414,57,0.16612674588917,MAP_SCADA,57,0.013101011692744136
2,UPFC_Vsh,5-15,1.1053913401140298,57,1.1158875095476335,MAP_SCADA,57,0.010496169433603653
3,UPFC_tsh,5-15,-0.24078070444873179,57,-0.24814173274051504,MAP_SCADA,57,0.007361028291783256
4,UPFC_Vse,5-15,0.0628623967199648,57,0.06191443005819676,MAP_SCADA,57,0.0009479666617680377
5,UPFC_tse,5-15,-2.19228846799818,57,-2.1794203787396493,MAP_SCADA,57,0.012868089258530446
0,x_tcsc,1-14,-0.10438407717916225,58,-0.09472253223499201,MAP_SCADA,57,0.009661544944170236
1,B_svc,2,0.1710229922972262,58,0.16612674588917,MAP_SCADA,57,0.004896246408056193
2,UPFC_Vsh,5-15,1.1084581412862453,58,1.1158875095476335,MAP_SCADA,57,0.007429368261388181
3,UPFC_tsh,5-15,-0.23826230188521025,58,-0.24814173274051504,MAP_SCADA,57,0.009879430855304794
4,UPFC_Vse,5-15,0.06312944551932835,58,0.06191443005819676,MAP_SCADA,57,0.001215015461131591
5,UPFC_tse,5-15,-2.1876418894390635,58,-2.1794203787396493,MAP_SCADA,57,0.008221510699414125
0,x_tcsc,1-14,-0.10383418172265896,59,-0.09472253223499201,MAP_SCADA,57,0.009111649487666948
1,B_svc,2,0.17312892218344747,59,0.16612674588917,MAP_SCADA,57,0.007002176294277462
2,UPFC_Vsh,5-15,1.1072547742868786,59,1.1158875095476335,MAP_SCADA,57,0.00863273526075492
3,UPFC_tsh,5-15,-0.23890156901931114,59,-0.24814173274051504,MAP_SCADA,57,0.009240163721203898
4,UPFC_Vse,5-15,0.06299379008888283,59,0.06191443005819676,MAP_SCADA,57,0.0010793600306860662
5,UPFC_tse,5-15,-2.1917922454989034,59,-2.1794203787396493,MAP_SCADA,57,0.012371866759254058
0,x_tcsc,1-14,-0.10327191665118586,60,-0.09472253223499201,MAP_SCADA,57,0.00854938441619385
1,B_svc,2,0.16996069385126053,60,0.16612674588917,MAP_SCADA,57,0.0038339479620905226
2,UPFC_Vsh,5-15,1.1098518577775867,60,1.1158875095476335,MAP_SCADA,57,0.006035651770046835
3,UPFC_tsh,5-15,-0.23820244736558496,60,-0.24814173274051504,MAP_SCADA,57,0.009939285374930079
4,UPFC_Vse,5-15,0.06292108618224466,60,0.06191443005819676,MAP_SCADA,57,0.0010066561240479055
5,UPFC_tse,5-15,-2.187923879159447,60,-2.1794203787396493,MAP_SCADA,57,0.00850350041979775
0,x_tcsc,1-14,-0.10443203071954701,61,-0.09472253223499201,MAP_SCADA,57,0.009709498484555004
1,B_svc,2,0.16903423354943337,61,0.16612674588917,MAP_SCADA,57,0.002907487660263358
2,UPFC_Vsh,5-15,1.110202654342042,61,1.1158875095476335,MAP_SCADA,57,0.005684855205591477
3,UPFC_tsh,5-15,-0.23777468793642412,61,-0.24814173274051504,MAP_SCADA,57,0.010367044804090925
4,UPFC_Vse,5-15,0.06314581996839719,61,0.06191443005819676,MAP_SCADA,57,0.0012313899102004283
5,UPFC_tse,5-15,-2.1855869768875538,61,-2.1794203787396493,MAP_SCADA,57,0.006166598147904434
0,x_tcsc,1-14,-0.1018979327156657,62,-0.09472253223499201,MAP_SCADA,57,0.007175400480673694
1,B_svc,2,0.17427711005926577,62,0.16612674588917,MAP_SCADA,57,0.008150364170095764
2,UPFC_Vsh,5-15,1.1095015499881347,62,1.1158875095476335,MAP_SCADA,57,0.006385959559498833
3,UPFC_tsh,5-15,-0.23957433529079633,62,-0.24814173274051504,MAP_SCADA,57,0.008567397449718711
4,UPFC_Vse,5-15,0.06324467634335171,62,0.06191443005819676,MAP_SCADA,57,0.0013302462851549485
5,UPFC_tse,5-15,-2.194724354980753,62,-2.1794203787396493,MAP_SCADA,57,0.0153039762411038
0,x_tcsc,1-14,-0.1047565086025988,63,-0.09472253223499201,MAP_SCADA,57,0.010033976367606792
1,B_svc,2,0.16464257816312167,63,0.16612674588917,MAP_SCADA,57,0.001484167726048341
2,UPFC_Vsh,5-15,1.1108932720561624,63,1.1158875095476335,MAP_SCADA,57,0.0049942374914710985
3,UPFC_tsh,5-15,-0.23730546416250609,63,-0.24814173274051504,MAP_SCADA,57,0.010836268578008956
4,UPFC_Vse,5-15,0.06270315531355272,63,0.06191443005819676,MAP_SCADA,57,0.0007887252553559626
5,UPFC_tse,5-15,-2.1891048347645268,63,-2.1794203787396493,MAP_SCADA,57,0.009684456024877441
0,x_tcsc,1-14,-0.10149762845702923,64,-0.09472253223499201,MAP_SCADA,57,0.006775096222037216
1,B_svc,2,0.17041915878050962,64,0.16612674588917,MAP_SCADA,57,0.004292412891339609
2,UPFC_Vsh,5-15,1.1100417205424307,64,1.1158875095476335,MAP_SCADA,57,0.005845789005202828
3,UPFC_tsh,5-15,-0.23829959354425628,64,-0.24814173274051504,MAP_SCADA,57,0.009842139196258759
4,UPFC_Vse,5-15,0.06332037722712637,64,0.06191443005819676,MAP_SCADA,57,0.001405947168929611
5,UPFC_tse,5-15,-2.1874300265671645,64,-2.1794203787396493,MAP_SCADA,57,0.00800964782751512
0,x_tcsc,1-14,-0.1029503968470731,65,-0.09472253223499201,MAP_SCADA,57,0.008227864612081096
1,B_svc,2,0.1727546126568781,65,0.16612674588917,MAP_SCADA,57,0.006627866767708102
2,UPFC_Vsh,5-15,1.1090411589252558,65,1.1158875095476335,MAP_SCADA,57,0.006846350622377706
3,UPFC_tsh,5-15,-0.2391466538977477,65,-0.24814173274051504,MAP_SCADA,57,0.008995078842767346
4,UPFC_Vse,5-15,0.06267864255580684,65,0.06191443005819676,MAP_SCADA,57,0.0007642124976100784
5,UPFC_tse,5-15,-2.194609229181598,65,-2.1794203787396493,MAP_SCADA,57,0.01518885044194862
0,x_tcsc,1-14,-0.10255764452678089,66,-0.09472253223499201,MAP_SCADA,57,0.007835112291788876
1,B_svc,2,0.17335932811787075,66,0.16612674588917,MAP_SCADA,57,0.00723258222870074
2,UPFC_Vsh,5-15,1.1067821196443008,66,1.1158875095476335,MAP_SCADA,57,0.00910538990333265
3,UPFC_tsh,5-15,-0.24009114421968414,66,-0.24814173274051504,MAP_SCADA,57,0.008050588520830904
4,UPFC_Vse,5-15,0.06383770986129642,66,0.06191443005819676,MAP_SCADA,57,0.0019232798030996562
5,UPFC_tse,5-15,-2.189975251551576,66,-2.1794203787396493,MAP_SCADA,57,0.010554872811926685
0,x_tcsc,1-14,-0.10257961106253177,67,-0.09472253223499201,MAP_SCADA,57,0.007857078827539762
1,B_svc,2,0.1742425484016374,67,0.16612674588917,MAP_SCADA,57,0.00811580251246738
2,UPFC_Vsh,5-15,1.1083253567254918,67,1.1158875095476335,MAP_SCADA,57,0.007562152822141677
3,UPFC_tsh,5-15,-0.23958027079370714,67,-0.24814173274051504,MAP_SCADA,57,0.008561461946807902
4,UPFC_Vse,5-15,0.06314568162052941,67,0.06191443005819676,MAP_SCADA,57,0.0012312515623326553
5,UPFC_tse,5-15,-2.1901283364202158,67,-2.1794203787396493,MAP_SCADA,57,0.010707957680566427
0,x_tcsc,1-14,-0.10263337111071213,68,-0.09472253223499201,MAP_SCADA,57,0.007910838875720125
1,B_svc,2,0.17100614863303598,68,0.16612674588917,MAP_SCADA,57,0.004879402743865974
2,UPFC_Vsh,5-15,1.1100202564761716,68,1.1158875095476335,MAP_SCADA,57,0.005867253071461853
3,UPFC_tsh,5-15,-0.23892424588676187,68,-0.24814173274051504,MAP_SCADA,57,0.009217486853753176
4,UPFC_Vse,5-15,0.06251988918292863,68,0.06191443005819676,MAP_SCADA,57,0.0006054591247318664
5,UPFC_tse,5-15,-2.187948808276476,68,-2.1794203787396493,MAP_SCADA,57,0.008528429536826643
0,x_tcsc,1-14,-0.10299316820601115,69,-0.09472253223499201,MAP_SCADA,57,0.008270635971019138
1,B_svc,2,0.16947360486173987,69,0.16612674588917,MAP_SCADA,57,0.003346858972569866
2,UPFC_Vsh,5-15,1.1089815892970292,69,1.1158875095476335,MAP_SCADA,57,0.006905920250604325
3,UPFC_tsh,5-15,-0.2385254375662905,69,-0.24814173274051504,MAP_SCADA,57,0.009616295174224548
4,UPFC_Vse,5-15,0.06214377261304217,69,0.06191443005819676,MAP_SCADA,57,0.0002293425548454131
5,UPFC_tse,5-15,-2.1892225229127744,69,-2.1794203787396493,MAP_SCADA,57,0.009802144173125082
0,x_tcsc,1-14,-0.10185809716055308,70,-0.09472253223499201,MAP_SCADA,57,0.007135564925561069
1,B_svc,2,0.1712652326521477,70,0.16612674588917,MAP_SCADA,57,0.005138486762977679
2,UPFC_Vsh,5-15,1.1087057236793505,70,1.1158875095476335,MAP_SCADA,57,0.007181785868282997
3,UPFC_tsh,5-15,-0.2391822748874336,70,-0.24814173274051504,MAP_SCADA,57,0.008959457853081443
4,UPFC_Vse,5-15,0.06257359134144821,70,0.06191443005819676,MAP_SCADA,57,0.0006591612832514554
5,UPFC_tse,5-15,-2.1913194357175967,70,-2.1794203787396493,MAP_SCADA,57,0.011899056977947353
0,x_tcsc,1-14,-0.10524162761546635,71,-0.09472253223499201,MAP_SCADA,57,0.010519095380474339
1,B_svc,2,0.16611244629803404,71,0.16612674588917,MAP_SCADA,57,1.4299591135968903e-05
2,UPFC_Vsh,5-15,1.1096813062861652,71,1.1158875095476335,MAP_SCADA,57,0.006206203261468257
3,UPFC_tsh,5-15,-0.23770084547255427,71,-0.24814173274051504,MAP_SCADA,57,0.010440887267960774
4,UPFC_Vse,5-15,0.06383213767638687,71,0.06191443005819676,MAP_SCADA,57,0.0019177076181901148
5,UPFC_tse,5-15,-2.1861294420596007,71,-2.1794203787396493,MAP_SCADA,57,0.006709063319951358
0,x_tcsc,1-14,-0.10233283399276083,72,-0.09472253223499201,MAP_SCADA,57,0.00761030175776882
1,B_svc,2,0.17345561181975075,72,0.16612674588917,MAP_SCADA,57,0.007328865930580741
2,UPFC_Vsh,5-15,1.1081896369708146,72,1.1158875095476335,MAP_SCADA,57,0.007697872576818865
3,UPFC_tsh,5-15,-0.2390668542505105,72,-0.24814173274051504,MAP_SCADA,57,0.009074878490004545
4,UPFC_Vse,5-15,0.06308312190652304,72,0.06191443005819676,MAP_SCADA,57,0.0011686918483262837
5,UPFC_tse,5-15,-2.1950210742699534,72,-2.1794203787396493,MAP_SCADA,57,0.015600695530304076
0,x_tcsc,1-14,-0.10300572656616798,73,-0.09472253223499201,MAP_SCADA,57,0.00828319433117597
1,B_svc,2,0.1699124075334846,73,0.16612674588917,MAP_SCADA,57,0.0037856616443145974
2,UPFC_Vsh,5-15,1.111688763891842,73,1.1158875095476335,MAP_SCADA,57,0.00419874565579148
3,UPFC_tsh,5-15,-0.23754253964747926,73,-0.24814173274051504,MAP_SCADA,57,0.01059919309303578
4,UPFC_Vse,5-15,0.06295480558574423,73,0.06191443005819676,MAP_SCADA,57,0.001040375527547474
5,UPFC_tse,5-15,-2.1898784956330895,73,-2.1794203787396493,MAP_SCADA,57,0.010458116893440117
0,x_tcsc,1-14,-0.10514924575789812,74,-0.09472253223499201,MAP_SCADA,57,0.010426713522906111
1,B_svc,2,0.16485838462843566,74,0.16612674588917,MAP_SCADA,57,0.0012683612607343464
2,UPFC_Vsh,5-15,1.1083799244483572,74,1.1158875095476335,MAP_SCADA,57,0.007507585099276293
3,UPFC_tsh,5-15,-0.23760004359913878,74,-0.24814173274051504,MAP_SCADA,57,0.010541689141376265
4,UPFC_Vse,5-15,0.06298926157265705,74,0.06191443005819676,MAP_SCADA,57,0.0010748315144602921
5,UPFC_tse,5-15,-2.1901337929582283,74,-2.1794203787396493,MAP_SCADA,57,0.010713414218578965
0,x_tcsc,1-14,-0.10232746305722461,75,-0.09472253223499201,MAP_SCADA,57,0.007604930822232597
1,B_svc,2,0.17313561704027464,75,0.16612674588917,MAP_SCADA,57,0.007008871151104629
2,UPFC_Vsh,5-15,1.1109635601407246,75,1.1158875095476335,MAP_SCADA,57,0.0049239494069088785
3,UPFC_tsh,5-15,-0.2383956924953973,75,-0.24814173274051504,MAP_SCADA,57,0.009746040245117743
4,UPFC_Vse,5-15,0.06252459057740888,75,0.06191443005819676,MAP_SCADA,57,0.0006101605192121162
5,UPFC_tse,5-15,-2.1931506194433967,75,-2.1794203787396493,MAP_SCADA,57,0.013730240703747398
0,x_tcsc,1-14,-0.10346791682523426,76,-0.09472253223499201,MAP_SCADA,57,0.008745384590242253
1,B_svc,2,0.16888588364988585,76,0.16612674588917,MAP_SCADA,57,0.0027591377607158463
2,UPFC_Vsh,5-15,1.1099742200180993,76,1.1158875095476335,MAP_SCADA,57,0.0059132895295341825
3,UPFC_tsh,5-15,-0.23913273123024675,76,-0.24814173274051504,MAP_SCADA,57,0.009009001510268289
4,UPFC_Vse,5-15,0.06273977661451471,76,0.06191443005819676,MAP_SCADA,57,0.0008253465563179546
5,UPFC_tse,5-15,-2.1907842344148376,76,-2.1794203787396493,MAP_SCADA,57,0.011363855675188272
0,x_tcsc,1-14,-0.1031683208624105,77,-0.09472253223499201,MAP_SCADA,57,0.008445788627418488
1,B_svc,2,0.16891396732518127,77,0.16612674588917,MAP_SCADA,57,0.0027872214360112613
2,UPFC_Vsh,5-15,1.1077683373382927,77,1.1158875095476335,MAP_SCADA,57,0.008119172209340775
3,UPFC_tsh,5-15,-0.23970109057894223,77,-0.24814173274051504,MAP_SCADA,57,0.008440642161572809
4,UPFC_Vse,5-15,0.06299287105766653,77,0.06191443005819676,MAP_SCADA,57,0.0010784409994697708
5,UPFC_tse,5-15,-2.189390037798933,77,-2.1794203787396493,MAP_SCADA,57,0.009969659059283487
0,x_tcsc,1-14,-0.1003523763282444,78,-0.09472253223499201,MAP_SCADA,57,0.005629844093252387
1,B_svc,2,0.1781374744137755,78,0.16612674588917,MAP_SCADA,57,0.012010728524605496
2,UPFC_Vsh,5-15,1.1064367614323085,78,1.1158875095476335,MAP_SCADA,57,0.00945074811532498
3,UPFC_tsh,5-15,-0.24069360638132725,78,-0.24814173274051504,MAP_SCADA,57,0.00744812635918779
4,UPFC_Vse,5-15,0.0636058583757046,78,0.06191443005819676,MAP_SCADA,57,0.0016914283175078343
5,UPFC_tse,5-15,-2.1934335928061675,78,-2.1794203787396493,MAP_SCADA,57,0.01401321406651812
0,x_tcsc,1-14,-0.10276773053574277,79,-0.09472253223499201,MAP_SCADA,57,0.008045198300750761
1,B_svc,2,0.1680802978468382,79,0.16612674588917,MAP_SCADA,57,0.0019535519576681926
2,UPFC_Vsh,5-15,1.1117810693734493,79,1.1158875095476335,MAP_SCADA,57,0.004106440174184156
3,UPFC_tsh,5-15,-0.237322468516072,79,-0.24814173274051504,MAP_SCADA,57,0.010819264224443043
4,UPFC_Vse,5-15,0.06270065158906427,79,0.06191443005819676,MAP_SCADA,57,0.0007862215308675063
5,UPFC_tse,5-15,-2.1869983063602736,79,-2.1794203787396493,MAP_SCADA,57,0.0075779276206242585
0,x_tcsc,1-14,-0.10316049789480242,80,-0.09472253223499201,MAP_SCADA,57,0.008437965659810406
1,B_svc,2,0.17065832407353948,80,0.16612674588917,MAP_SCADA,57,0.0045315781843694725
2,UPFC_Vsh,5-15,1.1092538073589127,80,1.1158875095476335,MAP_SCADA,57,0.006633702188720836
3,UPFC_tsh,5-15,-0.239140938455551,80,-0.24814173274051504,MAP_SCADA,57,0.009000794284964031
4,UPFC_Vse,5-15,0.063109103691046,80,0.06191443005819676,MAP_SCADA,57,0.0011946736328492386
5,UPFC_tse,5-15,-2.1914075308370156,80,-2.1794203787396493,MAP_SCADA,57,0.011987152097366227
0,x_tcsc,1-14,-0.10041044236733196,81,-0.09472253223499201,MAP_SCADA,57,0.005687910132339949
1,B_svc,2,0.18123476065321326,81,0.16612674588917,MAP_SCADA,57,0.015108014764043248
2,UPFC_Vsh,5-15,1.1059665821283136,81,1.1158875095476335,MAP_SCADA,57,0.009920927419319936
3,UPFC_tsh,5-15,-0.24094205153019474,81,-0.24814173274051504,MAP_SCADA,57,0.007199681210320302
4,UPFC_Vse,5-15,0.06307815871124836,81,0.06191443005819676,MAP_SCADA,57,0.0011637286530516017
5,UPFC_tse,5-15,-2.195590834076475,81,-2.1794203787396493,MAP_SCADA,57,0.016170455336825817
0,x_tcsc,1-14,-0.10457447478471675,82,-0.09472253223499201,MAP_SCADA,57,0.00985194254972474
1,B_svc,2,0.16783207973975625,82,0.16612674588917,MAP_SCADA,57,0.0017053338505862436
2,UPFC_Vsh,5-15,1.110012346364267,82,1.1158875095476335,MAP_SCADA,57,0.00587516318336645
3,UPFC_tsh,5-15,-0.2376586382346466,82,-0.24814173274051504,MAP_SCADA,57,0.010483094505868429
4,UPFC_Vse,5-15,0.06331608203981146,82,0.06191443005819676,MAP_SCADA,57,0.001401651981614696
5,UPFC_tse,5-15,-2.1867291866877543,82,-2.1794203787396493,MAP_SCADA,57,0.007308807948104956
0,x_tcsc,1-14,-0.1031657595623476,83,-0.09472253223499201,MAP_SCADA,57,0.008443227327355585
1,B_svc,2,0.17424357418869788,83,0.16612674588917,MAP_SCADA,57,0.008116828299527867
2,UPFC_Vsh,5-15,1.1072885960269414,83,1.1158875095476335,MAP_SCADA,57,0.008598913520692086
3,UPFC_tsh,5-15,-0.23966310880723438,83,-0.24814173274051504,MAP_SCADA,57,0.008478623933280666
4,UPFC_Vse,5-15,0.06304301881323121,83,0.06191443005819676,MAP_SCADA,57,0.0011285887550344514
5,UPFC_tse,5-15,-2.1962086599650283,83,-2.1794203787396493,MAP_SCADA,57,0.01678828122537901
0,x_tcsc,1-14,-0.10333678174264938,84,-0.09472253223499201,MAP_SCADA,57,0.008614249507657365
1,B_svc,2,0.16992623847206714,84,0.16612674588917,MAP_SCADA,57,0.003799492582897135
2,UPFC_Vsh,5-15,1.108396689227261,84,1.1158875095476335,MAP_SCADA,57,0.0074908203203725154
3,UPFC_tsh,5-15,-0.23891537987045408,84,-0.24814173274051504,MAP_SCADA,57,0.009226352870060961
4,UPFC_Vse,5-15,0.06353080171285039,84,0.06191443005819676,MAP_SCADA,57,0.0016163716546536283
5,UPFC_tse,5-15,-2.1934515204379577,84,-2.1794203787396493,MAP_SCADA,57,0.014031141698308325
0,x_tcsc,1-14,-0.10081655054250013,85,-0.09472253223499201,MAP_SCADA,57,0.006094018307508123
1,B_svc,2,0.17694535235740244,85,0.16612674588917,MAP_SCADA,57,0.010818606468232433
2,UPFC_Vsh,5-15,1.1073705397164069,85,1.1158875095476335,MAP_SCADA,57,0.008516969831226628
3,UPFC_tsh,5-15,-0.2398156892148108,85,-0.24814173274051504,MAP_SCADA,57,0.008326043525704235
4,UPFC_Vse,5-15,0.06285607316405972,85,0.06191443005819676,MAP_SCADA,57,0.0009416431058629632
5,UPFC_tse,5-15,-2.1933991813687634,85,-2.1794203787396493,MAP_SCADA,57,0.013978802629114107
0,x_tcsc,1-14,-0.10456865424775502,86,-0.09472253223499201,MAP_SCADA,57,0.009846122012763012
1,B_svc,2,0.1666530528575441,86,0.16612674588917,MAP_SCADA,57,0.0005263069683740795
2,UPFC_Vsh,5-15,1.1106773055855599,86,1.1158875095476335,MAP_SCADA,57,0.005210203962073612
3,UPFC_tsh,5-15,-0.23739767838514195,86,-0.24814173274051504,MAP_SCADA,57,0.010744054355373095
4,UPFC_Vse,5-15,0.06257029657897878,86,0.06191443005819676,MAP_SCADA,57,0.0006558665207820197
5,UPFC_tse,5-15,-2.189342971517965,86,-2.1794203787396493,MAP_SCADA,57,0.009922592778315753
0,x_tcsc,1-14,-0.1014522893066262,87,-0.09472253223499201,MAP_SCADA,57,0.006729757071634188
1,B_svc,2,0.1759377983837093,87,0.16612674588917,MAP_SCADA,57,0.009811052494539285
2,UPFC_Vsh,5-15,1.1075747788641153,87,1.1158875095476335,MAP_SCADA,57,0.008312730683518232
3,UPFC_tsh,5-15,-0.23996026048803054,87,-0.24814173274051504,MAP_SCADA,57,0.0081814722524845
4,UPFC_Vse,5-15,0.0631287474103788,87,0.06191443005819676,MAP_SCADA,57,0.00121431735218204
5,UPFC_tse,5-15,-2.192029188740658,87,-2.1794203787396493,MAP_SCADA,57,0.012608810001008663
0,x_tcsc,1-14,-0.10308302753037737,88,-0.09472253223499201,MAP_SCADA,57,0.008360495295385365
1,B_svc,2,0.17448784950738527,88,0.16612674588917,MAP_SCADA,57,0.008361103618215265
2,UPFC_Vsh,5-15,1.1061476784346318,88,1.1158875095476335,MAP_SCADA,57,0.009739831113001696
3,UPFC_tsh,5-15,-0.24050589806222702,88,-0.24814173274051504,MAP_SCADA,57,0.007635834678288017
4,UPFC_Vse,5-15,0.06268005160067479,88,0.06191443005819676,MAP_SCADA,57,0.0007656215424780288
5,UPFC_tse,5-15,-2.190872120562374,88,-2.1794203787396493,MAP_SCADA,57,0.011451741822724681
0,x_tcsc,1-14,-0.10267111452075099,89,-0.09472253223499201,MAP_SCADA,57,0.007948582285758982
1,B_svc,2,0.16961778126943405,89,0.16612674588917,MAP_SCADA,57,0.003491035380264046
2,UPFC_Vsh,5-15,1.1079274160944588,89,1.1158875095476335,MAP_SCADA,57,0.007960093453174721
3,UPFC_tsh,5-15,-0.23875734153579592,89,-0.24814173274051504,MAP_SCADA,57,0.009384391204719122
4,UPFC_Vse,5-15,0.06317546712596372,89,0.06191443005819676,MAP_SCADA,57,0.0012610370677669652
5,UPFC_tse,5-15,-2.1882457540257323,89,-2.1794203787396493,MAP_SCADA,57,0.00882537528608296
0,x_tcsc,1-14,-0.10613469936333164,90,-0.09472253223499201,MAP_SCADA,57,0.011412167128339631
1,B_svc,2,0.16006816122231587,90,0.16612674588917,MAP_SCADA,57,0.006058584666854133
2,UPFC_Vsh,5-15,1.1094315761130153,90,1.1158875095476335,MAP_SCADA,57,0.006455933434618144
3,UPFC_tsh,5-15,-0.23704302088232218,90,-0.24814173274051504,MAP_SCADA,57,0.011098711858192861
4,UPFC_Vse,5-15,0.06352188556720155,90,0.06191443005819676,MAP_SCADA,57,0.0016074555090047904
5,UPFC_tse,5-15,-2.187971846351272,90,-2.1794203787396493,MAP_SCADA,57,0.00855146761162251
0,x_tcsc,1-14,-0.10274183533505725,91,-0.09472253223499201,MAP_SCADA,57,0.00801930310006524
1,B_svc,2,0.1712474167571244,91,0.16612674588917,MAP_SCADA,57,0.005120670867954397
2,UPFC_Vsh,5-15,1.1081719272205834,91,1.1158875095476335,MAP_SCADA,57,0.007715582327050052
3,UPFC_tsh,5-15,-0.23991407693170547,91,-0.24814173274051504,MAP_SCADA,57,0.008227655808809575
4,UPFC_Vse,5-15,0.06319960057066118,91,0.06191443005819676,MAP_SCADA,57,0.0012851705124644203
5,UPFC_tse,5-15,-2.189139377730668,91,-2.1794203787396493,MAP_SCADA,57,0.00971899899101869
0,x_tcsc,1-14,-0.10529554962383599,92,-0.09472253223499201,MAP_SCADA,57,0.010573017388843975
1,B_svc,2,0.164802444766533,92,0.16612674588917,MAP_SCADA,57,0.0013243011226370116
2,UPFC_Vsh,5-15,1.1091574366065957,92,1.1158875095476335,MAP_SCADA,57,0.006730072941037779
3,UPFC_tsh,5-15,-0.23715858961762765,92,-0.24814173274051504,MAP_SCADA,57,0.010983143122887395
4,UPFC_Vse,5-15,0.06325685516812932,92,0.06191443005819676,MAP_SCADA,57,0.0013424251099325574
5,UPFC_tse,5-15,-2.185841384590449,92,-2.1794203787396493,MAP_SCADA,57,0.006421005850799855
0,x_tcsc,1-14,-0.10198001686873225,93,-0.09472253223499201,MAP_SCADA,57,0.0072574846337402354
1,B_svc,2,0.1745075075648837,93,0.16612674588917,MAP_SCADA,57,0.008380761675713694
2,UPFC_Vsh,5-15,1.1077672411780743,93,1.1158875095476335,MAP_SCADA,57,0.008120268369559147
3,UPFC_tsh,5-15,-0.24025055114601698,93,-0.24814173274051504,MAP_SCADA,57,0.007891181594498059
4,UPFC_Vse,5-15,0.06302712550417613,93,0.06191443005819676,MAP_SCADA,57,0.0011126954459793753
5,UPFC_tse,5-15,-2.193898147976288,93,-2.1794203787396493,MAP_SCADA,57,0.014477769236638682
0,x_tcsc,1-14,-0.10240752827041755,94,-0.09472253223499201,MAP_SCADA,57,0.007684996035425537
1,B_svc,2,0.17267742847899017,94,0.16612674588917,MAP_SCADA,57,0.006550682589820167
2,UPFC_Vsh,5-15,1.1060683377314755,94,1.1158875095476335,MAP_SCADA,57,0.00981917181615799
3,UPFC_tsh,5-15,-0.23966172718881376,94,-0.24814173274051504,MAP_SCADA,57,0.00848000555170128
4,UPFC_Vse,5-15,0.06356182781739468,94,0.06191443005819676,MAP_SCADA,57,0.0016473977591979216
5,UPFC_tse,5-15,-2.1899317687571993,94,-2.1794203787396493,MAP_SCADA,57,0.01051139001754997
0,x_tcsc,1-14,-0.1015701753308845,95,-0.09472253223499201,MAP_SCADA,57,0.006847643095892489
1,B_svc,2,0.1739762418767858,95,0.16612674588917,MAP_SCADA,57,0.007849495987615779
2,UPFC_Vsh,5-15,1.109278096323847,95,1.1158875095476335,MAP_SCADA,57,0.006609413223786387
3,UPFC_tsh,5-15,-0.23889218641001428,95,-0.24814173274051504,MAP_SCADA,57,0.009249546330500763
4,UPFC_Vse,5-15,0.06328697888437507,95,0.06191443005819676,MAP_SCADA,57,0.0013725488261783075
5,UPFC_tse,5-15,-2.194328809564617,95,-2.1794203787396493,MAP_SCADA,57,0.014908430824967844
0,x_tcsc,1-14,-0.10232252245350033,96,-0.09472253223499201,MAP_SCADA,57,0.0075999902185083235
1,B_svc,2,0.17372121612069635,96,0.16612674588917,MAP_SCADA,57,0.007594470231526346
2,UPFC_Vsh,5-15,1.108048298640947,96,1.1158875095476335,MAP_SCADA,57,0.007839210906686489
3,UPFC_tsh,5-15,-0.2395526260351638,96,-0.24814173274051504,MAP_SCADA,57,0.008589106705351235
4,UPFC_Vse,5-15,0.06360226093011265,96,0.06191443005819676,MAP_SCADA,57,0.001687830871915888
5,UPFC_tse,5-15,-2.1900485756251924,96,-2.1794203787396493,MAP_SCADA,57,0.010628196885543062
0,x_tcsc,1-14,-0.10333071641159243,97,-0.09472253223499201,MAP_SCADA,57,0.00860818417660042
1,B_svc,2,0.17110006030773722,97,0.16612674588917,MAP_SCADA,57,0.004973314418567215
2,UPFC_Vsh,5-15,1.1083044207896122,97,1.1158875095476335,MAP_SCADA,57,0.0075830887580212725
3,UPFC_tsh,5-15,-0.23860190996385314,97,-0.24814173274051504,MAP_SCADA,57,0.009539822776661905
4,UPFC_Vse,5-15,0.06399735750141623,97,0.06191443005819676,MAP_SCADA,57,0.0020829274432194733
5,UPFC_tse,5-15,-2.19124066642229,97,-2.1794203787396493,MAP_SCADA,57,0.01182028768264054
0,x_tcsc,1-14,-0.10426524521610846,98,-0.09472253223499201,MAP_SCADA,57,0.009542712981116447
1,B_svc,2,0.17011498705090078,98,0.16612674588917,MAP_SCADA,57,0.003988241161730771
2,UPFC_Vsh,5-15,1.1100572819699157,98,1.1158875095476335,MAP_SCADA,57,0.005830227577717784
3,UPFC_tsh,5-15,-0.23770219494552186,98,-0.24814173274051504,MAP_SCADA,57,0.010439537794993181
4,UPFC_Vse,5-15,0.06334543800654534,98,0.06191443005819676,MAP_SCADA,57,0.0014310079483485783
5,UPFC_tse,5-15,-2.193521321270926,98,-2.1794203787396493,MAP_SCADA,57,0.014100942531276583
0,x_tcsc,1-14,-0.10313457559422243,99,-0.09472253223499201,MAP_SCADA,57,0.008412043359230417
1,B_svc,2,0.17001685418981957,99,0.16612674588917,MAP_SCADA,57,0.003890108300649564
2,UPFC_Vsh,5-15,1.109765874666147,99,1.1158875095476335,MAP_SCADA,57,0.006121634881486537
3,UPFC_tsh,5-15,-0.23838836964991572,99,-0.24814173274051504,MAP_SCADA,57,0.00975336309059932
4,UPFC_Vse,5-15,0.06302138463839355,99,0.06191443005819676,MAP_SCADA,57,0.0011069545801967867
5,UPFC_tse,5-15,-2.187957790781871,99,-2.1794203787396493,MAP_SCADA,57,0.008537412042221693
0,x_tcsc,1-14,-0.10329353714551051,0,-0.09645691778988322,MAP_SCADA,59,0.006836619355627294
1,B_svc,2,0.16811519883705064,0,0.16702000914729664,MAP_SCADA,59,0.0010951896897540003
2,UPFC_Vsh,5-15,1.1098479333514264,0,1.1148215002084334,MAP_SCADA,59,0.004973566857007006
3,UPFC_tsh,5-15,-0.23850846755793317,0,-0.24664969256423613,MAP_SCADA,59,0.00814122500630296
4,UPFC_Vse,5-15,0.06280396337550218,0,0.0615763253591027,MAP_SCADA,59,0.0012276380163994752
5,UPFC_tse,5-15,-2.189547936028691,0,-2.1788467009368127,MAP_SCADA,59,0.01070123509187848
0,x_tcsc,1-14,-0.10333449122731382,1,-0.09645691778988322,MAP_SCADA,59,0.0068775734374306036
1,B_svc,2,0.17229278551833666,1,0.16702000914729664,MAP_SCADA,59,0.005272776371040011
2,UPFC_Vsh,5-15,1.1074218438606374,1,1.1148215002084334,MAP_SCADA,59,0.007399656347796046
3,UPFC_tsh,5-15,-0.2393005791363044,1,-0.24664969256423613,MAP_SCADA,59,0.007349113427931736
4,UPFC_Vse,5-15,0.06354372417136461,1,0.0615763253591027,MAP_SCADA,59,0.0019673988122619127
5,UPFC_tse,5-15,-2.188008410858818,1,-2.1788467009368127,MAP_SCADA,59,0.009161709922005379
0,x_tcsc,1-14,-0.10362651376837446,2,-0.09645691778988322,MAP_SCADA,59,0.007169595978491247
1,B_svc,2,0.16919022531694322,2,0.16702000914729664,MAP_SCADA,59,0.002170216169646577
2,UPFC_Vsh,5-15,1.1102493941878657,2,1.1148215002084334,MAP_SCADA,59,0.004572106020567679
3,UPFC_tsh,5-15,-0.23849235067663532,2,-0.24664969256423613,MAP_SCADA,59,0.00815734188760081
4,UPFC_Vse,5-15,0.06320110323422641,2,0.0615763253591027,MAP_SCADA,59,0.0016247778751237105
5,UPFC_tse,5-15,-2.191367850099842,2,-2.1788467009368127,MAP_SCADA,59,0.012521149163029488
0,x_tcsc,1-14,-0.1022783976113678,3,-0.09645691778988322,MAP_SCADA,59,0.005821479821484579
1,B_svc,2,0.17447641250969634,3,0.16702000914729664,MAP_SCADA,59,0.007456403362399694
2,UPFC_Vsh,5-15,1.1077086780665086,3,1.1148215002084334,MAP_SCADA,59,0.007112822141924768
3,UPFC_tsh,5-15,-0.239679881625969,3,-0.24664969256423613,MAP_SCADA,59,0.006969810938267124
4,UPFC_Vse,5-15,0.06420872154220497,3,0.0615763253591027,MAP_SCADA,59,0.0026323961831022716
5,UPFC_tse,5-15,-2.1910131457639017,3,-2.1788467009368127,MAP_SCADA,59,0.012166444827089062
0,x_tcsc,1-14,-0.10394054656344608,4,-0.09645691778988322,MAP_SCADA,59,0.007483628773562859
1,B_svc,2,0.17253418900935183,4,0.16702000914729664,MAP_SCADA,59,0.005514179862055185
2,UPFC_Vsh,5-15,1.1080842679213603,4,1.1148215002084334,MAP_SCADA,59,0.006737232287073125
3,UPFC_tsh,5-15,-0.23896792048445972,4,-0.24664969256423613,MAP_SCADA,59,0.007681772079776411
4,UPFC_Vse,5-15,0.06280615072875485,4,0.0615763253591027,MAP_SCADA,59,0.001229825369652153
5,UPFC_tse,5-15,-2.190748734444064,4,-2.1788467009368127,MAP_SCADA,59,0.011902033507251275
0,x_tcsc,1-14,-0.10358721953952944,5,-0.09645691778988322,MAP_SCADA,59,0.007130301749646226
1,B_svc,2,0.16814849854113137,5,0.16702000914729664,MAP_SCADA,59,0.0011284893938347251
2,UPFC_Vsh,5-15,1.1103570430873901,5,1.1148215002084334,MAP_SCADA,59,0.004464457121043264
3,UPFC_tsh,5-15,-0.23847268222950582,5,-0.24664969256423613,MAP_SCADA,59,0.008177010334730311
4,UPFC_Vse,5-15,0.06314489609101118,5,0.0615763253591027,MAP_SCADA,59,0.0015685707319084766
5,UPFC_tse,5-15,-2.190275244913631,5,-2.1788467009368127,MAP_SCADA,59,0.01142854397681825
0,x_tcsc,1-14,-0.10350531559935731,6,-0.09645691778988322,MAP_SCADA,59,0.007048397809474097
1,B_svc,2,0.16889408616433438,6,0.16702000914729664,MAP_SCADA,59,0.001874077017037734
2,UPFC_Vsh,5-15,1.1092796634959625,6,1.1148215002084334,MAP_SCADA,59,0.005541836712470882
3,UPFC_tsh,5-15,-0.2386688698331191,6,-0.24664969256423613,MAP_SCADA,59,0.007980822731117027
4,UPFC_Vse,5-15,0.06287393598506438,6,0.0615763253591027,MAP_SCADA,59,0.001297610625961683
5,UPFC_tse,5-15,-2.1904821780911643,6,-2.1788467009368127,MAP_SCADA,59,0.011635477154351648
0,x_tcsc,1-14,-0.10086561566381738,7,-0.09645691778988322,MAP_SCADA,59,0.004408697873934164
1,B_svc,2,0.17407933738082562,7,0.16702000914729664,MAP_SCADA,59,0.0070593282335289775
2,UPFC_Vsh,5-15,1.1095504799373779,7,1.1148215002084334,MAP_SCADA,59,0.0052710202710555265
3,UPFC_tsh,5-15,-0.23927897238709775,7,-0.24664969256423613,MAP_SCADA,59,0.0073707201771383846
4,UPFC_Vse,5-15,0.06312921191592344,7,0.0615763253591027,MAP_SCADA,59,0.0015528865568207387
5,UPFC_tse,5-15,-2.1874008932882796,7,-2.1788467009368127,MAP_SCADA,59,0.008554192351466927
0,x_tcsc,1-14,-0.10415892026095726,8,-0.09645691778988322,MAP_SCADA,59,0.00770200247107404
1,B_svc,2,0.17134587093852688,8,0.16702000914729664,MAP_SCADA,59,0.004325861791230234
2,UPFC_Vsh,5-15,1.107249958845356,8,1.1148215002084334,MAP_SCADA,59,0.007571541363077472
3,UPFC_tsh,5-15,-0.23866553903984225,8,-0.24664969256423613,MAP_SCADA,59,0.007984153524393883
4,UPFC_Vse,5-15,0.06362033412494816,8,0.0615763253591027,MAP_SCADA,59,0.0020440087658454634
5,UPFC_tse,5-15,-2.186522927523441,8,-2.1788467009368127,MAP_SCADA,59,0.007676226586628143
0,x_tcsc,1-14,-0.10245107087655327,9,-0.09645691778988322,MAP_SCADA,59,0.005994153086670048
1,B_svc,2,0.1699705773336321,9,0.16702000914729664,MAP_SCADA,59,0.0029505681863354616
2,UPFC_Vsh,5-15,1.1111100280601645,9,1.1148215002084334,MAP_SCADA,59,0.003711472148268946
3,UPFC_tsh,5-15,-0.23772898479278912,9,-0.24664969256423613,MAP_SCADA,59,0.008920707771447017
4,UPFC_Vse,5-15,0.06293157188011914,9,0.0615763253591027,MAP_SCADA,59,0.0013552465210164358
5,UPFC_tse,5-15,-2.1889726606857733,9,-2.1788467009368127,MAP_SCADA,59,0.010125959748960689
0,x_tcsc,1-14,-0.10201414245840422,10,-0.09645691778988322,MAP_SCADA,59,0.005557224668521002
1,B_svc,2,0.1773995230540244,10,0.16702000914729664,MAP_SCADA,59,0.010379513906727755
2,UPFC_Vsh,5-15,1.1078753800386845,10,1.1148215002084334,MAP_SCADA,59,0.006946120169748937
3,UPFC_tsh,5-15,-0.23991346910294914,10,-0.24664969256423613,MAP_SCADA,59,0.006736223461286994
4,UPFC_Vse,5-15,0.06350055111044295,10,0.0615763253591027,MAP_SCADA,59,0.0019242257513402486
5,UPFC_tse,5-15,-2.188397089259698,10,-2.1788467009368127,MAP_SCADA,59,0.00955038832288535
0,x_tcsc,1-14,-0.10309787691363395,11,-0.09645691778988322,MAP_SCADA,59,0.006640959123750734
1,B_svc,2,0.17229032263195573,11,0.16702000914729664,MAP_SCADA,59,0.005270313484659089
2,UPFC_Vsh,5-15,1.106829264025858,11,1.1148215002084334,MAP_SCADA,59,0.007992236182575496
3,UPFC_tsh,5-15,-0.23956457706822262,11,-0.24664969256423613,MAP_SCADA,59,0.007085115496013511
4,UPFC_Vse,5-15,0.06366462202276205,11,0.0615763253591027,MAP_SCADA,59,0.002088296663659346
5,UPFC_tse,5-15,-2.1891986298807464,11,-2.1788467009368127,MAP_SCADA,59,0.010351928943933775
0,x_tcsc,1-14,-0.10463812009775422,12,-0.09645691778988322,MAP_SCADA,59,0.008181202307871005
1,B_svc,2,0.16853615682973003,12,0.16702000914729664,MAP_SCADA,59,0.001516147682433383
2,UPFC_Vsh,5-15,1.1081083885543885,12,1.1148215002084334,MAP_SCADA,59,0.006713111654044868
3,UPFC_tsh,5-15,-0.23874039951966272,12,-0.24664969256423613,MAP_SCADA,59,0.007909293044573412
4,UPFC_Vse,5-15,0.06357887848112859,12,0.0615763253591027,MAP_SCADA,59,0.0020025531220258866
5,UPFC_tse,5-15,-2.1899085293440548,12,-2.1788467009368127,MAP_SCADA,59,0.011061828407242125
0,x_tcsc,1-14,-0.10326192676854636,13,-0.09645691778988322,MAP_SCADA,59,0.006805008978663138
1,B_svc,2,0.17236389006577532,13,0.16702000914729664,MAP_SCADA,59,0.005343880918478677
2,UPFC_Vsh,5-15,1.10698736772081,13,1.1148215002084334,MAP_SCADA,59,0.007834132487623435
3,UPFC_tsh,5-15,-0.23976528062347388,13,-0.24664969256423613,MAP_SCADA,59,0.006884411940762253
4,UPFC_Vse,5-15,0.06249443149756003,13,0.0615763253591027,MAP_SCADA,59,0.0009181061384573308
5,UPFC_tse,5-15,-2.196371164920003,13,-2.1788467009368127,MAP_SCADA,59,0.017524463983190408
0,x_tcsc,1-14,-0.1030504484184106,14,-0.09645691778988322,MAP_SCADA,59,0.006593530628527383
1,B_svc,2,0.16997033053296642,14,0.16702000914729664,MAP_SCADA,59,0.0029503213856697796
2,UPFC_Vsh,5-15,1.1110829106317943,14,1.1148215002084334,MAP_SCADA,59,0.003738589576639084
3,UPFC_tsh,5-15,-0.2378859124752215,14,-0.24664969256423613,MAP_SCADA,59,0.008763780089014628
4,UPFC_Vse,5-15,0.0626573943935469,14,0.0615763253591027,MAP_SCADA,59,0.0010810690344441945
5,UPFC_tse,5-15,-2.193799530913218,14,-2.1788467009368127,MAP_SCADA,59,0.014952829976405457
0,x_tcsc,1-14,-0.10309694119605492,15,-0.09645691778988322,MAP_SCADA,59,0.006640023406171702
1,B_svc,2,0.16693486271337285,15,0.16702000914729664,MAP_SCADA,59,8.514643392379395e-05
2,UPFC_Vsh,5-15,1.112102866085488,15,1.1148215002084334,MAP_SCADA,59,0.0027186341229454847
3,UPFC_tsh,5-15,-0.2382997699364943,15,-0.24664969256423613,MAP_SCADA,59,0.00834992262774184
4,UPFC_Vse,5-15,0.06256983739626225,15,0.0615763253591027,MAP_SCADA,59,0.0009935120371595482
5,UPFC_tse,5-15,-2.1883812738215953,15,-2.1788467009368127,MAP_SCADA,59,0.009534572884782655
0,x_tcsc,1-14,-0.10217489660297842,16,-0.09645691778988322,MAP_SCADA,59,0.005717978813095201
1,B_svc,2,0.17394135187656679,16,0.16702000914729664,MAP_SCADA,59,0.006921342729270141
2,UPFC_Vsh,5-15,1.107960262070741,16,1.1148215002084334,MAP_SCADA,59,0.00686123813769246
3,UPFC_tsh,5-15,-0.239206249885445,16,-0.24664969256423613,MAP_SCADA,59,0.007443442678791129
4,UPFC_Vse,5-15,0.06271712989685814,16,0.0615763253591027,MAP_SCADA,59,0.0011408045377554396
5,UPFC_tse,5-15,-2.1939130467822623,16,-2.1788467009368127,MAP_SCADA,59,0.015066345845449636
0,x_tcsc,1-14,-0.10454469730310308,17,-0.09645691778988322,MAP_SCADA,59,0.008087779513219859
1,B_svc,2,0.16712461844377577,17,0.16702000914729664,MAP_SCADA,59,0.00010460929647912454
2,UPFC_Vsh,5-15,1.109370895589937,17,1.1148215002084334,MAP_SCADA,59,0.005450604618496335
3,UPFC_tsh,5-15,-0.23753669429202756,17,-0.24664969256423613,MAP_SCADA,59,0.009112998272208572
4,UPFC_Vse,5-15,0.06325825102421366,17,0.0615763253591027,MAP_SCADA,59,0.0016819256651109601
5,UPFC_tse,5-15,-2.186313396630077,17,-2.1788467009368127,MAP_SCADA,59,0.0074666956932643025
0,x_tcsc,1-14,-0.10112964944926826,18,-0.09645691778988322,MAP_SCADA,59,0.004672731659385046
1,B_svc,2,0.17737976177681442,18,0.16702000914729664,MAP_SCADA,59,0.010359752629517771
2,UPFC_Vsh,5-15,1.109702083507929,18,1.1148215002084334,MAP_SCADA,59,0.00511941670050442
3,UPFC_tsh,5-15,-0.23936642374053496,18,-0.24664969256423613,MAP_SCADA,59,0.007283268823701172
4,UPFC_Vse,5-15,0.06363139956315816,18,0.0615763253591027,MAP_SCADA,59,0.002055074204055464
5,UPFC_tse,5-15,-2.1903458498537542,18,-2.1788467009368127,MAP_SCADA,59,0.011499148916941593
0,x_tcsc,1-14,-0.10321435202359344,19,-0.09645691778988322,MAP_SCADA,59,0.0067574342337102244
1,B_svc,2,0.16810748723890664,19,0.16702000914729664,MAP_SCADA,59,0.0010874780916100002
2,UPFC_Vsh,5-15,1.1100965594026282,19,1.1148215002084334,MAP_SCADA,59,0.004724940805805211
3,UPFC_tsh,5-15,-0.23852179981642677,19,-0.24664969256423613,MAP_SCADA,59,0.008127892747809368
4,UPFC_Vse,5-15,0.0625930905180296,19,0.0615763253591027,MAP_SCADA,59,0.0010167651589268953
5,UPFC_tse,5-15,-2.188351087150795,19,-2.1788467009368127,MAP_SCADA,59,0.009504386213982308
0,x_tcsc,1-14,-0.10354343396284567,20,-0.09645691778988322,MAP_SCADA,59,0.007086516172962451
1,B_svc,2,0.16703463626958456,20,0.16702000914729664,MAP_SCADA,59,1.462712228791907e-05
2,UPFC_Vsh,5-15,1.1098341526661635,20,1.1148215002084334,MAP_SCADA,59,0.0049873475422699265
3,UPFC_tsh,5-15,-0.23788774543338145,20,-0.24664969256423613,MAP_SCADA,59,0.00876194713085468
4,UPFC_Vse,5-15,0.06243570092208961,20,0.0615763253591027,MAP_SCADA,59,0.0008593755629869096
5,UPFC_tse,5-15,-2.191014469814827,20,-2.1788467009368127,MAP_SCADA,59,0.012167768878014407
0,x_tcsc,1-14,-0.10344129310754582,21,-0.09645691778988322,MAP_SCADA,59,0.0069843753176626056
1,B_svc,2,0.1708677144969117,21,0.16702000914729664,MAP_SCADA,59,0.003847705349615066
2,UPFC_Vsh,5-15,1.1077101992879548,21,1.1148215002084334,MAP_SCADA,59,0.007111300920478625
3,UPFC_tsh,5-15,-0.23998780930740443,21,-0.24664969256423613,MAP_SCADA,59,0.006661883256831702
4,UPFC_Vse,5-15,0.06297038816134898,21,0.0615763253591027,MAP_SCADA,59,0.0013940628022462778
5,UPFC_tse,5-15,-2.1940017442066315,21,-2.1788467009368127,MAP_SCADA,59,0.015155043269818869
0,x_tcsc,1-14,-0.10200268563517126,22,-0.09645691778988322,MAP_SCADA,59,0.005545767845288041
1,B_svc,2,0.17089704393936794,22,0.16702000914729664,MAP_SCADA,59,0.003877034792071299
2,UPFC_Vsh,5-15,1.11057128340465,22,1.1148215002084334,MAP_SCADA,59,0.0042502168037834576
3,UPFC_tsh,5-15,-0.2383999901081647,22,-0.24664969256423613,MAP_SCADA,59,0.008249702456071428
4,UPFC_Vse,5-15,0.06284333278504248,22,0.0615763253591027,MAP_SCADA,59,0.001267007425939777
5,UPFC_tse,5-15,-2.189614887509789,22,-2.1788467009368127,MAP_SCADA,59,0.01076818657297629
0,x_tcsc,1-14,-0.10414257550582919,23,-0.09645691778988322,MAP_SCADA,59,0.007685657715945968
1,B_svc,2,0.17302275696693312,23,0.16702000914729664,MAP_SCADA,59,0.0060027478196364725
2,UPFC_Vsh,5-15,1.1062099902680418,23,1.1148215002084334,MAP_SCADA,59,0.008611509940391615
3,UPFC_tsh,5-15,-0.23899992877224516,23,-0.24664969256423613,MAP_SCADA,59,0.007649763791990977
4,UPFC_Vse,5-15,0.06331203494101198,23,0.0615763253591027,MAP_SCADA,59,0.0017357095819092797
5,UPFC_tse,5-15,-2.193611288444514,23,-2.1788467009368127,MAP_SCADA,59,0.014764587507701155
0,x_tcsc,1-14,-0.10255669398750906,24,-0.09645691778988322,MAP_SCADA,59,0.0060997761976258474
1,B_svc,2,0.17527665408020493,24,0.16702000914729664,MAP_SCADA,59,0.008256644932908286
2,UPFC_Vsh,5-15,1.110444416352426,24,1.1148215002084334,MAP_SCADA,59,0.004377083856007324
3,UPFC_tsh,5-15,-0.23838245129865002,24,-0.24664969256423613,MAP_SCADA,59,0.008267241265586117
4,UPFC_Vse,5-15,0.06343171498679508,24,0.0615763253591027,MAP_SCADA,59,0.0018553896276923762
5,UPFC_tse,5-15,-2.1934702341448933,24,-2.1788467009368127,MAP_SCADA,59,0.01462353320808063
0,x_tcsc,1-14,-0.10349904714129522,25,-0.09645691778988322,MAP_SCADA,59,0.007042129351412005
1,B_svc,2,0.16860677052613007,25,0.16702000914729664,MAP_SCADA,59,0.001586761378833429
2,UPFC_Vsh,5-15,1.1085206473749372,25,1.1148215002084334,MAP_SCADA,59,0.00630085283349624
3,UPFC_tsh,5-15,-0.2385443264307013,25,-0.24664969256423613,MAP_SCADA,59,0.008105366133534825
4,UPFC_Vse,5-15,0.06318141056723417,25,0.0615763253591027,MAP_SCADA,59,0.0016050852081314695
5,UPFC_tse,5-15,-2.193211743897714,25,-2.1788467009368127,MAP_SCADA,59,0.014365042960901242
0,x_tcsc,1-14,-0.10344888642509803,26,-0.09645691778988322,MAP_SCADA,59,0.0069919686352148125
1,B_svc,2,0.1684348338944659,26,0.16702000914729664,MAP_SCADA,59,0.001414824747169252
2,UPFC_Vsh,5-15,1.1093544542233646,26,1.1148215002084334,MAP_SCADA,59,0.0054670459850687525
3,UPFC_tsh,5-15,-0.23870731257150962,26,-0.24664969256423613,MAP_SCADA,59,0.007942379992726512
4,UPFC_Vse,5-15,0.06272919858083496,26,0.0615763253591027,MAP_SCADA,59,0.0011528732217322632
5,UPFC_tse,5-15,-2.1892722360416754,26,-2.1788467009368127,MAP_SCADA,59,0.010425535104862771
0,x_tcsc,1-14,-0.10324303032860659,27,-0.09645691778988322,MAP_SCADA,59,0.006786112538723368
1,B_svc,2,0.16582498944584045,27,0.16702000914729664,MAP_SCADA,59,0.0011950197014561903
2,UPFC_Vsh,5-15,1.1092917412852477,27,1.1148215002084334,MAP_SCADA,59,0.005529758923185746
3,UPFC_tsh,5-15,-0.23786009562888574,27,-0.24664969256423613,MAP_SCADA,59,0.008789596935350391
4,UPFC_Vse,5-15,0.06271511041328849,27,0.0615763253591027,MAP_SCADA,59,0.001138785054185791
5,UPFC_tse,5-15,-2.1924914175363153,27,-2.1788467009368127,MAP_SCADA,59,0.013644716599502615
0,x_tcsc,1-14,-0.10135196066548283,28,-0.09645691778988322,MAP_SCADA,59,0.004895042875599609
1,B_svc,2,0.17761057228239494,28,0.16702000914729664,MAP_SCADA,59,0.010590563135098291
2,UPFC_Vsh,5-15,1.1083718755136782,28,1.1148215002084334,MAP_SCADA,59,0.006449624694755185
3,UPFC_tsh,5-15,-0.2395613443581504,28,-0.24664969256423613,MAP_SCADA,59,0.007088348206085726
4,UPFC_Vse,5-15,0.06346267764598927,28,0.0615763253591027,MAP_SCADA,59,0.001886352286886571
5,UPFC_tse,5-15,-2.1903041390921896,28,-2.1788467009368127,MAP_SCADA,59,0.01145743815537692
0,x_tcsc,1-14,-0.10515150213842957,29,-0.09645691778988322,MAP_SCADA,59,0.00869458434854635
1,B_svc,2,0.16766234531155627,29,0.16702000914729664,MAP_SCADA,59,0.000642336164259627
2,UPFC_Vsh,5-15,1.1095725542927521,29,1.1148215002084334,MAP_SCADA,59,0.005248945915681258
3,UPFC_tsh,5-15,-0.23785749907874235,29,-0.24664969256423613,MAP_SCADA,59,0.008792193485493788
4,UPFC_Vse,5-15,0.06285327963871028,29,0.0615763253591027,MAP_SCADA,59,0.001276954279607577
5,UPFC_tse,5-15,-2.1945382243971,29,-2.1788467009368127,MAP_SCADA,59,0.01569152346028746
0,x_tcsc,1-14,-0.10214521014739744,30,-0.09645691778988322,MAP_SCADA,59,0.005688292357514224
1,B_svc,2,0.1733947782625552,30,0.16702000914729664,MAP_SCADA,59,0.006374769115258555
2,UPFC_Vsh,5-15,1.108749731528518,30,1.1148215002084334,MAP_SCADA,59,0.006071768679915435
3,UPFC_tsh,5-15,-0.24003817420459694,30,-0.24664969256423613,MAP_SCADA,59,0.00661151835963919
4,UPFC_Vse,5-15,0.06354332981972415,30,0.0615763253591027,MAP_SCADA,59,0.001967004460621445
5,UPFC_tse,5-15,-2.1899562565815236,30,-2.1788467009368127,MAP_SCADA,59,0.011109555644710944
0,x_tcsc,1-14,-0.10186895497271833,31,-0.09645691778988322,MAP_SCADA,59,0.005412037182835117
1,B_svc,2,0.1731001895027111,31,0.16702000914729664,MAP_SCADA,59,0.006080180355414466
2,UPFC_Vsh,5-15,1.1089604871881096,31,1.1148215002084334,MAP_SCADA,59,0.005861013020323824
3,UPFC_tsh,5-15,-0.2393106658119316,31,-0.24664969256423613,MAP_SCADA,59,0.007339026752304523
4,UPFC_Vse,5-15,0.06361662209310572,31,0.0615763253591027,MAP_SCADA,59,0.002040296734003015
5,UPFC_tse,5-15,-2.1910202663171208,31,-2.1788467009368127,MAP_SCADA,59,0.012173565380308116
0,x_tcsc,1-14,-0.10199155700575223,32,-0.09645691778988322,MAP_SCADA,59,0.005534639215869011
1,B_svc,2,0.17562280153400014,32,0.16702000914729664,MAP_SCADA,59,0.0086027923867035
2,UPFC_Vsh,5-15,1.1083810877935076,32,1.1148215002084334,MAP_SCADA,59,0.006440412414925767
3,UPFC_tsh,5-15,-0.23893318807281042,32,-0.24664969256423613,MAP_SCADA,59,0.007716504491425719
4,UPFC_Vse,5-15,0.06267661663381953,32,0.0615763253591027,MAP_SCADA,59,0.001100291274716829
5,UPFC_tse,5-15,-2.1933767411492218,32,-2.1788467009368127,MAP_SCADA,59,0.014530040212409112
0,x_tcsc,1-14,-0.10341776982429712,33,-0.09645691778988322,MAP_SCADA,59,0.006960852034413906
1,B_svc,2,0.1685857185347648,33,0.16702000914729664,MAP_SCADA,59,0.0015657093874681671
2,UPFC_Vsh,5-15,1.1090690511856047,33,1.1148215002084334,MAP_SCADA,59,0.005752449022828676
3,UPFC_tsh,5-15,-0.23823230252929914,33,-0.24664969256423613,MAP_SCADA,59,0.008417390034936995
4,UPFC_Vse,5-15,0.06321292719959012,33,0.0615763253591027,MAP_SCADA,59,0.0016366018404874241
5,UPFC_tse,5-15,-2.190809317373603,33,-2.1788467009368127,MAP_SCADA,59,0.01196261643679053
0,x_tcsc,1-14,-0.10303751160140999,34,-0.09645691778988322,MAP_SCADA,59,0.006580593811526772
1,B_svc,2,0.1683284671853949,34,0.16702000914729664,MAP_SCADA,59,0.0013084580380982591
2,UPFC_Vsh,5-15,1.109998361341998,34,1.1148215002084334,MAP_SCADA,59,0.0048231388664354835
3,UPFC_tsh,5-15,-0.2380691737984707,34,-0.24664969256423613,MAP_SCADA,59,0.008580518765765432
4,UPFC_Vse,5-15,0.0635342444626378,34,0.0615763253591027,MAP_SCADA,59,0.0019579191035351065
5,UPFC_tse,5-15,-2.1878828879669565,34,-2.1788467009368127,MAP_SCADA,59,0.00903618703014386
0,x_tcsc,1-14,-0.10297982083834885,35,-0.09645691778988322,MAP_SCADA,59,0.006522903048465631
1,B_svc,2,0.17046754832647434,35,0.16702000914729664,MAP_SCADA,59,0.0034475391791777
2,UPFC_Vsh,5-15,1.1112794492291262,35,1.1148215002084334,MAP_SCADA,59,0.003542050979307154
3,UPFC_tsh,5-15,-0.2385383032127797,35,-0.24664969256423613,MAP_SCADA,59,0.008111389351456444
4,UPFC_Vse,5-15,0.06367108062868834,35,0.0615763253591027,MAP_SCADA,59,0.0020947552695856422
5,UPFC_tse,5-15,-2.188473680620623,35,-2.1788467009368127,MAP_SCADA,59,0.009626979683810433
0,x_tcsc,1-14,-0.1037433704569016,36,-0.09645691778988322,MAP_SCADA,59,0.007286452667018384
1,B_svc,2,0.17020265351511055,36,0.16702000914729664,MAP_SCADA,59,0.0031826443678139027
2,UPFC_Vsh,5-15,1.1084573576990415,36,1.1148215002084334,MAP_SCADA,59,0.006364142509391879
3,UPFC_tsh,5-15,-0.2387082284511852,36,-0.24664969256423613,MAP_SCADA,59,0.007941464113050939
4,UPFC_Vse,5-15,0.06266177121649627,36,0.0615763253591027,MAP_SCADA,59,0.0010854458573935702
5,UPFC_tse,5-15,-2.192234184921244,36,-2.1788467009368127,MAP_SCADA,59,0.013387483984431459
0,x_tcsc,1-14,-0.10331206912751367,37,-0.09645691778988322,MAP_SCADA,59,0.006855151337630455
1,B_svc,2,0.16983444814242962,37,0.16702000914729664,MAP_SCADA,59,0.0028144389951329785
2,UPFC_Vsh,5-15,1.1093899644083485,37,1.1148215002084334,MAP_SCADA,59,0.00543153580008493
3,UPFC_tsh,5-15,-0.23805948198578433,37,-0.24664969256423613,MAP_SCADA,59,0.008590210578451801
4,UPFC_Vse,5-15,0.06260338273141129,37,0.0615763253591027,MAP_SCADA,59,0.0010270573723085916
5,UPFC_tse,5-15,-2.194394240818059,37,-2.1788467009368127,MAP_SCADA,59,0.01554753988124613
0,x_tcsc,1-14,-0.10491436820607243,38,-0.09645691778988322,MAP_SCADA,59,0.008457450416189213
1,B_svc,2,0.1672180740223852,38,0.16702000914729664,MAP_SCADA,59,0.00019806487508855497
2,UPFC_Vsh,5-15,1.1095823920842456,38,1.1148215002084334,MAP_SCADA,59,0.005239108124187819
3,UPFC_tsh,5-15,-0.23796712750088744,38,-0.24664969256423613,MAP_SCADA,59,0.00868256506334869
4,UPFC_Vse,5-15,0.06283312149927725,38,0.0615763253591027,MAP_SCADA,59,0.00125679614017455
5,UPFC_tse,5-15,-2.18825981095042,38,-2.1788467009368127,MAP_SCADA,59,0.00941311001360745
0,x_tcsc,1-14,-0.10472404013278803,39,-0.09645691778988322,MAP_SCADA,59,0.008267122342904817
1,B_svc,2,0.17177177941619282,39,0.16702000914729664,MAP_SCADA,59,0.004751770268896172
2,UPFC_Vsh,5-15,1.106130884386145,39,1.1148215002084334,MAP_SCADA,59,0.008690615822288361
3,UPFC_tsh,5-15,-0.239162445516109,39,-0.24664969256423613,MAP_SCADA,59,0.007487247048127144
4,UPFC_Vse,5-15,0.06329622775397507,39,0.0615763253591027,MAP_SCADA,59,0.0017199023948723732
5,UPFC_tse,5-15,-2.187460536285187,39,-2.1788467009368127,MAP_SCADA,59,0.008613835348374455
0,x_tcsc,1-14,-0.10328701279564349,40,-0.09645691778988322,MAP_SCADA,59,0.0068300950057602755
1,B_svc,2,0.1697864442432162,40,0.16702000914729664,MAP_SCADA,59,0.0027664350959195616
2,UPFC_Vsh,5-15,1.1091570589281596,40,1.1148215002084334,MAP_SCADA,59,0.005664441280273769
3,UPFC_tsh,5-15,-0.23841077906827327,40,-0.24664969256423613,MAP_SCADA,59,0.008238913495962868
4,UPFC_Vse,5-15,0.06335807687554586,40,0.0615763253591027,MAP_SCADA,59,0.0017817515164431572
5,UPFC_tse,5-15,-2.188321530167082,40,-2.1788467009368127,MAP_SCADA,59,0.009474829230269322
0,x_tcsc,1-14,-0.10415308358070655,41,-0.09645691778988322,MAP_SCADA,59,0.007696165790823328
1,B_svc,2,0.1659516229371476,41,0.16702000914729664,MAP_SCADA,59,0.0010683862101490416
2,UPFC_Vsh,5-15,1.1088618181516254,41,1.1148215002084334,MAP_SCADA,59,0.005959682056807969
3,UPFC_tsh,5-15,-0.23803785406369915,41,-0.24664969256423613,MAP_SCADA,59,0.008611838500536984
4,UPFC_Vse,5-15,0.06317922460371121,41,0.0615763253591027,MAP_SCADA,59,0.001602899244608512
5,UPFC_tse,5-15,-2.192117927145841,41,-2.1788467009368127,MAP_SCADA,59,0.01327122620902843
0,x_tcsc,1-14,-0.10282328972764497,42,-0.09645691778988322,MAP_SCADA,59,0.006366371937761753
1,B_svc,2,0.1721197597634059,42,0.16702000914729664,MAP_SCADA,59,0.005099750616109261
2,UPFC_Vsh,5-15,1.1081902020497665,42,1.1148215002084334,MAP_SCADA,59,0.006631298158666921
3,UPFC_tsh,5-15,-0.23900538395228121,42,-0.24664969256423613,MAP_SCADA,59,0.00764430861195492
4,UPFC_Vse,5-15,0.06283176345199303,42,0.0615763253591027,MAP_SCADA,59,0.001255438092890325
5,UPFC_tse,5-15,-2.1893873032588393,42,-2.1788467009368127,MAP_SCADA,59,0.010540602322026693
0,x_tcsc,1-14,-0.10303424453802462,43,-0.09645691778988322,MAP_SCADA,59,0.006577326748141404
1,B_svc,2,0.17311051925916063,43,0.16702000914729664,MAP_SCADA,59,0.006090510111863984
2,UPFC_Vsh,5-15,1.107982607035665,43,1.1148215002084334,MAP_SCADA,59,0.006838893172768312
3,UPFC_tsh,5-15,-0.23927261561656687,43,-0.24664969256423613,MAP_SCADA,59,0.007377076947669259
4,UPFC_Vse,5-15,0.06356982541230466,43,0.0615763253591027,MAP_SCADA,59,0.001993500053201959
5,UPFC_tse,5-15,-2.1951217682769553,43,-2.1788467009368127,MAP_SCADA,59,0.016275067340142613
0,x_tcsc,1-14,-0.1027973561626272,44,-0.09645691778988322,MAP_SCADA,59,0.006340438372743978
1,B_svc,2,0.1681348089727287,44,0.16702000914729664,MAP_SCADA,59,0.0011147998254320557
2,UPFC_Vsh,5-15,1.109787300168,44,1.1148215002084334,MAP_SCADA,59,0.005034200040433312
3,UPFC_tsh,5-15,-0.23831165948836602,44,-0.24664969256423613,MAP_SCADA,59,0.00833803307587011
4,UPFC_Vse,5-15,0.06368281985756345,44,0.0615763253591027,MAP_SCADA,59,0.0021064944984607523
5,UPFC_tse,5-15,-2.1854876578376725,44,-2.1788467009368127,MAP_SCADA,59,0.006640956900859862
0,x_tcsc,1-14,-0.10221996947708181,45,-0.09645691778988322,MAP_SCADA,59,0.005763051687198595
1,B_svc,2,0.1768898387398685,45,0.16702000914729664,MAP_SCADA,59,0.00986982959257185
2,UPFC_Vsh,5-15,1.1095156345355885,45,1.1148215002084334,MAP_SCADA,59,0.005305865672844856
3,UPFC_tsh,5-15,-0.2389523502653847,45,-0.24664969256423613,MAP_SCADA,59,0.0076973422988514395
4,UPFC_Vse,5-15,0.06318314771751779,45,0.0615763253591027,MAP_SCADA,59,0.00160682235841509
5,UPFC_tse,5-15,-2.193731744557763,45,-2.1788467009368127,MAP_SCADA,59,0.014885043620950444
0,x_tcsc,1-14,-0.10209110133794598,46,-0.09645691778988322,MAP_SCADA,59,0.005634183548062763
1,B_svc,2,0.1749895939957132,46,0.16702000914729664,MAP_SCADA,59,0.007969584848416561
2,UPFC_Vsh,5-15,1.1075689036025793,46,1.1148215002084334,MAP_SCADA,59,0.007252596605854089
3,UPFC_tsh,5-15,-0.2405839698596442,46,-0.24664969256423613,MAP_SCADA,59,0.006065722704591936
4,UPFC_Vse,5-15,0.06325877581511731,46,0.0615763253591027,MAP_SCADA,59,0.00168245045601461
5,UPFC_tse,5-15,-2.1915658662244795,46,-2.1788467009368127,MAP_SCADA,59,0.012719165287666812
0,x_tcsc,1-14,-0.10430424526697522,47,-0.09645691778988322,MAP_SCADA,59,0.007847327477092006
1,B_svc,2,0.16657044584038416,47,0.16702000914729664,MAP_SCADA,59,0.0004495633069124816
2,UPFC_Vsh,5-15,1.1089944570086598,47,1.1148215002084334,MAP_SCADA,59,0.005827043199773563
3,UPFC_tsh,5-15,-0.23755332848839128,47,-0.24664969256423613,MAP_SCADA,59,0.009096364075844854
4,UPFC_Vse,5-15,0.06325285378388841,47,0.0615763253591027,MAP_SCADA,59,0.0016765284247857101
5,UPFC_tse,5-15,-2.1926651756040454,47,-2.1788467009368127,MAP_SCADA,59,0.013818474667232739
0,x_tcsc,1-14,-0.10467341988269523,48,-0.09645691778988322,MAP_SCADA,59,0.008216502092812009
1,B_svc,2,0.16631328053467387,48,0.16702000914729664,MAP_SCADA,59,0.0007067286126227756
2,UPFC_Vsh,5-15,1.109765910581846,48,1.1148215002084334,MAP_SCADA,59,0.0050555896265873645
3,UPFC_tsh,5-15,-0.23718168953869978,48,-0.24664969256423613,MAP_SCADA,59,0.009468003025536353
4,UPFC_Vse,5-15,0.06257817548573592,48,0.0615763253591027,MAP_SCADA,59,0.0010018501266332233
5,UPFC_tse,5-15,-2.189149825874566,48,-2.1788467009368127,MAP_SCADA,59,0.010303124937753427
0,x_tcsc,1-14,-0.10036649413923276,49,-0.09645691778988322,MAP_SCADA,59,0.003909576349349547
1,B_svc,2,0.1848686799141463,49,0.16702000914729664,MAP_SCADA,59,0.01784867076684965
2,UPFC_Vsh,5-15,1.1056475662275105,49,1.1148215002084334,MAP_SCADA,59,0.009173933980922921
3,UPFC_tsh,5-15,-0.2414821266404511,49,-0.24664969256423613,MAP_SCADA,59,0.0051675659237850335
4,UPFC_Vse,5-15,0.0630950463263788,49,0.0615763253591027,MAP_SCADA,59,0.0015187209672761007
5,UPFC_tse,5-15,-2.1950301431956265,49,-2.1788467009368127,MAP_SCADA,59,0.01618344225881385
0,x_tcsc,1-14,-0.10197953963546616,50,-0.09645691778988322,MAP_SCADA,59,0.005522621845582942
1,B_svc,2,0.1736852085055039,50,0.16702000914729664,MAP_SCADA,59,0.006665199358207252
2,UPFC_Vsh,5-15,1.1100116771882211,50,1.1148215002084334,MAP_SCADA,59,0.004809823020212267
3,UPFC_tsh,5-15,-0.2387841569748617,50,-0.24664969256423613,MAP_SCADA,59,0.007865535589374445
4,UPFC_Vse,5-15,0.06333349762164837,50,0.0615763253591027,MAP_SCADA,59,0.001757172262545674
5,UPFC_tse,5-15,-2.18884697758656,50,-2.1788467009368127,MAP_SCADA,59,0.010000276649747342
0,x_tcsc,1-14,-0.10287200005996062,51,-0.09645691778988322,MAP_SCADA,59,0.006415082270077407
1,B_svc,2,0.17435630556991935,51,0.16702000914729664,MAP_SCADA,59,0.007336296422622707
2,UPFC_Vsh,5-15,1.1083789801853865,51,1.1148215002084334,MAP_SCADA,59,0.006442520023046905
3,UPFC_tsh,5-15,-0.23954156229505957,51,-0.24664969256423613,MAP_SCADA,59,0.00710813026917656
4,UPFC_Vse,5-15,0.0634631446920625,51,0.0615763253591027,MAP_SCADA,59,0.0018868193329598035
5,UPFC_tse,5-15,-2.193128263603617,51,-2.1788467009368127,MAP_SCADA,59,0.014281562666804248
0,x_tcsc,1-14,-0.10324332919686505,52,-0.09645691778988322,MAP_SCADA,59,0.006786411406981829
1,B_svc,2,0.1696109973659828,52,0.16702000914729664,MAP_SCADA,59,0.002590988218686169
2,UPFC_Vsh,5-15,1.111682729996886,52,1.1148215002084334,MAP_SCADA,59,0.0031387702115472926
3,UPFC_tsh,5-15,-0.2380664599567824,52,-0.24664969256423613,MAP_SCADA,59,0.008583232607453722
4,UPFC_Vse,5-15,0.0636095662815725,52,0.0615763253591027,MAP_SCADA,59,0.0020332409224697937
5,UPFC_tse,5-15,-2.190966086526349,52,-2.1788467009368127,MAP_SCADA,59,0.012119385589536513
0,x_tcsc,1-14,-0.10136893818338043,53,-0.09645691778988322,MAP_SCADA,59,0.00491202039349721
1,B_svc,2,0.1763356233567943,53,0.16702000914729664,MAP_SCADA,59,0.009315614209497669
2,UPFC_Vsh,5-15,1.1071755978151345,53,1.1148215002084334,MAP_SCADA,59,0.007645902393298876
3,UPFC_tsh,5-15,-0.24045414133719084,53,-0.24664969256423613,MAP_SCADA,59,0.006195551227045293
4,UPFC_Vse,5-15,0.06363480196190133,53,0.0615763253591027,MAP_SCADA,59,0.002058476602798627
5,UPFC_tse,5-15,-2.1940031377680684,53,-2.1788467009368127,MAP_SCADA,59,0.015156436831255782
0,x_tcsc,1-14,-0.10324843381027872,54,-0.09645691778988322,MAP_SCADA,59,0.006791516020395502
1,B_svc,2,0.17285646172672728,54,0.16702000914729664,MAP_SCADA,59,0.005836452579430634
2,UPFC_Vsh,5-15,1.1064658011062947,54,1.1148215002084334,MAP_SCADA,59,0.008355699102138736
3,UPFC_tsh,5-15,-0.24019351975165645,54,-0.24664969256423613,MAP_SCADA,59,0.00645617281257968
4,UPFC_Vse,5-15,0.0631805362478855,54,0.0615763253591027,MAP_SCADA,59,0.001604210888782799
5,UPFC_tse,5-15,-2.1928662900195057,54,-2.1788467009368127,MAP_SCADA,59,0.014019589082693074
0,x_tcsc,1-14,-0.1019788974557904,55,-0.09645691778988322,MAP_SCADA,59,0.005521979665907187
1,B_svc,2,0.1762892680006951,55,0.16702000914729664,MAP_SCADA,59,0.009269258853398465
2,UPFC_Vsh,5-15,1.1068642261414183,55,1.1148215002084334,MAP_SCADA,59,0.007957274067015074
3,UPFC_tsh,5-15,-0.2403625187434593,55,-0.24664969256423613,MAP_SCADA,59,0.006287173820776842
4,UPFC_Vse,5-15,0.06392525493854063,55,0.0615763253591027,MAP_SCADA,59,0.0023489295794379347
5,UPFC_tse,5-15,-2.1962706712338904,55,-2.1788467009368127,MAP_SCADA,59,0.017423970297077762
0,x_tcsc,1-14,-0.10527974321233675,56,-0.09645691778988322,MAP_SCADA,59,0.008822825422453537
1,B_svc,2,0.167632286351566,56,0.16702000914729664,MAP_SCADA,59,0.0006122772042693458
2,UPFC_Vsh,5-15,1.1086875892260313,56,1.1148215002084334,MAP_SCADA,59,0.006133910982402124
3,UPFC_tsh,5-15,-0.23816006534123574,56,-0.24664969256423613,MAP_SCADA,59,0.008489627223000396
4,UPFC_Vse,5-15,0.06254446606212997,56,0.0615763253591027,MAP_SCADA,59,0.0009681407030272746
5,UPFC_tse,5-15,-2.1879062130788323,56,-2.1788467009368127,MAP_SCADA,59,0.00905951214201961
0,x_tcsc,1-14,-0.10179695860865144,57,-0.09645691778988322,MAP_SCADA,59,0.005340040818768224
1,B_svc,2,0.17922775758191414,57,0.16702000914729664,MAP_SCADA,59,0.0122077484346175
2,UPFC_Vsh,5-15,1.1053913401140298,57,1.1148215002084334,MAP_SCADA,59,0.009430160094403561
3,UPFC_tsh,5-15,-0.24078070444873179,57,-0.24664969256423613,MAP_SCADA,59,0.005868988115504348
4,UPFC_Vse,5-15,0.0628623967199648,57,0.0615763253591027,MAP_SCADA,59,0.0012860713608620969
5,UPFC_tse,5-15,-2.19228846799818,57,-2.1788467009368127,MAP_SCADA,59,0.013441767061367127
0,x_tcsc,1-14,-0.10438407717916225,58,-0.09645691778988322,MAP_SCADA,59,0.007927159389279029
1,B_svc,2,0.1710229922972262,58,0.16702000914729664,MAP_SCADA,59,0.0040029831499295565
2,UPFC_Vsh,5-15,1.1084581412862453,58,1.1148215002084334,MAP_SCADA,59,0.006363358922188089
3,UPFC_tsh,5-15,-0.23826230188521025,58,-0.24664969256423613,MAP_SCADA,59,0.008387390679025886
4,UPFC_Vse,5-15,0.06312944551932835,58,0.0615763253591027,MAP_SCADA,59,0.0015531201602256503
5,UPFC_tse,5-15,-2.1876418894390635,58,-2.1788467009368127,MAP_SCADA,59,0.008795188502250806
0,x_tcsc,1-14,-0.10383418172265896,59,-0.09645691778988322,MAP_SCADA,59,0.0073772639327757406
1,B_svc,2,0.17312892218344747,59,0.16702000914729664,MAP_SCADA,59,0.006108913036150826
2,UPFC_Vsh,5-15,1.1072547742868786,59,1.1148215002084334,MAP_SCADA,59,0.007566725921554829
3,UPFC_tsh,5-15,-0.23890156901931114,59,-0.24664969256423613,MAP_SCADA,59,0.00774812354492499
4,UPFC_Vse,5-15,0.06299379008888283,59,0.0615763253591027,MAP_SCADA,59,0.0014174647297801254
5,UPFC_tse,5-15,-2.1917922454989034,59,-2.1788467009368127,MAP_SCADA,59,0.012945544562090738
0,x_tcsc,1-14,-0.10327191665118586,60,-0.09645691778988322,MAP_SCADA,59,0.006814998861302643
1,B_svc,2,0.16996069385126053,60,0.16702000914729664,MAP_SCADA,59,0.002940684703963886
2,UPFC_Vsh,5-15,1.1098518577775867,60,1.1148215002084334,MAP_SCADA,59,0.0049696424308467435
3,UPFC_tsh,5-15,-0.23820244736558496,60,-0.24664969256423613,MAP_SCADA,59,0.008447245198651171
4,UPFC_Vse,5-15,0.06292108618224466,60,0.0615763253591027,MAP_SCADA,59,0.0013447608231419647
5,UPFC_tse,5-15,-2.187923879159447,60,-2.1788467009368127,MAP_SCADA,59,0.00907717822263443
0,x_tcsc,1-14,-0.10443203071954701,61,-0.09645691778988322,MAP_SCADA,59,0.007975112929663797
1,B_svc,2,0.16903423354943337,61,0.16702000914729664,MAP_SCADA,59,0.0020142244021367217
2,UPFC_Vsh,5-15,1.110202654342042,61,1.1148215002084334,MAP_SCADA,59,0.004618845866391386
3,UPFC_tsh,5-15,-0.23777468793642412,61,-0.24664969256423613,MAP_SCADA,59,0.008875004627812016
4,UPFC_Vse,5-15,0.06314581996839719,61,0.0615763253591027,MAP_SCADA,59,0.0015694946092944875
5,UPFC_tse,5-15,-2.1855869768875538,61,-2.1788467009368127,MAP_SCADA,59,0.006740275950741115
0,x_tcsc,1-14,-0.1018979327156657,62,-0.09645691778988322,MAP_SCADA,59,0.005441014925782486
1,B_svc,2,0.17427711005926577,62,0.16702000914729664,MAP_SCADA,59,0.007257100911969128
2,UPFC_Vsh,5-15,1.1095015499881347,62,1.1148215002084334,MAP_SCADA,59,0.005319950220298741
3,UPFC_tsh,5-15,-0.23957433529079633,62,-0.24664969256423613,MAP_SCADA,59,0.007075357273439803
4,UPFC_Vse,5-15,0.06324467634335171,62,0.0615763253591027,MAP_SCADA,59,0.0016683509842490077
5,UPFC_tse,5-15,-2.194724354980753,62,-2.1788467009368127,MAP_SCADA,59,0.01587765404394048
0,x_tcsc,1-14,-0.1047565086025988,63,-0.09645691778988322,MAP_SCADA,59,0.008299590812715585
1,B_svc,2,0.16464257816312167,63,0.16702000914729664,MAP_SCADA,59,0.0023774309841749774
2,UPFC_Vsh,5-15,1.1108932720561624,63,1.1148215002084334,MAP_SCADA,59,0.003928228152271007
3,UPFC_tsh,5-15,-0.23730546416250609,63,-0.24664969256423613,MAP_SCADA,59,0.009344228401730048
4,UPFC_Vse,5-15,0.06270315531355272,63,0.0615763253591027,MAP_SCADA,59,0.0011268299544500218
5,UPFC_tse,5-15,-2.1891048347645268,63,-2.1788467009368127,MAP_SCADA,59,0.010258133827714122
0,x_tcsc,1-14,-0.10149762845702923,64,-0.09645691778988322,MAP_SCADA,59,0.005040710667146009
1,B_svc,2,0.17041915878050962,64,0.16702000914729664,MAP_SCADA,59,0.0033991496332129723
2,UPFC_Vsh,5-15,1.1100417205424307,64,1.1148215002084334,MAP_SCADA,59,0.004779779666002737
3,UPFC_tsh,5-15,-0.23829959354425628,64,-0.24664969256423613,MAP_SCADA,59,0.00835009901997985
4,UPFC_Vse,5-15,0.06332037722712637,64,0.0615763253591027,MAP_SCADA,59,0.0017440518680236702
5,UPFC_tse,5-15,-2.1874300265671645,64,-2.1788467009368127,MAP_SCADA,59,0.008583325630351801
0,x_tcsc,1-14,-0.1029503968470731,65,-0.09645691778988322,MAP_SCADA,59,0.006493479057189888
1,B_svc,2,0.1727546126568781,65,0.16702000914729664,MAP_SCADA,59,0.005734603509581465
2,UPFC_Vsh,5-15,1.1090411589252558,65,1.1148215002084334,MAP_SCADA,59,0.005780341283177615
3,UPFC_tsh,5-15,-0.2391466538977477,65,-0.24664969256423613,MAP_SCADA,59,0.007503038666488437
4,UPFC_Vse,5-15,0.06267864255580684,65,0.0615763253591027,MAP_SCADA,59,0.0011023171967041376
5,UPFC_tse,5-15,-2.194609229181598,65,-2.1788467009368127,MAP_SCADA,59,0.0157625282447853
0,x_tcsc,1-14,-0.10255764452678089,66,-0.09645691778988322,MAP_SCADA,59,0.006100726736897669
1,B_svc,2,0.17335932811787075,66,0.16702000914729664,MAP_SCADA,59,0.006339318970574104
2,UPFC_Vsh,5-15,1.1067821196443008,66,1.1148215002084334,MAP_SCADA,59,0.008039380564132559
3,UPFC_tsh,5-15,-0.24009114421968414,66,-0.24664969256423613,MAP_SCADA,59,0.006558548344551995
4,UPFC_Vse,5-15,0.06383770986129642,66,0.0615763253591027,MAP_SCADA,59,0.0022613845021937154
5,UPFC_tse,5-15,-2.189975251551576,66,-2.1788467009368127,MAP_SCADA,59,0.011128550614763366
0,x_tcsc,1-14,-0.10257961106253177,67,-0.09645691778988322,MAP_SCADA,59,0.006122693272648555
1,B_svc,2,0.1742425484016374,67,0.16702000914729664,MAP_SCADA,59,0.007222539254340743
2,UPFC_Vsh,5-15,1.1083253567254918,67,1.1148215002084334,MAP_SCADA,59,0.006496143482941585
3,UPFC_tsh,5-15,-0.23958027079370714,67,-0.24664969256423613,MAP_SCADA,59,0.007069421770528994
4,UPFC_Vse,5-15,0.06314568162052941,67,0.0615763253591027,MAP_SCADA,59,0.0015693562614267145
5,UPFC_tse,5-15,-2.1901283364202158,67,-2.1788467009368127,MAP_SCADA,59,0.011281635483403107
0,x_tcsc,1-14,-0.10263337111071213,68,-0.09645691778988322,MAP_SCADA,59,0.006176453320828917
1,B_svc,2,0.17100614863303598,68,0.16702000914729664,MAP_SCADA,59,0.003986139485739337
2,UPFC_Vsh,5-15,1.1100202564761716,68,1.1148215002084334,MAP_SCADA,59,0.004801243732261762
3,UPFC_tsh,5-15,-0.23892424588676187,68,-0.24664969256423613,MAP_SCADA,59,0.007725446677474268
4,UPFC_Vse,5-15,0.06251988918292863,68,0.0615763253591027,MAP_SCADA,59,0.0009435638238259256
5,UPFC_tse,5-15,-2.187948808276476,68,-2.1788467009368127,MAP_SCADA,59,0.009102107339663323
0,x_tcsc,1-14,-0.10299316820601115,69,-0.09645691778988322,MAP_SCADA,59,0.006536250416127931
1,B_svc,2,0.16947360486173987,69,0.16702000914729664,MAP_SCADA,59,0.0024535957144432297
2,UPFC_Vsh,5-15,1.1089815892970292,69,1.1148215002084334,MAP_SCADA,59,0.005839910911404234
3,UPFC_tsh,5-15,-0.2385254375662905,69,-0.24664969256423613,MAP_SCADA,59,0.00812425499794564
4,UPFC_Vse,5-15,0.06214377261304217,69,0.0615763253591027,MAP_SCADA,59,0.0005674472539394723
5,UPFC_tse,5-15,-2.1892225229127744,69,-2.1788467009368127,MAP_SCADA,59,0.010375821975961763
0,x_tcsc,1-14,-0.10185809716055308,70,-0.09645691778988322,MAP_SCADA,59,0.005401179370669862
1,B_svc,2,0.1712652326521477,70,0.16702000914729664,MAP_SCADA,59,0.004245223504851042
2,UPFC_Vsh,5-15,1.1087057236793505,70,1.1148215002084334,MAP_SCADA,59,0.006115776529082906
3,UPFC_tsh,5-15,-0.2391822748874336,70,-0.24664969256423613,MAP_SCADA,59,0.007467417676802535
4,UPFC_Vse,5-15,0.06257359134144821,70,0.0615763253591027,MAP_SCADA,59,0.0009972659823455146
5,UPFC_tse,5-15,-2.1913194357175967,70,-2.1788467009368127,MAP_SCADA,59,0.012472734780784034
0,x_tcsc,1-14,-0.10524162761546635,71,-0.09645691778988322,MAP_SCADA,59,0.008784709825583131
1,B_svc,2,0.16611244629803404,71,0.16702000914729664,MAP_SCADA,59,0.0009075628492626053
2,UPFC_Vsh,5-15,1.1096813062861652,71,1.1148215002084334,MAP_SCADA,59,0.005140193922268166
3,UPFC_tsh,5-15,-0.23770084547255427,71,-0.24664969256423613,MAP_SCADA,59,0.008948847091681866
4,UPFC_Vse,5-15,0.06383213767638687,71,0.0615763253591027,MAP_SCADA,59,0.002255812317284174
5,UPFC_tse,5-15,-2.1861294420596007,71,-2.1788467009368127,MAP_SCADA,59,0.007282741122788039
0,x_tcsc,1-14,-0.10233283399276083,72,-0.09645691778988322,MAP_SCADA,59,0.005875916202877612
1,B_svc,2,0.17345561181975075,72,0.16702000914729664,MAP_SCADA,59,0.006435602672454105
2,UPFC_Vsh,5-15,1.1081896369708146,72,1.1148215002084334,MAP_SCADA,59,0.006631863237618774
3,UPFC_tsh,5-15,-0.2390668542505105,72,-0.24664969256423613,MAP_SCADA,59,0.007582838313725637
4,UPFC_Vse,5-15,0.06308312190652304,72,0.0615763253591027,MAP_SCADA,59,0.001506796547420343
5,UPFC_tse,5-15,-2.1950210742699534,72,-2.1788467009368127,MAP_SCADA,59,0.016174373333140757
0,x_tcsc,1-14,-0.10300572656616798,73,-0.09645691778988322,MAP_SCADA,59,0.006548808776284762
1,B_svc,2,0.1699124075334846,73,0.16702000914729664,MAP_SCADA,59,0.002892398386187961
2,UPFC_Vsh,5-15,1.111688763891842,73,1.1148215002084334,MAP_SCADA,59,0.003132736316591389
3,UPFC_tsh,5-15,-0.23754253964747926,73,-0.24664969256423613,MAP_SCADA,59,0.009107152916756872
4,UPFC_Vse,5-15,0.06295480558574423,73,0.0615763253591027,MAP_SCADA,59,0.0013784802266415333
5,UPFC_tse,5-15,-2.1898784956330895,73,-2.1788467009368127,MAP_SCADA,59,0.011031794696276798
0,x_tcsc,1-14,-0.10514924575789812,74,-0.09645691778988322,MAP_SCADA,59,0.008692327968014904
1,B_svc,2,0.16485838462843566,74,0.16702000914729664,MAP_SCADA,59,0.002161624518860983
2,UPFC_Vsh,5-15,1.1083799244483572,74,1.1148215002084334,MAP_SCADA,59,0.006441575760076201
3,UPFC_tsh,5-15,-0.23760004359913878,74,-0.24664969256423613,MAP_SCADA,59,0.009049648965097357
4,UPFC_Vse,5-15,0.06298926157265705,74,0.0615763253591027,MAP_SCADA,59,0.0014129362135543513
5,UPFC_tse,5-15,-2.1901337929582283,74,-2.1788467009368127,MAP_SCADA,59,0.011287092021415646
0,x_tcsc,1-14,-0.10232746305722461,75,-0.09645691778988322,MAP_SCADA,59,0.00587054526734139
1,B_svc,2,0.17313561704027464,75,0.16702000914729664,MAP_SCADA,59,0.006115607892977992
2,UPFC_Vsh,5-15,1.1109635601407246,75,1.1148215002084334,MAP_SCADA,59,0.003857940067708787
3,UPFC_tsh,5-15,-0.2383956924953973,75,-0.24664969256423613,MAP_SCADA,59,0.008254000068838835
4,UPFC_Vse,5-15,0.06252459057740888,75,0.0615763253591027,MAP_SCADA,59,0.0009482652183061754
5,UPFC_tse,5-15,-2.1931506194433967,75,-2.1788467009368127,MAP_SCADA,59,0.014303918506584079
0,x_tcsc,1-14,-0.10346791682523426,76,-0.09645691778988322,MAP_SCADA,59,0.007010999035351045
1,B_svc,2,0.16888588364988585,76,0.16702000914729664,MAP_SCADA,59,0.0018658745025892098
2,UPFC_Vsh,5-15,1.1099742200180993,76,1.1148215002084334,MAP_SCADA,59,0.004847280190334091
3,UPFC_tsh,5-15,-0.23913273123024675,76,-0.24664969256423613,MAP_SCADA,59,0.00751696133398938
4,UPFC_Vse,5-15,0.06273977661451471,76,0.0615763253591027,MAP_SCADA,59,0.0011634512554120138
5,UPFC_tse,5-15,-2.1907842344148376,76,-2.1788467009368127,MAP_SCADA,59,0.011937533478024953
0,x_tcsc,1-14,-0.1031683208624105,77,-0.09645691778988322,MAP_SCADA,59,0.0067114030725272805
1,B_svc,2,0.16891396732518127,77,0.16702000914729664,MAP_SCADA,59,0.0018939581778846248
2,UPFC_Vsh,5-15,1.1077683373382927,77,1.1148215002084334,MAP_SCADA,59,0.0070531628701406834
3,UPFC_tsh,5-15,-0.23970109057894223,77,-0.24664969256423613,MAP_SCADA,59,0.006948601985293901
4,UPFC_Vse,5-15,0.06299287105766653,77,0.0615763253591027,MAP_SCADA,59,0.00141654569856383
5,UPFC_tse,5-15,-2.189390037798933,77,-2.1788467009368127,MAP_SCADA,59,0.010543336862120167
0,x_tcsc,1-14,-0.1003523763282444,78,-0.09645691778988322,MAP_SCADA,59,0.0038954585383611795
1,B_svc,2,0.1781374744137755,78,0.16702000914729664,MAP_SCADA,59,0.01111746526647886
2,UPFC_Vsh,5-15,1.1064367614323085,78,1.1148215002084334,MAP_SCADA,59,0.00838473877612489
3,UPFC_tsh,5-15,-0.24069360638132725,78,-0.24664969256423613,MAP_SCADA,59,0.005956086182908882
4,UPFC_Vse,5-15,0.0636058583757046,78,0.0615763253591027,MAP_SCADA,59,0.0020295330166018935
5,UPFC_tse,5-15,-2.1934335928061675,78,-2.1788467009368127,MAP_SCADA,59,0.014586891869354801
0,x_tcsc,1-14,-0.10276773053574277,79,-0.09645691778988322,MAP_SCADA,59,0.006310812745859554
1,B_svc,2,0.1680802978468382,79,0.16702000914729664,MAP_SCADA,59,0.0010602886995415561
2,UPFC_Vsh,5-15,1.1117810693734493,79,1.1148215002084334,MAP_SCADA,59,0.0030404308349840647
3,UPFC_tsh,5-15,-0.237322468516072,79,-0.24664969256423613,MAP_SCADA,59,0.009327224048164134
4,UPFC_Vse,5-15,0.06270065158906427,79,0.0615763253591027,MAP_SCADA,59,0.0011243262299615656
5,UPFC_tse,5-15,-2.1869983063602736,79,-2.1788467009368127,MAP_SCADA,59,0.00815160542346094
0,x_tcsc,1-14,-0.10316049789480242,80,-0.09645691778988322,MAP_SCADA,59,0.006703580104919199
1,B_svc,2,0.17065832407353948,80,0.16702000914729664,MAP_SCADA,59,0.003638314926242836
2,UPFC_Vsh,5-15,1.1092538073589127,80,1.1148215002084334,MAP_SCADA,59,0.0055676928495207445
3,UPFC_tsh,5-15,-0.239140938455551,80,-0.24664969256423613,MAP_SCADA,59,0.007508754108685123
4,UPFC_Vse,5-15,0.063109103691046,80,0.0615763253591027,MAP_SCADA,59,0.0015327783319432978
5,UPFC_tse,5-15,-2.1914075308370156,80,-2.1788467009368127,MAP_SCADA,59,0.012560829900202908
0,x_tcsc,1-14,-0.10041044236733196,81,-0.09645691778988322,MAP_SCADA,59,0.0039535245774487415
1,B_svc,2,0.18123476065321326,81,0.16702000914729664,MAP_SCADA,59,0.014214751505916612
2,UPFC_Vsh,5-15,1.1059665821283136,81,1.1148215002084334,MAP_SCADA,59,0.008854918080119845
3,UPFC_tsh,5-15,-0.24094205153019474,81,-0.24664969256423613,MAP_SCADA,59,0.005707641034041394
4,UPFC_Vse,5-15,0.06307815871124836,81,0.0615763253591027,MAP_SCADA,59,0.0015018333521456609
5,UPFC_tse,5-15,-2.195590834076475,81,-2.1788467009368127,MAP_SCADA,59,0.016744133139662498
0,x_tcsc,1-14,-0.10457447478471675,82,-0.09645691778988322,MAP_SCADA,59,0.008117556994833533
1,B_svc,2,0.16783207973975625,82,0.16702000914729664,MAP_SCADA,59,0.0008120705924596072
2,UPFC_Vsh,5-15,1.110012346364267,82,1.1148215002084334,MAP_SCADA,59,0.004809153844166358
3,UPFC_tsh,5-15,-0.2376586382346466,82,-0.24664969256423613,MAP_SCADA,59,0.00899105432958952
4,UPFC_Vse,5-15,0.06331608203981146,82,0.0615763253591027,MAP_SCADA,59,0.0017397566807087553
5,UPFC_tse,5-15,-2.1867291866877543,82,-2.1788467009368127,MAP_SCADA,59,0.007882485750941637
0,x_tcsc,1-14,-0.1031657595623476,83,-0.09645691778988322,MAP_SCADA,59,0.006708841772464377
1,B_svc,2,0.17424357418869788,83,0.16702000914729664,MAP_SCADA,59,0.007223565041401231
2,UPFC_Vsh,5-15,1.1072885960269414,83,1.1148215002084334,MAP_SCADA,59,0.007532904181491995
3,UPFC_tsh,5-15,-0.23966310880723438,83,-0.24664969256423613,MAP_SCADA,59,0.0069865837570017575
4,UPFC_Vse,5-15,0.06304301881323121,83,0.0615763253591027,MAP_SCADA,59,0.0014666934541285107
5,UPFC_tse,5-15,-2.1962086599650283,83,-2.1788467009368127,MAP_SCADA,59,0.01736195902821569
0,x_tcsc,1-14,-0.10333678174264938,84,-0.09645691778988322,MAP_SCADA,59,0.006879863952766158
1,B_svc,2,0.16992623847206714,84,0.16702000914729664,MAP_SCADA,59,0.0029062293247704984
2,UPFC_Vsh,5-15,1.108396689227261,84,1.1148215002084334,MAP_SCADA,59,0.006424810981172424
3,UPFC_tsh,5-15,-0.23891537987045408,84,-0.24664969256423613,MAP_SCADA,59,0.007734312693782053
4,UPFC_Vse,5-15,0.06353080171285039,84,0.0615763253591027,MAP_SCADA,59,0.0019544763537476875
5,UPFC_tse,5-15,-2.1934515204379577,84,-2.1788467009368127,MAP_SCADA,59,0.014604819501145005
0,x_tcsc,1-14,-0.10081655054250013,85,-0.09645691778988322,MAP_SCADA,59,0.004359632752616915
1,B_svc,2,0.17694535235740244,85,0.16702000914729664,MAP_SCADA,59,0.009925343210105797
2,UPFC_Vsh,5-15,1.1073705397164069,85,1.1148215002084334,MAP_SCADA,59,0.007450960492026537
3,UPFC_tsh,5-15,-0.2398156892148108,85,-0.24664969256423613,MAP_SCADA,59,0.006834003349425327
4,UPFC_Vse,5-15,0.06285607316405972,85,0.0615763253591027,MAP_SCADA,59,0.0012797478049570224
5,UPFC_tse,5-15,-2.1933991813687634,85,-2.1788467009368127,MAP_SCADA,59,0.014552480431950787
0,x_tcsc,1-14,-0.10456865424775502,86,-0.09645691778988322,MAP_SCADA,59,0.008111736457871804
1,B_svc,2,0.1666530528575441,86,0.16702000914729664,MAP_SCADA,59,0.0003669562897525569
2,UPFC_Vsh,5-15,1.1106773055855599,86,1.1148215002084334,MAP_SCADA,59,0.0041441946228735205
3,UPFC_tsh,5-15,-0.23739767838514195,86,-0.24664969256423613,MAP_SCADA,59,0.009252014179094187
4,UPFC_Vse,5-15,0.06257029657897878,86,0.0615763253591027,MAP_SCADA,59,0.000993971219876079
5,UPFC_tse,5-15,-2.189342971517965,86,-2.1788467009368127,MAP_SCADA,59,0.010496270581152434
0,x_tcsc,1-14,-0.1014522893066262,87,-0.09645691778988322,MAP_SCADA,59,0.00499537151674298
1,B_svc,2,0.1759377983837093,87,0.16702000914729664,MAP_SCADA,59,0.008917789236412649
2,UPFC_Vsh,5-15,1.1075747788641153,87,1.1148215002084334,MAP_SCADA,59,0.007246721344318141
3,UPFC_tsh,5-15,-0.23996026048803054,87,-0.24664969256423613,MAP_SCADA,59,0.0066894320762055925
4,UPFC_Vse,5-15,0.0631287474103788,87,0.0615763253591027,MAP_SCADA,59,0.0015524220512760992
5,UPFC_tse,5-15,-2.192029188740658,87,-2.1788467009368127,MAP_SCADA,59,0.013182487803845344
0,x_tcsc,1-14,-0.10308302753037737,88,-0.09645691778988322,MAP_SCADA,59,0.006626109740494157
1,B_svc,2,0.17448784950738527,88,0.16702000914729664,MAP_SCADA,59,0.007467840360088629
2,UPFC_Vsh,5-15,1.1061476784346318,88,1.1148215002084334,MAP_SCADA,59,0.008673821773801604
3,UPFC_tsh,5-15,-0.24050589806222702,88,-0.24664969256423613,MAP_SCADA,59,0.006143794502009109
4,UPFC_Vse,5-15,0.06268005160067479,88,0.0615763253591027,MAP_SCADA,59,0.001103726241572088
5,UPFC_tse,5-15,-2.190872120562374,88,-2.1788467009368127,MAP_SCADA,59,0.012025419625561362
0,x_tcsc,1-14,-0.10267111452075099,89,-0.09645691778988322,MAP_SCADA,59,0.006214196730867774
1,B_svc,2,0.16961778126943405,89,0.16702000914729664,MAP_SCADA,59,0.0025977721221374095
2,UPFC_Vsh,5-15,1.1079274160944588,89,1.1148215002084334,MAP_SCADA,59,0.00689408411397463
3,UPFC_tsh,5-15,-0.23875734153579592,89,-0.24664969256423613,MAP_SCADA,59,0.007892351028440214
4,UPFC_Vse,5-15,0.06317546712596372,89,0.0615763253591027,MAP_SCADA,59,0.0015991417668610244
5,UPFC_tse,5-15,-2.1882457540257323,89,-2.1788467009368127,MAP_SCADA,59,0.00939905308891964
0,x_tcsc,1-14,-0.10613469936333164,90,-0.09645691778988322,MAP_SCADA,59,0.009677781573448424
1,B_svc,2,0.16006816122231587,90,0.16702000914729664,MAP_SCADA,59,0.00695184792498077
2,UPFC_Vsh,5-15,1.1094315761130153,90,1.1148215002084334,MAP_SCADA,59,0.005389924095418053
3,UPFC_tsh,5-15,-0.23704302088232218,90,-0.24664969256423613,MAP_SCADA,59,0.009606671681913953
4,UPFC_Vse,5-15,0.06352188556720155,90,0.0615763253591027,MAP_SCADA,59,0.0019455602080988496
5,UPFC_tse,5-15,-2.187971846351272,90,-2.1788467009368127,MAP_SCADA,59,0.00912514541445919
0,x_tcsc,1-14,-0.10274183533505725,91,-0.09645691778988322,MAP_SCADA,59,0.006284917545174032
1,B_svc,2,0.1712474167571244,91,0.16702000914729664,MAP_SCADA,59,0.00422740760982776
2,UPFC_Vsh,5-15,1.1081719272205834,91,1.1148215002084334,MAP_SCADA,59,0.006649572987849961
3,UPFC_tsh,5-15,-0.23991407693170547,91,-0.24664969256423613,MAP_SCADA,59,0.006735615632530667
4,UPFC_Vse,5-15,0.06319960057066118,91,0.0615763253591027,MAP_SCADA,59,0.0016232752115584795
5,UPFC_tse,5-15,-2.189139377730668,91,-2.1788467009368127,MAP_SCADA,59,0.010292676793855371
0,x_tcsc,1-14,-0.10529554962383599,92,-0.09645691778988322,MAP_SCADA,59,0.008838631833952768
1,B_svc,2,0.164802444766533,92,0.16702000914729664,MAP_SCADA,59,0.002217564380763648
2,UPFC_Vsh,5-15,1.1091574366065957,92,1.1148215002084334,MAP_SCADA,59,0.005664063601837688
3,UPFC_tsh,5-15,-0.23715858961762765,92,-0.24664969256423613,MAP_SCADA,59,0.009491102946608487
4,UPFC_Vse,5-15,0.06325685516812932,92,0.0615763253591027,MAP_SCADA,59,0.0016805298090266166
5,UPFC_tse,5-15,-2.185841384590449,92,-2.1788467009368127,MAP_SCADA,59,0.006994683653636535
0,x_tcsc,1-14,-0.10198001686873225,93,-0.09645691778988322,MAP_SCADA,59,0.005523099078849028
1,B_svc,2,0.1745075075648837,93,0.16702000914729664,MAP_SCADA,59,0.007487498417587057
2,UPFC_Vsh,5-15,1.1077672411780743,93,1.1148215002084334,MAP_SCADA,59,0.007054259030359056
3,UPFC_tsh,5-15,-0.24025055114601698,93,-0.24664969256423613,MAP_SCADA,59,0.006399141418219151
4,UPFC_Vse,5-15,0.06302712550417613,93,0.0615763253591027,MAP_SCADA,59,0.0014508001450734345
5,UPFC_tse,5-15,-2.193898147976288,93,-2.1788467009368127,MAP_SCADA,59,0.015051447039475363
0,x_tcsc,1-14,-0.10240752827041755,94,-0.09645691778988322,MAP_SCADA,59,0.00595061048053433
1,B_svc,2,0.17267742847899017,94,0.16702000914729664,MAP_SCADA,59,0.005657419331693531
2,UPFC_Vsh,5-15,1.1060683377314755,94,1.1148215002084334,MAP_SCADA,59,0.008753162476957899
3,UPFC_tsh,5-15,-0.23966172718881376,94,-0.24664969256423613,MAP_SCADA,59,0.0069879653754223725
4,UPFC_Vse,5-15,0.06356182781739468,94,0.0615763253591027,MAP_SCADA,59,0.001985502458291981
5,UPFC_tse,5-15,-2.1899317687571993,94,-2.1788467009368127,MAP_SCADA,59,0.011085067820386652
0,x_tcsc,1-14,-0.1015701753308845,95,-0.09645691778988322,MAP_SCADA,59,0.0051132575410012815
1,B_svc,2,0.1739762418767858,95,0.16702000914729664,MAP_SCADA,59,0.006956232729489142
2,UPFC_Vsh,5-15,1.109278096323847,95,1.1148215002084334,MAP_SCADA,59,0.005543403884586295
3,UPFC_tsh,5-15,-0.23889218641001428,95,-0.24664969256423613,MAP_SCADA,59,0.007757506154221855
4,UPFC_Vse,5-15,0.06328697888437507,95,0.0615763253591027,MAP_SCADA,59,0.0017106535252723667
5,UPFC_tse,5-15,-2.194328809564617,95,-2.1788467009368127,MAP_SCADA,59,0.015482108627804525
0,x_tcsc,1-14,-0.10232252245350033,96,-0.09645691778988322,MAP_SCADA,59,0.005865604663617116
1,B_svc,2,0.17372121612069635,96,0.16702000914729664,MAP_SCADA,59,0.006701206973399709
2,UPFC_Vsh,5-15,1.108048298640947,96,1.1148215002084334,MAP_SCADA,59,0.006773201567486398
3,UPFC_tsh,5-15,-0.2395526260351638,96,-0.24664969256423613,MAP_SCADA,59,0.007097066529072327
4,UPFC_Vse,5-15,0.06360226093011265,96,0.0615763253591027,MAP_SCADA,59,0.002025935571009947
5,UPFC_tse,5-15,-2.1900485756251924,96,-2.1788467009368127,MAP_SCADA,59,0.011201874688379743
0,x_tcsc,1-14,-0.10333071641159243,97,-0.09645691778988322,MAP_SCADA,59,0.006873798621709212
1,B_svc,2,0.17110006030773722,97,0.16702000914729664,MAP_SCADA,59,0.004080051160440579
2,UPFC_Vsh,5-15,1.1083044207896122,97,1.1148215002084334,MAP_SCADA,59,0.006517079418821181
3,UPFC_tsh,5-15,-0.23860190996385314,97,-0.24664969256423613,MAP_SCADA,59,0.008047782600382997
4,UPFC_Vse,5-15,0.06399735750141623,97,0.0615763253591027,MAP_SCADA,59,0.0024210321423135325
5,UPFC_tse,5-15,-2.19124066642229,97,-2.1788467009368127,MAP_SCADA,59,0.01239396548547722
0,x_tcsc,1-14,-0.10426524521610846,98,-0.09645691778988322,MAP_SCADA,59,0.0078083274262252395
1,B_svc,2,0.17011498705090078,98,0.16702000914729664,MAP_SCADA,59,0.0030949779036041347
2,UPFC_Vsh,5-15,1.1100572819699157,98,1.1148215002084334,MAP_SCADA,59,0.004764218238517692
3,UPFC_tsh,5-15,-0.23770219494552186,98,-0.24664969256423613,MAP_SCADA,59,0.008947497618714273
4,UPFC_Vse,5-15,0.06334543800654534,98,0.0615763253591027,MAP_SCADA,59,0.0017691126474426375
5,UPFC_tse,5-15,-2.193521321270926,98,-2.1788467009368127,MAP_SCADA,59,0.014674620334113264
0,x_tcsc,1-14,-0.10313457559422243,99,-0.09645691778988322,MAP_SCADA,59,0.00667765780433921
1,B_svc,2,0.17001685418981957,99,0.16702000914729664,MAP_SCADA,59,0.0029968450425229276
2,UPFC_Vsh,5-15,1.109765874666147,99,1.1148215002084334,MAP_SCADA,59,0.005055625542286446
3,UPFC_tsh,5-15,-0.23838836964991572,99,-0.24664969256423613,MAP_SCADA,59,0.008261322914320413
4,UPFC_Vse,5-15,0.06302138463839355,99,0.0615763253591027,MAP_SCADA,59,0.001445059279290846
5,UPFC_tse,5-15,-2.187957790781871,99,-2.1788467009368127,MAP_SCADA,59,0.009111089845058373
0,x_tcsc,1-14,-0.10329353714551051,0,-0.09777329508591238,MAP_SCADA,61,0.005520242059598127
1,B_svc,2,0.16811519883705064,0,0.16828454278680455,MAP_SCADA,61,0.00016934394975390288
2,UPFC_Vsh,5-15,1.1098479333514264,0,1.1144410382484837,MAP_SCADA,61,0.004593104897057332
3,UPFC_tsh,5-15,-0.23850846755793317,0,-0.24500253922089116,MAP_SCADA,61,0.006494071662957984
4,UPFC_Vse,5-15,0.06280396337550218,0,0.06196215457085772,MAP_SCADA,61,0.0008418088046444547
5,UPFC_tse,5-15,-2.189547936028691,0,-2.173942749219185,MAP_SCADA,61,0.015605186809505955
0,x_tcsc,1-14,-0.10333449122731382,1,-0.09777329508591238,MAP_SCADA,61,0.005561196141401437
1,B_svc,2,0.17229278551833666,1,0.16828454278680455,MAP_SCADA,61,0.004008242731532108
2,UPFC_Vsh,5-15,1.1074218438606374,1,1.1144410382484837,MAP_SCADA,61,0.0070191943878463725
3,UPFC_tsh,5-15,-0.2393005791363044,1,-0.24500253922089116,MAP_SCADA,61,0.00570196008458676
4,UPFC_Vse,5-15,0.06354372417136461,1,0.06196215457085772,MAP_SCADA,61,0.0015815696005068922
5,UPFC_tse,5-15,-2.188008410858818,1,-2.173942749219185,MAP_SCADA,61,0.014065661639632854
0,x_tcsc,1-14,-0.10362651376837446,2,-0.09777329508591238,MAP_SCADA,61,0.00585321868246208
1,B_svc,2,0.16919022531694322,2,0.16828454278680455,MAP_SCADA,61,0.000905682530138674
2,UPFC_Vsh,5-15,1.1102493941878657,2,1.1144410382484837,MAP_SCADA,61,0.004191644060618005
3,UPFC_tsh,5-15,-0.23849235067663532,2,-0.24500253922089116,MAP_SCADA,61,0.006510188544255835
4,UPFC_Vse,5-15,0.06320110323422641,2,0.06196215457085772,MAP_SCADA,61,0.00123894866336869
5,UPFC_tse,5-15,-2.191367850099842,2,-2.173942749219185,MAP_SCADA,61,0.017425100880656963
0,x_tcsc,1-14,-0.1022783976113678,3,-0.09777329508591238,MAP_SCADA,61,0.004505102525455412
1,B_svc,2,0.17447641250969634,3,0.16828454278680455,MAP_SCADA,61,0.006191869722891791
2,UPFC_Vsh,5-15,1.1077086780665086,3,1.1144410382484837,MAP_SCADA,61,0.0067323601819750944
3,UPFC_tsh,5-15,-0.239679881625969,3,-0.24500253922089116,MAP_SCADA,61,0.005322657594922148
4,UPFC_Vse,5-15,0.06420872154220497,3,0.06196215457085772,MAP_SCADA,61,0.002246566971347251
5,UPFC_tse,5-15,-2.1910131457639017,3,-2.173942749219185,MAP_SCADA,61,0.017070396544716537
0,x_tcsc,1-14,-0.10394054656344608,4,-0.09777329508591238,MAP_SCADA,61,0.006167251477533692
1,B_svc,2,0.17253418900935183,4,0.16828454278680455,MAP_SCADA,61,0.004249646222547282
2,UPFC_Vsh,5-15,1.1080842679213603,4,1.1144410382484837,MAP_SCADA,61,0.006356770327123451
3,UPFC_tsh,5-15,-0.23896792048445972,4,-0.24500253922089116,MAP_SCADA,61,0.006034618736431435
4,UPFC_Vse,5-15,0.06280615072875485,4,0.06196215457085772,MAP_SCADA,61,0.0008439961578971325
5,UPFC_tse,5-15,-2.190748734444064,4,-2.173942749219185,MAP_SCADA,61,0.01680598522487875
0,x_tcsc,1-14,-0.10358721953952944,5,-0.09777329508591238,MAP_SCADA,61,0.005813924453617059
1,B_svc,2,0.16814849854113137,5,0.16828454278680455,MAP_SCADA,61,0.00013604424567317808
2,UPFC_Vsh,5-15,1.1103570430873901,5,1.1144410382484837,MAP_SCADA,61,0.00408399516109359
3,UPFC_tsh,5-15,-0.23847268222950582,5,-0.24500253922089116,MAP_SCADA,61,0.0065298569913853355
4,UPFC_Vse,5-15,0.06314489609101118,5,0.06196215457085772,MAP_SCADA,61,0.001182741520153456
5,UPFC_tse,5-15,-2.190275244913631,5,-2.173942749219185,MAP_SCADA,61,0.016332495694445726
0,x_tcsc,1-14,-0.10350531559935731,6,-0.09777329508591238,MAP_SCADA,61,0.00573202051344493
1,B_svc,2,0.16889408616433438,6,0.16828454278680455,MAP_SCADA,61,0.0006095433775298309
2,UPFC_Vsh,5-15,1.1092796634959625,6,1.1144410382484837,MAP_SCADA,61,0.005161374752521208
3,UPFC_tsh,5-15,-0.2386688698331191,6,-0.24500253922089116,MAP_SCADA,61,0.006333669387772051
4,UPFC_Vse,5-15,0.06287393598506438,6,0.06196215457085772,MAP_SCADA,61,0.0009117814142066624
5,UPFC_tse,5-15,-2.1904821780911643,6,-2.173942749219185,MAP_SCADA,61,0.016539428871979123
0,x_tcsc,1-14,-0.10086561566381738,7,-0.09777329508591238,MAP_SCADA,61,0.0030923205779049973
1,B_svc,2,0.17407933738082562,7,0.16828454278680455,MAP_SCADA,61,0.005794794594021074
2,UPFC_Vsh,5-15,1.1095504799373779,7,1.1144410382484837,MAP_SCADA,61,0.004890558311105853
3,UPFC_tsh,5-15,-0.23927897238709775,7,-0.24500253922089116,MAP_SCADA,61,0.005723566833793409
4,UPFC_Vse,5-15,0.06312921191592344,7,0.06196215457085772,MAP_SCADA,61,0.0011670573450657182
5,UPFC_tse,5-15,-2.1874008932882796,7,-2.173942749219185,MAP_SCADA,61,0.013458144069094402
0,x_tcsc,1-14,-0.10415892026095726,8,-0.09777329508591238,MAP_SCADA,61,0.006385625175044873
1,B_svc,2,0.17134587093852688,8,0.16828454278680455,MAP_SCADA,61,0.003061328151722331
2,UPFC_Vsh,5-15,1.107249958845356,8,1.1144410382484837,MAP_SCADA,61,0.007191079403127798
3,UPFC_tsh,5-15,-0.23866553903984225,8,-0.24500253922089116,MAP_SCADA,61,0.006337000181048907
4,UPFC_Vse,5-15,0.06362033412494816,8,0.06196215457085772,MAP_SCADA,61,0.0016581795540904429
5,UPFC_tse,5-15,-2.186522927523441,8,-2.173942749219185,MAP_SCADA,61,0.012580178304255618
0,x_tcsc,1-14,-0.10245107087655327,9,-0.09777329508591238,MAP_SCADA,61,0.004677775790640881
1,B_svc,2,0.1699705773336321,9,0.16828454278680455,MAP_SCADA,61,0.0016860345468275584
2,UPFC_Vsh,5-15,1.1111100280601645,9,1.1144410382484837,MAP_SCADA,61,0.003331010188319272
3,UPFC_tsh,5-15,-0.23772898479278912,9,-0.24500253922089116,MAP_SCADA,61,0.0072735544281020414
4,UPFC_Vse,5-15,0.06293157188011914,9,0.06196215457085772,MAP_SCADA,61,0.0009694173092614153
5,UPFC_tse,5-15,-2.1889726606857733,9,-2.173942749219185,MAP_SCADA,61,0.015029911466588164
0,x_tcsc,1-14,-0.10201414245840422,10,-0.09777329508591238,MAP_SCADA,61,0.004240847372491835
1,B_svc,2,0.1773995230540244,10,0.16828454278680455,MAP_SCADA,61,0.009114980267219852
2,UPFC_Vsh,5-15,1.1078753800386845,10,1.1144410382484837,MAP_SCADA,61,0.006565658209799263
3,UPFC_tsh,5-15,-0.23991346910294914,10,-0.24500253922089116,MAP_SCADA,61,0.005089070117942018
4,UPFC_Vse,5-15,0.06350055111044295,10,0.06196215457085772,MAP_SCADA,61,0.001538396539585228
5,UPFC_tse,5-15,-2.188397089259698,10,-2.173942749219185,MAP_SCADA,61,0.014454340040512825
0,x_tcsc,1-14,-0.10309787691363395,11,-0.09777329508591238,MAP_SCADA,61,0.005324581827721567
1,B_svc,2,0.17229032263195573,11,0.16828454278680455,MAP_SCADA,61,0.004005779845151186
2,UPFC_Vsh,5-15,1.106829264025858,11,1.1144410382484837,MAP_SCADA,61,0.007611774222625822
3,UPFC_tsh,5-15,-0.23956457706822262,11,-0.24500253922089116,MAP_SCADA,61,0.005437962152668535
4,UPFC_Vse,5-15,0.06366462202276205,11,0.06196215457085772,MAP_SCADA,61,0.0017024674519043256
5,UPFC_tse,5-15,-2.1891986298807464,11,-2.173942749219185,MAP_SCADA,61,0.01525588066156125
0,x_tcsc,1-14,-0.10463812009775422,12,-0.09777329508591238,MAP_SCADA,61,0.006864825011841838
1,B_svc,2,0.16853615682973003,12,0.16828454278680455,MAP_SCADA,61,0.00025161404292547984
2,UPFC_Vsh,5-15,1.1081083885543885,12,1.1144410382484837,MAP_SCADA,61,0.006332649694095194
3,UPFC_tsh,5-15,-0.23874039951966272,12,-0.24500253922089116,MAP_SCADA,61,0.006262139701228436
4,UPFC_Vse,5-15,0.06357887848112859,12,0.06196215457085772,MAP_SCADA,61,0.001616723910270866
5,UPFC_tse,5-15,-2.1899085293440548,12,-2.173942749219185,MAP_SCADA,61,0.0159657801248696
0,x_tcsc,1-14,-0.10326192676854636,13,-0.09777329508591238,MAP_SCADA,61,0.005488631682633971
1,B_svc,2,0.17236389006577532,13,0.16828454278680455,MAP_SCADA,61,0.004079347278970774
2,UPFC_Vsh,5-15,1.10698736772081,13,1.1144410382484837,MAP_SCADA,61,0.007453670527673761
3,UPFC_tsh,5-15,-0.23976528062347388,13,-0.24500253922089116,MAP_SCADA,61,0.005237258597417277
4,UPFC_Vse,5-15,0.06249443149756003,13,0.06196215457085772,MAP_SCADA,61,0.0005322769267023103
5,UPFC_tse,5-15,-2.196371164920003,13,-2.173942749219185,MAP_SCADA,61,0.022428415700817883
0,x_tcsc,1-14,-0.1030504484184106,14,-0.09777329508591238,MAP_SCADA,61,0.005277153332498216
1,B_svc,2,0.16997033053296642,14,0.16828454278680455,MAP_SCADA,61,0.0016857877461618764
2,UPFC_Vsh,5-15,1.1110829106317943,14,1.1144410382484837,MAP_SCADA,61,0.0033581276166894103
3,UPFC_tsh,5-15,-0.2378859124752215,14,-0.24500253922089116,MAP_SCADA,61,0.007116626745669652
4,UPFC_Vse,5-15,0.0626573943935469,14,0.06196215457085772,MAP_SCADA,61,0.000695239822689174
5,UPFC_tse,5-15,-2.193799530913218,14,-2.173942749219185,MAP_SCADA,61,0.019856781694032932
0,x_tcsc,1-14,-0.10309694119605492,15,-0.09777329508591238,MAP_SCADA,61,0.005323646110142535
1,B_svc,2,0.16693486271337285,15,0.16828454278680455,MAP_SCADA,61,0.0013496800734316972
2,UPFC_Vsh,5-15,1.112102866085488,15,1.1144410382484837,MAP_SCADA,61,0.0023381721629958108
3,UPFC_tsh,5-15,-0.2382997699364943,15,-0.24500253922089116,MAP_SCADA,61,0.0067027692843968645
4,UPFC_Vse,5-15,0.06256983739626225,15,0.06196215457085772,MAP_SCADA,61,0.0006076828254045277
5,UPFC_tse,5-15,-2.1883812738215953,15,-2.173942749219185,MAP_SCADA,61,0.01443852460241013
0,x_tcsc,1-14,-0.10217489660297842,16,-0.09777329508591238,MAP_SCADA,61,0.004401601517066034
1,B_svc,2,0.17394135187656679,16,0.16828454278680455,MAP_SCADA,61,0.005656809089762238
2,UPFC_Vsh,5-15,1.107960262070741,16,1.1144410382484837,MAP_SCADA,61,0.006480776177742786
3,UPFC_tsh,5-15,-0.239206249885445,16,-0.24500253922089116,MAP_SCADA,61,0.005796289335446153
4,UPFC_Vse,5-15,0.06271712989685814,16,0.06196215457085772,MAP_SCADA,61,0.0007549753260004191
5,UPFC_tse,5-15,-2.1939130467822623,16,-2.173942749219185,MAP_SCADA,61,0.01997029756307711
0,x_tcsc,1-14,-0.10454469730310308,17,-0.09777329508591238,MAP_SCADA,61,0.006771402217190692
1,B_svc,2,0.16712461844377577,17,0.16828454278680455,MAP_SCADA,61,0.0011599243430287787
2,UPFC_Vsh,5-15,1.109370895589937,17,1.1144410382484837,MAP_SCADA,61,0.005070142658546661
3,UPFC_tsh,5-15,-0.23753669429202756,17,-0.24500253922089116,MAP_SCADA,61,0.007465844928863596
4,UPFC_Vse,5-15,0.06325825102421366,17,0.06196215457085772,MAP_SCADA,61,0.0012960964533559396
5,UPFC_tse,5-15,-2.186313396630077,17,-2.173942749219185,MAP_SCADA,61,0.012370647410891777
0,x_tcsc,1-14,-0.10112964944926826,18,-0.09777329508591238,MAP_SCADA,61,0.003356354363355879
1,B_svc,2,0.17737976177681442,18,0.16828454278680455,MAP_SCADA,61,0.009095218990009868
2,UPFC_Vsh,5-15,1.109702083507929,18,1.1144410382484837,MAP_SCADA,61,0.004738954740554746
3,UPFC_tsh,5-15,-0.23936642374053496,18,-0.24500253922089116,MAP_SCADA,61,0.005636115480356196
4,UPFC_Vse,5-15,0.06363139956315816,18,0.06196215457085772,MAP_SCADA,61,0.0016692449923004435
5,UPFC_tse,5-15,-2.1903458498537542,18,-2.173942749219185,MAP_SCADA,61,0.016403100634569068
0,x_tcsc,1-14,-0.10321435202359344,19,-0.09777329508591238,MAP_SCADA,61,0.0054410569376810575
1,B_svc,2,0.16810748723890664,19,0.16828454278680455,MAP_SCADA,61,0.000177055547897903
2,UPFC_Vsh,5-15,1.1100965594026282,19,1.1144410382484837,MAP_SCADA,61,0.004344478845855537
3,UPFC_tsh,5-15,-0.23852179981642677,19,-0.24500253922089116,MAP_SCADA,61,0.006480739404464392
4,UPFC_Vse,5-15,0.0625930905180296,19,0.06196215457085772,MAP_SCADA,61,0.0006309359471718748
5,UPFC_tse,5-15,-2.188351087150795,19,-2.173942749219185,MAP_SCADA,61,0.014408337931609783
0,x_tcsc,1-14,-0.10354343396284567,20,-0.09777329508591238,MAP_SCADA,61,0.005770138876933284
1,B_svc,2,0.16703463626958456,20,0.16828454278680455,MAP_SCADA,61,0.0012499065172199841
2,UPFC_Vsh,5-15,1.1098341526661635,20,1.1144410382484837,MAP_SCADA,61,0.004606885582320253
3,UPFC_tsh,5-15,-0.23788774543338145,20,-0.24500253922089116,MAP_SCADA,61,0.0071147937875097045
4,UPFC_Vse,5-15,0.06243570092208961,20,0.06196215457085772,MAP_SCADA,61,0.0004735463512318891
5,UPFC_tse,5-15,-2.191014469814827,20,-2.173942749219185,MAP_SCADA,61,0.01707172059564188
0,x_tcsc,1-14,-0.10344129310754582,21,-0.09777329508591238,MAP_SCADA,61,0.005667998021633439
1,B_svc,2,0.1708677144969117,21,0.16828454278680455,MAP_SCADA,61,0.0025831717101071627
2,UPFC_Vsh,5-15,1.1077101992879548,21,1.1144410382484837,MAP_SCADA,61,0.006730838960528951
3,UPFC_tsh,5-15,-0.23998780930740443,21,-0.24500253922089116,MAP_SCADA,61,0.005014729913486726
4,UPFC_Vse,5-15,0.06297038816134898,21,0.06196215457085772,MAP_SCADA,61,0.0010082335904912573
5,UPFC_tse,5-15,-2.1940017442066315,21,-2.173942749219185,MAP_SCADA,61,0.020058994987446344
0,x_tcsc,1-14,-0.10200268563517126,22,-0.09777329508591238,MAP_SCADA,61,0.004229390549258874
1,B_svc,2,0.17089704393936794,22,0.16828454278680455,MAP_SCADA,61,0.0026125011525633957
2,UPFC_Vsh,5-15,1.11057128340465,22,1.1144410382484837,MAP_SCADA,61,0.0038697548438337837
3,UPFC_tsh,5-15,-0.2383999901081647,22,-0.24500253922089116,MAP_SCADA,61,0.006602549112726452
4,UPFC_Vse,5-15,0.06284333278504248,22,0.06196215457085772,MAP_SCADA,61,0.0008811782141847566
5,UPFC_tse,5-15,-2.189614887509789,22,-2.173942749219185,MAP_SCADA,61,0.015672138290603765
0,x_tcsc,1-14,-0.10414257550582919,23,-0.09777329508591238,MAP_SCADA,61,0.006369280419916801
1,B_svc,2,0.17302275696693312,23,0.16828454278680455,MAP_SCADA,61,0.004738214180128569
2,UPFC_Vsh,5-15,1.1062099902680418,23,1.1144410382484837,MAP_SCADA,61,0.008231047980441941
3,UPFC_tsh,5-15,-0.23899992877224516,23,-0.24500253922089116,MAP_SCADA,61,0.006002610448646001
4,UPFC_Vse,5-15,0.06331203494101198,23,0.06196215457085772,MAP_SCADA,61,0.0013498803701542592
5,UPFC_tse,5-15,-2.193611288444514,23,-2.173942749219185,MAP_SCADA,61,0.01966853922532863
0,x_tcsc,1-14,-0.10255669398750906,24,-0.09777329508591238,MAP_SCADA,61,0.0047833989015966805
1,B_svc,2,0.17527665408020493,24,0.16828454278680455,MAP_SCADA,61,0.006992111293400383
2,UPFC_Vsh,5-15,1.110444416352426,24,1.1144410382484837,MAP_SCADA,61,0.0039966218960576505
3,UPFC_tsh,5-15,-0.23838245129865002,24,-0.24500253922089116,MAP_SCADA,61,0.006620087922241141
4,UPFC_Vse,5-15,0.06343171498679508,24,0.06196215457085772,MAP_SCADA,61,0.0014695604159373557
5,UPFC_tse,5-15,-2.1934702341448933,24,-2.173942749219185,MAP_SCADA,61,0.019527484925708105
0,x_tcsc,1-14,-0.10349904714129522,25,-0.09777329508591238,MAP_SCADA,61,0.005725752055382838
1,B_svc,2,0.16860677052613007,25,0.16828454278680455,MAP_SCADA,61,0.00032222773932552573
2,UPFC_Vsh,5-15,1.1085206473749372,25,1.1144410382484837,MAP_SCADA,61,0.005920390873546566
3,UPFC_tsh,5-15,-0.2385443264307013,25,-0.24500253922089116,MAP_SCADA,61,0.006458212790189849
4,UPFC_Vse,5-15,0.06318141056723417,25,0.06196215457085772,MAP_SCADA,61,0.001219255996376449
5,UPFC_tse,5-15,-2.193211743897714,25,-2.173942749219185,MAP_SCADA,61,0.019268994678528717
0,x_tcsc,1-14,-0.10344888642509803,26,-0.09777329508591238,MAP_SCADA,61,0.0056755913391856455
1,B_svc,2,0.1684348338944659,26,0.16828454278680455,MAP_SCADA,61,0.0001502911076613489
2,UPFC_Vsh,5-15,1.1093544542233646,26,1.1144410382484837,MAP_SCADA,61,0.005086584025119079
3,UPFC_tsh,5-15,-0.23870731257150962,26,-0.24500253922089116,MAP_SCADA,61,0.006295226649381536
4,UPFC_Vse,5-15,0.06272919858083496,26,0.06196215457085772,MAP_SCADA,61,0.0007670440099772427
5,UPFC_tse,5-15,-2.1892722360416754,26,-2.173942749219185,MAP_SCADA,61,0.015329486822490246
0,x_tcsc,1-14,-0.10324303032860659,27,-0.09777329508591238,MAP_SCADA,61,0.005469735242694201
1,B_svc,2,0.16582498944584045,27,0.16828454278680455,MAP_SCADA,61,0.0024595533409640935
2,UPFC_Vsh,5-15,1.1092917412852477,27,1.1144410382484837,MAP_SCADA,61,0.005149296963236072
3,UPFC_tsh,5-15,-0.23786009562888574,27,-0.24500253922089116,MAP_SCADA,61,0.007142443592005415
4,UPFC_Vse,5-15,0.06271511041328849,27,0.06196215457085772,MAP_SCADA,61,0.0007529558424307706
5,UPFC_tse,5-15,-2.1924914175363153,27,-2.173942749219185,MAP_SCADA,61,0.01854866831713009
0,x_tcsc,1-14,-0.10135196066548283,28,-0.09777329508591238,MAP_SCADA,61,0.003578665579570442
1,B_svc,2,0.17761057228239494,28,0.16828454278680455,MAP_SCADA,61,0.009326029495590388
2,UPFC_Vsh,5-15,1.1083718755136782,28,1.1144410382484837,MAP_SCADA,61,0.006069162734805511
3,UPFC_tsh,5-15,-0.2395613443581504,28,-0.24500253922089116,MAP_SCADA,61,0.00544119486274075
4,UPFC_Vse,5-15,0.06346267764598927,28,0.06196215457085772,MAP_SCADA,61,0.0015005230751315504
5,UPFC_tse,5-15,-2.1903041390921896,28,-2.173942749219185,MAP_SCADA,61,0.016361389873004395
0,x_tcsc,1-14,-0.10515150213842957,29,-0.09777329508591238,MAP_SCADA,61,0.007378207052517183
1,B_svc,2,0.16766234531155627,29,0.16828454278680455,MAP_SCADA,61,0.0006221974752482762
2,UPFC_Vsh,5-15,1.1095725542927521,29,1.1144410382484837,MAP_SCADA,61,0.004868483955731584
3,UPFC_tsh,5-15,-0.23785749907874235,29,-0.24500253922089116,MAP_SCADA,61,0.007145040142148812
4,UPFC_Vse,5-15,0.06285327963871028,29,0.06196215457085772,MAP_SCADA,61,0.0008911250678525565
5,UPFC_tse,5-15,-2.1945382243971,29,-2.173942749219185,MAP_SCADA,61,0.020595475177914935
0,x_tcsc,1-14,-0.10214521014739744,30,-0.09777329508591238,MAP_SCADA,61,0.004371915061485057
1,B_svc,2,0.1733947782625552,30,0.16828454278680455,MAP_SCADA,61,0.005110235475750652
2,UPFC_Vsh,5-15,1.108749731528518,30,1.1144410382484837,MAP_SCADA,61,0.005691306719965761
3,UPFC_tsh,5-15,-0.24003817420459694,30,-0.24500253922089116,MAP_SCADA,61,0.004964365016294214
4,UPFC_Vse,5-15,0.06354332981972415,30,0.06196215457085772,MAP_SCADA,61,0.0015811752488664246
5,UPFC_tse,5-15,-2.1899562565815236,30,-2.173942749219185,MAP_SCADA,61,0.01601350736233842
0,x_tcsc,1-14,-0.10186895497271833,31,-0.09777329508591238,MAP_SCADA,61,0.00409565988680595
1,B_svc,2,0.1731001895027111,31,0.16828454278680455,MAP_SCADA,61,0.004815646715906563
2,UPFC_Vsh,5-15,1.1089604871881096,31,1.1144410382484837,MAP_SCADA,61,0.00548055106037415
3,UPFC_tsh,5-15,-0.2393106658119316,31,-0.24500253922089116,MAP_SCADA,61,0.005691873408959547
4,UPFC_Vse,5-15,0.06361662209310572,31,0.06196215457085772,MAP_SCADA,61,0.0016544675222479946
5,UPFC_tse,5-15,-2.1910202663171208,31,-2.173942749219185,MAP_SCADA,61,0.01707751709793559
0,x_tcsc,1-14,-0.10199155700575223,32,-0.09777329508591238,MAP_SCADA,61,0.004218261919839844
1,B_svc,2,0.17562280153400014,32,0.16828454278680455,MAP_SCADA,61,0.007338258747195597
2,UPFC_Vsh,5-15,1.1083810877935076,32,1.1144410382484837,MAP_SCADA,61,0.006059950454976093
3,UPFC_tsh,5-15,-0.23893318807281042,32,-0.24500253922089116,MAP_SCADA,61,0.006069351148080743
4,UPFC_Vse,5-15,0.06267661663381953,32,0.06196215457085772,MAP_SCADA,61,0.0007144620629618084
5,UPFC_tse,5-15,-2.1933767411492218,32,-2.173942749219185,MAP_SCADA,61,0.019433991930036587
0,x_tcsc,1-14,-0.10341776982429712,33,-0.09777329508591238,MAP_SCADA,61,0.005644474738384739
1,B_svc,2,0.1685857185347648,33,0.16828454278680455,MAP_SCADA,61,0.0003011757479602639
2,UPFC_Vsh,5-15,1.1090690511856047,33,1.1144410382484837,MAP_SCADA,61,0.005371987062879002
3,UPFC_tsh,5-15,-0.23823230252929914,33,-0.24500253922089116,MAP_SCADA,61,0.006770236691592019
4,UPFC_Vse,5-15,0.06321292719959012,33,0.06196215457085772,MAP_SCADA,61,0.0012507726287324036
5,UPFC_tse,5-15,-2.190809317373603,33,-2.173942749219185,MAP_SCADA,61,0.016866568154418005
0,x_tcsc,1-14,-0.10303751160140999,34,-0.09777329508591238,MAP_SCADA,61,0.005264216515497605
1,B_svc,2,0.1683284671853949,34,0.16828454278680455,MAP_SCADA,61,4.3924398590355906e-05
2,UPFC_Vsh,5-15,1.109998361341998,34,1.1144410382484837,MAP_SCADA,61,0.00444267690648581
3,UPFC_tsh,5-15,-0.2380691737984707,34,-0.24500253922089116,MAP_SCADA,61,0.006933365422420457
4,UPFC_Vse,5-15,0.0635342444626378,34,0.06196215457085772,MAP_SCADA,61,0.001572089891780086
5,UPFC_tse,5-15,-2.1878828879669565,34,-2.173942749219185,MAP_SCADA,61,0.013940138747771336
0,x_tcsc,1-14,-0.10297982083834885,35,-0.09777329508591238,MAP_SCADA,61,0.005206525752436464
1,B_svc,2,0.17046754832647434,35,0.16828454278680455,MAP_SCADA,61,0.0021830055396697967
2,UPFC_Vsh,5-15,1.1112794492291262,35,1.1144410382484837,MAP_SCADA,61,0.0031615890193574803
3,UPFC_tsh,5-15,-0.2385383032127797,35,-0.24500253922089116,MAP_SCADA,61,0.006464236008111468
4,UPFC_Vse,5-15,0.06367108062868834,35,0.06196215457085772,MAP_SCADA,61,0.0017089260578306217
5,UPFC_tse,5-15,-2.188473680620623,35,-2.173942749219185,MAP_SCADA,61,0.014530931401437908
0,x_tcsc,1-14,-0.1037433704569016,36,-0.09777329508591238,MAP_SCADA,61,0.005970075370989217
1,B_svc,2,0.17020265351511055,36,0.16828454278680455,MAP_SCADA,61,0.0019181107283059995
2,UPFC_Vsh,5-15,1.1084573576990415,36,1.1144410382484837,MAP_SCADA,61,0.005983680549442205
3,UPFC_tsh,5-15,-0.2387082284511852,36,-0.24500253922089116,MAP_SCADA,61,0.006294310769705963
4,UPFC_Vse,5-15,0.06266177121649627,36,0.06196215457085772,MAP_SCADA,61,0.0006996166456385497
5,UPFC_tse,5-15,-2.192234184921244,36,-2.173942749219185,MAP_SCADA,61,0.018291435702058934
0,x_tcsc,1-14,-0.10331206912751367,37,-0.09777329508591238,MAP_SCADA,61,0.005538774041601288
1,B_svc,2,0.16983444814242962,37,0.16828454278680455,MAP_SCADA,61,0.0015499053556250753
2,UPFC_Vsh,5-15,1.1093899644083485,37,1.1144410382484837,MAP_SCADA,61,0.005051073840135256
3,UPFC_tsh,5-15,-0.23805948198578433,37,-0.24500253922089116,MAP_SCADA,61,0.006943057235106825
4,UPFC_Vse,5-15,0.06260338273141129,37,0.06196215457085772,MAP_SCADA,61,0.0006412281605535711
5,UPFC_tse,5-15,-2.194394240818059,37,-2.173942749219185,MAP_SCADA,61,0.020451491598873606
0,x_tcsc,1-14,-0.10491436820607243,38,-0.09777329508591238,MAP_SCADA,61,0.007141073120160046
1,B_svc,2,0.1672180740223852,38,0.16828454278680455,MAP_SCADA,61,0.0010664687644193482
2,UPFC_Vsh,5-15,1.1095823920842456,38,1.1144410382484837,MAP_SCADA,61,0.004858646164238145
3,UPFC_tsh,5-15,-0.23796712750088744,38,-0.24500253922089116,MAP_SCADA,61,0.007035411720003715
4,UPFC_Vse,5-15,0.06283312149927725,38,0.06196215457085772,MAP_SCADA,61,0.0008709669284195296
5,UPFC_tse,5-15,-2.18825981095042,38,-2.173942749219185,MAP_SCADA,61,0.014317061731234926
0,x_tcsc,1-14,-0.10472404013278803,39,-0.09777329508591238,MAP_SCADA,61,0.00695074504687565
1,B_svc,2,0.17177177941619282,39,0.16828454278680455,MAP_SCADA,61,0.0034872366293882684
2,UPFC_Vsh,5-15,1.106130884386145,39,1.1144410382484837,MAP_SCADA,61,0.008310153862338687
3,UPFC_tsh,5-15,-0.239162445516109,39,-0.24500253922089116,MAP_SCADA,61,0.005840093704782168
4,UPFC_Vse,5-15,0.06329622775397507,39,0.06196215457085772,MAP_SCADA,61,0.0013340731831173527
5,UPFC_tse,5-15,-2.187460536285187,39,-2.173942749219185,MAP_SCADA,61,0.01351778706600193
0,x_tcsc,1-14,-0.10328701279564349,40,-0.09777329508591238,MAP_SCADA,61,0.0055137177097311085
1,B_svc,2,0.1697864442432162,40,0.16828454278680455,MAP_SCADA,61,0.0015019014564116584
2,UPFC_Vsh,5-15,1.1091570589281596,40,1.1144410382484837,MAP_SCADA,61,0.005283979320324095
3,UPFC_tsh,5-15,-0.23841077906827327,40,-0.24500253922089116,MAP_SCADA,61,0.006591760152617893
4,UPFC_Vse,5-15,0.06335807687554586,40,0.06196215457085772,MAP_SCADA,61,0.0013959223046881367
5,UPFC_tse,5-15,-2.188321530167082,40,-2.173942749219185,MAP_SCADA,61,0.014378780947896797
0,x_tcsc,1-14,-0.10415308358070655,41,-0.09777329508591238,MAP_SCADA,61,0.006379788494794161
1,B_svc,2,0.1659516229371476,41,0.16828454278680455,MAP_SCADA,61,0.0023329198496569448
2,UPFC_Vsh,5-15,1.1088618181516254,41,1.1144410382484837,MAP_SCADA,61,0.005579220096858295
3,UPFC_tsh,5-15,-0.23803785406369915,41,-0.24500253922089116,MAP_SCADA,61,0.006964685157192008
4,UPFC_Vse,5-15,0.06317922460371121,41,0.06196215457085772,MAP_SCADA,61,0.0012170700328534914
5,UPFC_tse,5-15,-2.192117927145841,41,-2.173942749219185,MAP_SCADA,61,0.018175177926655905
0,x_tcsc,1-14,-0.10282328972764497,42,-0.09777329508591238,MAP_SCADA,61,0.005049994641732586
1,B_svc,2,0.1721197597634059,42,0.16828454278680455,MAP_SCADA,61,0.0038352169766013577
2,UPFC_Vsh,5-15,1.1081902020497665,42,1.1144410382484837,MAP_SCADA,61,0.006250836198717247
3,UPFC_tsh,5-15,-0.23900538395228121,42,-0.24500253922089116,MAP_SCADA,61,0.005997155268609944
4,UPFC_Vse,5-15,0.06283176345199303,42,0.06196215457085772,MAP_SCADA,61,0.0008696088811353045
5,UPFC_tse,5-15,-2.1893873032588393,42,-2.173942749219185,MAP_SCADA,61,0.015444554039654168
0,x_tcsc,1-14,-0.10303424453802462,43,-0.09777329508591238,MAP_SCADA,61,0.005260949452112237
1,B_svc,2,0.17311051925916063,43,0.16828454278680455,MAP_SCADA,61,0.0048259764723560805
2,UPFC_Vsh,5-15,1.107982607035665,43,1.1144410382484837,MAP_SCADA,61,0.006458431212818638
3,UPFC_tsh,5-15,-0.23927261561656687,43,-0.24500253922089116,MAP_SCADA,61,0.005729923604324283
4,UPFC_Vse,5-15,0.06356982541230466,43,0.06196215457085772,MAP_SCADA,61,0.0016076708414469384
5,UPFC_tse,5-15,-2.1951217682769553,43,-2.173942749219185,MAP_SCADA,61,0.021179019057770088
0,x_tcsc,1-14,-0.1027973561626272,44,-0.09777329508591238,MAP_SCADA,61,0.005024061076714811
1,B_svc,2,0.1681348089727287,44,0.16828454278680455,MAP_SCADA,61,0.00014973381407584752
2,UPFC_Vsh,5-15,1.109787300168,44,1.1144410382484837,MAP_SCADA,61,0.004653738080483638
3,UPFC_tsh,5-15,-0.23831165948836602,44,-0.24500253922089116,MAP_SCADA,61,0.006690879732525135
4,UPFC_Vse,5-15,0.06368281985756345,44,0.06196215457085772,MAP_SCADA,61,0.0017206652867057318
5,UPFC_tse,5-15,-2.1854876578376725,44,-2.173942749219185,MAP_SCADA,61,0.011544908618487337
0,x_tcsc,1-14,-0.10221996947708181,45,-0.09777329508591238,MAP_SCADA,61,0.004446674391169428
1,B_svc,2,0.1768898387398685,45,0.16828454278680455,MAP_SCADA,61,0.008605295953063946
2,UPFC_Vsh,5-15,1.1095156345355885,45,1.1144410382484837,MAP_SCADA,61,0.004925403712895182
3,UPFC_tsh,5-15,-0.2389523502653847,45,-0.24500253922089116,MAP_SCADA,61,0.006050188955506464
4,UPFC_Vse,5-15,0.06318314771751779,45,0.06196215457085772,MAP_SCADA,61,0.0012209931466600696
5,UPFC_tse,5-15,-2.193731744557763,45,-2.173942749219185,MAP_SCADA,61,0.01978899533857792
0,x_tcsc,1-14,-0.10209110133794598,46,-0.09777329508591238,MAP_SCADA,61,0.004317806252033596
1,B_svc,2,0.1749895939957132,46,0.16828454278680455,MAP_SCADA,61,0.006705051208908658
2,UPFC_Vsh,5-15,1.1075689036025793,46,1.1144410382484837,MAP_SCADA,61,0.006872134645904415
3,UPFC_tsh,5-15,-0.2405839698596442,46,-0.24500253922089116,MAP_SCADA,61,0.00441856936124696
4,UPFC_Vse,5-15,0.06325877581511731,46,0.06196215457085772,MAP_SCADA,61,0.0012966212442595895
5,UPFC_tse,5-15,-2.1915658662244795,46,-2.173942749219185,MAP_SCADA,61,0.017623117005294286
0,x_tcsc,1-14,-0.10430424526697522,47,-0.09777329508591238,MAP_SCADA,61,0.006530950181062839
1,B_svc,2,0.16657044584038416,47,0.16828454278680455,MAP_SCADA,61,0.0017140969464203848
2,UPFC_Vsh,5-15,1.1089944570086598,47,1.1144410382484837,MAP_SCADA,61,0.005446581239823889
3,UPFC_tsh,5-15,-0.23755332848839128,47,-0.24500253922089116,MAP_SCADA,61,0.007449210732499878
4,UPFC_Vse,5-15,0.06325285378388841,47,0.06196215457085772,MAP_SCADA,61,0.0012906992130306896
5,UPFC_tse,5-15,-2.1926651756040454,47,-2.173942749219185,MAP_SCADA,61,0.018722426384860213
0,x_tcsc,1-14,-0.10467341988269523,48,-0.09777329508591238,MAP_SCADA,61,0.006900124796782842
1,B_svc,2,0.16631328053467387,48,0.16828454278680455,MAP_SCADA,61,0.001971262252130679
2,UPFC_Vsh,5-15,1.109765910581846,48,1.1144410382484837,MAP_SCADA,61,0.004675127666637691
3,UPFC_tsh,5-15,-0.23718168953869978,48,-0.24500253922089116,MAP_SCADA,61,0.007820849682191378
4,UPFC_Vse,5-15,0.06257817548573592,48,0.06196215457085772,MAP_SCADA,61,0.0006160209148782028
5,UPFC_tse,5-15,-2.189149825874566,48,-2.173942749219185,MAP_SCADA,61,0.015207076655380902
0,x_tcsc,1-14,-0.10036649413923276,49,-0.09777329508591238,MAP_SCADA,61,0.0025931990533203803
1,B_svc,2,0.1848686799141463,49,0.16828454278680455,MAP_SCADA,61,0.016584137127341747
2,UPFC_Vsh,5-15,1.1056475662275105,49,1.1144410382484837,MAP_SCADA,61,0.008793472020973248
3,UPFC_tsh,5-15,-0.2414821266404511,49,-0.24500253922089116,MAP_SCADA,61,0.0035204125804400577
4,UPFC_Vse,5-15,0.0630950463263788,49,0.06196215457085772,MAP_SCADA,61,0.0011328917555210802
5,UPFC_tse,5-15,-2.1950301431956265,49,-2.173942749219185,MAP_SCADA,61,0.021087393976441327
0,x_tcsc,1-14,-0.10197953963546616,50,-0.09777329508591238,MAP_SCADA,61,0.004206244549553775
1,B_svc,2,0.1736852085055039,50,0.16828454278680455,MAP_SCADA,61,0.005400665718699349
2,UPFC_Vsh,5-15,1.1100116771882211,50,1.1144410382484837,MAP_SCADA,61,0.004429361060262593
3,UPFC_tsh,5-15,-0.2387841569748617,50,-0.24500253922089116,MAP_SCADA,61,0.006218382246029469
4,UPFC_Vse,5-15,0.06333349762164837,50,0.06196215457085772,MAP_SCADA,61,0.0013713430507906535
5,UPFC_tse,5-15,-2.18884697758656,50,-2.173942749219185,MAP_SCADA,61,0.014904228367374817
0,x_tcsc,1-14,-0.10287200005996062,51,-0.09777329508591238,MAP_SCADA,61,0.00509870497404824
1,B_svc,2,0.17435630556991935,51,0.16828454278680455,MAP_SCADA,61,0.0060717627831148036
2,UPFC_Vsh,5-15,1.1083789801853865,51,1.1144410382484837,MAP_SCADA,61,0.006062058063097231
3,UPFC_tsh,5-15,-0.23954156229505957,51,-0.24500253922089116,MAP_SCADA,61,0.005460976925831584
4,UPFC_Vse,5-15,0.0634631446920625,51,0.06196215457085772,MAP_SCADA,61,0.001500990121204783
5,UPFC_tse,5-15,-2.193128263603617,51,-2.173942749219185,MAP_SCADA,61,0.019185514384431723
0,x_tcsc,1-14,-0.10324332919686505,52,-0.09777329508591238,MAP_SCADA,61,0.005470034110952662
1,B_svc,2,0.1696109973659828,52,0.16828454278680455,MAP_SCADA,61,0.0013264545791782656
2,UPFC_Vsh,5-15,1.111682729996886,52,1.1144410382484837,MAP_SCADA,61,0.0027583082515976187
3,UPFC_tsh,5-15,-0.2380664599567824,52,-0.24500253922089116,MAP_SCADA,61,0.0069360792641087465
4,UPFC_Vse,5-15,0.0636095662815725,52,0.06196215457085772,MAP_SCADA,61,0.0016474117107147732
5,UPFC_tse,5-15,-2.190966086526349,52,-2.173942749219185,MAP_SCADA,61,0.017023337307163988
0,x_tcsc,1-14,-0.10136893818338043,53,-0.09777329508591238,MAP_SCADA,61,0.003595643097468043
1,B_svc,2,0.1763356233567943,53,0.16828454278680455,MAP_SCADA,61,0.008051080569989766
2,UPFC_Vsh,5-15,1.1071755978151345,53,1.1144410382484837,MAP_SCADA,61,0.007265440433349202
3,UPFC_tsh,5-15,-0.24045414133719084,53,-0.24500253922089116,MAP_SCADA,61,0.004548397883700317
4,UPFC_Vse,5-15,0.06363480196190133,53,0.06196215457085772,MAP_SCADA,61,0.0016726473910436065
5,UPFC_tse,5-15,-2.1940031377680684,53,-2.173942749219185,MAP_SCADA,61,0.020060388548883257
0,x_tcsc,1-14,-0.10324843381027872,54,-0.09777329508591238,MAP_SCADA,61,0.005475138724366335
1,B_svc,2,0.17285646172672728,54,0.16828454278680455,MAP_SCADA,61,0.004571918939922731
2,UPFC_Vsh,5-15,1.1064658011062947,54,1.1144410382484837,MAP_SCADA,61,0.007975237142189062
3,UPFC_tsh,5-15,-0.24019351975165645,54,-0.24500253922089116,MAP_SCADA,61,0.004809019469234704
4,UPFC_Vse,5-15,0.0631805362478855,54,0.06196215457085772,MAP_SCADA,61,0.0012183816770277786
5,UPFC_tse,5-15,-2.1928662900195057,54,-2.173942749219185,MAP_SCADA,61,0.01892354080032055
0,x_tcsc,1-14,-0.1019788974557904,55,-0.09777329508591238,MAP_SCADA,61,0.00420560236987802
1,B_svc,2,0.1762892680006951,55,0.16828454278680455,MAP_SCADA,61,0.008004725213890562
2,UPFC_Vsh,5-15,1.1068642261414183,55,1.1144410382484837,MAP_SCADA,61,0.0075768121070654
3,UPFC_tsh,5-15,-0.2403625187434593,55,-0.24500253922089116,MAP_SCADA,61,0.0046400204774318665
4,UPFC_Vse,5-15,0.06392525493854063,55,0.06196215457085772,MAP_SCADA,61,0.0019631003676829142
5,UPFC_tse,5-15,-2.1962706712338904,55,-2.173942749219185,MAP_SCADA,61,0.022327922014705237
0,x_tcsc,1-14,-0.10527974321233675,56,-0.09777329508591238,MAP_SCADA,61,0.00750644812642437
1,B_svc,2,0.167632286351566,56,0.16828454278680455,MAP_SCADA,61,0.0006522564352385574
2,UPFC_Vsh,5-15,1.1086875892260313,56,1.1144410382484837,MAP_SCADA,61,0.00575344902245245
3,UPFC_tsh,5-15,-0.23816006534123574,56,-0.24500253922089116,MAP_SCADA,61,0.00684247387965542
4,UPFC_Vse,5-15,0.06254446606212997,56,0.06196215457085772,MAP_SCADA,61,0.0005823114912722541
5,UPFC_tse,5-15,-2.1879062130788323,56,-2.173942749219185,MAP_SCADA,61,0.013963463859647085
0,x_tcsc,1-14,-0.10179695860865144,57,-0.09777329508591238,MAP_SCADA,61,0.004023663522739057
1,B_svc,2,0.17922775758191414,57,0.16828454278680455,MAP_SCADA,61,0.010943214795109596
2,UPFC_Vsh,5-15,1.1053913401140298,57,1.1144410382484837,MAP_SCADA,61,0.009049698134453887
3,UPFC_tsh,5-15,-0.24078070444873179,57,-0.24500253922089116,MAP_SCADA,61,0.004221834772159372
4,UPFC_Vse,5-15,0.0628623967199648,57,0.06196215457085772,MAP_SCADA,61,0.0009002421491070764
5,UPFC_tse,5-15,-2.19228846799818,57,-2.173942749219185,MAP_SCADA,61,0.018345718778994602
0,x_tcsc,1-14,-0.10438407717916225,58,-0.09777329508591238,MAP_SCADA,61,0.006610782093249862
1,B_svc,2,0.1710229922972262,58,0.16828454278680455,MAP_SCADA,61,0.0027384495104216533
2,UPFC_Vsh,5-15,1.1084581412862453,58,1.1144410382484837,MAP_SCADA,61,0.005982896962238415
3,UPFC_tsh,5-15,-0.23826230188521025,58,-0.24500253922089116,MAP_SCADA,61,0.00674023733568091
4,UPFC_Vse,5-15,0.06312944551932835,58,0.06196215457085772,MAP_SCADA,61,0.0011672909484706298
5,UPFC_tse,5-15,-2.1876418894390635,58,-2.173942749219185,MAP_SCADA,61,0.01369914021987828
0,x_tcsc,1-14,-0.10383418172265896,59,-0.09777329508591238,MAP_SCADA,61,0.006060886636746574
1,B_svc,2,0.17312892218344747,59,0.16828454278680455,MAP_SCADA,61,0.004844379396642923
2,UPFC_Vsh,5-15,1.1072547742868786,59,1.1144410382484837,MAP_SCADA,61,0.007186263961605155
3,UPFC_tsh,5-15,-0.23890156901931114,59,-0.24500253922089116,MAP_SCADA,61,0.006100970201580014
4,UPFC_Vse,5-15,0.06299379008888283,59,0.06196215457085772,MAP_SCADA,61,0.001031635518025105
5,UPFC_tse,5-15,-2.1917922454989034,59,-2.173942749219185,MAP_SCADA,61,0.017849496279718213
0,x_tcsc,1-14,-0.10327191665118586,60,-0.09777329508591238,MAP_SCADA,61,0.005498621565273476
1,B_svc,2,0.16996069385126053,60,0.16828454278680455,MAP_SCADA,61,0.001676151064455983
2,UPFC_Vsh,5-15,1.1098518577775867,60,1.1144410382484837,MAP_SCADA,61,0.00458918047089707
3,UPFC_tsh,5-15,-0.23820244736558496,60,-0.24500253922089116,MAP_SCADA,61,0.006800091855306195
4,UPFC_Vse,5-15,0.06292108618224466,60,0.06196215457085772,MAP_SCADA,61,0.0009589316113869442
5,UPFC_tse,5-15,-2.187923879159447,60,-2.173942749219185,MAP_SCADA,61,0.013981129940261905
0,x_tcsc,1-14,-0.10443203071954701,61,-0.09777329508591238,MAP_SCADA,61,0.00665873563363463
1,B_svc,2,0.16903423354943337,61,0.16828454278680455,MAP_SCADA,61,0.0007496907626288185
2,UPFC_Vsh,5-15,1.110202654342042,61,1.1144410382484837,MAP_SCADA,61,0.004238383906441712
3,UPFC_tsh,5-15,-0.23777468793642412,61,-0.24500253922089116,MAP_SCADA,61,0.007227851284467041
4,UPFC_Vse,5-15,0.06314581996839719,61,0.06196215457085772,MAP_SCADA,61,0.001183665397539467
5,UPFC_tse,5-15,-2.1855869768875538,61,-2.173942749219185,MAP_SCADA,61,0.01164422766836859
0,x_tcsc,1-14,-0.1018979327156657,62,-0.09777329508591238,MAP_SCADA,61,0.004124637629753319
1,B_svc,2,0.17427711005926577,62,0.16828454278680455,MAP_SCADA,61,0.0059925672724612244
2,UPFC_Vsh,5-15,1.1095015499881347,62,1.1144410382484837,MAP_SCADA,61,0.0049394882603490675
3,UPFC_tsh,5-15,-0.23957433529079633,62,-0.24500253922089116,MAP_SCADA,61,0.005428203930094827
4,UPFC_Vse,5-15,0.06324467634335171,62,0.06196215457085772,MAP_SCADA,61,0.0012825217724939872
5,UPFC_tse,5-15,-2.194724354980753,62,-2.173942749219185,MAP_SCADA,61,0.020781605761567956
0,x_tcsc,1-14,-0.1047565086025988,63,-0.09777329508591238,MAP_SCADA,61,0.006983213516686418
1,B_svc,2,0.16464257816312167,63,0.16828454278680455,MAP_SCADA,61,0.0036419646236828807
2,UPFC_Vsh,5-15,1.1108932720561624,63,1.1144410382484837,MAP_SCADA,61,0.0035477661923213333
3,UPFC_tsh,5-15,-0.23730546416250609,63,-0.24500253922089116,MAP_SCADA,61,0.007697075058385072
4,UPFC_Vse,5-15,0.06270315531355272,63,0.06196215457085772,MAP_SCADA,61,0.0007410007426950013
5,UPFC_tse,5-15,-2.1891048347645268,63,-2.173942749219185,MAP_SCADA,61,0.015162085545341597
0,x_tcsc,1-14,-0.10149762845702923,64,-0.09777329508591238,MAP_SCADA,61,0.003724333371116842
1,B_svc,2,0.17041915878050962,64,0.16828454278680455,MAP_SCADA,61,0.002134615993705069
2,UPFC_Vsh,5-15,1.1100417205424307,64,1.1144410382484837,MAP_SCADA,61,0.004399317706053063
3,UPFC_tsh,5-15,-0.23829959354425628,64,-0.24500253922089116,MAP_SCADA,61,0.006702945676634875
4,UPFC_Vse,5-15,0.06332037722712637,64,0.06196215457085772,MAP_SCADA,61,0.0013582226562686497
5,UPFC_tse,5-15,-2.1874300265671645,64,-2.173942749219185,MAP_SCADA,61,0.013487277347979276
0,x_tcsc,1-14,-0.1029503968470731,65,-0.09777329508591238,MAP_SCADA,61,0.005177101761160721
1,B_svc,2,0.1727546126568781,65,0.16828454278680455,MAP_SCADA,61,0.004470069870073562
2,UPFC_Vsh,5-15,1.1090411589252558,65,1.1144410382484837,MAP_SCADA,61,0.005399879323227941
3,UPFC_tsh,5-15,-0.2391466538977477,65,-0.24500253922089116,MAP_SCADA,61,0.0058558853231434616
4,UPFC_Vse,5-15,0.06267864255580684,65,0.06196215457085772,MAP_SCADA,61,0.0007164879849491171
5,UPFC_tse,5-15,-2.194609229181598,65,-2.173942749219185,MAP_SCADA,61,0.020666479962412776
0,x_tcsc,1-14,-0.10255764452678089,66,-0.09777329508591238,MAP_SCADA,61,0.004784349440868502
1,B_svc,2,0.17335932811787075,66,0.16828454278680455,MAP_SCADA,61,0.0050747853310662006
2,UPFC_Vsh,5-15,1.1067821196443008,66,1.1144410382484837,MAP_SCADA,61,0.007658918604182885
3,UPFC_tsh,5-15,-0.24009114421968414,66,-0.24500253922089116,MAP_SCADA,61,0.0049113950012070196
4,UPFC_Vse,5-15,0.06383770986129642,66,0.06196215457085772,MAP_SCADA,61,0.001875555290438695
5,UPFC_tse,5-15,-2.189975251551576,66,-2.173942749219185,MAP_SCADA,61,0.01603250233239084
0,x_tcsc,1-14,-0.10257961106253177,67,-0.09777329508591238,MAP_SCADA,61,0.004806315976619388
1,B_svc,2,0.1742425484016374,67,0.16828454278680455,MAP_SCADA,61,0.00595800561483284
2,UPFC_Vsh,5-15,1.1083253567254918,67,1.1144410382484837,MAP_SCADA,61,0.0061156815229919115
3,UPFC_tsh,5-15,-0.23958027079370714,67,-0.24500253922089116,MAP_SCADA,61,0.005422268427184018
4,UPFC_Vse,5-15,0.06314568162052941,67,0.06196215457085772,MAP_SCADA,61,0.001183527049671694
5,UPFC_tse,5-15,-2.1901283364202158,67,-2.173942749219185,MAP_SCADA,61,0.016185587201030582
0,x_tcsc,1-14,-0.10263337111071213,68,-0.09777329508591238,MAP_SCADA,61,0.00486007602479975
1,B_svc,2,0.17100614863303598,68,0.16828454278680455,MAP_SCADA,61,0.002721605846231434
2,UPFC_Vsh,5-15,1.1100202564761716,68,1.1144410382484837,MAP_SCADA,61,0.004420781772312088
3,UPFC_tsh,5-15,-0.23892424588676187,68,-0.24500253922089116,MAP_SCADA,61,0.006078293334129292
4,UPFC_Vse,5-15,0.06251988918292863,68,0.06196215457085772,MAP_SCADA,61,0.0005577346120709051
5,UPFC_tse,5-15,-2.187948808276476,68,-2.173942749219185,MAP_SCADA,61,0.014006059057290798
0,x_tcsc,1-14,-0.10299316820601115,69,-0.09777329508591238,MAP_SCADA,61,0.005219873120098764
1,B_svc,2,0.16947360486173987,69,0.16828454278680455,MAP_SCADA,61,0.0011890620749353265
2,UPFC_Vsh,5-15,1.1089815892970292,69,1.1144410382484837,MAP_SCADA,61,0.00545944895145456
3,UPFC_tsh,5-15,-0.2385254375662905,69,-0.24500253922089116,MAP_SCADA,61,0.006477101654600664
4,UPFC_Vse,5-15,0.06214377261304217,69,0.06196215457085772,MAP_SCADA,61,0.00018161804218445182
5,UPFC_tse,5-15,-2.1892225229127744,69,-2.173942749219185,MAP_SCADA,61,0.015279773693589238
0,x_tcsc,1-14,-0.10185809716055308,70,-0.09777329508591238,MAP_SCADA,61,0.004084802074640695
1,B_svc,2,0.1712652326521477,70,0.16828454278680455,MAP_SCADA,61,0.002980689865343139
2,UPFC_Vsh,5-15,1.1087057236793505,70,1.1144410382484837,MAP_SCADA,61,0.005735314569133232
3,UPFC_tsh,5-15,-0.2391822748874336,70,-0.24500253922089116,MAP_SCADA,61,0.005820264333457559
4,UPFC_Vse,5-15,0.06257359134144821,70,0.06196215457085772,MAP_SCADA,61,0.0006114367705904941
5,UPFC_tse,5-15,-2.1913194357175967,70,-2.173942749219185,MAP_SCADA,61,0.01737668649841151
0,x_tcsc,1-14,-0.10524162761546635,71,-0.09777329508591238,MAP_SCADA,61,0.007468332529553964
1,B_svc,2,0.16611244629803404,71,0.16828454278680455,MAP_SCADA,61,0.0021720964887705085
2,UPFC_Vsh,5-15,1.1096813062861652,71,1.1144410382484837,MAP_SCADA,61,0.004759731962318492
3,UPFC_tsh,5-15,-0.23770084547255427,71,-0.24500253922089116,MAP_SCADA,61,0.0073016937483368904
4,UPFC_Vse,5-15,0.06383213767638687,71,0.06196215457085772,MAP_SCADA,61,0.0018699831055291535
5,UPFC_tse,5-15,-2.1861294420596007,71,-2.173942749219185,MAP_SCADA,61,0.012186692840415514
0,x_tcsc,1-14,-0.10233283399276083,72,-0.09777329508591238,MAP_SCADA,61,0.004559538906848445
1,B_svc,2,0.17345561181975075,72,0.16828454278680455,MAP_SCADA,61,0.005171069032946202
2,UPFC_Vsh,5-15,1.1081896369708146,72,1.1144410382484837,MAP_SCADA,61,0.0062514012776691
3,UPFC_tsh,5-15,-0.2390668542505105,72,-0.24500253922089116,MAP_SCADA,61,0.005935684970380661
4,UPFC_Vse,5-15,0.06308312190652304,72,0.06196215457085772,MAP_SCADA,61,0.0011209673356653224
5,UPFC_tse,5-15,-2.1950210742699534,72,-2.173942749219185,MAP_SCADA,61,0.021078325050768232
0,x_tcsc,1-14,-0.10300572656616798,73,-0.09777329508591238,MAP_SCADA,61,0.005232431480255595
1,B_svc,2,0.1699124075334846,73,0.16828454278680455,MAP_SCADA,61,0.0016278647466800578
2,UPFC_Vsh,5-15,1.111688763891842,73,1.1144410382484837,MAP_SCADA,61,0.002752274356641715
3,UPFC_tsh,5-15,-0.23754253964747926,73,-0.24500253922089116,MAP_SCADA,61,0.007459999573411896
4,UPFC_Vse,5-15,0.06295480558574423,73,0.06196215457085772,MAP_SCADA,61,0.0009926510148865128
5,UPFC_tse,5-15,-2.1898784956330895,73,-2.173942749219185,MAP_SCADA,61,0.015935746413904273
0,x_tcsc,1-14,-0.10514924575789812,74,-0.09777329508591238,MAP_SCADA,61,0.007375950671985737
1,B_svc,2,0.16485838462843566,74,0.16828454278680455,MAP_SCADA,61,0.003426158158368886
2,UPFC_Vsh,5-15,1.1083799244483572,74,1.1144410382484837,MAP_SCADA,61,0.0060611138001265275
3,UPFC_tsh,5-15,-0.23760004359913878,74,-0.24500253922089116,MAP_SCADA,61,0.007402495621752381
4,UPFC_Vse,5-15,0.06298926157265705,74,0.06196215457085772,MAP_SCADA,61,0.0010271070017993308
5,UPFC_tse,5-15,-2.1901337929582283,74,-2.173942749219185,MAP_SCADA,61,0.01619104373904312
0,x_tcsc,1-14,-0.10232746305722461,75,-0.09777329508591238,MAP_SCADA,61,0.004554167971312223
1,B_svc,2,0.17313561704027464,75,0.16828454278680455,MAP_SCADA,61,0.004851074253470089
2,UPFC_Vsh,5-15,1.1109635601407246,75,1.1144410382484837,MAP_SCADA,61,0.0034774781077591133
3,UPFC_tsh,5-15,-0.2383956924953973,75,-0.24500253922089116,MAP_SCADA,61,0.006606846725493859
4,UPFC_Vse,5-15,0.06252459057740888,75,0.06196215457085772,MAP_SCADA,61,0.0005624360065511549
5,UPFC_tse,5-15,-2.1931506194433967,75,-2.173942749219185,MAP_SCADA,61,0.019207870224211554
0,x_tcsc,1-14,-0.10346791682523426,76,-0.09777329508591238,MAP_SCADA,61,0.005694621739321878
1,B_svc,2,0.16888588364988585,76,0.16828454278680455,MAP_SCADA,61,0.0006013408630813066
2,UPFC_Vsh,5-15,1.1099742200180993,76,1.1144410382484837,MAP_SCADA,61,0.004466818230384417
3,UPFC_tsh,5-15,-0.23913273123024675,76,-0.24500253922089116,MAP_SCADA,61,0.0058698079906444045
4,UPFC_Vse,5-15,0.06273977661451471,76,0.06196215457085772,MAP_SCADA,61,0.0007776220436569933
5,UPFC_tse,5-15,-2.1907842344148376,76,-2.173942749219185,MAP_SCADA,61,0.016841485195652428
0,x_tcsc,1-14,-0.1031683208624105,77,-0.09777329508591238,MAP_SCADA,61,0.0053950257764981135
1,B_svc,2,0.16891396732518127,77,0.16828454278680455,MAP_SCADA,61,0.0006294245383767216
2,UPFC_Vsh,5-15,1.1077683373382927,77,1.1144410382484837,MAP_SCADA,61,0.0066727009101910095
3,UPFC_tsh,5-15,-0.23970109057894223,77,-0.24500253922089116,MAP_SCADA,61,0.005301448641948925
4,UPFC_Vse,5-15,0.06299287105766653,77,0.06196215457085772,MAP_SCADA,61,0.0010307164868088095
5,UPFC_tse,5-15,-2.189390037798933,77,-2.173942749219185,MAP_SCADA,61,0.015447288579747642
0,x_tcsc,1-14,-0.1003523763282444,78,-0.09777329508591238,MAP_SCADA,61,0.0025790812423320125
1,B_svc,2,0.1781374744137755,78,0.16828454278680455,MAP_SCADA,61,0.009852931626970957
2,UPFC_Vsh,5-15,1.1064367614323085,78,1.1144410382484837,MAP_SCADA,61,0.008004276816175215
3,UPFC_tsh,5-15,-0.24069360638132725,78,-0.24500253922089116,MAP_SCADA,61,0.004308932839563906
4,UPFC_Vse,5-15,0.0636058583757046,78,0.06196215457085772,MAP_SCADA,61,0.001643703804846873
5,UPFC_tse,5-15,-2.1934335928061675,78,-2.173942749219185,MAP_SCADA,61,0.019490843586982276
0,x_tcsc,1-14,-0.10276773053574277,79,-0.09777329508591238,MAP_SCADA,61,0.004994435449830387
1,B_svc,2,0.1680802978468382,79,0.16828454278680455,MAP_SCADA,61,0.00020424493996634707
2,UPFC_Vsh,5-15,1.1117810693734493,79,1.1144410382484837,MAP_SCADA,61,0.002659968875034391
3,UPFC_tsh,5-15,-0.237322468516072,79,-0.24500253922089116,MAP_SCADA,61,0.0076800707048191585
4,UPFC_Vse,5-15,0.06270065158906427,79,0.06196215457085772,MAP_SCADA,61,0.0007384970182065451
5,UPFC_tse,5-15,-2.1869983063602736,79,-2.173942749219185,MAP_SCADA,61,0.013055557141088414
0,x_tcsc,1-14,-0.10316049789480242,80,-0.09777329508591238,MAP_SCADA,61,0.005387202808890032
1,B_svc,2,0.17065832407353948,80,0.16828454278680455,MAP_SCADA,61,0.002373781286734933
2,UPFC_Vsh,5-15,1.1092538073589127,80,1.1144410382484837,MAP_SCADA,61,0.005187230889571071
3,UPFC_tsh,5-15,-0.239140938455551,80,-0.24500253922089116,MAP_SCADA,61,0.005861600765340147
4,UPFC_Vse,5-15,0.063109103691046,80,0.06196215457085772,MAP_SCADA,61,0.0011469491201882773
5,UPFC_tse,5-15,-2.1914075308370156,80,-2.173942749219185,MAP_SCADA,61,0.017464781617830383
0,x_tcsc,1-14,-0.10041044236733196,81,-0.09777329508591238,MAP_SCADA,61,0.0026371472814195746
1,B_svc,2,0.18123476065321326,81,0.16828454278680455,MAP_SCADA,61,0.012950217866408709
2,UPFC_Vsh,5-15,1.1059665821283136,81,1.1144410382484837,MAP_SCADA,61,0.00847445612017017
3,UPFC_tsh,5-15,-0.24094205153019474,81,-0.24500253922089116,MAP_SCADA,61,0.004060487690696418
4,UPFC_Vse,5-15,0.06307815871124836,81,0.06196215457085772,MAP_SCADA,61,0.0011160041403906404
5,UPFC_tse,5-15,-2.195590834076475,81,-2.173942749219185,MAP_SCADA,61,0.021648084857289973
0,x_tcsc,1-14,-0.10457447478471675,82,-0.09777329508591238,MAP_SCADA,61,0.006801179698804366
1,B_svc,2,0.16783207973975625,82,0.16828454278680455,MAP_SCADA,61,0.000452463047048296
2,UPFC_Vsh,5-15,1.110012346364267,82,1.1144410382484837,MAP_SCADA,61,0.0044286918842166845
3,UPFC_tsh,5-15,-0.2376586382346466,82,-0.24500253922089116,MAP_SCADA,61,0.007343900986244545
4,UPFC_Vse,5-15,0.06331608203981146,82,0.06196215457085772,MAP_SCADA,61,0.0013539274689537348
5,UPFC_tse,5-15,-2.1867291866877543,82,-2.173942749219185,MAP_SCADA,61,0.012786437468569112
0,x_tcsc,1-14,-0.1031657595623476,83,-0.09777329508591238,MAP_SCADA,61,0.00539246447643521
1,B_svc,2,0.17424357418869788,83,0.16828454278680455,MAP_SCADA,61,0.005959031401893328
2,UPFC_Vsh,5-15,1.1072885960269414,83,1.1144410382484837,MAP_SCADA,61,0.007152442221542321
3,UPFC_tsh,5-15,-0.23966310880723438,83,-0.24500253922089116,MAP_SCADA,61,0.005339430413656782
4,UPFC_Vse,5-15,0.06304301881323121,83,0.06196215457085772,MAP_SCADA,61,0.0010808642423734902
5,UPFC_tse,5-15,-2.1962086599650283,83,-2.173942749219185,MAP_SCADA,61,0.022265910745843165
0,x_tcsc,1-14,-0.10333678174264938,84,-0.09777329508591238,MAP_SCADA,61,0.005563486656736991
1,B_svc,2,0.16992623847206714,84,0.16828454278680455,MAP_SCADA,61,0.0016416956852625952
2,UPFC_Vsh,5-15,1.108396689227261,84,1.1144410382484837,MAP_SCADA,61,0.00604434902122275
3,UPFC_tsh,5-15,-0.23891537987045408,84,-0.24500253922089116,MAP_SCADA,61,0.006087159350437077
4,UPFC_Vse,5-15,0.06353080171285039,84,0.06196215457085772,MAP_SCADA,61,0.001568647141992667
5,UPFC_tse,5-15,-2.1934515204379577,84,-2.173942749219185,MAP_SCADA,61,0.01950877121877248
0,x_tcsc,1-14,-0.10081655054250013,85,-0.09777329508591238,MAP_SCADA,61,0.0030432554565877484
1,B_svc,2,0.17694535235740244,85,0.16828454278680455,MAP_SCADA,61,0.008660809570597894
2,UPFC_Vsh,5-15,1.1073705397164069,85,1.1144410382484837,MAP_SCADA,61,0.007070498532076863
3,UPFC_tsh,5-15,-0.2398156892148108,85,-0.24500253922089116,MAP_SCADA,61,0.005186850006080351
4,UPFC_Vse,5-15,0.06285607316405972,85,0.06196215457085772,MAP_SCADA,61,0.0008939185932020019
5,UPFC_tse,5-15,-2.1933991813687634,85,-2.173942749219185,MAP_SCADA,61,0.019456432149578262
0,x_tcsc,1-14,-0.10456865424775502,86,-0.09777329508591238,MAP_SCADA,61,0.006795359161842637
1,B_svc,2,0.1666530528575441,86,0.16828454278680455,MAP_SCADA,61,0.00163148992926046
2,UPFC_Vsh,5-15,1.1106773055855599,86,1.1144410382484837,MAP_SCADA,61,0.0037637326629238466
3,UPFC_tsh,5-15,-0.23739767838514195,86,-0.24500253922089116,MAP_SCADA,61,0.007604860835749211
4,UPFC_Vse,5-15,0.06257029657897878,86,0.06196215457085772,MAP_SCADA,61,0.0006081420081210584
5,UPFC_tse,5-15,-2.189342971517965,86,-2.173942749219185,MAP_SCADA,61,0.015400222298779909
0,x_tcsc,1-14,-0.1014522893066262,87,-0.09777329508591238,MAP_SCADA,61,0.003678994220713813
1,B_svc,2,0.1759377983837093,87,0.16828454278680455,MAP_SCADA,61,0.0076532555969047456
2,UPFC_Vsh,5-15,1.1075747788641153,87,1.1144410382484837,MAP_SCADA,61,0.006866259384368467
3,UPFC_tsh,5-15,-0.23996026048803054,87,-0.24500253922089116,MAP_SCADA,61,0.005042278732860617
4,UPFC_Vse,5-15,0.0631287474103788,87,0.06196215457085772,MAP_SCADA,61,0.0011665928395210787
5,UPFC_tse,5-15,-2.192029188740658,87,-2.173942749219185,MAP_SCADA,61,0.01808643952147282
0,x_tcsc,1-14,-0.10308302753037737,88,-0.09777329508591238,MAP_SCADA,61,0.00530973244446499
1,B_svc,2,0.17448784950738527,88,0.16828454278680455,MAP_SCADA,61,0.006203306720580726
2,UPFC_Vsh,5-15,1.1061476784346318,88,1.1144410382484837,MAP_SCADA,61,0.00829335981385193
3,UPFC_tsh,5-15,-0.24050589806222702,88,-0.24500253922089116,MAP_SCADA,61,0.004496641158664133
4,UPFC_Vse,5-15,0.06268005160067479,88,0.06196215457085772,MAP_SCADA,61,0.0007178970298170675
5,UPFC_tse,5-15,-2.190872120562374,88,-2.173942749219185,MAP_SCADA,61,0.016929371343188837
0,x_tcsc,1-14,-0.10267111452075099,89,-0.09777329508591238,MAP_SCADA,61,0.004897819434838607
1,B_svc,2,0.16961778126943405,89,0.16828454278680455,MAP_SCADA,61,0.0013332384826295063
2,UPFC_Vsh,5-15,1.1079274160944588,89,1.1144410382484837,MAP_SCADA,61,0.006513622154024956
3,UPFC_tsh,5-15,-0.23875734153579592,89,-0.24500253922089116,MAP_SCADA,61,0.006245197685095238
4,UPFC_Vse,5-15,0.06317546712596372,89,0.06196215457085772,MAP_SCADA,61,0.001213312555106004
5,UPFC_tse,5-15,-2.1882457540257323,89,-2.173942749219185,MAP_SCADA,61,0.014303004806547115
0,x_tcsc,1-14,-0.10613469936333164,90,-0.09777329508591238,MAP_SCADA,61,0.008361404277419257
1,B_svc,2,0.16006816122231587,90,0.16828454278680455,MAP_SCADA,61,0.008216381564488673
2,UPFC_Vsh,5-15,1.1094315761130153,90,1.1144410382484837,MAP_SCADA,61,0.005009462135468379
3,UPFC_tsh,5-15,-0.23704302088232218,90,-0.24500253922089116,MAP_SCADA,61,0.007959518338568977
4,UPFC_Vse,5-15,0.06352188556720155,90,0.06196215457085772,MAP_SCADA,61,0.0015597309963438291
5,UPFC_tse,5-15,-2.187971846351272,90,-2.173942749219185,MAP_SCADA,61,0.014029097132086665
0,x_tcsc,1-14,-0.10274183533505725,91,-0.09777329508591238,MAP_SCADA,61,0.004968540249144865
1,B_svc,2,0.1712474167571244,91,0.16828454278680455,MAP_SCADA,61,0.002962873970319857
2,UPFC_Vsh,5-15,1.1081719272205834,91,1.1144410382484837,MAP_SCADA,61,0.006269111027900287
3,UPFC_tsh,5-15,-0.23991407693170547,91,-0.24500253922089116,MAP_SCADA,61,0.005088462289185691
4,UPFC_Vse,5-15,0.06319960057066118,91,0.06196215457085772,MAP_SCADA,61,0.001237445999803459
5,UPFC_tse,5-15,-2.189139377730668,91,-2.173942749219185,MAP_SCADA,61,0.015196628511482846
0,x_tcsc,1-14,-0.10529554962383599,92,-0.09777329508591238,MAP_SCADA,61,0.0075222545379236005
1,B_svc,2,0.164802444766533,92,0.16828454278680455,MAP_SCADA,61,0.0034820980202715512
2,UPFC_Vsh,5-15,1.1091574366065957,92,1.1144410382484837,MAP_SCADA,61,0.005283601641888014
3,UPFC_tsh,5-15,-0.23715858961762765,92,-0.24500253922089116,MAP_SCADA,61,0.007843949603263511
4,UPFC_Vse,5-15,0.06325685516812932,92,0.06196215457085772,MAP_SCADA,61,0.001294700597271596
5,UPFC_tse,5-15,-2.185841384590449,92,-2.173942749219185,MAP_SCADA,61,0.01189863537126401
0,x_tcsc,1-14,-0.10198001686873225,93,-0.09777329508591238,MAP_SCADA,61,0.004206721782819861
1,B_svc,2,0.1745075075648837,93,0.16828454278680455,MAP_SCADA,61,0.006222964778079154
2,UPFC_Vsh,5-15,1.1077672411780743,93,1.1144410382484837,MAP_SCADA,61,0.006673797070409382
3,UPFC_tsh,5-15,-0.24025055114601698,93,-0.24500253922089116,MAP_SCADA,61,0.004751988074874175
4,UPFC_Vse,5-15,0.06302712550417613,93,0.06196215457085772,MAP_SCADA,61,0.001064970933318414
5,UPFC_tse,5-15,-2.193898147976288,93,-2.173942749219185,MAP_SCADA,61,0.019955398757102838
0,x_tcsc,1-14,-0.10240752827041755,94,-0.09777329508591238,MAP_SCADA,61,0.004634233184505163
1,B_svc,2,0.17267742847899017,94,0.16828454278680455,MAP_SCADA,61,0.004392885692185627
2,UPFC_Vsh,5-15,1.1060683377314755,94,1.1144410382484837,MAP_SCADA,61,0.008372700517008225
3,UPFC_tsh,5-15,-0.23966172718881376,94,-0.24500253922089116,MAP_SCADA,61,0.005340812032077397
4,UPFC_Vse,5-15,0.06356182781739468,94,0.06196215457085772,MAP_SCADA,61,0.0015996732465369604
5,UPFC_tse,5-15,-2.1899317687571993,94,-2.173942749219185,MAP_SCADA,61,0.015989019538014126
0,x_tcsc,1-14,-0.1015701753308845,95,-0.09777329508591238,MAP_SCADA,61,0.0037968802449721145
1,B_svc,2,0.1739762418767858,95,0.16828454278680455,MAP_SCADA,61,0.005691699089981239
2,UPFC_Vsh,5-15,1.109278096323847,95,1.1144410382484837,MAP_SCADA,61,0.0051629419246366215
3,UPFC_tsh,5-15,-0.23889218641001428,95,-0.24500253922089116,MAP_SCADA,61,0.006110352810876879
4,UPFC_Vse,5-15,0.06328697888437507,95,0.06196215457085772,MAP_SCADA,61,0.0013248243135173463
5,UPFC_tse,5-15,-2.194328809564617,95,-2.173942749219185,MAP_SCADA,61,0.020386060345432
0,x_tcsc,1-14,-0.10232252245350033,96,-0.09777329508591238,MAP_SCADA,61,0.004549227367587949
1,B_svc,2,0.17372121612069635,96,0.16828454278680455,MAP_SCADA,61,0.005436673333891806
2,UPFC_Vsh,5-15,1.108048298640947,96,1.1144410382484837,MAP_SCADA,61,0.006392739607536724
3,UPFC_tsh,5-15,-0.2395526260351638,96,-0.24500253922089116,MAP_SCADA,61,0.005449913185727351
4,UPFC_Vse,5-15,0.06360226093011265,96,0.06196215457085772,MAP_SCADA,61,0.0016401063592549267
5,UPFC_tse,5-15,-2.1900485756251924,96,-2.173942749219185,MAP_SCADA,61,0.016105826406007218
0,x_tcsc,1-14,-0.10333071641159243,97,-0.09777329508591238,MAP_SCADA,61,0.005557421325680045
1,B_svc,2,0.17110006030773722,97,0.16828454278680455,MAP_SCADA,61,0.0028155175209326755
2,UPFC_Vsh,5-15,1.1083044207896122,97,1.1144410382484837,MAP_SCADA,61,0.006136617458871507
3,UPFC_tsh,5-15,-0.23860190996385314,97,-0.24500253922089116,MAP_SCADA,61,0.006400629257038021
4,UPFC_Vse,5-15,0.06399735750141623,97,0.06196215457085772,MAP_SCADA,61,0.002035202930558512
5,UPFC_tse,5-15,-2.19124066642229,97,-2.173942749219185,MAP_SCADA,61,0.017297917203104696
0,x_tcsc,1-14,-0.10426524521610846,98,-0.09777329508591238,MAP_SCADA,61,0.0064919501301960725
1,B_svc,2,0.17011498705090078,98,0.16828454278680455,MAP_SCADA,61,0.0018304442640962315
2,UPFC_Vsh,5-15,1.1100572819699157,98,1.1144410382484837,MAP_SCADA,61,0.004383756278568018
3,UPFC_tsh,5-15,-0.23770219494552186,98,-0.24500253922089116,MAP_SCADA,61,0.007300344275369297
4,UPFC_Vse,5-15,0.06334543800654534,98,0.06196215457085772,MAP_SCADA,61,0.001383283435687617
5,UPFC_tse,5-15,-2.193521321270926,98,-2.173942749219185,MAP_SCADA,61,0.01957857205174074
0,x_tcsc,1-14,-0.10313457559422243,99,-0.09777329508591238,MAP_SCADA,61,0.005361280508310043
1,B_svc,2,0.17001685418981957,99,0.16828454278680455,MAP_SCADA,61,0.0017323114030150244
2,UPFC_Vsh,5-15,1.109765874666147,99,1.1144410382484837,MAP_SCADA,61,0.004675163582336772
3,UPFC_tsh,5-15,-0.23838836964991572,99,-0.24500253922089116,MAP_SCADA,61,0.006614169570975437
4,UPFC_Vse,5-15,0.06302138463839355,99,0.06196215457085772,MAP_SCADA,61,0.0010592300675358254
5,UPFC_tse,5-15,-2.187957790781871,99,-2.173942749219185,MAP_SCADA,61,0.014015041562685848
0,x_tcsc,1-14,-0.10329353714551051,0,-0.10101225574976058,MAP_SCADA,63,0.002281281395749929
1,B_svc,2,0.16811519883705064,0,0.17062739233386445,MAP_SCADA,63,0.002512193496813808
2,UPFC_Vsh,5-15,1.1098479333514264,0,1.1129292855585908,MAP_SCADA,63,0.003081352207164434
3,UPFC_tsh,5-15,-0.23850846755793317,0,-0.2414222332974194,MAP_SCADA,63,0.002913765739486235
4,UPFC_Vse,5-15,0.06280396337550218,0,0.06318830069089101,MAP_SCADA,63,0.00038433731538883853
5,UPFC_tse,5-15,-2.189547936028691,0,-2.169501817510658,MAP_SCADA,63,0.02004611851803295
0,x_tcsc,1-14,-0.10333449122731382,1,-0.10101225574976058,MAP_SCADA,63,0.002322235477553239
1,B_svc,2,0.17229278551833666,1,0.17062739233386445,MAP_SCADA,63,0.0016653931844722025
2,UPFC_Vsh,5-15,1.1074218438606374,1,1.1129292855585908,MAP_SCADA,63,0.005507441697953475
3,UPFC_tsh,5-15,-0.2393005791363044,1,-0.2414222332974194,MAP_SCADA,63,0.002121654161115011
4,UPFC_Vse,5-15,0.06354372417136461,1,0.06318830069089101,MAP_SCADA,63,0.00035542348047359895
5,UPFC_tse,5-15,-2.188008410858818,1,-2.169501817510658,MAP_SCADA,63,0.01850659334815985
0,x_tcsc,1-14,-0.10362651376837446,2,-0.10101225574976058,MAP_SCADA,63,0.0026142580186138825
1,B_svc,2,0.16919022531694322,2,0.17062739233386445,MAP_SCADA,63,0.0014371670169212314
2,UPFC_Vsh,5-15,1.1102493941878657,2,1.1129292855585908,MAP_SCADA,63,0.002679891370725107
3,UPFC_tsh,5-15,-0.23849235067663532,2,-0.2414222332974194,MAP_SCADA,63,0.0029298826207840856
4,UPFC_Vse,5-15,0.06320110323422641,2,0.06318830069089101,MAP_SCADA,63,1.2802543335396765e-05
5,UPFC_tse,5-15,-2.191367850099842,2,-2.169501817510658,MAP_SCADA,63,0.02186603258918396
0,x_tcsc,1-14,-0.1022783976113678,3,-0.10101225574976058,MAP_SCADA,63,0.0012661418616072145
1,B_svc,2,0.17447641250969634,3,0.17062739233386445,MAP_SCADA,63,0.0038490201758318854
2,UPFC_Vsh,5-15,1.1077086780665086,3,1.1129292855585908,MAP_SCADA,63,0.0052206074920821965
3,UPFC_tsh,5-15,-0.239679881625969,3,-0.2414222332974194,MAP_SCADA,63,0.0017423516714503984
4,UPFC_Vse,5-15,0.06420872154220497,3,0.06318830069089101,MAP_SCADA,63,0.0010204208513139579
5,UPFC_tse,5-15,-2.1910131457639017,3,-2.169501817510658,MAP_SCADA,63,0.021511328253243533
0,x_tcsc,1-14,-0.10394054656344608,4,-0.10101225574976058,MAP_SCADA,63,0.002928290813685494
1,B_svc,2,0.17253418900935183,4,0.17062739233386445,MAP_SCADA,63,0.0019067966754873766
2,UPFC_Vsh,5-15,1.1080842679213603,4,1.1129292855585908,MAP_SCADA,63,0.004845017637230553
3,UPFC_tsh,5-15,-0.23896792048445972,4,-0.2414222332974194,MAP_SCADA,63,0.002454312812959686
4,UPFC_Vse,5-15,0.06280615072875485,4,0.06318830069089101,MAP_SCADA,63,0.0003821499621361607
5,UPFC_tse,5-15,-2.190748734444064,4,-2.169501817510658,MAP_SCADA,63,0.021246916933405746
0,x_tcsc,1-14,-0.10358721953952944,5,-0.10101225574976058,MAP_SCADA,63,0.002574963789768861
1,B_svc,2,0.16814849854113137,5,0.17062739233386445,MAP_SCADA,63,0.0024788937927330834
2,UPFC_Vsh,5-15,1.1103570430873901,5,1.1129292855585908,MAP_SCADA,63,0.002572242471200692
3,UPFC_tsh,5-15,-0.23847268222950582,5,-0.2414222332974194,MAP_SCADA,63,0.002949551067913586
4,UPFC_Vse,5-15,0.06314489609101118,5,0.06318830069089101,MAP_SCADA,63,4.3404599879837136e-05
5,UPFC_tse,5-15,-2.190275244913631,5,-2.169501817510658,MAP_SCADA,63,0.02077342740297272
0,x_tcsc,1-14,-0.10350531559935731,6,-0.10101225574976058,MAP_SCADA,63,0.002493059849596732
1,B_svc,2,0.16889408616433438,6,0.17062739233386445,MAP_SCADA,63,0.0017333061695300744
2,UPFC_Vsh,5-15,1.1092796634959625,6,1.1129292855585908,MAP_SCADA,63,0.0036496220626283105
3,UPFC_tsh,5-15,-0.2386688698331191,6,-0.2414222332974194,MAP_SCADA,63,0.0027533634643003013
4,UPFC_Vse,5-15,0.06287393598506438,6,0.06318830069089101,MAP_SCADA,63,0.0003143647058266308
5,UPFC_tse,5-15,-2.1904821780911643,6,-2.169501817510658,MAP_SCADA,63,0.02098036058050612
0,x_tcsc,1-14,-0.10086561566381738,7,-0.10101225574976058,MAP_SCADA,63,0.00014664008594320044
1,B_svc,2,0.17407933738082562,7,0.17062739233386445,MAP_SCADA,63,0.003451945046961169
2,UPFC_Vsh,5-15,1.1095504799373779,7,1.1129292855585908,MAP_SCADA,63,0.0033788056212129547
3,UPFC_tsh,5-15,-0.23927897238709775,7,-0.2414222332974194,MAP_SCADA,63,0.0021432609103216593
4,UPFC_Vse,5-15,0.06312921191592344,7,0.06318830069089101,MAP_SCADA,63,5.908877496757503e-05
5,UPFC_tse,5-15,-2.1874008932882796,7,-2.169501817510658,MAP_SCADA,63,0.017899075777621398
0,x_tcsc,1-14,-0.10415892026095726,8,-0.10101225574976058,MAP_SCADA,63,0.0031466645111966757
1,B_svc,2,0.17134587093852688,8,0.17062739233386445,MAP_SCADA,63,0.0007184786046624259
2,UPFC_Vsh,5-15,1.107249958845356,8,1.1129292855585908,MAP_SCADA,63,0.0056793267132349
3,UPFC_tsh,5-15,-0.23866553903984225,8,-0.2414222332974194,MAP_SCADA,63,0.002756694257577158
4,UPFC_Vse,5-15,0.06362033412494816,8,0.06318830069089101,MAP_SCADA,63,0.00043203343405714967
5,UPFC_tse,5-15,-2.186522927523441,8,-2.169501817510658,MAP_SCADA,63,0.017021110012782614
0,x_tcsc,1-14,-0.10245107087655327,9,-0.10101225574976058,MAP_SCADA,63,0.0014388151267926835
1,B_svc,2,0.1699705773336321,9,0.17062739233386445,MAP_SCADA,63,0.000656815000232347
2,UPFC_Vsh,5-15,1.1111100280601645,9,1.1129292855585908,MAP_SCADA,63,0.0018192574984263743
3,UPFC_tsh,5-15,-0.23772898479278912,9,-0.2414222332974194,MAP_SCADA,63,0.003693248504630292
4,UPFC_Vse,5-15,0.06293157188011914,9,0.06318830069089101,MAP_SCADA,63,0.0002567288107718779
5,UPFC_tse,5-15,-2.1889726606857733,9,-2.169501817510658,MAP_SCADA,63,0.01947084317511516
0,x_tcsc,1-14,-0.10201414245840422,10,-0.10101225574976058,MAP_SCADA,63,0.0010018867086436373
1,B_svc,2,0.1773995230540244,10,0.17062739233386445,MAP_SCADA,63,0.006772130720159947
2,UPFC_Vsh,5-15,1.1078753800386845,10,1.1129292855585908,MAP_SCADA,63,0.005053905519906365
3,UPFC_tsh,5-15,-0.23991346910294914,10,-0.2414222332974194,MAP_SCADA,63,0.001508764194470269
4,UPFC_Vse,5-15,0.06350055111044295,10,0.06318830069089101,MAP_SCADA,63,0.0003122504195519349
5,UPFC_tse,5-15,-2.188397089259698,10,-2.169501817510658,MAP_SCADA,63,0.01889527174903982
0,x_tcsc,1-14,-0.10309787691363395,11,-0.10101225574976058,MAP_SCADA,63,0.002085621163873369
1,B_svc,2,0.17229032263195573,11,0.17062739233386445,MAP_SCADA,63,0.0016629302980912808
2,UPFC_Vsh,5-15,1.106829264025858,11,1.1129292855585908,MAP_SCADA,63,0.006100021532732924
3,UPFC_tsh,5-15,-0.23956457706822262,11,-0.2414222332974194,MAP_SCADA,63,0.0018576562291967857
4,UPFC_Vse,5-15,0.06366462202276205,11,0.06318830069089101,MAP_SCADA,63,0.00047632133187103243
5,UPFC_tse,5-15,-2.1891986298807464,11,-2.169501817510658,MAP_SCADA,63,0.019696812370088246
0,x_tcsc,1-14,-0.10463812009775422,12,-0.10101225574976058,MAP_SCADA,63,0.0036258643479936403
1,B_svc,2,0.16853615682973003,12,0.17062739233386445,MAP_SCADA,63,0.0020912355041344255
2,UPFC_Vsh,5-15,1.1081083885543885,12,1.1129292855585908,MAP_SCADA,63,0.004820897004202296
3,UPFC_tsh,5-15,-0.23874039951966272,12,-0.2414222332974194,MAP_SCADA,63,0.002681833777756687
4,UPFC_Vse,5-15,0.06357887848112859,12,0.06318830069089101,MAP_SCADA,63,0.0003905777902375729
5,UPFC_tse,5-15,-2.1899085293440548,12,-2.169501817510658,MAP_SCADA,63,0.020406711833396596
0,x_tcsc,1-14,-0.10326192676854636,13,-0.10101225574976058,MAP_SCADA,63,0.0022496710187857732
1,B_svc,2,0.17236389006577532,13,0.17062739233386445,MAP_SCADA,63,0.0017364977319108688
2,UPFC_Vsh,5-15,1.10698736772081,13,1.1129292855585908,MAP_SCADA,63,0.0059419178377808635
3,UPFC_tsh,5-15,-0.23976528062347388,13,-0.2414222332974194,MAP_SCADA,63,0.0016569526739455276
4,UPFC_Vse,5-15,0.06249443149756003,13,0.06318830069089101,MAP_SCADA,63,0.0006938691933309829
5,UPFC_tse,5-15,-2.196371164920003,13,-2.169501817510658,MAP_SCADA,63,0.02686934740934488
0,x_tcsc,1-14,-0.1030504484184106,14,-0.10101225574976058,MAP_SCADA,63,0.0020381926686500185
1,B_svc,2,0.16997033053296642,14,0.17062739233386445,MAP_SCADA,63,0.0006570618008980289
2,UPFC_Vsh,5-15,1.1110829106317943,14,1.1129292855585908,MAP_SCADA,63,0.0018463749267965124
3,UPFC_tsh,5-15,-0.2378859124752215,14,-0.2414222332974194,MAP_SCADA,63,0.0035363208221979026
4,UPFC_Vse,5-15,0.0626573943935469,14,0.06318830069089101,MAP_SCADA,63,0.0005309062973441192
5,UPFC_tse,5-15,-2.193799530913218,14,-2.169501817510658,MAP_SCADA,63,0.02429771340255993
0,x_tcsc,1-14,-0.10309694119605492,15,-0.10101225574976058,MAP_SCADA,63,0.0020846854462943376
1,B_svc,2,0.16693486271337285,15,0.17062739233386445,MAP_SCADA,63,0.0036925296204916025
2,UPFC_Vsh,5-15,1.112102866085488,15,1.1129292855585908,MAP_SCADA,63,0.0008264194731029129
3,UPFC_tsh,5-15,-0.2382997699364943,15,-0.2414222332974194,MAP_SCADA,63,0.003122463360925115
4,UPFC_Vse,5-15,0.06256983739626225,15,0.06318830069089101,MAP_SCADA,63,0.0006184632946287655
5,UPFC_tse,5-15,-2.1883812738215953,15,-2.169501817510658,MAP_SCADA,63,0.018879456310937126
0,x_tcsc,1-14,-0.10217489660297842,16,-0.10101225574976058,MAP_SCADA,63,0.0011626408532178362
1,B_svc,2,0.17394135187656679,16,0.17062739233386445,MAP_SCADA,63,0.0033139595427023327
2,UPFC_Vsh,5-15,1.107960262070741,16,1.1129292855585908,MAP_SCADA,63,0.0049690234878498885
3,UPFC_tsh,5-15,-0.239206249885445,16,-0.2414222332974194,MAP_SCADA,63,0.0022159834119744037
4,UPFC_Vse,5-15,0.06271712989685814,16,0.06318830069089101,MAP_SCADA,63,0.0004711707940328741
5,UPFC_tse,5-15,-2.1939130467822623,16,-2.169501817510658,MAP_SCADA,63,0.024411229271604107
0,x_tcsc,1-14,-0.10454469730310308,17,-0.10101225574976058,MAP_SCADA,63,0.003532441553342494
1,B_svc,2,0.16712461844377577,17,0.17062739233386445,MAP_SCADA,63,0.003502773890088684
2,UPFC_Vsh,5-15,1.109370895589937,17,1.1129292855585908,MAP_SCADA,63,0.0035583899686537634
3,UPFC_tsh,5-15,-0.23753669429202756,17,-0.2414222332974194,MAP_SCADA,63,0.003885539005391847
4,UPFC_Vse,5-15,0.06325825102421366,17,0.06318830069089101,MAP_SCADA,63,6.995033332264644e-05
5,UPFC_tse,5-15,-2.186313396630077,17,-2.169501817510658,MAP_SCADA,63,0.016811579119418774
0,x_tcsc,1-14,-0.10112964944926826,18,-0.10101225574976058,MAP_SCADA,63,0.0001173936995076813
1,B_svc,2,0.17737976177681442,18,0.17062739233386445,MAP_SCADA,63,0.0067523694429499626
2,UPFC_Vsh,5-15,1.109702083507929,18,1.1129292855585908,MAP_SCADA,63,0.003227202050661848
3,UPFC_tsh,5-15,-0.23936642374053496,18,-0.2414222332974194,MAP_SCADA,63,0.002055809556884447
4,UPFC_Vse,5-15,0.06363139956315816,18,0.06318830069089101,MAP_SCADA,63,0.0004430988722671503
5,UPFC_tse,5-15,-2.1903458498537542,18,-2.169501817510658,MAP_SCADA,63,0.020844032343096064
0,x_tcsc,1-14,-0.10321435202359344,19,-0.10101225574976058,MAP_SCADA,63,0.0022020962738328598
1,B_svc,2,0.16810748723890664,19,0.17062739233386445,MAP_SCADA,63,0.0025199050949578083
2,UPFC_Vsh,5-15,1.1100965594026282,19,1.1129292855585908,MAP_SCADA,63,0.0028327261559626393
3,UPFC_tsh,5-15,-0.23852179981642677,19,-0.2414222332974194,MAP_SCADA,63,0.0029004334809926424
4,UPFC_Vse,5-15,0.0625930905180296,19,0.06318830069089101,MAP_SCADA,63,0.0005952101728614184
5,UPFC_tse,5-15,-2.188351087150795,19,-2.169501817510658,MAP_SCADA,63,0.01884926964013678
0,x_tcsc,1-14,-0.10354343396284567,20,-0.10101225574976058,MAP_SCADA,63,0.0025311782130850863
1,B_svc,2,0.16703463626958456,20,0.17062739233386445,MAP_SCADA,63,0.0035927560642798895
2,UPFC_Vsh,5-15,1.1098341526661635,20,1.1129292855585908,MAP_SCADA,63,0.0030951328924273547
3,UPFC_tsh,5-15,-0.23788774543338145,20,-0.2414222332974194,MAP_SCADA,63,0.003534487864037955
4,UPFC_Vse,5-15,0.06243570092208961,20,0.06318830069089101,MAP_SCADA,63,0.0007525997688014041
5,UPFC_tse,5-15,-2.191014469814827,20,-2.169501817510658,MAP_SCADA,63,0.021512652304168878
0,x_tcsc,1-14,-0.10344129310754582,21,-0.10101225574976058,MAP_SCADA,63,0.002429037357785241
1,B_svc,2,0.1708677144969117,21,0.17062739233386445,MAP_SCADA,63,0.0002403221630472574
2,UPFC_Vsh,5-15,1.1077101992879548,21,1.1129292855585908,MAP_SCADA,63,0.005219086270636053
3,UPFC_tsh,5-15,-0.23998780930740443,21,-0.2414222332974194,MAP_SCADA,63,0.0014344239900149769
4,UPFC_Vse,5-15,0.06297038816134898,21,0.06318830069089101,MAP_SCADA,63,0.00021791252954203588
5,UPFC_tse,5-15,-2.1940017442066315,21,-2.169501817510658,MAP_SCADA,63,0.02449992669597334
0,x_tcsc,1-14,-0.10200268563517126,22,-0.10101225574976058,MAP_SCADA,63,0.0009904298854106763
1,B_svc,2,0.17089704393936794,22,0.17062739233386445,MAP_SCADA,63,0.0002696516055034903
2,UPFC_Vsh,5-15,1.11057128340465,22,1.1129292855585908,MAP_SCADA,63,0.0023580021539408857
3,UPFC_tsh,5-15,-0.2383999901081647,22,-0.2414222332974194,MAP_SCADA,63,0.003022243189254703
4,UPFC_Vse,5-15,0.06284333278504248,22,0.06318830069089101,MAP_SCADA,63,0.00034496790584853665
5,UPFC_tse,5-15,-2.189614887509789,22,-2.169501817510658,MAP_SCADA,63,0.02011306999913076
0,x_tcsc,1-14,-0.10414257550582919,23,-0.10101225574976058,MAP_SCADA,63,0.003130319756068603
1,B_svc,2,0.17302275696693312,23,0.17062739233386445,MAP_SCADA,63,0.002395364633068664
2,UPFC_Vsh,5-15,1.1062099902680418,23,1.1129292855585908,MAP_SCADA,63,0.006719295290549043
3,UPFC_tsh,5-15,-0.23899992877224516,23,-0.2414222332974194,MAP_SCADA,63,0.0024223045251742514
4,UPFC_Vse,5-15,0.06331203494101198,23,0.06318830069089101,MAP_SCADA,63,0.00012373425012096595
5,UPFC_tse,5-15,-2.193611288444514,23,-2.169501817510658,MAP_SCADA,63,0.024109470933855626
0,x_tcsc,1-14,-0.10255669398750906,24,-0.10101225574976058,MAP_SCADA,63,0.0015444382377484828
1,B_svc,2,0.17527665408020493,24,0.17062739233386445,MAP_SCADA,63,0.004649261746340477
2,UPFC_Vsh,5-15,1.110444416352426,24,1.1129292855585908,MAP_SCADA,63,0.0024848692061647526
3,UPFC_tsh,5-15,-0.23838245129865002,24,-0.2414222332974194,MAP_SCADA,63,0.003039781998769392
4,UPFC_Vse,5-15,0.06343171498679508,24,0.06318830069089101,MAP_SCADA,63,0.0002434142959040625
5,UPFC_tse,5-15,-2.1934702341448933,24,-2.169501817510658,MAP_SCADA,63,0.0239684166342351
0,x_tcsc,1-14,-0.10349904714129522,25,-0.10101225574976058,MAP_SCADA,63,0.00248679139153464
1,B_svc,2,0.16860677052613007,25,0.17062739233386445,MAP_SCADA,63,0.0020206218077343796
2,UPFC_Vsh,5-15,1.1085206473749372,25,1.1129292855585908,MAP_SCADA,63,0.004408638183653668
3,UPFC_tsh,5-15,-0.2385443264307013,25,-0.2414222332974194,MAP_SCADA,63,0.0028779068667180996
4,UPFC_Vse,5-15,0.06318141056723417,25,0.06318830069089101,MAP_SCADA,63,6.89012365684416e-06
5,UPFC_tse,5-15,-2.193211743897714,25,-2.169501817510658,MAP_SCADA,63,0.023709926387055713
0,x_tcsc,1-14,-0.10344888642509803,26,-0.10101225574976058,MAP_SCADA,63,0.002436630675337448
1,B_svc,2,0.1684348338944659,26,0.17062739233386445,MAP_SCADA,63,0.0021925584393985564
2,UPFC_Vsh,5-15,1.1093544542233646,26,1.1129292855585908,MAP_SCADA,63,0.0035748313352261807
3,UPFC_tsh,5-15,-0.23870731257150962,26,-0.2414222332974194,MAP_SCADA,63,0.0027149207259097863
4,UPFC_Vse,5-15,0.06272919858083496,26,0.06318830069089101,MAP_SCADA,63,0.0004591021100560505
5,UPFC_tse,5-15,-2.1892722360416754,26,-2.169501817510658,MAP_SCADA,63,0.019770418531017242
0,x_tcsc,1-14,-0.10324303032860659,27,-0.10101225574976058,MAP_SCADA,63,0.0022307745788460037
1,B_svc,2,0.16582498944584045,27,0.17062739233386445,MAP_SCADA,63,0.004802402888023999
2,UPFC_Vsh,5-15,1.1092917412852477,27,1.1129292855585908,MAP_SCADA,63,0.003637544273343174
3,UPFC_tsh,5-15,-0.23786009562888574,27,-0.2414222332974194,MAP_SCADA,63,0.003562137668533666
4,UPFC_Vse,5-15,0.06271511041328849,27,0.06318830069089101,MAP_SCADA,63,0.00047319027760252264
5,UPFC_tse,5-15,-2.1924914175363153,27,-2.169501817510658,MAP_SCADA,63,0.022989600025657086
0,x_tcsc,1-14,-0.10135196066548283,28,-0.10101225574976058,MAP_SCADA,63,0.00033970491572224426
1,B_svc,2,0.17761057228239494,28,0.17062739233386445,MAP_SCADA,63,0.006983179948530482
2,UPFC_Vsh,5-15,1.1083718755136782,28,1.1129292855585908,MAP_SCADA,63,0.004557410044912613
3,UPFC_tsh,5-15,-0.2395613443581504,28,-0.2414222332974194,MAP_SCADA,63,0.001860888939269001
4,UPFC_Vse,5-15,0.06346267764598927,28,0.06318830069089101,MAP_SCADA,63,0.0002743769550982572
5,UPFC_tse,5-15,-2.1903041390921896,28,-2.169501817510658,MAP_SCADA,63,0.02080232158153139
0,x_tcsc,1-14,-0.10515150213842957,29,-0.10101225574976058,MAP_SCADA,63,0.004139246388668985
1,B_svc,2,0.16766234531155627,29,0.17062739233386445,MAP_SCADA,63,0.0029650470223081815
2,UPFC_Vsh,5-15,1.1095725542927521,29,1.1129292855585908,MAP_SCADA,63,0.003356731265838686
3,UPFC_tsh,5-15,-0.23785749907874235,29,-0.2414222332974194,MAP_SCADA,63,0.0035647342186770625
4,UPFC_Vse,5-15,0.06285327963871028,29,0.06318830069089101,MAP_SCADA,63,0.00033502105218073674
5,UPFC_tse,5-15,-2.1945382243971,29,-2.169501817510658,MAP_SCADA,63,0.02503640688644193
0,x_tcsc,1-14,-0.10214521014739744,30,-0.10101225574976058,MAP_SCADA,63,0.0011329543976368595
1,B_svc,2,0.1733947782625552,30,0.17062739233386445,MAP_SCADA,63,0.0027673859286907465
2,UPFC_Vsh,5-15,1.108749731528518,30,1.1129292855585908,MAP_SCADA,63,0.004179554030072863
3,UPFC_tsh,5-15,-0.24003817420459694,30,-0.2414222332974194,MAP_SCADA,63,0.001384059092822465
4,UPFC_Vse,5-15,0.06354332981972415,30,0.06318830069089101,MAP_SCADA,63,0.0003550291288331314
5,UPFC_tse,5-15,-2.1899562565815236,30,-2.169501817510658,MAP_SCADA,63,0.020454439070865416
0,x_tcsc,1-14,-0.10186895497271833,31,-0.10101225574976058,MAP_SCADA,63,0.0008566992229577519
1,B_svc,2,0.1731001895027111,31,0.17062739233386445,MAP_SCADA,63,0.0024727971688466577
2,UPFC_Vsh,5-15,1.1089604871881096,31,1.1129292855585908,MAP_SCADA,63,0.003968798370481252
3,UPFC_tsh,5-15,-0.2393106658119316,31,-0.2414222332974194,MAP_SCADA,63,0.0021115674854877975
4,UPFC_Vse,5-15,0.06361662209310572,31,0.06318830069089101,MAP_SCADA,63,0.0004283214022147014
5,UPFC_tse,5-15,-2.1910202663171208,31,-2.169501817510658,MAP_SCADA,63,0.021518448806462587
0,x_tcsc,1-14,-0.10199155700575223,32,-0.10101225574976058,MAP_SCADA,63,0.0009793012559916464
1,B_svc,2,0.17562280153400014,32,0.17062739233386445,MAP_SCADA,63,0.004995409200135692
2,UPFC_Vsh,5-15,1.1083810877935076,32,1.1129292855585908,MAP_SCADA,63,0.004548197765083195
3,UPFC_tsh,5-15,-0.23893318807281042,32,-0.2414222332974194,MAP_SCADA,63,0.0024890452246089934
4,UPFC_Vse,5-15,0.06267661663381953,32,0.06318830069089101,MAP_SCADA,63,0.0005116840570714848
5,UPFC_tse,5-15,-2.1933767411492218,32,-2.169501817510658,MAP_SCADA,63,0.023874923638563583
0,x_tcsc,1-14,-0.10341776982429712,33,-0.10101225574976058,MAP_SCADA,63,0.002405514074536541
1,B_svc,2,0.1685857185347648,33,0.17062739233386445,MAP_SCADA,63,0.0020416737990996414
2,UPFC_Vsh,5-15,1.1090690511856047,33,1.1129292855585908,MAP_SCADA,63,0.0038602343729861044
3,UPFC_tsh,5-15,-0.23823230252929914,33,-0.2414222332974194,MAP_SCADA,63,0.0031899307681202693
4,UPFC_Vse,5-15,0.06321292719959012,33,0.06318830069089101,MAP_SCADA,63,2.4626508699110428e-05
5,UPFC_tse,5-15,-2.190809317373603,33,-2.169501817510658,MAP_SCADA,63,0.021307499862945
0,x_tcsc,1-14,-0.10303751160140999,34,-0.10101225574976058,MAP_SCADA,63,0.0020252558516494074
1,B_svc,2,0.1683284671853949,34,0.17062739233386445,MAP_SCADA,63,0.0022989251484695494
2,UPFC_Vsh,5-15,1.109998361341998,34,1.1129292855585908,MAP_SCADA,63,0.0029309242165929117
3,UPFC_tsh,5-15,-0.2380691737984707,34,-0.2414222332974194,MAP_SCADA,63,0.0033530594989487073
4,UPFC_Vse,5-15,0.0635342444626378,34,0.06318830069089101,MAP_SCADA,63,0.0003459437717467928
5,UPFC_tse,5-15,-2.1878828879669565,34,-2.169501817510658,MAP_SCADA,63,0.018381070456298332
0,x_tcsc,1-14,-0.10297982083834885,35,-0.10101225574976058,MAP_SCADA,63,0.001967565088588266
1,B_svc,2,0.17046754832647434,35,0.17062739233386445,MAP_SCADA,63,0.00015984400739010862
2,UPFC_Vsh,5-15,1.1112794492291262,35,1.1129292855585908,MAP_SCADA,63,0.0016498363294645824
3,UPFC_tsh,5-15,-0.2385383032127797,35,-0.2414222332974194,MAP_SCADA,63,0.0028839300846397187
4,UPFC_Vse,5-15,0.06367108062868834,35,0.06318830069089101,MAP_SCADA,63,0.00048277993779732853
5,UPFC_tse,5-15,-2.188473680620623,35,-2.169501817510658,MAP_SCADA,63,0.018971863109964904
0,x_tcsc,1-14,-0.1037433704569016,36,-0.10101225574976058,MAP_SCADA,63,0.002731114707141019
1,B_svc,2,0.17020265351511055,36,0.17062739233386445,MAP_SCADA,63,0.00042473881875390584
2,UPFC_Vsh,5-15,1.1084573576990415,36,1.1129292855585908,MAP_SCADA,63,0.004471927859549307
3,UPFC_tsh,5-15,-0.2387082284511852,36,-0.2414222332974194,MAP_SCADA,63,0.0027140048462342137
4,UPFC_Vse,5-15,0.06266177121649627,36,0.06318830069089101,MAP_SCADA,63,0.0005265294743947435
5,UPFC_tse,5-15,-2.192234184921244,36,-2.169501817510658,MAP_SCADA,63,0.02273236741058593
0,x_tcsc,1-14,-0.10331206912751367,37,-0.10101225574976058,MAP_SCADA,63,0.0022998133777530905
1,B_svc,2,0.16983444814242962,37,0.17062739233386445,MAP_SCADA,63,0.0007929441914348301
2,UPFC_Vsh,5-15,1.1093899644083485,37,1.1129292855585908,MAP_SCADA,63,0.0035393211502423583
3,UPFC_tsh,5-15,-0.23805948198578433,37,-0.2414222332974194,MAP_SCADA,63,0.003362751311635076
4,UPFC_Vse,5-15,0.06260338273141129,37,0.06318830069089101,MAP_SCADA,63,0.0005849179594797221
5,UPFC_tse,5-15,-2.194394240818059,37,-2.169501817510658,MAP_SCADA,63,0.024892423307400602
0,x_tcsc,1-14,-0.10491436820607243,38,-0.10101225574976058,MAP_SCADA,63,0.0039021124563118487
1,B_svc,2,0.1672180740223852,38,0.17062739233386445,MAP_SCADA,63,0.0034093183114792536
2,UPFC_Vsh,5-15,1.1095823920842456,38,1.1129292855585908,MAP_SCADA,63,0.003346893474345247
3,UPFC_tsh,5-15,-0.23796712750088744,38,-0.2414222332974194,MAP_SCADA,63,0.0034551057965319654
4,UPFC_Vse,5-15,0.06283312149927725,38,0.06318830069089101,MAP_SCADA,63,0.00035517919161376366
5,UPFC_tse,5-15,-2.18825981095042,38,-2.169501817510658,MAP_SCADA,63,0.018757993439761922
0,x_tcsc,1-14,-0.10472404013278803,39,-0.10101225574976058,MAP_SCADA,63,0.0037117843830274527
1,B_svc,2,0.17177177941619282,39,0.17062739233386445,MAP_SCADA,63,0.001144387082328363
2,UPFC_Vsh,5-15,1.106130884386145,39,1.1129292855585908,MAP_SCADA,63,0.006798401172445789
3,UPFC_tsh,5-15,-0.239162445516109,39,-0.2414222332974194,MAP_SCADA,63,0.0022597877813104184
4,UPFC_Vse,5-15,0.06329622775397507,39,0.06318830069089101,MAP_SCADA,63,0.00010792706308405953
5,UPFC_tse,5-15,-2.187460536285187,39,-2.169501817510658,MAP_SCADA,63,0.017958718774528926
0,x_tcsc,1-14,-0.10328701279564349,40,-0.10101225574976058,MAP_SCADA,63,0.002274757045882911
1,B_svc,2,0.1697864442432162,40,0.17062739233386445,MAP_SCADA,63,0.0008409480906482469
2,UPFC_Vsh,5-15,1.1091570589281596,40,1.1129292855585908,MAP_SCADA,63,0.003772226630431197
3,UPFC_tsh,5-15,-0.23841077906827327,40,-0.2414222332974194,MAP_SCADA,63,0.0030114542291461432
4,UPFC_Vse,5-15,0.06335807687554586,40,0.06318830069089101,MAP_SCADA,63,0.00016977618465484345
5,UPFC_tse,5-15,-2.188321530167082,40,-2.169501817510658,MAP_SCADA,63,0.018819712656423793
0,x_tcsc,1-14,-0.10415308358070655,41,-0.10101225574976058,MAP_SCADA,63,0.0031408278309459636
1,B_svc,2,0.1659516229371476,41,0.17062739233386445,MAP_SCADA,63,0.00467576939671685
2,UPFC_Vsh,5-15,1.1088618181516254,41,1.1129292855585908,MAP_SCADA,63,0.004067467406965397
3,UPFC_tsh,5-15,-0.23803785406369915,41,-0.2414222332974194,MAP_SCADA,63,0.0033843792337202583
4,UPFC_Vse,5-15,0.06317922460371121,41,0.06318830069089101,MAP_SCADA,63,9.076087179801795e-06
5,UPFC_tse,5-15,-2.192117927145841,41,-2.169501817510658,MAP_SCADA,63,0.0226161096351829
0,x_tcsc,1-14,-0.10282328972764497,42,-0.10101225574976058,MAP_SCADA,63,0.0018110339778843881
1,B_svc,2,0.1721197597634059,42,0.17062739233386445,MAP_SCADA,63,0.0014923674295414524
2,UPFC_Vsh,5-15,1.1081902020497665,42,1.1129292855585908,MAP_SCADA,63,0.004739083508824349
3,UPFC_tsh,5-15,-0.23900538395228121,42,-0.2414222332974194,MAP_SCADA,63,0.0024168493451381945
4,UPFC_Vse,5-15,0.06283176345199303,42,0.06318830069089101,MAP_SCADA,63,0.0003565372388979887
5,UPFC_tse,5-15,-2.1893873032588393,42,-2.169501817510658,MAP_SCADA,63,0.019885485748181164
0,x_tcsc,1-14,-0.10303424453802462,43,-0.10101225574976058,MAP_SCADA,63,0.0020219887882640397
1,B_svc,2,0.17311051925916063,43,0.17062739233386445,MAP_SCADA,63,0.002483126925296175
2,UPFC_Vsh,5-15,1.107982607035665,43,1.1129292855585908,MAP_SCADA,63,0.00494667852292574
3,UPFC_tsh,5-15,-0.23927261561656687,43,-0.2414222332974194,MAP_SCADA,63,0.0021496176808525336
4,UPFC_Vse,5-15,0.06356982541230466,43,0.06318830069089101,MAP_SCADA,63,0.00038152472141364524
5,UPFC_tse,5-15,-2.1951217682769553,43,-2.169501817510658,MAP_SCADA,63,0.025619950766297084
0,x_tcsc,1-14,-0.1027973561626272,44,-0.10101225574976058,MAP_SCADA,63,0.0017851004128666137
1,B_svc,2,0.1681348089727287,44,0.17062739233386445,MAP_SCADA,63,0.002492583361135753
2,UPFC_Vsh,5-15,1.109787300168,44,1.1129292855585908,MAP_SCADA,63,0.0031419853905907402
3,UPFC_tsh,5-15,-0.23831165948836602,44,-0.2414222332974194,MAP_SCADA,63,0.003110573809053385
4,UPFC_Vse,5-15,0.06368281985756345,44,0.06318830069089101,MAP_SCADA,63,0.0004945191666724386
5,UPFC_tse,5-15,-2.1854876578376725,44,-2.169501817510658,MAP_SCADA,63,0.015985840327014333
0,x_tcsc,1-14,-0.10221996947708181,45,-0.10101225574976058,MAP_SCADA,63,0.0012077137273212302
1,B_svc,2,0.1768898387398685,45,0.17062739233386445,MAP_SCADA,63,0.006262446406004041
2,UPFC_Vsh,5-15,1.1095156345355885,45,1.1129292855585908,MAP_SCADA,63,0.0034136510230022843
3,UPFC_tsh,5-15,-0.2389523502653847,45,-0.2414222332974194,MAP_SCADA,63,0.0024698830320347143
4,UPFC_Vse,5-15,0.06318314771751779,45,0.06318830069089101,MAP_SCADA,63,5.152973373223624e-06
5,UPFC_tse,5-15,-2.193731744557763,45,-2.169501817510658,MAP_SCADA,63,0.024229927047104916
0,x_tcsc,1-14,-0.10209110133794598,46,-0.10101225574976058,MAP_SCADA,63,0.001078845588185398
1,B_svc,2,0.1749895939957132,46,0.17062739233386445,MAP_SCADA,63,0.0043622016618487525
2,UPFC_Vsh,5-15,1.1075689036025793,46,1.1129292855585908,MAP_SCADA,63,0.005360381956011517
3,UPFC_tsh,5-15,-0.2405839698596442,46,-0.2414222332974194,MAP_SCADA,63,0.0008382634377752107
4,UPFC_Vse,5-15,0.06325877581511731,46,0.06318830069089101,MAP_SCADA,63,7.047512422629632e-05
5,UPFC_tse,5-15,-2.1915658662244795,46,-2.169501817510658,MAP_SCADA,63,0.022064048713821283
0,x_tcsc,1-14,-0.10430424526697522,47,-0.10101225574976058,MAP_SCADA,63,0.0032919895172146413
1,B_svc,2,0.16657044584038416,47,0.17062739233386445,MAP_SCADA,63,0.00405694649348029
2,UPFC_Vsh,5-15,1.1089944570086598,47,1.1129292855585908,MAP_SCADA,63,0.003934828549930991
3,UPFC_tsh,5-15,-0.23755332848839128,47,-0.2414222332974194,MAP_SCADA,63,0.0038689048090281286
4,UPFC_Vse,5-15,0.06325285378388841,47,0.06318830069089101,MAP_SCADA,63,6.455309299739642e-05
5,UPFC_tse,5-15,-2.1926651756040454,47,-2.169501817510658,MAP_SCADA,63,0.02316335809338721
0,x_tcsc,1-14,-0.10467341988269523,48,-0.10101225574976058,MAP_SCADA,63,0.003661164132934644
1,B_svc,2,0.16631328053467387,48,0.17062739233386445,MAP_SCADA,63,0.004314111799190584
2,UPFC_Vsh,5-15,1.109765910581846,48,1.1129292855585908,MAP_SCADA,63,0.0031633749767447927
3,UPFC_tsh,5-15,-0.23718168953869978,48,-0.2414222332974194,MAP_SCADA,63,0.004240543758719628
4,UPFC_Vse,5-15,0.06257817548573592,48,0.06318830069089101,MAP_SCADA,63,0.0006101252051550904
5,UPFC_tse,5-15,-2.189149825874566,48,-2.169501817510658,MAP_SCADA,63,0.0196480083639079
0,x_tcsc,1-14,-0.10036649413923276,49,-0.10101225574976058,MAP_SCADA,63,0.0006457616105278174
1,B_svc,2,0.1848686799141463,49,0.17062739233386445,MAP_SCADA,63,0.014241287580281842
2,UPFC_Vsh,5-15,1.1056475662275105,49,1.1129292855585908,MAP_SCADA,63,0.00728171933108035
3,UPFC_tsh,5-15,-0.2414821266404511,49,-0.2414222332974194,MAP_SCADA,63,5.989334303169169e-05
4,UPFC_Vse,5-15,0.0630950463263788,49,0.06318830069089101,MAP_SCADA,63,9.325436451221303e-05
5,UPFC_tse,5-15,-2.1950301431956265,49,-2.169501817510658,MAP_SCADA,63,0.025528325684968323
0,x_tcsc,1-14,-0.10197953963546616,50,-0.10101225574976058,MAP_SCADA,63,0.0009672838857055777
1,B_svc,2,0.1736852085055039,50,0.17062739233386445,MAP_SCADA,63,0.0030578161716394436
2,UPFC_Vsh,5-15,1.1100116771882211,50,1.1129292855585908,MAP_SCADA,63,0.0029176083703696953
3,UPFC_tsh,5-15,-0.2387841569748617,50,-0.2414222332974194,MAP_SCADA,63,0.0026380763225577197
4,UPFC_Vse,5-15,0.06333349762164837,50,0.06318830069089101,MAP_SCADA,63,0.0001451969307573603
5,UPFC_tse,5-15,-2.18884697758656,50,-2.169501817510658,MAP_SCADA,63,0.019345160075901813
0,x_tcsc,1-14,-0.10287200005996062,51,-0.10101225574976058,MAP_SCADA,63,0.0018597443102000427
1,B_svc,2,0.17435630556991935,51,0.17062739233386445,MAP_SCADA,63,0.0037289132360548982
2,UPFC_Vsh,5-15,1.1083789801853865,51,1.1129292855585908,MAP_SCADA,63,0.004550305373204333
3,UPFC_tsh,5-15,-0.23954156229505957,51,-0.2414222332974194,MAP_SCADA,63,0.001880671002359835
4,UPFC_Vse,5-15,0.0634631446920625,51,0.06318830069089101,MAP_SCADA,63,0.00027484400117148977
5,UPFC_tse,5-15,-2.193128263603617,51,-2.169501817510658,MAP_SCADA,63,0.02362644609295872
0,x_tcsc,1-14,-0.10324332919686505,52,-0.10101225574976058,MAP_SCADA,63,0.0022310734471044646
1,B_svc,2,0.1696109973659828,52,0.17062739233386445,MAP_SCADA,63,0.0010163949678816397
2,UPFC_Vsh,5-15,1.111682729996886,52,1.1129292855585908,MAP_SCADA,63,0.0012465555617047208
3,UPFC_tsh,5-15,-0.2380664599567824,52,-0.2414222332974194,MAP_SCADA,63,0.003355773340636997
4,UPFC_Vse,5-15,0.0636095662815725,52,0.06318830069089101,MAP_SCADA,63,0.00042126559068147995
5,UPFC_tse,5-15,-2.190966086526349,52,-2.169501817510658,MAP_SCADA,63,0.021464269015690984
0,x_tcsc,1-14,-0.10136893818338043,53,-0.10101225574976058,MAP_SCADA,63,0.0003566824336198454
1,B_svc,2,0.1763356233567943,53,0.17062739233386445,MAP_SCADA,63,0.0057082310229298605
2,UPFC_Vsh,5-15,1.1071755978151345,53,1.1129292855585908,MAP_SCADA,63,0.005753687743456304
3,UPFC_tsh,5-15,-0.24045414133719084,53,-0.2414222332974194,MAP_SCADA,63,0.0009680919602285676
4,UPFC_Vse,5-15,0.06363480196190133,53,0.06318830069089101,MAP_SCADA,63,0.00044650127101031334
5,UPFC_tse,5-15,-2.1940031377680684,53,-2.169501817510658,MAP_SCADA,63,0.024501320257410253
0,x_tcsc,1-14,-0.10324843381027872,54,-0.10101225574976058,MAP_SCADA,63,0.0022361780605181375
1,B_svc,2,0.17285646172672728,54,0.17062739233386445,MAP_SCADA,63,0.002229069392862826
2,UPFC_Vsh,5-15,1.1064658011062947,54,1.1129292855585908,MAP_SCADA,63,0.006463484452296164
3,UPFC_tsh,5-15,-0.24019351975165645,54,-0.2414222332974194,MAP_SCADA,63,0.001228713545762955
4,UPFC_Vse,5-15,0.0631805362478855,54,0.06318830069089101,MAP_SCADA,63,7.764443005514599e-06
5,UPFC_tse,5-15,-2.1928662900195057,54,-2.169501817510658,MAP_SCADA,63,0.023364472508847545
0,x_tcsc,1-14,-0.1019788974557904,55,-0.10101225574976058,MAP_SCADA,63,0.0009666417060298221
1,B_svc,2,0.1762892680006951,55,0.17062739233386445,MAP_SCADA,63,0.005661875666830657
2,UPFC_Vsh,5-15,1.1068642261414183,55,1.1129292855585908,MAP_SCADA,63,0.0060650594171725025
3,UPFC_tsh,5-15,-0.2403625187434593,55,-0.2414222332974194,MAP_SCADA,63,0.0010597145539601172
4,UPFC_Vse,5-15,0.06392525493854063,55,0.06318830069089101,MAP_SCADA,63,0.000736954247649621
5,UPFC_tse,5-15,-2.1962706712338904,55,-2.169501817510658,MAP_SCADA,63,0.026768853723232233
0,x_tcsc,1-14,-0.10527974321233675,56,-0.10101225574976058,MAP_SCADA,63,0.004267487462576172
1,B_svc,2,0.167632286351566,56,0.17062739233386445,MAP_SCADA,63,0.0029951059822984627
2,UPFC_Vsh,5-15,1.1086875892260313,56,1.1129292855585908,MAP_SCADA,63,0.0042416963325595525
3,UPFC_tsh,5-15,-0.23816006534123574,56,-0.2414222332974194,MAP_SCADA,63,0.0032621679561836703
4,UPFC_Vse,5-15,0.06254446606212997,56,0.06318830069089101,MAP_SCADA,63,0.0006438346287610391
5,UPFC_tse,5-15,-2.1879062130788323,56,-2.169501817510658,MAP_SCADA,63,0.01840439556817408
0,x_tcsc,1-14,-0.10179695860865144,57,-0.10101225574976058,MAP_SCADA,63,0.0007847028588908594
1,B_svc,2,0.17922775758191414,57,0.17062739233386445,MAP_SCADA,63,0.00860036524804969
2,UPFC_Vsh,5-15,1.1053913401140298,57,1.1129292855585908,MAP_SCADA,63,0.0075379454445609895
3,UPFC_tsh,5-15,-0.24078070444873179,57,-0.2414222332974194,MAP_SCADA,63,0.0006415288486876225
4,UPFC_Vse,5-15,0.0628623967199648,57,0.06318830069089101,MAP_SCADA,63,0.0003259039709262168
5,UPFC_tse,5-15,-2.19228846799818,57,-2.169501817510658,MAP_SCADA,63,0.022786650487521598
0,x_tcsc,1-14,-0.10438407717916225,58,-0.10101225574976058,MAP_SCADA,63,0.003371821429401664
1,B_svc,2,0.1710229922972262,58,0.17062739233386445,MAP_SCADA,63,0.00039559996336174796
2,UPFC_Vsh,5-15,1.1084581412862453,58,1.1129292855585908,MAP_SCADA,63,0.0044711442723455175
3,UPFC_tsh,5-15,-0.23826230188521025,58,-0.2414222332974194,MAP_SCADA,63,0.0031599314122091604
4,UPFC_Vse,5-15,0.06312944551932835,58,0.06318830069089101,MAP_SCADA,63,5.88551715626634e-05
5,UPFC_tse,5-15,-2.1876418894390635,58,-2.169501817510658,MAP_SCADA,63,0.018140071928405277
0,x_tcsc,1-14,-0.10383418172265896,59,-0.10101225574976058,MAP_SCADA,63,0.002821925972898376
1,B_svc,2,0.17312892218344747,59,0.17062739233386445,MAP_SCADA,63,0.0025015298495830174
2,UPFC_Vsh,5-15,1.1072547742868786,59,1.1129292855585908,MAP_SCADA,63,0.005674511271712257
3,UPFC_tsh,5-15,-0.23890156901931114,59,-0.2414222332974194,MAP_SCADA,63,0.0025206642781082644
4,UPFC_Vse,5-15,0.06299379008888283,59,0.06318830069089101,MAP_SCADA,63,0.00019451060200818826
5,UPFC_tse,5-15,-2.1917922454989034,59,-2.169501817510658,MAP_SCADA,63,0.02229042798824521
0,x_tcsc,1-14,-0.10327191665118586,60,-0.10101225574976058,MAP_SCADA,63,0.0022596609014252783
1,B_svc,2,0.16996069385126053,60,0.17062739233386445,MAP_SCADA,63,0.0006666984826039224
2,UPFC_Vsh,5-15,1.1098518577775867,60,1.1129292855585908,MAP_SCADA,63,0.0030774277810041717
3,UPFC_tsh,5-15,-0.23820244736558496,60,-0.2414222332974194,MAP_SCADA,63,0.0032197859318344457
4,UPFC_Vse,5-15,0.06292108618224466,60,0.06318830069089101,MAP_SCADA,63,0.000267214508646349
5,UPFC_tse,5-15,-2.187923879159447,60,-2.169501817510658,MAP_SCADA,63,0.0184220616487889
0,x_tcsc,1-14,-0.10443203071954701,61,-0.10101225574976058,MAP_SCADA,63,0.003419774969786432
1,B_svc,2,0.16903423354943337,61,0.17062739233386445,MAP_SCADA,63,0.0015931587844310868
2,UPFC_Vsh,5-15,1.110202654342042,61,1.1129292855585908,MAP_SCADA,63,0.002726631216548814
3,UPFC_tsh,5-15,-0.23777468793642412,61,-0.2414222332974194,MAP_SCADA,63,0.0036475453609952913
4,UPFC_Vse,5-15,0.06314581996839719,61,0.06318830069089101,MAP_SCADA,63,4.248072249382617e-05
5,UPFC_tse,5-15,-2.1855869768875538,61,-2.169501817510658,MAP_SCADA,63,0.016085159376895586
0,x_tcsc,1-14,-0.1018979327156657,62,-0.10101225574976058,MAP_SCADA,63,0.0008856769659051217
1,B_svc,2,0.17427711005926577,62,0.17062739233386445,MAP_SCADA,63,0.003649717725401319
2,UPFC_Vsh,5-15,1.1095015499881347,62,1.1129292855585908,MAP_SCADA,63,0.0034277355704561696
3,UPFC_tsh,5-15,-0.23957433529079633,62,-0.2414222332974194,MAP_SCADA,63,0.0018478980066230777
4,UPFC_Vse,5-15,0.06324467634335171,62,0.06318830069089101,MAP_SCADA,63,5.637565246069398e-05
5,UPFC_tse,5-15,-2.194724354980753,62,-2.169501817510658,MAP_SCADA,63,0.025222537470094952
0,x_tcsc,1-14,-0.1047565086025988,63,-0.10101225574976058,MAP_SCADA,63,0.00374425285283822
1,B_svc,2,0.16464257816312167,63,0.17062739233386445,MAP_SCADA,63,0.005984814170742786
2,UPFC_Vsh,5-15,1.1108932720561624,63,1.1129292855585908,MAP_SCADA,63,0.0020360135024284354
3,UPFC_tsh,5-15,-0.23730546416250609,63,-0.2414222332974194,MAP_SCADA,63,0.004116769134913323
4,UPFC_Vse,5-15,0.06270315531355272,63,0.06318830069089101,MAP_SCADA,63,0.0004851453773382919
5,UPFC_tse,5-15,-2.1891048347645268,63,-2.169501817510658,MAP_SCADA,63,0.019603017253868593
0,x_tcsc,1-14,-0.10149762845702923,64,-0.10101225574976058,MAP_SCADA,63,0.00048537270726864423
1,B_svc,2,0.17041915878050962,64,0.17062739233386445,MAP_SCADA,63,0.0002082335533548363
2,UPFC_Vsh,5-15,1.1100417205424307,64,1.1129292855585908,MAP_SCADA,63,0.002887565016160165
3,UPFC_tsh,5-15,-0.23829959354425628,64,-0.2414222332974194,MAP_SCADA,63,0.0031226397531631256
4,UPFC_Vse,5-15,0.06332037722712637,64,0.06318830069089101,MAP_SCADA,63,0.00013207653623535653
5,UPFC_tse,5-15,-2.1874300265671645,64,-2.169501817510658,MAP_SCADA,63,0.017928209056506272
0,x_tcsc,1-14,-0.1029503968470731,65,-0.10101225574976058,MAP_SCADA,63,0.0019381410973125235
1,B_svc,2,0.1727546126568781,65,0.17062739233386445,MAP_SCADA,63,0.0021272203230136566
2,UPFC_Vsh,5-15,1.1090411589252558,65,1.1129292855585908,MAP_SCADA,63,0.003888126633335043
3,UPFC_tsh,5-15,-0.2391466538977477,65,-0.2414222332974194,MAP_SCADA,63,0.002275579399671712
4,UPFC_Vse,5-15,0.06267864255580684,65,0.06318830069089101,MAP_SCADA,63,0.0005096581350841761
5,UPFC_tse,5-15,-2.194609229181598,65,-2.169501817510658,MAP_SCADA,63,0.025107411670939772
0,x_tcsc,1-14,-0.10255764452678089,66,-0.10101225574976058,MAP_SCADA,63,0.001545388777020304
1,B_svc,2,0.17335932811787075,66,0.17062739233386445,MAP_SCADA,63,0.0027319357840062952
2,UPFC_Vsh,5-15,1.1067821196443008,66,1.1129292855585908,MAP_SCADA,63,0.006147165914289987
3,UPFC_tsh,5-15,-0.24009114421968414,66,-0.2414222332974194,MAP_SCADA,63,0.0013310890777352702
4,UPFC_Vse,5-15,0.06383770986129642,66,0.06318830069089101,MAP_SCADA,63,0.0006494091704054017
5,UPFC_tse,5-15,-2.189975251551576,66,-2.169501817510658,MAP_SCADA,63,0.020473434040917837
0,x_tcsc,1-14,-0.10257961106253177,67,-0.10101225574976058,MAP_SCADA,63,0.0015673553127711903
1,B_svc,2,0.1742425484016374,67,0.17062739233386445,MAP_SCADA,63,0.0036151560677729344
2,UPFC_Vsh,5-15,1.1083253567254918,67,1.1129292855585908,MAP_SCADA,63,0.004603928833099014
3,UPFC_tsh,5-15,-0.23958027079370714,67,-0.2414222332974194,MAP_SCADA,63,0.0018419625037122689
4,UPFC_Vse,5-15,0.06314568162052941,67,0.06318830069089101,MAP_SCADA,63,4.2619070361599176e-05
5,UPFC_tse,5-15,-2.1901283364202158,67,-2.169501817510658,MAP_SCADA,63,0.02062651890955758
0,x_tcsc,1-14,-0.10263337111071213,68,-0.10101225574976058,MAP_SCADA,63,0.0016211153609515527
1,B_svc,2,0.17100614863303598,68,0.17062739233386445,MAP_SCADA,63,0.00037875629917152875
2,UPFC_Vsh,5-15,1.1100202564761716,68,1.1129292855585908,MAP_SCADA,63,0.00290902908241919
3,UPFC_tsh,5-15,-0.23892424588676187,68,-0.2414222332974194,MAP_SCADA,63,0.002497987410657543
4,UPFC_Vse,5-15,0.06251988918292863,68,0.06318830069089101,MAP_SCADA,63,0.0006684115079623881
5,UPFC_tse,5-15,-2.187948808276476,68,-2.169501817510658,MAP_SCADA,63,0.018446990765817795
0,x_tcsc,1-14,-0.10299316820601115,69,-0.10101225574976058,MAP_SCADA,63,0.0019809124562505664
1,B_svc,2,0.16947360486173987,69,0.17062739233386445,MAP_SCADA,63,0.0011537874721245789
2,UPFC_Vsh,5-15,1.1089815892970292,69,1.1129292855585908,MAP_SCADA,63,0.003947696261561662
3,UPFC_tsh,5-15,-0.2385254375662905,69,-0.2414222332974194,MAP_SCADA,63,0.002896795731128915
4,UPFC_Vse,5-15,0.06214377261304217,69,0.06318830069089101,MAP_SCADA,63,0.0010445280778488414
5,UPFC_tse,5-15,-2.1892225229127744,69,-2.169501817510658,MAP_SCADA,63,0.019720705402116234
0,x_tcsc,1-14,-0.10185809716055308,70,-0.10101225574976058,MAP_SCADA,63,0.0008458414107924972
1,B_svc,2,0.1712652326521477,70,0.17062739233386445,MAP_SCADA,63,0.0006378403182832337
2,UPFC_Vsh,5-15,1.1087057236793505,70,1.1129292855585908,MAP_SCADA,63,0.004223561879240334
3,UPFC_tsh,5-15,-0.2391822748874336,70,-0.2414222332974194,MAP_SCADA,63,0.0022399584099858094
4,UPFC_Vse,5-15,0.06257359134144821,70,0.06318830069089101,MAP_SCADA,63,0.0006147093494427991
5,UPFC_tse,5-15,-2.1913194357175967,70,-2.169501817510658,MAP_SCADA,63,0.021817618206938505
0,x_tcsc,1-14,-0.10524162761546635,71,-0.10101225574976058,MAP_SCADA,63,0.004229371865705767
1,B_svc,2,0.16611244629803404,71,0.17062739233386445,MAP_SCADA,63,0.004514946035830414
2,UPFC_Vsh,5-15,1.1096813062861652,71,1.1129292855585908,MAP_SCADA,63,0.003247979272425594
3,UPFC_tsh,5-15,-0.23770084547255427,71,-0.2414222332974194,MAP_SCADA,63,0.003721387824865141
4,UPFC_Vse,5-15,0.06383213767638687,71,0.06318830069089101,MAP_SCADA,63,0.0006438369854958603
5,UPFC_tse,5-15,-2.1861294420596007,71,-2.169501817510658,MAP_SCADA,63,0.01662762454894251
0,x_tcsc,1-14,-0.10233283399276083,72,-0.10101225574976058,MAP_SCADA,63,0.0013205782430002477
1,B_svc,2,0.17345561181975075,72,0.17062739233386445,MAP_SCADA,63,0.0028282194858862963
2,UPFC_Vsh,5-15,1.1081896369708146,72,1.1129292855585908,MAP_SCADA,63,0.004739648587776202
3,UPFC_tsh,5-15,-0.2390668542505105,72,-0.2414222332974194,MAP_SCADA,63,0.002355379046908912
4,UPFC_Vse,5-15,0.06308312190652304,72,0.06318830069089101,MAP_SCADA,63,0.00010517878436797079
5,UPFC_tse,5-15,-2.1950210742699534,72,-2.169501817510658,MAP_SCADA,63,0.025519256759295228
0,x_tcsc,1-14,-0.10300572656616798,73,-0.10101225574976058,MAP_SCADA,63,0.001993470816407397
1,B_svc,2,0.1699124075334846,73,0.17062739233386445,MAP_SCADA,63,0.0007149848003798476
2,UPFC_Vsh,5-15,1.111688763891842,73,1.1129292855585908,MAP_SCADA,63,0.0012405216667488173
3,UPFC_tsh,5-15,-0.23754253964747926,73,-0.2414222332974194,MAP_SCADA,63,0.003879693649940147
4,UPFC_Vse,5-15,0.06295480558574423,73,0.06318830069089101,MAP_SCADA,63,0.0002334951051467804
5,UPFC_tse,5-15,-2.1898784956330895,73,-2.169501817510658,MAP_SCADA,63,0.02037667812243127
0,x_tcsc,1-14,-0.10514924575789812,74,-0.10101225574976058,MAP_SCADA,63,0.004136990008137539
1,B_svc,2,0.16485838462843566,74,0.17062739233386445,MAP_SCADA,63,0.005769007705428791
2,UPFC_Vsh,5-15,1.1083799244483572,74,1.1129292855585908,MAP_SCADA,63,0.0045493611102336295
3,UPFC_tsh,5-15,-0.23760004359913878,74,-0.2414222332974194,MAP_SCADA,63,0.0038221896982806314
4,UPFC_Vse,5-15,0.06298926157265705,74,0.06318830069089101,MAP_SCADA,63,0.00019903911823396236
5,UPFC_tse,5-15,-2.1901337929582283,74,-2.169501817510658,MAP_SCADA,63,0.020631975447570117
0,x_tcsc,1-14,-0.10232746305722461,75,-0.10101225574976058,MAP_SCADA,63,0.0013152073074640253
1,B_svc,2,0.17313561704027464,75,0.17062739233386445,MAP_SCADA,63,0.0025082247064101837
2,UPFC_Vsh,5-15,1.1109635601407246,75,1.1129292855585908,MAP_SCADA,63,0.0019657254178662154
3,UPFC_tsh,5-15,-0.2383956924953973,75,-0.2414222332974194,MAP_SCADA,63,0.0030265408020221096
4,UPFC_Vse,5-15,0.06252459057740888,75,0.06318830069089101,MAP_SCADA,63,0.0006637101134821383
5,UPFC_tse,5-15,-2.1931506194433967,75,-2.169501817510658,MAP_SCADA,63,0.02364880193273855
0,x_tcsc,1-14,-0.10346791682523426,76,-0.10101225574976058,MAP_SCADA,63,0.0024556610754736807
1,B_svc,2,0.16888588364988585,76,0.17062739233386445,MAP_SCADA,63,0.0017415086839785987
2,UPFC_Vsh,5-15,1.1099742200180993,76,1.1129292855585908,MAP_SCADA,63,0.0029550655404915194
3,UPFC_tsh,5-15,-0.23913273123024675,76,-0.2414222332974194,MAP_SCADA,63,0.002289502067172655
4,UPFC_Vse,5-15,0.06273977661451471,76,0.06318830069089101,MAP_SCADA,63,0.0004485240763762999
5,UPFC_tse,5-15,-2.1907842344148376,76,-2.169501817510658,MAP_SCADA,63,0.021282416904179424
0,x_tcsc,1-14,-0.1031683208624105,77,-0.10101225574976058,MAP_SCADA,63,0.002156065112649916
1,B_svc,2,0.16891396732518127,77,0.17062739233386445,MAP_SCADA,63,0.0017134250086831837
2,UPFC_Vsh,5-15,1.1077683373382927,77,1.1129292855585908,MAP_SCADA,63,0.005160948220298112
3,UPFC_tsh,5-15,-0.23970109057894223,77,-0.2414222332974194,MAP_SCADA,63,0.0017211427184771755
4,UPFC_Vse,5-15,0.06299287105766653,77,0.06318830069089101,MAP_SCADA,63,0.0001954296332244837
5,UPFC_tse,5-15,-2.189390037798933,77,-2.169501817510658,MAP_SCADA,63,0.01988822028827464
0,x_tcsc,1-14,-0.1003523763282444,78,-0.10101225574976058,MAP_SCADA,63,0.0006598794215161852
1,B_svc,2,0.1781374744137755,78,0.17062739233386445,MAP_SCADA,63,0.007510082079911051
2,UPFC_Vsh,5-15,1.1064367614323085,78,1.1129292855585908,MAP_SCADA,63,0.0064925241262823175
3,UPFC_tsh,5-15,-0.24069360638132725,78,-0.2414222332974194,MAP_SCADA,63,0.0007286269160921566
4,UPFC_Vse,5-15,0.0636058583757046,78,0.06318830069089101,MAP_SCADA,63,0.0004175576848135798
5,UPFC_tse,5-15,-2.1934335928061675,78,-2.169501817510658,MAP_SCADA,63,0.023931775295509272
0,x_tcsc,1-14,-0.10276773053574277,79,-0.10101225574976058,MAP_SCADA,63,0.001755474785982189
1,B_svc,2,0.1680802978468382,79,0.17062739233386445,MAP_SCADA,63,0.0025470944870262524
2,UPFC_Vsh,5-15,1.1117810693734493,79,1.1129292855585908,MAP_SCADA,63,0.001148216185141493
3,UPFC_tsh,5-15,-0.237322468516072,79,-0.2414222332974194,MAP_SCADA,63,0.004099764781347409
4,UPFC_Vse,5-15,0.06270065158906427,79,0.06318830069089101,MAP_SCADA,63,0.00048764910182674814
5,UPFC_tse,5-15,-2.1869983063602736,79,-2.169501817510658,MAP_SCADA,63,0.01749648884961541
0,x_tcsc,1-14,-0.10316049789480242,80,-0.10101225574976058,MAP_SCADA,63,0.0021482421450418343
1,B_svc,2,0.17065832407353948,80,0.17062739233386445,MAP_SCADA,63,3.093173967502749e-05
2,UPFC_Vsh,5-15,1.1092538073589127,80,1.1129292855585908,MAP_SCADA,63,0.0036754781996781727
3,UPFC_tsh,5-15,-0.239140938455551,80,-0.2414222332974194,MAP_SCADA,63,0.0022812948418683976
4,UPFC_Vse,5-15,0.063109103691046,80,0.06318830069089101,MAP_SCADA,63,7.919699984501594e-05
5,UPFC_tse,5-15,-2.1914075308370156,80,-2.169501817510658,MAP_SCADA,63,0.02190571332635738
0,x_tcsc,1-14,-0.10041044236733196,81,-0.10101225574976058,MAP_SCADA,63,0.0006018133824286231
1,B_svc,2,0.18123476065321326,81,0.17062739233386445,MAP_SCADA,63,0.010607368319348803
2,UPFC_Vsh,5-15,1.1059665821283136,81,1.1129292855585908,MAP_SCADA,63,0.006962703430277273
3,UPFC_tsh,5-15,-0.24094205153019474,81,-0.2414222332974194,MAP_SCADA,63,0.0004801817672246689
4,UPFC_Vse,5-15,0.06307815871124836,81,0.06318830069089101,MAP_SCADA,63,0.00011014197964265282
5,UPFC_tse,5-15,-2.195590834076475,81,-2.169501817510658,MAP_SCADA,63,0.02608901656581697
0,x_tcsc,1-14,-0.10457447478471675,82,-0.10101225574976058,MAP_SCADA,63,0.0035622190349561683
1,B_svc,2,0.16783207973975625,82,0.17062739233386445,MAP_SCADA,63,0.0027953125941082013
2,UPFC_Vsh,5-15,1.110012346364267,82,1.1129292855585908,MAP_SCADA,63,0.0029169391943237866
3,UPFC_tsh,5-15,-0.2376586382346466,82,-0.2414222332974194,MAP_SCADA,63,0.0037635950627727954
4,UPFC_Vse,5-15,0.06331608203981146,82,0.06318830069089101,MAP_SCADA,63,0.00012778134892044157
5,UPFC_tse,5-15,-2.1867291866877543,82,-2.169501817510658,MAP_SCADA,63,0.017227369177096108
0,x_tcsc,1-14,-0.1031657595623476,83,-0.10101225574976058,MAP_SCADA,63,0.0021535038125870126
1,B_svc,2,0.17424357418869788,83,0.17062739233386445,MAP_SCADA,63,0.0036161818548334224
2,UPFC_Vsh,5-15,1.1072885960269414,83,1.1129292855585908,MAP_SCADA,63,0.005640689531649423
3,UPFC_tsh,5-15,-0.23966310880723438,83,-0.2414222332974194,MAP_SCADA,63,0.0017591244901850323
4,UPFC_Vse,5-15,0.06304301881323121,83,0.06318830069089101,MAP_SCADA,63,0.00014528187765980305
5,UPFC_tse,5-15,-2.1962086599650283,83,-2.169501817510658,MAP_SCADA,63,0.02670684245437016
0,x_tcsc,1-14,-0.10333678174264938,84,-0.10101225574976058,MAP_SCADA,63,0.002324525992888793
1,B_svc,2,0.16992623847206714,84,0.17062739233386445,MAP_SCADA,63,0.0007011538617973101
2,UPFC_Vsh,5-15,1.108396689227261,84,1.1129292855585908,MAP_SCADA,63,0.004532596331329852
3,UPFC_tsh,5-15,-0.23891537987045408,84,-0.2414222332974194,MAP_SCADA,63,0.0025068534269653275
4,UPFC_Vse,5-15,0.06353080171285039,84,0.06318830069089101,MAP_SCADA,63,0.0003425010219593738
5,UPFC_tse,5-15,-2.1934515204379577,84,-2.169501817510658,MAP_SCADA,63,0.023949702927299477
0,x_tcsc,1-14,-0.10081655054250013,85,-0.10101225574976058,MAP_SCADA,63,0.00019570520726044927
1,B_svc,2,0.17694535235740244,85,0.17062739233386445,MAP_SCADA,63,0.0063179600235379885
2,UPFC_Vsh,5-15,1.1073705397164069,85,1.1129292855585908,MAP_SCADA,63,0.005558745842183965
3,UPFC_tsh,5-15,-0.2398156892148108,85,-0.2414222332974194,MAP_SCADA,63,0.001606544082608602
4,UPFC_Vse,5-15,0.06285607316405972,85,0.06318830069089101,MAP_SCADA,63,0.0003322275268312913
5,UPFC_tse,5-15,-2.1933991813687634,85,-2.169501817510658,MAP_SCADA,63,0.02389736385810526
0,x_tcsc,1-14,-0.10456865424775502,86,-0.10101225574976058,MAP_SCADA,63,0.0035563984979944396
1,B_svc,2,0.1666530528575441,86,0.17062739233386445,MAP_SCADA,63,0.0039743394763203654
2,UPFC_Vsh,5-15,1.1106773055855599,86,1.1129292855585908,MAP_SCADA,63,0.0022519799730309487
3,UPFC_tsh,5-15,-0.23739767838514195,86,-0.2414222332974194,MAP_SCADA,63,0.0040245549122774615
4,UPFC_Vse,5-15,0.06257029657897878,86,0.06318830069089101,MAP_SCADA,63,0.0006180041119122348
5,UPFC_tse,5-15,-2.189342971517965,86,-2.169501817510658,MAP_SCADA,63,0.019841154007306905
0,x_tcsc,1-14,-0.1014522893066262,87,-0.10101225574976058,MAP_SCADA,63,0.0004400335568656155
1,B_svc,2,0.1759377983837093,87,0.17062739233386445,MAP_SCADA,63,0.00531040604984484
2,UPFC_Vsh,5-15,1.1075747788641153,87,1.1129292855585908,MAP_SCADA,63,0.005354506694475569
3,UPFC_tsh,5-15,-0.23996026048803054,87,-0.2414222332974194,MAP_SCADA,63,0.0014619728093888673
4,UPFC_Vse,5-15,0.0631287474103788,87,0.06318830069089101,MAP_SCADA,63,5.9553280512214535e-05
5,UPFC_tse,5-15,-2.192029188740658,87,-2.169501817510658,MAP_SCADA,63,0.022527371229999815
0,x_tcsc,1-14,-0.10308302753037737,88,-0.10101225574976058,MAP_SCADA,63,0.0020707717806167925
1,B_svc,2,0.17448784950738527,88,0.17062739233386445,MAP_SCADA,63,0.0038604571735208204
2,UPFC_Vsh,5-15,1.1061476784346318,88,1.1129292855585908,MAP_SCADA,63,0.0067816071239590325
3,UPFC_tsh,5-15,-0.24050589806222702,88,-0.2414222332974194,MAP_SCADA,63,0.0009163352351923837
4,UPFC_Vse,5-15,0.06268005160067479,88,0.06318830069089101,MAP_SCADA,63,0.0005082490902162257
5,UPFC_tse,5-15,-2.190872120562374,88,-2.169501817510658,MAP_SCADA,63,0.021370303051715833
0,x_tcsc,1-14,-0.10267111452075099,89,-0.10101225574976058,MAP_SCADA,63,0.0016588587709904096
1,B_svc,2,0.16961778126943405,89,0.17062739233386445,MAP_SCADA,63,0.001009611064430399
2,UPFC_Vsh,5-15,1.1079274160944588,89,1.1129292855585908,MAP_SCADA,63,0.005001869464132058
3,UPFC_tsh,5-15,-0.23875734153579592,89,-0.2414222332974194,MAP_SCADA,63,0.002664891761623489
4,UPFC_Vse,5-15,0.06317546712596372,89,0.06318830069089101,MAP_SCADA,63,1.2833564927289265e-05
5,UPFC_tse,5-15,-2.1882457540257323,89,-2.169501817510658,MAP_SCADA,63,0.01874393651507411
0,x_tcsc,1-14,-0.10613469936333164,90,-0.10101225574976058,MAP_SCADA,63,0.005122443613571059
1,B_svc,2,0.16006816122231587,90,0.17062739233386445,MAP_SCADA,63,0.010559231111548578
2,UPFC_Vsh,5-15,1.1094315761130153,90,1.1129292855585908,MAP_SCADA,63,0.003497709445575481
3,UPFC_tsh,5-15,-0.23704302088232218,90,-0.2414222332974194,MAP_SCADA,63,0.004379212415097228
4,UPFC_Vse,5-15,0.06352188556720155,90,0.06318830069089101,MAP_SCADA,63,0.0003335848763105359
5,UPFC_tse,5-15,-2.187971846351272,90,-2.169501817510658,MAP_SCADA,63,0.01847002884061366
0,x_tcsc,1-14,-0.10274183533505725,91,-0.10101225574976058,MAP_SCADA,63,0.0017295795852966672
1,B_svc,2,0.1712474167571244,91,0.17062739233386445,MAP_SCADA,63,0.0006200244232599517
2,UPFC_Vsh,5-15,1.1081719272205834,91,1.1129292855585908,MAP_SCADA,63,0.004757358338007389
3,UPFC_tsh,5-15,-0.23991407693170547,91,-0.2414222332974194,MAP_SCADA,63,0.0015081563657139418
4,UPFC_Vse,5-15,0.06319960057066118,91,0.06318830069089101,MAP_SCADA,63,1.1299879770165777e-05
5,UPFC_tse,5-15,-2.189139377730668,91,-2.169501817510658,MAP_SCADA,63,0.019637560220009842
0,x_tcsc,1-14,-0.10529554962383599,92,-0.10101225574976058,MAP_SCADA,63,0.004283293874075403
1,B_svc,2,0.164802444766533,92,0.17062739233386445,MAP_SCADA,63,0.005824947567331457
2,UPFC_Vsh,5-15,1.1091574366065957,92,1.1129292855585908,MAP_SCADA,63,0.003771848951995116
3,UPFC_tsh,5-15,-0.23715858961762765,92,-0.2414222332974194,MAP_SCADA,63,0.004263643679791762
4,UPFC_Vse,5-15,0.06325685516812932,92,0.06318830069089101,MAP_SCADA,63,6.855447723830288e-05
5,UPFC_tse,5-15,-2.185841384590449,92,-2.169501817510658,MAP_SCADA,63,0.016339567079791006
0,x_tcsc,1-14,-0.10198001686873225,93,-0.10101225574976058,MAP_SCADA,63,0.0009677611189716634
1,B_svc,2,0.1745075075648837,93,0.17062739233386445,MAP_SCADA,63,0.003880115231019249
2,UPFC_Vsh,5-15,1.1077672411780743,93,1.1129292855585908,MAP_SCADA,63,0.005162044380516484
3,UPFC_tsh,5-15,-0.24025055114601698,93,-0.2414222332974194,MAP_SCADA,63,0.0011716821514024256
4,UPFC_Vse,5-15,0.06302712550417613,93,0.06318830069089101,MAP_SCADA,63,0.00016117518671487918
5,UPFC_tse,5-15,-2.193898147976288,93,-2.169501817510658,MAP_SCADA,63,0.024396330465629834
0,x_tcsc,1-14,-0.10240752827041755,94,-0.10101225574976058,MAP_SCADA,63,0.001395272520656965
1,B_svc,2,0.17267742847899017,94,0.17062739233386445,MAP_SCADA,63,0.002050036145125722
2,UPFC_Vsh,5-15,1.1060683377314755,94,1.1129292855585908,MAP_SCADA,63,0.006860947827115327
3,UPFC_tsh,5-15,-0.23966172718881376,94,-0.2414222332974194,MAP_SCADA,63,0.0017605061086056473
4,UPFC_Vse,5-15,0.06356182781739468,94,0.06318830069089101,MAP_SCADA,63,0.00037352712650366715
5,UPFC_tse,5-15,-2.1899317687571993,94,-2.169501817510658,MAP_SCADA,63,0.020429951246541123
0,x_tcsc,1-14,-0.1015701753308845,95,-0.10101225574976058,MAP_SCADA,63,0.0005579195811239168
1,B_svc,2,0.1739762418767858,95,0.17062739233386445,MAP_SCADA,63,0.003348849542921334
2,UPFC_Vsh,5-15,1.109278096323847,95,1.1129292855585908,MAP_SCADA,63,0.0036511892347437236
3,UPFC_tsh,5-15,-0.23889218641001428,95,-0.2414222332974194,MAP_SCADA,63,0.0025300468874051296
4,UPFC_Vse,5-15,0.06328697888437507,95,0.06318830069089101,MAP_SCADA,63,9.867819348405305e-05
5,UPFC_tse,5-15,-2.194328809564617,95,-2.169501817510658,MAP_SCADA,63,0.024826992053958996
0,x_tcsc,1-14,-0.10232252245350033,96,-0.10101225574976058,MAP_SCADA,63,0.0013102667037397514
1,B_svc,2,0.17372121612069635,96,0.17062739233386445,MAP_SCADA,63,0.0030938237868319007
2,UPFC_Vsh,5-15,1.108048298640947,96,1.1129292855585908,MAP_SCADA,63,0.004880986917643826
3,UPFC_tsh,5-15,-0.2395526260351638,96,-0.2414222332974194,MAP_SCADA,63,0.0018696072622556015
4,UPFC_Vse,5-15,0.06360226093011265,96,0.06318830069089101,MAP_SCADA,63,0.0004139602392216335
5,UPFC_tse,5-15,-2.1900485756251924,96,-2.169501817510658,MAP_SCADA,63,0.020546758114534214
0,x_tcsc,1-14,-0.10333071641159243,97,-0.10101225574976058,MAP_SCADA,63,0.0023184606618318476
1,B_svc,2,0.17110006030773722,97,0.17062739233386445,MAP_SCADA,63,0.00047266797387277015
2,UPFC_Vsh,5-15,1.1083044207896122,97,1.1129292855585908,MAP_SCADA,63,0.004624864768978609
3,UPFC_tsh,5-15,-0.23860190996385314,97,-0.2414222332974194,MAP_SCADA,63,0.0028203233335662714
4,UPFC_Vse,5-15,0.06399735750141623,97,0.06318830069089101,MAP_SCADA,63,0.0008090568105252188
5,UPFC_tse,5-15,-2.19124066642229,97,-2.169501817510658,MAP_SCADA,63,0.021738848911631692
0,x_tcsc,1-14,-0.10426524521610846,98,-0.10101225574976058,MAP_SCADA,63,0.0032529894663478748
1,B_svc,2,0.17011498705090078,98,0.17062739233386445,MAP_SCADA,63,0.0005124052829636738
2,UPFC_Vsh,5-15,1.1100572819699157,98,1.1129292855585908,MAP_SCADA,63,0.0028720035886751205
3,UPFC_tsh,5-15,-0.23770219494552186,98,-0.2414222332974194,MAP_SCADA,63,0.0037200383518975477
4,UPFC_Vse,5-15,0.06334543800654534,98,0.06318830069089101,MAP_SCADA,63,0.00015713731565432376
5,UPFC_tse,5-15,-2.193521321270926,98,-2.169501817510658,MAP_SCADA,63,0.024019503760267735
0,x_tcsc,1-14,-0.10313457559422243,99,-0.10101225574976058,MAP_SCADA,63,0.002122319844461845
1,B_svc,2,0.17001685418981957,99,0.17062739233386445,MAP_SCADA,63,0.0006105381440448809
2,UPFC_Vsh,5-15,1.109765874666147,99,1.1129292855585908,MAP_SCADA,63,0.003163410892443874
3,UPFC_tsh,5-15,-0.23838836964991572,99,-0.2414222332974194,MAP_SCADA,63,0.0030338636475036873
4,UPFC_Vse,5-15,0.06302138463839355,99,0.06318830069089101,MAP_SCADA,63,0.00016691605249746777
5,UPFC_tse,5-15,-2.187957790781871,99,-2.169501817510658,MAP_SCADA,63,0.018455973271212844
0,x_tcsc,1-14,-0.10329353714551051,0,-0.10433918663588006,MAP_SCADA,65,0.0010456494903695462
1,B_svc,2,0.16811519883705064,0,0.17385470840421569,MAP_SCADA,65,0.005739509567165041
2,UPFC_Vsh,5-15,1.1098479333514264,0,1.1114756956253016,MAP_SCADA,65,0.0016277622738751774
3,UPFC_tsh,5-15,-0.23850846755793317,0,-0.23814240174598778,MAP_SCADA,65,0.00036606581194539856
4,UPFC_Vse,5-15,0.06280396337550218,0,0.06347709884856012,MAP_SCADA,65,0.0006731354730579453
5,UPFC_tse,5-15,-2.189547936028691,0,-2.165067531433945,MAP_SCADA,65,0.024480404594746208
0,x_tcsc,1-14,-0.10333449122731382,1,-0.10433918663588006,MAP_SCADA,65,0.0010046954085662363
1,B_svc,2,0.17229278551833666,1,0.17385470840421569,MAP_SCADA,65,0.0015619228858790302
2,UPFC_Vsh,5-15,1.1074218438606374,1,1.1114756956253016,MAP_SCADA,65,0.004053851764664218
3,UPFC_tsh,5-15,-0.2393005791363044,1,-0.23814240174598778,MAP_SCADA,65,0.0011581773903166226
4,UPFC_Vse,5-15,0.06354372417136461,1,0.06347709884856012,MAP_SCADA,65,6.662532280449218e-05
5,UPFC_tse,5-15,-2.188008410858818,1,-2.165067531433945,MAP_SCADA,65,0.022940879424873106
0,x_tcsc,1-14,-0.10362651376837446,2,-0.10433918663588006,MAP_SCADA,65,0.0007126728675055927
1,B_svc,2,0.16919022531694322,2,0.17385470840421569,MAP_SCADA,65,0.004664483087272464
2,UPFC_Vsh,5-15,1.1102493941878657,2,1.1114756956253016,MAP_SCADA,65,0.0012263014374358505
3,UPFC_tsh,5-15,-0.23849235067663532,2,-0.23814240174598778,MAP_SCADA,65,0.00034994893064754784
4,UPFC_Vse,5-15,0.06320110323422641,2,0.06347709884856012,MAP_SCADA,65,0.00027599561433371
5,UPFC_tse,5-15,-2.191367850099842,2,-2.165067531433945,MAP_SCADA,65,0.026300318665897215
0,x_tcsc,1-14,-0.1022783976113678,3,-0.10433918663588006,MAP_SCADA,65,0.0020607890245122606
1,B_svc,2,0.17447641250969634,3,0.17385470840421569,MAP_SCADA,65,0.0006217041054806527
2,UPFC_Vsh,5-15,1.1077086780665086,3,1.1114756956253016,MAP_SCADA,65,0.00376701755879294
3,UPFC_tsh,5-15,-0.239679881625969,3,-0.23814240174598778,MAP_SCADA,65,0.001537479879981235
4,UPFC_Vse,5-15,0.06420872154220497,3,0.06347709884856012,MAP_SCADA,65,0.0007316226936448511
5,UPFC_tse,5-15,-2.1910131457639017,3,-2.165067531433945,MAP_SCADA,65,0.02594561432995679
0,x_tcsc,1-14,-0.10394054656344608,4,-0.10433918663588006,MAP_SCADA,65,0.00039864007243398114
1,B_svc,2,0.17253418900935183,4,0.17385470840421569,MAP_SCADA,65,0.001320519394863856
2,UPFC_Vsh,5-15,1.1080842679213603,4,1.1114756956253016,MAP_SCADA,65,0.0033914277039412966
3,UPFC_tsh,5-15,-0.23896792048445972,4,-0.23814240174598778,MAP_SCADA,65,0.0008255187384719476
4,UPFC_Vse,5-15,0.06280615072875485,4,0.06347709884856012,MAP_SCADA,65,0.0006709481198052675
5,UPFC_tse,5-15,-2.190748734444064,4,-2.165067531433945,MAP_SCADA,65,0.025681203010119003
0,x_tcsc,1-14,-0.10358721953952944,5,-0.10433918663588006,MAP_SCADA,65,0.0007519670963506142
1,B_svc,2,0.16814849854113137,5,0.17385470840421569,MAP_SCADA,65,0.005706209863084316
2,UPFC_Vsh,5-15,1.1103570430873901,5,1.1114756956253016,MAP_SCADA,65,0.0011186525379114354
3,UPFC_tsh,5-15,-0.23847268222950582,5,-0.23814240174598778,MAP_SCADA,65,0.0003302804835180473
4,UPFC_Vse,5-15,0.06314489609101118,5,0.06347709884856012,MAP_SCADA,65,0.0003322027575489439
5,UPFC_tse,5-15,-2.190275244913631,5,-2.165067531433945,MAP_SCADA,65,0.025207713479685978
0,x_tcsc,1-14,-0.10350531559935731,6,-0.10433918663588006,MAP_SCADA,65,0.0008338710365227431
1,B_svc,2,0.16889408616433438,6,0.17385470840421569,MAP_SCADA,65,0.004960622239881307
2,UPFC_Vsh,5-15,1.1092796634959625,6,1.1114756956253016,MAP_SCADA,65,0.002196032129339054
3,UPFC_tsh,5-15,-0.2386688698331191,6,-0.23814240174598778,MAP_SCADA,65,0.0005264680871313321
4,UPFC_Vse,5-15,0.06287393598506438,6,0.06347709884856012,MAP_SCADA,65,0.0006031628634957376
5,UPFC_tse,5-15,-2.1904821780911643,6,-2.165067531433945,MAP_SCADA,65,0.025414646657219375
0,x_tcsc,1-14,-0.10086561566381738,7,-0.10433918663588006,MAP_SCADA,65,0.0034735709720626756
1,B_svc,2,0.17407933738082562,7,0.17385470840421569,MAP_SCADA,65,0.0002246289766099363
2,UPFC_Vsh,5-15,1.1095504799373779,7,1.1114756956253016,MAP_SCADA,65,0.0019252156879236981
3,UPFC_tsh,5-15,-0.23927897238709775,7,-0.23814240174598778,MAP_SCADA,65,0.001136570641109974
4,UPFC_Vse,5-15,0.06312921191592344,7,0.06347709884856012,MAP_SCADA,65,0.0003478869326366818
5,UPFC_tse,5-15,-2.1874008932882796,7,-2.165067531433945,MAP_SCADA,65,0.022333361854334655
0,x_tcsc,1-14,-0.10415892026095726,8,-0.10433918663588006,MAP_SCADA,65,0.0001802663749227995
1,B_svc,2,0.17134587093852688,8,0.17385470840421569,MAP_SCADA,65,0.002508837465688807
2,UPFC_Vsh,5-15,1.107249958845356,8,1.1114756956253016,MAP_SCADA,65,0.0042257367799456436
3,UPFC_tsh,5-15,-0.23866553903984225,8,-0.23814240174598778,MAP_SCADA,65,0.0005231372938544754
4,UPFC_Vse,5-15,0.06362033412494816,8,0.06347709884856012,MAP_SCADA,65,0.0001432352763880429
5,UPFC_tse,5-15,-2.186522927523441,8,-2.165067531433945,MAP_SCADA,65,0.02145539608949587
0,x_tcsc,1-14,-0.10245107087655327,9,-0.10433918663588006,MAP_SCADA,65,0.0018881157593267917
1,B_svc,2,0.1699705773336321,9,0.17385470840421569,MAP_SCADA,65,0.0038841310705835796
2,UPFC_Vsh,5-15,1.1111100280601645,9,1.1114756956253016,MAP_SCADA,65,0.00036566756513711773
3,UPFC_tsh,5-15,-0.23772898479278912,9,-0.23814240174598778,MAP_SCADA,65,0.0004134169531986587
4,UPFC_Vse,5-15,0.06293157188011914,9,0.06347709884856012,MAP_SCADA,65,0.0005455269684409847
5,UPFC_tse,5-15,-2.1889726606857733,9,-2.165067531433945,MAP_SCADA,65,0.023905129251828416
0,x_tcsc,1-14,-0.10201414245840422,10,-0.10433918663588006,MAP_SCADA,65,0.002325044177475838
1,B_svc,2,0.1773995230540244,10,0.17385470840421569,MAP_SCADA,65,0.003544814649808714
2,UPFC_Vsh,5-15,1.1078753800386845,10,1.1114756956253016,MAP_SCADA,65,0.003600315586617109
3,UPFC_tsh,5-15,-0.23991346910294914,10,-0.23814240174598778,MAP_SCADA,65,0.0017710673569613644
4,UPFC_Vse,5-15,0.06350055111044295,10,0.06347709884856012,MAP_SCADA,65,2.3452261882828118e-05
5,UPFC_tse,5-15,-2.188397089259698,10,-2.165067531433945,MAP_SCADA,65,0.023329557825753078
0,x_tcsc,1-14,-0.10309787691363395,11,-0.10433918663588006,MAP_SCADA,65,0.0012413097222461061
1,B_svc,2,0.17229032263195573,11,0.17385470840421569,MAP_SCADA,65,0.001564385772259952
2,UPFC_Vsh,5-15,1.106829264025858,11,1.1114756956253016,MAP_SCADA,65,0.004646431599443668
3,UPFC_tsh,5-15,-0.23956457706822262,11,-0.23814240174598778,MAP_SCADA,65,0.0014221753222348477
4,UPFC_Vse,5-15,0.06366462202276205,11,0.06347709884856012,MAP_SCADA,65,0.00018752317420192566
5,UPFC_tse,5-15,-2.1891986298807464,11,-2.165067531433945,MAP_SCADA,65,0.024131098446801502
0,x_tcsc,1-14,-0.10463812009775422,12,-0.10433918663588006,MAP_SCADA,65,0.00029893346187416514
1,B_svc,2,0.16853615682973003,12,0.17385470840421569,MAP_SCADA,65,0.005318551574485658
2,UPFC_Vsh,5-15,1.1081083885543885,12,1.1114756956253016,MAP_SCADA,65,0.0033673070709130393
3,UPFC_tsh,5-15,-0.23874039951966272,12,-0.23814240174598778,MAP_SCADA,65,0.0005979977736749464
4,UPFC_Vse,5-15,0.06357887848112859,12,0.06347709884856012,MAP_SCADA,65,0.00010177963256846612
5,UPFC_tse,5-15,-2.1899085293440548,12,-2.165067531433945,MAP_SCADA,65,0.024840997910109852
0,x_tcsc,1-14,-0.10326192676854636,13,-0.10433918663588006,MAP_SCADA,65,0.001077259867333702
1,B_svc,2,0.17236389006577532,13,0.17385470840421569,MAP_SCADA,65,0.001490818338440364
2,UPFC_Vsh,5-15,1.10698736772081,13,1.1114756956253016,MAP_SCADA,65,0.004488327904491607
3,UPFC_tsh,5-15,-0.23976528062347388,13,-0.23814240174598778,MAP_SCADA,65,0.0016228788774861058
4,UPFC_Vse,5-15,0.06249443149756003,13,0.06347709884856012,MAP_SCADA,65,0.0009826673510000897
5,UPFC_tse,5-15,-2.196371164920003,13,-2.165067531433945,MAP_SCADA,65,0.031303633486058136
0,x_tcsc,1-14,-0.1030504484184106,14,-0.10433918663588006,MAP_SCADA,65,0.0012887382174694567
1,B_svc,2,0.16997033053296642,14,0.17385470840421569,MAP_SCADA,65,0.0038843778712492616
2,UPFC_Vsh,5-15,1.1110829106317943,14,1.1114756956253016,MAP_SCADA,65,0.0003927849935072558
3,UPFC_tsh,5-15,-0.2378859124752215,14,-0.23814240174598778,MAP_SCADA,65,0.00025648927076626915
4,UPFC_Vse,5-15,0.0626573943935469,14,0.06347709884856012,MAP_SCADA,65,0.000819704455013226
5,UPFC_tse,5-15,-2.193799530913218,14,-2.165067531433945,MAP_SCADA,65,0.028731999479273185
0,x_tcsc,1-14,-0.10309694119605492,15,-0.10433918663588006,MAP_SCADA,65,0.0012422454398251376
1,B_svc,2,0.16693486271337285,15,0.17385470840421569,MAP_SCADA,65,0.006919845690842835
2,UPFC_Vsh,5-15,1.112102866085488,15,1.1114756956253016,MAP_SCADA,65,0.0006271704601863437
3,UPFC_tsh,5-15,-0.2382997699364943,15,-0.23814240174598778,MAP_SCADA,65,0.0001573681905065183
4,UPFC_Vse,5-15,0.06256983739626225,15,0.06347709884856012,MAP_SCADA,65,0.0009072614522978723
5,UPFC_tse,5-15,-2.1883812738215953,15,-2.165067531433945,MAP_SCADA,65,0.023313742387650382
0,x_tcsc,1-14,-0.10217489660297842,16,-0.10433918663588006,MAP_SCADA,65,0.002164290032901639
1,B_svc,2,0.17394135187656679,16,0.17385470840421569,MAP_SCADA,65,8.664347235110004e-05
2,UPFC_Vsh,5-15,1.107960262070741,16,1.1114756956253016,MAP_SCADA,65,0.003515433554560632
3,UPFC_tsh,5-15,-0.239206249885445,16,-0.23814240174598778,MAP_SCADA,65,0.0010638481394572297
4,UPFC_Vse,5-15,0.06271712989685814,16,0.06347709884856012,MAP_SCADA,65,0.0007599689517019809
5,UPFC_tse,5-15,-2.1939130467822623,16,-2.165067531433945,MAP_SCADA,65,0.028845515348317363
0,x_tcsc,1-14,-0.10454469730310308,17,-0.10433918663588006,MAP_SCADA,65,0.00020551066722301892
1,B_svc,2,0.16712461844377577,17,0.17385470840421569,MAP_SCADA,65,0.006730089960439917
2,UPFC_Vsh,5-15,1.109370895589937,17,1.1114756956253016,MAP_SCADA,65,0.002104800035364507
3,UPFC_tsh,5-15,-0.23753669429202756,17,-0.23814240174598778,MAP_SCADA,65,0.0006057074539602136
4,UPFC_Vse,5-15,0.06325825102421366,17,0.06347709884856012,MAP_SCADA,65,0.00021884782434646033
5,UPFC_tse,5-15,-2.186313396630077,17,-2.165067531433945,MAP_SCADA,65,0.02124586519613203
0,x_tcsc,1-14,-0.10112964944926826,18,-0.10433918663588006,MAP_SCADA,65,0.003209537186611794
1,B_svc,2,0.17737976177681442,18,0.17385470840421569,MAP_SCADA,65,0.00352505337259873
2,UPFC_Vsh,5-15,1.109702083507929,18,1.1114756956253016,MAP_SCADA,65,0.0017736121173725916
3,UPFC_tsh,5-15,-0.23936642374053496,18,-0.23814240174598778,MAP_SCADA,65,0.0012240219945471864
4,UPFC_Vse,5-15,0.06363139956315816,18,0.06347709884856012,MAP_SCADA,65,0.0001543007145980435
5,UPFC_tse,5-15,-2.1903458498537542,18,-2.165067531433945,MAP_SCADA,65,0.02527831841980932
0,x_tcsc,1-14,-0.10321435202359344,19,-0.10433918663588006,MAP_SCADA,65,0.0011248346122866154
1,B_svc,2,0.16810748723890664,19,0.17385470840421569,MAP_SCADA,65,0.005747221165309041
2,UPFC_Vsh,5-15,1.1100965594026282,19,1.1114756956253016,MAP_SCADA,65,0.0013791362226733828
3,UPFC_tsh,5-15,-0.23852179981642677,19,-0.23814240174598778,MAP_SCADA,65,0.000379398070438991
4,UPFC_Vse,5-15,0.0625930905180296,19,0.06347709884856012,MAP_SCADA,65,0.0008840083305305252
5,UPFC_tse,5-15,-2.188351087150795,19,-2.165067531433945,MAP_SCADA,65,0.023283555716850035
0,x_tcsc,1-14,-0.10354343396284567,20,-0.10433918663588006,MAP_SCADA,65,0.0007957526730343889
1,B_svc,2,0.16703463626958456,20,0.17385470840421569,MAP_SCADA,65,0.006820072134631122
2,UPFC_Vsh,5-15,1.1098341526661635,20,1.1114756956253016,MAP_SCADA,65,0.0016415429591380981
3,UPFC_tsh,5-15,-0.23788774543338145,20,-0.23814240174598778,MAP_SCADA,65,0.0002546563126063217
4,UPFC_Vse,5-15,0.06243570092208961,20,0.06347709884856012,MAP_SCADA,65,0.0010413979264705109
5,UPFC_tse,5-15,-2.191014469814827,20,-2.165067531433945,MAP_SCADA,65,0.025946938380882134
0,x_tcsc,1-14,-0.10344129310754582,21,-0.10433918663588006,MAP_SCADA,65,0.0008978935283342343
1,B_svc,2,0.1708677144969117,21,0.17385470840421569,MAP_SCADA,65,0.0029869939073039753
2,UPFC_Vsh,5-15,1.1077101992879548,21,1.1114756956253016,MAP_SCADA,65,0.0037654963373467965
3,UPFC_tsh,5-15,-0.23998780930740443,21,-0.23814240174598778,MAP_SCADA,65,0.0018454075614166565
4,UPFC_Vse,5-15,0.06297038816134898,21,0.06347709884856012,MAP_SCADA,65,0.0005067106872111427
5,UPFC_tse,5-15,-2.1940017442066315,21,-2.165067531433945,MAP_SCADA,65,0.028934212772686596
0,x_tcsc,1-14,-0.10200268563517126,22,-0.10433918663588006,MAP_SCADA,65,0.002336501000708799
1,B_svc,2,0.17089704393936794,22,0.17385470840421569,MAP_SCADA,65,0.0029576644648477424
2,UPFC_Vsh,5-15,1.11057128340465,22,1.1114756956253016,MAP_SCADA,65,0.0009044122206516292
3,UPFC_tsh,5-15,-0.2383999901081647,22,-0.23814240174598778,MAP_SCADA,65,0.0002575883621769304
4,UPFC_Vse,5-15,0.06284333278504248,22,0.06347709884856012,MAP_SCADA,65,0.0006337660635176434
5,UPFC_tse,5-15,-2.189614887509789,22,-2.165067531433945,MAP_SCADA,65,0.024547356075844018
0,x_tcsc,1-14,-0.10414257550582919,23,-0.10433918663588006,MAP_SCADA,65,0.00019661113005087216
1,B_svc,2,0.17302275696693312,23,0.17385470840421569,MAP_SCADA,65,0.0008319514372825687
2,UPFC_Vsh,5-15,1.1062099902680418,23,1.1114756956253016,MAP_SCADA,65,0.005265705357259787
3,UPFC_tsh,5-15,-0.23899992877224516,23,-0.23814240174598778,MAP_SCADA,65,0.000857527026257382
4,UPFC_Vse,5-15,0.06331203494101198,23,0.06347709884856012,MAP_SCADA,65,0.00016506390754814082
5,UPFC_tse,5-15,-2.193611288444514,23,-2.165067531433945,MAP_SCADA,65,0.028543757010568882
0,x_tcsc,1-14,-0.10255669398750906,24,-0.10433918663588006,MAP_SCADA,65,0.0017824926483709924
1,B_svc,2,0.17527665408020493,24,0.17385470840421569,MAP_SCADA,65,0.0014219456759892446
2,UPFC_Vsh,5-15,1.110444416352426,24,1.1114756956253016,MAP_SCADA,65,0.001031279272875496
3,UPFC_tsh,5-15,-0.23838245129865002,24,-0.23814240174598778,MAP_SCADA,65,0.00024004955266224148
4,UPFC_Vse,5-15,0.06343171498679508,24,0.06347709884856012,MAP_SCADA,65,4.5383861765044275e-05
5,UPFC_tse,5-15,-2.1934702341448933,24,-2.165067531433945,MAP_SCADA,65,0.028402702710948358
0,x_tcsc,1-14,-0.10349904714129522,25,-0.10433918663588006,MAP_SCADA,65,0.0008401394945848351
1,B_svc,2,0.16860677052613007,25,0.17385470840421569,MAP_SCADA,65,0.005247937878085612
2,UPFC_Vsh,5-15,1.1085206473749372,25,1.1114756956253016,MAP_SCADA,65,0.0029550482503644115
3,UPFC_tsh,5-15,-0.2385443264307013,25,-0.23814240174598778,MAP_SCADA,65,0.0004019246847135338
4,UPFC_Vse,5-15,0.06318141056723417,25,0.06347709884856012,MAP_SCADA,65,0.00029568828132595093
5,UPFC_tse,5-15,-2.193211743897714,25,-2.165067531433945,MAP_SCADA,65,0.02814421246376897
0,x_tcsc,1-14,-0.10344888642509803,26,-0.10433918663588006,MAP_SCADA,65,0.0008903002107820274
1,B_svc,2,0.1684348338944659,26,0.17385470840421569,MAP_SCADA,65,0.005419874509749789
2,UPFC_Vsh,5-15,1.1093544542233646,26,1.1114756956253016,MAP_SCADA,65,0.002121241401936924
3,UPFC_tsh,5-15,-0.23870731257150962,26,-0.23814240174598778,MAP_SCADA,65,0.0005649108255218471
4,UPFC_Vse,5-15,0.06272919858083496,26,0.06347709884856012,MAP_SCADA,65,0.0007479002677251573
5,UPFC_tse,5-15,-2.1892722360416754,26,-2.165067531433945,MAP_SCADA,65,0.0242047046077305
0,x_tcsc,1-14,-0.10324303032860659,27,-0.10433918663588006,MAP_SCADA,65,0.0010961563072734715
1,B_svc,2,0.16582498944584045,27,0.17385470840421569,MAP_SCADA,65,0.008029718958375232
2,UPFC_Vsh,5-15,1.1092917412852477,27,1.1114756956253016,MAP_SCADA,65,0.0021839543400539174
3,UPFC_tsh,5-15,-0.23786009562888574,27,-0.23814240174598778,MAP_SCADA,65,0.00028230611710203246
4,UPFC_Vse,5-15,0.06271511041328849,27,0.06347709884856012,MAP_SCADA,65,0.0007619884352716294
5,UPFC_tse,5-15,-2.1924914175363153,27,-2.165067531433945,MAP_SCADA,65,0.027423886102370343
0,x_tcsc,1-14,-0.10135196066548283,28,-0.10433918663588006,MAP_SCADA,65,0.002987225970397231
1,B_svc,2,0.17761057228239494,28,0.17385470840421569,MAP_SCADA,65,0.0037558638781792497
2,UPFC_Vsh,5-15,1.1083718755136782,28,1.1114756956253016,MAP_SCADA,65,0.0031038201116233566
3,UPFC_tsh,5-15,-0.2395613443581504,28,-0.23814240174598778,MAP_SCADA,65,0.0014189426121626325
4,UPFC_Vse,5-15,0.06346267764598927,28,0.06347709884856012,MAP_SCADA,65,1.4421202570849556e-05
5,UPFC_tse,5-15,-2.1903041390921896,28,-2.165067531433945,MAP_SCADA,65,0.025236607658244647
0,x_tcsc,1-14,-0.10515150213842957,29,-0.10433918663588006,MAP_SCADA,65,0.0008123155025495099
1,B_svc,2,0.16766234531155627,29,0.17385470840421569,MAP_SCADA,65,0.006192363092659414
2,UPFC_Vsh,5-15,1.1095725542927521,29,1.1114756956253016,MAP_SCADA,65,0.0019031413325494295
3,UPFC_tsh,5-15,-0.23785749907874235,29,-0.23814240174598778,MAP_SCADA,65,0.0002849026672454291
4,UPFC_Vse,5-15,0.06285327963871028,29,0.06347709884856012,MAP_SCADA,65,0.0006238192098498435
5,UPFC_tse,5-15,-2.1945382243971,29,-2.165067531433945,MAP_SCADA,65,0.029470692963155187
0,x_tcsc,1-14,-0.10214521014739744,30,-0.10433918663588006,MAP_SCADA,65,0.0021939764884826157
1,B_svc,2,0.1733947782625552,30,0.17385470840421569,MAP_SCADA,65,0.0004599301416604862
2,UPFC_Vsh,5-15,1.108749731528518,30,1.1114756956253016,MAP_SCADA,65,0.0027259640967836063
3,UPFC_tsh,5-15,-0.24003817420459694,30,-0.23814240174598778,MAP_SCADA,65,0.0018957724586091684
4,UPFC_Vse,5-15,0.06354332981972415,30,0.06347709884856012,MAP_SCADA,65,6.623097116402465e-05
5,UPFC_tse,5-15,-2.1899562565815236,30,-2.165067531433945,MAP_SCADA,65,0.024888725147578672
0,x_tcsc,1-14,-0.10186895497271833,31,-0.10433918663588006,MAP_SCADA,65,0.0024702316631617233
1,B_svc,2,0.1731001895027111,31,0.17385470840421569,MAP_SCADA,65,0.000754518901504575
2,UPFC_Vsh,5-15,1.1089604871881096,31,1.1114756956253016,MAP_SCADA,65,0.002515208437191996
3,UPFC_tsh,5-15,-0.2393106658119316,31,-0.23814240174598778,MAP_SCADA,65,0.001168264065943836
4,UPFC_Vse,5-15,0.06361662209310572,31,0.06347709884856012,MAP_SCADA,65,0.00013952324454559462
5,UPFC_tse,5-15,-2.1910202663171208,31,-2.165067531433945,MAP_SCADA,65,0.025952734883175843
0,x_tcsc,1-14,-0.10199155700575223,32,-0.10433918663588006,MAP_SCADA,65,0.0023476296301278288
1,B_svc,2,0.17562280153400014,32,0.17385470840421569,MAP_SCADA,65,0.0017680931297844593
2,UPFC_Vsh,5-15,1.1083810877935076,32,1.1114756956253016,MAP_SCADA,65,0.0030946078317939385
3,UPFC_tsh,5-15,-0.23893318807281042,32,-0.23814240174598778,MAP_SCADA,65,0.00079078632682264
4,UPFC_Vse,5-15,0.06267661663381953,32,0.06347709884856012,MAP_SCADA,65,0.0008004822147405916
5,UPFC_tse,5-15,-2.1933767411492218,32,-2.165067531433945,MAP_SCADA,65,0.02830920971527684
0,x_tcsc,1-14,-0.10341776982429712,33,-0.10433918663588006,MAP_SCADA,65,0.0009214168115829341
1,B_svc,2,0.1685857185347648,33,0.17385470840421569,MAP_SCADA,65,0.005268989869450874
2,UPFC_Vsh,5-15,1.1090690511856047,33,1.1114756956253016,MAP_SCADA,65,0.002406644439696848
3,UPFC_tsh,5-15,-0.23823230252929914,33,-0.23814240174598778,MAP_SCADA,65,8.990078331136409e-05
4,UPFC_Vse,5-15,0.06321292719959012,33,0.06347709884856012,MAP_SCADA,65,0.00026417164896999634
5,UPFC_tse,5-15,-2.190809317373603,33,-2.165067531433945,MAP_SCADA,65,0.025741785939658257
0,x_tcsc,1-14,-0.10303751160140999,34,-0.10433918663588006,MAP_SCADA,65,0.0013016750344700678
1,B_svc,2,0.1683284671853949,34,0.17385470840421569,MAP_SCADA,65,0.005526241218820782
2,UPFC_Vsh,5-15,1.109998361341998,34,1.1114756956253016,MAP_SCADA,65,0.0014773342833036551
3,UPFC_tsh,5-15,-0.2380691737984707,34,-0.23814240174598778,MAP_SCADA,65,7.322794751707384e-05
4,UPFC_Vse,5-15,0.0635342444626378,34,0.06347709884856012,MAP_SCADA,65,5.7145614077686036e-05
5,UPFC_tse,5-15,-2.1878828879669565,34,-2.165067531433945,MAP_SCADA,65,0.022815356533011588
0,x_tcsc,1-14,-0.10297982083834885,35,-0.10433918663588006,MAP_SCADA,65,0.001359365797531209
1,B_svc,2,0.17046754832647434,35,0.17385470840421569,MAP_SCADA,65,0.0033871600777413413
2,UPFC_Vsh,5-15,1.1112794492291262,35,1.1114756956253016,MAP_SCADA,65,0.0001962463961753258
3,UPFC_tsh,5-15,-0.2385383032127797,35,-0.23814240174598778,MAP_SCADA,65,0.00039590146679191474
4,UPFC_Vse,5-15,0.06367108062868834,35,0.06347709884856012,MAP_SCADA,65,0.00019398178012822176
5,UPFC_tse,5-15,-2.188473680620623,35,-2.165067531433945,MAP_SCADA,65,0.02340614918667816
0,x_tcsc,1-14,-0.1037433704569016,36,-0.10433918663588006,MAP_SCADA,65,0.0005958161789784561
1,B_svc,2,0.17020265351511055,36,0.17385470840421569,MAP_SCADA,65,0.0036520548891051385
2,UPFC_Vsh,5-15,1.1084573576990415,36,1.1114756956253016,MAP_SCADA,65,0.0030183379262600507
3,UPFC_tsh,5-15,-0.2387082284511852,36,-0.23814240174598778,MAP_SCADA,65,0.0005658267051974197
4,UPFC_Vse,5-15,0.06266177121649627,36,0.06347709884856012,MAP_SCADA,65,0.0008153276320638503
5,UPFC_tse,5-15,-2.192234184921244,36,-2.165067531433945,MAP_SCADA,65,0.027166653487299186
0,x_tcsc,1-14,-0.10331206912751367,37,-0.10433918663588006,MAP_SCADA,65,0.0010271175083663847
1,B_svc,2,0.16983444814242962,37,0.17385470840421569,MAP_SCADA,65,0.004020260261786063
2,UPFC_Vsh,5-15,1.1093899644083485,37,1.1114756956253016,MAP_SCADA,65,0.0020857312169531017
3,UPFC_tsh,5-15,-0.23805948198578433,37,-0.23814240174598778,MAP_SCADA,65,8.29197602034426e-05
4,UPFC_Vse,5-15,0.06260338273141129,37,0.06347709884856012,MAP_SCADA,65,0.0008737161171488289
5,UPFC_tse,5-15,-2.194394240818059,37,-2.165067531433945,MAP_SCADA,65,0.029326709384113858
0,x_tcsc,1-14,-0.10491436820607243,38,-0.10433918663588006,MAP_SCADA,65,0.0005751815701923735
1,B_svc,2,0.1672180740223852,38,0.17385470840421569,MAP_SCADA,65,0.006636634381830486
2,UPFC_Vsh,5-15,1.1095823920842456,38,1.1114756956253016,MAP_SCADA,65,0.0018933035410559906
3,UPFC_tsh,5-15,-0.23796712750088744,38,-0.23814240174598778,MAP_SCADA,65,0.00017527424510033196
4,UPFC_Vse,5-15,0.06283312149927725,38,0.06347709884856012,MAP_SCADA,65,0.0006439773492828704
5,UPFC_tse,5-15,-2.18825981095042,38,-2.165067531433945,MAP_SCADA,65,0.02319227951647518
0,x_tcsc,1-14,-0.10472404013278803,39,-0.10433918663588006,MAP_SCADA,65,0.00038485349690797754
1,B_svc,2,0.17177177941619282,39,0.17385470840421569,MAP_SCADA,65,0.0020829289880228696
2,UPFC_Vsh,5-15,1.106130884386145,39,1.1114756956253016,MAP_SCADA,65,0.005344811239156533
3,UPFC_tsh,5-15,-0.239162445516109,39,-0.23814240174598778,MAP_SCADA,65,0.001020043770121215
4,UPFC_Vse,5-15,0.06329622775397507,39,0.06347709884856012,MAP_SCADA,65,0.00018087109458504724
5,UPFC_tse,5-15,-2.187460536285187,39,-2.165067531433945,MAP_SCADA,65,0.022393004851242182
0,x_tcsc,1-14,-0.10328701279564349,40,-0.10433918663588006,MAP_SCADA,65,0.0010521738402365644
1,B_svc,2,0.1697864442432162,40,0.17385470840421569,MAP_SCADA,65,0.00406826416099948
2,UPFC_Vsh,5-15,1.1091570589281596,40,1.1114756956253016,MAP_SCADA,65,0.0023186366971419403
3,UPFC_tsh,5-15,-0.23841077906827327,40,-0.23814240174598778,MAP_SCADA,65,0.00026837732228549016
4,UPFC_Vse,5-15,0.06335807687554586,40,0.06347709884856012,MAP_SCADA,65,0.00011902197301426332
5,UPFC_tse,5-15,-2.188321530167082,40,-2.165067531433945,MAP_SCADA,65,0.02325399873313705
0,x_tcsc,1-14,-0.10415308358070655,41,-0.10433918663588006,MAP_SCADA,65,0.00018610305517351156
1,B_svc,2,0.1659516229371476,41,0.17385470840421569,MAP_SCADA,65,0.007903085467068083
2,UPFC_Vsh,5-15,1.1088618181516254,41,1.1114756956253016,MAP_SCADA,65,0.0026138774736761405
3,UPFC_tsh,5-15,-0.23803785406369915,41,-0.23814240174598778,MAP_SCADA,65,0.00010454768228862488
4,UPFC_Vse,5-15,0.06317922460371121,41,0.06347709884856012,MAP_SCADA,65,0.00029787424484890856
5,UPFC_tse,5-15,-2.192117927145841,41,-2.165067531433945,MAP_SCADA,65,0.027050395711896158
0,x_tcsc,1-14,-0.10282328972764497,42,-0.10433918663588006,MAP_SCADA,65,0.001515896908235087
1,B_svc,2,0.1721197597634059,42,0.17385470840421569,MAP_SCADA,65,0.0017349486408097803
2,UPFC_Vsh,5-15,1.1081902020497665,42,1.1114756956253016,MAP_SCADA,65,0.0032854935755350922
3,UPFC_tsh,5-15,-0.23900538395228121,42,-0.23814240174598778,MAP_SCADA,65,0.0008629822062934389
4,UPFC_Vse,5-15,0.06283176345199303,42,0.06347709884856012,MAP_SCADA,65,0.0006453353965670955
5,UPFC_tse,5-15,-2.1893873032588393,42,-2.165067531433945,MAP_SCADA,65,0.02431977182489442
0,x_tcsc,1-14,-0.10303424453802462,43,-0.10433918663588006,MAP_SCADA,65,0.0013049420978554355
1,B_svc,2,0.17311051925916063,43,0.17385470840421569,MAP_SCADA,65,0.0007441891450550575
2,UPFC_Vsh,5-15,1.107982607035665,43,1.1114756956253016,MAP_SCADA,65,0.003493088589636484
3,UPFC_tsh,5-15,-0.23927261561656687,43,-0.23814240174598778,MAP_SCADA,65,0.0011302138705790998
4,UPFC_Vse,5-15,0.06356982541230466,43,0.06347709884856012,MAP_SCADA,65,9.272656374453847e-05
5,UPFC_tse,5-15,-2.1951217682769553,43,-2.165067531433945,MAP_SCADA,65,0.03005423684301034
0,x_tcsc,1-14,-0.1027973561626272,44,-0.10433918663588006,MAP_SCADA,65,0.0015418304732528615
1,B_svc,2,0.1681348089727287,44,0.17385470840421569,MAP_SCADA,65,0.0057198994314869855
2,UPFC_Vsh,5-15,1.109787300168,44,1.1114756956253016,MAP_SCADA,65,0.0016883954573014837
3,UPFC_tsh,5-15,-0.23831165948836602,44,-0.23814240174598778,MAP_SCADA,65,0.0001692577423782482
4,UPFC_Vse,5-15,0.06368281985756345,44,0.06347709884856012,MAP_SCADA,65,0.0002057210090033318
5,UPFC_tse,5-15,-2.1854876578376725,44,-2.165067531433945,MAP_SCADA,65,0.02042012640372759
0,x_tcsc,1-14,-0.10221996947708181,45,-0.10433918663588006,MAP_SCADA,65,0.002119217158798245
1,B_svc,2,0.1768898387398685,45,0.17385470840421569,MAP_SCADA,65,0.003035130335652808
2,UPFC_Vsh,5-15,1.1095156345355885,45,1.1114756956253016,MAP_SCADA,65,0.0019600610897130277
3,UPFC_tsh,5-15,-0.2389523502653847,45,-0.23814240174598778,MAP_SCADA,65,0.0008099485193969191
4,UPFC_Vse,5-15,0.06318314771751779,45,0.06347709884856012,MAP_SCADA,65,0.0002939511310423304
5,UPFC_tse,5-15,-2.193731744557763,45,-2.165067531433945,MAP_SCADA,65,0.028664213123818172
0,x_tcsc,1-14,-0.10209110133794598,46,-0.10433918663588006,MAP_SCADA,65,0.002248085297934077
1,B_svc,2,0.1749895939957132,46,0.17385470840421569,MAP_SCADA,65,0.0011348855914975198
2,UPFC_Vsh,5-15,1.1075689036025793,46,1.1114756956253016,MAP_SCADA,65,0.003906792022722261
3,UPFC_tsh,5-15,-0.2405839698596442,46,-0.23814240174598778,MAP_SCADA,65,0.0024415681136564227
4,UPFC_Vse,5-15,0.06325877581511731,46,0.06347709884856012,MAP_SCADA,65,0.00021832303344281045
5,UPFC_tse,5-15,-2.1915658662244795,46,-2.165067531433945,MAP_SCADA,65,0.02649833479053454
0,x_tcsc,1-14,-0.10430424526697522,47,-0.10433918663588006,MAP_SCADA,65,3.49413689048339e-05
1,B_svc,2,0.16657044584038416,47,0.17385470840421569,MAP_SCADA,65,0.007284262563831523
2,UPFC_Vsh,5-15,1.1089944570086598,47,1.1114756956253016,MAP_SCADA,65,0.0024812386166417344
3,UPFC_tsh,5-15,-0.23755332848839128,47,-0.23814240174598778,MAP_SCADA,65,0.0005890732575964952
4,UPFC_Vse,5-15,0.06325285378388841,47,0.06347709884856012,MAP_SCADA,65,0.00022424506467171035
5,UPFC_tse,5-15,-2.1926651756040454,47,-2.165067531433945,MAP_SCADA,65,0.027597644170100466
0,x_tcsc,1-14,-0.10467341988269523,48,-0.10433918663588006,MAP_SCADA,65,0.00033423324681516875
1,B_svc,2,0.16631328053467387,48,0.17385470840421569,MAP_SCADA,65,0.007541427869541817
2,UPFC_Vsh,5-15,1.109765910581846,48,1.1114756956253016,MAP_SCADA,65,0.0017097850434555362
3,UPFC_tsh,5-15,-0.23718168953869978,48,-0.23814240174598778,MAP_SCADA,65,0.0009607122072879948
4,UPFC_Vse,5-15,0.06257817548573592,48,0.06347709884856012,MAP_SCADA,65,0.0008989233628241972
5,UPFC_tse,5-15,-2.189149825874566,48,-2.165067531433945,MAP_SCADA,65,0.024082294440621155
0,x_tcsc,1-14,-0.10036649413923276,49,-0.10433918663588006,MAP_SCADA,65,0.003972692496647293
1,B_svc,2,0.1848686799141463,49,0.17385470840421569,MAP_SCADA,65,0.011013971509930609
2,UPFC_Vsh,5-15,1.1056475662275105,49,1.1114756956253016,MAP_SCADA,65,0.005828129397791093
3,UPFC_tsh,5-15,-0.2414821266404511,49,-0.23814240174598778,MAP_SCADA,65,0.003339724894463325
4,UPFC_Vse,5-15,0.0630950463263788,49,0.06347709884856012,MAP_SCADA,65,0.0003820525221813198
5,UPFC_tse,5-15,-2.1950301431956265,49,-2.165067531433945,MAP_SCADA,65,0.02996261176168158
0,x_tcsc,1-14,-0.10197953963546616,50,-0.10433918663588006,MAP_SCADA,65,0.0023596470004138975
1,B_svc,2,0.1736852085055039,50,0.17385470840421569,MAP_SCADA,65,0.00016949989871178905
2,UPFC_Vsh,5-15,1.1100116771882211,50,1.1114756956253016,MAP_SCADA,65,0.0014640184370804388
3,UPFC_tsh,5-15,-0.2387841569748617,50,-0.23814240174598778,MAP_SCADA,65,0.0006417552288739137
4,UPFC_Vse,5-15,0.06333349762164837,50,0.06347709884856012,MAP_SCADA,65,0.00014360122691174648
5,UPFC_tse,5-15,-2.18884697758656,50,-2.165067531433945,MAP_SCADA,65,0.02377944615261507
0,x_tcsc,1-14,-0.10287200005996062,51,-0.10433918663588006,MAP_SCADA,65,0.0014671865759194325
1,B_svc,2,0.17435630556991935,51,0.17385470840421569,MAP_SCADA,65,0.0005015971657036655
2,UPFC_Vsh,5-15,1.1083789801853865,51,1.1114756956253016,MAP_SCADA,65,0.0030967154399150765
3,UPFC_tsh,5-15,-0.23954156229505957,51,-0.23814240174598778,MAP_SCADA,65,0.0013991605490717984
4,UPFC_Vse,5-15,0.0634631446920625,51,0.06347709884856012,MAP_SCADA,65,1.3954156497616999e-05
5,UPFC_tse,5-15,-2.193128263603617,51,-2.165067531433945,MAP_SCADA,65,0.028060732169671976
0,x_tcsc,1-14,-0.10324332919686505,52,-0.10433918663588006,MAP_SCADA,65,0.0010958574390150105
1,B_svc,2,0.1696109973659828,52,0.17385470840421569,MAP_SCADA,65,0.0042437110382328724
2,UPFC_Vsh,5-15,1.111682729996886,52,1.1114756956253016,MAP_SCADA,65,0.00020703437158453575
3,UPFC_tsh,5-15,-0.2380664599567824,52,-0.23814240174598778,MAP_SCADA,65,7.594178920536376e-05
4,UPFC_Vse,5-15,0.0636095662815725,52,0.06347709884856012,MAP_SCADA,65,0.00013246743301237318
5,UPFC_tse,5-15,-2.190966086526349,52,-2.165067531433945,MAP_SCADA,65,0.02589855509240424
0,x_tcsc,1-14,-0.10136893818338043,53,-0.10433918663588006,MAP_SCADA,65,0.0029702484524996298
1,B_svc,2,0.1763356233567943,53,0.17385470840421569,MAP_SCADA,65,0.002480914952578628
2,UPFC_Vsh,5-15,1.1071755978151345,53,1.1114756956253016,MAP_SCADA,65,0.004300097810167047
3,UPFC_tsh,5-15,-0.24045414133719084,53,-0.23814240174598778,MAP_SCADA,65,0.002311739591203066
4,UPFC_Vse,5-15,0.06363480196190133,53,0.06347709884856012,MAP_SCADA,65,0.00015770311334120657
5,UPFC_tse,5-15,-2.1940031377680684,53,-2.165067531433945,MAP_SCADA,65,0.02893560633412351
0,x_tcsc,1-14,-0.10324843381027872,54,-0.10433918663588006,MAP_SCADA,65,0.0010907528256013377
1,B_svc,2,0.17285646172672728,54,0.17385470840421569,MAP_SCADA,65,0.000998246677488407
2,UPFC_Vsh,5-15,1.1064658011062947,54,1.1114756956253016,MAP_SCADA,65,0.005009894519006908
3,UPFC_tsh,5-15,-0.24019351975165645,54,-0.23814240174598778,MAP_SCADA,65,0.0020511180056686784
4,UPFC_Vse,5-15,0.0631805362478855,54,0.06347709884856012,MAP_SCADA,65,0.00029656260067462137
5,UPFC_tse,5-15,-2.1928662900195057,54,-2.165067531433945,MAP_SCADA,65,0.0277987585855608
0,x_tcsc,1-14,-0.1019788974557904,55,-0.10433918663588006,MAP_SCADA,65,0.002360289180089653
1,B_svc,2,0.1762892680006951,55,0.17385470840421569,MAP_SCADA,65,0.002434559596479424
2,UPFC_Vsh,5-15,1.1068642261414183,55,1.1114756956253016,MAP_SCADA,65,0.004611469483883246
3,UPFC_tsh,5-15,-0.2403625187434593,55,-0.23814240174598778,MAP_SCADA,65,0.0022201169974715163
4,UPFC_Vse,5-15,0.06392525493854063,55,0.06347709884856012,MAP_SCADA,65,0.00044815608998051426
5,UPFC_tse,5-15,-2.1962706712338904,55,-2.165067531433945,MAP_SCADA,65,0.03120313979994549
0,x_tcsc,1-14,-0.10527974321233675,56,-0.10433918663588006,MAP_SCADA,65,0.000940556576456697
1,B_svc,2,0.167632286351566,56,0.17385470840421569,MAP_SCADA,65,0.006222422052649695
2,UPFC_Vsh,5-15,1.1086875892260313,56,1.1114756956253016,MAP_SCADA,65,0.002788106399270296
3,UPFC_tsh,5-15,-0.23816006534123574,56,-0.23814240174598778,MAP_SCADA,65,1.7663595247963126e-05
4,UPFC_Vse,5-15,0.06254446606212997,56,0.06347709884856012,MAP_SCADA,65,0.0009326327864301459
5,UPFC_tse,5-15,-2.1879062130788323,56,-2.165067531433945,MAP_SCADA,65,0.022838681644887338
0,x_tcsc,1-14,-0.10179695860865144,57,-0.10433918663588006,MAP_SCADA,65,0.0025422280272286157
1,B_svc,2,0.17922775758191414,57,0.17385470840421569,MAP_SCADA,65,0.005373049177698458
2,UPFC_Vsh,5-15,1.1053913401140298,57,1.1114756956253016,MAP_SCADA,65,0.006084355511271733
3,UPFC_tsh,5-15,-0.24078070444873179,57,-0.23814240174598778,MAP_SCADA,65,0.002638302702744011
4,UPFC_Vse,5-15,0.0628623967199648,57,0.06347709884856012,MAP_SCADA,65,0.0006147021285953236
5,UPFC_tse,5-15,-2.19228846799818,57,-2.165067531433945,MAP_SCADA,65,0.027220936564234854
0,x_tcsc,1-14,-0.10438407717916225,58,-0.10433918663588006,MAP_SCADA,65,4.489054328218889e-05
1,B_svc,2,0.1710229922972262,58,0.17385470840421569,MAP_SCADA,65,0.0028317161069894847
2,UPFC_Vsh,5-15,1.1084581412862453,58,1.1114756956253016,MAP_SCADA,65,0.003017554339056261
3,UPFC_tsh,5-15,-0.23826230188521025,58,-0.23814240174598778,MAP_SCADA,65,0.000119900139222473
4,UPFC_Vse,5-15,0.06312944551932835,58,0.06347709884856012,MAP_SCADA,65,0.00034765332923177017
5,UPFC_tse,5-15,-2.1876418894390635,58,-2.165067531433945,MAP_SCADA,65,0.022574358005118533
0,x_tcsc,1-14,-0.10383418172265896,59,-0.10433918663588006,MAP_SCADA,65,0.0005050049132210993
1,B_svc,2,0.17312892218344747,59,0.17385470840421569,MAP_SCADA,65,0.0007257862207682153
2,UPFC_Vsh,5-15,1.1072547742868786,59,1.1114756956253016,MAP_SCADA,65,0.0042209213384230004
3,UPFC_tsh,5-15,-0.23890156901931114,59,-0.23814240174598778,MAP_SCADA,65,0.000759167273323369
4,UPFC_Vse,5-15,0.06299379008888283,59,0.06347709884856012,MAP_SCADA,65,0.00048330875967729503
5,UPFC_tse,5-15,-2.1917922454989034,59,-2.165067531433945,MAP_SCADA,65,0.026724714064958466
0,x_tcsc,1-14,-0.10327191665118586,60,-0.10433918663588006,MAP_SCADA,65,0.0010672699846941969
1,B_svc,2,0.16996069385126053,60,0.17385470840421569,MAP_SCADA,65,0.003894014552955155
2,UPFC_Vsh,5-15,1.1098518577775867,60,1.1114756956253016,MAP_SCADA,65,0.0016238378477149151
3,UPFC_tsh,5-15,-0.23820244736558496,60,-0.23814240174598778,MAP_SCADA,65,6.004561959718768e-05
4,UPFC_Vse,5-15,0.06292108618224466,60,0.06347709884856012,MAP_SCADA,65,0.0005560126663154558
5,UPFC_tse,5-15,-2.187923879159447,60,-2.165067531433945,MAP_SCADA,65,0.022856347725502157
0,x_tcsc,1-14,-0.10443203071954701,61,-0.10433918663588006,MAP_SCADA,65,9.284408366695696e-05
1,B_svc,2,0.16903423354943337,61,0.17385470840421569,MAP_SCADA,65,0.0048204748547823195
2,UPFC_Vsh,5-15,1.110202654342042,61,1.1114756956253016,MAP_SCADA,65,0.0012730412832595572
3,UPFC_tsh,5-15,-0.23777468793642412,61,-0.23814240174598778,MAP_SCADA,65,0.00036771380956365785
4,UPFC_Vse,5-15,0.06314581996839719,61,0.06347709884856012,MAP_SCADA,65,0.00033127888016293294
5,UPFC_tse,5-15,-2.1855869768875538,61,-2.165067531433945,MAP_SCADA,65,0.020519445453608842
0,x_tcsc,1-14,-0.1018979327156657,62,-0.10433918663588006,MAP_SCADA,65,0.0024412539202143535
1,B_svc,2,0.17427711005926577,62,0.17385470840421569,MAP_SCADA,65,0.0004224016550500864
2,UPFC_Vsh,5-15,1.1095015499881347,62,1.1114756956253016,MAP_SCADA,65,0.001974145637166913
3,UPFC_tsh,5-15,-0.23957433529079633,62,-0.23814240174598778,MAP_SCADA,65,0.0014319335448085557
4,UPFC_Vse,5-15,0.06324467634335171,62,0.06347709884856012,MAP_SCADA,65,0.0002324225052084128
5,UPFC_tse,5-15,-2.194724354980753,62,-2.165067531433945,MAP_SCADA,65,0.02965682354680821
0,x_tcsc,1-14,-0.1047565086025988,63,-0.10433918663588006,MAP_SCADA,65,0.000417321966718745
1,B_svc,2,0.16464257816312167,63,0.17385470840421569,MAP_SCADA,65,0.009212130241094019
2,UPFC_Vsh,5-15,1.1108932720561624,63,1.1114756956253016,MAP_SCADA,65,0.0005824235691391788
3,UPFC_tsh,5-15,-0.23730546416250609,63,-0.23814240174598778,MAP_SCADA,65,0.0008369375834816895
4,UPFC_Vse,5-15,0.06270315531355272,63,0.06347709884856012,MAP_SCADA,65,0.0007739435350073987
5,UPFC_tse,5-15,-2.1891048347645268,63,-2.165067531433945,MAP_SCADA,65,0.02403730333058185
0,x_tcsc,1-14,-0.10149762845702923,64,-0.10433918663588006,MAP_SCADA,65,0.002841558178850831
1,B_svc,2,0.17041915878050962,64,0.17385470840421569,MAP_SCADA,65,0.003435549623706069
2,UPFC_Vsh,5-15,1.1100417205424307,64,1.1114756956253016,MAP_SCADA,65,0.0014339750828709086
3,UPFC_tsh,5-15,-0.23829959354425628,64,-0.23814240174598778,MAP_SCADA,65,0.00015719179826850782
4,UPFC_Vse,5-15,0.06332037722712637,64,0.06347709884856012,MAP_SCADA,65,0.00015672162143375024
5,UPFC_tse,5-15,-2.1874300265671645,64,-2.165067531433945,MAP_SCADA,65,0.02236249513321953
0,x_tcsc,1-14,-0.1029503968470731,65,-0.10433918663588006,MAP_SCADA,65,0.0013887897888069517
1,B_svc,2,0.1727546126568781,65,0.17385470840421569,MAP_SCADA,65,0.001100095747337576
2,UPFC_Vsh,5-15,1.1090411589252558,65,1.1114756956253016,MAP_SCADA,65,0.0024345367000457863
3,UPFC_tsh,5-15,-0.2391466538977477,65,-0.23814240174598778,MAP_SCADA,65,0.0010042521517599212
4,UPFC_Vse,5-15,0.06267864255580684,65,0.06347709884856012,MAP_SCADA,65,0.0007984562927532829
5,UPFC_tse,5-15,-2.194609229181598,65,-2.165067531433945,MAP_SCADA,65,0.02954169774765303
0,x_tcsc,1-14,-0.10255764452678089,66,-0.10433918663588006,MAP_SCADA,65,0.0017815421090991712
1,B_svc,2,0.17335932811787075,66,0.17385470840421569,MAP_SCADA,65,0.0004953802863449375
2,UPFC_Vsh,5-15,1.1067821196443008,66,1.1114756956253016,MAP_SCADA,65,0.0046935759810007305
3,UPFC_tsh,5-15,-0.24009114421968414,66,-0.23814240174598778,MAP_SCADA,65,0.0019487424736963632
4,UPFC_Vse,5-15,0.06383770986129642,66,0.06347709884856012,MAP_SCADA,65,0.0003606110127362949
5,UPFC_tse,5-15,-2.189975251551576,66,-2.165067531433945,MAP_SCADA,65,0.024907720117631094
0,x_tcsc,1-14,-0.10257961106253177,67,-0.10433918663588006,MAP_SCADA,65,0.0017595755733482848
1,B_svc,2,0.1742425484016374,67,0.17385470840421569,MAP_SCADA,65,0.0003878399974217017
2,UPFC_Vsh,5-15,1.1083253567254918,67,1.1114756956253016,MAP_SCADA,65,0.003150338899809757
3,UPFC_tsh,5-15,-0.23958027079370714,67,-0.23814240174598778,MAP_SCADA,65,0.0014378690477193645
4,UPFC_Vse,5-15,0.06314568162052941,67,0.06347709884856012,MAP_SCADA,65,0.00033141722803070595
5,UPFC_tse,5-15,-2.1901283364202158,67,-2.165067531433945,MAP_SCADA,65,0.025060804986270835
0,x_tcsc,1-14,-0.10263337111071213,68,-0.10433918663588006,MAP_SCADA,65,0.0017058155251679225
1,B_svc,2,0.17100614863303598,68,0.17385470840421569,MAP_SCADA,65,0.002848559771179704
2,UPFC_Vsh,5-15,1.1100202564761716,68,1.1114756956253016,MAP_SCADA,65,0.0014554391491299334
3,UPFC_tsh,5-15,-0.23892424588676187,68,-0.23814240174598778,MAP_SCADA,65,0.0007818441407740906
4,UPFC_Vse,5-15,0.06251988918292863,68,0.06347709884856012,MAP_SCADA,65,0.0009572096656314949
5,UPFC_tse,5-15,-2.187948808276476,68,-2.165067531433945,MAP_SCADA,65,0.02288127684253105
0,x_tcsc,1-14,-0.10299316820601115,69,-0.10433918663588006,MAP_SCADA,65,0.0013460184298689087
1,B_svc,2,0.16947360486173987,69,0.17385470840421569,MAP_SCADA,65,0.004381103542475812
2,UPFC_Vsh,5-15,1.1089815892970292,69,1.1114756956253016,MAP_SCADA,65,0.002494106328272405
3,UPFC_tsh,5-15,-0.2385254375662905,69,-0.23814240174598778,MAP_SCADA,65,0.00038303582030271843
4,UPFC_Vse,5-15,0.06214377261304217,69,0.06347709884856012,MAP_SCADA,65,0.0013333262355179482
5,UPFC_tse,5-15,-2.1892225229127744,69,-2.165067531433945,MAP_SCADA,65,0.02415499147882949
0,x_tcsc,1-14,-0.10185809716055308,70,-0.10433918663588006,MAP_SCADA,65,0.002481089475326978
1,B_svc,2,0.1712652326521477,70,0.17385470840421569,MAP_SCADA,65,0.002589475752067999
2,UPFC_Vsh,5-15,1.1087057236793505,70,1.1114756956253016,MAP_SCADA,65,0.0027699719459510774
3,UPFC_tsh,5-15,-0.2391822748874336,70,-0.23814240174598778,MAP_SCADA,65,0.001039873141445824
4,UPFC_Vse,5-15,0.06257359134144821,70,0.06347709884856012,MAP_SCADA,65,0.0009035075071119059
5,UPFC_tse,5-15,-2.1913194357175967,70,-2.165067531433945,MAP_SCADA,65,0.02625190428365176
0,x_tcsc,1-14,-0.10524162761546635,71,-0.10433918663588006,MAP_SCADA,65,0.0009024409795862914
1,B_svc,2,0.16611244629803404,71,0.17385470840421569,MAP_SCADA,65,0.0077422621061816466
2,UPFC_Vsh,5-15,1.1096813062861652,71,1.1114756956253016,MAP_SCADA,65,0.0017943893391363375
3,UPFC_tsh,5-15,-0.23770084547255427,71,-0.23814240174598778,MAP_SCADA,65,0.0004415562734335077
4,UPFC_Vse,5-15,0.06383213767638687,71,0.06347709884856012,MAP_SCADA,65,0.00035503882782675356
5,UPFC_tse,5-15,-2.1861294420596007,71,-2.165067531433945,MAP_SCADA,65,0.021061910625655766
0,x_tcsc,1-14,-0.10233283399276083,72,-0.10433918663588006,MAP_SCADA,65,0.0020063526431192275
1,B_svc,2,0.17345561181975075,72,0.17385470840421569,MAP_SCADA,65,0.00039909658446493634
2,UPFC_Vsh,5-15,1.1081896369708146,72,1.1114756956253016,MAP_SCADA,65,0.0032860586544869452
3,UPFC_tsh,5-15,-0.2390668542505105,72,-0.23814240174598778,MAP_SCADA,65,0.0009244525045227214
4,UPFC_Vse,5-15,0.06308312190652304,72,0.06347709884856012,MAP_SCADA,65,0.00039397694203707756
5,UPFC_tse,5-15,-2.1950210742699534,72,-2.165067531433945,MAP_SCADA,65,0.029953542836008484
0,x_tcsc,1-14,-0.10300572656616798,73,-0.10433918663588006,MAP_SCADA,65,0.001333460069712078
1,B_svc,2,0.1699124075334846,73,0.17385470840421569,MAP_SCADA,65,0.00394230087073108
2,UPFC_Vsh,5-15,1.111688763891842,73,1.1114756956253016,MAP_SCADA,65,0.0002130682665404393
3,UPFC_tsh,5-15,-0.23754253964747926,73,-0.23814240174598778,MAP_SCADA,65,0.0005998620985085135
4,UPFC_Vse,5-15,0.06295480558574423,73,0.06347709884856012,MAP_SCADA,65,0.0005222932628158872
5,UPFC_tse,5-15,-2.1898784956330895,73,-2.165067531433945,MAP_SCADA,65,0.024810964199144525
0,x_tcsc,1-14,-0.10514924575789812,74,-0.10433918663588006,MAP_SCADA,65,0.0008100591220180642
1,B_svc,2,0.16485838462843566,74,0.17385470840421569,MAP_SCADA,65,0.008996323775780024
2,UPFC_Vsh,5-15,1.1083799244483572,74,1.1114756956253016,MAP_SCADA,65,0.003095771176944373
3,UPFC_tsh,5-15,-0.23760004359913878,74,-0.23814240174598778,MAP_SCADA,65,0.000542358146848998
4,UPFC_Vse,5-15,0.06298926157265705,74,0.06347709884856012,MAP_SCADA,65,0.00048783727590306913
5,UPFC_tse,5-15,-2.1901337929582283,74,-2.165067531433945,MAP_SCADA,65,0.025066261524283373
0,x_tcsc,1-14,-0.10232746305722461,75,-0.10433918663588006,MAP_SCADA,65,0.00201172357865545
1,B_svc,2,0.17313561704027464,75,0.17385470840421569,MAP_SCADA,65,0.000719091363941049
2,UPFC_Vsh,5-15,1.1109635601407246,75,1.1114756956253016,MAP_SCADA,65,0.0005121354845769588
3,UPFC_tsh,5-15,-0.2383956924953973,75,-0.23814240174598778,MAP_SCADA,65,0.0002532907494095238
4,UPFC_Vse,5-15,0.06252459057740888,75,0.06347709884856012,MAP_SCADA,65,0.000952508271151245
5,UPFC_tse,5-15,-2.1931506194433967,75,-2.165067531433945,MAP_SCADA,65,0.028083088009451806
0,x_tcsc,1-14,-0.10346791682523426,76,-0.10433918663588006,MAP_SCADA,65,0.0008712698106457945
1,B_svc,2,0.16888588364988585,76,0.17385470840421569,MAP_SCADA,65,0.004968824754329831
2,UPFC_Vsh,5-15,1.1099742200180993,76,1.1114756956253016,MAP_SCADA,65,0.0015014756072022628
3,UPFC_tsh,5-15,-0.23913273123024675,76,-0.23814240174598778,MAP_SCADA,65,0.0009903294842589783
4,UPFC_Vse,5-15,0.06273977661451471,76,0.06347709884856012,MAP_SCADA,65,0.0007373222340454066
5,UPFC_tse,5-15,-2.1907842344148376,76,-2.165067531433945,MAP_SCADA,65,0.02571670298089268
0,x_tcsc,1-14,-0.1031683208624105,77,-0.10433918663588006,MAP_SCADA,65,0.0011708657734695593
1,B_svc,2,0.16891396732518127,77,0.17385470840421569,MAP_SCADA,65,0.004940741079034416
2,UPFC_Vsh,5-15,1.1077683373382927,77,1.1114756956253016,MAP_SCADA,65,0.003707358287008855
3,UPFC_tsh,5-15,-0.23970109057894223,77,-0.23814240174598778,MAP_SCADA,65,0.001558688832954458
4,UPFC_Vse,5-15,0.06299287105766653,77,0.06347709884856012,MAP_SCADA,65,0.00048422779089359047
5,UPFC_tse,5-15,-2.189390037798933,77,-2.165067531433945,MAP_SCADA,65,0.024322506364987895
0,x_tcsc,1-14,-0.1003523763282444,78,-0.10433918663588006,MAP_SCADA,65,0.00398681030763566
1,B_svc,2,0.1781374744137755,78,0.17385470840421569,MAP_SCADA,65,0.0042827660095598186
2,UPFC_Vsh,5-15,1.1064367614323085,78,1.1114756956253016,MAP_SCADA,65,0.005038934192993061
3,UPFC_tsh,5-15,-0.24069360638132725,78,-0.23814240174598778,MAP_SCADA,65,0.002551204635339477
4,UPFC_Vse,5-15,0.0636058583757046,78,0.06347709884856012,MAP_SCADA,65,0.00012875952714447303
5,UPFC_tse,5-15,-2.1934335928061675,78,-2.165067531433945,MAP_SCADA,65,0.02836606137222253
0,x_tcsc,1-14,-0.10276773053574277,79,-0.10433918663588006,MAP_SCADA,65,0.0015714561001372862
1,B_svc,2,0.1680802978468382,79,0.17385470840421569,MAP_SCADA,65,0.005774410557377485
2,UPFC_Vsh,5-15,1.1117810693734493,79,1.1114756956253016,MAP_SCADA,65,0.00030537374814776364
3,UPFC_tsh,5-15,-0.237322468516072,79,-0.23814240174598778,MAP_SCADA,65,0.0008199332299157758
4,UPFC_Vse,5-15,0.06270065158906427,79,0.06347709884856012,MAP_SCADA,65,0.0007764472594958549
5,UPFC_tse,5-15,-2.1869983063602736,79,-2.165067531433945,MAP_SCADA,65,0.021930774926328667
0,x_tcsc,1-14,-0.10316049789480242,80,-0.10433918663588006,MAP_SCADA,65,0.0011786887410776409
1,B_svc,2,0.17065832407353948,80,0.17385470840421569,MAP_SCADA,65,0.003196384330676205
2,UPFC_Vsh,5-15,1.1092538073589127,80,1.1114756956253016,MAP_SCADA,65,0.002221888266388916
3,UPFC_tsh,5-15,-0.239140938455551,80,-0.23814240174598778,MAP_SCADA,65,0.0009985367095632358
4,UPFC_Vse,5-15,0.063109103691046,80,0.06347709884856012,MAP_SCADA,65,0.0003679951575141227
5,UPFC_tse,5-15,-2.1914075308370156,80,-2.165067531433945,MAP_SCADA,65,0.026339999403070635
0,x_tcsc,1-14,-0.10041044236733196,81,-0.10433918663588006,MAP_SCADA,65,0.003928744268548098
1,B_svc,2,0.18123476065321326,81,0.17385470840421569,MAP_SCADA,65,0.007380052248997571
2,UPFC_Vsh,5-15,1.1059665821283136,81,1.1114756956253016,MAP_SCADA,65,0.005509113496988016
3,UPFC_tsh,5-15,-0.24094205153019474,81,-0.23814240174598778,MAP_SCADA,65,0.0027996497842069645
4,UPFC_Vse,5-15,0.06307815871124836,81,0.06347709884856012,MAP_SCADA,65,0.0003989401373117596
5,UPFC_tse,5-15,-2.195590834076475,81,-2.165067531433945,MAP_SCADA,65,0.030523302642530226
0,x_tcsc,1-14,-0.10457447478471675,82,-0.10433918663588006,MAP_SCADA,65,0.00023528814883669313
1,B_svc,2,0.16783207973975625,82,0.17385470840421569,MAP_SCADA,65,0.006022628664459434
2,UPFC_Vsh,5-15,1.110012346364267,82,1.1114756956253016,MAP_SCADA,65,0.00146334926103453
3,UPFC_tsh,5-15,-0.2376586382346466,82,-0.23814240174598778,MAP_SCADA,65,0.000483763511341162
4,UPFC_Vse,5-15,0.06331608203981146,82,0.06347709884856012,MAP_SCADA,65,0.0001610168087486652
5,UPFC_tse,5-15,-2.1867291866877543,82,-2.165067531433945,MAP_SCADA,65,0.021661655253809364
0,x_tcsc,1-14,-0.1031657595623476,83,-0.10433918663588006,MAP_SCADA,65,0.0011734270735324626
1,B_svc,2,0.17424357418869788,83,0.17385470840421569,MAP_SCADA,65,0.00038886578448218967
2,UPFC_Vsh,5-15,1.1072885960269414,83,1.1114756956253016,MAP_SCADA,65,0.004187099598360167
3,UPFC_tsh,5-15,-0.23966310880723438,83,-0.23814240174598778,MAP_SCADA,65,0.0015207070612466012
4,UPFC_Vse,5-15,0.06304301881323121,83,0.06347709884856012,MAP_SCADA,65,0.0004340800353289098
5,UPFC_tse,5-15,-2.1962086599650283,83,-2.165067531433945,MAP_SCADA,65,0.031141128531083417
0,x_tcsc,1-14,-0.10333678174264938,84,-0.10433918663588006,MAP_SCADA,65,0.0010024048932306823
1,B_svc,2,0.16992623847206714,84,0.17385470840421569,MAP_SCADA,65,0.003928469932148543
2,UPFC_Vsh,5-15,1.108396689227261,84,1.1114756956253016,MAP_SCADA,65,0.0030790063980405957
3,UPFC_tsh,5-15,-0.23891537987045408,84,-0.23814240174598778,MAP_SCADA,65,0.0007729781244663059
4,UPFC_Vse,5-15,0.06353080171285039,84,0.06347709884856012,MAP_SCADA,65,5.370286429026705e-05
5,UPFC_tse,5-15,-2.1934515204379577,84,-2.165067531433945,MAP_SCADA,65,0.028383989004012733
0,x_tcsc,1-14,-0.10081655054250013,85,-0.10433918663588006,MAP_SCADA,65,0.0035226360933799244
1,B_svc,2,0.17694535235740244,85,0.17385470840421569,MAP_SCADA,65,0.0030906439531867558
2,UPFC_Vsh,5-15,1.1073705397164069,85,1.1114756956253016,MAP_SCADA,65,0.004105155908894709
3,UPFC_tsh,5-15,-0.2398156892148108,85,-0.23814240174598778,MAP_SCADA,65,0.0016732874688230315
4,UPFC_Vse,5-15,0.06285607316405972,85,0.06347709884856012,MAP_SCADA,65,0.0006210256845003981
5,UPFC_tse,5-15,-2.1933991813687634,85,-2.165067531433945,MAP_SCADA,65,0.028331649934818515
0,x_tcsc,1-14,-0.10456865424775502,86,-0.10433918663588006,MAP_SCADA,65,0.00022946761187496445
1,B_svc,2,0.1666530528575441,86,0.17385470840421569,MAP_SCADA,65,0.007201655546671598
2,UPFC_Vsh,5-15,1.1106773055855599,86,1.1114756956253016,MAP_SCADA,65,0.0007983900397416921
3,UPFC_tsh,5-15,-0.23739767838514195,86,-0.23814240174598778,MAP_SCADA,65,0.0007447233608458281
4,UPFC_Vse,5-15,0.06257029657897878,86,0.06347709884856012,MAP_SCADA,65,0.0009068022695813416
5,UPFC_tse,5-15,-2.189342971517965,86,-2.165067531433945,MAP_SCADA,65,0.02427544008402016
0,x_tcsc,1-14,-0.1014522893066262,87,-0.10433918663588006,MAP_SCADA,65,0.0028868973292538597
1,B_svc,2,0.1759377983837093,87,0.17385470840421569,MAP_SCADA,65,0.0020830899794936075
2,UPFC_Vsh,5-15,1.1075747788641153,87,1.1114756956253016,MAP_SCADA,65,0.0039009167611863127
3,UPFC_tsh,5-15,-0.23996026048803054,87,-0.23814240174598778,MAP_SCADA,65,0.001817858742042766
4,UPFC_Vse,5-15,0.0631287474103788,87,0.06347709884856012,MAP_SCADA,65,0.0003483514381813213
5,UPFC_tse,5-15,-2.192029188740658,87,-2.165067531433945,MAP_SCADA,65,0.02696165730671307
0,x_tcsc,1-14,-0.10308302753037737,88,-0.10433918663588006,MAP_SCADA,65,0.0012561591055026827
1,B_svc,2,0.17448784950738527,88,0.17385470840421569,MAP_SCADA,65,0.0006331411031695877
2,UPFC_Vsh,5-15,1.1061476784346318,88,1.1114756956253016,MAP_SCADA,65,0.005328017190669776
3,UPFC_tsh,5-15,-0.24050589806222702,88,-0.23814240174598778,MAP_SCADA,65,0.0023634963162392497
4,UPFC_Vse,5-15,0.06268005160067479,88,0.06347709884856012,MAP_SCADA,65,0.0007970472478853324
5,UPFC_tse,5-15,-2.190872120562374,88,-2.165067531433945,MAP_SCADA,65,0.02580458912842909
0,x_tcsc,1-14,-0.10267111452075099,89,-0.10433918663588006,MAP_SCADA,65,0.0016680721151290656
1,B_svc,2,0.16961778126943405,89,0.17385470840421569,MAP_SCADA,65,0.004236927134781632
2,UPFC_Vsh,5-15,1.1079274160944588,89,1.1114756956253016,MAP_SCADA,65,0.0035482795308428017
3,UPFC_tsh,5-15,-0.23875734153579592,89,-0.23814240174598778,MAP_SCADA,65,0.0006149397898081443
4,UPFC_Vse,5-15,0.06317546712596372,89,0.06347709884856012,MAP_SCADA,65,0.00030163172259639603
5,UPFC_tse,5-15,-2.1882457540257323,89,-2.165067531433945,MAP_SCADA,65,0.023178222591787367
0,x_tcsc,1-14,-0.10613469936333164,90,-0.10433918663588006,MAP_SCADA,65,0.0017955127274515842
1,B_svc,2,0.16006816122231587,90,0.17385470840421569,MAP_SCADA,65,0.013786547181899811
2,UPFC_Vsh,5-15,1.1094315761130153,90,1.1114756956253016,MAP_SCADA,65,0.0020441195122862243
3,UPFC_tsh,5-15,-0.23704302088232218,90,-0.23814240174598778,MAP_SCADA,65,0.0010993808636655944
4,UPFC_Vse,5-15,0.06352188556720155,90,0.06347709884856012,MAP_SCADA,65,4.4786718641429135e-05
5,UPFC_tse,5-15,-2.187971846351272,90,-2.165067531433945,MAP_SCADA,65,0.022904314917326918
0,x_tcsc,1-14,-0.10274183533505725,91,-0.10433918663588006,MAP_SCADA,65,0.001597351300822808
1,B_svc,2,0.1712474167571244,91,0.17385470840421569,MAP_SCADA,65,0.002607291647091281
2,UPFC_Vsh,5-15,1.1081719272205834,91,1.1114756956253016,MAP_SCADA,65,0.0033037684047181326
3,UPFC_tsh,5-15,-0.23991407693170547,91,-0.23814240174598778,MAP_SCADA,65,0.0017716751857176916
4,UPFC_Vse,5-15,0.06319960057066118,91,0.06347709884856012,MAP_SCADA,65,0.000277498277898941
5,UPFC_tse,5-15,-2.189139377730668,91,-2.165067531433945,MAP_SCADA,65,0.0240718462967231
0,x_tcsc,1-14,-0.10529554962383599,92,-0.10433918663588006,MAP_SCADA,65,0.0009563629879559277
1,B_svc,2,0.164802444766533,92,0.17385470840421569,MAP_SCADA,65,0.00905226363768269
2,UPFC_Vsh,5-15,1.1091574366065957,92,1.1114756956253016,MAP_SCADA,65,0.0023182590187058594
3,UPFC_tsh,5-15,-0.23715858961762765,92,-0.23814240174598778,MAP_SCADA,65,0.0009838121283601287
4,UPFC_Vse,5-15,0.06325685516812932,92,0.06347709884856012,MAP_SCADA,65,0.0002202436804308039
5,UPFC_tse,5-15,-2.185841384590449,92,-2.165067531433945,MAP_SCADA,65,0.020773853156504263
0,x_tcsc,1-14,-0.10198001686873225,93,-0.10433918663588006,MAP_SCADA,65,0.002359169767147812
1,B_svc,2,0.1745075075648837,93,0.17385470840421569,MAP_SCADA,65,0.0006527991606680161
2,UPFC_Vsh,5-15,1.1077672411780743,93,1.1114756956253016,MAP_SCADA,65,0.0037084544472272274
3,UPFC_tsh,5-15,-0.24025055114601698,93,-0.23814240174598778,MAP_SCADA,65,0.002108149400029208
4,UPFC_Vse,5-15,0.06302712550417613,93,0.06347709884856012,MAP_SCADA,65,0.00044997334438398595
5,UPFC_tse,5-15,-2.193898147976288,93,-2.165067531433945,MAP_SCADA,65,0.02883061654234309
0,x_tcsc,1-14,-0.10240752827041755,94,-0.10433918663588006,MAP_SCADA,65,0.0019316583654625102
1,B_svc,2,0.17267742847899017,94,0.17385470840421569,MAP_SCADA,65,0.0011772799252255106
2,UPFC_Vsh,5-15,1.1060683377314755,94,1.1114756956253016,MAP_SCADA,65,0.00540735789382607
3,UPFC_tsh,5-15,-0.23966172718881376,94,-0.23814240174598778,MAP_SCADA,65,0.0015193254428259861
4,UPFC_Vse,5-15,0.06356182781739468,94,0.06347709884856012,MAP_SCADA,65,8.472896883456038e-05
5,UPFC_tse,5-15,-2.1899317687571993,94,-2.165067531433945,MAP_SCADA,65,0.02486423732325438
0,x_tcsc,1-14,-0.1015701753308845,95,-0.10433918663588006,MAP_SCADA,65,0.0027690113049955584
1,B_svc,2,0.1739762418767858,95,0.17385470840421569,MAP_SCADA,65,0.00012153347257010116
2,UPFC_Vsh,5-15,1.109278096323847,95,1.1114756956253016,MAP_SCADA,65,0.002197599301454467
3,UPFC_tsh,5-15,-0.23889218641001428,95,-0.23814240174598778,MAP_SCADA,65,0.0007497846640265038
4,UPFC_Vse,5-15,0.06328697888437507,95,0.06347709884856012,MAP_SCADA,65,0.00019011996418505372
5,UPFC_tse,5-15,-2.194328809564617,95,-2.165067531433945,MAP_SCADA,65,0.029261278130672252
0,x_tcsc,1-14,-0.10232252245350033,96,-0.10433918663588006,MAP_SCADA,65,0.0020166641823797238
1,B_svc,2,0.17372121612069635,96,0.17385470840421569,MAP_SCADA,65,0.00013349228351933196
2,UPFC_Vsh,5-15,1.108048298640947,96,1.1114756956253016,MAP_SCADA,65,0.0034273969843545693
3,UPFC_tsh,5-15,-0.2395526260351638,96,-0.23814240174598778,MAP_SCADA,65,0.001410224289176032
4,UPFC_Vse,5-15,0.06360226093011265,96,0.06347709884856012,MAP_SCADA,65,0.00012516208155252673
5,UPFC_tse,5-15,-2.1900485756251924,96,-2.165067531433945,MAP_SCADA,65,0.02498104419124747
0,x_tcsc,1-14,-0.10333071641159243,97,-0.10433918663588006,MAP_SCADA,65,0.0010084702242876276
1,B_svc,2,0.17110006030773722,97,0.17385470840421569,MAP_SCADA,65,0.0027546480964784625
2,UPFC_Vsh,5-15,1.1083044207896122,97,1.1114756956253016,MAP_SCADA,65,0.0031712748356893528
3,UPFC_tsh,5-15,-0.23860190996385314,97,-0.23814240174598778,MAP_SCADA,65,0.000459508217865362
4,UPFC_Vse,5-15,0.06399735750141623,97,0.06347709884856012,MAP_SCADA,65,0.0005202586528561121
5,UPFC_tse,5-15,-2.19124066642229,97,-2.165067531433945,MAP_SCADA,65,0.026173134988344948
0,x_tcsc,1-14,-0.10426524521610846,98,-0.10433918663588006,MAP_SCADA,65,7.39414197716004e-05
1,B_svc,2,0.17011498705090078,98,0.17385470840421569,MAP_SCADA,65,0.0037397213533149065
2,UPFC_Vsh,5-15,1.1100572819699157,98,1.1114756956253016,MAP_SCADA,65,0.001418413655385864
3,UPFC_tsh,5-15,-0.23770219494552186,98,-0.23814240174598778,MAP_SCADA,65,0.0004402068004659143
4,UPFC_Vse,5-15,0.06334543800654534,98,0.06347709884856012,MAP_SCADA,65,0.000131660842014783
5,UPFC_tse,5-15,-2.193521321270926,98,-2.165067531433945,MAP_SCADA,65,0.02845378983698099
0,x_tcsc,1-14,-0.10313457559422243,99,-0.10433918663588006,MAP_SCADA,65,0.00120461104165763
1,B_svc,2,0.17001685418981957,99,0.17385470840421569,MAP_SCADA,65,0.0038378542143961136
2,UPFC_Vsh,5-15,1.109765874666147,99,1.1114756956253016,MAP_SCADA,65,0.0017098209591546176
3,UPFC_tsh,5-15,-0.23838836964991572,99,-0.23814240174598778,MAP_SCADA,65,0.0002459679039279461
4,UPFC_Vse,5-15,0.06302138463839355,99,0.06347709884856012,MAP_SCADA,65,0.00045571421016657454
5,UPFC_tse,5-15,-2.187957790781871,99,-2.165067531433945,MAP_SCADA,65,0.0228902593479261
0,x_tcsc,1-14,-0.10329353714551051,0,-0.10760335964241032,MAP_SCADA,67,0.004309822496899804
1,B_svc,2,0.16811519883705064,0,0.17762558640633208,MAP_SCADA,67,0.009510387569281437
2,UPFC_Vsh,5-15,1.1098479333514264,0,1.1094904477156968,MAP_SCADA,67,0.0003574856357295708
3,UPFC_tsh,5-15,-0.23850846755793317,0,-0.2347478553483812,MAP_SCADA,67,0.0037606122095519834
4,UPFC_Vse,5-15,0.06280396337550218,0,0.06396008063161161,MAP_SCADA,67,0.0011561172561094374
5,UPFC_tse,5-15,-2.189547936028691,0,-2.1660245224103103,MAP_SCADA,67,0.02352341361838084
0,x_tcsc,1-14,-0.10333449122731382,1,-0.10760335964241032,MAP_SCADA,67,0.004268868415096494
1,B_svc,2,0.17229278551833666,1,0.17762558640633208,MAP_SCADA,67,0.005332800887995426
2,UPFC_Vsh,5-15,1.1074218438606374,1,1.1094904477156968,MAP_SCADA,67,0.00206860385505947
3,UPFC_tsh,5-15,-0.2393005791363044,1,-0.2347478553483812,MAP_SCADA,67,0.004552723787923207
4,UPFC_Vse,5-15,0.06354372417136461,1,0.06396008063161161,MAP_SCADA,67,0.0004163564602469999
5,UPFC_tse,5-15,-2.188008410858818,1,-2.1660245224103103,MAP_SCADA,67,0.021983888448507738
0,x_tcsc,1-14,-0.10362651376837446,2,-0.10760335964241032,MAP_SCADA,67,0.00397684587403585
1,B_svc,2,0.16919022531694322,2,0.17762558640633208,MAP_SCADA,67,0.00843536108938886
2,UPFC_Vsh,5-15,1.1102493941878657,2,1.1094904477156968,MAP_SCADA,67,0.0007589464721688977
3,UPFC_tsh,5-15,-0.23849235067663532,2,-0.2347478553483812,MAP_SCADA,67,0.0037444953282541327
4,UPFC_Vse,5-15,0.06320110323422641,2,0.06396008063161161,MAP_SCADA,67,0.0007589773973852021
5,UPFC_tse,5-15,-2.191367850099842,2,-2.1660245224103103,MAP_SCADA,67,0.025343327689531847
0,x_tcsc,1-14,-0.1022783976113678,3,-0.10760335964241032,MAP_SCADA,67,0.005324962031042518
1,B_svc,2,0.17447641250969634,3,0.17762558640633208,MAP_SCADA,67,0.003149173896635743
2,UPFC_Vsh,5-15,1.1077086780665086,3,1.1094904477156968,MAP_SCADA,67,0.0017817696491881918
3,UPFC_tsh,5-15,-0.239679881625969,3,-0.2347478553483812,MAP_SCADA,67,0.00493202627758782
4,UPFC_Vse,5-15,0.06420872154220497,3,0.06396008063161161,MAP_SCADA,67,0.000248640910593359
5,UPFC_tse,5-15,-2.1910131457639017,3,-2.1660245224103103,MAP_SCADA,67,0.02498862335359142
0,x_tcsc,1-14,-0.10394054656344608,4,-0.10760335964241032,MAP_SCADA,67,0.003662813078964239
1,B_svc,2,0.17253418900935183,4,0.17762558640633208,MAP_SCADA,67,0.005091397396980252
2,UPFC_Vsh,5-15,1.1080842679213603,4,1.1094904477156968,MAP_SCADA,67,0.0014061797943365484
3,UPFC_tsh,5-15,-0.23896792048445972,4,-0.2347478553483812,MAP_SCADA,67,0.004220065136078532
4,UPFC_Vse,5-15,0.06280615072875485,4,0.06396008063161161,MAP_SCADA,67,0.0011539299028567596
5,UPFC_tse,5-15,-2.190748734444064,4,-2.1660245224103103,MAP_SCADA,67,0.024724212033753634
0,x_tcsc,1-14,-0.10358721953952944,5,-0.10760335964241032,MAP_SCADA,67,0.004016140102880872
1,B_svc,2,0.16814849854113137,5,0.17762558640633208,MAP_SCADA,67,0.009477087865200712
2,UPFC_Vsh,5-15,1.1103570430873901,5,1.1094904477156968,MAP_SCADA,67,0.0008665953716933128
3,UPFC_tsh,5-15,-0.23847268222950582,5,-0.2347478553483812,MAP_SCADA,67,0.003724826881124632
4,UPFC_Vse,5-15,0.06314489609101118,5,0.06396008063161161,MAP_SCADA,67,0.000815184540600436
5,UPFC_tse,5-15,-2.190275244913631,5,-2.1660245224103103,MAP_SCADA,67,0.02425072250332061
0,x_tcsc,1-14,-0.10350531559935731,6,-0.10760335964241032,MAP_SCADA,67,0.004098044043053001
1,B_svc,2,0.16889408616433438,6,0.17762558640633208,MAP_SCADA,67,0.008731500241997703
2,UPFC_Vsh,5-15,1.1092796634959625,6,1.1094904477156968,MAP_SCADA,67,0.00021078421973430572
3,UPFC_tsh,5-15,-0.2386688698331191,6,-0.2347478553483812,MAP_SCADA,67,0.003921014484737917
4,UPFC_Vse,5-15,0.06287393598506438,6,0.06396008063161161,MAP_SCADA,67,0.0010861446465472296
5,UPFC_tse,5-15,-2.1904821780911643,6,-2.1660245224103103,MAP_SCADA,67,0.024457655680854007
0,x_tcsc,1-14,-0.10086561566381738,7,-0.10760335964241032,MAP_SCADA,67,0.006737743978592933
1,B_svc,2,0.17407933738082562,7,0.17762558640633208,MAP_SCADA,67,0.0035462490255064594
2,UPFC_Vsh,5-15,1.1095504799373779,7,1.1094904477156968,MAP_SCADA,67,6.0032221681050046e-05
3,UPFC_tsh,5-15,-0.23927897238709775,7,-0.2347478553483812,MAP_SCADA,67,0.004531117038716559
4,UPFC_Vse,5-15,0.06312921191592344,7,0.06396008063161161,MAP_SCADA,67,0.0008308687156881739
5,UPFC_tse,5-15,-2.1874008932882796,7,-2.1660245224103103,MAP_SCADA,67,0.021376370877969286
0,x_tcsc,1-14,-0.10415892026095726,8,-0.10760335964241032,MAP_SCADA,67,0.003444439381453057
1,B_svc,2,0.17134587093852688,8,0.17762558640633208,MAP_SCADA,67,0.0062797154678052025
2,UPFC_Vsh,5-15,1.107249958845356,8,1.1094904477156968,MAP_SCADA,67,0.0022404888703408954
3,UPFC_tsh,5-15,-0.23866553903984225,8,-0.2347478553483812,MAP_SCADA,67,0.00391768369146106
4,UPFC_Vse,5-15,0.06362033412494816,8,0.06396008063161161,MAP_SCADA,67,0.0003397465066634492
5,UPFC_tse,5-15,-2.186522927523441,8,-2.1660245224103103,MAP_SCADA,67,0.020498405113130502
0,x_tcsc,1-14,-0.10245107087655327,9,-0.10760335964241032,MAP_SCADA,67,0.005152288765857049
1,B_svc,2,0.1699705773336321,9,0.17762558640633208,MAP_SCADA,67,0.007655009072699975
2,UPFC_Vsh,5-15,1.1111100280601645,9,1.1094904477156968,MAP_SCADA,67,0.0016195803444676304
3,UPFC_tsh,5-15,-0.23772898479278912,9,-0.2347478553483812,MAP_SCADA,67,0.002981129444407926
4,UPFC_Vse,5-15,0.06293157188011914,9,0.06396008063161161,MAP_SCADA,67,0.0010285087514924768
5,UPFC_tse,5-15,-2.1889726606857733,9,-2.1660245224103103,MAP_SCADA,67,0.022948138275463048
0,x_tcsc,1-14,-0.10201414245840422,10,-0.10760335964241032,MAP_SCADA,67,0.005589217184006096
1,B_svc,2,0.1773995230540244,10,0.17762558640633208,MAP_SCADA,67,0.0002260633523076816
2,UPFC_Vsh,5-15,1.1078753800386845,10,1.1094904477156968,MAP_SCADA,67,0.0016150676770123606
3,UPFC_tsh,5-15,-0.23991346910294914,10,-0.2347478553483812,MAP_SCADA,67,0.005165613754567949
4,UPFC_Vse,5-15,0.06350055111044295,10,0.06396008063161161,MAP_SCADA,67,0.00045952952116866397
5,UPFC_tse,5-15,-2.188397089259698,10,-2.1660245224103103,MAP_SCADA,67,0.02237256684938771
0,x_tcsc,1-14,-0.10309787691363395,11,-0.10760335964241032,MAP_SCADA,67,0.004505482728776364
1,B_svc,2,0.17229032263195573,11,0.17762558640633208,MAP_SCADA,67,0.005335263774376348
2,UPFC_Vsh,5-15,1.106829264025858,11,1.1094904477156968,MAP_SCADA,67,0.0026611836898389196
3,UPFC_tsh,5-15,-0.23956457706822262,11,-0.2347478553483812,MAP_SCADA,67,0.0048167217198414325
4,UPFC_Vse,5-15,0.06366462202276205,11,0.06396008063161161,MAP_SCADA,67,0.00029545860884956643
5,UPFC_tse,5-15,-2.1891986298807464,11,-2.1660245224103103,MAP_SCADA,67,0.023174107470436134
0,x_tcsc,1-14,-0.10463812009775422,12,-0.10760335964241032,MAP_SCADA,67,0.0029652395446560925
1,B_svc,2,0.16853615682973003,12,0.17762558640633208,MAP_SCADA,67,0.009089429576602054
2,UPFC_Vsh,5-15,1.1081083885543885,12,1.1094904477156968,MAP_SCADA,67,0.001382059161308291
3,UPFC_tsh,5-15,-0.23874039951966272,12,-0.2347478553483812,MAP_SCADA,67,0.003992544171281531
4,UPFC_Vse,5-15,0.06357887848112859,12,0.06396008063161161,MAP_SCADA,67,0.00038120215048302597
5,UPFC_tse,5-15,-2.1899085293440548,12,-2.1660245224103103,MAP_SCADA,67,0.023884006933744484
0,x_tcsc,1-14,-0.10326192676854636,13,-0.10760335964241032,MAP_SCADA,67,0.00434143287386396
1,B_svc,2,0.17236389006577532,13,0.17762558640633208,MAP_SCADA,67,0.00526169634055676
2,UPFC_Vsh,5-15,1.10698736772081,13,1.1094904477156968,MAP_SCADA,67,0.0025030799948868587
3,UPFC_tsh,5-15,-0.23976528062347388,13,-0.2347478553483812,MAP_SCADA,67,0.005017425275092691
4,UPFC_Vse,5-15,0.06249443149756003,13,0.06396008063161161,MAP_SCADA,67,0.0014656491340515818
5,UPFC_tse,5-15,-2.196371164920003,13,-2.1660245224103103,MAP_SCADA,67,0.030346642509692767
0,x_tcsc,1-14,-0.1030504484184106,14,-0.10760335964241032,MAP_SCADA,67,0.004552911223999714
1,B_svc,2,0.16997033053296642,14,0.17762558640633208,MAP_SCADA,67,0.007655255873365657
2,UPFC_Vsh,5-15,1.1110829106317943,14,1.1094904477156968,MAP_SCADA,67,0.0015924629160974924
3,UPFC_tsh,5-15,-0.2378859124752215,14,-0.2347478553483812,MAP_SCADA,67,0.0031380571268403157
4,UPFC_Vse,5-15,0.0626573943935469,14,0.06396008063161161,MAP_SCADA,67,0.001302686238064718
5,UPFC_tse,5-15,-2.193799530913218,14,-2.1660245224103103,MAP_SCADA,67,0.027775008502907816
0,x_tcsc,1-14,-0.10309694119605492,15,-0.10760335964241032,MAP_SCADA,67,0.004506418446355395
1,B_svc,2,0.16693486271337285,15,0.17762558640633208,MAP_SCADA,67,0.01069072369295923
2,UPFC_Vsh,5-15,1.112102866085488,15,1.1094904477156968,MAP_SCADA,67,0.002612418369791092
3,UPFC_tsh,5-15,-0.2382997699364943,15,-0.2347478553483812,MAP_SCADA,67,0.003551914588113103
4,UPFC_Vse,5-15,0.06256983739626225,15,0.06396008063161161,MAP_SCADA,67,0.0013902432353493643
5,UPFC_tse,5-15,-2.1883812738215953,15,-2.1660245224103103,MAP_SCADA,67,0.022356751411285014
0,x_tcsc,1-14,-0.10217489660297842,16,-0.10760335964241032,MAP_SCADA,67,0.005428463039431897
1,B_svc,2,0.17394135187656679,16,0.17762558640633208,MAP_SCADA,67,0.0036842345297652956
2,UPFC_Vsh,5-15,1.107960262070741,16,1.1094904477156968,MAP_SCADA,67,0.0015301856449558837
3,UPFC_tsh,5-15,-0.239206249885445,16,-0.2347478553483812,MAP_SCADA,67,0.0044583945370638145
4,UPFC_Vse,5-15,0.06271712989685814,16,0.06396008063161161,MAP_SCADA,67,0.001242950734753473
5,UPFC_tse,5-15,-2.1939130467822623,16,-2.1660245224103103,MAP_SCADA,67,0.027888524371951995
0,x_tcsc,1-14,-0.10454469730310308,17,-0.10760335964241032,MAP_SCADA,67,0.0030586623393072387
1,B_svc,2,0.16712461844377577,17,0.17762558640633208,MAP_SCADA,67,0.010500967962556312
2,UPFC_Vsh,5-15,1.109370895589937,17,1.1094904477156968,MAP_SCADA,67,0.00011955212575975871
3,UPFC_tsh,5-15,-0.23753669429202756,17,-0.2347478553483812,MAP_SCADA,67,0.002788838943646371
4,UPFC_Vse,5-15,0.06325825102421366,17,0.06396008063161161,MAP_SCADA,67,0.0007018296073979524
5,UPFC_tse,5-15,-2.186313396630077,17,-2.1660245224103103,MAP_SCADA,67,0.02028887421976666
0,x_tcsc,1-14,-0.10112964944926826,18,-0.10760335964241032,MAP_SCADA,67,0.0064737101931420515
1,B_svc,2,0.17737976177681442,18,0.17762558640633208,MAP_SCADA,67,0.0002458246295176658
2,UPFC_Vsh,5-15,1.109702083507929,18,1.1094904477156968,MAP_SCADA,67,0.00021163579223215656
3,UPFC_tsh,5-15,-0.23936642374053496,18,-0.2347478553483812,MAP_SCADA,67,0.004618568392153771
4,UPFC_Vse,5-15,0.06363139956315816,18,0.06396008063161161,MAP_SCADA,67,0.0003286810684534486
5,UPFC_tse,5-15,-2.1903458498537542,18,-2.1660245224103103,MAP_SCADA,67,0.024321327443443952
0,x_tcsc,1-14,-0.10321435202359344,19,-0.10760335964241032,MAP_SCADA,67,0.004389007618816873
1,B_svc,2,0.16810748723890664,19,0.17762558640633208,MAP_SCADA,67,0.009518099167425437
2,UPFC_Vsh,5-15,1.1100965594026282,19,1.1094904477156968,MAP_SCADA,67,0.0006061116869313654
3,UPFC_tsh,5-15,-0.23852179981642677,19,-0.2347478553483812,MAP_SCADA,67,0.003773944468045576
4,UPFC_Vse,5-15,0.0625930905180296,19,0.06396008063161161,MAP_SCADA,67,0.0013669901135820173
5,UPFC_tse,5-15,-2.188351087150795,19,-2.1660245224103103,MAP_SCADA,67,0.022326564740484667
0,x_tcsc,1-14,-0.10354343396284567,20,-0.10760335964241032,MAP_SCADA,67,0.0040599256795646466
1,B_svc,2,0.16703463626958456,20,0.17762558640633208,MAP_SCADA,67,0.010590950136747518
2,UPFC_Vsh,5-15,1.1098341526661635,20,1.1094904477156968,MAP_SCADA,67,0.00034370495046665006
3,UPFC_tsh,5-15,-0.23788774543338145,20,-0.2347478553483812,MAP_SCADA,67,0.003139890085000263
4,UPFC_Vse,5-15,0.06243570092208961,20,0.06396008063161161,MAP_SCADA,67,0.001524379709522003
5,UPFC_tse,5-15,-2.191014469814827,20,-2.1660245224103103,MAP_SCADA,67,0.024989947404516766
0,x_tcsc,1-14,-0.10344129310754582,21,-0.10760335964241032,MAP_SCADA,67,0.004162066534864492
1,B_svc,2,0.1708677144969117,21,0.17762558640633208,MAP_SCADA,67,0.006757871909420371
2,UPFC_Vsh,5-15,1.1077101992879548,21,1.1094904477156968,MAP_SCADA,67,0.0017802484277420483
3,UPFC_tsh,5-15,-0.23998780930740443,21,-0.2347478553483812,MAP_SCADA,67,0.005239953959023241
4,UPFC_Vse,5-15,0.06297038816134898,21,0.06396008063161161,MAP_SCADA,67,0.0009896924702626347
5,UPFC_tse,5-15,-2.1940017442066315,21,-2.1660245224103103,MAP_SCADA,67,0.027977221796321228
0,x_tcsc,1-14,-0.10200268563517126,22,-0.10760335964241032,MAP_SCADA,67,0.0056006740072390565
1,B_svc,2,0.17089704393936794,22,0.17762558640633208,MAP_SCADA,67,0.006728542466964138
2,UPFC_Vsh,5-15,1.11057128340465,22,1.1094904477156968,MAP_SCADA,67,0.001080835688953119
3,UPFC_tsh,5-15,-0.2383999901081647,22,-0.2347478553483812,MAP_SCADA,67,0.003652134759783515
4,UPFC_Vse,5-15,0.06284333278504248,22,0.06396008063161161,MAP_SCADA,67,0.0011167478465691355
5,UPFC_tse,5-15,-2.189614887509789,22,-2.1660245224103103,MAP_SCADA,67,0.02359036509947865
0,x_tcsc,1-14,-0.10414257550582919,23,-0.10760335964241032,MAP_SCADA,67,0.00346078413658113
1,B_svc,2,0.17302275696693312,23,0.17762558640633208,MAP_SCADA,67,0.004602829439398964
2,UPFC_Vsh,5-15,1.1062099902680418,23,1.1094904477156968,MAP_SCADA,67,0.0032804574476550385
3,UPFC_tsh,5-15,-0.23899992877224516,23,-0.2347478553483812,MAP_SCADA,67,0.004252073423863967
4,UPFC_Vse,5-15,0.06331203494101198,23,0.06396008063161161,MAP_SCADA,67,0.0006480456905996329
5,UPFC_tse,5-15,-2.193611288444514,23,-2.1660245224103103,MAP_SCADA,67,0.027586766034203514
0,x_tcsc,1-14,-0.10255669398750906,24,-0.10760335964241032,MAP_SCADA,67,0.00504666565490125
1,B_svc,2,0.17527665408020493,24,0.17762558640633208,MAP_SCADA,67,0.002348932326127151
2,UPFC_Vsh,5-15,1.110444416352426,24,1.1094904477156968,MAP_SCADA,67,0.0009539686367292521
3,UPFC_tsh,5-15,-0.23838245129865002,24,-0.2347478553483812,MAP_SCADA,67,0.0036345959502688263
4,UPFC_Vse,5-15,0.06343171498679508,24,0.06396008063161161,MAP_SCADA,67,0.0005283656448165364
5,UPFC_tse,5-15,-2.1934702341448933,24,-2.1660245224103103,MAP_SCADA,67,0.02744571173458299
0,x_tcsc,1-14,-0.10349904714129522,25,-0.10760335964241032,MAP_SCADA,67,0.004104312501115093
1,B_svc,2,0.16860677052613007,25,0.17762558640633208,MAP_SCADA,67,0.009018815880202008
2,UPFC_Vsh,5-15,1.1085206473749372,25,1.1094904477156968,MAP_SCADA,67,0.0009698003407596634
3,UPFC_tsh,5-15,-0.2385443264307013,25,-0.2347478553483812,MAP_SCADA,67,0.0037964710823201187
4,UPFC_Vse,5-15,0.06318141056723417,25,0.06396008063161161,MAP_SCADA,67,0.000778670064377443
5,UPFC_tse,5-15,-2.193211743897714,25,-2.1660245224103103,MAP_SCADA,67,0.0271872214874036
0,x_tcsc,1-14,-0.10344888642509803,26,-0.10760335964241032,MAP_SCADA,67,0.004154473217312285
1,B_svc,2,0.1684348338944659,26,0.17762558640633208,MAP_SCADA,67,0.009190752511866185
2,UPFC_Vsh,5-15,1.1093544542233646,26,1.1094904477156968,MAP_SCADA,67,0.00013599349233217595
3,UPFC_tsh,5-15,-0.23870731257150962,26,-0.2347478553483812,MAP_SCADA,67,0.003959457223128432
4,UPFC_Vse,5-15,0.06272919858083496,26,0.06396008063161161,MAP_SCADA,67,0.0012308820507766494
5,UPFC_tse,5-15,-2.1892722360416754,26,-2.1660245224103103,MAP_SCADA,67,0.02324771363136513
0,x_tcsc,1-14,-0.10324303032860659,27,-0.10760335964241032,MAP_SCADA,67,0.004360329313803729
1,B_svc,2,0.16582498944584045,27,0.17762558640633208,MAP_SCADA,67,0.011800596960491627
2,UPFC_Vsh,5-15,1.1092917412852477,27,1.1094904477156968,MAP_SCADA,67,0.00019870643044916925
3,UPFC_tsh,5-15,-0.23786009562888574,27,-0.2347478553483812,MAP_SCADA,67,0.0031122402805045524
4,UPFC_Vse,5-15,0.06271511041328849,27,0.06396008063161161,MAP_SCADA,67,0.0012449702183231215
5,UPFC_tse,5-15,-2.1924914175363153,27,-2.1660245224103103,MAP_SCADA,67,0.026466895126004975
0,x_tcsc,1-14,-0.10135196066548283,28,-0.10760335964241032,MAP_SCADA,67,0.006251398976927489
1,B_svc,2,0.17761057228239494,28,0.17762558640633208,MAP_SCADA,67,1.5014123937145962e-05
2,UPFC_Vsh,5-15,1.1083718755136782,28,1.1094904477156968,MAP_SCADA,67,0.0011185722020186084
3,UPFC_tsh,5-15,-0.2395613443581504,28,-0.2347478553483812,MAP_SCADA,67,0.004813489009769217
4,UPFC_Vse,5-15,0.06346267764598927,28,0.06396008063161161,MAP_SCADA,67,0.0004974029856223416
5,UPFC_tse,5-15,-2.1903041390921896,28,-2.1660245224103103,MAP_SCADA,67,0.02427961668187928
0,x_tcsc,1-14,-0.10515150213842957,29,-0.10760335964241032,MAP_SCADA,67,0.0024518575039807478
1,B_svc,2,0.16766234531155627,29,0.17762558640633208,MAP_SCADA,67,0.00996324109477581
2,UPFC_Vsh,5-15,1.1095725542927521,29,1.1094904477156968,MAP_SCADA,67,8.210657705531865e-05
3,UPFC_tsh,5-15,-0.23785749907874235,29,-0.2347478553483812,MAP_SCADA,67,0.0031096437303611557
4,UPFC_Vse,5-15,0.06285327963871028,29,0.06396008063161161,MAP_SCADA,67,0.0011068009929013356
5,UPFC_tse,5-15,-2.1945382243971,29,-2.1660245224103103,MAP_SCADA,67,0.02851370198678982
0,x_tcsc,1-14,-0.10214521014739744,30,-0.10760335964241032,MAP_SCADA,67,0.005458149495012873
1,B_svc,2,0.1733947782625552,30,0.17762558640633208,MAP_SCADA,67,0.004230808143776882
2,UPFC_Vsh,5-15,1.108749731528518,30,1.1094904477156968,MAP_SCADA,67,0.0007407161871788581
3,UPFC_tsh,5-15,-0.24003817420459694,30,-0.2347478553483812,MAP_SCADA,67,0.005290318856215753
4,UPFC_Vse,5-15,0.06354332981972415,30,0.06396008063161161,MAP_SCADA,67,0.00041675081188746743
5,UPFC_tse,5-15,-2.1899562565815236,30,-2.1660245224103103,MAP_SCADA,67,0.023931734171213304
0,x_tcsc,1-14,-0.10186895497271833,31,-0.10760335964241032,MAP_SCADA,67,0.005734404669691981
1,B_svc,2,0.1731001895027111,31,0.17762558640633208,MAP_SCADA,67,0.004525396903620971
2,UPFC_Vsh,5-15,1.1089604871881096,31,1.1094904477156968,MAP_SCADA,67,0.0005299605275872477
3,UPFC_tsh,5-15,-0.2393106658119316,31,-0.2347478553483812,MAP_SCADA,67,0.004562810463550421
4,UPFC_Vse,5-15,0.06361662209310572,31,0.06396008063161161,MAP_SCADA,67,0.00034345853850589747
5,UPFC_tse,5-15,-2.1910202663171208,31,-2.1660245224103103,MAP_SCADA,67,0.024995743906810475
0,x_tcsc,1-14,-0.10199155700575223,32,-0.10760335964241032,MAP_SCADA,67,0.005611802636658086
1,B_svc,2,0.17562280153400014,32,0.17762558640633208,MAP_SCADA,67,0.0020027848723319364
2,UPFC_Vsh,5-15,1.1083810877935076,32,1.1094904477156968,MAP_SCADA,67,0.0011093599221891903
3,UPFC_tsh,5-15,-0.23893318807281042,32,-0.2347478553483812,MAP_SCADA,67,0.004185332724429225
4,UPFC_Vse,5-15,0.06267661663381953,32,0.06396008063161161,MAP_SCADA,67,0.0012834639977920836
5,UPFC_tse,5-15,-2.1933767411492218,32,-2.1660245224103103,MAP_SCADA,67,0.02735221873891147
0,x_tcsc,1-14,-0.10341776982429712,33,-0.10760335964241032,MAP_SCADA,67,0.004185589818113192
1,B_svc,2,0.1685857185347648,33,0.17762558640633208,MAP_SCADA,67,0.00903986787156727
2,UPFC_Vsh,5-15,1.1090690511856047,33,1.1094904477156968,MAP_SCADA,67,0.00042139653009209965
3,UPFC_tsh,5-15,-0.23823230252929914,33,-0.2347478553483812,MAP_SCADA,67,0.003484447180917949
4,UPFC_Vse,5-15,0.06321292719959012,33,0.06396008063161161,MAP_SCADA,67,0.0007471534320214884
5,UPFC_tse,5-15,-2.190809317373603,33,-2.1660245224103103,MAP_SCADA,67,0.02478479496329289
0,x_tcsc,1-14,-0.10303751160140999,34,-0.10760335964241032,MAP_SCADA,67,0.0045658480410003255
1,B_svc,2,0.1683284671853949,34,0.17762558640633208,MAP_SCADA,67,0.009297119220937178
2,UPFC_Vsh,5-15,1.109998361341998,34,1.1094904477156968,MAP_SCADA,67,0.000507913626301093
3,UPFC_tsh,5-15,-0.2380691737984707,34,-0.2347478553483812,MAP_SCADA,67,0.003321318450089511
4,UPFC_Vse,5-15,0.0635342444626378,34,0.06396008063161161,MAP_SCADA,67,0.00042583616897380605
5,UPFC_tse,5-15,-2.1878828879669565,34,-2.1660245224103103,MAP_SCADA,67,0.02185836555664622
0,x_tcsc,1-14,-0.10297982083834885,35,-0.10760335964241032,MAP_SCADA,67,0.004623538804061467
1,B_svc,2,0.17046754832647434,35,0.17762558640633208,MAP_SCADA,67,0.007158038079857737
2,UPFC_Vsh,5-15,1.1112794492291262,35,1.1094904477156968,MAP_SCADA,67,0.0017890015134294224
3,UPFC_tsh,5-15,-0.2385383032127797,35,-0.2347478553483812,MAP_SCADA,67,0.0037904478643984996
4,UPFC_Vse,5-15,0.06367108062868834,35,0.06396008063161161,MAP_SCADA,67,0.00028900000292327033
5,UPFC_tse,5-15,-2.188473680620623,35,-2.1660245224103103,MAP_SCADA,67,0.022449158210312792
0,x_tcsc,1-14,-0.1037433704569016,36,-0.10760335964241032,MAP_SCADA,67,0.0038599891855087137
1,B_svc,2,0.17020265351511055,36,0.17762558640633208,MAP_SCADA,67,0.007422932891221534
2,UPFC_Vsh,5-15,1.1084573576990415,36,1.1094904477156968,MAP_SCADA,67,0.0010330900166553025
3,UPFC_tsh,5-15,-0.2387082284511852,36,-0.2347478553483812,MAP_SCADA,67,0.0039603731028040046
4,UPFC_Vse,5-15,0.06266177121649627,36,0.06396008063161161,MAP_SCADA,67,0.0012983094151153424
5,UPFC_tse,5-15,-2.192234184921244,36,-2.1660245224103103,MAP_SCADA,67,0.026209662510933818
0,x_tcsc,1-14,-0.10331206912751367,37,-0.10760335964241032,MAP_SCADA,67,0.004291290514896642
1,B_svc,2,0.16983444814242962,37,0.17762558640633208,MAP_SCADA,67,0.0077911382639024584
2,UPFC_Vsh,5-15,1.1093899644083485,37,1.1094904477156968,MAP_SCADA,67,0.00010048330734835353
3,UPFC_tsh,5-15,-0.23805948198578433,37,-0.2347478553483812,MAP_SCADA,67,0.0033116266374031422
4,UPFC_Vse,5-15,0.06260338273141129,37,0.06396008063161161,MAP_SCADA,67,0.001356697900200321
5,UPFC_tse,5-15,-2.194394240818059,37,-2.1660245224103103,MAP_SCADA,67,0.02836971840774849
0,x_tcsc,1-14,-0.10491436820607243,38,-0.10760335964241032,MAP_SCADA,67,0.002688991436337884
1,B_svc,2,0.1672180740223852,38,0.17762558640633208,MAP_SCADA,67,0.010407512383946882
2,UPFC_Vsh,5-15,1.1095823920842456,38,1.1094904477156968,MAP_SCADA,67,9.194436854875754e-05
3,UPFC_tsh,5-15,-0.23796712750088744,38,-0.2347478553483812,MAP_SCADA,67,0.003219272152506253
4,UPFC_Vse,5-15,0.06283312149927725,38,0.06396008063161161,MAP_SCADA,67,0.0011269591323343625
5,UPFC_tse,5-15,-2.18825981095042,38,-2.1660245224103103,MAP_SCADA,67,0.02223528854010981
0,x_tcsc,1-14,-0.10472404013278803,39,-0.10760335964241032,MAP_SCADA,67,0.00287931950962228
1,B_svc,2,0.17177177941619282,39,0.17762558640633208,MAP_SCADA,67,0.005853806990139265
2,UPFC_Vsh,5-15,1.106130884386145,39,1.1094904477156968,MAP_SCADA,67,0.0033595633295517846
3,UPFC_tsh,5-15,-0.239162445516109,39,-0.2347478553483812,MAP_SCADA,67,0.0044145901677278
4,UPFC_Vse,5-15,0.06329622775397507,39,0.06396008063161161,MAP_SCADA,67,0.0006638528776365393
5,UPFC_tse,5-15,-2.187460536285187,39,-2.1660245224103103,MAP_SCADA,67,0.021436013874876814
0,x_tcsc,1-14,-0.10328701279564349,40,-0.10760335964241032,MAP_SCADA,67,0.004316346846766822
1,B_svc,2,0.1697864442432162,40,0.17762558640633208,MAP_SCADA,67,0.007839142163115875
2,UPFC_Vsh,5-15,1.1091570589281596,40,1.1094904477156968,MAP_SCADA,67,0.00033338878753719214
3,UPFC_tsh,5-15,-0.23841077906827327,40,-0.2347478553483812,MAP_SCADA,67,0.003662923719892075
4,UPFC_Vse,5-15,0.06335807687554586,40,0.06396008063161161,MAP_SCADA,67,0.0006020037560657554
5,UPFC_tse,5-15,-2.188321530167082,40,-2.1660245224103103,MAP_SCADA,67,0.02229700775677168
0,x_tcsc,1-14,-0.10415308358070655,41,-0.10760335964241032,MAP_SCADA,67,0.003450276061703769
1,B_svc,2,0.1659516229371476,41,0.17762558640633208,MAP_SCADA,67,0.011673963469184478
2,UPFC_Vsh,5-15,1.1088618181516254,41,1.1094904477156968,MAP_SCADA,67,0.0006286295640713924
3,UPFC_tsh,5-15,-0.23803785406369915,41,-0.2347478553483812,MAP_SCADA,67,0.00328999871531796
4,UPFC_Vse,5-15,0.06317922460371121,41,0.06396008063161161,MAP_SCADA,67,0.0007808560279004007
5,UPFC_tse,5-15,-2.192117927145841,41,-2.1660245224103103,MAP_SCADA,67,0.02609340473553079
0,x_tcsc,1-14,-0.10282328972764497,42,-0.10760335964241032,MAP_SCADA,67,0.004780069914765345
1,B_svc,2,0.1721197597634059,42,0.17762558640633208,MAP_SCADA,67,0.005505826642926176
2,UPFC_Vsh,5-15,1.1081902020497665,42,1.1094904477156968,MAP_SCADA,67,0.001300245665930344
3,UPFC_tsh,5-15,-0.23900538395228121,42,-0.2347478553483812,MAP_SCADA,67,0.004257528603900024
4,UPFC_Vse,5-15,0.06283176345199303,42,0.06396008063161161,MAP_SCADA,67,0.0011283171796185876
5,UPFC_tse,5-15,-2.1893873032588393,42,-2.1660245224103103,MAP_SCADA,67,0.023362780848529052
0,x_tcsc,1-14,-0.10303424453802462,43,-0.10760335964241032,MAP_SCADA,67,0.004569115104385693
1,B_svc,2,0.17311051925916063,43,0.17762558640633208,MAP_SCADA,67,0.004515067147171453
2,UPFC_Vsh,5-15,1.107982607035665,43,1.1094904477156968,MAP_SCADA,67,0.0015078406800317357
3,UPFC_tsh,5-15,-0.23927261561656687,43,-0.2347478553483812,MAP_SCADA,67,0.004524760268185685
4,UPFC_Vse,5-15,0.06356982541230466,43,0.06396008063161161,MAP_SCADA,67,0.0003902552193069536
5,UPFC_tse,5-15,-2.1951217682769553,43,-2.1660245224103103,MAP_SCADA,67,0.029097245866644972
0,x_tcsc,1-14,-0.1027973561626272,44,-0.10760335964241032,MAP_SCADA,67,0.004806003479783119
1,B_svc,2,0.1681348089727287,44,0.17762558640633208,MAP_SCADA,67,0.009490777433603381
2,UPFC_Vsh,5-15,1.109787300168,44,1.1094904477156968,MAP_SCADA,67,0.0002968524523032645
3,UPFC_tsh,5-15,-0.23831165948836602,44,-0.2347478553483812,MAP_SCADA,67,0.003563804139984833
4,UPFC_Vse,5-15,0.06368281985756345,44,0.06396008063161161,MAP_SCADA,67,0.0002772607740481603
5,UPFC_tse,5-15,-2.1854876578376725,44,-2.1660245224103103,MAP_SCADA,67,0.01946313542736222
0,x_tcsc,1-14,-0.10221996947708181,45,-0.10760335964241032,MAP_SCADA,67,0.005383390165328503
1,B_svc,2,0.1768898387398685,45,0.17762558640633208,MAP_SCADA,67,0.0007357476664635876
2,UPFC_Vsh,5-15,1.1095156345355885,45,1.1094904477156968,MAP_SCADA,67,2.5186819891720447e-05
3,UPFC_tsh,5-15,-0.2389523502653847,45,-0.2347478553483812,MAP_SCADA,67,0.004204494917003504
4,UPFC_Vse,5-15,0.06318314771751779,45,0.06396008063161161,MAP_SCADA,67,0.0007769329140938225
5,UPFC_tse,5-15,-2.193731744557763,45,-2.1660245224103103,MAP_SCADA,67,0.027707222147452804
0,x_tcsc,1-14,-0.10209110133794598,46,-0.10760335964241032,MAP_SCADA,67,0.005512258304464335
1,B_svc,2,0.1749895939957132,46,0.17762558640633208,MAP_SCADA,67,0.002635992410618876
2,UPFC_Vsh,5-15,1.1075689036025793,46,1.1094904477156968,MAP_SCADA,67,0.0019215441131175126
3,UPFC_tsh,5-15,-0.2405839698596442,46,-0.2347478553483812,MAP_SCADA,67,0.0058361145112630075
4,UPFC_Vse,5-15,0.06325877581511731,46,0.06396008063161161,MAP_SCADA,67,0.0007013048164943025
5,UPFC_tse,5-15,-2.1915658662244795,46,-2.1660245224103103,MAP_SCADA,67,0.02554134381416917
0,x_tcsc,1-14,-0.10430424526697522,47,-0.10760335964241032,MAP_SCADA,67,0.0032991143754350916
1,B_svc,2,0.16657044584038416,47,0.17762558640633208,MAP_SCADA,67,0.011055140565947918
2,UPFC_Vsh,5-15,1.1089944570086598,47,1.1094904477156968,MAP_SCADA,67,0.0004959907070369862
3,UPFC_tsh,5-15,-0.23755332848839128,47,-0.2347478553483812,MAP_SCADA,67,0.0028054731400100896
4,UPFC_Vse,5-15,0.06325285378388841,47,0.06396008063161161,MAP_SCADA,67,0.0007072268477232024
5,UPFC_tse,5-15,-2.1926651756040454,47,-2.1660245224103103,MAP_SCADA,67,0.026640653193735098
0,x_tcsc,1-14,-0.10467341988269523,48,-0.10760335964241032,MAP_SCADA,67,0.002929939759715089
1,B_svc,2,0.16631328053467387,48,0.17762558640633208,MAP_SCADA,67,0.011312305871658213
2,UPFC_Vsh,5-15,1.109765910581846,48,1.1094904477156968,MAP_SCADA,67,0.000275462866149212
3,UPFC_tsh,5-15,-0.23718168953869978,48,-0.2347478553483812,MAP_SCADA,67,0.00243383419031859
4,UPFC_Vse,5-15,0.06257817548573592,48,0.06396008063161161,MAP_SCADA,67,0.0013819051458756892
5,UPFC_tse,5-15,-2.189149825874566,48,-2.1660245224103103,MAP_SCADA,67,0.023125303464255786
0,x_tcsc,1-14,-0.10036649413923276,49,-0.10760335964241032,MAP_SCADA,67,0.00723686550317755
1,B_svc,2,0.1848686799141463,49,0.17762558640633208,MAP_SCADA,67,0.007243093507814213
2,UPFC_Vsh,5-15,1.1056475662275105,49,1.1094904477156968,MAP_SCADA,67,0.003842881488186345
3,UPFC_tsh,5-15,-0.2414821266404511,49,-0.2347478553483812,MAP_SCADA,67,0.00673427129206991
4,UPFC_Vse,5-15,0.0630950463263788,49,0.06396008063161161,MAP_SCADA,67,0.0008650343052328119
5,UPFC_tse,5-15,-2.1950301431956265,49,-2.1660245224103103,MAP_SCADA,67,0.02900562078531621
0,x_tcsc,1-14,-0.10197953963546616,50,-0.10760335964241032,MAP_SCADA,67,0.005623820006944155
1,B_svc,2,0.1736852085055039,50,0.17762558640633208,MAP_SCADA,67,0.003940377900828185
2,UPFC_Vsh,5-15,1.1100116771882211,50,1.1094904477156968,MAP_SCADA,67,0.0005212294725243094
3,UPFC_tsh,5-15,-0.2387841569748617,50,-0.2347478553483812,MAP_SCADA,67,0.0040363016264804985
4,UPFC_Vse,5-15,0.06333349762164837,50,0.06396008063161161,MAP_SCADA,67,0.0006265830099632386
5,UPFC_tse,5-15,-2.18884697758656,50,-2.1660245224103103,MAP_SCADA,67,0.0228224551762497
0,x_tcsc,1-14,-0.10287200005996062,51,-0.10760335964241032,MAP_SCADA,67,0.00473135958244969
1,B_svc,2,0.17435630556991935,51,0.17762558640633208,MAP_SCADA,67,0.00326928083641273
2,UPFC_Vsh,5-15,1.1083789801853865,51,1.1094904477156968,MAP_SCADA,67,0.0011114675303103283
3,UPFC_tsh,5-15,-0.23954156229505957,51,-0.2347478553483812,MAP_SCADA,67,0.004793706946678383
4,UPFC_Vse,5-15,0.0634631446920625,51,0.06396008063161161,MAP_SCADA,67,0.0004969359395491091
5,UPFC_tse,5-15,-2.193128263603617,51,-2.1660245224103103,MAP_SCADA,67,0.027103741193306607
0,x_tcsc,1-14,-0.10324332919686505,52,-0.10760335964241032,MAP_SCADA,67,0.004360030445545268
1,B_svc,2,0.1696109973659828,52,0.17762558640633208,MAP_SCADA,67,0.008014589040349268
2,UPFC_Vsh,5-15,1.111682729996886,52,1.1094904477156968,MAP_SCADA,67,0.002192282281189284
3,UPFC_tsh,5-15,-0.2380664599567824,52,-0.2347478553483812,MAP_SCADA,67,0.003318604608401221
4,UPFC_Vse,5-15,0.0636095662815725,52,0.06396008063161161,MAP_SCADA,67,0.0003505143500391189
5,UPFC_tse,5-15,-2.190966086526349,52,-2.1660245224103103,MAP_SCADA,67,0.024941564116038872
0,x_tcsc,1-14,-0.10136893818338043,53,-0.10760335964241032,MAP_SCADA,67,0.006234421459029887
1,B_svc,2,0.1763356233567943,53,0.17762558640633208,MAP_SCADA,67,0.0012899630495377679
2,UPFC_Vsh,5-15,1.1071755978151345,53,1.1094904477156968,MAP_SCADA,67,0.002314849900562299
3,UPFC_tsh,5-15,-0.24045414133719084,53,-0.2347478553483812,MAP_SCADA,67,0.005706285988809651
4,UPFC_Vse,5-15,0.06363480196190133,53,0.06396008063161161,MAP_SCADA,67,0.0003252786697102855
5,UPFC_tse,5-15,-2.1940031377680684,53,-2.1660245224103103,MAP_SCADA,67,0.02797861535775814
0,x_tcsc,1-14,-0.10324843381027872,54,-0.10760335964241032,MAP_SCADA,67,0.004354925832131595
1,B_svc,2,0.17285646172672728,54,0.17762558640633208,MAP_SCADA,67,0.004769124679604803
2,UPFC_Vsh,5-15,1.1064658011062947,54,1.1094904477156968,MAP_SCADA,67,0.0030246466094021596
3,UPFC_tsh,5-15,-0.24019351975165645,54,-0.2347478553483812,MAP_SCADA,67,0.005445664403275263
4,UPFC_Vse,5-15,0.0631805362478855,54,0.06396008063161161,MAP_SCADA,67,0.0007795443837261135
5,UPFC_tse,5-15,-2.1928662900195057,54,-2.1660245224103103,MAP_SCADA,67,0.026841767609195433
0,x_tcsc,1-14,-0.1019788974557904,55,-0.10760335964241032,MAP_SCADA,67,0.005624462186619911
1,B_svc,2,0.1762892680006951,55,0.17762558640633208,MAP_SCADA,67,0.0013363184056369715
2,UPFC_Vsh,5-15,1.1068642261414183,55,1.1094904477156968,MAP_SCADA,67,0.002626221574278498
3,UPFC_tsh,5-15,-0.2403625187434593,55,-0.2347478553483812,MAP_SCADA,67,0.005614663395078101
4,UPFC_Vse,5-15,0.06392525493854063,55,0.06396008063161161,MAP_SCADA,67,3.4825693070977826e-05
5,UPFC_tse,5-15,-2.1962706712338904,55,-2.1660245224103103,MAP_SCADA,67,0.03024614882358012
0,x_tcsc,1-14,-0.10527974321233675,56,-0.10760335964241032,MAP_SCADA,67,0.0023236164300735607
1,B_svc,2,0.167632286351566,56,0.17762558640633208,MAP_SCADA,67,0.009993300054766091
2,UPFC_Vsh,5-15,1.1086875892260313,56,1.1094904477156968,MAP_SCADA,67,0.0008028584896655477
3,UPFC_tsh,5-15,-0.23816006534123574,56,-0.2347478553483812,MAP_SCADA,67,0.003412209992854548
4,UPFC_Vse,5-15,0.06254446606212997,56,0.06396008063161161,MAP_SCADA,67,0.001415614569481638
5,UPFC_tse,5-15,-2.1879062130788323,56,-2.1660245224103103,MAP_SCADA,67,0.02188169066852197
0,x_tcsc,1-14,-0.10179695860865144,57,-0.10760335964241032,MAP_SCADA,67,0.005806401033758873
1,B_svc,2,0.17922775758191414,57,0.17762558640633208,MAP_SCADA,67,0.0016021711755820622
2,UPFC_Vsh,5-15,1.1053913401140298,57,1.1094904477156968,MAP_SCADA,67,0.004099107601666985
3,UPFC_tsh,5-15,-0.24078070444873179,57,-0.2347478553483812,MAP_SCADA,67,0.006032849100350596
4,UPFC_Vse,5-15,0.0628623967199648,57,0.06396008063161161,MAP_SCADA,67,0.0010976839116468157
5,UPFC_tse,5-15,-2.19228846799818,57,-2.1660245224103103,MAP_SCADA,67,0.026263945587869486
0,x_tcsc,1-14,-0.10438407717916225,58,-0.10760335964241032,MAP_SCADA,67,0.0032192824632480688
1,B_svc,2,0.1710229922972262,58,0.17762558640633208,MAP_SCADA,67,0.00660259410910588
2,UPFC_Vsh,5-15,1.1084581412862453,58,1.1094904477156968,MAP_SCADA,67,0.0010323064294515127
3,UPFC_tsh,5-15,-0.23826230188521025,58,-0.2347478553483812,MAP_SCADA,67,0.003514446536829058
4,UPFC_Vse,5-15,0.06312944551932835,58,0.06396008063161161,MAP_SCADA,67,0.0008306351122832623
5,UPFC_tse,5-15,-2.1876418894390635,58,-2.1660245224103103,MAP_SCADA,67,0.021617367028753165
0,x_tcsc,1-14,-0.10383418172265896,59,-0.10760335964241032,MAP_SCADA,67,0.003769177919751357
1,B_svc,2,0.17312892218344747,59,0.17762558640633208,MAP_SCADA,67,0.004496664222884611
2,UPFC_Vsh,5-15,1.1072547742868786,59,1.1094904477156968,MAP_SCADA,67,0.0022356734288182523
3,UPFC_tsh,5-15,-0.23890156901931114,59,-0.2347478553483812,MAP_SCADA,67,0.004153713670929954
4,UPFC_Vse,5-15,0.06299379008888283,59,0.06396008063161161,MAP_SCADA,67,0.0009662905427287871
5,UPFC_tse,5-15,-2.1917922454989034,59,-2.1660245224103103,MAP_SCADA,67,0.025767723088593097
0,x_tcsc,1-14,-0.10327191665118586,60,-0.10760335964241032,MAP_SCADA,67,0.0043314429912244545
1,B_svc,2,0.16996069385126053,60,0.17762558640633208,MAP_SCADA,67,0.007664892555071551
2,UPFC_Vsh,5-15,1.1098518577775867,60,1.1094904477156968,MAP_SCADA,67,0.00036141006188983305
3,UPFC_tsh,5-15,-0.23820244736558496,60,-0.2347478553483812,MAP_SCADA,67,0.0034545920172037725
4,UPFC_Vse,5-15,0.06292108618224466,60,0.06396008063161161,MAP_SCADA,67,0.0010389944493669478
5,UPFC_tse,5-15,-2.187923879159447,60,-2.1660245224103103,MAP_SCADA,67,0.02189935674913679
0,x_tcsc,1-14,-0.10443203071954701,61,-0.10760335964241032,MAP_SCADA,67,0.0031713289228633007
1,B_svc,2,0.16903423354943337,61,0.17762558640633208,MAP_SCADA,67,0.008591352856898715
2,UPFC_Vsh,5-15,1.110202654342042,61,1.1094904477156968,MAP_SCADA,67,0.0007122066263451909
3,UPFC_tsh,5-15,-0.23777468793642412,61,-0.2347478553483812,MAP_SCADA,67,0.003026832588042927
4,UPFC_Vse,5-15,0.06314581996839719,61,0.06396008063161161,MAP_SCADA,67,0.000814260663214425
5,UPFC_tse,5-15,-2.1855869768875538,61,-2.1660245224103103,MAP_SCADA,67,0.019562454477243474
0,x_tcsc,1-14,-0.1018979327156657,62,-0.10760335964241032,MAP_SCADA,67,0.005705426926744611
1,B_svc,2,0.17427711005926577,62,0.17762558640633208,MAP_SCADA,67,0.0033484763470663093
2,UPFC_Vsh,5-15,1.1095015499881347,62,1.1094904477156968,MAP_SCADA,67,1.1102272437835126e-05
3,UPFC_tsh,5-15,-0.23957433529079633,62,-0.2347478553483812,MAP_SCADA,67,0.0048264799424151406
4,UPFC_Vse,5-15,0.06324467634335171,62,0.06396008063161161,MAP_SCADA,67,0.0007154042882599049
5,UPFC_tse,5-15,-2.194724354980753,62,-2.1660245224103103,MAP_SCADA,67,0.02869983257044284
0,x_tcsc,1-14,-0.1047565086025988,63,-0.10760335964241032,MAP_SCADA,67,0.0028468510398115127
1,B_svc,2,0.16464257816312167,63,0.17762558640633208,MAP_SCADA,67,0.012983008243210414
2,UPFC_Vsh,5-15,1.1108932720561624,63,1.1094904477156968,MAP_SCADA,67,0.0014028243404655694
3,UPFC_tsh,5-15,-0.23730546416250609,63,-0.2347478553483812,MAP_SCADA,67,0.0025576088141248954
4,UPFC_Vse,5-15,0.06270315531355272,63,0.06396008063161161,MAP_SCADA,67,0.0012569253180588907
5,UPFC_tse,5-15,-2.1891048347645268,63,-2.1660245224103103,MAP_SCADA,67,0.02308031235421648
0,x_tcsc,1-14,-0.10149762845702923,64,-0.10760335964241032,MAP_SCADA,67,0.006105731185381089
1,B_svc,2,0.17041915878050962,64,0.17762558640633208,MAP_SCADA,67,0.007206427625822465
2,UPFC_Vsh,5-15,1.1100417205424307,64,1.1094904477156968,MAP_SCADA,67,0.0005512728267338396
3,UPFC_tsh,5-15,-0.23829959354425628,64,-0.2347478553483812,MAP_SCADA,67,0.0035517381958750927
4,UPFC_Vse,5-15,0.06332037722712637,64,0.06396008063161161,MAP_SCADA,67,0.0006397034044852423
5,UPFC_tse,5-15,-2.1874300265671645,64,-2.1660245224103103,MAP_SCADA,67,0.02140550415685416
0,x_tcsc,1-14,-0.1029503968470731,65,-0.10760335964241032,MAP_SCADA,67,0.004652962795337209
1,B_svc,2,0.1727546126568781,65,0.17762558640633208,MAP_SCADA,67,0.004870973749453972
2,UPFC_Vsh,5-15,1.1090411589252558,65,1.1094904477156968,MAP_SCADA,67,0.0004492887904410381
3,UPFC_tsh,5-15,-0.2391466538977477,65,-0.2347478553483812,MAP_SCADA,67,0.004398798549366506
4,UPFC_Vse,5-15,0.06267864255580684,65,0.06396008063161161,MAP_SCADA,67,0.001281438075804775
5,UPFC_tse,5-15,-2.194609229181598,65,-2.1660245224103103,MAP_SCADA,67,0.02858470677128766
0,x_tcsc,1-14,-0.10255764452678089,66,-0.10760335964241032,MAP_SCADA,67,0.005045715115629429
1,B_svc,2,0.17335932811787075,66,0.17762558640633208,MAP_SCADA,67,0.004266258288461333
2,UPFC_Vsh,5-15,1.1067821196443008,66,1.1094904477156968,MAP_SCADA,67,0.0027083280713959823
3,UPFC_tsh,5-15,-0.24009114421968414,66,-0.2347478553483812,MAP_SCADA,67,0.005343288871302948
4,UPFC_Vse,5-15,0.06383770986129642,66,0.06396008063161161,MAP_SCADA,67,0.00012237077031519716
5,UPFC_tse,5-15,-2.189975251551576,66,-2.1660245224103103,MAP_SCADA,67,0.023950729141265725
0,x_tcsc,1-14,-0.10257961106253177,67,-0.10760335964241032,MAP_SCADA,67,0.0050237485798785425
1,B_svc,2,0.1742425484016374,67,0.17762558640633208,MAP_SCADA,67,0.003383038004694694
2,UPFC_Vsh,5-15,1.1083253567254918,67,1.1094904477156968,MAP_SCADA,67,0.0011650909902050088
3,UPFC_tsh,5-15,-0.23958027079370714,67,-0.2347478553483812,MAP_SCADA,67,0.004832415445325949
4,UPFC_Vse,5-15,0.06314568162052941,67,0.06396008063161161,MAP_SCADA,67,0.000814399011082198
5,UPFC_tse,5-15,-2.1901283364202158,67,-2.1660245224103103,MAP_SCADA,67,0.024103814009905467
0,x_tcsc,1-14,-0.10263337111071213,68,-0.10760335964241032,MAP_SCADA,67,0.00496998853169818
1,B_svc,2,0.17100614863303598,68,0.17762558640633208,MAP_SCADA,67,0.0066194377732961
2,UPFC_Vsh,5-15,1.1100202564761716,68,1.1094904477156968,MAP_SCADA,67,0.0005298087604748147
3,UPFC_tsh,5-15,-0.23892424588676187,68,-0.2347478553483812,MAP_SCADA,67,0.004176390538380675
4,UPFC_Vse,5-15,0.06251988918292863,68,0.06396008063161161,MAP_SCADA,67,0.001440191448682987
5,UPFC_tse,5-15,-2.187948808276476,68,-2.1660245224103103,MAP_SCADA,67,0.021924285866165683
0,x_tcsc,1-14,-0.10299316820601115,69,-0.10760335964241032,MAP_SCADA,67,0.004610191436399166
1,B_svc,2,0.16947360486173987,69,0.17762558640633208,MAP_SCADA,67,0.008151981544592207
2,UPFC_Vsh,5-15,1.1089815892970292,69,1.1094904477156968,MAP_SCADA,67,0.000508858418667657
3,UPFC_tsh,5-15,-0.2385254375662905,69,-0.2347478553483812,MAP_SCADA,67,0.0037775822179093033
4,UPFC_Vse,5-15,0.06214377261304217,69,0.06396008063161161,MAP_SCADA,67,0.0018163080185694402
5,UPFC_tse,5-15,-2.1892225229127744,69,-2.1660245224103103,MAP_SCADA,67,0.023198000502464122
0,x_tcsc,1-14,-0.10185809716055308,70,-0.10760335964241032,MAP_SCADA,67,0.005745262481857236
1,B_svc,2,0.1712652326521477,70,0.17762558640633208,MAP_SCADA,67,0.006360353754184395
2,UPFC_Vsh,5-15,1.1087057236793505,70,1.1094904477156968,MAP_SCADA,67,0.0007847240363463293
3,UPFC_tsh,5-15,-0.2391822748874336,70,-0.2347478553483812,MAP_SCADA,67,0.004434419539052409
4,UPFC_Vse,5-15,0.06257359134144821,70,0.06396008063161161,MAP_SCADA,67,0.001386489290163398
5,UPFC_tse,5-15,-2.1913194357175967,70,-2.1660245224103103,MAP_SCADA,67,0.025294913307286393
0,x_tcsc,1-14,-0.10524162761546635,71,-0.10760335964241032,MAP_SCADA,67,0.0023617320269439662
1,B_svc,2,0.16611244629803404,71,0.17762558640633208,MAP_SCADA,67,0.011513140108298042
2,UPFC_Vsh,5-15,1.1096813062861652,71,1.1094904477156968,MAP_SCADA,67,0.0001908585704684107
3,UPFC_tsh,5-15,-0.23770084547255427,71,-0.2347478553483812,MAP_SCADA,67,0.002952990124173077
4,UPFC_Vse,5-15,0.06383213767638687,71,0.06396008063161161,MAP_SCADA,67,0.00012794295522473853
5,UPFC_tse,5-15,-2.1861294420596007,71,-2.1660245224103103,MAP_SCADA,67,0.020104919649290398
0,x_tcsc,1-14,-0.10233283399276083,72,-0.10760335964241032,MAP_SCADA,67,0.005270525649649485
1,B_svc,2,0.17345561181975075,72,0.17762558640633208,MAP_SCADA,67,0.004169974586581332
2,UPFC_Vsh,5-15,1.1081896369708146,72,1.1094904477156968,MAP_SCADA,67,0.001300810744882197
3,UPFC_tsh,5-15,-0.2390668542505105,72,-0.2347478553483812,MAP_SCADA,67,0.004318998902129306
4,UPFC_Vse,5-15,0.06308312190652304,72,0.06396008063161161,MAP_SCADA,67,0.0008769587250885696
5,UPFC_tse,5-15,-2.1950210742699534,72,-2.1660245224103103,MAP_SCADA,67,0.028996551859643116
0,x_tcsc,1-14,-0.10300572656616798,73,-0.10760335964241032,MAP_SCADA,67,0.004597633076242336
1,B_svc,2,0.1699124075334846,73,0.17762558640633208,MAP_SCADA,67,0.007713178872847476
2,UPFC_Vsh,5-15,1.111688763891842,73,1.1094904477156968,MAP_SCADA,67,0.0021983161761451875
3,UPFC_tsh,5-15,-0.23754253964747926,73,-0.2347478553483812,MAP_SCADA,67,0.0027946842990980714
4,UPFC_Vse,5-15,0.06295480558574423,73,0.06396008063161161,MAP_SCADA,67,0.0010052750458673793
5,UPFC_tse,5-15,-2.1898784956330895,73,-2.1660245224103103,MAP_SCADA,67,0.023853973222779157
0,x_tcsc,1-14,-0.10514924575789812,74,-0.10760335964241032,MAP_SCADA,67,0.0024541138845121935
1,B_svc,2,0.16485838462843566,74,0.17762558640633208,MAP_SCADA,67,0.01276720177789642
2,UPFC_Vsh,5-15,1.1083799244483572,74,1.1094904477156968,MAP_SCADA,67,0.0011105232673396248
3,UPFC_tsh,5-15,-0.23760004359913878,74,-0.2347478553483812,MAP_SCADA,67,0.002852188250757587
4,UPFC_Vse,5-15,0.06298926157265705,74,0.06396008063161161,MAP_SCADA,67,0.0009708190589545612
5,UPFC_tse,5-15,-2.1901337929582283,74,-2.1660245224103103,MAP_SCADA,67,0.024109270547918005
0,x_tcsc,1-14,-0.10232746305722461,75,-0.10760335964241032,MAP_SCADA,67,0.005275896585185708
1,B_svc,2,0.17313561704027464,75,0.17762558640633208,MAP_SCADA,67,0.004489969366057445
2,UPFC_Vsh,5-15,1.1109635601407246,75,1.1094904477156968,MAP_SCADA,67,0.0014731124250277894
3,UPFC_tsh,5-15,-0.2383956924953973,75,-0.2347478553483812,MAP_SCADA,67,0.0036478371470161086
4,UPFC_Vse,5-15,0.06252459057740888,75,0.06396008063161161,MAP_SCADA,67,0.0014354900542027371
5,UPFC_tse,5-15,-2.1931506194433967,75,-2.1660245224103103,MAP_SCADA,67,0.027126097033086438
0,x_tcsc,1-14,-0.10346791682523426,76,-0.10760335964241032,MAP_SCADA,67,0.004135442817176052
1,B_svc,2,0.16888588364988585,76,0.17762558640633208,MAP_SCADA,67,0.008739702756446227
2,UPFC_Vsh,5-15,1.1099742200180993,76,1.1094904477156968,MAP_SCADA,67,0.00048377230240248537
3,UPFC_tsh,5-15,-0.23913273123024675,76,-0.2347478553483812,MAP_SCADA,67,0.004384875881865563
4,UPFC_Vse,5-15,0.06273977661451471,76,0.06396008063161161,MAP_SCADA,67,0.0012203040170968987
5,UPFC_tse,5-15,-2.1907842344148376,76,-2.1660245224103103,MAP_SCADA,67,0.024759712004527312
0,x_tcsc,1-14,-0.1031683208624105,77,-0.10760335964241032,MAP_SCADA,67,0.004435038779999817
1,B_svc,2,0.16891396732518127,77,0.17762558640633208,MAP_SCADA,67,0.008711619081150812
2,UPFC_Vsh,5-15,1.1077683373382927,77,1.1094904477156968,MAP_SCADA,67,0.0017221103774041069
3,UPFC_tsh,5-15,-0.23970109057894223,77,-0.2347478553483812,MAP_SCADA,67,0.004953235230561043
4,UPFC_Vse,5-15,0.06299287105766653,77,0.06396008063161161,MAP_SCADA,67,0.0009672095739450826
5,UPFC_tse,5-15,-2.189390037798933,77,-2.1660245224103103,MAP_SCADA,67,0.023365515388622526
0,x_tcsc,1-14,-0.1003523763282444,78,-0.10760335964241032,MAP_SCADA,67,0.007250983314165918
1,B_svc,2,0.1781374744137755,78,0.17762558640633208,MAP_SCADA,67,0.0005118880074434229
2,UPFC_Vsh,5-15,1.1064367614323085,78,1.1094904477156968,MAP_SCADA,67,0.0030536862833883127
3,UPFC_tsh,5-15,-0.24069360638132725,78,-0.2347478553483812,MAP_SCADA,67,0.005945751032946062
4,UPFC_Vse,5-15,0.0636058583757046,78,0.06396008063161161,MAP_SCADA,67,0.00035422225590701906
5,UPFC_tse,5-15,-2.1934335928061675,78,-2.1660245224103103,MAP_SCADA,67,0.02740907039585716
0,x_tcsc,1-14,-0.10276773053574277,79,-0.10760335964241032,MAP_SCADA,67,0.004835629106667544
1,B_svc,2,0.1680802978468382,79,0.17762558640633208,MAP_SCADA,67,0.00954528855949388
2,UPFC_Vsh,5-15,1.1117810693734493,79,1.1094904477156968,MAP_SCADA,67,0.002290621657752512
3,UPFC_tsh,5-15,-0.237322468516072,79,-0.2347478553483812,MAP_SCADA,67,0.002574613167690809
4,UPFC_Vse,5-15,0.06270065158906427,79,0.06396008063161161,MAP_SCADA,67,0.001259429042547347
5,UPFC_tse,5-15,-2.1869983063602736,79,-2.1660245224103103,MAP_SCADA,67,0.0209737839499633
0,x_tcsc,1-14,-0.10316049789480242,80,-0.10760335964241032,MAP_SCADA,67,0.0044428617476078985
1,B_svc,2,0.17065832407353948,80,0.17762558640633208,MAP_SCADA,67,0.006967262332792601
2,UPFC_Vsh,5-15,1.1092538073589127,80,1.1094904477156968,MAP_SCADA,67,0.00023664035678416795
3,UPFC_tsh,5-15,-0.239140938455551,80,-0.2347478553483812,MAP_SCADA,67,0.004393083107169821
4,UPFC_Vse,5-15,0.063109103691046,80,0.06396008063161161,MAP_SCADA,67,0.0008509769405656148
5,UPFC_tse,5-15,-2.1914075308370156,80,-2.1660245224103103,MAP_SCADA,67,0.025383008426705267
0,x_tcsc,1-14,-0.10041044236733196,81,-0.10760335964241032,MAP_SCADA,67,0.007192917275078356
1,B_svc,2,0.18123476065321326,81,0.17762558640633208,MAP_SCADA,67,0.003609174246881175
2,UPFC_Vsh,5-15,1.1059665821283136,81,1.1094904477156968,MAP_SCADA,67,0.003523865587383268
3,UPFC_tsh,5-15,-0.24094205153019474,81,-0.2347478553483812,MAP_SCADA,67,0.006194196181813549
4,UPFC_Vse,5-15,0.06307815871124836,81,0.06396008063161161,MAP_SCADA,67,0.0008819219203632517
5,UPFC_tse,5-15,-2.195590834076475,81,-2.1660245224103103,MAP_SCADA,67,0.029566311666164857
0,x_tcsc,1-14,-0.10457447478471675,82,-0.10760335964241032,MAP_SCADA,67,0.0030288848576935645
1,B_svc,2,0.16783207973975625,82,0.17762558640633208,MAP_SCADA,67,0.00979350666657583
2,UPFC_Vsh,5-15,1.110012346364267,82,1.1094904477156968,MAP_SCADA,67,0.0005218986485702182
3,UPFC_tsh,5-15,-0.2376586382346466,82,-0.2347478553483812,MAP_SCADA,67,0.002910782886265423
4,UPFC_Vse,5-15,0.06331608203981146,82,0.06396008063161161,MAP_SCADA,67,0.0006439985918001573
5,UPFC_tse,5-15,-2.1867291866877543,82,-2.1660245224103103,MAP_SCADA,67,0.020704664277443996
0,x_tcsc,1-14,-0.1031657595623476,83,-0.10760335964241032,MAP_SCADA,67,0.00443760008006272
1,B_svc,2,0.17424357418869788,83,0.17762558640633208,MAP_SCADA,67,0.003382012217634206
2,UPFC_Vsh,5-15,1.1072885960269414,83,1.1094904477156968,MAP_SCADA,67,0.0022018516887554185
3,UPFC_tsh,5-15,-0.23966310880723438,83,-0.2347478553483812,MAP_SCADA,67,0.004915253458853186
4,UPFC_Vse,5-15,0.06304301881323121,83,0.06396008063161161,MAP_SCADA,67,0.0009170618183804019
5,UPFC_tse,5-15,-2.1962086599650283,83,-2.1660245224103103,MAP_SCADA,67,0.03018413755471805
0,x_tcsc,1-14,-0.10333678174264938,84,-0.10760335964241032,MAP_SCADA,67,0.00426657789976094
1,B_svc,2,0.16992623847206714,84,0.17762558640633208,MAP_SCADA,67,0.0076993479342649385
2,UPFC_Vsh,5-15,1.108396689227261,84,1.1094904477156968,MAP_SCADA,67,0.0010937584884358476
3,UPFC_tsh,5-15,-0.23891537987045408,84,-0.2347478553483812,MAP_SCADA,67,0.004167524522072891
4,UPFC_Vse,5-15,0.06353080171285039,84,0.06396008063161161,MAP_SCADA,67,0.00042927891876122504
5,UPFC_tse,5-15,-2.1934515204379577,84,-2.1660245224103103,MAP_SCADA,67,0.027426998027647365
0,x_tcsc,1-14,-0.10081655054250013,85,-0.10760335964241032,MAP_SCADA,67,0.006786809099910182
1,B_svc,2,0.17694535235740244,85,0.17762558640633208,MAP_SCADA,67,0.0006802340489296399
2,UPFC_Vsh,5-15,1.1073705397164069,85,1.1094904477156968,MAP_SCADA,67,0.0021199079992899605
3,UPFC_tsh,5-15,-0.2398156892148108,85,-0.2347478553483812,MAP_SCADA,67,0.005067833866429616
4,UPFC_Vse,5-15,0.06285607316405972,85,0.06396008063161161,MAP_SCADA,67,0.0011040074675518902
5,UPFC_tse,5-15,-2.1933991813687634,85,-2.1660245224103103,MAP_SCADA,67,0.027374658958453146
0,x_tcsc,1-14,-0.10456865424775502,86,-0.10760335964241032,MAP_SCADA,67,0.003034705394655293
1,B_svc,2,0.1666530528575441,86,0.17762558640633208,MAP_SCADA,67,0.010972533548787994
2,UPFC_Vsh,5-15,1.1106773055855599,86,1.1094904477156968,MAP_SCADA,67,0.001186857869863056
3,UPFC_tsh,5-15,-0.23739767838514195,86,-0.2347478553483812,MAP_SCADA,67,0.0026498230367607567
4,UPFC_Vse,5-15,0.06257029657897878,86,0.06396008063161161,MAP_SCADA,67,0.0013897840526328337
5,UPFC_tse,5-15,-2.189342971517965,86,-2.1660245224103103,MAP_SCADA,67,0.023318449107654793
0,x_tcsc,1-14,-0.1014522893066262,87,-0.10760335964241032,MAP_SCADA,67,0.006151070335784117
1,B_svc,2,0.1759377983837093,87,0.17762558640633208,MAP_SCADA,67,0.0016877880226227882
2,UPFC_Vsh,5-15,1.1075747788641153,87,1.1094904477156968,MAP_SCADA,67,0.0019156688515815645
3,UPFC_tsh,5-15,-0.23996026048803054,87,-0.2347478553483812,MAP_SCADA,67,0.005212405139649351
4,UPFC_Vse,5-15,0.0631287474103788,87,0.06396008063161161,MAP_SCADA,67,0.0008313332212328134
5,UPFC_tse,5-15,-2.192029188740658,87,-2.1660245224103103,MAP_SCADA,67,0.026004666330347703
0,x_tcsc,1-14,-0.10308302753037737,88,-0.10760335964241032,MAP_SCADA,67,0.00452033211203294
1,B_svc,2,0.17448784950738527,88,0.17762558640633208,MAP_SCADA,67,0.003137736898946808
2,UPFC_Vsh,5-15,1.1061476784346318,88,1.1094904477156968,MAP_SCADA,67,0.003342769281065028
3,UPFC_tsh,5-15,-0.24050589806222702,88,-0.2347478553483812,MAP_SCADA,67,0.0057580427138458345
4,UPFC_Vse,5-15,0.06268005160067479,88,0.06396008063161161,MAP_SCADA,67,0.0012800290309368245
5,UPFC_tse,5-15,-2.190872120562374,88,-2.1660245224103103,MAP_SCADA,67,0.02484759815206372
0,x_tcsc,1-14,-0.10267111452075099,89,-0.10760335964241032,MAP_SCADA,67,0.004932245121659323
1,B_svc,2,0.16961778126943405,89,0.17762558640633208,MAP_SCADA,67,0.008007805136898027
2,UPFC_Vsh,5-15,1.1079274160944588,89,1.1094904477156968,MAP_SCADA,67,0.0015630316212380535
3,UPFC_tsh,5-15,-0.23875734153579592,89,-0.2347478553483812,MAP_SCADA,67,0.004009486187414729
4,UPFC_Vse,5-15,0.06317546712596372,89,0.06396008063161161,MAP_SCADA,67,0.0007846135056478881
5,UPFC_tse,5-15,-2.1882457540257323,89,-2.1660245224103103,MAP_SCADA,67,0.022221231615422
0,x_tcsc,1-14,-0.10613469936333164,90,-0.10760335964241032,MAP_SCADA,67,0.0014686602790786735
1,B_svc,2,0.16006816122231587,90,0.17762558640633208,MAP_SCADA,67,0.017557425184016207
2,UPFC_Vsh,5-15,1.1094315761130153,90,1.1094904477156968,MAP_SCADA,67,5.8871602681476176e-05
3,UPFC_tsh,5-15,-0.23704302088232218,90,-0.2347478553483812,MAP_SCADA,67,0.0022951655339409904
4,UPFC_Vse,5-15,0.06352188556720155,90,0.06396008063161161,MAP_SCADA,67,0.00043819506441006295
5,UPFC_tse,5-15,-2.187971846351272,90,-2.1660245224103103,MAP_SCADA,67,0.02194732394096155
0,x_tcsc,1-14,-0.10274183533505725,91,-0.10760335964241032,MAP_SCADA,67,0.004861524307353066
1,B_svc,2,0.1712474167571244,91,0.17762558640633208,MAP_SCADA,67,0.006378169649207677
2,UPFC_Vsh,5-15,1.1081719272205834,91,1.1094904477156968,MAP_SCADA,67,0.0013185204951133844
3,UPFC_tsh,5-15,-0.23991407693170547,91,-0.2347478553483812,MAP_SCADA,67,0.005166221583324276
4,UPFC_Vse,5-15,0.06319960057066118,91,0.06396008063161161,MAP_SCADA,67,0.0007604800609504331
5,UPFC_tse,5-15,-2.189139377730668,91,-2.1660245224103103,MAP_SCADA,67,0.02311485532035773
0,x_tcsc,1-14,-0.10529554962383599,92,-0.10760335964241032,MAP_SCADA,67,0.00230781001857433
1,B_svc,2,0.164802444766533,92,0.17762558640633208,MAP_SCADA,67,0.012823141639799085
2,UPFC_Vsh,5-15,1.1091574366065957,92,1.1094904477156968,MAP_SCADA,67,0.0003330111091011112
3,UPFC_tsh,5-15,-0.23715858961762765,92,-0.2347478553483812,MAP_SCADA,67,0.002410734269246456
4,UPFC_Vse,5-15,0.06325685516812932,92,0.06396008063161161,MAP_SCADA,67,0.000703225463482296
5,UPFC_tse,5-15,-2.185841384590449,92,-2.1660245224103103,MAP_SCADA,67,0.019816862180138894
0,x_tcsc,1-14,-0.10198001686873225,93,-0.10760335964241032,MAP_SCADA,67,0.0056233427736780695
1,B_svc,2,0.1745075075648837,93,0.17762558640633208,MAP_SCADA,67,0.0031180788414483795
2,UPFC_Vsh,5-15,1.1077672411780743,93,1.1094904477156968,MAP_SCADA,67,0.0017232065376224792
3,UPFC_tsh,5-15,-0.24025055114601698,93,-0.2347478553483812,MAP_SCADA,67,0.005502695797635793
4,UPFC_Vse,5-15,0.06302712550417613,93,0.06396008063161161,MAP_SCADA,67,0.000932955127435478
5,UPFC_tse,5-15,-2.193898147976288,93,-2.1660245224103103,MAP_SCADA,67,0.027873625565977722
0,x_tcsc,1-14,-0.10240752827041755,94,-0.10760335964241032,MAP_SCADA,67,0.005195831371992768
1,B_svc,2,0.17267742847899017,94,0.17762558640633208,MAP_SCADA,67,0.004948157927341906
2,UPFC_Vsh,5-15,1.1060683377314755,94,1.1094904477156968,MAP_SCADA,67,0.003422109984221322
3,UPFC_tsh,5-15,-0.23966172718881376,94,-0.2347478553483812,MAP_SCADA,67,0.004913871840432571
4,UPFC_Vse,5-15,0.06356182781739468,94,0.06396008063161161,MAP_SCADA,67,0.0003982528142169317
5,UPFC_tse,5-15,-2.1899317687571993,94,-2.1660245224103103,MAP_SCADA,67,0.02390724634688901
0,x_tcsc,1-14,-0.1015701753308845,95,-0.10760335964241032,MAP_SCADA,67,0.006033184311525816
1,B_svc,2,0.1739762418767858,95,0.17762558640633208,MAP_SCADA,67,0.0036493445295462945
2,UPFC_Vsh,5-15,1.109278096323847,95,1.1094904477156968,MAP_SCADA,67,0.00021235139184971885
3,UPFC_tsh,5-15,-0.23889218641001428,95,-0.2347478553483812,MAP_SCADA,67,0.004144331061633089
4,UPFC_Vse,5-15,0.06328697888437507,95,0.06396008063161161,MAP_SCADA,67,0.0006731017472365458
5,UPFC_tse,5-15,-2.194328809564617,95,-2.1660245224103103,MAP_SCADA,67,0.028304287154306884
0,x_tcsc,1-14,-0.10232252245350033,96,-0.10760335964241032,MAP_SCADA,67,0.0052808371889099814
1,B_svc,2,0.17372121612069635,96,0.17762558640633208,MAP_SCADA,67,0.0039043702856357276
2,UPFC_Vsh,5-15,1.108048298640947,96,1.1094904477156968,MAP_SCADA,67,0.0014421490747498211
3,UPFC_tsh,5-15,-0.2395526260351638,96,-0.2347478553483812,MAP_SCADA,67,0.004804770686782617
4,UPFC_Vse,5-15,0.06360226093011265,96,0.06396008063161161,MAP_SCADA,67,0.00035781970149896536
5,UPFC_tse,5-15,-2.1900485756251924,96,-2.1660245224103103,MAP_SCADA,67,0.024024053214882102
0,x_tcsc,1-14,-0.10333071641159243,97,-0.10760335964241032,MAP_SCADA,67,0.004272643230817885
1,B_svc,2,0.17110006030773722,97,0.17762558640633208,MAP_SCADA,67,0.006525526098594858
2,UPFC_Vsh,5-15,1.1083044207896122,97,1.1094904477156968,MAP_SCADA,67,0.0011860269260846046
3,UPFC_tsh,5-15,-0.23860190996385314,97,-0.2347478553483812,MAP_SCADA,67,0.003854054615471947
4,UPFC_Vse,5-15,0.06399735750141623,97,0.06396008063161161,MAP_SCADA,67,3.727686980461997e-05
5,UPFC_tse,5-15,-2.19124066642229,97,-2.1660245224103103,MAP_SCADA,67,0.02521614401197958
0,x_tcsc,1-14,-0.10426524521610846,98,-0.10760335964241032,MAP_SCADA,67,0.003338114426301858
1,B_svc,2,0.17011498705090078,98,0.17762558640633208,MAP_SCADA,67,0.007510599355431302
2,UPFC_Vsh,5-15,1.1100572819699157,98,1.1094904477156968,MAP_SCADA,67,0.0005668342542188842
3,UPFC_tsh,5-15,-0.23770219494552186,98,-0.2347478553483812,MAP_SCADA,67,0.0029543395971406705
4,UPFC_Vse,5-15,0.06334543800654534,98,0.06396008063161161,MAP_SCADA,67,0.0006146426250662751
5,UPFC_tse,5-15,-2.193521321270926,98,-2.1660245224103103,MAP_SCADA,67,0.027496798860615623
0,x_tcsc,1-14,-0.10313457559422243,99,-0.10760335964241032,MAP_SCADA,67,0.004468784048187888
1,B_svc,2,0.17001685418981957,99,0.17762558640633208,MAP_SCADA,67,0.007608732216512509
2,UPFC_Vsh,5-15,1.109765874666147,99,1.1094904477156968,MAP_SCADA,67,0.00027542695045013055
3,UPFC_tsh,5-15,-0.23838836964991572,99,-0.2347478553483812,MAP_SCADA,67,0.003640514301534531
4,UPFC_Vse,5-15,0.06302138463839355,99,0.06396008063161161,MAP_SCADA,67,0.0009386959932180666
5,UPFC_tse,5-15,-2.187957790781871,99,-2.1660245224103103,MAP_SCADA,67,0.021933268371560732
0,x_tcsc,1-14,-0.10329353714551051,0,-0.10971657447857194,MAP_SCADA,69,0.006423037333061432
1,B_svc,2,0.16811519883705064,0,0.18049206410506405,MAP_SCADA,69,0.012376865268013404
2,UPFC_Vsh,5-15,1.1098479333514264,0,1.1087171548126495,MAP_SCADA,69,0.0011307785387768554
3,UPFC_tsh,5-15,-0.23850846755793317,0,-0.23335359963122154,MAP_SCADA,69,0.0051548679267116315
4,UPFC_Vse,5-15,0.06280396337550218,0,0.06278924275775702,MAP_SCADA,69,1.4720617745156428e-05
5,UPFC_tse,5-15,-2.189547936028691,0,-2.1617267210585682,MAP_SCADA,69,0.02782121497012291
0,x_tcsc,1-14,-0.10333449122731382,1,-0.10971657447857194,MAP_SCADA,69,0.006382083251258122
1,B_svc,2,0.17229278551833666,1,0.18049206410506405,MAP_SCADA,69,0.008199278586727393
2,UPFC_Vsh,5-15,1.1074218438606374,1,1.1087171548126495,MAP_SCADA,69,0.0012953109520121853
3,UPFC_tsh,5-15,-0.2393005791363044,1,-0.23335359963122154,MAP_SCADA,69,0.0059469795050828556
4,UPFC_Vse,5-15,0.06354372417136461,1,0.06278924275775702,MAP_SCADA,69,0.0007544814136075939
5,UPFC_tse,5-15,-2.188008410858818,1,-2.1617267210585682,MAP_SCADA,69,0.026281689800249808
0,x_tcsc,1-14,-0.10362651376837446,2,-0.10971657447857194,MAP_SCADA,69,0.0060900607101974785
1,B_svc,2,0.16919022531694322,2,0.18049206410506405,MAP_SCADA,69,0.011301838788120827
2,UPFC_Vsh,5-15,1.1102493941878657,2,1.1087171548126495,MAP_SCADA,69,0.0015322393752161823
3,UPFC_tsh,5-15,-0.23849235067663532,2,-0.23335359963122154,MAP_SCADA,69,0.005138751045413781
4,UPFC_Vse,5-15,0.06320110323422641,2,0.06278924275775702,MAP_SCADA,69,0.0004118604764693917
5,UPFC_tse,5-15,-2.191367850099842,2,-2.1617267210585682,MAP_SCADA,69,0.029641129041273917
0,x_tcsc,1-14,-0.1022783976113678,3,-0.10971657447857194,MAP_SCADA,69,0.0074381768672041465
1,B_svc,2,0.17447641250969634,3,0.18049206410506405,MAP_SCADA,69,0.00601565159536771
2,UPFC_Vsh,5-15,1.1077086780665086,3,1.1087171548126495,MAP_SCADA,69,0.0010084767461409072
3,UPFC_tsh,5-15,-0.239679881625969,3,-0.23335359963122154,MAP_SCADA,69,0.006326281994747468
4,UPFC_Vse,5-15,0.06420872154220497,3,0.06278924275775702,MAP_SCADA,69,0.0014194787844479528
5,UPFC_tse,5-15,-2.1910131457639017,3,-2.1617267210585682,MAP_SCADA,69,0.02928642470533349
0,x_tcsc,1-14,-0.10394054656344608,4,-0.10971657447857194,MAP_SCADA,69,0.005776027915125867
1,B_svc,2,0.17253418900935183,4,0.18049206410506405,MAP_SCADA,69,0.007957875095712219
2,UPFC_Vsh,5-15,1.1080842679213603,4,1.1087171548126495,MAP_SCADA,69,0.0006328868912892638
3,UPFC_tsh,5-15,-0.23896792048445972,4,-0.23335359963122154,MAP_SCADA,69,0.0056143208532381805
4,UPFC_Vse,5-15,0.06280615072875485,4,0.06278924275775702,MAP_SCADA,69,1.6907970997834254e-05
5,UPFC_tse,5-15,-2.190748734444064,4,-2.1617267210585682,MAP_SCADA,69,0.029022013385495704
0,x_tcsc,1-14,-0.10358721953952944,5,-0.10971657447857194,MAP_SCADA,69,0.0061293549390425
1,B_svc,2,0.16814849854113137,5,0.18049206410506405,MAP_SCADA,69,0.012343565563932679
2,UPFC_Vsh,5-15,1.1103570430873901,5,1.1087171548126495,MAP_SCADA,69,0.0016398882747405974
3,UPFC_tsh,5-15,-0.23847268222950582,5,-0.23335359963122154,MAP_SCADA,69,0.00511908259828428
4,UPFC_Vse,5-15,0.06314489609101118,5,0.06278924275775702,MAP_SCADA,69,0.0003556533332541578
5,UPFC_tse,5-15,-2.190275244913631,5,-2.1617267210585682,MAP_SCADA,69,0.02854852385506268
0,x_tcsc,1-14,-0.10350531559935731,6,-0.10971657447857194,MAP_SCADA,69,0.006211258879214629
1,B_svc,2,0.16889408616433438,6,0.18049206410506405,MAP_SCADA,69,0.01159797794072967
2,UPFC_Vsh,5-15,1.1092796634959625,6,1.1087171548126495,MAP_SCADA,69,0.0005625086833129789
3,UPFC_tsh,5-15,-0.2386688698331191,6,-0.23335359963122154,MAP_SCADA,69,0.005315270201897565
4,UPFC_Vse,5-15,0.06287393598506438,6,0.06278924275775702,MAP_SCADA,69,8.469322730736417e-05
5,UPFC_tse,5-15,-2.1904821780911643,6,-2.1617267210585682,MAP_SCADA,69,0.028755457032596077
0,x_tcsc,1-14,-0.10086561566381738,7,-0.10971657447857194,MAP_SCADA,69,0.008850958814754561
1,B_svc,2,0.17407933738082562,7,0.18049206410506405,MAP_SCADA,69,0.006412726724238427
2,UPFC_Vsh,5-15,1.1095504799373779,7,1.1087171548126495,MAP_SCADA,69,0.0008333251247283346
3,UPFC_tsh,5-15,-0.23927897238709775,7,-0.23335359963122154,MAP_SCADA,69,0.005925372755876207
4,UPFC_Vse,5-15,0.06312921191592344,7,0.06278924275775702,MAP_SCADA,69,0.0003399691581664199
5,UPFC_tse,5-15,-2.1874008932882796,7,-2.1617267210585682,MAP_SCADA,69,0.025674172229711356
0,x_tcsc,1-14,-0.10415892026095726,8,-0.10971657447857194,MAP_SCADA,69,0.005557654217614685
1,B_svc,2,0.17134587093852688,8,0.18049206410506405,MAP_SCADA,69,0.00914619316653717
2,UPFC_Vsh,5-15,1.107249958845356,8,1.1087171548126495,MAP_SCADA,69,0.0014671959672936108
3,UPFC_tsh,5-15,-0.23866553903984225,8,-0.23335359963122154,MAP_SCADA,69,0.005311939408620708
4,UPFC_Vse,5-15,0.06362033412494816,8,0.06278924275775702,MAP_SCADA,69,0.0008310913671911446
5,UPFC_tse,5-15,-2.186522927523441,8,-2.1617267210585682,MAP_SCADA,69,0.024796206464872572
0,x_tcsc,1-14,-0.10245107087655327,9,-0.10971657447857194,MAP_SCADA,69,0.0072655036020186775
1,B_svc,2,0.1699705773336321,9,0.18049206410506405,MAP_SCADA,69,0.010521486771431943
2,UPFC_Vsh,5-15,1.1111100280601645,9,1.1087171548126495,MAP_SCADA,69,0.002392873247514915
3,UPFC_tsh,5-15,-0.23772898479278912,9,-0.23335359963122154,MAP_SCADA,69,0.004375385161567574
4,UPFC_Vse,5-15,0.06293157188011914,9,0.06278924275775702,MAP_SCADA,69,0.00014232912236211703
5,UPFC_tse,5-15,-2.1889726606857733,9,-2.1617267210585682,MAP_SCADA,69,0.027245939627205118
0,x_tcsc,1-14,-0.10201414245840422,10,-0.10971657447857194,MAP_SCADA,69,0.007702432020167724
1,B_svc,2,0.1773995230540244,10,0.18049206410506405,MAP_SCADA,69,0.003092541051039649
2,UPFC_Vsh,5-15,1.1078753800386845,10,1.1087171548126495,MAP_SCADA,69,0.000841774773965076
3,UPFC_tsh,5-15,-0.23991346910294914,10,-0.23335359963122154,MAP_SCADA,69,0.006559869471727597
4,UPFC_Vse,5-15,0.06350055111044295,10,0.06278924275775702,MAP_SCADA,69,0.0007113083526859298
5,UPFC_tse,5-15,-2.188397089259698,10,-2.1617267210585682,MAP_SCADA,69,0.02667036820112978
0,x_tcsc,1-14,-0.10309787691363395,11,-0.10971657447857194,MAP_SCADA,69,0.006618697564937992
1,B_svc,2,0.17229032263195573,11,0.18049206410506405,MAP_SCADA,69,0.008201741473108315
2,UPFC_Vsh,5-15,1.106829264025858,11,1.1087171548126495,MAP_SCADA,69,0.001887890786791635
3,UPFC_tsh,5-15,-0.23956457706822262,11,-0.23335359963122154,MAP_SCADA,69,0.006210977437001081
4,UPFC_Vse,5-15,0.06366462202276205,11,0.06278924275775702,MAP_SCADA,69,0.0008753792650050274
5,UPFC_tse,5-15,-2.1891986298807464,11,-2.1617267210585682,MAP_SCADA,69,0.027471908822178204
0,x_tcsc,1-14,-0.10463812009775422,12,-0.10971657447857194,MAP_SCADA,69,0.005078454380817721
1,B_svc,2,0.16853615682973003,12,0.18049206410506405,MAP_SCADA,69,0.011955907275334021
2,UPFC_Vsh,5-15,1.1081083885543885,12,1.1087171548126495,MAP_SCADA,69,0.0006087662582610065
3,UPFC_tsh,5-15,-0.23874039951966272,12,-0.23335359963122154,MAP_SCADA,69,0.005386799888441179
4,UPFC_Vse,5-15,0.06357887848112859,12,0.06278924275775702,MAP_SCADA,69,0.0007896357233715678
5,UPFC_tse,5-15,-2.1899085293440548,12,-2.1617267210585682,MAP_SCADA,69,0.028181808285486554
0,x_tcsc,1-14,-0.10326192676854636,13,-0.10971657447857194,MAP_SCADA,69,0.006454647710025588
1,B_svc,2,0.17236389006577532,13,0.18049206410506405,MAP_SCADA,69,0.008128174039288727
2,UPFC_Vsh,5-15,1.10698736772081,13,1.1087171548126495,MAP_SCADA,69,0.0017297870918395741
3,UPFC_tsh,5-15,-0.23976528062347388,13,-0.23335359963122154,MAP_SCADA,69,0.006411680992252339
4,UPFC_Vse,5-15,0.06249443149756003,13,0.06278924275775702,MAP_SCADA,69,0.00029481126019698795
5,UPFC_tse,5-15,-2.196371164920003,13,-2.1617267210585682,MAP_SCADA,69,0.03464444386143484
0,x_tcsc,1-14,-0.1030504484184106,14,-0.10971657447857194,MAP_SCADA,69,0.006666126060161343
1,B_svc,2,0.16997033053296642,14,0.18049206410506405,MAP_SCADA,69,0.010521733572097625
2,UPFC_Vsh,5-15,1.1110829106317943,14,1.1087171548126495,MAP_SCADA,69,0.002365755819144777
3,UPFC_tsh,5-15,-0.2378859124752215,14,-0.23335359963122154,MAP_SCADA,69,0.004532312843999964
4,UPFC_Vse,5-15,0.0626573943935469,14,0.06278924275775702,MAP_SCADA,69,0.00013184836421012425
5,UPFC_tse,5-15,-2.193799530913218,14,-2.1617267210585682,MAP_SCADA,69,0.032072809854649886
0,x_tcsc,1-14,-0.10309694119605492,15,-0.10971657447857194,MAP_SCADA,69,0.006619633282517023
1,B_svc,2,0.16693486271337285,15,0.18049206410506405,MAP_SCADA,69,0.013557201391691198
2,UPFC_Vsh,5-15,1.112102866085488,15,1.1087171548126495,MAP_SCADA,69,0.0033857112728383765
3,UPFC_tsh,5-15,-0.2382997699364943,15,-0.23335359963122154,MAP_SCADA,69,0.004946170305272751
4,UPFC_Vse,5-15,0.06256983739626225,15,0.06278924275775702,MAP_SCADA,69,0.00021940536149477052
5,UPFC_tse,5-15,-2.1883812738215953,15,-2.1617267210585682,MAP_SCADA,69,0.026654552763027084
0,x_tcsc,1-14,-0.10217489660297842,16,-0.10971657447857194,MAP_SCADA,69,0.007541677875593525
1,B_svc,2,0.17394135187656679,16,0.18049206410506405,MAP_SCADA,69,0.006550712228497263
2,UPFC_Vsh,5-15,1.107960262070741,16,1.1087171548126495,MAP_SCADA,69,0.0007568927419085991
3,UPFC_tsh,5-15,-0.239206249885445,16,-0.23335359963122154,MAP_SCADA,69,0.005852650254223463
4,UPFC_Vse,5-15,0.06271712989685814,16,0.06278924275775702,MAP_SCADA,69,7.211286089887914e-05
5,UPFC_tse,5-15,-2.1939130467822623,16,-2.1617267210585682,MAP_SCADA,69,0.032186325723694065
0,x_tcsc,1-14,-0.10454469730310308,17,-0.10971657447857194,MAP_SCADA,69,0.005171877175468867
1,B_svc,2,0.16712461844377577,17,0.18049206410506405,MAP_SCADA,69,0.01336744566128828
2,UPFC_Vsh,5-15,1.109370895589937,17,1.1087171548126495,MAP_SCADA,69,0.0006537407772875259
3,UPFC_tsh,5-15,-0.23753669429202756,17,-0.23335359963122154,MAP_SCADA,69,0.004183094660806019
4,UPFC_Vse,5-15,0.06325825102421366,17,0.06278924275775702,MAP_SCADA,69,0.0004690082664566414
5,UPFC_tse,5-15,-2.186313396630077,17,-2.1617267210585682,MAP_SCADA,69,0.02458667557150873
0,x_tcsc,1-14,-0.10112964944926826,18,-0.10971657447857194,MAP_SCADA,69,0.00858692502930368
1,B_svc,2,0.17737976177681442,18,0.18049206410506405,MAP_SCADA,69,0.003112302328249633
2,UPFC_Vsh,5-15,1.109702083507929,18,1.1087171548126495,MAP_SCADA,69,0.0009849286952794412
3,UPFC_tsh,5-15,-0.23936642374053496,18,-0.23335359963122154,MAP_SCADA,69,0.006012824109313419
4,UPFC_Vse,5-15,0.06363139956315816,18,0.06278924275775702,MAP_SCADA,69,0.0008421568054011452
5,UPFC_tse,5-15,-2.1903458498537542,18,-2.1617267210585682,MAP_SCADA,69,0.028619128795186022
0,x_tcsc,1-14,-0.10321435202359344,19,-0.10971657447857194,MAP_SCADA,69,0.006502222454978501
1,B_svc,2,0.16810748723890664,19,0.18049206410506405,MAP_SCADA,69,0.012384576866157404
2,UPFC_Vsh,5-15,1.1100965594026282,19,1.1087171548126495,MAP_SCADA,69,0.00137940458997865
3,UPFC_tsh,5-15,-0.23852179981642677,19,-0.23335359963122154,MAP_SCADA,69,0.005168200185205224
4,UPFC_Vse,5-15,0.0625930905180296,19,0.06278924275775702,MAP_SCADA,69,0.00019615223972742346
5,UPFC_tse,5-15,-2.188351087150795,19,-2.1617267210585682,MAP_SCADA,69,0.026624366092226737
0,x_tcsc,1-14,-0.10354343396284567,20,-0.10971657447857194,MAP_SCADA,69,0.006173140515726275
1,B_svc,2,0.16703463626958456,20,0.18049206410506405,MAP_SCADA,69,0.013457427835479485
2,UPFC_Vsh,5-15,1.1098341526661635,20,1.1087171548126495,MAP_SCADA,69,0.0011169978535139347
3,UPFC_tsh,5-15,-0.23788774543338145,20,-0.23335359963122154,MAP_SCADA,69,0.004534145802159911
4,UPFC_Vse,5-15,0.06243570092208961,20,0.06278924275775702,MAP_SCADA,69,0.00035354183566740915
5,UPFC_tse,5-15,-2.191014469814827,20,-2.1617267210585682,MAP_SCADA,69,0.029287748756258836
0,x_tcsc,1-14,-0.10344129310754582,21,-0.10971657447857194,MAP_SCADA,69,0.00627528137102612
1,B_svc,2,0.1708677144969117,21,0.18049206410506405,MAP_SCADA,69,0.009624349608152338
2,UPFC_Vsh,5-15,1.1077101992879548,21,1.1087171548126495,MAP_SCADA,69,0.0010069555246947637
3,UPFC_tsh,5-15,-0.23998780930740443,21,-0.23335359963122154,MAP_SCADA,69,0.0066342096761828895
4,UPFC_Vse,5-15,0.06297038816134898,21,0.06278924275775702,MAP_SCADA,69,0.00018114540359195908
5,UPFC_tse,5-15,-2.1940017442066315,21,-2.1617267210585682,MAP_SCADA,69,0.0322750231480633
0,x_tcsc,1-14,-0.10200268563517126,22,-0.10971657447857194,MAP_SCADA,69,0.007713888843400685
1,B_svc,2,0.17089704393936794,22,0.18049206410506405,MAP_SCADA,69,0.009595020165696105
2,UPFC_Vsh,5-15,1.11057128340465,22,1.1087171548126495,MAP_SCADA,69,0.0018541285920004036
3,UPFC_tsh,5-15,-0.2383999901081647,22,-0.23335359963122154,MAP_SCADA,69,0.005046390476943163
4,UPFC_Vse,5-15,0.06284333278504248,22,0.06278924275775702,MAP_SCADA,69,5.409002728545831e-05
5,UPFC_tse,5-15,-2.189614887509789,22,-2.1617267210585682,MAP_SCADA,69,0.02788816645122072
0,x_tcsc,1-14,-0.10414257550582919,23,-0.10971657447857194,MAP_SCADA,69,0.005573998972742758
1,B_svc,2,0.17302275696693312,23,0.18049206410506405,MAP_SCADA,69,0.007469307138130932
2,UPFC_Vsh,5-15,1.1062099902680418,23,1.1087171548126495,MAP_SCADA,69,0.002507164544607754
3,UPFC_tsh,5-15,-0.23899992877224516,23,-0.23335359963122154,MAP_SCADA,69,0.005646329141023615
4,UPFC_Vse,5-15,0.06331203494101198,23,0.06278924275775702,MAP_SCADA,69,0.0005227921832549609
5,UPFC_tse,5-15,-2.193611288444514,23,-2.1617267210585682,MAP_SCADA,69,0.031884567385945584
0,x_tcsc,1-14,-0.10255669398750906,24,-0.10971657447857194,MAP_SCADA,69,0.007159880491062878
1,B_svc,2,0.17527665408020493,24,0.18049206410506405,MAP_SCADA,69,0.005215410024859118
2,UPFC_Vsh,5-15,1.110444416352426,24,1.1087171548126495,MAP_SCADA,69,0.0017272615397765367
3,UPFC_tsh,5-15,-0.23838245129865002,24,-0.23335359963122154,MAP_SCADA,69,0.0050288516674284744
4,UPFC_Vse,5-15,0.06343171498679508,24,0.06278924275775702,MAP_SCADA,69,0.0006424722290380575
5,UPFC_tse,5-15,-2.1934702341448933,24,-2.1617267210585682,MAP_SCADA,69,0.03174351308632506
0,x_tcsc,1-14,-0.10349904714129522,25,-0.10971657447857194,MAP_SCADA,69,0.006217527337276721
1,B_svc,2,0.16860677052613007,25,0.18049206410506405,MAP_SCADA,69,0.011885293578933975
2,UPFC_Vsh,5-15,1.1085206473749372,25,1.1087171548126495,MAP_SCADA,69,0.00019650743771237877
3,UPFC_tsh,5-15,-0.2385443264307013,25,-0.23335359963122154,MAP_SCADA,69,0.005190726799479767
4,UPFC_Vse,5-15,0.06318141056723417,25,0.06278924275775702,MAP_SCADA,69,0.0003921678094771508
5,UPFC_tse,5-15,-2.193211743897714,25,-2.1617267210585682,MAP_SCADA,69,0.03148502283914567
0,x_tcsc,1-14,-0.10344888642509803,26,-0.10971657447857194,MAP_SCADA,69,0.006267688053473913
1,B_svc,2,0.1684348338944659,26,0.18049206410506405,MAP_SCADA,69,0.012057230210598152
2,UPFC_Vsh,5-15,1.1093544542233646,26,1.1087171548126495,MAP_SCADA,69,0.0006372994107151086
3,UPFC_tsh,5-15,-0.23870731257150962,26,-0.23335359963122154,MAP_SCADA,69,0.00535371294028808
4,UPFC_Vse,5-15,0.06272919858083496,26,0.06278924275775702,MAP_SCADA,69,6.004417692205555e-05
5,UPFC_tse,5-15,-2.1892722360416754,26,-2.1617267210585682,MAP_SCADA,69,0.0275455149831072
0,x_tcsc,1-14,-0.10324303032860659,27,-0.10971657447857194,MAP_SCADA,69,0.006473544149965357
1,B_svc,2,0.16582498944584045,27,0.18049206410506405,MAP_SCADA,69,0.014667074659223595
2,UPFC_Vsh,5-15,1.1092917412852477,27,1.1087171548126495,MAP_SCADA,69,0.0005745864725981153
3,UPFC_tsh,5-15,-0.23786009562888574,27,-0.23335359963122154,MAP_SCADA,69,0.0045064959976642005
4,UPFC_Vse,5-15,0.06271511041328849,27,0.06278924275775702,MAP_SCADA,69,7.413234446852768e-05
5,UPFC_tse,5-15,-2.1924914175363153,27,-2.1617267210585682,MAP_SCADA,69,0.030764696477747044
0,x_tcsc,1-14,-0.10135196066548283,28,-0.10971657447857194,MAP_SCADA,69,0.008364613813089117
1,B_svc,2,0.17761057228239494,28,0.18049206410506405,MAP_SCADA,69,0.0028814918226691133
2,UPFC_Vsh,5-15,1.1083718755136782,28,1.1087171548126495,MAP_SCADA,69,0.0003452792989713238
3,UPFC_tsh,5-15,-0.2395613443581504,28,-0.23335359963122154,MAP_SCADA,69,0.0062077447269288655
4,UPFC_Vse,5-15,0.06346267764598927,28,0.06278924275775702,MAP_SCADA,69,0.0006734348882322522
5,UPFC_tse,5-15,-2.1903041390921896,28,-2.1617267210585682,MAP_SCADA,69,0.02857741803362135
0,x_tcsc,1-14,-0.10515150213842957,29,-0.10971657447857194,MAP_SCADA,69,0.004565072340142376
1,B_svc,2,0.16766234531155627,29,0.18049206410506405,MAP_SCADA,69,0.012829718793507777
2,UPFC_Vsh,5-15,1.1095725542927521,29,1.1087171548126495,MAP_SCADA,69,0.0008553994801026032
3,UPFC_tsh,5-15,-0.23785749907874235,29,-0.23335359963122154,MAP_SCADA,69,0.004503899447520804
4,UPFC_Vse,5-15,0.06285327963871028,29,0.06278924275775702,MAP_SCADA,69,6.403688095325821e-05
5,UPFC_tse,5-15,-2.1945382243971,29,-2.1617267210585682,MAP_SCADA,69,0.03281150333853189
0,x_tcsc,1-14,-0.10214521014739744,30,-0.10971657447857194,MAP_SCADA,69,0.007571364331174502
1,B_svc,2,0.1733947782625552,30,0.18049206410506405,MAP_SCADA,69,0.007097285842508849
2,UPFC_Vsh,5-15,1.108749731528518,30,1.1087171548126495,MAP_SCADA,69,3.2576715868426476e-05
3,UPFC_tsh,5-15,-0.24003817420459694,30,-0.23335359963122154,MAP_SCADA,69,0.006684574573375401
4,UPFC_Vse,5-15,0.06354332981972415,30,0.06278924275775702,MAP_SCADA,69,0.0007540870619671264
5,UPFC_tse,5-15,-2.1899562565815236,30,-2.1617267210585682,MAP_SCADA,69,0.028229535522955373
0,x_tcsc,1-14,-0.10186895497271833,31,-0.10971657447857194,MAP_SCADA,69,0.007847619505853609
1,B_svc,2,0.1731001895027111,31,0.18049206410506405,MAP_SCADA,69,0.007391874602352938
2,UPFC_Vsh,5-15,1.1089604871881096,31,1.1087171548126495,MAP_SCADA,69,0.00024333237546003694
3,UPFC_tsh,5-15,-0.2393106658119316,31,-0.23335359963122154,MAP_SCADA,69,0.005957066180710069
4,UPFC_Vse,5-15,0.06361662209310572,31,0.06278924275775702,MAP_SCADA,69,0.0008273793353486963
5,UPFC_tse,5-15,-2.1910202663171208,31,-2.1617267210585682,MAP_SCADA,69,0.029293545258552545
0,x_tcsc,1-14,-0.10199155700575223,32,-0.10971657447857194,MAP_SCADA,69,0.007725017472819715
1,B_svc,2,0.17562280153400014,32,0.18049206410506405,MAP_SCADA,69,0.004869262571063904
2,UPFC_Vsh,5-15,1.1083810877935076,32,1.1087171548126495,MAP_SCADA,69,0.00033606701914190573
3,UPFC_tsh,5-15,-0.23893318807281042,32,-0.23335359963122154,MAP_SCADA,69,0.005579588441588873
4,UPFC_Vse,5-15,0.06267661663381953,32,0.06278924275775702,MAP_SCADA,69,0.00011262612393748983
5,UPFC_tse,5-15,-2.1933767411492218,32,-2.1617267210585682,MAP_SCADA,69,0.03165002009065354
0,x_tcsc,1-14,-0.10341776982429712,33,-0.10971657447857194,MAP_SCADA,69,0.00629880465427482
1,B_svc,2,0.1685857185347648,33,0.18049206410506405,MAP_SCADA,69,0.011906345570299237
2,UPFC_Vsh,5-15,1.1090690511856047,33,1.1087171548126495,MAP_SCADA,69,0.00035189637295518494
3,UPFC_tsh,5-15,-0.23823230252929914,33,-0.23335359963122154,MAP_SCADA,69,0.004878702898077597
4,UPFC_Vse,5-15,0.06321292719959012,33,0.06278924275775702,MAP_SCADA,69,0.0004236844418331054
5,UPFC_tse,5-15,-2.190809317373603,33,-2.1617267210585682,MAP_SCADA,69,0.02908259631503496
0,x_tcsc,1-14,-0.10303751160140999,34,-0.10971657447857194,MAP_SCADA,69,0.006679062877161954
1,B_svc,2,0.1683284671853949,34,0.18049206410506405,MAP_SCADA,69,0.012163596919669145
2,UPFC_Vsh,5-15,1.109998361341998,34,1.1087171548126495,MAP_SCADA,69,0.0012812065293483776
3,UPFC_tsh,5-15,-0.2380691737984707,34,-0.23335359963122154,MAP_SCADA,69,0.004715574167249159
4,UPFC_Vse,5-15,0.0635342444626378,34,0.06278924275775702,MAP_SCADA,69,0.0007450017048807878
5,UPFC_tse,5-15,-2.1878828879669565,34,-2.1617267210585682,MAP_SCADA,69,0.02615616690838829
0,x_tcsc,1-14,-0.10297982083834885,35,-0.10971657447857194,MAP_SCADA,69,0.006736753640223095
1,B_svc,2,0.17046754832647434,35,0.18049206410506405,MAP_SCADA,69,0.010024515778589704
2,UPFC_Vsh,5-15,1.1112794492291262,35,1.1087171548126495,MAP_SCADA,69,0.002562294416476707
3,UPFC_tsh,5-15,-0.2385383032127797,35,-0.23335359963122154,MAP_SCADA,69,0.005184703581558148
4,UPFC_Vse,5-15,0.06367108062868834,35,0.06278924275775702,MAP_SCADA,69,0.0008818378709313235
5,UPFC_tse,5-15,-2.188473680620623,35,-2.1617267210585682,MAP_SCADA,69,0.02674695956205486
0,x_tcsc,1-14,-0.1037433704569016,36,-0.10971657447857194,MAP_SCADA,69,0.005973204021670342
1,B_svc,2,0.17020265351511055,36,0.18049206410506405,MAP_SCADA,69,0.010289410589953502
2,UPFC_Vsh,5-15,1.1084573576990415,36,1.1087171548126495,MAP_SCADA,69,0.00025979711360801794
3,UPFC_tsh,5-15,-0.2387082284511852,36,-0.23335359963122154,MAP_SCADA,69,0.005354628819963653
4,UPFC_Vse,5-15,0.06266177121649627,36,0.06278924275775702,MAP_SCADA,69,0.00012747154126074856
5,UPFC_tse,5-15,-2.192234184921244,36,-2.1617267210585682,MAP_SCADA,69,0.030507463862675888
0,x_tcsc,1-14,-0.10331206912751367,37,-0.10971657447857194,MAP_SCADA,69,0.006404505351058271
1,B_svc,2,0.16983444814242962,37,0.18049206410506405,MAP_SCADA,69,0.010657615962634426
2,UPFC_Vsh,5-15,1.1093899644083485,37,1.1087171548126495,MAP_SCADA,69,0.0006728095956989311
3,UPFC_tsh,5-15,-0.23805948198578433,37,-0.23335359963122154,MAP_SCADA,69,0.00470588235456279
4,UPFC_Vse,5-15,0.06260338273141129,37,0.06278924275775702,MAP_SCADA,69,0.00018586002634572718
5,UPFC_tse,5-15,-2.194394240818059,37,-2.1617267210585682,MAP_SCADA,69,0.03266751975949056
0,x_tcsc,1-14,-0.10491436820607243,38,-0.10971657447857194,MAP_SCADA,69,0.004802206272499512
1,B_svc,2,0.1672180740223852,38,0.18049206410506405,MAP_SCADA,69,0.01327399008267885
2,UPFC_Vsh,5-15,1.1095823920842456,38,1.1087171548126495,MAP_SCADA,69,0.0008652372715960421
3,UPFC_tsh,5-15,-0.23796712750088744,38,-0.23335359963122154,MAP_SCADA,69,0.004613527869665901
4,UPFC_Vse,5-15,0.06283312149927725,38,0.06278924275775702,MAP_SCADA,69,4.38787415202313e-05
5,UPFC_tse,5-15,-2.18825981095042,38,-2.1617267210585682,MAP_SCADA,69,0.02653308989185188
0,x_tcsc,1-14,-0.10472404013278803,39,-0.10971657447857194,MAP_SCADA,69,0.004992534345783908
1,B_svc,2,0.17177177941619282,39,0.18049206410506405,MAP_SCADA,69,0.008720284688871233
2,UPFC_Vsh,5-15,1.106130884386145,39,1.1087171548126495,MAP_SCADA,69,0.0025862704265045
3,UPFC_tsh,5-15,-0.239162445516109,39,-0.23335359963122154,MAP_SCADA,69,0.005808845884887448
4,UPFC_Vse,5-15,0.06329622775397507,39,0.06278924275775702,MAP_SCADA,69,0.0005069849962180545
5,UPFC_tse,5-15,-2.187460536285187,39,-2.1617267210585682,MAP_SCADA,69,0.025733815226618884
0,x_tcsc,1-14,-0.10328701279564349,40,-0.10971657447857194,MAP_SCADA,69,0.00642956168292845
1,B_svc,2,0.1697864442432162,40,0.18049206410506405,MAP_SCADA,69,0.010705619861847843
2,UPFC_Vsh,5-15,1.1091570589281596,40,1.1087171548126495,MAP_SCADA,69,0.00043990411551009245
3,UPFC_tsh,5-15,-0.23841077906827327,40,-0.23335359963122154,MAP_SCADA,69,0.005057179437051723
4,UPFC_Vse,5-15,0.06335807687554586,40,0.06278924275775702,MAP_SCADA,69,0.0005688341177888384
5,UPFC_tse,5-15,-2.188321530167082,40,-2.1617267210585682,MAP_SCADA,69,0.02659480910851375
0,x_tcsc,1-14,-0.10415308358070655,41,-0.10971657447857194,MAP_SCADA,69,0.005563490897865397
1,B_svc,2,0.1659516229371476,41,0.18049206410506405,MAP_SCADA,69,0.014540441167916446
2,UPFC_Vsh,5-15,1.1088618181516254,41,1.1087171548126495,MAP_SCADA,69,0.00014466333897589223
3,UPFC_tsh,5-15,-0.23803785406369915,41,-0.23335359963122154,MAP_SCADA,69,0.004684254432477608
4,UPFC_Vse,5-15,0.06317922460371121,41,0.06278924275775702,MAP_SCADA,69,0.00038998184595419316
5,UPFC_tse,5-15,-2.192117927145841,41,-2.1617267210585682,MAP_SCADA,69,0.03039120608727286
0,x_tcsc,1-14,-0.10282328972764497,42,-0.10971657447857194,MAP_SCADA,69,0.006893284750926973
1,B_svc,2,0.1721197597634059,42,0.18049206410506405,MAP_SCADA,69,0.008372304341658143
2,UPFC_Vsh,5-15,1.1081902020497665,42,1.1087171548126495,MAP_SCADA,69,0.0005269527628830595
3,UPFC_tsh,5-15,-0.23900538395228121,42,-0.23335359963122154,MAP_SCADA,69,0.005651784321059672
4,UPFC_Vse,5-15,0.06283176345199303,42,0.06278924275775702,MAP_SCADA,69,4.252069423600624e-05
5,UPFC_tse,5-15,-2.1893873032588393,42,-2.1617267210585682,MAP_SCADA,69,0.027660582200271122
0,x_tcsc,1-14,-0.10303424453802462,43,-0.10971657447857194,MAP_SCADA,69,0.006682329940547321
1,B_svc,2,0.17311051925916063,43,0.18049206410506405,MAP_SCADA,69,0.0073815448459034205
2,UPFC_Vsh,5-15,1.107982607035665,43,1.1087171548126495,MAP_SCADA,69,0.0007345477769844511
3,UPFC_tsh,5-15,-0.23927261561656687,43,-0.23335359963122154,MAP_SCADA,69,0.005919015985345333
4,UPFC_Vse,5-15,0.06356982541230466,43,0.06278924275775702,MAP_SCADA,69,0.0007805826545476402
5,UPFC_tse,5-15,-2.1951217682769553,43,-2.1617267210585682,MAP_SCADA,69,0.03339504721838704
0,x_tcsc,1-14,-0.1027973561626272,44,-0.10971657447857194,MAP_SCADA,69,0.006919218315944747
1,B_svc,2,0.1681348089727287,44,0.18049206410506405,MAP_SCADA,69,0.012357255132335349
2,UPFC_Vsh,5-15,1.109787300168,44,1.1087171548126495,MAP_SCADA,69,0.0010701453553505491
3,UPFC_tsh,5-15,-0.23831165948836602,44,-0.23335359963122154,MAP_SCADA,69,0.004958059857144481
4,UPFC_Vse,5-15,0.06368281985756345,44,0.06278924275775702,MAP_SCADA,69,0.0008935770998064335
5,UPFC_tse,5-15,-2.1854876578376725,44,-2.1617267210585682,MAP_SCADA,69,0.02376093677910429
0,x_tcsc,1-14,-0.10221996947708181,45,-0.10971657447857194,MAP_SCADA,69,0.007496605001490131
1,B_svc,2,0.1768898387398685,45,0.18049206410506405,MAP_SCADA,69,0.003602225365195555
2,UPFC_Vsh,5-15,1.1095156345355885,45,1.1087171548126495,MAP_SCADA,69,0.000798479722939005
3,UPFC_tsh,5-15,-0.2389523502653847,45,-0.23335359963122154,MAP_SCADA,69,0.005598750634163152
4,UPFC_Vse,5-15,0.06318314771751779,45,0.06278924275775702,MAP_SCADA,69,0.00039390495976077133
5,UPFC_tse,5-15,-2.193731744557763,45,-2.1617267210585682,MAP_SCADA,69,0.03200502349919487
0,x_tcsc,1-14,-0.10209110133794598,46,-0.10971657447857194,MAP_SCADA,69,0.007625473140625963
1,B_svc,2,0.1749895939957132,46,0.18049206410506405,MAP_SCADA,69,0.005502470109350843
2,UPFC_Vsh,5-15,1.1075689036025793,46,1.1087171548126495,MAP_SCADA,69,0.001148251210070228
3,UPFC_tsh,5-15,-0.2405839698596442,46,-0.23335359963122154,MAP_SCADA,69,0.007230370228422656
4,UPFC_Vse,5-15,0.06325877581511731,46,0.06278924275775702,MAP_SCADA,69,0.00046953305736029127
5,UPFC_tse,5-15,-2.1915658662244795,46,-2.1617267210585682,MAP_SCADA,69,0.02983914516591124
0,x_tcsc,1-14,-0.10430424526697522,47,-0.10971657447857194,MAP_SCADA,69,0.00541232921159672
1,B_svc,2,0.16657044584038416,47,0.18049206410506405,MAP_SCADA,69,0.013921618264679886
2,UPFC_Vsh,5-15,1.1089944570086598,47,1.1087171548126495,MAP_SCADA,69,0.0002773021960102984
3,UPFC_tsh,5-15,-0.23755332848839128,47,-0.23335359963122154,MAP_SCADA,69,0.004199728857169738
4,UPFC_Vse,5-15,0.06325285378388841,47,0.06278924275775702,MAP_SCADA,69,0.0004636110261313914
5,UPFC_tse,5-15,-2.1926651756040454,47,-2.1617267210585682,MAP_SCADA,69,0.030938454545477168
0,x_tcsc,1-14,-0.10467341988269523,48,-0.10971657447857194,MAP_SCADA,69,0.005043154595876717
1,B_svc,2,0.16631328053467387,48,0.18049206410506405,MAP_SCADA,69,0.01417878357039018
2,UPFC_Vsh,5-15,1.109765910581846,48,1.1087171548126495,MAP_SCADA,69,0.0010487557691964966
3,UPFC_tsh,5-15,-0.23718168953869978,48,-0.23335359963122154,MAP_SCADA,69,0.003828089907478238
4,UPFC_Vse,5-15,0.06257817548573592,48,0.06278924275775702,MAP_SCADA,69,0.00021106727202109543
5,UPFC_tse,5-15,-2.189149825874566,48,-2.1617267210585682,MAP_SCADA,69,0.027423104815997856
0,x_tcsc,1-14,-0.10036649413923276,49,-0.10971657447857194,MAP_SCADA,69,0.009350080339339178
1,B_svc,2,0.1848686799141463,49,0.18049206410506405,MAP_SCADA,69,0.004376615809082246
2,UPFC_Vsh,5-15,1.1056475662275105,49,1.1087171548126495,MAP_SCADA,69,0.0030695885851390603
3,UPFC_tsh,5-15,-0.2414821266404511,49,-0.23335359963122154,MAP_SCADA,69,0.008128527009229558
4,UPFC_Vse,5-15,0.0630950463263788,49,0.06278924275775702,MAP_SCADA,69,0.00030580356862178193
5,UPFC_tse,5-15,-2.1950301431956265,49,-2.1617267210585682,MAP_SCADA,69,0.03330342213705828
0,x_tcsc,1-14,-0.10197953963546616,50,-0.10971657447857194,MAP_SCADA,69,0.007737034843105783
1,B_svc,2,0.1736852085055039,50,0.18049206410506405,MAP_SCADA,69,0.006806855599560152
2,UPFC_Vsh,5-15,1.1100116771882211,50,1.1087171548126495,MAP_SCADA,69,0.001294522375571594
3,UPFC_tsh,5-15,-0.2387841569748617,50,-0.23335359963122154,MAP_SCADA,69,0.005430557343640147
4,UPFC_Vse,5-15,0.06333349762164837,50,0.06278924275775702,MAP_SCADA,69,0.0005442548638913552
5,UPFC_tse,5-15,-2.18884697758656,50,-2.1617267210585682,MAP_SCADA,69,0.02712025652799177
0,x_tcsc,1-14,-0.10287200005996062,51,-0.10971657447857194,MAP_SCADA,69,0.006844574418611318
1,B_svc,2,0.17435630556991935,51,0.18049206410506405,MAP_SCADA,69,0.0061357585351446975
2,UPFC_Vsh,5-15,1.1083789801853865,51,1.1087171548126495,MAP_SCADA,69,0.0003381746272630437
3,UPFC_tsh,5-15,-0.23954156229505957,51,-0.23335359963122154,MAP_SCADA,69,0.006187962663838031
4,UPFC_Vse,5-15,0.0634631446920625,51,0.06278924275775702,MAP_SCADA,69,0.0006739019343054847
5,UPFC_tse,5-15,-2.193128263603617,51,-2.1617267210585682,MAP_SCADA,69,0.03140154254504868
0,x_tcsc,1-14,-0.10324332919686505,52,-0.10971657447857194,MAP_SCADA,69,0.006473245281706896
1,B_svc,2,0.1696109973659828,52,0.18049206410506405,MAP_SCADA,69,0.010881066739081235
2,UPFC_Vsh,5-15,1.111682729996886,52,1.1087171548126495,MAP_SCADA,69,0.0029655751842365685
3,UPFC_tsh,5-15,-0.2380664599567824,52,-0.23335359963122154,MAP_SCADA,69,0.004712860325560869
4,UPFC_Vse,5-15,0.0636095662815725,52,0.06278924275775702,MAP_SCADA,69,0.0008203235238154749
5,UPFC_tse,5-15,-2.190966086526349,52,-2.1617267210585682,MAP_SCADA,69,0.029239365467780942
0,x_tcsc,1-14,-0.10136893818338043,53,-0.10971657447857194,MAP_SCADA,69,0.008347636295191516
1,B_svc,2,0.1763356233567943,53,0.18049206410506405,MAP_SCADA,69,0.004156440748269735
2,UPFC_Vsh,5-15,1.1071755978151345,53,1.1087171548126495,MAP_SCADA,69,0.0015415569975150145
3,UPFC_tsh,5-15,-0.24045414133719084,53,-0.23335359963122154,MAP_SCADA,69,0.007100541705969299
4,UPFC_Vse,5-15,0.06363480196190133,53,0.06278924275775702,MAP_SCADA,69,0.0008455592041443083
5,UPFC_tse,5-15,-2.1940031377680684,53,-2.1617267210585682,MAP_SCADA,69,0.03227641670950021
0,x_tcsc,1-14,-0.10324843381027872,54,-0.10971657447857194,MAP_SCADA,69,0.0064681406682932235
1,B_svc,2,0.17285646172672728,54,0.18049206410506405,MAP_SCADA,69,0.00763560237833677
2,UPFC_Vsh,5-15,1.1064658011062947,54,1.1087171548126495,MAP_SCADA,69,0.002251353706354875
3,UPFC_tsh,5-15,-0.24019351975165645,54,-0.23335359963122154,MAP_SCADA,69,0.006839920120434911
4,UPFC_Vse,5-15,0.0631805362478855,54,0.06278924275775702,MAP_SCADA,69,0.00039129349012848036
5,UPFC_tse,5-15,-2.1928662900195057,54,-2.1617267210585682,MAP_SCADA,69,0.031139568960937503
0,x_tcsc,1-14,-0.1019788974557904,55,-0.10971657447857194,MAP_SCADA,69,0.007737677022781539
1,B_svc,2,0.1762892680006951,55,0.18049206410506405,MAP_SCADA,69,0.004202796104368939
2,UPFC_Vsh,5-15,1.1068642261414183,55,1.1087171548126495,MAP_SCADA,69,0.0018529286712312132
3,UPFC_tsh,5-15,-0.2403625187434593,55,-0.23335359963122154,MAP_SCADA,69,0.007008919112237749
4,UPFC_Vse,5-15,0.06392525493854063,55,0.06278924275775702,MAP_SCADA,69,0.001136012180783616
5,UPFC_tse,5-15,-2.1962706712338904,55,-2.1617267210585682,MAP_SCADA,69,0.03454395017532219
0,x_tcsc,1-14,-0.10527974321233675,56,-0.10971657447857194,MAP_SCADA,69,0.004436831266235189
1,B_svc,2,0.167632286351566,56,0.18049206410506405,MAP_SCADA,69,0.012859777753498058
2,UPFC_Vsh,5-15,1.1086875892260313,56,1.1087171548126495,MAP_SCADA,69,2.956558661826314e-05
3,UPFC_tsh,5-15,-0.23816006534123574,56,-0.23335359963122154,MAP_SCADA,69,0.004806465710014196
4,UPFC_Vse,5-15,0.06254446606212997,56,0.06278924275775702,MAP_SCADA,69,0.0002447766956270442
5,UPFC_tse,5-15,-2.1879062130788323,56,-2.1617267210585682,MAP_SCADA,69,0.02617949202026404
0,x_tcsc,1-14,-0.10179695860865144,57,-0.10971657447857194,MAP_SCADA,69,0.007919615869920502
1,B_svc,2,0.17922775758191414,57,0.18049206410506405,MAP_SCADA,69,0.001264306523149905
2,UPFC_Vsh,5-15,1.1053913401140298,57,1.1087171548126495,MAP_SCADA,69,0.0033258146986197
3,UPFC_tsh,5-15,-0.24078070444873179,57,-0.23335359963122154,MAP_SCADA,69,0.007427104817510244
4,UPFC_Vse,5-15,0.0628623967199648,57,0.06278924275775702,MAP_SCADA,69,7.315396220777814e-05
5,UPFC_tse,5-15,-2.19228846799818,57,-2.1617267210585682,MAP_SCADA,69,0.030561746939611556
0,x_tcsc,1-14,-0.10438407717916225,58,-0.10971657447857194,MAP_SCADA,69,0.005332497299409697
1,B_svc,2,0.1710229922972262,58,0.18049206410506405,MAP_SCADA,69,0.009469071807837848
2,UPFC_Vsh,5-15,1.1084581412862453,58,1.1087171548126495,MAP_SCADA,69,0.00025901352640422814
3,UPFC_tsh,5-15,-0.23826230188521025,58,-0.23335359963122154,MAP_SCADA,69,0.004908702253988706
4,UPFC_Vse,5-15,0.06312944551932835,58,0.06278924275775702,MAP_SCADA,69,0.00034020276157133156
5,UPFC_tse,5-15,-2.1876418894390635,58,-2.1617267210585682,MAP_SCADA,69,0.025915168380495235
0,x_tcsc,1-14,-0.10383418172265896,59,-0.10971657447857194,MAP_SCADA,69,0.005882392755912985
1,B_svc,2,0.17312892218344747,59,0.18049206410506405,MAP_SCADA,69,0.007363141921616578
2,UPFC_Vsh,5-15,1.1072547742868786,59,1.1087171548126495,MAP_SCADA,69,0.0014623805257709677
3,UPFC_tsh,5-15,-0.23890156901931114,59,-0.23335359963122154,MAP_SCADA,69,0.005547969388089602
4,UPFC_Vse,5-15,0.06299379008888283,59,0.06278924275775702,MAP_SCADA,69,0.0002045473311258067
5,UPFC_tse,5-15,-2.1917922454989034,59,-2.1617267210585682,MAP_SCADA,69,0.030065524440335167
0,x_tcsc,1-14,-0.10327191665118586,60,-0.10971657447857194,MAP_SCADA,69,0.006444657827386083
1,B_svc,2,0.16996069385126053,60,0.18049206410506405,MAP_SCADA,69,0.010531370253803518
2,UPFC_Vsh,5-15,1.1098518577775867,60,1.1087171548126495,MAP_SCADA,69,0.0011347029649371176
3,UPFC_tsh,5-15,-0.23820244736558496,60,-0.23335359963122154,MAP_SCADA,69,0.004848847734363421
4,UPFC_Vse,5-15,0.06292108618224466,60,0.06278924275775702,MAP_SCADA,69,0.00013184342448764597
5,UPFC_tse,5-15,-2.187923879159447,60,-2.1617267210585682,MAP_SCADA,69,0.02619715810087886
0,x_tcsc,1-14,-0.10443203071954701,61,-0.10971657447857194,MAP_SCADA,69,0.005284543759024929
1,B_svc,2,0.16903423354943337,61,0.18049206410506405,MAP_SCADA,69,0.011457830555630683
2,UPFC_Vsh,5-15,1.110202654342042,61,1.1087171548126495,MAP_SCADA,69,0.0014854995293924755
3,UPFC_tsh,5-15,-0.23777468793642412,61,-0.23335359963122154,MAP_SCADA,69,0.004421088305202575
4,UPFC_Vse,5-15,0.06314581996839719,61,0.06278924275775702,MAP_SCADA,69,0.0003565772106401688
5,UPFC_tse,5-15,-2.1855869768875538,61,-2.1617267210585682,MAP_SCADA,69,0.023860255828985544
0,x_tcsc,1-14,-0.1018979327156657,62,-0.10971657447857194,MAP_SCADA,69,0.00781864176290624
1,B_svc,2,0.17427711005926577,62,0.18049206410506405,MAP_SCADA,69,0.006214954045798277
2,UPFC_Vsh,5-15,1.1095015499881347,62,1.1087171548126495,MAP_SCADA,69,0.0007843951754851197
3,UPFC_tsh,5-15,-0.23957433529079633,62,-0.23335359963122154,MAP_SCADA,69,0.006220735659574789
4,UPFC_Vse,5-15,0.06324467634335171,62,0.06278924275775702,MAP_SCADA,69,0.00045543358559468894
5,UPFC_tse,5-15,-2.194724354980753,62,-2.1617267210585682,MAP_SCADA,69,0.03299763392218491
0,x_tcsc,1-14,-0.1047565086025988,63,-0.10971657447857194,MAP_SCADA,69,0.004960065875973141
1,B_svc,2,0.16464257816312167,63,0.18049206410506405,MAP_SCADA,69,0.01584948594194238
2,UPFC_Vsh,5-15,1.1108932720561624,63,1.1087171548126495,MAP_SCADA,69,0.002176117243512854
3,UPFC_tsh,5-15,-0.23730546416250609,63,-0.23335359963122154,MAP_SCADA,69,0.0039518645312845435
4,UPFC_Vse,5-15,0.06270315531355272,63,0.06278924275775702,MAP_SCADA,69,8.608744420429693e-05
5,UPFC_tse,5-15,-2.1891048347645268,63,-2.1617267210585682,MAP_SCADA,69,0.02737811370595855
0,x_tcsc,1-14,-0.10149762845702923,64,-0.10971657447857194,MAP_SCADA,69,0.008218946021542717
1,B_svc,2,0.17041915878050962,64,0.18049206410506405,MAP_SCADA,69,0.010072905324554432
2,UPFC_Vsh,5-15,1.1100417205424307,64,1.1087171548126495,MAP_SCADA,69,0.0013245657297811242
3,UPFC_tsh,5-15,-0.23829959354425628,64,-0.23335359963122154,MAP_SCADA,69,0.004945993913034741
4,UPFC_Vse,5-15,0.06332037722712637,64,0.06278924275775702,MAP_SCADA,69,0.0005311344693693515
5,UPFC_tse,5-15,-2.1874300265671645,64,-2.1617267210585682,MAP_SCADA,69,0.02570330550859623
0,x_tcsc,1-14,-0.1029503968470731,65,-0.10971657447857194,MAP_SCADA,69,0.0067661776314988376
1,B_svc,2,0.1727546126568781,65,0.18049206410506405,MAP_SCADA,69,0.007737451448185939
2,UPFC_Vsh,5-15,1.1090411589252558,65,1.1087171548126495,MAP_SCADA,69,0.0003240041126062465
3,UPFC_tsh,5-15,-0.2391466538977477,65,-0.23335359963122154,MAP_SCADA,69,0.005793054266526154
4,UPFC_Vse,5-15,0.06267864255580684,65,0.06278924275775702,MAP_SCADA,69,0.00011060020195018117
5,UPFC_tse,5-15,-2.194609229181598,65,-2.1617267210585682,MAP_SCADA,69,0.03288250812302973
0,x_tcsc,1-14,-0.10255764452678089,66,-0.10971657447857194,MAP_SCADA,69,0.007158929951791057
1,B_svc,2,0.17335932811787075,66,0.18049206410506405,MAP_SCADA,69,0.0071327359871933005
2,UPFC_Vsh,5-15,1.1067821196443008,66,1.1087171548126495,MAP_SCADA,69,0.0019350351683486977
3,UPFC_tsh,5-15,-0.24009114421968414,66,-0.23335359963122154,MAP_SCADA,69,0.006737544588462596
4,UPFC_Vse,5-15,0.06383770986129642,66,0.06278924275775702,MAP_SCADA,69,0.0010484671035393966
5,UPFC_tse,5-15,-2.189975251551576,66,-2.1617267210585682,MAP_SCADA,69,0.028248530493007795
0,x_tcsc,1-14,-0.10257961106253177,67,-0.10971657447857194,MAP_SCADA,69,0.007136963416040171
1,B_svc,2,0.1742425484016374,67,0.18049206410506405,MAP_SCADA,69,0.006249515703426661
2,UPFC_Vsh,5-15,1.1083253567254918,67,1.1087171548126495,MAP_SCADA,69,0.00039179808715772424
3,UPFC_tsh,5-15,-0.23958027079370714,67,-0.23335359963122154,MAP_SCADA,69,0.0062266711624855975
4,UPFC_Vse,5-15,0.06314568162052941,67,0.06278924275775702,MAP_SCADA,69,0.0003564388627723958
5,UPFC_tse,5-15,-2.1901283364202158,67,-2.1617267210585682,MAP_SCADA,69,0.028401615361647536
0,x_tcsc,1-14,-0.10263337111071213,68,-0.10971657447857194,MAP_SCADA,69,0.007083203367859808
1,B_svc,2,0.17100614863303598,68,0.18049206410506405,MAP_SCADA,69,0.009485915472028067
2,UPFC_Vsh,5-15,1.1100202564761716,68,1.1087171548126495,MAP_SCADA,69,0.0013031016635220993
3,UPFC_tsh,5-15,-0.23892424588676187,68,-0.23335359963122154,MAP_SCADA,69,0.0055706462555403236
4,UPFC_Vse,5-15,0.06251988918292863,68,0.06278924275775702,MAP_SCADA,69,0.00026935357482839317
5,UPFC_tse,5-15,-2.187948808276476,68,-2.1617267210585682,MAP_SCADA,69,0.026222087217907752
0,x_tcsc,1-14,-0.10299316820601115,69,-0.10971657447857194,MAP_SCADA,69,0.006723406272560795
1,B_svc,2,0.16947360486173987,69,0.18049206410506405,MAP_SCADA,69,0.011018459243324175
2,UPFC_Vsh,5-15,1.1089815892970292,69,1.1087171548126495,MAP_SCADA,69,0.0002644344843796276
3,UPFC_tsh,5-15,-0.2385254375662905,69,-0.23335359963122154,MAP_SCADA,69,0.005171837935068951
4,UPFC_Vse,5-15,0.06214377261304217,69,0.06278924275775702,MAP_SCADA,69,0.0006454701447148464
5,UPFC_tse,5-15,-2.1892225229127744,69,-2.1617267210585682,MAP_SCADA,69,0.027495801854206192
0,x_tcsc,1-14,-0.10185809716055308,70,-0.10971657447857194,MAP_SCADA,69,0.007858477318018864
1,B_svc,2,0.1712652326521477,70,0.18049206410506405,MAP_SCADA,69,0.009226831452916362
2,UPFC_Vsh,5-15,1.1087057236793505,70,1.1087171548126495,MAP_SCADA,69,1.143113329904466e-05
3,UPFC_tsh,5-15,-0.2391822748874336,70,-0.23335359963122154,MAP_SCADA,69,0.005828675256212057
4,UPFC_Vse,5-15,0.06257359134144821,70,0.06278924275775702,MAP_SCADA,69,0.00021565141630880413
5,UPFC_tse,5-15,-2.1913194357175967,70,-2.1617267210585682,MAP_SCADA,69,0.029592714659028463
0,x_tcsc,1-14,-0.10524162761546635,71,-0.10971657447857194,MAP_SCADA,69,0.004474946863105594
1,B_svc,2,0.16611244629803404,71,0.18049206410506405,MAP_SCADA,69,0.01437961780703001
2,UPFC_Vsh,5-15,1.1096813062861652,71,1.1087171548126495,MAP_SCADA,69,0.0009641514735156953
3,UPFC_tsh,5-15,-0.23770084547255427,71,-0.23335359963122154,MAP_SCADA,69,0.004347245841332725
4,UPFC_Vse,5-15,0.06383213767638687,71,0.06278924275775702,MAP_SCADA,69,0.0010428949186298553
5,UPFC_tse,5-15,-2.1861294420596007,71,-2.1617267210585682,MAP_SCADA,69,0.024402721001032468
0,x_tcsc,1-14,-0.10233283399276083,72,-0.10971657447857194,MAP_SCADA,69,0.007383740485811113
1,B_svc,2,0.17345561181975075,72,0.18049206410506405,MAP_SCADA,69,0.007036452285313299
2,UPFC_Vsh,5-15,1.1081896369708146,72,1.1087171548126495,MAP_SCADA,69,0.0005275178418349125
3,UPFC_tsh,5-15,-0.2390668542505105,72,-0.23335359963122154,MAP_SCADA,69,0.005713254619288954
4,UPFC_Vse,5-15,0.06308312190652304,72,0.06278924275775702,MAP_SCADA,69,0.00029387914876602417
5,UPFC_tse,5-15,-2.1950210742699534,72,-2.1617267210585682,MAP_SCADA,69,0.033294353211385186
0,x_tcsc,1-14,-0.10300572656616798,73,-0.10971657447857194,MAP_SCADA,69,0.006710847912403964
1,B_svc,2,0.1699124075334846,73,0.18049206410506405,MAP_SCADA,69,0.010579656571579443
2,UPFC_Vsh,5-15,1.111688763891842,73,1.1087171548126495,MAP_SCADA,69,0.002971609079192472
3,UPFC_tsh,5-15,-0.23754253964747926,73,-0.23335359963122154,MAP_SCADA,69,0.0041889400162577195
4,UPFC_Vse,5-15,0.06295480558574423,73,0.06278924275775702,MAP_SCADA,69,0.00016556282798721456
5,UPFC_tse,5-15,-2.1898784956330895,73,-2.1617267210585682,MAP_SCADA,69,0.028151774574521227
0,x_tcsc,1-14,-0.10514924575789812,74,-0.10971657447857194,MAP_SCADA,69,0.004567328720673822
1,B_svc,2,0.16485838462843566,74,0.18049206410506405,MAP_SCADA,69,0.015633679476628387
2,UPFC_Vsh,5-15,1.1083799244483572,74,1.1087171548126495,MAP_SCADA,69,0.0003372303642923402
3,UPFC_tsh,5-15,-0.23760004359913878,74,-0.23335359963122154,MAP_SCADA,69,0.004246443967917235
4,UPFC_Vse,5-15,0.06298926157265705,74,0.06278924275775702,MAP_SCADA,69,0.0002000188149000326
5,UPFC_tse,5-15,-2.1901337929582283,74,-2.1617267210585682,MAP_SCADA,69,0.028407071899660075
0,x_tcsc,1-14,-0.10232746305722461,75,-0.10971657447857194,MAP_SCADA,69,0.007389111421347336
1,B_svc,2,0.17313561704027464,75,0.18049206410506405,MAP_SCADA,69,0.007356447064789412
2,UPFC_Vsh,5-15,1.1109635601407246,75,1.1087171548126495,MAP_SCADA,69,0.002246405328075074
3,UPFC_tsh,5-15,-0.2383956924953973,75,-0.23335359963122154,MAP_SCADA,69,0.005042092864175757
4,UPFC_Vse,5-15,0.06252459057740888,75,0.06278924275775702,MAP_SCADA,69,0.0002646521803481433
5,UPFC_tse,5-15,-2.1931506194433967,75,-2.1617267210585682,MAP_SCADA,69,0.03142389838482851
0,x_tcsc,1-14,-0.10346791682523426,76,-0.10971657447857194,MAP_SCADA,69,0.00624865765333768
1,B_svc,2,0.16888588364988585,76,0.18049206410506405,MAP_SCADA,69,0.011606180455178194
2,UPFC_Vsh,5-15,1.1099742200180993,76,1.1087171548126495,MAP_SCADA,69,0.00125706520544977
3,UPFC_tsh,5-15,-0.23913273123024675,76,-0.23335359963122154,MAP_SCADA,69,0.005779131599025211
4,UPFC_Vse,5-15,0.06273977661451471,76,0.06278924275775702,MAP_SCADA,69,4.9466143242304916e-05
5,UPFC_tse,5-15,-2.1907842344148376,76,-2.1617267210585682,MAP_SCADA,69,0.029057513356269382
0,x_tcsc,1-14,-0.1031683208624105,77,-0.10971657447857194,MAP_SCADA,69,0.006548253616161445
1,B_svc,2,0.16891396732518127,77,0.18049206410506405,MAP_SCADA,69,0.01157809677988278
2,UPFC_Vsh,5-15,1.1077683373382927,77,1.1087171548126495,MAP_SCADA,69,0.0009488174743568223
3,UPFC_tsh,5-15,-0.23970109057894223,77,-0.23335359963122154,MAP_SCADA,69,0.006347490947720691
4,UPFC_Vse,5-15,0.06299287105766653,77,0.06278924275775702,MAP_SCADA,69,0.00020362829990951126
5,UPFC_tse,5-15,-2.189390037798933,77,-2.1617267210585682,MAP_SCADA,69,0.027663316740364596
0,x_tcsc,1-14,-0.1003523763282444,78,-0.10971657447857194,MAP_SCADA,69,0.009364198150327546
1,B_svc,2,0.1781374744137755,78,0.18049206410506405,MAP_SCADA,69,0.0023545896912885445
2,UPFC_Vsh,5-15,1.1064367614323085,78,1.1087171548126495,MAP_SCADA,69,0.002280393380341028
3,UPFC_tsh,5-15,-0.24069360638132725,78,-0.23335359963122154,MAP_SCADA,69,0.00734000675010571
4,UPFC_Vse,5-15,0.0636058583757046,78,0.06278924275775702,MAP_SCADA,69,0.0008166156179475748
5,UPFC_tse,5-15,-2.1934335928061675,78,-2.1617267210585682,MAP_SCADA,69,0.03170687174759923
0,x_tcsc,1-14,-0.10276773053574277,79,-0.10971657447857194,MAP_SCADA,69,0.006948843942829172
1,B_svc,2,0.1680802978468382,79,0.18049206410506405,MAP_SCADA,69,0.012411766258225848
2,UPFC_Vsh,5-15,1.1117810693734493,79,1.1087171548126495,MAP_SCADA,69,0.0030639145607997964
3,UPFC_tsh,5-15,-0.237322468516072,79,-0.23335359963122154,MAP_SCADA,69,0.003968868884850457
4,UPFC_Vse,5-15,0.06270065158906427,79,0.06278924275775702,MAP_SCADA,69,8.859116869275319e-05
5,UPFC_tse,5-15,-2.1869983063602736,79,-2.1617267210585682,MAP_SCADA,69,0.025271585301705368
0,x_tcsc,1-14,-0.10316049789480242,80,-0.10971657447857194,MAP_SCADA,69,0.006556076583769527
1,B_svc,2,0.17065832407353948,80,0.18049206410506405,MAP_SCADA,69,0.009833740031524568
2,UPFC_Vsh,5-15,1.1092538073589127,80,1.1087171548126495,MAP_SCADA,69,0.0005366525462631166
3,UPFC_tsh,5-15,-0.239140938455551,80,-0.23335359963122154,MAP_SCADA,69,0.005787338824329469
4,UPFC_Vse,5-15,0.063109103691046,80,0.06278924275775702,MAP_SCADA,69,0.000319860933288979
5,UPFC_tse,5-15,-2.1914075308370156,80,-2.1617267210585682,MAP_SCADA,69,0.029680809778447337
0,x_tcsc,1-14,-0.10041044236733196,81,-0.10971657447857194,MAP_SCADA,69,0.009306132111239984
1,B_svc,2,0.18123476065321326,81,0.18049206410506405,MAP_SCADA,69,0.0007426965481492076
2,UPFC_Vsh,5-15,1.1059665821283136,81,1.1087171548126495,MAP_SCADA,69,0.0027505726843359835
3,UPFC_tsh,5-15,-0.24094205153019474,81,-0.23335359963122154,MAP_SCADA,69,0.0075884518989731975
4,UPFC_Vse,5-15,0.06307815871124836,81,0.06278924275775702,MAP_SCADA,69,0.00028891595349134214
5,UPFC_tse,5-15,-2.195590834076475,81,-2.1617267210585682,MAP_SCADA,69,0.03386411301790693
0,x_tcsc,1-14,-0.10457447478471675,82,-0.10971657447857194,MAP_SCADA,69,0.005142099693855193
1,B_svc,2,0.16783207973975625,82,0.18049206410506405,MAP_SCADA,69,0.012659984365307797
2,UPFC_Vsh,5-15,1.110012346364267,82,1.1087171548126495,MAP_SCADA,69,0.0012951915516175028
3,UPFC_tsh,5-15,-0.2376586382346466,82,-0.23335359963122154,MAP_SCADA,69,0.004305038603425071
4,UPFC_Vse,5-15,0.06331608203981146,82,0.06278924275775702,MAP_SCADA,69,0.0005268392820544365
5,UPFC_tse,5-15,-2.1867291866877543,82,-2.1617267210585682,MAP_SCADA,69,0.025002465629186066
0,x_tcsc,1-14,-0.1031657595623476,83,-0.10971657447857194,MAP_SCADA,69,0.006550814916224348
1,B_svc,2,0.17424357418869788,83,0.18049206410506405,MAP_SCADA,69,0.006248489916366173
2,UPFC_Vsh,5-15,1.1072885960269414,83,1.1087171548126495,MAP_SCADA,69,0.0014285587857081339
3,UPFC_tsh,5-15,-0.23966310880723438,83,-0.23335359963122154,MAP_SCADA,69,0.006309509176012834
4,UPFC_Vse,5-15,0.06304301881323121,83,0.06278924275775702,MAP_SCADA,69,0.0002537760554741919
5,UPFC_tse,5-15,-2.1962086599650283,83,-2.1617267210585682,MAP_SCADA,69,0.03448193890646012
0,x_tcsc,1-14,-0.10333678174264938,84,-0.10971657447857194,MAP_SCADA,69,0.006379792735922568
1,B_svc,2,0.16992623847206714,84,0.18049206410506405,MAP_SCADA,69,0.010565825632996906
2,UPFC_Vsh,5-15,1.108396689227261,84,1.1087171548126495,MAP_SCADA,69,0.00032046558538856296
3,UPFC_tsh,5-15,-0.23891537987045408,84,-0.23335359963122154,MAP_SCADA,69,0.005561780239232539
4,UPFC_Vse,5-15,0.06353080171285039,84,0.06278924275775702,MAP_SCADA,69,0.0007415589550933688
5,UPFC_tse,5-15,-2.1934515204379577,84,-2.1617267210585682,MAP_SCADA,69,0.031724799379389435
0,x_tcsc,1-14,-0.10081655054250013,85,-0.10971657447857194,MAP_SCADA,69,0.00890002393607181
1,B_svc,2,0.17694535235740244,85,0.18049206410506405,MAP_SCADA,69,0.0035467117476616072
2,UPFC_Vsh,5-15,1.1073705397164069,85,1.1087171548126495,MAP_SCADA,69,0.001346615096242676
3,UPFC_tsh,5-15,-0.2398156892148108,85,-0.23335359963122154,MAP_SCADA,69,0.0064620895835892644
4,UPFC_Vse,5-15,0.06285607316405972,85,0.06278924275775702,MAP_SCADA,69,6.683040630270365e-05
5,UPFC_tse,5-15,-2.1933991813687634,85,-2.1617267210585682,MAP_SCADA,69,0.031672460310195216
0,x_tcsc,1-14,-0.10456865424775502,86,-0.10971657447857194,MAP_SCADA,69,0.005147920230816921
1,B_svc,2,0.1666530528575441,86,0.18049206410506405,MAP_SCADA,69,0.013839011247519961
2,UPFC_Vsh,5-15,1.1106773055855599,86,1.1087171548126495,MAP_SCADA,69,0.0019601507729103407
3,UPFC_tsh,5-15,-0.23739767838514195,86,-0.23335359963122154,MAP_SCADA,69,0.004044078753920405
4,UPFC_Vse,5-15,0.06257029657897878,86,0.06278924275775702,MAP_SCADA,69,0.00021894617877823985
5,UPFC_tse,5-15,-2.189342971517965,86,-2.1617267210585682,MAP_SCADA,69,0.027616250459396863
0,x_tcsc,1-14,-0.1014522893066262,87,-0.10971657447857194,MAP_SCADA,69,0.008264285171945746
1,B_svc,2,0.1759377983837093,87,0.18049206410506405,MAP_SCADA,69,0.0045542657213547555
2,UPFC_Vsh,5-15,1.1075747788641153,87,1.1087171548126495,MAP_SCADA,69,0.00114237594853428
3,UPFC_tsh,5-15,-0.23996026048803054,87,-0.23335359963122154,MAP_SCADA,69,0.006606660856808999
4,UPFC_Vse,5-15,0.0631287474103788,87,0.06278924275775702,MAP_SCADA,69,0.0003395046526217804
5,UPFC_tse,5-15,-2.192029188740658,87,-2.1617267210585682,MAP_SCADA,69,0.030302467682089773
0,x_tcsc,1-14,-0.10308302753037737,88,-0.10971657447857194,MAP_SCADA,69,0.006633546948194569
1,B_svc,2,0.17448784950738527,88,0.18049206410506405,MAP_SCADA,69,0.006004214597678775
2,UPFC_Vsh,5-15,1.1061476784346318,88,1.1087171548126495,MAP_SCADA,69,0.002569476378017743
3,UPFC_tsh,5-15,-0.24050589806222702,88,-0.23335359963122154,MAP_SCADA,69,0.007152298431005483
4,UPFC_Vse,5-15,0.06268005160067479,88,0.06278924275775702,MAP_SCADA,69,0.0001091911570822307
5,UPFC_tse,5-15,-2.190872120562374,88,-2.1617267210585682,MAP_SCADA,69,0.02914539950380579
0,x_tcsc,1-14,-0.10267111452075099,89,-0.10971657447857194,MAP_SCADA,69,0.0070454599578209515
1,B_svc,2,0.16961778126943405,89,0.18049206410506405,MAP_SCADA,69,0.010874282835629995
2,UPFC_Vsh,5-15,1.1079274160944588,89,1.1087171548126495,MAP_SCADA,69,0.0007897387181907689
3,UPFC_tsh,5-15,-0.23875734153579592,89,-0.23335359963122154,MAP_SCADA,69,0.005403741904574377
4,UPFC_Vse,5-15,0.06317546712596372,89,0.06278924275775702,MAP_SCADA,69,0.0003862243682067057
5,UPFC_tse,5-15,-2.1882457540257323,89,-2.1617267210585682,MAP_SCADA,69,0.02651903296716407
0,x_tcsc,1-14,-0.10613469936333164,90,-0.10971657447857194,MAP_SCADA,69,0.0035818751152403017
1,B_svc,2,0.16006816122231587,90,0.18049206410506405,MAP_SCADA,69,0.020423902882748174
2,UPFC_Vsh,5-15,1.1094315761130153,90,1.1087171548126495,MAP_SCADA,69,0.0007144213003658084
3,UPFC_tsh,5-15,-0.23704302088232218,90,-0.23335359963122154,MAP_SCADA,69,0.0036894212511006386
4,UPFC_Vse,5-15,0.06352188556720155,90,0.06278924275775702,MAP_SCADA,69,0.0007326428094445309
5,UPFC_tse,5-15,-2.187971846351272,90,-2.1617267210585682,MAP_SCADA,69,0.02624512529270362
0,x_tcsc,1-14,-0.10274183533505725,91,-0.10971657447857194,MAP_SCADA,69,0.006974739143514694
1,B_svc,2,0.1712474167571244,91,0.18049206410506405,MAP_SCADA,69,0.009244647347939644
2,UPFC_Vsh,5-15,1.1081719272205834,91,1.1087171548126495,MAP_SCADA,69,0.0005452275920660998
3,UPFC_tsh,5-15,-0.23991407693170547,91,-0.23335359963122154,MAP_SCADA,69,0.0065604773004839245
4,UPFC_Vse,5-15,0.06319960057066118,91,0.06278924275775702,MAP_SCADA,69,0.00041035781290416073
5,UPFC_tse,5-15,-2.189139377730668,91,-2.1617267210585682,MAP_SCADA,69,0.0274126566720998
0,x_tcsc,1-14,-0.10529554962383599,92,-0.10971657447857194,MAP_SCADA,69,0.004421024854735958
1,B_svc,2,0.164802444766533,92,0.18049206410506405,MAP_SCADA,69,0.015689619338531052
2,UPFC_Vsh,5-15,1.1091574366065957,92,1.1087171548126495,MAP_SCADA,69,0.0004402817939461734
3,UPFC_tsh,5-15,-0.23715858961762765,92,-0.23335359963122154,MAP_SCADA,69,0.0038049899864061043
4,UPFC_Vse,5-15,0.06325685516812932,92,0.06278924275775702,MAP_SCADA,69,0.00046761241037229784
5,UPFC_tse,5-15,-2.185841384590449,92,-2.1617267210585682,MAP_SCADA,69,0.024114663531880964
0,x_tcsc,1-14,-0.10198001686873225,93,-0.10971657447857194,MAP_SCADA,69,0.007736557609839698
1,B_svc,2,0.1745075075648837,93,0.18049206410506405,MAP_SCADA,69,0.005984556540180347
2,UPFC_Vsh,5-15,1.1077672411780743,93,1.1087171548126495,MAP_SCADA,69,0.0009499136345751946
3,UPFC_tsh,5-15,-0.24025055114601698,93,-0.23335359963122154,MAP_SCADA,69,0.006896951514795441
4,UPFC_Vse,5-15,0.06302712550417613,93,0.06278924275775702,MAP_SCADA,69,0.00023788274641911578
5,UPFC_tse,5-15,-2.193898147976288,93,-2.1617267210585682,MAP_SCADA,69,0.03217142691771979
0,x_tcsc,1-14,-0.10240752827041755,94,-0.10971657447857194,MAP_SCADA,69,0.007309046208154396
1,B_svc,2,0.17267742847899017,94,0.18049206410506405,MAP_SCADA,69,0.007814635626073874
2,UPFC_Vsh,5-15,1.1060683377314755,94,1.1087171548126495,MAP_SCADA,69,0.0026488170811740375
3,UPFC_tsh,5-15,-0.23966172718881376,94,-0.23335359963122154,MAP_SCADA,69,0.006308127557592219
4,UPFC_Vse,5-15,0.06356182781739468,94,0.06278924275775702,MAP_SCADA,69,0.0007725850596376621
5,UPFC_tse,5-15,-2.1899317687571993,94,-2.1617267210585682,MAP_SCADA,69,0.02820504769863108
0,x_tcsc,1-14,-0.1015701753308845,95,-0.10971657447857194,MAP_SCADA,69,0.008146399147687444
1,B_svc,2,0.1739762418767858,95,0.18049206410506405,MAP_SCADA,69,0.006515822228278262
2,UPFC_Vsh,5-15,1.109278096323847,95,1.1087171548126495,MAP_SCADA,69,0.0005609415111975657
3,UPFC_tsh,5-15,-0.23889218641001428,95,-0.23335359963122154,MAP_SCADA,69,0.005538586778792737
4,UPFC_Vse,5-15,0.06328697888437507,95,0.06278924275775702,MAP_SCADA,69,0.000497736126618048
5,UPFC_tse,5-15,-2.194328809564617,95,-2.1617267210585682,MAP_SCADA,69,0.032602088506048954
0,x_tcsc,1-14,-0.10232252245350033,96,-0.10971657447857194,MAP_SCADA,69,0.00739405202507161
1,B_svc,2,0.17372121612069635,96,0.18049206410506405,MAP_SCADA,69,0.006770847984367695
2,UPFC_Vsh,5-15,1.108048298640947,96,1.1087171548126495,MAP_SCADA,69,0.0006688561717025365
3,UPFC_tsh,5-15,-0.2395526260351638,96,-0.23335359963122154,MAP_SCADA,69,0.006199026403942265
4,UPFC_Vse,5-15,0.06360226093011265,96,0.06278924275775702,MAP_SCADA,69,0.0008130181723556285
5,UPFC_tse,5-15,-2.1900485756251924,96,-2.1617267210585682,MAP_SCADA,69,0.02832185456662417
0,x_tcsc,1-14,-0.10333071641159243,97,-0.10971657447857194,MAP_SCADA,69,0.006385858066979513
1,B_svc,2,0.17110006030773722,97,0.18049206410506405,MAP_SCADA,69,0.009392003797326826
2,UPFC_Vsh,5-15,1.1083044207896122,97,1.1087171548126495,MAP_SCADA,69,0.00041273402303732
3,UPFC_tsh,5-15,-0.23860190996385314,97,-0.23335359963122154,MAP_SCADA,69,0.005248310332631595
4,UPFC_Vse,5-15,0.06399735750141623,97,0.06278924275775702,MAP_SCADA,69,0.0012081147436592138
5,UPFC_tse,5-15,-2.19124066642229,97,-2.1617267210585682,MAP_SCADA,69,0.02951394536372165
0,x_tcsc,1-14,-0.10426524521610846,98,-0.10971657447857194,MAP_SCADA,69,0.005451329262463486
1,B_svc,2,0.17011498705090078,98,0.18049206410506405,MAP_SCADA,69,0.01037707705416327
2,UPFC_Vsh,5-15,1.1100572819699157,98,1.1087171548126495,MAP_SCADA,69,0.0013401271572661688
3,UPFC_tsh,5-15,-0.23770219494552186,98,-0.23335359963122154,MAP_SCADA,69,0.004348595314300319
4,UPFC_Vse,5-15,0.06334543800654534,98,0.06278924275775702,MAP_SCADA,69,0.0005561952487883187
5,UPFC_tse,5-15,-2.193521321270926,98,-2.1617267210585682,MAP_SCADA,69,0.03179460021235769
0,x_tcsc,1-14,-0.10313457559422243,99,-0.10971657447857194,MAP_SCADA,69,0.006581998884349516
1,B_svc,2,0.17001685418981957,99,0.18049206410506405,MAP_SCADA,69,0.010475209915244477
2,UPFC_Vsh,5-15,1.109765874666147,99,1.1087171548126495,MAP_SCADA,69,0.0010487198534974151
3,UPFC_tsh,5-15,-0.23838836964991572,99,-0.23335359963122154,MAP_SCADA,69,0.005034770018694179
4,UPFC_Vse,5-15,0.06302138463839355,99,0.06278924275775702,MAP_SCADA,69,0.0002321418806365272
5,UPFC_tse,5-15,-2.187957790781871,99,-2.1617267210585682,MAP_SCADA,69,0.026231069723302802
0,x_tcsc,1-14,-0.10329353714551051,0,-0.11129447036771614,MAP_SCADA,71,0.00800093322220563
1,B_svc,2,0.16811519883705064,0,0.18295019278546595,MAP_SCADA,71,0.01483499394841531
2,UPFC_Vsh,5-15,1.1098479333514264,0,1.1082410611427627,MAP_SCADA,71,0.0016068722086637344
3,UPFC_tsh,5-15,-0.23850846755793317,0,-0.23218607058732396,MAP_SCADA,71,0.006322396970609212
4,UPFC_Vse,5-15,0.06280396337550218,0,0.061824962390014566,MAP_SCADA,71,0.0009790009854876089
5,UPFC_tse,5-15,-2.189547936028691,0,-2.1562100234144017,MAP_SCADA,71,0.03333791261428942
0,x_tcsc,1-14,-0.10333449122731382,1,-0.11129447036771614,MAP_SCADA,71,0.00795997914040232
1,B_svc,2,0.17229278551833666,1,0.18295019278546595,MAP_SCADA,71,0.010657407267129299
2,UPFC_Vsh,5-15,1.1074218438606374,1,1.1082410611427627,MAP_SCADA,71,0.0008192172821253063
3,UPFC_tsh,5-15,-0.2393005791363044,1,-0.23218607058732396,MAP_SCADA,71,0.007114508548980436
4,UPFC_Vse,5-15,0.06354372417136461,1,0.061824962390014566,MAP_SCADA,71,0.0017187617813500464
5,UPFC_tse,5-15,-2.188008410858818,1,-2.1562100234144017,MAP_SCADA,71,0.03179838744441632
0,x_tcsc,1-14,-0.10362651376837446,2,-0.11129447036771614,MAP_SCADA,71,0.007667956599341677
1,B_svc,2,0.16919022531694322,2,0.18295019278546595,MAP_SCADA,71,0.013759967468522732
2,UPFC_Vsh,5-15,1.1102493941878657,2,1.1082410611427627,MAP_SCADA,71,0.002008333045103061
3,UPFC_tsh,5-15,-0.23849235067663532,2,-0.23218607058732396,MAP_SCADA,71,0.006306280089311361
4,UPFC_Vse,5-15,0.06320110323422641,2,0.061824962390014566,MAP_SCADA,71,0.0013761408442118442
5,UPFC_tse,5-15,-2.191367850099842,2,-2.1562100234144017,MAP_SCADA,71,0.03515782668544043
0,x_tcsc,1-14,-0.1022783976113678,3,-0.11129447036771614,MAP_SCADA,71,0.009016072756348345
1,B_svc,2,0.17447641250969634,3,0.18295019278546595,MAP_SCADA,71,0.008473780275769616
2,UPFC_Vsh,5-15,1.1077086780665086,3,1.1082410611427627,MAP_SCADA,71,0.0005323830762540283
3,UPFC_tsh,5-15,-0.239679881625969,3,-0.23218607058732396,MAP_SCADA,71,0.0074938110386450485
4,UPFC_Vse,5-15,0.06420872154220497,3,0.061824962390014566,MAP_SCADA,71,0.0023837591521904053
5,UPFC_tse,5-15,-2.1910131457639017,3,-2.1562100234144017,MAP_SCADA,71,0.034803122349500004
0,x_tcsc,1-14,-0.10394054656344608,4,-0.11129447036771614,MAP_SCADA,71,0.0073539238042700655
1,B_svc,2,0.17253418900935183,4,0.18295019278546595,MAP_SCADA,71,0.010416003776114124
2,UPFC_Vsh,5-15,1.1080842679213603,4,1.1082410611427627,MAP_SCADA,71,0.00015679322140238483
3,UPFC_tsh,5-15,-0.23896792048445972,4,-0.23218607058732396,MAP_SCADA,71,0.006781849897135761
4,UPFC_Vse,5-15,0.06280615072875485,4,0.061824962390014566,MAP_SCADA,71,0.0009811883387402867
5,UPFC_tse,5-15,-2.190748734444064,4,-2.1562100234144017,MAP_SCADA,71,0.03453871102966222
0,x_tcsc,1-14,-0.10358721953952944,5,-0.11129447036771614,MAP_SCADA,71,0.007707250828186699
1,B_svc,2,0.16814849854113137,5,0.18295019278546595,MAP_SCADA,71,0.014801694244334584
2,UPFC_Vsh,5-15,1.1103570430873901,5,1.1082410611427627,MAP_SCADA,71,0.0021159819446274764
3,UPFC_tsh,5-15,-0.23847268222950582,5,-0.23218607058732396,MAP_SCADA,71,0.006286611642181861
4,UPFC_Vse,5-15,0.06314489609101118,5,0.061824962390014566,MAP_SCADA,71,0.0013199337009966103
5,UPFC_tse,5-15,-2.190275244913631,5,-2.1562100234144017,MAP_SCADA,71,0.03406522149922919
0,x_tcsc,1-14,-0.10350531559935731,6,-0.11129447036771614,MAP_SCADA,71,0.0077891547683588275
1,B_svc,2,0.16889408616433438,6,0.18295019278546595,MAP_SCADA,71,0.014056106621131575
2,UPFC_Vsh,5-15,1.1092796634959625,6,1.1082410611427627,MAP_SCADA,71,0.0010386023531998578
3,UPFC_tsh,5-15,-0.2386688698331191,6,-0.23218607058732396,MAP_SCADA,71,0.0064827992457951455
4,UPFC_Vse,5-15,0.06287393598506438,6,0.061824962390014566,MAP_SCADA,71,0.0010489735950498166
5,UPFC_tse,5-15,-2.1904821780911643,6,-2.1562100234144017,MAP_SCADA,71,0.03427215467676259
0,x_tcsc,1-14,-0.10086561566381738,7,-0.11129447036771614,MAP_SCADA,71,0.01042885470389876
1,B_svc,2,0.17407933738082562,7,0.18295019278546595,MAP_SCADA,71,0.008870855404640332
2,UPFC_Vsh,5-15,1.1095504799373779,7,1.1082410611427627,MAP_SCADA,71,0.0013094187946152136
3,UPFC_tsh,5-15,-0.23927897238709775,7,-0.23218607058732396,MAP_SCADA,71,0.0070929017997737875
4,UPFC_Vse,5-15,0.06312921191592344,7,0.061824962390014566,MAP_SCADA,71,0.0013042495259088724
5,UPFC_tse,5-15,-2.1874008932882796,7,-2.1562100234144017,MAP_SCADA,71,0.03119086987387787
0,x_tcsc,1-14,-0.10415892026095726,8,-0.11129447036771614,MAP_SCADA,71,0.007135550106758884
1,B_svc,2,0.17134587093852688,8,0.18295019278546595,MAP_SCADA,71,0.011604321846939075
2,UPFC_Vsh,5-15,1.107249958845356,8,1.1082410611427627,MAP_SCADA,71,0.0009911022974067318
3,UPFC_tsh,5-15,-0.23866553903984225,8,-0.23218607058732396,MAP_SCADA,71,0.006479468452518289
4,UPFC_Vse,5-15,0.06362033412494816,8,0.061824962390014566,MAP_SCADA,71,0.001795371734933597
5,UPFC_tse,5-15,-2.186522927523441,8,-2.1562100234144017,MAP_SCADA,71,0.030312904109039085
0,x_tcsc,1-14,-0.10245107087655327,9,-0.11129447036771614,MAP_SCADA,71,0.008843399491162876
1,B_svc,2,0.1699705773336321,9,0.18295019278546595,MAP_SCADA,71,0.012979615451833848
2,UPFC_Vsh,5-15,1.1111100280601645,9,1.1082410611427627,MAP_SCADA,71,0.002868966917401794
3,UPFC_tsh,5-15,-0.23772898479278912,9,-0.23218607058732396,MAP_SCADA,71,0.005542914205465155
4,UPFC_Vse,5-15,0.06293157188011914,9,0.061824962390014566,MAP_SCADA,71,0.0011066094901045695
5,UPFC_tse,5-15,-2.1889726606857733,9,-2.1562100234144017,MAP_SCADA,71,0.03276263727137163
0,x_tcsc,1-14,-0.10201414245840422,10,-0.11129447036771614,MAP_SCADA,71,0.009280327909311922
1,B_svc,2,0.1773995230540244,10,0.18295019278546595,MAP_SCADA,71,0.005550669731441554
2,UPFC_Vsh,5-15,1.1078753800386845,10,1.1082410611427627,MAP_SCADA,71,0.0003656811040781971
3,UPFC_tsh,5-15,-0.23991346910294914,10,-0.23218607058732396,MAP_SCADA,71,0.007727398515625178
4,UPFC_Vse,5-15,0.06350055111044295,10,0.061824962390014566,MAP_SCADA,71,0.0016755887204283823
5,UPFC_tse,5-15,-2.188397089259698,10,-2.1562100234144017,MAP_SCADA,71,0.03218706584529629
0,x_tcsc,1-14,-0.10309787691363395,11,-0.11129447036771614,MAP_SCADA,71,0.00819659345408219
1,B_svc,2,0.17229032263195573,11,0.18295019278546595,MAP_SCADA,71,0.01065987015351022
2,UPFC_Vsh,5-15,1.106829264025858,11,1.1082410611427627,MAP_SCADA,71,0.001411797116904756
3,UPFC_tsh,5-15,-0.23956457706822262,11,-0.23218607058732396,MAP_SCADA,71,0.007378506480898661
4,UPFC_Vse,5-15,0.06366462202276205,11,0.061824962390014566,MAP_SCADA,71,0.0018396596327474798
5,UPFC_tse,5-15,-2.1891986298807464,11,-2.1562100234144017,MAP_SCADA,71,0.032988606466344716
0,x_tcsc,1-14,-0.10463812009775422,12,-0.11129447036771614,MAP_SCADA,71,0.006656350269961919
1,B_svc,2,0.16853615682973003,12,0.18295019278546595,MAP_SCADA,71,0.014414035955735927
2,UPFC_Vsh,5-15,1.1081083885543885,12,1.1082410611427627,MAP_SCADA,71,0.00013267258837412754
3,UPFC_tsh,5-15,-0.23874039951966272,12,-0.23218607058732396,MAP_SCADA,71,0.00655432893233876
4,UPFC_Vse,5-15,0.06357887848112859,12,0.061824962390014566,MAP_SCADA,71,0.0017539160911140203
5,UPFC_tse,5-15,-2.1899085293440548,12,-2.1562100234144017,MAP_SCADA,71,0.033698505929653066
0,x_tcsc,1-14,-0.10326192676854636,13,-0.11129447036771614,MAP_SCADA,71,0.008032543599169786
1,B_svc,2,0.17236389006577532,13,0.18295019278546595,MAP_SCADA,71,0.010586302719690632
2,UPFC_Vsh,5-15,1.10698736772081,13,1.1082410611427627,MAP_SCADA,71,0.0012536934219526952
3,UPFC_tsh,5-15,-0.23976528062347388,13,-0.23218607058732396,MAP_SCADA,71,0.007579210036149919
4,UPFC_Vse,5-15,0.06249443149756003,13,0.061824962390014566,MAP_SCADA,71,0.0006694691075454645
5,UPFC_tse,5-15,-2.196371164920003,13,-2.1562100234144017,MAP_SCADA,71,0.04016114150560135
0,x_tcsc,1-14,-0.1030504484184106,14,-0.11129447036771614,MAP_SCADA,71,0.008244021949305541
1,B_svc,2,0.16997033053296642,14,0.18295019278546595,MAP_SCADA,71,0.01297986225249953
2,UPFC_Vsh,5-15,1.1110829106317943,14,1.1082410611427627,MAP_SCADA,71,0.002841849489031656
3,UPFC_tsh,5-15,-0.2378859124752215,14,-0.23218607058732396,MAP_SCADA,71,0.005699841887897544
4,UPFC_Vse,5-15,0.0626573943935469,14,0.061824962390014566,MAP_SCADA,71,0.0008324320035323282
5,UPFC_tse,5-15,-2.193799530913218,14,-2.1562100234144017,MAP_SCADA,71,0.0375895074988164
0,x_tcsc,1-14,-0.10309694119605492,15,-0.11129447036771614,MAP_SCADA,71,0.008197529171661222
1,B_svc,2,0.16693486271337285,15,0.18295019278546595,MAP_SCADA,71,0.016015330072093104
2,UPFC_Vsh,5-15,1.112102866085488,15,1.1082410611427627,MAP_SCADA,71,0.0038618049427252554
3,UPFC_tsh,5-15,-0.2382997699364943,15,-0.23218607058732396,MAP_SCADA,71,0.006113699349170332
4,UPFC_Vse,5-15,0.06256983739626225,15,0.061824962390014566,MAP_SCADA,71,0.0007448750062476819
5,UPFC_tse,5-15,-2.1883812738215953,15,-2.1562100234144017,MAP_SCADA,71,0.0321712504071936
0,x_tcsc,1-14,-0.10217489660297842,16,-0.11129447036771614,MAP_SCADA,71,0.009119573764737723
1,B_svc,2,0.17394135187656679,16,0.18295019278546595,MAP_SCADA,71,0.009008840908899168
2,UPFC_Vsh,5-15,1.107960262070741,16,1.1082410611427627,MAP_SCADA,71,0.00028079907202172016
3,UPFC_tsh,5-15,-0.239206249885445,16,-0.23218607058732396,MAP_SCADA,71,0.007020179298121043
4,UPFC_Vse,5-15,0.06271712989685814,16,0.061824962390014566,MAP_SCADA,71,0.0008921675068435733
5,UPFC_tse,5-15,-2.1939130467822623,16,-2.1562100234144017,MAP_SCADA,71,0.03770302336786058
0,x_tcsc,1-14,-0.10454469730310308,17,-0.11129447036771614,MAP_SCADA,71,0.0067497730646130655
1,B_svc,2,0.16712461844377577,17,0.18295019278546595,MAP_SCADA,71,0.015825574341690185
2,UPFC_Vsh,5-15,1.109370895589937,17,1.1082410611427627,MAP_SCADA,71,0.0011298344471744048
3,UPFC_tsh,5-15,-0.23753669429202756,17,-0.23218607058732396,MAP_SCADA,71,0.0053506237047036
4,UPFC_Vse,5-15,0.06325825102421366,17,0.061824962390014566,MAP_SCADA,71,0.0014332886341990939
5,UPFC_tse,5-15,-2.186313396630077,17,-2.1562100234144017,MAP_SCADA,71,0.030103373215675244
0,x_tcsc,1-14,-0.10112964944926826,18,-0.11129447036771614,MAP_SCADA,71,0.010164820918447878
1,B_svc,2,0.17737976177681442,18,0.18295019278546595,MAP_SCADA,71,0.0055704310086515385
2,UPFC_Vsh,5-15,1.109702083507929,18,1.1082410611427627,MAP_SCADA,71,0.0014610223651663201
3,UPFC_tsh,5-15,-0.23936642374053496,18,-0.23218607058732396,MAP_SCADA,71,0.007180353153211
4,UPFC_Vse,5-15,0.06363139956315816,18,0.061824962390014566,MAP_SCADA,71,0.0018064371731435977
5,UPFC_tse,5-15,-2.1903458498537542,18,-2.1562100234144017,MAP_SCADA,71,0.034135826439352535
0,x_tcsc,1-14,-0.10321435202359344,19,-0.11129447036771614,MAP_SCADA,71,0.0080801183441227
1,B_svc,2,0.16810748723890664,19,0.18295019278546595,MAP_SCADA,71,0.01484270554655931
2,UPFC_Vsh,5-15,1.1100965594026282,19,1.1082410611427627,MAP_SCADA,71,0.001855498259865529
3,UPFC_tsh,5-15,-0.23852179981642677,19,-0.23218607058732396,MAP_SCADA,71,0.0063357292291028044
4,UPFC_Vse,5-15,0.0625930905180296,19,0.061824962390014566,MAP_SCADA,71,0.000768128128015029
5,UPFC_tse,5-15,-2.188351087150795,19,-2.1562100234144017,MAP_SCADA,71,0.03214106373639325
0,x_tcsc,1-14,-0.10354343396284567,20,-0.11129447036771614,MAP_SCADA,71,0.007751036404870473
1,B_svc,2,0.16703463626958456,20,0.18295019278546595,MAP_SCADA,71,0.01591555651588139
2,UPFC_Vsh,5-15,1.1098341526661635,20,1.1082410611427627,MAP_SCADA,71,0.0015930915234008136
3,UPFC_tsh,5-15,-0.23788774543338145,20,-0.23218607058732396,MAP_SCADA,71,0.005701674846057492
4,UPFC_Vse,5-15,0.06243570092208961,20,0.061824962390014566,MAP_SCADA,71,0.0006107385320750433
5,UPFC_tse,5-15,-2.191014469814827,20,-2.1562100234144017,MAP_SCADA,71,0.03480444640042535
0,x_tcsc,1-14,-0.10344129310754582,21,-0.11129447036771614,MAP_SCADA,71,0.007853177260170319
1,B_svc,2,0.1708677144969117,21,0.18295019278546595,MAP_SCADA,71,0.012082478288554244
2,UPFC_Vsh,5-15,1.1077101992879548,21,1.1082410611427627,MAP_SCADA,71,0.0005308618548078847
3,UPFC_tsh,5-15,-0.23998780930740443,21,-0.23218607058732396,MAP_SCADA,71,0.00780173872008047
4,UPFC_Vse,5-15,0.06297038816134898,21,0.061824962390014566,MAP_SCADA,71,0.0011454257713344115
5,UPFC_tse,5-15,-2.1940017442066315,21,-2.1562100234144017,MAP_SCADA,71,0.03779172079222981
0,x_tcsc,1-14,-0.10200268563517126,22,-0.11129447036771614,MAP_SCADA,71,0.009291784732544883
1,B_svc,2,0.17089704393936794,22,0.18295019278546595,MAP_SCADA,71,0.01205314884609801
2,UPFC_Vsh,5-15,1.11057128340465,22,1.1082410611427627,MAP_SCADA,71,0.0023302222618872825
3,UPFC_tsh,5-15,-0.2383999901081647,22,-0.23218607058732396,MAP_SCADA,71,0.006213919520840744
4,UPFC_Vse,5-15,0.06284333278504248,22,0.061824962390014566,MAP_SCADA,71,0.0010183703950279108
5,UPFC_tse,5-15,-2.189614887509789,22,-2.1562100234144017,MAP_SCADA,71,0.03340486409538723
0,x_tcsc,1-14,-0.10414257550582919,23,-0.11129447036771614,MAP_SCADA,71,0.0071518948618869566
1,B_svc,2,0.17302275696693312,23,0.18295019278546595,MAP_SCADA,71,0.009927435818532837
2,UPFC_Vsh,5-15,1.1062099902680418,23,1.1082410611427627,MAP_SCADA,71,0.002031070874720875
3,UPFC_tsh,5-15,-0.23899992877224516,23,-0.23218607058732396,MAP_SCADA,71,0.0068138581849211954
4,UPFC_Vse,5-15,0.06331203494101198,23,0.061824962390014566,MAP_SCADA,71,0.0014870725509974134
5,UPFC_tse,5-15,-2.193611288444514,23,-2.1562100234144017,MAP_SCADA,71,0.037401265030112096
0,x_tcsc,1-14,-0.10255669398750906,24,-0.11129447036771614,MAP_SCADA,71,0.008737776380207077
1,B_svc,2,0.17527665408020493,24,0.18295019278546595,MAP_SCADA,71,0.007673538705261024
2,UPFC_Vsh,5-15,1.110444416352426,24,1.1082410611427627,MAP_SCADA,71,0.0022033552096634157
3,UPFC_tsh,5-15,-0.23838245129865002,24,-0.23218607058732396,MAP_SCADA,71,0.006196380711326055
4,UPFC_Vse,5-15,0.06343171498679508,24,0.061824962390014566,MAP_SCADA,71,0.00160675259678051
5,UPFC_tse,5-15,-2.1934702341448933,24,-2.1562100234144017,MAP_SCADA,71,0.03726021073049157
0,x_tcsc,1-14,-0.10349904714129522,25,-0.11129447036771614,MAP_SCADA,71,0.0077954232264209194
1,B_svc,2,0.16860677052613007,25,0.18295019278546595,MAP_SCADA,71,0.01434342225933588
2,UPFC_Vsh,5-15,1.1085206473749372,25,1.1082410611427627,MAP_SCADA,71,0.0002795862321745002
3,UPFC_tsh,5-15,-0.2385443264307013,25,-0.23218607058732396,MAP_SCADA,71,0.006358255843377347
4,UPFC_Vse,5-15,0.06318141056723417,25,0.061824962390014566,MAP_SCADA,71,0.0013564481772196033
5,UPFC_tse,5-15,-2.193211743897714,25,-2.1562100234144017,MAP_SCADA,71,0.037001720483312184
0,x_tcsc,1-14,-0.10344888642509803,26,-0.11129447036771614,MAP_SCADA,71,0.007845583942618112
1,B_svc,2,0.1684348338944659,26,0.18295019278546595,MAP_SCADA,71,0.014515358891000057
2,UPFC_Vsh,5-15,1.1093544542233646,26,1.1082410611427627,MAP_SCADA,71,0.0011133930806019876
3,UPFC_tsh,5-15,-0.23870731257150962,26,-0.23218607058732396,MAP_SCADA,71,0.006521241984185661
4,UPFC_Vse,5-15,0.06272919858083496,26,0.061824962390014566,MAP_SCADA,71,0.0009042361908203969
5,UPFC_tse,5-15,-2.1892722360416754,26,-2.1562100234144017,MAP_SCADA,71,0.03306221262727371
0,x_tcsc,1-14,-0.10324303032860659,27,-0.11129447036771614,MAP_SCADA,71,0.008051440039109556
1,B_svc,2,0.16582498944584045,27,0.18295019278546595,MAP_SCADA,71,0.0171252033396255
2,UPFC_Vsh,5-15,1.1092917412852477,27,1.1082410611427627,MAP_SCADA,71,0.0010506801424849943
3,UPFC_tsh,5-15,-0.23786009562888574,27,-0.23218607058732396,MAP_SCADA,71,0.005674025041561781
4,UPFC_Vse,5-15,0.06271511041328849,27,0.061824962390014566,MAP_SCADA,71,0.0008901480232739248
5,UPFC_tse,5-15,-2.1924914175363153,27,-2.1562100234144017,MAP_SCADA,71,0.03628139412191356
0,x_tcsc,1-14,-0.10135196066548283,28,-0.11129447036771614,MAP_SCADA,71,0.009942509702233315
1,B_svc,2,0.17761057228239494,28,0.18295019278546595,MAP_SCADA,71,0.005339620503071019
2,UPFC_Vsh,5-15,1.1083718755136782,28,1.1082410611427627,MAP_SCADA,71,0.00013081437091555514
3,UPFC_tsh,5-15,-0.2395613443581504,28,-0.23218607058732396,MAP_SCADA,71,0.007375273770826446
4,UPFC_Vse,5-15,0.06346267764598927,28,0.061824962390014566,MAP_SCADA,71,0.0016377152559747046
5,UPFC_tse,5-15,-2.1903041390921896,28,-2.1562100234144017,MAP_SCADA,71,0.03409411567778786
0,x_tcsc,1-14,-0.10515150213842957,29,-0.11129447036771614,MAP_SCADA,71,0.0061429682292865745
1,B_svc,2,0.16766234531155627,29,0.18295019278546595,MAP_SCADA,71,0.015287847473909683
2,UPFC_Vsh,5-15,1.1095725542927521,29,1.1082410611427627,MAP_SCADA,71,0.0013314931499894822
3,UPFC_tsh,5-15,-0.23785749907874235,29,-0.23218607058732396,MAP_SCADA,71,0.005671428491418384
4,UPFC_Vse,5-15,0.06285327963871028,29,0.061824962390014566,MAP_SCADA,71,0.0010283172486957107
5,UPFC_tse,5-15,-2.1945382243971,29,-2.1562100234144017,MAP_SCADA,71,0.0383282009826984
0,x_tcsc,1-14,-0.10214521014739744,30,-0.11129447036771614,MAP_SCADA,71,0.0091492602203187
1,B_svc,2,0.1733947782625552,30,0.18295019278546595,MAP_SCADA,71,0.009555414522910755
2,UPFC_Vsh,5-15,1.108749731528518,30,1.1082410611427627,MAP_SCADA,71,0.0005086703857553054
3,UPFC_tsh,5-15,-0.24003817420459694,30,-0.23218607058732396,MAP_SCADA,71,0.007852103617272982
4,UPFC_Vse,5-15,0.06354332981972415,30,0.061824962390014566,MAP_SCADA,71,0.0017183674297095788
5,UPFC_tse,5-15,-2.1899562565815236,30,-2.1562100234144017,MAP_SCADA,71,0.033746233167121886
0,x_tcsc,1-14,-0.10186895497271833,31,-0.11129447036771614,MAP_SCADA,71,0.009425515394997808
1,B_svc,2,0.1731001895027111,31,0.18295019278546595,MAP_SCADA,71,0.009850003282754843
2,UPFC_Vsh,5-15,1.1089604871881096,31,1.1082410611427627,MAP_SCADA,71,0.0007194260453469159
3,UPFC_tsh,5-15,-0.2393106658119316,31,-0.23218607058732396,MAP_SCADA,71,0.007124595224607649
4,UPFC_Vse,5-15,0.06361662209310572,31,0.061824962390014566,MAP_SCADA,71,0.0017916597030911488
5,UPFC_tse,5-15,-2.1910202663171208,31,-2.1562100234144017,MAP_SCADA,71,0.03481024290271906
0,x_tcsc,1-14,-0.10199155700575223,32,-0.11129447036771614,MAP_SCADA,71,0.009302913361963913
1,B_svc,2,0.17562280153400014,32,0.18295019278546595,MAP_SCADA,71,0.007327391251465809
2,UPFC_Vsh,5-15,1.1083810877935076,32,1.1082410611427627,MAP_SCADA,71,0.00014002665074497322
3,UPFC_tsh,5-15,-0.23893318807281042,32,-0.23218607058732396,MAP_SCADA,71,0.0067471174854864535
4,UPFC_Vse,5-15,0.06267661663381953,32,0.061824962390014566,MAP_SCADA,71,0.0008516542438049626
5,UPFC_tse,5-15,-2.1933767411492218,32,-2.1562100234144017,MAP_SCADA,71,0.037166717734820054
0,x_tcsc,1-14,-0.10341776982429712,33,-0.11129447036771614,MAP_SCADA,71,0.007876700543419018
1,B_svc,2,0.1685857185347648,33,0.18295019278546595,MAP_SCADA,71,0.014364474250701142
2,UPFC_Vsh,5-15,1.1090690511856047,33,1.1082410611427627,MAP_SCADA,71,0.0008279900428420639
3,UPFC_tsh,5-15,-0.23823230252929914,33,-0.23218607058732396,MAP_SCADA,71,0.0060462319419751775
4,UPFC_Vse,5-15,0.06321292719959012,33,0.061824962390014566,MAP_SCADA,71,0.0013879648095755578
5,UPFC_tse,5-15,-2.190809317373603,33,-2.1562100234144017,MAP_SCADA,71,0.03459929395920147
0,x_tcsc,1-14,-0.10303751160140999,34,-0.11129447036771614,MAP_SCADA,71,0.008256958766306152
1,B_svc,2,0.1683284671853949,34,0.18295019278546595,MAP_SCADA,71,0.01462172560007105
2,UPFC_Vsh,5-15,1.109998361341998,34,1.1082410611427627,MAP_SCADA,71,0.0017573001992352566
3,UPFC_tsh,5-15,-0.2380691737984707,34,-0.23218607058732396,MAP_SCADA,71,0.00588310321114674
4,UPFC_Vse,5-15,0.0635342444626378,34,0.061824962390014566,MAP_SCADA,71,0.0017092820726232402
5,UPFC_tse,5-15,-2.1878828879669565,34,-2.1562100234144017,MAP_SCADA,71,0.0316728645525548
0,x_tcsc,1-14,-0.10297982083834885,35,-0.11129447036771614,MAP_SCADA,71,0.008314649529367293
1,B_svc,2,0.17046754832647434,35,0.18295019278546595,MAP_SCADA,71,0.01248264445899161
2,UPFC_Vsh,5-15,1.1112794492291262,35,1.1082410611427627,MAP_SCADA,71,0.003038388086363586
3,UPFC_tsh,5-15,-0.2385383032127797,35,-0.23218607058732396,MAP_SCADA,71,0.006352232625455728
4,UPFC_Vse,5-15,0.06367108062868834,35,0.061824962390014566,MAP_SCADA,71,0.001846118238673776
5,UPFC_tse,5-15,-2.188473680620623,35,-2.1562100234144017,MAP_SCADA,71,0.032263657206221374
0,x_tcsc,1-14,-0.1037433704569016,36,-0.11129447036771614,MAP_SCADA,71,0.0075510999108145405
1,B_svc,2,0.17020265351511055,36,0.18295019278546595,MAP_SCADA,71,0.012747539270355407
2,UPFC_Vsh,5-15,1.1084573576990415,36,1.1082410611427627,MAP_SCADA,71,0.00021629655627886102
3,UPFC_tsh,5-15,-0.2387082284511852,36,-0.23218607058732396,MAP_SCADA,71,0.006522157863861233
4,UPFC_Vse,5-15,0.06266177121649627,36,0.061824962390014566,MAP_SCADA,71,0.0008368088264817039
5,UPFC_tse,5-15,-2.192234184921244,36,-2.1562100234144017,MAP_SCADA,71,0.0360241615068424
0,x_tcsc,1-14,-0.10331206912751367,37,-0.11129447036771614,MAP_SCADA,71,0.007982401240202469
1,B_svc,2,0.16983444814242962,37,0.18295019278546595,MAP_SCADA,71,0.013115744643036331
2,UPFC_Vsh,5-15,1.1093899644083485,37,1.1082410611427627,MAP_SCADA,71,0.00114890326558581
3,UPFC_tsh,5-15,-0.23805948198578433,37,-0.23218607058732396,MAP_SCADA,71,0.005873411398460371
4,UPFC_Vse,5-15,0.06260338273141129,37,0.061824962390014566,MAP_SCADA,71,0.0007784203413967253
5,UPFC_tse,5-15,-2.194394240818059,37,-2.1562100234144017,MAP_SCADA,71,0.03818421740365707
0,x_tcsc,1-14,-0.10491436820607243,38,-0.11129447036771614,MAP_SCADA,71,0.006380102161643711
1,B_svc,2,0.1672180740223852,38,0.18295019278546595,MAP_SCADA,71,0.015732118763080755
2,UPFC_Vsh,5-15,1.1095823920842456,38,1.1082410611427627,MAP_SCADA,71,0.001341330941482921
3,UPFC_tsh,5-15,-0.23796712750088744,38,-0.23218607058732396,MAP_SCADA,71,0.0057810569135634815
4,UPFC_Vse,5-15,0.06283312149927725,38,0.061824962390014566,MAP_SCADA,71,0.0010081591092626838
5,UPFC_tse,5-15,-2.18825981095042,38,-2.1562100234144017,MAP_SCADA,71,0.03204978753601839
0,x_tcsc,1-14,-0.10472404013278803,39,-0.11129447036771614,MAP_SCADA,71,0.006570430234928107
1,B_svc,2,0.17177177941619282,39,0.18295019278546595,MAP_SCADA,71,0.011178413369273138
2,UPFC_Vsh,5-15,1.106130884386145,39,1.1082410611427627,MAP_SCADA,71,0.002110176756617621
3,UPFC_tsh,5-15,-0.239162445516109,39,-0.23218607058732396,MAP_SCADA,71,0.0069763749287850285
4,UPFC_Vse,5-15,0.06329622775397507,39,0.061824962390014566,MAP_SCADA,71,0.001471265363960507
5,UPFC_tse,5-15,-2.187460536285187,39,-2.1562100234144017,MAP_SCADA,71,0.031250512870785396
0,x_tcsc,1-14,-0.10328701279564349,40,-0.11129447036771614,MAP_SCADA,71,0.008007457572072649
1,B_svc,2,0.1697864442432162,40,0.18295019278546595,MAP_SCADA,71,0.013163748542249748
2,UPFC_Vsh,5-15,1.1091570589281596,40,1.1082410611427627,MAP_SCADA,71,0.0009159977853969714
3,UPFC_tsh,5-15,-0.23841077906827327,40,-0.23218607058732396,MAP_SCADA,71,0.006224708480949304
4,UPFC_Vse,5-15,0.06335807687554586,40,0.061824962390014566,MAP_SCADA,71,0.0015331144855312909
5,UPFC_tse,5-15,-2.188321530167082,40,-2.1562100234144017,MAP_SCADA,71,0.03211150675268026
0,x_tcsc,1-14,-0.10415308358070655,41,-0.11129447036771614,MAP_SCADA,71,0.007141386787009596
1,B_svc,2,0.1659516229371476,41,0.18295019278546595,MAP_SCADA,71,0.01699856984831835
2,UPFC_Vsh,5-15,1.1088618181516254,41,1.1082410611427627,MAP_SCADA,71,0.0006207570088627712
3,UPFC_tsh,5-15,-0.23803785406369915,41,-0.23218607058732396,MAP_SCADA,71,0.005851783476375189
4,UPFC_Vse,5-15,0.06317922460371121,41,0.061824962390014566,MAP_SCADA,71,0.0013542622136966456
5,UPFC_tse,5-15,-2.192117927145841,41,-2.1562100234144017,MAP_SCADA,71,0.03590790373143937
0,x_tcsc,1-14,-0.10282328972764497,42,-0.11129447036771614,MAP_SCADA,71,0.008471180640071171
1,B_svc,2,0.1721197597634059,42,0.18295019278546595,MAP_SCADA,71,0.010830433022060049
2,UPFC_Vsh,5-15,1.1081902020497665,42,1.1082410611427627,MAP_SCADA,71,5.085909299618052e-05
3,UPFC_tsh,5-15,-0.23900538395228121,42,-0.23218607058732396,MAP_SCADA,71,0.006819313364957252
4,UPFC_Vse,5-15,0.06283176345199303,42,0.061824962390014566,MAP_SCADA,71,0.0010068010619784587
5,UPFC_tse,5-15,-2.1893873032588393,42,-2.1562100234144017,MAP_SCADA,71,0.033177279844437635
0,x_tcsc,1-14,-0.10303424453802462,43,-0.11129447036771614,MAP_SCADA,71,0.00826022582969152
1,B_svc,2,0.17311051925916063,43,0.18295019278546595,MAP_SCADA,71,0.009839673526305326
2,UPFC_Vsh,5-15,1.107982607035665,43,1.1082410611427627,MAP_SCADA,71,0.0002584541070975721
3,UPFC_tsh,5-15,-0.23927261561656687,43,-0.23218607058732396,MAP_SCADA,71,0.007086545029242913
4,UPFC_Vse,5-15,0.06356982541230466,43,0.061824962390014566,MAP_SCADA,71,0.0017448630222900927
5,UPFC_tse,5-15,-2.1951217682769553,43,-2.1562100234144017,MAP_SCADA,71,0.038911744862553554
0,x_tcsc,1-14,-0.1027973561626272,44,-0.11129447036771614,MAP_SCADA,71,0.008497114205088946
1,B_svc,2,0.1681348089727287,44,0.18295019278546595,MAP_SCADA,71,0.014815383812737254
2,UPFC_Vsh,5-15,1.109787300168,44,1.1082410611427627,MAP_SCADA,71,0.001546239025237428
3,UPFC_tsh,5-15,-0.23831165948836602,44,-0.23218607058732396,MAP_SCADA,71,0.006125588901042062
4,UPFC_Vse,5-15,0.06368281985756345,44,0.061824962390014566,MAP_SCADA,71,0.001857857467548886
5,UPFC_tse,5-15,-2.1854876578376725,44,-2.1562100234144017,MAP_SCADA,71,0.029277634423270804
0,x_tcsc,1-14,-0.10221996947708181,45,-0.11129447036771614,MAP_SCADA,71,0.00907450089063433
1,B_svc,2,0.1768898387398685,45,0.18295019278546595,MAP_SCADA,71,0.00606035404559746
2,UPFC_Vsh,5-15,1.1095156345355885,45,1.1082410611427627,MAP_SCADA,71,0.001274573392825884
3,UPFC_tsh,5-15,-0.2389523502653847,45,-0.23218607058732396,MAP_SCADA,71,0.006766279678060733
4,UPFC_Vse,5-15,0.06318314771751779,45,0.061824962390014566,MAP_SCADA,71,0.0013581853275032238
5,UPFC_tse,5-15,-2.193731744557763,45,-2.1562100234144017,MAP_SCADA,71,0.037521721143361386
0,x_tcsc,1-14,-0.10209110133794598,46,-0.11129447036771614,MAP_SCADA,71,0.009203369029770161
1,B_svc,2,0.1749895939957132,46,0.18295019278546595,MAP_SCADA,71,0.007960598789752749
2,UPFC_Vsh,5-15,1.1075689036025793,46,1.1082410611427627,MAP_SCADA,71,0.0006721575401833491
3,UPFC_tsh,5-15,-0.2405839698596442,46,-0.23218607058732396,MAP_SCADA,71,0.008397899272320236
4,UPFC_Vse,5-15,0.06325877581511731,46,0.061824962390014566,MAP_SCADA,71,0.0014338134251027437
5,UPFC_tse,5-15,-2.1915658662244795,46,-2.1562100234144017,MAP_SCADA,71,0.03535584281007775
0,x_tcsc,1-14,-0.10430424526697522,47,-0.11129447036771614,MAP_SCADA,71,0.006990225100740918
1,B_svc,2,0.16657044584038416,47,0.18295019278546595,MAP_SCADA,71,0.01637974694508179
2,UPFC_Vsh,5-15,1.1089944570086598,47,1.1082410611427627,MAP_SCADA,71,0.0007533958658971773
3,UPFC_tsh,5-15,-0.23755332848839128,47,-0.23218607058732396,MAP_SCADA,71,0.005367257901067318
4,UPFC_Vse,5-15,0.06325285378388841,47,0.061824962390014566,MAP_SCADA,71,0.0014278913938738438
5,UPFC_tse,5-15,-2.1926651756040454,47,-2.1562100234144017,MAP_SCADA,71,0.03645515218964368
0,x_tcsc,1-14,-0.10467341988269523,48,-0.11129447036771614,MAP_SCADA,71,0.006621050485020916
1,B_svc,2,0.16631328053467387,48,0.18295019278546595,MAP_SCADA,71,0.016636912250792085
2,UPFC_Vsh,5-15,1.109765910581846,48,1.1082410611427627,MAP_SCADA,71,0.0015248494390833756
3,UPFC_tsh,5-15,-0.23718168953869978,48,-0.23218607058732396,MAP_SCADA,71,0.004995618951375819
4,UPFC_Vse,5-15,0.06257817548573592,48,0.061824962390014566,MAP_SCADA,71,0.000753213095721357
5,UPFC_tse,5-15,-2.189149825874566,48,-2.1562100234144017,MAP_SCADA,71,0.03293980246016437
0,x_tcsc,1-14,-0.10036649413923276,49,-0.11129447036771614,MAP_SCADA,71,0.010927976228483377
1,B_svc,2,0.1848686799141463,49,0.18295019278546595,MAP_SCADA,71,0.0019184871286803407
2,UPFC_Vsh,5-15,1.1056475662275105,49,1.1082410611427627,MAP_SCADA,71,0.0025934949152521813
3,UPFC_tsh,5-15,-0.2414821266404511,49,-0.23218607058732396,MAP_SCADA,71,0.009296056053127139
4,UPFC_Vse,5-15,0.0630950463263788,49,0.061824962390014566,MAP_SCADA,71,0.0012700839363642344
5,UPFC_tse,5-15,-2.1950301431956265,49,-2.1562100234144017,MAP_SCADA,71,0.03882011978122479
0,x_tcsc,1-14,-0.10197953963546616,50,-0.11129447036771614,MAP_SCADA,71,0.009314930732249982
1,B_svc,2,0.1736852085055039,50,0.18295019278546595,MAP_SCADA,71,0.009264984279962057
2,UPFC_Vsh,5-15,1.1100116771882211,50,1.1082410611427627,MAP_SCADA,71,0.001770616045458473
3,UPFC_tsh,5-15,-0.2387841569748617,50,-0.23218607058732396,MAP_SCADA,71,0.006598086387537727
4,UPFC_Vse,5-15,0.06333349762164837,50,0.061824962390014566,MAP_SCADA,71,0.0015085352316338077
5,UPFC_tse,5-15,-2.18884697758656,50,-2.1562100234144017,MAP_SCADA,71,0.03263695417215828
0,x_tcsc,1-14,-0.10287200005996062,51,-0.11129447036771614,MAP_SCADA,71,0.008422470307755517
1,B_svc,2,0.17435630556991935,51,0.18295019278546595,MAP_SCADA,71,0.008593887215546603
2,UPFC_Vsh,5-15,1.1083789801853865,51,1.1082410611427627,MAP_SCADA,71,0.00013791904262383525
3,UPFC_tsh,5-15,-0.23954156229505957,51,-0.23218607058732396,MAP_SCADA,71,0.007355491707735612
4,UPFC_Vse,5-15,0.0634631446920625,51,0.061824962390014566,MAP_SCADA,71,0.0016381823020479372
5,UPFC_tse,5-15,-2.193128263603617,51,-2.1562100234144017,MAP_SCADA,71,0.03691824018921519
0,x_tcsc,1-14,-0.10324332919686505,52,-0.11129447036771614,MAP_SCADA,71,0.008051141170851095
1,B_svc,2,0.1696109973659828,52,0.18295019278546595,MAP_SCADA,71,0.01333919541948314
2,UPFC_Vsh,5-15,1.111682729996886,52,1.1082410611427627,MAP_SCADA,71,0.0034416688541234475
3,UPFC_tsh,5-15,-0.2380664599567824,52,-0.23218607058732396,MAP_SCADA,71,0.00588038936945845
4,UPFC_Vse,5-15,0.0636095662815725,52,0.061824962390014566,MAP_SCADA,71,0.0017846038915579274
5,UPFC_tse,5-15,-2.190966086526349,52,-2.1562100234144017,MAP_SCADA,71,0.034756063111947455
0,x_tcsc,1-14,-0.10136893818338043,53,-0.11129447036771614,MAP_SCADA,71,0.009925532184335714
1,B_svc,2,0.1763356233567943,53,0.18295019278546595,MAP_SCADA,71,0.0066145694286716405
2,UPFC_Vsh,5-15,1.1071755978151345,53,1.1082410611427627,MAP_SCADA,71,0.0010654633276281356
3,UPFC_tsh,5-15,-0.24045414133719084,53,-0.23218607058732396,MAP_SCADA,71,0.00826807074986688
4,UPFC_Vse,5-15,0.06363480196190133,53,0.061824962390014566,MAP_SCADA,71,0.0018098395718867608
5,UPFC_tse,5-15,-2.1940031377680684,53,-2.1562100234144017,MAP_SCADA,71,0.037793114353666724
0,x_tcsc,1-14,-0.10324843381027872,54,-0.11129447036771614,MAP_SCADA,71,0.008046036557437422
1,B_svc,2,0.17285646172672728,54,0.18295019278546595,MAP_SCADA,71,0.010093731058738675
2,UPFC_Vsh,5-15,1.1064658011062947,54,1.1082410611427627,MAP_SCADA,71,0.001775260036467996
3,UPFC_tsh,5-15,-0.24019351975165645,54,-0.23218607058732396,MAP_SCADA,71,0.008007449164332492
4,UPFC_Vse,5-15,0.0631805362478855,54,0.061824962390014566,MAP_SCADA,71,0.0013555738578709328
5,UPFC_tse,5-15,-2.1928662900195057,54,-2.1562100234144017,MAP_SCADA,71,0.036656266605104015
0,x_tcsc,1-14,-0.1019788974557904,55,-0.11129447036771614,MAP_SCADA,71,0.009315572911925737
1,B_svc,2,0.1762892680006951,55,0.18295019278546595,MAP_SCADA,71,0.006660924784770844
2,UPFC_Vsh,5-15,1.1068642261414183,55,1.1082410611427627,MAP_SCADA,71,0.0013768350013443342
3,UPFC_tsh,5-15,-0.2403625187434593,55,-0.23218607058732396,MAP_SCADA,71,0.00817644815613533
4,UPFC_Vse,5-15,0.06392525493854063,55,0.061824962390014566,MAP_SCADA,71,0.0021002925485260684
5,UPFC_tse,5-15,-2.1962706712338904,55,-2.1562100234144017,MAP_SCADA,71,0.040060647819488704
0,x_tcsc,1-14,-0.10527974321233675,56,-0.11129447036771614,MAP_SCADA,71,0.006014727155379387
1,B_svc,2,0.167632286351566,56,0.18295019278546595,MAP_SCADA,71,0.015317906433899964
2,UPFC_Vsh,5-15,1.1086875892260313,56,1.1082410611427627,MAP_SCADA,71,0.0004465280832686158
3,UPFC_tsh,5-15,-0.23816006534123574,56,-0.23218607058732396,MAP_SCADA,71,0.005973994753911777
4,UPFC_Vse,5-15,0.06254446606212997,56,0.061824962390014566,MAP_SCADA,71,0.0007195036721154083
5,UPFC_tse,5-15,-2.1879062130788323,56,-2.1562100234144017,MAP_SCADA,71,0.03169618966443055
0,x_tcsc,1-14,-0.10179695860865144,57,-0.11129447036771614,MAP_SCADA,71,0.0094975117590647
1,B_svc,2,0.17922775758191414,57,0.18295019278546595,MAP_SCADA,71,0.0037224352035518105
2,UPFC_Vsh,5-15,1.1053913401140298,57,1.1082410611427627,MAP_SCADA,71,0.002849721028732821
3,UPFC_tsh,5-15,-0.24078070444873179,57,-0.23218607058732396,MAP_SCADA,71,0.008594633861407824
4,UPFC_Vse,5-15,0.0628623967199648,57,0.061824962390014566,MAP_SCADA,71,0.0010374343299502306
5,UPFC_tse,5-15,-2.19228846799818,57,-2.1562100234144017,MAP_SCADA,71,0.03607844458377807
0,x_tcsc,1-14,-0.10438407717916225,58,-0.11129447036771614,MAP_SCADA,71,0.0069103931885538955
1,B_svc,2,0.1710229922972262,58,0.18295019278546595,MAP_SCADA,71,0.011927200488239753
2,UPFC_Vsh,5-15,1.1084581412862453,58,1.1082410611427627,MAP_SCADA,71,0.0002170801434826508
3,UPFC_tsh,5-15,-0.23826230188521025,58,-0.23218607058732396,MAP_SCADA,71,0.0060762312978862865
4,UPFC_Vse,5-15,0.06312944551932835,58,0.061824962390014566,MAP_SCADA,71,0.001304483129313784
5,UPFC_tse,5-15,-2.1876418894390635,58,-2.1562100234144017,MAP_SCADA,71,0.03143186602466175
0,x_tcsc,1-14,-0.10383418172265896,59,-0.11129447036771614,MAP_SCADA,71,0.007460288645057184
1,B_svc,2,0.17312892218344747,59,0.18295019278546595,MAP_SCADA,71,0.009821270602018484
2,UPFC_Vsh,5-15,1.1072547742868786,59,1.1082410611427627,MAP_SCADA,71,0.0009862868558840887
3,UPFC_tsh,5-15,-0.23890156901931114,59,-0.23218607058732396,MAP_SCADA,71,0.0067154984319871824
4,UPFC_Vse,5-15,0.06299379008888283,59,0.061824962390014566,MAP_SCADA,71,0.0011688276988682592
5,UPFC_tse,5-15,-2.1917922454989034,59,-2.1562100234144017,MAP_SCADA,71,0.03558222208450168
0,x_tcsc,1-14,-0.10327191665118586,60,-0.11129447036771614,MAP_SCADA,71,0.008022553716530281
1,B_svc,2,0.16996069385126053,60,0.18295019278546595,MAP_SCADA,71,0.012989498934205423
2,UPFC_Vsh,5-15,1.1098518577775867,60,1.1082410611427627,MAP_SCADA,71,0.0016107966348239966
3,UPFC_tsh,5-15,-0.23820244736558496,60,-0.23218607058732396,MAP_SCADA,71,0.006016376778261001
4,UPFC_Vse,5-15,0.06292108618224466,60,0.061824962390014566,MAP_SCADA,71,0.0010961237922300984
5,UPFC_tse,5-15,-2.187923879159447,60,-2.1562100234144017,MAP_SCADA,71,0.03171385574504537
0,x_tcsc,1-14,-0.10443203071954701,61,-0.11129447036771614,MAP_SCADA,71,0.0068624396481691274
1,B_svc,2,0.16903423354943337,61,0.18295019278546595,MAP_SCADA,71,0.013915959236032588
2,UPFC_Vsh,5-15,1.110202654342042,61,1.1082410611427627,MAP_SCADA,71,0.0019615931992793545
3,UPFC_tsh,5-15,-0.23777468793642412,61,-0.23218607058732396,MAP_SCADA,71,0.005588617349100156
4,UPFC_Vse,5-15,0.06314581996839719,61,0.061824962390014566,MAP_SCADA,71,0.0013208575783826212
5,UPFC_tse,5-15,-2.1855869768875538,61,-2.1562100234144017,MAP_SCADA,71,0.029376953473152057
0,x_tcsc,1-14,-0.1018979327156657,62,-0.11129447036771614,MAP_SCADA,71,0.009396537652050438
1,B_svc,2,0.17427711005926577,62,0.18295019278546595,MAP_SCADA,71,0.008673082726200182
2,UPFC_Vsh,5-15,1.1095015499881347,62,1.1082410611427627,MAP_SCADA,71,0.0012604888453719987
3,UPFC_tsh,5-15,-0.23957433529079633,62,-0.23218607058732396,MAP_SCADA,71,0.007388264703472369
4,UPFC_Vse,5-15,0.06324467634335171,62,0.061824962390014566,MAP_SCADA,71,0.0014197139533371414
5,UPFC_tse,5-15,-2.194724354980753,62,-2.1562100234144017,MAP_SCADA,71,0.03851433156635142
0,x_tcsc,1-14,-0.1047565086025988,63,-0.11129447036771614,MAP_SCADA,71,0.006537961765117339
1,B_svc,2,0.16464257816312167,63,0.18295019278546595,MAP_SCADA,71,0.018307614622344287
2,UPFC_Vsh,5-15,1.1108932720561624,63,1.1082410611427627,MAP_SCADA,71,0.002652210913399733
3,UPFC_tsh,5-15,-0.23730546416250609,63,-0.23218607058732396,MAP_SCADA,71,0.005119393575182124
4,UPFC_Vse,5-15,0.06270315531355272,63,0.061824962390014566,MAP_SCADA,71,0.0008781929235381555
5,UPFC_tse,5-15,-2.1891048347645268,63,-2.1562100234144017,MAP_SCADA,71,0.032894811350125064
0,x_tcsc,1-14,-0.10149762845702923,64,-0.11129447036771614,MAP_SCADA,71,0.009796841910686915
1,B_svc,2,0.17041915878050962,64,0.18295019278546595,MAP_SCADA,71,0.012531034004956337
2,UPFC_Vsh,5-15,1.1100417205424307,64,1.1082410611427627,MAP_SCADA,71,0.0018006593996680031
3,UPFC_tsh,5-15,-0.23829959354425628,64,-0.23218607058732396,MAP_SCADA,71,0.006113522956932321
4,UPFC_Vse,5-15,0.06332037722712637,64,0.061824962390014566,MAP_SCADA,71,0.001495414837111804
5,UPFC_tse,5-15,-2.1874300265671645,64,-2.1562100234144017,MAP_SCADA,71,0.031220003152762743
0,x_tcsc,1-14,-0.1029503968470731,65,-0.11129447036771614,MAP_SCADA,71,0.008344073520643036
1,B_svc,2,0.1727546126568781,65,0.18295019278546595,MAP_SCADA,71,0.010195580128587844
2,UPFC_Vsh,5-15,1.1090411589252558,65,1.1082410611427627,MAP_SCADA,71,0.0008000977824931255
3,UPFC_tsh,5-15,-0.2391466538977477,65,-0.23218607058732396,MAP_SCADA,71,0.006960583310423735
4,UPFC_Vse,5-15,0.06267864255580684,65,0.061824962390014566,MAP_SCADA,71,0.0008536801657922713
5,UPFC_tse,5-15,-2.194609229181598,65,-2.1562100234144017,MAP_SCADA,71,0.03839920576719624
0,x_tcsc,1-14,-0.10255764452678089,66,-0.11129447036771614,MAP_SCADA,71,0.008736825840935256
1,B_svc,2,0.17335932811787075,66,0.18295019278546595,MAP_SCADA,71,0.009590864667595206
2,UPFC_Vsh,5-15,1.1067821196443008,66,1.1082410611427627,MAP_SCADA,71,0.0014589414984618188
3,UPFC_tsh,5-15,-0.24009114421968414,66,-0.23218607058732396,MAP_SCADA,71,0.007905073632360177
4,UPFC_Vse,5-15,0.06383770986129642,66,0.061824962390014566,MAP_SCADA,71,0.002012747471281849
5,UPFC_tse,5-15,-2.189975251551576,66,-2.1562100234144017,MAP_SCADA,71,0.03376522813717431
0,x_tcsc,1-14,-0.10257961106253177,67,-0.11129447036771614,MAP_SCADA,71,0.00871485930518437
1,B_svc,2,0.1742425484016374,67,0.18295019278546595,MAP_SCADA,71,0.008707644383828567
2,UPFC_Vsh,5-15,1.1083253567254918,67,1.1082410611427627,MAP_SCADA,71,8.429558272915472e-05
3,UPFC_tsh,5-15,-0.23958027079370714,67,-0.23218607058732396,MAP_SCADA,71,0.007394200206383178
4,UPFC_Vse,5-15,0.06314568162052941,67,0.061824962390014566,MAP_SCADA,71,0.0013207192305148482
5,UPFC_tse,5-15,-2.1901283364202158,67,-2.1562100234144017,MAP_SCADA,71,0.03391831300581405
0,x_tcsc,1-14,-0.10263337111071213,68,-0.11129447036771614,MAP_SCADA,71,0.008661099257004007
1,B_svc,2,0.17100614863303598,68,0.18295019278546595,MAP_SCADA,71,0.011944044152429972
2,UPFC_Vsh,5-15,1.1100202564761716,68,1.1082410611427627,MAP_SCADA,71,0.0017791953334089783
3,UPFC_tsh,5-15,-0.23892424588676187,68,-0.23218607058732396,MAP_SCADA,71,0.006738175299437904
4,UPFC_Vse,5-15,0.06251988918292863,68,0.061824962390014566,MAP_SCADA,71,0.0006949267929140593
5,UPFC_tse,5-15,-2.187948808276476,68,-2.1562100234144017,MAP_SCADA,71,0.031738784862074265
0,x_tcsc,1-14,-0.10299316820601115,69,-0.11129447036771614,MAP_SCADA,71,0.008301302161704993
1,B_svc,2,0.16947360486173987,69,0.18295019278546595,MAP_SCADA,71,0.01347658792372608
2,UPFC_Vsh,5-15,1.1089815892970292,69,1.1082410611427627,MAP_SCADA,71,0.0007405281542665065
3,UPFC_tsh,5-15,-0.2385254375662905,69,-0.23218607058732396,MAP_SCADA,71,0.006339366978966532
4,UPFC_Vse,5-15,0.06214377261304217,69,0.061824962390014566,MAP_SCADA,71,0.00031881022302760603
5,UPFC_tse,5-15,-2.1892225229127744,69,-2.1562100234144017,MAP_SCADA,71,0.033012499498372705
0,x_tcsc,1-14,-0.10185809716055308,70,-0.11129447036771614,MAP_SCADA,71,0.009436373207163062
1,B_svc,2,0.1712652326521477,70,0.18295019278546595,MAP_SCADA,71,0.011684960133318267
2,UPFC_Vsh,5-15,1.1087057236793505,70,1.1082410611427627,MAP_SCADA,71,0.0004646625365878343
3,UPFC_tsh,5-15,-0.2391822748874336,70,-0.23218607058732396,MAP_SCADA,71,0.0069962043001096375
4,UPFC_Vse,5-15,0.06257359134144821,70,0.061824962390014566,MAP_SCADA,71,0.0007486289514336483
5,UPFC_tse,5-15,-2.1913194357175967,70,-2.1562100234144017,MAP_SCADA,71,0.035109412303194976
0,x_tcsc,1-14,-0.10524162761546635,71,-0.11129447036771614,MAP_SCADA,71,0.006052842752249793
1,B_svc,2,0.16611244629803404,71,0.18295019278546595,MAP_SCADA,71,0.016837746487431915
2,UPFC_Vsh,5-15,1.1096813062861652,71,1.1082410611427627,MAP_SCADA,71,0.0014402451434025743
3,UPFC_tsh,5-15,-0.23770084547255427,71,-0.23218607058732396,MAP_SCADA,71,0.005514774885230306
4,UPFC_Vse,5-15,0.06383213767638687,71,0.061824962390014566,MAP_SCADA,71,0.0020071752863723077
5,UPFC_tse,5-15,-2.1861294420596007,71,-2.1562100234144017,MAP_SCADA,71,0.02991941864519898
0,x_tcsc,1-14,-0.10233283399276083,72,-0.11129447036771614,MAP_SCADA,71,0.008961636374955312
1,B_svc,2,0.17345561181975075,72,0.18295019278546595,MAP_SCADA,71,0.009494580965715205
2,UPFC_Vsh,5-15,1.1081896369708146,72,1.1082410611427627,MAP_SCADA,71,5.1424171948033504e-05
3,UPFC_tsh,5-15,-0.2390668542505105,72,-0.23218607058732396,MAP_SCADA,71,0.006880783663186535
4,UPFC_Vse,5-15,0.06308312190652304,72,0.061824962390014566,MAP_SCADA,71,0.0012581595165084766
5,UPFC_tse,5-15,-2.1950210742699534,72,-2.1562100234144017,MAP_SCADA,71,0.0388110508555517
0,x_tcsc,1-14,-0.10300572656616798,73,-0.11129447036771614,MAP_SCADA,71,0.008288743801548162
1,B_svc,2,0.1699124075334846,73,0.18295019278546595,MAP_SCADA,71,0.013037785251981349
2,UPFC_Vsh,5-15,1.111688763891842,73,1.1082410611427627,MAP_SCADA,71,0.003447702749079351
3,UPFC_tsh,5-15,-0.23754253964747926,73,-0.23218607058732396,MAP_SCADA,71,0.0053564690601553
4,UPFC_Vse,5-15,0.06295480558574423,73,0.061824962390014566,MAP_SCADA,71,0.001129843195729667
5,UPFC_tse,5-15,-2.1898784956330895,73,-2.1562100234144017,MAP_SCADA,71,0.03366847221868774
0,x_tcsc,1-14,-0.10514924575789812,74,-0.11129447036771614,MAP_SCADA,71,0.00614522460981802
1,B_svc,2,0.16485838462843566,74,0.18295019278546595,MAP_SCADA,71,0.018091808157030292
2,UPFC_Vsh,5-15,1.1083799244483572,74,1.1082410611427627,MAP_SCADA,71,0.00013886330559453874
3,UPFC_tsh,5-15,-0.23760004359913878,74,-0.23218607058732396,MAP_SCADA,71,0.0054139730118148155
4,UPFC_Vse,5-15,0.06298926157265705,74,0.061824962390014566,MAP_SCADA,71,0.001164299182642485
5,UPFC_tse,5-15,-2.1901337929582283,74,-2.1562100234144017,MAP_SCADA,71,0.03392376954382659
0,x_tcsc,1-14,-0.10232746305722461,75,-0.11129447036771614,MAP_SCADA,71,0.008967007310491534
1,B_svc,2,0.17313561704027464,75,0.18295019278546595,MAP_SCADA,71,0.009814575745191317
2,UPFC_Vsh,5-15,1.1109635601407246,75,1.1082410611427627,MAP_SCADA,71,0.002722498997961953
3,UPFC_tsh,5-15,-0.2383956924953973,75,-0.23218607058732396,MAP_SCADA,71,0.006209621908073337
4,UPFC_Vse,5-15,0.06252459057740888,75,0.061824962390014566,MAP_SCADA,71,0.0006996281873943092
5,UPFC_tse,5-15,-2.1931506194433967,75,-2.1562100234144017,MAP_SCADA,71,0.03694059602899502
0,x_tcsc,1-14,-0.10346791682523426,76,-0.11129447036771614,MAP_SCADA,71,0.007826553542481879
1,B_svc,2,0.16888588364988585,76,0.18295019278546595,MAP_SCADA,71,0.0140643091355801
2,UPFC_Vsh,5-15,1.1099742200180993,76,1.1082410611427627,MAP_SCADA,71,0.001733158875336649
3,UPFC_tsh,5-15,-0.23913273123024675,76,-0.23218607058732396,MAP_SCADA,71,0.006946660642922792
4,UPFC_Vse,5-15,0.06273977661451471,76,0.061824962390014566,MAP_SCADA,71,0.0009148142245001475
5,UPFC_tse,5-15,-2.1907842344148376,76,-2.1562100234144017,MAP_SCADA,71,0.034574211000435895
0,x_tcsc,1-14,-0.1031683208624105,77,-0.11129447036771614,MAP_SCADA,71,0.008126149505305644
1,B_svc,2,0.16891396732518127,77,0.18295019278546595,MAP_SCADA,71,0.014036225460284685
2,UPFC_Vsh,5-15,1.1077683373382927,77,1.1082410611427627,MAP_SCADA,71,0.00047272380446994333
3,UPFC_tsh,5-15,-0.23970109057894223,77,-0.23218607058732396,MAP_SCADA,71,0.007515019991618271
4,UPFC_Vse,5-15,0.06299287105766653,77,0.061824962390014566,MAP_SCADA,71,0.0011679086676519637
5,UPFC_tse,5-15,-2.189390037798933,77,-2.1562100234144017,MAP_SCADA,71,0.03318001438453111
0,x_tcsc,1-14,-0.1003523763282444,78,-0.11129447036771614,MAP_SCADA,71,0.010942094039471745
1,B_svc,2,0.1781374744137755,78,0.18295019278546595,MAP_SCADA,71,0.00481271837169045
2,UPFC_Vsh,5-15,1.1064367614323085,78,1.1082410611427627,MAP_SCADA,71,0.0018042997104541492
3,UPFC_tsh,5-15,-0.24069360638132725,78,-0.23218607058732396,MAP_SCADA,71,0.00850753579400329
4,UPFC_Vse,5-15,0.0636058583757046,78,0.061824962390014566,MAP_SCADA,71,0.0017808959856900272
5,UPFC_tse,5-15,-2.1934335928061675,78,-2.1562100234144017,MAP_SCADA,71,0.03722356939176574
0,x_tcsc,1-14,-0.10276773053574277,79,-0.11129447036771614,MAP_SCADA,71,0.00852673983197337
1,B_svc,2,0.1680802978468382,79,0.18295019278546595,MAP_SCADA,71,0.014869894938627753
2,UPFC_Vsh,5-15,1.1117810693734493,79,1.1082410611427627,MAP_SCADA,71,0.0035400082306866754
3,UPFC_tsh,5-15,-0.237322468516072,79,-0.23218607058732396,MAP_SCADA,71,0.005136397928748038
4,UPFC_Vse,5-15,0.06270065158906427,79,0.061824962390014566,MAP_SCADA,71,0.0008756891990496993
5,UPFC_tse,5-15,-2.1869983063602736,79,-2.1562100234144017,MAP_SCADA,71,0.03078828294587188
0,x_tcsc,1-14,-0.10316049789480242,80,-0.11129447036771614,MAP_SCADA,71,0.008133972472913725
1,B_svc,2,0.17065832407353948,80,0.18295019278546595,MAP_SCADA,71,0.012291868711926474
2,UPFC_Vsh,5-15,1.1092538073589127,80,1.1082410611427627,MAP_SCADA,71,0.0010127462161499956
3,UPFC_tsh,5-15,-0.239140938455551,80,-0.23218607058732396,MAP_SCADA,71,0.006954867868227049
4,UPFC_Vse,5-15,0.063109103691046,80,0.061824962390014566,MAP_SCADA,71,0.0012841413010314315
5,UPFC_tse,5-15,-2.1914075308370156,80,-2.1562100234144017,MAP_SCADA,71,0.03519750742261385
0,x_tcsc,1-14,-0.10041044236733196,81,-0.11129447036771614,MAP_SCADA,71,0.010884028000384183
1,B_svc,2,0.18123476065321326,81,0.18295019278546595,MAP_SCADA,71,0.0017154321322526978
2,UPFC_Vsh,5-15,1.1059665821283136,81,1.1082410611427627,MAP_SCADA,71,0.0022744790144491045
3,UPFC_tsh,5-15,-0.24094205153019474,81,-0.23218607058732396,MAP_SCADA,71,0.008755980942870778
4,UPFC_Vse,5-15,0.06307815871124836,81,0.061824962390014566,MAP_SCADA,71,0.0012531963212337946
5,UPFC_tse,5-15,-2.195590834076475,81,-2.1562100234144017,MAP_SCADA,71,0.03938081066207344
0,x_tcsc,1-14,-0.10457447478471675,82,-0.11129447036771614,MAP_SCADA,71,0.006719995582999391
1,B_svc,2,0.16783207973975625,82,0.18295019278546595,MAP_SCADA,71,0.015118113045709702
2,UPFC_Vsh,5-15,1.110012346364267,82,1.1082410611427627,MAP_SCADA,71,0.0017712852215043817
3,UPFC_tsh,5-15,-0.2376586382346466,82,-0.23218607058732396,MAP_SCADA,71,0.0054725676473226514
4,UPFC_Vse,5-15,0.06331608203981146,82,0.061824962390014566,MAP_SCADA,71,0.001491119649796889
5,UPFC_tse,5-15,-2.1867291866877543,82,-2.1562100234144017,MAP_SCADA,71,0.03051916327335258
0,x_tcsc,1-14,-0.1031657595623476,83,-0.11129447036771614,MAP_SCADA,71,0.008128710805368547
1,B_svc,2,0.17424357418869788,83,0.18295019278546595,MAP_SCADA,71,0.008706618596768079
2,UPFC_Vsh,5-15,1.1072885960269414,83,1.1082410611427627,MAP_SCADA,71,0.0009524651158212549
3,UPFC_tsh,5-15,-0.23966310880723438,83,-0.23218607058732396,MAP_SCADA,71,0.007477038219910415
4,UPFC_Vse,5-15,0.06304301881323121,83,0.061824962390014566,MAP_SCADA,71,0.0012180564232166444
5,UPFC_tse,5-15,-2.1962086599650283,83,-2.1562100234144017,MAP_SCADA,71,0.03999863655062663
0,x_tcsc,1-14,-0.10333678174264938,84,-0.11129447036771614,MAP_SCADA,71,0.007957688625066767
1,B_svc,2,0.16992623847206714,84,0.18295019278546595,MAP_SCADA,71,0.013023954313398811
2,UPFC_Vsh,5-15,1.108396689227261,84,1.1082410611427627,MAP_SCADA,71,0.000155628084498316
3,UPFC_tsh,5-15,-0.23891537987045408,84,-0.23218607058732396,MAP_SCADA,71,0.006729309283130119
4,UPFC_Vse,5-15,0.06353080171285039,84,0.061824962390014566,MAP_SCADA,71,0.0017058393228358212
5,UPFC_tse,5-15,-2.1934515204379577,84,-2.1562100234144017,MAP_SCADA,71,0.03724149702355595
0,x_tcsc,1-14,-0.10081655054250013,85,-0.11129447036771614,MAP_SCADA,71,0.010477919825216009
1,B_svc,2,0.17694535235740244,85,0.18295019278546595,MAP_SCADA,71,0.006004840428063513
2,UPFC_Vsh,5-15,1.1073705397164069,85,1.1082410611427627,MAP_SCADA,71,0.000870521426355797
3,UPFC_tsh,5-15,-0.2398156892148108,85,-0.23218607058732396,MAP_SCADA,71,0.007629618627486845
4,UPFC_Vse,5-15,0.06285607316405972,85,0.061824962390014566,MAP_SCADA,71,0.0010311107740451561
5,UPFC_tse,5-15,-2.1933991813687634,85,-2.1562100234144017,MAP_SCADA,71,0.03718915795436173
0,x_tcsc,1-14,-0.10456865424775502,86,-0.11129447036771614,MAP_SCADA,71,0.00672581611996112
1,B_svc,2,0.1666530528575441,86,0.18295019278546595,MAP_SCADA,71,0.016297139927921866
2,UPFC_Vsh,5-15,1.1106773055855599,86,1.1082410611427627,MAP_SCADA,71,0.0024362444427972196
3,UPFC_tsh,5-15,-0.23739767838514195,86,-0.23218607058732396,MAP_SCADA,71,0.005211607797817985
4,UPFC_Vse,5-15,0.06257029657897878,86,0.061824962390014566,MAP_SCADA,71,0.0007453341889642126
5,UPFC_tse,5-15,-2.189342971517965,86,-2.1562100234144017,MAP_SCADA,71,0.033132948103563375
0,x_tcsc,1-14,-0.1014522893066262,87,-0.11129447036771614,MAP_SCADA,71,0.009842181061089944
1,B_svc,2,0.1759377983837093,87,0.18295019278546595,MAP_SCADA,71,0.007012394401756661
2,UPFC_Vsh,5-15,1.1075747788641153,87,1.1082410611427627,MAP_SCADA,71,0.000666282278647401
3,UPFC_tsh,5-15,-0.23996026048803054,87,-0.23218607058732396,MAP_SCADA,71,0.0077741899007065796
4,UPFC_Vse,5-15,0.0631287474103788,87,0.061824962390014566,MAP_SCADA,71,0.0013037850203642329
5,UPFC_tse,5-15,-2.192029188740658,87,-2.1562100234144017,MAP_SCADA,71,0.035819165326256286
0,x_tcsc,1-14,-0.10308302753037737,88,-0.11129447036771614,MAP_SCADA,71,0.008211442837338767
1,B_svc,2,0.17448784950738527,88,0.18295019278546595,MAP_SCADA,71,0.00846234327808068
2,UPFC_Vsh,5-15,1.1061476784346318,88,1.1082410611427627,MAP_SCADA,71,0.0020933827081308642
3,UPFC_tsh,5-15,-0.24050589806222702,88,-0.23218607058732396,MAP_SCADA,71,0.008319827474903063
4,UPFC_Vse,5-15,0.06268005160067479,88,0.061824962390014566,MAP_SCADA,71,0.0008550892106602218
5,UPFC_tse,5-15,-2.190872120562374,88,-2.1562100234144017,MAP_SCADA,71,0.034662097147972304
0,x_tcsc,1-14,-0.10267111452075099,89,-0.11129447036771614,MAP_SCADA,71,0.00862335584696515
1,B_svc,2,0.16961778126943405,89,0.18295019278546595,MAP_SCADA,71,0.0133324115160319
2,UPFC_Vsh,5-15,1.1079274160944588,89,1.1082410611427627,MAP_SCADA,71,0.00031364504830388995
3,UPFC_tsh,5-15,-0.23875734153579592,89,-0.23218607058732396,MAP_SCADA,71,0.006571270948471958
4,UPFC_Vse,5-15,0.06317546712596372,89,0.061824962390014566,MAP_SCADA,71,0.0013505047359491582
5,UPFC_tse,5-15,-2.1882457540257323,89,-2.1562100234144017,MAP_SCADA,71,0.03203573061133058
0,x_tcsc,1-14,-0.10613469936333164,90,-0.11129447036771614,MAP_SCADA,71,0.0051597710043845
1,B_svc,2,0.16006816122231587,90,0.18295019278546595,MAP_SCADA,71,0.02288203156315008
2,UPFC_Vsh,5-15,1.1094315761130153,90,1.1082410611427627,MAP_SCADA,71,0.0011905149702526874
3,UPFC_tsh,5-15,-0.23704302088232218,90,-0.23218607058732396,MAP_SCADA,71,0.004856950294998219
4,UPFC_Vse,5-15,0.06352188556720155,90,0.061824962390014566,MAP_SCADA,71,0.0016969231771869833
5,UPFC_tse,5-15,-2.187971846351272,90,-2.1562100234144017,MAP_SCADA,71,0.03176182293687013
0,x_tcsc,1-14,-0.10274183533505725,91,-0.11129447036771614,MAP_SCADA,71,0.008552635032658892
1,B_svc,2,0.1712474167571244,91,0.18295019278546595,MAP_SCADA,71,0.01170277602834155
2,UPFC_Vsh,5-15,1.1081719272205834,91,1.1082410611427627,MAP_SCADA,71,6.913392217922087e-05
3,UPFC_tsh,5-15,-0.23991407693170547,91,-0.23218607058732396,MAP_SCADA,71,0.007728006344381505
4,UPFC_Vse,5-15,0.06319960057066118,91,0.061824962390014566,MAP_SCADA,71,0.0013746381806466132
5,UPFC_tse,5-15,-2.189139377730668,91,-2.1562100234144017,MAP_SCADA,71,0.03292935431626631
0,x_tcsc,1-14,-0.10529554962383599,92,-0.11129447036771614,MAP_SCADA,71,0.005998920743880157
1,B_svc,2,0.164802444766533,92,0.18295019278546595,MAP_SCADA,71,0.018147748018932958
2,UPFC_Vsh,5-15,1.1091574366065957,92,1.1082410611427627,MAP_SCADA,71,0.0009163754638330524
3,UPFC_tsh,5-15,-0.23715858961762765,92,-0.23218607058732396,MAP_SCADA,71,0.004972519030303685
4,UPFC_Vse,5-15,0.06325685516812932,92,0.061824962390014566,MAP_SCADA,71,0.0014318927781147503
5,UPFC_tse,5-15,-2.185841384590449,92,-2.1562100234144017,MAP_SCADA,71,0.029631361176047477
0,x_tcsc,1-14,-0.10198001686873225,93,-0.11129447036771614,MAP_SCADA,71,0.009314453498983896
1,B_svc,2,0.1745075075648837,93,0.18295019278546595,MAP_SCADA,71,0.008442685220582252
2,UPFC_Vsh,5-15,1.1077672411780743,93,1.1082410611427627,MAP_SCADA,71,0.00047381996468831566
3,UPFC_tsh,5-15,-0.24025055114601698,93,-0.23218607058732396,MAP_SCADA,71,0.008064480558693021
4,UPFC_Vse,5-15,0.06302712550417613,93,0.061824962390014566,MAP_SCADA,71,0.0012021631141615682
5,UPFC_tse,5-15,-2.193898147976288,93,-2.1562100234144017,MAP_SCADA,71,0.037688124561886305
0,x_tcsc,1-14,-0.10240752827041755,94,-0.11129447036771614,MAP_SCADA,71,0.008886942097298595
1,B_svc,2,0.17267742847899017,94,0.18295019278546595,MAP_SCADA,71,0.010272764306475779
2,UPFC_Vsh,5-15,1.1060683377314755,94,1.1082410611427627,MAP_SCADA,71,0.0021727234112871585
3,UPFC_tsh,5-15,-0.23966172718881376,94,-0.23218607058732396,MAP_SCADA,71,0.0074756566014898
4,UPFC_Vse,5-15,0.06356182781739468,94,0.061824962390014566,MAP_SCADA,71,0.0017368654273801146
5,UPFC_tse,5-15,-2.1899317687571993,94,-2.1562100234144017,MAP_SCADA,71,0.03372174534279759
0,x_tcsc,1-14,-0.1015701753308845,95,-0.11129447036771614,MAP_SCADA,71,0.009724295036831643
1,B_svc,2,0.1739762418767858,95,0.18295019278546595,MAP_SCADA,71,0.008973950908680167
2,UPFC_Vsh,5-15,1.109278096323847,95,1.1082410611427627,MAP_SCADA,71,0.0010370351810844447
3,UPFC_tsh,5-15,-0.23889218641001428,95,-0.23218607058732396,MAP_SCADA,71,0.006706115822690317
4,UPFC_Vse,5-15,0.06328697888437507,95,0.061824962390014566,MAP_SCADA,71,0.0014620164943605005
5,UPFC_tse,5-15,-2.194328809564617,95,-2.1562100234144017,MAP_SCADA,71,0.03811878615021547
0,x_tcsc,1-14,-0.10232252245350033,96,-0.11129447036771614,MAP_SCADA,71,0.008971947914215808
1,B_svc,2,0.17372121612069635,96,0.18295019278546595,MAP_SCADA,71,0.0092289766647696
2,UPFC_Vsh,5-15,1.108048298640947,96,1.1082410611427627,MAP_SCADA,71,0.00019276250181565757
3,UPFC_tsh,5-15,-0.2395526260351638,96,-0.23218607058732396,MAP_SCADA,71,0.007366555447839845
4,UPFC_Vse,5-15,0.06360226093011265,96,0.061824962390014566,MAP_SCADA,71,0.001777298540098081
5,UPFC_tse,5-15,-2.1900485756251924,96,-2.1562100234144017,MAP_SCADA,71,0.033838552210790684
0,x_tcsc,1-14,-0.10333071641159243,97,-0.11129447036771614,MAP_SCADA,71,0.007963753956123712
1,B_svc,2,0.17110006030773722,97,0.18295019278546595,MAP_SCADA,71,0.011850132477728731
2,UPFC_Vsh,5-15,1.1083044207896122,97,1.1082410611427627,MAP_SCADA,71,6.335964684955897e-05
3,UPFC_tsh,5-15,-0.23860190996385314,97,-0.23218607058732396,MAP_SCADA,71,0.0064158393765291755
4,UPFC_Vse,5-15,0.06399735750141623,97,0.061824962390014566,MAP_SCADA,71,0.0021723951114016662
5,UPFC_tse,5-15,-2.19124066642229,97,-2.1562100234144017,MAP_SCADA,71,0.03503064300788816
0,x_tcsc,1-14,-0.10426524521610846,98,-0.11129447036771614,MAP_SCADA,71,0.007029225151607685
1,B_svc,2,0.17011498705090078,98,0.18295019278546595,MAP_SCADA,71,0.012835205734565175
2,UPFC_Vsh,5-15,1.1100572819699157,98,1.1082410611427627,MAP_SCADA,71,0.0018162208271530478
3,UPFC_tsh,5-15,-0.23770219494552186,98,-0.23218607058732396,MAP_SCADA,71,0.005516124358197899
4,UPFC_Vse,5-15,0.06334543800654534,98,0.061824962390014566,MAP_SCADA,71,0.0015204756165307712
5,UPFC_tse,5-15,-2.193521321270926,98,-2.1562100234144017,MAP_SCADA,71,0.037311297856524206
0,x_tcsc,1-14,-0.10313457559422243,99,-0.11129447036771614,MAP_SCADA,71,0.008159894773493714
1,B_svc,2,0.17001685418981957,99,0.18295019278546595,MAP_SCADA,71,0.012933338595646382
2,UPFC_Vsh,5-15,1.109765874666147,99,1.1082410611427627,MAP_SCADA,71,0.001524813523384294
3,UPFC_tsh,5-15,-0.23838836964991572,99,-0.23218607058732396,MAP_SCADA,71,0.0062022990625917596
4,UPFC_Vse,5-15,0.06302138463839355,99,0.061824962390014566,MAP_SCADA,71,0.0011964222483789796
5,UPFC_tse,5-15,-2.187957790781871,99,-2.1562100234144017,MAP_SCADA,71,0.031747767367469315
0,x_tcsc,1-14,-0.10329353714551051,0,-0.11247909888789781,MAP_SCADA,73,0.0091855617423873
1,B_svc,2,0.16811519883705064,0,0.18460197219577024,MAP_SCADA,73,0.016486773358719592
2,UPFC_Vsh,5-15,1.1098479333514264,0,1.107778348469771,MAP_SCADA,73,0.0020695848816554285
3,UPFC_tsh,5-15,-0.23850846755793317,0,-0.23155308022393659,MAP_SCADA,73,0.006955387333996588
4,UPFC_Vse,5-15,0.06280396337550218,0,0.06077036664881224,MAP_SCADA,73,0.002033596726689936
5,UPFC_tse,5-15,-2.189547936028691,0,-2.1517179547855125,MAP_SCADA,73,0.0378299812431786
0,x_tcsc,1-14,-0.10333449122731382,1,-0.11247909888789781,MAP_SCADA,73,0.00914460766058399
1,B_svc,2,0.17229278551833666,1,0.18460197219577024,MAP_SCADA,73,0.012309186677433581
2,UPFC_Vsh,5-15,1.1074218438606374,1,1.107778348469771,MAP_SCADA,73,0.00035650460913361215
3,UPFC_tsh,5-15,-0.2393005791363044,1,-0.23155308022393659,MAP_SCADA,73,0.007747498912367812
4,UPFC_Vse,5-15,0.06354372417136461,1,0.06077036664881224,MAP_SCADA,73,0.0027733575225523735
5,UPFC_tse,5-15,-2.188008410858818,1,-2.1517179547855125,MAP_SCADA,73,0.0362904560733055
0,x_tcsc,1-14,-0.10362651376837446,2,-0.11247909888789781,MAP_SCADA,73,0.008852585119523346
1,B_svc,2,0.16919022531694322,2,0.18460197219577024,MAP_SCADA,73,0.015411746878827015
2,UPFC_Vsh,5-15,1.1102493941878657,2,1.107778348469771,MAP_SCADA,73,0.0024710457180947554
3,UPFC_tsh,5-15,-0.23849235067663532,2,-0.23155308022393659,MAP_SCADA,73,0.006939270452698737
4,UPFC_Vse,5-15,0.06320110323422641,2,0.06077036664881224,MAP_SCADA,73,0.0024307365854141713
5,UPFC_tse,5-15,-2.191367850099842,2,-2.1517179547855125,MAP_SCADA,73,0.03964989531432961
0,x_tcsc,1-14,-0.1022783976113678,3,-0.11247909888789781,MAP_SCADA,73,0.010200701276530014
1,B_svc,2,0.17447641250969634,3,0.18460197219577024,MAP_SCADA,73,0.010125559686073898
2,UPFC_Vsh,5-15,1.1077086780665086,3,1.107778348469771,MAP_SCADA,73,6.967040326233409e-05
3,UPFC_tsh,5-15,-0.239679881625969,3,-0.23155308022393659,MAP_SCADA,73,0.008126801402032424
4,UPFC_Vse,5-15,0.06420872154220497,3,0.06077036664881224,MAP_SCADA,73,0.0034383548933927324
5,UPFC_tse,5-15,-2.1910131457639017,3,-2.1517179547855125,MAP_SCADA,73,0.03929519097838918
0,x_tcsc,1-14,-0.10394054656344608,4,-0.11247909888789781,MAP_SCADA,73,0.008538552324451734
1,B_svc,2,0.17253418900935183,4,0.18460197219577024,MAP_SCADA,73,0.012067783186418407
2,UPFC_Vsh,5-15,1.1080842679213603,4,1.107778348469771,MAP_SCADA,73,0.00030591945158930933
3,UPFC_tsh,5-15,-0.23896792048445972,4,-0.23155308022393659,MAP_SCADA,73,0.007414840260523137
4,UPFC_Vse,5-15,0.06280615072875485,4,0.06077036664881224,MAP_SCADA,73,0.002035784079942614
5,UPFC_tse,5-15,-2.190748734444064,4,-2.1517179547855125,MAP_SCADA,73,0.039030779658551396
0,x_tcsc,1-14,-0.10358721953952944,5,-0.11247909888789781,MAP_SCADA,73,0.008891879348368367
1,B_svc,2,0.16814849854113137,5,0.18460197219577024,MAP_SCADA,73,0.016453473654638867
2,UPFC_Vsh,5-15,1.1103570430873901,5,1.107778348469771,MAP_SCADA,73,0.0025786946176191705
3,UPFC_tsh,5-15,-0.23847268222950582,5,-0.23155308022393659,MAP_SCADA,73,0.0069196020055692364
4,UPFC_Vse,5-15,0.06314489609101118,5,0.06077036664881224,MAP_SCADA,73,0.0023745294421989374
5,UPFC_tse,5-15,-2.190275244913631,5,-2.1517179547855125,MAP_SCADA,73,0.03855729012811837
0,x_tcsc,1-14,-0.10350531559935731,6,-0.11247909888789781,MAP_SCADA,73,0.008973783288540496
1,B_svc,2,0.16889408616433438,6,0.18460197219577024,MAP_SCADA,73,0.015707886031435858
2,UPFC_Vsh,5-15,1.1092796634959625,6,1.107778348469771,MAP_SCADA,73,0.001501315026191552
3,UPFC_tsh,5-15,-0.2386688698331191,6,-0.23155308022393659,MAP_SCADA,73,0.007115789609182521
4,UPFC_Vse,5-15,0.06287393598506438,6,0.06077036664881224,MAP_SCADA,73,0.0021035693362521438
5,UPFC_tse,5-15,-2.1904821780911643,6,-2.1517179547855125,MAP_SCADA,73,0.03876422330565177
0,x_tcsc,1-14,-0.10086561566381738,7,-0.11247909888789781,MAP_SCADA,73,0.011613483224080429
1,B_svc,2,0.17407933738082562,7,0.18460197219577024,MAP_SCADA,73,0.010522634814944615
2,UPFC_Vsh,5-15,1.1095504799373779,7,1.107778348469771,MAP_SCADA,73,0.0017721314676069078
3,UPFC_tsh,5-15,-0.23927897238709775,7,-0.23155308022393659,MAP_SCADA,73,0.007725892163161163
4,UPFC_Vse,5-15,0.06312921191592344,7,0.06077036664881224,MAP_SCADA,73,0.0023588452671111995
5,UPFC_tse,5-15,-2.1874008932882796,7,-2.1517179547855125,MAP_SCADA,73,0.03568293850276705
0,x_tcsc,1-14,-0.10415892026095726,8,-0.11247909888789781,MAP_SCADA,73,0.008320178626940553
1,B_svc,2,0.17134587093852688,8,0.18460197219577024,MAP_SCADA,73,0.013256101257243358
2,UPFC_Vsh,5-15,1.107249958845356,8,1.107778348469771,MAP_SCADA,73,0.0005283896244150377
3,UPFC_tsh,5-15,-0.23866553903984225,8,-0.23155308022393659,MAP_SCADA,73,0.0071124588159056645
4,UPFC_Vse,5-15,0.06362033412494816,8,0.06077036664881224,MAP_SCADA,73,0.002849967476135924
5,UPFC_tse,5-15,-2.186522927523441,8,-2.1517179547855125,MAP_SCADA,73,0.034804972737928264
0,x_tcsc,1-14,-0.10245107087655327,9,-0.11247909888789781,MAP_SCADA,73,0.010028028011344545
1,B_svc,2,0.1699705773336321,9,0.18460197219577024,MAP_SCADA,73,0.01463139486213813
2,UPFC_Vsh,5-15,1.1111100280601645,9,1.107778348469771,MAP_SCADA,73,0.003331679590393488
3,UPFC_tsh,5-15,-0.23772898479278912,9,-0.23155308022393659,MAP_SCADA,73,0.0061759045688525305
4,UPFC_Vse,5-15,0.06293157188011914,9,0.06077036664881224,MAP_SCADA,73,0.0021612052313068966
5,UPFC_tse,5-15,-2.1889726606857733,9,-2.1517179547855125,MAP_SCADA,73,0.03725470590026081
0,x_tcsc,1-14,-0.10201414245840422,10,-0.11247909888789781,MAP_SCADA,73,0.010464956429493591
1,B_svc,2,0.1773995230540244,10,0.18460197219577024,MAP_SCADA,73,0.007202449141745837
2,UPFC_Vsh,5-15,1.1078753800386845,10,1.107778348469771,MAP_SCADA,73,9.703156891349707e-05
3,UPFC_tsh,5-15,-0.23991346910294914,10,-0.23155308022393659,MAP_SCADA,73,0.008360388879012554
4,UPFC_Vse,5-15,0.06350055111044295,10,0.06077036664881224,MAP_SCADA,73,0.0027301844616307094
5,UPFC_tse,5-15,-2.188397089259698,10,-2.1517179547855125,MAP_SCADA,73,0.03667913447418547
0,x_tcsc,1-14,-0.10309787691363395,11,-0.11247909888789781,MAP_SCADA,73,0.00938122197426386
1,B_svc,2,0.17229032263195573,11,0.18460197219577024,MAP_SCADA,73,0.012311649563814503
2,UPFC_Vsh,5-15,1.106829264025858,11,1.107778348469771,MAP_SCADA,73,0.0009490844439130619
3,UPFC_tsh,5-15,-0.23956457706822262,11,-0.23155308022393659,MAP_SCADA,73,0.008011496844286037
4,UPFC_Vse,5-15,0.06366462202276205,11,0.06077036664881224,MAP_SCADA,73,0.002894255373949807
5,UPFC_tse,5-15,-2.1891986298807464,11,-2.1517179547855125,MAP_SCADA,73,0.037480675095233895
0,x_tcsc,1-14,-0.10463812009775422,12,-0.11247909888789781,MAP_SCADA,73,0.007840978790143588
1,B_svc,2,0.16853615682973003,12,0.18460197219577024,MAP_SCADA,73,0.01606581536604021
2,UPFC_Vsh,5-15,1.1081083885543885,12,1.107778348469771,MAP_SCADA,73,0.0003300400846175666
3,UPFC_tsh,5-15,-0.23874039951966272,12,-0.23155308022393659,MAP_SCADA,73,0.007187319295726136
4,UPFC_Vse,5-15,0.06357887848112859,12,0.06077036664881224,MAP_SCADA,73,0.0028085118323163474
5,UPFC_tse,5-15,-2.1899085293440548,12,-2.1517179547855125,MAP_SCADA,73,0.038190574558542245
0,x_tcsc,1-14,-0.10326192676854636,13,-0.11247909888789781,MAP_SCADA,73,0.009217172119351455
1,B_svc,2,0.17236389006577532,13,0.18460197219577024,MAP_SCADA,73,0.012238082129994915
2,UPFC_Vsh,5-15,1.10698736772081,13,1.107778348469771,MAP_SCADA,73,0.000790980748961001
3,UPFC_tsh,5-15,-0.23976528062347388,13,-0.23155308022393659,MAP_SCADA,73,0.008212200399537295
4,UPFC_Vse,5-15,0.06249443149756003,13,0.06077036664881224,MAP_SCADA,73,0.0017240648487477916
5,UPFC_tse,5-15,-2.196371164920003,13,-2.1517179547855125,MAP_SCADA,73,0.04465321013449053
0,x_tcsc,1-14,-0.1030504484184106,14,-0.11247909888789781,MAP_SCADA,73,0.00942865046948721
1,B_svc,2,0.16997033053296642,14,0.18460197219577024,MAP_SCADA,73,0.014631641662803813
2,UPFC_Vsh,5-15,1.1110829106317943,14,1.107778348469771,MAP_SCADA,73,0.00330456216202335
3,UPFC_tsh,5-15,-0.2378859124752215,14,-0.23155308022393659,MAP_SCADA,73,0.00633283225128492
4,UPFC_Vse,5-15,0.0626573943935469,14,0.06077036664881224,MAP_SCADA,73,0.0018870277447346553
5,UPFC_tse,5-15,-2.193799530913218,14,-2.1517179547855125,MAP_SCADA,73,0.04208157612770558
0,x_tcsc,1-14,-0.10309694119605492,15,-0.11247909888789781,MAP_SCADA,73,0.00938215769184289
1,B_svc,2,0.16693486271337285,15,0.18460197219577024,MAP_SCADA,73,0.017667109482397386
2,UPFC_Vsh,5-15,1.112102866085488,15,1.107778348469771,MAP_SCADA,73,0.00432451761571695
3,UPFC_tsh,5-15,-0.2382997699364943,15,-0.23155308022393659,MAP_SCADA,73,0.0067466897125577074
4,UPFC_Vse,5-15,0.06256983739626225,15,0.06077036664881224,MAP_SCADA,73,0.001799470747450009
5,UPFC_tse,5-15,-2.1883812738215953,15,-2.1517179547855125,MAP_SCADA,73,0.036663319036082775
0,x_tcsc,1-14,-0.10217489660297842,16,-0.11247909888789781,MAP_SCADA,73,0.010304202284919392
1,B_svc,2,0.17394135187656679,16,0.18460197219577024,MAP_SCADA,73,0.010660620319203451
2,UPFC_Vsh,5-15,1.107960262070741,16,1.107778348469771,MAP_SCADA,73,0.000181913600969974
3,UPFC_tsh,5-15,-0.239206249885445,16,-0.23155308022393659,MAP_SCADA,73,0.007653169661508419
4,UPFC_Vse,5-15,0.06271712989685814,16,0.06077036664881224,MAP_SCADA,73,0.0019467632480459005
5,UPFC_tse,5-15,-2.1939130467822623,16,-2.1517179547855125,MAP_SCADA,73,0.042195091996749756
0,x_tcsc,1-14,-0.10454469730310308,17,-0.11247909888789781,MAP_SCADA,73,0.007934401584794734
1,B_svc,2,0.16712461844377577,17,0.18460197219577024,MAP_SCADA,73,0.017477353751994468
2,UPFC_Vsh,5-15,1.109370895589937,17,1.107778348469771,MAP_SCADA,73,0.001592547120166099
3,UPFC_tsh,5-15,-0.23753669429202756,17,-0.23155308022393659,MAP_SCADA,73,0.0059836140680909755
4,UPFC_Vse,5-15,0.06325825102421366,17,0.06077036664881224,MAP_SCADA,73,0.002487884375401421
5,UPFC_tse,5-15,-2.186313396630077,17,-2.1517179547855125,MAP_SCADA,73,0.03459544184456442
0,x_tcsc,1-14,-0.10112964944926826,18,-0.11247909888789781,MAP_SCADA,73,0.011349449438629547
1,B_svc,2,0.17737976177681442,18,0.18460197219577024,MAP_SCADA,73,0.007222210418955821
2,UPFC_Vsh,5-15,1.109702083507929,18,1.107778348469771,MAP_SCADA,73,0.0019237350381580143
3,UPFC_tsh,5-15,-0.23936642374053496,18,-0.23155308022393659,MAP_SCADA,73,0.007813343516598376
4,UPFC_Vse,5-15,0.06363139956315816,18,0.06077036664881224,MAP_SCADA,73,0.002861032914345925
5,UPFC_tse,5-15,-2.1903458498537542,18,-2.1517179547855125,MAP_SCADA,73,0.03862789506824171
0,x_tcsc,1-14,-0.10321435202359344,19,-0.11247909888789781,MAP_SCADA,73,0.009264746864304368
1,B_svc,2,0.16810748723890664,19,0.18460197219577024,MAP_SCADA,73,0.016494484956863592
2,UPFC_Vsh,5-15,1.1100965594026282,19,1.107778348469771,MAP_SCADA,73,0.002318210932857223
3,UPFC_tsh,5-15,-0.23852179981642677,19,-0.23155308022393659,MAP_SCADA,73,0.00696871959249018
4,UPFC_Vse,5-15,0.0625930905180296,19,0.06077036664881224,MAP_SCADA,73,0.0018227238692173561
5,UPFC_tse,5-15,-2.188351087150795,19,-2.1517179547855125,MAP_SCADA,73,0.03663313236528243
0,x_tcsc,1-14,-0.10354343396284567,20,-0.11247909888789781,MAP_SCADA,73,0.008935664925052142
1,B_svc,2,0.16703463626958456,20,0.18460197219577024,MAP_SCADA,73,0.017567335926185673
2,UPFC_Vsh,5-15,1.1098341526661635,20,1.107778348469771,MAP_SCADA,73,0.0020558041963925078
3,UPFC_tsh,5-15,-0.23788774543338145,20,-0.23155308022393659,MAP_SCADA,73,0.0063346652094448674
4,UPFC_Vse,5-15,0.06243570092208961,20,0.06077036664881224,MAP_SCADA,73,0.0016653342732773704
5,UPFC_tse,5-15,-2.191014469814827,20,-2.1517179547855125,MAP_SCADA,73,0.03929651502931453
0,x_tcsc,1-14,-0.10344129310754582,21,-0.11247909888789781,MAP_SCADA,73,0.009037805780351987
1,B_svc,2,0.1708677144969117,21,0.18460197219577024,MAP_SCADA,73,0.013734257698858526
2,UPFC_Vsh,5-15,1.1077101992879548,21,1.107778348469771,MAP_SCADA,73,6.814918181619056e-05
3,UPFC_tsh,5-15,-0.23998780930740443,21,-0.23155308022393659,MAP_SCADA,73,0.008434729083467846
4,UPFC_Vse,5-15,0.06297038816134898,21,0.06077036664881224,MAP_SCADA,73,0.0022000215125367387
5,UPFC_tse,5-15,-2.1940017442066315,21,-2.1517179547855125,MAP_SCADA,73,0.04228378942111899
0,x_tcsc,1-14,-0.10200268563517126,22,-0.11247909888789781,MAP_SCADA,73,0.010476413252726552
1,B_svc,2,0.17089704393936794,22,0.18460197219577024,MAP_SCADA,73,0.013704928256402293
2,UPFC_Vsh,5-15,1.11057128340465,22,1.107778348469771,MAP_SCADA,73,0.0027929349348789767
3,UPFC_tsh,5-15,-0.2383999901081647,22,-0.23155308022393659,MAP_SCADA,73,0.0068469098842281195
4,UPFC_Vse,5-15,0.06284333278504248,22,0.06077036664881224,MAP_SCADA,73,0.002072966136230238
5,UPFC_tse,5-15,-2.189614887509789,22,-2.1517179547855125,MAP_SCADA,73,0.03789693272427641
0,x_tcsc,1-14,-0.10414257550582919,23,-0.11247909888789781,MAP_SCADA,73,0.008336523382068625
1,B_svc,2,0.17302275696693312,23,0.18460197219577024,MAP_SCADA,73,0.01157921522883712
2,UPFC_Vsh,5-15,1.1062099902680418,23,1.107778348469771,MAP_SCADA,73,0.0015683582017291808
3,UPFC_tsh,5-15,-0.23899992877224516,23,-0.23155308022393659,MAP_SCADA,73,0.007446848548308571
4,UPFC_Vse,5-15,0.06331203494101198,23,0.06077036664881224,MAP_SCADA,73,0.0025416682921997405
5,UPFC_tse,5-15,-2.193611288444514,23,-2.1517179547855125,MAP_SCADA,73,0.041893333659001275
0,x_tcsc,1-14,-0.10255669398750906,24,-0.11247909888789781,MAP_SCADA,73,0.009922404900388745
1,B_svc,2,0.17527665408020493,24,0.18460197219577024,MAP_SCADA,73,0.009325318115565306
2,UPFC_Vsh,5-15,1.110444416352426,24,1.107778348469771,MAP_SCADA,73,0.00266606788265511
3,UPFC_tsh,5-15,-0.23838245129865002,24,-0.23155308022393659,MAP_SCADA,73,0.006829371074713431
4,UPFC_Vse,5-15,0.06343171498679508,24,0.06077036664881224,MAP_SCADA,73,0.002661348337982837
5,UPFC_tse,5-15,-2.1934702341448933,24,-2.1517179547855125,MAP_SCADA,73,0.04175227935938075
0,x_tcsc,1-14,-0.10349904714129522,25,-0.11247909888789781,MAP_SCADA,73,0.008980051746602588
1,B_svc,2,0.16860677052613007,25,0.18460197219577024,MAP_SCADA,73,0.015995201669640163
2,UPFC_Vsh,5-15,1.1085206473749372,25,1.107778348469771,MAP_SCADA,73,0.0007422989051661943
3,UPFC_tsh,5-15,-0.2385443264307013,25,-0.23155308022393659,MAP_SCADA,73,0.006991246206764723
4,UPFC_Vse,5-15,0.06318141056723417,25,0.06077036664881224,MAP_SCADA,73,0.0024110439184219304
5,UPFC_tse,5-15,-2.193211743897714,25,-2.1517179547855125,MAP_SCADA,73,0.04149378911220136
0,x_tcsc,1-14,-0.10344888642509803,26,-0.11247909888789781,MAP_SCADA,73,0.00903021246279978
1,B_svc,2,0.1684348338944659,26,0.18460197219577024,MAP_SCADA,73,0.01616713830130434
2,UPFC_Vsh,5-15,1.1093544542233646,26,1.107778348469771,MAP_SCADA,73,0.0015761057535936818
3,UPFC_tsh,5-15,-0.23870731257150962,26,-0.23155308022393659,MAP_SCADA,73,0.007154232347573036
4,UPFC_Vse,5-15,0.06272919858083496,26,0.06077036664881224,MAP_SCADA,73,0.001958831932022724
5,UPFC_tse,5-15,-2.1892722360416754,26,-2.1517179547855125,MAP_SCADA,73,0.03755428125616289
0,x_tcsc,1-14,-0.10324303032860659,27,-0.11247909888789781,MAP_SCADA,73,0.009236068559291225
1,B_svc,2,0.16582498944584045,27,0.18460197219577024,MAP_SCADA,73,0.018776982749929783
2,UPFC_Vsh,5-15,1.1092917412852477,27,1.107778348469771,MAP_SCADA,73,0.0015133928154766885
3,UPFC_tsh,5-15,-0.23786009562888574,27,-0.23155308022393659,MAP_SCADA,73,0.006307015404949157
4,UPFC_Vse,5-15,0.06271511041328849,27,0.06077036664881224,MAP_SCADA,73,0.001944743764476252
5,UPFC_tse,5-15,-2.1924914175363153,27,-2.1517179547855125,MAP_SCADA,73,0.040773462750802736
0,x_tcsc,1-14,-0.10135196066548283,28,-0.11247909888789781,MAP_SCADA,73,0.011127138222414984
1,B_svc,2,0.17761057228239494,28,0.18460197219577024,MAP_SCADA,73,0.006991399913375301
2,UPFC_Vsh,5-15,1.1083718755136782,28,1.107778348469771,MAP_SCADA,73,0.0005935270439072493
3,UPFC_tsh,5-15,-0.2395613443581504,28,-0.23155308022393659,MAP_SCADA,73,0.008008264134213822
4,UPFC_Vse,5-15,0.06346267764598927,28,0.06077036664881224,MAP_SCADA,73,0.0026923109971770318
5,UPFC_tse,5-15,-2.1903041390921896,28,-2.1517179547855125,MAP_SCADA,73,0.03858618430667704
0,x_tcsc,1-14,-0.10515150213842957,29,-0.11247909888789781,MAP_SCADA,73,0.007327596749468243
1,B_svc,2,0.16766234531155627,29,0.18460197219577024,MAP_SCADA,73,0.016939626884213965
2,UPFC_Vsh,5-15,1.1095725542927521,29,1.107778348469771,MAP_SCADA,73,0.0017942058229811764
3,UPFC_tsh,5-15,-0.23785749907874235,29,-0.23155308022393659,MAP_SCADA,73,0.00630441885480576
4,UPFC_Vse,5-15,0.06285327963871028,29,0.06077036664881224,MAP_SCADA,73,0.002082912989898038
5,UPFC_tse,5-15,-2.1945382243971,29,-2.1517179547855125,MAP_SCADA,73,0.04282026961158758
0,x_tcsc,1-14,-0.10214521014739744,30,-0.11247909888789781,MAP_SCADA,73,0.010333888740500369
1,B_svc,2,0.1733947782625552,30,0.18460197219577024,MAP_SCADA,73,0.011207193933215037
2,UPFC_Vsh,5-15,1.108749731528518,30,1.107778348469771,MAP_SCADA,73,0.0009713830587469996
3,UPFC_tsh,5-15,-0.24003817420459694,30,-0.23155308022393659,MAP_SCADA,73,0.008485093980660358
4,UPFC_Vse,5-15,0.06354332981972415,30,0.06077036664881224,MAP_SCADA,73,0.002772963170911906
5,UPFC_tse,5-15,-2.1899562565815236,30,-2.1517179547855125,MAP_SCADA,73,0.038238301796011065
0,x_tcsc,1-14,-0.10186895497271833,31,-0.11247909888789781,MAP_SCADA,73,0.010610143915179476
1,B_svc,2,0.1731001895027111,31,0.18460197219577024,MAP_SCADA,73,0.011501782693059126
2,UPFC_Vsh,5-15,1.1089604871881096,31,1.107778348469771,MAP_SCADA,73,0.00118213871833861
3,UPFC_tsh,5-15,-0.2393106658119316,31,-0.23155308022393659,MAP_SCADA,73,0.007757585587995025
4,UPFC_Vse,5-15,0.06361662209310572,31,0.06077036664881224,MAP_SCADA,73,0.002846255444293476
5,UPFC_tse,5-15,-2.1910202663171208,31,-2.1517179547855125,MAP_SCADA,73,0.039302311531608236
0,x_tcsc,1-14,-0.10199155700575223,32,-0.11247909888789781,MAP_SCADA,73,0.010487541882145582
1,B_svc,2,0.17562280153400014,32,0.18460197219577024,MAP_SCADA,73,0.008979170661770092
2,UPFC_Vsh,5-15,1.1083810877935076,32,1.107778348469771,MAP_SCADA,73,0.0006027393237366674
3,UPFC_tsh,5-15,-0.23893318807281042,32,-0.23155308022393659,MAP_SCADA,73,0.007380107848873829
4,UPFC_Vse,5-15,0.06267661663381953,32,0.06077036664881224,MAP_SCADA,73,0.0019062499850072898
5,UPFC_tse,5-15,-2.1933767411492218,32,-2.1517179547855125,MAP_SCADA,73,0.04165878636370923
0,x_tcsc,1-14,-0.10341776982429712,33,-0.11247909888789781,MAP_SCADA,73,0.009061329063600687
1,B_svc,2,0.1685857185347648,33,0.18460197219577024,MAP_SCADA,73,0.016016253661005425
2,UPFC_Vsh,5-15,1.1090690511856047,33,1.107778348469771,MAP_SCADA,73,0.001290702715833758
3,UPFC_tsh,5-15,-0.23823230252929914,33,-0.23155308022393659,MAP_SCADA,73,0.006679222305362553
4,UPFC_Vse,5-15,0.06321292719959012,33,0.06077036664881224,MAP_SCADA,73,0.002442560550777885
5,UPFC_tse,5-15,-2.190809317373603,33,-2.1517179547855125,MAP_SCADA,73,0.03909136258809065
0,x_tcsc,1-14,-0.10303751160140999,34,-0.11247909888789781,MAP_SCADA,73,0.00944158728648782
1,B_svc,2,0.1683284671853949,34,0.18460197219577024,MAP_SCADA,73,0.016273505010375333
2,UPFC_Vsh,5-15,1.109998361341998,34,1.107778348469771,MAP_SCADA,73,0.0022200128722269508
3,UPFC_tsh,5-15,-0.2380691737984707,34,-0.23155308022393659,MAP_SCADA,73,0.006516093574534115
4,UPFC_Vse,5-15,0.0635342444626378,34,0.06077036664881224,MAP_SCADA,73,0.0027638778138255674
5,UPFC_tse,5-15,-2.1878828879669565,34,-2.1517179547855125,MAP_SCADA,73,0.03616493318144398
0,x_tcsc,1-14,-0.10297982083834885,35,-0.11247909888789781,MAP_SCADA,73,0.009499278049548962
1,B_svc,2,0.17046754832647434,35,0.18460197219577024,MAP_SCADA,73,0.014134423869295892
2,UPFC_Vsh,5-15,1.1112794492291262,35,1.107778348469771,MAP_SCADA,73,0.00350110075935528
3,UPFC_tsh,5-15,-0.2385383032127797,35,-0.23155308022393659,MAP_SCADA,73,0.006985222988843104
4,UPFC_Vse,5-15,0.06367108062868834,35,0.06077036664881224,MAP_SCADA,73,0.002900713979876103
5,UPFC_tse,5-15,-2.188473680620623,35,-2.1517179547855125,MAP_SCADA,73,0.03675572583511055
0,x_tcsc,1-14,-0.1037433704569016,36,-0.11247909888789781,MAP_SCADA,73,0.008735728430996209
1,B_svc,2,0.17020265351511055,36,0.18460197219577024,MAP_SCADA,73,0.01439931868065969
2,UPFC_Vsh,5-15,1.1084573576990415,36,1.107778348469771,MAP_SCADA,73,0.0006790092292705552
3,UPFC_tsh,5-15,-0.2387082284511852,36,-0.23155308022393659,MAP_SCADA,73,0.007155148227248609
4,UPFC_Vse,5-15,0.06266177121649627,36,0.06077036664881224,MAP_SCADA,73,0.001891404567684031
5,UPFC_tse,5-15,-2.192234184921244,36,-2.1517179547855125,MAP_SCADA,73,0.04051623013573158
0,x_tcsc,1-14,-0.10331206912751367,37,-0.11247909888789781,MAP_SCADA,73,0.009167029760384138
1,B_svc,2,0.16983444814242962,37,0.18460197219577024,MAP_SCADA,73,0.014767524053340614
2,UPFC_Vsh,5-15,1.1093899644083485,37,1.107778348469771,MAP_SCADA,73,0.0016116159385775042
3,UPFC_tsh,5-15,-0.23805948198578433,37,-0.23155308022393659,MAP_SCADA,73,0.0065064017618477465
4,UPFC_Vse,5-15,0.06260338273141129,37,0.06077036664881224,MAP_SCADA,73,0.0018330160825990524
5,UPFC_tse,5-15,-2.194394240818059,37,-2.1517179547855125,MAP_SCADA,73,0.04267628603254625
0,x_tcsc,1-14,-0.10491436820607243,38,-0.11247909888789781,MAP_SCADA,73,0.0075647306818253796
1,B_svc,2,0.1672180740223852,38,0.18460197219577024,MAP_SCADA,73,0.017383898173385037
2,UPFC_Vsh,5-15,1.1095823920842456,38,1.107778348469771,MAP_SCADA,73,0.0018040436144746153
3,UPFC_tsh,5-15,-0.23796712750088744,38,-0.23155308022393659,MAP_SCADA,73,0.006414047276950857
4,UPFC_Vse,5-15,0.06283312149927725,38,0.06077036664881224,MAP_SCADA,73,0.002062754850465011
5,UPFC_tse,5-15,-2.18825981095042,38,-2.1517179547855125,MAP_SCADA,73,0.03654185616490757
0,x_tcsc,1-14,-0.10472404013278803,39,-0.11247909888789781,MAP_SCADA,73,0.0077550587551097755
1,B_svc,2,0.17177177941619282,39,0.18460197219577024,MAP_SCADA,73,0.01283019277957742
2,UPFC_Vsh,5-15,1.106130884386145,39,1.107778348469771,MAP_SCADA,73,0.0016474640836259269
3,UPFC_tsh,5-15,-0.239162445516109,39,-0.23155308022393659,MAP_SCADA,73,0.007609365292172404
4,UPFC_Vse,5-15,0.06329622775397507,39,0.06077036664881224,MAP_SCADA,73,0.002525861105162834
5,UPFC_tse,5-15,-2.187460536285187,39,-2.1517179547855125,MAP_SCADA,73,0.035742581499674575
0,x_tcsc,1-14,-0.10328701279564349,40,-0.11247909888789781,MAP_SCADA,73,0.009192086092254317
1,B_svc,2,0.1697864442432162,40,0.18460197219577024,MAP_SCADA,73,0.01481552795255403
2,UPFC_Vsh,5-15,1.1091570589281596,40,1.107778348469771,MAP_SCADA,73,0.0013787104583886656
3,UPFC_tsh,5-15,-0.23841077906827327,40,-0.23155308022393659,MAP_SCADA,73,0.006857698844336679
4,UPFC_Vse,5-15,0.06335807687554586,40,0.06077036664881224,MAP_SCADA,73,0.002587710226733618
5,UPFC_tse,5-15,-2.188321530167082,40,-2.1517179547855125,MAP_SCADA,73,0.03660357538156944
0,x_tcsc,1-14,-0.10415308358070655,41,-0.11247909888789781,MAP_SCADA,73,0.008326015307191265
1,B_svc,2,0.1659516229371476,41,0.18460197219577024,MAP_SCADA,73,0.018650349258622634
2,UPFC_Vsh,5-15,1.1088618181516254,41,1.107778348469771,MAP_SCADA,73,0.0010834696818544653
3,UPFC_tsh,5-15,-0.23803785406369915,41,-0.23155308022393659,MAP_SCADA,73,0.006484773839762564
4,UPFC_Vse,5-15,0.06317922460371121,41,0.06077036664881224,MAP_SCADA,73,0.0024088579548989728
5,UPFC_tse,5-15,-2.192117927145841,41,-2.1517179547855125,MAP_SCADA,73,0.04039997236032855
0,x_tcsc,1-14,-0.10282328972764497,42,-0.11247909888789781,MAP_SCADA,73,0.00965580916025284
1,B_svc,2,0.1721197597634059,42,0.18460197219577024,MAP_SCADA,73,0.012482212432364331
2,UPFC_Vsh,5-15,1.1081902020497665,42,1.107778348469771,MAP_SCADA,73,0.00041185357999551364
3,UPFC_tsh,5-15,-0.23900538395228121,42,-0.23155308022393659,MAP_SCADA,73,0.007452303728344628
4,UPFC_Vse,5-15,0.06283176345199303,42,0.06077036664881224,MAP_SCADA,73,0.002061396803180786
5,UPFC_tse,5-15,-2.1893873032588393,42,-2.1517179547855125,MAP_SCADA,73,0.037669348473326814
0,x_tcsc,1-14,-0.10303424453802462,43,-0.11247909888789781,MAP_SCADA,73,0.009444854349873189
1,B_svc,2,0.17311051925916063,43,0.18460197219577024,MAP_SCADA,73,0.011491452936609609
2,UPFC_Vsh,5-15,1.107982607035665,43,1.107778348469771,MAP_SCADA,73,0.00020425856589412206
3,UPFC_tsh,5-15,-0.23927261561656687,43,-0.23155308022393659,MAP_SCADA,73,0.007719535392630289
4,UPFC_Vse,5-15,0.06356982541230466,43,0.06077036664881224,MAP_SCADA,73,0.00279945876349242
5,UPFC_tse,5-15,-2.1951217682769553,43,-2.1517179547855125,MAP_SCADA,73,0.04340381349144273
0,x_tcsc,1-14,-0.1027973561626272,44,-0.11247909888789781,MAP_SCADA,73,0.009681742725270615
1,B_svc,2,0.1681348089727287,44,0.18460197219577024,MAP_SCADA,73,0.016467163223041537
2,UPFC_Vsh,5-15,1.109787300168,44,1.107778348469771,MAP_SCADA,73,0.0020089516982291222
3,UPFC_tsh,5-15,-0.23831165948836602,44,-0.23155308022393659,MAP_SCADA,73,0.006758579264429437
4,UPFC_Vse,5-15,0.06368281985756345,44,0.06077036664881224,MAP_SCADA,73,0.002912453208751213
5,UPFC_tse,5-15,-2.1854876578376725,44,-2.1517179547855125,MAP_SCADA,73,0.03376970305215998
0,x_tcsc,1-14,-0.10221996947708181,45,-0.11247909888789781,MAP_SCADA,73,0.010259129410815998
1,B_svc,2,0.1768898387398685,45,0.18460197219577024,MAP_SCADA,73,0.007712133455901743
2,UPFC_Vsh,5-15,1.1095156345355885,45,1.107778348469771,MAP_SCADA,73,0.0017372860658175782
3,UPFC_tsh,5-15,-0.2389523502653847,45,-0.23155308022393659,MAP_SCADA,73,0.007399270041448108
4,UPFC_Vse,5-15,0.06318314771751779,45,0.06077036664881224,MAP_SCADA,73,0.002412781068705551
5,UPFC_tse,5-15,-2.193731744557763,45,-2.1517179547855125,MAP_SCADA,73,0.042013789772250565
0,x_tcsc,1-14,-0.10209110133794598,46,-0.11247909888789781,MAP_SCADA,73,0.01038799754995183
1,B_svc,2,0.1749895939957132,46,0.18460197219577024,MAP_SCADA,73,0.009612378200057031
2,UPFC_Vsh,5-15,1.1075689036025793,46,1.107778348469771,MAP_SCADA,73,0.0002094448671916549
3,UPFC_tsh,5-15,-0.2405839698596442,46,-0.23155308022393659,MAP_SCADA,73,0.009030889635707612
4,UPFC_Vse,5-15,0.06325877581511731,46,0.06077036664881224,MAP_SCADA,73,0.002488409166305071
5,UPFC_tse,5-15,-2.1915658662244795,46,-2.1517179547855125,MAP_SCADA,73,0.03984791143896693
0,x_tcsc,1-14,-0.10430424526697522,47,-0.11247909888789781,MAP_SCADA,73,0.008174853620922587
1,B_svc,2,0.16657044584038416,47,0.18460197219577024,MAP_SCADA,73,0.018031526355386074
2,UPFC_Vsh,5-15,1.1089944570086598,47,1.107778348469771,MAP_SCADA,73,0.0012161085388888715
3,UPFC_tsh,5-15,-0.23755332848839128,47,-0.23155308022393659,MAP_SCADA,73,0.006000248264454694
4,UPFC_Vse,5-15,0.06325285378388841,47,0.06077036664881224,MAP_SCADA,73,0.002482487135076171
5,UPFC_tse,5-15,-2.1926651756040454,47,-2.1517179547855125,MAP_SCADA,73,0.04094722081853286
0,x_tcsc,1-14,-0.10467341988269523,48,-0.11247909888789781,MAP_SCADA,73,0.007805679005202584
1,B_svc,2,0.16631328053467387,48,0.18460197219577024,MAP_SCADA,73,0.018288691661096368
2,UPFC_Vsh,5-15,1.109765910581846,48,1.107778348469771,MAP_SCADA,73,0.0019875621120750697
3,UPFC_tsh,5-15,-0.23718168953869978,48,-0.23155308022393659,MAP_SCADA,73,0.005628609314763194
4,UPFC_Vse,5-15,0.06257817548573592,48,0.06077036664881224,MAP_SCADA,73,0.0018078088369236842
5,UPFC_tse,5-15,-2.189149825874566,48,-2.1517179547855125,MAP_SCADA,73,0.03743187108905355
0,x_tcsc,1-14,-0.10036649413923276,49,-0.11247909888789781,MAP_SCADA,73,0.012112604748665046
1,B_svc,2,0.1848686799141463,49,0.18460197219577024,MAP_SCADA,73,0.000266707718376058
2,UPFC_Vsh,5-15,1.1056475662275105,49,1.107778348469771,MAP_SCADA,73,0.002130782242260487
3,UPFC_tsh,5-15,-0.2414821266404511,49,-0.23155308022393659,MAP_SCADA,73,0.009929046416514514
4,UPFC_Vse,5-15,0.0630950463263788,49,0.06077036664881224,MAP_SCADA,73,0.0023246796775665615
5,UPFC_tse,5-15,-2.1950301431956265,49,-2.1517179547855125,MAP_SCADA,73,0.04331218841011397
0,x_tcsc,1-14,-0.10197953963546616,50,-0.11247909888789781,MAP_SCADA,73,0.01049955925243165
1,B_svc,2,0.1736852085055039,50,0.18460197219577024,MAP_SCADA,73,0.01091676369026634
2,UPFC_Vsh,5-15,1.1100116771882211,50,1.107778348469771,MAP_SCADA,73,0.002233328718450167
3,UPFC_tsh,5-15,-0.2387841569748617,50,-0.23155308022393659,MAP_SCADA,73,0.007231076750925103
4,UPFC_Vse,5-15,0.06333349762164837,50,0.06077036664881224,MAP_SCADA,73,0.002563130972836135
5,UPFC_tse,5-15,-2.18884697758656,50,-2.1517179547855125,MAP_SCADA,73,0.03712902280104746
0,x_tcsc,1-14,-0.10287200005996062,51,-0.11247909888789781,MAP_SCADA,73,0.009607098827937186
1,B_svc,2,0.17435630556991935,51,0.18460197219577024,MAP_SCADA,73,0.010245666625850886
2,UPFC_Vsh,5-15,1.1083789801853865,51,1.107778348469771,MAP_SCADA,73,0.0006006317156155294
3,UPFC_tsh,5-15,-0.23954156229505957,51,-0.23155308022393659,MAP_SCADA,73,0.007988482071122988
4,UPFC_Vse,5-15,0.0634631446920625,51,0.06077036664881224,MAP_SCADA,73,0.0026927780432502643
5,UPFC_tse,5-15,-2.193128263603617,51,-2.1517179547855125,MAP_SCADA,73,0.04141030881810437
0,x_tcsc,1-14,-0.10324332919686505,52,-0.11247909888789781,MAP_SCADA,73,0.009235769691032764
1,B_svc,2,0.1696109973659828,52,0.18460197219577024,MAP_SCADA,73,0.014990974829787423
2,UPFC_Vsh,5-15,1.111682729996886,52,1.107778348469771,MAP_SCADA,73,0.0039043815271151416
3,UPFC_tsh,5-15,-0.2380664599567824,52,-0.23155308022393659,MAP_SCADA,73,0.006513379732845825
4,UPFC_Vse,5-15,0.0636095662815725,52,0.06077036664881224,MAP_SCADA,73,0.0028391996327602545
5,UPFC_tse,5-15,-2.190966086526349,52,-2.1517179547855125,MAP_SCADA,73,0.039248131740836634
0,x_tcsc,1-14,-0.10136893818338043,53,-0.11247909888789781,MAP_SCADA,73,0.011110160704517383
1,B_svc,2,0.1763356233567943,53,0.18460197219577024,MAP_SCADA,73,0.008266348838975923
2,UPFC_Vsh,5-15,1.1071755978151345,53,1.107778348469771,MAP_SCADA,73,0.0006027506546364414
3,UPFC_tsh,5-15,-0.24045414133719084,53,-0.23155308022393659,MAP_SCADA,73,0.008901061113254255
4,UPFC_Vse,5-15,0.06363480196190133,53,0.06077036664881224,MAP_SCADA,73,0.002864435313089088
5,UPFC_tse,5-15,-2.1940031377680684,53,-2.1517179547855125,MAP_SCADA,73,0.0422851829825559
0,x_tcsc,1-14,-0.10324843381027872,54,-0.11247909888789781,MAP_SCADA,73,0.00923066507761909
1,B_svc,2,0.17285646172672728,54,0.18460197219577024,MAP_SCADA,73,0.011745510469042958
2,UPFC_Vsh,5-15,1.1064658011062947,54,1.107778348469771,MAP_SCADA,73,0.0013125473634763019
3,UPFC_tsh,5-15,-0.24019351975165645,54,-0.23155308022393659,MAP_SCADA,73,0.008640439527719868
4,UPFC_Vse,5-15,0.0631805362478855,54,0.06077036664881224,MAP_SCADA,73,0.00241016959907326
5,UPFC_tse,5-15,-2.1928662900195057,54,-2.1517179547855125,MAP_SCADA,73,0.041148335233993194
0,x_tcsc,1-14,-0.1019788974557904,55,-0.11247909888789781,MAP_SCADA,73,0.010500201432107406
1,B_svc,2,0.1762892680006951,55,0.18460197219577024,MAP_SCADA,73,0.008312704195075127
2,UPFC_Vsh,5-15,1.1068642261414183,55,1.107778348469771,MAP_SCADA,73,0.0009141223283526401
3,UPFC_tsh,5-15,-0.2403625187434593,55,-0.23155308022393659,MAP_SCADA,73,0.008809438519522705
4,UPFC_Vse,5-15,0.06392525493854063,55,0.06077036664881224,MAP_SCADA,73,0.0031548882897283956
5,UPFC_tse,5-15,-2.1962706712338904,55,-2.1517179547855125,MAP_SCADA,73,0.04455271644837788
0,x_tcsc,1-14,-0.10527974321233675,56,-0.11247909888789781,MAP_SCADA,73,0.007199355675561056
1,B_svc,2,0.167632286351566,56,0.18460197219577024,MAP_SCADA,73,0.016969685844204246
2,UPFC_Vsh,5-15,1.1086875892260313,56,1.107778348469771,MAP_SCADA,73,0.00090924075626031
3,UPFC_tsh,5-15,-0.23816006534123574,56,-0.23155308022393659,MAP_SCADA,73,0.006606985117299152
4,UPFC_Vse,5-15,0.06254446606212997,56,0.06077036664881224,MAP_SCADA,73,0.0017740994133177354
5,UPFC_tse,5-15,-2.1879062130788323,56,-2.1517179547855125,MAP_SCADA,73,0.03618825829331973
0,x_tcsc,1-14,-0.10179695860865144,57,-0.11247909888789781,MAP_SCADA,73,0.010682140279246369
1,B_svc,2,0.17922775758191414,57,0.18460197219577024,MAP_SCADA,73,0.005374214613856093
2,UPFC_Vsh,5-15,1.1053913401140298,57,1.107778348469771,MAP_SCADA,73,0.002387008355741127
3,UPFC_tsh,5-15,-0.24078070444873179,57,-0.23155308022393659,MAP_SCADA,73,0.0092276242247952
4,UPFC_Vse,5-15,0.0628623967199648,57,0.06077036664881224,MAP_SCADA,73,0.0020920300711525577
5,UPFC_tse,5-15,-2.19228846799818,57,-2.1517179547855125,MAP_SCADA,73,0.04057051321266725
0,x_tcsc,1-14,-0.10438407717916225,58,-0.11247909888789781,MAP_SCADA,73,0.008095021708735564
1,B_svc,2,0.1710229922972262,58,0.18460197219577024,MAP_SCADA,73,0.013578979898544036
2,UPFC_Vsh,5-15,1.1084581412862453,58,1.107778348469771,MAP_SCADA,73,0.000679792816474345
3,UPFC_tsh,5-15,-0.23826230188521025,58,-0.23155308022393659,MAP_SCADA,73,0.006709221661273662
4,UPFC_Vse,5-15,0.06312944551932835,58,0.06077036664881224,MAP_SCADA,73,0.002359078870516111
5,UPFC_tse,5-15,-2.1876418894390635,58,-2.1517179547855125,MAP_SCADA,73,0.035923934653550926
0,x_tcsc,1-14,-0.10383418172265896,59,-0.11247909888789781,MAP_SCADA,73,0.008644917165238852
1,B_svc,2,0.17312892218344747,59,0.18460197219577024,MAP_SCADA,73,0.011473050012322766
2,UPFC_Vsh,5-15,1.1072547742868786,59,1.107778348469771,MAP_SCADA,73,0.0005235741828923945
3,UPFC_tsh,5-15,-0.23890156901931114,59,-0.23155308022393659,MAP_SCADA,73,0.007348488795374558
4,UPFC_Vse,5-15,0.06299379008888283,59,0.06077036664881224,MAP_SCADA,73,0.0022234234400705863
5,UPFC_tse,5-15,-2.1917922454989034,59,-2.1517179547855125,MAP_SCADA,73,0.04007429071339086
0,x_tcsc,1-14,-0.10327191665118586,60,-0.11247909888789781,MAP_SCADA,73,0.00920718223671195
1,B_svc,2,0.16996069385126053,60,0.18460197219577024,MAP_SCADA,73,0.014641278344509706
2,UPFC_Vsh,5-15,1.1098518577775867,60,1.107778348469771,MAP_SCADA,73,0.0020735093078156908
3,UPFC_tsh,5-15,-0.23820244736558496,60,-0.23155308022393659,MAP_SCADA,73,0.006649367141648377
4,UPFC_Vse,5-15,0.06292108618224466,60,0.06077036664881224,MAP_SCADA,73,0.0021507195334324256
5,UPFC_tse,5-15,-2.187923879159447,60,-2.1517179547855125,MAP_SCADA,73,0.03620592437393455
0,x_tcsc,1-14,-0.10443203071954701,61,-0.11247909888789781,MAP_SCADA,73,0.008047068168350796
1,B_svc,2,0.16903423354943337,61,0.18460197219577024,MAP_SCADA,73,0.01556773864633687
2,UPFC_Vsh,5-15,1.110202654342042,61,1.107778348469771,MAP_SCADA,73,0.0024243058722710487
3,UPFC_tsh,5-15,-0.23777468793642412,61,-0.23155308022393659,MAP_SCADA,73,0.006221607712487531
4,UPFC_Vse,5-15,0.06314581996839719,61,0.06077036664881224,MAP_SCADA,73,0.0023754533195849484
5,UPFC_tse,5-15,-2.1855869768875538,61,-2.1517179547855125,MAP_SCADA,73,0.033869022102041235
0,x_tcsc,1-14,-0.1018979327156657,62,-0.11247909888789781,MAP_SCADA,73,0.010581166172232107
1,B_svc,2,0.17427711005926577,62,0.18460197219577024,MAP_SCADA,73,0.010324862136504465
2,UPFC_Vsh,5-15,1.1095015499881347,62,1.107778348469771,MAP_SCADA,73,0.0017232015183636928
3,UPFC_tsh,5-15,-0.23957433529079633,62,-0.23155308022393659,MAP_SCADA,73,0.008021255066859745
4,UPFC_Vse,5-15,0.06324467634335171,62,0.06077036664881224,MAP_SCADA,73,0.0024743096945394685
5,UPFC_tse,5-15,-2.194724354980753,62,-2.1517179547855125,MAP_SCADA,73,0.0430064001952406
0,x_tcsc,1-14,-0.1047565086025988,63,-0.11247909888789781,MAP_SCADA,73,0.007722590285299008
1,B_svc,2,0.16464257816312167,63,0.18460197219577024,MAP_SCADA,73,0.01995939403264857
2,UPFC_Vsh,5-15,1.1108932720561624,63,1.107778348469771,MAP_SCADA,73,0.003114923586391427
3,UPFC_tsh,5-15,-0.23730546416250609,63,-0.23155308022393659,MAP_SCADA,73,0.0057523839385695
4,UPFC_Vse,5-15,0.06270315531355272,63,0.06077036664881224,MAP_SCADA,73,0.0019327886647404827
5,UPFC_tse,5-15,-2.1891048347645268,63,-2.1517179547855125,MAP_SCADA,73,0.03738687997901424
0,x_tcsc,1-14,-0.10149762845702923,64,-0.11247909888789781,MAP_SCADA,73,0.010981470430868584
1,B_svc,2,0.17041915878050962,64,0.18460197219577024,MAP_SCADA,73,0.01418281341526062
2,UPFC_Vsh,5-15,1.1100417205424307,64,1.107778348469771,MAP_SCADA,73,0.0022633720726596973
3,UPFC_tsh,5-15,-0.23829959354425628,64,-0.23155308022393659,MAP_SCADA,73,0.006746513320319697
4,UPFC_Vse,5-15,0.06332037722712637,64,0.06077036664881224,MAP_SCADA,73,0.002550010578314131
5,UPFC_tse,5-15,-2.1874300265671645,64,-2.1517179547855125,MAP_SCADA,73,0.03571207178165192
0,x_tcsc,1-14,-0.1029503968470731,65,-0.11247909888789781,MAP_SCADA,73,0.009528702040824705
1,B_svc,2,0.1727546126568781,65,0.18460197219577024,MAP_SCADA,73,0.011847359538892127
2,UPFC_Vsh,5-15,1.1090411589252558,65,1.107778348469771,MAP_SCADA,73,0.0012628104554848196
3,UPFC_tsh,5-15,-0.2391466538977477,65,-0.23155308022393659,MAP_SCADA,73,0.00759357367381111
4,UPFC_Vse,5-15,0.06267864255580684,65,0.06077036664881224,MAP_SCADA,73,0.0019082759069945984
5,UPFC_tse,5-15,-2.194609229181598,65,-2.1517179547855125,MAP_SCADA,73,0.04289127439608542
0,x_tcsc,1-14,-0.10255764452678089,66,-0.11247909888789781,MAP_SCADA,73,0.009921454361116924
1,B_svc,2,0.17335932811787075,66,0.18460197219577024,MAP_SCADA,73,0.011242644077899488
2,UPFC_Vsh,5-15,1.1067821196443008,66,1.107778348469771,MAP_SCADA,73,0.0009962288254701246
3,UPFC_tsh,5-15,-0.24009114421968414,66,-0.23155308022393659,MAP_SCADA,73,0.008538063995747552
4,UPFC_Vse,5-15,0.06383770986129642,66,0.06077036664881224,MAP_SCADA,73,0.0030673432124841762
5,UPFC_tse,5-15,-2.189975251551576,66,-2.1517179547855125,MAP_SCADA,73,0.03825729676606349
0,x_tcsc,1-14,-0.10257961106253177,67,-0.11247909888789781,MAP_SCADA,73,0.009899487825366038
1,B_svc,2,0.1742425484016374,67,0.18460197219577024,MAP_SCADA,73,0.01035942379413285
2,UPFC_Vsh,5-15,1.1083253567254918,67,1.107778348469771,MAP_SCADA,73,0.0005470082557208489
3,UPFC_tsh,5-15,-0.23958027079370714,67,-0.23155308022393659,MAP_SCADA,73,0.008027190569770554
4,UPFC_Vse,5-15,0.06314568162052941,67,0.06077036664881224,MAP_SCADA,73,0.0023753149717171754
5,UPFC_tse,5-15,-2.1901283364202158,67,-2.1517179547855125,MAP_SCADA,73,0.03841038163470323
0,x_tcsc,1-14,-0.10263337111071213,68,-0.11247909888789781,MAP_SCADA,73,0.009845727777185675
1,B_svc,2,0.17100614863303598,68,0.18460197219577024,MAP_SCADA,73,0.013595823562734255
2,UPFC_Vsh,5-15,1.1100202564761716,68,1.107778348469771,MAP_SCADA,73,0.0022419080064006724
3,UPFC_tsh,5-15,-0.23892424588676187,68,-0.23155308022393659,MAP_SCADA,73,0.00737116566282528
4,UPFC_Vse,5-15,0.06251988918292863,68,0.06077036664881224,MAP_SCADA,73,0.0017495225341163864
5,UPFC_tse,5-15,-2.187948808276476,68,-2.1517179547855125,MAP_SCADA,73,0.036230853490963444
0,x_tcsc,1-14,-0.10299316820601115,69,-0.11247909888789781,MAP_SCADA,73,0.009485930681886662
1,B_svc,2,0.16947360486173987,69,0.18460197219577024,MAP_SCADA,73,0.015128367334030363
2,UPFC_Vsh,5-15,1.1089815892970292,69,1.107778348469771,MAP_SCADA,73,0.0012032408272582007
3,UPFC_tsh,5-15,-0.2385254375662905,69,-0.23155308022393659,MAP_SCADA,73,0.006972357342353908
4,UPFC_Vse,5-15,0.06214377261304217,69,0.06077036664881224,MAP_SCADA,73,0.0013734059642299332
5,UPFC_tse,5-15,-2.1892225229127744,69,-2.1517179547855125,MAP_SCADA,73,0.037504568127261884
0,x_tcsc,1-14,-0.10185809716055308,70,-0.11247909888789781,MAP_SCADA,73,0.010621001727344731
1,B_svc,2,0.1712652326521477,70,0.18460197219577024,MAP_SCADA,73,0.01333673954362255
2,UPFC_Vsh,5-15,1.1087057236793505,70,1.107778348469771,MAP_SCADA,73,0.0009273752095795285
3,UPFC_tsh,5-15,-0.2391822748874336,70,-0.23155308022393659,MAP_SCADA,73,0.007629194663497013
4,UPFC_Vse,5-15,0.06257359134144821,70,0.06077036664881224,MAP_SCADA,73,0.0018032246926359755
5,UPFC_tse,5-15,-2.1913194357175967,70,-2.1517179547855125,MAP_SCADA,73,0.039601480932084154
0,x_tcsc,1-14,-0.10524162761546635,71,-0.11247909888789781,MAP_SCADA,73,0.007237471272431462
1,B_svc,2,0.16611244629803404,71,0.18460197219577024,MAP_SCADA,73,0.018489525897736198
2,UPFC_Vsh,5-15,1.1096813062861652,71,1.107778348469771,MAP_SCADA,73,0.0019029578163942684
3,UPFC_tsh,5-15,-0.23770084547255427,71,-0.23155308022393659,MAP_SCADA,73,0.0061477652486176815
4,UPFC_Vse,5-15,0.06383213767638687,71,0.06077036664881224,MAP_SCADA,73,0.003061771027574635
5,UPFC_tse,5-15,-2.1861294420596007,71,-2.1517179547855125,MAP_SCADA,73,0.03441148727408816
0,x_tcsc,1-14,-0.10233283399276083,72,-0.11247909888789781,MAP_SCADA,73,0.01014626489513698
1,B_svc,2,0.17345561181975075,72,0.18460197219577024,MAP_SCADA,73,0.011146360376019487
2,UPFC_Vsh,5-15,1.1081896369708146,72,1.107778348469771,MAP_SCADA,73,0.00041128850104366066
3,UPFC_tsh,5-15,-0.2390668542505105,72,-0.23155308022393659,MAP_SCADA,73,0.007513774026573911
4,UPFC_Vse,5-15,0.06308312190652304,72,0.06077036664881224,MAP_SCADA,73,0.0023127552577108038
5,UPFC_tse,5-15,-2.1950210742699534,72,-2.1517179547855125,MAP_SCADA,73,0.04330311948444088
0,x_tcsc,1-14,-0.10300572656616798,73,-0.11247909888789781,MAP_SCADA,73,0.009473372321729831
1,B_svc,2,0.1699124075334846,73,0.18460197219577024,MAP_SCADA,73,0.014689564662285631
2,UPFC_Vsh,5-15,1.111688763891842,73,1.107778348469771,MAP_SCADA,73,0.003910415422071045
3,UPFC_tsh,5-15,-0.23754253964747926,73,-0.23155308022393659,MAP_SCADA,73,0.005989459423542676
4,UPFC_Vse,5-15,0.06295480558574423,73,0.06077036664881224,MAP_SCADA,73,0.002184438936931994
5,UPFC_tse,5-15,-2.1898784956330895,73,-2.1517179547855125,MAP_SCADA,73,0.03816054084757692
0,x_tcsc,1-14,-0.10514924575789812,74,-0.11247909888789781,MAP_SCADA,73,0.007329853129999689
1,B_svc,2,0.16485838462843566,74,0.18460197219577024,MAP_SCADA,73,0.019743587567334575
2,UPFC_Vsh,5-15,1.1083799244483572,74,1.107778348469771,MAP_SCADA,73,0.0006015759785862329
3,UPFC_tsh,5-15,-0.23760004359913878,74,-0.23155308022393659,MAP_SCADA,73,0.006046963375202191
4,UPFC_Vse,5-15,0.06298926157265705,74,0.06077036664881224,MAP_SCADA,73,0.002218894923844812
5,UPFC_tse,5-15,-2.1901337929582283,74,-2.1517179547855125,MAP_SCADA,73,0.038415838172715766
0,x_tcsc,1-14,-0.10232746305722461,75,-0.11247909888789781,MAP_SCADA,73,0.010151635830673203
1,B_svc,2,0.17313561704027464,75,0.18460197219577024,MAP_SCADA,73,0.0114663551554956
2,UPFC_Vsh,5-15,1.1109635601407246,75,1.107778348469771,MAP_SCADA,73,0.003185211670953647
3,UPFC_tsh,5-15,-0.2383956924953973,75,-0.23155308022393659,MAP_SCADA,73,0.006842612271460713
4,UPFC_Vse,5-15,0.06252459057740888,75,0.06077036664881224,MAP_SCADA,73,0.0017542239285966363
5,UPFC_tse,5-15,-2.1931506194433967,75,-2.1517179547855125,MAP_SCADA,73,0.0414326646578842
0,x_tcsc,1-14,-0.10346791682523426,76,-0.11247909888789781,MAP_SCADA,73,0.009011182062663547
1,B_svc,2,0.16888588364988585,76,0.18460197219577024,MAP_SCADA,73,0.015716088545884382
2,UPFC_Vsh,5-15,1.1099742200180993,76,1.107778348469771,MAP_SCADA,73,0.002195871548328343
3,UPFC_tsh,5-15,-0.23913273123024675,76,-0.23155308022393659,MAP_SCADA,73,0.007579651006310167
4,UPFC_Vse,5-15,0.06273977661451471,76,0.06077036664881224,MAP_SCADA,73,0.0019694099657024747
5,UPFC_tse,5-15,-2.1907842344148376,76,-2.1517179547855125,MAP_SCADA,73,0.039066279629325074
0,x_tcsc,1-14,-0.1031683208624105,77,-0.11247909888789781,MAP_SCADA,73,0.009310778025487312
1,B_svc,2,0.16891396732518127,77,0.18460197219577024,MAP_SCADA,73,0.015688004870588967
2,UPFC_Vsh,5-15,1.1077683373382927,77,1.107778348469771,MAP_SCADA,73,1.0011131478249169e-05
3,UPFC_tsh,5-15,-0.23970109057894223,77,-0.23155308022393659,MAP_SCADA,73,0.008148010355005647
4,UPFC_Vse,5-15,0.06299287105766653,77,0.06077036664881224,MAP_SCADA,73,0.002222504408854291
5,UPFC_tse,5-15,-2.189390037798933,77,-2.1517179547855125,MAP_SCADA,73,0.03767208301342029
0,x_tcsc,1-14,-0.1003523763282444,78,-0.11247909888789781,MAP_SCADA,73,0.012126722559653413
1,B_svc,2,0.1781374744137755,78,0.18460197219577024,MAP_SCADA,73,0.0064644977819947325
2,UPFC_Vsh,5-15,1.1064367614323085,78,1.107778348469771,MAP_SCADA,73,0.001341587037462455
3,UPFC_tsh,5-15,-0.24069360638132725,78,-0.23155308022393659,MAP_SCADA,73,0.009140526157390666
4,UPFC_Vse,5-15,0.0636058583757046,78,0.06077036664881224,MAP_SCADA,73,0.0028354917268923543
5,UPFC_tse,5-15,-2.1934335928061675,78,-2.1517179547855125,MAP_SCADA,73,0.04171563802065492
0,x_tcsc,1-14,-0.10276773053574277,79,-0.11247909888789781,MAP_SCADA,73,0.00971136835215504
1,B_svc,2,0.1680802978468382,79,0.18460197219577024,MAP_SCADA,73,0.016521674348932036
2,UPFC_Vsh,5-15,1.1117810693734493,79,1.107778348469771,MAP_SCADA,73,0.0040027209036783695
3,UPFC_tsh,5-15,-0.237322468516072,79,-0.23155308022393659,MAP_SCADA,73,0.005769388292135413
4,UPFC_Vse,5-15,0.06270065158906427,79,0.06077036664881224,MAP_SCADA,73,0.0019302849402520264
5,UPFC_tse,5-15,-2.1869983063602736,79,-2.1517179547855125,MAP_SCADA,73,0.03528035157476106
0,x_tcsc,1-14,-0.10316049789480242,80,-0.11247909888789781,MAP_SCADA,73,0.009318600993095394
1,B_svc,2,0.17065832407353948,80,0.18460197219577024,MAP_SCADA,73,0.013943648122230756
2,UPFC_Vsh,5-15,1.1092538073589127,80,1.107778348469771,MAP_SCADA,73,0.0014754588891416898
3,UPFC_tsh,5-15,-0.239140938455551,80,-0.23155308022393659,MAP_SCADA,73,0.007587858231614425
4,UPFC_Vse,5-15,0.063109103691046,80,0.06077036664881224,MAP_SCADA,73,0.0023387370422337586
5,UPFC_tse,5-15,-2.1914075308370156,80,-2.1517179547855125,MAP_SCADA,73,0.03968957605150303
0,x_tcsc,1-14,-0.10041044236733196,81,-0.11247909888789781,MAP_SCADA,73,0.012068656520565851
1,B_svc,2,0.18123476065321326,81,0.18460197219577024,MAP_SCADA,73,0.0033672115425569804
2,UPFC_Vsh,5-15,1.1059665821283136,81,1.107778348469771,MAP_SCADA,73,0.0018117663414574103
3,UPFC_tsh,5-15,-0.24094205153019474,81,-0.23155308022393659,MAP_SCADA,73,0.009388971306258154
4,UPFC_Vse,5-15,0.06307815871124836,81,0.06077036664881224,MAP_SCADA,73,0.0023077920624361217
5,UPFC_tse,5-15,-2.195590834076475,81,-2.1517179547855125,MAP_SCADA,73,0.04387287929096262
0,x_tcsc,1-14,-0.10457447478471675,82,-0.11247909888789781,MAP_SCADA,73,0.00790462410318106
1,B_svc,2,0.16783207973975625,82,0.18460197219577024,MAP_SCADA,73,0.016769892456013985
2,UPFC_Vsh,5-15,1.110012346364267,82,1.107778348469771,MAP_SCADA,73,0.002233997894496076
3,UPFC_tsh,5-15,-0.2376586382346466,82,-0.23155308022393659,MAP_SCADA,73,0.006105558010710027
4,UPFC_Vse,5-15,0.06331608203981146,82,0.06077036664881224,MAP_SCADA,73,0.002545715390999216
5,UPFC_tse,5-15,-2.1867291866877543,82,-2.1517179547855125,MAP_SCADA,73,0.03501123190224176
0,x_tcsc,1-14,-0.1031657595623476,83,-0.11247909888789781,MAP_SCADA,73,0.009313339325550216
1,B_svc,2,0.17424357418869788,83,0.18460197219577024,MAP_SCADA,73,0.010358398007072361
2,UPFC_Vsh,5-15,1.1072885960269414,83,1.107778348469771,MAP_SCADA,73,0.0004897524428295608
3,UPFC_tsh,5-15,-0.23966310880723438,83,-0.23155308022393659,MAP_SCADA,73,0.00811002858329779
4,UPFC_Vse,5-15,0.06304301881323121,83,0.06077036664881224,MAP_SCADA,73,0.0022726521644189715
5,UPFC_tse,5-15,-2.1962086599650283,83,-2.1517179547855125,MAP_SCADA,73,0.04449070517951581
0,x_tcsc,1-14,-0.10333678174264938,84,-0.11247909888789781,MAP_SCADA,73,0.009142317145248435
1,B_svc,2,0.16992623847206714,84,0.18460197219577024,MAP_SCADA,73,0.014675733723703094
2,UPFC_Vsh,5-15,1.108396689227261,84,1.107778348469771,MAP_SCADA,73,0.0006183407574900102
3,UPFC_tsh,5-15,-0.23891537987045408,84,-0.23155308022393659,MAP_SCADA,73,0.007362299646517495
4,UPFC_Vse,5-15,0.06353080171285039,84,0.06077036664881224,MAP_SCADA,73,0.0027604350640381484
5,UPFC_tse,5-15,-2.1934515204379577,84,-2.1517179547855125,MAP_SCADA,73,0.041733565652445126
0,x_tcsc,1-14,-0.10081655054250013,85,-0.11247909888789781,MAP_SCADA,73,0.011662548345397677
1,B_svc,2,0.17694535235740244,85,0.18460197219577024,MAP_SCADA,73,0.007656619838367795
2,UPFC_Vsh,5-15,1.1073705397164069,85,1.107778348469771,MAP_SCADA,73,0.00040780875336410283
3,UPFC_tsh,5-15,-0.2398156892148108,85,-0.23155308022393659,MAP_SCADA,73,0.00826260899087422
4,UPFC_Vse,5-15,0.06285607316405972,85,0.06077036664881224,MAP_SCADA,73,0.0020857065152474832
5,UPFC_tse,5-15,-2.1933991813687634,85,-2.1517179547855125,MAP_SCADA,73,0.04168122658325091
0,x_tcsc,1-14,-0.10456865424775502,86,-0.11247909888789781,MAP_SCADA,73,0.007910444640142789
1,B_svc,2,0.1666530528575441,86,0.18460197219577024,MAP_SCADA,73,0.01794891933822615
2,UPFC_Vsh,5-15,1.1106773055855599,86,1.107778348469771,MAP_SCADA,73,0.002898957115788914
3,UPFC_tsh,5-15,-0.23739767838514195,86,-0.23155308022393659,MAP_SCADA,73,0.005844598161205361
4,UPFC_Vse,5-15,0.06257029657897878,86,0.06077036664881224,MAP_SCADA,73,0.0017999299301665397
5,UPFC_tse,5-15,-2.189342971517965,86,-2.1517179547855125,MAP_SCADA,73,0.037625016732452554
0,x_tcsc,1-14,-0.1014522893066262,87,-0.11247909888789781,MAP_SCADA,73,0.011026809581271613
1,B_svc,2,0.1759377983837093,87,0.18460197219577024,MAP_SCADA,73,0.008664173812060944
2,UPFC_Vsh,5-15,1.1075747788641153,87,1.107778348469771,MAP_SCADA,73,0.0002035696056557068
3,UPFC_tsh,5-15,-0.23996026048803054,87,-0.23155308022393659,MAP_SCADA,73,0.008407180264093955
4,UPFC_Vse,5-15,0.0631287474103788,87,0.06077036664881224,MAP_SCADA,73,0.00235838076156656
5,UPFC_tse,5-15,-2.192029188740658,87,-2.1517179547855125,MAP_SCADA,73,0.040311233955145465
0,x_tcsc,1-14,-0.10308302753037737,88,-0.11247909888789781,MAP_SCADA,73,0.009396071357520436
1,B_svc,2,0.17448784950738527,88,0.18460197219577024,MAP_SCADA,73,0.010114122688384963
2,UPFC_Vsh,5-15,1.1061476784346318,88,1.107778348469771,MAP_SCADA,73,0.00163067003513917
3,UPFC_tsh,5-15,-0.24050589806222702,88,-0.23155308022393659,MAP_SCADA,73,0.008952817838290439
4,UPFC_Vse,5-15,0.06268005160067479,88,0.06077036664881224,MAP_SCADA,73,0.0019096849518625489
5,UPFC_tse,5-15,-2.190872120562374,88,-2.1517179547855125,MAP_SCADA,73,0.03915416577686148
0,x_tcsc,1-14,-0.10267111452075099,89,-0.11247909888789781,MAP_SCADA,73,0.009807984367146819
1,B_svc,2,0.16961778126943405,89,0.18460197219577024,MAP_SCADA,73,0.014984190926336183
2,UPFC_Vsh,5-15,1.1079274160944588,89,1.107778348469771,MAP_SCADA,73,0.0001490676246878042
3,UPFC_tsh,5-15,-0.23875734153579592,89,-0.23155308022393659,MAP_SCADA,73,0.0072042613118593335
4,UPFC_Vse,5-15,0.06317546712596372,89,0.06077036664881224,MAP_SCADA,73,0.0024051004771514853
5,UPFC_tse,5-15,-2.1882457540257323,89,-2.1517179547855125,MAP_SCADA,73,0.03652779924021976
0,x_tcsc,1-14,-0.10613469936333164,90,-0.11247909888789781,MAP_SCADA,73,0.006344399524566169
1,B_svc,2,0.16006816122231587,90,0.18460197219577024,MAP_SCADA,73,0.024533810973454362
2,UPFC_Vsh,5-15,1.1094315761130153,90,1.107778348469771,MAP_SCADA,73,0.0016532276432443815
3,UPFC_tsh,5-15,-0.23704302088232218,90,-0.23155308022393659,MAP_SCADA,73,0.005489940658385595
4,UPFC_Vse,5-15,0.06352188556720155,90,0.06077036664881224,MAP_SCADA,73,0.0027515189183893105
5,UPFC_tse,5-15,-2.187971846351272,90,-2.1517179547855125,MAP_SCADA,73,0.03625389156575931
0,x_tcsc,1-14,-0.10274183533505725,91,-0.11247909888789781,MAP_SCADA,73,0.009737263552840561
1,B_svc,2,0.1712474167571244,91,0.18460197219577024,MAP_SCADA,73,0.013354555438645832
2,UPFC_Vsh,5-15,1.1081719272205834,91,1.107778348469771,MAP_SCADA,73,0.0003935787508124733
3,UPFC_tsh,5-15,-0.23991407693170547,91,-0.23155308022393659,MAP_SCADA,73,0.00836099670776888
4,UPFC_Vse,5-15,0.06319960057066118,91,0.06077036664881224,MAP_SCADA,73,0.0024292339218489403
5,UPFC_tse,5-15,-2.189139377730668,91,-2.1517179547855125,MAP_SCADA,73,0.03742142294515549
0,x_tcsc,1-14,-0.10529554962383599,92,-0.11247909888789781,MAP_SCADA,73,0.007183549264061825
1,B_svc,2,0.164802444766533,92,0.18460197219577024,MAP_SCADA,73,0.01979952742923724
2,UPFC_Vsh,5-15,1.1091574366065957,92,1.107778348469771,MAP_SCADA,73,0.0013790881368247465
3,UPFC_tsh,5-15,-0.23715858961762765,92,-0.23155308022393659,MAP_SCADA,73,0.0056055093936910605
4,UPFC_Vse,5-15,0.06325685516812932,92,0.06077036664881224,MAP_SCADA,73,0.0024864885193170774
5,UPFC_tse,5-15,-2.185841384590449,92,-2.1517179547855125,MAP_SCADA,73,0.034123429804936656
0,x_tcsc,1-14,-0.10198001686873225,93,-0.11247909888789781,MAP_SCADA,73,0.010499082019165565
1,B_svc,2,0.1745075075648837,93,0.18460197219577024,MAP_SCADA,73,0.010094464630886535
2,UPFC_Vsh,5-15,1.1077672411780743,93,1.107778348469771,MAP_SCADA,73,1.1107291696621502e-05
3,UPFC_tsh,5-15,-0.24025055114601698,93,-0.23155308022393659,MAP_SCADA,73,0.008697470922080397
4,UPFC_Vse,5-15,0.06302712550417613,93,0.06077036664881224,MAP_SCADA,73,0.0022567588553638954
5,UPFC_tse,5-15,-2.193898147976288,93,-2.1517179547855125,MAP_SCADA,73,0.04218019319077548
0,x_tcsc,1-14,-0.10240752827041755,94,-0.11247909888789781,MAP_SCADA,73,0.010071570617480263
1,B_svc,2,0.17267742847899017,94,0.18460197219577024,MAP_SCADA,73,0.011924543716780062
2,UPFC_Vsh,5-15,1.1060683377314755,94,1.107778348469771,MAP_SCADA,73,0.0017100107382954643
3,UPFC_tsh,5-15,-0.23966172718881376,94,-0.23155308022393659,MAP_SCADA,73,0.008108646964877175
4,UPFC_Vse,5-15,0.06356182781739468,94,0.06077036664881224,MAP_SCADA,73,0.0027914611685824417
5,UPFC_tse,5-15,-2.1899317687571993,94,-2.1517179547855125,MAP_SCADA,73,0.03821381397168677
0,x_tcsc,1-14,-0.1015701753308845,95,-0.11247909888789781,MAP_SCADA,73,0.010908923557013311
1,B_svc,2,0.1739762418767858,95,0.18460197219577024,MAP_SCADA,73,0.01062573031898445
2,UPFC_Vsh,5-15,1.109278096323847,95,1.107778348469771,MAP_SCADA,73,0.0014997478540761389
3,UPFC_tsh,5-15,-0.23889218641001428,95,-0.23155308022393659,MAP_SCADA,73,0.007339106186077693
4,UPFC_Vse,5-15,0.06328697888437507,95,0.06077036664881224,MAP_SCADA,73,0.0025166122355628276
5,UPFC_tse,5-15,-2.194328809564617,95,-2.1517179547855125,MAP_SCADA,73,0.042610854779104645
0,x_tcsc,1-14,-0.10232252245350033,96,-0.11247909888789781,MAP_SCADA,73,0.010156576434397477
1,B_svc,2,0.17372121612069635,96,0.18460197219577024,MAP_SCADA,73,0.010880756075073883
2,UPFC_Vsh,5-15,1.108048298640947,96,1.107778348469771,MAP_SCADA,73,0.0002699501711760366
3,UPFC_tsh,5-15,-0.2395526260351638,96,-0.23155308022393659,MAP_SCADA,73,0.007999545811227221
4,UPFC_Vse,5-15,0.06360226093011265,96,0.06077036664881224,MAP_SCADA,73,0.002831894281300408
5,UPFC_tse,5-15,-2.1900485756251924,96,-2.1517179547855125,MAP_SCADA,73,0.03833062083967986
0,x_tcsc,1-14,-0.10333071641159243,97,-0.11247909888789781,MAP_SCADA,73,0.00914838247630538
1,B_svc,2,0.17110006030773722,97,0.18460197219577024,MAP_SCADA,73,0.013501911888033014
2,UPFC_Vsh,5-15,1.1083044207896122,97,1.107778348469771,MAP_SCADA,73,0.0005260723198412531
3,UPFC_tsh,5-15,-0.23860190996385314,97,-0.23155308022393659,MAP_SCADA,73,0.007048829739916551
4,UPFC_Vse,5-15,0.06399735750141623,97,0.06077036664881224,MAP_SCADA,73,0.0032269908526039934
5,UPFC_tse,5-15,-2.19124066642229,97,-2.1517179547855125,MAP_SCADA,73,0.03952271163677734
0,x_tcsc,1-14,-0.10426524521610846,98,-0.11247909888789781,MAP_SCADA,73,0.008213853671789353
1,B_svc,2,0.17011498705090078,98,0.18460197219577024,MAP_SCADA,73,0.014486985144869458
2,UPFC_Vsh,5-15,1.1100572819699157,98,1.107778348469771,MAP_SCADA,73,0.002278933500144742
3,UPFC_tsh,5-15,-0.23770219494552186,98,-0.23155308022393659,MAP_SCADA,73,0.006149114721585275
4,UPFC_Vse,5-15,0.06334543800654534,98,0.06077036664881224,MAP_SCADA,73,0.0025750713577330983
5,UPFC_tse,5-15,-2.193521321270926,98,-2.1517179547855125,MAP_SCADA,73,0.041803366485413385
0,x_tcsc,1-14,-0.10313457559422243,99,-0.11247909888789781,MAP_SCADA,73,0.009344523293675383
1,B_svc,2,0.17001685418981957,99,0.18460197219577024,MAP_SCADA,73,0.014585118005950665
2,UPFC_Vsh,5-15,1.109765874666147,99,1.107778348469771,MAP_SCADA,73,0.0019875261963759883
3,UPFC_tsh,5-15,-0.23838836964991572,99,-0.23155308022393659,MAP_SCADA,73,0.006835289425979135
4,UPFC_Vse,5-15,0.06302138463839355,99,0.06077036664881224,MAP_SCADA,73,0.0022510179895813068
5,UPFC_tse,5-15,-2.187957790781871,99,-2.1517179547855125,MAP_SCADA,73,0.036239835996358494
0,x_tcsc,1-14,-0.10329353714551051,0,-0.11330319200886299,MAP_SCADA,75,0.01000965486335248
1,B_svc,2,0.16811519883705064,0,0.18573876621990773,MAP_SCADA,75,0.017623567382857086
2,UPFC_Vsh,5-15,1.1098479333514264,0,1.1071370504650786,MAP_SCADA,75,0.0027108828863477985
3,UPFC_tsh,5-15,-0.23850846755793317,0,-0.23076214785449695,MAP_SCADA,75,0.0077463197034362274
4,UPFC_Vse,5-15,0.06280396337550218,0,0.06081851734233769,MAP_SCADA,75,0.001985446033164487
5,UPFC_tse,5-15,-2.189547936028691,0,-2.1524546571618854,MAP_SCADA,75,0.03709327886680569
0,x_tcsc,1-14,-0.10333449122731382,1,-0.11330319200886299,MAP_SCADA,75,0.00996870078154917
1,B_svc,2,0.17229278551833666,1,0.18573876621990773,MAP_SCADA,75,0.013445980701571075
2,UPFC_Vsh,5-15,1.1074218438606374,1,1.1071370504650786,MAP_SCADA,75,0.0002847933955587578
3,UPFC_tsh,5-15,-0.2393005791363044,1,-0.23076214785449695,MAP_SCADA,75,0.008538431281807451
4,UPFC_Vse,5-15,0.06354372417136461,1,0.06081851734233769,MAP_SCADA,75,0.0027252068290269243
5,UPFC_tse,5-15,-2.188008410858818,1,-2.1524546571618854,MAP_SCADA,75,0.03555375369693259
0,x_tcsc,1-14,-0.10362651376837446,2,-0.11330319200886299,MAP_SCADA,75,0.009676678240488526
1,B_svc,2,0.16919022531694322,2,0.18573876621990773,MAP_SCADA,75,0.01654854090296451
2,UPFC_Vsh,5-15,1.1102493941878657,2,1.1071370504650786,MAP_SCADA,75,0.0031123437227871253
3,UPFC_tsh,5-15,-0.23849235067663532,2,-0.23076214785449695,MAP_SCADA,75,0.007730202822138377
4,UPFC_Vse,5-15,0.06320110323422641,2,0.06081851734233769,MAP_SCADA,75,0.002382585891888722
5,UPFC_tse,5-15,-2.191367850099842,2,-2.1524546571618854,MAP_SCADA,75,0.0389131929379567
0,x_tcsc,1-14,-0.1022783976113678,3,-0.11330319200886299,MAP_SCADA,75,0.011024794397495194
1,B_svc,2,0.17447641250969634,3,0.18573876621990773,MAP_SCADA,75,0.011262353710211392
2,UPFC_Vsh,5-15,1.1077086780665086,3,1.1071370504650786,MAP_SCADA,75,0.0005716276014300359
3,UPFC_tsh,5-15,-0.239679881625969,3,-0.23076214785449695,MAP_SCADA,75,0.008917733771472064
4,UPFC_Vse,5-15,0.06420872154220497,3,0.06081851734233769,MAP_SCADA,75,0.0033902041998672833
5,UPFC_tse,5-15,-2.1910131457639017,3,-2.1524546571618854,MAP_SCADA,75,0.03855848860201627
0,x_tcsc,1-14,-0.10394054656344608,4,-0.11330319200886299,MAP_SCADA,75,0.009362645445416914
1,B_svc,2,0.17253418900935183,4,0.18573876621990773,MAP_SCADA,75,0.013204577210555901
2,UPFC_Vsh,5-15,1.1080842679213603,4,1.1071370504650786,MAP_SCADA,75,0.0009472174562816793
3,UPFC_tsh,5-15,-0.23896792048445972,4,-0.23076214785449695,MAP_SCADA,75,0.008205772629962776
4,UPFC_Vse,5-15,0.06280615072875485,4,0.06081851734233769,MAP_SCADA,75,0.0019876333864171647
5,UPFC_tse,5-15,-2.190748734444064,4,-2.1524546571618854,MAP_SCADA,75,0.038294077282178485
0,x_tcsc,1-14,-0.10358721953952944,5,-0.11330319200886299,MAP_SCADA,75,0.009715972469333548
1,B_svc,2,0.16814849854113137,5,0.18573876621990773,MAP_SCADA,75,0.01759026767877636
2,UPFC_Vsh,5-15,1.1103570430873901,5,1.1071370504650786,MAP_SCADA,75,0.0032199926223115405
3,UPFC_tsh,5-15,-0.23847268222950582,5,-0.23076214785449695,MAP_SCADA,75,0.007710534375008876
4,UPFC_Vse,5-15,0.06314489609101118,5,0.06081851734233769,MAP_SCADA,75,0.0023263787486734883
5,UPFC_tse,5-15,-2.190275244913631,5,-2.1524546571618854,MAP_SCADA,75,0.03782058775174546
0,x_tcsc,1-14,-0.10350531559935731,6,-0.11330319200886299,MAP_SCADA,75,0.009797876409505676
1,B_svc,2,0.16889408616433438,6,0.18573876621990773,MAP_SCADA,75,0.016844680055573352
2,UPFC_Vsh,5-15,1.1092796634959625,6,1.1071370504650786,MAP_SCADA,75,0.002142613030883922
3,UPFC_tsh,5-15,-0.2386688698331191,6,-0.23076214785449695,MAP_SCADA,75,0.007906721978622161
4,UPFC_Vse,5-15,0.06287393598506438,6,0.06081851734233769,MAP_SCADA,75,0.0020554186427266946
5,UPFC_tse,5-15,-2.1904821780911643,6,-2.1524546571618854,MAP_SCADA,75,0.03802752092927886
0,x_tcsc,1-14,-0.10086561566381738,7,-0.11330319200886299,MAP_SCADA,75,0.012437576345045609
1,B_svc,2,0.17407933738082562,7,0.18573876621990773,MAP_SCADA,75,0.011659428839082109
2,UPFC_Vsh,5-15,1.1095504799373779,7,1.1071370504650786,MAP_SCADA,75,0.0024134294722992777
3,UPFC_tsh,5-15,-0.23927897238709775,7,-0.23076214785449695,MAP_SCADA,75,0.008516824532600803
4,UPFC_Vse,5-15,0.06312921191592344,7,0.06081851734233769,MAP_SCADA,75,0.0023106945735857504
5,UPFC_tse,5-15,-2.1874008932882796,7,-2.1524546571618854,MAP_SCADA,75,0.03494623612639414
0,x_tcsc,1-14,-0.10415892026095726,8,-0.11330319200886299,MAP_SCADA,75,0.009144271747905733
1,B_svc,2,0.17134587093852688,8,0.18573876621990773,MAP_SCADA,75,0.014392895281380852
2,UPFC_Vsh,5-15,1.107249958845356,8,1.1071370504650786,MAP_SCADA,75,0.0001129083802773323
3,UPFC_tsh,5-15,-0.23866553903984225,8,-0.23076214785449695,MAP_SCADA,75,0.007903391185345304
4,UPFC_Vse,5-15,0.06362033412494816,8,0.06081851734233769,MAP_SCADA,75,0.002801816782610475
5,UPFC_tse,5-15,-2.186522927523441,8,-2.1524546571618854,MAP_SCADA,75,0.03406827036155535
0,x_tcsc,1-14,-0.10245107087655327,9,-0.11330319200886299,MAP_SCADA,75,0.010852121132309725
1,B_svc,2,0.1699705773336321,9,0.18573876621990773,MAP_SCADA,75,0.015768188886275625
2,UPFC_Vsh,5-15,1.1111100280601645,9,1.1071370504650786,MAP_SCADA,75,0.003972977595085858
3,UPFC_tsh,5-15,-0.23772898479278912,9,-0.23076214785449695,MAP_SCADA,75,0.00696683693829217
4,UPFC_Vse,5-15,0.06293157188011914,9,0.06081851734233769,MAP_SCADA,75,0.0021130545377814475
5,UPFC_tse,5-15,-2.1889726606857733,9,-2.1524546571618854,MAP_SCADA,75,0.0365180035238879
0,x_tcsc,1-14,-0.10201414245840422,10,-0.11330319200886299,MAP_SCADA,75,0.011289049550458771
1,B_svc,2,0.1773995230540244,10,0.18573876621990773,MAP_SCADA,75,0.008339243165883331
2,UPFC_Vsh,5-15,1.1078753800386845,10,1.1071370504650786,MAP_SCADA,75,0.000738329573605867
3,UPFC_tsh,5-15,-0.23991346910294914,10,-0.23076214785449695,MAP_SCADA,75,0.009151321248452193
4,UPFC_Vse,5-15,0.06350055111044295,10,0.06081851734233769,MAP_SCADA,75,0.0026820337681052603
5,UPFC_tse,5-15,-2.188397089259698,10,-2.1524546571618854,MAP_SCADA,75,0.03594243209781256
0,x_tcsc,1-14,-0.10309787691363395,11,-0.11330319200886299,MAP_SCADA,75,0.01020531509522904
1,B_svc,2,0.17229032263195573,11,0.18573876621990773,MAP_SCADA,75,0.013448443587951997
2,UPFC_Vsh,5-15,1.106829264025858,11,1.1071370504650786,MAP_SCADA,75,0.00030778643922069193
3,UPFC_tsh,5-15,-0.23956457706822262,11,-0.23076214785449695,MAP_SCADA,75,0.008802429213725677
4,UPFC_Vse,5-15,0.06366462202276205,11,0.06081851734233769,MAP_SCADA,75,0.002846104680424358
5,UPFC_tse,5-15,-2.1891986298807464,11,-2.1524546571618854,MAP_SCADA,75,0.036743972718860984
0,x_tcsc,1-14,-0.10463812009775422,12,-0.11330319200886299,MAP_SCADA,75,0.008665071911108768
1,B_svc,2,0.16853615682973003,12,0.18573876621990773,MAP_SCADA,75,0.017202609390177703
2,UPFC_Vsh,5-15,1.1081083885543885,12,1.1071370504650786,MAP_SCADA,75,0.0009713380893099366
3,UPFC_tsh,5-15,-0.23874039951966272,12,-0.23076214785449695,MAP_SCADA,75,0.007978251665165775
4,UPFC_Vse,5-15,0.06357887848112859,12,0.06081851734233769,MAP_SCADA,75,0.0027603611387908983
5,UPFC_tse,5-15,-2.1899085293440548,12,-2.1524546571618854,MAP_SCADA,75,0.037453872182169334
0,x_tcsc,1-14,-0.10326192676854636,13,-0.11330319200886299,MAP_SCADA,75,0.010041265240316635
1,B_svc,2,0.17236389006577532,13,0.18573876621990773,MAP_SCADA,75,0.013374876154132409
2,UPFC_Vsh,5-15,1.10698736772081,13,1.1071370504650786,MAP_SCADA,75,0.00014968274426863104
3,UPFC_tsh,5-15,-0.23976528062347388,13,-0.23076214785449695,MAP_SCADA,75,0.009003132768976935
4,UPFC_Vse,5-15,0.06249443149756003,13,0.06081851734233769,MAP_SCADA,75,0.0016759141552223425
5,UPFC_tse,5-15,-2.196371164920003,13,-2.1524546571618854,MAP_SCADA,75,0.04391650775811762
0,x_tcsc,1-14,-0.1030504484184106,14,-0.11330319200886299,MAP_SCADA,75,0.01025274359045239
1,B_svc,2,0.16997033053296642,14,0.18573876621990773,MAP_SCADA,75,0.015768435686941307
2,UPFC_Vsh,5-15,1.1110829106317943,14,1.1071370504650786,MAP_SCADA,75,0.00394586016671572
3,UPFC_tsh,5-15,-0.2378859124752215,14,-0.23076214785449695,MAP_SCADA,75,0.00712376462072456
4,UPFC_Vse,5-15,0.0626573943935469,14,0.06081851734233769,MAP_SCADA,75,0.0018388770512092062
5,UPFC_tse,5-15,-2.193799530913218,14,-2.1524546571618854,MAP_SCADA,75,0.04134487375133267
0,x_tcsc,1-14,-0.10309694119605492,15,-0.11330319200886299,MAP_SCADA,75,0.010206250812808071
1,B_svc,2,0.16693486271337285,15,0.18573876621990773,MAP_SCADA,75,0.01880390350653488
2,UPFC_Vsh,5-15,1.112102866085488,15,1.1071370504650786,MAP_SCADA,75,0.0049658156204093196
3,UPFC_tsh,5-15,-0.2382997699364943,15,-0.23076214785449695,MAP_SCADA,75,0.007537622081997347
4,UPFC_Vse,5-15,0.06256983739626225,15,0.06081851734233769,MAP_SCADA,75,0.00175132005392456
5,UPFC_tse,5-15,-2.1883812738215953,15,-2.1524546571618854,MAP_SCADA,75,0.035926616659709865
0,x_tcsc,1-14,-0.10217489660297842,16,-0.11330319200886299,MAP_SCADA,75,0.011128295405884572
1,B_svc,2,0.17394135187656679,16,0.18573876621990773,MAP_SCADA,75,0.011797414343340945
2,UPFC_Vsh,5-15,1.107960262070741,16,1.1071370504650786,MAP_SCADA,75,0.000823211605662344
3,UPFC_tsh,5-15,-0.239206249885445,16,-0.23076214785449695,MAP_SCADA,75,0.008444102030948059
4,UPFC_Vse,5-15,0.06271712989685814,16,0.06081851734233769,MAP_SCADA,75,0.0018986125545204513
5,UPFC_tse,5-15,-2.1939130467822623,16,-2.1524546571618854,MAP_SCADA,75,0.041458389620376845
0,x_tcsc,1-14,-0.10454469730310308,17,-0.11330319200886299,MAP_SCADA,75,0.008758494705759914
1,B_svc,2,0.16712461844377577,17,0.18573876621990773,MAP_SCADA,75,0.018614147776131962
2,UPFC_Vsh,5-15,1.109370895589937,17,1.1071370504650786,MAP_SCADA,75,0.002233845124858469
3,UPFC_tsh,5-15,-0.23753669429202756,17,-0.23076214785449695,MAP_SCADA,75,0.006774546437530615
4,UPFC_Vse,5-15,0.06325825102421366,17,0.06081851734233769,MAP_SCADA,75,0.002439733681875972
5,UPFC_tse,5-15,-2.186313396630077,17,-2.1524546571618854,MAP_SCADA,75,0.03385873946819151
0,x_tcsc,1-14,-0.10112964944926826,18,-0.11330319200886299,MAP_SCADA,75,0.012173542559594727
1,B_svc,2,0.17737976177681442,18,0.18573876621990773,MAP_SCADA,75,0.008359004443093315
2,UPFC_Vsh,5-15,1.109702083507929,18,1.1071370504650786,MAP_SCADA,75,0.0025650330428503842
3,UPFC_tsh,5-15,-0.23936642374053496,18,-0.23076214785449695,MAP_SCADA,75,0.008604275886038015
4,UPFC_Vse,5-15,0.06363139956315816,18,0.06081851734233769,MAP_SCADA,75,0.0028128822208204757
5,UPFC_tse,5-15,-2.1903458498537542,18,-2.1524546571618854,MAP_SCADA,75,0.0378911926918688
0,x_tcsc,1-14,-0.10321435202359344,19,-0.11330319200886299,MAP_SCADA,75,0.010088839985269549
1,B_svc,2,0.16810748723890664,19,0.18573876621990773,MAP_SCADA,75,0.017631278981001086
2,UPFC_Vsh,5-15,1.1100965594026282,19,1.1071370504650786,MAP_SCADA,75,0.002959508937549593
3,UPFC_tsh,5-15,-0.23852179981642677,19,-0.23076214785449695,MAP_SCADA,75,0.00775965196192982
4,UPFC_Vse,5-15,0.0625930905180296,19,0.06081851734233769,MAP_SCADA,75,0.001774573175691907
5,UPFC_tse,5-15,-2.188351087150795,19,-2.1524546571618854,MAP_SCADA,75,0.03589642998890952
0,x_tcsc,1-14,-0.10354343396284567,20,-0.11330319200886299,MAP_SCADA,75,0.009759758046017322
1,B_svc,2,0.16703463626958456,20,0.18573876621990773,MAP_SCADA,75,0.018704129950323167
2,UPFC_Vsh,5-15,1.1098341526661635,20,1.1071370504650786,MAP_SCADA,75,0.0026971022010848777
3,UPFC_tsh,5-15,-0.23788774543338145,20,-0.23076214785449695,MAP_SCADA,75,0.007125597578884507
4,UPFC_Vse,5-15,0.06243570092208961,20,0.06081851734233769,MAP_SCADA,75,0.0016171835797519213
5,UPFC_tse,5-15,-2.191014469814827,20,-2.1524546571618854,MAP_SCADA,75,0.038559812652941616
0,x_tcsc,1-14,-0.10344129310754582,21,-0.11330319200886299,MAP_SCADA,75,0.009861898901317168
1,B_svc,2,0.1708677144969117,21,0.18573876621990773,MAP_SCADA,75,0.01487105172299602
2,UPFC_Vsh,5-15,1.1077101992879548,21,1.1071370504650786,MAP_SCADA,75,0.0005731488228761794
3,UPFC_tsh,5-15,-0.23998780930740443,21,-0.23076214785449695,MAP_SCADA,75,0.009225661452907485
4,UPFC_Vse,5-15,0.06297038816134898,21,0.06081851734233769,MAP_SCADA,75,0.0021518708190112895
5,UPFC_tse,5-15,-2.1940017442066315,21,-2.1524546571618854,MAP_SCADA,75,0.04154708704474608
0,x_tcsc,1-14,-0.10200268563517126,22,-0.11330319200886299,MAP_SCADA,75,0.011300506373691732
1,B_svc,2,0.17089704393936794,22,0.18573876621990773,MAP_SCADA,75,0.014841722280539787
2,UPFC_Vsh,5-15,1.11057128340465,22,1.1071370504650786,MAP_SCADA,75,0.0034342329395713467
3,UPFC_tsh,5-15,-0.2383999901081647,22,-0.23076214785449695,MAP_SCADA,75,0.007637842253667759
4,UPFC_Vse,5-15,0.06284333278504248,22,0.06081851734233769,MAP_SCADA,75,0.0020248154427047887
5,UPFC_tse,5-15,-2.189614887509789,22,-2.1524546571618854,MAP_SCADA,75,0.0371602303479035
0,x_tcsc,1-14,-0.10414257550582919,23,-0.11330319200886299,MAP_SCADA,75,0.009160616503033805
1,B_svc,2,0.17302275696693312,23,0.18573876621990773,MAP_SCADA,75,0.012716009252974614
2,UPFC_Vsh,5-15,1.1062099902680418,23,1.1071370504650786,MAP_SCADA,75,0.0009270601970368109
3,UPFC_tsh,5-15,-0.23899992877224516,23,-0.23076214785449695,MAP_SCADA,75,0.00823778091774821
4,UPFC_Vse,5-15,0.06331203494101198,23,0.06081851734233769,MAP_SCADA,75,0.0024935175986742913
5,UPFC_tse,5-15,-2.193611288444514,23,-2.1524546571618854,MAP_SCADA,75,0.041156631282628364
0,x_tcsc,1-14,-0.10255669398750906,24,-0.11330319200886299,MAP_SCADA,75,0.010746498021353926
1,B_svc,2,0.17527665408020493,24,0.18573876621990773,MAP_SCADA,75,0.0104621121397028
2,UPFC_Vsh,5-15,1.110444416352426,24,1.1071370504650786,MAP_SCADA,75,0.00330736588734748
3,UPFC_tsh,5-15,-0.23838245129865002,24,-0.23076214785449695,MAP_SCADA,75,0.00762030344415307
4,UPFC_Vse,5-15,0.06343171498679508,24,0.06081851734233769,MAP_SCADA,75,0.002613197644457388
5,UPFC_tse,5-15,-2.1934702341448933,24,-2.1524546571618854,MAP_SCADA,75,0.04101557698300784
0,x_tcsc,1-14,-0.10349904714129522,25,-0.11330319200886299,MAP_SCADA,75,0.009804144867567768
1,B_svc,2,0.16860677052613007,25,0.18573876621990773,MAP_SCADA,75,0.017131995693777657
2,UPFC_Vsh,5-15,1.1085206473749372,25,1.1071370504650786,MAP_SCADA,75,0.0013835969098585643
3,UPFC_tsh,5-15,-0.2385443264307013,25,-0.23076214785449695,MAP_SCADA,75,0.007782178576204363
4,UPFC_Vse,5-15,0.06318141056723417,25,0.06081851734233769,MAP_SCADA,75,0.0023628932248964812
5,UPFC_tse,5-15,-2.193211743897714,25,-2.1524546571618854,MAP_SCADA,75,0.04075708673582845
0,x_tcsc,1-14,-0.10344888642509803,26,-0.11330319200886299,MAP_SCADA,75,0.00985430558376496
1,B_svc,2,0.1684348338944659,26,0.18573876621990773,MAP_SCADA,75,0.017303932325441834
2,UPFC_Vsh,5-15,1.1093544542233646,26,1.1071370504650786,MAP_SCADA,75,0.0022174037582860517
3,UPFC_tsh,5-15,-0.23870731257150962,26,-0.23076214785449695,MAP_SCADA,75,0.007945164717012676
4,UPFC_Vse,5-15,0.06272919858083496,26,0.06081851734233769,MAP_SCADA,75,0.001910681238497275
5,UPFC_tse,5-15,-2.1892722360416754,26,-2.1524546571618854,MAP_SCADA,75,0.03681757887978998
0,x_tcsc,1-14,-0.10324303032860659,27,-0.11330319200886299,MAP_SCADA,75,0.010060161680256405
1,B_svc,2,0.16582498944584045,27,0.18573876621990773,MAP_SCADA,75,0.019913776774067277
2,UPFC_Vsh,5-15,1.1092917412852477,27,1.1071370504650786,MAP_SCADA,75,0.0021546908201690584
3,UPFC_tsh,5-15,-0.23786009562888574,27,-0.23076214785449695,MAP_SCADA,75,0.007097947774388796
4,UPFC_Vse,5-15,0.06271511041328849,27,0.06081851734233769,MAP_SCADA,75,0.0018965930709508028
5,UPFC_tse,5-15,-2.1924914175363153,27,-2.1524546571618854,MAP_SCADA,75,0.040036760374429825
0,x_tcsc,1-14,-0.10135196066548283,28,-0.11330319200886299,MAP_SCADA,75,0.011951231343380164
1,B_svc,2,0.17761057228239494,28,0.18573876621990773,MAP_SCADA,75,0.008128193937512795
2,UPFC_Vsh,5-15,1.1083718755136782,28,1.1071370504650786,MAP_SCADA,75,0.0012348250485996193
3,UPFC_tsh,5-15,-0.2395613443581504,28,-0.23076214785449695,MAP_SCADA,75,0.008799196503653461
4,UPFC_Vse,5-15,0.06346267764598927,28,0.06081851734233769,MAP_SCADA,75,0.0026441603036515826
5,UPFC_tse,5-15,-2.1903041390921896,28,-2.1524546571618854,MAP_SCADA,75,0.03784948193030413
0,x_tcsc,1-14,-0.10515150213842957,29,-0.11330319200886299,MAP_SCADA,75,0.008151689870433423
1,B_svc,2,0.16766234531155627,29,0.18573876621990773,MAP_SCADA,75,0.01807642090835146
2,UPFC_Vsh,5-15,1.1095725542927521,29,1.1071370504650786,MAP_SCADA,75,0.0024355038276735463
3,UPFC_tsh,5-15,-0.23785749907874235,29,-0.23076214785449695,MAP_SCADA,75,0.0070953512242454
4,UPFC_Vse,5-15,0.06285327963871028,29,0.06081851734233769,MAP_SCADA,75,0.0020347622963725887
5,UPFC_tse,5-15,-2.1945382243971,29,-2.1524546571618854,MAP_SCADA,75,0.04208356723521467
0,x_tcsc,1-14,-0.10214521014739744,30,-0.11330319200886299,MAP_SCADA,75,0.011157981861465549
1,B_svc,2,0.1733947782625552,30,0.18573876621990773,MAP_SCADA,75,0.012343987957352531
2,UPFC_Vsh,5-15,1.108749731528518,30,1.1071370504650786,MAP_SCADA,75,0.0016126810634393696
3,UPFC_tsh,5-15,-0.24003817420459694,30,-0.23076214785449695,MAP_SCADA,75,0.009276026350099997
4,UPFC_Vse,5-15,0.06354332981972415,30,0.06081851734233769,MAP_SCADA,75,0.002724812477386457
5,UPFC_tse,5-15,-2.1899562565815236,30,-2.1524546571618854,MAP_SCADA,75,0.037501599419638154
0,x_tcsc,1-14,-0.10186895497271833,31,-0.11330319200886299,MAP_SCADA,75,0.011434237036144657
1,B_svc,2,0.1731001895027111,31,0.18573876621990773,MAP_SCADA,75,0.01263857671719662
2,UPFC_Vsh,5-15,1.1089604871881096,31,1.1071370504650786,MAP_SCADA,75,0.00182343672303098
3,UPFC_tsh,5-15,-0.2393106658119316,31,-0.23076214785449695,MAP_SCADA,75,0.008548517957434665
4,UPFC_Vse,5-15,0.06361662209310572,31,0.06081851734233769,MAP_SCADA,75,0.0027981047507680268
5,UPFC_tse,5-15,-2.1910202663171208,31,-2.1524546571618854,MAP_SCADA,75,0.038565609155235325
0,x_tcsc,1-14,-0.10199155700575223,32,-0.11330319200886299,MAP_SCADA,75,0.011311635003110762
1,B_svc,2,0.17562280153400014,32,0.18573876621990773,MAP_SCADA,75,0.010115964685907586
2,UPFC_Vsh,5-15,1.1083810877935076,32,1.1071370504650786,MAP_SCADA,75,0.0012440373284290374
3,UPFC_tsh,5-15,-0.23893318807281042,32,-0.23076214785449695,MAP_SCADA,75,0.008171040218313469
4,UPFC_Vse,5-15,0.06267661663381953,32,0.06081851734233769,MAP_SCADA,75,0.0018580992914818406
5,UPFC_tse,5-15,-2.1933767411492218,32,-2.1524546571618854,MAP_SCADA,75,0.04092208398733632
0,x_tcsc,1-14,-0.10341776982429712,33,-0.11330319200886299,MAP_SCADA,75,0.009885422184565867
1,B_svc,2,0.1685857185347648,33,0.18573876621990773,MAP_SCADA,75,0.01715304768514292
2,UPFC_Vsh,5-15,1.1090690511856047,33,1.1071370504650786,MAP_SCADA,75,0.001932000720526128
3,UPFC_tsh,5-15,-0.23823230252929914,33,-0.23076214785449695,MAP_SCADA,75,0.007470154674802193
4,UPFC_Vse,5-15,0.06321292719959012,33,0.06081851734233769,MAP_SCADA,75,0.002394409857252436
5,UPFC_tse,5-15,-2.190809317373603,33,-2.1524546571618854,MAP_SCADA,75,0.03835466021171774
0,x_tcsc,1-14,-0.10303751160140999,34,-0.11330319200886299,MAP_SCADA,75,0.010265680407453001
1,B_svc,2,0.1683284671853949,34,0.18573876621990773,MAP_SCADA,75,0.017410299034512827
2,UPFC_Vsh,5-15,1.109998361341998,34,1.1071370504650786,MAP_SCADA,75,0.0028613108769193207
3,UPFC_tsh,5-15,-0.2380691737984707,34,-0.23076214785449695,MAP_SCADA,75,0.007307025943973755
4,UPFC_Vse,5-15,0.0635342444626378,34,0.06081851734233769,MAP_SCADA,75,0.002715727120300118
5,UPFC_tse,5-15,-2.1878828879669565,34,-2.1524546571618854,MAP_SCADA,75,0.03542823080507107
0,x_tcsc,1-14,-0.10297982083834885,35,-0.11330319200886299,MAP_SCADA,75,0.010323371170514142
1,B_svc,2,0.17046754832647434,35,0.18573876621990773,MAP_SCADA,75,0.015271217893433386
2,UPFC_Vsh,5-15,1.1112794492291262,35,1.1071370504650786,MAP_SCADA,75,0.00414239876404765
3,UPFC_tsh,5-15,-0.2385383032127797,35,-0.23076214785449695,MAP_SCADA,75,0.007776155358282744
4,UPFC_Vse,5-15,0.06367108062868834,35,0.06081851734233769,MAP_SCADA,75,0.002852563286350654
5,UPFC_tse,5-15,-2.188473680620623,35,-2.1524546571618854,MAP_SCADA,75,0.03601902345873764
0,x_tcsc,1-14,-0.1037433704569016,36,-0.11330319200886299,MAP_SCADA,75,0.00955982155196139
1,B_svc,2,0.17020265351511055,36,0.18573876621990773,MAP_SCADA,75,0.015536112704797184
2,UPFC_Vsh,5-15,1.1084573576990415,36,1.1071370504650786,MAP_SCADA,75,0.0013203072339629252
3,UPFC_tsh,5-15,-0.2387082284511852,36,-0.23076214785449695,MAP_SCADA,75,0.007946080596688249
4,UPFC_Vse,5-15,0.06266177121649627,36,0.06081851734233769,MAP_SCADA,75,0.0018432538741585819
5,UPFC_tse,5-15,-2.192234184921244,36,-2.1524546571618854,MAP_SCADA,75,0.03977952775935867
0,x_tcsc,1-14,-0.10331206912751367,37,-0.11330319200886299,MAP_SCADA,75,0.009991122881349318
1,B_svc,2,0.16983444814242962,37,0.18573876621990773,MAP_SCADA,75,0.015904318077478108
2,UPFC_Vsh,5-15,1.1093899644083485,37,1.1071370504650786,MAP_SCADA,75,0.002252913943269874
3,UPFC_tsh,5-15,-0.23805948198578433,37,-0.23076214785449695,MAP_SCADA,75,0.007297334131287386
4,UPFC_Vse,5-15,0.06260338273141129,37,0.06081851734233769,MAP_SCADA,75,0.0017848653890736033
5,UPFC_tse,5-15,-2.194394240818059,37,-2.1524546571618854,MAP_SCADA,75,0.04193958365617334
0,x_tcsc,1-14,-0.10491436820607243,38,-0.11330319200886299,MAP_SCADA,75,0.00838882380279056
1,B_svc,2,0.1672180740223852,38,0.18573876621990773,MAP_SCADA,75,0.01852069219752253
2,UPFC_Vsh,5-15,1.1095823920842456,38,1.1071370504650786,MAP_SCADA,75,0.0024453416191669852
3,UPFC_tsh,5-15,-0.23796712750088744,38,-0.23076214785449695,MAP_SCADA,75,0.007204979646390497
4,UPFC_Vse,5-15,0.06283312149927725,38,0.06081851734233769,MAP_SCADA,75,0.0020146041569395617
5,UPFC_tse,5-15,-2.18825981095042,38,-2.1524546571618854,MAP_SCADA,75,0.03580515378853466
0,x_tcsc,1-14,-0.10472404013278803,39,-0.11330319200886299,MAP_SCADA,75,0.008579151876074956
1,B_svc,2,0.17177177941619282,39,0.18573876621990773,MAP_SCADA,75,0.013966986803714915
2,UPFC_Vsh,5-15,1.106130884386145,39,1.1071370504650786,MAP_SCADA,75,0.001006166078933557
3,UPFC_tsh,5-15,-0.239162445516109,39,-0.23076214785449695,MAP_SCADA,75,0.008400297661612044
4,UPFC_Vse,5-15,0.06329622775397507,39,0.06081851734233769,MAP_SCADA,75,0.002477710411637385
5,UPFC_tse,5-15,-2.187460536285187,39,-2.1524546571618854,MAP_SCADA,75,0.035005879123301664
0,x_tcsc,1-14,-0.10328701279564349,40,-0.11330319200886299,MAP_SCADA,75,0.010016179213219498
1,B_svc,2,0.1697864442432162,40,0.18573876621990773,MAP_SCADA,75,0.015952321976691525
2,UPFC_Vsh,5-15,1.1091570589281596,40,1.1071370504650786,MAP_SCADA,75,0.0020200084630810355
3,UPFC_tsh,5-15,-0.23841077906827327,40,-0.23076214785449695,MAP_SCADA,75,0.007648631213776319
4,UPFC_Vse,5-15,0.06335807687554586,40,0.06081851734233769,MAP_SCADA,75,0.002539559533208169
5,UPFC_tse,5-15,-2.188321530167082,40,-2.1524546571618854,MAP_SCADA,75,0.03586687300519653
0,x_tcsc,1-14,-0.10415308358070655,41,-0.11330319200886299,MAP_SCADA,75,0.009150108428156445
1,B_svc,2,0.1659516229371476,41,0.18573876621990773,MAP_SCADA,75,0.019787143282760128
2,UPFC_Vsh,5-15,1.1088618181516254,41,1.1071370504650786,MAP_SCADA,75,0.0017247676865468353
3,UPFC_tsh,5-15,-0.23803785406369915,41,-0.23076214785449695,MAP_SCADA,75,0.007275706209202204
4,UPFC_Vse,5-15,0.06317922460371121,41,0.06081851734233769,MAP_SCADA,75,0.0023607072613735236
5,UPFC_tse,5-15,-2.192117927145841,41,-2.1524546571618854,MAP_SCADA,75,0.03966326998395564
0,x_tcsc,1-14,-0.10282328972764497,42,-0.11330319200886299,MAP_SCADA,75,0.01047990228121802
1,B_svc,2,0.1721197597634059,42,0.18573876621990773,MAP_SCADA,75,0.013619006456501825
2,UPFC_Vsh,5-15,1.1081902020497665,42,1.1071370504650786,MAP_SCADA,75,0.0010531515846878836
3,UPFC_tsh,5-15,-0.23900538395228121,42,-0.23076214785449695,MAP_SCADA,75,0.008243236097784268
4,UPFC_Vse,5-15,0.06283176345199303,42,0.06081851734233769,MAP_SCADA,75,0.0020132461096553367
5,UPFC_tse,5-15,-2.1893873032588393,42,-2.1524546571618854,MAP_SCADA,75,0.0369326460969539
0,x_tcsc,1-14,-0.10303424453802462,43,-0.11330319200886299,MAP_SCADA,75,0.010268947470838369
1,B_svc,2,0.17311051925916063,43,0.18573876621990773,MAP_SCADA,75,0.012628246960747103
2,UPFC_Vsh,5-15,1.107982607035665,43,1.1071370504650786,MAP_SCADA,75,0.000845556570586492
3,UPFC_tsh,5-15,-0.23927261561656687,43,-0.23076214785449695,MAP_SCADA,75,0.008510467762069929
4,UPFC_Vse,5-15,0.06356982541230466,43,0.06081851734233769,MAP_SCADA,75,0.0027513080699669706
5,UPFC_tse,5-15,-2.1951217682769553,43,-2.1524546571618854,MAP_SCADA,75,0.04266711111506982
0,x_tcsc,1-14,-0.1027973561626272,44,-0.11330319200886299,MAP_SCADA,75,0.010505835846235795
1,B_svc,2,0.1681348089727287,44,0.18573876621990773,MAP_SCADA,75,0.01760395724717903
2,UPFC_Vsh,5-15,1.109787300168,44,1.1071370504650786,MAP_SCADA,75,0.002650249702921492
3,UPFC_tsh,5-15,-0.23831165948836602,44,-0.23076214785449695,MAP_SCADA,75,0.007549511633869077
4,UPFC_Vse,5-15,0.06368281985756345,44,0.06081851734233769,MAP_SCADA,75,0.002864302515225764
5,UPFC_tse,5-15,-2.1854876578376725,44,-2.1524546571618854,MAP_SCADA,75,0.03303300067578707
0,x_tcsc,1-14,-0.10221996947708181,45,-0.11330319200886299,MAP_SCADA,75,0.011083222531781178
1,B_svc,2,0.1768898387398685,45,0.18573876621990773,MAP_SCADA,75,0.008848927480039237
2,UPFC_Vsh,5-15,1.1095156345355885,45,1.1071370504650786,MAP_SCADA,75,0.002378584070509948
3,UPFC_tsh,5-15,-0.2389523502653847,45,-0.23076214785449695,MAP_SCADA,75,0.008190202410887748
4,UPFC_Vse,5-15,0.06318314771751779,45,0.06081851734233769,MAP_SCADA,75,0.0023646303751801018
5,UPFC_tse,5-15,-2.193731744557763,45,-2.1524546571618854,MAP_SCADA,75,0.041277087395877654
0,x_tcsc,1-14,-0.10209110133794598,46,-0.11330319200886299,MAP_SCADA,75,0.01121209067091701
1,B_svc,2,0.1749895939957132,46,0.18573876621990773,MAP_SCADA,75,0.010749172224194525
2,UPFC_Vsh,5-15,1.1075689036025793,46,1.1071370504650786,MAP_SCADA,75,0.0004318531375007151
3,UPFC_tsh,5-15,-0.2405839698596442,46,-0.23076214785449695,MAP_SCADA,75,0.009821822005147252
4,UPFC_Vse,5-15,0.06325877581511731,46,0.06081851734233769,MAP_SCADA,75,0.0024402584727796217
5,UPFC_tse,5-15,-2.1915658662244795,46,-2.1524546571618854,MAP_SCADA,75,0.03911120906259402
0,x_tcsc,1-14,-0.10430424526697522,47,-0.11330319200886299,MAP_SCADA,75,0.008998946741887767
1,B_svc,2,0.16657044584038416,47,0.18573876621990773,MAP_SCADA,75,0.019168320379523568
2,UPFC_Vsh,5-15,1.1089944570086598,47,1.1071370504650786,MAP_SCADA,75,0.0018574065435812415
3,UPFC_tsh,5-15,-0.23755332848839128,47,-0.23076214785449695,MAP_SCADA,75,0.006791180633894334
4,UPFC_Vse,5-15,0.06325285378388841,47,0.06081851734233769,MAP_SCADA,75,0.002434336441550722
5,UPFC_tse,5-15,-2.1926651756040454,47,-2.1524546571618854,MAP_SCADA,75,0.04021051844215995
0,x_tcsc,1-14,-0.10467341988269523,48,-0.11330319200886299,MAP_SCADA,75,0.008629772126167765
1,B_svc,2,0.16631328053467387,48,0.18573876621990773,MAP_SCADA,75,0.019425485685233862
2,UPFC_Vsh,5-15,1.109765910581846,48,1.1071370504650786,MAP_SCADA,75,0.0026288601167674397
3,UPFC_tsh,5-15,-0.23718168953869978,48,-0.23076214785449695,MAP_SCADA,75,0.006419541684202834
4,UPFC_Vse,5-15,0.06257817548573592,48,0.06081851734233769,MAP_SCADA,75,0.001759658143398235
5,UPFC_tse,5-15,-2.189149825874566,48,-2.1524546571618854,MAP_SCADA,75,0.03669516871268064
0,x_tcsc,1-14,-0.10036649413923276,49,-0.11330319200886299,MAP_SCADA,75,0.012936697869630226
1,B_svc,2,0.1848686799141463,49,0.18573876621990773,MAP_SCADA,75,0.0008700863057614361
2,UPFC_Vsh,5-15,1.1056475662275105,49,1.1071370504650786,MAP_SCADA,75,0.0014894842375681172
3,UPFC_tsh,5-15,-0.2414821266404511,49,-0.23076214785449695,MAP_SCADA,75,0.010719978785954154
4,UPFC_Vse,5-15,0.0630950463263788,49,0.06081851734233769,MAP_SCADA,75,0.0022765289840411124
5,UPFC_tse,5-15,-2.1950301431956265,49,-2.1524546571618854,MAP_SCADA,75,0.04257548603374106
0,x_tcsc,1-14,-0.10197953963546616,50,-0.11330319200886299,MAP_SCADA,75,0.01132365237339683
1,B_svc,2,0.1736852085055039,50,0.18573876621990773,MAP_SCADA,75,0.012053557714403834
2,UPFC_Vsh,5-15,1.1100116771882211,50,1.1071370504650786,MAP_SCADA,75,0.002874626723142537
3,UPFC_tsh,5-15,-0.2387841569748617,50,-0.23076214785449695,MAP_SCADA,75,0.008022009120364743
4,UPFC_Vse,5-15,0.06333349762164837,50,0.06081851734233769,MAP_SCADA,75,0.0025149802793106857
5,UPFC_tse,5-15,-2.18884697758656,50,-2.1524546571618854,MAP_SCADA,75,0.03639232042467455
0,x_tcsc,1-14,-0.10287200005996062,51,-0.11330319200886299,MAP_SCADA,75,0.010431191948902366
1,B_svc,2,0.17435630556991935,51,0.18573876621990773,MAP_SCADA,75,0.01138246064998838
2,UPFC_Vsh,5-15,1.1083789801853865,51,1.1071370504650786,MAP_SCADA,75,0.0012419297203078994
3,UPFC_tsh,5-15,-0.23954156229505957,51,-0.23076214785449695,MAP_SCADA,75,0.008779414440562627
4,UPFC_Vse,5-15,0.0634631446920625,51,0.06081851734233769,MAP_SCADA,75,0.002644627349724815
5,UPFC_tse,5-15,-2.193128263603617,51,-2.1524546571618854,MAP_SCADA,75,0.04067360644173146
0,x_tcsc,1-14,-0.10324332919686505,52,-0.11330319200886299,MAP_SCADA,75,0.010059862811997944
1,B_svc,2,0.1696109973659828,52,0.18573876621990773,MAP_SCADA,75,0.016127768853924918
2,UPFC_Vsh,5-15,1.111682729996886,52,1.1071370504650786,MAP_SCADA,75,0.004545679531807512
3,UPFC_tsh,5-15,-0.2380664599567824,52,-0.23076214785449695,MAP_SCADA,75,0.007304312102285465
4,UPFC_Vse,5-15,0.0636095662815725,52,0.06081851734233769,MAP_SCADA,75,0.0027910489392348053
5,UPFC_tse,5-15,-2.190966086526349,52,-2.1524546571618854,MAP_SCADA,75,0.03851142936446372
0,x_tcsc,1-14,-0.10136893818338043,53,-0.11330319200886299,MAP_SCADA,75,0.011934253825482563
1,B_svc,2,0.1763356233567943,53,0.18573876621990773,MAP_SCADA,75,0.009403142863113417
2,UPFC_Vsh,5-15,1.1071755978151345,53,1.1071370504650786,MAP_SCADA,75,3.8547350055928575e-05
3,UPFC_tsh,5-15,-0.24045414133719084,53,-0.23076214785449695,MAP_SCADA,75,0.009691993482693895
4,UPFC_Vse,5-15,0.06363480196190133,53,0.06081851734233769,MAP_SCADA,75,0.0028162846195636387
5,UPFC_tse,5-15,-2.1940031377680684,53,-2.1524546571618854,MAP_SCADA,75,0.04154848060618299
0,x_tcsc,1-14,-0.10324843381027872,54,-0.11330319200886299,MAP_SCADA,75,0.010054758198584271
1,B_svc,2,0.17285646172672728,54,0.18573876621990773,MAP_SCADA,75,0.012882304493180452
2,UPFC_Vsh,5-15,1.1064658011062947,54,1.1071370504650786,MAP_SCADA,75,0.0006712493587839319
3,UPFC_tsh,5-15,-0.24019351975165645,54,-0.23076214785449695,MAP_SCADA,75,0.009431371897159507
4,UPFC_Vse,5-15,0.0631805362478855,54,0.06081851734233769,MAP_SCADA,75,0.002362018905547811
5,UPFC_tse,5-15,-2.1928662900195057,54,-2.1524546571618854,MAP_SCADA,75,0.04041163285762028
0,x_tcsc,1-14,-0.1019788974557904,55,-0.11330319200886299,MAP_SCADA,75,0.011324294553072586
1,B_svc,2,0.1762892680006951,55,0.18573876621990773,MAP_SCADA,75,0.009449498219212621
2,UPFC_Vsh,5-15,1.1068642261414183,55,1.1071370504650786,MAP_SCADA,75,0.0002728243236602701
3,UPFC_tsh,5-15,-0.2403625187434593,55,-0.23076214785449695,MAP_SCADA,75,0.009600370888962345
4,UPFC_Vse,5-15,0.06392525493854063,55,0.06081851734233769,MAP_SCADA,75,0.0031067375962029464
5,UPFC_tse,5-15,-2.1962706712338904,55,-2.1524546571618854,MAP_SCADA,75,0.04381601407200497
0,x_tcsc,1-14,-0.10527974321233675,56,-0.11330319200886299,MAP_SCADA,75,0.008023448796526236
1,B_svc,2,0.167632286351566,56,0.18573876621990773,MAP_SCADA,75,0.01810647986834174
2,UPFC_Vsh,5-15,1.1086875892260313,56,1.1071370504650786,MAP_SCADA,75,0.00155053876095268
3,UPFC_tsh,5-15,-0.23816006534123574,56,-0.23076214785449695,MAP_SCADA,75,0.007397917486738792
4,UPFC_Vse,5-15,0.06254446606212997,56,0.06081851734233769,MAP_SCADA,75,0.0017259487197922863
5,UPFC_tse,5-15,-2.1879062130788323,56,-2.1524546571618854,MAP_SCADA,75,0.03545155591694682
0,x_tcsc,1-14,-0.10179695860865144,57,-0.11330319200886299,MAP_SCADA,75,0.011506233400211549
1,B_svc,2,0.17922775758191414,57,0.18573876621990773,MAP_SCADA,75,0.006511008637993587
2,UPFC_Vsh,5-15,1.1053913401140298,57,1.1071370504650786,MAP_SCADA,75,0.001745710351048757
3,UPFC_tsh,5-15,-0.24078070444873179,57,-0.23076214785449695,MAP_SCADA,75,0.01001855659423484
4,UPFC_Vse,5-15,0.0628623967199648,57,0.06081851734233769,MAP_SCADA,75,0.0020438793776271086
5,UPFC_tse,5-15,-2.19228846799818,57,-2.1524546571618854,MAP_SCADA,75,0.03983381083629434
0,x_tcsc,1-14,-0.10438407717916225,58,-0.11330319200886299,MAP_SCADA,75,0.008919114829700744
1,B_svc,2,0.1710229922972262,58,0.18573876621990773,MAP_SCADA,75,0.01471577392268153
2,UPFC_Vsh,5-15,1.1084581412862453,58,1.1071370504650786,MAP_SCADA,75,0.001321090821166715
3,UPFC_tsh,5-15,-0.23826230188521025,58,-0.23076214785449695,MAP_SCADA,75,0.007500154030713302
4,UPFC_Vse,5-15,0.06312944551932835,58,0.06081851734233769,MAP_SCADA,75,0.002310928176990662
5,UPFC_tse,5-15,-2.1876418894390635,58,-2.1524546571618854,MAP_SCADA,75,0.035187232277178015
0,x_tcsc,1-14,-0.10383418172265896,59,-0.11330319200886299,MAP_SCADA,75,0.009469010286204033
1,B_svc,2,0.17312892218344747,59,0.18573876621990773,MAP_SCADA,75,0.01260984403646026
2,UPFC_Vsh,5-15,1.1072547742868786,59,1.1071370504650786,MAP_SCADA,75,0.00011772382179997543
3,UPFC_tsh,5-15,-0.23890156901931114,59,-0.23076214785449695,MAP_SCADA,75,0.008139421164814198
4,UPFC_Vse,5-15,0.06299379008888283,59,0.06081851734233769,MAP_SCADA,75,0.002175272746545137
5,UPFC_tse,5-15,-2.1917922454989034,59,-2.1524546571618854,MAP_SCADA,75,0.03933758833701795
0,x_tcsc,1-14,-0.10327191665118586,60,-0.11330319200886299,MAP_SCADA,75,0.01003127535767713
1,B_svc,2,0.16996069385126053,60,0.18573876621990773,MAP_SCADA,75,0.0157780723686472
2,UPFC_Vsh,5-15,1.1098518577775867,60,1.1071370504650786,MAP_SCADA,75,0.0027148073125080607
3,UPFC_tsh,5-15,-0.23820244736558496,60,-0.23076214785449695,MAP_SCADA,75,0.007440299511088017
4,UPFC_Vse,5-15,0.06292108618224466,60,0.06081851734233769,MAP_SCADA,75,0.0021025688399069764
5,UPFC_tse,5-15,-2.187923879159447,60,-2.1524546571618854,MAP_SCADA,75,0.03546922199756164
0,x_tcsc,1-14,-0.10443203071954701,61,-0.11330319200886299,MAP_SCADA,75,0.008871161289315976
1,B_svc,2,0.16903423354943337,61,0.18573876621990773,MAP_SCADA,75,0.016704532670474365
2,UPFC_Vsh,5-15,1.110202654342042,61,1.1071370504650786,MAP_SCADA,75,0.0030656038769634186
3,UPFC_tsh,5-15,-0.23777468793642412,61,-0.23076214785449695,MAP_SCADA,75,0.007012540081927171
4,UPFC_Vse,5-15,0.06314581996839719,61,0.06081851734233769,MAP_SCADA,75,0.0023273026260594992
5,UPFC_tse,5-15,-2.1855869768875538,61,-2.1524546571618854,MAP_SCADA,75,0.033132319725668324
0,x_tcsc,1-14,-0.1018979327156657,62,-0.11330319200886299,MAP_SCADA,75,0.011405259293197287
1,B_svc,2,0.17427711005926577,62,0.18573876621990773,MAP_SCADA,75,0.011461656160641959
2,UPFC_Vsh,5-15,1.1095015499881347,62,1.1071370504650786,MAP_SCADA,75,0.002364499523056063
3,UPFC_tsh,5-15,-0.23957433529079633,62,-0.23076214785449695,MAP_SCADA,75,0.008812187436299385
4,UPFC_Vse,5-15,0.06324467634335171,62,0.06081851734233769,MAP_SCADA,75,0.0024261590010140194
5,UPFC_tse,5-15,-2.194724354980753,62,-2.1524546571618854,MAP_SCADA,75,0.04226969781886769
0,x_tcsc,1-14,-0.1047565086025988,63,-0.11330319200886299,MAP_SCADA,75,0.008546683406264188
1,B_svc,2,0.16464257816312167,63,0.18573876621990773,MAP_SCADA,75,0.021096188056786064
2,UPFC_Vsh,5-15,1.1108932720561624,63,1.1071370504650786,MAP_SCADA,75,0.003756221591083797
3,UPFC_tsh,5-15,-0.23730546416250609,63,-0.23076214785449695,MAP_SCADA,75,0.0065433163080091394
4,UPFC_Vse,5-15,0.06270315531355272,63,0.06081851734233769,MAP_SCADA,75,0.0018846379712150335
5,UPFC_tse,5-15,-2.1891048347645268,63,-2.1524546571618854,MAP_SCADA,75,0.03665017760264133
0,x_tcsc,1-14,-0.10149762845702923,64,-0.11330319200886299,MAP_SCADA,75,0.011805563551833764
1,B_svc,2,0.17041915878050962,64,0.18573876621990773,MAP_SCADA,75,0.015319607439398114
2,UPFC_Vsh,5-15,1.1100417205424307,64,1.1071370504650786,MAP_SCADA,75,0.0029046700773520673
3,UPFC_tsh,5-15,-0.23829959354425628,64,-0.23076214785449695,MAP_SCADA,75,0.007537445689759337
4,UPFC_Vse,5-15,0.06332037722712637,64,0.06081851734233769,MAP_SCADA,75,0.002501859884788682
5,UPFC_tse,5-15,-2.1874300265671645,64,-2.1524546571618854,MAP_SCADA,75,0.03497536940527901
0,x_tcsc,1-14,-0.1029503968470731,65,-0.11330319200886299,MAP_SCADA,75,0.010352795161789885
1,B_svc,2,0.1727546126568781,65,0.18573876621990773,MAP_SCADA,75,0.012984153563029621
2,UPFC_Vsh,5-15,1.1090411589252558,65,1.1071370504650786,MAP_SCADA,75,0.0019041084601771896
3,UPFC_tsh,5-15,-0.2391466538977477,65,-0.23076214785449695,MAP_SCADA,75,0.00838450604325075
4,UPFC_Vse,5-15,0.06267864255580684,65,0.06081851734233769,MAP_SCADA,75,0.0018601252134691493
5,UPFC_tse,5-15,-2.194609229181598,65,-2.1524546571618854,MAP_SCADA,75,0.04215457201971251
0,x_tcsc,1-14,-0.10255764452678089,66,-0.11330319200886299,MAP_SCADA,75,0.010745547482082105
1,B_svc,2,0.17335932811787075,66,0.18573876621990773,MAP_SCADA,75,0.012379438102036983
2,UPFC_Vsh,5-15,1.1067821196443008,66,1.1071370504650786,MAP_SCADA,75,0.0003549308207777546
3,UPFC_tsh,5-15,-0.24009114421968414,66,-0.23076214785449695,MAP_SCADA,75,0.009328996365187192
4,UPFC_Vse,5-15,0.06383770986129642,66,0.06081851734233769,MAP_SCADA,75,0.003019192518958727
5,UPFC_tse,5-15,-2.189975251551576,66,-2.1524546571618854,MAP_SCADA,75,0.037520594389690576
0,x_tcsc,1-14,-0.10257961106253177,67,-0.11330319200886299,MAP_SCADA,75,0.010723580946331218
1,B_svc,2,0.1742425484016374,67,0.18573876621990773,MAP_SCADA,75,0.011496217818270343
2,UPFC_Vsh,5-15,1.1083253567254918,67,1.1071370504650786,MAP_SCADA,75,0.0011883062604132189
3,UPFC_tsh,5-15,-0.23958027079370714,67,-0.23076214785449695,MAP_SCADA,75,0.008818122939210193
4,UPFC_Vse,5-15,0.06314568162052941,67,0.06081851734233769,MAP_SCADA,75,0.0023271642781917262
5,UPFC_tse,5-15,-2.1901283364202158,67,-2.1524546571618854,MAP_SCADA,75,0.03767367925833032
0,x_tcsc,1-14,-0.10263337111071213,68,-0.11330319200886299,MAP_SCADA,75,0.010669820898150856
1,B_svc,2,0.17100614863303598,68,0.18573876621990773,MAP_SCADA,75,0.014732617586871749
2,UPFC_Vsh,5-15,1.1100202564761716,68,1.1071370504650786,MAP_SCADA,75,0.0028832060110930424
3,UPFC_tsh,5-15,-0.23892424588676187,68,-0.23076214785449695,MAP_SCADA,75,0.00816209803226492
4,UPFC_Vse,5-15,0.06251988918292863,68,0.06081851734233769,MAP_SCADA,75,0.0017013718405909373
5,UPFC_tse,5-15,-2.187948808276476,68,-2.1524546571618854,MAP_SCADA,75,0.03549415111459053
0,x_tcsc,1-14,-0.10299316820601115,69,-0.11330319200886299,MAP_SCADA,75,0.010310023802851842
1,B_svc,2,0.16947360486173987,69,0.18573876621990773,MAP_SCADA,75,0.016265161358167857
2,UPFC_Vsh,5-15,1.1089815892970292,69,1.1071370504650786,MAP_SCADA,75,0.0018445388319505707
3,UPFC_tsh,5-15,-0.2385254375662905,69,-0.23076214785449695,MAP_SCADA,75,0.007763289711793547
4,UPFC_Vse,5-15,0.06214377261304217,69,0.06081851734233769,MAP_SCADA,75,0.001325255270704484
5,UPFC_tse,5-15,-2.1892225229127744,69,-2.1524546571618854,MAP_SCADA,75,0.03676786575088897
0,x_tcsc,1-14,-0.10185809716055308,70,-0.11330319200886299,MAP_SCADA,75,0.011445094848309911
1,B_svc,2,0.1712652326521477,70,0.18573876621990773,MAP_SCADA,75,0.014473533567760044
2,UPFC_Vsh,5-15,1.1087057236793505,70,1.1071370504650786,MAP_SCADA,75,0.0015686732142718984
3,UPFC_tsh,5-15,-0.2391822748874336,70,-0.23076214785449695,MAP_SCADA,75,0.008420127032936653
4,UPFC_Vse,5-15,0.06257359134144821,70,0.06081851734233769,MAP_SCADA,75,0.0017550739991105263
5,UPFC_tse,5-15,-2.1913194357175967,70,-2.1524546571618854,MAP_SCADA,75,0.038864778555711244
0,x_tcsc,1-14,-0.10524162761546635,71,-0.11330319200886299,MAP_SCADA,75,0.008061564393396642
1,B_svc,2,0.16611244629803404,71,0.18573876621990773,MAP_SCADA,75,0.01962631992187369
2,UPFC_Vsh,5-15,1.1096813062861652,71,1.1071370504650786,MAP_SCADA,75,0.0025442558210866384
3,UPFC_tsh,5-15,-0.23770084547255427,71,-0.23076214785449695,MAP_SCADA,75,0.006938697618057321
4,UPFC_Vse,5-15,0.06383213767638687,71,0.06081851734233769,MAP_SCADA,75,0.0030136203340491857
5,UPFC_tse,5-15,-2.1861294420596007,71,-2.1524546571618854,MAP_SCADA,75,0.03367478489771525
0,x_tcsc,1-14,-0.10233283399276083,72,-0.11330319200886299,MAP_SCADA,75,0.01097035801610216
1,B_svc,2,0.17345561181975075,72,0.18573876621990773,MAP_SCADA,75,0.012283154400156981
2,UPFC_Vsh,5-15,1.1081896369708146,72,1.1071370504650786,MAP_SCADA,75,0.0010525865057360306
3,UPFC_tsh,5-15,-0.2390668542505105,72,-0.23076214785449695,MAP_SCADA,75,0.00830470639601355
4,UPFC_Vse,5-15,0.06308312190652304,72,0.06081851734233769,MAP_SCADA,75,0.0022646045641853546
5,UPFC_tse,5-15,-2.1950210742699534,72,-2.1524546571618854,MAP_SCADA,75,0.042566417108067967
0,x_tcsc,1-14,-0.10300572656616798,73,-0.11330319200886299,MAP_SCADA,75,0.010297465442695011
1,B_svc,2,0.1699124075334846,73,0.18573876621990773,MAP_SCADA,75,0.015826358686423125
2,UPFC_Vsh,5-15,1.111688763891842,73,1.1071370504650786,MAP_SCADA,75,0.004551713426763415
3,UPFC_tsh,5-15,-0.23754253964747926,73,-0.23076214785449695,MAP_SCADA,75,0.006780391792982315
4,UPFC_Vse,5-15,0.06295480558574423,73,0.06081851734233769,MAP_SCADA,75,0.002136288243406545
5,UPFC_tse,5-15,-2.1898784956330895,73,-2.1524546571618854,MAP_SCADA,75,0.03742383847120401
0,x_tcsc,1-14,-0.10514924575789812,74,-0.11330319200886299,MAP_SCADA,75,0.00815394625096487
1,B_svc,2,0.16485838462843566,74,0.18573876621990773,MAP_SCADA,75,0.02088038159147207
2,UPFC_Vsh,5-15,1.1083799244483572,74,1.1071370504650786,MAP_SCADA,75,0.0012428739832786029
3,UPFC_tsh,5-15,-0.23760004359913878,74,-0.23076214785449695,MAP_SCADA,75,0.006837895744641831
4,UPFC_Vse,5-15,0.06298926157265705,74,0.06081851734233769,MAP_SCADA,75,0.002170744230319363
5,UPFC_tse,5-15,-2.1901337929582283,74,-2.1524546571618854,MAP_SCADA,75,0.037679135796342855
0,x_tcsc,1-14,-0.10232746305722461,75,-0.11330319200886299,MAP_SCADA,75,0.010975728951638383
1,B_svc,2,0.17313561704027464,75,0.18573876621990773,MAP_SCADA,75,0.012603149179633094
2,UPFC_Vsh,5-15,1.1109635601407246,75,1.1071370504650786,MAP_SCADA,75,0.003826509675646017
3,UPFC_tsh,5-15,-0.2383956924953973,75,-0.23076214785449695,MAP_SCADA,75,0.007633544640900353
4,UPFC_Vse,5-15,0.06252459057740888,75,0.06081851734233769,MAP_SCADA,75,0.0017060732350711871
5,UPFC_tse,5-15,-2.1931506194433967,75,-2.1524546571618854,MAP_SCADA,75,0.04069596228151129
0,x_tcsc,1-14,-0.10346791682523426,76,-0.11330319200886299,MAP_SCADA,75,0.009835275183628728
1,B_svc,2,0.16888588364988585,76,0.18573876621990773,MAP_SCADA,75,0.016852882570021877
2,UPFC_Vsh,5-15,1.1099742200180993,76,1.1071370504650786,MAP_SCADA,75,0.002837169553020713
3,UPFC_tsh,5-15,-0.23913273123024675,76,-0.23076214785449695,MAP_SCADA,75,0.008370583375749807
4,UPFC_Vse,5-15,0.06273977661451471,76,0.06081851734233769,MAP_SCADA,75,0.0019212592721770255
5,UPFC_tse,5-15,-2.1907842344148376,76,-2.1524546571618854,MAP_SCADA,75,0.03832957725295216
0,x_tcsc,1-14,-0.1031683208624105,77,-0.11330319200886299,MAP_SCADA,75,0.010134871146452493
1,B_svc,2,0.16891396732518127,77,0.18573876621990773,MAP_SCADA,75,0.01682479889472646
2,UPFC_Vsh,5-15,1.1077683373382927,77,1.1071370504650786,MAP_SCADA,75,0.0006312868732141208
3,UPFC_tsh,5-15,-0.23970109057894223,77,-0.23076214785449695,MAP_SCADA,75,0.008938942724445287
4,UPFC_Vse,5-15,0.06299287105766653,77,0.06081851734233769,MAP_SCADA,75,0.0021743537153288417
5,UPFC_tse,5-15,-2.189390037798933,77,-2.1524546571618854,MAP_SCADA,75,0.03693538063704738
0,x_tcsc,1-14,-0.1003523763282444,78,-0.11330319200886299,MAP_SCADA,75,0.012950815680618594
1,B_svc,2,0.1781374744137755,78,0.18573876621990773,MAP_SCADA,75,0.0076012918061322265
2,UPFC_Vsh,5-15,1.1064367614323085,78,1.1071370504650786,MAP_SCADA,75,0.000700289032770085
3,UPFC_tsh,5-15,-0.24069360638132725,78,-0.23076214785449695,MAP_SCADA,75,0.009931458526830306
4,UPFC_Vse,5-15,0.0636058583757046,78,0.06081851734233769,MAP_SCADA,75,0.002787341033366905
5,UPFC_tse,5-15,-2.1934335928061675,78,-2.1524546571618854,MAP_SCADA,75,0.04097893564428201
0,x_tcsc,1-14,-0.10276773053574277,79,-0.11330319200886299,MAP_SCADA,75,0.01053546147312022
1,B_svc,2,0.1680802978468382,79,0.18573876621990773,MAP_SCADA,75,0.01765846837306953
2,UPFC_Vsh,5-15,1.1117810693734493,79,1.1071370504650786,MAP_SCADA,75,0.0046440189083707395
3,UPFC_tsh,5-15,-0.237322468516072,79,-0.23076214785449695,MAP_SCADA,75,0.006560320661575053
4,UPFC_Vse,5-15,0.06270065158906427,79,0.06081851734233769,MAP_SCADA,75,0.0018821342467265773
5,UPFC_tse,5-15,-2.1869983063602736,79,-2.1524546571618854,MAP_SCADA,75,0.03454364919838815
0,x_tcsc,1-14,-0.10316049789480242,80,-0.11330319200886299,MAP_SCADA,75,0.010142694114060574
1,B_svc,2,0.17065832407353948,80,0.18573876621990773,MAP_SCADA,75,0.01508044214636825
2,UPFC_Vsh,5-15,1.1092538073589127,80,1.1071370504650786,MAP_SCADA,75,0.0021167568938340597
3,UPFC_tsh,5-15,-0.239140938455551,80,-0.23076214785449695,MAP_SCADA,75,0.008378790601054065
4,UPFC_Vse,5-15,0.063109103691046,80,0.06081851734233769,MAP_SCADA,75,0.0022905863487083095
5,UPFC_tse,5-15,-2.1914075308370156,80,-2.1524546571618854,MAP_SCADA,75,0.03895287367513012
0,x_tcsc,1-14,-0.10041044236733196,81,-0.11330319200886299,MAP_SCADA,75,0.012892749641531032
1,B_svc,2,0.18123476065321326,81,0.18573876621990773,MAP_SCADA,75,0.0045040055666944745
2,UPFC_Vsh,5-15,1.1059665821283136,81,1.1071370504650786,MAP_SCADA,75,0.0011704683367650404
3,UPFC_tsh,5-15,-0.24094205153019474,81,-0.23076214785449695,MAP_SCADA,75,0.010179903675697793
4,UPFC_Vse,5-15,0.06307815871124836,81,0.06081851734233769,MAP_SCADA,75,0.0022596413689106726
5,UPFC_tse,5-15,-2.195590834076475,81,-2.1524546571618854,MAP_SCADA,75,0.04313617691458971
0,x_tcsc,1-14,-0.10457447478471675,82,-0.11330319200886299,MAP_SCADA,75,0.00872871722414624
1,B_svc,2,0.16783207973975625,82,0.18573876621990773,MAP_SCADA,75,0.01790668648015148
2,UPFC_Vsh,5-15,1.110012346364267,82,1.1071370504650786,MAP_SCADA,75,0.002875295899188446
3,UPFC_tsh,5-15,-0.2376586382346466,82,-0.23076214785449695,MAP_SCADA,75,0.006896490380149667
4,UPFC_Vse,5-15,0.06331608203981146,82,0.06081851734233769,MAP_SCADA,75,0.002497564697473767
5,UPFC_tse,5-15,-2.1867291866877543,82,-2.1524546571618854,MAP_SCADA,75,0.034274529525868846
0,x_tcsc,1-14,-0.1031657595623476,83,-0.11330319200886299,MAP_SCADA,75,0.010137432446515396
1,B_svc,2,0.17424357418869788,83,0.18573876621990773,MAP_SCADA,75,0.011495192031209855
2,UPFC_Vsh,5-15,1.1072885960269414,83,1.1071370504650786,MAP_SCADA,75,0.0001515455618628092
3,UPFC_tsh,5-15,-0.23966310880723438,83,-0.23076214785449695,MAP_SCADA,75,0.00890096095273743
4,UPFC_Vse,5-15,0.06304301881323121,83,0.06081851734233769,MAP_SCADA,75,0.0022245014708935223
5,UPFC_tse,5-15,-2.1962086599650283,83,-2.1524546571618854,MAP_SCADA,75,0.0437540028031429
0,x_tcsc,1-14,-0.10333678174264938,84,-0.11330319200886299,MAP_SCADA,75,0.009966410266213616
1,B_svc,2,0.16992623847206714,84,0.18573876621990773,MAP_SCADA,75,0.015812527747840588
2,UPFC_Vsh,5-15,1.108396689227261,84,1.1071370504650786,MAP_SCADA,75,0.0012596387621823801
3,UPFC_tsh,5-15,-0.23891537987045408,84,-0.23076214785449695,MAP_SCADA,75,0.008153232015957135
4,UPFC_Vse,5-15,0.06353080171285039,84,0.06081851734233769,MAP_SCADA,75,0.002712284370512699
5,UPFC_tse,5-15,-2.1934515204379577,84,-2.1524546571618854,MAP_SCADA,75,0.040996863276072215
0,x_tcsc,1-14,-0.10081655054250013,85,-0.11330319200886299,MAP_SCADA,75,0.012486641466362858
1,B_svc,2,0.17694535235740244,85,0.18573876621990773,MAP_SCADA,75,0.00879341386250529
2,UPFC_Vsh,5-15,1.1073705397164069,85,1.1071370504650786,MAP_SCADA,75,0.00023348925132826714
3,UPFC_tsh,5-15,-0.2398156892148108,85,-0.23076214785449695,MAP_SCADA,75,0.00905354136031386
4,UPFC_Vse,5-15,0.06285607316405972,85,0.06081851734233769,MAP_SCADA,75,0.002037555821722034
5,UPFC_tse,5-15,-2.1933991813687634,85,-2.1524546571618854,MAP_SCADA,75,0.040944524206878
0,x_tcsc,1-14,-0.10456865424775502,86,-0.11330319200886299,MAP_SCADA,75,0.008734537761107969
1,B_svc,2,0.1666530528575441,86,0.18573876621990773,MAP_SCADA,75,0.019085713362363643
2,UPFC_Vsh,5-15,1.1106773055855599,86,1.1071370504650786,MAP_SCADA,75,0.0035402551204812838
3,UPFC_tsh,5-15,-0.23739767838514195,86,-0.23076214785449695,MAP_SCADA,75,0.006635530530645001
4,UPFC_Vse,5-15,0.06257029657897878,86,0.06081851734233769,MAP_SCADA,75,0.0017517792366410906
5,UPFC_tse,5-15,-2.189342971517965,86,-2.1524546571618854,MAP_SCADA,75,0.03688831435607964
0,x_tcsc,1-14,-0.1014522893066262,87,-0.11330319200886299,MAP_SCADA,75,0.011850902702236793
1,B_svc,2,0.1759377983837093,87,0.18573876621990773,MAP_SCADA,75,0.009800967836198438
2,UPFC_Vsh,5-15,1.1075747788641153,87,1.1071370504650786,MAP_SCADA,75,0.00043772839903666316
3,UPFC_tsh,5-15,-0.23996026048803054,87,-0.23076214785449695,MAP_SCADA,75,0.009198112633533595
4,UPFC_Vse,5-15,0.0631287474103788,87,0.06081851734233769,MAP_SCADA,75,0.002310230068041111
5,UPFC_tse,5-15,-2.192029188740658,87,-2.1524546571618854,MAP_SCADA,75,0.039574531578772554
0,x_tcsc,1-14,-0.10308302753037737,88,-0.11330319200886299,MAP_SCADA,75,0.010220164478485616
1,B_svc,2,0.17448784950738527,88,0.18573876621990773,MAP_SCADA,75,0.011250916712522457
2,UPFC_Vsh,5-15,1.1061476784346318,88,1.1071370504650786,MAP_SCADA,75,0.0009893720304468001
3,UPFC_tsh,5-15,-0.24050589806222702,88,-0.23076214785449695,MAP_SCADA,75,0.009743750207730079
4,UPFC_Vse,5-15,0.06268005160067479,88,0.06081851734233769,MAP_SCADA,75,0.0018615342583370997
5,UPFC_tse,5-15,-2.190872120562374,88,-2.1524546571618854,MAP_SCADA,75,0.03841746340048857
0,x_tcsc,1-14,-0.10267111452075099,89,-0.11330319200886299,MAP_SCADA,75,0.010632077488111999
1,B_svc,2,0.16961778126943405,89,0.18573876621990773,MAP_SCADA,75,0.016120984950473677
2,UPFC_Vsh,5-15,1.1079274160944588,89,1.1071370504650786,MAP_SCADA,75,0.0007903656293801742
3,UPFC_tsh,5-15,-0.23875734153579592,89,-0.23076214785449695,MAP_SCADA,75,0.007995193681298973
4,UPFC_Vse,5-15,0.06317546712596372,89,0.06081851734233769,MAP_SCADA,75,0.002356949783626036
5,UPFC_tse,5-15,-2.1882457540257323,89,-2.1524546571618854,MAP_SCADA,75,0.03579109686384685
0,x_tcsc,1-14,-0.10613469936333164,90,-0.11330319200886299,MAP_SCADA,75,0.007168492645531349
1,B_svc,2,0.16006816122231587,90,0.18573876621990773,MAP_SCADA,75,0.025670604997591856
2,UPFC_Vsh,5-15,1.1094315761130153,90,1.1071370504650786,MAP_SCADA,75,0.0022945256479367515
3,UPFC_tsh,5-15,-0.23704302088232218,90,-0.23076214785449695,MAP_SCADA,75,0.0062808730278252345
4,UPFC_Vse,5-15,0.06352188556720155,90,0.06081851734233769,MAP_SCADA,75,0.0027033682248638613
5,UPFC_tse,5-15,-2.187971846351272,90,-2.1524546571618854,MAP_SCADA,75,0.0355171891893864
0,x_tcsc,1-14,-0.10274183533505725,91,-0.11330319200886299,MAP_SCADA,75,0.010561356673805741
1,B_svc,2,0.1712474167571244,91,0.18573876621990773,MAP_SCADA,75,0.014491349462783326
2,UPFC_Vsh,5-15,1.1081719272205834,91,1.1071370504650786,MAP_SCADA,75,0.0010348767555048433
3,UPFC_tsh,5-15,-0.23991407693170547,91,-0.23076214785449695,MAP_SCADA,75,0.00915192907720852
4,UPFC_Vse,5-15,0.06319960057066118,91,0.06081851734233769,MAP_SCADA,75,0.002381083228323491
5,UPFC_tse,5-15,-2.189139377730668,91,-2.1524546571618854,MAP_SCADA,75,0.03668472056878258
0,x_tcsc,1-14,-0.10529554962383599,92,-0.11330319200886299,MAP_SCADA,75,0.008007642385027006
1,B_svc,2,0.164802444766533,92,0.18573876621990773,MAP_SCADA,75,0.020936321453374734
2,UPFC_Vsh,5-15,1.1091574366065957,92,1.1071370504650786,MAP_SCADA,75,0.0020203861415171165
3,UPFC_tsh,5-15,-0.23715858961762765,92,-0.23076214785449695,MAP_SCADA,75,0.0063964417631307
4,UPFC_Vse,5-15,0.06325685516812932,92,0.06081851734233769,MAP_SCADA,75,0.0024383378257916283
5,UPFC_tse,5-15,-2.185841384590449,92,-2.1524546571618854,MAP_SCADA,75,0.033386727428563745
0,x_tcsc,1-14,-0.10198001686873225,93,-0.11330319200886299,MAP_SCADA,75,0.011323175140130745
1,B_svc,2,0.1745075075648837,93,0.18573876621990773,MAP_SCADA,75,0.011231258655024029
2,UPFC_Vsh,5-15,1.1077672411780743,93,1.1071370504650786,MAP_SCADA,75,0.0006301907129957485
3,UPFC_tsh,5-15,-0.24025055114601698,93,-0.23076214785449695,MAP_SCADA,75,0.009488403291520037
4,UPFC_Vse,5-15,0.06302712550417613,93,0.06081851734233769,MAP_SCADA,75,0.002208608161838446
5,UPFC_tse,5-15,-2.193898147976288,93,-2.1524546571618854,MAP_SCADA,75,0.04144349081440257
0,x_tcsc,1-14,-0.10240752827041755,94,-0.11330319200886299,MAP_SCADA,75,0.010895663738445444
1,B_svc,2,0.17267742847899017,94,0.18573876621990773,MAP_SCADA,75,0.013061337740917556
2,UPFC_Vsh,5-15,1.1060683377314755,94,1.1071370504650786,MAP_SCADA,75,0.0010687127336030944
3,UPFC_tsh,5-15,-0.23966172718881376,94,-0.23076214785449695,MAP_SCADA,75,0.008899579334316815
4,UPFC_Vse,5-15,0.06356182781739468,94,0.06081851734233769,MAP_SCADA,75,0.0027433104750569925
5,UPFC_tse,5-15,-2.1899317687571993,94,-2.1524546571618854,MAP_SCADA,75,0.03747711159531386
0,x_tcsc,1-14,-0.1015701753308845,95,-0.11330319200886299,MAP_SCADA,75,0.011733016677978492
1,B_svc,2,0.1739762418767858,95,0.18573876621990773,MAP_SCADA,75,0.011762524343121944
2,UPFC_Vsh,5-15,1.109278096323847,95,1.1071370504650786,MAP_SCADA,75,0.002141045858768509
3,UPFC_tsh,5-15,-0.23889218641001428,95,-0.23076214785449695,MAP_SCADA,75,0.008130038555517333
4,UPFC_Vse,5-15,0.06328697888437507,95,0.06081851734233769,MAP_SCADA,75,0.0024684615420373784
5,UPFC_tse,5-15,-2.194328809564617,95,-2.1524546571618854,MAP_SCADA,75,0.041874152402731735
0,x_tcsc,1-14,-0.10232252245350033,96,-0.11330319200886299,MAP_SCADA,75,0.010980669555362657
1,B_svc,2,0.17372121612069635,96,0.18573876621990773,MAP_SCADA,75,0.012017550099211377
2,UPFC_Vsh,5-15,1.108048298640947,96,1.1071370504650786,MAP_SCADA,75,0.0009112481758684066
3,UPFC_tsh,5-15,-0.2395526260351638,96,-0.23076214785449695,MAP_SCADA,75,0.00879047818066686
4,UPFC_Vse,5-15,0.06360226093011265,96,0.06081851734233769,MAP_SCADA,75,0.002783743587774959
5,UPFC_tse,5-15,-2.1900485756251924,96,-2.1524546571618854,MAP_SCADA,75,0.03759391846330695
0,x_tcsc,1-14,-0.10333071641159243,97,-0.11330319200886299,MAP_SCADA,75,0.009972475597270561
1,B_svc,2,0.17110006030773722,97,0.18573876621990773,MAP_SCADA,75,0.014638705912170508
2,UPFC_Vsh,5-15,1.1083044207896122,97,1.1071370504650786,MAP_SCADA,75,0.001167370324533623
3,UPFC_tsh,5-15,-0.23860190996385314,97,-0.23076214785449695,MAP_SCADA,75,0.007839762109356191
4,UPFC_Vse,5-15,0.06399735750141623,97,0.06081851734233769,MAP_SCADA,75,0.0031788401590785442
5,UPFC_tse,5-15,-2.19124066642229,97,-2.1524546571618854,MAP_SCADA,75,0.03878600926040443
0,x_tcsc,1-14,-0.10426524521610846,98,-0.11330319200886299,MAP_SCADA,75,0.009037946792754534
1,B_svc,2,0.17011498705090078,98,0.18573876621990773,MAP_SCADA,75,0.015623779169006952
2,UPFC_Vsh,5-15,1.1100572819699157,98,1.1071370504650786,MAP_SCADA,75,0.002920231504837112
3,UPFC_tsh,5-15,-0.23770219494552186,98,-0.23076214785449695,MAP_SCADA,75,0.006940047091024915
4,UPFC_Vse,5-15,0.06334543800654534,98,0.06081851734233769,MAP_SCADA,75,0.002526920664207649
5,UPFC_tse,5-15,-2.193521321270926,98,-2.1524546571618854,MAP_SCADA,75,0.041066664109040474
0,x_tcsc,1-14,-0.10313457559422243,99,-0.11330319200886299,MAP_SCADA,75,0.010168616414640563
1,B_svc,2,0.17001685418981957,99,0.18573876621990773,MAP_SCADA,75,0.01572191203008816
2,UPFC_Vsh,5-15,1.109765874666147,99,1.1071370504650786,MAP_SCADA,75,0.0026288242010683582
3,UPFC_tsh,5-15,-0.23838836964991572,99,-0.23076214785449695,MAP_SCADA,75,0.007626221795418775
4,UPFC_Vse,5-15,0.06302138463839355,99,0.06081851734233769,MAP_SCADA,75,0.0022028672960558576
5,UPFC_tse,5-15,-2.187957790781871,99,-2.1524546571618854,MAP_SCADA,75,0.03550313361998558
0,x_tcsc,1-14,-0.10329353714551051,0,-0.11244102989906583,MAP_SCADA,77,0.009147492753555322
1,B_svc,2,0.16811519883705064,0,0.18447772456321931,MAP_SCADA,77,0.01636252572616867
2,UPFC_Vsh,5-15,1.1098479333514264,0,1.1078041107142318,MAP_SCADA,77,0.0020438226371946033
3,UPFC_tsh,5-15,-0.23850846755793317,0,-0.23183980163822235,MAP_SCADA,77,0.0066686659197108256
4,UPFC_Vse,5-15,0.06280396337550218,0,0.0606352827826857,MAP_SCADA,77,0.0021686805928164757
5,UPFC_tse,5-15,-2.189547936028691,0,-2.153210255987545,MAP_SCADA,77,0.036337680041146125
0,x_tcsc,1-14,-0.10333449122731382,1,-0.11244102989906583,MAP_SCADA,77,0.009106538671752012
1,B_svc,2,0.17229278551833666,1,0.18447772456321931,MAP_SCADA,77,0.012184939044882659
2,UPFC_Vsh,5-15,1.1074218438606374,1,1.1078041107142318,MAP_SCADA,77,0.00038226685359443735
3,UPFC_tsh,5-15,-0.2393005791363044,1,-0.23183980163822235,MAP_SCADA,77,0.00746077749808205
4,UPFC_Vse,5-15,0.06354372417136461,1,0.0606352827826857,MAP_SCADA,77,0.002908441388678913
5,UPFC_tse,5-15,-2.188008410858818,1,-2.153210255987545,MAP_SCADA,77,0.034798154871273024
0,x_tcsc,1-14,-0.10362651376837446,2,-0.11244102989906583,MAP_SCADA,77,0.008814516130691369
1,B_svc,2,0.16919022531694322,2,0.18447772456321931,MAP_SCADA,77,0.015287499246276093
2,UPFC_Vsh,5-15,1.1102493941878657,2,1.1078041107142318,MAP_SCADA,77,0.00244528347363393
3,UPFC_tsh,5-15,-0.23849235067663532,2,-0.23183980163822235,MAP_SCADA,77,0.006652549038412975
4,UPFC_Vse,5-15,0.06320110323422641,2,0.0606352827826857,MAP_SCADA,77,0.002565820451540711
5,UPFC_tse,5-15,-2.191367850099842,2,-2.153210255987545,MAP_SCADA,77,0.03815759411229713
0,x_tcsc,1-14,-0.1022783976113678,3,-0.11244102989906583,MAP_SCADA,77,0.010162632287698037
1,B_svc,2,0.17447641250969634,3,0.18447772456321931,MAP_SCADA,77,0.010001312053522976
2,UPFC_Vsh,5-15,1.1077086780665086,3,1.1078041107142318,MAP_SCADA,77,9.543264772315929e-05
3,UPFC_tsh,5-15,-0.239679881625969,3,-0.23183980163822235,MAP_SCADA,77,0.007840079987746662
4,UPFC_Vse,5-15,0.06420872154220497,3,0.0606352827826857,MAP_SCADA,77,0.003573438759519272
5,UPFC_tse,5-15,-2.1910131457639017,3,-2.153210255987545,MAP_SCADA,77,0.03780288977635671
0,x_tcsc,1-14,-0.10394054656344608,4,-0.11244102989906583,MAP_SCADA,77,0.008500483335619757
1,B_svc,2,0.17253418900935183,4,0.18447772456321931,MAP_SCADA,77,0.011943535553867485
2,UPFC_Vsh,5-15,1.1080842679213603,4,1.1078041107142318,MAP_SCADA,77,0.00028015720712848413
3,UPFC_tsh,5-15,-0.23896792048445972,4,-0.23183980163822235,MAP_SCADA,77,0.007128118846237375
4,UPFC_Vse,5-15,0.06280615072875485,4,0.0606352827826857,MAP_SCADA,77,0.0021708679460691535
5,UPFC_tse,5-15,-2.190748734444064,4,-2.153210255987545,MAP_SCADA,77,0.03753847845651892
0,x_tcsc,1-14,-0.10358721953952944,5,-0.11244102989906583,MAP_SCADA,77,0.00885381035953639
1,B_svc,2,0.16814849854113137,5,0.18447772456321931,MAP_SCADA,77,0.016329226022087945
2,UPFC_Vsh,5-15,1.1103570430873901,5,1.1078041107142318,MAP_SCADA,77,0.0025529323731583453
3,UPFC_tsh,5-15,-0.23847268222950582,5,-0.23183980163822235,MAP_SCADA,77,0.006632880591283474
4,UPFC_Vse,5-15,0.06314489609101118,5,0.0606352827826857,MAP_SCADA,77,0.002509613308325477
5,UPFC_tse,5-15,-2.190275244913631,5,-2.153210255987545,MAP_SCADA,77,0.037064988926085896
0,x_tcsc,1-14,-0.10350531559935731,6,-0.11244102989906583,MAP_SCADA,77,0.00893571429970852
1,B_svc,2,0.16889408616433438,6,0.18447772456321931,MAP_SCADA,77,0.015583638398884936
2,UPFC_Vsh,5-15,1.1092796634959625,6,1.1078041107142318,MAP_SCADA,77,0.0014755527817307268
3,UPFC_tsh,5-15,-0.2386688698331191,6,-0.23183980163822235,MAP_SCADA,77,0.006829068194896759
4,UPFC_Vse,5-15,0.06287393598506438,6,0.0606352827826857,MAP_SCADA,77,0.0022386532023786834
5,UPFC_tse,5-15,-2.1904821780911643,6,-2.153210255987545,MAP_SCADA,77,0.03727192210361929
0,x_tcsc,1-14,-0.10086561566381738,7,-0.11244102989906583,MAP_SCADA,77,0.011575414235248452
1,B_svc,2,0.17407933738082562,7,0.18447772456321931,MAP_SCADA,77,0.010398387182393692
2,UPFC_Vsh,5-15,1.1095504799373779,7,1.1078041107142318,MAP_SCADA,77,0.0017463692231460826
3,UPFC_tsh,5-15,-0.23927897238709775,7,-0.23183980163822235,MAP_SCADA,77,0.007439170748875401
4,UPFC_Vse,5-15,0.06312921191592344,7,0.0606352827826857,MAP_SCADA,77,0.002493929133237739
5,UPFC_tse,5-15,-2.1874008932882796,7,-2.153210255987545,MAP_SCADA,77,0.03419063730073457
0,x_tcsc,1-14,-0.10415892026095726,8,-0.11244102989906583,MAP_SCADA,77,0.008282109638108576
1,B_svc,2,0.17134587093852688,8,0.18447772456321931,MAP_SCADA,77,0.013131853624692436
2,UPFC_Vsh,5-15,1.107249958845356,8,1.1078041107142318,MAP_SCADA,77,0.0005541518688758629
3,UPFC_tsh,5-15,-0.23866553903984225,8,-0.23183980163822235,MAP_SCADA,77,0.006825737401619902
4,UPFC_Vse,5-15,0.06362033412494816,8,0.0606352827826857,MAP_SCADA,77,0.002985051342262464
5,UPFC_tse,5-15,-2.186522927523441,8,-2.153210255987545,MAP_SCADA,77,0.03331267153589579
0,x_tcsc,1-14,-0.10245107087655327,9,-0.11244102989906583,MAP_SCADA,77,0.009989959022512568
1,B_svc,2,0.1699705773336321,9,0.18447772456321931,MAP_SCADA,77,0.014507147229587208
2,UPFC_Vsh,5-15,1.1111100280601645,9,1.1078041107142318,MAP_SCADA,77,0.003305917345932663
3,UPFC_tsh,5-15,-0.23772898479278912,9,-0.23183980163822235,MAP_SCADA,77,0.005889183154566768
4,UPFC_Vse,5-15,0.06293157188011914,9,0.0606352827826857,MAP_SCADA,77,0.0022962890974334363
5,UPFC_tse,5-15,-2.1889726606857733,9,-2.153210255987545,MAP_SCADA,77,0.035762404698228334
0,x_tcsc,1-14,-0.10201414245840422,10,-0.11244102989906583,MAP_SCADA,77,0.010426887440661614
1,B_svc,2,0.1773995230540244,10,0.18447772456321931,MAP_SCADA,77,0.007078201509194915
2,UPFC_Vsh,5-15,1.1078753800386845,10,1.1078041107142318,MAP_SCADA,77,7.126932445267187e-05
3,UPFC_tsh,5-15,-0.23991346910294914,10,-0.23183980163822235,MAP_SCADA,77,0.008073667464726791
4,UPFC_Vse,5-15,0.06350055111044295,10,0.0606352827826857,MAP_SCADA,77,0.002865268327757249
5,UPFC_tse,5-15,-2.188397089259698,10,-2.153210255987545,MAP_SCADA,77,0.035186833272152995
0,x_tcsc,1-14,-0.10309787691363395,11,-0.11244102989906583,MAP_SCADA,77,0.009343152985431882
1,B_svc,2,0.17229032263195573,11,0.18447772456321931,MAP_SCADA,77,0.01218740193126358
2,UPFC_Vsh,5-15,1.106829264025858,11,1.1078041107142318,MAP_SCADA,77,0.0009748466883738871
3,UPFC_tsh,5-15,-0.23956457706822262,11,-0.23183980163822235,MAP_SCADA,77,0.007724775430000275
4,UPFC_Vse,5-15,0.06366462202276205,11,0.0606352827826857,MAP_SCADA,77,0.0030293392400763466
5,UPFC_tse,5-15,-2.1891986298807464,11,-2.153210255987545,MAP_SCADA,77,0.03598837389320142
0,x_tcsc,1-14,-0.10463812009775422,12,-0.11244102989906583,MAP_SCADA,77,0.007802909801311611
1,B_svc,2,0.16853615682973003,12,0.18447772456321931,MAP_SCADA,77,0.015941567733489287
2,UPFC_Vsh,5-15,1.1081083885543885,12,1.1078041107142318,MAP_SCADA,77,0.0003042778401567414
3,UPFC_tsh,5-15,-0.23874039951966272,12,-0.23183980163822235,MAP_SCADA,77,0.0069005978814403734
4,UPFC_Vse,5-15,0.06357887848112859,12,0.0606352827826857,MAP_SCADA,77,0.002943595698442887
5,UPFC_tse,5-15,-2.1899085293440548,12,-2.153210255987545,MAP_SCADA,77,0.03669827335650977
0,x_tcsc,1-14,-0.10326192676854636,13,-0.11244102989906583,MAP_SCADA,77,0.009179103130519478
1,B_svc,2,0.17236389006577532,13,0.18447772456321931,MAP_SCADA,77,0.012113834497443993
2,UPFC_Vsh,5-15,1.10698736772081,13,1.1078041107142318,MAP_SCADA,77,0.0008167429934218262
3,UPFC_tsh,5-15,-0.23976528062347388,13,-0.23183980163822235,MAP_SCADA,77,0.007925478985251533
4,UPFC_Vse,5-15,0.06249443149756003,13,0.0606352827826857,MAP_SCADA,77,0.0018591487148743313
5,UPFC_tse,5-15,-2.196371164920003,13,-2.153210255987545,MAP_SCADA,77,0.04316090893245805
0,x_tcsc,1-14,-0.1030504484184106,14,-0.11244102989906583,MAP_SCADA,77,0.009390581480655233
1,B_svc,2,0.16997033053296642,14,0.18447772456321931,MAP_SCADA,77,0.01450739403025289
2,UPFC_Vsh,5-15,1.1110829106317943,14,1.1078041107142318,MAP_SCADA,77,0.003278799917562525
3,UPFC_tsh,5-15,-0.2378859124752215,14,-0.23183980163822235,MAP_SCADA,77,0.006046110836999158
4,UPFC_Vse,5-15,0.0626573943935469,14,0.0606352827826857,MAP_SCADA,77,0.002022111610861195
5,UPFC_tse,5-15,-2.193799530913218,14,-2.153210255987545,MAP_SCADA,77,0.0405892749256731
0,x_tcsc,1-14,-0.10309694119605492,15,-0.11244102989906583,MAP_SCADA,77,0.009344088703010914
1,B_svc,2,0.16693486271337285,15,0.18447772456321931,MAP_SCADA,77,0.017542861849846464
2,UPFC_Vsh,5-15,1.112102866085488,15,1.1078041107142318,MAP_SCADA,77,0.004298755371256124
3,UPFC_tsh,5-15,-0.2382997699364943,15,-0.23183980163822235,MAP_SCADA,77,0.006459968298271945
4,UPFC_Vse,5-15,0.06256983739626225,15,0.0606352827826857,MAP_SCADA,77,0.0019345546135765487
5,UPFC_tse,5-15,-2.1883812738215953,15,-2.153210255987545,MAP_SCADA,77,0.0351710178340503
0,x_tcsc,1-14,-0.10217489660297842,16,-0.11244102989906583,MAP_SCADA,77,0.010266133296087415
1,B_svc,2,0.17394135187656679,16,0.18447772456321931,MAP_SCADA,77,0.010536372686652529
2,UPFC_Vsh,5-15,1.107960262070741,16,1.1078041107142318,MAP_SCADA,77,0.0001561513565091488
3,UPFC_tsh,5-15,-0.239206249885445,16,-0.23183980163822235,MAP_SCADA,77,0.007366448247222657
4,UPFC_Vse,5-15,0.06271712989685814,16,0.0606352827826857,MAP_SCADA,77,0.00208184711417244
5,UPFC_tse,5-15,-2.1939130467822623,16,-2.153210255987545,MAP_SCADA,77,0.04070279079471728
0,x_tcsc,1-14,-0.10454469730310308,17,-0.11244102989906583,MAP_SCADA,77,0.007896332595962757
1,B_svc,2,0.16712461844377577,17,0.18447772456321931,MAP_SCADA,77,0.017353106119443545
2,UPFC_Vsh,5-15,1.109370895589937,17,1.1078041107142318,MAP_SCADA,77,0.0015667848757052738
3,UPFC_tsh,5-15,-0.23753669429202756,17,-0.23183980163822235,MAP_SCADA,77,0.005696892653805213
4,UPFC_Vse,5-15,0.06325825102421366,17,0.0606352827826857,MAP_SCADA,77,0.0026229682415279607
5,UPFC_tse,5-15,-2.186313396630077,17,-2.153210255987545,MAP_SCADA,77,0.03310314064253195
0,x_tcsc,1-14,-0.10112964944926826,18,-0.11244102989906583,MAP_SCADA,77,0.01131138044979757
1,B_svc,2,0.17737976177681442,18,0.18447772456321931,MAP_SCADA,77,0.007097962786404899
2,UPFC_Vsh,5-15,1.109702083507929,18,1.1078041107142318,MAP_SCADA,77,0.001897972793697189
3,UPFC_tsh,5-15,-0.23936642374053496,18,-0.23183980163822235,MAP_SCADA,77,0.007526622102312613
4,UPFC_Vse,5-15,0.06363139956315816,18,0.0606352827826857,MAP_SCADA,77,0.0029961167804724645
5,UPFC_tse,5-15,-2.1903458498537542,18,-2.153210255987545,MAP_SCADA,77,0.03713559386620924
0,x_tcsc,1-14,-0.10321435202359344,19,-0.11244102989906583,MAP_SCADA,77,0.009226677875472392
1,B_svc,2,0.16810748723890664,19,0.18447772456321931,MAP_SCADA,77,0.01637023732431267
2,UPFC_Vsh,5-15,1.1100965594026282,19,1.1078041107142318,MAP_SCADA,77,0.002292448688396398
3,UPFC_tsh,5-15,-0.23852179981642677,19,-0.23183980163822235,MAP_SCADA,77,0.006681998178204418
4,UPFC_Vse,5-15,0.0625930905180296,19,0.0606352827826857,MAP_SCADA,77,0.001957807735343896
5,UPFC_tse,5-15,-2.188351087150795,19,-2.153210255987545,MAP_SCADA,77,0.03514083116324995
0,x_tcsc,1-14,-0.10354343396284567,20,-0.11244102989906583,MAP_SCADA,77,0.008897595936220165
1,B_svc,2,0.16703463626958456,20,0.18447772456321931,MAP_SCADA,77,0.01744308829363475
2,UPFC_Vsh,5-15,1.1098341526661635,20,1.1078041107142318,MAP_SCADA,77,0.0020300419519316826
3,UPFC_tsh,5-15,-0.23788774543338145,20,-0.23183980163822235,MAP_SCADA,77,0.006047943795159105
4,UPFC_Vse,5-15,0.06243570092208961,20,0.0606352827826857,MAP_SCADA,77,0.00180041813940391
5,UPFC_tse,5-15,-2.191014469814827,20,-2.153210255987545,MAP_SCADA,77,0.03780421382728205
0,x_tcsc,1-14,-0.10344129310754582,21,-0.11244102989906583,MAP_SCADA,77,0.00899973679152001
1,B_svc,2,0.1708677144969117,21,0.18447772456321931,MAP_SCADA,77,0.013610010066307604
2,UPFC_Vsh,5-15,1.1077101992879548,21,1.1078041107142318,MAP_SCADA,77,9.391142627701576e-05
3,UPFC_tsh,5-15,-0.23998780930740443,21,-0.23183980163822235,MAP_SCADA,77,0.008148007669182084
4,UPFC_Vse,5-15,0.06297038816134898,21,0.0606352827826857,MAP_SCADA,77,0.0023351053786632783
5,UPFC_tse,5-15,-2.1940017442066315,21,-2.153210255987545,MAP_SCADA,77,0.040791488219086514
0,x_tcsc,1-14,-0.10200268563517126,22,-0.11244102989906583,MAP_SCADA,77,0.010438344263894575
1,B_svc,2,0.17089704393936794,22,0.18447772456321931,MAP_SCADA,77,0.013580680623851371
2,UPFC_Vsh,5-15,1.11057128340465,22,1.1078041107142318,MAP_SCADA,77,0.0027671726904181515
3,UPFC_tsh,5-15,-0.2383999901081647,22,-0.23183980163822235,MAP_SCADA,77,0.006560188469942357
4,UPFC_Vse,5-15,0.06284333278504248,22,0.0606352827826857,MAP_SCADA,77,0.0022080500023567776
5,UPFC_tse,5-15,-2.189614887509789,22,-2.153210255987545,MAP_SCADA,77,0.036404631522243935
0,x_tcsc,1-14,-0.10414257550582919,23,-0.11244102989906583,MAP_SCADA,77,0.008298454393236648
1,B_svc,2,0.17302275696693312,23,0.18447772456321931,MAP_SCADA,77,0.011454967596286197
2,UPFC_Vsh,5-15,1.1062099902680418,23,1.1078041107142318,MAP_SCADA,77,0.001594120446190006
3,UPFC_tsh,5-15,-0.23899992877224516,23,-0.23183980163822235,MAP_SCADA,77,0.007160127134022809
4,UPFC_Vse,5-15,0.06331203494101198,23,0.0606352827826857,MAP_SCADA,77,0.00267675215832628
5,UPFC_tse,5-15,-2.193611288444514,23,-2.153210255987545,MAP_SCADA,77,0.0404010324569688
0,x_tcsc,1-14,-0.10255669398750906,24,-0.11244102989906583,MAP_SCADA,77,0.009884335911556769
1,B_svc,2,0.17527665408020493,24,0.18447772456321931,MAP_SCADA,77,0.009201070483014384
2,UPFC_Vsh,5-15,1.110444416352426,24,1.1078041107142318,MAP_SCADA,77,0.0026403056381942847
3,UPFC_tsh,5-15,-0.23838245129865002,24,-0.23183980163822235,MAP_SCADA,77,0.0065426496604276685
4,UPFC_Vse,5-15,0.06343171498679508,24,0.0606352827826857,MAP_SCADA,77,0.0027964322041093767
5,UPFC_tse,5-15,-2.1934702341448933,24,-2.153210255987545,MAP_SCADA,77,0.040259978157348275
0,x_tcsc,1-14,-0.10349904714129522,25,-0.11244102989906583,MAP_SCADA,77,0.008941982757770611
1,B_svc,2,0.16860677052613007,25,0.18447772456321931,MAP_SCADA,77,0.01587095403708924
2,UPFC_Vsh,5-15,1.1085206473749372,25,1.1078041107142318,MAP_SCADA,77,0.0007165366607053691
3,UPFC_tsh,5-15,-0.2385443264307013,25,-0.23183980163822235,MAP_SCADA,77,0.006704524792478961
4,UPFC_Vse,5-15,0.06318141056723417,25,0.0606352827826857,MAP_SCADA,77,0.00254612778454847
5,UPFC_tse,5-15,-2.193211743897714,25,-2.153210255987545,MAP_SCADA,77,0.04000148791016889
0,x_tcsc,1-14,-0.10344888642509803,26,-0.11244102989906583,MAP_SCADA,77,0.008992143473967804
1,B_svc,2,0.1684348338944659,26,0.18447772456321931,MAP_SCADA,77,0.016042890668753418
2,UPFC_Vsh,5-15,1.1093544542233646,26,1.1078041107142318,MAP_SCADA,77,0.0015503435091328566
3,UPFC_tsh,5-15,-0.23870731257150962,26,-0.23183980163822235,MAP_SCADA,77,0.006867510933287274
4,UPFC_Vse,5-15,0.06272919858083496,26,0.0606352827826857,MAP_SCADA,77,0.0020939157981492637
5,UPFC_tse,5-15,-2.1892722360416754,26,-2.153210255987545,MAP_SCADA,77,0.036061980054130416
0,x_tcsc,1-14,-0.10324303032860659,27,-0.11244102989906583,MAP_SCADA,77,0.009197999570459248
1,B_svc,2,0.16582498944584045,27,0.18447772456321931,MAP_SCADA,77,0.01865273511737886
2,UPFC_Vsh,5-15,1.1092917412852477,27,1.1078041107142318,MAP_SCADA,77,0.0014876305710158633
3,UPFC_tsh,5-15,-0.23786009562888574,27,-0.23183980163822235,MAP_SCADA,77,0.0060202939906633945
4,UPFC_Vse,5-15,0.06271511041328849,27,0.0606352827826857,MAP_SCADA,77,0.0020798276306027916
5,UPFC_tse,5-15,-2.1924914175363153,27,-2.153210255987545,MAP_SCADA,77,0.03928116154877026
0,x_tcsc,1-14,-0.10135196066548283,28,-0.11244102989906583,MAP_SCADA,77,0.011089069233583007
1,B_svc,2,0.17761057228239494,28,0.18447772456321931,MAP_SCADA,77,0.006867152280824379
2,UPFC_Vsh,5-15,1.1083718755136782,28,1.1078041107142318,MAP_SCADA,77,0.0005677647994464241
3,UPFC_tsh,5-15,-0.2395613443581504,28,-0.23183980163822235,MAP_SCADA,77,0.0077215427199280595
4,UPFC_Vse,5-15,0.06346267764598927,28,0.0606352827826857,MAP_SCADA,77,0.0028273948633035714
5,UPFC_tse,5-15,-2.1903041390921896,28,-2.153210255987545,MAP_SCADA,77,0.037093883104644565
0,x_tcsc,1-14,-0.10515150213842957,29,-0.11244102989906583,MAP_SCADA,77,0.007289527760636266
1,B_svc,2,0.16766234531155627,29,0.18447772456321931,MAP_SCADA,77,0.016815379251663043
2,UPFC_Vsh,5-15,1.1095725542927521,29,1.1078041107142318,MAP_SCADA,77,0.0017684435785203512
3,UPFC_tsh,5-15,-0.23785749907874235,29,-0.23183980163822235,MAP_SCADA,77,0.006017697440519998
4,UPFC_Vse,5-15,0.06285327963871028,29,0.0606352827826857,MAP_SCADA,77,0.0022179968560245775
5,UPFC_tse,5-15,-2.1945382243971,29,-2.153210255987545,MAP_SCADA,77,0.041327968409555105
0,x_tcsc,1-14,-0.10214521014739744,30,-0.11244102989906583,MAP_SCADA,77,0.010295819751668392
1,B_svc,2,0.1733947782625552,30,0.18447772456321931,MAP_SCADA,77,0.011082946300664115
2,UPFC_Vsh,5-15,1.108749731528518,30,1.1078041107142318,MAP_SCADA,77,0.0009456208142861744
3,UPFC_tsh,5-15,-0.24003817420459694,30,-0.23183980163822235,MAP_SCADA,77,0.008198372566374595
4,UPFC_Vse,5-15,0.06354332981972415,30,0.0606352827826857,MAP_SCADA,77,0.0029080470370384456
5,UPFC_tse,5-15,-2.1899562565815236,30,-2.153210255987545,MAP_SCADA,77,0.03674600059397859
0,x_tcsc,1-14,-0.10186895497271833,31,-0.11244102989906583,MAP_SCADA,77,0.0105720749263475
1,B_svc,2,0.1731001895027111,31,0.18447772456321931,MAP_SCADA,77,0.011377535060508204
2,UPFC_Vsh,5-15,1.1089604871881096,31,1.1078041107142318,MAP_SCADA,77,0.0011563764738777849
3,UPFC_tsh,5-15,-0.2393106658119316,31,-0.23183980163822235,MAP_SCADA,77,0.007470864173709263
4,UPFC_Vse,5-15,0.06361662209310572,31,0.0606352827826857,MAP_SCADA,77,0.0029813393104200156
5,UPFC_tse,5-15,-2.1910202663171208,31,-2.153210255987545,MAP_SCADA,77,0.03781001032957576
0,x_tcsc,1-14,-0.10199155700575223,32,-0.11244102989906583,MAP_SCADA,77,0.010449472893313605
1,B_svc,2,0.17562280153400014,32,0.18447772456321931,MAP_SCADA,77,0.00885492302921917
2,UPFC_Vsh,5-15,1.1083810877935076,32,1.1078041107142318,MAP_SCADA,77,0.0005769770792758422
3,UPFC_tsh,5-15,-0.23893318807281042,32,-0.23183980163822235,MAP_SCADA,77,0.007093386434588067
4,UPFC_Vse,5-15,0.06267661663381953,32,0.0606352827826857,MAP_SCADA,77,0.0020413338511338294
5,UPFC_tse,5-15,-2.1933767411492218,32,-2.153210255987545,MAP_SCADA,77,0.04016648516167676
0,x_tcsc,1-14,-0.10341776982429712,33,-0.11244102989906583,MAP_SCADA,77,0.00902326007476871
1,B_svc,2,0.1685857185347648,33,0.18447772456321931,MAP_SCADA,77,0.015892006028454503
2,UPFC_Vsh,5-15,1.1090690511856047,33,1.1078041107142318,MAP_SCADA,77,0.0012649404713729329
3,UPFC_tsh,5-15,-0.23823230252929914,33,-0.23183980163822235,MAP_SCADA,77,0.006392500891076791
4,UPFC_Vse,5-15,0.06321292719959012,33,0.0606352827826857,MAP_SCADA,77,0.0025776444169044246
5,UPFC_tse,5-15,-2.190809317373603,33,-2.153210255987545,MAP_SCADA,77,0.037599061386058175
0,x_tcsc,1-14,-0.10303751160140999,34,-0.11244102989906583,MAP_SCADA,77,0.009403518297655844
1,B_svc,2,0.1683284671853949,34,0.18447772456321931,MAP_SCADA,77,0.01614925737782441
2,UPFC_Vsh,5-15,1.109998361341998,34,1.1078041107142318,MAP_SCADA,77,0.0021942506277661256
3,UPFC_tsh,5-15,-0.2380691737984707,34,-0.23183980163822235,MAP_SCADA,77,0.006229372160248353
4,UPFC_Vse,5-15,0.0635342444626378,34,0.0606352827826857,MAP_SCADA,77,0.002898961679952107
5,UPFC_tse,5-15,-2.1878828879669565,34,-2.153210255987545,MAP_SCADA,77,0.034672631979411506
0,x_tcsc,1-14,-0.10297982083834885,35,-0.11244102989906583,MAP_SCADA,77,0.009461209060716985
1,B_svc,2,0.17046754832647434,35,0.18447772456321931,MAP_SCADA,77,0.01401017623674497
2,UPFC_Vsh,5-15,1.1112794492291262,35,1.1078041107142318,MAP_SCADA,77,0.003475338514894455
3,UPFC_tsh,5-15,-0.2385383032127797,35,-0.23183980163822235,MAP_SCADA,77,0.006698501574557342
4,UPFC_Vse,5-15,0.06367108062868834,35,0.0606352827826857,MAP_SCADA,77,0.0030357978460026427
5,UPFC_tse,5-15,-2.188473680620623,35,-2.153210255987545,MAP_SCADA,77,0.03526342463307808
0,x_tcsc,1-14,-0.1037433704569016,36,-0.11244102989906583,MAP_SCADA,77,0.008697659442164232
1,B_svc,2,0.17020265351511055,36,0.18447772456321931,MAP_SCADA,77,0.014275071048108767
2,UPFC_Vsh,5-15,1.1084573576990415,36,1.1078041107142318,MAP_SCADA,77,0.00065324698480973
3,UPFC_tsh,5-15,-0.2387082284511852,36,-0.23183980163822235,MAP_SCADA,77,0.006868426812962847
4,UPFC_Vse,5-15,0.06266177121649627,36,0.0606352827826857,MAP_SCADA,77,0.0020264884338105707
5,UPFC_tse,5-15,-2.192234184921244,36,-2.153210255987545,MAP_SCADA,77,0.039023928933699104
0,x_tcsc,1-14,-0.10331206912751367,37,-0.11244102989906583,MAP_SCADA,77,0.009128960771552161
1,B_svc,2,0.16983444814242962,37,0.18447772456321931,MAP_SCADA,77,0.014643276420789691
2,UPFC_Vsh,5-15,1.1093899644083485,37,1.1078041107142318,MAP_SCADA,77,0.001585853694116679
3,UPFC_tsh,5-15,-0.23805948198578433,37,-0.23183980163822235,MAP_SCADA,77,0.006219680347561984
4,UPFC_Vse,5-15,0.06260338273141129,37,0.0606352827826857,MAP_SCADA,77,0.001968099948725592
5,UPFC_tse,5-15,-2.194394240818059,37,-2.153210255987545,MAP_SCADA,77,0.041183984830513776
0,x_tcsc,1-14,-0.10491436820607243,38,-0.11244102989906583,MAP_SCADA,77,0.007526661692993403
1,B_svc,2,0.1672180740223852,38,0.18447772456321931,MAP_SCADA,77,0.017259650540834115
2,UPFC_Vsh,5-15,1.1095823920842456,38,1.1078041107142318,MAP_SCADA,77,0.00177828137001379
3,UPFC_tsh,5-15,-0.23796712750088744,38,-0.23183980163822235,MAP_SCADA,77,0.006127325862665095
4,UPFC_Vse,5-15,0.06283312149927725,38,0.0606352827826857,MAP_SCADA,77,0.0021978387165915506
5,UPFC_tse,5-15,-2.18825981095042,38,-2.153210255987545,MAP_SCADA,77,0.035049554962875096
0,x_tcsc,1-14,-0.10472404013278803,39,-0.11244102989906583,MAP_SCADA,77,0.007716989766277799
1,B_svc,2,0.17177177941619282,39,0.18447772456321931,MAP_SCADA,77,0.012705945147026498
2,UPFC_Vsh,5-15,1.106130884386145,39,1.1078041107142318,MAP_SCADA,77,0.001673226328086752
3,UPFC_tsh,5-15,-0.239162445516109,39,-0.23183980163822235,MAP_SCADA,77,0.007322643877886642
4,UPFC_Vse,5-15,0.06329622775397507,39,0.0606352827826857,MAP_SCADA,77,0.0026609449712893737
5,UPFC_tse,5-15,-2.187460536285187,39,-2.153210255987545,MAP_SCADA,77,0.0342502802976421
0,x_tcsc,1-14,-0.10328701279564349,40,-0.11244102989906583,MAP_SCADA,77,0.00915401710342234
1,B_svc,2,0.1697864442432162,40,0.18447772456321931,MAP_SCADA,77,0.014691280320003108
2,UPFC_Vsh,5-15,1.1091570589281596,40,1.1078041107142318,MAP_SCADA,77,0.0013529482139278404
3,UPFC_tsh,5-15,-0.23841077906827327,40,-0.23183980163822235,MAP_SCADA,77,0.006570977430050917
4,UPFC_Vse,5-15,0.06335807687554586,40,0.0606352827826857,MAP_SCADA,77,0.0027227940928601577
5,UPFC_tse,5-15,-2.188321530167082,40,-2.153210255987545,MAP_SCADA,77,0.035111274179536966
0,x_tcsc,1-14,-0.10415308358070655,41,-0.11244102989906583,MAP_SCADA,77,0.008287946318359288
1,B_svc,2,0.1659516229371476,41,0.18447772456321931,MAP_SCADA,77,0.01852610162607171
2,UPFC_Vsh,5-15,1.1088618181516254,41,1.1078041107142318,MAP_SCADA,77,0.0010577074373936401
3,UPFC_tsh,5-15,-0.23803785406369915,41,-0.23183980163822235,MAP_SCADA,77,0.006198052425476802
4,UPFC_Vse,5-15,0.06317922460371121,41,0.0606352827826857,MAP_SCADA,77,0.0025439418210255124
5,UPFC_tse,5-15,-2.192117927145841,41,-2.153210255987545,MAP_SCADA,77,0.038907671158296075
0,x_tcsc,1-14,-0.10282328972764497,42,-0.11244102989906583,MAP_SCADA,77,0.009617740171420863
1,B_svc,2,0.1721197597634059,42,0.18447772456321931,MAP_SCADA,77,0.012357964799813409
2,UPFC_Vsh,5-15,1.1081902020497665,42,1.1078041107142318,MAP_SCADA,77,0.00038609133553468844
3,UPFC_tsh,5-15,-0.23900538395228121,42,-0.23183980163822235,MAP_SCADA,77,0.007165582314058866
4,UPFC_Vse,5-15,0.06283176345199303,42,0.0606352827826857,MAP_SCADA,77,0.0021964806693073255
5,UPFC_tse,5-15,-2.1893873032588393,42,-2.153210255987545,MAP_SCADA,77,0.03617704727129434
0,x_tcsc,1-14,-0.10303424453802462,43,-0.11244102989906583,MAP_SCADA,77,0.009406785361041212
1,B_svc,2,0.17311051925916063,43,0.18447772456321931,MAP_SCADA,77,0.011367205304058686
2,UPFC_Vsh,5-15,1.107982607035665,43,1.1078041107142318,MAP_SCADA,77,0.00017849632143329686
3,UPFC_tsh,5-15,-0.23927261561656687,43,-0.23183980163822235,MAP_SCADA,77,0.007432813978344527
4,UPFC_Vse,5-15,0.06356982541230466,43,0.0606352827826857,MAP_SCADA,77,0.0029345426296189595
5,UPFC_tse,5-15,-2.1951217682769553,43,-2.153210255987545,MAP_SCADA,77,0.04191151228941026
0,x_tcsc,1-14,-0.1027973561626272,44,-0.11244102989906583,MAP_SCADA,77,0.009643673736438638
1,B_svc,2,0.1681348089727287,44,0.18447772456321931,MAP_SCADA,77,0.016342915590490614
2,UPFC_Vsh,5-15,1.109787300168,44,1.1078041107142318,MAP_SCADA,77,0.001983189453768297
3,UPFC_tsh,5-15,-0.23831165948836602,44,-0.23183980163822235,MAP_SCADA,77,0.006471857850143675
4,UPFC_Vse,5-15,0.06368281985756345,44,0.0606352827826857,MAP_SCADA,77,0.0030475370748777528
5,UPFC_tse,5-15,-2.1854876578376725,44,-2.153210255987545,MAP_SCADA,77,0.03227740185012751
0,x_tcsc,1-14,-0.10221996947708181,45,-0.11244102989906583,MAP_SCADA,77,0.010221060421984021
1,B_svc,2,0.1768898387398685,45,0.18447772456321931,MAP_SCADA,77,0.007587885823350821
2,UPFC_Vsh,5-15,1.1095156345355885,45,1.1078041107142318,MAP_SCADA,77,0.001711523821356753
3,UPFC_tsh,5-15,-0.2389523502653847,45,-0.23183980163822235,MAP_SCADA,77,0.007112548627162346
4,UPFC_Vse,5-15,0.06318314771751779,45,0.0606352827826857,MAP_SCADA,77,0.0025478649348320906
5,UPFC_tse,5-15,-2.193731744557763,45,-2.153210255987545,MAP_SCADA,77,0.04052148857021809
0,x_tcsc,1-14,-0.10209110133794598,46,-0.11244102989906583,MAP_SCADA,77,0.010349928561119853
1,B_svc,2,0.1749895939957132,46,0.18447772456321931,MAP_SCADA,77,0.009488130567506109
2,UPFC_Vsh,5-15,1.1075689036025793,46,1.1078041107142318,MAP_SCADA,77,0.0002352071116524801
3,UPFC_tsh,5-15,-0.2405839698596442,46,-0.23183980163822235,MAP_SCADA,77,0.00874416822142185
4,UPFC_Vse,5-15,0.06325877581511731,46,0.0606352827826857,MAP_SCADA,77,0.0026234930324316105
5,UPFC_tse,5-15,-2.1915658662244795,46,-2.153210255987545,MAP_SCADA,77,0.038355610236934456
0,x_tcsc,1-14,-0.10430424526697522,47,-0.11244102989906583,MAP_SCADA,77,0.00813678463209061
1,B_svc,2,0.16657044584038416,47,0.18447772456321931,MAP_SCADA,77,0.01790727872283515
2,UPFC_Vsh,5-15,1.1089944570086598,47,1.1078041107142318,MAP_SCADA,77,0.0011903462944280463
3,UPFC_tsh,5-15,-0.23755332848839128,47,-0.23183980163822235,MAP_SCADA,77,0.005713526850168932
4,UPFC_Vse,5-15,0.06325285378388841,47,0.0606352827826857,MAP_SCADA,77,0.0026175710012027106
5,UPFC_tse,5-15,-2.1926651756040454,47,-2.153210255987545,MAP_SCADA,77,0.039454919616500383
0,x_tcsc,1-14,-0.10467341988269523,48,-0.11244102989906583,MAP_SCADA,77,0.0077676100163706074
1,B_svc,2,0.16631328053467387,48,0.18447772456321931,MAP_SCADA,77,0.018164444028545446
2,UPFC_Vsh,5-15,1.109765910581846,48,1.1078041107142318,MAP_SCADA,77,0.0019617998676142445
3,UPFC_tsh,5-15,-0.23718168953869978,48,-0.23183980163822235,MAP_SCADA,77,0.005341887900477432
4,UPFC_Vse,5-15,0.06257817548573592,48,0.0606352827826857,MAP_SCADA,77,0.0019428927030502238
5,UPFC_tse,5-15,-2.189149825874566,48,-2.153210255987545,MAP_SCADA,77,0.03593956988702107
0,x_tcsc,1-14,-0.10036649413923276,49,-0.11244102989906583,MAP_SCADA,77,0.012074535759833069
1,B_svc,2,0.1848686799141463,49,0.18447772456321931,MAP_SCADA,77,0.0003909553509269803
2,UPFC_Vsh,5-15,1.1056475662275105,49,1.1078041107142318,MAP_SCADA,77,0.0021565444867213124
3,UPFC_tsh,5-15,-0.2414821266404511,49,-0.23183980163822235,MAP_SCADA,77,0.009642325002228752
4,UPFC_Vse,5-15,0.0630950463263788,49,0.0606352827826857,MAP_SCADA,77,0.002459763543693101
5,UPFC_tse,5-15,-2.1950301431956265,49,-2.153210255987545,MAP_SCADA,77,0.041819887208081497
0,x_tcsc,1-14,-0.10197953963546616,50,-0.11244102989906583,MAP_SCADA,77,0.010461490263599674
1,B_svc,2,0.1736852085055039,50,0.18447772456321931,MAP_SCADA,77,0.010792516057715418
2,UPFC_Vsh,5-15,1.1100116771882211,50,1.1078041107142318,MAP_SCADA,77,0.002207566473989342
3,UPFC_tsh,5-15,-0.2387841569748617,50,-0.23183980163822235,MAP_SCADA,77,0.006944355336639341
4,UPFC_Vse,5-15,0.06333349762164837,50,0.0606352827826857,MAP_SCADA,77,0.0026982148389626745
5,UPFC_tse,5-15,-2.18884697758656,50,-2.153210255987545,MAP_SCADA,77,0.03563672159901499
0,x_tcsc,1-14,-0.10287200005996062,51,-0.11244102989906583,MAP_SCADA,77,0.009569029839105209
1,B_svc,2,0.17435630556991935,51,0.18447772456321931,MAP_SCADA,77,0.010121418993299963
2,UPFC_Vsh,5-15,1.1083789801853865,51,1.1078041107142318,MAP_SCADA,77,0.0005748694711547042
3,UPFC_tsh,5-15,-0.23954156229505957,51,-0.23183980163822235,MAP_SCADA,77,0.0077017606568372254
4,UPFC_Vse,5-15,0.0634631446920625,51,0.0606352827826857,MAP_SCADA,77,0.002827861909376804
5,UPFC_tse,5-15,-2.193128263603617,51,-2.153210255987545,MAP_SCADA,77,0.03991800761607189
0,x_tcsc,1-14,-0.10324332919686505,52,-0.11244102989906583,MAP_SCADA,77,0.009197700702200787
1,B_svc,2,0.1696109973659828,52,0.18447772456321931,MAP_SCADA,77,0.014866727197236501
2,UPFC_Vsh,5-15,1.111682729996886,52,1.1078041107142318,MAP_SCADA,77,0.0038786192826543164
3,UPFC_tsh,5-15,-0.2380664599567824,52,-0.23183980163822235,MAP_SCADA,77,0.006226658318560063
4,UPFC_Vse,5-15,0.0636095662815725,52,0.0606352827826857,MAP_SCADA,77,0.002974283498886794
5,UPFC_tse,5-15,-2.190966086526349,52,-2.153210255987545,MAP_SCADA,77,0.03775583053880416
0,x_tcsc,1-14,-0.10136893818338043,53,-0.11244102989906583,MAP_SCADA,77,0.011072091715685406
1,B_svc,2,0.1763356233567943,53,0.18447772456321931,MAP_SCADA,77,0.008142101206425001
2,UPFC_Vsh,5-15,1.1071755978151345,53,1.1078041107142318,MAP_SCADA,77,0.0006285128990972666
3,UPFC_tsh,5-15,-0.24045414133719084,53,-0.23183980163822235,MAP_SCADA,77,0.008614339698968493
4,UPFC_Vse,5-15,0.06363480196190133,53,0.0606352827826857,MAP_SCADA,77,0.0029995191792156276
5,UPFC_tse,5-15,-2.1940031377680684,53,-2.153210255987545,MAP_SCADA,77,0.04079288178052343
0,x_tcsc,1-14,-0.10324843381027872,54,-0.11244102989906583,MAP_SCADA,77,0.009192596088787114
1,B_svc,2,0.17285646172672728,54,0.18447772456321931,MAP_SCADA,77,0.011621262836492036
2,UPFC_Vsh,5-15,1.1064658011062947,54,1.1078041107142318,MAP_SCADA,77,0.001338309607937127
3,UPFC_tsh,5-15,-0.24019351975165645,54,-0.23183980163822235,MAP_SCADA,77,0.008353718113434105
4,UPFC_Vse,5-15,0.0631805362478855,54,0.0606352827826857,MAP_SCADA,77,0.0025452534651997996
5,UPFC_tse,5-15,-2.1928662900195057,54,-2.153210255987545,MAP_SCADA,77,0.03965603403196072
0,x_tcsc,1-14,-0.1019788974557904,55,-0.11244102989906583,MAP_SCADA,77,0.01046213244327543
1,B_svc,2,0.1762892680006951,55,0.18447772456321931,MAP_SCADA,77,0.008188456562524205
2,UPFC_Vsh,5-15,1.1068642261414183,55,1.1078041107142318,MAP_SCADA,77,0.0009398845728134653
3,UPFC_tsh,5-15,-0.2403625187434593,55,-0.23183980163822235,MAP_SCADA,77,0.008522717105236943
4,UPFC_Vse,5-15,0.06392525493854063,55,0.0606352827826857,MAP_SCADA,77,0.0032899721558549352
5,UPFC_tse,5-15,-2.1962706712338904,55,-2.153210255987545,MAP_SCADA,77,0.04306041524634541
0,x_tcsc,1-14,-0.10527974321233675,56,-0.11244102989906583,MAP_SCADA,77,0.007161286686729079
1,B_svc,2,0.167632286351566,56,0.18447772456321931,MAP_SCADA,77,0.016845438211653324
2,UPFC_Vsh,5-15,1.1086875892260313,56,1.1078041107142318,MAP_SCADA,77,0.0008834785117994848
3,UPFC_tsh,5-15,-0.23816006534123574,56,-0.23183980163822235,MAP_SCADA,77,0.00632026370301339
4,UPFC_Vse,5-15,0.06254446606212997,56,0.0606352827826857,MAP_SCADA,77,0.001909183279444275
5,UPFC_tse,5-15,-2.1879062130788323,56,-2.153210255987545,MAP_SCADA,77,0.034695957091287255
0,x_tcsc,1-14,-0.10179695860865144,57,-0.11244102989906583,MAP_SCADA,77,0.010644071290414392
1,B_svc,2,0.17922775758191414,57,0.18447772456321931,MAP_SCADA,77,0.005249966981305171
2,UPFC_Vsh,5-15,1.1053913401140298,57,1.1078041107142318,MAP_SCADA,77,0.0024127706002019522
3,UPFC_tsh,5-15,-0.24078070444873179,57,-0.23183980163822235,MAP_SCADA,77,0.008940902810509438
4,UPFC_Vse,5-15,0.0628623967199648,57,0.0606352827826857,MAP_SCADA,77,0.0022271139372790974
5,UPFC_tse,5-15,-2.19228846799818,57,-2.153210255987545,MAP_SCADA,77,0.03907821201063477
0,x_tcsc,1-14,-0.10438407717916225,58,-0.11244102989906583,MAP_SCADA,77,0.008056952719903587
1,B_svc,2,0.1710229922972262,58,0.18447772456321931,MAP_SCADA,77,0.013454732265993113
2,UPFC_Vsh,5-15,1.1084581412862453,58,1.1078041107142318,MAP_SCADA,77,0.0006540305720135198
3,UPFC_tsh,5-15,-0.23826230188521025,58,-0.23183980163822235,MAP_SCADA,77,0.0064225002469879
4,UPFC_Vse,5-15,0.06312944551932835,58,0.0606352827826857,MAP_SCADA,77,0.002494162736642651
5,UPFC_tse,5-15,-2.1876418894390635,58,-2.153210255987545,MAP_SCADA,77,0.03443163345151845
0,x_tcsc,1-14,-0.10383418172265896,59,-0.11244102989906583,MAP_SCADA,77,0.008606848176406875
1,B_svc,2,0.17312892218344747,59,0.18447772456321931,MAP_SCADA,77,0.011348802379771844
2,UPFC_Vsh,5-15,1.1072547742868786,59,1.1078041107142318,MAP_SCADA,77,0.0005493364273532197
3,UPFC_tsh,5-15,-0.23890156901931114,59,-0.23183980163822235,MAP_SCADA,77,0.007061767381088796
4,UPFC_Vse,5-15,0.06299379008888283,59,0.0606352827826857,MAP_SCADA,77,0.002358507306197126
5,UPFC_tse,5-15,-2.1917922454989034,59,-2.153210255987545,MAP_SCADA,77,0.03858198951135838
0,x_tcsc,1-14,-0.10327191665118586,60,-0.11244102989906583,MAP_SCADA,77,0.009169113247879973
1,B_svc,2,0.16996069385126053,60,0.18447772456321931,MAP_SCADA,77,0.014517030711958784
2,UPFC_Vsh,5-15,1.1098518577775867,60,1.1078041107142318,MAP_SCADA,77,0.0020477470633548656
3,UPFC_tsh,5-15,-0.23820244736558496,60,-0.23183980163822235,MAP_SCADA,77,0.006362645727362615
4,UPFC_Vse,5-15,0.06292108618224466,60,0.0606352827826857,MAP_SCADA,77,0.0022858033995589652
5,UPFC_tse,5-15,-2.187923879159447,60,-2.153210255987545,MAP_SCADA,77,0.034713623171902075
0,x_tcsc,1-14,-0.10443203071954701,61,-0.11244102989906583,MAP_SCADA,77,0.00800899917951882
1,B_svc,2,0.16903423354943337,61,0.18447772456321931,MAP_SCADA,77,0.015443491013785948
2,UPFC_Vsh,5-15,1.110202654342042,61,1.1078041107142318,MAP_SCADA,77,0.0023985436278102235
3,UPFC_tsh,5-15,-0.23777468793642412,61,-0.23183980163822235,MAP_SCADA,77,0.005934886298201769
4,UPFC_Vse,5-15,0.06314581996839719,61,0.0606352827826857,MAP_SCADA,77,0.002510537185711488
5,UPFC_tse,5-15,-2.1855869768875538,61,-2.153210255987545,MAP_SCADA,77,0.03237672090000876
0,x_tcsc,1-14,-0.1018979327156657,62,-0.11244102989906583,MAP_SCADA,77,0.01054309718340013
1,B_svc,2,0.17427711005926577,62,0.18447772456321931,MAP_SCADA,77,0.010200614503953542
2,UPFC_Vsh,5-15,1.1095015499881347,62,1.1078041107142318,MAP_SCADA,77,0.0016974392739028676
3,UPFC_tsh,5-15,-0.23957433529079633,62,-0.23183980163822235,MAP_SCADA,77,0.007734533652573983
4,UPFC_Vse,5-15,0.06324467634335171,62,0.0606352827826857,MAP_SCADA,77,0.002609393560666008
5,UPFC_tse,5-15,-2.194724354980753,62,-2.153210255987545,MAP_SCADA,77,0.041514098993208126
0,x_tcsc,1-14,-0.1047565086025988,63,-0.11244102989906583,MAP_SCADA,77,0.007684521296467031
1,B_svc,2,0.16464257816312167,63,0.18447772456321931,MAP_SCADA,77,0.019835146400097647
2,UPFC_Vsh,5-15,1.1108932720561624,63,1.1078041107142318,MAP_SCADA,77,0.003089161341930602
3,UPFC_tsh,5-15,-0.23730546416250609,63,-0.23183980163822235,MAP_SCADA,77,0.0054656625242837376
4,UPFC_Vse,5-15,0.06270315531355272,63,0.0606352827826857,MAP_SCADA,77,0.0020678725308670223
5,UPFC_tse,5-15,-2.1891048347645268,63,-2.153210255987545,MAP_SCADA,77,0.03589457877698177
0,x_tcsc,1-14,-0.10149762845702923,64,-0.11244102989906583,MAP_SCADA,77,0.010943401442036607
1,B_svc,2,0.17041915878050962,64,0.18447772456321931,MAP_SCADA,77,0.014058565782709698
2,UPFC_Vsh,5-15,1.1100417205424307,64,1.1078041107142318,MAP_SCADA,77,0.002237609828198872
3,UPFC_tsh,5-15,-0.23829959354425628,64,-0.23183980163822235,MAP_SCADA,77,0.006459791906033935
4,UPFC_Vse,5-15,0.06332037722712637,64,0.0606352827826857,MAP_SCADA,77,0.0026850944444406707
5,UPFC_tse,5-15,-2.1874300265671645,64,-2.153210255987545,MAP_SCADA,77,0.034219770579619446
0,x_tcsc,1-14,-0.1029503968470731,65,-0.11244102989906583,MAP_SCADA,77,0.009490633051992728
1,B_svc,2,0.1727546126568781,65,0.18447772456321931,MAP_SCADA,77,0.011723111906341205
2,UPFC_Vsh,5-15,1.1090411589252558,65,1.1078041107142318,MAP_SCADA,77,0.0012370482110239944
3,UPFC_tsh,5-15,-0.2391466538977477,65,-0.23183980163822235,MAP_SCADA,77,0.007306852259525348
4,UPFC_Vse,5-15,0.06267864255580684,65,0.0606352827826857,MAP_SCADA,77,0.002043359773121138
5,UPFC_tse,5-15,-2.194609229181598,65,-2.153210255987545,MAP_SCADA,77,0.041398973194052946
0,x_tcsc,1-14,-0.10255764452678089,66,-0.11244102989906583,MAP_SCADA,77,0.009883385372284947
1,B_svc,2,0.17335932811787075,66,0.18447772456321931,MAP_SCADA,77,0.011118396445348566
2,UPFC_Vsh,5-15,1.1067821196443008,66,1.1078041107142318,MAP_SCADA,77,0.0010219910699309498
3,UPFC_tsh,5-15,-0.24009114421968414,66,-0.23183980163822235,MAP_SCADA,77,0.00825134258146179
4,UPFC_Vse,5-15,0.06383770986129642,66,0.0606352827826857,MAP_SCADA,77,0.003202427078610716
5,UPFC_tse,5-15,-2.189975251551576,66,-2.153210255987545,MAP_SCADA,77,0.03676499556403101
0,x_tcsc,1-14,-0.10257961106253177,67,-0.11244102989906583,MAP_SCADA,77,0.009861418836534061
1,B_svc,2,0.1742425484016374,67,0.18447772456321931,MAP_SCADA,77,0.010235176161581927
2,UPFC_Vsh,5-15,1.1083253567254918,67,1.1078041107142318,MAP_SCADA,77,0.0005212460112600237
3,UPFC_tsh,5-15,-0.23958027079370714,67,-0.23183980163822235,MAP_SCADA,77,0.0077404691554847915
4,UPFC_Vse,5-15,0.06314568162052941,67,0.0606352827826857,MAP_SCADA,77,0.002510398837843715
5,UPFC_tse,5-15,-2.1901283364202158,67,-2.153210255987545,MAP_SCADA,77,0.03691808043267075
0,x_tcsc,1-14,-0.10263337111071213,68,-0.11244102989906583,MAP_SCADA,77,0.009807658788353699
1,B_svc,2,0.17100614863303598,68,0.18447772456321931,MAP_SCADA,77,0.013471575930183333
2,UPFC_Vsh,5-15,1.1100202564761716,68,1.1078041107142318,MAP_SCADA,77,0.0022161457619398472
3,UPFC_tsh,5-15,-0.23892424588676187,68,-0.23183980163822235,MAP_SCADA,77,0.007084444248539518
4,UPFC_Vse,5-15,0.06251988918292863,68,0.0606352827826857,MAP_SCADA,77,0.001884606400242926
5,UPFC_tse,5-15,-2.187948808276476,68,-2.153210255987545,MAP_SCADA,77,0.03473855228893097
0,x_tcsc,1-14,-0.10299316820601115,69,-0.11244102989906583,MAP_SCADA,77,0.009447861693054685
1,B_svc,2,0.16947360486173987,69,0.18447772456321931,MAP_SCADA,77,0.01500411970147944
2,UPFC_Vsh,5-15,1.1089815892970292,69,1.1078041107142318,MAP_SCADA,77,0.0011774785827973755
3,UPFC_tsh,5-15,-0.2385254375662905,69,-0.23183980163822235,MAP_SCADA,77,0.0066856359280681454
4,UPFC_Vse,5-15,0.06214377261304217,69,0.0606352827826857,MAP_SCADA,77,0.0015084898303564728
5,UPFC_tse,5-15,-2.1892225229127744,69,-2.153210255987545,MAP_SCADA,77,0.03601226692522941
0,x_tcsc,1-14,-0.10185809716055308,70,-0.11244102989906583,MAP_SCADA,77,0.010582932738512754
1,B_svc,2,0.1712652326521477,70,0.18447772456321931,MAP_SCADA,77,0.013212491911071628
2,UPFC_Vsh,5-15,1.1087057236793505,70,1.1078041107142318,MAP_SCADA,77,0.0009016129651187033
3,UPFC_tsh,5-15,-0.2391822748874336,70,-0.23183980163822235,MAP_SCADA,77,0.007342473249211251
4,UPFC_Vse,5-15,0.06257359134144821,70,0.0606352827826857,MAP_SCADA,77,0.0019383085587625151
5,UPFC_tse,5-15,-2.1913194357175967,70,-2.153210255987545,MAP_SCADA,77,0.03810917973005168
0,x_tcsc,1-14,-0.10524162761546635,71,-0.11244102989906583,MAP_SCADA,77,0.007199402283599485
1,B_svc,2,0.16611244629803404,71,0.18447772456321931,MAP_SCADA,77,0.018365278265185275
2,UPFC_Vsh,5-15,1.1096813062861652,71,1.1078041107142318,MAP_SCADA,77,0.0018771955719334432
3,UPFC_tsh,5-15,-0.23770084547255427,71,-0.23183980163822235,MAP_SCADA,77,0.005861043834331919
4,UPFC_Vse,5-15,0.06383213767638687,71,0.0606352827826857,MAP_SCADA,77,0.0031968548937011745
5,UPFC_tse,5-15,-2.1861294420596007,71,-2.153210255987545,MAP_SCADA,77,0.032919186072055684
0,x_tcsc,1-14,-0.10233283399276083,72,-0.11244102989906583,MAP_SCADA,77,0.010108195906305004
1,B_svc,2,0.17345561181975075,72,0.18447772456321931,MAP_SCADA,77,0.011022112743468565
2,UPFC_Vsh,5-15,1.1081896369708146,72,1.1078041107142318,MAP_SCADA,77,0.00038552625658283546
3,UPFC_tsh,5-15,-0.2390668542505105,72,-0.23183980163822235,MAP_SCADA,77,0.0072270526122881484
4,UPFC_Vse,5-15,0.06308312190652304,72,0.0606352827826857,MAP_SCADA,77,0.0024478391238373434
5,UPFC_tse,5-15,-2.1950210742699534,72,-2.153210255987545,MAP_SCADA,77,0.0418108182824084
0,x_tcsc,1-14,-0.10300572656616798,73,-0.11244102989906583,MAP_SCADA,77,0.009435303332897854
1,B_svc,2,0.1699124075334846,73,0.18447772456321931,MAP_SCADA,77,0.014565317029734709
2,UPFC_Vsh,5-15,1.111688763891842,73,1.1078041107142318,MAP_SCADA,77,0.00388465317761022
3,UPFC_tsh,5-15,-0.23754253964747926,73,-0.23183980163822235,MAP_SCADA,77,0.0057027380092569135
4,UPFC_Vse,5-15,0.06295480558574423,73,0.0606352827826857,MAP_SCADA,77,0.002319522803058534
5,UPFC_tse,5-15,-2.1898784956330895,73,-2.153210255987545,MAP_SCADA,77,0.03666823964554444
0,x_tcsc,1-14,-0.10514924575789812,74,-0.11244102989906583,MAP_SCADA,77,0.007291784141167712
1,B_svc,2,0.16485838462843566,74,0.18447772456321931,MAP_SCADA,77,0.019619339934783653
2,UPFC_Vsh,5-15,1.1083799244483572,74,1.1078041107142318,MAP_SCADA,77,0.0005758137341254077
3,UPFC_tsh,5-15,-0.23760004359913878,74,-0.23183980163822235,MAP_SCADA,77,0.005760241960916429
4,UPFC_Vse,5-15,0.06298926157265705,74,0.0606352827826857,MAP_SCADA,77,0.002353978789971352
5,UPFC_tse,5-15,-2.1901337929582283,74,-2.153210255987545,MAP_SCADA,77,0.03692353697068329
0,x_tcsc,1-14,-0.10232746305722461,75,-0.11244102989906583,MAP_SCADA,77,0.010113566841841226
1,B_svc,2,0.17313561704027464,75,0.18447772456321931,MAP_SCADA,77,0.011342107522944678
2,UPFC_Vsh,5-15,1.1109635601407246,75,1.1078041107142318,MAP_SCADA,77,0.003159449426492822
3,UPFC_tsh,5-15,-0.2383956924953973,75,-0.23183980163822235,MAP_SCADA,77,0.006555890857174951
4,UPFC_Vse,5-15,0.06252459057740888,75,0.0606352827826857,MAP_SCADA,77,0.001889307794723176
5,UPFC_tse,5-15,-2.1931506194433967,75,-2.153210255987545,MAP_SCADA,77,0.039940363455851724
0,x_tcsc,1-14,-0.10346791682523426,76,-0.11244102989906583,MAP_SCADA,77,0.00897311307383157
1,B_svc,2,0.16888588364988585,76,0.18447772456321931,MAP_SCADA,77,0.01559184091333346
2,UPFC_Vsh,5-15,1.1099742200180993,76,1.1078041107142318,MAP_SCADA,77,0.002170109303867518
3,UPFC_tsh,5-15,-0.23913273123024675,76,-0.23183980163822235,MAP_SCADA,77,0.007292929592024405
4,UPFC_Vse,5-15,0.06273977661451471,76,0.0606352827826857,MAP_SCADA,77,0.0021044938318290143
5,UPFC_tse,5-15,-2.1907842344148376,76,-2.153210255987545,MAP_SCADA,77,0.0375739784272926
0,x_tcsc,1-14,-0.1031683208624105,77,-0.11244102989906583,MAP_SCADA,77,0.009272709036655336
1,B_svc,2,0.16891396732518127,77,0.18447772456321931,MAP_SCADA,77,0.015563757238038045
2,UPFC_Vsh,5-15,1.1077683373382927,77,1.1078041107142318,MAP_SCADA,77,3.577337593907437e-05
3,UPFC_tsh,5-15,-0.23970109057894223,77,-0.23183980163822235,MAP_SCADA,77,0.007861288940719885
4,UPFC_Vse,5-15,0.06299287105766653,77,0.0606352827826857,MAP_SCADA,77,0.0023575882749808305
5,UPFC_tse,5-15,-2.189390037798933,77,-2.153210255987545,MAP_SCADA,77,0.03617978181138781
0,x_tcsc,1-14,-0.1003523763282444,78,-0.11244102989906583,MAP_SCADA,77,0.012088653570821437
1,B_svc,2,0.1781374744137755,78,0.18447772456321931,MAP_SCADA,77,0.00634025014944381
2,UPFC_Vsh,5-15,1.1064367614323085,78,1.1078041107142318,MAP_SCADA,77,0.0013673492819232802
3,UPFC_tsh,5-15,-0.24069360638132725,78,-0.23183980163822235,MAP_SCADA,77,0.008853804743104904
4,UPFC_Vse,5-15,0.0636058583757046,78,0.0606352827826857,MAP_SCADA,77,0.002970575593018894
5,UPFC_tse,5-15,-2.1934335928061675,78,-2.153210255987545,MAP_SCADA,77,0.040223336818622446
0,x_tcsc,1-14,-0.10276773053574277,79,-0.11244102989906583,MAP_SCADA,77,0.009673299363323062
1,B_svc,2,0.1680802978468382,79,0.18447772456321931,MAP_SCADA,77,0.016397426716381114
2,UPFC_Vsh,5-15,1.1117810693734493,79,1.1078041107142318,MAP_SCADA,77,0.003976958659217544
3,UPFC_tsh,5-15,-0.237322468516072,79,-0.23183980163822235,MAP_SCADA,77,0.005482666877849651
4,UPFC_Vse,5-15,0.06270065158906427,79,0.0606352827826857,MAP_SCADA,77,0.002065368806378566
5,UPFC_tse,5-15,-2.1869983063602736,79,-2.153210255987545,MAP_SCADA,77,0.033788050372728584
0,x_tcsc,1-14,-0.10316049789480242,80,-0.11244102989906583,MAP_SCADA,77,0.009280532004263417
1,B_svc,2,0.17065832407353948,80,0.18447772456321931,MAP_SCADA,77,0.013819400489679834
2,UPFC_Vsh,5-15,1.1092538073589127,80,1.1078041107142318,MAP_SCADA,77,0.0014496966446808646
3,UPFC_tsh,5-15,-0.239140938455551,80,-0.23183980163822235,MAP_SCADA,77,0.007301136817328663
4,UPFC_Vse,5-15,0.063109103691046,80,0.0606352827826857,MAP_SCADA,77,0.0024738209083602983
5,UPFC_tse,5-15,-2.1914075308370156,80,-2.153210255987545,MAP_SCADA,77,0.03819727484947055
0,x_tcsc,1-14,-0.10041044236733196,81,-0.11244102989906583,MAP_SCADA,77,0.012030587531733875
1,B_svc,2,0.18123476065321326,81,0.18447772456321931,MAP_SCADA,77,0.003242963910006058
2,UPFC_Vsh,5-15,1.1059665821283136,81,1.1078041107142318,MAP_SCADA,77,0.0018375285859182355
3,UPFC_tsh,5-15,-0.24094205153019474,81,-0.23183980163822235,MAP_SCADA,77,0.009102249891972392
4,UPFC_Vse,5-15,0.06307815871124836,81,0.0606352827826857,MAP_SCADA,77,0.0024428759285626614
5,UPFC_tse,5-15,-2.195590834076475,81,-2.153210255987545,MAP_SCADA,77,0.04238057808893014
0,x_tcsc,1-14,-0.10457447478471675,82,-0.11244102989906583,MAP_SCADA,77,0.007866555114349083
1,B_svc,2,0.16783207973975625,82,0.18447772456321931,MAP_SCADA,77,0.016645644823463063
2,UPFC_Vsh,5-15,1.110012346364267,82,1.1078041107142318,MAP_SCADA,77,0.0022082356500352507
3,UPFC_tsh,5-15,-0.2376586382346466,82,-0.23183980163822235,MAP_SCADA,77,0.005818836596424265
4,UPFC_Vse,5-15,0.06331608203981146,82,0.0606352827826857,MAP_SCADA,77,0.002680799257125756
5,UPFC_tse,5-15,-2.1867291866877543,82,-2.153210255987545,MAP_SCADA,77,0.03351893070020928
0,x_tcsc,1-14,-0.1031657595623476,83,-0.11244102989906583,MAP_SCADA,77,0.009275270336718239
1,B_svc,2,0.17424357418869788,83,0.18447772456321931,MAP_SCADA,77,0.010234150374521439
2,UPFC_Vsh,5-15,1.1072885960269414,83,1.1078041107142318,MAP_SCADA,77,0.000515514687290386
3,UPFC_tsh,5-15,-0.23966310880723438,83,-0.23183980163822235,MAP_SCADA,77,0.007823307169012028
4,UPFC_Vse,5-15,0.06304301881323121,83,0.0606352827826857,MAP_SCADA,77,0.002407736030545511
5,UPFC_tse,5-15,-2.1962086599650283,83,-2.153210255987545,MAP_SCADA,77,0.042998403977483335
0,x_tcsc,1-14,-0.10333678174264938,84,-0.11244102989906583,MAP_SCADA,77,0.009104248156416458
1,B_svc,2,0.16992623847206714,84,0.18447772456321931,MAP_SCADA,77,0.014551486091152172
2,UPFC_Vsh,5-15,1.108396689227261,84,1.1078041107142318,MAP_SCADA,77,0.000592578513029185
3,UPFC_tsh,5-15,-0.23891537987045408,84,-0.23183980163822235,MAP_SCADA,77,0.007075578232231733
4,UPFC_Vse,5-15,0.06353080171285039,84,0.0606352827826857,MAP_SCADA,77,0.002895518930164688
5,UPFC_tse,5-15,-2.1934515204379577,84,-2.153210255987545,MAP_SCADA,77,0.04024126445041265
0,x_tcsc,1-14,-0.10081655054250013,85,-0.11244102989906583,MAP_SCADA,77,0.0116244793565657
1,B_svc,2,0.17694535235740244,85,0.18447772456321931,MAP_SCADA,77,0.007532372205816873
2,UPFC_Vsh,5-15,1.1073705397164069,85,1.1078041107142318,MAP_SCADA,77,0.00043357099782492803
3,UPFC_tsh,5-15,-0.2398156892148108,85,-0.23183980163822235,MAP_SCADA,77,0.007975887576588458
4,UPFC_Vse,5-15,0.06285607316405972,85,0.0606352827826857,MAP_SCADA,77,0.002220790381374023
5,UPFC_tse,5-15,-2.1933991813687634,85,-2.153210255987545,MAP_SCADA,77,0.04018892538121843
0,x_tcsc,1-14,-0.10456865424775502,86,-0.11244102989906583,MAP_SCADA,77,0.007872375651310812
1,B_svc,2,0.1666530528575441,86,0.18447772456321931,MAP_SCADA,77,0.017824671705675227
2,UPFC_Vsh,5-15,1.1106773055855599,86,1.1078041107142318,MAP_SCADA,77,0.0028731948713280886
3,UPFC_tsh,5-15,-0.23739767838514195,86,-0.23183980163822235,MAP_SCADA,77,0.005557876746919599
4,UPFC_Vse,5-15,0.06257029657897878,86,0.0606352827826857,MAP_SCADA,77,0.0019350137962930794
5,UPFC_tse,5-15,-2.189342971517965,86,-2.153210255987545,MAP_SCADA,77,0.03613271553042008
0,x_tcsc,1-14,-0.1014522893066262,87,-0.11244102989906583,MAP_SCADA,77,0.010988740592439636
1,B_svc,2,0.1759377983837093,87,0.18447772456321931,MAP_SCADA,77,0.008539926179510021
2,UPFC_Vsh,5-15,1.1075747788641153,87,1.1078041107142318,MAP_SCADA,77,0.000229331850116532
3,UPFC_tsh,5-15,-0.23996026048803054,87,-0.23183980163822235,MAP_SCADA,77,0.008120458849808193
4,UPFC_Vse,5-15,0.0631287474103788,87,0.0606352827826857,MAP_SCADA,77,0.0024934646276930997
5,UPFC_tse,5-15,-2.192029188740658,87,-2.153210255987545,MAP_SCADA,77,0.03881893275311299
0,x_tcsc,1-14,-0.10308302753037737,88,-0.11244102989906583,MAP_SCADA,77,0.009358002368688459
1,B_svc,2,0.17448784950738527,88,0.18447772456321931,MAP_SCADA,77,0.009989875055834041
2,UPFC_Vsh,5-15,1.1061476784346318,88,1.1078041107142318,MAP_SCADA,77,0.0016564322795999953
3,UPFC_tsh,5-15,-0.24050589806222702,88,-0.23183980163822235,MAP_SCADA,77,0.008666096424004677
4,UPFC_Vse,5-15,0.06268005160067479,88,0.0606352827826857,MAP_SCADA,77,0.0020447688179890885
5,UPFC_tse,5-15,-2.190872120562374,88,-2.153210255987545,MAP_SCADA,77,0.03766186457482901
0,x_tcsc,1-14,-0.10267111452075099,89,-0.11244102989906583,MAP_SCADA,77,0.009769915378314842
1,B_svc,2,0.16961778126943405,89,0.18447772456321931,MAP_SCADA,77,0.01485994329378526
2,UPFC_Vsh,5-15,1.1079274160944588,89,1.1078041107142318,MAP_SCADA,77,0.000123305380226979
3,UPFC_tsh,5-15,-0.23875734153579592,89,-0.23183980163822235,MAP_SCADA,77,0.006917539897573571
4,UPFC_Vse,5-15,0.06317546712596372,89,0.0606352827826857,MAP_SCADA,77,0.002540184343278025
5,UPFC_tse,5-15,-2.1882457540257323,89,-2.153210255987545,MAP_SCADA,77,0.035035498038187285
0,x_tcsc,1-14,-0.10613469936333164,90,-0.11244102989906583,MAP_SCADA,77,0.006306330535734192
1,B_svc,2,0.16006816122231587,90,0.18447772456321931,MAP_SCADA,77,0.02440956334090344
2,UPFC_Vsh,5-15,1.1094315761130153,90,1.1078041107142318,MAP_SCADA,77,0.0016274653987835563
3,UPFC_tsh,5-15,-0.23704302088232218,90,-0.23183980163822235,MAP_SCADA,77,0.005203219244099833
4,UPFC_Vse,5-15,0.06352188556720155,90,0.0606352827826857,MAP_SCADA,77,0.00288660278451585
5,UPFC_tse,5-15,-2.187971846351272,90,-2.153210255987545,MAP_SCADA,77,0.034761590363726835
0,x_tcsc,1-14,-0.10274183533505725,91,-0.11244102989906583,MAP_SCADA,77,0.009699194564008584
1,B_svc,2,0.1712474167571244,91,0.18447772456321931,MAP_SCADA,77,0.01323030780609491
2,UPFC_Vsh,5-15,1.1081719272205834,91,1.1078041107142318,MAP_SCADA,77,0.0003678165063516481
3,UPFC_tsh,5-15,-0.23991407693170547,91,-0.23183980163822235,MAP_SCADA,77,0.008074275293483119
4,UPFC_Vse,5-15,0.06319960057066118,91,0.0606352827826857,MAP_SCADA,77,0.00256431778797548
5,UPFC_tse,5-15,-2.189139377730668,91,-2.153210255987545,MAP_SCADA,77,0.035929121743123016
0,x_tcsc,1-14,-0.10529554962383599,92,-0.11244102989906583,MAP_SCADA,77,0.0071454802752298485
1,B_svc,2,0.164802444766533,92,0.18447772456321931,MAP_SCADA,77,0.019675279796686318
2,UPFC_Vsh,5-15,1.1091574366065957,92,1.1078041107142318,MAP_SCADA,77,0.0013533258923639213
3,UPFC_tsh,5-15,-0.23715858961762765,92,-0.23183980163822235,MAP_SCADA,77,0.005318787979405298
4,UPFC_Vse,5-15,0.06325685516812932,92,0.0606352827826857,MAP_SCADA,77,0.002621572385443617
5,UPFC_tse,5-15,-2.185841384590449,92,-2.153210255987545,MAP_SCADA,77,0.03263112860290418
0,x_tcsc,1-14,-0.10198001686873225,93,-0.11244102989906583,MAP_SCADA,77,0.010461013030333588
1,B_svc,2,0.1745075075648837,93,0.18447772456321931,MAP_SCADA,77,0.009970216998335613
2,UPFC_Vsh,5-15,1.1077672411780743,93,1.1078041107142318,MAP_SCADA,77,3.68695361574467e-05
3,UPFC_tsh,5-15,-0.24025055114601698,93,-0.23183980163822235,MAP_SCADA,77,0.008410749507794635
4,UPFC_Vse,5-15,0.06302712550417613,93,0.0606352827826857,MAP_SCADA,77,0.002391842721490435
5,UPFC_tse,5-15,-2.193898147976288,93,-2.153210255987545,MAP_SCADA,77,0.04068789198874301
0,x_tcsc,1-14,-0.10240752827041755,94,-0.11244102989906583,MAP_SCADA,77,0.010033501628648286
1,B_svc,2,0.17267742847899017,94,0.18447772456321931,MAP_SCADA,77,0.01180029608422914
2,UPFC_Vsh,5-15,1.1060683377314755,94,1.1078041107142318,MAP_SCADA,77,0.0017357729827562896
3,UPFC_tsh,5-15,-0.23966172718881376,94,-0.23183980163822235,MAP_SCADA,77,0.007821925550591413
4,UPFC_Vse,5-15,0.06356182781739468,94,0.0606352827826857,MAP_SCADA,77,0.0029265450347089814
5,UPFC_tse,5-15,-2.1899317687571993,94,-2.153210255987545,MAP_SCADA,77,0.036721512769654296
0,x_tcsc,1-14,-0.1015701753308845,95,-0.11244102989906583,MAP_SCADA,77,0.010870854568181335
1,B_svc,2,0.1739762418767858,95,0.18447772456321931,MAP_SCADA,77,0.010501482686433528
2,UPFC_Vsh,5-15,1.109278096323847,95,1.1078041107142318,MAP_SCADA,77,0.0014739856096153137
3,UPFC_tsh,5-15,-0.23889218641001428,95,-0.23183980163822235,MAP_SCADA,77,0.007052384771791931
4,UPFC_Vse,5-15,0.06328697888437507,95,0.0606352827826857,MAP_SCADA,77,0.0026516961016893673
5,UPFC_tse,5-15,-2.194328809564617,95,-2.153210255987545,MAP_SCADA,77,0.04111855357707217
0,x_tcsc,1-14,-0.10232252245350033,96,-0.11244102989906583,MAP_SCADA,77,0.0101185074455655
1,B_svc,2,0.17372121612069635,96,0.18447772456321931,MAP_SCADA,77,0.01075650844252296
2,UPFC_Vsh,5-15,1.108048298640947,96,1.1078041107142318,MAP_SCADA,77,0.0002441879267152114
3,UPFC_tsh,5-15,-0.2395526260351638,96,-0.23183980163822235,MAP_SCADA,77,0.007712824396941459
4,UPFC_Vse,5-15,0.06360226093011265,96,0.0606352827826857,MAP_SCADA,77,0.0029669781474269477
5,UPFC_tse,5-15,-2.1900485756251924,96,-2.153210255987545,MAP_SCADA,77,0.03683831963764739
0,x_tcsc,1-14,-0.10333071641159243,97,-0.11244102989906583,MAP_SCADA,77,0.009110313487473404
1,B_svc,2,0.17110006030773722,97,0.18447772456321931,MAP_SCADA,77,0.013377664255482091
2,UPFC_Vsh,5-15,1.1083044207896122,97,1.1078041107142318,MAP_SCADA,77,0.0005003100753804279
3,UPFC_tsh,5-15,-0.23860190996385314,97,-0.23183980163822235,MAP_SCADA,77,0.006762108325630789
4,UPFC_Vse,5-15,0.06399735750141623,97,0.0606352827826857,MAP_SCADA,77,0.003362074718730533
5,UPFC_tse,5-15,-2.19124066642229,97,-2.153210255987545,MAP_SCADA,77,0.038030410434744866
0,x_tcsc,1-14,-0.10426524521610846,98,-0.11244102989906583,MAP_SCADA,77,0.008175784682957377
1,B_svc,2,0.17011498705090078,98,0.18447772456321931,MAP_SCADA,77,0.014362737512318535
2,UPFC_Vsh,5-15,1.1100572819699157,98,1.1078041107142318,MAP_SCADA,77,0.0022531712556839167
3,UPFC_tsh,5-15,-0.23770219494552186,98,-0.23183980163822235,MAP_SCADA,77,0.005862393307299513
4,UPFC_Vse,5-15,0.06334543800654534,98,0.0606352827826857,MAP_SCADA,77,0.002710155223859638
5,UPFC_tse,5-15,-2.193521321270926,98,-2.153210255987545,MAP_SCADA,77,0.04031106528338091
0,x_tcsc,1-14,-0.10313457559422243,99,-0.11244102989906583,MAP_SCADA,77,0.009306454304843406
1,B_svc,2,0.17001685418981957,99,0.18447772456321931,MAP_SCADA,77,0.014460870373399742
2,UPFC_Vsh,5-15,1.109765874666147,99,1.1078041107142318,MAP_SCADA,77,0.001961763951915163
3,UPFC_tsh,5-15,-0.23838836964991572,99,-0.23183980163822235,MAP_SCADA,77,0.006548568011693373
4,UPFC_Vse,5-15,0.06302138463839355,99,0.0606352827826857,MAP_SCADA,77,0.0023861018557078464
5,UPFC_tse,5-15,-2.187957790781871,99,-2.153210255987545,MAP_SCADA,77,0.03474753479432602
0,x_tcsc,1-14,-0.10329353714551051,0,-0.11156647763395859,MAP_SCADA,79,0.00827294048844808
1,B_svc,2,0.16811519883705064,0,0.18271560126173608,MAP_SCADA,79,0.014600402424685438
2,UPFC_Vsh,5-15,1.1098479333514264,0,1.1078640799983066,MAP_SCADA,79,0.001983853353119791
3,UPFC_tsh,5-15,-0.23850846755793317,0,-0.23298489358677693,MAP_SCADA,79,0.005523573971156243
4,UPFC_Vse,5-15,0.06280396337550218,0,0.060276025885051515,MAP_SCADA,79,0.00252793749045066
5,UPFC_tse,5-15,-2.189547936028691,0,-2.1574181522568168,MAP_SCADA,79,0.032129783771874365
0,x_tcsc,1-14,-0.10333449122731382,1,-0.11156647763395859,MAP_SCADA,79,0.00823198640664477
1,B_svc,2,0.17229278551833666,1,0.18271560126173608,MAP_SCADA,79,0.010422815743399427
2,UPFC_Vsh,5-15,1.1074218438606374,1,1.1078640799983066,MAP_SCADA,79,0.00044223613766924963
3,UPFC_tsh,5-15,-0.2393005791363044,1,-0.23298489358677693,MAP_SCADA,79,0.006315685549527467
4,UPFC_Vse,5-15,0.06354372417136461,1,0.060276025885051515,MAP_SCADA,79,0.0032676982863130977
5,UPFC_tse,5-15,-2.188008410858818,1,-2.1574181522568168,MAP_SCADA,79,0.030590258602001263
0,x_tcsc,1-14,-0.10362651376837446,2,-0.11156647763395859,MAP_SCADA,79,0.007939963865584126
1,B_svc,2,0.16919022531694322,2,0.18271560126173608,MAP_SCADA,79,0.013525375944792861
2,UPFC_Vsh,5-15,1.1102493941878657,2,1.1078640799983066,MAP_SCADA,79,0.002385314189559118
3,UPFC_tsh,5-15,-0.23849235067663532,2,-0.23298489358677693,MAP_SCADA,79,0.005507457089858392
4,UPFC_Vse,5-15,0.06320110323422641,2,0.060276025885051515,MAP_SCADA,79,0.0029250773491748955
5,UPFC_tse,5-15,-2.191367850099842,2,-2.1574181522568168,MAP_SCADA,79,0.03394969784302537
0,x_tcsc,1-14,-0.1022783976113678,3,-0.11156647763395859,MAP_SCADA,79,0.009288080022590794
1,B_svc,2,0.17447641250969634,3,0.18271560126173608,MAP_SCADA,79,0.008239188752039744
2,UPFC_Vsh,5-15,1.1077086780665086,3,1.1078640799983066,MAP_SCADA,79,0.00015540193179797157
3,UPFC_tsh,5-15,-0.239679881625969,3,-0.23298489358677693,MAP_SCADA,79,0.006694988039192079
4,UPFC_Vse,5-15,0.06420872154220497,3,0.060276025885051515,MAP_SCADA,79,0.003932695657153457
5,UPFC_tse,5-15,-2.1910131457639017,3,-2.1574181522568168,MAP_SCADA,79,0.03359499350708495
0,x_tcsc,1-14,-0.10394054656344608,4,-0.11156647763395859,MAP_SCADA,79,0.007625931070512515
1,B_svc,2,0.17253418900935183,4,0.18271560126173608,MAP_SCADA,79,0.010181412252384253
2,UPFC_Vsh,5-15,1.1080842679213603,4,1.1078640799983066,MAP_SCADA,79,0.00022018792305367185
3,UPFC_tsh,5-15,-0.23896792048445972,4,-0.23298489358677693,MAP_SCADA,79,0.005983026897682792
4,UPFC_Vse,5-15,0.06280615072875485,4,0.060276025885051515,MAP_SCADA,79,0.002530124843703338
5,UPFC_tse,5-15,-2.190748734444064,4,-2.1574181522568168,MAP_SCADA,79,0.03333058218724716
0,x_tcsc,1-14,-0.10358721953952944,5,-0.11156647763395859,MAP_SCADA,79,0.007979258094429148
1,B_svc,2,0.16814849854113137,5,0.18271560126173608,MAP_SCADA,79,0.014567102720604713
2,UPFC_Vsh,5-15,1.1103570430873901,5,1.1078640799983066,MAP_SCADA,79,0.002492963089083533
3,UPFC_tsh,5-15,-0.23847268222950582,5,-0.23298489358677693,MAP_SCADA,79,0.005487788642728891
4,UPFC_Vse,5-15,0.06314489609101118,5,0.060276025885051515,MAP_SCADA,79,0.0028688702059596616
5,UPFC_tse,5-15,-2.190275244913631,5,-2.1574181522568168,MAP_SCADA,79,0.032857092656814135
0,x_tcsc,1-14,-0.10350531559935731,6,-0.11156647763395859,MAP_SCADA,79,0.008061162034601277
1,B_svc,2,0.16889408616433438,6,0.18271560126173608,MAP_SCADA,79,0.013821515097401704
2,UPFC_Vsh,5-15,1.1092796634959625,6,1.1078640799983066,MAP_SCADA,79,0.0014155834976559145
3,UPFC_tsh,5-15,-0.2386688698331191,6,-0.23298489358677693,MAP_SCADA,79,0.005683976246342176
4,UPFC_Vse,5-15,0.06287393598506438,6,0.060276025885051515,MAP_SCADA,79,0.002597910100012868
5,UPFC_tse,5-15,-2.1904821780911643,6,-2.1574181522568168,MAP_SCADA,79,0.03306402583434753
0,x_tcsc,1-14,-0.10086561566381738,7,-0.11156647763395859,MAP_SCADA,79,0.01070086197014121
1,B_svc,2,0.17407933738082562,7,0.18271560126173608,MAP_SCADA,79,0.00863626388091046
2,UPFC_Vsh,5-15,1.1095504799373779,7,1.1078640799983066,MAP_SCADA,79,0.0016863999390712703
3,UPFC_tsh,5-15,-0.23927897238709775,7,-0.23298489358677693,MAP_SCADA,79,0.006294078800320818
4,UPFC_Vse,5-15,0.06312921191592344,7,0.060276025885051515,MAP_SCADA,79,0.0028531860308719237
5,UPFC_tse,5-15,-2.1874008932882796,7,-2.1574181522568168,MAP_SCADA,79,0.029982741031462812
0,x_tcsc,1-14,-0.10415892026095726,8,-0.11156647763395859,MAP_SCADA,79,0.007407557373001333
1,B_svc,2,0.17134587093852688,8,0.18271560126173608,MAP_SCADA,79,0.011369730323209204
2,UPFC_Vsh,5-15,1.107249958845356,8,1.1078640799983066,MAP_SCADA,79,0.0006141211529506752
3,UPFC_tsh,5-15,-0.23866553903984225,8,-0.23298489358677693,MAP_SCADA,79,0.005680645453065319
4,UPFC_Vse,5-15,0.06362033412494816,8,0.060276025885051515,MAP_SCADA,79,0.0033443082398966484
5,UPFC_tse,5-15,-2.186522927523441,8,-2.1574181522568168,MAP_SCADA,79,0.029104775266624028
0,x_tcsc,1-14,-0.10245107087655327,9,-0.11156647763395859,MAP_SCADA,79,0.009115406757405325
1,B_svc,2,0.1699705773336321,9,0.18271560126173608,MAP_SCADA,79,0.012745023928103977
2,UPFC_Vsh,5-15,1.1111100280601645,9,1.1078640799983066,MAP_SCADA,79,0.0032459480618578507
3,UPFC_tsh,5-15,-0.23772898479278912,9,-0.23298489358677693,MAP_SCADA,79,0.004744091206012185
4,UPFC_Vse,5-15,0.06293157188011914,9,0.060276025885051515,MAP_SCADA,79,0.002655545995067621
5,UPFC_tse,5-15,-2.1889726606857733,9,-2.1574181522568168,MAP_SCADA,79,0.031554508428956574
0,x_tcsc,1-14,-0.10201414245840422,10,-0.11156647763395859,MAP_SCADA,79,0.009552335175554372
1,B_svc,2,0.1773995230540244,10,0.18271560126173608,MAP_SCADA,79,0.005316078207711683
2,UPFC_Vsh,5-15,1.1078753800386845,10,1.1078640799983066,MAP_SCADA,79,1.1300040377859588e-05
3,UPFC_tsh,5-15,-0.23991346910294914,10,-0.23298489358677693,MAP_SCADA,79,0.0069285755161722085
4,UPFC_Vse,5-15,0.06350055111044295,10,0.060276025885051515,MAP_SCADA,79,0.0032245252253914336
5,UPFC_tse,5-15,-2.188397089259698,10,-2.1574181522568168,MAP_SCADA,79,0.030978937002881235
0,x_tcsc,1-14,-0.10309787691363395,11,-0.11156647763395859,MAP_SCADA,79,0.00846860072032464
1,B_svc,2,0.17229032263195573,11,0.18271560126173608,MAP_SCADA,79,0.010425278629780349
2,UPFC_Vsh,5-15,1.106829264025858,11,1.1078640799983066,MAP_SCADA,79,0.0010348159724486994
3,UPFC_tsh,5-15,-0.23956457706822262,11,-0.23298489358677693,MAP_SCADA,79,0.006579683481445692
4,UPFC_Vse,5-15,0.06366462202276205,11,0.060276025885051515,MAP_SCADA,79,0.003388596137710531
5,UPFC_tse,5-15,-2.1891986298807464,11,-2.1574181522568168,MAP_SCADA,79,0.03178047762392966
0,x_tcsc,1-14,-0.10463812009775422,12,-0.11156647763395859,MAP_SCADA,79,0.006928357536204369
1,B_svc,2,0.16853615682973003,12,0.18271560126173608,MAP_SCADA,79,0.014179444432006055
2,UPFC_Vsh,5-15,1.1081083885543885,12,1.1078640799983066,MAP_SCADA,79,0.00024430855608192914
3,UPFC_tsh,5-15,-0.23874039951966272,12,-0.23298489358677693,MAP_SCADA,79,0.0057555059328857905
4,UPFC_Vse,5-15,0.06357887848112859,12,0.060276025885051515,MAP_SCADA,79,0.0033028525960770716
5,UPFC_tse,5-15,-2.1899085293440548,12,-2.1574181522568168,MAP_SCADA,79,0.03249037708723801
0,x_tcsc,1-14,-0.10326192676854636,13,-0.11156647763395859,MAP_SCADA,79,0.008304550865412236
1,B_svc,2,0.17236389006577532,13,0.18271560126173608,MAP_SCADA,79,0.010351711195960761
2,UPFC_Vsh,5-15,1.10698736772081,13,1.1078640799983066,MAP_SCADA,79,0.0008767122774966385
3,UPFC_tsh,5-15,-0.23976528062347388,13,-0.23298489358677693,MAP_SCADA,79,0.00678038703669695
4,UPFC_Vse,5-15,0.06249443149756003,13,0.060276025885051515,MAP_SCADA,79,0.002218405612508516
5,UPFC_tse,5-15,-2.196371164920003,13,-2.1574181522568168,MAP_SCADA,79,0.03895301266318629
0,x_tcsc,1-14,-0.1030504484184106,14,-0.11156647763395859,MAP_SCADA,79,0.00851602921554799
1,B_svc,2,0.16997033053296642,14,0.18271560126173608,MAP_SCADA,79,0.012745270728769659
2,UPFC_Vsh,5-15,1.1110829106317943,14,1.1078640799983066,MAP_SCADA,79,0.0032188306334877126
3,UPFC_tsh,5-15,-0.2378859124752215,14,-0.23298489358677693,MAP_SCADA,79,0.004901018888444575
4,UPFC_Vse,5-15,0.0626573943935469,14,0.060276025885051515,MAP_SCADA,79,0.0023813685084953795
5,UPFC_tse,5-15,-2.193799530913218,14,-2.1574181522568168,MAP_SCADA,79,0.03638137865640134
0,x_tcsc,1-14,-0.10309694119605492,15,-0.11156647763395859,MAP_SCADA,79,0.008469536437903671
1,B_svc,2,0.16693486271337285,15,0.18271560126173608,MAP_SCADA,79,0.015780738548363232
2,UPFC_Vsh,5-15,1.112102866085488,15,1.1078640799983066,MAP_SCADA,79,0.004238786087181312
3,UPFC_tsh,5-15,-0.2382997699364943,15,-0.23298489358677693,MAP_SCADA,79,0.005314876349717362
4,UPFC_Vse,5-15,0.06256983739626225,15,0.060276025885051515,MAP_SCADA,79,0.0022938115112107332
5,UPFC_tse,5-15,-2.1883812738215953,15,-2.1574181522568168,MAP_SCADA,79,0.03096312156477854
0,x_tcsc,1-14,-0.10217489660297842,16,-0.11156647763395859,MAP_SCADA,79,0.009391581030980173
1,B_svc,2,0.17394135187656679,16,0.18271560126173608,MAP_SCADA,79,0.008774249385169297
2,UPFC_Vsh,5-15,1.107960262070741,16,1.1078640799983066,MAP_SCADA,79,9.618207243433652e-05
3,UPFC_tsh,5-15,-0.239206249885445,16,-0.23298489358677693,MAP_SCADA,79,0.006221356298668074
4,UPFC_Vse,5-15,0.06271712989685814,16,0.060276025885051515,MAP_SCADA,79,0.0024411040118066246
5,UPFC_tse,5-15,-2.1939130467822623,16,-2.1574181522568168,MAP_SCADA,79,0.03649489452544552
0,x_tcsc,1-14,-0.10454469730310308,17,-0.11156647763395859,MAP_SCADA,79,0.007021780330855515
1,B_svc,2,0.16712461844377577,17,0.18271560126173608,MAP_SCADA,79,0.015590982817960314
2,UPFC_Vsh,5-15,1.109370895589937,17,1.1078640799983066,MAP_SCADA,79,0.0015068155916304615
3,UPFC_tsh,5-15,-0.23753669429202756,17,-0.23298489358677693,MAP_SCADA,79,0.00455180070525063
4,UPFC_Vse,5-15,0.06325825102421366,17,0.060276025885051515,MAP_SCADA,79,0.002982225139162145
5,UPFC_tse,5-15,-2.186313396630077,17,-2.1574181522568168,MAP_SCADA,79,0.028895244373260187
0,x_tcsc,1-14,-0.10112964944926826,18,-0.11156647763395859,MAP_SCADA,79,0.010436828184690328
1,B_svc,2,0.17737976177681442,18,0.18271560126173608,MAP_SCADA,79,0.005335839484921667
2,UPFC_Vsh,5-15,1.109702083507929,18,1.1078640799983066,MAP_SCADA,79,0.0018380035096223768
3,UPFC_tsh,5-15,-0.23936642374053496,18,-0.23298489358677693,MAP_SCADA,79,0.0063815301537580305
4,UPFC_Vse,5-15,0.06363139956315816,18,0.060276025885051515,MAP_SCADA,79,0.003355373678106649
5,UPFC_tse,5-15,-2.1903458498537542,18,-2.1574181522568168,MAP_SCADA,79,0.03292769759693748
0,x_tcsc,1-14,-0.10321435202359344,19,-0.11156647763395859,MAP_SCADA,79,0.00835212561036515
1,B_svc,2,0.16810748723890664,19,0.18271560126173608,MAP_SCADA,79,0.014608114022829438
2,UPFC_Vsh,5-15,1.1100965594026282,19,1.1078640799983066,MAP_SCADA,79,0.0022324794043215856
3,UPFC_tsh,5-15,-0.23852179981642677,19,-0.23298489358677693,MAP_SCADA,79,0.005536906229649835
4,UPFC_Vse,5-15,0.0625930905180296,19,0.060276025885051515,MAP_SCADA,79,0.0023170646329780803
5,UPFC_tse,5-15,-2.188351087150795,19,-2.1574181522568168,MAP_SCADA,79,0.030932934893978192
0,x_tcsc,1-14,-0.10354343396284567,20,-0.11156647763395859,MAP_SCADA,79,0.008023043671112923
1,B_svc,2,0.16703463626958456,20,0.18271560126173608,MAP_SCADA,79,0.01568096499215152
2,UPFC_Vsh,5-15,1.1098341526661635,20,1.1078640799983066,MAP_SCADA,79,0.0019700726678568703
3,UPFC_tsh,5-15,-0.23788774543338145,20,-0.23298489358677693,MAP_SCADA,79,0.004902851846604522
4,UPFC_Vse,5-15,0.06243570092208961,20,0.060276025885051515,MAP_SCADA,79,0.0021596750370380946
5,UPFC_tse,5-15,-2.191014469814827,20,-2.1574181522568168,MAP_SCADA,79,0.03359631755801029
0,x_tcsc,1-14,-0.10344129310754582,21,-0.11156647763395859,MAP_SCADA,79,0.008125184526412768
1,B_svc,2,0.1708677144969117,21,0.18271560126173608,MAP_SCADA,79,0.011847886764824372
2,UPFC_Vsh,5-15,1.1077101992879548,21,1.1078640799983066,MAP_SCADA,79,0.00015388071035182804
3,UPFC_tsh,5-15,-0.23998780930740443,21,-0.23298489358677693,MAP_SCADA,79,0.0070029157206275006
4,UPFC_Vse,5-15,0.06297038816134898,21,0.060276025885051515,MAP_SCADA,79,0.002694362276297463
5,UPFC_tse,5-15,-2.1940017442066315,21,-2.1574181522568168,MAP_SCADA,79,0.03658359194981475
0,x_tcsc,1-14,-0.10200268563517126,22,-0.11156647763395859,MAP_SCADA,79,0.009563791998787333
1,B_svc,2,0.17089704393936794,22,0.18271560126173608,MAP_SCADA,79,0.01181855732236814
2,UPFC_Vsh,5-15,1.11057128340465,22,1.1078640799983066,MAP_SCADA,79,0.0027072034063433392
3,UPFC_tsh,5-15,-0.2383999901081647,22,-0.23298489358677693,MAP_SCADA,79,0.005415096521387774
4,UPFC_Vse,5-15,0.06284333278504248,22,0.060276025885051515,MAP_SCADA,79,0.002567306899990962
5,UPFC_tse,5-15,-2.189614887509789,22,-2.1574181522568168,MAP_SCADA,79,0.032196735252972175
0,x_tcsc,1-14,-0.10414257550582919,23,-0.11156647763395859,MAP_SCADA,79,0.007423902128129406
1,B_svc,2,0.17302275696693312,23,0.18271560126173608,MAP_SCADA,79,0.009692844294802966
2,UPFC_Vsh,5-15,1.1062099902680418,23,1.1078640799983066,MAP_SCADA,79,0.0016540897302648183
3,UPFC_tsh,5-15,-0.23899992877224516,23,-0.23298489358677693,MAP_SCADA,79,0.006015035185468226
4,UPFC_Vse,5-15,0.06331203494101198,23,0.060276025885051515,MAP_SCADA,79,0.0030360090559604647
5,UPFC_tse,5-15,-2.193611288444514,23,-2.1574181522568168,MAP_SCADA,79,0.03619313618769704
0,x_tcsc,1-14,-0.10255669398750906,24,-0.11156647763395859,MAP_SCADA,79,0.009009783646449526
1,B_svc,2,0.17527665408020493,24,0.18271560126173608,MAP_SCADA,79,0.0074389471815311525
2,UPFC_Vsh,5-15,1.110444416352426,24,1.1078640799983066,MAP_SCADA,79,0.0025803363541194724
3,UPFC_tsh,5-15,-0.23838245129865002,24,-0.23298489358677693,MAP_SCADA,79,0.0053975577118730855
4,UPFC_Vse,5-15,0.06343171498679508,24,0.060276025885051515,MAP_SCADA,79,0.003155689101743561
5,UPFC_tse,5-15,-2.1934702341448933,24,-2.1574181522568168,MAP_SCADA,79,0.036052081888076515
0,x_tcsc,1-14,-0.10349904714129522,25,-0.11156647763395859,MAP_SCADA,79,0.008067430492663369
1,B_svc,2,0.16860677052613007,25,0.18271560126173608,MAP_SCADA,79,0.01410883073560601
2,UPFC_Vsh,5-15,1.1085206473749372,25,1.1078640799983066,MAP_SCADA,79,0.0006565673766305569
3,UPFC_tsh,5-15,-0.2385443264307013,25,-0.23298489358677693,MAP_SCADA,79,0.005559432843924378
4,UPFC_Vse,5-15,0.06318141056723417,25,0.060276025885051515,MAP_SCADA,79,0.0029053846821826546
5,UPFC_tse,5-15,-2.193211743897714,25,-2.1574181522568168,MAP_SCADA,79,0.03579359164089713
0,x_tcsc,1-14,-0.10344888642509803,26,-0.11156647763395859,MAP_SCADA,79,0.008117591208860561
1,B_svc,2,0.1684348338944659,26,0.18271560126173608,MAP_SCADA,79,0.014280767367270186
2,UPFC_Vsh,5-15,1.1093544542233646,26,1.1078640799983066,MAP_SCADA,79,0.0014903742250580443
3,UPFC_tsh,5-15,-0.23870731257150962,26,-0.23298489358677693,MAP_SCADA,79,0.005722418984732691
4,UPFC_Vse,5-15,0.06272919858083496,26,0.060276025885051515,MAP_SCADA,79,0.002453172695783448
5,UPFC_tse,5-15,-2.1892722360416754,26,-2.1574181522568168,MAP_SCADA,79,0.031854083784858656
0,x_tcsc,1-14,-0.10324303032860659,27,-0.11156647763395859,MAP_SCADA,79,0.008323447305352005
1,B_svc,2,0.16582498944584045,27,0.18271560126173608,MAP_SCADA,79,0.01689061181589563
2,UPFC_Vsh,5-15,1.1092917412852477,27,1.1078640799983066,MAP_SCADA,79,0.001427661286941051
3,UPFC_tsh,5-15,-0.23786009562888574,27,-0.23298489358677693,MAP_SCADA,79,0.004875202042108812
4,UPFC_Vse,5-15,0.06271511041328849,27,0.060276025885051515,MAP_SCADA,79,0.002439084528236976
5,UPFC_tse,5-15,-2.1924914175363153,27,-2.1574181522568168,MAP_SCADA,79,0.0350732652794985
0,x_tcsc,1-14,-0.10135196066548283,28,-0.11156647763395859,MAP_SCADA,79,0.010214516968475765
1,B_svc,2,0.17761057228239494,28,0.18271560126173608,MAP_SCADA,79,0.005105028979341147
2,UPFC_Vsh,5-15,1.1083718755136782,28,1.1078640799983066,MAP_SCADA,79,0.0005077955153716118
3,UPFC_tsh,5-15,-0.2395613443581504,28,-0.23298489358677693,MAP_SCADA,79,0.0065764507713734766
4,UPFC_Vse,5-15,0.06346267764598927,28,0.060276025885051515,MAP_SCADA,79,0.003186651760937756
5,UPFC_tse,5-15,-2.1903041390921896,28,-2.1574181522568168,MAP_SCADA,79,0.032885986835372805
0,x_tcsc,1-14,-0.10515150213842957,29,-0.11156647763395859,MAP_SCADA,79,0.006414975495529024
1,B_svc,2,0.16766234531155627,29,0.18271560126173608,MAP_SCADA,79,0.015053255950179811
2,UPFC_Vsh,5-15,1.1095725542927521,29,1.1078640799983066,MAP_SCADA,79,0.0017084742944455389
3,UPFC_tsh,5-15,-0.23785749907874235,29,-0.23298489358677693,MAP_SCADA,79,0.004872605491965415
4,UPFC_Vse,5-15,0.06285327963871028,29,0.060276025885051515,MAP_SCADA,79,0.002577253753658762
5,UPFC_tse,5-15,-2.1945382243971,29,-2.1574181522568168,MAP_SCADA,79,0.037120072140283344
0,x_tcsc,1-14,-0.10214521014739744,30,-0.11156647763395859,MAP_SCADA,79,0.00942126748656115
1,B_svc,2,0.1733947782625552,30,0.18271560126173608,MAP_SCADA,79,0.009320822999180883
2,UPFC_Vsh,5-15,1.108749731528518,30,1.1078640799983066,MAP_SCADA,79,0.0008856515302113621
3,UPFC_tsh,5-15,-0.24003817420459694,30,-0.23298489358677693,MAP_SCADA,79,0.0070532806178200125
4,UPFC_Vse,5-15,0.06354332981972415,30,0.060276025885051515,MAP_SCADA,79,0.00326730393467263
5,UPFC_tse,5-15,-2.1899562565815236,30,-2.1574181522568168,MAP_SCADA,79,0.03253810432470683
0,x_tcsc,1-14,-0.10186895497271833,31,-0.11156647763395859,MAP_SCADA,79,0.009697522661240257
1,B_svc,2,0.1731001895027111,31,0.18271560126173608,MAP_SCADA,79,0.009615411759024972
2,UPFC_Vsh,5-15,1.1089604871881096,31,1.1078640799983066,MAP_SCADA,79,0.0010964071898029726
3,UPFC_tsh,5-15,-0.2393106658119316,31,-0.23298489358677693,MAP_SCADA,79,0.00632577222515468
4,UPFC_Vse,5-15,0.06361662209310572,31,0.060276025885051515,MAP_SCADA,79,0.0033405962080542
5,UPFC_tse,5-15,-2.1910202663171208,31,-2.1574181522568168,MAP_SCADA,79,0.033602114060304
0,x_tcsc,1-14,-0.10199155700575223,32,-0.11156647763395859,MAP_SCADA,79,0.009574920628206363
1,B_svc,2,0.17562280153400014,32,0.18271560126173608,MAP_SCADA,79,0.007092799727735938
2,UPFC_Vsh,5-15,1.1083810877935076,32,1.1078640799983066,MAP_SCADA,79,0.0005170077952010299
3,UPFC_tsh,5-15,-0.23893318807281042,32,-0.23298489358677693,MAP_SCADA,79,0.005948294486033484
4,UPFC_Vse,5-15,0.06267661663381953,32,0.060276025885051515,MAP_SCADA,79,0.002400590748768014
5,UPFC_tse,5-15,-2.1933767411492218,32,-2.1574181522568168,MAP_SCADA,79,0.035958588892405
0,x_tcsc,1-14,-0.10341776982429712,33,-0.11156647763395859,MAP_SCADA,79,0.008148707809661468
1,B_svc,2,0.1685857185347648,33,0.18271560126173608,MAP_SCADA,79,0.014129882726971271
2,UPFC_Vsh,5-15,1.1090690511856047,33,1.1078640799983066,MAP_SCADA,79,0.0012049711872981206
3,UPFC_tsh,5-15,-0.23823230252929914,33,-0.23298489358677693,MAP_SCADA,79,0.005247408942522208
4,UPFC_Vse,5-15,0.06321292719959012,33,0.060276025885051515,MAP_SCADA,79,0.002936901314538609
5,UPFC_tse,5-15,-2.190809317373603,33,-2.1574181522568168,MAP_SCADA,79,0.033391165116786414
0,x_tcsc,1-14,-0.10303751160140999,34,-0.11156647763395859,MAP_SCADA,79,0.008528966032548602
1,B_svc,2,0.1683284671853949,34,0.18271560126173608,MAP_SCADA,79,0.01438713407634118
2,UPFC_Vsh,5-15,1.109998361341998,34,1.1078640799983066,MAP_SCADA,79,0.0021342813436913133
3,UPFC_tsh,5-15,-0.2380691737984707,34,-0.23298489358677693,MAP_SCADA,79,0.00508428021169377
4,UPFC_Vse,5-15,0.0635342444626378,34,0.060276025885051515,MAP_SCADA,79,0.0032582185775862915
5,UPFC_tse,5-15,-2.1878828879669565,34,-2.1574181522568168,MAP_SCADA,79,0.030464735710139745
0,x_tcsc,1-14,-0.10297982083834885,35,-0.11156647763395859,MAP_SCADA,79,0.008586656795609743
1,B_svc,2,0.17046754832647434,35,0.18271560126173608,MAP_SCADA,79,0.012248052935261738
2,UPFC_Vsh,5-15,1.1112794492291262,35,1.1078640799983066,MAP_SCADA,79,0.0034153692308196426
3,UPFC_tsh,5-15,-0.2385383032127797,35,-0.23298489358677693,MAP_SCADA,79,0.005553409626002759
4,UPFC_Vse,5-15,0.06367108062868834,35,0.060276025885051515,MAP_SCADA,79,0.0033950547436368272
5,UPFC_tse,5-15,-2.188473680620623,35,-2.1574181522568168,MAP_SCADA,79,0.031055528363806317
0,x_tcsc,1-14,-0.1037433704569016,36,-0.11156647763395859,MAP_SCADA,79,0.00782310717705699
1,B_svc,2,0.17020265351511055,36,0.18271560126173608,MAP_SCADA,79,0.012512947746625536
2,UPFC_Vsh,5-15,1.1084573576990415,36,1.1078640799983066,MAP_SCADA,79,0.0005932777007349177
3,UPFC_tsh,5-15,-0.2387082284511852,36,-0.23298489358677693,MAP_SCADA,79,0.005723334864408264
4,UPFC_Vse,5-15,0.06266177121649627,36,0.060276025885051515,MAP_SCADA,79,0.002385745331444755
5,UPFC_tse,5-15,-2.192234184921244,36,-2.1574181522568168,MAP_SCADA,79,0.03481603266442734
0,x_tcsc,1-14,-0.10331206912751367,37,-0.11156647763395859,MAP_SCADA,79,0.008254408506444919
1,B_svc,2,0.16983444814242962,37,0.18271560126173608,MAP_SCADA,79,0.01288115311930646
2,UPFC_Vsh,5-15,1.1093899644083485,37,1.1078640799983066,MAP_SCADA,79,0.0015258844100418667
3,UPFC_tsh,5-15,-0.23805948198578433,37,-0.23298489358677693,MAP_SCADA,79,0.0050745883990074014
4,UPFC_Vse,5-15,0.06260338273141129,37,0.060276025885051515,MAP_SCADA,79,0.0023273568463597766
5,UPFC_tse,5-15,-2.194394240818059,37,-2.1574181522568168,MAP_SCADA,79,0.036976088561242015
0,x_tcsc,1-14,-0.10491436820607243,38,-0.11156647763395859,MAP_SCADA,79,0.00665210942788616
1,B_svc,2,0.1672180740223852,38,0.18271560126173608,MAP_SCADA,79,0.015497527239350883
2,UPFC_Vsh,5-15,1.1095823920842456,38,1.1078640799983066,MAP_SCADA,79,0.0017183120859389778
3,UPFC_tsh,5-15,-0.23796712750088744,38,-0.23298489358677693,MAP_SCADA,79,0.004982233914110512
4,UPFC_Vse,5-15,0.06283312149927725,38,0.060276025885051515,MAP_SCADA,79,0.002557095614225735
5,UPFC_tse,5-15,-2.18825981095042,38,-2.1574181522568168,MAP_SCADA,79,0.030841658693603335
0,x_tcsc,1-14,-0.10472404013278803,39,-0.11156647763395859,MAP_SCADA,79,0.006842437501170556
1,B_svc,2,0.17177177941619282,39,0.18271560126173608,MAP_SCADA,79,0.010943821845543267
2,UPFC_Vsh,5-15,1.106130884386145,39,1.1078640799983066,MAP_SCADA,79,0.0017331956121615644
3,UPFC_tsh,5-15,-0.239162445516109,39,-0.23298489358677693,MAP_SCADA,79,0.006177551929332059
4,UPFC_Vse,5-15,0.06329622775397507,39,0.060276025885051515,MAP_SCADA,79,0.0030202018689235582
5,UPFC_tse,5-15,-2.187460536285187,39,-2.1574181522568168,MAP_SCADA,79,0.03004238402837034
0,x_tcsc,1-14,-0.10328701279564349,40,-0.11156647763395859,MAP_SCADA,79,0.008279464838315098
1,B_svc,2,0.1697864442432162,40,0.18271560126173608,MAP_SCADA,79,0.012929157018519877
2,UPFC_Vsh,5-15,1.1091570589281596,40,1.1078640799983066,MAP_SCADA,79,0.001292978929853028
3,UPFC_tsh,5-15,-0.23841077906827327,40,-0.23298489358677693,MAP_SCADA,79,0.005425885481496334
4,UPFC_Vse,5-15,0.06335807687554586,40,0.060276025885051515,MAP_SCADA,79,0.003082050990494342
5,UPFC_tse,5-15,-2.188321530167082,40,-2.1574181522568168,MAP_SCADA,79,0.030903377910265206
0,x_tcsc,1-14,-0.10415308358070655,41,-0.11156647763395859,MAP_SCADA,79,0.007413394053252045
1,B_svc,2,0.1659516229371476,41,0.18271560126173608,MAP_SCADA,79,0.01676397832458848
2,UPFC_Vsh,5-15,1.1088618181516254,41,1.1078640799983066,MAP_SCADA,79,0.0009977381533188279
3,UPFC_tsh,5-15,-0.23803785406369915,41,-0.23298489358677693,MAP_SCADA,79,0.005052960476922219
4,UPFC_Vse,5-15,0.06317922460371121,41,0.060276025885051515,MAP_SCADA,79,0.002903198718659697
5,UPFC_tse,5-15,-2.192117927145841,41,-2.1574181522568168,MAP_SCADA,79,0.034699774889024315
0,x_tcsc,1-14,-0.10282328972764497,42,-0.11156647763395859,MAP_SCADA,79,0.00874318790631362
1,B_svc,2,0.1721197597634059,42,0.18271560126173608,MAP_SCADA,79,0.010595841498330177
2,UPFC_Vsh,5-15,1.1081902020497665,42,1.1078640799983066,MAP_SCADA,79,0.00032612205145987616
3,UPFC_tsh,5-15,-0.23900538395228121,42,-0.23298489358677693,MAP_SCADA,79,0.006020490365504283
4,UPFC_Vse,5-15,0.06283176345199303,42,0.060276025885051515,MAP_SCADA,79,0.00255573756694151
5,UPFC_tse,5-15,-2.1893873032588393,42,-2.1574181522568168,MAP_SCADA,79,0.03196915100202258
0,x_tcsc,1-14,-0.10303424453802462,43,-0.11156647763395859,MAP_SCADA,79,0.00853223309593397
1,B_svc,2,0.17311051925916063,43,0.18271560126173608,MAP_SCADA,79,0.009605082002575455
2,UPFC_Vsh,5-15,1.107982607035665,43,1.1078640799983066,MAP_SCADA,79,0.00011852703735848458
3,UPFC_tsh,5-15,-0.23927261561656687,43,-0.23298489358677693,MAP_SCADA,79,0.006287722029789944
4,UPFC_Vse,5-15,0.06356982541230466,43,0.060276025885051515,MAP_SCADA,79,0.003293799527253144
5,UPFC_tse,5-15,-2.1951217682769553,43,-2.1574181522568168,MAP_SCADA,79,0.0377036160201385
0,x_tcsc,1-14,-0.1027973561626272,44,-0.11156647763395859,MAP_SCADA,79,0.008769121471331395
1,B_svc,2,0.1681348089727287,44,0.18271560126173608,MAP_SCADA,79,0.014580792289007383
2,UPFC_Vsh,5-15,1.109787300168,44,1.1078640799983066,MAP_SCADA,79,0.0019232201696934847
3,UPFC_tsh,5-15,-0.23831165948836602,44,-0.23298489358677693,MAP_SCADA,79,0.005326765901589092
4,UPFC_Vse,5-15,0.06368281985756345,44,0.060276025885051515,MAP_SCADA,79,0.0034067939725119373
5,UPFC_tse,5-15,-2.1854876578376725,44,-2.1574181522568168,MAP_SCADA,79,0.028069505580855747
0,x_tcsc,1-14,-0.10221996947708181,45,-0.11156647763395859,MAP_SCADA,79,0.009346508156876779
1,B_svc,2,0.1768898387398685,45,0.18271560126173608,MAP_SCADA,79,0.005825762521867589
2,UPFC_Vsh,5-15,1.1095156345355885,45,1.1078640799983066,MAP_SCADA,79,0.0016515545372819407
3,UPFC_tsh,5-15,-0.2389523502653847,45,-0.23298489358677693,MAP_SCADA,79,0.005967456678607763
4,UPFC_Vse,5-15,0.06318314771751779,45,0.060276025885051515,MAP_SCADA,79,0.002907121832466275
5,UPFC_tse,5-15,-2.193731744557763,45,-2.1574181522568168,MAP_SCADA,79,0.03631359230094633
0,x_tcsc,1-14,-0.10209110133794598,46,-0.11156647763395859,MAP_SCADA,79,0.009475376296012611
1,B_svc,2,0.1749895939957132,46,0.18271560126173608,MAP_SCADA,79,0.007726007266022877
2,UPFC_Vsh,5-15,1.1075689036025793,46,1.1078640799983066,MAP_SCADA,79,0.0002951763957272924
3,UPFC_tsh,5-15,-0.2405839698596442,46,-0.23298489358677693,MAP_SCADA,79,0.007599076272867267
4,UPFC_Vse,5-15,0.06325877581511731,46,0.060276025885051515,MAP_SCADA,79,0.002982749930065795
5,UPFC_tse,5-15,-2.1915658662244795,46,-2.1574181522568168,MAP_SCADA,79,0.034147713967662696
0,x_tcsc,1-14,-0.10430424526697522,47,-0.11156647763395859,MAP_SCADA,79,0.007262232366983368
1,B_svc,2,0.16657044584038416,47,0.18271560126173608,MAP_SCADA,79,0.01614515542135192
2,UPFC_Vsh,5-15,1.1089944570086598,47,1.1078640799983066,MAP_SCADA,79,0.001130377010353234
3,UPFC_tsh,5-15,-0.23755332848839128,47,-0.23298489358677693,MAP_SCADA,79,0.004568434901614349
4,UPFC_Vse,5-15,0.06325285378388841,47,0.060276025885051515,MAP_SCADA,79,0.002976827898836895
5,UPFC_tse,5-15,-2.1926651756040454,47,-2.1574181522568168,MAP_SCADA,79,0.03524702334722862
0,x_tcsc,1-14,-0.10467341988269523,48,-0.11156647763395859,MAP_SCADA,79,0.006893057751263365
1,B_svc,2,0.16631328053467387,48,0.18271560126173608,MAP_SCADA,79,0.016402320727062214
2,UPFC_Vsh,5-15,1.109765910581846,48,1.1078640799983066,MAP_SCADA,79,0.0019018305835394322
3,UPFC_tsh,5-15,-0.23718168953869978,48,-0.23298489358677693,MAP_SCADA,79,0.004196795951922849
4,UPFC_Vse,5-15,0.06257817548573592,48,0.060276025885051515,MAP_SCADA,79,0.0023021496006844083
5,UPFC_tse,5-15,-2.189149825874566,48,-2.1574181522568168,MAP_SCADA,79,0.03173167361774931
0,x_tcsc,1-14,-0.10036649413923276,49,-0.11156647763395859,MAP_SCADA,79,0.011199983494725826
1,B_svc,2,0.1848686799141463,49,0.18271560126173608,MAP_SCADA,79,0.002153078652410212
2,UPFC_Vsh,5-15,1.1056475662275105,49,1.1078640799983066,MAP_SCADA,79,0.0022165137707961247
3,UPFC_tsh,5-15,-0.2414821266404511,49,-0.23298489358677693,MAP_SCADA,79,0.00849723305367417
4,UPFC_Vse,5-15,0.0630950463263788,49,0.060276025885051515,MAP_SCADA,79,0.0028190204413272857
5,UPFC_tse,5-15,-2.1950301431956265,49,-2.1574181522568168,MAP_SCADA,79,0.037611990938809736
0,x_tcsc,1-14,-0.10197953963546616,50,-0.11156647763395859,MAP_SCADA,79,0.009586937998492431
1,B_svc,2,0.1736852085055039,50,0.18271560126173608,MAP_SCADA,79,0.009030392756232186
2,UPFC_Vsh,5-15,1.1100116771882211,50,1.1078640799983066,MAP_SCADA,79,0.0021475971899145296
3,UPFC_tsh,5-15,-0.2387841569748617,50,-0.23298489358677693,MAP_SCADA,79,0.005799263388084758
4,UPFC_Vse,5-15,0.06333349762164837,50,0.060276025885051515,MAP_SCADA,79,0.003057471736596859
5,UPFC_tse,5-15,-2.18884697758656,50,-2.1574181522568168,MAP_SCADA,79,0.031428825329743226
0,x_tcsc,1-14,-0.10287200005996062,51,-0.11156647763395859,MAP_SCADA,79,0.008694477573997966
1,B_svc,2,0.17435630556991935,51,0.18271560126173608,MAP_SCADA,79,0.008359295691816732
2,UPFC_Vsh,5-15,1.1083789801853865,51,1.1078640799983066,MAP_SCADA,79,0.0005149001870798919
3,UPFC_tsh,5-15,-0.23954156229505957,51,-0.23298489358677693,MAP_SCADA,79,0.0065566687082826425
4,UPFC_Vse,5-15,0.0634631446920625,51,0.060276025885051515,MAP_SCADA,79,0.0031871188070109885
5,UPFC_tse,5-15,-2.193128263603617,51,-2.1574181522568168,MAP_SCADA,79,0.03571011134680013
0,x_tcsc,1-14,-0.10324332919686505,52,-0.11156647763395859,MAP_SCADA,79,0.008323148437093544
1,B_svc,2,0.1696109973659828,52,0.18271560126173608,MAP_SCADA,79,0.01310460389575327
2,UPFC_Vsh,5-15,1.111682729996886,52,1.1078640799983066,MAP_SCADA,79,0.003818649998579504
3,UPFC_tsh,5-15,-0.2380664599567824,52,-0.23298489358677693,MAP_SCADA,79,0.00508156637000548
4,UPFC_Vse,5-15,0.0636095662815725,52,0.060276025885051515,MAP_SCADA,79,0.0033335403965209787
5,UPFC_tse,5-15,-2.190966086526349,52,-2.1574181522568168,MAP_SCADA,79,0.0335479342695324
0,x_tcsc,1-14,-0.10136893818338043,53,-0.11156647763395859,MAP_SCADA,79,0.010197539450578164
1,B_svc,2,0.1763356233567943,53,0.18271560126173608,MAP_SCADA,79,0.006379977904941769
2,UPFC_Vsh,5-15,1.1071755978151345,53,1.1078640799983066,MAP_SCADA,79,0.0006884821831720789
3,UPFC_tsh,5-15,-0.24045414133719084,53,-0.23298489358677693,MAP_SCADA,79,0.00746924775041391
4,UPFC_Vse,5-15,0.06363480196190133,53,0.060276025885051515,MAP_SCADA,79,0.003358776076849812
5,UPFC_tse,5-15,-2.1940031377680684,53,-2.1574181522568168,MAP_SCADA,79,0.036584985511251666
0,x_tcsc,1-14,-0.10324843381027872,54,-0.11156647763395859,MAP_SCADA,79,0.008318043823679871
1,B_svc,2,0.17285646172672728,54,0.18271560126173608,MAP_SCADA,79,0.009859139535008804
2,UPFC_Vsh,5-15,1.1064658011062947,54,1.1078640799983066,MAP_SCADA,79,0.0013982788920119393
3,UPFC_tsh,5-15,-0.24019351975165645,54,-0.23298489358677693,MAP_SCADA,79,0.0072086261648795225
4,UPFC_Vse,5-15,0.0631805362478855,54,0.060276025885051515,MAP_SCADA,79,0.002904510362833984
5,UPFC_tse,5-15,-2.1928662900195057,54,-2.1574181522568168,MAP_SCADA,79,0.03544813776268896
0,x_tcsc,1-14,-0.1019788974557904,55,-0.11156647763395859,MAP_SCADA,79,0.009587580178168187
1,B_svc,2,0.1762892680006951,55,0.18271560126173608,MAP_SCADA,79,0.006426333261040973
2,UPFC_Vsh,5-15,1.1068642261414183,55,1.1078640799983066,MAP_SCADA,79,0.0009998538568882775
3,UPFC_tsh,5-15,-0.2403625187434593,55,-0.23298489358677693,MAP_SCADA,79,0.00737762515668236
4,UPFC_Vse,5-15,0.06392525493854063,55,0.060276025885051515,MAP_SCADA,79,0.0036492290534891197
5,UPFC_tse,5-15,-2.1962706712338904,55,-2.1574181522568168,MAP_SCADA,79,0.03885251897707365
0,x_tcsc,1-14,-0.10527974321233675,56,-0.11156647763395859,MAP_SCADA,79,0.006286734421621837
1,B_svc,2,0.167632286351566,56,0.18271560126173608,MAP_SCADA,79,0.015083314910170093
2,UPFC_Vsh,5-15,1.1086875892260313,56,1.1078640799983066,MAP_SCADA,79,0.0008235092277246725
3,UPFC_tsh,5-15,-0.23816006534123574,56,-0.23298489358677693,MAP_SCADA,79,0.005175171754458807
4,UPFC_Vse,5-15,0.06254446606212997,56,0.060276025885051515,MAP_SCADA,79,0.0022684401770784596
5,UPFC_tse,5-15,-2.1879062130788323,56,-2.1574181522568168,MAP_SCADA,79,0.030488060822015495
0,x_tcsc,1-14,-0.10179695860865144,57,-0.11156647763395859,MAP_SCADA,79,0.00976951902530715
1,B_svc,2,0.17922775758191414,57,0.18271560126173608,MAP_SCADA,79,0.003487843679821939
2,UPFC_Vsh,5-15,1.1053913401140298,57,1.1078640799983066,MAP_SCADA,79,0.0024727398842767645
3,UPFC_tsh,5-15,-0.24078070444873179,57,-0.23298489358677693,MAP_SCADA,79,0.007795810861954855
4,UPFC_Vse,5-15,0.0628623967199648,57,0.060276025885051515,MAP_SCADA,79,0.002586370834913282
5,UPFC_tse,5-15,-2.19228846799818,57,-2.1574181522568168,MAP_SCADA,79,0.03487031574136301
0,x_tcsc,1-14,-0.10438407717916225,58,-0.11156647763395859,MAP_SCADA,79,0.007182400454796345
1,B_svc,2,0.1710229922972262,58,0.18271560126173608,MAP_SCADA,79,0.011692608964509882
2,UPFC_Vsh,5-15,1.1084581412862453,58,1.1078640799983066,MAP_SCADA,79,0.0005940612879387075
3,UPFC_tsh,5-15,-0.23826230188521025,58,-0.23298489358677693,MAP_SCADA,79,0.005277408298433317
4,UPFC_Vse,5-15,0.06312944551932835,58,0.060276025885051515,MAP_SCADA,79,0.0028534196342768353
5,UPFC_tse,5-15,-2.1876418894390635,58,-2.1574181522568168,MAP_SCADA,79,0.03022373718224669
0,x_tcsc,1-14,-0.10383418172265896,59,-0.11156647763395859,MAP_SCADA,79,0.007732295911299633
1,B_svc,2,0.17312892218344747,59,0.18271560126173608,MAP_SCADA,79,0.009586679078288612
2,UPFC_Vsh,5-15,1.1072547742868786,59,1.1078640799983066,MAP_SCADA,79,0.000609305711428032
3,UPFC_tsh,5-15,-0.23890156901931114,59,-0.23298489358677693,MAP_SCADA,79,0.005916675432534213
4,UPFC_Vse,5-15,0.06299379008888283,59,0.060276025885051515,MAP_SCADA,79,0.0027177642038313105
5,UPFC_tse,5-15,-2.1917922454989034,59,-2.1574181522568168,MAP_SCADA,79,0.03437409324208662
0,x_tcsc,1-14,-0.10327191665118586,60,-0.11156647763395859,MAP_SCADA,79,0.00829456098277273
1,B_svc,2,0.16996069385126053,60,0.18271560126173608,MAP_SCADA,79,0.012754907410475552
2,UPFC_Vsh,5-15,1.1098518577775867,60,1.1078640799983066,MAP_SCADA,79,0.0019877777792800533
3,UPFC_tsh,5-15,-0.23820244736558496,60,-0.23298489358677693,MAP_SCADA,79,0.005217553778808032
4,UPFC_Vse,5-15,0.06292108618224466,60,0.060276025885051515,MAP_SCADA,79,0.0026450602971931497
5,UPFC_tse,5-15,-2.187923879159447,60,-2.1574181522568168,MAP_SCADA,79,0.030505726902630315
0,x_tcsc,1-14,-0.10443203071954701,61,-0.11156647763395859,MAP_SCADA,79,0.007134446914411577
1,B_svc,2,0.16903423354943337,61,0.18271560126173608,MAP_SCADA,79,0.013681367712302717
2,UPFC_Vsh,5-15,1.110202654342042,61,1.1078640799983066,MAP_SCADA,79,0.002338574343735411
3,UPFC_tsh,5-15,-0.23777468793642412,61,-0.23298489358677693,MAP_SCADA,79,0.004789794349647186
4,UPFC_Vse,5-15,0.06314581996839719,61,0.060276025885051515,MAP_SCADA,79,0.0028697940833456725
5,UPFC_tse,5-15,-2.1855869768875538,61,-2.1574181522568168,MAP_SCADA,79,0.028168824630737
0,x_tcsc,1-14,-0.1018979327156657,62,-0.11156647763395859,MAP_SCADA,79,0.009668544918292887
1,B_svc,2,0.17427711005926577,62,0.18271560126173608,MAP_SCADA,79,0.00843849120247031
2,UPFC_Vsh,5-15,1.1095015499881347,62,1.1078640799983066,MAP_SCADA,79,0.0016374699898280554
3,UPFC_tsh,5-15,-0.23957433529079633,62,-0.23298489358677693,MAP_SCADA,79,0.0065894417040194
4,UPFC_Vse,5-15,0.06324467634335171,62,0.060276025885051515,MAP_SCADA,79,0.0029686504583001927
5,UPFC_tse,5-15,-2.194724354980753,62,-2.1574181522568168,MAP_SCADA,79,0.037306202723936366
0,x_tcsc,1-14,-0.1047565086025988,63,-0.11156647763395859,MAP_SCADA,79,0.006809969031359789
1,B_svc,2,0.16464257816312167,63,0.18271560126173608,MAP_SCADA,79,0.018073023098614416
2,UPFC_Vsh,5-15,1.1108932720561624,63,1.1078640799983066,MAP_SCADA,79,0.0030291920578557896
3,UPFC_tsh,5-15,-0.23730546416250609,63,-0.23298489358677693,MAP_SCADA,79,0.004320570575729155
4,UPFC_Vse,5-15,0.06270315531355272,63,0.060276025885051515,MAP_SCADA,79,0.002427129428501207
5,UPFC_tse,5-15,-2.1891048347645268,63,-2.1574181522568168,MAP_SCADA,79,0.03168668250771001
0,x_tcsc,1-14,-0.10149762845702923,64,-0.11156647763395859,MAP_SCADA,79,0.010068849176929365
1,B_svc,2,0.17041915878050962,64,0.18271560126173608,MAP_SCADA,79,0.012296442481226466
2,UPFC_Vsh,5-15,1.1100417205424307,64,1.1078640799983066,MAP_SCADA,79,0.00217764054412406
3,UPFC_tsh,5-15,-0.23829959354425628,64,-0.23298489358677693,MAP_SCADA,79,0.005314699957479352
4,UPFC_Vse,5-15,0.06332037722712637,64,0.060276025885051515,MAP_SCADA,79,0.0030443513420748552
5,UPFC_tse,5-15,-2.1874300265671645,64,-2.1574181522568168,MAP_SCADA,79,0.030011874310347686
0,x_tcsc,1-14,-0.1029503968470731,65,-0.11156647763395859,MAP_SCADA,79,0.008616080786885486
1,B_svc,2,0.1727546126568781,65,0.18271560126173608,MAP_SCADA,79,0.009960988604857973
2,UPFC_Vsh,5-15,1.1090411589252558,65,1.1078640799983066,MAP_SCADA,79,0.0011770789269491821
3,UPFC_tsh,5-15,-0.2391466538977477,65,-0.23298489358677693,MAP_SCADA,79,0.006161760310970765
4,UPFC_Vse,5-15,0.06267864255580684,65,0.060276025885051515,MAP_SCADA,79,0.0024026166707553226
5,UPFC_tse,5-15,-2.194609229181598,65,-2.1574181522568168,MAP_SCADA,79,0.037191076924781186
0,x_tcsc,1-14,-0.10255764452678089,66,-0.11156647763395859,MAP_SCADA,79,0.009008833107177705
1,B_svc,2,0.17335932811787075,66,0.18271560126173608,MAP_SCADA,79,0.009356273143865335
2,UPFC_Vsh,5-15,1.1067821196443008,66,1.1078640799983066,MAP_SCADA,79,0.001081960354005762
3,UPFC_tsh,5-15,-0.24009114421968414,66,-0.23298489358677693,MAP_SCADA,79,0.007106250632907207
4,UPFC_Vse,5-15,0.06383770986129642,66,0.060276025885051515,MAP_SCADA,79,0.0035616839762449004
5,UPFC_tse,5-15,-2.189975251551576,66,-2.1574181522568168,MAP_SCADA,79,0.03255709929475925
0,x_tcsc,1-14,-0.10257961106253177,67,-0.11156647763395859,MAP_SCADA,79,0.008986866571426819
1,B_svc,2,0.1742425484016374,67,0.18271560126173608,MAP_SCADA,79,0.008473052860098695
2,UPFC_Vsh,5-15,1.1083253567254918,67,1.1078640799983066,MAP_SCADA,79,0.0004612767271852114
3,UPFC_tsh,5-15,-0.23958027079370714,67,-0.23298489358677693,MAP_SCADA,79,0.006595377206930209
4,UPFC_Vse,5-15,0.06314568162052941,67,0.060276025885051515,MAP_SCADA,79,0.0028696557354778995
5,UPFC_tse,5-15,-2.1901283364202158,67,-2.1574181522568168,MAP_SCADA,79,0.03271018416339899
0,x_tcsc,1-14,-0.10263337111071213,68,-0.11156647763395859,MAP_SCADA,79,0.008933106523246456
1,B_svc,2,0.17100614863303598,68,0.18271560126173608,MAP_SCADA,79,0.011709452628700101
2,UPFC_Vsh,5-15,1.1100202564761716,68,1.1078640799983066,MAP_SCADA,79,0.002156176477865035
3,UPFC_tsh,5-15,-0.23892424588676187,68,-0.23298489358677693,MAP_SCADA,79,0.005939352299984935
4,UPFC_Vse,5-15,0.06251988918292863,68,0.060276025885051515,MAP_SCADA,79,0.0022438632978771106
5,UPFC_tse,5-15,-2.187948808276476,68,-2.1574181522568168,MAP_SCADA,79,0.030530656019659208
0,x_tcsc,1-14,-0.10299316820601115,69,-0.11156647763395859,MAP_SCADA,79,0.008573309427947443
1,B_svc,2,0.16947360486173987,69,0.18271560126173608,MAP_SCADA,79,0.013241996399996209
2,UPFC_Vsh,5-15,1.1089815892970292,69,1.1078640799983066,MAP_SCADA,79,0.0011175092987225632
3,UPFC_tsh,5-15,-0.2385254375662905,69,-0.23298489358677693,MAP_SCADA,79,0.0055405439795135625
4,UPFC_Vse,5-15,0.06214377261304217,69,0.060276025885051515,MAP_SCADA,79,0.0018677467279906573
5,UPFC_tse,5-15,-2.1892225229127744,69,-2.1574181522568168,MAP_SCADA,79,0.03180437065595765
0,x_tcsc,1-14,-0.10185809716055308,70,-0.11156647763395859,MAP_SCADA,79,0.009708380473405512
1,B_svc,2,0.1712652326521477,70,0.18271560126173608,MAP_SCADA,79,0.011450368609588396
2,UPFC_Vsh,5-15,1.1087057236793505,70,1.1078640799983066,MAP_SCADA,79,0.000841643681043891
3,UPFC_tsh,5-15,-0.2391822748874336,70,-0.23298489358677693,MAP_SCADA,79,0.006197381300656668
4,UPFC_Vse,5-15,0.06257359134144821,70,0.060276025885051515,MAP_SCADA,79,0.0022975654563966996
5,UPFC_tse,5-15,-2.1913194357175967,70,-2.1574181522568168,MAP_SCADA,79,0.03390128346077992
0,x_tcsc,1-14,-0.10524162761546635,71,-0.11156647763395859,MAP_SCADA,79,0.006324850018492242
1,B_svc,2,0.16611244629803404,71,0.18271560126173608,MAP_SCADA,79,0.016603154963702044
2,UPFC_Vsh,5-15,1.1096813062861652,71,1.1078640799983066,MAP_SCADA,79,0.001817226287858631
3,UPFC_tsh,5-15,-0.23770084547255427,71,-0.23298489358677693,MAP_SCADA,79,0.004715951885777336
4,UPFC_Vse,5-15,0.06383213767638687,71,0.060276025885051515,MAP_SCADA,79,0.003556111791335359
5,UPFC_tse,5-15,-2.1861294420596007,71,-2.1574181522568168,MAP_SCADA,79,0.028711289802783924
0,x_tcsc,1-14,-0.10233283399276083,72,-0.11156647763395859,MAP_SCADA,79,0.009233643641197761
1,B_svc,2,0.17345561181975075,72,0.18271560126173608,MAP_SCADA,79,0.009259989441985333
2,UPFC_Vsh,5-15,1.1081896369708146,72,1.1078640799983066,MAP_SCADA,79,0.0003255569725080232
3,UPFC_tsh,5-15,-0.2390668542505105,72,-0.23298489358677693,MAP_SCADA,79,0.0060819606637335655
4,UPFC_Vse,5-15,0.06308312190652304,72,0.060276025885051515,MAP_SCADA,79,0.002807096021471528
5,UPFC_tse,5-15,-2.1950210742699534,72,-2.1574181522568168,MAP_SCADA,79,0.03760292201313664
0,x_tcsc,1-14,-0.10300572656616798,73,-0.11156647763395859,MAP_SCADA,79,0.008560751067790612
1,B_svc,2,0.1699124075334846,73,0.18271560126173608,MAP_SCADA,79,0.012803193728251477
2,UPFC_Vsh,5-15,1.111688763891842,73,1.1078640799983066,MAP_SCADA,79,0.0038246838935354077
3,UPFC_tsh,5-15,-0.23754253964747926,73,-0.23298489358677693,MAP_SCADA,79,0.004557646060702331
4,UPFC_Vse,5-15,0.06295480558574423,73,0.060276025885051515,MAP_SCADA,79,0.0026787797006927183
5,UPFC_tse,5-15,-2.1898784956330895,73,-2.1574181522568168,MAP_SCADA,79,0.03246034337627268
0,x_tcsc,1-14,-0.10514924575789812,74,-0.11156647763395859,MAP_SCADA,79,0.00641723187606047
1,B_svc,2,0.16485838462843566,74,0.18271560126173608,MAP_SCADA,79,0.01785721663330042
2,UPFC_Vsh,5-15,1.1083799244483572,74,1.1078640799983066,MAP_SCADA,79,0.0005158444500505954
3,UPFC_tsh,5-15,-0.23760004359913878,74,-0.23298489358677693,MAP_SCADA,79,0.004615150012361846
4,UPFC_Vse,5-15,0.06298926157265705,74,0.060276025885051515,MAP_SCADA,79,0.0027132356876055364
5,UPFC_tse,5-15,-2.1901337929582283,74,-2.1574181522568168,MAP_SCADA,79,0.03271564070141153
0,x_tcsc,1-14,-0.10232746305722461,75,-0.11156647763395859,MAP_SCADA,79,0.009239014576733984
1,B_svc,2,0.17313561704027464,75,0.18271560126173608,MAP_SCADA,79,0.009579984221461446
2,UPFC_Vsh,5-15,1.1109635601407246,75,1.1078640799983066,MAP_SCADA,79,0.0030994801424180096
3,UPFC_tsh,5-15,-0.2383956924953973,75,-0.23298489358677693,MAP_SCADA,79,0.005410798908620368
4,UPFC_Vse,5-15,0.06252459057740888,75,0.060276025885051515,MAP_SCADA,79,0.0022485646923573605
5,UPFC_tse,5-15,-2.1931506194433967,75,-2.1574181522568168,MAP_SCADA,79,0.035732467186579964
0,x_tcsc,1-14,-0.10346791682523426,76,-0.11156647763395859,MAP_SCADA,79,0.008098560808724328
1,B_svc,2,0.16888588364988585,76,0.18271560126173608,MAP_SCADA,79,0.013829717611850229
2,UPFC_Vsh,5-15,1.1099742200180993,76,1.1078640799983066,MAP_SCADA,79,0.0021101400197927056
3,UPFC_tsh,5-15,-0.23913273123024675,76,-0.23298489358677693,MAP_SCADA,79,0.006147837643469822
4,UPFC_Vse,5-15,0.06273977661451471,76,0.060276025885051515,MAP_SCADA,79,0.002463750729463199
5,UPFC_tse,5-15,-2.1907842344148376,76,-2.1574181522568168,MAP_SCADA,79,0.03336608215802084
0,x_tcsc,1-14,-0.1031683208624105,77,-0.11156647763395859,MAP_SCADA,79,0.008398156771548093
1,B_svc,2,0.16891396732518127,77,0.18271560126173608,MAP_SCADA,79,0.013801633936554814
2,UPFC_Vsh,5-15,1.1077683373382927,77,1.1078640799983066,MAP_SCADA,79,9.574266001388665e-05
3,UPFC_tsh,5-15,-0.23970109057894223,77,-0.23298489358677693,MAP_SCADA,79,0.006716196992165302
4,UPFC_Vse,5-15,0.06299287105766653,77,0.060276025885051515,MAP_SCADA,79,0.002716845172615015
5,UPFC_tse,5-15,-2.189390037798933,77,-2.1574181522568168,MAP_SCADA,79,0.03197188554211605
0,x_tcsc,1-14,-0.1003523763282444,78,-0.11156647763395859,MAP_SCADA,79,0.011214101305714194
1,B_svc,2,0.1781374744137755,78,0.18271560126173608,MAP_SCADA,79,0.0045781268479605786
2,UPFC_Vsh,5-15,1.1064367614323085,78,1.1078640799983066,MAP_SCADA,79,0.0014273185659980925
3,UPFC_tsh,5-15,-0.24069360638132725,78,-0.23298489358677693,MAP_SCADA,79,0.007708712794550321
4,UPFC_Vse,5-15,0.0636058583757046,78,0.060276025885051515,MAP_SCADA,79,0.0033298324906530785
5,UPFC_tse,5-15,-2.1934335928061675,78,-2.1574181522568168,MAP_SCADA,79,0.036015440549350686
0,x_tcsc,1-14,-0.10276773053574277,79,-0.11156647763395859,MAP_SCADA,79,0.00879874709821582
1,B_svc,2,0.1680802978468382,79,0.18271560126173608,MAP_SCADA,79,0.014635303414897882
2,UPFC_Vsh,5-15,1.1117810693734493,79,1.1078640799983066,MAP_SCADA,79,0.003916989375142732
3,UPFC_tsh,5-15,-0.237322468516072,79,-0.23298489358677693,MAP_SCADA,79,0.004337574929295068
4,UPFC_Vse,5-15,0.06270065158906427,79,0.060276025885051515,MAP_SCADA,79,0.0024246257040127506
5,UPFC_tse,5-15,-2.1869983063602736,79,-2.1574181522568168,MAP_SCADA,79,0.029580154103456824
0,x_tcsc,1-14,-0.10316049789480242,80,-0.11156647763395859,MAP_SCADA,79,0.008405979739156175
1,B_svc,2,0.17065832407353948,80,0.18271560126173608,MAP_SCADA,79,0.012057277188196602
2,UPFC_Vsh,5-15,1.1092538073589127,80,1.1078640799983066,MAP_SCADA,79,0.0013897273606060523
3,UPFC_tsh,5-15,-0.239140938455551,80,-0.23298489358677693,MAP_SCADA,79,0.00615604486877408
4,UPFC_Vse,5-15,0.063109103691046,80,0.060276025885051515,MAP_SCADA,79,0.0028330778059944828
5,UPFC_tse,5-15,-2.1914075308370156,80,-2.1574181522568168,MAP_SCADA,79,0.03398937858019879
0,x_tcsc,1-14,-0.10041044236733196,81,-0.11156647763395859,MAP_SCADA,79,0.011156035266626632
1,B_svc,2,0.18123476065321326,81,0.18271560126173608,MAP_SCADA,79,0.0014808406085228265
2,UPFC_Vsh,5-15,1.1059665821283136,81,1.1078640799983066,MAP_SCADA,79,0.0018974978699930478
3,UPFC_tsh,5-15,-0.24094205153019474,81,-0.23298489358677693,MAP_SCADA,79,0.007957157943417809
4,UPFC_Vse,5-15,0.06307815871124836,81,0.060276025885051515,MAP_SCADA,79,0.002802132826196846
5,UPFC_tse,5-15,-2.195590834076475,81,-2.1574181522568168,MAP_SCADA,79,0.03817268181965838
0,x_tcsc,1-14,-0.10457447478471675,82,-0.11156647763395859,MAP_SCADA,79,0.006992002849241841
1,B_svc,2,0.16783207973975625,82,0.18271560126173608,MAP_SCADA,79,0.014883521521979831
2,UPFC_Vsh,5-15,1.110012346364267,82,1.1078640799983066,MAP_SCADA,79,0.0021482663659604384
3,UPFC_tsh,5-15,-0.2376586382346466,82,-0.23298489358677693,MAP_SCADA,79,0.004673744647869682
4,UPFC_Vse,5-15,0.06331608203981146,82,0.060276025885051515,MAP_SCADA,79,0.0030400561547599403
5,UPFC_tse,5-15,-2.1867291866877543,82,-2.1574181522568168,MAP_SCADA,79,0.02931103443093752
0,x_tcsc,1-14,-0.1031657595623476,83,-0.11156647763395859,MAP_SCADA,79,0.008400718071610996
1,B_svc,2,0.17424357418869788,83,0.18271560126173608,MAP_SCADA,79,0.008472027073038207
2,UPFC_Vsh,5-15,1.1072885960269414,83,1.1078640799983066,MAP_SCADA,79,0.0005754839713651982
3,UPFC_tsh,5-15,-0.23966310880723438,83,-0.23298489358677693,MAP_SCADA,79,0.006678215220457445
4,UPFC_Vse,5-15,0.06304301881323121,83,0.060276025885051515,MAP_SCADA,79,0.0027669929281796957
5,UPFC_tse,5-15,-2.1962086599650283,83,-2.1574181522568168,MAP_SCADA,79,0.038790507708211575
0,x_tcsc,1-14,-0.10333678174264938,84,-0.11156647763395859,MAP_SCADA,79,0.008229695891309216
1,B_svc,2,0.16992623847206714,84,0.18271560126173608,MAP_SCADA,79,0.01278936278966894
2,UPFC_Vsh,5-15,1.108396689227261,84,1.1078640799983066,MAP_SCADA,79,0.0005326092289543727
3,UPFC_tsh,5-15,-0.23891537987045408,84,-0.23298489358677693,MAP_SCADA,79,0.00593048628367715
4,UPFC_Vse,5-15,0.06353080171285039,84,0.060276025885051515,MAP_SCADA,79,0.0032547758277988725
5,UPFC_tse,5-15,-2.1934515204379577,84,-2.1574181522568168,MAP_SCADA,79,0.03603336818114089
0,x_tcsc,1-14,-0.10081655054250013,85,-0.11156647763395859,MAP_SCADA,79,0.010749927091458458
1,B_svc,2,0.17694535235740244,85,0.18271560126173608,MAP_SCADA,79,0.005770248904333641
2,UPFC_Vsh,5-15,1.1073705397164069,85,1.1078640799983066,MAP_SCADA,79,0.0004935402818997403
3,UPFC_tsh,5-15,-0.2398156892148108,85,-0.23298489358677693,MAP_SCADA,79,0.0068307956280338755
4,UPFC_Vse,5-15,0.06285607316405972,85,0.060276025885051515,MAP_SCADA,79,0.0025800472790082074
5,UPFC_tse,5-15,-2.1933991813687634,85,-2.1574181522568168,MAP_SCADA,79,0.03598102911194667
0,x_tcsc,1-14,-0.10456865424775502,86,-0.11156647763395859,MAP_SCADA,79,0.006997823386203569
1,B_svc,2,0.1666530528575441,86,0.18271560126173608,MAP_SCADA,79,0.016062548404191995
2,UPFC_Vsh,5-15,1.1106773055855599,86,1.1078640799983066,MAP_SCADA,79,0.0028132255872532763
3,UPFC_tsh,5-15,-0.23739767838514195,86,-0.23298489358677693,MAP_SCADA,79,0.004412784798365016
4,UPFC_Vse,5-15,0.06257029657897878,86,0.060276025885051515,MAP_SCADA,79,0.002294270693927264
5,UPFC_tse,5-15,-2.189342971517965,86,-2.1574181522568168,MAP_SCADA,79,0.03192481926114832
0,x_tcsc,1-14,-0.1014522893066262,87,-0.11156647763395859,MAP_SCADA,79,0.010114188327332393
1,B_svc,2,0.1759377983837093,87,0.18271560126173608,MAP_SCADA,79,0.00677780287802679
2,UPFC_Vsh,5-15,1.1075747788641153,87,1.1078640799983066,MAP_SCADA,79,0.0002893011341913443
3,UPFC_tsh,5-15,-0.23996026048803054,87,-0.23298489358677693,MAP_SCADA,79,0.00697536690125361
4,UPFC_Vse,5-15,0.0631287474103788,87,0.060276025885051515,MAP_SCADA,79,0.002852721525327284
5,UPFC_tse,5-15,-2.192029188740658,87,-2.1574181522568168,MAP_SCADA,79,0.03461103648384123
0,x_tcsc,1-14,-0.10308302753037737,88,-0.11156647763395859,MAP_SCADA,79,0.008483450103581217
1,B_svc,2,0.17448784950738527,88,0.18271560126173608,MAP_SCADA,79,0.00822775175435081
2,UPFC_Vsh,5-15,1.1061476784346318,88,1.1078640799983066,MAP_SCADA,79,0.0017164015636748076
3,UPFC_tsh,5-15,-0.24050589806222702,88,-0.23298489358677693,MAP_SCADA,79,0.007521004475450094
4,UPFC_Vse,5-15,0.06268005160067479,88,0.060276025885051515,MAP_SCADA,79,0.002404025715623273
5,UPFC_tse,5-15,-2.190872120562374,88,-2.1574181522568168,MAP_SCADA,79,0.03345396830555725
0,x_tcsc,1-14,-0.10267111452075099,89,-0.11156647763395859,MAP_SCADA,79,0.0088953631132076
1,B_svc,2,0.16961778126943405,89,0.18271560126173608,MAP_SCADA,79,0.013097819992302029
2,UPFC_Vsh,5-15,1.1079274160944588,89,1.1078640799983066,MAP_SCADA,79,6.333609615216673e-05
3,UPFC_tsh,5-15,-0.23875734153579592,89,-0.23298489358677693,MAP_SCADA,79,0.005772447949018988
4,UPFC_Vse,5-15,0.06317546712596372,89,0.060276025885051515,MAP_SCADA,79,0.0028994412409122094
5,UPFC_tse,5-15,-2.1882457540257323,89,-2.1574181522568168,MAP_SCADA,79,0.030827601768915525
0,x_tcsc,1-14,-0.10613469936333164,90,-0.11156647763395859,MAP_SCADA,79,0.00543177827062695
1,B_svc,2,0.16006816122231587,90,0.18271560126173608,MAP_SCADA,79,0.022647440039420208
2,UPFC_Vsh,5-15,1.1094315761130153,90,1.1078640799983066,MAP_SCADA,79,0.001567496114708744
3,UPFC_tsh,5-15,-0.23704302088232218,90,-0.23298489358677693,MAP_SCADA,79,0.00405812729554525
4,UPFC_Vse,5-15,0.06352188556720155,90,0.060276025885051515,MAP_SCADA,79,0.0032458596821500346
5,UPFC_tse,5-15,-2.187971846351272,90,-2.1574181522568168,MAP_SCADA,79,0.030553694094455075
0,x_tcsc,1-14,-0.10274183533505725,91,-0.11156647763395859,MAP_SCADA,79,0.008824642298901342
1,B_svc,2,0.1712474167571244,91,0.18271560126173608,MAP_SCADA,79,0.011468184504611678
2,UPFC_Vsh,5-15,1.1081719272205834,91,1.1078640799983066,MAP_SCADA,79,0.0003078472222768358
3,UPFC_tsh,5-15,-0.23991407693170547,91,-0.23298489358677693,MAP_SCADA,79,0.006929183344928536
4,UPFC_Vse,5-15,0.06319960057066118,91,0.060276025885051515,MAP_SCADA,79,0.0029235746856096645
5,UPFC_tse,5-15,-2.189139377730668,91,-2.1574181522568168,MAP_SCADA,79,0.031721225473851256
0,x_tcsc,1-14,-0.10529554962383599,92,-0.11156647763395859,MAP_SCADA,79,0.006270928010122606
1,B_svc,2,0.164802444766533,92,0.18271560126173608,MAP_SCADA,79,0.017913156495203086
2,UPFC_Vsh,5-15,1.1091574366065957,92,1.1078640799983066,MAP_SCADA,79,0.001293356608289109
3,UPFC_tsh,5-15,-0.23715858961762765,92,-0.23298489358677693,MAP_SCADA,79,0.004173696030850715
4,UPFC_Vse,5-15,0.06325685516812932,92,0.060276025885051515,MAP_SCADA,79,0.0029808292830778016
5,UPFC_tse,5-15,-2.185841384590449,92,-2.1574181522568168,MAP_SCADA,79,0.02842323233363242
0,x_tcsc,1-14,-0.10198001686873225,93,-0.11156647763395859,MAP_SCADA,79,0.009586460765226346
1,B_svc,2,0.1745075075648837,93,0.18271560126173608,MAP_SCADA,79,0.008208093696852381
2,UPFC_Vsh,5-15,1.1077672411780743,93,1.1078640799983066,MAP_SCADA,79,9.683882023225898e-05
3,UPFC_tsh,5-15,-0.24025055114601698,93,-0.23298489358677693,MAP_SCADA,79,0.007265657559240052
4,UPFC_Vse,5-15,0.06302712550417613,93,0.060276025885051515,MAP_SCADA,79,0.0027510996191246195
5,UPFC_tse,5-15,-2.193898147976288,93,-2.1574181522568168,MAP_SCADA,79,0.03647999571947125
0,x_tcsc,1-14,-0.10240752827041755,94,-0.11156647763395859,MAP_SCADA,79,0.009158949363541044
1,B_svc,2,0.17267742847899017,94,0.18271560126173608,MAP_SCADA,79,0.010038172782745908
2,UPFC_Vsh,5-15,1.1060683377314755,94,1.1078640799983066,MAP_SCADA,79,0.0017957422668311018
3,UPFC_tsh,5-15,-0.23966172718881376,94,-0.23298489358677693,MAP_SCADA,79,0.00667683360203683
4,UPFC_Vse,5-15,0.06356182781739468,94,0.060276025885051515,MAP_SCADA,79,0.003285801932343166
5,UPFC_tse,5-15,-2.1899317687571993,94,-2.1574181522568168,MAP_SCADA,79,0.032513616500382536
0,x_tcsc,1-14,-0.1015701753308845,95,-0.11156647763395859,MAP_SCADA,79,0.009996302303074092
1,B_svc,2,0.1739762418767858,95,0.18271560126173608,MAP_SCADA,79,0.008739359384950296
2,UPFC_Vsh,5-15,1.109278096323847,95,1.1078640799983066,MAP_SCADA,79,0.0014140163255405014
3,UPFC_tsh,5-15,-0.23889218641001428,95,-0.23298489358677693,MAP_SCADA,79,0.005907292823237348
4,UPFC_Vse,5-15,0.06328697888437507,95,0.060276025885051515,MAP_SCADA,79,0.0030109529993235518
5,UPFC_tse,5-15,-2.194328809564617,95,-2.1574181522568168,MAP_SCADA,79,0.03691065730780041
0,x_tcsc,1-14,-0.10232252245350033,96,-0.11156647763395859,MAP_SCADA,79,0.009243955180458258
1,B_svc,2,0.17372121612069635,96,0.18271560126173608,MAP_SCADA,79,0.008994385141039729
2,UPFC_Vsh,5-15,1.108048298640947,96,1.1078640799983066,MAP_SCADA,79,0.0001842186426403991
3,UPFC_tsh,5-15,-0.2395526260351638,96,-0.23298489358677693,MAP_SCADA,79,0.006567732448386876
4,UPFC_Vse,5-15,0.06360226093011265,96,0.060276025885051515,MAP_SCADA,79,0.003326235045061132
5,UPFC_tse,5-15,-2.1900485756251924,96,-2.1574181522568168,MAP_SCADA,79,0.03263042336837563
0,x_tcsc,1-14,-0.10333071641159243,97,-0.11156647763395859,MAP_SCADA,79,0.008235761222366161
1,B_svc,2,0.17110006030773722,97,0.18271560126173608,MAP_SCADA,79,0.01161554095399886
2,UPFC_Vsh,5-15,1.1083044207896122,97,1.1078640799983066,MAP_SCADA,79,0.00044034079130561565
3,UPFC_tsh,5-15,-0.23860190996385314,97,-0.23298489358677693,MAP_SCADA,79,0.005617016377076206
4,UPFC_Vse,5-15,0.06399735750141623,97,0.060276025885051515,MAP_SCADA,79,0.0037213316163647175
5,UPFC_tse,5-15,-2.19124066642229,97,-2.1574181522568168,MAP_SCADA,79,0.033822514165473105
0,x_tcsc,1-14,-0.10426524521610846,98,-0.11156647763395859,MAP_SCADA,79,0.007301232417850134
1,B_svc,2,0.17011498705090078,98,0.18271560126173608,MAP_SCADA,79,0.012600614210835304
2,UPFC_Vsh,5-15,1.1100572819699157,98,1.1078640799983066,MAP_SCADA,79,0.0021932019716091045
3,UPFC_tsh,5-15,-0.23770219494552186,98,-0.23298489358677693,MAP_SCADA,79,0.00471730135874493
4,UPFC_Vse,5-15,0.06334543800654534,98,0.060276025885051515,MAP_SCADA,79,0.0030694121214938225
5,UPFC_tse,5-15,-2.193521321270926,98,-2.1574181522568168,MAP_SCADA,79,0.03610316901410915
0,x_tcsc,1-14,-0.10313457559422243,99,-0.11156647763395859,MAP_SCADA,79,0.008431902039736164
1,B_svc,2,0.17001685418981957,99,0.18271560126173608,MAP_SCADA,79,0.01269874707191651
2,UPFC_Vsh,5-15,1.109765874666147,99,1.1078640799983066,MAP_SCADA,79,0.0019017946678403508
3,UPFC_tsh,5-15,-0.23838836964991572,99,-0.23298489358677693,MAP_SCADA,79,0.00540347606313879
4,UPFC_Vse,5-15,0.06302138463839355,99,0.060276025885051515,MAP_SCADA,79,0.002745358753342031
5,UPFC_tse,5-15,-2.187957790781871,99,-2.1574181522568168,MAP_SCADA,79,0.030539638525054258
0,x_tcsc,1-14,-0.1089531511781327,0,-0.11197782552629418,MAP_SCADA,81,0.003024674348161477
1,B_svc,2,0.1897935387956435,0,0.18327189465115296,MAP_SCADA,81,0.0065216441444905515
2,UPFC_Vsh,5-15,1.1087431100620921,0,1.1082248726377468,MAP_SCADA,81,0.0005182374243453136
3,UPFC_tsh,5-15,-0.23330975381613128,0,-0.23293119280704588,MAP_SCADA,81,0.0003785610090853986
4,UPFC_Vse,5-15,0.059910786553985726,0,0.05985422912105352,MAP_SCADA,81,5.655743293220272e-05
5,UPFC_tse,5-15,-2.1617541252362744,0,-2.1509630278139777,MAP_SCADA,81,0.01079109742229667
0,x_tcsc,1-14,-0.111586134031699,1,-0.11197782552629418,MAP_SCADA,81,0.0003916914945951838
1,B_svc,2,0.18277825912481013,1,0.18327189465115296,MAP_SCADA,81,0.0004936355263428227
2,UPFC_Vsh,5-15,1.1082234287991541,1,1.1082248726377468,MAP_SCADA,81,1.4438385926851538e-06
3,UPFC_tsh,5-15,-0.23190643054264615,1,-0.23293119280704588,MAP_SCADA,81,0.0010247622643997367
4,UPFC_Vse,5-15,0.06059477305551764,1,0.05985422912105352,MAP_SCADA,81,0.0007405439344641135
5,UPFC_tse,5-15,-2.1540585190564276,1,-2.1509630278139777,MAP_SCADA,81,0.0030954912424498993
0,x_tcsc,1-14,-0.11211395804478234,2,-0.11197782552629418,MAP_SCADA,81,0.0001361325184881662
1,B_svc,2,0.1868625727668949,2,0.18327189465115296,MAP_SCADA,81,0.0035906781157419576
2,UPFC_Vsh,5-15,1.1067411309471762,2,1.1082248726377468,MAP_SCADA,81,0.001483741690570639
3,UPFC_tsh,5-15,-0.2331739941656229,2,-0.23293119280704588,MAP_SCADA,81,0.00024280135857701612
4,UPFC_Vse,5-15,0.0609363740875178,2,0.05985422912105352,MAP_SCADA,81,0.0010821449664642768
5,UPFC_tse,5-15,-2.152871154024673,2,-2.1509630278139777,MAP_SCADA,81,0.001908126210695471
0,x_tcsc,1-14,-0.11285742257812492,3,-0.11197782552629418,MAP_SCADA,81,0.0008795970518307439
1,B_svc,2,0.18539429171333982,3,0.18327189465115296,MAP_SCADA,81,0.002122397062186865
2,UPFC_Vsh,5-15,1.1081386969229026,3,1.1082248726377468,MAP_SCADA,81,8.617571484426101e-05
3,UPFC_tsh,5-15,-0.2324863078339946,3,-0.23293119280704588,MAP_SCADA,81,0.00044488497305128494
4,UPFC_Vse,5-15,0.06048900561970597,3,0.05985422912105352,MAP_SCADA,81,0.0006347764986524493
5,UPFC_tse,5-15,-2.1551872012743307,3,-2.1509630278139777,MAP_SCADA,81,0.004224173460352976
0,x_tcsc,1-14,-0.11231476988244248,4,-0.11197782552629418,MAP_SCADA,81,0.0003369443561482971
1,B_svc,2,0.18572521980578321,4,0.18327189465115296,MAP_SCADA,81,0.0024533251546302592
2,UPFC_Vsh,5-15,1.1056512600233495,4,1.1082248726377468,MAP_SCADA,81,0.002573612614397369
3,UPFC_tsh,5-15,-0.2338904834461942,4,-0.23293119280704588,MAP_SCADA,81,0.0009592906391483191
4,UPFC_Vse,5-15,0.060121854908355796,4,0.05985422912105352,MAP_SCADA,81,0.0002676257873022725
5,UPFC_tse,5-15,-2.1592578402365357,4,-2.1509630278139777,MAP_SCADA,81,0.008294812422557918
0,x_tcsc,1-14,-0.11178525041785418,5,-0.11197782552629418,MAP_SCADA,81,0.00019257510843999348
1,B_svc,2,0.18343692280570392,5,0.18327189465115296,MAP_SCADA,81,0.00016502815455096687
2,UPFC_Vsh,5-15,1.109880077816995,5,1.1082248726377468,MAP_SCADA,81,0.0016552051792482203
3,UPFC_tsh,5-15,-0.2309144059831098,5,-0.23293119280704588,MAP_SCADA,81,0.0020167868239360787
4,UPFC_Vse,5-15,0.0603194722178149,5,0.05985422912105352,MAP_SCADA,81,0.0004652430967613738
5,UPFC_tse,5-15,-2.155318859766885,5,-2.1509630278139777,MAP_SCADA,81,0.004355831952907341
0,x_tcsc,1-14,-0.11333459791028293,6,-0.11197782552629418,MAP_SCADA,81,0.0013567723839887497
1,B_svc,2,0.18041966252582461,6,0.18327189465115296,MAP_SCADA,81,0.002852232125328341
2,UPFC_Vsh,5-15,1.1072648590523495,6,1.1082248726377468,MAP_SCADA,81,0.0009600135853973235
3,UPFC_tsh,5-15,-0.23253037627372858,6,-0.23293119280704588,MAP_SCADA,81,0.00040081653331730527
4,UPFC_Vse,5-15,0.0600837156301815,6,0.05985422912105352,MAP_SCADA,81,0.00022948650912797686
5,UPFC_tse,5-15,-2.1559922176239676,6,-2.1509630278139777,MAP_SCADA,81,0.005029189809989898
0,x_tcsc,1-14,-0.11436276256544746,7,-0.11197782552629418,MAP_SCADA,81,0.0023849370391532815
1,B_svc,2,0.17578589143797024,7,0.18327189465115296,MAP_SCADA,81,0.0074860032131827126
2,UPFC_Vsh,5-15,1.1090257321918613,7,1.1082248726377468,MAP_SCADA,81,0.0008008595541144636
3,UPFC_tsh,5-15,-0.230752004160547,7,-0.23293119280704588,MAP_SCADA,81,0.0021791886464988808
4,UPFC_Vse,5-15,0.06009782334247497,7,0.05985422912105352,MAP_SCADA,81,0.00024359422142144344
5,UPFC_tse,5-15,-2.1532896030355704,7,-2.1509630278139777,MAP_SCADA,81,0.0023265752215926305
0,x_tcsc,1-14,-0.11346472153441553,8,-0.11197782552629418,MAP_SCADA,81,0.0014868960081213523
1,B_svc,2,0.18048286210943015,8,0.18327189465115296,MAP_SCADA,81,0.0027890325417228023
2,UPFC_Vsh,5-15,1.108480483695338,8,1.1082248726377468,MAP_SCADA,81,0.0002556110575910875
3,UPFC_tsh,5-15,-0.23109403596665595,8,-0.23293119280704588,MAP_SCADA,81,0.0018371568403899308
4,UPFC_Vse,5-15,0.05989475052534988,8,0.05985422912105352,MAP_SCADA,81,4.0521404296355035e-05
5,UPFC_tse,5-15,-2.153008952867411,8,-2.1509630278139777,MAP_SCADA,81,0.002045925053433262
0,x_tcsc,1-14,-0.11177440719091994,9,-0.11197782552629418,MAP_SCADA,81,0.00020341833537423915
1,B_svc,2,0.18671012434317674,9,0.18327189465115296,MAP_SCADA,81,0.0034382296920237865
2,UPFC_Vsh,5-15,1.1037795807258335,9,1.1082248726377468,MAP_SCADA,81,0.0044452919119133405
3,UPFC_tsh,5-15,-0.23448940288511175,9,-0.23293119280704588,MAP_SCADA,81,0.0015582100780658636
4,UPFC_Vse,5-15,0.06104008593960212,9,0.05985422912105352,MAP_SCADA,81,0.001185856818548596
5,UPFC_tse,5-15,-2.1543496412886083,9,-2.1509630278139777,MAP_SCADA,81,0.00338661347463054
0,x_tcsc,1-14,-0.11194494997492009,10,-0.11197782552629418,MAP_SCADA,81,3.287555137408693e-05
1,B_svc,2,0.18561780207658218,10,0.18327189465115296,MAP_SCADA,81,0.002345907425429228
2,UPFC_Vsh,5-15,1.1077955580647714,10,1.1082248726377468,MAP_SCADA,81,0.00042931457297545883
3,UPFC_tsh,5-15,-0.23357350457639295,10,-0.23293119280704588,MAP_SCADA,81,0.0006423117693470648
4,UPFC_Vse,5-15,0.06104911978819504,10,0.05985422912105352,MAP_SCADA,81,0.0011948906671415196
5,UPFC_tse,5-15,-2.1542087215643924,10,-2.1509630278139777,MAP_SCADA,81,0.0032456937504146133
0,x_tcsc,1-14,-0.11144691933862402,11,-0.11197782552629418,MAP_SCADA,81,0.0005309061876701548
1,B_svc,2,0.18733135995158337,11,0.18327189465115296,MAP_SCADA,81,0.004059465300430415
2,UPFC_Vsh,5-15,1.106233756598256,11,1.1082248726377468,MAP_SCADA,81,0.001991116039490759
3,UPFC_tsh,5-15,-0.23400144609007603,11,-0.23293119280704588,MAP_SCADA,81,0.001070253283030148
4,UPFC_Vse,5-15,0.06022611964382545,11,0.05985422912105352,MAP_SCADA,81,0.00037189052277192963
5,UPFC_tse,5-15,-2.15561983957537,11,-2.1509630278139777,MAP_SCADA,81,0.004656811761392099
0,x_tcsc,1-14,-0.11335974657529489,12,-0.11197782552629418,MAP_SCADA,81,0.0013819210490007144
1,B_svc,2,0.18052980160149132,12,0.18327189465115296,MAP_SCADA,81,0.002742093049661637
2,UPFC_Vsh,5-15,1.1072101395226248,12,1.1082248726377468,MAP_SCADA,81,0.001014733115122013
3,UPFC_tsh,5-15,-0.23235149981375186,12,-0.23293119280704588,MAP_SCADA,81,0.0005796929932940231
4,UPFC_Vse,5-15,0.06105168575186966,12,0.05985422912105352,MAP_SCADA,81,0.001197456630816135
5,UPFC_tse,5-15,-2.1503334819797124,12,-2.1509630278139777,MAP_SCADA,81,0.0006295458342653326
0,x_tcsc,1-14,-0.11211623931164033,13,-0.11197782552629418,MAP_SCADA,81,0.00013841378534615312
1,B_svc,2,0.18705823005723368,13,0.18327189465115296,MAP_SCADA,81,0.0037863354060807264
2,UPFC_Vsh,5-15,1.1059065780904005,13,1.1082248726377468,MAP_SCADA,81,0.0023182945473463334
3,UPFC_tsh,5-15,-0.23398759186968957,13,-0.23293119280704588,MAP_SCADA,81,0.0010563990626436814
4,UPFC_Vse,5-15,0.06032973274826177,13,0.05985422912105352,MAP_SCADA,81,0.0004755036272082458
5,UPFC_tse,5-15,-2.1569813122485124,13,-2.1509630278139777,MAP_SCADA,81,0.006018284434534671
0,x_tcsc,1-14,-0.1137714289763915,14,-0.11197782552629418,MAP_SCADA,81,0.0017936034500973252
1,B_svc,2,0.1830696590076973,14,0.18327189465115296,MAP_SCADA,81,0.00020223564345564493
2,UPFC_Vsh,5-15,1.1082720687885226,14,1.1082248726377468,MAP_SCADA,81,4.7196150775752344e-05
3,UPFC_tsh,5-15,-0.23205392329338764,14,-0.23293119280704588,MAP_SCADA,81,0.0008772695136582409
4,UPFC_Vse,5-15,0.060411104500337556,14,0.05985422912105352,MAP_SCADA,81,0.0005568753792840331
5,UPFC_tse,5-15,-2.1558802644963175,14,-2.1509630278139777,MAP_SCADA,81,0.004917236682339787
0,x_tcsc,1-14,-0.11331493961116607,15,-0.11197782552629418,MAP_SCADA,81,0.0013371140848718877
1,B_svc,2,0.1800813984044449,15,0.18327189465115296,MAP_SCADA,81,0.0031904962467080578
2,UPFC_Vsh,5-15,1.107314408698073,15,1.1082248726377468,MAP_SCADA,81,0.0009104639396737557
3,UPFC_tsh,5-15,-0.23205643090968373,15,-0.23293119280704588,MAP_SCADA,81,0.0008747618973621585
4,UPFC_Vse,5-15,0.059873090964751116,15,0.05985422912105352,MAP_SCADA,81,1.8861843697592917e-05
5,UPFC_tse,5-15,-2.155007128440672,15,-2.1509630278139777,MAP_SCADA,81,0.004044100626694469
0,x_tcsc,1-14,-0.1122306884762184,16,-0.11197782552629418,MAP_SCADA,81,0.0002528629499242152
1,B_svc,2,0.18775249902392893,16,0.18327189465115296,MAP_SCADA,81,0.004480604372775976
2,UPFC_Vsh,5-15,1.1049647892610377,16,1.1082248726377468,MAP_SCADA,81,0.003260083376709133
3,UPFC_tsh,5-15,-0.2330079098466535,16,-0.23293119280704588,MAP_SCADA,81,7.671703960762666e-05
4,UPFC_Vse,5-15,0.06113724250918414,16,0.05985422912105352,MAP_SCADA,81,0.0012830133881306174
5,UPFC_tse,5-15,-2.157423881875138,16,-2.1509630278139777,MAP_SCADA,81,0.006460854061160148
0,x_tcsc,1-14,-0.11263036020353481,17,-0.11197782552629418,MAP_SCADA,81,0.0006525346772406349
1,B_svc,2,0.1817837233928617,17,0.18327189465115296,MAP_SCADA,81,0.0014881712582912598
2,UPFC_Vsh,5-15,1.1084114438149966,17,1.1082248726377468,MAP_SCADA,81,0.00018657117724973915
3,UPFC_tsh,5-15,-0.23144867598779334,17,-0.23293119280704588,MAP_SCADA,81,0.001482516819252544
4,UPFC_Vse,5-15,0.060318116756721364,17,0.05985422912105352,MAP_SCADA,81,0.0004638876356678409
5,UPFC_tse,5-15,-2.153541067371644,17,-2.1509630278139777,MAP_SCADA,81,0.002578039557666223
0,x_tcsc,1-14,-0.1123168833646532,18,-0.11197782552629418,MAP_SCADA,81,0.0003390578383590248
1,B_svc,2,0.18114343012589246,18,0.18327189465115296,MAP_SCADA,81,0.0021284645252604983
2,UPFC_Vsh,5-15,1.108076754568016,18,1.1082248726377468,MAP_SCADA,81,0.00014811806973091812
3,UPFC_tsh,5-15,-0.2320082068359299,18,-0.23293119280704588,MAP_SCADA,81,0.0009229859711159805
4,UPFC_Vse,5-15,0.06041732067962146,18,0.05985422912105352,MAP_SCADA,81,0.0005630915585679366
5,UPFC_tse,5-15,-2.1552625136309573,18,-2.1509630278139777,MAP_SCADA,81,0.004299485816979587
0,x_tcsc,1-14,-0.11164424108868416,19,-0.11197782552629418,MAP_SCADA,81,0.00033358443761001555
1,B_svc,2,0.18040424893429052,19,0.18327189465115296,MAP_SCADA,81,0.0028676457168624325
2,UPFC_Vsh,5-15,1.108871364654878,19,1.1082248726377468,MAP_SCADA,81,0.0006464920171311839
3,UPFC_tsh,5-15,-0.2324105075658558,19,-0.23293119280704588,MAP_SCADA,81,0.0005206852411900886
4,UPFC_Vse,5-15,0.061155322165232597,19,0.05985422912105352,MAP_SCADA,81,0.0013010930441790733
5,UPFC_tse,5-15,-2.154669972733158,19,-2.1509630278139777,MAP_SCADA,81,0.0037069449191804438
0,x_tcsc,1-14,-0.11274782327049446,20,-0.11197782552629418,MAP_SCADA,81,0.0007699977442002792
1,B_svc,2,0.18459454920584656,20,0.18327189465115296,MAP_SCADA,81,0.001322654554693603
2,UPFC_Vsh,5-15,1.108006286307207,20,1.1082248726377468,MAP_SCADA,81,0.00021858633053972731
3,UPFC_tsh,5-15,-0.23191990543603197,20,-0.23293119280704588,MAP_SCADA,81,0.0010112873710139136
4,UPFC_Vse,5-15,0.06008050852103739,20,0.05985422912105352,MAP_SCADA,81,0.0002262793999838683
5,UPFC_tse,5-15,-2.1567097345688575,20,-2.1509630278139777,MAP_SCADA,81,0.00574670675487976
0,x_tcsc,1-14,-0.11169414259952308,21,-0.11197782552629418,MAP_SCADA,81,0.00028368292677109774
1,B_svc,2,0.1857776632719838,21,0.18327189465115296,MAP_SCADA,81,0.0025057686208308505
2,UPFC_Vsh,5-15,1.108184785877071,21,1.1082248726377468,MAP_SCADA,81,4.0086760675794864e-05
3,UPFC_tsh,5-15,-0.23273179667649846,21,-0.23293119280704588,MAP_SCADA,81,0.00019939613054742455
4,UPFC_Vse,5-15,0.05992770845896655,21,0.05985422912105352,MAP_SCADA,81,7.347933791302524e-05
5,UPFC_tse,5-15,-2.1568349329799426,21,-2.1509630278139777,MAP_SCADA,81,0.005871905165964808
0,x_tcsc,1-14,-0.11260572090998863,22,-0.11197782552629418,MAP_SCADA,81,0.0006278953836944545
1,B_svc,2,0.18071338323253047,22,0.18327189465115296,MAP_SCADA,81,0.0025585114186224833
2,UPFC_Vsh,5-15,1.106722196604619,22,1.1082248726377468,MAP_SCADA,81,0.0015026760331278144
3,UPFC_tsh,5-15,-0.23240057224166638,22,-0.23293119280704588,MAP_SCADA,81,0.0005306205653795026
4,UPFC_Vse,5-15,0.059859672432762606,22,0.05985422912105352,MAP_SCADA,81,5.443311709082965e-06
5,UPFC_tse,5-15,-2.1554046999392504,22,-2.1509630278139777,MAP_SCADA,81,0.004441672125272689
0,x_tcsc,1-14,-0.10863106555895048,23,-0.11197782552629418,MAP_SCADA,81,0.003346759967343696
1,B_svc,2,0.19440583723342642,23,0.18327189465115296,MAP_SCADA,81,0.01113394258227346
2,UPFC_Vsh,5-15,1.1056047474826858,23,1.1082248726377468,MAP_SCADA,81,0.0026201251550610483
3,UPFC_tsh,5-15,-0.23553602350049807,23,-0.23293119280704588,MAP_SCADA,81,0.002604830693452187
4,UPFC_Vse,5-15,0.06062491232048908,23,0.05985422912105352,MAP_SCADA,81,0.0007706831994355595
5,UPFC_tse,5-15,-2.1604370235879395,23,-2.1509630278139777,MAP_SCADA,81,0.009473995773961796
0,x_tcsc,1-14,-0.11358461640106417,24,-0.11197782552629418,MAP_SCADA,81,0.0016067908747699894
1,B_svc,2,0.17847299555661278,24,0.18327189465115296,MAP_SCADA,81,0.004798899094540177
2,UPFC_Vsh,5-15,1.1077453708357268,24,1.1082248726377468,MAP_SCADA,81,0.00047950180202005477
3,UPFC_tsh,5-15,-0.23118967241909189,24,-0.23293119280704588,MAP_SCADA,81,0.0017415203879539987
4,UPFC_Vse,5-15,0.06001689749729636,24,0.05985422912105352,MAP_SCADA,81,0.0001626683762428402
5,UPFC_tse,5-15,-2.1543010736861428,24,-2.1509630278139777,MAP_SCADA,81,0.0033380458721650186
0,x_tcsc,1-14,-0.11320004043012336,25,-0.11197782552629418,MAP_SCADA,81,0.0012222149038291774
1,B_svc,2,0.17941167260829785,25,0.18327189465115296,MAP_SCADA,81,0.003860222042855105
2,UPFC_Vsh,5-15,1.1101974435380184,25,1.1082248726377468,MAP_SCADA,81,0.0019725709002715863
3,UPFC_tsh,5-15,-0.23031717049236608,25,-0.23293119280704588,MAP_SCADA,81,0.0026140223146798036
4,UPFC_Vse,5-15,0.05996830578511454,25,0.05985422912105352,MAP_SCADA,81,0.00011407666406101913
5,UPFC_tse,5-15,-2.1553668754708863,25,-2.1509630278139777,MAP_SCADA,81,0.004403847656908599
0,x_tcsc,1-14,-0.11212214964649692,26,-0.11197782552629418,MAP_SCADA,81,0.00014432412020273788
1,B_svc,2,0.1816223075761155,26,0.18327189465115296,MAP_SCADA,81,0.0016495870750374564
2,UPFC_Vsh,5-15,1.1082064053681402,26,1.1082248726377468,MAP_SCADA,81,1.8467269606636805e-05
3,UPFC_tsh,5-15,-0.23179014857039898,26,-0.23293119280704588,MAP_SCADA,81,0.0011410442366469042
4,UPFC_Vse,5-15,0.060238724303090414,26,0.05985422912105352,MAP_SCADA,81,0.0003844951820368911
5,UPFC_tse,5-15,-2.1599186635184866,26,-2.1509630278139777,MAP_SCADA,81,0.008955635704508857
0,x_tcsc,1-14,-0.11119204081336112,27,-0.11197782552629418,MAP_SCADA,81,0.0007857847129330575
1,B_svc,2,0.1842705258074126,27,0.18327189465115296,MAP_SCADA,81,0.000998631156259644
2,UPFC_Vsh,5-15,1.1059116452390325,27,1.1082248726377468,MAP_SCADA,81,0.0023132273987143126
3,UPFC_tsh,5-15,-0.23295759170996305,27,-0.23293119280704588,MAP_SCADA,81,2.639890291716851e-05
4,UPFC_Vse,5-15,0.06053072554552834,27,0.05985422912105352,MAP_SCADA,81,0.0006764964244748151
5,UPFC_tse,5-15,-2.1561425446031106,27,-2.1509630278139777,MAP_SCADA,81,0.005179516789132865
0,x_tcsc,1-14,-0.11078516593243308,28,-0.11197782552629418,MAP_SCADA,81,0.0011926595938610979
1,B_svc,2,0.1862073014298553,28,0.18327189465115296,MAP_SCADA,81,0.002935406778702354
2,UPFC_Vsh,5-15,1.105306562887327,28,1.1082248726377468,MAP_SCADA,81,0.002918309750419734
3,UPFC_tsh,5-15,-0.2340897760936502,28,-0.23293119280704588,MAP_SCADA,81,0.0011585832866043144
4,UPFC_Vse,5-15,0.06031540260348843,28,0.05985422912105352,MAP_SCADA,81,0.00046117348243490675
5,UPFC_tse,5-15,-2.159848933017864,28,-2.1509630278139777,MAP_SCADA,81,0.008885905203886324
0,x_tcsc,1-14,-0.11114633594373284,29,-0.11197782552629418,MAP_SCADA,81,0.0008314895825613372
1,B_svc,2,0.18515795790093445,29,0.18327189465115296,MAP_SCADA,81,0.0018860632497814944
2,UPFC_Vsh,5-15,1.1077676810944392,29,1.1082248726377468,MAP_SCADA,81,0.00045719154330758904
3,UPFC_tsh,5-15,-0.2328826952361252,29,-0.23293119280704588,MAP_SCADA,81,4.84975709206803e-05
4,UPFC_Vse,5-15,0.06039577683997066,29,0.05985422912105352,MAP_SCADA,81,0.0005415477189171375
5,UPFC_tse,5-15,-2.155335140690537,29,-2.1509630278139777,MAP_SCADA,81,0.004372112876559253
0,x_tcsc,1-14,-0.11216068815257503,30,-0.11197782552629418,MAP_SCADA,81,0.00018286262628085248
1,B_svc,2,0.17704446044748634,30,0.18327189465115296,MAP_SCADA,81,0.006227434203666615
2,UPFC_Vsh,5-15,1.109683072820936,30,1.1082248726377468,MAP_SCADA,81,0.0014582001831890956
3,UPFC_tsh,5-15,-0.23174778760842352,30,-0.23293119280704588,MAP_SCADA,81,0.001183405198622367
4,UPFC_Vse,5-15,0.06019310784890161,30,0.05985422912105352,MAP_SCADA,81,0.00033887872784808815
5,UPFC_tse,5-15,-2.1564072150031643,30,-2.1509630278139777,MAP_SCADA,81,0.0054441871891866
0,x_tcsc,1-14,-0.11251342636674841,31,-0.11197782552629418,MAP_SCADA,81,0.0005356008404542312
1,B_svc,2,0.1831099893073962,31,0.18327189465115296,MAP_SCADA,81,0.00016190534375676302
2,UPFC_Vsh,5-15,1.1078159760395527,31,1.1082248726377468,MAP_SCADA,81,0.0004088965981940973
3,UPFC_tsh,5-15,-0.23189856588754654,31,-0.23293119280704588,MAP_SCADA,81,0.0010326269194993465
4,UPFC_Vse,5-15,0.06007672510263565,31,0.05985422912105352,MAP_SCADA,81,0.00022249598158212425
5,UPFC_tse,5-15,-2.1587524619933207,31,-2.1509630278139777,MAP_SCADA,81,0.007789434179342969
0,x_tcsc,1-14,-0.10935089542807824,32,-0.11197782552629418,MAP_SCADA,81,0.002626930098215935
1,B_svc,2,0.18873592910746403,32,0.18327189465115296,MAP_SCADA,81,0.005464034456311079
2,UPFC_Vsh,5-15,1.109038949726816,32,1.1082248726377468,MAP_SCADA,81,0.0008140770890692206
3,UPFC_tsh,5-15,-0.2330027710688704,32,-0.23293119280704588,MAP_SCADA,81,7.157826182452309e-05
4,UPFC_Vse,5-15,0.05985014716756717,32,0.05985422912105352,MAP_SCADA,81,4.081953486355372e-06
5,UPFC_tse,5-15,-2.1617669058380433,32,-2.1509630278139777,MAP_SCADA,81,0.010803878024065572
0,x_tcsc,1-14,-0.11132959920201867,33,-0.11197782552629418,MAP_SCADA,81,0.000648226324275511
1,B_svc,2,0.18595327212098606,33,0.18327189465115296,MAP_SCADA,81,0.0026813774698331017
2,UPFC_Vsh,5-15,1.108084565723442,33,1.1082248726377468,MAP_SCADA,81,0.0001403069143048885
3,UPFC_tsh,5-15,-0.2321353180308911,33,-0.23293119280704588,MAP_SCADA,81,0.0007958747761547813
4,UPFC_Vse,5-15,0.06002017416798528,33,0.05985422912105352,MAP_SCADA,81,0.00016594504693175777
5,UPFC_tse,5-15,-2.157033850389164,33,-2.1509630278139777,MAP_SCADA,81,0.00607082257518643
0,x_tcsc,1-14,-0.11034198001640978,34,-0.11197782552629418,MAP_SCADA,81,0.0016358455098843955
1,B_svc,2,0.18678599517759245,34,0.18327189465115296,MAP_SCADA,81,0.0035141005264394953
2,UPFC_Vsh,5-15,1.1085563560496479,34,1.1082248726377468,MAP_SCADA,81,0.0003314834119010346
3,UPFC_tsh,5-15,-0.23312360340740504,34,-0.23293119280704588,MAP_SCADA,81,0.00019241060035915525
4,UPFC_Vse,5-15,0.060366956294376876,34,0.05985422912105352,MAP_SCADA,81,0.0005127271733233532
5,UPFC_tse,5-15,-2.1581320522383804,34,-2.1509630278139777,MAP_SCADA,81,0.0071690244244027035
0,x_tcsc,1-14,-0.11311317898577221,35,-0.11197782552629418,MAP_SCADA,81,0.0011353534594780307
1,B_svc,2,0.18325163162252295,35,0.18327189465115296,MAP_SCADA,81,2.0263028630007618e-05
2,UPFC_Vsh,5-15,1.1098842983230832,35,1.1082248726377468,MAP_SCADA,81,0.001659425685336391
3,UPFC_tsh,5-15,-0.23130759162507253,35,-0.23293119280704588,MAP_SCADA,81,0.0016236011819733553
4,UPFC_Vse,5-15,0.06016391902929492,35,0.05985422912105352,MAP_SCADA,81,0.0003096899082413937
5,UPFC_tse,5-15,-2.1548243799234137,35,-2.1509630278139777,MAP_SCADA,81,0.003861352109435945
0,x_tcsc,1-14,-0.1149720819539307,36,-0.11197782552629418,MAP_SCADA,81,0.002994256427636524
1,B_svc,2,0.1750447967126657,36,0.18327189465115296,MAP_SCADA,81,0.008227097938487249
2,UPFC_Vsh,5-15,1.1102778223388667,36,1.1082248726377468,MAP_SCADA,81,0.0020529497011199105
3,UPFC_tsh,5-15,-0.22961423202170334,36,-0.23293119280704588,MAP_SCADA,81,0.0033169607853425487
4,UPFC_Vse,5-15,0.060175439493694916,36,0.05985422912105352,MAP_SCADA,81,0.0003212103726413923
5,UPFC_tse,5-15,-2.1527252492944804,36,-2.1509630278139777,MAP_SCADA,81,0.001762221480502646
0,x_tcsc,1-14,-0.1135383168444,37,-0.11197782552629418,MAP_SCADA,81,0.0015604913181058166
1,B_svc,2,0.1808875627066663,37,0.18327189465115296,MAP_SCADA,81,0.002384331944486645
2,UPFC_Vsh,5-15,1.1097833398341765,37,1.1082248726377468,MAP_SCADA,81,0.0015584671964297137
3,UPFC_tsh,5-15,-0.2306731020068669,37,-0.23293119280704588,MAP_SCADA,81,0.0022580908001789968
4,UPFC_Vse,5-15,0.059604765997265136,37,0.05985422912105352,MAP_SCADA,81,0.00024946312378838764
5,UPFC_tse,5-15,-2.1598551334837475,37,-2.1509630278139777,MAP_SCADA,81,0.008892105669769723
0,x_tcsc,1-14,-0.11241197576694792,38,-0.11197782552629418,MAP_SCADA,81,0.0004341502406537412
1,B_svc,2,0.18139884194193798,38,0.18327189465115296,MAP_SCADA,81,0.0018730527092149785
2,UPFC_Vsh,5-15,1.1092926368032598,38,1.1082248726377468,MAP_SCADA,81,0.0010677641655130188
3,UPFC_tsh,5-15,-0.23168033003577468,38,-0.23293119280704588,MAP_SCADA,81,0.001250862771271205
4,UPFC_Vse,5-15,0.06042739705196942,38,0.05985422912105352,MAP_SCADA,81,0.0005731679309158993
5,UPFC_tse,5-15,-2.150262573934795,38,-2.1509630278139777,MAP_SCADA,81,0.0007004538791828274
0,x_tcsc,1-14,-0.11336627208444718,39,-0.11197782552629418,MAP_SCADA,81,0.0013884465581529976
1,B_svc,2,0.1824406965904449,39,0.18327189465115296,MAP_SCADA,81,0.0008311980607080549
2,UPFC_Vsh,5-15,1.109450803391796,39,1.1082248726377468,MAP_SCADA,81,0.0012259307540491982
3,UPFC_tsh,5-15,-0.23110270791873322,39,-0.23293119280704588,MAP_SCADA,81,0.0018284848883126648
4,UPFC_Vse,5-15,0.06015947124209428,39,0.05985422912105352,MAP_SCADA,81,0.000305242121040758
5,UPFC_tse,5-15,-2.1525195949795397,39,-2.1509630278139777,MAP_SCADA,81,0.0015565671655619617
0,x_tcsc,1-14,-0.11449781928869908,40,-0.11197782552629418,MAP_SCADA,81,0.0025199937624049012
1,B_svc,2,0.17698963311880708,40,0.18327189465115296,MAP_SCADA,81,0.006282261532345873
2,UPFC_Vsh,5-15,1.1099220982081328,40,1.1082248726377468,MAP_SCADA,81,0.001697225570385985
3,UPFC_tsh,5-15,-0.23127461686611703,40,-0.23293119280704588,MAP_SCADA,81,0.001656575940928856
4,UPFC_Vse,5-15,0.060217625795988015,40,0.05985422912105352,MAP_SCADA,81,0.0003633966749344922
5,UPFC_tse,5-15,-2.1504069037421822,40,-2.1509630278139777,MAP_SCADA,81,0.0005561240717955052
0,x_tcsc,1-14,-0.11093572745407543,41,-0.11197782552629418,MAP_SCADA,81,0.00104209807221875
1,B_svc,2,0.18531896959267724,41,0.18327189465115296,MAP_SCADA,81,0.002047074941524285
2,UPFC_Vsh,5-15,1.108434994048722,41,1.1082248726377468,MAP_SCADA,81,0.00021012141097509485
3,UPFC_tsh,5-15,-0.233408373060217,41,-0.23293119280704588,MAP_SCADA,81,0.0004771802531711167
4,UPFC_Vse,5-15,0.060499846182725275,41,0.05985422912105352,MAP_SCADA,81,0.0006456170616717521
5,UPFC_tse,5-15,-2.1601069645717934,41,-2.1509630278139777,MAP_SCADA,81,0.009143936757815663
0,x_tcsc,1-14,-0.11147761500004855,42,-0.11197782552629418,MAP_SCADA,81,0.0005002105262456313
1,B_svc,2,0.18730903475163513,42,0.18327189465115296,MAP_SCADA,81,0.004037140100482173
2,UPFC_Vsh,5-15,1.1074933658695576,42,1.1082248726377468,MAP_SCADA,81,0.0007315067681892273
3,UPFC_tsh,5-15,-0.23274285808599332,42,-0.23293119280704588,MAP_SCADA,81,0.00018833472105256321
4,UPFC_Vse,5-15,0.06046335877714539,42,0.05985422912105352,MAP_SCADA,81,0.0006091296560918683
5,UPFC_tse,5-15,-2.154540752922178,42,-2.1509630278139777,MAP_SCADA,81,0.0035777251082000916
0,x_tcsc,1-14,-0.11305657612109273,43,-0.11197782552629418,MAP_SCADA,81,0.001078750594798547
1,B_svc,2,0.1792216928206034,43,0.18327189465115296,MAP_SCADA,81,0.004050201830549549
2,UPFC_Vsh,5-15,1.1100005386855296,43,1.1082248726377468,MAP_SCADA,81,0.0017756660477827868
3,UPFC_tsh,5-15,-0.23036578137282954,43,-0.23293119280704588,MAP_SCADA,81,0.002565411434216347
4,UPFC_Vse,5-15,0.06057910375371149,43,0.05985422912105352,MAP_SCADA,81,0.000724874632657968
5,UPFC_tse,5-15,-2.1561589997097914,43,-2.1509630278139777,MAP_SCADA,81,0.005195971895813667
0,x_tcsc,1-14,-0.11207535639674679,44,-0.11197782552629418,MAP_SCADA,81,9.753087045261122e-05
1,B_svc,2,0.1846858498020382,44,0.18327189465115296,MAP_SCADA,81,0.0014139551508852433
2,UPFC_Vsh,5-15,1.1077601535326256,44,1.1082248726377468,MAP_SCADA,81,0.00046471910512124737
3,UPFC_tsh,5-15,-0.23261638863089268,44,-0.23293119280704588,MAP_SCADA,81,0.000314804176153205
4,UPFC_Vse,5-15,0.06047525859342069,44,0.05985422912105352,MAP_SCADA,81,0.0006210294723671683
5,UPFC_tse,5-15,-2.154046429528506,44,-2.1509630278139777,MAP_SCADA,81,0.0030834017145280335
0,x_tcsc,1-14,-0.11375431081784133,45,-0.11197782552629418,MAP_SCADA,81,0.0017764852915471557
1,B_svc,2,0.17477818719938254,45,0.18327189465115296,MAP_SCADA,81,0.008493707451770416
2,UPFC_Vsh,5-15,1.1093197165452422,45,1.1082248726377468,MAP_SCADA,81,0.0010948439074953686
3,UPFC_tsh,5-15,-0.23071303918734726,45,-0.23293119280704588,MAP_SCADA,81,0.0022181536196986262
4,UPFC_Vse,5-15,0.06014026459677954,45,0.05985422912105352,MAP_SCADA,81,0.00028603547572601806
5,UPFC_tse,5-15,-2.15388812615601,45,-2.1509630278139777,MAP_SCADA,81,0.0029250983420321397
0,x_tcsc,1-14,-0.11310434548909658,46,-0.11197782552629418,MAP_SCADA,81,0.0011265199628023997
1,B_svc,2,0.17866334359157365,46,0.18327189465115296,MAP_SCADA,81,0.004608551059579302
2,UPFC_Vsh,5-15,1.108715174743999,46,1.1082248726377468,MAP_SCADA,81,0.0004903021062521162
3,UPFC_tsh,5-15,-0.23114836154528098,46,-0.23293119280704588,MAP_SCADA,81,0.0017828312617649
4,UPFC_Vse,5-15,0.060340846612470904,46,0.05985422912105352,MAP_SCADA,81,0.0004866174914173807
5,UPFC_tse,5-15,-2.155077590767528,46,-2.1509630278139777,MAP_SCADA,81,0.004114562953550394
0,x_tcsc,1-14,-0.1126163685304988,47,-0.11197782552629418,MAP_SCADA,81,0.0006385430042046281
1,B_svc,2,0.1826820223153454,47,0.18327189465115296,MAP_SCADA,81,0.0005898723358075675
2,UPFC_Vsh,5-15,1.1078508671343414,47,1.1082248726377468,MAP_SCADA,81,0.0003740055034053835
3,UPFC_tsh,5-15,-0.23195436112425402,47,-0.23293119280704588,MAP_SCADA,81,0.0009768316827918622
4,UPFC_Vse,5-15,0.06005427570146322,47,0.05985422912105352,MAP_SCADA,81,0.00020004658040969486
5,UPFC_tse,5-15,-2.149004765473707,47,-2.1509630278139777,MAP_SCADA,81,0.0019582623402709665
0,x_tcsc,1-14,-0.11202393736720709,48,-0.11197782552629418,MAP_SCADA,81,4.611184091291021e-05
1,B_svc,2,0.18197032083453404,48,0.18327189465115296,MAP_SCADA,81,0.0013015738166189117
2,UPFC_Vsh,5-15,1.1088869066003255,48,1.1082248726377468,MAP_SCADA,81,0.0006620339625786897
3,UPFC_tsh,5-15,-0.23173744296455784,48,-0.23293119280704588,MAP_SCADA,81,0.0011937498424880455
4,UPFC_Vse,5-15,0.06064179275722406,48,0.05985422912105352,MAP_SCADA,81,0.0007875636361705379
5,UPFC_tse,5-15,-2.1579971846390347,48,-2.1509630278139777,MAP_SCADA,81,0.007034156825056925
0,x_tcsc,1-14,-0.11301190854144895,49,-0.11197782552629418,MAP_SCADA,81,0.0010340830151547714
1,B_svc,2,0.1826769526565768,49,0.18327189465115296,MAP_SCADA,81,0.0005949419945761591
2,UPFC_Vsh,5-15,1.10911972473425,49,1.1082248726377468,MAP_SCADA,81,0.0008948520965030848
3,UPFC_tsh,5-15,-0.23197494578688546,49,-0.23293119280704588,MAP_SCADA,81,0.0009562470201604223
4,UPFC_Vse,5-15,0.06039511975662008,49,0.05985422912105352,MAP_SCADA,81,0.0005408906355665599
5,UPFC_tse,5-15,-2.159769366853597,49,-2.1509630278139777,MAP_SCADA,81,0.00880633903961936
0,x_tcsc,1-14,-0.11232464740583507,50,-0.11197782552629418,MAP_SCADA,81,0.0003468218795408956
1,B_svc,2,0.1804661933096819,50,0.18327189465115296,MAP_SCADA,81,0.0028057013414710674
2,UPFC_Vsh,5-15,1.1082997050473367,50,1.1082248726377468,MAP_SCADA,81,7.483240958983117e-05
3,UPFC_tsh,5-15,-0.23223059620849504,50,-0.23293119280704588,MAP_SCADA,81,0.0007005965985508456
4,UPFC_Vse,5-15,0.060382776568446615,50,0.05985422912105352,MAP_SCADA,81,0.0005285474473930921
5,UPFC_tse,5-15,-2.15506436388257,50,-2.1509630278139777,MAP_SCADA,81,0.0041013360685924205
0,x_tcsc,1-14,-0.11361562540832322,51,-0.11197782552629418,MAP_SCADA,81,0.0016377998820290424
1,B_svc,2,0.17885922469653856,51,0.18327189465115296,MAP_SCADA,81,0.0044126699546143955
2,UPFC_Vsh,5-15,1.1070689001567269,51,1.1082248726377468,MAP_SCADA,81,0.0011559724810199512
3,UPFC_tsh,5-15,-0.2321065832889006,51,-0.23293119280704588,MAP_SCADA,81,0.0008246095181452806
4,UPFC_Vse,5-15,0.06052340155011435,51,0.05985422912105352,MAP_SCADA,81,0.0006691724290608242
5,UPFC_tse,5-15,-2.1551682308222206,51,-2.1509630278139777,MAP_SCADA,81,0.004205203008242897
0,x_tcsc,1-14,-0.10848351521084021,52,-0.11197782552629418,MAP_SCADA,81,0.003494310315453969
1,B_svc,2,0.19662177475265205,52,0.18327189465115296,MAP_SCADA,81,0.013349880101499095
2,UPFC_Vsh,5-15,1.1078003615348868,52,1.1082248726377468,MAP_SCADA,81,0.0004245111028600146
3,UPFC_tsh,5-15,-0.23401474328945562,52,-0.23293119280704588,MAP_SCADA,81,0.0010835504824097397
4,UPFC_Vse,5-15,0.06035505211035941,52,0.05985422912105352,MAP_SCADA,81,0.0005008229893058852
5,UPFC_tse,5-15,-2.160186956663391,52,-2.1509630278139777,MAP_SCADA,81,0.009223928849413365
0,x_tcsc,1-14,-0.11302618824924493,53,-0.11197782552629418,MAP_SCADA,81,0.001048362722950752
1,B_svc,2,0.1855528678668657,53,0.18327189465115296,MAP_SCADA,81,0.002280973215712745
2,UPFC_Vsh,5-15,1.106401917745756,53,1.1082248726377468,MAP_SCADA,81,0.0018229548919908023
3,UPFC_tsh,5-15,-0.23299677621338608,53,-0.23293119280704588,MAP_SCADA,81,6.558340634019166e-05
4,UPFC_Vse,5-15,0.06025677125495774,53,0.05985422912105352,MAP_SCADA,81,0.00040254213390421983
5,UPFC_tse,5-15,-2.1530014389473546,53,-2.1509630278139777,MAP_SCADA,81,0.002038411133376883
0,x_tcsc,1-14,-0.10992588267449988,54,-0.11197782552629418,MAP_SCADA,81,0.002051942851794303
1,B_svc,2,0.18850845278962525,54,0.18327189465115296,MAP_SCADA,81,0.0052365581384722915
2,UPFC_Vsh,5-15,1.1080263661691967,54,1.1082248726377468,MAP_SCADA,81,0.00019850646855013032
3,UPFC_tsh,5-15,-0.2334353156834582,54,-0.23293119280704588,MAP_SCADA,81,0.0005041228764123273
4,UPFC_Vse,5-15,0.060702502198160174,54,0.05985422912105352,MAP_SCADA,81,0.000848273077106651
5,UPFC_tse,5-15,-2.159140326809645,54,-2.1509630278139777,MAP_SCADA,81,0.008177298995667215
0,x_tcsc,1-14,-0.11090856933726283,55,-0.11197782552629418,MAP_SCADA,81,0.0010692561890313507
1,B_svc,2,0.18390305521965483,55,0.18327189465115296,MAP_SCADA,81,0.0006311605685018762
2,UPFC_Vsh,5-15,1.105779728191416,55,1.1082248726377468,MAP_SCADA,81,0.002445144446330927
3,UPFC_tsh,5-15,-0.23355893281144285,55,-0.23293119280704588,MAP_SCADA,81,0.0006277400043969705
4,UPFC_Vse,5-15,0.06052711291959248,55,0.05985422912105352,MAP_SCADA,81,0.0006728837985389563
5,UPFC_tse,5-15,-2.1596477295296808,55,-2.1509630278139777,MAP_SCADA,81,0.008684701715703014
0,x_tcsc,1-14,-0.11295801478895467,56,-0.11197782552629418,MAP_SCADA,81,0.0009801892626604969
1,B_svc,2,0.18145367109197516,56,0.18327189465115296,MAP_SCADA,81,0.001818223559177795
2,UPFC_Vsh,5-15,1.108183062115895,56,1.1082248726377468,MAP_SCADA,81,4.1810521851815e-05
3,UPFC_tsh,5-15,-0.23276754175977452,56,-0.23293119280704588,MAP_SCADA,81,0.00016365104727136814
4,UPFC_Vse,5-15,0.060201074271315824,56,0.05985422912105352,MAP_SCADA,81,0.000346845150262301
5,UPFC_tse,5-15,-2.1541185297160985,56,-2.1509630278139777,MAP_SCADA,81,0.003155501902120772
0,x_tcsc,1-14,-0.11331549764469787,57,-0.11197782552629418,MAP_SCADA,81,0.0013376721184036877
1,B_svc,2,0.18113549787680508,57,0.18327189465115296,MAP_SCADA,81,0.0021363967743478762
2,UPFC_Vsh,5-15,1.1080297025810695,57,1.1082248726377468,MAP_SCADA,81,0.00019517005667735177
3,UPFC_tsh,5-15,-0.2318175980644757,57,-0.23293119280704588,MAP_SCADA,81,0.0011135947425701953
4,UPFC_Vse,5-15,0.05974123277280337,57,0.05985422912105352,MAP_SCADA,81,0.00011299634825015503
5,UPFC_tse,5-15,-2.1568552925009024,57,-2.1509630278139777,MAP_SCADA,81,0.005892264686924609
0,x_tcsc,1-14,-0.11259592447870835,58,-0.11197782552629418,MAP_SCADA,81,0.0006180989524141728
1,B_svc,2,0.1855124996650732,58,0.18327189465115296,MAP_SCADA,81,0.0022406050139202327
2,UPFC_Vsh,5-15,1.1041639179721214,58,1.1082248726377468,MAP_SCADA,81,0.004060954665625394
3,UPFC_tsh,5-15,-0.2337457779457213,58,-0.23293119280704588,MAP_SCADA,81,0.000814585138675411
4,UPFC_Vse,5-15,0.060641571824637475,58,0.05985422912105352,MAP_SCADA,81,0.0007873427035839514
5,UPFC_tse,5-15,-2.1560231945507224,58,-2.1509630278139777,MAP_SCADA,81,0.005060166736744698
0,x_tcsc,1-14,-0.11286231559448634,59,-0.11197782552629418,MAP_SCADA,81,0.0008844900681921619
1,B_svc,2,0.1817952967432671,59,0.18327189465115296,MAP_SCADA,81,0.001476597907885846
2,UPFC_Vsh,5-15,1.108691902973475,59,1.1082248726377468,MAP_SCADA,81,0.0004670303357281469
3,UPFC_tsh,5-15,-0.23184199738940517,59,-0.23293119280704588,MAP_SCADA,81,0.0010891954176407148
4,UPFC_Vse,5-15,0.060454713383064476,59,0.05985422912105352,MAP_SCADA,81,0.000600484262010953
5,UPFC_tse,5-15,-2.15495703243471,59,-2.1509630278139777,MAP_SCADA,81,0.003994004620732294
0,x_tcsc,1-14,-0.1125451676959699,60,-0.11197782552629418,MAP_SCADA,81,0.0005673421696757164
1,B_svc,2,0.18446213206889514,60,0.18327189465115296,MAP_SCADA,81,0.0011902374177421848
2,UPFC_Vsh,5-15,1.108050671247431,60,1.1082248726377468,MAP_SCADA,81,0.00017420139031587567
3,UPFC_tsh,5-15,-0.2323091987208775,60,-0.23293119280704588,MAP_SCADA,81,0.0006219940861683926
4,UPFC_Vse,5-15,0.06027242282692596,60,0.05985422912105352,MAP_SCADA,81,0.00041819370587243415
5,UPFC_tse,5-15,-2.1526136198908206,60,-2.1509630278139777,MAP_SCADA,81,0.0016505920768428162
0,x_tcsc,1-14,-0.11410481713499057,61,-0.11197782552629418,MAP_SCADA,81,0.0021269916086963936
1,B_svc,2,0.17972519930177294,61,0.18327189465115296,MAP_SCADA,81,0.0035466953493800135
2,UPFC_Vsh,5-15,1.1062344025143551,61,1.1082248726377468,MAP_SCADA,81,0.0019904701233917077
3,UPFC_tsh,5-15,-0.23187134686501007,61,-0.23293119280704588,MAP_SCADA,81,0.0010598459420358142
4,UPFC_Vse,5-15,0.06071318870310169,61,0.05985422912105352,MAP_SCADA,81,0.000858959582048166
5,UPFC_tse,5-15,-2.1542601835848503,61,-2.1509630278139777,MAP_SCADA,81,0.0032971557708725285
0,x_tcsc,1-14,-0.1115933269007217,62,-0.11197782552629418,MAP_SCADA,81,0.0003844986255724797
1,B_svc,2,0.18400213468782292,62,0.18327189465115296,MAP_SCADA,81,0.0007302400366699657
2,UPFC_Vsh,5-15,1.1074571520285303,62,1.1082248726377468,MAP_SCADA,81,0.0007677206092164823
3,UPFC_tsh,5-15,-0.23263168864163766,62,-0.23293119280704588,MAP_SCADA,81,0.0002995041654082209
4,UPFC_Vse,5-15,0.05996998341083485,62,0.05985422912105352,MAP_SCADA,81,0.00011575428978132657
5,UPFC_tse,5-15,-2.1600345054626127,62,-2.1509630278139777,MAP_SCADA,81,0.009071477648634918
0,x_tcsc,1-14,-0.11148815154244913,63,-0.11197782552629418,MAP_SCADA,81,0.0004896739838450431
1,B_svc,2,0.18721449786679403,63,0.18327189465115296,MAP_SCADA,81,0.003942603215641077
2,UPFC_Vsh,5-15,1.1070688856726931,63,1.1082248726377468,MAP_SCADA,81,0.0011559869650537014
3,UPFC_tsh,5-15,-0.23342688662212113,63,-0.23293119280704588,MAP_SCADA,81,0.0004956938150752488
4,UPFC_Vse,5-15,0.05977947534148236,63,0.05985422912105352,MAP_SCADA,81,7.475377957116142e-05
5,UPFC_tse,5-15,-2.1563252483151594,63,-2.1509630278139777,MAP_SCADA,81,0.005362220501181625
0,x_tcsc,1-14,-0.11195724792908147,64,-0.11197782552629418,MAP_SCADA,81,2.057759721270369e-05
1,B_svc,2,0.18532267620046441,64,0.18327189465115296,MAP_SCADA,81,0.002050781549311459
2,UPFC_Vsh,5-15,1.1062982148266969,64,1.1082248726377468,MAP_SCADA,81,0.0019266578110499477
3,UPFC_tsh,5-15,-0.23231828006468574,64,-0.23293119280704588,MAP_SCADA,81,0.0006129127423601388
4,UPFC_Vse,5-15,0.060691859349195215,64,0.05985422912105352,MAP_SCADA,81,0.000837630228141692
5,UPFC_tse,5-15,-2.152693367047146,64,-2.1509630278139777,MAP_SCADA,81,0.0017303392331684542
0,x_tcsc,1-14,-0.11295515105283893,65,-0.11197782552629418,MAP_SCADA,81,0.0009773255265447534
1,B_svc,2,0.18060145943688566,65,0.18327189465115296,MAP_SCADA,81,0.002670435214267297
2,UPFC_Vsh,5-15,1.1078146006483933,65,1.1082248726377468,MAP_SCADA,81,0.0004102719893535056
3,UPFC_tsh,5-15,-0.23209500185534337,65,-0.23293119280704588,MAP_SCADA,81,0.000836190951702509
4,UPFC_Vse,5-15,0.06005942127011483,65,0.05985422912105352,MAP_SCADA,81,0.00020519214906130484
5,UPFC_tse,5-15,-2.152035993257443,65,-2.1509630278139777,MAP_SCADA,81,0.0010729654434653568
0,x_tcsc,1-14,-0.1105648668522165,66,-0.11197782552629418,MAP_SCADA,81,0.0014129586740776745
1,B_svc,2,0.1904464047979305,66,0.18327189465115296,MAP_SCADA,81,0.007174510146777557
2,UPFC_Vsh,5-15,1.108306155074037,66,1.1082248726377468,MAP_SCADA,81,8.128243629013099e-05
3,UPFC_tsh,5-15,-0.23257200768493028,66,-0.23293119280704588,MAP_SCADA,81,0.00035918512211560727
4,UPFC_Vse,5-15,0.06025958607178324,66,0.05985422912105352,MAP_SCADA,81,0.0004053569507297197
5,UPFC_tse,5-15,-2.1546439224482006,66,-2.1509630278139777,MAP_SCADA,81,0.003680894634222831
0,x_tcsc,1-14,-0.11119767728780644,67,-0.11197782552629418,MAP_SCADA,81,0.0007801482384877378
1,B_svc,2,0.18569084335624564,67,0.18327189465115296,MAP_SCADA,81,0.0024189487050926828
2,UPFC_Vsh,5-15,1.106366563748709,67,1.1082248726377468,MAP_SCADA,81,0.0018583088890378185
3,UPFC_tsh,5-15,-0.23386903030465617,67,-0.23293119280704588,MAP_SCADA,81,0.0009378374976102832
4,UPFC_Vse,5-15,0.06056370946115216,67,0.05985422912105352,MAP_SCADA,81,0.0007094803400986352
5,UPFC_tse,5-15,-2.1571921085846038,67,-2.1509630278139777,MAP_SCADA,81,0.006229080770626005
0,x_tcsc,1-14,-0.11483410186228073,68,-0.11197782552629418,MAP_SCADA,81,0.002856276335986549
1,B_svc,2,0.17781365828617798,68,0.18327189465115296,MAP_SCADA,81,0.005458236364974972
2,UPFC_Vsh,5-15,1.106598391691374,68,1.1082248726377468,MAP_SCADA,81,0.0016264809463728547
3,UPFC_tsh,5-15,-0.23154604520573963,68,-0.23293119280704588,MAP_SCADA,81,0.001385147601306258
4,UPFC_Vse,5-15,0.06029084534704604,68,0.05985422912105352,MAP_SCADA,81,0.00043661622599251715
5,UPFC_tse,5-15,-2.154853142467964,68,-2.1509630278139777,MAP_SCADA,81,0.003890114653986032
0,x_tcsc,1-14,-0.11173747291563595,69,-0.11197782552629418,MAP_SCADA,81,0.00024035261065823155
1,B_svc,2,0.18495146124073875,69,0.18327189465115296,MAP_SCADA,81,0.0016795665895857903
2,UPFC_Vsh,5-15,1.1072218108273122,69,1.1082248726377468,MAP_SCADA,81,0.0010030618104346356
3,UPFC_tsh,5-15,-0.23243266776604807,69,-0.23293119280704588,MAP_SCADA,81,0.0004985250409978159
4,UPFC_Vse,5-15,0.05983529988183588,69,0.05985422912105352,MAP_SCADA,81,1.8929239217646554e-05
5,UPFC_tse,5-15,-2.162200479914194,69,-2.1509630278139777,MAP_SCADA,81,0.011237452100216316
0,x_tcsc,1-14,-0.11161295954054895,70,-0.11197782552629418,MAP_SCADA,81,0.00036486598574522744
1,B_svc,2,0.18626377458114451,70,0.18327189465115296,MAP_SCADA,81,0.002991879929991559
2,UPFC_Vsh,5-15,1.1076076388806437,70,1.1082248726377468,MAP_SCADA,81,0.0006172337571030972
3,UPFC_tsh,5-15,-0.23241563686137293,70,-0.23293119280704588,MAP_SCADA,81,0.0005155559456729575
4,UPFC_Vse,5-15,0.0600901778234442,70,0.05985422912105352,MAP_SCADA,81,0.00023594870239068005
5,UPFC_tse,5-15,-2.159739654223675,70,-2.1509630278139777,MAP_SCADA,81,0.00877662640969712
0,x_tcsc,1-14,-0.11023236043321037,71,-0.11197782552629418,MAP_SCADA,81,0.0017454650930838062
1,B_svc,2,0.18490639389636032,71,0.18327189465115296,MAP_SCADA,81,0.001634499245207366
2,UPFC_Vsh,5-15,1.1080515269839228,71,1.1082248726377468,MAP_SCADA,81,0.00017334565382398637
3,UPFC_tsh,5-15,-0.23367155568450076,71,-0.23293119280704588,MAP_SCADA,81,0.0007403628774548809
4,UPFC_Vse,5-15,0.05956459850884551,71,0.05985422912105352,MAP_SCADA,81,0.0002896306122080125
5,UPFC_tse,5-15,-2.1603199827972,71,-2.1509630278139777,MAP_SCADA,81,0.009356954983222199
0,x_tcsc,1-14,-0.11481364685907605,72,-0.11197782552629418,MAP_SCADA,81,0.0028358213327818738
1,B_svc,2,0.1740477843073324,72,0.18327189465115296,MAP_SCADA,81,0.009224110343820563
2,UPFC_Vsh,5-15,1.1093478133268266,72,1.1082248726377468,MAP_SCADA,81,0.00112294068907981
3,UPFC_tsh,5-15,-0.23031014743099787,72,-0.23293119280704588,MAP_SCADA,81,0.0026210453760480146
4,UPFC_Vse,5-15,0.060376298368476404,72,0.05985422912105352,MAP_SCADA,81,0.0005220692474228808
5,UPFC_tse,5-15,-2.152526010071022,72,-2.1509630278139777,MAP_SCADA,81,0.0015629822570444318
0,x_tcsc,1-14,-0.11119939553174198,73,-0.11197782552629418,MAP_SCADA,81,0.0007784299945522016
1,B_svc,2,0.18238211869777293,73,0.18327189465115296,MAP_SCADA,81,0.0008897759533800231
2,UPFC_Vsh,5-15,1.1078410496521713,73,1.1082248726377468,MAP_SCADA,81,0.0003838229855754882
3,UPFC_tsh,5-15,-0.23244182663890925,73,-0.23293119280704588,MAP_SCADA,81,0.0004893661681366346
4,UPFC_Vse,5-15,0.060123430715658725,73,0.05985422912105352,MAP_SCADA,81,0.00026920159460520204
5,UPFC_tse,5-15,-2.154635166458868,73,-2.1509630278139777,MAP_SCADA,81,0.0036721386448901328
0,x_tcsc,1-14,-0.11245131488496514,74,-0.11197782552629418,MAP_SCADA,81,0.00047348935867096154
1,B_svc,2,0.18306689732739356,74,0.18327189465115296,MAP_SCADA,81,0.00020499732375939272
2,UPFC_Vsh,5-15,1.1060877669311164,74,1.1082248726377468,MAP_SCADA,81,0.0021371057066303933
3,UPFC_tsh,5-15,-0.23225569221922024,74,-0.23293119280704588,MAP_SCADA,81,0.0006755005878256448
4,UPFC_Vse,5-15,0.06060816821702223,74,0.05985422912105352,MAP_SCADA,81,0.0007539390959687073
5,UPFC_tse,5-15,-2.1530639197953803,74,-2.1509630278139777,MAP_SCADA,81,0.0021008919814025084
0,x_tcsc,1-14,-0.11266851956063793,75,-0.11197782552629418,MAP_SCADA,81,0.0006906940343437556
1,B_svc,2,0.17942389982839835,75,0.18327189465115296,MAP_SCADA,81,0.003847994822754608
2,UPFC_Vsh,5-15,1.1060512896544898,75,1.1082248726377468,MAP_SCADA,81,0.002173582983256983
3,UPFC_tsh,5-15,-0.2321833929982741,75,-0.23293119280704588,MAP_SCADA,81,0.000747799808771793
4,UPFC_Vse,5-15,0.0603953238342974,75,0.05985422912105352,MAP_SCADA,81,0.0005410947132438795
5,UPFC_tse,5-15,-2.156912981216897,75,-2.1509630278139777,MAP_SCADA,81,0.005949953402919039
0,x_tcsc,1-14,-0.11320542384235198,76,-0.11197782552629418,MAP_SCADA,81,0.0012275983160578013
1,B_svc,2,0.17986454173726527,76,0.18327189465115296,MAP_SCADA,81,0.00340735291388769
2,UPFC_Vsh,5-15,1.107140576441596,76,1.1082248726377468,MAP_SCADA,81,0.0010842961961508024
3,UPFC_tsh,5-15,-0.2321309439923157,76,-0.23293119280704588,MAP_SCADA,81,0.0008002488147301756
4,UPFC_Vse,5-15,0.06060513321190883,76,0.05985422912105352,MAP_SCADA,81,0.0007509040908553061
5,UPFC_tse,5-15,-2.154545901987454,76,-2.1509630278139777,MAP_SCADA,81,0.003582874173476469
0,x_tcsc,1-14,-0.11027983805247656,77,-0.11197782552629418,MAP_SCADA,81,0.001697987473817622
1,B_svc,2,0.19039840003568215,77,0.18327189465115296,MAP_SCADA,81,0.0071265053845291915
2,UPFC_Vsh,5-15,1.1060914983424281,77,1.1082248726377468,MAP_SCADA,81,0.0021333742953186796
3,UPFC_tsh,5-15,-0.23354511247093693,77,-0.23293119280704588,MAP_SCADA,81,0.0006139196638910438
4,UPFC_Vse,5-15,0.06064689698951932,77,0.05985422912105352,MAP_SCADA,81,0.0007926678684657962
5,UPFC_tse,5-15,-2.163946771282591,77,-2.1509630278139777,MAP_SCADA,81,0.012983743468613085
0,x_tcsc,1-14,-0.11238909219532701,78,-0.11197782552629418,MAP_SCADA,81,0.0004112666690328365
1,B_svc,2,0.18583281855938802,78,0.18327189465115296,MAP_SCADA,81,0.0025609239082350632
2,UPFC_Vsh,5-15,1.1047114060882188,78,1.1082248726377468,MAP_SCADA,81,0.0035134665495279993
3,UPFC_tsh,5-15,-0.23331161314458537,78,-0.23293119280704588,MAP_SCADA,81,0.0003804203375394888
4,UPFC_Vse,5-15,0.060731876001881645,78,0.05985422912105352,MAP_SCADA,81,0.0008776468808281215
5,UPFC_tse,5-15,-2.1574975209251144,78,-2.1509630278139777,MAP_SCADA,81,0.00653449311113663
0,x_tcsc,1-14,-0.11227674867262306,79,-0.11197782552629418,MAP_SCADA,81,0.00029892314632888606
1,B_svc,2,0.17798850759682364,79,0.18327189465115296,MAP_SCADA,81,0.005283387054329319
2,UPFC_Vsh,5-15,1.1091646776389321,79,1.1082248726377468,MAP_SCADA,81,0.0009398050011852899
3,UPFC_tsh,5-15,-0.2318079257618266,79,-0.23293119280704588,MAP_SCADA,81,0.0011232670452192839
4,UPFC_Vse,5-15,0.0602518094619551,79,0.05985422912105352,MAP_SCADA,81,0.00039758034090157934
5,UPFC_tse,5-15,-2.1581915717638798,79,-2.1509630278139777,MAP_SCADA,81,0.007228543949902022
0,x_tcsc,1-14,-0.1103069614975914,80,-0.11197782552629418,MAP_SCADA,81,0.0016708640287027843
1,B_svc,2,0.1855188842432045,80,0.18327189465115296,MAP_SCADA,81,0.0022469895920515515
2,UPFC_Vsh,5-15,1.1082246409705168,80,1.1082248726377468,MAP_SCADA,81,2.3166723006617929e-07
3,UPFC_tsh,5-15,-0.23237219805571732,80,-0.23293119280704588,MAP_SCADA,81,0.000558994751328562
4,UPFC_Vse,5-15,0.06017729077889988,80,0.05985422912105352,MAP_SCADA,81,0.0003230616578463602
5,UPFC_tse,5-15,-2.1579965052878802,80,-2.1509630278139777,MAP_SCADA,81,0.007033477473902483
0,x_tcsc,1-14,-0.11484420222689054,81,-0.11197782552629418,MAP_SCADA,81,0.0028663767005963625
1,B_svc,2,0.17324317502602474,81,0.18327189465115296,MAP_SCADA,81,0.010028719625128218
2,UPFC_Vsh,5-15,1.107767203557404,81,1.1082248726377468,MAP_SCADA,81,0.0004576690803428374
3,UPFC_tsh,5-15,-0.23072723953847235,81,-0.23293119280704588,MAP_SCADA,81,0.002203953268573533
4,UPFC_Vse,5-15,0.060976563935023265,81,0.05985422912105352,MAP_SCADA,81,0.0011223348139697414
5,UPFC_tse,5-15,-2.149647198018337,81,-2.1509630278139777,MAP_SCADA,81,0.0013158297956405995
0,x_tcsc,1-14,-0.11180805607061052,82,-0.11197782552629418,MAP_SCADA,81,0.00016976945568365764
1,B_svc,2,0.18178182354392003,82,0.18327189465115296,MAP_SCADA,81,0.0014900711072329265
2,UPFC_Vsh,5-15,1.1089313718683742,82,1.1082248726377468,MAP_SCADA,81,0.0007064992306273776
3,UPFC_tsh,5-15,-0.2325040165114551,82,-0.23293119280704588,MAP_SCADA,81,0.0004271762955907754
4,UPFC_Vse,5-15,0.059750170374855985,82,0.05985422912105352,MAP_SCADA,81,0.00010405874619753841
5,UPFC_tse,5-15,-2.157267769739594,82,-2.1509630278139777,MAP_SCADA,81,0.006304741925616142
0,x_tcsc,1-14,-0.11196594835243269,83,-0.11197782552629418,MAP_SCADA,81,1.1877173861488122e-05
1,B_svc,2,0.18358007288343284,83,0.18327189465115296,MAP_SCADA,81,0.00030817823227988206
2,UPFC_Vsh,5-15,1.1066161622964277,83,1.1082248726377468,MAP_SCADA,81,0.0016087103413191528
3,UPFC_tsh,5-15,-0.2338622644581635,83,-0.23293119280704588,MAP_SCADA,81,0.0009310716511176098
4,UPFC_Vse,5-15,0.060341497574501454,83,0.05985422912105352,MAP_SCADA,81,0.000487268453447931
5,UPFC_tse,5-15,-2.1576262979870653,83,-2.1509630278139777,MAP_SCADA,81,0.006663270173087543
0,x_tcsc,1-14,-0.11242372645679247,84,-0.11197782552629418,MAP_SCADA,81,0.0004459009304982886
1,B_svc,2,0.181063038342786,84,0.18327189465115296,MAP_SCADA,81,0.002208856308366952
2,UPFC_Vsh,5-15,1.1081734188444792,84,1.1082248726377468,MAP_SCADA,81,5.145379326765287e-05
3,UPFC_tsh,5-15,-0.23205042242021406,84,-0.23293119280704588,MAP_SCADA,81,0.0008807703868318195
4,UPFC_Vse,5-15,0.060297588621276065,84,0.05985422912105352,MAP_SCADA,81,0.0004433595002225413
5,UPFC_tse,5-15,-2.1552974337286637,84,-2.1509630278139777,MAP_SCADA,81,0.004334405914685924
0,x_tcsc,1-14,-0.11184343666634057,85,-0.11197782552629418,MAP_SCADA,81,0.0001343888599536075
1,B_svc,2,0.18561959631485753,85,0.18327189465115296,MAP_SCADA,81,0.002347701663704571
2,UPFC_Vsh,5-15,1.1067012175816726,85,1.1082248726377468,MAP_SCADA,81,0.0015236550560742135
3,UPFC_tsh,5-15,-0.23200039920807386,85,-0.23293119280704588,MAP_SCADA,81,0.000930793598972024
4,UPFC_Vse,5-15,0.060508485515277884,85,0.05985422912105352,MAP_SCADA,81,0.0006542563942243604
5,UPFC_tse,5-15,-2.156137188259973,85,-2.1509630278139777,MAP_SCADA,81,0.0051741604459953905
0,x_tcsc,1-14,-0.11364135301624523,86,-0.11197782552629418,MAP_SCADA,81,0.00166352748995105
1,B_svc,2,0.1821219783944858,86,0.18327189465115296,MAP_SCADA,81,0.0011499162566671606
2,UPFC_Vsh,5-15,1.107820798130156,86,1.1082248726377468,MAP_SCADA,81,0.00040407450759083474
3,UPFC_tsh,5-15,-0.2322128959487655,86,-0.23293119280704588,MAP_SCADA,81,0.0007182968582803706
4,UPFC_Vse,5-15,0.060660300434416836,86,0.05985422912105352,MAP_SCADA,81,0.000806071313363313
5,UPFC_tse,5-15,-2.1513489737161597,86,-2.1509630278139777,MAP_SCADA,81,0.0003859459021819944
0,x_tcsc,1-14,-0.11243275414694069,87,-0.11197782552629418,MAP_SCADA,81,0.0004549286206465136
1,B_svc,2,0.18119025313673967,87,0.18327189465115296,MAP_SCADA,81,0.002081641514413285
2,UPFC_Vsh,5-15,1.1088940270782162,87,1.1082248726377468,MAP_SCADA,81,0.0006691544404693328
3,UPFC_tsh,5-15,-0.2316124266592611,87,-0.23293119280704588,MAP_SCADA,81,0.0013187661477847834
4,UPFC_Vse,5-15,0.060193264965839675,87,0.05985422912105352,MAP_SCADA,81,0.0003390358447861522
5,UPFC_tse,5-15,-2.1547446105680494,87,-2.1509630278139777,MAP_SCADA,81,0.0037815827540716995
0,x_tcsc,1-14,-0.1117050885844963,88,-0.11197782552629418,MAP_SCADA,81,0.00027273694179787145
1,B_svc,2,0.18225177768878625,88,0.18327189465115296,MAP_SCADA,81,0.0010201169623667017
2,UPFC_Vsh,5-15,1.1091187232902788,88,1.1082248726377468,MAP_SCADA,81,0.0008938506525320022
3,UPFC_tsh,5-15,-0.23202232715977783,88,-0.23293119280704588,MAP_SCADA,81,0.0009088656472680534
4,UPFC_Vse,5-15,0.060376671714547456,88,0.05985422912105352,MAP_SCADA,81,0.0005224425934939325
5,UPFC_tse,5-15,-2.162073760045472,88,-2.1509630278139777,MAP_SCADA,81,0.011110732231494058
0,x_tcsc,1-14,-0.11379815943239346,89,-0.11197782552629418,MAP_SCADA,81,0.0018203339060992862
1,B_svc,2,0.1805462804774064,89,0.18327189465115296,MAP_SCADA,81,0.00272561417374656
2,UPFC_Vsh,5-15,1.1080653754934764,89,1.1082248726377468,MAP_SCADA,81,0.00015949714427043737
3,UPFC_tsh,5-15,-0.2315678341219605,89,-0.23293119280704588,MAP_SCADA,81,0.0013633586850853863
4,UPFC_Vse,5-15,0.060031095941406064,89,0.05985422912105352,MAP_SCADA,81,0.0001768668203525406
5,UPFC_tse,5-15,-2.159275756025949,89,-2.1509630278139777,MAP_SCADA,81,0.008312728211971265
0,x_tcsc,1-14,-0.11269324663045342,90,-0.11197782552629418,MAP_SCADA,81,0.0007154211041592445
1,B_svc,2,0.1821197549092243,90,0.18327189465115296,MAP_SCADA,81,0.0011521397419286539
2,UPFC_Vsh,5-15,1.1062962965124052,90,1.1082248726377468,MAP_SCADA,81,0.0019285761253415856
3,UPFC_tsh,5-15,-0.23417220359261745,90,-0.23293119280704588,MAP_SCADA,81,0.0012410107855715669
4,UPFC_Vse,5-15,0.060051107680717156,90,0.05985422912105352,MAP_SCADA,81,0.00019687855966363244
5,UPFC_tse,5-15,-2.157194858291217,90,-2.1509630278139777,MAP_SCADA,81,0.006231830477239075
0,x_tcsc,1-14,-0.11164315453934559,91,-0.11197782552629418,MAP_SCADA,81,0.00033467098694858755
1,B_svc,2,0.18654973269484112,91,0.18327189465115296,MAP_SCADA,81,0.0032778380436881693
2,UPFC_Vsh,5-15,1.1068988496328513,91,1.1082248726377468,MAP_SCADA,81,0.0013260230048954824
3,UPFC_tsh,5-15,-0.23361650316009025,91,-0.23293119280704588,MAP_SCADA,81,0.000685310353044366
4,UPFC_Vse,5-15,0.060603644534026314,91,0.05985422912105352,MAP_SCADA,81,0.0007494154129727912
5,UPFC_tse,5-15,-2.1555270160668036,91,-2.1509630278139777,MAP_SCADA,81,0.00456398825282589
0,x_tcsc,1-14,-0.11320362379910998,92,-0.11197782552629418,MAP_SCADA,81,0.001225798272815798
1,B_svc,2,0.1817882088694763,92,0.18327189465115296,MAP_SCADA,81,0.0014836857816766524
2,UPFC_Vsh,5-15,1.1076439408886294,92,1.1082248726377468,MAP_SCADA,81,0.0005809317491174415
3,UPFC_tsh,5-15,-0.23202215347050792,92,-0.23293119280704588,MAP_SCADA,81,0.0009090393365379645
4,UPFC_Vse,5-15,0.06037604036313058,92,0.05985422912105352,MAP_SCADA,81,0.0005218112420770568
5,UPFC_tse,5-15,-2.158383119696829,92,-2.1509630278139777,MAP_SCADA,81,0.00742009188285131
0,x_tcsc,1-14,-0.10898873491513596,93,-0.11197782552629418,MAP_SCADA,81,0.002989090611158221
1,B_svc,2,0.19068847968051864,93,0.18327189465115296,MAP_SCADA,81,0.00741658502936568
2,UPFC_Vsh,5-15,1.1066670030248402,93,1.1082248726377468,MAP_SCADA,81,0.0015578696129066039
3,UPFC_tsh,5-15,-0.23438533687847693,93,-0.23293119280704588,MAP_SCADA,81,0.001454144071431046
4,UPFC_Vse,5-15,0.06075473700274517,93,0.05985422912105352,MAP_SCADA,81,0.0009005078816916451
5,UPFC_tse,5-15,-2.1592122319698612,93,-2.1509630278139777,MAP_SCADA,81,0.008249204155883483
0,x_tcsc,1-14,-0.11178711151202753,94,-0.11197782552629418,MAP_SCADA,81,0.0001907140142666519
1,B_svc,2,0.1862241898982063,94,0.18327189465115296,MAP_SCADA,81,0.0029522952470533437
2,UPFC_Vsh,5-15,1.1073746068132924,94,1.1082248726377468,MAP_SCADA,81,0.0008502658244544659
3,UPFC_tsh,5-15,-0.23271118962076062,94,-0.23293119280704588,MAP_SCADA,81,0.0002200031862852614
4,UPFC_Vse,5-15,0.05974367351699315,94,0.05985422912105352,MAP_SCADA,81,0.0001105556040603764
5,UPFC_tse,5-15,-2.1591837303616974,94,-2.1509630278139777,MAP_SCADA,81,0.008220702547719672
0,x_tcsc,1-14,-0.11281811211419954,95,-0.11197782552629418,MAP_SCADA,81,0.0008402865879053589
1,B_svc,2,0.1798423535605849,95,0.18327189465115296,MAP_SCADA,81,0.0034295410905680612
2,UPFC_Vsh,5-15,1.1107640975000732,95,1.1082248726377468,MAP_SCADA,81,0.0025392248623263836
3,UPFC_tsh,5-15,-0.23130359362426886,95,-0.23293119280704588,MAP_SCADA,81,0.001627599182777023
4,UPFC_Vse,5-15,0.060407635714608096,95,0.05985422912105352,MAP_SCADA,81,0.0005534065935545729
5,UPFC_tse,5-15,-2.15105994964005,95,-2.1509630278139777,MAP_SCADA,81,9.692182607246025e-05
0,x_tcsc,1-14,-0.11195570137059803,96,-0.11197782552629418,MAP_SCADA,81,2.2124155696148784e-05
1,B_svc,2,0.18764742666765016,96,0.18327189465115296,MAP_SCADA,81,0.004375532016497208
2,UPFC_Vsh,5-15,1.109255661757014,96,1.1082248726377468,MAP_SCADA,81,0.0010307891192671281
3,UPFC_tsh,5-15,-0.23200538249675867,96,-0.23293119280704588,MAP_SCADA,81,0.0009258103102872117
4,UPFC_Vse,5-15,0.06062835131201776,96,0.05985422912105352,MAP_SCADA,81,0.0007741221909642396
5,UPFC_tse,5-15,-2.1573787027016547,96,-2.1509630278139777,MAP_SCADA,81,0.006415674887676914
0,x_tcsc,1-14,-0.11174140659467031,97,-0.11197782552629418,MAP_SCADA,81,0.00023641893162386352
1,B_svc,2,0.18426488750022654,97,0.18327189465115296,MAP_SCADA,81,0.0009929928490735873
2,UPFC_Vsh,5-15,1.108756821574409,97,1.1082248726377468,MAP_SCADA,81,0.0005319489366621966
3,UPFC_tsh,5-15,-0.23306784874770028,97,-0.23293119280704588,MAP_SCADA,81,0.000136655940654401
4,UPFC_Vse,5-15,0.059787575256518455,97,0.05985422912105352,MAP_SCADA,81,6.665386453506839e-05
5,UPFC_tse,5-15,-2.1580555421623253,97,-2.1509630278139777,MAP_SCADA,81,0.007092514348347567
0,x_tcsc,1-14,-0.11246565688486991,98,-0.11197782552629418,MAP_SCADA,81,0.0004878313585757327
1,B_svc,2,0.18285318023999722,98,0.18327189465115296,MAP_SCADA,81,0.00041871441115573504
2,UPFC_Vsh,5-15,1.109484306840395,98,1.1082248726377468,MAP_SCADA,81,0.0012594342026481797
3,UPFC_tsh,5-15,-0.23208286556886998,98,-0.23293119280704588,MAP_SCADA,81,0.0008483272381759055
4,UPFC_Vse,5-15,0.0605315567883521,98,0.05985422912105352,MAP_SCADA,81,0.0006773276672985759
5,UPFC_tse,5-15,-2.1553071214667407,98,-2.1509630278139777,MAP_SCADA,81,0.004344093652763004
0,x_tcsc,1-14,-0.1137018084065269,99,-0.11197782552629418,MAP_SCADA,81,0.001723982880232719
1,B_svc,2,0.17857495229728937,99,0.18327189465115296,MAP_SCADA,81,0.004696942353863587
2,UPFC_Vsh,5-15,1.1088238971653452,99,1.1082248726377468,MAP_SCADA,81,0.000599024527598413
3,UPFC_tsh,5-15,-0.23186387590410268,99,-0.23293119280704588,MAP_SCADA,81,0.001067316902943205
4,UPFC_Vse,5-15,0.06031676127760777,99,0.05985422912105352,MAP_SCADA,81,0.0004625321565542434
5,UPFC_tse,5-15,-2.153187140622384,99,-2.1509630278139777,MAP_SCADA,81,0.0022241128084061756
0,x_tcsc,1-14,-0.1089531511781327,0,-0.11343766201860646,MAP_SCADA,83,0.004484510840473757
1,B_svc,2,0.1897935387956435,0,0.18585459451092773,MAP_SCADA,83,0.0039389442847157785
2,UPFC_Vsh,5-15,1.1087431100620921,0,1.107960640615965,MAP_SCADA,83,0.0007824694461271431
3,UPFC_tsh,5-15,-0.23330975381613128,0,-0.23175616849637212,MAP_SCADA,83,0.0015535853197591598
4,UPFC_Vse,5-15,0.059910786553985726,0,0.05934732149219731,MAP_SCADA,83,0.0005634650617884138
5,UPFC_tse,5-15,-2.1617541252362744,0,-2.14593070102627,MAP_SCADA,83,0.0158234242100046
0,x_tcsc,1-14,-0.111586134031699,1,-0.11343766201860646,MAP_SCADA,83,0.0018515279869074641
1,B_svc,2,0.18277825912481013,1,0.18585459451092773,MAP_SCADA,83,0.0030763353861175957
2,UPFC_Vsh,5-15,1.1082234287991541,1,1.107960640615965,MAP_SCADA,83,0.0002627881831891443
3,UPFC_tsh,5-15,-0.23190643054264615,1,-0.23175616849637212,MAP_SCADA,83,0.0001502620462740245
4,UPFC_Vse,5-15,0.06059477305551764,1,0.05934732149219731,MAP_SCADA,83,0.0012474515633203245
5,UPFC_tse,5-15,-2.1540585190564276,1,-2.14593070102627,MAP_SCADA,83,0.00812781803015783
0,x_tcsc,1-14,-0.11211395804478234,2,-0.11343766201860646,MAP_SCADA,83,0.001323703973824114
1,B_svc,2,0.1868625727668949,2,0.18585459451092773,MAP_SCADA,83,0.0010079782559671846
2,UPFC_Vsh,5-15,1.1067411309471762,2,1.107960640615965,MAP_SCADA,83,0.0012195096687888096
3,UPFC_tsh,5-15,-0.2331739941656229,2,-0.23175616849637212,MAP_SCADA,83,0.0014178256692507774
4,UPFC_Vse,5-15,0.0609363740875178,2,0.05934732149219731,MAP_SCADA,83,0.0015890525953204879
5,UPFC_tse,5-15,-2.152871154024673,2,-2.14593070102627,MAP_SCADA,83,0.006940452998403401
0,x_tcsc,1-14,-0.11285742257812492,3,-0.11343766201860646,MAP_SCADA,83,0.0005802394404815364
1,B_svc,2,0.18539429171333982,3,0.18585459451092773,MAP_SCADA,83,0.00046030279758790815
2,UPFC_Vsh,5-15,1.1081386969229026,3,1.107960640615965,MAP_SCADA,83,0.00017805630693756846
3,UPFC_tsh,5-15,-0.2324863078339946,3,-0.23175616849637212,MAP_SCADA,83,0.0007301393376224763
4,UPFC_Vse,5-15,0.06048900561970597,3,0.05934732149219731,MAP_SCADA,83,0.0011416841275086603
5,UPFC_tse,5-15,-2.1551872012743307,3,-2.14593070102627,MAP_SCADA,83,0.009256500248060906
0,x_tcsc,1-14,-0.11231476988244248,4,-0.11343766201860646,MAP_SCADA,83,0.0011228921361639832
1,B_svc,2,0.18572521980578321,4,0.18585459451092773,MAP_SCADA,83,0.00012937470514451377
2,UPFC_Vsh,5-15,1.1056512600233495,4,1.107960640615965,MAP_SCADA,83,0.0023093805926155397
3,UPFC_tsh,5-15,-0.2338904834461942,4,-0.23175616849637212,MAP_SCADA,83,0.0021343149498220804
4,UPFC_Vse,5-15,0.060121854908355796,4,0.05934732149219731,MAP_SCADA,83,0.0007745334161584835
5,UPFC_tse,5-15,-2.1592578402365357,4,-2.14593070102627,MAP_SCADA,83,0.013327139210265848
0,x_tcsc,1-14,-0.11178525041785418,5,-0.11343766201860646,MAP_SCADA,83,0.0016524116007522738
1,B_svc,2,0.18343692280570392,5,0.18585459451092773,MAP_SCADA,83,0.002417671705223806
2,UPFC_Vsh,5-15,1.109880077816995,5,1.107960640615965,MAP_SCADA,83,0.0019194372010300498
3,UPFC_tsh,5-15,-0.2309144059831098,5,-0.23175616849637212,MAP_SCADA,83,0.0008417625132623174
4,UPFC_Vse,5-15,0.0603194722178149,5,0.05934732149219731,MAP_SCADA,83,0.0009721507256175849
5,UPFC_tse,5-15,-2.155318859766885,5,-2.14593070102627,MAP_SCADA,83,0.009388158740615271
0,x_tcsc,1-14,-0.11333459791028293,6,-0.11343766201860646,MAP_SCADA,83,0.00010306410832353063
1,B_svc,2,0.18041966252582461,6,0.18585459451092773,MAP_SCADA,83,0.005434931985103114
2,UPFC_Vsh,5-15,1.1072648590523495,6,1.107960640615965,MAP_SCADA,83,0.000695781563615494
3,UPFC_tsh,5-15,-0.23253037627372858,6,-0.23175616849637212,MAP_SCADA,83,0.000774207777356456
4,UPFC_Vse,5-15,0.0600837156301815,6,0.05934732149219731,MAP_SCADA,83,0.0007363941379841879
5,UPFC_tse,5-15,-2.1559922176239676,6,-2.14593070102627,MAP_SCADA,83,0.010061516597697828
0,x_tcsc,1-14,-0.11436276256544746,7,-0.11343766201860646,MAP_SCADA,83,0.0009251005468410012
1,B_svc,2,0.17578589143797024,7,0.18585459451092773,MAP_SCADA,83,0.010068703072957486
2,UPFC_Vsh,5-15,1.1090257321918613,7,1.107960640615965,MAP_SCADA,83,0.001065091575896293
3,UPFC_tsh,5-15,-0.230752004160547,7,-0.23175616849637212,MAP_SCADA,83,0.0010041643358251195
4,UPFC_Vse,5-15,0.06009782334247497,7,0.05934732149219731,MAP_SCADA,83,0.0007505018502776545
5,UPFC_tse,5-15,-2.1532896030355704,7,-2.14593070102627,MAP_SCADA,83,0.007358902009300561
0,x_tcsc,1-14,-0.11346472153441553,8,-0.11343766201860646,MAP_SCADA,83,2.7059515809071955e-05
1,B_svc,2,0.18048286210943015,8,0.18585459451092773,MAP_SCADA,83,0.005371732401497575
2,UPFC_Vsh,5-15,1.108480483695338,8,1.107960640615965,MAP_SCADA,83,0.000519843079372917
3,UPFC_tsh,5-15,-0.23109403596665595,8,-0.23175616849637212,MAP_SCADA,83,0.0006621325297161695
4,UPFC_Vse,5-15,0.05989475052534988,8,0.05934732149219731,MAP_SCADA,83,0.0005474290331525661
5,UPFC_tse,5-15,-2.153008952867411,8,-2.14593070102627,MAP_SCADA,83,0.007078251841141192
0,x_tcsc,1-14,-0.11177440719091994,9,-0.11343766201860646,MAP_SCADA,83,0.0016632548276865194
1,B_svc,2,0.18671012434317674,9,0.18585459451092773,MAP_SCADA,83,0.0008555298322490135
2,UPFC_Vsh,5-15,1.1037795807258335,9,1.107960640615965,MAP_SCADA,83,0.004181059890131511
3,UPFC_tsh,5-15,-0.23448940288511175,9,-0.23175616849637212,MAP_SCADA,83,0.002733234388739625
4,UPFC_Vse,5-15,0.06104008593960212,9,0.05934732149219731,MAP_SCADA,83,0.001692764447404807
5,UPFC_tse,5-15,-2.1543496412886083,9,-2.14593070102627,MAP_SCADA,83,0.00841894026233847
0,x_tcsc,1-14,-0.11194494997492009,10,-0.11343766201860646,MAP_SCADA,83,0.0014927120436863672
1,B_svc,2,0.18561780207658218,10,0.18585459451092773,MAP_SCADA,83,0.0002367924343455452
2,UPFC_Vsh,5-15,1.1077955580647714,10,1.107960640615965,MAP_SCADA,83,0.00016508255119362936
3,UPFC_tsh,5-15,-0.23357350457639295,10,-0.23175616849637212,MAP_SCADA,83,0.001817336080020826
4,UPFC_Vse,5-15,0.06104911978819504,10,0.05934732149219731,MAP_SCADA,83,0.0017017982959977307
5,UPFC_tse,5-15,-2.1542087215643924,10,-2.14593070102627,MAP_SCADA,83,0.008278020538122544
0,x_tcsc,1-14,-0.11144691933862402,11,-0.11343766201860646,MAP_SCADA,83,0.001990742679982435
1,B_svc,2,0.18733135995158337,11,0.18585459451092773,MAP_SCADA,83,0.0014767654406556419
2,UPFC_Vsh,5-15,1.106233756598256,11,1.107960640615965,MAP_SCADA,83,0.0017268840177089295
3,UPFC_tsh,5-15,-0.23400144609007603,11,-0.23175616849637212,MAP_SCADA,83,0.0022452775937039093
4,UPFC_Vse,5-15,0.06022611964382545,11,0.05934732149219731,MAP_SCADA,83,0.0008787981516281407
5,UPFC_tse,5-15,-2.15561983957537,11,-2.14593070102627,MAP_SCADA,83,0.00968913854910003
0,x_tcsc,1-14,-0.11335974657529489,12,-0.11343766201860646,MAP_SCADA,83,7.791544331156586e-05
1,B_svc,2,0.18052980160149132,12,0.18585459451092773,MAP_SCADA,83,0.00532479290943641
2,UPFC_Vsh,5-15,1.1072101395226248,12,1.107960640615965,MAP_SCADA,83,0.0007505010933401834
3,UPFC_tsh,5-15,-0.23235149981375186,12,-0.23175616849637212,MAP_SCADA,83,0.0005953313173797381
4,UPFC_Vse,5-15,0.06105168575186966,12,0.05934732149219731,MAP_SCADA,83,0.001704364259672346
5,UPFC_tse,5-15,-2.1503334819797124,12,-2.14593070102627,MAP_SCADA,83,0.004402780953442598
0,x_tcsc,1-14,-0.11211623931164033,13,-0.11343766201860646,MAP_SCADA,83,0.0013214227069661272
1,B_svc,2,0.18705823005723368,13,0.18585459451092773,MAP_SCADA,83,0.0012036355463059534
2,UPFC_Vsh,5-15,1.1059065780904005,13,1.107960640615965,MAP_SCADA,83,0.002054062525564504
3,UPFC_tsh,5-15,-0.23398759186968957,13,-0.23175616849637212,MAP_SCADA,83,0.0022314233733174427
4,UPFC_Vse,5-15,0.06032973274826177,13,0.05934732149219731,MAP_SCADA,83,0.0009824112560644568
5,UPFC_tse,5-15,-2.1569813122485124,13,-2.14593070102627,MAP_SCADA,83,0.011050611222242601
0,x_tcsc,1-14,-0.1137714289763915,14,-0.11343766201860646,MAP_SCADA,83,0.00033376695778504495
1,B_svc,2,0.1830696590076973,14,0.18585459451092773,MAP_SCADA,83,0.002784935503230418
2,UPFC_Vsh,5-15,1.1082720687885226,14,1.107960640615965,MAP_SCADA,83,0.0003114281725575818
3,UPFC_tsh,5-15,-0.23205392329338764,14,-0.23175616849637212,MAP_SCADA,83,0.0002977547970155203
4,UPFC_Vse,5-15,0.060411104500337556,14,0.05934732149219731,MAP_SCADA,83,0.0010637830081402441
5,UPFC_tse,5-15,-2.1558802644963175,14,-2.14593070102627,MAP_SCADA,83,0.009949563470047718
0,x_tcsc,1-14,-0.11331493961116607,15,-0.11343766201860646,MAP_SCADA,83,0.00012272240744039264
1,B_svc,2,0.1800813984044449,15,0.18585459451092773,MAP_SCADA,83,0.005773196106482831
2,UPFC_Vsh,5-15,1.107314408698073,15,1.107960640615965,MAP_SCADA,83,0.0006462319178919262
3,UPFC_tsh,5-15,-0.23205643090968373,15,-0.23175616849637212,MAP_SCADA,83,0.00030026241331160275
4,UPFC_Vse,5-15,0.059873090964751116,15,0.05934732149219731,MAP_SCADA,83,0.000525769472553804
5,UPFC_tse,5-15,-2.155007128440672,15,-2.14593070102627,MAP_SCADA,83,0.0090764274144024
0,x_tcsc,1-14,-0.1122306884762184,16,-0.11343766201860646,MAP_SCADA,83,0.001206973542388065
1,B_svc,2,0.18775249902392893,16,0.18585459451092773,MAP_SCADA,83,0.0018979045130012029
2,UPFC_Vsh,5-15,1.1049647892610377,16,1.107960640615965,MAP_SCADA,83,0.0029958513549273036
3,UPFC_tsh,5-15,-0.2330079098466535,16,-0.23175616849637212,MAP_SCADA,83,0.0012517413502813879
4,UPFC_Vse,5-15,0.06113724250918414,16,0.05934732149219731,MAP_SCADA,83,0.0017899210169868285
5,UPFC_tse,5-15,-2.157423881875138,16,-2.14593070102627,MAP_SCADA,83,0.011493180848868079
0,x_tcsc,1-14,-0.11263036020353481,17,-0.11343766201860646,MAP_SCADA,83,0.0008073018150716454
1,B_svc,2,0.1817837233928617,17,0.18585459451092773,MAP_SCADA,83,0.004070871118066033
2,UPFC_Vsh,5-15,1.1084114438149966,17,1.107960640615965,MAP_SCADA,83,0.0004508031990315686
3,UPFC_tsh,5-15,-0.23144867598779334,17,-0.23175616849637212,MAP_SCADA,83,0.00030749250857878274
4,UPFC_Vse,5-15,0.060318116756721364,17,0.05934732149219731,MAP_SCADA,83,0.000970795264524052
5,UPFC_tse,5-15,-2.153541067371644,17,-2.14593070102627,MAP_SCADA,83,0.007610366345374153
0,x_tcsc,1-14,-0.1123168833646532,18,-0.11343766201860646,MAP_SCADA,83,0.0011207786539532555
1,B_svc,2,0.18114343012589246,18,0.18585459451092773,MAP_SCADA,83,0.004711164385035271
2,UPFC_Vsh,5-15,1.108076754568016,18,1.107960640615965,MAP_SCADA,83,0.00011611395205091135
3,UPFC_tsh,5-15,-0.2320082068359299,18,-0.23175616849637212,MAP_SCADA,83,0.00025203833955778077
4,UPFC_Vse,5-15,0.06041732067962146,18,0.05934732149219731,MAP_SCADA,83,0.0010699991874241477
5,UPFC_tse,5-15,-2.1552625136309573,18,-2.14593070102627,MAP_SCADA,83,0.009331812604687517
0,x_tcsc,1-14,-0.11164424108868416,19,-0.11343766201860646,MAP_SCADA,83,0.0017934209299222958
1,B_svc,2,0.18040424893429052,19,0.18585459451092773,MAP_SCADA,83,0.0054503455766372055
2,UPFC_Vsh,5-15,1.108871364654878,19,1.107960640615965,MAP_SCADA,83,0.0009107240389130133
3,UPFC_tsh,5-15,-0.2324105075658558,19,-0.23175616849637212,MAP_SCADA,83,0.0006543390694836726
4,UPFC_Vse,5-15,0.061155322165232597,19,0.05934732149219731,MAP_SCADA,83,0.0018080006730352843
5,UPFC_tse,5-15,-2.154669972733158,19,-2.14593070102627,MAP_SCADA,83,0.008739271706888374
0,x_tcsc,1-14,-0.11274782327049446,20,-0.11343766201860646,MAP_SCADA,83,0.0006898387481120011
1,B_svc,2,0.18459454920584656,20,0.18585459451092773,MAP_SCADA,83,0.00126004530508117
2,UPFC_Vsh,5-15,1.108006286307207,20,1.107960640615965,MAP_SCADA,83,4.564569124210216e-05
3,UPFC_tsh,5-15,-0.23191990543603197,20,-0.23175616849637212,MAP_SCADA,83,0.0001637369396598476
4,UPFC_Vse,5-15,0.06008050852103739,20,0.05934732149219731,MAP_SCADA,83,0.0007331870288400794
5,UPFC_tse,5-15,-2.1567097345688575,20,-2.14593070102627,MAP_SCADA,83,0.01077903354258769
0,x_tcsc,1-14,-0.11169414259952308,21,-0.11343766201860646,MAP_SCADA,83,0.001743519419083378
1,B_svc,2,0.1857776632719838,21,0.18585459451092773,MAP_SCADA,83,7.693123894392251e-05
2,UPFC_Vsh,5-15,1.108184785877071,21,1.107960640615965,MAP_SCADA,83,0.0002241452611060346
3,UPFC_tsh,5-15,-0.23273179667649846,21,-0.23175616849637212,MAP_SCADA,83,0.0009756281801263367
4,UPFC_Vse,5-15,0.05992770845896655,21,0.05934732149219731,MAP_SCADA,83,0.0005803869667692363
5,UPFC_tse,5-15,-2.1568349329799426,21,-2.14593070102627,MAP_SCADA,83,0.010904231953672738
0,x_tcsc,1-14,-0.11260572090998863,22,-0.11343766201860646,MAP_SCADA,83,0.0008319411086178258
1,B_svc,2,0.18071338323253047,22,0.18585459451092773,MAP_SCADA,83,0.005141211278397256
2,UPFC_Vsh,5-15,1.106722196604619,22,1.107960640615965,MAP_SCADA,83,0.001238444011345985
3,UPFC_tsh,5-15,-0.23240057224166638,22,-0.23175616849637212,MAP_SCADA,83,0.0006444037452942586
4,UPFC_Vse,5-15,0.059859672432762606,22,0.05934732149219731,MAP_SCADA,83,0.000512350940565294
5,UPFC_tse,5-15,-2.1554046999392504,22,-2.14593070102627,MAP_SCADA,83,0.009473998912980619
0,x_tcsc,1-14,-0.10863106555895048,23,-0.11343766201860646,MAP_SCADA,83,0.004806596459655976
1,B_svc,2,0.19440583723342642,23,0.18585459451092773,MAP_SCADA,83,0.008551242722498686
2,UPFC_Vsh,5-15,1.1056047474826858,23,1.107960640615965,MAP_SCADA,83,0.002355893133279219
3,UPFC_tsh,5-15,-0.23553602350049807,23,-0.23175616849637212,MAP_SCADA,83,0.003779855004125948
4,UPFC_Vse,5-15,0.06062491232048908,23,0.05934732149219731,MAP_SCADA,83,0.0012775908282917706
5,UPFC_tse,5-15,-2.1604370235879395,23,-2.14593070102627,MAP_SCADA,83,0.014506322561669727
0,x_tcsc,1-14,-0.11358461640106417,24,-0.11343766201860646,MAP_SCADA,83,0.0001469543824577091
1,B_svc,2,0.17847299555661278,24,0.18585459451092773,MAP_SCADA,83,0.00738159895431495
2,UPFC_Vsh,5-15,1.1077453708357268,24,1.107960640615965,MAP_SCADA,83,0.0002152697802382253
3,UPFC_tsh,5-15,-0.23118967241909189,24,-0.23175616849637212,MAP_SCADA,83,0.0005664960772802374
4,UPFC_Vse,5-15,0.06001689749729636,24,0.05934732149219731,MAP_SCADA,83,0.0006695760050990512
5,UPFC_tse,5-15,-2.1543010736861428,24,-2.14593070102627,MAP_SCADA,83,0.008370372659872949
0,x_tcsc,1-14,-0.11320004043012336,25,-0.11343766201860646,MAP_SCADA,83,0.00023762158848310289
1,B_svc,2,0.17941167260829785,25,0.18585459451092773,MAP_SCADA,83,0.006442921902629878
2,UPFC_Vsh,5-15,1.1101974435380184,25,1.107960640615965,MAP_SCADA,83,0.002236802922053416
3,UPFC_tsh,5-15,-0.23031717049236608,25,-0.23175616849637212,MAP_SCADA,83,0.0014389980040060424
4,UPFC_Vse,5-15,0.05996830578511454,25,0.05934732149219731,MAP_SCADA,83,0.0006209842929172302
5,UPFC_tse,5-15,-2.1553668754708863,25,-2.14593070102627,MAP_SCADA,83,0.00943617444461653
0,x_tcsc,1-14,-0.11212214964649692,26,-0.11343766201860646,MAP_SCADA,83,0.0013155123721095424
1,B_svc,2,0.1816223075761155,26,0.18585459451092773,MAP_SCADA,83,0.004232286934812229
2,UPFC_Vsh,5-15,1.1082064053681402,26,1.107960640615965,MAP_SCADA,83,0.00024576475217519267
3,UPFC_tsh,5-15,-0.23179014857039898,26,-0.23175616849637212,MAP_SCADA,83,3.398007402685699e-05
4,UPFC_Vse,5-15,0.060238724303090414,26,0.05934732149219731,MAP_SCADA,83,0.0008914028108931021
5,UPFC_tse,5-15,-2.1599186635184866,26,-2.14593070102627,MAP_SCADA,83,0.013987962492216788
0,x_tcsc,1-14,-0.11119204081336112,27,-0.11343766201860646,MAP_SCADA,83,0.002245621205245338
1,B_svc,2,0.1842705258074126,27,0.18585459451092773,MAP_SCADA,83,0.001584068703515129
2,UPFC_Vsh,5-15,1.1059116452390325,27,1.107960640615965,MAP_SCADA,83,0.002048995376932483
3,UPFC_tsh,5-15,-0.23295759170996305,27,-0.23175616849637212,MAP_SCADA,83,0.0012014232135909297
4,UPFC_Vse,5-15,0.06053072554552834,27,0.05934732149219731,MAP_SCADA,83,0.001183404053331026
5,UPFC_tse,5-15,-2.1561425446031106,27,-2.14593070102627,MAP_SCADA,83,0.010211843576840796
0,x_tcsc,1-14,-0.11078516593243308,28,-0.11343766201860646,MAP_SCADA,83,0.002652496086173378
1,B_svc,2,0.1862073014298553,28,0.18585459451092773,MAP_SCADA,83,0.0003527069189275811
2,UPFC_Vsh,5-15,1.105306562887327,28,1.107960640615965,MAP_SCADA,83,0.0026540777286379047
3,UPFC_tsh,5-15,-0.2340897760936502,28,-0.23175616849637212,MAP_SCADA,83,0.0023336075972780757
4,UPFC_Vse,5-15,0.06031540260348843,28,0.05934732149219731,MAP_SCADA,83,0.0009680811112911178
5,UPFC_tse,5-15,-2.159848933017864,28,-2.14593070102627,MAP_SCADA,83,0.013918231991594254
0,x_tcsc,1-14,-0.11114633594373284,29,-0.11343766201860646,MAP_SCADA,83,0.0022913260748736175
1,B_svc,2,0.18515795790093445,29,0.18585459451092773,MAP_SCADA,83,0.0006966366099932786
2,UPFC_Vsh,5-15,1.1077676810944392,29,1.107960640615965,MAP_SCADA,83,0.00019295952152575957
3,UPFC_tsh,5-15,-0.2328826952361252,29,-0.23175616849637212,MAP_SCADA,83,0.001126526739753081
4,UPFC_Vse,5-15,0.06039577683997066,29,0.05934732149219731,MAP_SCADA,83,0.0010484553477733485
5,UPFC_tse,5-15,-2.155335140690537,29,-2.14593070102627,MAP_SCADA,83,0.009404439664267183
0,x_tcsc,1-14,-0.11216068815257503,30,-0.11343766201860646,MAP_SCADA,83,0.0012769738660314278
1,B_svc,2,0.17704446044748634,30,0.18585459451092773,MAP_SCADA,83,0.008810134063441388
2,UPFC_Vsh,5-15,1.109683072820936,30,1.107960640615965,MAP_SCADA,83,0.001722432204970925
3,UPFC_tsh,5-15,-0.23174778760842352,30,-0.23175616849637212,MAP_SCADA,83,8.380887948605809e-06
4,UPFC_Vse,5-15,0.06019310784890161,30,0.05934732149219731,MAP_SCADA,83,0.0008457863567042992
5,UPFC_tse,5-15,-2.1564072150031643,30,-2.14593070102627,MAP_SCADA,83,0.01047651397689453
0,x_tcsc,1-14,-0.11251342636674841,31,-0.11343766201860646,MAP_SCADA,83,0.0009242356518580491
1,B_svc,2,0.1831099893073962,31,0.18585459451092773,MAP_SCADA,83,0.002744605203531536
2,UPFC_Vsh,5-15,1.1078159760395527,31,1.107960640615965,MAP_SCADA,83,0.00014466457641226782
3,UPFC_tsh,5-15,-0.23189856588754654,31,-0.23175616849637212,MAP_SCADA,83,0.00014239739117441474
4,UPFC_Vse,5-15,0.06007672510263565,31,0.05934732149219731,MAP_SCADA,83,0.0007294036104383353
5,UPFC_tse,5-15,-2.1587524619933207,31,-2.14593070102627,MAP_SCADA,83,0.0128217609670509
0,x_tcsc,1-14,-0.10935089542807824,32,-0.11343766201860646,MAP_SCADA,83,0.004086766590528215
1,B_svc,2,0.18873592910746403,32,0.18585459451092773,MAP_SCADA,83,0.0028813345965363057
2,UPFC_Vsh,5-15,1.109038949726816,32,1.107960640615965,MAP_SCADA,83,0.00107830911085105
3,UPFC_tsh,5-15,-0.2330027710688704,32,-0.23175616849637212,MAP_SCADA,83,0.0012466025724982843
4,UPFC_Vse,5-15,0.05985014716756717,32,0.05934732149219731,MAP_SCADA,83,0.0005028256753698557
5,UPFC_tse,5-15,-2.1617669058380433,32,-2.14593070102627,MAP_SCADA,83,0.015836204811773502
0,x_tcsc,1-14,-0.11132959920201867,33,-0.11343766201860646,MAP_SCADA,83,0.0021080628165877913
1,B_svc,2,0.18595327212098606,33,0.18585459451092773,MAP_SCADA,83,9.867761005832865e-05
2,UPFC_Vsh,5-15,1.108084565723442,33,1.107960640615965,MAP_SCADA,83,0.00012392510747694097
3,UPFC_tsh,5-15,-0.2321353180308911,33,-0.23175616849637212,MAP_SCADA,83,0.0003791495345189799
4,UPFC_Vse,5-15,0.06002017416798528,33,0.05934732149219731,MAP_SCADA,83,0.0006728526757879688
5,UPFC_tse,5-15,-2.157033850389164,33,-2.14593070102627,MAP_SCADA,83,0.01110314936289436
0,x_tcsc,1-14,-0.11034198001640978,34,-0.11343766201860646,MAP_SCADA,83,0.0030956820021966758
1,B_svc,2,0.18678599517759245,34,0.18585459451092773,MAP_SCADA,83,0.0009314006666647223
2,UPFC_Vsh,5-15,1.1085563560496479,34,1.107960640615965,MAP_SCADA,83,0.0005957154336828641
3,UPFC_tsh,5-15,-0.23312360340740504,34,-0.23175616849637212,MAP_SCADA,83,0.0013674349110329165
4,UPFC_Vse,5-15,0.060366956294376876,34,0.05934732149219731,MAP_SCADA,83,0.0010196348021795643
5,UPFC_tse,5-15,-2.1581320522383804,34,-2.14593070102627,MAP_SCADA,83,0.012201351212110634
0,x_tcsc,1-14,-0.11311317898577221,35,-0.11343766201860646,MAP_SCADA,83,0.0003244830328342496
1,B_svc,2,0.18325163162252295,35,0.18585459451092773,MAP_SCADA,83,0.0026029628884047806
2,UPFC_Vsh,5-15,1.1098842983230832,35,1.107960640615965,MAP_SCADA,83,0.0019236577071182204
3,UPFC_tsh,5-15,-0.23130759162507253,35,-0.23175616849637212,MAP_SCADA,83,0.0004485768712995941
4,UPFC_Vse,5-15,0.06016391902929492,35,0.05934732149219731,MAP_SCADA,83,0.0008165975370976047
5,UPFC_tse,5-15,-2.1548243799234137,35,-2.14593070102627,MAP_SCADA,83,0.008893678897143875
0,x_tcsc,1-14,-0.1149720819539307,36,-0.11343766201860646,MAP_SCADA,83,0.0015344199353242438
1,B_svc,2,0.1750447967126657,36,0.18585459451092773,MAP_SCADA,83,0.010809797798262022
2,UPFC_Vsh,5-15,1.1102778223388667,36,1.107960640615965,MAP_SCADA,83,0.00231718172290174
3,UPFC_tsh,5-15,-0.22961423202170334,36,-0.23175616849637212,MAP_SCADA,83,0.0021419364746687874
4,UPFC_Vse,5-15,0.060175439493694916,36,0.05934732149219731,MAP_SCADA,83,0.0008281180014976033
5,UPFC_tse,5-15,-2.1527252492944804,36,-2.14593070102627,MAP_SCADA,83,0.006794548268210576
0,x_tcsc,1-14,-0.1135383168444,37,-0.11343766201860646,MAP_SCADA,83,0.00010065482579353635
1,B_svc,2,0.1808875627066663,37,0.18585459451092773,MAP_SCADA,83,0.004967031804261418
2,UPFC_Vsh,5-15,1.1097833398341765,37,1.107960640615965,MAP_SCADA,83,0.0018226992182115431
3,UPFC_tsh,5-15,-0.2306731020068669,37,-0.23175616849637212,MAP_SCADA,83,0.0010830664895052355
4,UPFC_Vse,5-15,0.059604765997265136,37,0.05934732149219731,MAP_SCADA,83,0.0002574445050678234
5,UPFC_tse,5-15,-2.1598551334837475,37,-2.14593070102627,MAP_SCADA,83,0.013924432457477653
0,x_tcsc,1-14,-0.11241197576694792,38,-0.11343766201860646,MAP_SCADA,83,0.001025686251658539
1,B_svc,2,0.18139884194193798,38,0.18585459451092773,MAP_SCADA,83,0.0044557525689897515
2,UPFC_Vsh,5-15,1.1092926368032598,38,1.107960640615965,MAP_SCADA,83,0.0013319961872948483
3,UPFC_tsh,5-15,-0.23168033003577468,38,-0.23175616849637212,MAP_SCADA,83,7.583846059744381e-05
4,UPFC_Vse,5-15,0.06042739705196942,38,0.05934732149219731,MAP_SCADA,83,0.0010800755597721104
5,UPFC_tse,5-15,-2.150262573934795,38,-2.14593070102627,MAP_SCADA,83,0.004331872908525103
0,x_tcsc,1-14,-0.11336627208444718,39,-0.11343766201860646,MAP_SCADA,83,7.138993415928274e-05
1,B_svc,2,0.1824406965904449,39,0.18585459451092773,MAP_SCADA,83,0.003413897920482828
2,UPFC_Vsh,5-15,1.109450803391796,39,1.107960640615965,MAP_SCADA,83,0.0014901627758310276
3,UPFC_tsh,5-15,-0.23110270791873322,39,-0.23175616849637212,MAP_SCADA,83,0.0006534605776389035
4,UPFC_Vse,5-15,0.06015947124209428,39,0.05934732149219731,MAP_SCADA,83,0.000812149749896969
5,UPFC_tse,5-15,-2.1525195949795397,39,-2.14593070102627,MAP_SCADA,83,0.006588893953269892
0,x_tcsc,1-14,-0.11449781928869908,40,-0.11343766201860646,MAP_SCADA,83,0.001060157270092621
1,B_svc,2,0.17698963311880708,40,0.18585459451092773,MAP_SCADA,83,0.008864961392120646
2,UPFC_Vsh,5-15,1.1099220982081328,40,1.107960640615965,MAP_SCADA,83,0.0019614575921678146
3,UPFC_tsh,5-15,-0.23127461686611703,40,-0.23175616849637212,MAP_SCADA,83,0.00048155163025509484
4,UPFC_Vse,5-15,0.060217625795988015,40,0.05934732149219731,MAP_SCADA,83,0.0008703043037907032
5,UPFC_tse,5-15,-2.1504069037421822,40,-2.14593070102627,MAP_SCADA,83,0.004476202715912425
0,x_tcsc,1-14,-0.11093572745407543,41,-0.11343766201860646,MAP_SCADA,83,0.0025019345645310304
1,B_svc,2,0.18531896959267724,41,0.18585459451092773,MAP_SCADA,83,0.000535624918250488
2,UPFC_Vsh,5-15,1.108434994048722,41,1.107960640615965,MAP_SCADA,83,0.0004743534327569243
3,UPFC_tsh,5-15,-0.233408373060217,41,-0.23175616849637212,MAP_SCADA,83,0.001652204563844878
4,UPFC_Vse,5-15,0.060499846182725275,41,0.05934732149219731,MAP_SCADA,83,0.0011525246905279632
5,UPFC_tse,5-15,-2.1601069645717934,41,-2.14593070102627,MAP_SCADA,83,0.014176263545523593
0,x_tcsc,1-14,-0.11147761500004855,42,-0.11343766201860646,MAP_SCADA,83,0.0019600470185579116
1,B_svc,2,0.18730903475163513,42,0.18585459451092773,MAP_SCADA,83,0.0014544402407073997
2,UPFC_Vsh,5-15,1.1074933658695576,42,1.107960640615965,MAP_SCADA,83,0.00046727474640739786
3,UPFC_tsh,5-15,-0.23274285808599332,42,-0.23175616849637212,MAP_SCADA,83,0.000986689589621198
4,UPFC_Vse,5-15,0.06046335877714539,42,0.05934732149219731,MAP_SCADA,83,0.0011160372849480793
5,UPFC_tse,5-15,-2.154540752922178,42,-2.14593070102627,MAP_SCADA,83,0.008610051895908022
0,x_tcsc,1-14,-0.11305657612109273,43,-0.11343766201860646,MAP_SCADA,83,0.00038108589751373323
1,B_svc,2,0.1792216928206034,43,0.18585459451092773,MAP_SCADA,83,0.006632901690324322
2,UPFC_Vsh,5-15,1.1100005386855296,43,1.107960640615965,MAP_SCADA,83,0.0020398980695646163
3,UPFC_tsh,5-15,-0.23036578137282954,43,-0.23175616849637212,MAP_SCADA,83,0.0013903871235425858
4,UPFC_Vse,5-15,0.06057910375371149,43,0.05934732149219731,MAP_SCADA,83,0.001231782261514179
5,UPFC_tse,5-15,-2.1561589997097914,43,-2.14593070102627,MAP_SCADA,83,0.010228298683521597
0,x_tcsc,1-14,-0.11207535639674679,44,-0.11343766201860646,MAP_SCADA,83,0.001362305621859669
1,B_svc,2,0.1846858498020382,44,0.18585459451092773,MAP_SCADA,83,0.0011687447088895297
2,UPFC_Vsh,5-15,1.1077601535326256,44,1.107960640615965,MAP_SCADA,83,0.0002004870833394179
3,UPFC_tsh,5-15,-0.23261638863089268,44,-0.23175616849637212,MAP_SCADA,83,0.0008602201345205562
4,UPFC_Vse,5-15,0.06047525859342069,44,0.05934732149219731,MAP_SCADA,83,0.0011279371012233794
5,UPFC_tse,5-15,-2.154046429528506,44,-2.14593070102627,MAP_SCADA,83,0.008115728502235964
0,x_tcsc,1-14,-0.11375431081784133,45,-0.11343766201860646,MAP_SCADA,83,0.00031664879923487543
1,B_svc,2,0.17477818719938254,45,0.18585459451092773,MAP_SCADA,83,0.011076407311545189
2,UPFC_Vsh,5-15,1.1093197165452422,45,1.107960640615965,MAP_SCADA,83,0.0013590759292771981
3,UPFC_tsh,5-15,-0.23071303918734726,45,-0.23175616849637212,MAP_SCADA,83,0.001043129309024865
4,UPFC_Vse,5-15,0.06014026459677954,45,0.05934732149219731,MAP_SCADA,83,0.0007929431045822291
5,UPFC_tse,5-15,-2.15388812615601,45,-2.14593070102627,MAP_SCADA,83,0.00795742512974007
0,x_tcsc,1-14,-0.11310434548909658,46,-0.11343766201860646,MAP_SCADA,83,0.00033331652950988055
1,B_svc,2,0.17866334359157365,46,0.18585459451092773,MAP_SCADA,83,0.007191250919354075
2,UPFC_Vsh,5-15,1.108715174743999,46,1.107960640615965,MAP_SCADA,83,0.0007545341280339457
3,UPFC_tsh,5-15,-0.23114836154528098,46,-0.23175616849637212,MAP_SCADA,83,0.0006078069510911388
4,UPFC_Vse,5-15,0.060340846612470904,46,0.05934732149219731,MAP_SCADA,83,0.0009935251202735917
5,UPFC_tse,5-15,-2.155077590767528,46,-2.14593070102627,MAP_SCADA,83,0.009146889741258324
0,x_tcsc,1-14,-0.1126163685304988,47,-0.11343766201860646,MAP_SCADA,83,0.0008212934881076522
1,B_svc,2,0.1826820223153454,47,0.18585459451092773,MAP_SCADA,83,0.0031725721955823405
2,UPFC_Vsh,5-15,1.1078508671343414,47,1.107960640615965,MAP_SCADA,83,0.00010977348162355405
3,UPFC_tsh,5-15,-0.23195436112425402,47,-0.23175616849637212,MAP_SCADA,83,0.00019819262788189906
4,UPFC_Vse,5-15,0.06005427570146322,47,0.05934732149219731,MAP_SCADA,83,0.0007069542092659059
5,UPFC_tse,5-15,-2.149004765473707,47,-2.14593070102627,MAP_SCADA,83,0.003074064447436964
0,x_tcsc,1-14,-0.11202393736720709,48,-0.11343766201860646,MAP_SCADA,83,0.00141372465139937
1,B_svc,2,0.18197032083453404,48,0.18585459451092773,MAP_SCADA,83,0.0038842736763936847
2,UPFC_Vsh,5-15,1.1088869066003255,48,1.107960640615965,MAP_SCADA,83,0.0009262659843605192
3,UPFC_tsh,5-15,-0.23173744296455784,48,-0.23175616849637212,MAP_SCADA,83,1.872553181428427e-05
4,UPFC_Vse,5-15,0.06064179275722406,48,0.05934732149219731,MAP_SCADA,83,0.001294471265026749
5,UPFC_tse,5-15,-2.1579971846390347,48,-2.14593070102627,MAP_SCADA,83,0.012066483612764856
0,x_tcsc,1-14,-0.11301190854144895,49,-0.11343766201860646,MAP_SCADA,83,0.0004257534771575089
1,B_svc,2,0.1826769526565768,49,0.18585459451092773,MAP_SCADA,83,0.003177641854350932
2,UPFC_Vsh,5-15,1.10911972473425,49,1.107960640615965,MAP_SCADA,83,0.0011590841182849143
3,UPFC_tsh,5-15,-0.23197494578688546,49,-0.23175616849637212,MAP_SCADA,83,0.00021877729051333894
4,UPFC_Vse,5-15,0.06039511975662008,49,0.05934732149219731,MAP_SCADA,83,0.001047798264422771
5,UPFC_tse,5-15,-2.159769366853597,49,-2.14593070102627,MAP_SCADA,83,0.01383866582732729
0,x_tcsc,1-14,-0.11232464740583507,50,-0.11343766201860646,MAP_SCADA,83,0.0011130146127713847
1,B_svc,2,0.1804661933096819,50,0.18585459451092773,MAP_SCADA,83,0.00538840120124584
2,UPFC_Vsh,5-15,1.1082997050473367,50,1.107960640615965,MAP_SCADA,83,0.00033906443137166065
3,UPFC_tsh,5-15,-0.23223059620849504,50,-0.23175616849637212,MAP_SCADA,83,0.0004744277121229157
4,UPFC_Vse,5-15,0.060382776568446615,50,0.05934732149219731,MAP_SCADA,83,0.001035455076249303
5,UPFC_tse,5-15,-2.15506436388257,50,-2.14593070102627,MAP_SCADA,83,0.00913366285630035
0,x_tcsc,1-14,-0.11361562540832322,51,-0.11343766201860646,MAP_SCADA,83,0.00017796338971676207
1,B_svc,2,0.17885922469653856,51,0.18585459451092773,MAP_SCADA,83,0.0069953698143891685
2,UPFC_Vsh,5-15,1.1070689001567269,51,1.107960640615965,MAP_SCADA,83,0.0008917404592381217
3,UPFC_tsh,5-15,-0.2321065832889006,51,-0.23175616849637212,MAP_SCADA,83,0.0003504147925284806
4,UPFC_Vse,5-15,0.06052340155011435,51,0.05934732149219731,MAP_SCADA,83,0.0011760800579170352
5,UPFC_tse,5-15,-2.1551682308222206,51,-2.14593070102627,MAP_SCADA,83,0.009237529795950827
0,x_tcsc,1-14,-0.10848351521084021,52,-0.11343766201860646,MAP_SCADA,83,0.004954146807766249
1,B_svc,2,0.19662177475265205,52,0.18585459451092773,MAP_SCADA,83,0.010767180241724322
2,UPFC_Vsh,5-15,1.1078003615348868,52,1.107960640615965,MAP_SCADA,83,0.00016027908107818511
3,UPFC_tsh,5-15,-0.23401474328945562,52,-0.23175616849637212,MAP_SCADA,83,0.002258574793083501
4,UPFC_Vse,5-15,0.06035505211035941,52,0.05934732149219731,MAP_SCADA,83,0.0010077306181620962
5,UPFC_tse,5-15,-2.160186956663391,52,-2.14593070102627,MAP_SCADA,83,0.014256255637121296
0,x_tcsc,1-14,-0.11302618824924493,53,-0.11343766201860646,MAP_SCADA,83,0.00041147376936152835
1,B_svc,2,0.1855528678668657,53,0.18585459451092773,MAP_SCADA,83,0.0003017266440620281
2,UPFC_Vsh,5-15,1.106401917745756,53,1.107960640615965,MAP_SCADA,83,0.0015587228702089728
3,UPFC_tsh,5-15,-0.23299677621338608,53,-0.23175616849637212,MAP_SCADA,83,0.001240607717013953
4,UPFC_Vse,5-15,0.06025677125495774,53,0.05934732149219731,MAP_SCADA,83,0.0009094497627604309
5,UPFC_tse,5-15,-2.1530014389473546,53,-2.14593070102627,MAP_SCADA,83,0.007070737921084813
0,x_tcsc,1-14,-0.10992588267449988,54,-0.11343766201860646,MAP_SCADA,83,0.003511779344106583
1,B_svc,2,0.18850845278962525,54,0.18585459451092773,MAP_SCADA,83,0.0026538582786975184
2,UPFC_Vsh,5-15,1.1080263661691967,54,1.107960640615965,MAP_SCADA,83,6.572555323169915e-05
3,UPFC_tsh,5-15,-0.2334353156834582,54,-0.23175616849637212,MAP_SCADA,83,0.0016791471870860886
4,UPFC_Vse,5-15,0.060702502198160174,54,0.05934732149219731,MAP_SCADA,83,0.001355180705962862
5,UPFC_tse,5-15,-2.159140326809645,54,-2.14593070102627,MAP_SCADA,83,0.013209625783375145
0,x_tcsc,1-14,-0.11090856933726283,55,-0.11343766201860646,MAP_SCADA,83,0.002529092681343631
1,B_svc,2,0.18390305521965483,55,0.18585459451092773,MAP_SCADA,83,0.0019515392912728968
2,UPFC_Vsh,5-15,1.105779728191416,55,1.107960640615965,MAP_SCADA,83,0.0021809124245490974
3,UPFC_tsh,5-15,-0.23355893281144285,55,-0.23175616849637212,MAP_SCADA,83,0.0018027643150707318
4,UPFC_Vse,5-15,0.06052711291959248,55,0.05934732149219731,MAP_SCADA,83,0.0011797914273951673
5,UPFC_tse,5-15,-2.1596477295296808,55,-2.14593070102627,MAP_SCADA,83,0.013717028503410944
0,x_tcsc,1-14,-0.11295801478895467,56,-0.11343766201860646,MAP_SCADA,83,0.0004796472296517834
1,B_svc,2,0.18145367109197516,56,0.18585459451092773,MAP_SCADA,83,0.004400923418952568
2,UPFC_Vsh,5-15,1.108183062115895,56,1.107960640615965,MAP_SCADA,83,0.00022242149993001448
3,UPFC_tsh,5-15,-0.23276754175977452,56,-0.23175616849637212,MAP_SCADA,83,0.001011373263402393
4,UPFC_Vse,5-15,0.060201074271315824,56,0.05934732149219731,MAP_SCADA,83,0.000853752779118512
5,UPFC_tse,5-15,-2.1541185297160985,56,-2.14593070102627,MAP_SCADA,83,0.008187828689828702
0,x_tcsc,1-14,-0.11331549764469787,57,-0.11343766201860646,MAP_SCADA,83,0.00012216437390859258
1,B_svc,2,0.18113549787680508,57,0.18585459451092773,MAP_SCADA,83,0.004719096634122649
2,UPFC_Vsh,5-15,1.1080297025810695,57,1.107960640615965,MAP_SCADA,83,6.906196510447771e-05
3,UPFC_tsh,5-15,-0.2318175980644757,57,-0.23175616849637212,MAP_SCADA,83,6.142956810356592e-05
4,UPFC_Vse,5-15,0.05974123277280337,57,0.05934732149219731,MAP_SCADA,83,0.000393911280606056
5,UPFC_tse,5-15,-2.1568552925009024,57,-2.14593070102627,MAP_SCADA,83,0.010924591474632539
0,x_tcsc,1-14,-0.11259592447870835,58,-0.11343766201860646,MAP_SCADA,83,0.0008417375398981075
1,B_svc,2,0.1855124996650732,58,0.18585459451092773,MAP_SCADA,83,0.0003420948458545403
2,UPFC_Vsh,5-15,1.1041639179721214,58,1.107960640615965,MAP_SCADA,83,0.003796722643843564
3,UPFC_tsh,5-15,-0.2337457779457213,58,-0.23175616849637212,MAP_SCADA,83,0.0019896094493491723
4,UPFC_Vse,5-15,0.060641571824637475,58,0.05934732149219731,MAP_SCADA,83,0.0012942503324401625
5,UPFC_tse,5-15,-2.1560231945507224,58,-2.14593070102627,MAP_SCADA,83,0.010092493524452628
0,x_tcsc,1-14,-0.11286231559448634,59,-0.11343766201860646,MAP_SCADA,83,0.0005753464241201184
1,B_svc,2,0.1817952967432671,59,0.18585459451092773,MAP_SCADA,83,0.004059297767660619
2,UPFC_Vsh,5-15,1.108691902973475,59,1.107960640615965,MAP_SCADA,83,0.0007312623575099764
3,UPFC_tsh,5-15,-0.23184199738940517,59,-0.23175616849637212,MAP_SCADA,83,8.582889303304642e-05
4,UPFC_Vse,5-15,0.060454713383064476,59,0.05934732149219731,MAP_SCADA,83,0.001107391890867164
5,UPFC_tse,5-15,-2.15495703243471,59,-2.14593070102627,MAP_SCADA,83,0.009026331408440225
0,x_tcsc,1-14,-0.1125451676959699,60,-0.11343766201860646,MAP_SCADA,83,0.0008924943226365639
1,B_svc,2,0.18446213206889514,60,0.18585459451092773,MAP_SCADA,83,0.0013924624420325882
2,UPFC_Vsh,5-15,1.108050671247431,60,1.107960640615965,MAP_SCADA,83,9.00306314659538e-05
3,UPFC_tsh,5-15,-0.2323091987208775,60,-0.23175616849637212,MAP_SCADA,83,0.0005530302245053687
4,UPFC_Vse,5-15,0.06027242282692596,60,0.05934732149219731,MAP_SCADA,83,0.0009251013347286452
5,UPFC_tse,5-15,-2.1526136198908206,60,-2.14593070102627,MAP_SCADA,83,0.0066829188645507465
0,x_tcsc,1-14,-0.11410481713499057,61,-0.11343766201860646,MAP_SCADA,83,0.0006671551163841133
1,B_svc,2,0.17972519930177294,61,0.18585459451092773,MAP_SCADA,83,0.0061293952091547865
2,UPFC_Vsh,5-15,1.1062344025143551,61,1.107960640615965,MAP_SCADA,83,0.0017262381016098782
3,UPFC_tsh,5-15,-0.23187134686501007,61,-0.23175616849637212,MAP_SCADA,83,0.00011517836863794706
4,UPFC_Vse,5-15,0.06071318870310169,61,0.05934732149219731,MAP_SCADA,83,0.001365867210904377
5,UPFC_tse,5-15,-2.1542601835848503,61,-2.14593070102627,MAP_SCADA,83,0.008329482558580459
0,x_tcsc,1-14,-0.1115933269007217,62,-0.11343766201860646,MAP_SCADA,83,0.00184433511788476
1,B_svc,2,0.18400213468782292,62,0.18585459451092773,MAP_SCADA,83,0.0018524598231048073
2,UPFC_Vsh,5-15,1.1074571520285303,62,1.107960640615965,MAP_SCADA,83,0.0005034885874346529
3,UPFC_tsh,5-15,-0.23263168864163766,62,-0.23175616849637212,MAP_SCADA,83,0.0008755201452655403
4,UPFC_Vse,5-15,0.05996998341083485,62,0.05934732149219731,MAP_SCADA,83,0.0006226619186375376
5,UPFC_tse,5-15,-2.1600345054626127,62,-2.14593070102627,MAP_SCADA,83,0.014103804436342848
0,x_tcsc,1-14,-0.11148815154244913,63,-0.11343766201860646,MAP_SCADA,83,0.0019495104761573234
1,B_svc,2,0.18721449786679403,63,0.18585459451092773,MAP_SCADA,83,0.0013599033558663043
2,UPFC_Vsh,5-15,1.1070688856726931,63,1.107960640615965,MAP_SCADA,83,0.0008917549432718719
3,UPFC_tsh,5-15,-0.23342688662212113,63,-0.23175616849637212,MAP_SCADA,83,0.00167071812574901
4,UPFC_Vse,5-15,0.05977947534148236,63,0.05934732149219731,MAP_SCADA,83,0.00043215384928504963
5,UPFC_tse,5-15,-2.1563252483151594,63,-2.14593070102627,MAP_SCADA,83,0.010394547288889555
0,x_tcsc,1-14,-0.11195724792908147,64,-0.11343766201860646,MAP_SCADA,83,0.001480414089524984
1,B_svc,2,0.18532267620046441,64,0.18585459451092773,MAP_SCADA,83,0.0005319183104633141
2,UPFC_Vsh,5-15,1.1062982148266969,64,1.107960640615965,MAP_SCADA,83,0.0016624257892681182
3,UPFC_tsh,5-15,-0.23231828006468574,64,-0.23175616849637212,MAP_SCADA,83,0.0005621115683136224
4,UPFC_Vse,5-15,0.060691859349195215,64,0.05934732149219731,MAP_SCADA,83,0.001344537856997903
5,UPFC_tse,5-15,-2.152693367047146,64,-2.14593070102627,MAP_SCADA,83,0.0067626660208763845
0,x_tcsc,1-14,-0.11295515105283893,65,-0.11343766201860646,MAP_SCADA,83,0.00048251096576752694
1,B_svc,2,0.18060145943688566,65,0.18585459451092773,MAP_SCADA,83,0.00525313507404207
2,UPFC_Vsh,5-15,1.1078146006483933,65,1.107960640615965,MAP_SCADA,83,0.00014603996757167614
3,UPFC_tsh,5-15,-0.23209500185534337,65,-0.23175616849637212,MAP_SCADA,83,0.0003388333589712522
4,UPFC_Vse,5-15,0.06005942127011483,65,0.05934732149219731,MAP_SCADA,83,0.0007120997779175159
5,UPFC_tse,5-15,-2.152035993257443,65,-2.14593070102627,MAP_SCADA,83,0.006105292231173287
0,x_tcsc,1-14,-0.1105648668522165,66,-0.11343766201860646,MAP_SCADA,83,0.002872795166389955
1,B_svc,2,0.1904464047979305,66,0.18585459451092773,MAP_SCADA,83,0.004591810287002784
2,UPFC_Vsh,5-15,1.108306155074037,66,1.107960640615965,MAP_SCADA,83,0.00034551445807196046
3,UPFC_tsh,5-15,-0.23257200768493028,66,-0.23175616849637212,MAP_SCADA,83,0.000815839188558154
4,UPFC_Vse,5-15,0.06025958607178324,66,0.05934732149219731,MAP_SCADA,83,0.0009122645795859308
5,UPFC_tse,5-15,-2.1546439224482006,66,-2.14593070102627,MAP_SCADA,83,0.008713221421930761
0,x_tcsc,1-14,-0.11119767728780644,67,-0.11343766201860646,MAP_SCADA,83,0.002239984730800018
1,B_svc,2,0.18569084335624564,67,0.18585459451092773,MAP_SCADA,83,0.00016375115468209023
2,UPFC_Vsh,5-15,1.106366563748709,67,1.107960640615965,MAP_SCADA,83,0.001594076867255989
3,UPFC_tsh,5-15,-0.23386903030465617,67,-0.23175616849637212,MAP_SCADA,83,0.0021128618082840445
4,UPFC_Vse,5-15,0.06056370946115216,67,0.05934732149219731,MAP_SCADA,83,0.0012163879689548462
5,UPFC_tse,5-15,-2.1571921085846038,67,-2.14593070102627,MAP_SCADA,83,0.011261407558333936
0,x_tcsc,1-14,-0.11483410186228073,68,-0.11343766201860646,MAP_SCADA,83,0.0013964398436742687
1,B_svc,2,0.17781365828617798,68,0.18585459451092773,MAP_SCADA,83,0.008040936224749745
2,UPFC_Vsh,5-15,1.106598391691374,68,1.107960640615965,MAP_SCADA,83,0.0013622489245910252
3,UPFC_tsh,5-15,-0.23154604520573963,68,-0.23175616849637212,MAP_SCADA,83,0.0002101232906324968
4,UPFC_Vse,5-15,0.06029084534704604,68,0.05934732149219731,MAP_SCADA,83,0.0009435238548487282
5,UPFC_tse,5-15,-2.154853142467964,68,-2.14593070102627,MAP_SCADA,83,0.008922441441693962
0,x_tcsc,1-14,-0.11173747291563595,69,-0.11343766201860646,MAP_SCADA,83,0.0017001891029705118
1,B_svc,2,0.18495146124073875,69,0.18585459451092773,MAP_SCADA,83,0.0009031332701889827
2,UPFC_Vsh,5-15,1.1072218108273122,69,1.107960640615965,MAP_SCADA,83,0.0007388297886528061
3,UPFC_tsh,5-15,-0.23243266776604807,69,-0.23175616849637212,MAP_SCADA,83,0.0006764992696759453
4,UPFC_Vse,5-15,0.05983529988183588,69,0.05934732149219731,MAP_SCADA,83,0.0004879783896385645
5,UPFC_tse,5-15,-2.162200479914194,69,-2.14593070102627,MAP_SCADA,83,0.016269778887924247
0,x_tcsc,1-14,-0.11161295954054895,70,-0.11343766201860646,MAP_SCADA,83,0.0018247024780575077
1,B_svc,2,0.18626377458114451,70,0.18585459451092773,MAP_SCADA,83,0.0004091800702167858
2,UPFC_Vsh,5-15,1.1076076388806437,70,1.107960640615965,MAP_SCADA,83,0.0003530017353212678
3,UPFC_tsh,5-15,-0.23241563686137293,70,-0.23175616849637212,MAP_SCADA,83,0.0006594683650008037
4,UPFC_Vse,5-15,0.0600901778234442,70,0.05934732149219731,MAP_SCADA,83,0.0007428563312468911
5,UPFC_tse,5-15,-2.159739654223675,70,-2.14593070102627,MAP_SCADA,83,0.01380895319740505
0,x_tcsc,1-14,-0.11023236043321037,71,-0.11343766201860646,MAP_SCADA,83,0.0032053015853960865
1,B_svc,2,0.18490639389636032,71,0.18585459451092773,MAP_SCADA,83,0.0009482006145674071
2,UPFC_Vsh,5-15,1.1080515269839228,71,1.107960640615965,MAP_SCADA,83,9.08863679578431e-05
3,UPFC_tsh,5-15,-0.23367155568450076,71,-0.23175616849637212,MAP_SCADA,83,0.0019153871881286422
4,UPFC_Vse,5-15,0.05956459850884551,71,0.05934732149219731,MAP_SCADA,83,0.00021727701664819854
5,UPFC_tse,5-15,-2.1603199827972,71,-2.14593070102627,MAP_SCADA,83,0.014389281770930129
0,x_tcsc,1-14,-0.11481364685907605,72,-0.11343766201860646,MAP_SCADA,83,0.0013759848404695935
1,B_svc,2,0.1740477843073324,72,0.18585459451092773,MAP_SCADA,83,0.011806810203595336
2,UPFC_Vsh,5-15,1.1093478133268266,72,1.107960640615965,MAP_SCADA,83,0.0013871727108616394
3,UPFC_tsh,5-15,-0.23031014743099787,72,-0.23175616849637212,MAP_SCADA,83,0.0014460210653742533
4,UPFC_Vse,5-15,0.060376298368476404,72,0.05934732149219731,MAP_SCADA,83,0.0010289768762790918
5,UPFC_tse,5-15,-2.152526010071022,72,-2.14593070102627,MAP_SCADA,83,0.006595309044752362
0,x_tcsc,1-14,-0.11119939553174198,73,-0.11343766201860646,MAP_SCADA,83,0.002238266486864482
1,B_svc,2,0.18238211869777293,73,0.18585459451092773,MAP_SCADA,83,0.003472475813154796
2,UPFC_Vsh,5-15,1.1078410496521713,73,1.107960640615965,MAP_SCADA,83,0.00011959096379365874
3,UPFC_tsh,5-15,-0.23244182663890925,73,-0.23175616849637212,MAP_SCADA,83,0.0006856581425371266
4,UPFC_Vse,5-15,0.060123430715658725,73,0.05934732149219731,MAP_SCADA,83,0.0007761092234614131
5,UPFC_tse,5-15,-2.154635166458868,73,-2.14593070102627,MAP_SCADA,83,0.008704465432598063
0,x_tcsc,1-14,-0.11245131488496514,74,-0.11343766201860646,MAP_SCADA,83,0.0009863471336413188
1,B_svc,2,0.18306689732739356,74,0.18585459451092773,MAP_SCADA,83,0.0027876971835341657
2,UPFC_Vsh,5-15,1.1060877669311164,74,1.107960640615965,MAP_SCADA,83,0.0018728736848485639
3,UPFC_tsh,5-15,-0.23225569221922024,74,-0.23175616849637212,MAP_SCADA,83,0.0004995237228481164
4,UPFC_Vse,5-15,0.06060816821702223,74,0.05934732149219731,MAP_SCADA,83,0.0012608467248249183
5,UPFC_tse,5-15,-2.1530639197953803,74,-2.14593070102627,MAP_SCADA,83,0.007133218769110439
0,x_tcsc,1-14,-0.11266851956063793,75,-0.11343766201860646,MAP_SCADA,83,0.0007691424579685247
1,B_svc,2,0.17942389982839835,75,0.18585459451092773,MAP_SCADA,83,0.006430694682529381
2,UPFC_Vsh,5-15,1.1060512896544898,75,1.107960640615965,MAP_SCADA,83,0.0019093509614751536
3,UPFC_tsh,5-15,-0.2321833929982741,75,-0.23175616849637212,MAP_SCADA,83,0.00042722450190196826
4,UPFC_Vse,5-15,0.0603953238342974,75,0.05934732149219731,MAP_SCADA,83,0.0010480023421000906
5,UPFC_tse,5-15,-2.156912981216897,75,-2.14593070102627,MAP_SCADA,83,0.01098228019062697
0,x_tcsc,1-14,-0.11320542384235198,76,-0.11343766201860646,MAP_SCADA,83,0.00023223817625447896
1,B_svc,2,0.17986454173726527,76,0.18585459451092773,MAP_SCADA,83,0.005990052773662463
2,UPFC_Vsh,5-15,1.107140576441596,76,1.107960640615965,MAP_SCADA,83,0.0008200641743689729
3,UPFC_tsh,5-15,-0.2321309439923157,76,-0.23175616849637212,MAP_SCADA,83,0.0003747754959435856
4,UPFC_Vse,5-15,0.06060513321190883,76,0.05934732149219731,MAP_SCADA,83,0.0012578117197115171
5,UPFC_tse,5-15,-2.154545901987454,76,-2.14593070102627,MAP_SCADA,83,0.0086152009611844
0,x_tcsc,1-14,-0.11027983805247656,77,-0.11343766201860646,MAP_SCADA,83,0.0031578239661299023
1,B_svc,2,0.19039840003568215,77,0.18585459451092773,MAP_SCADA,83,0.0045438055247544185
2,UPFC_Vsh,5-15,1.1060914983424281,77,1.107960640615965,MAP_SCADA,83,0.0018691422735368501
3,UPFC_tsh,5-15,-0.23354511247093693,77,-0.23175616849637212,MAP_SCADA,83,0.001788943974564805
4,UPFC_Vse,5-15,0.06064689698951932,77,0.05934732149219731,MAP_SCADA,83,0.0012995754973220072
5,UPFC_tse,5-15,-2.163946771282591,77,-2.14593070102627,MAP_SCADA,83,0.018016070256321015
0,x_tcsc,1-14,-0.11238909219532701,78,-0.11343766201860646,MAP_SCADA,83,0.0010485698232794438
1,B_svc,2,0.18583281855938802,78,0.18585459451092773,MAP_SCADA,83,2.1775951539709792e-05
2,UPFC_Vsh,5-15,1.1047114060882188,78,1.107960640615965,MAP_SCADA,83,0.00324923452774617
3,UPFC_tsh,5-15,-0.23331161314458537,78,-0.23175616849637212,MAP_SCADA,83,0.00155544464821325
4,UPFC_Vse,5-15,0.060731876001881645,78,0.05934732149219731,MAP_SCADA,83,0.0013845545096843326
5,UPFC_tse,5-15,-2.1574975209251144,78,-2.14593070102627,MAP_SCADA,83,0.01156681989884456
0,x_tcsc,1-14,-0.11227674867262306,79,-0.11343766201860646,MAP_SCADA,83,0.0011609133459833942
1,B_svc,2,0.17798850759682364,79,0.18585459451092773,MAP_SCADA,83,0.007866086914104092
2,UPFC_Vsh,5-15,1.1091646776389321,79,1.107960640615965,MAP_SCADA,83,0.0012040370229671193
3,UPFC_tsh,5-15,-0.2318079257618266,79,-0.23175616849637212,MAP_SCADA,83,5.175726545447734e-05
4,UPFC_Vse,5-15,0.0602518094619551,79,0.05934732149219731,MAP_SCADA,83,0.0009044879697577904
5,UPFC_tse,5-15,-2.1581915717638798,79,-2.14593070102627,MAP_SCADA,83,0.012260870737609952
0,x_tcsc,1-14,-0.1103069614975914,80,-0.11343766201860646,MAP_SCADA,83,0.0031307005210150646
1,B_svc,2,0.1855188842432045,80,0.18585459451092773,MAP_SCADA,83,0.00033571026772322154
2,UPFC_Vsh,5-15,1.1082246409705168,80,1.107960640615965,MAP_SCADA,83,0.0002640003545517633
3,UPFC_tsh,5-15,-0.23237219805571732,80,-0.23175616849637212,MAP_SCADA,83,0.0006160295593451992
4,UPFC_Vse,5-15,0.06017729077889988,80,0.05934732149219731,MAP_SCADA,83,0.0008299692867025713
5,UPFC_tse,5-15,-2.1579965052878802,80,-2.14593070102627,MAP_SCADA,83,0.012065804261610413
0,x_tcsc,1-14,-0.11484420222689054,81,-0.11343766201860646,MAP_SCADA,83,0.0014065402082840822
1,B_svc,2,0.17324317502602474,81,0.18585459451092773,MAP_SCADA,83,0.012611419484902991
2,UPFC_Vsh,5-15,1.107767203557404,81,1.107960640615965,MAP_SCADA,83,0.0001934370585610079
3,UPFC_tsh,5-15,-0.23072723953847235,81,-0.23175616849637212,MAP_SCADA,83,0.0010289289578997718
4,UPFC_Vse,5-15,0.060976563935023265,81,0.05934732149219731,MAP_SCADA,83,0.0016292424428259525
5,UPFC_tse,5-15,-2.149647198018337,81,-2.14593070102627,MAP_SCADA,83,0.0037164969920673308
0,x_tcsc,1-14,-0.11180805607061052,82,-0.11343766201860646,MAP_SCADA,83,0.001629605947995938
1,B_svc,2,0.18178182354392003,82,0.18585459451092773,MAP_SCADA,83,0.0040727709670076995
2,UPFC_Vsh,5-15,1.1089313718683742,82,1.107960640615965,MAP_SCADA,83,0.0009707312524092071
3,UPFC_tsh,5-15,-0.2325040165114551,82,-0.23175616849637212,MAP_SCADA,83,0.0007478480150829858
4,UPFC_Vse,5-15,0.059750170374855985,82,0.05934732149219731,MAP_SCADA,83,0.00040284888265867264
5,UPFC_tse,5-15,-2.157267769739594,82,-2.14593070102627,MAP_SCADA,83,0.011337068713324072
0,x_tcsc,1-14,-0.11196594835243269,83,-0.11343766201860646,MAP_SCADA,83,0.0014717136661737684
1,B_svc,2,0.18358007288343284,83,0.18585459451092773,MAP_SCADA,83,0.002274521627494891
2,UPFC_Vsh,5-15,1.1066161622964277,83,1.107960640615965,MAP_SCADA,83,0.0013444783195373233
3,UPFC_tsh,5-15,-0.2338622644581635,83,-0.23175616849637212,MAP_SCADA,83,0.002106095961791371
4,UPFC_Vse,5-15,0.060341497574501454,83,0.05934732149219731,MAP_SCADA,83,0.000994176082304142
5,UPFC_tse,5-15,-2.1576262979870653,83,-2.14593070102627,MAP_SCADA,83,0.011695596960795474
0,x_tcsc,1-14,-0.11242372645679247,84,-0.11343766201860646,MAP_SCADA,83,0.0010139355618139917
1,B_svc,2,0.181063038342786,84,0.18585459451092773,MAP_SCADA,83,0.004791556168141725
2,UPFC_Vsh,5-15,1.1081734188444792,84,1.107960640615965,MAP_SCADA,83,0.0002127782285141766
3,UPFC_tsh,5-15,-0.23205042242021406,84,-0.23175616849637212,MAP_SCADA,83,0.0002942539238419417
4,UPFC_Vse,5-15,0.060297588621276065,84,0.05934732149219731,MAP_SCADA,83,0.0009502671290787523
5,UPFC_tse,5-15,-2.1552974337286637,84,-2.14593070102627,MAP_SCADA,83,0.009366732702393854
0,x_tcsc,1-14,-0.11184343666634057,85,-0.11343766201860646,MAP_SCADA,83,0.0015942253522658878
1,B_svc,2,0.18561959631485753,85,0.18585459451092773,MAP_SCADA,83,0.0002349981960702019
2,UPFC_Vsh,5-15,1.1067012175816726,85,1.107960640615965,MAP_SCADA,83,0.001259423034292384
3,UPFC_tsh,5-15,-0.23200039920807386,85,-0.23175616849637212,MAP_SCADA,83,0.00024423071170173727
4,UPFC_Vse,5-15,0.060508485515277884,85,0.05934732149219731,MAP_SCADA,83,0.0011611640230805714
5,UPFC_tse,5-15,-2.156137188259973,85,-2.14593070102627,MAP_SCADA,83,0.01020648723370332
0,x_tcsc,1-14,-0.11364135301624523,86,-0.11343766201860646,MAP_SCADA,83,0.00020369099763876963
1,B_svc,2,0.1821219783944858,86,0.18585459451092773,MAP_SCADA,83,0.0037326161164419336
2,UPFC_Vsh,5-15,1.107820798130156,86,1.107960640615965,MAP_SCADA,83,0.00013984248580900527
3,UPFC_tsh,5-15,-0.2322128959487655,86,-0.23175616849637212,MAP_SCADA,83,0.00045672745239339063
4,UPFC_Vse,5-15,0.060660300434416836,86,0.05934732149219731,MAP_SCADA,83,0.001312978942219524
5,UPFC_tse,5-15,-2.1513489737161597,86,-2.14593070102627,MAP_SCADA,83,0.005418272689889925
0,x_tcsc,1-14,-0.11243275414694069,87,-0.11343766201860646,MAP_SCADA,83,0.0010049078716657667
1,B_svc,2,0.18119025313673967,87,0.18585459451092773,MAP_SCADA,83,0.004664341374188058
2,UPFC_Vsh,5-15,1.1088940270782162,87,1.107960640615965,MAP_SCADA,83,0.0009333864622511623
3,UPFC_tsh,5-15,-0.2316124266592611,87,-0.23175616849637212,MAP_SCADA,83,0.00014374183711102217
4,UPFC_Vse,5-15,0.060193264965839675,87,0.05934732149219731,MAP_SCADA,83,0.0008459434736423632
5,UPFC_tse,5-15,-2.1547446105680494,87,-2.14593070102627,MAP_SCADA,83,0.00881390954177963
0,x_tcsc,1-14,-0.1117050885844963,88,-0.11343766201860646,MAP_SCADA,83,0.0017325734341101517
1,B_svc,2,0.18225177768878625,88,0.18585459451092773,MAP_SCADA,83,0.0036028168221414747
2,UPFC_Vsh,5-15,1.1091187232902788,88,1.107960640615965,MAP_SCADA,83,0.0011580826743138317
3,UPFC_tsh,5-15,-0.23202232715977783,88,-0.23175616849637212,MAP_SCADA,83,0.0002661586634057078
4,UPFC_Vse,5-15,0.060376671714547456,88,0.05934732149219731,MAP_SCADA,83,0.0010293502223501436
5,UPFC_tse,5-15,-2.162073760045472,88,-2.14593070102627,MAP_SCADA,83,0.01614305901920199
0,x_tcsc,1-14,-0.11379815943239346,89,-0.11343766201860646,MAP_SCADA,83,0.00036049741378700595
1,B_svc,2,0.1805462804774064,89,0.18585459451092773,MAP_SCADA,83,0.005308314033521333
2,UPFC_Vsh,5-15,1.1080653754934764,89,1.107960640615965,MAP_SCADA,83,0.0001047348775113921
3,UPFC_tsh,5-15,-0.2315678341219605,89,-0.23175616849637212,MAP_SCADA,83,0.00018833437441162504
4,UPFC_Vse,5-15,0.060031095941406064,89,0.05934732149219731,MAP_SCADA,83,0.0006837744492087516
5,UPFC_tse,5-15,-2.159275756025949,89,-2.14593070102627,MAP_SCADA,83,0.013345054999679196
0,x_tcsc,1-14,-0.11269324663045342,90,-0.11343766201860646,MAP_SCADA,83,0.0007444153881530358
1,B_svc,2,0.1821197549092243,90,0.18585459451092773,MAP_SCADA,83,0.003734839601703427
2,UPFC_Vsh,5-15,1.1062962965124052,90,1.107960640615965,MAP_SCADA,83,0.0016643441035597561
3,UPFC_tsh,5-15,-0.23417220359261745,90,-0.23175616849637212,MAP_SCADA,83,0.002416035096245328
4,UPFC_Vse,5-15,0.060051107680717156,90,0.05934732149219731,MAP_SCADA,83,0.0007037861885198435
5,UPFC_tse,5-15,-2.157194858291217,90,-2.14593070102627,MAP_SCADA,83,0.011264157264947006
0,x_tcsc,1-14,-0.11164315453934559,91,-0.11343766201860646,MAP_SCADA,83,0.0017945074792608678
1,B_svc,2,0.18654973269484112,91,0.18585459451092773,MAP_SCADA,83,0.0006951381839133963
2,UPFC_Vsh,5-15,1.1068988496328513,91,1.107960640615965,MAP_SCADA,83,0.001061790983113653
3,UPFC_tsh,5-15,-0.23361650316009025,91,-0.23175616849637212,MAP_SCADA,83,0.0018603346637181273
4,UPFC_Vse,5-15,0.060603644534026314,91,0.05934732149219731,MAP_SCADA,83,0.0012563230418290022
5,UPFC_tse,5-15,-2.1555270160668036,91,-2.14593070102627,MAP_SCADA,83,0.00959631504053382
0,x_tcsc,1-14,-0.11320362379910998,92,-0.11343766201860646,MAP_SCADA,83,0.0002340382194964824
1,B_svc,2,0.1817882088694763,92,0.18585459451092773,MAP_SCADA,83,0.0040663856414514254
2,UPFC_Vsh,5-15,1.1076439408886294,92,1.107960640615965,MAP_SCADA,83,0.000316699727335612
3,UPFC_tsh,5-15,-0.23202215347050792,92,-0.23175616849637212,MAP_SCADA,83,0.0002659849741357967
4,UPFC_Vse,5-15,0.06037604036313058,92,0.05934732149219731,MAP_SCADA,83,0.0010287188709332679
5,UPFC_tse,5-15,-2.158383119696829,92,-2.14593070102627,MAP_SCADA,83,0.01245241867055924
0,x_tcsc,1-14,-0.10898873491513596,93,-0.11343766201860646,MAP_SCADA,83,0.004448927103470501
1,B_svc,2,0.19068847968051864,93,0.18585459451092773,MAP_SCADA,83,0.004833885169590907
2,UPFC_Vsh,5-15,1.1066670030248402,93,1.107960640615965,MAP_SCADA,83,0.0012936375911247744
3,UPFC_tsh,5-15,-0.23438533687847693,93,-0.23175616849637212,MAP_SCADA,83,0.0026291683821048073
4,UPFC_Vse,5-15,0.06075473700274517,93,0.05934732149219731,MAP_SCADA,83,0.0014074155105478561
5,UPFC_tse,5-15,-2.1592122319698612,93,-2.14593070102627,MAP_SCADA,83,0.013281530943591413
0,x_tcsc,1-14,-0.11178711151202753,94,-0.11343766201860646,MAP_SCADA,83,0.0016505505065789322
1,B_svc,2,0.1862241898982063,94,0.18585459451092773,MAP_SCADA,83,0.00036959538727857066
2,UPFC_Vsh,5-15,1.1073746068132924,94,1.107960640615965,MAP_SCADA,83,0.0005860338026726364
3,UPFC_tsh,5-15,-0.23271118962076062,94,-0.23175616849637212,MAP_SCADA,83,0.0009550211243884998
4,UPFC_Vse,5-15,0.05974367351699315,94,0.05934732149219731,MAP_SCADA,83,0.00039635202479583465
5,UPFC_tse,5-15,-2.1591837303616974,94,-2.14593070102627,MAP_SCADA,83,0.013253029335427602
0,x_tcsc,1-14,-0.11281811211419954,95,-0.11343766201860646,MAP_SCADA,83,0.0006195499044069214
1,B_svc,2,0.1798423535605849,95,0.18585459451092773,MAP_SCADA,83,0.006012240950342834
2,UPFC_Vsh,5-15,1.1107640975000732,95,1.107960640615965,MAP_SCADA,83,0.002803456884108213
3,UPFC_tsh,5-15,-0.23130359362426886,95,-0.23175616849637212,MAP_SCADA,83,0.00045257487210326186
4,UPFC_Vse,5-15,0.060407635714608096,95,0.05934732149219731,MAP_SCADA,83,0.001060314222410784
5,UPFC_tse,5-15,-2.15105994964005,95,-2.14593070102627,MAP_SCADA,83,0.0051292486137803905
0,x_tcsc,1-14,-0.11195570137059803,96,-0.11343766201860646,MAP_SCADA,83,0.001481960648008429
1,B_svc,2,0.18764742666765016,96,0.18585459451092773,MAP_SCADA,83,0.0017928321567224348
2,UPFC_Vsh,5-15,1.109255661757014,96,1.107960640615965,MAP_SCADA,83,0.0012950211410489576
3,UPFC_tsh,5-15,-0.23200538249675867,96,-0.23175616849637212,MAP_SCADA,83,0.0002492140003865495
4,UPFC_Vse,5-15,0.06062835131201776,96,0.05934732149219731,MAP_SCADA,83,0.0012810298198204506
5,UPFC_tse,5-15,-2.1573787027016547,96,-2.14593070102627,MAP_SCADA,83,0.011448001675384845
0,x_tcsc,1-14,-0.11174140659467031,97,-0.11343766201860646,MAP_SCADA,83,0.0016962554239361438
1,B_svc,2,0.18426488750022654,97,0.18585459451092773,MAP_SCADA,83,0.0015897070107011857
2,UPFC_Vsh,5-15,1.108756821574409,97,1.107960640615965,MAP_SCADA,83,0.000796180958444026
3,UPFC_tsh,5-15,-0.23306784874770028,97,-0.23175616849637212,MAP_SCADA,83,0.0013116802513281622
4,UPFC_Vse,5-15,0.059787575256518455,97,0.05934732149219731,MAP_SCADA,83,0.00044025376432114266
5,UPFC_tse,5-15,-2.1580555421623253,97,-2.14593070102627,MAP_SCADA,83,0.012124841136055498
0,x_tcsc,1-14,-0.11246565688486991,98,-0.11343766201860646,MAP_SCADA,83,0.0009720051337365476
1,B_svc,2,0.18285318023999722,98,0.18585459451092773,MAP_SCADA,83,0.003001414270930508
2,UPFC_Vsh,5-15,1.109484306840395,98,1.107960640615965,MAP_SCADA,83,0.0015236662244300092
3,UPFC_tsh,5-15,-0.23208286556886998,98,-0.23175616849637212,MAP_SCADA,83,0.00032669707249785573
4,UPFC_Vse,5-15,0.0605315567883521,98,0.05934732149219731,MAP_SCADA,83,0.001184235296154787
5,UPFC_tse,5-15,-2.1553071214667407,98,-2.14593070102627,MAP_SCADA,83,0.009376420440470934
0,x_tcsc,1-14,-0.1137018084065269,99,-0.11343766201860646,MAP_SCADA,83,0.00026414638792043865
1,B_svc,2,0.17857495229728937,99,0.18585459451092773,MAP_SCADA,83,0.00727964221363836
2,UPFC_Vsh,5-15,1.1088238971653452,99,1.107960640615965,MAP_SCADA,83,0.0008632565493802424
3,UPFC_tsh,5-15,-0.23186387590410268,99,-0.23175616849637212,MAP_SCADA,83,0.0001077074077305562
4,UPFC_Vse,5-15,0.06031676127760777,99,0.05934732149219731,MAP_SCADA,83,0.0009694397854104544
5,UPFC_tse,5-15,-2.153187140622384,99,-2.14593070102627,MAP_SCADA,83,0.007256439596114106
0,x_tcsc,1-14,-0.1089531511781327,0,-0.11040985282864853,MAP_SCADA,85,0.0014567016505158265
1,B_svc,2,0.1897935387956435,0,0.18126553449427296,MAP_SCADA,85,0.008528004301370545
2,UPFC_Vsh,5-15,1.1087431100620921,0,1.1098607262901983,MAP_SCADA,85,0.001117616228106133
3,UPFC_tsh,5-15,-0.23330975381613128,0,-0.23533904091090277,MAP_SCADA,85,0.002029287094771487
4,UPFC_Vse,5-15,0.059910786553985726,0,0.058148021648923076,MAP_SCADA,85,0.0017627649050626498
5,UPFC_tse,5-15,-2.1617541252362744,0,-2.1452626109895707,MAP_SCADA,85,0.016491514246703698
0,x_tcsc,1-14,-0.111586134031699,1,-0.11040985282864853,MAP_SCADA,85,0.0011762812030504666
1,B_svc,2,0.18277825912481013,1,0.18126553449427296,MAP_SCADA,85,0.001512724630537171
2,UPFC_Vsh,5-15,1.1082234287991541,1,1.1098607262901983,MAP_SCADA,85,0.0016372974910441318
3,UPFC_tsh,5-15,-0.23190643054264615,1,-0.23533904091090277,MAP_SCADA,85,0.0034326103682566222
4,UPFC_Vse,5-15,0.06059477305551764,1,0.058148021648923076,MAP_SCADA,85,0.0024467514065945606
5,UPFC_tse,5-15,-2.1540585190564276,1,-2.1452626109895707,MAP_SCADA,85,0.008795908066856928
0,x_tcsc,1-14,-0.11211395804478234,2,-0.11040985282864853,MAP_SCADA,85,0.0017041052161338166
1,B_svc,2,0.1868625727668949,2,0.18126553449427296,MAP_SCADA,85,0.005597038272621951
2,UPFC_Vsh,5-15,1.1067411309471762,2,1.1098607262901983,MAP_SCADA,85,0.0031195953430220857
3,UPFC_tsh,5-15,-0.2331739941656229,2,-0.23533904091090277,MAP_SCADA,85,0.0021650467452798694
4,UPFC_Vse,5-15,0.0609363740875178,2,0.058148021648923076,MAP_SCADA,85,0.002788352438594724
5,UPFC_tse,5-15,-2.152871154024673,2,-2.1452626109895707,MAP_SCADA,85,0.0076085430351025
0,x_tcsc,1-14,-0.11285742257812492,3,-0.11040985282864853,MAP_SCADA,85,0.0024475697494763943
1,B_svc,2,0.18539429171333982,3,0.18126553449427296,MAP_SCADA,85,0.004128757219066859
2,UPFC_Vsh,5-15,1.1081386969229026,3,1.1098607262901983,MAP_SCADA,85,0.0017220293672957077
3,UPFC_tsh,5-15,-0.2324863078339946,3,-0.23533904091090277,MAP_SCADA,85,0.0028527330769081705
4,UPFC_Vse,5-15,0.06048900561970597,3,0.058148021648923076,MAP_SCADA,85,0.0023409839707828964
5,UPFC_tse,5-15,-2.1551872012743307,3,-2.1452626109895707,MAP_SCADA,85,0.009924590284760004
0,x_tcsc,1-14,-0.11231476988244248,4,-0.11040985282864853,MAP_SCADA,85,0.0019049170537939475
1,B_svc,2,0.18572521980578321,4,0.18126553449427296,MAP_SCADA,85,0.004459685311510253
2,UPFC_Vsh,5-15,1.1056512600233495,4,1.1098607262901983,MAP_SCADA,85,0.004209466266848816
3,UPFC_tsh,5-15,-0.2338904834461942,4,-0.23533904091090277,MAP_SCADA,85,0.0014485574647085664
4,UPFC_Vse,5-15,0.060121854908355796,4,0.058148021648923076,MAP_SCADA,85,0.0019738332594327196
5,UPFC_tse,5-15,-2.1592578402365357,4,-2.1452626109895707,MAP_SCADA,85,0.013995229246964946
0,x_tcsc,1-14,-0.11178525041785418,5,-0.11040985282864853,MAP_SCADA,85,0.001375397589205657
1,B_svc,2,0.18343692280570392,5,0.18126553449427296,MAP_SCADA,85,0.0021713883114309607
2,UPFC_Vsh,5-15,1.109880077816995,5,1.1098607262901983,MAP_SCADA,85,1.9351526796773655e-05
3,UPFC_tsh,5-15,-0.2309144059831098,5,-0.23533904091090277,MAP_SCADA,85,0.004424634927792964
4,UPFC_Vse,5-15,0.0603194722178149,5,0.058148021648923076,MAP_SCADA,85,0.002171450568891821
5,UPFC_tse,5-15,-2.155318859766885,5,-2.1452626109895707,MAP_SCADA,85,0.01005624877731437
0,x_tcsc,1-14,-0.11333459791028293,6,-0.11040985282864853,MAP_SCADA,85,0.0029247450816344
1,B_svc,2,0.18041966252582461,6,0.18126553449427296,MAP_SCADA,85,0.0008458719684483473
2,UPFC_Vsh,5-15,1.1072648590523495,6,1.1098607262901983,MAP_SCADA,85,0.00259586723784877
3,UPFC_tsh,5-15,-0.23253037627372858,6,-0.23533904091090277,MAP_SCADA,85,0.002808664637174191
4,UPFC_Vse,5-15,0.0600837156301815,6,0.058148021648923076,MAP_SCADA,85,0.001935693981258424
5,UPFC_tse,5-15,-2.1559922176239676,6,-2.1452626109895707,MAP_SCADA,85,0.010729606634396927
0,x_tcsc,1-14,-0.11436276256544746,7,-0.11040985282864853,MAP_SCADA,85,0.003952909736798932
1,B_svc,2,0.17578589143797024,7,0.18126553449427296,MAP_SCADA,85,0.005479643056302719
2,UPFC_Vsh,5-15,1.1090257321918613,7,1.1098607262901983,MAP_SCADA,85,0.000834994098336983
3,UPFC_tsh,5-15,-0.230752004160547,7,-0.23533904091090277,MAP_SCADA,85,0.004587036750355766
4,UPFC_Vse,5-15,0.06009782334247497,7,0.058148021648923076,MAP_SCADA,85,0.0019498016935518905
5,UPFC_tse,5-15,-2.1532896030355704,7,-2.1452626109895707,MAP_SCADA,85,0.008026992045999659
0,x_tcsc,1-14,-0.11346472153441553,8,-0.11040985282864853,MAP_SCADA,85,0.0030548687057670026
1,B_svc,2,0.18048286210943015,8,0.18126553449427296,MAP_SCADA,85,0.0007826723848428085
2,UPFC_Vsh,5-15,1.108480483695338,8,1.1098607262901983,MAP_SCADA,85,0.0013802425948603592
3,UPFC_tsh,5-15,-0.23109403596665595,8,-0.23533904091090277,MAP_SCADA,85,0.004245004944246816
4,UPFC_Vse,5-15,0.05989475052534988,8,0.058148021648923076,MAP_SCADA,85,0.0017467288764268021
5,UPFC_tse,5-15,-2.153008952867411,8,-2.1452626109895707,MAP_SCADA,85,0.00774634187784029
0,x_tcsc,1-14,-0.11177440719091994,9,-0.11040985282864853,MAP_SCADA,85,0.0013645543622714112
1,B_svc,2,0.18671012434317674,9,0.18126553449427296,MAP_SCADA,85,0.00544458984890378
2,UPFC_Vsh,5-15,1.1037795807258335,9,1.1098607262901983,MAP_SCADA,85,0.006081145564364787
3,UPFC_tsh,5-15,-0.23448940288511175,9,-0.23533904091090277,MAP_SCADA,85,0.0008496380257910219
4,UPFC_Vse,5-15,0.06104008593960212,9,0.058148021648923076,MAP_SCADA,85,0.002892064290679043
5,UPFC_tse,5-15,-2.1543496412886083,9,-2.1452626109895707,MAP_SCADA,85,0.009087030299037568
0,x_tcsc,1-14,-0.11194494997492009,10,-0.11040985282864853,MAP_SCADA,85,0.0015350971462715635
1,B_svc,2,0.18561780207658218,10,0.18126553449427296,MAP_SCADA,85,0.004352267582309222
2,UPFC_Vsh,5-15,1.1077955580647714,10,1.1098607262901983,MAP_SCADA,85,0.0020651682254269055
3,UPFC_tsh,5-15,-0.23357350457639295,10,-0.23533904091090277,MAP_SCADA,85,0.0017655363345098207
4,UPFC_Vse,5-15,0.06104911978819504,10,0.058148021648923076,MAP_SCADA,85,0.0029010981392719667
5,UPFC_tse,5-15,-2.1542087215643924,10,-2.1452626109895707,MAP_SCADA,85,0.008946110574821642
0,x_tcsc,1-14,-0.11144691933862402,11,-0.11040985282864853,MAP_SCADA,85,0.0010370665099754955
1,B_svc,2,0.18733135995158337,11,0.18126553449427296,MAP_SCADA,85,0.006065825457310409
2,UPFC_Vsh,5-15,1.106233756598256,11,1.1098607262901983,MAP_SCADA,85,0.0036269696919422056
3,UPFC_tsh,5-15,-0.23400144609007603,11,-0.23533904091090277,MAP_SCADA,85,0.0013375948208267374
4,UPFC_Vse,5-15,0.06022611964382545,11,0.058148021648923076,MAP_SCADA,85,0.0020780979949023767
5,UPFC_tse,5-15,-2.15561983957537,11,-2.1452626109895707,MAP_SCADA,85,0.010357228585799128
0,x_tcsc,1-14,-0.11335974657529489,12,-0.11040985282864853,MAP_SCADA,85,0.002949893746646365
1,B_svc,2,0.18052980160149132,12,0.18126553449427296,MAP_SCADA,85,0.0007357328927816431
2,UPFC_Vsh,5-15,1.1072101395226248,12,1.1098607262901983,MAP_SCADA,85,0.0026505867675734596
3,UPFC_tsh,5-15,-0.23235149981375186,12,-0.23533904091090277,MAP_SCADA,85,0.0029875410971509087
4,UPFC_Vse,5-15,0.06105168575186966,12,0.058148021648923076,MAP_SCADA,85,0.002903664102946582
5,UPFC_tse,5-15,-2.1503334819797124,12,-2.1452626109895707,MAP_SCADA,85,0.005070870990141696
0,x_tcsc,1-14,-0.11211623931164033,13,-0.11040985282864853,MAP_SCADA,85,0.0017063864829918035
1,B_svc,2,0.18705823005723368,13,0.18126553449427296,MAP_SCADA,85,0.00579269556296072
2,UPFC_Vsh,5-15,1.1059065780904005,13,1.1098607262901983,MAP_SCADA,85,0.00395414819979778
3,UPFC_tsh,5-15,-0.23398759186968957,13,-0.23533904091090277,MAP_SCADA,85,0.001351449041213204
4,UPFC_Vse,5-15,0.06032973274826177,13,0.058148021648923076,MAP_SCADA,85,0.002181711099338693
5,UPFC_tse,5-15,-2.1569813122485124,13,-2.1452626109895707,MAP_SCADA,85,0.0117187012589417
0,x_tcsc,1-14,-0.1137714289763915,14,-0.11040985282864853,MAP_SCADA,85,0.0033615761477429756
1,B_svc,2,0.1830696590076973,14,0.18126553449427296,MAP_SCADA,85,0.0018041245134243489
2,UPFC_Vsh,5-15,1.1082720687885226,14,1.1098607262901983,MAP_SCADA,85,0.0015886575016756943
3,UPFC_tsh,5-15,-0.23205392329338764,14,-0.23533904091090277,MAP_SCADA,85,0.0032851176175151264
4,UPFC_Vse,5-15,0.060411104500337556,14,0.058148021648923076,MAP_SCADA,85,0.00226308285141448
5,UPFC_tse,5-15,-2.1558802644963175,14,-2.1452626109895707,MAP_SCADA,85,0.010617653506746816
0,x_tcsc,1-14,-0.11331493961116607,15,-0.11040985282864853,MAP_SCADA,85,0.002905086782517538
1,B_svc,2,0.1800813984044449,15,0.18126553449427296,MAP_SCADA,85,0.001184136089828064
2,UPFC_Vsh,5-15,1.107314408698073,15,1.1098607262901983,MAP_SCADA,85,0.0025463175921252024
3,UPFC_tsh,5-15,-0.23205643090968373,15,-0.23533904091090277,MAP_SCADA,85,0.003282610001219044
4,UPFC_Vse,5-15,0.059873090964751116,15,0.058148021648923076,MAP_SCADA,85,0.00172506931582804
5,UPFC_tse,5-15,-2.155007128440672,15,-2.1452626109895707,MAP_SCADA,85,0.009744517451101498
0,x_tcsc,1-14,-0.1122306884762184,16,-0.11040985282864853,MAP_SCADA,85,0.0018208356475698656
1,B_svc,2,0.18775249902392893,16,0.18126553449427296,MAP_SCADA,85,0.00648696452965597
2,UPFC_Vsh,5-15,1.1049647892610377,16,1.1098607262901983,MAP_SCADA,85,0.00489593702916058
3,UPFC_tsh,5-15,-0.2330079098466535,16,-0.23533904091090277,MAP_SCADA,85,0.002331131064249259
4,UPFC_Vse,5-15,0.06113724250918414,16,0.058148021648923076,MAP_SCADA,85,0.0029892208602610645
5,UPFC_tse,5-15,-2.157423881875138,16,-2.1452626109895707,MAP_SCADA,85,0.012161270885567177
0,x_tcsc,1-14,-0.11263036020353481,17,-0.11040985282864853,MAP_SCADA,85,0.0022205073748862852
1,B_svc,2,0.1817837233928617,17,0.18126553449427296,MAP_SCADA,85,0.000518188898588734
2,UPFC_Vsh,5-15,1.1084114438149966,17,1.1098607262901983,MAP_SCADA,85,0.0014492824752017075
3,UPFC_tsh,5-15,-0.23144867598779334,17,-0.23533904091090277,MAP_SCADA,85,0.0038903649231094295
4,UPFC_Vse,5-15,0.060318116756721364,17,0.058148021648923076,MAP_SCADA,85,0.002170095107798288
5,UPFC_tse,5-15,-2.153541067371644,17,-2.1452626109895707,MAP_SCADA,85,0.008278456382073252
0,x_tcsc,1-14,-0.1123168833646532,18,-0.11040985282864853,MAP_SCADA,85,0.0019070305360046752
1,B_svc,2,0.18114343012589246,18,0.18126553449427296,MAP_SCADA,85,0.00012210436838050454
2,UPFC_Vsh,5-15,1.108076754568016,18,1.1098607262901983,MAP_SCADA,85,0.0017839717221823648
3,UPFC_tsh,5-15,-0.2320082068359299,18,-0.23533904091090277,MAP_SCADA,85,0.003330834074972866
4,UPFC_Vse,5-15,0.06041732067962146,18,0.058148021648923076,MAP_SCADA,85,0.0022692990306983837
5,UPFC_tse,5-15,-2.1552625136309573,18,-2.1452626109895707,MAP_SCADA,85,0.009999902641386615
0,x_tcsc,1-14,-0.11164424108868416,19,-0.11040985282864853,MAP_SCADA,85,0.0012343882600356348
1,B_svc,2,0.18040424893429052,19,0.18126553449427296,MAP_SCADA,85,0.0008612855599824387
2,UPFC_Vsh,5-15,1.108871364654878,19,1.1098607262901983,MAP_SCADA,85,0.0009893616353202628
3,UPFC_tsh,5-15,-0.2324105075658558,19,-0.23533904091090277,MAP_SCADA,85,0.002928533345046974
4,UPFC_Vse,5-15,0.061155322165232597,19,0.058148021648923076,MAP_SCADA,85,0.0030073005163095204
5,UPFC_tse,5-15,-2.154669972733158,19,-2.1452626109895707,MAP_SCADA,85,0.009407361743587472
0,x_tcsc,1-14,-0.11274782327049446,20,-0.11040985282864853,MAP_SCADA,85,0.0023379704418459296
1,B_svc,2,0.18459454920584656,20,0.18126553449427296,MAP_SCADA,85,0.003329014711573597
2,UPFC_Vsh,5-15,1.108006286307207,20,1.1098607262901983,MAP_SCADA,85,0.001854439982991174
3,UPFC_tsh,5-15,-0.23191990543603197,20,-0.23533904091090277,MAP_SCADA,85,0.003419135474870799
4,UPFC_Vse,5-15,0.06008050852103739,20,0.058148021648923076,MAP_SCADA,85,0.0019324868721143154
5,UPFC_tse,5-15,-2.1567097345688575,20,-2.1452626109895707,MAP_SCADA,85,0.011447123579286789
0,x_tcsc,1-14,-0.11169414259952308,21,-0.11040985282864853,MAP_SCADA,85,0.0012842897708745526
1,B_svc,2,0.1857776632719838,21,0.18126553449427296,MAP_SCADA,85,0.004512128777710844
2,UPFC_Vsh,5-15,1.108184785877071,21,1.1098607262901983,MAP_SCADA,85,0.0016759404131272415
3,UPFC_tsh,5-15,-0.23273179667649846,21,-0.23533904091090277,MAP_SCADA,85,0.00260724423440431
4,UPFC_Vse,5-15,0.05992770845896655,21,0.058148021648923076,MAP_SCADA,85,0.0017796868100434723
5,UPFC_tse,5-15,-2.1568349329799426,21,-2.1452626109895707,MAP_SCADA,85,0.011572321990371837
0,x_tcsc,1-14,-0.11260572090998863,22,-0.11040985282864853,MAP_SCADA,85,0.002195868081340105
1,B_svc,2,0.18071338323253047,22,0.18126553449427296,MAP_SCADA,85,0.0005521512617424895
2,UPFC_Vsh,5-15,1.106722196604619,22,1.1098607262901983,MAP_SCADA,85,0.003138529685579261
3,UPFC_tsh,5-15,-0.23240057224166638,22,-0.23533904091090277,MAP_SCADA,85,0.002938468669236388
4,UPFC_Vse,5-15,0.059859672432762606,22,0.058148021648923076,MAP_SCADA,85,0.00171165078383953
5,UPFC_tse,5-15,-2.1554046999392504,22,-2.1452626109895707,MAP_SCADA,85,0.010142088949679717
0,x_tcsc,1-14,-0.10863106555895048,23,-0.11040985282864853,MAP_SCADA,85,0.0017787872696980456
1,B_svc,2,0.19440583723342642,23,0.18126553449427296,MAP_SCADA,85,0.013140302739153453
2,UPFC_Vsh,5-15,1.1056047474826858,23,1.1098607262901983,MAP_SCADA,85,0.004255978807512495
3,UPFC_tsh,5-15,-0.23553602350049807,23,-0.23533904091090277,MAP_SCADA,85,0.00019698258959530146
4,UPFC_Vse,5-15,0.06062491232048908,23,0.058148021648923076,MAP_SCADA,85,0.0024768906715660066
5,UPFC_tse,5-15,-2.1604370235879395,23,-2.1452626109895707,MAP_SCADA,85,0.015174412598368825
0,x_tcsc,1-14,-0.11358461640106417,24,-0.11040985282864853,MAP_SCADA,85,0.0031747635724156398
1,B_svc,2,0.17847299555661278,24,0.18126553449427296,MAP_SCADA,85,0.002792538937660183
2,UPFC_Vsh,5-15,1.1077453708357268,24,1.1098607262901983,MAP_SCADA,85,0.0021153554544715014
3,UPFC_tsh,5-15,-0.23118967241909189,24,-0.23533904091090277,MAP_SCADA,85,0.004149368491810884
4,UPFC_Vse,5-15,0.06001689749729636,24,0.058148021648923076,MAP_SCADA,85,0.0018688758483732873
5,UPFC_tse,5-15,-2.1543010736861428,24,-2.1452626109895707,MAP_SCADA,85,0.009038462696572047
0,x_tcsc,1-14,-0.11320004043012336,25,-0.11040985282864853,MAP_SCADA,85,0.002790187601474828
1,B_svc,2,0.17941167260829785,25,0.18126553449427296,MAP_SCADA,85,0.001853861885975111
2,UPFC_Vsh,5-15,1.1101974435380184,25,1.1098607262901983,MAP_SCADA,85,0.0003367172478201397
3,UPFC_tsh,5-15,-0.23031717049236608,25,-0.23533904091090277,MAP_SCADA,85,0.005021870418536689
4,UPFC_Vse,5-15,0.05996830578511454,25,0.058148021648923076,MAP_SCADA,85,0.0018202841361914662
5,UPFC_tse,5-15,-2.1553668754708863,25,-2.1452626109895707,MAP_SCADA,85,0.010104264481315628
0,x_tcsc,1-14,-0.11212214964649692,26,-0.11040985282864853,MAP_SCADA,85,0.0017122968178483883
1,B_svc,2,0.1816223075761155,26,0.18126553449427296,MAP_SCADA,85,0.0003567730818425374
2,UPFC_Vsh,5-15,1.1082064053681402,26,1.1098607262901983,MAP_SCADA,85,0.0016543209220580835
3,UPFC_tsh,5-15,-0.23179014857039898,26,-0.23533904091090277,MAP_SCADA,85,0.0035488923405037898
4,UPFC_Vse,5-15,0.060238724303090414,26,0.058148021648923076,MAP_SCADA,85,0.002090702654167338
5,UPFC_tse,5-15,-2.1599186635184866,26,-2.1452626109895707,MAP_SCADA,85,0.014656052528915886
0,x_tcsc,1-14,-0.11119204081336112,27,-0.11040985282864853,MAP_SCADA,85,0.0007821879847125929
1,B_svc,2,0.1842705258074126,27,0.18126553449427296,MAP_SCADA,85,0.0030049913131396377
2,UPFC_Vsh,5-15,1.1059116452390325,27,1.1098607262901983,MAP_SCADA,85,0.003949081051165759
3,UPFC_tsh,5-15,-0.23295759170996305,27,-0.23533904091090277,MAP_SCADA,85,0.002381449200939717
4,UPFC_Vse,5-15,0.06053072554552834,27,0.058148021648923076,MAP_SCADA,85,0.002382703896605262
5,UPFC_tse,5-15,-2.1561425446031106,27,-2.1452626109895707,MAP_SCADA,85,0.010879933613539894
0,x_tcsc,1-14,-0.11078516593243308,28,-0.11040985282864853,MAP_SCADA,85,0.0003753131037845525
1,B_svc,2,0.1862073014298553,28,0.18126553449427296,MAP_SCADA,85,0.004941766935582348
2,UPFC_Vsh,5-15,1.105306562887327,28,1.1098607262901983,MAP_SCADA,85,0.004554163402871181
3,UPFC_tsh,5-15,-0.2340897760936502,28,-0.23533904091090277,MAP_SCADA,85,0.001249264817252571
4,UPFC_Vse,5-15,0.06031540260348843,28,0.058148021648923076,MAP_SCADA,85,0.002167380954565354
5,UPFC_tse,5-15,-2.159848933017864,28,-2.1452626109895707,MAP_SCADA,85,0.014586322028293353
0,x_tcsc,1-14,-0.11114633594373284,29,-0.11040985282864853,MAP_SCADA,85,0.0007364831150843132
1,B_svc,2,0.18515795790093445,29,0.18126553449427296,MAP_SCADA,85,0.0038924234066614882
2,UPFC_Vsh,5-15,1.1077676810944392,29,1.1098607262901983,MAP_SCADA,85,0.0020930451957590357
3,UPFC_tsh,5-15,-0.2328826952361252,29,-0.23533904091090277,MAP_SCADA,85,0.002456345674777566
4,UPFC_Vse,5-15,0.06039577683997066,29,0.058148021648923076,MAP_SCADA,85,0.0022477551910475846
5,UPFC_tse,5-15,-2.155335140690537,29,-2.1452626109895707,MAP_SCADA,85,0.010072529700966282
0,x_tcsc,1-14,-0.11216068815257503,30,-0.11040985282864853,MAP_SCADA,85,0.0017508353239265029
1,B_svc,2,0.17704446044748634,30,0.18126553449427296,MAP_SCADA,85,0.0042210740467866215
2,UPFC_Vsh,5-15,1.109683072820936,30,1.1098607262901983,MAP_SCADA,85,0.00017765346926235104
3,UPFC_tsh,5-15,-0.23174778760842352,30,-0.23533904091090277,MAP_SCADA,85,0.0035912533024792526
4,UPFC_Vse,5-15,0.06019310784890161,30,0.058148021648923076,MAP_SCADA,85,0.0020450861999785352
5,UPFC_tse,5-15,-2.1564072150031643,30,-2.1452626109895707,MAP_SCADA,85,0.011144604013593629
0,x_tcsc,1-14,-0.11251342636674841,31,-0.11040985282864853,MAP_SCADA,85,0.0021035735380998816
1,B_svc,2,0.1831099893073962,31,0.18126553449427296,MAP_SCADA,85,0.0018444548131232308
2,UPFC_Vsh,5-15,1.1078159760395527,31,1.1098607262901983,MAP_SCADA,85,0.002044750250645544
3,UPFC_tsh,5-15,-0.23189856588754654,31,-0.23533904091090277,MAP_SCADA,85,0.003440475023356232
4,UPFC_Vse,5-15,0.06007672510263565,31,0.058148021648923076,MAP_SCADA,85,0.0019287034537125713
5,UPFC_tse,5-15,-2.1587524619933207,31,-2.1452626109895707,MAP_SCADA,85,0.013489851003749997
0,x_tcsc,1-14,-0.10935089542807824,32,-0.11040985282864853,MAP_SCADA,85,0.0010589574005702845
1,B_svc,2,0.18873592910746403,32,0.18126553449427296,MAP_SCADA,85,0.0074703946131910726
2,UPFC_Vsh,5-15,1.109038949726816,32,1.1098607262901983,MAP_SCADA,85,0.000821776563382226
3,UPFC_tsh,5-15,-0.2330027710688704,32,-0.23533904091090277,MAP_SCADA,85,0.0023362698420323624
4,UPFC_Vse,5-15,0.05985014716756717,32,0.058148021648923076,MAP_SCADA,85,0.0017021255186440917
5,UPFC_tse,5-15,-2.1617669058380433,32,-2.1452626109895707,MAP_SCADA,85,0.0165042948484726
0,x_tcsc,1-14,-0.11132959920201867,33,-0.11040985282864853,MAP_SCADA,85,0.0009197463733701394
1,B_svc,2,0.18595327212098606,33,0.18126553449427296,MAP_SCADA,85,0.0046877376267130955
2,UPFC_Vsh,5-15,1.108084565723442,33,1.1098607262901983,MAP_SCADA,85,0.0017761605667563352
3,UPFC_tsh,5-15,-0.2321353180308911,33,-0.23533904091090277,MAP_SCADA,85,0.003203722880011667
4,UPFC_Vse,5-15,0.06002017416798528,33,0.058148021648923076,MAP_SCADA,85,0.0018721525190622049
5,UPFC_tse,5-15,-2.157033850389164,33,-2.1452626109895707,MAP_SCADA,85,0.011771239399593458
0,x_tcsc,1-14,-0.11034198001640978,34,-0.11040985282864853,MAP_SCADA,85,6.787281223874508e-05
1,B_svc,2,0.18678599517759245,34,0.18126553449427296,MAP_SCADA,85,0.005520460683319489
2,UPFC_Vsh,5-15,1.1085563560496479,34,1.1098607262901983,MAP_SCADA,85,0.001304370240550412
3,UPFC_tsh,5-15,-0.23312360340740504,34,-0.23533904091090277,MAP_SCADA,85,0.0022154375034977303
4,UPFC_Vse,5-15,0.060366956294376876,34,0.058148021648923076,MAP_SCADA,85,0.0022189346454538003
5,UPFC_tse,5-15,-2.1581320522383804,34,-2.1452626109895707,MAP_SCADA,85,0.012869441248809732
0,x_tcsc,1-14,-0.11311317898577221,35,-0.11040985282864853,MAP_SCADA,85,0.002703326157123681
1,B_svc,2,0.18325163162252295,35,0.18126553449427296,MAP_SCADA,85,0.001986097128249986
2,UPFC_Vsh,5-15,1.1098842983230832,35,1.1098607262901983,MAP_SCADA,85,2.357203288494425e-05
3,UPFC_tsh,5-15,-0.23130759162507253,35,-0.23533904091090277,MAP_SCADA,85,0.004031449285830241
4,UPFC_Vse,5-15,0.06016391902929492,35,0.058148021648923076,MAP_SCADA,85,0.002015897380371841
5,UPFC_tse,5-15,-2.1548243799234137,35,-2.1452626109895707,MAP_SCADA,85,0.009561768933842973
0,x_tcsc,1-14,-0.1149720819539307,36,-0.11040985282864853,MAP_SCADA,85,0.0045622291252821745
1,B_svc,2,0.1750447967126657,36,0.18126553449427296,MAP_SCADA,85,0.006220737781607255
2,UPFC_Vsh,5-15,1.1102778223388667,36,1.1098607262901983,MAP_SCADA,85,0.00041709604866846384
3,UPFC_tsh,5-15,-0.22961423202170334,36,-0.23533904091090277,MAP_SCADA,85,0.005724808889199434
4,UPFC_Vse,5-15,0.060175439493694916,36,0.058148021648923076,MAP_SCADA,85,0.0020274178447718394
5,UPFC_tse,5-15,-2.1527252492944804,36,-2.1452626109895707,MAP_SCADA,85,0.0074626383049096745
0,x_tcsc,1-14,-0.1135383168444,37,-0.11040985282864853,MAP_SCADA,85,0.003128464015751467
1,B_svc,2,0.1808875627066663,37,0.18126553449427296,MAP_SCADA,85,0.0003779717876066513
2,UPFC_Vsh,5-15,1.1097833398341765,37,1.1098607262901983,MAP_SCADA,85,7.7386456021733e-05
3,UPFC_tsh,5-15,-0.2306731020068669,37,-0.23533904091090277,MAP_SCADA,85,0.004665938904035882
4,UPFC_Vse,5-15,0.059604765997265136,37,0.058148021648923076,MAP_SCADA,85,0.0014567443483420595
5,UPFC_tse,5-15,-2.1598551334837475,37,-2.1452626109895707,MAP_SCADA,85,0.014592522494176752
0,x_tcsc,1-14,-0.11241197576694792,38,-0.11040985282864853,MAP_SCADA,85,0.0020021229382993916
1,B_svc,2,0.18139884194193798,38,0.18126553449427296,MAP_SCADA,85,0.00013330744766501534
2,UPFC_Vsh,5-15,1.1092926368032598,38,1.1098607262901983,MAP_SCADA,85,0.0005680894869384279
3,UPFC_tsh,5-15,-0.23168033003577468,38,-0.23533904091090277,MAP_SCADA,85,0.0036587108751280906
4,UPFC_Vse,5-15,0.06042739705196942,38,0.058148021648923076,MAP_SCADA,85,0.0022793754030463464
5,UPFC_tse,5-15,-2.150262573934795,38,-2.1452626109895707,MAP_SCADA,85,0.004999962945224201
0,x_tcsc,1-14,-0.11336627208444718,39,-0.11040985282864853,MAP_SCADA,85,0.002956419255798648
1,B_svc,2,0.1824406965904449,39,0.18126553449427296,MAP_SCADA,85,0.001175162096171939
2,UPFC_Vsh,5-15,1.109450803391796,39,1.1098607262901983,MAP_SCADA,85,0.0004099228984022485
3,UPFC_tsh,5-15,-0.23110270791873322,39,-0.23533904091090277,MAP_SCADA,85,0.00423633299216955
4,UPFC_Vse,5-15,0.06015947124209428,39,0.058148021648923076,MAP_SCADA,85,0.002011449593171205
5,UPFC_tse,5-15,-2.1525195949795397,39,-2.1452626109895707,MAP_SCADA,85,0.00725698398996899
0,x_tcsc,1-14,-0.11449781928869908,40,-0.11040985282864853,MAP_SCADA,85,0.004087966460050552
1,B_svc,2,0.17698963311880708,40,0.18126553449427296,MAP_SCADA,85,0.004275901375465879
2,UPFC_Vsh,5-15,1.1099220982081328,40,1.1098607262901983,MAP_SCADA,85,6.137191793453844e-05
3,UPFC_tsh,5-15,-0.23127461686611703,40,-0.23533904091090277,MAP_SCADA,85,0.004064424044785742
4,UPFC_Vse,5-15,0.060217625795988015,40,0.058148021648923076,MAP_SCADA,85,0.0020696041470649393
5,UPFC_tse,5-15,-2.1504069037421822,40,-2.1452626109895707,MAP_SCADA,85,0.005144292752611523
0,x_tcsc,1-14,-0.11093572745407543,41,-0.11040985282864853,MAP_SCADA,85,0.0005258746254269003
1,B_svc,2,0.18531896959267724,41,0.18126553449427296,MAP_SCADA,85,0.004053435098404279
2,UPFC_Vsh,5-15,1.108434994048722,41,1.1098607262901983,MAP_SCADA,85,0.0014257322414763518
3,UPFC_tsh,5-15,-0.233408373060217,41,-0.23533904091090277,MAP_SCADA,85,0.0019306678506857688
4,UPFC_Vse,5-15,0.060499846182725275,41,0.058148021648923076,MAP_SCADA,85,0.0023518245338021992
5,UPFC_tse,5-15,-2.1601069645717934,41,-2.1452626109895707,MAP_SCADA,85,0.014844353582222691
0,x_tcsc,1-14,-0.11147761500004855,42,-0.11040985282864853,MAP_SCADA,85,0.001067762171400019
1,B_svc,2,0.18730903475163513,42,0.18126553449427296,MAP_SCADA,85,0.0060435002573621666
2,UPFC_Vsh,5-15,1.1074933658695576,42,1.1098607262901983,MAP_SCADA,85,0.002367360420640674
3,UPFC_tsh,5-15,-0.23274285808599332,42,-0.23533904091090277,MAP_SCADA,85,0.0025961828249094487
4,UPFC_Vse,5-15,0.06046335877714539,42,0.058148021648923076,MAP_SCADA,85,0.0023153371282223154
5,UPFC_tse,5-15,-2.154540752922178,42,-2.1452626109895707,MAP_SCADA,85,0.00927814193260712
0,x_tcsc,1-14,-0.11305657612109273,43,-0.11040985282864853,MAP_SCADA,85,0.0026467232924441975
1,B_svc,2,0.1792216928206034,43,0.18126553449427296,MAP_SCADA,85,0.0020438416736695553
2,UPFC_Vsh,5-15,1.1100005386855296,43,1.1098607262901983,MAP_SCADA,85,0.00013981239533134016
3,UPFC_tsh,5-15,-0.23036578137282954,43,-0.23533904091090277,MAP_SCADA,85,0.0049732595380732325
4,UPFC_Vse,5-15,0.06057910375371149,43,0.058148021648923076,MAP_SCADA,85,0.002431082104788415
5,UPFC_tse,5-15,-2.1561589997097914,43,-2.1452626109895707,MAP_SCADA,85,0.010896388720220695
0,x_tcsc,1-14,-0.11207535639674679,44,-0.11040985282864853,MAP_SCADA,85,0.0016655035680982616
1,B_svc,2,0.1846858498020382,44,0.18126553449427296,MAP_SCADA,85,0.003420315307765237
2,UPFC_Vsh,5-15,1.1077601535326256,44,1.1098607262901983,MAP_SCADA,85,0.002100572757572694
3,UPFC_tsh,5-15,-0.23261638863089268,44,-0.23533904091090277,MAP_SCADA,85,0.0027226522800100905
4,UPFC_Vse,5-15,0.06047525859342069,44,0.058148021648923076,MAP_SCADA,85,0.0023272369444976154
5,UPFC_tse,5-15,-2.154046429528506,44,-2.1452626109895707,MAP_SCADA,85,0.008783818538935062
0,x_tcsc,1-14,-0.11375431081784133,45,-0.11040985282864853,MAP_SCADA,85,0.003344457989192806
1,B_svc,2,0.17477818719938254,45,0.18126553449427296,MAP_SCADA,85,0.006487347294890422
2,UPFC_Vsh,5-15,1.1093197165452422,45,1.1098607262901983,MAP_SCADA,85,0.000541009744956078
3,UPFC_tsh,5-15,-0.23071303918734726,45,-0.23533904091090277,MAP_SCADA,85,0.004626001723555512
4,UPFC_Vse,5-15,0.06014026459677954,45,0.058148021648923076,MAP_SCADA,85,0.001992242947856465
5,UPFC_tse,5-15,-2.15388812615601,45,-2.1452626109895707,MAP_SCADA,85,0.008625515166439168
0,x_tcsc,1-14,-0.11310434548909658,46,-0.11040985282864853,MAP_SCADA,85,0.00269449266044805
1,B_svc,2,0.17866334359157365,46,0.18126553449427296,MAP_SCADA,85,0.0026021909026993084
2,UPFC_Vsh,5-15,1.108715174743999,46,1.1098607262901983,MAP_SCADA,85,0.0011455515461993304
3,UPFC_tsh,5-15,-0.23114836154528098,46,-0.23533904091090277,MAP_SCADA,85,0.0041906793656217856
4,UPFC_Vse,5-15,0.060340846612470904,46,0.058148021648923076,MAP_SCADA,85,0.002192824963547828
5,UPFC_tse,5-15,-2.155077590767528,46,-2.1452626109895707,MAP_SCADA,85,0.009814979777957422
0,x_tcsc,1-14,-0.1126163685304988,47,-0.11040985282864853,MAP_SCADA,85,0.0022065157018502785
1,B_svc,2,0.1826820223153454,47,0.18126553449427296,MAP_SCADA,85,0.0014164878210724263
2,UPFC_Vsh,5-15,1.1078508671343414,47,1.1098607262901983,MAP_SCADA,85,0.00200985915585683
3,UPFC_tsh,5-15,-0.23195436112425402,47,-0.23533904091090277,MAP_SCADA,85,0.0033846797866487477
4,UPFC_Vse,5-15,0.06005427570146322,47,0.058148021648923076,MAP_SCADA,85,0.001906254052540142
5,UPFC_tse,5-15,-2.149004765473707,47,-2.1452626109895707,MAP_SCADA,85,0.003742154484136062
0,x_tcsc,1-14,-0.11202393736720709,48,-0.11040985282864853,MAP_SCADA,85,0.0016140845385585606
1,B_svc,2,0.18197032083453404,48,0.18126553449427296,MAP_SCADA,85,0.0007047863402610821
2,UPFC_Vsh,5-15,1.1088869066003255,48,1.1098607262901983,MAP_SCADA,85,0.0009738196898727569
3,UPFC_tsh,5-15,-0.23173744296455784,48,-0.23533904091090277,MAP_SCADA,85,0.003601597946344931
4,UPFC_Vse,5-15,0.06064179275722406,48,0.058148021648923076,MAP_SCADA,85,0.002493771108300985
5,UPFC_tse,5-15,-2.1579971846390347,48,-2.1452626109895707,MAP_SCADA,85,0.012734573649463954
0,x_tcsc,1-14,-0.11301190854144895,49,-0.11040985282864853,MAP_SCADA,85,0.002602055712800422
1,B_svc,2,0.1826769526565768,49,0.18126553449427296,MAP_SCADA,85,0.0014114181623038347
2,UPFC_Vsh,5-15,1.10911972473425,49,1.1098607262901983,MAP_SCADA,85,0.0007410015559483618
3,UPFC_tsh,5-15,-0.23197494578688546,49,-0.23533904091090277,MAP_SCADA,85,0.003364095124017308
4,UPFC_Vse,5-15,0.06039511975662008,49,0.058148021648923076,MAP_SCADA,85,0.002247098107697007
5,UPFC_tse,5-15,-2.159769366853597,49,-2.1452626109895707,MAP_SCADA,85,0.014506755864026388
0,x_tcsc,1-14,-0.11232464740583507,50,-0.11040985282864853,MAP_SCADA,85,0.001914794577186546
1,B_svc,2,0.1804661933096819,50,0.18126553449427296,MAP_SCADA,85,0.0007993411845910736
2,UPFC_Vsh,5-15,1.1082997050473367,50,1.1098607262901983,MAP_SCADA,85,0.0015610212428616155
3,UPFC_tsh,5-15,-0.23223059620849504,50,-0.23533904091090277,MAP_SCADA,85,0.003108444702407731
4,UPFC_Vse,5-15,0.060382776568446615,50,0.058148021648923076,MAP_SCADA,85,0.002234754919523539
5,UPFC_tse,5-15,-2.15506436388257,50,-2.1452626109895707,MAP_SCADA,85,0.009801752892999449
0,x_tcsc,1-14,-0.11361562540832322,51,-0.11040985282864853,MAP_SCADA,85,0.0032057725796746928
1,B_svc,2,0.17885922469653856,51,0.18126553449427296,MAP_SCADA,85,0.0024063097977344017
2,UPFC_Vsh,5-15,1.1070689001567269,51,1.1098607262901983,MAP_SCADA,85,0.002791826133471398
3,UPFC_tsh,5-15,-0.2321065832889006,51,-0.23533904091090277,MAP_SCADA,85,0.003232457622002166
4,UPFC_Vse,5-15,0.06052340155011435,51,0.058148021648923076,MAP_SCADA,85,0.0023753799011912713
5,UPFC_tse,5-15,-2.1551682308222206,51,-2.1452626109895707,MAP_SCADA,85,0.009905619832649926
0,x_tcsc,1-14,-0.10848351521084021,52,-0.11040985282864853,MAP_SCADA,85,0.0019263376178083186
1,B_svc,2,0.19662177475265205,52,0.18126553449427296,MAP_SCADA,85,0.015356240258379089
2,UPFC_Vsh,5-15,1.1078003615348868,52,1.1098607262901983,MAP_SCADA,85,0.0020603647553114612
3,UPFC_tsh,5-15,-0.23401474328945562,52,-0.23533904091090277,MAP_SCADA,85,0.0013242976214471458
4,UPFC_Vse,5-15,0.06035505211035941,52,0.058148021648923076,MAP_SCADA,85,0.0022070304614363323
5,UPFC_tse,5-15,-2.160186956663391,52,-2.1452626109895707,MAP_SCADA,85,0.014924345673820394
0,x_tcsc,1-14,-0.11302618824924493,53,-0.11040985282864853,MAP_SCADA,85,0.0026163354205964023
1,B_svc,2,0.1855528678668657,53,0.18126553449427296,MAP_SCADA,85,0.004287333372592739
2,UPFC_Vsh,5-15,1.106401917745756,53,1.1098607262901983,MAP_SCADA,85,0.003458808544442249
3,UPFC_tsh,5-15,-0.23299677621338608,53,-0.23533904091090277,MAP_SCADA,85,0.002342264697516694
4,UPFC_Vse,5-15,0.06025677125495774,53,0.058148021648923076,MAP_SCADA,85,0.002108749606034667
5,UPFC_tse,5-15,-2.1530014389473546,53,-2.1452626109895707,MAP_SCADA,85,0.007738827957783911
0,x_tcsc,1-14,-0.10992588267449988,54,-0.11040985282864853,MAP_SCADA,85,0.0004839701541486524
1,B_svc,2,0.18850845278962525,54,0.18126553449427296,MAP_SCADA,85,0.007242918295352285
2,UPFC_Vsh,5-15,1.1080263661691967,54,1.1098607262901983,MAP_SCADA,85,0.001834360121001577
3,UPFC_tsh,5-15,-0.2334353156834582,54,-0.23533904091090277,MAP_SCADA,85,0.0019037252274445582
4,UPFC_Vse,5-15,0.060702502198160174,54,0.058148021648923076,MAP_SCADA,85,0.002554480549237098
5,UPFC_tse,5-15,-2.159140326809645,54,-2.1452626109895707,MAP_SCADA,85,0.013877715820074243
0,x_tcsc,1-14,-0.11090856933726283,55,-0.11040985282864853,MAP_SCADA,85,0.0004987165086142997
1,B_svc,2,0.18390305521965483,55,0.18126553449427296,MAP_SCADA,85,0.00263752072538187
2,UPFC_Vsh,5-15,1.105779728191416,55,1.1098607262901983,MAP_SCADA,85,0.0040809980987823735
3,UPFC_tsh,5-15,-0.23355893281144285,55,-0.23533904091090277,MAP_SCADA,85,0.001780108099459915
4,UPFC_Vse,5-15,0.06052711291959248,55,0.058148021648923076,MAP_SCADA,85,0.0023790912706694034
5,UPFC_tse,5-15,-2.1596477295296808,55,-2.1452626109895707,MAP_SCADA,85,0.014385118540110042
0,x_tcsc,1-14,-0.11295801478895467,56,-0.11040985282864853,MAP_SCADA,85,0.0025481619603061473
1,B_svc,2,0.18145367109197516,56,0.18126553449427296,MAP_SCADA,85,0.0001881365977021987
2,UPFC_Vsh,5-15,1.108183062115895,56,1.1098607262901983,MAP_SCADA,85,0.0016776641743032616
3,UPFC_tsh,5-15,-0.23276754175977452,56,-0.23533904091090277,MAP_SCADA,85,0.0025714991511282537
4,UPFC_Vse,5-15,0.060201074271315824,56,0.058148021648923076,MAP_SCADA,85,0.002053052622392748
5,UPFC_tse,5-15,-2.1541185297160985,56,-2.1452626109895707,MAP_SCADA,85,0.0088559187265278
0,x_tcsc,1-14,-0.11331549764469787,57,-0.11040985282864853,MAP_SCADA,85,0.002905644816049338
1,B_svc,2,0.18113549787680508,57,0.18126553449427296,MAP_SCADA,85,0.00013003661746788242
2,UPFC_Vsh,5-15,1.1080297025810695,57,1.1098607262901983,MAP_SCADA,85,0.0018310237091287984
3,UPFC_tsh,5-15,-0.2318175980644757,57,-0.23533904091090277,MAP_SCADA,85,0.003521442846427081
4,UPFC_Vse,5-15,0.05974123277280337,57,0.058148021648923076,MAP_SCADA,85,0.001593211123880292
5,UPFC_tse,5-15,-2.1568552925009024,57,-2.1452626109895707,MAP_SCADA,85,0.011592681511331637
0,x_tcsc,1-14,-0.11259592447870835,58,-0.11040985282864853,MAP_SCADA,85,0.002186071650059823
1,B_svc,2,0.1855124996650732,58,0.18126553449427296,MAP_SCADA,85,0.0042469651708002265
2,UPFC_Vsh,5-15,1.1041639179721214,58,1.1098607262901983,MAP_SCADA,85,0.00569680831807684
3,UPFC_tsh,5-15,-0.2337457779457213,58,-0.23533904091090277,MAP_SCADA,85,0.0015932629651814745
4,UPFC_Vse,5-15,0.060641571824637475,58,0.058148021648923076,MAP_SCADA,85,0.0024935501757143985
5,UPFC_tse,5-15,-2.1560231945507224,58,-2.1452626109895707,MAP_SCADA,85,0.010760583561151726
0,x_tcsc,1-14,-0.11286231559448634,59,-0.11040985282864853,MAP_SCADA,85,0.0024524627658378123
1,B_svc,2,0.1817952967432671,59,0.18126553449427296,MAP_SCADA,85,0.0005297622489941478
2,UPFC_Vsh,5-15,1.108691902973475,59,1.1098607262901983,MAP_SCADA,85,0.0011688233167232998
3,UPFC_tsh,5-15,-0.23184199738940517,59,-0.23533904091090277,MAP_SCADA,85,0.0034970435214976003
4,UPFC_Vse,5-15,0.060454713383064476,59,0.058148021648923076,MAP_SCADA,85,0.0023066917341414
5,UPFC_tse,5-15,-2.15495703243471,59,-2.1452626109895707,MAP_SCADA,85,0.009694421445139323
0,x_tcsc,1-14,-0.1125451676959699,60,-0.11040985282864853,MAP_SCADA,85,0.0021353148673213668
1,B_svc,2,0.18446213206889514,60,0.18126553449427296,MAP_SCADA,85,0.0031965975746221786
2,UPFC_Vsh,5-15,1.108050671247431,60,1.1098607262901983,MAP_SCADA,85,0.0018100550427673223
3,UPFC_tsh,5-15,-0.2323091987208775,60,-0.23533904091090277,MAP_SCADA,85,0.003029842190025278
4,UPFC_Vse,5-15,0.06027242282692596,60,0.058148021648923076,MAP_SCADA,85,0.0021244011780028813
5,UPFC_tse,5-15,-2.1526136198908206,60,-2.1452626109895707,MAP_SCADA,85,0.007351008901249845
0,x_tcsc,1-14,-0.11410481713499057,61,-0.11040985282864853,MAP_SCADA,85,0.003694964306342044
1,B_svc,2,0.17972519930177294,61,0.18126553449427296,MAP_SCADA,85,0.0015403351925000197
2,UPFC_Vsh,5-15,1.1062344025143551,61,1.1098607262901983,MAP_SCADA,85,0.0036263237758431544
3,UPFC_tsh,5-15,-0.23187134686501007,61,-0.23533904091090277,MAP_SCADA,85,0.0034676940458926997
4,UPFC_Vse,5-15,0.06071318870310169,61,0.058148021648923076,MAP_SCADA,85,0.002565167054178613
5,UPFC_tse,5-15,-2.1542601835848503,61,-2.1452626109895707,MAP_SCADA,85,0.008997572595279557
0,x_tcsc,1-14,-0.1115933269007217,62,-0.11040985282864853,MAP_SCADA,85,0.0011834740720731707
1,B_svc,2,0.18400213468782292,62,0.18126553449427296,MAP_SCADA,85,0.0027366001935499595
2,UPFC_Vsh,5-15,1.1074571520285303,62,1.1098607262901983,MAP_SCADA,85,0.002403574261667929
3,UPFC_tsh,5-15,-0.23263168864163766,62,-0.23533904091090277,MAP_SCADA,85,0.0027073522692651064
4,UPFC_Vse,5-15,0.05996998341083485,62,0.058148021648923076,MAP_SCADA,85,0.0018219617619117737
5,UPFC_tse,5-15,-2.1600345054626127,62,-2.1452626109895707,MAP_SCADA,85,0.014771894473041947
0,x_tcsc,1-14,-0.11148815154244913,63,-0.11040985282864853,MAP_SCADA,85,0.0010782987138006073
1,B_svc,2,0.18721449786679403,63,0.18126553449427296,MAP_SCADA,85,0.005948963372521071
2,UPFC_Vsh,5-15,1.1070688856726931,63,1.1098607262901983,MAP_SCADA,85,0.002791840617505148
3,UPFC_tsh,5-15,-0.23342688662212113,63,-0.23533904091090277,MAP_SCADA,85,0.0019121542887816367
4,UPFC_Vse,5-15,0.05977947534148236,63,0.058148021648923076,MAP_SCADA,85,0.0016314536925592857
5,UPFC_tse,5-15,-2.1563252483151594,63,-2.1452626109895707,MAP_SCADA,85,0.011062637325588653
0,x_tcsc,1-14,-0.11195724792908147,64,-0.11040985282864853,MAP_SCADA,85,0.0015473951004329467
1,B_svc,2,0.18532267620046441,64,0.18126553449427296,MAP_SCADA,85,0.004057141706191453
2,UPFC_Vsh,5-15,1.1062982148266969,64,1.1098607262901983,MAP_SCADA,85,0.0035625114635013944
3,UPFC_tsh,5-15,-0.23231828006468574,64,-0.23533904091090277,MAP_SCADA,85,0.0030207608462170243
4,UPFC_Vse,5-15,0.060691859349195215,64,0.058148021648923076,MAP_SCADA,85,0.002543837700272139
5,UPFC_tse,5-15,-2.152693367047146,64,-2.1452626109895707,MAP_SCADA,85,0.007430756057575483
0,x_tcsc,1-14,-0.11295515105283893,65,-0.11040985282864853,MAP_SCADA,85,0.0025452982241904037
1,B_svc,2,0.18060145943688566,65,0.18126553449427296,MAP_SCADA,85,0.0006640750573873033
2,UPFC_Vsh,5-15,1.1078146006483933,65,1.1098607262901983,MAP_SCADA,85,0.0020461256418049523
3,UPFC_tsh,5-15,-0.23209500185534337,65,-0.23533904091090277,MAP_SCADA,85,0.0032440390555593945
4,UPFC_Vse,5-15,0.06005942127011483,65,0.058148021648923076,MAP_SCADA,85,0.001911399621191752
5,UPFC_tse,5-15,-2.152035993257443,65,-2.1452626109895707,MAP_SCADA,85,0.006773382267872385
0,x_tcsc,1-14,-0.1105648668522165,66,-0.11040985282864853,MAP_SCADA,85,0.0001550140235679759
1,B_svc,2,0.1904464047979305,66,0.18126553449427296,MAP_SCADA,85,0.009180870303657551
2,UPFC_Vsh,5-15,1.108306155074037,66,1.1098607262901983,MAP_SCADA,85,0.0015545712161613157
3,UPFC_tsh,5-15,-0.23257200768493028,66,-0.23533904091090277,MAP_SCADA,85,0.002767033225972493
4,UPFC_Vse,5-15,0.06025958607178324,66,0.058148021648923076,MAP_SCADA,85,0.002111564422860167
5,UPFC_tse,5-15,-2.1546439224482006,66,-2.1452626109895707,MAP_SCADA,85,0.00938131145862986
0,x_tcsc,1-14,-0.11119767728780644,67,-0.11040985282864853,MAP_SCADA,85,0.0007878244591579125
1,B_svc,2,0.18569084335624564,67,0.18126553449427296,MAP_SCADA,85,0.004425308861972677
2,UPFC_Vsh,5-15,1.106366563748709,67,1.1098607262901983,MAP_SCADA,85,0.003494162541489265
3,UPFC_tsh,5-15,-0.23386903030465617,67,-0.23533904091090277,MAP_SCADA,85,0.0014700106062466023
4,UPFC_Vse,5-15,0.06056370946115216,67,0.058148021648923076,MAP_SCADA,85,0.0024156878122290823
5,UPFC_tse,5-15,-2.1571921085846038,67,-2.1452626109895707,MAP_SCADA,85,0.011929497595033034
0,x_tcsc,1-14,-0.11483410186228073,68,-0.11040985282864853,MAP_SCADA,85,0.004424249033632199
1,B_svc,2,0.17781365828617798,68,0.18126553449427296,MAP_SCADA,85,0.0034518762080949783
2,UPFC_Vsh,5-15,1.106598391691374,68,1.1098607262901983,MAP_SCADA,85,0.0032623345988243013
3,UPFC_tsh,5-15,-0.23154604520573963,68,-0.23533904091090277,MAP_SCADA,85,0.0037929957051631435
4,UPFC_Vse,5-15,0.06029084534704604,68,0.058148021648923076,MAP_SCADA,85,0.0021428236981229642
5,UPFC_tse,5-15,-2.154853142467964,68,-2.1452626109895707,MAP_SCADA,85,0.00959053147839306
0,x_tcsc,1-14,-0.11173747291563595,69,-0.11040985282864853,MAP_SCADA,85,0.0013276200869874188
1,B_svc,2,0.18495146124073875,69,0.18126553449427296,MAP_SCADA,85,0.003685926746465784
2,UPFC_Vsh,5-15,1.1072218108273122,69,1.1098607262901983,MAP_SCADA,85,0.0026389154628860823
3,UPFC_tsh,5-15,-0.23243266776604807,69,-0.23533904091090277,MAP_SCADA,85,0.0029063731448547014
4,UPFC_Vse,5-15,0.05983529988183588,69,0.058148021648923076,MAP_SCADA,85,0.0016872782329128005
5,UPFC_tse,5-15,-2.162200479914194,69,-2.1452626109895707,MAP_SCADA,85,0.016937868924623345
0,x_tcsc,1-14,-0.11161295954054895,70,-0.11040985282864853,MAP_SCADA,85,0.001203106711900423
1,B_svc,2,0.18626377458114451,70,0.18126553449427296,MAP_SCADA,85,0.004998240086871553
2,UPFC_Vsh,5-15,1.1076076388806437,70,1.1098607262901983,MAP_SCADA,85,0.002253087409554544
3,UPFC_tsh,5-15,-0.23241563686137293,70,-0.23533904091090277,MAP_SCADA,85,0.002923404049529843
4,UPFC_Vse,5-15,0.0600901778234442,70,0.058148021648923076,MAP_SCADA,85,0.0019421561745211272
5,UPFC_tse,5-15,-2.159739654223675,70,-2.1452626109895707,MAP_SCADA,85,0.014477043234104148
0,x_tcsc,1-14,-0.11023236043321037,71,-0.11040985282864853,MAP_SCADA,85,0.00017749239543815576
1,B_svc,2,0.18490639389636032,71,0.18126553449427296,MAP_SCADA,85,0.0036408594020873597
2,UPFC_Vsh,5-15,1.1080515269839228,71,1.1098607262901983,MAP_SCADA,85,0.001809199306275433
3,UPFC_tsh,5-15,-0.23367155568450076,71,-0.23533904091090277,MAP_SCADA,85,0.0016674852264020046
4,UPFC_Vse,5-15,0.05956459850884551,71,0.058148021648923076,MAP_SCADA,85,0.0014165768599224346
5,UPFC_tse,5-15,-2.1603199827972,71,-2.1452626109895707,MAP_SCADA,85,0.015057371807629227
0,x_tcsc,1-14,-0.11481364685907605,72,-0.11040985282864853,MAP_SCADA,85,0.004403794030427524
1,B_svc,2,0.1740477843073324,72,0.18126553449427296,MAP_SCADA,85,0.007217750186940569
2,UPFC_Vsh,5-15,1.1093478133268266,72,1.1098607262901983,MAP_SCADA,85,0.0005129129633716367
3,UPFC_tsh,5-15,-0.23031014743099787,72,-0.23533904091090277,MAP_SCADA,85,0.0050288934799049
4,UPFC_Vse,5-15,0.060376298368476404,72,0.058148021648923076,MAP_SCADA,85,0.002228276719553328
5,UPFC_tse,5-15,-2.152526010071022,72,-2.1452626109895707,MAP_SCADA,85,0.00726339908145146
0,x_tcsc,1-14,-0.11119939553174198,73,-0.11040985282864853,MAP_SCADA,85,0.0007895427030934488
1,B_svc,2,0.18238211869777293,73,0.18126553449427296,MAP_SCADA,85,0.0011165842034999707
2,UPFC_Vsh,5-15,1.1078410496521713,73,1.1098607262901983,MAP_SCADA,85,0.002019676638026935
3,UPFC_tsh,5-15,-0.23244182663890925,73,-0.23533904091090277,MAP_SCADA,85,0.00289721427199352
4,UPFC_Vse,5-15,0.060123430715658725,73,0.058148021648923076,MAP_SCADA,85,0.001975409066735649
5,UPFC_tse,5-15,-2.154635166458868,73,-2.1452626109895707,MAP_SCADA,85,0.009372555469297161
0,x_tcsc,1-14,-0.11245131488496514,74,-0.11040985282864853,MAP_SCADA,85,0.002041462056316612
1,B_svc,2,0.18306689732739356,74,0.18126553449427296,MAP_SCADA,85,0.001801362833120601
2,UPFC_Vsh,5-15,1.1060877669311164,74,1.1098607262901983,MAP_SCADA,85,0.00377295935908184
3,UPFC_tsh,5-15,-0.23225569221922024,74,-0.23533904091090277,MAP_SCADA,85,0.0030833486916825303
4,UPFC_Vse,5-15,0.06060816821702223,74,0.058148021648923076,MAP_SCADA,85,0.0024601465680991544
5,UPFC_tse,5-15,-2.1530639197953803,74,-2.1452626109895707,MAP_SCADA,85,0.007801308805809537
0,x_tcsc,1-14,-0.11266851956063793,75,-0.11040985282864853,MAP_SCADA,85,0.002258666731989406
1,B_svc,2,0.17942389982839835,75,0.18126553449427296,MAP_SCADA,85,0.001841634665874614
2,UPFC_Vsh,5-15,1.1060512896544898,75,1.1098607262901983,MAP_SCADA,85,0.0038094366357084297
3,UPFC_tsh,5-15,-0.2321833929982741,75,-0.23533904091090277,MAP_SCADA,85,0.0031556479126286785
4,UPFC_Vse,5-15,0.0603953238342974,75,0.058148021648923076,MAP_SCADA,85,0.0022473021853743266
5,UPFC_tse,5-15,-2.156912981216897,75,-2.1452626109895707,MAP_SCADA,85,0.011650370227326068
0,x_tcsc,1-14,-0.11320542384235198,76,-0.11040985282864853,MAP_SCADA,85,0.0027955710137034517
1,B_svc,2,0.17986454173726527,76,0.18126553449427296,MAP_SCADA,85,0.0014009927570076963
2,UPFC_Vsh,5-15,1.107140576441596,76,1.1098607262901983,MAP_SCADA,85,0.002720149848602249
3,UPFC_tsh,5-15,-0.2321309439923157,76,-0.23533904091090277,MAP_SCADA,85,0.003208096918587061
4,UPFC_Vse,5-15,0.06060513321190883,76,0.058148021648923076,MAP_SCADA,85,0.002457111562985753
5,UPFC_tse,5-15,-2.154545901987454,76,-2.1452626109895707,MAP_SCADA,85,0.009283290997883498
0,x_tcsc,1-14,-0.11027983805247656,77,-0.11040985282864853,MAP_SCADA,85,0.00013001477617197166
1,B_svc,2,0.19039840003568215,77,0.18126553449427296,MAP_SCADA,85,0.009132865541409185
2,UPFC_Vsh,5-15,1.1060914983424281,77,1.1098607262901983,MAP_SCADA,85,0.0037692279477701263
3,UPFC_tsh,5-15,-0.23354511247093693,77,-0.23533904091090277,MAP_SCADA,85,0.0017939284399658417
4,UPFC_Vse,5-15,0.06064689698951932,77,0.058148021648923076,MAP_SCADA,85,0.0024988753405962433
5,UPFC_tse,5-15,-2.163946771282591,77,-2.1452626109895707,MAP_SCADA,85,0.018684160293020113
0,x_tcsc,1-14,-0.11238909219532701,78,-0.11040985282864853,MAP_SCADA,85,0.001979239366678487
1,B_svc,2,0.18583281855938802,78,0.18126553449427296,MAP_SCADA,85,0.004567284065115057
2,UPFC_Vsh,5-15,1.1047114060882188,78,1.1098607262901983,MAP_SCADA,85,0.005149320201979446
3,UPFC_tsh,5-15,-0.23331161314458537,78,-0.23533904091090277,MAP_SCADA,85,0.0020274277663173967
4,UPFC_Vse,5-15,0.060731876001881645,78,0.058148021648923076,MAP_SCADA,85,0.0025838543529585686
5,UPFC_tse,5-15,-2.1574975209251144,78,-2.1452626109895707,MAP_SCADA,85,0.012234909935543659
0,x_tcsc,1-14,-0.11227674867262306,79,-0.11040985282864853,MAP_SCADA,85,0.0018668958439745365
1,B_svc,2,0.17798850759682364,79,0.18126553449427296,MAP_SCADA,85,0.0032770268974493255
2,UPFC_Vsh,5-15,1.1091646776389321,79,1.1098607262901983,MAP_SCADA,85,0.0006960486512661568
3,UPFC_tsh,5-15,-0.2318079257618266,79,-0.23533904091090277,MAP_SCADA,85,0.0035311151490761694
4,UPFC_Vse,5-15,0.0602518094619551,79,0.058148021648923076,MAP_SCADA,85,0.0021037878130320264
5,UPFC_tse,5-15,-2.1581915717638798,79,-2.1452626109895707,MAP_SCADA,85,0.01292896077430905
0,x_tcsc,1-14,-0.1103069614975914,80,-0.11040985282864853,MAP_SCADA,85,0.00010289133105713388
1,B_svc,2,0.1855188842432045,80,0.18126553449427296,MAP_SCADA,85,0.004253349748931545
2,UPFC_Vsh,5-15,1.1082246409705168,80,1.1098607262901983,MAP_SCADA,85,0.0016360853196815128
3,UPFC_tsh,5-15,-0.23237219805571732,80,-0.23533904091090277,MAP_SCADA,85,0.0029668428551854475
4,UPFC_Vse,5-15,0.06017729077889988,80,0.058148021648923076,MAP_SCADA,85,0.0020292691299768073
5,UPFC_tse,5-15,-2.1579965052878802,80,-2.1452626109895707,MAP_SCADA,85,0.012733894298309512
0,x_tcsc,1-14,-0.11484420222689054,81,-0.11040985282864853,MAP_SCADA,85,0.004434349398242013
1,B_svc,2,0.17324317502602474,81,0.18126553449427296,MAP_SCADA,85,0.008022359468248225
2,UPFC_Vsh,5-15,1.107767203557404,81,1.1098607262901983,MAP_SCADA,85,0.002093522732794284
3,UPFC_tsh,5-15,-0.23072723953847235,81,-0.23533904091090277,MAP_SCADA,85,0.0046118013724304185
4,UPFC_Vse,5-15,0.060976563935023265,81,0.058148021648923076,MAP_SCADA,85,0.0028285422861001885
5,UPFC_tse,5-15,-2.149647198018337,81,-2.1452626109895707,MAP_SCADA,85,0.004384587028766429
0,x_tcsc,1-14,-0.11180805607061052,82,-0.11040985282864853,MAP_SCADA,85,0.0013982032419619927
1,B_svc,2,0.18178182354392003,82,0.18126553449427296,MAP_SCADA,85,0.0005162890496470673
2,UPFC_Vsh,5-15,1.1089313718683742,82,1.1098607262901983,MAP_SCADA,85,0.000929354421824069
3,UPFC_tsh,5-15,-0.2325040165114551,82,-0.23533904091090277,MAP_SCADA,85,0.002835024399447661
4,UPFC_Vse,5-15,0.059750170374855985,82,0.058148021648923076,MAP_SCADA,85,0.0016021487259329087
5,UPFC_tse,5-15,-2.157267769739594,82,-2.1452626109895707,MAP_SCADA,85,0.01200515875002317
0,x_tcsc,1-14,-0.11196594835243269,83,-0.11040985282864853,MAP_SCADA,85,0.0015560955237841623
1,B_svc,2,0.18358007288343284,83,0.18126553449427296,MAP_SCADA,85,0.002314538389159876
2,UPFC_Vsh,5-15,1.1066161622964277,83,1.1098607262901983,MAP_SCADA,85,0.0032445639937705995
3,UPFC_tsh,5-15,-0.2338622644581635,83,-0.23533904091090277,MAP_SCADA,85,0.0014767764527392757
4,UPFC_Vse,5-15,0.060341497574501454,83,0.058148021648923076,MAP_SCADA,85,0.002193475925578378
5,UPFC_tse,5-15,-2.1576262979870653,83,-2.1452626109895707,MAP_SCADA,85,0.012363686997494572
0,x_tcsc,1-14,-0.11242372645679247,84,-0.11040985282864853,MAP_SCADA,85,0.002013873628143939
1,B_svc,2,0.181063038342786,84,0.18126553449427296,MAP_SCADA,85,0.00020249615148695832
2,UPFC_Vsh,5-15,1.1081734188444792,84,1.1098607262901983,MAP_SCADA,85,0.0016873074457190995
3,UPFC_tsh,5-15,-0.23205042242021406,84,-0.23533904091090277,MAP_SCADA,85,0.003288618490688705
4,UPFC_Vse,5-15,0.060297588621276065,84,0.058148021648923076,MAP_SCADA,85,0.0021495669723529884
5,UPFC_tse,5-15,-2.1552974337286637,84,-2.1452626109895707,MAP_SCADA,85,0.010034822739092952
0,x_tcsc,1-14,-0.11184343666634057,85,-0.11040985282864853,MAP_SCADA,85,0.001433583837692043
1,B_svc,2,0.18561959631485753,85,0.18126553449427296,MAP_SCADA,85,0.004354061820584565
2,UPFC_Vsh,5-15,1.1067012175816726,85,1.1098607262901983,MAP_SCADA,85,0.00315950870852566
3,UPFC_tsh,5-15,-0.23200039920807386,85,-0.23533904091090277,MAP_SCADA,85,0.0033386417028289095
4,UPFC_Vse,5-15,0.060508485515277884,85,0.058148021648923076,MAP_SCADA,85,0.0023604638663548075
5,UPFC_tse,5-15,-2.156137188259973,85,-2.1452626109895707,MAP_SCADA,85,0.010874577270402419
0,x_tcsc,1-14,-0.11364135301624523,86,-0.11040985282864853,MAP_SCADA,85,0.0032315001875967003
1,B_svc,2,0.1821219783944858,86,0.18126553449427296,MAP_SCADA,85,0.0008564439002128332
2,UPFC_Vsh,5-15,1.107820798130156,86,1.1098607262901983,MAP_SCADA,85,0.0020399281600422814
3,UPFC_tsh,5-15,-0.2322128959487655,86,-0.23533904091090277,MAP_SCADA,85,0.003126144962137256
4,UPFC_Vse,5-15,0.060660300434416836,86,0.058148021648923076,MAP_SCADA,85,0.00251227878549376
5,UPFC_tse,5-15,-2.1513489737161597,86,-2.1452626109895707,MAP_SCADA,85,0.006086362726589023
0,x_tcsc,1-14,-0.11243275414694069,87,-0.11040985282864853,MAP_SCADA,85,0.002022901318292164
1,B_svc,2,0.18119025313673967,87,0.18126553449427296,MAP_SCADA,85,7.528135753329113e-05
2,UPFC_Vsh,5-15,1.1088940270782162,87,1.1098607262901983,MAP_SCADA,85,0.0009666992119821138
3,UPFC_tsh,5-15,-0.2316124266592611,87,-0.23533904091090277,MAP_SCADA,85,0.003726614251641669
4,UPFC_Vse,5-15,0.060193264965839675,87,0.058148021648923076,MAP_SCADA,85,0.0020452433169165993
5,UPFC_tse,5-15,-2.1547446105680494,87,-2.1452626109895707,MAP_SCADA,85,0.009481999578478728
0,x_tcsc,1-14,-0.1117050885844963,88,-0.11040985282864853,MAP_SCADA,85,0.001295235755847779
1,B_svc,2,0.18225177768878625,88,0.18126553449427296,MAP_SCADA,85,0.0009862431945132921
2,UPFC_Vsh,5-15,1.1091187232902788,88,1.1098607262901983,MAP_SCADA,85,0.0007420029999194444
3,UPFC_tsh,5-15,-0.23202232715977783,88,-0.23533904091090277,MAP_SCADA,85,0.003316713751124939
4,UPFC_Vse,5-15,0.060376671714547456,88,0.058148021648923076,MAP_SCADA,85,0.0022286500656243796
5,UPFC_tse,5-15,-2.162073760045472,88,-2.1452626109895707,MAP_SCADA,85,0.016811149055901087
0,x_tcsc,1-14,-0.11379815943239346,89,-0.11040985282864853,MAP_SCADA,85,0.0033883066037449366
1,B_svc,2,0.1805462804774064,89,0.18126553449427296,MAP_SCADA,85,0.0007192540168665662
2,UPFC_Vsh,5-15,1.1080653754934764,89,1.1098607262901983,MAP_SCADA,85,0.001795350796721884
3,UPFC_tsh,5-15,-0.2315678341219605,89,-0.23533904091090277,MAP_SCADA,85,0.003771206788942272
4,UPFC_Vse,5-15,0.060031095941406064,89,0.058148021648923076,MAP_SCADA,85,0.0018830742924829877
5,UPFC_tse,5-15,-2.159275756025949,89,-2.1452626109895707,MAP_SCADA,85,0.014013145036378294
0,x_tcsc,1-14,-0.11269324663045342,90,-0.11040985282864853,MAP_SCADA,85,0.002283393801804895
1,B_svc,2,0.1821197549092243,90,0.18126553449427296,MAP_SCADA,85,0.0008542204149513399
2,UPFC_Vsh,5-15,1.1062962965124052,90,1.1098607262901983,MAP_SCADA,85,0.0035644297777930323
3,UPFC_tsh,5-15,-0.23417220359261745,90,-0.23533904091090277,MAP_SCADA,85,0.0011668373182853187
4,UPFC_Vse,5-15,0.060051107680717156,90,0.058148021648923076,MAP_SCADA,85,0.0019030860317940795
5,UPFC_tse,5-15,-2.157194858291217,90,-2.1452626109895707,MAP_SCADA,85,0.011932247301646104
0,x_tcsc,1-14,-0.11164315453934559,91,-0.11040985282864853,MAP_SCADA,85,0.0012333017106970628
1,B_svc,2,0.18654973269484112,91,0.18126553449427296,MAP_SCADA,85,0.005284198200568163
2,UPFC_Vsh,5-15,1.1068988496328513,91,1.1098607262901983,MAP_SCADA,85,0.002961876657346929
3,UPFC_tsh,5-15,-0.23361650316009025,91,-0.23533904091090277,MAP_SCADA,85,0.0017225377508125195
4,UPFC_Vse,5-15,0.060603644534026314,91,0.058148021648923076,MAP_SCADA,85,0.0024556228851032383
5,UPFC_tse,5-15,-2.1555270160668036,91,-2.1452626109895707,MAP_SCADA,85,0.010264405077232919
0,x_tcsc,1-14,-0.11320362379910998,92,-0.11040985282864853,MAP_SCADA,85,0.0027937709704614483
1,B_svc,2,0.1817882088694763,92,0.18126553449427296,MAP_SCADA,85,0.0005226743752033414
2,UPFC_Vsh,5-15,1.1076439408886294,92,1.1098607262901983,MAP_SCADA,85,0.002216785401568888
3,UPFC_tsh,5-15,-0.23202215347050792,92,-0.23533904091090277,MAP_SCADA,85,0.00331688744039485
4,UPFC_Vse,5-15,0.06037604036313058,92,0.058148021648923076,MAP_SCADA,85,0.002228018714207504
5,UPFC_tse,5-15,-2.158383119696829,92,-2.1452626109895707,MAP_SCADA,85,0.013120508707258338
0,x_tcsc,1-14,-0.10898873491513596,93,-0.11040985282864853,MAP_SCADA,85,0.0014211179135125707
1,B_svc,2,0.19068847968051864,93,0.18126553449427296,MAP_SCADA,85,0.009422945186245674
2,UPFC_Vsh,5-15,1.1066670030248402,93,1.1098607262901983,MAP_SCADA,85,0.0031937232653580505
3,UPFC_tsh,5-15,-0.23438533687847693,93,-0.23533904091090277,MAP_SCADA,85,0.0009537040324258395
4,UPFC_Vse,5-15,0.06075473700274517,93,0.058148021648923076,MAP_SCADA,85,0.002606715353822092
5,UPFC_tse,5-15,-2.1592122319698612,93,-2.1452626109895707,MAP_SCADA,85,0.013949620980290511
0,x_tcsc,1-14,-0.11178711151202753,94,-0.11040985282864853,MAP_SCADA,85,0.0013772586833789985
1,B_svc,2,0.1862241898982063,94,0.18126553449427296,MAP_SCADA,85,0.0049586554039333375
2,UPFC_Vsh,5-15,1.1073746068132924,94,1.1098607262901983,MAP_SCADA,85,0.0024861194769059125
3,UPFC_tsh,5-15,-0.23271118962076062,94,-0.23533904091090277,MAP_SCADA,85,0.002627851290142147
4,UPFC_Vse,5-15,0.05974367351699315,94,0.058148021648923076,MAP_SCADA,85,0.0015956518680700707
5,UPFC_tse,5-15,-2.1591837303616974,94,-2.1452626109895707,MAP_SCADA,85,0.0139211193721267
0,x_tcsc,1-14,-0.11281811211419954,95,-0.11040985282864853,MAP_SCADA,85,0.0024082592855510093
1,B_svc,2,0.1798423535605849,95,0.18126553449427296,MAP_SCADA,85,0.0014231809336880674
2,UPFC_Vsh,5-15,1.1107640975000732,95,1.1098607262901983,MAP_SCADA,85,0.0009033712098749369
3,UPFC_tsh,5-15,-0.23130359362426886,95,-0.23533904091090277,MAP_SCADA,85,0.004035447286633909
4,UPFC_Vse,5-15,0.060407635714608096,95,0.058148021648923076,MAP_SCADA,85,0.00225961406568502
5,UPFC_tse,5-15,-2.15105994964005,95,-2.1452626109895707,MAP_SCADA,85,0.005797338650479489
0,x_tcsc,1-14,-0.11195570137059803,96,-0.11040985282864853,MAP_SCADA,85,0.0015458485419495016
1,B_svc,2,0.18764742666765016,96,0.18126553449427296,MAP_SCADA,85,0.006381892173377202
2,UPFC_Vsh,5-15,1.109255661757014,96,1.1098607262901983,MAP_SCADA,85,0.0006050645331843185
3,UPFC_tsh,5-15,-0.23200538249675867,96,-0.23533904091090277,MAP_SCADA,85,0.0033336584141440972
4,UPFC_Vse,5-15,0.06062835131201776,96,0.058148021648923076,MAP_SCADA,85,0.0024803296630946867
5,UPFC_tse,5-15,-2.1573787027016547,96,-2.1452626109895707,MAP_SCADA,85,0.012116091712083943
0,x_tcsc,1-14,-0.11174140659467031,97,-0.11040985282864853,MAP_SCADA,85,0.0013315537660217869
1,B_svc,2,0.18426488750022654,97,0.18126553449427296,MAP_SCADA,85,0.002999353005953581
2,UPFC_Vsh,5-15,1.108756821574409,97,1.1098607262901983,MAP_SCADA,85,0.00110390471578925
3,UPFC_tsh,5-15,-0.23306784874770028,97,-0.23533904091090277,MAP_SCADA,85,0.0022711921632024845
4,UPFC_Vse,5-15,0.059787575256518455,97,0.058148021648923076,MAP_SCADA,85,0.0016395536075953787
5,UPFC_tse,5-15,-2.1580555421623253,97,-2.1452626109895707,MAP_SCADA,85,0.012792931172754596
0,x_tcsc,1-14,-0.11246565688486991,98,-0.11040985282864853,MAP_SCADA,85,0.002055804056221383
1,B_svc,2,0.18285318023999722,98,0.18126553449427296,MAP_SCADA,85,0.0015876457457242588
2,UPFC_Vsh,5-15,1.109484306840395,98,1.1098607262901983,MAP_SCADA,85,0.0003764194498032669
3,UPFC_tsh,5-15,-0.23208286556886998,98,-0.23533904091090277,MAP_SCADA,85,0.003256175342032791
4,UPFC_Vse,5-15,0.0605315567883521,98,0.058148021648923076,MAP_SCADA,85,0.002383535139429023
5,UPFC_tse,5-15,-2.1553071214667407,98,-2.1452626109895707,MAP_SCADA,85,0.010044510477170032
0,x_tcsc,1-14,-0.1137018084065269,99,-0.11040985282864853,MAP_SCADA,85,0.0032919555778783693
1,B_svc,2,0.17857495229728937,99,0.18126553449427296,MAP_SCADA,85,0.002690582196983593
2,UPFC_Vsh,5-15,1.1088238971653452,99,1.1098607262901983,MAP_SCADA,85,0.0010368291248530337
3,UPFC_tsh,5-15,-0.23186387590410268,99,-0.23533904091090277,MAP_SCADA,85,0.0034751650068000906
4,UPFC_Vse,5-15,0.06031676127760777,99,0.058148021648923076,MAP_SCADA,85,0.0021687396286846905
5,UPFC_tse,5-15,-2.153187140622384,99,-2.1452626109895707,MAP_SCADA,85,0.007924529632813204
0,x_tcsc,1-14,-0.1089531511781327,0,-0.10863950296660514,MAP_SCADA,87,0.00031364821152755906
1,B_svc,2,0.1897935387956435,0,0.1788025528505323,MAP_SCADA,87,0.01099098594511122
2,UPFC_Vsh,5-15,1.1087431100620921,0,1.109897460726115,MAP_SCADA,87,0.0011543506640228074
3,UPFC_tsh,5-15,-0.23330975381613128,0,-0.23659579559985702,MAP_SCADA,87,0.0032860417837257405
4,UPFC_Vse,5-15,0.059910786553985726,0,0.058716662229647276,MAP_SCADA,87,0.0011941243243384497
5,UPFC_tse,5-15,-2.1617541252362744,0,-2.1554567290017665,MAP_SCADA,87,0.006297396234507868
0,x_tcsc,1-14,-0.111586134031699,1,-0.10863950296660514,MAP_SCADA,87,0.002946631065093852
1,B_svc,2,0.18277825912481013,1,0.1788025528505323,MAP_SCADA,87,0.003975706274277846
2,UPFC_Vsh,5-15,1.1082234287991541,1,1.109897460726115,MAP_SCADA,87,0.0016740319269608062
3,UPFC_tsh,5-15,-0.23190643054264615,1,-0.23659579559985702,MAP_SCADA,87,0.004689365057210876
4,UPFC_Vse,5-15,0.06059477305551764,1,0.058716662229647276,MAP_SCADA,87,0.0018781108258703605
5,UPFC_tse,5-15,-2.1540585190564276,1,-2.1554567290017665,MAP_SCADA,87,0.0013982099453389019
0,x_tcsc,1-14,-0.11211395804478234,2,-0.10863950296660514,MAP_SCADA,87,0.003474455078177202
1,B_svc,2,0.1868625727668949,2,0.1788025528505323,MAP_SCADA,87,0.008060019916362626
2,UPFC_Vsh,5-15,1.1067411309471762,2,1.109897460726115,MAP_SCADA,87,0.00315632977893876
3,UPFC_tsh,5-15,-0.2331739941656229,2,-0.23659579559985702,MAP_SCADA,87,0.003421801434234123
4,UPFC_Vse,5-15,0.0609363740875178,2,0.058716662229647276,MAP_SCADA,87,0.002219711857870524
5,UPFC_tse,5-15,-2.152871154024673,2,-2.1554567290017665,MAP_SCADA,87,0.00258557497709333
0,x_tcsc,1-14,-0.11285742257812492,3,-0.10863950296660514,MAP_SCADA,87,0.00421791961151978
1,B_svc,2,0.18539429171333982,3,0.1788025528505323,MAP_SCADA,87,0.0065917388628075335
2,UPFC_Vsh,5-15,1.1081386969229026,3,1.109897460726115,MAP_SCADA,87,0.001758763803212382
3,UPFC_tsh,5-15,-0.2324863078339946,3,-0.23659579559985702,MAP_SCADA,87,0.004109487765862424
4,UPFC_Vse,5-15,0.06048900561970597,3,0.058716662229647276,MAP_SCADA,87,0.0017723433900586963
5,UPFC_tse,5-15,-2.1551872012743307,3,-2.1554567290017665,MAP_SCADA,87,0.0002695277274358254
0,x_tcsc,1-14,-0.11231476988244248,4,-0.10863950296660514,MAP_SCADA,87,0.003675266915837333
1,B_svc,2,0.18572521980578321,4,0.1788025528505323,MAP_SCADA,87,0.006922666955250928
2,UPFC_Vsh,5-15,1.1056512600233495,4,1.109897460726115,MAP_SCADA,87,0.00424620070276549
3,UPFC_tsh,5-15,-0.2338904834461942,4,-0.23659579559985702,MAP_SCADA,87,0.00270531215366282
4,UPFC_Vse,5-15,0.060121854908355796,4,0.058716662229647276,MAP_SCADA,87,0.0014051926787085195
5,UPFC_tse,5-15,-2.1592578402365357,4,-2.1554567290017665,MAP_SCADA,87,0.0038011112347691167
0,x_tcsc,1-14,-0.11178525041785418,5,-0.10863950296660514,MAP_SCADA,87,0.0031457474512490424
1,B_svc,2,0.18343692280570392,5,0.1788025528505323,MAP_SCADA,87,0.0046343699551716355
2,UPFC_Vsh,5-15,1.109880077816995,5,1.109897460726115,MAP_SCADA,87,1.7382909119900702e-05
3,UPFC_tsh,5-15,-0.2309144059831098,5,-0.23659579559985702,MAP_SCADA,87,0.005681389616747218
4,UPFC_Vse,5-15,0.0603194722178149,5,0.058716662229647276,MAP_SCADA,87,0.0016028099881676208
5,UPFC_tse,5-15,-2.155318859766885,5,-2.1554567290017665,MAP_SCADA,87,0.0001378692348814603
0,x_tcsc,1-14,-0.11333459791028293,6,-0.10863950296660514,MAP_SCADA,87,0.004695094943677786
1,B_svc,2,0.18041966252582461,6,0.1788025528505323,MAP_SCADA,87,0.0016171096752923275
2,UPFC_Vsh,5-15,1.1072648590523495,6,1.109897460726115,MAP_SCADA,87,0.0026326016737654445
3,UPFC_tsh,5-15,-0.23253037627372858,6,-0.23659579559985702,MAP_SCADA,87,0.004065419326128444
4,UPFC_Vse,5-15,0.0600837156301815,6,0.058716662229647276,MAP_SCADA,87,0.0013670534005342239
5,UPFC_tse,5-15,-2.1559922176239676,6,-2.1554567290017665,MAP_SCADA,87,0.0005354886222010968
0,x_tcsc,1-14,-0.11436276256544746,7,-0.10863950296660514,MAP_SCADA,87,0.005723259598842317
1,B_svc,2,0.17578589143797024,7,0.1788025528505323,MAP_SCADA,87,0.003016661412562044
2,UPFC_Vsh,5-15,1.1090257321918613,7,1.109897460726115,MAP_SCADA,87,0.0008717285342536574
3,UPFC_tsh,5-15,-0.230752004160547,7,-0.23659579559985702,MAP_SCADA,87,0.00584379143931002
4,UPFC_Vse,5-15,0.06009782334247497,7,0.058716662229647276,MAP_SCADA,87,0.0013811611128276904
5,UPFC_tse,5-15,-2.1532896030355704,7,-2.1554567290017665,MAP_SCADA,87,0.0021671259661961706
0,x_tcsc,1-14,-0.11346472153441553,8,-0.10863950296660514,MAP_SCADA,87,0.004825218567810388
1,B_svc,2,0.18048286210943015,8,0.1788025528505323,MAP_SCADA,87,0.0016803092588978663
2,UPFC_Vsh,5-15,1.108480483695338,8,1.109897460726115,MAP_SCADA,87,0.0014169770307770335
3,UPFC_tsh,5-15,-0.23109403596665595,8,-0.23659579559985702,MAP_SCADA,87,0.00550175963320107
4,UPFC_Vse,5-15,0.05989475052534988,8,0.058716662229647276,MAP_SCADA,87,0.001178088295702602
5,UPFC_tse,5-15,-2.153008952867411,8,-2.1554567290017665,MAP_SCADA,87,0.0024477761343555393
0,x_tcsc,1-14,-0.11177440719091994,9,-0.10863950296660514,MAP_SCADA,87,0.0031349042243147968
1,B_svc,2,0.18671012434317674,9,0.1788025528505323,MAP_SCADA,87,0.007907571492644455
2,UPFC_Vsh,5-15,1.1037795807258335,9,1.109897460726115,MAP_SCADA,87,0.0061178800002814615
3,UPFC_tsh,5-15,-0.23448940288511175,9,-0.23659579559985702,MAP_SCADA,87,0.0021063927147452755
4,UPFC_Vse,5-15,0.06104008593960212,9,0.058716662229647276,MAP_SCADA,87,0.002323423709954843
5,UPFC_tse,5-15,-2.1543496412886083,9,-2.1554567290017665,MAP_SCADA,87,0.0011070877131582613
0,x_tcsc,1-14,-0.11194494997492009,10,-0.10863950296660514,MAP_SCADA,87,0.003305447008314949
1,B_svc,2,0.18561780207658218,10,0.1788025528505323,MAP_SCADA,87,0.0068152492260498965
2,UPFC_Vsh,5-15,1.1077955580647714,10,1.109897460726115,MAP_SCADA,87,0.00210190266134358
3,UPFC_tsh,5-15,-0.23357350457639295,10,-0.23659579559985702,MAP_SCADA,87,0.0030222910234640743
4,UPFC_Vse,5-15,0.06104911978819504,10,0.058716662229647276,MAP_SCADA,87,0.0023324575585477667
5,UPFC_tse,5-15,-2.1542087215643924,10,-2.1554567290017665,MAP_SCADA,87,0.0012480074373741878
0,x_tcsc,1-14,-0.11144691933862402,11,-0.10863950296660514,MAP_SCADA,87,0.002807416372018881
1,B_svc,2,0.18733135995158337,11,0.1788025528505323,MAP_SCADA,87,0.008528807101051084
2,UPFC_Vsh,5-15,1.106233756598256,11,1.109897460726115,MAP_SCADA,87,0.00366370412785888
3,UPFC_tsh,5-15,-0.23400144609007603,11,-0.23659579559985702,MAP_SCADA,87,0.002594349509780991
4,UPFC_Vse,5-15,0.06022611964382545,11,0.058716662229647276,MAP_SCADA,87,0.0015094574141781766
5,UPFC_tse,5-15,-2.15561983957537,11,-2.1554567290017665,MAP_SCADA,87,0.00016311057360329784
0,x_tcsc,1-14,-0.11335974657529489,12,-0.10863950296660514,MAP_SCADA,87,0.00472024360868975
1,B_svc,2,0.18052980160149132,12,0.1788025528505323,MAP_SCADA,87,0.0017272487509590317
2,UPFC_Vsh,5-15,1.1072101395226248,12,1.109897460726115,MAP_SCADA,87,0.002687321203490134
3,UPFC_tsh,5-15,-0.23235149981375186,12,-0.23659579559985702,MAP_SCADA,87,0.004244295786105162
4,UPFC_Vse,5-15,0.06105168575186966,12,0.058716662229647276,MAP_SCADA,87,0.002335023522222382
5,UPFC_tse,5-15,-2.1503334819797124,12,-2.1554567290017665,MAP_SCADA,87,0.005123247022054134
0,x_tcsc,1-14,-0.11211623931164033,13,-0.10863950296660514,MAP_SCADA,87,0.003476736345035189
1,B_svc,2,0.18705823005723368,13,0.1788025528505323,MAP_SCADA,87,0.008255677206701395
2,UPFC_Vsh,5-15,1.1059065780904005,13,1.109897460726115,MAP_SCADA,87,0.0039908826357144545
3,UPFC_tsh,5-15,-0.23398759186968957,13,-0.23659579559985702,MAP_SCADA,87,0.0026082037301674577
4,UPFC_Vse,5-15,0.06032973274826177,13,0.058716662229647276,MAP_SCADA,87,0.0016130705186144928
5,UPFC_tse,5-15,-2.1569813122485124,13,-2.1554567290017665,MAP_SCADA,87,0.0015245832467458698
0,x_tcsc,1-14,-0.1137714289763915,14,-0.10863950296660514,MAP_SCADA,87,0.005131926009786361
1,B_svc,2,0.1830696590076973,14,0.1788025528505323,MAP_SCADA,87,0.004267106157165024
2,UPFC_Vsh,5-15,1.1082720687885226,14,1.109897460726115,MAP_SCADA,87,0.0016253919375923687
3,UPFC_tsh,5-15,-0.23205392329338764,14,-0.23659579559985702,MAP_SCADA,87,0.00454187230646938
4,UPFC_Vse,5-15,0.060411104500337556,14,0.058716662229647276,MAP_SCADA,87,0.00169444227069028
5,UPFC_tse,5-15,-2.1558802644963175,14,-2.1554567290017665,MAP_SCADA,87,0.00042353549455098616
0,x_tcsc,1-14,-0.11331493961116607,15,-0.10863950296660514,MAP_SCADA,87,0.0046754366445609236
1,B_svc,2,0.1800813984044449,15,0.1788025528505323,MAP_SCADA,87,0.001278845553912611
2,UPFC_Vsh,5-15,1.107314408698073,15,1.109897460726115,MAP_SCADA,87,0.0025830520280418767
3,UPFC_tsh,5-15,-0.23205643090968373,15,-0.23659579559985702,MAP_SCADA,87,0.004539364690173298
4,UPFC_Vse,5-15,0.059873090964751116,15,0.058716662229647276,MAP_SCADA,87,0.00115642873510384
5,UPFC_tse,5-15,-2.155007128440672,15,-2.1554567290017665,MAP_SCADA,87,0.0004496005610943321
0,x_tcsc,1-14,-0.1122306884762184,16,-0.10863950296660514,MAP_SCADA,87,0.003591185509613251
1,B_svc,2,0.18775249902392893,16,0.1788025528505323,MAP_SCADA,87,0.008949946173396645
2,UPFC_Vsh,5-15,1.1049647892610377,16,1.109897460726115,MAP_SCADA,87,0.004932671465077254
3,UPFC_tsh,5-15,-0.2330079098466535,16,-0.23659579559985702,MAP_SCADA,87,0.0035878857532035124
4,UPFC_Vse,5-15,0.06113724250918414,16,0.058716662229647276,MAP_SCADA,87,0.0024205802795368644
5,UPFC_tse,5-15,-2.157423881875138,16,-2.1554567290017665,MAP_SCADA,87,0.0019671528733713473
0,x_tcsc,1-14,-0.11263036020353481,17,-0.10863950296660514,MAP_SCADA,87,0.003990857236929671
1,B_svc,2,0.1817837233928617,17,0.1788025528505323,MAP_SCADA,87,0.002981170542329409
2,UPFC_Vsh,5-15,1.1084114438149966,17,1.109897460726115,MAP_SCADA,87,0.0014860169111183819
3,UPFC_tsh,5-15,-0.23144867598779334,17,-0.23659579559985702,MAP_SCADA,87,0.005147119612063683
4,UPFC_Vse,5-15,0.060318116756721364,17,0.058716662229647276,MAP_SCADA,87,0.001601454527074088
5,UPFC_tse,5-15,-2.153541067371644,17,-2.1554567290017665,MAP_SCADA,87,0.0019156616301225782
0,x_tcsc,1-14,-0.1123168833646532,18,-0.10863950296660514,MAP_SCADA,87,0.0036773803980480607
1,B_svc,2,0.18114343012589246,18,0.1788025528505323,MAP_SCADA,87,0.0023408772753601703
2,UPFC_Vsh,5-15,1.108076754568016,18,1.109897460726115,MAP_SCADA,87,0.0018207061580990391
3,UPFC_tsh,5-15,-0.2320082068359299,18,-0.23659579559985702,MAP_SCADA,87,0.0045875887639271196
4,UPFC_Vse,5-15,0.06041732067962146,18,0.058716662229647276,MAP_SCADA,87,0.0017006584499741836
5,UPFC_tse,5-15,-2.1552625136309573,18,-2.1554567290017665,MAP_SCADA,87,0.00019421537080921425
0,x_tcsc,1-14,-0.11164424108868416,19,-0.10863950296660514,MAP_SCADA,87,0.0030047381220790204
1,B_svc,2,0.18040424893429052,19,0.1788025528505323,MAP_SCADA,87,0.0016016960837582361
2,UPFC_Vsh,5-15,1.108871364654878,19,1.109897460726115,MAP_SCADA,87,0.0010260960712369371
3,UPFC_tsh,5-15,-0.2324105075658558,19,-0.23659579559985702,MAP_SCADA,87,0.004185288034001228
4,UPFC_Vse,5-15,0.061155322165232597,19,0.058716662229647276,MAP_SCADA,87,0.0024386599355853203
5,UPFC_tse,5-15,-2.154669972733158,19,-2.1554567290017665,MAP_SCADA,87,0.0007867562686083573
0,x_tcsc,1-14,-0.11274782327049446,20,-0.10863950296660514,MAP_SCADA,87,0.004108320303889315
1,B_svc,2,0.18459454920584656,20,0.1788025528505323,MAP_SCADA,87,0.005791996355314272
2,UPFC_Vsh,5-15,1.108006286307207,20,1.109897460726115,MAP_SCADA,87,0.0018911744189078483
3,UPFC_tsh,5-15,-0.23191990543603197,20,-0.23659579559985702,MAP_SCADA,87,0.004675890163825053
4,UPFC_Vse,5-15,0.06008050852103739,20,0.058716662229647276,MAP_SCADA,87,0.0013638462913901153
5,UPFC_tse,5-15,-2.1567097345688575,20,-2.1554567290017665,MAP_SCADA,87,0.001253005567090959
0,x_tcsc,1-14,-0.11169414259952308,21,-0.10863950296660514,MAP_SCADA,87,0.003054639632917938
1,B_svc,2,0.1857776632719838,21,0.1788025528505323,MAP_SCADA,87,0.006975110421451519
2,UPFC_Vsh,5-15,1.108184785877071,21,1.109897460726115,MAP_SCADA,87,0.0017126748490439159
3,UPFC_tsh,5-15,-0.23273179667649846,21,-0.23659579559985702,MAP_SCADA,87,0.0038639989233585637
4,UPFC_Vse,5-15,0.05992770845896655,21,0.058716662229647276,MAP_SCADA,87,0.0012110462293192722
5,UPFC_tse,5-15,-2.1568349329799426,21,-2.1554567290017665,MAP_SCADA,87,0.001378203978176007
0,x_tcsc,1-14,-0.11260572090998863,22,-0.10863950296660514,MAP_SCADA,87,0.00396621794338349
1,B_svc,2,0.18071338323253047,22,0.1788025528505323,MAP_SCADA,87,0.0019108303819981853
2,UPFC_Vsh,5-15,1.106722196604619,22,1.109897460726115,MAP_SCADA,87,0.0031752641214959354
3,UPFC_tsh,5-15,-0.23240057224166638,22,-0.23659579559985702,MAP_SCADA,87,0.004195223358190642
4,UPFC_Vse,5-15,0.059859672432762606,22,0.058716662229647276,MAP_SCADA,87,0.00114301020311533
5,UPFC_tse,5-15,-2.1554046999392504,22,-2.1554567290017665,MAP_SCADA,87,5.202906251611239e-05
0,x_tcsc,1-14,-0.10863106555895048,23,-0.10863950296660514,MAP_SCADA,87,8.437407654660056e-06
1,B_svc,2,0.19440583723342642,23,0.1788025528505323,MAP_SCADA,87,0.015603284382894128
2,UPFC_Vsh,5-15,1.1056047474826858,23,1.109897460726115,MAP_SCADA,87,0.004292713243429169
3,UPFC_tsh,5-15,-0.23553602350049807,23,-0.23659579559985702,MAP_SCADA,87,0.0010597720993589521
4,UPFC_Vse,5-15,0.06062491232048908,23,0.058716662229647276,MAP_SCADA,87,0.0019082500908418065
5,UPFC_tse,5-15,-2.1604370235879395,23,-2.1554567290017665,MAP_SCADA,87,0.004980294586172995
0,x_tcsc,1-14,-0.11358461640106417,24,-0.10863950296660514,MAP_SCADA,87,0.004945113434459025
1,B_svc,2,0.17847299555661278,24,0.1788025528505323,MAP_SCADA,87,0.00032955729391950794
2,UPFC_Vsh,5-15,1.1077453708357268,24,1.109897460726115,MAP_SCADA,87,0.0021520898903881758
3,UPFC_tsh,5-15,-0.23118967241909189,24,-0.23659579559985702,MAP_SCADA,87,0.005406123180765138
4,UPFC_Vse,5-15,0.06001689749729636,24,0.058716662229647276,MAP_SCADA,87,0.0013002352676490872
5,UPFC_tse,5-15,-2.1543010736861428,24,-2.1554567290017665,MAP_SCADA,87,0.0011556553156237825
0,x_tcsc,1-14,-0.11320004043012336,25,-0.10863950296660514,MAP_SCADA,87,0.004560537463518213
1,B_svc,2,0.17941167260829785,25,0.1788025528505323,MAP_SCADA,87,0.0006091197577655638
2,UPFC_Vsh,5-15,1.1101974435380184,25,1.109897460726115,MAP_SCADA,87,0.0002999828119034653
3,UPFC_tsh,5-15,-0.23031717049236608,25,-0.23659579559985702,MAP_SCADA,87,0.006278625107490943
4,UPFC_Vse,5-15,0.05996830578511454,25,0.058716662229647276,MAP_SCADA,87,0.0012516435554672661
5,UPFC_tse,5-15,-2.1553668754708863,25,-2.1554567290017665,MAP_SCADA,87,8.985353088020176e-05
0,x_tcsc,1-14,-0.11212214964649692,26,-0.10863950296660514,MAP_SCADA,87,0.003482646679891774
1,B_svc,2,0.1816223075761155,26,0.1788025528505323,MAP_SCADA,87,0.0028197547255832123
2,UPFC_Vsh,5-15,1.1082064053681402,26,1.109897460726115,MAP_SCADA,87,0.0016910553579747578
3,UPFC_tsh,5-15,-0.23179014857039898,26,-0.23659579559985702,MAP_SCADA,87,0.004805647029458043
4,UPFC_Vse,5-15,0.060238724303090414,26,0.058716662229647276,MAP_SCADA,87,0.001522062073443138
5,UPFC_tse,5-15,-2.1599186635184866,26,-2.1554567290017665,MAP_SCADA,87,0.004461934516720056
0,x_tcsc,1-14,-0.11119204081336112,27,-0.10863950296660514,MAP_SCADA,87,0.0025525378467559784
1,B_svc,2,0.1842705258074126,27,0.1788025528505323,MAP_SCADA,87,0.005467972956880313
2,UPFC_Vsh,5-15,1.1059116452390325,27,1.109897460726115,MAP_SCADA,87,0.003985815487082434
3,UPFC_tsh,5-15,-0.23295759170996305,27,-0.23659579559985702,MAP_SCADA,87,0.0036382038898939706
4,UPFC_Vse,5-15,0.06053072554552834,27,0.058716662229647276,MAP_SCADA,87,0.001814063315881062
5,UPFC_tse,5-15,-2.1561425446031106,27,-2.1554567290017665,MAP_SCADA,87,0.0006858156013440642
0,x_tcsc,1-14,-0.11078516593243308,28,-0.10863950296660514,MAP_SCADA,87,0.002145662965827938
1,B_svc,2,0.1862073014298553,28,0.1788025528505323,MAP_SCADA,87,0.007404748579323023
2,UPFC_Vsh,5-15,1.105306562887327,28,1.109897460726115,MAP_SCADA,87,0.004590897838787855
3,UPFC_tsh,5-15,-0.2340897760936502,28,-0.23659579559985702,MAP_SCADA,87,0.0025060195062068247
4,UPFC_Vse,5-15,0.06031540260348843,28,0.058716662229647276,MAP_SCADA,87,0.0015987403738411538
5,UPFC_tse,5-15,-2.159848933017864,28,-2.1554567290017665,MAP_SCADA,87,0.004392204016097523
0,x_tcsc,1-14,-0.11114633594373284,29,-0.10863950296660514,MAP_SCADA,87,0.0025068329771276987
1,B_svc,2,0.18515795790093445,29,0.1788025528505323,MAP_SCADA,87,0.006355405050402163
2,UPFC_Vsh,5-15,1.1077676810944392,29,1.109897460726115,MAP_SCADA,87,0.00212977963167571
3,UPFC_tsh,5-15,-0.2328826952361252,29,-0.23659579559985702,MAP_SCADA,87,0.0037131003637318194
4,UPFC_Vse,5-15,0.06039577683997066,29,0.058716662229647276,MAP_SCADA,87,0.0016791146103233845
5,UPFC_tse,5-15,-2.155335140690537,29,-2.1554567290017665,MAP_SCADA,87,0.00012158831122954794
0,x_tcsc,1-14,-0.11216068815257503,30,-0.10863950296660514,MAP_SCADA,87,0.0035211851859698884
1,B_svc,2,0.17704446044748634,30,0.1788025528505323,MAP_SCADA,87,0.0017580924030459466
2,UPFC_Vsh,5-15,1.109683072820936,30,1.109897460726115,MAP_SCADA,87,0.0002143879051790254
3,UPFC_tsh,5-15,-0.23174778760842352,30,-0.23659579559985702,MAP_SCADA,87,0.004848007991433506
4,UPFC_Vse,5-15,0.06019310784890161,30,0.058716662229647276,MAP_SCADA,87,0.0014764456192543352
5,UPFC_tse,5-15,-2.1564072150031643,30,-2.1554567290017665,MAP_SCADA,87,0.0009504860013977989
0,x_tcsc,1-14,-0.11251342636674841,31,-0.10863950296660514,MAP_SCADA,87,0.003873923400143267
1,B_svc,2,0.1831099893073962,31,0.1788025528505323,MAP_SCADA,87,0.004307436456863906
2,UPFC_Vsh,5-15,1.1078159760395527,31,1.109897460726115,MAP_SCADA,87,0.0020814846865622183
3,UPFC_tsh,5-15,-0.23189856588754654,31,-0.23659579559985702,MAP_SCADA,87,0.004697229712310486
4,UPFC_Vse,5-15,0.06007672510263565,31,0.058716662229647276,MAP_SCADA,87,0.0013600628729883713
5,UPFC_tse,5-15,-2.1587524619933207,31,-2.1554567290017665,MAP_SCADA,87,0.0032957329915541678
0,x_tcsc,1-14,-0.10935089542807824,32,-0.10863950296660514,MAP_SCADA,87,0.000711392461473101
1,B_svc,2,0.18873592910746403,32,0.1788025528505323,MAP_SCADA,87,0.009933376256931747
2,UPFC_Vsh,5-15,1.109038949726816,32,1.109897460726115,MAP_SCADA,87,0.0008585109992989004
3,UPFC_tsh,5-15,-0.2330027710688704,32,-0.23659579559985702,MAP_SCADA,87,0.003593024530986616
4,UPFC_Vse,5-15,0.05985014716756717,32,0.058716662229647276,MAP_SCADA,87,0.0011334849379198916
5,UPFC_tse,5-15,-2.1617669058380433,32,-2.1554567290017665,MAP_SCADA,87,0.006310176836276771
0,x_tcsc,1-14,-0.11132959920201867,33,-0.10863950296660514,MAP_SCADA,87,0.002690096235413525
1,B_svc,2,0.18595327212098606,33,0.1788025528505323,MAP_SCADA,87,0.00715071927045377
2,UPFC_Vsh,5-15,1.108084565723442,33,1.109897460726115,MAP_SCADA,87,0.0018128950026730095
3,UPFC_tsh,5-15,-0.2321353180308911,33,-0.23659579559985702,MAP_SCADA,87,0.00446047756896592
4,UPFC_Vse,5-15,0.06002017416798528,33,0.058716662229647276,MAP_SCADA,87,0.0013035119383380048
5,UPFC_tse,5-15,-2.157033850389164,33,-2.1554567290017665,MAP_SCADA,87,0.0015771213873976286
0,x_tcsc,1-14,-0.11034198001640978,34,-0.10863950296660514,MAP_SCADA,87,0.0017024770498046404
1,B_svc,2,0.18678599517759245,34,0.1788025528505323,MAP_SCADA,87,0.007983442327060164
2,UPFC_Vsh,5-15,1.1085563560496479,34,1.109897460726115,MAP_SCADA,87,0.0013411046764670864
3,UPFC_tsh,5-15,-0.23312360340740504,34,-0.23659579559985702,MAP_SCADA,87,0.003472192192451984
4,UPFC_Vse,5-15,0.060366956294376876,34,0.058716662229647276,MAP_SCADA,87,0.0016502940647296002
5,UPFC_tse,5-15,-2.1581320522383804,34,-2.1554567290017665,MAP_SCADA,87,0.0026753232366139024
0,x_tcsc,1-14,-0.11311317898577221,35,-0.10863950296660514,MAP_SCADA,87,0.004473676019167067
1,B_svc,2,0.18325163162252295,35,0.1788025528505323,MAP_SCADA,87,0.004449078771990661
2,UPFC_Vsh,5-15,1.1098842983230832,35,1.109897460726115,MAP_SCADA,87,1.3162403031730108e-05
3,UPFC_tsh,5-15,-0.23130759162507253,35,-0.23659579559985702,MAP_SCADA,87,0.0052882039747844944
4,UPFC_Vse,5-15,0.06016391902929492,35,0.058716662229647276,MAP_SCADA,87,0.0014472567996476407
5,UPFC_tse,5-15,-2.1548243799234137,35,-2.1554567290017665,MAP_SCADA,87,0.0006323490783528563
0,x_tcsc,1-14,-0.1149720819539307,36,-0.10863950296660514,MAP_SCADA,87,0.00633257898732556
1,B_svc,2,0.1750447967126657,36,0.1788025528505323,MAP_SCADA,87,0.0037577561378665802
2,UPFC_Vsh,5-15,1.1102778223388667,36,1.109897460726115,MAP_SCADA,87,0.0003803616127517895
3,UPFC_tsh,5-15,-0.22961423202170334,36,-0.23659579559985702,MAP_SCADA,87,0.006981563578153688
4,UPFC_Vse,5-15,0.060175439493694916,36,0.058716662229647276,MAP_SCADA,87,0.0014587772640476393
5,UPFC_tse,5-15,-2.1527252492944804,36,-2.1554567290017665,MAP_SCADA,87,0.002731479707286155
0,x_tcsc,1-14,-0.1135383168444,37,-0.10863950296660514,MAP_SCADA,87,0.0048988138777948526
1,B_svc,2,0.1808875627066663,37,0.1788025528505323,MAP_SCADA,87,0.0020850098561340236
2,UPFC_Vsh,5-15,1.1097833398341765,37,1.109897460726115,MAP_SCADA,87,0.00011412089193840735
3,UPFC_tsh,5-15,-0.2306731020068669,37,-0.23659579559985702,MAP_SCADA,87,0.005922693592990136
4,UPFC_Vse,5-15,0.059604765997265136,37,0.058716662229647276,MAP_SCADA,87,0.0008881037676178594
5,UPFC_tse,5-15,-2.1598551334837475,37,-2.1554567290017665,MAP_SCADA,87,0.004398404481980922
0,x_tcsc,1-14,-0.11241197576694792,38,-0.10863950296660514,MAP_SCADA,87,0.003772472800342777
1,B_svc,2,0.18139884194193798,38,0.1788025528505323,MAP_SCADA,87,0.00259628909140569
2,UPFC_Vsh,5-15,1.1092926368032598,38,1.109897460726115,MAP_SCADA,87,0.0006048239228551022
3,UPFC_tsh,5-15,-0.23168033003577468,38,-0.23659579559985702,MAP_SCADA,87,0.004915465564082344
4,UPFC_Vse,5-15,0.06042739705196942,38,0.058716662229647276,MAP_SCADA,87,0.0017107348223221464
5,UPFC_tse,5-15,-2.150262573934795,38,-2.1554567290017665,MAP_SCADA,87,0.0051941550669716285
0,x_tcsc,1-14,-0.11336627208444718,39,-0.10863950296660514,MAP_SCADA,87,0.0047267691178420335
1,B_svc,2,0.1824406965904449,39,0.1788025528505323,MAP_SCADA,87,0.0036381437399126137
2,UPFC_Vsh,5-15,1.109450803391796,39,1.109897460726115,MAP_SCADA,87,0.00044665733431892285
3,UPFC_tsh,5-15,-0.23110270791873322,39,-0.23659579559985702,MAP_SCADA,87,0.005493087681123804
4,UPFC_Vse,5-15,0.06015947124209428,39,0.058716662229647276,MAP_SCADA,87,0.001442809012447005
5,UPFC_tse,5-15,-2.1525195949795397,39,-2.1554567290017665,MAP_SCADA,87,0.0029371340222268394
0,x_tcsc,1-14,-0.11449781928869908,40,-0.10863950296660514,MAP_SCADA,87,0.005858316322093937
1,B_svc,2,0.17698963311880708,40,0.1788025528505323,MAP_SCADA,87,0.0018129197317252044
2,UPFC_Vsh,5-15,1.1099220982081328,40,1.109897460726115,MAP_SCADA,87,2.4637482017864087e-05
3,UPFC_tsh,5-15,-0.23127461686611703,40,-0.23659579559985702,MAP_SCADA,87,0.005321178733739995
4,UPFC_Vse,5-15,0.060217625795988015,40,0.058716662229647276,MAP_SCADA,87,0.0015009635663407392
5,UPFC_tse,5-15,-2.1504069037421822,40,-2.1554567290017665,MAP_SCADA,87,0.005049825259584306
0,x_tcsc,1-14,-0.11093572745407543,41,-0.10863950296660514,MAP_SCADA,87,0.002296224487470286
1,B_svc,2,0.18531896959267724,41,0.1788025528505323,MAP_SCADA,87,0.006516416742144954
2,UPFC_Vsh,5-15,1.108434994048722,41,1.109897460726115,MAP_SCADA,87,0.0014624666773930262
3,UPFC_tsh,5-15,-0.233408373060217,41,-0.23659579559985702,MAP_SCADA,87,0.0031874225396400224
4,UPFC_Vse,5-15,0.060499846182725275,41,0.058716662229647276,MAP_SCADA,87,0.0017831839530779992
5,UPFC_tse,5-15,-2.1601069645717934,41,-2.1554567290017665,MAP_SCADA,87,0.004650235570026862
0,x_tcsc,1-14,-0.11147761500004855,42,-0.10863950296660514,MAP_SCADA,87,0.0028381120334434046
1,B_svc,2,0.18730903475163513,42,0.1788025528505323,MAP_SCADA,87,0.008506481901102841
2,UPFC_Vsh,5-15,1.1074933658695576,42,1.109897460726115,MAP_SCADA,87,0.0024040948565573483
3,UPFC_tsh,5-15,-0.23274285808599332,42,-0.23659579559985702,MAP_SCADA,87,0.0038529375138637023
4,UPFC_Vse,5-15,0.06046335877714539,42,0.058716662229647276,MAP_SCADA,87,0.0017466965474981153
5,UPFC_tse,5-15,-2.154540752922178,42,-2.1554567290017665,MAP_SCADA,87,0.0009159760795887095
0,x_tcsc,1-14,-0.11305657612109273,43,-0.10863950296660514,MAP_SCADA,87,0.004417073154487583
1,B_svc,2,0.1792216928206034,43,0.1788025528505323,MAP_SCADA,87,0.0004191399700711196
2,UPFC_Vsh,5-15,1.1100005386855296,43,1.109897460726115,MAP_SCADA,87,0.0001030779594146658
3,UPFC_tsh,5-15,-0.23036578137282954,43,-0.23659579559985702,MAP_SCADA,87,0.006230014227027486
4,UPFC_Vse,5-15,0.06057910375371149,43,0.058716662229647276,MAP_SCADA,87,0.001862441524064215
5,UPFC_tse,5-15,-2.1561589997097914,43,-2.1554567290017665,MAP_SCADA,87,0.0007022707080248658
0,x_tcsc,1-14,-0.11207535639674679,44,-0.10863950296660514,MAP_SCADA,87,0.003435853430141647
1,B_svc,2,0.1846858498020382,44,0.1788025528505323,MAP_SCADA,87,0.005883296951505912
2,UPFC_Vsh,5-15,1.1077601535326256,44,1.109897460726115,MAP_SCADA,87,0.0021373071934893684
3,UPFC_tsh,5-15,-0.23261638863089268,44,-0.23659579559985702,MAP_SCADA,87,0.003979406968964344
4,UPFC_Vse,5-15,0.06047525859342069,44,0.058716662229647276,MAP_SCADA,87,0.0017585963637734153
5,UPFC_tse,5-15,-2.154046429528506,44,-2.1554567290017665,MAP_SCADA,87,0.0014102994732607677
0,x_tcsc,1-14,-0.11375431081784133,45,-0.10863950296660514,MAP_SCADA,87,0.005114807851236192
1,B_svc,2,0.17477818719938254,45,0.1788025528505323,MAP_SCADA,87,0.004024365651149747
2,UPFC_Vsh,5-15,1.1093197165452422,45,1.109897460726115,MAP_SCADA,87,0.0005777441808727524
3,UPFC_tsh,5-15,-0.23071303918734726,45,-0.23659579559985702,MAP_SCADA,87,0.005882756412509765
4,UPFC_Vse,5-15,0.06014026459677954,45,0.058716662229647276,MAP_SCADA,87,0.001423602367132265
5,UPFC_tse,5-15,-2.15388812615601,45,-2.1554567290017665,MAP_SCADA,87,0.0015686028457566614
0,x_tcsc,1-14,-0.11310434548909658,46,-0.10863950296660514,MAP_SCADA,87,0.004464842522491436
1,B_svc,2,0.17866334359157365,46,0.1788025528505323,MAP_SCADA,87,0.00013920925895863356
2,UPFC_Vsh,5-15,1.108715174743999,46,1.109897460726115,MAP_SCADA,87,0.0011822859821160048
3,UPFC_tsh,5-15,-0.23114836154528098,46,-0.23659579559985702,MAP_SCADA,87,0.005447434054576039
4,UPFC_Vse,5-15,0.060340846612470904,46,0.058716662229647276,MAP_SCADA,87,0.0016241843828236277
5,UPFC_tse,5-15,-2.155077590767528,46,-2.1554567290017665,MAP_SCADA,87,0.00037913823423840753
0,x_tcsc,1-14,-0.1126163685304988,47,-0.10863950296660514,MAP_SCADA,87,0.003976865563893664
1,B_svc,2,0.1826820223153454,47,0.1788025528505323,MAP_SCADA,87,0.003879469464813101
2,UPFC_Vsh,5-15,1.1078508671343414,47,1.109897460726115,MAP_SCADA,87,0.0020465935917735045
3,UPFC_tsh,5-15,-0.23195436112425402,47,-0.23659579559985702,MAP_SCADA,87,0.004641434475603001
4,UPFC_Vse,5-15,0.06005427570146322,47,0.058716662229647276,MAP_SCADA,87,0.0013376134718159419
5,UPFC_tse,5-15,-2.149004765473707,47,-2.1554567290017665,MAP_SCADA,87,0.006451963528059768
0,x_tcsc,1-14,-0.11202393736720709,48,-0.10863950296660514,MAP_SCADA,87,0.003384434400601946
1,B_svc,2,0.18197032083453404,48,0.1788025528505323,MAP_SCADA,87,0.003167767984001757
2,UPFC_Vsh,5-15,1.1088869066003255,48,1.109897460726115,MAP_SCADA,87,0.0010105541257894313
3,UPFC_tsh,5-15,-0.23173744296455784,48,-0.23659579559985702,MAP_SCADA,87,0.004858352635299185
4,UPFC_Vse,5-15,0.06064179275722406,48,0.058716662229647276,MAP_SCADA,87,0.001925130527576785
5,UPFC_tse,5-15,-2.1579971846390347,48,-2.1554567290017665,MAP_SCADA,87,0.002540455637268124
0,x_tcsc,1-14,-0.11301190854144895,49,-0.10863950296660514,MAP_SCADA,87,0.004372405574843807
1,B_svc,2,0.1826769526565768,49,0.1788025528505323,MAP_SCADA,87,0.0038743998060445095
2,UPFC_Vsh,5-15,1.10911972473425,49,1.109897460726115,MAP_SCADA,87,0.0007777359918650362
3,UPFC_tsh,5-15,-0.23197494578688546,49,-0.23659579559985702,MAP_SCADA,87,0.004620849812971561
4,UPFC_Vse,5-15,0.06039511975662008,49,0.058716662229647276,MAP_SCADA,87,0.001678457526972807
5,UPFC_tse,5-15,-2.159769366853597,49,-2.1554567290017665,MAP_SCADA,87,0.004312637851830559
0,x_tcsc,1-14,-0.11232464740583507,50,-0.10863950296660514,MAP_SCADA,87,0.0036851444392299315
1,B_svc,2,0.1804661933096819,50,0.1788025528505323,MAP_SCADA,87,0.0016636404591496012
2,UPFC_Vsh,5-15,1.1082997050473367,50,1.109897460726115,MAP_SCADA,87,0.0015977556787782898
3,UPFC_tsh,5-15,-0.23223059620849504,50,-0.23659579559985702,MAP_SCADA,87,0.004365199391361985
4,UPFC_Vse,5-15,0.060382776568446615,50,0.058716662229647276,MAP_SCADA,87,0.001666114338799339
5,UPFC_tse,5-15,-2.15506436388257,50,-2.1554567290017665,MAP_SCADA,87,0.0003923651191963806
0,x_tcsc,1-14,-0.11361562540832322,51,-0.10863950296660514,MAP_SCADA,87,0.004976122441718078
1,B_svc,2,0.17885922469653856,51,0.1788025528505323,MAP_SCADA,87,5.6671846006273174e-05
2,UPFC_Vsh,5-15,1.1070689001567269,51,1.109897460726115,MAP_SCADA,87,0.002828560569388072
3,UPFC_tsh,5-15,-0.2321065832889006,51,-0.23659579559985702,MAP_SCADA,87,0.00448921231095642
4,UPFC_Vse,5-15,0.06052340155011435,51,0.058716662229647276,MAP_SCADA,87,0.0018067393204670712
5,UPFC_tse,5-15,-2.1551682308222206,51,-2.1554567290017665,MAP_SCADA,87,0.00028849817954590407
0,x_tcsc,1-14,-0.10848351521084021,52,-0.10863950296660514,MAP_SCADA,87,0.00015598775576493307
1,B_svc,2,0.19662177475265205,52,0.1788025528505323,MAP_SCADA,87,0.017819221902119764
2,UPFC_Vsh,5-15,1.1078003615348868,52,1.109897460726115,MAP_SCADA,87,0.0020970991912281356
3,UPFC_tsh,5-15,-0.23401474328945562,52,-0.23659579559985702,MAP_SCADA,87,0.0025810523104013994
4,UPFC_Vse,5-15,0.06035505211035941,52,0.058716662229647276,MAP_SCADA,87,0.0016383898807121322
5,UPFC_tse,5-15,-2.160186956663391,52,-2.1554567290017665,MAP_SCADA,87,0.004730227661624564
0,x_tcsc,1-14,-0.11302618824924493,53,-0.10863950296660514,MAP_SCADA,87,0.004386685282639788
1,B_svc,2,0.1855528678668657,53,0.1788025528505323,MAP_SCADA,87,0.006750315016333414
2,UPFC_Vsh,5-15,1.106401917745756,53,1.109897460726115,MAP_SCADA,87,0.0034955429803589233
3,UPFC_tsh,5-15,-0.23299677621338608,53,-0.23659579559985702,MAP_SCADA,87,0.0035990193864709474
4,UPFC_Vse,5-15,0.06025677125495774,53,0.058716662229647276,MAP_SCADA,87,0.0015401090253104668
5,UPFC_tse,5-15,-2.1530014389473546,53,-2.1554567290017665,MAP_SCADA,87,0.0024552900544119183
0,x_tcsc,1-14,-0.10992588267449988,54,-0.10863950296660514,MAP_SCADA,87,0.001286379707894733
1,B_svc,2,0.18850845278962525,54,0.1788025528505323,MAP_SCADA,87,0.00970589993909296
2,UPFC_Vsh,5-15,1.1080263661691967,54,1.109897460726115,MAP_SCADA,87,0.0018710945569182513
3,UPFC_tsh,5-15,-0.2334353156834582,54,-0.23659579559985702,MAP_SCADA,87,0.0031604799163988118
4,UPFC_Vse,5-15,0.060702502198160174,54,0.058716662229647276,MAP_SCADA,87,0.001985839968512898
5,UPFC_tse,5-15,-2.159140326809645,54,-2.1554567290017665,MAP_SCADA,87,0.0036835978078784137
0,x_tcsc,1-14,-0.11090856933726283,55,-0.10863950296660514,MAP_SCADA,87,0.0022690663706576852
1,B_svc,2,0.18390305521965483,55,0.1788025528505323,MAP_SCADA,87,0.005100502369122545
2,UPFC_Vsh,5-15,1.105779728191416,55,1.109897460726115,MAP_SCADA,87,0.004117732534699048
3,UPFC_tsh,5-15,-0.23355893281144285,55,-0.23659579559985702,MAP_SCADA,87,0.0030368627884141686
4,UPFC_Vse,5-15,0.06052711291959248,55,0.058716662229647276,MAP_SCADA,87,0.0018104506899452033
5,UPFC_tse,5-15,-2.1596477295296808,55,-2.1554567290017665,MAP_SCADA,87,0.004191000527914213
0,x_tcsc,1-14,-0.11295801478895467,56,-0.10863950296660514,MAP_SCADA,87,0.004318511822349533
1,B_svc,2,0.18145367109197516,56,0.1788025528505323,MAP_SCADA,87,0.0026511182414428736
2,UPFC_Vsh,5-15,1.108183062115895,56,1.109897460726115,MAP_SCADA,87,0.001714398610219936
3,UPFC_tsh,5-15,-0.23276754175977452,56,-0.23659579559985702,MAP_SCADA,87,0.0038282538400825072
4,UPFC_Vse,5-15,0.060201074271315824,56,0.058716662229647276,MAP_SCADA,87,0.001484412041668548
5,UPFC_tse,5-15,-2.1541185297160985,56,-2.1554567290017665,MAP_SCADA,87,0.0013381992856680291
0,x_tcsc,1-14,-0.11331549764469787,57,-0.10863950296660514,MAP_SCADA,87,0.004675994678092724
1,B_svc,2,0.18113549787680508,57,0.1788025528505323,MAP_SCADA,87,0.0023329450262727924
2,UPFC_Vsh,5-15,1.1080297025810695,57,1.109897460726115,MAP_SCADA,87,0.0018677581450454728
3,UPFC_tsh,5-15,-0.2318175980644757,57,-0.23659579559985702,MAP_SCADA,87,0.004778197535381334
4,UPFC_Vse,5-15,0.05974123277280337,57,0.058716662229647276,MAP_SCADA,87,0.001024570543156092
5,UPFC_tse,5-15,-2.1568552925009024,57,-2.1554567290017665,MAP_SCADA,87,0.0013985634991358076
0,x_tcsc,1-14,-0.11259592447870835,58,-0.10863950296660514,MAP_SCADA,87,0.003956421512103209
1,B_svc,2,0.1855124996650732,58,0.1788025528505323,MAP_SCADA,87,0.006709946814540901
2,UPFC_Vsh,5-15,1.1041639179721214,58,1.109897460726115,MAP_SCADA,87,0.005733542753993515
3,UPFC_tsh,5-15,-0.2337457779457213,58,-0.23659579559985702,MAP_SCADA,87,0.002850017654135728
4,UPFC_Vse,5-15,0.060641571824637475,58,0.058716662229647276,MAP_SCADA,87,0.0019249095949901984
5,UPFC_tse,5-15,-2.1560231945507224,58,-2.1554567290017665,MAP_SCADA,87,0.0005664655489558967
0,x_tcsc,1-14,-0.11286231559448634,59,-0.10863950296660514,MAP_SCADA,87,0.004222812627881198
1,B_svc,2,0.1817952967432671,59,0.1788025528505323,MAP_SCADA,87,0.0029927438927348227
2,UPFC_Vsh,5-15,1.108691902973475,59,1.109897460726115,MAP_SCADA,87,0.0012055577526399741
3,UPFC_tsh,5-15,-0.23184199738940517,59,-0.23659579559985702,MAP_SCADA,87,0.004753798210451854
4,UPFC_Vse,5-15,0.060454713383064476,59,0.058716662229647276,MAP_SCADA,87,0.0017380511534172
5,UPFC_tse,5-15,-2.15495703243471,59,-2.1554567290017665,MAP_SCADA,87,0.0004996965670565068
0,x_tcsc,1-14,-0.1125451676959699,60,-0.10863950296660514,MAP_SCADA,87,0.0039056647293647523
1,B_svc,2,0.18446213206889514,60,0.1788025528505323,MAP_SCADA,87,0.0056595792183628535
2,UPFC_Vsh,5-15,1.108050671247431,60,1.109897460726115,MAP_SCADA,87,0.0018467894786839967
3,UPFC_tsh,5-15,-0.2323091987208775,60,-0.23659579559985702,MAP_SCADA,87,0.004286596878979532
4,UPFC_Vse,5-15,0.06027242282692596,60,0.058716662229647276,MAP_SCADA,87,0.0015557605972786812
5,UPFC_tse,5-15,-2.1526136198908206,60,-2.1554567290017665,MAP_SCADA,87,0.002843109110945985
0,x_tcsc,1-14,-0.11410481713499057,61,-0.10863950296660514,MAP_SCADA,87,0.0054653141683854295
1,B_svc,2,0.17972519930177294,61,0.1788025528505323,MAP_SCADA,87,0.0009226464512406551
2,UPFC_Vsh,5-15,1.1062344025143551,61,1.109897460726115,MAP_SCADA,87,0.0036630582117598287
3,UPFC_tsh,5-15,-0.23187134686501007,61,-0.23659579559985702,MAP_SCADA,87,0.004724448734846953
4,UPFC_Vse,5-15,0.06071318870310169,61,0.058716662229647276,MAP_SCADA,87,0.001996526473454413
5,UPFC_tse,5-15,-2.1542601835848503,61,-2.1554567290017665,MAP_SCADA,87,0.0011965454169162726
0,x_tcsc,1-14,-0.1115933269007217,62,-0.10863950296660514,MAP_SCADA,87,0.002953823934116556
1,B_svc,2,0.18400213468782292,62,0.1788025528505323,MAP_SCADA,87,0.005199581837290634
2,UPFC_Vsh,5-15,1.1074571520285303,62,1.109897460726115,MAP_SCADA,87,0.0024403086975846033
3,UPFC_tsh,5-15,-0.23263168864163766,62,-0.23659579559985702,MAP_SCADA,87,0.00396410695821936
4,UPFC_Vse,5-15,0.05996998341083485,62,0.058716662229647276,MAP_SCADA,87,0.0012533211811875736
5,UPFC_tse,5-15,-2.1600345054626127,62,-2.1554567290017665,MAP_SCADA,87,0.004577776460846117
0,x_tcsc,1-14,-0.11148815154244913,63,-0.10863950296660514,MAP_SCADA,87,0.0028486485758439928
1,B_svc,2,0.18721449786679403,63,0.1788025528505323,MAP_SCADA,87,0.008411945016261746
2,UPFC_Vsh,5-15,1.1070688856726931,63,1.109897460726115,MAP_SCADA,87,0.0028285750534218224
3,UPFC_tsh,5-15,-0.23342688662212113,63,-0.23659579559985702,MAP_SCADA,87,0.0031689089777358903
4,UPFC_Vse,5-15,0.05977947534148236,63,0.058716662229647276,MAP_SCADA,87,0.0010628131118350856
5,UPFC_tse,5-15,-2.1563252483151594,63,-2.1554567290017665,MAP_SCADA,87,0.0008685193133928237
0,x_tcsc,1-14,-0.11195724792908147,64,-0.10863950296660514,MAP_SCADA,87,0.003317744962476332
1,B_svc,2,0.18532267620046441,64,0.1788025528505323,MAP_SCADA,87,0.006520123349932128
2,UPFC_Vsh,5-15,1.1062982148266969,64,1.109897460726115,MAP_SCADA,87,0.0035992458994180687
3,UPFC_tsh,5-15,-0.23231828006468574,64,-0.23659579559985702,MAP_SCADA,87,0.004277515535171278
4,UPFC_Vse,5-15,0.060691859349195215,64,0.058716662229647276,MAP_SCADA,87,0.001975197119547939
5,UPFC_tse,5-15,-2.152693367047146,64,-2.1554567290017665,MAP_SCADA,87,0.002763361954620347
0,x_tcsc,1-14,-0.11295515105283893,65,-0.10863950296660514,MAP_SCADA,87,0.004315648086233789
1,B_svc,2,0.18060145943688566,65,0.1788025528505323,MAP_SCADA,87,0.0017989065863533715
2,UPFC_Vsh,5-15,1.1078146006483933,65,1.109897460726115,MAP_SCADA,87,0.0020828600777216266
3,UPFC_tsh,5-15,-0.23209500185534337,65,-0.23659579559985702,MAP_SCADA,87,0.004500793744513648
4,UPFC_Vse,5-15,0.06005942127011483,65,0.058716662229647276,MAP_SCADA,87,0.0013427590404675518
5,UPFC_tse,5-15,-2.152035993257443,65,-2.1554567290017665,MAP_SCADA,87,0.0034207357443234443
0,x_tcsc,1-14,-0.1105648668522165,66,-0.10863950296660514,MAP_SCADA,87,0.0019253638856113614
1,B_svc,2,0.1904464047979305,66,0.1788025528505323,MAP_SCADA,87,0.011643851947398226
2,UPFC_Vsh,5-15,1.108306155074037,66,1.109897460726115,MAP_SCADA,87,0.00159130565207799
3,UPFC_tsh,5-15,-0.23257200768493028,66,-0.23659579559985702,MAP_SCADA,87,0.004023787914926746
4,UPFC_Vse,5-15,0.06025958607178324,66,0.058716662229647276,MAP_SCADA,87,0.0015429238421359667
5,UPFC_tse,5-15,-2.1546439224482006,66,-2.1554567290017665,MAP_SCADA,87,0.0008128065535659701
0,x_tcsc,1-14,-0.11119767728780644,67,-0.10863950296660514,MAP_SCADA,87,0.002558174321201298
1,B_svc,2,0.18569084335624564,67,0.1788025528505323,MAP_SCADA,87,0.0068882905057133514
2,UPFC_Vsh,5-15,1.106366563748709,67,1.109897460726115,MAP_SCADA,87,0.0035308969774059396
3,UPFC_tsh,5-15,-0.23386903030465617,67,-0.23659579559985702,MAP_SCADA,87,0.002726765295200856
4,UPFC_Vse,5-15,0.06056370946115216,67,0.058716662229647276,MAP_SCADA,87,0.0018470472315048822
5,UPFC_tse,5-15,-2.1571921085846038,67,-2.1554567290017665,MAP_SCADA,87,0.0017353795828372043
0,x_tcsc,1-14,-0.11483410186228073,68,-0.10863950296660514,MAP_SCADA,87,0.006194598895675585
1,B_svc,2,0.17781365828617798,68,0.1788025528505323,MAP_SCADA,87,0.0009888945643543035
2,UPFC_Vsh,5-15,1.106598391691374,68,1.109897460726115,MAP_SCADA,87,0.0032990690347409757
3,UPFC_tsh,5-15,-0.23154604520573963,68,-0.23659579559985702,MAP_SCADA,87,0.005049750394117397
4,UPFC_Vse,5-15,0.06029084534704604,68,0.058716662229647276,MAP_SCADA,87,0.0015741831173987642
5,UPFC_tse,5-15,-2.154853142467964,68,-2.1554567290017665,MAP_SCADA,87,0.000603586533802769
0,x_tcsc,1-14,-0.11173747291563595,69,-0.10863950296660514,MAP_SCADA,87,0.0030979699490308044
1,B_svc,2,0.18495146124073875,69,0.1788025528505323,MAP_SCADA,87,0.006148908390206459
2,UPFC_Vsh,5-15,1.1072218108273122,69,1.109897460726115,MAP_SCADA,87,0.0026756498988027566
3,UPFC_tsh,5-15,-0.23243266776604807,69,-0.23659579559985702,MAP_SCADA,87,0.004163127833808955
4,UPFC_Vse,5-15,0.05983529988183588,69,0.058716662229647276,MAP_SCADA,87,0.0011186376521886005
5,UPFC_tse,5-15,-2.162200479914194,69,-2.1554567290017665,MAP_SCADA,87,0.006743750912427515
0,x_tcsc,1-14,-0.11161295954054895,70,-0.10863950296660514,MAP_SCADA,87,0.0029734565739438085
1,B_svc,2,0.18626377458114451,70,0.1788025528505323,MAP_SCADA,87,0.0074612217306122275
2,UPFC_Vsh,5-15,1.1076076388806437,70,1.109897460726115,MAP_SCADA,87,0.0022898218454712183
3,UPFC_tsh,5-15,-0.23241563686137293,70,-0.23659579559985702,MAP_SCADA,87,0.004180158738484097
4,UPFC_Vse,5-15,0.0600901778234442,70,0.058716662229647276,MAP_SCADA,87,0.001373515593796927
5,UPFC_tse,5-15,-2.159739654223675,70,-2.1554567290017665,MAP_SCADA,87,0.004282925221908318
0,x_tcsc,1-14,-0.11023236043321037,71,-0.10863950296660514,MAP_SCADA,87,0.0015928574666052298
1,B_svc,2,0.18490639389636032,71,0.1788025528505323,MAP_SCADA,87,0.0061038410458280346
2,UPFC_Vsh,5-15,1.1080515269839228,71,1.109897460726115,MAP_SCADA,87,0.0018459337421921074
3,UPFC_tsh,5-15,-0.23367155568450076,71,-0.23659579559985702,MAP_SCADA,87,0.002924239915356258
4,UPFC_Vse,5-15,0.05956459850884551,71,0.058716662229647276,MAP_SCADA,87,0.0008479362791982345
5,UPFC_tse,5-15,-2.1603199827972,71,-2.1554567290017665,MAP_SCADA,87,0.004863253795433398
0,x_tcsc,1-14,-0.11481364685907605,72,-0.10863950296660514,MAP_SCADA,87,0.00617414389247091
1,B_svc,2,0.1740477843073324,72,0.1788025528505323,MAP_SCADA,87,0.004754768543199894
2,UPFC_Vsh,5-15,1.1093478133268266,72,1.109897460726115,MAP_SCADA,87,0.0005496473992883111
3,UPFC_tsh,5-15,-0.23031014743099787,72,-0.23659579559985702,MAP_SCADA,87,0.006285648168859154
4,UPFC_Vse,5-15,0.060376298368476404,72,0.058716662229647276,MAP_SCADA,87,0.0016596361388291278
5,UPFC_tse,5-15,-2.152526010071022,72,-2.1554567290017665,MAP_SCADA,87,0.0029307189307443693
0,x_tcsc,1-14,-0.11119939553174198,73,-0.10863950296660514,MAP_SCADA,87,0.0025598925651368343
1,B_svc,2,0.18238211869777293,73,0.1788025528505323,MAP_SCADA,87,0.0035795658472406455
2,UPFC_Vsh,5-15,1.1078410496521713,73,1.109897460726115,MAP_SCADA,87,0.0020564110739436092
3,UPFC_tsh,5-15,-0.23244182663890925,73,-0.23659579559985702,MAP_SCADA,87,0.004153968960947774
4,UPFC_Vse,5-15,0.060123430715658725,73,0.058716662229647276,MAP_SCADA,87,0.001406768486011449
5,UPFC_tse,5-15,-2.154635166458868,73,-2.1554567290017665,MAP_SCADA,87,0.0008215625428986684
0,x_tcsc,1-14,-0.11245131488496514,74,-0.10863950296660514,MAP_SCADA,87,0.0038118119183599974
1,B_svc,2,0.18306689732739356,74,0.1788025528505323,MAP_SCADA,87,0.004264344476861276
2,UPFC_Vsh,5-15,1.1060877669311164,74,1.109897460726115,MAP_SCADA,87,0.0038096937949985143
3,UPFC_tsh,5-15,-0.23225569221922024,74,-0.23659579559985702,MAP_SCADA,87,0.004340103380636784
4,UPFC_Vse,5-15,0.06060816821702223,74,0.058716662229647276,MAP_SCADA,87,0.0018915059873749543
5,UPFC_tse,5-15,-2.1530639197953803,74,-2.1554567290017665,MAP_SCADA,87,0.0023928092063862927
0,x_tcsc,1-14,-0.11266851956063793,75,-0.10863950296660514,MAP_SCADA,87,0.0040290165940327916
1,B_svc,2,0.17942389982839835,75,0.1788025528505323,MAP_SCADA,87,0.0006213469778660607
2,UPFC_Vsh,5-15,1.1060512896544898,75,1.109897460726115,MAP_SCADA,87,0.003846171071625104
3,UPFC_tsh,5-15,-0.2321833929982741,75,-0.23659579559985702,MAP_SCADA,87,0.004412402601582932
4,UPFC_Vse,5-15,0.0603953238342974,75,0.058716662229647276,MAP_SCADA,87,0.0016786616046501265
5,UPFC_tse,5-15,-2.156912981216897,75,-2.1554567290017665,MAP_SCADA,87,0.0014562522151302382
0,x_tcsc,1-14,-0.11320542384235198,76,-0.10863950296660514,MAP_SCADA,87,0.004565920875746837
1,B_svc,2,0.17986454173726527,76,0.1788025528505323,MAP_SCADA,87,0.0010619888867329785
2,UPFC_Vsh,5-15,1.107140576441596,76,1.109897460726115,MAP_SCADA,87,0.0027568842845189234
3,UPFC_tsh,5-15,-0.2321309439923157,76,-0.23659579559985702,MAP_SCADA,87,0.004464851607541315
4,UPFC_Vse,5-15,0.06060513321190883,76,0.058716662229647276,MAP_SCADA,87,0.001888470982261553
5,UPFC_tse,5-15,-2.154545901987454,76,-2.1554567290017665,MAP_SCADA,87,0.000910827014312332
0,x_tcsc,1-14,-0.11027983805247656,77,-0.10863950296660514,MAP_SCADA,87,0.0016403350858714139
1,B_svc,2,0.19039840003568215,77,0.1788025528505323,MAP_SCADA,87,0.01159584718514986
2,UPFC_Vsh,5-15,1.1060914983424281,77,1.109897460726115,MAP_SCADA,87,0.0038059623836868006
3,UPFC_tsh,5-15,-0.23354511247093693,77,-0.23659579559985702,MAP_SCADA,87,0.0030506831289200953
4,UPFC_Vse,5-15,0.06064689698951932,77,0.058716662229647276,MAP_SCADA,87,0.0019302347598720432
5,UPFC_tse,5-15,-2.163946771282591,77,-2.1554567290017665,MAP_SCADA,87,0.008490042280824284
0,x_tcsc,1-14,-0.11238909219532701,78,-0.10863950296660514,MAP_SCADA,87,0.0037495892287218724
1,B_svc,2,0.18583281855938802,78,0.1788025528505323,MAP_SCADA,87,0.007030265708855732
2,UPFC_Vsh,5-15,1.1047114060882188,78,1.109897460726115,MAP_SCADA,87,0.00518605463789612
3,UPFC_tsh,5-15,-0.23331161314458537,78,-0.23659579559985702,MAP_SCADA,87,0.0032841824552716503
4,UPFC_Vse,5-15,0.060731876001881645,78,0.058716662229647276,MAP_SCADA,87,0.0020152137722343685
5,UPFC_tse,5-15,-2.1574975209251144,78,-2.1554567290017665,MAP_SCADA,87,0.002040791923347829
0,x_tcsc,1-14,-0.11227674867262306,79,-0.10863950296660514,MAP_SCADA,87,0.003637245706017922
1,B_svc,2,0.17798850759682364,79,0.1788025528505323,MAP_SCADA,87,0.0008140452537086507
2,UPFC_Vsh,5-15,1.1091646776389321,79,1.109897460726115,MAP_SCADA,87,0.0007327830871828311
3,UPFC_tsh,5-15,-0.2318079257618266,79,-0.23659579559985702,MAP_SCADA,87,0.004787869838030423
4,UPFC_Vse,5-15,0.0602518094619551,79,0.058716662229647276,MAP_SCADA,87,0.0015351472323078263
5,UPFC_tse,5-15,-2.1581915717638798,79,-2.1554567290017665,MAP_SCADA,87,0.002734842762113221
0,x_tcsc,1-14,-0.1103069614975914,80,-0.10863950296660514,MAP_SCADA,87,0.0016674585309862516
1,B_svc,2,0.1855188842432045,80,0.1788025528505323,MAP_SCADA,87,0.00671633139267222
2,UPFC_Vsh,5-15,1.1082246409705168,80,1.109897460726115,MAP_SCADA,87,0.0016728197555981872
3,UPFC_tsh,5-15,-0.23237219805571732,80,-0.23659579559985702,MAP_SCADA,87,0.004223597544139701
4,UPFC_Vse,5-15,0.06017729077889988,80,0.058716662229647276,MAP_SCADA,87,0.0014606285492526072
5,UPFC_tse,5-15,-2.1579965052878802,80,-2.1554567290017665,MAP_SCADA,87,0.002539776286113682
0,x_tcsc,1-14,-0.11484420222689054,81,-0.10863950296660514,MAP_SCADA,87,0.006204699260285398
1,B_svc,2,0.17324317502602474,81,0.1788025528505323,MAP_SCADA,87,0.00555937782450755
2,UPFC_Vsh,5-15,1.107767203557404,81,1.109897460726115,MAP_SCADA,87,0.0021302571687109584
3,UPFC_tsh,5-15,-0.23072723953847235,81,-0.23659579559985702,MAP_SCADA,87,0.005868556061384672
4,UPFC_Vse,5-15,0.060976563935023265,81,0.058716662229647276,MAP_SCADA,87,0.0022599017053759884
5,UPFC_tse,5-15,-2.149647198018337,81,-2.1554567290017665,MAP_SCADA,87,0.005809530983429401
0,x_tcsc,1-14,-0.11180805607061052,82,-0.10863950296660514,MAP_SCADA,87,0.0031685531040053783
1,B_svc,2,0.18178182354392003,82,0.1788025528505323,MAP_SCADA,87,0.002979270693387742
2,UPFC_Vsh,5-15,1.1089313718683742,82,1.109897460726115,MAP_SCADA,87,0.0009660888577407434
3,UPFC_tsh,5-15,-0.2325040165114551,82,-0.23659579559985702,MAP_SCADA,87,0.0040917790884019145
4,UPFC_Vse,5-15,0.059750170374855985,82,0.058716662229647276,MAP_SCADA,87,0.0010335081452087086
5,UPFC_tse,5-15,-2.157267769739594,82,-2.1554567290017665,MAP_SCADA,87,0.0018110407378273408
0,x_tcsc,1-14,-0.11196594835243269,83,-0.10863950296660514,MAP_SCADA,87,0.003326445385827548
1,B_svc,2,0.18358007288343284,83,0.1788025528505323,MAP_SCADA,87,0.004777520032900551
2,UPFC_Vsh,5-15,1.1066161622964277,83,1.109897460726115,MAP_SCADA,87,0.003281298429687274
3,UPFC_tsh,5-15,-0.2338622644581635,83,-0.23659579559985702,MAP_SCADA,87,0.0027335311416935293
4,UPFC_Vse,5-15,0.060341497574501454,83,0.058716662229647276,MAP_SCADA,87,0.001624835344854178
5,UPFC_tse,5-15,-2.1576262979870653,83,-2.1554567290017665,MAP_SCADA,87,0.002169568985298742
0,x_tcsc,1-14,-0.11242372645679247,84,-0.10863950296660514,MAP_SCADA,87,0.0037842234901873245
1,B_svc,2,0.181063038342786,84,0.1788025528505323,MAP_SCADA,87,0.0022604854922537165
2,UPFC_Vsh,5-15,1.1081734188444792,84,1.109897460726115,MAP_SCADA,87,0.0017240418816357739
3,UPFC_tsh,5-15,-0.23205042242021406,84,-0.23659579559985702,MAP_SCADA,87,0.004545373179642959
4,UPFC_Vse,5-15,0.060297588621276065,84,0.058716662229647276,MAP_SCADA,87,0.0015809263916287883
5,UPFC_tse,5-15,-2.1552974337286637,84,-2.1554567290017665,MAP_SCADA,87,0.0001592952731028774
0,x_tcsc,1-14,-0.11184343666634057,85,-0.10863950296660514,MAP_SCADA,87,0.0032039336997354284
1,B_svc,2,0.18561959631485753,85,0.1788025528505323,MAP_SCADA,87,0.00681704346432524
2,UPFC_Vsh,5-15,1.1067012175816726,85,1.109897460726115,MAP_SCADA,87,0.0031962431444423345
3,UPFC_tsh,5-15,-0.23200039920807386,85,-0.23659579559985702,MAP_SCADA,87,0.004595396391783163
4,UPFC_Vse,5-15,0.060508485515277884,85,0.058716662229647276,MAP_SCADA,87,0.0017918232856306074
5,UPFC_tse,5-15,-2.156137188259973,85,-2.1554567290017665,MAP_SCADA,87,0.0006804592582065894
0,x_tcsc,1-14,-0.11364135301624523,86,-0.10863950296660514,MAP_SCADA,87,0.005001850049640086
1,B_svc,2,0.1821219783944858,86,0.1788025528505323,MAP_SCADA,87,0.003319425543953508
2,UPFC_Vsh,5-15,1.107820798130156,86,1.109897460726115,MAP_SCADA,87,0.0020766625959589557
3,UPFC_tsh,5-15,-0.2322128959487655,86,-0.23659579559985702,MAP_SCADA,87,0.00438289965109151
4,UPFC_Vse,5-15,0.060660300434416836,86,0.058716662229647276,MAP_SCADA,87,0.00194363820476956
5,UPFC_tse,5-15,-2.1513489737161597,86,-2.1554567290017665,MAP_SCADA,87,0.004107755285606807
0,x_tcsc,1-14,-0.11243275414694069,87,-0.10863950296660514,MAP_SCADA,87,0.0037932511803355495
1,B_svc,2,0.18119025313673967,87,0.1788025528505323,MAP_SCADA,87,0.0023877002862073837
2,UPFC_Vsh,5-15,1.1088940270782162,87,1.109897460726115,MAP_SCADA,87,0.0010034336478987882
3,UPFC_tsh,5-15,-0.2316124266592611,87,-0.23659579559985702,MAP_SCADA,87,0.0049833689405959225
4,UPFC_Vse,5-15,0.060193264965839675,87,0.058716662229647276,MAP_SCADA,87,0.0014766027361923992
5,UPFC_tse,5-15,-2.1547446105680494,87,-2.1554567290017665,MAP_SCADA,87,0.0007121184337171016
0,x_tcsc,1-14,-0.1117050885844963,88,-0.10863950296660514,MAP_SCADA,87,0.0030655856178911645
1,B_svc,2,0.18225177768878625,88,0.1788025528505323,MAP_SCADA,87,0.003449224838253967
2,UPFC_Vsh,5-15,1.1091187232902788,88,1.109897460726115,MAP_SCADA,87,0.0007787374358361188
3,UPFC_tsh,5-15,-0.23202232715977783,88,-0.23659579559985702,MAP_SCADA,87,0.0045734684400791925
4,UPFC_Vse,5-15,0.060376671714547456,88,0.058716662229647276,MAP_SCADA,87,0.0016600094849001795
5,UPFC_tse,5-15,-2.162073760045472,88,-2.1554567290017665,MAP_SCADA,87,0.006617031043705257
0,x_tcsc,1-14,-0.11379815943239346,89,-0.10863950296660514,MAP_SCADA,87,0.005158656465788322
1,B_svc,2,0.1805462804774064,89,0.1788025528505323,MAP_SCADA,87,0.0017437276268741086
2,UPFC_Vsh,5-15,1.1080653754934764,89,1.109897460726115,MAP_SCADA,87,0.0018320852326385584
3,UPFC_tsh,5-15,-0.2315678341219605,89,-0.23659579559985702,MAP_SCADA,87,0.005027961477896525
4,UPFC_Vse,5-15,0.060031095941406064,89,0.058716662229647276,MAP_SCADA,87,0.0013144337117587876
5,UPFC_tse,5-15,-2.159275756025949,89,-2.1554567290017665,MAP_SCADA,87,0.003819027024182464
0,x_tcsc,1-14,-0.11269324663045342,90,-0.10863950296660514,MAP_SCADA,87,0.0040537436638482804
1,B_svc,2,0.1821197549092243,90,0.1788025528505323,MAP_SCADA,87,0.003317202058692015
2,UPFC_Vsh,5-15,1.1062962965124052,90,1.109897460726115,MAP_SCADA,87,0.0036011642137097066
3,UPFC_tsh,5-15,-0.23417220359261745,90,-0.23659579559985702,MAP_SCADA,87,0.0024235920072395722
4,UPFC_Vse,5-15,0.060051107680717156,90,0.058716662229647276,MAP_SCADA,87,0.0013344454510698794
5,UPFC_tse,5-15,-2.157194858291217,90,-2.1554567290017665,MAP_SCADA,87,0.0017381292894502742
0,x_tcsc,1-14,-0.11164315453934559,91,-0.10863950296660514,MAP_SCADA,87,0.0030036515727404484
1,B_svc,2,0.18654973269484112,91,0.1788025528505323,MAP_SCADA,87,0.007747179844308838
2,UPFC_Vsh,5-15,1.1068988496328513,91,1.109897460726115,MAP_SCADA,87,0.0029986110932636034
3,UPFC_tsh,5-15,-0.23361650316009025,91,-0.23659579559985702,MAP_SCADA,87,0.002979292439766773
4,UPFC_Vse,5-15,0.060603644534026314,91,0.058716662229647276,MAP_SCADA,87,0.0018869823043790382
5,UPFC_tse,5-15,-2.1555270160668036,91,-2.1554567290017665,MAP_SCADA,87,7.028706503708904e-05
0,x_tcsc,1-14,-0.11320362379910998,92,-0.10863950296660514,MAP_SCADA,87,0.004564120832504834
1,B_svc,2,0.1817882088694763,92,0.1788025528505323,MAP_SCADA,87,0.0029856560189440162
2,UPFC_Vsh,5-15,1.1076439408886294,92,1.109897460726115,MAP_SCADA,87,0.0022535198374855625
3,UPFC_tsh,5-15,-0.23202215347050792,92,-0.23659579559985702,MAP_SCADA,87,0.004573642129349104
4,UPFC_Vse,5-15,0.06037604036313058,92,0.058716662229647276,MAP_SCADA,87,0.0016593781334833038
5,UPFC_tse,5-15,-2.158383119696829,92,-2.1554567290017665,MAP_SCADA,87,0.0029263906950625085
0,x_tcsc,1-14,-0.10898873491513596,93,-0.10863950296660514,MAP_SCADA,87,0.00034923194853081485
1,B_svc,2,0.19068847968051864,93,0.1788025528505323,MAP_SCADA,87,0.011885926829986349
2,UPFC_Vsh,5-15,1.1066670030248402,93,1.109897460726115,MAP_SCADA,87,0.003230457701274725
3,UPFC_tsh,5-15,-0.23438533687847693,93,-0.23659579559985702,MAP_SCADA,87,0.002210458721380093
4,UPFC_Vse,5-15,0.06075473700274517,93,0.058716662229647276,MAP_SCADA,87,0.002038074773097892
5,UPFC_tse,5-15,-2.1592122319698612,93,-2.1554567290017665,MAP_SCADA,87,0.0037555029680946816
0,x_tcsc,1-14,-0.11178711151202753,94,-0.10863950296660514,MAP_SCADA,87,0.003147608545422384
1,B_svc,2,0.1862241898982063,94,0.1788025528505323,MAP_SCADA,87,0.007421637047674012
2,UPFC_Vsh,5-15,1.1073746068132924,94,1.109897460726115,MAP_SCADA,87,0.002522853912822587
3,UPFC_tsh,5-15,-0.23271118962076062,94,-0.23659579559985702,MAP_SCADA,87,0.0038846059790964005
4,UPFC_Vse,5-15,0.05974367351699315,94,0.058716662229647276,MAP_SCADA,87,0.0010270112873458706
5,UPFC_tse,5-15,-2.1591837303616974,94,-2.1554567290017665,MAP_SCADA,87,0.0037270013599308704
0,x_tcsc,1-14,-0.11281811211419954,95,-0.10863950296660514,MAP_SCADA,87,0.004178609147594395
1,B_svc,2,0.1798423535605849,95,0.1788025528505323,MAP_SCADA,87,0.0010398007100526074
2,UPFC_Vsh,5-15,1.1107640975000732,95,1.109897460726115,MAP_SCADA,87,0.0008666367739582626
3,UPFC_tsh,5-15,-0.23130359362426886,95,-0.23659579559985702,MAP_SCADA,87,0.005292201975588162
4,UPFC_Vse,5-15,0.060407635714608096,95,0.058716662229647276,MAP_SCADA,87,0.00169097348496082
5,UPFC_tse,5-15,-2.15105994964005,95,-2.1554567290017665,MAP_SCADA,87,0.004396779361716341
0,x_tcsc,1-14,-0.11195570137059803,96,-0.10863950296660514,MAP_SCADA,87,0.003316198403992887
1,B_svc,2,0.18764742666765016,96,0.1788025528505323,MAP_SCADA,87,0.008844873817117876
2,UPFC_Vsh,5-15,1.109255661757014,96,1.109897460726115,MAP_SCADA,87,0.0006417989691009929
3,UPFC_tsh,5-15,-0.23200538249675867,96,-0.23659579559985702,MAP_SCADA,87,0.004590413103098351
4,UPFC_Vse,5-15,0.06062835131201776,96,0.058716662229647276,MAP_SCADA,87,0.0019116890823704866
5,UPFC_tse,5-15,-2.1573787027016547,96,-2.1554567290017665,MAP_SCADA,87,0.0019219736998881132
0,x_tcsc,1-14,-0.11174140659467031,97,-0.10863950296660514,MAP_SCADA,87,0.0031019036280651724
1,B_svc,2,0.18426488750022654,97,0.1788025528505323,MAP_SCADA,87,0.005462334649694256
2,UPFC_Vsh,5-15,1.108756821574409,97,1.109897460726115,MAP_SCADA,87,0.0011406391517059244
3,UPFC_tsh,5-15,-0.23306784874770028,97,-0.23659579559985702,MAP_SCADA,87,0.003527946852156738
4,UPFC_Vse,5-15,0.059787575256518455,97,0.058716662229647276,MAP_SCADA,87,0.0010709130268711786
5,UPFC_tse,5-15,-2.1580555421623253,97,-2.1554567290017665,MAP_SCADA,87,0.002598813160558766
0,x_tcsc,1-14,-0.11246565688486991,98,-0.10863950296660514,MAP_SCADA,87,0.0038261539182647686
1,B_svc,2,0.18285318023999722,98,0.1788025528505323,MAP_SCADA,87,0.004050627389464934
2,UPFC_Vsh,5-15,1.109484306840395,98,1.109897460726115,MAP_SCADA,87,0.00041315388571994127
3,UPFC_tsh,5-15,-0.23208286556886998,98,-0.23659579559985702,MAP_SCADA,87,0.004512930030987045
4,UPFC_Vse,5-15,0.0605315567883521,98,0.058716662229647276,MAP_SCADA,87,0.001814894558704823
5,UPFC_tse,5-15,-2.1553071214667407,98,-2.1554567290017665,MAP_SCADA,87,0.0001496075350257975
0,x_tcsc,1-14,-0.1137018084065269,99,-0.10863950296660514,MAP_SCADA,87,0.005062305439921755
1,B_svc,2,0.17857495229728937,99,0.1788025528505323,MAP_SCADA,87,0.00022760055324291817
2,UPFC_Vsh,5-15,1.1088238971653452,99,1.109897460726115,MAP_SCADA,87,0.001073563560769708
3,UPFC_tsh,5-15,-0.23186387590410268,99,-0.23659579559985702,MAP_SCADA,87,0.004731919695754344
4,UPFC_Vse,5-15,0.06031676127760777,99,0.058716662229647276,MAP_SCADA,87,0.0016000990479604904
5,UPFC_tse,5-15,-2.153187140622384,99,-2.1554567290017665,MAP_SCADA,87,0.0022695883793826255
0,x_tcsc,1-14,-0.1089531511781327,0,-0.10803233126886942,MAP_SCADA,89,0.0009208199092632791
1,B_svc,2,0.1897935387956435,0,0.17804581008833067,MAP_SCADA,89,0.011747728707312832
2,UPFC_Vsh,5-15,1.1087431100620921,0,1.1094139934513632,MAP_SCADA,89,0.0006708833892710153
3,UPFC_tsh,5-15,-0.23330975381613128,0,-0.23699861086862142,MAP_SCADA,89,0.003688857052490141
4,UPFC_Vse,5-15,0.059910786553985726,0,0.059055680618561764,MAP_SCADA,89,0.0008551059354239623
5,UPFC_tse,5-15,-2.1617541252362744,0,-2.166415390085353,MAP_SCADA,89,0.0046612648490786945
0,x_tcsc,1-14,-0.111586134031699,1,-0.10803233126886942,MAP_SCADA,89,0.003553802762829572
1,B_svc,2,0.18277825912481013,1,0.17804581008833067,MAP_SCADA,89,0.004732449036479458
2,UPFC_Vsh,5-15,1.1082234287991541,1,1.1094139934513632,MAP_SCADA,89,0.001190564652209014
3,UPFC_tsh,5-15,-0.23190643054264615,1,-0.23699861086862142,MAP_SCADA,89,0.005092180325975276
4,UPFC_Vse,5-15,0.06059477305551764,1,0.059055680618561764,MAP_SCADA,89,0.0015390924369558731
5,UPFC_tse,5-15,-2.1540585190564276,1,-2.166415390085353,MAP_SCADA,89,0.012356871028925465
0,x_tcsc,1-14,-0.11211395804478234,2,-0.10803233126886942,MAP_SCADA,89,0.004081626775912922
1,B_svc,2,0.1868625727668949,2,0.17804581008833067,MAP_SCADA,89,0.008816762678564238
2,UPFC_Vsh,5-15,1.1067411309471762,2,1.1094139934513632,MAP_SCADA,89,0.002672862504186968
3,UPFC_tsh,5-15,-0.2331739941656229,2,-0.23699861086862142,MAP_SCADA,89,0.0038246167029985234
4,UPFC_Vse,5-15,0.0609363740875178,2,0.059055680618561764,MAP_SCADA,89,0.0018806934689560365
5,UPFC_tse,5-15,-2.152871154024673,2,-2.166415390085353,MAP_SCADA,89,0.013544236060679893
0,x_tcsc,1-14,-0.11285742257812492,3,-0.10803233126886942,MAP_SCADA,89,0.0048250913092555
1,B_svc,2,0.18539429171333982,3,0.17804581008833067,MAP_SCADA,89,0.007348481625009146
2,UPFC_Vsh,5-15,1.1081386969229026,3,1.1094139934513632,MAP_SCADA,89,0.00127529652846059
3,UPFC_tsh,5-15,-0.2324863078339946,3,-0.23699861086862142,MAP_SCADA,89,0.0045123030346268245
4,UPFC_Vse,5-15,0.06048900561970597,3,0.059055680618561764,MAP_SCADA,89,0.001433325001144209
5,UPFC_tse,5-15,-2.1551872012743307,3,-2.166415390085353,MAP_SCADA,89,0.011228188811022388
0,x_tcsc,1-14,-0.11231476988244248,4,-0.10803233126886942,MAP_SCADA,89,0.004282438613573053
1,B_svc,2,0.18572521980578321,4,0.17804581008833067,MAP_SCADA,89,0.00767940971745254
2,UPFC_Vsh,5-15,1.1056512600233495,4,1.1094139934513632,MAP_SCADA,89,0.003762733428013698
3,UPFC_tsh,5-15,-0.2338904834461942,4,-0.23699861086862142,MAP_SCADA,89,0.0031081274224272204
4,UPFC_Vse,5-15,0.060121854908355796,4,0.059055680618561764,MAP_SCADA,89,0.0010661742897940321
5,UPFC_tse,5-15,-2.1592578402365357,4,-2.166415390085353,MAP_SCADA,89,0.007157549848817446
0,x_tcsc,1-14,-0.11178525041785418,5,-0.10803233126886942,MAP_SCADA,89,0.0037529191489847624
1,B_svc,2,0.18343692280570392,5,0.17804581008833067,MAP_SCADA,89,0.005391112717373248
2,UPFC_Vsh,5-15,1.109880077816995,5,1.1094139934513632,MAP_SCADA,89,0.0004660843656318914
3,UPFC_tsh,5-15,-0.2309144059831098,5,-0.23699861086862142,MAP_SCADA,89,0.006084204885511618
4,UPFC_Vse,5-15,0.0603194722178149,5,0.059055680618561764,MAP_SCADA,89,0.0012637915992531334
5,UPFC_tse,5-15,-2.155318859766885,5,-2.166415390085353,MAP_SCADA,89,0.011096530318468023
0,x_tcsc,1-14,-0.11333459791028293,6,-0.10803233126886942,MAP_SCADA,89,0.0053022666414135056
1,B_svc,2,0.18041966252582461,6,0.17804581008833067,MAP_SCADA,89,0.0023738524374939396
2,UPFC_Vsh,5-15,1.1072648590523495,6,1.1094139934513632,MAP_SCADA,89,0.0021491343990136524
3,UPFC_tsh,5-15,-0.23253037627372858,6,-0.23699861086862142,MAP_SCADA,89,0.004468234594892845
4,UPFC_Vse,5-15,0.0600837156301815,6,0.059055680618561764,MAP_SCADA,89,0.0010280350116197365
5,UPFC_tse,5-15,-2.1559922176239676,6,-2.166415390085353,MAP_SCADA,89,0.010423172461385466
0,x_tcsc,1-14,-0.11436276256544746,7,-0.10803233126886942,MAP_SCADA,89,0.006330431296578037
1,B_svc,2,0.17578589143797024,7,0.17804581008833067,MAP_SCADA,89,0.002259918650360432
2,UPFC_Vsh,5-15,1.1090257321918613,7,1.1094139934513632,MAP_SCADA,89,0.0003882612595018653
3,UPFC_tsh,5-15,-0.230752004160547,7,-0.23699861086862142,MAP_SCADA,89,0.00624660670807442
4,UPFC_Vse,5-15,0.06009782334247497,7,0.059055680618561764,MAP_SCADA,89,0.001042142723913203
5,UPFC_tse,5-15,-2.1532896030355704,7,-2.166415390085353,MAP_SCADA,89,0.013125787049782733
0,x_tcsc,1-14,-0.11346472153441553,8,-0.10803233126886942,MAP_SCADA,89,0.005432390265546108
1,B_svc,2,0.18048286210943015,8,0.17804581008833067,MAP_SCADA,89,0.0024370520210994784
2,UPFC_Vsh,5-15,1.108480483695338,8,1.1094139934513632,MAP_SCADA,89,0.0009335097560252414
3,UPFC_tsh,5-15,-0.23109403596665595,8,-0.23699861086862142,MAP_SCADA,89,0.00590457490196547
4,UPFC_Vse,5-15,0.05989475052534988,8,0.059055680618561764,MAP_SCADA,89,0.0008390699067881147
5,UPFC_tse,5-15,-2.153008952867411,8,-2.166415390085353,MAP_SCADA,89,0.013406437217942102
0,x_tcsc,1-14,-0.11177440719091994,9,-0.10803233126886942,MAP_SCADA,89,0.0037420759220505168
1,B_svc,2,0.18671012434317674,9,0.17804581008833067,MAP_SCADA,89,0.008664314254846067
2,UPFC_Vsh,5-15,1.1037795807258335,9,1.1094139934513632,MAP_SCADA,89,0.005634412725529669
3,UPFC_tsh,5-15,-0.23448940288511175,9,-0.23699861086862142,MAP_SCADA,89,0.002509207983509676
4,UPFC_Vse,5-15,0.06104008593960212,9,0.059055680618561764,MAP_SCADA,89,0.0019844053210403556
5,UPFC_tse,5-15,-2.1543496412886083,9,-2.166415390085353,MAP_SCADA,89,0.012065748796744824
0,x_tcsc,1-14,-0.11194494997492009,10,-0.10803233126886942,MAP_SCADA,89,0.003912618706050669
1,B_svc,2,0.18561780207658218,10,0.17804581008833067,MAP_SCADA,89,0.0075719919882515085
2,UPFC_Vsh,5-15,1.1077955580647714,10,1.1094139934513632,MAP_SCADA,89,0.0016184353865917878
3,UPFC_tsh,5-15,-0.23357350457639295,10,-0.23699861086862142,MAP_SCADA,89,0.0034251062922284747
4,UPFC_Vse,5-15,0.06104911978819504,10,0.059055680618561764,MAP_SCADA,89,0.0019934391696332793
5,UPFC_tse,5-15,-2.1542087215643924,10,-2.166415390085353,MAP_SCADA,89,0.01220666852096075
0,x_tcsc,1-14,-0.11144691933862402,11,-0.10803233126886942,MAP_SCADA,89,0.003414588069754601
1,B_svc,2,0.18733135995158337,11,0.17804581008833067,MAP_SCADA,89,0.009285549863252696
2,UPFC_Vsh,5-15,1.106233756598256,11,1.1094139934513632,MAP_SCADA,89,0.003180236853107088
3,UPFC_tsh,5-15,-0.23400144609007603,11,-0.23699861086862142,MAP_SCADA,89,0.0029971647785453914
4,UPFC_Vse,5-15,0.06022611964382545,11,0.059055680618561764,MAP_SCADA,89,0.0011704390252636893
5,UPFC_tse,5-15,-2.15561983957537,11,-2.166415390085353,MAP_SCADA,89,0.010795550509983265
0,x_tcsc,1-14,-0.11335974657529489,12,-0.10803233126886942,MAP_SCADA,89,0.00532741530642547
1,B_svc,2,0.18052980160149132,12,0.17804581008833067,MAP_SCADA,89,0.002483991513160644
2,UPFC_Vsh,5-15,1.1072101395226248,12,1.1094139934513632,MAP_SCADA,89,0.002203853928738342
3,UPFC_tsh,5-15,-0.23235149981375186,12,-0.23699861086862142,MAP_SCADA,89,0.004647111054869563
4,UPFC_Vse,5-15,0.06105168575186966,12,0.059055680618561764,MAP_SCADA,89,0.0019960051333078946
5,UPFC_tse,5-15,-2.1503334819797124,12,-2.166415390085353,MAP_SCADA,89,0.016081908105640697
0,x_tcsc,1-14,-0.11211623931164033,13,-0.10803233126886942,MAP_SCADA,89,0.004083908042770909
1,B_svc,2,0.18705823005723368,13,0.17804581008833067,MAP_SCADA,89,0.009012419968903007
2,UPFC_Vsh,5-15,1.1059065780904005,13,1.1094139934513632,MAP_SCADA,89,0.0035074153609626624
3,UPFC_tsh,5-15,-0.23398759186968957,13,-0.23699861086862142,MAP_SCADA,89,0.003011018998931858
4,UPFC_Vse,5-15,0.06032973274826177,13,0.059055680618561764,MAP_SCADA,89,0.0012740521297000054
5,UPFC_tse,5-15,-2.1569813122485124,13,-2.166415390085353,MAP_SCADA,89,0.009434077836840693
0,x_tcsc,1-14,-0.1137714289763915,14,-0.10803233126886942,MAP_SCADA,89,0.005739097707522081
1,B_svc,2,0.1830696590076973,14,0.17804581008833067,MAP_SCADA,89,0.005023848919366636
2,UPFC_Vsh,5-15,1.1082720687885226,14,1.1094139934513632,MAP_SCADA,89,0.0011419246628405766
3,UPFC_tsh,5-15,-0.23205392329338764,14,-0.23699861086862142,MAP_SCADA,89,0.0049446875752337804
4,UPFC_Vse,5-15,0.060411104500337556,14,0.059055680618561764,MAP_SCADA,89,0.0013554238817757927
5,UPFC_tse,5-15,-2.1558802644963175,14,-2.166415390085353,MAP_SCADA,89,0.010535125589035577
0,x_tcsc,1-14,-0.11331493961116607,15,-0.10803233126886942,MAP_SCADA,89,0.0052826083422966436
1,B_svc,2,0.1800813984044449,15,0.17804581008833067,MAP_SCADA,89,0.002035588316114223
2,UPFC_Vsh,5-15,1.107314408698073,15,1.1094139934513632,MAP_SCADA,89,0.0020995847532900846
3,UPFC_tsh,5-15,-0.23205643090968373,15,-0.23699861086862142,MAP_SCADA,89,0.004942179958937698
4,UPFC_Vse,5-15,0.059873090964751116,15,0.059055680618561764,MAP_SCADA,89,0.0008174103461893525
5,UPFC_tse,5-15,-2.155007128440672,15,-2.166415390085353,MAP_SCADA,89,0.011408261644680895
0,x_tcsc,1-14,-0.1122306884762184,16,-0.10803233126886942,MAP_SCADA,89,0.004198357207348971
1,B_svc,2,0.18775249902392893,16,0.17804581008833067,MAP_SCADA,89,0.009706688935598257
2,UPFC_Vsh,5-15,1.1049647892610377,16,1.1094139934513632,MAP_SCADA,89,0.004449204190325462
3,UPFC_tsh,5-15,-0.2330079098466535,16,-0.23699861086862142,MAP_SCADA,89,0.003990701021967913
4,UPFC_Vse,5-15,0.06113724250918414,16,0.059055680618561764,MAP_SCADA,89,0.002081561890622377
5,UPFC_tse,5-15,-2.157423881875138,16,-2.166415390085353,MAP_SCADA,89,0.008991508210215216
0,x_tcsc,1-14,-0.11263036020353481,17,-0.10803233126886942,MAP_SCADA,89,0.004598028934665391
1,B_svc,2,0.1817837233928617,17,0.17804581008833067,MAP_SCADA,89,0.003737913304531021
2,UPFC_Vsh,5-15,1.1084114438149966,17,1.1094139934513632,MAP_SCADA,89,0.0010025496363665898
3,UPFC_tsh,5-15,-0.23144867598779334,17,-0.23699861086862142,MAP_SCADA,89,0.0055499348808280835
4,UPFC_Vse,5-15,0.060318116756721364,17,0.059055680618561764,MAP_SCADA,89,0.0012624361381596005
5,UPFC_tse,5-15,-2.153541067371644,17,-2.166415390085353,MAP_SCADA,89,0.012874322713709141
0,x_tcsc,1-14,-0.1123168833646532,18,-0.10803233126886942,MAP_SCADA,89,0.004284552095783781
1,B_svc,2,0.18114343012589246,18,0.17804581008833067,MAP_SCADA,89,0.0030976200375617824
2,UPFC_Vsh,5-15,1.108076754568016,18,1.1094139934513632,MAP_SCADA,89,0.001337238883347247
3,UPFC_tsh,5-15,-0.2320082068359299,18,-0.23699861086862142,MAP_SCADA,89,0.00499040403269152
4,UPFC_Vse,5-15,0.06041732067962146,18,0.059055680618561764,MAP_SCADA,89,0.0013616400610596963
5,UPFC_tse,5-15,-2.1552625136309573,18,-2.166415390085353,MAP_SCADA,89,0.011152876454395777
0,x_tcsc,1-14,-0.11164424108868416,19,-0.10803233126886942,MAP_SCADA,89,0.0036119098198147404
1,B_svc,2,0.18040424893429052,19,0.17804581008833067,MAP_SCADA,89,0.002358438845959848
2,UPFC_Vsh,5-15,1.108871364654878,19,1.1094139934513632,MAP_SCADA,89,0.0005426287964851451
3,UPFC_tsh,5-15,-0.2324105075658558,19,-0.23699861086862142,MAP_SCADA,89,0.004588103302765628
4,UPFC_Vse,5-15,0.061155322165232597,19,0.059055680618561764,MAP_SCADA,89,0.002099641546670833
5,UPFC_tse,5-15,-2.154669972733158,19,-2.166415390085353,MAP_SCADA,89,0.01174541735219492
0,x_tcsc,1-14,-0.11274782327049446,20,-0.10803233126886942,MAP_SCADA,89,0.004715492001625035
1,B_svc,2,0.18459454920584656,20,0.17804581008833067,MAP_SCADA,89,0.006548739117515884
2,UPFC_Vsh,5-15,1.108006286307207,20,1.1094139934513632,MAP_SCADA,89,0.0014077071441560562
3,UPFC_tsh,5-15,-0.23191990543603197,20,-0.23699861086862142,MAP_SCADA,89,0.005078705432589453
4,UPFC_Vse,5-15,0.06008050852103739,20,0.059055680618561764,MAP_SCADA,89,0.001024827902475628
5,UPFC_tse,5-15,-2.1567097345688575,20,-2.166415390085353,MAP_SCADA,89,0.009705655516495604
0,x_tcsc,1-14,-0.11169414259952308,21,-0.10803233126886942,MAP_SCADA,89,0.003661811330653658
1,B_svc,2,0.1857776632719838,21,0.17804581008833067,MAP_SCADA,89,0.007731853183653131
2,UPFC_Vsh,5-15,1.108184785877071,21,1.1094139934513632,MAP_SCADA,89,0.0012292075742921238
3,UPFC_tsh,5-15,-0.23273179667649846,21,-0.23699861086862142,MAP_SCADA,89,0.004266814192122964
4,UPFC_Vse,5-15,0.05992770845896655,21,0.059055680618561764,MAP_SCADA,89,0.0008720278404047849
5,UPFC_tse,5-15,-2.1568349329799426,21,-2.166415390085353,MAP_SCADA,89,0.009580457105410556
0,x_tcsc,1-14,-0.11260572090998863,22,-0.10803233126886942,MAP_SCADA,89,0.00457338964111921
1,B_svc,2,0.18071338323253047,22,0.17804581008833067,MAP_SCADA,89,0.0026675731441997974
2,UPFC_Vsh,5-15,1.106722196604619,22,1.1094139934513632,MAP_SCADA,89,0.0026917968467441433
3,UPFC_tsh,5-15,-0.23240057224166638,22,-0.23699861086862142,MAP_SCADA,89,0.004598038626955042
4,UPFC_Vse,5-15,0.059859672432762606,22,0.059055680618561764,MAP_SCADA,89,0.0008039918142008426
5,UPFC_tse,5-15,-2.1554046999392504,22,-2.166415390085353,MAP_SCADA,89,0.011010690146102675
0,x_tcsc,1-14,-0.10863106555895048,23,-0.10803233126886942,MAP_SCADA,89,0.0005987342900810599
1,B_svc,2,0.19440583723342642,23,0.17804581008833067,MAP_SCADA,89,0.01636002714509574
2,UPFC_Vsh,5-15,1.1056047474826858,23,1.1094139934513632,MAP_SCADA,89,0.003809245968677377
3,UPFC_tsh,5-15,-0.23553602350049807,23,-0.23699861086862142,MAP_SCADA,89,0.0014625873681233525
4,UPFC_Vse,5-15,0.06062491232048908,23,0.059055680618561764,MAP_SCADA,89,0.0015692317019273191
5,UPFC_tse,5-15,-2.1604370235879395,23,-2.166415390085353,MAP_SCADA,89,0.0059783664974135675
0,x_tcsc,1-14,-0.11358461640106417,24,-0.10803233126886942,MAP_SCADA,89,0.005552285132194745
1,B_svc,2,0.17847299555661278,24,0.17804581008833067,MAP_SCADA,89,0.00042718546828210413
2,UPFC_Vsh,5-15,1.1077453708357268,24,1.1094139934513632,MAP_SCADA,89,0.0016686226156363837
3,UPFC_tsh,5-15,-0.23118967241909189,24,-0.23699861086862142,MAP_SCADA,89,0.005808938449529538
4,UPFC_Vse,5-15,0.06001689749729636,24,0.059055680618561764,MAP_SCADA,89,0.0009612168787345998
5,UPFC_tse,5-15,-2.1543010736861428,24,-2.166415390085353,MAP_SCADA,89,0.012114316399210345
0,x_tcsc,1-14,-0.11320004043012336,25,-0.10803233126886942,MAP_SCADA,89,0.005167709161253933
1,B_svc,2,0.17941167260829785,25,0.17804581008833067,MAP_SCADA,89,0.001365862519967176
2,UPFC_Vsh,5-15,1.1101974435380184,25,1.1094139934513632,MAP_SCADA,89,0.0007834500866552574
3,UPFC_tsh,5-15,-0.23031717049236608,25,-0.23699861086862142,MAP_SCADA,89,0.006681440376255343
4,UPFC_Vse,5-15,0.05996830578511454,25,0.059055680618561764,MAP_SCADA,89,0.0009126251665527788
5,UPFC_tse,5-15,-2.1553668754708863,25,-2.166415390085353,MAP_SCADA,89,0.011048514614466765
0,x_tcsc,1-14,-0.11212214964649692,26,-0.10803233126886942,MAP_SCADA,89,0.004089818377627494
1,B_svc,2,0.1816223075761155,26,0.17804581008833067,MAP_SCADA,89,0.0035764974877848243
2,UPFC_Vsh,5-15,1.1082064053681402,26,1.1094139934513632,MAP_SCADA,89,0.0012075880832229657
3,UPFC_tsh,5-15,-0.23179014857039898,26,-0.23699861086862142,MAP_SCADA,89,0.005208462298222444
4,UPFC_Vse,5-15,0.060238724303090414,26,0.059055680618561764,MAP_SCADA,89,0.0011830436845286507
5,UPFC_tse,5-15,-2.1599186635184866,26,-2.166415390085353,MAP_SCADA,89,0.006496726566866506
0,x_tcsc,1-14,-0.11119204081336112,27,-0.10803233126886942,MAP_SCADA,89,0.0031597095444916984
1,B_svc,2,0.1842705258074126,27,0.17804581008833067,MAP_SCADA,89,0.006224715719081925
2,UPFC_Vsh,5-15,1.1059116452390325,27,1.1094139934513632,MAP_SCADA,89,0.0035023482123306415
3,UPFC_tsh,5-15,-0.23295759170996305,27,-0.23699861086862142,MAP_SCADA,89,0.004041019158658371
4,UPFC_Vse,5-15,0.06053072554552834,27,0.059055680618561764,MAP_SCADA,89,0.0014750449269665747
5,UPFC_tse,5-15,-2.1561425446031106,27,-2.166415390085353,MAP_SCADA,89,0.010272845482242499
0,x_tcsc,1-14,-0.11078516593243308,28,-0.10803233126886942,MAP_SCADA,89,0.002752834663563658
1,B_svc,2,0.1862073014298553,28,0.17804581008833067,MAP_SCADA,89,0.008161491341524635
2,UPFC_Vsh,5-15,1.105306562887327,28,1.1094139934513632,MAP_SCADA,89,0.004107430564036063
3,UPFC_tsh,5-15,-0.2340897760936502,28,-0.23699861086862142,MAP_SCADA,89,0.002908834774971225
4,UPFC_Vse,5-15,0.06031540260348843,28,0.059055680618561764,MAP_SCADA,89,0.0012597219849266664
5,UPFC_tse,5-15,-2.159848933017864,28,-2.166415390085353,MAP_SCADA,89,0.00656645706748904
0,x_tcsc,1-14,-0.11114633594373284,29,-0.10803233126886942,MAP_SCADA,89,0.0031140046748634187
1,B_svc,2,0.18515795790093445,29,0.17804581008833067,MAP_SCADA,89,0.007112147812603775
2,UPFC_Vsh,5-15,1.1077676810944392,29,1.1094139934513632,MAP_SCADA,89,0.001646312356923918
3,UPFC_tsh,5-15,-0.2328826952361252,29,-0.23699861086862142,MAP_SCADA,89,0.00411591563249622
4,UPFC_Vse,5-15,0.06039577683997066,29,0.059055680618561764,MAP_SCADA,89,0.0013400962214088971
5,UPFC_tse,5-15,-2.155335140690537,29,-2.166415390085353,MAP_SCADA,89,0.01108024939481611
0,x_tcsc,1-14,-0.11216068815257503,30,-0.10803233126886942,MAP_SCADA,89,0.004128356883705608
1,B_svc,2,0.17704446044748634,30,0.17804581008833067,MAP_SCADA,89,0.0010013496408443345
2,UPFC_Vsh,5-15,1.109683072820936,30,1.1094139934513632,MAP_SCADA,89,0.0002690793695727667
3,UPFC_tsh,5-15,-0.23174778760842352,30,-0.23699861086862142,MAP_SCADA,89,0.005250823260197907
4,UPFC_Vse,5-15,0.06019310784890161,30,0.059055680618561764,MAP_SCADA,89,0.0011374272303398478
5,UPFC_tse,5-15,-2.1564072150031643,30,-2.166415390085353,MAP_SCADA,89,0.010008175082188764
0,x_tcsc,1-14,-0.11251342636674841,31,-0.10803233126886942,MAP_SCADA,89,0.004481095097878987
1,B_svc,2,0.1831099893073962,31,0.17804581008833067,MAP_SCADA,89,0.005064179219065518
2,UPFC_Vsh,5-15,1.1078159760395527,31,1.1094139934513632,MAP_SCADA,89,0.0015980174118104262
3,UPFC_tsh,5-15,-0.23189856588754654,31,-0.23699861086862142,MAP_SCADA,89,0.005100044981074886
4,UPFC_Vse,5-15,0.06007672510263565,31,0.059055680618561764,MAP_SCADA,89,0.0010210444840738839
5,UPFC_tse,5-15,-2.1587524619933207,31,-2.166415390085353,MAP_SCADA,89,0.007662928092032395
0,x_tcsc,1-14,-0.10935089542807824,32,-0.10803233126886942,MAP_SCADA,89,0.001318564159208821
1,B_svc,2,0.18873592910746403,32,0.17804581008833067,MAP_SCADA,89,0.01069011901913336
2,UPFC_Vsh,5-15,1.109038949726816,32,1.1094139934513632,MAP_SCADA,89,0.0003750437245471083
3,UPFC_tsh,5-15,-0.2330027710688704,32,-0.23699861086862142,MAP_SCADA,89,0.0039958397997510164
4,UPFC_Vse,5-15,0.05985014716756717,32,0.059055680618561764,MAP_SCADA,89,0.0007944665490054043
5,UPFC_tse,5-15,-2.1617669058380433,32,-2.166415390085353,MAP_SCADA,89,0.004648484247309792
0,x_tcsc,1-14,-0.11132959920201867,33,-0.10803233126886942,MAP_SCADA,89,0.003297267933149245
1,B_svc,2,0.18595327212098606,33,0.17804581008833067,MAP_SCADA,89,0.007907462032655382
2,UPFC_Vsh,5-15,1.108084565723442,33,1.1094139934513632,MAP_SCADA,89,0.0013294277279212174
3,UPFC_tsh,5-15,-0.2321353180308911,33,-0.23699861086862142,MAP_SCADA,89,0.004863292837730321
4,UPFC_Vse,5-15,0.06002017416798528,33,0.059055680618561764,MAP_SCADA,89,0.0009644935494235174
5,UPFC_tse,5-15,-2.157033850389164,33,-2.166415390085353,MAP_SCADA,89,0.009381539696188934
0,x_tcsc,1-14,-0.11034198001640978,34,-0.10803233126886942,MAP_SCADA,89,0.0023096487475403604
1,B_svc,2,0.18678599517759245,34,0.17804581008833067,MAP_SCADA,89,0.008740185089261776
2,UPFC_Vsh,5-15,1.1085563560496479,34,1.1094139934513632,MAP_SCADA,89,0.0008576374017152943
3,UPFC_tsh,5-15,-0.23312360340740504,34,-0.23699861086862142,MAP_SCADA,89,0.0038750074612163843
4,UPFC_Vse,5-15,0.060366956294376876,34,0.059055680618561764,MAP_SCADA,89,0.0013112756758151128
5,UPFC_tse,5-15,-2.1581320522383804,34,-2.166415390085353,MAP_SCADA,89,0.00828333784697266
0,x_tcsc,1-14,-0.11311317898577221,35,-0.10803233126886942,MAP_SCADA,89,0.005080847716902787
1,B_svc,2,0.18325163162252295,35,0.17804581008833067,MAP_SCADA,89,0.005205821534192273
2,UPFC_Vsh,5-15,1.1098842983230832,35,1.1094139934513632,MAP_SCADA,89,0.00047030487172006197
3,UPFC_tsh,5-15,-0.23130759162507253,35,-0.23699861086862142,MAP_SCADA,89,0.005691019243548895
4,UPFC_Vse,5-15,0.06016391902929492,35,0.059055680618561764,MAP_SCADA,89,0.0011082384107331533
5,UPFC_tse,5-15,-2.1548243799234137,35,-2.166415390085353,MAP_SCADA,89,0.011591010161939419
0,x_tcsc,1-14,-0.1149720819539307,36,-0.10803233126886942,MAP_SCADA,89,0.00693975068506128
1,B_svc,2,0.1750447967126657,36,0.17804581008833067,MAP_SCADA,89,0.003001013375664968
2,UPFC_Vsh,5-15,1.1102778223388667,36,1.1094139934513632,MAP_SCADA,89,0.0008638288875035816
3,UPFC_tsh,5-15,-0.22961423202170334,36,-0.23699861086862142,MAP_SCADA,89,0.007384378846918088
4,UPFC_Vse,5-15,0.060175439493694916,36,0.059055680618561764,MAP_SCADA,89,0.001119758875133152
5,UPFC_tse,5-15,-2.1527252492944804,36,-2.166415390085353,MAP_SCADA,89,0.013690140790872718
0,x_tcsc,1-14,-0.1135383168444,37,-0.10803233126886942,MAP_SCADA,89,0.0055059855755305726
1,B_svc,2,0.1808875627066663,37,0.17804581008833067,MAP_SCADA,89,0.0028417526183356356
2,UPFC_Vsh,5-15,1.1097833398341765,37,1.1094139934513632,MAP_SCADA,89,0.0003693463828133847
3,UPFC_tsh,5-15,-0.2306731020068669,37,-0.23699861086862142,MAP_SCADA,89,0.006325508861754536
4,UPFC_Vse,5-15,0.059604765997265136,37,0.059055680618561764,MAP_SCADA,89,0.000549085378703372
5,UPFC_tse,5-15,-2.1598551334837475,37,-2.166415390085353,MAP_SCADA,89,0.006560256601605641
0,x_tcsc,1-14,-0.11241197576694792,38,-0.10803233126886942,MAP_SCADA,89,0.004379644498078497
1,B_svc,2,0.18139884194193798,38,0.17804581008833067,MAP_SCADA,89,0.0033530318536073023
2,UPFC_Vsh,5-15,1.1092926368032598,38,1.1094139934513632,MAP_SCADA,89,0.00012135664810331015
3,UPFC_tsh,5-15,-0.23168033003577468,38,-0.23699861086862142,MAP_SCADA,89,0.005318280832846745
4,UPFC_Vse,5-15,0.06042739705196942,38,0.059055680618561764,MAP_SCADA,89,0.001371716433407659
5,UPFC_tse,5-15,-2.150262573934795,38,-2.166415390085353,MAP_SCADA,89,0.01615281615055819
0,x_tcsc,1-14,-0.11336627208444718,39,-0.10803233126886942,MAP_SCADA,89,0.0053339408155777535
1,B_svc,2,0.1824406965904449,39,0.17804581008833067,MAP_SCADA,89,0.004394886502114226
2,UPFC_Vsh,5-15,1.109450803391796,39,1.1094139934513632,MAP_SCADA,89,3.6809940432869226e-05
3,UPFC_tsh,5-15,-0.23110270791873322,39,-0.23699861086862142,MAP_SCADA,89,0.005895902949888204
4,UPFC_Vse,5-15,0.06015947124209428,39,0.059055680618561764,MAP_SCADA,89,0.0011037906235325176
5,UPFC_tse,5-15,-2.1525195949795397,39,-2.166415390085353,MAP_SCADA,89,0.013895795105813402
0,x_tcsc,1-14,-0.11449781928869908,40,-0.10803233126886942,MAP_SCADA,89,0.006465488019829657
1,B_svc,2,0.17698963311880708,40,0.17804581008833067,MAP_SCADA,89,0.0010561769695235923
2,UPFC_Vsh,5-15,1.1099220982081328,40,1.1094139934513632,MAP_SCADA,89,0.0005081047567696562
3,UPFC_tsh,5-15,-0.23127461686611703,40,-0.23699861086862142,MAP_SCADA,89,0.005723994002504396
4,UPFC_Vse,5-15,0.060217625795988015,40,0.059055680618561764,MAP_SCADA,89,0.0011619451774262518
5,UPFC_tse,5-15,-2.1504069037421822,40,-2.166415390085353,MAP_SCADA,89,0.01600848634317087
0,x_tcsc,1-14,-0.11093572745407543,41,-0.10803233126886942,MAP_SCADA,89,0.002903396185206006
1,B_svc,2,0.18531896959267724,41,0.17804581008833067,MAP_SCADA,89,0.007273159504346566
2,UPFC_Vsh,5-15,1.108434994048722,41,1.1094139934513632,MAP_SCADA,89,0.000978999402641234
3,UPFC_tsh,5-15,-0.233408373060217,41,-0.23699861086862142,MAP_SCADA,89,0.003590237808404423
4,UPFC_Vse,5-15,0.060499846182725275,41,0.059055680618561764,MAP_SCADA,89,0.0014441655641635118
5,UPFC_tse,5-15,-2.1601069645717934,41,-2.166415390085353,MAP_SCADA,89,0.006308425513559701
0,x_tcsc,1-14,-0.11147761500004855,42,-0.10803233126886942,MAP_SCADA,89,0.0034452837311791246
1,B_svc,2,0.18730903475163513,42,0.17804581008833067,MAP_SCADA,89,0.009263224663304453
2,UPFC_Vsh,5-15,1.1074933658695576,42,1.1094139934513632,MAP_SCADA,89,0.0019206275818055563
3,UPFC_tsh,5-15,-0.23274285808599332,42,-0.23699861086862142,MAP_SCADA,89,0.004255752782628103
4,UPFC_Vse,5-15,0.06046335877714539,42,0.059055680618561764,MAP_SCADA,89,0.0014076781585836279
5,UPFC_tse,5-15,-2.154540752922178,42,-2.166415390085353,MAP_SCADA,89,0.011874637163175272
0,x_tcsc,1-14,-0.11305657612109273,43,-0.10803233126886942,MAP_SCADA,89,0.005024244852223303
1,B_svc,2,0.1792216928206034,43,0.17804581008833067,MAP_SCADA,89,0.0011758827322727317
2,UPFC_Vsh,5-15,1.1100005386855296,43,1.1094139934513632,MAP_SCADA,89,0.0005865452341664579
3,UPFC_tsh,5-15,-0.23036578137282954,43,-0.23699861086862142,MAP_SCADA,89,0.0066328294957918865
4,UPFC_Vse,5-15,0.06057910375371149,43,0.059055680618561764,MAP_SCADA,89,0.0015234231351497277
5,UPFC_tse,5-15,-2.1561589997097914,43,-2.166415390085353,MAP_SCADA,89,0.010256390375561697
0,x_tcsc,1-14,-0.11207535639674679,44,-0.10803233126886942,MAP_SCADA,89,0.004043025127877367
1,B_svc,2,0.1846858498020382,44,0.17804581008833067,MAP_SCADA,89,0.006640039713707524
2,UPFC_Vsh,5-15,1.1077601535326256,44,1.1094139934513632,MAP_SCADA,89,0.0016538399187375763
3,UPFC_tsh,5-15,-0.23261638863089268,44,-0.23699861086862142,MAP_SCADA,89,0.0043822222377287445
4,UPFC_Vse,5-15,0.06047525859342069,44,0.059055680618561764,MAP_SCADA,89,0.001419577974858928
5,UPFC_tse,5-15,-2.154046429528506,44,-2.166415390085353,MAP_SCADA,89,0.01236896055684733
0,x_tcsc,1-14,-0.11375431081784133,45,-0.10803233126886942,MAP_SCADA,89,0.005721979548971912
1,B_svc,2,0.17477818719938254,45,0.17804581008833067,MAP_SCADA,89,0.003267622888948135
2,UPFC_Vsh,5-15,1.1093197165452422,45,1.1094139934513632,MAP_SCADA,89,9.427690612096029e-05
3,UPFC_tsh,5-15,-0.23071303918734726,45,-0.23699861086862142,MAP_SCADA,89,0.006285571681274166
4,UPFC_Vse,5-15,0.06014026459677954,45,0.059055680618561764,MAP_SCADA,89,0.0010845839782177777
5,UPFC_tse,5-15,-2.15388812615601,45,-2.166415390085353,MAP_SCADA,89,0.012527263929343224
0,x_tcsc,1-14,-0.11310434548909658,46,-0.10803233126886942,MAP_SCADA,89,0.005072014220227156
1,B_svc,2,0.17866334359157365,46,0.17804581008833067,MAP_SCADA,89,0.0006175335032429785
2,UPFC_Vsh,5-15,1.108715174743999,46,1.1094139934513632,MAP_SCADA,89,0.0006988187073642127
3,UPFC_tsh,5-15,-0.23114836154528098,46,-0.23699861086862142,MAP_SCADA,89,0.00585024932334044
4,UPFC_Vse,5-15,0.060340846612470904,46,0.059055680618561764,MAP_SCADA,89,0.0012851659939091403
5,UPFC_tse,5-15,-2.155077590767528,46,-2.166415390085353,MAP_SCADA,89,0.01133779931782497
0,x_tcsc,1-14,-0.1126163685304988,47,-0.10803233126886942,MAP_SCADA,89,0.004584037261629384
1,B_svc,2,0.1826820223153454,47,0.17804581008833067,MAP_SCADA,89,0.004636212227014713
2,UPFC_Vsh,5-15,1.1078508671343414,47,1.1094139934513632,MAP_SCADA,89,0.0015631263170217125
3,UPFC_tsh,5-15,-0.23195436112425402,47,-0.23699861086862142,MAP_SCADA,89,0.005044249744367402
4,UPFC_Vse,5-15,0.06005427570146322,47,0.059055680618561764,MAP_SCADA,89,0.0009985950829014545
5,UPFC_tse,5-15,-2.149004765473707,47,-2.166415390085353,MAP_SCADA,89,0.01741062461164633
0,x_tcsc,1-14,-0.11202393736720709,48,-0.10803233126886942,MAP_SCADA,89,0.003991606098337666
1,B_svc,2,0.18197032083453404,48,0.17804581008833067,MAP_SCADA,89,0.003924510746203369
2,UPFC_Vsh,5-15,1.1088869066003255,48,1.1094139934513632,MAP_SCADA,89,0.0005270868510376392
3,UPFC_tsh,5-15,-0.23173744296455784,48,-0.23699861086862142,MAP_SCADA,89,0.005261167904063585
4,UPFC_Vse,5-15,0.06064179275722406,48,0.059055680618561764,MAP_SCADA,89,0.0015861121386622976
5,UPFC_tse,5-15,-2.1579971846390347,48,-2.166415390085353,MAP_SCADA,89,0.008418205446318439
0,x_tcsc,1-14,-0.11301190854144895,49,-0.10803233126886942,MAP_SCADA,89,0.004979577272579527
1,B_svc,2,0.1826769526565768,49,0.17804581008833067,MAP_SCADA,89,0.004631142568246122
2,UPFC_Vsh,5-15,1.10911972473425,49,1.1094139934513632,MAP_SCADA,89,0.0002942687171132441
3,UPFC_tsh,5-15,-0.23197494578688546,49,-0.23699861086862142,MAP_SCADA,89,0.005023665081735962
4,UPFC_Vse,5-15,0.06039511975662008,49,0.059055680618561764,MAP_SCADA,89,0.0013394391380583195
5,UPFC_tse,5-15,-2.159769366853597,49,-2.166415390085353,MAP_SCADA,89,0.006646023231756004
0,x_tcsc,1-14,-0.11232464740583507,50,-0.10803233126886942,MAP_SCADA,89,0.0042923161369656515
1,B_svc,2,0.1804661933096819,50,0.17804581008833067,MAP_SCADA,89,0.0024203832213512133
2,UPFC_Vsh,5-15,1.1082997050473367,50,1.1094139934513632,MAP_SCADA,89,0.0011142884040264978
3,UPFC_tsh,5-15,-0.23223059620849504,50,-0.23699861086862142,MAP_SCADA,89,0.004768014660126385
4,UPFC_Vse,5-15,0.060382776568446615,50,0.059055680618561764,MAP_SCADA,89,0.0013270959498848517
5,UPFC_tse,5-15,-2.15506436388257,50,-2.166415390085353,MAP_SCADA,89,0.011351026202782943
0,x_tcsc,1-14,-0.11361562540832322,51,-0.10803233126886942,MAP_SCADA,89,0.005583294139453798
1,B_svc,2,0.17885922469653856,51,0.17804581008833067,MAP_SCADA,89,0.0008134146082078852
2,UPFC_Vsh,5-15,1.1070689001567269,51,1.1094139934513632,MAP_SCADA,89,0.00234509329463628
3,UPFC_tsh,5-15,-0.2321065832889006,51,-0.23699861086862142,MAP_SCADA,89,0.00489202757972082
4,UPFC_Vse,5-15,0.06052340155011435,51,0.059055680618561764,MAP_SCADA,89,0.0014677209315525838
5,UPFC_tse,5-15,-2.1551682308222206,51,-2.166415390085353,MAP_SCADA,89,0.011247159263132467
0,x_tcsc,1-14,-0.10848351521084021,52,-0.10803233126886942,MAP_SCADA,89,0.00045118394197078693
1,B_svc,2,0.19662177475265205,52,0.17804581008833067,MAP_SCADA,89,0.018575964664321376
2,UPFC_Vsh,5-15,1.1078003615348868,52,1.1094139934513632,MAP_SCADA,89,0.0016136319164763435
3,UPFC_tsh,5-15,-0.23401474328945562,52,-0.23699861086862142,MAP_SCADA,89,0.0029838675791658
4,UPFC_Vse,5-15,0.06035505211035941,52,0.059055680618561764,MAP_SCADA,89,0.0012993714917976448
5,UPFC_tse,5-15,-2.160186956663391,52,-2.166415390085353,MAP_SCADA,89,0.0062284334219619986
0,x_tcsc,1-14,-0.11302618824924493,53,-0.10803233126886942,MAP_SCADA,89,0.004993856980375508
1,B_svc,2,0.1855528678668657,53,0.17804581008833067,MAP_SCADA,89,0.007507057778535026
2,UPFC_Vsh,5-15,1.106401917745756,53,1.1094139934513632,MAP_SCADA,89,0.0030120757056071312
3,UPFC_tsh,5-15,-0.23299677621338608,53,-0.23699861086862142,MAP_SCADA,89,0.004001834655235348
4,UPFC_Vse,5-15,0.06025677125495774,53,0.059055680618561764,MAP_SCADA,89,0.0012010906363959795
5,UPFC_tse,5-15,-2.1530014389473546,53,-2.166415390085353,MAP_SCADA,89,0.013413951137998481
0,x_tcsc,1-14,-0.10992588267449988,54,-0.10803233126886942,MAP_SCADA,89,0.001893551405630453
1,B_svc,2,0.18850845278962525,54,0.17804581008833067,MAP_SCADA,89,0.010462642701294572
2,UPFC_Vsh,5-15,1.1080263661691967,54,1.1094139934513632,MAP_SCADA,89,0.0013876272821664593
3,UPFC_tsh,5-15,-0.2334353156834582,54,-0.23699861086862142,MAP_SCADA,89,0.003563295185163212
4,UPFC_Vse,5-15,0.060702502198160174,54,0.059055680618561764,MAP_SCADA,89,0.0016468215795984106
5,UPFC_tse,5-15,-2.159140326809645,54,-2.166415390085353,MAP_SCADA,89,0.007275063275708149
0,x_tcsc,1-14,-0.11090856933726283,55,-0.10803233126886942,MAP_SCADA,89,0.0028762380683934052
1,B_svc,2,0.18390305521965483,55,0.17804581008833067,MAP_SCADA,89,0.005857245131324157
2,UPFC_Vsh,5-15,1.105779728191416,55,1.1094139934513632,MAP_SCADA,89,0.003634265259947256
3,UPFC_tsh,5-15,-0.23355893281144285,55,-0.23699861086862142,MAP_SCADA,89,0.003439678057178569
4,UPFC_Vse,5-15,0.06052711291959248,55,0.059055680618561764,MAP_SCADA,89,0.001471432301030716
5,UPFC_tse,5-15,-2.1596477295296808,55,-2.166415390085353,MAP_SCADA,89,0.00676766055567235
0,x_tcsc,1-14,-0.11295801478895467,56,-0.10803233126886942,MAP_SCADA,89,0.004925683520085253
1,B_svc,2,0.18145367109197516,56,0.17804581008833067,MAP_SCADA,89,0.0034078610036444856
2,UPFC_Vsh,5-15,1.108183062115895,56,1.1094139934513632,MAP_SCADA,89,0.001230931335468144
3,UPFC_tsh,5-15,-0.23276754175977452,56,-0.23699861086862142,MAP_SCADA,89,0.004231069108846908
4,UPFC_Vse,5-15,0.060201074271315824,56,0.059055680618561764,MAP_SCADA,89,0.0011453936527540606
5,UPFC_tse,5-15,-2.1541185297160985,56,-2.166415390085353,MAP_SCADA,89,0.012296860369254592
0,x_tcsc,1-14,-0.11331549764469787,57,-0.10803233126886942,MAP_SCADA,89,0.005283166375828444
1,B_svc,2,0.18113549787680508,57,0.17804581008833067,MAP_SCADA,89,0.0030896877884744045
2,UPFC_Vsh,5-15,1.1080297025810695,57,1.1094139934513632,MAP_SCADA,89,0.0013842908702936807
3,UPFC_tsh,5-15,-0.2318175980644757,57,-0.23699861086862142,MAP_SCADA,89,0.005181012804145735
4,UPFC_Vse,5-15,0.05974123277280337,57,0.059055680618561764,MAP_SCADA,89,0.0006855521542416046
5,UPFC_tse,5-15,-2.1568552925009024,57,-2.166415390085353,MAP_SCADA,89,0.009560097584450755
0,x_tcsc,1-14,-0.11259592447870835,58,-0.10803233126886942,MAP_SCADA,89,0.004563593209838929
1,B_svc,2,0.1855124996650732,58,0.17804581008833067,MAP_SCADA,89,0.0074666895767425134
2,UPFC_Vsh,5-15,1.1041639179721214,58,1.1094139934513632,MAP_SCADA,89,0.005250075479241723
3,UPFC_tsh,5-15,-0.2337457779457213,58,-0.23699861086862142,MAP_SCADA,89,0.0032528329229001285
4,UPFC_Vse,5-15,0.060641571824637475,58,0.059055680618561764,MAP_SCADA,89,0.001585891206075711
5,UPFC_tse,5-15,-2.1560231945507224,58,-2.166415390085353,MAP_SCADA,89,0.010392195534630666
0,x_tcsc,1-14,-0.11286231559448634,59,-0.10803233126886942,MAP_SCADA,89,0.004829984325616918
1,B_svc,2,0.1817952967432671,59,0.17804581008833067,MAP_SCADA,89,0.0037494866549364347
2,UPFC_Vsh,5-15,1.108691902973475,59,1.1094139934513632,MAP_SCADA,89,0.000722090477888182
3,UPFC_tsh,5-15,-0.23184199738940517,59,-0.23699861086862142,MAP_SCADA,89,0.005156613479216254
4,UPFC_Vse,5-15,0.060454713383064476,59,0.059055680618561764,MAP_SCADA,89,0.0013990327645027126
5,UPFC_tse,5-15,-2.15495703243471,59,-2.166415390085353,MAP_SCADA,89,0.01145835765064307
0,x_tcsc,1-14,-0.1125451676959699,60,-0.10803233126886942,MAP_SCADA,89,0.004512836427100472
1,B_svc,2,0.18446213206889514,60,0.17804581008833067,MAP_SCADA,89,0.0064163219805644656
2,UPFC_Vsh,5-15,1.108050671247431,60,1.1094139934513632,MAP_SCADA,89,0.0013633222039322046
3,UPFC_tsh,5-15,-0.2323091987208775,60,-0.23699861086862142,MAP_SCADA,89,0.004689412147743932
4,UPFC_Vse,5-15,0.06027242282692596,60,0.059055680618561764,MAP_SCADA,89,0.0012167422083641938
5,UPFC_tse,5-15,-2.1526136198908206,60,-2.166415390085353,MAP_SCADA,89,0.013801770194532548
0,x_tcsc,1-14,-0.11410481713499057,61,-0.10803233126886942,MAP_SCADA,89,0.0060724858661211495
1,B_svc,2,0.17972519930177294,61,0.17804581008833067,MAP_SCADA,89,0.0016793892134422672
2,UPFC_Vsh,5-15,1.1062344025143551,61,1.1094139934513632,MAP_SCADA,89,0.0031795909370080366
3,UPFC_tsh,5-15,-0.23187134686501007,61,-0.23699861086862142,MAP_SCADA,89,0.005127264003611354
4,UPFC_Vse,5-15,0.06071318870310169,61,0.059055680618561764,MAP_SCADA,89,0.0016575080845399257
5,UPFC_tse,5-15,-2.1542601835848503,61,-2.166415390085353,MAP_SCADA,89,0.012155206500502835
0,x_tcsc,1-14,-0.1115933269007217,62,-0.10803233126886942,MAP_SCADA,89,0.003560995631852276
1,B_svc,2,0.18400213468782292,62,0.17804581008833067,MAP_SCADA,89,0.0059563245994922465
2,UPFC_Vsh,5-15,1.1074571520285303,62,1.1094139934513632,MAP_SCADA,89,0.0019568414228328113
3,UPFC_tsh,5-15,-0.23263168864163766,62,-0.23699861086862142,MAP_SCADA,89,0.00436692222698376
4,UPFC_Vse,5-15,0.05996998341083485,62,0.059055680618561764,MAP_SCADA,89,0.0009143027922730862
5,UPFC_tse,5-15,-2.1600345054626127,62,-2.166415390085353,MAP_SCADA,89,0.006380884622740446
0,x_tcsc,1-14,-0.11148815154244913,63,-0.10803233126886942,MAP_SCADA,89,0.0034558202735797128
1,B_svc,2,0.18721449786679403,63,0.17804581008833067,MAP_SCADA,89,0.009168687778463358
2,UPFC_Vsh,5-15,1.1070688856726931,63,1.1094139934513632,MAP_SCADA,89,0.0023451077786700303
3,UPFC_tsh,5-15,-0.23342688662212113,63,-0.23699861086862142,MAP_SCADA,89,0.0035717242465002907
4,UPFC_Vse,5-15,0.05977947534148236,63,0.059055680618561764,MAP_SCADA,89,0.0007237947229205982
5,UPFC_tse,5-15,-2.1563252483151594,63,-2.166415390085353,MAP_SCADA,89,0.010090141770193739
0,x_tcsc,1-14,-0.11195724792908147,64,-0.10803233126886942,MAP_SCADA,89,0.003924916660212052
1,B_svc,2,0.18532267620046441,64,0.17804581008833067,MAP_SCADA,89,0.00727686611213374
2,UPFC_Vsh,5-15,1.1062982148266969,64,1.1094139934513632,MAP_SCADA,89,0.0031157786246662766
3,UPFC_tsh,5-15,-0.23231828006468574,64,-0.23699861086862142,MAP_SCADA,89,0.004680330803935678
4,UPFC_Vse,5-15,0.060691859349195215,64,0.059055680618561764,MAP_SCADA,89,0.0016361787306334516
5,UPFC_tse,5-15,-2.152693367047146,64,-2.166415390085353,MAP_SCADA,89,0.01372202303820691
0,x_tcsc,1-14,-0.11295515105283893,65,-0.10803233126886942,MAP_SCADA,89,0.004922819783969509
1,B_svc,2,0.18060145943688566,65,0.17804581008833067,MAP_SCADA,89,0.0025556493485549836
2,UPFC_Vsh,5-15,1.1078146006483933,65,1.1094139934513632,MAP_SCADA,89,0.0015993928029698345
3,UPFC_tsh,5-15,-0.23209500185534337,65,-0.23699861086862142,MAP_SCADA,89,0.0049036090132780485
4,UPFC_Vse,5-15,0.06005942127011483,65,0.059055680618561764,MAP_SCADA,89,0.0010037406515530645
5,UPFC_tse,5-15,-2.152035993257443,65,-2.166415390085353,MAP_SCADA,89,0.014379396827910007
0,x_tcsc,1-14,-0.1105648668522165,66,-0.10803233126886942,MAP_SCADA,89,0.0025325355833470814
1,B_svc,2,0.1904464047979305,66,0.17804581008833067,MAP_SCADA,89,0.012400594709599838
2,UPFC_Vsh,5-15,1.108306155074037,66,1.1094139934513632,MAP_SCADA,89,0.001107838377326198
3,UPFC_tsh,5-15,-0.23257200768493028,66,-0.23699861086862142,MAP_SCADA,89,0.004426603183691147
4,UPFC_Vse,5-15,0.06025958607178324,66,0.059055680618561764,MAP_SCADA,89,0.0012039054532214793
5,UPFC_tse,5-15,-2.1546439224482006,66,-2.166415390085353,MAP_SCADA,89,0.011771467637152533
0,x_tcsc,1-14,-0.11119767728780644,67,-0.10803233126886942,MAP_SCADA,89,0.003165346018937018
1,B_svc,2,0.18569084335624564,67,0.17804581008833067,MAP_SCADA,89,0.0076450332679149635
2,UPFC_Vsh,5-15,1.106366563748709,67,1.1094139934513632,MAP_SCADA,89,0.0030474297026541475
3,UPFC_tsh,5-15,-0.23386903030465617,67,-0.23699861086862142,MAP_SCADA,89,0.0031295805639652563
4,UPFC_Vse,5-15,0.06056370946115216,67,0.059055680618561764,MAP_SCADA,89,0.0015080288425903948
5,UPFC_tse,5-15,-2.1571921085846038,67,-2.166415390085353,MAP_SCADA,89,0.009223281500749358
0,x_tcsc,1-14,-0.11483410186228073,68,-0.10803233126886942,MAP_SCADA,89,0.006801770593411305
1,B_svc,2,0.17781365828617798,68,0.17804581008833067,MAP_SCADA,89,0.00023215180215269138
2,UPFC_Vsh,5-15,1.106598391691374,68,1.1094139934513632,MAP_SCADA,89,0.0028156017599891836
3,UPFC_tsh,5-15,-0.23154604520573963,68,-0.23699861086862142,MAP_SCADA,89,0.0054525656628817976
4,UPFC_Vse,5-15,0.06029084534704604,68,0.059055680618561764,MAP_SCADA,89,0.0012351647284842768
5,UPFC_tse,5-15,-2.154853142467964,68,-2.166415390085353,MAP_SCADA,89,0.011562247617389332
0,x_tcsc,1-14,-0.11173747291563595,69,-0.10803233126886942,MAP_SCADA,89,0.0037051416467665244
1,B_svc,2,0.18495146124073875,69,0.17804581008833067,MAP_SCADA,89,0.006905651152408071
2,UPFC_Vsh,5-15,1.1072218108273122,69,1.1094139934513632,MAP_SCADA,89,0.0021921826240509645
3,UPFC_tsh,5-15,-0.23243266776604807,69,-0.23699861086862142,MAP_SCADA,89,0.0045659431025733554
4,UPFC_Vse,5-15,0.05983529988183588,69,0.059055680618561764,MAP_SCADA,89,0.0007796192632741131
5,UPFC_tse,5-15,-2.162200479914194,69,-2.166415390085353,MAP_SCADA,89,0.0042149101711590475
0,x_tcsc,1-14,-0.11161295954054895,70,-0.10803233126886942,MAP_SCADA,89,0.0035806282716795285
1,B_svc,2,0.18626377458114451,70,0.17804581008833067,MAP_SCADA,89,0.00821796449281384
2,UPFC_Vsh,5-15,1.1076076388806437,70,1.1094139934513632,MAP_SCADA,89,0.0018063545707194262
3,UPFC_tsh,5-15,-0.23241563686137293,70,-0.23699861086862142,MAP_SCADA,89,0.004582974007248497
4,UPFC_Vse,5-15,0.0600901778234442,70,0.059055680618561764,MAP_SCADA,89,0.0010344972048824397
5,UPFC_tse,5-15,-2.159739654223675,70,-2.166415390085353,MAP_SCADA,89,0.006675735861678245
0,x_tcsc,1-14,-0.11023236043321037,71,-0.10803233126886942,MAP_SCADA,89,0.0022000291643409497
1,B_svc,2,0.18490639389636032,71,0.17804581008833067,MAP_SCADA,89,0.006860583808029647
2,UPFC_Vsh,5-15,1.1080515269839228,71,1.1094139934513632,MAP_SCADA,89,0.0013624664674403153
3,UPFC_tsh,5-15,-0.23367155568450076,71,-0.23699861086862142,MAP_SCADA,89,0.0033270551841206586
4,UPFC_Vse,5-15,0.05956459850884551,71,0.059055680618561764,MAP_SCADA,89,0.0005089178902837471
5,UPFC_tse,5-15,-2.1603199827972,71,-2.166415390085353,MAP_SCADA,89,0.006095407288153165
0,x_tcsc,1-14,-0.11481364685907605,72,-0.10803233126886942,MAP_SCADA,89,0.00678131559020663
1,B_svc,2,0.1740477843073324,72,0.17804581008833067,MAP_SCADA,89,0.003998025780998282
2,UPFC_Vsh,5-15,1.1093478133268266,72,1.1094139934513632,MAP_SCADA,89,6.6180124536519e-05
3,UPFC_tsh,5-15,-0.23031014743099787,72,-0.23699861086862142,MAP_SCADA,89,0.006688463437623554
4,UPFC_Vse,5-15,0.060376298368476404,72,0.059055680618561764,MAP_SCADA,89,0.0013206177499146404
5,UPFC_tse,5-15,-2.152526010071022,72,-2.166415390085353,MAP_SCADA,89,0.013889380014330932
0,x_tcsc,1-14,-0.11119939553174198,73,-0.10803233126886942,MAP_SCADA,89,0.0031670642628725543
1,B_svc,2,0.18238211869777293,73,0.17804581008833067,MAP_SCADA,89,0.004336308609442258
2,UPFC_Vsh,5-15,1.1078410496521713,73,1.1094139934513632,MAP_SCADA,89,0.0015729437991918171
3,UPFC_tsh,5-15,-0.23244182663890925,73,-0.23699861086862142,MAP_SCADA,89,0.004556784229712174
4,UPFC_Vse,5-15,0.060123430715658725,73,0.059055680618561764,MAP_SCADA,89,0.0010677500970969617
5,UPFC_tse,5-15,-2.154635166458868,73,-2.166415390085353,MAP_SCADA,89,0.011780223626485231
0,x_tcsc,1-14,-0.11245131488496514,74,-0.10803233126886942,MAP_SCADA,89,0.0044189836160957174
1,B_svc,2,0.18306689732739356,74,0.17804581008833067,MAP_SCADA,89,0.005021087239062888
2,UPFC_Vsh,5-15,1.1060877669311164,74,1.1094139934513632,MAP_SCADA,89,0.0033262265202467223
3,UPFC_tsh,5-15,-0.23225569221922024,74,-0.23699861086862142,MAP_SCADA,89,0.004742918649401184
4,UPFC_Vse,5-15,0.06060816821702223,74,0.059055680618561764,MAP_SCADA,89,0.001552487598460467
5,UPFC_tse,5-15,-2.1530639197953803,74,-2.166415390085353,MAP_SCADA,89,0.013351470289972855
0,x_tcsc,1-14,-0.11266851956063793,75,-0.10803233126886942,MAP_SCADA,89,0.0046361882917685115
1,B_svc,2,0.17942389982839835,75,0.17804581008833067,MAP_SCADA,89,0.0013780897400676728
2,UPFC_Vsh,5-15,1.1060512896544898,75,1.1094139934513632,MAP_SCADA,89,0.003362703796873312
3,UPFC_tsh,5-15,-0.2321833929982741,75,-0.23699861086862142,MAP_SCADA,89,0.0048152178703473325
4,UPFC_Vse,5-15,0.0603953238342974,75,0.059055680618561764,MAP_SCADA,89,0.0013396432157356392
5,UPFC_tse,5-15,-2.156912981216897,75,-2.166415390085353,MAP_SCADA,89,0.009502408868456325
0,x_tcsc,1-14,-0.11320542384235198,76,-0.10803233126886942,MAP_SCADA,89,0.005173092573482557
1,B_svc,2,0.17986454173726527,76,0.17804581008833067,MAP_SCADA,89,0.0018187316489345906
2,UPFC_Vsh,5-15,1.107140576441596,76,1.1094139934513632,MAP_SCADA,89,0.0022734170097671313
3,UPFC_tsh,5-15,-0.2321309439923157,76,-0.23699861086862142,MAP_SCADA,89,0.004867666876305715
4,UPFC_Vse,5-15,0.06060513321190883,76,0.059055680618561764,MAP_SCADA,89,0.0015494525933470657
5,UPFC_tse,5-15,-2.154545901987454,76,-2.166415390085353,MAP_SCADA,89,0.011869488097898895
0,x_tcsc,1-14,-0.11027983805247656,77,-0.10803233126886942,MAP_SCADA,89,0.002247506783607134
1,B_svc,2,0.19039840003568215,77,0.17804581008833067,MAP_SCADA,89,0.012352589947351472
2,UPFC_Vsh,5-15,1.1060914983424281,77,1.1094139934513632,MAP_SCADA,89,0.0033224951089350085
3,UPFC_tsh,5-15,-0.23354511247093693,77,-0.23699861086862142,MAP_SCADA,89,0.0034534983976844957
4,UPFC_Vse,5-15,0.06064689698951932,77,0.059055680618561764,MAP_SCADA,89,0.0015912163709575558
5,UPFC_tse,5-15,-2.163946771282591,77,-2.166415390085353,MAP_SCADA,89,0.002468618802762279
0,x_tcsc,1-14,-0.11238909219532701,78,-0.10803233126886942,MAP_SCADA,89,0.004356760926457592
1,B_svc,2,0.18583281855938802,78,0.17804581008833067,MAP_SCADA,89,0.007787008471057344
2,UPFC_Vsh,5-15,1.1047114060882188,78,1.1094139934513632,MAP_SCADA,89,0.004702587363144328
3,UPFC_tsh,5-15,-0.23331161314458537,78,-0.23699861086862142,MAP_SCADA,89,0.0036869977240360507
4,UPFC_Vse,5-15,0.060731876001881645,78,0.059055680618561764,MAP_SCADA,89,0.0016761953833198812
5,UPFC_tse,5-15,-2.1574975209251144,78,-2.166415390085353,MAP_SCADA,89,0.008917869160238734
0,x_tcsc,1-14,-0.11227674867262306,79,-0.10803233126886942,MAP_SCADA,89,0.004244417403753642
1,B_svc,2,0.17798850759682364,79,0.17804581008833067,MAP_SCADA,89,5.730249150703859e-05
2,UPFC_Vsh,5-15,1.1091646776389321,79,1.1094139934513632,MAP_SCADA,89,0.00024931581243103906
3,UPFC_tsh,5-15,-0.2318079257618266,79,-0.23699861086862142,MAP_SCADA,89,0.005190685106794823
4,UPFC_Vse,5-15,0.0602518094619551,79,0.059055680618561764,MAP_SCADA,89,0.001196128843393339
5,UPFC_tse,5-15,-2.1581915717638798,79,-2.166415390085353,MAP_SCADA,89,0.008223818321473342
0,x_tcsc,1-14,-0.1103069614975914,80,-0.10803233126886942,MAP_SCADA,89,0.0022746302287219716
1,B_svc,2,0.1855188842432045,80,0.17804581008833067,MAP_SCADA,89,0.007473074154873832
2,UPFC_Vsh,5-15,1.1082246409705168,80,1.1094139934513632,MAP_SCADA,89,0.0011893524808463951
3,UPFC_tsh,5-15,-0.23237219805571732,80,-0.23699861086862142,MAP_SCADA,89,0.0046264128129041016
4,UPFC_Vse,5-15,0.06017729077889988,80,0.059055680618561764,MAP_SCADA,89,0.0011216101603381198
5,UPFC_tse,5-15,-2.1579965052878802,80,-2.166415390085353,MAP_SCADA,89,0.008418884797472881
0,x_tcsc,1-14,-0.11484420222689054,81,-0.10803233126886942,MAP_SCADA,89,0.006811870958021118
1,B_svc,2,0.17324317502602474,81,0.17804581008833067,MAP_SCADA,89,0.004802635062305938
2,UPFC_Vsh,5-15,1.107767203557404,81,1.1094139934513632,MAP_SCADA,89,0.0016467898939591663
3,UPFC_tsh,5-15,-0.23072723953847235,81,-0.23699861086862142,MAP_SCADA,89,0.0062713713301490726
4,UPFC_Vse,5-15,0.060976563935023265,81,0.059055680618561764,MAP_SCADA,89,0.001920883316461501
5,UPFC_tse,5-15,-2.149647198018337,81,-2.166415390085353,MAP_SCADA,89,0.016768192067015963
0,x_tcsc,1-14,-0.11180805607061052,82,-0.10803233126886942,MAP_SCADA,89,0.0037757248017410983
1,B_svc,2,0.18178182354392003,82,0.17804581008833067,MAP_SCADA,89,0.0037360134555893543
2,UPFC_Vsh,5-15,1.1089313718683742,82,1.1094139934513632,MAP_SCADA,89,0.0004826215829889513
3,UPFC_tsh,5-15,-0.2325040165114551,82,-0.23699861086862142,MAP_SCADA,89,0.004494594357166315
4,UPFC_Vse,5-15,0.059750170374855985,82,0.059055680618561764,MAP_SCADA,89,0.0006944897562942212
5,UPFC_tse,5-15,-2.157267769739594,82,-2.166415390085353,MAP_SCADA,89,0.009147620345759222
0,x_tcsc,1-14,-0.11196594835243269,83,-0.10803233126886942,MAP_SCADA,89,0.003933617083563268
1,B_svc,2,0.18358007288343284,83,0.17804581008833067,MAP_SCADA,89,0.005534262795102163
2,UPFC_Vsh,5-15,1.1066161622964277,83,1.1094139934513632,MAP_SCADA,89,0.0027978311549354817
3,UPFC_tsh,5-15,-0.2338622644581635,83,-0.23699861086862142,MAP_SCADA,89,0.0031363464104579297
4,UPFC_Vse,5-15,0.060341497574501454,83,0.059055680618561764,MAP_SCADA,89,0.0012858169559396906
5,UPFC_tse,5-15,-2.1576262979870653,83,-2.166415390085353,MAP_SCADA,89,0.00878909209828782
0,x_tcsc,1-14,-0.11242372645679247,84,-0.10803233126886942,MAP_SCADA,89,0.0043913951879230445
1,B_svc,2,0.181063038342786,84,0.17804581008833067,MAP_SCADA,89,0.0030172282544553286
2,UPFC_Vsh,5-15,1.1081734188444792,84,1.1094139934513632,MAP_SCADA,89,0.0012405746068839818
3,UPFC_tsh,5-15,-0.23205042242021406,84,-0.23699861086862142,MAP_SCADA,89,0.004948188448407359
4,UPFC_Vse,5-15,0.060297588621276065,84,0.059055680618561764,MAP_SCADA,89,0.001241908002714301
5,UPFC_tse,5-15,-2.1552974337286637,84,-2.166415390085353,MAP_SCADA,89,0.01111795635668944
0,x_tcsc,1-14,-0.11184343666634057,85,-0.10803233126886942,MAP_SCADA,89,0.0038111053974711484
1,B_svc,2,0.18561959631485753,85,0.17804581008833067,MAP_SCADA,89,0.007573786226526852
2,UPFC_Vsh,5-15,1.1067012175816726,85,1.1094139934513632,MAP_SCADA,89,0.0027127758696905424
3,UPFC_tsh,5-15,-0.23200039920807386,85,-0.23699861086862142,MAP_SCADA,89,0.0049982116605475635
4,UPFC_Vse,5-15,0.060508485515277884,85,0.059055680618561764,MAP_SCADA,89,0.00145280489671612
5,UPFC_tse,5-15,-2.156137188259973,85,-2.166415390085353,MAP_SCADA,89,0.010278201825379973
0,x_tcsc,1-14,-0.11364135301624523,86,-0.10803233126886942,MAP_SCADA,89,0.005609021747375806
1,B_svc,2,0.1821219783944858,86,0.17804581008833067,MAP_SCADA,89,0.00407616830615512
2,UPFC_Vsh,5-15,1.107820798130156,86,1.1094139934513632,MAP_SCADA,89,0.0015931953212071637
3,UPFC_tsh,5-15,-0.2322128959487655,86,-0.23699861086862142,MAP_SCADA,89,0.00478571491985591
4,UPFC_Vse,5-15,0.060660300434416836,86,0.059055680618561764,MAP_SCADA,89,0.0016046198158550726
5,UPFC_tse,5-15,-2.1513489737161597,86,-2.166415390085353,MAP_SCADA,89,0.01506641636919337
0,x_tcsc,1-14,-0.11243275414694069,87,-0.10803233126886942,MAP_SCADA,89,0.0044004228780712695
1,B_svc,2,0.18119025313673967,87,0.17804581008833067,MAP_SCADA,89,0.003144443048408996
2,UPFC_Vsh,5-15,1.1088940270782162,87,1.1094139934513632,MAP_SCADA,89,0.0005199663731469961
3,UPFC_tsh,5-15,-0.2316124266592611,87,-0.23699861086862142,MAP_SCADA,89,0.005386184209360323
4,UPFC_Vse,5-15,0.060193264965839675,87,0.059055680618561764,MAP_SCADA,89,0.0011375843472779118
5,UPFC_tse,5-15,-2.1547446105680494,87,-2.166415390085353,MAP_SCADA,89,0.011670779517303664
0,x_tcsc,1-14,-0.1117050885844963,88,-0.10803233126886942,MAP_SCADA,89,0.0036727573156268845
1,B_svc,2,0.18225177768878625,88,0.17804581008833067,MAP_SCADA,89,0.004205967600455579
2,UPFC_Vsh,5-15,1.1091187232902788,88,1.1094139934513632,MAP_SCADA,89,0.0002952701610843267
3,UPFC_tsh,5-15,-0.23202232715977783,88,-0.23699861086862142,MAP_SCADA,89,0.004976283708843593
4,UPFC_Vse,5-15,0.060376671714547456,88,0.059055680618561764,MAP_SCADA,89,0.0013209910959856921
5,UPFC_tse,5-15,-2.162073760045472,88,-2.166415390085353,MAP_SCADA,89,0.004341630039881306
0,x_tcsc,1-14,-0.11379815943239346,89,-0.10803233126886942,MAP_SCADA,89,0.005765828163524042
1,B_svc,2,0.1805462804774064,89,0.17804581008833067,MAP_SCADA,89,0.0025004703890757207
2,UPFC_Vsh,5-15,1.1080653754934764,89,1.1094139934513632,MAP_SCADA,89,0.0013486179578867663
3,UPFC_tsh,5-15,-0.2315678341219605,89,-0.23699861086862142,MAP_SCADA,89,0.005430776746660926
4,UPFC_Vse,5-15,0.060031095941406064,89,0.059055680618561764,MAP_SCADA,89,0.0009754153228443002
5,UPFC_tse,5-15,-2.159275756025949,89,-2.166415390085353,MAP_SCADA,89,0.0071396340594040986
0,x_tcsc,1-14,-0.11269324663045342,90,-0.10803233126886942,MAP_SCADA,89,0.0046609153615840004
1,B_svc,2,0.1821197549092243,90,0.17804581008833067,MAP_SCADA,89,0.004073944820893627
2,UPFC_Vsh,5-15,1.1062962965124052,90,1.1094139934513632,MAP_SCADA,89,0.0031176969389579146
3,UPFC_tsh,5-15,-0.23417220359261745,90,-0.23699861086862142,MAP_SCADA,89,0.0028264072760039727
4,UPFC_Vse,5-15,0.060051107680717156,90,0.059055680618561764,MAP_SCADA,89,0.000995427062155392
5,UPFC_tse,5-15,-2.157194858291217,90,-2.166415390085353,MAP_SCADA,89,0.009220531794136289
0,x_tcsc,1-14,-0.11164315453934559,91,-0.10803233126886942,MAP_SCADA,89,0.0036108232704761684
1,B_svc,2,0.18654973269484112,91,0.17804581008833067,MAP_SCADA,89,0.00850392260651045
2,UPFC_Vsh,5-15,1.1068988496328513,91,1.1094139934513632,MAP_SCADA,89,0.0025151438185118113
3,UPFC_tsh,5-15,-0.23361650316009025,91,-0.23699861086862142,MAP_SCADA,89,0.0033821077085311735
4,UPFC_Vse,5-15,0.060603644534026314,91,0.059055680618561764,MAP_SCADA,89,0.0015479639154645508
5,UPFC_tse,5-15,-2.1555270160668036,91,-2.166415390085353,MAP_SCADA,89,0.010888374018549474
0,x_tcsc,1-14,-0.11320362379910998,92,-0.10803233126886942,MAP_SCADA,89,0.005171292530240554
1,B_svc,2,0.1817882088694763,92,0.17804581008833067,MAP_SCADA,89,0.0037423987811456283
2,UPFC_Vsh,5-15,1.1076439408886294,92,1.1094139934513632,MAP_SCADA,89,0.0017700525627337704
3,UPFC_tsh,5-15,-0.23202215347050792,92,-0.23699861086862142,MAP_SCADA,89,0.004976457398113504
4,UPFC_Vse,5-15,0.06037604036313058,92,0.059055680618561764,MAP_SCADA,89,0.0013203597445688164
5,UPFC_tse,5-15,-2.158383119696829,92,-2.166415390085353,MAP_SCADA,89,0.008032270388524054
0,x_tcsc,1-14,-0.10898873491513596,93,-0.10803233126886942,MAP_SCADA,89,0.0009564036462665348
1,B_svc,2,0.19068847968051864,93,0.17804581008833067,MAP_SCADA,89,0.01264266959218796
2,UPFC_Vsh,5-15,1.1066670030248402,93,1.1094139934513632,MAP_SCADA,89,0.002746990426522933
3,UPFC_tsh,5-15,-0.23438533687847693,93,-0.23699861086862142,MAP_SCADA,89,0.0026132739901444935
4,UPFC_Vse,5-15,0.06075473700274517,93,0.059055680618561764,MAP_SCADA,89,0.0016990563841834047
5,UPFC_tse,5-15,-2.1592122319698612,93,-2.166415390085353,MAP_SCADA,89,0.007203158115491881
0,x_tcsc,1-14,-0.11178711151202753,94,-0.10803233126886942,MAP_SCADA,89,0.003754780243158104
1,B_svc,2,0.1862241898982063,94,0.17804581008833067,MAP_SCADA,89,0.008178379809875624
2,UPFC_Vsh,5-15,1.1073746068132924,94,1.1094139934513632,MAP_SCADA,89,0.002039386638070795
3,UPFC_tsh,5-15,-0.23271118962076062,94,-0.23699861086862142,MAP_SCADA,89,0.004287421247860801
4,UPFC_Vse,5-15,0.05974367351699315,94,0.059055680618561764,MAP_SCADA,89,0.0006879928984313832
5,UPFC_tse,5-15,-2.1591837303616974,94,-2.166415390085353,MAP_SCADA,89,0.007231659723655692
0,x_tcsc,1-14,-0.11281811211419954,95,-0.10803233126886942,MAP_SCADA,89,0.004785780845330115
1,B_svc,2,0.1798423535605849,95,0.17804581008833067,MAP_SCADA,89,0.0017965434722542195
2,UPFC_Vsh,5-15,1.1107640975000732,95,1.1094139934513632,MAP_SCADA,89,0.0013501040487100546
3,UPFC_tsh,5-15,-0.23130359362426886,95,-0.23699861086862142,MAP_SCADA,89,0.005695017244352563
4,UPFC_Vse,5-15,0.060407635714608096,95,0.059055680618561764,MAP_SCADA,89,0.0013519550960463325
5,UPFC_tse,5-15,-2.15105994964005,95,-2.166415390085353,MAP_SCADA,89,0.015355440445302904
0,x_tcsc,1-14,-0.11195570137059803,96,-0.10803233126886942,MAP_SCADA,89,0.003923370101728607
1,B_svc,2,0.18764742666765016,96,0.17804581008833067,MAP_SCADA,89,0.009601616579319489
2,UPFC_Vsh,5-15,1.109255661757014,96,1.1094139934513632,MAP_SCADA,89,0.0001583316943492008
3,UPFC_tsh,5-15,-0.23200538249675867,96,-0.23699861086862142,MAP_SCADA,89,0.004993228371862751
4,UPFC_Vse,5-15,0.06062835131201776,96,0.059055680618561764,MAP_SCADA,89,0.0015726706934559992
5,UPFC_tse,5-15,-2.1573787027016547,96,-2.166415390085353,MAP_SCADA,89,0.00903668738369845
0,x_tcsc,1-14,-0.11174140659467031,97,-0.10803233126886942,MAP_SCADA,89,0.0037090753258008924
1,B_svc,2,0.18426488750022654,97,0.17804581008833067,MAP_SCADA,89,0.006219077411895868
2,UPFC_Vsh,5-15,1.108756821574409,97,1.1094139934513632,MAP_SCADA,89,0.0006571718769541324
3,UPFC_tsh,5-15,-0.23306784874770028,97,-0.23699861086862142,MAP_SCADA,89,0.0039307621209211385
4,UPFC_Vse,5-15,0.059787575256518455,97,0.059055680618561764,MAP_SCADA,89,0.0007318946379566912
5,UPFC_tse,5-15,-2.1580555421623253,97,-2.166415390085353,MAP_SCADA,89,0.008359847923027797
0,x_tcsc,1-14,-0.11246565688486991,98,-0.10803233126886942,MAP_SCADA,89,0.004433325616000489
1,B_svc,2,0.18285318023999722,98,0.17804581008833067,MAP_SCADA,89,0.004807370151666546
2,UPFC_Vsh,5-15,1.109484306840395,98,1.1094139934513632,MAP_SCADA,89,7.03133890318508e-05
3,UPFC_tsh,5-15,-0.23208286556886998,98,-0.23699861086862142,MAP_SCADA,89,0.004915745299751445
4,UPFC_Vse,5-15,0.0605315567883521,98,0.059055680618561764,MAP_SCADA,89,0.0014758761697903355
5,UPFC_tse,5-15,-2.1553071214667407,98,-2.166415390085353,MAP_SCADA,89,0.01110826861861236
0,x_tcsc,1-14,-0.1137018084065269,99,-0.10803233126886942,MAP_SCADA,89,0.005669477137657475
1,B_svc,2,0.17857495229728937,99,0.17804581008833067,MAP_SCADA,89,0.0005291422089586939
2,UPFC_Vsh,5-15,1.1088238971653452,99,1.1094139934513632,MAP_SCADA,89,0.000590096286017916
3,UPFC_tsh,5-15,-0.23186387590410268,99,-0.23699861086862142,MAP_SCADA,89,0.0051347349645187446
4,UPFC_Vse,5-15,0.06031676127760777,99,0.059055680618561764,MAP_SCADA,89,0.001261080659046003
5,UPFC_tse,5-15,-2.153187140622384,99,-2.166415390085353,MAP_SCADA,89,0.013228249462969188
0,x_tcsc,1-14,-0.1089531511781327,0,-0.12818513286485486,MAP_SCADA,91,0.01923198168672216
1,B_svc,2,0.1897935387956435,0,0.25379756329672293,MAP_SCADA,91,0.06400402450107942
2,UPFC_Vsh,5-15,1.1087431100620921,0,1.1103345310958304,MAP_SCADA,91,0.0015914210337382162
3,UPFC_tsh,5-15,-0.23330975381613128,0,-0.23642426888243573,MAP_SCADA,91,0.0031145150663044463
4,UPFC_Vse,5-15,0.059910786553985726,0,0.05904097727578136,MAP_SCADA,91,0.0008698092782043684
5,UPFC_tse,5-15,-2.1617541252362744,0,-2.163233929222754,MAP_SCADA,91,0.0014798039864794
0,x_tcsc,1-14,-0.111586134031699,1,-0.12818513286485486,MAP_SCADA,91,0.016598998833155867
1,B_svc,2,0.18277825912481013,1,0.25379756329672293,MAP_SCADA,91,0.0710193041719128
2,UPFC_Vsh,5-15,1.1082234287991541,1,1.1103345310958304,MAP_SCADA,91,0.002111102296676215
3,UPFC_tsh,5-15,-0.23190643054264615,1,-0.23642426888243573,MAP_SCADA,91,0.004517838339789582
4,UPFC_Vse,5-15,0.06059477305551764,1,0.05904097727578136,MAP_SCADA,91,0.0015537957797362792
5,UPFC_tse,5-15,-2.1540585190564276,1,-2.163233929222754,MAP_SCADA,91,0.00917541016632617
0,x_tcsc,1-14,-0.11211395804478234,2,-0.12818513286485486,MAP_SCADA,91,0.016071174820072517
1,B_svc,2,0.1868625727668949,2,0.25379756329672293,MAP_SCADA,91,0.06693499052982801
2,UPFC_Vsh,5-15,1.1067411309471762,2,1.1103345310958304,MAP_SCADA,91,0.003593400148654169
3,UPFC_tsh,5-15,-0.2331739941656229,2,-0.23642426888243573,MAP_SCADA,91,0.0032502747168128288
4,UPFC_Vse,5-15,0.0609363740875178,2,0.05904097727578136,MAP_SCADA,91,0.0018953968117364425
5,UPFC_tse,5-15,-2.152871154024673,2,-2.163233929222754,MAP_SCADA,91,0.010362775198080598
0,x_tcsc,1-14,-0.11285742257812492,3,-0.12818513286485486,MAP_SCADA,91,0.01532771028672994
1,B_svc,2,0.18539429171333982,3,0.25379756329672293,MAP_SCADA,91,0.06840327158338311
2,UPFC_Vsh,5-15,1.1081386969229026,3,1.1103345310958304,MAP_SCADA,91,0.002195834172927791
3,UPFC_tsh,5-15,-0.2324863078339946,3,-0.23642426888243573,MAP_SCADA,91,0.00393796104844113
4,UPFC_Vse,5-15,0.06048900561970597,3,0.05904097727578136,MAP_SCADA,91,0.001448028343924615
5,UPFC_tse,5-15,-2.1551872012743307,3,-2.163233929222754,MAP_SCADA,91,0.008046727948423094
0,x_tcsc,1-14,-0.11231476988244248,4,-0.12818513286485486,MAP_SCADA,91,0.015870362982412387
1,B_svc,2,0.18572521980578321,4,0.25379756329672293,MAP_SCADA,91,0.06807234349093971
2,UPFC_Vsh,5-15,1.1056512600233495,4,1.1103345310958304,MAP_SCADA,91,0.004683271072480899
3,UPFC_tsh,5-15,-0.2338904834461942,4,-0.23642426888243573,MAP_SCADA,91,0.0025337854362415257
4,UPFC_Vse,5-15,0.060121854908355796,4,0.05904097727578136,MAP_SCADA,91,0.0010808776325744382
5,UPFC_tse,5-15,-2.1592578402365357,4,-2.163233929222754,MAP_SCADA,91,0.003976088986218151
0,x_tcsc,1-14,-0.11178525041785418,5,-0.12818513286485486,MAP_SCADA,91,0.016399882447000677
1,B_svc,2,0.18343692280570392,5,0.25379756329672293,MAP_SCADA,91,0.070360640491019
2,UPFC_Vsh,5-15,1.109880077816995,5,1.1103345310958304,MAP_SCADA,91,0.0004544532788353095
3,UPFC_tsh,5-15,-0.2309144059831098,5,-0.23642426888243573,MAP_SCADA,91,0.0055098628993259235
4,UPFC_Vse,5-15,0.0603194722178149,5,0.05904097727578136,MAP_SCADA,91,0.0012784949420335395
5,UPFC_tse,5-15,-2.155318859766885,5,-2.163233929222754,MAP_SCADA,91,0.007915069455868728
0,x_tcsc,1-14,-0.11333459791028293,6,-0.12818513286485486,MAP_SCADA,91,0.014850534954571934
1,B_svc,2,0.18041966252582461,6,0.25379756329672293,MAP_SCADA,91,0.07337790077089831
2,UPFC_Vsh,5-15,1.1072648590523495,6,1.1103345310958304,MAP_SCADA,91,0.0030696720434808533
3,UPFC_tsh,5-15,-0.23253037627372858,6,-0.23642426888243573,MAP_SCADA,91,0.00389389260870715
4,UPFC_Vse,5-15,0.0600837156301815,6,0.05904097727578136,MAP_SCADA,91,0.0010427383544001426
5,UPFC_tse,5-15,-2.1559922176239676,6,-2.163233929222754,MAP_SCADA,91,0.007241711598786171
0,x_tcsc,1-14,-0.11436276256544746,7,-0.12818513286485486,MAP_SCADA,91,0.013822370299407402
1,B_svc,2,0.17578589143797024,7,0.25379756329672293,MAP_SCADA,91,0.07801167185875268
2,UPFC_Vsh,5-15,1.1090257321918613,7,1.1103345310958304,MAP_SCADA,91,0.0013087989039690662
3,UPFC_tsh,5-15,-0.230752004160547,7,-0.23642426888243573,MAP_SCADA,91,0.005672264721888726
4,UPFC_Vse,5-15,0.06009782334247497,7,0.05904097727578136,MAP_SCADA,91,0.0010568460666936091
5,UPFC_tse,5-15,-2.1532896030355704,7,-2.163233929222754,MAP_SCADA,91,0.009944326187183439
0,x_tcsc,1-14,-0.11346472153441553,8,-0.12818513286485486,MAP_SCADA,91,0.014720411330439331
1,B_svc,2,0.18048286210943015,8,0.25379756329672293,MAP_SCADA,91,0.07331470118729277
2,UPFC_Vsh,5-15,1.108480483695338,8,1.1103345310958304,MAP_SCADA,91,0.0018540474004924423
3,UPFC_tsh,5-15,-0.23109403596665595,8,-0.23642426888243573,MAP_SCADA,91,0.005330232915779776
4,UPFC_Vse,5-15,0.05989475052534988,8,0.05904097727578136,MAP_SCADA,91,0.0008537732495685207
5,UPFC_tse,5-15,-2.153008952867411,8,-2.163233929222754,MAP_SCADA,91,0.010224976355342807
0,x_tcsc,1-14,-0.11177440719091994,9,-0.12818513286485486,MAP_SCADA,91,0.016410725673934923
1,B_svc,2,0.18671012434317674,9,0.25379756329672293,MAP_SCADA,91,0.06708743895354619
2,UPFC_Vsh,5-15,1.1037795807258335,9,1.1103345310958304,MAP_SCADA,91,0.00655495036999687
3,UPFC_tsh,5-15,-0.23448940288511175,9,-0.23642426888243573,MAP_SCADA,91,0.0019348659973239812
4,UPFC_Vse,5-15,0.06104008593960212,9,0.05904097727578136,MAP_SCADA,91,0.0019991086638207617
5,UPFC_tse,5-15,-2.1543496412886083,9,-2.163233929222754,MAP_SCADA,91,0.00888428793414553
0,x_tcsc,1-14,-0.11194494997492009,10,-0.12818513286485486,MAP_SCADA,91,0.01624018288993477
1,B_svc,2,0.18561780207658218,10,0.25379756329672293,MAP_SCADA,91,0.06817976122014074
2,UPFC_Vsh,5-15,1.1077955580647714,10,1.1103345310958304,MAP_SCADA,91,0.0025389730310589886
3,UPFC_tsh,5-15,-0.23357350457639295,10,-0.23642426888243573,MAP_SCADA,91,0.00285076430604278
4,UPFC_Vse,5-15,0.06104911978819504,10,0.05904097727578136,MAP_SCADA,91,0.0020081425124136854
5,UPFC_tse,5-15,-2.1542087215643924,10,-2.163233929222754,MAP_SCADA,91,0.009025207658361456
0,x_tcsc,1-14,-0.11144691933862402,11,-0.12818513286485486,MAP_SCADA,91,0.01673821352623084
1,B_svc,2,0.18733135995158337,11,0.25379756329672293,MAP_SCADA,91,0.06646620334513956
2,UPFC_Vsh,5-15,1.106233756598256,11,1.1103345310958304,MAP_SCADA,91,0.004100774497574289
3,UPFC_tsh,5-15,-0.23400144609007603,11,-0.23642426888243573,MAP_SCADA,91,0.0024228227923596968
4,UPFC_Vse,5-15,0.06022611964382545,11,0.05904097727578136,MAP_SCADA,91,0.0011851423680440953
5,UPFC_tse,5-15,-2.15561983957537,11,-2.163233929222754,MAP_SCADA,91,0.00761408964738397
0,x_tcsc,1-14,-0.11335974657529489,12,-0.12818513286485486,MAP_SCADA,91,0.01482538628955997
1,B_svc,2,0.18052980160149132,12,0.25379756329672293,MAP_SCADA,91,0.07326776169523161
2,UPFC_Vsh,5-15,1.1072101395226248,12,1.1103345310958304,MAP_SCADA,91,0.0031243915732055427
3,UPFC_tsh,5-15,-0.23235149981375186,12,-0.23642426888243573,MAP_SCADA,91,0.004072769068683868
4,UPFC_Vse,5-15,0.06105168575186966,12,0.05904097727578136,MAP_SCADA,91,0.0020107084760883007
5,UPFC_tse,5-15,-2.1503334819797124,12,-2.163233929222754,MAP_SCADA,91,0.012900447243041402
0,x_tcsc,1-14,-0.11211623931164033,13,-0.12818513286485486,MAP_SCADA,91,0.01606889355321453
1,B_svc,2,0.18705823005723368,13,0.25379756329672293,MAP_SCADA,91,0.06673933323948925
2,UPFC_Vsh,5-15,1.1059065780904005,13,1.1103345310958304,MAP_SCADA,91,0.004427953005429863
3,UPFC_tsh,5-15,-0.23398759186968957,13,-0.23642426888243573,MAP_SCADA,91,0.0024366770127461634
4,UPFC_Vse,5-15,0.06032973274826177,13,0.05904097727578136,MAP_SCADA,91,0.0012887554724804115
5,UPFC_tse,5-15,-2.1569813122485124,13,-2.163233929222754,MAP_SCADA,91,0.006252616974241398
0,x_tcsc,1-14,-0.1137714289763915,14,-0.12818513286485486,MAP_SCADA,91,0.014413703888463358
1,B_svc,2,0.1830696590076973,14,0.25379756329672293,MAP_SCADA,91,0.07072790428902562
2,UPFC_Vsh,5-15,1.1082720687885226,14,1.1103345310958304,MAP_SCADA,91,0.0020624623073077775
3,UPFC_tsh,5-15,-0.23205392329338764,14,-0.23642426888243573,MAP_SCADA,91,0.004370345589048086
4,UPFC_Vse,5-15,0.060411104500337556,14,0.05904097727578136,MAP_SCADA,91,0.0013701272245561988
5,UPFC_tse,5-15,-2.1558802644963175,14,-2.163233929222754,MAP_SCADA,91,0.007353664726436282
0,x_tcsc,1-14,-0.11331493961116607,15,-0.12818513286485486,MAP_SCADA,91,0.014870193253688796
1,B_svc,2,0.1800813984044449,15,0.25379756329672293,MAP_SCADA,91,0.07371616489227803
2,UPFC_Vsh,5-15,1.107314408698073,15,1.1103345310958304,MAP_SCADA,91,0.0030201223977572855
3,UPFC_tsh,5-15,-0.23205643090968373,15,-0.23642426888243573,MAP_SCADA,91,0.004367837972752003
4,UPFC_Vse,5-15,0.059873090964751116,15,0.05904097727578136,MAP_SCADA,91,0.0008321136889697586
5,UPFC_tse,5-15,-2.155007128440672,15,-2.163233929222754,MAP_SCADA,91,0.0082268007820816
0,x_tcsc,1-14,-0.1122306884762184,16,-0.12818513286485486,MAP_SCADA,91,0.01595444438863647
1,B_svc,2,0.18775249902392893,16,0.25379756329672293,MAP_SCADA,91,0.066045064272794
2,UPFC_Vsh,5-15,1.1049647892610377,16,1.1103345310958304,MAP_SCADA,91,0.005369741834792663
3,UPFC_tsh,5-15,-0.2330079098466535,16,-0.23642426888243573,MAP_SCADA,91,0.0034163590357822182
4,UPFC_Vse,5-15,0.06113724250918414,16,0.05904097727578136,MAP_SCADA,91,0.002096265233402783
5,UPFC_tse,5-15,-2.157423881875138,16,-2.163233929222754,MAP_SCADA,91,0.005810047347615921
0,x_tcsc,1-14,-0.11263036020353481,17,-0.12818513286485486,MAP_SCADA,91,0.015554772661320049
1,B_svc,2,0.1817837233928617,17,0.25379756329672293,MAP_SCADA,91,0.07201383990386123
2,UPFC_Vsh,5-15,1.1084114438149966,17,1.1103345310958304,MAP_SCADA,91,0.0019230872808337907
3,UPFC_tsh,5-15,-0.23144867598779334,17,-0.23642426888243573,MAP_SCADA,91,0.004975592894642389
4,UPFC_Vse,5-15,0.060318116756721364,17,0.05904097727578136,MAP_SCADA,91,0.0012771394809400066
5,UPFC_tse,5-15,-2.153541067371644,17,-2.163233929222754,MAP_SCADA,91,0.009692861851109846
0,x_tcsc,1-14,-0.1123168833646532,18,-0.12818513286485486,MAP_SCADA,91,0.01586824950020166
1,B_svc,2,0.18114343012589246,18,0.25379756329672293,MAP_SCADA,91,0.07265413317083047
2,UPFC_Vsh,5-15,1.108076754568016,18,1.1103345310958304,MAP_SCADA,91,0.002257776527814448
3,UPFC_tsh,5-15,-0.2320082068359299,18,-0.23642426888243573,MAP_SCADA,91,0.004416062046505825
4,UPFC_Vse,5-15,0.06041732067962146,18,0.05904097727578136,MAP_SCADA,91,0.0013763434038401023
5,UPFC_tse,5-15,-2.1552625136309573,18,-2.163233929222754,MAP_SCADA,91,0.007971415591796482
0,x_tcsc,1-14,-0.11164424108868416,19,-0.12818513286485486,MAP_SCADA,91,0.0165408917761707
1,B_svc,2,0.18040424893429052,19,0.25379756329672293,MAP_SCADA,91,0.0733933143624324
2,UPFC_Vsh,5-15,1.108871364654878,19,1.1103345310958304,MAP_SCADA,91,0.001463166440952346
3,UPFC_tsh,5-15,-0.2324105075658558,19,-0.23642426888243573,MAP_SCADA,91,0.0040137613165799335
4,UPFC_Vse,5-15,0.061155322165232597,19,0.05904097727578136,MAP_SCADA,91,0.002114344889451239
5,UPFC_tse,5-15,-2.154669972733158,19,-2.163233929222754,MAP_SCADA,91,0.008563956489595625
0,x_tcsc,1-14,-0.11274782327049446,20,-0.12818513286485486,MAP_SCADA,91,0.015437309594360404
1,B_svc,2,0.18459454920584656,20,0.25379756329672293,MAP_SCADA,91,0.06920301409087637
2,UPFC_Vsh,5-15,1.108006286307207,20,1.1103345310958304,MAP_SCADA,91,0.002328244788623257
3,UPFC_tsh,5-15,-0.23191990543603197,20,-0.23642426888243573,MAP_SCADA,91,0.0045043634464037585
4,UPFC_Vse,5-15,0.06008050852103739,20,0.05904097727578136,MAP_SCADA,91,0.001039531245256034
5,UPFC_tse,5-15,-2.1567097345688575,20,-2.163233929222754,MAP_SCADA,91,0.006524194653896309
0,x_tcsc,1-14,-0.11169414259952308,21,-0.12818513286485486,MAP_SCADA,91,0.01649099026533178
1,B_svc,2,0.1857776632719838,21,0.25379756329672293,MAP_SCADA,91,0.06801990002473912
2,UPFC_Vsh,5-15,1.108184785877071,21,1.1103345310958304,MAP_SCADA,91,0.0021497452187593247
3,UPFC_tsh,5-15,-0.23273179667649846,21,-0.23642426888243573,MAP_SCADA,91,0.0036924722059372694
4,UPFC_Vse,5-15,0.05992770845896655,21,0.05904097727578136,MAP_SCADA,91,0.000886731183185191
5,UPFC_tse,5-15,-2.1568349329799426,21,-2.163233929222754,MAP_SCADA,91,0.006398996242811261
0,x_tcsc,1-14,-0.11260572090998863,22,-0.12818513286485486,MAP_SCADA,91,0.015579411954866229
1,B_svc,2,0.18071338323253047,22,0.25379756329672293,MAP_SCADA,91,0.07308418006419246
2,UPFC_Vsh,5-15,1.106722196604619,22,1.1103345310958304,MAP_SCADA,91,0.003612334491211344
3,UPFC_tsh,5-15,-0.23240057224166638,22,-0.23642426888243573,MAP_SCADA,91,0.0040236966407693475
4,UPFC_Vse,5-15,0.059859672432762606,22,0.05904097727578136,MAP_SCADA,91,0.0008186951569812487
5,UPFC_tse,5-15,-2.1554046999392504,22,-2.163233929222754,MAP_SCADA,91,0.00782922928350338
0,x_tcsc,1-14,-0.10863106555895048,23,-0.12818513286485486,MAP_SCADA,91,0.01955406730590438
1,B_svc,2,0.19440583723342642,23,0.25379756329672293,MAP_SCADA,91,0.05939172606329651
2,UPFC_Vsh,5-15,1.1056047474826858,23,1.1103345310958304,MAP_SCADA,91,0.004729783613144578
3,UPFC_tsh,5-15,-0.23553602350049807,23,-0.23642426888243573,MAP_SCADA,91,0.0008882453819376579
4,UPFC_Vse,5-15,0.06062491232048908,23,0.05904097727578136,MAP_SCADA,91,0.0015839350447077252
5,UPFC_tse,5-15,-2.1604370235879395,23,-2.163233929222754,MAP_SCADA,91,0.002796905634814273
0,x_tcsc,1-14,-0.11358461640106417,24,-0.12818513286485486,MAP_SCADA,91,0.014600516463790694
1,B_svc,2,0.17847299555661278,24,0.25379756329672293,MAP_SCADA,91,0.07532456774011015
2,UPFC_Vsh,5-15,1.1077453708357268,24,1.1103345310958304,MAP_SCADA,91,0.0025891602601035846
3,UPFC_tsh,5-15,-0.23118967241909189,24,-0.23642426888243573,MAP_SCADA,91,0.0052345964633438435
4,UPFC_Vse,5-15,0.06001689749729636,24,0.05904097727578136,MAP_SCADA,91,0.0009759202215150059
5,UPFC_tse,5-15,-2.1543010736861428,24,-2.163233929222754,MAP_SCADA,91,0.00893285553661105
0,x_tcsc,1-14,-0.11320004043012336,25,-0.12818513286485486,MAP_SCADA,91,0.014985092434731506
1,B_svc,2,0.17941167260829785,25,0.25379756329672293,MAP_SCADA,91,0.07438589068842508
2,UPFC_Vsh,5-15,1.1101974435380184,25,1.1103345310958304,MAP_SCADA,91,0.00013708755781194348
3,UPFC_tsh,5-15,-0.23031717049236608,25,-0.23642426888243573,MAP_SCADA,91,0.0061070983900696485
4,UPFC_Vse,5-15,0.05996830578511454,25,0.05904097727578136,MAP_SCADA,91,0.0009273285093331848
5,UPFC_tse,5-15,-2.1553668754708863,25,-2.163233929222754,MAP_SCADA,91,0.00786705375186747
0,x_tcsc,1-14,-0.11212214964649692,26,-0.12818513286485486,MAP_SCADA,91,0.016062983218357946
1,B_svc,2,0.1816223075761155,26,0.25379756329672293,MAP_SCADA,91,0.07217525572060743
2,UPFC_Vsh,5-15,1.1082064053681402,26,1.1103345310958304,MAP_SCADA,91,0.0021281257276901666
3,UPFC_tsh,5-15,-0.23179014857039898,26,-0.23642426888243573,MAP_SCADA,91,0.004634120312036749
4,UPFC_Vse,5-15,0.060238724303090414,26,0.05904097727578136,MAP_SCADA,91,0.0011977470273090568
5,UPFC_tse,5-15,-2.1599186635184866,26,-2.163233929222754,MAP_SCADA,91,0.003315265704267212
0,x_tcsc,1-14,-0.11119204081336112,27,-0.12818513286485486,MAP_SCADA,91,0.01699309205149374
1,B_svc,2,0.1842705258074126,27,0.25379756329672293,MAP_SCADA,91,0.06952703748931033
2,UPFC_Vsh,5-15,1.1059116452390325,27,1.1103345310958304,MAP_SCADA,91,0.004422885856797842
3,UPFC_tsh,5-15,-0.23295759170996305,27,-0.23642426888243573,MAP_SCADA,91,0.0034666771724726764
4,UPFC_Vse,5-15,0.06053072554552834,27,0.05904097727578136,MAP_SCADA,91,0.0014897482697469808
5,UPFC_tse,5-15,-2.1561425446031106,27,-2.163233929222754,MAP_SCADA,91,0.007091384619643204
0,x_tcsc,1-14,-0.11078516593243308,28,-0.12818513286485486,MAP_SCADA,91,0.01739996693242178
1,B_svc,2,0.1862073014298553,28,0.25379756329672293,MAP_SCADA,91,0.06759026186686762
2,UPFC_Vsh,5-15,1.105306562887327,28,1.1103345310958304,MAP_SCADA,91,0.005027968208503264
3,UPFC_tsh,5-15,-0.2340897760936502,28,-0.23642426888243573,MAP_SCADA,91,0.0023344927887855305
4,UPFC_Vse,5-15,0.06031540260348843,28,0.05904097727578136,MAP_SCADA,91,0.0012744253277070725
5,UPFC_tse,5-15,-2.159848933017864,28,-2.163233929222754,MAP_SCADA,91,0.0033849962048897453
0,x_tcsc,1-14,-0.11114633594373284,29,-0.12818513286485486,MAP_SCADA,91,0.01703879692112202
1,B_svc,2,0.18515795790093445,29,0.25379756329672293,MAP_SCADA,91,0.06863960539578848
2,UPFC_Vsh,5-15,1.1077676810944392,29,1.1103345310958304,MAP_SCADA,91,0.002566850001391119
3,UPFC_tsh,5-15,-0.2328826952361252,29,-0.23642426888243573,MAP_SCADA,91,0.003541573646310525
4,UPFC_Vse,5-15,0.06039577683997066,29,0.05904097727578136,MAP_SCADA,91,0.0013547995641893032
5,UPFC_tse,5-15,-2.155335140690537,29,-2.163233929222754,MAP_SCADA,91,0.007898788532216816
0,x_tcsc,1-14,-0.11216068815257503,30,-0.12818513286485486,MAP_SCADA,91,0.01602444471227983
1,B_svc,2,0.17704446044748634,30,0.25379756329672293,MAP_SCADA,91,0.07675310284923659
2,UPFC_Vsh,5-15,1.109683072820936,30,1.1103345310958304,MAP_SCADA,91,0.0006514582748944342
3,UPFC_tsh,5-15,-0.23174778760842352,30,-0.23642426888243573,MAP_SCADA,91,0.004676481274012212
4,UPFC_Vse,5-15,0.06019310784890161,30,0.05904097727578136,MAP_SCADA,91,0.0011521305731202539
5,UPFC_tse,5-15,-2.1564072150031643,30,-2.163233929222754,MAP_SCADA,91,0.006826714219589469
0,x_tcsc,1-14,-0.11251342636674841,31,-0.12818513286485486,MAP_SCADA,91,0.015671706498106452
1,B_svc,2,0.1831099893073962,31,0.25379756329672293,MAP_SCADA,91,0.07068757398932674
2,UPFC_Vsh,5-15,1.1078159760395527,31,1.1103345310958304,MAP_SCADA,91,0.002518555056277627
3,UPFC_tsh,5-15,-0.23189856588754654,31,-0.23642426888243573,MAP_SCADA,91,0.004525702994889191
4,UPFC_Vse,5-15,0.06007672510263565,31,0.05904097727578136,MAP_SCADA,91,0.00103574782685429
5,UPFC_tse,5-15,-2.1587524619933207,31,-2.163233929222754,MAP_SCADA,91,0.0044814672294331
0,x_tcsc,1-14,-0.10935089542807824,32,-0.12818513286485486,MAP_SCADA,91,0.01883423743677662
1,B_svc,2,0.18873592910746403,32,0.25379756329672293,MAP_SCADA,91,0.0650616341892589
2,UPFC_Vsh,5-15,1.109038949726816,32,1.1103345310958304,MAP_SCADA,91,0.0012955813690143092
3,UPFC_tsh,5-15,-0.2330027710688704,32,-0.23642426888243573,MAP_SCADA,91,0.003421497813565322
4,UPFC_Vse,5-15,0.05985014716756717,32,0.05904097727578136,MAP_SCADA,91,0.0008091698917858103
5,UPFC_tse,5-15,-2.1617669058380433,32,-2.163233929222754,MAP_SCADA,91,0.0014670233847104974
0,x_tcsc,1-14,-0.11132959920201867,33,-0.12818513286485486,MAP_SCADA,91,0.016855533662836195
1,B_svc,2,0.18595327212098606,33,0.25379756329672293,MAP_SCADA,91,0.06784429117573687
2,UPFC_Vsh,5-15,1.108084565723442,33,1.1103345310958304,MAP_SCADA,91,0.0022499653723884183
3,UPFC_tsh,5-15,-0.2321353180308911,33,-0.23642426888243573,MAP_SCADA,91,0.004288950851544626
4,UPFC_Vse,5-15,0.06002017416798528,33,0.05904097727578136,MAP_SCADA,91,0.0009791968922039235
5,UPFC_tse,5-15,-2.157033850389164,33,-2.163233929222754,MAP_SCADA,91,0.0062000788335896395
0,x_tcsc,1-14,-0.11034198001640978,34,-0.12818513286485486,MAP_SCADA,91,0.01784315284844508
1,B_svc,2,0.18678599517759245,34,0.25379756329672293,MAP_SCADA,91,0.06701156811913048
2,UPFC_Vsh,5-15,1.1085563560496479,34,1.1103345310958304,MAP_SCADA,91,0.0017781750461824952
3,UPFC_tsh,5-15,-0.23312360340740504,34,-0.23642426888243573,MAP_SCADA,91,0.0033006654750306896
4,UPFC_Vse,5-15,0.060366956294376876,34,0.05904097727578136,MAP_SCADA,91,0.001325979018595519
5,UPFC_tse,5-15,-2.1581320522383804,34,-2.163233929222754,MAP_SCADA,91,0.005101876984373366
0,x_tcsc,1-14,-0.11311317898577221,35,-0.12818513286485486,MAP_SCADA,91,0.015071953879082653
1,B_svc,2,0.18325163162252295,35,0.25379756329672293,MAP_SCADA,91,0.07054593167419998
2,UPFC_Vsh,5-15,1.1098842983230832,35,1.1103345310958304,MAP_SCADA,91,0.0004502327727471389
3,UPFC_tsh,5-15,-0.23130759162507253,35,-0.23642426888243573,MAP_SCADA,91,0.0051166772573632
4,UPFC_Vse,5-15,0.06016391902929492,35,0.05904097727578136,MAP_SCADA,91,0.0011229417535135594
5,UPFC_tse,5-15,-2.1548243799234137,35,-2.163233929222754,MAP_SCADA,91,0.008409549299340124
0,x_tcsc,1-14,-0.1149720819539307,36,-0.12818513286485486,MAP_SCADA,91,0.01321305091092416
1,B_svc,2,0.1750447967126657,36,0.25379756329672293,MAP_SCADA,91,0.07875276658405722
2,UPFC_Vsh,5-15,1.1102778223388667,36,1.1103345310958304,MAP_SCADA,91,5.670875696361932e-05
3,UPFC_tsh,5-15,-0.22961423202170334,36,-0.23642426888243573,MAP_SCADA,91,0.0068100368607323936
4,UPFC_Vse,5-15,0.060175439493694916,36,0.05904097727578136,MAP_SCADA,91,0.001134462217913558
5,UPFC_tse,5-15,-2.1527252492944804,36,-2.163233929222754,MAP_SCADA,91,0.010508679928273423
0,x_tcsc,1-14,-0.1135383168444,37,-0.12818513286485486,MAP_SCADA,91,0.014646816020454867
1,B_svc,2,0.1808875627066663,37,0.25379756329672293,MAP_SCADA,91,0.07291000059005662
2,UPFC_Vsh,5-15,1.1097833398341765,37,1.1103345310958304,MAP_SCADA,91,0.0005511912616538162
3,UPFC_tsh,5-15,-0.2306731020068669,37,-0.23642426888243573,MAP_SCADA,91,0.005751166875568842
4,UPFC_Vse,5-15,0.059604765997265136,37,0.05904097727578136,MAP_SCADA,91,0.0005637887214837781
5,UPFC_tse,5-15,-2.1598551334837475,37,-2.163233929222754,MAP_SCADA,91,0.003378795739006346
0,x_tcsc,1-14,-0.11241197576694792,38,-0.12818513286485486,MAP_SCADA,91,0.015773157097906942
1,B_svc,2,0.18139884194193798,38,0.25379756329672293,MAP_SCADA,91,0.07239872135478495
2,UPFC_Vsh,5-15,1.1092926368032598,38,1.1103345310958304,MAP_SCADA,91,0.001041894292570511
3,UPFC_tsh,5-15,-0.23168033003577468,38,-0.23642426888243573,MAP_SCADA,91,0.00474393884666105
4,UPFC_Vse,5-15,0.06042739705196942,38,0.05904097727578136,MAP_SCADA,91,0.001386419776188065
5,UPFC_tse,5-15,-2.150262573934795,38,-2.163233929222754,MAP_SCADA,91,0.012971355287958897
0,x_tcsc,1-14,-0.11336627208444718,39,-0.12818513286485486,MAP_SCADA,91,0.014818860780407686
1,B_svc,2,0.1824406965904449,39,0.25379756329672293,MAP_SCADA,91,0.07135686670627803
2,UPFC_Vsh,5-15,1.109450803391796,39,1.1103345310958304,MAP_SCADA,91,0.0008837277040343317
3,UPFC_tsh,5-15,-0.23110270791873322,39,-0.23642426888243573,MAP_SCADA,91,0.00532156096370251
4,UPFC_Vse,5-15,0.06015947124209428,39,0.05904097727578136,MAP_SCADA,91,0.0011184939663129237
5,UPFC_tse,5-15,-2.1525195949795397,39,-2.163233929222754,MAP_SCADA,91,0.010714334243214108
0,x_tcsc,1-14,-0.11449781928869908,40,-0.12818513286485486,MAP_SCADA,91,0.013687313576155782
1,B_svc,2,0.17698963311880708,40,0.25379756329672293,MAP_SCADA,91,0.07680793017791585
2,UPFC_Vsh,5-15,1.1099220982081328,40,1.1103345310958304,MAP_SCADA,91,0.0004124328876975447
3,UPFC_tsh,5-15,-0.23127461686611703,40,-0.23642426888243573,MAP_SCADA,91,0.005149652016318701
4,UPFC_Vse,5-15,0.060217625795988015,40,0.05904097727578136,MAP_SCADA,91,0.0011766485202066579
5,UPFC_tse,5-15,-2.1504069037421822,40,-2.163233929222754,MAP_SCADA,91,0.012827025480571574
0,x_tcsc,1-14,-0.11093572745407543,41,-0.12818513286485486,MAP_SCADA,91,0.017249405410779434
1,B_svc,2,0.18531896959267724,41,0.25379756329672293,MAP_SCADA,91,0.06847859370404569
2,UPFC_Vsh,5-15,1.108434994048722,41,1.1103345310958304,MAP_SCADA,91,0.001899537047108435
3,UPFC_tsh,5-15,-0.233408373060217,41,-0.23642426888243573,MAP_SCADA,91,0.003015895822218728
4,UPFC_Vse,5-15,0.060499846182725275,41,0.05904097727578136,MAP_SCADA,91,0.0014588689069439179
5,UPFC_tse,5-15,-2.1601069645717934,41,-2.163233929222754,MAP_SCADA,91,0.0031269646509604065
0,x_tcsc,1-14,-0.11147761500004855,42,-0.12818513286485486,MAP_SCADA,91,0.016707517864806315
1,B_svc,2,0.18730903475163513,42,0.25379756329672293,MAP_SCADA,91,0.0664885285450878
2,UPFC_Vsh,5-15,1.1074933658695576,42,1.1103345310958304,MAP_SCADA,91,0.002841165226272757
3,UPFC_tsh,5-15,-0.23274285808599332,42,-0.23642426888243573,MAP_SCADA,91,0.003681410796442408
4,UPFC_Vse,5-15,0.06046335877714539,42,0.05904097727578136,MAP_SCADA,91,0.001422381501364034
5,UPFC_tse,5-15,-2.154540752922178,42,-2.163233929222754,MAP_SCADA,91,0.008693176300575978
0,x_tcsc,1-14,-0.11305657612109273,43,-0.12818513286485486,MAP_SCADA,91,0.015128556743762137
1,B_svc,2,0.1792216928206034,43,0.25379756329672293,MAP_SCADA,91,0.07457587047611952
2,UPFC_Vsh,5-15,1.1100005386855296,43,1.1103345310958304,MAP_SCADA,91,0.000333992410300743
3,UPFC_tsh,5-15,-0.23036578137282954,43,-0.23642426888243573,MAP_SCADA,91,0.006058487509606192
4,UPFC_Vse,5-15,0.06057910375371149,43,0.05904097727578136,MAP_SCADA,91,0.0015381264779301337
5,UPFC_tse,5-15,-2.1561589997097914,43,-2.163233929222754,MAP_SCADA,91,0.007074929512962402
0,x_tcsc,1-14,-0.11207535639674679,44,-0.12818513286485486,MAP_SCADA,91,0.016109776468108072
1,B_svc,2,0.1846858498020382,44,0.25379756329672293,MAP_SCADA,91,0.06911171349468473
2,UPFC_Vsh,5-15,1.1077601535326256,44,1.1103345310958304,MAP_SCADA,91,0.002574377563204777
3,UPFC_tsh,5-15,-0.23261638863089268,44,-0.23642426888243573,MAP_SCADA,91,0.00380788025154305
4,UPFC_Vse,5-15,0.06047525859342069,44,0.05904097727578136,MAP_SCADA,91,0.001434281317639334
5,UPFC_tse,5-15,-2.154046429528506,44,-2.163233929222754,MAP_SCADA,91,0.009187499694248036
0,x_tcsc,1-14,-0.11375431081784133,45,-0.12818513286485486,MAP_SCADA,91,0.014430822047013528
1,B_svc,2,0.17477818719938254,45,0.25379756329672293,MAP_SCADA,91,0.07901937609734039
2,UPFC_Vsh,5-15,1.1093197165452422,45,1.1103345310958304,MAP_SCADA,91,0.0010148145505881612
3,UPFC_tsh,5-15,-0.23071303918734726,45,-0.23642426888243573,MAP_SCADA,91,0.005711229695088471
4,UPFC_Vse,5-15,0.06014026459677954,45,0.05904097727578136,MAP_SCADA,91,0.0010992873209981838
5,UPFC_tse,5-15,-2.15388812615601,45,-2.163233929222754,MAP_SCADA,91,0.00934580306674393
0,x_tcsc,1-14,-0.11310434548909658,46,-0.12818513286485486,MAP_SCADA,91,0.015080787375758284
1,B_svc,2,0.17866334359157365,46,0.25379756329672293,MAP_SCADA,91,0.07513421970514927
2,UPFC_Vsh,5-15,1.108715174743999,46,1.1103345310958304,MAP_SCADA,91,0.0016193563518314136
3,UPFC_tsh,5-15,-0.23114836154528098,46,-0.23642426888243573,MAP_SCADA,91,0.005275907337154745
4,UPFC_Vse,5-15,0.060340846612470904,46,0.05904097727578136,MAP_SCADA,91,0.0012998693366895464
5,UPFC_tse,5-15,-2.155077590767528,46,-2.163233929222754,MAP_SCADA,91,0.008156338455225676
0,x_tcsc,1-14,-0.1126163685304988,47,-0.12818513286485486,MAP_SCADA,91,0.015568764334356056
1,B_svc,2,0.1826820223153454,47,0.25379756329672293,MAP_SCADA,91,0.07111554098137754
2,UPFC_Vsh,5-15,1.1078508671343414,47,1.1103345310958304,MAP_SCADA,91,0.0024836639614889133
3,UPFC_tsh,5-15,-0.23195436112425402,47,-0.23642426888243573,MAP_SCADA,91,0.004469907758181707
4,UPFC_Vse,5-15,0.06005427570146322,47,0.05904097727578136,MAP_SCADA,91,0.0010132984256818606
5,UPFC_tse,5-15,-2.149004765473707,47,-2.163233929222754,MAP_SCADA,91,0.014229163749047036
0,x_tcsc,1-14,-0.11202393736720709,48,-0.12818513286485486,MAP_SCADA,91,0.016161195497647773
1,B_svc,2,0.18197032083453404,48,0.25379756329672293,MAP_SCADA,91,0.07182724246218888
2,UPFC_Vsh,5-15,1.1088869066003255,48,1.1103345310958304,MAP_SCADA,91,0.00144762449550484
3,UPFC_tsh,5-15,-0.23173744296455784,48,-0.23642426888243573,MAP_SCADA,91,0.00468682591787789
4,UPFC_Vse,5-15,0.06064179275722406,48,0.05904097727578136,MAP_SCADA,91,0.0016008154814427036
5,UPFC_tse,5-15,-2.1579971846390347,48,-2.163233929222754,MAP_SCADA,91,0.005236744583719144
0,x_tcsc,1-14,-0.11301190854144895,49,-0.12818513286485486,MAP_SCADA,91,0.015173224323405912
1,B_svc,2,0.1826769526565768,49,0.25379756329672293,MAP_SCADA,91,0.07112061064014613
2,UPFC_Vsh,5-15,1.10911972473425,49,1.1103345310958304,MAP_SCADA,91,0.001214806361580445
3,UPFC_tsh,5-15,-0.23197494578688546,49,-0.23642426888243573,MAP_SCADA,91,0.004449323095550267
4,UPFC_Vse,5-15,0.06039511975662008,49,0.05904097727578136,MAP_SCADA,91,0.0013541424808387256
5,UPFC_tse,5-15,-2.159769366853597,49,-2.163233929222754,MAP_SCADA,91,0.0034645623691567096
0,x_tcsc,1-14,-0.11232464740583507,50,-0.12818513286485486,MAP_SCADA,91,0.015860485459019788
1,B_svc,2,0.1804661933096819,50,0.25379756329672293,MAP_SCADA,91,0.07333136998704104
2,UPFC_Vsh,5-15,1.1082997050473367,50,1.1103345310958304,MAP_SCADA,91,0.0020348260484936986
3,UPFC_tsh,5-15,-0.23223059620849504,50,-0.23642426888243573,MAP_SCADA,91,0.00419367267394069
4,UPFC_Vse,5-15,0.060382776568446615,50,0.05904097727578136,MAP_SCADA,91,0.0013417992926652578
5,UPFC_tse,5-15,-2.15506436388257,50,-2.163233929222754,MAP_SCADA,91,0.008169565340183649
0,x_tcsc,1-14,-0.11361562540832322,51,-0.12818513286485486,MAP_SCADA,91,0.014569507456531641
1,B_svc,2,0.17885922469653856,51,0.25379756329672293,MAP_SCADA,91,0.07493833860018437
2,UPFC_Vsh,5-15,1.1070689001567269,51,1.1103345310958304,MAP_SCADA,91,0.003265630939103481
3,UPFC_tsh,5-15,-0.2321065832889006,51,-0.23642426888243573,MAP_SCADA,91,0.0043176855935351255
4,UPFC_Vse,5-15,0.06052340155011435,51,0.05904097727578136,MAP_SCADA,91,0.00148242427433299
5,UPFC_tse,5-15,-2.1551682308222206,51,-2.163233929222754,MAP_SCADA,91,0.008065698400533172
0,x_tcsc,1-14,-0.10848351521084021,52,-0.12818513286485486,MAP_SCADA,91,0.019701617654014653
1,B_svc,2,0.19662177475265205,52,0.25379756329672293,MAP_SCADA,91,0.05717578854407088
2,UPFC_Vsh,5-15,1.1078003615348868,52,1.1103345310958304,MAP_SCADA,91,0.0025341695609435444
3,UPFC_tsh,5-15,-0.23401474328945562,52,-0.23642426888243573,MAP_SCADA,91,0.002409525592980105
4,UPFC_Vse,5-15,0.06035505211035941,52,0.05904097727578136,MAP_SCADA,91,0.001314074834578051
5,UPFC_tse,5-15,-2.160186956663391,52,-2.163233929222754,MAP_SCADA,91,0.003046972559362704
0,x_tcsc,1-14,-0.11302618824924493,53,-0.12818513286485486,MAP_SCADA,91,0.015158944615609932
1,B_svc,2,0.1855528678668657,53,0.25379756329672293,MAP_SCADA,91,0.06824469542985723
2,UPFC_Vsh,5-15,1.106401917745756,53,1.1103345310958304,MAP_SCADA,91,0.003932613350074332
3,UPFC_tsh,5-15,-0.23299677621338608,53,-0.23642426888243573,MAP_SCADA,91,0.0034274926690496532
4,UPFC_Vse,5-15,0.06025677125495774,53,0.05904097727578136,MAP_SCADA,91,0.0012157939791763855
5,UPFC_tse,5-15,-2.1530014389473546,53,-2.163233929222754,MAP_SCADA,91,0.010232490275399186
0,x_tcsc,1-14,-0.10992588267449988,54,-0.12818513286485486,MAP_SCADA,91,0.018259250190354986
1,B_svc,2,0.18850845278962525,54,0.25379756329672293,MAP_SCADA,91,0.06528911050709768
2,UPFC_Vsh,5-15,1.1080263661691967,54,1.1103345310958304,MAP_SCADA,91,0.00230816492663366
3,UPFC_tsh,5-15,-0.2334353156834582,54,-0.23642426888243573,MAP_SCADA,91,0.0029889531989775175
4,UPFC_Vse,5-15,0.060702502198160174,54,0.05904097727578136,MAP_SCADA,91,0.0016615249223788167
5,UPFC_tse,5-15,-2.159140326809645,54,-2.163233929222754,MAP_SCADA,91,0.004093602413108854
0,x_tcsc,1-14,-0.11090856933726283,55,-0.12818513286485486,MAP_SCADA,91,0.017276563527592034
1,B_svc,2,0.18390305521965483,55,0.25379756329672293,MAP_SCADA,91,0.0698945080770681
2,UPFC_Vsh,5-15,1.105779728191416,55,1.1103345310958304,MAP_SCADA,91,0.004554802904414457
3,UPFC_tsh,5-15,-0.23355893281144285,55,-0.23642426888243573,MAP_SCADA,91,0.0028653360709928744
4,UPFC_Vse,5-15,0.06052711291959248,55,0.05904097727578136,MAP_SCADA,91,0.001486135643811122
5,UPFC_tse,5-15,-2.1596477295296808,55,-2.163233929222754,MAP_SCADA,91,0.0035861996930730555
0,x_tcsc,1-14,-0.11295801478895467,56,-0.12818513286485486,MAP_SCADA,91,0.015227118075900187
1,B_svc,2,0.18145367109197516,56,0.25379756329672293,MAP_SCADA,91,0.07234389220474777
2,UPFC_Vsh,5-15,1.108183062115895,56,1.1103345310958304,MAP_SCADA,91,0.002151468979935345
3,UPFC_tsh,5-15,-0.23276754175977452,56,-0.23642426888243573,MAP_SCADA,91,0.003656727122661213
4,UPFC_Vse,5-15,0.060201074271315824,56,0.05904097727578136,MAP_SCADA,91,0.0011600969955344667
5,UPFC_tse,5-15,-2.1541185297160985,56,-2.163233929222754,MAP_SCADA,91,0.009115399506655297
0,x_tcsc,1-14,-0.11331549764469787,57,-0.12818513286485486,MAP_SCADA,91,0.014869635220156996
1,B_svc,2,0.18113549787680508,57,0.25379756329672293,MAP_SCADA,91,0.07266206541991785
2,UPFC_Vsh,5-15,1.1080297025810695,57,1.1103345310958304,MAP_SCADA,91,0.0023048285147608816
3,UPFC_tsh,5-15,-0.2318175980644757,57,-0.23642426888243573,MAP_SCADA,91,0.00460667081796004
4,UPFC_Vse,5-15,0.05974123277280337,57,0.05904097727578136,MAP_SCADA,91,0.0007002554970220107
5,UPFC_tse,5-15,-2.1568552925009024,57,-2.163233929222754,MAP_SCADA,91,0.006378636721851461
0,x_tcsc,1-14,-0.11259592447870835,58,-0.12818513286485486,MAP_SCADA,91,0.01558920838614651
1,B_svc,2,0.1855124996650732,58,0.25379756329672293,MAP_SCADA,91,0.06828506363164974
2,UPFC_Vsh,5-15,1.1041639179721214,58,1.1103345310958304,MAP_SCADA,91,0.0061706131237089235
3,UPFC_tsh,5-15,-0.2337457779457213,58,-0.23642426888243573,MAP_SCADA,91,0.002678490936714434
4,UPFC_Vse,5-15,0.060641571824637475,58,0.05904097727578136,MAP_SCADA,91,0.0016005945488561171
5,UPFC_tse,5-15,-2.1560231945507224,58,-2.163233929222754,MAP_SCADA,91,0.007210734672031371
0,x_tcsc,1-14,-0.11286231559448634,59,-0.12818513286485486,MAP_SCADA,91,0.015322817270368522
1,B_svc,2,0.1817952967432671,59,0.25379756329672293,MAP_SCADA,91,0.07200226655345582
2,UPFC_Vsh,5-15,1.108691902973475,59,1.1103345310958304,MAP_SCADA,91,0.001642628122355383
3,UPFC_tsh,5-15,-0.23184199738940517,59,-0.23642426888243573,MAP_SCADA,91,0.00458227149303056
4,UPFC_Vse,5-15,0.060454713383064476,59,0.05904097727578136,MAP_SCADA,91,0.0014137361072831187
5,UPFC_tse,5-15,-2.15495703243471,59,-2.163233929222754,MAP_SCADA,91,0.008276896788043775
0,x_tcsc,1-14,-0.1125451676959699,60,-0.12818513286485486,MAP_SCADA,91,0.015639965168884967
1,B_svc,2,0.18446213206889514,60,0.25379756329672293,MAP_SCADA,91,0.06933543122782779
2,UPFC_Vsh,5-15,1.108050671247431,60,1.1103345310958304,MAP_SCADA,91,0.0022838598483994055
3,UPFC_tsh,5-15,-0.2323091987208775,60,-0.23642426888243573,MAP_SCADA,91,0.0041150701615582375
4,UPFC_Vse,5-15,0.06027242282692596,60,0.05904097727578136,MAP_SCADA,91,0.0012314455511445999
5,UPFC_tse,5-15,-2.1526136198908206,60,-2.163233929222754,MAP_SCADA,91,0.010620309331933253
0,x_tcsc,1-14,-0.11410481713499057,61,-0.12818513286485486,MAP_SCADA,91,0.01408031572986429
1,B_svc,2,0.17972519930177294,61,0.25379756329672293,MAP_SCADA,91,0.07407236399494999
2,UPFC_Vsh,5-15,1.1062344025143551,61,1.1103345310958304,MAP_SCADA,91,0.0041001285814752375
3,UPFC_tsh,5-15,-0.23187134686501007,61,-0.23642426888243573,MAP_SCADA,91,0.004552922017425659
4,UPFC_Vse,5-15,0.06071318870310169,61,0.05904097727578136,MAP_SCADA,91,0.0016722114273203317
5,UPFC_tse,5-15,-2.1542601835848503,61,-2.163233929222754,MAP_SCADA,91,0.00897374563790354
0,x_tcsc,1-14,-0.1115933269007217,62,-0.12818513286485486,MAP_SCADA,91,0.016591805964133163
1,B_svc,2,0.18400213468782292,62,0.25379756329672293,MAP_SCADA,91,0.0697954286089
2,UPFC_Vsh,5-15,1.1074571520285303,62,1.1103345310958304,MAP_SCADA,91,0.002877379067300012
3,UPFC_tsh,5-15,-0.23263168864163766,62,-0.23642426888243573,MAP_SCADA,91,0.0037925802407980658
4,UPFC_Vse,5-15,0.05996998341083485,62,0.05904097727578136,MAP_SCADA,91,0.0009290061350534923
5,UPFC_tse,5-15,-2.1600345054626127,62,-2.163233929222754,MAP_SCADA,91,0.0031994237601411513
0,x_tcsc,1-14,-0.11148815154244913,63,-0.12818513286485486,MAP_SCADA,91,0.016696981322405727
1,B_svc,2,0.18721449786679403,63,0.25379756329672293,MAP_SCADA,91,0.0665830654299289
2,UPFC_Vsh,5-15,1.1070688856726931,63,1.1103345310958304,MAP_SCADA,91,0.003265645423137231
3,UPFC_tsh,5-15,-0.23342688662212113,63,-0.23642426888243573,MAP_SCADA,91,0.002997382260314596
4,UPFC_Vse,5-15,0.05977947534148236,63,0.05904097727578136,MAP_SCADA,91,0.0007384980657010043
5,UPFC_tse,5-15,-2.1563252483151594,63,-2.163233929222754,MAP_SCADA,91,0.006908680907594444
0,x_tcsc,1-14,-0.11195724792908147,64,-0.12818513286485486,MAP_SCADA,91,0.016227884935773387
1,B_svc,2,0.18532267620046441,64,0.25379756329672293,MAP_SCADA,91,0.06847488709625851
2,UPFC_Vsh,5-15,1.1062982148266969,64,1.1103345310958304,MAP_SCADA,91,0.0040363162691334775
3,UPFC_tsh,5-15,-0.23231828006468574,64,-0.23642426888243573,MAP_SCADA,91,0.004105988817749984
4,UPFC_Vse,5-15,0.060691859349195215,64,0.05904097727578136,MAP_SCADA,91,0.0016508820734138577
5,UPFC_tse,5-15,-2.152693367047146,64,-2.163233929222754,MAP_SCADA,91,0.010540562175607615
0,x_tcsc,1-14,-0.11295515105283893,65,-0.12818513286485486,MAP_SCADA,91,0.01522998181201593
1,B_svc,2,0.18060145943688566,65,0.25379756329672293,MAP_SCADA,91,0.07319610385983727
2,UPFC_Vsh,5-15,1.1078146006483933,65,1.1103345310958304,MAP_SCADA,91,0.0025199304474370354
3,UPFC_tsh,5-15,-0.23209500185534337,65,-0.23642426888243573,MAP_SCADA,91,0.004329267027092354
4,UPFC_Vse,5-15,0.06005942127011483,65,0.05904097727578136,MAP_SCADA,91,0.0010184439943334705
5,UPFC_tse,5-15,-2.152035993257443,65,-2.163233929222754,MAP_SCADA,91,0.011197935965310712
0,x_tcsc,1-14,-0.1105648668522165,66,-0.12818513286485486,MAP_SCADA,91,0.017620266012638358
1,B_svc,2,0.1904464047979305,66,0.25379756329672293,MAP_SCADA,91,0.06335115849879241
2,UPFC_Vsh,5-15,1.108306155074037,66,1.1103345310958304,MAP_SCADA,91,0.002028376021793399
3,UPFC_tsh,5-15,-0.23257200768493028,66,-0.23642426888243573,MAP_SCADA,91,0.003852261197505452
4,UPFC_Vse,5-15,0.06025958607178324,66,0.05904097727578136,MAP_SCADA,91,0.0012186087960018854
5,UPFC_tse,5-15,-2.1546439224482006,66,-2.163233929222754,MAP_SCADA,91,0.008590006774553238
0,x_tcsc,1-14,-0.11119767728780644,67,-0.12818513286485486,MAP_SCADA,91,0.01698745557704842
1,B_svc,2,0.18569084335624564,67,0.25379756329672293,MAP_SCADA,91,0.06810671994047729
2,UPFC_Vsh,5-15,1.106366563748709,67,1.1103345310958304,MAP_SCADA,91,0.003967967347121348
3,UPFC_tsh,5-15,-0.23386903030465617,67,-0.23642426888243573,MAP_SCADA,91,0.0025552385777795616
4,UPFC_Vse,5-15,0.06056370946115216,67,0.05904097727578136,MAP_SCADA,91,0.001522732185370801
5,UPFC_tse,5-15,-2.1571921085846038,67,-2.163233929222754,MAP_SCADA,91,0.006041820638150064
0,x_tcsc,1-14,-0.11483410186228073,68,-0.12818513286485486,MAP_SCADA,91,0.013351031002574135
1,B_svc,2,0.17781365828617798,68,0.25379756329672293,MAP_SCADA,91,0.07598390501054494
2,UPFC_Vsh,5-15,1.106598391691374,68,1.1103345310958304,MAP_SCADA,91,0.0037361394044563845
3,UPFC_tsh,5-15,-0.23154604520573963,68,-0.23642426888243573,MAP_SCADA,91,0.004878223676696103
4,UPFC_Vse,5-15,0.06029084534704604,68,0.05904097727578136,MAP_SCADA,91,0.0012498680712646829
5,UPFC_tse,5-15,-2.154853142467964,68,-2.163233929222754,MAP_SCADA,91,0.008380786754790037
0,x_tcsc,1-14,-0.11173747291563595,69,-0.12818513286485486,MAP_SCADA,91,0.016447659949218915
1,B_svc,2,0.18495146124073875,69,0.25379756329672293,MAP_SCADA,91,0.06884610205598418
2,UPFC_Vsh,5-15,1.1072218108273122,69,1.1103345310958304,MAP_SCADA,91,0.0031127202685181654
3,UPFC_tsh,5-15,-0.23243266776604807,69,-0.23642426888243573,MAP_SCADA,91,0.003991601116387661
4,UPFC_Vse,5-15,0.05983529988183588,69,0.05904097727578136,MAP_SCADA,91,0.0007943226060545192
5,UPFC_tse,5-15,-2.162200479914194,69,-2.163233929222754,MAP_SCADA,91,0.001033449308559753
0,x_tcsc,1-14,-0.11161295954054895,70,-0.12818513286485486,MAP_SCADA,91,0.01657217332430591
1,B_svc,2,0.18626377458114451,70,0.25379756329672293,MAP_SCADA,91,0.06753378871557841
2,UPFC_Vsh,5-15,1.1076076388806437,70,1.1103345310958304,MAP_SCADA,91,0.002726892215186627
3,UPFC_tsh,5-15,-0.23241563686137293,70,-0.23642426888243573,MAP_SCADA,91,0.004008632021062802
4,UPFC_Vse,5-15,0.0600901778234442,70,0.05904097727578136,MAP_SCADA,91,0.0010492005476628458
5,UPFC_tse,5-15,-2.159739654223675,70,-2.163233929222754,MAP_SCADA,91,0.00349427499907895
0,x_tcsc,1-14,-0.11023236043321037,71,-0.12818513286485486,MAP_SCADA,91,0.01795277243164449
1,B_svc,2,0.18490639389636032,71,0.25379756329672293,MAP_SCADA,91,0.0688911694003626
2,UPFC_Vsh,5-15,1.1080515269839228,71,1.1103345310958304,MAP_SCADA,91,0.002283004111907516
3,UPFC_tsh,5-15,-0.23367155568450076,71,-0.23642426888243573,MAP_SCADA,91,0.002752713197934964
4,UPFC_Vse,5-15,0.05956459850884551,71,0.05904097727578136,MAP_SCADA,91,0.0005236212330641532
5,UPFC_tse,5-15,-2.1603199827972,71,-2.163233929222754,MAP_SCADA,91,0.0029139464255538705
0,x_tcsc,1-14,-0.11481364685907605,72,-0.12818513286485486,MAP_SCADA,91,0.01337148600577881
1,B_svc,2,0.1740477843073324,72,0.25379756329672293,MAP_SCADA,91,0.07974977898939054
2,UPFC_Vsh,5-15,1.1093478133268266,72,1.1103345310958304,MAP_SCADA,91,0.0009867177690037199
3,UPFC_tsh,5-15,-0.23031014743099787,72,-0.23642426888243573,MAP_SCADA,91,0.0061141214514378595
4,UPFC_Vse,5-15,0.060376298368476404,72,0.05904097727578136,MAP_SCADA,91,0.0013353210926950465
5,UPFC_tse,5-15,-2.152526010071022,72,-2.163233929222754,MAP_SCADA,91,0.010707919151731637
0,x_tcsc,1-14,-0.11119939553174198,73,-0.12818513286485486,MAP_SCADA,91,0.016985737333112885
1,B_svc,2,0.18238211869777293,73,0.25379756329672293,MAP_SCADA,91,0.07141544459895
2,UPFC_Vsh,5-15,1.1078410496521713,73,1.1103345310958304,MAP_SCADA,91,0.002493481443659018
3,UPFC_tsh,5-15,-0.23244182663890925,73,-0.23642426888243573,MAP_SCADA,91,0.0039824422435264795
4,UPFC_Vse,5-15,0.060123430715658725,73,0.05904097727578136,MAP_SCADA,91,0.0010824534398773678
5,UPFC_tse,5-15,-2.154635166458868,73,-2.163233929222754,MAP_SCADA,91,0.008598762763885937
0,x_tcsc,1-14,-0.11245131488496514,74,-0.12818513286485486,MAP_SCADA,91,0.015733817979889722
1,B_svc,2,0.18306689732739356,74,0.25379756329672293,MAP_SCADA,91,0.07073066596932936
2,UPFC_Vsh,5-15,1.1060877669311164,74,1.1103345310958304,MAP_SCADA,91,0.004246764164713923
3,UPFC_tsh,5-15,-0.23225569221922024,74,-0.23642426888243573,MAP_SCADA,91,0.00416857666321549
4,UPFC_Vse,5-15,0.06060816821702223,74,0.05904097727578136,MAP_SCADA,91,0.001567190941240873
5,UPFC_tse,5-15,-2.1530639197953803,74,-2.163233929222754,MAP_SCADA,91,0.01017000942737356
0,x_tcsc,1-14,-0.11266851956063793,75,-0.12818513286485486,MAP_SCADA,91,0.015516613304216928
1,B_svc,2,0.17942389982839835,75,0.25379756329672293,MAP_SCADA,91,0.07437366346832458
2,UPFC_Vsh,5-15,1.1060512896544898,75,1.1103345310958304,MAP_SCADA,91,0.004283241441340513
3,UPFC_tsh,5-15,-0.2321833929982741,75,-0.23642426888243573,MAP_SCADA,91,0.004240875884161638
4,UPFC_Vse,5-15,0.0603953238342974,75,0.05904097727578136,MAP_SCADA,91,0.0013543465585160452
5,UPFC_tse,5-15,-2.156912981216897,75,-2.163233929222754,MAP_SCADA,91,0.00632094800585703
0,x_tcsc,1-14,-0.11320542384235198,76,-0.12818513286485486,MAP_SCADA,91,0.014979709022502882
1,B_svc,2,0.17986454173726527,76,0.25379756329672293,MAP_SCADA,91,0.07393302155945766
2,UPFC_Vsh,5-15,1.107140576441596,76,1.1103345310958304,MAP_SCADA,91,0.0031939546542343322
3,UPFC_tsh,5-15,-0.2321309439923157,76,-0.23642426888243573,MAP_SCADA,91,0.0042933248901200205
4,UPFC_Vse,5-15,0.06060513321190883,76,0.05904097727578136,MAP_SCADA,91,0.0015641559361274718
5,UPFC_tse,5-15,-2.154545901987454,76,-2.163233929222754,MAP_SCADA,91,0.0086880272352996
0,x_tcsc,1-14,-0.11027983805247656,77,-0.12818513286485486,MAP_SCADA,91,0.017905294812378306
1,B_svc,2,0.19039840003568215,77,0.25379756329672293,MAP_SCADA,91,0.06339916326104078
2,UPFC_Vsh,5-15,1.1060914983424281,77,1.1103345310958304,MAP_SCADA,91,0.004243032753402209
3,UPFC_tsh,5-15,-0.23354511247093693,77,-0.23642426888243573,MAP_SCADA,91,0.002879156411498801
4,UPFC_Vse,5-15,0.06064689698951932,77,0.05904097727578136,MAP_SCADA,91,0.0016059197137379619
5,UPFC_tse,5-15,-2.163946771282591,77,-2.163233929222754,MAP_SCADA,91,0.0007128420598370155
0,x_tcsc,1-14,-0.11238909219532701,78,-0.12818513286485486,MAP_SCADA,91,0.015796040669527847
1,B_svc,2,0.18583281855938802,78,0.25379756329672293,MAP_SCADA,91,0.06796474473733491
2,UPFC_Vsh,5-15,1.1047114060882188,78,1.1103345310958304,MAP_SCADA,91,0.005623125007611529
3,UPFC_tsh,5-15,-0.23331161314458537,78,-0.23642426888243573,MAP_SCADA,91,0.003112655737850356
4,UPFC_Vse,5-15,0.060731876001881645,78,0.05904097727578136,MAP_SCADA,91,0.0016908987261002872
5,UPFC_tse,5-15,-2.1574975209251144,78,-2.163233929222754,MAP_SCADA,91,0.005736408297639439
0,x_tcsc,1-14,-0.11227674867262306,79,-0.12818513286485486,MAP_SCADA,91,0.015908384192231798
1,B_svc,2,0.17798850759682364,79,0.25379756329672293,MAP_SCADA,91,0.07580905569989929
2,UPFC_Vsh,5-15,1.1091646776389321,79,1.1103345310958304,MAP_SCADA,91,0.00116985345689824
3,UPFC_tsh,5-15,-0.2318079257618266,79,-0.23642426888243573,MAP_SCADA,91,0.004616343120609129
4,UPFC_Vse,5-15,0.0602518094619551,79,0.05904097727578136,MAP_SCADA,91,0.001210832186173745
5,UPFC_tse,5-15,-2.1581915717638798,79,-2.163233929222754,MAP_SCADA,91,0.005042357458874047
0,x_tcsc,1-14,-0.1103069614975914,80,-0.12818513286485486,MAP_SCADA,91,0.017878171367263468
1,B_svc,2,0.1855188842432045,80,0.25379756329672293,MAP_SCADA,91,0.06827867905351842
2,UPFC_Vsh,5-15,1.1082246409705168,80,1.1103345310958304,MAP_SCADA,91,0.002109890125313596
3,UPFC_tsh,5-15,-0.23237219805571732,80,-0.23642426888243573,MAP_SCADA,91,0.004052070826718407
4,UPFC_Vse,5-15,0.06017729077889988,80,0.05904097727578136,MAP_SCADA,91,0.001136313503118526
5,UPFC_tse,5-15,-2.1579965052878802,80,-2.163233929222754,MAP_SCADA,91,0.005237423934873586
0,x_tcsc,1-14,-0.11484420222689054,81,-0.12818513286485486,MAP_SCADA,91,0.013340930637964321
1,B_svc,2,0.17324317502602474,81,0.25379756329672293,MAP_SCADA,91,0.08055438827069819
2,UPFC_Vsh,5-15,1.107767203557404,81,1.1103345310958304,MAP_SCADA,91,0.002567327538426367
3,UPFC_tsh,5-15,-0.23072723953847235,81,-0.23642426888243573,MAP_SCADA,91,0.005697029343963378
4,UPFC_Vse,5-15,0.060976563935023265,81,0.05904097727578136,MAP_SCADA,91,0.0019355866592419071
5,UPFC_tse,5-15,-2.149647198018337,81,-2.163233929222754,MAP_SCADA,91,0.013586731204416669
0,x_tcsc,1-14,-0.11180805607061052,82,-0.12818513286485486,MAP_SCADA,91,0.01637707679424434
1,B_svc,2,0.18178182354392003,82,0.25379756329672293,MAP_SCADA,91,0.0720157397528029
2,UPFC_Vsh,5-15,1.1089313718683742,82,1.1103345310958304,MAP_SCADA,91,0.0014031592274561522
3,UPFC_tsh,5-15,-0.2325040165114551,82,-0.23642426888243573,MAP_SCADA,91,0.00392025237098062
4,UPFC_Vse,5-15,0.059750170374855985,82,0.05904097727578136,MAP_SCADA,91,0.0007091930990746273
5,UPFC_tse,5-15,-2.157267769739594,82,-2.163233929222754,MAP_SCADA,91,0.005966159483159927
0,x_tcsc,1-14,-0.11196594835243269,83,-0.12818513286485486,MAP_SCADA,91,0.016219184512422172
1,B_svc,2,0.18358007288343284,83,0.25379756329672293,MAP_SCADA,91,0.07021749041329009
2,UPFC_Vsh,5-15,1.1066161622964277,83,1.1103345310958304,MAP_SCADA,91,0.0037183687994026826
3,UPFC_tsh,5-15,-0.2338622644581635,83,-0.23642426888243573,MAP_SCADA,91,0.002562004424272235
4,UPFC_Vse,5-15,0.060341497574501454,83,0.05904097727578136,MAP_SCADA,91,0.0013005202987200967
5,UPFC_tse,5-15,-2.1576262979870653,83,-2.163233929222754,MAP_SCADA,91,0.005607631235688526
0,x_tcsc,1-14,-0.11242372645679247,84,-0.12818513286485486,MAP_SCADA,91,0.015761406408062395
1,B_svc,2,0.181063038342786,84,0.25379756329672293,MAP_SCADA,91,0.07273452495393692
2,UPFC_Vsh,5-15,1.1081734188444792,84,1.1103345310958304,MAP_SCADA,91,0.0021611122513511827
3,UPFC_tsh,5-15,-0.23205042242021406,84,-0.23642426888243573,MAP_SCADA,91,0.004373846462221664
4,UPFC_Vse,5-15,0.060297588621276065,84,0.05904097727578136,MAP_SCADA,91,0.001256611345494707
5,UPFC_tse,5-15,-2.1552974337286637,84,-2.163233929222754,MAP_SCADA,91,0.007936495494090146
0,x_tcsc,1-14,-0.11184343666634057,85,-0.12818513286485486,MAP_SCADA,91,0.01634169619851429
1,B_svc,2,0.18561959631485753,85,0.25379756329672293,MAP_SCADA,91,0.0681779669818654
2,UPFC_Vsh,5-15,1.1067012175816726,85,1.1103345310958304,MAP_SCADA,91,0.0036333135141577433
3,UPFC_tsh,5-15,-0.23200039920807386,85,-0.23642426888243573,MAP_SCADA,91,0.004423869674361869
4,UPFC_Vse,5-15,0.060508485515277884,85,0.05904097727578136,MAP_SCADA,91,0.001467508239496526
5,UPFC_tse,5-15,-2.156137188259973,85,-2.163233929222754,MAP_SCADA,91,0.007096740962780679
0,x_tcsc,1-14,-0.11364135301624523,86,-0.12818513286485486,MAP_SCADA,91,0.014543779848609634
1,B_svc,2,0.1821219783944858,86,0.25379756329672293,MAP_SCADA,91,0.07167558490223713
2,UPFC_Vsh,5-15,1.107820798130156,86,1.1103345310958304,MAP_SCADA,91,0.0025137329656743646
3,UPFC_tsh,5-15,-0.2322128959487655,86,-0.23642426888243573,MAP_SCADA,91,0.0042113729336702155
4,UPFC_Vse,5-15,0.060660300434416836,86,0.05904097727578136,MAP_SCADA,91,0.0016193231586354787
5,UPFC_tse,5-15,-2.1513489737161597,86,-2.163233929222754,MAP_SCADA,91,0.011884955506594075
0,x_tcsc,1-14,-0.11243275414694069,87,-0.12818513286485486,MAP_SCADA,91,0.01575237871791417
1,B_svc,2,0.18119025313673967,87,0.25379756329672293,MAP_SCADA,91,0.07260731015998326
2,UPFC_Vsh,5-15,1.1088940270782162,87,1.1103345310958304,MAP_SCADA,91,0.001440504017614197
3,UPFC_tsh,5-15,-0.2316124266592611,87,-0.23642426888243573,MAP_SCADA,91,0.004811842223174628
4,UPFC_Vse,5-15,0.060193264965839675,87,0.05904097727578136,MAP_SCADA,91,0.0011522876900583179
5,UPFC_tse,5-15,-2.1547446105680494,87,-2.163233929222754,MAP_SCADA,91,0.00848931865470437
0,x_tcsc,1-14,-0.1117050885844963,88,-0.12818513286485486,MAP_SCADA,91,0.016480044280358555
1,B_svc,2,0.18225177768878625,88,0.25379756329672293,MAP_SCADA,91,0.07154578560793667
2,UPFC_Vsh,5-15,1.1091187232902788,88,1.1103345310958304,MAP_SCADA,91,0.0012158078055515276
3,UPFC_tsh,5-15,-0.23202232715977783,88,-0.23642426888243573,MAP_SCADA,91,0.004401941722657898
4,UPFC_Vse,5-15,0.060376671714547456,88,0.05904097727578136,MAP_SCADA,91,0.0013356944387660982
5,UPFC_tse,5-15,-2.162073760045472,88,-2.163233929222754,MAP_SCADA,91,0.001160169177282011
0,x_tcsc,1-14,-0.11379815943239346,89,-0.12818513286485486,MAP_SCADA,91,0.014386973432461397
1,B_svc,2,0.1805462804774064,89,0.25379756329672293,MAP_SCADA,91,0.07325128281931653
2,UPFC_Vsh,5-15,1.1080653754934764,89,1.1103345310958304,MAP_SCADA,91,0.002269155602353967
3,UPFC_tsh,5-15,-0.2315678341219605,89,-0.23642426888243573,MAP_SCADA,91,0.004856434760475231
4,UPFC_Vse,5-15,0.060031095941406064,89,0.05904097727578136,MAP_SCADA,91,0.0009901186656247063
5,UPFC_tse,5-15,-2.159275756025949,89,-2.163233929222754,MAP_SCADA,91,0.003958173196804804
0,x_tcsc,1-14,-0.11269324663045342,90,-0.12818513286485486,MAP_SCADA,91,0.015491886234401439
1,B_svc,2,0.1821197549092243,90,0.25379756329672293,MAP_SCADA,91,0.07167780838749863
2,UPFC_Vsh,5-15,1.1062962965124052,90,1.1103345310958304,MAP_SCADA,91,0.004038234583425115
3,UPFC_tsh,5-15,-0.23417220359261745,90,-0.23642426888243573,MAP_SCADA,91,0.002252065289818278
4,UPFC_Vse,5-15,0.060051107680717156,90,0.05904097727578136,MAP_SCADA,91,0.0010101304049357981
5,UPFC_tse,5-15,-2.157194858291217,90,-2.163233929222754,MAP_SCADA,91,0.006039070931536994
0,x_tcsc,1-14,-0.11164315453934559,91,-0.12818513286485486,MAP_SCADA,91,0.01654197832550927
1,B_svc,2,0.18654973269484112,91,0.25379756329672293,MAP_SCADA,91,0.0672478306018818
2,UPFC_Vsh,5-15,1.1068988496328513,91,1.1103345310958304,MAP_SCADA,91,0.0034356814629790122
3,UPFC_tsh,5-15,-0.23361650316009025,91,-0.23642426888243573,MAP_SCADA,91,0.002807765722345479
4,UPFC_Vse,5-15,0.060603644534026314,91,0.05904097727578136,MAP_SCADA,91,0.0015626672582449569
5,UPFC_tse,5-15,-2.1555270160668036,91,-2.163233929222754,MAP_SCADA,91,0.007706913155950179
0,x_tcsc,1-14,-0.11320362379910998,92,-0.12818513286485486,MAP_SCADA,91,0.014981509065744886
1,B_svc,2,0.1817882088694763,92,0.25379756329672293,MAP_SCADA,91,0.07200935442724662
2,UPFC_Vsh,5-15,1.1076439408886294,92,1.1103345310958304,MAP_SCADA,91,0.0026905902072009713
3,UPFC_tsh,5-15,-0.23202215347050792,92,-0.23642426888243573,MAP_SCADA,91,0.004402115411927809
4,UPFC_Vse,5-15,0.06037604036313058,92,0.05904097727578136,MAP_SCADA,91,0.0013350630873492225
5,UPFC_tse,5-15,-2.158383119696829,92,-2.163233929222754,MAP_SCADA,91,0.00485080952592476
0,x_tcsc,1-14,-0.10898873491513596,93,-0.12818513286485486,MAP_SCADA,91,0.019196397949718905
1,B_svc,2,0.19068847968051864,93,0.25379756329672293,MAP_SCADA,91,0.06310908361620429
2,UPFC_Vsh,5-15,1.1066670030248402,93,1.1103345310958304,MAP_SCADA,91,0.0036675280709901337
3,UPFC_tsh,5-15,-0.23438533687847693,93,-0.23642426888243573,MAP_SCADA,91,0.002038932003958799
4,UPFC_Vse,5-15,0.06075473700274517,93,0.05904097727578136,MAP_SCADA,91,0.0017137597269638108
5,UPFC_tse,5-15,-2.1592122319698612,93,-2.163233929222754,MAP_SCADA,91,0.0040216972528925865
0,x_tcsc,1-14,-0.11178711151202753,94,-0.12818513286485486,MAP_SCADA,91,0.016398021352827336
1,B_svc,2,0.1862241898982063,94,0.25379756329672293,MAP_SCADA,91,0.06757337339851663
2,UPFC_Vsh,5-15,1.1073746068132924,94,1.1103345310958304,MAP_SCADA,91,0.0029599242825379957
3,UPFC_tsh,5-15,-0.23271118962076062,94,-0.23642426888243573,MAP_SCADA,91,0.0037130792616751063
4,UPFC_Vse,5-15,0.05974367351699315,94,0.05904097727578136,MAP_SCADA,91,0.0007026962412117893
5,UPFC_tse,5-15,-2.1591837303616974,94,-2.163233929222754,MAP_SCADA,91,0.004050198861056398
0,x_tcsc,1-14,-0.11281811211419954,95,-0.12818513286485486,MAP_SCADA,91,0.015367020750655325
1,B_svc,2,0.1798423535605849,95,0.25379756329672293,MAP_SCADA,91,0.07395520973613803
2,UPFC_Vsh,5-15,1.1107640975000732,95,1.1103345310958304,MAP_SCADA,91,0.00042956640424285375
3,UPFC_tsh,5-15,-0.23130359362426886,95,-0.23642426888243573,MAP_SCADA,91,0.005120675258166868
4,UPFC_Vse,5-15,0.060407635714608096,95,0.05904097727578136,MAP_SCADA,91,0.0013666584388267386
5,UPFC_tse,5-15,-2.15105994964005,95,-2.163233929222754,MAP_SCADA,91,0.012173979582703609
0,x_tcsc,1-14,-0.11195570137059803,96,-0.12818513286485486,MAP_SCADA,91,0.016229431494256832
1,B_svc,2,0.18764742666765016,96,0.25379756329672293,MAP_SCADA,91,0.06615013662907276
2,UPFC_Vsh,5-15,1.109255661757014,96,1.1103345310958304,MAP_SCADA,91,0.0010788693388164017
3,UPFC_tsh,5-15,-0.23200538249675867,96,-0.23642426888243573,MAP_SCADA,91,0.004418886385677057
4,UPFC_Vse,5-15,0.06062835131201776,96,0.05904097727578136,MAP_SCADA,91,0.0015873740362364053
5,UPFC_tse,5-15,-2.1573787027016547,96,-2.163233929222754,MAP_SCADA,91,0.005855226521099155
0,x_tcsc,1-14,-0.11174140659467031,97,-0.12818513286485486,MAP_SCADA,91,0.016443726270184547
1,B_svc,2,0.18426488750022654,97,0.25379756329672293,MAP_SCADA,91,0.06953267579649638
2,UPFC_Vsh,5-15,1.108756821574409,97,1.1103345310958304,MAP_SCADA,91,0.0015777095214213332
3,UPFC_tsh,5-15,-0.23306784874770028,97,-0.23642426888243573,MAP_SCADA,91,0.003356420134735444
4,UPFC_Vse,5-15,0.059787575256518455,97,0.05904097727578136,MAP_SCADA,91,0.0007465979807370973
5,UPFC_tse,5-15,-2.1580555421623253,97,-2.163233929222754,MAP_SCADA,91,0.005178387060428502
0,x_tcsc,1-14,-0.11246565688486991,98,-0.12818513286485486,MAP_SCADA,91,0.01571947597998495
1,B_svc,2,0.18285318023999722,98,0.25379756329672293,MAP_SCADA,91,0.07094438305672571
2,UPFC_Vsh,5-15,1.109484306840395,98,1.1103345310958304,MAP_SCADA,91,0.0008502242554353501
3,UPFC_tsh,5-15,-0.23208286556886998,98,-0.23642426888243573,MAP_SCADA,91,0.00434140331356575
4,UPFC_Vse,5-15,0.0605315567883521,98,0.05904097727578136,MAP_SCADA,91,0.0014905795125707416
5,UPFC_tse,5-15,-2.1553071214667407,98,-2.163233929222754,MAP_SCADA,91,0.007926807756013066
0,x_tcsc,1-14,-0.1137018084065269,99,-0.12818513286485486,MAP_SCADA,91,0.014483324458327965
1,B_svc,2,0.17857495229728937,99,0.25379756329672293,MAP_SCADA,91,0.07522261099943356
2,UPFC_Vsh,5-15,1.1088238971653452,99,1.1103345310958304,MAP_SCADA,91,0.0015106339304851168
3,UPFC_tsh,5-15,-0.23186387590410268,99,-0.23642426888243573,MAP_SCADA,91,0.00456039297833305
4,UPFC_Vse,5-15,0.06031676127760777,99,0.05904097727578136,MAP_SCADA,91,0.0012757840018264091
5,UPFC_tse,5-15,-2.153187140622384,99,-2.163233929222754,MAP_SCADA,91,0.010046788600369894
0,x_tcsc,1-14,-0.1089531511781327,0,-0.1287438860906417,MAP_SCADA,93,0.01979073491250899
1,B_svc,2,0.1897935387956435,0,0.2549623147102216,MAP_SCADA,93,0.06516877591457812
2,UPFC_Vsh,5-15,1.1087431100620921,0,1.1096338312405822,MAP_SCADA,93,0.0008907211784900948
3,UPFC_tsh,5-15,-0.23330975381613128,0,-0.23592061381037074,MAP_SCADA,93,0.0026108599942394617
4,UPFC_Vse,5-15,0.059910786553985726,0,0.05929998376082983,MAP_SCADA,93,0.0006108027931558957
5,UPFC_tse,5-15,-2.1617541252362744,0,-2.1655459086518336,MAP_SCADA,93,0.003791783415559191
0,x_tcsc,1-14,-0.111586134031699,1,-0.1287438860906417,MAP_SCADA,93,0.017157752058942696
1,B_svc,2,0.18277825912481013,1,0.2549623147102216,MAP_SCADA,93,0.0721840555854115
2,UPFC_Vsh,5-15,1.1082234287991541,1,1.1096338312405822,MAP_SCADA,93,0.0014104024414280936
3,UPFC_tsh,5-15,-0.23190643054264615,1,-0.23592061381037074,MAP_SCADA,93,0.004014183267724597
4,UPFC_Vse,5-15,0.06059477305551764,1,0.05929998376082983,MAP_SCADA,93,0.0012947892946878065
5,UPFC_tse,5-15,-2.1540585190564276,1,-2.1655459086518336,MAP_SCADA,93,0.011487389595405961
0,x_tcsc,1-14,-0.11211395804478234,2,-0.1287438860906417,MAP_SCADA,93,0.016629928045859346
1,B_svc,2,0.1868625727668949,2,0.2549623147102216,MAP_SCADA,93,0.06809974194332671
2,UPFC_Vsh,5-15,1.1067411309471762,2,1.1096338312405822,MAP_SCADA,93,0.0028927002934060475
3,UPFC_tsh,5-15,-0.2331739941656229,2,-0.23592061381037074,MAP_SCADA,93,0.002746619644747844
4,UPFC_Vse,5-15,0.0609363740875178,2,0.05929998376082983,MAP_SCADA,93,0.0016363903266879698
5,UPFC_tse,5-15,-2.152871154024673,2,-2.1655459086518336,MAP_SCADA,93,0.01267475462716039
0,x_tcsc,1-14,-0.11285742257812492,3,-0.1287438860906417,MAP_SCADA,93,0.01588646351251677
1,B_svc,2,0.18539429171333982,3,0.2549623147102216,MAP_SCADA,93,0.0695680229968818
2,UPFC_Vsh,5-15,1.1081386969229026,3,1.1096338312405822,MAP_SCADA,93,0.0014951343176796694
3,UPFC_tsh,5-15,-0.2324863078339946,3,-0.23592061381037074,MAP_SCADA,93,0.003434305976376145
4,UPFC_Vse,5-15,0.06048900561970597,3,0.05929998376082983,MAP_SCADA,93,0.0011890218588761423
5,UPFC_tse,5-15,-2.1551872012743307,3,-2.1655459086518336,MAP_SCADA,93,0.010358707377502885
0,x_tcsc,1-14,-0.11231476988244248,4,-0.1287438860906417,MAP_SCADA,93,0.016429116208199215
1,B_svc,2,0.18572521980578321,4,0.2549623147102216,MAP_SCADA,93,0.06923709490443841
2,UPFC_Vsh,5-15,1.1056512600233495,4,1.1096338312405822,MAP_SCADA,93,0.003982571217232778
3,UPFC_tsh,5-15,-0.2338904834461942,4,-0.23592061381037074,MAP_SCADA,93,0.002030130364176541
4,UPFC_Vse,5-15,0.060121854908355796,4,0.05929998376082983,MAP_SCADA,93,0.0008218711475259655
5,UPFC_tse,5-15,-2.1592578402365357,4,-2.1655459086518336,MAP_SCADA,93,0.006288068415297943
0,x_tcsc,1-14,-0.11178525041785418,5,-0.1287438860906417,MAP_SCADA,93,0.016958635672787506
1,B_svc,2,0.18343692280570392,5,0.2549623147102216,MAP_SCADA,93,0.0715253919045177
2,UPFC_Vsh,5-15,1.109880077816995,5,1.1096338312405822,MAP_SCADA,93,0.0002462465764128119
3,UPFC_tsh,5-15,-0.2309144059831098,5,-0.23592061381037074,MAP_SCADA,93,0.005006207827260939
4,UPFC_Vse,5-15,0.0603194722178149,5,0.05929998376082983,MAP_SCADA,93,0.0010194884569850668
5,UPFC_tse,5-15,-2.155318859766885,5,-2.1655459086518336,MAP_SCADA,93,0.01022704888494852
0,x_tcsc,1-14,-0.11333459791028293,6,-0.1287438860906417,MAP_SCADA,93,0.015409288180358763
1,B_svc,2,0.18041966252582461,6,0.2549623147102216,MAP_SCADA,93,0.07454265218439701
2,UPFC_Vsh,5-15,1.1072648590523495,6,1.1096338312405822,MAP_SCADA,93,0.002368972188232732
3,UPFC_tsh,5-15,-0.23253037627372858,6,-0.23592061381037074,MAP_SCADA,93,0.0033902375366421655
4,UPFC_Vse,5-15,0.0600837156301815,6,0.05929998376082983,MAP_SCADA,93,0.0007837318693516698
5,UPFC_tse,5-15,-2.1559922176239676,6,-2.1655459086518336,MAP_SCADA,93,0.009553691027865963
0,x_tcsc,1-14,-0.11436276256544746,7,-0.1287438860906417,MAP_SCADA,93,0.014381123525194231
1,B_svc,2,0.17578589143797024,7,0.2549623147102216,MAP_SCADA,93,0.07917642327225138
2,UPFC_Vsh,5-15,1.1090257321918613,7,1.1096338312405822,MAP_SCADA,93,0.0006080990487209448
3,UPFC_tsh,5-15,-0.230752004160547,7,-0.23592061381037074,MAP_SCADA,93,0.005168609649823741
4,UPFC_Vse,5-15,0.06009782334247497,7,0.05929998376082983,MAP_SCADA,93,0.0007978395816451364
5,UPFC_tse,5-15,-2.1532896030355704,7,-2.1655459086518336,MAP_SCADA,93,0.01225630561626323
0,x_tcsc,1-14,-0.11346472153441553,8,-0.1287438860906417,MAP_SCADA,93,0.01527916455622616
1,B_svc,2,0.18048286210943015,8,0.2549623147102216,MAP_SCADA,93,0.07447945260079147
2,UPFC_Vsh,5-15,1.108480483695338,8,1.1096338312405822,MAP_SCADA,93,0.001153347545244321
3,UPFC_tsh,5-15,-0.23109403596665595,8,-0.23592061381037074,MAP_SCADA,93,0.004826577843714791
4,UPFC_Vse,5-15,0.05989475052534988,8,0.05929998376082983,MAP_SCADA,93,0.000594766764520048
5,UPFC_tse,5-15,-2.153008952867411,8,-2.1655459086518336,MAP_SCADA,93,0.012536955784422599
0,x_tcsc,1-14,-0.11177440719091994,9,-0.1287438860906417,MAP_SCADA,93,0.01696947889972175
1,B_svc,2,0.18671012434317674,9,0.2549623147102216,MAP_SCADA,93,0.06825219036704488
2,UPFC_Vsh,5-15,1.1037795807258335,9,1.1096338312405822,MAP_SCADA,93,0.005854250514748749
3,UPFC_tsh,5-15,-0.23448940288511175,9,-0.23592061381037074,MAP_SCADA,93,0.0014312109252589966
4,UPFC_Vse,5-15,0.06104008593960212,9,0.05929998376082983,MAP_SCADA,93,0.001740102178772289
5,UPFC_tse,5-15,-2.1543496412886083,9,-2.1655459086518336,MAP_SCADA,93,0.01119626736322532
0,x_tcsc,1-14,-0.11194494997492009,10,-0.1287438860906417,MAP_SCADA,93,0.0167989361157216
1,B_svc,2,0.18561780207658218,10,0.2549623147102216,MAP_SCADA,93,0.06934451263363944
2,UPFC_Vsh,5-15,1.1077955580647714,10,1.1096338312405822,MAP_SCADA,93,0.0018382731758108672
3,UPFC_tsh,5-15,-0.23357350457639295,10,-0.23592061381037074,MAP_SCADA,93,0.0023471092339777955
4,UPFC_Vse,5-15,0.06104911978819504,10,0.05929998376082983,MAP_SCADA,93,0.0017491360273652126
5,UPFC_tse,5-15,-2.1542087215643924,10,-2.1655459086518336,MAP_SCADA,93,0.011337187087441247
0,x_tcsc,1-14,-0.11144691933862402,11,-0.1287438860906417,MAP_SCADA,93,0.017296966752017667
1,B_svc,2,0.18733135995158337,11,0.2549623147102216,MAP_SCADA,93,0.06763095475863826
2,UPFC_Vsh,5-15,1.106233756598256,11,1.1096338312405822,MAP_SCADA,93,0.0034000746423261674
3,UPFC_tsh,5-15,-0.23400144609007603,11,-0.23592061381037074,MAP_SCADA,93,0.0019191677202947122
4,UPFC_Vse,5-15,0.06022611964382545,11,0.05929998376082983,MAP_SCADA,93,0.0009261358829956226
5,UPFC_tse,5-15,-2.15561983957537,11,-2.1655459086518336,MAP_SCADA,93,0.009926069076463762
0,x_tcsc,1-14,-0.11335974657529489,12,-0.1287438860906417,MAP_SCADA,93,0.015384139515346798
1,B_svc,2,0.18052980160149132,12,0.2549623147102216,MAP_SCADA,93,0.07443251310873031
2,UPFC_Vsh,5-15,1.1072101395226248,12,1.1096338312405822,MAP_SCADA,93,0.0024236917179574213
3,UPFC_tsh,5-15,-0.23235149981375186,12,-0.23592061381037074,MAP_SCADA,93,0.0035691139966188834
4,UPFC_Vse,5-15,0.06105168575186966,12,0.05929998376082983,MAP_SCADA,93,0.001751701991039828
5,UPFC_tse,5-15,-2.1503334819797124,12,-2.1655459086518336,MAP_SCADA,93,0.015212426672121193
0,x_tcsc,1-14,-0.11211623931164033,13,-0.1287438860906417,MAP_SCADA,93,0.01662764677900136
1,B_svc,2,0.18705823005723368,13,0.2549623147102216,MAP_SCADA,93,0.06790408465298794
2,UPFC_Vsh,5-15,1.1059065780904005,13,1.1096338312405822,MAP_SCADA,93,0.003727253150181742
3,UPFC_tsh,5-15,-0.23398759186968957,13,-0.23592061381037074,MAP_SCADA,93,0.0019330219406811788
4,UPFC_Vse,5-15,0.06032973274826177,13,0.05929998376082983,MAP_SCADA,93,0.0010297489874319388
5,UPFC_tse,5-15,-2.1569813122485124,13,-2.1655459086518336,MAP_SCADA,93,0.00856459640332119
0,x_tcsc,1-14,-0.1137714289763915,14,-0.1287438860906417,MAP_SCADA,93,0.014972457114250187
1,B_svc,2,0.1830696590076973,14,0.2549623147102216,MAP_SCADA,93,0.07189265570252432
2,UPFC_Vsh,5-15,1.1082720687885226,14,1.1096338312405822,MAP_SCADA,93,0.001361762452059656
3,UPFC_tsh,5-15,-0.23205392329338764,14,-0.23592061381037074,MAP_SCADA,93,0.003866690516983101
4,UPFC_Vse,5-15,0.060411104500337556,14,0.05929998376082983,MAP_SCADA,93,0.001111120739507726
5,UPFC_tse,5-15,-2.1558802644963175,14,-2.1655459086518336,MAP_SCADA,93,0.009665644155516073
0,x_tcsc,1-14,-0.11331493961116607,15,-0.1287438860906417,MAP_SCADA,93,0.015428946479475625
1,B_svc,2,0.1800813984044449,15,0.2549623147102216,MAP_SCADA,93,0.07488091630577673
2,UPFC_Vsh,5-15,1.107314408698073,15,1.1096338312405822,MAP_SCADA,93,0.002319422542509164
3,UPFC_tsh,5-15,-0.23205643090968373,15,-0.23592061381037074,MAP_SCADA,93,0.0038641829006870188
4,UPFC_Vse,5-15,0.059873090964751116,15,0.05929998376082983,MAP_SCADA,93,0.0005731072039212859
5,UPFC_tse,5-15,-2.155007128440672,15,-2.1655459086518336,MAP_SCADA,93,0.010538780211161392
0,x_tcsc,1-14,-0.1122306884762184,16,-0.1287438860906417,MAP_SCADA,93,0.016513197614423297
1,B_svc,2,0.18775249902392893,16,0.2549623147102216,MAP_SCADA,93,0.0672098156862927
2,UPFC_Vsh,5-15,1.1049647892610377,16,1.1096338312405822,MAP_SCADA,93,0.0046690419795445415
3,UPFC_tsh,5-15,-0.2330079098466535,16,-0.23592061381037074,MAP_SCADA,93,0.0029127039637172336
4,UPFC_Vse,5-15,0.06113724250918414,16,0.05929998376082983,MAP_SCADA,93,0.0018372587483543104
5,UPFC_tse,5-15,-2.157423881875138,16,-2.1655459086518336,MAP_SCADA,93,0.008122026776695712
0,x_tcsc,1-14,-0.11263036020353481,17,-0.1287438860906417,MAP_SCADA,93,0.016113525887106878
1,B_svc,2,0.1817837233928617,17,0.2549623147102216,MAP_SCADA,93,0.07317859131735993
2,UPFC_Vsh,5-15,1.1084114438149966,17,1.1096338312405822,MAP_SCADA,93,0.0012223874255856693
3,UPFC_tsh,5-15,-0.23144867598779334,17,-0.23592061381037074,MAP_SCADA,93,0.004471937822577404
4,UPFC_Vse,5-15,0.060318116756721364,17,0.05929998376082983,MAP_SCADA,93,0.0010181329958915339
5,UPFC_tse,5-15,-2.153541067371644,17,-2.1655459086518336,MAP_SCADA,93,0.012004841280189638
0,x_tcsc,1-14,-0.1123168833646532,18,-0.1287438860906417,MAP_SCADA,93,0.016427002725988488
1,B_svc,2,0.18114343012589246,18,0.2549623147102216,MAP_SCADA,93,0.07381888458432917
2,UPFC_Vsh,5-15,1.108076754568016,18,1.1096338312405822,MAP_SCADA,93,0.0015570766725663265
3,UPFC_tsh,5-15,-0.2320082068359299,18,-0.23592061381037074,MAP_SCADA,93,0.003912406974440841
4,UPFC_Vse,5-15,0.06041732067962146,18,0.05929998376082983,MAP_SCADA,93,0.0011173369187916296
5,UPFC_tse,5-15,-2.1552625136309573,18,-2.1655459086518336,MAP_SCADA,93,0.010283395020876274
0,x_tcsc,1-14,-0.11164424108868416,19,-0.1287438860906417,MAP_SCADA,93,0.017099645001957528
1,B_svc,2,0.18040424893429052,19,0.2549623147102216,MAP_SCADA,93,0.0745580657759311
2,UPFC_Vsh,5-15,1.108871364654878,19,1.1096338312405822,MAP_SCADA,93,0.0007624665857042245
3,UPFC_tsh,5-15,-0.2324105075658558,19,-0.23592061381037074,MAP_SCADA,93,0.003510106244514949
4,UPFC_Vse,5-15,0.061155322165232597,19,0.05929998376082983,MAP_SCADA,93,0.0018553384044027663
5,UPFC_tse,5-15,-2.154669972733158,19,-2.1655459086518336,MAP_SCADA,93,0.010875935918675417
0,x_tcsc,1-14,-0.11274782327049446,20,-0.1287438860906417,MAP_SCADA,93,0.015996062820147233
1,B_svc,2,0.18459454920584656,20,0.2549623147102216,MAP_SCADA,93,0.07036776550437507
2,UPFC_Vsh,5-15,1.108006286307207,20,1.1096338312405822,MAP_SCADA,93,0.0016275449333751357
3,UPFC_tsh,5-15,-0.23191990543603197,20,-0.23592061381037074,MAP_SCADA,93,0.004000708374338774
4,UPFC_Vse,5-15,0.06008050852103739,20,0.05929998376082983,MAP_SCADA,93,0.0007805247602075613
5,UPFC_tse,5-15,-2.1567097345688575,20,-2.1655459086518336,MAP_SCADA,93,0.0088361740829761
0,x_tcsc,1-14,-0.11169414259952308,21,-0.1287438860906417,MAP_SCADA,93,0.01704974349111861
1,B_svc,2,0.1857776632719838,21,0.2549623147102216,MAP_SCADA,93,0.06918465143823782
2,UPFC_Vsh,5-15,1.108184785877071,21,1.1096338312405822,MAP_SCADA,93,0.0014490453635112033
3,UPFC_tsh,5-15,-0.23273179667649846,21,-0.23592061381037074,MAP_SCADA,93,0.003188817133872285
4,UPFC_Vse,5-15,0.05992770845896655,21,0.05929998376082983,MAP_SCADA,93,0.0006277246981367182
5,UPFC_tse,5-15,-2.1568349329799426,21,-2.1655459086518336,MAP_SCADA,93,0.008710975671891052
0,x_tcsc,1-14,-0.11260572090998863,22,-0.1287438860906417,MAP_SCADA,93,0.016138165180653058
1,B_svc,2,0.18071338323253047,22,0.2549623147102216,MAP_SCADA,93,0.07424893147769115
2,UPFC_Vsh,5-15,1.106722196604619,22,1.1096338312405822,MAP_SCADA,93,0.002911634635963223
3,UPFC_tsh,5-15,-0.23240057224166638,22,-0.23592061381037074,MAP_SCADA,93,0.003520041568704363
4,UPFC_Vse,5-15,0.059859672432762606,22,0.05929998376082983,MAP_SCADA,93,0.0005596886719327759
5,UPFC_tse,5-15,-2.1554046999392504,22,-2.1655459086518336,MAP_SCADA,93,0.010141208712583172
0,x_tcsc,1-14,-0.10863106555895048,23,-0.1287438860906417,MAP_SCADA,93,0.02011282053169121
1,B_svc,2,0.19440583723342642,23,0.2549623147102216,MAP_SCADA,93,0.06055647747679521
2,UPFC_Vsh,5-15,1.1056047474826858,23,1.1096338312405822,MAP_SCADA,93,0.004029083757896457
3,UPFC_tsh,5-15,-0.23553602350049807,23,-0.23592061381037074,MAP_SCADA,93,0.0003845903098726733
4,UPFC_Vse,5-15,0.06062491232048908,23,0.05929998376082983,MAP_SCADA,93,0.0013249285596592525
5,UPFC_tse,5-15,-2.1604370235879395,23,-2.1655459086518336,MAP_SCADA,93,0.005108885063894064
0,x_tcsc,1-14,-0.11358461640106417,24,-0.1287438860906417,MAP_SCADA,93,0.015159269689577523
1,B_svc,2,0.17847299555661278,24,0.2549623147102216,MAP_SCADA,93,0.07648931915360885
2,UPFC_Vsh,5-15,1.1077453708357268,24,1.1096338312405822,MAP_SCADA,93,0.0018884604048554632
3,UPFC_tsh,5-15,-0.23118967241909189,24,-0.23592061381037074,MAP_SCADA,93,0.004730941391278859
4,UPFC_Vse,5-15,0.06001689749729636,24,0.05929998376082983,MAP_SCADA,93,0.0007169137364665332
5,UPFC_tse,5-15,-2.1543010736861428,24,-2.1655459086518336,MAP_SCADA,93,0.011244834965690842
0,x_tcsc,1-14,-0.11320004043012336,25,-0.1287438860906417,MAP_SCADA,93,0.015543845660518335
1,B_svc,2,0.17941167260829785,25,0.2549623147102216,MAP_SCADA,93,0.07555064210192378
2,UPFC_Vsh,5-15,1.1101974435380184,25,1.1096338312405822,MAP_SCADA,93,0.0005636122974361779
3,UPFC_tsh,5-15,-0.23031717049236608,25,-0.23592061381037074,MAP_SCADA,93,0.005603443318004664
4,UPFC_Vse,5-15,0.05996830578511454,25,0.05929998376082983,MAP_SCADA,93,0.0006683220242847121
5,UPFC_tse,5-15,-2.1553668754708863,25,-2.1655459086518336,MAP_SCADA,93,0.010179033180947261
0,x_tcsc,1-14,-0.11212214964649692,26,-0.1287438860906417,MAP_SCADA,93,0.016621736444144775
1,B_svc,2,0.1816223075761155,26,0.2549623147102216,MAP_SCADA,93,0.07334000713410613
2,UPFC_Vsh,5-15,1.1082064053681402,26,1.1096338312405822,MAP_SCADA,93,0.0014274258724420452
3,UPFC_tsh,5-15,-0.23179014857039898,26,-0.23592061381037074,MAP_SCADA,93,0.0041304652399717645
4,UPFC_Vse,5-15,0.060238724303090414,26,0.05929998376082983,MAP_SCADA,93,0.0009387405422605841
5,UPFC_tse,5-15,-2.1599186635184866,26,-2.1655459086518336,MAP_SCADA,93,0.005627245133347003
0,x_tcsc,1-14,-0.11119204081336112,27,-0.1287438860906417,MAP_SCADA,93,0.01755184527728057
1,B_svc,2,0.1842705258074126,27,0.2549623147102216,MAP_SCADA,93,0.07069178890280903
2,UPFC_Vsh,5-15,1.1059116452390325,27,1.1096338312405822,MAP_SCADA,93,0.003722186001549721
3,UPFC_tsh,5-15,-0.23295759170996305,27,-0.23592061381037074,MAP_SCADA,93,0.0029630221004076918
4,UPFC_Vse,5-15,0.06053072554552834,27,0.05929998376082983,MAP_SCADA,93,0.001230741784698508
5,UPFC_tse,5-15,-2.1561425446031106,27,-2.1655459086518336,MAP_SCADA,93,0.009403364048722995
0,x_tcsc,1-14,-0.11078516593243308,28,-0.1287438860906417,MAP_SCADA,93,0.01795872015820861
1,B_svc,2,0.1862073014298553,28,0.2549623147102216,MAP_SCADA,93,0.06875501328036632
2,UPFC_Vsh,5-15,1.105306562887327,28,1.1096338312405822,MAP_SCADA,93,0.004327268353255143
3,UPFC_tsh,5-15,-0.2340897760936502,28,-0.23592061381037074,MAP_SCADA,93,0.0018308377167205458
4,UPFC_Vse,5-15,0.06031540260348843,28,0.05929998376082983,MAP_SCADA,93,0.0010154188426585997
5,UPFC_tse,5-15,-2.159848933017864,28,-2.1655459086518336,MAP_SCADA,93,0.0056969756339695365
0,x_tcsc,1-14,-0.11114633594373284,29,-0.1287438860906417,MAP_SCADA,93,0.01759755014690885
1,B_svc,2,0.18515795790093445,29,0.2549623147102216,MAP_SCADA,93,0.06980435680928718
2,UPFC_Vsh,5-15,1.1077676810944392,29,1.1096338312405822,MAP_SCADA,93,0.0018661501461429975
3,UPFC_tsh,5-15,-0.2328826952361252,29,-0.23592061381037074,MAP_SCADA,93,0.0030379185742455406
4,UPFC_Vse,5-15,0.06039577683997066,29,0.05929998376082983,MAP_SCADA,93,0.0010957930791408305
5,UPFC_tse,5-15,-2.155335140690537,29,-2.1655459086518336,MAP_SCADA,93,0.010210767961296607
0,x_tcsc,1-14,-0.11216068815257503,30,-0.1287438860906417,MAP_SCADA,93,0.01658319793806666
1,B_svc,2,0.17704446044748634,30,0.2549623147102216,MAP_SCADA,93,0.07791785426273529
2,UPFC_Vsh,5-15,1.109683072820936,30,1.1096338312405822,MAP_SCADA,93,4.92415803536872e-05
3,UPFC_tsh,5-15,-0.23174778760842352,30,-0.23592061381037074,MAP_SCADA,93,0.004172826201947227
4,UPFC_Vse,5-15,0.06019310784890161,30,0.05929998376082983,MAP_SCADA,93,0.0008931240880717811
5,UPFC_tse,5-15,-2.1564072150031643,30,-2.1655459086518336,MAP_SCADA,93,0.00913869364866926
0,x_tcsc,1-14,-0.11251342636674841,31,-0.1287438860906417,MAP_SCADA,93,0.01623045972389328
1,B_svc,2,0.1831099893073962,31,0.2549623147102216,MAP_SCADA,93,0.07185232540282543
2,UPFC_Vsh,5-15,1.1078159760395527,31,1.1096338312405822,MAP_SCADA,93,0.0018178552010295057
3,UPFC_tsh,5-15,-0.23189856588754654,31,-0.23592061381037074,MAP_SCADA,93,0.004022047922824207
4,UPFC_Vse,5-15,0.06007672510263565,31,0.05929998376082983,MAP_SCADA,93,0.0007767413418058172
5,UPFC_tse,5-15,-2.1587524619933207,31,-2.1655459086518336,MAP_SCADA,93,0.006793446658512892
0,x_tcsc,1-14,-0.10935089542807824,32,-0.1287438860906417,MAP_SCADA,93,0.019392990662563447
1,B_svc,2,0.18873592910746403,32,0.2549623147102216,MAP_SCADA,93,0.06622638560275759
2,UPFC_Vsh,5-15,1.109038949726816,32,1.1096338312405822,MAP_SCADA,93,0.0005948815137661878
3,UPFC_tsh,5-15,-0.2330027710688704,32,-0.23592061381037074,MAP_SCADA,93,0.002917842741500337
4,UPFC_Vse,5-15,0.05985014716756717,32,0.05929998376082983,MAP_SCADA,93,0.0005501634067373376
5,UPFC_tse,5-15,-2.1617669058380433,32,-2.1655459086518336,MAP_SCADA,93,0.0037790028137902887
0,x_tcsc,1-14,-0.11132959920201867,33,-0.1287438860906417,MAP_SCADA,93,0.017414286888623023
1,B_svc,2,0.18595327212098606,33,0.2549623147102216,MAP_SCADA,93,0.06900904258923557
2,UPFC_Vsh,5-15,1.108084565723442,33,1.1096338312405822,MAP_SCADA,93,0.001549265517140297
3,UPFC_tsh,5-15,-0.2321353180308911,33,-0.23592061381037074,MAP_SCADA,93,0.0037852957794796416
4,UPFC_Vse,5-15,0.06002017416798528,33,0.05929998376082983,MAP_SCADA,93,0.0007201904071554507
5,UPFC_tse,5-15,-2.157033850389164,33,-2.1655459086518336,MAP_SCADA,93,0.00851205826266943
0,x_tcsc,1-14,-0.11034198001640978,34,-0.1287438860906417,MAP_SCADA,93,0.018401906074231908
1,B_svc,2,0.18678599517759245,34,0.2549623147102216,MAP_SCADA,93,0.06817631953262918
2,UPFC_Vsh,5-15,1.1085563560496479,34,1.1096338312405822,MAP_SCADA,93,0.0010774751909343738
3,UPFC_tsh,5-15,-0.23312360340740504,34,-0.23592061381037074,MAP_SCADA,93,0.002797010402965705
4,UPFC_Vse,5-15,0.060366956294376876,34,0.05929998376082983,MAP_SCADA,93,0.0010669725335470462
5,UPFC_tse,5-15,-2.1581320522383804,34,-2.1655459086518336,MAP_SCADA,93,0.007413856413453157
0,x_tcsc,1-14,-0.11311317898577221,35,-0.1287438860906417,MAP_SCADA,93,0.015630707104869482
1,B_svc,2,0.18325163162252295,35,0.2549623147102216,MAP_SCADA,93,0.07171068308769868
2,UPFC_Vsh,5-15,1.1098842983230832,35,1.1096338312405822,MAP_SCADA,93,0.0002504670825009825
3,UPFC_tsh,5-15,-0.23130759162507253,35,-0.23592061381037074,MAP_SCADA,93,0.004613022185298216
4,UPFC_Vse,5-15,0.06016391902929492,35,0.05929998376082983,MAP_SCADA,93,0.0008639352684650867
5,UPFC_tse,5-15,-2.1548243799234137,35,-2.1655459086518336,MAP_SCADA,93,0.010721528728419916
0,x_tcsc,1-14,-0.1149720819539307,36,-0.1287438860906417,MAP_SCADA,93,0.013771804136710988
1,B_svc,2,0.1750447967126657,36,0.2549623147102216,MAP_SCADA,93,0.07991751799755592
2,UPFC_Vsh,5-15,1.1102778223388667,36,1.1096338312405822,MAP_SCADA,93,0.0006439910982845021
3,UPFC_tsh,5-15,-0.22961423202170334,36,-0.23592061381037074,MAP_SCADA,93,0.006306381788667409
4,UPFC_Vse,5-15,0.060175439493694916,36,0.05929998376082983,MAP_SCADA,93,0.0008754557328650853
5,UPFC_tse,5-15,-2.1527252492944804,36,-2.1655459086518336,MAP_SCADA,93,0.012820659357353215
0,x_tcsc,1-14,-0.1135383168444,37,-0.1287438860906417,MAP_SCADA,93,0.015205569246241696
1,B_svc,2,0.1808875627066663,37,0.2549623147102216,MAP_SCADA,93,0.07407475200355532
2,UPFC_Vsh,5-15,1.1097833398341765,37,1.1096338312405822,MAP_SCADA,93,0.00014950859359430524
3,UPFC_tsh,5-15,-0.2306731020068669,37,-0.23592061381037074,MAP_SCADA,93,0.005247511803503857
4,UPFC_Vse,5-15,0.059604765997265136,37,0.05929998376082983,MAP_SCADA,93,0.00030478223643530533
5,UPFC_tse,5-15,-2.1598551334837475,37,-2.1655459086518336,MAP_SCADA,93,0.005690775168086137
0,x_tcsc,1-14,-0.11241197576694792,38,-0.1287438860906417,MAP_SCADA,93,0.01633191032369377
1,B_svc,2,0.18139884194193798,38,0.2549623147102216,MAP_SCADA,93,0.07356347276828365
2,UPFC_Vsh,5-15,1.1092926368032598,38,1.1096338312405822,MAP_SCADA,93,0.00034119443732238963
3,UPFC_tsh,5-15,-0.23168033003577468,38,-0.23592061381037074,MAP_SCADA,93,0.004240283774596065
4,UPFC_Vse,5-15,0.06042739705196942,38,0.05929998376082983,MAP_SCADA,93,0.0011274132911395923
5,UPFC_tse,5-15,-2.150262573934795,38,-2.1655459086518336,MAP_SCADA,93,0.015283334717038688
0,x_tcsc,1-14,-0.11336627208444718,39,-0.1287438860906417,MAP_SCADA,93,0.015377614006194515
1,B_svc,2,0.1824406965904449,39,0.2549623147102216,MAP_SCADA,93,0.07252161811977673
2,UPFC_Vsh,5-15,1.109450803391796,39,1.1096338312405822,MAP_SCADA,93,0.00018302784878621026
3,UPFC_tsh,5-15,-0.23110270791873322,39,-0.23592061381037074,MAP_SCADA,93,0.004817905891637525
4,UPFC_Vse,5-15,0.06015947124209428,39,0.05929998376082983,MAP_SCADA,93,0.000859487481264451
5,UPFC_tse,5-15,-2.1525195949795397,39,-2.1655459086518336,MAP_SCADA,93,0.013026313672293899
0,x_tcsc,1-14,-0.11449781928869908,40,-0.1287438860906417,MAP_SCADA,93,0.014246066801942611
1,B_svc,2,0.17698963311880708,40,0.2549623147102216,MAP_SCADA,93,0.07797268159141454
2,UPFC_Vsh,5-15,1.1099220982081328,40,1.1096338312405822,MAP_SCADA,93,0.0002882669675505767
3,UPFC_tsh,5-15,-0.23127461686611703,40,-0.23592061381037074,MAP_SCADA,93,0.004645996944253716
4,UPFC_Vse,5-15,0.060217625795988015,40,0.05929998376082983,MAP_SCADA,93,0.0009176420351581852
5,UPFC_tse,5-15,-2.1504069037421822,40,-2.1655459086518336,MAP_SCADA,93,0.015139004909651366
0,x_tcsc,1-14,-0.11093572745407543,41,-0.1287438860906417,MAP_SCADA,93,0.017808158636566263
1,B_svc,2,0.18531896959267724,41,0.2549623147102216,MAP_SCADA,93,0.06964334511754439
2,UPFC_Vsh,5-15,1.108434994048722,41,1.1096338312405822,MAP_SCADA,93,0.0011988371918603136
3,UPFC_tsh,5-15,-0.233408373060217,41,-0.23592061381037074,MAP_SCADA,93,0.0025122407501537436
4,UPFC_Vse,5-15,0.060499846182725275,41,0.05929998376082983,MAP_SCADA,93,0.0011998624218954451
5,UPFC_tse,5-15,-2.1601069645717934,41,-2.1655459086518336,MAP_SCADA,93,0.005438944080040198
0,x_tcsc,1-14,-0.11147761500004855,42,-0.1287438860906417,MAP_SCADA,93,0.017266271090593144
1,B_svc,2,0.18730903475163513,42,0.2549623147102216,MAP_SCADA,93,0.0676532799585865
2,UPFC_Vsh,5-15,1.1074933658695576,42,1.1096338312405822,MAP_SCADA,93,0.0021404653710246357
3,UPFC_tsh,5-15,-0.23274285808599332,42,-0.23592061381037074,MAP_SCADA,93,0.0031777557243774235
4,UPFC_Vse,5-15,0.06046335877714539,42,0.05929998376082983,MAP_SCADA,93,0.0011633750163155612
5,UPFC_tse,5-15,-2.154540752922178,42,-2.1655459086518336,MAP_SCADA,93,0.011005155729655769
0,x_tcsc,1-14,-0.11305657612109273,43,-0.1287438860906417,MAP_SCADA,93,0.015687309969548965
1,B_svc,2,0.1792216928206034,43,0.2549623147102216,MAP_SCADA,93,0.07574062188961822
2,UPFC_Vsh,5-15,1.1100005386855296,43,1.1096338312405822,MAP_SCADA,93,0.0003667074449473784
3,UPFC_tsh,5-15,-0.23036578137282954,43,-0.23592061381037074,MAP_SCADA,93,0.005554832437541207
4,UPFC_Vse,5-15,0.06057910375371149,43,0.05929998376082983,MAP_SCADA,93,0.001279119992881661
5,UPFC_tse,5-15,-2.1561589997097914,43,-2.1655459086518336,MAP_SCADA,93,0.009386908942042194
0,x_tcsc,1-14,-0.11207535639674679,44,-0.1287438860906417,MAP_SCADA,93,0.0166685296938949
1,B_svc,2,0.1846858498020382,44,0.2549623147102216,MAP_SCADA,93,0.07027646490818343
2,UPFC_Vsh,5-15,1.1077601535326256,44,1.1096338312405822,MAP_SCADA,93,0.0018736777079566558
3,UPFC_tsh,5-15,-0.23261638863089268,44,-0.23592061381037074,MAP_SCADA,93,0.0033042251794780653
4,UPFC_Vse,5-15,0.06047525859342069,44,0.05929998376082983,MAP_SCADA,93,0.0011752748325908613
5,UPFC_tse,5-15,-2.154046429528506,44,-2.1655459086518336,MAP_SCADA,93,0.011499479123327827
0,x_tcsc,1-14,-0.11375431081784133,45,-0.1287438860906417,MAP_SCADA,93,0.014989575272800357
1,B_svc,2,0.17477818719938254,45,0.2549623147102216,MAP_SCADA,93,0.08018412751083909
2,UPFC_Vsh,5-15,1.1093197165452422,45,1.1096338312405822,MAP_SCADA,93,0.0003141146953400398
3,UPFC_tsh,5-15,-0.23071303918734726,45,-0.23592061381037074,MAP_SCADA,93,0.0052075746230234865
4,UPFC_Vse,5-15,0.06014026459677954,45,0.05929998376082983,MAP_SCADA,93,0.000840280835949711
5,UPFC_tse,5-15,-2.15388812615601,45,-2.1655459086518336,MAP_SCADA,93,0.01165778249582372
0,x_tcsc,1-14,-0.11310434548909658,46,-0.1287438860906417,MAP_SCADA,93,0.015639540601545113
1,B_svc,2,0.17866334359157365,46,0.2549623147102216,MAP_SCADA,93,0.07629897111864797
2,UPFC_Vsh,5-15,1.108715174743999,46,1.1096338312405822,MAP_SCADA,93,0.0009186564965832922
3,UPFC_tsh,5-15,-0.23114836154528098,46,-0.23592061381037074,MAP_SCADA,93,0.00477225226508976
4,UPFC_Vse,5-15,0.060340846612470904,46,0.05929998376082983,MAP_SCADA,93,0.0010408628516410737
5,UPFC_tse,5-15,-2.155077590767528,46,-2.1655459086518336,MAP_SCADA,93,0.010468317884305467
0,x_tcsc,1-14,-0.1126163685304988,47,-0.1287438860906417,MAP_SCADA,93,0.016127517560142884
1,B_svc,2,0.1826820223153454,47,0.2549623147102216,MAP_SCADA,93,0.07228029239487624
2,UPFC_Vsh,5-15,1.1078508671343414,47,1.1096338312405822,MAP_SCADA,93,0.001782964106240792
3,UPFC_tsh,5-15,-0.23195436112425402,47,-0.23592061381037074,MAP_SCADA,93,0.0039662526861167224
4,UPFC_Vse,5-15,0.06005427570146322,47,0.05929998376082983,MAP_SCADA,93,0.0007542919406333878
5,UPFC_tse,5-15,-2.149004765473707,47,-2.1655459086518336,MAP_SCADA,93,0.016541143178126827
0,x_tcsc,1-14,-0.11202393736720709,48,-0.1287438860906417,MAP_SCADA,93,0.016719948723434602
1,B_svc,2,0.18197032083453404,48,0.2549623147102216,MAP_SCADA,93,0.07299199387568758
2,UPFC_Vsh,5-15,1.1088869066003255,48,1.1096338312405822,MAP_SCADA,93,0.0007469246402567187
3,UPFC_tsh,5-15,-0.23173744296455784,48,-0.23592061381037074,MAP_SCADA,93,0.004183170845812906
4,UPFC_Vse,5-15,0.06064179275722406,48,0.05929998376082983,MAP_SCADA,93,0.001341808996394231
5,UPFC_tse,5-15,-2.1579971846390347,48,-2.1655459086518336,MAP_SCADA,93,0.007548724012798935
0,x_tcsc,1-14,-0.11301190854144895,49,-0.1287438860906417,MAP_SCADA,93,0.01573197754919274
1,B_svc,2,0.1826769526565768,49,0.2549623147102216,MAP_SCADA,93,0.07228536205364483
2,UPFC_Vsh,5-15,1.10911972473425,49,1.1096338312405822,MAP_SCADA,93,0.0005141065063323236
3,UPFC_tsh,5-15,-0.23197494578688546,49,-0.23592061381037074,MAP_SCADA,93,0.0039456680234852826
4,UPFC_Vse,5-15,0.06039511975662008,49,0.05929998376082983,MAP_SCADA,93,0.001095135995790253
5,UPFC_tse,5-15,-2.159769366853597,49,-2.1655459086518336,MAP_SCADA,93,0.005776541798236501
0,x_tcsc,1-14,-0.11232464740583507,50,-0.1287438860906417,MAP_SCADA,93,0.016419238684806617
1,B_svc,2,0.1804661933096819,50,0.2549623147102216,MAP_SCADA,93,0.07449612140053974
2,UPFC_Vsh,5-15,1.1082997050473367,50,1.1096338312405822,MAP_SCADA,93,0.0013341261932455772
3,UPFC_tsh,5-15,-0.23223059620849504,50,-0.23592061381037074,MAP_SCADA,93,0.003690017601875706
4,UPFC_Vse,5-15,0.060382776568446615,50,0.05929998376082983,MAP_SCADA,93,0.001082792807616785
5,UPFC_tse,5-15,-2.15506436388257,50,-2.1655459086518336,MAP_SCADA,93,0.01048154476926344
0,x_tcsc,1-14,-0.11361562540832322,51,-0.1287438860906417,MAP_SCADA,93,0.01512826068231847
1,B_svc,2,0.17885922469653856,51,0.2549623147102216,MAP_SCADA,93,0.07610309001368307
2,UPFC_Vsh,5-15,1.1070689001567269,51,1.1096338312405822,MAP_SCADA,93,0.0025649310838553596
3,UPFC_tsh,5-15,-0.2321065832889006,51,-0.23592061381037074,MAP_SCADA,93,0.003814030521470141
4,UPFC_Vse,5-15,0.06052340155011435,51,0.05929998376082983,MAP_SCADA,93,0.0012234177892845172
5,UPFC_tse,5-15,-2.1551682308222206,51,-2.1655459086518336,MAP_SCADA,93,0.010377677829612963
0,x_tcsc,1-14,-0.10848351521084021,52,-0.1287438860906417,MAP_SCADA,93,0.02026037087980148
1,B_svc,2,0.19662177475265205,52,0.2549623147102216,MAP_SCADA,93,0.058340539957569576
2,UPFC_Vsh,5-15,1.1078003615348868,52,1.1096338312405822,MAP_SCADA,93,0.001833469705695423
3,UPFC_tsh,5-15,-0.23401474328945562,52,-0.23592061381037074,MAP_SCADA,93,0.0019058705209151205
4,UPFC_Vse,5-15,0.06035505211035941,52,0.05929998376082983,MAP_SCADA,93,0.0010550683495295782
5,UPFC_tse,5-15,-2.160186956663391,52,-2.1655459086518336,MAP_SCADA,93,0.005358951988442495
0,x_tcsc,1-14,-0.11302618824924493,53,-0.1287438860906417,MAP_SCADA,93,0.01571769784139676
1,B_svc,2,0.1855528678668657,53,0.2549623147102216,MAP_SCADA,93,0.06940944684335593
2,UPFC_Vsh,5-15,1.106401917745756,53,1.1096338312405822,MAP_SCADA,93,0.0032319134948262107
3,UPFC_tsh,5-15,-0.23299677621338608,53,-0.23592061381037074,MAP_SCADA,93,0.0029238375969846686
4,UPFC_Vse,5-15,0.06025677125495774,53,0.05929998376082983,MAP_SCADA,93,0.0009567874941279128
5,UPFC_tse,5-15,-2.1530014389473546,53,-2.1655459086518336,MAP_SCADA,93,0.012544469704478978
0,x_tcsc,1-14,-0.10992588267449988,54,-0.1287438860906417,MAP_SCADA,93,0.018818003416141815
1,B_svc,2,0.18850845278962525,54,0.2549623147102216,MAP_SCADA,93,0.06645386192059638
2,UPFC_Vsh,5-15,1.1080263661691967,54,1.1096338312405822,MAP_SCADA,93,0.0016074650713855387
3,UPFC_tsh,5-15,-0.2334353156834582,54,-0.23592061381037074,MAP_SCADA,93,0.002485298126912533
4,UPFC_Vse,5-15,0.060702502198160174,54,0.05929998376082983,MAP_SCADA,93,0.001402518437330344
5,UPFC_tse,5-15,-2.159140326809645,54,-2.1655459086518336,MAP_SCADA,93,0.006405581842188646
0,x_tcsc,1-14,-0.11090856933726283,55,-0.1287438860906417,MAP_SCADA,93,0.017835316753378863
1,B_svc,2,0.18390305521965483,55,0.2549623147102216,MAP_SCADA,93,0.0710592594905668
2,UPFC_Vsh,5-15,1.105779728191416,55,1.1096338312405822,MAP_SCADA,93,0.0038541030491663353
3,UPFC_tsh,5-15,-0.23355893281144285,55,-0.23592061381037074,MAP_SCADA,93,0.0023616809989278897
4,UPFC_Vse,5-15,0.06052711291959248,55,0.05929998376082983,MAP_SCADA,93,0.0012271291587626493
5,UPFC_tse,5-15,-2.1596477295296808,55,-2.1655459086518336,MAP_SCADA,93,0.005898179122152847
0,x_tcsc,1-14,-0.11295801478895467,56,-0.1287438860906417,MAP_SCADA,93,0.015785871301687016
1,B_svc,2,0.18145367109197516,56,0.2549623147102216,MAP_SCADA,93,0.07350864361824647
2,UPFC_Vsh,5-15,1.108183062115895,56,1.1096338312405822,MAP_SCADA,93,0.0014507691246872234
3,UPFC_tsh,5-15,-0.23276754175977452,56,-0.23592061381037074,MAP_SCADA,93,0.0031530720505962284
4,UPFC_Vse,5-15,0.060201074271315824,56,0.05929998376082983,MAP_SCADA,93,0.000901090510485994
5,UPFC_tse,5-15,-2.1541185297160985,56,-2.1655459086518336,MAP_SCADA,93,0.011427378935735089
0,x_tcsc,1-14,-0.11331549764469787,57,-0.1287438860906417,MAP_SCADA,93,0.015428388445943825
1,B_svc,2,0.18113549787680508,57,0.2549623147102216,MAP_SCADA,93,0.07382681683341655
2,UPFC_Vsh,5-15,1.1080297025810695,57,1.1096338312405822,MAP_SCADA,93,0.0016041286595127602
3,UPFC_tsh,5-15,-0.2318175980644757,57,-0.23592061381037074,MAP_SCADA,93,0.004103015745895056
4,UPFC_Vse,5-15,0.05974123277280337,57,0.05929998376082983,MAP_SCADA,93,0.00044124901197353794
5,UPFC_tse,5-15,-2.1568552925009024,57,-2.1655459086518336,MAP_SCADA,93,0.008690616150931252
0,x_tcsc,1-14,-0.11259592447870835,58,-0.1287438860906417,MAP_SCADA,93,0.01614796161193334
1,B_svc,2,0.1855124996650732,58,0.2549623147102216,MAP_SCADA,93,0.06944981504514844
2,UPFC_Vsh,5-15,1.1041639179721214,58,1.1096338312405822,MAP_SCADA,93,0.005469913268460802
3,UPFC_tsh,5-15,-0.2337457779457213,58,-0.23592061381037074,MAP_SCADA,93,0.0021748358646494492
4,UPFC_Vse,5-15,0.060641571824637475,58,0.05929998376082983,MAP_SCADA,93,0.0013415880638076444
5,UPFC_tse,5-15,-2.1560231945507224,58,-2.1655459086518336,MAP_SCADA,93,0.009522714101111163
0,x_tcsc,1-14,-0.11286231559448634,59,-0.1287438860906417,MAP_SCADA,93,0.01588157049615535
1,B_svc,2,0.1817952967432671,59,0.2549623147102216,MAP_SCADA,93,0.07316701796695452
2,UPFC_Vsh,5-15,1.108691902973475,59,1.1096338312405822,MAP_SCADA,93,0.0009419282671072615
3,UPFC_tsh,5-15,-0.23184199738940517,59,-0.23592061381037074,MAP_SCADA,93,0.004078616420965575
4,UPFC_Vse,5-15,0.060454713383064476,59,0.05929998376082983,MAP_SCADA,93,0.001154729622234646
5,UPFC_tse,5-15,-2.15495703243471,59,-2.1655459086518336,MAP_SCADA,93,0.010588876217123566
0,x_tcsc,1-14,-0.1125451676959699,60,-0.1287438860906417,MAP_SCADA,93,0.016198718394671796
1,B_svc,2,0.18446213206889514,60,0.2549623147102216,MAP_SCADA,93,0.07050018264132649
2,UPFC_Vsh,5-15,1.108050671247431,60,1.1096338312405822,MAP_SCADA,93,0.001583159993151284
3,UPFC_tsh,5-15,-0.2323091987208775,60,-0.23592061381037074,MAP_SCADA,93,0.003611415089493253
4,UPFC_Vse,5-15,0.06027242282692596,60,0.05929998376082983,MAP_SCADA,93,0.0009724390660961271
5,UPFC_tse,5-15,-2.1526136198908206,60,-2.1655459086518336,MAP_SCADA,93,0.012932288761013044
0,x_tcsc,1-14,-0.11410481713499057,61,-0.1287438860906417,MAP_SCADA,93,0.014639068955651119
1,B_svc,2,0.17972519930177294,61,0.2549623147102216,MAP_SCADA,93,0.07523711540844868
2,UPFC_Vsh,5-15,1.1062344025143551,61,1.1096338312405822,MAP_SCADA,93,0.003399428726227116
3,UPFC_tsh,5-15,-0.23187134686501007,61,-0.23592061381037074,MAP_SCADA,93,0.0040492669453606744
4,UPFC_Vse,5-15,0.06071318870310169,61,0.05929998376082983,MAP_SCADA,93,0.001413204942271859
5,UPFC_tse,5-15,-2.1542601835848503,61,-2.1655459086518336,MAP_SCADA,93,0.011285725066983332
0,x_tcsc,1-14,-0.1115933269007217,62,-0.1287438860906417,MAP_SCADA,93,0.017150559189919992
1,B_svc,2,0.18400213468782292,62,0.2549623147102216,MAP_SCADA,93,0.0709601800223987
2,UPFC_Vsh,5-15,1.1074571520285303,62,1.1096338312405822,MAP_SCADA,93,0.0021766792120518907
3,UPFC_tsh,5-15,-0.23263168864163766,62,-0.23592061381037074,MAP_SCADA,93,0.003288925168733081
4,UPFC_Vse,5-15,0.05996998341083485,62,0.05929998376082983,MAP_SCADA,93,0.0006699996500050195
5,UPFC_tse,5-15,-2.1600345054626127,62,-2.1655459086518336,MAP_SCADA,93,0.0055114031892209425
0,x_tcsc,1-14,-0.11148815154244913,63,-0.1287438860906417,MAP_SCADA,93,0.017255734548192556
1,B_svc,2,0.18721449786679403,63,0.2549623147102216,MAP_SCADA,93,0.0677478168434276
2,UPFC_Vsh,5-15,1.1070688856726931,63,1.1096338312405822,MAP_SCADA,93,0.0025649455678891098
3,UPFC_tsh,5-15,-0.23342688662212113,63,-0.23592061381037074,MAP_SCADA,93,0.0024937271882496115
4,UPFC_Vse,5-15,0.05977947534148236,63,0.05929998376082983,MAP_SCADA,93,0.00047949158065253156
5,UPFC_tse,5-15,-2.1563252483151594,63,-2.1655459086518336,MAP_SCADA,93,0.009220660336674236
0,x_tcsc,1-14,-0.11195724792908147,64,-0.1287438860906417,MAP_SCADA,93,0.016786638161560216
1,B_svc,2,0.18532267620046441,64,0.2549623147102216,MAP_SCADA,93,0.06963963850975721
2,UPFC_Vsh,5-15,1.1062982148266969,64,1.1096338312405822,MAP_SCADA,93,0.003335616413885356
3,UPFC_tsh,5-15,-0.23231828006468574,64,-0.23592061381037074,MAP_SCADA,93,0.003602333745684999
4,UPFC_Vse,5-15,0.060691859349195215,64,0.05929998376082983,MAP_SCADA,93,0.001391875588365385
5,UPFC_tse,5-15,-2.152693367047146,64,-2.1655459086518336,MAP_SCADA,93,0.012852541604687406
0,x_tcsc,1-14,-0.11295515105283893,65,-0.1287438860906417,MAP_SCADA,93,0.01578873503780276
1,B_svc,2,0.18060145943688566,65,0.2549623147102216,MAP_SCADA,93,0.07436085527333597
2,UPFC_Vsh,5-15,1.1078146006483933,65,1.1096338312405822,MAP_SCADA,93,0.001819230592188914
3,UPFC_tsh,5-15,-0.23209500185534337,65,-0.23592061381037074,MAP_SCADA,93,0.0038256119550273693
4,UPFC_Vse,5-15,0.06005942127011483,65,0.05929998376082983,MAP_SCADA,93,0.0007594375092849978
5,UPFC_tse,5-15,-2.152035993257443,65,-2.1655459086518336,MAP_SCADA,93,0.013509915394390504
0,x_tcsc,1-14,-0.1105648668522165,66,-0.1287438860906417,MAP_SCADA,93,0.018179019238425187
1,B_svc,2,0.1904464047979305,66,0.2549623147102216,MAP_SCADA,93,0.06451590991229111
2,UPFC_Vsh,5-15,1.108306155074037,66,1.1096338312405822,MAP_SCADA,93,0.0013276761665452774
3,UPFC_tsh,5-15,-0.23257200768493028,66,-0.23592061381037074,MAP_SCADA,93,0.0033486061254404675
4,UPFC_Vse,5-15,0.06025958607178324,66,0.05929998376082983,MAP_SCADA,93,0.0009596023109534127
5,UPFC_tse,5-15,-2.1546439224482006,66,-2.1655459086518336,MAP_SCADA,93,0.01090198620363303
0,x_tcsc,1-14,-0.11119767728780644,67,-0.1287438860906417,MAP_SCADA,93,0.01754620880283525
1,B_svc,2,0.18569084335624564,67,0.2549623147102216,MAP_SCADA,93,0.06927147135397599
2,UPFC_Vsh,5-15,1.106366563748709,67,1.1096338312405822,MAP_SCADA,93,0.003267267491873227
3,UPFC_tsh,5-15,-0.23386903030465617,67,-0.23592061381037074,MAP_SCADA,93,0.002051583505714577
4,UPFC_Vse,5-15,0.06056370946115216,67,0.05929998376082983,MAP_SCADA,93,0.0012637257003223282
5,UPFC_tse,5-15,-2.1571921085846038,67,-2.1655459086518336,MAP_SCADA,93,0.008353800067229855
0,x_tcsc,1-14,-0.11483410186228073,68,-0.1287438860906417,MAP_SCADA,93,0.013909784228360964
1,B_svc,2,0.17781365828617798,68,0.2549623147102216,MAP_SCADA,93,0.07714865642404364
2,UPFC_Vsh,5-15,1.106598391691374,68,1.1096338312405822,MAP_SCADA,93,0.003035439549208263
3,UPFC_tsh,5-15,-0.23154604520573963,68,-0.23592061381037074,MAP_SCADA,93,0.004374568604631118
4,UPFC_Vse,5-15,0.06029084534704604,68,0.05929998376082983,MAP_SCADA,93,0.0009908615862162101
5,UPFC_tse,5-15,-2.154853142467964,68,-2.1655459086518336,MAP_SCADA,93,0.010692766183869828
0,x_tcsc,1-14,-0.11173747291563595,69,-0.1287438860906417,MAP_SCADA,93,0.017006413175005744
1,B_svc,2,0.18495146124073875,69,0.2549623147102216,MAP_SCADA,93,0.07001085346948288
2,UPFC_Vsh,5-15,1.1072218108273122,69,1.1096338312405822,MAP_SCADA,93,0.002412020413270044
3,UPFC_tsh,5-15,-0.23243266776604807,69,-0.23592061381037074,MAP_SCADA,93,0.003487946044322676
4,UPFC_Vse,5-15,0.05983529988183588,69,0.05929998376082983,MAP_SCADA,93,0.0005353161210060464
5,UPFC_tse,5-15,-2.162200479914194,69,-2.1655459086518336,MAP_SCADA,93,0.003345428737639544
0,x_tcsc,1-14,-0.11161295954054895,70,-0.1287438860906417,MAP_SCADA,93,0.01713092655009274
1,B_svc,2,0.18626377458114451,70,0.2549623147102216,MAP_SCADA,93,0.06869854012907711
2,UPFC_Vsh,5-15,1.1076076388806437,70,1.1096338312405822,MAP_SCADA,93,0.0020261923599385057
3,UPFC_tsh,5-15,-0.23241563686137293,70,-0.23592061381037074,MAP_SCADA,93,0.0035049769489978178
4,UPFC_Vse,5-15,0.0600901778234442,70,0.05929998376082983,MAP_SCADA,93,0.000790194062614373
5,UPFC_tse,5-15,-2.159739654223675,70,-2.1655459086518336,MAP_SCADA,93,0.005806254428158741
0,x_tcsc,1-14,-0.11023236043321037,71,-0.1287438860906417,MAP_SCADA,93,0.01851152565743132
1,B_svc,2,0.18490639389636032,71,0.2549623147102216,MAP_SCADA,93,0.0700559208138613
2,UPFC_Vsh,5-15,1.1080515269839228,71,1.1096338312405822,MAP_SCADA,93,0.0015823042566593948
3,UPFC_tsh,5-15,-0.23367155568450076,71,-0.23592061381037074,MAP_SCADA,93,0.0022490581258699793
4,UPFC_Vse,5-15,0.05956459850884551,71,0.05929998376082983,MAP_SCADA,93,0.00026461474801568047
5,UPFC_tse,5-15,-2.1603199827972,71,-2.1655459086518336,MAP_SCADA,93,0.005225925854633662
0,x_tcsc,1-14,-0.11481364685907605,72,-0.1287438860906417,MAP_SCADA,93,0.013930239231565639
1,B_svc,2,0.1740477843073324,72,0.2549623147102216,MAP_SCADA,93,0.08091453040288923
2,UPFC_Vsh,5-15,1.1093478133268266,72,1.1096338312405822,MAP_SCADA,93,0.0002860179137555985
3,UPFC_tsh,5-15,-0.23031014743099787,72,-0.23592061381037074,MAP_SCADA,93,0.005610466379372875
4,UPFC_Vse,5-15,0.060376298368476404,72,0.05929998376082983,MAP_SCADA,93,0.0010763146076465738
5,UPFC_tse,5-15,-2.152526010071022,72,-2.1655459086518336,MAP_SCADA,93,0.013019898580811429
0,x_tcsc,1-14,-0.11119939553174198,73,-0.1287438860906417,MAP_SCADA,93,0.017544490558899714
1,B_svc,2,0.18238211869777293,73,0.2549623147102216,MAP_SCADA,93,0.0725801960124487
2,UPFC_Vsh,5-15,1.1078410496521713,73,1.1096338312405822,MAP_SCADA,93,0.0017927815884108966
3,UPFC_tsh,5-15,-0.23244182663890925,73,-0.23592061381037074,MAP_SCADA,93,0.003478787171461495
4,UPFC_Vse,5-15,0.060123430715658725,73,0.05929998376082983,MAP_SCADA,93,0.000823446954828895
5,UPFC_tse,5-15,-2.154635166458868,73,-2.1655459086518336,MAP_SCADA,93,0.010910742192965728
0,x_tcsc,1-14,-0.11245131488496514,74,-0.1287438860906417,MAP_SCADA,93,0.01629257120567655
1,B_svc,2,0.18306689732739356,74,0.2549623147102216,MAP_SCADA,93,0.07189541738282806
2,UPFC_Vsh,5-15,1.1060877669311164,74,1.1096338312405822,MAP_SCADA,93,0.0035460643094658018
3,UPFC_tsh,5-15,-0.23225569221922024,74,-0.23592061381037074,MAP_SCADA,93,0.003664921591150505
4,UPFC_Vse,5-15,0.06060816821702223,74,0.05929998376082983,MAP_SCADA,93,0.0013081844561924003
5,UPFC_tse,5-15,-2.1530639197953803,74,-2.1655459086518336,MAP_SCADA,93,0.012481988856453352
0,x_tcsc,1-14,-0.11266851956063793,75,-0.1287438860906417,MAP_SCADA,93,0.016075366530003757
1,B_svc,2,0.17942389982839835,75,0.2549623147102216,MAP_SCADA,93,0.07553841488182328
2,UPFC_Vsh,5-15,1.1060512896544898,75,1.1096338312405822,MAP_SCADA,93,0.0035825415860923915
3,UPFC_tsh,5-15,-0.2321833929982741,75,-0.23592061381037074,MAP_SCADA,93,0.0037372208120966532
4,UPFC_Vse,5-15,0.0603953238342974,75,0.05929998376082983,MAP_SCADA,93,0.0010953400734675725
5,UPFC_tse,5-15,-2.156912981216897,75,-2.1655459086518336,MAP_SCADA,93,0.008632927434936821
0,x_tcsc,1-14,-0.11320542384235198,76,-0.1287438860906417,MAP_SCADA,93,0.015538462248289711
1,B_svc,2,0.17986454173726527,76,0.2549623147102216,MAP_SCADA,93,0.07509777297295636
2,UPFC_Vsh,5-15,1.107140576441596,76,1.1096338312405822,MAP_SCADA,93,0.002493254798986211
3,UPFC_tsh,5-15,-0.2321309439923157,76,-0.23592061381037074,MAP_SCADA,93,0.003789669818055036
4,UPFC_Vse,5-15,0.06060513321190883,76,0.05929998376082983,MAP_SCADA,93,0.001305149451078999
5,UPFC_tse,5-15,-2.154545901987454,76,-2.1655459086518336,MAP_SCADA,93,0.011000006664379391
0,x_tcsc,1-14,-0.11027983805247656,77,-0.1287438860906417,MAP_SCADA,93,0.018464048038165135
1,B_svc,2,0.19039840003568215,77,0.2549623147102216,MAP_SCADA,93,0.06456391467453948
2,UPFC_Vsh,5-15,1.1060914983424281,77,1.1096338312405822,MAP_SCADA,93,0.003542332898154088
3,UPFC_tsh,5-15,-0.23354511247093693,77,-0.23592061381037074,MAP_SCADA,93,0.0023755013394338165
4,UPFC_Vse,5-15,0.06064689698951932,77,0.05929998376082983,MAP_SCADA,93,0.0013469132286894892
5,UPFC_tse,5-15,-2.163946771282591,77,-2.1655459086518336,MAP_SCADA,93,0.0015991373692427757
0,x_tcsc,1-14,-0.11238909219532701,78,-0.1287438860906417,MAP_SCADA,93,0.016354793895314676
1,B_svc,2,0.18583281855938802,78,0.2549623147102216,MAP_SCADA,93,0.06912949615083361
2,UPFC_Vsh,5-15,1.1047114060882188,78,1.1096338312405822,MAP_SCADA,93,0.004922425152363408
3,UPFC_tsh,5-15,-0.23331161314458537,78,-0.23592061381037074,MAP_SCADA,93,0.0026090006657853715
4,UPFC_Vse,5-15,0.060731876001881645,78,0.05929998376082983,MAP_SCADA,93,0.0014318922410518145
5,UPFC_tse,5-15,-2.1574975209251144,78,-2.1655459086518336,MAP_SCADA,93,0.00804838772671923
0,x_tcsc,1-14,-0.11227674867262306,79,-0.1287438860906417,MAP_SCADA,93,0.016467137418018626
1,B_svc,2,0.17798850759682364,79,0.2549623147102216,MAP_SCADA,93,0.07697380711339799
2,UPFC_Vsh,5-15,1.1091646776389321,79,1.1096338312405822,MAP_SCADA,93,0.00046915360165011855
3,UPFC_tsh,5-15,-0.2318079257618266,79,-0.23592061381037074,MAP_SCADA,93,0.004112688048544144
4,UPFC_Vse,5-15,0.0602518094619551,79,0.05929998376082983,MAP_SCADA,93,0.0009518257011252723
5,UPFC_tse,5-15,-2.1581915717638798,79,-2.1655459086518336,MAP_SCADA,93,0.0073543368879538384
0,x_tcsc,1-14,-0.1103069614975914,80,-0.1287438860906417,MAP_SCADA,93,0.018436924593050297
1,B_svc,2,0.1855188842432045,80,0.2549623147102216,MAP_SCADA,93,0.06944343046701712
2,UPFC_Vsh,5-15,1.1082246409705168,80,1.1096338312405822,MAP_SCADA,93,0.0014091902700654746
3,UPFC_tsh,5-15,-0.23237219805571732,80,-0.23592061381037074,MAP_SCADA,93,0.0035484157546534223
4,UPFC_Vse,5-15,0.06017729077889988,80,0.05929998376082983,MAP_SCADA,93,0.0008773070180700532
5,UPFC_tse,5-15,-2.1579965052878802,80,-2.1655459086518336,MAP_SCADA,93,0.0075494033639533775
0,x_tcsc,1-14,-0.11484420222689054,81,-0.1287438860906417,MAP_SCADA,93,0.01389968386375115
1,B_svc,2,0.17324317502602474,81,0.2549623147102216,MAP_SCADA,93,0.08171913968419689
2,UPFC_Vsh,5-15,1.107767203557404,81,1.1096338312405822,MAP_SCADA,93,0.0018666276831782458
3,UPFC_tsh,5-15,-0.23072723953847235,81,-0.23592061381037074,MAP_SCADA,93,0.005193374271898393
4,UPFC_Vse,5-15,0.060976563935023265,81,0.05929998376082983,MAP_SCADA,93,0.0016765801741934344
5,UPFC_tse,5-15,-2.149647198018337,81,-2.1655459086518336,MAP_SCADA,93,0.01589871063349646
0,x_tcsc,1-14,-0.11180805607061052,82,-0.1287438860906417,MAP_SCADA,93,0.01693583002003117
1,B_svc,2,0.18178182354392003,82,0.2549623147102216,MAP_SCADA,93,0.0731804911663016
2,UPFC_Vsh,5-15,1.1089313718683742,82,1.1096338312405822,MAP_SCADA,93,0.0007024593722080308
3,UPFC_tsh,5-15,-0.2325040165114551,82,-0.23592061381037074,MAP_SCADA,93,0.0034165972989156357
4,UPFC_Vse,5-15,0.059750170374855985,82,0.05929998376082983,MAP_SCADA,93,0.00045018661402615456
5,UPFC_tse,5-15,-2.157267769739594,82,-2.1655459086518336,MAP_SCADA,93,0.008278138912239719
0,x_tcsc,1-14,-0.11196594835243269,83,-0.1287438860906417,MAP_SCADA,93,0.016777937738209
1,B_svc,2,0.18358007288343284,83,0.2549623147102216,MAP_SCADA,93,0.07138224182678879
2,UPFC_Vsh,5-15,1.1066161622964277,83,1.1096338312405822,MAP_SCADA,93,0.0030176689441545612
3,UPFC_tsh,5-15,-0.2338622644581635,83,-0.23592061381037074,MAP_SCADA,93,0.0020583493522072505
4,UPFC_Vse,5-15,0.060341497574501454,83,0.05929998376082983,MAP_SCADA,93,0.001041513813671624
5,UPFC_tse,5-15,-2.1576262979870653,83,-2.1655459086518336,MAP_SCADA,93,0.007919610664768317
0,x_tcsc,1-14,-0.11242372645679247,84,-0.1287438860906417,MAP_SCADA,93,0.016320159633849224
1,B_svc,2,0.181063038342786,84,0.2549623147102216,MAP_SCADA,93,0.07389927636743562
2,UPFC_Vsh,5-15,1.1081734188444792,84,1.1096338312405822,MAP_SCADA,93,0.0014604123961030613
3,UPFC_tsh,5-15,-0.23205042242021406,84,-0.23592061381037074,MAP_SCADA,93,0.00387019139015668
4,UPFC_Vse,5-15,0.060297588621276065,84,0.05929998376082983,MAP_SCADA,93,0.0009976048604462343
5,UPFC_tse,5-15,-2.1552974337286637,84,-2.1655459086518336,MAP_SCADA,93,0.010248474923169937
0,x_tcsc,1-14,-0.11184343666634057,85,-0.1287438860906417,MAP_SCADA,93,0.01690044942430112
1,B_svc,2,0.18561959631485753,85,0.2549623147102216,MAP_SCADA,93,0.0693427183953641
2,UPFC_Vsh,5-15,1.1067012175816726,85,1.1096338312405822,MAP_SCADA,93,0.002932613658909622
3,UPFC_tsh,5-15,-0.23200039920807386,85,-0.23592061381037074,MAP_SCADA,93,0.003920214602296884
4,UPFC_Vse,5-15,0.060508485515277884,85,0.05929998376082983,MAP_SCADA,93,0.0012085017544480534
5,UPFC_tse,5-15,-2.156137188259973,85,-2.1655459086518336,MAP_SCADA,93,0.00940872039186047
0,x_tcsc,1-14,-0.11364135301624523,86,-0.1287438860906417,MAP_SCADA,93,0.015102533074396463
1,B_svc,2,0.1821219783944858,86,0.2549623147102216,MAP_SCADA,93,0.07284033631573583
2,UPFC_Vsh,5-15,1.107820798130156,86,1.1096338312405822,MAP_SCADA,93,0.0018130331104262432
3,UPFC_tsh,5-15,-0.2322128959487655,86,-0.23592061381037074,MAP_SCADA,93,0.003707717861605231
4,UPFC_Vse,5-15,0.060660300434416836,86,0.05929998376082983,MAP_SCADA,93,0.001360316673587006
5,UPFC_tse,5-15,-2.1513489737161597,86,-2.1655459086518336,MAP_SCADA,93,0.014196934935673866
0,x_tcsc,1-14,-0.11243275414694069,87,-0.1287438860906417,MAP_SCADA,93,0.016311131943701
1,B_svc,2,0.18119025313673967,87,0.2549623147102216,MAP_SCADA,93,0.07377206157348196
2,UPFC_Vsh,5-15,1.1088940270782162,87,1.1096338312405822,MAP_SCADA,93,0.0007398041623660756
3,UPFC_tsh,5-15,-0.2316124266592611,87,-0.23592061381037074,MAP_SCADA,93,0.004308187151109644
4,UPFC_Vse,5-15,0.060193264965839675,87,0.05929998376082983,MAP_SCADA,93,0.0008932812050098451
5,UPFC_tse,5-15,-2.1547446105680494,87,-2.1655459086518336,MAP_SCADA,93,0.010801298083784161
0,x_tcsc,1-14,-0.1117050885844963,88,-0.1287438860906417,MAP_SCADA,93,0.017038797506145384
1,B_svc,2,0.18225177768878625,88,0.2549623147102216,MAP_SCADA,93,0.07271053702143537
2,UPFC_Vsh,5-15,1.1091187232902788,88,1.1096338312405822,MAP_SCADA,93,0.0005151079503034062
3,UPFC_tsh,5-15,-0.23202232715977783,88,-0.23592061381037074,MAP_SCADA,93,0.0038982866505929137
4,UPFC_Vse,5-15,0.060376671714547456,88,0.05929998376082983,MAP_SCADA,93,0.0010766879537176255
5,UPFC_tse,5-15,-2.162073760045472,88,-2.1655459086518336,MAP_SCADA,93,0.0034721486063618023
0,x_tcsc,1-14,-0.11379815943239346,89,-0.1287438860906417,MAP_SCADA,93,0.014945726658248226
1,B_svc,2,0.1805462804774064,89,0.2549623147102216,MAP_SCADA,93,0.07441603423281523
2,UPFC_Vsh,5-15,1.1080653754934764,89,1.1096338312405822,MAP_SCADA,93,0.0015684557471058458
3,UPFC_tsh,5-15,-0.2315678341219605,89,-0.23592061381037074,MAP_SCADA,93,0.0043527796884102465
4,UPFC_Vse,5-15,0.060031095941406064,89,0.05929998376082983,MAP_SCADA,93,0.0007311121805762336
5,UPFC_tse,5-15,-2.159275756025949,89,-2.1655459086518336,MAP_SCADA,93,0.006270152625884595
0,x_tcsc,1-14,-0.11269324663045342,90,-0.1287438860906417,MAP_SCADA,93,0.016050639460188268
1,B_svc,2,0.1821197549092243,90,0.2549623147102216,MAP_SCADA,93,0.07284255980099733
2,UPFC_Vsh,5-15,1.1062962965124052,90,1.1096338312405822,MAP_SCADA,93,0.003337534728176994
3,UPFC_tsh,5-15,-0.23417220359261745,90,-0.23592061381037074,MAP_SCADA,93,0.0017484102177532934
4,UPFC_Vse,5-15,0.060051107680717156,90,0.05929998376082983,MAP_SCADA,93,0.0007511239198873254
5,UPFC_tse,5-15,-2.157194858291217,90,-2.1655459086518336,MAP_SCADA,93,0.008351050360616785
0,x_tcsc,1-14,-0.11164315453934559,91,-0.1287438860906417,MAP_SCADA,93,0.0171007315512961
1,B_svc,2,0.18654973269484112,91,0.2549623147102216,MAP_SCADA,93,0.0684125820153805
2,UPFC_Vsh,5-15,1.1068988496328513,91,1.1096338312405822,MAP_SCADA,93,0.002734981607730891
3,UPFC_tsh,5-15,-0.23361650316009025,91,-0.23592061381037074,MAP_SCADA,93,0.0023041106502804942
4,UPFC_Vse,5-15,0.060603644534026314,91,0.05929998376082983,MAP_SCADA,93,0.0013036607731964842
5,UPFC_tse,5-15,-2.1555270160668036,91,-2.1655459086518336,MAP_SCADA,93,0.01001889258502997
0,x_tcsc,1-14,-0.11320362379910998,92,-0.1287438860906417,MAP_SCADA,93,0.015540262291531715
1,B_svc,2,0.1817882088694763,92,0.2549623147102216,MAP_SCADA,93,0.07317410584074532
2,UPFC_Vsh,5-15,1.1076439408886294,92,1.1096338312405822,MAP_SCADA,93,0.00198989035195285
3,UPFC_tsh,5-15,-0.23202215347050792,92,-0.23592061381037074,MAP_SCADA,93,0.003898460339862825
4,UPFC_Vse,5-15,0.06037604036313058,92,0.05929998376082983,MAP_SCADA,93,0.0010760566023007498
5,UPFC_tse,5-15,-2.158383119696829,92,-2.1655459086518336,MAP_SCADA,93,0.007162788955004551
0,x_tcsc,1-14,-0.10898873491513596,93,-0.1287438860906417,MAP_SCADA,93,0.019755151175505734
1,B_svc,2,0.19068847968051864,93,0.2549623147102216,MAP_SCADA,93,0.06427383502970299
2,UPFC_Vsh,5-15,1.1066670030248402,93,1.1096338312405822,MAP_SCADA,93,0.0029668282157420123
3,UPFC_tsh,5-15,-0.23438533687847693,93,-0.23592061381037074,MAP_SCADA,93,0.0015352769318938142
4,UPFC_Vse,5-15,0.06075473700274517,93,0.05929998376082983,MAP_SCADA,93,0.001454753241915338
5,UPFC_tse,5-15,-2.1592122319698612,93,-2.1655459086518336,MAP_SCADA,93,0.006333676681972378
0,x_tcsc,1-14,-0.11178711151202753,94,-0.1287438860906417,MAP_SCADA,93,0.016956774578614164
1,B_svc,2,0.1862241898982063,94,0.2549623147102216,MAP_SCADA,93,0.06873812481201533
2,UPFC_Vsh,5-15,1.1073746068132924,94,1.1096338312405822,MAP_SCADA,93,0.0022592244272898743
3,UPFC_tsh,5-15,-0.23271118962076062,94,-0.23592061381037074,MAP_SCADA,93,0.0032094241896101217
4,UPFC_Vse,5-15,0.05974367351699315,94,0.05929998376082983,MAP_SCADA,93,0.0004436897561633166
5,UPFC_tse,5-15,-2.1591837303616974,94,-2.1655459086518336,MAP_SCADA,93,0.006362178290136189
0,x_tcsc,1-14,-0.11281811211419954,95,-0.1287438860906417,MAP_SCADA,93,0.015925773976442154
1,B_svc,2,0.1798423535605849,95,0.2549623147102216,MAP_SCADA,93,0.07511996114963673
2,UPFC_Vsh,5-15,1.1107640975000732,95,1.1096338312405822,MAP_SCADA,93,0.0011302662594909751
3,UPFC_tsh,5-15,-0.23130359362426886,95,-0.23592061381037074,MAP_SCADA,93,0.004617020186101883
4,UPFC_Vse,5-15,0.060407635714608096,95,0.05929998376082983,MAP_SCADA,93,0.0011076519537782659
5,UPFC_tse,5-15,-2.15105994964005,95,-2.1655459086518336,MAP_SCADA,93,0.0144859590117834
0,x_tcsc,1-14,-0.11195570137059803,96,-0.1287438860906417,MAP_SCADA,93,0.01678818472004366
1,B_svc,2,0.18764742666765016,96,0.2549623147102216,MAP_SCADA,93,0.06731488804257146
2,UPFC_Vsh,5-15,1.109255661757014,96,1.1096338312405822,MAP_SCADA,93,0.0003781694835682803
3,UPFC_tsh,5-15,-0.23200538249675867,96,-0.23592061381037074,MAP_SCADA,93,0.003915231313612072
4,UPFC_Vse,5-15,0.06062835131201776,96,0.05929998376082983,MAP_SCADA,93,0.0013283675511879325
5,UPFC_tse,5-15,-2.1573787027016547,96,-2.1655459086518336,MAP_SCADA,93,0.008167205950178946
0,x_tcsc,1-14,-0.11174140659467031,97,-0.1287438860906417,MAP_SCADA,93,0.017002479495971376
1,B_svc,2,0.18426488750022654,97,0.2549623147102216,MAP_SCADA,93,0.07069742720999508
2,UPFC_Vsh,5-15,1.108756821574409,97,1.1096338312405822,MAP_SCADA,93,0.0008770096661732119
3,UPFC_tsh,5-15,-0.23306784874770028,97,-0.23592061381037074,MAP_SCADA,93,0.0028527650626704593
4,UPFC_Vse,5-15,0.059787575256518455,97,0.05929998376082983,MAP_SCADA,93,0.0004875914956886246
5,UPFC_tse,5-15,-2.1580555421623253,97,-2.1655459086518336,MAP_SCADA,93,0.007490366489508293
0,x_tcsc,1-14,-0.11246565688486991,98,-0.1287438860906417,MAP_SCADA,93,0.01627822920577178
1,B_svc,2,0.18285318023999722,98,0.2549623147102216,MAP_SCADA,93,0.0721091344702244
2,UPFC_Vsh,5-15,1.109484306840395,98,1.1096338312405822,MAP_SCADA,93,0.00014952440018722868
3,UPFC_tsh,5-15,-0.23208286556886998,98,-0.23592061381037074,MAP_SCADA,93,0.0038377482415007658
4,UPFC_Vse,5-15,0.0605315567883521,98,0.05929998376082983,MAP_SCADA,93,0.0012315730275222689
5,UPFC_tse,5-15,-2.1553071214667407,98,-2.1655459086518336,MAP_SCADA,93,0.010238787185092857
0,x_tcsc,1-14,-0.1137018084065269,99,-0.1287438860906417,MAP_SCADA,93,0.015042077684114794
1,B_svc,2,0.17857495229728937,99,0.2549623147102216,MAP_SCADA,93,0.07638736241293226
2,UPFC_Vsh,5-15,1.1088238971653452,99,1.1096338312405822,MAP_SCADA,93,0.0008099340752369955
3,UPFC_tsh,5-15,-0.23186387590410268,99,-0.23592061381037074,MAP_SCADA,93,0.004056737906268065
4,UPFC_Vse,5-15,0.06031676127760777,99,0.05929998376082983,MAP_SCADA,93,0.0010167775167779364
5,UPFC_tse,5-15,-2.153187140622384,99,-2.1655459086518336,MAP_SCADA,93,0.012358768029449685
0,x_tcsc,1-14,-0.1089531511781327,0,-0.12867605302507776,MAP_SCADA,95,0.019722901846945057
1,B_svc,2,0.1897935387956435,0,0.2549563532351921,MAP_SCADA,95,0.0651628144395486
2,UPFC_Vsh,5-15,1.1087431100620921,0,1.109770147574064,MAP_SCADA,95,0.0010270375119718622
3,UPFC_tsh,5-15,-0.23330975381613128,0,-0.23526927092129804,MAP_SCADA,95,0.001959517105166758
4,UPFC_Vse,5-15,0.059910786553985726,0,0.06024939015131792,MAP_SCADA,95,0.0003386035973321974
5,UPFC_tse,5-15,-2.1617541252362744,0,-2.162688233567831,MAP_SCADA,95,0.0009341083315566046
0,x_tcsc,1-14,-0.111586134031699,1,-0.12867605302507776,MAP_SCADA,95,0.017089918993378764
1,B_svc,2,0.18277825912481013,1,0.2549563532351921,MAP_SCADA,95,0.07217809411038198
2,UPFC_Vsh,5-15,1.1082234287991541,1,1.109770147574064,MAP_SCADA,95,0.001546718774909861
3,UPFC_tsh,5-15,-0.23190643054264615,1,-0.23526927092129804,MAP_SCADA,95,0.0033628403786518934
4,UPFC_Vse,5-15,0.06059477305551764,1,0.06024939015131792,MAP_SCADA,95,0.00034538290419971335
5,UPFC_tse,5-15,-2.1540585190564276,1,-2.162688233567831,MAP_SCADA,95,0.008629714511403375
0,x_tcsc,1-14,-0.11211395804478234,2,-0.12867605302507776,MAP_SCADA,95,0.016562094980295414
1,B_svc,2,0.1868625727668949,2,0.2549563532351921,MAP_SCADA,95,0.0680937804682972
2,UPFC_Vsh,5-15,1.1067411309471762,2,1.109770147574064,MAP_SCADA,95,0.003029016626887815
3,UPFC_tsh,5-15,-0.2331739941656229,2,-0.23526927092129804,MAP_SCADA,95,0.0020952767556751406
4,UPFC_Vse,5-15,0.0609363740875178,2,0.06024939015131792,MAP_SCADA,95,0.0006869839361998767
5,UPFC_tse,5-15,-2.152871154024673,2,-2.162688233567831,MAP_SCADA,95,0.009817079543157803
0,x_tcsc,1-14,-0.11285742257812492,3,-0.12867605302507776,MAP_SCADA,95,0.015818630446952836
1,B_svc,2,0.18539429171333982,3,0.2549563532351921,MAP_SCADA,95,0.06956206152185229
2,UPFC_Vsh,5-15,1.1081386969229026,3,1.109770147574064,MAP_SCADA,95,0.0016314506511614368
3,UPFC_tsh,5-15,-0.2324863078339946,3,-0.23526927092129804,MAP_SCADA,95,0.0027829630873034417
4,UPFC_Vse,5-15,0.06048900561970597,3,0.06024939015131792,MAP_SCADA,95,0.00023961546838804915
5,UPFC_tse,5-15,-2.1551872012743307,3,-2.162688233567831,MAP_SCADA,95,0.007501032293500298
0,x_tcsc,1-14,-0.11231476988244248,4,-0.12867605302507776,MAP_SCADA,95,0.016361283142635283
1,B_svc,2,0.18572521980578321,4,0.2549563532351921,MAP_SCADA,95,0.0692311334294089
2,UPFC_Vsh,5-15,1.1056512600233495,4,1.109770147574064,MAP_SCADA,95,0.004118887550714545
3,UPFC_tsh,5-15,-0.2338904834461942,4,-0.23526927092129804,MAP_SCADA,95,0.0013787874751038376
4,UPFC_Vse,5-15,0.060121854908355796,4,0.06024939015131792,MAP_SCADA,95,0.00012753524296212765
5,UPFC_tse,5-15,-2.1592578402365357,4,-2.162688233567831,MAP_SCADA,95,0.003430393331295356
0,x_tcsc,1-14,-0.11178525041785418,5,-0.12867605302507776,MAP_SCADA,95,0.016890802607223573
1,B_svc,2,0.18343692280570392,5,0.2549563532351921,MAP_SCADA,95,0.07151943042948819
2,UPFC_Vsh,5-15,1.109880077816995,5,1.109770147574064,MAP_SCADA,95,0.00010993024293104448
3,UPFC_tsh,5-15,-0.2309144059831098,5,-0.23526927092129804,MAP_SCADA,95,0.004354864938188235
4,UPFC_Vse,5-15,0.0603194722178149,5,0.06024939015131792,MAP_SCADA,95,7.008206649697368e-05
5,UPFC_tse,5-15,-2.155318859766885,5,-2.162688233567831,MAP_SCADA,95,0.007369373800945933
0,x_tcsc,1-14,-0.11333459791028293,6,-0.12867605302507776,MAP_SCADA,95,0.01534145511479483
1,B_svc,2,0.18041966252582461,6,0.2549563532351921,MAP_SCADA,95,0.0745366907093675
2,UPFC_Vsh,5-15,1.1072648590523495,6,1.109770147574064,MAP_SCADA,95,0.0025052885217144993
3,UPFC_tsh,5-15,-0.23253037627372858,6,-0.23526927092129804,MAP_SCADA,95,0.002738894647569462
4,UPFC_Vse,5-15,0.0600837156301815,6,0.06024939015131792,MAP_SCADA,95,0.00016567452113642328
5,UPFC_tse,5-15,-2.1559922176239676,6,-2.162688233567831,MAP_SCADA,95,0.006696015943863376
0,x_tcsc,1-14,-0.11436276256544746,7,-0.12867605302507776,MAP_SCADA,95,0.014313290459630298
1,B_svc,2,0.17578589143797024,7,0.2549563532351921,MAP_SCADA,95,0.07917046179722187
2,UPFC_Vsh,5-15,1.1090257321918613,7,1.109770147574064,MAP_SCADA,95,0.0007444153822027122
3,UPFC_tsh,5-15,-0.230752004160547,7,-0.23526927092129804,MAP_SCADA,95,0.0045172667607510375
4,UPFC_Vse,5-15,0.06009782334247497,7,0.06024939015131792,MAP_SCADA,95,0.0001515668088429567
5,UPFC_tse,5-15,-2.1532896030355704,7,-2.162688233567831,MAP_SCADA,95,0.009398630532260643
0,x_tcsc,1-14,-0.11346472153441553,8,-0.12867605302507776,MAP_SCADA,95,0.015211331490662228
1,B_svc,2,0.18048286210943015,8,0.2549563532351921,MAP_SCADA,95,0.07447349112576196
2,UPFC_Vsh,5-15,1.108480483695338,8,1.109770147574064,MAP_SCADA,95,0.0012896638787260883
3,UPFC_tsh,5-15,-0.23109403596665595,8,-0.23526927092129804,MAP_SCADA,95,0.0041752349546420875
4,UPFC_Vse,5-15,0.05989475052534988,8,0.06024939015131792,MAP_SCADA,95,0.0003546396259680451
5,UPFC_tse,5-15,-2.153008952867411,8,-2.162688233567831,MAP_SCADA,95,0.009679280700420012
0,x_tcsc,1-14,-0.11177440719091994,9,-0.12867605302507776,MAP_SCADA,95,0.01690164583415782
1,B_svc,2,0.18671012434317674,9,0.2549563532351921,MAP_SCADA,95,0.06824622889201537
2,UPFC_Vsh,5-15,1.1037795807258335,9,1.109770147574064,MAP_SCADA,95,0.005990566848230516
3,UPFC_tsh,5-15,-0.23448940288511175,9,-0.23526927092129804,MAP_SCADA,95,0.0007798680361862931
4,UPFC_Vse,5-15,0.06104008593960212,9,0.06024939015131792,MAP_SCADA,95,0.0007906957882841958
5,UPFC_tse,5-15,-2.1543496412886083,9,-2.162688233567831,MAP_SCADA,95,0.008338592279222734
0,x_tcsc,1-14,-0.11194494997492009,10,-0.12867605302507776,MAP_SCADA,95,0.016731103050157667
1,B_svc,2,0.18561780207658218,10,0.2549563532351921,MAP_SCADA,95,0.06933855115860993
2,UPFC_Vsh,5-15,1.1077955580647714,10,1.109770147574064,MAP_SCADA,95,0.0019745895092926347
3,UPFC_tsh,5-15,-0.23357350457639295,10,-0.23526927092129804,MAP_SCADA,95,0.001695766344905092
4,UPFC_Vse,5-15,0.06104911978819504,10,0.06024939015131792,MAP_SCADA,95,0.0007997296368771195
5,UPFC_tse,5-15,-2.1542087215643924,10,-2.162688233567831,MAP_SCADA,95,0.00847951200343866
0,x_tcsc,1-14,-0.11144691933862402,11,-0.12867605302507776,MAP_SCADA,95,0.017229133686453735
1,B_svc,2,0.18733135995158337,11,0.2549563532351921,MAP_SCADA,95,0.06762499328360874
2,UPFC_Vsh,5-15,1.106233756598256,11,1.109770147574064,MAP_SCADA,95,0.003536390975807935
3,UPFC_tsh,5-15,-0.23400144609007603,11,-0.23526927092129804,MAP_SCADA,95,0.0012678248312220086
4,UPFC_Vse,5-15,0.06022611964382545,11,0.06024939015131792,MAP_SCADA,95,2.3270507492470505e-05
5,UPFC_tse,5-15,-2.15561983957537,11,-2.162688233567831,MAP_SCADA,95,0.007068393992461175
0,x_tcsc,1-14,-0.11335974657529489,12,-0.12867605302507776,MAP_SCADA,95,0.015316306449782865
1,B_svc,2,0.18052980160149132,12,0.2549563532351921,MAP_SCADA,95,0.0744265516337008
2,UPFC_Vsh,5-15,1.1072101395226248,12,1.109770147574064,MAP_SCADA,95,0.0025600080514391887
3,UPFC_tsh,5-15,-0.23235149981375186,12,-0.23526927092129804,MAP_SCADA,95,0.00291777110754618
4,UPFC_Vse,5-15,0.06105168575186966,12,0.06024939015131792,MAP_SCADA,95,0.0008022956005517348
5,UPFC_tse,5-15,-2.1503334819797124,12,-2.162688233567831,MAP_SCADA,95,0.012354751588118607
0,x_tcsc,1-14,-0.11211623931164033,13,-0.12867605302507776,MAP_SCADA,95,0.016559813713437427
1,B_svc,2,0.18705823005723368,13,0.2549563532351921,MAP_SCADA,95,0.06789812317795843
2,UPFC_Vsh,5-15,1.1059065780904005,13,1.109770147574064,MAP_SCADA,95,0.0038635694836635093
3,UPFC_tsh,5-15,-0.23398759186968957,13,-0.23526927092129804,MAP_SCADA,95,0.0012816790516084753
4,UPFC_Vse,5-15,0.06032973274826177,13,0.06024939015131792,MAP_SCADA,95,8.034259694384566e-05
5,UPFC_tse,5-15,-2.1569813122485124,13,-2.162688233567831,MAP_SCADA,95,0.005706921319318603
0,x_tcsc,1-14,-0.1137714289763915,14,-0.12867605302507776,MAP_SCADA,95,0.014904624048686255
1,B_svc,2,0.1830696590076973,14,0.2549563532351921,MAP_SCADA,95,0.0718866942274948
2,UPFC_Vsh,5-15,1.1082720687885226,14,1.109770147574064,MAP_SCADA,95,0.0014980787855414235
3,UPFC_tsh,5-15,-0.23205392329338764,14,-0.23526927092129804,MAP_SCADA,95,0.0032153476279103976
4,UPFC_Vse,5-15,0.060411104500337556,14,0.06024939015131792,MAP_SCADA,95,0.00016171434901963294
5,UPFC_tse,5-15,-2.1558802644963175,14,-2.162688233567831,MAP_SCADA,95,0.006807969071513487
0,x_tcsc,1-14,-0.11331493961116607,15,-0.12867605302507776,MAP_SCADA,95,0.015361113413911692
1,B_svc,2,0.1800813984044449,15,0.2549563532351921,MAP_SCADA,95,0.07487495483074721
2,UPFC_Vsh,5-15,1.107314408698073,15,1.109770147574064,MAP_SCADA,95,0.0024557388759909315
3,UPFC_tsh,5-15,-0.23205643090968373,15,-0.23526927092129804,MAP_SCADA,95,0.003212840011614315
4,UPFC_Vse,5-15,0.059873090964751116,15,0.06024939015131792,MAP_SCADA,95,0.0003762991865668072
5,UPFC_tse,5-15,-2.155007128440672,15,-2.162688233567831,MAP_SCADA,95,0.007681105127158805
0,x_tcsc,1-14,-0.1122306884762184,16,-0.12867605302507776,MAP_SCADA,95,0.016445364548859365
1,B_svc,2,0.18775249902392893,16,0.2549563532351921,MAP_SCADA,95,0.06720385421126318
2,UPFC_Vsh,5-15,1.1049647892610377,16,1.109770147574064,MAP_SCADA,95,0.004805358313026309
3,UPFC_tsh,5-15,-0.2330079098466535,16,-0.23526927092129804,MAP_SCADA,95,0.00226136107464453
4,UPFC_Vse,5-15,0.06113724250918414,16,0.06024939015131792,MAP_SCADA,95,0.0008878523578662173
5,UPFC_tse,5-15,-2.157423881875138,16,-2.162688233567831,MAP_SCADA,95,0.0052643516926931255
0,x_tcsc,1-14,-0.11263036020353481,17,-0.12867605302507776,MAP_SCADA,95,0.016045692821542945
1,B_svc,2,0.1817837233928617,17,0.2549563532351921,MAP_SCADA,95,0.07317262984233042
2,UPFC_Vsh,5-15,1.1084114438149966,17,1.109770147574064,MAP_SCADA,95,0.0013587037590674367
3,UPFC_tsh,5-15,-0.23144867598779334,17,-0.23526927092129804,MAP_SCADA,95,0.0038205949335047007
4,UPFC_Vse,5-15,0.060318116756721364,17,0.06024939015131792,MAP_SCADA,95,6.872660540344078e-05
5,UPFC_tse,5-15,-2.153541067371644,17,-2.162688233567831,MAP_SCADA,95,0.009147166196187051
0,x_tcsc,1-14,-0.1123168833646532,18,-0.12867605302507776,MAP_SCADA,95,0.016359169660424555
1,B_svc,2,0.18114343012589246,18,0.2549563532351921,MAP_SCADA,95,0.07381292310929966
2,UPFC_Vsh,5-15,1.108076754568016,18,1.109770147574064,MAP_SCADA,95,0.001693393006048094
3,UPFC_tsh,5-15,-0.2320082068359299,18,-0.23526927092129804,MAP_SCADA,95,0.003261064085368137
4,UPFC_Vse,5-15,0.06041732067962146,18,0.06024939015131792,MAP_SCADA,95,0.0001679305283035365
5,UPFC_tse,5-15,-2.1552625136309573,18,-2.162688233567831,MAP_SCADA,95,0.007425719936873687
0,x_tcsc,1-14,-0.11164424108868416,19,-0.12867605302507776,MAP_SCADA,95,0.017031811936393595
1,B_svc,2,0.18040424893429052,19,0.2549563532351921,MAP_SCADA,95,0.07455210430090159
2,UPFC_Vsh,5-15,1.108871364654878,19,1.109770147574064,MAP_SCADA,95,0.000898782919185992
3,UPFC_tsh,5-15,-0.2324105075658558,19,-0.23526927092129804,MAP_SCADA,95,0.0028587633554422454
4,UPFC_Vse,5-15,0.061155322165232597,19,0.06024939015131792,MAP_SCADA,95,0.0009059320139146732
5,UPFC_tse,5-15,-2.154669972733158,19,-2.162688233567831,MAP_SCADA,95,0.00801826083467283
0,x_tcsc,1-14,-0.11274782327049446,20,-0.12867605302507776,MAP_SCADA,95,0.0159282297545833
1,B_svc,2,0.18459454920584656,20,0.2549563532351921,MAP_SCADA,95,0.07036180402934555
2,UPFC_Vsh,5-15,1.108006286307207,20,1.109770147574064,MAP_SCADA,95,0.0017638612668569031
3,UPFC_tsh,5-15,-0.23191990543603197,20,-0.23526927092129804,MAP_SCADA,95,0.0033493654852660704
4,UPFC_Vse,5-15,0.06008050852103739,20,0.06024939015131792,MAP_SCADA,95,0.00016888163028053182
5,UPFC_tse,5-15,-2.1567097345688575,20,-2.162688233567831,MAP_SCADA,95,0.005978498998973514
0,x_tcsc,1-14,-0.11169414259952308,21,-0.12867605302507776,MAP_SCADA,95,0.016981910425554678
1,B_svc,2,0.1857776632719838,21,0.2549563532351921,MAP_SCADA,95,0.0691786899632083
2,UPFC_Vsh,5-15,1.108184785877071,21,1.109770147574064,MAP_SCADA,95,0.0015853616969929707
3,UPFC_tsh,5-15,-0.23273179667649846,21,-0.23526927092129804,MAP_SCADA,95,0.0025374742447995813
4,UPFC_Vse,5-15,0.05992770845896655,21,0.06024939015131792,MAP_SCADA,95,0.0003216816923513749
5,UPFC_tse,5-15,-2.1568349329799426,21,-2.162688233567831,MAP_SCADA,95,0.005853300587888466
0,x_tcsc,1-14,-0.11260572090998863,22,-0.12867605302507776,MAP_SCADA,95,0.016070332115089125
1,B_svc,2,0.18071338323253047,22,0.2549563532351921,MAP_SCADA,95,0.07424297000266164
2,UPFC_Vsh,5-15,1.106722196604619,22,1.109770147574064,MAP_SCADA,95,0.0030479509694449902
3,UPFC_tsh,5-15,-0.23240057224166638,22,-0.23526927092129804,MAP_SCADA,95,0.0028686986796316594
4,UPFC_Vse,5-15,0.059859672432762606,22,0.06024939015131792,MAP_SCADA,95,0.00038971771855531717
5,UPFC_tse,5-15,-2.1554046999392504,22,-2.162688233567831,MAP_SCADA,95,0.007283533628580585
0,x_tcsc,1-14,-0.10863106555895048,23,-0.12867605302507776,MAP_SCADA,95,0.020044987466127276
1,B_svc,2,0.19440583723342642,23,0.2549563532351921,MAP_SCADA,95,0.0605505160017657
2,UPFC_Vsh,5-15,1.1056047474826858,23,1.109770147574064,MAP_SCADA,95,0.004165400091378224
3,UPFC_tsh,5-15,-0.23553602350049807,23,-0.23526927092129804,MAP_SCADA,95,0.00026675257920003026
4,UPFC_Vse,5-15,0.06062491232048908,23,0.06024939015131792,MAP_SCADA,95,0.0003755221691711594
5,UPFC_tse,5-15,-2.1604370235879395,23,-2.162688233567831,MAP_SCADA,95,0.0022512099798914775
0,x_tcsc,1-14,-0.11358461640106417,24,-0.12867605302507776,MAP_SCADA,95,0.01509143662401359
1,B_svc,2,0.17847299555661278,24,0.2549563532351921,MAP_SCADA,95,0.07648335767857933
2,UPFC_Vsh,5-15,1.1077453708357268,24,1.109770147574064,MAP_SCADA,95,0.0020247767383372306
3,UPFC_tsh,5-15,-0.23118967241909189,24,-0.23526927092129804,MAP_SCADA,95,0.004079598502206155
4,UPFC_Vse,5-15,0.06001689749729636,24,0.06024939015131792,MAP_SCADA,95,0.00023249265402155994
5,UPFC_tse,5-15,-2.1543010736861428,24,-2.162688233567831,MAP_SCADA,95,0.008387159881688255
0,x_tcsc,1-14,-0.11320004043012336,25,-0.12867605302507776,MAP_SCADA,95,0.015476012594954403
1,B_svc,2,0.17941167260829785,25,0.2549563532351921,MAP_SCADA,95,0.07554468062689426
2,UPFC_Vsh,5-15,1.1101974435380184,25,1.109770147574064,MAP_SCADA,95,0.0004272959639544105
3,UPFC_tsh,5-15,-0.23031717049236608,25,-0.23526927092129804,MAP_SCADA,95,0.00495210042893196
4,UPFC_Vse,5-15,0.05996830578511454,25,0.06024939015131792,MAP_SCADA,95,0.000281084366203381
5,UPFC_tse,5-15,-2.1553668754708863,25,-2.162688233567831,MAP_SCADA,95,0.0073213580969446745
0,x_tcsc,1-14,-0.11212214964649692,26,-0.12867605302507776,MAP_SCADA,95,0.016553903378580842
1,B_svc,2,0.1816223075761155,26,0.2549563532351921,MAP_SCADA,95,0.07333404565907661
2,UPFC_Vsh,5-15,1.1082064053681402,26,1.109770147574064,MAP_SCADA,95,0.0015637422059238126
3,UPFC_tsh,5-15,-0.23179014857039898,26,-0.23526927092129804,MAP_SCADA,95,0.003479122350899061
4,UPFC_Vse,5-15,0.060238724303090414,26,0.06024939015131792,MAP_SCADA,95,1.0665848227509045e-05
5,UPFC_tse,5-15,-2.1599186635184866,26,-2.162688233567831,MAP_SCADA,95,0.0027695700493444164
0,x_tcsc,1-14,-0.11119204081336112,27,-0.12867605302507776,MAP_SCADA,95,0.017484012211716637
1,B_svc,2,0.1842705258074126,27,0.2549563532351921,MAP_SCADA,95,0.07068582742777951
2,UPFC_Vsh,5-15,1.1059116452390325,27,1.109770147574064,MAP_SCADA,95,0.0038585023350314884
3,UPFC_tsh,5-15,-0.23295759170996305,27,-0.23526927092129804,MAP_SCADA,95,0.002311679211334988
4,UPFC_Vse,5-15,0.06053072554552834,27,0.06024939015131792,MAP_SCADA,95,0.0002813353942104149
5,UPFC_tse,5-15,-2.1561425446031106,27,-2.162688233567831,MAP_SCADA,95,0.006545688964720409
0,x_tcsc,1-14,-0.11078516593243308,28,-0.12867605302507776,MAP_SCADA,95,0.017890887092644678
1,B_svc,2,0.1862073014298553,28,0.2549563532351921,MAP_SCADA,95,0.0687490518053368
2,UPFC_Vsh,5-15,1.105306562887327,28,1.109770147574064,MAP_SCADA,95,0.00446358468673691
3,UPFC_tsh,5-15,-0.2340897760936502,28,-0.23526927092129804,MAP_SCADA,95,0.0011794948276478423
4,UPFC_Vse,5-15,0.06031540260348843,28,0.06024939015131792,MAP_SCADA,95,6.601245217050661e-05
5,UPFC_tse,5-15,-2.159848933017864,28,-2.162688233567831,MAP_SCADA,95,0.00283930054996695
0,x_tcsc,1-14,-0.11114633594373284,29,-0.12867605302507776,MAP_SCADA,95,0.017529717081344917
1,B_svc,2,0.18515795790093445,29,0.2549563532351921,MAP_SCADA,95,0.06979839533425766
2,UPFC_Vsh,5-15,1.1077676810944392,29,1.109770147574064,MAP_SCADA,95,0.002002466479624765
3,UPFC_tsh,5-15,-0.2328826952361252,29,-0.23526927092129804,MAP_SCADA,95,0.002386575685172837
4,UPFC_Vse,5-15,0.06039577683997066,29,0.06024939015131792,MAP_SCADA,95,0.00014638668865273735
5,UPFC_tse,5-15,-2.155335140690537,29,-2.162688233567831,MAP_SCADA,95,0.007353092877294021
0,x_tcsc,1-14,-0.11216068815257503,30,-0.12867605302507776,MAP_SCADA,95,0.016515364872502727
1,B_svc,2,0.17704446044748634,30,0.2549563532351921,MAP_SCADA,95,0.07791189278770577
2,UPFC_Vsh,5-15,1.109683072820936,30,1.109770147574064,MAP_SCADA,95,8.707475312808022e-05
3,UPFC_tsh,5-15,-0.23174778760842352,30,-0.23526927092129804,MAP_SCADA,95,0.0035214833128745238
4,UPFC_Vse,5-15,0.06019310784890161,30,0.06024939015131792,MAP_SCADA,95,5.628230241631199e-05
5,UPFC_tse,5-15,-2.1564072150031643,30,-2.162688233567831,MAP_SCADA,95,0.006281018564666674
0,x_tcsc,1-14,-0.11251342636674841,31,-0.12867605302507776,MAP_SCADA,95,0.01616262665832935
1,B_svc,2,0.1831099893073962,31,0.2549563532351921,MAP_SCADA,95,0.07184636392779592
2,UPFC_Vsh,5-15,1.1078159760395527,31,1.109770147574064,MAP_SCADA,95,0.001954171534511273
3,UPFC_tsh,5-15,-0.23189856588754654,31,-0.23526927092129804,MAP_SCADA,95,0.003370705033751503
4,UPFC_Vse,5-15,0.06007672510263565,31,0.06024939015131792,MAP_SCADA,95,0.0001726650486822759
5,UPFC_tse,5-15,-2.1587524619933207,31,-2.162688233567831,MAP_SCADA,95,0.003935771574510305
0,x_tcsc,1-14,-0.10935089542807824,32,-0.12867605302507776,MAP_SCADA,95,0.019325157596999515
1,B_svc,2,0.18873592910746403,32,0.2549563532351921,MAP_SCADA,95,0.06622042412772808
2,UPFC_Vsh,5-15,1.109038949726816,32,1.109770147574064,MAP_SCADA,95,0.0007311978472479552
3,UPFC_tsh,5-15,-0.2330027710688704,32,-0.23526927092129804,MAP_SCADA,95,0.0022664998524276336
4,UPFC_Vse,5-15,0.05985014716756717,32,0.06024939015131792,MAP_SCADA,95,0.0003992429837507555
5,UPFC_tse,5-15,-2.1617669058380433,32,-2.162688233567831,MAP_SCADA,95,0.0009213277297877021
0,x_tcsc,1-14,-0.11132959920201867,33,-0.12867605302507776,MAP_SCADA,95,0.01734645382305909
1,B_svc,2,0.18595327212098606,33,0.2549563532351921,MAP_SCADA,95,0.06900308111420606
2,UPFC_Vsh,5-15,1.108084565723442,33,1.109770147574064,MAP_SCADA,95,0.0016855818506220643
3,UPFC_tsh,5-15,-0.2321353180308911,33,-0.23526927092129804,MAP_SCADA,95,0.003133952890406938
4,UPFC_Vse,5-15,0.06002017416798528,33,0.06024939015131792,MAP_SCADA,95,0.00022921598333264237
5,UPFC_tse,5-15,-2.157033850389164,33,-2.162688233567831,MAP_SCADA,95,0.005654383178666844
0,x_tcsc,1-14,-0.11034198001640978,34,-0.12867605302507776,MAP_SCADA,95,0.018334073008667975
1,B_svc,2,0.18678599517759245,34,0.2549563532351921,MAP_SCADA,95,0.06817035805759966
2,UPFC_Vsh,5-15,1.1085563560496479,34,1.109770147574064,MAP_SCADA,95,0.0012137915244161412
3,UPFC_tsh,5-15,-0.23312360340740504,34,-0.23526927092129804,MAP_SCADA,95,0.0021456675138930015
4,UPFC_Vse,5-15,0.060366956294376876,34,0.06024939015131792,MAP_SCADA,95,0.00011756614305895308
5,UPFC_tse,5-15,-2.1581320522383804,34,-2.162688233567831,MAP_SCADA,95,0.00455618132945057
0,x_tcsc,1-14,-0.11311317898577221,35,-0.12867605302507776,MAP_SCADA,95,0.01556287403930555
1,B_svc,2,0.18325163162252295,35,0.2549563532351921,MAP_SCADA,95,0.07170472161266916
2,UPFC_Vsh,5-15,1.1098842983230832,35,1.109770147574064,MAP_SCADA,95,0.00011415074901921507
3,UPFC_tsh,5-15,-0.23130759162507253,35,-0.23526927092129804,MAP_SCADA,95,0.003961679296225512
4,UPFC_Vse,5-15,0.06016391902929492,35,0.06024939015131792,MAP_SCADA,95,8.547112202300644e-05
5,UPFC_tse,5-15,-2.1548243799234137,35,-2.162688233567831,MAP_SCADA,95,0.007863853644417329
0,x_tcsc,1-14,-0.1149720819539307,36,-0.12867605302507776,MAP_SCADA,95,0.013703971071147056
1,B_svc,2,0.1750447967126657,36,0.2549563532351921,MAP_SCADA,95,0.0799115565225264
2,UPFC_Vsh,5-15,1.1102778223388667,36,1.109770147574064,MAP_SCADA,95,0.0005076747648027347
3,UPFC_tsh,5-15,-0.22961423202170334,36,-0.23526927092129804,MAP_SCADA,95,0.005655038899594705
4,UPFC_Vse,5-15,0.060175439493694916,36,0.06024939015131792,MAP_SCADA,95,7.395065762300784e-05
5,UPFC_tse,5-15,-2.1527252492944804,36,-2.162688233567831,MAP_SCADA,95,0.009962984273350628
0,x_tcsc,1-14,-0.1135383168444,37,-0.12867605302507776,MAP_SCADA,95,0.015137736180677763
1,B_svc,2,0.1808875627066663,37,0.2549563532351921,MAP_SCADA,95,0.0740687905285258
2,UPFC_Vsh,5-15,1.1097833398341765,37,1.109770147574064,MAP_SCADA,95,1.3192260112537824e-05
3,UPFC_tsh,5-15,-0.2306731020068669,37,-0.23526927092129804,MAP_SCADA,95,0.0045961689144311535
4,UPFC_Vse,5-15,0.059604765997265136,37,0.06024939015131792,MAP_SCADA,95,0.0006446241540527878
5,UPFC_tse,5-15,-2.1598551334837475,37,-2.162688233567831,MAP_SCADA,95,0.0028331000840835507
0,x_tcsc,1-14,-0.11241197576694792,38,-0.12867605302507776,MAP_SCADA,95,0.01626407725812984
1,B_svc,2,0.18139884194193798,38,0.2549563532351921,MAP_SCADA,95,0.07355751129325414
2,UPFC_Vsh,5-15,1.1092926368032598,38,1.109770147574064,MAP_SCADA,95,0.00047751077080415705
3,UPFC_tsh,5-15,-0.23168033003577468,38,-0.23526927092129804,MAP_SCADA,95,0.0035889408855233618
4,UPFC_Vse,5-15,0.06042739705196942,38,0.06024939015131792,MAP_SCADA,95,0.0001780069006514992
5,UPFC_tse,5-15,-2.150262573934795,38,-2.162688233567831,MAP_SCADA,95,0.012425659633036101
0,x_tcsc,1-14,-0.11336627208444718,39,-0.12867605302507776,MAP_SCADA,95,0.015309780940630582
1,B_svc,2,0.1824406965904449,39,0.2549563532351921,MAP_SCADA,95,0.07251565664474721
2,UPFC_Vsh,5-15,1.109450803391796,39,1.109770147574064,MAP_SCADA,95,0.00031934418226797767
3,UPFC_tsh,5-15,-0.23110270791873322,39,-0.23526927092129804,MAP_SCADA,95,0.0041665630025648215
4,UPFC_Vse,5-15,0.06015947124209428,39,0.06024939015131792,MAP_SCADA,95,8.991890922364215e-05
5,UPFC_tse,5-15,-2.1525195949795397,39,-2.162688233567831,MAP_SCADA,95,0.010168638588291312
0,x_tcsc,1-14,-0.11449781928869908,40,-0.12867605302507776,MAP_SCADA,95,0.014178233736378679
1,B_svc,2,0.17698963311880708,40,0.2549563532351921,MAP_SCADA,95,0.07796672011638503
2,UPFC_Vsh,5-15,1.1099220982081328,40,1.109770147574064,MAP_SCADA,95,0.00015195063406880926
3,UPFC_tsh,5-15,-0.23127461686611703,40,-0.23526927092129804,MAP_SCADA,95,0.003994654055181013
4,UPFC_Vse,5-15,0.060217625795988015,40,0.06024939015131792,MAP_SCADA,95,3.1764355329907956e-05
5,UPFC_tse,5-15,-2.1504069037421822,40,-2.162688233567831,MAP_SCADA,95,0.012281329825648779
0,x_tcsc,1-14,-0.11093572745407543,41,-0.12867605302507776,MAP_SCADA,95,0.01774032557100233
1,B_svc,2,0.18531896959267724,41,0.2549563532351921,MAP_SCADA,95,0.06963738364251487
2,UPFC_Vsh,5-15,1.108434994048722,41,1.109770147574064,MAP_SCADA,95,0.001335153525342081
3,UPFC_tsh,5-15,-0.233408373060217,41,-0.23526927092129804,MAP_SCADA,95,0.00186089786108104
4,UPFC_Vse,5-15,0.060499846182725275,41,0.06024939015131792,MAP_SCADA,95,0.000250456031407352
5,UPFC_tse,5-15,-2.1601069645717934,41,-2.162688233567831,MAP_SCADA,95,0.002581268996037611
0,x_tcsc,1-14,-0.11147761500004855,42,-0.12867605302507776,MAP_SCADA,95,0.01719843802502921
1,B_svc,2,0.18730903475163513,42,0.2549563532351921,MAP_SCADA,95,0.06764731848355698
2,UPFC_Vsh,5-15,1.1074933658695576,42,1.109770147574064,MAP_SCADA,95,0.002276781704506403
3,UPFC_tsh,5-15,-0.23274285808599332,42,-0.23526927092129804,MAP_SCADA,95,0.00252641283530472
4,UPFC_Vse,5-15,0.06046335877714539,42,0.06024939015131792,MAP_SCADA,95,0.00021396862582746812
5,UPFC_tse,5-15,-2.154540752922178,42,-2.162688233567831,MAP_SCADA,95,0.008147480645653182
0,x_tcsc,1-14,-0.11305657612109273,43,-0.12867605302507776,MAP_SCADA,95,0.015619476903985033
1,B_svc,2,0.1792216928206034,43,0.2549563532351921,MAP_SCADA,95,0.0757346604145887
2,UPFC_Vsh,5-15,1.1100005386855296,43,1.109770147574064,MAP_SCADA,95,0.00023039111146561098
3,UPFC_tsh,5-15,-0.23036578137282954,43,-0.23526927092129804,MAP_SCADA,95,0.004903489548468504
4,UPFC_Vse,5-15,0.06057910375371149,43,0.06024939015131792,MAP_SCADA,95,0.0003297136023935679
5,UPFC_tse,5-15,-2.1561589997097914,43,-2.162688233567831,MAP_SCADA,95,0.006529233858039607
0,x_tcsc,1-14,-0.11207535639674679,44,-0.12867605302507776,MAP_SCADA,95,0.01660069662833097
1,B_svc,2,0.1846858498020382,44,0.2549563532351921,MAP_SCADA,95,0.07027050343315391
2,UPFC_Vsh,5-15,1.1077601535326256,44,1.109770147574064,MAP_SCADA,95,0.002009994041438423
3,UPFC_tsh,5-15,-0.23261638863089268,44,-0.23526927092129804,MAP_SCADA,95,0.0026528822904053617
4,UPFC_Vse,5-15,0.06047525859342069,44,0.06024939015131792,MAP_SCADA,95,0.00022586844210276819
5,UPFC_tse,5-15,-2.154046429528506,44,-2.162688233567831,MAP_SCADA,95,0.00864180403932524
0,x_tcsc,1-14,-0.11375431081784133,45,-0.12867605302507776,MAP_SCADA,95,0.014921742207236424
1,B_svc,2,0.17477818719938254,45,0.2549563532351921,MAP_SCADA,95,0.08017816603580957
2,UPFC_Vsh,5-15,1.1093197165452422,45,1.109770147574064,MAP_SCADA,95,0.0004504310288218072
3,UPFC_tsh,5-15,-0.23071303918734726,45,-0.23526927092129804,MAP_SCADA,95,0.004556231733950783
4,UPFC_Vse,5-15,0.06014026459677954,45,0.06024939015131792,MAP_SCADA,95,0.00010912555453838207
5,UPFC_tse,5-15,-2.15388812615601,45,-2.162688233567831,MAP_SCADA,95,0.008800107411821134
0,x_tcsc,1-14,-0.11310434548909658,46,-0.12867605302507776,MAP_SCADA,95,0.01557170753598118
1,B_svc,2,0.17866334359157365,46,0.2549563532351921,MAP_SCADA,95,0.07629300964361846
2,UPFC_Vsh,5-15,1.108715174743999,46,1.109770147574064,MAP_SCADA,95,0.0010549728300650596
3,UPFC_tsh,5-15,-0.23114836154528098,46,-0.23526927092129804,MAP_SCADA,95,0.004120909376017057
4,UPFC_Vse,5-15,0.060340846612470904,46,0.06024939015131792,MAP_SCADA,95,9.145646115298056e-05
5,UPFC_tse,5-15,-2.155077590767528,46,-2.162688233567831,MAP_SCADA,95,0.00761064280030288
0,x_tcsc,1-14,-0.1126163685304988,47,-0.12867605302507776,MAP_SCADA,95,0.016059684494578952
1,B_svc,2,0.1826820223153454,47,0.2549563532351921,MAP_SCADA,95,0.07227433091984672
2,UPFC_Vsh,5-15,1.1078508671343414,47,1.109770147574064,MAP_SCADA,95,0.0019192804397225594
3,UPFC_tsh,5-15,-0.23195436112425402,47,-0.23526927092129804,MAP_SCADA,95,0.003314909797044019
4,UPFC_Vse,5-15,0.06005427570146322,47,0.06024939015131792,MAP_SCADA,95,0.00019511444985470527
5,UPFC_tse,5-15,-2.149004765473707,47,-2.162688233567831,MAP_SCADA,95,0.01368346809412424
0,x_tcsc,1-14,-0.11202393736720709,48,-0.12867605302507776,MAP_SCADA,95,0.01665211565787067
1,B_svc,2,0.18197032083453404,48,0.2549563532351921,MAP_SCADA,95,0.07298603240065807
2,UPFC_Vsh,5-15,1.1088869066003255,48,1.109770147574064,MAP_SCADA,95,0.0008832409737384861
3,UPFC_tsh,5-15,-0.23173744296455784,48,-0.23526927092129804,MAP_SCADA,95,0.0035318279567402022
4,UPFC_Vse,5-15,0.06064179275722406,48,0.06024939015131792,MAP_SCADA,95,0.0003924026059061378
5,UPFC_tse,5-15,-2.1579971846390347,48,-2.162688233567831,MAP_SCADA,95,0.004691048928796349
0,x_tcsc,1-14,-0.11301190854144895,49,-0.12867605302507776,MAP_SCADA,95,0.01566414448362881
1,B_svc,2,0.1826769526565768,49,0.2549563532351921,MAP_SCADA,95,0.07227940057861532
2,UPFC_Vsh,5-15,1.10911972473425,49,1.109770147574064,MAP_SCADA,95,0.000650422839814091
3,UPFC_tsh,5-15,-0.23197494578688546,49,-0.23526927092129804,MAP_SCADA,95,0.003294325134412579
4,UPFC_Vse,5-15,0.06039511975662008,49,0.06024939015131792,MAP_SCADA,95,0.00014572960530215978
5,UPFC_tse,5-15,-2.159769366853597,49,-2.162688233567831,MAP_SCADA,95,0.002918866714233914
0,x_tcsc,1-14,-0.11232464740583507,50,-0.12867605302507776,MAP_SCADA,95,0.016351405619242684
1,B_svc,2,0.1804661933096819,50,0.2549563532351921,MAP_SCADA,95,0.07449015992551022
2,UPFC_Vsh,5-15,1.1082997050473367,50,1.109770147574064,MAP_SCADA,95,0.0014704425267273447
3,UPFC_tsh,5-15,-0.23223059620849504,50,-0.23526927092129804,MAP_SCADA,95,0.0030386747128030023
4,UPFC_Vse,5-15,0.060382776568446615,50,0.06024939015131792,MAP_SCADA,95,0.00013338641712869193
5,UPFC_tse,5-15,-2.15506436388257,50,-2.162688233567831,MAP_SCADA,95,0.007623869685260853
0,x_tcsc,1-14,-0.11361562540832322,51,-0.12867605302507776,MAP_SCADA,95,0.015060427616754538
1,B_svc,2,0.17885922469653856,51,0.2549563532351921,MAP_SCADA,95,0.07609712853865355
2,UPFC_Vsh,5-15,1.1070689001567269,51,1.109770147574064,MAP_SCADA,95,0.002701247417337127
3,UPFC_tsh,5-15,-0.2321065832889006,51,-0.23526927092129804,MAP_SCADA,95,0.0031626876323974373
4,UPFC_Vse,5-15,0.06052340155011435,51,0.06024939015131792,MAP_SCADA,95,0.00027401139879642405
5,UPFC_tse,5-15,-2.1551682308222206,51,-2.162688233567831,MAP_SCADA,95,0.007520002745610377
0,x_tcsc,1-14,-0.10848351521084021,52,-0.12867605302507776,MAP_SCADA,95,0.02019253781423755
1,B_svc,2,0.19662177475265205,52,0.2549563532351921,MAP_SCADA,95,0.05833457848254006
2,UPFC_Vsh,5-15,1.1078003615348868,52,1.109770147574064,MAP_SCADA,95,0.0019697860391771904
3,UPFC_tsh,5-15,-0.23401474328945562,52,-0.23526927092129804,MAP_SCADA,95,0.001254527631842417
4,UPFC_Vse,5-15,0.06035505211035941,52,0.06024939015131792,MAP_SCADA,95,0.00010566195904148507
5,UPFC_tse,5-15,-2.160186956663391,52,-2.162688233567831,MAP_SCADA,95,0.0025012769044399086
0,x_tcsc,1-14,-0.11302618824924493,53,-0.12867605302507776,MAP_SCADA,95,0.015649864775832828
1,B_svc,2,0.1855528678668657,53,0.2549563532351921,MAP_SCADA,95,0.06940348536832641
2,UPFC_Vsh,5-15,1.106401917745756,53,1.109770147574064,MAP_SCADA,95,0.003368229828307978
3,UPFC_tsh,5-15,-0.23299677621338608,53,-0.23526927092129804,MAP_SCADA,95,0.002272494707911965
4,UPFC_Vse,5-15,0.06025677125495774,53,0.06024939015131792,MAP_SCADA,95,7.381103639819697e-06
5,UPFC_tse,5-15,-2.1530014389473546,53,-2.162688233567831,MAP_SCADA,95,0.009686794620476391
0,x_tcsc,1-14,-0.10992588267449988,54,-0.12867605302507776,MAP_SCADA,95,0.018750170350577883
1,B_svc,2,0.18850845278962525,54,0.2549563532351921,MAP_SCADA,95,0.06644790044556687
2,UPFC_Vsh,5-15,1.1080263661691967,54,1.109770147574064,MAP_SCADA,95,0.0017437814048673062
3,UPFC_tsh,5-15,-0.2334353156834582,54,-0.23526927092129804,MAP_SCADA,95,0.0018339552378398294
4,UPFC_Vse,5-15,0.060702502198160174,54,0.06024939015131792,MAP_SCADA,95,0.00045311204684225087
5,UPFC_tse,5-15,-2.159140326809645,54,-2.162688233567831,MAP_SCADA,95,0.003547906758186059
0,x_tcsc,1-14,-0.11090856933726283,55,-0.12867605302507776,MAP_SCADA,95,0.01776748368781493
1,B_svc,2,0.18390305521965483,55,0.2549563532351921,MAP_SCADA,95,0.07105329801553728
2,UPFC_Vsh,5-15,1.105779728191416,55,1.109770147574064,MAP_SCADA,95,0.003990419382648103
3,UPFC_tsh,5-15,-0.23355893281144285,55,-0.23526927092129804,MAP_SCADA,95,0.0017103381098551862
4,UPFC_Vse,5-15,0.06052711291959248,55,0.06024939015131792,MAP_SCADA,95,0.00027772276827455616
5,UPFC_tse,5-15,-2.1596477295296808,55,-2.162688233567831,MAP_SCADA,95,0.00304050403815026
0,x_tcsc,1-14,-0.11295801478895467,56,-0.12867605302507776,MAP_SCADA,95,0.015718038236123083
1,B_svc,2,0.18145367109197516,56,0.2549563532351921,MAP_SCADA,95,0.07350268214321695
2,UPFC_Vsh,5-15,1.108183062115895,56,1.109770147574064,MAP_SCADA,95,0.0015870854581689908
3,UPFC_tsh,5-15,-0.23276754175977452,56,-0.23526927092129804,MAP_SCADA,95,0.002501729161523525
4,UPFC_Vse,5-15,0.060201074271315824,56,0.06024939015131792,MAP_SCADA,95,4.831588000209913e-05
5,UPFC_tse,5-15,-2.1541185297160985,56,-2.162688233567831,MAP_SCADA,95,0.008569703851732502
0,x_tcsc,1-14,-0.11331549764469787,57,-0.12867605302507776,MAP_SCADA,95,0.015360555380379892
1,B_svc,2,0.18113549787680508,57,0.2549563532351921,MAP_SCADA,95,0.07382085535838703
2,UPFC_Vsh,5-15,1.1080297025810695,57,1.109770147574064,MAP_SCADA,95,0.0017404449929945276
3,UPFC_tsh,5-15,-0.2318175980644757,57,-0.23526927092129804,MAP_SCADA,95,0.003451672856822352
4,UPFC_Vse,5-15,0.05974123277280337,57,0.06024939015131792,MAP_SCADA,95,0.0005081573785145552
5,UPFC_tse,5-15,-2.1568552925009024,57,-2.162688233567831,MAP_SCADA,95,0.005832941066928665
0,x_tcsc,1-14,-0.11259592447870835,58,-0.12867605302507776,MAP_SCADA,95,0.016080128546369407
1,B_svc,2,0.1855124996650732,58,0.2549563532351921,MAP_SCADA,95,0.06944385357011892
2,UPFC_Vsh,5-15,1.1041639179721214,58,1.109770147574064,MAP_SCADA,95,0.0056062296019425695
3,UPFC_tsh,5-15,-0.2337457779457213,58,-0.23526927092129804,MAP_SCADA,95,0.0015234929755767457
4,UPFC_Vse,5-15,0.060641571824637475,58,0.06024939015131792,MAP_SCADA,95,0.0003921816733195513
5,UPFC_tse,5-15,-2.1560231945507224,58,-2.162688233567831,MAP_SCADA,95,0.006665039017108576
0,x_tcsc,1-14,-0.11286231559448634,59,-0.12867605302507776,MAP_SCADA,95,0.015813737430591418
1,B_svc,2,0.1817952967432671,59,0.2549563532351921,MAP_SCADA,95,0.073161056491925
2,UPFC_Vsh,5-15,1.108691902973475,59,1.109770147574064,MAP_SCADA,95,0.001078244600589029
3,UPFC_tsh,5-15,-0.23184199738940517,59,-0.23526927092129804,MAP_SCADA,95,0.0034272735318928715
4,UPFC_Vse,5-15,0.060454713383064476,59,0.06024939015131792,MAP_SCADA,95,0.00020532323174655281
5,UPFC_tse,5-15,-2.15495703243471,59,-2.162688233567831,MAP_SCADA,95,0.0077312011331209796
0,x_tcsc,1-14,-0.1125451676959699,60,-0.12867605302507776,MAP_SCADA,95,0.016130885329107864
1,B_svc,2,0.18446213206889514,60,0.2549563532351921,MAP_SCADA,95,0.07049422116629697
2,UPFC_Vsh,5-15,1.108050671247431,60,1.109770147574064,MAP_SCADA,95,0.0017194763266330515
3,UPFC_tsh,5-15,-0.2323091987208775,60,-0.23526927092129804,MAP_SCADA,95,0.0029600722004205493
4,UPFC_Vse,5-15,0.06027242282692596,60,0.06024939015131792,MAP_SCADA,95,2.3032675608034014e-05
5,UPFC_tse,5-15,-2.1526136198908206,60,-2.162688233567831,MAP_SCADA,95,0.010074613677010458
0,x_tcsc,1-14,-0.11410481713499057,61,-0.12867605302507776,MAP_SCADA,95,0.014571235890087186
1,B_svc,2,0.17972519930177294,61,0.2549563532351921,MAP_SCADA,95,0.07523115393341917
2,UPFC_Vsh,5-15,1.1062344025143551,61,1.109770147574064,MAP_SCADA,95,0.0035357450597088835
3,UPFC_tsh,5-15,-0.23187134686501007,61,-0.23526927092129804,MAP_SCADA,95,0.003397924056287971
4,UPFC_Vse,5-15,0.06071318870310169,61,0.06024939015131792,MAP_SCADA,95,0.0004637985517837659
5,UPFC_tse,5-15,-2.1542601835848503,61,-2.162688233567831,MAP_SCADA,95,0.008428049982980745
0,x_tcsc,1-14,-0.1115933269007217,62,-0.12867605302507776,MAP_SCADA,95,0.01708272612435606
1,B_svc,2,0.18400213468782292,62,0.2549563532351921,MAP_SCADA,95,0.07095421854736919
2,UPFC_Vsh,5-15,1.1074571520285303,62,1.109770147574064,MAP_SCADA,95,0.002312995545533658
3,UPFC_tsh,5-15,-0.23263168864163766,62,-0.23526927092129804,MAP_SCADA,95,0.0026375822796603776
4,UPFC_Vse,5-15,0.05996998341083485,62,0.06024939015131792,MAP_SCADA,95,0.00027940674048307357
5,UPFC_tse,5-15,-2.1600345054626127,62,-2.162688233567831,MAP_SCADA,95,0.002653728105218356
0,x_tcsc,1-14,-0.11148815154244913,63,-0.12867605302507776,MAP_SCADA,95,0.017187901482628623
1,B_svc,2,0.18721449786679403,63,0.2549563532351921,MAP_SCADA,95,0.06774185536839808
2,UPFC_Vsh,5-15,1.1070688856726931,63,1.109770147574064,MAP_SCADA,95,0.002701261901370877
3,UPFC_tsh,5-15,-0.23342688662212113,63,-0.23526927092129804,MAP_SCADA,95,0.001842384299176908
4,UPFC_Vse,5-15,0.05977947534148236,63,0.06024939015131792,MAP_SCADA,95,0.00046991480983556155
5,UPFC_tse,5-15,-2.1563252483151594,63,-2.162688233567831,MAP_SCADA,95,0.006362985252671649
0,x_tcsc,1-14,-0.11195724792908147,64,-0.12867605302507776,MAP_SCADA,95,0.016718805095996284
1,B_svc,2,0.18532267620046441,64,0.2549563532351921,MAP_SCADA,95,0.0696336770347277
2,UPFC_Vsh,5-15,1.1062982148266969,64,1.109770147574064,MAP_SCADA,95,0.0034719327473671235
3,UPFC_tsh,5-15,-0.23231828006468574,64,-0.23526927092129804,MAP_SCADA,95,0.0029509908566122955
4,UPFC_Vse,5-15,0.060691859349195215,64,0.06024939015131792,MAP_SCADA,95,0.00044246919787729183
5,UPFC_tse,5-15,-2.152693367047146,64,-2.162688233567831,MAP_SCADA,95,0.00999486652068482
0,x_tcsc,1-14,-0.11295515105283893,65,-0.12867605302507776,MAP_SCADA,95,0.015720901972238827
1,B_svc,2,0.18060145943688566,65,0.2549563532351921,MAP_SCADA,95,0.07435489379830645
2,UPFC_Vsh,5-15,1.1078146006483933,65,1.109770147574064,MAP_SCADA,95,0.0019555469256706814
3,UPFC_tsh,5-15,-0.23209500185534337,65,-0.23526927092129804,MAP_SCADA,95,0.0031742690659546657
4,UPFC_Vse,5-15,0.06005942127011483,65,0.06024939015131792,MAP_SCADA,95,0.0001899688812030953
5,UPFC_tse,5-15,-2.152035993257443,65,-2.162688233567831,MAP_SCADA,95,0.010652240310387917
0,x_tcsc,1-14,-0.1105648668522165,66,-0.12867605302507776,MAP_SCADA,95,0.018111186172861254
1,B_svc,2,0.1904464047979305,66,0.2549563532351921,MAP_SCADA,95,0.0645099484372616
2,UPFC_Vsh,5-15,1.108306155074037,66,1.109770147574064,MAP_SCADA,95,0.0014639925000270448
3,UPFC_tsh,5-15,-0.23257200768493028,66,-0.23526927092129804,MAP_SCADA,95,0.002697263236367764
4,UPFC_Vse,5-15,0.06025958607178324,66,0.06024939015131792,MAP_SCADA,95,1.0195920465319586e-05
5,UPFC_tse,5-15,-2.1546439224482006,66,-2.162688233567831,MAP_SCADA,95,0.008044311119630443
0,x_tcsc,1-14,-0.11119767728780644,67,-0.12867605302507776,MAP_SCADA,95,0.017478375737271318
1,B_svc,2,0.18569084335624564,67,0.2549563532351921,MAP_SCADA,95,0.06926550987894647
2,UPFC_Vsh,5-15,1.106366563748709,67,1.109770147574064,MAP_SCADA,95,0.0034035838253549944
3,UPFC_tsh,5-15,-0.23386903030465617,67,-0.23526927092129804,MAP_SCADA,95,0.0014002406166418735
4,UPFC_Vse,5-15,0.06056370946115216,67,0.06024939015131792,MAP_SCADA,95,0.00031431930983423506
5,UPFC_tse,5-15,-2.1571921085846038,67,-2.162688233567831,MAP_SCADA,95,0.0054961249832272685
0,x_tcsc,1-14,-0.11483410186228073,68,-0.12867605302507776,MAP_SCADA,95,0.013841951162797031
1,B_svc,2,0.17781365828617798,68,0.2549563532351921,MAP_SCADA,95,0.07714269494901413
2,UPFC_Vsh,5-15,1.106598391691374,68,1.109770147574064,MAP_SCADA,95,0.0031717558826900305
3,UPFC_tsh,5-15,-0.23154604520573963,68,-0.23526927092129804,MAP_SCADA,95,0.0037232257155584148
4,UPFC_Vse,5-15,0.06029084534704604,68,0.06024939015131792,MAP_SCADA,95,4.145519572811701e-05
5,UPFC_tse,5-15,-2.154853142467964,68,-2.162688233567831,MAP_SCADA,95,0.007835091099867242
0,x_tcsc,1-14,-0.11173747291563595,69,-0.12867605302507776,MAP_SCADA,95,0.01693858010944181
1,B_svc,2,0.18495146124073875,69,0.2549563532351921,MAP_SCADA,95,0.07000489199445337
2,UPFC_Vsh,5-15,1.1072218108273122,69,1.109770147574064,MAP_SCADA,95,0.0025483367467518114
3,UPFC_tsh,5-15,-0.23243266776604807,69,-0.23526927092129804,MAP_SCADA,95,0.0028366031552499726
4,UPFC_Vse,5-15,0.05983529988183588,69,0.06024939015131792,MAP_SCADA,95,0.0004140902694820467
5,UPFC_tse,5-15,-2.162200479914194,69,-2.162688233567831,MAP_SCADA,95,0.00048775365363695755
0,x_tcsc,1-14,-0.11161295954054895,70,-0.12867605302507776,MAP_SCADA,95,0.017063093484528807
1,B_svc,2,0.18626377458114451,70,0.2549563532351921,MAP_SCADA,95,0.0686925786540476
2,UPFC_Vsh,5-15,1.1076076388806437,70,1.109770147574064,MAP_SCADA,95,0.002162508693420273
3,UPFC_tsh,5-15,-0.23241563686137293,70,-0.23526927092129804,MAP_SCADA,95,0.002853634059925114
4,UPFC_Vse,5-15,0.0600901778234442,70,0.06024939015131792,MAP_SCADA,95,0.00015921232787372008
5,UPFC_tse,5-15,-2.159739654223675,70,-2.162688233567831,MAP_SCADA,95,0.0029485793441561547
0,x_tcsc,1-14,-0.11023236043321037,71,-0.12867605302507776,MAP_SCADA,95,0.018443692591867386
1,B_svc,2,0.18490639389636032,71,0.2549563532351921,MAP_SCADA,95,0.07004995933883179
2,UPFC_Vsh,5-15,1.1080515269839228,71,1.109770147574064,MAP_SCADA,95,0.0017186205901411622
3,UPFC_tsh,5-15,-0.23367155568450076,71,-0.23526927092129804,MAP_SCADA,95,0.0015977152367972758
4,UPFC_Vse,5-15,0.05956459850884551,71,0.06024939015131792,MAP_SCADA,95,0.0006847916424724126
5,UPFC_tse,5-15,-2.1603199827972,71,-2.162688233567831,MAP_SCADA,95,0.002368250770631075
0,x_tcsc,1-14,-0.11481364685907605,72,-0.12867605302507776,MAP_SCADA,95,0.013862406166001706
1,B_svc,2,0.1740477843073324,72,0.2549563532351921,MAP_SCADA,95,0.08090856892785972
2,UPFC_Vsh,5-15,1.1093478133268266,72,1.109770147574064,MAP_SCADA,95,0.0004223342472373659
3,UPFC_tsh,5-15,-0.23031014743099787,72,-0.23526927092129804,MAP_SCADA,95,0.004959123490300171
4,UPFC_Vse,5-15,0.060376298368476404,72,0.06024939015131792,MAP_SCADA,95,0.00012690821715848066
5,UPFC_tse,5-15,-2.152526010071022,72,-2.162688233567831,MAP_SCADA,95,0.010162223496808842
0,x_tcsc,1-14,-0.11119939553174198,73,-0.12867605302507776,MAP_SCADA,95,0.01747665749333578
1,B_svc,2,0.18238211869777293,73,0.2549563532351921,MAP_SCADA,95,0.07257423453741918
2,UPFC_Vsh,5-15,1.1078410496521713,73,1.109770147574064,MAP_SCADA,95,0.001929097921892664
3,UPFC_tsh,5-15,-0.23244182663890925,73,-0.23526927092129804,MAP_SCADA,95,0.0028274442823887913
4,UPFC_Vse,5-15,0.060123430715658725,73,0.06024939015131792,MAP_SCADA,95,0.0001259594356591981
5,UPFC_tse,5-15,-2.154635166458868,73,-2.162688233567831,MAP_SCADA,95,0.008053067108963141
0,x_tcsc,1-14,-0.11245131488496514,74,-0.12867605302507776,MAP_SCADA,95,0.01622473814011262
1,B_svc,2,0.18306689732739356,74,0.2549563532351921,MAP_SCADA,95,0.07188945590779855
2,UPFC_Vsh,5-15,1.1060877669311164,74,1.109770147574064,MAP_SCADA,95,0.003682380642947569
3,UPFC_tsh,5-15,-0.23225569221922024,74,-0.23526927092129804,MAP_SCADA,95,0.0030135787020778015
4,UPFC_Vse,5-15,0.06060816821702223,74,0.06024939015131792,MAP_SCADA,95,0.00035877806570430715
5,UPFC_tse,5-15,-2.1530639197953803,74,-2.162688233567831,MAP_SCADA,95,0.009624313772450765
0,x_tcsc,1-14,-0.11266851956063793,75,-0.12867605302507776,MAP_SCADA,95,0.016007533464439824
1,B_svc,2,0.17942389982839835,75,0.2549563532351921,MAP_SCADA,95,0.07553245340679376
2,UPFC_Vsh,5-15,1.1060512896544898,75,1.109770147574064,MAP_SCADA,95,0.003718857919574159
3,UPFC_tsh,5-15,-0.2321833929982741,75,-0.23526927092129804,MAP_SCADA,95,0.0030858779230239497
4,UPFC_Vse,5-15,0.0603953238342974,75,0.06024939015131792,MAP_SCADA,95,0.0001459336829794794
5,UPFC_tse,5-15,-2.156912981216897,75,-2.162688233567831,MAP_SCADA,95,0.005775252350934235
0,x_tcsc,1-14,-0.11320542384235198,76,-0.12867605302507776,MAP_SCADA,95,0.015470629182725779
1,B_svc,2,0.17986454173726527,76,0.2549563532351921,MAP_SCADA,95,0.07509181149792685
2,UPFC_Vsh,5-15,1.107140576441596,76,1.109770147574064,MAP_SCADA,95,0.0026295711324679782
3,UPFC_tsh,5-15,-0.2321309439923157,76,-0.23526927092129804,MAP_SCADA,95,0.0031383269289823323
4,UPFC_Vse,5-15,0.06060513321190883,76,0.06024939015131792,MAP_SCADA,95,0.00035574306059090594
5,UPFC_tse,5-15,-2.154545901987454,76,-2.162688233567831,MAP_SCADA,95,0.008142331580376805
0,x_tcsc,1-14,-0.11027983805247656,77,-0.12867605302507776,MAP_SCADA,95,0.018396214972601202
1,B_svc,2,0.19039840003568215,77,0.2549563532351921,MAP_SCADA,95,0.06455795319950997
2,UPFC_Vsh,5-15,1.1060914983424281,77,1.109770147574064,MAP_SCADA,95,0.0036786492316358554
3,UPFC_tsh,5-15,-0.23354511247093693,77,-0.23526927092129804,MAP_SCADA,95,0.001724158450361113
4,UPFC_Vse,5-15,0.06064689698951932,77,0.06024939015131792,MAP_SCADA,95,0.00039750683820139604
5,UPFC_tse,5-15,-2.163946771282591,77,-2.162688233567831,MAP_SCADA,95,0.001258537714759811
0,x_tcsc,1-14,-0.11238909219532701,78,-0.12867605302507776,MAP_SCADA,95,0.016286960829750743
1,B_svc,2,0.18583281855938802,78,0.2549563532351921,MAP_SCADA,95,0.0691235346758041
2,UPFC_Vsh,5-15,1.1047114060882188,78,1.109770147574064,MAP_SCADA,95,0.005058741485845175
3,UPFC_tsh,5-15,-0.23331161314458537,78,-0.23526927092129804,MAP_SCADA,95,0.001957657776712668
4,UPFC_Vse,5-15,0.060731876001881645,78,0.06024939015131792,MAP_SCADA,95,0.0004824858505637214
5,UPFC_tse,5-15,-2.1574975209251144,78,-2.162688233567831,MAP_SCADA,95,0.005190712642716644
0,x_tcsc,1-14,-0.11227674867262306,79,-0.12867605302507776,MAP_SCADA,95,0.016399304352454694
1,B_svc,2,0.17798850759682364,79,0.2549563532351921,MAP_SCADA,95,0.07696784563836848
2,UPFC_Vsh,5-15,1.1091646776389321,79,1.109770147574064,MAP_SCADA,95,0.000605469935131886
3,UPFC_tsh,5-15,-0.2318079257618266,79,-0.23526927092129804,MAP_SCADA,95,0.0034613451594714406
4,UPFC_Vse,5-15,0.0602518094619551,79,0.06024939015131792,MAP_SCADA,95,2.419310637179206e-06
5,UPFC_tse,5-15,-2.1581915717638798,79,-2.162688233567831,MAP_SCADA,95,0.004496661803951252
0,x_tcsc,1-14,-0.1103069614975914,80,-0.12867605302507776,MAP_SCADA,95,0.018369091527486364
1,B_svc,2,0.1855188842432045,80,0.2549563532351921,MAP_SCADA,95,0.0694374689919876
2,UPFC_Vsh,5-15,1.1082246409705168,80,1.109770147574064,MAP_SCADA,95,0.001545506603547242
3,UPFC_tsh,5-15,-0.23237219805571732,80,-0.23526927092129804,MAP_SCADA,95,0.0028970728655807187
4,UPFC_Vse,5-15,0.06017729077889988,80,0.06024939015131792,MAP_SCADA,95,7.209937241803993e-05
5,UPFC_tse,5-15,-2.1579965052878802,80,-2.162688233567831,MAP_SCADA,95,0.004691728279950791
0,x_tcsc,1-14,-0.11484420222689054,81,-0.12867605302507776,MAP_SCADA,95,0.013831850798187217
1,B_svc,2,0.17324317502602474,81,0.2549563532351921,MAP_SCADA,95,0.08171317820916738
2,UPFC_Vsh,5-15,1.107767203557404,81,1.109770147574064,MAP_SCADA,95,0.002002944016660013
3,UPFC_tsh,5-15,-0.23072723953847235,81,-0.23526927092129804,MAP_SCADA,95,0.00454203138282569
4,UPFC_Vse,5-15,0.060976563935023265,81,0.06024939015131792,MAP_SCADA,95,0.0007271737837053413
5,UPFC_tse,5-15,-2.149647198018337,81,-2.162688233567831,MAP_SCADA,95,0.013041035549493873
0,x_tcsc,1-14,-0.11180805607061052,82,-0.12867605302507776,MAP_SCADA,95,0.016867996954467238
1,B_svc,2,0.18178182354392003,82,0.2549563532351921,MAP_SCADA,95,0.07317452969127208
2,UPFC_Vsh,5-15,1.1089313718683742,82,1.109770147574064,MAP_SCADA,95,0.0008387757056897982
3,UPFC_tsh,5-15,-0.2325040165114551,82,-0.23526927092129804,MAP_SCADA,95,0.002765254409842932
4,UPFC_Vse,5-15,0.059750170374855985,82,0.06024939015131792,MAP_SCADA,95,0.0004992197764619385
5,UPFC_tse,5-15,-2.157267769739594,82,-2.162688233567831,MAP_SCADA,95,0.005420463828237132
0,x_tcsc,1-14,-0.11196594835243269,83,-0.12867605302507776,MAP_SCADA,95,0.016710104672645068
1,B_svc,2,0.18358007288343284,83,0.2549563532351921,MAP_SCADA,95,0.07137628035175927
2,UPFC_Vsh,5-15,1.1066161622964277,83,1.109770147574064,MAP_SCADA,95,0.0031539852776363286
3,UPFC_tsh,5-15,-0.2338622644581635,83,-0.23526927092129804,MAP_SCADA,95,0.001407006463134547
4,UPFC_Vse,5-15,0.060341497574501454,83,0.06024939015131792,MAP_SCADA,95,9.210742318353088e-05
5,UPFC_tse,5-15,-2.1576262979870653,83,-2.162688233567831,MAP_SCADA,95,0.005061935580765731
0,x_tcsc,1-14,-0.11242372645679247,84,-0.12867605302507776,MAP_SCADA,95,0.01625232656828529
1,B_svc,2,0.181063038342786,84,0.2549563532351921,MAP_SCADA,95,0.07389331489240611
2,UPFC_Vsh,5-15,1.1081734188444792,84,1.109770147574064,MAP_SCADA,95,0.0015967287295848287
3,UPFC_tsh,5-15,-0.23205042242021406,84,-0.23526927092129804,MAP_SCADA,95,0.0032188485010839762
4,UPFC_Vse,5-15,0.060297588621276065,84,0.06024939015131792,MAP_SCADA,95,4.8198469958141144e-05
5,UPFC_tse,5-15,-2.1552974337286637,84,-2.162688233567831,MAP_SCADA,95,0.00739079983916735
0,x_tcsc,1-14,-0.11184343666634057,85,-0.12867605302507776,MAP_SCADA,95,0.016832616358737187
1,B_svc,2,0.18561959631485753,85,0.2549563532351921,MAP_SCADA,95,0.06933675692033459
2,UPFC_Vsh,5-15,1.1067012175816726,85,1.109770147574064,MAP_SCADA,95,0.0030689299923913893
3,UPFC_tsh,5-15,-0.23200039920807386,85,-0.23526927092129804,MAP_SCADA,95,0.0032688717132241807
4,UPFC_Vse,5-15,0.060508485515277884,85,0.06024939015131792,MAP_SCADA,95,0.00025909536395996025
5,UPFC_tse,5-15,-2.156137188259973,85,-2.162688233567831,MAP_SCADA,95,0.006551045307857883
0,x_tcsc,1-14,-0.11364135301624523,86,-0.12867605302507776,MAP_SCADA,95,0.01503470000883253
1,B_svc,2,0.1821219783944858,86,0.2549563532351921,MAP_SCADA,95,0.07283437484070632
2,UPFC_Vsh,5-15,1.107820798130156,86,1.109770147574064,MAP_SCADA,95,0.0019493494439080106
3,UPFC_tsh,5-15,-0.2322128959487655,86,-0.23526927092129804,MAP_SCADA,95,0.0030563749725325273
4,UPFC_Vse,5-15,0.060660300434416836,86,0.06024939015131792,MAP_SCADA,95,0.0004109102830989128
5,UPFC_tse,5-15,-2.1513489737161597,86,-2.162688233567831,MAP_SCADA,95,0.01133925985167128
0,x_tcsc,1-14,-0.11243275414694069,87,-0.12867605302507776,MAP_SCADA,95,0.016243298878137066
1,B_svc,2,0.18119025313673967,87,0.2549563532351921,MAP_SCADA,95,0.07376610009845244
2,UPFC_Vsh,5-15,1.1088940270782162,87,1.109770147574064,MAP_SCADA,95,0.000876120495847843
3,UPFC_tsh,5-15,-0.2316124266592611,87,-0.23526927092129804,MAP_SCADA,95,0.00365684426203694
4,UPFC_Vse,5-15,0.060193264965839675,87,0.06024939015131792,MAP_SCADA,95,5.612518547824796e-05
5,UPFC_tse,5-15,-2.1547446105680494,87,-2.162688233567831,MAP_SCADA,95,0.007943622999781574
0,x_tcsc,1-14,-0.1117050885844963,88,-0.12867605302507776,MAP_SCADA,95,0.01697096444058145
1,B_svc,2,0.18225177768878625,88,0.2549563532351921,MAP_SCADA,95,0.07270457554640586
2,UPFC_Vsh,5-15,1.1091187232902788,88,1.109770147574064,MAP_SCADA,95,0.0006514242837851736
3,UPFC_tsh,5-15,-0.23202232715977783,88,-0.23526927092129804,MAP_SCADA,95,0.00324694376152021
4,UPFC_Vse,5-15,0.060376671714547456,88,0.06024939015131792,MAP_SCADA,95,0.00012728156322953238
5,UPFC_tse,5-15,-2.162073760045472,88,-2.162688233567831,MAP_SCADA,95,0.0006144735223592157
0,x_tcsc,1-14,-0.11379815943239346,89,-0.12867605302507776,MAP_SCADA,95,0.014877893592684294
1,B_svc,2,0.1805462804774064,89,0.2549563532351921,MAP_SCADA,95,0.07441007275778572
2,UPFC_Vsh,5-15,1.1080653754934764,89,1.109770147574064,MAP_SCADA,95,0.0017047720805876132
3,UPFC_tsh,5-15,-0.2315678341219605,89,-0.23526927092129804,MAP_SCADA,95,0.003701436799337543
4,UPFC_Vse,5-15,0.060031095941406064,89,0.06024939015131792,MAP_SCADA,95,0.00021829420991185955
5,UPFC_tse,5-15,-2.159275756025949,89,-2.162688233567831,MAP_SCADA,95,0.0034124775418820086
0,x_tcsc,1-14,-0.11269324663045342,90,-0.12867605302507776,MAP_SCADA,95,0.015982806394624335
1,B_svc,2,0.1821197549092243,90,0.2549563532351921,MAP_SCADA,95,0.07283659832596781
2,UPFC_Vsh,5-15,1.1062962965124052,90,1.109770147574064,MAP_SCADA,95,0.0034738510616587615
3,UPFC_tsh,5-15,-0.23417220359261745,90,-0.23526927092129804,MAP_SCADA,95,0.0010970673286805899
4,UPFC_Vse,5-15,0.060051107680717156,90,0.06024939015131792,MAP_SCADA,95,0.0001982824706007677
5,UPFC_tse,5-15,-2.157194858291217,90,-2.162688233567831,MAP_SCADA,95,0.0054933752766141986
0,x_tcsc,1-14,-0.11164315453934559,91,-0.12867605302507776,MAP_SCADA,95,0.017032898485732167
1,B_svc,2,0.18654973269484112,91,0.2549563532351921,MAP_SCADA,95,0.06840662054035099
2,UPFC_Vsh,5-15,1.1068988496328513,91,1.109770147574064,MAP_SCADA,95,0.0028712979412126582
3,UPFC_tsh,5-15,-0.23361650316009025,91,-0.23526927092129804,MAP_SCADA,95,0.0016527677612077907
4,UPFC_Vse,5-15,0.060603644534026314,91,0.06024939015131792,MAP_SCADA,95,0.00035425438270839105
5,UPFC_tse,5-15,-2.1555270160668036,91,-2.162688233567831,MAP_SCADA,95,0.007161217501027384
0,x_tcsc,1-14,-0.11320362379910998,92,-0.12867605302507776,MAP_SCADA,95,0.015472429225967782
1,B_svc,2,0.1817882088694763,92,0.2549563532351921,MAP_SCADA,95,0.07316814436571581
2,UPFC_Vsh,5-15,1.1076439408886294,92,1.109770147574064,MAP_SCADA,95,0.0021262066854346173
3,UPFC_tsh,5-15,-0.23202215347050792,92,-0.23526927092129804,MAP_SCADA,95,0.0032471174507901213
4,UPFC_Vse,5-15,0.06037604036313058,92,0.06024939015131792,MAP_SCADA,95,0.00012665021181265668
5,UPFC_tse,5-15,-2.158383119696829,92,-2.162688233567831,MAP_SCADA,95,0.004305113871001964
0,x_tcsc,1-14,-0.10898873491513596,93,-0.12867605302507776,MAP_SCADA,95,0.0196873181099418
1,B_svc,2,0.19068847968051864,93,0.2549563532351921,MAP_SCADA,95,0.06426787355467348
2,UPFC_Vsh,5-15,1.1066670030248402,93,1.109770147574064,MAP_SCADA,95,0.0031031445492237797
3,UPFC_tsh,5-15,-0.23438533687847693,93,-0.23526927092129804,MAP_SCADA,95,0.0008839340428211107
4,UPFC_Vse,5-15,0.06075473700274517,93,0.06024939015131792,MAP_SCADA,95,0.000505346851427245
5,UPFC_tse,5-15,-2.1592122319698612,93,-2.162688233567831,MAP_SCADA,95,0.003476001597969791
0,x_tcsc,1-14,-0.11178711151202753,94,-0.12867605302507776,MAP_SCADA,95,0.016888941513050232
1,B_svc,2,0.1862241898982063,94,0.2549563532351921,MAP_SCADA,95,0.06873216333698581
2,UPFC_Vsh,5-15,1.1073746068132924,94,1.109770147574064,MAP_SCADA,95,0.0023955407607716417
3,UPFC_tsh,5-15,-0.23271118962076062,94,-0.23526927092129804,MAP_SCADA,95,0.002558081300537418
4,UPFC_Vse,5-15,0.05974367351699315,94,0.06024939015131792,MAP_SCADA,95,0.0005057166343247765
5,UPFC_tse,5-15,-2.1591837303616974,94,-2.162688233567831,MAP_SCADA,95,0.0035045032061336023
0,x_tcsc,1-14,-0.11281811211419954,95,-0.12867605302507776,MAP_SCADA,95,0.01585794091087822
1,B_svc,2,0.1798423535605849,95,0.2549563532351921,MAP_SCADA,95,0.07511399967460722
2,UPFC_Vsh,5-15,1.1107640975000732,95,1.109770147574064,MAP_SCADA,95,0.0009939499260092077
3,UPFC_tsh,5-15,-0.23130359362426886,95,-0.23526927092129804,MAP_SCADA,95,0.00396567729702918
4,UPFC_Vse,5-15,0.060407635714608096,95,0.06024939015131792,MAP_SCADA,95,0.00015824556329017275
5,UPFC_tse,5-15,-2.15105994964005,95,-2.162688233567831,MAP_SCADA,95,0.011628283927780814
0,x_tcsc,1-14,-0.11195570137059803,96,-0.12867605302507776,MAP_SCADA,95,0.01672035165447973
1,B_svc,2,0.18764742666765016,96,0.2549563532351921,MAP_SCADA,95,0.06730892656754195
2,UPFC_Vsh,5-15,1.109255661757014,96,1.109770147574064,MAP_SCADA,95,0.0005144858170500477
3,UPFC_tsh,5-15,-0.23200538249675867,96,-0.23526927092129804,MAP_SCADA,95,0.0032638884245393684
4,UPFC_Vse,5-15,0.06062835131201776,96,0.06024939015131792,MAP_SCADA,95,0.00037896116069983943
5,UPFC_tse,5-15,-2.1573787027016547,96,-2.162688233567831,MAP_SCADA,95,0.00530953086617636
0,x_tcsc,1-14,-0.11174140659467031,97,-0.12867605302507776,MAP_SCADA,95,0.016934646430407443
1,B_svc,2,0.18426488750022654,97,0.2549563532351921,MAP_SCADA,95,0.07069146573496557
2,UPFC_Vsh,5-15,1.108756821574409,97,1.109770147574064,MAP_SCADA,95,0.0010133259996549793
3,UPFC_tsh,5-15,-0.23306784874770028,97,-0.23526927092129804,MAP_SCADA,95,0.0022014221735977557
4,UPFC_Vse,5-15,0.059787575256518455,97,0.06024939015131792,MAP_SCADA,95,0.0004618148947994685
5,UPFC_tse,5-15,-2.1580555421623253,97,-2.162688233567831,MAP_SCADA,95,0.004632691405505707
0,x_tcsc,1-14,-0.11246565688486991,98,-0.12867605302507776,MAP_SCADA,95,0.016210396140207847
1,B_svc,2,0.18285318023999722,98,0.2549563532351921,MAP_SCADA,95,0.07210317299519489
2,UPFC_Vsh,5-15,1.109484306840395,98,1.109770147574064,MAP_SCADA,95,0.0002858407336689961
3,UPFC_tsh,5-15,-0.23208286556886998,98,-0.23526927092129804,MAP_SCADA,95,0.0031864053524280622
4,UPFC_Vse,5-15,0.0605315567883521,98,0.06024939015131792,MAP_SCADA,95,0.00028216663703417577
5,UPFC_tse,5-15,-2.1553071214667407,98,-2.162688233567831,MAP_SCADA,95,0.00738111210109027
0,x_tcsc,1-14,-0.1137018084065269,99,-0.12867605302507776,MAP_SCADA,95,0.014974244618550861
1,B_svc,2,0.17857495229728937,99,0.2549563532351921,MAP_SCADA,95,0.07638140093790274
2,UPFC_Vsh,5-15,1.1088238971653452,99,1.109770147574064,MAP_SCADA,95,0.0009462504087187629
3,UPFC_tsh,5-15,-0.23186387590410268,99,-0.23526927092129804,MAP_SCADA,95,0.0034053950171953618
4,UPFC_Vse,5-15,0.06031676127760777,99,0.06024939015131792,MAP_SCADA,95,6.737112628984326e-05
5,UPFC_tse,5-15,-2.153187140622384,99,-2.162688233567831,MAP_SCADA,95,0.009501092945447098
0,x_tcsc,1-14,-0.1089531511781327,0,-0.1318415748844933,MAP_SCADA,97,0.0228884237063606
1,B_svc,2,0.1897935387956435,0,0.2667130168128401,MAP_SCADA,97,0.07691947801719659
2,UPFC_Vsh,5-15,1.1087431100620921,0,1.1082618909809656,MAP_SCADA,97,0.0004812190811265271
3,UPFC_tsh,5-15,-0.23330975381613128,0,-0.2321895694025061,MAP_SCADA,97,0.001120184413625186
4,UPFC_Vse,5-15,0.059910786553985726,0,0.06083974456658839,MAP_SCADA,97,0.0009289580126026625
5,UPFC_tse,5-15,-2.1617541252362744,0,-2.162680516533116,MAP_SCADA,97,0.0009263912968417998
0,x_tcsc,1-14,-0.111586134031699,1,-0.1318415748844933,MAP_SCADA,97,0.020255440852794307
1,B_svc,2,0.18277825912481013,1,0.2667130168128401,MAP_SCADA,97,0.08393475768802997
2,UPFC_Vsh,5-15,1.1082234287991541,1,1.1082618909809656,MAP_SCADA,97,3.846218181147165e-05
3,UPFC_tsh,5-15,-0.23190643054264615,1,-0.2321895694025061,MAP_SCADA,97,0.00028313885985994935
4,UPFC_Vse,5-15,0.06059477305551764,1,0.06083974456658839,MAP_SCADA,97,0.00024497151107075177
5,UPFC_tse,5-15,-2.1540585190564276,1,-2.162680516533116,MAP_SCADA,97,0.00862199747668857
0,x_tcsc,1-14,-0.11211395804478234,2,-0.1318415748844933,MAP_SCADA,97,0.019727616839710957
1,B_svc,2,0.1868625727668949,2,0.2667130168128401,MAP_SCADA,97,0.07985044404594518
2,UPFC_Vsh,5-15,1.1067411309471762,2,1.1082618909809656,MAP_SCADA,97,0.0015207600337894256
3,UPFC_tsh,5-15,-0.2331739941656229,2,-0.2321895694025061,MAP_SCADA,97,0.0009844247631168035
4,UPFC_Vse,5-15,0.0609363740875178,2,0.06083974456658839,MAP_SCADA,97,9.662952092941157e-05
5,UPFC_tse,5-15,-2.152871154024673,2,-2.162680516533116,MAP_SCADA,97,0.009809362508442998
0,x_tcsc,1-14,-0.11285742257812492,3,-0.1318415748844933,MAP_SCADA,97,0.01898415230636838
1,B_svc,2,0.18539429171333982,3,0.2667130168128401,MAP_SCADA,97,0.08131872509950028
2,UPFC_Vsh,5-15,1.1081386969229026,3,1.1082618909809656,MAP_SCADA,97,0.0001231940580630475
3,UPFC_tsh,5-15,-0.2324863078339946,3,-0.2321895694025061,MAP_SCADA,97,0.00029673843148850243
4,UPFC_Vse,5-15,0.06048900561970597,3,0.06083974456658839,MAP_SCADA,97,0.00035073894688241597
5,UPFC_tse,5-15,-2.1551872012743307,3,-2.162680516533116,MAP_SCADA,97,0.007493315258785493
0,x_tcsc,1-14,-0.11231476988244248,4,-0.1318415748844933,MAP_SCADA,97,0.019526805002050826
1,B_svc,2,0.18572521980578321,4,0.2667130168128401,MAP_SCADA,97,0.08098779700705688
2,UPFC_Vsh,5-15,1.1056512600233495,4,1.1082618909809656,MAP_SCADA,97,0.0026106309576161557
3,UPFC_tsh,5-15,-0.2338904834461942,4,-0.2321895694025061,MAP_SCADA,97,0.0017009140436881065
4,UPFC_Vse,5-15,0.060121854908355796,4,0.06083974456658839,MAP_SCADA,97,0.0007178896582325928
5,UPFC_tse,5-15,-2.1592578402365357,4,-2.162680516533116,MAP_SCADA,97,0.0034226762965805513
0,x_tcsc,1-14,-0.11178525041785418,5,-0.1318415748844933,MAP_SCADA,97,0.020056324466639117
1,B_svc,2,0.18343692280570392,5,0.2667130168128401,MAP_SCADA,97,0.08327609400713618
2,UPFC_Vsh,5-15,1.109880077816995,5,1.1082618909809656,MAP_SCADA,97,0.0016181868360294338
3,UPFC_tsh,5-15,-0.2309144059831098,5,-0.2321895694025061,MAP_SCADA,97,0.0012751634193962913
4,UPFC_Vse,5-15,0.0603194722178149,5,0.06083974456658839,MAP_SCADA,97,0.0005202723487734914
5,UPFC_tse,5-15,-2.155318859766885,5,-2.162680516533116,MAP_SCADA,97,0.007361656766231128
0,x_tcsc,1-14,-0.11333459791028293,6,-0.1318415748844933,MAP_SCADA,97,0.018506976974210373
1,B_svc,2,0.18041966252582461,6,0.2667130168128401,MAP_SCADA,97,0.08629335428701548
2,UPFC_Vsh,5-15,1.1072648590523495,6,1.1082618909809656,MAP_SCADA,97,0.00099703192861611
3,UPFC_tsh,5-15,-0.23253037627372858,6,-0.2321895694025061,MAP_SCADA,97,0.0003408068712224821
4,UPFC_Vse,5-15,0.0600837156301815,6,0.06083974456658839,MAP_SCADA,97,0.0007560289364068884
5,UPFC_tse,5-15,-2.1559922176239676,6,-2.162680516533116,MAP_SCADA,97,0.006688298909148571
0,x_tcsc,1-14,-0.11436276256544746,7,-0.1318415748844933,MAP_SCADA,97,0.01747881231904584
1,B_svc,2,0.17578589143797024,7,0.2667130168128401,MAP_SCADA,97,0.09092712537486985
2,UPFC_Vsh,5-15,1.1090257321918613,7,1.1082618909809656,MAP_SCADA,97,0.0007638412108956771
3,UPFC_tsh,5-15,-0.230752004160547,7,-0.2321895694025061,MAP_SCADA,97,0.0014375652419590934
4,UPFC_Vse,5-15,0.06009782334247497,7,0.06083974456658839,MAP_SCADA,97,0.0007419212241134218
5,UPFC_tse,5-15,-2.1532896030355704,7,-2.162680516533116,MAP_SCADA,97,0.009390913497545839
0,x_tcsc,1-14,-0.11346472153441553,8,-0.1318415748844933,MAP_SCADA,97,0.01837685335007777
1,B_svc,2,0.18048286210943015,8,0.2667130168128401,MAP_SCADA,97,0.08623015470340994
2,UPFC_Vsh,5-15,1.108480483695338,8,1.1082618909809656,MAP_SCADA,97,0.000218592714372301
3,UPFC_tsh,5-15,-0.23109403596665595,8,-0.2321895694025061,MAP_SCADA,97,0.0010955334358501434
4,UPFC_Vse,5-15,0.05989475052534988,8,0.06083974456658839,MAP_SCADA,97,0.0009449940412385102
5,UPFC_tse,5-15,-2.153008952867411,8,-2.162680516533116,MAP_SCADA,97,0.009671563665705207
0,x_tcsc,1-14,-0.11177440719091994,9,-0.1318415748844933,MAP_SCADA,97,0.020067167693573362
1,B_svc,2,0.18671012434317674,9,0.2667130168128401,MAP_SCADA,97,0.08000289246966336
2,UPFC_Vsh,5-15,1.1037795807258335,9,1.1082618909809656,MAP_SCADA,97,0.004482310255132127
3,UPFC_tsh,5-15,-0.23448940288511175,9,-0.2321895694025061,MAP_SCADA,97,0.002299833482605651
4,UPFC_Vse,5-15,0.06104008593960212,9,0.06083974456658839,MAP_SCADA,97,0.00020034137301373073
5,UPFC_tse,5-15,-2.1543496412886083,9,-2.162680516533116,MAP_SCADA,97,0.00833087524450793
0,x_tcsc,1-14,-0.11194494997492009,10,-0.1318415748844933,MAP_SCADA,97,0.01989662490957321
1,B_svc,2,0.18561780207658218,10,0.2667130168128401,MAP_SCADA,97,0.08109521473625791
2,UPFC_Vsh,5-15,1.1077955580647714,10,1.1082618909809656,MAP_SCADA,97,0.00046633291619424533
3,UPFC_tsh,5-15,-0.23357350457639295,10,-0.2321895694025061,MAP_SCADA,97,0.0013839351738868522
4,UPFC_Vse,5-15,0.06104911978819504,10,0.06083974456658839,MAP_SCADA,97,0.0002093752216066544
5,UPFC_tse,5-15,-2.1542087215643924,10,-2.162680516533116,MAP_SCADA,97,0.008471794968723856
0,x_tcsc,1-14,-0.11144691933862402,11,-0.1318415748844933,MAP_SCADA,97,0.020394655545869278
1,B_svc,2,0.18733135995158337,11,0.2667130168128401,MAP_SCADA,97,0.07938165686125673
2,UPFC_Vsh,5-15,1.106233756598256,11,1.1082618909809656,MAP_SCADA,97,0.0020281343827095455
3,UPFC_tsh,5-15,-0.23400144609007603,11,-0.2321895694025061,MAP_SCADA,97,0.0018118766875699355
4,UPFC_Vse,5-15,0.06022611964382545,11,0.06083974456658839,MAP_SCADA,97,0.0006136249227629356
5,UPFC_tse,5-15,-2.15561983957537,11,-2.162680516533116,MAP_SCADA,97,0.00706067695774637
0,x_tcsc,1-14,-0.11335974657529489,12,-0.1318415748844933,MAP_SCADA,97,0.01848182830919841
1,B_svc,2,0.18052980160149132,12,0.2667130168128401,MAP_SCADA,97,0.08618321521134878
2,UPFC_Vsh,5-15,1.1072101395226248,12,1.1082618909809656,MAP_SCADA,97,0.0010517514583407994
3,UPFC_tsh,5-15,-0.23235149981375186,12,-0.2321895694025061,MAP_SCADA,97,0.00016193041124576424
4,UPFC_Vse,5-15,0.06105168575186966,12,0.06083974456658839,MAP_SCADA,97,0.0002119411852812697
5,UPFC_tse,5-15,-2.1503334819797124,12,-2.162680516533116,MAP_SCADA,97,0.012347034553403802
0,x_tcsc,1-14,-0.11211623931164033,13,-0.1318415748844933,MAP_SCADA,97,0.01972533557285297
1,B_svc,2,0.18705823005723368,13,0.2667130168128401,MAP_SCADA,97,0.07965478675560642
2,UPFC_Vsh,5-15,1.1059065780904005,13,1.1082618909809656,MAP_SCADA,97,0.00235531289056512
3,UPFC_tsh,5-15,-0.23398759186968957,13,-0.2321895694025061,MAP_SCADA,97,0.0017980224671834688
4,UPFC_Vse,5-15,0.06032973274826177,13,0.06083974456658839,MAP_SCADA,97,0.0005100118183266195
5,UPFC_tse,5-15,-2.1569813122485124,13,-2.162680516533116,MAP_SCADA,97,0.005699204284603798
0,x_tcsc,1-14,-0.1137714289763915,14,-0.1318415748844933,MAP_SCADA,97,0.018070145908101798
1,B_svc,2,0.1830696590076973,14,0.2667130168128401,MAP_SCADA,97,0.08364335780514279
2,UPFC_Vsh,5-15,1.1082720687885226,14,1.1082618909809656,MAP_SCADA,97,1.0177807556965845e-05
3,UPFC_tsh,5-15,-0.23205392329338764,14,-0.2321895694025061,MAP_SCADA,97,0.00013564610911845354
4,UPFC_Vse,5-15,0.060411104500337556,14,0.06083974456658839,MAP_SCADA,97,0.0004286400662508322
5,UPFC_tse,5-15,-2.1558802644963175,14,-2.162680516533116,MAP_SCADA,97,0.006800252036798682
0,x_tcsc,1-14,-0.11331493961116607,15,-0.1318415748844933,MAP_SCADA,97,0.018526635273327235
1,B_svc,2,0.1800813984044449,15,0.2667130168128401,MAP_SCADA,97,0.0866316184083952
2,UPFC_Vsh,5-15,1.107314408698073,15,1.1082618909809656,MAP_SCADA,97,0.0009474822828925422
3,UPFC_tsh,5-15,-0.23205643090968373,15,-0.2321895694025061,MAP_SCADA,97,0.0001331384928223711
4,UPFC_Vse,5-15,0.059873090964751116,15,0.06083974456658839,MAP_SCADA,97,0.0009666536018372723
5,UPFC_tse,5-15,-2.155007128440672,15,-2.162680516533116,MAP_SCADA,97,0.007673388092444
0,x_tcsc,1-14,-0.1122306884762184,16,-0.1318415748844933,MAP_SCADA,97,0.019610886408274908
1,B_svc,2,0.18775249902392893,16,0.2667130168128401,MAP_SCADA,97,0.07896051778891117
2,UPFC_Vsh,5-15,1.1049647892610377,16,1.1082618909809656,MAP_SCADA,97,0.0032971017199279196
3,UPFC_tsh,5-15,-0.2330079098466535,16,-0.2321895694025061,MAP_SCADA,97,0.000818340444147414
4,UPFC_Vse,5-15,0.06113724250918414,16,0.06083974456658839,MAP_SCADA,97,0.0002974979425957522
5,UPFC_tse,5-15,-2.157423881875138,16,-2.162680516533116,MAP_SCADA,97,0.005256634657978321
0,x_tcsc,1-14,-0.11263036020353481,17,-0.1318415748844933,MAP_SCADA,97,0.01921121468095849
1,B_svc,2,0.1817837233928617,17,0.2667130168128401,MAP_SCADA,97,0.0849292934199784
2,UPFC_Vsh,5-15,1.1084114438149966,17,1.1082618909809656,MAP_SCADA,97,0.00014955283403095265
3,UPFC_tsh,5-15,-0.23144867598779334,17,-0.2321895694025061,MAP_SCADA,97,0.0007408934147127566
4,UPFC_Vse,5-15,0.060318116756721364,17,0.06083974456658839,MAP_SCADA,97,0.0005216278098670243
5,UPFC_tse,5-15,-2.153541067371644,17,-2.162680516533116,MAP_SCADA,97,0.009139449161472246
0,x_tcsc,1-14,-0.1123168833646532,18,-0.1318415748844933,MAP_SCADA,97,0.0195246915198401
1,B_svc,2,0.18114343012589246,18,0.2667130168128401,MAP_SCADA,97,0.08556958668694764
2,UPFC_Vsh,5-15,1.108076754568016,18,1.1082618909809656,MAP_SCADA,97,0.00018513641294970462
3,UPFC_tsh,5-15,-0.2320082068359299,18,-0.2321895694025061,MAP_SCADA,97,0.0001813625665761931
4,UPFC_Vse,5-15,0.06041732067962146,18,0.06083974456658839,MAP_SCADA,97,0.0004224238869669286
5,UPFC_tse,5-15,-2.1552625136309573,18,-2.162680516533116,MAP_SCADA,97,0.007418002902158882
0,x_tcsc,1-14,-0.11164424108868416,19,-0.1318415748844933,MAP_SCADA,97,0.02019733379580914
1,B_svc,2,0.18040424893429052,19,0.2667130168128401,MAP_SCADA,97,0.08630876787854957
2,UPFC_Vsh,5-15,1.108871364654878,19,1.1082618909809656,MAP_SCADA,97,0.0006094736739123974
3,UPFC_tsh,5-15,-0.2324105075658558,19,-0.2321895694025061,MAP_SCADA,97,0.00022093816334969874
4,UPFC_Vse,5-15,0.061155322165232597,19,0.06083974456658839,MAP_SCADA,97,0.00031557759864420803
5,UPFC_tse,5-15,-2.154669972733158,19,-2.162680516533116,MAP_SCADA,97,0.008010543799958025
0,x_tcsc,1-14,-0.11274782327049446,20,-0.1318415748844933,MAP_SCADA,97,0.019093751613998844
1,B_svc,2,0.18459454920584656,20,0.2667130168128401,MAP_SCADA,97,0.08211846760699354
2,UPFC_Vsh,5-15,1.108006286307207,20,1.1082618909809656,MAP_SCADA,97,0.0002556046737585138
3,UPFC_tsh,5-15,-0.23191990543603197,20,-0.2321895694025061,MAP_SCADA,97,0.00026966396647412627
4,UPFC_Vse,5-15,0.06008050852103739,20,0.06083974456658839,MAP_SCADA,97,0.0007592360455509969
5,UPFC_tse,5-15,-2.1567097345688575,20,-2.162680516533116,MAP_SCADA,97,0.005970781964258709
0,x_tcsc,1-14,-0.11169414259952308,21,-0.1318415748844933,MAP_SCADA,97,0.02014743228497022
1,B_svc,2,0.1857776632719838,21,0.2667130168128401,MAP_SCADA,97,0.08093535354085629
2,UPFC_Vsh,5-15,1.108184785877071,21,1.1082618909809656,MAP_SCADA,97,7.710510389458136e-05
3,UPFC_tsh,5-15,-0.23273179667649846,21,-0.2321895694025061,MAP_SCADA,97,0.0005422272739923628
4,UPFC_Vse,5-15,0.05992770845896655,21,0.06083974456658839,MAP_SCADA,97,0.00091203610762184
5,UPFC_tse,5-15,-2.1568349329799426,21,-2.162680516533116,MAP_SCADA,97,0.005845583553173661
0,x_tcsc,1-14,-0.11260572090998863,22,-0.1318415748844933,MAP_SCADA,97,0.01923585397450467
1,B_svc,2,0.18071338323253047,22,0.2667130168128401,MAP_SCADA,97,0.08599963358030963
2,UPFC_Vsh,5-15,1.106722196604619,22,1.1082618909809656,MAP_SCADA,97,0.0015396943763466009
3,UPFC_tsh,5-15,-0.23240057224166638,22,-0.2321895694025061,MAP_SCADA,97,0.00021100283916028473
4,UPFC_Vse,5-15,0.059859672432762606,22,0.06083974456658839,MAP_SCADA,97,0.0009800721338257823
5,UPFC_tse,5-15,-2.1554046999392504,22,-2.162680516533116,MAP_SCADA,97,0.00727581659386578
0,x_tcsc,1-14,-0.10863106555895048,23,-0.1318415748844933,MAP_SCADA,97,0.02321050932554282
1,B_svc,2,0.19440583723342642,23,0.2667130168128401,MAP_SCADA,97,0.07230717957941368
2,UPFC_Vsh,5-15,1.1056047474826858,23,1.1082618909809656,MAP_SCADA,97,0.0026571434982798348
3,UPFC_tsh,5-15,-0.23553602350049807,23,-0.2321895694025061,MAP_SCADA,97,0.0033464540979919744
4,UPFC_Vse,5-15,0.06062491232048908,23,0.06083974456658839,MAP_SCADA,97,0.00021483224609930573
5,UPFC_tse,5-15,-2.1604370235879395,23,-2.162680516533116,MAP_SCADA,97,0.0022434929451766727
0,x_tcsc,1-14,-0.11358461640106417,24,-0.1318415748844933,MAP_SCADA,97,0.018256958483429134
1,B_svc,2,0.17847299555661278,24,0.2667130168128401,MAP_SCADA,97,0.08824002125622732
2,UPFC_Vsh,5-15,1.1077453708357268,24,1.1082618909809656,MAP_SCADA,97,0.0005165201452388413
3,UPFC_tsh,5-15,-0.23118967241909189,24,-0.2321895694025061,MAP_SCADA,97,0.0009998969834142113
4,UPFC_Vse,5-15,0.06001689749729636,24,0.06083974456658839,MAP_SCADA,97,0.0008228470692920251
5,UPFC_tse,5-15,-2.1543010736861428,24,-2.162680516533116,MAP_SCADA,97,0.00837944284697345
0,x_tcsc,1-14,-0.11320004043012336,25,-0.1318415748844933,MAP_SCADA,97,0.018641534454369946
1,B_svc,2,0.17941167260829785,25,0.2667130168128401,MAP_SCADA,97,0.08730134420454225
2,UPFC_Vsh,5-15,1.1101974435380184,25,1.1082618909809656,MAP_SCADA,97,0.0019355525570527998
3,UPFC_tsh,5-15,-0.23031717049236608,25,-0.2321895694025061,MAP_SCADA,97,0.0018723989101400162
4,UPFC_Vse,5-15,0.05996830578511454,25,0.06083974456658839,MAP_SCADA,97,0.0008714387814738461
5,UPFC_tse,5-15,-2.1553668754708863,25,-2.162680516533116,MAP_SCADA,97,0.00731364106222987
0,x_tcsc,1-14,-0.11212214964649692,26,-0.1318415748844933,MAP_SCADA,97,0.019719425237996385
1,B_svc,2,0.1816223075761155,26,0.2667130168128401,MAP_SCADA,97,0.0850907092367246
2,UPFC_Vsh,5-15,1.1082064053681402,26,1.1082618909809656,MAP_SCADA,97,5.54856128254233e-05
3,UPFC_tsh,5-15,-0.23179014857039898,26,-0.2321895694025061,MAP_SCADA,97,0.0003994208321071169
4,UPFC_Vse,5-15,0.060238724303090414,26,0.06083974456658839,MAP_SCADA,97,0.0006010202634979742
5,UPFC_tse,5-15,-2.1599186635184866,26,-2.162680516533116,MAP_SCADA,97,0.0027618530146296116
0,x_tcsc,1-14,-0.11119204081336112,27,-0.1318415748844933,MAP_SCADA,97,0.02064953407113218
1,B_svc,2,0.1842705258074126,27,0.2667130168128401,MAP_SCADA,97,0.0824424910054275
2,UPFC_Vsh,5-15,1.1059116452390325,27,1.1082618909809656,MAP_SCADA,97,0.002350245741933099
3,UPFC_tsh,5-15,-0.23295759170996305,27,-0.2321895694025061,MAP_SCADA,97,0.0007680223074569559
4,UPFC_Vse,5-15,0.06053072554552834,27,0.06083974456658839,MAP_SCADA,97,0.0003090190210600502
5,UPFC_tse,5-15,-2.1561425446031106,27,-2.162680516533116,MAP_SCADA,97,0.006537971930005604
0,x_tcsc,1-14,-0.11078516593243308,28,-0.1318415748844933,MAP_SCADA,97,0.02105640895206022
1,B_svc,2,0.1862073014298553,28,0.2667130168128401,MAP_SCADA,97,0.08050571538298479
2,UPFC_Vsh,5-15,1.105306562887327,28,1.1082618909809656,MAP_SCADA,97,0.0029553280936385207
3,UPFC_tsh,5-15,-0.2340897760936502,28,-0.2321895694025061,MAP_SCADA,97,0.0019002066911441018
4,UPFC_Vse,5-15,0.06031540260348843,28,0.06083974456658839,MAP_SCADA,97,0.0005243419630999585
5,UPFC_tse,5-15,-2.159848933017864,28,-2.162680516533116,MAP_SCADA,97,0.002831583515252145
0,x_tcsc,1-14,-0.11114633594373284,29,-0.1318415748844933,MAP_SCADA,97,0.02069523894076046
1,B_svc,2,0.18515795790093445,29,0.2667130168128401,MAP_SCADA,97,0.08155505891190565
2,UPFC_Vsh,5-15,1.1077676810944392,29,1.1082618909809656,MAP_SCADA,97,0.0004942098865263755
3,UPFC_tsh,5-15,-0.2328826952361252,29,-0.2321895694025061,MAP_SCADA,97,0.0006931258336191071
4,UPFC_Vse,5-15,0.06039577683997066,29,0.06083974456658839,MAP_SCADA,97,0.00044396772661772776
5,UPFC_tse,5-15,-2.155335140690537,29,-2.162680516533116,MAP_SCADA,97,0.007345375842579216
0,x_tcsc,1-14,-0.11216068815257503,30,-0.1318415748844933,MAP_SCADA,97,0.01968088673191827
1,B_svc,2,0.17704446044748634,30,0.2667130168128401,MAP_SCADA,97,0.08966855636535376
2,UPFC_Vsh,5-15,1.109683072820936,30,1.1082618909809656,MAP_SCADA,97,0.0014211818399703091
3,UPFC_tsh,5-15,-0.23174778760842352,30,-0.2321895694025061,MAP_SCADA,97,0.00044178179408257967
4,UPFC_Vse,5-15,0.06019310784890161,30,0.06083974456658839,MAP_SCADA,97,0.0006466367176867771
5,UPFC_tse,5-15,-2.1564072150031643,30,-2.162680516533116,MAP_SCADA,97,0.006273301529951869
0,x_tcsc,1-14,-0.11251342636674841,31,-0.1318415748844933,MAP_SCADA,97,0.019328148517744892
1,B_svc,2,0.1831099893073962,31,0.2667130168128401,MAP_SCADA,97,0.0836030275054439
2,UPFC_Vsh,5-15,1.1078159760395527,31,1.1082618909809656,MAP_SCADA,97,0.0004459149414128838
3,UPFC_tsh,5-15,-0.23189856588754654,31,-0.2321895694025061,MAP_SCADA,97,0.0002910035149595591
4,UPFC_Vse,5-15,0.06007672510263565,31,0.06083974456658839,MAP_SCADA,97,0.000763019463952741
5,UPFC_tse,5-15,-2.1587524619933207,31,-2.162680516533116,MAP_SCADA,97,0.0039280545397955
0,x_tcsc,1-14,-0.10935089542807824,32,-0.1318415748844933,MAP_SCADA,97,0.022490679456415058
1,B_svc,2,0.18873592910746403,32,0.2667130168128401,MAP_SCADA,97,0.07797708770537606
2,UPFC_Vsh,5-15,1.109038949726816,32,1.1082618909809656,MAP_SCADA,97,0.0007770587458504341
3,UPFC_tsh,5-15,-0.2330027710688704,32,-0.2321895694025061,MAP_SCADA,97,0.0008132016663643105
4,UPFC_Vse,5-15,0.05985014716756717,32,0.06083974456658839,MAP_SCADA,97,0.0009895973990212206
5,UPFC_tse,5-15,-2.1617669058380433,32,-2.162680516533116,MAP_SCADA,97,0.0009136106950728973
0,x_tcsc,1-14,-0.11132959920201867,33,-0.1318415748844933,MAP_SCADA,97,0.020511975682474634
1,B_svc,2,0.18595327212098606,33,0.2667130168128401,MAP_SCADA,97,0.08075974469185404
2,UPFC_Vsh,5-15,1.108084565723442,33,1.1082618909809656,MAP_SCADA,97,0.000177325257523675
3,UPFC_tsh,5-15,-0.2321353180308911,33,-0.2321895694025061,MAP_SCADA,97,5.425137161499394e-05
4,UPFC_Vse,5-15,0.06002017416798528,33,0.06083974456658839,MAP_SCADA,97,0.0008195703986031075
5,UPFC_tse,5-15,-2.157033850389164,33,-2.162680516533116,MAP_SCADA,97,0.005646666143952039
0,x_tcsc,1-14,-0.11034198001640978,34,-0.1318415748844933,MAP_SCADA,97,0.02149959486808352
1,B_svc,2,0.18678599517759245,34,0.2667130168128401,MAP_SCADA,97,0.07992702163524765
2,UPFC_Vsh,5-15,1.1085563560496479,34,1.1082618909809656,MAP_SCADA,97,0.0002944650686822481
3,UPFC_tsh,5-15,-0.23312360340740504,34,-0.2321895694025061,MAP_SCADA,97,0.0009340340048989426
4,UPFC_Vse,5-15,0.060366956294376876,34,0.06083974456658839,MAP_SCADA,97,0.00047278827221151204
5,UPFC_tse,5-15,-2.1581320522383804,34,-2.162680516533116,MAP_SCADA,97,0.004548464294735766
0,x_tcsc,1-14,-0.11311317898577221,35,-0.1318415748844933,MAP_SCADA,97,0.018728395898721092
1,B_svc,2,0.18325163162252295,35,0.2667130168128401,MAP_SCADA,97,0.08346138519031715
2,UPFC_Vsh,5-15,1.1098842983230832,35,1.1082618909809656,MAP_SCADA,97,0.0016224073421176044
3,UPFC_tsh,5-15,-0.23130759162507253,35,-0.2321895694025061,MAP_SCADA,97,0.000881977777433568
4,UPFC_Vse,5-15,0.06016391902929492,35,0.06083974456658839,MAP_SCADA,97,0.0006758255372934716
5,UPFC_tse,5-15,-2.1548243799234137,35,-2.162680516533116,MAP_SCADA,97,0.007856136609702524
0,x_tcsc,1-14,-0.1149720819539307,36,-0.1318415748844933,MAP_SCADA,97,0.0168694929305626
1,B_svc,2,0.1750447967126657,36,0.2667130168128401,MAP_SCADA,97,0.09166822010017439
2,UPFC_Vsh,5-15,1.1102778223388667,36,1.1082618909809656,MAP_SCADA,97,0.002015931357901124
3,UPFC_tsh,5-15,-0.22961423202170334,36,-0.2321895694025061,MAP_SCADA,97,0.0025753373808027613
4,UPFC_Vse,5-15,0.060175439493694916,36,0.06083974456658839,MAP_SCADA,97,0.000664305072893473
5,UPFC_tse,5-15,-2.1527252492944804,36,-2.162680516533116,MAP_SCADA,97,0.009955267238635823
0,x_tcsc,1-14,-0.1135383168444,37,-0.1318415748844933,MAP_SCADA,97,0.018303258040093306
1,B_svc,2,0.1808875627066663,37,0.2667130168128401,MAP_SCADA,97,0.08582545410617379
2,UPFC_Vsh,5-15,1.1097833398341765,37,1.1082618909809656,MAP_SCADA,97,0.0015214488532109272
3,UPFC_tsh,5-15,-0.2306731020068669,37,-0.2321895694025061,MAP_SCADA,97,0.0015164673956392094
4,UPFC_Vse,5-15,0.059604765997265136,37,0.06083974456658839,MAP_SCADA,97,0.001234978569323253
5,UPFC_tse,5-15,-2.1598551334837475,37,-2.162680516533116,MAP_SCADA,97,0.002825383049368746
0,x_tcsc,1-14,-0.11241197576694792,38,-0.1318415748844933,MAP_SCADA,97,0.019429599117545382
1,B_svc,2,0.18139884194193798,38,0.2667130168128401,MAP_SCADA,97,0.08531417487090212
2,UPFC_Vsh,5-15,1.1092926368032598,38,1.1082618909809656,MAP_SCADA,97,0.0010307458222942323
3,UPFC_tsh,5-15,-0.23168033003577468,38,-0.2321895694025061,MAP_SCADA,97,0.0005092393667314177
4,UPFC_Vse,5-15,0.06042739705196942,38,0.06083974456658839,MAP_SCADA,97,0.0004123475146189659
5,UPFC_tse,5-15,-2.150262573934795,38,-2.162680516533116,MAP_SCADA,97,0.012417942598321297
0,x_tcsc,1-14,-0.11336627208444718,39,-0.1318415748844933,MAP_SCADA,97,0.018475302800046126
1,B_svc,2,0.1824406965904449,39,0.2667130168128401,MAP_SCADA,97,0.0842723202223952
2,UPFC_Vsh,5-15,1.109450803391796,39,1.1082618909809656,MAP_SCADA,97,0.0011889124108304117
3,UPFC_tsh,5-15,-0.23110270791873322,39,-0.2321895694025061,MAP_SCADA,97,0.0010868614837728774
4,UPFC_Vse,5-15,0.06015947124209428,39,0.06083974456658839,MAP_SCADA,97,0.0006802733244941073
5,UPFC_tse,5-15,-2.1525195949795397,39,-2.162680516533116,MAP_SCADA,97,0.010160921553576507
0,x_tcsc,1-14,-0.11449781928869908,40,-0.1318415748844933,MAP_SCADA,97,0.017343755595794222
1,B_svc,2,0.17698963311880708,40,0.2667130168128401,MAP_SCADA,97,0.08972338369403302
2,UPFC_Vsh,5-15,1.1099220982081328,40,1.1082618909809656,MAP_SCADA,97,0.0016602072271671986
3,UPFC_tsh,5-15,-0.23127461686611703,40,-0.2321895694025061,MAP_SCADA,97,0.0009149525363890687
4,UPFC_Vse,5-15,0.060217625795988015,40,0.06083974456658839,MAP_SCADA,97,0.0006221187706003731
5,UPFC_tse,5-15,-2.1504069037421822,40,-2.162680516533116,MAP_SCADA,97,0.012273612790933974
0,x_tcsc,1-14,-0.11093572745407543,41,-0.1318415748844933,MAP_SCADA,97,0.020905847430417873
1,B_svc,2,0.18531896959267724,41,0.2667130168128401,MAP_SCADA,97,0.08139404722016286
2,UPFC_Vsh,5-15,1.108434994048722,41,1.1082618909809656,MAP_SCADA,97,0.00017310306775630835
3,UPFC_tsh,5-15,-0.233408373060217,41,-0.2321895694025061,MAP_SCADA,97,0.001218803657710904
4,UPFC_Vse,5-15,0.060499846182725275,41,0.06083974456658839,MAP_SCADA,97,0.0003398983838631131
5,UPFC_tse,5-15,-2.1601069645717934,41,-2.162680516533116,MAP_SCADA,97,0.0025735519613228064
0,x_tcsc,1-14,-0.11147761500004855,42,-0.1318415748844933,MAP_SCADA,97,0.020363959884444754
1,B_svc,2,0.18730903475163513,42,0.2667130168128401,MAP_SCADA,97,0.07940398206120497
2,UPFC_Vsh,5-15,1.1074933658695576,42,1.1082618909809656,MAP_SCADA,97,0.0007685251114080138
3,UPFC_tsh,5-15,-0.23274285808599332,42,-0.2321895694025061,MAP_SCADA,97,0.0005532886834872242
4,UPFC_Vse,5-15,0.06046335877714539,42,0.06083974456658839,MAP_SCADA,97,0.000376385789442997
5,UPFC_tse,5-15,-2.154540752922178,42,-2.162680516533116,MAP_SCADA,97,0.008139763610938378
0,x_tcsc,1-14,-0.11305657612109273,43,-0.1318415748844933,MAP_SCADA,97,0.018784998763400576
1,B_svc,2,0.1792216928206034,43,0.2667130168128401,MAP_SCADA,97,0.08749132399223669
2,UPFC_Vsh,5-15,1.1100005386855296,43,1.1082618909809656,MAP_SCADA,97,0.0017386477045640003
3,UPFC_tsh,5-15,-0.23036578137282954,43,-0.2321895694025061,MAP_SCADA,97,0.0018237880296765596
4,UPFC_Vse,5-15,0.06057910375371149,43,0.06083974456658839,MAP_SCADA,97,0.0002606408128768972
5,UPFC_tse,5-15,-2.1561589997097914,43,-2.162680516533116,MAP_SCADA,97,0.006521516823324802
0,x_tcsc,1-14,-0.11207535639674679,44,-0.1318415748844933,MAP_SCADA,97,0.019766218487746512
1,B_svc,2,0.1846858498020382,44,0.2667130168128401,MAP_SCADA,97,0.0820271670108019
2,UPFC_Vsh,5-15,1.1077601535326256,44,1.1082618909809656,MAP_SCADA,97,0.0005017374483400339
3,UPFC_tsh,5-15,-0.23261638863089268,44,-0.2321895694025061,MAP_SCADA,97,0.00042681922838658237
4,UPFC_Vse,5-15,0.06047525859342069,44,0.06083974456658839,MAP_SCADA,97,0.00036448597316769693
5,UPFC_tse,5-15,-2.154046429528506,44,-2.162680516533116,MAP_SCADA,97,0.008634087004610436
0,x_tcsc,1-14,-0.11375431081784133,45,-0.1318415748844933,MAP_SCADA,97,0.018087264066651967
1,B_svc,2,0.17477818719938254,45,0.2667130168128401,MAP_SCADA,97,0.09193482961345756
2,UPFC_Vsh,5-15,1.1093197165452422,45,1.1082618909809656,MAP_SCADA,97,0.0010578255642765821
3,UPFC_tsh,5-15,-0.23071303918734726,45,-0.2321895694025061,MAP_SCADA,97,0.0014765302151588389
4,UPFC_Vse,5-15,0.06014026459677954,45,0.06083974456658839,MAP_SCADA,97,0.0006994799698088472
5,UPFC_tse,5-15,-2.15388812615601,45,-2.162680516533116,MAP_SCADA,97,0.00879239037710633
0,x_tcsc,1-14,-0.11310434548909658,46,-0.1318415748844933,MAP_SCADA,97,0.018737229395396723
1,B_svc,2,0.17866334359157365,46,0.2667130168128401,MAP_SCADA,97,0.08804967322126644
2,UPFC_Vsh,5-15,1.108715174743999,46,1.1082618909809656,MAP_SCADA,97,0.00045328376303332973
3,UPFC_tsh,5-15,-0.23114836154528098,46,-0.2321895694025061,MAP_SCADA,97,0.0010412078572251127
4,UPFC_Vse,5-15,0.060340846612470904,46,0.06083974456658839,MAP_SCADA,97,0.0004988979541174846
5,UPFC_tse,5-15,-2.155077590767528,46,-2.162680516533116,MAP_SCADA,97,0.0076029257655880755
0,x_tcsc,1-14,-0.1126163685304988,47,-0.1318415748844933,MAP_SCADA,97,0.019225206353994495
1,B_svc,2,0.1826820223153454,47,0.2667130168128401,MAP_SCADA,97,0.08403099449749471
2,UPFC_Vsh,5-15,1.1078508671343414,47,1.1082618909809656,MAP_SCADA,97,0.00041102384662417
3,UPFC_tsh,5-15,-0.23195436112425402,47,-0.2321895694025061,MAP_SCADA,97,0.0002352082782520748
4,UPFC_Vse,5-15,0.06005427570146322,47,0.06083974456658839,MAP_SCADA,97,0.0007854688651251704
5,UPFC_tse,5-15,-2.149004765473707,47,-2.162680516533116,MAP_SCADA,97,0.013675751059409436
0,x_tcsc,1-14,-0.11202393736720709,48,-0.1318415748844933,MAP_SCADA,97,0.019817637517286213
1,B_svc,2,0.18197032083453404,48,0.2667130168128401,MAP_SCADA,97,0.08474269597830605
2,UPFC_Vsh,5-15,1.1088869066003255,48,1.1082618909809656,MAP_SCADA,97,0.0006250156193599032
3,UPFC_tsh,5-15,-0.23173744296455784,48,-0.2321895694025061,MAP_SCADA,97,0.00045212643794825813
4,UPFC_Vse,5-15,0.06064179275722406,48,0.06083974456658839,MAP_SCADA,97,0.00019795180936432732
5,UPFC_tse,5-15,-2.1579971846390347,48,-2.162680516533116,MAP_SCADA,97,0.004683331894081544
0,x_tcsc,1-14,-0.11301190854144895,49,-0.1318415748844933,MAP_SCADA,97,0.01882966634304435
1,B_svc,2,0.1826769526565768,49,0.2667130168128401,MAP_SCADA,97,0.0840360641562633
2,UPFC_Vsh,5-15,1.10911972473425,49,1.1082618909809656,MAP_SCADA,97,0.0008578337532842983
3,UPFC_tsh,5-15,-0.23197494578688546,49,-0.2321895694025061,MAP_SCADA,97,0.00021462361562063492
4,UPFC_Vse,5-15,0.06039511975662008,49,0.06083974456658839,MAP_SCADA,97,0.00044462480996830533
5,UPFC_tse,5-15,-2.159769366853597,49,-2.162680516533116,MAP_SCADA,97,0.0029111496795191094
0,x_tcsc,1-14,-0.11232464740583507,50,-0.1318415748844933,MAP_SCADA,97,0.019516927478658228
1,B_svc,2,0.1804661933096819,50,0.2667130168128401,MAP_SCADA,97,0.08624682350315821
2,UPFC_Vsh,5-15,1.1082997050473367,50,1.1082618909809656,MAP_SCADA,97,3.7814066371044674e-05
3,UPFC_tsh,5-15,-0.23223059620849504,50,-0.2321895694025061,MAP_SCADA,97,4.102680598894182e-05
4,UPFC_Vse,5-15,0.060382776568446615,50,0.06083974456658839,MAP_SCADA,97,0.0004569679981417732
5,UPFC_tse,5-15,-2.15506436388257,50,-2.162680516533116,MAP_SCADA,97,0.007616152650546049
0,x_tcsc,1-14,-0.11361562540832322,51,-0.1318415748844933,MAP_SCADA,97,0.01822594947617008
1,B_svc,2,0.17885922469653856,51,0.2667130168128401,MAP_SCADA,97,0.08785379211630154
2,UPFC_Vsh,5-15,1.1070689001567269,51,1.1082618909809656,MAP_SCADA,97,0.0011929908242387377
3,UPFC_tsh,5-15,-0.2321065832889006,51,-0.2321895694025061,MAP_SCADA,97,8.298611360549324e-05
4,UPFC_Vse,5-15,0.06052340155011435,51,0.06083974456658839,MAP_SCADA,97,0.00031634301647404106
5,UPFC_tse,5-15,-2.1551682308222206,51,-2.162680516533116,MAP_SCADA,97,0.007512285710895572
0,x_tcsc,1-14,-0.10848351521084021,52,-0.1318415748844933,MAP_SCADA,97,0.023358059673653092
1,B_svc,2,0.19662177475265205,52,0.2667130168128401,MAP_SCADA,97,0.07009124206018805
2,UPFC_Vsh,5-15,1.1078003615348868,52,1.1082618909809656,MAP_SCADA,97,0.0004615294460788011
3,UPFC_tsh,5-15,-0.23401474328945562,52,-0.2321895694025061,MAP_SCADA,97,0.001825173886949527
4,UPFC_Vse,5-15,0.06035505211035941,52,0.06083974456658839,MAP_SCADA,97,0.00048469245622898005
5,UPFC_tse,5-15,-2.160186956663391,52,-2.162680516533116,MAP_SCADA,97,0.002493559869725104
0,x_tcsc,1-14,-0.11302618824924493,53,-0.1318415748844933,MAP_SCADA,97,0.01881538663524837
1,B_svc,2,0.1855528678668657,53,0.2667130168128401,MAP_SCADA,97,0.0811601489459744
2,UPFC_Vsh,5-15,1.106401917745756,53,1.1082618909809656,MAP_SCADA,97,0.0018599732352095888
3,UPFC_tsh,5-15,-0.23299677621338608,53,-0.2321895694025061,MAP_SCADA,97,0.000807206810879979
4,UPFC_Vse,5-15,0.06025677125495774,53,0.06083974456658839,MAP_SCADA,97,0.0005829733116306454
5,UPFC_tse,5-15,-2.1530014389473546,53,-2.162680516533116,MAP_SCADA,97,0.009679077585761586
0,x_tcsc,1-14,-0.10992588267449988,54,-0.1318415748844933,MAP_SCADA,97,0.021915692209993426
1,B_svc,2,0.18850845278962525,54,0.2667130168128401,MAP_SCADA,97,0.07820456402321485
2,UPFC_Vsh,5-15,1.1080263661691967,54,1.1082618909809656,MAP_SCADA,97,0.00023552481176891682
3,UPFC_tsh,5-15,-0.2334353156834582,54,-0.2321895694025061,MAP_SCADA,97,0.0012457462809521147
4,UPFC_Vse,5-15,0.060702502198160174,54,0.06083974456658839,MAP_SCADA,97,0.00013724236842821425
5,UPFC_tse,5-15,-2.159140326809645,54,-2.162680516533116,MAP_SCADA,97,0.0035401897234712543
0,x_tcsc,1-14,-0.11090856933726283,55,-0.1318415748844933,MAP_SCADA,97,0.020933005547230474
1,B_svc,2,0.18390305521965483,55,0.2667130168128401,MAP_SCADA,97,0.08280996159318527
2,UPFC_Vsh,5-15,1.105779728191416,55,1.1082618909809656,MAP_SCADA,97,0.0024821627895497134
3,UPFC_tsh,5-15,-0.23355893281144285,55,-0.2321895694025061,MAP_SCADA,97,0.001369363408936758
4,UPFC_Vse,5-15,0.06052711291959248,55,0.06083974456658839,MAP_SCADA,97,0.00031263164699590895
5,UPFC_tse,5-15,-2.1596477295296808,55,-2.162680516533116,MAP_SCADA,97,0.0030327870034354554
0,x_tcsc,1-14,-0.11295801478895467,56,-0.1318415748844933,MAP_SCADA,97,0.018883560095538626
1,B_svc,2,0.18145367109197516,56,0.2667130168128401,MAP_SCADA,97,0.08525934572086494
2,UPFC_Vsh,5-15,1.108183062115895,56,1.1082618909809656,MAP_SCADA,97,7.88288650706015e-05
3,UPFC_tsh,5-15,-0.23276754175977452,56,-0.2321895694025061,MAP_SCADA,97,0.0005779723572684192
4,UPFC_Vse,5-15,0.060201074271315824,56,0.06083974456658839,MAP_SCADA,97,0.0006386702952725642
5,UPFC_tse,5-15,-2.1541185297160985,56,-2.162680516533116,MAP_SCADA,97,0.008561986817017697
0,x_tcsc,1-14,-0.11331549764469787,57,-0.1318415748844933,MAP_SCADA,97,0.018526077239795435
1,B_svc,2,0.18113549787680508,57,0.2667130168128401,MAP_SCADA,97,0.08557751893603502
2,UPFC_Vsh,5-15,1.1080297025810695,57,1.1082618909809656,MAP_SCADA,97,0.00023218839989613826
3,UPFC_tsh,5-15,-0.2318175980644757,57,-0.2321895694025061,MAP_SCADA,97,0.00037197133803040794
4,UPFC_Vse,5-15,0.05974123277280337,57,0.06083974456658839,MAP_SCADA,97,0.0010985117937850203
5,UPFC_tse,5-15,-2.1568552925009024,57,-2.162680516533116,MAP_SCADA,97,0.00582522403221386
0,x_tcsc,1-14,-0.11259592447870835,58,-0.1318415748844933,MAP_SCADA,97,0.01924565040578495
1,B_svc,2,0.1855124996650732,58,0.2667130168128401,MAP_SCADA,97,0.08120051714776691
2,UPFC_Vsh,5-15,1.1041639179721214,58,1.1082618909809656,MAP_SCADA,97,0.00409797300884418
3,UPFC_tsh,5-15,-0.2337457779457213,58,-0.2321895694025061,MAP_SCADA,97,0.0015562085432151984
4,UPFC_Vse,5-15,0.060641571824637475,58,0.06083974456658839,MAP_SCADA,97,0.00019817274195091383
5,UPFC_tse,5-15,-2.1560231945507224,58,-2.162680516533116,MAP_SCADA,97,0.006657321982393771
0,x_tcsc,1-14,-0.11286231559448634,59,-0.1318415748844933,MAP_SCADA,97,0.01897925929000696
1,B_svc,2,0.1817952967432671,59,0.2667130168128401,MAP_SCADA,97,0.08491772006957299
2,UPFC_Vsh,5-15,1.108691902973475,59,1.1082618909809656,MAP_SCADA,97,0.0004300119925093604
3,UPFC_tsh,5-15,-0.23184199738940517,59,-0.2321895694025061,MAP_SCADA,97,0.00034757201310092745
4,UPFC_Vse,5-15,0.060454713383064476,59,0.06083974456658839,MAP_SCADA,97,0.0003850311835239123
5,UPFC_tse,5-15,-2.15495703243471,59,-2.162680516533116,MAP_SCADA,97,0.007723484098406175
0,x_tcsc,1-14,-0.1125451676959699,60,-0.1318415748844933,MAP_SCADA,97,0.019296407188523407
1,B_svc,2,0.18446213206889514,60,0.2667130168128401,MAP_SCADA,97,0.08225088474394496
2,UPFC_Vsh,5-15,1.108050671247431,60,1.1082618909809656,MAP_SCADA,97,0.00021121973353466217
3,UPFC_tsh,5-15,-0.2323091987208775,60,-0.2321895694025061,MAP_SCADA,97,0.00011962931837139479
4,UPFC_Vse,5-15,0.06027242282692596,60,0.06083974456658839,MAP_SCADA,97,0.0005673217396624311
5,UPFC_tse,5-15,-2.1526136198908206,60,-2.162680516533116,MAP_SCADA,97,0.010066896642295653
0,x_tcsc,1-14,-0.11410481713499057,61,-0.1318415748844933,MAP_SCADA,97,0.01773675774950273
1,B_svc,2,0.17972519930177294,61,0.2667130168128401,MAP_SCADA,97,0.08698781751106716
2,UPFC_Vsh,5-15,1.1062344025143551,61,1.1082618909809656,MAP_SCADA,97,0.002027488466610494
3,UPFC_tsh,5-15,-0.23187134686501007,61,-0.2321895694025061,MAP_SCADA,97,0.0003182225374960268
4,UPFC_Vse,5-15,0.06071318870310169,61,0.06083974456658839,MAP_SCADA,97,0.00012655586348669923
5,UPFC_tse,5-15,-2.1542601835848503,61,-2.162680516533116,MAP_SCADA,97,0.00842033294826594
0,x_tcsc,1-14,-0.1115933269007217,62,-0.1318415748844933,MAP_SCADA,97,0.020248247983771603
1,B_svc,2,0.18400213468782292,62,0.2667130168128401,MAP_SCADA,97,0.08271088212501718
2,UPFC_Vsh,5-15,1.1074571520285303,62,1.1082618909809656,MAP_SCADA,97,0.0008047389524352688
3,UPFC_tsh,5-15,-0.23263168864163766,62,-0.2321895694025061,MAP_SCADA,97,0.0004421192391315665
4,UPFC_Vse,5-15,0.05996998341083485,62,0.06083974456658839,MAP_SCADA,97,0.0008697611557535387
5,UPFC_tse,5-15,-2.1600345054626127,62,-2.162680516533116,MAP_SCADA,97,0.002646011070503551
0,x_tcsc,1-14,-0.11148815154244913,63,-0.1318415748844933,MAP_SCADA,97,0.020353423342044166
1,B_svc,2,0.18721449786679403,63,0.2667130168128401,MAP_SCADA,97,0.07949851894604607
2,UPFC_Vsh,5-15,1.1070688856726931,63,1.1082618909809656,MAP_SCADA,97,0.0011930053082724879
3,UPFC_tsh,5-15,-0.23342688662212113,63,-0.2321895694025061,MAP_SCADA,97,0.0012373172196150362
4,UPFC_Vse,5-15,0.05977947534148236,63,0.06083974456658839,MAP_SCADA,97,0.0010602692251060267
5,UPFC_tse,5-15,-2.1563252483151594,63,-2.162680516533116,MAP_SCADA,97,0.006355268217956844
0,x_tcsc,1-14,-0.11195724792908147,64,-0.1318415748844933,MAP_SCADA,97,0.019884326955411827
1,B_svc,2,0.18532267620046441,64,0.2667130168128401,MAP_SCADA,97,0.08139034061237568
2,UPFC_Vsh,5-15,1.1062982148266969,64,1.1082618909809656,MAP_SCADA,97,0.001963676154268734
3,UPFC_tsh,5-15,-0.23231828006468574,64,-0.2321895694025061,MAP_SCADA,97,0.00012871066217964855
4,UPFC_Vse,5-15,0.060691859349195215,64,0.06083974456658839,MAP_SCADA,97,0.00014788521739317328
5,UPFC_tse,5-15,-2.152693367047146,64,-2.162680516533116,MAP_SCADA,97,0.009987149485970015
0,x_tcsc,1-14,-0.11295515105283893,65,-0.1318415748844933,MAP_SCADA,97,0.01888642383165437
1,B_svc,2,0.18060145943688566,65,0.2667130168128401,MAP_SCADA,97,0.08611155737595444
2,UPFC_Vsh,5-15,1.1078146006483933,65,1.1082618909809656,MAP_SCADA,97,0.0004472903325722921
3,UPFC_tsh,5-15,-0.23209500185534337,65,-0.2321895694025061,MAP_SCADA,97,9.456754716272164e-05
4,UPFC_Vse,5-15,0.06005942127011483,65,0.06083974456658839,MAP_SCADA,97,0.0007803232964735604
5,UPFC_tse,5-15,-2.152035993257443,65,-2.162680516533116,MAP_SCADA,97,0.010644523275673112
0,x_tcsc,1-14,-0.1105648668522165,66,-0.1318415748844933,MAP_SCADA,97,0.021276708032276798
1,B_svc,2,0.1904464047979305,66,0.2667130168128401,MAP_SCADA,97,0.07626661201490958
2,UPFC_Vsh,5-15,1.108306155074037,66,1.1082618909809656,MAP_SCADA,97,4.426409307134449e-05
3,UPFC_tsh,5-15,-0.23257200768493028,66,-0.2321895694025061,MAP_SCADA,97,0.0003824382824241801
4,UPFC_Vse,5-15,0.06025958607178324,66,0.06083974456658839,MAP_SCADA,97,0.0005801584948051455
5,UPFC_tse,5-15,-2.1546439224482006,66,-2.162680516533116,MAP_SCADA,97,0.008036594084915638
0,x_tcsc,1-14,-0.11119767728780644,67,-0.1318415748844933,MAP_SCADA,97,0.02064389759668686
1,B_svc,2,0.18569084335624564,67,0.2667130168128401,MAP_SCADA,97,0.08102217345659446
2,UPFC_Vsh,5-15,1.106366563748709,67,1.1082618909809656,MAP_SCADA,97,0.001895327232256605
3,UPFC_tsh,5-15,-0.23386903030465617,67,-0.2321895694025061,MAP_SCADA,97,0.0016794609021500706
4,UPFC_Vse,5-15,0.06056370946115216,67,0.06083974456658839,MAP_SCADA,97,0.00027603510543623005
5,UPFC_tse,5-15,-2.1571921085846038,67,-2.162680516533116,MAP_SCADA,97,0.005488407948512464
0,x_tcsc,1-14,-0.11483410186228073,68,-0.1318415748844933,MAP_SCADA,97,0.017007473022212574
1,B_svc,2,0.17781365828617798,68,0.2667130168128401,MAP_SCADA,97,0.08889935852666211
2,UPFC_Vsh,5-15,1.106598391691374,68,1.1082618909809656,MAP_SCADA,97,0.0016634992895916412
3,UPFC_tsh,5-15,-0.23154604520573963,68,-0.2321895694025061,MAP_SCADA,97,0.0006435241967664707
4,UPFC_Vse,5-15,0.06029084534704604,68,0.06083974456658839,MAP_SCADA,97,0.0005488992195423481
5,UPFC_tse,5-15,-2.154853142467964,68,-2.162680516533116,MAP_SCADA,97,0.007827374065152437
0,x_tcsc,1-14,-0.11173747291563595,69,-0.1318415748844933,MAP_SCADA,97,0.020104101968857355
1,B_svc,2,0.18495146124073875,69,0.2667130168128401,MAP_SCADA,97,0.08176155557210135
2,UPFC_Vsh,5-15,1.1072218108273122,69,1.1082618909809656,MAP_SCADA,97,0.001040080153653422
3,UPFC_tsh,5-15,-0.23243266776604807,69,-0.2321895694025061,MAP_SCADA,97,0.00024309836354197145
4,UPFC_Vse,5-15,0.05983529988183588,69,0.06083974456658839,MAP_SCADA,97,0.0010044446847525118
5,UPFC_tse,5-15,-2.162200479914194,69,-2.162680516533116,MAP_SCADA,97,0.00048003661892215277
0,x_tcsc,1-14,-0.11161295954054895,70,-0.1318415748844933,MAP_SCADA,97,0.02022861534394435
1,B_svc,2,0.18626377458114451,70,0.2667130168128401,MAP_SCADA,97,0.08044924223169558
2,UPFC_Vsh,5-15,1.1076076388806437,70,1.1082618909809656,MAP_SCADA,97,0.0006542521003218837
3,UPFC_tsh,5-15,-0.23241563686137293,70,-0.2321895694025061,MAP_SCADA,97,0.00022606745886682988
4,UPFC_Vse,5-15,0.0600901778234442,70,0.06083974456658839,MAP_SCADA,97,0.0007495667431441852
5,UPFC_tse,5-15,-2.159739654223675,70,-2.162680516533116,MAP_SCADA,97,0.00294086230944135
0,x_tcsc,1-14,-0.11023236043321037,71,-0.1318415748844933,MAP_SCADA,97,0.02160921445128293
1,B_svc,2,0.18490639389636032,71,0.2667130168128401,MAP_SCADA,97,0.08180662291647978
2,UPFC_Vsh,5-15,1.1080515269839228,71,1.1082618909809656,MAP_SCADA,97,0.00021036399704277287
3,UPFC_tsh,5-15,-0.23367155568450076,71,-0.2321895694025061,MAP_SCADA,97,0.0014819862819946683
4,UPFC_Vse,5-15,0.05956459850884551,71,0.06083974456658839,MAP_SCADA,97,0.0012751460577428778
5,UPFC_tse,5-15,-2.1603199827972,71,-2.162680516533116,MAP_SCADA,97,0.0023605337359162704
0,x_tcsc,1-14,-0.11481364685907605,72,-0.1318415748844933,MAP_SCADA,97,0.01702792802541725
1,B_svc,2,0.1740477843073324,72,0.2667130168128401,MAP_SCADA,97,0.0926652325055077
2,UPFC_Vsh,5-15,1.1093478133268266,72,1.1082618909809656,MAP_SCADA,97,0.0010859223458610234
3,UPFC_tsh,5-15,-0.23031014743099787,72,-0.2321895694025061,MAP_SCADA,97,0.0018794219715082272
4,UPFC_Vse,5-15,0.060376298368476404,72,0.06083974456658839,MAP_SCADA,97,0.00046344619811198445
5,UPFC_tse,5-15,-2.152526010071022,72,-2.162680516533116,MAP_SCADA,97,0.010154506462094037
0,x_tcsc,1-14,-0.11119939553174198,73,-0.1318415748844933,MAP_SCADA,97,0.020642179352751325
1,B_svc,2,0.18238211869777293,73,0.2667130168128401,MAP_SCADA,97,0.08433089811506717
2,UPFC_Vsh,5-15,1.1078410496521713,73,1.1082618909809656,MAP_SCADA,97,0.0004208413287942747
3,UPFC_tsh,5-15,-0.23244182663890925,73,-0.2321895694025061,MAP_SCADA,97,0.0002522572364031528
4,UPFC_Vse,5-15,0.060123430715658725,73,0.06083974456658839,MAP_SCADA,97,0.0007163138509296632
5,UPFC_tse,5-15,-2.154635166458868,73,-2.162680516533116,MAP_SCADA,97,0.008045350074248336
0,x_tcsc,1-14,-0.11245131488496514,74,-0.1318415748844933,MAP_SCADA,97,0.01939025999952816
1,B_svc,2,0.18306689732739356,74,0.2667130168128401,MAP_SCADA,97,0.08364611948544654
2,UPFC_Vsh,5-15,1.1060877669311164,74,1.1082618909809656,MAP_SCADA,97,0.00217412404984918
3,UPFC_tsh,5-15,-0.23225569221922024,74,-0.2321895694025061,MAP_SCADA,97,6.612281671414255e-05
4,UPFC_Vse,5-15,0.06060816821702223,74,0.06083974456658839,MAP_SCADA,97,0.00023157634956615797
5,UPFC_tse,5-15,-2.1530639197953803,74,-2.162680516533116,MAP_SCADA,97,0.00961659673773596
0,x_tcsc,1-14,-0.11266851956063793,75,-0.1318415748844933,MAP_SCADA,97,0.019173055323855367
1,B_svc,2,0.17942389982839835,75,0.2667130168128401,MAP_SCADA,97,0.08728911698444175
2,UPFC_Vsh,5-15,1.1060512896544898,75,1.1082618909809656,MAP_SCADA,97,0.0022106013264757696
3,UPFC_tsh,5-15,-0.2321833929982741,75,-0.2321895694025061,MAP_SCADA,97,6.176404232005606e-06
4,UPFC_Vse,5-15,0.0603953238342974,75,0.06083974456658839,MAP_SCADA,97,0.0004444207322909857
5,UPFC_tse,5-15,-2.156912981216897,75,-2.162680516533116,MAP_SCADA,97,0.00576753531621943
0,x_tcsc,1-14,-0.11320542384235198,76,-0.1318415748844933,MAP_SCADA,97,0.018636151042141322
1,B_svc,2,0.17986454173726527,76,0.2667130168128401,MAP_SCADA,97,0.08684847507557483
2,UPFC_Vsh,5-15,1.107140576441596,76,1.1082618909809656,MAP_SCADA,97,0.001121314539369589
3,UPFC_tsh,5-15,-0.2321309439923157,76,-0.2321895694025061,MAP_SCADA,97,5.862541019038825e-05
4,UPFC_Vse,5-15,0.06060513321190883,76,0.06083974456658839,MAP_SCADA,97,0.00023461135467955918
5,UPFC_tse,5-15,-2.154545901987454,76,-2.162680516533116,MAP_SCADA,97,0.008134614545662
0,x_tcsc,1-14,-0.11027983805247656,77,-0.1318415748844933,MAP_SCADA,97,0.021561736832016745
1,B_svc,2,0.19039840003568215,77,0.2667130168128401,MAP_SCADA,97,0.07631461677715795
2,UPFC_Vsh,5-15,1.1060914983424281,77,1.1082618909809656,MAP_SCADA,97,0.002170392638537466
3,UPFC_tsh,5-15,-0.23354511247093693,77,-0.2321895694025061,MAP_SCADA,97,0.0013555430684308312
4,UPFC_Vse,5-15,0.06064689698951932,77,0.06083974456658839,MAP_SCADA,97,0.00019284757706906908
5,UPFC_tse,5-15,-2.163946771282591,77,-2.162680516533116,MAP_SCADA,97,0.0012662547494746157
0,x_tcsc,1-14,-0.11238909219532701,78,-0.1318415748844933,MAP_SCADA,97,0.019452482689166287
1,B_svc,2,0.18583281855938802,78,0.2667130168128401,MAP_SCADA,97,0.08088019825345208
2,UPFC_Vsh,5-15,1.1047114060882188,78,1.1082618909809656,MAP_SCADA,97,0.003550484892746786
3,UPFC_tsh,5-15,-0.23331161314458537,78,-0.2321895694025061,MAP_SCADA,97,0.0011220437420792762
4,UPFC_Vse,5-15,0.060731876001881645,78,0.06083974456658839,MAP_SCADA,97,0.00010786856470674372
5,UPFC_tse,5-15,-2.1574975209251144,78,-2.162680516533116,MAP_SCADA,97,0.005182995608001839
0,x_tcsc,1-14,-0.11227674867262306,79,-0.1318415748844933,MAP_SCADA,97,0.019564826211870237
1,B_svc,2,0.17798850759682364,79,0.2667130168128401,MAP_SCADA,97,0.08872450921601646
2,UPFC_Vsh,5-15,1.1091646776389321,79,1.1082618909809656,MAP_SCADA,97,0.0009027866579665034
3,UPFC_tsh,5-15,-0.2318079257618266,79,-0.2321895694025061,MAP_SCADA,97,0.0003816436406794965
4,UPFC_Vse,5-15,0.0602518094619551,79,0.06083974456658839,MAP_SCADA,97,0.0005879351046332859
5,UPFC_tse,5-15,-2.1581915717638798,79,-2.162680516533116,MAP_SCADA,97,0.004488944769236447
0,x_tcsc,1-14,-0.1103069614975914,80,-0.1318415748844933,MAP_SCADA,97,0.021534613386901907
1,B_svc,2,0.1855188842432045,80,0.2667130168128401,MAP_SCADA,97,0.08119413256963559
2,UPFC_Vsh,5-15,1.1082246409705168,80,1.1082618909809656,MAP_SCADA,97,3.725001044885268e-05
3,UPFC_tsh,5-15,-0.23237219805571732,80,-0.2321895694025061,MAP_SCADA,97,0.00018262865321122534
4,UPFC_Vse,5-15,0.06017729077889988,80,0.06083974456658839,MAP_SCADA,97,0.000662453787688505
5,UPFC_tse,5-15,-2.1579965052878802,80,-2.162680516533116,MAP_SCADA,97,0.004684011245235986
0,x_tcsc,1-14,-0.11484420222689054,81,-0.1318415748844933,MAP_SCADA,97,0.01699737265760276
1,B_svc,2,0.17324317502602474,81,0.2667130168128401,MAP_SCADA,97,0.09346984178681536
2,UPFC_Vsh,5-15,1.107767203557404,81,1.1082618909809656,MAP_SCADA,97,0.0004946874235616239
3,UPFC_tsh,5-15,-0.23072723953847235,81,-0.2321895694025061,MAP_SCADA,97,0.0014623298640337457
4,UPFC_Vse,5-15,0.060976563935023265,81,0.06083974456658839,MAP_SCADA,97,0.0001368193684348762
5,UPFC_tse,5-15,-2.149647198018337,81,-2.162680516533116,MAP_SCADA,97,0.013033318514779069
0,x_tcsc,1-14,-0.11180805607061052,82,-0.1318415748844933,MAP_SCADA,97,0.02003351881388278
1,B_svc,2,0.18178182354392003,82,0.2667130168128401,MAP_SCADA,97,0.08493119326892007
2,UPFC_Vsh,5-15,1.1089313718683742,82,1.1082618909809656,MAP_SCADA,97,0.0006694808874085911
3,UPFC_tsh,5-15,-0.2325040165114551,82,-0.2321895694025061,MAP_SCADA,97,0.00031444710894901196
4,UPFC_Vse,5-15,0.059750170374855985,82,0.06083974456658839,MAP_SCADA,97,0.0010895741917324037
5,UPFC_tse,5-15,-2.157267769739594,82,-2.162680516533116,MAP_SCADA,97,0.005412746793522327
0,x_tcsc,1-14,-0.11196594835243269,83,-0.1318415748844933,MAP_SCADA,97,0.01987562653206061
1,B_svc,2,0.18358007288343284,83,0.2667130168128401,MAP_SCADA,97,0.08313294392940726
2,UPFC_Vsh,5-15,1.1066161622964277,83,1.1082618909809656,MAP_SCADA,97,0.0016457286845379393
3,UPFC_tsh,5-15,-0.2338622644581635,83,-0.2321895694025061,MAP_SCADA,97,0.0016726950556573972
4,UPFC_Vse,5-15,0.060341497574501454,83,0.06083974456658839,MAP_SCADA,97,0.0004982469920869342
5,UPFC_tse,5-15,-2.1576262979870653,83,-2.162680516533116,MAP_SCADA,97,0.005054218546050926
0,x_tcsc,1-14,-0.11242372645679247,84,-0.1318415748844933,MAP_SCADA,97,0.019417848427700835
1,B_svc,2,0.181063038342786,84,0.2667130168128401,MAP_SCADA,97,0.0856499784700541
2,UPFC_Vsh,5-15,1.1081734188444792,84,1.1082618909809656,MAP_SCADA,97,8.847213648643937e-05
3,UPFC_tsh,5-15,-0.23205042242021406,84,-0.2321895694025061,MAP_SCADA,97,0.00013914698229203215
4,UPFC_Vse,5-15,0.060297588621276065,84,0.06083974456658839,MAP_SCADA,97,0.000542155945312324
5,UPFC_tse,5-15,-2.1552974337286637,84,-2.162680516533116,MAP_SCADA,97,0.007383082804452545
0,x_tcsc,1-14,-0.11184343666634057,85,-0.1318415748844933,MAP_SCADA,97,0.01999813821815273
1,B_svc,2,0.18561959631485753,85,0.2667130168128401,MAP_SCADA,97,0.08109342049798257
2,UPFC_Vsh,5-15,1.1067012175816726,85,1.1082618909809656,MAP_SCADA,97,0.001560673399293
3,UPFC_tsh,5-15,-0.23200039920807386,85,-0.2321895694025061,MAP_SCADA,97,0.0001891701944322366
4,UPFC_Vse,5-15,0.060508485515277884,85,0.06083974456658839,MAP_SCADA,97,0.00033125905131050487
5,UPFC_tse,5-15,-2.156137188259973,85,-2.162680516533116,MAP_SCADA,97,0.006543328273143079
0,x_tcsc,1-14,-0.11364135301624523,86,-0.1318415748844933,MAP_SCADA,97,0.018200221868248073
1,B_svc,2,0.1821219783944858,86,0.2667130168128401,MAP_SCADA,97,0.0845910384183543
2,UPFC_Vsh,5-15,1.107820798130156,86,1.1082618909809656,MAP_SCADA,97,0.00044109285080962124
3,UPFC_tsh,5-15,-0.2322128959487655,86,-0.2321895694025061,MAP_SCADA,97,2.332654625941677e-05
4,UPFC_Vse,5-15,0.060660300434416836,86,0.06083974456658839,MAP_SCADA,97,0.0001794441321715523
5,UPFC_tse,5-15,-2.1513489737161597,86,-2.162680516533116,MAP_SCADA,97,0.011331542816956475
0,x_tcsc,1-14,-0.11243275414694069,87,-0.1318415748844933,MAP_SCADA,97,0.01940882073755261
1,B_svc,2,0.18119025313673967,87,0.2667130168128401,MAP_SCADA,97,0.08552276367610043
2,UPFC_Vsh,5-15,1.1088940270782162,87,1.1082618909809656,MAP_SCADA,97,0.0006321360972505463
3,UPFC_tsh,5-15,-0.2316124266592611,87,-0.2321895694025061,MAP_SCADA,97,0.000577142743244996
4,UPFC_Vse,5-15,0.060193264965839675,87,0.06083974456658839,MAP_SCADA,97,0.0006464796007487131
5,UPFC_tse,5-15,-2.1547446105680494,87,-2.162680516533116,MAP_SCADA,97,0.00793590596506677
0,x_tcsc,1-14,-0.1117050885844963,88,-0.1318415748844933,MAP_SCADA,97,0.020136486299996995
1,B_svc,2,0.18225177768878625,88,0.2667130168128401,MAP_SCADA,97,0.08446123912405384
2,UPFC_Vsh,5-15,1.1091187232902788,88,1.1082618909809656,MAP_SCADA,97,0.0008568323093132157
3,UPFC_tsh,5-15,-0.23202232715977783,88,-0.2321895694025061,MAP_SCADA,97,0.00016724224272826604
4,UPFC_Vse,5-15,0.060376671714547456,88,0.06083974456658839,MAP_SCADA,97,0.00046307285204093274
5,UPFC_tse,5-15,-2.162073760045472,88,-2.162680516533116,MAP_SCADA,97,0.0006067564876444109
0,x_tcsc,1-14,-0.11379815943239346,89,-0.1318415748844933,MAP_SCADA,97,0.018043415452099837
1,B_svc,2,0.1805462804774064,89,0.2667130168128401,MAP_SCADA,97,0.0861667363354337
2,UPFC_Vsh,5-15,1.1080653754934764,89,1.1082618909809656,MAP_SCADA,97,0.00019651548748922387
3,UPFC_tsh,5-15,-0.2315678341219605,89,-0.2321895694025061,MAP_SCADA,97,0.0006217352805455989
4,UPFC_Vse,5-15,0.060031095941406064,89,0.06083974456658839,MAP_SCADA,97,0.0008086486251823247
5,UPFC_tse,5-15,-2.159275756025949,89,-2.162680516533116,MAP_SCADA,97,0.003404760507167204
0,x_tcsc,1-14,-0.11269324663045342,90,-0.1318415748844933,MAP_SCADA,97,0.01914832825403988
1,B_svc,2,0.1821197549092243,90,0.2667130168128401,MAP_SCADA,97,0.0845932619036158
2,UPFC_Vsh,5-15,1.1062962965124052,90,1.1082618909809656,MAP_SCADA,97,0.001965594468560372
3,UPFC_tsh,5-15,-0.23417220359261745,90,-0.2321895694025061,MAP_SCADA,97,0.0019826341901113542
4,UPFC_Vse,5-15,0.060051107680717156,90,0.06083974456658839,MAP_SCADA,97,0.0007886368858712328
5,UPFC_tse,5-15,-2.157194858291217,90,-2.162680516533116,MAP_SCADA,97,0.005485658241899394
0,x_tcsc,1-14,-0.11164315453934559,91,-0.1318415748844933,MAP_SCADA,97,0.02019842034514771
1,B_svc,2,0.18654973269484112,91,0.2667130168128401,MAP_SCADA,97,0.08016328411799897
2,UPFC_Vsh,5-15,1.1068988496328513,91,1.1082618909809656,MAP_SCADA,97,0.001363041348114269
3,UPFC_tsh,5-15,-0.23361650316009025,91,-0.2321895694025061,MAP_SCADA,97,0.0014269337575841534
4,UPFC_Vse,5-15,0.060603644534026314,91,0.06083974456658839,MAP_SCADA,97,0.00023610003256207407
5,UPFC_tse,5-15,-2.1555270160668036,91,-2.162680516533116,MAP_SCADA,97,0.007153500466312579
0,x_tcsc,1-14,-0.11320362379910998,92,-0.1318415748844933,MAP_SCADA,97,0.018637951085383325
1,B_svc,2,0.1817882088694763,92,0.2667130168128401,MAP_SCADA,97,0.0849248079433638
2,UPFC_Vsh,5-15,1.1076439408886294,92,1.1082618909809656,MAP_SCADA,97,0.000617950092336228
3,UPFC_tsh,5-15,-0.23202215347050792,92,-0.2321895694025061,MAP_SCADA,97,0.00016741593199817717
4,UPFC_Vse,5-15,0.06037604036313058,92,0.06083974456658839,MAP_SCADA,97,0.00046370420345780844
5,UPFC_tse,5-15,-2.158383119696829,92,-2.162680516533116,MAP_SCADA,97,0.0042973968362871595
0,x_tcsc,1-14,-0.10898873491513596,93,-0.1318415748844933,MAP_SCADA,97,0.022852839969357344
1,B_svc,2,0.19068847968051864,93,0.2667130168128401,MAP_SCADA,97,0.07602453713232146
2,UPFC_Vsh,5-15,1.1066670030248402,93,1.1082618909809656,MAP_SCADA,97,0.0015948879561253904
3,UPFC_tsh,5-15,-0.23438533687847693,93,-0.2321895694025061,MAP_SCADA,97,0.0021957674759708334
4,UPFC_Vse,5-15,0.06075473700274517,93,0.06083974456658839,MAP_SCADA,97,8.500756384322017e-05
5,UPFC_tse,5-15,-2.1592122319698612,93,-2.162680516533116,MAP_SCADA,97,0.0034682845632549864
0,x_tcsc,1-14,-0.11178711151202753,94,-0.1318415748844933,MAP_SCADA,97,0.020054463372465775
1,B_svc,2,0.1862241898982063,94,0.2667130168128401,MAP_SCADA,97,0.0804888269146338
2,UPFC_Vsh,5-15,1.1073746068132924,94,1.1082618909809656,MAP_SCADA,97,0.0008872841676732524
3,UPFC_tsh,5-15,-0.23271118962076062,94,-0.2321895694025061,MAP_SCADA,97,0.000521620218254526
4,UPFC_Vse,5-15,0.05974367351699315,94,0.06083974456658839,MAP_SCADA,97,0.0010960710495952417
5,UPFC_tse,5-15,-2.1591837303616974,94,-2.162680516533116,MAP_SCADA,97,0.0034967861714187976
0,x_tcsc,1-14,-0.11281811211419954,95,-0.1318415748844933,MAP_SCADA,97,0.019023462770293764
1,B_svc,2,0.1798423535605849,95,0.2667130168128401,MAP_SCADA,97,0.0868706632522552
2,UPFC_Vsh,5-15,1.1107640975000732,95,1.1082618909809656,MAP_SCADA,97,0.002502206519107597
3,UPFC_tsh,5-15,-0.23130359362426886,95,-0.2321895694025061,MAP_SCADA,97,0.0008859757782372357
4,UPFC_Vse,5-15,0.060407635714608096,95,0.06083974456658839,MAP_SCADA,97,0.00043210885198029236
5,UPFC_tse,5-15,-2.15105994964005,95,-2.162680516533116,MAP_SCADA,97,0.011620566893066009
0,x_tcsc,1-14,-0.11195570137059803,96,-0.1318415748844933,MAP_SCADA,97,0.019885873513895272
1,B_svc,2,0.18764742666765016,96,0.2667130168128401,MAP_SCADA,97,0.07906559014518993
2,UPFC_Vsh,5-15,1.109255661757014,96,1.1082618909809656,MAP_SCADA,97,0.0009937707760483416
3,UPFC_tsh,5-15,-0.23200538249675867,96,-0.2321895694025061,MAP_SCADA,97,0.00018418690574742436
4,UPFC_Vse,5-15,0.06062835131201776,96,0.06083974456658839,MAP_SCADA,97,0.0002113932545706257
5,UPFC_tse,5-15,-2.1573787027016547,96,-2.162680516533116,MAP_SCADA,97,0.005301813831461555
0,x_tcsc,1-14,-0.11174140659467031,97,-0.1318415748844933,MAP_SCADA,97,0.020100168289822987
1,B_svc,2,0.18426488750022654,97,0.2667130168128401,MAP_SCADA,97,0.08244812931261356
2,UPFC_Vsh,5-15,1.108756821574409,97,1.1082618909809656,MAP_SCADA,97,0.0004949305934434101
3,UPFC_tsh,5-15,-0.23306784874770028,97,-0.2321895694025061,MAP_SCADA,97,0.0008782793451941884
4,UPFC_Vse,5-15,0.059787575256518455,97,0.06083974456658839,MAP_SCADA,97,0.0010521693100699336
5,UPFC_tse,5-15,-2.1580555421623253,97,-2.162680516533116,MAP_SCADA,97,0.004624974370790902
0,x_tcsc,1-14,-0.11246565688486991,98,-0.1318415748844933,MAP_SCADA,97,0.01937591799962339
1,B_svc,2,0.18285318023999722,98,0.2667130168128401,MAP_SCADA,97,0.08385983657284288
2,UPFC_Vsh,5-15,1.109484306840395,98,1.1082618909809656,MAP_SCADA,97,0.0012224158594293932
3,UPFC_tsh,5-15,-0.23208286556886998,98,-0.2321895694025061,MAP_SCADA,97,0.00010670383363611813
4,UPFC_Vse,5-15,0.0605315567883521,98,0.06083974456658839,MAP_SCADA,97,0.00030818777823628934
5,UPFC_tse,5-15,-2.1553071214667407,98,-2.162680516533116,MAP_SCADA,97,0.0073733950663754655
0,x_tcsc,1-14,-0.1137018084065269,99,-0.1318415748844933,MAP_SCADA,97,0.018139766477966404
1,B_svc,2,0.17857495229728937,99,0.2667130168128401,MAP_SCADA,97,0.08813806451555073
2,UPFC_Vsh,5-15,1.1088238971653452,99,1.1082618909809656,MAP_SCADA,97,0.0005620061843796265
3,UPFC_tsh,5-15,-0.23186387590410268,99,-0.2321895694025061,MAP_SCADA,97,0.00032569349840341766
4,UPFC_Vse,5-15,0.06031676127760777,99,0.06083974456658839,MAP_SCADA,97,0.0005229832889806219
5,UPFC_tse,5-15,-2.153187140622384,99,-2.162680516533116,MAP_SCADA,97,0.009493375910732293
0,x_tcsc,1-14,-0.1089531511781327,0,-0.13539067744855354,MAP_SCADA,99,0.02643752627042084
1,B_svc,2,0.1897935387956435,0,0.2815732902354433,MAP_SCADA,99,0.0917797514397998
2,UPFC_Vsh,5-15,1.1087431100620921,0,1.1071861365154951,MAP_SCADA,99,0.001556973546597007
3,UPFC_tsh,5-15,-0.23330975381613128,0,-0.22936906308085359,MAP_SCADA,99,0.0039406907352776965
4,UPFC_Vse,5-15,0.059910786553985726,0,0.06027927656029769,MAP_SCADA,99,0.00036849000631196394
5,UPFC_tse,5-15,-2.1617541252362744,0,-2.153859444240261,MAP_SCADA,99,0.007894680996013204
0,x_tcsc,1-14,-0.111586134031699,1,-0.13539067744855354,MAP_SCADA,99,0.02380454341685455
1,B_svc,2,0.18277825912481013,1,0.2815732902354433,MAP_SCADA,99,0.09879503111063317
2,UPFC_Vsh,5-15,1.1082234287991541,1,1.1071861365154951,MAP_SCADA,99,0.0010372922836590082
3,UPFC_tsh,5-15,-0.23190643054264615,1,-0.22936906308085359,MAP_SCADA,99,0.0025373674617925612
4,UPFC_Vse,5-15,0.06059477305551764,1,0.06027927656029769,MAP_SCADA,99,0.0003154964952199468
5,UPFC_tse,5-15,-2.1540585190564276,1,-2.153859444240261,MAP_SCADA,99,0.00019907481616643352
0,x_tcsc,1-14,-0.11211395804478234,2,-0.13539067744855354,MAP_SCADA,99,0.0232767194037712
1,B_svc,2,0.1868625727668949,2,0.2815732902354433,MAP_SCADA,99,0.0947107174685484
2,UPFC_Vsh,5-15,1.1067411309471762,2,1.1071861365154951,MAP_SCADA,99,0.0004450055683189458
3,UPFC_tsh,5-15,-0.2331739941656229,2,-0.22936906308085359,MAP_SCADA,99,0.003804931084769314
4,UPFC_Vse,5-15,0.0609363740875178,2,0.06027927656029769,MAP_SCADA,99,0.0006570975272201102
5,UPFC_tse,5-15,-2.152871154024673,2,-2.153859444240261,MAP_SCADA,99,0.0009882902155879947
0,x_tcsc,1-14,-0.11285742257812492,3,-0.13539067744855354,MAP_SCADA,99,0.02253325487042862
1,B_svc,2,0.18539429171333982,3,0.2815732902354433,MAP_SCADA,99,0.09617899852210349
2,UPFC_Vsh,5-15,1.1081386969229026,3,1.1071861365154951,MAP_SCADA,99,0.0009525604074074323
3,UPFC_tsh,5-15,-0.2324863078339946,3,-0.22936906308085359,MAP_SCADA,99,0.003117244753141013
4,UPFC_Vse,5-15,0.06048900561970597,3,0.06027927656029769,MAP_SCADA,99,0.00020972905940828263
5,UPFC_tse,5-15,-2.1551872012743307,3,-2.153859444240261,MAP_SCADA,99,0.00132775703406951
0,x_tcsc,1-14,-0.11231476988244248,4,-0.13539067744855354,MAP_SCADA,99,0.023075907566111067
1,B_svc,2,0.18572521980578321,4,0.2815732902354433,MAP_SCADA,99,0.09584807042966009
2,UPFC_Vsh,5-15,1.1056512600233495,4,1.1071861365154951,MAP_SCADA,99,0.001534876492145676
3,UPFC_tsh,5-15,-0.2338904834461942,4,-0.22936906308085359,MAP_SCADA,99,0.004521420365340617
4,UPFC_Vse,5-15,0.060121854908355796,4,0.06027927656029769,MAP_SCADA,99,0.00015742165194189417
5,UPFC_tse,5-15,-2.1592578402365357,4,-2.153859444240261,MAP_SCADA,99,0.005398395996274452
0,x_tcsc,1-14,-0.11178525041785418,5,-0.13539067744855354,MAP_SCADA,99,0.023605427030699358
1,B_svc,2,0.18343692280570392,5,0.2815732902354433,MAP_SCADA,99,0.09813636742973939
2,UPFC_Vsh,5-15,1.109880077816995,5,1.1071861365154951,MAP_SCADA,99,0.0026939413014999136
3,UPFC_tsh,5-15,-0.2309144059831098,5,-0.22936906308085359,MAP_SCADA,99,0.0015453429022562193
4,UPFC_Vse,5-15,0.0603194722178149,5,0.06027927656029769,MAP_SCADA,99,4.019565751720716e-05
5,UPFC_tse,5-15,-2.155318859766885,5,-2.153859444240261,MAP_SCADA,99,0.001459415526623875
0,x_tcsc,1-14,-0.11333459791028293,6,-0.13539067744855354,MAP_SCADA,99,0.022056079538270615
1,B_svc,2,0.18041966252582461,6,0.2815732902354433,MAP_SCADA,99,0.1011536277096187
2,UPFC_Vsh,5-15,1.1072648590523495,6,1.1071861365154951,MAP_SCADA,99,7.87225368543698e-05
3,UPFC_tsh,5-15,-0.23253037627372858,6,-0.22936906308085359,MAP_SCADA,99,0.0031613131928749927
4,UPFC_Vse,5-15,0.0600837156301815,6,0.06027927656029769,MAP_SCADA,99,0.0001955609301161898
5,UPFC_tse,5-15,-2.1559922176239676,6,-2.153859444240261,MAP_SCADA,99,0.002132773383706432
0,x_tcsc,1-14,-0.11436276256544746,7,-0.13539067744855354,MAP_SCADA,99,0.021027914883106083
1,B_svc,2,0.17578589143797024,7,0.2815732902354433,MAP_SCADA,99,0.10578739879747306
2,UPFC_Vsh,5-15,1.1090257321918613,7,1.1071861365154951,MAP_SCADA,99,0.001839595676366157
3,UPFC_tsh,5-15,-0.230752004160547,7,-0.22936906308085359,MAP_SCADA,99,0.0013829410796934172
4,UPFC_Vse,5-15,0.06009782334247497,7,0.06027927656029769,MAP_SCADA,99,0.00018145321782272322
5,UPFC_tse,5-15,-2.1532896030355704,7,-2.153859444240261,MAP_SCADA,99,0.0005698412046908352
0,x_tcsc,1-14,-0.11346472153441553,8,-0.13539067744855354,MAP_SCADA,99,0.021925955914138012
1,B_svc,2,0.18048286210943015,8,0.2815732902354433,MAP_SCADA,99,0.10109042812601315
2,UPFC_Vsh,5-15,1.108480483695338,8,1.1071861365154951,MAP_SCADA,99,0.0012943471798427808
3,UPFC_tsh,5-15,-0.23109403596665595,8,-0.22936906308085359,MAP_SCADA,99,0.0017249728858023672
4,UPFC_Vse,5-15,0.05989475052534988,8,0.06027927656029769,MAP_SCADA,99,0.0003845260349478116
5,UPFC_tse,5-15,-2.153008952867411,8,-2.153859444240261,MAP_SCADA,99,0.0008504913728502039
0,x_tcsc,1-14,-0.11177440719091994,9,-0.13539067744855354,MAP_SCADA,99,0.023616270257633604
1,B_svc,2,0.18671012434317674,9,0.2815732902354433,MAP_SCADA,99,0.09486316589226657
2,UPFC_Vsh,5-15,1.1037795807258335,9,1.1071861365154951,MAP_SCADA,99,0.003406555789661647
3,UPFC_tsh,5-15,-0.23448940288511175,9,-0.22936906308085359,MAP_SCADA,99,0.005120339804258162
4,UPFC_Vse,5-15,0.06104008593960212,9,0.06027927656029769,MAP_SCADA,99,0.0007608093793044293
5,UPFC_tse,5-15,-2.1543496412886083,9,-2.153859444240261,MAP_SCADA,99,0.0004901970483470741
0,x_tcsc,1-14,-0.11194494997492009,10,-0.13539067744855354,MAP_SCADA,99,0.02344572747363345
1,B_svc,2,0.18561780207658218,10,0.2815732902354433,MAP_SCADA,99,0.09595548815886112
2,UPFC_Vsh,5-15,1.1077955580647714,10,1.1071861365154951,MAP_SCADA,99,0.0006094215492762345
3,UPFC_tsh,5-15,-0.23357350457639295,10,-0.22936906308085359,MAP_SCADA,99,0.004204441495539363
4,UPFC_Vse,5-15,0.06104911978819504,10,0.06027927656029769,MAP_SCADA,99,0.000769843227897353
5,UPFC_tse,5-15,-2.1542087215643924,10,-2.153859444240261,MAP_SCADA,99,0.00034927732413114754
0,x_tcsc,1-14,-0.11144691933862402,11,-0.13539067744855354,MAP_SCADA,99,0.02394375810992952
1,B_svc,2,0.18733135995158337,11,0.2815732902354433,MAP_SCADA,99,0.09424193028385994
2,UPFC_Vsh,5-15,1.106233756598256,11,1.1071861365154951,MAP_SCADA,99,0.0009523799172390657
3,UPFC_tsh,5-15,-0.23400144609007603,11,-0.22936906308085359,MAP_SCADA,99,0.004632383009222446
4,UPFC_Vse,5-15,0.06022611964382545,11,0.06027927656029769,MAP_SCADA,99,5.3156916472237026e-05
5,UPFC_tse,5-15,-2.15561983957537,11,-2.153859444240261,MAP_SCADA,99,0.0017603953351086332
0,x_tcsc,1-14,-0.11335974657529489,12,-0.13539067744855354,MAP_SCADA,99,0.02203093087325865
1,B_svc,2,0.18052980160149132,12,0.2815732902354433,MAP_SCADA,99,0.10104348863395199
2,UPFC_Vsh,5-15,1.1072101395226248,12,1.1071861365154951,MAP_SCADA,99,2.4003007129680398e-05
3,UPFC_tsh,5-15,-0.23235149981375186,12,-0.22936906308085359,MAP_SCADA,99,0.002982436732898275
4,UPFC_Vse,5-15,0.06105168575186966,12,0.06027927656029769,MAP_SCADA,99,0.0007724091915719683
5,UPFC_tse,5-15,-2.1503334819797124,12,-2.153859444240261,MAP_SCADA,99,0.0035259622605487984
0,x_tcsc,1-14,-0.11211623931164033,13,-0.13539067744855354,MAP_SCADA,99,0.02327443813691321
1,B_svc,2,0.18705823005723368,13,0.2815732902354433,MAP_SCADA,99,0.09451506017820963
2,UPFC_Vsh,5-15,1.1059065780904005,13,1.1071861365154951,MAP_SCADA,99,0.0012795584250946401
3,UPFC_tsh,5-15,-0.23398759186968957,13,-0.22936906308085359,MAP_SCADA,99,0.004618528788835979
4,UPFC_Vse,5-15,0.06032973274826177,13,0.06027927656029769,MAP_SCADA,99,5.0456187964079136e-05
5,UPFC_tse,5-15,-2.1569813122485124,13,-2.153859444240261,MAP_SCADA,99,0.003121868008251205
0,x_tcsc,1-14,-0.1137714289763915,14,-0.13539067744855354,MAP_SCADA,99,0.02161924847216204
1,B_svc,2,0.1830696590076973,14,0.2815732902354433,MAP_SCADA,99,0.098503631227746
2,UPFC_Vsh,5-15,1.1082720687885226,14,1.1071861365154951,MAP_SCADA,99,0.0010859322730274457
3,UPFC_tsh,5-15,-0.23205392329338764,14,-0.22936906308085359,MAP_SCADA,99,0.002684860212534057
4,UPFC_Vse,5-15,0.060411104500337556,14,0.06027927656029769,MAP_SCADA,99,0.00013182794003986642
5,UPFC_tse,5-15,-2.1558802644963175,14,-2.153859444240261,MAP_SCADA,99,0.0020208202560563215
0,x_tcsc,1-14,-0.11331493961116607,15,-0.13539067744855354,MAP_SCADA,99,0.022075737837387477
1,B_svc,2,0.1800813984044449,15,0.2815732902354433,MAP_SCADA,99,0.10149189183099841
2,UPFC_Vsh,5-15,1.107314408698073,15,1.1071861365154951,MAP_SCADA,99,0.0001282721825779376
3,UPFC_tsh,5-15,-0.23205643090968373,15,-0.22936906308085359,MAP_SCADA,99,0.0026873678288301395
4,UPFC_Vse,5-15,0.059873090964751116,15,0.06027927656029769,MAP_SCADA,99,0.00040618559554657374
5,UPFC_tse,5-15,-2.155007128440672,15,-2.153859444240261,MAP_SCADA,99,0.0011476842004110033
0,x_tcsc,1-14,-0.1122306884762184,16,-0.13539067744855354,MAP_SCADA,99,0.02315998897233515
1,B_svc,2,0.18775249902392893,16,0.2815732902354433,MAP_SCADA,99,0.09382079121151438
2,UPFC_Vsh,5-15,1.1049647892610377,16,1.1071861365154951,MAP_SCADA,99,0.0022213472544574397
3,UPFC_tsh,5-15,-0.2330079098466535,16,-0.22936906308085359,MAP_SCADA,99,0.0036388467657999246
4,UPFC_Vse,5-15,0.06113724250918414,16,0.06027927656029769,MAP_SCADA,99,0.0008579659488864508
5,UPFC_tse,5-15,-2.157423881875138,16,-2.153859444240261,MAP_SCADA,99,0.0035644376348766826
0,x_tcsc,1-14,-0.11263036020353481,17,-0.13539067744855354,MAP_SCADA,99,0.02276031724501873
1,B_svc,2,0.1817837233928617,17,0.2815732902354433,MAP_SCADA,99,0.09978956684258161
2,UPFC_Vsh,5-15,1.1084114438149966,17,1.1071861365154951,MAP_SCADA,99,0.0012253072995014325
3,UPFC_tsh,5-15,-0.23144867598779334,17,-0.22936906308085359,MAP_SCADA,99,0.002079612906939754
4,UPFC_Vse,5-15,0.060318116756721364,17,0.06027927656029769,MAP_SCADA,99,3.8840196423674256e-05
5,UPFC_tse,5-15,-2.153541067371644,17,-2.153859444240261,MAP_SCADA,99,0.0003183768686172428
0,x_tcsc,1-14,-0.1123168833646532,18,-0.13539067744855354,MAP_SCADA,99,0.02307379408390034
1,B_svc,2,0.18114343012589246,18,0.2815732902354433,MAP_SCADA,99,0.10042986010955085
2,UPFC_Vsh,5-15,1.108076754568016,18,1.1071861365154951,MAP_SCADA,99,0.0008906180525207752
3,UPFC_tsh,5-15,-0.2320082068359299,18,-0.22936906308085359,MAP_SCADA,99,0.0026391437550763175
4,UPFC_Vse,5-15,0.06041732067962146,18,0.06027927656029769,MAP_SCADA,99,0.00013804411932376998
5,UPFC_tse,5-15,-2.1552625136309573,18,-2.153859444240261,MAP_SCADA,99,0.0014030693906961211
0,x_tcsc,1-14,-0.11164424108868416,19,-0.13539067744855354,MAP_SCADA,99,0.02374643635986938
1,B_svc,2,0.18040424893429052,19,0.2815732902354433,MAP_SCADA,99,0.10116904130115278
2,UPFC_Vsh,5-15,1.108871364654878,19,1.1071861365154951,MAP_SCADA,99,0.0016852281393828772
3,UPFC_tsh,5-15,-0.2324105075658558,19,-0.22936906308085359,MAP_SCADA,99,0.0030414444850022093
4,UPFC_Vse,5-15,0.061155322165232597,19,0.06027927656029769,MAP_SCADA,99,0.0008760456049349066
5,UPFC_tse,5-15,-2.154669972733158,19,-2.153859444240261,MAP_SCADA,99,0.000810528492896978
0,x_tcsc,1-14,-0.11274782327049446,20,-0.13539067744855354,MAP_SCADA,99,0.022642854178059085
1,B_svc,2,0.18459454920584656,20,0.2815732902354433,MAP_SCADA,99,0.09697874102959675
2,UPFC_Vsh,5-15,1.108006286307207,20,1.1071861365154951,MAP_SCADA,99,0.000820149791711966
3,UPFC_tsh,5-15,-0.23191990543603197,20,-0.22936906308085359,MAP_SCADA,99,0.0025508423551783843
4,UPFC_Vse,5-15,0.06008050852103739,20,0.06027927656029769,MAP_SCADA,99,0.00019876803926029835
5,UPFC_tse,5-15,-2.1567097345688575,20,-2.153859444240261,MAP_SCADA,99,0.0028502903285962944
0,x_tcsc,1-14,-0.11169414259952308,21,-0.13539067744855354,MAP_SCADA,99,0.023696534849030462
1,B_svc,2,0.1857776632719838,21,0.2815732902354433,MAP_SCADA,99,0.0957956269634595
2,UPFC_Vsh,5-15,1.108184785877071,21,1.1071861365154951,MAP_SCADA,99,0.0009986493615758985
3,UPFC_tsh,5-15,-0.23273179667649846,21,-0.22936906308085359,MAP_SCADA,99,0.0033627335956448734
4,UPFC_Vse,5-15,0.05992770845896655,21,0.06027927656029769,MAP_SCADA,99,0.0003515681013311414
5,UPFC_tse,5-15,-2.1568349329799426,21,-2.153859444240261,MAP_SCADA,99,0.0029754887396813423
0,x_tcsc,1-14,-0.11260572090998863,22,-0.13539067744855354,MAP_SCADA,99,0.02278495653856491
1,B_svc,2,0.18071338323253047,22,0.2815732902354433,MAP_SCADA,99,0.10085990700291284
2,UPFC_Vsh,5-15,1.106722196604619,22,1.1071861365154951,MAP_SCADA,99,0.0004639399108761211
3,UPFC_tsh,5-15,-0.23240057224166638,22,-0.22936906308085359,MAP_SCADA,99,0.0030315091608127953
4,UPFC_Vse,5-15,0.059859672432762606,22,0.06027927656029769,MAP_SCADA,99,0.0004196041275350837
5,UPFC_tse,5-15,-2.1554046999392504,22,-2.153859444240261,MAP_SCADA,99,0.001545255698989223
0,x_tcsc,1-14,-0.10863106555895048,23,-0.13539067744855354,MAP_SCADA,99,0.02675961188960306
1,B_svc,2,0.19440583723342642,23,0.2815732902354433,MAP_SCADA,99,0.08716745300201689
2,UPFC_Vsh,5-15,1.1056047474826858,23,1.1071861365154951,MAP_SCADA,99,0.001581389032809355
3,UPFC_tsh,5-15,-0.23553602350049807,23,-0.22936906308085359,MAP_SCADA,99,0.006166960419644485
4,UPFC_Vse,5-15,0.06062491232048908,23,0.06027927656029769,MAP_SCADA,99,0.00034563576019139286
5,UPFC_tse,5-15,-2.1604370235879395,23,-2.153859444240261,MAP_SCADA,99,0.006577579347678331
0,x_tcsc,1-14,-0.11358461640106417,24,-0.13539067744855354,MAP_SCADA,99,0.021806061047489375
1,B_svc,2,0.17847299555661278,24,0.2815732902354433,MAP_SCADA,99,0.10310029467883053
2,UPFC_Vsh,5-15,1.1077453708357268,24,1.1071861365154951,MAP_SCADA,99,0.0005592343202316385
3,UPFC_tsh,5-15,-0.23118967241909189,24,-0.22936906308085359,MAP_SCADA,99,0.0018206093382382993
4,UPFC_Vse,5-15,0.06001689749729636,24,0.06027927656029769,MAP_SCADA,99,0.00026237906300132646
5,UPFC_tse,5-15,-2.1543010736861428,24,-2.153859444240261,MAP_SCADA,99,0.00044162944588155284
0,x_tcsc,1-14,-0.11320004043012336,25,-0.13539067744855354,MAP_SCADA,99,0.022190637018430187
1,B_svc,2,0.17941167260829785,25,0.2815732902354433,MAP_SCADA,99,0.10216161762714546
2,UPFC_Vsh,5-15,1.1101974435380184,25,1.1071861365154951,MAP_SCADA,99,0.0030113070225232796
3,UPFC_tsh,5-15,-0.23031717049236608,25,-0.22936906308085359,MAP_SCADA,99,0.0009481074115124943
4,UPFC_Vse,5-15,0.05996830578511454,25,0.06027927656029769,MAP_SCADA,99,0.00031097077518314753
5,UPFC_tse,5-15,-2.1553668754708863,25,-2.153859444240261,MAP_SCADA,99,0.0015074312306251336
0,x_tcsc,1-14,-0.11212214964649692,26,-0.13539067744855354,MAP_SCADA,99,0.023268527802056627
1,B_svc,2,0.1816223075761155,26,0.2815732902354433,MAP_SCADA,99,0.09995098265932781
2,UPFC_Vsh,5-15,1.1082064053681402,26,1.1071861365154951,MAP_SCADA,99,0.0010202688526450565
3,UPFC_tsh,5-15,-0.23179014857039898,26,-0.22936906308085359,MAP_SCADA,99,0.0024210854895453937
4,UPFC_Vse,5-15,0.060238724303090414,26,0.06027927656029769,MAP_SCADA,99,4.0552257207275566e-05
5,UPFC_tse,5-15,-2.1599186635184866,26,-2.153859444240261,MAP_SCADA,99,0.006059219278225392
0,x_tcsc,1-14,-0.11119204081336112,27,-0.13539067744855354,MAP_SCADA,99,0.024198636635192422
1,B_svc,2,0.1842705258074126,27,0.2815732902354433,MAP_SCADA,99,0.09730276442803071
2,UPFC_Vsh,5-15,1.1059116452390325,27,1.1071861365154951,MAP_SCADA,99,0.0012744912764626193
3,UPFC_tsh,5-15,-0.23295759170996305,27,-0.22936906308085359,MAP_SCADA,99,0.0035885286291094665
4,UPFC_Vse,5-15,0.06053072554552834,27,0.06027927656029769,MAP_SCADA,99,0.0002514489852306484
5,UPFC_tse,5-15,-2.1561425446031106,27,-2.153859444240261,MAP_SCADA,99,0.0022831003628493995
0,x_tcsc,1-14,-0.11078516593243308,28,-0.13539067744855354,MAP_SCADA,99,0.024605511516120462
1,B_svc,2,0.1862073014298553,28,0.2815732902354433,MAP_SCADA,99,0.095365988805588
2,UPFC_Vsh,5-15,1.105306562887327,28,1.1071861365154951,MAP_SCADA,99,0.0018795736281680409
3,UPFC_tsh,5-15,-0.2340897760936502,28,-0.22936906308085359,MAP_SCADA,99,0.004720713012796612
4,UPFC_Vse,5-15,0.06031540260348843,28,0.06027927656029769,MAP_SCADA,99,3.612604319074009e-05
5,UPFC_tse,5-15,-2.159848933017864,28,-2.153859444240261,MAP_SCADA,99,0.005989488777602858
0,x_tcsc,1-14,-0.11114633594373284,29,-0.13539067744855354,MAP_SCADA,99,0.0242443415048207
1,B_svc,2,0.18515795790093445,29,0.2815732902354433,MAP_SCADA,99,0.09641533233450886
2,UPFC_Vsh,5-15,1.1077676810944392,29,1.1071861365154951,MAP_SCADA,99,0.0005815445789441043
3,UPFC_tsh,5-15,-0.2328826952361252,29,-0.22936906308085359,MAP_SCADA,99,0.0035136321552716177
4,UPFC_Vse,5-15,0.06039577683997066,29,0.06027927656029769,MAP_SCADA,99,0.00011650027967297083
5,UPFC_tse,5-15,-2.155335140690537,29,-2.153859444240261,MAP_SCADA,99,0.0014756964502757874
0,x_tcsc,1-14,-0.11216068815257503,30,-0.13539067744855354,MAP_SCADA,99,0.023229989295978512
1,B_svc,2,0.17704446044748634,30,0.2815732902354433,MAP_SCADA,99,0.10452882978795697
2,UPFC_Vsh,5-15,1.109683072820936,30,1.1071861365154951,MAP_SCADA,99,0.002496936305440789
3,UPFC_tsh,5-15,-0.23174778760842352,30,-0.22936906308085359,MAP_SCADA,99,0.002378724527569931
4,UPFC_Vse,5-15,0.06019310784890161,30,0.06027927656029769,MAP_SCADA,99,8.616871139607851e-05
5,UPFC_tse,5-15,-2.1564072150031643,30,-2.153859444240261,MAP_SCADA,99,0.0025477707629031343
0,x_tcsc,1-14,-0.11251342636674841,31,-0.13539067744855354,MAP_SCADA,99,0.022877251081805133
1,B_svc,2,0.1831099893073962,31,0.2815732902354433,MAP_SCADA,99,0.09846330092804711
2,UPFC_Vsh,5-15,1.1078159760395527,31,1.1071861365154951,MAP_SCADA,99,0.000629839524057596
3,UPFC_tsh,5-15,-0.23189856588754654,31,-0.22936906308085359,MAP_SCADA,99,0.0025295028066929515
4,UPFC_Vse,5-15,0.06007672510263565,31,0.06027927656029769,MAP_SCADA,99,0.0002025514576620424
5,UPFC_tse,5-15,-2.1587524619933207,31,-2.153859444240261,MAP_SCADA,99,0.004893017753059503
0,x_tcsc,1-14,-0.10935089542807824,32,-0.13539067744855354,MAP_SCADA,99,0.0260397820204753
1,B_svc,2,0.18873592910746403,32,0.2815732902354433,MAP_SCADA,99,0.09283736112797927
2,UPFC_Vsh,5-15,1.109038949726816,32,1.1071861365154951,MAP_SCADA,99,0.001852813211320914
3,UPFC_tsh,5-15,-0.2330027710688704,32,-0.22936906308085359,MAP_SCADA,99,0.003633707988016821
4,UPFC_Vse,5-15,0.05985014716756717,32,0.06027927656029769,MAP_SCADA,99,0.00042912939273052203
5,UPFC_tse,5-15,-2.1617669058380433,32,-2.153859444240261,MAP_SCADA,99,0.007907461597782106
0,x_tcsc,1-14,-0.11132959920201867,33,-0.13539067744855354,MAP_SCADA,99,0.024061078246534875
1,B_svc,2,0.18595327212098606,33,0.2815732902354433,MAP_SCADA,99,0.09562001811445725
2,UPFC_Vsh,5-15,1.108084565723442,33,1.1071861365154951,MAP_SCADA,99,0.0008984292079468048
3,UPFC_tsh,5-15,-0.2321353180308911,33,-0.22936906308085359,MAP_SCADA,99,0.0027662549500375166
4,UPFC_Vse,5-15,0.06002017416798528,33,0.06027927656029769,MAP_SCADA,99,0.0002591023923124089
5,UPFC_tse,5-15,-2.157033850389164,33,-2.153859444240261,MAP_SCADA,99,0.003174406148902964
0,x_tcsc,1-14,-0.11034198001640978,34,-0.13539067744855354,MAP_SCADA,99,0.02504869743214376
1,B_svc,2,0.18678599517759245,34,0.2815732902354433,MAP_SCADA,99,0.09478729505785086
2,UPFC_Vsh,5-15,1.1085563560496479,34,1.1071861365154951,MAP_SCADA,99,0.001370219534152728
3,UPFC_tsh,5-15,-0.23312360340740504,34,-0.22936906308085359,MAP_SCADA,99,0.003754540326551453
4,UPFC_Vse,5-15,0.060366956294376876,34,0.06027927656029769,MAP_SCADA,99,8.767973407918656e-05
5,UPFC_tse,5-15,-2.1581320522383804,34,-2.153859444240261,MAP_SCADA,99,0.004272607998119238
0,x_tcsc,1-14,-0.11311317898577221,35,-0.13539067744855354,MAP_SCADA,99,0.022277498462781334
1,B_svc,2,0.18325163162252295,35,0.2815732902354433,MAP_SCADA,99,0.09832165861292036
2,UPFC_Vsh,5-15,1.1098842983230832,35,1.1071861365154951,MAP_SCADA,99,0.002698161807588084
3,UPFC_tsh,5-15,-0.23130759162507253,35,-0.22936906308085359,MAP_SCADA,99,0.0019385285442189426
4,UPFC_Vse,5-15,0.06016391902929492,35,0.06027927656029769,MAP_SCADA,99,0.00011535753100277296
5,UPFC_tse,5-15,-2.1548243799234137,35,-2.153859444240261,MAP_SCADA,99,0.0009649356831524791
0,x_tcsc,1-14,-0.1149720819539307,36,-0.13539067744855354,MAP_SCADA,99,0.02041859549462284
1,B_svc,2,0.1750447967126657,36,0.2815732902354433,MAP_SCADA,99,0.1065284935227776
2,UPFC_Vsh,5-15,1.1102778223388667,36,1.1071861365154951,MAP_SCADA,99,0.003091685823371604
3,UPFC_tsh,5-15,-0.22961423202170334,36,-0.22936906308085359,MAP_SCADA,99,0.00024516894084974927
4,UPFC_Vse,5-15,0.060175439493694916,36,0.06027927656029769,MAP_SCADA,99,0.00010383706660277436
5,UPFC_tse,5-15,-2.1527252492944804,36,-2.153859444240261,MAP_SCADA,99,0.0011341949457808198
0,x_tcsc,1-14,-0.1135383168444,37,-0.13539067744855354,MAP_SCADA,99,0.021852360604153548
1,B_svc,2,0.1808875627066663,37,0.2815732902354433,MAP_SCADA,99,0.100685727528777
2,UPFC_Vsh,5-15,1.1097833398341765,37,1.1071861365154951,MAP_SCADA,99,0.002597203318681407
3,UPFC_tsh,5-15,-0.2306731020068669,37,-0.22936906308085359,MAP_SCADA,99,0.0013040389260133012
4,UPFC_Vse,5-15,0.059604765997265136,37,0.06027927656029769,MAP_SCADA,99,0.0006745105630325543
5,UPFC_tse,5-15,-2.1598551334837475,37,-2.153859444240261,MAP_SCADA,99,0.005995689243486257
0,x_tcsc,1-14,-0.11241197576694792,38,-0.13539067744855354,MAP_SCADA,99,0.022978701681605623
1,B_svc,2,0.18139884194193798,38,0.2815732902354433,MAP_SCADA,99,0.10017444829350533
2,UPFC_Vsh,5-15,1.1092926368032598,38,1.1071861365154951,MAP_SCADA,99,0.002106500287764712
3,UPFC_tsh,5-15,-0.23168033003577468,38,-0.22936906308085359,MAP_SCADA,99,0.002311266954921093
4,UPFC_Vse,5-15,0.06042739705196942,38,0.06027927656029769,MAP_SCADA,99,0.0001481204916717327
5,UPFC_tse,5-15,-2.150262573934795,38,-2.153859444240261,MAP_SCADA,99,0.003596870305466293
0,x_tcsc,1-14,-0.11336627208444718,39,-0.13539067744855354,MAP_SCADA,99,0.022024405364106367
1,B_svc,2,0.1824406965904449,39,0.2815732902354433,MAP_SCADA,99,0.0991325936449984
2,UPFC_Vsh,5-15,1.109450803391796,39,1.1071861365154951,MAP_SCADA,99,0.0022646668763008915
3,UPFC_tsh,5-15,-0.23110270791873322,39,-0.22936906308085359,MAP_SCADA,99,0.0017336448378796332
4,UPFC_Vse,5-15,0.06015947124209428,39,0.06027927656029769,MAP_SCADA,99,0.00011980531820340867
5,UPFC_tse,5-15,-2.1525195949795397,39,-2.153859444240261,MAP_SCADA,99,0.001339849260721504
0,x_tcsc,1-14,-0.11449781928869908,40,-0.13539067744855354,MAP_SCADA,99,0.020892858159854463
1,B_svc,2,0.17698963311880708,40,0.2815732902354433,MAP_SCADA,99,0.10458365711663622
2,UPFC_Vsh,5-15,1.1099220982081328,40,1.1071861365154951,MAP_SCADA,99,0.0027359616926376784
3,UPFC_tsh,5-15,-0.23127461686611703,40,-0.22936906308085359,MAP_SCADA,99,0.0019055537852634419
4,UPFC_Vse,5-15,0.060217625795988015,40,0.06027927656029769,MAP_SCADA,99,6.165076430967448e-05
5,UPFC_tse,5-15,-2.1504069037421822,40,-2.153859444240261,MAP_SCADA,99,0.003452540498078971
0,x_tcsc,1-14,-0.11093572745407543,41,-0.13539067744855354,MAP_SCADA,99,0.024454949994478115
1,B_svc,2,0.18531896959267724,41,0.2815732902354433,MAP_SCADA,99,0.09625432064276607
2,UPFC_Vsh,5-15,1.108434994048722,41,1.1071861365154951,MAP_SCADA,99,0.0012488575332267882
3,UPFC_tsh,5-15,-0.233408373060217,41,-0.22936906308085359,MAP_SCADA,99,0.004039309979363415
4,UPFC_Vse,5-15,0.060499846182725275,41,0.06027927656029769,MAP_SCADA,99,0.0002205696224275855
5,UPFC_tse,5-15,-2.1601069645717934,41,-2.153859444240261,MAP_SCADA,99,0.006247520331532197
0,x_tcsc,1-14,-0.11147761500004855,42,-0.13539067744855354,MAP_SCADA,99,0.023913062448504996
1,B_svc,2,0.18730903475163513,42,0.2815732902354433,MAP_SCADA,99,0.09426425548380818
2,UPFC_Vsh,5-15,1.1074933658695576,42,1.1071861365154951,MAP_SCADA,99,0.000307229354062466
3,UPFC_tsh,5-15,-0.23274285808599332,42,-0.22936906308085359,MAP_SCADA,99,0.0033737950051397347
4,UPFC_Vse,5-15,0.06046335877714539,42,0.06027927656029769,MAP_SCADA,99,0.0001840822168477016
5,UPFC_tse,5-15,-2.154540752922178,42,-2.153859444240261,MAP_SCADA,99,0.0006813086819166259
0,x_tcsc,1-14,-0.11305657612109273,43,-0.13539067744855354,MAP_SCADA,99,0.022334101327460817
1,B_svc,2,0.1792216928206034,43,0.2815732902354433,MAP_SCADA,99,0.1023515974148399
2,UPFC_Vsh,5-15,1.1100005386855296,43,1.1071861365154951,MAP_SCADA,99,0.00281440217003448
3,UPFC_tsh,5-15,-0.23036578137282954,43,-0.22936906308085359,MAP_SCADA,99,0.000996718291975951
4,UPFC_Vse,5-15,0.06057910375371149,43,0.06027927656029769,MAP_SCADA,99,0.0002998271934138014
5,UPFC_tse,5-15,-2.1561589997097914,43,-2.153859444240261,MAP_SCADA,99,0.002299555469530201
0,x_tcsc,1-14,-0.11207535639674679,44,-0.13539067744855354,MAP_SCADA,99,0.023315321051806753
1,B_svc,2,0.1846858498020382,44,0.2815732902354433,MAP_SCADA,99,0.09688744043340511
2,UPFC_Vsh,5-15,1.1077601535326256,44,1.1071861365154951,MAP_SCADA,99,0.000574017017130446
3,UPFC_tsh,5-15,-0.23261638863089268,44,-0.22936906308085359,MAP_SCADA,99,0.003247325550039093
4,UPFC_Vse,5-15,0.06047525859342069,44,0.06027927656029769,MAP_SCADA,99,0.00019598203312300166
5,UPFC_tse,5-15,-2.154046429528506,44,-2.153859444240261,MAP_SCADA,99,0.00018698528824456773
0,x_tcsc,1-14,-0.11375431081784133,45,-0.13539067744855354,MAP_SCADA,99,0.02163636663071221
1,B_svc,2,0.17477818719938254,45,0.2815732902354433,MAP_SCADA,99,0.10679510303606077
2,UPFC_Vsh,5-15,1.1093197165452422,45,1.1071861365154951,MAP_SCADA,99,0.002133580029747062
3,UPFC_tsh,5-15,-0.23071303918734726,45,-0.22936906308085359,MAP_SCADA,99,0.0013439761064936717
4,UPFC_Vse,5-15,0.06014026459677954,45,0.06027927656029769,MAP_SCADA,99,0.0001390119635181486
5,UPFC_tse,5-15,-2.15388812615601,45,-2.153859444240261,MAP_SCADA,99,2.868191574867396e-05
0,x_tcsc,1-14,-0.11310434548909658,46,-0.13539067744855354,MAP_SCADA,99,0.022286331959456965
1,B_svc,2,0.17866334359157365,46,0.2815732902354433,MAP_SCADA,99,0.10290994664386965
2,UPFC_Vsh,5-15,1.108715174743999,46,1.1071861365154951,MAP_SCADA,99,0.0015290382285038095
3,UPFC_tsh,5-15,-0.23114836154528098,46,-0.22936906308085359,MAP_SCADA,99,0.001779298464427398
4,UPFC_Vse,5-15,0.060340846612470904,46,0.06027927656029769,MAP_SCADA,99,6.157005217321404e-05
5,UPFC_tse,5-15,-2.155077590767528,46,-2.153859444240261,MAP_SCADA,99,0.0012181465272669278
0,x_tcsc,1-14,-0.1126163685304988,47,-0.13539067744855354,MAP_SCADA,99,0.022774308918054736
1,B_svc,2,0.1826820223153454,47,0.2815732902354433,MAP_SCADA,99,0.09889126792009792
2,UPFC_Vsh,5-15,1.1078508671343414,47,1.1071861365154951,MAP_SCADA,99,0.0006647306188463098
3,UPFC_tsh,5-15,-0.23195436112425402,47,-0.22936906308085359,MAP_SCADA,99,0.002585298043400436
4,UPFC_Vse,5-15,0.06005427570146322,47,0.06027927656029769,MAP_SCADA,99,0.0002250008588344718
5,UPFC_tse,5-15,-2.149004765473707,47,-2.153859444240261,MAP_SCADA,99,0.004854678766554432
0,x_tcsc,1-14,-0.11202393736720709,48,-0.13539067744855354,MAP_SCADA,99,0.023366740081346454
1,B_svc,2,0.18197032083453404,48,0.2815732902354433,MAP_SCADA,99,0.09960296940090926
2,UPFC_Vsh,5-15,1.1088869066003255,48,1.1071861365154951,MAP_SCADA,99,0.001700770084830383
3,UPFC_tsh,5-15,-0.23173744296455784,48,-0.22936906308085359,MAP_SCADA,99,0.0023683798837042525
4,UPFC_Vse,5-15,0.06064179275722406,48,0.06027927656029769,MAP_SCADA,99,0.00036251619692637127
5,UPFC_tse,5-15,-2.1579971846390347,48,-2.153859444240261,MAP_SCADA,99,0.0041377403987734596
0,x_tcsc,1-14,-0.11301190854144895,49,-0.13539067744855354,MAP_SCADA,99,0.022378768907104593
1,B_svc,2,0.1826769526565768,49,0.2815732902354433,MAP_SCADA,99,0.09889633757886651
2,UPFC_Vsh,5-15,1.10911972473425,49,1.1071861365154951,MAP_SCADA,99,0.0019335882187547782
3,UPFC_tsh,5-15,-0.23197494578688546,49,-0.22936906308085359,MAP_SCADA,99,0.0026058827060318757
4,UPFC_Vse,5-15,0.06039511975662008,49,0.06027927656029769,MAP_SCADA,99,0.00011584319632239326
5,UPFC_tse,5-15,-2.159769366853597,49,-2.153859444240261,MAP_SCADA,99,0.005909922613335894
0,x_tcsc,1-14,-0.11232464740583507,50,-0.13539067744855354,MAP_SCADA,99,0.02306603004271847
1,B_svc,2,0.1804661933096819,50,0.2815732902354433,MAP_SCADA,99,0.10110709692576142
2,UPFC_Vsh,5-15,1.1082997050473367,50,1.1071861365154951,MAP_SCADA,99,0.0011135685318415245
3,UPFC_tsh,5-15,-0.23223059620849504,50,-0.22936906308085359,MAP_SCADA,99,0.0028615331276414524
4,UPFC_Vse,5-15,0.060382776568446615,50,0.06027927656029769,MAP_SCADA,99,0.0001035000081489254
5,UPFC_tse,5-15,-2.15506436388257,50,-2.153859444240261,MAP_SCADA,99,0.0012049196423089548
0,x_tcsc,1-14,-0.11361562540832322,51,-0.13539067744855354,MAP_SCADA,99,0.021775052040230322
1,B_svc,2,0.17885922469653856,51,0.2815732902354433,MAP_SCADA,99,0.10271406553890475
2,UPFC_Vsh,5-15,1.1070689001567269,51,1.1071861365154951,MAP_SCADA,99,0.00011723635876825789
3,UPFC_tsh,5-15,-0.2321065832889006,51,-0.22936906308085359,MAP_SCADA,99,0.0027375202080470173
4,UPFC_Vse,5-15,0.06052340155011435,51,0.06027927656029769,MAP_SCADA,99,0.00024412498981665753
5,UPFC_tse,5-15,-2.1551682308222206,51,-2.153859444240261,MAP_SCADA,99,0.0013087865819594313
0,x_tcsc,1-14,-0.10848351521084021,52,-0.13539067744855354,MAP_SCADA,99,0.026907162237713333
1,B_svc,2,0.19662177475265205,52,0.2815732902354433,MAP_SCADA,99,0.08495151548279126
2,UPFC_Vsh,5-15,1.1078003615348868,52,1.1071861365154951,MAP_SCADA,99,0.0006142250193916787
3,UPFC_tsh,5-15,-0.23401474328945562,52,-0.22936906308085359,MAP_SCADA,99,0.004645680208602038
4,UPFC_Vse,5-15,0.06035505211035941,52,0.06027927656029769,MAP_SCADA,99,7.577555006171854e-05
5,UPFC_tse,5-15,-2.160186956663391,52,-2.153859444240261,MAP_SCADA,99,0.0063275124231299
0,x_tcsc,1-14,-0.11302618824924493,53,-0.13539067744855354,MAP_SCADA,99,0.022364489199308613
1,B_svc,2,0.1855528678668657,53,0.2815732902354433,MAP_SCADA,99,0.09602042236857761
2,UPFC_Vsh,5-15,1.106401917745756,53,1.1071861365154951,MAP_SCADA,99,0.000784218769739109
3,UPFC_tsh,5-15,-0.23299677621338608,53,-0.22936906308085359,MAP_SCADA,99,0.0036277131325324896
4,UPFC_Vse,5-15,0.06025677125495774,53,0.06027927656029769,MAP_SCADA,99,2.2505305339946824e-05
5,UPFC_tse,5-15,-2.1530014389473546,53,-2.153859444240261,MAP_SCADA,99,0.0008580052929065829
0,x_tcsc,1-14,-0.10992588267449988,54,-0.13539067744855354,MAP_SCADA,99,0.025464794774053667
1,B_svc,2,0.18850845278962525,54,0.2815732902354433,MAP_SCADA,99,0.09306483744581806
2,UPFC_Vsh,5-15,1.1080263661691967,54,1.1071861365154951,MAP_SCADA,99,0.000840229653701563
3,UPFC_tsh,5-15,-0.2334353156834582,54,-0.22936906308085359,MAP_SCADA,99,0.004066252602604625
4,UPFC_Vse,5-15,0.060702502198160174,54,0.06027927656029769,MAP_SCADA,99,0.00042322563786248435
5,UPFC_tse,5-15,-2.159140326809645,54,-2.153859444240261,MAP_SCADA,99,0.005280882569383749
0,x_tcsc,1-14,-0.11090856933726283,55,-0.13539067744855354,MAP_SCADA,99,0.024482108111290715
1,B_svc,2,0.18390305521965483,55,0.2815732902354433,MAP_SCADA,99,0.09767023501578848
2,UPFC_Vsh,5-15,1.105779728191416,55,1.1071861365154951,MAP_SCADA,99,0.0014064083240792336
3,UPFC_tsh,5-15,-0.23355893281144285,55,-0.22936906308085359,MAP_SCADA,99,0.0041898697305892685
4,UPFC_Vse,5-15,0.06052711291959248,55,0.06027927656029769,MAP_SCADA,99,0.00024783635929478964
5,UPFC_tse,5-15,-2.1596477295296808,55,-2.153859444240261,MAP_SCADA,99,0.005788285289419548
0,x_tcsc,1-14,-0.11295801478895467,56,-0.13539067744855354,MAP_SCADA,99,0.022432662659598868
1,B_svc,2,0.18145367109197516,56,0.2815732902354433,MAP_SCADA,99,0.10011961914346815
2,UPFC_Vsh,5-15,1.108183062115895,56,1.1071861365154951,MAP_SCADA,99,0.0009969256003998783
3,UPFC_tsh,5-15,-0.23276754175977452,56,-0.22936906308085359,MAP_SCADA,99,0.00339847867892093
4,UPFC_Vse,5-15,0.060201074271315824,56,0.06027927656029769,MAP_SCADA,99,7.820228898186565e-05
5,UPFC_tse,5-15,-2.1541185297160985,56,-2.153859444240261,MAP_SCADA,99,0.00025908547583730623
0,x_tcsc,1-14,-0.11331549764469787,57,-0.13539067744855354,MAP_SCADA,99,0.022075179803855677
1,B_svc,2,0.18113549787680508,57,0.2815732902354433,MAP_SCADA,99,0.10043779235863823
2,UPFC_Vsh,5-15,1.1080297025810695,57,1.1071861365154951,MAP_SCADA,99,0.0008435660655743416
3,UPFC_tsh,5-15,-0.2318175980644757,57,-0.22936906308085359,MAP_SCADA,99,0.0024485349836221026
4,UPFC_Vse,5-15,0.05974123277280337,57,0.06027927656029769,MAP_SCADA,99,0.0005380437874943217
5,UPFC_tse,5-15,-2.1568552925009024,57,-2.153859444240261,MAP_SCADA,99,0.002995848260641143
0,x_tcsc,1-14,-0.11259592447870835,58,-0.13539067744855354,MAP_SCADA,99,0.02279475296984519
1,B_svc,2,0.1855124996650732,58,0.2815732902354433,MAP_SCADA,99,0.09606079057037012
2,UPFC_Vsh,5-15,1.1041639179721214,58,1.1071861365154951,MAP_SCADA,99,0.0030222185433737003
3,UPFC_tsh,5-15,-0.2337457779457213,58,-0.22936906308085359,MAP_SCADA,99,0.004376714864867709
4,UPFC_Vse,5-15,0.060641571824637475,58,0.06027927656029769,MAP_SCADA,99,0.00036229526433978476
5,UPFC_tse,5-15,-2.1560231945507224,58,-2.153859444240261,MAP_SCADA,99,0.002163750310461232
0,x_tcsc,1-14,-0.11286231559448634,59,-0.13539067744855354,MAP_SCADA,99,0.022528361854067203
1,B_svc,2,0.1817952967432671,59,0.2815732902354433,MAP_SCADA,99,0.0997779934921762
2,UPFC_Vsh,5-15,1.108691902973475,59,1.1071861365154951,MAP_SCADA,99,0.0015057664579798402
3,UPFC_tsh,5-15,-0.23184199738940517,59,-0.22936906308085359,MAP_SCADA,99,0.002472934308551583
4,UPFC_Vse,5-15,0.060454713383064476,59,0.06027927656029769,MAP_SCADA,99,0.0001754368227667863
5,UPFC_tse,5-15,-2.15495703243471,59,-2.153859444240261,MAP_SCADA,99,0.0010975881944488286
0,x_tcsc,1-14,-0.1125451676959699,60,-0.13539067744855354,MAP_SCADA,99,0.022845509752583648
1,B_svc,2,0.18446213206889514,60,0.2815732902354433,MAP_SCADA,99,0.09711115816654817
2,UPFC_Vsh,5-15,1.108050671247431,60,1.1071861365154951,MAP_SCADA,99,0.0008645347319358176
3,UPFC_tsh,5-15,-0.2323091987208775,60,-0.22936906308085359,MAP_SCADA,99,0.0029401356400239054
4,UPFC_Vse,5-15,0.06027242282692596,60,0.06027927656029769,MAP_SCADA,99,6.853733371732507e-06
5,UPFC_tse,5-15,-2.1526136198908206,60,-2.153859444240261,MAP_SCADA,99,0.0012458243494406496
0,x_tcsc,1-14,-0.11410481713499057,61,-0.13539067744855354,MAP_SCADA,99,0.02128586031356297
1,B_svc,2,0.17972519930177294,61,0.2815732902354433,MAP_SCADA,99,0.10184809093367037
2,UPFC_Vsh,5-15,1.1062344025143551,61,1.1071861365154951,MAP_SCADA,99,0.0009517340011400144
3,UPFC_tsh,5-15,-0.23187134686501007,61,-0.22936906308085359,MAP_SCADA,99,0.0025022837841564838
4,UPFC_Vse,5-15,0.06071318870310169,61,0.06027927656029769,MAP_SCADA,99,0.00043391214280399937
5,UPFC_tse,5-15,-2.1542601835848503,61,-2.153859444240261,MAP_SCADA,99,0.0004007393445890628
0,x_tcsc,1-14,-0.1115933269007217,62,-0.13539067744855354,MAP_SCADA,99,0.023797350547831844
1,B_svc,2,0.18400213468782292,62,0.2815732902354433,MAP_SCADA,99,0.09757115554762039
2,UPFC_Vsh,5-15,1.1074571520285303,62,1.1071861365154951,MAP_SCADA,99,0.000271015513035211
3,UPFC_tsh,5-15,-0.23263168864163766,62,-0.22936906308085359,MAP_SCADA,99,0.003262625560784077
4,UPFC_Vse,5-15,0.05996998341083485,62,0.06027927656029769,MAP_SCADA,99,0.0003092931494628401
5,UPFC_tse,5-15,-2.1600345054626127,62,-2.153859444240261,MAP_SCADA,99,0.006175061222351452
0,x_tcsc,1-14,-0.11148815154244913,63,-0.13539067744855354,MAP_SCADA,99,0.023902525906104408
1,B_svc,2,0.18721449786679403,63,0.2815732902354433,MAP_SCADA,99,0.09435879236864927
2,UPFC_Vsh,5-15,1.1070688856726931,63,1.1071861365154951,MAP_SCADA,99,0.00011725084280200804
3,UPFC_tsh,5-15,-0.23342688662212113,63,-0.22936906308085359,MAP_SCADA,99,0.004057823541267547
4,UPFC_Vse,5-15,0.05977947534148236,63,0.06027927656029769,MAP_SCADA,99,0.0004998012188153281
5,UPFC_tse,5-15,-2.1563252483151594,63,-2.153859444240261,MAP_SCADA,99,0.002465804074898159
0,x_tcsc,1-14,-0.11195724792908147,64,-0.13539067744855354,MAP_SCADA,99,0.023433429519472068
1,B_svc,2,0.18532267620046441,64,0.2815732902354433,MAP_SCADA,99,0.09625061403497889
2,UPFC_Vsh,5-15,1.1062982148266969,64,1.1071861365154951,MAP_SCADA,99,0.0008879216887982544
3,UPFC_tsh,5-15,-0.23231828006468574,64,-0.22936906308085359,MAP_SCADA,99,0.002949216983832159
4,UPFC_Vse,5-15,0.060691859349195215,64,0.06027927656029769,MAP_SCADA,99,0.0004125827888975253
5,UPFC_tse,5-15,-2.152693367047146,64,-2.153859444240261,MAP_SCADA,99,0.0011660771931150116
0,x_tcsc,1-14,-0.11295515105283893,65,-0.13539067744855354,MAP_SCADA,99,0.02243552639571461
1,B_svc,2,0.18060145943688566,65,0.2815732902354433,MAP_SCADA,99,0.10097183079855765
2,UPFC_Vsh,5-15,1.1078146006483933,65,1.1071861365154951,MAP_SCADA,99,0.0006284641328981877
3,UPFC_tsh,5-15,-0.23209500185534337,65,-0.22936906308085359,MAP_SCADA,99,0.002725938774489789
4,UPFC_Vse,5-15,0.06005942127011483,65,0.06027927656029769,MAP_SCADA,99,0.00021985529018286182
5,UPFC_tse,5-15,-2.152035993257443,65,-2.153859444240261,MAP_SCADA,99,0.001823450982818109
0,x_tcsc,1-14,-0.1105648668522165,66,-0.13539067744855354,MAP_SCADA,99,0.02482581059633704
1,B_svc,2,0.1904464047979305,66,0.2815732902354433,MAP_SCADA,99,0.0911268854375128
2,UPFC_Vsh,5-15,1.108306155074037,66,1.1071861365154951,MAP_SCADA,99,0.0011200185585418243
3,UPFC_tsh,5-15,-0.23257200768493028,66,-0.22936906308085359,MAP_SCADA,99,0.0032029446040766907
4,UPFC_Vse,5-15,0.06025958607178324,66,0.06027927656029769,MAP_SCADA,99,1.9690488514446935e-05
5,UPFC_tse,5-15,-2.1546439224482006,66,-2.153859444240261,MAP_SCADA,99,0.0007844782079393653
0,x_tcsc,1-14,-0.11119767728780644,67,-0.13539067744855354,MAP_SCADA,99,0.024193000160747102
1,B_svc,2,0.18569084335624564,67,0.2815732902354433,MAP_SCADA,99,0.09588244687919767
2,UPFC_Vsh,5-15,1.106366563748709,67,1.1071861365154951,MAP_SCADA,99,0.0008195727667861252
3,UPFC_tsh,5-15,-0.23386903030465617,67,-0.22936906308085359,MAP_SCADA,99,0.004499967223802581
4,UPFC_Vse,5-15,0.06056370946115216,67,0.06027927656029769,MAP_SCADA,99,0.00028443290085446854
5,UPFC_tse,5-15,-2.1571921085846038,67,-2.153859444240261,MAP_SCADA,99,0.0033326643443425397
0,x_tcsc,1-14,-0.11483410186228073,68,-0.13539067744855354,MAP_SCADA,99,0.020556575586272816
1,B_svc,2,0.17781365828617798,68,0.2815732902354433,MAP_SCADA,99,0.10375963194926532
2,UPFC_Vsh,5-15,1.106598391691374,68,1.1071861365154951,MAP_SCADA,99,0.0005877448241211614
3,UPFC_tsh,5-15,-0.23154604520573963,68,-0.22936906308085359,MAP_SCADA,99,0.00217698212488604
4,UPFC_Vse,5-15,0.06029084534704604,68,0.06027927656029769,MAP_SCADA,99,1.156878674835049e-05
5,UPFC_tse,5-15,-2.154853142467964,68,-2.153859444240261,MAP_SCADA,99,0.0009936982277025663
0,x_tcsc,1-14,-0.11173747291563595,69,-0.13539067744855354,MAP_SCADA,99,0.023653204532917596
1,B_svc,2,0.18495146124073875,69,0.2815732902354433,MAP_SCADA,99,0.09662182899470456
2,UPFC_Vsh,5-15,1.1072218108273122,69,1.1071861365154951,MAP_SCADA,99,3.567431181705771e-05
3,UPFC_tsh,5-15,-0.23243266776604807,69,-0.22936906308085359,MAP_SCADA,99,0.003063604685194482
4,UPFC_Vse,5-15,0.05983529988183588,69,0.06027927656029769,MAP_SCADA,99,0.0004439766784618132
5,UPFC_tse,5-15,-2.162200479914194,69,-2.153859444240261,MAP_SCADA,99,0.00834103567393285
0,x_tcsc,1-14,-0.11161295954054895,70,-0.13539067744855354,MAP_SCADA,99,0.023777717908004592
1,B_svc,2,0.18626377458114451,70,0.2815732902354433,MAP_SCADA,99,0.0953095156542988
2,UPFC_Vsh,5-15,1.1076076388806437,70,1.1071861365154951,MAP_SCADA,99,0.00042150236514859607
3,UPFC_tsh,5-15,-0.23241563686137293,70,-0.22936906308085359,MAP_SCADA,99,0.0030465737805193405
4,UPFC_Vse,5-15,0.0600901778234442,70,0.06027927656029769,MAP_SCADA,99,0.0001890987368534866
5,UPFC_tse,5-15,-2.159739654223675,70,-2.153859444240261,MAP_SCADA,99,0.005880209983413653
0,x_tcsc,1-14,-0.11023236043321037,71,-0.13539067744855354,MAP_SCADA,99,0.02515831701534317
1,B_svc,2,0.18490639389636032,71,0.2815732902354433,MAP_SCADA,99,0.09666689633908299
2,UPFC_Vsh,5-15,1.1080515269839228,71,1.1071861365154951,MAP_SCADA,99,0.000865390468427707
3,UPFC_tsh,5-15,-0.23367155568450076,71,-0.22936906308085359,MAP_SCADA,99,0.004302492603647179
4,UPFC_Vse,5-15,0.05956459850884551,71,0.06027927656029769,MAP_SCADA,99,0.0007146780514521792
5,UPFC_tse,5-15,-2.1603199827972,71,-2.153859444240261,MAP_SCADA,99,0.006460538556938733
0,x_tcsc,1-14,-0.11481364685907605,72,-0.13539067744855354,MAP_SCADA,99,0.02057703058947749
1,B_svc,2,0.1740477843073324,72,0.2815732902354433,MAP_SCADA,99,0.10752550592811091
2,UPFC_Vsh,5-15,1.1093478133268266,72,1.1071861365154951,MAP_SCADA,99,0.0021616768113315032
3,UPFC_tsh,5-15,-0.23031014743099787,72,-0.22936906308085359,MAP_SCADA,99,0.0009410843501442834
4,UPFC_Vse,5-15,0.060376298368476404,72,0.06027927656029769,MAP_SCADA,99,9.702180817871414e-05
5,UPFC_tse,5-15,-2.152526010071022,72,-2.153859444240261,MAP_SCADA,99,0.001333434169239034
0,x_tcsc,1-14,-0.11119939553174198,73,-0.13539067744855354,MAP_SCADA,99,0.024191281916811566
1,B_svc,2,0.18238211869777293,73,0.2815732902354433,MAP_SCADA,99,0.09919117153767038
2,UPFC_Vsh,5-15,1.1078410496521713,73,1.1071861365154951,MAP_SCADA,99,0.0006549131366762051
3,UPFC_tsh,5-15,-0.23244182663890925,73,-0.22936906308085359,MAP_SCADA,99,0.0030727635580556634
4,UPFC_Vse,5-15,0.060123430715658725,73,0.06027927656029769,MAP_SCADA,99,0.00015584584463896461
5,UPFC_tse,5-15,-2.154635166458868,73,-2.153859444240261,MAP_SCADA,99,0.000775722218606667
0,x_tcsc,1-14,-0.11245131488496514,74,-0.13539067744855354,MAP_SCADA,99,0.022939362563588403
1,B_svc,2,0.18306689732739356,74,0.2815732902354433,MAP_SCADA,99,0.09850639290804974
2,UPFC_Vsh,5-15,1.1060877669311164,74,1.1071861365154951,MAP_SCADA,99,0.0010983695843787
3,UPFC_tsh,5-15,-0.23225569221922024,74,-0.22936906308085359,MAP_SCADA,99,0.002886629138366653
4,UPFC_Vse,5-15,0.06060816821702223,74,0.06027927656029769,MAP_SCADA,99,0.0003288916567245406
5,UPFC_tse,5-15,-2.1530639197953803,74,-2.153859444240261,MAP_SCADA,99,0.0007955244448809573
0,x_tcsc,1-14,-0.11266851956063793,75,-0.13539067744855354,MAP_SCADA,99,0.02272215788791561
1,B_svc,2,0.17942389982839835,75,0.2815732902354433,MAP_SCADA,99,0.10214939040704496
2,UPFC_Vsh,5-15,1.1060512896544898,75,1.1071861365154951,MAP_SCADA,99,0.0011348468610052898
3,UPFC_tsh,5-15,-0.2321833929982741,75,-0.22936906308085359,MAP_SCADA,99,0.002814329917420505
4,UPFC_Vse,5-15,0.0603953238342974,75,0.06027927656029769,MAP_SCADA,99,0.00011604727399971287
5,UPFC_tse,5-15,-2.156912981216897,75,-2.153859444240261,MAP_SCADA,99,0.0030535369766355736
0,x_tcsc,1-14,-0.11320542384235198,76,-0.13539067744855354,MAP_SCADA,99,0.022185253606201563
1,B_svc,2,0.17986454173726527,76,0.2815732902354433,MAP_SCADA,99,0.10170874849817804
2,UPFC_Vsh,5-15,1.107140576441596,76,1.1071861365154951,MAP_SCADA,99,4.55600738991091e-05
3,UPFC_tsh,5-15,-0.2321309439923157,76,-0.22936906308085359,MAP_SCADA,99,0.0027618809114621223
4,UPFC_Vse,5-15,0.06060513321190883,76,0.06027927656029769,MAP_SCADA,99,0.0003258566516111394
5,UPFC_tse,5-15,-2.154545901987454,76,-2.153859444240261,MAP_SCADA,99,0.0006864577471930033
0,x_tcsc,1-14,-0.11027983805247656,77,-0.13539067744855354,MAP_SCADA,99,0.025110839396076987
1,B_svc,2,0.19039840003568215,77,0.2815732902354433,MAP_SCADA,99,0.09117489019976116
2,UPFC_Vsh,5-15,1.1060914983424281,77,1.1071861365154951,MAP_SCADA,99,0.0010946381730669863
3,UPFC_tsh,5-15,-0.23354511247093693,77,-0.22936906308085359,MAP_SCADA,99,0.004176049390083342
4,UPFC_Vse,5-15,0.06064689698951932,77,0.06027927656029769,MAP_SCADA,99,0.0003676204292216295
5,UPFC_tse,5-15,-2.163946771282591,77,-2.153859444240261,MAP_SCADA,99,0.010087327042329619
0,x_tcsc,1-14,-0.11238909219532701,78,-0.13539067744855354,MAP_SCADA,99,0.023001585253226528
1,B_svc,2,0.18583281855938802,78,0.2815732902354433,MAP_SCADA,99,0.09574047167605529
2,UPFC_Vsh,5-15,1.1047114060882188,78,1.1071861365154951,MAP_SCADA,99,0.002474730427276306
3,UPFC_tsh,5-15,-0.23331161314458537,78,-0.22936906308085359,MAP_SCADA,99,0.003942550063731787
4,UPFC_Vse,5-15,0.060731876001881645,78,0.06027927656029769,MAP_SCADA,99,0.0004525994415839549
5,UPFC_tse,5-15,-2.1574975209251144,78,-2.153859444240261,MAP_SCADA,99,0.0036380766848531643
0,x_tcsc,1-14,-0.11227674867262306,79,-0.13539067744855354,MAP_SCADA,99,0.02311392877593048
1,B_svc,2,0.17798850759682364,79,0.2815732902354433,MAP_SCADA,99,0.10358478263861967
2,UPFC_Vsh,5-15,1.1091646776389321,79,1.1071861365154951,MAP_SCADA,99,0.001978541123436983
3,UPFC_tsh,5-15,-0.2318079257618266,79,-0.22936906308085359,MAP_SCADA,99,0.002438862680973014
4,UPFC_Vse,5-15,0.0602518094619551,79,0.06027927656029769,MAP_SCADA,99,2.7467098342587315e-05
5,UPFC_tse,5-15,-2.1581915717638798,79,-2.153859444240261,MAP_SCADA,99,0.004332127523618556
0,x_tcsc,1-14,-0.1103069614975914,80,-0.13539067744855354,MAP_SCADA,99,0.02508371595096215
1,B_svc,2,0.1855188842432045,80,0.2815732902354433,MAP_SCADA,99,0.0960544059922388
2,UPFC_Vsh,5-15,1.1082246409705168,80,1.1071861365154951,MAP_SCADA,99,0.0010385044550216271
3,UPFC_tsh,5-15,-0.23237219805571732,80,-0.22936906308085359,MAP_SCADA,99,0.003003134974863736
4,UPFC_Vse,5-15,0.06017729077889988,80,0.06027927656029769,MAP_SCADA,99,0.00010198578139780645
5,UPFC_tse,5-15,-2.1579965052878802,80,-2.153859444240261,MAP_SCADA,99,0.004137061047619017
0,x_tcsc,1-14,-0.11484420222689054,81,-0.13539067744855354,MAP_SCADA,99,0.020546475221663002
1,B_svc,2,0.17324317502602474,81,0.2815732902354433,MAP_SCADA,99,0.10833011520941857
2,UPFC_Vsh,5-15,1.107767203557404,81,1.1071861365154951,MAP_SCADA,99,0.0005810670419088559
3,UPFC_tsh,5-15,-0.23072723953847235,81,-0.22936906308085359,MAP_SCADA,99,0.001358176457618765
4,UPFC_Vse,5-15,0.060976563935023265,81,0.06027927656029769,MAP_SCADA,99,0.0006972873747255748
5,UPFC_tse,5-15,-2.149647198018337,81,-2.153859444240261,MAP_SCADA,99,0.004212246221924065
0,x_tcsc,1-14,-0.11180805607061052,82,-0.13539067744855354,MAP_SCADA,99,0.023582621377943022
1,B_svc,2,0.18178182354392003,82,0.2815732902354433,MAP_SCADA,99,0.09979146669152328
2,UPFC_Vsh,5-15,1.1089313718683742,82,1.1071861365154951,MAP_SCADA,99,0.001745235352879071
3,UPFC_tsh,5-15,-0.2325040165114551,82,-0.22936906308085359,MAP_SCADA,99,0.0031349534306015225
4,UPFC_Vse,5-15,0.059750170374855985,82,0.06027927656029769,MAP_SCADA,99,0.0005291061854417051
5,UPFC_tse,5-15,-2.157267769739594,82,-2.153859444240261,MAP_SCADA,99,0.003408325499332676
0,x_tcsc,1-14,-0.11196594835243269,83,-0.13539067744855354,MAP_SCADA,99,0.023424729096120853
1,B_svc,2,0.18358007288343284,83,0.2815732902354433,MAP_SCADA,99,0.09799321735201047
2,UPFC_Vsh,5-15,1.1066161622964277,83,1.1071861365154951,MAP_SCADA,99,0.0005699742190674595
3,UPFC_tsh,5-15,-0.2338622644581635,83,-0.22936906308085359,MAP_SCADA,99,0.004493201377309908
4,UPFC_Vse,5-15,0.060341497574501454,83,0.06027927656029769,MAP_SCADA,99,6.222101420376436e-05
5,UPFC_tse,5-15,-2.1576262979870653,83,-2.153859444240261,MAP_SCADA,99,0.0037668537468040775
0,x_tcsc,1-14,-0.11242372645679247,84,-0.13539067744855354,MAP_SCADA,99,0.022966950991761076
1,B_svc,2,0.181063038342786,84,0.2815732902354433,MAP_SCADA,99,0.1005102518926573
2,UPFC_Vsh,5-15,1.1081734188444792,84,1.1071861365154951,MAP_SCADA,99,0.0009872823289840404
3,UPFC_tsh,5-15,-0.23205042242021406,84,-0.22936906308085359,MAP_SCADA,99,0.0026813593393604784
4,UPFC_Vse,5-15,0.060297588621276065,84,0.06027927656029769,MAP_SCADA,99,1.8312060978374622e-05
5,UPFC_tse,5-15,-2.1552974337286637,84,-2.153859444240261,MAP_SCADA,99,0.001437989488402458
0,x_tcsc,1-14,-0.11184343666634057,85,-0.13539067744855354,MAP_SCADA,99,0.023547240782212972
1,B_svc,2,0.18561959631485753,85,0.2815732902354433,MAP_SCADA,99,0.09595369392058578
2,UPFC_Vsh,5-15,1.1067012175816726,85,1.1071861365154951,MAP_SCADA,99,0.00048491893382252016
3,UPFC_tsh,5-15,-0.23200039920807386,85,-0.22936906308085359,MAP_SCADA,99,0.002631336127220274
4,UPFC_Vse,5-15,0.060508485515277884,85,0.06027927656029769,MAP_SCADA,99,0.00022920895498019372
5,UPFC_tse,5-15,-2.156137188259973,85,-2.153859444240261,MAP_SCADA,99,0.0022777440197119248
0,x_tcsc,1-14,-0.11364135301624523,86,-0.13539067744855354,MAP_SCADA,99,0.021749324432308315
1,B_svc,2,0.1821219783944858,86,0.2815732902354433,MAP_SCADA,99,0.09945131184095751
2,UPFC_Vsh,5-15,1.107820798130156,86,1.1071861365154951,MAP_SCADA,99,0.0006346616146608586
3,UPFC_tsh,5-15,-0.2322128959487655,86,-0.22936906308085359,MAP_SCADA,99,0.0028438328679119274
4,UPFC_Vse,5-15,0.060660300434416836,86,0.06027927656029769,MAP_SCADA,99,0.0003810238741191463
5,UPFC_tse,5-15,-2.1513489737161597,86,-2.153859444240261,MAP_SCADA,99,0.0025104705241014713
0,x_tcsc,1-14,-0.11243275414694069,87,-0.13539067744855354,MAP_SCADA,99,0.02295792330161285
1,B_svc,2,0.18119025313673967,87,0.2815732902354433,MAP_SCADA,99,0.10038303709870364
2,UPFC_Vsh,5-15,1.1088940270782162,87,1.1071861365154951,MAP_SCADA,99,0.0017078905627210261
3,UPFC_tsh,5-15,-0.2316124266592611,87,-0.22936906308085359,MAP_SCADA,99,0.0022433635784075145
4,UPFC_Vse,5-15,0.060193264965839675,87,0.06027927656029769,MAP_SCADA,99,8.601159445801448e-05
5,UPFC_tse,5-15,-2.1547446105680494,87,-2.153859444240261,MAP_SCADA,99,0.0008851663277882338
0,x_tcsc,1-14,-0.1117050885844963,88,-0.13539067744855354,MAP_SCADA,99,0.023685588864057236
1,B_svc,2,0.18225177768878625,88,0.2815732902354433,MAP_SCADA,99,0.09932151254665705
2,UPFC_Vsh,5-15,1.1091187232902788,88,1.1071861365154951,MAP_SCADA,99,0.0019325867747836956
3,UPFC_tsh,5-15,-0.23202232715977783,88,-0.22936906308085359,MAP_SCADA,99,0.0026532640789242445
4,UPFC_Vse,5-15,0.060376671714547456,88,0.06027927656029769,MAP_SCADA,99,9.739515424976586e-05
5,UPFC_tse,5-15,-2.162073760045472,88,-2.153859444240261,MAP_SCADA,99,0.008214315805210592
0,x_tcsc,1-14,-0.11379815943239346,89,-0.13539067744855354,MAP_SCADA,99,0.021592518016160078
1,B_svc,2,0.1805462804774064,89,0.2815732902354433,MAP_SCADA,99,0.10102700975803691
2,UPFC_Vsh,5-15,1.1080653754934764,89,1.1071861365154951,MAP_SCADA,99,0.0008792389779812559
3,UPFC_tsh,5-15,-0.2315678341219605,89,-0.22936906308085359,MAP_SCADA,99,0.0021987710411069117
4,UPFC_Vse,5-15,0.060031095941406064,89,0.06027927656029769,MAP_SCADA,99,0.00024818061889162607
5,UPFC_tse,5-15,-2.159275756025949,89,-2.153859444240261,MAP_SCADA,99,0.0054163117856878
0,x_tcsc,1-14,-0.11269324663045342,90,-0.13539067744855354,MAP_SCADA,99,0.02269743081810012
1,B_svc,2,0.1821197549092243,90,0.2815732902354433,MAP_SCADA,99,0.099453535326219
2,UPFC_Vsh,5-15,1.1062962965124052,90,1.1071861365154951,MAP_SCADA,99,0.0008898400030898923
3,UPFC_tsh,5-15,-0.23417220359261745,90,-0.22936906308085359,MAP_SCADA,99,0.004803140511763865
4,UPFC_Vse,5-15,0.060051107680717156,90,0.06027927656029769,MAP_SCADA,99,0.00022816887958053422
5,UPFC_tse,5-15,-2.157194858291217,90,-2.153859444240261,MAP_SCADA,99,0.0033354140509556096
0,x_tcsc,1-14,-0.11164315453934559,91,-0.13539067744855354,MAP_SCADA,99,0.023747522909207952
1,B_svc,2,0.18654973269484112,91,0.2815732902354433,MAP_SCADA,99,0.09502355754060218
2,UPFC_Vsh,5-15,1.1068988496328513,91,1.1071861365154951,MAP_SCADA,99,0.0002872868826437891
3,UPFC_tsh,5-15,-0.23361650316009025,91,-0.22936906308085359,MAP_SCADA,99,0.004247440079236664
4,UPFC_Vse,5-15,0.060603644534026314,91,0.06027927656029769,MAP_SCADA,99,0.0003243679737286245
5,UPFC_tse,5-15,-2.1555270160668036,91,-2.153859444240261,MAP_SCADA,99,0.0016675718265424244
0,x_tcsc,1-14,-0.11320362379910998,92,-0.13539067744855354,MAP_SCADA,99,0.022187053649443567
1,B_svc,2,0.1817882088694763,92,0.2815732902354433,MAP_SCADA,99,0.099785081365967
2,UPFC_Vsh,5-15,1.1076439408886294,92,1.1071861365154951,MAP_SCADA,99,0.0004578043731342518
3,UPFC_tsh,5-15,-0.23202215347050792,92,-0.22936906308085359,MAP_SCADA,99,0.0026530903896543334
4,UPFC_Vse,5-15,0.06037604036313058,92,0.06027927656029769,MAP_SCADA,99,9.676380283289016e-05
5,UPFC_tse,5-15,-2.158383119696829,92,-2.153859444240261,MAP_SCADA,99,0.004523675456567844
0,x_tcsc,1-14,-0.10898873491513596,93,-0.13539067744855354,MAP_SCADA,99,0.026401942533417586
1,B_svc,2,0.19068847968051864,93,0.2815732902354433,MAP_SCADA,99,0.09088481055492467
2,UPFC_Vsh,5-15,1.1066670030248402,93,1.1071861365154951,MAP_SCADA,99,0.0005191334906549105
3,UPFC_tsh,5-15,-0.23438533687847693,93,-0.22936906308085359,MAP_SCADA,99,0.005016273797623344
4,UPFC_Vse,5-15,0.06075473700274517,93,0.06027927656029769,MAP_SCADA,99,0.0004754604424474784
5,UPFC_tse,5-15,-2.1592122319698612,93,-2.153859444240261,MAP_SCADA,99,0.005352787729600017
0,x_tcsc,1-14,-0.11178711151202753,94,-0.13539067744855354,MAP_SCADA,99,0.023603565936526016
1,B_svc,2,0.1862241898982063,94,0.2815732902354433,MAP_SCADA,99,0.09534910033723701
2,UPFC_Vsh,5-15,1.1073746068132924,94,1.1071861365154951,MAP_SCADA,99,0.00018847029779722746
3,UPFC_tsh,5-15,-0.23271118962076062,94,-0.22936906308085359,MAP_SCADA,99,0.0033421265399070366
4,UPFC_Vse,5-15,0.05974367351699315,94,0.06027927656029769,MAP_SCADA,99,0.0005356030433045431
5,UPFC_tse,5-15,-2.1591837303616974,94,-2.153859444240261,MAP_SCADA,99,0.005324286121436206
0,x_tcsc,1-14,-0.11281811211419954,95,-0.13539067744855354,MAP_SCADA,99,0.022572565334354006
1,B_svc,2,0.1798423535605849,95,0.2815732902354433,MAP_SCADA,99,0.10173093667485841
2,UPFC_Vsh,5-15,1.1107640975000732,95,1.1071861365154951,MAP_SCADA,99,0.003577960984578077
3,UPFC_tsh,5-15,-0.23130359362426886,95,-0.22936906308085359,MAP_SCADA,99,0.0019345305434152749
4,UPFC_Vse,5-15,0.060407635714608096,95,0.06027927656029769,MAP_SCADA,99,0.00012835915431040623
5,UPFC_tse,5-15,-2.15105994964005,95,-2.153859444240261,MAP_SCADA,99,0.0027994946002110055
0,x_tcsc,1-14,-0.11195570137059803,96,-0.13539067744855354,MAP_SCADA,99,0.023434976077955513
1,B_svc,2,0.18764742666765016,96,0.2815732902354433,MAP_SCADA,99,0.09392586356779314
2,UPFC_Vsh,5-15,1.109255661757014,96,1.1071861365154951,MAP_SCADA,99,0.0020695252415188214
3,UPFC_tsh,5-15,-0.23200538249675867,96,-0.22936906308085359,MAP_SCADA,99,0.0026363194159050862
4,UPFC_Vse,5-15,0.06062835131201776,96,0.06027927656029769,MAP_SCADA,99,0.0003490747517200729
5,UPFC_tse,5-15,-2.1573787027016547,96,-2.153859444240261,MAP_SCADA,99,0.0035192584613934486
0,x_tcsc,1-14,-0.11174140659467031,97,-0.13539067744855354,MAP_SCADA,99,0.023649270853883228
1,B_svc,2,0.18426488750022654,97,0.2815732902354433,MAP_SCADA,99,0.09730840273521676
2,UPFC_Vsh,5-15,1.108756821574409,97,1.1071861365154951,MAP_SCADA,99,0.0015706850589138899
3,UPFC_tsh,5-15,-0.23306784874770028,97,-0.22936906308085359,MAP_SCADA,99,0.003698785666846699
4,UPFC_Vse,5-15,0.059787575256518455,97,0.06027927656029769,MAP_SCADA,99,0.000491701303779235
5,UPFC_tse,5-15,-2.1580555421623253,97,-2.153859444240261,MAP_SCADA,99,0.0041960979220641015
0,x_tcsc,1-14,-0.11246565688486991,98,-0.13539067744855354,MAP_SCADA,99,0.022925020563683632
1,B_svc,2,0.18285318023999722,98,0.2815732902354433,MAP_SCADA,99,0.09872010999544609
2,UPFC_Vsh,5-15,1.109484306840395,98,1.1071861365154951,MAP_SCADA,99,0.002298170324899873
3,UPFC_tsh,5-15,-0.23208286556886998,98,-0.22936906308085359,MAP_SCADA,99,0.0027138024880163925
4,UPFC_Vse,5-15,0.0605315567883521,98,0.06027927656029769,MAP_SCADA,99,0.00025228022805440925
5,UPFC_tse,5-15,-2.1553071214667407,98,-2.153859444240261,MAP_SCADA,99,0.001447677226479538
0,x_tcsc,1-14,-0.1137018084065269,99,-0.13539067744855354,MAP_SCADA,99,0.021688869042026646
1,B_svc,2,0.17857495229728937,99,0.2815732902354433,MAP_SCADA,99,0.10299833793815394
2,UPFC_Vsh,5-15,1.1088238971653452,99,1.1071861365154951,MAP_SCADA,99,0.0016377606498501063
3,UPFC_tsh,5-15,-0.23186387590410268,99,-0.22936906308085359,MAP_SCADA,99,0.002494812823249093
4,UPFC_Vse,5-15,0.06031676127760777,99,0.06027927656029769,MAP_SCADA,99,3.748471731007674e-05
5,UPFC_tse,5-15,-2.153187140622384,99,-2.153859444240261,MAP_SCADA,99,0.0006723036178772901
0,x_tcsc,1-14,-0.1089531511781327,0,-0.13557893144042785,MAP_SCADA,101,0.026625780262295146
1,B_svc,2,0.1897935387956435,0,0.2821765872626029,MAP_SCADA,101,0.09238304846695941
2,UPFC_Vsh,5-15,1.1087431100620921,0,1.1069766100842786,MAP_SCADA,101,0.0017664999778135293
3,UPFC_tsh,5-15,-0.23330975381613128,0,-0.22891919748685946,MAP_SCADA,101,0.004390556329271822
4,UPFC_Vse,5-15,0.059910786553985726,0,0.06113448962428777,MAP_SCADA,101,0.0012237030703020416
5,UPFC_tse,5-15,-2.1617541252362744,0,-2.1549397282416796,MAP_SCADA,101,0.006814396994594851
0,x_tcsc,1-14,-0.111586134031699,1,-0.13557893144042785,MAP_SCADA,101,0.023992797408728853
1,B_svc,2,0.18277825912481013,1,0.2821765872626029,MAP_SCADA,101,0.09939832813779279
2,UPFC_Vsh,5-15,1.1082234287991541,1,1.1069766100842786,MAP_SCADA,101,0.0012468187148755305
3,UPFC_tsh,5-15,-0.23190643054264615,1,-0.22891919748685946,MAP_SCADA,101,0.0029872330557866866
4,UPFC_Vse,5-15,0.06059477305551764,1,0.06113448962428777,MAP_SCADA,101,0.0005397165687701308
5,UPFC_tse,5-15,-2.1540585190564276,1,-2.1549397282416796,MAP_SCADA,101,0.0008812091852519188
0,x_tcsc,1-14,-0.11211395804478234,2,-0.13557893144042785,MAP_SCADA,101,0.023464973395645503
1,B_svc,2,0.1868625727668949,2,0.2821765872626029,MAP_SCADA,101,0.095314014495708
2,UPFC_Vsh,5-15,1.1067411309471762,2,1.1069766100842786,MAP_SCADA,101,0.0002354791371024234
3,UPFC_tsh,5-15,-0.2331739941656229,2,-0.22891919748685946,MAP_SCADA,101,0.0042547966787634395
4,UPFC_Vse,5-15,0.0609363740875178,2,0.06113448962428777,MAP_SCADA,101,0.00019811553676996746
5,UPFC_tse,5-15,-2.152871154024673,2,-2.1549397282416796,MAP_SCADA,101,0.002068574217006347
0,x_tcsc,1-14,-0.11285742257812492,3,-0.13557893144042785,MAP_SCADA,101,0.022721508862302925
1,B_svc,2,0.18539429171333982,3,0.2821765872626029,MAP_SCADA,101,0.0967822955492631
2,UPFC_Vsh,5-15,1.1081386969229026,3,1.1069766100842786,MAP_SCADA,101,0.0011620868386239547
3,UPFC_tsh,5-15,-0.2324863078339946,3,-0.22891919748685946,MAP_SCADA,101,0.0035671103471351384
4,UPFC_Vse,5-15,0.06048900561970597,3,0.06113448962428777,MAP_SCADA,101,0.000645484004581795
5,UPFC_tse,5-15,-2.1551872012743307,3,-2.1549397282416796,MAP_SCADA,101,0.0002474730326511576
0,x_tcsc,1-14,-0.11231476988244248,4,-0.13557893144042785,MAP_SCADA,101,0.02326416155798537
1,B_svc,2,0.18572521980578321,4,0.2821765872626029,MAP_SCADA,101,0.0964513674568197
2,UPFC_Vsh,5-15,1.1056512600233495,4,1.1069766100842786,MAP_SCADA,101,0.0013253500609291535
3,UPFC_tsh,5-15,-0.2338904834461942,4,-0.22891919748685946,MAP_SCADA,101,0.0049712859593347425
4,UPFC_Vse,5-15,0.060121854908355796,4,0.06113448962428777,MAP_SCADA,101,0.0010126347159319718
5,UPFC_tse,5-15,-2.1592578402365357,4,-2.1549397282416796,MAP_SCADA,101,0.0043181119948561
0,x_tcsc,1-14,-0.11178525041785418,5,-0.13557893144042785,MAP_SCADA,101,0.023793681022573662
1,B_svc,2,0.18343692280570392,5,0.2821765872626029,MAP_SCADA,101,0.098739664456899
2,UPFC_Vsh,5-15,1.109880077816995,5,1.1069766100842786,MAP_SCADA,101,0.002903467732716436
3,UPFC_tsh,5-15,-0.2309144059831098,5,-0.22891919748685946,MAP_SCADA,101,0.0019952084962503447
4,UPFC_Vse,5-15,0.0603194722178149,5,0.06113448962428777,MAP_SCADA,101,0.0008150174064728705
5,UPFC_tse,5-15,-2.155318859766885,5,-2.1549397282416796,MAP_SCADA,101,0.00037913152520552273
0,x_tcsc,1-14,-0.11333459791028293,6,-0.13557893144042785,MAP_SCADA,101,0.02224433353014492
1,B_svc,2,0.18041966252582461,6,0.2821765872626029,MAP_SCADA,101,0.1017569247367783
2,UPFC_Vsh,5-15,1.1072648590523495,6,1.1069766100842786,MAP_SCADA,101,0.0002882489680708922
3,UPFC_tsh,5-15,-0.23253037627372858,6,-0.22891919748685946,MAP_SCADA,101,0.003611178786869118
4,UPFC_Vse,5-15,0.0600837156301815,6,0.06113448962428777,MAP_SCADA,101,0.0010507739941062674
5,UPFC_tse,5-15,-2.1559922176239676,6,-2.1549397282416796,MAP_SCADA,101,0.0010524893822880799
0,x_tcsc,1-14,-0.11436276256544746,7,-0.13557893144042785,MAP_SCADA,101,0.021216168874980387
1,B_svc,2,0.17578589143797024,7,0.2821765872626029,MAP_SCADA,101,0.10639069582463268
2,UPFC_Vsh,5-15,1.1090257321918613,7,1.1069766100842786,MAP_SCADA,101,0.0020491221075826793
3,UPFC_tsh,5-15,-0.230752004160547,7,-0.22891919748685946,MAP_SCADA,101,0.0018328066736875426
4,UPFC_Vse,5-15,0.06009782334247497,7,0.06113448962428777,MAP_SCADA,101,0.0010366662818128008
5,UPFC_tse,5-15,-2.1532896030355704,7,-2.1549397282416796,MAP_SCADA,101,0.0016501252061091876
0,x_tcsc,1-14,-0.11346472153441553,8,-0.13557893144042785,MAP_SCADA,101,0.022114209906012317
1,B_svc,2,0.18048286210943015,8,0.2821765872626029,MAP_SCADA,101,0.10169372515317276
2,UPFC_Vsh,5-15,1.108480483695338,8,1.1069766100842786,MAP_SCADA,101,0.0015038736110593032
3,UPFC_tsh,5-15,-0.23109403596665595,8,-0.22891919748685946,MAP_SCADA,101,0.0021748384797964926
4,UPFC_Vse,5-15,0.05989475052534988,8,0.06113448962428777,MAP_SCADA,101,0.0012397390989378893
5,UPFC_tse,5-15,-2.153008952867411,8,-2.1549397282416796,MAP_SCADA,101,0.0019307753742685563
0,x_tcsc,1-14,-0.11177440719091994,9,-0.13557893144042785,MAP_SCADA,101,0.023804524249507908
1,B_svc,2,0.18671012434317674,9,0.2821765872626029,MAP_SCADA,101,0.09546646291942618
2,UPFC_Vsh,5-15,1.1037795807258335,9,1.1069766100842786,MAP_SCADA,101,0.003197029358445125
3,UPFC_tsh,5-15,-0.23448940288511175,9,-0.22891919748685946,MAP_SCADA,101,0.005570205398252287
4,UPFC_Vse,5-15,0.06104008593960212,9,0.06113448962428777,MAP_SCADA,101,9.44036846856483e-05
5,UPFC_tse,5-15,-2.1543496412886083,9,-2.1549397282416796,MAP_SCADA,101,0.0005900869530712782
0,x_tcsc,1-14,-0.11194494997492009,10,-0.13557893144042785,MAP_SCADA,101,0.023633981465507756
1,B_svc,2,0.18561780207658218,10,0.2821765872626029,MAP_SCADA,101,0.09655878518602073
2,UPFC_Vsh,5-15,1.1077955580647714,10,1.1069766100842786,MAP_SCADA,101,0.0008189479804927569
3,UPFC_tsh,5-15,-0.23357350457639295,10,-0.22891919748685946,MAP_SCADA,101,0.004654307089533488
4,UPFC_Vse,5-15,0.06104911978819504,10,0.06113448962428777,MAP_SCADA,101,8.536983609272464e-05
5,UPFC_tse,5-15,-2.1542087215643924,10,-2.1549397282416796,MAP_SCADA,101,0.0007310066772872048
0,x_tcsc,1-14,-0.11144691933862402,11,-0.13557893144042785,MAP_SCADA,101,0.024132012101803824
1,B_svc,2,0.18733135995158337,11,0.2821765872626029,MAP_SCADA,101,0.09484522731101955
2,UPFC_Vsh,5-15,1.106233756598256,11,1.1069766100842786,MAP_SCADA,101,0.0007428534860225433
3,UPFC_tsh,5-15,-0.23400144609007603,11,-0.22891919748685946,MAP_SCADA,101,0.0050822486032165715
4,UPFC_Vse,5-15,0.06022611964382545,11,0.06113448962428777,MAP_SCADA,101,0.0009083699804623147
5,UPFC_tse,5-15,-2.15561983957537,11,-2.1549397282416796,MAP_SCADA,101,0.0006801113336902809
0,x_tcsc,1-14,-0.11335974657529489,12,-0.13557893144042785,MAP_SCADA,101,0.022219184865132954
1,B_svc,2,0.18052980160149132,12,0.2821765872626029,MAP_SCADA,101,0.1016467856611116
2,UPFC_Vsh,5-15,1.1072101395226248,12,1.1069766100842786,MAP_SCADA,101,0.00023352943834620277
3,UPFC_tsh,5-15,-0.23235149981375186,12,-0.22891919748685946,MAP_SCADA,101,0.0034323023268924002
4,UPFC_Vse,5-15,0.06105168575186966,12,0.06113448962428777,MAP_SCADA,101,8.280387241810933e-05
5,UPFC_tse,5-15,-2.1503334819797124,12,-2.1549397282416796,MAP_SCADA,101,0.004606246261967151
0,x_tcsc,1-14,-0.11211623931164033,13,-0.13557893144042785,MAP_SCADA,101,0.023462692128787516
1,B_svc,2,0.18705823005723368,13,0.2821765872626029,MAP_SCADA,101,0.09511835720536924
2,UPFC_Vsh,5-15,1.1059065780904005,13,1.1069766100842786,MAP_SCADA,101,0.0010700319938781178
3,UPFC_tsh,5-15,-0.23398759186968957,13,-0.22891919748685946,MAP_SCADA,101,0.005068394382830105
4,UPFC_Vse,5-15,0.06032973274826177,13,0.06113448962428777,MAP_SCADA,101,0.0008047568760259985
5,UPFC_tse,5-15,-2.1569813122485124,13,-2.1549397282416796,MAP_SCADA,101,0.002041584006832853
0,x_tcsc,1-14,-0.1137714289763915,14,-0.13557893144042785,MAP_SCADA,101,0.021807502464036344
1,B_svc,2,0.1830696590076973,14,0.2821765872626029,MAP_SCADA,101,0.09910692825490561
2,UPFC_Vsh,5-15,1.1082720687885226,14,1.1069766100842786,MAP_SCADA,101,0.001295458704243968
3,UPFC_tsh,5-15,-0.23205392329338764,14,-0.22891919748685946,MAP_SCADA,101,0.0031347258065281824
4,UPFC_Vse,5-15,0.060411104500337556,14,0.06113448962428777,MAP_SCADA,101,0.0007233851239502112
5,UPFC_tse,5-15,-2.1558802644963175,14,-2.1549397282416796,MAP_SCADA,101,0.0009405362546379692
0,x_tcsc,1-14,-0.11331493961116607,15,-0.13557893144042785,MAP_SCADA,101,0.02226399182926178
1,B_svc,2,0.1800813984044449,15,0.2821765872626029,MAP_SCADA,101,0.10209518885815802
2,UPFC_Vsh,5-15,1.107314408698073,15,1.1069766100842786,MAP_SCADA,101,0.00033779861379445997
3,UPFC_tsh,5-15,-0.23205643090968373,15,-0.22891919748685946,MAP_SCADA,101,0.003137233422824265
4,UPFC_Vse,5-15,0.059873090964751116,15,0.06113448962428777,MAP_SCADA,101,0.0012613986595366514
5,UPFC_tse,5-15,-2.155007128440672,15,-2.1549397282416796,MAP_SCADA,101,6.740019899265093e-05
0,x_tcsc,1-14,-0.1122306884762184,16,-0.13557893144042785,MAP_SCADA,101,0.023348242964209454
1,B_svc,2,0.18775249902392893,16,0.2821765872626029,MAP_SCADA,101,0.09442408823867399
2,UPFC_Vsh,5-15,1.1049647892610377,16,1.1069766100842786,MAP_SCADA,101,0.0020118208232409174
3,UPFC_tsh,5-15,-0.2330079098466535,16,-0.22891919748685946,MAP_SCADA,101,0.00408871235979405
4,UPFC_Vse,5-15,0.06113724250918414,16,0.06113448962428777,MAP_SCADA,101,2.7528848963731534e-06
5,UPFC_tse,5-15,-2.157423881875138,16,-2.1549397282416796,MAP_SCADA,101,0.0024841536334583303
0,x_tcsc,1-14,-0.11263036020353481,17,-0.13557893144042785,MAP_SCADA,101,0.022948571236893034
1,B_svc,2,0.1817837233928617,17,0.2821765872626029,MAP_SCADA,101,0.10039286386974122
2,UPFC_Vsh,5-15,1.1084114438149966,17,1.1069766100842786,MAP_SCADA,101,0.0014348337307179548
3,UPFC_tsh,5-15,-0.23144867598779334,17,-0.22891919748685946,MAP_SCADA,101,0.0025294785009338794
4,UPFC_Vse,5-15,0.060318116756721364,17,0.06113448962428777,MAP_SCADA,101,0.0008163728675664034
5,UPFC_tse,5-15,-2.153541067371644,17,-2.1549397282416796,MAP_SCADA,101,0.0013986608700355951
0,x_tcsc,1-14,-0.1123168833646532,18,-0.13557893144042785,MAP_SCADA,101,0.023262048075774644
1,B_svc,2,0.18114343012589246,18,0.2821765872626029,MAP_SCADA,101,0.10103315713671046
2,UPFC_Vsh,5-15,1.108076754568016,18,1.1069766100842786,MAP_SCADA,101,0.0011001444837372976
3,UPFC_tsh,5-15,-0.2320082068359299,18,-0.22891919748685946,MAP_SCADA,101,0.003089009349070443
4,UPFC_Vse,5-15,0.06041732067962146,18,0.06113448962428777,MAP_SCADA,101,0.0007171689446663077
5,UPFC_tse,5-15,-2.1552625136309573,18,-2.1549397282416796,MAP_SCADA,101,0.0003227853892777688
0,x_tcsc,1-14,-0.11164424108868416,19,-0.13557893144042785,MAP_SCADA,101,0.023934690351743684
1,B_svc,2,0.18040424893429052,19,0.2821765872626029,MAP_SCADA,101,0.1017723383283124
2,UPFC_Vsh,5-15,1.108871364654878,19,1.1069766100842786,MAP_SCADA,101,0.0018947545705993996
3,UPFC_tsh,5-15,-0.2324105075658558,19,-0.22891919748685946,MAP_SCADA,101,0.0034913100789963347
4,UPFC_Vse,5-15,0.061155322165232597,19,0.06113448962428777,MAP_SCADA,101,2.0832540944829003e-05
5,UPFC_tse,5-15,-2.154669972733158,19,-2.1549397282416796,MAP_SCADA,101,0.0002697555085213743
0,x_tcsc,1-14,-0.11274782327049446,20,-0.13557893144042785,MAP_SCADA,101,0.02283110816993339
1,B_svc,2,0.18459454920584656,20,0.2821765872626029,MAP_SCADA,101,0.09758203805675636
2,UPFC_Vsh,5-15,1.108006286307207,20,1.1069766100842786,MAP_SCADA,101,0.0010296762229284884
3,UPFC_tsh,5-15,-0.23191990543603197,20,-0.22891919748685946,MAP_SCADA,101,0.0030007079491725097
4,UPFC_Vse,5-15,0.06008050852103739,20,0.06113448962428777,MAP_SCADA,101,0.001053981103250376
5,UPFC_tse,5-15,-2.1567097345688575,20,-2.1549397282416796,MAP_SCADA,101,0.001770006327177942
0,x_tcsc,1-14,-0.11169414259952308,21,-0.13557893144042785,MAP_SCADA,101,0.023884788840904767
1,B_svc,2,0.1857776632719838,21,0.2821765872626029,MAP_SCADA,101,0.09639892399061911
2,UPFC_Vsh,5-15,1.108184785877071,21,1.1069766100842786,MAP_SCADA,101,0.0012081757927924208
3,UPFC_tsh,5-15,-0.23273179667649846,21,-0.22891919748685946,MAP_SCADA,101,0.003812599189638999
4,UPFC_Vse,5-15,0.05992770845896655,21,0.06113448962428777,MAP_SCADA,101,0.001206781165321219
5,UPFC_tse,5-15,-2.1568349329799426,21,-2.1549397282416796,MAP_SCADA,101,0.00189520473826299
0,x_tcsc,1-14,-0.11260572090998863,22,-0.13557893144042785,MAP_SCADA,101,0.022973210530439214
1,B_svc,2,0.18071338323253047,22,0.2821765872626029,MAP_SCADA,101,0.10146320403007245
2,UPFC_Vsh,5-15,1.106722196604619,22,1.1069766100842786,MAP_SCADA,101,0.0002544134796595987
3,UPFC_tsh,5-15,-0.23240057224166638,22,-0.22891919748685946,MAP_SCADA,101,0.0034813747548069207
4,UPFC_Vse,5-15,0.059859672432762606,22,0.06113448962428777,MAP_SCADA,101,0.0012748171915251613
5,UPFC_tse,5-15,-2.1554046999392504,22,-2.1549397282416796,MAP_SCADA,101,0.00046497169757087065
0,x_tcsc,1-14,-0.10863106555895048,23,-0.13557893144042785,MAP_SCADA,101,0.026947865881477365
1,B_svc,2,0.19440583723342642,23,0.2821765872626029,MAP_SCADA,101,0.0877707500291765
2,UPFC_Vsh,5-15,1.1056047474826858,23,1.1069766100842786,MAP_SCADA,101,0.0013718626015928326
3,UPFC_tsh,5-15,-0.23553602350049807,23,-0.22891919748685946,MAP_SCADA,101,0.00661682601363861
4,UPFC_Vse,5-15,0.06062491232048908,23,0.06113448962428777,MAP_SCADA,101,0.0005095773037986848
5,UPFC_tse,5-15,-2.1604370235879395,23,-2.1549397282416796,MAP_SCADA,101,0.005497295346259978
0,x_tcsc,1-14,-0.11358461640106417,24,-0.13557893144042785,MAP_SCADA,101,0.02199431503936368
1,B_svc,2,0.17847299555661278,24,0.2821765872626029,MAP_SCADA,101,0.10370359170599014
2,UPFC_Vsh,5-15,1.1077453708357268,24,1.1069766100842786,MAP_SCADA,101,0.0007687607514481609
3,UPFC_tsh,5-15,-0.23118967241909189,24,-0.22891919748685946,MAP_SCADA,101,0.0022704749322324247
4,UPFC_Vse,5-15,0.06001689749729636,24,0.06113448962428777,MAP_SCADA,101,0.001117592126991404
5,UPFC_tse,5-15,-2.1543010736861428,24,-2.1549397282416796,MAP_SCADA,101,0.0006386545555367995
0,x_tcsc,1-14,-0.11320004043012336,25,-0.13557893144042785,MAP_SCADA,101,0.02237889101030449
1,B_svc,2,0.17941167260829785,25,0.2821765872626029,MAP_SCADA,101,0.10276491465430507
2,UPFC_Vsh,5-15,1.1101974435380184,25,1.1069766100842786,MAP_SCADA,101,0.003220833453739802
3,UPFC_tsh,5-15,-0.23031717049236608,25,-0.22891919748685946,MAP_SCADA,101,0.0013979730055066197
4,UPFC_Vse,5-15,0.05996830578511454,25,0.06113448962428777,MAP_SCADA,101,0.0011661838391732252
5,UPFC_tse,5-15,-2.1553668754708863,25,-2.1549397282416796,MAP_SCADA,101,0.0004271472292067813
0,x_tcsc,1-14,-0.11212214964649692,26,-0.13557893144042785,MAP_SCADA,101,0.02345678179393093
1,B_svc,2,0.1816223075761155,26,0.2821765872626029,MAP_SCADA,101,0.10055427968648742
2,UPFC_Vsh,5-15,1.1082064053681402,26,1.1069766100842786,MAP_SCADA,101,0.0012297952838615789
3,UPFC_tsh,5-15,-0.23179014857039898,26,-0.22891919748685946,MAP_SCADA,101,0.002870951083539519
4,UPFC_Vse,5-15,0.060238724303090414,26,0.06113448962428777,MAP_SCADA,101,0.0008957653211973532
5,UPFC_tse,5-15,-2.1599186635184866,26,-2.1549397282416796,MAP_SCADA,101,0.004978935276807039
0,x_tcsc,1-14,-0.11119204081336112,27,-0.13557893144042785,MAP_SCADA,101,0.024386890627066726
1,B_svc,2,0.1842705258074126,27,0.2821765872626029,MAP_SCADA,101,0.09790606145519032
2,UPFC_Vsh,5-15,1.1059116452390325,27,1.1069766100842786,MAP_SCADA,101,0.001064964845246097
3,UPFC_tsh,5-15,-0.23295759170996305,27,-0.22891919748685946,MAP_SCADA,101,0.004038394223103592
4,UPFC_Vse,5-15,0.06053072554552834,27,0.06113448962428777,MAP_SCADA,101,0.0006037640787594292
5,UPFC_tse,5-15,-2.1561425446031106,27,-2.1549397282416796,MAP_SCADA,101,0.0012028163614310472
0,x_tcsc,1-14,-0.11078516593243308,28,-0.13557893144042785,MAP_SCADA,101,0.024793765507994767
1,B_svc,2,0.1862073014298553,28,0.2821765872626029,MAP_SCADA,101,0.09596928583274761
2,UPFC_Vsh,5-15,1.105306562887327,28,1.1069766100842786,MAP_SCADA,101,0.0016700471969515185
3,UPFC_tsh,5-15,-0.2340897760936502,28,-0.22891919748685946,MAP_SCADA,101,0.005170578606790738
4,UPFC_Vse,5-15,0.06031540260348843,28,0.06113448962428777,MAP_SCADA,101,0.0008190870207993375
5,UPFC_tse,5-15,-2.159848933017864,28,-2.1549397282416796,MAP_SCADA,101,0.004909204776184506
0,x_tcsc,1-14,-0.11114633594373284,29,-0.13557893144042785,MAP_SCADA,101,0.024432595496695006
1,B_svc,2,0.18515795790093445,29,0.2821765872626029,MAP_SCADA,101,0.09701862936166847
2,UPFC_Vsh,5-15,1.1077676810944392,29,1.1069766100842786,MAP_SCADA,101,0.0007910710101606266
3,UPFC_tsh,5-15,-0.2328826952361252,29,-0.22891919748685946,MAP_SCADA,101,0.003963497749265743
4,UPFC_Vse,5-15,0.06039577683997066,29,0.06113448962428777,MAP_SCADA,101,0.0007387127843171068
5,UPFC_tse,5-15,-2.155335140690537,29,-2.1549397282416796,MAP_SCADA,101,0.0003954124488574351
0,x_tcsc,1-14,-0.11216068815257503,30,-0.13557893144042785,MAP_SCADA,101,0.023418243287852816
1,B_svc,2,0.17704446044748634,30,0.2821765872626029,MAP_SCADA,101,0.10513212681511658
2,UPFC_Vsh,5-15,1.109683072820936,30,1.1069766100842786,MAP_SCADA,101,0.0027064627366573113
3,UPFC_tsh,5-15,-0.23174778760842352,30,-0.22891919748685946,MAP_SCADA,101,0.0028285901215640563
4,UPFC_Vse,5-15,0.06019310784890161,30,0.06113448962428777,MAP_SCADA,101,0.0009413817753861561
5,UPFC_tse,5-15,-2.1564072150031643,30,-2.1549397282416796,MAP_SCADA,101,0.001467486761484782
0,x_tcsc,1-14,-0.11251342636674841,31,-0.13557893144042785,MAP_SCADA,101,0.023065505073679438
1,B_svc,2,0.1831099893073962,31,0.2821765872626029,MAP_SCADA,101,0.09906659795520673
2,UPFC_Vsh,5-15,1.1078159760395527,31,1.1069766100842786,MAP_SCADA,101,0.0008393659552741184
3,UPFC_tsh,5-15,-0.23189856588754654,31,-0.22891919748685946,MAP_SCADA,101,0.002979368400687077
4,UPFC_Vse,5-15,0.06007672510263565,31,0.06113448962428777,MAP_SCADA,101,0.00105776452165212
5,UPFC_tse,5-15,-2.1587524619933207,31,-2.1549397282416796,MAP_SCADA,101,0.003812733751641151
0,x_tcsc,1-14,-0.10935089542807824,32,-0.13557893144042785,MAP_SCADA,101,0.026228036012349604
1,B_svc,2,0.18873592910746403,32,0.2821765872626029,MAP_SCADA,101,0.09344065815513888
2,UPFC_Vsh,5-15,1.109038949726816,32,1.1069766100842786,MAP_SCADA,101,0.0020623396425374363
3,UPFC_tsh,5-15,-0.2330027710688704,32,-0.22891919748685946,MAP_SCADA,101,0.0040835735820109464
4,UPFC_Vse,5-15,0.05985014716756717,32,0.06113448962428777,MAP_SCADA,101,0.0012843424567205997
5,UPFC_tse,5-15,-2.1617669058380433,32,-2.1549397282416796,MAP_SCADA,101,0.006827177596363754
0,x_tcsc,1-14,-0.11132959920201867,33,-0.13557893144042785,MAP_SCADA,101,0.02424933223840918
1,B_svc,2,0.18595327212098606,33,0.2821765872626029,MAP_SCADA,101,0.09622331514161686
2,UPFC_Vsh,5-15,1.108084565723442,33,1.1069766100842786,MAP_SCADA,101,0.0011079556391633272
3,UPFC_tsh,5-15,-0.2321353180308911,33,-0.22891919748685946,MAP_SCADA,101,0.003216120544031642
4,UPFC_Vse,5-15,0.06002017416798528,33,0.06113448962428777,MAP_SCADA,101,0.0011143154563024865
5,UPFC_tse,5-15,-2.157033850389164,33,-2.1549397282416796,MAP_SCADA,101,0.0020941221474846117
0,x_tcsc,1-14,-0.11034198001640978,34,-0.13557893144042785,MAP_SCADA,101,0.025236951424018064
1,B_svc,2,0.18678599517759245,34,0.2821765872626029,MAP_SCADA,101,0.09539059208501047
2,UPFC_Vsh,5-15,1.1085563560496479,34,1.1069766100842786,MAP_SCADA,101,0.0015797459653692503
3,UPFC_tsh,5-15,-0.23312360340740504,34,-0.22891919748685946,MAP_SCADA,101,0.004204405920545579
4,UPFC_Vse,5-15,0.060366956294376876,34,0.06113448962428777,MAP_SCADA,101,0.0007675333299108911
5,UPFC_tse,5-15,-2.1581320522383804,34,-2.1549397282416796,MAP_SCADA,101,0.0031923239967008854
0,x_tcsc,1-14,-0.11311317898577221,35,-0.13557893144042785,MAP_SCADA,101,0.022465752454655638
1,B_svc,2,0.18325163162252295,35,0.2821765872626029,MAP_SCADA,101,0.09892495564007997
2,UPFC_Vsh,5-15,1.1098842983230832,35,1.1069766100842786,MAP_SCADA,101,0.0029076882388046066
3,UPFC_tsh,5-15,-0.23130759162507253,35,-0.22891919748685946,MAP_SCADA,101,0.002388394138213068
4,UPFC_Vse,5-15,0.06016391902929492,35,0.06113448962428777,MAP_SCADA,101,0.0009705705949928506
5,UPFC_tse,5-15,-2.1548243799234137,35,-2.1549397282416796,MAP_SCADA,101,0.00011534831826587322
0,x_tcsc,1-14,-0.1149720819539307,36,-0.13557893144042785,MAP_SCADA,101,0.020606849486497145
1,B_svc,2,0.1750447967126657,36,0.2821765872626029,MAP_SCADA,101,0.10713179054993721
2,UPFC_Vsh,5-15,1.1102778223388667,36,1.1069766100842786,MAP_SCADA,101,0.003301212254588126
3,UPFC_tsh,5-15,-0.22961423202170334,36,-0.22891919748685946,MAP_SCADA,101,0.0006950345348438747
4,UPFC_Vse,5-15,0.060175439493694916,36,0.06113448962428777,MAP_SCADA,101,0.000959050130592852
5,UPFC_tse,5-15,-2.1527252492944804,36,-2.1549397282416796,MAP_SCADA,101,0.002214478947199172
0,x_tcsc,1-14,-0.1135383168444,37,-0.13557893144042785,MAP_SCADA,101,0.022040614596027852
1,B_svc,2,0.1808875627066663,37,0.2821765872626029,MAP_SCADA,101,0.10128902455593661
2,UPFC_Vsh,5-15,1.1097833398341765,37,1.1069766100842786,MAP_SCADA,101,0.0028067297498979293
3,UPFC_tsh,5-15,-0.2306731020068669,37,-0.22891919748685946,MAP_SCADA,101,0.0017539045200074266
4,UPFC_Vse,5-15,0.059604765997265136,37,0.06113448962428777,MAP_SCADA,101,0.001529723627022632
5,UPFC_tse,5-15,-2.1598551334837475,37,-2.1549397282416796,MAP_SCADA,101,0.004915405242067905
0,x_tcsc,1-14,-0.11241197576694792,38,-0.13557893144042785,MAP_SCADA,101,0.023166955673479928
1,B_svc,2,0.18139884194193798,38,0.2821765872626029,MAP_SCADA,101,0.10077774532066494
2,UPFC_Vsh,5-15,1.1092926368032598,38,1.1069766100842786,MAP_SCADA,101,0.0023160267189812345
3,UPFC_tsh,5-15,-0.23168033003577468,38,-0.22891919748685946,MAP_SCADA,101,0.0027611325489152183
4,UPFC_Vse,5-15,0.06042739705196942,38,0.06113448962428777,MAP_SCADA,101,0.0007070925723183449
5,UPFC_tse,5-15,-2.150262573934795,38,-2.1549397282416796,MAP_SCADA,101,0.0046771543068846455
0,x_tcsc,1-14,-0.11336627208444718,39,-0.13557893144042785,MAP_SCADA,101,0.02221265935598067
1,B_svc,2,0.1824406965904449,39,0.2821765872626029,MAP_SCADA,101,0.09973589067215802
2,UPFC_Vsh,5-15,1.109450803391796,39,1.1069766100842786,MAP_SCADA,101,0.002474193307517414
3,UPFC_tsh,5-15,-0.23110270791873322,39,-0.22891919748685946,MAP_SCADA,101,0.0021835104318737586
4,UPFC_Vse,5-15,0.06015947124209428,39,0.06113448962428777,MAP_SCADA,101,0.0009750183821934863
5,UPFC_tse,5-15,-2.1525195949795397,39,-2.1549397282416796,MAP_SCADA,101,0.0024201332621398564
0,x_tcsc,1-14,-0.11449781928869908,40,-0.13557893144042785,MAP_SCADA,101,0.021081112151728768
1,B_svc,2,0.17698963311880708,40,0.2821765872626029,MAP_SCADA,101,0.10518695414379584
2,UPFC_Vsh,5-15,1.1099220982081328,40,1.1069766100842786,MAP_SCADA,101,0.0029454881238542008
3,UPFC_tsh,5-15,-0.23127461686611703,40,-0.22891919748685946,MAP_SCADA,101,0.0023554193792575673
4,UPFC_Vse,5-15,0.060217625795988015,40,0.06113448962428777,MAP_SCADA,101,0.0009168638282997521
5,UPFC_tse,5-15,-2.1504069037421822,40,-2.1549397282416796,MAP_SCADA,101,0.004532824499497323
0,x_tcsc,1-14,-0.11093572745407543,41,-0.13557893144042785,MAP_SCADA,101,0.02464320398635242
1,B_svc,2,0.18531896959267724,41,0.2821765872626029,MAP_SCADA,101,0.09685761766992568
2,UPFC_Vsh,5-15,1.108434994048722,41,1.1069766100842786,MAP_SCADA,101,0.0014583839644433105
3,UPFC_tsh,5-15,-0.233408373060217,41,-0.22891919748685946,MAP_SCADA,101,0.00448917557335754
4,UPFC_Vse,5-15,0.060499846182725275,41,0.06113448962428777,MAP_SCADA,101,0.0006346434415624921
5,UPFC_tse,5-15,-2.1601069645717934,41,-2.1549397282416796,MAP_SCADA,101,0.005167236330113845
0,x_tcsc,1-14,-0.11147761500004855,42,-0.13557893144042785,MAP_SCADA,101,0.0241013164403793
1,B_svc,2,0.18730903475163513,42,0.2821765872626029,MAP_SCADA,101,0.09486755251096779
2,UPFC_Vsh,5-15,1.1074933658695576,42,1.1069766100842786,MAP_SCADA,101,0.0005167557852789884
3,UPFC_tsh,5-15,-0.23274285808599332,42,-0.22891919748685946,MAP_SCADA,101,0.00382366059913386
4,UPFC_Vse,5-15,0.06046335877714539,42,0.06113448962428777,MAP_SCADA,101,0.000671130847142376
5,UPFC_tse,5-15,-2.154540752922178,42,-2.1549397282416796,MAP_SCADA,101,0.0003989753195017265
0,x_tcsc,1-14,-0.11305657612109273,43,-0.13557893144042785,MAP_SCADA,101,0.02252235531933512
1,B_svc,2,0.1792216928206034,43,0.2821765872626029,MAP_SCADA,101,0.10295489444199951
2,UPFC_Vsh,5-15,1.1100005386855296,43,1.1069766100842786,MAP_SCADA,101,0.0030239286012510025
3,UPFC_tsh,5-15,-0.23036578137282954,43,-0.22891919748685946,MAP_SCADA,101,0.0014465838859700764
4,UPFC_Vse,5-15,0.06057910375371149,43,0.06113448962428777,MAP_SCADA,101,0.0005553858705762763
5,UPFC_tse,5-15,-2.1561589997097914,43,-2.1549397282416796,MAP_SCADA,101,0.0012192714681118488
0,x_tcsc,1-14,-0.11207535639674679,44,-0.13557893144042785,MAP_SCADA,101,0.023503575043681058
1,B_svc,2,0.1846858498020382,44,0.2821765872626029,MAP_SCADA,101,0.09749073746056472
2,UPFC_Vsh,5-15,1.1077601535326256,44,1.1069766100842786,MAP_SCADA,101,0.0007835434483469683
3,UPFC_tsh,5-15,-0.23261638863089268,44,-0.22891919748685946,MAP_SCADA,101,0.0036971911440332184
4,UPFC_Vse,5-15,0.06047525859342069,44,0.06113448962428777,MAP_SCADA,101,0.000659231030867076
5,UPFC_tse,5-15,-2.154046429528506,44,-2.1549397282416796,MAP_SCADA,101,0.0008932987131737846
0,x_tcsc,1-14,-0.11375431081784133,45,-0.13557893144042785,MAP_SCADA,101,0.021824620622586513
1,B_svc,2,0.17477818719938254,45,0.2821765872626029,MAP_SCADA,101,0.10739840006322038
2,UPFC_Vsh,5-15,1.1093197165452422,45,1.1069766100842786,MAP_SCADA,101,0.0023431064609635843
3,UPFC_tsh,5-15,-0.23071303918734726,45,-0.22891919748685946,MAP_SCADA,101,0.0017938417004877971
4,UPFC_Vse,5-15,0.06014026459677954,45,0.06113448962428777,MAP_SCADA,101,0.0009942250275082262
5,UPFC_tse,5-15,-2.15388812615601,45,-2.1549397282416796,MAP_SCADA,101,0.0010516020856696784
0,x_tcsc,1-14,-0.11310434548909658,46,-0.13557893144042785,MAP_SCADA,101,0.02247458595133127
1,B_svc,2,0.17866334359157365,46,0.2821765872626029,MAP_SCADA,101,0.10351324367102926
2,UPFC_Vsh,5-15,1.108715174743999,46,1.1069766100842786,MAP_SCADA,101,0.001738564659720332
3,UPFC_tsh,5-15,-0.23114836154528098,46,-0.22891919748685946,MAP_SCADA,101,0.0022291640584215233
4,UPFC_Vse,5-15,0.060340846612470904,46,0.06113448962428777,MAP_SCADA,101,0.0007936430118168636
5,UPFC_tse,5-15,-2.155077590767528,46,-2.1549397282416796,MAP_SCADA,101,0.0001378625258485755
0,x_tcsc,1-14,-0.1126163685304988,47,-0.13557893144042785,MAP_SCADA,101,0.02296256290992904
1,B_svc,2,0.1826820223153454,47,0.2821765872626029,MAP_SCADA,101,0.09949456494725753
2,UPFC_Vsh,5-15,1.1078508671343414,47,1.1069766100842786,MAP_SCADA,101,0.0008742570500628322
3,UPFC_tsh,5-15,-0.23195436112425402,47,-0.22891919748685946,MAP_SCADA,101,0.003035163637394561
4,UPFC_Vse,5-15,0.06005427570146322,47,0.06113448962428777,MAP_SCADA,101,0.0010802139228245494
5,UPFC_tse,5-15,-2.149004765473707,47,-2.1549397282416796,MAP_SCADA,101,0.0059349627679727845
0,x_tcsc,1-14,-0.11202393736720709,48,-0.13557893144042785,MAP_SCADA,101,0.02355499407322076
1,B_svc,2,0.18197032083453404,48,0.2821765872626029,MAP_SCADA,101,0.10020626642806887
2,UPFC_Vsh,5-15,1.1088869066003255,48,1.1069766100842786,MAP_SCADA,101,0.0019102965160469054
3,UPFC_tsh,5-15,-0.23173744296455784,48,-0.22891919748685946,MAP_SCADA,101,0.002818245477698378
4,UPFC_Vse,5-15,0.06064179275722406,48,0.06113448962428777,MAP_SCADA,101,0.0004926968670637064
5,UPFC_tse,5-15,-2.1579971846390347,48,-2.1549397282416796,MAP_SCADA,101,0.003057456397355107
0,x_tcsc,1-14,-0.11301190854144895,49,-0.13557893144042785,MAP_SCADA,101,0.022567022898978897
1,B_svc,2,0.1826769526565768,49,0.2821765872626029,MAP_SCADA,101,0.09949963460602612
2,UPFC_Vsh,5-15,1.10911972473425,49,1.1069766100842786,MAP_SCADA,101,0.0021431146499713005
3,UPFC_tsh,5-15,-0.23197494578688546,49,-0.22891919748685946,MAP_SCADA,101,0.003055748300026001
4,UPFC_Vse,5-15,0.06039511975662008,49,0.06113448962428777,MAP_SCADA,101,0.0007393698676676844
5,UPFC_tse,5-15,-2.159769366853597,49,-2.1549397282416796,MAP_SCADA,101,0.004829638611917542
0,x_tcsc,1-14,-0.11232464740583507,50,-0.13557893144042785,MAP_SCADA,101,0.023254284034592773
1,B_svc,2,0.1804661933096819,50,0.2821765872626029,MAP_SCADA,101,0.10171039395292103
2,UPFC_Vsh,5-15,1.1082997050473367,50,1.1069766100842786,MAP_SCADA,101,0.0013230949630580469
3,UPFC_tsh,5-15,-0.23223059620849504,50,-0.22891919748685946,MAP_SCADA,101,0.003311398721635578
4,UPFC_Vse,5-15,0.060382776568446615,50,0.06113448962428777,MAP_SCADA,101,0.0007517130558411522
5,UPFC_tse,5-15,-2.15506436388257,50,-2.1549397282416796,MAP_SCADA,101,0.00012463564089060242
0,x_tcsc,1-14,-0.11361562540832322,51,-0.13557893144042785,MAP_SCADA,101,0.021963306032104626
1,B_svc,2,0.17885922469653856,51,0.2821765872626029,MAP_SCADA,101,0.10331736256606436
2,UPFC_Vsh,5-15,1.1070689001567269,51,1.1069766100842786,MAP_SCADA,101,9.229007244826448e-05
3,UPFC_tsh,5-15,-0.2321065832889006,51,-0.22891919748685946,MAP_SCADA,101,0.0031873858020411427
4,UPFC_Vse,5-15,0.06052340155011435,51,0.06113448962428777,MAP_SCADA,101,0.0006110880741734201
5,UPFC_tse,5-15,-2.1551682308222206,51,-2.1549397282416796,MAP_SCADA,101,0.00022850258054107897
0,x_tcsc,1-14,-0.10848351521084021,52,-0.13557893144042785,MAP_SCADA,101,0.027095416229587638
1,B_svc,2,0.19662177475265205,52,0.2821765872626029,MAP_SCADA,101,0.08555481250995087
2,UPFC_Vsh,5-15,1.1078003615348868,52,1.1069766100842786,MAP_SCADA,101,0.0008237514506082011
3,UPFC_tsh,5-15,-0.23401474328945562,52,-0.22891919748685946,MAP_SCADA,101,0.005095545802596163
4,UPFC_Vse,5-15,0.06035505211035941,52,0.06113448962428777,MAP_SCADA,101,0.0007794375139283591
5,UPFC_tse,5-15,-2.160186956663391,52,-2.1549397282416796,MAP_SCADA,101,0.005247228421711547
0,x_tcsc,1-14,-0.11302618824924493,53,-0.13557893144042785,MAP_SCADA,101,0.022552743191182917
1,B_svc,2,0.1855528678668657,53,0.2821765872626029,MAP_SCADA,101,0.09662371939573722
2,UPFC_Vsh,5-15,1.106401917745756,53,1.1069766100842786,MAP_SCADA,101,0.0005746923385225866
3,UPFC_tsh,5-15,-0.23299677621338608,53,-0.22891919748685946,MAP_SCADA,101,0.004077578726526615
4,UPFC_Vse,5-15,0.06025677125495774,53,0.06113448962428777,MAP_SCADA,101,0.0008777183693300245
5,UPFC_tse,5-15,-2.1530014389473546,53,-2.1549397282416796,MAP_SCADA,101,0.0019382892943249352
0,x_tcsc,1-14,-0.10992588267449988,54,-0.13557893144042785,MAP_SCADA,101,0.02565304876592797
1,B_svc,2,0.18850845278962525,54,0.2821765872626029,MAP_SCADA,101,0.09366813447297767
2,UPFC_Vsh,5-15,1.1080263661691967,54,1.1069766100842786,MAP_SCADA,101,0.0010497560849180854
3,UPFC_tsh,5-15,-0.2334353156834582,54,-0.22891919748685946,MAP_SCADA,101,0.004516118196598751
4,UPFC_Vse,5-15,0.060702502198160174,54,0.06113448962428777,MAP_SCADA,101,0.0004319874261275933
5,UPFC_tse,5-15,-2.159140326809645,54,-2.1549397282416796,MAP_SCADA,101,0.004200598567965397
0,x_tcsc,1-14,-0.11090856933726283,55,-0.13557893144042785,MAP_SCADA,101,0.02467036210316502
1,B_svc,2,0.18390305521965483,55,0.2821765872626029,MAP_SCADA,101,0.09827353204294809
2,UPFC_Vsh,5-15,1.105779728191416,55,1.1069766100842786,MAP_SCADA,101,0.0011968818928627112
3,UPFC_tsh,5-15,-0.23355893281144285,55,-0.22891919748685946,MAP_SCADA,101,0.004639735324583394
4,UPFC_Vse,5-15,0.06052711291959248,55,0.06113448962428777,MAP_SCADA,101,0.000607376704695288
5,UPFC_tse,5-15,-2.1596477295296808,55,-2.1549397282416796,MAP_SCADA,101,0.004708001288001196
0,x_tcsc,1-14,-0.11295801478895467,56,-0.13557893144042785,MAP_SCADA,101,0.022620916651473172
1,B_svc,2,0.18145367109197516,56,0.2821765872626029,MAP_SCADA,101,0.10072291617062776
2,UPFC_Vsh,5-15,1.108183062115895,56,1.1069766100842786,MAP_SCADA,101,0.0012064520316164007
3,UPFC_tsh,5-15,-0.23276754175977452,56,-0.22891919748685946,MAP_SCADA,101,0.003848344272915055
4,UPFC_Vse,5-15,0.060201074271315824,56,0.06113448962428777,MAP_SCADA,101,0.0009334153529719433
5,UPFC_tse,5-15,-2.1541185297160985,56,-2.1549397282416796,MAP_SCADA,101,0.0008211985255810461
0,x_tcsc,1-14,-0.11331549764469787,57,-0.13557893144042785,MAP_SCADA,101,0.02226343379572998
1,B_svc,2,0.18113549787680508,57,0.2821765872626029,MAP_SCADA,101,0.10104108938579784
2,UPFC_Vsh,5-15,1.1080297025810695,57,1.1069766100842786,MAP_SCADA,101,0.001053092496790864
3,UPFC_tsh,5-15,-0.2318175980644757,57,-0.22891919748685946,MAP_SCADA,101,0.002898400577616228
4,UPFC_Vse,5-15,0.05974123277280337,57,0.06113448962428777,MAP_SCADA,101,0.0013932568514843993
5,UPFC_tse,5-15,-2.1568552925009024,57,-2.1549397282416796,MAP_SCADA,101,0.0019155642592227906
0,x_tcsc,1-14,-0.11259592447870835,58,-0.13557893144042785,MAP_SCADA,101,0.022983006961719496
1,B_svc,2,0.1855124996650732,58,0.2821765872626029,MAP_SCADA,101,0.09666408759752973
2,UPFC_Vsh,5-15,1.1041639179721214,58,1.1069766100842786,MAP_SCADA,101,0.002812692112157178
3,UPFC_tsh,5-15,-0.2337457779457213,58,-0.22891919748685946,MAP_SCADA,101,0.004826580458861834
4,UPFC_Vse,5-15,0.060641571824637475,58,0.06113448962428777,MAP_SCADA,101,0.0004929177996502929
5,UPFC_tse,5-15,-2.1560231945507224,58,-2.1549397282416796,MAP_SCADA,101,0.0010834663090428798
0,x_tcsc,1-14,-0.11286231559448634,59,-0.13557893144042785,MAP_SCADA,101,0.022716615845941507
1,B_svc,2,0.1817952967432671,59,0.2821765872626029,MAP_SCADA,101,0.10038129051933581
2,UPFC_Vsh,5-15,1.108691902973475,59,1.1069766100842786,MAP_SCADA,101,0.0017152928891963626
3,UPFC_tsh,5-15,-0.23184199738940517,59,-0.22891919748685946,MAP_SCADA,101,0.0029227999025457085
4,UPFC_Vse,5-15,0.060454713383064476,59,0.06113448962428777,MAP_SCADA,101,0.0006797762412232913
5,UPFC_tse,5-15,-2.15495703243471,59,-2.1549397282416796,MAP_SCADA,101,1.7304193030476256e-05
0,x_tcsc,1-14,-0.1125451676959699,60,-0.13557893144042785,MAP_SCADA,101,0.023033763744457952
1,B_svc,2,0.18446213206889514,60,0.2821765872626029,MAP_SCADA,101,0.09771445519370778
2,UPFC_Vsh,5-15,1.108050671247431,60,1.1069766100842786,MAP_SCADA,101,0.00107406116315234
3,UPFC_tsh,5-15,-0.2323091987208775,60,-0.22891919748685946,MAP_SCADA,101,0.0033900012340180308
4,UPFC_Vse,5-15,0.06027242282692596,60,0.06113448962428777,MAP_SCADA,101,0.0008620667973618101
5,UPFC_tse,5-15,-2.1526136198908206,60,-2.1549397282416796,MAP_SCADA,101,0.002326108350859002
0,x_tcsc,1-14,-0.11410481713499057,61,-0.13557893144042785,MAP_SCADA,101,0.021474114305437275
1,B_svc,2,0.17972519930177294,61,0.2821765872626029,MAP_SCADA,101,0.10245138796082998
2,UPFC_Vsh,5-15,1.1062344025143551,61,1.1069766100842786,MAP_SCADA,101,0.000742207569923492
3,UPFC_tsh,5-15,-0.23187134686501007,61,-0.22891919748685946,MAP_SCADA,101,0.002952149378150609
4,UPFC_Vse,5-15,0.06071318870310169,61,0.06113448962428777,MAP_SCADA,101,0.00042130092118607826
5,UPFC_tse,5-15,-2.1542601835848503,61,-2.1549397282416796,MAP_SCADA,101,0.0006795446568292896
0,x_tcsc,1-14,-0.1115933269007217,62,-0.13557893144042785,MAP_SCADA,101,0.02398560453970615
1,B_svc,2,0.18400213468782292,62,0.2821765872626029,MAP_SCADA,101,0.09817445257478
2,UPFC_Vsh,5-15,1.1074571520285303,62,1.1069766100842786,MAP_SCADA,101,0.00048054194425173336
3,UPFC_tsh,5-15,-0.23263168864163766,62,-0.22891919748685946,MAP_SCADA,101,0.0037124911547782025
4,UPFC_Vse,5-15,0.05996998341083485,62,0.06113448962428777,MAP_SCADA,101,0.0011645062134529177
5,UPFC_tse,5-15,-2.1600345054626127,62,-2.1549397282416796,MAP_SCADA,101,0.0050947772209331
0,x_tcsc,1-14,-0.11148815154244913,63,-0.13557893144042785,MAP_SCADA,101,0.024090779897978712
1,B_svc,2,0.18721449786679403,63,0.2821765872626029,MAP_SCADA,101,0.09496208939580889
2,UPFC_Vsh,5-15,1.1070688856726931,63,1.1069766100842786,MAP_SCADA,101,9.227558841451433e-05
3,UPFC_tsh,5-15,-0.23342688662212113,63,-0.22891919748685946,MAP_SCADA,101,0.004507689135261672
4,UPFC_Vse,5-15,0.05977947534148236,63,0.06113448962428777,MAP_SCADA,101,0.0013550142828054057
5,UPFC_tse,5-15,-2.1563252483151594,63,-2.1549397282416796,MAP_SCADA,101,0.0013855200734798068
0,x_tcsc,1-14,-0.11195724792908147,64,-0.13557893144042785,MAP_SCADA,101,0.023621683511346372
1,B_svc,2,0.18532267620046441,64,0.2821765872626029,MAP_SCADA,101,0.0968539110621385
2,UPFC_Vsh,5-15,1.1062982148266969,64,1.1069766100842786,MAP_SCADA,101,0.000678395257581732
3,UPFC_tsh,5-15,-0.23231828006468574,64,-0.22891919748685946,MAP_SCADA,101,0.0033990825778262845
4,UPFC_Vse,5-15,0.060691859349195215,64,0.06113448962428777,MAP_SCADA,101,0.0004426302750925523
5,UPFC_tse,5-15,-2.152693367047146,64,-2.1549397282416796,MAP_SCADA,101,0.002246361194533364
0,x_tcsc,1-14,-0.11295515105283893,65,-0.13557893144042785,MAP_SCADA,101,0.022623780387588915
1,B_svc,2,0.18060145943688566,65,0.2821765872626029,MAP_SCADA,101,0.10157512782571726
2,UPFC_Vsh,5-15,1.1078146006483933,65,1.1069766100842786,MAP_SCADA,101,0.0008379905641147101
3,UPFC_tsh,5-15,-0.23209500185534337,65,-0.22891919748685946,MAP_SCADA,101,0.0031758043684839143
4,UPFC_Vse,5-15,0.06005942127011483,65,0.06113448962428777,MAP_SCADA,101,0.0010750683541729394
5,UPFC_tse,5-15,-2.152035993257443,65,-2.1549397282416796,MAP_SCADA,101,0.0029037349842364613
0,x_tcsc,1-14,-0.1105648668522165,66,-0.13557893144042785,MAP_SCADA,101,0.025014064588211343
1,B_svc,2,0.1904464047979305,66,0.2821765872626029,MAP_SCADA,101,0.0917301824646724
2,UPFC_Vsh,5-15,1.108306155074037,66,1.1069766100842786,MAP_SCADA,101,0.0013295449897583467
3,UPFC_tsh,5-15,-0.23257200768493028,66,-0.22891919748685946,MAP_SCADA,101,0.003652810198070816
4,UPFC_Vse,5-15,0.06025958607178324,66,0.06113448962428777,MAP_SCADA,101,0.0008749035525045246
5,UPFC_tse,5-15,-2.1546439224482006,66,-2.1549397282416796,MAP_SCADA,101,0.00029580579347898706
0,x_tcsc,1-14,-0.11119767728780644,67,-0.13557893144042785,MAP_SCADA,101,0.024381254152621407
1,B_svc,2,0.18569084335624564,67,0.2821765872626029,MAP_SCADA,101,0.09648574390635728
2,UPFC_Vsh,5-15,1.106366563748709,67,1.1069766100842786,MAP_SCADA,101,0.0006100463355696029
3,UPFC_tsh,5-15,-0.23386903030465617,67,-0.22891919748685946,MAP_SCADA,101,0.004949832817796707
4,UPFC_Vse,5-15,0.06056370946115216,67,0.06113448962428777,MAP_SCADA,101,0.0005707801631356091
5,UPFC_tse,5-15,-2.1571921085846038,67,-2.1549397282416796,MAP_SCADA,101,0.0022523803429241873
0,x_tcsc,1-14,-0.11483410186228073,68,-0.13557893144042785,MAP_SCADA,101,0.02074482957814712
1,B_svc,2,0.17781365828617798,68,0.2821765872626029,MAP_SCADA,101,0.10436292897642493
2,UPFC_Vsh,5-15,1.106598391691374,68,1.1069766100842786,MAP_SCADA,101,0.000378218392904639
3,UPFC_tsh,5-15,-0.23154604520573963,68,-0.22891919748685946,MAP_SCADA,101,0.0026268477188801653
4,UPFC_Vse,5-15,0.06029084534704604,68,0.06113448962428777,MAP_SCADA,101,0.0008436442772417271
5,UPFC_tse,5-15,-2.154853142467964,68,-2.1549397282416796,MAP_SCADA,101,8.658577371578602e-05
0,x_tcsc,1-14,-0.11173747291563595,69,-0.13557893144042785,MAP_SCADA,101,0.0238414585247919
1,B_svc,2,0.18495146124073875,69,0.2821765872626029,MAP_SCADA,101,0.09722512602186417
2,UPFC_Vsh,5-15,1.1072218108273122,69,1.1069766100842786,MAP_SCADA,101,0.0002452007430335801
3,UPFC_tsh,5-15,-0.23243266776604807,69,-0.22891919748685946,MAP_SCADA,101,0.0035134702791886074
4,UPFC_Vse,5-15,0.05983529988183588,69,0.06113448962428777,MAP_SCADA,101,0.0012991897424518908
5,UPFC_tse,5-15,-2.162200479914194,69,-2.1549397282416796,MAP_SCADA,101,0.007260751672514498
0,x_tcsc,1-14,-0.11161295954054895,70,-0.13557893144042785,MAP_SCADA,101,0.023965971899878896
1,B_svc,2,0.18626377458114451,70,0.2821765872626029,MAP_SCADA,101,0.0959128126814584
2,UPFC_Vsh,5-15,1.1076076388806437,70,1.1069766100842786,MAP_SCADA,101,0.0006310287963651184
3,UPFC_tsh,5-15,-0.23241563686137293,70,-0.22891919748685946,MAP_SCADA,101,0.003496439374513466
4,UPFC_Vse,5-15,0.0600901778234442,70,0.06113448962428777,MAP_SCADA,101,0.0010443118008435642
5,UPFC_tse,5-15,-2.159739654223675,70,-2.1549397282416796,MAP_SCADA,101,0.004799925981995301
0,x_tcsc,1-14,-0.11023236043321037,71,-0.13557893144042785,MAP_SCADA,101,0.025346571007217475
1,B_svc,2,0.18490639389636032,71,0.2821765872626029,MAP_SCADA,101,0.0972701933662426
2,UPFC_Vsh,5-15,1.1080515269839228,71,1.1069766100842786,MAP_SCADA,101,0.0010749168996442293
3,UPFC_tsh,5-15,-0.23367155568450076,71,-0.22891919748685946,MAP_SCADA,101,0.004752358197641304
4,UPFC_Vse,5-15,0.05956459850884551,71,0.06113448962428777,MAP_SCADA,101,0.0015698911154422568
5,UPFC_tse,5-15,-2.1603199827972,71,-2.1549397282416796,MAP_SCADA,101,0.005380254555520381
0,x_tcsc,1-14,-0.11481364685907605,72,-0.13557893144042785,MAP_SCADA,101,0.020765284581351795
1,B_svc,2,0.1740477843073324,72,0.2821765872626029,MAP_SCADA,101,0.10812880295527053
2,UPFC_Vsh,5-15,1.1093478133268266,72,1.1069766100842786,MAP_SCADA,101,0.0023712032425480256
3,UPFC_tsh,5-15,-0.23031014743099787,72,-0.22891919748685946,MAP_SCADA,101,0.0013909499441384088
4,UPFC_Vse,5-15,0.060376298368476404,72,0.06113448962428777,MAP_SCADA,101,0.0007581912558113635
5,UPFC_tse,5-15,-2.152526010071022,72,-2.1549397282416796,MAP_SCADA,101,0.0024137181706573863
0,x_tcsc,1-14,-0.11119939553174198,73,-0.13557893144042785,MAP_SCADA,101,0.02437953590868587
1,B_svc,2,0.18238211869777293,73,0.2821765872626029,MAP_SCADA,101,0.09979446856482999
2,UPFC_Vsh,5-15,1.1078410496521713,73,1.1069766100842786,MAP_SCADA,101,0.0008644395678927275
3,UPFC_tsh,5-15,-0.23244182663890925,73,-0.22891919748685946,MAP_SCADA,101,0.0035226291520497888
4,UPFC_Vse,5-15,0.060123430715658725,73,0.06113448962428777,MAP_SCADA,101,0.0010110589086290422
5,UPFC_tse,5-15,-2.154635166458868,73,-2.1549397282416796,MAP_SCADA,101,0.00030456178281168533
0,x_tcsc,1-14,-0.11245131488496514,74,-0.13557893144042785,MAP_SCADA,101,0.023127616555462707
1,B_svc,2,0.18306689732739356,74,0.2821765872626029,MAP_SCADA,101,0.09910968993520936
2,UPFC_Vsh,5-15,1.1060877669311164,74,1.1069766100842786,MAP_SCADA,101,0.0008888431531621777
3,UPFC_tsh,5-15,-0.23225569221922024,74,-0.22891919748685946,MAP_SCADA,101,0.0033364947323607785
4,UPFC_Vse,5-15,0.06060816821702223,74,0.06113448962428777,MAP_SCADA,101,0.000526321407265537
5,UPFC_tse,5-15,-2.1530639197953803,74,-2.1549397282416796,MAP_SCADA,101,0.0018758084462993097
0,x_tcsc,1-14,-0.11266851956063793,75,-0.13557893144042785,MAP_SCADA,101,0.022910411879789913
1,B_svc,2,0.17942389982839835,75,0.2821765872626029,MAP_SCADA,101,0.10275268743420457
2,UPFC_Vsh,5-15,1.1060512896544898,75,1.1069766100842786,MAP_SCADA,101,0.0009253204297887674
3,UPFC_tsh,5-15,-0.2321833929982741,75,-0.22891919748685946,MAP_SCADA,101,0.0032641955114146304
4,UPFC_Vse,5-15,0.0603953238342974,75,0.06113448962428777,MAP_SCADA,101,0.0007391657899903648
5,UPFC_tse,5-15,-2.156912981216897,75,-2.1549397282416796,MAP_SCADA,101,0.001973252975217221
0,x_tcsc,1-14,-0.11320542384235198,76,-0.13557893144042785,MAP_SCADA,101,0.022373507598075867
1,B_svc,2,0.17986454173726527,76,0.2821765872626029,MAP_SCADA,101,0.10231204552533765
2,UPFC_Vsh,5-15,1.107140576441596,76,1.1069766100842786,MAP_SCADA,101,0.00016396635731741327
3,UPFC_tsh,5-15,-0.2321309439923157,76,-0.22891919748685946,MAP_SCADA,101,0.0032117465054562477
4,UPFC_Vse,5-15,0.06060513321190883,76,0.06113448962428777,MAP_SCADA,101,0.0005293564123789382
5,UPFC_tse,5-15,-2.154545901987454,76,-2.1549397282416796,MAP_SCADA,101,0.000393826254225349
0,x_tcsc,1-14,-0.11027983805247656,77,-0.13557893144042785,MAP_SCADA,101,0.02529909338795129
1,B_svc,2,0.19039840003568215,77,0.2821765872626029,MAP_SCADA,101,0.09177818722692077
2,UPFC_Vsh,5-15,1.1060914983424281,77,1.1069766100842786,MAP_SCADA,101,0.0008851117418504639
3,UPFC_tsh,5-15,-0.23354511247093693,77,-0.22891919748685946,MAP_SCADA,101,0.004625914984077467
4,UPFC_Vse,5-15,0.06064689698951932,77,0.06113448962428777,MAP_SCADA,101,0.0004875926347684481
5,UPFC_tse,5-15,-2.163946771282591,77,-2.1549397282416796,MAP_SCADA,101,0.009007043040911267
0,x_tcsc,1-14,-0.11238909219532701,78,-0.13557893144042785,MAP_SCADA,101,0.023189839245100832
1,B_svc,2,0.18583281855938802,78,0.2821765872626029,MAP_SCADA,101,0.0963437687032149
2,UPFC_Vsh,5-15,1.1047114060882188,78,1.1069766100842786,MAP_SCADA,101,0.0022652039960597836
3,UPFC_tsh,5-15,-0.23331161314458537,78,-0.22891919748685946,MAP_SCADA,101,0.004392415657725912
4,UPFC_Vse,5-15,0.060731876001881645,78,0.06113448962428777,MAP_SCADA,101,0.00040261362240612275
5,UPFC_tse,5-15,-2.1574975209251144,78,-2.1549397282416796,MAP_SCADA,101,0.002557792683434812
0,x_tcsc,1-14,-0.11227674867262306,79,-0.13557893144042785,MAP_SCADA,101,0.023302182767804783
1,B_svc,2,0.17798850759682364,79,0.2821765872626029,MAP_SCADA,101,0.10418807966577928
2,UPFC_Vsh,5-15,1.1091646776389321,79,1.1069766100842786,MAP_SCADA,101,0.0021880675546535056
3,UPFC_tsh,5-15,-0.2318079257618266,79,-0.22891919748685946,MAP_SCADA,101,0.0028887282749671395
4,UPFC_Vse,5-15,0.0602518094619551,79,0.06113448962428777,MAP_SCADA,101,0.0008826801623326649
5,UPFC_tse,5-15,-2.1581915717638798,79,-2.1549397282416796,MAP_SCADA,101,0.003251843522200204
0,x_tcsc,1-14,-0.1103069614975914,80,-0.13557893144042785,MAP_SCADA,101,0.025271969942836453
1,B_svc,2,0.1855188842432045,80,0.2821765872626029,MAP_SCADA,101,0.09665770301939841
2,UPFC_Vsh,5-15,1.1082246409705168,80,1.1069766100842786,MAP_SCADA,101,0.0012480308862381495
3,UPFC_tsh,5-15,-0.23237219805571732,80,-0.22891919748685946,MAP_SCADA,101,0.0034530005688578613
4,UPFC_Vse,5-15,0.06017729077889988,80,0.06113448962428777,MAP_SCADA,101,0.0009571988453878841
5,UPFC_tse,5-15,-2.1579965052878802,80,-2.1549397282416796,MAP_SCADA,101,0.003056777046200665
0,x_tcsc,1-14,-0.11484420222689054,81,-0.13557893144042785,MAP_SCADA,101,0.020734729213537306
1,B_svc,2,0.17324317502602474,81,0.2821765872626029,MAP_SCADA,101,0.10893341223657818
2,UPFC_Vsh,5-15,1.107767203557404,81,1.1069766100842786,MAP_SCADA,101,0.0007905934731253783
3,UPFC_tsh,5-15,-0.23072723953847235,81,-0.22891919748685946,MAP_SCADA,101,0.0018080420516128903
4,UPFC_Vse,5-15,0.060976563935023265,81,0.06113448962428777,MAP_SCADA,101,0.00015792568926450284
5,UPFC_tse,5-15,-2.149647198018337,81,-2.1549397282416796,MAP_SCADA,101,0.005292530223342418
0,x_tcsc,1-14,-0.11180805607061052,82,-0.13557893144042785,MAP_SCADA,101,0.023770875369817326
1,B_svc,2,0.18178182354392003,82,0.2821765872626029,MAP_SCADA,101,0.10039476371868289
2,UPFC_Vsh,5-15,1.1089313718683742,82,1.1069766100842786,MAP_SCADA,101,0.0019547617840955933
3,UPFC_tsh,5-15,-0.2325040165114551,82,-0.22891919748685946,MAP_SCADA,101,0.003584819024595648
4,UPFC_Vse,5-15,0.059750170374855985,82,0.06113448962428777,MAP_SCADA,101,0.0013843192494317827
5,UPFC_tse,5-15,-2.157267769739594,82,-2.1549397282416796,MAP_SCADA,101,0.002328041497914324
0,x_tcsc,1-14,-0.11196594835243269,83,-0.13557893144042785,MAP_SCADA,101,0.023612983087995157
1,B_svc,2,0.18358007288343284,83,0.2821765872626029,MAP_SCADA,101,0.09859651437917008
2,UPFC_Vsh,5-15,1.1066161622964277,83,1.1069766100842786,MAP_SCADA,101,0.0003604477878509371
3,UPFC_tsh,5-15,-0.2338622644581635,83,-0.22891919748685946,MAP_SCADA,101,0.004943066971304033
4,UPFC_Vse,5-15,0.060341497574501454,83,0.06113448962428777,MAP_SCADA,101,0.0007929920497863133
5,UPFC_tse,5-15,-2.1576262979870653,83,-2.1549397282416796,MAP_SCADA,101,0.002686569745385725
0,x_tcsc,1-14,-0.11242372645679247,84,-0.13557893144042785,MAP_SCADA,101,0.02315520498363538
1,B_svc,2,0.181063038342786,84,0.2821765872626029,MAP_SCADA,101,0.10111354891981691
2,UPFC_Vsh,5-15,1.1081734188444792,84,1.1069766100842786,MAP_SCADA,101,0.0011968087602005628
3,UPFC_tsh,5-15,-0.23205042242021406,84,-0.22891919748685946,MAP_SCADA,101,0.003131224933354604
4,UPFC_Vse,5-15,0.060297588621276065,84,0.06113448962428777,MAP_SCADA,101,0.000836901003011703
5,UPFC_tse,5-15,-2.1552974337286637,84,-2.1549397282416796,MAP_SCADA,101,0.00035770548698410565
0,x_tcsc,1-14,-0.11184343666634057,85,-0.13557893144042785,MAP_SCADA,101,0.023735494774087276
1,B_svc,2,0.18561959631485753,85,0.2821765872626029,MAP_SCADA,101,0.09655699094774539
2,UPFC_Vsh,5-15,1.1067012175816726,85,1.1069766100842786,MAP_SCADA,101,0.0002753925026059978
3,UPFC_tsh,5-15,-0.23200039920807386,85,-0.22891919748685946,MAP_SCADA,101,0.0030812017212143994
4,UPFC_Vse,5-15,0.060508485515277884,85,0.06113448962428777,MAP_SCADA,101,0.0006260041090098839
5,UPFC_tse,5-15,-2.156137188259973,85,-2.1549397282416796,MAP_SCADA,101,0.0011974600182935724
0,x_tcsc,1-14,-0.11364135301624523,86,-0.13557893144042785,MAP_SCADA,101,0.02193757842418262
1,B_svc,2,0.1821219783944858,86,0.2821765872626029,MAP_SCADA,101,0.10005460886811712
2,UPFC_Vsh,5-15,1.107820798130156,86,1.1069766100842786,MAP_SCADA,101,0.0008441880458773809
3,UPFC_tsh,5-15,-0.2322128959487655,86,-0.22891919748685946,MAP_SCADA,101,0.0032936984619060528
4,UPFC_Vse,5-15,0.060660300434416836,86,0.06113448962428777,MAP_SCADA,101,0.00047418918987093134
5,UPFC_tse,5-15,-2.1513489737161597,86,-2.1549397282416796,MAP_SCADA,101,0.0035907545255198237
0,x_tcsc,1-14,-0.11243275414694069,87,-0.13557893144042785,MAP_SCADA,101,0.023146177293487155
1,B_svc,2,0.18119025313673967,87,0.2821765872626029,MAP_SCADA,101,0.10098633412586325
2,UPFC_Vsh,5-15,1.1088940270782162,87,1.1069766100842786,MAP_SCADA,101,0.0019174169939375485
3,UPFC_tsh,5-15,-0.2316124266592611,87,-0.22891919748685946,MAP_SCADA,101,0.00269322917240164
4,UPFC_Vse,5-15,0.060193264965839675,87,0.06113448962428777,MAP_SCADA,101,0.0009412246584480921
5,UPFC_tse,5-15,-2.1547446105680494,87,-2.1549397282416796,MAP_SCADA,101,0.00019511767363011856
0,x_tcsc,1-14,-0.1117050885844963,88,-0.13557893144042785,MAP_SCADA,101,0.02387384285593154
1,B_svc,2,0.18225177768878625,88,0.2821765872626029,MAP_SCADA,101,0.09992480957381666
2,UPFC_Vsh,5-15,1.1091187232902788,88,1.1069766100842786,MAP_SCADA,101,0.002142113206000218
3,UPFC_tsh,5-15,-0.23202232715977783,88,-0.22891919748685946,MAP_SCADA,101,0.00310312967291837
4,UPFC_Vse,5-15,0.060376671714547456,88,0.06113448962428777,MAP_SCADA,101,0.0007578179097403118
5,UPFC_tse,5-15,-2.162073760045472,88,-2.1549397282416796,MAP_SCADA,101,0.00713403180379224
0,x_tcsc,1-14,-0.11379815943239346,89,-0.13557893144042785,MAP_SCADA,101,0.021780772008034383
1,B_svc,2,0.1805462804774064,89,0.2821765872626029,MAP_SCADA,101,0.10163030678519652
2,UPFC_Vsh,5-15,1.1080653754934764,89,1.1069766100842786,MAP_SCADA,101,0.0010887654091977783
3,UPFC_tsh,5-15,-0.2315678341219605,89,-0.22891919748685946,MAP_SCADA,101,0.002648636635101037
4,UPFC_Vse,5-15,0.060031095941406064,89,0.06113448962428777,MAP_SCADA,101,0.0011033936828817037
5,UPFC_tse,5-15,-2.159275756025949,89,-2.1549397282416796,MAP_SCADA,101,0.004336027784269447
0,x_tcsc,1-14,-0.11269324663045342,90,-0.13557893144042785,MAP_SCADA,101,0.022885684809974424
1,B_svc,2,0.1821197549092243,90,0.2821765872626029,MAP_SCADA,101,0.10005683235337862
2,UPFC_Vsh,5-15,1.1062962965124052,90,1.1069766100842786,MAP_SCADA,101,0.0006803135718733699
3,UPFC_tsh,5-15,-0.23417220359261745,90,-0.22891919748685946,MAP_SCADA,101,0.00525300610575799
4,UPFC_Vse,5-15,0.060051107680717156,90,0.06113448962428777,MAP_SCADA,101,0.0010833819435706118
5,UPFC_tse,5-15,-2.157194858291217,90,-2.1549397282416796,MAP_SCADA,101,0.0022551300495372573
0,x_tcsc,1-14,-0.11164315453934559,91,-0.13557893144042785,MAP_SCADA,101,0.023935776901082256
1,B_svc,2,0.18654973269484112,91,0.2821765872626029,MAP_SCADA,101,0.0956268545677618
2,UPFC_Vsh,5-15,1.1068988496328513,91,1.1069766100842786,MAP_SCADA,101,7.776045142726673e-05
3,UPFC_tsh,5-15,-0.23361650316009025,91,-0.22891919748685946,MAP_SCADA,101,0.004697305673230789
4,UPFC_Vse,5-15,0.060603644534026314,91,0.06113448962428777,MAP_SCADA,101,0.0005308450902614531
5,UPFC_tse,5-15,-2.1555270160668036,91,-2.1549397282416796,MAP_SCADA,101,0.0005872878251240721
0,x_tcsc,1-14,-0.11320362379910998,92,-0.13557893144042785,MAP_SCADA,101,0.02237530764131787
1,B_svc,2,0.1817882088694763,92,0.2821765872626029,MAP_SCADA,101,0.10038837839312661
2,UPFC_Vsh,5-15,1.1076439408886294,92,1.1069766100842786,MAP_SCADA,101,0.0006673308043507742
3,UPFC_tsh,5-15,-0.23202215347050792,92,-0.22891919748685946,MAP_SCADA,101,0.003102955983648459
4,UPFC_Vse,5-15,0.06037604036313058,92,0.06113448962428777,MAP_SCADA,101,0.0007584492611571875
5,UPFC_tse,5-15,-2.158383119696829,92,-2.1549397282416796,MAP_SCADA,101,0.0034433914551494915
0,x_tcsc,1-14,-0.10898873491513596,93,-0.13557893144042785,MAP_SCADA,101,0.02659019652529189
1,B_svc,2,0.19068847968051864,93,0.2821765872626029,MAP_SCADA,101,0.09148810758208428
2,UPFC_Vsh,5-15,1.1066670030248402,93,1.1069766100842786,MAP_SCADA,101,0.0003096070594383882
3,UPFC_tsh,5-15,-0.23438533687847693,93,-0.22891919748685946,MAP_SCADA,101,0.005466139391617469
4,UPFC_Vse,5-15,0.06075473700274517,93,0.06113448962428777,MAP_SCADA,101,0.0003797526215425992
5,UPFC_tse,5-15,-2.1592122319698612,93,-2.1549397282416796,MAP_SCADA,101,0.004272503728181665
0,x_tcsc,1-14,-0.11178711151202753,94,-0.13557893144042785,MAP_SCADA,101,0.02379181992840032
1,B_svc,2,0.1862241898982063,94,0.2821765872626029,MAP_SCADA,101,0.09595239736439662
2,UPFC_Vsh,5-15,1.1073746068132924,94,1.1069766100842786,MAP_SCADA,101,0.00039799672901374983
3,UPFC_tsh,5-15,-0.23271118962076062,94,-0.22891919748685946,MAP_SCADA,101,0.003791992133901162
4,UPFC_Vse,5-15,0.05974367351699315,94,0.06113448962428777,MAP_SCADA,101,0.0013908161072946207
5,UPFC_tse,5-15,-2.1591837303616974,94,-2.1549397282416796,MAP_SCADA,101,0.0042440021200178535
0,x_tcsc,1-14,-0.11281811211419954,95,-0.13557893144042785,MAP_SCADA,101,0.02276081932622831
1,B_svc,2,0.1798423535605849,95,0.2821765872626029,MAP_SCADA,101,0.10233423370201802
2,UPFC_Vsh,5-15,1.1107640975000732,95,1.1069766100842786,MAP_SCADA,101,0.0037874874157945992
3,UPFC_tsh,5-15,-0.23130359362426886,95,-0.22891919748685946,MAP_SCADA,101,0.0023843961374094003
4,UPFC_Vse,5-15,0.060407635714608096,95,0.06113448962428777,MAP_SCADA,101,0.0007268539096796714
5,UPFC_tse,5-15,-2.15105994964005,95,-2.1549397282416796,MAP_SCADA,101,0.003879778601629358
0,x_tcsc,1-14,-0.11195570137059803,96,-0.13557893144042785,MAP_SCADA,101,0.023623230069829818
1,B_svc,2,0.18764742666765016,96,0.2821765872626029,MAP_SCADA,101,0.09452916059495275
2,UPFC_Vsh,5-15,1.109255661757014,96,1.1069766100842786,MAP_SCADA,101,0.002279051672735344
3,UPFC_tsh,5-15,-0.23200538249675867,96,-0.22891919748685946,MAP_SCADA,101,0.0030861850098992116
4,UPFC_Vse,5-15,0.06062835131201776,96,0.06113448962428777,MAP_SCADA,101,0.0005061383122700047
5,UPFC_tse,5-15,-2.1573787027016547,96,-2.1549397282416796,MAP_SCADA,101,0.002438974459975096
0,x_tcsc,1-14,-0.11174140659467031,97,-0.13557893144042785,MAP_SCADA,101,0.023837524845757532
1,B_svc,2,0.18426488750022654,97,0.2821765872626029,MAP_SCADA,101,0.09791169976237638
2,UPFC_Vsh,5-15,1.108756821574409,97,1.1069766100842786,MAP_SCADA,101,0.0017802114901304122
3,UPFC_tsh,5-15,-0.23306784874770028,97,-0.22891919748685946,MAP_SCADA,101,0.004148651260840824
4,UPFC_Vse,5-15,0.059787575256518455,97,0.06113448962428777,MAP_SCADA,101,0.0013469143677693127
5,UPFC_tse,5-15,-2.1580555421623253,97,-2.1549397282416796,MAP_SCADA,101,0.003115813920645749
0,x_tcsc,1-14,-0.11246565688486991,98,-0.13557893144042785,MAP_SCADA,101,0.023113274555557936
1,B_svc,2,0.18285318023999722,98,0.2821765872626029,MAP_SCADA,101,0.0993234070226057
2,UPFC_Vsh,5-15,1.109484306840395,98,1.1069766100842786,MAP_SCADA,101,0.0025076967561163954
3,UPFC_tsh,5-15,-0.23208286556886998,98,-0.22891919748685946,MAP_SCADA,101,0.003163668082010518
4,UPFC_Vse,5-15,0.0605315567883521,98,0.06113448962428777,MAP_SCADA,101,0.0006029328359356684
5,UPFC_tse,5-15,-2.1553071214667407,98,-2.1549397282416796,MAP_SCADA,101,0.00036739322506118555
0,x_tcsc,1-14,-0.1137018084065269,99,-0.13557893144042785,MAP_SCADA,101,0.02187712303390095
1,B_svc,2,0.17857495229728937,99,0.2821765872626029,MAP_SCADA,101,0.10360163496531355
2,UPFC_Vsh,5-15,1.1088238971653452,99,1.1069766100842786,MAP_SCADA,101,0.0018472870810666286
3,UPFC_tsh,5-15,-0.23186387590410268,99,-0.22891919748685946,MAP_SCADA,101,0.0029446784172432183
4,UPFC_Vse,5-15,0.06031676127760777,99,0.06113448962428777,MAP_SCADA,101,0.0008177283466800009
5,UPFC_tse,5-15,-2.153187140622384,99,-2.1549397282416796,MAP_SCADA,101,0.0017525876192956424
0,x_tcsc,1-14,-0.1089531511781327,0,-0.1383357958634321,MAP_SCADA,103,0.029382644685299386
1,B_svc,2,0.1897935387956435,0,0.29581570606898044,MAP_SCADA,103,0.10602216727333694
2,UPFC_Vsh,5-15,1.1087431100620921,0,1.1064113634065675,MAP_SCADA,103,0.0023317466555246025
3,UPFC_tsh,5-15,-0.23330975381613128,0,-0.2266328116375553,MAP_SCADA,103,0.006676942178575979
4,UPFC_Vse,5-15,0.059910786553985726,0,0.06066135188340235,MAP_SCADA,103,0.0007505653294166206
5,UPFC_tse,5-15,-2.1617541252362744,0,-2.144813432235368,MAP_SCADA,103,0.016940693000906393
0,x_tcsc,1-14,-0.111586134031699,1,-0.1383357958634321,MAP_SCADA,103,0.026749661831733093
1,B_svc,2,0.18277825912481013,1,0.29581570606898044,MAP_SCADA,103,0.11303744694417031
2,UPFC_Vsh,5-15,1.1082234287991541,1,1.1064113634065675,MAP_SCADA,103,0.0018120653925866037
3,UPFC_tsh,5-15,-0.23190643054264615,1,-0.2266328116375553,MAP_SCADA,103,0.005273618905090843
4,UPFC_Vse,5-15,0.06059477305551764,1,0.06066135188340235,MAP_SCADA,103,6.657882788470987e-05
5,UPFC_tse,5-15,-2.1540585190564276,1,-2.144813432235368,MAP_SCADA,103,0.009245086821059623
0,x_tcsc,1-14,-0.11211395804478234,2,-0.1383357958634321,MAP_SCADA,103,0.026221837818649743
1,B_svc,2,0.1868625727668949,2,0.29581570606898044,MAP_SCADA,103,0.10895313330208553
2,UPFC_Vsh,5-15,1.1067411309471762,2,1.1064113634065675,MAP_SCADA,103,0.00032976754060864977
3,UPFC_tsh,5-15,-0.2331739941656229,2,-0.2266328116375553,MAP_SCADA,103,0.006541182528067596
4,UPFC_Vse,5-15,0.0609363740875178,2,0.06066135188340235,MAP_SCADA,103,0.00027502220411545347
5,UPFC_tse,5-15,-2.152871154024673,2,-2.144813432235368,MAP_SCADA,103,0.008057721789305194
0,x_tcsc,1-14,-0.11285742257812492,3,-0.1383357958634321,MAP_SCADA,103,0.025478373285307165
1,B_svc,2,0.18539429171333982,3,0.29581570606898044,MAP_SCADA,103,0.11042141435564062
2,UPFC_Vsh,5-15,1.1081386969229026,3,1.1064113634065675,MAP_SCADA,103,0.0017273335163350279
3,UPFC_tsh,5-15,-0.2324863078339946,3,-0.2266328116375553,MAP_SCADA,103,0.005853496196439295
4,UPFC_Vse,5-15,0.06048900561970597,3,0.06066135188340235,MAP_SCADA,103,0.00017234626369637407
5,UPFC_tse,5-15,-2.1551872012743307,3,-2.144813432235368,MAP_SCADA,103,0.010373769038962699
0,x_tcsc,1-14,-0.11231476988244248,4,-0.1383357958634321,MAP_SCADA,103,0.026021025980989612
1,B_svc,2,0.18572521980578321,4,0.29581570606898044,MAP_SCADA,103,0.11009048626319723
2,UPFC_Vsh,5-15,1.1056512600233495,4,1.1064113634065675,MAP_SCADA,103,0.0007601033832180804
3,UPFC_tsh,5-15,-0.2338904834461942,4,-0.2266328116375553,MAP_SCADA,103,0.007257671808638899
4,UPFC_Vse,5-15,0.060121854908355796,4,0.06066135188340235,MAP_SCADA,103,0.0005394969750465509
5,UPFC_tse,5-15,-2.1592578402365357,4,-2.144813432235368,MAP_SCADA,103,0.014444408001167641
0,x_tcsc,1-14,-0.11178525041785418,5,-0.1383357958634321,MAP_SCADA,103,0.026550545445577903
1,B_svc,2,0.18343692280570392,5,0.29581570606898044,MAP_SCADA,103,0.11237878326327652
2,UPFC_Vsh,5-15,1.109880077816995,5,1.1064113634065675,MAP_SCADA,103,0.003468714410427509
3,UPFC_tsh,5-15,-0.2309144059831098,5,-0.2266328116375553,MAP_SCADA,103,0.004281594345554501
4,UPFC_Vse,5-15,0.0603194722178149,5,0.06066135188340235,MAP_SCADA,103,0.00034187966558744953
5,UPFC_tse,5-15,-2.155318859766885,5,-2.144813432235368,MAP_SCADA,103,0.010505427531517064
0,x_tcsc,1-14,-0.11333459791028293,6,-0.1383357958634321,MAP_SCADA,103,0.02500119795314916
1,B_svc,2,0.18041966252582461,6,0.29581570606898044,MAP_SCADA,103,0.11539604354315583
2,UPFC_Vsh,5-15,1.1072648590523495,6,1.1064113634065675,MAP_SCADA,103,0.0008534956457819654
3,UPFC_tsh,5-15,-0.23253037627372858,6,-0.2266328116375553,MAP_SCADA,103,0.005897564636173275
4,UPFC_Vse,5-15,0.0600837156301815,6,0.06066135188340235,MAP_SCADA,103,0.0005776362532208465
5,UPFC_tse,5-15,-2.1559922176239676,6,-2.144813432235368,MAP_SCADA,103,0.011178785388599621
0,x_tcsc,1-14,-0.11436276256544746,7,-0.1383357958634321,MAP_SCADA,103,0.023973033297984628
1,B_svc,2,0.17578589143797024,7,0.29581570606898044,MAP_SCADA,103,0.1200298146310102
2,UPFC_Vsh,5-15,1.1090257321918613,7,1.1064113634065675,MAP_SCADA,103,0.0026143687852937525
3,UPFC_tsh,5-15,-0.230752004160547,7,-0.2266328116375553,MAP_SCADA,103,0.004119192522991699
4,UPFC_Vse,5-15,0.06009782334247497,7,0.06066135188340235,MAP_SCADA,103,0.0005635285409273799
5,UPFC_tse,5-15,-2.1532896030355704,7,-2.144813432235368,MAP_SCADA,103,0.008476170800202354
0,x_tcsc,1-14,-0.11346472153441553,8,-0.1383357958634321,MAP_SCADA,103,0.024871074329016557
1,B_svc,2,0.18048286210943015,8,0.29581570606898044,MAP_SCADA,103,0.11533284395955029
2,UPFC_Vsh,5-15,1.108480483695338,8,1.1064113634065675,MAP_SCADA,103,0.0020691202887703763
3,UPFC_tsh,5-15,-0.23109403596665595,8,-0.2266328116375553,MAP_SCADA,103,0.004461224329100649
4,UPFC_Vse,5-15,0.05989475052534988,8,0.06066135188340235,MAP_SCADA,103,0.0007666013580524683
5,UPFC_tse,5-15,-2.153008952867411,8,-2.144813432235368,MAP_SCADA,103,0.008195520632042985
0,x_tcsc,1-14,-0.11177440719091994,9,-0.1383357958634321,MAP_SCADA,103,0.02656138867251215
1,B_svc,2,0.18671012434317674,9,0.29581570606898044,MAP_SCADA,103,0.1091055817258037
2,UPFC_Vsh,5-15,1.1037795807258335,9,1.1064113634065675,MAP_SCADA,103,0.0026317826807340516
3,UPFC_tsh,5-15,-0.23448940288511175,9,-0.2266328116375553,MAP_SCADA,103,0.007856591247556444
4,UPFC_Vse,5-15,0.06104008593960212,9,0.06066135188340235,MAP_SCADA,103,0.00037873405619977263
5,UPFC_tse,5-15,-2.1543496412886083,9,-2.144813432235368,MAP_SCADA,103,0.009536209053240263
0,x_tcsc,1-14,-0.11194494997492009,10,-0.1383357958634321,MAP_SCADA,103,0.026390845888511996
1,B_svc,2,0.18561780207658218,10,0.29581570606898044,MAP_SCADA,103,0.11019790399239826
2,UPFC_Vsh,5-15,1.1077955580647714,10,1.1064113634065675,MAP_SCADA,103,0.00138419465820383
3,UPFC_tsh,5-15,-0.23357350457639295,10,-0.2266328116375553,MAP_SCADA,103,0.006940692938837645
4,UPFC_Vse,5-15,0.06104911978819504,10,0.06066135188340235,MAP_SCADA,103,0.0003877679047926963
5,UPFC_tse,5-15,-2.1542087215643924,10,-2.144813432235368,MAP_SCADA,103,0.009395289329024337
0,x_tcsc,1-14,-0.11144691933862402,11,-0.1383357958634321,MAP_SCADA,103,0.026888876524808064
1,B_svc,2,0.18733135995158337,11,0.29581570606898044,MAP_SCADA,103,0.10848434611739707
2,UPFC_Vsh,5-15,1.106233756598256,11,1.1064113634065675,MAP_SCADA,103,0.00017760680831147013
3,UPFC_tsh,5-15,-0.23400144609007603,11,-0.2266328116375553,MAP_SCADA,103,0.007368634452520728
4,UPFC_Vse,5-15,0.06022611964382545,11,0.06066135188340235,MAP_SCADA,103,0.0004352322395768937
5,UPFC_tse,5-15,-2.15561983957537,11,-2.144813432235368,MAP_SCADA,103,0.010806407340001822
0,x_tcsc,1-14,-0.11335974657529489,12,-0.1383357958634321,MAP_SCADA,103,0.024976049288137195
1,B_svc,2,0.18052980160149132,12,0.29581570606898044,MAP_SCADA,103,0.11528590446748913
2,UPFC_Vsh,5-15,1.1072101395226248,12,1.1064113634065675,MAP_SCADA,103,0.0007987761160572759
3,UPFC_tsh,5-15,-0.23235149981375186,12,-0.2266328116375553,MAP_SCADA,103,0.005718688176196557
4,UPFC_Vse,5-15,0.06105168575186966,12,0.06066135188340235,MAP_SCADA,103,0.0003903338684673116
5,UPFC_tse,5-15,-2.1503334819797124,12,-2.144813432235368,MAP_SCADA,103,0.005520049744344391
0,x_tcsc,1-14,-0.11211623931164033,13,-0.1383357958634321,MAP_SCADA,103,0.026219556551791756
1,B_svc,2,0.18705823005723368,13,0.29581570606898044,MAP_SCADA,103,0.10875747601174676
2,UPFC_Vsh,5-15,1.1059065780904005,13,1.1064113634065675,MAP_SCADA,103,0.0005047853161670446
3,UPFC_tsh,5-15,-0.23398759186968957,13,-0.2266328116375553,MAP_SCADA,103,0.0073547802321342615
4,UPFC_Vse,5-15,0.06032973274826177,13,0.06066135188340235,MAP_SCADA,103,0.00033161913514057756
5,UPFC_tse,5-15,-2.1569813122485124,13,-2.144813432235368,MAP_SCADA,103,0.012167880013144394
0,x_tcsc,1-14,-0.1137714289763915,14,-0.1383357958634321,MAP_SCADA,103,0.024564366887040584
1,B_svc,2,0.1830696590076973,14,0.29581570606898044,MAP_SCADA,103,0.11274604706128313
2,UPFC_Vsh,5-15,1.1082720687885226,14,1.1064113634065675,MAP_SCADA,103,0.0018607053819550412
3,UPFC_tsh,5-15,-0.23205392329338764,14,-0.2266328116375553,MAP_SCADA,103,0.005421111655832339
4,UPFC_Vse,5-15,0.060411104500337556,14,0.06066135188340235,MAP_SCADA,103,0.0002502473830647903
5,UPFC_tse,5-15,-2.1558802644963175,14,-2.144813432235368,MAP_SCADA,103,0.01106683226094951
0,x_tcsc,1-14,-0.11331493961116607,15,-0.1383357958634321,MAP_SCADA,103,0.02502085625226602
1,B_svc,2,0.1800813984044449,15,0.29581570606898044,MAP_SCADA,103,0.11573430766453555
2,UPFC_Vsh,5-15,1.107314408698073,15,1.1064113634065675,MAP_SCADA,103,0.0009030452915055331
3,UPFC_tsh,5-15,-0.23205643090968373,15,-0.2266328116375553,MAP_SCADA,103,0.0054236192721284215
4,UPFC_Vse,5-15,0.059873090964751116,15,0.06066135188340235,MAP_SCADA,103,0.0007882609186512304
5,UPFC_tse,5-15,-2.155007128440672,15,-2.144813432235368,MAP_SCADA,103,0.010193696205304192
0,x_tcsc,1-14,-0.1122306884762184,16,-0.1383357958634321,MAP_SCADA,103,0.026105107387213694
1,B_svc,2,0.18775249902392893,16,0.29581570606898044,MAP_SCADA,103,0.10806320704505151
2,UPFC_Vsh,5-15,1.1049647892610377,16,1.1064113634065675,MAP_SCADA,103,0.0014465741455298442
3,UPFC_tsh,5-15,-0.2330079098466535,16,-0.2266328116375553,MAP_SCADA,103,0.006375098209098207
4,UPFC_Vse,5-15,0.06113724250918414,16,0.06066135188340235,MAP_SCADA,103,0.0004758906257817941
5,UPFC_tse,5-15,-2.157423881875138,16,-2.144813432235368,MAP_SCADA,103,0.012610449639769872
0,x_tcsc,1-14,-0.11263036020353481,17,-0.1383357958634321,MAP_SCADA,103,0.025705435659897274
1,B_svc,2,0.1817837233928617,17,0.29581570606898044,MAP_SCADA,103,0.11403198267611875
2,UPFC_Vsh,5-15,1.1084114438149966,17,1.1064113634065675,MAP_SCADA,103,0.002000080408429028
3,UPFC_tsh,5-15,-0.23144867598779334,17,-0.2266328116375553,MAP_SCADA,103,0.004815864350238036
4,UPFC_Vse,5-15,0.060318116756721364,17,0.06066135188340235,MAP_SCADA,103,0.00034323512668098244
5,UPFC_tse,5-15,-2.153541067371644,17,-2.144813432235368,MAP_SCADA,103,0.008727635136275946
0,x_tcsc,1-14,-0.1123168833646532,18,-0.1383357958634321,MAP_SCADA,103,0.026018912498778884
1,B_svc,2,0.18114343012589246,18,0.29581570606898044,MAP_SCADA,103,0.11467227594308799
2,UPFC_Vsh,5-15,1.108076754568016,18,1.1064113634065675,MAP_SCADA,103,0.0016653911614483707
3,UPFC_tsh,5-15,-0.2320082068359299,18,-0.2266328116375553,MAP_SCADA,103,0.0053753951983745996
4,UPFC_Vse,5-15,0.06041732067962146,18,0.06066135188340235,MAP_SCADA,103,0.00024403120378088672
5,UPFC_tse,5-15,-2.1552625136309573,18,-2.144813432235368,MAP_SCADA,103,0.01044908139558931
0,x_tcsc,1-14,-0.11164424108868416,19,-0.1383357958634321,MAP_SCADA,103,0.026691554774747925
1,B_svc,2,0.18040424893429052,19,0.29581570606898044,MAP_SCADA,103,0.11541145713468992
2,UPFC_Vsh,5-15,1.108871364654878,19,1.1064113634065675,MAP_SCADA,103,0.0024600012483104727
3,UPFC_tsh,5-15,-0.2324105075658558,19,-0.2266328116375553,MAP_SCADA,103,0.005777695928300491
4,UPFC_Vse,5-15,0.061155322165232597,19,0.06066135188340235,MAP_SCADA,103,0.0004939702818302499
5,UPFC_tse,5-15,-2.154669972733158,19,-2.144813432235368,MAP_SCADA,103,0.009856540497790167
0,x_tcsc,1-14,-0.11274782327049446,20,-0.1383357958634321,MAP_SCADA,103,0.02558797259293763
1,B_svc,2,0.18459454920584656,20,0.29581570606898044,MAP_SCADA,103,0.11122115686313389
2,UPFC_Vsh,5-15,1.108006286307207,20,1.1064113634065675,MAP_SCADA,103,0.0015949229006395615
3,UPFC_tsh,5-15,-0.23191990543603197,20,-0.2266328116375553,MAP_SCADA,103,0.005287093798476666
4,UPFC_Vse,5-15,0.06008050852103739,20,0.06066135188340235,MAP_SCADA,103,0.000580843362364955
5,UPFC_tse,5-15,-2.1567097345688575,20,-2.144813432235368,MAP_SCADA,103,0.011896302333489484
0,x_tcsc,1-14,-0.11169414259952308,21,-0.1383357958634321,MAP_SCADA,103,0.026641653263909007
1,B_svc,2,0.1857776632719838,21,0.29581570606898044,MAP_SCADA,103,0.11003804279699664
2,UPFC_Vsh,5-15,1.108184785877071,21,1.1064113634065675,MAP_SCADA,103,0.001773422470503494
3,UPFC_tsh,5-15,-0.23273179667649846,21,-0.2266328116375553,MAP_SCADA,103,0.0060989850389431555
4,UPFC_Vse,5-15,0.05992770845896655,21,0.06066135188340235,MAP_SCADA,103,0.0007336434244357981
5,UPFC_tse,5-15,-2.1568349329799426,21,-2.144813432235368,MAP_SCADA,103,0.012021500744574531
0,x_tcsc,1-14,-0.11260572090998863,22,-0.1383357958634321,MAP_SCADA,103,0.025730074953443455
1,B_svc,2,0.18071338323253047,22,0.29581570606898044,MAP_SCADA,103,0.11510232283644997
2,UPFC_Vsh,5-15,1.106722196604619,22,1.1064113634065675,MAP_SCADA,103,0.00031083319805147447
3,UPFC_tsh,5-15,-0.23240057224166638,22,-0.2266328116375553,MAP_SCADA,103,0.005767760604111077
4,UPFC_Vse,5-15,0.059859672432762606,22,0.06066135188340235,MAP_SCADA,103,0.0008016794506397404
5,UPFC_tse,5-15,-2.1554046999392504,22,-2.144813432235368,MAP_SCADA,103,0.010591267703882412
0,x_tcsc,1-14,-0.10863106555895048,23,-0.1383357958634321,MAP_SCADA,103,0.029704730304481605
1,B_svc,2,0.19440583723342642,23,0.29581570606898044,MAP_SCADA,103,0.10140986883555403
2,UPFC_Vsh,5-15,1.1056047474826858,23,1.1064113634065675,MAP_SCADA,103,0.0008066159238817594
3,UPFC_tsh,5-15,-0.23553602350049807,23,-0.2266328116375553,MAP_SCADA,103,0.008903211862942767
4,UPFC_Vse,5-15,0.06062491232048908,23,0.06066135188340235,MAP_SCADA,103,3.6439562913263834e-05
5,UPFC_tse,5-15,-2.1604370235879395,23,-2.144813432235368,MAP_SCADA,103,0.01562359135257152
0,x_tcsc,1-14,-0.11358461640106417,24,-0.1383357958634321,MAP_SCADA,103,0.02475117946236792
1,B_svc,2,0.17847299555661278,24,0.29581570606898044,MAP_SCADA,103,0.11734271051236767
2,UPFC_Vsh,5-15,1.1077453708357268,24,1.1064113634065675,MAP_SCADA,103,0.001334007429159234
3,UPFC_tsh,5-15,-0.23118967241909189,24,-0.2266328116375553,MAP_SCADA,103,0.004556860781536581
4,UPFC_Vse,5-15,0.06001689749729636,24,0.06066135188340235,MAP_SCADA,103,0.0006444543861059832
5,UPFC_tse,5-15,-2.1543010736861428,24,-2.144813432235368,MAP_SCADA,103,0.009487641450774742
0,x_tcsc,1-14,-0.11320004043012336,25,-0.1383357958634321,MAP_SCADA,103,0.025135755433308732
1,B_svc,2,0.17941167260829785,25,0.29581570606898044,MAP_SCADA,103,0.1164040334606826
2,UPFC_Vsh,5-15,1.1101974435380184,25,1.1064113634065675,MAP_SCADA,103,0.003786080131450875
3,UPFC_tsh,5-15,-0.23031717049236608,25,-0.2266328116375553,MAP_SCADA,103,0.0036843588548107764
4,UPFC_Vse,5-15,0.05996830578511454,25,0.06066135188340235,MAP_SCADA,103,0.0006930460982878042
5,UPFC_tse,5-15,-2.1553668754708863,25,-2.144813432235368,MAP_SCADA,103,0.010553443235518323
0,x_tcsc,1-14,-0.11212214964649692,26,-0.1383357958634321,MAP_SCADA,103,0.02621364621693517
1,B_svc,2,0.1816223075761155,26,0.29581570606898044,MAP_SCADA,103,0.11419339849286494
2,UPFC_Vsh,5-15,1.1082064053681402,26,1.1064113634065675,MAP_SCADA,103,0.001795041961572652
3,UPFC_tsh,5-15,-0.23179014857039898,26,-0.2266328116375553,MAP_SCADA,103,0.005157336932843676
4,UPFC_Vse,5-15,0.060238724303090414,26,0.06066135188340235,MAP_SCADA,103,0.00042262758031193226
5,UPFC_tse,5-15,-2.1599186635184866,26,-2.144813432235368,MAP_SCADA,103,0.015105231283118581
0,x_tcsc,1-14,-0.11119204081336112,27,-0.1383357958634321,MAP_SCADA,103,0.027143755050070967
1,B_svc,2,0.1842705258074126,27,0.29581570606898044,MAP_SCADA,103,0.11154518026156784
2,UPFC_Vsh,5-15,1.1059116452390325,27,1.1064113634065675,MAP_SCADA,103,0.0004997181675350237
3,UPFC_tsh,5-15,-0.23295759170996305,27,-0.2266328116375553,MAP_SCADA,103,0.0063247800724077485
4,UPFC_Vse,5-15,0.06053072554552834,27,0.06066135188340235,MAP_SCADA,103,0.0001306263378740083
5,UPFC_tse,5-15,-2.1561425446031106,27,-2.144813432235368,MAP_SCADA,103,0.011329112367742589
0,x_tcsc,1-14,-0.11078516593243308,28,-0.1383357958634321,MAP_SCADA,103,0.027550629930999007
1,B_svc,2,0.1862073014298553,28,0.29581570606898044,MAP_SCADA,103,0.10960840463912513
2,UPFC_Vsh,5-15,1.105306562887327,28,1.1064113634065675,MAP_SCADA,103,0.0011048005192404453
3,UPFC_tsh,5-15,-0.2340897760936502,28,-0.2266328116375553,MAP_SCADA,103,0.0074569644560948944
4,UPFC_Vse,5-15,0.06031540260348843,28,0.06066135188340235,MAP_SCADA,103,0.0003459492799139166
5,UPFC_tse,5-15,-2.159848933017864,28,-2.144813432235368,MAP_SCADA,103,0.015035500782496047
0,x_tcsc,1-14,-0.11114633594373284,29,-0.1383357958634321,MAP_SCADA,103,0.027189459919699246
1,B_svc,2,0.18515795790093445,29,0.29581570606898044,MAP_SCADA,103,0.110657748168046
2,UPFC_Vsh,5-15,1.1077676810944392,29,1.1064113634065675,MAP_SCADA,103,0.0013563176878716998
3,UPFC_tsh,5-15,-0.2328826952361252,29,-0.2266328116375553,MAP_SCADA,103,0.0062498835985699
4,UPFC_Vse,5-15,0.06039577683997066,29,0.06066135188340235,MAP_SCADA,103,0.00026557504343168586
5,UPFC_tse,5-15,-2.155335140690537,29,-2.144813432235368,MAP_SCADA,103,0.010521708455168977
0,x_tcsc,1-14,-0.11216068815257503,30,-0.1383357958634321,MAP_SCADA,103,0.026175107710857057
1,B_svc,2,0.17704446044748634,30,0.29581570606898044,MAP_SCADA,103,0.1187712456214941
2,UPFC_Vsh,5-15,1.109683072820936,30,1.1064113634065675,MAP_SCADA,103,0.0032717094143683845
3,UPFC_tsh,5-15,-0.23174778760842352,30,-0.2266328116375553,MAP_SCADA,103,0.005114975970868213
4,UPFC_Vse,5-15,0.06019310784890161,30,0.06066135188340235,MAP_SCADA,103,0.0004682440345007352
5,UPFC_tse,5-15,-2.1564072150031643,30,-2.144813432235368,MAP_SCADA,103,0.011593782767796323
0,x_tcsc,1-14,-0.11251342636674841,31,-0.1383357958634321,MAP_SCADA,103,0.025822369496683678
1,B_svc,2,0.1831099893073962,31,0.29581570606898044,MAP_SCADA,103,0.11270571676158425
2,UPFC_Vsh,5-15,1.1078159760395527,31,1.1064113634065675,MAP_SCADA,103,0.0014046126329851916
3,UPFC_tsh,5-15,-0.23189856588754654,31,-0.2266328116375553,MAP_SCADA,103,0.0052657542499912335
4,UPFC_Vse,5-15,0.06007672510263565,31,0.06066135188340235,MAP_SCADA,103,0.0005846267807666991
5,UPFC_tse,5-15,-2.1587524619933207,31,-2.144813432235368,MAP_SCADA,103,0.013939029757952692
0,x_tcsc,1-14,-0.10935089542807824,32,-0.1383357958634321,MAP_SCADA,103,0.028984900435353844
1,B_svc,2,0.18873592910746403,32,0.29581570606898044,MAP_SCADA,103,0.10707977696151641
2,UPFC_Vsh,5-15,1.109038949726816,32,1.1064113634065675,MAP_SCADA,103,0.0026275863202485095
3,UPFC_tsh,5-15,-0.2330027710688704,32,-0.2266328116375553,MAP_SCADA,103,0.006369959431315103
4,UPFC_Vse,5-15,0.05985014716756717,32,0.06066135188340235,MAP_SCADA,103,0.0008112047158351787
5,UPFC_tse,5-15,-2.1617669058380433,32,-2.144813432235368,MAP_SCADA,103,0.016953473602675295
0,x_tcsc,1-14,-0.11132959920201867,33,-0.1383357958634321,MAP_SCADA,103,0.02700619666141342
1,B_svc,2,0.18595327212098606,33,0.29581570606898044,MAP_SCADA,103,0.10986243394799439
2,UPFC_Vsh,5-15,1.108084565723442,33,1.1064113634065675,MAP_SCADA,103,0.0016732023168744004
3,UPFC_tsh,5-15,-0.2321353180308911,33,-0.2266328116375553,MAP_SCADA,103,0.005502506393335799
4,UPFC_Vse,5-15,0.06002017416798528,33,0.06066135188340235,MAP_SCADA,103,0.0006411777154170656
5,UPFC_tse,5-15,-2.157033850389164,33,-2.144813432235368,MAP_SCADA,103,0.012220418153796153
0,x_tcsc,1-14,-0.11034198001640978,34,-0.1383357958634321,MAP_SCADA,103,0.027993815847022305
1,B_svc,2,0.18678599517759245,34,0.29581570606898044,MAP_SCADA,103,0.109029710891388
2,UPFC_Vsh,5-15,1.1085563560496479,34,1.1064113634065675,MAP_SCADA,103,0.0021449926430803234
3,UPFC_tsh,5-15,-0.23312360340740504,34,-0.2266328116375553,MAP_SCADA,103,0.006490791769849735
4,UPFC_Vse,5-15,0.060366956294376876,34,0.06066135188340235,MAP_SCADA,103,0.00029439558902547014
5,UPFC_tse,5-15,-2.1581320522383804,34,-2.144813432235368,MAP_SCADA,103,0.013318620003012427
0,x_tcsc,1-14,-0.11311317898577221,35,-0.1383357958634321,MAP_SCADA,103,0.02522261687765988
1,B_svc,2,0.18325163162252295,35,0.29581570606898044,MAP_SCADA,103,0.1125640744464575
2,UPFC_Vsh,5-15,1.1098842983230832,35,1.1064113634065675,MAP_SCADA,103,0.0034729349165156798
3,UPFC_tsh,5-15,-0.23130759162507253,35,-0.2266328116375553,MAP_SCADA,103,0.004674779987517225
4,UPFC_Vse,5-15,0.06016391902929492,35,0.06066135188340235,MAP_SCADA,103,0.0004974328541074297
5,UPFC_tse,5-15,-2.1548243799234137,35,-2.144813432235368,MAP_SCADA,103,0.010010947688045668
0,x_tcsc,1-14,-0.1149720819539307,36,-0.1383357958634321,MAP_SCADA,103,0.023363713909501385
1,B_svc,2,0.1750447967126657,36,0.29581570606898044,MAP_SCADA,103,0.12077090935631474
2,UPFC_Vsh,5-15,1.1102778223388667,36,1.1064113634065675,MAP_SCADA,103,0.0038664589322991993
3,UPFC_tsh,5-15,-0.22961423202170334,36,-0.2266328116375553,MAP_SCADA,103,0.0029814203841480313
4,UPFC_Vse,5-15,0.060175439493694916,36,0.06066135188340235,MAP_SCADA,103,0.00048591238970743106
5,UPFC_tse,5-15,-2.1527252492944804,36,-2.144813432235368,MAP_SCADA,103,0.00791181705911237
0,x_tcsc,1-14,-0.1135383168444,37,-0.1383357958634321,MAP_SCADA,103,0.024797479019032093
1,B_svc,2,0.1808875627066663,37,0.29581570606898044,MAP_SCADA,103,0.11492814336231413
2,UPFC_Vsh,5-15,1.1097833398341765,37,1.1064113634065675,MAP_SCADA,103,0.0033719764276090025
3,UPFC_tsh,5-15,-0.2306731020068669,37,-0.2266328116375553,MAP_SCADA,103,0.004040290369311583
4,UPFC_Vse,5-15,0.059604765997265136,37,0.06066135188340235,MAP_SCADA,103,0.001056585886137211
5,UPFC_tse,5-15,-2.1598551334837475,37,-2.144813432235368,MAP_SCADA,103,0.015041701248379447
0,x_tcsc,1-14,-0.11241197576694792,38,-0.1383357958634321,MAP_SCADA,103,0.025923820096484168
1,B_svc,2,0.18139884194193798,38,0.29581570606898044,MAP_SCADA,103,0.11441686412704247
2,UPFC_Vsh,5-15,1.1092926368032598,38,1.1064113634065675,MAP_SCADA,103,0.0028812733966923076
3,UPFC_tsh,5-15,-0.23168033003577468,38,-0.2266328116375553,MAP_SCADA,103,0.005047518398219375
4,UPFC_Vse,5-15,0.06042739705196942,38,0.06066135188340235,MAP_SCADA,103,0.000233954831432924
5,UPFC_tse,5-15,-2.150262573934795,38,-2.144813432235368,MAP_SCADA,103,0.005449141699426896
0,x_tcsc,1-14,-0.11336627208444718,39,-0.1383357958634321,MAP_SCADA,103,0.02496952377898491
1,B_svc,2,0.1824406965904449,39,0.29581570606898044,MAP_SCADA,103,0.11337500947853554
2,UPFC_Vsh,5-15,1.109450803391796,39,1.1064113634065675,MAP_SCADA,103,0.003039439985228487
3,UPFC_tsh,5-15,-0.23110270791873322,39,-0.2266328116375553,MAP_SCADA,103,0.004469896281177915
4,UPFC_Vse,5-15,0.06015947124209428,39,0.06066135188340235,MAP_SCADA,103,0.0005018806413080654
5,UPFC_tse,5-15,-2.1525195949795397,39,-2.144813432235368,MAP_SCADA,103,0.007706162744171685
0,x_tcsc,1-14,-0.11449781928869908,40,-0.1383357958634321,MAP_SCADA,103,0.023837976574733008
1,B_svc,2,0.17698963311880708,40,0.29581570606898044,MAP_SCADA,103,0.11882607295017336
2,UPFC_Vsh,5-15,1.1099220982081328,40,1.1064113634065675,MAP_SCADA,103,0.003510734801565274
3,UPFC_tsh,5-15,-0.23127461686611703,40,-0.2266328116375553,MAP_SCADA,103,0.004641805228561724
4,UPFC_Vse,5-15,0.060217625795988015,40,0.06066135188340235,MAP_SCADA,103,0.00044372608741433117
5,UPFC_tse,5-15,-2.1504069037421822,40,-2.144813432235368,MAP_SCADA,103,0.005593471506814218
0,x_tcsc,1-14,-0.11093572745407543,41,-0.1383357958634321,MAP_SCADA,103,0.02740006840935666
1,B_svc,2,0.18531896959267724,41,0.29581570606898044,MAP_SCADA,103,0.1104967364763032
2,UPFC_Vsh,5-15,1.108434994048722,41,1.1064113634065675,MAP_SCADA,103,0.0020236306421543837
3,UPFC_tsh,5-15,-0.233408373060217,41,-0.2266328116375553,MAP_SCADA,103,0.006775561422661697
4,UPFC_Vse,5-15,0.060499846182725275,41,0.06066135188340235,MAP_SCADA,103,0.0001615057006770712
5,UPFC_tse,5-15,-2.1601069645717934,41,-2.144813432235368,MAP_SCADA,103,0.015293532336425386
0,x_tcsc,1-14,-0.11147761500004855,42,-0.1383357958634321,MAP_SCADA,103,0.02685818086338354
1,B_svc,2,0.18730903475163513,42,0.29581570606898044,MAP_SCADA,103,0.10850667131734532
2,UPFC_Vsh,5-15,1.1074933658695576,42,1.1064113634065675,MAP_SCADA,103,0.0010820024629900615
3,UPFC_tsh,5-15,-0.23274285808599332,42,-0.2266328116375553,MAP_SCADA,103,0.006110046448438017
4,UPFC_Vse,5-15,0.06046335877714539,42,0.06066135188340235,MAP_SCADA,103,0.0001979931062569551
5,UPFC_tse,5-15,-2.154540752922178,42,-2.144813432235368,MAP_SCADA,103,0.009727320686809815
0,x_tcsc,1-14,-0.11305657612109273,43,-0.1383357958634321,MAP_SCADA,103,0.025279219742339362
1,B_svc,2,0.1792216928206034,43,0.29581570606898044,MAP_SCADA,103,0.11659401324837704
2,UPFC_Vsh,5-15,1.1100005386855296,43,1.1064113634065675,MAP_SCADA,103,0.0035891752789620757
3,UPFC_tsh,5-15,-0.23036578137282954,43,-0.2266328116375553,MAP_SCADA,103,0.003732969735274233
4,UPFC_Vse,5-15,0.06057910375371149,43,0.06066135188340235,MAP_SCADA,103,8.224812969085532e-05
5,UPFC_tse,5-15,-2.1561589997097914,43,-2.144813432235368,MAP_SCADA,103,0.01134556747442339
0,x_tcsc,1-14,-0.11207535639674679,44,-0.1383357958634321,MAP_SCADA,103,0.026260439466685298
1,B_svc,2,0.1846858498020382,44,0.29581570606898044,MAP_SCADA,103,0.11112985626694225
2,UPFC_Vsh,5-15,1.1077601535326256,44,1.1064113634065675,MAP_SCADA,103,0.0013487901260580415
3,UPFC_tsh,5-15,-0.23261638863089268,44,-0.2266328116375553,MAP_SCADA,103,0.005983576993337375
4,UPFC_Vse,5-15,0.06047525859342069,44,0.06066135188340235,MAP_SCADA,103,0.00018609328998165503
5,UPFC_tse,5-15,-2.154046429528506,44,-2.144813432235368,MAP_SCADA,103,0.009232997293137757
0,x_tcsc,1-14,-0.11375431081784133,45,-0.1383357958634321,MAP_SCADA,103,0.024581485045590754
1,B_svc,2,0.17477818719938254,45,0.29581570606898044,MAP_SCADA,103,0.1210375188695979
2,UPFC_Vsh,5-15,1.1093197165452422,45,1.1064113634065675,MAP_SCADA,103,0.0029083531386746575
3,UPFC_tsh,5-15,-0.23071303918734726,45,-0.2266328116375553,MAP_SCADA,103,0.004080227549791954
4,UPFC_Vse,5-15,0.06014026459677954,45,0.06066135188340235,MAP_SCADA,103,0.0005210872866228053
5,UPFC_tse,5-15,-2.15388812615601,45,-2.144813432235368,MAP_SCADA,103,0.009074693920641863
0,x_tcsc,1-14,-0.11310434548909658,46,-0.1383357958634321,MAP_SCADA,103,0.02523145037433551
1,B_svc,2,0.17866334359157365,46,0.29581570606898044,MAP_SCADA,103,0.11715236247740679
2,UPFC_Vsh,5-15,1.108715174743999,46,1.1064113634065675,MAP_SCADA,103,0.002303811337431405
3,UPFC_tsh,5-15,-0.23114836154528098,46,-0.2266328116375553,MAP_SCADA,103,0.00451554990772568
4,UPFC_Vse,5-15,0.060340846612470904,46,0.06066135188340235,MAP_SCADA,103,0.00032050527093144265
5,UPFC_tse,5-15,-2.155077590767528,46,-2.144813432235368,MAP_SCADA,103,0.010264158532160117
0,x_tcsc,1-14,-0.1126163685304988,47,-0.1383357958634321,MAP_SCADA,103,0.02571942733293328
1,B_svc,2,0.1826820223153454,47,0.29581570606898044,MAP_SCADA,103,0.11313368375363506
2,UPFC_Vsh,5-15,1.1078508671343414,47,1.1064113634065675,MAP_SCADA,103,0.0014395037277739053
3,UPFC_tsh,5-15,-0.23195436112425402,47,-0.2266328116375553,MAP_SCADA,103,0.005321549486698718
4,UPFC_Vse,5-15,0.06005427570146322,47,0.06066135188340235,MAP_SCADA,103,0.0006070761819391285
5,UPFC_tse,5-15,-2.149004765473707,47,-2.144813432235368,MAP_SCADA,103,0.004191333238338757
0,x_tcsc,1-14,-0.11202393736720709,48,-0.1383357958634321,MAP_SCADA,103,0.026311858496225
1,B_svc,2,0.18197032083453404,48,0.29581570606898044,MAP_SCADA,103,0.1138453852344464
2,UPFC_Vsh,5-15,1.1088869066003255,48,1.1064113634065675,MAP_SCADA,103,0.0024755431937579786
3,UPFC_tsh,5-15,-0.23173744296455784,48,-0.2266328116375553,MAP_SCADA,103,0.0051046313270025345
4,UPFC_Vse,5-15,0.06064179275722406,48,0.06066135188340235,MAP_SCADA,103,1.9559126178285424e-05
5,UPFC_tse,5-15,-2.1579971846390347,48,-2.144813432235368,MAP_SCADA,103,0.013183752403666649
0,x_tcsc,1-14,-0.11301190854144895,49,-0.1383357958634321,MAP_SCADA,103,0.025323887321983138
1,B_svc,2,0.1826769526565768,49,0.29581570606898044,MAP_SCADA,103,0.11313875341240365
2,UPFC_Vsh,5-15,1.10911972473425,49,1.1064113634065675,MAP_SCADA,103,0.0027083613276823737
3,UPFC_tsh,5-15,-0.23197494578688546,49,-0.2266328116375553,MAP_SCADA,103,0.005342134149330158
4,UPFC_Vse,5-15,0.06039511975662008,49,0.06066135188340235,MAP_SCADA,103,0.00026623212678226343
5,UPFC_tse,5-15,-2.159769366853597,49,-2.144813432235368,MAP_SCADA,103,0.014955934618229083
0,x_tcsc,1-14,-0.11232464740583507,50,-0.1383357958634321,MAP_SCADA,103,0.026011148457597014
1,B_svc,2,0.1804661933096819,50,0.29581570606898044,MAP_SCADA,103,0.11534951275929856
2,UPFC_Vsh,5-15,1.1082997050473367,50,1.1064113634065675,MAP_SCADA,103,0.00188834164076912
3,UPFC_tsh,5-15,-0.23223059620849504,50,-0.2266328116375553,MAP_SCADA,103,0.0055977845709397345
4,UPFC_Vse,5-15,0.060382776568446615,50,0.06066135188340235,MAP_SCADA,103,0.0002785753149557313
5,UPFC_tse,5-15,-2.15506436388257,50,-2.144813432235368,MAP_SCADA,103,0.010250931647202144
0,x_tcsc,1-14,-0.11361562540832322,51,-0.1383357958634321,MAP_SCADA,103,0.024720170455108867
1,B_svc,2,0.17885922469653856,51,0.29581570606898044,MAP_SCADA,103,0.11695648137244188
2,UPFC_Vsh,5-15,1.1070689001567269,51,1.1064113634065675,MAP_SCADA,103,0.0006575367501593377
3,UPFC_tsh,5-15,-0.2321065832889006,51,-0.2266328116375553,MAP_SCADA,103,0.005473771651345299
4,UPFC_Vse,5-15,0.06052340155011435,51,0.06066135188340235,MAP_SCADA,103,0.00013795033328799916
5,UPFC_tse,5-15,-2.1551682308222206,51,-2.144813432235368,MAP_SCADA,103,0.01035479858685262
0,x_tcsc,1-14,-0.10848351521084021,52,-0.1383357958634321,MAP_SCADA,103,0.029852280652591878
1,B_svc,2,0.19662177475265205,52,0.29581570606898044,MAP_SCADA,103,0.0991939313163284
2,UPFC_Vsh,5-15,1.1078003615348868,52,1.1064113634065675,MAP_SCADA,103,0.0013889981283192743
3,UPFC_tsh,5-15,-0.23401474328945562,52,-0.2266328116375553,MAP_SCADA,103,0.00738193165190032
4,UPFC_Vse,5-15,0.06035505211035941,52,0.06066135188340235,MAP_SCADA,103,0.00030629977304293815
5,UPFC_tse,5-15,-2.160186956663391,52,-2.144813432235368,MAP_SCADA,103,0.015373524428023089
0,x_tcsc,1-14,-0.11302618824924493,53,-0.1383357958634321,MAP_SCADA,103,0.025309607614187157
1,B_svc,2,0.1855528678668657,53,0.29581570606898044,MAP_SCADA,103,0.11026283820211474
2,UPFC_Vsh,5-15,1.106401917745756,53,1.1064113634065675,MAP_SCADA,103,9.445660811513434e-06
3,UPFC_tsh,5-15,-0.23299677621338608,53,-0.2266328116375553,MAP_SCADA,103,0.006363964575830772
4,UPFC_Vse,5-15,0.06025677125495774,53,0.06066135188340235,MAP_SCADA,103,0.0004045806284446035
5,UPFC_tse,5-15,-2.1530014389473546,53,-2.144813432235368,MAP_SCADA,103,0.008188006711986606
0,x_tcsc,1-14,-0.10992588267449988,54,-0.1383357958634321,MAP_SCADA,103,0.028409913188932212
1,B_svc,2,0.18850845278962525,54,0.29581570606898044,MAP_SCADA,103,0.1073072532793552
2,UPFC_Vsh,5-15,1.1080263661691967,54,1.1064113634065675,MAP_SCADA,103,0.0016150027626291585
3,UPFC_tsh,5-15,-0.2334353156834582,54,-0.2266328116375553,MAP_SCADA,103,0.006802504045902907
4,UPFC_Vse,5-15,0.060702502198160174,54,0.06066135188340235,MAP_SCADA,103,4.1150314757827655e-05
5,UPFC_tse,5-15,-2.159140326809645,54,-2.144813432235368,MAP_SCADA,103,0.014326894574276938
0,x_tcsc,1-14,-0.11090856933726283,55,-0.1383357958634321,MAP_SCADA,103,0.02742722652616926
1,B_svc,2,0.18390305521965483,55,0.29581570606898044,MAP_SCADA,103,0.11191265084932561
2,UPFC_Vsh,5-15,1.105779728191416,55,1.1064113634065675,MAP_SCADA,103,0.000631635215151638
3,UPFC_tsh,5-15,-0.23355893281144285,55,-0.2266328116375553,MAP_SCADA,103,0.0069261211738875506
4,UPFC_Vse,5-15,0.06052711291959248,55,0.06066135188340235,MAP_SCADA,103,0.00013423896380986705
5,UPFC_tse,5-15,-2.1596477295296808,55,-2.144813432235368,MAP_SCADA,103,0.014834297294312737
0,x_tcsc,1-14,-0.11295801478895467,56,-0.1383357958634321,MAP_SCADA,103,0.025377781074477412
1,B_svc,2,0.18145367109197516,56,0.29581570606898044,MAP_SCADA,103,0.11436203497700528
2,UPFC_Vsh,5-15,1.108183062115895,56,1.1064113634065675,MAP_SCADA,103,0.0017716987093274739
3,UPFC_tsh,5-15,-0.23276754175977452,56,-0.2266328116375553,MAP_SCADA,103,0.006134730122219212
4,UPFC_Vse,5-15,0.060201074271315824,56,0.06066135188340235,MAP_SCADA,103,0.00046027761208652235
5,UPFC_tse,5-15,-2.1541185297160985,56,-2.144813432235368,MAP_SCADA,103,0.009305097480730495
0,x_tcsc,1-14,-0.11331549764469787,57,-0.1383357958634321,MAP_SCADA,103,0.02502029821873422
1,B_svc,2,0.18113549787680508,57,0.29581570606898044,MAP_SCADA,103,0.11468020819217536
2,UPFC_Vsh,5-15,1.1080297025810695,57,1.1064113634065675,MAP_SCADA,103,0.001618339174501937
3,UPFC_tsh,5-15,-0.2318175980644757,57,-0.2266328116375553,MAP_SCADA,103,0.005184786426920385
4,UPFC_Vse,5-15,0.05974123277280337,57,0.06066135188340235,MAP_SCADA,103,0.0009201191105989784
5,UPFC_tse,5-15,-2.1568552925009024,57,-2.144813432235368,MAP_SCADA,103,0.012041860265534332
0,x_tcsc,1-14,-0.11259592447870835,58,-0.1383357958634321,MAP_SCADA,103,0.025739871384723736
1,B_svc,2,0.1855124996650732,58,0.29581570606898044,MAP_SCADA,103,0.11030320640390726
2,UPFC_Vsh,5-15,1.1041639179721214,58,1.1064113634065675,MAP_SCADA,103,0.002247445434446105
3,UPFC_tsh,5-15,-0.2337457779457213,58,-0.2266328116375553,MAP_SCADA,103,0.007112966308165991
4,UPFC_Vse,5-15,0.060641571824637475,58,0.06066135188340235,MAP_SCADA,103,1.9780058764871933e-05
5,UPFC_tse,5-15,-2.1560231945507224,58,-2.144813432235368,MAP_SCADA,103,0.011209762315354421
0,x_tcsc,1-14,-0.11286231559448634,59,-0.1383357958634321,MAP_SCADA,103,0.025473480268945747
1,B_svc,2,0.1817952967432671,59,0.29581570606898044,MAP_SCADA,103,0.11402040932571333
2,UPFC_Vsh,5-15,1.108691902973475,59,1.1064113634065675,MAP_SCADA,103,0.0022805395669074358
3,UPFC_tsh,5-15,-0.23184199738940517,59,-0.2266328116375553,MAP_SCADA,103,0.005209185751849865
4,UPFC_Vse,5-15,0.060454713383064476,59,0.06066135188340235,MAP_SCADA,103,0.0002066385003378704
5,UPFC_tse,5-15,-2.15495703243471,59,-2.144813432235368,MAP_SCADA,103,0.010143600199342018
0,x_tcsc,1-14,-0.1125451676959699,60,-0.1383357958634321,MAP_SCADA,103,0.025790628167462193
1,B_svc,2,0.18446213206889514,60,0.29581570606898044,MAP_SCADA,103,0.1113535740000853
2,UPFC_Vsh,5-15,1.108050671247431,60,1.1064113634065675,MAP_SCADA,103,0.0016393078408634132
3,UPFC_tsh,5-15,-0.2323091987208775,60,-0.2266328116375553,MAP_SCADA,103,0.0056763870833221874
4,UPFC_Vse,5-15,0.06027242282692596,60,0.06066135188340235,MAP_SCADA,103,0.0003889290564763892
5,UPFC_tse,5-15,-2.1526136198908206,60,-2.144813432235368,MAP_SCADA,103,0.0078001876554525396
0,x_tcsc,1-14,-0.11410481713499057,61,-0.1383357958634321,MAP_SCADA,103,0.024230978728441516
1,B_svc,2,0.17972519930177294,61,0.29581570606898044,MAP_SCADA,103,0.1160905067672075
2,UPFC_Vsh,5-15,1.1062344025143551,61,1.1064113634065675,MAP_SCADA,103,0.00017696089221241884
3,UPFC_tsh,5-15,-0.23187134686501007,61,-0.2266328116375553,MAP_SCADA,103,0.005238535227454766
4,UPFC_Vse,5-15,0.06071318870310169,61,0.06066135188340235,MAP_SCADA,103,5.183681969934267e-05
5,UPFC_tse,5-15,-2.1542601835848503,61,-2.144813432235368,MAP_SCADA,103,0.009446751349482252
0,x_tcsc,1-14,-0.1115933269007217,62,-0.1383357958634321,MAP_SCADA,103,0.02674246896271039
1,B_svc,2,0.18400213468782292,62,0.29581570606898044,MAP_SCADA,103,0.11181357138115752
2,UPFC_Vsh,5-15,1.1074571520285303,62,1.1064113634065675,MAP_SCADA,103,0.0010457886219628065
3,UPFC_tsh,5-15,-0.23263168864163766,62,-0.2266328116375553,MAP_SCADA,103,0.005998877004082359
4,UPFC_Vse,5-15,0.05996998341083485,62,0.06066135188340235,MAP_SCADA,103,0.0006913684725674968
5,UPFC_tse,5-15,-2.1600345054626127,62,-2.144813432235368,MAP_SCADA,103,0.015221073227244641
0,x_tcsc,1-14,-0.11148815154244913,63,-0.1383357958634321,MAP_SCADA,103,0.026847644320982952
1,B_svc,2,0.18721449786679403,63,0.29581570606898044,MAP_SCADA,103,0.10860120820218641
2,UPFC_Vsh,5-15,1.1070688856726931,63,1.1064113634065675,MAP_SCADA,103,0.0006575222661255875
3,UPFC_tsh,5-15,-0.23342688662212113,63,-0.2266328116375553,MAP_SCADA,103,0.006794074984565829
4,UPFC_Vse,5-15,0.05977947534148236,63,0.06066135188340235,MAP_SCADA,103,0.0008818765419199848
5,UPFC_tse,5-15,-2.1563252483151594,63,-2.144813432235368,MAP_SCADA,103,0.011511816079791348
0,x_tcsc,1-14,-0.11195724792908147,64,-0.1383357958634321,MAP_SCADA,103,0.026378547934350613
1,B_svc,2,0.18532267620046441,64,0.29581570606898044,MAP_SCADA,103,0.11049302986851603
2,UPFC_Vsh,5-15,1.1062982148266969,64,1.1064113634065675,MAP_SCADA,103,0.00011314857987065885
3,UPFC_tsh,5-15,-0.23231828006468574,64,-0.2266328116375553,MAP_SCADA,103,0.005685468427130441
4,UPFC_Vse,5-15,0.060691859349195215,64,0.06066135188340235,MAP_SCADA,103,3.0507465792868615e-05
5,UPFC_tse,5-15,-2.152693367047146,64,-2.144813432235368,MAP_SCADA,103,0.007879934811778178
0,x_tcsc,1-14,-0.11295515105283893,65,-0.1383357958634321,MAP_SCADA,103,0.025380644810593156
1,B_svc,2,0.18060145943688566,65,0.29581570606898044,MAP_SCADA,103,0.11521424663209479
2,UPFC_Vsh,5-15,1.1078146006483933,65,1.1064113634065675,MAP_SCADA,103,0.0014032372418257832
3,UPFC_tsh,5-15,-0.23209500185534337,65,-0.2266328116375553,MAP_SCADA,103,0.005462190217788071
4,UPFC_Vse,5-15,0.06005942127011483,65,0.06066135188340235,MAP_SCADA,103,0.0006019306132875185
5,UPFC_tse,5-15,-2.152035993257443,65,-2.144813432235368,MAP_SCADA,103,0.00722256102207508
0,x_tcsc,1-14,-0.1105648668522165,66,-0.1383357958634321,MAP_SCADA,103,0.027770929011215584
1,B_svc,2,0.1904464047979305,66,0.29581570606898044,MAP_SCADA,103,0.10536930127104993
2,UPFC_Vsh,5-15,1.108306155074037,66,1.1064113634065675,MAP_SCADA,103,0.0018947916674694198
3,UPFC_tsh,5-15,-0.23257200768493028,66,-0.2266328116375553,MAP_SCADA,103,0.005939196047374973
4,UPFC_Vse,5-15,0.06025958607178324,66,0.06066135188340235,MAP_SCADA,103,0.00040176581161910363
5,UPFC_tse,5-15,-2.1546439224482006,66,-2.144813432235368,MAP_SCADA,103,0.009830490212832554
0,x_tcsc,1-14,-0.11119767728780644,67,-0.1383357958634321,MAP_SCADA,103,0.027138118575625647
1,B_svc,2,0.18569084335624564,67,0.29581570606898044,MAP_SCADA,103,0.1101248627127348
2,UPFC_Vsh,5-15,1.106366563748709,67,1.1064113634065675,MAP_SCADA,103,4.4799657858529685e-05
3,UPFC_tsh,5-15,-0.23386903030465617,67,-0.2266328116375553,MAP_SCADA,103,0.007236218667100863
4,UPFC_Vse,5-15,0.06056370946115216,67,0.06066135188340235,MAP_SCADA,103,9.764242225018815e-05
5,UPFC_tse,5-15,-2.1571921085846038,67,-2.144813432235368,MAP_SCADA,103,0.012378676349235729
0,x_tcsc,1-14,-0.11483410186228073,68,-0.1383357958634321,MAP_SCADA,103,0.02350169400115136
1,B_svc,2,0.17781365828617798,68,0.29581570606898044,MAP_SCADA,103,0.11800204778280246
2,UPFC_Vsh,5-15,1.106598391691374,68,1.1064113634065675,MAP_SCADA,103,0.00018702828480643419
3,UPFC_tsh,5-15,-0.23154604520573963,68,-0.2266328116375553,MAP_SCADA,103,0.004913233568184322
4,UPFC_Vse,5-15,0.06029084534704604,68,0.06066135188340235,MAP_SCADA,103,0.0003705065363563062
5,UPFC_tse,5-15,-2.154853142467964,68,-2.144813432235368,MAP_SCADA,103,0.010039710232595755
0,x_tcsc,1-14,-0.11173747291563595,69,-0.1383357958634321,MAP_SCADA,103,0.02659832294779614
1,B_svc,2,0.18495146124073875,69,0.29581570606898044,MAP_SCADA,103,0.1108642448282417
2,UPFC_Vsh,5-15,1.1072218108273122,69,1.1064113634065675,MAP_SCADA,103,0.0008104474207446533
3,UPFC_tsh,5-15,-0.23243266776604807,69,-0.2266328116375553,MAP_SCADA,103,0.005799856128492764
4,UPFC_Vse,5-15,0.05983529988183588,69,0.06066135188340235,MAP_SCADA,103,0.0008260520015664699
5,UPFC_tse,5-15,-2.162200479914194,69,-2.144813432235368,MAP_SCADA,103,0.01738704767882604
0,x_tcsc,1-14,-0.11161295954054895,70,-0.1383357958634321,MAP_SCADA,103,0.026722836322883137
1,B_svc,2,0.18626377458114451,70,0.29581570606898044,MAP_SCADA,103,0.10955193148783593
2,UPFC_Vsh,5-15,1.1076076388806437,70,1.1064113634065675,MAP_SCADA,103,0.0011962754740761916
3,UPFC_tsh,5-15,-0.23241563686137293,70,-0.2266328116375553,MAP_SCADA,103,0.0057828252238176225
4,UPFC_Vse,5-15,0.0600901778234442,70,0.06066135188340235,MAP_SCADA,103,0.0005711740599581433
5,UPFC_tse,5-15,-2.159739654223675,70,-2.144813432235368,MAP_SCADA,103,0.014926221988306843
0,x_tcsc,1-14,-0.11023236043321037,71,-0.1383357958634321,MAP_SCADA,103,0.028103435430221715
1,B_svc,2,0.18490639389636032,71,0.29581570606898044,MAP_SCADA,103,0.11090931217262012
2,UPFC_Vsh,5-15,1.1080515269839228,71,1.1064113634065675,MAP_SCADA,103,0.0016401635773553025
3,UPFC_tsh,5-15,-0.23367155568450076,71,-0.2266328116375553,MAP_SCADA,103,0.007038744046945461
4,UPFC_Vse,5-15,0.05956459850884551,71,0.06066135188340235,MAP_SCADA,103,0.0010967533745568359
5,UPFC_tse,5-15,-2.1603199827972,71,-2.144813432235368,MAP_SCADA,103,0.015506550561831922
0,x_tcsc,1-14,-0.11481364685907605,72,-0.1383357958634321,MAP_SCADA,103,0.023522149004356036
1,B_svc,2,0.1740477843073324,72,0.29581570606898044,MAP_SCADA,103,0.12176792176164805
2,UPFC_Vsh,5-15,1.1093478133268266,72,1.1064113634065675,MAP_SCADA,103,0.002936449920259099
3,UPFC_tsh,5-15,-0.23031014743099787,72,-0.2266328116375553,MAP_SCADA,103,0.0036773357934425654
4,UPFC_Vse,5-15,0.060376298368476404,72,0.06066135188340235,MAP_SCADA,103,0.00028505351492594255
5,UPFC_tse,5-15,-2.152526010071022,72,-2.144813432235368,MAP_SCADA,103,0.007712577835654155
0,x_tcsc,1-14,-0.11119939553174198,73,-0.1383357958634321,MAP_SCADA,103,0.02713640033169011
1,B_svc,2,0.18238211869777293,73,0.29581570606898044,MAP_SCADA,103,0.11343358737120751
2,UPFC_Vsh,5-15,1.1078410496521713,73,1.1064113634065675,MAP_SCADA,103,0.0014296862456038006
3,UPFC_tsh,5-15,-0.23244182663890925,73,-0.2266328116375553,MAP_SCADA,103,0.0058090150013539454
4,UPFC_Vse,5-15,0.060123430715658725,73,0.06066135188340235,MAP_SCADA,103,0.0005379211677436213
5,UPFC_tse,5-15,-2.154635166458868,73,-2.144813432235368,MAP_SCADA,103,0.009821734223499856
0,x_tcsc,1-14,-0.11245131488496514,74,-0.1383357958634321,MAP_SCADA,103,0.025884480978466948
1,B_svc,2,0.18306689732739356,74,0.29581570606898044,MAP_SCADA,103,0.11274880874158688
2,UPFC_Vsh,5-15,1.1060877669311164,74,1.1064113634065675,MAP_SCADA,103,0.0003235964754511045
3,UPFC_tsh,5-15,-0.23225569221922024,74,-0.2266328116375553,MAP_SCADA,103,0.005622880581664935
4,UPFC_Vse,5-15,0.06060816821702223,74,0.06066135188340235,MAP_SCADA,103,5.318366638011607e-05
5,UPFC_tse,5-15,-2.1530639197953803,74,-2.144813432235368,MAP_SCADA,103,0.008250487560012232
0,x_tcsc,1-14,-0.11266851956063793,75,-0.1383357958634321,MAP_SCADA,103,0.025667276302794154
1,B_svc,2,0.17942389982839835,75,0.29581570606898044,MAP_SCADA,103,0.1163918062405821
2,UPFC_Vsh,5-15,1.1060512896544898,75,1.1064113634065675,MAP_SCADA,103,0.0003600737520776942
3,UPFC_tsh,5-15,-0.2321833929982741,75,-0.2266328116375553,MAP_SCADA,103,0.005550581360718787
4,UPFC_Vse,5-15,0.0603953238342974,75,0.06066135188340235,MAP_SCADA,103,0.0002660280491049438
5,UPFC_tse,5-15,-2.156912981216897,75,-2.144813432235368,MAP_SCADA,103,0.012099548981528763
0,x_tcsc,1-14,-0.11320542384235198,76,-0.1383357958634321,MAP_SCADA,103,0.025130372021080108
1,B_svc,2,0.17986454173726527,76,0.29581570606898044,MAP_SCADA,103,0.11595116433171518
2,UPFC_Vsh,5-15,1.107140576441596,76,1.1064113634065675,MAP_SCADA,103,0.0007292130350284864
3,UPFC_tsh,5-15,-0.2321309439923157,76,-0.2266328116375553,MAP_SCADA,103,0.005498132354760404
4,UPFC_Vse,5-15,0.06060513321190883,76,0.06066135188340235,MAP_SCADA,103,5.621867149351728e-05
5,UPFC_tse,5-15,-2.154545901987454,76,-2.144813432235368,MAP_SCADA,103,0.009732469752086192
0,x_tcsc,1-14,-0.11027983805247656,77,-0.1383357958634321,MAP_SCADA,103,0.02805595781095553
1,B_svc,2,0.19039840003568215,77,0.29581570606898044,MAP_SCADA,103,0.1054173060332983
2,UPFC_Vsh,5-15,1.1060914983424281,77,1.1064113634065675,MAP_SCADA,103,0.00031986506413939075
3,UPFC_tsh,5-15,-0.23354511247093693,77,-0.2266328116375553,MAP_SCADA,103,0.006912300833381624
4,UPFC_Vse,5-15,0.06064689698951932,77,0.06066135188340235,MAP_SCADA,103,1.4454893883027176e-05
5,UPFC_tse,5-15,-2.163946771282591,77,-2.144813432235368,MAP_SCADA,103,0.019133339047222808
0,x_tcsc,1-14,-0.11238909219532701,78,-0.1383357958634321,MAP_SCADA,103,0.025946703668105073
1,B_svc,2,0.18583281855938802,78,0.29581570606898044,MAP_SCADA,103,0.10998288750959243
2,UPFC_Vsh,5-15,1.1047114060882188,78,1.1064113634065675,MAP_SCADA,103,0.0016999573183487104
3,UPFC_tsh,5-15,-0.23331161314458537,78,-0.2266328116375553,MAP_SCADA,103,0.006678801507030069
4,UPFC_Vse,5-15,0.060731876001881645,78,0.06066135188340235,MAP_SCADA,103,7.052411847929818e-05
5,UPFC_tse,5-15,-2.1574975209251144,78,-2.144813432235368,MAP_SCADA,103,0.012684088689746353
0,x_tcsc,1-14,-0.11227674867262306,79,-0.1383357958634321,MAP_SCADA,103,0.026059047190809023
1,B_svc,2,0.17798850759682364,79,0.29581570606898044,MAP_SCADA,103,0.11782719847215681
2,UPFC_Vsh,5-15,1.1091646776389321,79,1.1064113634065675,MAP_SCADA,103,0.0027533142323645787
3,UPFC_tsh,5-15,-0.2318079257618266,79,-0.2266328116375553,MAP_SCADA,103,0.005175114124271296
4,UPFC_Vse,5-15,0.0602518094619551,79,0.06066135188340235,MAP_SCADA,103,0.000409542421447244
5,UPFC_tse,5-15,-2.1581915717638798,79,-2.144813432235368,MAP_SCADA,103,0.013378139528511745
0,x_tcsc,1-14,-0.1103069614975914,80,-0.1383357958634321,MAP_SCADA,103,0.028028834365840694
1,B_svc,2,0.1855188842432045,80,0.29581570606898044,MAP_SCADA,103,0.11029682182577594
2,UPFC_Vsh,5-15,1.1082246409705168,80,1.1064113634065675,MAP_SCADA,103,0.0018132775639492227
3,UPFC_tsh,5-15,-0.23237219805571732,80,-0.2266328116375553,MAP_SCADA,103,0.005739386418162018
4,UPFC_Vse,5-15,0.06017729077889988,80,0.06066135188340235,MAP_SCADA,103,0.00048406110450246315
5,UPFC_tse,5-15,-2.1579965052878802,80,-2.144813432235368,MAP_SCADA,103,0.013183073052512206
0,x_tcsc,1-14,-0.11484420222689054,81,-0.1383357958634321,MAP_SCADA,103,0.023491593636541547
1,B_svc,2,0.17324317502602474,81,0.29581570606898044,MAP_SCADA,103,0.1225725310429557
2,UPFC_Vsh,5-15,1.107767203557404,81,1.1064113634065675,MAP_SCADA,103,0.0013558401508364515
3,UPFC_tsh,5-15,-0.23072723953847235,81,-0.2266328116375553,MAP_SCADA,103,0.004094427900917047
4,UPFC_Vse,5-15,0.060976563935023265,81,0.06066135188340235,MAP_SCADA,103,0.0003152120516209181
5,UPFC_tse,5-15,-2.149647198018337,81,-2.144813432235368,MAP_SCADA,103,0.004833765782969124
0,x_tcsc,1-14,-0.11180805607061052,82,-0.1383357958634321,MAP_SCADA,103,0.026527739792821567
1,B_svc,2,0.18178182354392003,82,0.29581570606898044,MAP_SCADA,103,0.11403388252506041
2,UPFC_Vsh,5-15,1.1089313718683742,82,1.1064113634065675,MAP_SCADA,103,0.0025200084618066665
3,UPFC_tsh,5-15,-0.2325040165114551,82,-0.2266328116375553,MAP_SCADA,103,0.005871204873899805
4,UPFC_Vse,5-15,0.059750170374855985,82,0.06066135188340235,MAP_SCADA,103,0.0009111815085463618
5,UPFC_tse,5-15,-2.157267769739594,82,-2.144813432235368,MAP_SCADA,103,0.012454337504225865
0,x_tcsc,1-14,-0.11196594835243269,83,-0.1383357958634321,MAP_SCADA,103,0.026369847510999397
1,B_svc,2,0.18358007288343284,83,0.29581570606898044,MAP_SCADA,103,0.1122356331855476
2,UPFC_Vsh,5-15,1.1066161622964277,83,1.1064113634065675,MAP_SCADA,103,0.00020479888986013606
3,UPFC_tsh,5-15,-0.2338622644581635,83,-0.2266328116375553,MAP_SCADA,103,0.00722945282060819
4,UPFC_Vse,5-15,0.060341497574501454,83,0.06066135188340235,MAP_SCADA,103,0.00031985430890089234
5,UPFC_tse,5-15,-2.1576262979870653,83,-2.144813432235368,MAP_SCADA,103,0.012812865751697267
0,x_tcsc,1-14,-0.11242372645679247,84,-0.1383357958634321,MAP_SCADA,103,0.02591206940663962
1,B_svc,2,0.181063038342786,84,0.29581570606898044,MAP_SCADA,103,0.11475266772619444
2,UPFC_Vsh,5-15,1.1081734188444792,84,1.1064113634065675,MAP_SCADA,103,0.001762055437911636
3,UPFC_tsh,5-15,-0.23205042242021406,84,-0.2266328116375553,MAP_SCADA,103,0.0054176107826587605
4,UPFC_Vse,5-15,0.060297588621276065,84,0.06066135188340235,MAP_SCADA,103,0.00036376326212628207
5,UPFC_tse,5-15,-2.1552974337286637,84,-2.144813432235368,MAP_SCADA,103,0.010484001493295647
0,x_tcsc,1-14,-0.11184343666634057,85,-0.1383357958634321,MAP_SCADA,103,0.026492359197091517
1,B_svc,2,0.18561959631485753,85,0.29581570606898044,MAP_SCADA,103,0.11019610975412292
2,UPFC_Vsh,5-15,1.1067012175816726,85,1.1064113634065675,MAP_SCADA,103,0.0002898541751050754
3,UPFC_tsh,5-15,-0.23200039920807386,85,-0.2266328116375553,MAP_SCADA,103,0.005367587570518556
4,UPFC_Vse,5-15,0.060508485515277884,85,0.06066135188340235,MAP_SCADA,103,0.00015286636812446297
5,UPFC_tse,5-15,-2.156137188259973,85,-2.144813432235368,MAP_SCADA,103,0.011323756024605114
0,x_tcsc,1-14,-0.11364135301624523,86,-0.1383357958634321,MAP_SCADA,103,0.02469444284718686
1,B_svc,2,0.1821219783944858,86,0.29581570606898044,MAP_SCADA,103,0.11369372767449465
2,UPFC_Vsh,5-15,1.107820798130156,86,1.1064113634065675,MAP_SCADA,103,0.0014094347235884541
3,UPFC_tsh,5-15,-0.2322128959487655,86,-0.2266328116375553,MAP_SCADA,103,0.005580084311210209
4,UPFC_Vse,5-15,0.060660300434416836,86,0.06066135188340235,MAP_SCADA,103,1.0514489855104059e-06
5,UPFC_tse,5-15,-2.1513489737161597,86,-2.144813432235368,MAP_SCADA,103,0.006535541480791718
0,x_tcsc,1-14,-0.11243275414694069,87,-0.1383357958634321,MAP_SCADA,103,0.025903041716491396
1,B_svc,2,0.18119025313673967,87,0.29581570606898044,MAP_SCADA,103,0.11462545293224077
2,UPFC_Vsh,5-15,1.1088940270782162,87,1.1064113634065675,MAP_SCADA,103,0.0024826636716486217
3,UPFC_tsh,5-15,-0.2316124266592611,87,-0.2266328116375553,MAP_SCADA,103,0.004979615021705797
4,UPFC_Vse,5-15,0.060193264965839675,87,0.06066135188340235,MAP_SCADA,103,0.0004680869175626712
5,UPFC_tse,5-15,-2.1547446105680494,87,-2.144813432235368,MAP_SCADA,103,0.009931178332681423
0,x_tcsc,1-14,-0.1117050885844963,88,-0.1383357958634321,MAP_SCADA,103,0.02663070727893578
1,B_svc,2,0.18225177768878625,88,0.29581570606898044,MAP_SCADA,103,0.11356392838019419
2,UPFC_Vsh,5-15,1.1091187232902788,88,1.1064113634065675,MAP_SCADA,103,0.002707359883711291
3,UPFC_tsh,5-15,-0.23202232715977783,88,-0.2266328116375553,MAP_SCADA,103,0.005389515522222527
4,UPFC_Vse,5-15,0.060376671714547456,88,0.06066135188340235,MAP_SCADA,103,0.00028468016885489084
5,UPFC_tse,5-15,-2.162073760045472,88,-2.144813432235368,MAP_SCADA,103,0.01726032781010378
0,x_tcsc,1-14,-0.11379815943239346,89,-0.1383357958634321,MAP_SCADA,103,0.024537636431038623
1,B_svc,2,0.1805462804774064,89,0.29581570606898044,MAP_SCADA,103,0.11526942559157405
2,UPFC_Vsh,5-15,1.1080653754934764,89,1.1064113634065675,MAP_SCADA,103,0.0016540120869088515
3,UPFC_tsh,5-15,-0.2315678341219605,89,-0.2266328116375553,MAP_SCADA,103,0.004935022484405194
4,UPFC_Vse,5-15,0.060031095941406064,89,0.06066135188340235,MAP_SCADA,103,0.0006302559419962828
5,UPFC_tse,5-15,-2.159275756025949,89,-2.144813432235368,MAP_SCADA,103,0.014462323790580989
0,x_tcsc,1-14,-0.11269324663045342,90,-0.1383357958634321,MAP_SCADA,103,0.025642549232978665
1,B_svc,2,0.1821197549092243,90,0.29581570606898044,MAP_SCADA,103,0.11369595115975614
2,UPFC_Vsh,5-15,1.1062962965124052,90,1.1064113634065675,MAP_SCADA,103,0.00011506689416229676
3,UPFC_tsh,5-15,-0.23417220359261745,90,-0.2266328116375553,MAP_SCADA,103,0.007539391955062147
4,UPFC_Vse,5-15,0.060051107680717156,90,0.06066135188340235,MAP_SCADA,103,0.0006102442026851909
5,UPFC_tse,5-15,-2.157194858291217,90,-2.144813432235368,MAP_SCADA,103,0.012381426055848799
0,x_tcsc,1-14,-0.11164315453934559,91,-0.1383357958634321,MAP_SCADA,103,0.026692641324086497
1,B_svc,2,0.18654973269484112,91,0.29581570606898044,MAP_SCADA,103,0.10926597337413932
2,UPFC_Vsh,5-15,1.1068988496328513,91,1.1064113634065675,MAP_SCADA,103,0.00048748622628380645
3,UPFC_tsh,5-15,-0.23361650316009025,91,-0.2266328116375553,MAP_SCADA,103,0.006983691522534946
4,UPFC_Vse,5-15,0.060603644534026314,91,0.06066135188340235,MAP_SCADA,103,5.770734937603217e-05
5,UPFC_tse,5-15,-2.1555270160668036,91,-2.144813432235368,MAP_SCADA,103,0.010713583831435614
0,x_tcsc,1-14,-0.11320362379910998,92,-0.1383357958634321,MAP_SCADA,103,0.02513217206432211
1,B_svc,2,0.1817882088694763,92,0.29581570606898044,MAP_SCADA,103,0.11402749719950414
2,UPFC_Vsh,5-15,1.1076439408886294,92,1.1064113634065675,MAP_SCADA,103,0.0012325774820618474
3,UPFC_tsh,5-15,-0.23202215347050792,92,-0.2266328116375553,MAP_SCADA,103,0.0053893418329526155
4,UPFC_Vse,5-15,0.06037604036313058,92,0.06066135188340235,MAP_SCADA,103,0.00028531152027176654
5,UPFC_tse,5-15,-2.158383119696829,92,-2.144813432235368,MAP_SCADA,103,0.013569687461461033
0,x_tcsc,1-14,-0.10898873491513596,93,-0.1383357958634321,MAP_SCADA,103,0.02934706094829613
1,B_svc,2,0.19068847968051864,93,0.29581570606898044,MAP_SCADA,103,0.10512722638846181
2,UPFC_Vsh,5-15,1.1066670030248402,93,1.1064113634065675,MAP_SCADA,103,0.000255639618272685
3,UPFC_tsh,5-15,-0.23438533687847693,93,-0.2266328116375553,MAP_SCADA,103,0.007752525240921626
4,UPFC_Vse,5-15,0.06075473700274517,93,0.06066135188340235,MAP_SCADA,103,9.338511934282173e-05
5,UPFC_tse,5-15,-2.1592122319698612,93,-2.144813432235368,MAP_SCADA,103,0.014398799734493206
0,x_tcsc,1-14,-0.11178711151202753,94,-0.1383357958634321,MAP_SCADA,103,0.02654868435140456
1,B_svc,2,0.1862241898982063,94,0.29581570606898044,MAP_SCADA,103,0.10959151617077414
2,UPFC_Vsh,5-15,1.1073746068132924,94,1.1064113634065675,MAP_SCADA,103,0.000963243406724823
3,UPFC_tsh,5-15,-0.23271118962076062,94,-0.2266328116375553,MAP_SCADA,103,0.006078377983205319
4,UPFC_Vse,5-15,0.05974367351699315,94,0.06066135188340235,MAP_SCADA,103,0.0009176783664091998
5,UPFC_tse,5-15,-2.1591837303616974,94,-2.144813432235368,MAP_SCADA,103,0.014370298126329395
0,x_tcsc,1-14,-0.11281811211419954,95,-0.1383357958634321,MAP_SCADA,103,0.02551768374923255
1,B_svc,2,0.1798423535605849,95,0.29581570606898044,MAP_SCADA,103,0.11597335250839555
2,UPFC_Vsh,5-15,1.1107640975000732,95,1.1064113634065675,MAP_SCADA,103,0.004352734093505672
3,UPFC_tsh,5-15,-0.23130359362426886,95,-0.2266328116375553,MAP_SCADA,103,0.004670781986713557
4,UPFC_Vse,5-15,0.060407635714608096,95,0.06066135188340235,MAP_SCADA,103,0.00025371616879425046
5,UPFC_tse,5-15,-2.15105994964005,95,-2.144813432235368,MAP_SCADA,103,0.006246517404682184
0,x_tcsc,1-14,-0.11195570137059803,96,-0.1383357958634321,MAP_SCADA,103,0.026380094492834058
1,B_svc,2,0.18764742666765016,96,0.29581570606898044,MAP_SCADA,103,0.10816827940133028
2,UPFC_Vsh,5-15,1.109255661757014,96,1.1064113634065675,MAP_SCADA,103,0.002844298350446417
3,UPFC_tsh,5-15,-0.23200538249675867,96,-0.2266328116375553,MAP_SCADA,103,0.005372570859203368
4,UPFC_Vse,5-15,0.06062835131201776,96,0.06066135188340235,MAP_SCADA,103,3.300057138458379e-05
5,UPFC_tse,5-15,-2.1573787027016547,96,-2.144813432235368,MAP_SCADA,103,0.012565270466286638
0,x_tcsc,1-14,-0.11174140659467031,97,-0.1383357958634321,MAP_SCADA,103,0.026594389268761773
1,B_svc,2,0.18426488750022654,97,0.29581570606898044,MAP_SCADA,103,0.1115508185687539
2,UPFC_Vsh,5-15,1.108756821574409,97,1.1064113634065675,MAP_SCADA,103,0.0023454581678414854
3,UPFC_tsh,5-15,-0.23306784874770028,97,-0.2266328116375553,MAP_SCADA,103,0.006435037110144981
4,UPFC_Vse,5-15,0.059787575256518455,97,0.06066135188340235,MAP_SCADA,103,0.0008737766268838917
5,UPFC_tse,5-15,-2.1580555421623253,97,-2.144813432235368,MAP_SCADA,103,0.01324210992695729
0,x_tcsc,1-14,-0.11246565688486991,98,-0.1383357958634321,MAP_SCADA,103,0.025870138978562177
1,B_svc,2,0.18285318023999722,98,0.29581570606898044,MAP_SCADA,103,0.11296252582898322
2,UPFC_Vsh,5-15,1.109484306840395,98,1.1064113634065675,MAP_SCADA,103,0.0030729434338274686
3,UPFC_tsh,5-15,-0.23208286556886998,98,-0.2266328116375553,MAP_SCADA,103,0.0054500539313146745
4,UPFC_Vse,5-15,0.0605315567883521,98,0.06066135188340235,MAP_SCADA,103,0.00012979509505024744
5,UPFC_tse,5-15,-2.1553071214667407,98,-2.144813432235368,MAP_SCADA,103,0.010493689231372727
0,x_tcsc,1-14,-0.1137018084065269,99,-0.1383357958634321,MAP_SCADA,103,0.02463398745690519
1,B_svc,2,0.17857495229728937,99,0.29581570606898044,MAP_SCADA,103,0.11724075377169108
2,UPFC_Vsh,5-15,1.1088238971653452,99,1.1064113634065675,MAP_SCADA,103,0.002412533758777702
3,UPFC_tsh,5-15,-0.23186387590410268,99,-0.2266328116375553,MAP_SCADA,103,0.005231064266547375
4,UPFC_Vse,5-15,0.06031676127760777,99,0.06066135188340235,MAP_SCADA,103,0.00034459060579457995
5,UPFC_tse,5-15,-2.153187140622384,99,-2.144813432235368,MAP_SCADA,103,0.008373708387015899
0,x_tcsc,1-14,-0.1089531511781327,0,-0.1389065981423208,MAP_SCADA,105,0.029953446964188085
1,B_svc,2,0.1897935387956435,0,0.2986171371240459,MAP_SCADA,105,0.10882359832840241
2,UPFC_Vsh,5-15,1.1087431100620921,0,1.105798506802651,MAP_SCADA,105,0.0029446032594411253
3,UPFC_tsh,5-15,-0.23330975381613128,0,-0.2262354727467334,MAP_SCADA,105,0.007074281069397892
4,UPFC_Vse,5-15,0.059910786553985726,0,0.06078399023278652,MAP_SCADA,105,0.0008732036788007963
5,UPFC_tse,5-15,-2.1617541252362744,0,-2.150275100586329,MAP_SCADA,105,0.011479024649945213
0,x_tcsc,1-14,-0.111586134031699,1,-0.1389065981423208,MAP_SCADA,105,0.027320464110621792
1,B_svc,2,0.18277825912481013,1,0.2986171371240459,MAP_SCADA,105,0.11583887799923578
2,UPFC_Vsh,5-15,1.1082234287991541,1,1.105798506802651,MAP_SCADA,105,0.0024249219965031266
3,UPFC_tsh,5-15,-0.23190643054264615,1,-0.2262354727467334,MAP_SCADA,105,0.005670957795912757
4,UPFC_Vse,5-15,0.06059477305551764,1,0.06078399023278652,MAP_SCADA,105,0.00018921717726888554
5,UPFC_tse,5-15,-2.1540585190564276,1,-2.150275100586329,MAP_SCADA,105,0.003783418470098443
0,x_tcsc,1-14,-0.11211395804478234,2,-0.1389065981423208,MAP_SCADA,105,0.026792640097538442
1,B_svc,2,0.1868625727668949,2,0.2986171371240459,MAP_SCADA,105,0.111754564357151
2,UPFC_Vsh,5-15,1.1067411309471762,2,1.105798506802651,MAP_SCADA,105,0.0009426241445251726
3,UPFC_tsh,5-15,-0.2331739941656229,2,-0.2262354727467334,MAP_SCADA,105,0.0069385214188895095
4,UPFC_Vse,5-15,0.0609363740875178,2,0.06078399023278652,MAP_SCADA,105,0.0001523838547312778
5,UPFC_tse,5-15,-2.152871154024673,2,-2.150275100586329,MAP_SCADA,105,0.002596053438344015
0,x_tcsc,1-14,-0.11285742257812492,3,-0.1389065981423208,MAP_SCADA,105,0.026049175564195864
1,B_svc,2,0.18539429171333982,3,0.2986171371240459,MAP_SCADA,105,0.1132228454107061
2,UPFC_Vsh,5-15,1.1081386969229026,3,1.105798506802651,MAP_SCADA,105,0.0023401901202515507
3,UPFC_tsh,5-15,-0.2324863078339946,3,-0.2262354727467334,MAP_SCADA,105,0.006250835087261208
4,UPFC_Vse,5-15,0.06048900561970597,3,0.06078399023278652,MAP_SCADA,105,0.00029498461308054974
5,UPFC_tse,5-15,-2.1551872012743307,3,-2.150275100586329,MAP_SCADA,105,0.0049121006880015194
0,x_tcsc,1-14,-0.11231476988244248,4,-0.1389065981423208,MAP_SCADA,105,0.02659182825987831
1,B_svc,2,0.18572521980578321,4,0.2986171371240459,MAP_SCADA,105,0.1128919173182627
2,UPFC_Vsh,5-15,1.1056512600233495,4,1.105798506802651,MAP_SCADA,105,0.0001472467793015575
3,UPFC_tsh,5-15,-0.2338904834461942,4,-0.2262354727467334,MAP_SCADA,105,0.0076550106994608125
4,UPFC_Vse,5-15,0.060121854908355796,4,0.06078399023278652,MAP_SCADA,105,0.0006621353244307265
5,UPFC_tse,5-15,-2.1592578402365357,4,-2.150275100586329,MAP_SCADA,105,0.008982739650206462
0,x_tcsc,1-14,-0.11178525041785418,5,-0.1389065981423208,MAP_SCADA,105,0.027121347724466602
1,B_svc,2,0.18343692280570392,5,0.2986171371240459,MAP_SCADA,105,0.115180214318342
2,UPFC_Vsh,5-15,1.109880077816995,5,1.105798506802651,MAP_SCADA,105,0.004081571014344032
3,UPFC_tsh,5-15,-0.2309144059831098,5,-0.2262354727467334,MAP_SCADA,105,0.004678933236376415
4,UPFC_Vse,5-15,0.0603194722178149,5,0.06078399023278652,MAP_SCADA,105,0.0004645180149716252
5,UPFC_tse,5-15,-2.155318859766885,5,-2.150275100586329,MAP_SCADA,105,0.005043759180555885
0,x_tcsc,1-14,-0.11333459791028293,6,-0.1389065981423208,MAP_SCADA,105,0.02557200023203786
1,B_svc,2,0.18041966252582461,6,0.2986171371240459,MAP_SCADA,105,0.1181974745982213
2,UPFC_Vsh,5-15,1.1072648590523495,6,1.105798506802651,MAP_SCADA,105,0.0014663522496984882
3,UPFC_tsh,5-15,-0.23253037627372858,6,-0.2262354727467334,MAP_SCADA,105,0.006294903526995188
4,UPFC_Vse,5-15,0.0600837156301815,6,0.06078399023278652,MAP_SCADA,105,0.0007002746026050222
5,UPFC_tse,5-15,-2.1559922176239676,6,-2.150275100586329,MAP_SCADA,105,0.005717117037638442
0,x_tcsc,1-14,-0.11436276256544746,7,-0.1389065981423208,MAP_SCADA,105,0.024543835576873327
1,B_svc,2,0.17578589143797024,7,0.2986171371240459,MAP_SCADA,105,0.12283124568607567
2,UPFC_Vsh,5-15,1.1090257321918613,7,1.105798506802651,MAP_SCADA,105,0.0032272253892102754
3,UPFC_tsh,5-15,-0.230752004160547,7,-0.2262354727467334,MAP_SCADA,105,0.0045165314138136126
4,UPFC_Vse,5-15,0.06009782334247497,7,0.06078399023278652,MAP_SCADA,105,0.0006861668903115556
5,UPFC_tse,5-15,-2.1532896030355704,7,-2.150275100586329,MAP_SCADA,105,0.0030145024492411743
0,x_tcsc,1-14,-0.11346472153441553,8,-0.1389065981423208,MAP_SCADA,105,0.025441876607905256
1,B_svc,2,0.18048286210943015,8,0.2986171371240459,MAP_SCADA,105,0.11813427501461576
2,UPFC_Vsh,5-15,1.108480483695338,8,1.105798506802651,MAP_SCADA,105,0.002681976892686899
3,UPFC_tsh,5-15,-0.23109403596665595,8,-0.2262354727467334,MAP_SCADA,105,0.004858563219922563
4,UPFC_Vse,5-15,0.05989475052534988,8,0.06078399023278652,MAP_SCADA,105,0.000889239707436644
5,UPFC_tse,5-15,-2.153008952867411,8,-2.150275100586329,MAP_SCADA,105,0.0027338522810818056
0,x_tcsc,1-14,-0.11177440719091994,9,-0.1389065981423208,MAP_SCADA,105,0.027132190951400847
1,B_svc,2,0.18671012434317674,9,0.2986171371240459,MAP_SCADA,105,0.11190701278086918
2,UPFC_Vsh,5-15,1.1037795807258335,9,1.105798506802651,MAP_SCADA,105,0.0020189260768175288
3,UPFC_tsh,5-15,-0.23448940288511175,9,-0.2262354727467334,MAP_SCADA,105,0.008253930138378357
4,UPFC_Vse,5-15,0.06104008593960212,9,0.06078399023278652,MAP_SCADA,105,0.00025609570681559696
5,UPFC_tse,5-15,-2.1543496412886083,9,-2.150275100586329,MAP_SCADA,105,0.004074540702279084
0,x_tcsc,1-14,-0.11194494997492009,10,-0.1389065981423208,MAP_SCADA,105,0.026961648167400695
1,B_svc,2,0.18561780207658218,10,0.2986171371240459,MAP_SCADA,105,0.11299933504746373
2,UPFC_Vsh,5-15,1.1077955580647714,10,1.105798506802651,MAP_SCADA,105,0.001997051262120353
3,UPFC_tsh,5-15,-0.23357350457639295,10,-0.2262354727467334,MAP_SCADA,105,0.007338031829659558
4,UPFC_Vse,5-15,0.06104911978819504,10,0.06078399023278652,MAP_SCADA,105,0.0002651295554085206
5,UPFC_tse,5-15,-2.1542087215643924,10,-2.150275100586329,MAP_SCADA,105,0.003933620978063157
0,x_tcsc,1-14,-0.11144691933862402,11,-0.1389065981423208,MAP_SCADA,105,0.027459678803696763
1,B_svc,2,0.18733135995158337,11,0.2986171371240459,MAP_SCADA,105,0.11128577717246255
2,UPFC_Vsh,5-15,1.106233756598256,11,1.105798506802651,MAP_SCADA,105,0.0004352497956050527
3,UPFC_tsh,5-15,-0.23400144609007603,11,-0.2262354727467334,MAP_SCADA,105,0.0077659733433426414
4,UPFC_Vse,5-15,0.06022611964382545,11,0.06078399023278652,MAP_SCADA,105,0.0005578705889610694
5,UPFC_tse,5-15,-2.15561983957537,11,-2.150275100586329,MAP_SCADA,105,0.005344738989040643
0,x_tcsc,1-14,-0.11335974657529489,12,-0.1389065981423208,MAP_SCADA,105,0.025546851567025894
1,B_svc,2,0.18052980160149132,12,0.2986171371240459,MAP_SCADA,105,0.1180873355225546
2,UPFC_Vsh,5-15,1.1072101395226248,12,1.105798506802651,MAP_SCADA,105,0.0014116327199737988
3,UPFC_tsh,5-15,-0.23235149981375186,12,-0.2262354727467334,MAP_SCADA,105,0.00611602706701847
4,UPFC_Vse,5-15,0.06105168575186966,12,0.06078399023278652,MAP_SCADA,105,0.00026769551908313594
5,UPFC_tse,5-15,-2.1503334819797124,12,-2.150275100586329,MAP_SCADA,105,5.838139338321113e-05
0,x_tcsc,1-14,-0.11211623931164033,13,-0.1389065981423208,MAP_SCADA,105,0.026790358830680455
1,B_svc,2,0.18705823005723368,13,0.2986171371240459,MAP_SCADA,105,0.11155890706681224
2,UPFC_Vsh,5-15,1.1059065780904005,13,1.105798506802651,MAP_SCADA,105,0.00010807128774947827
3,UPFC_tsh,5-15,-0.23398759186968957,13,-0.2262354727467334,MAP_SCADA,105,0.007752119122956175
4,UPFC_Vse,5-15,0.06032973274826177,13,0.06078399023278652,MAP_SCADA,105,0.00045425748452475323
5,UPFC_tse,5-15,-2.1569813122485124,13,-2.150275100586329,MAP_SCADA,105,0.006706211662183215
0,x_tcsc,1-14,-0.1137714289763915,14,-0.1389065981423208,MAP_SCADA,105,0.025135169165929283
1,B_svc,2,0.1830696590076973,14,0.2986171371240459,MAP_SCADA,105,0.1155474781163486
2,UPFC_Vsh,5-15,1.1082720687885226,14,1.105798506802651,MAP_SCADA,105,0.002473561985871564
3,UPFC_tsh,5-15,-0.23205392329338764,14,-0.2262354727467334,MAP_SCADA,105,0.005818450546654252
4,UPFC_Vse,5-15,0.060411104500337556,14,0.06078399023278652,MAP_SCADA,105,0.00037288573244896595
5,UPFC_tse,5-15,-2.1558802644963175,14,-2.150275100586329,MAP_SCADA,105,0.005605163909988331
0,x_tcsc,1-14,-0.11331493961116607,15,-0.1389065981423208,MAP_SCADA,105,0.02559165853115472
1,B_svc,2,0.1800813984044449,15,0.2986171371240459,MAP_SCADA,105,0.11853573871960102
2,UPFC_Vsh,5-15,1.107314408698073,15,1.105798506802651,MAP_SCADA,105,0.001515901895422056
3,UPFC_tsh,5-15,-0.23205643090968373,15,-0.2262354727467334,MAP_SCADA,105,0.005820958162950335
4,UPFC_Vse,5-15,0.059873090964751116,15,0.06078399023278652,MAP_SCADA,105,0.0009108992680354061
5,UPFC_tse,5-15,-2.155007128440672,15,-2.150275100586329,MAP_SCADA,105,0.004732027854343013
0,x_tcsc,1-14,-0.1122306884762184,16,-0.1389065981423208,MAP_SCADA,105,0.026675909666102393
1,B_svc,2,0.18775249902392893,16,0.2986171371240459,MAP_SCADA,105,0.11086463810011699
2,UPFC_Vsh,5-15,1.1049647892610377,16,1.105798506802651,MAP_SCADA,105,0.0008337175416133213
3,UPFC_tsh,5-15,-0.2330079098466535,16,-0.2262354727467334,MAP_SCADA,105,0.00677243709992012
4,UPFC_Vse,5-15,0.06113724250918414,16,0.06078399023278652,MAP_SCADA,105,0.0003532522763976184
5,UPFC_tse,5-15,-2.157423881875138,16,-2.150275100586329,MAP_SCADA,105,0.007148781288808692
0,x_tcsc,1-14,-0.11263036020353481,17,-0.1389065981423208,MAP_SCADA,105,0.026276237938785973
1,B_svc,2,0.1817837233928617,17,0.2986171371240459,MAP_SCADA,105,0.11683341373118422
2,UPFC_Vsh,5-15,1.1084114438149966,17,1.105798506802651,MAP_SCADA,105,0.002612937012345551
3,UPFC_tsh,5-15,-0.23144867598779334,17,-0.2262354727467334,MAP_SCADA,105,0.005213203241059949
4,UPFC_Vse,5-15,0.060318116756721364,17,0.06078399023278652,MAP_SCADA,105,0.0004658734760651581
5,UPFC_tse,5-15,-2.153541067371644,17,-2.150275100586329,MAP_SCADA,105,0.0032659667853147667
0,x_tcsc,1-14,-0.1123168833646532,18,-0.1389065981423208,MAP_SCADA,105,0.026589714777667584
1,B_svc,2,0.18114343012589246,18,0.2986171371240459,MAP_SCADA,105,0.11747370699815346
2,UPFC_Vsh,5-15,1.108076754568016,18,1.105798506802651,MAP_SCADA,105,0.0022782477653648936
3,UPFC_tsh,5-15,-0.2320082068359299,18,-0.2262354727467334,MAP_SCADA,105,0.005772734089196513
4,UPFC_Vse,5-15,0.06041732067962146,18,0.06078399023278652,MAP_SCADA,105,0.0003666695531650624
5,UPFC_tse,5-15,-2.1552625136309573,18,-2.150275100586329,MAP_SCADA,105,0.004987413044628131
0,x_tcsc,1-14,-0.11164424108868416,19,-0.1389065981423208,MAP_SCADA,105,0.027262357053636624
1,B_svc,2,0.18040424893429052,19,0.2986171371240459,MAP_SCADA,105,0.1182128881897554
2,UPFC_Vsh,5-15,1.108871364654878,19,1.105798506802651,MAP_SCADA,105,0.0030728578522269956
3,UPFC_tsh,5-15,-0.2324105075658558,19,-0.2262354727467334,MAP_SCADA,105,0.006175034819122405
4,UPFC_Vse,5-15,0.061155322165232597,19,0.06078399023278652,MAP_SCADA,105,0.00037133193244607426
5,UPFC_tse,5-15,-2.154669972733158,19,-2.150275100586329,MAP_SCADA,105,0.0043948721468289875
0,x_tcsc,1-14,-0.11274782327049446,20,-0.1389065981423208,MAP_SCADA,105,0.02615877487182633
1,B_svc,2,0.18459454920584656,20,0.2986171371240459,MAP_SCADA,105,0.11402258791819936
2,UPFC_Vsh,5-15,1.108006286307207,20,1.105798506802651,MAP_SCADA,105,0.0022077795045560844
3,UPFC_tsh,5-15,-0.23191990543603197,20,-0.2262354727467334,MAP_SCADA,105,0.00568443268929858
4,UPFC_Vse,5-15,0.06008050852103739,20,0.06078399023278652,MAP_SCADA,105,0.0007034817117491307
5,UPFC_tse,5-15,-2.1567097345688575,20,-2.150275100586329,MAP_SCADA,105,0.006434633982528304
0,x_tcsc,1-14,-0.11169414259952308,21,-0.1389065981423208,MAP_SCADA,105,0.027212455542797706
1,B_svc,2,0.1857776632719838,21,0.2986171371240459,MAP_SCADA,105,0.11283947385206211
2,UPFC_Vsh,5-15,1.108184785877071,21,1.105798506802651,MAP_SCADA,105,0.002386279074420017
3,UPFC_tsh,5-15,-0.23273179667649846,21,-0.2262354727467334,MAP_SCADA,105,0.006496323929765069
4,UPFC_Vse,5-15,0.05992770845896655,21,0.06078399023278652,MAP_SCADA,105,0.0008562817738199738
5,UPFC_tse,5-15,-2.1568349329799426,21,-2.150275100586329,MAP_SCADA,105,0.006559832393613352
0,x_tcsc,1-14,-0.11260572090998863,22,-0.1389065981423208,MAP_SCADA,105,0.026300877232332154
1,B_svc,2,0.18071338323253047,22,0.2986171371240459,MAP_SCADA,105,0.11790375389151544
2,UPFC_Vsh,5-15,1.106722196604619,22,1.105798506802651,MAP_SCADA,105,0.0009236898019679973
3,UPFC_tsh,5-15,-0.23240057224166638,22,-0.2262354727467334,MAP_SCADA,105,0.006165099494932991
4,UPFC_Vse,5-15,0.059859672432762606,22,0.06078399023278652,MAP_SCADA,105,0.0009243178000239161
5,UPFC_tse,5-15,-2.1554046999392504,22,-2.150275100586329,MAP_SCADA,105,0.0051295993529212325
0,x_tcsc,1-14,-0.10863106555895048,23,-0.1389065981423208,MAP_SCADA,105,0.030275532583370304
1,B_svc,2,0.19440583723342642,23,0.2986171371240459,MAP_SCADA,105,0.1042112998906195
2,UPFC_Vsh,5-15,1.1056047474826858,23,1.105798506802651,MAP_SCADA,105,0.00019375931996523654
3,UPFC_tsh,5-15,-0.23553602350049807,23,-0.2262354727467334,MAP_SCADA,105,0.00930055075376468
4,UPFC_Vse,5-15,0.06062491232048908,23,0.06078399023278652,MAP_SCADA,105,0.0001590779122974395
5,UPFC_tse,5-15,-2.1604370235879395,23,-2.150275100586329,MAP_SCADA,105,0.01016192300161034
0,x_tcsc,1-14,-0.11358461640106417,24,-0.1389065981423208,MAP_SCADA,105,0.02532198174125662
1,B_svc,2,0.17847299555661278,24,0.2986171371240459,MAP_SCADA,105,0.12014414156743314
2,UPFC_Vsh,5-15,1.1077453708357268,24,1.105798506802651,MAP_SCADA,105,0.001946864033075757
3,UPFC_tsh,5-15,-0.23118967241909189,24,-0.2262354727467334,MAP_SCADA,105,0.004954199672358495
4,UPFC_Vse,5-15,0.06001689749729636,24,0.06078399023278652,MAP_SCADA,105,0.0007670927354901588
5,UPFC_tse,5-15,-2.1543010736861428,24,-2.150275100586329,MAP_SCADA,105,0.004025973099813562
0,x_tcsc,1-14,-0.11320004043012336,25,-0.1389065981423208,MAP_SCADA,105,0.02570655771219743
1,B_svc,2,0.17941167260829785,25,0.2986171371240459,MAP_SCADA,105,0.11920546451574807
2,UPFC_Vsh,5-15,1.1101974435380184,25,1.105798506802651,MAP_SCADA,105,0.004398936735367398
3,UPFC_tsh,5-15,-0.23031717049236608,25,-0.2262354727467334,MAP_SCADA,105,0.00408169774563269
4,UPFC_Vse,5-15,0.05996830578511454,25,0.06078399023278652,MAP_SCADA,105,0.0008156844476719799
5,UPFC_tse,5-15,-2.1553668754708863,25,-2.150275100586329,MAP_SCADA,105,0.005091774884557143
0,x_tcsc,1-14,-0.11212214964649692,26,-0.1389065981423208,MAP_SCADA,105,0.02678444849582387
1,B_svc,2,0.1816223075761155,26,0.2986171371240459,MAP_SCADA,105,0.11699482954793042
2,UPFC_Vsh,5-15,1.1082064053681402,26,1.105798506802651,MAP_SCADA,105,0.002407898565489175
3,UPFC_tsh,5-15,-0.23179014857039898,26,-0.2262354727467334,MAP_SCADA,105,0.005554675823665589
4,UPFC_Vse,5-15,0.060238724303090414,26,0.06078399023278652,MAP_SCADA,105,0.0005452659296961079
5,UPFC_tse,5-15,-2.1599186635184866,26,-2.150275100586329,MAP_SCADA,105,0.009643562932157401
0,x_tcsc,1-14,-0.11119204081336112,27,-0.1389065981423208,MAP_SCADA,105,0.027714557328959666
1,B_svc,2,0.1842705258074126,27,0.2986171371240459,MAP_SCADA,105,0.11434661131663332
2,UPFC_Vsh,5-15,1.1059116452390325,27,1.105798506802651,MAP_SCADA,105,0.00011313843638149912
3,UPFC_tsh,5-15,-0.23295759170996305,27,-0.2262354727467334,MAP_SCADA,105,0.006722118963229662
4,UPFC_Vse,5-15,0.06053072554552834,27,0.06078399023278652,MAP_SCADA,105,0.00025326468725818396
5,UPFC_tse,5-15,-2.1561425446031106,27,-2.150275100586329,MAP_SCADA,105,0.005867444016781409
0,x_tcsc,1-14,-0.11078516593243308,28,-0.1389065981423208,MAP_SCADA,105,0.028121432209887706
1,B_svc,2,0.1862073014298553,28,0.2986171371240459,MAP_SCADA,105,0.11240983569419061
2,UPFC_Vsh,5-15,1.105306562887327,28,1.105798506802651,MAP_SCADA,105,0.0004919439153239225
3,UPFC_tsh,5-15,-0.2340897760936502,28,-0.2262354727467334,MAP_SCADA,105,0.007854303346916808
4,UPFC_Vse,5-15,0.06031540260348843,28,0.06078399023278652,MAP_SCADA,105,0.0004685876292980923
5,UPFC_tse,5-15,-2.159848933017864,28,-2.150275100586329,MAP_SCADA,105,0.009573832431534868
0,x_tcsc,1-14,-0.11114633594373284,29,-0.1389065981423208,MAP_SCADA,105,0.027760262198587946
1,B_svc,2,0.18515795790093445,29,0.2986171371240459,MAP_SCADA,105,0.11345917922311147
2,UPFC_Vsh,5-15,1.1077676810944392,29,1.105798506802651,MAP_SCADA,105,0.0019691742917882227
3,UPFC_tsh,5-15,-0.2328826952361252,29,-0.2262354727467334,MAP_SCADA,105,0.006647222489391813
4,UPFC_Vse,5-15,0.06039577683997066,29,0.06078399023278652,MAP_SCADA,105,0.00038821339281586154
5,UPFC_tse,5-15,-2.155335140690537,29,-2.150275100586329,MAP_SCADA,105,0.005060040104207797
0,x_tcsc,1-14,-0.11216068815257503,30,-0.1389065981423208,MAP_SCADA,105,0.026745909989745756
1,B_svc,2,0.17704446044748634,30,0.2986171371240459,MAP_SCADA,105,0.12157267667655958
2,UPFC_Vsh,5-15,1.109683072820936,30,1.105798506802651,MAP_SCADA,105,0.0038845660182849073
3,UPFC_tsh,5-15,-0.23174778760842352,30,-0.2262354727467334,MAP_SCADA,105,0.005512314861690126
4,UPFC_Vse,5-15,0.06019310784890161,30,0.06078399023278652,MAP_SCADA,105,0.0005908823838849109
5,UPFC_tse,5-15,-2.1564072150031643,30,-2.150275100586329,MAP_SCADA,105,0.006132114416835144
0,x_tcsc,1-14,-0.11251342636674841,31,-0.1389065981423208,MAP_SCADA,105,0.026393171775572377
1,B_svc,2,0.1831099893073962,31,0.2986171371240459,MAP_SCADA,105,0.11550714781664972
2,UPFC_Vsh,5-15,1.1078159760395527,31,1.105798506802651,MAP_SCADA,105,0.0020174692369017144
3,UPFC_tsh,5-15,-0.23189856588754654,31,-0.2262354727467334,MAP_SCADA,105,0.005663093140813147
4,UPFC_Vse,5-15,0.06007672510263565,31,0.06078399023278652,MAP_SCADA,105,0.0007072651301508748
5,UPFC_tse,5-15,-2.1587524619933207,31,-2.150275100586329,MAP_SCADA,105,0.008477361406991513
0,x_tcsc,1-14,-0.10935089542807824,32,-0.1389065981423208,MAP_SCADA,105,0.029555702714242543
1,B_svc,2,0.18873592910746403,32,0.2986171371240459,MAP_SCADA,105,0.10988120801658188
2,UPFC_Vsh,5-15,1.109038949726816,32,1.105798506802651,MAP_SCADA,105,0.0032404429241650323
3,UPFC_tsh,5-15,-0.2330027710688704,32,-0.2262354727467334,MAP_SCADA,105,0.006767298322137016
4,UPFC_Vse,5-15,0.05985014716756717,32,0.06078399023278652,MAP_SCADA,105,0.0009338430652193544
5,UPFC_tse,5-15,-2.1617669058380433,32,-2.150275100586329,MAP_SCADA,105,0.011491805251714116
0,x_tcsc,1-14,-0.11132959920201867,33,-0.1389065981423208,MAP_SCADA,105,0.02757699894030212
1,B_svc,2,0.18595327212098606,33,0.2986171371240459,MAP_SCADA,105,0.11266386500305986
2,UPFC_Vsh,5-15,1.108084565723442,33,1.105798506802651,MAP_SCADA,105,0.002286058920790923
3,UPFC_tsh,5-15,-0.2321353180308911,33,-0.2262354727467334,MAP_SCADA,105,0.005899845284157712
4,UPFC_Vse,5-15,0.06002017416798528,33,0.06078399023278652,MAP_SCADA,105,0.0007638160648012413
5,UPFC_tse,5-15,-2.157033850389164,33,-2.150275100586329,MAP_SCADA,105,0.0067587498028349735
0,x_tcsc,1-14,-0.11034198001640978,34,-0.1389065981423208,MAP_SCADA,105,0.028564618125911004
1,B_svc,2,0.18678599517759245,34,0.2986171371240459,MAP_SCADA,105,0.11183114194645347
2,UPFC_Vsh,5-15,1.1085563560496479,34,1.105798506802651,MAP_SCADA,105,0.0027578492469968463
3,UPFC_tsh,5-15,-0.23312360340740504,34,-0.2262354727467334,MAP_SCADA,105,0.006888130660671649
4,UPFC_Vse,5-15,0.060366956294376876,34,0.06078399023278652,MAP_SCADA,105,0.0004170339384096458
5,UPFC_tse,5-15,-2.1581320522383804,34,-2.150275100586329,MAP_SCADA,105,0.007856951652051247
0,x_tcsc,1-14,-0.11311317898577221,35,-0.1389065981423208,MAP_SCADA,105,0.025793419156548578
1,B_svc,2,0.18325163162252295,35,0.2986171371240459,MAP_SCADA,105,0.11536550550152297
2,UPFC_Vsh,5-15,1.1098842983230832,35,1.105798506802651,MAP_SCADA,105,0.004085791520432203
3,UPFC_tsh,5-15,-0.23130759162507253,35,-0.2262354727467334,MAP_SCADA,105,0.005072118878339138
4,UPFC_Vse,5-15,0.06016391902929492,35,0.06078399023278652,MAP_SCADA,105,0.0006200712034916053
5,UPFC_tse,5-15,-2.1548243799234137,35,-2.150275100586329,MAP_SCADA,105,0.004549279337084489
0,x_tcsc,1-14,-0.1149720819539307,36,-0.1389065981423208,MAP_SCADA,105,0.023934516188390084
1,B_svc,2,0.1750447967126657,36,0.2986171371240459,MAP_SCADA,105,0.12357234041138021
2,UPFC_Vsh,5-15,1.1102778223388667,36,1.105798506802651,MAP_SCADA,105,0.004479315536215722
3,UPFC_tsh,5-15,-0.22961423202170334,36,-0.2262354727467334,MAP_SCADA,105,0.0033787592749699447
4,UPFC_Vse,5-15,0.060175439493694916,36,0.06078399023278652,MAP_SCADA,105,0.0006085507390916067
5,UPFC_tse,5-15,-2.1527252492944804,36,-2.150275100586329,MAP_SCADA,105,0.0024501487081511897
0,x_tcsc,1-14,-0.1135383168444,37,-0.1389065981423208,MAP_SCADA,105,0.02536828129792079
1,B_svc,2,0.1808875627066663,37,0.2986171371240459,MAP_SCADA,105,0.1177295744173796
2,UPFC_Vsh,5-15,1.1097833398341765,37,1.105798506802651,MAP_SCADA,105,0.003984833031525525
3,UPFC_tsh,5-15,-0.2306731020068669,37,-0.2262354727467334,MAP_SCADA,105,0.004437629260133497
4,UPFC_Vse,5-15,0.059604765997265136,37,0.06078399023278652,MAP_SCADA,105,0.0011792242355213867
5,UPFC_tse,5-15,-2.1598551334837475,37,-2.150275100586329,MAP_SCADA,105,0.009580032897418267
0,x_tcsc,1-14,-0.11241197576694792,38,-0.1389065981423208,MAP_SCADA,105,0.026494622375372867
1,B_svc,2,0.18139884194193798,38,0.2986171371240459,MAP_SCADA,105,0.11721829518210794
2,UPFC_Vsh,5-15,1.1092926368032598,38,1.105798506802651,MAP_SCADA,105,0.0034941300006088305
3,UPFC_tsh,5-15,-0.23168033003577468,38,-0.2262354727467334,MAP_SCADA,105,0.005444857289041288
4,UPFC_Vse,5-15,0.06042739705196942,38,0.06078399023278652,MAP_SCADA,105,0.0003565931808170997
5,UPFC_tse,5-15,-2.150262573934795,38,-2.150275100586329,MAP_SCADA,105,1.2526651534283673e-05
0,x_tcsc,1-14,-0.11336627208444718,39,-0.1389065981423208,MAP_SCADA,105,0.02554032605787361
1,B_svc,2,0.1824406965904449,39,0.2986171371240459,MAP_SCADA,105,0.11617644053360102
2,UPFC_Vsh,5-15,1.109450803391796,39,1.105798506802651,MAP_SCADA,105,0.00365229658914501
3,UPFC_tsh,5-15,-0.23110270791873322,39,-0.2262354727467334,MAP_SCADA,105,0.004867235171999829
4,UPFC_Vse,5-15,0.06015947124209428,39,0.06078399023278652,MAP_SCADA,105,0.000624518990692241
5,UPFC_tse,5-15,-2.1525195949795397,39,-2.150275100586329,MAP_SCADA,105,0.0022444943932105055
0,x_tcsc,1-14,-0.11449781928869908,40,-0.1389065981423208,MAP_SCADA,105,0.024408778853621707
1,B_svc,2,0.17698963311880708,40,0.2986171371240459,MAP_SCADA,105,0.12162750400523883
2,UPFC_Vsh,5-15,1.1099220982081328,40,1.105798506802651,MAP_SCADA,105,0.004123591405481797
3,UPFC_tsh,5-15,-0.23127461686611703,40,-0.2262354727467334,MAP_SCADA,105,0.005039144119383637
4,UPFC_Vse,5-15,0.060217625795988015,40,0.06078399023278652,MAP_SCADA,105,0.0005663644367985068
5,UPFC_tse,5-15,-2.1504069037421822,40,-2.150275100586329,MAP_SCADA,105,0.0001318031558530386
0,x_tcsc,1-14,-0.11093572745407543,41,-0.1389065981423208,MAP_SCADA,105,0.02797087068824536
1,B_svc,2,0.18531896959267724,41,0.2986171371240459,MAP_SCADA,105,0.11329816753136868
2,UPFC_Vsh,5-15,1.108434994048722,41,1.105798506802651,MAP_SCADA,105,0.0026364872460709066
3,UPFC_tsh,5-15,-0.233408373060217,41,-0.2262354727467334,MAP_SCADA,105,0.00717290031348361
4,UPFC_Vse,5-15,0.060499846182725275,41,0.06078399023278652,MAP_SCADA,105,0.0002841440500612469
5,UPFC_tse,5-15,-2.1601069645717934,41,-2.150275100586329,MAP_SCADA,105,0.009831863985464206
0,x_tcsc,1-14,-0.11147761500004855,42,-0.1389065981423208,MAP_SCADA,105,0.02742898314227224
1,B_svc,2,0.18730903475163513,42,0.2986171371240459,MAP_SCADA,105,0.11130810237241079
2,UPFC_Vsh,5-15,1.1074933658695576,42,1.105798506802651,MAP_SCADA,105,0.0016948590669065844
3,UPFC_tsh,5-15,-0.23274285808599332,42,-0.2262354727467334,MAP_SCADA,105,0.00650738533925993
4,UPFC_Vse,5-15,0.06046335877714539,42,0.06078399023278652,MAP_SCADA,105,0.00032063145564113077
5,UPFC_tse,5-15,-2.154540752922178,42,-2.150275100586329,MAP_SCADA,105,0.004265652335848635
0,x_tcsc,1-14,-0.11305657612109273,43,-0.1389065981423208,MAP_SCADA,105,0.02585002202122806
1,B_svc,2,0.1792216928206034,43,0.2986171371240459,MAP_SCADA,105,0.11939544430344251
2,UPFC_Vsh,5-15,1.1100005386855296,43,1.105798506802651,MAP_SCADA,105,0.0042020318828785985
3,UPFC_tsh,5-15,-0.23036578137282954,43,-0.2262354727467334,MAP_SCADA,105,0.004130308626096146
4,UPFC_Vse,5-15,0.06057910375371149,43,0.06078399023278652,MAP_SCADA,105,0.000204886479075031
5,UPFC_tse,5-15,-2.1561589997097914,43,-2.150275100586329,MAP_SCADA,105,0.005883899123462211
0,x_tcsc,1-14,-0.11207535639674679,44,-0.1389065981423208,MAP_SCADA,105,0.026831241745573997
1,B_svc,2,0.1846858498020382,44,0.2986171371240459,MAP_SCADA,105,0.11393128732200772
2,UPFC_Vsh,5-15,1.1077601535326256,44,1.105798506802651,MAP_SCADA,105,0.0019616467299745644
3,UPFC_tsh,5-15,-0.23261638863089268,44,-0.2262354727467334,MAP_SCADA,105,0.006380915884159288
4,UPFC_Vse,5-15,0.06047525859342069,44,0.06078399023278652,MAP_SCADA,105,0.0003087316393658307
5,UPFC_tse,5-15,-2.154046429528506,44,-2.150275100586329,MAP_SCADA,105,0.003771328942176577
0,x_tcsc,1-14,-0.11375431081784133,45,-0.1389065981423208,MAP_SCADA,105,0.025152287324479453
1,B_svc,2,0.17477818719938254,45,0.2986171371240459,MAP_SCADA,105,0.12383894992466338
2,UPFC_Vsh,5-15,1.1093197165452422,45,1.105798506802651,MAP_SCADA,105,0.0035212097425911804
3,UPFC_tsh,5-15,-0.23071303918734726,45,-0.2262354727467334,MAP_SCADA,105,0.004477566440613867
4,UPFC_Vse,5-15,0.06014026459677954,45,0.06078399023278652,MAP_SCADA,105,0.000643725636006981
5,UPFC_tse,5-15,-2.15388812615601,45,-2.150275100586329,MAP_SCADA,105,0.0036130255696806834
0,x_tcsc,1-14,-0.11310434548909658,46,-0.1389065981423208,MAP_SCADA,105,0.02580225265322421
1,B_svc,2,0.17866334359157365,46,0.2986171371240459,MAP_SCADA,105,0.11995379353247226
2,UPFC_Vsh,5-15,1.108715174743999,46,1.105798506802651,MAP_SCADA,105,0.002916667941347928
3,UPFC_tsh,5-15,-0.23114836154528098,46,-0.2262354727467334,MAP_SCADA,105,0.004912888798547593
4,UPFC_Vse,5-15,0.060340846612470904,46,0.06078399023278652,MAP_SCADA,105,0.0004431436203156183
5,UPFC_tse,5-15,-2.155077590767528,46,-2.150275100586329,MAP_SCADA,105,0.004802490181198937
0,x_tcsc,1-14,-0.1126163685304988,47,-0.1389065981423208,MAP_SCADA,105,0.02629022961182198
1,B_svc,2,0.1826820223153454,47,0.2986171371240459,MAP_SCADA,105,0.11593511480870053
2,UPFC_Vsh,5-15,1.1078508671343414,47,1.105798506802651,MAP_SCADA,105,0.002052360331690428
3,UPFC_tsh,5-15,-0.23195436112425402,47,-0.2262354727467334,MAP_SCADA,105,0.005718888377520631
4,UPFC_Vse,5-15,0.06005427570146322,47,0.06078399023278652,MAP_SCADA,105,0.0007297145313233042
5,UPFC_tse,5-15,-2.149004765473707,47,-2.150275100586329,MAP_SCADA,105,0.0012703351126224227
0,x_tcsc,1-14,-0.11202393736720709,48,-0.1389065981423208,MAP_SCADA,105,0.026882660775113698
1,B_svc,2,0.18197032083453404,48,0.2986171371240459,MAP_SCADA,105,0.11664681628951187
2,UPFC_Vsh,5-15,1.1088869066003255,48,1.105798506802651,MAP_SCADA,105,0.0030883997976745015
3,UPFC_tsh,5-15,-0.23173744296455784,48,-0.2262354727467334,MAP_SCADA,105,0.005501970217824448
4,UPFC_Vse,5-15,0.06064179275722406,48,0.06078399023278652,MAP_SCADA,105,0.0001421974755624611
5,UPFC_tse,5-15,-2.1579971846390347,48,-2.150275100586329,MAP_SCADA,105,0.007722084052705469
0,x_tcsc,1-14,-0.11301190854144895,49,-0.1389065981423208,MAP_SCADA,105,0.025894689600871837
1,B_svc,2,0.1826769526565768,49,0.2986171371240459,MAP_SCADA,105,0.11594018446746912
2,UPFC_Vsh,5-15,1.10911972473425,49,1.105798506802651,MAP_SCADA,105,0.0033212179315988966
3,UPFC_tsh,5-15,-0.23197494578688546,49,-0.2262354727467334,MAP_SCADA,105,0.005739473040152071
4,UPFC_Vse,5-15,0.06039511975662008,49,0.06078399023278652,MAP_SCADA,105,0.0003888704761664391
5,UPFC_tse,5-15,-2.159769366853597,49,-2.150275100586329,MAP_SCADA,105,0.009494266267267903
0,x_tcsc,1-14,-0.11232464740583507,50,-0.1389065981423208,MAP_SCADA,105,0.026581950736485713
1,B_svc,2,0.1804661933096819,50,0.2986171371240459,MAP_SCADA,105,0.11815094381436403
2,UPFC_Vsh,5-15,1.1082997050473367,50,1.105798506802651,MAP_SCADA,105,0.002501198244685643
3,UPFC_tsh,5-15,-0.23223059620849504,50,-0.2262354727467334,MAP_SCADA,105,0.005995123461761648
4,UPFC_Vse,5-15,0.060382776568446615,50,0.06078399023278652,MAP_SCADA,105,0.00040121366433990696
5,UPFC_tse,5-15,-2.15506436388257,50,-2.150275100586329,MAP_SCADA,105,0.004789263296240964
0,x_tcsc,1-14,-0.11361562540832322,51,-0.1389065981423208,MAP_SCADA,105,0.025290972733997566
1,B_svc,2,0.17885922469653856,51,0.2986171371240459,MAP_SCADA,105,0.11975791242750736
2,UPFC_Vsh,5-15,1.1070689001567269,51,1.105798506802651,MAP_SCADA,105,0.0012703933540758605
3,UPFC_tsh,5-15,-0.2321065832889006,51,-0.2262354727467334,MAP_SCADA,105,0.005871110542167213
4,UPFC_Vse,5-15,0.06052340155011435,51,0.06078399023278652,MAP_SCADA,105,0.00026058868267217483
5,UPFC_tse,5-15,-2.1551682308222206,51,-2.150275100586329,MAP_SCADA,105,0.004893130235891441
0,x_tcsc,1-14,-0.10848351521084021,52,-0.1389065981423208,MAP_SCADA,105,0.030423082931480577
1,B_svc,2,0.19662177475265205,52,0.2986171371240459,MAP_SCADA,105,0.10199536237139387
2,UPFC_Vsh,5-15,1.1078003615348868,52,1.105798506802651,MAP_SCADA,105,0.002001854732235797
3,UPFC_tsh,5-15,-0.23401474328945562,52,-0.2262354727467334,MAP_SCADA,105,0.007779270542722233
4,UPFC_Vse,5-15,0.06035505211035941,52,0.06078399023278652,MAP_SCADA,105,0.0004289381224271138
5,UPFC_tse,5-15,-2.160186956663391,52,-2.150275100586329,MAP_SCADA,105,0.009911856077061909
0,x_tcsc,1-14,-0.11302618824924493,53,-0.1389065981423208,MAP_SCADA,105,0.025880409893075856
1,B_svc,2,0.1855528678668657,53,0.2986171371240459,MAP_SCADA,105,0.11306426925718022
2,UPFC_Vsh,5-15,1.106401917745756,53,1.105798506802651,MAP_SCADA,105,0.0006034109431050094
3,UPFC_tsh,5-15,-0.23299677621338608,53,-0.2262354727467334,MAP_SCADA,105,0.006761303466652685
4,UPFC_Vse,5-15,0.06025677125495774,53,0.06078399023278652,MAP_SCADA,105,0.0005272189778287792
5,UPFC_tse,5-15,-2.1530014389473546,53,-2.150275100586329,MAP_SCADA,105,0.0027263383610254266
0,x_tcsc,1-14,-0.10992588267449988,54,-0.1389065981423208,MAP_SCADA,105,0.02898071546782091
1,B_svc,2,0.18850845278962525,54,0.2986171371240459,MAP_SCADA,105,0.11010868433442067
2,UPFC_Vsh,5-15,1.1080263661691967,54,1.105798506802651,MAP_SCADA,105,0.0022278593665456814
3,UPFC_tsh,5-15,-0.2334353156834582,54,-0.2262354727467334,MAP_SCADA,105,0.007199842936724821
4,UPFC_Vse,5-15,0.060702502198160174,54,0.06078399023278652,MAP_SCADA,105,8.148803462634802e-05
5,UPFC_tse,5-15,-2.159140326809645,54,-2.150275100586329,MAP_SCADA,105,0.008865226223315759
0,x_tcsc,1-14,-0.11090856933726283,55,-0.1389065981423208,MAP_SCADA,105,0.02799802880505796
1,B_svc,2,0.18390305521965483,55,0.2986171371240459,MAP_SCADA,105,0.11471408190439109
2,UPFC_Vsh,5-15,1.105779728191416,55,1.105798506802651,MAP_SCADA,105,1.877861123511515e-05
3,UPFC_tsh,5-15,-0.23355893281144285,55,-0.2262354727467334,MAP_SCADA,105,0.007323460064709464
4,UPFC_Vse,5-15,0.06052711291959248,55,0.06078399023278652,MAP_SCADA,105,0.0002568773131940427
5,UPFC_tse,5-15,-2.1596477295296808,55,-2.150275100586329,MAP_SCADA,105,0.009372628943351557
0,x_tcsc,1-14,-0.11295801478895467,56,-0.1389065981423208,MAP_SCADA,105,0.02594858335336611
1,B_svc,2,0.18145367109197516,56,0.2986171371240459,MAP_SCADA,105,0.11716346603207076
2,UPFC_Vsh,5-15,1.108183062115895,56,1.105798506802651,MAP_SCADA,105,0.0023845553132439967
3,UPFC_tsh,5-15,-0.23276754175977452,56,-0.2262354727467334,MAP_SCADA,105,0.006532069013041125
4,UPFC_Vse,5-15,0.060201074271315824,56,0.06078399023278652,MAP_SCADA,105,0.000582915961470698
5,UPFC_tse,5-15,-2.1541185297160985,56,-2.150275100586329,MAP_SCADA,105,0.0038434291297693157
0,x_tcsc,1-14,-0.11331549764469787,57,-0.1389065981423208,MAP_SCADA,105,0.02559110049762292
1,B_svc,2,0.18113549787680508,57,0.2986171371240459,MAP_SCADA,105,0.11748163924724084
2,UPFC_Vsh,5-15,1.1080297025810695,57,1.105798506802651,MAP_SCADA,105,0.00223119577841846
3,UPFC_tsh,5-15,-0.2318175980644757,57,-0.2262354727467334,MAP_SCADA,105,0.005582125317742298
4,UPFC_Vse,5-15,0.05974123277280337,57,0.06078399023278652,MAP_SCADA,105,0.001042757459983154
5,UPFC_tse,5-15,-2.1568552925009024,57,-2.150275100586329,MAP_SCADA,105,0.0065801919145731524
0,x_tcsc,1-14,-0.11259592447870835,58,-0.1389065981423208,MAP_SCADA,105,0.026310673663612436
1,B_svc,2,0.1855124996650732,58,0.2986171371240459,MAP_SCADA,105,0.11310463745897273
2,UPFC_Vsh,5-15,1.1041639179721214,58,1.105798506802651,MAP_SCADA,105,0.001634588830529582
3,UPFC_tsh,5-15,-0.2337457779457213,58,-0.2262354727467334,MAP_SCADA,105,0.007510305198987904
4,UPFC_Vse,5-15,0.060641571824637475,58,0.06078399023278652,MAP_SCADA,105,0.0001424184081490476
5,UPFC_tse,5-15,-2.1560231945507224,58,-2.150275100586329,MAP_SCADA,105,0.005748093964393242
0,x_tcsc,1-14,-0.11286231559448634,59,-0.1389065981423208,MAP_SCADA,105,0.026044282547834446
1,B_svc,2,0.1817952967432671,59,0.2986171371240459,MAP_SCADA,105,0.11682184038077881
2,UPFC_Vsh,5-15,1.108691902973475,59,1.105798506802651,MAP_SCADA,105,0.0028933961708239586
3,UPFC_tsh,5-15,-0.23184199738940517,59,-0.2262354727467334,MAP_SCADA,105,0.0056065246426717785
4,UPFC_Vse,5-15,0.060454713383064476,59,0.06078399023278652,MAP_SCADA,105,0.00032927684972204607
5,UPFC_tse,5-15,-2.15495703243471,59,-2.150275100586329,MAP_SCADA,105,0.004681931848380838
0,x_tcsc,1-14,-0.1125451676959699,60,-0.1389065981423208,MAP_SCADA,105,0.026361430446350892
1,B_svc,2,0.18446213206889514,60,0.2986171371240459,MAP_SCADA,105,0.11415500505515078
2,UPFC_Vsh,5-15,1.108050671247431,60,1.105798506802651,MAP_SCADA,105,0.002252164444779936
3,UPFC_tsh,5-15,-0.2323091987208775,60,-0.2262354727467334,MAP_SCADA,105,0.006073725974144101
4,UPFC_Vse,5-15,0.06027242282692596,60,0.06078399023278652,MAP_SCADA,105,0.0005115674058605649
5,UPFC_tse,5-15,-2.1526136198908206,60,-2.150275100586329,MAP_SCADA,105,0.00233851930449136
0,x_tcsc,1-14,-0.11410481713499057,61,-0.1389065981423208,MAP_SCADA,105,0.024801781007330215
1,B_svc,2,0.17972519930177294,61,0.2986171371240459,MAP_SCADA,105,0.11889193782227298
2,UPFC_Vsh,5-15,1.1062344025143551,61,1.105798506802651,MAP_SCADA,105,0.000435895711704104
3,UPFC_tsh,5-15,-0.23187134686501007,61,-0.2262354727467334,MAP_SCADA,105,0.005635874118276679
4,UPFC_Vse,5-15,0.06071318870310169,61,0.06078399023278652,MAP_SCADA,105,7.0801529684833e-05
5,UPFC_tse,5-15,-2.1542601835848503,61,-2.150275100586329,MAP_SCADA,105,0.003985082998521072
0,x_tcsc,1-14,-0.1115933269007217,62,-0.1389065981423208,MAP_SCADA,105,0.027313271241599088
1,B_svc,2,0.18400213468782292,62,0.2986171371240459,MAP_SCADA,105,0.114615002436223
2,UPFC_Vsh,5-15,1.1074571520285303,62,1.105798506802651,MAP_SCADA,105,0.0016586452258793294
3,UPFC_tsh,5-15,-0.23263168864163766,62,-0.2262354727467334,MAP_SCADA,105,0.0063962158949042724
4,UPFC_Vse,5-15,0.05996998341083485,62,0.06078399023278652,MAP_SCADA,105,0.0008140068219516725
5,UPFC_tse,5-15,-2.1600345054626127,62,-2.150275100586329,MAP_SCADA,105,0.009759404876283462
0,x_tcsc,1-14,-0.11148815154244913,63,-0.1389065981423208,MAP_SCADA,105,0.02741844659987165
1,B_svc,2,0.18721449786679403,63,0.2986171371240459,MAP_SCADA,105,0.11140263925725188
2,UPFC_Vsh,5-15,1.1070688856726931,63,1.105798506802651,MAP_SCADA,105,0.0012703788700421104
3,UPFC_tsh,5-15,-0.23342688662212113,63,-0.2262354727467334,MAP_SCADA,105,0.007191413875387742
4,UPFC_Vse,5-15,0.05977947534148236,63,0.06078399023278652,MAP_SCADA,105,0.0010045148913041604
5,UPFC_tse,5-15,-2.1563252483151594,63,-2.150275100586329,MAP_SCADA,105,0.006050147728830169
0,x_tcsc,1-14,-0.11195724792908147,64,-0.1389065981423208,MAP_SCADA,105,0.026949350213239312
1,B_svc,2,0.18532267620046441,64,0.2986171371240459,MAP_SCADA,105,0.1132944609235815
2,UPFC_Vsh,5-15,1.1062982148266969,64,1.105798506802651,MAP_SCADA,105,0.000499708024045864
3,UPFC_tsh,5-15,-0.23231828006468574,64,-0.2262354727467334,MAP_SCADA,105,0.0060828073179523545
4,UPFC_Vse,5-15,0.060691859349195215,64,0.06078399023278652,MAP_SCADA,105,9.213088359130706e-05
5,UPFC_tse,5-15,-2.152693367047146,64,-2.150275100586329,MAP_SCADA,105,0.002418266460816998
0,x_tcsc,1-14,-0.11295515105283893,65,-0.1389065981423208,MAP_SCADA,105,0.025951447089481855
1,B_svc,2,0.18060145943688566,65,0.2986171371240459,MAP_SCADA,105,0.11801567768716026
2,UPFC_Vsh,5-15,1.1078146006483933,65,1.105798506802651,MAP_SCADA,105,0.002016093845742306
3,UPFC_tsh,5-15,-0.23209500185534337,65,-0.2262354727467334,MAP_SCADA,105,0.005859529108609984
4,UPFC_Vse,5-15,0.06005942127011483,65,0.06078399023278652,MAP_SCADA,105,0.0007245689626716942
5,UPFC_tse,5-15,-2.152035993257443,65,-2.150275100586329,MAP_SCADA,105,0.0017608926711139006
0,x_tcsc,1-14,-0.1105648668522165,66,-0.1389065981423208,MAP_SCADA,105,0.028341731290104283
1,B_svc,2,0.1904464047979305,66,0.2986171371240459,MAP_SCADA,105,0.1081707323261154
2,UPFC_Vsh,5-15,1.108306155074037,66,1.105798506802651,MAP_SCADA,105,0.0025076482713859427
3,UPFC_tsh,5-15,-0.23257200768493028,66,-0.2262354727467334,MAP_SCADA,105,0.006336534938196886
4,UPFC_Vse,5-15,0.06025958607178324,66,0.06078399023278652,MAP_SCADA,105,0.0005244041610032793
5,UPFC_tse,5-15,-2.1546439224482006,66,-2.150275100586329,MAP_SCADA,105,0.004368821861871375
0,x_tcsc,1-14,-0.11119767728780644,67,-0.1389065981423208,MAP_SCADA,105,0.027708920854514346
1,B_svc,2,0.18569084335624564,67,0.2986171371240459,MAP_SCADA,105,0.11292629376780028
2,UPFC_Vsh,5-15,1.106366563748709,67,1.105798506802651,MAP_SCADA,105,0.0005680569460579932
3,UPFC_tsh,5-15,-0.23386903030465617,67,-0.2262354727467334,MAP_SCADA,105,0.007633557557922777
4,UPFC_Vse,5-15,0.06056370946115216,67,0.06078399023278652,MAP_SCADA,105,0.00022028077163436383
5,UPFC_tse,5-15,-2.1571921085846038,67,-2.150275100586329,MAP_SCADA,105,0.006917007998274549
0,x_tcsc,1-14,-0.11483410186228073,68,-0.1389065981423208,MAP_SCADA,105,0.02407249628004006
1,B_svc,2,0.17781365828617798,68,0.2986171371240459,MAP_SCADA,105,0.12080347883786793
2,UPFC_Vsh,5-15,1.106598391691374,68,1.105798506802651,MAP_SCADA,105,0.000799884888722957
3,UPFC_tsh,5-15,-0.23154604520573963,68,-0.2262354727467334,MAP_SCADA,105,0.005310572459006235
4,UPFC_Vse,5-15,0.06029084534704604,68,0.06078399023278652,MAP_SCADA,105,0.0004931448857404819
5,UPFC_tse,5-15,-2.154853142467964,68,-2.150275100586329,MAP_SCADA,105,0.004578041881634576
0,x_tcsc,1-14,-0.11173747291563595,69,-0.1389065981423208,MAP_SCADA,105,0.02716912522668484
1,B_svc,2,0.18495146124073875,69,0.2986171371240459,MAP_SCADA,105,0.11366567588330717
2,UPFC_Vsh,5-15,1.1072218108273122,69,1.105798506802651,MAP_SCADA,105,0.0014233040246611761
3,UPFC_tsh,5-15,-0.23243266776604807,69,-0.2262354727467334,MAP_SCADA,105,0.006197195019314677
4,UPFC_Vse,5-15,0.05983529988183588,69,0.06078399023278652,MAP_SCADA,105,0.0009486903509506456
5,UPFC_tse,5-15,-2.162200479914194,69,-2.150275100586329,MAP_SCADA,105,0.01192537932786486
0,x_tcsc,1-14,-0.11161295954054895,70,-0.1389065981423208,MAP_SCADA,105,0.027293638601771836
1,B_svc,2,0.18626377458114451,70,0.2986171371240459,MAP_SCADA,105,0.1123533625429014
2,UPFC_Vsh,5-15,1.1076076388806437,70,1.105798506802651,MAP_SCADA,105,0.0018091320779927145
3,UPFC_tsh,5-15,-0.23241563686137293,70,-0.2262354727467334,MAP_SCADA,105,0.006180164114639536
4,UPFC_Vse,5-15,0.0600901778234442,70,0.06078399023278652,MAP_SCADA,105,0.000693812409342319
5,UPFC_tse,5-15,-2.159739654223675,70,-2.150275100586329,MAP_SCADA,105,0.009464553637345663
0,x_tcsc,1-14,-0.11023236043321037,71,-0.1389065981423208,MAP_SCADA,105,0.028674237709110414
1,B_svc,2,0.18490639389636032,71,0.2986171371240459,MAP_SCADA,105,0.1137107432276856
2,UPFC_Vsh,5-15,1.1080515269839228,71,1.105798506802651,MAP_SCADA,105,0.0022530201812718254
3,UPFC_tsh,5-15,-0.23367155568450076,71,-0.2262354727467334,MAP_SCADA,105,0.007436082937767374
4,UPFC_Vse,5-15,0.05956459850884551,71,0.06078399023278652,MAP_SCADA,105,0.0012193917239410115
5,UPFC_tse,5-15,-2.1603199827972,71,-2.150275100586329,MAP_SCADA,105,0.010044882210870743
0,x_tcsc,1-14,-0.11481364685907605,72,-0.1389065981423208,MAP_SCADA,105,0.024092951283244735
1,B_svc,2,0.1740477843073324,72,0.2986171371240459,MAP_SCADA,105,0.12456935281671352
2,UPFC_Vsh,5-15,1.1093478133268266,72,1.105798506802651,MAP_SCADA,105,0.0035493065241756216
3,UPFC_tsh,5-15,-0.23031014743099787,72,-0.2262354727467334,MAP_SCADA,105,0.004074674684264479
4,UPFC_Vse,5-15,0.060376298368476404,72,0.06078399023278652,MAP_SCADA,105,0.0004076918643101182
5,UPFC_tse,5-15,-2.152526010071022,72,-2.150275100586329,MAP_SCADA,105,0.0022509094846929756
0,x_tcsc,1-14,-0.11119939553174198,73,-0.1389065981423208,MAP_SCADA,105,0.02770720261057881
1,B_svc,2,0.18238211869777293,73,0.2986171371240459,MAP_SCADA,105,0.11623501842627298
2,UPFC_Vsh,5-15,1.1078410496521713,73,1.105798506802651,MAP_SCADA,105,0.0020425428495203235
3,UPFC_tsh,5-15,-0.23244182663890925,73,-0.2262354727467334,MAP_SCADA,105,0.006206353892175859
4,UPFC_Vse,5-15,0.060123430715658725,73,0.06078399023278652,MAP_SCADA,105,0.000660559517127797
5,UPFC_tse,5-15,-2.154635166458868,73,-2.150275100586329,MAP_SCADA,105,0.0043600658725386765
0,x_tcsc,1-14,-0.11245131488496514,74,-0.1389065981423208,MAP_SCADA,105,0.026455283257355647
1,B_svc,2,0.18306689732739356,74,0.2986171371240459,MAP_SCADA,105,0.11555023979665235
2,UPFC_Vsh,5-15,1.1060877669311164,74,1.105798506802651,MAP_SCADA,105,0.0002892601284654184
3,UPFC_tsh,5-15,-0.23225569221922024,74,-0.2262354727467334,MAP_SCADA,105,0.0060202194724868485
4,UPFC_Vse,5-15,0.06060816821702223,74,0.06078399023278652,MAP_SCADA,105,0.00017582201576429174
5,UPFC_tse,5-15,-2.1530639197953803,74,-2.150275100586329,MAP_SCADA,105,0.002788819209051052
0,x_tcsc,1-14,-0.11266851956063793,75,-0.1389065981423208,MAP_SCADA,105,0.026238078581682853
1,B_svc,2,0.17942389982839835,75,0.2986171371240459,MAP_SCADA,105,0.11919323729564757
2,UPFC_Vsh,5-15,1.1060512896544898,75,1.105798506802651,MAP_SCADA,105,0.00025278285183882865
3,UPFC_tsh,5-15,-0.2321833929982741,75,-0.2262354727467334,MAP_SCADA,105,0.0059479202515407
4,UPFC_Vse,5-15,0.0603953238342974,75,0.06078399023278652,MAP_SCADA,105,0.0003886663984891195
5,UPFC_tse,5-15,-2.156912981216897,75,-2.150275100586329,MAP_SCADA,105,0.006637880630567583
0,x_tcsc,1-14,-0.11320542384235198,76,-0.1389065981423208,MAP_SCADA,105,0.025701174299968807
1,B_svc,2,0.17986454173726527,76,0.2986171371240459,MAP_SCADA,105,0.11875259538678065
2,UPFC_Vsh,5-15,1.107140576441596,76,1.105798506802651,MAP_SCADA,105,0.0013420696389450093
3,UPFC_tsh,5-15,-0.2321309439923157,76,-0.2262354727467334,MAP_SCADA,105,0.005895471245582318
4,UPFC_Vse,5-15,0.06060513321190883,76,0.06078399023278652,MAP_SCADA,105,0.00017885702087769295
5,UPFC_tse,5-15,-2.154545901987454,76,-2.150275100586329,MAP_SCADA,105,0.004270801401125013
0,x_tcsc,1-14,-0.11027983805247656,77,-0.1389065981423208,MAP_SCADA,105,0.02862676008984423
1,B_svc,2,0.19039840003568215,77,0.2986171371240459,MAP_SCADA,105,0.10821873708836377
2,UPFC_Vsh,5-15,1.1060914983424281,77,1.105798506802651,MAP_SCADA,105,0.0002929915397771321
3,UPFC_tsh,5-15,-0.23354511247093693,77,-0.2262354727467334,MAP_SCADA,105,0.007309639724203537
4,UPFC_Vse,5-15,0.06064689698951932,77,0.06078399023278652,MAP_SCADA,105,0.00013709324326720285
5,UPFC_tse,5-15,-2.163946771282591,77,-2.150275100586329,MAP_SCADA,105,0.013671670696261629
0,x_tcsc,1-14,-0.11238909219532701,78,-0.1389065981423208,MAP_SCADA,105,0.026517505946993772
1,B_svc,2,0.18583281855938802,78,0.2986171371240459,MAP_SCADA,105,0.1127843185646579
2,UPFC_Vsh,5-15,1.1047114060882188,78,1.105798506802651,MAP_SCADA,105,0.0010871007144321876
3,UPFC_tsh,5-15,-0.23331161314458537,78,-0.2262354727467334,MAP_SCADA,105,0.007076140397851982
4,UPFC_Vse,5-15,0.060731876001881645,78,0.06078399023278652,MAP_SCADA,105,5.211423090487749e-05
5,UPFC_tse,5-15,-2.1574975209251144,78,-2.150275100586329,MAP_SCADA,105,0.007222420338785174
0,x_tcsc,1-14,-0.11227674867262306,79,-0.1389065981423208,MAP_SCADA,105,0.026629849469697722
1,B_svc,2,0.17798850759682364,79,0.2986171371240459,MAP_SCADA,105,0.12062862952722228
2,UPFC_Vsh,5-15,1.1091646776389321,79,1.105798506802651,MAP_SCADA,105,0.0033661708362811016
3,UPFC_tsh,5-15,-0.2318079257618266,79,-0.2262354727467334,MAP_SCADA,105,0.0055724530150932094
4,UPFC_Vse,5-15,0.0602518094619551,79,0.06078399023278652,MAP_SCADA,105,0.0005321807708314197
5,UPFC_tse,5-15,-2.1581915717638798,79,-2.150275100586329,MAP_SCADA,105,0.007916471177550566
0,x_tcsc,1-14,-0.1103069614975914,80,-0.1389065981423208,MAP_SCADA,105,0.028599636644729393
1,B_svc,2,0.1855188842432045,80,0.2986171371240459,MAP_SCADA,105,0.11309825288084141
2,UPFC_Vsh,5-15,1.1082246409705168,80,1.105798506802651,MAP_SCADA,105,0.0024261341678657455
3,UPFC_tsh,5-15,-0.23237219805571732,80,-0.2262354727467334,MAP_SCADA,105,0.006136725308983931
4,UPFC_Vse,5-15,0.06017729077889988,80,0.06078399023278652,MAP_SCADA,105,0.0006066994538866388
5,UPFC_tse,5-15,-2.1579965052878802,80,-2.150275100586329,MAP_SCADA,105,0.007721404701551027
0,x_tcsc,1-14,-0.11484420222689054,81,-0.1389065981423208,MAP_SCADA,105,0.024062395915430246
1,B_svc,2,0.17324317502602474,81,0.2986171371240459,MAP_SCADA,105,0.12537396209802118
2,UPFC_Vsh,5-15,1.107767203557404,81,1.105798506802651,MAP_SCADA,105,0.0019686967547529743
3,UPFC_tsh,5-15,-0.23072723953847235,81,-0.2262354727467334,MAP_SCADA,105,0.00449176679173896
4,UPFC_Vse,5-15,0.060976563935023265,81,0.06078399023278652,MAP_SCADA,105,0.00019257370223674242
5,UPFC_tse,5-15,-2.149647198018337,81,-2.150275100586329,MAP_SCADA,105,0.0006279025679920558
0,x_tcsc,1-14,-0.11180805607061052,82,-0.1389065981423208,MAP_SCADA,105,0.027098542071710266
1,B_svc,2,0.18178182354392003,82,0.2986171371240459,MAP_SCADA,105,0.11683531358012589
2,UPFC_Vsh,5-15,1.1089313718683742,82,1.105798506802651,MAP_SCADA,105,0.0031328650657231893
3,UPFC_tsh,5-15,-0.2325040165114551,82,-0.2262354727467334,MAP_SCADA,105,0.006268543764721718
4,UPFC_Vse,5-15,0.059750170374855985,82,0.06078399023278652,MAP_SCADA,105,0.0010338198579305374
5,UPFC_tse,5-15,-2.157267769739594,82,-2.150275100586329,MAP_SCADA,105,0.006992669153264686
0,x_tcsc,1-14,-0.11196594835243269,83,-0.1389065981423208,MAP_SCADA,105,0.026940649789888096
1,B_svc,2,0.18358007288343284,83,0.2986171371240459,MAP_SCADA,105,0.11503706424061308
2,UPFC_Vsh,5-15,1.1066161622964277,83,1.105798506802651,MAP_SCADA,105,0.0008176554937766589
3,UPFC_tsh,5-15,-0.2338622644581635,83,-0.2262354727467334,MAP_SCADA,105,0.007626791711430103
4,UPFC_Vse,5-15,0.060341497574501454,83,0.06078399023278652,MAP_SCADA,105,0.000442492658285068
5,UPFC_tse,5-15,-2.1576262979870653,83,-2.150275100586329,MAP_SCADA,105,0.007351197400736087
0,x_tcsc,1-14,-0.11242372645679247,84,-0.1389065981423208,MAP_SCADA,105,0.02648287168552832
1,B_svc,2,0.181063038342786,84,0.2986171371240459,MAP_SCADA,105,0.11755409878125991
2,UPFC_Vsh,5-15,1.1081734188444792,84,1.105798506802651,MAP_SCADA,105,0.002374912041828159
3,UPFC_tsh,5-15,-0.23205042242021406,84,-0.2262354727467334,MAP_SCADA,105,0.005814949673480674
4,UPFC_Vse,5-15,0.060297588621276065,84,0.06078399023278652,MAP_SCADA,105,0.00048640161151045774
5,UPFC_tse,5-15,-2.1552974337286637,84,-2.150275100586329,MAP_SCADA,105,0.0050223331423344675
0,x_tcsc,1-14,-0.11184343666634057,85,-0.1389065981423208,MAP_SCADA,105,0.027063161475980216
1,B_svc,2,0.18561959631485753,85,0.2986171371240459,MAP_SCADA,105,0.11299754080918839
2,UPFC_Vsh,5-15,1.1067012175816726,85,1.105798506802651,MAP_SCADA,105,0.0009027107790215982
3,UPFC_tsh,5-15,-0.23200039920807386,85,-0.2262354727467334,MAP_SCADA,105,0.005764926461340469
4,UPFC_Vse,5-15,0.060508485515277884,85,0.06078399023278652,MAP_SCADA,105,0.00027550471750863864
5,UPFC_tse,5-15,-2.156137188259973,85,-2.150275100586329,MAP_SCADA,105,0.005862087673643934
0,x_tcsc,1-14,-0.11364135301624523,86,-0.1389065981423208,MAP_SCADA,105,0.02526524512607556
1,B_svc,2,0.1821219783944858,86,0.2986171371240459,MAP_SCADA,105,0.11649515872956012
2,UPFC_Vsh,5-15,1.107820798130156,86,1.105798506802651,MAP_SCADA,105,0.002022291327504977
3,UPFC_tsh,5-15,-0.2322128959487655,86,-0.2262354727467334,MAP_SCADA,105,0.005977423202032123
4,UPFC_Vse,5-15,0.060660300434416836,86,0.06078399023278652,MAP_SCADA,105,0.00012368979836968608
5,UPFC_tse,5-15,-2.1513489737161597,86,-2.150275100586329,MAP_SCADA,105,0.0010738731298305382
0,x_tcsc,1-14,-0.11243275414694069,87,-0.1389065981423208,MAP_SCADA,105,0.026473843995380095
1,B_svc,2,0.18119025313673967,87,0.2986171371240459,MAP_SCADA,105,0.11742688398730625
2,UPFC_Vsh,5-15,1.1088940270782162,87,1.105798506802651,MAP_SCADA,105,0.0030955202755651445
3,UPFC_tsh,5-15,-0.2316124266592611,87,-0.2262354727467334,MAP_SCADA,105,0.00537695391252771
4,UPFC_Vse,5-15,0.060193264965839675,87,0.06078399023278652,MAP_SCADA,105,0.0005907252669468468
5,UPFC_tse,5-15,-2.1547446105680494,87,-2.150275100586329,MAP_SCADA,105,0.004469509981720243
0,x_tcsc,1-14,-0.1117050885844963,88,-0.1389065981423208,MAP_SCADA,105,0.02720150955782448
1,B_svc,2,0.18225177768878625,88,0.2986171371240459,MAP_SCADA,105,0.11636535943525966
2,UPFC_Vsh,5-15,1.1091187232902788,88,1.105798506802651,MAP_SCADA,105,0.003320216487627814
3,UPFC_tsh,5-15,-0.23202232715977783,88,-0.2262354727467334,MAP_SCADA,105,0.00578685441304444
4,UPFC_Vse,5-15,0.060376671714547456,88,0.06078399023278652,MAP_SCADA,105,0.0004073185182390665
5,UPFC_tse,5-15,-2.162073760045472,88,-2.150275100586329,MAP_SCADA,105,0.011798659459142602
0,x_tcsc,1-14,-0.11379815943239346,89,-0.1389065981423208,MAP_SCADA,105,0.025108438709927322
1,B_svc,2,0.1805462804774064,89,0.2986171371240459,MAP_SCADA,105,0.11807085664663952
2,UPFC_Vsh,5-15,1.1080653754934764,89,1.105798506802651,MAP_SCADA,105,0.0022668686908253743
3,UPFC_tsh,5-15,-0.2315678341219605,89,-0.2262354727467334,MAP_SCADA,105,0.005332361375227107
4,UPFC_Vse,5-15,0.060031095941406064,89,0.06078399023278652,MAP_SCADA,105,0.0007528942913804584
5,UPFC_tse,5-15,-2.159275756025949,89,-2.150275100586329,MAP_SCADA,105,0.009000655439619809
0,x_tcsc,1-14,-0.11269324663045342,90,-0.1389065981423208,MAP_SCADA,105,0.026213351511867364
1,B_svc,2,0.1821197549092243,90,0.2986171371240459,MAP_SCADA,105,0.11649738221482162
2,UPFC_Vsh,5-15,1.1062962965124052,90,1.105798506802651,MAP_SCADA,105,0.0004977897097542261
3,UPFC_tsh,5-15,-0.23417220359261745,90,-0.2262354727467334,MAP_SCADA,105,0.00793673084588406
4,UPFC_Vse,5-15,0.060051107680717156,90,0.06078399023278652,MAP_SCADA,105,0.0007328825520693666
5,UPFC_tse,5-15,-2.157194858291217,90,-2.150275100586329,MAP_SCADA,105,0.006919757704887619
0,x_tcsc,1-14,-0.11164315453934559,91,-0.1389065981423208,MAP_SCADA,105,0.027263443602975196
1,B_svc,2,0.18654973269484112,91,0.2986171371240459,MAP_SCADA,105,0.11206740442920479
2,UPFC_Vsh,5-15,1.1068988496328513,91,1.105798506802651,MAP_SCADA,105,0.0011003428302003293
3,UPFC_tsh,5-15,-0.23361650316009025,91,-0.2262354727467334,MAP_SCADA,105,0.007381030413356859
4,UPFC_Vse,5-15,0.060603644534026314,91,0.06078399023278652,MAP_SCADA,105,0.00018034569876020784
5,UPFC_tse,5-15,-2.1555270160668036,91,-2.150275100586329,MAP_SCADA,105,0.005251915480474434
0,x_tcsc,1-14,-0.11320362379910998,92,-0.1389065981423208,MAP_SCADA,105,0.02570297434321081
1,B_svc,2,0.1817882088694763,92,0.2986171371240459,MAP_SCADA,105,0.11682892825456961
2,UPFC_Vsh,5-15,1.1076439408886294,92,1.105798506802651,MAP_SCADA,105,0.0018454340859783702
3,UPFC_tsh,5-15,-0.23202215347050792,92,-0.2262354727467334,MAP_SCADA,105,0.005786680723774529
4,UPFC_Vse,5-15,0.06037604036313058,92,0.06078399023278652,MAP_SCADA,105,0.0004079498696559422
5,UPFC_tse,5-15,-2.158383119696829,92,-2.150275100586329,MAP_SCADA,105,0.008108019110499853
0,x_tcsc,1-14,-0.10898873491513596,93,-0.1389065981423208,MAP_SCADA,105,0.02991786322718483
1,B_svc,2,0.19068847968051864,93,0.2986171371240459,MAP_SCADA,105,0.10792865744352728
2,UPFC_Vsh,5-15,1.1066670030248402,93,1.105798506802651,MAP_SCADA,105,0.0008684962221892079
3,UPFC_tsh,5-15,-0.23438533687847693,93,-0.2262354727467334,MAP_SCADA,105,0.00814986413174354
4,UPFC_Vse,5-15,0.06075473700274517,93,0.06078399023278652,MAP_SCADA,105,2.925323004135394e-05
5,UPFC_tse,5-15,-2.1592122319698612,93,-2.150275100586329,MAP_SCADA,105,0.008937131383532027
0,x_tcsc,1-14,-0.11178711151202753,94,-0.1389065981423208,MAP_SCADA,105,0.02711948663029326
1,B_svc,2,0.1862241898982063,94,0.2986171371240459,MAP_SCADA,105,0.11239294722583962
2,UPFC_Vsh,5-15,1.1073746068132924,94,1.105798506802651,MAP_SCADA,105,0.0015761000106413459
3,UPFC_tsh,5-15,-0.23271118962076062,94,-0.2262354727467334,MAP_SCADA,105,0.006475716874027232
4,UPFC_Vse,5-15,0.05974367351699315,94,0.06078399023278652,MAP_SCADA,105,0.0010403167157933754
5,UPFC_tse,5-15,-2.1591837303616974,94,-2.150275100586329,MAP_SCADA,105,0.008908629775368215
0,x_tcsc,1-14,-0.11281811211419954,95,-0.1389065981423208,MAP_SCADA,105,0.02608848602812125
1,B_svc,2,0.1798423535605849,95,0.2986171371240459,MAP_SCADA,105,0.11877478356346102
2,UPFC_Vsh,5-15,1.1107640975000732,95,1.105798506802651,MAP_SCADA,105,0.004965590697422195
3,UPFC_tsh,5-15,-0.23130359362426886,95,-0.2262354727467334,MAP_SCADA,105,0.00506812087753547
4,UPFC_Vse,5-15,0.060407635714608096,95,0.06078399023278652,MAP_SCADA,105,0.00037635451817842613
5,UPFC_tse,5-15,-2.15105994964005,95,-2.150275100586329,MAP_SCADA,105,0.000784849053721004
0,x_tcsc,1-14,-0.11195570137059803,96,-0.1389065981423208,MAP_SCADA,105,0.026950896771722757
1,B_svc,2,0.18764742666765016,96,0.2986171371240459,MAP_SCADA,105,0.11096971045639575
2,UPFC_Vsh,5-15,1.109255661757014,96,1.105798506802651,MAP_SCADA,105,0.00345715495436294
3,UPFC_tsh,5-15,-0.23200538249675867,96,-0.2262354727467334,MAP_SCADA,105,0.005769909750025282
4,UPFC_Vse,5-15,0.06062835131201776,96,0.06078399023278652,MAP_SCADA,105,0.00015563892076875946
5,UPFC_tse,5-15,-2.1573787027016547,96,-2.150275100586329,MAP_SCADA,105,0.007103602115325458
0,x_tcsc,1-14,-0.11174140659467031,97,-0.1389065981423208,MAP_SCADA,105,0.027165191547650472
1,B_svc,2,0.18426488750022654,97,0.2986171371240459,MAP_SCADA,105,0.11435224962381937
2,UPFC_Vsh,5-15,1.108756821574409,97,1.105798506802651,MAP_SCADA,105,0.0029583147717580083
3,UPFC_tsh,5-15,-0.23306784874770028,97,-0.2262354727467334,MAP_SCADA,105,0.006832376000966894
4,UPFC_Vse,5-15,0.059787575256518455,97,0.06078399023278652,MAP_SCADA,105,0.0009964149762680674
5,UPFC_tse,5-15,-2.1580555421623253,97,-2.150275100586329,MAP_SCADA,105,0.007780441575996111
0,x_tcsc,1-14,-0.11246565688486991,98,-0.1389065981423208,MAP_SCADA,105,0.026440941257450876
1,B_svc,2,0.18285318023999722,98,0.2986171371240459,MAP_SCADA,105,0.1157639568840487
2,UPFC_Vsh,5-15,1.109484306840395,98,1.105798506802651,MAP_SCADA,105,0.0036858000377439915
3,UPFC_tsh,5-15,-0.23208286556886998,98,-0.2262354727467334,MAP_SCADA,105,0.005847392822136588
4,UPFC_Vse,5-15,0.0605315567883521,98,0.06078399023278652,MAP_SCADA,105,0.0002524334444344231
5,UPFC_tse,5-15,-2.1553071214667407,98,-2.150275100586329,MAP_SCADA,105,0.005032020880411547
0,x_tcsc,1-14,-0.1137018084065269,99,-0.1389065981423208,MAP_SCADA,105,0.02520478973579389
1,B_svc,2,0.17857495229728937,99,0.2986171371240459,MAP_SCADA,105,0.12004218482675655
2,UPFC_Vsh,5-15,1.1088238971653452,99,1.105798506802651,MAP_SCADA,105,0.0030253903626942247
3,UPFC_tsh,5-15,-0.23186387590410268,99,-0.2262354727467334,MAP_SCADA,105,0.005628403157369288
4,UPFC_Vse,5-15,0.06031676127760777,99,0.06078399023278652,MAP_SCADA,105,0.0004672289551787556
5,UPFC_tse,5-15,-2.153187140622384,99,-2.150275100586329,MAP_SCADA,105,0.0029120400360547194
0,x_tcsc,1-14,-0.1089531511781327,0,-0.14029589612584978,MAP_SCADA,107,0.03134274494771708
1,B_svc,2,0.1897935387956435,0,0.30588198279745255,MAP_SCADA,107,0.11608844400180904
2,UPFC_Vsh,5-15,1.1087431100620921,0,1.1048533329991541,MAP_SCADA,107,0.003889777062938027
3,UPFC_tsh,5-15,-0.23330975381613128,0,-0.2247138887988874,MAP_SCADA,107,0.008595865017243881
4,UPFC_Vse,5-15,0.059910786553985726,0,0.06154906690260654,MAP_SCADA,107,0.0016382803486208117
5,UPFC_tse,5-15,-2.1617541252362744,0,-2.152467191160125,MAP_SCADA,107,0.009286934076149223
0,x_tcsc,1-14,-0.111586134031699,1,-0.14029589612584978,MAP_SCADA,107,0.028709762094150784
1,B_svc,2,0.18277825912481013,1,0.30588198279745255,MAP_SCADA,107,0.12310372367264241
2,UPFC_Vsh,5-15,1.1082234287991541,1,1.1048533329991541,MAP_SCADA,107,0.003370095800000028
3,UPFC_tsh,5-15,-0.23190643054264615,1,-0.2247138887988874,MAP_SCADA,107,0.007192541743758746
4,UPFC_Vse,5-15,0.06059477305551764,1,0.06154906690260654,MAP_SCADA,107,0.0009542938470889009
5,UPFC_tse,5-15,-2.1540585190564276,1,-2.152467191160125,MAP_SCADA,107,0.0015913278963024524
0,x_tcsc,1-14,-0.11211395804478234,2,-0.14029589612584978,MAP_SCADA,107,0.028181938081067434
1,B_svc,2,0.1868625727668949,2,0.30588198279745255,MAP_SCADA,107,0.11901941003055763
2,UPFC_Vsh,5-15,1.1067411309471762,2,1.1048533329991541,MAP_SCADA,107,0.0018877979480220741
3,UPFC_tsh,5-15,-0.2331739941656229,2,-0.2247138887988874,MAP_SCADA,107,0.008460105366735499
4,UPFC_Vse,5-15,0.0609363740875178,2,0.06154906690260654,MAP_SCADA,107,0.0006126928150887376
5,UPFC_tse,5-15,-2.152871154024673,2,-2.152467191160125,MAP_SCADA,107,0.0004039628645480242
0,x_tcsc,1-14,-0.11285742257812492,3,-0.14029589612584978,MAP_SCADA,107,0.027438473547724856
1,B_svc,2,0.18539429171333982,3,0.30588198279745255,MAP_SCADA,107,0.12048769108411272
2,UPFC_Vsh,5-15,1.1081386969229026,3,1.1048533329991541,MAP_SCADA,107,0.003285363923748452
3,UPFC_tsh,5-15,-0.2324863078339946,3,-0.2247138887988874,MAP_SCADA,107,0.0077724190351071976
4,UPFC_Vse,5-15,0.06048900561970597,3,0.06154906690260654,MAP_SCADA,107,0.0010600612829005651
5,UPFC_tse,5-15,-2.1551872012743307,3,-2.152467191160125,MAP_SCADA,107,0.002720010114205529
0,x_tcsc,1-14,-0.11231476988244248,4,-0.14029589612584978,MAP_SCADA,107,0.027981126243407303
1,B_svc,2,0.18572521980578321,4,0.30588198279745255,MAP_SCADA,107,0.12015676299166933
2,UPFC_Vsh,5-15,1.1056512600233495,4,1.1048533329991541,MAP_SCADA,107,0.000797927024195344
3,UPFC_tsh,5-15,-0.2338904834461942,4,-0.2247138887988874,MAP_SCADA,107,0.009176594647306802
4,UPFC_Vse,5-15,0.060121854908355796,4,0.06154906690260654,MAP_SCADA,107,0.001427211994250742
5,UPFC_tse,5-15,-2.1592578402365357,4,-2.152467191160125,MAP_SCADA,107,0.006790649076410471
0,x_tcsc,1-14,-0.11178525041785418,5,-0.14029589612584978,MAP_SCADA,107,0.028510645707995594
1,B_svc,2,0.18343692280570392,5,0.30588198279745255,MAP_SCADA,107,0.12244505999174862
2,UPFC_Vsh,5-15,1.109880077816995,5,1.1048533329991541,MAP_SCADA,107,0.0050267448178409335
3,UPFC_tsh,5-15,-0.2309144059831098,5,-0.2247138887988874,MAP_SCADA,107,0.006200517184222404
4,UPFC_Vse,5-15,0.0603194722178149,5,0.06154906690260654,MAP_SCADA,107,0.0012295946847916406
5,UPFC_tse,5-15,-2.155318859766885,5,-2.152467191160125,MAP_SCADA,107,0.002851668606759894
0,x_tcsc,1-14,-0.11333459791028293,6,-0.14029589612584978,MAP_SCADA,107,0.02696129821556685
1,B_svc,2,0.18041966252582461,6,0.30588198279745255,MAP_SCADA,107,0.12546232027162793
2,UPFC_Vsh,5-15,1.1072648590523495,6,1.1048533329991541,MAP_SCADA,107,0.0024115260531953897
3,UPFC_tsh,5-15,-0.23253037627372858,6,-0.2247138887988874,MAP_SCADA,107,0.007816487474841177
4,UPFC_Vse,5-15,0.0600837156301815,6,0.06154906690260654,MAP_SCADA,107,0.0014653512724250375
5,UPFC_tse,5-15,-2.1559922176239676,6,-2.152467191160125,MAP_SCADA,107,0.003525026463842451
0,x_tcsc,1-14,-0.11436276256544746,7,-0.14029589612584978,MAP_SCADA,107,0.02593313356040232
1,B_svc,2,0.17578589143797024,7,0.30588198279745255,MAP_SCADA,107,0.1300960913594823
2,UPFC_Vsh,5-15,1.1090257321918613,7,1.1048533329991541,MAP_SCADA,107,0.004172399192707177
3,UPFC_tsh,5-15,-0.230752004160547,7,-0.2247138887988874,MAP_SCADA,107,0.006038115361659602
4,UPFC_Vse,5-15,0.06009782334247497,7,0.06154906690260654,MAP_SCADA,107,0.001451243560131571
5,UPFC_tse,5-15,-2.1532896030355704,7,-2.152467191160125,MAP_SCADA,107,0.0008224118754451837
0,x_tcsc,1-14,-0.11346472153441553,8,-0.14029589612584978,MAP_SCADA,107,0.026831174591434248
1,B_svc,2,0.18048286210943015,8,0.30588198279745255,MAP_SCADA,107,0.1253991206880224
2,UPFC_Vsh,5-15,1.108480483695338,8,1.1048533329991541,MAP_SCADA,107,0.0036271506961838007
3,UPFC_tsh,5-15,-0.23109403596665595,8,-0.2247138887988874,MAP_SCADA,107,0.006380147167768552
4,UPFC_Vse,5-15,0.05989475052534988,8,0.06154906690260654,MAP_SCADA,107,0.0016543163772566594
5,UPFC_tse,5-15,-2.153008952867411,8,-2.152467191160125,MAP_SCADA,107,0.000541761707285815
0,x_tcsc,1-14,-0.11177440719091994,9,-0.14029589612584978,MAP_SCADA,107,0.02852148893492984
1,B_svc,2,0.18671012434317674,9,0.30588198279745255,MAP_SCADA,107,0.1191718584542758
2,UPFC_Vsh,5-15,1.1037795807258335,9,1.1048533329991541,MAP_SCADA,107,0.0010737522733206273
3,UPFC_tsh,5-15,-0.23448940288511175,9,-0.2247138887988874,MAP_SCADA,107,0.009775514086224346
4,UPFC_Vse,5-15,0.06104008593960212,9,0.06154906690260654,MAP_SCADA,107,0.0005089809630044184
5,UPFC_tse,5-15,-2.1543496412886083,9,-2.152467191160125,MAP_SCADA,107,0.001882450128483093
0,x_tcsc,1-14,-0.11194494997492009,10,-0.14029589612584978,MAP_SCADA,107,0.028350946150929687
1,B_svc,2,0.18561780207658218,10,0.30588198279745255,MAP_SCADA,107,0.12026418072087036
2,UPFC_Vsh,5-15,1.1077955580647714,10,1.1048533329991541,MAP_SCADA,107,0.0029422250656172544
3,UPFC_tsh,5-15,-0.23357350457639295,10,-0.2247138887988874,MAP_SCADA,107,0.008859615777505547
4,UPFC_Vse,5-15,0.06104911978819504,10,0.06154906690260654,MAP_SCADA,107,0.0004999471144114948
5,UPFC_tse,5-15,-2.1542087215643924,10,-2.152467191160125,MAP_SCADA,107,0.0017415304042671664
0,x_tcsc,1-14,-0.11144691933862402,11,-0.14029589612584978,MAP_SCADA,107,0.028848976787225755
1,B_svc,2,0.18733135995158337,11,0.30588198279745255,MAP_SCADA,107,0.11855062284586917
2,UPFC_Vsh,5-15,1.106233756598256,11,1.1048533329991541,MAP_SCADA,107,0.0013804235991019542
3,UPFC_tsh,5-15,-0.23400144609007603,11,-0.2247138887988874,MAP_SCADA,107,0.00928755729118863
4,UPFC_Vse,5-15,0.06022611964382545,11,0.06154906690260654,MAP_SCADA,107,0.0013229472587810848
5,UPFC_tse,5-15,-2.15561983957537,11,-2.152467191160125,MAP_SCADA,107,0.003152648415244652
0,x_tcsc,1-14,-0.11335974657529489,12,-0.14029589612584978,MAP_SCADA,107,0.026936149550554886
1,B_svc,2,0.18052980160149132,12,0.30588198279745255,MAP_SCADA,107,0.12535218119596123
2,UPFC_Vsh,5-15,1.1072101395226248,12,1.1048533329991541,MAP_SCADA,107,0.0023568065234707003
3,UPFC_tsh,5-15,-0.23235149981375186,12,-0.2247138887988874,MAP_SCADA,107,0.007637611014864459
4,UPFC_Vse,5-15,0.06105168575186966,12,0.06154906690260654,MAP_SCADA,107,0.0004973811507368794
5,UPFC_tse,5-15,-2.1503334819797124,12,-2.152467191160125,MAP_SCADA,107,0.0021337091804127795
0,x_tcsc,1-14,-0.11211623931164033,13,-0.14029589612584978,MAP_SCADA,107,0.028179656814209447
1,B_svc,2,0.18705823005723368,13,0.30588198279745255,MAP_SCADA,107,0.11882375274021886
2,UPFC_Vsh,5-15,1.1059065780904005,13,1.1048533329991541,MAP_SCADA,107,0.0010532450912463798
3,UPFC_tsh,5-15,-0.23398759186968957,13,-0.2247138887988874,MAP_SCADA,107,0.009273703070802164
4,UPFC_Vse,5-15,0.06032973274826177,13,0.06154906690260654,MAP_SCADA,107,0.0012193341543447686
5,UPFC_tse,5-15,-2.1569813122485124,13,-2.152467191160125,MAP_SCADA,107,0.004514121088387224
0,x_tcsc,1-14,-0.1137714289763915,14,-0.14029589612584978,MAP_SCADA,107,0.026524467149458275
1,B_svc,2,0.1830696590076973,14,0.30588198279745255,MAP_SCADA,107,0.12281232378975523
2,UPFC_Vsh,5-15,1.1082720687885226,14,1.1048533329991541,MAP_SCADA,107,0.0034187357893684656
3,UPFC_tsh,5-15,-0.23205392329338764,14,-0.2247138887988874,MAP_SCADA,107,0.007340034494500242
4,UPFC_Vse,5-15,0.060411104500337556,14,0.06154906690260654,MAP_SCADA,107,0.0011379624022689813
5,UPFC_tse,5-15,-2.1558802644963175,14,-2.152467191160125,MAP_SCADA,107,0.0034130733361923404
0,x_tcsc,1-14,-0.11331493961116607,15,-0.14029589612584978,MAP_SCADA,107,0.026980956514683713
1,B_svc,2,0.1800813984044449,15,0.30588198279745255,MAP_SCADA,107,0.12580058439300765
2,UPFC_Vsh,5-15,1.107314408698073,15,1.1048533329991541,MAP_SCADA,107,0.0024610756989189575
3,UPFC_tsh,5-15,-0.23205643090968373,15,-0.2247138887988874,MAP_SCADA,107,0.007342542110796324
4,UPFC_Vse,5-15,0.059873090964751116,15,0.06154906690260654,MAP_SCADA,107,0.0016759759378554215
5,UPFC_tse,5-15,-2.155007128440672,15,-2.152467191160125,MAP_SCADA,107,0.002539937280547022
0,x_tcsc,1-14,-0.1122306884762184,16,-0.14029589612584978,MAP_SCADA,107,0.028065207649631385
1,B_svc,2,0.18775249902392893,16,0.30588198279745255,MAP_SCADA,107,0.11812948377352361
2,UPFC_Vsh,5-15,1.1049647892610377,16,1.1048533329991541,MAP_SCADA,107,0.00011145626188358015
3,UPFC_tsh,5-15,-0.2330079098466535,16,-0.2247138887988874,MAP_SCADA,107,0.00829402104776611
4,UPFC_Vse,5-15,0.06113724250918414,16,0.06154906690260654,MAP_SCADA,107,0.00041182439342239696
5,UPFC_tse,5-15,-2.157423881875138,16,-2.152467191160125,MAP_SCADA,107,0.0049566907150127015
0,x_tcsc,1-14,-0.11263036020353481,17,-0.14029589612584978,MAP_SCADA,107,0.027665535922314966
1,B_svc,2,0.1817837233928617,17,0.30588198279745255,MAP_SCADA,107,0.12409825940459085
2,UPFC_Vsh,5-15,1.1084114438149966,17,1.1048533329991541,MAP_SCADA,107,0.0035581108158424524
3,UPFC_tsh,5-15,-0.23144867598779334,17,-0.2247138887988874,MAP_SCADA,107,0.0067347871889059385
4,UPFC_Vse,5-15,0.060318116756721364,17,0.06154906690260654,MAP_SCADA,107,0.0012309501458851735
5,UPFC_tse,5-15,-2.153541067371644,17,-2.152467191160125,MAP_SCADA,107,0.001073876211518776
0,x_tcsc,1-14,-0.1123168833646532,18,-0.14029589612584978,MAP_SCADA,107,0.027979012761196576
1,B_svc,2,0.18114343012589246,18,0.30588198279745255,MAP_SCADA,107,0.12473855267156009
2,UPFC_Vsh,5-15,1.108076754568016,18,1.1048533329991541,MAP_SCADA,107,0.003223421568861795
3,UPFC_tsh,5-15,-0.2320082068359299,18,-0.2247138887988874,MAP_SCADA,107,0.007294318037042502
4,UPFC_Vse,5-15,0.06041732067962146,18,0.06154906690260654,MAP_SCADA,107,0.0011317462229850778
5,UPFC_tse,5-15,-2.1552625136309573,18,-2.152467191160125,MAP_SCADA,107,0.00279532247083214
0,x_tcsc,1-14,-0.11164424108868416,19,-0.14029589612584978,MAP_SCADA,107,0.028651655037165616
1,B_svc,2,0.18040424893429052,19,0.30588198279745255,MAP_SCADA,107,0.12547773386316202
2,UPFC_Vsh,5-15,1.108871364654878,19,1.1048533329991541,MAP_SCADA,107,0.004018031655723897
3,UPFC_tsh,5-15,-0.2324105075658558,19,-0.2247138887988874,MAP_SCADA,107,0.007696618766968394
4,UPFC_Vse,5-15,0.061155322165232597,19,0.06154906690260654,MAP_SCADA,107,0.0003937447373739411
5,UPFC_tse,5-15,-2.154669972733158,19,-2.152467191160125,MAP_SCADA,107,0.002202781573032997
0,x_tcsc,1-14,-0.11274782327049446,20,-0.14029589612584978,MAP_SCADA,107,0.02754807285535532
1,B_svc,2,0.18459454920584656,20,0.30588198279745255,MAP_SCADA,107,0.12128743359160599
2,UPFC_Vsh,5-15,1.108006286307207,20,1.1048533329991541,MAP_SCADA,107,0.003152953308052986
3,UPFC_tsh,5-15,-0.23191990543603197,20,-0.2247138887988874,MAP_SCADA,107,0.007206016637144569
4,UPFC_Vse,5-15,0.06008050852103739,20,0.06154906690260654,MAP_SCADA,107,0.001468558381569146
5,UPFC_tse,5-15,-2.1567097345688575,20,-2.152467191160125,MAP_SCADA,107,0.004242543408732313
0,x_tcsc,1-14,-0.11169414259952308,21,-0.14029589612584978,MAP_SCADA,107,0.028601753526326698
1,B_svc,2,0.1857776632719838,21,0.30588198279745255,MAP_SCADA,107,0.12010431952546874
2,UPFC_Vsh,5-15,1.108184785877071,21,1.1048533329991541,MAP_SCADA,107,0.0033314528779169184
3,UPFC_tsh,5-15,-0.23273179667649846,21,-0.2247138887988874,MAP_SCADA,107,0.008017907877611058
4,UPFC_Vse,5-15,0.05992770845896655,21,0.06154906690260654,MAP_SCADA,107,0.0016213584436399892
5,UPFC_tse,5-15,-2.1568349329799426,21,-2.152467191160125,MAP_SCADA,107,0.004367741819817361
0,x_tcsc,1-14,-0.11260572090998863,22,-0.14029589612584978,MAP_SCADA,107,0.027690175215861146
1,B_svc,2,0.18071338323253047,22,0.30588198279745255,MAP_SCADA,107,0.12516859956492207
2,UPFC_Vsh,5-15,1.106722196604619,22,1.1048533329991541,MAP_SCADA,107,0.0018688636054648988
3,UPFC_tsh,5-15,-0.23240057224166638,22,-0.2247138887988874,MAP_SCADA,107,0.00768668344277898
4,UPFC_Vse,5-15,0.059859672432762606,22,0.06154906690260654,MAP_SCADA,107,0.0016893944698439314
5,UPFC_tse,5-15,-2.1554046999392504,22,-2.152467191160125,MAP_SCADA,107,0.002937508779125242
0,x_tcsc,1-14,-0.10863106555895048,23,-0.14029589612584978,MAP_SCADA,107,0.031664830566899296
1,B_svc,2,0.19440583723342642,23,0.30588198279745255,MAP_SCADA,107,0.11147614556402613
2,UPFC_Vsh,5-15,1.1056047474826858,23,1.1048533329991541,MAP_SCADA,107,0.000751414483531665
3,UPFC_tsh,5-15,-0.23553602350049807,23,-0.2247138887988874,MAP_SCADA,107,0.01082213470161067
4,UPFC_Vse,5-15,0.06062491232048908,23,0.06154906690260654,MAP_SCADA,107,0.0009241545821174549
5,UPFC_tse,5-15,-2.1604370235879395,23,-2.152467191160125,MAP_SCADA,107,0.00796983242781435
0,x_tcsc,1-14,-0.11358461640106417,24,-0.14029589612584978,MAP_SCADA,107,0.02671127972478561
1,B_svc,2,0.17847299555661278,24,0.30588198279745255,MAP_SCADA,107,0.12740898724083977
2,UPFC_Vsh,5-15,1.1077453708357268,24,1.1048533329991541,MAP_SCADA,107,0.0028920378365726584
3,UPFC_tsh,5-15,-0.23118967241909189,24,-0.2247138887988874,MAP_SCADA,107,0.006475783620204484
4,UPFC_Vse,5-15,0.06001689749729636,24,0.06154906690260654,MAP_SCADA,107,0.0015321694053101742
5,UPFC_tse,5-15,-2.1543010736861428,24,-2.152467191160125,MAP_SCADA,107,0.0018338825260175717
0,x_tcsc,1-14,-0.11320004043012336,25,-0.14029589612584978,MAP_SCADA,107,0.027095855695726423
1,B_svc,2,0.17941167260829785,25,0.30588198279745255,MAP_SCADA,107,0.1264703101891547
2,UPFC_Vsh,5-15,1.1101974435380184,25,1.1048533329991541,MAP_SCADA,107,0.0053441105388642995
3,UPFC_tsh,5-15,-0.23031717049236608,25,-0.2247138887988874,MAP_SCADA,107,0.005603281693478679
4,UPFC_Vse,5-15,0.05996830578511454,25,0.06154906690260654,MAP_SCADA,107,0.0015807611174919953
5,UPFC_tse,5-15,-2.1553668754708863,25,-2.152467191160125,MAP_SCADA,107,0.0028996843107611525
0,x_tcsc,1-14,-0.11212214964649692,26,-0.14029589612584978,MAP_SCADA,107,0.028173746479352862
1,B_svc,2,0.1816223075761155,26,0.30588198279745255,MAP_SCADA,107,0.12425967522133705
2,UPFC_Vsh,5-15,1.1082064053681402,26,1.1048533329991541,MAP_SCADA,107,0.0033530723689860764
3,UPFC_tsh,5-15,-0.23179014857039898,26,-0.2247138887988874,MAP_SCADA,107,0.007076259771511578
4,UPFC_Vse,5-15,0.060238724303090414,26,0.06154906690260654,MAP_SCADA,107,0.0013103425995161233
5,UPFC_tse,5-15,-2.1599186635184866,26,-2.152467191160125,MAP_SCADA,107,0.007451472358361411
0,x_tcsc,1-14,-0.11119204081336112,27,-0.14029589612584978,MAP_SCADA,107,0.029103855312488658
1,B_svc,2,0.1842705258074126,27,0.30588198279745255,MAP_SCADA,107,0.12161145699003995
2,UPFC_Vsh,5-15,1.1059116452390325,27,1.1048533329991541,MAP_SCADA,107,0.0010583122398784006
3,UPFC_tsh,5-15,-0.23295759170996305,27,-0.2247138887988874,MAP_SCADA,107,0.008243702911075651
4,UPFC_Vse,5-15,0.06053072554552834,27,0.06154906690260654,MAP_SCADA,107,0.0010183413570781993
5,UPFC_tse,5-15,-2.1561425446031106,27,-2.152467191160125,MAP_SCADA,107,0.0036753534429854184
0,x_tcsc,1-14,-0.11078516593243308,28,-0.14029589612584978,MAP_SCADA,107,0.029510730193416698
1,B_svc,2,0.1862073014298553,28,0.30588198279745255,MAP_SCADA,107,0.11967468136759724
2,UPFC_Vsh,5-15,1.105306562887327,28,1.1048533329991541,MAP_SCADA,107,0.00045322988817297905
3,UPFC_tsh,5-15,-0.2340897760936502,28,-0.2247138887988874,MAP_SCADA,107,0.009375887294762797
4,UPFC_Vse,5-15,0.06031540260348843,28,0.06154906690260654,MAP_SCADA,107,0.0012336642991181077
5,UPFC_tse,5-15,-2.159848933017864,28,-2.152467191160125,MAP_SCADA,107,0.007381741857738877
0,x_tcsc,1-14,-0.11114633594373284,29,-0.14029589612584978,MAP_SCADA,107,0.029149560182116938
1,B_svc,2,0.18515795790093445,29,0.30588198279745255,MAP_SCADA,107,0.1207240248965181
2,UPFC_Vsh,5-15,1.1077676810944392,29,1.1048533329991541,MAP_SCADA,107,0.002914348095285124
3,UPFC_tsh,5-15,-0.2328826952361252,29,-0.2247138887988874,MAP_SCADA,107,0.008168806437237802
4,UPFC_Vse,5-15,0.06039577683997066,29,0.06154906690260654,MAP_SCADA,107,0.001153290062635877
5,UPFC_tse,5-15,-2.155335140690537,29,-2.152467191160125,MAP_SCADA,107,0.0028679495304118063
0,x_tcsc,1-14,-0.11216068815257503,30,-0.14029589612584978,MAP_SCADA,107,0.028135207973274748
1,B_svc,2,0.17704446044748634,30,0.30588198279745255,MAP_SCADA,107,0.1288375223499662
2,UPFC_Vsh,5-15,1.109683072820936,30,1.1048533329991541,MAP_SCADA,107,0.004829739821781809
3,UPFC_tsh,5-15,-0.23174778760842352,30,-0.2247138887988874,MAP_SCADA,107,0.0070338988095361155
4,UPFC_Vse,5-15,0.06019310784890161,30,0.06154906690260654,MAP_SCADA,107,0.0013559590537049263
5,UPFC_tse,5-15,-2.1564072150031643,30,-2.152467191160125,MAP_SCADA,107,0.003940023843039153
0,x_tcsc,1-14,-0.11251342636674841,31,-0.14029589612584978,MAP_SCADA,107,0.02778246975910137
1,B_svc,2,0.1831099893073962,31,0.30588198279745255,MAP_SCADA,107,0.12277199349005635
2,UPFC_Vsh,5-15,1.1078159760395527,31,1.1048533329991541,MAP_SCADA,107,0.002962643040398616
3,UPFC_tsh,5-15,-0.23189856588754654,31,-0.2247138887988874,MAP_SCADA,107,0.007184677088659136
4,UPFC_Vse,5-15,0.06007672510263565,31,0.06154906690260654,MAP_SCADA,107,0.0014723417999708902
5,UPFC_tse,5-15,-2.1587524619933207,31,-2.152467191160125,MAP_SCADA,107,0.006285270833195522
0,x_tcsc,1-14,-0.10935089542807824,32,-0.14029589612584978,MAP_SCADA,107,0.030945000697771535
1,B_svc,2,0.18873592910746403,32,0.30588198279745255,MAP_SCADA,107,0.11714605368998851
2,UPFC_Vsh,5-15,1.109038949726816,32,1.1048533329991541,MAP_SCADA,107,0.004185616727661934
3,UPFC_tsh,5-15,-0.2330027710688704,32,-0.2247138887988874,MAP_SCADA,107,0.008288882269983006
4,UPFC_Vse,5-15,0.05985014716756717,32,0.06154906690260654,MAP_SCADA,107,0.0016989197350393698
5,UPFC_tse,5-15,-2.1617669058380433,32,-2.152467191160125,MAP_SCADA,107,0.009299714677918125
0,x_tcsc,1-14,-0.11132959920201867,33,-0.14029589612584978,MAP_SCADA,107,0.02896629692383111
1,B_svc,2,0.18595327212098606,33,0.30588198279745255,MAP_SCADA,107,0.11992871067646649
2,UPFC_Vsh,5-15,1.108084565723442,33,1.1048533329991541,MAP_SCADA,107,0.0032312327242878247
3,UPFC_tsh,5-15,-0.2321353180308911,33,-0.2247138887988874,MAP_SCADA,107,0.007421429232003701
4,UPFC_Vse,5-15,0.06002017416798528,33,0.06154906690260654,MAP_SCADA,107,0.0015288927346212566
5,UPFC_tse,5-15,-2.157033850389164,33,-2.152467191160125,MAP_SCADA,107,0.004566659229038983
0,x_tcsc,1-14,-0.11034198001640978,34,-0.14029589612584978,MAP_SCADA,107,0.029953916109439996
1,B_svc,2,0.18678599517759245,34,0.30588198279745255,MAP_SCADA,107,0.1190959876198601
2,UPFC_Vsh,5-15,1.1085563560496479,34,1.1048533329991541,MAP_SCADA,107,0.003703023050493748
3,UPFC_tsh,5-15,-0.23312360340740504,34,-0.2247138887988874,MAP_SCADA,107,0.008409714608517638
4,UPFC_Vse,5-15,0.060366956294376876,34,0.06154906690260654,MAP_SCADA,107,0.0011821106082296612
5,UPFC_tse,5-15,-2.1581320522383804,34,-2.152467191160125,MAP_SCADA,107,0.005664861078255257
0,x_tcsc,1-14,-0.11311317898577221,35,-0.14029589612584978,MAP_SCADA,107,0.02718271714007757
1,B_svc,2,0.18325163162252295,35,0.30588198279745255,MAP_SCADA,107,0.1226303511749296
2,UPFC_Vsh,5-15,1.1098842983230832,35,1.1048533329991541,MAP_SCADA,107,0.005030965323929104
3,UPFC_tsh,5-15,-0.23130759162507253,35,-0.2247138887988874,MAP_SCADA,107,0.006593702826185127
4,UPFC_Vse,5-15,0.06016391902929492,35,0.06154906690260654,MAP_SCADA,107,0.0013851478733116207
5,UPFC_tse,5-15,-2.1548243799234137,35,-2.152467191160125,MAP_SCADA,107,0.002357188763288498
0,x_tcsc,1-14,-0.1149720819539307,36,-0.14029589612584978,MAP_SCADA,107,0.025323814171919076
1,B_svc,2,0.1750447967126657,36,0.30588198279745255,MAP_SCADA,107,0.13083718608478684
2,UPFC_Vsh,5-15,1.1102778223388667,36,1.1048533329991541,MAP_SCADA,107,0.005424489339712624
3,UPFC_tsh,5-15,-0.22961423202170334,36,-0.2247138887988874,MAP_SCADA,107,0.004900343222815934
4,UPFC_Vse,5-15,0.060175439493694916,36,0.06154906690260654,MAP_SCADA,107,0.001373627408911622
5,UPFC_tse,5-15,-2.1527252492944804,36,-2.152467191160125,MAP_SCADA,107,0.0002580581343551991
0,x_tcsc,1-14,-0.1135383168444,37,-0.14029589612584978,MAP_SCADA,107,0.026757579281449784
1,B_svc,2,0.1808875627066663,37,0.30588198279745255,MAP_SCADA,107,0.12499442009078623
2,UPFC_Vsh,5-15,1.1097833398341765,37,1.1048533329991541,MAP_SCADA,107,0.004930006835022427
3,UPFC_tsh,5-15,-0.2306731020068669,37,-0.2247138887988874,MAP_SCADA,107,0.005959213207979486
4,UPFC_Vse,5-15,0.059604765997265136,37,0.06154906690260654,MAP_SCADA,107,0.001944300905341402
5,UPFC_tse,5-15,-2.1598551334837475,37,-2.152467191160125,MAP_SCADA,107,0.007387942323622276
0,x_tcsc,1-14,-0.11241197576694792,38,-0.14029589612584978,MAP_SCADA,107,0.02788392035890186
1,B_svc,2,0.18139884194193798,38,0.30588198279745255,MAP_SCADA,107,0.12448314085551457
2,UPFC_Vsh,5-15,1.1092926368032598,38,1.1048533329991541,MAP_SCADA,107,0.004439303804105732
3,UPFC_tsh,5-15,-0.23168033003577468,38,-0.2247138887988874,MAP_SCADA,107,0.0069664412368872775
4,UPFC_Vse,5-15,0.06042739705196942,38,0.06154906690260654,MAP_SCADA,107,0.001121669850637115
5,UPFC_tse,5-15,-2.150262573934795,38,-2.152467191160125,MAP_SCADA,107,0.0022046172253302743
0,x_tcsc,1-14,-0.11336627208444718,39,-0.14029589612584978,MAP_SCADA,107,0.026929624041402603
1,B_svc,2,0.1824406965904449,39,0.30588198279745255,MAP_SCADA,107,0.12344128620700764
2,UPFC_Vsh,5-15,1.109450803391796,39,1.1048533329991541,MAP_SCADA,107,0.004597470392641911
3,UPFC_tsh,5-15,-0.23110270791873322,39,-0.2247138887988874,MAP_SCADA,107,0.006388819119845818
4,UPFC_Vse,5-15,0.06015947124209428,39,0.06154906690260654,MAP_SCADA,107,0.0013895956605122564
5,UPFC_tse,5-15,-2.1525195949795397,39,-2.152467191160125,MAP_SCADA,107,5.2403819414514885e-05
0,x_tcsc,1-14,-0.11449781928869908,40,-0.14029589612584978,MAP_SCADA,107,0.0257980768371507
1,B_svc,2,0.17698963311880708,40,0.30588198279745255,MAP_SCADA,107,0.12889234967864546
2,UPFC_Vsh,5-15,1.1099220982081328,40,1.1048533329991541,MAP_SCADA,107,0.005068765208978698
3,UPFC_tsh,5-15,-0.23127461686611703,40,-0.2247138887988874,MAP_SCADA,107,0.006560728067229626
4,UPFC_Vse,5-15,0.060217625795988015,40,0.06154906690260654,MAP_SCADA,107,0.0013314411066185222
5,UPFC_tse,5-15,-2.1504069037421822,40,-2.152467191160125,MAP_SCADA,107,0.002060287417942952
0,x_tcsc,1-14,-0.11093572745407543,41,-0.14029589612584978,MAP_SCADA,107,0.02936016867177435
1,B_svc,2,0.18531896959267724,41,0.30588198279745255,MAP_SCADA,107,0.1205630132047753
2,UPFC_Vsh,5-15,1.108434994048722,41,1.1048533329991541,MAP_SCADA,107,0.003581661049567808
3,UPFC_tsh,5-15,-0.233408373060217,41,-0.2247138887988874,MAP_SCADA,107,0.0086944842613296
4,UPFC_Vse,5-15,0.060499846182725275,41,0.06154906690260654,MAP_SCADA,107,0.0010492207198812623
5,UPFC_tse,5-15,-2.1601069645717934,41,-2.152467191160125,MAP_SCADA,107,0.007639773411668216
0,x_tcsc,1-14,-0.11147761500004855,42,-0.14029589612584978,MAP_SCADA,107,0.02881828112580123
1,B_svc,2,0.18730903475163513,42,0.30588198279745255,MAP_SCADA,107,0.11857294804581742
2,UPFC_Vsh,5-15,1.1074933658695576,42,1.1048533329991541,MAP_SCADA,107,0.002640032870403486
3,UPFC_tsh,5-15,-0.23274285808599332,42,-0.2247138887988874,MAP_SCADA,107,0.00802896928710592
4,UPFC_Vse,5-15,0.06046335877714539,42,0.06154906690260654,MAP_SCADA,107,0.0010857081254611461
5,UPFC_tse,5-15,-2.154540752922178,42,-2.152467191160125,MAP_SCADA,107,0.0020735617620526448
0,x_tcsc,1-14,-0.11305657612109273,43,-0.14029589612584978,MAP_SCADA,107,0.027239320004757053
1,B_svc,2,0.1792216928206034,43,0.30588198279745255,MAP_SCADA,107,0.12666028997684914
2,UPFC_Vsh,5-15,1.1100005386855296,43,1.1048533329991541,MAP_SCADA,107,0.0051472056863755
3,UPFC_tsh,5-15,-0.23036578137282954,43,-0.2247138887988874,MAP_SCADA,107,0.0056518925739421355
4,UPFC_Vse,5-15,0.06057910375371149,43,0.06154906690260654,MAP_SCADA,107,0.0009699631488950464
5,UPFC_tse,5-15,-2.1561589997097914,43,-2.152467191160125,MAP_SCADA,107,0.00369180854966622
0,x_tcsc,1-14,-0.11207535639674679,44,-0.14029589612584978,MAP_SCADA,107,0.02822053972910299
1,B_svc,2,0.1846858498020382,44,0.30588198279745255,MAP_SCADA,107,0.12119613299541435
2,UPFC_Vsh,5-15,1.1077601535326256,44,1.1048533329991541,MAP_SCADA,107,0.002906820533471466
3,UPFC_tsh,5-15,-0.23261638863089268,44,-0.2247138887988874,MAP_SCADA,107,0.007902499832005278
4,UPFC_Vse,5-15,0.06047525859342069,44,0.06154906690260654,MAP_SCADA,107,0.001073808309185846
5,UPFC_tse,5-15,-2.154046429528506,44,-2.152467191160125,MAP_SCADA,107,0.0015792383683805866
0,x_tcsc,1-14,-0.11375431081784133,45,-0.14029589612584978,MAP_SCADA,107,0.026541585308008445
1,B_svc,2,0.17477818719938254,45,0.30588198279745255,MAP_SCADA,107,0.13110379559807
2,UPFC_Vsh,5-15,1.1093197165452422,45,1.1048533329991541,MAP_SCADA,107,0.004466383546088082
3,UPFC_tsh,5-15,-0.23071303918734726,45,-0.2247138887988874,MAP_SCADA,107,0.005999150388459856
4,UPFC_Vse,5-15,0.06014026459677954,45,0.06154906690260654,MAP_SCADA,107,0.0014088023058269963
5,UPFC_tse,5-15,-2.15388812615601,45,-2.152467191160125,MAP_SCADA,107,0.0014209349958846929
0,x_tcsc,1-14,-0.11310434548909658,46,-0.14029589612584978,MAP_SCADA,107,0.0271915506367532
1,B_svc,2,0.17866334359157365,46,0.30588198279745255,MAP_SCADA,107,0.1272186392058789
2,UPFC_Vsh,5-15,1.108715174743999,46,1.1048533329991541,MAP_SCADA,107,0.0038618417448448294
3,UPFC_tsh,5-15,-0.23114836154528098,46,-0.2247138887988874,MAP_SCADA,107,0.0064344727463935825
4,UPFC_Vse,5-15,0.060340846612470904,46,0.06154906690260654,MAP_SCADA,107,0.0012082202901356337
5,UPFC_tse,5-15,-2.155077590767528,46,-2.152467191160125,MAP_SCADA,107,0.0026103996074029467
0,x_tcsc,1-14,-0.1126163685304988,47,-0.14029589612584978,MAP_SCADA,107,0.027679527595350972
1,B_svc,2,0.1826820223153454,47,0.30588198279745255,MAP_SCADA,107,0.12319996048210716
2,UPFC_Vsh,5-15,1.1078508671343414,47,1.1048533329991541,MAP_SCADA,107,0.0029975341351873297
3,UPFC_tsh,5-15,-0.23195436112425402,47,-0.2247138887988874,MAP_SCADA,107,0.00724047232536662
4,UPFC_Vse,5-15,0.06005427570146322,47,0.06154906690260654,MAP_SCADA,107,0.0014947912011433195
5,UPFC_tse,5-15,-2.149004765473707,47,-2.152467191160125,MAP_SCADA,107,0.0034624256864184133
0,x_tcsc,1-14,-0.11202393736720709,48,-0.14029589612584978,MAP_SCADA,107,0.02827195875864269
1,B_svc,2,0.18197032083453404,48,0.30588198279745255,MAP_SCADA,107,0.1239116619629185
2,UPFC_Vsh,5-15,1.1088869066003255,48,1.1048533329991541,MAP_SCADA,107,0.004033573601171403
3,UPFC_tsh,5-15,-0.23173744296455784,48,-0.2247138887988874,MAP_SCADA,107,0.007023554165670437
4,UPFC_Vse,5-15,0.06064179275722406,48,0.06154906690260654,MAP_SCADA,107,0.0009072741453824765
5,UPFC_tse,5-15,-2.1579971846390347,48,-2.152467191160125,MAP_SCADA,107,0.0055299934789094785
0,x_tcsc,1-14,-0.11301190854144895,49,-0.14029589612584978,MAP_SCADA,107,0.02728398758440083
1,B_svc,2,0.1826769526565768,49,0.30588198279745255,MAP_SCADA,107,0.12320503014087575
2,UPFC_Vsh,5-15,1.10911972473425,49,1.1048533329991541,MAP_SCADA,107,0.004266391735095798
3,UPFC_tsh,5-15,-0.23197494578688546,49,-0.2247138887988874,MAP_SCADA,107,0.00726105698799806
4,UPFC_Vse,5-15,0.06039511975662008,49,0.06154906690260654,MAP_SCADA,107,0.0011539471459864545
5,UPFC_tse,5-15,-2.159769366853597,49,-2.152467191160125,MAP_SCADA,107,0.007302175693471913
0,x_tcsc,1-14,-0.11232464740583507,50,-0.14029589612584978,MAP_SCADA,107,0.027971248720014705
1,B_svc,2,0.1804661933096819,50,0.30588198279745255,MAP_SCADA,107,0.12541578948777066
2,UPFC_Vsh,5-15,1.1082997050473367,50,1.1048533329991541,MAP_SCADA,107,0.0034463720481825444
3,UPFC_tsh,5-15,-0.23223059620849504,50,-0.2247138887988874,MAP_SCADA,107,0.007516707409607637
4,UPFC_Vse,5-15,0.060382776568446615,50,0.06154906690260654,MAP_SCADA,107,0.0011662903341599223
5,UPFC_tse,5-15,-2.15506436388257,50,-2.152467191160125,MAP_SCADA,107,0.0025971727224449737
0,x_tcsc,1-14,-0.11361562540832322,51,-0.14029589612584978,MAP_SCADA,107,0.026680270717526558
1,B_svc,2,0.17885922469653856,51,0.30588198279745255,MAP_SCADA,107,0.12702275810091399
2,UPFC_Vsh,5-15,1.1070689001567269,51,1.1048533329991541,MAP_SCADA,107,0.002215567157572762
3,UPFC_tsh,5-15,-0.2321065832889006,51,-0.2247138887988874,MAP_SCADA,107,0.007392694490013202
4,UPFC_Vse,5-15,0.06052340155011435,51,0.06154906690260654,MAP_SCADA,107,0.0010256653524921902
5,UPFC_tse,5-15,-2.1551682308222206,51,-2.152467191160125,MAP_SCADA,107,0.00270103966209545
0,x_tcsc,1-14,-0.10848351521084021,52,-0.14029589612584978,MAP_SCADA,107,0.03181238091500957
1,B_svc,2,0.19662177475265205,52,0.30588198279745255,MAP_SCADA,107,0.1092602080448005
2,UPFC_Vsh,5-15,1.1078003615348868,52,1.1048533329991541,MAP_SCADA,107,0.0029470285357326986
3,UPFC_tsh,5-15,-0.23401474328945562,52,-0.2247138887988874,MAP_SCADA,107,0.009300854490568222
4,UPFC_Vse,5-15,0.06035505211035941,52,0.06154906690260654,MAP_SCADA,107,0.0011940147922471292
5,UPFC_tse,5-15,-2.160186956663391,52,-2.152467191160125,MAP_SCADA,107,0.0077197655032659185
0,x_tcsc,1-14,-0.11302618824924493,53,-0.14029589612584978,MAP_SCADA,107,0.02726970787660485
1,B_svc,2,0.1855528678668657,53,0.30588198279745255,MAP_SCADA,107,0.12032911493058684
2,UPFC_Vsh,5-15,1.106401917745756,53,1.1048533329991541,MAP_SCADA,107,0.001548584746601911
3,UPFC_tsh,5-15,-0.23299677621338608,53,-0.2247138887988874,MAP_SCADA,107,0.008282887414498674
4,UPFC_Vse,5-15,0.06025677125495774,53,0.06154906690260654,MAP_SCADA,107,0.0012922956476487946
5,UPFC_tse,5-15,-2.1530014389473546,53,-2.152467191160125,MAP_SCADA,107,0.000534247787229436
0,x_tcsc,1-14,-0.10992588267449988,54,-0.14029589612584978,MAP_SCADA,107,0.030370013451349903
1,B_svc,2,0.18850845278962525,54,0.30588198279745255,MAP_SCADA,107,0.1173735300078273
2,UPFC_Vsh,5-15,1.1080263661691967,54,1.1048533329991541,MAP_SCADA,107,0.003173033170042583
3,UPFC_tsh,5-15,-0.2334353156834582,54,-0.2247138887988874,MAP_SCADA,107,0.00872142688457081
4,UPFC_Vse,5-15,0.060702502198160174,54,0.06154906690260654,MAP_SCADA,107,0.0008465647044463634
5,UPFC_tse,5-15,-2.159140326809645,54,-2.152467191160125,MAP_SCADA,107,0.006673135649519768
0,x_tcsc,1-14,-0.11090856933726283,55,-0.14029589612584978,MAP_SCADA,107,0.02938732678858695
1,B_svc,2,0.18390305521965483,55,0.30588198279745255,MAP_SCADA,107,0.12197892757779771
2,UPFC_Vsh,5-15,1.105779728191416,55,1.1048533329991541,MAP_SCADA,107,0.0009263951922617863
3,UPFC_tsh,5-15,-0.23355893281144285,55,-0.2247138887988874,MAP_SCADA,107,0.008845044012555453
4,UPFC_Vse,5-15,0.06052711291959248,55,0.06154906690260654,MAP_SCADA,107,0.001021953983014058
5,UPFC_tse,5-15,-2.1596477295296808,55,-2.152467191160125,MAP_SCADA,107,0.007180538369555567
0,x_tcsc,1-14,-0.11295801478895467,56,-0.14029589612584978,MAP_SCADA,107,0.027337881336895103
1,B_svc,2,0.18145367109197516,56,0.30588198279745255,MAP_SCADA,107,0.12442831170547738
2,UPFC_Vsh,5-15,1.108183062115895,56,1.1048533329991541,MAP_SCADA,107,0.0033297291167408982
3,UPFC_tsh,5-15,-0.23276754175977452,56,-0.2247138887988874,MAP_SCADA,107,0.008053652960887114
4,UPFC_Vse,5-15,0.060201074271315824,56,0.06154906690260654,MAP_SCADA,107,0.0013479926312907134
5,UPFC_tse,5-15,-2.1541185297160985,56,-2.152467191160125,MAP_SCADA,107,0.0016513385559733251
0,x_tcsc,1-14,-0.11331549764469787,57,-0.14029589612584978,MAP_SCADA,107,0.026980398481151913
1,B_svc,2,0.18113549787680508,57,0.30588198279745255,MAP_SCADA,107,0.12474648492064747
2,UPFC_Vsh,5-15,1.1080297025810695,57,1.1048533329991541,MAP_SCADA,107,0.0031763695819153615
3,UPFC_tsh,5-15,-0.2318175980644757,57,-0.2247138887988874,MAP_SCADA,107,0.007103709265588287
4,UPFC_Vse,5-15,0.05974123277280337,57,0.06154906690260654,MAP_SCADA,107,0.0018078341298031694
5,UPFC_tse,5-15,-2.1568552925009024,57,-2.152467191160125,MAP_SCADA,107,0.004388101340777162
0,x_tcsc,1-14,-0.11259592447870835,58,-0.14029589612584978,MAP_SCADA,107,0.027699971647141428
1,B_svc,2,0.1855124996650732,58,0.30588198279745255,MAP_SCADA,107,0.12036948313237936
2,UPFC_Vsh,5-15,1.1041639179721214,58,1.1048533329991541,MAP_SCADA,107,0.0006894150270326804
3,UPFC_tsh,5-15,-0.2337457779457213,58,-0.2247138887988874,MAP_SCADA,107,0.009031889146833894
4,UPFC_Vse,5-15,0.060641571824637475,58,0.06154906690260654,MAP_SCADA,107,0.000907495077969063
5,UPFC_tse,5-15,-2.1560231945507224,58,-2.152467191160125,MAP_SCADA,107,0.003556003390597251
0,x_tcsc,1-14,-0.11286231559448634,59,-0.14029589612584978,MAP_SCADA,107,0.02743358053136344
1,B_svc,2,0.1817952967432671,59,0.30588198279745255,MAP_SCADA,107,0.12408668605418544
2,UPFC_Vsh,5-15,1.108691902973475,59,1.1048533329991541,MAP_SCADA,107,0.00383856997432086
3,UPFC_tsh,5-15,-0.23184199738940517,59,-0.2247138887988874,MAP_SCADA,107,0.007128108590517768
4,UPFC_Vse,5-15,0.060454713383064476,59,0.06154906690260654,MAP_SCADA,107,0.0010943535195420614
5,UPFC_tse,5-15,-2.15495703243471,59,-2.152467191160125,MAP_SCADA,107,0.0024898412745848475
0,x_tcsc,1-14,-0.1125451676959699,60,-0.14029589612584978,MAP_SCADA,107,0.027750728429879884
1,B_svc,2,0.18446213206889514,60,0.30588198279745255,MAP_SCADA,107,0.1214198507285574
2,UPFC_Vsh,5-15,1.108050671247431,60,1.1048533329991541,MAP_SCADA,107,0.0031973382482768375
3,UPFC_tsh,5-15,-0.2323091987208775,60,-0.2247138887988874,MAP_SCADA,107,0.00759530992199009
4,UPFC_Vse,5-15,0.06027242282692596,60,0.06154906690260654,MAP_SCADA,107,0.0012766440756805802
5,UPFC_tse,5-15,-2.1526136198908206,60,-2.152467191160125,MAP_SCADA,107,0.00014642873069536932
0,x_tcsc,1-14,-0.11410481713499057,61,-0.14029589612584978,MAP_SCADA,107,0.026191078990859207
1,B_svc,2,0.17972519930177294,61,0.30588198279745255,MAP_SCADA,107,0.1261567834956796
2,UPFC_Vsh,5-15,1.1062344025143551,61,1.1048533329991541,MAP_SCADA,107,0.0013810695152010055
3,UPFC_tsh,5-15,-0.23187134686501007,61,-0.2247138887988874,MAP_SCADA,107,0.007157458066122668
4,UPFC_Vse,5-15,0.06071318870310169,61,0.06154906690260654,MAP_SCADA,107,0.0008358781995048484
5,UPFC_tse,5-15,-2.1542601835848503,61,-2.152467191160125,MAP_SCADA,107,0.0017929924247250817
0,x_tcsc,1-14,-0.1115933269007217,62,-0.14029589612584978,MAP_SCADA,107,0.02870256922512808
1,B_svc,2,0.18400213468782292,62,0.30588198279745255,MAP_SCADA,107,0.12187984810962962
2,UPFC_Vsh,5-15,1.1074571520285303,62,1.1048533329991541,MAP_SCADA,107,0.002603819029376231
3,UPFC_tsh,5-15,-0.23263168864163766,62,-0.2247138887988874,MAP_SCADA,107,0.007917799842750262
4,UPFC_Vse,5-15,0.05996998341083485,62,0.06154906690260654,MAP_SCADA,107,0.0015790834917716878
5,UPFC_tse,5-15,-2.1600345054626127,62,-2.152467191160125,MAP_SCADA,107,0.007567314302487471
0,x_tcsc,1-14,-0.11148815154244913,63,-0.14029589612584978,MAP_SCADA,107,0.028807744583400643
1,B_svc,2,0.18721449786679403,63,0.30588198279745255,MAP_SCADA,107,0.11866748493065851
2,UPFC_Vsh,5-15,1.1070688856726931,63,1.1048533329991541,MAP_SCADA,107,0.002215552673539012
3,UPFC_tsh,5-15,-0.23342688662212113,63,-0.2247138887988874,MAP_SCADA,107,0.008712997823233731
4,UPFC_Vse,5-15,0.05977947534148236,63,0.06154906690260654,MAP_SCADA,107,0.0017695915611241758
5,UPFC_tse,5-15,-2.1563252483151594,63,-2.152467191160125,MAP_SCADA,107,0.003858057155034178
0,x_tcsc,1-14,-0.11195724792908147,64,-0.14029589612584978,MAP_SCADA,107,0.028338648196768304
1,B_svc,2,0.18532267620046441,64,0.30588198279745255,MAP_SCADA,107,0.12055930659698813
2,UPFC_Vsh,5-15,1.1062982148266969,64,1.1048533329991541,MAP_SCADA,107,0.0014448818275427655
3,UPFC_tsh,5-15,-0.23231828006468574,64,-0.2247138887988874,MAP_SCADA,107,0.007604391265798344
4,UPFC_Vse,5-15,0.060691859349195215,64,0.06154906690260654,MAP_SCADA,107,0.0008572075534113224
5,UPFC_tse,5-15,-2.152693367047146,64,-2.152467191160125,MAP_SCADA,107,0.00022617588702100733
0,x_tcsc,1-14,-0.11295515105283893,65,-0.14029589612584978,MAP_SCADA,107,0.027340745073010847
1,B_svc,2,0.18060145943688566,65,0.30588198279745255,MAP_SCADA,107,0.1252805233605669
2,UPFC_Vsh,5-15,1.1078146006483933,65,1.1048533329991541,MAP_SCADA,107,0.0029612676492392076
3,UPFC_tsh,5-15,-0.23209500185534337,65,-0.2247138887988874,MAP_SCADA,107,0.0073811130564559735
4,UPFC_Vse,5-15,0.06005942127011483,65,0.06154906690260654,MAP_SCADA,107,0.0014896456324917096
5,UPFC_tse,5-15,-2.152035993257443,65,-2.152467191160125,MAP_SCADA,107,0.00043119790268209
0,x_tcsc,1-14,-0.1105648668522165,66,-0.14029589612584978,MAP_SCADA,107,0.029731029273633275
1,B_svc,2,0.1904464047979305,66,0.30588198279745255,MAP_SCADA,107,0.11543557799952203
2,UPFC_Vsh,5-15,1.108306155074037,66,1.1048533329991541,MAP_SCADA,107,0.003452822074882844
3,UPFC_tsh,5-15,-0.23257200768493028,66,-0.2247138887988874,MAP_SCADA,107,0.007858118886042875
4,UPFC_Vse,5-15,0.06025958607178324,66,0.06154906690260654,MAP_SCADA,107,0.0012894808308232947
5,UPFC_tse,5-15,-2.1546439224482006,66,-2.152467191160125,MAP_SCADA,107,0.002176731288075384
0,x_tcsc,1-14,-0.11119767728780644,67,-0.14029589612584978,MAP_SCADA,107,0.029098218838043338
1,B_svc,2,0.18569084335624564,67,0.30588198279745255,MAP_SCADA,107,0.1201911394412069
2,UPFC_Vsh,5-15,1.106366563748709,67,1.1048533329991541,MAP_SCADA,107,0.0015132307495548947
3,UPFC_tsh,5-15,-0.23386903030465617,67,-0.2247138887988874,MAP_SCADA,107,0.009155141505768766
4,UPFC_Vse,5-15,0.06056370946115216,67,0.06154906690260654,MAP_SCADA,107,0.0009853574414543792
5,UPFC_tse,5-15,-2.1571921085846038,67,-2.152467191160125,MAP_SCADA,107,0.0047249174244785586
0,x_tcsc,1-14,-0.11483410186228073,68,-0.14029589612584978,MAP_SCADA,107,0.02546179426356905
1,B_svc,2,0.17781365828617798,68,0.30588198279745255,MAP_SCADA,107,0.12806832451127456
2,UPFC_Vsh,5-15,1.106598391691374,68,1.1048533329991541,MAP_SCADA,107,0.0017450586922198585
3,UPFC_tsh,5-15,-0.23154604520573963,68,-0.2247138887988874,MAP_SCADA,107,0.0068321564068522245
4,UPFC_Vse,5-15,0.06029084534704604,68,0.06154906690260654,MAP_SCADA,107,0.0012582215555604973
5,UPFC_tse,5-15,-2.154853142467964,68,-2.152467191160125,MAP_SCADA,107,0.0023859513078385852
0,x_tcsc,1-14,-0.11173747291563595,69,-0.14029589612584978,MAP_SCADA,107,0.028558423210213832
1,B_svc,2,0.18495146124073875,69,0.30588198279745255,MAP_SCADA,107,0.1209305215567138
2,UPFC_Vsh,5-15,1.1072218108273122,69,1.1048533329991541,MAP_SCADA,107,0.0023684778281580776
3,UPFC_tsh,5-15,-0.23243266776604807,69,-0.2247138887988874,MAP_SCADA,107,0.007718778967160667
4,UPFC_Vse,5-15,0.05983529988183588,69,0.06154906690260654,MAP_SCADA,107,0.001713767020770661
5,UPFC_tse,5-15,-2.162200479914194,69,-2.152467191160125,MAP_SCADA,107,0.00973328875406887
0,x_tcsc,1-14,-0.11161295954054895,70,-0.14029589612584978,MAP_SCADA,107,0.028682936585300828
1,B_svc,2,0.18626377458114451,70,0.30588198279745255,MAP_SCADA,107,0.11961820821630803
2,UPFC_Vsh,5-15,1.1076076388806437,70,1.1048533329991541,MAP_SCADA,107,0.002754305881489616
3,UPFC_tsh,5-15,-0.23241563686137293,70,-0.2247138887988874,MAP_SCADA,107,0.007701748062485525
4,UPFC_Vse,5-15,0.0600901778234442,70,0.06154906690260654,MAP_SCADA,107,0.0014588890791623343
5,UPFC_tse,5-15,-2.159739654223675,70,-2.152467191160125,MAP_SCADA,107,0.007272463063549672
0,x_tcsc,1-14,-0.11023236043321037,71,-0.14029589612584978,MAP_SCADA,107,0.030063535692639407
1,B_svc,2,0.18490639389636032,71,0.30588198279745255,MAP_SCADA,107,0.12097558890109222
2,UPFC_Vsh,5-15,1.1080515269839228,71,1.1048533329991541,MAP_SCADA,107,0.003198193984768727
3,UPFC_tsh,5-15,-0.23367155568450076,71,-0.2247138887988874,MAP_SCADA,107,0.008957666885613363
4,UPFC_Vse,5-15,0.05956459850884551,71,0.06154906690260654,MAP_SCADA,107,0.001984468393761027
5,UPFC_tse,5-15,-2.1603199827972,71,-2.152467191160125,MAP_SCADA,107,0.007852791637074752
0,x_tcsc,1-14,-0.11481364685907605,72,-0.14029589612584978,MAP_SCADA,107,0.025482249266773727
1,B_svc,2,0.1740477843073324,72,0.30588198279745255,MAP_SCADA,107,0.13183419849012015
2,UPFC_Vsh,5-15,1.1093478133268266,72,1.1048533329991541,MAP_SCADA,107,0.004494480327672523
3,UPFC_tsh,5-15,-0.23031014743099787,72,-0.2247138887988874,MAP_SCADA,107,0.005596258632110468
4,UPFC_Vse,5-15,0.060376298368476404,72,0.06154906690260654,MAP_SCADA,107,0.0011727685341301336
5,UPFC_tse,5-15,-2.152526010071022,72,-2.152467191160125,MAP_SCADA,107,5.881891089698499e-05
0,x_tcsc,1-14,-0.11119939553174198,73,-0.14029589612584978,MAP_SCADA,107,0.029096500594107802
1,B_svc,2,0.18238211869777293,73,0.30588198279745255,MAP_SCADA,107,0.12349986409967961
2,UPFC_Vsh,5-15,1.1078410496521713,73,1.1048533329991541,MAP_SCADA,107,0.002987716653017225
3,UPFC_tsh,5-15,-0.23244182663890925,73,-0.2247138887988874,MAP_SCADA,107,0.007727937840021848
4,UPFC_Vse,5-15,0.060123430715658725,73,0.06154906690260654,MAP_SCADA,107,0.0014256361869478124
5,UPFC_tse,5-15,-2.154635166458868,73,-2.152467191160125,MAP_SCADA,107,0.002167975298742686
0,x_tcsc,1-14,-0.11245131488496514,74,-0.14029589612584978,MAP_SCADA,107,0.02784458124088464
1,B_svc,2,0.18306689732739356,74,0.30588198279745255,MAP_SCADA,107,0.12281508547005898
2,UPFC_Vsh,5-15,1.1060877669311164,74,1.1048533329991541,MAP_SCADA,107,0.0012344339319623199
3,UPFC_tsh,5-15,-0.23225569221922024,74,-0.2247138887988874,MAP_SCADA,107,0.007541803420332838
4,UPFC_Vse,5-15,0.06060816821702223,74,0.06154906690260654,MAP_SCADA,107,0.0009408986855843071
5,UPFC_tse,5-15,-2.1530639197953803,74,-2.152467191160125,MAP_SCADA,107,0.0005967286352550616
0,x_tcsc,1-14,-0.11266851956063793,75,-0.14029589612584978,MAP_SCADA,107,0.027627376565211845
1,B_svc,2,0.17942389982839835,75,0.30588198279745255,MAP_SCADA,107,0.1264580829690542
2,UPFC_Vsh,5-15,1.1060512896544898,75,1.1048533329991541,MAP_SCADA,107,0.0011979566553357301
3,UPFC_tsh,5-15,-0.2321833929982741,75,-0.2247138887988874,MAP_SCADA,107,0.0074695041993866895
4,UPFC_Vse,5-15,0.0603953238342974,75,0.06154906690260654,MAP_SCADA,107,0.0011537430683091349
5,UPFC_tse,5-15,-2.156912981216897,75,-2.152467191160125,MAP_SCADA,107,0.0044457900567715924
0,x_tcsc,1-14,-0.11320542384235198,76,-0.14029589612584978,MAP_SCADA,107,0.0270904722834978
1,B_svc,2,0.17986454173726527,76,0.30588198279745255,MAP_SCADA,107,0.12601744106018728
2,UPFC_Vsh,5-15,1.107140576441596,76,1.1048533329991541,MAP_SCADA,107,0.002287243442441911
3,UPFC_tsh,5-15,-0.2321309439923157,76,-0.2247138887988874,MAP_SCADA,107,0.007417055193428307
4,UPFC_Vse,5-15,0.06060513321190883,76,0.06154906690260654,MAP_SCADA,107,0.0009439336906977083
5,UPFC_tse,5-15,-2.154545901987454,76,-2.152467191160125,MAP_SCADA,107,0.0020787108273290222
0,x_tcsc,1-14,-0.11027983805247656,77,-0.14029589612584978,MAP_SCADA,107,0.030016058073373222
1,B_svc,2,0.19039840003568215,77,0.30588198279745255,MAP_SCADA,107,0.1154835827617704
2,UPFC_Vsh,5-15,1.1060914983424281,77,1.1048533329991541,MAP_SCADA,107,0.0012381653432740336
3,UPFC_tsh,5-15,-0.23354511247093693,77,-0.2247138887988874,MAP_SCADA,107,0.008831223672049526
4,UPFC_Vse,5-15,0.06064689698951932,77,0.06154906690260654,MAP_SCADA,107,0.0009021699130872182
5,UPFC_tse,5-15,-2.163946771282591,77,-2.152467191160125,MAP_SCADA,107,0.011479580122465638
0,x_tcsc,1-14,-0.11238909219532701,78,-0.14029589612584978,MAP_SCADA,107,0.027906803930522764
1,B_svc,2,0.18583281855938802,78,0.30588198279745255,MAP_SCADA,107,0.12004916423806453
2,UPFC_Vsh,5-15,1.1047114060882188,78,1.1048533329991541,MAP_SCADA,107,0.0001419269109352861
3,UPFC_tsh,5-15,-0.23331161314458537,78,-0.2247138887988874,MAP_SCADA,107,0.008597724345697971
4,UPFC_Vse,5-15,0.060731876001881645,78,0.06154906690260654,MAP_SCADA,107,0.0008171909007248929
5,UPFC_tse,5-15,-2.1574975209251144,78,-2.152467191160125,MAP_SCADA,107,0.005030329764989183
0,x_tcsc,1-14,-0.11227674867262306,79,-0.14029589612584978,MAP_SCADA,107,0.028019147453226714
1,B_svc,2,0.17798850759682364,79,0.30588198279745255,MAP_SCADA,107,0.1278934752006289
2,UPFC_Vsh,5-15,1.1091646776389321,79,1.1048533329991541,MAP_SCADA,107,0.004311344639778003
3,UPFC_tsh,5-15,-0.2318079257618266,79,-0.2247138887988874,MAP_SCADA,107,0.007094036962939199
4,UPFC_Vse,5-15,0.0602518094619551,79,0.06154906690260654,MAP_SCADA,107,0.001297257440651435
5,UPFC_tse,5-15,-2.1581915717638798,79,-2.152467191160125,MAP_SCADA,107,0.005724380603754575
0,x_tcsc,1-14,-0.1103069614975914,80,-0.14029589612584978,MAP_SCADA,107,0.029988934628258385
1,B_svc,2,0.1855188842432045,80,0.30588198279745255,MAP_SCADA,107,0.12036309855424804
2,UPFC_Vsh,5-15,1.1082246409705168,80,1.1048533329991541,MAP_SCADA,107,0.003371307971362647
3,UPFC_tsh,5-15,-0.23237219805571732,80,-0.2247138887988874,MAP_SCADA,107,0.0076583092568299205
4,UPFC_Vse,5-15,0.06017729077889988,80,0.06154906690260654,MAP_SCADA,107,0.0013717761237066542
5,UPFC_tse,5-15,-2.1579965052878802,80,-2.152467191160125,MAP_SCADA,107,0.005529314127755036
0,x_tcsc,1-14,-0.11484420222689054,81,-0.14029589612584978,MAP_SCADA,107,0.025451693898959238
1,B_svc,2,0.17324317502602474,81,0.30588198279745255,MAP_SCADA,107,0.1326388077714278
2,UPFC_Vsh,5-15,1.107767203557404,81,1.1048533329991541,MAP_SCADA,107,0.002913870558249876
3,UPFC_tsh,5-15,-0.23072723953847235,81,-0.2247138887988874,MAP_SCADA,107,0.0060133507395849495
4,UPFC_Vse,5-15,0.060976563935023265,81,0.06154906690260654,MAP_SCADA,107,0.000572502967583273
5,UPFC_tse,5-15,-2.149647198018337,81,-2.152467191160125,MAP_SCADA,107,0.0028199931417880464
0,x_tcsc,1-14,-0.11180805607061052,82,-0.14029589612584978,MAP_SCADA,107,0.028487840055239258
1,B_svc,2,0.18178182354392003,82,0.30588198279745255,MAP_SCADA,107,0.12410015925353252
2,UPFC_Vsh,5-15,1.1089313718683742,82,1.1048533329991541,MAP_SCADA,107,0.004078038869220091
3,UPFC_tsh,5-15,-0.2325040165114551,82,-0.2247138887988874,MAP_SCADA,107,0.007790127712567707
4,UPFC_Vse,5-15,0.059750170374855985,82,0.06154906690260654,MAP_SCADA,107,0.0017988965277505528
5,UPFC_tse,5-15,-2.157267769739594,82,-2.152467191160125,MAP_SCADA,107,0.004800578579468695
0,x_tcsc,1-14,-0.11196594835243269,83,-0.14029589612584978,MAP_SCADA,107,0.02832994777341709
1,B_svc,2,0.18358007288343284,83,0.30588198279745255,MAP_SCADA,107,0.12230190991401971
2,UPFC_Vsh,5-15,1.1066161622964277,83,1.1048533329991541,MAP_SCADA,107,0.0017628292972735604
3,UPFC_tsh,5-15,-0.2338622644581635,83,-0.2247138887988874,MAP_SCADA,107,0.009148375659276092
4,UPFC_Vse,5-15,0.060341497574501454,83,0.06154906690260654,MAP_SCADA,107,0.0012075693281050834
5,UPFC_tse,5-15,-2.1576262979870653,83,-2.152467191160125,MAP_SCADA,107,0.005159106826940096
0,x_tcsc,1-14,-0.11242372645679247,84,-0.14029589612584978,MAP_SCADA,107,0.027872169669057312
1,B_svc,2,0.181063038342786,84,0.30588198279745255,MAP_SCADA,107,0.12481894445466654
2,UPFC_Vsh,5-15,1.1081734188444792,84,1.1048533329991541,MAP_SCADA,107,0.0033200858453250603
3,UPFC_tsh,5-15,-0.23205042242021406,84,-0.2247138887988874,MAP_SCADA,107,0.007336533621326663
4,UPFC_Vse,5-15,0.060297588621276065,84,0.06154906690260654,MAP_SCADA,107,0.0012514782813304731
5,UPFC_tse,5-15,-2.1552974337286637,84,-2.152467191160125,MAP_SCADA,107,0.002830242568538477
0,x_tcsc,1-14,-0.11184343666634057,85,-0.14029589612584978,MAP_SCADA,107,0.028452459459509208
1,B_svc,2,0.18561959631485753,85,0.30588198279745255,MAP_SCADA,107,0.12026238648259502
2,UPFC_Vsh,5-15,1.1067012175816726,85,1.1048533329991541,MAP_SCADA,107,0.0018478845825184997
3,UPFC_tsh,5-15,-0.23200039920807386,85,-0.2247138887988874,MAP_SCADA,107,0.0072865104091864585
4,UPFC_Vse,5-15,0.060508485515277884,85,0.06154906690260654,MAP_SCADA,107,0.001040581387328654
5,UPFC_tse,5-15,-2.156137188259973,85,-2.152467191160125,MAP_SCADA,107,0.0036699970998479436
0,x_tcsc,1-14,-0.11364135301624523,86,-0.14029589612584978,MAP_SCADA,107,0.02665454310960455
1,B_svc,2,0.1821219783944858,86,0.30588198279745255,MAP_SCADA,107,0.12376000440296675
2,UPFC_Vsh,5-15,1.107820798130156,86,1.1048533329991541,MAP_SCADA,107,0.0029674651310018785
3,UPFC_tsh,5-15,-0.2322128959487655,86,-0.2247138887988874,MAP_SCADA,107,0.007499007149878112
4,UPFC_Vse,5-15,0.060660300434416836,86,0.06154906690260654,MAP_SCADA,107,0.0008887664681897015
5,UPFC_tse,5-15,-2.1513489737161597,86,-2.152467191160125,MAP_SCADA,107,0.0011182174439654524
0,x_tcsc,1-14,-0.11243275414694069,87,-0.14029589612584978,MAP_SCADA,107,0.027863141978909087
1,B_svc,2,0.18119025313673967,87,0.30588198279745255,MAP_SCADA,107,0.12469172966071287
2,UPFC_Vsh,5-15,1.1088940270782162,87,1.1048533329991541,MAP_SCADA,107,0.004040694079062046
3,UPFC_tsh,5-15,-0.2316124266592611,87,-0.2247138887988874,MAP_SCADA,107,0.006898537860373699
4,UPFC_Vse,5-15,0.060193264965839675,87,0.06154906690260654,MAP_SCADA,107,0.0013558019367668622
5,UPFC_tse,5-15,-2.1547446105680494,87,-2.152467191160125,MAP_SCADA,107,0.0022774194079242527
0,x_tcsc,1-14,-0.1117050885844963,88,-0.14029589612584978,MAP_SCADA,107,0.028590807541353472
1,B_svc,2,0.18225177768878625,88,0.30588198279745255,MAP_SCADA,107,0.12363020510866629
2,UPFC_Vsh,5-15,1.1091187232902788,88,1.1048533329991541,MAP_SCADA,107,0.0042653902911247155
3,UPFC_tsh,5-15,-0.23202232715977783,88,-0.2247138887988874,MAP_SCADA,107,0.007308438360890429
4,UPFC_Vse,5-15,0.060376671714547456,88,0.06154906690260654,MAP_SCADA,107,0.0011723951880590819
5,UPFC_tse,5-15,-2.162073760045472,88,-2.152467191160125,MAP_SCADA,107,0.009606568885346611
0,x_tcsc,1-14,-0.11379815943239346,89,-0.14029589612584978,MAP_SCADA,107,0.026497736693456314
1,B_svc,2,0.1805462804774064,89,0.30588198279745255,MAP_SCADA,107,0.12533570232004615
2,UPFC_Vsh,5-15,1.1080653754934764,89,1.1048533329991541,MAP_SCADA,107,0.003212042494322276
3,UPFC_tsh,5-15,-0.2315678341219605,89,-0.2247138887988874,MAP_SCADA,107,0.006853945323073096
4,UPFC_Vse,5-15,0.060031095941406064,89,0.06154906690260654,MAP_SCADA,107,0.0015179709612004738
5,UPFC_tse,5-15,-2.159275756025949,89,-2.152467191160125,MAP_SCADA,107,0.0068085648658238185
0,x_tcsc,1-14,-0.11269324663045342,90,-0.14029589612584978,MAP_SCADA,107,0.027602649495396356
1,B_svc,2,0.1821197549092243,90,0.30588198279745255,MAP_SCADA,107,0.12376222788822824
2,UPFC_Vsh,5-15,1.1062962965124052,90,1.1048533329991541,MAP_SCADA,107,0.0014429635132511276
3,UPFC_tsh,5-15,-0.23417220359261745,90,-0.2247138887988874,MAP_SCADA,107,0.00945831479373005
4,UPFC_Vse,5-15,0.060051107680717156,90,0.06154906690260654,MAP_SCADA,107,0.001497959221889382
5,UPFC_tse,5-15,-2.157194858291217,90,-2.152467191160125,MAP_SCADA,107,0.0047276671310916285
0,x_tcsc,1-14,-0.11164315453934559,91,-0.14029589612584978,MAP_SCADA,107,0.028652741586504188
1,B_svc,2,0.18654973269484112,91,0.30588198279745255,MAP_SCADA,107,0.11933225010261142
2,UPFC_Vsh,5-15,1.1068988496328513,91,1.1048533329991541,MAP_SCADA,107,0.002045516633697231
3,UPFC_tsh,5-15,-0.23361650316009025,91,-0.2247138887988874,MAP_SCADA,107,0.008902614361202849
4,UPFC_Vse,5-15,0.060603644534026314,91,0.06154906690260654,MAP_SCADA,107,0.0009454223685802232
5,UPFC_tse,5-15,-2.1555270160668036,91,-2.152467191160125,MAP_SCADA,107,0.0030598249066784433
0,x_tcsc,1-14,-0.11320362379910998,92,-0.14029589612584978,MAP_SCADA,107,0.027092272326739802
1,B_svc,2,0.1817882088694763,92,0.30588198279745255,MAP_SCADA,107,0.12409377392797624
2,UPFC_Vsh,5-15,1.1076439408886294,92,1.1048533329991541,MAP_SCADA,107,0.0027906078894752717
3,UPFC_tsh,5-15,-0.23202215347050792,92,-0.2247138887988874,MAP_SCADA,107,0.007308264671620518
4,UPFC_Vse,5-15,0.06037604036313058,92,0.06154906690260654,MAP_SCADA,107,0.0011730265394759576
5,UPFC_tse,5-15,-2.158383119696829,92,-2.152467191160125,MAP_SCADA,107,0.005915928536703863
0,x_tcsc,1-14,-0.10898873491513596,93,-0.14029589612584978,MAP_SCADA,107,0.03130716121071382
1,B_svc,2,0.19068847968051864,93,0.30588198279745255,MAP_SCADA,107,0.11519350311693391
2,UPFC_Vsh,5-15,1.1066670030248402,93,1.1048533329991541,MAP_SCADA,107,0.0018136700256861094
3,UPFC_tsh,5-15,-0.23438533687847693,93,-0.2247138887988874,MAP_SCADA,107,0.009671448079589529
4,UPFC_Vse,5-15,0.06075473700274517,93,0.06154906690260654,MAP_SCADA,107,0.0007943298998613693
5,UPFC_tse,5-15,-2.1592122319698612,93,-2.152467191160125,MAP_SCADA,107,0.006745040809736036
0,x_tcsc,1-14,-0.11178711151202753,94,-0.14029589612584978,MAP_SCADA,107,0.028508784613822252
1,B_svc,2,0.1862241898982063,94,0.30588198279745255,MAP_SCADA,107,0.11965779289924625
2,UPFC_Vsh,5-15,1.1073746068132924,94,1.1048533329991541,MAP_SCADA,107,0.0025212738141382474
3,UPFC_tsh,5-15,-0.23271118962076062,94,-0.2247138887988874,MAP_SCADA,107,0.007997300821873221
4,UPFC_Vse,5-15,0.05974367351699315,94,0.06154906690260654,MAP_SCADA,107,0.0018053933856133908
5,UPFC_tse,5-15,-2.1591837303616974,94,-2.152467191160125,MAP_SCADA,107,0.006716539201572225
0,x_tcsc,1-14,-0.11281811211419954,95,-0.14029589612584978,MAP_SCADA,107,0.02747778401165024
1,B_svc,2,0.1798423535605849,95,0.30588198279745255,MAP_SCADA,107,0.12603962923686765
2,UPFC_Vsh,5-15,1.1107640975000732,95,1.1048533329991541,MAP_SCADA,107,0.005910764500919097
3,UPFC_tsh,5-15,-0.23130359362426886,95,-0.2247138887988874,MAP_SCADA,107,0.006589704825381459
4,UPFC_Vse,5-15,0.060407635714608096,95,0.06154906690260654,MAP_SCADA,107,0.0011414311879984415
5,UPFC_tse,5-15,-2.15105994964005,95,-2.152467191160125,MAP_SCADA,107,0.0014072415200749866
0,x_tcsc,1-14,-0.11195570137059803,96,-0.14029589612584978,MAP_SCADA,107,0.02834019475525175
1,B_svc,2,0.18764742666765016,96,0.30588198279745255,MAP_SCADA,107,0.11823455612980238
2,UPFC_Vsh,5-15,1.109255661757014,96,1.1048533329991541,MAP_SCADA,107,0.004402328757859841
3,UPFC_tsh,5-15,-0.23200538249675867,96,-0.2247138887988874,MAP_SCADA,107,0.007291493697871271
4,UPFC_Vse,5-15,0.06062835131201776,96,0.06154906690260654,MAP_SCADA,107,0.0009207155905887748
5,UPFC_tse,5-15,-2.1573787027016547,96,-2.152467191160125,MAP_SCADA,107,0.0049115115415294675
0,x_tcsc,1-14,-0.11174140659467031,97,-0.14029589612584978,MAP_SCADA,107,0.028554489531179464
1,B_svc,2,0.18426488750022654,97,0.30588198279745255,MAP_SCADA,107,0.121617095297226
2,UPFC_Vsh,5-15,1.108756821574409,97,1.1048533329991541,MAP_SCADA,107,0.0039034885752549098
3,UPFC_tsh,5-15,-0.23306784874770028,97,-0.2247138887988874,MAP_SCADA,107,0.008353959948812884
4,UPFC_Vse,5-15,0.059787575256518455,97,0.06154906690260654,MAP_SCADA,107,0.0017614916460880828
5,UPFC_tse,5-15,-2.1580555421623253,97,-2.152467191160125,MAP_SCADA,107,0.00558835100220012
0,x_tcsc,1-14,-0.11246565688486991,98,-0.14029589612584978,MAP_SCADA,107,0.027830239240979868
1,B_svc,2,0.18285318023999722,98,0.30588198279745255,MAP_SCADA,107,0.12302880255745532
2,UPFC_Vsh,5-15,1.109484306840395,98,1.1048533329991541,MAP_SCADA,107,0.004630973841240893
3,UPFC_tsh,5-15,-0.23208286556886998,98,-0.2247138887988874,MAP_SCADA,107,0.007368976769982577
4,UPFC_Vse,5-15,0.0605315567883521,98,0.06154906690260654,MAP_SCADA,107,0.0010175101142544385
5,UPFC_tse,5-15,-2.1553071214667407,98,-2.152467191160125,MAP_SCADA,107,0.002839930306615557
0,x_tcsc,1-14,-0.1137018084065269,99,-0.14029589612584978,MAP_SCADA,107,0.02659408771932288
1,B_svc,2,0.17857495229728937,99,0.30588198279745255,MAP_SCADA,107,0.12730703050016318
2,UPFC_Vsh,5-15,1.1088238971653452,99,1.1048533329991541,MAP_SCADA,107,0.003970564166191126
3,UPFC_tsh,5-15,-0.23186387590410268,99,-0.2247138887988874,MAP_SCADA,107,0.0071499871052152775
4,UPFC_Vse,5-15,0.06031676127760777,99,0.06154906690260654,MAP_SCADA,107,0.001232305624998771
5,UPFC_tse,5-15,-2.153187140622384,99,-2.152467191160125,MAP_SCADA,107,0.0007199494622587288
0,x_tcsc,1-14,-0.1089531511781327,0,-0.1392478924651935,MAP_SCADA,109,0.030294741287060806
1,B_svc,2,0.1897935387956435,0,0.30020249469835686,MAP_SCADA,109,0.11040895590271335
2,UPFC_Vsh,5-15,1.1087431100620921,0,1.1049876864946313,MAP_SCADA,109,0.003755423567460836
3,UPFC_tsh,5-15,-0.23330975381613128,0,-0.22556986877005308,MAP_SCADA,109,0.007739885046078199
4,UPFC_Vse,5-15,0.059910786553985726,0,0.061639541583382286,MAP_SCADA,109,0.00172875502939656
5,UPFC_tse,5-15,-2.1617541252362744,0,-2.1573456201497017,MAP_SCADA,109,0.004408505086572756
0,x_tcsc,1-14,-0.111586134031699,1,-0.1392478924651935,MAP_SCADA,109,0.027661758433494513
1,B_svc,2,0.18277825912481013,1,0.30020249469835686,MAP_SCADA,109,0.11742423557354673
2,UPFC_Vsh,5-15,1.1082234287991541,1,1.1049876864946313,MAP_SCADA,109,0.0032357423045228373
3,UPFC_tsh,5-15,-0.23190643054264615,1,-0.22556986877005308,MAP_SCADA,109,0.006336561772593063
4,UPFC_Vse,5-15,0.06059477305551764,1,0.061639541583382286,MAP_SCADA,109,0.0010447685278646493
5,UPFC_tse,5-15,-2.1540585190564276,1,-2.1573456201497017,MAP_SCADA,109,0.003287101093274014
0,x_tcsc,1-14,-0.11211395804478234,2,-0.1392478924651935,MAP_SCADA,109,0.027133934420411163
1,B_svc,2,0.1868625727668949,2,0.30020249469835686,MAP_SCADA,109,0.11333992193146195
2,UPFC_Vsh,5-15,1.1067411309471762,2,1.1049876864946313,MAP_SCADA,109,0.0017534444525448833
3,UPFC_tsh,5-15,-0.2331739941656229,2,-0.22556986877005308,MAP_SCADA,109,0.007604125395569816
4,UPFC_Vse,5-15,0.0609363740875178,2,0.061639541583382286,MAP_SCADA,109,0.000703167495864486
5,UPFC_tse,5-15,-2.152871154024673,2,-2.1573456201497017,MAP_SCADA,109,0.004474466125028442
0,x_tcsc,1-14,-0.11285742257812492,3,-0.1392478924651935,MAP_SCADA,109,0.026390469887068585
1,B_svc,2,0.18539429171333982,3,0.30020249469835686,MAP_SCADA,109,0.11480820298501704
2,UPFC_Vsh,5-15,1.1081386969229026,3,1.1049876864946313,MAP_SCADA,109,0.0031510104282712614
3,UPFC_tsh,5-15,-0.2324863078339946,3,-0.22556986877005308,MAP_SCADA,109,0.006916439063941515
4,UPFC_Vse,5-15,0.06048900561970597,3,0.061639541583382286,MAP_SCADA,109,0.0011505359636763135
5,UPFC_tse,5-15,-2.1551872012743307,3,-2.1573456201497017,MAP_SCADA,109,0.0021584188753709377
0,x_tcsc,1-14,-0.11231476988244248,4,-0.1392478924651935,MAP_SCADA,109,0.026933122582751032
1,B_svc,2,0.18572521980578321,4,0.30020249469835686,MAP_SCADA,109,0.11447727489257364
2,UPFC_Vsh,5-15,1.1056512600233495,4,1.1049876864946313,MAP_SCADA,109,0.0006635735287181532
3,UPFC_tsh,5-15,-0.2338904834461942,4,-0.22556986877005308,MAP_SCADA,109,0.00832061467614112
4,UPFC_Vse,5-15,0.060121854908355796,4,0.061639541583382286,MAP_SCADA,109,0.0015176866750264903
5,UPFC_tse,5-15,-2.1592578402365357,4,-2.1573456201497017,MAP_SCADA,109,0.0019122200868340045
0,x_tcsc,1-14,-0.11178525041785418,5,-0.1392478924651935,MAP_SCADA,109,0.027462642047339322
1,B_svc,2,0.18343692280570392,5,0.30020249469835686,MAP_SCADA,109,0.11676557189265294
2,UPFC_Vsh,5-15,1.109880077816995,5,1.1049876864946313,MAP_SCADA,109,0.004892391322363743
3,UPFC_tsh,5-15,-0.2309144059831098,5,-0.22556986877005308,MAP_SCADA,109,0.0053445372130567215
4,UPFC_Vse,5-15,0.0603194722178149,5,0.061639541583382286,MAP_SCADA,109,0.001320069365567389
5,UPFC_tse,5-15,-2.155318859766885,5,-2.1573456201497017,MAP_SCADA,109,0.0020267603828165726
0,x_tcsc,1-14,-0.11333459791028293,6,-0.1392478924651935,MAP_SCADA,109,0.02591329455491058
1,B_svc,2,0.18041966252582461,6,0.30020249469835686,MAP_SCADA,109,0.11978283217253224
2,UPFC_Vsh,5-15,1.1072648590523495,6,1.1049876864946313,MAP_SCADA,109,0.002277172557718199
3,UPFC_tsh,5-15,-0.23253037627372858,6,-0.22556986877005308,MAP_SCADA,109,0.006960507503675495
4,UPFC_Vse,5-15,0.0600837156301815,6,0.061639541583382286,MAP_SCADA,109,0.001555825953200786
5,UPFC_tse,5-15,-2.1559922176239676,6,-2.1573456201497017,MAP_SCADA,109,0.0013534025257340154
0,x_tcsc,1-14,-0.11436276256544746,7,-0.1392478924651935,MAP_SCADA,109,0.024885129899746047
1,B_svc,2,0.17578589143797024,7,0.30020249469835686,MAP_SCADA,109,0.12441660326038662
2,UPFC_Vsh,5-15,1.1090257321918613,7,1.1049876864946313,MAP_SCADA,109,0.004038045697229986
3,UPFC_tsh,5-15,-0.230752004160547,7,-0.22556986877005308,MAP_SCADA,109,0.005182135390493919
4,UPFC_Vse,5-15,0.06009782334247497,7,0.061639541583382286,MAP_SCADA,109,0.0015417182409073193
5,UPFC_tse,5-15,-2.1532896030355704,7,-2.1573456201497017,MAP_SCADA,109,0.004056017114131283
0,x_tcsc,1-14,-0.11346472153441553,8,-0.1392478924651935,MAP_SCADA,109,0.025783170930777977
1,B_svc,2,0.18048286210943015,8,0.30020249469835686,MAP_SCADA,109,0.1197196325889267
2,UPFC_Vsh,5-15,1.108480483695338,8,1.1049876864946313,MAP_SCADA,109,0.00349279720070661
3,UPFC_tsh,5-15,-0.23109403596665595,8,-0.22556986877005308,MAP_SCADA,109,0.005524167196602869
4,UPFC_Vse,5-15,0.05989475052534988,8,0.061639541583382286,MAP_SCADA,109,0.0017447910580324077
5,UPFC_tse,5-15,-2.153008952867411,8,-2.1573456201497017,MAP_SCADA,109,0.004336667282290652
0,x_tcsc,1-14,-0.11177440719091994,9,-0.1392478924651935,MAP_SCADA,109,0.027473485274273568
1,B_svc,2,0.18671012434317674,9,0.30020249469835686,MAP_SCADA,109,0.11349237035518012
2,UPFC_Vsh,5-15,1.1037795807258335,9,1.1049876864946313,MAP_SCADA,109,0.001208105768797818
3,UPFC_tsh,5-15,-0.23448940288511175,9,-0.22556986877005308,MAP_SCADA,109,0.008919534115058664
4,UPFC_Vse,5-15,0.06104008593960212,9,0.061639541583382286,MAP_SCADA,109,0.0005994556437801668
5,UPFC_tse,5-15,-2.1543496412886083,9,-2.1573456201497017,MAP_SCADA,109,0.0029959788610933735
0,x_tcsc,1-14,-0.11194494997492009,10,-0.1392478924651935,MAP_SCADA,109,0.027302942490273416
1,B_svc,2,0.18561780207658218,10,0.30020249469835686,MAP_SCADA,109,0.11458469262177468
2,UPFC_Vsh,5-15,1.1077955580647714,10,1.1049876864946313,MAP_SCADA,109,0.0028078715701400636
3,UPFC_tsh,5-15,-0.23357350457639295,10,-0.22556986877005308,MAP_SCADA,109,0.008003635806339865
4,UPFC_Vse,5-15,0.06104911978819504,10,0.061639541583382286,MAP_SCADA,109,0.0005904217951872431
5,UPFC_tse,5-15,-2.1542087215643924,10,-2.1573456201497017,MAP_SCADA,109,0.0031368985853093
0,x_tcsc,1-14,-0.11144691933862402,11,-0.1392478924651935,MAP_SCADA,109,0.027800973126569484
1,B_svc,2,0.18733135995158337,11,0.30020249469835686,MAP_SCADA,109,0.11287113474677349
2,UPFC_Vsh,5-15,1.106233756598256,11,1.1049876864946313,MAP_SCADA,109,0.0012460701036247634
3,UPFC_tsh,5-15,-0.23400144609007603,11,-0.22556986877005308,MAP_SCADA,109,0.008431577320022948
4,UPFC_Vse,5-15,0.06022611964382545,11,0.061639541583382286,MAP_SCADA,109,0.0014134219395568332
5,UPFC_tse,5-15,-2.15561983957537,11,-2.1573456201497017,MAP_SCADA,109,0.0017257805743318144
0,x_tcsc,1-14,-0.11335974657529489,12,-0.1392478924651935,MAP_SCADA,109,0.025888145889898614
1,B_svc,2,0.18052980160149132,12,0.30020249469835686,MAP_SCADA,109,0.11967269309686554
2,UPFC_Vsh,5-15,1.1072101395226248,12,1.1049876864946313,MAP_SCADA,109,0.0022224530279935095
3,UPFC_tsh,5-15,-0.23235149981375186,12,-0.22556986877005308,MAP_SCADA,109,0.006781631043698777
4,UPFC_Vse,5-15,0.06105168575186966,12,0.061639541583382286,MAP_SCADA,109,0.0005878558315126278
5,UPFC_tse,5-15,-2.1503334819797124,12,-2.1573456201497017,MAP_SCADA,109,0.007012138169989246
0,x_tcsc,1-14,-0.11211623931164033,13,-0.1392478924651935,MAP_SCADA,109,0.027131653153553176
1,B_svc,2,0.18705823005723368,13,0.30020249469835686,MAP_SCADA,109,0.11314426464112318
2,UPFC_Vsh,5-15,1.1059065780904005,13,1.1049876864946313,MAP_SCADA,109,0.000918891595769189
3,UPFC_tsh,5-15,-0.23398759186968957,13,-0.22556986877005308,MAP_SCADA,109,0.008417723099636482
4,UPFC_Vse,5-15,0.06032973274826177,13,0.061639541583382286,MAP_SCADA,109,0.001309808835120517
5,UPFC_tse,5-15,-2.1569813122485124,13,-2.1573456201497017,MAP_SCADA,109,0.0003643079011892425
0,x_tcsc,1-14,-0.1137714289763915,14,-0.1392478924651935,MAP_SCADA,109,0.025476463488802004
1,B_svc,2,0.1830696590076973,14,0.30020249469835686,MAP_SCADA,109,0.11713283569065955
2,UPFC_Vsh,5-15,1.1082720687885226,14,1.1049876864946313,MAP_SCADA,109,0.003284382293891275
3,UPFC_tsh,5-15,-0.23205392329338764,14,-0.22556986877005308,MAP_SCADA,109,0.006484054523334559
4,UPFC_Vse,5-15,0.060411104500337556,14,0.061639541583382286,MAP_SCADA,109,0.0012284370830447297
5,UPFC_tse,5-15,-2.1558802644963175,14,-2.1573456201497017,MAP_SCADA,109,0.001465355653384126
0,x_tcsc,1-14,-0.11331493961116607,15,-0.1392478924651935,MAP_SCADA,109,0.02593295285402744
1,B_svc,2,0.1800813984044449,15,0.30020249469835686,MAP_SCADA,109,0.12012109629391196
2,UPFC_Vsh,5-15,1.107314408698073,15,1.1049876864946313,MAP_SCADA,109,0.0023267222034417667
3,UPFC_tsh,5-15,-0.23205643090968373,15,-0.22556986877005308,MAP_SCADA,109,0.006486562139630642
4,UPFC_Vse,5-15,0.059873090964751116,15,0.061639541583382286,MAP_SCADA,109,0.0017664506186311699
5,UPFC_tse,5-15,-2.155007128440672,15,-2.1573456201497017,MAP_SCADA,109,0.0023384917090294444
0,x_tcsc,1-14,-0.1122306884762184,16,-0.1392478924651935,MAP_SCADA,109,0.027017203988975114
1,B_svc,2,0.18775249902392893,16,0.30020249469835686,MAP_SCADA,109,0.11244999567442793
2,UPFC_Vsh,5-15,1.1049647892610377,16,1.1049876864946313,MAP_SCADA,109,2.2897233593610622e-05
3,UPFC_tsh,5-15,-0.2330079098466535,16,-0.22556986877005308,MAP_SCADA,109,0.007438041076600427
4,UPFC_Vse,5-15,0.06113724250918414,16,0.061639541583382286,MAP_SCADA,109,0.0005022990741981453
5,UPFC_tse,5-15,-2.157423881875138,16,-2.1573456201497017,MAP_SCADA,109,7.8261725436235e-05
0,x_tcsc,1-14,-0.11263036020353481,17,-0.1392478924651935,MAP_SCADA,109,0.026617532261658694
1,B_svc,2,0.1817837233928617,17,0.30020249469835686,MAP_SCADA,109,0.11841877130549516
2,UPFC_Vsh,5-15,1.1084114438149966,17,1.1049876864946313,MAP_SCADA,109,0.0034237573203652616
3,UPFC_tsh,5-15,-0.23144867598779334,17,-0.22556986877005308,MAP_SCADA,109,0.005878807217740256
4,UPFC_Vse,5-15,0.060318116756721364,17,0.061639541583382286,MAP_SCADA,109,0.0013214248266609219
5,UPFC_tse,5-15,-2.153541067371644,17,-2.1573456201497017,MAP_SCADA,109,0.0038045527780576904
0,x_tcsc,1-14,-0.1123168833646532,18,-0.1392478924651935,MAP_SCADA,109,0.026931009100540304
1,B_svc,2,0.18114343012589246,18,0.30020249469835686,MAP_SCADA,109,0.1190590645724644
2,UPFC_Vsh,5-15,1.108076754568016,18,1.1049876864946313,MAP_SCADA,109,0.0030890680733846043
3,UPFC_tsh,5-15,-0.2320082068359299,18,-0.22556986877005308,MAP_SCADA,109,0.00643833806587682
4,UPFC_Vse,5-15,0.06041732067962146,18,0.061639541583382286,MAP_SCADA,109,0.0012222209037608261
5,UPFC_tse,5-15,-2.1552625136309573,18,-2.1573456201497017,MAP_SCADA,109,0.0020831065187443265
0,x_tcsc,1-14,-0.11164424108868416,19,-0.1392478924651935,MAP_SCADA,109,0.027603651376509344
1,B_svc,2,0.18040424893429052,19,0.30020249469835686,MAP_SCADA,109,0.11979824576406634
2,UPFC_Vsh,5-15,1.108871364654878,19,1.1049876864946313,MAP_SCADA,109,0.0038836781602467063
3,UPFC_tsh,5-15,-0.2324105075658558,19,-0.22556986877005308,MAP_SCADA,109,0.0068406387958027115
4,UPFC_Vse,5-15,0.061155322165232597,19,0.061639541583382286,MAP_SCADA,109,0.0004842194181496895
5,UPFC_tse,5-15,-2.154669972733158,19,-2.1573456201497017,MAP_SCADA,109,0.0026756474165434696
0,x_tcsc,1-14,-0.11274782327049446,20,-0.1392478924651935,MAP_SCADA,109,0.02650006919469905
1,B_svc,2,0.18459454920584656,20,0.30020249469835686,MAP_SCADA,109,0.1156079454925103
2,UPFC_Vsh,5-15,1.108006286307207,20,1.1049876864946313,MAP_SCADA,109,0.003018599812575795
3,UPFC_tsh,5-15,-0.23191990543603197,20,-0.22556986877005308,MAP_SCADA,109,0.0063500366659788865
4,UPFC_Vse,5-15,0.06008050852103739,20,0.061639541583382286,MAP_SCADA,109,0.0015590330623448945
5,UPFC_tse,5-15,-2.1567097345688575,20,-2.1573456201497017,MAP_SCADA,109,0.0006358855808441533
0,x_tcsc,1-14,-0.11169414259952308,21,-0.1392478924651935,MAP_SCADA,109,0.027553749865670427
1,B_svc,2,0.1857776632719838,21,0.30020249469835686,MAP_SCADA,109,0.11442483142637305
2,UPFC_Vsh,5-15,1.108184785877071,21,1.1049876864946313,MAP_SCADA,109,0.0031970993824397276
3,UPFC_tsh,5-15,-0.23273179667649846,21,-0.22556986877005308,MAP_SCADA,109,0.007161927906445376
4,UPFC_Vse,5-15,0.05992770845896655,21,0.061639541583382286,MAP_SCADA,109,0.0017118331244157375
5,UPFC_tse,5-15,-2.1568349329799426,21,-2.1573456201497017,MAP_SCADA,109,0.0005106871697591053
0,x_tcsc,1-14,-0.11260572090998863,22,-0.1392478924651935,MAP_SCADA,109,0.026642171555204874
1,B_svc,2,0.18071338323253047,22,0.30020249469835686,MAP_SCADA,109,0.11948911146582639
2,UPFC_Vsh,5-15,1.106722196604619,22,1.1049876864946313,MAP_SCADA,109,0.001734510109987708
3,UPFC_tsh,5-15,-0.23240057224166638,22,-0.22556986877005308,MAP_SCADA,109,0.0068307034716132975
4,UPFC_Vse,5-15,0.059859672432762606,22,0.061639541583382286,MAP_SCADA,109,0.0017798691506196798
5,UPFC_tse,5-15,-2.1554046999392504,22,-2.1573456201497017,MAP_SCADA,109,0.0019409202104512246
0,x_tcsc,1-14,-0.10863106555895048,23,-0.1392478924651935,MAP_SCADA,109,0.030616826906243025
1,B_svc,2,0.19440583723342642,23,0.30020249469835686,MAP_SCADA,109,0.10579665746493044
2,UPFC_Vsh,5-15,1.1056047474826858,23,1.1049876864946313,MAP_SCADA,109,0.0006170609880544742
3,UPFC_tsh,5-15,-0.23553602350049807,23,-0.22556986877005308,MAP_SCADA,109,0.009966154730444987
4,UPFC_Vse,5-15,0.06062491232048908,23,0.061639541583382286,MAP_SCADA,109,0.0010146292628932033
5,UPFC_tse,5-15,-2.1604370235879395,23,-2.1573456201497017,MAP_SCADA,109,0.003091403438237883
0,x_tcsc,1-14,-0.11358461640106417,24,-0.1392478924651935,MAP_SCADA,109,0.02566327606412934
1,B_svc,2,0.17847299555661278,24,0.30020249469835686,MAP_SCADA,109,0.12172949914174408
2,UPFC_Vsh,5-15,1.1077453708357268,24,1.1049876864946313,MAP_SCADA,109,0.0027576843410954677
3,UPFC_tsh,5-15,-0.23118967241909189,24,-0.22556986877005308,MAP_SCADA,109,0.0056198036490388015
4,UPFC_Vse,5-15,0.06001689749729636,24,0.061639541583382286,MAP_SCADA,109,0.0016226440860859226
5,UPFC_tse,5-15,-2.1543010736861428,24,-2.1573456201497017,MAP_SCADA,109,0.003044546463558895
0,x_tcsc,1-14,-0.11320004043012336,25,-0.1392478924651935,MAP_SCADA,109,0.02604785203507015
1,B_svc,2,0.17941167260829785,25,0.30020249469835686,MAP_SCADA,109,0.12079082209005901
2,UPFC_Vsh,5-15,1.1101974435380184,25,1.1049876864946313,MAP_SCADA,109,0.005209757043387109
3,UPFC_tsh,5-15,-0.23031717049236608,25,-0.22556986877005308,MAP_SCADA,109,0.0047473017223129965
4,UPFC_Vse,5-15,0.05996830578511454,25,0.061639541583382286,MAP_SCADA,109,0.0016712357982677437
5,UPFC_tse,5-15,-2.1553668754708863,25,-2.1573456201497017,MAP_SCADA,109,0.001978744678815314
0,x_tcsc,1-14,-0.11212214964649692,26,-0.1392478924651935,MAP_SCADA,109,0.02712574281869659
1,B_svc,2,0.1816223075761155,26,0.30020249469835686,MAP_SCADA,109,0.11858018712224136
2,UPFC_Vsh,5-15,1.1082064053681402,26,1.1049876864946313,MAP_SCADA,109,0.0032187188735088856
3,UPFC_tsh,5-15,-0.23179014857039898,26,-0.22556986877005308,MAP_SCADA,109,0.006220279800345896
4,UPFC_Vse,5-15,0.060238724303090414,26,0.061639541583382286,MAP_SCADA,109,0.0014008172802918717
5,UPFC_tse,5-15,-2.1599186635184866,26,-2.1573456201497017,MAP_SCADA,109,0.002573043368784944
0,x_tcsc,1-14,-0.11119204081336112,27,-0.1392478924651935,MAP_SCADA,109,0.028055851651832386
1,B_svc,2,0.1842705258074126,27,0.30020249469835686,MAP_SCADA,109,0.11593196889094426
2,UPFC_Vsh,5-15,1.1059116452390325,27,1.1049876864946313,MAP_SCADA,109,0.0009239587444012098
3,UPFC_tsh,5-15,-0.23295759170996305,27,-0.22556986877005308,MAP_SCADA,109,0.007387722939909969
4,UPFC_Vse,5-15,0.06053072554552834,27,0.061639541583382286,MAP_SCADA,109,0.0011088160378539477
5,UPFC_tse,5-15,-2.1561425446031106,27,-2.1573456201497017,MAP_SCADA,109,0.001203075546591048
0,x_tcsc,1-14,-0.11078516593243308,28,-0.1392478924651935,MAP_SCADA,109,0.028462726532760427
1,B_svc,2,0.1862073014298553,28,0.30020249469835686,MAP_SCADA,109,0.11399519326850155
2,UPFC_Vsh,5-15,1.105306562887327,28,1.1049876864946313,MAP_SCADA,109,0.00031887639269578827
3,UPFC_tsh,5-15,-0.2340897760936502,28,-0.22556986877005308,MAP_SCADA,109,0.008519907323597115
4,UPFC_Vse,5-15,0.06031540260348843,28,0.061639541583382286,MAP_SCADA,109,0.001324138979893856
5,UPFC_tse,5-15,-2.159848933017864,28,-2.1573456201497017,MAP_SCADA,109,0.0025033128681624106
0,x_tcsc,1-14,-0.11114633594373284,29,-0.1392478924651935,MAP_SCADA,109,0.028101556521460666
1,B_svc,2,0.18515795790093445,29,0.30020249469835686,MAP_SCADA,109,0.11504453679742241
2,UPFC_Vsh,5-15,1.1077676810944392,29,1.1049876864946313,MAP_SCADA,109,0.0027799945998079334
3,UPFC_tsh,5-15,-0.2328826952361252,29,-0.22556986877005308,MAP_SCADA,109,0.00731282646607212
4,UPFC_Vse,5-15,0.06039577683997066,29,0.061639541583382286,MAP_SCADA,109,0.0012437647434116253
5,UPFC_tse,5-15,-2.155335140690537,29,-2.1573456201497017,MAP_SCADA,109,0.00201047945916466
0,x_tcsc,1-14,-0.11216068815257503,30,-0.1392478924651935,MAP_SCADA,109,0.027087204312618476
1,B_svc,2,0.17704446044748634,30,0.30020249469835686,MAP_SCADA,109,0.12315803425087052
2,UPFC_Vsh,5-15,1.109683072820936,30,1.1049876864946313,MAP_SCADA,109,0.004695386326304618
3,UPFC_tsh,5-15,-0.23174778760842352,30,-0.22556986877005308,MAP_SCADA,109,0.006177918838370433
4,UPFC_Vse,5-15,0.06019310784890161,30,0.061639541583382286,MAP_SCADA,109,0.0014464337344806746
5,UPFC_tse,5-15,-2.1564072150031643,30,-2.1573456201497017,MAP_SCADA,109,0.0009384051465373133
0,x_tcsc,1-14,-0.11251342636674841,31,-0.1392478924651935,MAP_SCADA,109,0.026734466098445098
1,B_svc,2,0.1831099893073962,31,0.30020249469835686,MAP_SCADA,109,0.11709250539096067
2,UPFC_Vsh,5-15,1.1078159760395527,31,1.1049876864946313,MAP_SCADA,109,0.002828289544921425
3,UPFC_tsh,5-15,-0.23189856588754654,31,-0.22556986877005308,MAP_SCADA,109,0.006328697117493454
4,UPFC_Vse,5-15,0.06007672510263565,31,0.061639541583382286,MAP_SCADA,109,0.0015628164807466385
5,UPFC_tse,5-15,-2.1587524619933207,31,-2.1573456201497017,MAP_SCADA,109,0.0014068418436190555
0,x_tcsc,1-14,-0.10935089542807824,32,-0.1392478924651935,MAP_SCADA,109,0.029896997037115264
1,B_svc,2,0.18873592910746403,32,0.30020249469835686,MAP_SCADA,109,0.11146656559089282
2,UPFC_Vsh,5-15,1.109038949726816,32,1.1049876864946313,MAP_SCADA,109,0.004051263232184743
3,UPFC_tsh,5-15,-0.2330027710688704,32,-0.22556986877005308,MAP_SCADA,109,0.007432902298817323
4,UPFC_Vse,5-15,0.05985014716756717,32,0.061639541583382286,MAP_SCADA,109,0.0017893944158151182
5,UPFC_tse,5-15,-2.1617669058380433,32,-2.1573456201497017,MAP_SCADA,109,0.0044212856883416585
0,x_tcsc,1-14,-0.11132959920201867,33,-0.1392478924651935,MAP_SCADA,109,0.02791829326317484
1,B_svc,2,0.18595327212098606,33,0.30020249469835686,MAP_SCADA,109,0.1142492225773708
2,UPFC_Vsh,5-15,1.108084565723442,33,1.1049876864946313,MAP_SCADA,109,0.003096879228810634
3,UPFC_tsh,5-15,-0.2321353180308911,33,-0.22556986877005308,MAP_SCADA,109,0.006565449260838019
4,UPFC_Vse,5-15,0.06002017416798528,33,0.061639541583382286,MAP_SCADA,109,0.001619367415397005
5,UPFC_tse,5-15,-2.157033850389164,33,-2.1573456201497017,MAP_SCADA,109,0.0003117697605374836
0,x_tcsc,1-14,-0.11034198001640978,34,-0.1392478924651935,MAP_SCADA,109,0.028905912448783724
1,B_svc,2,0.18678599517759245,34,0.30020249469835686,MAP_SCADA,109,0.11341649952076441
2,UPFC_Vsh,5-15,1.1085563560496479,34,1.1049876864946313,MAP_SCADA,109,0.003568669555016557
3,UPFC_tsh,5-15,-0.23312360340740504,34,-0.22556986877005308,MAP_SCADA,109,0.007553734637351955
4,UPFC_Vse,5-15,0.060366956294376876,34,0.061639541583382286,MAP_SCADA,109,0.0012725852890054096
5,UPFC_tse,5-15,-2.1581320522383804,34,-2.1573456201497017,MAP_SCADA,109,0.0007864320886787901
0,x_tcsc,1-14,-0.11311317898577221,35,-0.1392478924651935,MAP_SCADA,109,0.026134713479421298
1,B_svc,2,0.18325163162252295,35,0.30020249469835686,MAP_SCADA,109,0.11695086307583391
2,UPFC_Vsh,5-15,1.1098842983230832,35,1.1049876864946313,MAP_SCADA,109,0.004896611828451913
3,UPFC_tsh,5-15,-0.23130759162507253,35,-0.22556986877005308,MAP_SCADA,109,0.005737722855019445
4,UPFC_Vse,5-15,0.06016391902929492,35,0.061639541583382286,MAP_SCADA,109,0.001475622554087369
5,UPFC_tse,5-15,-2.1548243799234137,35,-2.1573456201497017,MAP_SCADA,109,0.0025212402262879685
0,x_tcsc,1-14,-0.1149720819539307,36,-0.1392478924651935,MAP_SCADA,109,0.024275810511262805
1,B_svc,2,0.1750447967126657,36,0.30020249469835686,MAP_SCADA,109,0.12515769798569115
2,UPFC_Vsh,5-15,1.1102778223388667,36,1.1049876864946313,MAP_SCADA,109,0.005290135844235433
3,UPFC_tsh,5-15,-0.22961423202170334,36,-0.22556986877005308,MAP_SCADA,109,0.0040443632516502515
4,UPFC_Vse,5-15,0.060175439493694916,36,0.061639541583382286,MAP_SCADA,109,0.0014641020896873705
5,UPFC_tse,5-15,-2.1527252492944804,36,-2.1573456201497017,MAP_SCADA,109,0.0046203708552212674
0,x_tcsc,1-14,-0.1135383168444,37,-0.1392478924651935,MAP_SCADA,109,0.025709575620793512
1,B_svc,2,0.1808875627066663,37,0.30020249469835686,MAP_SCADA,109,0.11931493199169055
2,UPFC_Vsh,5-15,1.1097833398341765,37,1.1049876864946313,MAP_SCADA,109,0.004795653339545236
3,UPFC_tsh,5-15,-0.2306731020068669,37,-0.22556986877005308,MAP_SCADA,109,0.005103233236813803
4,UPFC_Vse,5-15,0.059604765997265136,37,0.061639541583382286,MAP_SCADA,109,0.0020347755861171504
5,UPFC_tse,5-15,-2.1598551334837475,37,-2.1573456201497017,MAP_SCADA,109,0.00250951333404581
0,x_tcsc,1-14,-0.11241197576694792,38,-0.1392478924651935,MAP_SCADA,109,0.026835916698245588
1,B_svc,2,0.18139884194193798,38,0.30020249469835686,MAP_SCADA,109,0.11880365275641888
2,UPFC_Vsh,5-15,1.1092926368032598,38,1.1049876864946313,MAP_SCADA,109,0.004304950308628541
3,UPFC_tsh,5-15,-0.23168033003577468,38,-0.22556986877005308,MAP_SCADA,109,0.006110461265721595
4,UPFC_Vse,5-15,0.06042739705196942,38,0.061639541583382286,MAP_SCADA,109,0.0012121445314128634
5,UPFC_tse,5-15,-2.150262573934795,38,-2.1573456201497017,MAP_SCADA,109,0.007083046214906741
0,x_tcsc,1-14,-0.11336627208444718,39,-0.1392478924651935,MAP_SCADA,109,0.02588162038074633
1,B_svc,2,0.1824406965904449,39,0.30020249469835686,MAP_SCADA,109,0.11776179810791196
2,UPFC_Vsh,5-15,1.109450803391796,39,1.1049876864946313,MAP_SCADA,109,0.004463116897164721
3,UPFC_tsh,5-15,-0.23110270791873322,39,-0.22556986877005308,MAP_SCADA,109,0.005532839148680135
4,UPFC_Vse,5-15,0.06015947124209428,39,0.061639541583382286,MAP_SCADA,109,0.0014800703412880048
5,UPFC_tse,5-15,-2.1525195949795397,39,-2.1573456201497017,MAP_SCADA,109,0.004826025170161952
0,x_tcsc,1-14,-0.11449781928869908,40,-0.1392478924651935,MAP_SCADA,109,0.024750073176494428
1,B_svc,2,0.17698963311880708,40,0.30020249469835686,MAP_SCADA,109,0.12321286157954978
2,UPFC_Vsh,5-15,1.1099220982081328,40,1.1049876864946313,MAP_SCADA,109,0.0049344117135015075
3,UPFC_tsh,5-15,-0.23127461686611703,40,-0.22556986877005308,MAP_SCADA,109,0.005704748096063944
4,UPFC_Vse,5-15,0.060217625795988015,40,0.061639541583382286,MAP_SCADA,109,0.0014219157873942706
5,UPFC_tse,5-15,-2.1504069037421822,40,-2.1573456201497017,MAP_SCADA,109,0.0069387164075194185
0,x_tcsc,1-14,-0.11093572745407543,41,-0.1392478924651935,MAP_SCADA,109,0.02831216501111808
1,B_svc,2,0.18531896959267724,41,0.30020249469835686,MAP_SCADA,109,0.11488352510567962
2,UPFC_Vsh,5-15,1.108434994048722,41,1.1049876864946313,MAP_SCADA,109,0.0034473075540906173
3,UPFC_tsh,5-15,-0.233408373060217,41,-0.22556986877005308,MAP_SCADA,109,0.007838504290163917
4,UPFC_Vse,5-15,0.060499846182725275,41,0.061639541583382286,MAP_SCADA,109,0.0011396954006570106
5,UPFC_tse,5-15,-2.1601069645717934,41,-2.1573456201497017,MAP_SCADA,109,0.0027613444220917494
0,x_tcsc,1-14,-0.11147761500004855,42,-0.1392478924651935,MAP_SCADA,109,0.02777027746514496
1,B_svc,2,0.18730903475163513,42,0.30020249469835686,MAP_SCADA,109,0.11289345994672173
2,UPFC_Vsh,5-15,1.1074933658695576,42,1.1049876864946313,MAP_SCADA,109,0.002505679374926295
3,UPFC_tsh,5-15,-0.23274285808599332,42,-0.22556986877005308,MAP_SCADA,109,0.007172989315940237
4,UPFC_Vse,5-15,0.06046335877714539,42,0.061639541583382286,MAP_SCADA,109,0.0011761828062368945
5,UPFC_tse,5-15,-2.154540752922178,42,-2.1573456201497017,MAP_SCADA,109,0.0028048672275238218
0,x_tcsc,1-14,-0.11305657612109273,43,-0.1392478924651935,MAP_SCADA,109,0.026191316344100782
1,B_svc,2,0.1792216928206034,43,0.30020249469835686,MAP_SCADA,109,0.12098080187775345
2,UPFC_Vsh,5-15,1.1100005386855296,43,1.1049876864946313,MAP_SCADA,109,0.005012852190898309
3,UPFC_tsh,5-15,-0.23036578137282954,43,-0.22556986877005308,MAP_SCADA,109,0.004795912602776453
4,UPFC_Vse,5-15,0.06057910375371149,43,0.061639541583382286,MAP_SCADA,109,0.0010604378296707948
5,UPFC_tse,5-15,-2.1561589997097914,43,-2.1573456201497017,MAP_SCADA,109,0.0011866204399102465
0,x_tcsc,1-14,-0.11207535639674679,44,-0.1392478924651935,MAP_SCADA,109,0.027172536068446718
1,B_svc,2,0.1846858498020382,44,0.30020249469835686,MAP_SCADA,109,0.11551664489631866
2,UPFC_Vsh,5-15,1.1077601535326256,44,1.1049876864946313,MAP_SCADA,109,0.002772467037994275
3,UPFC_tsh,5-15,-0.23261638863089268,44,-0.22556986877005308,MAP_SCADA,109,0.007046519860839595
4,UPFC_Vse,5-15,0.06047525859342069,44,0.061639541583382286,MAP_SCADA,109,0.0011642829899615945
5,UPFC_tse,5-15,-2.154046429528506,44,-2.1573456201497017,MAP_SCADA,109,0.00329919062119588
0,x_tcsc,1-14,-0.11375431081784133,45,-0.1392478924651935,MAP_SCADA,109,0.025493581647352173
1,B_svc,2,0.17477818719938254,45,0.30020249469835686,MAP_SCADA,109,0.12542430749897432
2,UPFC_Vsh,5-15,1.1093197165452422,45,1.1049876864946313,MAP_SCADA,109,0.004332030050610891
3,UPFC_tsh,5-15,-0.23071303918734726,45,-0.22556986877005308,MAP_SCADA,109,0.005143170417294174
4,UPFC_Vse,5-15,0.06014026459677954,45,0.061639541583382286,MAP_SCADA,109,0.0014992769866027447
5,UPFC_tse,5-15,-2.15388812615601,45,-2.1573456201497017,MAP_SCADA,109,0.0034574939936917737
0,x_tcsc,1-14,-0.11310434548909658,46,-0.1392478924651935,MAP_SCADA,109,0.02614354697609693
1,B_svc,2,0.17866334359157365,46,0.30020249469835686,MAP_SCADA,109,0.1215391511067832
2,UPFC_Vsh,5-15,1.108715174743999,46,1.1049876864946313,MAP_SCADA,109,0.0037274882493676387
3,UPFC_tsh,5-15,-0.23114836154528098,46,-0.22556986877005308,MAP_SCADA,109,0.0055784927752279
4,UPFC_Vse,5-15,0.060340846612470904,46,0.061639541583382286,MAP_SCADA,109,0.001298694970911382
5,UPFC_tse,5-15,-2.155077590767528,46,-2.1573456201497017,MAP_SCADA,109,0.00226802938217352
0,x_tcsc,1-14,-0.1126163685304988,47,-0.1392478924651935,MAP_SCADA,109,0.0266315239346947
1,B_svc,2,0.1826820223153454,47,0.30020249469835686,MAP_SCADA,109,0.11752047238301147
2,UPFC_Vsh,5-15,1.1078508671343414,47,1.1049876864946313,MAP_SCADA,109,0.002863180639710139
3,UPFC_tsh,5-15,-0.23195436112425402,47,-0.22556986877005308,MAP_SCADA,109,0.006384492354200938
4,UPFC_Vse,5-15,0.06005427570146322,47,0.061639541583382286,MAP_SCADA,109,0.001585265881919068
5,UPFC_tse,5-15,-2.149004765473707,47,-2.1573456201497017,MAP_SCADA,109,0.00834085467599488
0,x_tcsc,1-14,-0.11202393736720709,48,-0.1392478924651935,MAP_SCADA,109,0.02722395509798642
1,B_svc,2,0.18197032083453404,48,0.30020249469835686,MAP_SCADA,109,0.11823217386382281
2,UPFC_Vsh,5-15,1.1088869066003255,48,1.1049876864946313,MAP_SCADA,109,0.003899220105694212
3,UPFC_tsh,5-15,-0.23173744296455784,48,-0.22556986877005308,MAP_SCADA,109,0.006167574194504755
4,UPFC_Vse,5-15,0.06064179275722406,48,0.061639541583382286,MAP_SCADA,109,0.0009977488261582249
5,UPFC_tse,5-15,-2.1579971846390347,48,-2.1573456201497017,MAP_SCADA,109,0.0006515644893330119
0,x_tcsc,1-14,-0.11301190854144895,49,-0.1392478924651935,MAP_SCADA,109,0.026235983923744557
1,B_svc,2,0.1826769526565768,49,0.30020249469835686,MAP_SCADA,109,0.11752554204178006
2,UPFC_Vsh,5-15,1.10911972473425,49,1.1049876864946313,MAP_SCADA,109,0.004132038239618607
3,UPFC_tsh,5-15,-0.23197494578688546,49,-0.22556986877005308,MAP_SCADA,109,0.006405077016832378
4,UPFC_Vse,5-15,0.06039511975662008,49,0.061639541583382286,MAP_SCADA,109,0.0012444218267622029
5,UPFC_tse,5-15,-2.159769366853597,49,-2.1573456201497017,MAP_SCADA,109,0.0024237467038954463
0,x_tcsc,1-14,-0.11232464740583507,50,-0.1392478924651935,MAP_SCADA,109,0.026923245059358433
1,B_svc,2,0.1804661933096819,50,0.30020249469835686,MAP_SCADA,109,0.11973630138867497
2,UPFC_Vsh,5-15,1.1082997050473367,50,1.1049876864946313,MAP_SCADA,109,0.0033120185527053536
3,UPFC_tsh,5-15,-0.23223059620849504,50,-0.22556986877005308,MAP_SCADA,109,0.006660727438441955
4,UPFC_Vse,5-15,0.060382776568446615,50,0.061639541583382286,MAP_SCADA,109,0.0012567650149356707
5,UPFC_tse,5-15,-2.15506436388257,50,-2.1573456201497017,MAP_SCADA,109,0.002281256267131493
0,x_tcsc,1-14,-0.11361562540832322,51,-0.1392478924651935,MAP_SCADA,109,0.025632267056870287
1,B_svc,2,0.17885922469653856,51,0.30020249469835686,MAP_SCADA,109,0.1213432700018183
2,UPFC_Vsh,5-15,1.1070689001567269,51,1.1049876864946313,MAP_SCADA,109,0.0020812136620955712
3,UPFC_tsh,5-15,-0.2321065832889006,51,-0.22556986877005308,MAP_SCADA,109,0.0065367145188475195
4,UPFC_Vse,5-15,0.06052340155011435,51,0.061639541583382286,MAP_SCADA,109,0.0011161400332679386
5,UPFC_tse,5-15,-2.1551682308222206,51,-2.1573456201497017,MAP_SCADA,109,0.0021773893274810163
0,x_tcsc,1-14,-0.10848351521084021,52,-0.1392478924651935,MAP_SCADA,109,0.030764377254353298
1,B_svc,2,0.19662177475265205,52,0.30020249469835686,MAP_SCADA,109,0.10358071994570481
2,UPFC_Vsh,5-15,1.1078003615348868,52,1.1049876864946313,MAP_SCADA,109,0.002812675040255508
3,UPFC_tsh,5-15,-0.23401474328945562,52,-0.22556986877005308,MAP_SCADA,109,0.00844487451940254
4,UPFC_Vse,5-15,0.06035505211035941,52,0.061639541583382286,MAP_SCADA,109,0.0012844894730228776
5,UPFC_tse,5-15,-2.160186956663391,52,-2.1573456201497017,MAP_SCADA,109,0.002841336513689452
0,x_tcsc,1-14,-0.11302618824924493,53,-0.1392478924651935,MAP_SCADA,109,0.026221704215948577
1,B_svc,2,0.1855528678668657,53,0.30020249469835686,MAP_SCADA,109,0.11464962683149116
2,UPFC_Vsh,5-15,1.106401917745756,53,1.1049876864946313,MAP_SCADA,109,0.0014142312511247201
3,UPFC_tsh,5-15,-0.23299677621338608,53,-0.22556986877005308,MAP_SCADA,109,0.007426907443332992
4,UPFC_Vse,5-15,0.06025677125495774,53,0.061639541583382286,MAP_SCADA,109,0.001382770328424543
5,UPFC_tse,5-15,-2.1530014389473546,53,-2.1573456201497017,MAP_SCADA,109,0.0043441812023470305
0,x_tcsc,1-14,-0.10992588267449988,54,-0.1392478924651935,MAP_SCADA,109,0.02932200979069363
1,B_svc,2,0.18850845278962525,54,0.30020249469835686,MAP_SCADA,109,0.11169404190873161
2,UPFC_Vsh,5-15,1.1080263661691967,54,1.1049876864946313,MAP_SCADA,109,0.003038679674565392
3,UPFC_tsh,5-15,-0.2334353156834582,54,-0.22556986877005308,MAP_SCADA,109,0.007865446913405127
4,UPFC_Vse,5-15,0.060702502198160174,54,0.061639541583382286,MAP_SCADA,109,0.0009370393852221118
5,UPFC_tse,5-15,-2.159140326809645,54,-2.1573456201497017,MAP_SCADA,109,0.0017947066599433015
0,x_tcsc,1-14,-0.11090856933726283,55,-0.1392478924651935,MAP_SCADA,109,0.02833932312793068
1,B_svc,2,0.18390305521965483,55,0.30020249469835686,MAP_SCADA,109,0.11629943947870203
2,UPFC_Vsh,5-15,1.105779728191416,55,1.1049876864946313,MAP_SCADA,109,0.0007920416967845956
3,UPFC_tsh,5-15,-0.23355893281144285,55,-0.22556986877005308,MAP_SCADA,109,0.00798906404138977
4,UPFC_Vse,5-15,0.06052711291959248,55,0.061639541583382286,MAP_SCADA,109,0.0011124286637898065
5,UPFC_tse,5-15,-2.1596477295296808,55,-2.1573456201497017,MAP_SCADA,109,0.0023021093799791004
0,x_tcsc,1-14,-0.11295801478895467,56,-0.1392478924651935,MAP_SCADA,109,0.026289877676238832
1,B_svc,2,0.18145367109197516,56,0.30020249469835686,MAP_SCADA,109,0.1187488236063817
2,UPFC_Vsh,5-15,1.108183062115895,56,1.1049876864946313,MAP_SCADA,109,0.0031953756212637074
3,UPFC_tsh,5-15,-0.23276754175977452,56,-0.22556986877005308,MAP_SCADA,109,0.007197672989721432
4,UPFC_Vse,5-15,0.060201074271315824,56,0.061639541583382286,MAP_SCADA,109,0.0014384673120664618
5,UPFC_tse,5-15,-2.1541185297160985,56,-2.1573456201497017,MAP_SCADA,109,0.0032270904336031414
0,x_tcsc,1-14,-0.11331549764469787,57,-0.1392478924651935,MAP_SCADA,109,0.02593239482049564
1,B_svc,2,0.18113549787680508,57,0.30020249469835686,MAP_SCADA,109,0.11906699682155178
2,UPFC_Vsh,5-15,1.1080297025810695,57,1.1049876864946313,MAP_SCADA,109,0.0030420160864381707
3,UPFC_tsh,5-15,-0.2318175980644757,57,-0.22556986877005308,MAP_SCADA,109,0.006247729294422605
4,UPFC_Vse,5-15,0.05974123277280337,57,0.061639541583382286,MAP_SCADA,109,0.0018983088105789178
5,UPFC_tse,5-15,-2.1568552925009024,57,-2.1573456201497017,MAP_SCADA,109,0.0004903276487993047
0,x_tcsc,1-14,-0.11259592447870835,58,-0.1392478924651935,MAP_SCADA,109,0.026651967986485156
1,B_svc,2,0.1855124996650732,58,0.30020249469835686,MAP_SCADA,109,0.11468999503328367
2,UPFC_Vsh,5-15,1.1041639179721214,58,1.1049876864946313,MAP_SCADA,109,0.0008237685225098712
3,UPFC_tsh,5-15,-0.2337457779457213,58,-0.22556986877005308,MAP_SCADA,109,0.008175909175668211
4,UPFC_Vse,5-15,0.060641571824637475,58,0.061639541583382286,MAP_SCADA,109,0.0009979697587448114
5,UPFC_tse,5-15,-2.1560231945507224,58,-2.1573456201497017,MAP_SCADA,109,0.0013224255989792155
0,x_tcsc,1-14,-0.11286231559448634,59,-0.1392478924651935,MAP_SCADA,109,0.026385576870707167
1,B_svc,2,0.1817952967432671,59,0.30020249469835686,MAP_SCADA,109,0.11840719795508975
2,UPFC_Vsh,5-15,1.108691902973475,59,1.1049876864946313,MAP_SCADA,109,0.0037042164788436693
3,UPFC_tsh,5-15,-0.23184199738940517,59,-0.22556986877005308,MAP_SCADA,109,0.006272128619352085
4,UPFC_Vse,5-15,0.060454713383064476,59,0.061639541583382286,MAP_SCADA,109,0.0011848282003178098
5,UPFC_tse,5-15,-2.15495703243471,59,-2.1573456201497017,MAP_SCADA,109,0.002388587714991619
0,x_tcsc,1-14,-0.1125451676959699,60,-0.1392478924651935,MAP_SCADA,109,0.026702724769223612
1,B_svc,2,0.18446213206889514,60,0.30020249469835686,MAP_SCADA,109,0.11574036262946172
2,UPFC_Vsh,5-15,1.108050671247431,60,1.1049876864946313,MAP_SCADA,109,0.0030629847527996468
3,UPFC_tsh,5-15,-0.2323091987208775,60,-0.22556986877005308,MAP_SCADA,109,0.0067393299508244076
4,UPFC_Vse,5-15,0.06027242282692596,60,0.061639541583382286,MAP_SCADA,109,0.0013671187564563286
5,UPFC_tse,5-15,-2.1526136198908206,60,-2.1573456201497017,MAP_SCADA,109,0.004732000258881097
0,x_tcsc,1-14,-0.11410481713499057,61,-0.1392478924651935,MAP_SCADA,109,0.025143075330202935
1,B_svc,2,0.17972519930177294,61,0.30020249469835686,MAP_SCADA,109,0.12047729539658392
2,UPFC_Vsh,5-15,1.1062344025143551,61,1.1049876864946313,MAP_SCADA,109,0.0012467160197238147
3,UPFC_tsh,5-15,-0.23187134686501007,61,-0.22556986877005308,MAP_SCADA,109,0.006301478094956986
4,UPFC_Vse,5-15,0.06071318870310169,61,0.061639541583382286,MAP_SCADA,109,0.0009263528802805968
5,UPFC_tse,5-15,-2.1542601835848503,61,-2.1573456201497017,MAP_SCADA,109,0.003085436564851385
0,x_tcsc,1-14,-0.1115933269007217,62,-0.1392478924651935,MAP_SCADA,109,0.02765456556447181
1,B_svc,2,0.18400213468782292,62,0.30020249469835686,MAP_SCADA,109,0.11620036001053394
2,UPFC_Vsh,5-15,1.1074571520285303,62,1.1049876864946313,MAP_SCADA,109,0.00246946553389904
3,UPFC_tsh,5-15,-0.23263168864163766,62,-0.22556986877005308,MAP_SCADA,109,0.007061819871584579
4,UPFC_Vse,5-15,0.05996998341083485,62,0.061639541583382286,MAP_SCADA,109,0.0016695581725474362
5,UPFC_tse,5-15,-2.1600345054626127,62,-2.1573456201497017,MAP_SCADA,109,0.0026888853129110046
0,x_tcsc,1-14,-0.11148815154244913,63,-0.1392478924651935,MAP_SCADA,109,0.027759740922744372
1,B_svc,2,0.18721449786679403,63,0.30020249469835686,MAP_SCADA,109,0.11298799683156283
2,UPFC_Vsh,5-15,1.1070688856726931,63,1.1049876864946313,MAP_SCADA,109,0.002081199178061821
3,UPFC_tsh,5-15,-0.23342688662212113,63,-0.22556986877005308,MAP_SCADA,109,0.007857017852068049
4,UPFC_Vse,5-15,0.05977947534148236,63,0.061639541583382286,MAP_SCADA,109,0.0018600662418999242
5,UPFC_tse,5-15,-2.1563252483151594,63,-2.1573456201497017,MAP_SCADA,109,0.0010203718345422885
0,x_tcsc,1-14,-0.11195724792908147,64,-0.1392478924651935,MAP_SCADA,109,0.027290644536112033
1,B_svc,2,0.18532267620046441,64,0.30020249469835686,MAP_SCADA,109,0.11487981849789244
2,UPFC_Vsh,5-15,1.1062982148266969,64,1.1049876864946313,MAP_SCADA,109,0.0013105283320655747
3,UPFC_tsh,5-15,-0.23231828006468574,64,-0.22556986877005308,MAP_SCADA,109,0.006748411294632661
4,UPFC_Vse,5-15,0.060691859349195215,64,0.061639541583382286,MAP_SCADA,109,0.0009476822341870708
5,UPFC_tse,5-15,-2.152693367047146,64,-2.1573456201497017,MAP_SCADA,109,0.004652253102555459
0,x_tcsc,1-14,-0.11295515105283893,65,-0.1392478924651935,MAP_SCADA,109,0.026292741412354576
1,B_svc,2,0.18060145943688566,65,0.30020249469835686,MAP_SCADA,109,0.1196010352614712
2,UPFC_Vsh,5-15,1.1078146006483933,65,1.1049876864946313,MAP_SCADA,109,0.002826914153762017
3,UPFC_tsh,5-15,-0.23209500185534337,65,-0.22556986877005308,MAP_SCADA,109,0.006525133085290291
4,UPFC_Vse,5-15,0.06005942127011483,65,0.061639541583382286,MAP_SCADA,109,0.001580120313267458
5,UPFC_tse,5-15,-2.152035993257443,65,-2.1573456201497017,MAP_SCADA,109,0.0053096268922585566
0,x_tcsc,1-14,-0.1105648668522165,66,-0.1392478924651935,MAP_SCADA,109,0.028683025612977003
1,B_svc,2,0.1904464047979305,66,0.30020249469835686,MAP_SCADA,109,0.10975608990042635
2,UPFC_Vsh,5-15,1.108306155074037,66,1.1049876864946313,MAP_SCADA,109,0.0033184685794056534
3,UPFC_tsh,5-15,-0.23257200768493028,66,-0.22556986877005308,MAP_SCADA,109,0.007002138914877193
4,UPFC_Vse,5-15,0.06025958607178324,66,0.061639541583382286,MAP_SCADA,109,0.001379955511599043
5,UPFC_tse,5-15,-2.1546439224482006,66,-2.1573456201497017,MAP_SCADA,109,0.0027016977015010823
0,x_tcsc,1-14,-0.11119767728780644,67,-0.1392478924651935,MAP_SCADA,109,0.028050215177387067
1,B_svc,2,0.18569084335624564,67,0.30020249469835686,MAP_SCADA,109,0.11451165134211122
2,UPFC_Vsh,5-15,1.106366563748709,67,1.1049876864946313,MAP_SCADA,109,0.001378877254077704
3,UPFC_tsh,5-15,-0.23386903030465617,67,-0.22556986877005308,MAP_SCADA,109,0.008299161534603083
4,UPFC_Vse,5-15,0.06056370946115216,67,0.061639541583382286,MAP_SCADA,109,0.0010758321222301276
5,UPFC_tse,5-15,-2.1571921085846038,67,-2.1573456201497017,MAP_SCADA,109,0.00015351156509790798
0,x_tcsc,1-14,-0.11483410186228073,68,-0.1392478924651935,MAP_SCADA,109,0.02441379060291278
1,B_svc,2,0.17781365828617798,68,0.30020249469835686,MAP_SCADA,109,0.12238883641217888
2,UPFC_Vsh,5-15,1.106598391691374,68,1.1049876864946313,MAP_SCADA,109,0.0016107051967426678
3,UPFC_tsh,5-15,-0.23154604520573963,68,-0.22556986877005308,MAP_SCADA,109,0.005976176435686542
4,UPFC_Vse,5-15,0.06029084534704604,68,0.061639541583382286,MAP_SCADA,109,0.0013486962363362456
5,UPFC_tse,5-15,-2.154853142467964,68,-2.1573456201497017,MAP_SCADA,109,0.0024924776817378813
0,x_tcsc,1-14,-0.11173747291563595,69,-0.1392478924651935,MAP_SCADA,109,0.02751041954955756
1,B_svc,2,0.18495146124073875,69,0.30020249469835686,MAP_SCADA,109,0.11525103345761811
2,UPFC_Vsh,5-15,1.1072218108273122,69,1.1049876864946313,MAP_SCADA,109,0.002234124332680887
3,UPFC_tsh,5-15,-0.23243266776604807,69,-0.22556986877005308,MAP_SCADA,109,0.006862798995994984
4,UPFC_Vse,5-15,0.05983529988183588,69,0.061639541583382286,MAP_SCADA,109,0.0018042417015464093
5,UPFC_tse,5-15,-2.162200479914194,69,-2.1573456201497017,MAP_SCADA,109,0.004854859764492403
0,x_tcsc,1-14,-0.11161295954054895,70,-0.1392478924651935,MAP_SCADA,109,0.027634932924644556
1,B_svc,2,0.18626377458114451,70,0.30020249469835686,MAP_SCADA,109,0.11393872011721234
2,UPFC_Vsh,5-15,1.1076076388806437,70,1.1049876864946313,MAP_SCADA,109,0.002619952386012425
3,UPFC_tsh,5-15,-0.23241563686137293,70,-0.22556986877005308,MAP_SCADA,109,0.006845768091319843
4,UPFC_Vse,5-15,0.0600901778234442,70,0.061639541583382286,MAP_SCADA,109,0.0015493637599380827
5,UPFC_tse,5-15,-2.159739654223675,70,-2.1573456201497017,MAP_SCADA,109,0.0023940340739732058
0,x_tcsc,1-14,-0.11023236043321037,71,-0.1392478924651935,MAP_SCADA,109,0.029015532031983135
1,B_svc,2,0.18490639389636032,71,0.30020249469835686,MAP_SCADA,109,0.11529610080199654
2,UPFC_Vsh,5-15,1.1080515269839228,71,1.1049876864946313,MAP_SCADA,109,0.003063840489291536
3,UPFC_tsh,5-15,-0.23367155568450076,71,-0.22556986877005308,MAP_SCADA,109,0.008101686914447681
4,UPFC_Vse,5-15,0.05956459850884551,71,0.061639541583382286,MAP_SCADA,109,0.0020749430745367753
5,UPFC_tse,5-15,-2.1603199827972,71,-2.1573456201497017,MAP_SCADA,109,0.0029743626474982854
0,x_tcsc,1-14,-0.11481364685907605,72,-0.1392478924651935,MAP_SCADA,109,0.024434245606117455
1,B_svc,2,0.1740477843073324,72,0.30020249469835686,MAP_SCADA,109,0.12615471039102447
2,UPFC_Vsh,5-15,1.1093478133268266,72,1.1049876864946313,MAP_SCADA,109,0.004360126832195332
3,UPFC_tsh,5-15,-0.23031014743099787,72,-0.22556986877005308,MAP_SCADA,109,0.0047402786609447856
4,UPFC_Vse,5-15,0.060376298368476404,72,0.061639541583382286,MAP_SCADA,109,0.001263243214905882
5,UPFC_tse,5-15,-2.152526010071022,72,-2.1573456201497017,MAP_SCADA,109,0.0048196100786794815
0,x_tcsc,1-14,-0.11119939553174198,73,-0.1392478924651935,MAP_SCADA,109,0.02804849693345153
1,B_svc,2,0.18238211869777293,73,0.30020249469835686,MAP_SCADA,109,0.11782037600058393
2,UPFC_Vsh,5-15,1.1078410496521713,73,1.1049876864946313,MAP_SCADA,109,0.0028533631575400342
3,UPFC_tsh,5-15,-0.23244182663890925,73,-0.22556986877005308,MAP_SCADA,109,0.0068719578688561656
4,UPFC_Vse,5-15,0.060123430715658725,73,0.061639541583382286,MAP_SCADA,109,0.0015161108677235607
5,UPFC_tse,5-15,-2.154635166458868,73,-2.1573456201497017,MAP_SCADA,109,0.0027104536908337806
0,x_tcsc,1-14,-0.11245131488496514,74,-0.1392478924651935,MAP_SCADA,109,0.026796577580228367
1,B_svc,2,0.18306689732739356,74,0.30020249469835686,MAP_SCADA,109,0.1171355973709633
2,UPFC_Vsh,5-15,1.1060877669311164,74,1.1049876864946313,MAP_SCADA,109,0.001100080436485129
3,UPFC_tsh,5-15,-0.23225569221922024,74,-0.22556986877005308,MAP_SCADA,109,0.006685823449167155
4,UPFC_Vse,5-15,0.06060816821702223,74,0.061639541583382286,MAP_SCADA,109,0.0010313733663600555
5,UPFC_tse,5-15,-2.1530639197953803,74,-2.1573456201497017,MAP_SCADA,109,0.004281700354321405
0,x_tcsc,1-14,-0.11266851956063793,75,-0.1392478924651935,MAP_SCADA,109,0.026579372904555573
1,B_svc,2,0.17942389982839835,75,0.30020249469835686,MAP_SCADA,109,0.12077859486995851
2,UPFC_Vsh,5-15,1.1060512896544898,75,1.1049876864946313,MAP_SCADA,109,0.0010636031598585394
3,UPFC_tsh,5-15,-0.2321833929982741,75,-0.22556986877005308,MAP_SCADA,109,0.006613524228221007
4,UPFC_Vse,5-15,0.0603953238342974,75,0.061639541583382286,MAP_SCADA,109,0.0012442177490848833
5,UPFC_tse,5-15,-2.156912981216897,75,-2.1573456201497017,MAP_SCADA,109,0.0004326389328048741
0,x_tcsc,1-14,-0.11320542384235198,76,-0.1392478924651935,MAP_SCADA,109,0.026042468622841528
1,B_svc,2,0.17986454173726527,76,0.30020249469835686,MAP_SCADA,109,0.1203379529610916
2,UPFC_Vsh,5-15,1.107140576441596,76,1.1049876864946313,MAP_SCADA,109,0.00215288994696472
3,UPFC_tsh,5-15,-0.2321309439923157,76,-0.22556986877005308,MAP_SCADA,109,0.0065610752222626245
4,UPFC_Vse,5-15,0.06060513321190883,76,0.061639541583382286,MAP_SCADA,109,0.0010344083714734567
5,UPFC_tse,5-15,-2.154545901987454,76,-2.1573456201497017,MAP_SCADA,109,0.0027997181622474443
0,x_tcsc,1-14,-0.11027983805247656,77,-0.1392478924651935,MAP_SCADA,109,0.02896805441271695
1,B_svc,2,0.19039840003568215,77,0.30020249469835686,MAP_SCADA,109,0.10980409466267471
2,UPFC_Vsh,5-15,1.1060914983424281,77,1.1049876864946313,MAP_SCADA,109,0.0011038118477968428
3,UPFC_tsh,5-15,-0.23354511247093693,77,-0.22556986877005308,MAP_SCADA,109,0.007975243700883844
4,UPFC_Vse,5-15,0.06064689698951932,77,0.061639541583382286,MAP_SCADA,109,0.0009926445938629666
5,UPFC_tse,5-15,-2.163946771282591,77,-2.1573456201497017,MAP_SCADA,109,0.0066011511328891714
0,x_tcsc,1-14,-0.11238909219532701,78,-0.1392478924651935,MAP_SCADA,109,0.026858800269866492
1,B_svc,2,0.18583281855938802,78,0.30020249469835686,MAP_SCADA,109,0.11436967613896884
2,UPFC_Vsh,5-15,1.1047114060882188,78,1.1049876864946313,MAP_SCADA,109,0.00027628040641247686
3,UPFC_tsh,5-15,-0.23331161314458537,78,-0.22556986877005308,MAP_SCADA,109,0.007741744374532289
4,UPFC_Vse,5-15,0.060731876001881645,78,0.061639541583382286,MAP_SCADA,109,0.0009076655815006412
5,UPFC_tse,5-15,-2.1574975209251144,78,-2.1573456201497017,MAP_SCADA,109,0.00015190077541271663
0,x_tcsc,1-14,-0.11227674867262306,79,-0.1392478924651935,MAP_SCADA,109,0.026971143792570443
1,B_svc,2,0.17798850759682364,79,0.30020249469835686,MAP_SCADA,109,0.12221398710153322
2,UPFC_Vsh,5-15,1.1091646776389321,79,1.1049876864946313,MAP_SCADA,109,0.004176991144300812
3,UPFC_tsh,5-15,-0.2318079257618266,79,-0.22556986877005308,MAP_SCADA,109,0.006238056991773516
4,UPFC_Vse,5-15,0.0602518094619551,79,0.061639541583382286,MAP_SCADA,109,0.0013877321214271834
5,UPFC_tse,5-15,-2.1581915717638798,79,-2.1573456201497017,MAP_SCADA,109,0.0008459516141781087
0,x_tcsc,1-14,-0.1103069614975914,80,-0.1392478924651935,MAP_SCADA,109,0.028940930967602113
1,B_svc,2,0.1855188842432045,80,0.30020249469835686,MAP_SCADA,109,0.11468361045515235
2,UPFC_Vsh,5-15,1.1082246409705168,80,1.1049876864946313,MAP_SCADA,109,0.0032369544758854563
3,UPFC_tsh,5-15,-0.23237219805571732,80,-0.22556986877005308,MAP_SCADA,109,0.006802329285664238
4,UPFC_Vse,5-15,0.06017729077889988,80,0.061639541583382286,MAP_SCADA,109,0.0014622508044824026
5,UPFC_tse,5-15,-2.1579965052878802,80,-2.1573456201497017,MAP_SCADA,109,0.0006508851381785696
0,x_tcsc,1-14,-0.11484420222689054,81,-0.1392478924651935,MAP_SCADA,109,0.024403690238302966
1,B_svc,2,0.17324317502602474,81,0.30020249469835686,MAP_SCADA,109,0.12695931967233212
2,UPFC_Vsh,5-15,1.107767203557404,81,1.1049876864946313,MAP_SCADA,109,0.002779517062772685
3,UPFC_tsh,5-15,-0.23072723953847235,81,-0.22556986877005308,MAP_SCADA,109,0.005157370768419267
4,UPFC_Vse,5-15,0.060976563935023265,81,0.061639541583382286,MAP_SCADA,109,0.0006629776483590213
5,UPFC_tse,5-15,-2.149647198018337,81,-2.1573456201497017,MAP_SCADA,109,0.007698422131364513
0,x_tcsc,1-14,-0.11180805607061052,82,-0.1392478924651935,MAP_SCADA,109,0.027439836394582987
1,B_svc,2,0.18178182354392003,82,0.30020249469835686,MAP_SCADA,109,0.11842067115443683
2,UPFC_Vsh,5-15,1.1089313718683742,82,1.1049876864946313,MAP_SCADA,109,0.0039436853737429
3,UPFC_tsh,5-15,-0.2325040165114551,82,-0.22556986877005308,MAP_SCADA,109,0.006934147741402025
4,UPFC_Vse,5-15,0.059750170374855985,82,0.061639541583382286,MAP_SCADA,109,0.0018893712085263012
5,UPFC_tse,5-15,-2.157267769739594,82,-2.1573456201497017,MAP_SCADA,109,7.78504101077715e-05
0,x_tcsc,1-14,-0.11196594835243269,83,-0.1392478924651935,MAP_SCADA,109,0.027281944112760817
1,B_svc,2,0.18358007288343284,83,0.30020249469835686,MAP_SCADA,109,0.11662242181492402
2,UPFC_Vsh,5-15,1.1066161622964277,83,1.1049876864946313,MAP_SCADA,109,0.0016284758017963696
3,UPFC_tsh,5-15,-0.2338622644581635,83,-0.22556986877005308,MAP_SCADA,109,0.00829239568811041
4,UPFC_Vse,5-15,0.060341497574501454,83,0.061639541583382286,MAP_SCADA,109,0.0012980440088808318
5,UPFC_tse,5-15,-2.1576262979870653,83,-2.1573456201497017,MAP_SCADA,109,0.00028067783736362983
0,x_tcsc,1-14,-0.11242372645679247,84,-0.1392478924651935,MAP_SCADA,109,0.02682416600840104
1,B_svc,2,0.181063038342786,84,0.30020249469835686,MAP_SCADA,109,0.11913945635557086
2,UPFC_Vsh,5-15,1.1081734188444792,84,1.1049876864946313,MAP_SCADA,109,0.0031857323498478696
3,UPFC_tsh,5-15,-0.23205042242021406,84,-0.22556986877005308,MAP_SCADA,109,0.006480553650160981
4,UPFC_Vse,5-15,0.060297588621276065,84,0.061639541583382286,MAP_SCADA,109,0.0013419529621062215
5,UPFC_tse,5-15,-2.1552974337286637,84,-2.1573456201497017,MAP_SCADA,109,0.0020481864210379896
0,x_tcsc,1-14,-0.11184343666634057,85,-0.1392478924651935,MAP_SCADA,109,0.027404455798852936
1,B_svc,2,0.18561959631485753,85,0.30020249469835686,MAP_SCADA,109,0.11458289838349933
2,UPFC_Vsh,5-15,1.1067012175816726,85,1.1049876864946313,MAP_SCADA,109,0.001713531087041309
3,UPFC_tsh,5-15,-0.23200039920807386,85,-0.22556986877005308,MAP_SCADA,109,0.006430530438020776
4,UPFC_Vse,5-15,0.060508485515277884,85,0.061639541583382286,MAP_SCADA,109,0.0011310560681044024
5,UPFC_tse,5-15,-2.156137188259973,85,-2.1573456201497017,MAP_SCADA,109,0.0012084318897285229
0,x_tcsc,1-14,-0.11364135301624523,86,-0.1392478924651935,MAP_SCADA,109,0.02560653944894828
1,B_svc,2,0.1821219783944858,86,0.30020249469835686,MAP_SCADA,109,0.11808051630387106
2,UPFC_Vsh,5-15,1.107820798130156,86,1.1049876864946313,MAP_SCADA,109,0.0028331116355246877
3,UPFC_tsh,5-15,-0.2322128959487655,86,-0.22556986877005308,MAP_SCADA,109,0.0066430271787124295
4,UPFC_Vse,5-15,0.060660300434416836,86,0.061639541583382286,MAP_SCADA,109,0.0009792411489654498
5,UPFC_tse,5-15,-2.1513489737161597,86,-2.1573456201497017,MAP_SCADA,109,0.005996646433541919
0,x_tcsc,1-14,-0.11243275414694069,87,-0.1392478924651935,MAP_SCADA,109,0.026815138318252815
1,B_svc,2,0.18119025313673967,87,0.30020249469835686,MAP_SCADA,109,0.11901224156161719
2,UPFC_Vsh,5-15,1.1088940270782162,87,1.1049876864946313,MAP_SCADA,109,0.003906340583584855
3,UPFC_tsh,5-15,-0.2316124266592611,87,-0.22556986877005308,MAP_SCADA,109,0.006042557889208017
4,UPFC_Vse,5-15,0.060193264965839675,87,0.061639541583382286,MAP_SCADA,109,0.0014462766175426106
5,UPFC_tse,5-15,-2.1547446105680494,87,-2.1573456201497017,MAP_SCADA,109,0.002601009581652214
0,x_tcsc,1-14,-0.1117050885844963,88,-0.1392478924651935,MAP_SCADA,109,0.0275428038806972
1,B_svc,2,0.18225177768878625,88,0.30020249469835686,MAP_SCADA,109,0.1179507170095706
2,UPFC_Vsh,5-15,1.1091187232902788,88,1.1049876864946313,MAP_SCADA,109,0.004131036795647525
3,UPFC_tsh,5-15,-0.23202232715977783,88,-0.22556986877005308,MAP_SCADA,109,0.006452458389724747
4,UPFC_Vse,5-15,0.060376671714547456,88,0.061639541583382286,MAP_SCADA,109,0.0012628698688348303
5,UPFC_tse,5-15,-2.162073760045472,88,-2.1573456201497017,MAP_SCADA,109,0.004728139895770145
0,x_tcsc,1-14,-0.11379815943239346,89,-0.1392478924651935,MAP_SCADA,109,0.025449733032800043
1,B_svc,2,0.1805462804774064,89,0.30020249469835686,MAP_SCADA,109,0.11965621422095046
2,UPFC_Vsh,5-15,1.1080653754934764,89,1.1049876864946313,MAP_SCADA,109,0.003077688998845085
3,UPFC_tsh,5-15,-0.2315678341219605,89,-0.22556986877005308,MAP_SCADA,109,0.005997965351907414
4,UPFC_Vse,5-15,0.060031095941406064,89,0.061639541583382286,MAP_SCADA,109,0.0016084456419762222
5,UPFC_tse,5-15,-2.159275756025949,89,-2.1573456201497017,MAP_SCADA,109,0.001930135876247352
0,x_tcsc,1-14,-0.11269324663045342,90,-0.1392478924651935,MAP_SCADA,109,0.026554645834740084
1,B_svc,2,0.1821197549092243,90,0.30020249469835686,MAP_SCADA,109,0.11808273978913256
2,UPFC_Vsh,5-15,1.1062962965124052,90,1.1049876864946313,MAP_SCADA,109,0.0013086100177739368
3,UPFC_tsh,5-15,-0.23417220359261745,90,-0.22556986877005308,MAP_SCADA,109,0.008602334822564367
4,UPFC_Vse,5-15,0.060051107680717156,90,0.061639541583382286,MAP_SCADA,109,0.0015884339026651303
5,UPFC_tse,5-15,-2.157194858291217,90,-2.1573456201497017,MAP_SCADA,109,0.00015076185848483803
0,x_tcsc,1-14,-0.11164315453934559,91,-0.1392478924651935,MAP_SCADA,109,0.027604737925847916
1,B_svc,2,0.18654973269484112,91,0.30020249469835686,MAP_SCADA,109,0.11365276200351573
2,UPFC_Vsh,5-15,1.1068988496328513,91,1.1049876864946313,MAP_SCADA,109,0.00191116313822004
3,UPFC_tsh,5-15,-0.23361650316009025,91,-0.22556986877005308,MAP_SCADA,109,0.008046634390037166
4,UPFC_Vse,5-15,0.060603644534026314,91,0.061639541583382286,MAP_SCADA,109,0.0010358970493559716
5,UPFC_tse,5-15,-2.1555270160668036,91,-2.1573456201497017,MAP_SCADA,109,0.0018186040828980232
0,x_tcsc,1-14,-0.11320362379910998,92,-0.1392478924651935,MAP_SCADA,109,0.02604426866608353
1,B_svc,2,0.1817882088694763,92,0.30020249469835686,MAP_SCADA,109,0.11841428582888056
2,UPFC_Vsh,5-15,1.1076439408886294,92,1.1049876864946313,MAP_SCADA,109,0.002656254393998081
3,UPFC_tsh,5-15,-0.23202215347050792,92,-0.22556986877005308,MAP_SCADA,109,0.006452284700454836
4,UPFC_Vse,5-15,0.06037604036313058,92,0.061639541583382286,MAP_SCADA,109,0.001263501220251706
5,UPFC_tse,5-15,-2.158383119696829,92,-2.1573456201497017,MAP_SCADA,109,0.0010374995471273962
0,x_tcsc,1-14,-0.10898873491513596,93,-0.1392478924651935,MAP_SCADA,109,0.03025915755005755
1,B_svc,2,0.19068847968051864,93,0.30020249469835686,MAP_SCADA,109,0.10951401501783822
2,UPFC_Vsh,5-15,1.1066670030248402,93,1.1049876864946313,MAP_SCADA,109,0.0016793165302089186
3,UPFC_tsh,5-15,-0.23438533687847693,93,-0.22556986877005308,MAP_SCADA,109,0.008815468108423846
4,UPFC_Vse,5-15,0.06075473700274517,93,0.061639541583382286,MAP_SCADA,109,0.0008848045806371177
5,UPFC_tse,5-15,-2.1592122319698612,93,-2.1573456201497017,MAP_SCADA,109,0.0018666118201595694
0,x_tcsc,1-14,-0.11178711151202753,94,-0.1392478924651935,MAP_SCADA,109,0.02746078095316598
1,B_svc,2,0.1862241898982063,94,0.30020249469835686,MAP_SCADA,109,0.11397830480015056
2,UPFC_Vsh,5-15,1.1073746068132924,94,1.1049876864946313,MAP_SCADA,109,0.0023869203186610566
3,UPFC_tsh,5-15,-0.23271118962076062,94,-0.22556986877005308,MAP_SCADA,109,0.007141320850707539
4,UPFC_Vse,5-15,0.05974367351699315,94,0.061639541583382286,MAP_SCADA,109,0.0018958680663891392
5,UPFC_tse,5-15,-2.1591837303616974,94,-2.1573456201497017,MAP_SCADA,109,0.0018381102119957582
0,x_tcsc,1-14,-0.11281811211419954,95,-0.1392478924651935,MAP_SCADA,109,0.02642978035099397
1,B_svc,2,0.1798423535605849,95,0.30020249469835686,MAP_SCADA,109,0.12036014113777196
2,UPFC_Vsh,5-15,1.1107640975000732,95,1.1049876864946313,MAP_SCADA,109,0.005776411005441906
3,UPFC_tsh,5-15,-0.23130359362426886,95,-0.22556986877005308,MAP_SCADA,109,0.005733724854215777
4,UPFC_Vse,5-15,0.060407635714608096,95,0.061639541583382286,MAP_SCADA,109,0.00123190586877419
5,UPFC_tse,5-15,-2.15105994964005,95,-2.1573456201497017,MAP_SCADA,109,0.006285670509651453
0,x_tcsc,1-14,-0.11195570137059803,96,-0.1392478924651935,MAP_SCADA,109,0.027292191094595478
1,B_svc,2,0.18764742666765016,96,0.30020249469835686,MAP_SCADA,109,0.1125550680307067
2,UPFC_Vsh,5-15,1.109255661757014,96,1.1049876864946313,MAP_SCADA,109,0.004267975262382651
3,UPFC_tsh,5-15,-0.23200538249675867,96,-0.22556986877005308,MAP_SCADA,109,0.006435513726705588
4,UPFC_Vse,5-15,0.06062835131201776,96,0.061639541583382286,MAP_SCADA,109,0.0010111902713645232
5,UPFC_tse,5-15,-2.1573787027016547,96,-2.1573456201497017,MAP_SCADA,109,3.3082551953000916e-05
0,x_tcsc,1-14,-0.11174140659467031,97,-0.1392478924651935,MAP_SCADA,109,0.027506485870523192
1,B_svc,2,0.18426488750022654,97,0.30020249469835686,MAP_SCADA,109,0.11593760719813032
2,UPFC_Vsh,5-15,1.108756821574409,97,1.1049876864946313,MAP_SCADA,109,0.003769135079777719
3,UPFC_tsh,5-15,-0.23306784874770028,97,-0.22556986877005308,MAP_SCADA,109,0.007497979977647201
4,UPFC_Vse,5-15,0.059787575256518455,97,0.061639541583382286,MAP_SCADA,109,0.0018519663268638312
5,UPFC_tse,5-15,-2.1580555421623253,97,-2.1573456201497017,MAP_SCADA,109,0.0007099220126236538
0,x_tcsc,1-14,-0.11246565688486991,98,-0.1392478924651935,MAP_SCADA,109,0.026782235580323596
1,B_svc,2,0.18285318023999722,98,0.30020249469835686,MAP_SCADA,109,0.11734931445835964
2,UPFC_Vsh,5-15,1.109484306840395,98,1.1049876864946313,MAP_SCADA,109,0.004496620345763702
3,UPFC_tsh,5-15,-0.23208286556886998,98,-0.22556986877005308,MAP_SCADA,109,0.006512996798816895
4,UPFC_Vse,5-15,0.0605315567883521,98,0.061639541583382286,MAP_SCADA,109,0.0011079847950301869
5,UPFC_tse,5-15,-2.1553071214667407,98,-2.1573456201497017,MAP_SCADA,109,0.0020384986829609097
0,x_tcsc,1-14,-0.1137018084065269,99,-0.1392478924651935,MAP_SCADA,109,0.02554608405866661
1,B_svc,2,0.17857495229728937,99,0.30020249469835686,MAP_SCADA,109,0.12162754240106749
2,UPFC_Vsh,5-15,1.1088238971653452,99,1.1049876864946313,MAP_SCADA,109,0.0038362106707139354
3,UPFC_tsh,5-15,-0.23186387590410268,99,-0.22556986877005308,MAP_SCADA,109,0.006294007134049595
4,UPFC_Vse,5-15,0.06031676127760777,99,0.061639541583382286,MAP_SCADA,109,0.0013227803057745194
5,UPFC_tse,5-15,-2.153187140622384,99,-2.1573456201497017,MAP_SCADA,109,0.004158479527317738
0,x_tcsc,1-14,-0.1089531511781327,0,-0.13958563120612696,MAP_SCADA,111,0.030632480027994263
1,B_svc,2,0.1897935387956435,0,0.30203519384382976,MAP_SCADA,111,0.11224165504818626
2,UPFC_Vsh,5-15,1.1087431100620921,0,1.1053100449312332,MAP_SCADA,111,0.0034330651308589477
3,UPFC_tsh,5-15,-0.23330975381613128,0,-0.2256470553684916,MAP_SCADA,111,0.007662698447639671
4,UPFC_Vse,5-15,0.059910786553985726,0,0.06071664889130474,MAP_SCADA,111,0.0008058623373190174
5,UPFC_tse,5-15,-2.1617541252362744,0,-2.1499013915528056,MAP_SCADA,111,0.011852733683468841
0,x_tcsc,1-14,-0.111586134031699,1,-0.13958563120612696,MAP_SCADA,111,0.02799949717442797
1,B_svc,2,0.18277825912481013,1,0.30203519384382976,MAP_SCADA,111,0.11925693471901963
2,UPFC_Vsh,5-15,1.1082234287991541,1,1.1053100449312332,MAP_SCADA,111,0.002913383867920949
3,UPFC_tsh,5-15,-0.23190643054264615,1,-0.2256470553684916,MAP_SCADA,111,0.006259375174154536
4,UPFC_Vse,5-15,0.06059477305551764,1,0.06071664889130474,MAP_SCADA,111,0.00012187583578710665
5,UPFC_tse,5-15,-2.1540585190564276,1,-2.1499013915528056,MAP_SCADA,111,0.004157127503622071
0,x_tcsc,1-14,-0.11211395804478234,2,-0.13958563120612696,MAP_SCADA,111,0.02747167316134462
1,B_svc,2,0.1868625727668949,2,0.30203519384382976,MAP_SCADA,111,0.11517262107693485
2,UPFC_Vsh,5-15,1.1067411309471762,2,1.1053100449312332,MAP_SCADA,111,0.001431086015942995
3,UPFC_tsh,5-15,-0.2331739941656229,2,-0.2256470553684916,MAP_SCADA,111,0.0075269387971312884
4,UPFC_Vse,5-15,0.0609363740875178,2,0.06071664889130474,MAP_SCADA,111,0.0002197251962130567
5,UPFC_tse,5-15,-2.152871154024673,2,-2.1499013915528056,MAP_SCADA,111,0.002969762471867643
0,x_tcsc,1-14,-0.11285742257812492,3,-0.13958563120612696,MAP_SCADA,111,0.026728208628002043
1,B_svc,2,0.18539429171333982,3,0.30203519384382976,MAP_SCADA,111,0.11664090213048994
2,UPFC_Vsh,5-15,1.1081386969229026,3,1.1053100449312332,MAP_SCADA,111,0.002828651991669373
3,UPFC_tsh,5-15,-0.2324863078339946,3,-0.2256470553684916,MAP_SCADA,111,0.006839252465502987
4,UPFC_Vse,5-15,0.06048900561970597,3,0.06071664889130474,MAP_SCADA,111,0.00022764327159877085
5,UPFC_tse,5-15,-2.1551872012743307,3,-2.1499013915528056,MAP_SCADA,111,0.005285809721525148
0,x_tcsc,1-14,-0.11231476988244248,4,-0.13958563120612696,MAP_SCADA,111,0.02727086132368449
1,B_svc,2,0.18572521980578321,4,0.30203519384382976,MAP_SCADA,111,0.11630997403804655
2,UPFC_Vsh,5-15,1.1056512600233495,4,1.1053100449312332,MAP_SCADA,111,0.0003412150921162649
3,UPFC_tsh,5-15,-0.2338904834461942,4,-0.2256470553684916,MAP_SCADA,111,0.008243428077702591
4,UPFC_Vse,5-15,0.060121854908355796,4,0.06071664889130474,MAP_SCADA,111,0.0005947939829489476
5,UPFC_tse,5-15,-2.1592578402365357,4,-2.1499013915528056,MAP_SCADA,111,0.00935644868373009
0,x_tcsc,1-14,-0.11178525041785418,5,-0.13958563120612696,MAP_SCADA,111,0.02780038078827278
1,B_svc,2,0.18343692280570392,5,0.30203519384382976,MAP_SCADA,111,0.11859827103812584
2,UPFC_Vsh,5-15,1.109880077816995,5,1.1053100449312332,MAP_SCADA,111,0.004570032885761854
3,UPFC_tsh,5-15,-0.2309144059831098,5,-0.2256470553684916,MAP_SCADA,111,0.005267350614618194
4,UPFC_Vse,5-15,0.0603194722178149,5,0.06071664889130474,MAP_SCADA,111,0.0003971766734898463
5,UPFC_tse,5-15,-2.155318859766885,5,-2.1499013915528056,MAP_SCADA,111,0.005417468214079513
0,x_tcsc,1-14,-0.11333459791028293,6,-0.13958563120612696,MAP_SCADA,111,0.026251033295844037
1,B_svc,2,0.18041966252582461,6,0.30203519384382976,MAP_SCADA,111,0.12161553131800515
2,UPFC_Vsh,5-15,1.1072648590523495,6,1.1053100449312332,MAP_SCADA,111,0.0019548141211163106
3,UPFC_tsh,5-15,-0.23253037627372858,6,-0.2256470553684916,MAP_SCADA,111,0.006883320905236967
4,UPFC_Vse,5-15,0.0600837156301815,6,0.06071664889130474,MAP_SCADA,111,0.0006329332611232433
5,UPFC_tse,5-15,-2.1559922176239676,6,-2.1499013915528056,MAP_SCADA,111,0.00609082607116207
0,x_tcsc,1-14,-0.11436276256544746,7,-0.13958563120612696,MAP_SCADA,111,0.025222868640679505
1,B_svc,2,0.17578589143797024,7,0.30203519384382976,MAP_SCADA,111,0.12624930240585952
2,UPFC_Vsh,5-15,1.1090257321918613,7,1.1053100449312332,MAP_SCADA,111,0.0037156872606280977
3,UPFC_tsh,5-15,-0.230752004160547,7,-0.2256470553684916,MAP_SCADA,111,0.0051049487920553915
4,UPFC_Vse,5-15,0.06009782334247497,7,0.06071664889130474,MAP_SCADA,111,0.0006188255488297767
5,UPFC_tse,5-15,-2.1532896030355704,7,-2.1499013915528056,MAP_SCADA,111,0.0033882114827648024
0,x_tcsc,1-14,-0.11346472153441553,8,-0.13958563120612696,MAP_SCADA,111,0.026120909671711434
1,B_svc,2,0.18048286210943015,8,0.30203519384382976,MAP_SCADA,111,0.12155233173439961
2,UPFC_Vsh,5-15,1.108480483695338,8,1.1053100449312332,MAP_SCADA,111,0.0031704387641047216
3,UPFC_tsh,5-15,-0.23109403596665595,8,-0.2256470553684916,MAP_SCADA,111,0.0054469805981643415
4,UPFC_Vse,5-15,0.05989475052534988,8,0.06071664889130474,MAP_SCADA,111,0.0008218983659548651
5,UPFC_tse,5-15,-2.153008952867411,8,-2.1499013915528056,MAP_SCADA,111,0.0031075613146054337
0,x_tcsc,1-14,-0.11177440719091994,9,-0.13958563120612696,MAP_SCADA,111,0.027811224015207026
1,B_svc,2,0.18671012434317674,9,0.30203519384382976,MAP_SCADA,111,0.11532506950065302
2,UPFC_Vsh,5-15,1.1037795807258335,9,1.1053100449312332,MAP_SCADA,111,0.0015304642053997064
3,UPFC_tsh,5-15,-0.23448940288511175,9,-0.2256470553684916,MAP_SCADA,111,0.008842347516620136
4,UPFC_Vse,5-15,0.06104008593960212,9,0.06071664889130474,MAP_SCADA,111,0.00032343704829737585
5,UPFC_tse,5-15,-2.1543496412886083,9,-2.1499013915528056,MAP_SCADA,111,0.004448249735802712
0,x_tcsc,1-14,-0.11194494997492009,10,-0.13958563120612696,MAP_SCADA,111,0.027640681231206873
1,B_svc,2,0.18561780207658218,10,0.30203519384382976,MAP_SCADA,111,0.11641739176724758
2,UPFC_Vsh,5-15,1.1077955580647714,10,1.1053100449312332,MAP_SCADA,111,0.0024855131335381753
3,UPFC_tsh,5-15,-0.23357350457639295,10,-0.2256470553684916,MAP_SCADA,111,0.007926449207901337
4,UPFC_Vse,5-15,0.06104911978819504,10,0.06071664889130474,MAP_SCADA,111,0.0003324708968902995
5,UPFC_tse,5-15,-2.1542087215643924,10,-2.1499013915528056,MAP_SCADA,111,0.004307330011586785
0,x_tcsc,1-14,-0.11144691933862402,11,-0.13958563120612696,MAP_SCADA,111,0.02813871186750294
1,B_svc,2,0.18733135995158337,11,0.30203519384382976,MAP_SCADA,111,0.11470383389224639
2,UPFC_Vsh,5-15,1.106233756598256,11,1.1053100449312332,MAP_SCADA,111,0.0009237116670228751
3,UPFC_tsh,5-15,-0.23400144609007603,11,-0.2256470553684916,MAP_SCADA,111,0.00835439072158442
4,UPFC_Vse,5-15,0.06022611964382545,11,0.06071664889130474,MAP_SCADA,111,0.0004905292474792905
5,UPFC_tse,5-15,-2.15561983957537,11,-2.1499013915528056,MAP_SCADA,111,0.005718448022564271
0,x_tcsc,1-14,-0.11335974657529489,12,-0.13958563120612696,MAP_SCADA,111,0.026225884630832072
1,B_svc,2,0.18052980160149132,12,0.30203519384382976,MAP_SCADA,111,0.12150539224233844
2,UPFC_Vsh,5-15,1.1072101395226248,12,1.1053100449312332,MAP_SCADA,111,0.0019000945913916212
3,UPFC_tsh,5-15,-0.23235149981375186,12,-0.2256470553684916,MAP_SCADA,111,0.006704444445260249
4,UPFC_Vse,5-15,0.06105168575186966,12,0.06071664889130474,MAP_SCADA,111,0.00033503686056491483
5,UPFC_tse,5-15,-2.1503334819797124,12,-2.1499013915528056,MAP_SCADA,111,0.0004320904269068393
0,x_tcsc,1-14,-0.11211623931164033,13,-0.13958563120612696,MAP_SCADA,111,0.027469391894486633
1,B_svc,2,0.18705823005723368,13,0.30203519384382976,MAP_SCADA,111,0.11497696378659608
2,UPFC_Vsh,5-15,1.1059065780904005,13,1.1053100449312332,MAP_SCADA,111,0.0005965331591673007
3,UPFC_tsh,5-15,-0.23398759186968957,13,-0.2256470553684916,MAP_SCADA,111,0.008340536501197954
4,UPFC_Vse,5-15,0.06032973274826177,13,0.06071664889130474,MAP_SCADA,111,0.00038691614304297434
5,UPFC_tse,5-15,-2.1569813122485124,13,-2.1499013915528056,MAP_SCADA,111,0.007079920695706843
0,x_tcsc,1-14,-0.1137714289763915,14,-0.13958563120612696,MAP_SCADA,111,0.02581420222973546
1,B_svc,2,0.1830696590076973,14,0.30203519384382976,MAP_SCADA,111,0.11896553483613245
2,UPFC_Vsh,5-15,1.1082720687885226,14,1.1053100449312332,MAP_SCADA,111,0.0029620238572893864
3,UPFC_tsh,5-15,-0.23205392329338764,14,-0.2256470553684916,MAP_SCADA,111,0.006406867924896031
4,UPFC_Vse,5-15,0.060411104500337556,14,0.06071664889130474,MAP_SCADA,111,0.00030554439096718705
5,UPFC_tse,5-15,-2.1558802644963175,14,-2.1499013915528056,MAP_SCADA,111,0.005978872943511959
0,x_tcsc,1-14,-0.11331493961116607,15,-0.13958563120612696,MAP_SCADA,111,0.0262706915949609
1,B_svc,2,0.1800813984044449,15,0.30203519384382976,MAP_SCADA,111,0.12195379543938487
2,UPFC_Vsh,5-15,1.107314408698073,15,1.1053100449312332,MAP_SCADA,111,0.0020043637668398784
3,UPFC_tsh,5-15,-0.23205643090968373,15,-0.2256470553684916,MAP_SCADA,111,0.006409375541192114
4,UPFC_Vse,5-15,0.059873090964751116,15,0.06071664889130474,MAP_SCADA,111,0.0008435579265536272
5,UPFC_tse,5-15,-2.155007128440672,15,-2.1499013915528056,MAP_SCADA,111,0.005105736887866641
0,x_tcsc,1-14,-0.1122306884762184,16,-0.13958563120612696,MAP_SCADA,111,0.02735494272990857
1,B_svc,2,0.18775249902392893,16,0.30203519384382976,MAP_SCADA,111,0.11428269481990083
2,UPFC_Vsh,5-15,1.1049647892610377,16,1.1053100449312332,MAP_SCADA,111,0.00034525567019549896
3,UPFC_tsh,5-15,-0.2330079098466535,16,-0.2256470553684916,MAP_SCADA,111,0.007360854478161899
4,UPFC_Vse,5-15,0.06113724250918414,16,0.06071664889130474,MAP_SCADA,111,0.0004205936178793973
5,UPFC_tse,5-15,-2.157423881875138,16,-2.1499013915528056,MAP_SCADA,111,0.00752249032233232
0,x_tcsc,1-14,-0.11263036020353481,17,-0.13958563120612696,MAP_SCADA,111,0.02695527100259215
1,B_svc,2,0.1817837233928617,17,0.30203519384382976,MAP_SCADA,111,0.12025147045096807
2,UPFC_Vsh,5-15,1.1084114438149966,17,1.1053100449312332,MAP_SCADA,111,0.0031013988837633732
3,UPFC_tsh,5-15,-0.23144867598779334,17,-0.2256470553684916,MAP_SCADA,111,0.005801620619301728
4,UPFC_Vse,5-15,0.060318116756721364,17,0.06071664889130474,MAP_SCADA,111,0.0003985321345833792
5,UPFC_tse,5-15,-2.153541067371644,17,-2.1499013915528056,MAP_SCADA,111,0.003639675818838395
0,x_tcsc,1-14,-0.1123168833646532,18,-0.13958563120612696,MAP_SCADA,111,0.02726874784147376
1,B_svc,2,0.18114343012589246,18,0.30203519384382976,MAP_SCADA,111,0.1208917637179373
2,UPFC_Vsh,5-15,1.108076754568016,18,1.1053100449312332,MAP_SCADA,111,0.002766709636782716
3,UPFC_tsh,5-15,-0.2320082068359299,18,-0.2256470553684916,MAP_SCADA,111,0.006361151467438292
4,UPFC_Vse,5-15,0.06041732067962146,18,0.06071664889130474,MAP_SCADA,111,0.0002993282116832835
5,UPFC_tse,5-15,-2.1552625136309573,18,-2.1499013915528056,MAP_SCADA,111,0.005361122078151759
0,x_tcsc,1-14,-0.11164424108868416,19,-0.13958563120612696,MAP_SCADA,111,0.027941390117442802
1,B_svc,2,0.18040424893429052,19,0.30203519384382976,MAP_SCADA,111,0.12163094490953924
2,UPFC_Vsh,5-15,1.108871364654878,19,1.1053100449312332,MAP_SCADA,111,0.003561319723644818
3,UPFC_tsh,5-15,-0.2324105075658558,19,-0.2256470553684916,MAP_SCADA,111,0.006763452197364184
4,UPFC_Vse,5-15,0.061155322165232597,19,0.06071664889130474,MAP_SCADA,111,0.00043867327392785316
5,UPFC_tse,5-15,-2.154669972733158,19,-2.1499013915528056,MAP_SCADA,111,0.004768581180352616
0,x_tcsc,1-14,-0.11274782327049446,20,-0.13958563120612696,MAP_SCADA,111,0.026837807935632507
1,B_svc,2,0.18459454920584656,20,0.30203519384382976,MAP_SCADA,111,0.1174406446379832
2,UPFC_Vsh,5-15,1.108006286307207,20,1.1053100449312332,MAP_SCADA,111,0.002696241375973907
3,UPFC_tsh,5-15,-0.23191990543603197,20,-0.2256470553684916,MAP_SCADA,111,0.006272850067540359
4,UPFC_Vse,5-15,0.06008050852103739,20,0.06071664889130474,MAP_SCADA,111,0.0006361403702673518
5,UPFC_tse,5-15,-2.1567097345688575,20,-2.1499013915528056,MAP_SCADA,111,0.006808343016051932
0,x_tcsc,1-14,-0.11169414259952308,21,-0.13958563120612696,MAP_SCADA,111,0.027891488606603884
1,B_svc,2,0.1857776632719838,21,0.30203519384382976,MAP_SCADA,111,0.11625753057184596
2,UPFC_Vsh,5-15,1.108184785877071,21,1.1053100449312332,MAP_SCADA,111,0.0028747409458378392
3,UPFC_tsh,5-15,-0.23273179667649846,21,-0.2256470553684916,MAP_SCADA,111,0.007084741308006848
4,UPFC_Vse,5-15,0.05992770845896655,21,0.06071664889130474,MAP_SCADA,111,0.0007889404323381949
5,UPFC_tse,5-15,-2.1568349329799426,21,-2.1499013915528056,MAP_SCADA,111,0.00693354142713698
0,x_tcsc,1-14,-0.11260572090998863,22,-0.13958563120612696,MAP_SCADA,111,0.026979910296138332
1,B_svc,2,0.18071338323253047,22,0.30203519384382976,MAP_SCADA,111,0.12132181061129929
2,UPFC_Vsh,5-15,1.106722196604619,22,1.1053100449312332,MAP_SCADA,111,0.0014121516733858197
3,UPFC_tsh,5-15,-0.23240057224166638,22,-0.2256470553684916,MAP_SCADA,111,0.00675351687317477
4,UPFC_Vse,5-15,0.059859672432762606,22,0.06071664889130474,MAP_SCADA,111,0.0008569764585421372
5,UPFC_tse,5-15,-2.1554046999392504,22,-2.1499013915528056,MAP_SCADA,111,0.005503308386444861
0,x_tcsc,1-14,-0.10863106555895048,23,-0.13958563120612696,MAP_SCADA,111,0.030954565647176482
1,B_svc,2,0.19440583723342642,23,0.30203519384382976,MAP_SCADA,111,0.10762935661040335
2,UPFC_Vsh,5-15,1.1056047474826858,23,1.1053100449312332,MAP_SCADA,111,0.00029470255145258584
3,UPFC_tsh,5-15,-0.23553602350049807,23,-0.2256470553684916,MAP_SCADA,111,0.00988896813200646
4,UPFC_Vse,5-15,0.06062491232048908,23,0.06071664889130474,MAP_SCADA,111,9.173657081566061e-05
5,UPFC_tse,5-15,-2.1604370235879395,23,-2.1499013915528056,MAP_SCADA,111,0.010535632035133968
0,x_tcsc,1-14,-0.11358461640106417,24,-0.13958563120612696,MAP_SCADA,111,0.026001014805062797
1,B_svc,2,0.17847299555661278,24,0.30203519384382976,MAP_SCADA,111,0.12356219828721698
2,UPFC_Vsh,5-15,1.1077453708357268,24,1.1053100449312332,MAP_SCADA,111,0.0024353259044935793
3,UPFC_tsh,5-15,-0.23118967241909189,24,-0.2256470553684916,MAP_SCADA,111,0.005542617050600274
4,UPFC_Vse,5-15,0.06001689749729636,24,0.06071664889130474,MAP_SCADA,111,0.0006997513940083799
5,UPFC_tse,5-15,-2.1543010736861428,24,-2.1499013915528056,MAP_SCADA,111,0.0043996821333371905
0,x_tcsc,1-14,-0.11320004043012336,25,-0.13958563120612696,MAP_SCADA,111,0.02638559077600361
1,B_svc,2,0.17941167260829785,25,0.30203519384382976,MAP_SCADA,111,0.12262352123553191
2,UPFC_Vsh,5-15,1.1101974435380184,25,1.1053100449312332,MAP_SCADA,111,0.00488739860678522
3,UPFC_tsh,5-15,-0.23031717049236608,25,-0.2256470553684916,MAP_SCADA,111,0.004670115123874469
4,UPFC_Vse,5-15,0.05996830578511454,25,0.06071664889130474,MAP_SCADA,111,0.000748343106190201
5,UPFC_tse,5-15,-2.1553668754708863,25,-2.1499013915528056,MAP_SCADA,111,0.005465483918080771
0,x_tcsc,1-14,-0.11212214964649692,26,-0.13958563120612696,MAP_SCADA,111,0.02746348155963005
1,B_svc,2,0.1816223075761155,26,0.30203519384382976,MAP_SCADA,111,0.12041288626771426
2,UPFC_Vsh,5-15,1.1082064053681402,26,1.1053100449312332,MAP_SCADA,111,0.0028963604369069973
3,UPFC_tsh,5-15,-0.23179014857039898,26,-0.2256470553684916,MAP_SCADA,111,0.006143093201907368
4,UPFC_Vse,5-15,0.060238724303090414,26,0.06071664889130474,MAP_SCADA,111,0.00047792458821432904
5,UPFC_tse,5-15,-2.1599186635184866,26,-2.1499013915528056,MAP_SCADA,111,0.01001727196568103
0,x_tcsc,1-14,-0.11119204081336112,27,-0.13958563120612696,MAP_SCADA,111,0.028393590392765844
1,B_svc,2,0.1842705258074126,27,0.30203519384382976,MAP_SCADA,111,0.11776466803641716
2,UPFC_Vsh,5-15,1.1059116452390325,27,1.1053100449312332,MAP_SCADA,111,0.0006016003077993215
3,UPFC_tsh,5-15,-0.23295759170996305,27,-0.2256470553684916,MAP_SCADA,111,0.007310536341471441
4,UPFC_Vse,5-15,0.06053072554552834,27,0.06071664889130474,MAP_SCADA,111,0.00018592334577640507
5,UPFC_tse,5-15,-2.1561425446031106,27,-2.1499013915528056,MAP_SCADA,111,0.006241153050305037
0,x_tcsc,1-14,-0.11078516593243308,28,-0.13958563120612696,MAP_SCADA,111,0.028800465273693884
1,B_svc,2,0.1862073014298553,28,0.30203519384382976,MAP_SCADA,111,0.11582789241397445
2,UPFC_Vsh,5-15,1.105306562887327,28,1.1053100449312332,MAP_SCADA,111,3.482043906100074e-06
3,UPFC_tsh,5-15,-0.2340897760936502,28,-0.2256470553684916,MAP_SCADA,111,0.008442720725158587
4,UPFC_Vse,5-15,0.06031540260348843,28,0.06071664889130474,MAP_SCADA,111,0.0004012462878163134
5,UPFC_tse,5-15,-2.159848933017864,28,-2.1499013915528056,MAP_SCADA,111,0.009947541465058496
0,x_tcsc,1-14,-0.11114633594373284,29,-0.13958563120612696,MAP_SCADA,111,0.028439295262394124
1,B_svc,2,0.18515795790093445,29,0.30203519384382976,MAP_SCADA,111,0.11687723594289531
2,UPFC_Vsh,5-15,1.1077676810944392,29,1.1053100449312332,MAP_SCADA,111,0.002457636163206045
3,UPFC_tsh,5-15,-0.2328826952361252,29,-0.2256470553684916,MAP_SCADA,111,0.007235639867633592
4,UPFC_Vse,5-15,0.06039577683997066,29,0.06071664889130474,MAP_SCADA,111,0.00032087205133408264
5,UPFC_tse,5-15,-2.155335140690537,29,-2.1499013915528056,MAP_SCADA,111,0.005433749137731425
0,x_tcsc,1-14,-0.11216068815257503,30,-0.13958563120612696,MAP_SCADA,111,0.027424943053551934
1,B_svc,2,0.17704446044748634,30,0.30203519384382976,MAP_SCADA,111,0.12499073339634342
2,UPFC_Vsh,5-15,1.109683072820936,30,1.1053100449312332,MAP_SCADA,111,0.00437302788970273
3,UPFC_tsh,5-15,-0.23174778760842352,30,-0.2256470553684916,MAP_SCADA,111,0.006100732239931905
4,UPFC_Vse,5-15,0.06019310784890161,30,0.06071664889130474,MAP_SCADA,111,0.000523541042403132
5,UPFC_tse,5-15,-2.1564072150031643,30,-2.1499013915528056,MAP_SCADA,111,0.006505823450358772
0,x_tcsc,1-14,-0.11251342636674841,31,-0.13958563120612696,MAP_SCADA,111,0.027072204839378555
1,B_svc,2,0.1831099893073962,31,0.30203519384382976,MAP_SCADA,111,0.11892520453643357
2,UPFC_Vsh,5-15,1.1078159760395527,31,1.1053100449312332,MAP_SCADA,111,0.002505931108319537
3,UPFC_tsh,5-15,-0.23189856588754654,31,-0.2256470553684916,MAP_SCADA,111,0.006251510519054926
4,UPFC_Vse,5-15,0.06007672510263565,31,0.06071664889130474,MAP_SCADA,111,0.0006399237886690959
5,UPFC_tse,5-15,-2.1587524619933207,31,-2.1499013915528056,MAP_SCADA,111,0.00885107044051514
0,x_tcsc,1-14,-0.10935089542807824,32,-0.13958563120612696,MAP_SCADA,111,0.03023473577804872
1,B_svc,2,0.18873592910746403,32,0.30203519384382976,MAP_SCADA,111,0.11329926473636573
2,UPFC_Vsh,5-15,1.109038949726816,32,1.1053100449312332,MAP_SCADA,111,0.0037289047955828547
3,UPFC_tsh,5-15,-0.2330027710688704,32,-0.2256470553684916,MAP_SCADA,111,0.007355715700378795
4,UPFC_Vse,5-15,0.05985014716756717,32,0.06071664889130474,MAP_SCADA,111,0.0008665017237375755
5,UPFC_tse,5-15,-2.1617669058380433,32,-2.1499013915528056,MAP_SCADA,111,0.011865514285237744
0,x_tcsc,1-14,-0.11132959920201867,33,-0.13958563120612696,MAP_SCADA,111,0.028256032004108297
1,B_svc,2,0.18595327212098606,33,0.30203519384382976,MAP_SCADA,111,0.1160819217228437
2,UPFC_Vsh,5-15,1.108084565723442,33,1.1053100449312332,MAP_SCADA,111,0.0027745207922087456
3,UPFC_tsh,5-15,-0.2321353180308911,33,-0.2256470553684916,MAP_SCADA,111,0.006488262662399491
4,UPFC_Vse,5-15,0.06002017416798528,33,0.06071664889130474,MAP_SCADA,111,0.0006964747233194624
5,UPFC_tse,5-15,-2.157033850389164,33,-2.1499013915528056,MAP_SCADA,111,0.007132458836358602
0,x_tcsc,1-14,-0.11034198001640978,34,-0.13958563120612696,MAP_SCADA,111,0.029243651189717182
1,B_svc,2,0.18678599517759245,34,0.30203519384382976,MAP_SCADA,111,0.11524919866623731
2,UPFC_Vsh,5-15,1.1085563560496479,34,1.1053100449312332,MAP_SCADA,111,0.0032463111184146687
3,UPFC_tsh,5-15,-0.23312360340740504,34,-0.2256470553684916,MAP_SCADA,111,0.0074765480389134276
4,UPFC_Vse,5-15,0.060366956294376876,34,0.06071664889130474,MAP_SCADA,111,0.0003496925969278669
5,UPFC_tse,5-15,-2.1581320522383804,34,-2.1499013915528056,MAP_SCADA,111,0.008230660685574875
0,x_tcsc,1-14,-0.11311317898577221,35,-0.13958563120612696,MAP_SCADA,111,0.026472452220354756
1,B_svc,2,0.18325163162252295,35,0.30203519384382976,MAP_SCADA,111,0.11878356222130682
2,UPFC_Vsh,5-15,1.1098842983230832,35,1.1053100449312332,MAP_SCADA,111,0.004574253391850025
3,UPFC_tsh,5-15,-0.23130759162507253,35,-0.2256470553684916,MAP_SCADA,111,0.005660536256580917
4,UPFC_Vse,5-15,0.06016391902929492,35,0.06071664889130474,MAP_SCADA,111,0.0005527298620098264
5,UPFC_tse,5-15,-2.1548243799234137,35,-2.1499013915528056,MAP_SCADA,111,0.004922988370608117
0,x_tcsc,1-14,-0.1149720819539307,36,-0.13958563120612696,MAP_SCADA,111,0.024613549252196262
1,B_svc,2,0.1750447967126657,36,0.30203519384382976,MAP_SCADA,111,0.12699039713116406
2,UPFC_Vsh,5-15,1.1102778223388667,36,1.1053100449312332,MAP_SCADA,111,0.004967777407633545
3,UPFC_tsh,5-15,-0.22961423202170334,36,-0.2256470553684916,MAP_SCADA,111,0.003967176653211724
4,UPFC_Vse,5-15,0.060175439493694916,36,0.06071664889130474,MAP_SCADA,111,0.0005412093976098278
5,UPFC_tse,5-15,-2.1527252492944804,36,-2.1499013915528056,MAP_SCADA,111,0.002823857741674818
0,x_tcsc,1-14,-0.1135383168444,37,-0.13958563120612696,MAP_SCADA,111,0.02604731436172697
1,B_svc,2,0.1808875627066663,37,0.30203519384382976,MAP_SCADA,111,0.12114763113716345
2,UPFC_Vsh,5-15,1.1097833398341765,37,1.1053100449312332,MAP_SCADA,111,0.004473294902943348
3,UPFC_tsh,5-15,-0.2306731020068669,37,-0.2256470553684916,MAP_SCADA,111,0.0050260466383752755
4,UPFC_Vse,5-15,0.059604765997265136,37,0.06071664889130474,MAP_SCADA,111,0.0011118828940396078
5,UPFC_tse,5-15,-2.1598551334837475,37,-2.1499013915528056,MAP_SCADA,111,0.009953741930941895
0,x_tcsc,1-14,-0.11241197576694792,38,-0.13958563120612696,MAP_SCADA,111,0.027173655439179045
1,B_svc,2,0.18139884194193798,38,0.30203519384382976,MAP_SCADA,111,0.12063635190189179
2,UPFC_Vsh,5-15,1.1092926368032598,38,1.1053100449312332,MAP_SCADA,111,0.003982591872026653
3,UPFC_tsh,5-15,-0.23168033003577468,38,-0.2256470553684916,MAP_SCADA,111,0.006033274667283067
4,UPFC_Vse,5-15,0.06042739705196942,38,0.06071664889130474,MAP_SCADA,111,0.0002892518393353208
5,UPFC_tse,5-15,-2.150262573934795,38,-2.1499013915528056,MAP_SCADA,111,0.0003611823819893445
0,x_tcsc,1-14,-0.11336627208444718,39,-0.13958563120612696,MAP_SCADA,111,0.02621935912167979
1,B_svc,2,0.1824406965904449,39,0.30203519384382976,MAP_SCADA,111,0.11959449725338486
2,UPFC_Vsh,5-15,1.109450803391796,39,1.1053100449312332,MAP_SCADA,111,0.004140758460562832
3,UPFC_tsh,5-15,-0.23110270791873322,39,-0.2256470553684916,MAP_SCADA,111,0.0054556525502416076
4,UPFC_Vse,5-15,0.06015947124209428,39,0.06071664889130474,MAP_SCADA,111,0.0005571776492104621
5,UPFC_tse,5-15,-2.1525195949795397,39,-2.1499013915528056,MAP_SCADA,111,0.0026182034267341336
0,x_tcsc,1-14,-0.11449781928869908,40,-0.13958563120612696,MAP_SCADA,111,0.025087811917427885
1,B_svc,2,0.17698963311880708,40,0.30203519384382976,MAP_SCADA,111,0.12504556072502268
2,UPFC_Vsh,5-15,1.1099220982081328,40,1.1053100449312332,MAP_SCADA,111,0.004612053276899619
3,UPFC_tsh,5-15,-0.23127461686611703,40,-0.2256470553684916,MAP_SCADA,111,0.005627561497625416
4,UPFC_Vse,5-15,0.060217625795988015,40,0.06071664889130474,MAP_SCADA,111,0.000499023095316728
5,UPFC_tse,5-15,-2.1504069037421822,40,-2.1499013915528056,MAP_SCADA,111,0.0005055121893766668
0,x_tcsc,1-14,-0.11093572745407543,41,-0.13958563120612696,MAP_SCADA,111,0.028649903752051536
1,B_svc,2,0.18531896959267724,41,0.30203519384382976,MAP_SCADA,111,0.11671622425115252
2,UPFC_Vsh,5-15,1.108434994048722,41,1.1053100449312332,MAP_SCADA,111,0.003124949117488729
3,UPFC_tsh,5-15,-0.233408373060217,41,-0.2256470553684916,MAP_SCADA,111,0.007761317691725389
4,UPFC_Vse,5-15,0.060499846182725275,41,0.06071664889130474,MAP_SCADA,111,0.00021680270857946798
5,UPFC_tse,5-15,-2.1601069645717934,41,-2.1499013915528056,MAP_SCADA,111,0.010205573018987835
0,x_tcsc,1-14,-0.11147761500004855,42,-0.13958563120612696,MAP_SCADA,111,0.028108016206078418
1,B_svc,2,0.18730903475163513,42,0.30203519384382976,MAP_SCADA,111,0.11472615909219464
2,UPFC_Vsh,5-15,1.1074933658695576,42,1.1053100449312332,MAP_SCADA,111,0.0021833209383244068
3,UPFC_tsh,5-15,-0.23274285808599332,42,-0.2256470553684916,MAP_SCADA,111,0.007095802717501709
4,UPFC_Vse,5-15,0.06046335877714539,42,0.06071664889130474,MAP_SCADA,111,0.0002532901141593519
5,UPFC_tse,5-15,-2.154540752922178,42,-2.1499013915528056,MAP_SCADA,111,0.0046393613693722635
0,x_tcsc,1-14,-0.11305657612109273,43,-0.13958563120612696,MAP_SCADA,111,0.02652905508503424
1,B_svc,2,0.1792216928206034,43,0.30203519384382976,MAP_SCADA,111,0.12281350102322636
2,UPFC_Vsh,5-15,1.1100005386855296,43,1.1053100449312332,MAP_SCADA,111,0.004690493754296421
3,UPFC_tsh,5-15,-0.23036578137282954,43,-0.2256470553684916,MAP_SCADA,111,0.004718726004337925
4,UPFC_Vse,5-15,0.06057910375371149,43,0.06071664889130474,MAP_SCADA,111,0.0001375451375932521
5,UPFC_tse,5-15,-2.1561589997097914,43,-2.1499013915528056,MAP_SCADA,111,0.006257608156985839
0,x_tcsc,1-14,-0.11207535639674679,44,-0.13958563120612696,MAP_SCADA,111,0.027510274809380175
1,B_svc,2,0.1846858498020382,44,0.30203519384382976,MAP_SCADA,111,0.11734934404179156
2,UPFC_Vsh,5-15,1.1077601535326256,44,1.1053100449312332,MAP_SCADA,111,0.0024501086013923867
3,UPFC_tsh,5-15,-0.23261638863089268,44,-0.2256470553684916,MAP_SCADA,111,0.006969333262401067
4,UPFC_Vse,5-15,0.06047525859342069,44,0.06071664889130474,MAP_SCADA,111,0.0002413902978840518
5,UPFC_tse,5-15,-2.154046429528506,44,-2.1499013915528056,MAP_SCADA,111,0.004145037975700205
0,x_tcsc,1-14,-0.11375431081784133,45,-0.13958563120612696,MAP_SCADA,111,0.02583132038828563
1,B_svc,2,0.17477818719938254,45,0.30203519384382976,MAP_SCADA,111,0.12725700664444722
2,UPFC_Vsh,5-15,1.1093197165452422,45,1.1053100449312332,MAP_SCADA,111,0.004009671614009003
3,UPFC_tsh,5-15,-0.23071303918734726,45,-0.2256470553684916,MAP_SCADA,111,0.005065983818855646
4,UPFC_Vse,5-15,0.06014026459677954,45,0.06071664889130474,MAP_SCADA,111,0.0005763842945252021
5,UPFC_tse,5-15,-2.15388812615601,45,-2.1499013915528056,MAP_SCADA,111,0.003986734603204312
0,x_tcsc,1-14,-0.11310434548909658,46,-0.13958563120612696,MAP_SCADA,111,0.026481285717030387
1,B_svc,2,0.17866334359157365,46,0.30203519384382976,MAP_SCADA,111,0.12337185025225611
2,UPFC_Vsh,5-15,1.108715174743999,46,1.1053100449312332,MAP_SCADA,111,0.0034051298127657503
3,UPFC_tsh,5-15,-0.23114836154528098,46,-0.2256470553684916,MAP_SCADA,111,0.005501306176789372
4,UPFC_Vse,5-15,0.060340846612470904,46,0.06071664889130474,MAP_SCADA,111,0.00037580227883383943
5,UPFC_tse,5-15,-2.155077590767528,46,-2.1499013915528056,MAP_SCADA,111,0.0051761992147225655
0,x_tcsc,1-14,-0.1126163685304988,47,-0.13958563120612696,MAP_SCADA,111,0.02696926267562816
1,B_svc,2,0.1826820223153454,47,0.30203519384382976,MAP_SCADA,111,0.11935317152848438
2,UPFC_Vsh,5-15,1.1078508671343414,47,1.1053100449312332,MAP_SCADA,111,0.0025408222031082506
3,UPFC_tsh,5-15,-0.23195436112425402,47,-0.2256470553684916,MAP_SCADA,111,0.00630730575576241
4,UPFC_Vse,5-15,0.06005427570146322,47,0.06071664889130474,MAP_SCADA,111,0.0006623731898415253
5,UPFC_tse,5-15,-2.149004765473707,47,-2.1499013915528056,MAP_SCADA,111,0.0008966260790987945
0,x_tcsc,1-14,-0.11202393736720709,48,-0.13958563120612696,MAP_SCADA,111,0.027561693838919876
1,B_svc,2,0.18197032083453404,48,0.30203519384382976,MAP_SCADA,111,0.12006487300929572
2,UPFC_Vsh,5-15,1.1088869066003255,48,1.1053100449312332,MAP_SCADA,111,0.003576861669092324
3,UPFC_tsh,5-15,-0.23173744296455784,48,-0.2256470553684916,MAP_SCADA,111,0.006090387596066227
4,UPFC_Vse,5-15,0.06064179275722406,48,0.06071664889130474,MAP_SCADA,111,7.48561340806822e-05
5,UPFC_tse,5-15,-2.1579971846390347,48,-2.1499013915528056,MAP_SCADA,111,0.008095793086229097
0,x_tcsc,1-14,-0.11301190854144895,49,-0.13958563120612696,MAP_SCADA,111,0.026573722664678015
1,B_svc,2,0.1826769526565768,49,0.30203519384382976,MAP_SCADA,111,0.11935824118725297
2,UPFC_Vsh,5-15,1.10911972473425,49,1.1053100449312332,MAP_SCADA,111,0.003809679803016719
3,UPFC_tsh,5-15,-0.23197494578688546,49,-0.2256470553684916,MAP_SCADA,111,0.00632789041839385
4,UPFC_Vse,5-15,0.06039511975662008,49,0.06071664889130474,MAP_SCADA,111,0.0003215291346846602
5,UPFC_tse,5-15,-2.159769366853597,49,-2.1499013915528056,MAP_SCADA,111,0.009867975300791532
0,x_tcsc,1-14,-0.11232464740583507,50,-0.13958563120612696,MAP_SCADA,111,0.02726098380029189
1,B_svc,2,0.1804661933096819,50,0.30203519384382976,MAP_SCADA,111,0.12156900053414788
2,UPFC_Vsh,5-15,1.1082997050473367,50,1.1053100449312332,MAP_SCADA,111,0.0029896601161034653
3,UPFC_tsh,5-15,-0.23223059620849504,50,-0.2256470553684916,MAP_SCADA,111,0.006583540840003427
4,UPFC_Vse,5-15,0.060382776568446615,50,0.06071664889130474,MAP_SCADA,111,0.00033387232285812807
5,UPFC_tse,5-15,-2.15506436388257,50,-2.1499013915528056,MAP_SCADA,111,0.005162972329764592
0,x_tcsc,1-14,-0.11361562540832322,51,-0.13958563120612696,MAP_SCADA,111,0.025970005797803744
1,B_svc,2,0.17885922469653856,51,0.30203519384382976,MAP_SCADA,111,0.1231759691472912
2,UPFC_Vsh,5-15,1.1070689001567269,51,1.1053100449312332,MAP_SCADA,111,0.001758855225493683
3,UPFC_tsh,5-15,-0.2321065832889006,51,-0.2256470553684916,MAP_SCADA,111,0.006459527920408992
4,UPFC_Vse,5-15,0.06052340155011435,51,0.06071664889130474,MAP_SCADA,111,0.00019324734119039594
5,UPFC_tse,5-15,-2.1551682308222206,51,-2.1499013915528056,MAP_SCADA,111,0.005266839269415069
0,x_tcsc,1-14,-0.10848351521084021,52,-0.13958563120612696,MAP_SCADA,111,0.031102115995286755
1,B_svc,2,0.19662177475265205,52,0.30203519384382976,MAP_SCADA,111,0.10541341909117771
2,UPFC_Vsh,5-15,1.1078003615348868,52,1.1053100449312332,MAP_SCADA,111,0.0024903166036536195
3,UPFC_tsh,5-15,-0.23401474328945562,52,-0.2256470553684916,MAP_SCADA,111,0.008367687920964012
4,UPFC_Vse,5-15,0.06035505211035941,52,0.06071664889130474,MAP_SCADA,111,0.00036159678094533493
5,UPFC_tse,5-15,-2.160186956663391,52,-2.1499013915528056,MAP_SCADA,111,0.010285565110585537
0,x_tcsc,1-14,-0.11302618824924493,53,-0.13958563120612696,MAP_SCADA,111,0.026559442956882034
1,B_svc,2,0.1855528678668657,53,0.30203519384382976,MAP_SCADA,111,0.11648232597696406
2,UPFC_Vsh,5-15,1.106401917745756,53,1.1053100449312332,MAP_SCADA,111,0.0010918728145228318
3,UPFC_tsh,5-15,-0.23299677621338608,53,-0.2256470553684916,MAP_SCADA,111,0.007349720844894464
4,UPFC_Vse,5-15,0.06025677125495774,53,0.06071664889130474,MAP_SCADA,111,0.0004598776363470003
5,UPFC_tse,5-15,-2.1530014389473546,53,-2.1499013915528056,MAP_SCADA,111,0.0031000473945490548
0,x_tcsc,1-14,-0.10992588267449988,54,-0.13958563120612696,MAP_SCADA,111,0.02965974853162709
1,B_svc,2,0.18850845278962525,54,0.30203519384382976,MAP_SCADA,111,0.11352674105420452
2,UPFC_Vsh,5-15,1.1080263661691967,54,1.1053100449312332,MAP_SCADA,111,0.0027163212379635038
3,UPFC_tsh,5-15,-0.2334353156834582,54,-0.2256470553684916,MAP_SCADA,111,0.0077882603149666
4,UPFC_Vse,5-15,0.060702502198160174,54,0.06071664889130474,MAP_SCADA,111,1.4146693144569122e-05
5,UPFC_tse,5-15,-2.159140326809645,54,-2.1499013915528056,MAP_SCADA,111,0.009238935256839387
0,x_tcsc,1-14,-0.11090856933726283,55,-0.13958563120612696,MAP_SCADA,111,0.028677061868864137
1,B_svc,2,0.18390305521965483,55,0.30203519384382976,MAP_SCADA,111,0.11813213862417493
2,UPFC_Vsh,5-15,1.105779728191416,55,1.1053100449312332,MAP_SCADA,111,0.00046968326018270723
3,UPFC_tsh,5-15,-0.23355893281144285,55,-0.2256470553684916,MAP_SCADA,111,0.007911877442951243
4,UPFC_Vse,5-15,0.06052711291959248,55,0.06071664889130474,MAP_SCADA,111,0.00018953597171226383
5,UPFC_tse,5-15,-2.1596477295296808,55,-2.1499013915528056,MAP_SCADA,111,0.009746337976875186
0,x_tcsc,1-14,-0.11295801478895467,56,-0.13958563120612696,MAP_SCADA,111,0.02662761641717229
1,B_svc,2,0.18145367109197516,56,0.30203519384382976,MAP_SCADA,111,0.1205815227518546
2,UPFC_Vsh,5-15,1.108183062115895,56,1.1053100449312332,MAP_SCADA,111,0.002873017184661819
3,UPFC_tsh,5-15,-0.23276754175977452,56,-0.2256470553684916,MAP_SCADA,111,0.007120486391282904
4,UPFC_Vse,5-15,0.060201074271315824,56,0.06071664889130474,MAP_SCADA,111,0.0005155746199889191
5,UPFC_tse,5-15,-2.1541185297160985,56,-2.1499013915528056,MAP_SCADA,111,0.004217138163292944
0,x_tcsc,1-14,-0.11331549764469787,57,-0.13958563120612696,MAP_SCADA,111,0.0262701335614291
1,B_svc,2,0.18113549787680508,57,0.30203519384382976,MAP_SCADA,111,0.12089969596702468
2,UPFC_Vsh,5-15,1.1080297025810695,57,1.1053100449312332,MAP_SCADA,111,0.0027196576498362823
3,UPFC_tsh,5-15,-0.2318175980644757,57,-0.2256470553684916,MAP_SCADA,111,0.006170542695984077
4,UPFC_Vse,5-15,0.05974123277280337,57,0.06071664889130474,MAP_SCADA,111,0.0009754161185013752
5,UPFC_tse,5-15,-2.1568552925009024,57,-2.1499013915528056,MAP_SCADA,111,0.006953900948096781
0,x_tcsc,1-14,-0.11259592447870835,58,-0.13958563120612696,MAP_SCADA,111,0.026989706727418614
1,B_svc,2,0.1855124996650732,58,0.30203519384382976,MAP_SCADA,111,0.11652269417875658
2,UPFC_Vsh,5-15,1.1041639179721214,58,1.1053100449312332,MAP_SCADA,111,0.0011461269591117595
3,UPFC_tsh,5-15,-0.2337457779457213,58,-0.2256470553684916,MAP_SCADA,111,0.008098722577229683
4,UPFC_Vse,5-15,0.060641571824637475,58,0.06071664889130474,MAP_SCADA,111,7.507706666726871e-05
5,UPFC_tse,5-15,-2.1560231945507224,58,-2.1499013915528056,MAP_SCADA,111,0.00612180299791687
0,x_tcsc,1-14,-0.11286231559448634,59,-0.13958563120612696,MAP_SCADA,111,0.026723315611640625
1,B_svc,2,0.1817952967432671,59,0.30203519384382976,MAP_SCADA,111,0.12023989710056265
2,UPFC_Vsh,5-15,1.108691902973475,59,1.1053100449312332,MAP_SCADA,111,0.003381858042241781
3,UPFC_tsh,5-15,-0.23184199738940517,59,-0.2256470553684916,MAP_SCADA,111,0.0061949420209135575
4,UPFC_Vse,5-15,0.060454713383064476,59,0.06071664889130474,MAP_SCADA,111,0.0002619355082402672
5,UPFC_tse,5-15,-2.15495703243471,59,-2.1499013915528056,MAP_SCADA,111,0.005055640881904466
0,x_tcsc,1-14,-0.1125451676959699,60,-0.13958563120612696,MAP_SCADA,111,0.02704046351015707
1,B_svc,2,0.18446213206889514,60,0.30203519384382976,MAP_SCADA,111,0.11757306177493462
2,UPFC_Vsh,5-15,1.108050671247431,60,1.1053100449312332,MAP_SCADA,111,0.0027406263161977584
3,UPFC_tsh,5-15,-0.2323091987208775,60,-0.2256470553684916,MAP_SCADA,111,0.00666214335238588
4,UPFC_Vse,5-15,0.06027242282692596,60,0.06071664889130474,MAP_SCADA,111,0.000444226064378786
5,UPFC_tse,5-15,-2.1526136198908206,60,-2.1499013915528056,MAP_SCADA,111,0.002712228338014988
0,x_tcsc,1-14,-0.11410481713499057,61,-0.13958563120612696,MAP_SCADA,111,0.025480814071136393
1,B_svc,2,0.17972519930177294,61,0.30203519384382976,MAP_SCADA,111,0.12230999454205682
2,UPFC_Vsh,5-15,1.1062344025143551,61,1.1053100449312332,MAP_SCADA,111,0.0009243575831219264
3,UPFC_tsh,5-15,-0.23187134686501007,61,-0.2256470553684916,MAP_SCADA,111,0.006224291496518458
4,UPFC_Vse,5-15,0.06071318870310169,61,0.06071664889130474,MAP_SCADA,111,3.4601882030541042e-06
5,UPFC_tse,5-15,-2.1542601835848503,61,-2.1499013915528056,MAP_SCADA,111,0.0043587920320447004
0,x_tcsc,1-14,-0.1115933269007217,62,-0.13958563120612696,MAP_SCADA,111,0.027992304305405266
1,B_svc,2,0.18400213468782292,62,0.30203519384382976,MAP_SCADA,111,0.11803305915600684
2,UPFC_Vsh,5-15,1.1074571520285303,62,1.1053100449312332,MAP_SCADA,111,0.0021471070972971518
3,UPFC_tsh,5-15,-0.23263168864163766,62,-0.2256470553684916,MAP_SCADA,111,0.006984633273146051
4,UPFC_Vse,5-15,0.05996998341083485,62,0.06071664889130474,MAP_SCADA,111,0.0007466654804698936
5,UPFC_tse,5-15,-2.1600345054626127,62,-2.1499013915528056,MAP_SCADA,111,0.01013311390980709
0,x_tcsc,1-14,-0.11148815154244913,63,-0.13958563120612696,MAP_SCADA,111,0.02809747966367783
1,B_svc,2,0.18721449786679403,63,0.30203519384382976,MAP_SCADA,111,0.11482069597703573
2,UPFC_Vsh,5-15,1.1070688856726931,63,1.1053100449312332,MAP_SCADA,111,0.0017588407414599327
3,UPFC_tsh,5-15,-0.23342688662212113,63,-0.2256470553684916,MAP_SCADA,111,0.007779831253629521
4,UPFC_Vse,5-15,0.05977947534148236,63,0.06071664889130474,MAP_SCADA,111,0.0009371735498223815
5,UPFC_tse,5-15,-2.1563252483151594,63,-2.1499013915528056,MAP_SCADA,111,0.006423856762353797
0,x_tcsc,1-14,-0.11195724792908147,64,-0.13958563120612696,MAP_SCADA,111,0.02762838327704549
1,B_svc,2,0.18532267620046441,64,0.30203519384382976,MAP_SCADA,111,0.11671251764336535
2,UPFC_Vsh,5-15,1.1062982148266969,64,1.1053100449312332,MAP_SCADA,111,0.0009881698954636864
3,UPFC_tsh,5-15,-0.23231828006468574,64,-0.2256470553684916,MAP_SCADA,111,0.0066712246961941335
4,UPFC_Vse,5-15,0.060691859349195215,64,0.06071664889130474,MAP_SCADA,111,2.4789542109528162e-05
5,UPFC_tse,5-15,-2.152693367047146,64,-2.1499013915528056,MAP_SCADA,111,0.002791975494340626
0,x_tcsc,1-14,-0.11295515105283893,65,-0.13958563120612696,MAP_SCADA,111,0.026630480153288033
1,B_svc,2,0.18060145943688566,65,0.30203519384382976,MAP_SCADA,111,0.1214337344069441
2,UPFC_Vsh,5-15,1.1078146006483933,65,1.1053100449312332,MAP_SCADA,111,0.0025045557171601285
3,UPFC_tsh,5-15,-0.23209500185534337,65,-0.2256470553684916,MAP_SCADA,111,0.006447946486851763
4,UPFC_Vse,5-15,0.06005942127011483,65,0.06071664889130474,MAP_SCADA,111,0.0006572276211899153
5,UPFC_tse,5-15,-2.152035993257443,65,-2.1499013915528056,MAP_SCADA,111,0.0021346017046375287
0,x_tcsc,1-14,-0.1105648668522165,66,-0.13958563120612696,MAP_SCADA,111,0.02902076435391046
1,B_svc,2,0.1904464047979305,66,0.30203519384382976,MAP_SCADA,111,0.11158878904589925
2,UPFC_Vsh,5-15,1.108306155074037,66,1.1053100449312332,MAP_SCADA,111,0.002996110142803765
3,UPFC_tsh,5-15,-0.23257200768493028,66,-0.2256470553684916,MAP_SCADA,111,0.006924952316438665
4,UPFC_Vse,5-15,0.06025958607178324,66,0.06071664889130474,MAP_SCADA,111,0.0004570628195215004
5,UPFC_tse,5-15,-2.1546439224482006,66,-2.1499013915528056,MAP_SCADA,111,0.004742530895395003
0,x_tcsc,1-14,-0.11119767728780644,67,-0.13958563120612696,MAP_SCADA,111,0.028387953918320524
1,B_svc,2,0.18569084335624564,67,0.30203519384382976,MAP_SCADA,111,0.11634435048758413
2,UPFC_Vsh,5-15,1.106366563748709,67,1.1053100449312332,MAP_SCADA,111,0.0010565188174758156
3,UPFC_tsh,5-15,-0.23386903030465617,67,-0.2256470553684916,MAP_SCADA,111,0.008221974936164556
4,UPFC_Vse,5-15,0.06056370946115216,67,0.06071664889130474,MAP_SCADA,111,0.00015293943015258493
5,UPFC_tse,5-15,-2.1571921085846038,67,-2.1499013915528056,MAP_SCADA,111,0.007290717031798177
0,x_tcsc,1-14,-0.11483410186228073,68,-0.13958563120612696,MAP_SCADA,111,0.024751529343846237
1,B_svc,2,0.17781365828617798,68,0.30203519384382976,MAP_SCADA,111,0.12422153555765178
2,UPFC_Vsh,5-15,1.106598391691374,68,1.1053100449312332,MAP_SCADA,111,0.0012883467601407794
3,UPFC_tsh,5-15,-0.23154604520573963,68,-0.2256470553684916,MAP_SCADA,111,0.005898989837248014
4,UPFC_Vse,5-15,0.06029084534704604,68,0.06071664889130474,MAP_SCADA,111,0.000425803544258703
5,UPFC_tse,5-15,-2.154853142467964,68,-2.1499013915528056,MAP_SCADA,111,0.004951750915158204
0,x_tcsc,1-14,-0.11173747291563595,69,-0.13958563120612696,MAP_SCADA,111,0.027848158290491018
1,B_svc,2,0.18495146124073875,69,0.30203519384382976,MAP_SCADA,111,0.11708373260309102
2,UPFC_Vsh,5-15,1.1072218108273122,69,1.1053100449312332,MAP_SCADA,111,0.0019117658960789985
3,UPFC_tsh,5-15,-0.23243266776604807,69,-0.2256470553684916,MAP_SCADA,111,0.006785612397556456
4,UPFC_Vse,5-15,0.05983529988183588,69,0.06071664889130474,MAP_SCADA,111,0.0008813490094688667
5,UPFC_tse,5-15,-2.162200479914194,69,-2.1499013915528056,MAP_SCADA,111,0.012299088361388488
0,x_tcsc,1-14,-0.11161295954054895,70,-0.13958563120612696,MAP_SCADA,111,0.027972671665578014
1,B_svc,2,0.18626377458114451,70,0.30203519384382976,MAP_SCADA,111,0.11577141926268525
2,UPFC_Vsh,5-15,1.1076076388806437,70,1.1053100449312332,MAP_SCADA,111,0.002297593949410537
3,UPFC_tsh,5-15,-0.23241563686137293,70,-0.2256470553684916,MAP_SCADA,111,0.006768581492881315
4,UPFC_Vse,5-15,0.0600901778234442,70,0.06071664889130474,MAP_SCADA,111,0.0006264710678605401
5,UPFC_tse,5-15,-2.159739654223675,70,-2.1499013915528056,MAP_SCADA,111,0.009838262670869291
0,x_tcsc,1-14,-0.11023236043321037,71,-0.13958563120612696,MAP_SCADA,111,0.029353270772916593
1,B_svc,2,0.18490639389636032,71,0.30203519384382976,MAP_SCADA,111,0.11712879994746944
2,UPFC_Vsh,5-15,1.1080515269839228,71,1.1053100449312332,MAP_SCADA,111,0.0027414820526896477
3,UPFC_tsh,5-15,-0.23367155568450076,71,-0.2256470553684916,MAP_SCADA,111,0.008024500316009153
4,UPFC_Vse,5-15,0.05956459850884551,71,0.06071664889130474,MAP_SCADA,111,0.0011520503824592326
5,UPFC_tse,5-15,-2.1603199827972,71,-2.1499013915528056,MAP_SCADA,111,0.01041859124439437
0,x_tcsc,1-14,-0.11481364685907605,72,-0.13958563120612696,MAP_SCADA,111,0.024771984347050913
1,B_svc,2,0.1740477843073324,72,0.30203519384382976,MAP_SCADA,111,0.12798740953649737
2,UPFC_Vsh,5-15,1.1093478133268266,72,1.1053100449312332,MAP_SCADA,111,0.004037768395593444
3,UPFC_tsh,5-15,-0.23031014743099787,72,-0.2256470553684916,MAP_SCADA,111,0.004663092062506258
4,UPFC_Vse,5-15,0.060376298368476404,72,0.06071664889130474,MAP_SCADA,111,0.00034035052282833933
5,UPFC_tse,5-15,-2.152526010071022,72,-2.1499013915528056,MAP_SCADA,111,0.0026246185182166037
0,x_tcsc,1-14,-0.11119939553174198,73,-0.13958563120612696,MAP_SCADA,111,0.028386235674384988
1,B_svc,2,0.18238211869777293,73,0.30203519384382976,MAP_SCADA,111,0.11965307514605683
2,UPFC_Vsh,5-15,1.1078410496521713,73,1.1053100449312332,MAP_SCADA,111,0.002531004720938146
3,UPFC_tsh,5-15,-0.23244182663890925,73,-0.2256470553684916,MAP_SCADA,111,0.006794771270417638
4,UPFC_Vse,5-15,0.060123430715658725,73,0.06071664889130474,MAP_SCADA,111,0.0005932181756460181
5,UPFC_tse,5-15,-2.154635166458868,73,-2.1499013915528056,MAP_SCADA,111,0.004733774906062305
0,x_tcsc,1-14,-0.11245131488496514,74,-0.13958563120612696,MAP_SCADA,111,0.027134316321161825
1,B_svc,2,0.18306689732739356,74,0.30203519384382976,MAP_SCADA,111,0.1189682965164362
2,UPFC_Vsh,5-15,1.1060877669311164,74,1.1053100449312332,MAP_SCADA,111,0.0007777219998832408
3,UPFC_tsh,5-15,-0.23225569221922024,74,-0.2256470553684916,MAP_SCADA,111,0.0066086368507286275
4,UPFC_Vse,5-15,0.06060816821702223,74,0.06071664889130474,MAP_SCADA,111,0.00010848067428251285
5,UPFC_tse,5-15,-2.1530639197953803,74,-2.1499013915528056,MAP_SCADA,111,0.0031625282425746803
0,x_tcsc,1-14,-0.11266851956063793,75,-0.13958563120612696,MAP_SCADA,111,0.02691711164548903
1,B_svc,2,0.17942389982839835,75,0.30203519384382976,MAP_SCADA,111,0.12261129401543142
2,UPFC_Vsh,5-15,1.1060512896544898,75,1.1053100449312332,MAP_SCADA,111,0.000741244723256651
3,UPFC_tsh,5-15,-0.2321833929982741,75,-0.2256470553684916,MAP_SCADA,111,0.006536337629782479
4,UPFC_Vse,5-15,0.0603953238342974,75,0.06071664889130474,MAP_SCADA,111,0.0003213250570073406
5,UPFC_tse,5-15,-2.156912981216897,75,-2.1499013915528056,MAP_SCADA,111,0.007011589664091211
0,x_tcsc,1-14,-0.11320542384235198,76,-0.13958563120612696,MAP_SCADA,111,0.026380207363774985
1,B_svc,2,0.17986454173726527,76,0.30203519384382976,MAP_SCADA,111,0.1221706521065645
2,UPFC_Vsh,5-15,1.107140576441596,76,1.1053100449312332,MAP_SCADA,111,0.0018305315103628317
3,UPFC_tsh,5-15,-0.2321309439923157,76,-0.2256470553684916,MAP_SCADA,111,0.006483888623824097
4,UPFC_Vse,5-15,0.06060513321190883,76,0.06071664889130474,MAP_SCADA,111,0.00011151567939591406
5,UPFC_tse,5-15,-2.154545901987454,76,-2.1499013915528056,MAP_SCADA,111,0.004644510434648641
0,x_tcsc,1-14,-0.11027983805247656,77,-0.13958563120612696,MAP_SCADA,111,0.02930579315365041
1,B_svc,2,0.19039840003568215,77,0.30203519384382976,MAP_SCADA,111,0.11163679380814762
2,UPFC_Vsh,5-15,1.1060914983424281,77,1.1053100449312332,MAP_SCADA,111,0.0007814534111949545
3,UPFC_tsh,5-15,-0.23354511247093693,77,-0.2256470553684916,MAP_SCADA,111,0.007898057102445316
4,UPFC_Vse,5-15,0.06064689698951932,77,0.06071664889130474,MAP_SCADA,111,6.975190178542395e-05
5,UPFC_tse,5-15,-2.163946771282591,77,-2.1499013915528056,MAP_SCADA,111,0.014045379729785257
0,x_tcsc,1-14,-0.11238909219532701,78,-0.13958563120612696,MAP_SCADA,111,0.02719653901079995
1,B_svc,2,0.18583281855938802,78,0.30203519384382976,MAP_SCADA,111,0.11620237528444174
2,UPFC_Vsh,5-15,1.1047114060882188,78,1.1053100449312332,MAP_SCADA,111,0.0005986388430143652
3,UPFC_tsh,5-15,-0.23331161314458537,78,-0.2256470553684916,MAP_SCADA,111,0.007664557776093761
4,UPFC_Vse,5-15,0.060731876001881645,78,0.06071664889130474,MAP_SCADA,111,1.5227110576901404e-05
5,UPFC_tse,5-15,-2.1574975209251144,78,-2.1499013915528056,MAP_SCADA,111,0.007596129372308802
0,x_tcsc,1-14,-0.11227674867262306,79,-0.13958563120612696,MAP_SCADA,111,0.0273088825335039
1,B_svc,2,0.17798850759682364,79,0.30203519384382976,MAP_SCADA,111,0.12404668624700613
2,UPFC_Vsh,5-15,1.1091646776389321,79,1.1053100449312332,MAP_SCADA,111,0.003854632707698924
3,UPFC_tsh,5-15,-0.2318079257618266,79,-0.2256470553684916,MAP_SCADA,111,0.006160870393334988
4,UPFC_Vse,5-15,0.0602518094619551,79,0.06071664889130474,MAP_SCADA,111,0.0004648394293496408
5,UPFC_tse,5-15,-2.1581915717638798,79,-2.1499013915528056,MAP_SCADA,111,0.008290180211074194
0,x_tcsc,1-14,-0.1103069614975914,80,-0.13958563120612696,MAP_SCADA,111,0.02927866970853557
1,B_svc,2,0.1855188842432045,80,0.30203519384382976,MAP_SCADA,111,0.11651630960062526
2,UPFC_Vsh,5-15,1.1082246409705168,80,1.1053100449312332,MAP_SCADA,111,0.002914596039283568
3,UPFC_tsh,5-15,-0.23237219805571732,80,-0.2256470553684916,MAP_SCADA,111,0.00672514268722571
4,UPFC_Vse,5-15,0.06017729077889988,80,0.06071664889130474,MAP_SCADA,111,0.0005393581124048599
5,UPFC_tse,5-15,-2.1579965052878802,80,-2.1499013915528056,MAP_SCADA,111,0.008095113735074655
0,x_tcsc,1-14,-0.11484420222689054,81,-0.13958563120612696,MAP_SCADA,111,0.024741428979236424
1,B_svc,2,0.17324317502602474,81,0.30203519384382976,MAP_SCADA,111,0.12879201881780503
2,UPFC_Vsh,5-15,1.107767203557404,81,1.1053100449312332,MAP_SCADA,111,0.0024571586261707967
3,UPFC_tsh,5-15,-0.23072723953847235,81,-0.2256470553684916,MAP_SCADA,111,0.005080184169980739
4,UPFC_Vse,5-15,0.060976563935023265,81,0.06071664889130474,MAP_SCADA,111,0.0002599150437185213
5,UPFC_tse,5-15,-2.149647198018337,81,-2.1499013915528056,MAP_SCADA,111,0.00025419353446842763
0,x_tcsc,1-14,-0.11180805607061052,82,-0.13958563120612696,MAP_SCADA,111,0.027777575135516444
1,B_svc,2,0.18178182354392003,82,0.30203519384382976,MAP_SCADA,111,0.12025337029990973
2,UPFC_Vsh,5-15,1.1089313718683742,82,1.1053100449312332,MAP_SCADA,111,0.0036213269371410117
3,UPFC_tsh,5-15,-0.2325040165114551,82,-0.2256470553684916,MAP_SCADA,111,0.006856961142963497
4,UPFC_Vse,5-15,0.059750170374855985,82,0.06071664889130474,MAP_SCADA,111,0.0009664785164487585
5,UPFC_tse,5-15,-2.157267769739594,82,-2.1499013915528056,MAP_SCADA,111,0.007366378186788314
0,x_tcsc,1-14,-0.11196594835243269,83,-0.13958563120612696,MAP_SCADA,111,0.027619682853694275
1,B_svc,2,0.18358007288343284,83,0.30203519384382976,MAP_SCADA,111,0.11845512096039693
2,UPFC_Vsh,5-15,1.1066161622964277,83,1.1053100449312332,MAP_SCADA,111,0.0013061173651944813
3,UPFC_tsh,5-15,-0.2338622644581635,83,-0.2256470553684916,MAP_SCADA,111,0.008215209089671882
4,UPFC_Vse,5-15,0.060341497574501454,83,0.06071664889130474,MAP_SCADA,111,0.0003751513168032891
5,UPFC_tse,5-15,-2.1576262979870653,83,-2.1499013915528056,MAP_SCADA,111,0.007724906434259715
0,x_tcsc,1-14,-0.11242372645679247,84,-0.13958563120612696,MAP_SCADA,111,0.027161904749334498
1,B_svc,2,0.181063038342786,84,0.30203519384382976,MAP_SCADA,111,0.12097215550104376
2,UPFC_Vsh,5-15,1.1081734188444792,84,1.1053100449312332,MAP_SCADA,111,0.0028633739132459812
3,UPFC_tsh,5-15,-0.23205042242021406,84,-0.2256470553684916,MAP_SCADA,111,0.006403367051722453
4,UPFC_Vse,5-15,0.060297588621276065,84,0.06071664889130474,MAP_SCADA,111,0.00041906027002867885
5,UPFC_tse,5-15,-2.1552974337286637,84,-2.1499013915528056,MAP_SCADA,111,0.005396042175858096
0,x_tcsc,1-14,-0.11184343666634057,85,-0.13958563120612696,MAP_SCADA,111,0.027742194539786394
1,B_svc,2,0.18561959631485753,85,0.30203519384382976,MAP_SCADA,111,0.11641559752897224
2,UPFC_Vsh,5-15,1.1067012175816726,85,1.1053100449312332,MAP_SCADA,111,0.0013911726504394206
3,UPFC_tsh,5-15,-0.23200039920807386,85,-0.2256470553684916,MAP_SCADA,111,0.006353343839582248
4,UPFC_Vse,5-15,0.060508485515277884,85,0.06071664889130474,MAP_SCADA,111,0.00020816337602685975
5,UPFC_tse,5-15,-2.156137188259973,85,-2.1499013915528056,MAP_SCADA,111,0.006235796707167562
0,x_tcsc,1-14,-0.11364135301624523,86,-0.13958563120612696,MAP_SCADA,111,0.025944278189881737
1,B_svc,2,0.1821219783944858,86,0.30203519384382976,MAP_SCADA,111,0.11991321544934397
2,UPFC_Vsh,5-15,1.107820798130156,86,1.1053100449312332,MAP_SCADA,111,0.0025107531989227994
3,UPFC_tsh,5-15,-0.2322128959487655,86,-0.2256470553684916,MAP_SCADA,111,0.006565840580273902
4,UPFC_Vse,5-15,0.060660300434416836,86,0.06071664889130474,MAP_SCADA,111,5.6348456887907183e-05
5,UPFC_tse,5-15,-2.1513489737161597,86,-2.1499013915528056,MAP_SCADA,111,0.0014475821633541663
0,x_tcsc,1-14,-0.11243275414694069,87,-0.13958563120612696,MAP_SCADA,111,0.027152877059186273
1,B_svc,2,0.18119025313673967,87,0.30203519384382976,MAP_SCADA,111,0.12084494070709009
2,UPFC_Vsh,5-15,1.1088940270782162,87,1.1053100449312332,MAP_SCADA,111,0.003583982146982967
3,UPFC_tsh,5-15,-0.2316124266592611,87,-0.2256470553684916,MAP_SCADA,111,0.005965371290769489
4,UPFC_Vse,5-15,0.060193264965839675,87,0.06071664889130474,MAP_SCADA,111,0.000523383925465068
5,UPFC_tse,5-15,-2.1547446105680494,87,-2.1499013915528056,MAP_SCADA,111,0.0048432190152438714
0,x_tcsc,1-14,-0.1117050885844963,88,-0.13958563120612696,MAP_SCADA,111,0.027880542621630658
1,B_svc,2,0.18225177768878625,88,0.30203519384382976,MAP_SCADA,111,0.11978341615504351
2,UPFC_Vsh,5-15,1.1091187232902788,88,1.1053100449312332,MAP_SCADA,111,0.0038086783590456363
3,UPFC_tsh,5-15,-0.23202232715977783,88,-0.2256470553684916,MAP_SCADA,111,0.006375271791286219
4,UPFC_Vse,5-15,0.060376671714547456,88,0.06071664889130474,MAP_SCADA,111,0.0003399771767572876
5,UPFC_tse,5-15,-2.162073760045472,88,-2.1499013915528056,MAP_SCADA,111,0.01217236849266623
0,x_tcsc,1-14,-0.11379815943239346,89,-0.13958563120612696,MAP_SCADA,111,0.0257874717737335
1,B_svc,2,0.1805462804774064,89,0.30203519384382976,MAP_SCADA,111,0.12148891336642337
2,UPFC_Vsh,5-15,1.1080653754934764,89,1.1053100449312332,MAP_SCADA,111,0.0027553305622431967
3,UPFC_tsh,5-15,-0.2315678341219605,89,-0.2256470553684916,MAP_SCADA,111,0.005920778753468886
4,UPFC_Vse,5-15,0.060031095941406064,89,0.06071664889130474,MAP_SCADA,111,0.0006855529498986795
5,UPFC_tse,5-15,-2.159275756025949,89,-2.1499013915528056,MAP_SCADA,111,0.009374364473143437
0,x_tcsc,1-14,-0.11269324663045342,90,-0.13958563120612696,MAP_SCADA,111,0.026892384575673542
1,B_svc,2,0.1821197549092243,90,0.30203519384382976,MAP_SCADA,111,0.11991543893460546
2,UPFC_Vsh,5-15,1.1062962965124052,90,1.1053100449312332,MAP_SCADA,111,0.0009862515811720485
3,UPFC_tsh,5-15,-0.23417220359261745,90,-0.2256470553684916,MAP_SCADA,111,0.00852514822412584
4,UPFC_Vse,5-15,0.060051107680717156,90,0.06071664889130474,MAP_SCADA,111,0.0006655412105875877
5,UPFC_tse,5-15,-2.157194858291217,90,-2.1499013915528056,MAP_SCADA,111,0.007293466738411247
0,x_tcsc,1-14,-0.11164315453934559,91,-0.13958563120612696,MAP_SCADA,111,0.027942476666781374
1,B_svc,2,0.18654973269484112,91,0.30203519384382976,MAP_SCADA,111,0.11548546114898864
2,UPFC_Vsh,5-15,1.1068988496328513,91,1.1053100449312332,MAP_SCADA,111,0.0015888047016181517
3,UPFC_tsh,5-15,-0.23361650316009025,91,-0.2256470553684916,MAP_SCADA,111,0.007969447791598638
4,UPFC_Vse,5-15,0.060603644534026314,91,0.06071664889130474,MAP_SCADA,111,0.00011300435727842895
5,UPFC_tse,5-15,-2.1555270160668036,91,-2.1499013915528056,MAP_SCADA,111,0.005625624513998062
0,x_tcsc,1-14,-0.11320362379910998,92,-0.13958563120612696,MAP_SCADA,111,0.02638200740701699
1,B_svc,2,0.1817882088694763,92,0.30203519384382976,MAP_SCADA,111,0.12024698497435346
2,UPFC_Vsh,5-15,1.1076439408886294,92,1.1053100449312332,MAP_SCADA,111,0.0023338959573961926
3,UPFC_tsh,5-15,-0.23202215347050792,92,-0.2256470553684916,MAP_SCADA,111,0.006375098102016308
4,UPFC_Vse,5-15,0.06037604036313058,92,0.06071664889130474,MAP_SCADA,111,0.0003406085281741633
5,UPFC_tse,5-15,-2.158383119696829,92,-2.1499013915528056,MAP_SCADA,111,0.008481728144023482
0,x_tcsc,1-14,-0.10898873491513596,93,-0.13958563120612696,MAP_SCADA,111,0.030596896290991007
1,B_svc,2,0.19068847968051864,93,0.30203519384382976,MAP_SCADA,111,0.11134671416331113
2,UPFC_Vsh,5-15,1.1066670030248402,93,1.1053100449312332,MAP_SCADA,111,0.0013569580936070302
3,UPFC_tsh,5-15,-0.23438533687847693,93,-0.2256470553684916,MAP_SCADA,111,0.008738281509985318
4,UPFC_Vse,5-15,0.06075473700274517,93,0.06071664889130474,MAP_SCADA,111,3.8088111440424954e-05
5,UPFC_tse,5-15,-2.1592122319698612,93,-2.1499013915528056,MAP_SCADA,111,0.009310840417055655
0,x_tcsc,1-14,-0.11178711151202753,94,-0.13958563120612696,MAP_SCADA,111,0.02779851969409944
1,B_svc,2,0.1862241898982063,94,0.30203519384382976,MAP_SCADA,111,0.11581100394562346
2,UPFC_Vsh,5-15,1.1073746068132924,94,1.1053100449312332,MAP_SCADA,111,0.0020645618820591682
3,UPFC_tsh,5-15,-0.23271118962076062,94,-0.2256470553684916,MAP_SCADA,111,0.007064134252269011
4,UPFC_Vse,5-15,0.05974367351699315,94,0.06071664889130474,MAP_SCADA,111,0.0009729753743115965
5,UPFC_tse,5-15,-2.1591837303616974,94,-2.1499013915528056,MAP_SCADA,111,0.009282338808891843
0,x_tcsc,1-14,-0.11281811211419954,95,-0.13958563120612696,MAP_SCADA,111,0.026767519091927428
1,B_svc,2,0.1798423535605849,95,0.30203519384382976,MAP_SCADA,111,0.12219284028324487
2,UPFC_Vsh,5-15,1.1107640975000732,95,1.1053100449312332,MAP_SCADA,111,0.005454052568840018
3,UPFC_tsh,5-15,-0.23130359362426886,95,-0.2256470553684916,MAP_SCADA,111,0.005656538255777249
4,UPFC_Vse,5-15,0.060407635714608096,95,0.06071664889130474,MAP_SCADA,111,0.00030901317669664724
5,UPFC_tse,5-15,-2.15105994964005,95,-2.1499013915528056,MAP_SCADA,111,0.0011585580872446322
0,x_tcsc,1-14,-0.11195570137059803,96,-0.13958563120612696,MAP_SCADA,111,0.027629929835528935
1,B_svc,2,0.18764742666765016,96,0.30203519384382976,MAP_SCADA,111,0.1143877671761796
2,UPFC_Vsh,5-15,1.109255661757014,96,1.1053100449312332,MAP_SCADA,111,0.003945616825780762
3,UPFC_tsh,5-15,-0.23200538249675867,96,-0.2256470553684916,MAP_SCADA,111,0.006358327128267061
4,UPFC_Vse,5-15,0.06062835131201776,96,0.06071664889130474,MAP_SCADA,111,8.829757928698057e-05
5,UPFC_tse,5-15,-2.1573787027016547,96,-2.1499013915528056,MAP_SCADA,111,0.007477311148849086
0,x_tcsc,1-14,-0.11174140659467031,97,-0.13958563120612696,MAP_SCADA,111,0.02784422461145665
1,B_svc,2,0.18426488750022654,97,0.30203519384382976,MAP_SCADA,111,0.11777030634360322
2,UPFC_Vsh,5-15,1.108756821574409,97,1.1053100449312332,MAP_SCADA,111,0.0034467766431758307
3,UPFC_tsh,5-15,-0.23306784874770028,97,-0.2256470553684916,MAP_SCADA,111,0.007420793379208673
4,UPFC_Vse,5-15,0.059787575256518455,97,0.06071664889130474,MAP_SCADA,111,0.0009290736347862885
5,UPFC_tse,5-15,-2.1580555421623253,97,-2.1499013915528056,MAP_SCADA,111,0.00815415060951974
0,x_tcsc,1-14,-0.11246565688486991,98,-0.13958563120612696,MAP_SCADA,111,0.027119974321257054
1,B_svc,2,0.18285318023999722,98,0.30203519384382976,MAP_SCADA,111,0.11918201360383254
2,UPFC_Vsh,5-15,1.109484306840395,98,1.1053100449312332,MAP_SCADA,111,0.004174261909161814
3,UPFC_tsh,5-15,-0.23208286556886998,98,-0.2256470553684916,MAP_SCADA,111,0.006435810200378367
4,UPFC_Vse,5-15,0.0605315567883521,98,0.06071664889130474,MAP_SCADA,111,0.00018509210295264422
5,UPFC_tse,5-15,-2.1553071214667407,98,-2.1499013915528056,MAP_SCADA,111,0.0054057299139351755
0,x_tcsc,1-14,-0.1137018084065269,99,-0.13958563120612696,MAP_SCADA,111,0.025883822799600067
1,B_svc,2,0.17857495229728937,99,0.30203519384382976,MAP_SCADA,111,0.1234602415465404
2,UPFC_Vsh,5-15,1.1088238971653452,99,1.1053100449312332,MAP_SCADA,111,0.003513852234112047
3,UPFC_tsh,5-15,-0.23186387590410268,99,-0.2256470553684916,MAP_SCADA,111,0.006216820535611067
4,UPFC_Vse,5-15,0.06031676127760777,99,0.06071664889130474,MAP_SCADA,111,0.00039988761369697673
5,UPFC_tse,5-15,-2.153187140622384,99,-2.1499013915528056,MAP_SCADA,111,0.0032857490695783476
0,x_tcsc,1-14,-0.1089531511781327,0,-0.1377663416495161,MAP_SCADA,113,0.028813190471383393
1,B_svc,2,0.1897935387956435,0,0.29204395471658073,MAP_SCADA,113,0.10225041592093723
2,UPFC_Vsh,5-15,1.1087431100620921,0,1.1060163735848434,MAP_SCADA,113,0.002726736477248748
3,UPFC_tsh,5-15,-0.23330975381613128,0,-0.22768882679917213,MAP_SCADA,113,0.005620927016959154
4,UPFC_Vse,5-15,0.059910786553985726,0,0.05916909112830997,MAP_SCADA,113,0.0007416954256757591
5,UPFC_tse,5-15,-2.1617541252362744,0,-2.1447867333164643,MAP_SCADA,113,0.016967391919810115
0,x_tcsc,1-14,-0.111586134031699,1,-0.1377663416495161,MAP_SCADA,113,0.0261802076178171
1,B_svc,2,0.18277825912481013,1,0.29204395471658073,MAP_SCADA,113,0.1092656955917706
2,UPFC_Vsh,5-15,1.1082234287991541,1,1.1060163735848434,MAP_SCADA,113,0.002207055214310749
3,UPFC_tsh,5-15,-0.23190643054264615,1,-0.22768882679917213,MAP_SCADA,113,0.004217603743474019
4,UPFC_Vse,5-15,0.06059477305551764,1,0.05916909112830997,MAP_SCADA,113,0.0014256819272076698
5,UPFC_tse,5-15,-2.1540585190564276,1,-2.1447867333164643,MAP_SCADA,113,0.009271785739963345
0,x_tcsc,1-14,-0.11211395804478234,2,-0.1377663416495161,MAP_SCADA,113,0.02565238360473375
1,B_svc,2,0.1868625727668949,2,0.29204395471658073,MAP_SCADA,113,0.10518138194968582
2,UPFC_Vsh,5-15,1.1067411309471762,2,1.1060163735848434,MAP_SCADA,113,0.0007247573623327952
3,UPFC_tsh,5-15,-0.2331739941656229,2,-0.22768882679917213,MAP_SCADA,113,0.005485167366450772
4,UPFC_Vse,5-15,0.0609363740875178,2,0.05916909112830997,MAP_SCADA,113,0.0017672829592078332
5,UPFC_tse,5-15,-2.152871154024673,2,-2.1447867333164643,MAP_SCADA,113,0.008084420708208917
0,x_tcsc,1-14,-0.11285742257812492,3,-0.1377663416495161,MAP_SCADA,113,0.024908919071391172
1,B_svc,2,0.18539429171333982,3,0.29204395471658073,MAP_SCADA,113,0.10664966300324091
2,UPFC_Vsh,5-15,1.1081386969229026,3,1.1060163735848434,MAP_SCADA,113,0.0021223233380591733
3,UPFC_tsh,5-15,-0.2324863078339946,3,-0.22768882679917213,MAP_SCADA,113,0.004797481034822471
4,UPFC_Vse,5-15,0.06048900561970597,3,0.05916909112830997,MAP_SCADA,113,0.0013199144913960056
5,UPFC_tse,5-15,-2.1551872012743307,3,-2.1447867333164643,MAP_SCADA,113,0.010400467957866422
0,x_tcsc,1-14,-0.11231476988244248,4,-0.1377663416495161,MAP_SCADA,113,0.02545157176707362
1,B_svc,2,0.18572521980578321,4,0.29204395471658073,MAP_SCADA,113,0.10631873491079752
2,UPFC_Vsh,5-15,1.1056512600233495,4,1.1060163735848434,MAP_SCADA,113,0.0003651135614939349
3,UPFC_tsh,5-15,-0.2338904834461942,4,-0.22768882679917213,MAP_SCADA,113,0.006201656647022075
4,UPFC_Vse,5-15,0.060121854908355796,4,0.05916909112830997,MAP_SCADA,113,0.0009527637800458288
5,UPFC_tse,5-15,-2.1592578402365357,4,-2.1447867333164643,MAP_SCADA,113,0.014471106920071364
0,x_tcsc,1-14,-0.11178525041785418,5,-0.1377663416495161,MAP_SCADA,113,0.02598109123166191
1,B_svc,2,0.18343692280570392,5,0.29204395471658073,MAP_SCADA,113,0.10860703191087681
2,UPFC_Vsh,5-15,1.109880077816995,5,1.1060163735848434,MAP_SCADA,113,0.0038637042321516546
3,UPFC_tsh,5-15,-0.2309144059831098,5,-0.22768882679917213,MAP_SCADA,113,0.003225579183937677
4,UPFC_Vse,5-15,0.0603194722178149,5,0.05916909112830997,MAP_SCADA,113,0.0011503810895049302
5,UPFC_tse,5-15,-2.155318859766885,5,-2.1447867333164643,MAP_SCADA,113,0.010532126450420787
0,x_tcsc,1-14,-0.11333459791028293,6,-0.1377663416495161,MAP_SCADA,113,0.024431743739233167
1,B_svc,2,0.18041966252582461,6,0.29204395471658073,MAP_SCADA,113,0.11162429219075612
2,UPFC_Vsh,5-15,1.1072648590523495,6,1.1060163735848434,MAP_SCADA,113,0.0012484854675061108
3,UPFC_tsh,5-15,-0.23253037627372858,6,-0.22768882679917213,MAP_SCADA,113,0.00484154947455645
4,UPFC_Vse,5-15,0.0600837156301815,6,0.05916909112830997,MAP_SCADA,113,0.0009146245018715332
5,UPFC_tse,5-15,-2.1559922176239676,6,-2.1447867333164643,MAP_SCADA,113,0.011205484307503344
0,x_tcsc,1-14,-0.11436276256544746,7,-0.1377663416495161,MAP_SCADA,113,0.023403579084068635
1,B_svc,2,0.17578589143797024,7,0.29204395471658073,MAP_SCADA,113,0.11625806327861049
2,UPFC_Vsh,5-15,1.1090257321918613,7,1.1060163735848434,MAP_SCADA,113,0.003009358607017898
3,UPFC_tsh,5-15,-0.230752004160547,7,-0.22768882679917213,MAP_SCADA,113,0.0030631773613748747
4,UPFC_Vse,5-15,0.06009782334247497,7,0.05916909112830997,MAP_SCADA,113,0.0009287322141649998
5,UPFC_tse,5-15,-2.1532896030355704,7,-2.1447867333164643,MAP_SCADA,113,0.008502869719106076
0,x_tcsc,1-14,-0.11346472153441553,8,-0.1377663416495161,MAP_SCADA,113,0.024301620115100564
1,B_svc,2,0.18048286210943015,8,0.29204395471658073,MAP_SCADA,113,0.11156109260715058
2,UPFC_Vsh,5-15,1.108480483695338,8,1.1060163735848434,MAP_SCADA,113,0.0024641101104945218
3,UPFC_tsh,5-15,-0.23109403596665595,8,-0.22768882679917213,MAP_SCADA,113,0.0034052091674838247
4,UPFC_Vse,5-15,0.05989475052534988,8,0.05916909112830997,MAP_SCADA,113,0.0007256593970399114
5,UPFC_tse,5-15,-2.153008952867411,8,-2.1447867333164643,MAP_SCADA,113,0.008222219550946708
0,x_tcsc,1-14,-0.11177440719091994,9,-0.1377663416495161,MAP_SCADA,113,0.025991934458596155
1,B_svc,2,0.18671012434317674,9,0.29204395471658073,MAP_SCADA,113,0.10533383037340399
2,UPFC_Vsh,5-15,1.1037795807258335,9,1.1060163735848434,MAP_SCADA,113,0.002236792859009906
3,UPFC_tsh,5-15,-0.23448940288511175,9,-0.22768882679917213,MAP_SCADA,113,0.006800576085939619
4,UPFC_Vse,5-15,0.06104008593960212,9,0.05916909112830997,MAP_SCADA,113,0.0018709948112921523
5,UPFC_tse,5-15,-2.1543496412886083,9,-2.1447867333164643,MAP_SCADA,113,0.009562907972143986
0,x_tcsc,1-14,-0.11194494997492009,10,-0.1377663416495161,MAP_SCADA,113,0.025821391674596003
1,B_svc,2,0.18561780207658218,10,0.29204395471658073,MAP_SCADA,113,0.10642615263999855
2,UPFC_Vsh,5-15,1.1077955580647714,10,1.1060163735848434,MAP_SCADA,113,0.0017791844799279755
3,UPFC_tsh,5-15,-0.23357350457639295,10,-0.22768882679917213,MAP_SCADA,113,0.00588467777722082
4,UPFC_Vse,5-15,0.06104911978819504,10,0.05916909112830997,MAP_SCADA,113,0.001880028659885076
5,UPFC_tse,5-15,-2.1542087215643924,10,-2.1447867333164643,MAP_SCADA,113,0.00942198824792806
0,x_tcsc,1-14,-0.11144691933862402,11,-0.1377663416495161,MAP_SCADA,113,0.02631942231089207
1,B_svc,2,0.18733135995158337,11,0.29204395471658073,MAP_SCADA,113,0.10471259476499736
2,UPFC_Vsh,5-15,1.106233756598256,11,1.1060163735848434,MAP_SCADA,113,0.0002173830134126753
3,UPFC_tsh,5-15,-0.23400144609007603,11,-0.22768882679917213,MAP_SCADA,113,0.006312619290903904
4,UPFC_Vse,5-15,0.06022611964382545,11,0.05916909112830997,MAP_SCADA,113,0.001057028515515486
5,UPFC_tse,5-15,-2.15561983957537,11,-2.1447867333164643,MAP_SCADA,113,0.010833106258905545
0,x_tcsc,1-14,-0.11335974657529489,12,-0.1377663416495161,MAP_SCADA,113,0.024406595074221202
1,B_svc,2,0.18052980160149132,12,0.29204395471658073,MAP_SCADA,113,0.11151415311508941
2,UPFC_Vsh,5-15,1.1072101395226248,12,1.1060163735848434,MAP_SCADA,113,0.0011937659377814214
3,UPFC_tsh,5-15,-0.23235149981375186,12,-0.22768882679917213,MAP_SCADA,113,0.004662673014579732
4,UPFC_Vse,5-15,0.06105168575186966,12,0.05916909112830997,MAP_SCADA,113,0.0018825946235596913
5,UPFC_tse,5-15,-2.1503334819797124,12,-2.1447867333164643,MAP_SCADA,113,0.005546748663248113
0,x_tcsc,1-14,-0.11211623931164033,13,-0.1377663416495161,MAP_SCADA,113,0.025650102337875763
1,B_svc,2,0.18705823005723368,13,0.29204395471658073,MAP_SCADA,113,0.10498572465934705
2,UPFC_Vsh,5-15,1.1059065780904005,13,1.1060163735848434,MAP_SCADA,113,0.00010979549444289916
3,UPFC_tsh,5-15,-0.23398759186968957,13,-0.22768882679917213,MAP_SCADA,113,0.006298765070517437
4,UPFC_Vse,5-15,0.06032973274826177,13,0.05916909112830997,MAP_SCADA,113,0.0011606416199518022
5,UPFC_tse,5-15,-2.1569813122485124,13,-2.1447867333164643,MAP_SCADA,113,0.012194578932048117
0,x_tcsc,1-14,-0.1137714289763915,14,-0.1377663416495161,MAP_SCADA,113,0.02399491267312459
1,B_svc,2,0.1830696590076973,14,0.29204395471658073,MAP_SCADA,113,0.10897429570888342
2,UPFC_Vsh,5-15,1.1082720687885226,14,1.1060163735848434,MAP_SCADA,113,0.0022556952036791866
3,UPFC_tsh,5-15,-0.23205392329338764,14,-0.22768882679917213,MAP_SCADA,113,0.004365096494215515
4,UPFC_Vse,5-15,0.060411104500337556,14,0.05916909112830997,MAP_SCADA,113,0.0012420133720275894
5,UPFC_tse,5-15,-2.1558802644963175,14,-2.1447867333164643,MAP_SCADA,113,0.011093531179853233
0,x_tcsc,1-14,-0.11331493961116607,15,-0.1377663416495161,MAP_SCADA,113,0.02445140203835003
1,B_svc,2,0.1800813984044449,15,0.29204395471658073,MAP_SCADA,113,0.11196255631213584
2,UPFC_Vsh,5-15,1.107314408698073,15,1.1060163735848434,MAP_SCADA,113,0.0012980351132296786
3,UPFC_tsh,5-15,-0.23205643090968373,15,-0.22768882679917213,MAP_SCADA,113,0.004367604110511597
4,UPFC_Vse,5-15,0.059873090964751116,15,0.05916909112830997,MAP_SCADA,113,0.0007039998364411493
5,UPFC_tse,5-15,-2.155007128440672,15,-2.1447867333164643,MAP_SCADA,113,0.010220395124207915
0,x_tcsc,1-14,-0.1122306884762184,16,-0.1377663416495161,MAP_SCADA,113,0.0255356531732977
1,B_svc,2,0.18775249902392893,16,0.29204395471658073,MAP_SCADA,113,0.1042914556926518
2,UPFC_Vsh,5-15,1.1049647892610377,16,1.1060163735848434,MAP_SCADA,113,0.0010515843238056988
3,UPFC_tsh,5-15,-0.2330079098466535,16,-0.22768882679917213,MAP_SCADA,113,0.005319083047481382
4,UPFC_Vse,5-15,0.06113724250918414,16,0.05916909112830997,MAP_SCADA,113,0.001968151380874174
5,UPFC_tse,5-15,-2.157423881875138,16,-2.1447867333164643,MAP_SCADA,113,0.012637148558673594
0,x_tcsc,1-14,-0.11263036020353481,17,-0.1377663416495161,MAP_SCADA,113,0.02513598144598128
1,B_svc,2,0.1817837233928617,17,0.29204395471658073,MAP_SCADA,113,0.11026023132371904
2,UPFC_Vsh,5-15,1.1084114438149966,17,1.1060163735848434,MAP_SCADA,113,0.0023950702301531734
3,UPFC_tsh,5-15,-0.23144867598779334,17,-0.22768882679917213,MAP_SCADA,113,0.0037598491886212115
4,UPFC_Vse,5-15,0.060318116756721364,17,0.05916909112830997,MAP_SCADA,113,0.0011490256284113973
5,UPFC_tse,5-15,-2.153541067371644,17,-2.1447867333164643,MAP_SCADA,113,0.008754334055179669
0,x_tcsc,1-14,-0.1123168833646532,18,-0.1377663416495161,MAP_SCADA,113,0.02544945828486289
1,B_svc,2,0.18114343012589246,18,0.29204395471658073,MAP_SCADA,113,0.11090052459068828
2,UPFC_Vsh,5-15,1.108076754568016,18,1.1060163735848434,MAP_SCADA,113,0.002060380983172516
3,UPFC_tsh,5-15,-0.2320082068359299,18,-0.22768882679917213,MAP_SCADA,113,0.004319380036757775
4,UPFC_Vse,5-15,0.06041732067962146,18,0.05916909112830997,MAP_SCADA,113,0.001248229551311493
5,UPFC_tse,5-15,-2.1552625136309573,18,-2.1447867333164643,MAP_SCADA,113,0.010475780314493033
0,x_tcsc,1-14,-0.11164424108868416,19,-0.1377663416495161,MAP_SCADA,113,0.026122100560831932
1,B_svc,2,0.18040424893429052,19,0.29204395471658073,MAP_SCADA,113,0.11163970578229021
2,UPFC_Vsh,5-15,1.108871364654878,19,1.1060163735848434,MAP_SCADA,113,0.002854991070034618
3,UPFC_tsh,5-15,-0.2324105075658558,19,-0.22768882679917213,MAP_SCADA,113,0.004721680766683667
4,UPFC_Vse,5-15,0.061155322165232597,19,0.05916909112830997,MAP_SCADA,113,0.0019862310369226296
5,UPFC_tse,5-15,-2.154669972733158,19,-2.1447867333164643,MAP_SCADA,113,0.00988323941669389
0,x_tcsc,1-14,-0.11274782327049446,20,-0.1377663416495161,MAP_SCADA,113,0.025018518379021637
1,B_svc,2,0.18459454920584656,20,0.29204395471658073,MAP_SCADA,113,0.10744940551073418
2,UPFC_Vsh,5-15,1.108006286307207,20,1.1060163735848434,MAP_SCADA,113,0.001989912722363707
3,UPFC_tsh,5-15,-0.23191990543603197,20,-0.22768882679917213,MAP_SCADA,113,0.004231078636859842
4,UPFC_Vse,5-15,0.06008050852103739,20,0.05916909112830997,MAP_SCADA,113,0.0009114173927274247
5,UPFC_tse,5-15,-2.1567097345688575,20,-2.1447867333164643,MAP_SCADA,113,0.011923001252393206
0,x_tcsc,1-14,-0.11169414259952308,21,-0.1377663416495161,MAP_SCADA,113,0.026072199049993014
1,B_svc,2,0.1857776632719838,21,0.29204395471658073,MAP_SCADA,113,0.10626629144459693
2,UPFC_Vsh,5-15,1.108184785877071,21,1.1060163735848434,MAP_SCADA,113,0.0021684122922276394
3,UPFC_tsh,5-15,-0.23273179667649846,21,-0.22768882679917213,MAP_SCADA,113,0.005042969877326331
4,UPFC_Vse,5-15,0.05992770845896655,21,0.05916909112830997,MAP_SCADA,113,0.0007586173306565816
5,UPFC_tse,5-15,-2.1568349329799426,21,-2.1447867333164643,MAP_SCADA,113,0.012048199663478254
0,x_tcsc,1-14,-0.11260572090998863,22,-0.1377663416495161,MAP_SCADA,113,0.02516062073952746
1,B_svc,2,0.18071338323253047,22,0.29204395471658073,MAP_SCADA,113,0.11133057148405026
2,UPFC_Vsh,5-15,1.106722196604619,22,1.1060163735848434,MAP_SCADA,113,0.0007058230197756199
3,UPFC_tsh,5-15,-0.23240057224166638,22,-0.22768882679917213,MAP_SCADA,113,0.004711745442494253
4,UPFC_Vse,5-15,0.059859672432762606,22,0.05916909112830997,MAP_SCADA,113,0.0006905813044526393
5,UPFC_tse,5-15,-2.1554046999392504,22,-2.1447867333164643,MAP_SCADA,113,0.010617966622786135
0,x_tcsc,1-14,-0.10863106555895048,23,-0.1377663416495161,MAP_SCADA,113,0.029135276090565612
1,B_svc,2,0.19440583723342642,23,0.29204395471658073,MAP_SCADA,113,0.09763811748315432
2,UPFC_Vsh,5-15,1.1056047474826858,23,1.1060163735848434,MAP_SCADA,113,0.00041162610215761397
3,UPFC_tsh,5-15,-0.23553602350049807,23,-0.22768882679917213,MAP_SCADA,113,0.007847196701325942
4,UPFC_Vse,5-15,0.06062491232048908,23,0.05916909112830997,MAP_SCADA,113,0.0014558211921791159
5,UPFC_tse,5-15,-2.1604370235879395,23,-2.1447867333164643,MAP_SCADA,113,0.015650290271475242
0,x_tcsc,1-14,-0.11358461640106417,24,-0.1377663416495161,MAP_SCADA,113,0.024181725248451927
1,B_svc,2,0.17847299555661278,24,0.29204395471658073,MAP_SCADA,113,0.11357095915996795
2,UPFC_Vsh,5-15,1.1077453708357268,24,1.1060163735848434,MAP_SCADA,113,0.0017289972508833795
3,UPFC_tsh,5-15,-0.23118967241909189,24,-0.22768882679917213,MAP_SCADA,113,0.003500845619919757
4,UPFC_Vse,5-15,0.06001689749729636,24,0.05916909112830997,MAP_SCADA,113,0.0008478063689863966
5,UPFC_tse,5-15,-2.1543010736861428,24,-2.1447867333164643,MAP_SCADA,113,0.009514340369678465
0,x_tcsc,1-14,-0.11320004043012336,25,-0.1377663416495161,MAP_SCADA,113,0.02456630121939274
1,B_svc,2,0.17941167260829785,25,0.29204395471658073,MAP_SCADA,113,0.11263228210828288
2,UPFC_Vsh,5-15,1.1101974435380184,25,1.1060163735848434,MAP_SCADA,113,0.004181069953175021
3,UPFC_tsh,5-15,-0.23031717049236608,25,-0.22768882679917213,MAP_SCADA,113,0.002628343693193952
4,UPFC_Vse,5-15,0.05996830578511454,25,0.05916909112830997,MAP_SCADA,113,0.0007992146568045755
5,UPFC_tse,5-15,-2.1553668754708863,25,-2.1447867333164643,MAP_SCADA,113,0.010580142154422045
0,x_tcsc,1-14,-0.11212214964649692,26,-0.1377663416495161,MAP_SCADA,113,0.02564419200301918
1,B_svc,2,0.1816223075761155,26,0.29204395471658073,MAP_SCADA,113,0.11042164714046523
2,UPFC_Vsh,5-15,1.1082064053681402,26,1.1060163735848434,MAP_SCADA,113,0.0021900317832967975
3,UPFC_tsh,5-15,-0.23179014857039898,26,-0.22768882679917213,MAP_SCADA,113,0.004101321771226851
4,UPFC_Vse,5-15,0.060238724303090414,26,0.05916909112830997,MAP_SCADA,113,0.0010696331747804474
5,UPFC_tse,5-15,-2.1599186635184866,26,-2.1447867333164643,MAP_SCADA,113,0.015131930202022303
0,x_tcsc,1-14,-0.11119204081336112,27,-0.1377663416495161,MAP_SCADA,113,0.026574300836154974
1,B_svc,2,0.1842705258074126,27,0.29204395471658073,MAP_SCADA,113,0.10777342890916813
2,UPFC_Vsh,5-15,1.1059116452390325,27,1.1060163735848434,MAP_SCADA,113,0.00010472834581087831
3,UPFC_tsh,5-15,-0.23295759170996305,27,-0.22768882679917213,MAP_SCADA,113,0.005268764910790924
4,UPFC_Vse,5-15,0.06053072554552834,27,0.05916909112830997,MAP_SCADA,113,0.0013616344172183714
5,UPFC_tse,5-15,-2.1561425446031106,27,-2.1447867333164643,MAP_SCADA,113,0.011355811286646311
0,x_tcsc,1-14,-0.11078516593243308,28,-0.1377663416495161,MAP_SCADA,113,0.026981175717083014
1,B_svc,2,0.1862073014298553,28,0.29204395471658073,MAP_SCADA,113,0.10583665328672542
2,UPFC_Vsh,5-15,1.105306562887327,28,1.1060163735848434,MAP_SCADA,113,0.0007098106975162999
3,UPFC_tsh,5-15,-0.2340897760936502,28,-0.22768882679917213,MAP_SCADA,113,0.00640094929447807
4,UPFC_Vse,5-15,0.06031540260348843,28,0.05916909112830997,MAP_SCADA,113,0.001146311475178463
5,UPFC_tse,5-15,-2.159848933017864,28,-2.1447867333164643,MAP_SCADA,113,0.01506219970139977
0,x_tcsc,1-14,-0.11114633594373284,29,-0.1377663416495161,MAP_SCADA,113,0.026620005705783253
1,B_svc,2,0.18515795790093445,29,0.29204395471658073,MAP_SCADA,113,0.10688599681564628
2,UPFC_Vsh,5-15,1.1077676810944392,29,1.1060163735848434,MAP_SCADA,113,0.0017513075095958452
3,UPFC_tsh,5-15,-0.2328826952361252,29,-0.22768882679917213,MAP_SCADA,113,0.005193868436953075
4,UPFC_Vse,5-15,0.06039577683997066,29,0.05916909112830997,MAP_SCADA,113,0.0012266857116606938
5,UPFC_tse,5-15,-2.155335140690537,29,-2.1447867333164643,MAP_SCADA,113,0.010548407374072699
0,x_tcsc,1-14,-0.11216068815257503,30,-0.1377663416495161,MAP_SCADA,113,0.025605653496941064
1,B_svc,2,0.17704446044748634,30,0.29204395471658073,MAP_SCADA,113,0.1149994942690944
2,UPFC_Vsh,5-15,1.109683072820936,30,1.1060163735848434,MAP_SCADA,113,0.00366669923609253
3,UPFC_tsh,5-15,-0.23174778760842352,30,-0.22768882679917213,MAP_SCADA,113,0.0040589608092513885
4,UPFC_Vse,5-15,0.06019310784890161,30,0.05916909112830997,MAP_SCADA,113,0.0010240167205916445
5,UPFC_tse,5-15,-2.1564072150031643,30,-2.1447867333164643,MAP_SCADA,113,0.011620481686700046
0,x_tcsc,1-14,-0.11251342636674841,31,-0.1377663416495161,MAP_SCADA,113,0.025252915282767685
1,B_svc,2,0.1831099893073962,31,0.29204395471658073,MAP_SCADA,113,0.10893396540918454
2,UPFC_Vsh,5-15,1.1078159760395527,31,1.1060163735848434,MAP_SCADA,113,0.001799602454709337
3,UPFC_tsh,5-15,-0.23189856588754654,31,-0.22768882679917213,MAP_SCADA,113,0.004209739088374409
4,UPFC_Vse,5-15,0.06007672510263565,31,0.05916909112830997,MAP_SCADA,113,0.0009076339743256806
5,UPFC_tse,5-15,-2.1587524619933207,31,-2.1447867333164643,MAP_SCADA,113,0.013965728676856415
0,x_tcsc,1-14,-0.10935089542807824,32,-0.1377663416495161,MAP_SCADA,113,0.02841544622143785
1,B_svc,2,0.18873592910746403,32,0.29204395471658073,MAP_SCADA,113,0.1033080256091167
2,UPFC_Vsh,5-15,1.109038949726816,32,1.1060163735848434,MAP_SCADA,113,0.003022576141972655
3,UPFC_tsh,5-15,-0.2330027710688704,32,-0.22768882679917213,MAP_SCADA,113,0.005313944269698279
4,UPFC_Vse,5-15,0.05985014716756717,32,0.05916909112830997,MAP_SCADA,113,0.000681056039257201
5,UPFC_tse,5-15,-2.1617669058380433,32,-2.1447867333164643,MAP_SCADA,113,0.016980172521579018
0,x_tcsc,1-14,-0.11132959920201867,33,-0.1377663416495161,MAP_SCADA,113,0.026436742447497427
1,B_svc,2,0.18595327212098606,33,0.29204395471658073,MAP_SCADA,113,0.10609068259559468
2,UPFC_Vsh,5-15,1.108084565723442,33,1.1060163735848434,MAP_SCADA,113,0.0020681921385985458
3,UPFC_tsh,5-15,-0.2321353180308911,33,-0.22768882679917213,MAP_SCADA,113,0.004446491231718974
4,UPFC_Vse,5-15,0.06002017416798528,33,0.05916909112830997,MAP_SCADA,113,0.0008510830396753141
5,UPFC_tse,5-15,-2.157033850389164,33,-2.1447867333164643,MAP_SCADA,113,0.012247117072699876
0,x_tcsc,1-14,-0.11034198001640978,34,-0.1377663416495161,MAP_SCADA,113,0.02742436163310631
1,B_svc,2,0.18678599517759245,34,0.29204395471658073,MAP_SCADA,113,0.10525795953898828
2,UPFC_Vsh,5-15,1.1085563560496479,34,1.1060163735848434,MAP_SCADA,113,0.002539982464804469
3,UPFC_tsh,5-15,-0.23312360340740504,34,-0.22768882679917213,MAP_SCADA,113,0.005434776608232911
4,UPFC_Vse,5-15,0.060366956294376876,34,0.05916909112830997,MAP_SCADA,113,0.0011978651660669096
5,UPFC_tse,5-15,-2.1581320522383804,34,-2.1447867333164643,MAP_SCADA,113,0.01334531892191615
0,x_tcsc,1-14,-0.11311317898577221,35,-0.1377663416495161,MAP_SCADA,113,0.024653162663743886
1,B_svc,2,0.18325163162252295,35,0.29204395471658073,MAP_SCADA,113,0.10879232309405779
2,UPFC_Vsh,5-15,1.1098842983230832,35,1.1060163735848434,MAP_SCADA,113,0.003867924738239825
3,UPFC_tsh,5-15,-0.23130759162507253,35,-0.22768882679917213,MAP_SCADA,113,0.0036187648259004
4,UPFC_Vse,5-15,0.06016391902929492,35,0.05916909112830997,MAP_SCADA,113,0.00099482790098495
5,UPFC_tse,5-15,-2.1548243799234137,35,-2.1447867333164643,MAP_SCADA,113,0.01003764660694939
0,x_tcsc,1-14,-0.1149720819539307,36,-0.1377663416495161,MAP_SCADA,113,0.022794259695585392
1,B_svc,2,0.1750447967126657,36,0.29204395471658073,MAP_SCADA,113,0.11699915800391503
2,UPFC_Vsh,5-15,1.1102778223388667,36,1.1060163735848434,MAP_SCADA,113,0.004261448754023345
3,UPFC_tsh,5-15,-0.22961423202170334,36,-0.22768882679917213,MAP_SCADA,113,0.0019254052225312068
4,UPFC_Vse,5-15,0.060175439493694916,36,0.05916909112830997,MAP_SCADA,113,0.0010063483653849487
5,UPFC_tse,5-15,-2.1527252492944804,36,-2.1447867333164643,MAP_SCADA,113,0.007938515978016092
0,x_tcsc,1-14,-0.1135383168444,37,-0.1377663416495161,MAP_SCADA,113,0.0242280248051161
1,B_svc,2,0.1808875627066663,37,0.29204395471658073,MAP_SCADA,113,0.11115639200991442
2,UPFC_Vsh,5-15,1.1097833398341765,37,1.1060163735848434,MAP_SCADA,113,0.003766966249333148
3,UPFC_tsh,5-15,-0.2306731020068669,37,-0.22768882679917213,MAP_SCADA,113,0.0029842752076947587
4,UPFC_Vse,5-15,0.059604765997265136,37,0.05916909112830997,MAP_SCADA,113,0.0004356748689551687
5,UPFC_tse,5-15,-2.1598551334837475,37,-2.1447867333164643,MAP_SCADA,113,0.015068400167283169
0,x_tcsc,1-14,-0.11241197576694792,38,-0.1377663416495161,MAP_SCADA,113,0.025354365882568175
1,B_svc,2,0.18139884194193798,38,0.29204395471658073,MAP_SCADA,113,0.11064511277464276
2,UPFC_Vsh,5-15,1.1092926368032598,38,1.1060163735848434,MAP_SCADA,113,0.003276263218416453
3,UPFC_tsh,5-15,-0.23168033003577468,38,-0.22768882679917213,MAP_SCADA,113,0.0039915032366025505
4,UPFC_Vse,5-15,0.06042739705196942,38,0.05916909112830997,MAP_SCADA,113,0.0012583059236594557
5,UPFC_tse,5-15,-2.150262573934795,38,-2.1447867333164643,MAP_SCADA,113,0.0054758406183306185
0,x_tcsc,1-14,-0.11336627208444718,39,-0.1377663416495161,MAP_SCADA,113,0.02440006956506892
1,B_svc,2,0.1824406965904449,39,0.29204395471658073,MAP_SCADA,113,0.10960325812613583
2,UPFC_Vsh,5-15,1.109450803391796,39,1.1060163735848434,MAP_SCADA,113,0.0034344298069526324
3,UPFC_tsh,5-15,-0.23110270791873322,39,-0.22768882679917213,MAP_SCADA,113,0.0034138811195610907
4,UPFC_Vse,5-15,0.06015947124209428,39,0.05916909112830997,MAP_SCADA,113,0.0009903801137843143
5,UPFC_tse,5-15,-2.1525195949795397,39,-2.1447867333164643,MAP_SCADA,113,0.007732861663075408
0,x_tcsc,1-14,-0.11449781928869908,40,-0.1377663416495161,MAP_SCADA,113,0.023268522360817015
1,B_svc,2,0.17698963311880708,40,0.29204395471658073,MAP_SCADA,113,0.11505432159777365
2,UPFC_Vsh,5-15,1.1099220982081328,40,1.1060163735848434,MAP_SCADA,113,0.0039057246232894194
3,UPFC_tsh,5-15,-0.23127461686611703,40,-0.22768882679917213,MAP_SCADA,113,0.0035857900669448994
4,UPFC_Vse,5-15,0.060217625795988015,40,0.05916909112830997,MAP_SCADA,113,0.0010485346676780485
5,UPFC_tse,5-15,-2.1504069037421822,40,-2.1447867333164643,MAP_SCADA,113,0.005620170425717941
0,x_tcsc,1-14,-0.11093572745407543,41,-0.1377663416495161,MAP_SCADA,113,0.026830614195440666
1,B_svc,2,0.18531896959267724,41,0.29204395471658073,MAP_SCADA,113,0.10672498512390349
2,UPFC_Vsh,5-15,1.108434994048722,41,1.1060163735848434,MAP_SCADA,113,0.002418620463878529
3,UPFC_tsh,5-15,-0.233408373060217,41,-0.22768882679917213,MAP_SCADA,113,0.005719546261044872
4,UPFC_Vse,5-15,0.060499846182725275,41,0.05916909112830997,MAP_SCADA,113,0.0013307550544153085
5,UPFC_tse,5-15,-2.1601069645717934,41,-2.1447867333164643,MAP_SCADA,113,0.015320231255329109
0,x_tcsc,1-14,-0.11147761500004855,42,-0.1377663416495161,MAP_SCADA,113,0.026288726649467548
1,B_svc,2,0.18730903475163513,42,0.29204395471658073,MAP_SCADA,113,0.1047349199649456
2,UPFC_Vsh,5-15,1.1074933658695576,42,1.1060163735848434,MAP_SCADA,113,0.001476992284714207
3,UPFC_tsh,5-15,-0.23274285808599332,42,-0.22768882679917213,MAP_SCADA,113,0.005054031286821192
4,UPFC_Vse,5-15,0.06046335877714539,42,0.05916909112830997,MAP_SCADA,113,0.0012942676488354246
5,UPFC_tse,5-15,-2.154540752922178,42,-2.1447867333164643,MAP_SCADA,113,0.009754019605713538
0,x_tcsc,1-14,-0.11305657612109273,43,-0.1377663416495161,MAP_SCADA,113,0.02470976552842337
1,B_svc,2,0.1792216928206034,43,0.29204395471658073,MAP_SCADA,113,0.11282226189597733
2,UPFC_Vsh,5-15,1.1100005386855296,43,1.1060163735848434,MAP_SCADA,113,0.003984165100686221
3,UPFC_tsh,5-15,-0.23036578137282954,43,-0.22768882679917213,MAP_SCADA,113,0.0026769545736574085
4,UPFC_Vse,5-15,0.06057910375371149,43,0.05916909112830997,MAP_SCADA,113,0.0014100126254015244
5,UPFC_tse,5-15,-2.1561589997097914,43,-2.1447867333164643,MAP_SCADA,113,0.011372266393327113
0,x_tcsc,1-14,-0.11207535639674679,44,-0.1377663416495161,MAP_SCADA,113,0.025690985252769305
1,B_svc,2,0.1846858498020382,44,0.29204395471658073,MAP_SCADA,113,0.10735810491454253
2,UPFC_Vsh,5-15,1.1077601535326256,44,1.1060163735848434,MAP_SCADA,113,0.001743779947782187
3,UPFC_tsh,5-15,-0.23261638863089268,44,-0.22768882679917213,MAP_SCADA,113,0.0049275618317205505
4,UPFC_Vse,5-15,0.06047525859342069,44,0.05916909112830997,MAP_SCADA,113,0.0013061674651107247
5,UPFC_tse,5-15,-2.154046429528506,44,-2.1447867333164643,MAP_SCADA,113,0.00925969621204148
0,x_tcsc,1-14,-0.11375431081784133,45,-0.1377663416495161,MAP_SCADA,113,0.02401203083167476
1,B_svc,2,0.17477818719938254,45,0.29204395471658073,MAP_SCADA,113,0.1172657675171982
2,UPFC_Vsh,5-15,1.1093197165452422,45,1.1060163735848434,MAP_SCADA,113,0.003303342960398803
3,UPFC_tsh,5-15,-0.23071303918734726,45,-0.22768882679917213,MAP_SCADA,113,0.0030242123881751293
4,UPFC_Vse,5-15,0.06014026459677954,45,0.05916909112830997,MAP_SCADA,113,0.0009711734684695744
5,UPFC_tse,5-15,-2.15388812615601,45,-2.1447867333164643,MAP_SCADA,113,0.009101392839545586
0,x_tcsc,1-14,-0.11310434548909658,46,-0.1377663416495161,MAP_SCADA,113,0.024661996160419516
1,B_svc,2,0.17866334359157365,46,0.29204395471658073,MAP_SCADA,113,0.11338061112500708
2,UPFC_Vsh,5-15,1.108715174743999,46,1.1060163735848434,MAP_SCADA,113,0.0026988011591555505
3,UPFC_tsh,5-15,-0.23114836154528098,46,-0.22768882679917213,MAP_SCADA,113,0.0034595347461088555
4,UPFC_Vse,5-15,0.060340846612470904,46,0.05916909112830997,MAP_SCADA,113,0.001171755484160937
5,UPFC_tse,5-15,-2.155077590767528,46,-2.1447867333164643,MAP_SCADA,113,0.01029085745106384
0,x_tcsc,1-14,-0.1126163685304988,47,-0.1377663416495161,MAP_SCADA,113,0.025149973119017288
1,B_svc,2,0.1826820223153454,47,0.29204395471658073,MAP_SCADA,113,0.10936193240123535
2,UPFC_Vsh,5-15,1.1078508671343414,47,1.1060163735848434,MAP_SCADA,113,0.0018344935494980508
3,UPFC_tsh,5-15,-0.23195436112425402,47,-0.22768882679917213,MAP_SCADA,113,0.004265534325081893
4,UPFC_Vse,5-15,0.06005427570146322,47,0.05916909112830997,MAP_SCADA,113,0.0008851845731532512
5,UPFC_tse,5-15,-2.149004765473707,47,-2.1447867333164643,MAP_SCADA,113,0.0042180321572424795
0,x_tcsc,1-14,-0.11202393736720709,48,-0.1377663416495161,MAP_SCADA,113,0.025742404282309006
1,B_svc,2,0.18197032083453404,48,0.29204395471658073,MAP_SCADA,113,0.11007363388204669
2,UPFC_Vsh,5-15,1.1088869066003255,48,1.1060163735848434,MAP_SCADA,113,0.002870533015482124
3,UPFC_tsh,5-15,-0.23173744296455784,48,-0.22768882679917213,MAP_SCADA,113,0.00404861616538571
4,UPFC_Vse,5-15,0.06064179275722406,48,0.05916909112830997,MAP_SCADA,113,0.0014727016289140943
5,UPFC_tse,5-15,-2.1579971846390347,48,-2.1447867333164643,MAP_SCADA,113,0.013210451322570371
0,x_tcsc,1-14,-0.11301190854144895,49,-0.1377663416495161,MAP_SCADA,113,0.024754433108067145
1,B_svc,2,0.1826769526565768,49,0.29204395471658073,MAP_SCADA,113,0.10936700206000394
2,UPFC_Vsh,5-15,1.10911972473425,49,1.1060163735848434,MAP_SCADA,113,0.003103351149406519
3,UPFC_tsh,5-15,-0.23197494578688546,49,-0.22768882679917213,MAP_SCADA,113,0.004286118987713333
4,UPFC_Vse,5-15,0.06039511975662008,49,0.05916909112830997,MAP_SCADA,113,0.0012260286283101163
5,UPFC_tse,5-15,-2.159769366853597,49,-2.1447867333164643,MAP_SCADA,113,0.014982633537132806
0,x_tcsc,1-14,-0.11232464740583507,50,-0.1377663416495161,MAP_SCADA,113,0.02544169424368102
1,B_svc,2,0.1804661933096819,50,0.29204395471658073,MAP_SCADA,113,0.11157776140689885
2,UPFC_Vsh,5-15,1.1082997050473367,50,1.1060163735848434,MAP_SCADA,113,0.0022833314624932655
3,UPFC_tsh,5-15,-0.23223059620849504,50,-0.22768882679917213,MAP_SCADA,113,0.00454176940932291
4,UPFC_Vse,5-15,0.060382776568446615,50,0.05916909112830997,MAP_SCADA,113,0.0012136854401366484
5,UPFC_tse,5-15,-2.15506436388257,50,-2.1447867333164643,MAP_SCADA,113,0.010277630566105866
0,x_tcsc,1-14,-0.11361562540832322,51,-0.1377663416495161,MAP_SCADA,113,0.024150716241192874
1,B_svc,2,0.17885922469653856,51,0.29204395471658073,MAP_SCADA,113,0.11318473002004217
2,UPFC_Vsh,5-15,1.1070689001567269,51,1.1060163735848434,MAP_SCADA,113,0.001052526571883483
3,UPFC_tsh,5-15,-0.2321065832889006,51,-0.22768882679917213,MAP_SCADA,113,0.004417756489728475
4,UPFC_Vse,5-15,0.06052340155011435,51,0.05916909112830997,MAP_SCADA,113,0.0013543104218043805
5,UPFC_tse,5-15,-2.1551682308222206,51,-2.1447867333164643,MAP_SCADA,113,0.010381497505756343
0,x_tcsc,1-14,-0.10848351521084021,52,-0.1377663416495161,MAP_SCADA,113,0.029282826438675885
1,B_svc,2,0.19662177475265205,52,0.29204395471658073,MAP_SCADA,113,0.09542217996392868
2,UPFC_Vsh,5-15,1.1078003615348868,52,1.1060163735848434,MAP_SCADA,113,0.0017839879500434197
3,UPFC_tsh,5-15,-0.23401474328945562,52,-0.22768882679917213,MAP_SCADA,113,0.006325916490283495
4,UPFC_Vse,5-15,0.06035505211035941,52,0.05916909112830997,MAP_SCADA,113,0.0011859609820494416
5,UPFC_tse,5-15,-2.160186956663391,52,-2.1447867333164643,MAP_SCADA,113,0.015400223346926811
0,x_tcsc,1-14,-0.11302618824924493,53,-0.1377663416495161,MAP_SCADA,113,0.024740153400271164
1,B_svc,2,0.1855528678668657,53,0.29204395471658073,MAP_SCADA,113,0.10649108684971503
2,UPFC_Vsh,5-15,1.106401917745756,53,1.1060163735848434,MAP_SCADA,113,0.000385544160912632
3,UPFC_tsh,5-15,-0.23299677621338608,53,-0.22768882679917213,MAP_SCADA,113,0.005307949414213947
4,UPFC_Vse,5-15,0.06025677125495774,53,0.05916909112830997,MAP_SCADA,113,0.0010876801266477762
5,UPFC_tse,5-15,-2.1530014389473546,53,-2.1447867333164643,MAP_SCADA,113,0.008214705630890329
0,x_tcsc,1-14,-0.10992588267449988,54,-0.1377663416495161,MAP_SCADA,113,0.02784045897501622
1,B_svc,2,0.18850845278962525,54,0.29204395471658073,MAP_SCADA,113,0.10353550192695549
2,UPFC_Vsh,5-15,1.1080263661691967,54,1.1060163735848434,MAP_SCADA,113,0.002009992584353304
3,UPFC_tsh,5-15,-0.2334353156834582,54,-0.22768882679917213,MAP_SCADA,113,0.005746488884286083
4,UPFC_Vse,5-15,0.060702502198160174,54,0.05916909112830997,MAP_SCADA,113,0.0015334110698502074
5,UPFC_tse,5-15,-2.159140326809645,54,-2.1447867333164643,MAP_SCADA,113,0.01435359349318066
0,x_tcsc,1-14,-0.11090856933726283,55,-0.1377663416495161,MAP_SCADA,113,0.026857772312253267
1,B_svc,2,0.18390305521965483,55,0.29204395471658073,MAP_SCADA,113,0.1081408994969259
2,UPFC_Vsh,5-15,1.105779728191416,55,1.1060163735848434,MAP_SCADA,113,0.00023664539342749258
3,UPFC_tsh,5-15,-0.23355893281144285,55,-0.22768882679917213,MAP_SCADA,113,0.005870106012270726
4,UPFC_Vse,5-15,0.06052711291959248,55,0.05916909112830997,MAP_SCADA,113,0.0013580217912825127
5,UPFC_tse,5-15,-2.1596477295296808,55,-2.1447867333164643,MAP_SCADA,113,0.01486099621321646
0,x_tcsc,1-14,-0.11295801478895467,56,-0.1377663416495161,MAP_SCADA,113,0.02480832686056142
1,B_svc,2,0.18145367109197516,56,0.29204395471658073,MAP_SCADA,113,0.11059028362460557
2,UPFC_Vsh,5-15,1.108183062115895,56,1.1060163735848434,MAP_SCADA,113,0.0021666885310516193
3,UPFC_tsh,5-15,-0.23276754175977452,56,-0.22768882679917213,MAP_SCADA,113,0.005078714960602387
4,UPFC_Vse,5-15,0.060201074271315824,56,0.05916909112830997,MAP_SCADA,113,0.0010319831430058574
5,UPFC_tse,5-15,-2.1541185297160985,56,-2.1447867333164643,MAP_SCADA,113,0.009331796399634218
0,x_tcsc,1-14,-0.11331549764469787,57,-0.1377663416495161,MAP_SCADA,113,0.02445084400481823
1,B_svc,2,0.18113549787680508,57,0.29204395471658073,MAP_SCADA,113,0.11090845683977565
2,UPFC_Vsh,5-15,1.1080297025810695,57,1.1060163735848434,MAP_SCADA,113,0.0020133289962260825
3,UPFC_tsh,5-15,-0.2318175980644757,57,-0.22768882679917213,MAP_SCADA,113,0.00412877126530356
4,UPFC_Vse,5-15,0.05974123277280337,57,0.05916909112830997,MAP_SCADA,113,0.0005721416444934013
5,UPFC_tse,5-15,-2.1568552925009024,57,-2.1447867333164643,MAP_SCADA,113,0.012068559184438055
0,x_tcsc,1-14,-0.11259592447870835,58,-0.1377663416495161,MAP_SCADA,113,0.025170417170807743
1,B_svc,2,0.1855124996650732,58,0.29204395471658073,MAP_SCADA,113,0.10653145505150755
2,UPFC_Vsh,5-15,1.1041639179721214,58,1.1060163735848434,MAP_SCADA,113,0.0018524556127219594
3,UPFC_tsh,5-15,-0.2337457779457213,58,-0.22768882679917213,MAP_SCADA,113,0.0060569511465491666
4,UPFC_Vse,5-15,0.060641571824637475,58,0.05916909112830997,MAP_SCADA,113,0.0014724806963275078
5,UPFC_tse,5-15,-2.1560231945507224,58,-2.1447867333164643,MAP_SCADA,113,0.011236461234258144
0,x_tcsc,1-14,-0.11286231559448634,59,-0.1377663416495161,MAP_SCADA,113,0.024904026055029754
1,B_svc,2,0.1817952967432671,59,0.29204395471658073,MAP_SCADA,113,0.11024865797331362
2,UPFC_Vsh,5-15,1.108691902973475,59,1.1060163735848434,MAP_SCADA,113,0.002675529388631581
3,UPFC_tsh,5-15,-0.23184199738940517,59,-0.22768882679917213,MAP_SCADA,113,0.004153170590233041
4,UPFC_Vse,5-15,0.060454713383064476,59,0.05916909112830997,MAP_SCADA,113,0.0012856222547545093
5,UPFC_tse,5-15,-2.15495703243471,59,-2.1447867333164643,MAP_SCADA,113,0.01017029911824574
0,x_tcsc,1-14,-0.1125451676959699,60,-0.1377663416495161,MAP_SCADA,113,0.0252211739535462
1,B_svc,2,0.18446213206889514,60,0.29204395471658073,MAP_SCADA,113,0.1075818226476856
2,UPFC_Vsh,5-15,1.108050671247431,60,1.1060163735848434,MAP_SCADA,113,0.0020342976625875586
3,UPFC_tsh,5-15,-0.2323091987208775,60,-0.22768882679917213,MAP_SCADA,113,0.004620371921705363
4,UPFC_Vse,5-15,0.06027242282692596,60,0.05916909112830997,MAP_SCADA,113,0.0011033316986159905
5,UPFC_tse,5-15,-2.1526136198908206,60,-2.1447867333164643,MAP_SCADA,113,0.007826886574356262
0,x_tcsc,1-14,-0.11410481713499057,61,-0.1377663416495161,MAP_SCADA,113,0.023661524514525523
1,B_svc,2,0.17972519930177294,61,0.29204395471658073,MAP_SCADA,113,0.11231875541480779
2,UPFC_Vsh,5-15,1.1062344025143551,61,1.1060163735848434,MAP_SCADA,113,0.0002180289295117266
3,UPFC_tsh,5-15,-0.23187134686501007,61,-0.22768882679917213,MAP_SCADA,113,0.004182520065837941
4,UPFC_Vse,5-15,0.06071318870310169,61,0.05916909112830997,MAP_SCADA,113,0.0015440975747917224
5,UPFC_tse,5-15,-2.1542601835848503,61,-2.1447867333164643,MAP_SCADA,113,0.009473450268385974
0,x_tcsc,1-14,-0.1115933269007217,62,-0.1377663416495161,MAP_SCADA,113,0.026173014748794396
1,B_svc,2,0.18400213468782292,62,0.29204395471658073,MAP_SCADA,113,0.10804182002875781
2,UPFC_Vsh,5-15,1.1074571520285303,62,1.1060163735848434,MAP_SCADA,113,0.001440778443686952
3,UPFC_tsh,5-15,-0.23263168864163766,62,-0.22768882679917213,MAP_SCADA,113,0.004942861842465535
4,UPFC_Vse,5-15,0.05996998341083485,62,0.05916909112830997,MAP_SCADA,113,0.0008008922825248829
5,UPFC_tse,5-15,-2.1600345054626127,62,-2.1447867333164643,MAP_SCADA,113,0.015247772146148364
0,x_tcsc,1-14,-0.11148815154244913,63,-0.1377663416495161,MAP_SCADA,113,0.02627819010706696
1,B_svc,2,0.18721449786679403,63,0.29204395471658073,MAP_SCADA,113,0.1048294568497867
2,UPFC_Vsh,5-15,1.1070688856726931,63,1.1060163735848434,MAP_SCADA,113,0.001052512087849733
3,UPFC_tsh,5-15,-0.23342688662212113,63,-0.22768882679917213,MAP_SCADA,113,0.005738059822949004
4,UPFC_Vse,5-15,0.05977947534148236,63,0.05916909112830997,MAP_SCADA,113,0.0006103842131723949
5,UPFC_tse,5-15,-2.1563252483151594,63,-2.1447867333164643,MAP_SCADA,113,0.01153851499869507
0,x_tcsc,1-14,-0.11195724792908147,64,-0.1377663416495161,MAP_SCADA,113,0.02580909372043462
1,B_svc,2,0.18532267620046441,64,0.29204395471658073,MAP_SCADA,113,0.10672127851611632
2,UPFC_Vsh,5-15,1.1062982148266969,64,1.1060163735848434,MAP_SCADA,113,0.0002818412418534866
3,UPFC_tsh,5-15,-0.23231828006468574,64,-0.22768882679917213,MAP_SCADA,113,0.004629453265513617
4,UPFC_Vse,5-15,0.060691859349195215,64,0.05916909112830997,MAP_SCADA,113,0.0015227682208852483
5,UPFC_tse,5-15,-2.152693367047146,64,-2.1447867333164643,MAP_SCADA,113,0.0079066337306819
0,x_tcsc,1-14,-0.11295515105283893,65,-0.1377663416495161,MAP_SCADA,113,0.024811190596677163
1,B_svc,2,0.18060145943688566,65,0.29204395471658073,MAP_SCADA,113,0.11144249527969508
2,UPFC_Vsh,5-15,1.1078146006483933,65,1.1060163735848434,MAP_SCADA,113,0.0017982270635499287
3,UPFC_tsh,5-15,-0.23209500185534337,65,-0.22768882679917213,MAP_SCADA,113,0.0044061750561712465
4,UPFC_Vse,5-15,0.06005942127011483,65,0.05916909112830997,MAP_SCADA,113,0.0008903301418048612
5,UPFC_tse,5-15,-2.152035993257443,65,-2.1447867333164643,MAP_SCADA,113,0.007249259940978803
0,x_tcsc,1-14,-0.1105648668522165,66,-0.1377663416495161,MAP_SCADA,113,0.02720147479729959
1,B_svc,2,0.1904464047979305,66,0.29204395471658073,MAP_SCADA,113,0.10159754991865022
2,UPFC_Vsh,5-15,1.108306155074037,66,1.1060163735848434,MAP_SCADA,113,0.0022897814891935653
3,UPFC_tsh,5-15,-0.23257200768493028,66,-0.22768882679917213,MAP_SCADA,113,0.004883180885758148
4,UPFC_Vse,5-15,0.06025958607178324,66,0.05916909112830997,MAP_SCADA,113,0.001090494943473276
5,UPFC_tse,5-15,-2.1546439224482006,66,-2.1447867333164643,MAP_SCADA,113,0.009857189131736277
0,x_tcsc,1-14,-0.11119767728780644,67,-0.1377663416495161,MAP_SCADA,113,0.026568664361709654
1,B_svc,2,0.18569084335624564,67,0.29204395471658073,MAP_SCADA,113,0.1063531113603351
2,UPFC_Vsh,5-15,1.106366563748709,67,1.1060163735848434,MAP_SCADA,113,0.00035019016386561574
3,UPFC_tsh,5-15,-0.23386903030465617,67,-0.22768882679917213,MAP_SCADA,113,0.006180203505484039
4,UPFC_Vse,5-15,0.06056370946115216,67,0.05916909112830997,MAP_SCADA,113,0.0013946183328421916
5,UPFC_tse,5-15,-2.1571921085846038,67,-2.1447867333164643,MAP_SCADA,113,0.012405375268139451
0,x_tcsc,1-14,-0.11483410186228073,68,-0.1377663416495161,MAP_SCADA,113,0.022932239787235367
1,B_svc,2,0.17781365828617798,68,0.29204395471658073,MAP_SCADA,113,0.11423029643040275
2,UPFC_Vsh,5-15,1.106598391691374,68,1.1060163735848434,MAP_SCADA,113,0.0005820181065305796
3,UPFC_tsh,5-15,-0.23154604520573963,68,-0.22768882679917213,MAP_SCADA,113,0.0038572184065674975
4,UPFC_Vse,5-15,0.06029084534704604,68,0.05916909112830997,MAP_SCADA,113,0.0011217542187360735
5,UPFC_tse,5-15,-2.154853142467964,68,-2.1447867333164643,MAP_SCADA,113,0.010066409151499478
0,x_tcsc,1-14,-0.11173747291563595,69,-0.1377663416495161,MAP_SCADA,113,0.026028868733880148
1,B_svc,2,0.18495146124073875,69,0.29204395471658073,MAP_SCADA,113,0.10709249347584199
2,UPFC_Vsh,5-15,1.1072218108273122,69,1.1060163735848434,MAP_SCADA,113,0.0012054372424687987
3,UPFC_tsh,5-15,-0.23243266776604807,69,-0.22768882679917213,MAP_SCADA,113,0.00474384096687594
4,UPFC_Vse,5-15,0.05983529988183588,69,0.05916909112830997,MAP_SCADA,113,0.0006662087535259098
5,UPFC_tse,5-15,-2.162200479914194,69,-2.1447867333164643,MAP_SCADA,113,0.017413746597729762
0,x_tcsc,1-14,-0.11161295954054895,70,-0.1377663416495161,MAP_SCADA,113,0.026153382108967144
1,B_svc,2,0.18626377458114451,70,0.29204395471658073,MAP_SCADA,113,0.10578018013543622
2,UPFC_Vsh,5-15,1.1076076388806437,70,1.1060163735848434,MAP_SCADA,113,0.001591265295800337
3,UPFC_tsh,5-15,-0.23241563686137293,70,-0.22768882679917213,MAP_SCADA,113,0.004726810062200798
4,UPFC_Vse,5-15,0.0600901778234442,70,0.05916909112830997,MAP_SCADA,113,0.0009210866951342364
5,UPFC_tse,5-15,-2.159739654223675,70,-2.1447867333164643,MAP_SCADA,113,0.014952920907210565
0,x_tcsc,1-14,-0.11023236043321037,71,-0.1377663416495161,MAP_SCADA,113,0.027533981216305722
1,B_svc,2,0.18490639389636032,71,0.29204395471658073,MAP_SCADA,113,0.10713756082022041
2,UPFC_Vsh,5-15,1.1080515269839228,71,1.1060163735848434,MAP_SCADA,113,0.002035153399079448
3,UPFC_tsh,5-15,-0.23367155568450076,71,-0.22768882679917213,MAP_SCADA,113,0.0059827288853286364
4,UPFC_Vse,5-15,0.05956459850884551,71,0.05916909112830997,MAP_SCADA,113,0.00039550738053554385
5,UPFC_tse,5-15,-2.1603199827972,71,-2.1447867333164643,MAP_SCADA,113,0.015533249480735645
0,x_tcsc,1-14,-0.11481364685907605,72,-0.1377663416495161,MAP_SCADA,113,0.022952694790440042
1,B_svc,2,0.1740477843073324,72,0.29204395471658073,MAP_SCADA,113,0.11799617040924834
2,UPFC_Vsh,5-15,1.1093478133268266,72,1.1060163735848434,MAP_SCADA,113,0.0033314397419832442
3,UPFC_tsh,5-15,-0.23031014743099787,72,-0.22768882679917213,MAP_SCADA,113,0.002621320631825741
4,UPFC_Vse,5-15,0.060376298368476404,72,0.05916909112830997,MAP_SCADA,113,0.0012072072401664372
5,UPFC_tse,5-15,-2.152526010071022,72,-2.1447867333164643,MAP_SCADA,113,0.007739276754557878
0,x_tcsc,1-14,-0.11119939553174198,73,-0.1377663416495161,MAP_SCADA,113,0.026566946117774118
1,B_svc,2,0.18238211869777293,73,0.29204395471658073,MAP_SCADA,113,0.1096618360188078
2,UPFC_Vsh,5-15,1.1078410496521713,73,1.1060163735848434,MAP_SCADA,113,0.001824676067327946
3,UPFC_tsh,5-15,-0.23244182663890925,73,-0.22768882679917213,MAP_SCADA,113,0.004752999839737121
4,UPFC_Vse,5-15,0.060123430715658725,73,0.05916909112830997,MAP_SCADA,113,0.0009543395873487584
5,UPFC_tse,5-15,-2.154635166458868,73,-2.1447867333164643,MAP_SCADA,113,0.009848433142403579
0,x_tcsc,1-14,-0.11245131488496514,74,-0.1377663416495161,MAP_SCADA,113,0.025315026764550955
1,B_svc,2,0.18306689732739356,74,0.29204395471658073,MAP_SCADA,113,0.10897705738918717
2,UPFC_Vsh,5-15,1.1060877669311164,74,1.1060163735848434,MAP_SCADA,113,7.139334627304095e-05
3,UPFC_tsh,5-15,-0.23225569221922024,74,-0.22768882679917213,MAP_SCADA,113,0.004566865420048111
4,UPFC_Vse,5-15,0.06060816821702223,74,0.05916909112830997,MAP_SCADA,113,0.0014390770887122636
5,UPFC_tse,5-15,-2.1530639197953803,74,-2.1447867333164643,MAP_SCADA,113,0.008277186478915954
0,x_tcsc,1-14,-0.11266851956063793,75,-0.1377663416495161,MAP_SCADA,113,0.02509782208887816
1,B_svc,2,0.17942389982839835,75,0.29204395471658073,MAP_SCADA,113,0.11262005488818239
2,UPFC_Vsh,5-15,1.1060512896544898,75,1.1060163735848434,MAP_SCADA,113,3.491606964645122e-05
3,UPFC_tsh,5-15,-0.2321833929982741,75,-0.22768882679917213,MAP_SCADA,113,0.0044945661991019625
4,UPFC_Vse,5-15,0.0603953238342974,75,0.05916909112830997,MAP_SCADA,113,0.0012262327059874359
5,UPFC_tse,5-15,-2.156912981216897,75,-2.1447867333164643,MAP_SCADA,113,0.012126247900432485
0,x_tcsc,1-14,-0.11320542384235198,76,-0.1377663416495161,MAP_SCADA,113,0.024560917807164115
1,B_svc,2,0.17986454173726527,76,0.29204395471658073,MAP_SCADA,113,0.11217941297931547
2,UPFC_Vsh,5-15,1.107140576441596,76,1.1060163735848434,MAP_SCADA,113,0.0011242028567526319
3,UPFC_tsh,5-15,-0.2321309439923157,76,-0.22768882679917213,MAP_SCADA,113,0.00444211719314358
4,UPFC_Vse,5-15,0.06060513321190883,76,0.05916909112830997,MAP_SCADA,113,0.0014360420835988624
5,UPFC_tse,5-15,-2.154545901987454,76,-2.1447867333164643,MAP_SCADA,113,0.009759168670989915
0,x_tcsc,1-14,-0.11027983805247656,77,-0.1377663416495161,MAP_SCADA,113,0.02748650359703954
1,B_svc,2,0.19039840003568215,77,0.29204395471658073,MAP_SCADA,113,0.10164555468089859
2,UPFC_Vsh,5-15,1.1060914983424281,77,1.1060163735848434,MAP_SCADA,113,7.512475758475468e-05
3,UPFC_tsh,5-15,-0.23354511247093693,77,-0.22768882679917213,MAP_SCADA,113,0.005856285671764799
4,UPFC_Vse,5-15,0.06064689698951932,77,0.05916909112830997,MAP_SCADA,113,0.0014778058612093525
5,UPFC_tse,5-15,-2.163946771282591,77,-2.1447867333164643,MAP_SCADA,113,0.01916003796612653
0,x_tcsc,1-14,-0.11238909219532701,78,-0.1377663416495161,MAP_SCADA,113,0.02537724945418908
1,B_svc,2,0.18583281855938802,78,0.29204395471658073,MAP_SCADA,113,0.10621113615719271
2,UPFC_Vsh,5-15,1.1047114060882188,78,1.1060163735848434,MAP_SCADA,113,0.001304967496624565
3,UPFC_tsh,5-15,-0.23331161314458537,78,-0.22768882679917213,MAP_SCADA,113,0.005622786345413244
4,UPFC_Vse,5-15,0.060731876001881645,78,0.05916909112830997,MAP_SCADA,113,0.0015627848735716779
5,UPFC_tse,5-15,-2.1574975209251144,78,-2.1447867333164643,MAP_SCADA,113,0.012710787608650076
0,x_tcsc,1-14,-0.11227674867262306,79,-0.1377663416495161,MAP_SCADA,113,0.02548959297689303
1,B_svc,2,0.17798850759682364,79,0.29204395471658073,MAP_SCADA,113,0.1140554471197571
2,UPFC_Vsh,5-15,1.1091646776389321,79,1.1060163735848434,MAP_SCADA,113,0.003148304054088724
3,UPFC_tsh,5-15,-0.2318079257618266,79,-0.22768882679917213,MAP_SCADA,113,0.004119098962654472
4,UPFC_Vse,5-15,0.0602518094619551,79,0.05916909112830997,MAP_SCADA,113,0.0010827183336451357
5,UPFC_tse,5-15,-2.1581915717638798,79,-2.1447867333164643,MAP_SCADA,113,0.013404838447415468
0,x_tcsc,1-14,-0.1103069614975914,80,-0.1377663416495161,MAP_SCADA,113,0.0274593801519247
1,B_svc,2,0.1855188842432045,80,0.29204395471658073,MAP_SCADA,113,0.10652507047337623
2,UPFC_Vsh,5-15,1.1082246409705168,80,1.1060163735848434,MAP_SCADA,113,0.002208267385673368
3,UPFC_tsh,5-15,-0.23237219805571732,80,-0.22768882679917213,MAP_SCADA,113,0.0046833712565451935
4,UPFC_Vse,5-15,0.06017729077889988,80,0.05916909112830997,MAP_SCADA,113,0.0010081996505899166
5,UPFC_tse,5-15,-2.1579965052878802,80,-2.1447867333164643,MAP_SCADA,113,0.013209771971415929
0,x_tcsc,1-14,-0.11484420222689054,81,-0.1377663416495161,MAP_SCADA,113,0.022922139422625554
1,B_svc,2,0.17324317502602474,81,0.29204395471658073,MAP_SCADA,113,0.118800779690556
2,UPFC_Vsh,5-15,1.107767203557404,81,1.1060163735848434,MAP_SCADA,113,0.001750829972560597
3,UPFC_tsh,5-15,-0.23072723953847235,81,-0.22768882679917213,MAP_SCADA,113,0.0030384127393002225
4,UPFC_Vse,5-15,0.060976563935023265,81,0.05916909112830997,MAP_SCADA,113,0.0018074728067132978
5,UPFC_tse,5-15,-2.149647198018337,81,-2.1447867333164643,MAP_SCADA,113,0.004860464701872846
0,x_tcsc,1-14,-0.11180805607061052,82,-0.1377663416495161,MAP_SCADA,113,0.025958285578905574
1,B_svc,2,0.18178182354392003,82,0.29204395471658073,MAP_SCADA,113,0.1102621311726607
2,UPFC_Vsh,5-15,1.1089313718683742,82,1.1060163735848434,MAP_SCADA,113,0.002914998283530812
3,UPFC_tsh,5-15,-0.2325040165114551,82,-0.22768882679917213,MAP_SCADA,113,0.00481518971228298
4,UPFC_Vse,5-15,0.059750170374855985,82,0.05916909112830997,MAP_SCADA,113,0.000581079246546018
5,UPFC_tse,5-15,-2.157267769739594,82,-2.1447867333164643,MAP_SCADA,113,0.012481036423129588
0,x_tcsc,1-14,-0.11196594835243269,83,-0.1377663416495161,MAP_SCADA,113,0.025800393297083404
1,B_svc,2,0.18358007288343284,83,0.29204395471658073,MAP_SCADA,113,0.1084638818331479
2,UPFC_Vsh,5-15,1.1066161622964277,83,1.1060163735848434,MAP_SCADA,113,0.0005997887115842815
3,UPFC_tsh,5-15,-0.2338622644581635,83,-0.22768882679917213,MAP_SCADA,113,0.006173437658991365
4,UPFC_Vse,5-15,0.060341497574501454,83,0.05916909112830997,MAP_SCADA,113,0.0011724064461914874
5,UPFC_tse,5-15,-2.1576262979870653,83,-2.1447867333164643,MAP_SCADA,113,0.01283956467060099
0,x_tcsc,1-14,-0.11242372645679247,84,-0.1377663416495161,MAP_SCADA,113,0.025342615192723628
1,B_svc,2,0.181063038342786,84,0.29204395471658073,MAP_SCADA,113,0.11098091637379473
2,UPFC_Vsh,5-15,1.1081734188444792,84,1.1060163735848434,MAP_SCADA,113,0.0021570452596357814
3,UPFC_tsh,5-15,-0.23205042242021406,84,-0.22768882679917213,MAP_SCADA,113,0.004361595621041936
4,UPFC_Vse,5-15,0.060297588621276065,84,0.05916909112830997,MAP_SCADA,113,0.0011284974929660976
5,UPFC_tse,5-15,-2.1552974337286637,84,-2.1447867333164643,MAP_SCADA,113,0.01051070041219937
0,x_tcsc,1-14,-0.11184343666634057,85,-0.1377663416495161,MAP_SCADA,113,0.025922904983175524
1,B_svc,2,0.18561959631485753,85,0.29204395471658073,MAP_SCADA,113,0.1064243584017232
2,UPFC_Vsh,5-15,1.1067012175816726,85,1.1060163735848434,MAP_SCADA,113,0.0006848439968292208
3,UPFC_tsh,5-15,-0.23200039920807386,85,-0.22768882679917213,MAP_SCADA,113,0.0043115724089017315
4,UPFC_Vse,5-15,0.060508485515277884,85,0.05916909112830997,MAP_SCADA,113,0.0013393943869679167
5,UPFC_tse,5-15,-2.156137188259973,85,-2.1447867333164643,MAP_SCADA,113,0.011350454943508836
0,x_tcsc,1-14,-0.11364135301624523,86,-0.1377663416495161,MAP_SCADA,113,0.024124988633270866
1,B_svc,2,0.1821219783944858,86,0.29204395471658073,MAP_SCADA,113,0.10992197632209494
2,UPFC_Vsh,5-15,1.107820798130156,86,1.1060163735848434,MAP_SCADA,113,0.0018044245453125995
3,UPFC_tsh,5-15,-0.2322128959487655,86,-0.22768882679917213,MAP_SCADA,113,0.004524069149593385
4,UPFC_Vse,5-15,0.060660300434416836,86,0.05916909112830997,MAP_SCADA,113,0.0014912093061068693
5,UPFC_tse,5-15,-2.1513489737161597,86,-2.1447867333164643,MAP_SCADA,113,0.00656224039969544
0,x_tcsc,1-14,-0.11243275414694069,87,-0.1377663416495161,MAP_SCADA,113,0.025333587502575403
1,B_svc,2,0.18119025313673967,87,0.29204395471658073,MAP_SCADA,113,0.11085370157984106
2,UPFC_Vsh,5-15,1.1088940270782162,87,1.1060163735848434,MAP_SCADA,113,0.002877653493372767
3,UPFC_tsh,5-15,-0.2316124266592611,87,-0.22768882679917213,MAP_SCADA,113,0.003923599860088972
4,UPFC_Vse,5-15,0.060193264965839675,87,0.05916909112830997,MAP_SCADA,113,0.0010241738375297085
5,UPFC_tse,5-15,-2.1547446105680494,87,-2.1447867333164643,MAP_SCADA,113,0.009957877251585145
0,x_tcsc,1-14,-0.1117050885844963,88,-0.1377663416495161,MAP_SCADA,113,0.026061253065019788
1,B_svc,2,0.18225177768878625,88,0.29204395471658073,MAP_SCADA,113,0.10979217702779448
2,UPFC_Vsh,5-15,1.1091187232902788,88,1.1060163735848434,MAP_SCADA,113,0.0031023497054354365
3,UPFC_tsh,5-15,-0.23202232715977783,88,-0.22768882679917213,MAP_SCADA,113,0.004333500360605702
4,UPFC_Vse,5-15,0.060376671714547456,88,0.05916909112830997,MAP_SCADA,113,0.0012075805862374889
5,UPFC_tse,5-15,-2.162073760045472,88,-2.1447867333164643,MAP_SCADA,113,0.017287026729007504
0,x_tcsc,1-14,-0.11379815943239346,89,-0.1377663416495161,MAP_SCADA,113,0.02396818221712263
1,B_svc,2,0.1805462804774064,89,0.29204395471658073,MAP_SCADA,113,0.11149767423917434
2,UPFC_Vsh,5-15,1.1080653754934764,89,1.1060163735848434,MAP_SCADA,113,0.002049001908632997
3,UPFC_tsh,5-15,-0.2315678341219605,89,-0.22768882679917213,MAP_SCADA,113,0.0038790073227883692
4,UPFC_Vse,5-15,0.060031095941406064,89,0.05916909112830997,MAP_SCADA,113,0.0008620048130960969
5,UPFC_tse,5-15,-2.159275756025949,89,-2.1447867333164643,MAP_SCADA,113,0.014489022709484711
0,x_tcsc,1-14,-0.11269324663045342,90,-0.1377663416495161,MAP_SCADA,113,0.02507309501906267
1,B_svc,2,0.1821197549092243,90,0.29204395471658073,MAP_SCADA,113,0.10992419980735643
2,UPFC_Vsh,5-15,1.1062962965124052,90,1.1060163735848434,MAP_SCADA,113,0.00027992292756184867
3,UPFC_tsh,5-15,-0.23417220359261745,90,-0.22768882679917213,MAP_SCADA,113,0.006483376793445322
4,UPFC_Vse,5-15,0.060051107680717156,90,0.05916909112830997,MAP_SCADA,113,0.0008820165524071888
5,UPFC_tse,5-15,-2.157194858291217,90,-2.1447867333164643,MAP_SCADA,113,0.012408124974752521
0,x_tcsc,1-14,-0.11164315453934559,91,-0.1377663416495161,MAP_SCADA,113,0.026123187110170504
1,B_svc,2,0.18654973269484112,91,0.29204395471658073,MAP_SCADA,113,0.10549422202173961
2,UPFC_Vsh,5-15,1.1068988496328513,91,1.1060163735848434,MAP_SCADA,113,0.0008824760480079519
3,UPFC_tsh,5-15,-0.23361650316009025,91,-0.22768882679917213,MAP_SCADA,113,0.0059276763609181216
4,UPFC_Vse,5-15,0.060603644534026314,91,0.05916909112830997,MAP_SCADA,113,0.0014345534057163475
5,UPFC_tse,5-15,-2.1555270160668036,91,-2.1447867333164643,MAP_SCADA,113,0.010740282750339336
0,x_tcsc,1-14,-0.11320362379910998,92,-0.1377663416495161,MAP_SCADA,113,0.02456271785040612
1,B_svc,2,0.1817882088694763,92,0.29204395471658073,MAP_SCADA,113,0.11025574584710443
2,UPFC_Vsh,5-15,1.1076439408886294,92,1.1060163735848434,MAP_SCADA,113,0.0016275673037859928
3,UPFC_tsh,5-15,-0.23202215347050792,92,-0.22768882679917213,MAP_SCADA,113,0.004333326671335791
4,UPFC_Vse,5-15,0.06037604036313058,92,0.05916909112830997,MAP_SCADA,113,0.0012069492348206132
5,UPFC_tse,5-15,-2.158383119696829,92,-2.1447867333164643,MAP_SCADA,113,0.013596386380364756
0,x_tcsc,1-14,-0.10898873491513596,93,-0.1377663416495161,MAP_SCADA,113,0.028777606734380137
1,B_svc,2,0.19068847968051864,93,0.29204395471658073,MAP_SCADA,113,0.1013554750360621
2,UPFC_Vsh,5-15,1.1066670030248402,93,1.1060163735848434,MAP_SCADA,113,0.0006506294399968304
3,UPFC_tsh,5-15,-0.23438533687847693,93,-0.22768882679917213,MAP_SCADA,113,0.006696510079304802
4,UPFC_Vse,5-15,0.06075473700274517,93,0.05916909112830997,MAP_SCADA,113,0.0015856458744352014
5,UPFC_tse,5-15,-2.1592122319698612,93,-2.1447867333164643,MAP_SCADA,113,0.014425498653396929
0,x_tcsc,1-14,-0.11178711151202753,94,-0.1377663416495161,MAP_SCADA,113,0.025979230137488568
1,B_svc,2,0.1862241898982063,94,0.29204395471658073,MAP_SCADA,113,0.10581976481837443
2,UPFC_Vsh,5-15,1.1073746068132924,94,1.1060163735848434,MAP_SCADA,113,0.0013582332284489684
3,UPFC_tsh,5-15,-0.23271118962076062,94,-0.22768882679917213,MAP_SCADA,113,0.005022362821588494
4,UPFC_Vse,5-15,0.05974367351699315,94,0.05916909112830997,MAP_SCADA,113,0.00057458238868318
5,UPFC_tse,5-15,-2.1591837303616974,94,-2.1447867333164643,MAP_SCADA,113,0.014396997045233118
0,x_tcsc,1-14,-0.11281811211419954,95,-0.1377663416495161,MAP_SCADA,113,0.024948229535316557
1,B_svc,2,0.1798423535605849,95,0.29204395471658073,MAP_SCADA,113,0.11220160115599584
2,UPFC_Vsh,5-15,1.1107640975000732,95,1.1060163735848434,MAP_SCADA,113,0.004747723915229818
3,UPFC_tsh,5-15,-0.23130359362426886,95,-0.22768882679917213,MAP_SCADA,113,0.0036147668250967324
4,UPFC_Vse,5-15,0.060407635714608096,95,0.05916909112830997,MAP_SCADA,113,0.0012385445862981292
5,UPFC_tse,5-15,-2.15105994964005,95,-2.1447867333164643,MAP_SCADA,113,0.006273216323585906
0,x_tcsc,1-14,-0.11195570137059803,96,-0.1377663416495161,MAP_SCADA,113,0.025810640278918065
1,B_svc,2,0.18764742666765016,96,0.29204395471658073,MAP_SCADA,113,0.10439652804893057
2,UPFC_Vsh,5-15,1.109255661757014,96,1.1060163735848434,MAP_SCADA,113,0.0032392881721705624
3,UPFC_tsh,5-15,-0.23200538249675867,96,-0.22768882679917213,MAP_SCADA,113,0.004316555697586544
4,UPFC_Vse,5-15,0.06062835131201776,96,0.05916909112830997,MAP_SCADA,113,0.001459260183707796
5,UPFC_tse,5-15,-2.1573787027016547,96,-2.1447867333164643,MAP_SCADA,113,0.01259196938519036
0,x_tcsc,1-14,-0.11174140659467031,97,-0.1377663416495161,MAP_SCADA,113,0.02602493505484578
1,B_svc,2,0.18426488750022654,97,0.29204395471658073,MAP_SCADA,113,0.10777906721635419
2,UPFC_Vsh,5-15,1.108756821574409,97,1.1060163735848434,MAP_SCADA,113,0.002740447989565631
3,UPFC_tsh,5-15,-0.23306784874770028,97,-0.22768882679917213,MAP_SCADA,113,0.0053790219485281565
4,UPFC_Vse,5-15,0.059787575256518455,97,0.05916909112830997,MAP_SCADA,113,0.000618484128208488
5,UPFC_tse,5-15,-2.1580555421623253,97,-2.1447867333164643,MAP_SCADA,113,0.013268808845861013
0,x_tcsc,1-14,-0.11246565688486991,98,-0.1377663416495161,MAP_SCADA,113,0.025300684764646184
1,B_svc,2,0.18285318023999722,98,0.29204395471658073,MAP_SCADA,113,0.10919077447658351
2,UPFC_Vsh,5-15,1.109484306840395,98,1.1060163735848434,MAP_SCADA,113,0.003467933255551614
3,UPFC_tsh,5-15,-0.23208286556886998,98,-0.22768882679917213,MAP_SCADA,113,0.00439403876969785
4,UPFC_Vse,5-15,0.0605315567883521,98,0.05916909112830997,MAP_SCADA,113,0.0013624656600421323
5,UPFC_tse,5-15,-2.1553071214667407,98,-2.1447867333164643,MAP_SCADA,113,0.01052038815027645
0,x_tcsc,1-14,-0.1137018084065269,99,-0.1377663416495161,MAP_SCADA,113,0.024064533242989197
1,B_svc,2,0.17857495229728937,99,0.29204395471658073,MAP_SCADA,113,0.11346900241929136
2,UPFC_Vsh,5-15,1.1088238971653452,99,1.1060163735848434,MAP_SCADA,113,0.0028075235805018472
3,UPFC_tsh,5-15,-0.23186387590410268,99,-0.22768882679917213,MAP_SCADA,113,0.0041750491049305505
4,UPFC_Vse,5-15,0.06031676127760777,99,0.05916909112830997,MAP_SCADA,113,0.0011476701492977998
5,UPFC_tse,5-15,-2.153187140622384,99,-2.1447867333164643,MAP_SCADA,113,0.008400407305919622
0,x_tcsc,1-14,-0.1089531511781327,0,-0.1376757391913022,MAP_SCADA,115,0.028722588013169487
1,B_svc,2,0.1897935387956435,0,0.2913753703762746,MAP_SCADA,115,0.10158183158063108
2,UPFC_Vsh,5-15,1.1087431100620921,0,1.105819733629388,MAP_SCADA,115,0.002923376432704128
3,UPFC_tsh,5-15,-0.23330975381613128,0,-0.22760568204206996,MAP_SCADA,115,0.00570407177406132
4,UPFC_Vse,5-15,0.059910786553985726,0,0.05914467745826208,MAP_SCADA,115,0.0007661090957236452
5,UPFC_tse,5-15,-2.1617541252362744,0,-2.1440623659195452,MAP_SCADA,115,0.017691759316729172
0,x_tcsc,1-14,-0.111586134031699,1,-0.1376757391913022,MAP_SCADA,115,0.026089605159603194
1,B_svc,2,0.18277825912481013,1,0.2913753703762746,MAP_SCADA,115,0.10859711125146446
2,UPFC_Vsh,5-15,1.1082234287991541,1,1.105819733629388,MAP_SCADA,115,0.002403695169766129
3,UPFC_tsh,5-15,-0.23190643054264615,1,-0.22760568204206996,MAP_SCADA,115,0.004300748500576185
4,UPFC_Vse,5-15,0.06059477305551764,1,0.05914467745826208,MAP_SCADA,115,0.001450095597255556
5,UPFC_tse,5-15,-2.1540585190564276,1,-2.1440623659195452,MAP_SCADA,115,0.009996153136882402
0,x_tcsc,1-14,-0.11211395804478234,2,-0.1376757391913022,MAP_SCADA,115,0.025561781146519844
1,B_svc,2,0.1868625727668949,2,0.2913753703762746,MAP_SCADA,115,0.10451279760937968
2,UPFC_Vsh,5-15,1.1067411309471762,2,1.105819733629388,MAP_SCADA,115,0.0009213973177881751
3,UPFC_tsh,5-15,-0.2331739941656229,2,-0.22760568204206996,MAP_SCADA,115,0.005568312123552938
4,UPFC_Vse,5-15,0.0609363740875178,2,0.05914467745826208,MAP_SCADA,115,0.0017916966292557193
5,UPFC_tse,5-15,-2.152871154024673,2,-2.1440623659195452,MAP_SCADA,115,0.008808788105127974
0,x_tcsc,1-14,-0.11285742257812492,3,-0.1376757391913022,MAP_SCADA,115,0.024818316613177266
1,B_svc,2,0.18539429171333982,3,0.2913753703762746,MAP_SCADA,115,0.10598107866293477
2,UPFC_Vsh,5-15,1.1081386969229026,3,1.105819733629388,MAP_SCADA,115,0.002318963293514553
3,UPFC_tsh,5-15,-0.2324863078339946,3,-0.22760568204206996,MAP_SCADA,115,0.0048806257919246365
4,UPFC_Vse,5-15,0.06048900561970597,3,0.05914467745826208,MAP_SCADA,115,0.0013443281614438918
5,UPFC_tse,5-15,-2.1551872012743307,3,-2.1440623659195452,MAP_SCADA,115,0.011124835354785478
0,x_tcsc,1-14,-0.11231476988244248,4,-0.1376757391913022,MAP_SCADA,115,0.025360969308859713
1,B_svc,2,0.18572521980578321,4,0.2913753703762746,MAP_SCADA,115,0.10565015057049137
2,UPFC_Vsh,5-15,1.1056512600233495,4,1.105819733629388,MAP_SCADA,115,0.000168473606038555
3,UPFC_tsh,5-15,-0.2338904834461942,4,-0.22760568204206996,MAP_SCADA,115,0.006284801404124241
4,UPFC_Vse,5-15,0.060121854908355796,4,0.05914467745826208,MAP_SCADA,115,0.000977177450093715
5,UPFC_tse,5-15,-2.1592578402365357,4,-2.1440623659195452,MAP_SCADA,115,0.01519547431699042
0,x_tcsc,1-14,-0.11178525041785418,5,-0.1376757391913022,MAP_SCADA,115,0.025890488773448003
1,B_svc,2,0.18343692280570392,5,0.2913753703762746,MAP_SCADA,115,0.10793844757057067
2,UPFC_Vsh,5-15,1.109880077816995,5,1.105819733629388,MAP_SCADA,115,0.0040603441876070345
3,UPFC_tsh,5-15,-0.2309144059831098,5,-0.22760568204206996,MAP_SCADA,115,0.003308723941039843
4,UPFC_Vse,5-15,0.0603194722178149,5,0.05914467745826208,MAP_SCADA,115,0.0011747947595528163
5,UPFC_tse,5-15,-2.155318859766885,5,-2.1440623659195452,MAP_SCADA,115,0.011256493847339843
0,x_tcsc,1-14,-0.11333459791028293,6,-0.1376757391913022,MAP_SCADA,115,0.02434114128101926
1,B_svc,2,0.18041966252582461,6,0.2913753703762746,MAP_SCADA,115,0.11095570785044997
2,UPFC_Vsh,5-15,1.1072648590523495,6,1.105819733629388,MAP_SCADA,115,0.0014451254229614907
3,UPFC_tsh,5-15,-0.23253037627372858,6,-0.22760568204206996,MAP_SCADA,115,0.004924694231658616
4,UPFC_Vse,5-15,0.0600837156301815,6,0.05914467745826208,MAP_SCADA,115,0.0009390381719194194
5,UPFC_tse,5-15,-2.1559922176239676,6,-2.1440623659195452,MAP_SCADA,115,0.0119298517044224
0,x_tcsc,1-14,-0.11436276256544746,7,-0.1376757391913022,MAP_SCADA,115,0.02331297662585473
1,B_svc,2,0.17578589143797024,7,0.2913753703762746,MAP_SCADA,115,0.11558947893830435
2,UPFC_Vsh,5-15,1.1090257321918613,7,1.105819733629388,MAP_SCADA,115,0.003205998562473278
3,UPFC_tsh,5-15,-0.230752004160547,7,-0.22760568204206996,MAP_SCADA,115,0.0031463221184770407
4,UPFC_Vse,5-15,0.06009782334247497,7,0.05914467745826208,MAP_SCADA,115,0.0009531458842128859
5,UPFC_tse,5-15,-2.1532896030355704,7,-2.1440623659195452,MAP_SCADA,115,0.009227237116025133
0,x_tcsc,1-14,-0.11346472153441553,8,-0.1376757391913022,MAP_SCADA,115,0.024211017656886658
1,B_svc,2,0.18048286210943015,8,0.2913753703762746,MAP_SCADA,115,0.11089250826684444
2,UPFC_Vsh,5-15,1.108480483695338,8,1.105819733629388,MAP_SCADA,115,0.0026607500659499017
3,UPFC_tsh,5-15,-0.23109403596665595,8,-0.22760568204206996,MAP_SCADA,115,0.0034883539245859907
4,UPFC_Vse,5-15,0.05989475052534988,8,0.05914467745826208,MAP_SCADA,115,0.0007500730670877975
5,UPFC_tse,5-15,-2.153008952867411,8,-2.1440623659195452,MAP_SCADA,115,0.008946586947865764
0,x_tcsc,1-14,-0.11177440719091994,9,-0.1376757391913022,MAP_SCADA,115,0.02590133200038225
1,B_svc,2,0.18671012434317674,9,0.2913753703762746,MAP_SCADA,115,0.10466524603309785
2,UPFC_Vsh,5-15,1.1037795807258335,9,1.105819733629388,MAP_SCADA,115,0.0020401529035545263
3,UPFC_tsh,5-15,-0.23448940288511175,9,-0.22760568204206996,MAP_SCADA,115,0.006883720843041785
4,UPFC_Vse,5-15,0.06104008593960212,9,0.05914467745826208,MAP_SCADA,115,0.0018954084813400385
5,UPFC_tse,5-15,-2.1543496412886083,9,-2.1440623659195452,MAP_SCADA,115,0.010287275369063043
0,x_tcsc,1-14,-0.11194494997492009,10,-0.1376757391913022,MAP_SCADA,115,0.025730789216382097
1,B_svc,2,0.18561780207658218,10,0.2913753703762746,MAP_SCADA,115,0.1057575682996924
2,UPFC_Vsh,5-15,1.1077955580647714,10,1.105819733629388,MAP_SCADA,115,0.0019758244353833554
3,UPFC_tsh,5-15,-0.23357350457639295,10,-0.22760568204206996,MAP_SCADA,115,0.005967822534322986
4,UPFC_Vse,5-15,0.06104911978819504,10,0.05914467745826208,MAP_SCADA,115,0.0019044423299329621
5,UPFC_tse,5-15,-2.1542087215643924,10,-2.1440623659195452,MAP_SCADA,115,0.010146355644847116
0,x_tcsc,1-14,-0.11144691933862402,11,-0.1376757391913022,MAP_SCADA,115,0.026228819852678165
1,B_svc,2,0.18733135995158337,11,0.2913753703762746,MAP_SCADA,115,0.10404401042469122
2,UPFC_Vsh,5-15,1.106233756598256,11,1.105819733629388,MAP_SCADA,115,0.00041402296886805523
3,UPFC_tsh,5-15,-0.23400144609007603,11,-0.22760568204206996,MAP_SCADA,115,0.00639576404800607
4,UPFC_Vse,5-15,0.06022611964382545,11,0.05914467745826208,MAP_SCADA,115,0.0010814421855633721
5,UPFC_tse,5-15,-2.15561983957537,11,-2.1440623659195452,MAP_SCADA,115,0.011557473655824602
0,x_tcsc,1-14,-0.11335974657529489,12,-0.1376757391913022,MAP_SCADA,115,0.024315992616007295
1,B_svc,2,0.18052980160149132,12,0.2913753703762746,MAP_SCADA,115,0.11084556877478327
2,UPFC_Vsh,5-15,1.1072101395226248,12,1.105819733629388,MAP_SCADA,115,0.0013904058932368013
3,UPFC_tsh,5-15,-0.23235149981375186,12,-0.22760568204206996,MAP_SCADA,115,0.004745817771681898
4,UPFC_Vse,5-15,0.06105168575186966,12,0.05914467745826208,MAP_SCADA,115,0.0019070082936075775
5,UPFC_tse,5-15,-2.1503334819797124,12,-2.1440623659195452,MAP_SCADA,115,0.00627111606016717
0,x_tcsc,1-14,-0.11211623931164033,13,-0.1376757391913022,MAP_SCADA,115,0.025559499879661857
1,B_svc,2,0.18705823005723368,13,0.2913753703762746,MAP_SCADA,115,0.10431714031904091
2,UPFC_Vsh,5-15,1.1059065780904005,13,1.105819733629388,MAP_SCADA,115,8.684446101248078e-05
3,UPFC_tsh,5-15,-0.23398759186968957,13,-0.22760568204206996,MAP_SCADA,115,0.006381909827619603
4,UPFC_Vse,5-15,0.06032973274826177,13,0.05914467745826208,MAP_SCADA,115,0.0011850552899996883
5,UPFC_tse,5-15,-2.1569813122485124,13,-2.1440623659195452,MAP_SCADA,115,0.012918946328967174
0,x_tcsc,1-14,-0.1137714289763915,14,-0.1376757391913022,MAP_SCADA,115,0.023904310214910685
1,B_svc,2,0.1830696590076973,14,0.2913753703762746,MAP_SCADA,115,0.10830571136857728
2,UPFC_Vsh,5-15,1.1082720687885226,14,1.105819733629388,MAP_SCADA,115,0.0024523351591345666
3,UPFC_tsh,5-15,-0.23205392329338764,14,-0.22760568204206996,MAP_SCADA,115,0.0044482412513176806
4,UPFC_Vse,5-15,0.060411104500337556,14,0.05914467745826208,MAP_SCADA,115,0.0012664270420754756
5,UPFC_tse,5-15,-2.1558802644963175,14,-2.1440623659195452,MAP_SCADA,115,0.01181789857677229
0,x_tcsc,1-14,-0.11331493961116607,15,-0.1376757391913022,MAP_SCADA,115,0.024360799580136122
1,B_svc,2,0.1800813984044449,15,0.2913753703762746,MAP_SCADA,115,0.11129397197182969
2,UPFC_Vsh,5-15,1.107314408698073,15,1.105819733629388,MAP_SCADA,115,0.0014946750686850585
3,UPFC_tsh,5-15,-0.23205643090968373,15,-0.22760568204206996,MAP_SCADA,115,0.004450748867613763
4,UPFC_Vse,5-15,0.059873090964751116,15,0.05914467745826208,MAP_SCADA,115,0.0007284135064890354
5,UPFC_tse,5-15,-2.155007128440672,15,-2.1440623659195452,MAP_SCADA,115,0.010944762521126972
0,x_tcsc,1-14,-0.1122306884762184,16,-0.1376757391913022,MAP_SCADA,115,0.025445050715083795
1,B_svc,2,0.18775249902392893,16,0.2913753703762746,MAP_SCADA,115,0.10362287135234566
2,UPFC_Vsh,5-15,1.1049647892610377,16,1.105819733629388,MAP_SCADA,115,0.0008549443683503188
3,UPFC_tsh,5-15,-0.2330079098466535,16,-0.22760568204206996,MAP_SCADA,115,0.005402227804583548
4,UPFC_Vse,5-15,0.06113724250918414,16,0.05914467745826208,MAP_SCADA,115,0.00199256505092206
5,UPFC_tse,5-15,-2.157423881875138,16,-2.1440623659195452,MAP_SCADA,115,0.013361515955592651
0,x_tcsc,1-14,-0.11263036020353481,17,-0.1376757391913022,MAP_SCADA,115,0.025045378987767375
1,B_svc,2,0.1817837233928617,17,0.2913753703762746,MAP_SCADA,115,0.1095916469834129
2,UPFC_Vsh,5-15,1.1084114438149966,17,1.105819733629388,MAP_SCADA,115,0.0025917101856085534
3,UPFC_tsh,5-15,-0.23144867598779334,17,-0.22760568204206996,MAP_SCADA,115,0.0038429939457233775
4,UPFC_Vse,5-15,0.060318116756721364,17,0.05914467745826208,MAP_SCADA,115,0.0011734392984592834
5,UPFC_tse,5-15,-2.153541067371644,17,-2.1440623659195452,MAP_SCADA,115,0.009478701452098726
0,x_tcsc,1-14,-0.1123168833646532,18,-0.1376757391913022,MAP_SCADA,115,0.025358855826648985
1,B_svc,2,0.18114343012589246,18,0.2913753703762746,MAP_SCADA,115,0.11023194025038213
2,UPFC_Vsh,5-15,1.108076754568016,18,1.105819733629388,MAP_SCADA,115,0.002257020938627896
3,UPFC_tsh,5-15,-0.2320082068359299,18,-0.22760568204206996,MAP_SCADA,115,0.004402524793859941
4,UPFC_Vse,5-15,0.06041732067962146,18,0.05914467745826208,MAP_SCADA,115,0.0012726432213593791
5,UPFC_tse,5-15,-2.1552625136309573,18,-2.1440623659195452,MAP_SCADA,115,0.01120014771141209
0,x_tcsc,1-14,-0.11164424108868416,19,-0.1376757391913022,MAP_SCADA,115,0.026031498102618025
1,B_svc,2,0.18040424893429052,19,0.2913753703762746,MAP_SCADA,115,0.11097112144198407
2,UPFC_Vsh,5-15,1.108871364654878,19,1.105819733629388,MAP_SCADA,115,0.003051631025489998
3,UPFC_tsh,5-15,-0.2324105075658558,19,-0.22760568204206996,MAP_SCADA,115,0.004804825523785833
4,UPFC_Vse,5-15,0.061155322165232597,19,0.05914467745826208,MAP_SCADA,115,0.0020106447069705158
5,UPFC_tse,5-15,-2.154669972733158,19,-2.1440623659195452,MAP_SCADA,115,0.010607606813612946
0,x_tcsc,1-14,-0.11274782327049446,20,-0.1376757391913022,MAP_SCADA,115,0.02492791592080773
1,B_svc,2,0.18459454920584656,20,0.2913753703762746,MAP_SCADA,115,0.10678082117042803
2,UPFC_Vsh,5-15,1.108006286307207,20,1.105819733629388,MAP_SCADA,115,0.002186552677819087
3,UPFC_tsh,5-15,-0.23191990543603197,20,-0.22760568204206996,MAP_SCADA,115,0.004314223393962008
4,UPFC_Vse,5-15,0.06008050852103739,20,0.05914467745826208,MAP_SCADA,115,0.0009358310627753108
5,UPFC_tse,5-15,-2.1567097345688575,20,-2.1440623659195452,MAP_SCADA,115,0.012647368649312263
0,x_tcsc,1-14,-0.11169414259952308,21,-0.1376757391913022,MAP_SCADA,115,0.025981596591779108
1,B_svc,2,0.1857776632719838,21,0.2913753703762746,MAP_SCADA,115,0.10559770710429078
2,UPFC_Vsh,5-15,1.108184785877071,21,1.105819733629388,MAP_SCADA,115,0.0023650522476830194
3,UPFC_tsh,5-15,-0.23273179667649846,21,-0.22760568204206996,MAP_SCADA,115,0.005126114634428497
4,UPFC_Vse,5-15,0.05992770845896655,21,0.05914467745826208,MAP_SCADA,115,0.0007830310007044677
5,UPFC_tse,5-15,-2.1568349329799426,21,-2.1440623659195452,MAP_SCADA,115,0.01277256706039731
0,x_tcsc,1-14,-0.11260572090998863,22,-0.1376757391913022,MAP_SCADA,115,0.025070018281313555
1,B_svc,2,0.18071338323253047,22,0.2913753703762746,MAP_SCADA,115,0.11066198714374412
2,UPFC_Vsh,5-15,1.106722196604619,22,1.105819733629388,MAP_SCADA,115,0.0009024629752309998
3,UPFC_tsh,5-15,-0.23240057224166638,22,-0.22760568204206996,MAP_SCADA,115,0.004794890199596419
4,UPFC_Vse,5-15,0.059859672432762606,22,0.05914467745826208,MAP_SCADA,115,0.0007149949745005255
5,UPFC_tse,5-15,-2.1554046999392504,22,-2.1440623659195452,MAP_SCADA,115,0.011342334019705191
0,x_tcsc,1-14,-0.10863106555895048,23,-0.1376757391913022,MAP_SCADA,115,0.029044673632351706
1,B_svc,2,0.19440583723342642,23,0.2913753703762746,MAP_SCADA,115,0.09696953314284817
2,UPFC_Vsh,5-15,1.1056047474826858,23,1.105819733629388,MAP_SCADA,115,0.00021498614670223404
3,UPFC_tsh,5-15,-0.23553602350049807,23,-0.22760568204206996,MAP_SCADA,115,0.007930341458428108
4,UPFC_Vse,5-15,0.06062491232048908,23,0.05914467745826208,MAP_SCADA,115,0.001480234862227002
5,UPFC_tse,5-15,-2.1604370235879395,23,-2.1440623659195452,MAP_SCADA,115,0.0163746576683943
0,x_tcsc,1-14,-0.11358461640106417,24,-0.1376757391913022,MAP_SCADA,115,0.02409112279023802
1,B_svc,2,0.17847299555661278,24,0.2913753703762746,MAP_SCADA,115,0.11290237481966181
2,UPFC_Vsh,5-15,1.1077453708357268,24,1.105819733629388,MAP_SCADA,115,0.0019256372063387595
3,UPFC_tsh,5-15,-0.23118967241909189,24,-0.22760568204206996,MAP_SCADA,115,0.003583990377021923
4,UPFC_Vse,5-15,0.06001689749729636,24,0.05914467745826208,MAP_SCADA,115,0.0008722200390342827
5,UPFC_tse,5-15,-2.1543010736861428,24,-2.1440623659195452,MAP_SCADA,115,0.010238707766597521
0,x_tcsc,1-14,-0.11320004043012336,25,-0.1376757391913022,MAP_SCADA,115,0.024475698761178832
1,B_svc,2,0.17941167260829785,25,0.2913753703762746,MAP_SCADA,115,0.11196369776797674
2,UPFC_Vsh,5-15,1.1101974435380184,25,1.105819733629388,MAP_SCADA,115,0.0043777099086304005
3,UPFC_tsh,5-15,-0.23031717049236608,25,-0.22760568204206996,MAP_SCADA,115,0.002711488450296118
4,UPFC_Vse,5-15,0.05996830578511454,25,0.05914467745826208,MAP_SCADA,115,0.0008236283268524616
5,UPFC_tse,5-15,-2.1553668754708863,25,-2.1440623659195452,MAP_SCADA,115,0.011304509551341102
0,x_tcsc,1-14,-0.11212214964649692,26,-0.1376757391913022,MAP_SCADA,115,0.025553589544805272
1,B_svc,2,0.1816223075761155,26,0.2913753703762746,MAP_SCADA,115,0.10975306280015909
2,UPFC_Vsh,5-15,1.1082064053681402,26,1.105819733629388,MAP_SCADA,115,0.0023866717387521774
3,UPFC_tsh,5-15,-0.23179014857039898,26,-0.22760568204206996,MAP_SCADA,115,0.004184466528329017
4,UPFC_Vse,5-15,0.060238724303090414,26,0.05914467745826208,MAP_SCADA,115,0.0010940468448283336
5,UPFC_tse,5-15,-2.1599186635184866,26,-2.1440623659195452,MAP_SCADA,115,0.01585629759894136
0,x_tcsc,1-14,-0.11119204081336112,27,-0.1376757391913022,MAP_SCADA,115,0.026483698377941067
1,B_svc,2,0.1842705258074126,27,0.2913753703762746,MAP_SCADA,115,0.10710484456886199
2,UPFC_Vsh,5-15,1.1059116452390325,27,1.105819733629388,MAP_SCADA,115,9.191160964450162e-05
3,UPFC_tsh,5-15,-0.23295759170996305,27,-0.22760568204206996,MAP_SCADA,115,0.00535190966789309
4,UPFC_Vse,5-15,0.06053072554552834,27,0.05914467745826208,MAP_SCADA,115,0.0013860480872662576
5,UPFC_tse,5-15,-2.1561425446031106,27,-2.1440623659195452,MAP_SCADA,115,0.012080178683565368
0,x_tcsc,1-14,-0.11078516593243308,28,-0.1376757391913022,MAP_SCADA,115,0.026890573258869108
1,B_svc,2,0.1862073014298553,28,0.2913753703762746,MAP_SCADA,115,0.10516806894641928
2,UPFC_Vsh,5-15,1.105306562887327,28,1.105819733629388,MAP_SCADA,115,0.00051317074206092
3,UPFC_tsh,5-15,-0.2340897760936502,28,-0.22760568204206996,MAP_SCADA,115,0.006484094051580236
4,UPFC_Vse,5-15,0.06031540260348843,28,0.05914467745826208,MAP_SCADA,115,0.0011707251452263492
5,UPFC_tse,5-15,-2.159848933017864,28,-2.1440623659195452,MAP_SCADA,115,0.015786567098318827
0,x_tcsc,1-14,-0.11114633594373284,29,-0.1376757391913022,MAP_SCADA,115,0.026529403247569347
1,B_svc,2,0.18515795790093445,29,0.2913753703762746,MAP_SCADA,115,0.10621741247534014
2,UPFC_Vsh,5-15,1.1077676810944392,29,1.105819733629388,MAP_SCADA,115,0.0019479474650512252
3,UPFC_tsh,5-15,-0.2328826952361252,29,-0.22760568204206996,MAP_SCADA,115,0.005277013194055241
4,UPFC_Vse,5-15,0.06039577683997066,29,0.05914467745826208,MAP_SCADA,115,0.00125109938170858
5,UPFC_tse,5-15,-2.155335140690537,29,-2.1440623659195452,MAP_SCADA,115,0.011272774770991756
0,x_tcsc,1-14,-0.11216068815257503,30,-0.1376757391913022,MAP_SCADA,115,0.025515051038727157
1,B_svc,2,0.17704446044748634,30,0.2913753703762746,MAP_SCADA,115,0.11433090992878825
2,UPFC_Vsh,5-15,1.109683072820936,30,1.105819733629388,MAP_SCADA,115,0.00386333919154791
3,UPFC_tsh,5-15,-0.23174778760842352,30,-0.22760568204206996,MAP_SCADA,115,0.004142105566353554
4,UPFC_Vse,5-15,0.06019310784890161,30,0.05914467745826208,MAP_SCADA,115,0.0010484303906395306
5,UPFC_tse,5-15,-2.1564072150031643,30,-2.1440623659195452,MAP_SCADA,115,0.012344849083619103
0,x_tcsc,1-14,-0.11251342636674841,31,-0.1376757391913022,MAP_SCADA,115,0.02516231282455378
1,B_svc,2,0.1831099893073962,31,0.2913753703762746,MAP_SCADA,115,0.1082653810688784
2,UPFC_Vsh,5-15,1.1078159760395527,31,1.105819733629388,MAP_SCADA,115,0.001996242410164717
3,UPFC_tsh,5-15,-0.23189856588754654,31,-0.22760568204206996,MAP_SCADA,115,0.004292883845476575
4,UPFC_Vse,5-15,0.06007672510263565,31,0.05914467745826208,MAP_SCADA,115,0.0009320476443735667
5,UPFC_tse,5-15,-2.1587524619933207,31,-2.1440623659195452,MAP_SCADA,115,0.014690096073775472
0,x_tcsc,1-14,-0.10935089542807824,32,-0.1376757391913022,MAP_SCADA,115,0.028324843763223945
1,B_svc,2,0.18873592910746403,32,0.2913753703762746,MAP_SCADA,115,0.10263944126881056
2,UPFC_Vsh,5-15,1.109038949726816,32,1.105819733629388,MAP_SCADA,115,0.003219216097428035
3,UPFC_tsh,5-15,-0.2330027710688704,32,-0.22760568204206996,MAP_SCADA,115,0.0053970890268004446
4,UPFC_Vse,5-15,0.05985014716756717,32,0.05914467745826208,MAP_SCADA,115,0.0007054697093050871
5,UPFC_tse,5-15,-2.1617669058380433,32,-2.1440623659195452,MAP_SCADA,115,0.017704539918498075
0,x_tcsc,1-14,-0.11132959920201867,33,-0.1376757391913022,MAP_SCADA,115,0.02634613998928352
1,B_svc,2,0.18595327212098606,33,0.2913753703762746,MAP_SCADA,115,0.10542209825528853
2,UPFC_Vsh,5-15,1.108084565723442,33,1.105819733629388,MAP_SCADA,115,0.0022648320940539257
3,UPFC_tsh,5-15,-0.2321353180308911,33,-0.22760568204206996,MAP_SCADA,115,0.00452963598882114
4,UPFC_Vse,5-15,0.06002017416798528,33,0.05914467745826208,MAP_SCADA,115,0.0008754967097232003
5,UPFC_tse,5-15,-2.157033850389164,33,-2.1440623659195452,MAP_SCADA,115,0.012971484469618932
0,x_tcsc,1-14,-0.11034198001640978,34,-0.1376757391913022,MAP_SCADA,115,0.027333759174892405
1,B_svc,2,0.18678599517759245,34,0.2913753703762746,MAP_SCADA,115,0.10458937519868214
2,UPFC_Vsh,5-15,1.1085563560496479,34,1.105819733629388,MAP_SCADA,115,0.002736622420259849
3,UPFC_tsh,5-15,-0.23312360340740504,34,-0.22760568204206996,MAP_SCADA,115,0.005517921365335077
4,UPFC_Vse,5-15,0.060366956294376876,34,0.05914467745826208,MAP_SCADA,115,0.0012222788361147957
5,UPFC_tse,5-15,-2.1581320522383804,34,-2.1440623659195452,MAP_SCADA,115,0.014069686318835206
0,x_tcsc,1-14,-0.11311317898577221,35,-0.1376757391913022,MAP_SCADA,115,0.02456256020552998
1,B_svc,2,0.18325163162252295,35,0.2913753703762746,MAP_SCADA,115,0.10812373875375164
2,UPFC_Vsh,5-15,1.1098842983230832,35,1.105819733629388,MAP_SCADA,115,0.004064564693695205
3,UPFC_tsh,5-15,-0.23130759162507253,35,-0.22760568204206996,MAP_SCADA,115,0.003701909583002566
4,UPFC_Vse,5-15,0.06016391902929492,35,0.05914467745826208,MAP_SCADA,115,0.0010192415710328362
5,UPFC_tse,5-15,-2.1548243799234137,35,-2.1440623659195452,MAP_SCADA,115,0.010762014003868448
0,x_tcsc,1-14,-0.1149720819539307,36,-0.1376757391913022,MAP_SCADA,115,0.022703657237371486
1,B_svc,2,0.1750447967126657,36,0.2913753703762746,MAP_SCADA,115,0.11633057366360888
2,UPFC_Vsh,5-15,1.1102778223388667,36,1.105819733629388,MAP_SCADA,115,0.004458088709478725
3,UPFC_tsh,5-15,-0.22961423202170334,36,-0.22760568204206996,MAP_SCADA,115,0.002008549979633373
4,UPFC_Vse,5-15,0.060175439493694916,36,0.05914467745826208,MAP_SCADA,115,0.0010307620354328348
5,UPFC_tse,5-15,-2.1527252492944804,36,-2.1440623659195452,MAP_SCADA,115,0.008662883374935149
0,x_tcsc,1-14,-0.1135383168444,37,-0.1376757391913022,MAP_SCADA,115,0.024137422346902193
1,B_svc,2,0.1808875627066663,37,0.2913753703762746,MAP_SCADA,115,0.11048780766960828
2,UPFC_Vsh,5-15,1.1097833398341765,37,1.105819733629388,MAP_SCADA,115,0.003963606204788528
3,UPFC_tsh,5-15,-0.2306731020068669,37,-0.22760568204206996,MAP_SCADA,115,0.0030674199647969247
4,UPFC_Vse,5-15,0.059604765997265136,37,0.05914467745826208,MAP_SCADA,115,0.00046008853900305485
5,UPFC_tse,5-15,-2.1598551334837475,37,-2.1440623659195452,MAP_SCADA,115,0.015792767564202226
0,x_tcsc,1-14,-0.11241197576694792,38,-0.1376757391913022,MAP_SCADA,115,0.02526376342435427
1,B_svc,2,0.18139884194193798,38,0.2913753703762746,MAP_SCADA,115,0.10997652843433661
2,UPFC_Vsh,5-15,1.1092926368032598,38,1.105819733629388,MAP_SCADA,115,0.003472903173871833
3,UPFC_tsh,5-15,-0.23168033003577468,38,-0.22760568204206996,MAP_SCADA,115,0.004074647993704716
4,UPFC_Vse,5-15,0.06042739705196942,38,0.05914467745826208,MAP_SCADA,115,0.0012827195937073418
5,UPFC_tse,5-15,-2.150262573934795,38,-2.1440623659195452,MAP_SCADA,115,0.006200208015249675
0,x_tcsc,1-14,-0.11336627208444718,39,-0.1376757391913022,MAP_SCADA,115,0.024309467106855012
1,B_svc,2,0.1824406965904449,39,0.2913753703762746,MAP_SCADA,115,0.10893467378582969
2,UPFC_Vsh,5-15,1.109450803391796,39,1.105819733629388,MAP_SCADA,115,0.0036310697624080124
3,UPFC_tsh,5-15,-0.23110270791873322,39,-0.22760568204206996,MAP_SCADA,115,0.0034970258766632567
4,UPFC_Vse,5-15,0.06015947124209428,39,0.05914467745826208,MAP_SCADA,115,0.0010147937838322005
5,UPFC_tse,5-15,-2.1525195949795397,39,-2.1440623659195452,MAP_SCADA,115,0.008457229059994464
0,x_tcsc,1-14,-0.11449781928869908,40,-0.1376757391913022,MAP_SCADA,115,0.02317791990260311
1,B_svc,2,0.17698963311880708,40,0.2913753703762746,MAP_SCADA,115,0.1143857372574675
2,UPFC_Vsh,5-15,1.1099220982081328,40,1.105819733629388,MAP_SCADA,115,0.004102364578744799
3,UPFC_tsh,5-15,-0.23127461686611703,40,-0.22760568204206996,MAP_SCADA,115,0.0036689348240470654
4,UPFC_Vse,5-15,0.060217625795988015,40,0.05914467745826208,MAP_SCADA,115,0.0010729483377259347
5,UPFC_tse,5-15,-2.1504069037421822,40,-2.1440623659195452,MAP_SCADA,115,0.0063445378226369975
0,x_tcsc,1-14,-0.11093572745407543,41,-0.1376757391913022,MAP_SCADA,115,0.02674001173722676
1,B_svc,2,0.18531896959267724,41,0.2913753703762746,MAP_SCADA,115,0.10605640078359735
2,UPFC_Vsh,5-15,1.108434994048722,41,1.105819733629388,MAP_SCADA,115,0.002615260419333909
3,UPFC_tsh,5-15,-0.233408373060217,41,-0.22760568204206996,MAP_SCADA,115,0.005802691018147038
4,UPFC_Vse,5-15,0.060499846182725275,41,0.05914467745826208,MAP_SCADA,115,0.0013551687244631946
5,UPFC_tse,5-15,-2.1601069645717934,41,-2.1440623659195452,MAP_SCADA,115,0.016044598652248165
0,x_tcsc,1-14,-0.11147761500004855,42,-0.1376757391913022,MAP_SCADA,115,0.02619812419125364
1,B_svc,2,0.18730903475163513,42,0.2913753703762746,MAP_SCADA,115,0.10406633562463946
2,UPFC_Vsh,5-15,1.1074933658695576,42,1.105819733629388,MAP_SCADA,115,0.001673632240169587
3,UPFC_tsh,5-15,-0.23274285808599332,42,-0.22760568204206996,MAP_SCADA,115,0.005137176043923358
4,UPFC_Vse,5-15,0.06046335877714539,42,0.05914467745826208,MAP_SCADA,115,0.0013186813188833107
5,UPFC_tse,5-15,-2.154540752922178,42,-2.1440623659195452,MAP_SCADA,115,0.010478387002632594
0,x_tcsc,1-14,-0.11305657612109273,43,-0.1376757391913022,MAP_SCADA,115,0.024619163070209463
1,B_svc,2,0.1792216928206034,43,0.2913753703762746,MAP_SCADA,115,0.11215367755567118
2,UPFC_Vsh,5-15,1.1100005386855296,43,1.105819733629388,MAP_SCADA,115,0.004180805056141601
3,UPFC_tsh,5-15,-0.23036578137282954,43,-0.22760568204206996,MAP_SCADA,115,0.0027600993307595745
4,UPFC_Vse,5-15,0.06057910375371149,43,0.05914467745826208,MAP_SCADA,115,0.0014344262954494105
5,UPFC_tse,5-15,-2.1561589997097914,43,-2.1440623659195452,MAP_SCADA,115,0.01209663379024617
0,x_tcsc,1-14,-0.11207535639674679,44,-0.1376757391913022,MAP_SCADA,115,0.0256003827945554
1,B_svc,2,0.1846858498020382,44,0.2913753703762746,MAP_SCADA,115,0.10668952057423639
2,UPFC_Vsh,5-15,1.1077601535326256,44,1.105819733629388,MAP_SCADA,115,0.0019404199032375669
3,UPFC_tsh,5-15,-0.23261638863089268,44,-0.22760568204206996,MAP_SCADA,115,0.0050107065888227165
4,UPFC_Vse,5-15,0.06047525859342069,44,0.05914467745826208,MAP_SCADA,115,0.0013305811351586108
5,UPFC_tse,5-15,-2.154046429528506,44,-2.1440623659195452,MAP_SCADA,115,0.009984063608960536
0,x_tcsc,1-14,-0.11375431081784133,45,-0.1376757391913022,MAP_SCADA,115,0.023921428373460854
1,B_svc,2,0.17477818719938254,45,0.2913753703762746,MAP_SCADA,115,0.11659718317689205
2,UPFC_Vsh,5-15,1.1093197165452422,45,1.105819733629388,MAP_SCADA,115,0.003499982915854183
3,UPFC_tsh,5-15,-0.23071303918734726,45,-0.22760568204206996,MAP_SCADA,115,0.0031073571452772952
4,UPFC_Vse,5-15,0.06014026459677954,45,0.05914467745826208,MAP_SCADA,115,0.0009955871385174606
5,UPFC_tse,5-15,-2.15388812615601,45,-2.1440623659195452,MAP_SCADA,115,0.009825760236464642
0,x_tcsc,1-14,-0.11310434548909658,46,-0.1376757391913022,MAP_SCADA,115,0.02457139370220561
1,B_svc,2,0.17866334359157365,46,0.2913753703762746,MAP_SCADA,115,0.11271202678470094
2,UPFC_Vsh,5-15,1.108715174743999,46,1.105819733629388,MAP_SCADA,115,0.0028954411146109305
3,UPFC_tsh,5-15,-0.23114836154528098,46,-0.22760568204206996,MAP_SCADA,115,0.0035426795032110214
4,UPFC_Vse,5-15,0.060340846612470904,46,0.05914467745826208,MAP_SCADA,115,0.0011961691542088232
5,UPFC_tse,5-15,-2.155077590767528,46,-2.1440623659195452,MAP_SCADA,115,0.011015224847982896
0,x_tcsc,1-14,-0.1126163685304988,47,-0.1376757391913022,MAP_SCADA,115,0.02505937066080338
1,B_svc,2,0.1826820223153454,47,0.2913753703762746,MAP_SCADA,115,0.1086933480609292
2,UPFC_Vsh,5-15,1.1078508671343414,47,1.105819733629388,MAP_SCADA,115,0.0020311335049534307
3,UPFC_tsh,5-15,-0.23195436112425402,47,-0.22760568204206996,MAP_SCADA,115,0.004348679082184059
4,UPFC_Vse,5-15,0.06005427570146322,47,0.05914467745826208,MAP_SCADA,115,0.0009095982432011374
5,UPFC_tse,5-15,-2.149004765473707,47,-2.1440623659195452,MAP_SCADA,115,0.004942399554161536
0,x_tcsc,1-14,-0.11202393736720709,48,-0.1376757391913022,MAP_SCADA,115,0.0256518018240951
1,B_svc,2,0.18197032083453404,48,0.2913753703762746,MAP_SCADA,115,0.10940504954174055
2,UPFC_Vsh,5-15,1.1088869066003255,48,1.105819733629388,MAP_SCADA,115,0.003067172970937504
3,UPFC_tsh,5-15,-0.23173744296455784,48,-0.22760568204206996,MAP_SCADA,115,0.004131760922487876
4,UPFC_Vse,5-15,0.06064179275722406,48,0.05914467745826208,MAP_SCADA,115,0.0014971152989619804
5,UPFC_tse,5-15,-2.1579971846390347,48,-2.1440623659195452,MAP_SCADA,115,0.013934818719489428
0,x_tcsc,1-14,-0.11301190854144895,49,-0.1376757391913022,MAP_SCADA,115,0.02466383064985324
1,B_svc,2,0.1826769526565768,49,0.2913753703762746,MAP_SCADA,115,0.10869841771969779
2,UPFC_Vsh,5-15,1.10911972473425,49,1.105819733629388,MAP_SCADA,115,0.003299991104861899
3,UPFC_tsh,5-15,-0.23197494578688546,49,-0.22760568204206996,MAP_SCADA,115,0.004369263744815499
4,UPFC_Vse,5-15,0.06039511975662008,49,0.05914467745826208,MAP_SCADA,115,0.0012504422983580024
5,UPFC_tse,5-15,-2.159769366853597,49,-2.1440623659195452,MAP_SCADA,115,0.015707000934051862
0,x_tcsc,1-14,-0.11232464740583507,50,-0.1376757391913022,MAP_SCADA,115,0.025351091785467114
1,B_svc,2,0.1804661933096819,50,0.2913753703762746,MAP_SCADA,115,0.1109091770665927
2,UPFC_Vsh,5-15,1.1082997050473367,50,1.105819733629388,MAP_SCADA,115,0.0024799714179486454
3,UPFC_tsh,5-15,-0.23223059620849504,50,-0.22760568204206996,MAP_SCADA,115,0.004624914166425076
4,UPFC_Vse,5-15,0.060382776568446615,50,0.05914467745826208,MAP_SCADA,115,0.0012380991101845346
5,UPFC_tse,5-15,-2.15506436388257,50,-2.1440623659195452,MAP_SCADA,115,0.011001997963024923
0,x_tcsc,1-14,-0.11361562540832322,51,-0.1376757391913022,MAP_SCADA,115,0.024060113782978967
1,B_svc,2,0.17885922469653856,51,0.2913753703762746,MAP_SCADA,115,0.11251614567973603
2,UPFC_Vsh,5-15,1.1070689001567269,51,1.105819733629388,MAP_SCADA,115,0.001249166527338863
3,UPFC_tsh,5-15,-0.2321065832889006,51,-0.22760568204206996,MAP_SCADA,115,0.004500901246830641
4,UPFC_Vse,5-15,0.06052340155011435,51,0.05914467745826208,MAP_SCADA,115,0.0013787240918522667
5,UPFC_tse,5-15,-2.1551682308222206,51,-2.1440623659195452,MAP_SCADA,115,0.0111058649026754
0,x_tcsc,1-14,-0.10848351521084021,52,-0.1376757391913022,MAP_SCADA,115,0.02919222398046198
1,B_svc,2,0.19662177475265205,52,0.2913753703762746,MAP_SCADA,115,0.09475359562362254
2,UPFC_Vsh,5-15,1.1078003615348868,52,1.105819733629388,MAP_SCADA,115,0.0019806279054987996
3,UPFC_tsh,5-15,-0.23401474328945562,52,-0.22760568204206996,MAP_SCADA,115,0.006409061247385661
4,UPFC_Vse,5-15,0.06035505211035941,52,0.05914467745826208,MAP_SCADA,115,0.0012103746520973277
5,UPFC_tse,5-15,-2.160186956663391,52,-2.1440623659195452,MAP_SCADA,115,0.016124590743845868
0,x_tcsc,1-14,-0.11302618824924493,53,-0.1376757391913022,MAP_SCADA,115,0.024649550942057258
1,B_svc,2,0.1855528678668657,53,0.2913753703762746,MAP_SCADA,115,0.10582250250940889
2,UPFC_Vsh,5-15,1.106401917745756,53,1.105819733629388,MAP_SCADA,115,0.0005821841163680119
3,UPFC_tsh,5-15,-0.23299677621338608,53,-0.22760568204206996,MAP_SCADA,115,0.005391094171316113
4,UPFC_Vse,5-15,0.06025677125495774,53,0.05914467745826208,MAP_SCADA,115,0.0011120937966956623
5,UPFC_tse,5-15,-2.1530014389473546,53,-2.1440623659195452,MAP_SCADA,115,0.008939073027809386
0,x_tcsc,1-14,-0.10992588267449988,54,-0.1376757391913022,MAP_SCADA,115,0.027749856516802313
1,B_svc,2,0.18850845278962525,54,0.2913753703762746,MAP_SCADA,115,0.10286691758664934
2,UPFC_Vsh,5-15,1.1080263661691967,54,1.105819733629388,MAP_SCADA,115,0.002206632539808684
3,UPFC_tsh,5-15,-0.2334353156834582,54,-0.22760568204206996,MAP_SCADA,115,0.005829633641388249
4,UPFC_Vse,5-15,0.060702502198160174,54,0.05914467745826208,MAP_SCADA,115,0.0015578247398980935
5,UPFC_tse,5-15,-2.159140326809645,54,-2.1440623659195452,MAP_SCADA,115,0.015077960890099718
0,x_tcsc,1-14,-0.11090856933726283,55,-0.1376757391913022,MAP_SCADA,115,0.02676716985403936
1,B_svc,2,0.18390305521965483,55,0.2913753703762746,MAP_SCADA,115,0.10747231515661976
2,UPFC_Vsh,5-15,1.105779728191416,55,1.105819733629388,MAP_SCADA,115,4.0005437972112645e-05
3,UPFC_tsh,5-15,-0.23355893281144285,55,-0.22760568204206996,MAP_SCADA,115,0.005953250769372892
4,UPFC_Vse,5-15,0.06052711291959248,55,0.05914467745826208,MAP_SCADA,115,0.0013824354613303988
5,UPFC_tse,5-15,-2.1596477295296808,55,-2.1440623659195452,MAP_SCADA,115,0.015585363610135516
0,x_tcsc,1-14,-0.11295801478895467,56,-0.1376757391913022,MAP_SCADA,115,0.024717724402347513
1,B_svc,2,0.18145367109197516,56,0.2913753703762746,MAP_SCADA,115,0.10992169928429943
2,UPFC_Vsh,5-15,1.108183062115895,56,1.105819733629388,MAP_SCADA,115,0.0023633284865069992
3,UPFC_tsh,5-15,-0.23276754175977452,56,-0.22760568204206996,MAP_SCADA,115,0.005161859717704553
4,UPFC_Vse,5-15,0.060201074271315824,56,0.05914467745826208,MAP_SCADA,115,0.0010563968130537435
5,UPFC_tse,5-15,-2.1541185297160985,56,-2.1440623659195452,MAP_SCADA,115,0.010056163796553275
0,x_tcsc,1-14,-0.11331549764469787,57,-0.1376757391913022,MAP_SCADA,115,0.024360241546604322
1,B_svc,2,0.18113549787680508,57,0.2913753703762746,MAP_SCADA,115,0.11023987249946951
2,UPFC_Vsh,5-15,1.1080297025810695,57,1.105819733629388,MAP_SCADA,115,0.0022099689516814625
3,UPFC_tsh,5-15,-0.2318175980644757,57,-0.22760568204206996,MAP_SCADA,115,0.004211916022405726
4,UPFC_Vse,5-15,0.05974123277280337,57,0.05914467745826208,MAP_SCADA,115,0.0005965553145412875
5,UPFC_tse,5-15,-2.1568552925009024,57,-2.1440623659195452,MAP_SCADA,115,0.012792926581357111
0,x_tcsc,1-14,-0.11259592447870835,58,-0.1376757391913022,MAP_SCADA,115,0.025079814712593837
1,B_svc,2,0.1855124996650732,58,0.2913753703762746,MAP_SCADA,115,0.1058628707112014
2,UPFC_Vsh,5-15,1.1041639179721214,58,1.105819733629388,MAP_SCADA,115,0.0016558156572665794
3,UPFC_tsh,5-15,-0.2337457779457213,58,-0.22760568204206996,MAP_SCADA,115,0.0061400959036513325
4,UPFC_Vse,5-15,0.060641571824637475,58,0.05914467745826208,MAP_SCADA,115,0.001496894366375394
5,UPFC_tse,5-15,-2.1560231945507224,58,-2.1440623659195452,MAP_SCADA,115,0.0119608286311772
0,x_tcsc,1-14,-0.11286231559448634,59,-0.1376757391913022,MAP_SCADA,115,0.024813423596815848
1,B_svc,2,0.1817952967432671,59,0.2913753703762746,MAP_SCADA,115,0.10958007363300748
2,UPFC_Vsh,5-15,1.108691902973475,59,1.105819733629388,MAP_SCADA,115,0.002872169344086961
3,UPFC_tsh,5-15,-0.23184199738940517,59,-0.22760568204206996,MAP_SCADA,115,0.004236315347335207
4,UPFC_Vse,5-15,0.060454713383064476,59,0.05914467745826208,MAP_SCADA,115,0.0013100359248023954
5,UPFC_tse,5-15,-2.15495703243471,59,-2.1440623659195452,MAP_SCADA,115,0.010894666515164797
0,x_tcsc,1-14,-0.1125451676959699,60,-0.1376757391913022,MAP_SCADA,115,0.025130571495332293
1,B_svc,2,0.18446213206889514,60,0.2913753703762746,MAP_SCADA,115,0.10691323830737945
2,UPFC_Vsh,5-15,1.108050671247431,60,1.105819733629388,MAP_SCADA,115,0.0022309376180429386
3,UPFC_tsh,5-15,-0.2323091987208775,60,-0.22760568204206996,MAP_SCADA,115,0.004703516678807529
4,UPFC_Vse,5-15,0.06027242282692596,60,0.05914467745826208,MAP_SCADA,115,0.0011277453686638766
5,UPFC_tse,5-15,-2.1526136198908206,60,-2.1440623659195452,MAP_SCADA,115,0.008551253971275319
0,x_tcsc,1-14,-0.11410481713499057,61,-0.1376757391913022,MAP_SCADA,115,0.023570922056311616
1,B_svc,2,0.17972519930177294,61,0.2913753703762746,MAP_SCADA,115,0.11165017107450165
2,UPFC_Vsh,5-15,1.1062344025143551,61,1.105819733629388,MAP_SCADA,115,0.0004146688849671065
3,UPFC_tsh,5-15,-0.23187134686501007,61,-0.22760568204206996,MAP_SCADA,115,0.004265664822940107
4,UPFC_Vse,5-15,0.06071318870310169,61,0.05914467745826208,MAP_SCADA,115,0.0015685112448396085
5,UPFC_tse,5-15,-2.1542601835848503,61,-2.1440623659195452,MAP_SCADA,115,0.010197817665305031
0,x_tcsc,1-14,-0.1115933269007217,62,-0.1376757391913022,MAP_SCADA,115,0.02608241229058049
1,B_svc,2,0.18400213468782292,62,0.2913753703762746,MAP_SCADA,115,0.10737323568845167
2,UPFC_Vsh,5-15,1.1074571520285303,62,1.105819733629388,MAP_SCADA,115,0.001637418399142332
3,UPFC_tsh,5-15,-0.23263168864163766,62,-0.22760568204206996,MAP_SCADA,115,0.005026006599567701
4,UPFC_Vse,5-15,0.05996998341083485,62,0.05914467745826208,MAP_SCADA,115,0.0008253059525727691
5,UPFC_tse,5-15,-2.1600345054626127,62,-2.1440623659195452,MAP_SCADA,115,0.01597213954306742
0,x_tcsc,1-14,-0.11148815154244913,63,-0.1376757391913022,MAP_SCADA,115,0.026187587648853053
1,B_svc,2,0.18721449786679403,63,0.2913753703762746,MAP_SCADA,115,0.10416087250948056
2,UPFC_Vsh,5-15,1.1070688856726931,63,1.105819733629388,MAP_SCADA,115,0.0012491520433051129
3,UPFC_tsh,5-15,-0.23342688662212113,63,-0.22760568204206996,MAP_SCADA,115,0.00582120458005117
4,UPFC_Vse,5-15,0.05977947534148236,63,0.05914467745826208,MAP_SCADA,115,0.0006347978832202811
5,UPFC_tse,5-15,-2.1563252483151594,63,-2.1440623659195452,MAP_SCADA,115,0.012262882395614128
0,x_tcsc,1-14,-0.11195724792908147,64,-0.1376757391913022,MAP_SCADA,115,0.025718491262220713
1,B_svc,2,0.18532267620046441,64,0.2913753703762746,MAP_SCADA,115,0.10605269417581017
2,UPFC_Vsh,5-15,1.1062982148266969,64,1.105819733629388,MAP_SCADA,115,0.0004784811973088665
3,UPFC_tsh,5-15,-0.23231828006468574,64,-0.22760568204206996,MAP_SCADA,115,0.004712598022615783
4,UPFC_Vse,5-15,0.060691859349195215,64,0.05914467745826208,MAP_SCADA,115,0.0015471818909331345
5,UPFC_tse,5-15,-2.152693367047146,64,-2.1440623659195452,MAP_SCADA,115,0.008631001127600957
0,x_tcsc,1-14,-0.11295515105283893,65,-0.1376757391913022,MAP_SCADA,115,0.024720588138463256
1,B_svc,2,0.18060145943688566,65,0.2913753703762746,MAP_SCADA,115,0.11077391093938893
2,UPFC_Vsh,5-15,1.1078146006483933,65,1.105819733629388,MAP_SCADA,115,0.0019948670190053086
3,UPFC_tsh,5-15,-0.23209500185534337,65,-0.22760568204206996,MAP_SCADA,115,0.0044893198132734125
4,UPFC_Vse,5-15,0.06005942127011483,65,0.05914467745826208,MAP_SCADA,115,0.0009147438118527473
5,UPFC_tse,5-15,-2.152035993257443,65,-2.1440623659195452,MAP_SCADA,115,0.00797362733789786
0,x_tcsc,1-14,-0.1105648668522165,66,-0.1376757391913022,MAP_SCADA,115,0.027110872339085684
1,B_svc,2,0.1904464047979305,66,0.2913753703762746,MAP_SCADA,115,0.10092896557834408
2,UPFC_Vsh,5-15,1.108306155074037,66,1.105819733629388,MAP_SCADA,115,0.002486421444648945
3,UPFC_tsh,5-15,-0.23257200768493028,66,-0.22760568204206996,MAP_SCADA,115,0.004966325642860314
4,UPFC_Vse,5-15,0.06025958607178324,66,0.05914467745826208,MAP_SCADA,115,0.0011149086135211622
5,UPFC_tse,5-15,-2.1546439224482006,66,-2.1440623659195452,MAP_SCADA,115,0.010581556528655334
0,x_tcsc,1-14,-0.11119767728780644,67,-0.1376757391913022,MAP_SCADA,115,0.026478061903495748
1,B_svc,2,0.18569084335624564,67,0.2913753703762746,MAP_SCADA,115,0.10568452702002895
2,UPFC_Vsh,5-15,1.106366563748709,67,1.105819733629388,MAP_SCADA,115,0.0005468301193209957
3,UPFC_tsh,5-15,-0.23386903030465617,67,-0.22760568204206996,MAP_SCADA,115,0.006263348262586205
4,UPFC_Vse,5-15,0.06056370946115216,67,0.05914467745826208,MAP_SCADA,115,0.0014190320028900777
5,UPFC_tse,5-15,-2.1571921085846038,67,-2.1440623659195452,MAP_SCADA,115,0.013129742665058508
0,x_tcsc,1-14,-0.11483410186228073,68,-0.1376757391913022,MAP_SCADA,115,0.02284163732902146
1,B_svc,2,0.17781365828617798,68,0.2913753703762746,MAP_SCADA,115,0.1135617120900966
2,UPFC_Vsh,5-15,1.106598391691374,68,1.105819733629388,MAP_SCADA,115,0.0007786580619859595
3,UPFC_tsh,5-15,-0.23154604520573963,68,-0.22760568204206996,MAP_SCADA,115,0.0039403631636696634
4,UPFC_Vse,5-15,0.06029084534704604,68,0.05914467745826208,MAP_SCADA,115,0.0011461678887839596
5,UPFC_tse,5-15,-2.154853142467964,68,-2.1440623659195452,MAP_SCADA,115,0.010790776548418535
0,x_tcsc,1-14,-0.11173747291563595,69,-0.1376757391913022,MAP_SCADA,115,0.02593826627566624
1,B_svc,2,0.18495146124073875,69,0.2913753703762746,MAP_SCADA,115,0.10642390913553584
2,UPFC_Vsh,5-15,1.1072218108273122,69,1.105819733629388,MAP_SCADA,115,0.0014020771979241786
3,UPFC_tsh,5-15,-0.23243266776604807,69,-0.22760568204206996,MAP_SCADA,115,0.0048269857239781055
4,UPFC_Vse,5-15,0.05983529988183588,69,0.05914467745826208,MAP_SCADA,115,0.0006906224235737959
5,UPFC_tse,5-15,-2.162200479914194,69,-2.1440623659195452,MAP_SCADA,115,0.01813811399464882
0,x_tcsc,1-14,-0.11161295954054895,70,-0.1376757391913022,MAP_SCADA,115,0.026062779650753237
1,B_svc,2,0.18626377458114451,70,0.2913753703762746,MAP_SCADA,115,0.10511159579513008
2,UPFC_Vsh,5-15,1.1076076388806437,70,1.105819733629388,MAP_SCADA,115,0.001787905251255717
3,UPFC_tsh,5-15,-0.23241563686137293,70,-0.22760568204206996,MAP_SCADA,115,0.004809954819302964
4,UPFC_Vse,5-15,0.0600901778234442,70,0.05914467745826208,MAP_SCADA,115,0.0009455003651821225
5,UPFC_tse,5-15,-2.159739654223675,70,-2.1440623659195452,MAP_SCADA,115,0.015677288304129622
0,x_tcsc,1-14,-0.11023236043321037,71,-0.1376757391913022,MAP_SCADA,115,0.027443378758091816
1,B_svc,2,0.18490639389636032,71,0.2913753703762746,MAP_SCADA,115,0.10646897647991427
2,UPFC_Vsh,5-15,1.1080515269839228,71,1.105819733629388,MAP_SCADA,115,0.002231793354534828
3,UPFC_tsh,5-15,-0.23367155568450076,71,-0.22760568204206996,MAP_SCADA,115,0.006065873642430802
4,UPFC_Vse,5-15,0.05956459850884551,71,0.05914467745826208,MAP_SCADA,115,0.00041992105058343
5,UPFC_tse,5-15,-2.1603199827972,71,-2.1440623659195452,MAP_SCADA,115,0.0162576168776547
0,x_tcsc,1-14,-0.11481364685907605,72,-0.1376757391913022,MAP_SCADA,115,0.022862092332226136
1,B_svc,2,0.1740477843073324,72,0.2913753703762746,MAP_SCADA,115,0.1173275860689422
2,UPFC_Vsh,5-15,1.1093478133268266,72,1.105819733629388,MAP_SCADA,115,0.003528079697438624
3,UPFC_tsh,5-15,-0.23031014743099787,72,-0.22760568204206996,MAP_SCADA,115,0.002704465388927907
4,UPFC_Vse,5-15,0.060376298368476404,72,0.05914467745826208,MAP_SCADA,115,0.0012316209102143233
5,UPFC_tse,5-15,-2.152526010071022,72,-2.1440623659195452,MAP_SCADA,115,0.008463644151476934
0,x_tcsc,1-14,-0.11119939553174198,73,-0.1376757391913022,MAP_SCADA,115,0.02647634365956021
1,B_svc,2,0.18238211869777293,73,0.2913753703762746,MAP_SCADA,115,0.10899325167850166
2,UPFC_Vsh,5-15,1.1078410496521713,73,1.105819733629388,MAP_SCADA,115,0.002021316022783326
3,UPFC_tsh,5-15,-0.23244182663890925,73,-0.22760568204206996,MAP_SCADA,115,0.004836144596839287
4,UPFC_Vse,5-15,0.060123430715658725,73,0.05914467745826208,MAP_SCADA,115,0.0009787532573966445
5,UPFC_tse,5-15,-2.154635166458868,73,-2.1440623659195452,MAP_SCADA,115,0.010572800539322635
0,x_tcsc,1-14,-0.11245131488496514,74,-0.1376757391913022,MAP_SCADA,115,0.025224424306337048
1,B_svc,2,0.18306689732739356,74,0.2913753703762746,MAP_SCADA,115,0.10830847304888103
2,UPFC_Vsh,5-15,1.1060877669311164,74,1.105819733629388,MAP_SCADA,115,0.0002680333017284209
3,UPFC_tsh,5-15,-0.23225569221922024,74,-0.22760568204206996,MAP_SCADA,115,0.004650010177150277
4,UPFC_Vse,5-15,0.06060816821702223,74,0.05914467745826208,MAP_SCADA,115,0.0014634907587601498
5,UPFC_tse,5-15,-2.1530639197953803,74,-2.1440623659195452,MAP_SCADA,115,0.009001553875835011
0,x_tcsc,1-14,-0.11266851956063793,75,-0.1376757391913022,MAP_SCADA,115,0.025007219630664254
1,B_svc,2,0.17942389982839835,75,0.2913753703762746,MAP_SCADA,115,0.11195147054787624
2,UPFC_Vsh,5-15,1.1060512896544898,75,1.105819733629388,MAP_SCADA,115,0.00023155602510183115
3,UPFC_tsh,5-15,-0.2321833929982741,75,-0.22760568204206996,MAP_SCADA,115,0.0045777109562041285
4,UPFC_Vse,5-15,0.0603953238342974,75,0.05914467745826208,MAP_SCADA,115,0.001250646376035322
5,UPFC_tse,5-15,-2.156912981216897,75,-2.1440623659195452,MAP_SCADA,115,0.012850615297351542
0,x_tcsc,1-14,-0.11320542384235198,76,-0.1376757391913022,MAP_SCADA,115,0.02447031534895021
1,B_svc,2,0.17986454173726527,76,0.2913753703762746,MAP_SCADA,115,0.11151082863900932
2,UPFC_Vsh,5-15,1.107140576441596,76,1.105819733629388,MAP_SCADA,115,0.0013208428122080118
3,UPFC_tsh,5-15,-0.2321309439923157,76,-0.22760568204206996,MAP_SCADA,115,0.004525261950245746
4,UPFC_Vse,5-15,0.06060513321190883,76,0.05914467745826208,MAP_SCADA,115,0.0014604557536467486
5,UPFC_tse,5-15,-2.154545901987454,76,-2.1440623659195452,MAP_SCADA,115,0.010483536067908972
0,x_tcsc,1-14,-0.11027983805247656,77,-0.1376757391913022,MAP_SCADA,115,0.027395901138825632
1,B_svc,2,0.19039840003568215,77,0.2913753703762746,MAP_SCADA,115,0.10097697034059244
2,UPFC_Vsh,5-15,1.1060914983424281,77,1.105819733629388,MAP_SCADA,115,0.0002717647130401346
3,UPFC_tsh,5-15,-0.23354511247093693,77,-0.22760568204206996,MAP_SCADA,115,0.005939430428866965
4,UPFC_Vse,5-15,0.06064689698951932,77,0.05914467745826208,MAP_SCADA,115,0.0015022195312572387
5,UPFC_tse,5-15,-2.163946771282591,77,-2.1440623659195452,MAP_SCADA,115,0.019884405363045587
0,x_tcsc,1-14,-0.11238909219532701,78,-0.1376757391913022,MAP_SCADA,115,0.025286646995975173
1,B_svc,2,0.18583281855938802,78,0.2913753703762746,MAP_SCADA,115,0.10554255181688657
2,UPFC_Vsh,5-15,1.1047114060882188,78,1.105819733629388,MAP_SCADA,115,0.001108327541169185
3,UPFC_tsh,5-15,-0.23331161314458537,78,-0.22760568204206996,MAP_SCADA,115,0.00570593110251541
4,UPFC_Vse,5-15,0.060731876001881645,78,0.05914467745826208,MAP_SCADA,115,0.001587198543619564
5,UPFC_tse,5-15,-2.1574975209251144,78,-2.1440623659195452,MAP_SCADA,115,0.013435155005569133
0,x_tcsc,1-14,-0.11227674867262306,79,-0.1376757391913022,MAP_SCADA,115,0.025398990518679124
1,B_svc,2,0.17798850759682364,79,0.2913753703762746,MAP_SCADA,115,0.11338686277945095
2,UPFC_Vsh,5-15,1.1091646776389321,79,1.105819733629388,MAP_SCADA,115,0.003344944009544104
3,UPFC_tsh,5-15,-0.2318079257618266,79,-0.22760568204206996,MAP_SCADA,115,0.004202243719756638
4,UPFC_Vse,5-15,0.0602518094619551,79,0.05914467745826208,MAP_SCADA,115,0.0011071320036930218
5,UPFC_tse,5-15,-2.1581915717638798,79,-2.1440623659195452,MAP_SCADA,115,0.014129205844334525
0,x_tcsc,1-14,-0.1103069614975914,80,-0.1376757391913022,MAP_SCADA,115,0.027368777693710794
1,B_svc,2,0.1855188842432045,80,0.2913753703762746,MAP_SCADA,115,0.10585648613307008
2,UPFC_Vsh,5-15,1.1082246409705168,80,1.105819733629388,MAP_SCADA,115,0.002404907341128748
3,UPFC_tsh,5-15,-0.23237219805571732,80,-0.22760568204206996,MAP_SCADA,115,0.0047665160136473594
4,UPFC_Vse,5-15,0.06017729077889988,80,0.05914467745826208,MAP_SCADA,115,0.0010326133206378027
5,UPFC_tse,5-15,-2.1579965052878802,80,-2.1440623659195452,MAP_SCADA,115,0.013934139368334986
0,x_tcsc,1-14,-0.11484420222689054,81,-0.1376757391913022,MAP_SCADA,115,0.022831536964411647
1,B_svc,2,0.17324317502602474,81,0.2913753703762746,MAP_SCADA,115,0.11813219535024985
2,UPFC_Vsh,5-15,1.107767203557404,81,1.105819733629388,MAP_SCADA,115,0.0019474699280159768
3,UPFC_tsh,5-15,-0.23072723953847235,81,-0.22760568204206996,MAP_SCADA,115,0.0031215574964023884
4,UPFC_Vse,5-15,0.060976563935023265,81,0.05914467745826208,MAP_SCADA,115,0.001831886476761184
5,UPFC_tse,5-15,-2.149647198018337,81,-2.1440623659195452,MAP_SCADA,115,0.005584832098791903
0,x_tcsc,1-14,-0.11180805607061052,82,-0.1376757391913022,MAP_SCADA,115,0.025867683120691667
1,B_svc,2,0.18178182354392003,82,0.2913753703762746,MAP_SCADA,115,0.10959354683235456
2,UPFC_Vsh,5-15,1.1089313718683742,82,1.105819733629388,MAP_SCADA,115,0.003111638238986192
3,UPFC_tsh,5-15,-0.2325040165114551,82,-0.22760568204206996,MAP_SCADA,115,0.004898334469385146
4,UPFC_Vse,5-15,0.059750170374855985,82,0.05914467745826208,MAP_SCADA,115,0.0006054929165939041
5,UPFC_tse,5-15,-2.157267769739594,82,-2.1440623659195452,MAP_SCADA,115,0.013205403820048645
0,x_tcsc,1-14,-0.11196594835243269,83,-0.1376757391913022,MAP_SCADA,115,0.025709790838869498
1,B_svc,2,0.18358007288343284,83,0.2913753703762746,MAP_SCADA,115,0.10779529749284175
2,UPFC_Vsh,5-15,1.1066161622964277,83,1.105819733629388,MAP_SCADA,115,0.0007964286670396614
3,UPFC_tsh,5-15,-0.2338622644581635,83,-0.22760568204206996,MAP_SCADA,115,0.006256582416093531
4,UPFC_Vse,5-15,0.060341497574501454,83,0.05914467745826208,MAP_SCADA,115,0.0011968201162393735
5,UPFC_tse,5-15,-2.1576262979870653,83,-2.1440623659195452,MAP_SCADA,115,0.013563932067520046
0,x_tcsc,1-14,-0.11242372645679247,84,-0.1376757391913022,MAP_SCADA,115,0.02525201273450972
1,B_svc,2,0.181063038342786,84,0.2913753703762746,MAP_SCADA,115,0.11031233203348859
2,UPFC_Vsh,5-15,1.1081734188444792,84,1.105819733629388,MAP_SCADA,115,0.0023536852150911614
3,UPFC_tsh,5-15,-0.23205042242021406,84,-0.22760568204206996,MAP_SCADA,115,0.004444740378144102
4,UPFC_Vse,5-15,0.060297588621276065,84,0.05914467745826208,MAP_SCADA,115,0.0011529111630139838
5,UPFC_tse,5-15,-2.1552974337286637,84,-2.1440623659195452,MAP_SCADA,115,0.011235067809118426
0,x_tcsc,1-14,-0.11184343666634057,85,-0.1376757391913022,MAP_SCADA,115,0.025832302524961617
1,B_svc,2,0.18561959631485753,85,0.2913753703762746,MAP_SCADA,115,0.10575577406141706
2,UPFC_Vsh,5-15,1.1067012175816726,85,1.105819733629388,MAP_SCADA,115,0.0008814839522846007
3,UPFC_tsh,5-15,-0.23200039920807386,85,-0.22760568204206996,MAP_SCADA,115,0.0043947171660038975
4,UPFC_Vse,5-15,0.060508485515277884,85,0.05914467745826208,MAP_SCADA,115,0.0013638080570158029
5,UPFC_tse,5-15,-2.156137188259973,85,-2.1440623659195452,MAP_SCADA,115,0.012074822340427893
0,x_tcsc,1-14,-0.11364135301624523,86,-0.1376757391913022,MAP_SCADA,115,0.02403438617505696
1,B_svc,2,0.1821219783944858,86,0.2913753703762746,MAP_SCADA,115,0.1092533919817888
2,UPFC_Vsh,5-15,1.107820798130156,86,1.105819733629388,MAP_SCADA,115,0.0020010645007679795
3,UPFC_tsh,5-15,-0.2322128959487655,86,-0.22760568204206996,MAP_SCADA,115,0.004607213906695551
4,UPFC_Vse,5-15,0.060660300434416836,86,0.05914467745826208,MAP_SCADA,115,0.0015156229761547554
5,UPFC_tse,5-15,-2.1513489737161597,86,-2.1440623659195452,MAP_SCADA,115,0.007286607796614497
0,x_tcsc,1-14,-0.11243275414694069,87,-0.1376757391913022,MAP_SCADA,115,0.025242985044361496
1,B_svc,2,0.18119025313673967,87,0.2913753703762746,MAP_SCADA,115,0.11018511723953492
2,UPFC_Vsh,5-15,1.1088940270782162,87,1.105819733629388,MAP_SCADA,115,0.003074293448828147
3,UPFC_tsh,5-15,-0.2316124266592611,87,-0.22760568204206996,MAP_SCADA,115,0.004006744617191138
4,UPFC_Vse,5-15,0.060193264965839675,87,0.05914467745826208,MAP_SCADA,115,0.0010485875075775947
5,UPFC_tse,5-15,-2.1547446105680494,87,-2.1440623659195452,MAP_SCADA,115,0.010682244648504202
0,x_tcsc,1-14,-0.1117050885844963,88,-0.1376757391913022,MAP_SCADA,115,0.02597065060680588
1,B_svc,2,0.18225177768878625,88,0.2913753703762746,MAP_SCADA,115,0.10912359268748834
2,UPFC_Vsh,5-15,1.1091187232902788,88,1.105819733629388,MAP_SCADA,115,0.0032989896608908165
3,UPFC_tsh,5-15,-0.23202232715977783,88,-0.22760568204206996,MAP_SCADA,115,0.004416645117707868
4,UPFC_Vse,5-15,0.060376671714547456,88,0.05914467745826208,MAP_SCADA,115,0.001231994256285375
5,UPFC_tse,5-15,-2.162073760045472,88,-2.1440623659195452,MAP_SCADA,115,0.01801139412592656
0,x_tcsc,1-14,-0.11379815943239346,89,-0.1376757391913022,MAP_SCADA,115,0.023877579758908724
1,B_svc,2,0.1805462804774064,89,0.2913753703762746,MAP_SCADA,115,0.1108290898988682
2,UPFC_Vsh,5-15,1.1080653754934764,89,1.105819733629388,MAP_SCADA,115,0.002245641864088377
3,UPFC_tsh,5-15,-0.2315678341219605,89,-0.22760568204206996,MAP_SCADA,115,0.003962152079890535
4,UPFC_Vse,5-15,0.060031095941406064,89,0.05914467745826208,MAP_SCADA,115,0.0008864184831439831
5,UPFC_tse,5-15,-2.159275756025949,89,-2.1440623659195452,MAP_SCADA,115,0.015213390106403768
0,x_tcsc,1-14,-0.11269324663045342,90,-0.1376757391913022,MAP_SCADA,115,0.024982492560848765
1,B_svc,2,0.1821197549092243,90,0.2913753703762746,MAP_SCADA,115,0.10925561546705029
2,UPFC_Vsh,5-15,1.1062962965124052,90,1.105819733629388,MAP_SCADA,115,0.0004765628830172286
3,UPFC_tsh,5-15,-0.23417220359261745,90,-0.22760568204206996,MAP_SCADA,115,0.006566521550547488
4,UPFC_Vse,5-15,0.060051107680717156,90,0.05914467745826208,MAP_SCADA,115,0.0009064302224550749
5,UPFC_tse,5-15,-2.157194858291217,90,-2.1440623659195452,MAP_SCADA,115,0.013132492371671578
0,x_tcsc,1-14,-0.11164315453934559,91,-0.1376757391913022,MAP_SCADA,115,0.026032584651956597
1,B_svc,2,0.18654973269484112,91,0.2913753703762746,MAP_SCADA,115,0.10482563768143346
2,UPFC_Vsh,5-15,1.1068988496328513,91,1.105819733629388,MAP_SCADA,115,0.0010791160034633318
3,UPFC_tsh,5-15,-0.23361650316009025,91,-0.22760568204206996,MAP_SCADA,115,0.0060108211180202875
4,UPFC_Vse,5-15,0.060603644534026314,91,0.05914467745826208,MAP_SCADA,115,0.0014589670757642337
5,UPFC_tse,5-15,-2.1555270160668036,91,-2.1440623659195452,MAP_SCADA,115,0.011464650147258393
0,x_tcsc,1-14,-0.11320362379910998,92,-0.1376757391913022,MAP_SCADA,115,0.024472115392192212
1,B_svc,2,0.1817882088694763,92,0.2913753703762746,MAP_SCADA,115,0.10958716150679829
2,UPFC_Vsh,5-15,1.1076439408886294,92,1.105819733629388,MAP_SCADA,115,0.0018242072592413727
3,UPFC_tsh,5-15,-0.23202215347050792,92,-0.22760568204206996,MAP_SCADA,115,0.004416471428437957
4,UPFC_Vse,5-15,0.06037604036313058,92,0.05914467745826208,MAP_SCADA,115,0.0012313629048684993
5,UPFC_tse,5-15,-2.158383119696829,92,-2.1440623659195452,MAP_SCADA,115,0.014320753777283812
0,x_tcsc,1-14,-0.10898873491513596,93,-0.1376757391913022,MAP_SCADA,115,0.02868700427616623
1,B_svc,2,0.19068847968051864,93,0.2913753703762746,MAP_SCADA,115,0.10068689069575595
2,UPFC_Vsh,5-15,1.1066670030248402,93,1.105819733629388,MAP_SCADA,115,0.0008472693954522104
3,UPFC_tsh,5-15,-0.23438533687847693,93,-0.22760568204206996,MAP_SCADA,115,0.0067796548364069675
4,UPFC_Vse,5-15,0.06075473700274517,93,0.05914467745826208,MAP_SCADA,115,0.0016100595444830876
5,UPFC_tse,5-15,-2.1592122319698612,93,-2.1440623659195452,MAP_SCADA,115,0.015149866050315985
0,x_tcsc,1-14,-0.11178711151202753,94,-0.1376757391913022,MAP_SCADA,115,0.02588862767927466
1,B_svc,2,0.1862241898982063,94,0.2913753703762746,MAP_SCADA,115,0.10515118047806829
2,UPFC_Vsh,5-15,1.1073746068132924,94,1.105819733629388,MAP_SCADA,115,0.0015548731839043484
3,UPFC_tsh,5-15,-0.23271118962076062,94,-0.22760568204206996,MAP_SCADA,115,0.00510550757869066
4,UPFC_Vse,5-15,0.05974367351699315,94,0.05914467745826208,MAP_SCADA,115,0.0005989960587310661
5,UPFC_tse,5-15,-2.1591837303616974,94,-2.1440623659195452,MAP_SCADA,115,0.015121364442152174
0,x_tcsc,1-14,-0.11281811211419954,95,-0.1376757391913022,MAP_SCADA,115,0.02485762707710265
1,B_svc,2,0.1798423535605849,95,0.2913753703762746,MAP_SCADA,115,0.1115330168156897
2,UPFC_Vsh,5-15,1.1107640975000732,95,1.105819733629388,MAP_SCADA,115,0.004944363870685198
3,UPFC_tsh,5-15,-0.23130359362426886,95,-0.22760568204206996,MAP_SCADA,115,0.0036979115821988984
4,UPFC_Vse,5-15,0.060407635714608096,95,0.05914467745826208,MAP_SCADA,115,0.0012629582563460154
5,UPFC_tse,5-15,-2.15105994964005,95,-2.1440623659195452,MAP_SCADA,115,0.006997583720504963
0,x_tcsc,1-14,-0.11195570137059803,96,-0.1376757391913022,MAP_SCADA,115,0.02572003782070416
1,B_svc,2,0.18764742666765016,96,0.2913753703762746,MAP_SCADA,115,0.10372794370862443
2,UPFC_Vsh,5-15,1.109255661757014,96,1.105819733629388,MAP_SCADA,115,0.0034359281276259424
3,UPFC_tsh,5-15,-0.23200538249675867,96,-0.22760568204206996,MAP_SCADA,115,0.00439970045468871
4,UPFC_Vse,5-15,0.06062835131201776,96,0.05914467745826208,MAP_SCADA,115,0.001483673853755682
5,UPFC_tse,5-15,-2.1573787027016547,96,-2.1440623659195452,MAP_SCADA,115,0.013316336782109417
0,x_tcsc,1-14,-0.11174140659467031,97,-0.1376757391913022,MAP_SCADA,115,0.025934332596631873
1,B_svc,2,0.18426488750022654,97,0.2913753703762746,MAP_SCADA,115,0.10711048287604805
2,UPFC_Vsh,5-15,1.108756821574409,97,1.105819733629388,MAP_SCADA,115,0.0029370879450210108
3,UPFC_tsh,5-15,-0.23306784874770028,97,-0.22760568204206996,MAP_SCADA,115,0.0054621667056303225
4,UPFC_Vse,5-15,0.059787575256518455,97,0.05914467745826208,MAP_SCADA,115,0.0006428977982563741
5,UPFC_tse,5-15,-2.1580555421623253,97,-2.1440623659195452,MAP_SCADA,115,0.01399317624278007
0,x_tcsc,1-14,-0.11246565688486991,98,-0.1376757391913022,MAP_SCADA,115,0.025210082306432277
1,B_svc,2,0.18285318023999722,98,0.2913753703762746,MAP_SCADA,115,0.10852219013627737
2,UPFC_Vsh,5-15,1.109484306840395,98,1.105819733629388,MAP_SCADA,115,0.003664573211006994
3,UPFC_tsh,5-15,-0.23208286556886998,98,-0.22760568204206996,MAP_SCADA,115,0.004477183526800016
4,UPFC_Vse,5-15,0.0605315567883521,98,0.05914467745826208,MAP_SCADA,115,0.0013868793300900184
5,UPFC_tse,5-15,-2.1553071214667407,98,-2.1440623659195452,MAP_SCADA,115,0.011244755547195506
0,x_tcsc,1-14,-0.1137018084065269,99,-0.1376757391913022,MAP_SCADA,115,0.02397393078477529
1,B_svc,2,0.17857495229728937,99,0.2913753703762746,MAP_SCADA,115,0.11280041807898522
2,UPFC_Vsh,5-15,1.1088238971653452,99,1.105819733629388,MAP_SCADA,115,0.003004163535957227
3,UPFC_tsh,5-15,-0.23186387590410268,99,-0.22760568204206996,MAP_SCADA,115,0.0042581938620327164
4,UPFC_Vse,5-15,0.06031676127760777,99,0.05914467745826208,MAP_SCADA,115,0.001172083819345686
5,UPFC_tse,5-15,-2.153187140622384,99,-2.1440623659195452,MAP_SCADA,115,0.009124774702838678
0,x_tcsc,1-14,-0.1089531511781327,0,-0.1368052845748615,MAP_SCADA,117,0.02785213339672879
1,B_svc,2,0.1897935387956435,0,0.2870556937323049,MAP_SCADA,117,0.09726215493666138
2,UPFC_Vsh,5-15,1.1087431100620921,0,1.1069375195749371,MAP_SCADA,117,0.0018055904871550066
3,UPFC_tsh,5-15,-0.23330975381613128,0,-0.22869827424353983,MAP_SCADA,117,0.004611479572591448
4,UPFC_Vse,5-15,0.059910786553985726,0,0.05842137802186497,MAP_SCADA,117,0.0014894085321207548
5,UPFC_tse,5-15,-2.1617541252362744,0,-2.1349751449363463,MAP_SCADA,117,0.02677898029992809
0,x_tcsc,1-14,-0.111586134031699,1,-0.1368052845748615,MAP_SCADA,117,0.025219150543162497
1,B_svc,2,0.18277825912481013,1,0.2870556937323049,MAP_SCADA,117,0.10427743460749475
2,UPFC_Vsh,5-15,1.1082234287991541,1,1.1069375195749371,MAP_SCADA,117,0.0012859092242170078
3,UPFC_tsh,5-15,-0.23190643054264615,1,-0.22869827424353983,MAP_SCADA,117,0.003208156299106313
4,UPFC_Vse,5-15,0.06059477305551764,1,0.05842137802186497,MAP_SCADA,117,0.0021733950336526656
5,UPFC_tse,5-15,-2.1540585190564276,1,-2.1349751449363463,MAP_SCADA,117,0.01908337412008132
0,x_tcsc,1-14,-0.11211395804478234,2,-0.1368052845748615,MAP_SCADA,117,0.024691326530079147
1,B_svc,2,0.1868625727668949,2,0.2870556937323049,MAP_SCADA,117,0.10019312096540997
2,UPFC_Vsh,5-15,1.1067411309471762,2,1.1069375195749371,MAP_SCADA,117,0.00019638862776094612
3,UPFC_tsh,5-15,-0.2331739941656229,2,-0.22869827424353983,MAP_SCADA,117,0.004475719922083066
4,UPFC_Vse,5-15,0.0609363740875178,2,0.05842137802186497,MAP_SCADA,117,0.002514996065652829
5,UPFC_tse,5-15,-2.152871154024673,2,-2.1349751449363463,MAP_SCADA,117,0.017896009088326892
0,x_tcsc,1-14,-0.11285742257812492,3,-0.1368052845748615,MAP_SCADA,117,0.02394786199673657
1,B_svc,2,0.18539429171333982,3,0.2870556937323049,MAP_SCADA,117,0.10166140201896506
2,UPFC_Vsh,5-15,1.1081386969229026,3,1.1069375195749371,MAP_SCADA,117,0.001201177347965432
3,UPFC_tsh,5-15,-0.2324863078339946,3,-0.22869827424353983,MAP_SCADA,117,0.0037880335904547646
4,UPFC_Vse,5-15,0.06048900561970597,3,0.05842137802186497,MAP_SCADA,117,0.0020676275978410014
5,UPFC_tse,5-15,-2.1551872012743307,3,-2.1349751449363463,MAP_SCADA,117,0.020212056337984396
0,x_tcsc,1-14,-0.11231476988244248,4,-0.1368052845748615,MAP_SCADA,117,0.024490514692419016
1,B_svc,2,0.18572521980578321,4,0.2870556937323049,MAP_SCADA,117,0.10133047392652167
2,UPFC_Vsh,5-15,1.1056512600233495,4,1.1069375195749371,MAP_SCADA,117,0.0012862595515876762
3,UPFC_tsh,5-15,-0.2338904834461942,4,-0.22869827424353983,MAP_SCADA,117,0.005192209202654369
4,UPFC_Vse,5-15,0.060121854908355796,4,0.05842137802186497,MAP_SCADA,117,0.0017004768864908246
5,UPFC_tse,5-15,-2.1592578402365357,4,-2.1349751449363463,MAP_SCADA,117,0.02428269530018934
0,x_tcsc,1-14,-0.11178525041785418,5,-0.1368052845748615,MAP_SCADA,117,0.025020034157007306
1,B_svc,2,0.18343692280570392,5,0.2870556937323049,MAP_SCADA,117,0.10361877092660096
2,UPFC_Vsh,5-15,1.109880077816995,5,1.1069375195749371,MAP_SCADA,117,0.0029425582420579133
3,UPFC_tsh,5-15,-0.2309144059831098,5,-0.22869827424353983,MAP_SCADA,117,0.002216131739569971
4,UPFC_Vse,5-15,0.0603194722178149,5,0.05842137802186497,MAP_SCADA,117,0.001898094195949926
5,UPFC_tse,5-15,-2.155318859766885,5,-2.1349751449363463,MAP_SCADA,117,0.02034371483053876
0,x_tcsc,1-14,-0.11333459791028293,6,-0.1368052845748615,MAP_SCADA,117,0.023470686664578563
1,B_svc,2,0.18041966252582461,6,0.2870556937323049,MAP_SCADA,117,0.10663603120648027
2,UPFC_Vsh,5-15,1.1072648590523495,6,1.1069375195749371,MAP_SCADA,117,0.00032733947741236946
3,UPFC_tsh,5-15,-0.23253037627372858,6,-0.22869827424353983,MAP_SCADA,117,0.0038321020301887443
4,UPFC_Vse,5-15,0.0600837156301815,6,0.05842137802186497,MAP_SCADA,117,0.001662337608316529
5,UPFC_tse,5-15,-2.1559922176239676,6,-2.1349751449363463,MAP_SCADA,117,0.02101707268762132
0,x_tcsc,1-14,-0.11436276256544746,7,-0.1368052845748615,MAP_SCADA,117,0.02244252200941403
1,B_svc,2,0.17578589143797024,7,0.2870556937323049,MAP_SCADA,117,0.11126980229433464
2,UPFC_Vsh,5-15,1.1090257321918613,7,1.1069375195749371,MAP_SCADA,117,0.0020882126169241566
3,UPFC_tsh,5-15,-0.230752004160547,7,-0.22869827424353983,MAP_SCADA,117,0.0020537299170071688
4,UPFC_Vse,5-15,0.06009782334247497,7,0.05842137802186497,MAP_SCADA,117,0.0016764453206099955
5,UPFC_tse,5-15,-2.1532896030355704,7,-2.1349751449363463,MAP_SCADA,117,0.01831445809922405
0,x_tcsc,1-14,-0.11346472153441553,8,-0.1368052845748615,MAP_SCADA,117,0.02334056304044596
1,B_svc,2,0.18048286210943015,8,0.2870556937323049,MAP_SCADA,117,0.10657283162287473
2,UPFC_Vsh,5-15,1.108480483695338,8,1.1069375195749371,MAP_SCADA,117,0.0015429641204007805
3,UPFC_tsh,5-15,-0.23109403596665595,8,-0.22869827424353983,MAP_SCADA,117,0.002395761723116119
4,UPFC_Vse,5-15,0.05989475052534988,8,0.05842137802186497,MAP_SCADA,117,0.0014733725034849071
5,UPFC_tse,5-15,-2.153008952867411,8,-2.1349751449363463,MAP_SCADA,117,0.018033807931064683
0,x_tcsc,1-14,-0.11177440719091994,9,-0.1368052845748615,MAP_SCADA,117,0.025030877383941552
1,B_svc,2,0.18671012434317674,9,0.2870556937323049,MAP_SCADA,117,0.10034556938912814
2,UPFC_Vsh,5-15,1.1037795807258335,9,1.1069375195749371,MAP_SCADA,117,0.0031579388491036475
3,UPFC_tsh,5-15,-0.23448940288511175,9,-0.22869827424353983,MAP_SCADA,117,0.005791128641571913
4,UPFC_Vse,5-15,0.06104008593960212,9,0.05842137802186497,MAP_SCADA,117,0.002618707917737148
5,UPFC_tse,5-15,-2.1543496412886083,9,-2.1349751449363463,MAP_SCADA,117,0.01937449635226196
0,x_tcsc,1-14,-0.11194494997492009,10,-0.1368052845748615,MAP_SCADA,117,0.0248603345999414
1,B_svc,2,0.18561780207658218,10,0.2870556937323049,MAP_SCADA,117,0.1014378916557227
2,UPFC_Vsh,5-15,1.1077955580647714,10,1.1069375195749371,MAP_SCADA,117,0.0008580384898342341
3,UPFC_tsh,5-15,-0.23357350457639295,10,-0.22869827424353983,MAP_SCADA,117,0.004875230332853114
4,UPFC_Vse,5-15,0.06104911978819504,10,0.05842137802186497,MAP_SCADA,117,0.0026277417663300717
5,UPFC_tse,5-15,-2.1542087215643924,10,-2.1349751449363463,MAP_SCADA,117,0.019233576628046034
0,x_tcsc,1-14,-0.11144691933862402,11,-0.1368052845748615,MAP_SCADA,117,0.025358365236237468
1,B_svc,2,0.18733135995158337,11,0.2870556937323049,MAP_SCADA,117,0.09972433378072151
2,UPFC_Vsh,5-15,1.106233756598256,11,1.1069375195749371,MAP_SCADA,117,0.000703762976681066
3,UPFC_tsh,5-15,-0.23400144609007603,11,-0.22869827424353983,MAP_SCADA,117,0.005303171846536198
4,UPFC_Vse,5-15,0.06022611964382545,11,0.05842137802186497,MAP_SCADA,117,0.0018047416219604817
5,UPFC_tse,5-15,-2.15561983957537,11,-2.1349751449363463,MAP_SCADA,117,0.02064469463902352
0,x_tcsc,1-14,-0.11335974657529489,12,-0.1368052845748615,MAP_SCADA,117,0.0234455379995666
1,B_svc,2,0.18052980160149132,12,0.2870556937323049,MAP_SCADA,117,0.10652589213081357
2,UPFC_Vsh,5-15,1.1072101395226248,12,1.1069375195749371,MAP_SCADA,117,0.00027261994768768005
3,UPFC_tsh,5-15,-0.23235149981375186,12,-0.22869827424353983,MAP_SCADA,117,0.0036532255702120264
4,UPFC_Vse,5-15,0.06105168575186966,12,0.05842137802186497,MAP_SCADA,117,0.002630307730004687
5,UPFC_tse,5-15,-2.1503334819797124,12,-2.1349751449363463,MAP_SCADA,117,0.015358337043366088
0,x_tcsc,1-14,-0.11211623931164033,13,-0.1368052845748615,MAP_SCADA,117,0.02468904526322116
1,B_svc,2,0.18705823005723368,13,0.2870556937323049,MAP_SCADA,117,0.0999974636750712
2,UPFC_Vsh,5-15,1.1059065780904005,13,1.1069375195749371,MAP_SCADA,117,0.0010309414845366405
3,UPFC_tsh,5-15,-0.23398759186968957,13,-0.22869827424353983,MAP_SCADA,117,0.005289317626149731
4,UPFC_Vse,5-15,0.06032973274826177,13,0.05842137802186497,MAP_SCADA,117,0.0019083547263967979
5,UPFC_tse,5-15,-2.1569813122485124,13,-2.1349751449363463,MAP_SCADA,117,0.02200616731216609
0,x_tcsc,1-14,-0.1137714289763915,14,-0.1368052845748615,MAP_SCADA,117,0.023033855598469988
1,B_svc,2,0.1830696590076973,14,0.2870556937323049,MAP_SCADA,117,0.10398603472460757
2,UPFC_Vsh,5-15,1.1082720687885226,14,1.1069375195749371,MAP_SCADA,117,0.0013345492135854453
3,UPFC_tsh,5-15,-0.23205392329338764,14,-0.22869827424353983,MAP_SCADA,117,0.0033556490498478087
4,UPFC_Vse,5-15,0.060411104500337556,14,0.05842137802186497,MAP_SCADA,117,0.001989726478472585
5,UPFC_tse,5-15,-2.1558802644963175,14,-2.1349751449363463,MAP_SCADA,117,0.020905119559971208
0,x_tcsc,1-14,-0.11331493961116607,15,-0.1368052845748615,MAP_SCADA,117,0.023490344963695425
1,B_svc,2,0.1800813984044449,15,0.2870556937323049,MAP_SCADA,117,0.10697429532785999
2,UPFC_Vsh,5-15,1.107314408698073,15,1.1069375195749371,MAP_SCADA,117,0.00037688912313593725
3,UPFC_tsh,5-15,-0.23205643090968373,15,-0.22869827424353983,MAP_SCADA,117,0.003358156666143891
4,UPFC_Vse,5-15,0.059873090964751116,15,0.05842137802186497,MAP_SCADA,117,0.001451712942886145
5,UPFC_tse,5-15,-2.155007128440672,15,-2.1349751449363463,MAP_SCADA,117,0.02003198350432589
0,x_tcsc,1-14,-0.1122306884762184,16,-0.1368052845748615,MAP_SCADA,117,0.024574596098643098
1,B_svc,2,0.18775249902392893,16,0.2870556937323049,MAP_SCADA,117,0.09930319470837595
2,UPFC_Vsh,5-15,1.1049647892610377,16,1.1069375195749371,MAP_SCADA,117,0.00197273031389944
3,UPFC_tsh,5-15,-0.2330079098466535,16,-0.22869827424353983,MAP_SCADA,117,0.004309635603113676
4,UPFC_Vse,5-15,0.06113724250918414,16,0.05842137802186497,MAP_SCADA,117,0.0027158644873191695
5,UPFC_tse,5-15,-2.157423881875138,16,-2.1349751449363463,MAP_SCADA,117,0.02244873693879157
0,x_tcsc,1-14,-0.11263036020353481,17,-0.1368052845748615,MAP_SCADA,117,0.024174924371326678
1,B_svc,2,0.1817837233928617,17,0.2870556937323049,MAP_SCADA,117,0.10527197033944319
2,UPFC_Vsh,5-15,1.1084114438149966,17,1.1069375195749371,MAP_SCADA,117,0.0014739242400594321
3,UPFC_tsh,5-15,-0.23144867598779334,17,-0.22869827424353983,MAP_SCADA,117,0.0027504017442535056
4,UPFC_Vse,5-15,0.060318116756721364,17,0.05842137802186497,MAP_SCADA,117,0.001896738734856393
5,UPFC_tse,5-15,-2.153541067371644,17,-2.1349751449363463,MAP_SCADA,117,0.018565922435297644
0,x_tcsc,1-14,-0.1123168833646532,18,-0.1368052845748615,MAP_SCADA,117,0.024488401210208288
1,B_svc,2,0.18114343012589246,18,0.2870556937323049,MAP_SCADA,117,0.10591226360641243
2,UPFC_Vsh,5-15,1.108076754568016,18,1.1069375195749371,MAP_SCADA,117,0.0011392349930787748
3,UPFC_tsh,5-15,-0.2320082068359299,18,-0.22869827424353983,MAP_SCADA,117,0.003309932592390069
4,UPFC_Vse,5-15,0.06041732067962146,18,0.05842137802186497,MAP_SCADA,117,0.0019959426577564887
5,UPFC_tse,5-15,-2.1552625136309573,18,-2.1349751449363463,MAP_SCADA,117,0.020287368694611008
0,x_tcsc,1-14,-0.11164424108868416,19,-0.1368052845748615,MAP_SCADA,117,0.02516104348617733
1,B_svc,2,0.18040424893429052,19,0.2870556937323049,MAP_SCADA,117,0.10665144479801436
2,UPFC_Vsh,5-15,1.108871364654878,19,1.1069375195749371,MAP_SCADA,117,0.0019338450799408768
3,UPFC_tsh,5-15,-0.2324105075658558,19,-0.22869827424353983,MAP_SCADA,117,0.003712233322315961
4,UPFC_Vse,5-15,0.061155322165232597,19,0.05842137802186497,MAP_SCADA,117,0.0027339441433676254
5,UPFC_tse,5-15,-2.154669972733158,19,-2.1349751449363463,MAP_SCADA,117,0.019694827796811865
0,x_tcsc,1-14,-0.11274782327049446,20,-0.1368052845748615,MAP_SCADA,117,0.024057461304367034
1,B_svc,2,0.18459454920584656,20,0.2870556937323049,MAP_SCADA,117,0.10246114452645833
2,UPFC_Vsh,5-15,1.108006286307207,20,1.1069375195749371,MAP_SCADA,117,0.0010687667322699657
3,UPFC_tsh,5-15,-0.23191990543603197,20,-0.22869827424353983,MAP_SCADA,117,0.003221631192492136
4,UPFC_Vse,5-15,0.06008050852103739,20,0.05842137802186497,MAP_SCADA,117,0.0016591304991724204
5,UPFC_tse,5-15,-2.1567097345688575,20,-2.1349751449363463,MAP_SCADA,117,0.02173458963251118
0,x_tcsc,1-14,-0.11169414259952308,21,-0.1368052845748615,MAP_SCADA,117,0.02511114197533841
1,B_svc,2,0.1857776632719838,21,0.2870556937323049,MAP_SCADA,117,0.10127803046032108
2,UPFC_Vsh,5-15,1.108184785877071,21,1.1069375195749371,MAP_SCADA,117,0.001247266302133898
3,UPFC_tsh,5-15,-0.23273179667649846,21,-0.22869827424353983,MAP_SCADA,117,0.004033522432958625
4,UPFC_Vse,5-15,0.05992770845896655,21,0.05842137802186497,MAP_SCADA,117,0.0015063304371015773
5,UPFC_tse,5-15,-2.1568349329799426,21,-2.1349751449363463,MAP_SCADA,117,0.02185978804359623
0,x_tcsc,1-14,-0.11260572090998863,22,-0.1368052845748615,MAP_SCADA,117,0.02419956366487286
1,B_svc,2,0.18071338323253047,22,0.2870556937323049,MAP_SCADA,117,0.10634231049977441
2,UPFC_Vsh,5-15,1.106722196604619,22,1.1069375195749371,MAP_SCADA,117,0.00021532297031812142
3,UPFC_tsh,5-15,-0.23240057224166638,22,-0.22869827424353983,MAP_SCADA,117,0.003702297998126547
4,UPFC_Vse,5-15,0.059859672432762606,22,0.05842137802186497,MAP_SCADA,117,0.001438294410897635
5,UPFC_tse,5-15,-2.1554046999392504,22,-2.1349751449363463,MAP_SCADA,117,0.02042955500290411
0,x_tcsc,1-14,-0.10863106555895048,23,-0.1368052845748615,MAP_SCADA,117,0.02817421901591101
1,B_svc,2,0.19440583723342642,23,0.2870556937323049,MAP_SCADA,117,0.09264985649887847
2,UPFC_Vsh,5-15,1.1056047474826858,23,1.1069375195749371,MAP_SCADA,117,0.0013327720922513553
3,UPFC_tsh,5-15,-0.23553602350049807,23,-0.22869827424353983,MAP_SCADA,117,0.0068377492569582365
4,UPFC_Vse,5-15,0.06062491232048908,23,0.05842137802186497,MAP_SCADA,117,0.0022035342986241116
5,UPFC_tse,5-15,-2.1604370235879395,23,-2.1349751449363463,MAP_SCADA,117,0.025461878651593217
0,x_tcsc,1-14,-0.11358461640106417,24,-0.1368052845748615,MAP_SCADA,117,0.023220668173797324
1,B_svc,2,0.17847299555661278,24,0.2870556937323049,MAP_SCADA,117,0.1085826981756921
2,UPFC_Vsh,5-15,1.1077453708357268,24,1.1069375195749371,MAP_SCADA,117,0.0008078512607896382
3,UPFC_tsh,5-15,-0.23118967241909189,24,-0.22869827424353983,MAP_SCADA,117,0.002491398175552051
4,UPFC_Vse,5-15,0.06001689749729636,24,0.05842137802186497,MAP_SCADA,117,0.0015955194754313923
5,UPFC_tse,5-15,-2.1543010736861428,24,-2.1349751449363463,MAP_SCADA,117,0.01932592874979644
0,x_tcsc,1-14,-0.11320004043012336,25,-0.1368052845748615,MAP_SCADA,117,0.023605244144738136
1,B_svc,2,0.17941167260829785,25,0.2870556937323049,MAP_SCADA,117,0.10764402112400703
2,UPFC_Vsh,5-15,1.1101974435380184,25,1.1069375195749371,MAP_SCADA,117,0.0032599239630812793
3,UPFC_tsh,5-15,-0.23031717049236608,25,-0.22869827424353983,MAP_SCADA,117,0.001618896248826246
4,UPFC_Vse,5-15,0.05996830578511454,25,0.05842137802186497,MAP_SCADA,117,0.0015469277632495712
5,UPFC_tse,5-15,-2.1553668754708863,25,-2.1349751449363463,MAP_SCADA,117,0.02039173053454002
0,x_tcsc,1-14,-0.11212214964649692,26,-0.1368052845748615,MAP_SCADA,117,0.024683134928364575
1,B_svc,2,0.1816223075761155,26,0.2870556937323049,MAP_SCADA,117,0.10543338615618938
2,UPFC_Vsh,5-15,1.1082064053681402,26,1.1069375195749371,MAP_SCADA,117,0.0012688857932030562
3,UPFC_tsh,5-15,-0.23179014857039898,26,-0.22869827424353983,MAP_SCADA,117,0.0030918743268591453
4,UPFC_Vse,5-15,0.060238724303090414,26,0.05842137802186497,MAP_SCADA,117,0.0018173462812254432
5,UPFC_tse,5-15,-2.1599186635184866,26,-2.1349751449363463,MAP_SCADA,117,0.02494351858214028
0,x_tcsc,1-14,-0.11119204081336112,27,-0.1368052845748615,MAP_SCADA,117,0.02561324376150037
1,B_svc,2,0.1842705258074126,27,0.2870556937323049,MAP_SCADA,117,0.10278516792489228
2,UPFC_Vsh,5-15,1.1059116452390325,27,1.1069375195749371,MAP_SCADA,117,0.0010258743359046196
3,UPFC_tsh,5-15,-0.23295759170996305,27,-0.22869827424353983,MAP_SCADA,117,0.004259317466423218
4,UPFC_Vse,5-15,0.06053072554552834,27,0.05842137802186497,MAP_SCADA,117,0.002109347523663367
5,UPFC_tse,5-15,-2.1561425446031106,27,-2.1349751449363463,MAP_SCADA,117,0.021167399666764286
0,x_tcsc,1-14,-0.11078516593243308,28,-0.1368052845748615,MAP_SCADA,117,0.02602011864242841
1,B_svc,2,0.1862073014298553,28,0.2870556937323049,MAP_SCADA,117,0.10084839230244957
2,UPFC_Vsh,5-15,1.105306562887327,28,1.1069375195749371,MAP_SCADA,117,0.0016309566876100412
3,UPFC_tsh,5-15,-0.2340897760936502,28,-0.22869827424353983,MAP_SCADA,117,0.005391501850110364
4,UPFC_Vse,5-15,0.06031540260348843,28,0.05842137802186497,MAP_SCADA,117,0.0018940245816234588
5,UPFC_tse,5-15,-2.159848933017864,28,-2.1349751449363463,MAP_SCADA,117,0.024873788081517745
0,x_tcsc,1-14,-0.11114633594373284,29,-0.1368052845748615,MAP_SCADA,117,0.02565894863112865
1,B_svc,2,0.18515795790093445,29,0.2870556937323049,MAP_SCADA,117,0.10189773583137043
2,UPFC_Vsh,5-15,1.1077676810944392,29,1.1069375195749371,MAP_SCADA,117,0.0008301615195021039
3,UPFC_tsh,5-15,-0.2328826952361252,29,-0.22869827424353983,MAP_SCADA,117,0.004184420992585369
4,UPFC_Vse,5-15,0.06039577683997066,29,0.05842137802186497,MAP_SCADA,117,0.0019743988181056896
5,UPFC_tse,5-15,-2.155335140690537,29,-2.1349751449363463,MAP_SCADA,117,0.020359995754190674
0,x_tcsc,1-14,-0.11216068815257503,30,-0.1368052845748615,MAP_SCADA,117,0.02464459642228646
1,B_svc,2,0.17704446044748634,30,0.2870556937323049,MAP_SCADA,117,0.11001123328481854
2,UPFC_Vsh,5-15,1.109683072820936,30,1.1069375195749371,MAP_SCADA,117,0.0027455532459987886
3,UPFC_tsh,5-15,-0.23174778760842352,30,-0.22869827424353983,MAP_SCADA,117,0.0030495133648836825
4,UPFC_Vse,5-15,0.06019310784890161,30,0.05842137802186497,MAP_SCADA,117,0.0017717298270366402
5,UPFC_tse,5-15,-2.1564072150031643,30,-2.1349751449363463,MAP_SCADA,117,0.02143207006681802
0,x_tcsc,1-14,-0.11251342636674841,31,-0.1368052845748615,MAP_SCADA,117,0.024291858208113082
1,B_svc,2,0.1831099893073962,31,0.2870556937323049,MAP_SCADA,117,0.10394570442490869
2,UPFC_Vsh,5-15,1.1078159760395527,31,1.1069375195749371,MAP_SCADA,117,0.0008784564646155957
3,UPFC_tsh,5-15,-0.23189856588754654,31,-0.22869827424353983,MAP_SCADA,117,0.003200291644006703
4,UPFC_Vse,5-15,0.06007672510263565,31,0.05842137802186497,MAP_SCADA,117,0.0016553470807706763
5,UPFC_tse,5-15,-2.1587524619933207,31,-2.1349751449363463,MAP_SCADA,117,0.02377731705697439
0,x_tcsc,1-14,-0.10935089542807824,32,-0.1368052845748615,MAP_SCADA,117,0.027454389146783248
1,B_svc,2,0.18873592910746403,32,0.2870556937323049,MAP_SCADA,117,0.09831976462484085
2,UPFC_Vsh,5-15,1.109038949726816,32,1.1069375195749371,MAP_SCADA,117,0.0021014301518789136
3,UPFC_tsh,5-15,-0.2330027710688704,32,-0.22869827424353983,MAP_SCADA,117,0.004304496825330573
4,UPFC_Vse,5-15,0.05985014716756717,32,0.05842137802186497,MAP_SCADA,117,0.0014287691457021967
5,UPFC_tse,5-15,-2.1617669058380433,32,-2.1349751449363463,MAP_SCADA,117,0.026791760901696993
0,x_tcsc,1-14,-0.11132959920201867,33,-0.1368052845748615,MAP_SCADA,117,0.025475685372842824
1,B_svc,2,0.18595327212098606,33,0.2870556937323049,MAP_SCADA,117,0.10110242161131883
2,UPFC_Vsh,5-15,1.108084565723442,33,1.1069375195749371,MAP_SCADA,117,0.0011470461485048045
3,UPFC_tsh,5-15,-0.2321353180308911,33,-0.22869827424353983,MAP_SCADA,117,0.0034370437873512683
4,UPFC_Vse,5-15,0.06002017416798528,33,0.05842137802186497,MAP_SCADA,117,0.0015987961461203098
5,UPFC_tse,5-15,-2.157033850389164,33,-2.1349751449363463,MAP_SCADA,117,0.02205870545281785
0,x_tcsc,1-14,-0.11034198001640978,34,-0.1368052845748615,MAP_SCADA,117,0.02646330455845171
1,B_svc,2,0.18678599517759245,34,0.2870556937323049,MAP_SCADA,117,0.10026969855471243
2,UPFC_Vsh,5-15,1.1085563560496479,34,1.1069375195749371,MAP_SCADA,117,0.0016188364747107276
3,UPFC_tsh,5-15,-0.23312360340740504,34,-0.22869827424353983,MAP_SCADA,117,0.004425329163865205
4,UPFC_Vse,5-15,0.060366956294376876,34,0.05842137802186497,MAP_SCADA,117,0.0019455782725119053
5,UPFC_tse,5-15,-2.1581320522383804,34,-2.1349751449363463,MAP_SCADA,117,0.023156907302034124
0,x_tcsc,1-14,-0.11311317898577221,35,-0.1368052845748615,MAP_SCADA,117,0.023692105589089282
1,B_svc,2,0.18325163162252295,35,0.2870556937323049,MAP_SCADA,117,0.10380406210978194
2,UPFC_Vsh,5-15,1.1098842983230832,35,1.1069375195749371,MAP_SCADA,117,0.002946778748146084
3,UPFC_tsh,5-15,-0.23130759162507253,35,-0.22869827424353983,MAP_SCADA,117,0.002609317381532694
4,UPFC_Vse,5-15,0.06016391902929492,35,0.05842137802186497,MAP_SCADA,117,0.0017425410074299458
5,UPFC_tse,5-15,-2.1548243799234137,35,-2.1349751449363463,MAP_SCADA,117,0.019849234987067366
0,x_tcsc,1-14,-0.1149720819539307,36,-0.1368052845748615,MAP_SCADA,117,0.02183320262093079
1,B_svc,2,0.1750447967126657,36,0.2870556937323049,MAP_SCADA,117,0.11201089701963918
2,UPFC_Vsh,5-15,1.1102778223388667,36,1.1069375195749371,MAP_SCADA,117,0.0033403027639296035
3,UPFC_tsh,5-15,-0.22961423202170334,36,-0.22869827424353983,MAP_SCADA,117,0.0009159577781635009
4,UPFC_Vse,5-15,0.060175439493694916,36,0.05842137802186497,MAP_SCADA,117,0.0017540614718299444
5,UPFC_tse,5-15,-2.1527252492944804,36,-2.1349751449363463,MAP_SCADA,117,0.017750104358134067
0,x_tcsc,1-14,-0.1135383168444,37,-0.1368052845748615,MAP_SCADA,117,0.023266967730461496
1,B_svc,2,0.1808875627066663,37,0.2870556937323049,MAP_SCADA,117,0.10616813102563857
2,UPFC_Vsh,5-15,1.1097833398341765,37,1.1069375195749371,MAP_SCADA,117,0.0028458202592394066
3,UPFC_tsh,5-15,-0.2306731020068669,37,-0.22869827424353983,MAP_SCADA,117,0.001974827763327053
4,UPFC_Vse,5-15,0.059604765997265136,37,0.05842137802186497,MAP_SCADA,117,0.0011833879754001644
5,UPFC_tse,5-15,-2.1598551334837475,37,-2.1349751449363463,MAP_SCADA,117,0.024879988547401144
0,x_tcsc,1-14,-0.11241197576694792,38,-0.1368052845748615,MAP_SCADA,117,0.024393308807913572
1,B_svc,2,0.18139884194193798,38,0.2870556937323049,MAP_SCADA,117,0.1056568517903669
2,UPFC_Vsh,5-15,1.1092926368032598,38,1.1069375195749371,MAP_SCADA,117,0.0023551172283227118
3,UPFC_tsh,5-15,-0.23168033003577468,38,-0.22869827424353983,MAP_SCADA,117,0.0029820557922348445
4,UPFC_Vse,5-15,0.06042739705196942,38,0.05842137802186497,MAP_SCADA,117,0.0020060190301044514
5,UPFC_tse,5-15,-2.150262573934795,38,-2.1349751449363463,MAP_SCADA,117,0.015287428998448593
0,x_tcsc,1-14,-0.11336627208444718,39,-0.1368052845748615,MAP_SCADA,117,0.023439012490414315
1,B_svc,2,0.1824406965904449,39,0.2870556937323049,MAP_SCADA,117,0.10461499714185998
2,UPFC_Vsh,5-15,1.109450803391796,39,1.1069375195749371,MAP_SCADA,117,0.002513283816858891
3,UPFC_tsh,5-15,-0.23110270791873322,39,-0.22869827424353983,MAP_SCADA,117,0.002404433675193385
4,UPFC_Vse,5-15,0.06015947124209428,39,0.05842137802186497,MAP_SCADA,117,0.00173809322022931
5,UPFC_tse,5-15,-2.1525195949795397,39,-2.1349751449363463,MAP_SCADA,117,0.017544450043193383
0,x_tcsc,1-14,-0.11449781928869908,40,-0.1368052845748615,MAP_SCADA,117,0.022307465286162412
1,B_svc,2,0.17698963311880708,40,0.2870556937323049,MAP_SCADA,117,0.1100660606134978
2,UPFC_Vsh,5-15,1.1099220982081328,40,1.1069375195749371,MAP_SCADA,117,0.002984578633195678
3,UPFC_tsh,5-15,-0.23127461686611703,40,-0.22869827424353983,MAP_SCADA,117,0.0025763426225771935
4,UPFC_Vse,5-15,0.060217625795988015,40,0.05842137802186497,MAP_SCADA,117,0.0017962477741230443
5,UPFC_tse,5-15,-2.1504069037421822,40,-2.1349751449363463,MAP_SCADA,117,0.015431758805835916
0,x_tcsc,1-14,-0.11093572745407543,41,-0.1368052845748615,MAP_SCADA,117,0.025869557120786063
1,B_svc,2,0.18531896959267724,41,0.2870556937323049,MAP_SCADA,117,0.10173672413962764
2,UPFC_Vsh,5-15,1.108434994048722,41,1.1069375195749371,MAP_SCADA,117,0.0014974744737847878
3,UPFC_tsh,5-15,-0.233408373060217,41,-0.22869827424353983,MAP_SCADA,117,0.004710098816677166
4,UPFC_Vse,5-15,0.060499846182725275,41,0.05842137802186497,MAP_SCADA,117,0.0020784681608603042
5,UPFC_tse,5-15,-2.1601069645717934,41,-2.1349751449363463,MAP_SCADA,117,0.025131819635447084
0,x_tcsc,1-14,-0.11147761500004855,42,-0.1368052845748615,MAP_SCADA,117,0.025327669574812944
1,B_svc,2,0.18730903475163513,42,0.2870556937323049,MAP_SCADA,117,0.09974665898066976
2,UPFC_Vsh,5-15,1.1074933658695576,42,1.1069375195749371,MAP_SCADA,117,0.0005558462946204656
3,UPFC_tsh,5-15,-0.23274285808599332,42,-0.22869827424353983,MAP_SCADA,117,0.004044583842453486
4,UPFC_Vse,5-15,0.06046335877714539,42,0.05842137802186497,MAP_SCADA,117,0.0020419807552804203
5,UPFC_tse,5-15,-2.154540752922178,42,-2.1349751449363463,MAP_SCADA,117,0.019565607985831512
0,x_tcsc,1-14,-0.11305657612109273,43,-0.1368052845748615,MAP_SCADA,117,0.023748708453768766
1,B_svc,2,0.1792216928206034,43,0.2870556937323049,MAP_SCADA,117,0.10783400091170148
2,UPFC_Vsh,5-15,1.1100005386855296,43,1.1069375195749371,MAP_SCADA,117,0.0030630191105924798
3,UPFC_tsh,5-15,-0.23036578137282954,43,-0.22869827424353983,MAP_SCADA,117,0.0016675071292897026
4,UPFC_Vse,5-15,0.06057910375371149,43,0.05842137802186497,MAP_SCADA,117,0.00215772573184652
5,UPFC_tse,5-15,-2.1561589997097914,43,-2.1349751449363463,MAP_SCADA,117,0.021183854773445088
0,x_tcsc,1-14,-0.11207535639674679,44,-0.1368052845748615,MAP_SCADA,117,0.024729928178114702
1,B_svc,2,0.1846858498020382,44,0.2870556937323049,MAP_SCADA,117,0.10236984393026669
2,UPFC_Vsh,5-15,1.1077601535326256,44,1.1069375195749371,MAP_SCADA,117,0.0008226339576884456
3,UPFC_tsh,5-15,-0.23261638863089268,44,-0.22869827424353983,MAP_SCADA,117,0.0039181143873528446
4,UPFC_Vse,5-15,0.06047525859342069,44,0.05842137802186497,MAP_SCADA,117,0.0020538805715557204
5,UPFC_tse,5-15,-2.154046429528506,44,-2.1349751449363463,MAP_SCADA,117,0.019071284592159454
0,x_tcsc,1-14,-0.11375431081784133,45,-0.1368052845748615,MAP_SCADA,117,0.023050973757020157
1,B_svc,2,0.17477818719938254,45,0.2870556937323049,MAP_SCADA,117,0.11227750653292234
2,UPFC_Vsh,5-15,1.1093197165452422,45,1.1069375195749371,MAP_SCADA,117,0.0023821969703050616
3,UPFC_tsh,5-15,-0.23071303918734726,45,-0.22869827424353983,MAP_SCADA,117,0.0020147649438074233
4,UPFC_Vse,5-15,0.06014026459677954,45,0.05842137802186497,MAP_SCADA,117,0.0017188865749145701
5,UPFC_tse,5-15,-2.15388812615601,45,-2.1349751449363463,MAP_SCADA,117,0.01891298121966356
0,x_tcsc,1-14,-0.11310434548909658,46,-0.1368052845748615,MAP_SCADA,117,0.023700939085764913
1,B_svc,2,0.17866334359157365,46,0.2870556937323049,MAP_SCADA,117,0.10839235014073123
2,UPFC_Vsh,5-15,1.108715174743999,46,1.1069375195749371,MAP_SCADA,117,0.0017776551690618092
3,UPFC_tsh,5-15,-0.23114836154528098,46,-0.22869827424353983,MAP_SCADA,117,0.0024500873017411495
4,UPFC_Vse,5-15,0.060340846612470904,46,0.05842137802186497,MAP_SCADA,117,0.0019194685906059328
5,UPFC_tse,5-15,-2.155077590767528,46,-2.1349751449363463,MAP_SCADA,117,0.020102445831181814
0,x_tcsc,1-14,-0.1126163685304988,47,-0.1368052845748615,MAP_SCADA,117,0.024188916044362685
1,B_svc,2,0.1826820223153454,47,0.2870556937323049,MAP_SCADA,117,0.1043736714169595
2,UPFC_Vsh,5-15,1.1078508671343414,47,1.1069375195749371,MAP_SCADA,117,0.0009133475594043095
3,UPFC_tsh,5-15,-0.23195436112425402,47,-0.22869827424353983,MAP_SCADA,117,0.0032560868807141874
4,UPFC_Vse,5-15,0.06005427570146322,47,0.05842137802186497,MAP_SCADA,117,0.001632897679598247
5,UPFC_tse,5-15,-2.149004765473707,47,-2.1349751449363463,MAP_SCADA,117,0.014029620537360454
0,x_tcsc,1-14,-0.11202393736720709,48,-0.1368052845748615,MAP_SCADA,117,0.024781347207654403
1,B_svc,2,0.18197032083453404,48,0.2870556937323049,MAP_SCADA,117,0.10508537289777084
2,UPFC_Vsh,5-15,1.1088869066003255,48,1.1069375195749371,MAP_SCADA,117,0.0019493870253883827
3,UPFC_tsh,5-15,-0.23173744296455784,48,-0.22869827424353983,MAP_SCADA,117,0.003039168721018004
4,UPFC_Vse,5-15,0.06064179275722406,48,0.05842137802186497,MAP_SCADA,117,0.00222041473535909
5,UPFC_tse,5-15,-2.1579971846390347,48,-2.1349751449363463,MAP_SCADA,117,0.023022039702688346
0,x_tcsc,1-14,-0.11301190854144895,49,-0.1368052845748615,MAP_SCADA,117,0.02379337603341254
1,B_svc,2,0.1826769526565768,49,0.2870556937323049,MAP_SCADA,117,0.10437874107572809
2,UPFC_Vsh,5-15,1.10911972473425,49,1.1069375195749371,MAP_SCADA,117,0.002182205159312778
3,UPFC_tsh,5-15,-0.23197494578688546,49,-0.22869827424353983,MAP_SCADA,117,0.0032766715433456273
4,UPFC_Vse,5-15,0.06039511975662008,49,0.05842137802186497,MAP_SCADA,117,0.001973741734755112
5,UPFC_tse,5-15,-2.159769366853597,49,-2.1349751449363463,MAP_SCADA,117,0.02479422191725078
0,x_tcsc,1-14,-0.11232464740583507,50,-0.1368052845748615,MAP_SCADA,117,0.024480637169026417
1,B_svc,2,0.1804661933096819,50,0.2870556937323049,MAP_SCADA,117,0.106589500422623
2,UPFC_Vsh,5-15,1.1082997050473367,50,1.1069375195749371,MAP_SCADA,117,0.0013621854723995241
3,UPFC_tsh,5-15,-0.23223059620849504,50,-0.22869827424353983,MAP_SCADA,117,0.003532321964955204
4,UPFC_Vse,5-15,0.060382776568446615,50,0.05842137802186497,MAP_SCADA,117,0.001961398546581644
5,UPFC_tse,5-15,-2.15506436388257,50,-2.1349751449363463,MAP_SCADA,117,0.02008921894622384
0,x_tcsc,1-14,-0.11361562540832322,51,-0.1368052845748615,MAP_SCADA,117,0.02318965916653827
1,B_svc,2,0.17885922469653856,51,0.2870556937323049,MAP_SCADA,117,0.10819646903576632
2,UPFC_Vsh,5-15,1.1070689001567269,51,1.1069375195749371,MAP_SCADA,117,0.00013138058178974177
3,UPFC_tsh,5-15,-0.2321065832889006,51,-0.22869827424353983,MAP_SCADA,117,0.003408309045360769
4,UPFC_Vse,5-15,0.06052340155011435,51,0.05842137802186497,MAP_SCADA,117,0.0021020235282493763
5,UPFC_tse,5-15,-2.1551682308222206,51,-2.1349751449363463,MAP_SCADA,117,0.020193085885874318
0,x_tcsc,1-14,-0.10848351521084021,52,-0.1368052845748615,MAP_SCADA,117,0.028321769364021282
1,B_svc,2,0.19662177475265205,52,0.2870556937323049,MAP_SCADA,117,0.09043391897965283
2,UPFC_Vsh,5-15,1.1078003615348868,52,1.1069375195749371,MAP_SCADA,117,0.0008628419599496784
3,UPFC_tsh,5-15,-0.23401474328945562,52,-0.22869827424353983,MAP_SCADA,117,0.005316469045915789
4,UPFC_Vse,5-15,0.06035505211035941,52,0.05842137802186497,MAP_SCADA,117,0.0019336740884944373
5,UPFC_tse,5-15,-2.160186956663391,52,-2.1349751449363463,MAP_SCADA,117,0.025211811727044786
0,x_tcsc,1-14,-0.11302618824924493,53,-0.1368052845748615,MAP_SCADA,117,0.02377909632561656
1,B_svc,2,0.1855528678668657,53,0.2870556937323049,MAP_SCADA,117,0.10150282586543918
2,UPFC_Vsh,5-15,1.106401917745756,53,1.1069375195749371,MAP_SCADA,117,0.0005356018291811093
3,UPFC_tsh,5-15,-0.23299677621338608,53,-0.22869827424353983,MAP_SCADA,117,0.004298501969846241
4,UPFC_Vse,5-15,0.06025677125495774,53,0.05842137802186497,MAP_SCADA,117,0.001835393233092772
5,UPFC_tse,5-15,-2.1530014389473546,53,-2.1349751449363463,MAP_SCADA,117,0.018026294011008304
0,x_tcsc,1-14,-0.10992588267449988,54,-0.1368052845748615,MAP_SCADA,117,0.026879401900361616
1,B_svc,2,0.18850845278962525,54,0.2870556937323049,MAP_SCADA,117,0.09854724094267964
2,UPFC_Vsh,5-15,1.1080263661691967,54,1.1069375195749371,MAP_SCADA,117,0.0010888465942595627
3,UPFC_tsh,5-15,-0.2334353156834582,54,-0.22869827424353983,MAP_SCADA,117,0.004737041439918377
4,UPFC_Vse,5-15,0.060702502198160174,54,0.05842137802186497,MAP_SCADA,117,0.002281124176295203
5,UPFC_tse,5-15,-2.159140326809645,54,-2.1349751449363463,MAP_SCADA,117,0.024165181873298636
0,x_tcsc,1-14,-0.11090856933726283,55,-0.1368052845748615,MAP_SCADA,117,0.025896715237598664
1,B_svc,2,0.18390305521965483,55,0.2870556937323049,MAP_SCADA,117,0.10315263851265005
2,UPFC_Vsh,5-15,1.105779728191416,55,1.1069375195749371,MAP_SCADA,117,0.001157791383521234
3,UPFC_tsh,5-15,-0.23355893281144285,55,-0.22869827424353983,MAP_SCADA,117,0.00486065856790302
4,UPFC_Vse,5-15,0.06052711291959248,55,0.05842137802186497,MAP_SCADA,117,0.0021057348977275084
5,UPFC_tse,5-15,-2.1596477295296808,55,-2.1349751449363463,MAP_SCADA,117,0.024672584593334435
0,x_tcsc,1-14,-0.11295801478895467,56,-0.1368052845748615,MAP_SCADA,117,0.023847269785906816
1,B_svc,2,0.18145367109197516,56,0.2870556937323049,MAP_SCADA,117,0.10560202264032972
2,UPFC_Vsh,5-15,1.108183062115895,56,1.1069375195749371,MAP_SCADA,117,0.001245542540957878
3,UPFC_tsh,5-15,-0.23276754175977452,56,-0.22869827424353983,MAP_SCADA,117,0.004069267516234681
4,UPFC_Vse,5-15,0.060201074271315824,56,0.05842137802186497,MAP_SCADA,117,0.001779696249450853
5,UPFC_tse,5-15,-2.1541185297160985,56,-2.1349751449363463,MAP_SCADA,117,0.019143384779752193
0,x_tcsc,1-14,-0.11331549764469787,57,-0.1368052845748615,MAP_SCADA,117,0.023489786930163625
1,B_svc,2,0.18113549787680508,57,0.2870556937323049,MAP_SCADA,117,0.1059201958554998
2,UPFC_Vsh,5-15,1.1080297025810695,57,1.1069375195749371,MAP_SCADA,117,0.0010921830061323412
3,UPFC_tsh,5-15,-0.2318175980644757,57,-0.22869827424353983,MAP_SCADA,117,0.0031193238209358543
4,UPFC_Vse,5-15,0.05974123277280337,57,0.05842137802186497,MAP_SCADA,117,0.001319854750938397
5,UPFC_tse,5-15,-2.1568552925009024,57,-2.1349751449363463,MAP_SCADA,117,0.02188014756455603
0,x_tcsc,1-14,-0.11259592447870835,58,-0.1368052845748615,MAP_SCADA,117,0.02420936009615314
1,B_svc,2,0.1855124996650732,58,0.2870556937323049,MAP_SCADA,117,0.1015431940672317
2,UPFC_Vsh,5-15,1.1041639179721214,58,1.1069375195749371,MAP_SCADA,117,0.0027736016028157007
3,UPFC_tsh,5-15,-0.2337457779457213,58,-0.22869827424353983,MAP_SCADA,117,0.005047503702181461
4,UPFC_Vse,5-15,0.060641571824637475,58,0.05842137802186497,MAP_SCADA,117,0.0022201938027725035
5,UPFC_tse,5-15,-2.1560231945507224,58,-2.1349751449363463,MAP_SCADA,117,0.02104804961437612
0,x_tcsc,1-14,-0.11286231559448634,59,-0.1368052845748615,MAP_SCADA,117,0.02394296898037515
1,B_svc,2,0.1817952967432671,59,0.2870556937323049,MAP_SCADA,117,0.10526039698903777
2,UPFC_Vsh,5-15,1.108691902973475,59,1.1069375195749371,MAP_SCADA,117,0.0017543833985378399
3,UPFC_tsh,5-15,-0.23184199738940517,59,-0.22869827424353983,MAP_SCADA,117,0.0031437231458653347
4,UPFC_Vse,5-15,0.060454713383064476,59,0.05842137802186497,MAP_SCADA,117,0.002033335361199505
5,UPFC_tse,5-15,-2.15495703243471,59,-2.1349751449363463,MAP_SCADA,117,0.019981887498363715
0,x_tcsc,1-14,-0.1125451676959699,60,-0.1368052845748615,MAP_SCADA,117,0.024260116878891597
1,B_svc,2,0.18446213206889514,60,0.2870556937323049,MAP_SCADA,117,0.10259356166340974
2,UPFC_Vsh,5-15,1.108050671247431,60,1.1069375195749371,MAP_SCADA,117,0.0011131516724938173
3,UPFC_tsh,5-15,-0.2323091987208775,60,-0.22869827424353983,MAP_SCADA,117,0.003610924477337657
4,UPFC_Vse,5-15,0.06027242282692596,60,0.05842137802186497,MAP_SCADA,117,0.0018510448050609862
5,UPFC_tse,5-15,-2.1526136198908206,60,-2.1349751449363463,MAP_SCADA,117,0.017638474954474237
0,x_tcsc,1-14,-0.11410481713499057,61,-0.1368052845748615,MAP_SCADA,117,0.02270046743987092
1,B_svc,2,0.17972519930177294,61,0.2870556937323049,MAP_SCADA,117,0.10733049443053194
2,UPFC_Vsh,5-15,1.1062344025143551,61,1.1069375195749371,MAP_SCADA,117,0.0007031170605820147
3,UPFC_tsh,5-15,-0.23187134686501007,61,-0.22869827424353983,MAP_SCADA,117,0.0031730726214702354
4,UPFC_Vse,5-15,0.06071318870310169,61,0.05842137802186497,MAP_SCADA,117,0.002291810681236718
5,UPFC_tse,5-15,-2.1542601835848503,61,-2.1349751449363463,MAP_SCADA,117,0.01928503864850395
0,x_tcsc,1-14,-0.1115933269007217,62,-0.1368052845748615,MAP_SCADA,117,0.025211957674139793
1,B_svc,2,0.18400213468782292,62,0.2870556937323049,MAP_SCADA,117,0.10305355904448196
2,UPFC_Vsh,5-15,1.1074571520285303,62,1.1069375195749371,MAP_SCADA,117,0.0005196324535932106
3,UPFC_tsh,5-15,-0.23263168864163766,62,-0.22869827424353983,MAP_SCADA,117,0.003933414398097829
4,UPFC_Vse,5-15,0.05996998341083485,62,0.05842137802186497,MAP_SCADA,117,0.0015486053889698786
5,UPFC_tse,5-15,-2.1600345054626127,62,-2.1349751449363463,MAP_SCADA,117,0.02505936052626634
0,x_tcsc,1-14,-0.11148815154244913,63,-0.1368052845748615,MAP_SCADA,117,0.025317133032412356
1,B_svc,2,0.18721449786679403,63,0.2870556937323049,MAP_SCADA,117,0.09984119586551085
2,UPFC_Vsh,5-15,1.1070688856726931,63,1.1069375195749371,MAP_SCADA,117,0.00013136609775599162
3,UPFC_tsh,5-15,-0.23342688662212113,63,-0.22869827424353983,MAP_SCADA,117,0.004728612378581298
4,UPFC_Vse,5-15,0.05977947534148236,63,0.05842137802186497,MAP_SCADA,117,0.0013580973196173907
5,UPFC_tse,5-15,-2.1563252483151594,63,-2.1349751449363463,MAP_SCADA,117,0.021350103378813046
0,x_tcsc,1-14,-0.11195724792908147,64,-0.1368052845748615,MAP_SCADA,117,0.024848036645780017
1,B_svc,2,0.18532267620046441,64,0.2870556937323049,MAP_SCADA,117,0.10173301753184047
2,UPFC_Vsh,5-15,1.1062982148266969,64,1.1069375195749371,MAP_SCADA,117,0.0006393047482402547
3,UPFC_tsh,5-15,-0.23231828006468574,64,-0.22869827424353983,MAP_SCADA,117,0.0036200058211459107
4,UPFC_Vse,5-15,0.060691859349195215,64,0.05842137802186497,MAP_SCADA,117,0.002270481327330244
5,UPFC_tse,5-15,-2.152693367047146,64,-2.1349751449363463,MAP_SCADA,117,0.017718222110799875
0,x_tcsc,1-14,-0.11295515105283893,65,-0.1368052845748615,MAP_SCADA,117,0.02385013352202256
1,B_svc,2,0.18060145943688566,65,0.2870556937323049,MAP_SCADA,117,0.10645423429541923
2,UPFC_Vsh,5-15,1.1078146006483933,65,1.1069375195749371,MAP_SCADA,117,0.0008770810734561874
3,UPFC_tsh,5-15,-0.23209500185534337,65,-0.22869827424353983,MAP_SCADA,117,0.0033967276118035405
4,UPFC_Vse,5-15,0.06005942127011483,65,0.05842137802186497,MAP_SCADA,117,0.001638043248249857
5,UPFC_tse,5-15,-2.152035993257443,65,-2.1349751449363463,MAP_SCADA,117,0.017060848321096778
0,x_tcsc,1-14,-0.1105648668522165,66,-0.1368052845748615,MAP_SCADA,117,0.026240417722644988
1,B_svc,2,0.1904464047979305,66,0.2870556937323049,MAP_SCADA,117,0.09660928893437437
2,UPFC_Vsh,5-15,1.108306155074037,66,1.1069375195749371,MAP_SCADA,117,0.001368635499099824
3,UPFC_tsh,5-15,-0.23257200768493028,66,-0.22869827424353983,MAP_SCADA,117,0.0038737334413904423
4,UPFC_Vse,5-15,0.06025958607178324,66,0.05842137802186497,MAP_SCADA,117,0.0018382080499182718
5,UPFC_tse,5-15,-2.1546439224482006,66,-2.1349751449363463,MAP_SCADA,117,0.019668777511854252
0,x_tcsc,1-14,-0.11119767728780644,67,-0.1368052845748615,MAP_SCADA,117,0.02560760728705505
1,B_svc,2,0.18569084335624564,67,0.2870556937323049,MAP_SCADA,117,0.10136485037605925
2,UPFC_Vsh,5-15,1.106366563748709,67,1.1069375195749371,MAP_SCADA,117,0.0005709558262281256
3,UPFC_tsh,5-15,-0.23386903030465617,67,-0.22869827424353983,MAP_SCADA,117,0.005170756061116333
4,UPFC_Vse,5-15,0.06056370946115216,67,0.05842137802186497,MAP_SCADA,117,0.0021423314392871873
5,UPFC_tse,5-15,-2.1571921085846038,67,-2.1349751449363463,MAP_SCADA,117,0.022216963648257426
0,x_tcsc,1-14,-0.11483410186228073,68,-0.1368052845748615,MAP_SCADA,117,0.021971182712580764
1,B_svc,2,0.17781365828617798,68,0.2870556937323049,MAP_SCADA,117,0.1092420354461269
2,UPFC_Vsh,5-15,1.106598391691374,68,1.1069375195749371,MAP_SCADA,117,0.0003391278835631617
3,UPFC_tsh,5-15,-0.23154604520573963,68,-0.22869827424353983,MAP_SCADA,117,0.0028477709621997915
4,UPFC_Vse,5-15,0.06029084534704604,68,0.05842137802186497,MAP_SCADA,117,0.0018694673251810692
5,UPFC_tse,5-15,-2.154853142467964,68,-2.1349751449363463,MAP_SCADA,117,0.019877997531617453
0,x_tcsc,1-14,-0.11173747291563595,69,-0.1368052845748615,MAP_SCADA,117,0.025067811659225545
1,B_svc,2,0.18495146124073875,69,0.2870556937323049,MAP_SCADA,117,0.10210423249156614
2,UPFC_Vsh,5-15,1.1072218108273122,69,1.1069375195749371,MAP_SCADA,117,0.00028429125237505737
3,UPFC_tsh,5-15,-0.23243266776604807,69,-0.22869827424353983,MAP_SCADA,117,0.0037343935225082336
4,UPFC_Vse,5-15,0.05983529988183588,69,0.05842137802186497,MAP_SCADA,117,0.0014139218599709055
5,UPFC_tse,5-15,-2.162200479914194,69,-2.1349751449363463,MAP_SCADA,117,0.027225334977847737
0,x_tcsc,1-14,-0.11161295954054895,70,-0.1368052845748615,MAP_SCADA,117,0.02519232503431254
1,B_svc,2,0.18626377458114451,70,0.2870556937323049,MAP_SCADA,117,0.10079191915116037
2,UPFC_Vsh,5-15,1.1076076388806437,70,1.1069375195749371,MAP_SCADA,117,0.0006701193057065957
3,UPFC_tsh,5-15,-0.23241563686137293,70,-0.22869827424353983,MAP_SCADA,117,0.003717362617833092
4,UPFC_Vse,5-15,0.0600901778234442,70,0.05842137802186497,MAP_SCADA,117,0.0016687998015792321
5,UPFC_tse,5-15,-2.159739654223675,70,-2.1349751449363463,MAP_SCADA,117,0.02476450928732854
0,x_tcsc,1-14,-0.11023236043321037,71,-0.1368052845748615,MAP_SCADA,117,0.02657292414165112
1,B_svc,2,0.18490639389636032,71,0.2870556937323049,MAP_SCADA,117,0.10214929983594456
2,UPFC_Vsh,5-15,1.1080515269839228,71,1.1069375195749371,MAP_SCADA,117,0.0011140074089857066
3,UPFC_tsh,5-15,-0.23367155568450076,71,-0.22869827424353983,MAP_SCADA,117,0.0049732814409609305
4,UPFC_Vse,5-15,0.05956459850884551,71,0.05842137802186497,MAP_SCADA,117,0.0011432204869805396
5,UPFC_tse,5-15,-2.1603199827972,71,-2.1349751449363463,MAP_SCADA,117,0.02534483786085362
0,x_tcsc,1-14,-0.11481364685907605,72,-0.1368052845748615,MAP_SCADA,117,0.02199163771578544
1,B_svc,2,0.1740477843073324,72,0.2870556937323049,MAP_SCADA,117,0.11300790942497249
2,UPFC_Vsh,5-15,1.1093478133268266,72,1.1069375195749371,MAP_SCADA,117,0.002410293751889503
3,UPFC_tsh,5-15,-0.23031014743099787,72,-0.22869827424353983,MAP_SCADA,117,0.001611873187458035
4,UPFC_Vse,5-15,0.060376298368476404,72,0.05842137802186497,MAP_SCADA,117,0.001954920346611433
5,UPFC_tse,5-15,-2.152526010071022,72,-2.1349751449363463,MAP_SCADA,117,0.017550865134675853
0,x_tcsc,1-14,-0.11119939553174198,73,-0.1368052845748615,MAP_SCADA,117,0.025605889043119515
1,B_svc,2,0.18238211869777293,73,0.2870556937323049,MAP_SCADA,117,0.10467357503453195
2,UPFC_Vsh,5-15,1.1078410496521713,73,1.1069375195749371,MAP_SCADA,117,0.0009035300772342048
3,UPFC_tsh,5-15,-0.23244182663890925,73,-0.22869827424353983,MAP_SCADA,117,0.003743552395369415
4,UPFC_Vse,5-15,0.060123430715658725,73,0.05842137802186497,MAP_SCADA,117,0.0017020526937937541
5,UPFC_tse,5-15,-2.154635166458868,73,-2.1349751449363463,MAP_SCADA,117,0.019660021522521554
0,x_tcsc,1-14,-0.11245131488496514,74,-0.1368052845748615,MAP_SCADA,117,0.02435396968989635
1,B_svc,2,0.18306689732739356,74,0.2870556937323049,MAP_SCADA,117,0.10398879640491132
2,UPFC_Vsh,5-15,1.1060877669311164,74,1.1069375195749371,MAP_SCADA,117,0.0008497526438207004
3,UPFC_tsh,5-15,-0.23225569221922024,74,-0.22869827424353983,MAP_SCADA,117,0.0035574179756804047
4,UPFC_Vse,5-15,0.06060816821702223,74,0.05842137802186497,MAP_SCADA,117,0.0021867901951572594
5,UPFC_tse,5-15,-2.1530639197953803,74,-2.1349751449363463,MAP_SCADA,117,0.01808877485903393
0,x_tcsc,1-14,-0.11266851956063793,75,-0.1368052845748615,MAP_SCADA,117,0.024136765014223557
1,B_svc,2,0.17942389982839835,75,0.2870556937323049,MAP_SCADA,117,0.10763179390390654
2,UPFC_Vsh,5-15,1.1060512896544898,75,1.1069375195749371,MAP_SCADA,117,0.0008862299204472901
3,UPFC_tsh,5-15,-0.2321833929982741,75,-0.22869827424353983,MAP_SCADA,117,0.0034851187547342566
4,UPFC_Vse,5-15,0.0603953238342974,75,0.05842137802186497,MAP_SCADA,117,0.0019739458124324316
5,UPFC_tse,5-15,-2.156912981216897,75,-2.1349751449363463,MAP_SCADA,117,0.02193783628055046
0,x_tcsc,1-14,-0.11320542384235198,76,-0.1368052845748615,MAP_SCADA,117,0.02359986073250951
1,B_svc,2,0.17986454173726527,76,0.2870556937323049,MAP_SCADA,117,0.10719115199503962
2,UPFC_Vsh,5-15,1.107140576441596,76,1.1069375195749371,MAP_SCADA,117,0.00020305686665889056
3,UPFC_tsh,5-15,-0.2321309439923157,76,-0.22869827424353983,MAP_SCADA,117,0.003432669748775874
4,UPFC_Vse,5-15,0.06060513321190883,76,0.05842137802186497,MAP_SCADA,117,0.002183755190043858
5,UPFC_tse,5-15,-2.154545901987454,76,-2.1349751449363463,MAP_SCADA,117,0.01957075705110789
0,x_tcsc,1-14,-0.11027983805247656,77,-0.1368052845748615,MAP_SCADA,117,0.026525446522384935
1,B_svc,2,0.19039840003568215,77,0.2870556937323049,MAP_SCADA,117,0.09665729369662274
2,UPFC_Vsh,5-15,1.1060914983424281,77,1.1069375195749371,MAP_SCADA,117,0.0008460212325089866
3,UPFC_tsh,5-15,-0.23354511247093693,77,-0.22869827424353983,MAP_SCADA,117,0.004846838227397093
4,UPFC_Vse,5-15,0.06064689698951932,77,0.05842137802186497,MAP_SCADA,117,0.0022255189676543483
5,UPFC_tse,5-15,-2.163946771282591,77,-2.1349751449363463,MAP_SCADA,117,0.028971626346244506
0,x_tcsc,1-14,-0.11238909219532701,78,-0.1368052845748615,MAP_SCADA,117,0.024416192379534477
1,B_svc,2,0.18583281855938802,78,0.2870556937323049,MAP_SCADA,117,0.10122287517291687
2,UPFC_Vsh,5-15,1.1047114060882188,78,1.1069375195749371,MAP_SCADA,117,0.0022261134867183063
3,UPFC_tsh,5-15,-0.23331161314458537,78,-0.22869827424353983,MAP_SCADA,117,0.004613338901045538
4,UPFC_Vse,5-15,0.060731876001881645,78,0.05842137802186497,MAP_SCADA,117,0.0023104979800166736
5,UPFC_tse,5-15,-2.1574975209251144,78,-2.1349751449363463,MAP_SCADA,117,0.02252237598876805
0,x_tcsc,1-14,-0.11227674867262306,79,-0.1368052845748615,MAP_SCADA,117,0.024528535902238427
1,B_svc,2,0.17798850759682364,79,0.2870556937323049,MAP_SCADA,117,0.10906718613548125
2,UPFC_Vsh,5-15,1.1091646776389321,79,1.1069375195749371,MAP_SCADA,117,0.002227158063994983
3,UPFC_tsh,5-15,-0.2318079257618266,79,-0.22869827424353983,MAP_SCADA,117,0.0031096515182867657
4,UPFC_Vse,5-15,0.0602518094619551,79,0.05842137802186497,MAP_SCADA,117,0.0018304314400901314
5,UPFC_tse,5-15,-2.1581915717638798,79,-2.1349751449363463,MAP_SCADA,117,0.023216426827533443
0,x_tcsc,1-14,-0.1103069614975914,80,-0.1368052845748615,MAP_SCADA,117,0.026498323077270097
1,B_svc,2,0.1855188842432045,80,0.2870556937323049,MAP_SCADA,117,0.10153680948910038
2,UPFC_Vsh,5-15,1.1082246409705168,80,1.1069375195749371,MAP_SCADA,117,0.0012871213955796268
3,UPFC_tsh,5-15,-0.23237219805571732,80,-0.22869827424353983,MAP_SCADA,117,0.0036739238121774875
4,UPFC_Vse,5-15,0.06017729077889988,80,0.05842137802186497,MAP_SCADA,117,0.0017559127570349123
5,UPFC_tse,5-15,-2.1579965052878802,80,-2.1349751449363463,MAP_SCADA,117,0.023021360351533904
0,x_tcsc,1-14,-0.11484420222689054,81,-0.1368052845748615,MAP_SCADA,117,0.02196108234797095
1,B_svc,2,0.17324317502602474,81,0.2870556937323049,MAP_SCADA,117,0.11381251870628015
2,UPFC_Vsh,5-15,1.107767203557404,81,1.1069375195749371,MAP_SCADA,117,0.0008296839824668556
3,UPFC_tsh,5-15,-0.23072723953847235,81,-0.22869827424353983,MAP_SCADA,117,0.0020289652949325165
4,UPFC_Vse,5-15,0.060976563935023265,81,0.05842137802186497,MAP_SCADA,117,0.0025551859131582935
5,UPFC_tse,5-15,-2.149647198018337,81,-2.1349751449363463,MAP_SCADA,117,0.014672053081990821
0,x_tcsc,1-14,-0.11180805607061052,82,-0.1368052845748615,MAP_SCADA,117,0.02499722850425097
1,B_svc,2,0.18178182354392003,82,0.2870556937323049,MAP_SCADA,117,0.10527387018838485
2,UPFC_Vsh,5-15,1.1089313718683742,82,1.1069375195749371,MAP_SCADA,117,0.0019938522934370706
3,UPFC_tsh,5-15,-0.2325040165114551,82,-0.22869827424353983,MAP_SCADA,117,0.003805742267915274
4,UPFC_Vse,5-15,0.059750170374855985,82,0.05842137802186497,MAP_SCADA,117,0.0013287923529910137
5,UPFC_tse,5-15,-2.157267769739594,82,-2.1349751449363463,MAP_SCADA,117,0.022292624803247563
0,x_tcsc,1-14,-0.11196594835243269,83,-0.1368052845748615,MAP_SCADA,117,0.0248393362224288
1,B_svc,2,0.18358007288343284,83,0.2870556937323049,MAP_SCADA,117,0.10347562084887205
2,UPFC_Vsh,5-15,1.1066161622964277,83,1.1069375195749371,MAP_SCADA,117,0.00032135727850945983
3,UPFC_tsh,5-15,-0.2338622644581635,83,-0.22869827424353983,MAP_SCADA,117,0.005163990214623659
4,UPFC_Vse,5-15,0.060341497574501454,83,0.05842137802186497,MAP_SCADA,117,0.001920119552636483
5,UPFC_tse,5-15,-2.1576262979870653,83,-2.1349751449363463,MAP_SCADA,117,0.022651153050718964
0,x_tcsc,1-14,-0.11242372645679247,84,-0.1368052845748615,MAP_SCADA,117,0.024381558118069024
1,B_svc,2,0.181063038342786,84,0.2870556937323049,MAP_SCADA,117,0.10599265538951888
2,UPFC_Vsh,5-15,1.1081734188444792,84,1.1069375195749371,MAP_SCADA,117,0.00123589926954204
3,UPFC_tsh,5-15,-0.23205042242021406,84,-0.22869827424353983,MAP_SCADA,117,0.00335214817667423
4,UPFC_Vse,5-15,0.060297588621276065,84,0.05842137802186497,MAP_SCADA,117,0.0018762105994110934
5,UPFC_tse,5-15,-2.1552974337286637,84,-2.1349751449363463,MAP_SCADA,117,0.020322288792317345
0,x_tcsc,1-14,-0.11184343666634057,85,-0.1368052845748615,MAP_SCADA,117,0.02496184790852092
1,B_svc,2,0.18561959631485753,85,0.2870556937323049,MAP_SCADA,117,0.10143609741744736
2,UPFC_Vsh,5-15,1.1067012175816726,85,1.1069375195749371,MAP_SCADA,117,0.0002363019932645205
3,UPFC_tsh,5-15,-0.23200039920807386,85,-0.22869827424353983,MAP_SCADA,117,0.0033021249645340256
4,UPFC_Vse,5-15,0.060508485515277884,85,0.05842137802186497,MAP_SCADA,117,0.0020871074934129125
5,UPFC_tse,5-15,-2.156137188259973,85,-2.1349751449363463,MAP_SCADA,117,0.02116204332362681
0,x_tcsc,1-14,-0.11364135301624523,86,-0.1368052845748615,MAP_SCADA,117,0.023163931558616263
1,B_svc,2,0.1821219783944858,86,0.2870556937323049,MAP_SCADA,117,0.10493371533781909
2,UPFC_Vsh,5-15,1.107820798130156,86,1.1069375195749371,MAP_SCADA,117,0.0008832785552188582
3,UPFC_tsh,5-15,-0.2322128959487655,86,-0.22869827424353983,MAP_SCADA,117,0.003514621705225679
4,UPFC_Vse,5-15,0.060660300434416836,86,0.05842137802186497,MAP_SCADA,117,0.002238922412551865
5,UPFC_tse,5-15,-2.1513489737161597,86,-2.1349751449363463,MAP_SCADA,117,0.016373828779813415
0,x_tcsc,1-14,-0.11243275414694069,87,-0.1368052845748615,MAP_SCADA,117,0.0243725304279208
1,B_svc,2,0.18119025313673967,87,0.2870556937323049,MAP_SCADA,117,0.10586544059556521
2,UPFC_Vsh,5-15,1.1088940270782162,87,1.1069375195749371,MAP_SCADA,117,0.001956507503279026
3,UPFC_tsh,5-15,-0.2316124266592611,87,-0.22869827424353983,MAP_SCADA,117,0.002914152415721266
4,UPFC_Vse,5-15,0.060193264965839675,87,0.05842137802186497,MAP_SCADA,117,0.0017718869439747043
5,UPFC_tse,5-15,-2.1547446105680494,87,-2.1349751449363463,MAP_SCADA,117,0.01976946563170312
0,x_tcsc,1-14,-0.1117050885844963,88,-0.1368052845748615,MAP_SCADA,117,0.025100195990365184
1,B_svc,2,0.18225177768878625,88,0.2870556937323049,MAP_SCADA,117,0.10480391604351863
2,UPFC_Vsh,5-15,1.1091187232902788,88,1.1069375195749371,MAP_SCADA,117,0.002181203715341695
3,UPFC_tsh,5-15,-0.23202232715977783,88,-0.22869827424353983,MAP_SCADA,117,0.003324052916237996
4,UPFC_Vse,5-15,0.060376671714547456,88,0.05842137802186497,MAP_SCADA,117,0.0019552936926824846
5,UPFC_tse,5-15,-2.162073760045472,88,-2.1349751449363463,MAP_SCADA,117,0.02709861510912548
0,x_tcsc,1-14,-0.11379815943239346,89,-0.1368052845748615,MAP_SCADA,117,0.023007125142468027
1,B_svc,2,0.1805462804774064,89,0.2870556937323049,MAP_SCADA,117,0.10650941325489849
2,UPFC_Vsh,5-15,1.1080653754934764,89,1.1069375195749371,MAP_SCADA,117,0.0011278559185392556
3,UPFC_tsh,5-15,-0.2315678341219605,89,-0.22869827424353983,MAP_SCADA,117,0.0028695598784206633
4,UPFC_Vse,5-15,0.060031095941406064,89,0.05842137802186497,MAP_SCADA,117,0.0016097179195410927
5,UPFC_tse,5-15,-2.159275756025949,89,-2.1349751449363463,MAP_SCADA,117,0.024300611089602686
0,x_tcsc,1-14,-0.11269324663045342,90,-0.1368052845748615,MAP_SCADA,117,0.02411203794440807
1,B_svc,2,0.1821197549092243,90,0.2870556937323049,MAP_SCADA,117,0.10493593882308058
2,UPFC_Vsh,5-15,1.1062962965124052,90,1.1069375195749371,MAP_SCADA,117,0.0006412230625318927
3,UPFC_tsh,5-15,-0.23417220359261745,90,-0.22869827424353983,MAP_SCADA,117,0.005473929349077616
4,UPFC_Vse,5-15,0.060051107680717156,90,0.05842137802186497,MAP_SCADA,117,0.0016297296588521845
5,UPFC_tse,5-15,-2.157194858291217,90,-2.1349751449363463,MAP_SCADA,117,0.022219713354870496
0,x_tcsc,1-14,-0.11164315453934559,91,-0.1368052845748615,MAP_SCADA,117,0.0251621300355159
1,B_svc,2,0.18654973269484112,91,0.2870556937323049,MAP_SCADA,117,0.10050596103746376
2,UPFC_Vsh,5-15,1.1068988496328513,91,1.1069375195749371,MAP_SCADA,117,3.8669942085789444e-05
3,UPFC_tsh,5-15,-0.23361650316009025,91,-0.22869827424353983,MAP_SCADA,117,0.004918228916550416
4,UPFC_Vse,5-15,0.060603644534026314,91,0.05842137802186497,MAP_SCADA,117,0.0021822665121613433
5,UPFC_tse,5-15,-2.1555270160668036,91,-2.1349751449363463,MAP_SCADA,117,0.02055187113045731
0,x_tcsc,1-14,-0.11320362379910998,92,-0.1368052845748615,MAP_SCADA,117,0.023601660775751515
1,B_svc,2,0.1817882088694763,92,0.2870556937323049,MAP_SCADA,117,0.10526748486282858
2,UPFC_Vsh,5-15,1.1076439408886294,92,1.1069375195749371,MAP_SCADA,117,0.0007064213136922515
3,UPFC_tsh,5-15,-0.23202215347050792,92,-0.22869827424353983,MAP_SCADA,117,0.003323879226968085
4,UPFC_Vse,5-15,0.06037604036313058,92,0.05842137802186497,MAP_SCADA,117,0.001954662341265609
5,UPFC_tse,5-15,-2.158383119696829,92,-2.1349751449363463,MAP_SCADA,117,0.02340797476048273
0,x_tcsc,1-14,-0.10898873491513596,93,-0.1368052845748615,MAP_SCADA,117,0.027816549659725534
1,B_svc,2,0.19068847968051864,93,0.2870556937323049,MAP_SCADA,117,0.09636721405178625
2,UPFC_Vsh,5-15,1.1066670030248402,93,1.1069375195749371,MAP_SCADA,117,0.0002705165500969109
3,UPFC_tsh,5-15,-0.23438533687847693,93,-0.22869827424353983,MAP_SCADA,117,0.005687062634937096
4,UPFC_Vse,5-15,0.06075473700274517,93,0.05842137802186497,MAP_SCADA,117,0.002333358980880197
5,UPFC_tse,5-15,-2.1592122319698612,93,-2.1349751449363463,MAP_SCADA,117,0.024237087033514904
0,x_tcsc,1-14,-0.11178711151202753,94,-0.1368052845748615,MAP_SCADA,117,0.025018173062833965
1,B_svc,2,0.1862241898982063,94,0.2870556937323049,MAP_SCADA,117,0.10083150383409858
2,UPFC_Vsh,5-15,1.1073746068132924,94,1.1069375195749371,MAP_SCADA,117,0.0004370872383552271
3,UPFC_tsh,5-15,-0.23271118962076062,94,-0.22869827424353983,MAP_SCADA,117,0.004012915377220788
4,UPFC_Vse,5-15,0.05974367351699315,94,0.05842137802186497,MAP_SCADA,117,0.0013222954951281757
5,UPFC_tse,5-15,-2.1591837303616974,94,-2.1349751449363463,MAP_SCADA,117,0.024208585425351092
0,x_tcsc,1-14,-0.11281811211419954,95,-0.1368052845748615,MAP_SCADA,117,0.023987172460661954
1,B_svc,2,0.1798423535605849,95,0.2870556937323049,MAP_SCADA,117,0.10721334017171999
2,UPFC_Vsh,5-15,1.1107640975000732,95,1.1069375195749371,MAP_SCADA,117,0.0038265779251360765
3,UPFC_tsh,5-15,-0.23130359362426886,95,-0.22869827424353983,MAP_SCADA,117,0.0026053193807290265
4,UPFC_Vse,5-15,0.060407635714608096,95,0.05842137802186497,MAP_SCADA,117,0.001986257692743125
5,UPFC_tse,5-15,-2.15105994964005,95,-2.1349751449363463,MAP_SCADA,117,0.01608480470370388
0,x_tcsc,1-14,-0.11195570137059803,96,-0.1368052845748615,MAP_SCADA,117,0.024849583204263462
1,B_svc,2,0.18764742666765016,96,0.2870556937323049,MAP_SCADA,117,0.09940826706465472
2,UPFC_Vsh,5-15,1.109255661757014,96,1.1069375195749371,MAP_SCADA,117,0.002318142182076821
3,UPFC_tsh,5-15,-0.23200538249675867,96,-0.22869827424353983,MAP_SCADA,117,0.003307108253218838
4,UPFC_Vse,5-15,0.06062835131201776,96,0.05842137802186497,MAP_SCADA,117,0.0022069732901527916
5,UPFC_tse,5-15,-2.1573787027016547,96,-2.1349751449363463,MAP_SCADA,117,0.022403557765308335
0,x_tcsc,1-14,-0.11174140659467031,97,-0.1368052845748615,MAP_SCADA,117,0.025063877980191177
1,B_svc,2,0.18426488750022654,97,0.2870556937323049,MAP_SCADA,117,0.10279080623207834
2,UPFC_Vsh,5-15,1.108756821574409,97,1.1069375195749371,MAP_SCADA,117,0.0018193019994718895
3,UPFC_tsh,5-15,-0.23306784874770028,97,-0.22869827424353983,MAP_SCADA,117,0.004369574504160451
4,UPFC_Vse,5-15,0.059787575256518455,97,0.05842137802186497,MAP_SCADA,117,0.0013661972346534837
5,UPFC_tse,5-15,-2.1580555421623253,97,-2.1349751449363463,MAP_SCADA,117,0.023080397225978988
0,x_tcsc,1-14,-0.11246565688486991,98,-0.1368052845748615,MAP_SCADA,117,0.02433962768999158
1,B_svc,2,0.18285318023999722,98,0.2870556937323049,MAP_SCADA,117,0.10420251349230766
2,UPFC_Vsh,5-15,1.109484306840395,98,1.1069375195749371,MAP_SCADA,117,0.0025467872654578727
3,UPFC_tsh,5-15,-0.23208286556886998,98,-0.22869827424353983,MAP_SCADA,117,0.003384591325330144
4,UPFC_Vse,5-15,0.0605315567883521,98,0.05842137802186497,MAP_SCADA,117,0.002110178766487128
5,UPFC_tse,5-15,-2.1553071214667407,98,-2.1349751449363463,MAP_SCADA,117,0.020331976530394424
0,x_tcsc,1-14,-0.1137018084065269,99,-0.1368052845748615,MAP_SCADA,117,0.023103476168334594
1,B_svc,2,0.17857495229728937,99,0.2870556937323049,MAP_SCADA,117,0.10848074143501552
2,UPFC_Vsh,5-15,1.1088238971653452,99,1.1069375195749371,MAP_SCADA,117,0.001886377590408106
3,UPFC_tsh,5-15,-0.23186387590410268,99,-0.22869827424353983,MAP_SCADA,117,0.0031656016605628445
4,UPFC_Vse,5-15,0.06031676127760777,99,0.05842137802186497,MAP_SCADA,117,0.0018953832557427955
5,UPFC_tse,5-15,-2.153187140622384,99,-2.1349751449363463,MAP_SCADA,117,0.018211995686037596
0,x_tcsc,1-14,-0.1089531511781327,0,-0.13661769123123776,MAP_SCADA,119,0.027664540053105063
1,B_svc,2,0.1897935387956435,0,0.2855746346746997,MAP_SCADA,119,0.09578109587905617
2,UPFC_Vsh,5-15,1.1087431100620921,0,1.1057641959097058,MAP_SCADA,119,0.0029789141523863805
3,UPFC_tsh,5-15,-0.23330975381613128,0,-0.2281284311092331,MAP_SCADA,119,0.005181322706898195
4,UPFC_Vse,5-15,0.059910786553985726,0,0.06021542330505817,MAP_SCADA,119,0.0003046367510724443
5,UPFC_tse,5-15,-2.1617541252362744,0,-2.149220411745121,MAP_SCADA,119,0.01253371349115362
0,x_tcsc,1-14,-0.111586134031699,1,-0.13661769123123776,MAP_SCADA,119,0.02503155719953877
1,B_svc,2,0.18277825912481013,1,0.2855746346746997,MAP_SCADA,119,0.10279637554988955
2,UPFC_Vsh,5-15,1.1082234287991541,1,1.1057641959097058,MAP_SCADA,119,0.0024592328894483817
3,UPFC_tsh,5-15,-0.23190643054264615,1,-0.2281284311092331,MAP_SCADA,119,0.0037779994334130595
4,UPFC_Vse,5-15,0.06059477305551764,1,0.06021542330505817,MAP_SCADA,119,0.00037934975045946645
5,UPFC_tse,5-15,-2.1540585190564276,1,-2.149220411745121,MAP_SCADA,119,0.00483810731130685
0,x_tcsc,1-14,-0.11211395804478234,2,-0.13661769123123776,MAP_SCADA,119,0.02450373318645542
1,B_svc,2,0.1868625727668949,2,0.2855746346746997,MAP_SCADA,119,0.09871206190780477
2,UPFC_Vsh,5-15,1.1067411309471762,2,1.1057641959097058,MAP_SCADA,119,0.0009769350374704278
3,UPFC_tsh,5-15,-0.2331739941656229,2,-0.2281284311092331,MAP_SCADA,119,0.005045563056389812
4,UPFC_Vse,5-15,0.0609363740875178,2,0.06021542330505817,MAP_SCADA,119,0.0007209507824596298
5,UPFC_tse,5-15,-2.152871154024673,2,-2.149220411745121,MAP_SCADA,119,0.0036507422795524214
0,x_tcsc,1-14,-0.11285742257812492,3,-0.13661769123123776,MAP_SCADA,119,0.023760268653112843
1,B_svc,2,0.18539429171333982,3,0.2855746346746997,MAP_SCADA,119,0.10018034296135986
2,UPFC_Vsh,5-15,1.1081386969229026,3,1.1057641959097058,MAP_SCADA,119,0.002374501013196806
3,UPFC_tsh,5-15,-0.2324863078339946,3,-0.2281284311092331,MAP_SCADA,119,0.004357876724761511
4,UPFC_Vse,5-15,0.06048900561970597,3,0.06021542330505817,MAP_SCADA,119,0.00027358231464780225
5,UPFC_tse,5-15,-2.1551872012743307,3,-2.149220411745121,MAP_SCADA,119,0.005966789529209926
0,x_tcsc,1-14,-0.11231476988244248,4,-0.13661769123123776,MAP_SCADA,119,0.02430292134879529
1,B_svc,2,0.18572521980578321,4,0.2855746346746997,MAP_SCADA,119,0.09984941486891646
2,UPFC_Vsh,5-15,1.1056512600233495,4,1.1057641959097058,MAP_SCADA,119,0.00011293588635630236
3,UPFC_tsh,5-15,-0.2338904834461942,4,-0.2281284311092331,MAP_SCADA,119,0.005762052336961115
4,UPFC_Vse,5-15,0.060121854908355796,4,0.06021542330505817,MAP_SCADA,119,9.356839670237455e-05
5,UPFC_tse,5-15,-2.1592578402365357,4,-2.149220411745121,MAP_SCADA,119,0.010037428491414868
0,x_tcsc,1-14,-0.11178525041785418,5,-0.13661769123123776,MAP_SCADA,119,0.02483244081338358
1,B_svc,2,0.18343692280570392,5,0.2855746346746997,MAP_SCADA,119,0.10213771186899576
2,UPFC_Vsh,5-15,1.109880077816995,5,1.1057641959097058,MAP_SCADA,119,0.004115881907289287
3,UPFC_tsh,5-15,-0.2309144059831098,5,-0.2281284311092331,MAP_SCADA,119,0.0027859748738767176
4,UPFC_Vse,5-15,0.0603194722178149,5,0.06021542330505817,MAP_SCADA,119,0.00010404891275672679
5,UPFC_tse,5-15,-2.155318859766885,5,-2.149220411745121,MAP_SCADA,119,0.006098448021764291
0,x_tcsc,1-14,-0.11333459791028293,6,-0.13661769123123776,MAP_SCADA,119,0.023283093320954837
1,B_svc,2,0.18041966252582461,6,0.2855746346746997,MAP_SCADA,119,0.10515497214887506
2,UPFC_Vsh,5-15,1.1072648590523495,6,1.1057641959097058,MAP_SCADA,119,0.0015006631426437433
3,UPFC_tsh,5-15,-0.23253037627372858,6,-0.2281284311092331,MAP_SCADA,119,0.004401945164495491
4,UPFC_Vse,5-15,0.0600837156301815,6,0.06021542330505817,MAP_SCADA,119,0.00013170767487667018
5,UPFC_tse,5-15,-2.1559922176239676,6,-2.149220411745121,MAP_SCADA,119,0.006771805878846848
0,x_tcsc,1-14,-0.11436276256544746,7,-0.13661769123123776,MAP_SCADA,119,0.022254928665790305
1,B_svc,2,0.17578589143797024,7,0.2855746346746997,MAP_SCADA,119,0.10978874323672944
2,UPFC_Vsh,5-15,1.1090257321918613,7,1.1057641959097058,MAP_SCADA,119,0.0032615362821555305
3,UPFC_tsh,5-15,-0.230752004160547,7,-0.2281284311092331,MAP_SCADA,119,0.0026235730513139155
4,UPFC_Vse,5-15,0.06009782334247497,7,0.06021542330505817,MAP_SCADA,119,0.0001175999625832036
5,UPFC_tse,5-15,-2.1532896030355704,7,-2.149220411745121,MAP_SCADA,119,0.004069191290449581
0,x_tcsc,1-14,-0.11346472153441553,8,-0.13661769123123776,MAP_SCADA,119,0.023152969696822234
1,B_svc,2,0.18048286210943015,8,0.2855746346746997,MAP_SCADA,119,0.10509177256526953
2,UPFC_Vsh,5-15,1.108480483695338,8,1.1057641959097058,MAP_SCADA,119,0.0027162877856321543
3,UPFC_tsh,5-15,-0.23109403596665595,8,-0.2281284311092331,MAP_SCADA,119,0.0029656048574228655
4,UPFC_Vse,5-15,0.05989475052534988,8,0.06021542330505817,MAP_SCADA,119,0.000320672779708292
5,UPFC_tse,5-15,-2.153008952867411,8,-2.149220411745121,MAP_SCADA,119,0.003788541122290212
0,x_tcsc,1-14,-0.11177440719091994,9,-0.13661769123123776,MAP_SCADA,119,0.024843284040317826
1,B_svc,2,0.18671012434317674,9,0.2855746346746997,MAP_SCADA,119,0.09886451033152294
2,UPFC_Vsh,5-15,1.1037795807258335,9,1.1057641959097058,MAP_SCADA,119,0.0019846151838722736
3,UPFC_tsh,5-15,-0.23448940288511175,9,-0.2281284311092331,MAP_SCADA,119,0.00636097177587866
4,UPFC_Vse,5-15,0.06104008593960212,9,0.06021542330505817,MAP_SCADA,119,0.000824662634543949
5,UPFC_tse,5-15,-2.1543496412886083,9,-2.149220411745121,MAP_SCADA,119,0.00512922954348749
0,x_tcsc,1-14,-0.11194494997492009,10,-0.13661769123123776,MAP_SCADA,119,0.024672741256317673
1,B_svc,2,0.18561780207658218,10,0.2855746346746997,MAP_SCADA,119,0.0999568325981175
2,UPFC_Vsh,5-15,1.1077955580647714,10,1.1057641959097058,MAP_SCADA,119,0.002031362155065608
3,UPFC_tsh,5-15,-0.23357350457639295,10,-0.2281284311092331,MAP_SCADA,119,0.005445073467159861
4,UPFC_Vse,5-15,0.06104911978819504,10,0.06021542330505817,MAP_SCADA,119,0.0008336964831368726
5,UPFC_tse,5-15,-2.1542087215643924,10,-2.149220411745121,MAP_SCADA,119,0.004988309819271564
0,x_tcsc,1-14,-0.11144691933862402,11,-0.13661769123123776,MAP_SCADA,119,0.02517077189261374
1,B_svc,2,0.18733135995158337,11,0.2855746346746997,MAP_SCADA,119,0.09824327472311631
2,UPFC_Vsh,5-15,1.106233756598256,11,1.1057641959097058,MAP_SCADA,119,0.00046956068855030786
3,UPFC_tsh,5-15,-0.23400144609007603,11,-0.2281284311092331,MAP_SCADA,119,0.005873014980842944
4,UPFC_Vse,5-15,0.06022611964382545,11,0.06021542330505817,MAP_SCADA,119,1.0696338767282598e-05
5,UPFC_tse,5-15,-2.15561983957537,11,-2.149220411745121,MAP_SCADA,119,0.006399427830249049
0,x_tcsc,1-14,-0.11335974657529489,12,-0.13661769123123776,MAP_SCADA,119,0.023257944655942872
1,B_svc,2,0.18052980160149132,12,0.2855746346746997,MAP_SCADA,119,0.10504483307320836
2,UPFC_Vsh,5-15,1.1072101395226248,12,1.1057641959097058,MAP_SCADA,119,0.001445943612919054
3,UPFC_tsh,5-15,-0.23235149981375186,12,-0.2281284311092331,MAP_SCADA,119,0.004223068704518773
4,UPFC_Vse,5-15,0.06105168575186966,12,0.06021542330505817,MAP_SCADA,119,0.0008362624468114879
5,UPFC_tse,5-15,-2.1503334819797124,12,-2.149220411745121,MAP_SCADA,119,0.0011130702345916177
0,x_tcsc,1-14,-0.11211623931164033,13,-0.13661769123123776,MAP_SCADA,119,0.024501451919597433
1,B_svc,2,0.18705823005723368,13,0.2855746346746997,MAP_SCADA,119,0.098516404617466
2,UPFC_Vsh,5-15,1.1059065780904005,13,1.1057641959097058,MAP_SCADA,119,0.0001423821806947334
3,UPFC_tsh,5-15,-0.23398759186968957,13,-0.2281284311092331,MAP_SCADA,119,0.005859160760456478
4,UPFC_Vse,5-15,0.06032973274826177,13,0.06021542330505817,MAP_SCADA,119,0.00011430944320359876
5,UPFC_tse,5-15,-2.1569813122485124,13,-2.149220411745121,MAP_SCADA,119,0.007760900503391621
0,x_tcsc,1-14,-0.1137714289763915,14,-0.13661769123123776,MAP_SCADA,119,0.02284626225484626
1,B_svc,2,0.1830696590076973,14,0.2855746346746997,MAP_SCADA,119,0.10250497566700237
2,UPFC_Vsh,5-15,1.1082720687885226,14,1.1057641959097058,MAP_SCADA,119,0.002507872878816819
3,UPFC_tsh,5-15,-0.23205392329338764,14,-0.2281284311092331,MAP_SCADA,119,0.003925492184154555
4,UPFC_Vse,5-15,0.060411104500337556,14,0.06021542330505817,MAP_SCADA,119,0.00019568119527938604
5,UPFC_tse,5-15,-2.1558802644963175,14,-2.149220411745121,MAP_SCADA,119,0.006659852751196738
0,x_tcsc,1-14,-0.11331493961116607,15,-0.13661769123123776,MAP_SCADA,119,0.0233027516200717
1,B_svc,2,0.1800813984044449,15,0.2855746346746997,MAP_SCADA,119,0.10549323627025478
2,UPFC_Vsh,5-15,1.107314408698073,15,1.1057641959097058,MAP_SCADA,119,0.0015502127883673111
3,UPFC_tsh,5-15,-0.23205643090968373,15,-0.2281284311092331,MAP_SCADA,119,0.003927999800450638
4,UPFC_Vse,5-15,0.059873090964751116,15,0.06021542330505817,MAP_SCADA,119,0.0003423323403070541
5,UPFC_tse,5-15,-2.155007128440672,15,-2.149220411745121,MAP_SCADA,119,0.005786716695551419
0,x_tcsc,1-14,-0.1122306884762184,16,-0.13661769123123776,MAP_SCADA,119,0.02438700275501937
1,B_svc,2,0.18775249902392893,16,0.2855746346746997,MAP_SCADA,119,0.09782213565077075
2,UPFC_Vsh,5-15,1.1049647892610377,16,1.1057641959097058,MAP_SCADA,119,0.0007994066486680662
3,UPFC_tsh,5-15,-0.2330079098466535,16,-0.2281284311092331,MAP_SCADA,119,0.004879478737420423
4,UPFC_Vse,5-15,0.06113724250918414,16,0.06021542330505817,MAP_SCADA,119,0.0009218192041259704
5,UPFC_tse,5-15,-2.157423881875138,16,-2.149220411745121,MAP_SCADA,119,0.008203470130017099
0,x_tcsc,1-14,-0.11263036020353481,17,-0.13661769123123776,MAP_SCADA,119,0.02398733102770295
1,B_svc,2,0.1817837233928617,17,0.2855746346746997,MAP_SCADA,119,0.10379091128183798
2,UPFC_Vsh,5-15,1.1084114438149966,17,1.1057641959097058,MAP_SCADA,119,0.002647247905290806
3,UPFC_tsh,5-15,-0.23144867598779334,17,-0.2281284311092331,MAP_SCADA,119,0.0033202448785602523
4,UPFC_Vse,5-15,0.060318116756721364,17,0.06021542330505817,MAP_SCADA,119,0.00010269345166319388
5,UPFC_tse,5-15,-2.153541067371644,17,-2.149220411745121,MAP_SCADA,119,0.004320655626523173
0,x_tcsc,1-14,-0.1123168833646532,18,-0.13661769123123776,MAP_SCADA,119,0.02430080786658456
1,B_svc,2,0.18114343012589246,18,0.2855746346746997,MAP_SCADA,119,0.10443120454880722
2,UPFC_Vsh,5-15,1.108076754568016,18,1.1057641959097058,MAP_SCADA,119,0.0023125586583101487
3,UPFC_tsh,5-15,-0.2320082068359299,18,-0.2281284311092331,MAP_SCADA,119,0.003879775726696816
4,UPFC_Vse,5-15,0.06041732067962146,18,0.06021542330505817,MAP_SCADA,119,0.0002018973745632896
5,UPFC_tse,5-15,-2.1552625136309573,18,-2.149220411745121,MAP_SCADA,119,0.006042101885836537
0,x_tcsc,1-14,-0.11164424108868416,19,-0.13661769123123776,MAP_SCADA,119,0.024973450142553602
1,B_svc,2,0.18040424893429052,19,0.2855746346746997,MAP_SCADA,119,0.10517038574040916
2,UPFC_Vsh,5-15,1.108871364654878,19,1.1057641959097058,MAP_SCADA,119,0.0031071687451722507
3,UPFC_tsh,5-15,-0.2324105075658558,19,-0.2281284311092331,MAP_SCADA,119,0.004282076456622708
4,UPFC_Vse,5-15,0.061155322165232597,19,0.06021542330505817,MAP_SCADA,119,0.0009398988601744263
5,UPFC_tse,5-15,-2.154669972733158,19,-2.149220411745121,MAP_SCADA,119,0.005449560988037394
0,x_tcsc,1-14,-0.11274782327049446,20,-0.13661769123123776,MAP_SCADA,119,0.023869867960743307
1,B_svc,2,0.18459454920584656,20,0.2855746346746997,MAP_SCADA,119,0.10098008546885312
2,UPFC_Vsh,5-15,1.108006286307207,20,1.1057641959097058,MAP_SCADA,119,0.0022420903975013395
3,UPFC_tsh,5-15,-0.23191990543603197,20,-0.2281284311092331,MAP_SCADA,119,0.0037914743267988826
4,UPFC_Vse,5-15,0.06008050852103739,20,0.06021542330505817,MAP_SCADA,119,0.00013491478402077872
5,UPFC_tse,5-15,-2.1567097345688575,20,-2.149220411745121,MAP_SCADA,119,0.00748932282373671
0,x_tcsc,1-14,-0.11169414259952308,21,-0.13661769123123776,MAP_SCADA,119,0.024923548631714684
1,B_svc,2,0.1857776632719838,21,0.2855746346746997,MAP_SCADA,119,0.09979697140271587
2,UPFC_Vsh,5-15,1.108184785877071,21,1.1057641959097058,MAP_SCADA,119,0.002420589967365272
3,UPFC_tsh,5-15,-0.23273179667649846,21,-0.2281284311092331,MAP_SCADA,119,0.004603365567265372
4,UPFC_Vse,5-15,0.05992770845896655,21,0.06021542330505817,MAP_SCADA,119,0.0002877148460916218
5,UPFC_tse,5-15,-2.1568349329799426,21,-2.149220411745121,MAP_SCADA,119,0.007614521234821758
0,x_tcsc,1-14,-0.11260572090998863,22,-0.13661769123123776,MAP_SCADA,119,0.024011970321249132
1,B_svc,2,0.18071338323253047,22,0.2855746346746997,MAP_SCADA,119,0.1048612514421692
2,UPFC_Vsh,5-15,1.106722196604619,22,1.1057641959097058,MAP_SCADA,119,0.0009580006949132525
3,UPFC_tsh,5-15,-0.23240057224166638,22,-0.2281284311092331,MAP_SCADA,119,0.004272141132433294
4,UPFC_Vse,5-15,0.059859672432762606,22,0.06021542330505817,MAP_SCADA,119,0.00035575087229556407
5,UPFC_tse,5-15,-2.1554046999392504,22,-2.149220411745121,MAP_SCADA,119,0.006184288194129639
0,x_tcsc,1-14,-0.10863106555895048,23,-0.13661769123123776,MAP_SCADA,119,0.027986625672287282
1,B_svc,2,0.19440583723342642,23,0.2855746346746997,MAP_SCADA,119,0.09116879744127326
2,UPFC_Vsh,5-15,1.1056047474826858,23,1.1057641959097058,MAP_SCADA,119,0.0001594484270199814
3,UPFC_tsh,5-15,-0.23553602350049807,23,-0.2281284311092331,MAP_SCADA,119,0.007407592391264983
4,UPFC_Vse,5-15,0.06062491232048908,23,0.06021542330505817,MAP_SCADA,119,0.0004094890154309125
5,UPFC_tse,5-15,-2.1604370235879395,23,-2.149220411745121,MAP_SCADA,119,0.011216611842818747
0,x_tcsc,1-14,-0.11358461640106417,24,-0.13661769123123776,MAP_SCADA,119,0.023033074830173597
1,B_svc,2,0.17847299555661278,24,0.2855746346746997,MAP_SCADA,119,0.1071016391180869
2,UPFC_Vsh,5-15,1.1077453708357268,24,1.1057641959097058,MAP_SCADA,119,0.001981174926021012
3,UPFC_tsh,5-15,-0.23118967241909189,24,-0.2281284311092331,MAP_SCADA,119,0.0030612413098587976
4,UPFC_Vse,5-15,0.06001689749729636,24,0.06021542330505817,MAP_SCADA,119,0.00019852580776180684
5,UPFC_tse,5-15,-2.1543010736861428,24,-2.149220411745121,MAP_SCADA,119,0.005080661941021969
0,x_tcsc,1-14,-0.11320004043012336,25,-0.13661769123123776,MAP_SCADA,119,0.02341765080111441
1,B_svc,2,0.17941167260829785,25,0.2855746346746997,MAP_SCADA,119,0.10616296206640183
2,UPFC_Vsh,5-15,1.1101974435380184,25,1.1057641959097058,MAP_SCADA,119,0.004433247628312653
3,UPFC_tsh,5-15,-0.23031717049236608,25,-0.2281284311092331,MAP_SCADA,119,0.0021887393831329927
4,UPFC_Vse,5-15,0.05996830578511454,25,0.06021542330505817,MAP_SCADA,119,0.0002471175199436279
5,UPFC_tse,5-15,-2.1553668754708863,25,-2.149220411745121,MAP_SCADA,119,0.00614646372576555
0,x_tcsc,1-14,-0.11212214964649692,26,-0.13661769123123776,MAP_SCADA,119,0.02449554158474085
1,B_svc,2,0.1816223075761155,26,0.2855746346746997,MAP_SCADA,119,0.10395232709858418
2,UPFC_Vsh,5-15,1.1082064053681402,26,1.1057641959097058,MAP_SCADA,119,0.00244220945843443
3,UPFC_tsh,5-15,-0.23179014857039898,26,-0.2281284311092331,MAP_SCADA,119,0.003661717461165892
4,UPFC_Vse,5-15,0.060238724303090414,26,0.06021542330505817,MAP_SCADA,119,2.3300998032244058e-05
5,UPFC_tse,5-15,-2.1599186635184866,26,-2.149220411745121,MAP_SCADA,119,0.010698251773365808
0,x_tcsc,1-14,-0.11119204081336112,27,-0.13661769123123776,MAP_SCADA,119,0.025425650417876644
1,B_svc,2,0.1842705258074126,27,0.2855746346746997,MAP_SCADA,119,0.10130410886728708
2,UPFC_Vsh,5-15,1.1059116452390325,27,1.1057641959097058,MAP_SCADA,119,0.00014744932932675425
3,UPFC_tsh,5-15,-0.23295759170996305,27,-0.2281284311092331,MAP_SCADA,119,0.004829160600729965
4,UPFC_Vse,5-15,0.06053072554552834,27,0.06021542330505817,MAP_SCADA,119,0.000315302240470168
5,UPFC_tse,5-15,-2.1561425446031106,27,-2.149220411745121,MAP_SCADA,119,0.006922132857989816
0,x_tcsc,1-14,-0.11078516593243308,28,-0.13661769123123776,MAP_SCADA,119,0.025832525298804684
1,B_svc,2,0.1862073014298553,28,0.2855746346746997,MAP_SCADA,119,0.09936733324484437
2,UPFC_Vsh,5-15,1.105306562887327,28,1.1057641959097058,MAP_SCADA,119,0.0004576330223786673
3,UPFC_tsh,5-15,-0.2340897760936502,28,-0.2281284311092331,MAP_SCADA,119,0.005961344984417111
4,UPFC_Vse,5-15,0.06031540260348843,28,0.06021542330505817,MAP_SCADA,119,9.997929843025971e-05
5,UPFC_tse,5-15,-2.159848933017864,28,-2.149220411745121,MAP_SCADA,119,0.010628521272743274
0,x_tcsc,1-14,-0.11114633594373284,29,-0.13661769123123776,MAP_SCADA,119,0.025471355287504924
1,B_svc,2,0.18515795790093445,29,0.2855746346746997,MAP_SCADA,119,0.10041667677376523
2,UPFC_Vsh,5-15,1.1077676810944392,29,1.1057641959097058,MAP_SCADA,119,0.002003485184733478
3,UPFC_tsh,5-15,-0.2328826952361252,29,-0.2281284311092331,MAP_SCADA,119,0.004754264126892116
4,UPFC_Vse,5-15,0.06039577683997066,29,0.06021542330505817,MAP_SCADA,119,0.00018035353491249045
5,UPFC_tse,5-15,-2.155335140690537,29,-2.149220411745121,MAP_SCADA,119,0.0061147289454162035
0,x_tcsc,1-14,-0.11216068815257503,30,-0.13661769123123776,MAP_SCADA,119,0.024457003078662734
1,B_svc,2,0.17704446044748634,30,0.2855746346746997,MAP_SCADA,119,0.10853017422721334
2,UPFC_Vsh,5-15,1.109683072820936,30,1.1057641959097058,MAP_SCADA,119,0.0039188769112301625
3,UPFC_tsh,5-15,-0.23174778760842352,30,-0.2281284311092331,MAP_SCADA,119,0.0036193564991904292
4,UPFC_Vse,5-15,0.06019310784890161,30,0.06021542330505817,MAP_SCADA,119,2.2315456156558888e-05
5,UPFC_tse,5-15,-2.1564072150031643,30,-2.149220411745121,MAP_SCADA,119,0.00718680325804355
0,x_tcsc,1-14,-0.11251342636674841,31,-0.13661769123123776,MAP_SCADA,119,0.024104264864489355
1,B_svc,2,0.1831099893073962,31,0.2855746346746997,MAP_SCADA,119,0.10246464536730349
2,UPFC_Vsh,5-15,1.1078159760395527,31,1.1057641959097058,MAP_SCADA,119,0.0020517801298469696
3,UPFC_tsh,5-15,-0.23189856588754654,31,-0.2281284311092331,MAP_SCADA,119,0.00377013477831345
4,UPFC_Vse,5-15,0.06007672510263565,31,0.06021542330505817,MAP_SCADA,119,0.0001386982024225228
5,UPFC_tse,5-15,-2.1587524619933207,31,-2.149220411745121,MAP_SCADA,119,0.00953205024819992
0,x_tcsc,1-14,-0.10935089542807824,32,-0.13661769123123776,MAP_SCADA,119,0.02726679580315952
1,B_svc,2,0.18873592910746403,32,0.2855746346746997,MAP_SCADA,119,0.09683870556723564
2,UPFC_Vsh,5-15,1.109038949726816,32,1.1057641959097058,MAP_SCADA,119,0.0032747538171102875
3,UPFC_tsh,5-15,-0.2330027710688704,32,-0.2281284311092331,MAP_SCADA,119,0.004874339959637319
4,UPFC_Vse,5-15,0.05985014716756717,32,0.06021542330505817,MAP_SCADA,119,0.0003652761374910024
5,UPFC_tse,5-15,-2.1617669058380433,32,-2.149220411745121,MAP_SCADA,119,0.012546494092922522
0,x_tcsc,1-14,-0.11132959920201867,33,-0.13661769123123776,MAP_SCADA,119,0.025288092029219097
1,B_svc,2,0.18595327212098606,33,0.2855746346746997,MAP_SCADA,119,0.09962136255371362
2,UPFC_Vsh,5-15,1.108084565723442,33,1.1057641959097058,MAP_SCADA,119,0.0023203698137361783
3,UPFC_tsh,5-15,-0.2321353180308911,33,-0.2281284311092331,MAP_SCADA,119,0.004006886921658015
4,UPFC_Vse,5-15,0.06002017416798528,33,0.06021542330505817,MAP_SCADA,119,0.00019524913707288927
5,UPFC_tse,5-15,-2.157033850389164,33,-2.149220411745121,MAP_SCADA,119,0.00781343864404338
0,x_tcsc,1-14,-0.11034198001640978,34,-0.13661769123123776,MAP_SCADA,119,0.026275711214827982
1,B_svc,2,0.18678599517759245,34,0.2855746346746997,MAP_SCADA,119,0.09878863949710723
2,UPFC_Vsh,5-15,1.1085563560496479,34,1.1057641959097058,MAP_SCADA,119,0.0027921601399421014
3,UPFC_tsh,5-15,-0.23312360340740504,34,-0.2281284311092331,MAP_SCADA,119,0.0049951722981719515
4,UPFC_Vse,5-15,0.060366956294376876,34,0.06021542330505817,MAP_SCADA,119,0.00015153298931870618
5,UPFC_tse,5-15,-2.1581320522383804,34,-2.149220411745121,MAP_SCADA,119,0.008911640493259654
0,x_tcsc,1-14,-0.11311317898577221,35,-0.13661769123123776,MAP_SCADA,119,0.023504512245465556
1,B_svc,2,0.18325163162252295,35,0.2855746346746997,MAP_SCADA,119,0.10232300305217673
2,UPFC_Vsh,5-15,1.1098842983230832,35,1.1057641959097058,MAP_SCADA,119,0.004120102413377458
3,UPFC_tsh,5-15,-0.23130759162507253,35,-0.2281284311092331,MAP_SCADA,119,0.003179160515839441
4,UPFC_Vse,5-15,0.06016391902929492,35,0.06021542330505817,MAP_SCADA,119,5.150427576325334e-05
5,UPFC_tse,5-15,-2.1548243799234137,35,-2.149220411745121,MAP_SCADA,119,0.005603968178292895
0,x_tcsc,1-14,-0.1149720819539307,36,-0.13661769123123776,MAP_SCADA,119,0.021645609277307062
1,B_svc,2,0.1750447967126657,36,0.2855746346746997,MAP_SCADA,119,0.11052983796203397
2,UPFC_Vsh,5-15,1.1102778223388667,36,1.1057641959097058,MAP_SCADA,119,0.004513626429160977
3,UPFC_tsh,5-15,-0.22961423202170334,36,-0.2281284311092331,MAP_SCADA,119,0.0014858009124702476
4,UPFC_Vse,5-15,0.060175439493694916,36,0.06021542330505817,MAP_SCADA,119,3.998381136325474e-05
5,UPFC_tse,5-15,-2.1527252492944804,36,-2.149220411745121,MAP_SCADA,119,0.0035048375493595962
0,x_tcsc,1-14,-0.1135383168444,37,-0.13661769123123776,MAP_SCADA,119,0.02307937438683777
1,B_svc,2,0.1808875627066663,37,0.2855746346746997,MAP_SCADA,119,0.10468707196803337
2,UPFC_Vsh,5-15,1.1097833398341765,37,1.1057641959097058,MAP_SCADA,119,0.0040191439244707805
3,UPFC_tsh,5-15,-0.2306731020068669,37,-0.2281284311092331,MAP_SCADA,119,0.0025446708976337995
4,UPFC_Vse,5-15,0.059604765997265136,37,0.06021542330505817,MAP_SCADA,119,0.0006106573077930347
5,UPFC_tse,5-15,-2.1598551334837475,37,-2.149220411745121,MAP_SCADA,119,0.010634721738626673
0,x_tcsc,1-14,-0.11241197576694792,38,-0.13661769123123776,MAP_SCADA,119,0.024205715464289845
1,B_svc,2,0.18139884194193798,38,0.2855746346746997,MAP_SCADA,119,0.1041757927327617
2,UPFC_Vsh,5-15,1.1092926368032598,38,1.1057641959097058,MAP_SCADA,119,0.0035284408935540856
3,UPFC_tsh,5-15,-0.23168033003577468,38,-0.2281284311092331,MAP_SCADA,119,0.0035518989265415912
4,UPFC_Vse,5-15,0.06042739705196942,38,0.06021542330505817,MAP_SCADA,119,0.00021197374691125231
5,UPFC_tse,5-15,-2.150262573934795,38,-2.149220411745121,MAP_SCADA,119,0.0010421621896741229
0,x_tcsc,1-14,-0.11336627208444718,39,-0.13661769123123776,MAP_SCADA,119,0.02325141914679059
1,B_svc,2,0.1824406965904449,39,0.2855746346746997,MAP_SCADA,119,0.10313393808425478
2,UPFC_Vsh,5-15,1.109450803391796,39,1.1057641959097058,MAP_SCADA,119,0.003686607482090265
3,UPFC_tsh,5-15,-0.23110270791873322,39,-0.2281284311092331,MAP_SCADA,119,0.0029742768095001315
4,UPFC_Vse,5-15,0.06015947124209428,39,0.06021542330505817,MAP_SCADA,119,5.595206296388905e-05
5,UPFC_tse,5-15,-2.1525195949795397,39,-2.149220411745121,MAP_SCADA,119,0.003299183234418912
0,x_tcsc,1-14,-0.11449781928869908,40,-0.13661769123123776,MAP_SCADA,119,0.022119871942538685
1,B_svc,2,0.17698963311880708,40,0.2855746346746997,MAP_SCADA,119,0.1085850015558926
2,UPFC_Vsh,5-15,1.1099220982081328,40,1.1057641959097058,MAP_SCADA,119,0.004157902298427052
3,UPFC_tsh,5-15,-0.23127461686611703,40,-0.2281284311092331,MAP_SCADA,119,0.00314618575688394
4,UPFC_Vse,5-15,0.060217625795988015,40,0.06021542330505817,MAP_SCADA,119,2.2024909298451467e-06
5,UPFC_tse,5-15,-2.1504069037421822,40,-2.149220411745121,MAP_SCADA,119,0.0011864919970614451
0,x_tcsc,1-14,-0.11093572745407543,41,-0.13661769123123776,MAP_SCADA,119,0.025681963777162337
1,B_svc,2,0.18531896959267724,41,0.2855746346746997,MAP_SCADA,119,0.10025566508202244
2,UPFC_Vsh,5-15,1.108434994048722,41,1.1057641959097058,MAP_SCADA,119,0.0026707981390161617
3,UPFC_tsh,5-15,-0.233408373060217,41,-0.2281284311092331,MAP_SCADA,119,0.005279941950983913
4,UPFC_Vse,5-15,0.060499846182725275,41,0.06021542330505817,MAP_SCADA,119,0.0002844228776671051
5,UPFC_tse,5-15,-2.1601069645717934,41,-2.149220411745121,MAP_SCADA,119,0.010886552826672613
0,x_tcsc,1-14,-0.11147761500004855,42,-0.13661769123123776,MAP_SCADA,119,0.025140076231189218
1,B_svc,2,0.18730903475163513,42,0.2855746346746997,MAP_SCADA,119,0.09826559992306455
2,UPFC_Vsh,5-15,1.1074933658695576,42,1.1057641959097058,MAP_SCADA,119,0.0017291699598518395
3,UPFC_tsh,5-15,-0.23274285808599332,42,-0.2281284311092331,MAP_SCADA,119,0.004614426976760233
4,UPFC_Vse,5-15,0.06046335877714539,42,0.06021542330505817,MAP_SCADA,119,0.0002479354720872212
5,UPFC_tse,5-15,-2.154540752922178,42,-2.149220411745121,MAP_SCADA,119,0.005320341177057042
0,x_tcsc,1-14,-0.11305657612109273,43,-0.13661769123123776,MAP_SCADA,119,0.02356111511014504
1,B_svc,2,0.1792216928206034,43,0.2855746346746997,MAP_SCADA,119,0.10635294185409627
2,UPFC_Vsh,5-15,1.1100005386855296,43,1.1057641959097058,MAP_SCADA,119,0.004236342775823854
3,UPFC_tsh,5-15,-0.23036578137282954,43,-0.2281284311092331,MAP_SCADA,119,0.0022373502635964493
4,UPFC_Vse,5-15,0.06057910375371149,43,0.06021542330505817,MAP_SCADA,119,0.000363680448653321
5,UPFC_tse,5-15,-2.1561589997097914,43,-2.149220411745121,MAP_SCADA,119,0.006938587964670617
0,x_tcsc,1-14,-0.11207535639674679,44,-0.13661769123123776,MAP_SCADA,119,0.024542334834490975
1,B_svc,2,0.1846858498020382,44,0.2855746346746997,MAP_SCADA,119,0.10088878487266148
2,UPFC_Vsh,5-15,1.1077601535326256,44,1.1057641959097058,MAP_SCADA,119,0.0019959576229198195
3,UPFC_tsh,5-15,-0.23261638863089268,44,-0.2281284311092331,MAP_SCADA,119,0.004487957521659591
4,UPFC_Vse,5-15,0.06047525859342069,44,0.06021542330505817,MAP_SCADA,119,0.0002598352883625213
5,UPFC_tse,5-15,-2.154046429528506,44,-2.149220411745121,MAP_SCADA,119,0.004826017783384984
0,x_tcsc,1-14,-0.11375431081784133,45,-0.13661769123123776,MAP_SCADA,119,0.02286338041339643
1,B_svc,2,0.17477818719938254,45,0.2855746346746997,MAP_SCADA,119,0.11079644747531714
2,UPFC_Vsh,5-15,1.1093197165452422,45,1.1057641959097058,MAP_SCADA,119,0.0035555206355364355
3,UPFC_tsh,5-15,-0.23071303918734726,45,-0.2281284311092331,MAP_SCADA,119,0.00258460807811417
4,UPFC_Vse,5-15,0.06014026459677954,45,0.06021542330505817,MAP_SCADA,119,7.515870827862897e-05
5,UPFC_tse,5-15,-2.15388812615601,45,-2.149220411745121,MAP_SCADA,119,0.00466771441088909
0,x_tcsc,1-14,-0.11310434548909658,46,-0.13661769123123776,MAP_SCADA,119,0.023513345742141187
1,B_svc,2,0.17866334359157365,46,0.2855746346746997,MAP_SCADA,119,0.10691129108312603
2,UPFC_Vsh,5-15,1.108715174743999,46,1.1057641959097058,MAP_SCADA,119,0.002950978834293183
3,UPFC_tsh,5-15,-0.23114836154528098,46,-0.2281284311092331,MAP_SCADA,119,0.0030199304360478962
4,UPFC_Vse,5-15,0.060340846612470904,46,0.06021542330505817,MAP_SCADA,119,0.00012542330741273366
5,UPFC_tse,5-15,-2.155077590767528,46,-2.149220411745121,MAP_SCADA,119,0.005857179022407344
0,x_tcsc,1-14,-0.1126163685304988,47,-0.13661769123123776,MAP_SCADA,119,0.02400132270073896
1,B_svc,2,0.1826820223153454,47,0.2855746346746997,MAP_SCADA,119,0.10289261235935429
2,UPFC_Vsh,5-15,1.1078508671343414,47,1.1057641959097058,MAP_SCADA,119,0.0020866712246356833
3,UPFC_tsh,5-15,-0.23195436112425402,47,-0.2281284311092331,MAP_SCADA,119,0.003825930015020934
4,UPFC_Vse,5-15,0.06005427570146322,47,0.06021542330505817,MAP_SCADA,119,0.00016114760359495217
5,UPFC_tse,5-15,-2.149004765473707,47,-2.149220411745121,MAP_SCADA,119,0.00021564627141401616
0,x_tcsc,1-14,-0.11202393736720709,48,-0.13661769123123776,MAP_SCADA,119,0.024593753864030676
1,B_svc,2,0.18197032083453404,48,0.2855746346746997,MAP_SCADA,119,0.10360431384016563
2,UPFC_Vsh,5-15,1.1088869066003255,48,1.1057641959097058,MAP_SCADA,119,0.0031227106906197566
3,UPFC_tsh,5-15,-0.23173744296455784,48,-0.2281284311092331,MAP_SCADA,119,0.0036090118553247508
4,UPFC_Vse,5-15,0.06064179275722406,48,0.06021542330505817,MAP_SCADA,119,0.0004263694521658909
5,UPFC_tse,5-15,-2.1579971846390347,48,-2.149220411745121,MAP_SCADA,119,0.008776772893913876
0,x_tcsc,1-14,-0.11301190854144895,49,-0.13661769123123776,MAP_SCADA,119,0.023605782689788815
1,B_svc,2,0.1826769526565768,49,0.2855746346746997,MAP_SCADA,119,0.10289768201812288
2,UPFC_Vsh,5-15,1.10911972473425,49,1.1057641959097058,MAP_SCADA,119,0.0033555288245441517
3,UPFC_tsh,5-15,-0.23197494578688546,49,-0.2281284311092331,MAP_SCADA,119,0.003846514677652374
4,UPFC_Vse,5-15,0.06039511975662008,49,0.06021542330505817,MAP_SCADA,119,0.00017969645156191288
5,UPFC_tse,5-15,-2.159769366853597,49,-2.149220411745121,MAP_SCADA,119,0.01054895510847631
0,x_tcsc,1-14,-0.11232464740583507,50,-0.13661769123123776,MAP_SCADA,119,0.02429304382540269
1,B_svc,2,0.1804661933096819,50,0.2855746346746997,MAP_SCADA,119,0.10510844136501779
2,UPFC_Vsh,5-15,1.1082997050473367,50,1.1057641959097058,MAP_SCADA,119,0.002535509137630898
3,UPFC_tsh,5-15,-0.23223059620849504,50,-0.2281284311092331,MAP_SCADA,119,0.004102165099261951
4,UPFC_Vse,5-15,0.060382776568446615,50,0.06021542330505817,MAP_SCADA,119,0.00016735326338844503
5,UPFC_tse,5-15,-2.15506436388257,50,-2.149220411745121,MAP_SCADA,119,0.005843952137449371
0,x_tcsc,1-14,-0.11361562540832322,51,-0.13661769123123776,MAP_SCADA,119,0.023002065822914544
1,B_svc,2,0.17885922469653856,51,0.2855746346746997,MAP_SCADA,119,0.10671540997816112
2,UPFC_Vsh,5-15,1.1070689001567269,51,1.1057641959097058,MAP_SCADA,119,0.0013047042470211156
3,UPFC_tsh,5-15,-0.2321065832889006,51,-0.2281284311092331,MAP_SCADA,119,0.003978152179667516
4,UPFC_Vse,5-15,0.06052340155011435,51,0.06021542330505817,MAP_SCADA,119,0.00030797824505617716
5,UPFC_tse,5-15,-2.1551682308222206,51,-2.149220411745121,MAP_SCADA,119,0.005947819077099847
0,x_tcsc,1-14,-0.10848351521084021,52,-0.13661769123123776,MAP_SCADA,119,0.028134176020397555
1,B_svc,2,0.19662177475265205,52,0.2855746346746997,MAP_SCADA,119,0.08895285992204763
2,UPFC_Vsh,5-15,1.1078003615348868,52,1.1057641959097058,MAP_SCADA,119,0.0020361656251810523
3,UPFC_tsh,5-15,-0.23401474328945562,52,-0.2281284311092331,MAP_SCADA,119,0.005886312180222536
4,UPFC_Vse,5-15,0.06035505211035941,52,0.06021542330505817,MAP_SCADA,119,0.00013962880530123817
5,UPFC_tse,5-15,-2.160186956663391,52,-2.149220411745121,MAP_SCADA,119,0.010966544918270316
0,x_tcsc,1-14,-0.11302618824924493,53,-0.13661769123123776,MAP_SCADA,119,0.023591502981992835
1,B_svc,2,0.1855528678668657,53,0.2855746346746997,MAP_SCADA,119,0.10002176680783398
2,UPFC_Vsh,5-15,1.106401917745756,53,1.1057641959097058,MAP_SCADA,119,0.0006377218360502646
3,UPFC_tsh,5-15,-0.23299677621338608,53,-0.2281284311092331,MAP_SCADA,119,0.004868345104152988
4,UPFC_Vse,5-15,0.06025677125495774,53,0.06021542330505817,MAP_SCADA,119,4.13479498995728e-05
5,UPFC_tse,5-15,-2.1530014389473546,53,-2.149220411745121,MAP_SCADA,119,0.003781027202233833
0,x_tcsc,1-14,-0.10992588267449988,54,-0.13661769123123776,MAP_SCADA,119,0.02669180855673789
1,B_svc,2,0.18850845278962525,54,0.2855746346746997,MAP_SCADA,119,0.09706618188507443
2,UPFC_Vsh,5-15,1.1080263661691967,54,1.1057641959097058,MAP_SCADA,119,0.0022621702594909365
3,UPFC_tsh,5-15,-0.2334353156834582,54,-0.2281284311092331,MAP_SCADA,119,0.005306884574225124
4,UPFC_Vse,5-15,0.060702502198160174,54,0.06021542330505817,MAP_SCADA,119,0.000487078893102004
5,UPFC_tse,5-15,-2.159140326809645,54,-2.149220411745121,MAP_SCADA,119,0.009919915064524165
0,x_tcsc,1-14,-0.11090856933726283,55,-0.13661769123123776,MAP_SCADA,119,0.025709121893974937
1,B_svc,2,0.18390305521965483,55,0.2855746346746997,MAP_SCADA,119,0.10167157945504485
2,UPFC_Vsh,5-15,1.105779728191416,55,1.1057641959097058,MAP_SCADA,119,1.5532281710139983e-05
3,UPFC_tsh,5-15,-0.23355893281144285,55,-0.2281284311092331,MAP_SCADA,119,0.005430501702209767
4,UPFC_Vse,5-15,0.06052711291959248,55,0.06021542330505817,MAP_SCADA,119,0.00031168961453430927
5,UPFC_tse,5-15,-2.1596477295296808,55,-2.149220411745121,MAP_SCADA,119,0.010427317784559964
0,x_tcsc,1-14,-0.11295801478895467,56,-0.13661769123123776,MAP_SCADA,119,0.02365967644228309
1,B_svc,2,0.18145367109197516,56,0.2855746346746997,MAP_SCADA,119,0.10412096358272452
2,UPFC_Vsh,5-15,1.108183062115895,56,1.1057641959097058,MAP_SCADA,119,0.002418866206189252
3,UPFC_tsh,5-15,-0.23276754175977452,56,-0.2281284311092331,MAP_SCADA,119,0.004639110650541428
4,UPFC_Vse,5-15,0.060201074271315824,56,0.06021542330505817,MAP_SCADA,119,1.4349033742346029e-05
5,UPFC_tse,5-15,-2.1541185297160985,56,-2.149220411745121,MAP_SCADA,119,0.004898117970977722
0,x_tcsc,1-14,-0.11331549764469787,57,-0.13661769123123776,MAP_SCADA,119,0.0233021935865399
1,B_svc,2,0.18113549787680508,57,0.2855746346746997,MAP_SCADA,119,0.1044391367978946
2,UPFC_Vsh,5-15,1.1080297025810695,57,1.1057641959097058,MAP_SCADA,119,0.002265506671363715
3,UPFC_tsh,5-15,-0.2318175980644757,57,-0.2281284311092331,MAP_SCADA,119,0.003689166955242601
4,UPFC_Vse,5-15,0.05974123277280337,57,0.06021542330505817,MAP_SCADA,119,0.00047419053225480207
5,UPFC_tse,5-15,-2.1568552925009024,57,-2.149220411745121,MAP_SCADA,119,0.007634880755781559
0,x_tcsc,1-14,-0.11259592447870835,58,-0.13661769123123776,MAP_SCADA,119,0.024021766752529414
1,B_svc,2,0.1855124996650732,58,0.2855746346746997,MAP_SCADA,119,0.10006213500962649
2,UPFC_Vsh,5-15,1.1041639179721214,58,1.1057641959097058,MAP_SCADA,119,0.0016002779375843268
3,UPFC_tsh,5-15,-0.2337457779457213,58,-0.2281284311092331,MAP_SCADA,119,0.005617346836488207
4,UPFC_Vse,5-15,0.060641571824637475,58,0.06021542330505817,MAP_SCADA,119,0.0004261485195793044
5,UPFC_tse,5-15,-2.1560231945507224,58,-2.149220411745121,MAP_SCADA,119,0.006802782805601648
0,x_tcsc,1-14,-0.11286231559448634,59,-0.13661769123123776,MAP_SCADA,119,0.023755375636751425
1,B_svc,2,0.1817952967432671,59,0.2855746346746997,MAP_SCADA,119,0.10377933793143257
2,UPFC_Vsh,5-15,1.108691902973475,59,1.1057641959097058,MAP_SCADA,119,0.0029277070637692137
3,UPFC_tsh,5-15,-0.23184199738940517,59,-0.2281284311092331,MAP_SCADA,119,0.0037135662801720815
4,UPFC_Vse,5-15,0.060454713383064476,59,0.06021542330505817,MAP_SCADA,119,0.00023929007800630592
5,UPFC_tse,5-15,-2.15495703243471,59,-2.149220411745121,MAP_SCADA,119,0.005736620689589245
0,x_tcsc,1-14,-0.1125451676959699,60,-0.13661769123123776,MAP_SCADA,119,0.02407252353526787
1,B_svc,2,0.18446213206889514,60,0.2855746346746997,MAP_SCADA,119,0.10111250260580454
2,UPFC_Vsh,5-15,1.108050671247431,60,1.1057641959097058,MAP_SCADA,119,0.002286475337725191
3,UPFC_tsh,5-15,-0.2323091987208775,60,-0.2281284311092331,MAP_SCADA,119,0.004180767611644404
4,UPFC_Vse,5-15,0.06027242282692596,60,0.06021542330505817,MAP_SCADA,119,5.699952186778712e-05
5,UPFC_tse,5-15,-2.1526136198908206,60,-2.149220411745121,MAP_SCADA,119,0.0033932081456997665
0,x_tcsc,1-14,-0.11410481713499057,61,-0.13661769123123776,MAP_SCADA,119,0.022512874096247193
1,B_svc,2,0.17972519930177294,61,0.2855746346746997,MAP_SCADA,119,0.10584943537292674
2,UPFC_Vsh,5-15,1.1062344025143551,61,1.1057641959097058,MAP_SCADA,119,0.00047020660464935915
3,UPFC_tsh,5-15,-0.23187134686501007,61,-0.2281284311092331,MAP_SCADA,119,0.003742915755776982
4,UPFC_Vse,5-15,0.06071318870310169,61,0.06021542330505817,MAP_SCADA,119,0.000497765398043519
5,UPFC_tse,5-15,-2.1542601835848503,61,-2.149220411745121,MAP_SCADA,119,0.005039771839729479
0,x_tcsc,1-14,-0.1115933269007217,62,-0.13661769123123776,MAP_SCADA,119,0.025024364330516066
1,B_svc,2,0.18400213468782292,62,0.2855746346746997,MAP_SCADA,119,0.10157249998687676
2,UPFC_Vsh,5-15,1.1074571520285303,62,1.1057641959097058,MAP_SCADA,119,0.0016929561188245845
3,UPFC_tsh,5-15,-0.23263168864163766,62,-0.2281284311092331,MAP_SCADA,119,0.004503257532404575
4,UPFC_Vse,5-15,0.05996998341083485,62,0.06021542330505817,MAP_SCADA,119,0.00024543989422332047
5,UPFC_tse,5-15,-2.1600345054626127,62,-2.149220411745121,MAP_SCADA,119,0.010814093717491868
0,x_tcsc,1-14,-0.11148815154244913,63,-0.13661769123123776,MAP_SCADA,119,0.02512953968878863
1,B_svc,2,0.18721449786679403,63,0.2855746346746997,MAP_SCADA,119,0.09836013680790565
2,UPFC_Vsh,5-15,1.1070688856726931,63,1.1057641959097058,MAP_SCADA,119,0.0013046897629873655
3,UPFC_tsh,5-15,-0.23342688662212113,63,-0.2281284311092331,MAP_SCADA,119,0.005298455512888045
4,UPFC_Vse,5-15,0.05977947534148236,63,0.06021542330505817,MAP_SCADA,119,0.00043594796357580845
5,UPFC_tse,5-15,-2.1563252483151594,63,-2.149220411745121,MAP_SCADA,119,0.007104836570038575
0,x_tcsc,1-14,-0.11195724792908147,64,-0.13661769123123776,MAP_SCADA,119,0.02466044330215629
1,B_svc,2,0.18532267620046441,64,0.2855746346746997,MAP_SCADA,119,0.10025195847423526
2,UPFC_Vsh,5-15,1.1062982148266969,64,1.1057641959097058,MAP_SCADA,119,0.0005340189169911191
3,UPFC_tsh,5-15,-0.23231828006468574,64,-0.2281284311092331,MAP_SCADA,119,0.0041898489554526575
4,UPFC_Vse,5-15,0.060691859349195215,64,0.06021542330505817,MAP_SCADA,119,0.00047643604413704493
5,UPFC_tse,5-15,-2.152693367047146,64,-2.149220411745121,MAP_SCADA,119,0.0034729553020254045
0,x_tcsc,1-14,-0.11295515105283893,65,-0.13661769123123776,MAP_SCADA,119,0.023662540178398833
1,B_svc,2,0.18060145943688566,65,0.2855746346746997,MAP_SCADA,119,0.10497317523781402
2,UPFC_Vsh,5-15,1.1078146006483933,65,1.1057641959097058,MAP_SCADA,119,0.0020504047386875612
3,UPFC_tsh,5-15,-0.23209500185534337,65,-0.2281284311092331,MAP_SCADA,119,0.003966570746110287
4,UPFC_Vse,5-15,0.06005942127011483,65,0.06021542330505817,MAP_SCADA,119,0.0001560020349433422
5,UPFC_tse,5-15,-2.152035993257443,65,-2.149220411745121,MAP_SCADA,119,0.002815581512322307
0,x_tcsc,1-14,-0.1105648668522165,66,-0.13661769123123776,MAP_SCADA,119,0.02605282437902126
1,B_svc,2,0.1904464047979305,66,0.2855746346746997,MAP_SCADA,119,0.09512822987676917
2,UPFC_Vsh,5-15,1.108306155074037,66,1.1057641959097058,MAP_SCADA,119,0.002541959164331198
3,UPFC_tsh,5-15,-0.23257200768493028,66,-0.2281284311092331,MAP_SCADA,119,0.004443576575697189
4,UPFC_Vse,5-15,0.06025958607178324,66,0.06021542330505817,MAP_SCADA,119,4.416276672507269e-05
5,UPFC_tse,5-15,-2.1546439224482006,66,-2.149220411745121,MAP_SCADA,119,0.005423510703079781
0,x_tcsc,1-14,-0.11119767728780644,67,-0.13661769123123776,MAP_SCADA,119,0.025420013943431324
1,B_svc,2,0.18569084335624564,67,0.2855746346746997,MAP_SCADA,119,0.09988379131845404
2,UPFC_Vsh,5-15,1.106366563748709,67,1.1057641959097058,MAP_SCADA,119,0.0006023678390032483
3,UPFC_tsh,5-15,-0.23386903030465617,67,-0.2281284311092331,MAP_SCADA,119,0.0057405991954230795
4,UPFC_Vse,5-15,0.06056370946115216,67,0.06021542330505817,MAP_SCADA,119,0.00034828615609398816
5,UPFC_tse,5-15,-2.1571921085846038,67,-2.149220411745121,MAP_SCADA,119,0.007971696839482956
0,x_tcsc,1-14,-0.11483410186228073,68,-0.13661769123123776,MAP_SCADA,119,0.021783589368957038
1,B_svc,2,0.17781365828617798,68,0.2855746346746997,MAP_SCADA,119,0.1077609763885217
2,UPFC_Vsh,5-15,1.106598391691374,68,1.1057641959097058,MAP_SCADA,119,0.0008341957816682122
3,UPFC_tsh,5-15,-0.23154604520573963,68,-0.2281284311092331,MAP_SCADA,119,0.0034176140965065382
4,UPFC_Vse,5-15,0.06029084534704604,68,0.06021542330505817,MAP_SCADA,119,7.542204198787011e-05
5,UPFC_tse,5-15,-2.154853142467964,68,-2.149220411745121,MAP_SCADA,119,0.005632730722842982
0,x_tcsc,1-14,-0.11173747291563595,69,-0.13661769123123776,MAP_SCADA,119,0.024880218315601818
1,B_svc,2,0.18495146124073875,69,0.2855746346746997,MAP_SCADA,119,0.10062317343396093
2,UPFC_Vsh,5-15,1.1072218108273122,69,1.1057641959097058,MAP_SCADA,119,0.0014576149176064312
3,UPFC_tsh,5-15,-0.23243266776604807,69,-0.2281284311092331,MAP_SCADA,119,0.00430423665681498
4,UPFC_Vse,5-15,0.05983529988183588,69,0.06021542330505817,MAP_SCADA,119,0.0003801234232222936
5,UPFC_tse,5-15,-2.162200479914194,69,-2.149220411745121,MAP_SCADA,119,0.012980068169073267
0,x_tcsc,1-14,-0.11161295954054895,70,-0.13661769123123776,MAP_SCADA,119,0.025004731690688814
1,B_svc,2,0.18626377458114451,70,0.2855746346746997,MAP_SCADA,119,0.09931086009355516
2,UPFC_Vsh,5-15,1.1076076388806437,70,1.1057641959097058,MAP_SCADA,119,0.0018434429709379696
3,UPFC_tsh,5-15,-0.23241563686137293,70,-0.2281284311092331,MAP_SCADA,119,0.004287205752139839
4,UPFC_Vse,5-15,0.0600901778234442,70,0.06021542330505817,MAP_SCADA,119,0.00012524548161396698
5,UPFC_tse,5-15,-2.159739654223675,70,-2.149220411745121,MAP_SCADA,119,0.01051924247855407
0,x_tcsc,1-14,-0.11023236043321037,71,-0.13661769123123776,MAP_SCADA,119,0.026385330798027393
1,B_svc,2,0.18490639389636032,71,0.2855746346746997,MAP_SCADA,119,0.10066824077833936
2,UPFC_Vsh,5-15,1.1080515269839228,71,1.1057641959097058,MAP_SCADA,119,0.0022873310742170805
3,UPFC_tsh,5-15,-0.23367155568450076,71,-0.2281284311092331,MAP_SCADA,119,0.005543124575267677
4,UPFC_Vse,5-15,0.05956459850884551,71,0.06021542330505817,MAP_SCADA,119,0.0006508247962126595
5,UPFC_tse,5-15,-2.1603199827972,71,-2.149220411745121,MAP_SCADA,119,0.011099571052079149
0,x_tcsc,1-14,-0.11481364685907605,72,-0.13661769123123776,MAP_SCADA,119,0.021804044372161713
1,B_svc,2,0.1740477843073324,72,0.2855746346746997,MAP_SCADA,119,0.11152685036736729
2,UPFC_Vsh,5-15,1.1093478133268266,72,1.1057641959097058,MAP_SCADA,119,0.0035836174171208768
3,UPFC_tsh,5-15,-0.23031014743099787,72,-0.2281284311092331,MAP_SCADA,119,0.0021817163217647817
4,UPFC_Vse,5-15,0.060376298368476404,72,0.06021542330505817,MAP_SCADA,119,0.00016087506341823377
5,UPFC_tse,5-15,-2.152526010071022,72,-2.149220411745121,MAP_SCADA,119,0.003305598325901382
0,x_tcsc,1-14,-0.11119939553174198,73,-0.13661769123123776,MAP_SCADA,119,0.025418295699495788
1,B_svc,2,0.18238211869777293,73,0.2855746346746997,MAP_SCADA,119,0.10319251597692675
2,UPFC_Vsh,5-15,1.1078410496521713,73,1.1057641959097058,MAP_SCADA,119,0.0020768537424655786
3,UPFC_tsh,5-15,-0.23244182663890925,73,-0.2281284311092331,MAP_SCADA,119,0.004313395529676162
4,UPFC_Vse,5-15,0.060123430715658725,73,0.06021542330505817,MAP_SCADA,119,9.199258939944499e-05
5,UPFC_tse,5-15,-2.154635166458868,73,-2.149220411745121,MAP_SCADA,119,0.005414754713747083
0,x_tcsc,1-14,-0.11245131488496514,74,-0.13661769123123776,MAP_SCADA,119,0.024166376346272625
1,B_svc,2,0.18306689732739356,74,0.2855746346746997,MAP_SCADA,119,0.10250773734730612
2,UPFC_Vsh,5-15,1.1060877669311164,74,1.1057641959097058,MAP_SCADA,119,0.0003235710214106735
3,UPFC_tsh,5-15,-0.23225569221922024,74,-0.2281284311092331,MAP_SCADA,119,0.0041272611099871515
4,UPFC_Vse,5-15,0.06060816821702223,74,0.06021542330505817,MAP_SCADA,119,0.00039274491196406025
5,UPFC_tse,5-15,-2.1530639197953803,74,-2.149220411745121,MAP_SCADA,119,0.0038435080502594587
0,x_tcsc,1-14,-0.11266851956063793,75,-0.13661769123123776,MAP_SCADA,119,0.02394917167059983
1,B_svc,2,0.17942389982839835,75,0.2855746346746997,MAP_SCADA,119,0.10615073484630133
2,UPFC_Vsh,5-15,1.1060512896544898,75,1.1057641959097058,MAP_SCADA,119,0.0002870937447840838
3,UPFC_tsh,5-15,-0.2321833929982741,75,-0.2281284311092331,MAP_SCADA,119,0.004054961889041003
4,UPFC_Vse,5-15,0.0603953238342974,75,0.06021542330505817,MAP_SCADA,119,0.0001799005292392325
5,UPFC_tse,5-15,-2.156912981216897,75,-2.149220411745121,MAP_SCADA,119,0.00769256947177599
0,x_tcsc,1-14,-0.11320542384235198,76,-0.13661769123123776,MAP_SCADA,119,0.023412267388885785
1,B_svc,2,0.17986454173726527,76,0.2855746346746997,MAP_SCADA,119,0.10571009293743441
2,UPFC_Vsh,5-15,1.107140576441596,76,1.1057641959097058,MAP_SCADA,119,0.0013763805318902644
3,UPFC_tsh,5-15,-0.2321309439923157,76,-0.2281284311092331,MAP_SCADA,119,0.004002512883082621
4,UPFC_Vse,5-15,0.06060513321190883,76,0.06021542330505817,MAP_SCADA,119,0.00038970990685065904
5,UPFC_tse,5-15,-2.154545901987454,76,-2.149220411745121,MAP_SCADA,119,0.005325490242333419
0,x_tcsc,1-14,-0.11027983805247656,77,-0.13661769123123776,MAP_SCADA,119,0.02633785317876121
1,B_svc,2,0.19039840003568215,77,0.2855746346746997,MAP_SCADA,119,0.09517623463901753
2,UPFC_Vsh,5-15,1.1060914983424281,77,1.1057641959097058,MAP_SCADA,119,0.00032730243272238724
3,UPFC_tsh,5-15,-0.23354511247093693,77,-0.2281284311092331,MAP_SCADA,119,0.00541668136170384
4,UPFC_Vse,5-15,0.06064689698951932,77,0.06021542330505817,MAP_SCADA,119,0.00043147368446114914
5,UPFC_tse,5-15,-2.163946771282591,77,-2.149220411745121,MAP_SCADA,119,0.014726359537470035
0,x_tcsc,1-14,-0.11238909219532701,78,-0.13661769123123776,MAP_SCADA,119,0.02422859903591075
1,B_svc,2,0.18583281855938802,78,0.2855746346746997,MAP_SCADA,119,0.09974181611531166
2,UPFC_Vsh,5-15,1.1047114060882188,78,1.1057641959097058,MAP_SCADA,119,0.0010527898214869325
3,UPFC_tsh,5-15,-0.23331161314458537,78,-0.2281284311092331,MAP_SCADA,119,0.005183182035352285
4,UPFC_Vse,5-15,0.060731876001881645,78,0.06021542330505817,MAP_SCADA,119,0.0005164526968234745
5,UPFC_tse,5-15,-2.1574975209251144,78,-2.149220411745121,MAP_SCADA,119,0.00827710917999358
0,x_tcsc,1-14,-0.11227674867262306,79,-0.13661769123123776,MAP_SCADA,119,0.0243409425586147
1,B_svc,2,0.17798850759682364,79,0.2855746346746997,MAP_SCADA,119,0.10758612707787604
2,UPFC_Vsh,5-15,1.1091646776389321,79,1.1057641959097058,MAP_SCADA,119,0.0034004817292263567
3,UPFC_tsh,5-15,-0.2318079257618266,79,-0.2281284311092331,MAP_SCADA,119,0.0036794946525935124
4,UPFC_Vse,5-15,0.0602518094619551,79,0.06021542330505817,MAP_SCADA,119,3.638615689693231e-05
5,UPFC_tse,5-15,-2.1581915717638798,79,-2.149220411745121,MAP_SCADA,119,0.008971160018758972
0,x_tcsc,1-14,-0.1103069614975914,80,-0.13661769123123776,MAP_SCADA,119,0.02631072973364637
1,B_svc,2,0.1855188842432045,80,0.2855746346746997,MAP_SCADA,119,0.10005575043149517
2,UPFC_Vsh,5-15,1.1082246409705168,80,1.1057641959097058,MAP_SCADA,119,0.0024604450608110007
3,UPFC_tsh,5-15,-0.23237219805571732,80,-0.2281284311092331,MAP_SCADA,119,0.004243766946484234
4,UPFC_Vse,5-15,0.06017729077889988,80,0.06021542330505817,MAP_SCADA,119,3.813252615828683e-05
5,UPFC_tse,5-15,-2.1579965052878802,80,-2.149220411745121,MAP_SCADA,119,0.008776093542759433
0,x_tcsc,1-14,-0.11484420222689054,81,-0.13661769123123776,MAP_SCADA,119,0.021773489004347224
1,B_svc,2,0.17324317502602474,81,0.2855746346746997,MAP_SCADA,119,0.11233145964867494
2,UPFC_Vsh,5-15,1.107767203557404,81,1.1057641959097058,MAP_SCADA,119,0.0020030076476982295
3,UPFC_tsh,5-15,-0.23072723953847235,81,-0.2281284311092331,MAP_SCADA,119,0.0025988084292392633
4,UPFC_Vse,5-15,0.060976563935023265,81,0.06021542330505817,MAP_SCADA,119,0.0007611406299650944
5,UPFC_tse,5-15,-2.149647198018337,81,-2.149220411745121,MAP_SCADA,119,0.00042678627321635076
0,x_tcsc,1-14,-0.11180805607061052,82,-0.13661769123123776,MAP_SCADA,119,0.024809635160627244
1,B_svc,2,0.18178182354392003,82,0.2855746346746997,MAP_SCADA,119,0.10379281113077965
2,UPFC_Vsh,5-15,1.1089313718683742,82,1.1057641959097058,MAP_SCADA,119,0.0031671759586684445
3,UPFC_tsh,5-15,-0.2325040165114551,82,-0.2281284311092331,MAP_SCADA,119,0.004375585402222021
4,UPFC_Vse,5-15,0.059750170374855985,82,0.06021542330505817,MAP_SCADA,119,0.00046525293020218544
5,UPFC_tse,5-15,-2.157267769739594,82,-2.149220411745121,MAP_SCADA,119,0.008047357994473092
0,x_tcsc,1-14,-0.11196594835243269,83,-0.13661769123123776,MAP_SCADA,119,0.024651742878805075
1,B_svc,2,0.18358007288343284,83,0.2855746346746997,MAP_SCADA,119,0.10199456179126684
2,UPFC_Vsh,5-15,1.1066161622964277,83,1.1057641959097058,MAP_SCADA,119,0.000851966386721914
3,UPFC_tsh,5-15,-0.2338622644581635,83,-0.2281284311092331,MAP_SCADA,119,0.005733833348930406
4,UPFC_Vse,5-15,0.060341497574501454,83,0.06021542330505817,MAP_SCADA,119,0.00012607426944328398
5,UPFC_tse,5-15,-2.1576262979870653,83,-2.149220411745121,MAP_SCADA,119,0.008405886241944494
0,x_tcsc,1-14,-0.11242372645679247,84,-0.13661769123123776,MAP_SCADA,119,0.024193964774445298
1,B_svc,2,0.181063038342786,84,0.2855746346746997,MAP_SCADA,119,0.10451159633191368
2,UPFC_Vsh,5-15,1.1081734188444792,84,1.1057641959097058,MAP_SCADA,119,0.002409222934773414
3,UPFC_tsh,5-15,-0.23205042242021406,84,-0.2281284311092331,MAP_SCADA,119,0.003921991310980977
4,UPFC_Vse,5-15,0.060297588621276065,84,0.06021542330505817,MAP_SCADA,119,8.216531621789425e-05
5,UPFC_tse,5-15,-2.1552974337286637,84,-2.149220411745121,MAP_SCADA,119,0.006077021983542874
0,x_tcsc,1-14,-0.11184343666634057,85,-0.13661769123123776,MAP_SCADA,119,0.024774254564897194
1,B_svc,2,0.18561959631485753,85,0.2855746346746997,MAP_SCADA,119,0.09995503835984215
2,UPFC_Vsh,5-15,1.1067012175816726,85,1.1057641959097058,MAP_SCADA,119,0.0009370216719668534
3,UPFC_tsh,5-15,-0.23200039920807386,85,-0.2281284311092331,MAP_SCADA,119,0.0038719680988407723
4,UPFC_Vse,5-15,0.060508485515277884,85,0.06021542330505817,MAP_SCADA,119,0.00029306221021971335
5,UPFC_tse,5-15,-2.156137188259973,85,-2.149220411745121,MAP_SCADA,119,0.006916776514852341
0,x_tcsc,1-14,-0.11364135301624523,86,-0.13661769123123776,MAP_SCADA,119,0.022976338214992537
1,B_svc,2,0.1821219783944858,86,0.2855746346746997,MAP_SCADA,119,0.10345265628021388
2,UPFC_Vsh,5-15,1.107820798130156,86,1.1057641959097058,MAP_SCADA,119,0.002056602220450232
3,UPFC_tsh,5-15,-0.2322128959487655,86,-0.2281284311092331,MAP_SCADA,119,0.004084464839532426
4,UPFC_Vse,5-15,0.060660300434416836,86,0.06021542330505817,MAP_SCADA,119,0.0004448771293586659
5,UPFC_tse,5-15,-2.1513489737161597,86,-2.149220411745121,MAP_SCADA,119,0.0021285619710389447
0,x_tcsc,1-14,-0.11243275414694069,87,-0.13661769123123776,MAP_SCADA,119,0.024184937084297073
1,B_svc,2,0.18119025313673967,87,0.2855746346746997,MAP_SCADA,119,0.10438438153796001
2,UPFC_Vsh,5-15,1.1088940270782162,87,1.1057641959097058,MAP_SCADA,119,0.0031298311685103997
3,UPFC_tsh,5-15,-0.2316124266592611,87,-0.2281284311092331,MAP_SCADA,119,0.003483995550028013
4,UPFC_Vse,5-15,0.060193264965839675,87,0.06021542330505817,MAP_SCADA,119,2.215833921849486e-05
5,UPFC_tse,5-15,-2.1547446105680494,87,-2.149220411745121,MAP_SCADA,119,0.00552419882292865
0,x_tcsc,1-14,-0.1117050885844963,88,-0.13661769123123776,MAP_SCADA,119,0.024912602646741458
1,B_svc,2,0.18225177768878625,88,0.2855746346746997,MAP_SCADA,119,0.10332285698591342
2,UPFC_Vsh,5-15,1.1091187232902788,88,1.1057641959097058,MAP_SCADA,119,0.003354527380573069
3,UPFC_tsh,5-15,-0.23202232715977783,88,-0.2281284311092331,MAP_SCADA,119,0.003893896050544743
4,UPFC_Vse,5-15,0.060376671714547456,88,0.06021542330505817,MAP_SCADA,119,0.00016124840948928548
5,UPFC_tse,5-15,-2.162073760045472,88,-2.149220411745121,MAP_SCADA,119,0.012853348300351009
0,x_tcsc,1-14,-0.11379815943239346,89,-0.13661769123123776,MAP_SCADA,119,0.0228195317988443
1,B_svc,2,0.1805462804774064,89,0.2855746346746997,MAP_SCADA,119,0.10502835419729328
2,UPFC_Vsh,5-15,1.1080653754934764,89,1.1057641959097058,MAP_SCADA,119,0.0023011795837706295
3,UPFC_tsh,5-15,-0.2315678341219605,89,-0.2281284311092331,MAP_SCADA,119,0.00343940301272741
4,UPFC_Vse,5-15,0.060031095941406064,89,0.06021542330505817,MAP_SCADA,119,0.00018432736365210645
5,UPFC_tse,5-15,-2.159275756025949,89,-2.149220411745121,MAP_SCADA,119,0.010055344280828216
0,x_tcsc,1-14,-0.11269324663045342,90,-0.13661769123123776,MAP_SCADA,119,0.023924444600784342
1,B_svc,2,0.1821197549092243,90,0.2855746346746997,MAP_SCADA,119,0.10345487976547538
2,UPFC_Vsh,5-15,1.1062962965124052,90,1.1057641959097058,MAP_SCADA,119,0.0005321006026994812
3,UPFC_tsh,5-15,-0.23417220359261745,90,-0.2281284311092331,MAP_SCADA,119,0.006043772483384363
4,UPFC_Vse,5-15,0.060051107680717156,90,0.06021542330505817,MAP_SCADA,119,0.0001643156243410146
5,UPFC_tse,5-15,-2.157194858291217,90,-2.149220411745121,MAP_SCADA,119,0.007974446546096026
0,x_tcsc,1-14,-0.11164315453934559,91,-0.13661769123123776,MAP_SCADA,119,0.024974536691892174
1,B_svc,2,0.18654973269484112,91,0.2855746346746997,MAP_SCADA,119,0.09902490197985855
2,UPFC_Vsh,5-15,1.1068988496328513,91,1.1057641959097058,MAP_SCADA,119,0.0011346537231455844
3,UPFC_tsh,5-15,-0.23361650316009025,91,-0.2281284311092331,MAP_SCADA,119,0.005488072050857162
4,UPFC_Vse,5-15,0.060603644534026314,91,0.06021542330505817,MAP_SCADA,119,0.00038822122896814415
5,UPFC_tse,5-15,-2.1555270160668036,91,-2.149220411745121,MAP_SCADA,119,0.0063066043216828405
0,x_tcsc,1-14,-0.11320362379910998,92,-0.13661769123123776,MAP_SCADA,119,0.02341406743212779
1,B_svc,2,0.1817882088694763,92,0.2855746346746997,MAP_SCADA,119,0.10378642580522338
2,UPFC_Vsh,5-15,1.1076439408886294,92,1.1057641959097058,MAP_SCADA,119,0.0018797449789236254
3,UPFC_tsh,5-15,-0.23202215347050792,92,-0.2281284311092331,MAP_SCADA,119,0.0038937223612748317
4,UPFC_Vse,5-15,0.06037604036313058,92,0.06021542330505817,MAP_SCADA,119,0.00016061705807240978
5,UPFC_tse,5-15,-2.158383119696829,92,-2.149220411745121,MAP_SCADA,119,0.00916270795170826
0,x_tcsc,1-14,-0.10898873491513596,93,-0.13661769123123776,MAP_SCADA,119,0.027628956316101808
1,B_svc,2,0.19068847968051864,93,0.2855746346746997,MAP_SCADA,119,0.09488615499418104
2,UPFC_Vsh,5-15,1.1066670030248402,93,1.1057641959097058,MAP_SCADA,119,0.000902807115134463
3,UPFC_tsh,5-15,-0.23438533687847693,93,-0.2281284311092331,MAP_SCADA,119,0.006256905769243842
4,UPFC_Vse,5-15,0.06075473700274517,93,0.06021542330505817,MAP_SCADA,119,0.000539313697686998
5,UPFC_tse,5-15,-2.1592122319698612,93,-2.149220411745121,MAP_SCADA,119,0.009991820224740433
0,x_tcsc,1-14,-0.11178711151202753,94,-0.13661769123123776,MAP_SCADA,119,0.02483057971921024
1,B_svc,2,0.1862241898982063,94,0.2855746346746997,MAP_SCADA,119,0.09935044477649338
2,UPFC_Vsh,5-15,1.1073746068132924,94,1.1057641959097058,MAP_SCADA,119,0.001610410903586601
3,UPFC_tsh,5-15,-0.23271118962076062,94,-0.2281284311092331,MAP_SCADA,119,0.004582758511527535
4,UPFC_Vse,5-15,0.05974367351699315,94,0.06021542330505817,MAP_SCADA,119,0.00047174978806502343
5,UPFC_tse,5-15,-2.1591837303616974,94,-2.149220411745121,MAP_SCADA,119,0.009963318616576622
0,x_tcsc,1-14,-0.11281811211419954,95,-0.13661769123123776,MAP_SCADA,119,0.023799579117038228
1,B_svc,2,0.1798423535605849,95,0.2855746346746997,MAP_SCADA,119,0.10573228111411478
2,UPFC_Vsh,5-15,1.1107640975000732,95,1.1057641959097058,MAP_SCADA,119,0.00499990159036745
3,UPFC_tsh,5-15,-0.23130359362426886,95,-0.2281284311092331,MAP_SCADA,119,0.003175162515035773
4,UPFC_Vse,5-15,0.060407635714608096,95,0.06021542330505817,MAP_SCADA,119,0.00019221240954992586
5,UPFC_tse,5-15,-2.15105994964005,95,-2.149220411745121,MAP_SCADA,119,0.0018395378949294106
0,x_tcsc,1-14,-0.11195570137059803,96,-0.13661769123123776,MAP_SCADA,119,0.024661989860639735
1,B_svc,2,0.18764742666765016,96,0.2855746346746997,MAP_SCADA,119,0.09792720800704952
2,UPFC_Vsh,5-15,1.109255661757014,96,1.1057641959097058,MAP_SCADA,119,0.003491465847308195
3,UPFC_tsh,5-15,-0.23200538249675867,96,-0.2281284311092331,MAP_SCADA,119,0.0038769513875255845
4,UPFC_Vse,5-15,0.06062835131201776,96,0.06021542330505817,MAP_SCADA,119,0.00041292800695959253
5,UPFC_tse,5-15,-2.1573787027016547,96,-2.149220411745121,MAP_SCADA,119,0.008158290956533865
0,x_tcsc,1-14,-0.11174140659467031,97,-0.13661769123123776,MAP_SCADA,119,0.02487628463656745
1,B_svc,2,0.18426488750022654,97,0.2855746346746997,MAP_SCADA,119,0.10130974717447314
2,UPFC_Vsh,5-15,1.108756821574409,97,1.1057641959097058,MAP_SCADA,119,0.0029926256647032634
3,UPFC_tsh,5-15,-0.23306784874770028,97,-0.2281284311092331,MAP_SCADA,119,0.004939417638467197
4,UPFC_Vse,5-15,0.059787575256518455,97,0.06021542330505817,MAP_SCADA,119,0.0004278480485397154
5,UPFC_tse,5-15,-2.1580555421623253,97,-2.149220411745121,MAP_SCADA,119,0.008835130417204518
0,x_tcsc,1-14,-0.11246565688486991,98,-0.13661769123123776,MAP_SCADA,119,0.024152034346367854
1,B_svc,2,0.18285318023999722,98,0.2855746346746997,MAP_SCADA,119,0.10272145443470246
2,UPFC_Vsh,5-15,1.109484306840395,98,1.1057641959097058,MAP_SCADA,119,0.0037201109306892466
3,UPFC_tsh,5-15,-0.23208286556886998,98,-0.2281284311092331,MAP_SCADA,119,0.003954434459636891
4,UPFC_Vse,5-15,0.0605315567883521,98,0.06021542330505817,MAP_SCADA,119,0.0003161334832939289
5,UPFC_tse,5-15,-2.1553071214667407,98,-2.149220411745121,MAP_SCADA,119,0.006086709721619954
0,x_tcsc,1-14,-0.1137018084065269,99,-0.13661769123123776,MAP_SCADA,119,0.022915882824710868
1,B_svc,2,0.17857495229728937,99,0.2855746346746997,MAP_SCADA,119,0.10699968237741031
2,UPFC_Vsh,5-15,1.1088238971653452,99,1.1057641959097058,MAP_SCADA,119,0.00305970125563948
3,UPFC_tsh,5-15,-0.23186387590410268,99,-0.2281284311092331,MAP_SCADA,119,0.0037354447948695912
4,UPFC_Vse,5-15,0.06031676127760777,99,0.06021542330505817,MAP_SCADA,119,0.00010133797254959637
5,UPFC_tse,5-15,-2.153187140622384,99,-2.149220411745121,MAP_SCADA,119,0.003966728877263126
0,x_tcsc,1-14,-0.13900849846393998,0,-0.1391387913849911,MAP_SCADA,121,0.00013029292105112833
1,B_svc,2,0.29650527170746127,0,0.29799942444278277,MAP_SCADA,121,0.0014941527353214967
2,UPFC_Vsh,5-15,1.106444059367828,0,1.1049850763007163,MAP_SCADA,121,0.0014589830671116744
3,UPFC_tsh,5-15,-0.2245452545715806,0,-0.22595170388525204,MAP_SCADA,121,0.001406449313671454
4,UPFC_Vse,5-15,0.06001100676389736,0,0.06005755428714987,MAP_SCADA,121,4.654752325251171e-05
5,UPFC_tse,5-15,-2.145119974529498,0,-2.1404590999321895,MAP_SCADA,121,0.004660874597308684
0,x_tcsc,1-14,-0.1396136637504605,1,-0.1391387913849911,MAP_SCADA,121,0.00047487236546939204
1,B_svc,2,0.2995471824231543,1,0.29799942444278277,MAP_SCADA,121,0.0015477579803715447
2,UPFC_Vsh,5-15,1.1028977000837634,1,1.1049850763007163,MAP_SCADA,121,0.0020873762169528742
3,UPFC_tsh,5-15,-0.2262309272513375,1,-0.22595170388525204,MAP_SCADA,121,0.0002792233660854626
4,UPFC_Vse,5-15,0.05984995870332151,1,0.06005755428714987,MAP_SCADA,121,0.00020759558382836552
5,UPFC_tse,5-15,-2.1443611494327808,1,-2.1404590999321895,MAP_SCADA,121,0.0039020495005912537
0,x_tcsc,1-14,-0.13936421795883266,2,-0.1391387913849911,MAP_SCADA,121,0.0002254265738415584
1,B_svc,2,0.29683653973325336,2,0.29799942444278277,MAP_SCADA,121,0.0011628847095294104
2,UPFC_Vsh,5-15,1.1033419492207521,2,1.1049850763007163,MAP_SCADA,121,0.0016431270799641684
3,UPFC_tsh,5-15,-0.22632827632391825,2,-0.22595170388525204,MAP_SCADA,121,0.00037657243866620616
4,UPFC_Vse,5-15,0.06073139686472676,2,0.06005755428714987,MAP_SCADA,121,0.00067384257757689
5,UPFC_tse,5-15,-2.149609244944893,2,-2.1404590999321895,MAP_SCADA,121,0.009150145012703614
0,x_tcsc,1-14,-0.13778624594440056,3,-0.1391387913849911,MAP_SCADA,121,0.0013525454405905468
1,B_svc,2,0.30021723183472937,3,0.29799942444278277,MAP_SCADA,121,0.0022178073919466024
2,UPFC_Vsh,5-15,1.10401400666262,3,1.1049850763007163,MAP_SCADA,121,0.0009710696380962336
3,UPFC_tsh,5-15,-0.22767381252310107,3,-0.22595170388525204,MAP_SCADA,121,0.0017221086378490236
4,UPFC_Vse,5-15,0.060583952678000985,3,0.06005755428714987,MAP_SCADA,121,0.0005263983908511127
5,UPFC_tse,5-15,-2.1492311117466207,3,-2.1404590999321895,MAP_SCADA,121,0.008772011814431213
0,x_tcsc,1-14,-0.13985462128825538,4,-0.1391387913849911,MAP_SCADA,121,0.0007158299032642701
1,B_svc,2,0.296188187833812,4,0.29799942444278277,MAP_SCADA,121,0.0018112366089707566
2,UPFC_Vsh,5-15,1.1026767779516253,4,1.1049850763007163,MAP_SCADA,121,0.0023082983490909648
3,UPFC_tsh,5-15,-0.22641506895827404,4,-0.22595170388525204,MAP_SCADA,121,0.0004633650730219985
4,UPFC_Vse,5-15,0.06010991456421456,4,0.06005755428714987,MAP_SCADA,121,5.236027706468499e-05
5,UPFC_tse,5-15,-2.149924163840019,4,-2.1404590999321895,MAP_SCADA,121,0.009465063907829308
0,x_tcsc,1-14,-0.13746500879930573,5,-0.1391387913849911,MAP_SCADA,121,0.0016737825856853739
1,B_svc,2,0.3034607542918911,5,0.29799942444278277,MAP_SCADA,121,0.005461329849108354
2,UPFC_Vsh,5-15,1.1006785286143699,5,1.1049850763007163,MAP_SCADA,121,0.004306547686346418
3,UPFC_tsh,5-15,-0.2273157736710889,5,-0.22595170388525204,MAP_SCADA,121,0.0013640697858368633
4,UPFC_Vse,5-15,0.06056989728741583,5,0.06005755428714987,MAP_SCADA,121,0.0005123430002659593
5,UPFC_tse,5-15,-2.1453666812389707,5,-2.1404590999321895,MAP_SCADA,121,0.00490758130678115
0,x_tcsc,1-14,-0.13955901033275867,6,-0.1391387913849911,MAP_SCADA,121,0.00042021894776755886
1,B_svc,2,0.29902140685599293,6,0.29799942444278277,MAP_SCADA,121,0.0010219824132101651
2,UPFC_Vsh,5-15,1.1051095689335,6,1.1049850763007163,MAP_SCADA,121,0.00012449263278369038
3,UPFC_tsh,5-15,-0.22587728813114563,6,-0.22595170388525204,MAP_SCADA,121,7.441575410641055e-05
4,UPFC_Vse,5-15,0.06015700877506486,6,0.06005755428714987,MAP_SCADA,121,9.945448791498501e-05
5,UPFC_tse,5-15,-2.1523236559127263,6,-2.1404590999321895,MAP_SCADA,121,0.011864555980536817
0,x_tcsc,1-14,-0.13802243210717918,7,-0.1391387913849911,MAP_SCADA,121,0.0011163592778119236
1,B_svc,2,0.2995903326742413,7,0.29799942444278277,MAP_SCADA,121,0.001590908231458521
2,UPFC_Vsh,5-15,1.1043946694822493,7,1.1049850763007163,MAP_SCADA,121,0.0005904068184670042
3,UPFC_tsh,5-15,-0.22658864844167736,7,-0.22595170388525204,MAP_SCADA,121,0.0006369445564253229
4,UPFC_Vse,5-15,0.05985353630766828,7,0.06005755428714987,MAP_SCADA,121,0.00020401797948159384
5,UPFC_tse,5-15,-2.154106660539906,7,-2.1404590999321895,MAP_SCADA,121,0.013647560607716436
0,x_tcsc,1-14,-0.13776651479993207,8,-0.1391387913849911,MAP_SCADA,121,0.0013722765850590346
1,B_svc,2,0.3034020605098786,8,0.29799942444278277,MAP_SCADA,121,0.005402636067095845
2,UPFC_Vsh,5-15,1.1038155449859017,8,1.1049850763007163,MAP_SCADA,121,0.0011695313148145647
3,UPFC_tsh,5-15,-0.22729311200001734,8,-0.22595170388525204,MAP_SCADA,121,0.0013414081147652968
4,UPFC_Vse,5-15,0.06036461132298206,8,0.06005755428714987,MAP_SCADA,121,0.00030705703583219085
5,UPFC_tse,5-15,-2.1549856065944772,8,-2.1404590999321895,MAP_SCADA,121,0.01452650666228772
0,x_tcsc,1-14,-0.13859247186509066,9,-0.1391387913849911,MAP_SCADA,121,0.0005463195199004456
1,B_svc,2,0.29578539085512373,9,0.29799942444278277,MAP_SCADA,121,0.0022140335876590367
2,UPFC_Vsh,5-15,1.104393061880654,9,1.1049850763007163,MAP_SCADA,121,0.0005920144200624033
3,UPFC_tsh,5-15,-0.2264243969300444,9,-0.22595170388525204,MAP_SCADA,121,0.0004726930447923605
4,UPFC_Vse,5-15,0.060495454335872195,9,0.06005755428714987,MAP_SCADA,121,0.0004379000487223228
5,UPFC_tse,5-15,-2.1472225881378324,9,-2.1404590999321895,MAP_SCADA,121,0.006763488205642876
0,x_tcsc,1-14,-0.14084676336732707,10,-0.1391387913849911,MAP_SCADA,121,0.0017079719823359651
1,B_svc,2,0.2932031951219014,10,0.29799942444278277,MAP_SCADA,121,0.004796229320881362
2,UPFC_Vsh,5-15,1.1049799922854475,10,1.1049850763007163,MAP_SCADA,121,5.0840152687747775e-06
3,UPFC_tsh,5-15,-0.22493217726351936,10,-0.22595170388525204,MAP_SCADA,121,0.001019526621732686
4,UPFC_Vse,5-15,0.060052763771416585,10,0.06005755428714987,MAP_SCADA,121,4.790515733286982e-06
5,UPFC_tse,5-15,-2.148328019767737,10,-2.1404590999321895,MAP_SCADA,121,0.007868919835547494
0,x_tcsc,1-14,-0.13935090874779182,11,-0.1391387913849911,MAP_SCADA,121,0.0002121173628007178
1,B_svc,2,0.3000827842332406,11,0.29799942444278277,MAP_SCADA,121,0.002083359790457817
2,UPFC_Vsh,5-15,1.104322749806619,11,1.1049850763007163,MAP_SCADA,121,0.000662326494097254
3,UPFC_tsh,5-15,-0.22644285374367815,11,-0.22595170388525204,MAP_SCADA,121,0.0004911498584261043
4,UPFC_Vse,5-15,0.06061384937727731,11,0.06005755428714987,MAP_SCADA,121,0.0005562950901274386
5,UPFC_tse,5-15,-2.1500395355490904,11,-2.1404590999321895,MAP_SCADA,121,0.009580435616900917
0,x_tcsc,1-14,-0.13886661964430397,12,-0.1391387913849911,MAP_SCADA,121,0.00027217174068713823
1,B_svc,2,0.30316520299571653,12,0.29799942444278277,MAP_SCADA,121,0.005165778552933764
2,UPFC_Vsh,5-15,1.1014851436299993,12,1.1049850763007163,MAP_SCADA,121,0.003499932670717021
3,UPFC_tsh,5-15,-0.2265947577998115,12,-0.22595170388525204,MAP_SCADA,121,0.0006430539145594605
4,UPFC_Vse,5-15,0.05951054582410368,12,0.06005755428714987,MAP_SCADA,121,0.0005470084630461933
5,UPFC_tse,5-15,-2.1481486842702813,12,-2.1404590999321895,MAP_SCADA,121,0.007689584338091748
0,x_tcsc,1-14,-0.13751298016279592,13,-0.1391387913849911,MAP_SCADA,121,0.0016258112221951837
1,B_svc,2,0.30138813066979114,13,0.29799942444278277,MAP_SCADA,121,0.0033887062270083756
2,UPFC_Vsh,5-15,1.1048805629058702,13,1.1049850763007163,MAP_SCADA,121,0.00010451339484607303
3,UPFC_tsh,5-15,-0.22692624201313333,13,-0.22595170388525204,MAP_SCADA,121,0.0009745381278812859
4,UPFC_Vse,5-15,0.05976662311998865,13,0.06005755428714987,MAP_SCADA,121,0.0002909311671612236
5,UPFC_tse,5-15,-2.1511226488263433,13,-2.1404590999321895,MAP_SCADA,121,0.010663548894153774
0,x_tcsc,1-14,-0.1387119073551927,14,-0.1391387913849911,MAP_SCADA,121,0.00042688402979840223
1,B_svc,2,0.2991060203265386,14,0.29799942444278277,MAP_SCADA,121,0.0011065958837558343
2,UPFC_Vsh,5-15,1.1043098255803496,14,1.1049850763007163,MAP_SCADA,121,0.0006752507203666713
3,UPFC_tsh,5-15,-0.22659362725435733,14,-0.22595170388525204,MAP_SCADA,121,0.0006419233691052906
4,UPFC_Vse,5-15,0.05993925440151864,14,0.06005755428714987,MAP_SCADA,121,0.00011829988563123034
5,UPFC_tse,5-15,-2.147403003091212,14,-2.1404590999321895,MAP_SCADA,121,0.00694390315902238
0,x_tcsc,1-14,-0.1401347877250689,15,-0.1391387913849911,MAP_SCADA,121,0.0009959963400777982
1,B_svc,2,0.29719327447259053,15,0.29799942444278277,MAP_SCADA,121,0.0008061499701922381
2,UPFC_Vsh,5-15,1.10514278782043,15,1.1049850763007163,MAP_SCADA,121,0.00015771151971377684
3,UPFC_tsh,5-15,-0.22475059684335258,15,-0.22595170388525204,MAP_SCADA,121,0.001201107041899463
4,UPFC_Vse,5-15,0.05974653222629669,15,0.06005755428714987,MAP_SCADA,121,0.0003110220608531847
5,UPFC_tse,5-15,-2.1454506699074596,15,-2.1404590999321895,MAP_SCADA,121,0.00499156997527006
0,x_tcsc,1-14,-0.13657497542089506,16,-0.1391387913849911,MAP_SCADA,121,0.00256381596409605
1,B_svc,2,0.3050354964593784,16,0.29799942444278277,MAP_SCADA,121,0.007036072016595618
2,UPFC_Vsh,5-15,1.1042529235454521,16,1.1049850763007163,MAP_SCADA,121,0.0007321527552641705
3,UPFC_tsh,5-15,-0.2272530051578728,16,-0.22595170388525204,MAP_SCADA,121,0.001301301272620764
4,UPFC_Vse,5-15,0.05994727137748766,16,0.06005755428714987,MAP_SCADA,121,0.00011028290966220988
5,UPFC_tse,5-15,-2.1525110522626387,16,-2.1404590999321895,MAP_SCADA,121,0.0120519523304492
0,x_tcsc,1-14,-0.14031858933454772,17,-0.1391387913849911,MAP_SCADA,121,0.0011797979495566102
1,B_svc,2,0.29837338229458993,17,0.29799942444278277,MAP_SCADA,121,0.0003739578518071607
2,UPFC_Vsh,5-15,1.1048099590733964,17,1.1049850763007163,MAP_SCADA,121,0.00017511722731988755
3,UPFC_tsh,5-15,-0.2258268842497113,17,-0.22595170388525204,MAP_SCADA,121,0.0001248196355407294
4,UPFC_Vse,5-15,0.060018761302233874,17,0.06005755428714987,MAP_SCADA,121,3.879298491599875e-05
5,UPFC_tse,5-15,-2.1445126629522857,17,-2.1404590999321895,MAP_SCADA,121,0.004053563020096185
0,x_tcsc,1-14,-0.13862398376095758,18,-0.1391387913849911,MAP_SCADA,121,0.0005148076240335253
1,B_svc,2,0.30051063411948875,18,0.29799942444278277,MAP_SCADA,121,0.0025112096767059833
2,UPFC_Vsh,5-15,1.1036263093848822,18,1.1049850763007163,MAP_SCADA,121,0.001358766915834142
3,UPFC_tsh,5-15,-0.22631897737870346,18,-0.22595170388525204,MAP_SCADA,121,0.0003672734934514199
4,UPFC_Vse,5-15,0.06059917772140851,18,0.06005755428714987,MAP_SCADA,121,0.000541623434258641
5,UPFC_tse,5-15,-2.1481598405459894,18,-2.1404590999321895,MAP_SCADA,121,0.0077007406137998835
0,x_tcsc,1-14,-0.13997150805289785,19,-0.1391387913849911,MAP_SCADA,121,0.000832716667906741
1,B_svc,2,0.2975385393396756,19,0.29799942444278277,MAP_SCADA,121,0.0004608851031071559
2,UPFC_Vsh,5-15,1.102397254952331,19,1.1049850763007163,MAP_SCADA,121,0.0025878213483851997
3,UPFC_tsh,5-15,-0.22583042910126308,19,-0.22595170388525204,MAP_SCADA,121,0.00012127478398896163
4,UPFC_Vse,5-15,0.06029962107356366,19,0.06005755428714987,MAP_SCADA,121,0.00024206678641378737
5,UPFC_tse,5-15,-2.1511675257445853,19,-2.1404590999321895,MAP_SCADA,121,0.010708425812395728
0,x_tcsc,1-14,-0.13996105232389777,20,-0.1391387913849911,MAP_SCADA,121,0.000822260938906666
1,B_svc,2,0.2921272452893663,20,0.29799942444278277,MAP_SCADA,121,0.005872179153416479
2,UPFC_Vsh,5-15,1.1059558536829384,20,1.1049850763007163,MAP_SCADA,121,0.0009707773822220656
3,UPFC_tsh,5-15,-0.22446458794532617,20,-0.22595170388525204,MAP_SCADA,121,0.0014871159399258704
4,UPFC_Vse,5-15,0.05986600732266241,20,0.06005755428714987,MAP_SCADA,121,0.0001915469644874629
5,UPFC_tse,5-15,-2.1451598095664512,20,-2.1404590999321895,MAP_SCADA,121,0.004700709634261724
0,x_tcsc,1-14,-0.13822667342328782,21,-0.1391387913849911,MAP_SCADA,121,0.0009121179617032904
1,B_svc,2,0.2972723864116842,21,0.29799942444278277,MAP_SCADA,121,0.0007270380310985813
2,UPFC_Vsh,5-15,1.1041169664709394,21,1.1049850763007163,MAP_SCADA,121,0.0008681098297769196
3,UPFC_tsh,5-15,-0.22696494078320859,21,-0.22595170388525204,MAP_SCADA,121,0.0010132368979565431
4,UPFC_Vse,5-15,0.06022746905635116,21,0.06005755428714987,MAP_SCADA,121,0.00016991476920128618
5,UPFC_tse,5-15,-2.152488046930867,21,-2.1404590999321895,MAP_SCADA,121,0.012028946998677625
0,x_tcsc,1-14,-0.1385780621689011,22,-0.1391387913849911,MAP_SCADA,121,0.0005607292160900168
1,B_svc,2,0.295866779953715,22,0.29799942444278277,MAP_SCADA,121,0.0021326444890677476
2,UPFC_Vsh,5-15,1.1060783732776556,22,1.1049850763007163,MAP_SCADA,121,0.001093296976939273
3,UPFC_tsh,5-15,-0.22534572355539284,22,-0.22595170388525204,MAP_SCADA,121,0.0006059803298592015
4,UPFC_Vse,5-15,0.059450675865346955,22,0.06005755428714987,MAP_SCADA,121,0.0006068784218029172
5,UPFC_tse,5-15,-2.1468013562424364,22,-2.1404590999321895,MAP_SCADA,121,0.006342256310246874
0,x_tcsc,1-14,-0.1402901868998003,23,-0.1391387913849911,MAP_SCADA,121,0.0011513955148091948
1,B_svc,2,0.28873643190744297,23,0.29799942444278277,MAP_SCADA,121,0.009262992535339798
2,UPFC_Vsh,5-15,1.104882461923429,23,1.1049850763007163,MAP_SCADA,121,0.00010261437728731337
3,UPFC_tsh,5-15,-0.2252051158164447,23,-0.22595170388525204,MAP_SCADA,121,0.0007465880688073412
4,UPFC_Vse,5-15,0.0602245918602625,23,0.06005755428714987,MAP_SCADA,121,0.00016703757311262862
5,UPFC_tse,5-15,-2.143819747526403,23,-2.1404590999321895,MAP_SCADA,121,0.003360647594213617
0,x_tcsc,1-14,-0.1392743045440156,24,-0.1391387913849911,MAP_SCADA,121,0.0001355131590244918
1,B_svc,2,0.29738585302713844,24,0.29799942444278277,MAP_SCADA,121,0.0006135714156443317
2,UPFC_Vsh,5-15,1.1045794019361654,24,1.1049850763007163,MAP_SCADA,121,0.0004056743645508565
3,UPFC_tsh,5-15,-0.22649652881257448,24,-0.22595170388525204,MAP_SCADA,121,0.0005448249273224404
4,UPFC_Vse,5-15,0.060071837795885465,24,0.06005755428714987,MAP_SCADA,121,1.4283508735592199e-05
5,UPFC_tse,5-15,-2.1422016412545237,24,-2.1404590999321895,MAP_SCADA,121,0.0017425413223342012
0,x_tcsc,1-14,-0.1377908231437233,25,-0.1391387913849911,MAP_SCADA,121,0.0013479682412678162
1,B_svc,2,0.3061252413607257,25,0.29799942444278277,MAP_SCADA,121,0.008125816917942952
2,UPFC_Vsh,5-15,1.1034073057683083,25,1.1049850763007163,MAP_SCADA,121,0.0015777705324080404
3,UPFC_tsh,5-15,-0.22768260667530446,25,-0.22595170388525204,MAP_SCADA,121,0.0017309027900524188
4,UPFC_Vse,5-15,0.06020619773713513,25,0.06005755428714987,MAP_SCADA,121,0.0001486434499852543
5,UPFC_tse,5-15,-2.150180709765505,25,-2.1404590999321895,MAP_SCADA,121,0.00972160983331527
0,x_tcsc,1-14,-0.1385486551204919,26,-0.1391387913849911,MAP_SCADA,121,0.0005901362644992192
1,B_svc,2,0.300807778883365,26,0.29799942444278277,MAP_SCADA,121,0.0028083544405822503
2,UPFC_Vsh,5-15,1.1039094048672455,26,1.1049850763007163,MAP_SCADA,121,0.0010756714334707596
3,UPFC_tsh,5-15,-0.2259080636694409,26,-0.22595170388525204,MAP_SCADA,121,4.364021581113042e-05
4,UPFC_Vse,5-15,0.0608357430479533,26,0.06005755428714987,MAP_SCADA,121,0.0007781887608034263
5,UPFC_tse,5-15,-2.1503445282371287,26,-2.1404590999321895,MAP_SCADA,121,0.009885428304939214
0,x_tcsc,1-14,-0.13881034278722607,27,-0.1391387913849911,MAP_SCADA,121,0.00032844859776504087
1,B_svc,2,0.2914728599813028,27,0.29799942444278277,MAP_SCADA,121,0.006526564461479978
2,UPFC_Vsh,5-15,1.104849217491168,27,1.1049850763007163,MAP_SCADA,121,0.0001358588095483615
3,UPFC_tsh,5-15,-0.225308752946577,27,-0.22595170388525204,MAP_SCADA,121,0.0006429509386750298
4,UPFC_Vse,5-15,0.06004084817340249,27,0.06005755428714987,MAP_SCADA,121,1.6706113747384788e-05
5,UPFC_tse,5-15,-2.148496938186742,27,-2.1404590999321895,MAP_SCADA,121,0.008037838254552288
0,x_tcsc,1-14,-0.13913273389529263,28,-0.1391387913849911,MAP_SCADA,121,6.0574896984799675e-06
1,B_svc,2,0.296591253501489,28,0.29799942444278277,MAP_SCADA,121,0.0014081709412937515
2,UPFC_Vsh,5-15,1.106067300145302,28,1.1049850763007163,MAP_SCADA,121,0.0010822238445857835
3,UPFC_tsh,5-15,-0.2247781884335331,28,-0.22595170388525204,MAP_SCADA,121,0.0011735154517189539
4,UPFC_Vse,5-15,0.060115046821960276,28,0.06005755428714987,MAP_SCADA,121,5.749253481040356e-05
5,UPFC_tse,5-15,-2.143399854831133,28,-2.1404590999321895,MAP_SCADA,121,0.0029407548989435206
0,x_tcsc,1-14,-0.13888452296679737,29,-0.1391387913849911,MAP_SCADA,121,0.0002542684181937316
1,B_svc,2,0.2992698066686642,29,0.29799942444278277,MAP_SCADA,121,0.001270382225881439
2,UPFC_Vsh,5-15,1.10514048130782,29,1.1049850763007163,MAP_SCADA,121,0.00015540500710375937
3,UPFC_tsh,5-15,-0.22565557417003165,29,-0.22595170388525204,MAP_SCADA,121,0.000296129715220389
4,UPFC_Vse,5-15,0.05959903426723671,29,0.06005755428714987,MAP_SCADA,121,0.0004585200199131653
5,UPFC_tse,5-15,-2.1487909286896563,29,-2.1404590999321895,MAP_SCADA,121,0.008331828757466742
0,x_tcsc,1-14,-0.13966994289115525,30,-0.1391387913849911,MAP_SCADA,121,0.0005311515061641459
1,B_svc,2,0.29765113418232697,30,0.29799942444278277,MAP_SCADA,121,0.0003482902604557969
2,UPFC_Vsh,5-15,1.1025388252883417,30,1.1049850763007163,MAP_SCADA,121,0.0024462510123746117
3,UPFC_tsh,5-15,-0.22632311264655752,30,-0.22595170388525204,MAP_SCADA,121,0.0003714087613054806
4,UPFC_Vse,5-15,0.060273030760081885,30,0.06005755428714987,MAP_SCADA,121,0.00021547647293201216
5,UPFC_tse,5-15,-2.1470760271765768,30,-2.1404590999321895,MAP_SCADA,121,0.006616927244387227
0,x_tcsc,1-14,-0.1396459351331978,31,-0.1391387913849911,MAP_SCADA,121,0.0005071437482067065
1,B_svc,2,0.29859178983973,31,0.29799942444278277,MAP_SCADA,121,0.0005923653969472364
2,UPFC_Vsh,5-15,1.103772856341603,31,1.1049850763007163,MAP_SCADA,121,0.0012122199591133587
3,UPFC_tsh,5-15,-0.22586435764479773,31,-0.22595170388525204,MAP_SCADA,121,8.734624045431127e-05
4,UPFC_Vse,5-15,0.060196723858506794,31,0.06005755428714987,MAP_SCADA,121,0.0001391695713569216
5,UPFC_tse,5-15,-2.149224612485506,31,-2.1404590999321895,MAP_SCADA,121,0.00876551255331659
0,x_tcsc,1-14,-0.13746908066422436,32,-0.1391387913849911,MAP_SCADA,121,0.0016697107207667428
1,B_svc,2,0.3038280239187001,32,0.29799942444278277,MAP_SCADA,121,0.005828599475917351
2,UPFC_Vsh,5-15,1.103889255951134,32,1.1049850763007163,MAP_SCADA,121,0.0010958203495823327
3,UPFC_tsh,5-15,-0.22775698399944186,32,-0.22595170388525204,MAP_SCADA,121,0.0018052801141898167
4,UPFC_Vse,5-15,0.06038293076645081,32,0.06005755428714987,MAP_SCADA,121,0.0003253764793009345
5,UPFC_tse,5-15,-2.1500529755168016,32,-2.1404590999321895,MAP_SCADA,121,0.00959387558461211
0,x_tcsc,1-14,-0.1407724381384244,33,-0.1391387913849911,MAP_SCADA,121,0.0016336467534333043
1,B_svc,2,0.29109702121632824,33,0.29799942444278277,MAP_SCADA,121,0.006902403226454523
2,UPFC_Vsh,5-15,1.1061593864183283,33,1.1049850763007163,MAP_SCADA,121,0.001174310117612043
3,UPFC_tsh,5-15,-0.22444767867505602,33,-0.22595170388525204,MAP_SCADA,121,0.0015040252101960194
4,UPFC_Vse,5-15,0.05977371883798552,33,0.06005755428714987,MAP_SCADA,121,0.00028383544916435466
5,UPFC_tse,5-15,-2.14828422550704,33,-2.1404590999321895,MAP_SCADA,121,0.007825125574850489
0,x_tcsc,1-14,-0.1396247852341707,34,-0.1391387913849911,MAP_SCADA,121,0.00048599384917960564
1,B_svc,2,0.29625064662459444,34,0.29799942444278277,MAP_SCADA,121,0.0017487778181883296
2,UPFC_Vsh,5-15,1.104409373734565,34,1.1049850763007163,MAP_SCADA,121,0.0005757025661512483
3,UPFC_tsh,5-15,-0.2260998187080884,34,-0.22595170388525204,MAP_SCADA,121,0.00014811482283635935
4,UPFC_Vse,5-15,0.060423493335265026,34,0.06005755428714987,MAP_SCADA,121,0.0003659390481151534
5,UPFC_tse,5-15,-2.148531035273312,34,-2.1404590999321895,MAP_SCADA,121,0.008071935341122494
0,x_tcsc,1-14,-0.13747071296096938,35,-0.1391387913849911,MAP_SCADA,121,0.001668078424021724
1,B_svc,2,0.2970031945926777,35,0.29799942444278277,MAP_SCADA,121,0.000996229850105057
2,UPFC_Vsh,5-15,1.1043141540277561,35,1.1049850763007163,MAP_SCADA,121,0.0006709222729601727
3,UPFC_tsh,5-15,-0.22689694102156815,35,-0.22595170388525204,MAP_SCADA,121,0.0009452371363161127
4,UPFC_Vse,5-15,0.06012317071876644,35,0.06005755428714987,MAP_SCADA,121,6.561643161656638e-05
5,UPFC_tse,5-15,-2.149481545118172,35,-2.1404590999321895,MAP_SCADA,121,0.009022445185982608
0,x_tcsc,1-14,-0.14022767642520453,36,-0.1391387913849911,MAP_SCADA,121,0.0010888850402134276
1,B_svc,2,0.2945503832650932,36,0.29799942444278277,MAP_SCADA,121,0.0034490411776895713
2,UPFC_Vsh,5-15,1.1042972523376584,36,1.1049850763007163,MAP_SCADA,121,0.0006878239630578875
3,UPFC_tsh,5-15,-0.22502397668760352,36,-0.22595170388525204,MAP_SCADA,121,0.0009277271976485257
4,UPFC_Vse,5-15,0.05990084617611401,36,0.06005755428714987,MAP_SCADA,121,0.00015670811103585952
5,UPFC_tse,5-15,-2.145775581524078,36,-2.1404590999321895,MAP_SCADA,121,0.005316481591888689
0,x_tcsc,1-14,-0.13930864788106107,37,-0.1391387913849911,MAP_SCADA,121,0.0001698564960699589
1,B_svc,2,0.2985366169832528,37,0.29799942444278277,MAP_SCADA,121,0.0005371925404700217
2,UPFC_Vsh,5-15,1.1055109564919188,37,1.1049850763007163,MAP_SCADA,121,0.0005258801912024769
3,UPFC_tsh,5-15,-0.22576395725073525,37,-0.22595170388525204,MAP_SCADA,121,0.00018774663451678886
4,UPFC_Vse,5-15,0.05957450635499889,37,0.06005755428714987,MAP_SCADA,121,0.00048304793215098174
5,UPFC_tse,5-15,-2.1485789670072792,37,-2.1404590999321895,MAP_SCADA,121,0.008119867075089715
0,x_tcsc,1-14,-0.13876399333863584,38,-0.1391387913849911,MAP_SCADA,121,0.0003747980463552625
1,B_svc,2,0.29775285732011453,38,0.29799942444278277,MAP_SCADA,121,0.00024656712266823977
2,UPFC_Vsh,5-15,1.104689520361175,38,1.1049850763007163,MAP_SCADA,121,0.0002955559395412255
3,UPFC_tsh,5-15,-0.22595945019195673,38,-0.22595170388525204,MAP_SCADA,121,7.74630670469234e-06
4,UPFC_Vse,5-15,0.060351667486153455,38,0.06005755428714987,MAP_SCADA,121,0.00029411319900358307
5,UPFC_tse,5-15,-2.1462755904313355,38,-2.1404590999321895,MAP_SCADA,121,0.00581649049914601
0,x_tcsc,1-14,-0.13888872058816598,39,-0.1391387913849911,MAP_SCADA,121,0.0002500707968251248
1,B_svc,2,0.30026952731217943,39,0.29799942444278277,MAP_SCADA,121,0.002270102869396662
2,UPFC_Vsh,5-15,1.1035081667959006,39,1.1049850763007163,MAP_SCADA,121,0.0014769095048157155
3,UPFC_tsh,5-15,-0.22685329721329714,39,-0.22595170388525204,MAP_SCADA,121,0.0009015933280450972
4,UPFC_Vse,5-15,0.060193805382303366,39,0.06005755428714987,MAP_SCADA,121,0.00013625109515349315
5,UPFC_tse,5-15,-2.1480449289464985,39,-2.1404590999321895,MAP_SCADA,121,0.007585829014308931
0,x_tcsc,1-14,-0.1380881425081221,40,-0.1391387913849911,MAP_SCADA,121,0.0010506488768690092
1,B_svc,2,0.305150873703634,40,0.29799942444278277,MAP_SCADA,121,0.007151449260851206
2,UPFC_Vsh,5-15,1.1010648603053346,40,1.1049850763007163,MAP_SCADA,121,0.003920215995381726
3,UPFC_tsh,5-15,-0.2285433630113417,40,-0.22595170388525204,MAP_SCADA,121,0.0025916591260896626
4,UPFC_Vse,5-15,0.06086204016250076,40,0.06005755428714987,MAP_SCADA,121,0.0008044858753508896
5,UPFC_tse,5-15,-2.148631665556464,40,-2.1404590999321895,MAP_SCADA,121,0.008172565624274597
0,x_tcsc,1-14,-0.1387186169873437,41,-0.1391387913849911,MAP_SCADA,121,0.0004201743976474104
1,B_svc,2,0.29322018540771627,41,0.29799942444278277,MAP_SCADA,121,0.004779239035066496
2,UPFC_Vsh,5-15,1.1038591215574631,41,1.1049850763007163,MAP_SCADA,121,0.0011259547432531658
3,UPFC_tsh,5-15,-0.22602840755094478,41,-0.22595170388525204,MAP_SCADA,121,7.670366569273446e-05
4,UPFC_Vse,5-15,0.060643180625298665,41,0.06005755428714987,MAP_SCADA,121,0.0005856263381487925
5,UPFC_tse,5-15,-2.1511423510924637,41,-2.1404590999321895,MAP_SCADA,121,0.010683251160274132
0,x_tcsc,1-14,-0.1399054585652153,42,-0.1391387913849911,MAP_SCADA,121,0.0007666671802241953
1,B_svc,2,0.29691859176243846,42,0.29799942444278277,MAP_SCADA,121,0.0010808326803443125
2,UPFC_Vsh,5-15,1.1044028256050389,42,1.1049850763007163,MAP_SCADA,121,0.0005822506956774109
3,UPFC_tsh,5-15,-0.2256305853352938,42,-0.22595170388525204,MAP_SCADA,121,0.00032111854995825473
4,UPFC_Vse,5-15,0.060075035419874336,42,0.06005755428714987,MAP_SCADA,121,1.748113272446311e-05
5,UPFC_tse,5-15,-2.144996823734121,42,-2.1404590999321895,MAP_SCADA,121,0.004537723801931293
0,x_tcsc,1-14,-0.13845023221293154,43,-0.1391387913849911,MAP_SCADA,121,0.0006885591720595663
1,B_svc,2,0.2982945498498663,43,0.29799942444278277,MAP_SCADA,121,0.00029512540708354074
2,UPFC_Vsh,5-15,1.1058482160010459,43,1.1049850763007163,MAP_SCADA,121,0.0008631397003295849
3,UPFC_tsh,5-15,-0.2259417019098907,43,-0.22595170388525204,MAP_SCADA,121,1.0001975361328963e-05
4,UPFC_Vse,5-15,0.0596267769348247,43,0.06005755428714987,MAP_SCADA,121,0.0004307773523251693
5,UPFC_tse,5-15,-2.1476228475067285,43,-2.1404590999321895,MAP_SCADA,121,0.00716374757453897
0,x_tcsc,1-14,-0.139811517951264,44,-0.1391387913849911,MAP_SCADA,121,0.0006727265662729021
1,B_svc,2,0.29671087376323174,44,0.29799942444278277,MAP_SCADA,121,0.001288550679551026
2,UPFC_Vsh,5-15,1.1028977831949425,44,1.1049850763007163,MAP_SCADA,121,0.002087293105773824
3,UPFC_tsh,5-15,-0.22646896973694672,44,-0.22595170388525204,MAP_SCADA,121,0.000517265851694676
4,UPFC_Vse,5-15,0.06049594237847763,44,0.06005755428714987,MAP_SCADA,121,0.00043838809132775575
5,UPFC_tse,5-15,-2.1480555669771535,44,-2.1404590999321895,MAP_SCADA,121,0.007596467044963973
0,x_tcsc,1-14,-0.14052857428117096,45,-0.1391387913849911,MAP_SCADA,121,0.0013897828961798586
1,B_svc,2,0.29656433459849,45,0.29799942444278277,MAP_SCADA,121,0.0014350898442927473
2,UPFC_Vsh,5-15,1.105353337485876,45,1.1049850763007163,MAP_SCADA,121,0.00036826118515964623
3,UPFC_tsh,5-15,-0.2250383220991583,45,-0.22595170388525204,MAP_SCADA,121,0.0009133817860937365
4,UPFC_Vse,5-15,0.05983092960988044,45,0.06005755428714987,MAP_SCADA,121,0.0002266246772694297
5,UPFC_tse,5-15,-2.1495930852050207,45,-2.1404590999321895,MAP_SCADA,121,0.009133985272831158
0,x_tcsc,1-14,-0.13895079535319532,46,-0.1391387913849911,MAP_SCADA,121,0.00018799603179578406
1,B_svc,2,0.2964461038118466,46,0.29799942444278277,MAP_SCADA,121,0.0015533206309361614
2,UPFC_Vsh,5-15,1.1048489870248948,46,1.1049850763007163,MAP_SCADA,121,0.00013608927582153818
3,UPFC_tsh,5-15,-0.22489720469760976,46,-0.22595170388525204,MAP_SCADA,121,0.0010544991876422771
4,UPFC_Vse,5-15,0.06055886878461661,46,0.06005755428714987,MAP_SCADA,121,0.0005013144974667372
5,UPFC_tse,5-15,-2.143860217935244,46,-2.1404590999321895,MAP_SCADA,121,0.0034011180030546484
0,x_tcsc,1-14,-0.13913388965149576,47,-0.1391387913849911,MAP_SCADA,121,4.901733495349392e-06
1,B_svc,2,0.2984715848952935,47,0.29799942444278277,MAP_SCADA,121,0.00047216045251075034
2,UPFC_Vsh,5-15,1.103504153241162,47,1.1049850763007163,MAP_SCADA,121,0.0014809230595542733
3,UPFC_tsh,5-15,-0.22569345557829593,47,-0.22595170388525204,MAP_SCADA,121,0.0002582483069561159
4,UPFC_Vse,5-15,0.0599048945666807,47,0.06005755428714987,MAP_SCADA,121,0.00015265972046916987
5,UPFC_tse,5-15,-2.147264956699322,47,-2.1404590999321895,MAP_SCADA,121,0.006805856767132301
0,x_tcsc,1-14,-0.1388308665670919,48,-0.1391387913849911,MAP_SCADA,121,0.0003079248178992078
1,B_svc,2,0.2980432939421639,48,0.29799942444278277,MAP_SCADA,121,4.3869499381121724e-05
2,UPFC_Vsh,5-15,1.1046129074545643,48,1.1049850763007163,MAP_SCADA,121,0.00037216884615198786
3,UPFC_tsh,5-15,-0.22600620862937293,48,-0.22595170388525204,MAP_SCADA,121,5.4504744120886794e-05
4,UPFC_Vse,5-15,0.059986161692255846,48,0.06005755428714987,MAP_SCADA,121,7.139259489402638e-05
5,UPFC_tse,5-15,-2.1500646836679387,48,-2.1404590999321895,MAP_SCADA,121,0.009605583735749157
0,x_tcsc,1-14,-0.13678999882709117,49,-0.1391387913849911,MAP_SCADA,121,0.002348792557899937
1,B_svc,2,0.3048122495750491,49,0.29799942444278277,MAP_SCADA,121,0.006812825132266331
2,UPFC_Vsh,5-15,1.1028142767271474,49,1.1049850763007163,MAP_SCADA,121,0.0021707995735689156
3,UPFC_tsh,5-15,-0.22789640504364608,49,-0.22595170388525204,MAP_SCADA,121,0.001944701158394041
4,UPFC_Vse,5-15,0.06019102860432917,49,0.06005755428714987,MAP_SCADA,121,0.0001334743171792982
5,UPFC_tse,5-15,-2.1502166423072926,49,-2.1404590999321895,MAP_SCADA,121,0.009757542375103068
0,x_tcsc,1-14,-0.13844327078259241,50,-0.1391387913849911,MAP_SCADA,121,0.0006955206023986915
1,B_svc,2,0.296185019327285,50,0.29799942444278277,MAP_SCADA,121,0.0018144051154977414
2,UPFC_Vsh,5-15,1.103699644975238,50,1.1049850763007163,MAP_SCADA,121,0.0012854313254782035
3,UPFC_tsh,5-15,-0.22623525675338108,50,-0.22595170388525204,MAP_SCADA,121,0.00028355286812903335
4,UPFC_Vse,5-15,0.060455226854863514,50,0.06005755428714987,MAP_SCADA,121,0.0003976725677136417
5,UPFC_tse,5-15,-2.147736097903853,50,-2.1404590999321895,MAP_SCADA,121,0.00727699797166359
0,x_tcsc,1-14,-0.13932493877968363,51,-0.1391387913849911,MAP_SCADA,121,0.00018614739469252628
1,B_svc,2,0.29545982958944195,51,0.29799942444278277,MAP_SCADA,121,0.002539594853340821
2,UPFC_Vsh,5-15,1.1041996971003738,51,1.1049850763007163,MAP_SCADA,121,0.0007853792003424953
3,UPFC_tsh,5-15,-0.2259362461468297,51,-0.22595170388525204,MAP_SCADA,121,1.5457738422347544e-05
4,UPFC_Vse,5-15,0.060608605431686384,51,0.06005755428714987,MAP_SCADA,121,0.0005510511445365116
5,UPFC_tse,5-15,-2.147654032566646,51,-2.1404590999321895,MAP_SCADA,121,0.007194932634456475
0,x_tcsc,1-14,-0.13877429196352978,52,-0.1391387913849911,MAP_SCADA,121,0.0003644994214613284
1,B_svc,2,0.2955519365557847,52,0.29799942444278277,MAP_SCADA,121,0.0024474878869980565
2,UPFC_Vsh,5-15,1.103401285053523,52,1.1049850763007163,MAP_SCADA,121,0.0015837912471932114
3,UPFC_tsh,5-15,-0.2256970092293021,52,-0.22595170388525204,MAP_SCADA,121,0.000254694655949933
4,UPFC_Vse,5-15,0.060037529394786515,52,0.06005755428714987,MAP_SCADA,121,2.002489236335725e-05
5,UPFC_tse,5-15,-2.1502566117296222,52,-2.1404590999321895,MAP_SCADA,121,0.009797511797432712
0,x_tcsc,1-14,-0.13719206890746846,53,-0.1391387913849911,MAP_SCADA,121,0.0019467224775226444
1,B_svc,2,0.2997239554174644,53,0.29799942444278277,MAP_SCADA,121,0.001724530974681615
2,UPFC_Vsh,5-15,1.1040769980954428,53,1.1049850763007163,MAP_SCADA,121,0.0009080782052734993
3,UPFC_tsh,5-15,-0.22720083749051107,53,-0.22595170388525204,MAP_SCADA,121,0.001249133605259023
4,UPFC_Vse,5-15,0.06010456096434186,53,0.06005755428714987,MAP_SCADA,121,4.700667719198526e-05
5,UPFC_tse,5-15,-2.1545612967427794,53,-2.1404590999321895,MAP_SCADA,121,0.014102196810589884
0,x_tcsc,1-14,-0.13798824104664212,54,-0.1391387913849911,MAP_SCADA,121,0.001150550338348988
1,B_svc,2,0.30227977719608706,54,0.29799942444278277,MAP_SCADA,121,0.004280352753304295
2,UPFC_Vsh,5-15,1.103186529193495,54,1.1049850763007163,MAP_SCADA,121,0.001798547107221271
3,UPFC_tsh,5-15,-0.22683808163686253,54,-0.22595170388525204,MAP_SCADA,121,0.0008863777516104898
4,UPFC_Vse,5-15,0.06059927539276227,54,0.06005755428714987,MAP_SCADA,121,0.0005417211056123958
5,UPFC_tse,5-15,-2.1470201328700975,54,-2.1404590999321895,MAP_SCADA,121,0.006561032937907996
0,x_tcsc,1-14,-0.13861819969654465,55,-0.1391387913849911,MAP_SCADA,121,0.0005205916884464534
1,B_svc,2,0.2982281439530429,55,0.29799942444278277,MAP_SCADA,121,0.0002287195102601558
2,UPFC_Vsh,5-15,1.1062975037791578,55,1.1049850763007163,MAP_SCADA,121,0.0013124274784415135
3,UPFC_tsh,5-15,-0.2256201950046325,55,-0.22595170388525204,MAP_SCADA,121,0.0003315088806195299
4,UPFC_Vse,5-15,0.06010544691893832,55,0.06005755428714987,MAP_SCADA,121,4.7892631788448714e-05
5,UPFC_tse,5-15,-2.1486231597502226,55,-2.1404590999321895,MAP_SCADA,121,0.008164059818033031
0,x_tcsc,1-14,-0.13821983146765665,56,-0.1391387913849911,MAP_SCADA,121,0.0009189599173344554
1,B_svc,2,0.3011376864684205,56,0.29799942444278277,MAP_SCADA,121,0.003138262025637717
2,UPFC_Vsh,5-15,1.104502511352792,56,1.1049850763007163,MAP_SCADA,121,0.00048256494792431326
3,UPFC_tsh,5-15,-0.22690992863944798,56,-0.22595170388525204,MAP_SCADA,121,0.0009582247541959354
4,UPFC_Vse,5-15,0.06015288344386399,56,0.06005755428714987,MAP_SCADA,121,9.532915671411901e-05
5,UPFC_tse,5-15,-2.145879885001655,56,-2.1404590999321895,MAP_SCADA,121,0.005420785069465417
0,x_tcsc,1-14,-0.13767132395109832,57,-0.1391387913849911,MAP_SCADA,121,0.0014674674338927829
1,B_svc,2,0.29706997285255465,57,0.29799942444278277,MAP_SCADA,121,0.0009294515902281142
2,UPFC_Vsh,5-15,1.1075096933847748,57,1.1049850763007163,MAP_SCADA,121,0.002524617084058489
3,UPFC_tsh,5-15,-0.22571755461786697,57,-0.22595170388525204,MAP_SCADA,121,0.00023414926738507535
4,UPFC_Vse,5-15,0.05995041538130148,57,0.06005755428714987,MAP_SCADA,121,0.00010713890584838903
5,UPFC_tse,5-15,-2.1442045134949352,57,-2.1404590999321895,MAP_SCADA,121,0.003745413562745714
0,x_tcsc,1-14,-0.14025304881818126,58,-0.1391387913849911,MAP_SCADA,121,0.0011142574331901578
1,B_svc,2,0.2943751922505254,58,0.29799942444278277,MAP_SCADA,121,0.0036242321922573817
2,UPFC_Vsh,5-15,1.1043382438971199,58,1.1049850763007163,MAP_SCADA,121,0.0006468324035964201
3,UPFC_tsh,5-15,-0.22596942597343528,58,-0.22595170388525204,MAP_SCADA,121,1.7722088183236284e-05
4,UPFC_Vse,5-15,0.05989844619524658,58,0.06005755428714987,MAP_SCADA,121,0.00015910809190329556
5,UPFC_tse,5-15,-2.150392797073834,58,-2.1404590999321895,MAP_SCADA,121,0.009933697141644604
0,x_tcsc,1-14,-0.13948574348694037,59,-0.1391387913849911,MAP_SCADA,121,0.00034695210194926607
1,B_svc,2,0.29361040067047306,59,0.29799942444278277,MAP_SCADA,121,0.004389023772309708
2,UPFC_Vsh,5-15,1.1024436446396637,59,1.1049850763007163,MAP_SCADA,121,0.0025414316610525844
3,UPFC_tsh,5-15,-0.2260962852316475,59,-0.22595170388525204,MAP_SCADA,121,0.00014458134639544484
4,UPFC_Vse,5-15,0.0603760348307006,59,0.06005755428714987,MAP_SCADA,121,0.0003184805435507282
5,UPFC_tse,5-15,-2.153027024774551,59,-2.1404590999321895,MAP_SCADA,121,0.012567924842361577
0,x_tcsc,1-14,-0.13734548040088565,60,-0.1391387913849911,MAP_SCADA,121,0.0017933109841054562
1,B_svc,2,0.3050931327260433,60,0.29799942444278277,MAP_SCADA,121,0.007093708283260558
2,UPFC_Vsh,5-15,1.1024510869435684,60,1.1049850763007163,MAP_SCADA,121,0.002533989357147881
3,UPFC_tsh,5-15,-0.22792302563646952,60,-0.22595170388525204,MAP_SCADA,121,0.001971321751217475
4,UPFC_Vse,5-15,0.05994697426279195,60,0.06005755428714987,MAP_SCADA,121,0.00011058002435792441
5,UPFC_tse,5-15,-2.1533501829787167,60,-2.1404590999321895,MAP_SCADA,121,0.012891083046527196
0,x_tcsc,1-14,-0.13962038629562434,61,-0.1391387913849911,MAP_SCADA,121,0.00048159491063323734
1,B_svc,2,0.2962995497542139,61,0.29799942444278277,MAP_SCADA,121,0.0016998746885688587
2,UPFC_Vsh,5-15,1.1029814234863042,61,1.1049850763007163,MAP_SCADA,121,0.0020036528144120602
3,UPFC_tsh,5-15,-0.22586234776028932,61,-0.22595170388525204,MAP_SCADA,121,8.93561249627195e-05
4,UPFC_Vse,5-15,0.06022765102223543,61,0.06005755428714987,MAP_SCADA,121,0.00017009673508555645
5,UPFC_tse,5-15,-2.1501775445709037,61,-2.1404590999321895,MAP_SCADA,121,0.009718444638714185
0,x_tcsc,1-14,-0.1395880404530107,62,-0.1391387913849911,MAP_SCADA,121,0.0004492490680196026
1,B_svc,2,0.29959101759192003,62,0.29799942444278277,MAP_SCADA,121,0.0015915931491372604
2,UPFC_Vsh,5-15,1.1049893981731653,62,1.1049850763007163,MAP_SCADA,121,4.321872449031261e-06
3,UPFC_tsh,5-15,-0.2262864238321893,62,-0.22595170388525204,MAP_SCADA,121,0.0003347199469372619
4,UPFC_Vse,5-15,0.0599799436649154,62,0.06005755428714987,MAP_SCADA,121,7.761062223447107e-05
5,UPFC_tse,5-15,-2.1470839299587956,62,-2.1404590999321895,MAP_SCADA,121,0.006624830026606077
0,x_tcsc,1-14,-0.13819293186036755,63,-0.1391387913849911,MAP_SCADA,121,0.0009458595246235602
1,B_svc,2,0.2947934783829856,63,0.29799942444278277,MAP_SCADA,121,0.0032059460597971823
2,UPFC_Vsh,5-15,1.105386686753126,63,1.1049850763007163,MAP_SCADA,121,0.00040161045240960647
3,UPFC_tsh,5-15,-0.226096774621023,63,-0.22595170388525204,MAP_SCADA,121,0.00014507073577096907
4,UPFC_Vse,5-15,0.06026503639942282,63,0.06005755428714987,MAP_SCADA,121,0.00020748211227294977
5,UPFC_tse,5-15,-2.1446743398568286,63,-2.1404590999321895,MAP_SCADA,121,0.004215239924639125
0,x_tcsc,1-14,-0.13921022468365188,64,-0.1391387913849911,MAP_SCADA,121,7.143329866077242e-05
1,B_svc,2,0.30291283652156065,64,0.29799942444278277,MAP_SCADA,121,0.004913412078777879
2,UPFC_Vsh,5-15,1.1017025311267963,64,1.1049850763007163,MAP_SCADA,121,0.003282545173920015
3,UPFC_tsh,5-15,-0.22647964204765078,64,-0.22595170388525204,MAP_SCADA,121,0.0005279381623987389
4,UPFC_Vse,5-15,0.06037988534906229,64,0.06005755428714987,MAP_SCADA,121,0.0003223310619124148
5,UPFC_tse,5-15,-2.1467661078239084,64,-2.1404590999321895,MAP_SCADA,121,0.0063070078917188965
0,x_tcsc,1-14,-0.13754706013970006,65,-0.1391387913849911,MAP_SCADA,121,0.0015917312452910504
1,B_svc,2,0.3033542225314747,65,0.29799942444278277,MAP_SCADA,121,0.005354798088691937
2,UPFC_Vsh,5-15,1.102491949482756,65,1.1049850763007163,MAP_SCADA,121,0.0024931268179602117
3,UPFC_tsh,5-15,-0.22779893595847883,65,-0.22595170388525204,MAP_SCADA,121,0.00184723207322679
4,UPFC_Vse,5-15,0.060129879626394565,65,0.06005755428714987,MAP_SCADA,121,7.232533924469292e-05
5,UPFC_tse,5-15,-2.151886632505937,65,-2.1404590999321895,MAP_SCADA,121,0.011427532573747623
0,x_tcsc,1-14,-0.13851879659942265,66,-0.1391387913849911,MAP_SCADA,121,0.0006199947855684562
1,B_svc,2,0.30098243833297045,66,0.29799942444278277,MAP_SCADA,121,0.00298301389018768
2,UPFC_Vsh,5-15,1.1037986787727152,66,1.1049850763007163,MAP_SCADA,121,0.001186397528001093
3,UPFC_tsh,5-15,-0.2266876249058762,66,-0.22595170388525204,MAP_SCADA,121,0.0007359210206241695
4,UPFC_Vse,5-15,0.059659010943204104,66,0.06005755428714987,MAP_SCADA,121,0.0003985433439457689
5,UPFC_tse,5-15,-2.145454356885726,66,-2.1404590999321895,MAP_SCADA,121,0.004995256953536309
0,x_tcsc,1-14,-0.13891729932627214,67,-0.1391387913849911,MAP_SCADA,121,0.00022149205871896394
1,B_svc,2,0.29894763571785266,67,0.29799942444278277,MAP_SCADA,121,0.0009482112750698879
2,UPFC_Vsh,5-15,1.1052742411757022,67,1.1049850763007163,MAP_SCADA,121,0.00028916487498586996
3,UPFC_tsh,5-15,-0.22678710475996916,67,-0.22595170388525204,MAP_SCADA,121,0.0008354008747171182
4,UPFC_Vse,5-15,0.06021758539380588,67,0.06005755428714987,MAP_SCADA,121,0.0001600311066560084
5,UPFC_tse,5-15,-2.1460217532626857,67,-2.1404590999321895,MAP_SCADA,121,0.0055626533304962145
0,x_tcsc,1-14,-0.1400113610368814,68,-0.1391387913849911,MAP_SCADA,121,0.0008725696518902815
1,B_svc,2,0.2886082954586116,68,0.29799942444278277,MAP_SCADA,121,0.00939112898417116
2,UPFC_Vsh,5-15,1.1086243994812912,68,1.1049850763007163,MAP_SCADA,121,0.003639323180574916
3,UPFC_tsh,5-15,-0.22463470542028693,68,-0.22595170388525204,MAP_SCADA,121,0.0013169984649651079
4,UPFC_Vse,5-15,0.05987369804048943,68,0.06005755428714987,MAP_SCADA,121,0.00018385624666044514
5,UPFC_tse,5-15,-2.1449589252236083,68,-2.1404590999321895,MAP_SCADA,121,0.004499825291418791
0,x_tcsc,1-14,-0.1391771725391201,69,-0.1391387913849911,MAP_SCADA,121,3.8381154128991346e-05
1,B_svc,2,0.2949481090376491,69,0.29799942444278277,MAP_SCADA,121,0.0030513154051336477
2,UPFC_Vsh,5-15,1.1044387529335438,69,1.1049850763007163,MAP_SCADA,121,0.0005463233671725298
3,UPFC_tsh,5-15,-0.2255383734968782,69,-0.22595170388525204,MAP_SCADA,121,0.0004133303883738504
4,UPFC_Vse,5-15,0.06053740626463348,69,0.06005755428714987,MAP_SCADA,121,0.00047985197748360436
5,UPFC_tse,5-15,-2.147341439047312,69,-2.1404590999321895,MAP_SCADA,121,0.00688233911512226
0,x_tcsc,1-14,-0.14030892296009884,70,-0.1391387913849911,MAP_SCADA,121,0.0011701315751077301
1,B_svc,2,0.28916581192604307,70,0.29799942444278277,MAP_SCADA,121,0.008833612516739697
2,UPFC_Vsh,5-15,1.105617684280865,70,1.1049850763007163,MAP_SCADA,121,0.0006326079801486362
3,UPFC_tsh,5-15,-0.22463776111187436,70,-0.22595170388525204,MAP_SCADA,121,0.0013139427733776798
4,UPFC_Vse,5-15,0.05922766099819131,70,0.06005755428714987,MAP_SCADA,121,0.0008298932889585636
5,UPFC_tse,5-15,-2.146793521944589,70,-2.1404590999321895,MAP_SCADA,121,0.006334422012399532
0,x_tcsc,1-14,-0.13912161106384616,71,-0.1391387913849911,MAP_SCADA,121,1.7180321144949495e-05
1,B_svc,2,0.29390301176538924,71,0.29799942444278277,MAP_SCADA,121,0.004096412677393524
2,UPFC_Vsh,5-15,1.1066642973847154,71,1.1049850763007163,MAP_SCADA,121,0.001679221083999094
3,UPFC_tsh,5-15,-0.225605363251747,71,-0.22595170388525204,MAP_SCADA,121,0.0003463406335050545
4,UPFC_Vse,5-15,0.05939111103551805,71,0.06005755428714987,MAP_SCADA,121,0.0006664432516318222
5,UPFC_tse,5-15,-2.1477863279580256,71,-2.1404590999321895,MAP_SCADA,121,0.0073272280258360745
0,x_tcsc,1-14,-0.14056060725207833,72,-0.1391387913849911,MAP_SCADA,121,0.0014218158670872283
1,B_svc,2,0.2905575884448555,72,0.29799942444278277,MAP_SCADA,121,0.007441835997927249
2,UPFC_Vsh,5-15,1.1041119417122978,72,1.1049850763007163,MAP_SCADA,121,0.0008731345884185338
3,UPFC_tsh,5-15,-0.22535657625741115,72,-0.22595170388525204,MAP_SCADA,121,0.0005951276278408912
4,UPFC_Vse,5-15,0.060107674310286366,72,0.06005755428714987,MAP_SCADA,121,5.012002313649344e-05
5,UPFC_tse,5-15,-2.1468883355909685,72,-2.1404590999321895,MAP_SCADA,121,0.006429235658778953
0,x_tcsc,1-14,-0.1388155879410626,73,-0.1391387913849911,MAP_SCADA,121,0.0003232034439284992
1,B_svc,2,0.2955615078968038,73,0.29799942444278277,MAP_SCADA,121,0.0024379165459789687
2,UPFC_Vsh,5-15,1.105298350292251,73,1.1049850763007163,MAP_SCADA,121,0.0003132739915348015
3,UPFC_tsh,5-15,-0.22593649996615559,73,-0.22595170388525204,MAP_SCADA,121,1.520391909645702e-05
4,UPFC_Vse,5-15,0.05985474709110416,73,0.06005755428714987,MAP_SCADA,121,0.00020280719604571368
5,UPFC_tse,5-15,-2.1511679849735295,73,-2.1404590999321895,MAP_SCADA,121,0.010708885041339933
0,x_tcsc,1-14,-0.1398233764460126,74,-0.1391387913849911,MAP_SCADA,121,0.000684585061021481
1,B_svc,2,0.2954338977334575,74,0.29799942444278277,MAP_SCADA,121,0.00256552670932525
2,UPFC_Vsh,5-15,1.1071480139212553,74,1.1049850763007163,MAP_SCADA,121,0.002162937620538985
3,UPFC_tsh,5-15,-0.22453926962252754,74,-0.22595170388525204,MAP_SCADA,121,0.001412434262724499
4,UPFC_Vse,5-15,0.060687580449417494,74,0.06005755428714987,MAP_SCADA,121,0.0006300261622676218
5,UPFC_tse,5-15,-2.14433718069863,74,-2.1404590999321895,MAP_SCADA,121,0.0038780807664404726
0,x_tcsc,1-14,-0.13985189874829726,75,-0.1391387913849911,MAP_SCADA,121,0.0007131073633061535
1,B_svc,2,0.29688805571872745,75,0.29799942444278277,MAP_SCADA,121,0.0011113687240553172
2,UPFC_Vsh,5-15,1.1046618916641544,75,1.1049850763007163,MAP_SCADA,121,0.00032318463656189067
3,UPFC_tsh,5-15,-0.22601035217733573,75,-0.22595170388525204,MAP_SCADA,121,5.864829208368505e-05
4,UPFC_Vse,5-15,0.06080895520400906,75,0.06005755428714987,MAP_SCADA,121,0.0007514009168591851
5,UPFC_tse,5-15,-2.1404242421104898,75,-2.1404590999321895,MAP_SCADA,121,3.4857821699763036e-05
0,x_tcsc,1-14,-0.13957144471102523,76,-0.1391387913849911,MAP_SCADA,121,0.00043265332603412143
1,B_svc,2,0.2923765380368501,76,0.29799942444278277,MAP_SCADA,121,0.00562288640593267
2,UPFC_Vsh,5-15,1.1054871009105336,76,1.1049850763007163,MAP_SCADA,121,0.0005020246098172976
3,UPFC_tsh,5-15,-0.22482937095352573,76,-0.22595170388525204,MAP_SCADA,121,0.0011223329317263109
4,UPFC_Vse,5-15,0.06030011511679539,76,0.06005755428714987,MAP_SCADA,121,0.00024256082964551479
5,UPFC_tse,5-15,-2.1476767706995723,76,-2.1404590999321895,MAP_SCADA,121,0.007217670767382778
0,x_tcsc,1-14,-0.13862326408102932,77,-0.1391387913849911,MAP_SCADA,121,0.000515527303961788
1,B_svc,2,0.297354900166559,77,0.29799942444278277,MAP_SCADA,121,0.0006445242762237458
2,UPFC_Vsh,5-15,1.1047507912466037,77,1.1049850763007163,MAP_SCADA,121,0.00023428505411260403
3,UPFC_tsh,5-15,-0.22604008379772728,77,-0.22595170388525204,MAP_SCADA,121,8.83799124752338e-05
4,UPFC_Vse,5-15,0.05988669983780915,77,0.06005755428714987,MAP_SCADA,121,0.00017085444934072241
5,UPFC_tse,5-15,-2.149920976773672,77,-2.1404590999321895,MAP_SCADA,121,0.009461876841482475
0,x_tcsc,1-14,-0.14014173897371188,78,-0.1391387913849911,MAP_SCADA,121,0.0010029475887207706
1,B_svc,2,0.29808804198602606,78,0.29799942444278277,MAP_SCADA,121,8.861754324329674e-05
2,UPFC_Vsh,5-15,1.1020250874796236,78,1.1049850763007163,MAP_SCADA,121,0.0029599888210927183
3,UPFC_tsh,5-15,-0.22709406986485264,78,-0.22595170388525204,MAP_SCADA,121,0.0011423659796006014
4,UPFC_Vse,5-15,0.06038098624706862,78,0.06005755428714987,MAP_SCADA,121,0.0003234319599187477
5,UPFC_tse,5-15,-2.147555642474961,78,-2.1404590999321895,MAP_SCADA,121,0.007096542542771367
0,x_tcsc,1-14,-0.138494991935145,79,-0.1391387913849911,MAP_SCADA,121,0.0006437994498461053
1,B_svc,2,0.29935793585946774,79,0.29799942444278277,MAP_SCADA,121,0.001358511416684971
2,UPFC_Vsh,5-15,1.1044861845431309,79,1.1049850763007163,MAP_SCADA,121,0.0004988917575854401
3,UPFC_tsh,5-15,-0.2267156972470802,79,-0.22595170388525204,MAP_SCADA,121,0.0007639933618281691
4,UPFC_Vse,5-15,0.06014279391207925,79,0.06005755428714987,MAP_SCADA,121,8.523962492937992e-05
5,UPFC_tse,5-15,-2.148430129095994,79,-2.1404590999321895,MAP_SCADA,121,0.007971029163804655
0,x_tcsc,1-14,-0.13850198239680195,80,-0.1391387913849911,MAP_SCADA,121,0.0006368089881891581
1,B_svc,2,0.2949269015440459,80,0.29799942444278277,MAP_SCADA,121,0.0030725228987368847
2,UPFC_Vsh,5-15,1.1046154754089028,80,1.1049850763007163,MAP_SCADA,121,0.0003696008918134819
3,UPFC_tsh,5-15,-0.22601633684968597,80,-0.22595170388525204,MAP_SCADA,121,6.463296443393052e-05
4,UPFC_Vse,5-15,0.05995997222132473,80,0.06005755428714987,MAP_SCADA,121,9.758206582514278e-05
5,UPFC_tse,5-15,-2.151054139576775,80,-2.1404590999321895,MAP_SCADA,121,0.010595039644585302
0,x_tcsc,1-14,-0.13966617912573293,81,-0.1391387913849911,MAP_SCADA,121,0.0005273877407418193
1,B_svc,2,0.29315893366360213,81,0.29799942444278277,MAP_SCADA,121,0.0048404907791806395
2,UPFC_Vsh,5-15,1.1060385957878638,81,1.1049850763007163,MAP_SCADA,121,0.0010535194871474918
3,UPFC_tsh,5-15,-0.22521413775523438,81,-0.22595170388525204,MAP_SCADA,121,0.0007375661300176584
4,UPFC_Vse,5-15,0.060315117957685425,81,0.06005755428714987,MAP_SCADA,121,0.000257563670535553
5,UPFC_tse,5-15,-2.139918566642995,81,-2.1404590999321895,MAP_SCADA,121,0.0005405332891945669
0,x_tcsc,1-14,-0.13893154787813156,82,-0.1391387913849911,MAP_SCADA,121,0.00020724350685955018
1,B_svc,2,0.3003519178065197,82,0.29799942444278277,MAP_SCADA,121,0.0023524933637369405
2,UPFC_Vsh,5-15,1.105211713292877,82,1.1049850763007163,MAP_SCADA,121,0.0002266369921606337
3,UPFC_tsh,5-15,-0.22601346607340225,82,-0.22595170388525204,MAP_SCADA,121,6.176218815021062e-05
4,UPFC_Vse,5-15,0.05983889382632722,82,0.06005755428714987,MAP_SCADA,121,0.00021866046082265334
5,UPFC_tse,5-15,-2.145681020772069,82,-2.1404590999321895,MAP_SCADA,121,0.005221920839879601
0,x_tcsc,1-14,-0.13768340688018318,83,-0.1391387913849911,MAP_SCADA,121,0.0014553845048079217
1,B_svc,2,0.2994261065484856,83,0.29799942444278277,MAP_SCADA,121,0.0014266821057028478
2,UPFC_Vsh,5-15,1.101703543833773,83,1.1049850763007163,MAP_SCADA,121,0.0032815324669432933
3,UPFC_tsh,5-15,-0.2279174035804127,83,-0.22595170388525204,MAP_SCADA,121,0.0019656996951606664
4,UPFC_Vse,5-15,0.06055765787005787,83,0.06005755428714987,MAP_SCADA,121,0.0005001035829079944
5,UPFC_tse,5-15,-2.1510343991375835,83,-2.1404590999321895,MAP_SCADA,121,0.010575299205394018
0,x_tcsc,1-14,-0.1373216491922542,84,-0.1391387913849911,MAP_SCADA,121,0.0018171421927369036
1,B_svc,2,0.2927348858620752,84,0.29799942444278277,MAP_SCADA,121,0.005264538580707578
2,UPFC_Vsh,5-15,1.1067500551576062,84,1.1049850763007163,MAP_SCADA,121,0.001764978856889865
3,UPFC_tsh,5-15,-0.22563770740787648,84,-0.22595170388525204,MAP_SCADA,121,0.0003139964773755666
4,UPFC_Vse,5-15,0.06014896913171909,84,0.06005755428714987,MAP_SCADA,121,9.141484456921811e-05
5,UPFC_tse,5-15,-2.144710256275567,84,-2.1404590999321895,MAP_SCADA,121,0.00425115634337736
0,x_tcsc,1-14,-0.1368727184297969,85,-0.1391387913849911,MAP_SCADA,121,0.0022660729551942094
1,B_svc,2,0.3042076338471711,85,0.29799942444278277,MAP_SCADA,121,0.006208209404388321
2,UPFC_Vsh,5-15,1.1020224083109054,85,1.1049850763007163,MAP_SCADA,121,0.00296266798981093
3,UPFC_tsh,5-15,-0.22809833192717974,85,-0.22595170388525204,MAP_SCADA,121,0.002146628041927695
4,UPFC_Vse,5-15,0.059876587389066586,85,0.06005755428714987,MAP_SCADA,121,0.00018096689808328598
5,UPFC_tse,5-15,-2.1513163216563593,85,-2.1404590999321895,MAP_SCADA,121,0.010857221724169808
0,x_tcsc,1-14,-0.1384535459587959,86,-0.1391387913849911,MAP_SCADA,121,0.000685245426195219
1,B_svc,2,0.2997617930927,86,0.29799942444278277,MAP_SCADA,121,0.0017623686499172453
2,UPFC_Vsh,5-15,1.103946923652292,86,1.1049850763007163,MAP_SCADA,121,0.0010381526484242176
3,UPFC_tsh,5-15,-0.22620783362035,86,-0.22595170388525204,MAP_SCADA,121,0.00025612973509794856
4,UPFC_Vse,5-15,0.060450061537411046,86,0.06005755428714987,MAP_SCADA,121,0.00039250725026117317
5,UPFC_tse,5-15,-2.1479966642306616,86,-2.1404590999321895,MAP_SCADA,121,0.007537564298472077
0,x_tcsc,1-14,-0.13890739555022136,87,-0.1391387913849911,MAP_SCADA,121,0.00023139583476974868
1,B_svc,2,0.29816419122844867,87,0.29799942444278277,MAP_SCADA,121,0.00016476678566590408
2,UPFC_Vsh,5-15,1.1032871777219062,87,1.1049850763007163,MAP_SCADA,121,0.0016978985788100864
3,UPFC_tsh,5-15,-0.226681685374232,87,-0.22595170388525204,MAP_SCADA,121,0.0007299814889799583
4,UPFC_Vse,5-15,0.06018735647973197,87,0.06005755428714987,MAP_SCADA,121,0.0001298021925820944
5,UPFC_tse,5-15,-2.1458589466601703,87,-2.1404590999321895,MAP_SCADA,121,0.005399846727980773
0,x_tcsc,1-14,-0.13941829242216902,88,-0.1391387913849911,MAP_SCADA,121,0.00027950103717791497
1,B_svc,2,0.29807485035769715,88,0.29799942444278277,MAP_SCADA,121,7.542591491438433e-05
2,UPFC_Vsh,5-15,1.1045063121793453,88,1.1049850763007163,MAP_SCADA,121,0.00047876412137104474
3,UPFC_tsh,5-15,-0.22623395074146235,88,-0.22595170388525204,MAP_SCADA,121,0.00028224685621031087
4,UPFC_Vse,5-15,0.05955271496810949,88,0.06005755428714987,MAP_SCADA,121,0.0005048393190403844
5,UPFC_tse,5-15,-2.147882351498537,88,-2.1404590999321895,MAP_SCADA,121,0.0074232515663474885
0,x_tcsc,1-14,-0.13722912029411927,89,-0.1391387913849911,MAP_SCADA,121,0.0019096710908718395
1,B_svc,2,0.30411101001131285,89,0.29799942444278277,MAP_SCADA,121,0.006111585568530087
2,UPFC_Vsh,5-15,1.1036311349152752,89,1.1049850763007163,MAP_SCADA,121,0.001353941385441093
3,UPFC_tsh,5-15,-0.22732067939310316,89,-0.22595170388525204,MAP_SCADA,121,0.0013689755078511168
4,UPFC_Vse,5-15,0.06012593040018313,89,0.06005755428714987,MAP_SCADA,121,6.83761130332583e-05
5,UPFC_tse,5-15,-2.148379421260987,89,-2.1404590999321895,MAP_SCADA,121,0.007920321328797275
0,x_tcsc,1-14,-0.14066230142333347,90,-0.1391387913849911,MAP_SCADA,121,0.0015235100383423628
1,B_svc,2,0.28639808623031715,90,0.29799942444278277,MAP_SCADA,121,0.011601338212465617
2,UPFC_Vsh,5-15,1.1053975417805695,90,1.1049850763007163,MAP_SCADA,121,0.0004124654798531857
3,UPFC_tsh,5-15,-0.2244789968365249,90,-0.22595170388525204,MAP_SCADA,121,0.001472707048727151
4,UPFC_Vse,5-15,0.05994150141665287,90,0.06005755428714987,MAP_SCADA,121,0.0001160528704969993
5,UPFC_tse,5-15,-2.1483133870233035,90,-2.1404590999321895,MAP_SCADA,121,0.00785428709111402
0,x_tcsc,1-14,-0.1389034492356503,91,-0.1391387913849911,MAP_SCADA,121,0.00023534214934081699
1,B_svc,2,0.29841707717821614,91,0.29799942444278277,MAP_SCADA,121,0.00041765273543337145
2,UPFC_Vsh,5-15,1.1040028152967658,91,1.1049850763007163,MAP_SCADA,121,0.0009822610039504909
3,UPFC_tsh,5-15,-0.22666245066459617,91,-0.22595170388525204,MAP_SCADA,121,0.0007107467793441291
4,UPFC_Vse,5-15,0.060089420272586895,91,0.06005755428714987,MAP_SCADA,121,3.1865985437022626e-05
5,UPFC_tse,5-15,-2.1467186392760302,91,-2.1404590999321895,MAP_SCADA,121,0.006259539343840714
0,x_tcsc,1-14,-0.1399247873648281,92,-0.1391387913849911,MAP_SCADA,121,0.0007859959798370009
1,B_svc,2,0.29473224820962973,92,0.29799942444278277,MAP_SCADA,121,0.003267176233153035
2,UPFC_Vsh,5-15,1.1051511651890191,92,1.1049850763007163,MAP_SCADA,121,0.00016608888830282886
3,UPFC_tsh,5-15,-0.22500880406455498,92,-0.22595170388525204,MAP_SCADA,121,0.0009428998206970629
4,UPFC_Vse,5-15,0.059988637387086235,92,0.06005755428714987,MAP_SCADA,121,6.891690006363693e-05
5,UPFC_tse,5-15,-2.143871600729615,92,-2.1404590999321895,MAP_SCADA,121,0.0034125007974252775
0,x_tcsc,1-14,-0.13790532230246327,93,-0.1391387913849911,MAP_SCADA,121,0.0012334690825278327
1,B_svc,2,0.3013297835636175,93,0.29799942444278277,MAP_SCADA,121,0.003330359120834736
2,UPFC_Vsh,5-15,1.104168804741319,93,1.1049850763007163,MAP_SCADA,121,0.0008162715593973413
3,UPFC_tsh,5-15,-0.22684799687065,93,-0.22595170388525204,MAP_SCADA,121,0.0008962929853979507
4,UPFC_Vse,5-15,0.059842294193274324,93,0.06005755428714987,MAP_SCADA,121,0.00021526009387554806
5,UPFC_tse,5-15,-2.147633419958297,93,-2.1404590999321895,MAP_SCADA,121,0.007174320026107406
0,x_tcsc,1-14,-0.13938863310282984,94,-0.1391387913849911,MAP_SCADA,121,0.00024984171783873355
1,B_svc,2,0.2980292208579397,94,0.29799942444278277,MAP_SCADA,121,2.9796415156935208e-05
2,UPFC_Vsh,5-15,1.1039325054724765,94,1.1049850763007163,MAP_SCADA,121,0.0010525708282398405
3,UPFC_tsh,5-15,-0.2264616265220565,94,-0.22595170388525204,MAP_SCADA,121,0.0005099226368044663
4,UPFC_Vse,5-15,0.06017734177236146,94,0.06005755428714987,MAP_SCADA,121,0.00011978748521158933
5,UPFC_tse,5-15,-2.153993553239469,94,-2.1404590999321895,MAP_SCADA,121,0.013534453307279648
0,x_tcsc,1-14,-0.13950620660961183,95,-0.1391387913849911,MAP_SCADA,121,0.00036741522462072074
1,B_svc,2,0.29251821175293685,95,0.29799942444278277,MAP_SCADA,121,0.005481212689845916
2,UPFC_Vsh,5-15,1.1043324817035252,95,1.1049850763007163,MAP_SCADA,121,0.0006525945971911362
3,UPFC_tsh,5-15,-0.2259389986761963,95,-0.22595170388525204,MAP_SCADA,121,1.270520905574668e-05
4,UPFC_Vse,5-15,0.060131204192603406,95,0.06005755428714987,MAP_SCADA,121,7.364990545353362e-05
5,UPFC_tse,5-15,-2.1486542652587537,95,-2.1404590999321895,MAP_SCADA,121,0.008195165326564169
0,x_tcsc,1-14,-0.1380067973475561,96,-0.1391387913849911,MAP_SCADA,121,0.0011319940374349968
1,B_svc,2,0.3023121368267017,96,0.29799942444278277,MAP_SCADA,121,0.0043127123839189485
2,UPFC_Vsh,5-15,1.1044147926848344,96,1.1049850763007163,MAP_SCADA,121,0.0005702836158818503
3,UPFC_tsh,5-15,-0.22676224099022252,96,-0.22595170388525204,MAP_SCADA,121,0.0008105371049704768
4,UPFC_Vse,5-15,0.06029829200515852,96,0.06005755428714987,MAP_SCADA,121,0.00024073771800865035
5,UPFC_tse,5-15,-2.1530578859010805,96,-2.1404590999321895,MAP_SCADA,121,0.012598785968890969
0,x_tcsc,1-14,-0.14075836433980002,97,-0.1391387913849911,MAP_SCADA,121,0.0016195729548089122
1,B_svc,2,0.2900573964944106,97,0.29799942444278277,MAP_SCADA,121,0.007942027948372177
2,UPFC_Vsh,5-15,1.105770205928169,97,1.1049850763007163,MAP_SCADA,121,0.0007851296274528075
3,UPFC_tsh,5-15,-0.22466709487794193,97,-0.22595170388525204,MAP_SCADA,121,0.0012846090073101168
4,UPFC_Vse,5-15,0.06021616597855937,97,0.06005755428714987,MAP_SCADA,121,0.0001586116914094951
5,UPFC_tse,5-15,-2.1442245668075404,97,-2.1404590999321895,MAP_SCADA,121,0.0037654668753508425
0,x_tcsc,1-14,-0.13872154666830117,98,-0.1391387913849911,MAP_SCADA,121,0.0004172447166899407
1,B_svc,2,0.2932544069980707,98,0.29799942444278277,MAP_SCADA,121,0.004745017444712063
2,UPFC_Vsh,5-15,1.1037015110597996,98,1.1049850763007163,MAP_SCADA,121,0.001283565240916662
3,UPFC_tsh,5-15,-0.2263205983825664,98,-0.22595170388525204,MAP_SCADA,121,0.00036889449731436486
4,UPFC_Vse,5-15,0.06060918663511173,98,0.06005755428714987,MAP_SCADA,121,0.0005516323479618571
5,UPFC_tse,5-15,-2.1459582127355232,98,-2.1404590999321895,MAP_SCADA,121,0.0054991128033337056
0,x_tcsc,1-14,-0.13955388499023125,99,-0.1391387913849911,MAP_SCADA,121,0.00041509360524014105
1,B_svc,2,0.29595704555838426,99,0.29799942444278277,MAP_SCADA,121,0.0020423788843985102
2,UPFC_Vsh,5-15,1.1029095704837086,99,1.1049850763007163,MAP_SCADA,121,0.0020755058170076612
3,UPFC_tsh,5-15,-0.22589227804724954,99,-0.22595170388525204,MAP_SCADA,121,5.942583800250256e-05
4,UPFC_Vse,5-15,0.060001423577760095,99,0.06005755428714987,MAP_SCADA,121,5.6130709389777544e-05
5,UPFC_tse,5-15,-2.152835962070224,99,-2.1404590999321895,MAP_SCADA,121,0.012376862138034461
0,x_tcsc,1-14,-0.13900849846393998,0,-0.1362085007118137,MAP_SCADA,123,0.0027999977521262764
1,B_svc,2,0.29650527170746127,0,0.2834171441114096,MAP_SCADA,123,0.013088127596051657
2,UPFC_Vsh,5-15,1.106444059367828,0,1.1061144614829181,MAP_SCADA,123,0.0003295978849098269
3,UPFC_tsh,5-15,-0.2245452545715806,0,-0.22820827284701373,MAP_SCADA,123,0.0036630182754331386
4,UPFC_Vse,5-15,0.06001100676389736,0,0.06039227665787877,MAP_SCADA,123,0.0003812698939814063
5,UPFC_tse,5-15,-2.145119974529498,0,-2.1428035663817044,MAP_SCADA,123,0.0023164081477937692
0,x_tcsc,1-14,-0.1396136637504605,1,-0.1362085007118137,MAP_SCADA,123,0.003405163038646797
1,B_svc,2,0.2995471824231543,1,0.2834171441114096,MAP_SCADA,123,0.0161300383117447
2,UPFC_Vsh,5-15,1.1028977000837634,1,1.1061144614829181,MAP_SCADA,123,0.0032167613991547217
3,UPFC_tsh,5-15,-0.2262309272513375,1,-0.22820827284701373,MAP_SCADA,123,0.001977345595676222
4,UPFC_Vse,5-15,0.05984995870332151,1,0.06039227665787877,MAP_SCADA,123,0.0005423179545572601
5,UPFC_tse,5-15,-2.1443611494327808,1,-2.1428035663817044,MAP_SCADA,123,0.0015575830510763389
0,x_tcsc,1-14,-0.13936421795883266,2,-0.1362085007118137,MAP_SCADA,123,0.003155717247018963
1,B_svc,2,0.29683653973325336,2,0.2834171441114096,MAP_SCADA,123,0.013419395621843744
2,UPFC_Vsh,5-15,1.1033419492207521,2,1.1061144614829181,MAP_SCADA,123,0.002772512262166016
3,UPFC_tsh,5-15,-0.22632827632391825,2,-0.22820827284701373,MAP_SCADA,123,0.0018799965230954785
4,UPFC_Vse,5-15,0.06073139686472676,2,0.06039227665787877,MAP_SCADA,123,0.0003391202068479954
5,UPFC_tse,5-15,-2.149609244944893,2,-2.1428035663817044,MAP_SCADA,123,0.0068056785631887
0,x_tcsc,1-14,-0.13778624594440056,3,-0.1362085007118137,MAP_SCADA,123,0.001577745232586858
1,B_svc,2,0.30021723183472937,3,0.2834171441114096,MAP_SCADA,123,0.016800087723319757
2,UPFC_Vsh,5-15,1.10401400666262,3,1.1061144614829181,MAP_SCADA,123,0.002100454820298081
3,UPFC_tsh,5-15,-0.22767381252310107,3,-0.22820827284701373,MAP_SCADA,123,0.0005344603239126611
4,UPFC_Vse,5-15,0.060583952678000985,3,0.06039227665787877,MAP_SCADA,123,0.00019167602012221813
5,UPFC_tse,5-15,-2.1492311117466207,3,-2.1428035663817044,MAP_SCADA,123,0.006427545364916298
0,x_tcsc,1-14,-0.13985462128825538,4,-0.1362085007118137,MAP_SCADA,123,0.003646120576441675
1,B_svc,2,0.296188187833812,4,0.2834171441114096,MAP_SCADA,123,0.012771043722402398
2,UPFC_Vsh,5-15,1.1026767779516253,4,1.1061144614829181,MAP_SCADA,123,0.0034376835312928122
3,UPFC_tsh,5-15,-0.22641506895827404,4,-0.22820827284701373,MAP_SCADA,123,0.0017932038887396862
4,UPFC_Vse,5-15,0.06010991456421456,4,0.06039227665787877,MAP_SCADA,123,0.0002823620936642096
5,UPFC_tse,5-15,-2.149924163840019,4,-2.1428035663817044,MAP_SCADA,123,0.007120597458314393
0,x_tcsc,1-14,-0.13746500879930573,5,-0.1362085007118137,MAP_SCADA,123,0.001256508087492031
1,B_svc,2,0.3034607542918911,5,0.2834171441114096,MAP_SCADA,123,0.020043610180481508
2,UPFC_Vsh,5-15,1.1006785286143699,5,1.1061144614829181,MAP_SCADA,123,0.0054359328685482655
3,UPFC_tsh,5-15,-0.2273157736710889,5,-0.22820827284701373,MAP_SCADA,123,0.0008924991759248213
4,UPFC_Vse,5-15,0.06056989728741583,5,0.06039227665787877,MAP_SCADA,123,0.0001776206295370647
5,UPFC_tse,5-15,-2.1453666812389707,5,-2.1428035663817044,MAP_SCADA,123,0.0025631148572662354
0,x_tcsc,1-14,-0.13955901033275867,6,-0.1362085007118137,MAP_SCADA,123,0.0033505096209449636
1,B_svc,2,0.29902140685599293,6,0.2834171441114096,MAP_SCADA,123,0.01560426274458332
2,UPFC_Vsh,5-15,1.1051095689335,6,1.1061144614829181,MAP_SCADA,123,0.001004892549418157
3,UPFC_tsh,5-15,-0.22587728813114563,6,-0.22820827284701373,MAP_SCADA,123,0.002330984715868095
4,UPFC_Vse,5-15,0.06015700877506486,6,0.06039227665787877,MAP_SCADA,123,0.0002352678828139096
5,UPFC_tse,5-15,-2.1523236559127263,6,-2.1428035663817044,MAP_SCADA,123,0.009520089531021902
0,x_tcsc,1-14,-0.13802243210717918,7,-0.1362085007118137,MAP_SCADA,123,0.0018139313953654812
1,B_svc,2,0.2995903326742413,7,0.2834171441114096,MAP_SCADA,123,0.016173188562831675
2,UPFC_Vsh,5-15,1.1043946694822493,7,1.1061144614829181,MAP_SCADA,123,0.0017197920006688516
3,UPFC_tsh,5-15,-0.22658864844167736,7,-0.22820827284701373,MAP_SCADA,123,0.0016196244053363618
4,UPFC_Vse,5-15,0.05985353630766828,7,0.06039227665787877,MAP_SCADA,123,0.0005387403502104884
5,UPFC_tse,5-15,-2.154106660539906,7,-2.1428035663817044,MAP_SCADA,123,0.011303094158201521
0,x_tcsc,1-14,-0.13776651479993207,8,-0.1362085007118137,MAP_SCADA,123,0.0015580140881183702
1,B_svc,2,0.3034020605098786,8,0.2834171441114096,MAP_SCADA,123,0.019984916398469
2,UPFC_Vsh,5-15,1.1038155449859017,8,1.1061144614829181,MAP_SCADA,123,0.002298916497016412
3,UPFC_tsh,5-15,-0.22729311200001734,8,-0.22820827284701373,MAP_SCADA,123,0.0009151608469963879
4,UPFC_Vse,5-15,0.06036461132298206,8,0.06039227665787877,MAP_SCADA,123,2.7665334896703753e-05
5,UPFC_tse,5-15,-2.1549856065944772,8,-2.1428035663817044,MAP_SCADA,123,0.012182040212772804
0,x_tcsc,1-14,-0.13859247186509066,9,-0.1362085007118137,MAP_SCADA,123,0.002383971153276959
1,B_svc,2,0.29578539085512373,9,0.2834171441114096,MAP_SCADA,123,0.012368246743714117
2,UPFC_Vsh,5-15,1.104393061880654,9,1.1061144614829181,MAP_SCADA,123,0.0017213996022642508
3,UPFC_tsh,5-15,-0.2264243969300444,9,-0.22820827284701373,MAP_SCADA,123,0.0017838759169693241
4,UPFC_Vse,5-15,0.060495454335872195,9,0.06039227665787877,MAP_SCADA,123,0.0001031776779934282
5,UPFC_tse,5-15,-2.1472225881378324,9,-2.1428035663817044,MAP_SCADA,123,0.004419021756127961
0,x_tcsc,1-14,-0.14084676336732707,10,-0.1362085007118137,MAP_SCADA,123,0.00463826265551337
1,B_svc,2,0.2932031951219014,10,0.2834171441114096,MAP_SCADA,123,0.009786051010491792
2,UPFC_Vsh,5-15,1.1049799922854475,10,1.1061144614829181,MAP_SCADA,123,0.0011344691974706222
3,UPFC_tsh,5-15,-0.22493217726351936,10,-0.22820827284701373,MAP_SCADA,123,0.0032760955834943706
4,UPFC_Vse,5-15,0.060052763771416585,10,0.06039227665787877,MAP_SCADA,123,0.0003395128864621816
5,UPFC_tse,5-15,-2.148328019767737,10,-2.1428035663817044,MAP_SCADA,123,0.0055244533860325795
0,x_tcsc,1-14,-0.13935090874779182,11,-0.1362085007118137,MAP_SCADA,123,0.0031424080359781226
1,B_svc,2,0.3000827842332406,11,0.2834171441114096,MAP_SCADA,123,0.01666564012183097
2,UPFC_Vsh,5-15,1.104322749806619,11,1.1061144614829181,MAP_SCADA,123,0.0017917116762991014
3,UPFC_tsh,5-15,-0.22644285374367815,11,-0.22820827284701373,MAP_SCADA,123,0.0017654191033355804
4,UPFC_Vse,5-15,0.06061384937727731,11,0.06039227665787877,MAP_SCADA,123,0.00022157271939854395
5,UPFC_tse,5-15,-2.1500395355490904,11,-2.1428035663817044,MAP_SCADA,123,0.007235969167386003
0,x_tcsc,1-14,-0.13886661964430397,12,-0.1362085007118137,MAP_SCADA,123,0.0026581189324902665
1,B_svc,2,0.30316520299571653,12,0.2834171441114096,MAP_SCADA,123,0.019748058884306918
2,UPFC_Vsh,5-15,1.1014851436299993,12,1.1061144614829181,MAP_SCADA,123,0.004629317852918868
3,UPFC_tsh,5-15,-0.2265947577998115,12,-0.22820827284701373,MAP_SCADA,123,0.0016135150472022242
4,UPFC_Vse,5-15,0.05951054582410368,12,0.06039227665787877,MAP_SCADA,123,0.0008817308337750879
5,UPFC_tse,5-15,-2.1481486842702813,12,-2.1428035663817044,MAP_SCADA,123,0.0053451178885768336
0,x_tcsc,1-14,-0.13751298016279592,13,-0.1362085007118137,MAP_SCADA,123,0.001304479450982221
1,B_svc,2,0.30138813066979114,13,0.2834171441114096,MAP_SCADA,123,0.01797098655838153
2,UPFC_Vsh,5-15,1.1048805629058702,13,1.1061144614829181,MAP_SCADA,123,0.0012338985770479205
3,UPFC_tsh,5-15,-0.22692624201313333,13,-0.22820827284701373,MAP_SCADA,123,0.0012820308338803987
4,UPFC_Vse,5-15,0.05976662311998865,13,0.06039227665787877,MAP_SCADA,123,0.0006256535378901182
5,UPFC_tse,5-15,-2.1511226488263433,13,-2.1428035663817044,MAP_SCADA,123,0.008319082444638859
0,x_tcsc,1-14,-0.1387119073551927,14,-0.1362085007118137,MAP_SCADA,123,0.0025034066433790025
1,B_svc,2,0.2991060203265386,14,0.2834171441114096,MAP_SCADA,123,0.01568887621512899
2,UPFC_Vsh,5-15,1.1043098255803496,14,1.1061144614829181,MAP_SCADA,123,0.0018046359025685188
3,UPFC_tsh,5-15,-0.22659362725435733,14,-0.22820827284701373,MAP_SCADA,123,0.001614645592656394
4,UPFC_Vse,5-15,0.05993925440151864,14,0.06039227665787877,MAP_SCADA,123,0.00045302225636012494
5,UPFC_tse,5-15,-2.147403003091212,14,-2.1428035663817044,MAP_SCADA,123,0.004599436709507465
0,x_tcsc,1-14,-0.1401347877250689,15,-0.1362085007118137,MAP_SCADA,123,0.003926287013255203
1,B_svc,2,0.29719327447259053,15,0.2834171441114096,MAP_SCADA,123,0.013776130361180916
2,UPFC_Vsh,5-15,1.10514278782043,15,1.1061144614829181,MAP_SCADA,123,0.0009716736624880706
3,UPFC_tsh,5-15,-0.22475059684335258,15,-0.22820827284701373,MAP_SCADA,123,0.0034576760036611476
4,UPFC_Vse,5-15,0.05974653222629669,15,0.06039227665787877,MAP_SCADA,123,0.0006457444315820793
5,UPFC_tse,5-15,-2.1454506699074596,15,-2.1428035663817044,MAP_SCADA,123,0.0026471035257551456
0,x_tcsc,1-14,-0.13657497542089506,16,-0.1362085007118137,MAP_SCADA,123,0.0003664747090813547
1,B_svc,2,0.3050354964593784,16,0.2834171441114096,MAP_SCADA,123,0.021618352347968772
2,UPFC_Vsh,5-15,1.1042529235454521,16,1.1061144614829181,MAP_SCADA,123,0.001861537937466018
3,UPFC_tsh,5-15,-0.2272530051578728,16,-0.22820827284701373,MAP_SCADA,123,0.0009552676891409206
4,UPFC_Vse,5-15,0.05994727137748766,16,0.06039227665787877,MAP_SCADA,123,0.0004450052803911045
5,UPFC_tse,5-15,-2.1525110522626387,16,-2.1428035663817044,MAP_SCADA,123,0.009707485880934286
0,x_tcsc,1-14,-0.14031858933454772,17,-0.1362085007118137,MAP_SCADA,123,0.004110088622734015
1,B_svc,2,0.29837338229458993,17,0.2834171441114096,MAP_SCADA,123,0.014956238183180315
2,UPFC_Vsh,5-15,1.1048099590733964,17,1.1061144614829181,MAP_SCADA,123,0.001304502409521735
3,UPFC_tsh,5-15,-0.2258268842497113,17,-0.22820827284701373,MAP_SCADA,123,0.002381388597302414
4,UPFC_Vse,5-15,0.060018761302233874,17,0.06039227665787877,MAP_SCADA,123,0.00037351535564489335
5,UPFC_tse,5-15,-2.1445126629522857,17,-2.1428035663817044,MAP_SCADA,123,0.00170909657058127
0,x_tcsc,1-14,-0.13862398376095758,18,-0.1362085007118137,MAP_SCADA,123,0.0024154830491438795
1,B_svc,2,0.30051063411948875,18,0.2834171441114096,MAP_SCADA,123,0.017093490008079137
2,UPFC_Vsh,5-15,1.1036263093848822,18,1.1061144614829181,MAP_SCADA,123,0.0024881520980359895
3,UPFC_tsh,5-15,-0.22631897737870346,18,-0.22820827284701373,MAP_SCADA,123,0.0018892954683102647
4,UPFC_Vse,5-15,0.06059917772140851,18,0.06039227665787877,MAP_SCADA,123,0.00020690106352974635
5,UPFC_tse,5-15,-2.1481598405459894,18,-2.1428035663817044,MAP_SCADA,123,0.005356274164284969
0,x_tcsc,1-14,-0.13997150805289785,19,-0.1362085007118137,MAP_SCADA,123,0.003763007341084146
1,B_svc,2,0.2975385393396756,19,0.2834171441114096,MAP_SCADA,123,0.014121395228265998
2,UPFC_Vsh,5-15,1.102397254952331,19,1.1061144614829181,MAP_SCADA,123,0.003717206530587047
3,UPFC_tsh,5-15,-0.22583042910126308,19,-0.22820827284701373,MAP_SCADA,123,0.0023778437457506463
4,UPFC_Vse,5-15,0.06029962107356366,19,0.06039227665787877,MAP_SCADA,123,9.265558431510723e-05
5,UPFC_tse,5-15,-2.1511675257445853,19,-2.1428035663817044,MAP_SCADA,123,0.008363959362880813
0,x_tcsc,1-14,-0.13996105232389777,20,-0.1362085007118137,MAP_SCADA,123,0.0037525516120840707
1,B_svc,2,0.2921272452893663,20,0.2834171441114096,MAP_SCADA,123,0.008710101177956675
2,UPFC_Vsh,5-15,1.1059558536829384,20,1.1061144614829181,MAP_SCADA,123,0.00015860779997978192
3,UPFC_tsh,5-15,-0.22446458794532617,20,-0.22820827284701373,MAP_SCADA,123,0.003743684901687555
4,UPFC_Vse,5-15,0.05986600732266241,20,0.06039227665787877,MAP_SCADA,123,0.0005262693352163575
5,UPFC_tse,5-15,-2.1451598095664512,20,-2.1428035663817044,MAP_SCADA,123,0.002356243184746809
0,x_tcsc,1-14,-0.13822667342328782,21,-0.1362085007118137,MAP_SCADA,123,0.0020181727114741144
1,B_svc,2,0.2972723864116842,21,0.2834171441114096,MAP_SCADA,123,0.013855242300274573
2,UPFC_Vsh,5-15,1.1041169664709394,21,1.1061144614829181,MAP_SCADA,123,0.001997495011978767
3,UPFC_tsh,5-15,-0.22696494078320859,21,-0.22820827284701373,MAP_SCADA,123,0.0012433320638051415
4,UPFC_Vse,5-15,0.06022746905635116,21,0.06039227665787877,MAP_SCADA,123,0.00016480760152760843
5,UPFC_tse,5-15,-2.152488046930867,21,-2.1428035663817044,MAP_SCADA,123,0.00968448054916271
0,x_tcsc,1-14,-0.1385780621689011,22,-0.1362085007118137,MAP_SCADA,123,0.002369561457087388
1,B_svc,2,0.295866779953715,22,0.2834171441114096,MAP_SCADA,123,0.012449635842305407
2,UPFC_Vsh,5-15,1.1060783732776556,22,1.1061144614829181,MAP_SCADA,123,3.608820526257439e-05
3,UPFC_tsh,5-15,-0.22534572355539284,22,-0.22820827284701373,MAP_SCADA,123,0.002862549291620886
4,UPFC_Vse,5-15,0.059450675865346955,22,0.06039227665787877,MAP_SCADA,123,0.0009416007925318118
5,UPFC_tse,5-15,-2.1468013562424364,22,-2.1428035663817044,MAP_SCADA,123,0.0039977898607319595
0,x_tcsc,1-14,-0.1402901868998003,23,-0.1362085007118137,MAP_SCADA,123,0.0040816861879865995
1,B_svc,2,0.28873643190744297,23,0.2834171441114096,MAP_SCADA,123,0.005319287796033356
2,UPFC_Vsh,5-15,1.104882461923429,23,1.1061144614829181,MAP_SCADA,123,0.0012319995594891608
3,UPFC_tsh,5-15,-0.2252051158164447,23,-0.22820827284701373,MAP_SCADA,123,0.003003157030569026
4,UPFC_Vse,5-15,0.0602245918602625,23,0.06039227665787877,MAP_SCADA,123,0.00016768479761626598
5,UPFC_tse,5-15,-2.143819747526403,23,-2.1428035663817044,MAP_SCADA,123,0.0010161811446987024
0,x_tcsc,1-14,-0.1392743045440156,24,-0.1362085007118137,MAP_SCADA,123,0.0030658038322018966
1,B_svc,2,0.29738585302713844,24,0.2834171441114096,MAP_SCADA,123,0.013968708915728822
2,UPFC_Vsh,5-15,1.1045794019361654,24,1.1061144614829181,MAP_SCADA,123,0.001535059546752704
3,UPFC_tsh,5-15,-0.22649652881257448,24,-0.22820827284701373,MAP_SCADA,123,0.0017117440344392443
4,UPFC_Vse,5-15,0.060071837795885465,24,0.06039227665787877,MAP_SCADA,123,0.0003204388619933024
5,UPFC_tse,5-15,-2.1422016412545237,24,-2.1428035663817044,MAP_SCADA,123,0.0006019251271807136
0,x_tcsc,1-14,-0.1377908231437233,25,-0.1362085007118137,MAP_SCADA,123,0.0015823224319095885
1,B_svc,2,0.3061252413607257,25,0.2834171441114096,MAP_SCADA,123,0.022708097249316106
2,UPFC_Vsh,5-15,1.1034073057683083,25,1.1061144614829181,MAP_SCADA,123,0.002707155714609888
3,UPFC_tsh,5-15,-0.22768260667530446,25,-0.22820827284701373,MAP_SCADA,123,0.0005256661717092659
4,UPFC_Vse,5-15,0.06020619773713513,25,0.06039227665787877,MAP_SCADA,123,0.0001860789207436403
5,UPFC_tse,5-15,-2.150180709765505,25,-2.1428035663817044,MAP_SCADA,123,0.007377143383800355
0,x_tcsc,1-14,-0.1385486551204919,26,-0.1362085007118137,MAP_SCADA,123,0.0023401544086781856
1,B_svc,2,0.300807778883365,26,0.2834171441114096,MAP_SCADA,123,0.017390634771955404
2,UPFC_Vsh,5-15,1.1039094048672455,26,1.1061144614829181,MAP_SCADA,123,0.002205056615672607
3,UPFC_tsh,5-15,-0.2259080636694409,26,-0.22820827284701373,MAP_SCADA,123,0.002300209177572815
4,UPFC_Vse,5-15,0.0608357430479533,26,0.06039227665787877,MAP_SCADA,123,0.0004434663900745317
5,UPFC_tse,5-15,-2.1503445282371287,26,-2.1428035663817044,MAP_SCADA,123,0.0075409618554243
0,x_tcsc,1-14,-0.13881034278722607,27,-0.1362085007118137,MAP_SCADA,123,0.002601842075412364
1,B_svc,2,0.2914728599813028,27,0.2834171441114096,MAP_SCADA,123,0.008055715869893176
2,UPFC_Vsh,5-15,1.104849217491168,27,1.1061144614829181,MAP_SCADA,123,0.001265243991750209
3,UPFC_tsh,5-15,-0.225308752946577,27,-0.22820827284701373,MAP_SCADA,123,0.0028995199004367145
4,UPFC_Vse,5-15,0.06004084817340249,27,0.06039227665787877,MAP_SCADA,123,0.0003514284844762794
5,UPFC_tse,5-15,-2.148496938186742,27,-2.1428035663817044,MAP_SCADA,123,0.005693371805037373
0,x_tcsc,1-14,-0.13913273389529263,28,-0.1362085007118137,MAP_SCADA,123,0.002924233183478925
1,B_svc,2,0.296591253501489,28,0.2834171441114096,MAP_SCADA,123,0.013174109390079403
2,UPFC_Vsh,5-15,1.106067300145302,28,1.1061144614829181,MAP_SCADA,123,4.7161337616064e-05
3,UPFC_tsh,5-15,-0.2247781884335331,28,-0.22820827284701373,MAP_SCADA,123,0.0034300844134806385
4,UPFC_Vse,5-15,0.060115046821960276,28,0.06039227665787877,MAP_SCADA,123,0.00027722983591849104
5,UPFC_tse,5-15,-2.143399854831133,28,-2.1428035663817044,MAP_SCADA,123,0.0005962884494286058
0,x_tcsc,1-14,-0.13888452296679737,29,-0.1362085007118137,MAP_SCADA,123,0.002676022254983673
1,B_svc,2,0.2992698066686642,29,0.2834171441114096,MAP_SCADA,123,0.015852662557254593
2,UPFC_Vsh,5-15,1.10514048130782,29,1.1061144614829181,MAP_SCADA,123,0.0009739801750980881
3,UPFC_tsh,5-15,-0.22565557417003165,29,-0.22820827284701373,MAP_SCADA,123,0.0025526986769820736
4,UPFC_Vse,5-15,0.05959903426723671,29,0.06039227665787877,MAP_SCADA,123,0.0007932423906420599
5,UPFC_tse,5-15,-2.1487909286896563,29,-2.1428035663817044,MAP_SCADA,123,0.005987362307951827
0,x_tcsc,1-14,-0.13966994289115525,30,-0.1362085007118137,MAP_SCADA,123,0.0034614421793415506
1,B_svc,2,0.29765113418232697,30,0.2834171441114096,MAP_SCADA,123,0.014233990070917357
2,UPFC_Vsh,5-15,1.1025388252883417,30,1.1061144614829181,MAP_SCADA,123,0.003575636194576459
3,UPFC_tsh,5-15,-0.22632311264655752,30,-0.22820827284701373,MAP_SCADA,123,0.001885160200456204
4,UPFC_Vse,5-15,0.060273030760081885,30,0.06039227665787877,MAP_SCADA,123,0.00011924589779688244
5,UPFC_tse,5-15,-2.1470760271765768,30,-2.1428035663817044,MAP_SCADA,123,0.0042724607948723126
0,x_tcsc,1-14,-0.1396459351331978,31,-0.1362085007118137,MAP_SCADA,123,0.0034374344213841113
1,B_svc,2,0.29859178983973,31,0.2834171441114096,MAP_SCADA,123,0.01517464572832039
2,UPFC_Vsh,5-15,1.103772856341603,31,1.1061144614829181,MAP_SCADA,123,0.002341605141315206
3,UPFC_tsh,5-15,-0.22586435764479773,31,-0.22820827284701373,MAP_SCADA,123,0.002343915202215996
4,UPFC_Vse,5-15,0.060196723858506794,31,0.06039227665787877,MAP_SCADA,123,0.000195552799371973
5,UPFC_tse,5-15,-2.149224612485506,31,-2.1428035663817044,MAP_SCADA,123,0.006421046103801675
0,x_tcsc,1-14,-0.13746908066422436,32,-0.1362085007118137,MAP_SCADA,123,0.001260579952410662
1,B_svc,2,0.3038280239187001,32,0.2834171441114096,MAP_SCADA,123,0.020410879807290505
2,UPFC_Vsh,5-15,1.103889255951134,32,1.1061144614829181,MAP_SCADA,123,0.00222520553178418
3,UPFC_tsh,5-15,-0.22775698399944186,32,-0.22820827284701373,MAP_SCADA,123,0.00045128884757186793
4,UPFC_Vse,5-15,0.06038293076645081,32,0.06039227665787877,MAP_SCADA,123,9.345891427960107e-06
5,UPFC_tse,5-15,-2.1500529755168016,32,-2.1428035663817044,MAP_SCADA,123,0.007249409135097196
0,x_tcsc,1-14,-0.1407724381384244,33,-0.1362085007118137,MAP_SCADA,123,0.004563937426610709
1,B_svc,2,0.29109702121632824,33,0.2834171441114096,MAP_SCADA,123,0.007679877104918631
2,UPFC_Vsh,5-15,1.1061593864183283,33,1.1061144614829181,MAP_SCADA,123,4.492493541019549e-05
3,UPFC_tsh,5-15,-0.22444767867505602,33,-0.22820827284701373,MAP_SCADA,123,0.003760594171957704
4,UPFC_Vse,5-15,0.05977371883798552,33,0.06039227665787877,MAP_SCADA,123,0.0006185578198932493
5,UPFC_tse,5-15,-2.14828422550704,33,-2.1428035663817044,MAP_SCADA,123,0.005480659125335574
0,x_tcsc,1-14,-0.1396247852341707,34,-0.1362085007118137,MAP_SCADA,123,0.0034162845223570104
1,B_svc,2,0.29625064662459444,34,0.2834171441114096,MAP_SCADA,123,0.012833502513184825
2,UPFC_Vsh,5-15,1.104409373734565,34,1.1061144614829181,MAP_SCADA,123,0.0017050877483530957
3,UPFC_tsh,5-15,-0.2260998187080884,34,-0.22820827284701373,MAP_SCADA,123,0.0021084541389253253
4,UPFC_Vse,5-15,0.060423493335265026,34,0.06039227665787877,MAP_SCADA,123,3.121667738625877e-05
5,UPFC_tse,5-15,-2.148531035273312,34,-2.1428035663817044,MAP_SCADA,123,0.005727468891607579
0,x_tcsc,1-14,-0.13747071296096938,35,-0.1362085007118137,MAP_SCADA,123,0.0012622122491556809
1,B_svc,2,0.2970031945926777,35,0.2834171441114096,MAP_SCADA,123,0.013586050481268097
2,UPFC_Vsh,5-15,1.1043141540277561,35,1.1061144614829181,MAP_SCADA,123,0.0018003074551620202
3,UPFC_tsh,5-15,-0.22689694102156815,35,-0.22820827284701373,MAP_SCADA,123,0.001311331825445572
4,UPFC_Vse,5-15,0.06012317071876644,35,0.06039227665787877,MAP_SCADA,123,0.0002691059391123282
5,UPFC_tse,5-15,-2.149481545118172,35,-2.1428035663817044,MAP_SCADA,123,0.0066779787364676935
0,x_tcsc,1-14,-0.14022767642520453,36,-0.1362085007118137,MAP_SCADA,123,0.004019175713390832
1,B_svc,2,0.2945503832650932,36,0.2834171441114096,MAP_SCADA,123,0.011133239153683583
2,UPFC_Vsh,5-15,1.1042972523376584,36,1.1061144614829181,MAP_SCADA,123,0.001817209145259735
3,UPFC_tsh,5-15,-0.22502397668760352,36,-0.22820827284701373,MAP_SCADA,123,0.0031842961594102104
4,UPFC_Vse,5-15,0.05990084617611401,36,0.06039227665787877,MAP_SCADA,123,0.0004914304817647541
5,UPFC_tse,5-15,-2.145775581524078,36,-2.1428035663817044,MAP_SCADA,123,0.002972015142373774
0,x_tcsc,1-14,-0.13930864788106107,37,-0.1362085007118137,MAP_SCADA,123,0.0031001471692473637
1,B_svc,2,0.2985366169832528,37,0.2834171441114096,MAP_SCADA,123,0.015119472871843176
2,UPFC_Vsh,5-15,1.1055109564919188,37,1.1061144614829181,MAP_SCADA,123,0.0006035049909993706
3,UPFC_tsh,5-15,-0.22576395725073525,37,-0.22820827284701373,MAP_SCADA,123,0.0024443155962784735
4,UPFC_Vse,5-15,0.05957450635499889,37,0.06039227665787877,MAP_SCADA,123,0.0008177703028798763
5,UPFC_tse,5-15,-2.1485789670072792,37,-2.1428035663817044,MAP_SCADA,123,0.0057754006255748
0,x_tcsc,1-14,-0.13876399333863584,38,-0.1362085007118137,MAP_SCADA,123,0.0025554926268221423
1,B_svc,2,0.29775285732011453,38,0.2834171441114096,MAP_SCADA,123,0.014335713208704914
2,UPFC_Vsh,5-15,1.104689520361175,38,1.1061144614829181,MAP_SCADA,123,0.001424941121743073
3,UPFC_tsh,5-15,-0.22595945019195673,38,-0.22820827284701373,MAP_SCADA,123,0.0022488226550569923
4,UPFC_Vse,5-15,0.060351667486153455,38,0.06039227665787877,MAP_SCADA,123,4.060917172531153e-05
5,UPFC_tse,5-15,-2.1462755904313355,38,-2.1428035663817044,MAP_SCADA,123,0.003472024049631095
0,x_tcsc,1-14,-0.13888872058816598,39,-0.1362085007118137,MAP_SCADA,123,0.00268021987635228
1,B_svc,2,0.30026952731217943,39,0.2834171441114096,MAP_SCADA,123,0.016852383200769816
2,UPFC_Vsh,5-15,1.1035081667959006,39,1.1061144614829181,MAP_SCADA,123,0.002606294687017563
3,UPFC_tsh,5-15,-0.22685329721329714,39,-0.22820827284701373,MAP_SCADA,123,0.0013549756337165875
4,UPFC_Vse,5-15,0.060193805382303366,39,0.06039227665787877,MAP_SCADA,123,0.00019847127557540145
5,UPFC_tse,5-15,-2.1480449289464985,39,-2.1428035663817044,MAP_SCADA,123,0.0052413625647940165
0,x_tcsc,1-14,-0.1380881425081221,40,-0.1362085007118137,MAP_SCADA,123,0.0018796417963083956
1,B_svc,2,0.305150873703634,40,0.2834171441114096,MAP_SCADA,123,0.02173372959222436
2,UPFC_Vsh,5-15,1.1010648603053346,40,1.1061144614829181,MAP_SCADA,123,0.005049601177583574
3,UPFC_tsh,5-15,-0.2285433630113417,40,-0.22820827284701373,MAP_SCADA,123,0.000335090164327978
4,UPFC_Vse,5-15,0.06086204016250076,40,0.06039227665787877,MAP_SCADA,123,0.000469763504621995
5,UPFC_tse,5-15,-2.148631665556464,40,-2.1428035663817044,MAP_SCADA,123,0.005828099174759682
0,x_tcsc,1-14,-0.1387186169873437,41,-0.1362085007118137,MAP_SCADA,123,0.0025101162755299944
1,B_svc,2,0.29322018540771627,41,0.2834171441114096,MAP_SCADA,123,0.009803041296306658
2,UPFC_Vsh,5-15,1.1038591215574631,41,1.1061144614829181,MAP_SCADA,123,0.0022553399254550133
3,UPFC_tsh,5-15,-0.22602840755094478,41,-0.22820827284701373,MAP_SCADA,123,0.00217986529606895
4,UPFC_Vse,5-15,0.060643180625298665,41,0.06039227665787877,MAP_SCADA,123,0.0002509039674198979
5,UPFC_tse,5-15,-2.1511423510924637,41,-2.1428035663817044,MAP_SCADA,123,0.008338784710759217
0,x_tcsc,1-14,-0.1399054585652153,42,-0.1362085007118137,MAP_SCADA,123,0.0036969578534016
1,B_svc,2,0.29691859176243846,42,0.2834171441114096,MAP_SCADA,123,0.013501447651028842
2,UPFC_Vsh,5-15,1.1044028256050389,42,1.1061144614829181,MAP_SCADA,123,0.0017116358778792584
3,UPFC_tsh,5-15,-0.2256305853352938,42,-0.22820827284701373,MAP_SCADA,123,0.0025776875117199394
4,UPFC_Vse,5-15,0.060075035419874336,42,0.06039227665787877,MAP_SCADA,123,0.0003172412380044315
5,UPFC_tse,5-15,-2.144996823734121,42,-2.1428035663817044,MAP_SCADA,123,0.002193257352416378
0,x_tcsc,1-14,-0.13845023221293154,43,-0.1362085007118137,MAP_SCADA,123,0.0022417315011178385
1,B_svc,2,0.2982945498498663,43,0.2834171441114096,MAP_SCADA,123,0.014877405738456695
2,UPFC_Vsh,5-15,1.1058482160010459,43,1.1061144614829181,MAP_SCADA,123,0.0002662454818722626
3,UPFC_tsh,5-15,-0.2259417019098907,43,-0.22820827284701373,MAP_SCADA,123,0.0022665709371230136
4,UPFC_Vse,5-15,0.0596267769348247,43,0.06039227665787877,MAP_SCADA,123,0.0007654997230540639
5,UPFC_tse,5-15,-2.1476228475067285,43,-2.1428035663817044,MAP_SCADA,123,0.004819281125024055
0,x_tcsc,1-14,-0.139811517951264,44,-0.1362085007118137,MAP_SCADA,123,0.003603017239450307
1,B_svc,2,0.29671087376323174,44,0.2834171441114096,MAP_SCADA,123,0.013293729651822128
2,UPFC_Vsh,5-15,1.1028977831949425,44,1.1061144614829181,MAP_SCADA,123,0.0032166782879756717
3,UPFC_tsh,5-15,-0.22646896973694672,44,-0.22820827284701373,MAP_SCADA,123,0.0017393031100670087
4,UPFC_Vse,5-15,0.06049594237847763,44,0.06039227665787877,MAP_SCADA,123,0.00010366572059886114
5,UPFC_tse,5-15,-2.1480555669771535,44,-2.1428035663817044,MAP_SCADA,123,0.005252000595449058
0,x_tcsc,1-14,-0.14052857428117096,45,-0.1362085007118137,MAP_SCADA,123,0.004320073569357263
1,B_svc,2,0.29656433459849,45,0.2834171441114096,MAP_SCADA,123,0.013147190487080407
2,UPFC_Vsh,5-15,1.105353337485876,45,1.1061144614829181,MAP_SCADA,123,0.0007611239970422012
3,UPFC_tsh,5-15,-0.2250383220991583,45,-0.22820827284701373,MAP_SCADA,123,0.003169950747855421
4,UPFC_Vse,5-15,0.05983092960988044,45,0.06039227665787877,MAP_SCADA,123,0.0005613470479983243
5,UPFC_tse,5-15,-2.1495930852050207,45,-2.1428035663817044,MAP_SCADA,123,0.006789518823316243
0,x_tcsc,1-14,-0.13895079535319532,46,-0.1362085007118137,MAP_SCADA,123,0.0027422946413816207
1,B_svc,2,0.2964461038118466,46,0.2834171441114096,MAP_SCADA,123,0.013028959700436993
2,UPFC_Vsh,5-15,1.1048489870248948,46,1.1061144614829181,MAP_SCADA,123,0.0012654744580233857
3,UPFC_tsh,5-15,-0.22489720469760976,46,-0.22820827284701373,MAP_SCADA,123,0.0033110681494039618
4,UPFC_Vse,5-15,0.06055886878461661,46,0.06039227665787877,MAP_SCADA,123,0.00016659212673784257
5,UPFC_tse,5-15,-2.143860217935244,46,-2.1428035663817044,MAP_SCADA,123,0.0010566515535397336
0,x_tcsc,1-14,-0.13913388965149576,47,-0.1362085007118137,MAP_SCADA,123,0.0029253889396820554
1,B_svc,2,0.2984715848952935,47,0.2834171441114096,MAP_SCADA,123,0.015054440783883904
2,UPFC_Vsh,5-15,1.103504153241162,47,1.1061144614829181,MAP_SCADA,123,0.0026103082417561208
3,UPFC_tsh,5-15,-0.22569345557829593,47,-0.22820827284701373,MAP_SCADA,123,0.0025148172687178005
4,UPFC_Vse,5-15,0.0599048945666807,47,0.06039227665787877,MAP_SCADA,123,0.00048738209119806447
5,UPFC_tse,5-15,-2.147264956699322,47,-2.1428035663817044,MAP_SCADA,123,0.004461390317617386
0,x_tcsc,1-14,-0.1388308665670919,48,-0.1362085007118137,MAP_SCADA,123,0.002622365855278197
1,B_svc,2,0.2980432939421639,48,0.2834171441114096,MAP_SCADA,123,0.014626149830754276
2,UPFC_Vsh,5-15,1.1046129074545643,48,1.1061144614829181,MAP_SCADA,123,0.0015015540283538353
3,UPFC_tsh,5-15,-0.22600620862937293,48,-0.22820827284701373,MAP_SCADA,123,0.002202064217640798
4,UPFC_Vse,5-15,0.059986161692255846,48,0.06039227665787877,MAP_SCADA,123,0.000406114965622921
5,UPFC_tse,5-15,-2.1500646836679387,48,-2.1428035663817044,MAP_SCADA,123,0.007261117286234242
0,x_tcsc,1-14,-0.13678999882709117,49,-0.1362085007118137,MAP_SCADA,123,0.0005814981152774679
1,B_svc,2,0.3048122495750491,49,0.2834171441114096,MAP_SCADA,123,0.021395105463639486
2,UPFC_Vsh,5-15,1.1028142767271474,49,1.1061144614829181,MAP_SCADA,123,0.003300184755770763
3,UPFC_tsh,5-15,-0.22789640504364608,49,-0.22820827284701373,MAP_SCADA,123,0.00031186780336764364
4,UPFC_Vse,5-15,0.06019102860432917,49,0.06039227665787877,MAP_SCADA,123,0.0002012480535495964
5,UPFC_tse,5-15,-2.1502166423072926,49,-2.1428035663817044,MAP_SCADA,123,0.007413075925588153
0,x_tcsc,1-14,-0.13844327078259241,50,-0.1362085007118137,MAP_SCADA,123,0.0022347700707787133
1,B_svc,2,0.296185019327285,50,0.2834171441114096,MAP_SCADA,123,0.012767875215875413
2,UPFC_Vsh,5-15,1.103699644975238,50,1.1061144614829181,MAP_SCADA,123,0.002414816507680051
3,UPFC_tsh,5-15,-0.22623525675338108,50,-0.22820827284701373,MAP_SCADA,123,0.0019730160936326513
4,UPFC_Vse,5-15,0.060455226854863514,50,0.06039227665787877,MAP_SCADA,123,6.295019698474708e-05
5,UPFC_tse,5-15,-2.147736097903853,50,-2.1428035663817044,MAP_SCADA,123,0.004932531522148675
0,x_tcsc,1-14,-0.13932493877968363,51,-0.1362085007118137,MAP_SCADA,123,0.003116438067869931
1,B_svc,2,0.29545982958944195,51,0.2834171441114096,MAP_SCADA,123,0.012042685478032333
2,UPFC_Vsh,5-15,1.1041996971003738,51,1.1061144614829181,MAP_SCADA,123,0.0019147643825443428
3,UPFC_tsh,5-15,-0.2259362461468297,51,-0.22820827284701373,MAP_SCADA,123,0.002272026700184032
4,UPFC_Vse,5-15,0.060608605431686384,51,0.06039227665787877,MAP_SCADA,123,0.00021632877380761695
5,UPFC_tse,5-15,-2.147654032566646,51,-2.1428035663817044,MAP_SCADA,123,0.00485046618494156
0,x_tcsc,1-14,-0.13877429196352978,52,-0.1362085007118137,MAP_SCADA,123,0.0025657912517160764
1,B_svc,2,0.2955519365557847,52,0.2834171441114096,MAP_SCADA,123,0.012134792444375098
2,UPFC_Vsh,5-15,1.103401285053523,52,1.1061144614829181,MAP_SCADA,123,0.002713176429395059
3,UPFC_tsh,5-15,-0.2256970092293021,52,-0.22820827284701373,MAP_SCADA,123,0.0025112636177116177
4,UPFC_Vse,5-15,0.060037529394786515,52,0.06039227665787877,MAP_SCADA,123,0.00035474726309225185
5,UPFC_tse,5-15,-2.1502566117296222,52,-2.1428035663817044,MAP_SCADA,123,0.007453045347917797
0,x_tcsc,1-14,-0.13719206890746846,53,-0.1362085007118137,MAP_SCADA,123,0.0009835681956547604
1,B_svc,2,0.2997239554174644,53,0.2834171441114096,MAP_SCADA,123,0.01630681130605477
2,UPFC_Vsh,5-15,1.1040769980954428,53,1.1061144614829181,MAP_SCADA,123,0.0020374633874753467
3,UPFC_tsh,5-15,-0.22720083749051107,53,-0.22820827284701373,MAP_SCADA,123,0.0010074353565026617
4,UPFC_Vse,5-15,0.06010456096434186,53,0.06039227665787877,MAP_SCADA,123,0.00028771569353690934
5,UPFC_tse,5-15,-2.1545612967427794,53,-2.1428035663817044,MAP_SCADA,123,0.01175773036107497
0,x_tcsc,1-14,-0.13798824104664212,54,-0.1362085007118137,MAP_SCADA,123,0.0017797403348284169
1,B_svc,2,0.30227977719608706,54,0.2834171441114096,MAP_SCADA,123,0.01886263308467745
2,UPFC_Vsh,5-15,1.103186529193495,54,1.1061144614829181,MAP_SCADA,123,0.0029279322894231186
3,UPFC_tsh,5-15,-0.22683808163686253,54,-0.22820827284701373,MAP_SCADA,123,0.0013701912101511948
4,UPFC_Vse,5-15,0.06059927539276227,54,0.06039227665787877,MAP_SCADA,123,0.00020699873488350118
5,UPFC_tse,5-15,-2.1470201328700975,54,-2.1428035663817044,MAP_SCADA,123,0.004216566488393081
0,x_tcsc,1-14,-0.13861819969654465,55,-0.1362085007118137,MAP_SCADA,123,0.0024096989847309513
1,B_svc,2,0.2982281439530429,55,0.2834171441114096,MAP_SCADA,123,0.01481099984163331
2,UPFC_Vsh,5-15,1.1062975037791578,55,1.1061144614829181,MAP_SCADA,123,0.00018304229623966606
3,UPFC_tsh,5-15,-0.2256201950046325,55,-0.22820827284701373,MAP_SCADA,123,0.0025880778423812145
4,UPFC_Vse,5-15,0.06010544691893832,55,0.06039227665787877,MAP_SCADA,123,0.0002868297389404459
5,UPFC_tse,5-15,-2.1486231597502226,55,-2.1428035663817044,MAP_SCADA,123,0.005819593368518117
0,x_tcsc,1-14,-0.13821983146765665,56,-0.1362085007118137,MAP_SCADA,123,0.0020113307558429494
1,B_svc,2,0.3011376864684205,56,0.2834171441114096,MAP_SCADA,123,0.01772054235701087
2,UPFC_Vsh,5-15,1.104502511352792,56,1.1061144614829181,MAP_SCADA,123,0.0016119501301261607
3,UPFC_tsh,5-15,-0.22690992863944798,56,-0.22820827284701373,MAP_SCADA,123,0.0012983442075657492
4,UPFC_Vse,5-15,0.06015288344386399,56,0.06039227665787877,MAP_SCADA,123,0.0002393932140147756
5,UPFC_tse,5-15,-2.145879885001655,56,-2.1428035663817044,MAP_SCADA,123,0.003076318619950502
0,x_tcsc,1-14,-0.13767132395109832,57,-0.1362085007118137,MAP_SCADA,123,0.0014628232392846219
1,B_svc,2,0.29706997285255465,57,0.2834171441114096,MAP_SCADA,123,0.01365282874114504
2,UPFC_Vsh,5-15,1.1075096933847748,57,1.1061144614829181,MAP_SCADA,123,0.0013952319018566417
3,UPFC_tsh,5-15,-0.22571755461786697,57,-0.22820827284701373,MAP_SCADA,123,0.00249071822914676
4,UPFC_Vse,5-15,0.05995041538130148,57,0.06039227665787877,MAP_SCADA,123,0.00044186127657728363
5,UPFC_tse,5-15,-2.1442045134949352,57,-2.1428035663817044,MAP_SCADA,123,0.0014009471132307993
0,x_tcsc,1-14,-0.14025304881818126,58,-0.1362085007118137,MAP_SCADA,123,0.004044548106367563
1,B_svc,2,0.2943751922505254,58,0.2834171441114096,MAP_SCADA,123,0.010958048139115772
2,UPFC_Vsh,5-15,1.1043382438971199,58,1.1061144614829181,MAP_SCADA,123,0.0017762175857982676
3,UPFC_tsh,5-15,-0.22596942597343528,58,-0.22820827284701373,MAP_SCADA,123,0.0022388468735784484
4,UPFC_Vse,5-15,0.05989844619524658,58,0.06039227665787877,MAP_SCADA,123,0.0004938304626321902
5,UPFC_tse,5-15,-2.150392797073834,58,-2.1428035663817044,MAP_SCADA,123,0.007589230692129689
0,x_tcsc,1-14,-0.13948574348694037,59,-0.1362085007118137,MAP_SCADA,123,0.003277242775126671
1,B_svc,2,0.29361040067047306,59,0.2834171441114096,MAP_SCADA,123,0.010193256559063446
2,UPFC_Vsh,5-15,1.1024436446396637,59,1.1061144614829181,MAP_SCADA,123,0.003670816843254432
3,UPFC_tsh,5-15,-0.2260962852316475,59,-0.22820827284701373,MAP_SCADA,123,0.00211198761536624
4,UPFC_Vse,5-15,0.0603760348307006,59,0.06039227665787877,MAP_SCADA,123,1.6241827178166413e-05
5,UPFC_tse,5-15,-2.153027024774551,59,-2.1428035663817044,MAP_SCADA,123,0.010223458392846663
0,x_tcsc,1-14,-0.13734548040088565,60,-0.1362085007118137,MAP_SCADA,123,0.0011369796890719486
1,B_svc,2,0.3050931327260433,60,0.2834171441114096,MAP_SCADA,123,0.021675988614633712
2,UPFC_Vsh,5-15,1.1024510869435684,60,1.1061144614829181,MAP_SCADA,123,0.0036633745393497286
3,UPFC_tsh,5-15,-0.22792302563646952,60,-0.22820827284701373,MAP_SCADA,123,0.00028524721054420943
4,UPFC_Vse,5-15,0.05994697426279195,60,0.06039227665787877,MAP_SCADA,123,0.000445302395086819
5,UPFC_tse,5-15,-2.1533501829787167,60,-2.1428035663817044,MAP_SCADA,123,0.010546616597012282
0,x_tcsc,1-14,-0.13962038629562434,61,-0.1362085007118137,MAP_SCADA,123,0.003411885583810642
1,B_svc,2,0.2962995497542139,61,0.2834171441114096,MAP_SCADA,123,0.012882405642804295
2,UPFC_Vsh,5-15,1.1029814234863042,61,1.1061144614829181,MAP_SCADA,123,0.0031330379966139077
3,UPFC_tsh,5-15,-0.22586234776028932,61,-0.22820827284701373,MAP_SCADA,123,0.002345925086724404
4,UPFC_Vse,5-15,0.06022765102223543,61,0.06039227665787877,MAP_SCADA,123,0.00016462563564333815
5,UPFC_tse,5-15,-2.1501775445709037,61,-2.1428035663817044,MAP_SCADA,123,0.007373978189199271
0,x_tcsc,1-14,-0.1395880404530107,62,-0.1362085007118137,MAP_SCADA,123,0.0033795397411970074
1,B_svc,2,0.29959101759192003,62,0.2834171441114096,MAP_SCADA,123,0.016173873480510415
2,UPFC_Vsh,5-15,1.1049893981731653,62,1.1061144614829181,MAP_SCADA,123,0.0011250633097528162
3,UPFC_tsh,5-15,-0.2262864238321893,62,-0.22820827284701373,MAP_SCADA,123,0.0019218490148244227
4,UPFC_Vse,5-15,0.0599799436649154,62,0.06039227665787877,MAP_SCADA,123,0.0004123329929633657
5,UPFC_tse,5-15,-2.1470839299587956,62,-2.1428035663817044,MAP_SCADA,123,0.004280363577091162
0,x_tcsc,1-14,-0.13819293186036755,63,-0.1362085007118137,MAP_SCADA,123,0.0019844311485538446
1,B_svc,2,0.2947934783829856,63,0.2834171441114096,MAP_SCADA,123,0.011376334271575972
2,UPFC_Vsh,5-15,1.105386686753126,63,1.1061144614829181,MAP_SCADA,123,0.000727774729792241
3,UPFC_tsh,5-15,-0.226096774621023,63,-0.22820827284701373,MAP_SCADA,123,0.0021114982259907156
4,UPFC_Vse,5-15,0.06026503639942282,63,0.06039227665787877,MAP_SCADA,123,0.00012724025845594483
5,UPFC_tse,5-15,-2.1446743398568286,63,-2.1428035663817044,MAP_SCADA,123,0.00187077347512421
0,x_tcsc,1-14,-0.13921022468365188,64,-0.1362085007118137,MAP_SCADA,123,0.003001723971838177
1,B_svc,2,0.30291283652156065,64,0.2834171441114096,MAP_SCADA,123,0.019495692410151033
2,UPFC_Vsh,5-15,1.1017025311267963,64,1.1061144614829181,MAP_SCADA,123,0.004411930356121863
3,UPFC_tsh,5-15,-0.22647964204765078,64,-0.22820827284701373,MAP_SCADA,123,0.0017286307993629457
4,UPFC_Vse,5-15,0.06037988534906229,64,0.06039227665787877,MAP_SCADA,123,1.2391308816479818e-05
5,UPFC_tse,5-15,-2.1467661078239084,64,-2.1428035663817044,MAP_SCADA,123,0.003962541442203982
0,x_tcsc,1-14,-0.13754706013970006,65,-0.1362085007118137,MAP_SCADA,123,0.0013385594278863544
1,B_svc,2,0.3033542225314747,65,0.2834171441114096,MAP_SCADA,123,0.01993707842006509
2,UPFC_Vsh,5-15,1.102491949482756,65,1.1061144614829181,MAP_SCADA,123,0.003622512000162059
3,UPFC_tsh,5-15,-0.22779893595847883,65,-0.22820827284701373,MAP_SCADA,123,0.0004093368885348947
4,UPFC_Vse,5-15,0.060129879626394565,65,0.06039227665787877,MAP_SCADA,123,0.0002623970314842017
5,UPFC_tse,5-15,-2.151886632505937,65,-2.1428035663817044,MAP_SCADA,123,0.009083066124232708
0,x_tcsc,1-14,-0.13851879659942265,66,-0.1362085007118137,MAP_SCADA,123,0.0023102958876089486
1,B_svc,2,0.30098243833297045,66,0.2834171441114096,MAP_SCADA,123,0.017565294221560834
2,UPFC_Vsh,5-15,1.1037986787727152,66,1.1061144614829181,MAP_SCADA,123,0.0023157827102029405
3,UPFC_tsh,5-15,-0.2266876249058762,66,-0.22820827284701373,MAP_SCADA,123,0.0015206479411375151
4,UPFC_Vse,5-15,0.059659010943204104,66,0.06039227665787877,MAP_SCADA,123,0.0007332657146746635
5,UPFC_tse,5-15,-2.145454356885726,66,-2.1428035663817044,MAP_SCADA,123,0.002650790504021394
0,x_tcsc,1-14,-0.13891729932627214,67,-0.1362085007118137,MAP_SCADA,123,0.002708798614458441
1,B_svc,2,0.29894763571785266,67,0.2834171441114096,MAP_SCADA,123,0.015530491606443042
2,UPFC_Vsh,5-15,1.1052742411757022,67,1.1061144614829181,MAP_SCADA,123,0.0008402203072159775
3,UPFC_tsh,5-15,-0.22678710475996916,67,-0.22820827284701373,MAP_SCADA,123,0.0014211680870445664
4,UPFC_Vse,5-15,0.06021758539380588,67,0.06039227665787877,MAP_SCADA,123,0.0001746912640728862
5,UPFC_tse,5-15,-2.1460217532626857,67,-2.1428035663817044,MAP_SCADA,123,0.0032181868809812997
0,x_tcsc,1-14,-0.1400113610368814,68,-0.1362085007118137,MAP_SCADA,123,0.0038028603250676862
1,B_svc,2,0.2886082954586116,68,0.2834171441114096,MAP_SCADA,123,0.005191151347201994
2,UPFC_Vsh,5-15,1.1086243994812912,68,1.1061144614829181,MAP_SCADA,123,0.0025099379983730685
3,UPFC_tsh,5-15,-0.22463470542028693,68,-0.22820827284701373,MAP_SCADA,123,0.0035735674267267925
4,UPFC_Vse,5-15,0.05987369804048943,68,0.06039227665787877,MAP_SCADA,123,0.0005185786173893397
5,UPFC_tse,5-15,-2.1449589252236083,68,-2.1428035663817044,MAP_SCADA,123,0.002155358841903876
0,x_tcsc,1-14,-0.1391771725391201,69,-0.1362085007118137,MAP_SCADA,123,0.002968671827306396
1,B_svc,2,0.2949481090376491,69,0.2834171441114096,MAP_SCADA,123,0.011530964926239506
2,UPFC_Vsh,5-15,1.1044387529335438,69,1.1061144614829181,MAP_SCADA,123,0.0016757085493743773
3,UPFC_tsh,5-15,-0.2255383734968782,69,-0.22820827284701373,MAP_SCADA,123,0.002669899350135535
4,UPFC_Vse,5-15,0.06053740626463348,69,0.06039227665787877,MAP_SCADA,123,0.00014512960675470976
5,UPFC_tse,5-15,-2.147341439047312,69,-2.1428035663817044,MAP_SCADA,123,0.004537872665607345
0,x_tcsc,1-14,-0.14030892296009884,70,-0.1362085007118137,MAP_SCADA,123,0.004100422248285135
1,B_svc,2,0.28916581192604307,70,0.2834171441114096,MAP_SCADA,123,0.005748667814633457
2,UPFC_Vsh,5-15,1.105617684280865,70,1.1061144614829181,MAP_SCADA,123,0.0004967772020532113
3,UPFC_tsh,5-15,-0.22463776111187436,70,-0.22820827284701373,MAP_SCADA,123,0.0035705117351393645
4,UPFC_Vse,5-15,0.05922766099819131,70,0.06039227665787877,MAP_SCADA,123,0.0011646156596874582
5,UPFC_tse,5-15,-2.146793521944589,70,-2.1428035663817044,MAP_SCADA,123,0.003989955562884617
0,x_tcsc,1-14,-0.13912161106384616,71,-0.1362085007118137,MAP_SCADA,123,0.0029131103520324553
1,B_svc,2,0.29390301176538924,71,0.2834171441114096,MAP_SCADA,123,0.01048586765397963
2,UPFC_Vsh,5-15,1.1066642973847154,71,1.1061144614829181,MAP_SCADA,123,0.0005498359017972465
3,UPFC_tsh,5-15,-0.225605363251747,71,-0.22820827284701373,MAP_SCADA,123,0.002602909595266739
4,UPFC_Vse,5-15,0.05939111103551805,71,0.06039227665787877,MAP_SCADA,123,0.0010011656223607168
5,UPFC_tse,5-15,-2.1477863279580256,71,-2.1428035663817044,MAP_SCADA,123,0.00498276157632116
0,x_tcsc,1-14,-0.14056060725207833,72,-0.1362085007118137,MAP_SCADA,123,0.004352106540264633
1,B_svc,2,0.2905575884448555,72,0.2834171441114096,MAP_SCADA,123,0.007140444333445906
2,UPFC_Vsh,5-15,1.1041119417122978,72,1.1061144614829181,MAP_SCADA,123,0.0020025197706203812
3,UPFC_tsh,5-15,-0.22535657625741115,72,-0.22820827284701373,MAP_SCADA,123,0.002851696589602576
4,UPFC_Vse,5-15,0.060107674310286366,72,0.06039227665787877,MAP_SCADA,123,0.00028460234759240116
5,UPFC_tse,5-15,-2.1468883355909685,72,-2.1428035663817044,MAP_SCADA,123,0.004084769209264039
0,x_tcsc,1-14,-0.1388155879410626,73,-0.1362085007118137,MAP_SCADA,123,0.0026070872292489056
1,B_svc,2,0.2955615078968038,73,0.2834171441114096,MAP_SCADA,123,0.012144363785394185
2,UPFC_Vsh,5-15,1.105298350292251,73,1.1061144614829181,MAP_SCADA,123,0.000816111190667046
3,UPFC_tsh,5-15,-0.22593649996615559,73,-0.22820827284701373,MAP_SCADA,123,0.0022717728808581417
4,UPFC_Vse,5-15,0.05985474709110416,73,0.06039227665787877,MAP_SCADA,123,0.0005375295667746083
5,UPFC_tse,5-15,-2.1511679849735295,73,-2.1428035663817044,MAP_SCADA,123,0.008364418591825018
0,x_tcsc,1-14,-0.1398233764460126,74,-0.1362085007118137,MAP_SCADA,123,0.0036148757341988857
1,B_svc,2,0.2954338977334575,74,0.2834171441114096,MAP_SCADA,123,0.012016753622047904
2,UPFC_Vsh,5-15,1.1071480139212553,74,1.1061144614829181,MAP_SCADA,123,0.0010335524383371375
3,UPFC_tsh,5-15,-0.22453926962252754,74,-0.22820827284701373,MAP_SCADA,123,0.0036690032244861837
4,UPFC_Vse,5-15,0.060687580449417494,74,0.06039227665787877,MAP_SCADA,123,0.00029530379153872716
5,UPFC_tse,5-15,-2.14433718069863,74,-2.1428035663817044,MAP_SCADA,123,0.0015336143169255578
0,x_tcsc,1-14,-0.13985189874829726,75,-0.1362085007118137,MAP_SCADA,123,0.0036433980364835583
1,B_svc,2,0.29688805571872745,75,0.2834171441114096,MAP_SCADA,123,0.013470911607317837
2,UPFC_Vsh,5-15,1.1046618916641544,75,1.1061144614829181,MAP_SCADA,123,0.0014525698187637381
3,UPFC_tsh,5-15,-0.22601035217733573,75,-0.22820827284701373,MAP_SCADA,123,0.0021979206696779996
4,UPFC_Vse,5-15,0.06080895520400906,75,0.06039227665787877,MAP_SCADA,123,0.0004166785461302905
5,UPFC_tse,5-15,-2.1404242421104898,75,-2.1428035663817044,MAP_SCADA,123,0.002379324271214678
0,x_tcsc,1-14,-0.13957144471102523,76,-0.1362085007118137,MAP_SCADA,123,0.003362943999211526
1,B_svc,2,0.2923765380368501,76,0.2834171441114096,MAP_SCADA,123,0.008959393925440484
2,UPFC_Vsh,5-15,1.1054871009105336,76,1.1061144614829181,MAP_SCADA,123,0.0006273605723845499
3,UPFC_tsh,5-15,-0.22482937095352573,76,-0.22820827284701373,MAP_SCADA,123,0.0033789018934879955
4,UPFC_Vse,5-15,0.06030011511679539,76,0.06039227665787877,MAP_SCADA,123,9.216154108337982e-05
5,UPFC_tse,5-15,-2.1476767706995723,76,-2.1428035663817044,MAP_SCADA,123,0.004873204317867863
0,x_tcsc,1-14,-0.13862326408102932,77,-0.1362085007118137,MAP_SCADA,123,0.0024147633692156167
1,B_svc,2,0.297354900166559,77,0.2834171441114096,MAP_SCADA,123,0.013937756055149408
2,UPFC_Vsh,5-15,1.1047507912466037,77,1.1061144614829181,MAP_SCADA,123,0.0013636702363144515
3,UPFC_tsh,5-15,-0.22604008379772728,77,-0.22820827284701373,MAP_SCADA,123,0.002168189049286451
4,UPFC_Vse,5-15,0.05988669983780915,77,0.06039227665787877,MAP_SCADA,123,0.000505576820069617
5,UPFC_tse,5-15,-2.149920976773672,77,-2.1428035663817044,MAP_SCADA,123,0.00711741039196756
0,x_tcsc,1-14,-0.14014173897371188,78,-0.1362085007118137,MAP_SCADA,123,0.003933238261898175
1,B_svc,2,0.29808804198602606,78,0.2834171441114096,MAP_SCADA,123,0.014670897874616451
2,UPFC_Vsh,5-15,1.1020250874796236,78,1.1061144614829181,MAP_SCADA,123,0.004089374003294566
3,UPFC_tsh,5-15,-0.22709406986485264,78,-0.22820827284701373,MAP_SCADA,123,0.0011142029821610833
4,UPFC_Vse,5-15,0.06038098624706862,78,0.06039227665787877,MAP_SCADA,123,1.1290410810146922e-05
5,UPFC_tse,5-15,-2.147555642474961,78,-2.1428035663817044,MAP_SCADA,123,0.004752076093256452
0,x_tcsc,1-14,-0.138494991935145,79,-0.1362085007118137,MAP_SCADA,123,0.0022864912233312995
1,B_svc,2,0.29935793585946774,79,0.2834171441114096,MAP_SCADA,123,0.015940791748058125
2,UPFC_Vsh,5-15,1.1044861845431309,79,1.1061144614829181,MAP_SCADA,123,0.0016282769397872876
3,UPFC_tsh,5-15,-0.2267156972470802,79,-0.22820827284701373,MAP_SCADA,123,0.0014925755999335155
4,UPFC_Vse,5-15,0.06014279391207925,79,0.06039227665787877,MAP_SCADA,123,0.0002494827457995147
5,UPFC_tse,5-15,-2.148430129095994,79,-2.1428035663817044,MAP_SCADA,123,0.00562656271428974
0,x_tcsc,1-14,-0.13850198239680195,80,-0.1362085007118137,MAP_SCADA,123,0.0022934816849882467
1,B_svc,2,0.2949269015440459,80,0.2834171441114096,MAP_SCADA,123,0.01150975743263627
2,UPFC_Vsh,5-15,1.1046154754089028,80,1.1061144614829181,MAP_SCADA,123,0.0014989860740153294
3,UPFC_tsh,5-15,-0.22601633684968597,80,-0.22820827284701373,MAP_SCADA,123,0.002191935997327754
4,UPFC_Vse,5-15,0.05995997222132473,80,0.06039227665787877,MAP_SCADA,123,0.0004323044365540374
5,UPFC_tse,5-15,-2.151054139576775,80,-2.1428035663817044,MAP_SCADA,123,0.008250573195070388
0,x_tcsc,1-14,-0.13966617912573293,81,-0.1362085007118137,MAP_SCADA,123,0.003457678413919224
1,B_svc,2,0.29315893366360213,81,0.2834171441114096,MAP_SCADA,123,0.009741789552192515
2,UPFC_Vsh,5-15,1.1060385957878638,81,1.1061144614829181,MAP_SCADA,123,7.58656950543557e-05
3,UPFC_tsh,5-15,-0.22521413775523438,81,-0.22820827284701373,MAP_SCADA,123,0.002994135091779343
4,UPFC_Vse,5-15,0.060315117957685425,81,0.06039227665787877,MAP_SCADA,123,7.715870019334159e-05
5,UPFC_tse,5-15,-2.139918566642995,81,-2.1428035663817044,MAP_SCADA,123,0.0028849997387094817
0,x_tcsc,1-14,-0.13893154787813156,82,-0.1362085007118137,MAP_SCADA,123,0.0027230471663178546
1,B_svc,2,0.3003519178065197,82,0.2834171441114096,MAP_SCADA,123,0.016934773695110095
2,UPFC_Vsh,5-15,1.105211713292877,82,1.1061144614829181,MAP_SCADA,123,0.0009027481900412138
3,UPFC_tsh,5-15,-0.22601346607340225,82,-0.22820827284701373,MAP_SCADA,123,0.002194806773611474
4,UPFC_Vse,5-15,0.05983889382632722,82,0.06039227665787877,MAP_SCADA,123,0.0005533828315515479
5,UPFC_tse,5-15,-2.145681020772069,82,-2.1428035663817044,MAP_SCADA,123,0.0028774543903646865
0,x_tcsc,1-14,-0.13768340688018318,83,-0.1362085007118137,MAP_SCADA,123,0.001474906168369483
1,B_svc,2,0.2994261065484856,83,0.2834171441114096,MAP_SCADA,123,0.016008962437076002
2,UPFC_Vsh,5-15,1.101703543833773,83,1.1061144614829181,MAP_SCADA,123,0.004410917649145141
3,UPFC_tsh,5-15,-0.2279174035804127,83,-0.22820827284701373,MAP_SCADA,123,0.0002908692666010182
4,UPFC_Vse,5-15,0.06055765787005787,83,0.06039227665787877,MAP_SCADA,123,0.00016538121217909985
5,UPFC_tse,5-15,-2.1510343991375835,83,-2.1428035663817044,MAP_SCADA,123,0.008230832755879103
0,x_tcsc,1-14,-0.1373216491922542,84,-0.1362085007118137,MAP_SCADA,123,0.0011131484804405012
1,B_svc,2,0.2927348858620752,84,0.2834171441114096,MAP_SCADA,123,0.009317741750665576
2,UPFC_Vsh,5-15,1.1067500551576062,84,1.1061144614829181,MAP_SCADA,123,0.0006355936746880175
3,UPFC_tsh,5-15,-0.22563770740787648,84,-0.22820827284701373,MAP_SCADA,123,0.0025705654391372512
4,UPFC_Vse,5-15,0.06014896913171909,84,0.06039227665787877,MAP_SCADA,123,0.0002433075261596765
5,UPFC_tse,5-15,-2.144710256275567,84,-2.1428035663817044,MAP_SCADA,123,0.0019066898938624455
0,x_tcsc,1-14,-0.1368727184297969,85,-0.1362085007118137,MAP_SCADA,123,0.0006642177179831954
1,B_svc,2,0.3042076338471711,85,0.2834171441114096,MAP_SCADA,123,0.020790489735761475
2,UPFC_Vsh,5-15,1.1020224083109054,85,1.1061144614829181,MAP_SCADA,123,0.004092053172012777
3,UPFC_tsh,5-15,-0.22809833192717974,85,-0.22820827284701373,MAP_SCADA,123,0.00010994091983398957
4,UPFC_Vse,5-15,0.059876587389066586,85,0.06039227665787877,MAP_SCADA,123,0.0005156892688121806
5,UPFC_tse,5-15,-2.1513163216563593,85,-2.1428035663817044,MAP_SCADA,123,0.008512755274654893
0,x_tcsc,1-14,-0.1384535459587959,86,-0.1362085007118137,MAP_SCADA,123,0.0022450452469821858
1,B_svc,2,0.2997617930927,86,0.2834171441114096,MAP_SCADA,123,0.0163446489812904
2,UPFC_Vsh,5-15,1.103946923652292,86,1.1061144614829181,MAP_SCADA,123,0.002167537830626065
3,UPFC_tsh,5-15,-0.22620783362035,86,-0.22820827284701373,MAP_SCADA,123,0.002000439226663736
4,UPFC_Vse,5-15,0.060450061537411046,86,0.06039227665787877,MAP_SCADA,123,5.7784879532278566e-05
5,UPFC_tse,5-15,-2.1479966642306616,86,-2.1428035663817044,MAP_SCADA,123,0.005193097848957162
0,x_tcsc,1-14,-0.13890739555022136,87,-0.1362085007118137,MAP_SCADA,123,0.002698894838407656
1,B_svc,2,0.29816419122844867,87,0.2834171441114096,MAP_SCADA,123,0.014747047117039058
2,UPFC_Vsh,5-15,1.1032871777219062,87,1.1061144614829181,MAP_SCADA,123,0.002827283761011934
3,UPFC_tsh,5-15,-0.226681685374232,87,-0.22820827284701373,MAP_SCADA,123,0.0015265874727817264
4,UPFC_Vse,5-15,0.06018735647973197,87,0.06039227665787877,MAP_SCADA,123,0.0002049201781468002
5,UPFC_tse,5-15,-2.1458589466601703,87,-2.1428035663817044,MAP_SCADA,123,0.003055380278465858
0,x_tcsc,1-14,-0.13941829242216902,88,-0.1362085007118137,MAP_SCADA,123,0.0032097917103553197
1,B_svc,2,0.29807485035769715,88,0.2834171441114096,MAP_SCADA,123,0.014657706246287538
2,UPFC_Vsh,5-15,1.1045063121793453,88,1.1061144614829181,MAP_SCADA,123,0.0016081493035728922
3,UPFC_tsh,5-15,-0.22623395074146235,88,-0.22820827284701373,MAP_SCADA,123,0.0019743221055513738
4,UPFC_Vse,5-15,0.05955271496810949,88,0.06039227665787877,MAP_SCADA,123,0.000839561689769279
5,UPFC_tse,5-15,-2.147882351498537,88,-2.1428035663817044,MAP_SCADA,123,0.005078785116832574
0,x_tcsc,1-14,-0.13722912029411927,89,-0.1362085007118137,MAP_SCADA,123,0.0010206195823055653
1,B_svc,2,0.30411101001131285,89,0.2834171441114096,MAP_SCADA,123,0.02069386589990324
2,UPFC_Vsh,5-15,1.1036311349152752,89,1.1061144614829181,MAP_SCADA,123,0.0024833265676429406
3,UPFC_tsh,5-15,-0.22732067939310316,89,-0.22820827284701373,MAP_SCADA,123,0.0008875934539105679
4,UPFC_Vse,5-15,0.06012593040018313,89,0.06039227665787877,MAP_SCADA,123,0.0002663462576956363
5,UPFC_tse,5-15,-2.148379421260987,89,-2.1428035663817044,MAP_SCADA,123,0.00557585487928236
0,x_tcsc,1-14,-0.14066230142333347,90,-0.1362085007118137,MAP_SCADA,123,0.0044538007115197675
1,B_svc,2,0.28639808623031715,90,0.2834171441114096,MAP_SCADA,123,0.002980942118907537
2,UPFC_Vsh,5-15,1.1053975417805695,90,1.1061144614829181,MAP_SCADA,123,0.0007169197023486618
3,UPFC_tsh,5-15,-0.2244789968365249,90,-0.22820827284701373,MAP_SCADA,123,0.0037292760104888356
4,UPFC_Vse,5-15,0.05994150141665287,90,0.06039227665787877,MAP_SCADA,123,0.0004507752412258939
5,UPFC_tse,5-15,-2.1483133870233035,90,-2.1428035663817044,MAP_SCADA,123,0.005509820641599106
0,x_tcsc,1-14,-0.1389034492356503,91,-0.1362085007118137,MAP_SCADA,123,0.002694948523836588
1,B_svc,2,0.29841707717821614,91,0.2834171441114096,MAP_SCADA,123,0.014999933066806526
2,UPFC_Vsh,5-15,1.1040028152967658,91,1.1061144614829181,MAP_SCADA,123,0.0021116461861523383
3,UPFC_tsh,5-15,-0.22666245066459617,91,-0.22820827284701373,MAP_SCADA,123,0.0015458221824175555
4,UPFC_Vse,5-15,0.060089420272586895,91,0.06039227665787877,MAP_SCADA,123,0.000302856385291872
5,UPFC_tse,5-15,-2.1467186392760302,91,-2.1428035663817044,MAP_SCADA,123,0.0039150728943257995
0,x_tcsc,1-14,-0.1399247873648281,92,-0.1362085007118137,MAP_SCADA,123,0.0037162866530144056
1,B_svc,2,0.29473224820962973,92,0.2834171441114096,MAP_SCADA,123,0.011315104098220119
2,UPFC_Vsh,5-15,1.1051511651890191,92,1.1061144614829181,MAP_SCADA,123,0.0009632962938990186
3,UPFC_tsh,5-15,-0.22500880406455498,92,-0.22820827284701373,MAP_SCADA,123,0.0031994687824587476
4,UPFC_Vse,5-15,0.059988637387086235,92,0.06039227665787877,MAP_SCADA,123,0.00040363927079253153
5,UPFC_tse,5-15,-2.143871600729615,92,-2.1428035663817044,MAP_SCADA,123,0.0010680343479103627
0,x_tcsc,1-14,-0.13790532230246327,93,-0.1362085007118137,MAP_SCADA,123,0.001696821590649572
1,B_svc,2,0.3013297835636175,93,0.2834171441114096,MAP_SCADA,123,0.01791263945220789
2,UPFC_Vsh,5-15,1.104168804741319,93,1.1061144614829181,MAP_SCADA,123,0.0019456567415991888
3,UPFC_tsh,5-15,-0.22684799687065,93,-0.22820827284701373,MAP_SCADA,123,0.001360275976363734
4,UPFC_Vse,5-15,0.059842294193274324,93,0.06039227665787877,MAP_SCADA,123,0.0005499824646044427
5,UPFC_tse,5-15,-2.147633419958297,93,-2.1428035663817044,MAP_SCADA,123,0.004829853576592491
0,x_tcsc,1-14,-0.13938863310282984,94,-0.1362085007118137,MAP_SCADA,123,0.0031801323910161383
1,B_svc,2,0.2980292208579397,94,0.2834171441114096,MAP_SCADA,123,0.01461207674653009
2,UPFC_Vsh,5-15,1.1039325054724765,94,1.1061144614829181,MAP_SCADA,123,0.002181956010441688
3,UPFC_tsh,5-15,-0.2264616265220565,94,-0.22820827284701373,MAP_SCADA,123,0.0017466463249572184
4,UPFC_Vse,5-15,0.06017734177236146,94,0.06039227665787877,MAP_SCADA,123,0.00021493488551730527
5,UPFC_tse,5-15,-2.153993553239469,94,-2.1428035663817044,MAP_SCADA,123,0.011189986857764733
0,x_tcsc,1-14,-0.13950620660961183,95,-0.1362085007118137,MAP_SCADA,123,0.0032977058977981255
1,B_svc,2,0.29251821175293685,95,0.2834171441114096,MAP_SCADA,123,0.009101067641527238
2,UPFC_Vsh,5-15,1.1043324817035252,95,1.1061144614829181,MAP_SCADA,123,0.0017819797793929837
3,UPFC_tsh,5-15,-0.2259389986761963,95,-0.22820827284701373,MAP_SCADA,123,0.0022692741708174313
4,UPFC_Vse,5-15,0.060131204192603406,95,0.06039227665787877,MAP_SCADA,123,0.000261072465275361
5,UPFC_tse,5-15,-2.1486542652587537,95,-2.1428035663817044,MAP_SCADA,123,0.005850698877049254
0,x_tcsc,1-14,-0.1380067973475561,96,-0.1362085007118137,MAP_SCADA,123,0.001798296635742408
1,B_svc,2,0.3023121368267017,96,0.2834171441114096,MAP_SCADA,123,0.018894992715292103
2,UPFC_Vsh,5-15,1.1044147926848344,96,1.1061144614829181,MAP_SCADA,123,0.0016996687980836978
3,UPFC_tsh,5-15,-0.22676224099022252,96,-0.22820827284701373,MAP_SCADA,123,0.0014460318567912078
4,UPFC_Vse,5-15,0.06029829200515852,96,0.06039227665787877,MAP_SCADA,123,9.398465272024425e-05
5,UPFC_tse,5-15,-2.1530578859010805,96,-2.1428035663817044,MAP_SCADA,123,0.010254319519376054
0,x_tcsc,1-14,-0.14075836433980002,97,-0.1362085007118137,MAP_SCADA,123,0.004549863627986317
1,B_svc,2,0.2900573964944106,97,0.2834171441114096,MAP_SCADA,123,0.006640252383000977
2,UPFC_Vsh,5-15,1.105770205928169,97,1.1061144614829181,MAP_SCADA,123,0.00034425555474904
3,UPFC_tsh,5-15,-0.22466709487794193,97,-0.22820827284701373,MAP_SCADA,123,0.0035411779690718015
4,UPFC_Vse,5-15,0.06021616597855937,97,0.06039227665787877,MAP_SCADA,123,0.0001761106793193995
5,UPFC_tse,5-15,-2.1442245668075404,97,-2.1428035663817044,MAP_SCADA,123,0.0014210004258359277
0,x_tcsc,1-14,-0.13872154666830117,98,-0.1362085007118137,MAP_SCADA,123,0.002513045956487464
1,B_svc,2,0.2932544069980707,98,0.2834171441114096,MAP_SCADA,123,0.009837262886661091
2,UPFC_Vsh,5-15,1.1037015110597996,98,1.1061144614829181,MAP_SCADA,123,0.0024129504231185095
3,UPFC_tsh,5-15,-0.2263205983825664,98,-0.22820827284701373,MAP_SCADA,123,0.0018876744644473198
4,UPFC_Vse,5-15,0.06060918663511173,98,0.06039227665787877,MAP_SCADA,123,0.00021690997723296246
5,UPFC_tse,5-15,-2.1459582127355232,98,-2.1428035663817044,MAP_SCADA,123,0.0031546463538187908
0,x_tcsc,1-14,-0.13955388499023125,99,-0.1362085007118137,MAP_SCADA,123,0.003345384278417546
1,B_svc,2,0.29595704555838426,99,0.2834171441114096,MAP_SCADA,123,0.012539901446974644
2,UPFC_Vsh,5-15,1.1029095704837086,99,1.1061144614829181,MAP_SCADA,123,0.0032048909992095087
3,UPFC_tsh,5-15,-0.22589227804724954,99,-0.22820827284701373,MAP_SCADA,123,0.002315994799764187
4,UPFC_Vse,5-15,0.060001423577760095,99,0.06039227665787877,MAP_SCADA,123,0.00039085308011867215
5,UPFC_tse,5-15,-2.152835962070224,99,-2.1428035663817044,MAP_SCADA,123,0.010032395688519546
0,x_tcsc,1-14,-0.13900849846393998,0,-0.13445121833610535,MAP_SCADA,125,0.004557280127834629
1,B_svc,2,0.29650527170746127,0,0.27562818382803894,MAP_SCADA,125,0.02087708787942233
2,UPFC_Vsh,5-15,1.106444059367828,0,1.1066600468225636,MAP_SCADA,125,0.0002159874547356111
3,UPFC_tsh,5-15,-0.2245452545715806,0,-0.2297887409663522,MAP_SCADA,125,0.005243486394771624
4,UPFC_Vse,5-15,0.06001100676389736,0,0.060121673512357886,MAP_SCADA,125,0.00011066674846052504
5,UPFC_tse,5-15,-2.145119974529498,0,-2.146270606769335,MAP_SCADA,125,0.0011506322398369129
0,x_tcsc,1-14,-0.1396136637504605,1,-0.13445121833610535,MAP_SCADA,125,0.005162445414355149
1,B_svc,2,0.2995471824231543,1,0.27562818382803894,MAP_SCADA,125,0.02391899859511537
2,UPFC_Vsh,5-15,1.1028977000837634,1,1.1066600468225636,MAP_SCADA,125,0.0037623467388001597
3,UPFC_tsh,5-15,-0.2262309272513375,1,-0.2297887409663522,MAP_SCADA,125,0.003557813715014707
4,UPFC_Vse,5-15,0.05984995870332151,1,0.060121673512357886,MAP_SCADA,125,0.00027171480903637885
5,UPFC_tse,5-15,-2.1443611494327808,1,-2.146270606769335,MAP_SCADA,125,0.0019094573365543432
0,x_tcsc,1-14,-0.13936421795883266,2,-0.13445121833610535,MAP_SCADA,125,0.004912999622727315
1,B_svc,2,0.29683653973325336,2,0.27562818382803894,MAP_SCADA,125,0.021208355905214415
2,UPFC_Vsh,5-15,1.1033419492207521,2,1.1066600468225636,MAP_SCADA,125,0.003318097601811454
3,UPFC_tsh,5-15,-0.22632827632391825,2,-0.2297887409663522,MAP_SCADA,125,0.0034604646424339636
4,UPFC_Vse,5-15,0.06073139686472676,2,0.060121673512357886,MAP_SCADA,125,0.0006097233523688766
5,UPFC_tse,5-15,-2.149609244944893,2,-2.146270606769335,MAP_SCADA,125,0.0033386381755580175
0,x_tcsc,1-14,-0.13778624594440056,3,-0.13445121833610535,MAP_SCADA,125,0.00333502760829521
1,B_svc,2,0.30021723183472937,3,0.27562818382803894,MAP_SCADA,125,0.024589048006690428
2,UPFC_Vsh,5-15,1.10401400666262,3,1.1066600468225636,MAP_SCADA,125,0.002646040159943519
3,UPFC_tsh,5-15,-0.22767381252310107,3,-0.2297887409663522,MAP_SCADA,125,0.002114928443251146
4,UPFC_Vse,5-15,0.060583952678000985,3,0.060121673512357886,MAP_SCADA,125,0.0004622791656430994
5,UPFC_tse,5-15,-2.1492311117466207,3,-2.146270606769335,MAP_SCADA,125,0.0029605049772856162
0,x_tcsc,1-14,-0.13985462128825538,4,-0.13445121833610535,MAP_SCADA,125,0.005403402952150027
1,B_svc,2,0.296188187833812,4,0.27562818382803894,MAP_SCADA,125,0.02056000400577307
2,UPFC_Vsh,5-15,1.1026767779516253,4,1.1066600468225636,MAP_SCADA,125,0.00398326887093825
3,UPFC_tsh,5-15,-0.22641506895827404,4,-0.2297887409663522,MAP_SCADA,125,0.0033736720080781712
4,UPFC_Vse,5-15,0.06010991456421456,4,0.060121673512357886,MAP_SCADA,125,1.175894814332834e-05
5,UPFC_tse,5-15,-2.149924163840019,4,-2.146270606769335,MAP_SCADA,125,0.0036535570706837106
0,x_tcsc,1-14,-0.13746500879930573,5,-0.13445121833610535,MAP_SCADA,125,0.003013790463200383
1,B_svc,2,0.3034607542918911,5,0.27562818382803894,MAP_SCADA,125,0.02783257046385218
2,UPFC_Vsh,5-15,1.1006785286143699,5,1.1066600468225636,MAP_SCADA,125,0.0059815182081937035
3,UPFC_tsh,5-15,-0.2273157736710889,5,-0.2297887409663522,MAP_SCADA,125,0.0024729672952633064
4,UPFC_Vse,5-15,0.06056989728741583,5,0.060121673512357886,MAP_SCADA,125,0.00044822377505794597
5,UPFC_tse,5-15,-2.1453666812389707,5,-2.146270606769335,MAP_SCADA,125,0.0009039255303644467
0,x_tcsc,1-14,-0.13955901033275867,6,-0.13445121833610535,MAP_SCADA,125,0.005107791996653316
1,B_svc,2,0.29902140685599293,6,0.27562818382803894,MAP_SCADA,125,0.02339322302795399
2,UPFC_Vsh,5-15,1.1051095689335,6,1.1066600468225636,MAP_SCADA,125,0.001550477889063595
3,UPFC_tsh,5-15,-0.22587728813114563,6,-0.2297887409663522,MAP_SCADA,125,0.00391145283520658
4,UPFC_Vse,5-15,0.06015700877506486,6,0.060121673512357886,MAP_SCADA,125,3.533526270697168e-05
5,UPFC_tse,5-15,-2.1523236559127263,6,-2.146270606769335,MAP_SCADA,125,0.00605304914339122
0,x_tcsc,1-14,-0.13802243210717918,7,-0.13445121833610535,MAP_SCADA,125,0.0035712137710738334
1,B_svc,2,0.2995903326742413,7,0.27562818382803894,MAP_SCADA,125,0.023962148846202347
2,UPFC_Vsh,5-15,1.1043946694822493,7,1.1066600468225636,MAP_SCADA,125,0.0022653773403142896
3,UPFC_tsh,5-15,-0.22658864844167736,7,-0.2297887409663522,MAP_SCADA,125,0.003200092524674847
4,UPFC_Vse,5-15,0.05985353630766828,7,0.060121673512357886,MAP_SCADA,125,0.00026813720468960717
5,UPFC_tse,5-15,-2.154106660539906,7,-2.146270606769335,MAP_SCADA,125,0.007836053770570839
0,x_tcsc,1-14,-0.13776651479993207,8,-0.13445121833610535,MAP_SCADA,125,0.0033152964638267224
1,B_svc,2,0.3034020605098786,8,0.27562818382803894,MAP_SCADA,125,0.02777387668183967
2,UPFC_Vsh,5-15,1.1038155449859017,8,1.1066600468225636,MAP_SCADA,125,0.00284450183666185
3,UPFC_tsh,5-15,-0.22729311200001734,8,-0.2297887409663522,MAP_SCADA,125,0.002495628966334873
4,UPFC_Vse,5-15,0.06036461132298206,8,0.060121673512357886,MAP_SCADA,125,0.00024293781062417752
5,UPFC_tse,5-15,-2.1549856065944772,8,-2.146270606769335,MAP_SCADA,125,0.008714999825142122
0,x_tcsc,1-14,-0.13859247186509066,9,-0.13445121833610535,MAP_SCADA,125,0.004141253528985311
1,B_svc,2,0.29578539085512373,9,0.27562818382803894,MAP_SCADA,125,0.02015720702708479
2,UPFC_Vsh,5-15,1.104393061880654,9,1.1066600468225636,MAP_SCADA,125,0.002266984941909689
3,UPFC_tsh,5-15,-0.2264243969300444,9,-0.2297887409663522,MAP_SCADA,125,0.003364344036307809
4,UPFC_Vse,5-15,0.060495454335872195,9,0.060121673512357886,MAP_SCADA,125,0.00037378082351430947
5,UPFC_tse,5-15,-2.1472225881378324,9,-2.146270606769335,MAP_SCADA,125,0.0009519813684972789
0,x_tcsc,1-14,-0.14084676336732707,10,-0.13445121833610535,MAP_SCADA,125,0.006395545031221722
1,B_svc,2,0.2932031951219014,10,0.27562818382803894,MAP_SCADA,125,0.017575011293862464
2,UPFC_Vsh,5-15,1.1049799922854475,10,1.1066600468225636,MAP_SCADA,125,0.0016800545371160602
3,UPFC_tsh,5-15,-0.22493217726351936,10,-0.2297887409663522,MAP_SCADA,125,0.004856563702832856
4,UPFC_Vse,5-15,0.060052763771416585,10,0.060121673512357886,MAP_SCADA,125,6.890974094130031e-05
5,UPFC_tse,5-15,-2.148328019767737,10,-2.146270606769335,MAP_SCADA,125,0.0020574129984018974
0,x_tcsc,1-14,-0.13935090874779182,11,-0.13445121833610535,MAP_SCADA,125,0.004899690411686475
1,B_svc,2,0.3000827842332406,11,0.27562818382803894,MAP_SCADA,125,0.024454600405201643
2,UPFC_Vsh,5-15,1.104322749806619,11,1.1066600468225636,MAP_SCADA,125,0.0023372970159445394
3,UPFC_tsh,5-15,-0.22644285374367815,11,-0.2297887409663522,MAP_SCADA,125,0.0033458872226740655
4,UPFC_Vse,5-15,0.06061384937727731,11,0.060121673512357886,MAP_SCADA,125,0.0004921758649194252
5,UPFC_tse,5-15,-2.1500395355490904,11,-2.146270606769335,MAP_SCADA,125,0.0037689287797553206
0,x_tcsc,1-14,-0.13886661964430397,12,-0.13445121833610535,MAP_SCADA,125,0.004415401308198619
1,B_svc,2,0.30316520299571653,12,0.27562818382803894,MAP_SCADA,125,0.02753701916767759
2,UPFC_Vsh,5-15,1.1014851436299993,12,1.1066600468225636,MAP_SCADA,125,0.005174903192564306
3,UPFC_tsh,5-15,-0.2265947577998115,12,-0.2297887409663522,MAP_SCADA,125,0.0031939831665407092
4,UPFC_Vse,5-15,0.05951054582410368,12,0.060121673512357886,MAP_SCADA,125,0.0006111276882542066
5,UPFC_tse,5-15,-2.1481486842702813,12,-2.146270606769335,MAP_SCADA,125,0.0018780775009461514
0,x_tcsc,1-14,-0.13751298016279592,13,-0.13445121833610535,MAP_SCADA,125,0.0030617618266905733
1,B_svc,2,0.30138813066979114,13,0.27562818382803894,MAP_SCADA,125,0.0257599468417522
2,UPFC_Vsh,5-15,1.1048805629058702,13,1.1066600468225636,MAP_SCADA,125,0.0017794839166933585
3,UPFC_tsh,5-15,-0.22692624201313333,13,-0.2297887409663522,MAP_SCADA,125,0.002862498953218884
4,UPFC_Vse,5-15,0.05976662311998865,13,0.060121673512357886,MAP_SCADA,125,0.0003550503923692369
5,UPFC_tse,5-15,-2.1511226488263433,13,-2.146270606769335,MAP_SCADA,125,0.004852042057008177
0,x_tcsc,1-14,-0.1387119073551927,14,-0.13445121833610535,MAP_SCADA,125,0.004260689019087355
1,B_svc,2,0.2991060203265386,14,0.27562818382803894,MAP_SCADA,125,0.02347783649849966
2,UPFC_Vsh,5-15,1.1043098255803496,14,1.1066600468225636,MAP_SCADA,125,0.002350221242213957
3,UPFC_tsh,5-15,-0.22659362725435733,14,-0.2297887409663522,MAP_SCADA,125,0.003195113711994879
4,UPFC_Vse,5-15,0.05993925440151864,14,0.060121673512357886,MAP_SCADA,125,0.00018241911083924367
5,UPFC_tse,5-15,-2.147403003091212,14,-2.146270606769335,MAP_SCADA,125,0.001132396321876783
0,x_tcsc,1-14,-0.1401347877250689,15,-0.13445121833610535,MAP_SCADA,125,0.005683569388963555
1,B_svc,2,0.29719327447259053,15,0.27562818382803894,MAP_SCADA,125,0.021565090644551588
2,UPFC_Vsh,5-15,1.10514278782043,15,1.1066600468225636,MAP_SCADA,125,0.0015172590021335086
3,UPFC_tsh,5-15,-0.22475059684335258,15,-0.2297887409663522,MAP_SCADA,125,0.005038144122999633
4,UPFC_Vse,5-15,0.05974653222629669,15,0.060121673512357886,MAP_SCADA,125,0.000375141286061198
5,UPFC_tse,5-15,-2.1454506699074596,15,-2.146270606769335,MAP_SCADA,125,0.0008199368618755365
0,x_tcsc,1-14,-0.13657497542089506,16,-0.13445121833610535,MAP_SCADA,125,0.002123757084789707
1,B_svc,2,0.3050354964593784,16,0.27562818382803894,MAP_SCADA,125,0.029407312631339444
2,UPFC_Vsh,5-15,1.1042529235454521,16,1.1066600468225636,MAP_SCADA,125,0.002407123277111456
3,UPFC_tsh,5-15,-0.2272530051578728,16,-0.2297887409663522,MAP_SCADA,125,0.0025357358084794057
4,UPFC_Vse,5-15,0.05994727137748766,16,0.060121673512357886,MAP_SCADA,125,0.0001744021348702232
5,UPFC_tse,5-15,-2.1525110522626387,16,-2.146270606769335,MAP_SCADA,125,0.0062404454933036035
0,x_tcsc,1-14,-0.14031858933454772,17,-0.13445121833610535,MAP_SCADA,125,0.005867370998442367
1,B_svc,2,0.29837338229458993,17,0.27562818382803894,MAP_SCADA,125,0.022745198466550987
2,UPFC_Vsh,5-15,1.1048099590733964,17,1.1066600468225636,MAP_SCADA,125,0.001850087749167173
3,UPFC_tsh,5-15,-0.2258268842497113,17,-0.2297887409663522,MAP_SCADA,125,0.003961856716640899
4,UPFC_Vse,5-15,0.060018761302233874,17,0.060121673512357886,MAP_SCADA,125,0.00010291221012401208
5,UPFC_tse,5-15,-2.1445126629522857,17,-2.146270606769335,MAP_SCADA,125,0.0017579438170494122
0,x_tcsc,1-14,-0.13862398376095758,18,-0.13445121833610535,MAP_SCADA,125,0.004172765424852232
1,B_svc,2,0.30051063411948875,18,0.27562818382803894,MAP_SCADA,125,0.02488245029144981
2,UPFC_Vsh,5-15,1.1036263093848822,18,1.1066600468225636,MAP_SCADA,125,0.0030337374376814275
3,UPFC_tsh,5-15,-0.22631897737870346,18,-0.2297887409663522,MAP_SCADA,125,0.00346976358764875
4,UPFC_Vse,5-15,0.06059917772140851,18,0.060121673512357886,MAP_SCADA,125,0.0004775042090506276
5,UPFC_tse,5-15,-2.1481598405459894,18,-2.146270606769335,MAP_SCADA,125,0.0018892337766542866
0,x_tcsc,1-14,-0.13997150805289785,19,-0.13445121833610535,MAP_SCADA,125,0.005520289716792498
1,B_svc,2,0.2975385393396756,19,0.27562818382803894,MAP_SCADA,125,0.02191035551163667
2,UPFC_Vsh,5-15,1.102397254952331,19,1.1066600468225636,MAP_SCADA,125,0.004262791870232485
3,UPFC_tsh,5-15,-0.22583042910126308,19,-0.2297887409663522,MAP_SCADA,125,0.003958311865089131
4,UPFC_Vse,5-15,0.06029962107356366,19,0.060121673512357886,MAP_SCADA,125,0.00017794756120577404
5,UPFC_tse,5-15,-2.1511675257445853,19,-2.146270606769335,MAP_SCADA,125,0.004896918975250131
0,x_tcsc,1-14,-0.13996105232389777,20,-0.13445121833610535,MAP_SCADA,125,0.005509833987792423
1,B_svc,2,0.2921272452893663,20,0.27562818382803894,MAP_SCADA,125,0.016499061461327347
2,UPFC_Vsh,5-15,1.1059558536829384,20,1.1066600468225636,MAP_SCADA,125,0.0007041931396252199
3,UPFC_tsh,5-15,-0.22446458794532617,20,-0.2297887409663522,MAP_SCADA,125,0.00532415302102604
4,UPFC_Vse,5-15,0.05986600732266241,20,0.060121673512357886,MAP_SCADA,125,0.0002556661896954762
5,UPFC_tse,5-15,-2.1451598095664512,20,-2.146270606769335,MAP_SCADA,125,0.001110797202883873
0,x_tcsc,1-14,-0.13822667342328782,21,-0.13445121833610535,MAP_SCADA,125,0.0037754550871824666
1,B_svc,2,0.2972723864116842,21,0.27562818382803894,MAP_SCADA,125,0.021644202583645245
2,UPFC_Vsh,5-15,1.1041169664709394,21,1.1066600468225636,MAP_SCADA,125,0.002543080351624205
3,UPFC_tsh,5-15,-0.22696494078320859,21,-0.2297887409663522,MAP_SCADA,125,0.0028238001831436266
4,UPFC_Vse,5-15,0.06022746905635116,21,0.060121673512357886,MAP_SCADA,125,0.00010579554399327284
5,UPFC_tse,5-15,-2.152488046930867,21,-2.146270606769335,MAP_SCADA,125,0.0062174401615320285
0,x_tcsc,1-14,-0.1385780621689011,22,-0.13445121833610535,MAP_SCADA,125,0.00412684383279574
1,B_svc,2,0.295866779953715,22,0.27562818382803894,MAP_SCADA,125,0.020238596125676078
2,UPFC_Vsh,5-15,1.1060783732776556,22,1.1066600468225636,MAP_SCADA,125,0.0005816735449080124
3,UPFC_tsh,5-15,-0.22534572355539284,22,-0.2297887409663522,MAP_SCADA,125,0.004443017410959371
4,UPFC_Vse,5-15,0.059450675865346955,22,0.060121673512357886,MAP_SCADA,125,0.0006709976470109305
5,UPFC_tse,5-15,-2.1468013562424364,22,-2.146270606769335,MAP_SCADA,125,0.0005307494731012774
0,x_tcsc,1-14,-0.1402901868998003,23,-0.13445121833610535,MAP_SCADA,125,0.005838968563694952
1,B_svc,2,0.28873643190744297,23,0.27562818382803894,MAP_SCADA,125,0.013108248079404028
2,UPFC_Vsh,5-15,1.104882461923429,23,1.1066600468225636,MAP_SCADA,125,0.0017775848991345988
3,UPFC_tsh,5-15,-0.2252051158164447,23,-0.2297887409663522,MAP_SCADA,125,0.004583625149907511
4,UPFC_Vse,5-15,0.0602245918602625,23,0.060121673512357886,MAP_SCADA,125,0.00010291834790461529
5,UPFC_tse,5-15,-2.143819747526403,23,-2.146270606769335,MAP_SCADA,125,0.0024508592429319798
0,x_tcsc,1-14,-0.1392743045440156,24,-0.13445121833610535,MAP_SCADA,125,0.004823086207910249
1,B_svc,2,0.29738585302713844,24,0.27562818382803894,MAP_SCADA,125,0.021757669199099494
2,UPFC_Vsh,5-15,1.1045794019361654,24,1.1066600468225636,MAP_SCADA,125,0.002080644886398142
3,UPFC_tsh,5-15,-0.22649652881257448,24,-0.2297887409663522,MAP_SCADA,125,0.0032922121537777294
4,UPFC_Vse,5-15,0.060071837795885465,24,0.060121673512357886,MAP_SCADA,125,4.983571647242113e-05
5,UPFC_tse,5-15,-2.1422016412545237,24,-2.146270606769335,MAP_SCADA,125,0.004068965514811396
0,x_tcsc,1-14,-0.1377908231437233,25,-0.13445121833610535,MAP_SCADA,125,0.0033396048076179408
1,B_svc,2,0.3061252413607257,25,0.27562818382803894,MAP_SCADA,125,0.030497057532686778
2,UPFC_Vsh,5-15,1.1034073057683083,25,1.1066600468225636,MAP_SCADA,125,0.003252741054255326
3,UPFC_tsh,5-15,-0.22768260667530446,25,-0.2297887409663522,MAP_SCADA,125,0.002106134291047751
4,UPFC_Vse,5-15,0.06020619773713513,25,0.060121673512357886,MAP_SCADA,125,8.452422477724097e-05
5,UPFC_tse,5-15,-2.150180709765505,25,-2.146270606769335,MAP_SCADA,125,0.003910102996169673
0,x_tcsc,1-14,-0.1385486551204919,26,-0.13445121833610535,MAP_SCADA,125,0.004097436784386538
1,B_svc,2,0.300807778883365,26,0.27562818382803894,MAP_SCADA,125,0.025179595055326076
2,UPFC_Vsh,5-15,1.1039094048672455,26,1.1066600468225636,MAP_SCADA,125,0.002750641955318045
3,UPFC_tsh,5-15,-0.2259080636694409,26,-0.2297887409663522,MAP_SCADA,125,0.0038806772969113
4,UPFC_Vse,5-15,0.0608357430479533,26,0.060121673512357886,MAP_SCADA,125,0.000714069535595413
5,UPFC_tse,5-15,-2.1503445282371287,26,-2.146270606769335,MAP_SCADA,125,0.0040739214677936175
0,x_tcsc,1-14,-0.13881034278722607,27,-0.13445121833610535,MAP_SCADA,125,0.004359124451120716
1,B_svc,2,0.2914728599813028,27,0.27562818382803894,MAP_SCADA,125,0.015844676153263848
2,UPFC_Vsh,5-15,1.104849217491168,27,1.1066600468225636,MAP_SCADA,125,0.001810829331395647
3,UPFC_tsh,5-15,-0.225308752946577,27,-0.2297887409663522,MAP_SCADA,125,0.0044799880197751996
4,UPFC_Vse,5-15,0.06004084817340249,27,0.060121673512357886,MAP_SCADA,125,8.082533895539812e-05
5,UPFC_tse,5-15,-2.148496938186742,27,-2.146270606769335,MAP_SCADA,125,0.0022263314174066906
0,x_tcsc,1-14,-0.13913273389529263,28,-0.13445121833610535,MAP_SCADA,125,0.004681515559187277
1,B_svc,2,0.296591253501489,28,0.27562818382803894,MAP_SCADA,125,0.020963069673450074
2,UPFC_Vsh,5-15,1.106067300145302,28,1.1066600468225636,MAP_SCADA,125,0.000592746677261502
3,UPFC_tsh,5-15,-0.2247781884335331,28,-0.2297887409663522,MAP_SCADA,125,0.005010552532819124
4,UPFC_Vse,5-15,0.060115046821960276,28,0.060121673512357886,MAP_SCADA,125,6.626690397609769e-06
5,UPFC_tse,5-15,-2.143399854831133,28,-2.146270606769335,MAP_SCADA,125,0.0028707519382020763
0,x_tcsc,1-14,-0.13888452296679737,29,-0.13445121833610535,MAP_SCADA,125,0.004433304630692025
1,B_svc,2,0.2992698066686642,29,0.27562818382803894,MAP_SCADA,125,0.023641622840625265
2,UPFC_Vsh,5-15,1.10514048130782,29,1.1066600468225636,MAP_SCADA,125,0.001519565514743526
3,UPFC_tsh,5-15,-0.22565557417003165,29,-0.2297887409663522,MAP_SCADA,125,0.004133166796320559
4,UPFC_Vse,5-15,0.05959903426723671,29,0.060121673512357886,MAP_SCADA,125,0.0005226392451211787
5,UPFC_tse,5-15,-2.1487909286896563,29,-2.146270606769335,MAP_SCADA,125,0.0025203219203211447
0,x_tcsc,1-14,-0.13966994289115525,30,-0.13445121833610535,MAP_SCADA,125,0.005218724555049903
1,B_svc,2,0.29765113418232697,30,0.27562818382803894,MAP_SCADA,125,0.02202295035428803
2,UPFC_Vsh,5-15,1.1025388252883417,30,1.1066600468225636,MAP_SCADA,125,0.004121221534221897
3,UPFC_tsh,5-15,-0.22632311264655752,30,-0.2297887409663522,MAP_SCADA,125,0.003465628319794689
4,UPFC_Vse,5-15,0.060273030760081885,30,0.060121673512357886,MAP_SCADA,125,0.00015135724772399883
5,UPFC_tse,5-15,-2.1470760271765768,30,-2.146270606769335,MAP_SCADA,125,0.0008054204072416304
0,x_tcsc,1-14,-0.1396459351331978,31,-0.13445121833610535,MAP_SCADA,125,0.0051947167970924635
1,B_svc,2,0.29859178983973,31,0.27562818382803894,MAP_SCADA,125,0.022963606011691062
2,UPFC_Vsh,5-15,1.103772856341603,31,1.1066600468225636,MAP_SCADA,125,0.002887190480960644
3,UPFC_tsh,5-15,-0.22586435764479773,31,-0.2297887409663522,MAP_SCADA,125,0.003924383321554481
4,UPFC_Vse,5-15,0.060196723858506794,31,0.060121673512357886,MAP_SCADA,125,7.505034614890826e-05
5,UPFC_tse,5-15,-2.149224612485506,31,-2.146270606769335,MAP_SCADA,125,0.002954005716170993
0,x_tcsc,1-14,-0.13746908066422436,32,-0.13445121833610535,MAP_SCADA,125,0.0030178623281190142
1,B_svc,2,0.3038280239187001,32,0.27562818382803894,MAP_SCADA,125,0.028199840090661177
2,UPFC_Vsh,5-15,1.103889255951134,32,1.1066600468225636,MAP_SCADA,125,0.002770790871429618
3,UPFC_tsh,5-15,-0.22775698399944186,32,-0.2297887409663522,MAP_SCADA,125,0.002031756966910353
4,UPFC_Vse,5-15,0.06038293076645081,32,0.060121673512357886,MAP_SCADA,125,0.00026125725409292117
5,UPFC_tse,5-15,-2.1500529755168016,32,-2.146270606769335,MAP_SCADA,125,0.0037823687474665135
0,x_tcsc,1-14,-0.1407724381384244,33,-0.13445121833610535,MAP_SCADA,125,0.006321219802319061
1,B_svc,2,0.29109702121632824,33,0.27562818382803894,MAP_SCADA,125,0.015468837388289303
2,UPFC_Vsh,5-15,1.1061593864183283,33,1.1066600468225636,MAP_SCADA,125,0.0005006604042352425
3,UPFC_tsh,5-15,-0.22444767867505602,33,-0.2297887409663522,MAP_SCADA,125,0.005341062291296189
4,UPFC_Vse,5-15,0.05977371883798552,33,0.060121673512357886,MAP_SCADA,125,0.000347954674372368
5,UPFC_tse,5-15,-2.14828422550704,33,-2.146270606769335,MAP_SCADA,125,0.002013618737704892
0,x_tcsc,1-14,-0.1396247852341707,34,-0.13445121833610535,MAP_SCADA,125,0.005173566898065363
1,B_svc,2,0.29625064662459444,34,0.27562818382803894,MAP_SCADA,125,0.020622462796555496
2,UPFC_Vsh,5-15,1.104409373734565,34,1.1066600468225636,MAP_SCADA,125,0.0022506730879985337
3,UPFC_tsh,5-15,-0.2260998187080884,34,-0.2297887409663522,MAP_SCADA,125,0.0036889222582638104
4,UPFC_Vse,5-15,0.060423493335265026,34,0.060121673512357886,MAP_SCADA,125,0.00030181982290714005
5,UPFC_tse,5-15,-2.148531035273312,34,-2.146270606769335,MAP_SCADA,125,0.0022604285039768968
0,x_tcsc,1-14,-0.13747071296096938,35,-0.13445121833610535,MAP_SCADA,125,0.003019494624864033
1,B_svc,2,0.2970031945926777,35,0.27562818382803894,MAP_SCADA,125,0.02137501076463877
2,UPFC_Vsh,5-15,1.1043141540277561,35,1.1066600468225636,MAP_SCADA,125,0.002345892794807458
3,UPFC_tsh,5-15,-0.22689694102156815,35,-0.2297887409663522,MAP_SCADA,125,0.002891799944784057
4,UPFC_Vse,5-15,0.06012317071876644,35,0.060121673512357886,MAP_SCADA,125,1.4972064085530534e-06
5,UPFC_tse,5-15,-2.149481545118172,35,-2.146270606769335,MAP_SCADA,125,0.0032109383488370113
0,x_tcsc,1-14,-0.14022767642520453,36,-0.13445121833610535,MAP_SCADA,125,0.005776458089099185
1,B_svc,2,0.2945503832650932,36,0.27562818382803894,MAP_SCADA,125,0.018922199437054255
2,UPFC_Vsh,5-15,1.1042972523376584,36,1.1066600468225636,MAP_SCADA,125,0.002362794484905173
3,UPFC_tsh,5-15,-0.22502397668760352,36,-0.2297887409663522,MAP_SCADA,125,0.0047647642787486955
4,UPFC_Vse,5-15,0.05990084617611401,36,0.060121673512357886,MAP_SCADA,125,0.00022082733624387285
5,UPFC_tse,5-15,-2.145775581524078,36,-2.146270606769335,MAP_SCADA,125,0.0004950252452569082
0,x_tcsc,1-14,-0.13930864788106107,37,-0.13445121833610535,MAP_SCADA,125,0.004857429544955716
1,B_svc,2,0.2985366169832528,37,0.27562818382803894,MAP_SCADA,125,0.022908433155213848
2,UPFC_Vsh,5-15,1.1055109564919188,37,1.1066600468225636,MAP_SCADA,125,0.0011490903306448086
3,UPFC_tsh,5-15,-0.22576395725073525,37,-0.2297887409663522,MAP_SCADA,125,0.004024783715616959
4,UPFC_Vse,5-15,0.05957450635499889,37,0.060121673512357886,MAP_SCADA,125,0.0005471671573589951
5,UPFC_tse,5-15,-2.1485789670072792,37,-2.146270606769335,MAP_SCADA,125,0.002308360237944118
0,x_tcsc,1-14,-0.13876399333863584,38,-0.13445121833610535,MAP_SCADA,125,0.0043127750025304945
1,B_svc,2,0.29775285732011453,38,0.27562818382803894,MAP_SCADA,125,0.022124673492075586
2,UPFC_Vsh,5-15,1.104689520361175,38,1.1066600468225636,MAP_SCADA,125,0.001970526461388511
3,UPFC_tsh,5-15,-0.22595945019195673,38,-0.2297887409663522,MAP_SCADA,125,0.0038292907743954774
4,UPFC_Vse,5-15,0.060351667486153455,38,0.060121673512357886,MAP_SCADA,125,0.00022999397379556974
5,UPFC_tse,5-15,-2.1462755904313355,38,-2.146270606769335,MAP_SCADA,125,4.983662000412892e-06
0,x_tcsc,1-14,-0.13888872058816598,39,-0.13445121833610535,MAP_SCADA,125,0.004437502252060632
1,B_svc,2,0.30026952731217943,39,0.27562818382803894,MAP_SCADA,125,0.024641343484140488
2,UPFC_Vsh,5-15,1.1035081667959006,39,1.1066600468225636,MAP_SCADA,125,0.003151880026663001
3,UPFC_tsh,5-15,-0.22685329721329714,39,-0.2297887409663522,MAP_SCADA,125,0.0029354437530550725
4,UPFC_Vse,5-15,0.060193805382303366,39,0.060121673512357886,MAP_SCADA,125,7.213186994547982e-05
5,UPFC_tse,5-15,-2.1480449289464985,39,-2.146270606769335,MAP_SCADA,125,0.0017743221771633344
0,x_tcsc,1-14,-0.1380881425081221,40,-0.13445121833610535,MAP_SCADA,125,0.0036369241720167478
1,B_svc,2,0.305150873703634,40,0.27562818382803894,MAP_SCADA,125,0.029522689875595032
2,UPFC_Vsh,5-15,1.1010648603053346,40,1.1066600468225636,MAP_SCADA,125,0.005595186517229012
3,UPFC_tsh,5-15,-0.2285433630113417,40,-0.2297887409663522,MAP_SCADA,125,0.001245377955010507
4,UPFC_Vse,5-15,0.06086204016250076,40,0.060121673512357886,MAP_SCADA,125,0.0007403666501428763
5,UPFC_tse,5-15,-2.148631665556464,40,-2.146270606769335,MAP_SCADA,125,0.002361058787129
0,x_tcsc,1-14,-0.1387186169873437,41,-0.13445121833610535,MAP_SCADA,125,0.004267398651238347
1,B_svc,2,0.29322018540771627,41,0.27562818382803894,MAP_SCADA,125,0.01759200157967733
2,UPFC_Vsh,5-15,1.1038591215574631,41,1.1066600468225636,MAP_SCADA,125,0.0028009252651004513
3,UPFC_tsh,5-15,-0.22602840755094478,41,-0.2297887409663522,MAP_SCADA,125,0.0037603334154074353
4,UPFC_Vse,5-15,0.060643180625298665,41,0.060121673512357886,MAP_SCADA,125,0.0005215071129407792
5,UPFC_tse,5-15,-2.1511423510924637,41,-2.146270606769335,MAP_SCADA,125,0.004871744323128535
0,x_tcsc,1-14,-0.1399054585652153,42,-0.13445121833610535,MAP_SCADA,125,0.005454240229109952
1,B_svc,2,0.29691859176243846,42,0.27562818382803894,MAP_SCADA,125,0.021290407934399513
2,UPFC_Vsh,5-15,1.1044028256050389,42,1.1066600468225636,MAP_SCADA,125,0.0022572212175246964
3,UPFC_tsh,5-15,-0.2256305853352938,42,-0.2297887409663522,MAP_SCADA,125,0.0041581556310584245
4,UPFC_Vse,5-15,0.060075035419874336,42,0.060121673512357886,MAP_SCADA,125,4.663809248355022e-05
5,UPFC_tse,5-15,-2.144996823734121,42,-2.146270606769335,MAP_SCADA,125,0.0012737830352143042
0,x_tcsc,1-14,-0.13845023221293154,43,-0.13445121833610535,MAP_SCADA,125,0.003999013876826191
1,B_svc,2,0.2982945498498663,43,0.27562818382803894,MAP_SCADA,125,0.022666366021827367
2,UPFC_Vsh,5-15,1.1058482160010459,43,1.1066600468225636,MAP_SCADA,125,0.0008118308215177006
3,UPFC_tsh,5-15,-0.2259417019098907,43,-0.2297887409663522,MAP_SCADA,125,0.0038470390564614987
4,UPFC_Vse,5-15,0.0596267769348247,43,0.060121673512357886,MAP_SCADA,125,0.0004948965775331826
5,UPFC_tse,5-15,-2.1476228475067285,43,-2.146270606769335,MAP_SCADA,125,0.0013522407373933731
0,x_tcsc,1-14,-0.139811517951264,44,-0.13445121833610535,MAP_SCADA,125,0.005360299615158659
1,B_svc,2,0.29671087376323174,44,0.27562818382803894,MAP_SCADA,125,0.0210826899351928
2,UPFC_Vsh,5-15,1.1028977831949425,44,1.1066600468225636,MAP_SCADA,125,0.0037622636276211097
3,UPFC_tsh,5-15,-0.22646896973694672,44,-0.2297887409663522,MAP_SCADA,125,0.0033197712294054937
4,UPFC_Vse,5-15,0.06049594237847763,44,0.060121673512357886,MAP_SCADA,125,0.0003742688661197424
5,UPFC_tse,5-15,-2.1480555669771535,44,-2.146270606769335,MAP_SCADA,125,0.0017849602078183757
0,x_tcsc,1-14,-0.14052857428117096,45,-0.13445121833610535,MAP_SCADA,125,0.006077355945065616
1,B_svc,2,0.29656433459849,45,0.27562818382803894,MAP_SCADA,125,0.02093615077045108
2,UPFC_Vsh,5-15,1.105353337485876,45,1.1066600468225636,MAP_SCADA,125,0.0013067093366876392
3,UPFC_tsh,5-15,-0.2250383220991583,45,-0.2297887409663522,MAP_SCADA,125,0.004750418867193906
4,UPFC_Vse,5-15,0.05983092960988044,45,0.060121673512357886,MAP_SCADA,125,0.00029074390247744303
5,UPFC_tse,5-15,-2.1495930852050207,45,-2.146270606769335,MAP_SCADA,125,0.0033224784356855608
0,x_tcsc,1-14,-0.13895079535319532,46,-0.13445121833610535,MAP_SCADA,125,0.004499577017089973
1,B_svc,2,0.2964461038118466,46,0.27562818382803894,MAP_SCADA,125,0.020817919983807665
2,UPFC_Vsh,5-15,1.1048489870248948,46,1.1066600468225636,MAP_SCADA,125,0.0018110597976688236
3,UPFC_tsh,5-15,-0.22489720469760976,46,-0.2297887409663522,MAP_SCADA,125,0.004891536268742447
4,UPFC_Vse,5-15,0.06055886878461661,46,0.060121673512357886,MAP_SCADA,125,0.00043719527225872384
5,UPFC_tse,5-15,-2.143860217935244,46,-2.146270606769335,MAP_SCADA,125,0.0024103888340909485
0,x_tcsc,1-14,-0.13913388965149576,47,-0.13445121833610535,MAP_SCADA,125,0.004682671315390408
1,B_svc,2,0.2984715848952935,47,0.27562818382803894,MAP_SCADA,125,0.022843401067254576
2,UPFC_Vsh,5-15,1.103504153241162,47,1.1066600468225636,MAP_SCADA,125,0.0031558935814015587
3,UPFC_tsh,5-15,-0.22569345557829593,47,-0.2297887409663522,MAP_SCADA,125,0.004095285388056286
4,UPFC_Vse,5-15,0.0599048945666807,47,0.060121673512357886,MAP_SCADA,125,0.0002167789456771832
5,UPFC_tse,5-15,-2.147264956699322,47,-2.146270606769335,MAP_SCADA,125,0.0009943499299867042
0,x_tcsc,1-14,-0.1388308665670919,48,-0.13445121833610535,MAP_SCADA,125,0.004379648230986549
1,B_svc,2,0.2980432939421639,48,0.27562818382803894,MAP_SCADA,125,0.022415110114124948
2,UPFC_Vsh,5-15,1.1046129074545643,48,1.1066600468225636,MAP_SCADA,125,0.0020471393679992733
3,UPFC_tsh,5-15,-0.22600620862937293,48,-0.2297887409663522,MAP_SCADA,125,0.003782532336979283
4,UPFC_Vse,5-15,0.059986161692255846,48,0.060121673512357886,MAP_SCADA,125,0.00013551182010203972
5,UPFC_tse,5-15,-2.1500646836679387,48,-2.146270606769335,MAP_SCADA,125,0.00379407689860356
0,x_tcsc,1-14,-0.13678999882709117,49,-0.13445121833610535,MAP_SCADA,125,0.00233878049098582
1,B_svc,2,0.3048122495750491,49,0.27562818382803894,MAP_SCADA,125,0.029184065747010157
2,UPFC_Vsh,5-15,1.1028142767271474,49,1.1066600468225636,MAP_SCADA,125,0.003845770095416201
3,UPFC_tsh,5-15,-0.22789640504364608,49,-0.2297887409663522,MAP_SCADA,125,0.0018923359227061287
4,UPFC_Vse,5-15,0.06019102860432917,49,0.060121673512357886,MAP_SCADA,125,6.935509197128487e-05
5,UPFC_tse,5-15,-2.1502166423072926,49,-2.146270606769335,MAP_SCADA,125,0.003946035537957471
0,x_tcsc,1-14,-0.13844327078259241,50,-0.13445121833610535,MAP_SCADA,125,0.0039920524464870655
1,B_svc,2,0.296185019327285,50,0.27562818382803894,MAP_SCADA,125,0.020556835499246084
2,UPFC_Vsh,5-15,1.103699644975238,50,1.1066600468225636,MAP_SCADA,125,0.002960401847325489
3,UPFC_tsh,5-15,-0.22623525675338108,50,-0.2297887409663522,MAP_SCADA,125,0.0035534842129711364
4,UPFC_Vse,5-15,0.060455226854863514,50,0.060121673512357886,MAP_SCADA,125,0.00033355334250562835
5,UPFC_tse,5-15,-2.147736097903853,50,-2.146270606769335,MAP_SCADA,125,0.0014654911345179933
0,x_tcsc,1-14,-0.13932493877968363,51,-0.13445121833610535,MAP_SCADA,125,0.004873720443578283
1,B_svc,2,0.29545982958944195,51,0.27562818382803894,MAP_SCADA,125,0.019831645761403005
2,UPFC_Vsh,5-15,1.1041996971003738,51,1.1066600468225636,MAP_SCADA,125,0.0024603497221897808
3,UPFC_tsh,5-15,-0.2259362461468297,51,-0.2297887409663522,MAP_SCADA,125,0.0038524948195225173
4,UPFC_Vse,5-15,0.060608605431686384,51,0.060121673512357886,MAP_SCADA,125,0.0004869319193284982
5,UPFC_tse,5-15,-2.147654032566646,51,-2.146270606769335,MAP_SCADA,125,0.0013834257973108777
0,x_tcsc,1-14,-0.13877429196352978,52,-0.13445121833610535,MAP_SCADA,125,0.004323073627424429
1,B_svc,2,0.2955519365557847,52,0.27562818382803894,MAP_SCADA,125,0.01992375272774577
2,UPFC_Vsh,5-15,1.103401285053523,52,1.1066600468225636,MAP_SCADA,125,0.003258761769040497
3,UPFC_tsh,5-15,-0.2256970092293021,52,-0.2297887409663522,MAP_SCADA,125,0.004091731737050103
4,UPFC_Vse,5-15,0.060037529394786515,52,0.060121673512357886,MAP_SCADA,125,8.414411757137058e-05
5,UPFC_tse,5-15,-2.1502566117296222,52,-2.146270606769335,MAP_SCADA,125,0.003986004960287115
0,x_tcsc,1-14,-0.13719206890746846,53,-0.13445121833610535,MAP_SCADA,125,0.0027408505713631126
1,B_svc,2,0.2997239554174644,53,0.27562818382803894,MAP_SCADA,125,0.02409577158942544
2,UPFC_Vsh,5-15,1.1040769980954428,53,1.1066600468225636,MAP_SCADA,125,0.0025830487271207847
3,UPFC_tsh,5-15,-0.22720083749051107,53,-0.2297887409663522,MAP_SCADA,125,0.0025879034758411468
4,UPFC_Vse,5-15,0.06010456096434186,53,0.060121673512357886,MAP_SCADA,125,1.7112548016028073e-05
5,UPFC_tse,5-15,-2.1545612967427794,53,-2.146270606769335,MAP_SCADA,125,0.008290689973444287
0,x_tcsc,1-14,-0.13798824104664212,54,-0.13445121833610535,MAP_SCADA,125,0.003537022710536769
1,B_svc,2,0.30227977719608706,54,0.27562818382803894,MAP_SCADA,125,0.02665159336804812
2,UPFC_Vsh,5-15,1.103186529193495,54,1.1066600468225636,MAP_SCADA,125,0.0034735176290685565
3,UPFC_tsh,5-15,-0.22683808163686253,54,-0.2297887409663522,MAP_SCADA,125,0.00295065932948968
4,UPFC_Vse,5-15,0.06059927539276227,54,0.060121673512357886,MAP_SCADA,125,0.00047760188040438245
5,UPFC_tse,5-15,-2.1470201328700975,54,-2.146270606769335,MAP_SCADA,125,0.0007495261007623988
0,x_tcsc,1-14,-0.13861819969654465,55,-0.13445121833610535,MAP_SCADA,125,0.0041669813604393036
1,B_svc,2,0.2982281439530429,55,0.27562818382803894,MAP_SCADA,125,0.02259996012500398
2,UPFC_Vsh,5-15,1.1062975037791578,55,1.1066600468225636,MAP_SCADA,125,0.0003625430434057719
3,UPFC_tsh,5-15,-0.2256201950046325,55,-0.2297887409663522,MAP_SCADA,125,0.0041685459617197
4,UPFC_Vse,5-15,0.06010544691893832,55,0.060121673512357886,MAP_SCADA,125,1.6226593419564617e-05
5,UPFC_tse,5-15,-2.1486231597502226,55,-2.146270606769335,MAP_SCADA,125,0.0023525529808874346
0,x_tcsc,1-14,-0.13821983146765665,56,-0.13445121833610535,MAP_SCADA,125,0.0037686131315513016
1,B_svc,2,0.3011376864684205,56,0.27562818382803894,MAP_SCADA,125,0.025509502640381543
2,UPFC_Vsh,5-15,1.104502511352792,56,1.1066600468225636,MAP_SCADA,125,0.0021575354697715987
3,UPFC_tsh,5-15,-0.22690992863944798,56,-0.2297887409663522,MAP_SCADA,125,0.0028788123269042343
4,UPFC_Vse,5-15,0.06015288344386399,56,0.060121673512357886,MAP_SCADA,125,3.120993150610568e-05
5,UPFC_tse,5-15,-2.145879885001655,56,-2.146270606769335,MAP_SCADA,125,0.00039072176768017997
0,x_tcsc,1-14,-0.13767132395109832,57,-0.13445121833610535,MAP_SCADA,125,0.003220105614992974
1,B_svc,2,0.29706997285255465,57,0.27562818382803894,MAP_SCADA,125,0.02144178902451571
2,UPFC_Vsh,5-15,1.1075096933847748,57,1.1066600468225636,MAP_SCADA,125,0.0008496465622112037
3,UPFC_tsh,5-15,-0.22571755461786697,57,-0.2297887409663522,MAP_SCADA,125,0.004071186348485245
4,UPFC_Vse,5-15,0.05995041538130148,57,0.060121673512357886,MAP_SCADA,125,0.00017125813105640236
5,UPFC_tse,5-15,-2.1442045134949352,57,-2.146270606769335,MAP_SCADA,125,0.0020660932743998828
0,x_tcsc,1-14,-0.14025304881818126,58,-0.13445121833610535,MAP_SCADA,125,0.005801830482075915
1,B_svc,2,0.2943751922505254,58,0.27562818382803894,MAP_SCADA,125,0.018747008422486444
2,UPFC_Vsh,5-15,1.1043382438971199,58,1.1066600468225636,MAP_SCADA,125,0.0023218029254437056
3,UPFC_tsh,5-15,-0.22596942597343528,58,-0.2297887409663522,MAP_SCADA,125,0.0038193149929169334
4,UPFC_Vse,5-15,0.05989844619524658,58,0.060121673512357886,MAP_SCADA,125,0.0002232273171113089
5,UPFC_tse,5-15,-2.150392797073834,58,-2.146270606769335,MAP_SCADA,125,0.004122190304499007
0,x_tcsc,1-14,-0.13948574348694037,59,-0.13445121833610535,MAP_SCADA,125,0.005034525150835023
1,B_svc,2,0.29361040067047306,59,0.27562818382803894,MAP_SCADA,125,0.017982216842434118
2,UPFC_Vsh,5-15,1.1024436446396637,59,1.1066600468225636,MAP_SCADA,125,0.00421640218289987
3,UPFC_tsh,5-15,-0.2260962852316475,59,-0.2297887409663522,MAP_SCADA,125,0.003692455734704725
4,UPFC_Vse,5-15,0.0603760348307006,59,0.060121673512357886,MAP_SCADA,125,0.00025436131834271486
5,UPFC_tse,5-15,-2.153027024774551,59,-2.146270606769335,MAP_SCADA,125,0.006756418005215981
0,x_tcsc,1-14,-0.13734548040088565,60,-0.13445121833610535,MAP_SCADA,125,0.002894262064780301
1,B_svc,2,0.3050931327260433,60,0.27562818382803894,MAP_SCADA,125,0.029464948898004384
2,UPFC_Vsh,5-15,1.1024510869435684,60,1.1066600468225636,MAP_SCADA,125,0.0042089598789951665
3,UPFC_tsh,5-15,-0.22792302563646952,60,-0.2297887409663522,MAP_SCADA,125,0.0018657153298826945
4,UPFC_Vse,5-15,0.05994697426279195,60,0.060121673512357886,MAP_SCADA,125,0.00017469924956593774
5,UPFC_tse,5-15,-2.1533501829787167,60,-2.146270606769335,MAP_SCADA,125,0.0070795762093815995
0,x_tcsc,1-14,-0.13962038629562434,61,-0.13445121833610535,MAP_SCADA,125,0.005169167959518994
1,B_svc,2,0.2962995497542139,61,0.27562818382803894,MAP_SCADA,125,0.020671365926174967
2,UPFC_Vsh,5-15,1.1029814234863042,61,1.1066600468225636,MAP_SCADA,125,0.0036786233362593457
3,UPFC_tsh,5-15,-0.22586234776028932,61,-0.2297887409663522,MAP_SCADA,125,0.003926393206062889
4,UPFC_Vse,5-15,0.06022765102223543,61,0.060121673512357886,MAP_SCADA,125,0.00010597750987754312
5,UPFC_tse,5-15,-2.1501775445709037,61,-2.146270606769335,MAP_SCADA,125,0.0039069378015685885
0,x_tcsc,1-14,-0.1395880404530107,62,-0.13445121833610535,MAP_SCADA,125,0.00513682211690536
1,B_svc,2,0.29959101759192003,62,0.27562818382803894,MAP_SCADA,125,0.023962833763881086
2,UPFC_Vsh,5-15,1.1049893981731653,62,1.1066600468225636,MAP_SCADA,125,0.0016706486493982542
3,UPFC_tsh,5-15,-0.2262864238321893,62,-0.2297887409663522,MAP_SCADA,125,0.003502317134162908
4,UPFC_Vse,5-15,0.0599799436649154,62,0.060121673512357886,MAP_SCADA,125,0.0001417298474424844
5,UPFC_tse,5-15,-2.1470839299587956,62,-2.146270606769335,MAP_SCADA,125,0.0008133231894604798
0,x_tcsc,1-14,-0.13819293186036755,63,-0.13445121833610535,MAP_SCADA,125,0.003741713524262197
1,B_svc,2,0.2947934783829856,63,0.27562818382803894,MAP_SCADA,125,0.019165294554946644
2,UPFC_Vsh,5-15,1.105386686753126,63,1.1066600468225636,MAP_SCADA,125,0.001273360069437679
3,UPFC_tsh,5-15,-0.226096774621023,63,-0.2297887409663522,MAP_SCADA,125,0.0036919663453292006
4,UPFC_Vse,5-15,0.06026503639942282,63,0.060121673512357886,MAP_SCADA,125,0.00014336288706493644
5,UPFC_tse,5-15,-2.1446743398568286,63,-2.146270606769335,MAP_SCADA,125,0.0015962669125064721
0,x_tcsc,1-14,-0.13921022468365188,64,-0.13445121833610535,MAP_SCADA,125,0.004759006347546529
1,B_svc,2,0.30291283652156065,64,0.27562818382803894,MAP_SCADA,125,0.027284652693521705
2,UPFC_Vsh,5-15,1.1017025311267963,64,1.1066600468225636,MAP_SCADA,125,0.0049575156957673006
3,UPFC_tsh,5-15,-0.22647964204765078,64,-0.2297887409663522,MAP_SCADA,125,0.003309098918701431
4,UPFC_Vse,5-15,0.06037988534906229,64,0.060121673512357886,MAP_SCADA,125,0.00025821183670440145
5,UPFC_tse,5-15,-2.1467661078239084,64,-2.146270606769335,MAP_SCADA,125,0.0004955010545732996
0,x_tcsc,1-14,-0.13754706013970006,65,-0.13445121833610535,MAP_SCADA,125,0.0030958418035947066
1,B_svc,2,0.3033542225314747,65,0.27562818382803894,MAP_SCADA,125,0.027726038703435762
2,UPFC_Vsh,5-15,1.102491949482756,65,1.1066600468225636,MAP_SCADA,125,0.004168097339807497
3,UPFC_tsh,5-15,-0.22779893595847883,65,-0.2297887409663522,MAP_SCADA,125,0.0019898050078733798
4,UPFC_Vse,5-15,0.060129879626394565,65,0.060121673512357886,MAP_SCADA,125,8.20611403667959e-06
5,UPFC_tse,5-15,-2.151886632505937,65,-2.146270606769335,MAP_SCADA,125,0.005616025736602026
0,x_tcsc,1-14,-0.13851879659942265,66,-0.13445121833610535,MAP_SCADA,125,0.004067578263317301
1,B_svc,2,0.30098243833297045,66,0.27562818382803894,MAP_SCADA,125,0.025354254504931506
2,UPFC_Vsh,5-15,1.1037986787727152,66,1.1066600468225636,MAP_SCADA,125,0.0028613680498483784
3,UPFC_tsh,5-15,-0.2266876249058762,66,-0.2297887409663522,MAP_SCADA,125,0.003101116060476
4,UPFC_Vse,5-15,0.059659010943204104,66,0.060121673512357886,MAP_SCADA,125,0.00046266256915378223
5,UPFC_tse,5-15,-2.145454356885726,66,-2.146270606769335,MAP_SCADA,125,0.000816249883609288
0,x_tcsc,1-14,-0.13891729932627214,67,-0.13445121833610535,MAP_SCADA,125,0.004466080990166793
1,B_svc,2,0.29894763571785266,67,0.27562818382803894,MAP_SCADA,125,0.023319451889813714
2,UPFC_Vsh,5-15,1.1052742411757022,67,1.1066600468225636,MAP_SCADA,125,0.0013858056468614155
3,UPFC_tsh,5-15,-0.22678710475996916,67,-0.2297887409663522,MAP_SCADA,125,0.0030016362063830515
4,UPFC_Vse,5-15,0.06021758539380588,67,0.060121673512357886,MAP_SCADA,125,9.591188144799506e-05
5,UPFC_tse,5-15,-2.1460217532626857,67,-2.146270606769335,MAP_SCADA,125,0.00024885350664938244
0,x_tcsc,1-14,-0.1400113610368814,68,-0.13445121833610535,MAP_SCADA,125,0.0055601427007760384
1,B_svc,2,0.2886082954586116,68,0.27562818382803894,MAP_SCADA,125,0.012980111630572666
2,UPFC_Vsh,5-15,1.1086243994812912,68,1.1066600468225636,MAP_SCADA,125,0.0019643526587276305
3,UPFC_tsh,5-15,-0.22463470542028693,68,-0.2297887409663522,MAP_SCADA,125,0.005154035546065278
4,UPFC_Vse,5-15,0.05987369804048943,68,0.060121673512357886,MAP_SCADA,125,0.0002479754718684585
5,UPFC_tse,5-15,-2.1449589252236083,68,-2.146270606769335,MAP_SCADA,125,0.001311681545726806
0,x_tcsc,1-14,-0.1391771725391201,69,-0.13445121833610535,MAP_SCADA,125,0.004725954203014748
1,B_svc,2,0.2949481090376491,69,0.27562818382803894,MAP_SCADA,125,0.019319925209610178
2,UPFC_Vsh,5-15,1.1044387529335438,69,1.1066600468225636,MAP_SCADA,125,0.0022212938890198153
3,UPFC_tsh,5-15,-0.2255383734968782,69,-0.2297887409663522,MAP_SCADA,125,0.00425036746947402
4,UPFC_Vse,5-15,0.06053740626463348,69,0.060121673512357886,MAP_SCADA,125,0.00041573275227559103
5,UPFC_tse,5-15,-2.147341439047312,69,-2.146270606769335,MAP_SCADA,125,0.0010708322779766632
0,x_tcsc,1-14,-0.14030892296009884,70,-0.13445121833610535,MAP_SCADA,125,0.005857704623993487
1,B_svc,2,0.28916581192604307,70,0.27562818382803894,MAP_SCADA,125,0.013537628098004129
2,UPFC_Vsh,5-15,1.105617684280865,70,1.1066600468225636,MAP_SCADA,125,0.0010423625416986493
3,UPFC_tsh,5-15,-0.22463776111187436,70,-0.2297887409663522,MAP_SCADA,125,0.0051509798544778496
4,UPFC_Vse,5-15,0.05922766099819131,70,0.060121673512357886,MAP_SCADA,125,0.000894012514166577
5,UPFC_tse,5-15,-2.146793521944589,70,-2.146270606769335,MAP_SCADA,125,0.0005229151752539352
0,x_tcsc,1-14,-0.13912161106384616,71,-0.13445121833610535,MAP_SCADA,125,0.0046703927277408075
1,B_svc,2,0.29390301176538924,71,0.27562818382803894,MAP_SCADA,125,0.018274827937350302
2,UPFC_Vsh,5-15,1.1066642973847154,71,1.1066600468225636,MAP_SCADA,125,4.2505621518085235e-06
3,UPFC_tsh,5-15,-0.225605363251747,71,-0.2297887409663522,MAP_SCADA,125,0.004183377714605224
4,UPFC_Vse,5-15,0.05939111103551805,71,0.060121673512357886,MAP_SCADA,125,0.0007305624768398356
5,UPFC_tse,5-15,-2.1477863279580256,71,-2.146270606769335,MAP_SCADA,125,0.0015157211886904776
0,x_tcsc,1-14,-0.14056060725207833,72,-0.13445121833610535,MAP_SCADA,125,0.006109388915972985
1,B_svc,2,0.2905575884448555,72,0.27562818382803894,MAP_SCADA,125,0.014929404616816577
2,UPFC_Vsh,5-15,1.1041119417122978,72,1.1066600468225636,MAP_SCADA,125,0.002548105110265819
3,UPFC_tsh,5-15,-0.22535657625741115,72,-0.2297887409663522,MAP_SCADA,125,0.004432164708941061
4,UPFC_Vse,5-15,0.060107674310286366,72,0.060121673512357886,MAP_SCADA,125,1.399920207151989e-05
5,UPFC_tse,5-15,-2.1468883355909685,72,-2.146270606769335,MAP_SCADA,125,0.0006177288216333565
0,x_tcsc,1-14,-0.1388155879410626,73,-0.13445121833610535,MAP_SCADA,125,0.004364369604957258
1,B_svc,2,0.2955615078968038,73,0.27562818382803894,MAP_SCADA,125,0.019933324068764857
2,UPFC_Vsh,5-15,1.105298350292251,73,1.1066600468225636,MAP_SCADA,125,0.001361696530312484
3,UPFC_tsh,5-15,-0.22593649996615559,73,-0.2297887409663522,MAP_SCADA,125,0.0038522410001966267
4,UPFC_Vse,5-15,0.05985474709110416,73,0.060121673512357886,MAP_SCADA,125,0.000266926421253727
5,UPFC_tse,5-15,-2.1511679849735295,73,-2.146270606769335,MAP_SCADA,125,0.004897378204194336
0,x_tcsc,1-14,-0.1398233764460126,74,-0.13445121833610535,MAP_SCADA,125,0.005372158109907238
1,B_svc,2,0.2954338977334575,74,0.27562818382803894,MAP_SCADA,125,0.019805713905418576
2,UPFC_Vsh,5-15,1.1071480139212553,74,1.1066600468225636,MAP_SCADA,125,0.0004879670986916995
3,UPFC_tsh,5-15,-0.22453926962252754,74,-0.2297887409663522,MAP_SCADA,125,0.005249471343824669
4,UPFC_Vse,5-15,0.060687580449417494,74,0.060121673512357886,MAP_SCADA,125,0.0005659069370596084
5,UPFC_tse,5-15,-2.14433718069863,74,-2.146270606769335,MAP_SCADA,125,0.0019334260707051243
0,x_tcsc,1-14,-0.13985189874829726,75,-0.13445121833610535,MAP_SCADA,125,0.0054006804121919105
1,B_svc,2,0.29688805571872745,75,0.27562818382803894,MAP_SCADA,125,0.02125987189068851
2,UPFC_Vsh,5-15,1.1046618916641544,75,1.1066600468225636,MAP_SCADA,125,0.001998155158409176
3,UPFC_tsh,5-15,-0.22601035217733573,75,-0.2297887409663522,MAP_SCADA,125,0.0037783887890164847
4,UPFC_Vse,5-15,0.06080895520400906,75,0.060121673512357886,MAP_SCADA,125,0.0006872816916511718
5,UPFC_tse,5-15,-2.1404242421104898,75,-2.146270606769335,MAP_SCADA,125,0.00584636465884536
0,x_tcsc,1-14,-0.13957144471102523,76,-0.13445121833610535,MAP_SCADA,125,0.005120226374919878
1,B_svc,2,0.2923765380368501,76,0.27562818382803894,MAP_SCADA,125,0.016748354208811156
2,UPFC_Vsh,5-15,1.1054871009105336,76,1.1066600468225636,MAP_SCADA,125,0.0011729459120299879
3,UPFC_tsh,5-15,-0.22482937095352573,76,-0.2297887409663522,MAP_SCADA,125,0.004959370012826481
4,UPFC_Vse,5-15,0.06030011511679539,76,0.060121673512357886,MAP_SCADA,125,0.00017844160443750146
5,UPFC_tse,5-15,-2.1476767706995723,76,-2.146270606769335,MAP_SCADA,125,0.001406163930237181
0,x_tcsc,1-14,-0.13862326408102932,77,-0.13445121833610535,MAP_SCADA,125,0.004172045744923969
1,B_svc,2,0.297354900166559,77,0.27562818382803894,MAP_SCADA,125,0.02172671633852008
2,UPFC_Vsh,5-15,1.1047507912466037,77,1.1066600468225636,MAP_SCADA,125,0.0019092555759598895
3,UPFC_tsh,5-15,-0.22604008379772728,77,-0.2297887409663522,MAP_SCADA,125,0.003748657168624936
4,UPFC_Vse,5-15,0.05988669983780915,77,0.060121673512357886,MAP_SCADA,125,0.00023497367454873574
5,UPFC_tse,5-15,-2.149920976773672,77,-2.146270606769335,MAP_SCADA,125,0.003650370004336878
0,x_tcsc,1-14,-0.14014173897371188,78,-0.13445121833610535,MAP_SCADA,125,0.005690520637606528
1,B_svc,2,0.29808804198602606,78,0.27562818382803894,MAP_SCADA,125,0.022459858157987123
2,UPFC_Vsh,5-15,1.1020250874796236,78,1.1066600468225636,MAP_SCADA,125,0.004634959342940004
3,UPFC_tsh,5-15,-0.22709406986485264,78,-0.2297887409663522,MAP_SCADA,125,0.0026946711014995683
4,UPFC_Vse,5-15,0.06038098624706862,78,0.060121673512357886,MAP_SCADA,125,0.00025931273471073435
5,UPFC_tse,5-15,-2.147555642474961,78,-2.146270606769335,MAP_SCADA,125,0.00128503570562577
0,x_tcsc,1-14,-0.138494991935145,79,-0.13445121833610535,MAP_SCADA,125,0.004043773599039652
1,B_svc,2,0.29935793585946774,79,0.27562818382803894,MAP_SCADA,125,0.023729752031428797
2,UPFC_Vsh,5-15,1.1044861845431309,79,1.1066600468225636,MAP_SCADA,125,0.0021738622794327256
3,UPFC_tsh,5-15,-0.2267156972470802,79,-0.2297887409663522,MAP_SCADA,125,0.0030730437192720006
4,UPFC_Vse,5-15,0.06014279391207925,79,0.060121673512357886,MAP_SCADA,125,2.112039972136659e-05
5,UPFC_tse,5-15,-2.148430129095994,79,-2.146270606769335,MAP_SCADA,125,0.002159522326659058
0,x_tcsc,1-14,-0.13850198239680195,80,-0.13445121833610535,MAP_SCADA,125,0.004050764060696599
1,B_svc,2,0.2949269015440459,80,0.27562818382803894,MAP_SCADA,125,0.01929871771600694
2,UPFC_Vsh,5-15,1.1046154754089028,80,1.1066600468225636,MAP_SCADA,125,0.0020445714136607673
3,UPFC_tsh,5-15,-0.22601633684968597,80,-0.2297887409663522,MAP_SCADA,125,0.003772404116666239
4,UPFC_Vse,5-15,0.05995997222132473,80,0.060121673512357886,MAP_SCADA,125,0.00016170129103315611
5,UPFC_tse,5-15,-2.151054139576775,80,-2.146270606769335,MAP_SCADA,125,0.0047835328074397054
0,x_tcsc,1-14,-0.13966617912573293,81,-0.13445121833610535,MAP_SCADA,125,0.005214960789627576
1,B_svc,2,0.29315893366360213,81,0.27562818382803894,MAP_SCADA,125,0.017530749835563186
2,UPFC_Vsh,5-15,1.1060385957878638,81,1.1066600468225636,MAP_SCADA,125,0.0006214510346997937
3,UPFC_tsh,5-15,-0.22521413775523438,81,-0.2297887409663522,MAP_SCADA,125,0.004574603211117828
4,UPFC_Vse,5-15,0.060315117957685425,81,0.060121673512357886,MAP_SCADA,125,0.00019344444532753968
5,UPFC_tse,5-15,-2.139918566642995,81,-2.146270606769335,MAP_SCADA,125,0.006352040126340164
0,x_tcsc,1-14,-0.13893154787813156,82,-0.13445121833610535,MAP_SCADA,125,0.004480329542026207
1,B_svc,2,0.3003519178065197,82,0.27562818382803894,MAP_SCADA,125,0.024723733978480766
2,UPFC_Vsh,5-15,1.105211713292877,82,1.1066600468225636,MAP_SCADA,125,0.0014483335296866517
3,UPFC_tsh,5-15,-0.22601346607340225,82,-0.2297887409663522,MAP_SCADA,125,0.003775274892949959
4,UPFC_Vse,5-15,0.05983889382632722,82,0.060121673512357886,MAP_SCADA,125,0.00028277968603066667
5,UPFC_tse,5-15,-2.145681020772069,82,-2.146270606769335,MAP_SCADA,125,0.0005895859972659956
0,x_tcsc,1-14,-0.13768340688018318,83,-0.13445121833610535,MAP_SCADA,125,0.0032321885440778353
1,B_svc,2,0.2994261065484856,83,0.27562818382803894,MAP_SCADA,125,0.023797922720446674
2,UPFC_Vsh,5-15,1.101703543833773,83,1.1066600468225636,MAP_SCADA,125,0.004956502988790579
3,UPFC_tsh,5-15,-0.2279174035804127,83,-0.2297887409663522,MAP_SCADA,125,0.0018713373859395033
4,UPFC_Vse,5-15,0.06055765787005787,83,0.060121673512357886,MAP_SCADA,125,0.0004359843576999811
5,UPFC_tse,5-15,-2.1510343991375835,83,-2.146270606769335,MAP_SCADA,125,0.004763792368248421
0,x_tcsc,1-14,-0.1373216491922542,84,-0.13445121833610535,MAP_SCADA,125,0.0028704308561488534
1,B_svc,2,0.2927348858620752,84,0.27562818382803894,MAP_SCADA,125,0.017106702034036247
2,UPFC_Vsh,5-15,1.1067500551576062,84,1.1066600468225636,MAP_SCADA,125,9.000833504257955e-05
3,UPFC_tsh,5-15,-0.22563770740787648,84,-0.2297887409663522,MAP_SCADA,125,0.004151033558475736
4,UPFC_Vse,5-15,0.06014896913171909,84,0.060121673512357886,MAP_SCADA,125,2.729561936120478e-05
5,UPFC_tse,5-15,-2.144710256275567,84,-2.146270606769335,MAP_SCADA,125,0.0015603504937682366
0,x_tcsc,1-14,-0.1368727184297969,85,-0.13445121833610535,MAP_SCADA,125,0.0024215000936915476
1,B_svc,2,0.3042076338471711,85,0.27562818382803894,MAP_SCADA,125,0.028579450019132147
2,UPFC_Vsh,5-15,1.1020224083109054,85,1.1066600468225636,MAP_SCADA,125,0.004637638511658215
3,UPFC_tsh,5-15,-0.22809833192717974,85,-0.2297887409663522,MAP_SCADA,125,0.0016904090391724746
4,UPFC_Vse,5-15,0.059876587389066586,85,0.060121673512357886,MAP_SCADA,125,0.0002450861232912993
5,UPFC_tse,5-15,-2.1513163216563593,85,-2.146270606769335,MAP_SCADA,125,0.005045714887024211
0,x_tcsc,1-14,-0.1384535459587959,86,-0.13445121833610535,MAP_SCADA,125,0.004002327622690538
1,B_svc,2,0.2997617930927,86,0.27562818382803894,MAP_SCADA,125,0.02413360926466107
2,UPFC_Vsh,5-15,1.103946923652292,86,1.1066600468225636,MAP_SCADA,125,0.002713123170271503
3,UPFC_tsh,5-15,-0.22620783362035,86,-0.2297887409663522,MAP_SCADA,125,0.003580907346002221
4,UPFC_Vse,5-15,0.060450061537411046,86,0.060121673512357886,MAP_SCADA,125,0.00032838802505315984
5,UPFC_tse,5-15,-2.1479966642306616,86,-2.146270606769335,MAP_SCADA,125,0.00172605746132648
0,x_tcsc,1-14,-0.13890739555022136,87,-0.13445121833610535,MAP_SCADA,125,0.004456177214116008
1,B_svc,2,0.29816419122844867,87,0.27562818382803894,MAP_SCADA,125,0.02253600740040973
2,UPFC_Vsh,5-15,1.1032871777219062,87,1.1066600468225636,MAP_SCADA,125,0.003372869100657372
3,UPFC_tsh,5-15,-0.226681685374232,87,-0.2297887409663522,MAP_SCADA,125,0.0031070555921202114
4,UPFC_Vse,5-15,0.06018735647973197,87,0.060121673512357886,MAP_SCADA,125,6.568296737408108e-05
5,UPFC_tse,5-15,-2.1458589466601703,87,-2.146270606769335,MAP_SCADA,125,0.0004116601091648242
0,x_tcsc,1-14,-0.13941829242216902,88,-0.13445121833610535,MAP_SCADA,125,0.004967074086063672
1,B_svc,2,0.29807485035769715,88,0.27562818382803894,MAP_SCADA,125,0.02244666652965821
2,UPFC_Vsh,5-15,1.1045063121793453,88,1.1066600468225636,MAP_SCADA,125,0.00215373464321833
3,UPFC_tsh,5-15,-0.22623395074146235,88,-0.2297887409663522,MAP_SCADA,125,0.003554790224889859
4,UPFC_Vse,5-15,0.05955271496810949,88,0.060121673512357886,MAP_SCADA,125,0.0005689585442483977
5,UPFC_tse,5-15,-2.147882351498537,88,-2.146270606769335,MAP_SCADA,125,0.0016117447292018916
0,x_tcsc,1-14,-0.13722912029411927,89,-0.13445121833610535,MAP_SCADA,125,0.0027779019580139175
1,B_svc,2,0.30411101001131285,89,0.27562818382803894,MAP_SCADA,125,0.028482826183273913
2,UPFC_Vsh,5-15,1.1036311349152752,89,1.1066600468225636,MAP_SCADA,125,0.0030289119072883786
3,UPFC_tsh,5-15,-0.22732067939310316,89,-0.2297887409663522,MAP_SCADA,125,0.002468061573249053
4,UPFC_Vse,5-15,0.06012593040018313,89,0.060121673512357886,MAP_SCADA,125,4.2568878252449704e-06
5,UPFC_tse,5-15,-2.148379421260987,89,-2.146270606769335,MAP_SCADA,125,0.0021088144916516782
0,x_tcsc,1-14,-0.14066230142333347,90,-0.13445121833610535,MAP_SCADA,125,0.00621108308722812
1,B_svc,2,0.28639808623031715,90,0.27562818382803894,MAP_SCADA,125,0.010769902402278209
2,UPFC_Vsh,5-15,1.1053975417805695,90,1.1066600468225636,MAP_SCADA,125,0.0012625050419940997
3,UPFC_tsh,5-15,-0.2244789968365249,90,-0.2297887409663522,MAP_SCADA,125,0.005309744129827321
4,UPFC_Vse,5-15,0.05994150141665287,90,0.060121673512357886,MAP_SCADA,125,0.00018017209570501264
5,UPFC_tse,5-15,-2.1483133870233035,90,-2.146270606769335,MAP_SCADA,125,0.0020427802539684237
0,x_tcsc,1-14,-0.1389034492356503,91,-0.13445121833610535,MAP_SCADA,125,0.00445223089954494
1,B_svc,2,0.29841707717821614,91,0.27562818382803894,MAP_SCADA,125,0.022788893350177197
2,UPFC_Vsh,5-15,1.1040028152967658,91,1.1066600468225636,MAP_SCADA,125,0.0026572315257977763
3,UPFC_tsh,5-15,-0.22666245066459617,91,-0.2297887409663522,MAP_SCADA,125,0.0031262903017560406
4,UPFC_Vse,5-15,0.060089420272586895,91,0.060121673512357886,MAP_SCADA,125,3.2253239770990705e-05
5,UPFC_tse,5-15,-2.1467186392760302,91,-2.146270606769335,MAP_SCADA,125,0.0004480325066951174
0,x_tcsc,1-14,-0.1399247873648281,92,-0.13445121833610535,MAP_SCADA,125,0.005473569028722758
1,B_svc,2,0.29473224820962973,92,0.27562818382803894,MAP_SCADA,125,0.01910406438159079
2,UPFC_Vsh,5-15,1.1051511651890191,92,1.1066600468225636,MAP_SCADA,125,0.0015088816335444566
3,UPFC_tsh,5-15,-0.22500880406455498,92,-0.2297887409663522,MAP_SCADA,125,0.004779936901797233
4,UPFC_Vse,5-15,0.059988637387086235,92,0.060121673512357886,MAP_SCADA,125,0.00013303612527165026
5,UPFC_tse,5-15,-2.143871600729615,92,-2.146270606769335,MAP_SCADA,125,0.0023990060397203194
0,x_tcsc,1-14,-0.13790532230246327,93,-0.13445121833610535,MAP_SCADA,125,0.0034541039663579243
1,B_svc,2,0.3013297835636175,93,0.27562818382803894,MAP_SCADA,125,0.025701599735578562
2,UPFC_Vsh,5-15,1.104168804741319,93,1.1066600468225636,MAP_SCADA,125,0.0024912420812446268
3,UPFC_tsh,5-15,-0.22684799687065,93,-0.2297887409663522,MAP_SCADA,125,0.002940744095702219
4,UPFC_Vse,5-15,0.059842294193274324,93,0.060121673512357886,MAP_SCADA,125,0.0002793793190835614
5,UPFC_tse,5-15,-2.147633419958297,93,-2.146270606769335,MAP_SCADA,125,0.001362813188961809
0,x_tcsc,1-14,-0.13938863310282984,94,-0.13445121833610535,MAP_SCADA,125,0.0049374147667244905
1,B_svc,2,0.2980292208579397,94,0.27562818382803894,MAP_SCADA,125,0.02240103702990076
2,UPFC_Vsh,5-15,1.1039325054724765,94,1.1066600468225636,MAP_SCADA,125,0.002727541350087126
3,UPFC_tsh,5-15,-0.2264616265220565,94,-0.2297887409663522,MAP_SCADA,125,0.0033271144442957035
4,UPFC_Vse,5-15,0.06017734177236146,94,0.060121673512357886,MAP_SCADA,125,5.5668260003576e-05
5,UPFC_tse,5-15,-2.153993553239469,94,-2.146270606769335,MAP_SCADA,125,0.007722946470134051
0,x_tcsc,1-14,-0.13950620660961183,95,-0.13445121833610535,MAP_SCADA,125,0.005054988273506478
1,B_svc,2,0.29251821175293685,95,0.27562818382803894,MAP_SCADA,125,0.01689002792489791
2,UPFC_Vsh,5-15,1.1043324817035252,95,1.1066600468225636,MAP_SCADA,125,0.0023275651190384217
3,UPFC_tsh,5-15,-0.2259389986761963,95,-0.2297887409663522,MAP_SCADA,125,0.0038497422901559164
4,UPFC_Vse,5-15,0.060131204192603406,95,0.060121673512357886,MAP_SCADA,125,9.530680245520284e-06
5,UPFC_tse,5-15,-2.1486542652587537,95,-2.146270606769335,MAP_SCADA,125,0.002383658489418572
0,x_tcsc,1-14,-0.1380067973475561,96,-0.13445121833610535,MAP_SCADA,125,0.00355557901145076
1,B_svc,2,0.3023121368267017,96,0.27562818382803894,MAP_SCADA,125,0.026683952998662774
2,UPFC_Vsh,5-15,1.1044147926848344,96,1.1066600468225636,MAP_SCADA,125,0.0022452541377291357
3,UPFC_tsh,5-15,-0.22676224099022252,96,-0.2297887409663522,MAP_SCADA,125,0.003026499976129693
4,UPFC_Vse,5-15,0.06029829200515852,96,0.060121673512357886,MAP_SCADA,125,0.00017661849280063702
5,UPFC_tse,5-15,-2.1530578859010805,96,-2.146270606769335,MAP_SCADA,125,0.006787279131745372
0,x_tcsc,1-14,-0.14075836433980002,97,-0.13445121833610535,MAP_SCADA,125,0.006307146003694669
1,B_svc,2,0.2900573964944106,97,0.27562818382803894,MAP_SCADA,125,0.014429212666371649
2,UPFC_Vsh,5-15,1.105770205928169,97,1.1066600468225636,MAP_SCADA,125,0.000889840894394478
3,UPFC_tsh,5-15,-0.22466709487794193,97,-0.2297887409663522,MAP_SCADA,125,0.005121646088410287
4,UPFC_Vse,5-15,0.06021616597855937,97,0.060121673512357886,MAP_SCADA,125,9.449246620148177e-05
5,UPFC_tse,5-15,-2.1442245668075404,97,-2.146270606769335,MAP_SCADA,125,0.0020460399617947544
0,x_tcsc,1-14,-0.13872154666830117,98,-0.13445121833610535,MAP_SCADA,125,0.004270328332195816
1,B_svc,2,0.2932544069980707,98,0.27562818382803894,MAP_SCADA,125,0.017626223170031763
2,UPFC_Vsh,5-15,1.1037015110597996,98,1.1066600468225636,MAP_SCADA,125,0.0029585357627639475
3,UPFC_tsh,5-15,-0.2263205983825664,98,-0.2297887409663522,MAP_SCADA,125,0.003468142583785805
4,UPFC_Vse,5-15,0.06060918663511173,98,0.060121673512357886,MAP_SCADA,125,0.00048751312275384373
5,UPFC_tse,5-15,-2.1459582127355232,98,-2.146270606769335,MAP_SCADA,125,0.00031239403381189135
0,x_tcsc,1-14,-0.13955388499023125,99,-0.13445121833610535,MAP_SCADA,125,0.005102666654125898
1,B_svc,2,0.29595704555838426,99,0.27562818382803894,MAP_SCADA,125,0.020328861730345316
2,UPFC_Vsh,5-15,1.1029095704837086,99,1.1066600468225636,MAP_SCADA,125,0.0037504763388549467
3,UPFC_tsh,5-15,-0.22589227804724954,99,-0.2297887409663522,MAP_SCADA,125,0.0038964629191026723
4,UPFC_Vse,5-15,0.060001423577760095,99,0.060121673512357886,MAP_SCADA,125,0.00012024993459779088
5,UPFC_tse,5-15,-2.152835962070224,99,-2.146270606769335,MAP_SCADA,125,0.006565355300888864
0,x_tcsc,1-14,-0.13900849846393998,0,-0.13433821545917096,MAP_SCADA,127,0.004670283004769016
1,B_svc,2,0.29650527170746127,0,0.27506949632831795,MAP_SCADA,127,0.021435775379143318
2,UPFC_Vsh,5-15,1.106444059367828,0,1.1067658160001017,MAP_SCADA,127,0.00032175663227373974
3,UPFC_tsh,5-15,-0.2245452545715806,0,-0.22954725017367336,MAP_SCADA,127,0.005001995602092774
4,UPFC_Vse,5-15,0.06001100676389736,0,0.06084087486785218,MAP_SCADA,127,0.0008298681039548214
5,UPFC_tse,5-15,-2.145119974529498,0,-2.145496246489067,MAP_SCADA,127,0.0003762719595687969
0,x_tcsc,1-14,-0.1396136637504605,1,-0.13433821545917096,MAP_SCADA,127,0.005275448291289536
1,B_svc,2,0.2995471824231543,1,0.27506949632831795,MAP_SCADA,127,0.02447768609483636
2,UPFC_Vsh,5-15,1.1028977000837634,1,1.1067658160001017,MAP_SCADA,127,0.0038681159163382883
3,UPFC_tsh,5-15,-0.2262309272513375,1,-0.22954725017367336,MAP_SCADA,127,0.003316322922335857
4,UPFC_Vse,5-15,0.05984995870332151,1,0.06084087486785218,MAP_SCADA,127,0.0009909161645306752
5,UPFC_tse,5-15,-2.1443611494327808,1,-2.145496246489067,MAP_SCADA,127,0.0011350970562862273
0,x_tcsc,1-14,-0.13936421795883266,2,-0.13433821545917096,MAP_SCADA,127,0.0050260024996617025
1,B_svc,2,0.29683653973325336,2,0.27506949632831795,MAP_SCADA,127,0.021767043404935404
2,UPFC_Vsh,5-15,1.1033419492207521,2,1.1067658160001017,MAP_SCADA,127,0.0034238667793495825
3,UPFC_tsh,5-15,-0.22632827632391825,2,-0.22954725017367336,MAP_SCADA,127,0.0032189738497551135
4,UPFC_Vse,5-15,0.06073139686472676,2,0.06084087486785218,MAP_SCADA,127,0.00010947800312541972
5,UPFC_tse,5-15,-2.149609244944893,2,-2.145496246489067,MAP_SCADA,127,0.0041129984558261334
0,x_tcsc,1-14,-0.13778624594440056,3,-0.13433821545917096,MAP_SCADA,127,0.0034480304852295973
1,B_svc,2,0.30021723183472937,3,0.27506949632831795,MAP_SCADA,127,0.025147735506411417
2,UPFC_Vsh,5-15,1.10401400666262,3,1.1067658160001017,MAP_SCADA,127,0.0027518093374816477
3,UPFC_tsh,5-15,-0.22767381252310107,3,-0.22954725017367336,MAP_SCADA,127,0.001873437650572296
4,UPFC_Vse,5-15,0.060583952678000985,3,0.06084087486785218,MAP_SCADA,127,0.00025692218985119697
5,UPFC_tse,5-15,-2.1492311117466207,3,-2.145496246489067,MAP_SCADA,127,0.0037348652575537322
0,x_tcsc,1-14,-0.13985462128825538,4,-0.13433821545917096,MAP_SCADA,127,0.005516405829084414
1,B_svc,2,0.296188187833812,4,0.27506949632831795,MAP_SCADA,127,0.02111869150549406
2,UPFC_Vsh,5-15,1.1026767779516253,4,1.1067658160001017,MAP_SCADA,127,0.004089038048476379
3,UPFC_tsh,5-15,-0.22641506895827404,4,-0.22954725017367336,MAP_SCADA,127,0.003132181215399321
4,UPFC_Vse,5-15,0.06010991456421456,4,0.06084087486785218,MAP_SCADA,127,0.0007309603036376247
5,UPFC_tse,5-15,-2.149924163840019,4,-2.145496246489067,MAP_SCADA,127,0.004427917350951827
0,x_tcsc,1-14,-0.13746500879930573,5,-0.13433821545917096,MAP_SCADA,127,0.0031267933401347703
1,B_svc,2,0.3034607542918911,5,0.27506949632831795,MAP_SCADA,127,0.02839125796357317
2,UPFC_Vsh,5-15,1.1006785286143699,5,1.1067658160001017,MAP_SCADA,127,0.006087287385731832
3,UPFC_tsh,5-15,-0.2273157736710889,5,-0.22954725017367336,MAP_SCADA,127,0.0022314765025844563
4,UPFC_Vse,5-15,0.06056989728741583,5,0.06084087486785218,MAP_SCADA,127,0.0002709775804363504
5,UPFC_tse,5-15,-2.1453666812389707,5,-2.145496246489067,MAP_SCADA,127,0.00012956525009633069
0,x_tcsc,1-14,-0.13955901033275867,6,-0.13433821545917096,MAP_SCADA,127,0.005220794873587703
1,B_svc,2,0.29902140685599293,6,0.27506949632831795,MAP_SCADA,127,0.02395191052767498
2,UPFC_Vsh,5-15,1.1051095689335,6,1.1067658160001017,MAP_SCADA,127,0.0016562470666017237
3,UPFC_tsh,5-15,-0.22587728813114563,6,-0.22954725017367336,MAP_SCADA,127,0.00366996204252773
4,UPFC_Vse,5-15,0.06015700877506486,6,0.06084087486785218,MAP_SCADA,127,0.0006838660927873247
5,UPFC_tse,5-15,-2.1523236559127263,6,-2.145496246489067,MAP_SCADA,127,0.006827409423659336
0,x_tcsc,1-14,-0.13802243210717918,7,-0.13433821545917096,MAP_SCADA,127,0.0036842166480082206
1,B_svc,2,0.2995903326742413,7,0.27506949632831795,MAP_SCADA,127,0.024520836345923336
2,UPFC_Vsh,5-15,1.1043946694822493,7,1.1067658160001017,MAP_SCADA,127,0.0023711465178524183
3,UPFC_tsh,5-15,-0.22658864844167736,7,-0.22954725017367336,MAP_SCADA,127,0.0029586017319959967
4,UPFC_Vse,5-15,0.05985353630766828,7,0.06084087486785218,MAP_SCADA,127,0.0009873385601839035
5,UPFC_tse,5-15,-2.154106660539906,7,-2.145496246489067,MAP_SCADA,127,0.008610414050838955
0,x_tcsc,1-14,-0.13776651479993207,8,-0.13433821545917096,MAP_SCADA,127,0.0034282993407611095
1,B_svc,2,0.3034020605098786,8,0.27506949632831795,MAP_SCADA,127,0.02833256418156066
2,UPFC_Vsh,5-15,1.1038155449859017,8,1.1067658160001017,MAP_SCADA,127,0.002950271014199979
3,UPFC_tsh,5-15,-0.22729311200001734,8,-0.22954725017367336,MAP_SCADA,127,0.002254138173656023
4,UPFC_Vse,5-15,0.06036461132298206,8,0.06084087486785218,MAP_SCADA,127,0.00047626354487011885
5,UPFC_tse,5-15,-2.1549856065944772,8,-2.145496246489067,MAP_SCADA,127,0.009489360105410238
0,x_tcsc,1-14,-0.13859247186509066,9,-0.13433821545917096,MAP_SCADA,127,0.0042542564059196986
1,B_svc,2,0.29578539085512373,9,0.27506949632831795,MAP_SCADA,127,0.020715894526805778
2,UPFC_Vsh,5-15,1.104393061880654,9,1.1067658160001017,MAP_SCADA,127,0.0023727541194478174
3,UPFC_tsh,5-15,-0.2264243969300444,9,-0.22954725017367336,MAP_SCADA,127,0.003122853243628959
4,UPFC_Vse,5-15,0.060495454335872195,9,0.06084087486785218,MAP_SCADA,127,0.0003454205319799869
5,UPFC_tse,5-15,-2.1472225881378324,9,-2.145496246489067,MAP_SCADA,127,0.0017263416487653949
0,x_tcsc,1-14,-0.14084676336732707,10,-0.13433821545917096,MAP_SCADA,127,0.006508547908156109
1,B_svc,2,0.2932031951219014,10,0.27506949632831795,MAP_SCADA,127,0.018133698793583453
2,UPFC_Vsh,5-15,1.1049799922854475,10,1.1067658160001017,MAP_SCADA,127,0.0017858237146541889
3,UPFC_tsh,5-15,-0.22493217726351936,10,-0.22954725017367336,MAP_SCADA,127,0.0046150729101540056
4,UPFC_Vse,5-15,0.060052763771416585,10,0.06084087486785218,MAP_SCADA,127,0.0007881110964355967
5,UPFC_tse,5-15,-2.148328019767737,10,-2.145496246489067,MAP_SCADA,127,0.0028317732786700134
0,x_tcsc,1-14,-0.13935090874779182,11,-0.13433821545917096,MAP_SCADA,127,0.005012693288620862
1,B_svc,2,0.3000827842332406,11,0.27506949632831795,MAP_SCADA,127,0.025013287904922632
2,UPFC_Vsh,5-15,1.104322749806619,11,1.1067658160001017,MAP_SCADA,127,0.002443066193482668
3,UPFC_tsh,5-15,-0.22644285374367815,11,-0.22954725017367336,MAP_SCADA,127,0.0031043964299952154
4,UPFC_Vse,5-15,0.06061384937727731,11,0.06084087486785218,MAP_SCADA,127,0.00022702549057487115
5,UPFC_tse,5-15,-2.1500395355490904,11,-2.145496246489067,MAP_SCADA,127,0.004543289060023437
0,x_tcsc,1-14,-0.13886661964430397,12,-0.13433821545917096,MAP_SCADA,127,0.004528404185133006
1,B_svc,2,0.30316520299571653,12,0.27506949632831795,MAP_SCADA,127,0.02809570666739858
2,UPFC_Vsh,5-15,1.1014851436299993,12,1.1067658160001017,MAP_SCADA,127,0.005280672370102435
3,UPFC_tsh,5-15,-0.2265947577998115,12,-0.22954725017367336,MAP_SCADA,127,0.002952492373861859
4,UPFC_Vse,5-15,0.05951054582410368,12,0.06084087486785218,MAP_SCADA,127,0.001330329043748503
5,UPFC_tse,5-15,-2.1481486842702813,12,-2.145496246489067,MAP_SCADA,127,0.0026524377812142674
0,x_tcsc,1-14,-0.13751298016279592,13,-0.13433821545917096,MAP_SCADA,127,0.0031747647036249604
1,B_svc,2,0.30138813066979114,13,0.27506949632831795,MAP_SCADA,127,0.02631863434147319
2,UPFC_Vsh,5-15,1.1048805629058702,13,1.1067658160001017,MAP_SCADA,127,0.0018852530942314871
3,UPFC_tsh,5-15,-0.22692624201313333,13,-0.22954725017367336,MAP_SCADA,127,0.0026210081605400337
4,UPFC_Vse,5-15,0.05976662311998865,13,0.06084087486785218,MAP_SCADA,127,0.0010742517478635333
5,UPFC_tse,5-15,-2.1511226488263433,13,-2.145496246489067,MAP_SCADA,127,0.005626402337276293
0,x_tcsc,1-14,-0.1387119073551927,14,-0.13433821545917096,MAP_SCADA,127,0.004373691896021742
1,B_svc,2,0.2991060203265386,14,0.27506949632831795,MAP_SCADA,127,0.02403652399822065
2,UPFC_Vsh,5-15,1.1043098255803496,14,1.1067658160001017,MAP_SCADA,127,0.0024559904197520854
3,UPFC_tsh,5-15,-0.22659362725435733,14,-0.22954725017367336,MAP_SCADA,127,0.002953622919316029
4,UPFC_Vse,5-15,0.05993925440151864,14,0.06084087486785218,MAP_SCADA,127,0.00090162046633354
5,UPFC_tse,5-15,-2.147403003091212,14,-2.145496246489067,MAP_SCADA,127,0.001906756602144899
0,x_tcsc,1-14,-0.1401347877250689,15,-0.13433821545917096,MAP_SCADA,127,0.005796572265897942
1,B_svc,2,0.29719327447259053,15,0.27506949632831795,MAP_SCADA,127,0.022123778144272577
2,UPFC_Vsh,5-15,1.10514278782043,15,1.1067658160001017,MAP_SCADA,127,0.0016230281796716373
3,UPFC_tsh,5-15,-0.22475059684335258,15,-0.22954725017367336,MAP_SCADA,127,0.0047966533303207826
4,UPFC_Vse,5-15,0.05974653222629669,15,0.06084087486785218,MAP_SCADA,127,0.0010943426415554944
5,UPFC_tse,5-15,-2.1454506699074596,15,-2.145496246489067,MAP_SCADA,127,4.557658160742051e-05
0,x_tcsc,1-14,-0.13657497542089506,16,-0.13433821545917096,MAP_SCADA,127,0.002236759961724094
1,B_svc,2,0.3050354964593784,16,0.27506949632831795,MAP_SCADA,127,0.029966000131060433
2,UPFC_Vsh,5-15,1.1042529235454521,16,1.1067658160001017,MAP_SCADA,127,0.0025128924546495846
3,UPFC_tsh,5-15,-0.2272530051578728,16,-0.22954725017367336,MAP_SCADA,127,0.0022942450158005556
4,UPFC_Vse,5-15,0.05994727137748766,16,0.06084087486785218,MAP_SCADA,127,0.0008936034903645196
5,UPFC_tse,5-15,-2.1525110522626387,16,-2.145496246489067,MAP_SCADA,127,0.0070148057735717195
0,x_tcsc,1-14,-0.14031858933454772,17,-0.13433821545917096,MAP_SCADA,127,0.005980373875376754
1,B_svc,2,0.29837338229458993,17,0.27506949632831795,MAP_SCADA,127,0.023303885966271976
2,UPFC_Vsh,5-15,1.1048099590733964,17,1.1067658160001017,MAP_SCADA,127,0.0019558569267053016
3,UPFC_tsh,5-15,-0.2258268842497113,17,-0.22954725017367336,MAP_SCADA,127,0.003720365923962049
4,UPFC_Vse,5-15,0.060018761302233874,17,0.06084087486785218,MAP_SCADA,127,0.0008221135656183085
5,UPFC_tse,5-15,-2.1445126629522857,17,-2.145496246489067,MAP_SCADA,127,0.0009835835367812962
0,x_tcsc,1-14,-0.13862398376095758,18,-0.13433821545917096,MAP_SCADA,127,0.004285768301786619
1,B_svc,2,0.30051063411948875,18,0.27506949632831795,MAP_SCADA,127,0.025441137791170798
2,UPFC_Vsh,5-15,1.1036263093848822,18,1.1067658160001017,MAP_SCADA,127,0.003139506615219556
3,UPFC_tsh,5-15,-0.22631897737870346,18,-0.22954725017367336,MAP_SCADA,127,0.0032282727949698997
4,UPFC_Vse,5-15,0.06059917772140851,18,0.06084087486785218,MAP_SCADA,127,0.00024169714644366874
5,UPFC_tse,5-15,-2.1481598405459894,18,-2.145496246489067,MAP_SCADA,127,0.0026635940569224026
0,x_tcsc,1-14,-0.13997150805289785,19,-0.13433821545917096,MAP_SCADA,127,0.005633292593726885
1,B_svc,2,0.2975385393396756,19,0.27506949632831795,MAP_SCADA,127,0.02246904301135766
2,UPFC_Vsh,5-15,1.102397254952331,19,1.1067658160001017,MAP_SCADA,127,0.004368561047770614
3,UPFC_tsh,5-15,-0.22583042910126308,19,-0.22954725017367336,MAP_SCADA,127,0.0037168210724102813
4,UPFC_Vse,5-15,0.06029962107356366,19,0.06084087486785218,MAP_SCADA,127,0.0005412537942885223
5,UPFC_tse,5-15,-2.1511675257445853,19,-2.145496246489067,MAP_SCADA,127,0.005671279255518247
0,x_tcsc,1-14,-0.13996105232389777,20,-0.13433821545917096,MAP_SCADA,127,0.00562283686472681
1,B_svc,2,0.2921272452893663,20,0.27506949632831795,MAP_SCADA,127,0.017057748961048336
2,UPFC_Vsh,5-15,1.1059558536829384,20,1.1067658160001017,MAP_SCADA,127,0.0008099623171633485
3,UPFC_tsh,5-15,-0.22446458794532617,20,-0.22954725017367336,MAP_SCADA,127,0.00508266222834719
4,UPFC_Vse,5-15,0.05986600732266241,20,0.06084087486785218,MAP_SCADA,127,0.0009748675451897726
5,UPFC_tse,5-15,-2.1451598095664512,20,-2.145496246489067,MAP_SCADA,127,0.0003364369226157571
0,x_tcsc,1-14,-0.13822667342328782,21,-0.13433821545917096,MAP_SCADA,127,0.0038884579641168537
1,B_svc,2,0.2972723864116842,21,0.27506949632831795,MAP_SCADA,127,0.022202890083366233
2,UPFC_Vsh,5-15,1.1041169664709394,21,1.1067658160001017,MAP_SCADA,127,0.0026488495291623337
3,UPFC_tsh,5-15,-0.22696494078320859,21,-0.22954725017367336,MAP_SCADA,127,0.0025823093904647765
4,UPFC_Vse,5-15,0.06022746905635116,21,0.06084087486785218,MAP_SCADA,127,0.0006134058115010235
5,UPFC_tse,5-15,-2.152488046930867,21,-2.145496246489067,MAP_SCADA,127,0.0069918004418001445
0,x_tcsc,1-14,-0.1385780621689011,22,-0.13433821545917096,MAP_SCADA,127,0.004239846709730127
1,B_svc,2,0.295866779953715,22,0.27506949632831795,MAP_SCADA,127,0.020797283625397067
2,UPFC_Vsh,5-15,1.1060783732776556,22,1.1067658160001017,MAP_SCADA,127,0.000687442722446141
3,UPFC_tsh,5-15,-0.22534572355539284,22,-0.22954725017367336,MAP_SCADA,127,0.004201526618280521
4,UPFC_Vse,5-15,0.059450675865346955,22,0.06084087486785218,MAP_SCADA,127,0.0013901990025052269
5,UPFC_tse,5-15,-2.1468013562424364,22,-2.145496246489067,MAP_SCADA,127,0.0013051097533693934
0,x_tcsc,1-14,-0.1402901868998003,23,-0.13433821545917096,MAP_SCADA,127,0.005951971440629339
1,B_svc,2,0.28873643190744297,23,0.27506949632831795,MAP_SCADA,127,0.013666935579125017
2,UPFC_Vsh,5-15,1.104882461923429,23,1.1067658160001017,MAP_SCADA,127,0.0018833540766727275
3,UPFC_tsh,5-15,-0.2252051158164447,23,-0.22954725017367336,MAP_SCADA,127,0.004342134357228661
4,UPFC_Vse,5-15,0.0602245918602625,23,0.06084087486785218,MAP_SCADA,127,0.0006162830075896811
5,UPFC_tse,5-15,-2.143819747526403,23,-2.145496246489067,MAP_SCADA,127,0.0016764989626638638
0,x_tcsc,1-14,-0.1392743045440156,24,-0.13433821545917096,MAP_SCADA,127,0.004936089084844636
1,B_svc,2,0.29738585302713844,24,0.27506949632831795,MAP_SCADA,127,0.022316356698820483
2,UPFC_Vsh,5-15,1.1045794019361654,24,1.1067658160001017,MAP_SCADA,127,0.0021864140639362706
3,UPFC_tsh,5-15,-0.22649652881257448,24,-0.22954725017367336,MAP_SCADA,127,0.0030507213610988793
4,UPFC_Vse,5-15,0.060071837795885465,24,0.06084087486785218,MAP_SCADA,127,0.0007690370719667175
5,UPFC_tse,5-15,-2.1422016412545237,24,-2.145496246489067,MAP_SCADA,127,0.0032946052345432797
0,x_tcsc,1-14,-0.1377908231437233,25,-0.13433821545917096,MAP_SCADA,127,0.003452607684552328
1,B_svc,2,0.3061252413607257,25,0.27506949632831795,MAP_SCADA,127,0.031055745032407767
2,UPFC_Vsh,5-15,1.1034073057683083,25,1.1067658160001017,MAP_SCADA,127,0.0033585102317934545
3,UPFC_tsh,5-15,-0.22768260667530446,25,-0.22954725017367336,MAP_SCADA,127,0.0018646434983689009
4,UPFC_Vse,5-15,0.06020619773713513,25,0.06084087486785218,MAP_SCADA,127,0.0006346771307170554
5,UPFC_tse,5-15,-2.150180709765505,25,-2.145496246489067,MAP_SCADA,127,0.004684463276437789
0,x_tcsc,1-14,-0.1385486551204919,26,-0.13433821545917096,MAP_SCADA,127,0.004210439661320925
1,B_svc,2,0.300807778883365,26,0.27506949632831795,MAP_SCADA,127,0.025738282555047065
2,UPFC_Vsh,5-15,1.1039094048672455,26,1.1067658160001017,MAP_SCADA,127,0.0028564111328561737
3,UPFC_tsh,5-15,-0.2259080636694409,26,-0.22954725017367336,MAP_SCADA,127,0.00363918650423245
4,UPFC_Vse,5-15,0.0608357430479533,26,0.06084087486785218,MAP_SCADA,127,5.131819898883394e-06
5,UPFC_tse,5-15,-2.1503445282371287,26,-2.145496246489067,MAP_SCADA,127,0.0048482817480617335
0,x_tcsc,1-14,-0.13881034278722607,27,-0.13433821545917096,MAP_SCADA,127,0.004472127328055103
1,B_svc,2,0.2914728599813028,27,0.27506949632831795,MAP_SCADA,127,0.016403363652984837
2,UPFC_Vsh,5-15,1.104849217491168,27,1.1067658160001017,MAP_SCADA,127,0.0019165985089337756
3,UPFC_tsh,5-15,-0.225308752946577,27,-0.22954725017367336,MAP_SCADA,127,0.0042384972270963495
4,UPFC_Vse,5-15,0.06004084817340249,27,0.06084087486785218,MAP_SCADA,127,0.0008000266944496945
5,UPFC_tse,5-15,-2.148496938186742,27,-2.145496246489067,MAP_SCADA,127,0.0030006916976748066
0,x_tcsc,1-14,-0.13913273389529263,28,-0.13433821545917096,MAP_SCADA,127,0.004794518436121664
1,B_svc,2,0.296591253501489,28,0.27506949632831795,MAP_SCADA,127,0.021521757173171063
2,UPFC_Vsh,5-15,1.106067300145302,28,1.1067658160001017,MAP_SCADA,127,0.0006985158547996306
3,UPFC_tsh,5-15,-0.2247781884335331,28,-0.22954725017367336,MAP_SCADA,127,0.0047690617401402735
4,UPFC_Vse,5-15,0.060115046821960276,28,0.06084087486785218,MAP_SCADA,127,0.0007258280458919061
5,UPFC_tse,5-15,-2.143399854831133,28,-2.145496246489067,MAP_SCADA,127,0.0020963916579339603
0,x_tcsc,1-14,-0.13888452296679737,29,-0.13433821545917096,MAP_SCADA,127,0.0045463075076264126
1,B_svc,2,0.2992698066686642,29,0.27506949632831795,MAP_SCADA,127,0.024200310340346254
2,UPFC_Vsh,5-15,1.10514048130782,29,1.1067658160001017,MAP_SCADA,127,0.0016253346922816547
3,UPFC_tsh,5-15,-0.22565557417003165,29,-0.22954725017367336,MAP_SCADA,127,0.0038916760036417086
4,UPFC_Vse,5-15,0.05959903426723671,29,0.06084087486785218,MAP_SCADA,127,0.001241840600615475
5,UPFC_tse,5-15,-2.1487909286896563,29,-2.145496246489067,MAP_SCADA,127,0.0032946822005892606
0,x_tcsc,1-14,-0.13966994289115525,30,-0.13433821545917096,MAP_SCADA,127,0.00533172743198429
1,B_svc,2,0.29765113418232697,30,0.27506949632831795,MAP_SCADA,127,0.022581637854009018
2,UPFC_Vsh,5-15,1.1025388252883417,30,1.1067658160001017,MAP_SCADA,127,0.004226990711760026
3,UPFC_tsh,5-15,-0.22632311264655752,30,-0.22954725017367336,MAP_SCADA,127,0.003224137527115839
4,UPFC_Vse,5-15,0.060273030760081885,30,0.06084087486785218,MAP_SCADA,127,0.0005678441077702975
5,UPFC_tse,5-15,-2.1470760271765768,30,-2.145496246489067,MAP_SCADA,127,0.0015797806875097464
0,x_tcsc,1-14,-0.1396459351331978,31,-0.13433821545917096,MAP_SCADA,127,0.005307719674026851
1,B_svc,2,0.29859178983973,31,0.27506949632831795,MAP_SCADA,127,0.02352229351141205
2,UPFC_Vsh,5-15,1.103772856341603,31,1.1067658160001017,MAP_SCADA,127,0.0029929596584987728
3,UPFC_tsh,5-15,-0.22586435764479773,31,-0.22954725017367336,MAP_SCADA,127,0.003682892528875631
4,UPFC_Vse,5-15,0.060196723858506794,31,0.06084087486785218,MAP_SCADA,127,0.0006441510093453881
5,UPFC_tse,5-15,-2.149224612485506,31,-2.145496246489067,MAP_SCADA,127,0.003728365996439109
0,x_tcsc,1-14,-0.13746908066422436,32,-0.13433821545917096,MAP_SCADA,127,0.0031308652050534014
1,B_svc,2,0.3038280239187001,32,0.27506949632831795,MAP_SCADA,127,0.028758527590382166
2,UPFC_Vsh,5-15,1.103889255951134,32,1.1067658160001017,MAP_SCADA,127,0.0028765600489677468
3,UPFC_tsh,5-15,-0.22775698399944186,32,-0.22954725017367336,MAP_SCADA,127,0.001790266174231503
4,UPFC_Vse,5-15,0.06038293076645081,32,0.06084087486785218,MAP_SCADA,127,0.0004579441014013752
5,UPFC_tse,5-15,-2.1500529755168016,32,-2.145496246489067,MAP_SCADA,127,0.0045567290277346295
0,x_tcsc,1-14,-0.1407724381384244,33,-0.13433821545917096,MAP_SCADA,127,0.0064342226792534485
1,B_svc,2,0.29109702121632824,33,0.27506949632831795,MAP_SCADA,127,0.01602752488801029
2,UPFC_Vsh,5-15,1.1061593864183283,33,1.1067658160001017,MAP_SCADA,127,0.0006064295817733711
3,UPFC_tsh,5-15,-0.22444767867505602,33,-0.22954725017367336,MAP_SCADA,127,0.005099571498617339
4,UPFC_Vse,5-15,0.05977371883798552,33,0.06084087486785218,MAP_SCADA,127,0.0010671560298666644
5,UPFC_tse,5-15,-2.14828422550704,33,-2.145496246489067,MAP_SCADA,127,0.002787979017973008
0,x_tcsc,1-14,-0.1396247852341707,34,-0.13433821545917096,MAP_SCADA,127,0.00528656977499975
1,B_svc,2,0.29625064662459444,34,0.27506949632831795,MAP_SCADA,127,0.021181150296276485
2,UPFC_Vsh,5-15,1.104409373734565,34,1.1067658160001017,MAP_SCADA,127,0.0023564422655366624
3,UPFC_tsh,5-15,-0.2260998187080884,34,-0.22954725017367336,MAP_SCADA,127,0.0034474314655849603
4,UPFC_Vse,5-15,0.060423493335265026,34,0.06084087486785218,MAP_SCADA,127,0.0004173815325871563
5,UPFC_tse,5-15,-2.148531035273312,34,-2.145496246489067,MAP_SCADA,127,0.0030347887842450127
0,x_tcsc,1-14,-0.13747071296096938,35,-0.13433821545917096,MAP_SCADA,127,0.0031324975017984202
1,B_svc,2,0.2970031945926777,35,0.27506949632831795,MAP_SCADA,127,0.021933698264359758
2,UPFC_Vsh,5-15,1.1043141540277561,35,1.1067658160001017,MAP_SCADA,127,0.002451661972345587
3,UPFC_tsh,5-15,-0.22689694102156815,35,-0.22954725017367336,MAP_SCADA,127,0.002650309152105207
4,UPFC_Vse,5-15,0.06012317071876644,35,0.06084087486785218,MAP_SCADA,127,0.0007177041490857433
5,UPFC_tse,5-15,-2.149481545118172,35,-2.145496246489067,MAP_SCADA,127,0.003985298629105127
0,x_tcsc,1-14,-0.14022767642520453,36,-0.13433821545917096,MAP_SCADA,127,0.005889460966033572
1,B_svc,2,0.2945503832650932,36,0.27506949632831795,MAP_SCADA,127,0.019480886936775244
2,UPFC_Vsh,5-15,1.1042972523376584,36,1.1067658160001017,MAP_SCADA,127,0.0024685636624433016
3,UPFC_tsh,5-15,-0.22502397668760352,36,-0.22954725017367336,MAP_SCADA,127,0.004523273486069845
4,UPFC_Vse,5-15,0.05990084617611401,36,0.06084087486785218,MAP_SCADA,127,0.0009400286917381692
5,UPFC_tse,5-15,-2.145775581524078,36,-2.145496246489067,MAP_SCADA,127,0.0002793350350112078
0,x_tcsc,1-14,-0.13930864788106107,37,-0.13433821545917096,MAP_SCADA,127,0.004970432421890103
1,B_svc,2,0.2985366169832528,37,0.27506949632831795,MAP_SCADA,127,0.023467120654934837
2,UPFC_Vsh,5-15,1.1055109564919188,37,1.1067658160001017,MAP_SCADA,127,0.0012548595081829372
3,UPFC_tsh,5-15,-0.22576395725073525,37,-0.22954725017367336,MAP_SCADA,127,0.0037832929229381085
4,UPFC_Vse,5-15,0.05957450635499889,37,0.06084087486785218,MAP_SCADA,127,0.0012663685128532914
5,UPFC_tse,5-15,-2.1485789670072792,37,-2.145496246489067,MAP_SCADA,127,0.003082720518212234
0,x_tcsc,1-14,-0.13876399333863584,38,-0.13433821545917096,MAP_SCADA,127,0.004425777879464882
1,B_svc,2,0.29775285732011453,38,0.27506949632831795,MAP_SCADA,127,0.022683360991796575
2,UPFC_Vsh,5-15,1.104689520361175,38,1.1067658160001017,MAP_SCADA,127,0.0020762956389266396
3,UPFC_tsh,5-15,-0.22595945019195673,38,-0.22954725017367336,MAP_SCADA,127,0.0035877999817166273
4,UPFC_Vse,5-15,0.060351667486153455,38,0.06084087486785218,MAP_SCADA,127,0.0004892073816987266
5,UPFC_tse,5-15,-2.1462755904313355,38,-2.145496246489067,MAP_SCADA,127,0.0007793439422685289
0,x_tcsc,1-14,-0.13888872058816598,39,-0.13433821545917096,MAP_SCADA,127,0.004550505128995019
1,B_svc,2,0.30026952731217943,39,0.27506949632831795,MAP_SCADA,127,0.025200030983861477
2,UPFC_Vsh,5-15,1.1035081667959006,39,1.1067658160001017,MAP_SCADA,127,0.0032576492042011296
3,UPFC_tsh,5-15,-0.22685329721329714,39,-0.22954725017367336,MAP_SCADA,127,0.0026939529603762224
4,UPFC_Vse,5-15,0.060193805382303366,39,0.06084087486785218,MAP_SCADA,127,0.0006470694855488165
5,UPFC_tse,5-15,-2.1480449289464985,39,-2.145496246489067,MAP_SCADA,127,0.0025486824574314504
0,x_tcsc,1-14,-0.1380881425081221,40,-0.13433821545917096,MAP_SCADA,127,0.003749927048951135
1,B_svc,2,0.305150873703634,40,0.27506949632831795,MAP_SCADA,127,0.03008137737531602
2,UPFC_Vsh,5-15,1.1010648603053346,40,1.1067658160001017,MAP_SCADA,127,0.00570095569476714
3,UPFC_tsh,5-15,-0.2285433630113417,40,-0.22954725017367336,MAP_SCADA,127,0.001003887162331657
4,UPFC_Vse,5-15,0.06086204016250076,40,0.06084087486785218,MAP_SCADA,127,2.1165294648579913e-05
5,UPFC_tse,5-15,-2.148631665556464,40,-2.145496246489067,MAP_SCADA,127,0.003135419067397116
0,x_tcsc,1-14,-0.1387186169873437,41,-0.13433821545917096,MAP_SCADA,127,0.004380401528172734
1,B_svc,2,0.29322018540771627,41,0.27506949632831795,MAP_SCADA,127,0.01815068907939832
2,UPFC_Vsh,5-15,1.1038591215574631,41,1.1067658160001017,MAP_SCADA,127,0.00290669444263858
3,UPFC_tsh,5-15,-0.22602840755094478,41,-0.22954725017367336,MAP_SCADA,127,0.003518842622728585
4,UPFC_Vse,5-15,0.060643180625298665,41,0.06084087486785218,MAP_SCADA,127,0.0001976942425535172
5,UPFC_tse,5-15,-2.1511423510924637,41,-2.145496246489067,MAP_SCADA,127,0.005646104603396651
0,x_tcsc,1-14,-0.1399054585652153,42,-0.13433821545917096,MAP_SCADA,127,0.0055672431060443395
1,B_svc,2,0.29691859176243846,42,0.27506949632831795,MAP_SCADA,127,0.021849095434120502
2,UPFC_Vsh,5-15,1.1044028256050389,42,1.1067658160001017,MAP_SCADA,127,0.002362990395062825
3,UPFC_tsh,5-15,-0.2256305853352938,42,-0.22954725017367336,MAP_SCADA,127,0.003916664838379574
4,UPFC_Vse,5-15,0.060075035419874336,42,0.06084087486785218,MAP_SCADA,127,0.0007658394479778466
5,UPFC_tse,5-15,-2.144996823734121,42,-2.145496246489067,MAP_SCADA,127,0.0004994227549461883
0,x_tcsc,1-14,-0.13845023221293154,43,-0.13433821545917096,MAP_SCADA,127,0.004112016753760578
1,B_svc,2,0.2982945498498663,43,0.27506949632831795,MAP_SCADA,127,0.023225053521548356
2,UPFC_Vsh,5-15,1.1058482160010459,43,1.1067658160001017,MAP_SCADA,127,0.0009175999990558292
3,UPFC_tsh,5-15,-0.2259417019098907,43,-0.22954725017367336,MAP_SCADA,127,0.0036055482637826486
4,UPFC_Vse,5-15,0.0596267769348247,43,0.06084087486785218,MAP_SCADA,127,0.001214097933027479
5,UPFC_tse,5-15,-2.1476228475067285,43,-2.145496246489067,MAP_SCADA,127,0.002126601017661489
0,x_tcsc,1-14,-0.139811517951264,44,-0.13433821545917096,MAP_SCADA,127,0.005473302492093046
1,B_svc,2,0.29671087376323174,44,0.27506949632831795,MAP_SCADA,127,0.02164137743491379
2,UPFC_Vsh,5-15,1.1028977831949425,44,1.1067658160001017,MAP_SCADA,127,0.0038680328051592383
3,UPFC_tsh,5-15,-0.22646896973694672,44,-0.22954725017367336,MAP_SCADA,127,0.0030782804367266436
4,UPFC_Vse,5-15,0.06049594237847763,44,0.06084087486785218,MAP_SCADA,127,0.00034493248937455395
5,UPFC_tse,5-15,-2.1480555669771535,44,-2.145496246489067,MAP_SCADA,127,0.0025593204880864917
0,x_tcsc,1-14,-0.14052857428117096,45,-0.13433821545917096,MAP_SCADA,127,0.006190358822000003
1,B_svc,2,0.29656433459849,45,0.27506949632831795,MAP_SCADA,127,0.021494838270172067
2,UPFC_Vsh,5-15,1.105353337485876,45,1.1067658160001017,MAP_SCADA,127,0.0014124785142257679
3,UPFC_tsh,5-15,-0.2250383220991583,45,-0.22954725017367336,MAP_SCADA,127,0.004508928074515056
4,UPFC_Vse,5-15,0.05983092960988044,45,0.06084087486785218,MAP_SCADA,127,0.0010099452579717394
5,UPFC_tse,5-15,-2.1495930852050207,45,-2.145496246489067,MAP_SCADA,127,0.004096838715953677
0,x_tcsc,1-14,-0.13895079535319532,46,-0.13433821545917096,MAP_SCADA,127,0.00461257989402436
1,B_svc,2,0.2964461038118466,46,0.27506949632831795,MAP_SCADA,127,0.021376607483528653
2,UPFC_Vsh,5-15,1.1048489870248948,46,1.1067658160001017,MAP_SCADA,127,0.0019168289752069523
3,UPFC_tsh,5-15,-0.22489720469760976,46,-0.22954725017367336,MAP_SCADA,127,0.004650045476063597
4,UPFC_Vse,5-15,0.06055886878461661,46,0.06084087486785218,MAP_SCADA,127,0.0002820060832355725
5,UPFC_tse,5-15,-2.143860217935244,46,-2.145496246489067,MAP_SCADA,127,0.0016360285538228325
0,x_tcsc,1-14,-0.13913388965149576,47,-0.13433821545917096,MAP_SCADA,127,0.004795674192324795
1,B_svc,2,0.2984715848952935,47,0.27506949632831795,MAP_SCADA,127,0.023402088566975565
2,UPFC_Vsh,5-15,1.103504153241162,47,1.1067658160001017,MAP_SCADA,127,0.0032616627589396874
3,UPFC_tsh,5-15,-0.22569345557829593,47,-0.22954725017367336,MAP_SCADA,127,0.0038537945953774355
4,UPFC_Vse,5-15,0.0599048945666807,47,0.06084087486785218,MAP_SCADA,127,0.0009359803011714796
5,UPFC_tse,5-15,-2.147264956699322,47,-2.145496246489067,MAP_SCADA,127,0.0017687102102548202
0,x_tcsc,1-14,-0.1388308665670919,48,-0.13433821545917096,MAP_SCADA,127,0.004492651107920936
1,B_svc,2,0.2980432939421639,48,0.27506949632831795,MAP_SCADA,127,0.022973797613845937
2,UPFC_Vsh,5-15,1.1046129074545643,48,1.1067658160001017,MAP_SCADA,127,0.002152908545537402
3,UPFC_tsh,5-15,-0.22600620862937293,48,-0.22954725017367336,MAP_SCADA,127,0.003541041544300433
4,UPFC_Vse,5-15,0.059986161692255846,48,0.06084087486785218,MAP_SCADA,127,0.0008547131755963361
5,UPFC_tse,5-15,-2.1500646836679387,48,-2.145496246489067,MAP_SCADA,127,0.004568437178871676
0,x_tcsc,1-14,-0.13678999882709117,49,-0.13433821545917096,MAP_SCADA,127,0.0024517833679202072
1,B_svc,2,0.3048122495750491,49,0.27506949632831795,MAP_SCADA,127,0.029742753246731146
2,UPFC_Vsh,5-15,1.1028142767271474,49,1.1067658160001017,MAP_SCADA,127,0.00395153927295433
3,UPFC_tsh,5-15,-0.22789640504364608,49,-0.22954725017367336,MAP_SCADA,127,0.0016508451300272786
4,UPFC_Vse,5-15,0.06019102860432917,49,0.06084087486785218,MAP_SCADA,127,0.0006498462635230115
5,UPFC_tse,5-15,-2.1502166423072926,49,-2.145496246489067,MAP_SCADA,127,0.004720395818225587
0,x_tcsc,1-14,-0.13844327078259241,50,-0.13433821545917096,MAP_SCADA,127,0.004105055323421453
1,B_svc,2,0.296185019327285,50,0.27506949632831795,MAP_SCADA,127,0.021115522998967073
2,UPFC_Vsh,5-15,1.103699644975238,50,1.1067658160001017,MAP_SCADA,127,0.0030661710248636176
3,UPFC_tsh,5-15,-0.22623525675338108,50,-0.22954725017367336,MAP_SCADA,127,0.0033119934202922863
4,UPFC_Vse,5-15,0.060455226854863514,50,0.06084087486785218,MAP_SCADA,127,0.000385648012988668
5,UPFC_tse,5-15,-2.147736097903853,50,-2.145496246489067,MAP_SCADA,127,0.0022398514147861093
0,x_tcsc,1-14,-0.13932493877968363,51,-0.13433821545917096,MAP_SCADA,127,0.00498672332051267
1,B_svc,2,0.29545982958944195,51,0.27506949632831795,MAP_SCADA,127,0.020390333261123994
2,UPFC_Vsh,5-15,1.1041996971003738,51,1.1067658160001017,MAP_SCADA,127,0.0025661188997279094
3,UPFC_tsh,5-15,-0.2259362461468297,51,-0.22954725017367336,MAP_SCADA,127,0.003611004026843667
4,UPFC_Vse,5-15,0.060608605431686384,51,0.06084087486785218,MAP_SCADA,127,0.00023226943616579815
5,UPFC_tse,5-15,-2.147654032566646,51,-2.145496246489067,MAP_SCADA,127,0.0021577860775789937
0,x_tcsc,1-14,-0.13877429196352978,52,-0.13433821545917096,MAP_SCADA,127,0.004436076504358816
1,B_svc,2,0.2955519365557847,52,0.27506949632831795,MAP_SCADA,127,0.02048244022746676
2,UPFC_Vsh,5-15,1.103401285053523,52,1.1067658160001017,MAP_SCADA,127,0.0033645309465786255
3,UPFC_tsh,5-15,-0.2256970092293021,52,-0.22954725017367336,MAP_SCADA,127,0.0038502409443712526
4,UPFC_Vse,5-15,0.060037529394786515,52,0.06084087486785218,MAP_SCADA,127,0.000803345473065667
5,UPFC_tse,5-15,-2.1502566117296222,52,-2.145496246489067,MAP_SCADA,127,0.004760365240555231
0,x_tcsc,1-14,-0.13719206890746846,53,-0.13433821545917096,MAP_SCADA,127,0.0028538534482974998
1,B_svc,2,0.2997239554174644,53,0.27506949632831795,MAP_SCADA,127,0.02465445908914643
2,UPFC_Vsh,5-15,1.1040769980954428,53,1.1067658160001017,MAP_SCADA,127,0.0026888179046589133
3,UPFC_tsh,5-15,-0.22720083749051107,53,-0.22954725017367336,MAP_SCADA,127,0.0023464126831622967
4,UPFC_Vse,5-15,0.06010456096434186,53,0.06084087486785218,MAP_SCADA,127,0.0007363139035103244
5,UPFC_tse,5-15,-2.1545612967427794,53,-2.145496246489067,MAP_SCADA,127,0.009065050253712403
0,x_tcsc,1-14,-0.13798824104664212,54,-0.13433821545917096,MAP_SCADA,127,0.0036500255874711562
1,B_svc,2,0.30227977719608706,54,0.27506949632831795,MAP_SCADA,127,0.02721028086776911
2,UPFC_Vsh,5-15,1.103186529193495,54,1.1067658160001017,MAP_SCADA,127,0.003579286806606685
3,UPFC_tsh,5-15,-0.22683808163686253,54,-0.22954725017367336,MAP_SCADA,127,0.00270916853681083
4,UPFC_Vse,5-15,0.06059927539276227,54,0.06084087486785218,MAP_SCADA,127,0.00024159947508991392
5,UPFC_tse,5-15,-2.1470201328700975,54,-2.145496246489067,MAP_SCADA,127,0.0015238863810305148
0,x_tcsc,1-14,-0.13861819969654465,55,-0.13433821545917096,MAP_SCADA,127,0.004279984237373691
1,B_svc,2,0.2982281439530429,55,0.27506949632831795,MAP_SCADA,127,0.02315864762472497
2,UPFC_Vsh,5-15,1.1062975037791578,55,1.1067658160001017,MAP_SCADA,127,0.00046831222094390057
3,UPFC_tsh,5-15,-0.2256201950046325,55,-0.22954725017367336,MAP_SCADA,127,0.0039270551690408495
4,UPFC_Vse,5-15,0.06010544691893832,55,0.06084087486785218,MAP_SCADA,127,0.000735427948913861
5,UPFC_tse,5-15,-2.1486231597502226,55,-2.145496246489067,MAP_SCADA,127,0.0031269132611555506
0,x_tcsc,1-14,-0.13821983146765665,56,-0.13433821545917096,MAP_SCADA,127,0.0038816160084856888
1,B_svc,2,0.3011376864684205,56,0.27506949632831795,MAP_SCADA,127,0.026068190140102532
2,UPFC_Vsh,5-15,1.104502511352792,56,1.1067658160001017,MAP_SCADA,127,0.0022633046473097274
3,UPFC_tsh,5-15,-0.22690992863944798,56,-0.22954725017367336,MAP_SCADA,127,0.002637321534225384
4,UPFC_Vse,5-15,0.06015288344386399,56,0.06084087486785218,MAP_SCADA,127,0.0006879914239881907
5,UPFC_tse,5-15,-2.145879885001655,56,-2.145496246489067,MAP_SCADA,127,0.000383638512587936
0,x_tcsc,1-14,-0.13767132395109832,57,-0.13433821545917096,MAP_SCADA,127,0.0033331084919273612
1,B_svc,2,0.29706997285255465,57,0.27506949632831795,MAP_SCADA,127,0.0220004765242367
2,UPFC_Vsh,5-15,1.1075096933847748,57,1.1067658160001017,MAP_SCADA,127,0.0007438773846730751
3,UPFC_tsh,5-15,-0.22571755461786697,57,-0.22954725017367336,MAP_SCADA,127,0.003829695555806395
4,UPFC_Vse,5-15,0.05995041538130148,57,0.06084087486785218,MAP_SCADA,127,0.0008904594865506987
5,UPFC_tse,5-15,-2.1442045134949352,57,-2.145496246489067,MAP_SCADA,127,0.0012917329941317668
0,x_tcsc,1-14,-0.14025304881818126,58,-0.13433821545917096,MAP_SCADA,127,0.005914833359010302
1,B_svc,2,0.2943751922505254,58,0.27506949632831795,MAP_SCADA,127,0.019305695922207433
2,UPFC_Vsh,5-15,1.1043382438971199,58,1.1067658160001017,MAP_SCADA,127,0.0024275721029818342
3,UPFC_tsh,5-15,-0.22596942597343528,58,-0.22954725017367336,MAP_SCADA,127,0.0035778242002380833
4,UPFC_Vse,5-15,0.05989844619524658,58,0.06084087486785218,MAP_SCADA,127,0.0009424286726056053
5,UPFC_tse,5-15,-2.150392797073834,58,-2.145496246489067,MAP_SCADA,127,0.004896550584767123
0,x_tcsc,1-14,-0.13948574348694037,59,-0.13433821545917096,MAP_SCADA,127,0.00514752802776941
1,B_svc,2,0.29361040067047306,59,0.27506949632831795,MAP_SCADA,127,0.018540904342155107
2,UPFC_Vsh,5-15,1.1024436446396637,59,1.1067658160001017,MAP_SCADA,127,0.0043221713604379985
3,UPFC_tsh,5-15,-0.2260962852316475,59,-0.22954725017367336,MAP_SCADA,127,0.0034509649420258748
4,UPFC_Vse,5-15,0.0603760348307006,59,0.06084087486785218,MAP_SCADA,127,0.0004648400371515815
5,UPFC_tse,5-15,-2.153027024774551,59,-2.145496246489067,MAP_SCADA,127,0.0075307782854840966
0,x_tcsc,1-14,-0.13734548040088565,60,-0.13433821545917096,MAP_SCADA,127,0.003007264941714688
1,B_svc,2,0.3050931327260433,60,0.27506949632831795,MAP_SCADA,127,0.030023636397725373
2,UPFC_Vsh,5-15,1.1024510869435684,60,1.1067658160001017,MAP_SCADA,127,0.004314729056533295
3,UPFC_tsh,5-15,-0.22792302563646952,60,-0.22954725017367336,MAP_SCADA,127,0.0016242245372038444
4,UPFC_Vse,5-15,0.05994697426279195,60,0.06084087486785218,MAP_SCADA,127,0.0008939006050602341
5,UPFC_tse,5-15,-2.1533501829787167,60,-2.145496246489067,MAP_SCADA,127,0.007853936489649715
0,x_tcsc,1-14,-0.13962038629562434,61,-0.13433821545917096,MAP_SCADA,127,0.0052821708364533815
1,B_svc,2,0.2962995497542139,61,0.27506949632831795,MAP_SCADA,127,0.021230053425895956
2,UPFC_Vsh,5-15,1.1029814234863042,61,1.1067658160001017,MAP_SCADA,127,0.0037843925137974743
3,UPFC_tsh,5-15,-0.22586234776028932,61,-0.22954725017367336,MAP_SCADA,127,0.003684902413384039
4,UPFC_Vse,5-15,0.06022765102223543,61,0.06084087486785218,MAP_SCADA,127,0.0006132238456167532
5,UPFC_tse,5-15,-2.1501775445709037,61,-2.145496246489067,MAP_SCADA,127,0.0046812980818367045
0,x_tcsc,1-14,-0.1395880404530107,62,-0.13433821545917096,MAP_SCADA,127,0.005249824993839747
1,B_svc,2,0.29959101759192003,62,0.27506949632831795,MAP_SCADA,127,0.024521521263602075
2,UPFC_Vsh,5-15,1.1049893981731653,62,1.1067658160001017,MAP_SCADA,127,0.0017764178269363828
3,UPFC_tsh,5-15,-0.2262864238321893,62,-0.22954725017367336,MAP_SCADA,127,0.0032608263414840577
4,UPFC_Vse,5-15,0.0599799436649154,62,0.06084087486785218,MAP_SCADA,127,0.0008609312029367808
5,UPFC_tse,5-15,-2.1470839299587956,62,-2.145496246489067,MAP_SCADA,127,0.0015876834697285958
0,x_tcsc,1-14,-0.13819293186036755,63,-0.13433821545917096,MAP_SCADA,127,0.003854716401196584
1,B_svc,2,0.2947934783829856,63,0.27506949632831795,MAP_SCADA,127,0.019723982054667633
2,UPFC_Vsh,5-15,1.105386686753126,63,1.1067658160001017,MAP_SCADA,127,0.0013791292469758076
3,UPFC_tsh,5-15,-0.226096774621023,63,-0.22954725017367336,MAP_SCADA,127,0.0034504755526503506
4,UPFC_Vse,5-15,0.06026503639942282,63,0.06084087486785218,MAP_SCADA,127,0.0005758384684293599
5,UPFC_tse,5-15,-2.1446743398568286,63,-2.145496246489067,MAP_SCADA,127,0.0008219066322383561
0,x_tcsc,1-14,-0.13921022468365188,64,-0.13433821545917096,MAP_SCADA,127,0.0048720092244809166
1,B_svc,2,0.30291283652156065,64,0.27506949632831795,MAP_SCADA,127,0.027843340193242694
2,UPFC_Vsh,5-15,1.1017025311267963,64,1.1067658160001017,MAP_SCADA,127,0.005063284873305429
3,UPFC_tsh,5-15,-0.22647964204765078,64,-0.22954725017367336,MAP_SCADA,127,0.0030676081260225807
4,UPFC_Vse,5-15,0.06037988534906229,64,0.06084087486785218,MAP_SCADA,127,0.0004609895187898949
5,UPFC_tse,5-15,-2.1467661078239084,64,-2.145496246489067,MAP_SCADA,127,0.0012698613348414156
0,x_tcsc,1-14,-0.13754706013970006,65,-0.13433821545917096,MAP_SCADA,127,0.0032088446805290938
1,B_svc,2,0.3033542225314747,65,0.27506949632831795,MAP_SCADA,127,0.02828472620315675
2,UPFC_Vsh,5-15,1.102491949482756,65,1.1067658160001017,MAP_SCADA,127,0.004273866517345626
3,UPFC_tsh,5-15,-0.22779893595847883,65,-0.22954725017367336,MAP_SCADA,127,0.0017483142151945297
4,UPFC_Vse,5-15,0.060129879626394565,65,0.06084087486785218,MAP_SCADA,127,0.0007109952414576168
5,UPFC_tse,5-15,-2.151886632505937,65,-2.145496246489067,MAP_SCADA,127,0.006390386016870142
0,x_tcsc,1-14,-0.13851879659942265,66,-0.13433821545917096,MAP_SCADA,127,0.004180581140251688
1,B_svc,2,0.30098243833297045,66,0.27506949632831795,MAP_SCADA,127,0.025912942004652495
2,UPFC_Vsh,5-15,1.1037986787727152,66,1.1067658160001017,MAP_SCADA,127,0.002967137227386507
3,UPFC_tsh,5-15,-0.2266876249058762,66,-0.22954725017367336,MAP_SCADA,127,0.00285962526779715
4,UPFC_Vse,5-15,0.059659010943204104,66,0.06084087486785218,MAP_SCADA,127,0.0011818639246480786
5,UPFC_tse,5-15,-2.145454356885726,66,-2.145496246489067,MAP_SCADA,127,4.188960334117198e-05
0,x_tcsc,1-14,-0.13891729932627214,67,-0.13433821545917096,MAP_SCADA,127,0.00457908386710118
1,B_svc,2,0.29894763571785266,67,0.27506949632831795,MAP_SCADA,127,0.023878139389534703
2,UPFC_Vsh,5-15,1.1052742411757022,67,1.1067658160001017,MAP_SCADA,127,0.0014915748243995441
3,UPFC_tsh,5-15,-0.22678710475996916,67,-0.22954725017367336,MAP_SCADA,127,0.0027601454137042014
4,UPFC_Vse,5-15,0.06021758539380588,67,0.06084087486785218,MAP_SCADA,127,0.0006232894740463013
5,UPFC_tse,5-15,-2.1460217532626857,67,-2.145496246489067,MAP_SCADA,127,0.0005255067736187335
0,x_tcsc,1-14,-0.1400113610368814,68,-0.13433821545917096,MAP_SCADA,127,0.005673145577710426
1,B_svc,2,0.2886082954586116,68,0.27506949632831795,MAP_SCADA,127,0.013538799130293655
2,UPFC_Vsh,5-15,1.1086243994812912,68,1.1067658160001017,MAP_SCADA,127,0.001858583481189502
3,UPFC_tsh,5-15,-0.22463470542028693,68,-0.22954725017367336,MAP_SCADA,127,0.0049125447533864275
4,UPFC_Vse,5-15,0.05987369804048943,68,0.06084087486785218,MAP_SCADA,127,0.0009671768273627548
5,UPFC_tse,5-15,-2.1449589252236083,68,-2.145496246489067,MAP_SCADA,127,0.0005373212654586901
0,x_tcsc,1-14,-0.1391771725391201,69,-0.13433821545917096,MAP_SCADA,127,0.0048389570799491355
1,B_svc,2,0.2949481090376491,69,0.27506949632831795,MAP_SCADA,127,0.019878612709331167
2,UPFC_Vsh,5-15,1.1044387529335438,69,1.1067658160001017,MAP_SCADA,127,0.002327063066557944
3,UPFC_tsh,5-15,-0.2255383734968782,69,-0.22954725017367336,MAP_SCADA,127,0.00400887667679517
4,UPFC_Vse,5-15,0.06053740626463348,69,0.06084087486785218,MAP_SCADA,127,0.00030346860321870534
5,UPFC_tse,5-15,-2.147341439047312,69,-2.145496246489067,MAP_SCADA,127,0.0018451925582447792
0,x_tcsc,1-14,-0.14030892296009884,70,-0.13433821545917096,MAP_SCADA,127,0.005970707500927874
1,B_svc,2,0.28916581192604307,70,0.27506949632831795,MAP_SCADA,127,0.014096315597725118
2,UPFC_Vsh,5-15,1.105617684280865,70,1.1067658160001017,MAP_SCADA,127,0.001148131719236778
3,UPFC_tsh,5-15,-0.22463776111187436,70,-0.22954725017367336,MAP_SCADA,127,0.0049094890617989995
4,UPFC_Vse,5-15,0.05922766099819131,70,0.06084087486785218,MAP_SCADA,127,0.0016132138696608733
5,UPFC_tse,5-15,-2.146793521944589,70,-2.145496246489067,MAP_SCADA,127,0.0012972754555220511
0,x_tcsc,1-14,-0.13912161106384616,71,-0.13433821545917096,MAP_SCADA,127,0.004783395604675195
1,B_svc,2,0.29390301176538924,71,0.27506949632831795,MAP_SCADA,127,0.01883351543707129
2,UPFC_Vsh,5-15,1.1066642973847154,71,1.1067658160001017,MAP_SCADA,127,0.00010151861538632012
3,UPFC_tsh,5-15,-0.225605363251747,71,-0.22954725017367336,MAP_SCADA,127,0.003941886921926374
4,UPFC_Vse,5-15,0.05939111103551805,71,0.06084087486785218,MAP_SCADA,127,0.001449763832334132
5,UPFC_tse,5-15,-2.1477863279580256,71,-2.145496246489067,MAP_SCADA,127,0.0022900814689585935
0,x_tcsc,1-14,-0.14056060725207833,72,-0.13433821545917096,MAP_SCADA,127,0.006222391792907372
1,B_svc,2,0.2905575884448555,72,0.27506949632831795,MAP_SCADA,127,0.015488092116537566
2,UPFC_Vsh,5-15,1.1041119417122978,72,1.1067658160001017,MAP_SCADA,127,0.002653874287803948
3,UPFC_tsh,5-15,-0.22535657625741115,72,-0.22954725017367336,MAP_SCADA,127,0.004190673916262211
4,UPFC_Vse,5-15,0.060107674310286366,72,0.06084087486785218,MAP_SCADA,127,0.0007332005575658163
5,UPFC_tse,5-15,-2.1468883355909685,72,-2.145496246489067,MAP_SCADA,127,0.0013920891019014725
0,x_tcsc,1-14,-0.1388155879410626,73,-0.13433821545917096,MAP_SCADA,127,0.004477372481891645
1,B_svc,2,0.2955615078968038,73,0.27506949632831795,MAP_SCADA,127,0.020492011568485846
2,UPFC_Vsh,5-15,1.105298350292251,73,1.1067658160001017,MAP_SCADA,127,0.0014674657078506126
3,UPFC_tsh,5-15,-0.22593649996615559,73,-0.22954725017367336,MAP_SCADA,127,0.0036107502075177766
4,UPFC_Vse,5-15,0.05985474709110416,73,0.06084087486785218,MAP_SCADA,127,0.0009861277767480234
5,UPFC_tse,5-15,-2.1511679849735295,73,-2.145496246489067,MAP_SCADA,127,0.005671738484462452
0,x_tcsc,1-14,-0.1398233764460126,74,-0.13433821545917096,MAP_SCADA,127,0.005485160986841625
1,B_svc,2,0.2954338977334575,74,0.27506949632831795,MAP_SCADA,127,0.020364401405139565
2,UPFC_Vsh,5-15,1.1071480139212553,74,1.1067658160001017,MAP_SCADA,127,0.0003821979211535709
3,UPFC_tsh,5-15,-0.22453926962252754,74,-0.22954725017367336,MAP_SCADA,127,0.005007980551145819
4,UPFC_Vse,5-15,0.060687580449417494,74,0.06084087486785218,MAP_SCADA,127,0.00015329441843468794
5,UPFC_tse,5-15,-2.14433718069863,74,-2.145496246489067,MAP_SCADA,127,0.0011590657904370083
0,x_tcsc,1-14,-0.13985189874829726,75,-0.13433821545917096,MAP_SCADA,127,0.005513683289126298
1,B_svc,2,0.29688805571872745,75,0.27506949632831795,MAP_SCADA,127,0.021818559390409498
2,UPFC_Vsh,5-15,1.1046618916641544,75,1.1067658160001017,MAP_SCADA,127,0.0021039243359473048
3,UPFC_tsh,5-15,-0.22601035217733573,75,-0.22954725017367336,MAP_SCADA,127,0.0035368979963376346
4,UPFC_Vse,5-15,0.06080895520400906,75,0.06084087486785218,MAP_SCADA,127,3.191966384312461e-05
5,UPFC_tse,5-15,-2.1404242421104898,75,-2.145496246489067,MAP_SCADA,127,0.005072004378577244
0,x_tcsc,1-14,-0.13957144471102523,76,-0.13433821545917096,MAP_SCADA,127,0.005233229251854266
1,B_svc,2,0.2923765380368501,76,0.27506949632831795,MAP_SCADA,127,0.017307041708532145
2,UPFC_Vsh,5-15,1.1054871009105336,76,1.1067658160001017,MAP_SCADA,127,0.0012787150895681165
3,UPFC_tsh,5-15,-0.22482937095352573,76,-0.22954725017367336,MAP_SCADA,127,0.0047178792201476305
4,UPFC_Vse,5-15,0.06030011511679539,76,0.06084087486785218,MAP_SCADA,127,0.0005407597510567949
5,UPFC_tse,5-15,-2.1476767706995723,76,-2.145496246489067,MAP_SCADA,127,0.002180524210505297
0,x_tcsc,1-14,-0.13862326408102932,77,-0.13433821545917096,MAP_SCADA,127,0.004285048621858356
1,B_svc,2,0.297354900166559,77,0.27506949632831795,MAP_SCADA,127,0.02228540383824107
2,UPFC_Vsh,5-15,1.1047507912466037,77,1.1067658160001017,MAP_SCADA,127,0.002015024753498018
3,UPFC_tsh,5-15,-0.22604008379772728,77,-0.22954725017367336,MAP_SCADA,127,0.003507166375946086
4,UPFC_Vse,5-15,0.05988669983780915,77,0.06084087486785218,MAP_SCADA,127,0.0009541750300430321
5,UPFC_tse,5-15,-2.149920976773672,77,-2.145496246489067,MAP_SCADA,127,0.004424730284604994
0,x_tcsc,1-14,-0.14014173897371188,78,-0.13433821545917096,MAP_SCADA,127,0.005803523514540915
1,B_svc,2,0.29808804198602606,78,0.27506949632831795,MAP_SCADA,127,0.02301854565770811
2,UPFC_Vsh,5-15,1.1020250874796236,78,1.1067658160001017,MAP_SCADA,127,0.004740728520478132
3,UPFC_tsh,5-15,-0.22709406986485264,78,-0.22954725017367336,MAP_SCADA,127,0.0024531803088207182
4,UPFC_Vse,5-15,0.06038098624706862,78,0.06084087486785218,MAP_SCADA,127,0.000459888620783562
5,UPFC_tse,5-15,-2.147555642474961,78,-2.145496246489067,MAP_SCADA,127,0.002059395985893886
0,x_tcsc,1-14,-0.138494991935145,79,-0.13433821545917096,MAP_SCADA,127,0.004156776475974039
1,B_svc,2,0.29935793585946774,79,0.27506949632831795,MAP_SCADA,127,0.024288439531149786
2,UPFC_Vsh,5-15,1.1044861845431309,79,1.1067658160001017,MAP_SCADA,127,0.0022796314569708542
3,UPFC_tsh,5-15,-0.2267156972470802,79,-0.22954725017367336,MAP_SCADA,127,0.0028315529265931505
4,UPFC_Vse,5-15,0.06014279391207925,79,0.06084087486785218,MAP_SCADA,127,0.0006980809557729298
5,UPFC_tse,5-15,-2.148430129095994,79,-2.145496246489067,MAP_SCADA,127,0.002933882606927174
0,x_tcsc,1-14,-0.13850198239680195,80,-0.13433821545917096,MAP_SCADA,127,0.004163766937630986
1,B_svc,2,0.2949269015440459,80,0.27506949632831795,MAP_SCADA,127,0.01985740521572793
2,UPFC_Vsh,5-15,1.1046154754089028,80,1.1067658160001017,MAP_SCADA,127,0.002150340591198896
3,UPFC_tsh,5-15,-0.22601633684968597,80,-0.22954725017367336,MAP_SCADA,127,0.003530913323987389
4,UPFC_Vse,5-15,0.05995997222132473,80,0.06084087486785218,MAP_SCADA,127,0.0008809026465274525
5,UPFC_tse,5-15,-2.151054139576775,80,-2.145496246489067,MAP_SCADA,127,0.005557893087707821
0,x_tcsc,1-14,-0.13966617912573293,81,-0.13433821545917096,MAP_SCADA,127,0.005327963666561963
1,B_svc,2,0.29315893366360213,81,0.27506949632831795,MAP_SCADA,127,0.018089437335284175
2,UPFC_Vsh,5-15,1.1060385957878638,81,1.1067658160001017,MAP_SCADA,127,0.0007272202122379223
3,UPFC_tsh,5-15,-0.22521413775523438,81,-0.22954725017367336,MAP_SCADA,127,0.004333112418438978
4,UPFC_Vse,5-15,0.060315117957685425,81,0.06084087486785218,MAP_SCADA,127,0.0005257569101667567
5,UPFC_tse,5-15,-2.139918566642995,81,-2.145496246489067,MAP_SCADA,127,0.005577679846072048
0,x_tcsc,1-14,-0.13893154787813156,82,-0.13433821545917096,MAP_SCADA,127,0.004593332418960594
1,B_svc,2,0.3003519178065197,82,0.27506949632831795,MAP_SCADA,127,0.025282421478201755
2,UPFC_Vsh,5-15,1.105211713292877,82,1.1067658160001017,MAP_SCADA,127,0.0015541027072247804
3,UPFC_tsh,5-15,-0.22601346607340225,82,-0.22954725017367336,MAP_SCADA,127,0.003533784100271109
4,UPFC_Vse,5-15,0.05983889382632722,82,0.06084087486785218,MAP_SCADA,127,0.001001981041524963
5,UPFC_tse,5-15,-2.145681020772069,82,-2.145496246489067,MAP_SCADA,127,0.0001847742830021204
0,x_tcsc,1-14,-0.13768340688018318,83,-0.13433821545917096,MAP_SCADA,127,0.0033451914210122224
1,B_svc,2,0.2994261065484856,83,0.27506949632831795,MAP_SCADA,127,0.024356610220167663
2,UPFC_Vsh,5-15,1.101703543833773,83,1.1067658160001017,MAP_SCADA,127,0.005062272166328707
3,UPFC_tsh,5-15,-0.2279174035804127,83,-0.22954725017367336,MAP_SCADA,127,0.0016298465932606532
4,UPFC_Vse,5-15,0.06055765787005787,83,0.06084087486785218,MAP_SCADA,127,0.00028321699779431525
5,UPFC_tse,5-15,-2.1510343991375835,83,-2.145496246489067,MAP_SCADA,127,0.005538152648516537
0,x_tcsc,1-14,-0.1373216491922542,84,-0.13433821545917096,MAP_SCADA,127,0.0029834337330832406
1,B_svc,2,0.2927348858620752,84,0.27506949632831795,MAP_SCADA,127,0.017665389533757236
2,UPFC_Vsh,5-15,1.1067500551576062,84,1.1067658160001017,MAP_SCADA,127,1.57608424955491e-05
3,UPFC_tsh,5-15,-0.22563770740787648,84,-0.22954725017367336,MAP_SCADA,127,0.003909542765796886
4,UPFC_Vse,5-15,0.06014896913171909,84,0.06084087486785218,MAP_SCADA,127,0.0006919057361330916
5,UPFC_tse,5-15,-2.144710256275567,84,-2.145496246489067,MAP_SCADA,127,0.0007859902135001207
0,x_tcsc,1-14,-0.1368727184297969,85,-0.13433821545917096,MAP_SCADA,127,0.0025345029706259348
1,B_svc,2,0.3042076338471711,85,0.27506949632831795,MAP_SCADA,127,0.029138137518853136
2,UPFC_Vsh,5-15,1.1020224083109054,85,1.1067658160001017,MAP_SCADA,127,0.004743407689196344
3,UPFC_tsh,5-15,-0.22809833192717974,85,-0.22954725017367336,MAP_SCADA,127,0.0014489182464936246
4,UPFC_Vse,5-15,0.059876587389066586,85,0.06084087486785218,MAP_SCADA,127,0.0009642874787855957
5,UPFC_tse,5-15,-2.1513163216563593,85,-2.145496246489067,MAP_SCADA,127,0.005820075167292327
0,x_tcsc,1-14,-0.1384535459587959,86,-0.13433821545917096,MAP_SCADA,127,0.004115330499624925
1,B_svc,2,0.2997617930927,86,0.27506949632831795,MAP_SCADA,127,0.02469229676438206
2,UPFC_Vsh,5-15,1.103946923652292,86,1.1067658160001017,MAP_SCADA,127,0.0028188923478096317
3,UPFC_tsh,5-15,-0.22620783362035,86,-0.22954725017367336,MAP_SCADA,127,0.003339416553323371
4,UPFC_Vse,5-15,0.060450061537411046,86,0.06084087486785218,MAP_SCADA,127,0.00039081333044113653
5,UPFC_tse,5-15,-2.1479966642306616,86,-2.145496246489067,MAP_SCADA,127,0.002500417741594596
0,x_tcsc,1-14,-0.13890739555022136,87,-0.13433821545917096,MAP_SCADA,127,0.0045691800910503955
1,B_svc,2,0.29816419122844867,87,0.27506949632831795,MAP_SCADA,127,0.02309469490013072
2,UPFC_Vsh,5-15,1.1032871777219062,87,1.1067658160001017,MAP_SCADA,127,0.0034786382781955005
3,UPFC_tsh,5-15,-0.226681685374232,87,-0.22954725017367336,MAP_SCADA,127,0.0028655647994413613
4,UPFC_Vse,5-15,0.06018735647973197,87,0.06084087486785218,MAP_SCADA,127,0.0006535183881202153
5,UPFC_tse,5-15,-2.1458589466601703,87,-2.145496246489067,MAP_SCADA,127,0.0003627001711032918
0,x_tcsc,1-14,-0.13941829242216902,88,-0.13433821545917096,MAP_SCADA,127,0.005080076962998059
1,B_svc,2,0.29807485035769715,88,0.27506949632831795,MAP_SCADA,127,0.0230053540293792
2,UPFC_Vsh,5-15,1.1045063121793453,88,1.1067658160001017,MAP_SCADA,127,0.002259503820756459
3,UPFC_tsh,5-15,-0.22623395074146235,88,-0.22954725017367336,MAP_SCADA,127,0.0033132994322110088
4,UPFC_Vse,5-15,0.05955271496810949,88,0.06084087486785218,MAP_SCADA,127,0.001288159899742694
5,UPFC_tse,5-15,-2.147882351498537,88,-2.145496246489067,MAP_SCADA,127,0.0023861050094700076
0,x_tcsc,1-14,-0.13722912029411927,89,-0.13433821545917096,MAP_SCADA,127,0.0028909048349483046
1,B_svc,2,0.30411101001131285,89,0.27506949632831795,MAP_SCADA,127,0.0290415136829949
2,UPFC_Vsh,5-15,1.1036311349152752,89,1.1067658160001017,MAP_SCADA,127,0.003134681084826507
3,UPFC_tsh,5-15,-0.22732067939310316,89,-0.22954725017367336,MAP_SCADA,127,0.002226570780570203
4,UPFC_Vse,5-15,0.06012593040018313,89,0.06084087486785218,MAP_SCADA,127,0.0007149444676690514
5,UPFC_tse,5-15,-2.148379421260987,89,-2.145496246489067,MAP_SCADA,127,0.002883174771919794
0,x_tcsc,1-14,-0.14066230142333347,90,-0.13433821545917096,MAP_SCADA,127,0.006324085964162507
1,B_svc,2,0.28639808623031715,90,0.27506949632831795,MAP_SCADA,127,0.011328589901999198
2,UPFC_Vsh,5-15,1.1053975417805695,90,1.1067658160001017,MAP_SCADA,127,0.0013682742195322284
3,UPFC_tsh,5-15,-0.2244789968365249,90,-0.22954725017367336,MAP_SCADA,127,0.005068253337148471
4,UPFC_Vse,5-15,0.05994150141665287,90,0.06084087486785218,MAP_SCADA,127,0.000899373451199309
5,UPFC_tse,5-15,-2.1483133870233035,90,-2.145496246489067,MAP_SCADA,127,0.0028171405342365397
0,x_tcsc,1-14,-0.1389034492356503,91,-0.13433821545917096,MAP_SCADA,127,0.004565233776479327
1,B_svc,2,0.29841707717821614,91,0.27506949632831795,MAP_SCADA,127,0.023347580849898186
2,UPFC_Vsh,5-15,1.1040028152967658,91,1.1067658160001017,MAP_SCADA,127,0.002763000703335905
3,UPFC_tsh,5-15,-0.22666245066459617,91,-0.22954725017367336,MAP_SCADA,127,0.0028847995090771905
4,UPFC_Vse,5-15,0.060089420272586895,91,0.06084087486785218,MAP_SCADA,127,0.0007514545952652871
5,UPFC_tse,5-15,-2.1467186392760302,91,-2.145496246489067,MAP_SCADA,127,0.0012223927869632334
0,x_tcsc,1-14,-0.1399247873648281,92,-0.13433821545917096,MAP_SCADA,127,0.005586571905657145
1,B_svc,2,0.29473224820962973,92,0.27506949632831795,MAP_SCADA,127,0.01966275188131178
2,UPFC_Vsh,5-15,1.1051511651890191,92,1.1067658160001017,MAP_SCADA,127,0.0016146508110825852
3,UPFC_tsh,5-15,-0.22500880406455498,92,-0.22954725017367336,MAP_SCADA,127,0.0045384461091183825
4,UPFC_Vse,5-15,0.059988637387086235,92,0.06084087486785218,MAP_SCADA,127,0.0008522374807659466
5,UPFC_tse,5-15,-2.143871600729615,92,-2.145496246489067,MAP_SCADA,127,0.0016246457594522035
0,x_tcsc,1-14,-0.13790532230246327,93,-0.13433821545917096,MAP_SCADA,127,0.0035671068432923114
1,B_svc,2,0.3013297835636175,93,0.27506949632831795,MAP_SCADA,127,0.02626028723529955
2,UPFC_Vsh,5-15,1.104168804741319,93,1.1067658160001017,MAP_SCADA,127,0.0025970112587827554
3,UPFC_tsh,5-15,-0.22684799687065,93,-0.22954725017367336,MAP_SCADA,127,0.002699253303023369
4,UPFC_Vse,5-15,0.059842294193274324,93,0.06084087486785218,MAP_SCADA,127,0.0009985806745778578
5,UPFC_tse,5-15,-2.147633419958297,93,-2.145496246489067,MAP_SCADA,127,0.002137173469229925
0,x_tcsc,1-14,-0.13938863310282984,94,-0.13433821545917096,MAP_SCADA,127,0.005050417643658878
1,B_svc,2,0.2980292208579397,94,0.27506949632831795,MAP_SCADA,127,0.02295972452962175
2,UPFC_Vsh,5-15,1.1039325054724765,94,1.1067658160001017,MAP_SCADA,127,0.0028333105276252546
3,UPFC_tsh,5-15,-0.2264616265220565,94,-0.22954725017367336,MAP_SCADA,127,0.0030856236516168534
4,UPFC_Vse,5-15,0.06017734177236146,94,0.06084087486785218,MAP_SCADA,127,0.0006635330954907204
5,UPFC_tse,5-15,-2.153993553239469,94,-2.145496246489067,MAP_SCADA,127,0.008497306750402167
0,x_tcsc,1-14,-0.13950620660961183,95,-0.13433821545917096,MAP_SCADA,127,0.005167991150440865
1,B_svc,2,0.29251821175293685,95,0.27506949632831795,MAP_SCADA,127,0.0174487154246189
2,UPFC_Vsh,5-15,1.1043324817035252,95,1.1067658160001017,MAP_SCADA,127,0.0024333342965765503
3,UPFC_tsh,5-15,-0.2259389986761963,95,-0.22954725017367336,MAP_SCADA,127,0.0036082514974770663
4,UPFC_Vse,5-15,0.060131204192603406,95,0.06084087486785218,MAP_SCADA,127,0.0007096706752487761
5,UPFC_tse,5-15,-2.1486542652587537,95,-2.145496246489067,MAP_SCADA,127,0.003158018769686688
0,x_tcsc,1-14,-0.1380067973475561,96,-0.13433821545917096,MAP_SCADA,127,0.0036685818883851473
1,B_svc,2,0.3023121368267017,96,0.27506949632831795,MAP_SCADA,127,0.027242640498383763
2,UPFC_Vsh,5-15,1.1044147926848344,96,1.1067658160001017,MAP_SCADA,127,0.0023510233152672644
3,UPFC_tsh,5-15,-0.22676224099022252,96,-0.22954725017367336,MAP_SCADA,127,0.002785009183450843
4,UPFC_Vse,5-15,0.06029829200515852,96,0.06084087486785218,MAP_SCADA,127,0.0005425828626936594
5,UPFC_tse,5-15,-2.1530578859010805,96,-2.145496246489067,MAP_SCADA,127,0.007561639412013488
0,x_tcsc,1-14,-0.14075836433980002,97,-0.13433821545917096,MAP_SCADA,127,0.006420148880629056
1,B_svc,2,0.2900573964944106,97,0.27506949632831795,MAP_SCADA,127,0.014987900166092638
2,UPFC_Vsh,5-15,1.105770205928169,97,1.1067658160001017,MAP_SCADA,127,0.0009956100719326066
3,UPFC_tsh,5-15,-0.22466709487794193,97,-0.22954725017367336,MAP_SCADA,127,0.0048801552957314365
4,UPFC_Vse,5-15,0.06021616597855937,97,0.06084087486785218,MAP_SCADA,127,0.0006247088892928146
5,UPFC_tse,5-15,-2.1442245668075404,97,-2.145496246489067,MAP_SCADA,127,0.0012716796815266385
0,x_tcsc,1-14,-0.13872154666830117,98,-0.13433821545917096,MAP_SCADA,127,0.0043833312091302035
1,B_svc,2,0.2932544069980707,98,0.27506949632831795,MAP_SCADA,127,0.018184910669752752
2,UPFC_Vsh,5-15,1.1037015110597996,98,1.1067658160001017,MAP_SCADA,127,0.003064304940302076
3,UPFC_tsh,5-15,-0.2263205983825664,98,-0.22954725017367336,MAP_SCADA,127,0.0032266517911069548
4,UPFC_Vse,5-15,0.06060918663511173,98,0.06084087486785218,MAP_SCADA,127,0.00023168823274045264
5,UPFC_tse,5-15,-2.1459582127355232,98,-2.145496246489067,MAP_SCADA,127,0.00046196624645622464
0,x_tcsc,1-14,-0.13955388499023125,99,-0.13433821545917096,MAP_SCADA,127,0.005215669531060285
1,B_svc,2,0.29595704555838426,99,0.27506949632831795,MAP_SCADA,127,0.020887549230066305
2,UPFC_Vsh,5-15,1.1029095704837086,99,1.1067658160001017,MAP_SCADA,127,0.0038562455163930753
3,UPFC_tsh,5-15,-0.22589227804724954,99,-0.22954725017367336,MAP_SCADA,127,0.003654972126423822
4,UPFC_Vse,5-15,0.060001423577760095,99,0.06084087486785218,MAP_SCADA,127,0.0008394512900920872
5,UPFC_tse,5-15,-2.152835962070224,99,-2.145496246489067,MAP_SCADA,127,0.00733971558115698
0,x_tcsc,1-14,-0.13900849846393998,0,-0.1332490083638837,MAP_SCADA,129,0.005759490100056275
1,B_svc,2,0.29650527170746127,0,0.2703561630907361,MAP_SCADA,129,0.026149108616725147
2,UPFC_Vsh,5-15,1.106444059367828,0,1.1069990654632953,MAP_SCADA,129,0.0005550060954673253
3,UPFC_tsh,5-15,-0.2245452545715806,0,-0.23061415387708553,MAP_SCADA,129,0.006068899305504943
4,UPFC_Vse,5-15,0.06001100676389736,0,0.06069057235679877,MAP_SCADA,129,0.0006795655929014086
5,UPFC_tse,5-15,-2.145119974529498,0,-2.148825704264385,MAP_SCADA,129,0.003705729734886809
0,x_tcsc,1-14,-0.1396136637504605,1,-0.1332490083638837,MAP_SCADA,129,0.006364655386576795
1,B_svc,2,0.2995471824231543,1,0.2703561630907361,MAP_SCADA,129,0.02919101933241819
2,UPFC_Vsh,5-15,1.1028977000837634,1,1.1069990654632953,MAP_SCADA,129,0.004101365379531874
3,UPFC_tsh,5-15,-0.2262309272513375,1,-0.23061415387708553,MAP_SCADA,129,0.004383226625748027
4,UPFC_Vse,5-15,0.05984995870332151,1,0.06069057235679877,MAP_SCADA,129,0.0008406136534772624
5,UPFC_tse,5-15,-2.1443611494327808,1,-2.148825704264385,MAP_SCADA,129,0.004464554831604239
0,x_tcsc,1-14,-0.13936421795883266,2,-0.1332490083638837,MAP_SCADA,129,0.0061152095949489615
1,B_svc,2,0.29683653973325336,2,0.2703561630907361,MAP_SCADA,129,0.026480376642517234
2,UPFC_Vsh,5-15,1.1033419492207521,2,1.1069990654632953,MAP_SCADA,129,0.003657116242543168
3,UPFC_tsh,5-15,-0.22632827632391825,2,-0.23061415387708553,MAP_SCADA,129,0.004285877553167283
4,UPFC_Vse,5-15,0.06073139686472676,2,0.06069057235679877,MAP_SCADA,129,4.082450792799314e-05
5,UPFC_tse,5-15,-2.149609244944893,2,-2.148825704264385,MAP_SCADA,129,0.0007835406805081213
0,x_tcsc,1-14,-0.13778624594440056,3,-0.1332490083638837,MAP_SCADA,129,0.004537237580516856
1,B_svc,2,0.30021723183472937,3,0.2703561630907361,MAP_SCADA,129,0.029861068743993247
2,UPFC_Vsh,5-15,1.10401400666262,3,1.1069990654632953,MAP_SCADA,129,0.002985058800675233
3,UPFC_tsh,5-15,-0.22767381252310107,3,-0.23061415387708553,MAP_SCADA,129,0.002940341353984466
4,UPFC_Vse,5-15,0.060583952678000985,3,0.06069057235679877,MAP_SCADA,129,0.00010661967879778411
5,UPFC_tse,5-15,-2.1492311117466207,3,-2.148825704264385,MAP_SCADA,129,0.0004054074822357201
0,x_tcsc,1-14,-0.13985462128825538,4,-0.1332490083638837,MAP_SCADA,129,0.006605612924371673
1,B_svc,2,0.296188187833812,4,0.2703561630907361,MAP_SCADA,129,0.025832024743075888
2,UPFC_Vsh,5-15,1.1026767779516253,4,1.1069990654632953,MAP_SCADA,129,0.004322287511669964
3,UPFC_tsh,5-15,-0.22641506895827404,4,-0.23061415387708553,MAP_SCADA,129,0.004199084918811491
4,UPFC_Vse,5-15,0.06010991456421456,4,0.06069057235679877,MAP_SCADA,129,0.0005806577925842119
5,UPFC_tse,5-15,-2.149924163840019,4,-2.148825704264385,MAP_SCADA,129,0.0010984595756338145
0,x_tcsc,1-14,-0.13746500879930573,5,-0.1332490083638837,MAP_SCADA,129,0.004216000435422029
1,B_svc,2,0.3034607542918911,5,0.2703561630907361,MAP_SCADA,129,0.033104591201155
2,UPFC_Vsh,5-15,1.1006785286143699,5,1.1069990654632953,MAP_SCADA,129,0.006320536848925418
3,UPFC_tsh,5-15,-0.2273157736710889,5,-0.23061415387708553,MAP_SCADA,129,0.003298380205996626
4,UPFC_Vse,5-15,0.06056989728741583,5,0.06069057235679877,MAP_SCADA,129,0.00012067506938293754
5,UPFC_tse,5-15,-2.1453666812389707,5,-2.148825704264385,MAP_SCADA,129,0.003459023025414343
0,x_tcsc,1-14,-0.13955901033275867,6,-0.1332490083638837,MAP_SCADA,129,0.006310001968874962
1,B_svc,2,0.29902140685599293,6,0.2703561630907361,MAP_SCADA,129,0.02866524376525681
2,UPFC_Vsh,5-15,1.1051095689335,6,1.1069990654632953,MAP_SCADA,129,0.0018894965297953092
3,UPFC_tsh,5-15,-0.22587728813114563,6,-0.23061415387708553,MAP_SCADA,129,0.0047368657459399
4,UPFC_Vse,5-15,0.06015700877506486,6,0.06069057235679877,MAP_SCADA,129,0.0005335635817339118
5,UPFC_tse,5-15,-2.1523236559127263,6,-2.148825704264385,MAP_SCADA,129,0.003497951648341324
0,x_tcsc,1-14,-0.13802243210717918,7,-0.1332490083638837,MAP_SCADA,129,0.00477342374329548
1,B_svc,2,0.2995903326742413,7,0.2703561630907361,MAP_SCADA,129,0.029234169583505165
2,UPFC_Vsh,5-15,1.1043946694822493,7,1.1069990654632953,MAP_SCADA,129,0.0026043959810460038
3,UPFC_tsh,5-15,-0.22658864844167736,7,-0.23061415387708553,MAP_SCADA,129,0.0040255054354081665
4,UPFC_Vse,5-15,0.05985353630766828,7,0.06069057235679877,MAP_SCADA,129,0.0008370360491304907
5,UPFC_tse,5-15,-2.154106660539906,7,-2.148825704264385,MAP_SCADA,129,0.005280956275520943
0,x_tcsc,1-14,-0.13776651479993207,8,-0.1332490083638837,MAP_SCADA,129,0.0045175064360483685
1,B_svc,2,0.3034020605098786,8,0.2703561630907361,MAP_SCADA,129,0.03304589741914249
2,UPFC_Vsh,5-15,1.1038155449859017,8,1.1069990654632953,MAP_SCADA,129,0.0031835204773935644
3,UPFC_tsh,5-15,-0.22729311200001734,8,-0.23061415387708553,MAP_SCADA,129,0.0033210418770681926
4,UPFC_Vse,5-15,0.06036461132298206,8,0.06069057235679877,MAP_SCADA,129,0.000325961033816706
5,UPFC_tse,5-15,-2.1549856065944772,8,-2.148825704264385,MAP_SCADA,129,0.006159902330092226
0,x_tcsc,1-14,-0.13859247186509066,9,-0.1332490083638837,MAP_SCADA,129,0.005343463501206958
1,B_svc,2,0.29578539085512373,9,0.2703561630907361,MAP_SCADA,129,0.025429227764387607
2,UPFC_Vsh,5-15,1.104393061880654,9,1.1069990654632953,MAP_SCADA,129,0.002606003582641403
3,UPFC_tsh,5-15,-0.2264243969300444,9,-0.23061415387708553,MAP_SCADA,129,0.004189756947041129
4,UPFC_Vse,5-15,0.060495454335872195,9,0.06069057235679877,MAP_SCADA,129,0.00019511802092657404
5,UPFC_tse,5-15,-2.1472225881378324,9,-2.148825704264385,MAP_SCADA,129,0.0016031161265526173
0,x_tcsc,1-14,-0.14084676336732707,10,-0.1332490083638837,MAP_SCADA,129,0.007597755003443368
1,B_svc,2,0.2932031951219014,10,0.2703561630907361,MAP_SCADA,129,0.022847032031165282
2,UPFC_Vsh,5-15,1.1049799922854475,10,1.1069990654632953,MAP_SCADA,129,0.0020190731778477744
3,UPFC_tsh,5-15,-0.22493217726351936,10,-0.23061415387708553,MAP_SCADA,129,0.005681976613566175
4,UPFC_Vse,5-15,0.060052763771416585,10,0.06069057235679877,MAP_SCADA,129,0.0006378085853821838
5,UPFC_tse,5-15,-2.148328019767737,10,-2.148825704264385,MAP_SCADA,129,0.0004976844966479987
0,x_tcsc,1-14,-0.13935090874779182,11,-0.1332490083638837,MAP_SCADA,129,0.006101900383908121
1,B_svc,2,0.3000827842332406,11,0.2703561630907361,MAP_SCADA,129,0.02972662114250446
2,UPFC_Vsh,5-15,1.104322749806619,11,1.1069990654632953,MAP_SCADA,129,0.0026763156566762536
3,UPFC_tsh,5-15,-0.22644285374367815,11,-0.23061415387708553,MAP_SCADA,129,0.004171300133407385
4,UPFC_Vse,5-15,0.06061384937727731,11,0.06069057235679877,MAP_SCADA,129,7.672297952145829e-05
5,UPFC_tse,5-15,-2.1500395355490904,11,-2.148825704264385,MAP_SCADA,129,0.0012138312847054245
0,x_tcsc,1-14,-0.13886661964430397,12,-0.1332490083638837,MAP_SCADA,129,0.005617611280420265
1,B_svc,2,0.30316520299571653,12,0.2703561630907361,MAP_SCADA,129,0.03280903990498041
2,UPFC_Vsh,5-15,1.1014851436299993,12,1.1069990654632953,MAP_SCADA,129,0.0055139218332960205
3,UPFC_tsh,5-15,-0.2265947577998115,12,-0.23061415387708553,MAP_SCADA,129,0.004019396077274029
4,UPFC_Vse,5-15,0.05951054582410368,12,0.06069057235679877,MAP_SCADA,129,0.0011800265326950901
5,UPFC_tse,5-15,-2.1481486842702813,12,-2.148825704264385,MAP_SCADA,129,0.0006770199941037447
0,x_tcsc,1-14,-0.13751298016279592,13,-0.1332490083638837,MAP_SCADA,129,0.0042639717989122194
1,B_svc,2,0.30138813066979114,13,0.2703561630907361,MAP_SCADA,129,0.03103196757905502
2,UPFC_Vsh,5-15,1.1048805629058702,13,1.1069990654632953,MAP_SCADA,129,0.0021185025574250727
3,UPFC_tsh,5-15,-0.22692624201313333,13,-0.23061415387708553,MAP_SCADA,129,0.0036879118639522035
4,UPFC_Vse,5-15,0.05976662311998865,13,0.06069057235679877,MAP_SCADA,129,0.0009239492368101204
5,UPFC_tse,5-15,-2.1511226488263433,13,-2.148825704264385,MAP_SCADA,129,0.0022969445619582807
0,x_tcsc,1-14,-0.1387119073551927,14,-0.1332490083638837,MAP_SCADA,129,0.005462898991309001
1,B_svc,2,0.2991060203265386,14,0.2703561630907361,MAP_SCADA,129,0.02874985723580248
2,UPFC_Vsh,5-15,1.1043098255803496,14,1.1069990654632953,MAP_SCADA,129,0.002689239882945671
3,UPFC_tsh,5-15,-0.22659362725435733,14,-0.23061415387708553,MAP_SCADA,129,0.004020526622728199
4,UPFC_Vse,5-15,0.05993925440151864,14,0.06069057235679877,MAP_SCADA,129,0.0007513179552801272
5,UPFC_tse,5-15,-2.147403003091212,14,-2.148825704264385,MAP_SCADA,129,0.0014227011731731132
0,x_tcsc,1-14,-0.1401347877250689,15,-0.1332490083638837,MAP_SCADA,129,0.006885779361185201
1,B_svc,2,0.29719327447259053,15,0.2703561630907361,MAP_SCADA,129,0.026837111381854406
2,UPFC_Vsh,5-15,1.10514278782043,15,1.1069990654632953,MAP_SCADA,129,0.0018562776428652228
3,UPFC_tsh,5-15,-0.22475059684335258,15,-0.23061415387708553,MAP_SCADA,129,0.005863557033732952
4,UPFC_Vse,5-15,0.05974653222629669,15,0.06069057235679877,MAP_SCADA,129,0.0009440401305020815
5,UPFC_tse,5-15,-2.1454506699074596,15,-2.148825704264385,MAP_SCADA,129,0.0033750343569254326
0,x_tcsc,1-14,-0.13657497542089506,16,-0.1332490083638837,MAP_SCADA,129,0.003325967057011353
1,B_svc,2,0.3050354964593784,16,0.2703561630907361,MAP_SCADA,129,0.03467933336864226
2,UPFC_Vsh,5-15,1.1042529235454521,16,1.1069990654632953,MAP_SCADA,129,0.00274614191784317
3,UPFC_tsh,5-15,-0.2272530051578728,16,-0.23061415387708553,MAP_SCADA,129,0.0033611487192127254
4,UPFC_Vse,5-15,0.05994727137748766,16,0.06069057235679877,MAP_SCADA,129,0.0007433009793111067
5,UPFC_tse,5-15,-2.1525110522626387,16,-2.148825704264385,MAP_SCADA,129,0.0036853479982537074
0,x_tcsc,1-14,-0.14031858933454772,17,-0.1332490083638837,MAP_SCADA,129,0.007069580970664013
1,B_svc,2,0.29837338229458993,17,0.2703561630907361,MAP_SCADA,129,0.028017219203853805
2,UPFC_Vsh,5-15,1.1048099590733964,17,1.1069990654632953,MAP_SCADA,129,0.002189106389898887
3,UPFC_tsh,5-15,-0.2258268842497113,17,-0.23061415387708553,MAP_SCADA,129,0.004787269627374219
4,UPFC_Vse,5-15,0.060018761302233874,17,0.06069057235679877,MAP_SCADA,129,0.0006718110545648956
5,UPFC_tse,5-15,-2.1445126629522857,17,-2.148825704264385,MAP_SCADA,129,0.004313041312099308
0,x_tcsc,1-14,-0.13862398376095758,18,-0.1332490083638837,MAP_SCADA,129,0.005374975397073878
1,B_svc,2,0.30051063411948875,18,0.2703561630907361,MAP_SCADA,129,0.030154471028752627
2,UPFC_Vsh,5-15,1.1036263093848822,18,1.1069990654632953,MAP_SCADA,129,0.0033727560784131416
3,UPFC_tsh,5-15,-0.22631897737870346,18,-0.23061415387708553,MAP_SCADA,129,0.0042951764983820695
4,UPFC_Vse,5-15,0.06059917772140851,18,0.06069057235679877,MAP_SCADA,129,9.139463539025589e-05
5,UPFC_tse,5-15,-2.1481598405459894,18,-2.148825704264385,MAP_SCADA,129,0.0006658637183956095
0,x_tcsc,1-14,-0.13997150805289785,19,-0.1332490083638837,MAP_SCADA,129,0.006722499689014144
1,B_svc,2,0.2975385393396756,19,0.2703561630907361,MAP_SCADA,129,0.027182376248939488
2,UPFC_Vsh,5-15,1.102397254952331,19,1.1069990654632953,MAP_SCADA,129,0.004601810510964199
3,UPFC_tsh,5-15,-0.22583042910126308,19,-0.23061415387708553,MAP_SCADA,129,0.004783724775822451
4,UPFC_Vse,5-15,0.06029962107356366,19,0.06069057235679877,MAP_SCADA,129,0.00039095128323510947
5,UPFC_tse,5-15,-2.1511675257445853,19,-2.148825704264385,MAP_SCADA,129,0.0023418214802002346
0,x_tcsc,1-14,-0.13996105232389777,20,-0.1332490083638837,MAP_SCADA,129,0.006712043960014069
1,B_svc,2,0.2921272452893663,20,0.2703561630907361,MAP_SCADA,129,0.021771082198630165
2,UPFC_Vsh,5-15,1.1059558536829384,20,1.1069990654632953,MAP_SCADA,129,0.001043211780356934
3,UPFC_tsh,5-15,-0.22446458794532617,20,-0.23061415387708553,MAP_SCADA,129,0.00614956593175936
4,UPFC_Vse,5-15,0.05986600732266241,20,0.06069057235679877,MAP_SCADA,129,0.0008245650341363597
5,UPFC_tse,5-15,-2.1451598095664512,20,-2.148825704264385,MAP_SCADA,129,0.003665894697933769
0,x_tcsc,1-14,-0.13822667342328782,21,-0.1332490083638837,MAP_SCADA,129,0.004977665059404113
1,B_svc,2,0.2972723864116842,21,0.2703561630907361,MAP_SCADA,129,0.026916223320948063
2,UPFC_Vsh,5-15,1.1041169664709394,21,1.1069990654632953,MAP_SCADA,129,0.0028820989923559193
3,UPFC_tsh,5-15,-0.22696494078320859,21,-0.23061415387708553,MAP_SCADA,129,0.0036492130938769463
4,UPFC_Vse,5-15,0.06022746905635116,21,0.06069057235679877,MAP_SCADA,129,0.00046310330044761067
5,UPFC_tse,5-15,-2.152488046930867,21,-2.148825704264385,MAP_SCADA,129,0.0036623426664821324
0,x_tcsc,1-14,-0.1385780621689011,22,-0.1332490083638837,MAP_SCADA,129,0.005329053805017386
1,B_svc,2,0.295866779953715,22,0.2703561630907361,MAP_SCADA,129,0.025510616862978897
2,UPFC_Vsh,5-15,1.1060783732776556,22,1.1069990654632953,MAP_SCADA,129,0.0009206921856397265
3,UPFC_tsh,5-15,-0.22534572355539284,22,-0.23061415387708553,MAP_SCADA,129,0.005268430321692691
4,UPFC_Vse,5-15,0.059450675865346955,22,0.06069057235679877,MAP_SCADA,129,0.001239896491451814
5,UPFC_tse,5-15,-2.1468013562424364,22,-2.148825704264385,MAP_SCADA,129,0.0020243480219486187
0,x_tcsc,1-14,-0.1402901868998003,23,-0.1332490083638837,MAP_SCADA,129,0.007041178535916598
1,B_svc,2,0.28873643190744297,23,0.2703561630907361,MAP_SCADA,129,0.018380268816706846
2,UPFC_Vsh,5-15,1.104882461923429,23,1.1069990654632953,MAP_SCADA,129,0.002116603539866313
3,UPFC_tsh,5-15,-0.2252051158164447,23,-0.23061415387708553,MAP_SCADA,129,0.005409038060640831
4,UPFC_Vse,5-15,0.0602245918602625,23,0.06069057235679877,MAP_SCADA,129,0.0004659804965362682
5,UPFC_tse,5-15,-2.143819747526403,23,-2.148825704264385,MAP_SCADA,129,0.005005956737981876
0,x_tcsc,1-14,-0.1392743045440156,24,-0.1332490083638837,MAP_SCADA,129,0.006025296180131895
1,B_svc,2,0.29738585302713844,24,0.2703561630907361,MAP_SCADA,129,0.027029689936402312
2,UPFC_Vsh,5-15,1.1045794019361654,24,1.1069990654632953,MAP_SCADA,129,0.002419663527129856
3,UPFC_tsh,5-15,-0.22649652881257448,24,-0.23061415387708553,MAP_SCADA,129,0.004117625064511049
4,UPFC_Vse,5-15,0.060071837795885465,24,0.06069057235679877,MAP_SCADA,129,0.0006187345609133046
5,UPFC_tse,5-15,-2.1422016412545237,24,-2.148825704264385,MAP_SCADA,129,0.006624063009861292
0,x_tcsc,1-14,-0.1377908231437233,25,-0.1332490083638837,MAP_SCADA,129,0.004541814779839587
1,B_svc,2,0.3061252413607257,25,0.2703561630907361,MAP_SCADA,129,0.035769078269989596
2,UPFC_Vsh,5-15,1.1034073057683083,25,1.1069990654632953,MAP_SCADA,129,0.00359175969498704
3,UPFC_tsh,5-15,-0.22768260667530446,25,-0.23061415387708553,MAP_SCADA,129,0.0029315472017810706
4,UPFC_Vse,5-15,0.06020619773713513,25,0.06069057235679877,MAP_SCADA,129,0.00048437461966364254
5,UPFC_tse,5-15,-2.150180709765505,25,-2.148825704264385,MAP_SCADA,129,0.001355005501119777
0,x_tcsc,1-14,-0.1385486551204919,26,-0.1332490083638837,MAP_SCADA,129,0.005299646756608184
1,B_svc,2,0.300807778883365,26,0.2703561630907361,MAP_SCADA,129,0.030451615792628894
2,UPFC_Vsh,5-15,1.1039094048672455,26,1.1069990654632953,MAP_SCADA,129,0.003089660596049759
3,UPFC_tsh,5-15,-0.2259080636694409,26,-0.23061415387708553,MAP_SCADA,129,0.00470609020764462
4,UPFC_Vse,5-15,0.0608357430479533,26,0.06069057235679877,MAP_SCADA,129,0.00014517069115452946
5,UPFC_tse,5-15,-2.1503445282371287,26,-2.148825704264385,MAP_SCADA,129,0.0015188239727437214
0,x_tcsc,1-14,-0.13881034278722607,27,-0.1332490083638837,MAP_SCADA,129,0.005561334423342362
1,B_svc,2,0.2914728599813028,27,0.2703561630907361,MAP_SCADA,129,0.021116696890566666
2,UPFC_Vsh,5-15,1.104849217491168,27,1.1069990654632953,MAP_SCADA,129,0.002149847972127361
3,UPFC_tsh,5-15,-0.225308752946577,27,-0.23061415387708553,MAP_SCADA,129,0.005305400930508519
4,UPFC_Vse,5-15,0.06004084817340249,27,0.06069057235679877,MAP_SCADA,129,0.0006497241833962816
5,UPFC_tse,5-15,-2.148496938186742,27,-2.148825704264385,MAP_SCADA,129,0.00032876607764320553
0,x_tcsc,1-14,-0.13913273389529263,28,-0.1332490083638837,MAP_SCADA,129,0.005883725531408923
1,B_svc,2,0.296591253501489,28,0.2703561630907361,MAP_SCADA,129,0.026235090410752893
2,UPFC_Vsh,5-15,1.106067300145302,28,1.1069990654632953,MAP_SCADA,129,0.0009317653179932162
3,UPFC_tsh,5-15,-0.2247781884335331,28,-0.23061415387708553,MAP_SCADA,129,0.005835965443552443
4,UPFC_Vse,5-15,0.060115046821960276,28,0.06069057235679877,MAP_SCADA,129,0.0005755255348384933
5,UPFC_tse,5-15,-2.143399854831133,28,-2.148825704264385,MAP_SCADA,129,0.0054258494332519724
0,x_tcsc,1-14,-0.13888452296679737,29,-0.1332490083638837,MAP_SCADA,129,0.005635514602913672
1,B_svc,2,0.2992698066686642,29,0.2703561630907361,MAP_SCADA,129,0.028913643577928083
2,UPFC_Vsh,5-15,1.10514048130782,29,1.1069990654632953,MAP_SCADA,129,0.0018585841554752403
3,UPFC_tsh,5-15,-0.22565557417003165,29,-0.23061415387708553,MAP_SCADA,129,0.004958579707053878
4,UPFC_Vse,5-15,0.05959903426723671,29,0.06069057235679877,MAP_SCADA,129,0.0010915380895620622
5,UPFC_tse,5-15,-2.1487909286896563,29,-2.148825704264385,MAP_SCADA,129,3.477557472875148e-05
0,x_tcsc,1-14,-0.13966994289115525,30,-0.1332490083638837,MAP_SCADA,129,0.006420934527271549
1,B_svc,2,0.29765113418232697,30,0.2703561630907361,MAP_SCADA,129,0.027294971091590847
2,UPFC_Vsh,5-15,1.1025388252883417,30,1.1069990654632953,MAP_SCADA,129,0.004460240174953611
3,UPFC_tsh,5-15,-0.22632311264655752,30,-0.23061415387708553,MAP_SCADA,129,0.004291041230528009
4,UPFC_Vse,5-15,0.060273030760081885,30,0.06069057235679877,MAP_SCADA,129,0.0004175415967168847
5,UPFC_tse,5-15,-2.1470760271765768,30,-2.148825704264385,MAP_SCADA,129,0.0017496770878082657
0,x_tcsc,1-14,-0.1396459351331978,31,-0.1332490083638837,MAP_SCADA,129,0.00639692676931411
1,B_svc,2,0.29859178983973,31,0.2703561630907361,MAP_SCADA,129,0.02823562674899388
2,UPFC_Vsh,5-15,1.103772856341603,31,1.1069990654632953,MAP_SCADA,129,0.0032262091216923583
3,UPFC_tsh,5-15,-0.22586435764479773,31,-0.23061415387708553,MAP_SCADA,129,0.004749796232287801
4,UPFC_Vse,5-15,0.060196723858506794,31,0.06069057235679877,MAP_SCADA,129,0.0004938484982919752
5,UPFC_tse,5-15,-2.149224612485506,31,-2.148825704264385,MAP_SCADA,129,0.00039890822112109703
0,x_tcsc,1-14,-0.13746908066422436,32,-0.1332490083638837,MAP_SCADA,129,0.00422007230034066
1,B_svc,2,0.3038280239187001,32,0.2703561630907361,MAP_SCADA,129,0.033471860827963995
2,UPFC_Vsh,5-15,1.103889255951134,32,1.1069990654632953,MAP_SCADA,129,0.0031098095121613323
3,UPFC_tsh,5-15,-0.22775698399944186,32,-0.23061415387708553,MAP_SCADA,129,0.0028571698776436727
4,UPFC_Vse,5-15,0.06038293076645081,32,0.06069057235679877,MAP_SCADA,129,0.00030764159034796235
5,UPFC_tse,5-15,-2.1500529755168016,32,-2.148825704264385,MAP_SCADA,129,0.0012272712524166174
0,x_tcsc,1-14,-0.1407724381384244,33,-0.1332490083638837,MAP_SCADA,129,0.0075234297745407075
1,B_svc,2,0.29109702121632824,33,0.2703561630907361,MAP_SCADA,129,0.02074085812559212
2,UPFC_Vsh,5-15,1.1061593864183283,33,1.1069990654632953,MAP_SCADA,129,0.0008396790449669567
3,UPFC_tsh,5-15,-0.22444767867505602,33,-0.23061415387708553,MAP_SCADA,129,0.006166475202029509
4,UPFC_Vse,5-15,0.05977371883798552,33,0.06069057235679877,MAP_SCADA,129,0.0009168535188132515
5,UPFC_tse,5-15,-2.14828422550704,33,-2.148825704264385,MAP_SCADA,129,0.0005414787573450042
0,x_tcsc,1-14,-0.1396247852341707,34,-0.1332490083638837,MAP_SCADA,129,0.006375776870287009
1,B_svc,2,0.29625064662459444,34,0.2703561630907361,MAP_SCADA,129,0.025894483533858315
2,UPFC_Vsh,5-15,1.104409373734565,34,1.1069990654632953,MAP_SCADA,129,0.002589691728730248
3,UPFC_tsh,5-15,-0.2260998187080884,34,-0.23061415387708553,MAP_SCADA,129,0.00451433516899713
4,UPFC_Vse,5-15,0.060423493335265026,34,0.06069057235679877,MAP_SCADA,129,0.00026707902153374347
5,UPFC_tse,5-15,-2.148531035273312,34,-2.148825704264385,MAP_SCADA,129,0.0002946689910729994
0,x_tcsc,1-14,-0.13747071296096938,35,-0.1332490083638837,MAP_SCADA,129,0.004221704597085679
1,B_svc,2,0.2970031945926777,35,0.2703561630907361,MAP_SCADA,129,0.026647031501941587
2,UPFC_Vsh,5-15,1.1043141540277561,35,1.1069990654632953,MAP_SCADA,129,0.0026849114355391723
3,UPFC_tsh,5-15,-0.22689694102156815,35,-0.23061415387708553,MAP_SCADA,129,0.0037172128555173767
4,UPFC_Vse,5-15,0.06012317071876644,35,0.06069057235679877,MAP_SCADA,129,0.0005674016380323305
5,UPFC_tse,5-15,-2.149481545118172,35,-2.148825704264385,MAP_SCADA,129,0.0006558408537871152
0,x_tcsc,1-14,-0.14022767642520453,36,-0.1332490083638837,MAP_SCADA,129,0.006978668061320831
1,B_svc,2,0.2945503832650932,36,0.2703561630907361,MAP_SCADA,129,0.024194220174357073
2,UPFC_Vsh,5-15,1.1042972523376584,36,1.1069990654632953,MAP_SCADA,129,0.002701813125636887
3,UPFC_tsh,5-15,-0.22502397668760352,36,-0.23061415387708553,MAP_SCADA,129,0.005590177189482015
4,UPFC_Vse,5-15,0.05990084617611401,36,0.06069057235679877,MAP_SCADA,129,0.0007897261806847564
5,UPFC_tse,5-15,-2.145775581524078,36,-2.148825704264385,MAP_SCADA,129,0.0030501227403068043
0,x_tcsc,1-14,-0.13930864788106107,37,-0.1332490083638837,MAP_SCADA,129,0.006059639517177362
1,B_svc,2,0.2985366169832528,37,0.2703561630907361,MAP_SCADA,129,0.028180453892516666
2,UPFC_Vsh,5-15,1.1055109564919188,37,1.1069990654632953,MAP_SCADA,129,0.0014881089713765228
3,UPFC_tsh,5-15,-0.22576395725073525,37,-0.23061415387708553,MAP_SCADA,129,0.004850196626350278
4,UPFC_Vse,5-15,0.05957450635499889,37,0.06069057235679877,MAP_SCADA,129,0.0011160660017998786
5,UPFC_tse,5-15,-2.1485789670072792,37,-2.148825704264385,MAP_SCADA,129,0.000246737257105778
0,x_tcsc,1-14,-0.13876399333863584,38,-0.1332490083638837,MAP_SCADA,129,0.005514984974752141
1,B_svc,2,0.29775285732011453,38,0.2703561630907361,MAP_SCADA,129,0.027396694229378404
2,UPFC_Vsh,5-15,1.104689520361175,38,1.1069990654632953,MAP_SCADA,129,0.002309545102120225
3,UPFC_tsh,5-15,-0.22595945019195673,38,-0.23061415387708553,MAP_SCADA,129,0.004654703685128797
4,UPFC_Vse,5-15,0.060351667486153455,38,0.06069057235679877,MAP_SCADA,129,0.00033890487064531377
5,UPFC_tse,5-15,-2.1462755904313355,38,-2.148825704264385,MAP_SCADA,129,0.0025501138330494832
0,x_tcsc,1-14,-0.13888872058816598,39,-0.1332490083638837,MAP_SCADA,129,0.005639712224282278
1,B_svc,2,0.30026952731217943,39,0.2703561630907361,MAP_SCADA,129,0.029913364221443306
2,UPFC_Vsh,5-15,1.1035081667959006,39,1.1069990654632953,MAP_SCADA,129,0.003490898667394715
3,UPFC_tsh,5-15,-0.22685329721329714,39,-0.23061415387708553,MAP_SCADA,129,0.0037608566637883922
4,UPFC_Vse,5-15,0.060193805382303366,39,0.06069057235679877,MAP_SCADA,129,0.0004967669744954037
5,UPFC_tse,5-15,-2.1480449289464985,39,-2.148825704264385,MAP_SCADA,129,0.0007807753178865617
0,x_tcsc,1-14,-0.1380881425081221,40,-0.1332490083638837,MAP_SCADA,129,0.004839134144238394
1,B_svc,2,0.305150873703634,40,0.2703561630907361,MAP_SCADA,129,0.03479471061289785
2,UPFC_Vsh,5-15,1.1010648603053346,40,1.1069990654632953,MAP_SCADA,129,0.005934205157960726
3,UPFC_tsh,5-15,-0.2285433630113417,40,-0.23061415387708553,MAP_SCADA,129,0.0020707908657438268
4,UPFC_Vse,5-15,0.06086204016250076,40,0.06069057235679877,MAP_SCADA,129,0.00017146780570199277
5,UPFC_tse,5-15,-2.148631665556464,40,-2.148825704264385,MAP_SCADA,129,0.00019403870792089606
0,x_tcsc,1-14,-0.1387186169873437,41,-0.1332490083638837,MAP_SCADA,129,0.005469608623459993
1,B_svc,2,0.29322018540771627,41,0.2703561630907361,MAP_SCADA,129,0.022864022316980148
2,UPFC_Vsh,5-15,1.1038591215574631,41,1.1069990654632953,MAP_SCADA,129,0.0031399439058321654
3,UPFC_tsh,5-15,-0.22602840755094478,41,-0.23061415387708553,MAP_SCADA,129,0.004585746326140755
4,UPFC_Vse,5-15,0.060643180625298665,41,0.06069057235679877,MAP_SCADA,129,4.739173150010434e-05
5,UPFC_tse,5-15,-2.1511423510924637,41,-2.148825704264385,MAP_SCADA,129,0.002316646828078639
0,x_tcsc,1-14,-0.1399054585652153,42,-0.1332490083638837,MAP_SCADA,129,0.0066564502013315985
1,B_svc,2,0.29691859176243846,42,0.2703561630907361,MAP_SCADA,129,0.02656242867170233
2,UPFC_Vsh,5-15,1.1044028256050389,42,1.1069990654632953,MAP_SCADA,129,0.0025962398582564106
3,UPFC_tsh,5-15,-0.2256305853352938,42,-0.23061415387708553,MAP_SCADA,129,0.004983568541791744
4,UPFC_Vse,5-15,0.060075035419874336,42,0.06069057235679877,MAP_SCADA,129,0.0006155369369244337
5,UPFC_tse,5-15,-2.144996823734121,42,-2.148825704264385,MAP_SCADA,129,0.0038288805302642004
0,x_tcsc,1-14,-0.13845023221293154,43,-0.1332490083638837,MAP_SCADA,129,0.005201223849047837
1,B_svc,2,0.2982945498498663,43,0.2703561630907361,MAP_SCADA,129,0.027938386759130185
2,UPFC_Vsh,5-15,1.1058482160010459,43,1.1069990654632953,MAP_SCADA,129,0.0011508494622494148
3,UPFC_tsh,5-15,-0.2259417019098907,43,-0.23061415387708553,MAP_SCADA,129,0.004672451967194818
4,UPFC_Vse,5-15,0.0596267769348247,43,0.06069057235679877,MAP_SCADA,129,0.0010637954219740661
5,UPFC_tse,5-15,-2.1476228475067285,43,-2.148825704264385,MAP_SCADA,129,0.001202856757656523
0,x_tcsc,1-14,-0.139811517951264,44,-0.1332490083638837,MAP_SCADA,129,0.006562509587380305
1,B_svc,2,0.29671087376323174,44,0.2703561630907361,MAP_SCADA,129,0.026354710672495618
2,UPFC_Vsh,5-15,1.1028977831949425,44,1.1069990654632953,MAP_SCADA,129,0.004101282268352824
3,UPFC_tsh,5-15,-0.22646896973694672,44,-0.23061415387708553,MAP_SCADA,129,0.004145184140138813
4,UPFC_Vse,5-15,0.06049594237847763,44,0.06069057235679877,MAP_SCADA,129,0.0001946299783211411
5,UPFC_tse,5-15,-2.1480555669771535,44,-2.148825704264385,MAP_SCADA,129,0.0007701372872315204
0,x_tcsc,1-14,-0.14052857428117096,45,-0.1332490083638837,MAP_SCADA,129,0.007279565917287262
1,B_svc,2,0.29656433459849,45,0.2703561630907361,MAP_SCADA,129,0.026208171507753897
2,UPFC_Vsh,5-15,1.105353337485876,45,1.1069990654632953,MAP_SCADA,129,0.0016457279774193534
3,UPFC_tsh,5-15,-0.2250383220991583,45,-0.23061415387708553,MAP_SCADA,129,0.005575831777927226
4,UPFC_Vse,5-15,0.05983092960988044,45,0.06069057235679877,MAP_SCADA,129,0.0008596427469183265
5,UPFC_tse,5-15,-2.1495930852050207,45,-2.148825704264385,MAP_SCADA,129,0.0007673809406356646
0,x_tcsc,1-14,-0.13895079535319532,46,-0.1332490083638837,MAP_SCADA,129,0.005701786989311619
1,B_svc,2,0.2964461038118466,46,0.2703561630907361,MAP_SCADA,129,0.026089940721110483
2,UPFC_Vsh,5-15,1.1048489870248948,46,1.1069990654632953,MAP_SCADA,129,0.002150078438400538
3,UPFC_tsh,5-15,-0.22489720469760976,46,-0.23061415387708553,MAP_SCADA,129,0.0057169491794757665
4,UPFC_Vse,5-15,0.06055886878461661,46,0.06069057235679877,MAP_SCADA,129,0.00013170357218215967
5,UPFC_tse,5-15,-2.143860217935244,46,-2.148825704264385,MAP_SCADA,129,0.004965486329140845
0,x_tcsc,1-14,-0.13913388965149576,47,-0.1332490083638837,MAP_SCADA,129,0.005884881287612054
1,B_svc,2,0.2984715848952935,47,0.2703561630907361,MAP_SCADA,129,0.028115421804557394
2,UPFC_Vsh,5-15,1.103504153241162,47,1.1069990654632953,MAP_SCADA,129,0.003494912222133273
3,UPFC_tsh,5-15,-0.22569345557829593,47,-0.23061415387708553,MAP_SCADA,129,0.004920698298789605
4,UPFC_Vse,5-15,0.0599048945666807,47,0.06069057235679877,MAP_SCADA,129,0.0007856777901180667
5,UPFC_tse,5-15,-2.147264956699322,47,-2.148825704264385,MAP_SCADA,129,0.001560747565063192
0,x_tcsc,1-14,-0.1388308665670919,48,-0.1332490083638837,MAP_SCADA,129,0.005581858203208195
1,B_svc,2,0.2980432939421639,48,0.2703561630907361,MAP_SCADA,129,0.027687130851427766
2,UPFC_Vsh,5-15,1.1046129074545643,48,1.1069990654632953,MAP_SCADA,129,0.0023861580087309875
3,UPFC_tsh,5-15,-0.22600620862937293,48,-0.23061415387708553,MAP_SCADA,129,0.004607945247712603
4,UPFC_Vse,5-15,0.059986161692255846,48,0.06069057235679877,MAP_SCADA,129,0.0007044106645429232
5,UPFC_tse,5-15,-2.1500646836679387,48,-2.148825704264385,MAP_SCADA,129,0.0012389794035536639
0,x_tcsc,1-14,-0.13678999882709117,49,-0.1332490083638837,MAP_SCADA,129,0.0035409904632074662
1,B_svc,2,0.3048122495750491,49,0.2703561630907361,MAP_SCADA,129,0.034456086484312975
2,UPFC_Vsh,5-15,1.1028142767271474,49,1.1069990654632953,MAP_SCADA,129,0.004184788736147915
3,UPFC_tsh,5-15,-0.22789640504364608,49,-0.23061415387708553,MAP_SCADA,129,0.0027177488334394484
4,UPFC_Vse,5-15,0.06019102860432917,49,0.06069057235679877,MAP_SCADA,129,0.0004995437524695986
5,UPFC_tse,5-15,-2.1502166423072926,49,-2.148825704264385,MAP_SCADA,129,0.0013909380429075746
0,x_tcsc,1-14,-0.13844327078259241,50,-0.1332490083638837,MAP_SCADA,129,0.005194262418708712
1,B_svc,2,0.296185019327285,50,0.2703561630907361,MAP_SCADA,129,0.025828856236548903
2,UPFC_Vsh,5-15,1.103699644975238,50,1.1069990654632953,MAP_SCADA,129,0.003299420488057203
3,UPFC_tsh,5-15,-0.22623525675338108,50,-0.23061415387708553,MAP_SCADA,129,0.004378897123704456
4,UPFC_Vse,5-15,0.060455226854863514,50,0.06069057235679877,MAP_SCADA,129,0.00023534550193525516
5,UPFC_tse,5-15,-2.147736097903853,50,-2.148825704264385,MAP_SCADA,129,0.0010896063605319029
0,x_tcsc,1-14,-0.13932493877968363,51,-0.1332490083638837,MAP_SCADA,129,0.006075930415799929
1,B_svc,2,0.29545982958944195,51,0.2703561630907361,MAP_SCADA,129,0.025103666498705823
2,UPFC_Vsh,5-15,1.1041996971003738,51,1.1069990654632953,MAP_SCADA,129,0.002799368362921495
3,UPFC_tsh,5-15,-0.2259362461468297,51,-0.23061415387708553,MAP_SCADA,129,0.004677907730255837
4,UPFC_Vse,5-15,0.060608605431686384,51,0.06069057235679877,MAP_SCADA,129,8.196692511238529e-05
5,UPFC_tse,5-15,-2.147654032566646,51,-2.148825704264385,MAP_SCADA,129,0.0011716716977390185
0,x_tcsc,1-14,-0.13877429196352978,52,-0.1332490083638837,MAP_SCADA,129,0.005525283599646075
1,B_svc,2,0.2955519365557847,52,0.2703561630907361,MAP_SCADA,129,0.025195773465048588
2,UPFC_Vsh,5-15,1.103401285053523,52,1.1069990654632953,MAP_SCADA,129,0.003597780409772211
3,UPFC_tsh,5-15,-0.2256970092293021,52,-0.23061415387708553,MAP_SCADA,129,0.004917144647783422
4,UPFC_Vse,5-15,0.060037529394786515,52,0.06069057235679877,MAP_SCADA,129,0.0006530429620122541
5,UPFC_tse,5-15,-2.1502566117296222,52,-2.148825704264385,MAP_SCADA,129,0.001430907465237219
0,x_tcsc,1-14,-0.13719206890746846,53,-0.1332490083638837,MAP_SCADA,129,0.003943060543584759
1,B_svc,2,0.2997239554174644,53,0.2703561630907361,MAP_SCADA,129,0.02936779232672826
2,UPFC_Vsh,5-15,1.1040769980954428,53,1.1069990654632953,MAP_SCADA,129,0.002922067367852499
3,UPFC_tsh,5-15,-0.22720083749051107,53,-0.23061415387708553,MAP_SCADA,129,0.0034133163865744665
4,UPFC_Vse,5-15,0.06010456096434186,53,0.06069057235679877,MAP_SCADA,129,0.0005860113924569116
5,UPFC_tse,5-15,-2.1545612967427794,53,-2.148825704264385,MAP_SCADA,129,0.005735592478394391
0,x_tcsc,1-14,-0.13798824104664212,54,-0.1332490083638837,MAP_SCADA,129,0.004739232682758415
1,B_svc,2,0.30227977719608706,54,0.2703561630907361,MAP_SCADA,129,0.03192361410535094
2,UPFC_Vsh,5-15,1.103186529193495,54,1.1069990654632953,MAP_SCADA,129,0.0038125362698002707
3,UPFC_tsh,5-15,-0.22683808163686253,54,-0.23061415387708553,MAP_SCADA,129,0.0037760722402229996
4,UPFC_Vse,5-15,0.06059927539276227,54,0.06069057235679877,MAP_SCADA,129,9.129696403650106e-05
5,UPFC_tse,5-15,-2.1470201328700975,54,-2.148825704264385,MAP_SCADA,129,0.0018055713942874974
0,x_tcsc,1-14,-0.13861819969654465,55,-0.1332490083638837,MAP_SCADA,129,0.00536919133266095
1,B_svc,2,0.2982281439530429,55,0.2703561630907361,MAP_SCADA,129,0.0278719808623068
2,UPFC_Vsh,5-15,1.1062975037791578,55,1.1069990654632953,MAP_SCADA,129,0.0007015616841374861
3,UPFC_tsh,5-15,-0.2256201950046325,55,-0.23061415387708553,MAP_SCADA,129,0.004993958872453019
4,UPFC_Vse,5-15,0.06010544691893832,55,0.06069057235679877,MAP_SCADA,129,0.0005851254378604481
5,UPFC_tse,5-15,-2.1486231597502226,55,-2.148825704264385,MAP_SCADA,129,0.00020254451416246155
0,x_tcsc,1-14,-0.13821983146765665,56,-0.1332490083638837,MAP_SCADA,129,0.004970823103772948
1,B_svc,2,0.3011376864684205,56,0.2703561630907361,MAP_SCADA,129,0.03078152337768436
2,UPFC_Vsh,5-15,1.104502511352792,56,1.1069990654632953,MAP_SCADA,129,0.002496554110503313
3,UPFC_tsh,5-15,-0.22690992863944798,56,-0.23061415387708553,MAP_SCADA,129,0.003704225237637554
4,UPFC_Vse,5-15,0.06015288344386399,56,0.06069057235679877,MAP_SCADA,129,0.0005376889129347778
5,UPFC_tse,5-15,-2.145879885001655,56,-2.148825704264385,MAP_SCADA,129,0.002945819262730076
0,x_tcsc,1-14,-0.13767132395109832,57,-0.1332490083638837,MAP_SCADA,129,0.00442231558721462
1,B_svc,2,0.29706997285255465,57,0.2703561630907361,MAP_SCADA,129,0.02671380976181853
2,UPFC_Vsh,5-15,1.1075096933847748,57,1.1069990654632953,MAP_SCADA,129,0.0005106279214794895
3,UPFC_tsh,5-15,-0.22571755461786697,57,-0.23061415387708553,MAP_SCADA,129,0.004896599259218565
4,UPFC_Vse,5-15,0.05995041538130148,57,0.06069057235679877,MAP_SCADA,129,0.0007401569754972859
5,UPFC_tse,5-15,-2.1442045134949352,57,-2.148825704264385,MAP_SCADA,129,0.004621190769449779
0,x_tcsc,1-14,-0.14025304881818126,58,-0.1332490083638837,MAP_SCADA,129,0.007004040454297561
1,B_svc,2,0.2943751922505254,58,0.2703561630907361,MAP_SCADA,129,0.024019029159789262
2,UPFC_Vsh,5-15,1.1043382438971199,58,1.1069990654632953,MAP_SCADA,129,0.0026608215661754198
3,UPFC_tsh,5-15,-0.22596942597343528,58,-0.23061415387708553,MAP_SCADA,129,0.004644727903650253
4,UPFC_Vse,5-15,0.05989844619524658,58,0.06069057235679877,MAP_SCADA,129,0.0007921261615521924
5,UPFC_tse,5-15,-2.150392797073834,58,-2.148825704264385,MAP_SCADA,129,0.001567092809449111
0,x_tcsc,1-14,-0.13948574348694037,59,-0.1332490083638837,MAP_SCADA,129,0.006236735123056669
1,B_svc,2,0.29361040067047306,59,0.2703561630907361,MAP_SCADA,129,0.023254237579736936
2,UPFC_Vsh,5-15,1.1024436446396637,59,1.1069990654632953,MAP_SCADA,129,0.004555420823631584
3,UPFC_tsh,5-15,-0.2260962852316475,59,-0.23061415387708553,MAP_SCADA,129,0.0045178686454380446
4,UPFC_Vse,5-15,0.0603760348307006,59,0.06069057235679877,MAP_SCADA,129,0.00031453752609816865
5,UPFC_tse,5-15,-2.153027024774551,59,-2.148825704264385,MAP_SCADA,129,0.004201320510166084
0,x_tcsc,1-14,-0.13734548040088565,60,-0.1332490083638837,MAP_SCADA,129,0.004096472037001947
1,B_svc,2,0.3050931327260433,60,0.2703561630907361,MAP_SCADA,129,0.0347369696353072
2,UPFC_Vsh,5-15,1.1024510869435684,60,1.1069990654632953,MAP_SCADA,129,0.004547978519726881
3,UPFC_tsh,5-15,-0.22792302563646952,60,-0.23061415387708553,MAP_SCADA,129,0.002691128240616014
4,UPFC_Vse,5-15,0.05994697426279195,60,0.06069057235679877,MAP_SCADA,129,0.0007435980940068213
5,UPFC_tse,5-15,-2.1533501829787167,60,-2.148825704264385,MAP_SCADA,129,0.004524478714331703
0,x_tcsc,1-14,-0.13962038629562434,61,-0.1332490083638837,MAP_SCADA,129,0.0063713779317406405
1,B_svc,2,0.2962995497542139,61,0.2703561630907361,MAP_SCADA,129,0.025943386663477785
2,UPFC_Vsh,5-15,1.1029814234863042,61,1.1069990654632953,MAP_SCADA,129,0.00401764197699106
3,UPFC_tsh,5-15,-0.22586234776028932,61,-0.23061415387708553,MAP_SCADA,129,0.004751806116796209
4,UPFC_Vse,5-15,0.06022765102223543,61,0.06069057235679877,MAP_SCADA,129,0.0004629213345633404
5,UPFC_tse,5-15,-2.1501775445709037,61,-2.148825704264385,MAP_SCADA,129,0.0013518403065186924
0,x_tcsc,1-14,-0.1395880404530107,62,-0.1332490083638837,MAP_SCADA,129,0.006339032089127006
1,B_svc,2,0.29959101759192003,62,0.2703561630907361,MAP_SCADA,129,0.029234854501183904
2,UPFC_Vsh,5-15,1.1049893981731653,62,1.1069990654632953,MAP_SCADA,129,0.0020096672901299684
3,UPFC_tsh,5-15,-0.2262864238321893,62,-0.23061415387708553,MAP_SCADA,129,0.0043277300448962275
4,UPFC_Vse,5-15,0.0599799436649154,62,0.06069057235679877,MAP_SCADA,129,0.0007106286918833679
5,UPFC_tse,5-15,-2.1470839299587956,62,-2.148825704264385,MAP_SCADA,129,0.0017417743055894164
0,x_tcsc,1-14,-0.13819293186036755,63,-0.1332490083638837,MAP_SCADA,129,0.004943923496483843
1,B_svc,2,0.2947934783829856,63,0.2703561630907361,MAP_SCADA,129,0.024437315292249462
2,UPFC_Vsh,5-15,1.105386686753126,63,1.1069990654632953,MAP_SCADA,129,0.0016123787101693932
3,UPFC_tsh,5-15,-0.226096774621023,63,-0.23061415387708553,MAP_SCADA,129,0.00451737925606252
4,UPFC_Vse,5-15,0.06026503639942282,63,0.06069057235679877,MAP_SCADA,129,0.00042553595737594707
5,UPFC_tse,5-15,-2.1446743398568286,63,-2.148825704264385,MAP_SCADA,129,0.004151364407556368
0,x_tcsc,1-14,-0.13921022468365188,64,-0.1332490083638837,MAP_SCADA,129,0.0059612163197681756
1,B_svc,2,0.30291283652156065,64,0.2703561630907361,MAP_SCADA,129,0.03255667343082452
2,UPFC_Vsh,5-15,1.1017025311267963,64,1.1069990654632953,MAP_SCADA,129,0.005296534336499015
3,UPFC_tsh,5-15,-0.22647964204765078,64,-0.23061415387708553,MAP_SCADA,129,0.0041345118294347505
4,UPFC_Vse,5-15,0.06037988534906229,64,0.06069057235679877,MAP_SCADA,129,0.00031068700773648206
5,UPFC_tse,5-15,-2.1467661078239084,64,-2.148825704264385,MAP_SCADA,129,0.0020595964404765965
0,x_tcsc,1-14,-0.13754706013970006,65,-0.1332490083638837,MAP_SCADA,129,0.004298051775816353
1,B_svc,2,0.3033542225314747,65,0.2703561630907361,MAP_SCADA,129,0.03299805944073858
2,UPFC_Vsh,5-15,1.102491949482756,65,1.1069990654632953,MAP_SCADA,129,0.004507115980539211
3,UPFC_tsh,5-15,-0.22779893595847883,65,-0.23061415387708553,MAP_SCADA,129,0.0028152179186066995
4,UPFC_Vse,5-15,0.060129879626394565,65,0.06069057235679877,MAP_SCADA,129,0.0005606927304042039
5,UPFC_tse,5-15,-2.151886632505937,65,-2.148825704264385,MAP_SCADA,129,0.00306092824155213
0,x_tcsc,1-14,-0.13851879659942265,66,-0.1332490083638837,MAP_SCADA,129,0.005269788235538947
1,B_svc,2,0.30098243833297045,66,0.2703561630907361,MAP_SCADA,129,0.030626275242234324
2,UPFC_Vsh,5-15,1.1037986787727152,66,1.1069990654632953,MAP_SCADA,129,0.0032003866905800926
3,UPFC_tsh,5-15,-0.2266876249058762,66,-0.23061415387708553,MAP_SCADA,129,0.00392652897120932
4,UPFC_Vse,5-15,0.059659010943204104,66,0.06069057235679877,MAP_SCADA,129,0.0010315614135946657
5,UPFC_tse,5-15,-2.145454356885726,66,-2.148825704264385,MAP_SCADA,129,0.003371347378659184
0,x_tcsc,1-14,-0.13891729932627214,67,-0.1332490083638837,MAP_SCADA,129,0.005668290962388439
1,B_svc,2,0.29894763571785266,67,0.2703561630907361,MAP_SCADA,129,0.028591472627116532
2,UPFC_Vsh,5-15,1.1052742411757022,67,1.1069990654632953,MAP_SCADA,129,0.0017248242875931297
3,UPFC_tsh,5-15,-0.22678710475996916,67,-0.23061415387708553,MAP_SCADA,129,0.003827049117116371
4,UPFC_Vse,5-15,0.06021758539380588,67,0.06069057235679877,MAP_SCADA,129,0.00047298696299288845
5,UPFC_tse,5-15,-2.1460217532626857,67,-2.148825704264385,MAP_SCADA,129,0.0028039510016992786
0,x_tcsc,1-14,-0.1400113610368814,68,-0.1332490083638837,MAP_SCADA,129,0.006762352672997685
1,B_svc,2,0.2886082954586116,68,0.2703561630907361,MAP_SCADA,129,0.018252132367875484
2,UPFC_Vsh,5-15,1.1086243994812912,68,1.1069990654632953,MAP_SCADA,129,0.0016253340179959164
3,UPFC_tsh,5-15,-0.22463470542028693,68,-0.23061415387708553,MAP_SCADA,129,0.005979448456798597
4,UPFC_Vse,5-15,0.05987369804048943,68,0.06069057235679877,MAP_SCADA,129,0.000816874316309342
5,UPFC_tse,5-15,-2.1449589252236083,68,-2.148825704264385,MAP_SCADA,129,0.003866779040776702
0,x_tcsc,1-14,-0.1391771725391201,69,-0.1332490083638837,MAP_SCADA,129,0.0059281641752363945
1,B_svc,2,0.2949481090376491,69,0.2703561630907361,MAP_SCADA,129,0.024591945946912996
2,UPFC_Vsh,5-15,1.1044387529335438,69,1.1069990654632953,MAP_SCADA,129,0.0025603125297515295
3,UPFC_tsh,5-15,-0.2255383734968782,69,-0.23061415387708553,MAP_SCADA,129,0.00507578038020734
4,UPFC_Vse,5-15,0.06053740626463348,69,0.06069057235679877,MAP_SCADA,129,0.00015316609216529248
5,UPFC_tse,5-15,-2.147341439047312,69,-2.148825704264385,MAP_SCADA,129,0.0014842652170732329
0,x_tcsc,1-14,-0.14030892296009884,70,-0.1332490083638837,MAP_SCADA,129,0.007059914596215133
1,B_svc,2,0.28916581192604307,70,0.2703561630907361,MAP_SCADA,129,0.018809648835306947
2,UPFC_Vsh,5-15,1.105617684280865,70,1.1069990654632953,MAP_SCADA,129,0.0013813811824303635
3,UPFC_tsh,5-15,-0.22463776111187436,70,-0.23061415387708553,MAP_SCADA,129,0.005976392765211169
4,UPFC_Vse,5-15,0.05922766099819131,70,0.06069057235679877,MAP_SCADA,129,0.0014629113586074605
5,UPFC_tse,5-15,-2.146793521944589,70,-2.148825704264385,MAP_SCADA,129,0.002032182319795961
0,x_tcsc,1-14,-0.13912161106384616,71,-0.1332490083638837,MAP_SCADA,129,0.005872602699962454
1,B_svc,2,0.29390301176538924,71,0.2703561630907361,MAP_SCADA,129,0.02354684867465312
2,UPFC_Vsh,5-15,1.1066642973847154,71,1.1069990654632953,MAP_SCADA,129,0.00033476807857990565
3,UPFC_tsh,5-15,-0.225605363251747,71,-0.23061415387708553,MAP_SCADA,129,0.005008790625338544
4,UPFC_Vse,5-15,0.05939111103551805,71,0.06069057235679877,MAP_SCADA,129,0.001299461321280719
5,UPFC_tse,5-15,-2.1477863279580256,71,-2.148825704264385,MAP_SCADA,129,0.0010393763063594186
0,x_tcsc,1-14,-0.14056060725207833,72,-0.1332490083638837,MAP_SCADA,129,0.0073115988881946314
1,B_svc,2,0.2905575884448555,72,0.2703561630907361,MAP_SCADA,129,0.020201425354119396
2,UPFC_Vsh,5-15,1.1041119417122978,72,1.1069990654632953,MAP_SCADA,129,0.0028871237509975334
3,UPFC_tsh,5-15,-0.22535657625741115,72,-0.23061415387708553,MAP_SCADA,129,0.005257577619674381
4,UPFC_Vse,5-15,0.060107674310286366,72,0.06069057235679877,MAP_SCADA,129,0.0005828980465124034
5,UPFC_tse,5-15,-2.1468883355909685,72,-2.148825704264385,MAP_SCADA,129,0.0019373686734165396
0,x_tcsc,1-14,-0.1388155879410626,73,-0.1332490083638837,MAP_SCADA,129,0.005566579577178904
1,B_svc,2,0.2955615078968038,73,0.2703561630907361,MAP_SCADA,129,0.025205344806067675
2,UPFC_Vsh,5-15,1.105298350292251,73,1.1069990654632953,MAP_SCADA,129,0.0017007151710441981
3,UPFC_tsh,5-15,-0.22593649996615559,73,-0.23061415387708553,MAP_SCADA,129,0.004677653910929946
4,UPFC_Vse,5-15,0.05985474709110416,73,0.06069057235679877,MAP_SCADA,129,0.0008358252656946105
5,UPFC_tse,5-15,-2.1511679849735295,73,-2.148825704264385,MAP_SCADA,129,0.0023422807091444398
0,x_tcsc,1-14,-0.1398233764460126,74,-0.1332490083638837,MAP_SCADA,129,0.006574368082128884
1,B_svc,2,0.2954338977334575,74,0.2703561630907361,MAP_SCADA,129,0.025077734642721394
2,UPFC_Vsh,5-15,1.1071480139212553,74,1.1069990654632953,MAP_SCADA,129,0.00014894845795998535
3,UPFC_tsh,5-15,-0.22453926962252754,74,-0.23061415387708553,MAP_SCADA,129,0.006074884254557988
4,UPFC_Vse,5-15,0.060687580449417494,74,0.06069057235679877,MAP_SCADA,129,2.991907381275083e-06
5,UPFC_tse,5-15,-2.14433718069863,74,-2.148825704264385,MAP_SCADA,129,0.00448852356575502
0,x_tcsc,1-14,-0.13985189874829726,75,-0.1332490083638837,MAP_SCADA,129,0.006602890384413557
1,B_svc,2,0.29688805571872745,75,0.2703561630907361,MAP_SCADA,129,0.026531892627991327
2,UPFC_Vsh,5-15,1.1046618916641544,75,1.1069990654632953,MAP_SCADA,129,0.0023371737991408903
3,UPFC_tsh,5-15,-0.22601035217733573,75,-0.23061415387708553,MAP_SCADA,129,0.004603801699749804
4,UPFC_Vse,5-15,0.06080895520400906,75,0.06069057235679877,MAP_SCADA,129,0.00011838284721028824
5,UPFC_tse,5-15,-2.1404242421104898,75,-2.148825704264385,MAP_SCADA,129,0.008401462153895256
0,x_tcsc,1-14,-0.13957144471102523,76,-0.1332490083638837,MAP_SCADA,129,0.006322436347141525
1,B_svc,2,0.2923765380368501,76,0.2703561630907361,MAP_SCADA,129,0.022020374946113974
2,UPFC_Vsh,5-15,1.1054871009105336,76,1.1069990654632953,MAP_SCADA,129,0.001511964552761702
3,UPFC_tsh,5-15,-0.22482937095352573,76,-0.23061415387708553,MAP_SCADA,129,0.0057847829235598
4,UPFC_Vse,5-15,0.06030011511679539,76,0.06069057235679877,MAP_SCADA,129,0.00039045724000338206
5,UPFC_tse,5-15,-2.1476767706995723,76,-2.148825704264385,MAP_SCADA,129,0.0011489335648127152
0,x_tcsc,1-14,-0.13862326408102932,77,-0.1332490083638837,MAP_SCADA,129,0.005374255717145615
1,B_svc,2,0.297354900166559,77,0.2703561630907361,MAP_SCADA,129,0.0269987370758229
2,UPFC_Vsh,5-15,1.1047507912466037,77,1.1069990654632953,MAP_SCADA,129,0.0022482742166916037
3,UPFC_tsh,5-15,-0.22604008379772728,77,-0.23061415387708553,MAP_SCADA,129,0.004574070079358256
4,UPFC_Vse,5-15,0.05988669983780915,77,0.06069057235679877,MAP_SCADA,129,0.0008038725189896193
5,UPFC_tse,5-15,-2.149920976773672,77,-2.148825704264385,MAP_SCADA,129,0.001095272509286982
0,x_tcsc,1-14,-0.14014173897371188,78,-0.1332490083638837,MAP_SCADA,129,0.006892730609828174
1,B_svc,2,0.29808804198602606,78,0.2703561630907361,MAP_SCADA,129,0.02773187889528994
2,UPFC_Vsh,5-15,1.1020250874796236,78,1.1069990654632953,MAP_SCADA,129,0.004973977983671718
3,UPFC_tsh,5-15,-0.22709406986485264,78,-0.23061415387708553,MAP_SCADA,129,0.003520084012232888
4,UPFC_Vse,5-15,0.06038098624706862,78,0.06069057235679877,MAP_SCADA,129,0.00030958610973014916
5,UPFC_tse,5-15,-2.147555642474961,78,-2.148825704264385,MAP_SCADA,129,0.0012700617894241262
0,x_tcsc,1-14,-0.138494991935145,79,-0.1332490083638837,MAP_SCADA,129,0.005245983571261298
1,B_svc,2,0.29935793585946774,79,0.2703561630907361,MAP_SCADA,129,0.029001772768731615
2,UPFC_Vsh,5-15,1.1044861845431309,79,1.1069990654632953,MAP_SCADA,129,0.0025128809201644398
3,UPFC_tsh,5-15,-0.2267156972470802,79,-0.23061415387708553,MAP_SCADA,129,0.0038984566300053203
4,UPFC_Vse,5-15,0.06014279391207925,79,0.06069057235679877,MAP_SCADA,129,0.0005477784447195169
5,UPFC_tse,5-15,-2.148430129095994,79,-2.148825704264385,MAP_SCADA,129,0.00039557516839083817
0,x_tcsc,1-14,-0.13850198239680195,80,-0.1332490083638837,MAP_SCADA,129,0.005252974032918245
1,B_svc,2,0.2949269015440459,80,0.2703561630907361,MAP_SCADA,129,0.02457073845330976
2,UPFC_Vsh,5-15,1.1046154754089028,80,1.1069990654632953,MAP_SCADA,129,0.0023835900543924815
3,UPFC_tsh,5-15,-0.22601633684968597,80,-0.23061415387708553,MAP_SCADA,129,0.004597817027399559
4,UPFC_Vse,5-15,0.05995997222132473,80,0.06069057235679877,MAP_SCADA,129,0.0007306001354740396
5,UPFC_tse,5-15,-2.151054139576775,80,-2.148825704264385,MAP_SCADA,129,0.0022284353123898093
0,x_tcsc,1-14,-0.13966617912573293,81,-0.1332490083638837,MAP_SCADA,129,0.006417170761849222
1,B_svc,2,0.29315893366360213,81,0.2703561630907361,MAP_SCADA,129,0.022802770572866005
2,UPFC_Vsh,5-15,1.1060385957878638,81,1.1069990654632953,MAP_SCADA,129,0.0009604696754315079
3,UPFC_tsh,5-15,-0.22521413775523438,81,-0.23061415387708553,MAP_SCADA,129,0.005400016121851148
4,UPFC_Vse,5-15,0.060315117957685425,81,0.06069057235679877,MAP_SCADA,129,0.00037545439911334383
5,UPFC_tse,5-15,-2.139918566642995,81,-2.148825704264385,MAP_SCADA,129,0.00890713762139006
0,x_tcsc,1-14,-0.13893154787813156,82,-0.1332490083638837,MAP_SCADA,129,0.005682539514247853
1,B_svc,2,0.3003519178065197,82,0.2703561630907361,MAP_SCADA,129,0.029995754715783585
2,UPFC_Vsh,5-15,1.105211713292877,82,1.1069990654632953,MAP_SCADA,129,0.001787352170418366
3,UPFC_tsh,5-15,-0.22601346607340225,82,-0.23061415387708553,MAP_SCADA,129,0.004600687803683279
4,UPFC_Vse,5-15,0.05983889382632722,82,0.06069057235679877,MAP_SCADA,129,0.0008516785304715502
5,UPFC_tse,5-15,-2.145681020772069,82,-2.148825704264385,MAP_SCADA,129,0.0031446834923158917
0,x_tcsc,1-14,-0.13768340688018318,83,-0.1332490083638837,MAP_SCADA,129,0.0044343985162994815
1,B_svc,2,0.2994261065484856,83,0.2703561630907361,MAP_SCADA,129,0.029069943457749492
2,UPFC_Vsh,5-15,1.101703543833773,83,1.1069990654632953,MAP_SCADA,129,0.005295521629522293
3,UPFC_tsh,5-15,-0.2279174035804127,83,-0.23061415387708553,MAP_SCADA,129,0.002696750296672823
4,UPFC_Vse,5-15,0.06055765787005787,83,0.06069057235679877,MAP_SCADA,129,0.0001329144867409024
5,UPFC_tse,5-15,-2.1510343991375835,83,-2.148825704264385,MAP_SCADA,129,0.0022086948731985245
0,x_tcsc,1-14,-0.1373216491922542,84,-0.1332490083638837,MAP_SCADA,129,0.0040726408283704996
1,B_svc,2,0.2927348858620752,84,0.2703561630907361,MAP_SCADA,129,0.022378722771339066
2,UPFC_Vsh,5-15,1.1067500551576062,84,1.1069990654632953,MAP_SCADA,129,0.0002490103056891346
3,UPFC_tsh,5-15,-0.22563770740787648,84,-0.23061415387708553,MAP_SCADA,129,0.004976446469209056
4,UPFC_Vse,5-15,0.06014896913171909,84,0.06069057235679877,MAP_SCADA,129,0.0005416032250796787
5,UPFC_tse,5-15,-2.144710256275567,84,-2.148825704264385,MAP_SCADA,129,0.004115447988818133
0,x_tcsc,1-14,-0.1368727184297969,85,-0.1332490083638837,MAP_SCADA,129,0.0036237100659131938
1,B_svc,2,0.3042076338471711,85,0.2703561630907361,MAP_SCADA,129,0.033851470756434965
2,UPFC_Vsh,5-15,1.1020224083109054,85,1.1069990654632953,MAP_SCADA,129,0.0049766571523899295
3,UPFC_tsh,5-15,-0.22809833192717974,85,-0.23061415387708553,MAP_SCADA,129,0.0025158219499057943
4,UPFC_Vse,5-15,0.059876587389066586,85,0.06069057235679877,MAP_SCADA,129,0.0008139849677321828
5,UPFC_tse,5-15,-2.1513163216563593,85,-2.148825704264385,MAP_SCADA,129,0.0024906173919743146
0,x_tcsc,1-14,-0.1384535459587959,86,-0.1332490083638837,MAP_SCADA,129,0.005204537594912184
1,B_svc,2,0.2997617930927,86,0.2703561630907361,MAP_SCADA,129,0.02940563000196389
2,UPFC_Vsh,5-15,1.103946923652292,86,1.1069990654632953,MAP_SCADA,129,0.0030521418110032172
3,UPFC_tsh,5-15,-0.22620783362035,86,-0.23061415387708553,MAP_SCADA,129,0.004406320256735541
4,UPFC_Vse,5-15,0.060450061537411046,86,0.06069057235679877,MAP_SCADA,129,0.00024051081938772367
5,UPFC_tse,5-15,-2.1479966642306616,86,-2.148825704264385,MAP_SCADA,129,0.0008290400337234161
0,x_tcsc,1-14,-0.13890739555022136,87,-0.1332490083638837,MAP_SCADA,129,0.0056583871863376545
1,B_svc,2,0.29816419122844867,87,0.2703561630907361,MAP_SCADA,129,0.027808028137712548
2,UPFC_Vsh,5-15,1.1032871777219062,87,1.1069990654632953,MAP_SCADA,129,0.003711887741389086
3,UPFC_tsh,5-15,-0.226681685374232,87,-0.23061415387708553,MAP_SCADA,129,0.003932468502853531
4,UPFC_Vse,5-15,0.06018735647973197,87,0.06069057235679877,MAP_SCADA,129,0.0005032158770668024
5,UPFC_tse,5-15,-2.1458589466601703,87,-2.148825704264385,MAP_SCADA,129,0.0029667576042147203
0,x_tcsc,1-14,-0.13941829242216902,88,-0.1332490083638837,MAP_SCADA,129,0.006169284058285318
1,B_svc,2,0.29807485035769715,88,0.2703561630907361,MAP_SCADA,129,0.02771868726696103
2,UPFC_Vsh,5-15,1.1045063121793453,88,1.1069990654632953,MAP_SCADA,129,0.0024927532839500444
3,UPFC_tsh,5-15,-0.22623395074146235,88,-0.23061415387708553,MAP_SCADA,129,0.0043802031356231785
4,UPFC_Vse,5-15,0.05955271496810949,88,0.06069057235679877,MAP_SCADA,129,0.0011378573886892812
5,UPFC_tse,5-15,-2.147882351498537,88,-2.148825704264385,MAP_SCADA,129,0.0009433527658480045
0,x_tcsc,1-14,-0.13722912029411927,89,-0.1332490083638837,MAP_SCADA,129,0.003980111930235564
1,B_svc,2,0.30411101001131285,89,0.2703561630907361,MAP_SCADA,129,0.03375484692057673
2,UPFC_Vsh,5-15,1.1036311349152752,89,1.1069990654632953,MAP_SCADA,129,0.0033679305480200927
3,UPFC_tsh,5-15,-0.22732067939310316,89,-0.23061415387708553,MAP_SCADA,129,0.0032934744839823726
4,UPFC_Vse,5-15,0.06012593040018313,89,0.06069057235679877,MAP_SCADA,129,0.0005646419566156385
5,UPFC_tse,5-15,-2.148379421260987,89,-2.148825704264385,MAP_SCADA,129,0.0004462830033982179
0,x_tcsc,1-14,-0.14066230142333347,90,-0.1332490083638837,MAP_SCADA,129,0.007413293059449766
1,B_svc,2,0.28639808623031715,90,0.2703561630907361,MAP_SCADA,129,0.016041923139581027
2,UPFC_Vsh,5-15,1.1053975417805695,90,1.1069990654632953,MAP_SCADA,129,0.001601523682725814
3,UPFC_tsh,5-15,-0.2244789968365249,90,-0.23061415387708553,MAP_SCADA,129,0.00613515704056064
4,UPFC_Vse,5-15,0.05994150141665287,90,0.06069057235679877,MAP_SCADA,129,0.0007490709401458961
5,UPFC_tse,5-15,-2.1483133870233035,90,-2.148825704264385,MAP_SCADA,129,0.0005123172410814725
0,x_tcsc,1-14,-0.1389034492356503,91,-0.1332490083638837,MAP_SCADA,129,0.005654440871766586
1,B_svc,2,0.29841707717821614,91,0.2703561630907361,MAP_SCADA,129,0.028060914087480016
2,UPFC_Vsh,5-15,1.1040028152967658,91,1.1069990654632953,MAP_SCADA,129,0.0029962501665294905
3,UPFC_tsh,5-15,-0.22666245066459617,91,-0.23061415387708553,MAP_SCADA,129,0.00395170321248936
4,UPFC_Vse,5-15,0.060089420272586895,91,0.06069057235679877,MAP_SCADA,129,0.0006011520842118742
5,UPFC_tse,5-15,-2.1467186392760302,91,-2.148825704264385,MAP_SCADA,129,0.0021070649883547787
0,x_tcsc,1-14,-0.1399247873648281,92,-0.1332490083638837,MAP_SCADA,129,0.006675779000944404
1,B_svc,2,0.29473224820962973,92,0.2703561630907361,MAP_SCADA,129,0.02437608511889361
2,UPFC_Vsh,5-15,1.1051511651890191,92,1.1069990654632953,MAP_SCADA,129,0.0018479002742761708
3,UPFC_tsh,5-15,-0.22500880406455498,92,-0.23061415387708553,MAP_SCADA,129,0.005605349812530552
4,UPFC_Vse,5-15,0.059988637387086235,92,0.06069057235679877,MAP_SCADA,129,0.0007019349697125338
5,UPFC_tse,5-15,-2.143871600729615,92,-2.148825704264385,MAP_SCADA,129,0.004954103534770216
0,x_tcsc,1-14,-0.13790532230246327,93,-0.1332490083638837,MAP_SCADA,129,0.00465631393857957
1,B_svc,2,0.3013297835636175,93,0.2703561630907361,MAP_SCADA,129,0.03097362047288138
2,UPFC_Vsh,5-15,1.104168804741319,93,1.1069990654632953,MAP_SCADA,129,0.002830260721976341
3,UPFC_tsh,5-15,-0.22684799687065,93,-0.23061415387708553,MAP_SCADA,129,0.0037661570064355387
4,UPFC_Vse,5-15,0.059842294193274324,93,0.06069057235679877,MAP_SCADA,129,0.0008482781635244449
5,UPFC_tse,5-15,-2.147633419958297,93,-2.148825704264385,MAP_SCADA,129,0.0011922843060880872
0,x_tcsc,1-14,-0.13938863310282984,94,-0.1332490083638837,MAP_SCADA,129,0.006139624738946137
1,B_svc,2,0.2980292208579397,94,0.2703561630907361,MAP_SCADA,129,0.02767305776720358
2,UPFC_Vsh,5-15,1.1039325054724765,94,1.1069990654632953,MAP_SCADA,129,0.00306655999081884
3,UPFC_tsh,5-15,-0.2264616265220565,94,-0.23061415387708553,MAP_SCADA,129,0.004152527355029023
4,UPFC_Vse,5-15,0.06017734177236146,94,0.06069057235679877,MAP_SCADA,129,0.0005132305844373075
5,UPFC_tse,5-15,-2.153993553239469,94,-2.148825704264385,MAP_SCADA,129,0.005167848975084155
0,x_tcsc,1-14,-0.13950620660961183,95,-0.1332490083638837,MAP_SCADA,129,0.006257198245728124
1,B_svc,2,0.29251821175293685,95,0.2703561630907361,MAP_SCADA,129,0.02216204866220073
2,UPFC_Vsh,5-15,1.1043324817035252,95,1.1069990654632953,MAP_SCADA,129,0.002666583759770136
3,UPFC_tsh,5-15,-0.2259389986761963,95,-0.23061415387708553,MAP_SCADA,129,0.004675155200889236
4,UPFC_Vse,5-15,0.060131204192603406,95,0.06069057235679877,MAP_SCADA,129,0.0005593681641953632
5,UPFC_tse,5-15,-2.1486542652587537,95,-2.148825704264385,MAP_SCADA,129,0.0001714390056313242
0,x_tcsc,1-14,-0.1380067973475561,96,-0.1332490083638837,MAP_SCADA,129,0.004757788983672406
1,B_svc,2,0.3023121368267017,96,0.2703561630907361,MAP_SCADA,129,0.03195597373596559
2,UPFC_Vsh,5-15,1.1044147926848344,96,1.1069990654632953,MAP_SCADA,129,0.00258427277846085
3,UPFC_tsh,5-15,-0.22676224099022252,96,-0.23061415387708553,MAP_SCADA,129,0.0038519128868630126
4,UPFC_Vse,5-15,0.06029829200515852,96,0.06069057235679877,MAP_SCADA,129,0.0003922803516402465
5,UPFC_tse,5-15,-2.1530578859010805,96,-2.148825704264385,MAP_SCADA,129,0.004232181636695476
0,x_tcsc,1-14,-0.14075836433980002,97,-0.1332490083638837,MAP_SCADA,129,0.007509355975916315
1,B_svc,2,0.2900573964944106,97,0.2703561630907361,MAP_SCADA,129,0.019701233403674467
2,UPFC_Vsh,5-15,1.105770205928169,97,1.1069990654632953,MAP_SCADA,129,0.0012288595351261922
3,UPFC_tsh,5-15,-0.22466709487794193,97,-0.23061415387708553,MAP_SCADA,129,0.005947058999143606
4,UPFC_Vse,5-15,0.06021616597855937,97,0.06069057235679877,MAP_SCADA,129,0.00047440637823940174
5,UPFC_tse,5-15,-2.1442245668075404,97,-2.148825704264385,MAP_SCADA,129,0.004601137456844651
0,x_tcsc,1-14,-0.13872154666830117,98,-0.1332490083638837,MAP_SCADA,129,0.0054725383044174625
1,B_svc,2,0.2932544069980707,98,0.2703561630907361,MAP_SCADA,129,0.02289824390733458
2,UPFC_Vsh,5-15,1.1037015110597996,98,1.1069990654632953,MAP_SCADA,129,0.0032975544034956616
3,UPFC_tsh,5-15,-0.2263205983825664,98,-0.23061415387708553,MAP_SCADA,129,0.0042935554945191245
4,UPFC_Vse,5-15,0.06060918663511173,98,0.06069057235679877,MAP_SCADA,129,8.138572168703978e-05
5,UPFC_tse,5-15,-2.1459582127355232,98,-2.148825704264385,MAP_SCADA,129,0.0028674915288617875
0,x_tcsc,1-14,-0.13955388499023125,99,-0.1332490083638837,MAP_SCADA,129,0.006304876626347544
1,B_svc,2,0.29595704555838426,99,0.2703561630907361,MAP_SCADA,129,0.025600882467648134
2,UPFC_Vsh,5-15,1.1029095704837086,99,1.1069990654632953,MAP_SCADA,129,0.004089494979586661
3,UPFC_tsh,5-15,-0.22589227804724954,99,-0.23061415387708553,MAP_SCADA,129,0.004721875829835992
4,UPFC_Vse,5-15,0.060001423577760095,99,0.06069057235679877,MAP_SCADA,129,0.0006891487790386744
5,UPFC_tse,5-15,-2.152835962070224,99,-2.148825704264385,MAP_SCADA,129,0.004010257805838968
0,x_tcsc,1-14,-0.13900849846393998,0,-0.13460977774325864,MAP_SCADA,131,0.004398720720681343
1,B_svc,2,0.29650527170746127,0,0.2759202510778324,MAP_SCADA,131,0.02058502062962886
2,UPFC_Vsh,5-15,1.106444059367828,0,1.105896696978529,MAP_SCADA,131,0.0005473623892988666
3,UPFC_tsh,5-15,-0.2245452545715806,0,-0.22899421706154588,MAP_SCADA,131,0.004448962489965291
4,UPFC_Vse,5-15,0.06001100676389736,0,0.0614292436929136,MAP_SCADA,131,0.0014182369290162422
5,UPFC_tse,5-15,-2.145119974529498,0,-2.151988390805865,MAP_SCADA,131,0.006868416276366585
0,x_tcsc,1-14,-0.1396136637504605,1,-0.13460977774325864,MAP_SCADA,131,0.005003886007201863
1,B_svc,2,0.2995471824231543,1,0.2759202510778324,MAP_SCADA,131,0.0236269313453219
2,UPFC_Vsh,5-15,1.1028977000837634,1,1.105896696978529,MAP_SCADA,131,0.002998996894765682
3,UPFC_tsh,5-15,-0.2262309272513375,1,-0.22899421706154588,MAP_SCADA,131,0.0027632898102083747
4,UPFC_Vse,5-15,0.05984995870332151,1,0.0614292436929136,MAP_SCADA,131,0.001579284989592096
5,UPFC_tse,5-15,-2.1443611494327808,1,-2.151988390805865,MAP_SCADA,131,0.007627241373084015
0,x_tcsc,1-14,-0.13936421795883266,2,-0.13460977774325864,MAP_SCADA,131,0.0047544402155740295
1,B_svc,2,0.29683653973325336,2,0.2759202510778324,MAP_SCADA,131,0.020916288655420945
2,UPFC_Vsh,5-15,1.1033419492207521,2,1.105896696978529,MAP_SCADA,131,0.002554747757776976
3,UPFC_tsh,5-15,-0.22632827632391825,2,-0.22899421706154588,MAP_SCADA,131,0.002665940737627631
4,UPFC_Vse,5-15,0.06073139686472676,2,0.0614292436929136,MAP_SCADA,131,0.0006978468281868405
5,UPFC_tse,5-15,-2.149609244944893,2,-2.151988390805865,MAP_SCADA,131,0.0023791458609716543
0,x_tcsc,1-14,-0.13778624594440056,3,-0.13460977774325864,MAP_SCADA,131,0.0031764682011419243
1,B_svc,2,0.30021723183472937,3,0.2759202510778324,MAP_SCADA,131,0.024296980756896958
2,UPFC_Vsh,5-15,1.10401400666262,3,1.105896696978529,MAP_SCADA,131,0.0018826903159090413
3,UPFC_tsh,5-15,-0.22767381252310107,3,-0.22899421706154588,MAP_SCADA,131,0.0013204045384448138
4,UPFC_Vse,5-15,0.060583952678000985,3,0.0614292436929136,MAP_SCADA,131,0.0008452910149126178
5,UPFC_tse,5-15,-2.1492311117466207,3,-2.151988390805865,MAP_SCADA,131,0.0027572790592440555
0,x_tcsc,1-14,-0.13985462128825538,4,-0.13460977774325864,MAP_SCADA,131,0.005244843544996741
1,B_svc,2,0.296188187833812,4,0.2759202510778324,MAP_SCADA,131,0.0202679367559796
2,UPFC_Vsh,5-15,1.1026767779516253,4,1.105896696978529,MAP_SCADA,131,0.0032199190269037725
3,UPFC_tsh,5-15,-0.22641506895827404,4,-0.22899421706154588,MAP_SCADA,131,0.002579148103271839
4,UPFC_Vse,5-15,0.06010991456421456,4,0.0614292436929136,MAP_SCADA,131,0.0013193291286990455
5,UPFC_tse,5-15,-2.149924163840019,4,-2.151988390805865,MAP_SCADA,131,0.002064226965845961
0,x_tcsc,1-14,-0.13746500879930573,5,-0.13460977774325864,MAP_SCADA,131,0.0028552310560470973
1,B_svc,2,0.3034607542918911,5,0.2759202510778324,MAP_SCADA,131,0.02754050321405871
2,UPFC_Vsh,5-15,1.1006785286143699,5,1.105896696978529,MAP_SCADA,131,0.005218168364159226
3,UPFC_tsh,5-15,-0.2273157736710889,5,-0.22899421706154588,MAP_SCADA,131,0.001678443390456974
4,UPFC_Vse,5-15,0.06056989728741583,5,0.0614292436929136,MAP_SCADA,131,0.0008593464054977712
5,UPFC_tse,5-15,-2.1453666812389707,5,-2.151988390805865,MAP_SCADA,131,0.006621709566894118
0,x_tcsc,1-14,-0.13955901033275867,6,-0.13460977774325864,MAP_SCADA,131,0.00494923258950003
1,B_svc,2,0.29902140685599293,6,0.2759202510778324,MAP_SCADA,131,0.02310115577816052
2,UPFC_Vsh,5-15,1.1051095689335,6,1.105896696978529,MAP_SCADA,131,0.0007871280450291174
3,UPFC_tsh,5-15,-0.22587728813114563,6,-0.22899421706154588,MAP_SCADA,131,0.003116928930400248
4,UPFC_Vse,5-15,0.06015700877506486,6,0.0614292436929136,MAP_SCADA,131,0.0012722349178487455
5,UPFC_tse,5-15,-2.1523236559127263,6,-2.151988390805865,MAP_SCADA,131,0.00033526510686154865
0,x_tcsc,1-14,-0.13802243210717918,7,-0.13460977774325864,MAP_SCADA,131,0.0034126543639205476
1,B_svc,2,0.2995903326742413,7,0.2759202510778324,MAP_SCADA,131,0.023670081596408876
2,UPFC_Vsh,5-15,1.1043946694822493,7,1.105896696978529,MAP_SCADA,131,0.001502027496279812
3,UPFC_tsh,5-15,-0.22658864844167736,7,-0.22899421706154588,MAP_SCADA,131,0.0024055686198685144
4,UPFC_Vse,5-15,0.05985353630766828,7,0.0614292436929136,MAP_SCADA,131,0.0015757073852453243
5,UPFC_tse,5-15,-2.154106660539906,7,-2.151988390805865,MAP_SCADA,131,0.002118269734041167
0,x_tcsc,1-14,-0.13776651479993207,8,-0.13460977774325864,MAP_SCADA,131,0.0031567370566734365
1,B_svc,2,0.3034020605098786,8,0.2759202510778324,MAP_SCADA,131,0.0274818094320462
2,UPFC_Vsh,5-15,1.1038155449859017,8,1.105896696978529,MAP_SCADA,131,0.0020811519926273725
3,UPFC_tsh,5-15,-0.22729311200001734,8,-0.22899421706154588,MAP_SCADA,131,0.0017011050615285406
4,UPFC_Vse,5-15,0.06036461132298206,8,0.0614292436929136,MAP_SCADA,131,0.0010646323699315396
5,UPFC_tse,5-15,-2.1549856065944772,8,-2.151988390805865,MAP_SCADA,131,0.0029972157886124506
0,x_tcsc,1-14,-0.13859247186509066,9,-0.13460977774325864,MAP_SCADA,131,0.0039826941218320255
1,B_svc,2,0.29578539085512373,9,0.2759202510778324,MAP_SCADA,131,0.01986513977729132
2,UPFC_Vsh,5-15,1.104393061880654,9,1.105896696978529,MAP_SCADA,131,0.001503635097875211
3,UPFC_tsh,5-15,-0.2264243969300444,9,-0.22899421706154588,MAP_SCADA,131,0.002569820131501477
4,UPFC_Vse,5-15,0.060495454335872195,9,0.0614292436929136,MAP_SCADA,131,0.0009337893570414077
5,UPFC_tse,5-15,-2.1472225881378324,9,-2.151988390805865,MAP_SCADA,131,0.004765802668032393
0,x_tcsc,1-14,-0.14084676336732707,10,-0.13460977774325864,MAP_SCADA,131,0.006236985624068436
1,B_svc,2,0.2932031951219014,10,0.2759202510778324,MAP_SCADA,131,0.017282944044068993
2,UPFC_Vsh,5-15,1.1049799922854475,10,1.105896696978529,MAP_SCADA,131,0.0009167046930815825
3,UPFC_tsh,5-15,-0.22493217726351936,10,-0.22899421706154588,MAP_SCADA,131,0.004062039798026523
4,UPFC_Vse,5-15,0.060052763771416585,10,0.0614292436929136,MAP_SCADA,131,0.0013764799214970175
5,UPFC_tse,5-15,-2.148328019767737,10,-2.151988390805865,MAP_SCADA,131,0.0036603710381277743
0,x_tcsc,1-14,-0.13935090874779182,11,-0.13460977774325864,MAP_SCADA,131,0.004741131004533189
1,B_svc,2,0.3000827842332406,11,0.2759202510778324,MAP_SCADA,131,0.024162533155408172
2,UPFC_Vsh,5-15,1.104322749806619,11,1.105896696978529,MAP_SCADA,131,0.0015739471719100617
3,UPFC_tsh,5-15,-0.22644285374367815,11,-0.22899421706154588,MAP_SCADA,131,0.002551363317867733
4,UPFC_Vse,5-15,0.06061384937727731,11,0.0614292436929136,MAP_SCADA,131,0.0008153943156362919
5,UPFC_tse,5-15,-2.1500395355490904,11,-2.151988390805865,MAP_SCADA,131,0.0019488552567743511
0,x_tcsc,1-14,-0.13886661964430397,12,-0.13460977774325864,MAP_SCADA,131,0.004256841901045333
1,B_svc,2,0.30316520299571653,12,0.2759202510778324,MAP_SCADA,131,0.02724495191788412
2,UPFC_Vsh,5-15,1.1014851436299993,12,1.105896696978529,MAP_SCADA,131,0.004411553348529829
3,UPFC_tsh,5-15,-0.2265947577998115,12,-0.22899421706154588,MAP_SCADA,131,0.002399459261734377
4,UPFC_Vse,5-15,0.05951054582410368,12,0.0614292436929136,MAP_SCADA,131,0.0019186978688099238
5,UPFC_tse,5-15,-2.1481486842702813,12,-2.151988390805865,MAP_SCADA,131,0.0038397065355835203
0,x_tcsc,1-14,-0.13751298016279592,13,-0.13460977774325864,MAP_SCADA,131,0.0029032024195372874
1,B_svc,2,0.30138813066979114,13,0.2759202510778324,MAP_SCADA,131,0.02546787959195873
2,UPFC_Vsh,5-15,1.1048805629058702,13,1.105896696978529,MAP_SCADA,131,0.0010161340726588808
3,UPFC_tsh,5-15,-0.22692624201313333,13,-0.22899421706154588,MAP_SCADA,131,0.0020679750484125514
4,UPFC_Vse,5-15,0.05976662311998865,13,0.0614292436929136,MAP_SCADA,131,0.001662620572924954
5,UPFC_tse,5-15,-2.1511226488263433,13,-2.151988390805865,MAP_SCADA,131,0.0008657419795214949
0,x_tcsc,1-14,-0.1387119073551927,14,-0.13460977774325864,MAP_SCADA,131,0.004102129611934069
1,B_svc,2,0.2991060203265386,14,0.2759202510778324,MAP_SCADA,131,0.02318576924870619
2,UPFC_Vsh,5-15,1.1043098255803496,14,1.105896696978529,MAP_SCADA,131,0.001586871398179479
3,UPFC_tsh,5-15,-0.22659362725435733,14,-0.22899421706154588,MAP_SCADA,131,0.0024005898071885468
4,UPFC_Vse,5-15,0.05993925440151864,14,0.0614292436929136,MAP_SCADA,131,0.0014899892913949608
5,UPFC_tse,5-15,-2.147403003091212,14,-2.151988390805865,MAP_SCADA,131,0.004585387714652889
0,x_tcsc,1-14,-0.1401347877250689,15,-0.13460977774325864,MAP_SCADA,131,0.005525009981810269
1,B_svc,2,0.29719327447259053,15,0.2759202510778324,MAP_SCADA,131,0.021273023394758117
2,UPFC_Vsh,5-15,1.10514278782043,15,1.105896696978529,MAP_SCADA,131,0.0007539091580990309
3,UPFC_tsh,5-15,-0.22475059684335258,15,-0.22899421706154588,MAP_SCADA,131,0.0042436202181933
4,UPFC_Vse,5-15,0.05974653222629669,15,0.0614292436929136,MAP_SCADA,131,0.0016827114666169152
5,UPFC_tse,5-15,-2.1454506699074596,15,-2.151988390805865,MAP_SCADA,131,0.006537720898405208
0,x_tcsc,1-14,-0.13657497542089506,16,-0.13460977774325864,MAP_SCADA,131,0.001965197677636421
1,B_svc,2,0.3050354964593784,16,0.2759202510778324,MAP_SCADA,131,0.029115245381545973
2,UPFC_Vsh,5-15,1.1042529235454521,16,1.105896696978529,MAP_SCADA,131,0.0016437734330769782
3,UPFC_tsh,5-15,-0.2272530051578728,16,-0.22899421706154588,MAP_SCADA,131,0.0017412119036730733
4,UPFC_Vse,5-15,0.05994727137748766,16,0.0614292436929136,MAP_SCADA,131,0.0014819723154259404
5,UPFC_tse,5-15,-2.1525110522626387,16,-2.151988390805865,MAP_SCADA,131,0.0005226614567739318
0,x_tcsc,1-14,-0.14031858933454772,17,-0.13460977774325864,MAP_SCADA,131,0.005708811591289081
1,B_svc,2,0.29837338229458993,17,0.2759202510778324,MAP_SCADA,131,0.022453131216757516
2,UPFC_Vsh,5-15,1.1048099590733964,17,1.105896696978529,MAP_SCADA,131,0.0010867379051326953
3,UPFC_tsh,5-15,-0.2258268842497113,17,-0.22899421706154588,MAP_SCADA,131,0.0031673328118345667
4,UPFC_Vse,5-15,0.060018761302233874,17,0.0614292436929136,MAP_SCADA,131,0.0014104823906797292
5,UPFC_tse,5-15,-2.1445126629522857,17,-2.151988390805865,MAP_SCADA,131,0.007475727853579084
0,x_tcsc,1-14,-0.13862398376095758,18,-0.13460977774325864,MAP_SCADA,131,0.004014206017698946
1,B_svc,2,0.30051063411948875,18,0.2759202510778324,MAP_SCADA,131,0.02459038304165634
2,UPFC_Vsh,5-15,1.1036263093848822,18,1.105896696978529,MAP_SCADA,131,0.0022703875936469498
3,UPFC_tsh,5-15,-0.22631897737870346,18,-0.22899421706154588,MAP_SCADA,131,0.0026752396828424174
4,UPFC_Vse,5-15,0.06059917772140851,18,0.0614292436929136,MAP_SCADA,131,0.0008300659715050895
5,UPFC_tse,5-15,-2.1481598405459894,18,-2.151988390805865,MAP_SCADA,131,0.003828550259875385
0,x_tcsc,1-14,-0.13997150805289785,19,-0.13460977774325864,MAP_SCADA,131,0.005361730309639212
1,B_svc,2,0.2975385393396756,19,0.2759202510778324,MAP_SCADA,131,0.0216182882618432
2,UPFC_Vsh,5-15,1.102397254952331,19,1.105896696978529,MAP_SCADA,131,0.0034994420261980075
3,UPFC_tsh,5-15,-0.22583042910126308,19,-0.22899421706154588,MAP_SCADA,131,0.003163787960282799
4,UPFC_Vse,5-15,0.06029962107356366,19,0.0614292436929136,MAP_SCADA,131,0.0011296226193499431
5,UPFC_tse,5-15,-2.1511675257445853,19,-2.151988390805865,MAP_SCADA,131,0.000820865061279541
0,x_tcsc,1-14,-0.13996105232389777,20,-0.13460977774325864,MAP_SCADA,131,0.005351274580639137
1,B_svc,2,0.2921272452893663,20,0.2759202510778324,MAP_SCADA,131,0.016206994211533876
2,UPFC_Vsh,5-15,1.1059558536829384,20,1.105896696978529,MAP_SCADA,131,5.91567044092578e-05
3,UPFC_tsh,5-15,-0.22446458794532617,20,-0.22899421706154588,MAP_SCADA,131,0.004529629116219708
4,UPFC_Vse,5-15,0.05986600732266241,20,0.0614292436929136,MAP_SCADA,131,0.0015632363702511934
5,UPFC_tse,5-15,-2.1451598095664512,20,-2.151988390805865,MAP_SCADA,131,0.006828581239413545
0,x_tcsc,1-14,-0.13822667342328782,21,-0.13460977774325864,MAP_SCADA,131,0.0036168956800291807
1,B_svc,2,0.2972723864116842,21,0.2759202510778324,MAP_SCADA,131,0.021352135333851774
2,UPFC_Vsh,5-15,1.1041169664709394,21,1.105896696978529,MAP_SCADA,131,0.0017797305075897274
3,UPFC_tsh,5-15,-0.22696494078320859,21,-0.22899421706154588,MAP_SCADA,131,0.002029276278337294
4,UPFC_Vse,5-15,0.06022746905635116,21,0.0614292436929136,MAP_SCADA,131,0.0012017746365624443
5,UPFC_tse,5-15,-2.152488046930867,21,-2.151988390805865,MAP_SCADA,131,0.0004996561250023568
0,x_tcsc,1-14,-0.1385780621689011,22,-0.13460977774325864,MAP_SCADA,131,0.003968284425642454
1,B_svc,2,0.295866779953715,22,0.2759202510778324,MAP_SCADA,131,0.019946528875882608
2,UPFC_Vsh,5-15,1.1060783732776556,22,1.105896696978529,MAP_SCADA,131,0.00018167629912646532
3,UPFC_tsh,5-15,-0.22534572355539284,22,-0.22899421706154588,MAP_SCADA,131,0.003648493506153039
4,UPFC_Vse,5-15,0.059450675865346955,22,0.0614292436929136,MAP_SCADA,131,0.0019785678275666477
5,UPFC_tse,5-15,-2.1468013562424364,22,-2.151988390805865,MAP_SCADA,131,0.005187034563428394
0,x_tcsc,1-14,-0.1402901868998003,23,-0.13460977774325864,MAP_SCADA,131,0.005680409156541666
1,B_svc,2,0.28873643190744297,23,0.2759202510778324,MAP_SCADA,131,0.012816180829610557
2,UPFC_Vsh,5-15,1.104882461923429,23,1.105896696978529,MAP_SCADA,131,0.0010142350551001211
3,UPFC_tsh,5-15,-0.2252051158164447,23,-0.22899421706154588,MAP_SCADA,131,0.0037891012451011785
4,UPFC_Vse,5-15,0.0602245918602625,23,0.0614292436929136,MAP_SCADA,131,0.0012046518326511019
5,UPFC_tse,5-15,-2.143819747526403,23,-2.151988390805865,MAP_SCADA,131,0.008168643279461651
0,x_tcsc,1-14,-0.1392743045440156,24,-0.13460977774325864,MAP_SCADA,131,0.004664526800756963
1,B_svc,2,0.29738585302713844,24,0.2759202510778324,MAP_SCADA,131,0.021465601949306023
2,UPFC_Vsh,5-15,1.1045794019361654,24,1.105896696978529,MAP_SCADA,131,0.0013172950423636642
3,UPFC_tsh,5-15,-0.22649652881257448,24,-0.22899421706154588,MAP_SCADA,131,0.002497688248971397
4,UPFC_Vse,5-15,0.060071837795885465,24,0.0614292436929136,MAP_SCADA,131,0.0013574058970281383
5,UPFC_tse,5-15,-2.1422016412545237,24,-2.151988390805865,MAP_SCADA,131,0.009786749551341067
0,x_tcsc,1-14,-0.1377908231437233,25,-0.13460977774325864,MAP_SCADA,131,0.003181045400464655
1,B_svc,2,0.3061252413607257,25,0.2759202510778324,MAP_SCADA,131,0.030204990282893307
2,UPFC_Vsh,5-15,1.1034073057683083,25,1.105896696978529,MAP_SCADA,131,0.002489391210220848
3,UPFC_tsh,5-15,-0.22768260667530446,25,-0.22899421706154588,MAP_SCADA,131,0.0013116103862414186
4,UPFC_Vse,5-15,0.06020619773713513,25,0.0614292436929136,MAP_SCADA,131,0.0012230459557784762
5,UPFC_tse,5-15,-2.150180709765505,25,-2.151988390805865,MAP_SCADA,131,0.0018076810403599985
0,x_tcsc,1-14,-0.1385486551204919,26,-0.13460977774325864,MAP_SCADA,131,0.003938877377233252
1,B_svc,2,0.300807778883365,26,0.2759202510778324,MAP_SCADA,131,0.024887527805532605
2,UPFC_Vsh,5-15,1.1039094048672455,26,1.105896696978529,MAP_SCADA,131,0.0019872921112835673
3,UPFC_tsh,5-15,-0.2259080636694409,26,-0.22899421706154588,MAP_SCADA,131,0.0030861533921049678
4,UPFC_Vse,5-15,0.0608357430479533,26,0.0614292436929136,MAP_SCADA,131,0.0005935006449603042
5,UPFC_tse,5-15,-2.1503445282371287,26,-2.151988390805865,MAP_SCADA,131,0.0016438625687360542
0,x_tcsc,1-14,-0.13881034278722607,27,-0.13460977774325864,MAP_SCADA,131,0.00420056504396743
1,B_svc,2,0.2914728599813028,27,0.2759202510778324,MAP_SCADA,131,0.015552608903470377
2,UPFC_Vsh,5-15,1.104849217491168,27,1.105896696978529,MAP_SCADA,131,0.0010474794873611692
3,UPFC_tsh,5-15,-0.225308752946577,27,-0.22899421706154588,MAP_SCADA,131,0.003685464114968867
4,UPFC_Vse,5-15,0.06004084817340249,27,0.0614292436929136,MAP_SCADA,131,0.0013883955195111153
5,UPFC_tse,5-15,-2.148496938186742,27,-2.151988390805865,MAP_SCADA,131,0.003491452619122981
0,x_tcsc,1-14,-0.13913273389529263,28,-0.13460977774325864,MAP_SCADA,131,0.004522956152033991
1,B_svc,2,0.296591253501489,28,0.2759202510778324,MAP_SCADA,131,0.020671002423656604
2,UPFC_Vsh,5-15,1.106067300145302,28,1.105896696978529,MAP_SCADA,131,0.0001706031667729757
3,UPFC_tsh,5-15,-0.2247781884335331,28,-0.22899421706154588,MAP_SCADA,131,0.004216028628012791
4,UPFC_Vse,5-15,0.060115046821960276,28,0.0614292436929136,MAP_SCADA,131,0.001314196870953327
5,UPFC_tse,5-15,-2.143399854831133,28,-2.151988390805865,MAP_SCADA,131,0.008588535974731748
0,x_tcsc,1-14,-0.13888452296679737,29,-0.13460977774325864,MAP_SCADA,131,0.0042747452235387395
1,B_svc,2,0.2992698066686642,29,0.2759202510778324,MAP_SCADA,131,0.023349555590831794
2,UPFC_Vsh,5-15,1.10514048130782,29,1.105896696978529,MAP_SCADA,131,0.0007562156707090484
3,UPFC_tsh,5-15,-0.22565557417003165,29,-0.22899421706154588,MAP_SCADA,131,0.0033386428915142263
4,UPFC_Vse,5-15,0.05959903426723671,29,0.0614292436929136,MAP_SCADA,131,0.0018302094256768958
5,UPFC_tse,5-15,-2.1487909286896563,29,-2.151988390805865,MAP_SCADA,131,0.003197462116208527
0,x_tcsc,1-14,-0.13966994289115525,30,-0.13460977774325864,MAP_SCADA,131,0.005060165147896617
1,B_svc,2,0.29765113418232697,30,0.2759202510778324,MAP_SCADA,131,0.02173088310449456
2,UPFC_Vsh,5-15,1.1025388252883417,30,1.105896696978529,MAP_SCADA,131,0.0033578716901874195
3,UPFC_tsh,5-15,-0.22632311264655752,30,-0.22899421706154588,MAP_SCADA,131,0.0026711044149883567
4,UPFC_Vse,5-15,0.060273030760081885,30,0.0614292436929136,MAP_SCADA,131,0.0011562129328317183
5,UPFC_tse,5-15,-2.1470760271765768,30,-2.151988390805865,MAP_SCADA,131,0.004912363629288041
0,x_tcsc,1-14,-0.1396459351331978,31,-0.13460977774325864,MAP_SCADA,131,0.005036157389939178
1,B_svc,2,0.29859178983973,31,0.2759202510778324,MAP_SCADA,131,0.02267153876189759
2,UPFC_Vsh,5-15,1.103772856341603,31,1.105896696978529,MAP_SCADA,131,0.0021238406369261664
3,UPFC_tsh,5-15,-0.22586435764479773,31,-0.22899421706154588,MAP_SCADA,131,0.0031298594167481486
4,UPFC_Vse,5-15,0.060196723858506794,31,0.0614292436929136,MAP_SCADA,131,0.001232519834406809
5,UPFC_tse,5-15,-2.149224612485506,31,-2.151988390805865,MAP_SCADA,131,0.0027637783203586785
0,x_tcsc,1-14,-0.13746908066422436,32,-0.13460977774325864,MAP_SCADA,131,0.0028593029209657284
1,B_svc,2,0.3038280239187001,32,0.2759202510778324,MAP_SCADA,131,0.027907772840867706
2,UPFC_Vsh,5-15,1.103889255951134,32,1.105896696978529,MAP_SCADA,131,0.0020074410273951404
3,UPFC_tsh,5-15,-0.22775698399944186,32,-0.22899421706154588,MAP_SCADA,131,0.0012372330621040206
4,UPFC_Vse,5-15,0.06038293076645081,32,0.0614292436929136,MAP_SCADA,131,0.001046312926462796
5,UPFC_tse,5-15,-2.1500529755168016,32,-2.151988390805865,MAP_SCADA,131,0.0019354152890631582
0,x_tcsc,1-14,-0.1407724381384244,33,-0.13460977774325864,MAP_SCADA,131,0.0061626603951657755
1,B_svc,2,0.29109702121632824,33,0.2759202510778324,MAP_SCADA,131,0.015176770138495832
2,UPFC_Vsh,5-15,1.1061593864183283,33,1.105896696978529,MAP_SCADA,131,0.0002626894397992352
3,UPFC_tsh,5-15,-0.22444767867505602,33,-0.22899421706154588,MAP_SCADA,131,0.004546538386489857
4,UPFC_Vse,5-15,0.05977371883798552,33,0.0614292436929136,MAP_SCADA,131,0.0016555248549280852
5,UPFC_tse,5-15,-2.14828422550704,33,-2.151988390805865,MAP_SCADA,131,0.0037041652988247797
0,x_tcsc,1-14,-0.1396247852341707,34,-0.13460977774325864,MAP_SCADA,131,0.005015007490912077
1,B_svc,2,0.29625064662459444,34,0.2759202510778324,MAP_SCADA,131,0.020330395546762026
2,UPFC_Vsh,5-15,1.104409373734565,34,1.105896696978529,MAP_SCADA,131,0.001487323243964056
3,UPFC_tsh,5-15,-0.2260998187080884,34,-0.22899421706154588,MAP_SCADA,131,0.002894398353457478
4,UPFC_Vse,5-15,0.060423493335265026,34,0.0614292436929136,MAP_SCADA,131,0.0010057503576485771
5,UPFC_tse,5-15,-2.148531035273312,34,-2.151988390805865,MAP_SCADA,131,0.003457355532552775
0,x_tcsc,1-14,-0.13747071296096938,35,-0.13460977774325864,MAP_SCADA,131,0.002860935217710747
1,B_svc,2,0.2970031945926777,35,0.2759202510778324,MAP_SCADA,131,0.021082943514845298
2,UPFC_Vsh,5-15,1.1043141540277561,35,1.105896696978529,MAP_SCADA,131,0.0015825429507729805
3,UPFC_tsh,5-15,-0.22689694102156815,35,-0.22899421706154588,MAP_SCADA,131,0.0020972760399777246
4,UPFC_Vse,5-15,0.06012317071876644,35,0.0614292436929136,MAP_SCADA,131,0.0013060729741471641
5,UPFC_tse,5-15,-2.149481545118172,35,-2.151988390805865,MAP_SCADA,131,0.0025068456876926604
0,x_tcsc,1-14,-0.14022767642520453,36,-0.13460977774325864,MAP_SCADA,131,0.005617898681945899
1,B_svc,2,0.2945503832650932,36,0.2759202510778324,MAP_SCADA,131,0.018630132187260784
2,UPFC_Vsh,5-15,1.1042972523376584,36,1.105896696978529,MAP_SCADA,131,0.0015994446408706953
3,UPFC_tsh,5-15,-0.22502397668760352,36,-0.22899421706154588,MAP_SCADA,131,0.003970240373942363
4,UPFC_Vse,5-15,0.05990084617611401,36,0.0614292436929136,MAP_SCADA,131,0.00152839751679959
5,UPFC_tse,5-15,-2.145775581524078,36,-2.151988390805865,MAP_SCADA,131,0.00621280928178658
0,x_tcsc,1-14,-0.13930864788106107,37,-0.13460977774325864,MAP_SCADA,131,0.00469887013780243
1,B_svc,2,0.2985366169832528,37,0.2759202510778324,MAP_SCADA,131,0.022616365905420377
2,UPFC_Vsh,5-15,1.1055109564919188,37,1.105896696978529,MAP_SCADA,131,0.0003857404866103309
3,UPFC_tsh,5-15,-0.22576395725073525,37,-0.22899421706154588,MAP_SCADA,131,0.003230259810810626
4,UPFC_Vse,5-15,0.05957450635499889,37,0.0614292436929136,MAP_SCADA,131,0.0018547373379147122
5,UPFC_tse,5-15,-2.1485789670072792,37,-2.151988390805865,MAP_SCADA,131,0.0034094237985855536
0,x_tcsc,1-14,-0.13876399333863584,38,-0.13460977774325864,MAP_SCADA,131,0.004154215595377209
1,B_svc,2,0.29775285732011453,38,0.2759202510778324,MAP_SCADA,131,0.021832606242282115
2,UPFC_Vsh,5-15,1.104689520361175,38,1.105896696978529,MAP_SCADA,131,0.0012071766173540333
3,UPFC_tsh,5-15,-0.22595945019195673,38,-0.22899421706154588,MAP_SCADA,131,0.003034766869589145
4,UPFC_Vse,5-15,0.060351667486153455,38,0.0614292436929136,MAP_SCADA,131,0.0010775762067601474
5,UPFC_tse,5-15,-2.1462755904313355,38,-2.151988390805865,MAP_SCADA,131,0.005712800374529259
0,x_tcsc,1-14,-0.13888872058816598,39,-0.13460977774325864,MAP_SCADA,131,0.004278942844907346
1,B_svc,2,0.30026952731217943,39,0.2759202510778324,MAP_SCADA,131,0.024349276234347017
2,UPFC_Vsh,5-15,1.1035081667959006,39,1.105896696978529,MAP_SCADA,131,0.0023885301826285232
3,UPFC_tsh,5-15,-0.22685329721329714,39,-0.22899421706154588,MAP_SCADA,131,0.00214091984824874
4,UPFC_Vse,5-15,0.060193805382303366,39,0.0614292436929136,MAP_SCADA,131,0.0012354383106102373
5,UPFC_tse,5-15,-2.1480449289464985,39,-2.151988390805865,MAP_SCADA,131,0.003943461859366337
0,x_tcsc,1-14,-0.1380881425081221,40,-0.13460977774325864,MAP_SCADA,131,0.003478364764863462
1,B_svc,2,0.305150873703634,40,0.2759202510778324,MAP_SCADA,131,0.02923062262580156
2,UPFC_Vsh,5-15,1.1010648603053346,40,1.105896696978529,MAP_SCADA,131,0.004831836673194534
3,UPFC_tsh,5-15,-0.2285433630113417,40,-0.22899421706154588,MAP_SCADA,131,0.0004508540502041747
4,UPFC_Vse,5-15,0.06086204016250076,40,0.0614292436929136,MAP_SCADA,131,0.0005672035304128409
5,UPFC_tse,5-15,-2.148631665556464,40,-2.151988390805865,MAP_SCADA,131,0.0033567252494006716
0,x_tcsc,1-14,-0.1387186169873437,41,-0.13460977774325864,MAP_SCADA,131,0.004108839244085061
1,B_svc,2,0.29322018540771627,41,0.2759202510778324,MAP_SCADA,131,0.01729993432988386
2,UPFC_Vsh,5-15,1.1038591215574631,41,1.105896696978529,MAP_SCADA,131,0.0020375754210659736
3,UPFC_tsh,5-15,-0.22602840755094478,41,-0.22899421706154588,MAP_SCADA,131,0.002965809510601103
4,UPFC_Vse,5-15,0.060643180625298665,41,0.0614292436929136,MAP_SCADA,131,0.000786063067614938
5,UPFC_tse,5-15,-2.1511423510924637,41,-2.151988390805865,MAP_SCADA,131,0.0008460397134011366
0,x_tcsc,1-14,-0.1399054585652153,42,-0.13460977774325864,MAP_SCADA,131,0.0052956808219566665
1,B_svc,2,0.29691859176243846,42,0.2759202510778324,MAP_SCADA,131,0.020998340684606043
2,UPFC_Vsh,5-15,1.1044028256050389,42,1.105896696978529,MAP_SCADA,131,0.0014938713734902187
3,UPFC_tsh,5-15,-0.2256305853352938,42,-0.22899421706154588,MAP_SCADA,131,0.003363631726252092
4,UPFC_Vse,5-15,0.060075035419874336,42,0.0614292436929136,MAP_SCADA,131,0.0013542082730392674
5,UPFC_tse,5-15,-2.144996823734121,42,-2.151988390805865,MAP_SCADA,131,0.006991567071743976
0,x_tcsc,1-14,-0.13845023221293154,43,-0.13460977774325864,MAP_SCADA,131,0.003840454469672905
1,B_svc,2,0.2982945498498663,43,0.2759202510778324,MAP_SCADA,131,0.022374298772033896
2,UPFC_Vsh,5-15,1.1058482160010459,43,1.105896696978529,MAP_SCADA,131,4.848097748322289e-05
3,UPFC_tsh,5-15,-0.2259417019098907,43,-0.22899421706154588,MAP_SCADA,131,0.0030525151516551663
4,UPFC_Vse,5-15,0.0596267769348247,43,0.0614292436929136,MAP_SCADA,131,0.0018024667580888998
5,UPFC_tse,5-15,-2.1476228475067285,43,-2.151988390805865,MAP_SCADA,131,0.004365543299136299
0,x_tcsc,1-14,-0.139811517951264,44,-0.13460977774325864,MAP_SCADA,131,0.005201740208005373
1,B_svc,2,0.29671087376323174,44,0.2759202510778324,MAP_SCADA,131,0.02079062268539933
2,UPFC_Vsh,5-15,1.1028977831949425,44,1.105896696978529,MAP_SCADA,131,0.002998913783586632
3,UPFC_tsh,5-15,-0.22646896973694672,44,-0.22899421706154588,MAP_SCADA,131,0.0025252473245991613
4,UPFC_Vse,5-15,0.06049594237847763,44,0.0614292436929136,MAP_SCADA,131,0.0009333013144359747
5,UPFC_tse,5-15,-2.1480555669771535,44,-2.151988390805865,MAP_SCADA,131,0.003932823828711296
0,x_tcsc,1-14,-0.14052857428117096,45,-0.13460977774325864,MAP_SCADA,131,0.00591879653791233
1,B_svc,2,0.29656433459849,45,0.2759202510778324,MAP_SCADA,131,0.020644083520657608
2,UPFC_Vsh,5-15,1.105353337485876,45,1.105896696978529,MAP_SCADA,131,0.0005433594926531615
3,UPFC_tsh,5-15,-0.2250383220991583,45,-0.22899421706154588,MAP_SCADA,131,0.003955894962387574
4,UPFC_Vse,5-15,0.05983092960988044,45,0.0614292436929136,MAP_SCADA,131,0.0015983140830331602
5,UPFC_tse,5-15,-2.1495930852050207,45,-2.151988390805865,MAP_SCADA,131,0.002395305600844111
0,x_tcsc,1-14,-0.13895079535319532,46,-0.13460977774325864,MAP_SCADA,131,0.004341017609936687
1,B_svc,2,0.2964461038118466,46,0.2759202510778324,MAP_SCADA,131,0.020525852734014194
2,UPFC_Vsh,5-15,1.1048489870248948,46,1.105896696978529,MAP_SCADA,131,0.001047709953634346
3,UPFC_tsh,5-15,-0.22489720469760976,46,-0.22899421706154588,MAP_SCADA,131,0.0040970123639361145
4,UPFC_Vse,5-15,0.06055886878461661,46,0.0614292436929136,MAP_SCADA,131,0.0008703749082969933
5,UPFC_tse,5-15,-2.143860217935244,46,-2.151988390805865,MAP_SCADA,131,0.00812817287062062
0,x_tcsc,1-14,-0.13913388965149576,47,-0.13460977774325864,MAP_SCADA,131,0.004524111908237122
1,B_svc,2,0.2984715848952935,47,0.2759202510778324,MAP_SCADA,131,0.022551333817461106
2,UPFC_Vsh,5-15,1.103504153241162,47,1.105896696978529,MAP_SCADA,131,0.002392543737367081
3,UPFC_tsh,5-15,-0.22569345557829593,47,-0.22899421706154588,MAP_SCADA,131,0.0033007614832499532
4,UPFC_Vse,5-15,0.0599048945666807,47,0.0614292436929136,MAP_SCADA,131,0.0015243491262329004
5,UPFC_tse,5-15,-2.147264956699322,47,-2.151988390805865,MAP_SCADA,131,0.0047234341065429675
0,x_tcsc,1-14,-0.1388308665670919,48,-0.13460977774325864,MAP_SCADA,131,0.004221088823833263
1,B_svc,2,0.2980432939421639,48,0.2759202510778324,MAP_SCADA,131,0.022123042864331477
2,UPFC_Vsh,5-15,1.1046129074545643,48,1.105896696978529,MAP_SCADA,131,0.0012837895239647956
3,UPFC_tsh,5-15,-0.22600620862937293,48,-0.22899421706154588,MAP_SCADA,131,0.0029880084321729505
4,UPFC_Vse,5-15,0.059986161692255846,48,0.0614292436929136,MAP_SCADA,131,0.0014430820006577569
5,UPFC_tse,5-15,-2.1500646836679387,48,-2.151988390805865,MAP_SCADA,131,0.0019237071379261117
0,x_tcsc,1-14,-0.13678999882709117,49,-0.13460977774325864,MAP_SCADA,131,0.002180221083832534
1,B_svc,2,0.3048122495750491,49,0.2759202510778324,MAP_SCADA,131,0.028891998497216687
2,UPFC_Vsh,5-15,1.1028142767271474,49,1.105896696978529,MAP_SCADA,131,0.0030824202513817234
3,UPFC_tsh,5-15,-0.22789640504364608,49,-0.22899421706154588,MAP_SCADA,131,0.0010978120178997963
4,UPFC_Vse,5-15,0.06019102860432917,49,0.0614292436929136,MAP_SCADA,131,0.0012382150885844323
5,UPFC_tse,5-15,-2.1502166423072926,49,-2.151988390805865,MAP_SCADA,131,0.001771748498572201
0,x_tcsc,1-14,-0.13844327078259241,50,-0.13460977774325864,MAP_SCADA,131,0.0038334930393337796
1,B_svc,2,0.296185019327285,50,0.2759202510778324,MAP_SCADA,131,0.020264768249452614
2,UPFC_Vsh,5-15,1.103699644975238,50,1.105896696978529,MAP_SCADA,131,0.0021970520032910112
3,UPFC_tsh,5-15,-0.22623525675338108,50,-0.22899421706154588,MAP_SCADA,131,0.002758960308164804
4,UPFC_Vse,5-15,0.060455226854863514,50,0.0614292436929136,MAP_SCADA,131,0.0009740168380500888
5,UPFC_tse,5-15,-2.147736097903853,50,-2.151988390805865,MAP_SCADA,131,0.004252292902011678
0,x_tcsc,1-14,-0.13932493877968363,51,-0.13460977774325864,MAP_SCADA,131,0.004715161036424997
1,B_svc,2,0.29545982958944195,51,0.2759202510778324,MAP_SCADA,131,0.019539578511609534
2,UPFC_Vsh,5-15,1.1041996971003738,51,1.105896696978529,MAP_SCADA,131,0.001696999878155303
3,UPFC_tsh,5-15,-0.2259362461468297,51,-0.22899421706154588,MAP_SCADA,131,0.003057970914716185
4,UPFC_Vse,5-15,0.060608605431686384,51,0.0614292436929136,MAP_SCADA,131,0.000820638261227219
5,UPFC_tse,5-15,-2.147654032566646,51,-2.151988390805865,MAP_SCADA,131,0.004334358239218794
0,x_tcsc,1-14,-0.13877429196352978,52,-0.13460977774325864,MAP_SCADA,131,0.004164514220271143
1,B_svc,2,0.2955519365557847,52,0.2759202510778324,MAP_SCADA,131,0.0196316854779523
2,UPFC_Vsh,5-15,1.103401285053523,52,1.105896696978529,MAP_SCADA,131,0.002495411925006019
3,UPFC_tsh,5-15,-0.2256970092293021,52,-0.22899421706154588,MAP_SCADA,131,0.0032972078322437703
4,UPFC_Vse,5-15,0.060037529394786515,52,0.0614292436929136,MAP_SCADA,131,0.0013917142981270877
5,UPFC_tse,5-15,-2.1502566117296222,52,-2.151988390805865,MAP_SCADA,131,0.0017317790762425567
0,x_tcsc,1-14,-0.13719206890746846,53,-0.13460977774325864,MAP_SCADA,131,0.0025822911642098267
1,B_svc,2,0.2997239554174644,53,0.2759202510778324,MAP_SCADA,131,0.02380370433963197
2,UPFC_Vsh,5-15,1.1040769980954428,53,1.105896696978529,MAP_SCADA,131,0.001819698883086307
3,UPFC_tsh,5-15,-0.22720083749051107,53,-0.22899421706154588,MAP_SCADA,131,0.0017933795710348144
4,UPFC_Vse,5-15,0.06010456096434186,53,0.0614292436929136,MAP_SCADA,131,0.0013246827285717452
5,UPFC_tse,5-15,-2.1545612967427794,53,-2.151988390805865,MAP_SCADA,131,0.0025729059369146157
0,x_tcsc,1-14,-0.13798824104664212,54,-0.13460977774325864,MAP_SCADA,131,0.0033784633033834832
1,B_svc,2,0.30227977719608706,54,0.2759202510778324,MAP_SCADA,131,0.02635952611825465
2,UPFC_Vsh,5-15,1.103186529193495,54,1.105896696978529,MAP_SCADA,131,0.002710167785034079
3,UPFC_tsh,5-15,-0.22683808163686253,54,-0.22899421706154588,MAP_SCADA,131,0.0021561354246833475
4,UPFC_Vse,5-15,0.06059927539276227,54,0.0614292436929136,MAP_SCADA,131,0.0008299683001513347
5,UPFC_tse,5-15,-2.1470201328700975,54,-2.151988390805865,MAP_SCADA,131,0.004968257935767273
0,x_tcsc,1-14,-0.13861819969654465,55,-0.13460977774325864,MAP_SCADA,131,0.004008421953286018
1,B_svc,2,0.2982281439530429,55,0.2759202510778324,MAP_SCADA,131,0.02230789287521051
2,UPFC_Vsh,5-15,1.1062975037791578,55,1.105896696978529,MAP_SCADA,131,0.00040080680062870577
3,UPFC_tsh,5-15,-0.2256201950046325,55,-0.22899421706154588,MAP_SCADA,131,0.003374022056913367
4,UPFC_Vse,5-15,0.06010544691893832,55,0.0614292436929136,MAP_SCADA,131,0.0013237967739752818
5,UPFC_tse,5-15,-2.1486231597502226,55,-2.151988390805865,MAP_SCADA,131,0.003365231055642237
0,x_tcsc,1-14,-0.13821983146765665,56,-0.13460977774325864,MAP_SCADA,131,0.0036100537243980158
1,B_svc,2,0.3011376864684205,56,0.2759202510778324,MAP_SCADA,131,0.025217435390588072
2,UPFC_Vsh,5-15,1.104502511352792,56,1.105896696978529,MAP_SCADA,131,0.001394185625737121
3,UPFC_tsh,5-15,-0.22690992863944798,56,-0.22899421706154588,MAP_SCADA,131,0.002084288422097902
4,UPFC_Vse,5-15,0.06015288344386399,56,0.0614292436929136,MAP_SCADA,131,0.0012763602490496115
5,UPFC_tse,5-15,-2.145879885001655,56,-2.151988390805865,MAP_SCADA,131,0.006108505804209852
0,x_tcsc,1-14,-0.13767132395109832,57,-0.13460977774325864,MAP_SCADA,131,0.0030615462078396882
1,B_svc,2,0.29706997285255465,57,0.2759202510778324,MAP_SCADA,131,0.02114972177472224
2,UPFC_Vsh,5-15,1.1075096933847748,57,1.105896696978529,MAP_SCADA,131,0.0016129964062456814
3,UPFC_tsh,5-15,-0.22571755461786697,57,-0.22899421706154588,MAP_SCADA,131,0.0032766624436789127
4,UPFC_Vse,5-15,0.05995041538130148,57,0.0614292436929136,MAP_SCADA,131,0.0014788283116121195
5,UPFC_tse,5-15,-2.1442045134949352,57,-2.151988390805865,MAP_SCADA,131,0.0077838773109295545
0,x_tcsc,1-14,-0.14025304881818126,58,-0.13460977774325864,MAP_SCADA,131,0.005643271074922629
1,B_svc,2,0.2943751922505254,58,0.2759202510778324,MAP_SCADA,131,0.018454941172692974
2,UPFC_Vsh,5-15,1.1043382438971199,58,1.105896696978529,MAP_SCADA,131,0.001558453081409228
3,UPFC_tsh,5-15,-0.22596942597343528,58,-0.22899421706154588,MAP_SCADA,131,0.003024791088110601
4,UPFC_Vse,5-15,0.05989844619524658,58,0.0614292436929136,MAP_SCADA,131,0.001530797497667026
5,UPFC_tse,5-15,-2.150392797073834,58,-2.151988390805865,MAP_SCADA,131,0.0015955937320306646
0,x_tcsc,1-14,-0.13948574348694037,59,-0.13460977774325864,MAP_SCADA,131,0.004875965743681737
1,B_svc,2,0.29361040067047306,59,0.2759202510778324,MAP_SCADA,131,0.017690149592640647
2,UPFC_Vsh,5-15,1.1024436446396637,59,1.105896696978529,MAP_SCADA,131,0.003453052338865392
3,UPFC_tsh,5-15,-0.2260962852316475,59,-0.22899421706154588,MAP_SCADA,131,0.0028979318298983925
4,UPFC_Vse,5-15,0.0603760348307006,59,0.0614292436929136,MAP_SCADA,131,0.0010532088622130023
5,UPFC_tse,5-15,-2.153027024774551,59,-2.151988390805865,MAP_SCADA,131,0.0010386339686863089
0,x_tcsc,1-14,-0.13734548040088565,60,-0.13460977774325864,MAP_SCADA,131,0.002735702657627015
1,B_svc,2,0.3050931327260433,60,0.2759202510778324,MAP_SCADA,131,0.029172881648210913
2,UPFC_Vsh,5-15,1.1024510869435684,60,1.105896696978529,MAP_SCADA,131,0.003445610034960689
3,UPFC_tsh,5-15,-0.22792302563646952,60,-0.22899421706154588,MAP_SCADA,131,0.0010711914250763621
4,UPFC_Vse,5-15,0.05994697426279195,60,0.0614292436929136,MAP_SCADA,131,0.001482269430121655
5,UPFC_tse,5-15,-2.1533501829787167,60,-2.151988390805865,MAP_SCADA,131,0.0013617921728519278
0,x_tcsc,1-14,-0.13962038629562434,61,-0.13460977774325864,MAP_SCADA,131,0.0050106085523657085
1,B_svc,2,0.2962995497542139,61,0.2759202510778324,MAP_SCADA,131,0.020379298676381497
2,UPFC_Vsh,5-15,1.1029814234863042,61,1.105896696978529,MAP_SCADA,131,0.002915273492224868
3,UPFC_tsh,5-15,-0.22586234776028932,61,-0.22899421706154588,MAP_SCADA,131,0.003131869301256557
4,UPFC_Vse,5-15,0.06022765102223543,61,0.0614292436929136,MAP_SCADA,131,0.001201592670678174
5,UPFC_tse,5-15,-2.1501775445709037,61,-2.151988390805865,MAP_SCADA,131,0.0018108462349610832
0,x_tcsc,1-14,-0.1395880404530107,62,-0.13460977774325864,MAP_SCADA,131,0.004978262709752074
1,B_svc,2,0.29959101759192003,62,0.2759202510778324,MAP_SCADA,131,0.023670766514087616
2,UPFC_Vsh,5-15,1.1049893981731653,62,1.105896696978529,MAP_SCADA,131,0.0009072988053637765
3,UPFC_tsh,5-15,-0.2262864238321893,62,-0.22899421706154588,MAP_SCADA,131,0.0027077932293565754
4,UPFC_Vse,5-15,0.0599799436649154,62,0.0614292436929136,MAP_SCADA,131,0.0014493000279982016
5,UPFC_tse,5-15,-2.1470839299587956,62,-2.151988390805865,MAP_SCADA,131,0.004904460847069192
0,x_tcsc,1-14,-0.13819293186036755,63,-0.13460977774325864,MAP_SCADA,131,0.003583154117108911
1,B_svc,2,0.2947934783829856,63,0.2759202510778324,MAP_SCADA,131,0.018873227305153173
2,UPFC_Vsh,5-15,1.105386686753126,63,1.105896696978529,MAP_SCADA,131,0.0005100102254032013
3,UPFC_tsh,5-15,-0.226096774621023,63,-0.22899421706154588,MAP_SCADA,131,0.0028974424405228683
4,UPFC_Vse,5-15,0.06026503639942282,63,0.0614292436929136,MAP_SCADA,131,0.0011642072934907807
5,UPFC_tse,5-15,-2.1446743398568286,63,-2.151988390805865,MAP_SCADA,131,0.007314050949036144
0,x_tcsc,1-14,-0.13921022468365188,64,-0.13460977774325864,MAP_SCADA,131,0.0046004469403932435
1,B_svc,2,0.30291283652156065,64,0.2759202510778324,MAP_SCADA,131,0.026992585443728234
2,UPFC_Vsh,5-15,1.1017025311267963,64,1.105896696978529,MAP_SCADA,131,0.004194165851732823
3,UPFC_tsh,5-15,-0.22647964204765078,64,-0.22899421706154588,MAP_SCADA,131,0.0025145750138950984
4,UPFC_Vse,5-15,0.06037988534906229,64,0.0614292436929136,MAP_SCADA,131,0.0010493583438513157
5,UPFC_tse,5-15,-2.1467661078239084,64,-2.151988390805865,MAP_SCADA,131,0.005222282981956372
0,x_tcsc,1-14,-0.13754706013970006,65,-0.13460977774325864,MAP_SCADA,131,0.0029372823964414208
1,B_svc,2,0.3033542225314747,65,0.2759202510778324,MAP_SCADA,131,0.027433971453642292
2,UPFC_Vsh,5-15,1.102491949482756,65,1.105896696978529,MAP_SCADA,131,0.0034047474957730195
3,UPFC_tsh,5-15,-0.22779893595847883,65,-0.22899421706154588,MAP_SCADA,131,0.0011952811030670474
4,UPFC_Vse,5-15,0.060129879626394565,65,0.0614292436929136,MAP_SCADA,131,0.0012993640665190376
5,UPFC_tse,5-15,-2.151886632505937,65,-2.151988390805865,MAP_SCADA,131,0.00010175829992764562
0,x_tcsc,1-14,-0.13851879659942265,66,-0.13460977774325864,MAP_SCADA,131,0.003909018856164015
1,B_svc,2,0.30098243833297045,66,0.2759202510778324,MAP_SCADA,131,0.025062187255138035
2,UPFC_Vsh,5-15,1.1037986787727152,66,1.105896696978529,MAP_SCADA,131,0.0020980182058139007
3,UPFC_tsh,5-15,-0.2266876249058762,66,-0.22899421706154588,MAP_SCADA,131,0.002306592155669668
4,UPFC_Vse,5-15,0.059659010943204104,66,0.0614292436929136,MAP_SCADA,131,0.0017702327497094994
5,UPFC_tse,5-15,-2.145454356885726,66,-2.151988390805865,MAP_SCADA,131,0.00653403392013896
0,x_tcsc,1-14,-0.13891729932627214,67,-0.13460977774325864,MAP_SCADA,131,0.004307521583013507
1,B_svc,2,0.29894763571785266,67,0.2759202510778324,MAP_SCADA,131,0.023027384640020243
2,UPFC_Vsh,5-15,1.1052742411757022,67,1.105896696978529,MAP_SCADA,131,0.0006224558028269378
3,UPFC_tsh,5-15,-0.22678710475996916,67,-0.22899421706154588,MAP_SCADA,131,0.002207112301576719
4,UPFC_Vse,5-15,0.06021758539380588,67,0.0614292436929136,MAP_SCADA,131,0.001211658299107722
5,UPFC_tse,5-15,-2.1460217532626857,67,-2.151988390805865,MAP_SCADA,131,0.005966637543179054
0,x_tcsc,1-14,-0.1400113610368814,68,-0.13460977774325864,MAP_SCADA,131,0.005401583293622753
1,B_svc,2,0.2886082954586116,68,0.2759202510778324,MAP_SCADA,131,0.012688044380779195
2,UPFC_Vsh,5-15,1.1086243994812912,68,1.105896696978529,MAP_SCADA,131,0.0027277025027621082
3,UPFC_tsh,5-15,-0.22463470542028693,68,-0.22899421706154588,MAP_SCADA,131,0.004359511641258945
4,UPFC_Vse,5-15,0.05987369804048943,68,0.0614292436929136,MAP_SCADA,131,0.0015555456524241756
5,UPFC_tse,5-15,-2.1449589252236083,68,-2.151988390805865,MAP_SCADA,131,0.007029465582256478
0,x_tcsc,1-14,-0.1391771725391201,69,-0.13460977774325864,MAP_SCADA,131,0.0045673947958614625
1,B_svc,2,0.2949481090376491,69,0.2759202510778324,MAP_SCADA,131,0.019027857959816707
2,UPFC_Vsh,5-15,1.1044387529335438,69,1.105896696978529,MAP_SCADA,131,0.0014579440449853376
3,UPFC_tsh,5-15,-0.2255383734968782,69,-0.22899421706154588,MAP_SCADA,131,0.0034558435646676877
4,UPFC_Vse,5-15,0.06053740626463348,69,0.0614292436929136,MAP_SCADA,131,0.0008918374282801261
5,UPFC_tse,5-15,-2.147341439047312,69,-2.151988390805865,MAP_SCADA,131,0.0046469517585530085
0,x_tcsc,1-14,-0.14030892296009884,70,-0.13460977774325864,MAP_SCADA,131,0.005699145216840201
1,B_svc,2,0.28916581192604307,70,0.2759202510778324,MAP_SCADA,131,0.013245560848210658
2,UPFC_Vsh,5-15,1.105617684280865,70,1.105896696978529,MAP_SCADA,131,0.0002790126976641716
3,UPFC_tsh,5-15,-0.22463776111187436,70,-0.22899421706154588,MAP_SCADA,131,0.004356455949671517
4,UPFC_Vse,5-15,0.05922766099819131,70,0.0614292436929136,MAP_SCADA,131,0.002201582694722294
5,UPFC_tse,5-15,-2.146793521944589,70,-2.151988390805865,MAP_SCADA,131,0.0051948688612757365
0,x_tcsc,1-14,-0.13912161106384616,71,-0.13460977774325864,MAP_SCADA,131,0.004511833320587522
1,B_svc,2,0.29390301176538924,71,0.2759202510778324,MAP_SCADA,131,0.01798276068755683
2,UPFC_Vsh,5-15,1.1066642973847154,71,1.105896696978529,MAP_SCADA,131,0.0007676004061862862
3,UPFC_tsh,5-15,-0.225605363251747,71,-0.22899421706154588,MAP_SCADA,131,0.003388853809798892
4,UPFC_Vse,5-15,0.05939111103551805,71,0.0614292436929136,MAP_SCADA,131,0.0020381326573955527
5,UPFC_tse,5-15,-2.1477863279580256,71,-2.151988390805865,MAP_SCADA,131,0.004202062847839194
0,x_tcsc,1-14,-0.14056060725207833,72,-0.13460977774325864,MAP_SCADA,131,0.005950829508819699
1,B_svc,2,0.2905575884448555,72,0.2759202510778324,MAP_SCADA,131,0.014637337367023107
2,UPFC_Vsh,5-15,1.1041119417122978,72,1.105896696978529,MAP_SCADA,131,0.0017847552662313415
3,UPFC_tsh,5-15,-0.22535657625741115,72,-0.22899421706154588,MAP_SCADA,131,0.0036376408041347286
4,UPFC_Vse,5-15,0.060107674310286366,72,0.0614292436929136,MAP_SCADA,131,0.001321569382627237
5,UPFC_tse,5-15,-2.1468883355909685,72,-2.151988390805865,MAP_SCADA,131,0.005100055214896315
0,x_tcsc,1-14,-0.1388155879410626,73,-0.13460977774325864,MAP_SCADA,131,0.004205810197803972
1,B_svc,2,0.2955615078968038,73,0.2759202510778324,MAP_SCADA,131,0.019641256818971387
2,UPFC_Vsh,5-15,1.105298350292251,73,1.105896696978529,MAP_SCADA,131,0.0005983466862780062
3,UPFC_tsh,5-15,-0.22593649996615559,73,-0.22899421706154588,MAP_SCADA,131,0.0030577170953902943
4,UPFC_Vse,5-15,0.05985474709110416,73,0.0614292436929136,MAP_SCADA,131,0.0015744966018094442
5,UPFC_tse,5-15,-2.1511679849735295,73,-2.151988390805865,MAP_SCADA,131,0.0008204058323353358
0,x_tcsc,1-14,-0.1398233764460126,74,-0.13460977774325864,MAP_SCADA,131,0.005213598702753952
1,B_svc,2,0.2954338977334575,74,0.2759202510778324,MAP_SCADA,131,0.019513646655625105
2,UPFC_Vsh,5-15,1.1071480139212553,74,1.105896696978529,MAP_SCADA,131,0.0012513169427261772
3,UPFC_tsh,5-15,-0.22453926962252754,74,-0.22899421706154588,MAP_SCADA,131,0.004454947439018336
4,UPFC_Vse,5-15,0.060687580449417494,74,0.0614292436929136,MAP_SCADA,131,0.0007416632434961087
5,UPFC_tse,5-15,-2.14433718069863,74,-2.151988390805865,MAP_SCADA,131,0.007651210107234796
0,x_tcsc,1-14,-0.13985189874829726,75,-0.13460977774325864,MAP_SCADA,131,0.005242121005038625
1,B_svc,2,0.29688805571872745,75,0.2759202510778324,MAP_SCADA,131,0.020967804640895038
2,UPFC_Vsh,5-15,1.1046618916641544,75,1.105896696978529,MAP_SCADA,131,0.0012348053143746984
3,UPFC_tsh,5-15,-0.22601035217733573,75,-0.22899421706154588,MAP_SCADA,131,0.0029838648842101523
4,UPFC_Vse,5-15,0.06080895520400906,75,0.0614292436929136,MAP_SCADA,131,0.0006202884889045454
5,UPFC_tse,5-15,-2.1404242421104898,75,-2.151988390805865,MAP_SCADA,131,0.011564148695375032
0,x_tcsc,1-14,-0.13957144471102523,76,-0.13460977774325864,MAP_SCADA,131,0.0049616669677665926
1,B_svc,2,0.2923765380368501,76,0.2759202510778324,MAP_SCADA,131,0.016456286959017685
2,UPFC_Vsh,5-15,1.1054871009105336,76,1.105896696978529,MAP_SCADA,131,0.0004095960679955102
3,UPFC_tsh,5-15,-0.22482937095352573,76,-0.22899421706154588,MAP_SCADA,131,0.004164846108020148
4,UPFC_Vse,5-15,0.06030011511679539,76,0.0614292436929136,MAP_SCADA,131,0.0011291285761182157
5,UPFC_tse,5-15,-2.1476767706995723,76,-2.151988390805865,MAP_SCADA,131,0.004311620106292491
0,x_tcsc,1-14,-0.13862326408102932,77,-0.13460977774325864,MAP_SCADA,131,0.004013486337770683
1,B_svc,2,0.297354900166559,77,0.2759202510778324,MAP_SCADA,131,0.02143464908872661
2,UPFC_Vsh,5-15,1.1047507912466037,77,1.105896696978529,MAP_SCADA,131,0.0011459057319254118
3,UPFC_tsh,5-15,-0.22604008379772728,77,-0.22899421706154588,MAP_SCADA,131,0.0029541332638186035
4,UPFC_Vse,5-15,0.05988669983780915,77,0.0614292436929136,MAP_SCADA,131,0.001542543855104453
5,UPFC_tse,5-15,-2.149920976773672,77,-2.151988390805865,MAP_SCADA,131,0.0020674140321927936
0,x_tcsc,1-14,-0.14014173897371188,78,-0.13460977774325864,MAP_SCADA,131,0.005531961230453242
1,B_svc,2,0.29808804198602606,78,0.2759202510778324,MAP_SCADA,131,0.022167790908193652
2,UPFC_Vsh,5-15,1.1020250874796236,78,1.105896696978529,MAP_SCADA,131,0.003871609498905526
3,UPFC_tsh,5-15,-0.22709406986485264,78,-0.22899421706154588,MAP_SCADA,131,0.001900147196693236
4,UPFC_Vse,5-15,0.06038098624706862,78,0.0614292436929136,MAP_SCADA,131,0.0010482574458449828
5,UPFC_tse,5-15,-2.147555642474961,78,-2.151988390805865,MAP_SCADA,131,0.004432748330903902
0,x_tcsc,1-14,-0.138494991935145,79,-0.13460977774325864,MAP_SCADA,131,0.003885214191886366
1,B_svc,2,0.29935793585946774,79,0.2759202510778324,MAP_SCADA,131,0.023437684781635326
2,UPFC_Vsh,5-15,1.1044861845431309,79,1.105896696978529,MAP_SCADA,131,0.0014105124353982479
3,UPFC_tsh,5-15,-0.2267156972470802,79,-0.22899421706154588,MAP_SCADA,131,0.002278519814465668
4,UPFC_Vse,5-15,0.06014279391207925,79,0.0614292436929136,MAP_SCADA,131,0.0012864497808343506
5,UPFC_tse,5-15,-2.148430129095994,79,-2.151988390805865,MAP_SCADA,131,0.0035582617098706137
0,x_tcsc,1-14,-0.13850198239680195,80,-0.13460977774325864,MAP_SCADA,131,0.003892204653543313
1,B_svc,2,0.2949269015440459,80,0.2759202510778324,MAP_SCADA,131,0.01900665046621347
2,UPFC_Vsh,5-15,1.1046154754089028,80,1.105896696978529,MAP_SCADA,131,0.0012812215696262896
3,UPFC_tsh,5-15,-0.22601633684968597,80,-0.22899421706154588,MAP_SCADA,131,0.002977880211859907
4,UPFC_Vse,5-15,0.05995997222132473,80,0.0614292436929136,MAP_SCADA,131,0.0014692714715888733
5,UPFC_tse,5-15,-2.151054139576775,80,-2.151988390805865,MAP_SCADA,131,0.0009342512290899663
0,x_tcsc,1-14,-0.13966617912573293,81,-0.13460977774325864,MAP_SCADA,131,0.00505640138247429
1,B_svc,2,0.29315893366360213,81,0.2759202510778324,MAP_SCADA,131,0.017238682585769716
2,UPFC_Vsh,5-15,1.1060385957878638,81,1.105896696978529,MAP_SCADA,131,0.00014189880933468402
3,UPFC_tsh,5-15,-0.22521413775523438,81,-0.22899421706154588,MAP_SCADA,131,0.0037800793063114957
4,UPFC_Vse,5-15,0.060315117957685425,81,0.0614292436929136,MAP_SCADA,131,0.0011141257352281775
5,UPFC_tse,5-15,-2.139918566642995,81,-2.151988390805865,MAP_SCADA,131,0.012069824162869836
0,x_tcsc,1-14,-0.13893154787813156,82,-0.13460977774325864,MAP_SCADA,131,0.004321770134872921
1,B_svc,2,0.3003519178065197,82,0.2759202510778324,MAP_SCADA,131,0.024431666728687296
2,UPFC_Vsh,5-15,1.105211713292877,82,1.105896696978529,MAP_SCADA,131,0.000684983685652174
3,UPFC_tsh,5-15,-0.22601346607340225,82,-0.22899421706154588,MAP_SCADA,131,0.0029807509881436267
4,UPFC_Vse,5-15,0.05983889382632722,82,0.0614292436929136,MAP_SCADA,131,0.0015903498665863838
5,UPFC_tse,5-15,-2.145681020772069,82,-2.151988390805865,MAP_SCADA,131,0.006307370033795667
0,x_tcsc,1-14,-0.13768340688018318,83,-0.13460977774325864,MAP_SCADA,131,0.0030736291369245494
1,B_svc,2,0.2994261065484856,83,0.2759202510778324,MAP_SCADA,131,0.023505855470653203
2,UPFC_Vsh,5-15,1.101703543833773,83,1.105896696978529,MAP_SCADA,131,0.004193153144756101
3,UPFC_tsh,5-15,-0.2279174035804127,83,-0.22899421706154588,MAP_SCADA,131,0.0010768134811331709
4,UPFC_Vse,5-15,0.06055765787005787,83,0.0614292436929136,MAP_SCADA,131,0.000871585822855736
5,UPFC_tse,5-15,-2.1510343991375835,83,-2.151988390805865,MAP_SCADA,131,0.000953991668281251
0,x_tcsc,1-14,-0.1373216491922542,84,-0.13460977774325864,MAP_SCADA,131,0.0027118714489955675
1,B_svc,2,0.2927348858620752,84,0.2759202510778324,MAP_SCADA,131,0.016814634784242777
2,UPFC_Vsh,5-15,1.1067500551576062,84,1.105896696978529,MAP_SCADA,131,0.0008533581790770572
3,UPFC_tsh,5-15,-0.22563770740787648,84,-0.22899421706154588,MAP_SCADA,131,0.003356509653669404
4,UPFC_Vse,5-15,0.06014896913171909,84,0.0614292436929136,MAP_SCADA,131,0.0012802745611945124
5,UPFC_tse,5-15,-2.144710256275567,84,-2.151988390805865,MAP_SCADA,131,0.007278134530297908
0,x_tcsc,1-14,-0.1368727184297969,85,-0.13460977774325864,MAP_SCADA,131,0.0022629406865382617
1,B_svc,2,0.3042076338471711,85,0.2759202510778324,MAP_SCADA,131,0.028287382769338676
2,UPFC_Vsh,5-15,1.1020224083109054,85,1.105896696978529,MAP_SCADA,131,0.0038742886676237376
3,UPFC_tsh,5-15,-0.22809833192717974,85,-0.22899421706154588,MAP_SCADA,131,0.0008958851343661423
4,UPFC_Vse,5-15,0.059876587389066586,85,0.0614292436929136,MAP_SCADA,131,0.0015526563038470165
5,UPFC_tse,5-15,-2.1513163216563593,85,-2.151988390805865,MAP_SCADA,131,0.0006720691495054609
0,x_tcsc,1-14,-0.1384535459587959,86,-0.13460977774325864,MAP_SCADA,131,0.003843768215537252
1,B_svc,2,0.2997617930927,86,0.2759202510778324,MAP_SCADA,131,0.0238415420148676
2,UPFC_Vsh,5-15,1.103946923652292,86,1.105896696978529,MAP_SCADA,131,0.0019497733262370254
3,UPFC_tsh,5-15,-0.22620783362035,86,-0.22899421706154588,MAP_SCADA,131,0.0027863834411958888
4,UPFC_Vse,5-15,0.060450061537411046,86,0.0614292436929136,MAP_SCADA,131,0.0009791821555025573
5,UPFC_tse,5-15,-2.1479966642306616,86,-2.151988390805865,MAP_SCADA,131,0.003991726575203192
0,x_tcsc,1-14,-0.13890739555022136,87,-0.13460977774325864,MAP_SCADA,131,0.0042976178069627224
1,B_svc,2,0.29816419122844867,87,0.2759202510778324,MAP_SCADA,131,0.02224394015061626
2,UPFC_Vsh,5-15,1.1032871777219062,87,1.105896696978529,MAP_SCADA,131,0.002609519256622894
3,UPFC_tsh,5-15,-0.226681685374232,87,-0.22899421706154588,MAP_SCADA,131,0.002312531687313879
4,UPFC_Vse,5-15,0.06018735647973197,87,0.0614292436929136,MAP_SCADA,131,0.001241887213181636
5,UPFC_tse,5-15,-2.1458589466601703,87,-2.151988390805865,MAP_SCADA,131,0.006129444145694496
0,x_tcsc,1-14,-0.13941829242216902,88,-0.13460977774325864,MAP_SCADA,131,0.004808514678910386
1,B_svc,2,0.29807485035769715,88,0.2759202510778324,MAP_SCADA,131,0.02215459927986474
2,UPFC_Vsh,5-15,1.1045063121793453,88,1.105896696978529,MAP_SCADA,131,0.0013903847991838525
3,UPFC_tsh,5-15,-0.22623395074146235,88,-0.22899421706154588,MAP_SCADA,131,0.0027602663200835265
4,UPFC_Vse,5-15,0.05955271496810949,88,0.0614292436929136,MAP_SCADA,131,0.0018765287248041149
5,UPFC_tse,5-15,-2.147882351498537,88,-2.151988390805865,MAP_SCADA,131,0.00410603930732778
0,x_tcsc,1-14,-0.13722912029411927,89,-0.13460977774325864,MAP_SCADA,131,0.0026193425508606316
1,B_svc,2,0.30411101001131285,89,0.2759202510778324,MAP_SCADA,131,0.028190758933480442
2,UPFC_Vsh,5-15,1.1036311349152752,89,1.105896696978529,MAP_SCADA,131,0.002265562063253901
3,UPFC_tsh,5-15,-0.22732067939310316,89,-0.22899421706154588,MAP_SCADA,131,0.0016735376684427206
4,UPFC_Vse,5-15,0.06012593040018313,89,0.0614292436929136,MAP_SCADA,131,0.0013033132927304722
5,UPFC_tse,5-15,-2.148379421260987,89,-2.151988390805865,MAP_SCADA,131,0.0036089695448779935
0,x_tcsc,1-14,-0.14066230142333347,90,-0.13460977774325864,MAP_SCADA,131,0.006052523680074834
1,B_svc,2,0.28639808623031715,90,0.2759202510778324,MAP_SCADA,131,0.010477835152484738
2,UPFC_Vsh,5-15,1.1053975417805695,90,1.105896696978529,MAP_SCADA,131,0.000499155197959622
3,UPFC_tsh,5-15,-0.2244789968365249,90,-0.22899421706154588,MAP_SCADA,131,0.004515220225020988
4,UPFC_Vse,5-15,0.05994150141665287,90,0.0614292436929136,MAP_SCADA,131,0.0014877422762607298
5,UPFC_tse,5-15,-2.1483133870233035,90,-2.151988390805865,MAP_SCADA,131,0.003675003782561248
0,x_tcsc,1-14,-0.1389034492356503,91,-0.13460977774325864,MAP_SCADA,131,0.004293671492391654
1,B_svc,2,0.29841707717821614,91,0.2759202510778324,MAP_SCADA,131,0.022496826100383727
2,UPFC_Vsh,5-15,1.1040028152967658,91,1.105896696978529,MAP_SCADA,131,0.0018938816817632986
3,UPFC_tsh,5-15,-0.22666245066459617,91,-0.22899421706154588,MAP_SCADA,131,0.0023317663969497082
4,UPFC_Vse,5-15,0.060089420272586895,91,0.0614292436929136,MAP_SCADA,131,0.0013398234203267079
5,UPFC_tse,5-15,-2.1467186392760302,91,-2.151988390805865,MAP_SCADA,131,0.005269751529834554
0,x_tcsc,1-14,-0.1399247873648281,92,-0.13460977774325864,MAP_SCADA,131,0.005315009621569472
1,B_svc,2,0.29473224820962973,92,0.2759202510778324,MAP_SCADA,131,0.01881199713179732
2,UPFC_Vsh,5-15,1.1051511651890191,92,1.105896696978529,MAP_SCADA,131,0.0007455317895099789
3,UPFC_tsh,5-15,-0.22500880406455498,92,-0.22899421706154588,MAP_SCADA,131,0.0039854129969909
4,UPFC_Vse,5-15,0.059988637387086235,92,0.0614292436929136,MAP_SCADA,131,0.0014406063058273674
5,UPFC_tse,5-15,-2.143871600729615,92,-2.151988390805865,MAP_SCADA,131,0.008116790076249991
0,x_tcsc,1-14,-0.13790532230246327,93,-0.13460977774325864,MAP_SCADA,131,0.0032955445592046384
1,B_svc,2,0.3013297835636175,93,0.2759202510778324,MAP_SCADA,131,0.02540953248578509
2,UPFC_Vsh,5-15,1.104168804741319,93,1.105896696978529,MAP_SCADA,131,0.001727892237210149
3,UPFC_tsh,5-15,-0.22684799687065,93,-0.22899421706154588,MAP_SCADA,131,0.0021462201908958867
4,UPFC_Vse,5-15,0.059842294193274324,93,0.0614292436929136,MAP_SCADA,131,0.0015869494996392786
5,UPFC_tse,5-15,-2.147633419958297,93,-2.151988390805865,MAP_SCADA,131,0.004354970847567863
0,x_tcsc,1-14,-0.13938863310282984,94,-0.13460977774325864,MAP_SCADA,131,0.004778855359571205
1,B_svc,2,0.2980292208579397,94,0.2759202510778324,MAP_SCADA,131,0.02210896978010729
2,UPFC_Vsh,5-15,1.1039325054724765,94,1.105896696978529,MAP_SCADA,131,0.0019641915060526483
3,UPFC_tsh,5-15,-0.2264616265220565,94,-0.22899421706154588,MAP_SCADA,131,0.002532590539489371
4,UPFC_Vse,5-15,0.06017734177236146,94,0.0614292436929136,MAP_SCADA,131,0.0012519019205521412
5,UPFC_tse,5-15,-2.153993553239469,94,-2.151988390805865,MAP_SCADA,131,0.0020051624336043794
0,x_tcsc,1-14,-0.13950620660961183,95,-0.13460977774325864,MAP_SCADA,131,0.004896428866353192
1,B_svc,2,0.29251821175293685,95,0.2759202510778324,MAP_SCADA,131,0.01659796067510444
2,UPFC_Vsh,5-15,1.1043324817035252,95,1.105896696978529,MAP_SCADA,131,0.001564215275003944
3,UPFC_tsh,5-15,-0.2259389986761963,95,-0.22899421706154588,MAP_SCADA,131,0.003055218385349584
4,UPFC_Vse,5-15,0.060131204192603406,95,0.0614292436929136,MAP_SCADA,131,0.0012980395003101969
5,UPFC_tse,5-15,-2.1486542652587537,95,-2.151988390805865,MAP_SCADA,131,0.0033341255471110998
0,x_tcsc,1-14,-0.1380067973475561,96,-0.13460977774325864,MAP_SCADA,131,0.0033970196042974743
1,B_svc,2,0.3023121368267017,96,0.2759202510778324,MAP_SCADA,131,0.026391885748869304
2,UPFC_Vsh,5-15,1.1044147926848344,96,1.105896696978529,MAP_SCADA,131,0.001481904293694658
3,UPFC_tsh,5-15,-0.22676224099022252,96,-0.22899421706154588,MAP_SCADA,131,0.0022319760713233605
4,UPFC_Vse,5-15,0.06029829200515852,96,0.0614292436929136,MAP_SCADA,131,0.0011309516877550801
5,UPFC_tse,5-15,-2.1530578859010805,96,-2.151988390805865,MAP_SCADA,131,0.0010694950952157
0,x_tcsc,1-14,-0.14075836433980002,97,-0.13460977774325864,MAP_SCADA,131,0.006148586596541383
1,B_svc,2,0.2900573964944106,97,0.2759202510778324,MAP_SCADA,131,0.014137145416578178
2,UPFC_Vsh,5-15,1.105770205928169,97,1.105896696978529,MAP_SCADA,131,0.0001264910503600003
3,UPFC_tsh,5-15,-0.22466709487794193,97,-0.22899421706154588,MAP_SCADA,131,0.004327122183603954
4,UPFC_Vse,5-15,0.06021616597855937,97,0.0614292436929136,MAP_SCADA,131,0.0012130777143542354
5,UPFC_tse,5-15,-2.1442245668075404,97,-2.151988390805865,MAP_SCADA,131,0.007763823998324426
0,x_tcsc,1-14,-0.13872154666830117,98,-0.13460977774325864,MAP_SCADA,131,0.0041117689250425304
1,B_svc,2,0.2932544069980707,98,0.2759202510778324,MAP_SCADA,131,0.017334155920238292
2,UPFC_Vsh,5-15,1.1037015110597996,98,1.105896696978529,MAP_SCADA,131,0.0021951859187294698
3,UPFC_tsh,5-15,-0.2263205983825664,98,-0.22899421706154588,MAP_SCADA,131,0.0026736186789794725
4,UPFC_Vse,5-15,0.06060918663511173,98,0.0614292436929136,MAP_SCADA,131,0.0008200570578018734
5,UPFC_tse,5-15,-2.1459582127355232,98,-2.151988390805865,MAP_SCADA,131,0.006030178070341563
0,x_tcsc,1-14,-0.13955388499023125,99,-0.13460977774325864,MAP_SCADA,131,0.004944107246972612
1,B_svc,2,0.29595704555838426,99,0.2759202510778324,MAP_SCADA,131,0.020036794480551845
2,UPFC_Vsh,5-15,1.1029095704837086,99,1.105896696978529,MAP_SCADA,131,0.002987126494820469
3,UPFC_tsh,5-15,-0.22589227804724954,99,-0.22899421706154588,MAP_SCADA,131,0.00310193901429634
4,UPFC_Vse,5-15,0.060001423577760095,99,0.0614292436929136,MAP_SCADA,131,0.001427820115153508
5,UPFC_tse,5-15,-2.152835962070224,99,-2.151988390805865,MAP_SCADA,131,0.0008475712643591926
0,x_tcsc,1-14,-0.13900849846393998,0,-0.1350911960720561,MAP_SCADA,133,0.00391730239188387
1,B_svc,2,0.29650527170746127,0,0.278060811206263,MAP_SCADA,133,0.018444460501198245
2,UPFC_Vsh,5-15,1.106444059367828,0,1.1052845868824175,MAP_SCADA,133,0.0011594724854104843
3,UPFC_tsh,5-15,-0.2245452545715806,0,-0.22853748320535924,MAP_SCADA,133,0.003992228633778655
4,UPFC_Vse,5-15,0.06001100676389736,0,0.06138765196790871,MAP_SCADA,133,0.0013766452040113522
5,UPFC_tse,5-15,-2.145119974529498,0,-2.156084319876311,MAP_SCADA,133,0.010964345346812898
0,x_tcsc,1-14,-0.1396136637504605,1,-0.1350911960720561,MAP_SCADA,133,0.0045224676784043905
1,B_svc,2,0.2995471824231543,1,0.278060811206263,MAP_SCADA,133,0.021486371216891287
2,UPFC_Vsh,5-15,1.1028977000837634,1,1.1052845868824175,MAP_SCADA,133,0.0023868867986540643
3,UPFC_tsh,5-15,-0.2262309272513375,1,-0.22853748320535924,MAP_SCADA,133,0.0023065559540217384
4,UPFC_Vse,5-15,0.05984995870332151,1,0.06138765196790871,MAP_SCADA,133,0.001537693264587206
5,UPFC_tse,5-15,-2.1443611494327808,1,-2.156084319876311,MAP_SCADA,133,0.011723170443530329
0,x_tcsc,1-14,-0.13936421795883266,2,-0.1350911960720561,MAP_SCADA,133,0.004273021886776557
1,B_svc,2,0.29683653973325336,2,0.278060811206263,MAP_SCADA,133,0.018775728526990332
2,UPFC_Vsh,5-15,1.1033419492207521,2,1.1052845868824175,MAP_SCADA,133,0.0019426376616653585
3,UPFC_tsh,5-15,-0.22632827632391825,2,-0.22853748320535924,MAP_SCADA,133,0.002209206881440995
4,UPFC_Vse,5-15,0.06073139686472676,2,0.06138765196790871,MAP_SCADA,133,0.0006562551031819505
5,UPFC_tse,5-15,-2.149609244944893,2,-2.156084319876311,MAP_SCADA,133,0.006475074931417968
0,x_tcsc,1-14,-0.13778624594440056,3,-0.1350911960720561,MAP_SCADA,133,0.0026950498723444516
1,B_svc,2,0.30021723183472937,3,0.278060811206263,MAP_SCADA,133,0.022156420628466345
2,UPFC_Vsh,5-15,1.10401400666262,3,1.1052845868824175,MAP_SCADA,133,0.0012705802197974236
3,UPFC_tsh,5-15,-0.22767381252310107,3,-0.22853748320535924,MAP_SCADA,133,0.0008636706822581774
4,UPFC_Vse,5-15,0.060583952678000985,3,0.06138765196790871,MAP_SCADA,133,0.0008036992899077278
5,UPFC_tse,5-15,-2.1492311117466207,3,-2.156084319876311,MAP_SCADA,133,0.006853208129690369
0,x_tcsc,1-14,-0.13985462128825538,4,-0.1350911960720561,MAP_SCADA,133,0.0047634252161992685
1,B_svc,2,0.296188187833812,4,0.278060811206263,MAP_SCADA,133,0.018127376627548986
2,UPFC_Vsh,5-15,1.1026767779516253,4,1.1052845868824175,MAP_SCADA,133,0.002607808930792155
3,UPFC_tsh,5-15,-0.22641506895827404,4,-0.22853748320535924,MAP_SCADA,133,0.0021224142470852025
4,UPFC_Vse,5-15,0.06010991456421456,4,0.06138765196790871,MAP_SCADA,133,0.0012777374036941555
5,UPFC_tse,5-15,-2.149924163840019,4,-2.156084319876311,MAP_SCADA,133,0.006160156036292275
0,x_tcsc,1-14,-0.13746500879930573,5,-0.1350911960720561,MAP_SCADA,133,0.0023738127272496246
1,B_svc,2,0.3034607542918911,5,0.278060811206263,MAP_SCADA,133,0.025399943085628096
2,UPFC_Vsh,5-15,1.1006785286143699,5,1.1052845868824175,MAP_SCADA,133,0.004606058268047608
3,UPFC_tsh,5-15,-0.2273157736710889,5,-0.22853748320535924,MAP_SCADA,133,0.0012217095342703377
4,UPFC_Vse,5-15,0.06056989728741583,5,0.06138765196790871,MAP_SCADA,133,0.0008177546804928812
5,UPFC_tse,5-15,-2.1453666812389707,5,-2.156084319876311,MAP_SCADA,133,0.010717638637340432
0,x_tcsc,1-14,-0.13955901033275867,6,-0.1350911960720561,MAP_SCADA,133,0.004467814260702557
1,B_svc,2,0.29902140685599293,6,0.278060811206263,MAP_SCADA,133,0.020960595649729907
2,UPFC_Vsh,5-15,1.1051095689335,6,1.1052845868824175,MAP_SCADA,133,0.00017501794891749967
3,UPFC_tsh,5-15,-0.22587728813114563,6,-0.22853748320535924,MAP_SCADA,133,0.0026601950742136116
4,UPFC_Vse,5-15,0.06015700877506486,6,0.06138765196790871,MAP_SCADA,133,0.0012306431928438555
5,UPFC_tse,5-15,-2.1523236559127263,6,-2.156084319876311,MAP_SCADA,133,0.003760663963584765
0,x_tcsc,1-14,-0.13802243210717918,7,-0.1350911960720561,MAP_SCADA,133,0.002931236035123075
1,B_svc,2,0.2995903326742413,7,0.278060811206263,MAP_SCADA,133,0.021529521467978263
2,UPFC_Vsh,5-15,1.1043946694822493,7,1.1052845868824175,MAP_SCADA,133,0.0008899174001681942
3,UPFC_tsh,5-15,-0.22658864844167736,7,-0.22853748320535924,MAP_SCADA,133,0.0019488347636818781
4,UPFC_Vse,5-15,0.05985353630766828,7,0.06138765196790871,MAP_SCADA,133,0.0015341156602404343
5,UPFC_tse,5-15,-2.154106660539906,7,-2.156084319876311,MAP_SCADA,133,0.0019776593364051465
0,x_tcsc,1-14,-0.13776651479993207,8,-0.1350911960720561,MAP_SCADA,133,0.002675318727875964
1,B_svc,2,0.3034020605098786,8,0.278060811206263,MAP_SCADA,133,0.025341249303615587
2,UPFC_Vsh,5-15,1.1038155449859017,8,1.1052845868824175,MAP_SCADA,133,0.0014690418965157548
3,UPFC_tsh,5-15,-0.22729311200001734,8,-0.22853748320535924,MAP_SCADA,133,0.0012443712053419043
4,UPFC_Vse,5-15,0.06036461132298206,8,0.06138765196790871,MAP_SCADA,133,0.0010230406449266496
5,UPFC_tse,5-15,-2.1549856065944772,8,-2.156084319876311,MAP_SCADA,133,0.001098713281833863
0,x_tcsc,1-14,-0.13859247186509066,9,-0.1350911960720561,MAP_SCADA,133,0.003501275793034553
1,B_svc,2,0.29578539085512373,9,0.278060811206263,MAP_SCADA,133,0.017724579648860705
2,UPFC_Vsh,5-15,1.104393061880654,9,1.1052845868824175,MAP_SCADA,133,0.0008915250017635934
3,UPFC_tsh,5-15,-0.2264243969300444,9,-0.22853748320535924,MAP_SCADA,133,0.0021130862753148405
4,UPFC_Vse,5-15,0.060495454335872195,9,0.06138765196790871,MAP_SCADA,133,0.0008921976320365177
5,UPFC_tse,5-15,-2.1472225881378324,9,-2.156084319876311,MAP_SCADA,133,0.008861731738478706
0,x_tcsc,1-14,-0.14084676336732707,10,-0.1350911960720561,MAP_SCADA,133,0.0057555672952709636
1,B_svc,2,0.2932031951219014,10,0.278060811206263,MAP_SCADA,133,0.01514238391563838
2,UPFC_Vsh,5-15,1.1049799922854475,10,1.1052845868824175,MAP_SCADA,133,0.0003045945969699648
3,UPFC_tsh,5-15,-0.22493217726351936,10,-0.22853748320535924,MAP_SCADA,133,0.003605305941839887
4,UPFC_Vse,5-15,0.060052763771416585,10,0.06138765196790871,MAP_SCADA,133,0.0013348881964921275
5,UPFC_tse,5-15,-2.148328019767737,10,-2.156084319876311,MAP_SCADA,133,0.007756300108574088
0,x_tcsc,1-14,-0.13935090874779182,11,-0.1350911960720561,MAP_SCADA,133,0.004259712675735716
1,B_svc,2,0.3000827842332406,11,0.278060811206263,MAP_SCADA,133,0.02202197302697756
2,UPFC_Vsh,5-15,1.104322749806619,11,1.1052845868824175,MAP_SCADA,133,0.000961837075798444
3,UPFC_tsh,5-15,-0.22644285374367815,11,-0.22853748320535924,MAP_SCADA,133,0.0020946294616810968
4,UPFC_Vse,5-15,0.06061384937727731,11,0.06138765196790871,MAP_SCADA,133,0.0007738025906314019
5,UPFC_tse,5-15,-2.1500395355490904,11,-2.156084319876311,MAP_SCADA,133,0.006044784327220665
0,x_tcsc,1-14,-0.13886661964430397,12,-0.1350911960720561,MAP_SCADA,133,0.00377542357224786
1,B_svc,2,0.30316520299571653,12,0.278060811206263,MAP_SCADA,133,0.025104391789453506
2,UPFC_Vsh,5-15,1.1014851436299993,12,1.1052845868824175,MAP_SCADA,133,0.003799443252418211
3,UPFC_tsh,5-15,-0.2265947577998115,12,-0.22853748320535924,MAP_SCADA,133,0.0019427254055477405
4,UPFC_Vse,5-15,0.05951054582410368,12,0.06138765196790871,MAP_SCADA,133,0.0018771061438050338
5,UPFC_tse,5-15,-2.1481486842702813,12,-2.156084319876311,MAP_SCADA,133,0.007935635606029834
0,x_tcsc,1-14,-0.13751298016279592,13,-0.1350911960720561,MAP_SCADA,133,0.0024217840907398147
1,B_svc,2,0.30138813066979114,13,0.278060811206263,MAP_SCADA,133,0.023327319463528118
2,UPFC_Vsh,5-15,1.1048805629058702,13,1.1052845868824175,MAP_SCADA,133,0.0004040239765472631
3,UPFC_tsh,5-15,-0.22692624201313333,13,-0.22853748320535924,MAP_SCADA,133,0.0016112411922259151
4,UPFC_Vse,5-15,0.05976662311998865,13,0.06138765196790871,MAP_SCADA,133,0.001621028847920064
5,UPFC_tse,5-15,-2.1511226488263433,13,-2.156084319876311,MAP_SCADA,133,0.0049616710499678085
0,x_tcsc,1-14,-0.1387119073551927,14,-0.1350911960720561,MAP_SCADA,133,0.003620711283136596
1,B_svc,2,0.2991060203265386,14,0.278060811206263,MAP_SCADA,133,0.021045209120275576
2,UPFC_Vsh,5-15,1.1043098255803496,14,1.1052845868824175,MAP_SCADA,133,0.0009747613020678614
3,UPFC_tsh,5-15,-0.22659362725435733,14,-0.22853748320535924,MAP_SCADA,133,0.0019438559510019104
4,UPFC_Vse,5-15,0.05993925440151864,14,0.06138765196790871,MAP_SCADA,133,0.0014483975663900708
5,UPFC_tse,5-15,-2.147403003091212,14,-2.156084319876311,MAP_SCADA,133,0.008681316785099202
0,x_tcsc,1-14,-0.1401347877250689,15,-0.1350911960720561,MAP_SCADA,133,0.005043591653012797
1,B_svc,2,0.29719327447259053,15,0.278060811206263,MAP_SCADA,133,0.019132463266327504
2,UPFC_Vsh,5-15,1.10514278782043,15,1.1052845868824175,MAP_SCADA,133,0.0001417990619874132
3,UPFC_tsh,5-15,-0.22475059684335258,15,-0.22853748320535924,MAP_SCADA,133,0.003786886362006664
4,UPFC_Vse,5-15,0.05974653222629669,15,0.06138765196790871,MAP_SCADA,133,0.0016411197416120252
5,UPFC_tse,5-15,-2.1454506699074596,15,-2.156084319876311,MAP_SCADA,133,0.010633649968851522
0,x_tcsc,1-14,-0.13657497542089506,16,-0.1350911960720561,MAP_SCADA,133,0.0014837793488389484
1,B_svc,2,0.3050354964593784,16,0.278060811206263,MAP_SCADA,133,0.02697468525311536
2,UPFC_Vsh,5-15,1.1042529235454521,16,1.1052845868824175,MAP_SCADA,133,0.0010316633369653605
3,UPFC_tsh,5-15,-0.2272530051578728,16,-0.22853748320535924,MAP_SCADA,133,0.001284478047486437
4,UPFC_Vse,5-15,0.05994727137748766,16,0.06138765196790871,MAP_SCADA,133,0.0014403805904210504
5,UPFC_tse,5-15,-2.1525110522626387,16,-2.156084319876311,MAP_SCADA,133,0.0035732676136723818
0,x_tcsc,1-14,-0.14031858933454772,17,-0.1350911960720561,MAP_SCADA,133,0.005227393262491609
1,B_svc,2,0.29837338229458993,17,0.278060811206263,MAP_SCADA,133,0.020312571088326903
2,UPFC_Vsh,5-15,1.1048099590733964,17,1.1052845868824175,MAP_SCADA,133,0.0004746278090210776
3,UPFC_tsh,5-15,-0.2258268842497113,17,-0.22853748320535924,MAP_SCADA,133,0.0027105989556479304
4,UPFC_Vse,5-15,0.060018761302233874,17,0.06138765196790871,MAP_SCADA,133,0.0013688906656748392
5,UPFC_tse,5-15,-2.1445126629522857,17,-2.156084319876311,MAP_SCADA,133,0.011571656924025397
0,x_tcsc,1-14,-0.13862398376095758,18,-0.1350911960720561,MAP_SCADA,133,0.003532787688901473
1,B_svc,2,0.30051063411948875,18,0.278060811206263,MAP_SCADA,133,0.022449822913225725
2,UPFC_Vsh,5-15,1.1036263093848822,18,1.1052845868824175,MAP_SCADA,133,0.001658277497535332
3,UPFC_tsh,5-15,-0.22631897737870346,18,-0.22853748320535924,MAP_SCADA,133,0.002218505826655781
4,UPFC_Vse,5-15,0.06059917772140851,18,0.06138765196790871,MAP_SCADA,133,0.0007884742465001995
5,UPFC_tse,5-15,-2.1481598405459894,18,-2.156084319876311,MAP_SCADA,133,0.007924479330321699
0,x_tcsc,1-14,-0.13997150805289785,19,-0.1350911960720561,MAP_SCADA,133,0.0048803119808417394
1,B_svc,2,0.2975385393396756,19,0.278060811206263,MAP_SCADA,133,0.019477728133412586
2,UPFC_Vsh,5-15,1.102397254952331,19,1.1052845868824175,MAP_SCADA,133,0.0028873319300863898
3,UPFC_tsh,5-15,-0.22583042910126308,19,-0.22853748320535924,MAP_SCADA,133,0.0027070541040961626
4,UPFC_Vse,5-15,0.06029962107356366,19,0.06138765196790871,MAP_SCADA,133,0.0010880308943450531
5,UPFC_tse,5-15,-2.1511675257445853,19,-2.156084319876311,MAP_SCADA,133,0.0049167941317258546
0,x_tcsc,1-14,-0.13996105232389777,20,-0.1350911960720561,MAP_SCADA,133,0.004869856251841664
1,B_svc,2,0.2921272452893663,20,0.278060811206263,MAP_SCADA,133,0.014066434083103263
2,UPFC_Vsh,5-15,1.1059558536829384,20,1.1052845868824175,MAP_SCADA,133,0.0006712668005208755
3,UPFC_tsh,5-15,-0.22446458794532617,20,-0.22853748320535924,MAP_SCADA,133,0.0040728952600330715
4,UPFC_Vse,5-15,0.05986600732266241,20,0.06138765196790871,MAP_SCADA,133,0.0015216446452463034
5,UPFC_tse,5-15,-2.1451598095664512,20,-2.156084319876311,MAP_SCADA,133,0.010924510309859858
0,x_tcsc,1-14,-0.13822667342328782,21,-0.1350911960720561,MAP_SCADA,133,0.003135477351231708
1,B_svc,2,0.2972723864116842,21,0.278060811206263,MAP_SCADA,133,0.01921157520542116
2,UPFC_Vsh,5-15,1.1041169664709394,21,1.1052845868824175,MAP_SCADA,133,0.0011676204114781097
3,UPFC_tsh,5-15,-0.22696494078320859,21,-0.22853748320535924,MAP_SCADA,133,0.0015725424221506579
4,UPFC_Vse,5-15,0.06022746905635116,21,0.06138765196790871,MAP_SCADA,133,0.0011601829115575543
5,UPFC_tse,5-15,-2.152488046930867,21,-2.156084319876311,MAP_SCADA,133,0.003596272945443957
0,x_tcsc,1-14,-0.1385780621689011,22,-0.1350911960720561,MAP_SCADA,133,0.0034868660968449816
1,B_svc,2,0.295866779953715,22,0.278060811206263,MAP_SCADA,133,0.017805968747451995
2,UPFC_Vsh,5-15,1.1060783732776556,22,1.1052845868824175,MAP_SCADA,133,0.000793786395238083
3,UPFC_tsh,5-15,-0.22534572355539284,22,-0.22853748320535924,MAP_SCADA,133,0.0031917596499664025
4,UPFC_Vse,5-15,0.059450675865346955,22,0.06138765196790871,MAP_SCADA,133,0.0019369761025617577
5,UPFC_tse,5-15,-2.1468013562424364,22,-2.156084319876311,MAP_SCADA,133,0.009282963633874708
0,x_tcsc,1-14,-0.1402901868998003,23,-0.1350911960720561,MAP_SCADA,133,0.005198990827744193
1,B_svc,2,0.28873643190744297,23,0.278060811206263,MAP_SCADA,133,0.010675620701179944
2,UPFC_Vsh,5-15,1.104882461923429,23,1.1052845868824175,MAP_SCADA,133,0.0004021249589885034
3,UPFC_tsh,5-15,-0.2252051158164447,23,-0.22853748320535924,MAP_SCADA,133,0.003332367388914542
4,UPFC_Vse,5-15,0.0602245918602625,23,0.06138765196790871,MAP_SCADA,133,0.0011630601076462119
5,UPFC_tse,5-15,-2.143819747526403,23,-2.156084319876311,MAP_SCADA,133,0.012264572349907965
0,x_tcsc,1-14,-0.1392743045440156,24,-0.1350911960720561,MAP_SCADA,133,0.00418310847195949
1,B_svc,2,0.29738585302713844,24,0.278060811206263,MAP_SCADA,133,0.01932504182087541
2,UPFC_Vsh,5-15,1.1045794019361654,24,1.1052845868824175,MAP_SCADA,133,0.0007051849462520465
3,UPFC_tsh,5-15,-0.22649652881257448,24,-0.22853748320535924,MAP_SCADA,133,0.0020409543927847607
4,UPFC_Vse,5-15,0.060071837795885465,24,0.06138765196790871,MAP_SCADA,133,0.0013158141720232483
5,UPFC_tse,5-15,-2.1422016412545237,24,-2.156084319876311,MAP_SCADA,133,0.013882678621787381
0,x_tcsc,1-14,-0.1377908231437233,25,-0.1350911960720561,MAP_SCADA,133,0.002699627071667182
1,B_svc,2,0.3061252413607257,25,0.278060811206263,MAP_SCADA,133,0.028064430154462694
2,UPFC_Vsh,5-15,1.1034073057683083,25,1.1052845868824175,MAP_SCADA,133,0.0018772811141092305
3,UPFC_tsh,5-15,-0.22768260667530446,25,-0.22853748320535924,MAP_SCADA,133,0.0008548765300547823
4,UPFC_Vse,5-15,0.06020619773713513,25,0.06138765196790871,MAP_SCADA,133,0.0011814542307735862
5,UPFC_tse,5-15,-2.150180709765505,25,-2.156084319876311,MAP_SCADA,133,0.005903610110806312
0,x_tcsc,1-14,-0.1385486551204919,26,-0.1350911960720561,MAP_SCADA,133,0.0034574590484357792
1,B_svc,2,0.300807778883365,26,0.278060811206263,MAP_SCADA,133,0.022746967677101992
2,UPFC_Vsh,5-15,1.1039094048672455,26,1.1052845868824175,MAP_SCADA,133,0.0013751820151719496
3,UPFC_tsh,5-15,-0.2259080636694409,26,-0.22853748320535924,MAP_SCADA,133,0.0026294195359183314
4,UPFC_Vse,5-15,0.0608357430479533,26,0.06138765196790871,MAP_SCADA,133,0.0005519089199554142
5,UPFC_tse,5-15,-2.1503445282371287,26,-2.156084319876311,MAP_SCADA,133,0.005739791639182368
0,x_tcsc,1-14,-0.13881034278722607,27,-0.1350911960720561,MAP_SCADA,133,0.0037191467151699575
1,B_svc,2,0.2914728599813028,27,0.278060811206263,MAP_SCADA,133,0.013412048775039764
2,UPFC_Vsh,5-15,1.104849217491168,27,1.1052845868824175,MAP_SCADA,133,0.00043536939124955154
3,UPFC_tsh,5-15,-0.225308752946577,27,-0.22853748320535924,MAP_SCADA,133,0.003228730258782231
4,UPFC_Vse,5-15,0.06004084817340249,27,0.06138765196790871,MAP_SCADA,133,0.0013468037945062253
5,UPFC_tse,5-15,-2.148496938186742,27,-2.156084319876311,MAP_SCADA,133,0.007587381689569295
0,x_tcsc,1-14,-0.13913273389529263,28,-0.1350911960720561,MAP_SCADA,133,0.0040415378232365184
1,B_svc,2,0.296591253501489,28,0.278060811206263,MAP_SCADA,133,0.01853044229522599
2,UPFC_Vsh,5-15,1.106067300145302,28,1.1052845868824175,MAP_SCADA,133,0.0007827132628845934
3,UPFC_tsh,5-15,-0.2247781884335331,28,-0.22853748320535924,MAP_SCADA,133,0.003759294771826155
4,UPFC_Vse,5-15,0.060115046821960276,28,0.06138765196790871,MAP_SCADA,133,0.001272605145948437
5,UPFC_tse,5-15,-2.143399854831133,28,-2.156084319876311,MAP_SCADA,133,0.012684465045178062
0,x_tcsc,1-14,-0.13888452296679737,29,-0.1350911960720561,MAP_SCADA,133,0.003793326894741267
1,B_svc,2,0.2992698066686642,29,0.278060811206263,MAP_SCADA,133,0.02120899546240118
2,UPFC_Vsh,5-15,1.10514048130782,29,1.1052845868824175,MAP_SCADA,133,0.00014410557459743067
3,UPFC_tsh,5-15,-0.22565557417003165,29,-0.22853748320535924,MAP_SCADA,133,0.00288190903532759
4,UPFC_Vse,5-15,0.05959903426723671,29,0.06138765196790871,MAP_SCADA,133,0.0017886177006720058
5,UPFC_tse,5-15,-2.1487909286896563,29,-2.156084319876311,MAP_SCADA,133,0.007293391186654841
0,x_tcsc,1-14,-0.13966994289115525,30,-0.1350911960720561,MAP_SCADA,133,0.004578746819099144
1,B_svc,2,0.29765113418232697,30,0.278060811206263,MAP_SCADA,133,0.019590322976063945
2,UPFC_Vsh,5-15,1.1025388252883417,30,1.1052845868824175,MAP_SCADA,133,0.0027457615940758018
3,UPFC_tsh,5-15,-0.22632311264655752,30,-0.22853748320535924,MAP_SCADA,133,0.0022143705588017204
4,UPFC_Vse,5-15,0.060273030760081885,30,0.06138765196790871,MAP_SCADA,133,0.0011146212078268283
5,UPFC_tse,5-15,-2.1470760271765768,30,-2.156084319876311,MAP_SCADA,133,0.009008292699734355
0,x_tcsc,1-14,-0.1396459351331978,31,-0.1350911960720561,MAP_SCADA,133,0.004554739061141705
1,B_svc,2,0.29859178983973,31,0.278060811206263,MAP_SCADA,133,0.02053097863346698
2,UPFC_Vsh,5-15,1.103772856341603,31,1.1052845868824175,MAP_SCADA,133,0.0015117305408145487
3,UPFC_tsh,5-15,-0.22586435764479773,31,-0.22853748320535924,MAP_SCADA,133,0.0026731255605615123
4,UPFC_Vse,5-15,0.060196723858506794,31,0.06138765196790871,MAP_SCADA,133,0.001190928109401919
5,UPFC_tse,5-15,-2.149224612485506,31,-2.156084319876311,MAP_SCADA,133,0.006859707390804992
0,x_tcsc,1-14,-0.13746908066422436,32,-0.1350911960720561,MAP_SCADA,133,0.0023778845921682557
1,B_svc,2,0.3038280239187001,32,0.278060811206263,MAP_SCADA,133,0.025767212712437093
2,UPFC_Vsh,5-15,1.103889255951134,32,1.1052845868824175,MAP_SCADA,133,0.0013953309312835227
3,UPFC_tsh,5-15,-0.22775698399944186,32,-0.22853748320535924,MAP_SCADA,133,0.0007804992059173843
4,UPFC_Vse,5-15,0.06038293076645081,32,0.06138765196790871,MAP_SCADA,133,0.001004721201457906
5,UPFC_tse,5-15,-2.1500529755168016,32,-2.156084319876311,MAP_SCADA,133,0.006031344359509472
0,x_tcsc,1-14,-0.1407724381384244,33,-0.1350911960720561,MAP_SCADA,133,0.005681242066368303
1,B_svc,2,0.29109702121632824,33,0.278060811206263,MAP_SCADA,133,0.013036210010065219
2,UPFC_Vsh,5-15,1.1061593864183283,33,1.1052845868824175,MAP_SCADA,133,0.0008747995359108529
3,UPFC_tsh,5-15,-0.22444767867505602,33,-0.22853748320535924,MAP_SCADA,133,0.0040898045303032204
4,UPFC_Vse,5-15,0.05977371883798552,33,0.06138765196790871,MAP_SCADA,133,0.0016139331299231952
5,UPFC_tse,5-15,-2.14828422550704,33,-2.156084319876311,MAP_SCADA,133,0.007800094369271093
0,x_tcsc,1-14,-0.1396247852341707,34,-0.1350911960720561,MAP_SCADA,133,0.004533589162114604
1,B_svc,2,0.29625064662459444,34,0.278060811206263,MAP_SCADA,133,0.018189835418331413
2,UPFC_Vsh,5-15,1.104409373734565,34,1.1052845868824175,MAP_SCADA,133,0.0008752131478524383
3,UPFC_tsh,5-15,-0.2260998187080884,34,-0.22853748320535924,MAP_SCADA,133,0.0024376644972708417
4,UPFC_Vse,5-15,0.060423493335265026,34,0.06138765196790871,MAP_SCADA,133,0.0009641586326436871
5,UPFC_tse,5-15,-2.148531035273312,34,-2.156084319876311,MAP_SCADA,133,0.0075532846029990885
0,x_tcsc,1-14,-0.13747071296096938,35,-0.1350911960720561,MAP_SCADA,133,0.0023795168889132745
1,B_svc,2,0.2970031945926777,35,0.278060811206263,MAP_SCADA,133,0.018942383386414685
2,UPFC_Vsh,5-15,1.1043141540277561,35,1.1052845868824175,MAP_SCADA,133,0.0009704328546613628
3,UPFC_tsh,5-15,-0.22689694102156815,35,-0.22853748320535924,MAP_SCADA,133,0.0016405421837910883
4,UPFC_Vse,5-15,0.06012317071876644,35,0.06138765196790871,MAP_SCADA,133,0.0012644812491422741
5,UPFC_tse,5-15,-2.149481545118172,35,-2.156084319876311,MAP_SCADA,133,0.006602774758138974
0,x_tcsc,1-14,-0.14022767642520453,36,-0.1350911960720561,MAP_SCADA,133,0.005136480353148426
1,B_svc,2,0.2945503832650932,36,0.278060811206263,MAP_SCADA,133,0.01648957205883017
2,UPFC_Vsh,5-15,1.1042972523376584,36,1.1052845868824175,MAP_SCADA,133,0.0009873345447590776
3,UPFC_tsh,5-15,-0.22502397668760352,36,-0.22853748320535924,MAP_SCADA,133,0.0035135065177557268
4,UPFC_Vse,5-15,0.05990084617611401,36,0.06138765196790871,MAP_SCADA,133,0.0014868057917947
5,UPFC_tse,5-15,-2.145775581524078,36,-2.156084319876311,MAP_SCADA,133,0.010308738352232893
0,x_tcsc,1-14,-0.13930864788106107,37,-0.1350911960720561,MAP_SCADA,133,0.004217451809004957
1,B_svc,2,0.2985366169832528,37,0.278060811206263,MAP_SCADA,133,0.020475805776989764
2,UPFC_Vsh,5-15,1.1055109564919188,37,1.1052845868824175,MAP_SCADA,133,0.00022636960950128682
3,UPFC_tsh,5-15,-0.22576395725073525,37,-0.22853748320535924,MAP_SCADA,133,0.00277352595462399
4,UPFC_Vse,5-15,0.05957450635499889,37,0.06138765196790871,MAP_SCADA,133,0.0018131456129098222
5,UPFC_tse,5-15,-2.1485789670072792,37,-2.156084319876311,MAP_SCADA,133,0.007505352869031867
0,x_tcsc,1-14,-0.13876399333863584,38,-0.1350911960720561,MAP_SCADA,133,0.003672797266579736
1,B_svc,2,0.29775285732011453,38,0.278060811206263,MAP_SCADA,133,0.019692046113851502
2,UPFC_Vsh,5-15,1.104689520361175,38,1.1052845868824175,MAP_SCADA,133,0.0005950665212424155
3,UPFC_tsh,5-15,-0.22595945019195673,38,-0.22853748320535924,MAP_SCADA,133,0.0025780330134025087
4,UPFC_Vse,5-15,0.060351667486153455,38,0.06138765196790871,MAP_SCADA,133,0.0010359844817552574
5,UPFC_tse,5-15,-2.1462755904313355,38,-2.156084319876311,MAP_SCADA,133,0.009808729444975572
0,x_tcsc,1-14,-0.13888872058816598,39,-0.1350911960720561,MAP_SCADA,133,0.0037975245161098736
1,B_svc,2,0.30026952731217943,39,0.278060811206263,MAP_SCADA,133,0.022208716105916404
2,UPFC_Vsh,5-15,1.1035081667959006,39,1.1052845868824175,MAP_SCADA,133,0.0017764200865169055
3,UPFC_tsh,5-15,-0.22685329721329714,39,-0.22853748320535924,MAP_SCADA,133,0.0016841859920621038
4,UPFC_Vse,5-15,0.060193805382303366,39,0.06138765196790871,MAP_SCADA,133,0.0011938465856053473
5,UPFC_tse,5-15,-2.1480449289464985,39,-2.156084319876311,MAP_SCADA,133,0.008039390929812651
0,x_tcsc,1-14,-0.1380881425081221,40,-0.1350911960720561,MAP_SCADA,133,0.002996946436065989
1,B_svc,2,0.305150873703634,40,0.278060811206263,MAP_SCADA,133,0.027090062497370948
2,UPFC_Vsh,5-15,1.1010648603053346,40,1.1052845868824175,MAP_SCADA,133,0.004219726577082916
3,UPFC_tsh,5-15,-0.2285433630113417,40,-0.22853748320535924,MAP_SCADA,133,5.879805982461628e-06
4,UPFC_Vse,5-15,0.06086204016250076,40,0.06138765196790871,MAP_SCADA,133,0.0005256118054079509
5,UPFC_tse,5-15,-2.148631665556464,40,-2.156084319876311,MAP_SCADA,133,0.007452654319846985
0,x_tcsc,1-14,-0.1387186169873437,41,-0.1350911960720561,MAP_SCADA,133,0.003627420915287588
1,B_svc,2,0.29322018540771627,41,0.278060811206263,MAP_SCADA,133,0.015159374201453246
2,UPFC_Vsh,5-15,1.1038591215574631,41,1.1052845868824175,MAP_SCADA,133,0.0014254653249543559
3,UPFC_tsh,5-15,-0.22602840755094478,41,-0.22853748320535924,MAP_SCADA,133,0.0025090756544144666
4,UPFC_Vse,5-15,0.060643180625298665,41,0.06138765196790871,MAP_SCADA,133,0.000744471342610048
5,UPFC_tse,5-15,-2.1511423510924637,41,-2.156084319876311,MAP_SCADA,133,0.00494196878384745
0,x_tcsc,1-14,-0.1399054585652153,42,-0.1350911960720561,MAP_SCADA,133,0.004814262493159194
1,B_svc,2,0.29691859176243846,42,0.278060811206263,MAP_SCADA,133,0.01885778055617543
2,UPFC_Vsh,5-15,1.1044028256050389,42,1.1052845868824175,MAP_SCADA,133,0.000881761277378601
3,UPFC_tsh,5-15,-0.2256305853352938,42,-0.22853748320535924,MAP_SCADA,133,0.0029068978700654557
4,UPFC_Vse,5-15,0.060075035419874336,42,0.06138765196790871,MAP_SCADA,133,0.0013126165480343774
5,UPFC_tse,5-15,-2.144996823734121,42,-2.156084319876311,MAP_SCADA,133,0.01108749614219029
0,x_tcsc,1-14,-0.13845023221293154,43,-0.1350911960720561,MAP_SCADA,133,0.003359036140875432
1,B_svc,2,0.2982945498498663,43,0.278060811206263,MAP_SCADA,133,0.020233738643603283
2,UPFC_Vsh,5-15,1.1058482160010459,43,1.1052845868824175,MAP_SCADA,133,0.0005636291186283948
3,UPFC_tsh,5-15,-0.2259417019098907,43,-0.22853748320535924,MAP_SCADA,133,0.00259578129546853
4,UPFC_Vse,5-15,0.0596267769348247,43,0.06138765196790871,MAP_SCADA,133,0.0017608750330840098
5,UPFC_tse,5-15,-2.1476228475067285,43,-2.156084319876311,MAP_SCADA,133,0.008461472369582612
0,x_tcsc,1-14,-0.139811517951264,44,-0.1350911960720561,MAP_SCADA,133,0.0047203218792079005
1,B_svc,2,0.29671087376323174,44,0.278060811206263,MAP_SCADA,133,0.018650062556968716
2,UPFC_Vsh,5-15,1.1028977831949425,44,1.1052845868824175,MAP_SCADA,133,0.0023868036874750143
3,UPFC_tsh,5-15,-0.22646896973694672,44,-0.22853748320535924,MAP_SCADA,133,0.002068513468412525
4,UPFC_Vse,5-15,0.06049594237847763,44,0.06138765196790871,MAP_SCADA,133,0.0008917095894310847
5,UPFC_tse,5-15,-2.1480555669771535,44,-2.156084319876311,MAP_SCADA,133,0.00802875289915761
0,x_tcsc,1-14,-0.14052857428117096,45,-0.1350911960720561,MAP_SCADA,133,0.005437378209114857
1,B_svc,2,0.29656433459849,45,0.278060811206263,MAP_SCADA,133,0.018503523392226995
2,UPFC_Vsh,5-15,1.105353337485876,45,1.1052845868824175,MAP_SCADA,133,6.875060345845618e-05
3,UPFC_tsh,5-15,-0.2250383220991583,45,-0.22853748320535924,MAP_SCADA,133,0.0034991611062009376
4,UPFC_Vse,5-15,0.05983092960988044,45,0.06138765196790871,MAP_SCADA,133,0.0015567223580282702
5,UPFC_tse,5-15,-2.1495930852050207,45,-2.156084319876311,MAP_SCADA,133,0.0064912346712904245
0,x_tcsc,1-14,-0.13895079535319532,46,-0.1350911960720561,MAP_SCADA,133,0.0038595992811392144
1,B_svc,2,0.2964461038118466,46,0.278060811206263,MAP_SCADA,133,0.01838529260558358
2,UPFC_Vsh,5-15,1.1048489870248948,46,1.1052845868824175,MAP_SCADA,133,0.00043559985752272823
3,UPFC_tsh,5-15,-0.22489720469760976,46,-0.22853748320535924,MAP_SCADA,133,0.003640278507749478
4,UPFC_Vse,5-15,0.06055886878461661,46,0.06138765196790871,MAP_SCADA,133,0.0008287831832921033
5,UPFC_tse,5-15,-2.143860217935244,46,-2.156084319876311,MAP_SCADA,133,0.012224101941066934
0,x_tcsc,1-14,-0.13913388965149576,47,-0.1350911960720561,MAP_SCADA,133,0.004042693579439649
1,B_svc,2,0.2984715848952935,47,0.278060811206263,MAP_SCADA,133,0.020410773689030492
2,UPFC_Vsh,5-15,1.103504153241162,47,1.1052845868824175,MAP_SCADA,133,0.0017804336412554633
3,UPFC_tsh,5-15,-0.22569345557829593,47,-0.22853748320535924,MAP_SCADA,133,0.002844027627063317
4,UPFC_Vse,5-15,0.0599048945666807,47,0.06138765196790871,MAP_SCADA,133,0.0014827574012280104
5,UPFC_tse,5-15,-2.147264956699322,47,-2.156084319876311,MAP_SCADA,133,0.008819363176989281
0,x_tcsc,1-14,-0.1388308665670919,48,-0.1350911960720561,MAP_SCADA,133,0.0037396704950357906
1,B_svc,2,0.2980432939421639,48,0.278060811206263,MAP_SCADA,133,0.019982482735900864
2,UPFC_Vsh,5-15,1.1046129074545643,48,1.1052845868824175,MAP_SCADA,133,0.0006716794278531779
3,UPFC_tsh,5-15,-0.22600620862937293,48,-0.22853748320535924,MAP_SCADA,133,0.0025312745759863142
4,UPFC_Vse,5-15,0.059986161692255846,48,0.06138765196790871,MAP_SCADA,133,0.0014014902756528669
5,UPFC_tse,5-15,-2.1500646836679387,48,-2.156084319876311,MAP_SCADA,133,0.006019636208372425
0,x_tcsc,1-14,-0.13678999882709117,49,-0.1350911960720561,MAP_SCADA,133,0.0016988027550350615
1,B_svc,2,0.3048122495750491,49,0.278060811206263,MAP_SCADA,133,0.026751438368786074
2,UPFC_Vsh,5-15,1.1028142767271474,49,1.1052845868824175,MAP_SCADA,133,0.0024703101552701057
3,UPFC_tsh,5-15,-0.22789640504364608,49,-0.22853748320535924,MAP_SCADA,133,0.00064107816171316
4,UPFC_Vse,5-15,0.06019102860432917,49,0.06138765196790871,MAP_SCADA,133,0.0011966233635795423
5,UPFC_tse,5-15,-2.1502166423072926,49,-2.156084319876311,MAP_SCADA,133,0.0058676775690185146
0,x_tcsc,1-14,-0.13844327078259241,50,-0.1350911960720561,MAP_SCADA,133,0.003352074710536307
1,B_svc,2,0.296185019327285,50,0.278060811206263,MAP_SCADA,133,0.018124208121022
2,UPFC_Vsh,5-15,1.103699644975238,50,1.1052845868824175,MAP_SCADA,133,0.0015849419071793935
3,UPFC_tsh,5-15,-0.22623525675338108,50,-0.22853748320535924,MAP_SCADA,133,0.0023022264519781677
4,UPFC_Vse,5-15,0.060455226854863514,50,0.06138765196790871,MAP_SCADA,133,0.0009324251130451988
5,UPFC_tse,5-15,-2.147736097903853,50,-2.156084319876311,MAP_SCADA,133,0.008348221972457992
0,x_tcsc,1-14,-0.13932493877968363,51,-0.1350911960720561,MAP_SCADA,133,0.004233742707627525
1,B_svc,2,0.29545982958944195,51,0.278060811206263,MAP_SCADA,133,0.01739901838317892
2,UPFC_Vsh,5-15,1.1041996971003738,51,1.1052845868824175,MAP_SCADA,133,0.0010848897820436854
3,UPFC_tsh,5-15,-0.2259362461468297,51,-0.22853748320535924,MAP_SCADA,133,0.0026012370585295486
4,UPFC_Vse,5-15,0.060608605431686384,51,0.06138765196790871,MAP_SCADA,133,0.0007790465362223289
5,UPFC_tse,5-15,-2.147654032566646,51,-2.156084319876311,MAP_SCADA,133,0.008430287309665108
0,x_tcsc,1-14,-0.13877429196352978,52,-0.1350911960720561,MAP_SCADA,133,0.00368309589147367
1,B_svc,2,0.2955519365557847,52,0.278060811206263,MAP_SCADA,133,0.017491125349521686
2,UPFC_Vsh,5-15,1.103401285053523,52,1.1052845868824175,MAP_SCADA,133,0.0018833018288944015
3,UPFC_tsh,5-15,-0.2256970092293021,52,-0.22853748320535924,MAP_SCADA,133,0.002840473976057134
4,UPFC_Vse,5-15,0.060037529394786515,52,0.06138765196790871,MAP_SCADA,133,0.0013501225731221977
5,UPFC_tse,5-15,-2.1502566117296222,52,-2.156084319876311,MAP_SCADA,133,0.00582770814668887
0,x_tcsc,1-14,-0.13719206890746846,53,-0.1350911960720561,MAP_SCADA,133,0.002100872835412354
1,B_svc,2,0.2997239554174644,53,0.278060811206263,MAP_SCADA,133,0.021663144211201357
2,UPFC_Vsh,5-15,1.1040769980954428,53,1.1052845868824175,MAP_SCADA,133,0.0012075887869746893
3,UPFC_tsh,5-15,-0.22720083749051107,53,-0.22853748320535924,MAP_SCADA,133,0.001336645714848178
4,UPFC_Vse,5-15,0.06010456096434186,53,0.06138765196790871,MAP_SCADA,133,0.0012830910035668552
5,UPFC_tse,5-15,-2.1545612967427794,53,-2.156084319876311,MAP_SCADA,133,0.001523023133531698
0,x_tcsc,1-14,-0.13798824104664212,54,-0.1350911960720561,MAP_SCADA,133,0.0028970449745860105
1,B_svc,2,0.30227977719608706,54,0.278060811206263,MAP_SCADA,133,0.024218965989824037
2,UPFC_Vsh,5-15,1.103186529193495,54,1.1052845868824175,MAP_SCADA,133,0.002098057688922461
3,UPFC_tsh,5-15,-0.22683808163686253,54,-0.22853748320535924,MAP_SCADA,133,0.0016994015684967112
4,UPFC_Vse,5-15,0.06059927539276227,54,0.06138765196790871,MAP_SCADA,133,0.0007883765751464447
5,UPFC_tse,5-15,-2.1470201328700975,54,-2.156084319876311,MAP_SCADA,133,0.009064187006213587
0,x_tcsc,1-14,-0.13861819969654465,55,-0.1350911960720561,MAP_SCADA,133,0.003527003624488545
1,B_svc,2,0.2982281439530429,55,0.278060811206263,MAP_SCADA,133,0.020167332746779898
2,UPFC_Vsh,5-15,1.1062975037791578,55,1.1052845868824175,MAP_SCADA,133,0.0010129168967403235
3,UPFC_tsh,5-15,-0.2256201950046325,55,-0.22853748320535924,MAP_SCADA,133,0.002917288200726731
4,UPFC_Vse,5-15,0.06010544691893832,55,0.06138765196790871,MAP_SCADA,133,0.0012822050489703918
5,UPFC_tse,5-15,-2.1486231597502226,55,-2.156084319876311,MAP_SCADA,133,0.007461160126088551
0,x_tcsc,1-14,-0.13821983146765665,56,-0.1350911960720561,MAP_SCADA,133,0.003128635395600543
1,B_svc,2,0.3011376864684205,56,0.278060811206263,MAP_SCADA,133,0.02307687526215746
2,UPFC_Vsh,5-15,1.104502511352792,56,1.1052845868824175,MAP_SCADA,133,0.0007820755296255033
3,UPFC_tsh,5-15,-0.22690992863944798,56,-0.22853748320535924,MAP_SCADA,133,0.0016275545659112656
4,UPFC_Vse,5-15,0.06015288344386399,56,0.06138765196790871,MAP_SCADA,133,0.0012347685240447215
5,UPFC_tse,5-15,-2.145879885001655,56,-2.156084319876311,MAP_SCADA,133,0.010204434874656165
0,x_tcsc,1-14,-0.13767132395109832,57,-0.1350911960720561,MAP_SCADA,133,0.0025801278790422155
1,B_svc,2,0.29706997285255465,57,0.278060811206263,MAP_SCADA,133,0.019009161646291628
2,UPFC_Vsh,5-15,1.1075096933847748,57,1.1052845868824175,MAP_SCADA,133,0.002225106502357299
3,UPFC_tsh,5-15,-0.22571755461786697,57,-0.22853748320535924,MAP_SCADA,133,0.0028199285874922764
4,UPFC_Vse,5-15,0.05995041538130148,57,0.06138765196790871,MAP_SCADA,133,0.0014372365866072295
5,UPFC_tse,5-15,-2.1442045134949352,57,-2.156084319876311,MAP_SCADA,133,0.011879806381375868
0,x_tcsc,1-14,-0.14025304881818126,58,-0.1350911960720561,MAP_SCADA,133,0.005161852746125156
1,B_svc,2,0.2943751922505254,58,0.278060811206263,MAP_SCADA,133,0.01631438104426236
2,UPFC_Vsh,5-15,1.1043382438971199,58,1.1052845868824175,MAP_SCADA,133,0.0009463429852976102
3,UPFC_tsh,5-15,-0.22596942597343528,58,-0.22853748320535924,MAP_SCADA,133,0.0025680572319239647
4,UPFC_Vse,5-15,0.05989844619524658,58,0.06138765196790871,MAP_SCADA,133,0.001489205772662136
5,UPFC_tse,5-15,-2.150392797073834,58,-2.156084319876311,MAP_SCADA,133,0.005691522802476978
0,x_tcsc,1-14,-0.13948574348694037,59,-0.1350911960720561,MAP_SCADA,133,0.0043945474148842645
1,B_svc,2,0.29361040067047306,59,0.278060811206263,MAP_SCADA,133,0.015549589464210034
2,UPFC_Vsh,5-15,1.1024436446396637,59,1.1052845868824175,MAP_SCADA,133,0.0028409422427537745
3,UPFC_tsh,5-15,-0.2260962852316475,59,-0.22853748320535924,MAP_SCADA,133,0.002441197973711756
4,UPFC_Vse,5-15,0.0603760348307006,59,0.06138765196790871,MAP_SCADA,133,0.0010116171372081123
5,UPFC_tse,5-15,-2.153027024774551,59,-2.156084319876311,MAP_SCADA,133,0.0030572951017600047
0,x_tcsc,1-14,-0.13734548040088565,60,-0.1350911960720561,MAP_SCADA,133,0.002254284328829542
1,B_svc,2,0.3050931327260433,60,0.278060811206263,MAP_SCADA,133,0.0270323215197803
2,UPFC_Vsh,5-15,1.1024510869435684,60,1.1052845868824175,MAP_SCADA,133,0.002833499938849071
3,UPFC_tsh,5-15,-0.22792302563646952,60,-0.22853748320535924,MAP_SCADA,133,0.0006144575688897258
4,UPFC_Vse,5-15,0.05994697426279195,60,0.06138765196790871,MAP_SCADA,133,0.001440677705116765
5,UPFC_tse,5-15,-2.1533501829787167,60,-2.156084319876311,MAP_SCADA,133,0.002734136897594386
0,x_tcsc,1-14,-0.13962038629562434,61,-0.1350911960720561,MAP_SCADA,133,0.004529190223568236
1,B_svc,2,0.2962995497542139,61,0.278060811206263,MAP_SCADA,133,0.018238738547950883
2,UPFC_Vsh,5-15,1.1029814234863042,61,1.1052845868824175,MAP_SCADA,133,0.0023031633961132503
3,UPFC_tsh,5-15,-0.22586234776028932,61,-0.22853748320535924,MAP_SCADA,133,0.0026751354450699205
4,UPFC_Vse,5-15,0.06022765102223543,61,0.06138765196790871,MAP_SCADA,133,0.001160000945673284
5,UPFC_tse,5-15,-2.1501775445709037,61,-2.156084319876311,MAP_SCADA,133,0.005906775305407397
0,x_tcsc,1-14,-0.1395880404530107,62,-0.1350911960720561,MAP_SCADA,133,0.004496844380954601
1,B_svc,2,0.29959101759192003,62,0.278060811206263,MAP_SCADA,133,0.021530206385657003
2,UPFC_Vsh,5-15,1.1049893981731653,62,1.1052845868824175,MAP_SCADA,133,0.0002951887092521588
3,UPFC_tsh,5-15,-0.2262864238321893,62,-0.22853748320535924,MAP_SCADA,133,0.002251059373169939
4,UPFC_Vse,5-15,0.0599799436649154,62,0.06138765196790871,MAP_SCADA,133,0.0014077083029933116
5,UPFC_tse,5-15,-2.1470839299587956,62,-2.156084319876311,MAP_SCADA,133,0.009000389917515506
0,x_tcsc,1-14,-0.13819293186036755,63,-0.1350911960720561,MAP_SCADA,133,0.0031017357883114383
1,B_svc,2,0.2947934783829856,63,0.278060811206263,MAP_SCADA,133,0.01673266717672256
2,UPFC_Vsh,5-15,1.105386686753126,63,1.1052845868824175,MAP_SCADA,133,0.00010209987070841642
3,UPFC_tsh,5-15,-0.226096774621023,63,-0.22853748320535924,MAP_SCADA,133,0.002440708584336232
4,UPFC_Vse,5-15,0.06026503639942282,63,0.06138765196790871,MAP_SCADA,133,0.0011226155684858907
5,UPFC_tse,5-15,-2.1446743398568286,63,-2.156084319876311,MAP_SCADA,133,0.011409980019482457
0,x_tcsc,1-14,-0.13921022468365188,64,-0.1350911960720561,MAP_SCADA,133,0.004119028611595771
1,B_svc,2,0.30291283652156065,64,0.278060811206263,MAP_SCADA,133,0.02485202531529762
2,UPFC_Vsh,5-15,1.1017025311267963,64,1.1052845868824175,MAP_SCADA,133,0.003582055755621205
3,UPFC_tsh,5-15,-0.22647964204765078,64,-0.22853748320535924,MAP_SCADA,133,0.002057841157708462
4,UPFC_Vse,5-15,0.06037988534906229,64,0.06138765196790871,MAP_SCADA,133,0.0010077666188464257
5,UPFC_tse,5-15,-2.1467661078239084,64,-2.156084319876311,MAP_SCADA,133,0.009318212052402686
0,x_tcsc,1-14,-0.13754706013970006,65,-0.1350911960720561,MAP_SCADA,133,0.002455864067643948
1,B_svc,2,0.3033542225314747,65,0.278060811206263,MAP_SCADA,133,0.02529341132521168
2,UPFC_Vsh,5-15,1.102491949482756,65,1.1052845868824175,MAP_SCADA,133,0.002792637399661402
3,UPFC_tsh,5-15,-0.22779893595847883,65,-0.22853748320535924,MAP_SCADA,133,0.0007385472468804111
4,UPFC_Vse,5-15,0.060129879626394565,65,0.06138765196790871,MAP_SCADA,133,0.0012577723415141476
5,UPFC_tse,5-15,-2.151886632505937,65,-2.156084319876311,MAP_SCADA,133,0.004197687370373959
0,x_tcsc,1-14,-0.13851879659942265,66,-0.1350911960720561,MAP_SCADA,133,0.003427600527366542
1,B_svc,2,0.30098243833297045,66,0.278060811206263,MAP_SCADA,133,0.022921627126707422
2,UPFC_Vsh,5-15,1.1037986787727152,66,1.1052845868824175,MAP_SCADA,133,0.001485908109702283
3,UPFC_tsh,5-15,-0.2266876249058762,66,-0.22853748320535924,MAP_SCADA,133,0.0018498582994830315
4,UPFC_Vse,5-15,0.059659010943204104,66,0.06138765196790871,MAP_SCADA,133,0.0017286410247046094
5,UPFC_tse,5-15,-2.145454356885726,66,-2.156084319876311,MAP_SCADA,133,0.010629962990585273
0,x_tcsc,1-14,-0.13891729932627214,67,-0.1350911960720561,MAP_SCADA,133,0.0038261032542160345
1,B_svc,2,0.29894763571785266,67,0.278060811206263,MAP_SCADA,133,0.02088682451158963
2,UPFC_Vsh,5-15,1.1052742411757022,67,1.1052845868824175,MAP_SCADA,133,1.0345706715320091e-05
3,UPFC_tsh,5-15,-0.22678710475996916,67,-0.22853748320535924,MAP_SCADA,133,0.0017503784453900828
4,UPFC_Vse,5-15,0.06021758539380588,67,0.06138765196790871,MAP_SCADA,133,0.001170066574102832
5,UPFC_tse,5-15,-2.1460217532626857,67,-2.156084319876311,MAP_SCADA,133,0.010062566613625368
0,x_tcsc,1-14,-0.1400113610368814,68,-0.1350911960720561,MAP_SCADA,133,0.00492016496482528
1,B_svc,2,0.2886082954586116,68,0.278060811206263,MAP_SCADA,133,0.010547484252348582
2,UPFC_Vsh,5-15,1.1086243994812912,68,1.1052845868824175,MAP_SCADA,133,0.003339812598873726
3,UPFC_tsh,5-15,-0.22463470542028693,68,-0.22853748320535924,MAP_SCADA,133,0.003902777785072309
4,UPFC_Vse,5-15,0.05987369804048943,68,0.06138765196790871,MAP_SCADA,133,0.0015139539274192856
5,UPFC_tse,5-15,-2.1449589252236083,68,-2.156084319876311,MAP_SCADA,133,0.011125394652702791
0,x_tcsc,1-14,-0.1391771725391201,69,-0.1350911960720561,MAP_SCADA,133,0.00408597646706399
1,B_svc,2,0.2949481090376491,69,0.278060811206263,MAP_SCADA,133,0.016887297831386094
2,UPFC_Vsh,5-15,1.1044387529335438,69,1.1052845868824175,MAP_SCADA,133,0.0008458339488737199
3,UPFC_tsh,5-15,-0.2255383734968782,69,-0.22853748320535924,MAP_SCADA,133,0.0029991097084810514
4,UPFC_Vse,5-15,0.06053740626463348,69,0.06138765196790871,MAP_SCADA,133,0.0008502457032752361
5,UPFC_tse,5-15,-2.147341439047312,69,-2.156084319876311,MAP_SCADA,133,0.008742880828999322
0,x_tcsc,1-14,-0.14030892296009884,70,-0.1350911960720561,MAP_SCADA,133,0.0052177268880427286
1,B_svc,2,0.28916581192604307,70,0.278060811206263,MAP_SCADA,133,0.011105000719780045
2,UPFC_Vsh,5-15,1.105617684280865,70,1.1052845868824175,MAP_SCADA,133,0.0003330973984474461
3,UPFC_tsh,5-15,-0.22463776111187436,70,-0.22853748320535924,MAP_SCADA,133,0.003899722093484881
4,UPFC_Vse,5-15,0.05922766099819131,70,0.06138765196790871,MAP_SCADA,133,0.002159990969717404
5,UPFC_tse,5-15,-2.146793521944589,70,-2.156084319876311,MAP_SCADA,133,0.00929079793172205
0,x_tcsc,1-14,-0.13912161106384616,71,-0.1350911960720561,MAP_SCADA,133,0.004030414991790049
1,B_svc,2,0.29390301176538924,71,0.278060811206263,MAP_SCADA,133,0.01584220055912622
2,UPFC_Vsh,5-15,1.1066642973847154,71,1.1052845868824175,MAP_SCADA,133,0.001379710502297904
3,UPFC_tsh,5-15,-0.225605363251747,71,-0.22853748320535924,MAP_SCADA,133,0.0029321199536122555
4,UPFC_Vse,5-15,0.05939111103551805,71,0.06138765196790871,MAP_SCADA,133,0.0019965409323906627
5,UPFC_tse,5-15,-2.1477863279580256,71,-2.156084319876311,MAP_SCADA,133,0.008297991918285508
0,x_tcsc,1-14,-0.14056060725207833,72,-0.1350911960720561,MAP_SCADA,133,0.005469411180022227
1,B_svc,2,0.2905575884448555,72,0.278060811206263,MAP_SCADA,133,0.012496777238592494
2,UPFC_Vsh,5-15,1.1041119417122978,72,1.1052845868824175,MAP_SCADA,133,0.0011726451701197238
3,UPFC_tsh,5-15,-0.22535657625741115,72,-0.22853748320535924,MAP_SCADA,133,0.0031809069479480923
4,UPFC_Vse,5-15,0.060107674310286366,72,0.06138765196790871,MAP_SCADA,133,0.001279977657622347
5,UPFC_tse,5-15,-2.1468883355909685,72,-2.156084319876311,MAP_SCADA,133,0.009195984285342629
0,x_tcsc,1-14,-0.1388155879410626,73,-0.1350911960720561,MAP_SCADA,133,0.003724391869006499
1,B_svc,2,0.2955615078968038,73,0.278060811206263,MAP_SCADA,133,0.017500696690540773
2,UPFC_Vsh,5-15,1.105298350292251,73,1.1052845868824175,MAP_SCADA,133,1.3763409833611462e-05
3,UPFC_tsh,5-15,-0.22593649996615559,73,-0.22853748320535924,MAP_SCADA,133,0.002600983239203658
4,UPFC_Vse,5-15,0.05985474709110416,73,0.06138765196790871,MAP_SCADA,133,0.0015329048768045542
5,UPFC_tse,5-15,-2.1511679849735295,73,-2.156084319876311,MAP_SCADA,133,0.004916334902781649
0,x_tcsc,1-14,-0.1398233764460126,74,-0.1350911960720561,MAP_SCADA,133,0.004732180373956479
1,B_svc,2,0.2954338977334575,74,0.278060811206263,MAP_SCADA,133,0.017373086527194492
2,UPFC_Vsh,5-15,1.1071480139212553,74,1.1052845868824175,MAP_SCADA,133,0.001863427038837795
3,UPFC_tsh,5-15,-0.22453926962252754,74,-0.22853748320535924,MAP_SCADA,133,0.0039982135828317
4,UPFC_Vse,5-15,0.060687580449417494,74,0.06138765196790871,MAP_SCADA,133,0.0007000715184912187
5,UPFC_tse,5-15,-2.14433718069863,74,-2.156084319876311,MAP_SCADA,133,0.01174713917768111
0,x_tcsc,1-14,-0.13985189874829726,75,-0.1350911960720561,MAP_SCADA,133,0.004760702676241152
1,B_svc,2,0.29688805571872745,75,0.278060811206263,MAP_SCADA,133,0.018827244512464425
2,UPFC_Vsh,5-15,1.1046618916641544,75,1.1052845868824175,MAP_SCADA,133,0.0006226952182630807
3,UPFC_tsh,5-15,-0.22601035217733573,75,-0.22853748320535924,MAP_SCADA,133,0.002527131028023516
4,UPFC_Vse,5-15,0.06080895520400906,75,0.06138765196790871,MAP_SCADA,133,0.0005786967638996554
5,UPFC_tse,5-15,-2.1404242421104898,75,-2.156084319876311,MAP_SCADA,133,0.015660077765821345
0,x_tcsc,1-14,-0.13957144471102523,76,-0.1350911960720561,MAP_SCADA,133,0.00448024863896912
1,B_svc,2,0.2923765380368501,76,0.278060811206263,MAP_SCADA,133,0.014315726830587072
2,UPFC_Vsh,5-15,1.1054871009105336,76,1.1052845868824175,MAP_SCADA,133,0.00020251402811610753
3,UPFC_tsh,5-15,-0.22482937095352573,76,-0.22853748320535924,MAP_SCADA,133,0.003708112251833512
4,UPFC_Vse,5-15,0.06030011511679539,76,0.06138765196790871,MAP_SCADA,133,0.0010875368511133257
5,UPFC_tse,5-15,-2.1476767706995723,76,-2.156084319876311,MAP_SCADA,133,0.008407549176738804
0,x_tcsc,1-14,-0.13862326408102932,77,-0.1350911960720561,MAP_SCADA,133,0.0035320680089732104
1,B_svc,2,0.297354900166559,77,0.278060811206263,MAP_SCADA,133,0.019294088960295996
2,UPFC_Vsh,5-15,1.1047507912466037,77,1.1052845868824175,MAP_SCADA,133,0.0005337956358137941
3,UPFC_tsh,5-15,-0.22604008379772728,77,-0.22853748320535924,MAP_SCADA,133,0.002497399407631967
4,UPFC_Vse,5-15,0.05988669983780915,77,0.06138765196790871,MAP_SCADA,133,0.001500952130099563
5,UPFC_tse,5-15,-2.149920976773672,77,-2.156084319876311,MAP_SCADA,133,0.006163343102639107
0,x_tcsc,1-14,-0.14014173897371188,78,-0.1350911960720561,MAP_SCADA,133,0.005050542901655769
1,B_svc,2,0.29808804198602606,78,0.278060811206263,MAP_SCADA,133,0.02002723077976304
2,UPFC_Vsh,5-15,1.1020250874796236,78,1.1052845868824175,MAP_SCADA,133,0.0032594994027939084
3,UPFC_tsh,5-15,-0.22709406986485264,78,-0.22853748320535924,MAP_SCADA,133,0.0014434133405065996
4,UPFC_Vse,5-15,0.06038098624706862,78,0.06138765196790871,MAP_SCADA,133,0.0010066657208400928
5,UPFC_tse,5-15,-2.147555642474961,78,-2.156084319876311,MAP_SCADA,133,0.008528677401350215
0,x_tcsc,1-14,-0.138494991935145,79,-0.1350911960720561,MAP_SCADA,133,0.003403795863088893
1,B_svc,2,0.29935793585946774,79,0.278060811206263,MAP_SCADA,133,0.021297124653204713
2,UPFC_Vsh,5-15,1.1044861845431309,79,1.1052845868824175,MAP_SCADA,133,0.0007984023392866302
3,UPFC_tsh,5-15,-0.2267156972470802,79,-0.22853748320535924,MAP_SCADA,133,0.001821785958279032
4,UPFC_Vse,5-15,0.06014279391207925,79,0.06138765196790871,MAP_SCADA,133,0.0012448580558294606
5,UPFC_tse,5-15,-2.148430129095994,79,-2.156084319876311,MAP_SCADA,133,0.007654190780316927
0,x_tcsc,1-14,-0.13850198239680195,80,-0.1350911960720561,MAP_SCADA,133,0.0034107863247458403
1,B_svc,2,0.2949269015440459,80,0.278060811206263,MAP_SCADA,133,0.016866090337782857
2,UPFC_Vsh,5-15,1.1046154754089028,80,1.1052845868824175,MAP_SCADA,133,0.0006691114735146719
3,UPFC_tsh,5-15,-0.22601633684968597,80,-0.22853748320535924,MAP_SCADA,133,0.0025211463556732705
4,UPFC_Vse,5-15,0.05995997222132473,80,0.06138765196790871,MAP_SCADA,133,0.0014276797465839833
5,UPFC_tse,5-15,-2.151054139576775,80,-2.156084319876311,MAP_SCADA,133,0.00503018029953628
0,x_tcsc,1-14,-0.13966617912573293,81,-0.1350911960720561,MAP_SCADA,133,0.004574983053676818
1,B_svc,2,0.29315893366360213,81,0.278060811206263,MAP_SCADA,133,0.015098122457339103
2,UPFC_Vsh,5-15,1.1060385957878638,81,1.1052845868824175,MAP_SCADA,133,0.0007540089054463017
3,UPFC_tsh,5-15,-0.22521413775523438,81,-0.22853748320535924,MAP_SCADA,133,0.0033233454501248594
4,UPFC_Vse,5-15,0.060315117957685425,81,0.06138765196790871,MAP_SCADA,133,0.0010725340102232875
5,UPFC_tse,5-15,-2.139918566642995,81,-2.156084319876311,MAP_SCADA,133,0.01616575323331615
0,x_tcsc,1-14,-0.13893154787813156,82,-0.1350911960720561,MAP_SCADA,133,0.0038403518060754482
1,B_svc,2,0.3003519178065197,82,0.278060811206263,MAP_SCADA,133,0.022291106600256683
2,UPFC_Vsh,5-15,1.105211713292877,82,1.1052845868824175,MAP_SCADA,133,7.287358954055634e-05
3,UPFC_tsh,5-15,-0.22601346607340225,82,-0.22853748320535924,MAP_SCADA,133,0.0025240171319569904
4,UPFC_Vse,5-15,0.05983889382632722,82,0.06138765196790871,MAP_SCADA,133,0.0015487581415814938
5,UPFC_tse,5-15,-2.145681020772069,82,-2.156084319876311,MAP_SCADA,133,0.010403299104241981
0,x_tcsc,1-14,-0.13768340688018318,83,-0.1350911960720561,MAP_SCADA,133,0.0025922108081270767
1,B_svc,2,0.2994261065484856,83,0.278060811206263,MAP_SCADA,133,0.02136529534222259
2,UPFC_Vsh,5-15,1.101703543833773,83,1.1052845868824175,MAP_SCADA,133,0.0035810430486444833
3,UPFC_tsh,5-15,-0.2279174035804127,83,-0.22853748320535924,MAP_SCADA,133,0.0006200796249465346
4,UPFC_Vse,5-15,0.06055765787005787,83,0.06138765196790871,MAP_SCADA,133,0.000829994097850846
5,UPFC_tse,5-15,-2.1510343991375835,83,-2.156084319876311,MAP_SCADA,133,0.005049920738727565
0,x_tcsc,1-14,-0.1373216491922542,84,-0.1350911960720561,MAP_SCADA,133,0.002230453120198095
1,B_svc,2,0.2927348858620752,84,0.278060811206263,MAP_SCADA,133,0.014674074655812164
2,UPFC_Vsh,5-15,1.1067500551576062,84,1.1052845868824175,MAP_SCADA,133,0.001465468275188675
3,UPFC_tsh,5-15,-0.22563770740787648,84,-0.22853748320535924,MAP_SCADA,133,0.0028997757974827676
4,UPFC_Vse,5-15,0.06014896913171909,84,0.06138765196790871,MAP_SCADA,133,0.0012386828361896224
5,UPFC_tse,5-15,-2.144710256275567,84,-2.156084319876311,MAP_SCADA,133,0.011374063600744222
0,x_tcsc,1-14,-0.1368727184297969,85,-0.1350911960720561,MAP_SCADA,133,0.001781522357740789
1,B_svc,2,0.3042076338471711,85,0.278060811206263,MAP_SCADA,133,0.026146822640908063
2,UPFC_Vsh,5-15,1.1020224083109054,85,1.1052845868824175,MAP_SCADA,133,0.00326217857151212
3,UPFC_tsh,5-15,-0.22809833192717974,85,-0.22853748320535924,MAP_SCADA,133,0.00043915127817950594
4,UPFC_Vse,5-15,0.059876587389066586,85,0.06138765196790871,MAP_SCADA,133,0.0015110645788421265
5,UPFC_tse,5-15,-2.1513163216563593,85,-2.156084319876311,MAP_SCADA,133,0.0047679982199517745
0,x_tcsc,1-14,-0.1384535459587959,86,-0.1350911960720561,MAP_SCADA,133,0.0033623498867397794
1,B_svc,2,0.2997617930927,86,0.278060811206263,MAP_SCADA,133,0.021700981886436987
2,UPFC_Vsh,5-15,1.103946923652292,86,1.1052845868824175,MAP_SCADA,133,0.0013376632301254077
3,UPFC_tsh,5-15,-0.22620783362035,86,-0.22853748320535924,MAP_SCADA,133,0.0023296495850092525
4,UPFC_Vse,5-15,0.060450061537411046,86,0.06138765196790871,MAP_SCADA,133,0.0009375904304976673
5,UPFC_tse,5-15,-2.1479966642306616,86,-2.156084319876311,MAP_SCADA,133,0.008087655645649505
0,x_tcsc,1-14,-0.13890739555022136,87,-0.1350911960720561,MAP_SCADA,133,0.0038161994781652497
1,B_svc,2,0.29816419122844867,87,0.278060811206263,MAP_SCADA,133,0.020103380022185646
2,UPFC_Vsh,5-15,1.1032871777219062,87,1.1052845868824175,MAP_SCADA,133,0.0019974091605112765
3,UPFC_tsh,5-15,-0.226681685374232,87,-0.22853748320535924,MAP_SCADA,133,0.0018557978311272427
4,UPFC_Vse,5-15,0.06018735647973197,87,0.06138765196790871,MAP_SCADA,133,0.001200295488176746
5,UPFC_tse,5-15,-2.1458589466601703,87,-2.156084319876311,MAP_SCADA,133,0.01022537321614081
0,x_tcsc,1-14,-0.13941829242216902,88,-0.1350911960720561,MAP_SCADA,133,0.004327096350112913
1,B_svc,2,0.29807485035769715,88,0.278060811206263,MAP_SCADA,133,0.020014039151434126
2,UPFC_Vsh,5-15,1.1045063121793453,88,1.1052845868824175,MAP_SCADA,133,0.0007782747030722348
3,UPFC_tsh,5-15,-0.22623395074146235,88,-0.22853748320535924,MAP_SCADA,133,0.00230353246389689
4,UPFC_Vse,5-15,0.05955271496810949,88,0.06138765196790871,MAP_SCADA,133,0.0018349369997992249
5,UPFC_tse,5-15,-2.147882351498537,88,-2.156084319876311,MAP_SCADA,133,0.008201968377774094
0,x_tcsc,1-14,-0.13722912029411927,89,-0.1350911960720561,MAP_SCADA,133,0.002137924222063159
1,B_svc,2,0.30411101001131285,89,0.278060811206263,MAP_SCADA,133,0.02605019880504983
2,UPFC_Vsh,5-15,1.1036311349152752,89,1.1052845868824175,MAP_SCADA,133,0.0016534519671422832
3,UPFC_tsh,5-15,-0.22732067939310316,89,-0.22853748320535924,MAP_SCADA,133,0.0012168038122560842
4,UPFC_Vse,5-15,0.06012593040018313,89,0.06138765196790871,MAP_SCADA,133,0.0012617215677255822
5,UPFC_tse,5-15,-2.148379421260987,89,-2.156084319876311,MAP_SCADA,133,0.007704898615324307
0,x_tcsc,1-14,-0.14066230142333347,90,-0.1350911960720561,MAP_SCADA,133,0.005571105351277361
1,B_svc,2,0.28639808623031715,90,0.278060811206263,MAP_SCADA,133,0.008337275024054125
2,UPFC_Vsh,5-15,1.1053975417805695,90,1.1052845868824175,MAP_SCADA,133,0.00011295489815199566
3,UPFC_tsh,5-15,-0.2244789968365249,90,-0.22853748320535924,MAP_SCADA,133,0.004058486368834352
4,UPFC_Vse,5-15,0.05994150141665287,90,0.06138765196790871,MAP_SCADA,133,0.0014461505512558398
5,UPFC_tse,5-15,-2.1483133870233035,90,-2.156084319876311,MAP_SCADA,133,0.007770932853007562
0,x_tcsc,1-14,-0.1389034492356503,91,-0.1350911960720561,MAP_SCADA,133,0.0038122531635941814
1,B_svc,2,0.29841707717821614,91,0.278060811206263,MAP_SCADA,133,0.020356265971953114
2,UPFC_Vsh,5-15,1.1040028152967658,91,1.1052845868824175,MAP_SCADA,133,0.001281771585651681
3,UPFC_tsh,5-15,-0.22666245066459617,91,-0.22853748320535924,MAP_SCADA,133,0.001875032540763072
4,UPFC_Vse,5-15,0.060089420272586895,91,0.06138765196790871,MAP_SCADA,133,0.0012982316953218179
5,UPFC_tse,5-15,-2.1467186392760302,91,-2.156084319876311,MAP_SCADA,133,0.009365680600280868
0,x_tcsc,1-14,-0.1399247873648281,92,-0.1350911960720561,MAP_SCADA,133,0.004833591292771999
1,B_svc,2,0.29473224820962973,92,0.278060811206263,MAP_SCADA,133,0.016671437003366707
2,UPFC_Vsh,5-15,1.1051511651890191,92,1.1052845868824175,MAP_SCADA,133,0.00013342169339836119
3,UPFC_tsh,5-15,-0.22500880406455498,92,-0.22853748320535924,MAP_SCADA,133,0.003528679140804264
4,UPFC_Vse,5-15,0.059988637387086235,92,0.06138765196790871,MAP_SCADA,133,0.0013990145808224774
5,UPFC_tse,5-15,-2.143871600729615,92,-2.156084319876311,MAP_SCADA,133,0.012212719146696305
0,x_tcsc,1-14,-0.13790532230246327,93,-0.1350911960720561,MAP_SCADA,133,0.0028141262304071657
1,B_svc,2,0.3013297835636175,93,0.278060811206263,MAP_SCADA,133,0.023268972357354478
2,UPFC_Vsh,5-15,1.104168804741319,93,1.1052845868824175,MAP_SCADA,133,0.0011157821410985314
3,UPFC_tsh,5-15,-0.22684799687065,93,-0.22853748320535924,MAP_SCADA,133,0.0016894863347092504
4,UPFC_Vse,5-15,0.059842294193274324,93,0.06138765196790871,MAP_SCADA,133,0.0015453577746343886
5,UPFC_tse,5-15,-2.147633419958297,93,-2.156084319876311,MAP_SCADA,133,0.008450899918014176
0,x_tcsc,1-14,-0.13938863310282984,94,-0.1350911960720561,MAP_SCADA,133,0.004297437030773732
1,B_svc,2,0.2980292208579397,94,0.278060811206263,MAP_SCADA,133,0.019968409651676677
2,UPFC_Vsh,5-15,1.1039325054724765,94,1.1052845868824175,MAP_SCADA,133,0.0013520814099410305
3,UPFC_tsh,5-15,-0.2264616265220565,94,-0.22853748320535924,MAP_SCADA,133,0.0020758566833027348
4,UPFC_Vse,5-15,0.06017734177236146,94,0.06138765196790871,MAP_SCADA,133,0.0012103101955472512
5,UPFC_tse,5-15,-2.153993553239469,94,-2.156084319876311,MAP_SCADA,133,0.002090766636841934
0,x_tcsc,1-14,-0.13950620660961183,95,-0.1350911960720561,MAP_SCADA,133,0.004415010537555719
1,B_svc,2,0.29251821175293685,95,0.278060811206263,MAP_SCADA,133,0.014457400546673826
2,UPFC_Vsh,5-15,1.1043324817035252,95,1.1052845868824175,MAP_SCADA,133,0.0009521051788923263
3,UPFC_tsh,5-15,-0.2259389986761963,95,-0.22853748320535924,MAP_SCADA,133,0.0025984845291629477
4,UPFC_Vse,5-15,0.060131204192603406,95,0.06138765196790871,MAP_SCADA,133,0.0012564477753053069
5,UPFC_tse,5-15,-2.1486542652587537,95,-2.156084319876311,MAP_SCADA,133,0.007430054617557413
0,x_tcsc,1-14,-0.1380067973475561,96,-0.1350911960720561,MAP_SCADA,133,0.0029156012755000016
1,B_svc,2,0.3023121368267017,96,0.278060811206263,MAP_SCADA,133,0.02425132562043869
2,UPFC_Vsh,5-15,1.1044147926848344,96,1.1052845868824175,MAP_SCADA,133,0.0008697941975830403
3,UPFC_tsh,5-15,-0.22676224099022252,96,-0.22853748320535924,MAP_SCADA,133,0.0017752422151367242
4,UPFC_Vse,5-15,0.06029829200515852,96,0.06138765196790871,MAP_SCADA,133,0.0010893599627501901
5,UPFC_tse,5-15,-2.1530578859010805,96,-2.156084319876311,MAP_SCADA,133,0.0030264339752306135
0,x_tcsc,1-14,-0.14075836433980002,97,-0.1350911960720561,MAP_SCADA,133,0.005667168267743911
1,B_svc,2,0.2900573964944106,97,0.278060811206263,MAP_SCADA,133,0.011996585288147565
2,UPFC_Vsh,5-15,1.105770205928169,97,1.1052845868824175,MAP_SCADA,133,0.0004856190457516174
3,UPFC_tsh,5-15,-0.22466709487794193,97,-0.22853748320535924,MAP_SCADA,133,0.003870388327417318
4,UPFC_Vse,5-15,0.06021616597855937,97,0.06138765196790871,MAP_SCADA,133,0.0011714859893493454
5,UPFC_tse,5-15,-2.1442245668075404,97,-2.156084319876311,MAP_SCADA,133,0.01185975306877074
0,x_tcsc,1-14,-0.13872154666830117,98,-0.1350911960720561,MAP_SCADA,133,0.0036303505962450577
1,B_svc,2,0.2932544069980707,98,0.278060811206263,MAP_SCADA,133,0.01519359579180768
2,UPFC_Vsh,5-15,1.1037015110597996,98,1.1052845868824175,MAP_SCADA,133,0.001583075822617852
3,UPFC_tsh,5-15,-0.2263205983825664,98,-0.22853748320535924,MAP_SCADA,133,0.002216884822792836
4,UPFC_Vse,5-15,0.06060918663511173,98,0.06138765196790871,MAP_SCADA,133,0.0007784653327969834
5,UPFC_tse,5-15,-2.1459582127355232,98,-2.156084319876311,MAP_SCADA,133,0.010126107140787877
0,x_tcsc,1-14,-0.13955388499023125,99,-0.1350911960720561,MAP_SCADA,133,0.0044626889181751395
1,B_svc,2,0.29595704555838426,99,0.278060811206263,MAP_SCADA,133,0.017896234352121232
2,UPFC_Vsh,5-15,1.1029095704837086,99,1.1052845868824175,MAP_SCADA,133,0.0023750163987088513
3,UPFC_tsh,5-15,-0.22589227804724954,99,-0.22853748320535924,MAP_SCADA,133,0.0026452051581097036
4,UPFC_Vse,5-15,0.060001423577760095,99,0.06138765196790871,MAP_SCADA,133,0.001386228390148618
5,UPFC_tse,5-15,-2.152835962070224,99,-2.156084319876311,MAP_SCADA,133,0.003248357806087121
0,x_tcsc,1-14,-0.13900849846393998,0,-0.1346517936501981,MAP_SCADA,135,0.0043567048137418685
1,B_svc,2,0.29650527170746127,0,0.2757002747100101,MAP_SCADA,135,0.020804996997451197
2,UPFC_Vsh,5-15,1.106444059367828,0,1.1052896437161124,MAP_SCADA,135,0.0011544156517155901
3,UPFC_tsh,5-15,-0.2245452545715806,0,-0.2294291985876891,MAP_SCADA,135,0.004883944016108505
4,UPFC_Vse,5-15,0.06001100676389736,0,0.060485478662259694,MAP_SCADA,135,0.00047447189836233306
5,UPFC_tse,5-15,-2.145119974529498,0,-2.1569582826184863,MAP_SCADA,135,0.011838308088988114
0,x_tcsc,1-14,-0.1396136637504605,1,-0.1346517936501981,MAP_SCADA,135,0.004961870100262389
1,B_svc,2,0.2995471824231543,1,0.2757002747100101,MAP_SCADA,135,0.02384690771314424
2,UPFC_Vsh,5-15,1.1028977000837634,1,1.1052896437161124,MAP_SCADA,135,0.0023919436323489585
3,UPFC_tsh,5-15,-0.2262309272513375,1,-0.2294291985876891,MAP_SCADA,135,0.003198271336351588
4,UPFC_Vse,5-15,0.05984995870332151,1,0.060485478662259694,MAP_SCADA,135,0.0006355199589381869
5,UPFC_tse,5-15,-2.1443611494327808,1,-2.1569582826184863,MAP_SCADA,135,0.012597133185705545
0,x_tcsc,1-14,-0.13936421795883266,2,-0.1346517936501981,MAP_SCADA,135,0.004712424308634555
1,B_svc,2,0.29683653973325336,2,0.2757002747100101,MAP_SCADA,135,0.021136265023243284
2,UPFC_Vsh,5-15,1.1033419492207521,2,1.1052896437161124,MAP_SCADA,135,0.0019476944953602526
3,UPFC_tsh,5-15,-0.22632827632391825,2,-0.2294291985876891,MAP_SCADA,135,0.0031009222637708445
4,UPFC_Vse,5-15,0.06073139686472676,2,0.060485478662259694,MAP_SCADA,135,0.00024591820246706864
5,UPFC_tse,5-15,-2.149609244944893,2,-2.1569582826184863,MAP_SCADA,135,0.007349037673593184
0,x_tcsc,1-14,-0.13778624594440056,3,-0.1346517936501981,MAP_SCADA,135,0.00313445229420245
1,B_svc,2,0.30021723183472937,3,0.2757002747100101,MAP_SCADA,135,0.024516957124719296
2,UPFC_Vsh,5-15,1.10401400666262,3,1.1052896437161124,MAP_SCADA,135,0.0012756370534923178
3,UPFC_tsh,5-15,-0.22767381252310107,3,-0.2294291985876891,MAP_SCADA,135,0.001755386064588027
4,UPFC_Vse,5-15,0.060583952678000985,3,0.060485478662259694,MAP_SCADA,135,9.847401574129139e-05
5,UPFC_tse,5-15,-2.1492311117466207,3,-2.1569582826184863,MAP_SCADA,135,0.007727170871865585
0,x_tcsc,1-14,-0.13985462128825538,4,-0.1346517936501981,MAP_SCADA,135,0.005202827638057267
1,B_svc,2,0.296188187833812,4,0.2757002747100101,MAP_SCADA,135,0.020487913123801937
2,UPFC_Vsh,5-15,1.1026767779516253,4,1.1052896437161124,MAP_SCADA,135,0.002612865764487049
3,UPFC_tsh,5-15,-0.22641506895827404,4,-0.2294291985876891,MAP_SCADA,135,0.003014129629415052
4,UPFC_Vse,5-15,0.06010991456421456,4,0.060485478662259694,MAP_SCADA,135,0.00037556409804513635
5,UPFC_tse,5-15,-2.149924163840019,4,-2.1569582826184863,MAP_SCADA,135,0.007034118778467491
0,x_tcsc,1-14,-0.13746500879930573,5,-0.1346517936501981,MAP_SCADA,135,0.002813215149107623
1,B_svc,2,0.3034607542918911,5,0.2757002747100101,MAP_SCADA,135,0.027760479581881048
2,UPFC_Vsh,5-15,1.1006785286143699,5,1.1052896437161124,MAP_SCADA,135,0.004611115101742502
3,UPFC_tsh,5-15,-0.2273157736710889,5,-0.2294291985876891,MAP_SCADA,135,0.0021134249166001873
4,UPFC_Vse,5-15,0.06056989728741583,5,0.060485478662259694,MAP_SCADA,135,8.441862515613796e-05
5,UPFC_tse,5-15,-2.1453666812389707,5,-2.1569582826184863,MAP_SCADA,135,0.011591601379515648
0,x_tcsc,1-14,-0.13955901033275867,6,-0.1346517936501981,MAP_SCADA,135,0.004907216682560556
1,B_svc,2,0.29902140685599293,6,0.2757002747100101,MAP_SCADA,135,0.02332113214598286
2,UPFC_Vsh,5-15,1.1051095689335,6,1.1052896437161124,MAP_SCADA,135,0.00018007478261239385
3,UPFC_tsh,5-15,-0.22587728813114563,6,-0.2294291985876891,MAP_SCADA,135,0.003551910456543461
4,UPFC_Vse,5-15,0.06015700877506486,6,0.060485478662259694,MAP_SCADA,135,0.00032846988719483633
5,UPFC_tse,5-15,-2.1523236559127263,6,-2.1569582826184863,MAP_SCADA,135,0.004634626705759981
0,x_tcsc,1-14,-0.13802243210717918,7,-0.1346517936501981,MAP_SCADA,135,0.0033706384569810732
1,B_svc,2,0.2995903326742413,7,0.2757002747100101,MAP_SCADA,135,0.023890057964231215
2,UPFC_Vsh,5-15,1.1043946694822493,7,1.1052896437161124,MAP_SCADA,135,0.0008949742338630884
3,UPFC_tsh,5-15,-0.22658864844167736,7,-0.2294291985876891,MAP_SCADA,135,0.0028405501460117277
4,UPFC_Vse,5-15,0.05985353630766828,7,0.060485478662259694,MAP_SCADA,135,0.0006319423545914152
5,UPFC_tse,5-15,-2.154106660539906,7,-2.1569582826184863,MAP_SCADA,135,0.0028516220785803625
0,x_tcsc,1-14,-0.13776651479993207,8,-0.1346517936501981,MAP_SCADA,135,0.003114721149733962
1,B_svc,2,0.3034020605098786,8,0.2757002747100101,MAP_SCADA,135,0.02770178579986854
2,UPFC_Vsh,5-15,1.1038155449859017,8,1.1052896437161124,MAP_SCADA,135,0.001474098730210649
3,UPFC_tsh,5-15,-0.22729311200001734,8,-0.2294291985876891,MAP_SCADA,135,0.002136086587671754
4,UPFC_Vse,5-15,0.06036461132298206,8,0.060485478662259694,MAP_SCADA,135,0.00012086733927763049
5,UPFC_tse,5-15,-2.1549856065944772,8,-2.1569582826184863,MAP_SCADA,135,0.001972676024009079
0,x_tcsc,1-14,-0.13859247186509066,9,-0.1346517936501981,MAP_SCADA,135,0.003940678214892551
1,B_svc,2,0.29578539085512373,9,0.2757002747100101,MAP_SCADA,135,0.020085116145113657
2,UPFC_Vsh,5-15,1.104393061880654,9,1.1052896437161124,MAP_SCADA,135,0.0008965818354584876
3,UPFC_tsh,5-15,-0.2264243969300444,9,-0.2294291985876891,MAP_SCADA,135,0.00300480165764469
4,UPFC_Vse,5-15,0.060495454335872195,9,0.060485478662259694,MAP_SCADA,135,9.975673612501457e-06
5,UPFC_tse,5-15,-2.1472225881378324,9,-2.1569582826184863,MAP_SCADA,135,0.009735694480653923
0,x_tcsc,1-14,-0.14084676336732707,10,-0.1346517936501981,MAP_SCADA,135,0.006194969717128962
1,B_svc,2,0.2932031951219014,10,0.2757002747100101,MAP_SCADA,135,0.017502920411891332
2,UPFC_Vsh,5-15,1.1049799922854475,10,1.1052896437161124,MAP_SCADA,135,0.000309651430664859
3,UPFC_tsh,5-15,-0.22493217726351936,10,-0.2294291985876891,MAP_SCADA,135,0.0044970213241697365
4,UPFC_Vse,5-15,0.060052763771416585,10,0.060485478662259694,MAP_SCADA,135,0.0004327148908431083
5,UPFC_tse,5-15,-2.148328019767737,10,-2.1569582826184863,MAP_SCADA,135,0.008630262850749304
0,x_tcsc,1-14,-0.13935090874779182,11,-0.1346517936501981,MAP_SCADA,135,0.004699115097593715
1,B_svc,2,0.3000827842332406,11,0.2757002747100101,MAP_SCADA,135,0.02438250952323051
2,UPFC_Vsh,5-15,1.104322749806619,11,1.1052896437161124,MAP_SCADA,135,0.0009668939094933382
3,UPFC_tsh,5-15,-0.22644285374367815,11,-0.2294291985876891,MAP_SCADA,135,0.0029863448440109464
4,UPFC_Vse,5-15,0.06061384937727731,11,0.060485478662259694,MAP_SCADA,135,0.0001283707150176172
5,UPFC_tse,5-15,-2.1500395355490904,11,-2.1569582826184863,MAP_SCADA,135,0.006918747069395881
0,x_tcsc,1-14,-0.13886661964430397,12,-0.1346517936501981,MAP_SCADA,135,0.0042148259941058586
1,B_svc,2,0.30316520299571653,12,0.2757002747100101,MAP_SCADA,135,0.027464928285706458
2,UPFC_Vsh,5-15,1.1014851436299993,12,1.1052896437161124,MAP_SCADA,135,0.003804500086113105
3,UPFC_tsh,5-15,-0.2265947577998115,12,-0.2294291985876891,MAP_SCADA,135,0.00283444078787759
4,UPFC_Vse,5-15,0.05951054582410368,12,0.060485478662259694,MAP_SCADA,135,0.0009749328381560146
5,UPFC_tse,5-15,-2.1481486842702813,12,-2.1569582826184863,MAP_SCADA,135,0.00880959834820505
0,x_tcsc,1-14,-0.13751298016279592,13,-0.1346517936501981,MAP_SCADA,135,0.002861186512597813
1,B_svc,2,0.30138813066979114,13,0.2757002747100101,MAP_SCADA,135,0.02568785595978107
2,UPFC_Vsh,5-15,1.1048805629058702,13,1.1052896437161124,MAP_SCADA,135,0.00040908081024215726
3,UPFC_tsh,5-15,-0.22692624201313333,13,-0.2294291985876891,MAP_SCADA,135,0.0025029565745557647
4,UPFC_Vse,5-15,0.05976662311998865,13,0.060485478662259694,MAP_SCADA,135,0.0007188555422710449
5,UPFC_tse,5-15,-2.1511226488263433,13,-2.1569582826184863,MAP_SCADA,135,0.005835633792143025
0,x_tcsc,1-14,-0.1387119073551927,14,-0.1346517936501981,MAP_SCADA,135,0.0040601137049945946
1,B_svc,2,0.2991060203265386,14,0.2757002747100101,MAP_SCADA,135,0.023405745616528528
2,UPFC_Vsh,5-15,1.1043098255803496,14,1.1052896437161124,MAP_SCADA,135,0.0009798181357627556
3,UPFC_tsh,5-15,-0.22659362725435733,14,-0.2294291985876891,MAP_SCADA,135,0.00283557133333176
4,UPFC_Vse,5-15,0.05993925440151864,14,0.060485478662259694,MAP_SCADA,135,0.0005462242607410517
5,UPFC_tse,5-15,-2.147403003091212,14,-2.1569582826184863,MAP_SCADA,135,0.009555279527274418
0,x_tcsc,1-14,-0.1401347877250689,15,-0.1346517936501981,MAP_SCADA,135,0.005482994074870795
1,B_svc,2,0.29719327447259053,15,0.2757002747100101,MAP_SCADA,135,0.021492999762580456
2,UPFC_Vsh,5-15,1.10514278782043,15,1.1052896437161124,MAP_SCADA,135,0.0001468558956823074
3,UPFC_tsh,5-15,-0.22475059684335258,15,-0.2294291985876891,MAP_SCADA,135,0.0046786017443365135
4,UPFC_Vse,5-15,0.05974653222629669,15,0.060485478662259694,MAP_SCADA,135,0.000738946435963006
5,UPFC_tse,5-15,-2.1454506699074596,15,-2.1569582826184863,MAP_SCADA,135,0.011507612711026738
0,x_tcsc,1-14,-0.13657497542089506,16,-0.1346517936501981,MAP_SCADA,135,0.0019231817706969467
1,B_svc,2,0.3050354964593784,16,0.2757002747100101,MAP_SCADA,135,0.029335221749368312
2,UPFC_Vsh,5-15,1.1042529235454521,16,1.1052896437161124,MAP_SCADA,135,0.0010367201706602547
3,UPFC_tsh,5-15,-0.2272530051578728,16,-0.2294291985876891,MAP_SCADA,135,0.0021761934298162866
4,UPFC_Vse,5-15,0.05994727137748766,16,0.060485478662259694,MAP_SCADA,135,0.0005382072847720312
5,UPFC_tse,5-15,-2.1525110522626387,16,-2.1569582826184863,MAP_SCADA,135,0.004447230355847598
0,x_tcsc,1-14,-0.14031858933454772,17,-0.1346517936501981,MAP_SCADA,135,0.005666795684349607
1,B_svc,2,0.29837338229458993,17,0.2757002747100101,MAP_SCADA,135,0.022673107584579855
2,UPFC_Vsh,5-15,1.1048099590733964,17,1.1052896437161124,MAP_SCADA,135,0.0004796846427159718
3,UPFC_tsh,5-15,-0.2258268842497113,17,-0.2294291985876891,MAP_SCADA,135,0.00360231433797778
4,UPFC_Vse,5-15,0.060018761302233874,17,0.060485478662259694,MAP_SCADA,135,0.0004667173600258201
5,UPFC_tse,5-15,-2.1445126629522857,17,-2.1569582826184863,MAP_SCADA,135,0.012445619666200614
0,x_tcsc,1-14,-0.13862398376095758,18,-0.1346517936501981,MAP_SCADA,135,0.0039721901107594715
1,B_svc,2,0.30051063411948875,18,0.2757002747100101,MAP_SCADA,135,0.024810359409478677
2,UPFC_Vsh,5-15,1.1036263093848822,18,1.1052896437161124,MAP_SCADA,135,0.0016633343312302262
3,UPFC_tsh,5-15,-0.22631897737870346,18,-0.2294291985876891,MAP_SCADA,135,0.0031102212089856307
4,UPFC_Vse,5-15,0.06059917772140851,18,0.060485478662259694,MAP_SCADA,135,0.00011369905914881961
5,UPFC_tse,5-15,-2.1481598405459894,18,-2.1569582826184863,MAP_SCADA,135,0.008798442072496915
0,x_tcsc,1-14,-0.13997150805289785,19,-0.1346517936501981,MAP_SCADA,135,0.005319714402699738
1,B_svc,2,0.2975385393396756,19,0.2757002747100101,MAP_SCADA,135,0.021838264629665538
2,UPFC_Vsh,5-15,1.102397254952331,19,1.1052896437161124,MAP_SCADA,135,0.002892388763781284
3,UPFC_tsh,5-15,-0.22583042910126308,19,-0.2294291985876891,MAP_SCADA,135,0.0035987694864260122
4,UPFC_Vse,5-15,0.06029962107356366,19,0.060485478662259694,MAP_SCADA,135,0.00018585758869603397
5,UPFC_tse,5-15,-2.1511675257445853,19,-2.1569582826184863,MAP_SCADA,135,0.005790756873901071
0,x_tcsc,1-14,-0.13996105232389777,20,-0.1346517936501981,MAP_SCADA,135,0.005309258673699663
1,B_svc,2,0.2921272452893663,20,0.2757002747100101,MAP_SCADA,135,0.016426970579356215
2,UPFC_Vsh,5-15,1.1059558536829384,20,1.1052896437161124,MAP_SCADA,135,0.0006662099668259813
3,UPFC_tsh,5-15,-0.22446458794532617,20,-0.2294291985876891,MAP_SCADA,135,0.004964610642362921
4,UPFC_Vse,5-15,0.05986600732266241,20,0.060485478662259694,MAP_SCADA,135,0.0006194713395972842
5,UPFC_tse,5-15,-2.1451598095664512,20,-2.1569582826184863,MAP_SCADA,135,0.011798473052035074
0,x_tcsc,1-14,-0.13822667342328782,21,-0.1346517936501981,MAP_SCADA,135,0.0035748797730897064
1,B_svc,2,0.2972723864116842,21,0.2757002747100101,MAP_SCADA,135,0.021572111701674113
2,UPFC_Vsh,5-15,1.1041169664709394,21,1.1052896437161124,MAP_SCADA,135,0.0011726772451730039
3,UPFC_tsh,5-15,-0.22696494078320859,21,-0.2294291985876891,MAP_SCADA,135,0.0024642578044805075
4,UPFC_Vse,5-15,0.06022746905635116,21,0.060485478662259694,MAP_SCADA,135,0.00025800960590853517
5,UPFC_tse,5-15,-2.152488046930867,21,-2.1569582826184863,MAP_SCADA,135,0.004470235687619173
0,x_tcsc,1-14,-0.1385780621689011,22,-0.1346517936501981,MAP_SCADA,135,0.00392626851870298
1,B_svc,2,0.295866779953715,22,0.2757002747100101,MAP_SCADA,135,0.020166505243704946
2,UPFC_Vsh,5-15,1.1060783732776556,22,1.1052896437161124,MAP_SCADA,135,0.0007887295615431889
3,UPFC_tsh,5-15,-0.22534572355539284,22,-0.2294291985876891,MAP_SCADA,135,0.004083475032296252
4,UPFC_Vse,5-15,0.059450675865346955,22,0.060485478662259694,MAP_SCADA,135,0.0010348027969127385
5,UPFC_tse,5-15,-2.1468013562424364,22,-2.1569582826184863,MAP_SCADA,135,0.010156926376049924
0,x_tcsc,1-14,-0.1402901868998003,23,-0.1346517936501981,MAP_SCADA,135,0.005638393249602192
1,B_svc,2,0.28873643190744297,23,0.2757002747100101,MAP_SCADA,135,0.013036157197432896
2,UPFC_Vsh,5-15,1.104882461923429,23,1.1052896437161124,MAP_SCADA,135,0.0004071817926833976
3,UPFC_tsh,5-15,-0.2252051158164447,23,-0.2294291985876891,MAP_SCADA,135,0.004224082771244392
4,UPFC_Vse,5-15,0.0602245918602625,23,0.060485478662259694,MAP_SCADA,135,0.0002608868019971927
5,UPFC_tse,5-15,-2.143819747526403,23,-2.1569582826184863,MAP_SCADA,135,0.013138535092083181
0,x_tcsc,1-14,-0.1392743045440156,24,-0.1346517936501981,MAP_SCADA,135,0.004622510893817489
1,B_svc,2,0.29738585302713844,24,0.2757002747100101,MAP_SCADA,135,0.021685578317128362
2,UPFC_Vsh,5-15,1.1045794019361654,24,1.1052896437161124,MAP_SCADA,135,0.0007102417799469407
3,UPFC_tsh,5-15,-0.22649652881257448,24,-0.2294291985876891,MAP_SCADA,135,0.0029326697751146102
4,UPFC_Vse,5-15,0.060071837795885465,24,0.060485478662259694,MAP_SCADA,135,0.00041364086637422914
5,UPFC_tse,5-15,-2.1422016412545237,24,-2.1569582826184863,MAP_SCADA,135,0.014756641363962597
0,x_tcsc,1-14,-0.1377908231437233,25,-0.1346517936501981,MAP_SCADA,135,0.0031390294935251806
1,B_svc,2,0.3061252413607257,25,0.2757002747100101,MAP_SCADA,135,0.030424966650715646
2,UPFC_Vsh,5-15,1.1034073057683083,25,1.1052896437161124,MAP_SCADA,135,0.0018823379478041247
3,UPFC_tsh,5-15,-0.22768260667530446,25,-0.2294291985876891,MAP_SCADA,135,0.0017465919123846319
4,UPFC_Vse,5-15,0.06020619773713513,25,0.060485478662259694,MAP_SCADA,135,0.00027928092512456704
5,UPFC_tse,5-15,-2.150180709765505,25,-2.1569582826184863,MAP_SCADA,135,0.006777572852981528
0,x_tcsc,1-14,-0.1385486551204919,26,-0.1346517936501981,MAP_SCADA,135,0.0038968614702937776
1,B_svc,2,0.300807778883365,26,0.2757002747100101,MAP_SCADA,135,0.025107504173354944
2,UPFC_Vsh,5-15,1.1039094048672455,26,1.1052896437161124,MAP_SCADA,135,0.0013802388488668438
3,UPFC_tsh,5-15,-0.2259080636694409,26,-0.2294291985876891,MAP_SCADA,135,0.003521134918248181
4,UPFC_Vse,5-15,0.0608357430479533,26,0.060485478662259694,MAP_SCADA,135,0.00035026438569360496
5,UPFC_tse,5-15,-2.1503445282371287,26,-2.1569582826184863,MAP_SCADA,135,0.006613754381357584
0,x_tcsc,1-14,-0.13881034278722607,27,-0.1346517936501981,MAP_SCADA,135,0.004158549137027956
1,B_svc,2,0.2914728599813028,27,0.2757002747100101,MAP_SCADA,135,0.015772585271292716
2,UPFC_Vsh,5-15,1.104849217491168,27,1.1052896437161124,MAP_SCADA,135,0.0004404262249444457
3,UPFC_tsh,5-15,-0.225308752946577,27,-0.2294291985876891,MAP_SCADA,135,0.0041204456411120804
4,UPFC_Vse,5-15,0.06004084817340249,27,0.060485478662259694,MAP_SCADA,135,0.00044463048885720613
5,UPFC_tse,5-15,-2.148496938186742,27,-2.1569582826184863,MAP_SCADA,135,0.00846134443174451
0,x_tcsc,1-14,-0.13913273389529263,28,-0.1346517936501981,MAP_SCADA,135,0.004480940245094517
1,B_svc,2,0.296591253501489,28,0.2757002747100101,MAP_SCADA,135,0.020890978791478942
2,UPFC_Vsh,5-15,1.106067300145302,28,1.1052896437161124,MAP_SCADA,135,0.0007776564291896992
3,UPFC_tsh,5-15,-0.2247781884335331,28,-0.2294291985876891,MAP_SCADA,135,0.0046510101541560045
4,UPFC_Vse,5-15,0.060115046821960276,28,0.060485478662259694,MAP_SCADA,135,0.0003704318402994178
5,UPFC_tse,5-15,-2.143399854831133,28,-2.1569582826184863,MAP_SCADA,135,0.013558427787353278
0,x_tcsc,1-14,-0.13888452296679737,29,-0.1346517936501981,MAP_SCADA,135,0.004232729316599265
1,B_svc,2,0.2992698066686642,29,0.2757002747100101,MAP_SCADA,135,0.023569531958654133
2,UPFC_Vsh,5-15,1.10514048130782,29,1.1052896437161124,MAP_SCADA,135,0.00014916240829232486
3,UPFC_tsh,5-15,-0.22565557417003165,29,-0.2294291985876891,MAP_SCADA,135,0.0037736244176574396
4,UPFC_Vse,5-15,0.05959903426723671,29,0.060485478662259694,MAP_SCADA,135,0.0008864443950229867
5,UPFC_tse,5-15,-2.1487909286896563,29,-2.1569582826184863,MAP_SCADA,135,0.008167353928830057
0,x_tcsc,1-14,-0.13966994289115525,30,-0.1346517936501981,MAP_SCADA,135,0.005018149240957143
1,B_svc,2,0.29765113418232697,30,0.2757002747100101,MAP_SCADA,135,0.021950859472316897
2,UPFC_Vsh,5-15,1.1025388252883417,30,1.1052896437161124,MAP_SCADA,135,0.002750818427770696
3,UPFC_tsh,5-15,-0.22632311264655752,30,-0.2294291985876891,MAP_SCADA,135,0.00310608594113157
4,UPFC_Vse,5-15,0.060273030760081885,30,0.060485478662259694,MAP_SCADA,135,0.00021244790217780918
5,UPFC_tse,5-15,-2.1470760271765768,30,-2.1569582826184863,MAP_SCADA,135,0.009882255441909571
0,x_tcsc,1-14,-0.1396459351331978,31,-0.1346517936501981,MAP_SCADA,135,0.004994141482999703
1,B_svc,2,0.29859178983973,31,0.2757002747100101,MAP_SCADA,135,0.02289151512971993
2,UPFC_Vsh,5-15,1.103772856341603,31,1.1052896437161124,MAP_SCADA,135,0.001516787374509443
3,UPFC_tsh,5-15,-0.22586435764479773,31,-0.2294291985876891,MAP_SCADA,135,0.003564840942891362
4,UPFC_Vse,5-15,0.060196723858506794,31,0.060485478662259694,MAP_SCADA,135,0.00028875480375289975
5,UPFC_tse,5-15,-2.149224612485506,31,-2.1569582826184863,MAP_SCADA,135,0.007733670132980208
0,x_tcsc,1-14,-0.13746908066422436,32,-0.1346517936501981,MAP_SCADA,135,0.002817287014026254
1,B_svc,2,0.3038280239187001,32,0.2757002747100101,MAP_SCADA,135,0.028127749208690045
2,UPFC_Vsh,5-15,1.103889255951134,32,1.1052896437161124,MAP_SCADA,135,0.0014003877649784169
3,UPFC_tsh,5-15,-0.22775698399944186,32,-0.2294291985876891,MAP_SCADA,135,0.001672214588247234
4,UPFC_Vse,5-15,0.06038293076645081,32,0.060485478662259694,MAP_SCADA,135,0.00010254789580888685
5,UPFC_tse,5-15,-2.1500529755168016,32,-2.1569582826184863,MAP_SCADA,135,0.006905307101684688
0,x_tcsc,1-14,-0.1407724381384244,33,-0.1346517936501981,MAP_SCADA,135,0.006120644488226301
1,B_svc,2,0.29109702121632824,33,0.2757002747100101,MAP_SCADA,135,0.01539674650631817
2,UPFC_Vsh,5-15,1.1061593864183283,33,1.1052896437161124,MAP_SCADA,135,0.0008697427022159587
3,UPFC_tsh,5-15,-0.22444767867505602,33,-0.2294291985876891,MAP_SCADA,135,0.00498151991263307
4,UPFC_Vse,5-15,0.05977371883798552,33,0.060485478662259694,MAP_SCADA,135,0.000711759824274176
5,UPFC_tse,5-15,-2.14828422550704,33,-2.1569582826184863,MAP_SCADA,135,0.00867405711144631
0,x_tcsc,1-14,-0.1396247852341707,34,-0.1346517936501981,MAP_SCADA,135,0.0049729915839726024
1,B_svc,2,0.29625064662459444,34,0.2757002747100101,MAP_SCADA,135,0.020550371914584364
2,UPFC_Vsh,5-15,1.104409373734565,34,1.1052896437161124,MAP_SCADA,135,0.0008802699815473325
3,UPFC_tsh,5-15,-0.2260998187080884,34,-0.2294291985876891,MAP_SCADA,135,0.0033293798796006913
4,UPFC_Vse,5-15,0.060423493335265026,34,0.060485478662259694,MAP_SCADA,135,6.198532699466797e-05
5,UPFC_tse,5-15,-2.148531035273312,34,-2.1569582826184863,MAP_SCADA,135,0.008427247345174305
0,x_tcsc,1-14,-0.13747071296096938,35,-0.1346517936501981,MAP_SCADA,135,0.002818919310771273
1,B_svc,2,0.2970031945926777,35,0.2757002747100101,MAP_SCADA,135,0.021302919882667637
2,UPFC_Vsh,5-15,1.1043141540277561,35,1.1052896437161124,MAP_SCADA,135,0.0009754896883562569
3,UPFC_tsh,5-15,-0.22689694102156815,35,-0.2294291985876891,MAP_SCADA,135,0.002532257566120938
4,UPFC_Vse,5-15,0.06012317071876644,35,0.060485478662259694,MAP_SCADA,135,0.00036230794349325496
5,UPFC_tse,5-15,-2.149481545118172,35,-2.1569582826184863,MAP_SCADA,135,0.00747673750031419
0,x_tcsc,1-14,-0.14022767642520453,36,-0.1346517936501981,MAP_SCADA,135,0.005575882775006424
1,B_svc,2,0.2945503832650932,36,0.2757002747100101,MAP_SCADA,135,0.018850108555083123
2,UPFC_Vsh,5-15,1.1042972523376584,36,1.1052896437161124,MAP_SCADA,135,0.0009923913784539717
3,UPFC_tsh,5-15,-0.22502397668760352,36,-0.2294291985876891,MAP_SCADA,135,0.004405221900085576
4,UPFC_Vse,5-15,0.05990084617611401,36,0.060485478662259694,MAP_SCADA,135,0.0005846324861456809
5,UPFC_tse,5-15,-2.145775581524078,36,-2.1569582826184863,MAP_SCADA,135,0.01118270109440811
0,x_tcsc,1-14,-0.13930864788106107,37,-0.1346517936501981,MAP_SCADA,135,0.004656854230862956
1,B_svc,2,0.2985366169832528,37,0.2757002747100101,MAP_SCADA,135,0.022836342273242716
2,UPFC_Vsh,5-15,1.1055109564919188,37,1.1052896437161124,MAP_SCADA,135,0.00022131277580639264
3,UPFC_tsh,5-15,-0.22576395725073525,37,-0.2294291985876891,MAP_SCADA,135,0.0036652413369538395
4,UPFC_Vse,5-15,0.05957450635499889,37,0.060485478662259694,MAP_SCADA,135,0.0009109723072608031
5,UPFC_tse,5-15,-2.1485789670072792,37,-2.1569582826184863,MAP_SCADA,135,0.008379315611207083
0,x_tcsc,1-14,-0.13876399333863584,38,-0.1346517936501981,MAP_SCADA,135,0.004112199688437734
1,B_svc,2,0.29775285732011453,38,0.2757002747100101,MAP_SCADA,135,0.022052582610104454
2,UPFC_Vsh,5-15,1.104689520361175,38,1.1052896437161124,MAP_SCADA,135,0.0006001233549373097
3,UPFC_tsh,5-15,-0.22595945019195673,38,-0.2294291985876891,MAP_SCADA,135,0.0034697483957323583
4,UPFC_Vse,5-15,0.060351667486153455,38,0.060485478662259694,MAP_SCADA,135,0.00013381117610623827
5,UPFC_tse,5-15,-2.1462755904313355,38,-2.1569582826184863,MAP_SCADA,135,0.010682692187150788
0,x_tcsc,1-14,-0.13888872058816598,39,-0.1346517936501981,MAP_SCADA,135,0.004236926937967872
1,B_svc,2,0.30026952731217943,39,0.2757002747100101,MAP_SCADA,135,0.024569252602169356
2,UPFC_Vsh,5-15,1.1035081667959006,39,1.1052896437161124,MAP_SCADA,135,0.0017814769202117997
3,UPFC_tsh,5-15,-0.22685329721329714,39,-0.2294291985876891,MAP_SCADA,135,0.0025759013743919534
4,UPFC_Vse,5-15,0.060193805382303366,39,0.060485478662259694,MAP_SCADA,135,0.0002916732799563282
5,UPFC_tse,5-15,-2.1480449289464985,39,-2.1569582826184863,MAP_SCADA,135,0.008913353671987867
0,x_tcsc,1-14,-0.1380881425081221,40,-0.1346517936501981,MAP_SCADA,135,0.0034363488579239876
1,B_svc,2,0.305150873703634,40,0.2757002747100101,MAP_SCADA,135,0.0294505989936239
2,UPFC_Vsh,5-15,1.1010648603053346,40,1.1052896437161124,MAP_SCADA,135,0.00422478341077781
3,UPFC_tsh,5-15,-0.2285433630113417,40,-0.2294291985876891,MAP_SCADA,135,0.000885835576347388
4,UPFC_Vse,5-15,0.06086204016250076,40,0.060485478662259694,MAP_SCADA,135,0.00037656150024106827
5,UPFC_tse,5-15,-2.148631665556464,40,-2.1569582826184863,MAP_SCADA,135,0.008326617062022201
0,x_tcsc,1-14,-0.1387186169873437,41,-0.1346517936501981,MAP_SCADA,135,0.004066823337145586
1,B_svc,2,0.29322018540771627,41,0.2757002747100101,MAP_SCADA,135,0.017519910697706198
2,UPFC_Vsh,5-15,1.1038591215574631,41,1.1052896437161124,MAP_SCADA,135,0.00143052215864925
3,UPFC_tsh,5-15,-0.22602840755094478,41,-0.2294291985876891,MAP_SCADA,135,0.003400791036744316
4,UPFC_Vse,5-15,0.060643180625298665,41,0.060485478662259694,MAP_SCADA,135,0.00015770196303897116
5,UPFC_tse,5-15,-2.1511423510924637,41,-2.1569582826184863,MAP_SCADA,135,0.005815931526022666
0,x_tcsc,1-14,-0.1399054585652153,42,-0.1346517936501981,MAP_SCADA,135,0.005253664915017192
1,B_svc,2,0.29691859176243846,42,0.2757002747100101,MAP_SCADA,135,0.02121831705242838
2,UPFC_Vsh,5-15,1.1044028256050389,42,1.1052896437161124,MAP_SCADA,135,0.0008868181110734952
3,UPFC_tsh,5-15,-0.2256305853352938,42,-0.2294291985876891,MAP_SCADA,135,0.0037986132523953053
4,UPFC_Vse,5-15,0.060075035419874336,42,0.060485478662259694,MAP_SCADA,135,0.00041044324238535823
5,UPFC_tse,5-15,-2.144996823734121,42,-2.1569582826184863,MAP_SCADA,135,0.011961458884365506
0,x_tcsc,1-14,-0.13845023221293154,43,-0.1346517936501981,MAP_SCADA,135,0.0037984385627334305
1,B_svc,2,0.2982945498498663,43,0.2757002747100101,MAP_SCADA,135,0.022594275139856235
2,UPFC_Vsh,5-15,1.1058482160010459,43,1.1052896437161124,MAP_SCADA,135,0.0005585722849335006
3,UPFC_tsh,5-15,-0.2259417019098907,43,-0.2294291985876891,MAP_SCADA,135,0.0034874966777983796
4,UPFC_Vse,5-15,0.0596267769348247,43,0.060485478662259694,MAP_SCADA,135,0.0008587017274349906
5,UPFC_tse,5-15,-2.1476228475067285,43,-2.1569582826184863,MAP_SCADA,135,0.009335435111757828
0,x_tcsc,1-14,-0.139811517951264,44,-0.1346517936501981,MAP_SCADA,135,0.005159724301065899
1,B_svc,2,0.29671087376323174,44,0.2757002747100101,MAP_SCADA,135,0.021010599053221668
2,UPFC_Vsh,5-15,1.1028977831949425,44,1.1052896437161124,MAP_SCADA,135,0.0023918605211699084
3,UPFC_tsh,5-15,-0.22646896973694672,44,-0.2294291985876891,MAP_SCADA,135,0.0029602288507423746
4,UPFC_Vse,5-15,0.06049594237847763,44,0.060485478662259694,MAP_SCADA,135,1.0463716217934405e-05
5,UPFC_tse,5-15,-2.1480555669771535,44,-2.1569582826184863,MAP_SCADA,135,0.008902715641332826
0,x_tcsc,1-14,-0.14052857428117096,45,-0.1346517936501981,MAP_SCADA,135,0.005876780630972855
1,B_svc,2,0.29656433459849,45,0.2757002747100101,MAP_SCADA,135,0.020864059888479947
2,UPFC_Vsh,5-15,1.105353337485876,45,1.1052896437161124,MAP_SCADA,135,6.3693769763562e-05
3,UPFC_tsh,5-15,-0.2250383220991583,45,-0.2294291985876891,MAP_SCADA,135,0.004390876488530787
4,UPFC_Vse,5-15,0.05983092960988044,45,0.060485478662259694,MAP_SCADA,135,0.000654549052379251
5,UPFC_tse,5-15,-2.1495930852050207,45,-2.1569582826184863,MAP_SCADA,135,0.007365197413465641
0,x_tcsc,1-14,-0.13895079535319532,46,-0.1346517936501981,MAP_SCADA,135,0.004299001702997213
1,B_svc,2,0.2964461038118466,46,0.2757002747100101,MAP_SCADA,135,0.020745829101836533
2,UPFC_Vsh,5-15,1.1048489870248948,46,1.1052896437161124,MAP_SCADA,135,0.0004406566912176224
3,UPFC_tsh,5-15,-0.22489720469760976,46,-0.2294291985876891,MAP_SCADA,135,0.004531993890079328
4,UPFC_Vse,5-15,0.06055886878461661,46,0.060485478662259694,MAP_SCADA,135,7.339012235691583e-05
5,UPFC_tse,5-15,-2.143860217935244,46,-2.1569582826184863,MAP_SCADA,135,0.01309806468324215
0,x_tcsc,1-14,-0.13913388965149576,47,-0.1346517936501981,MAP_SCADA,135,0.004482096001297647
1,B_svc,2,0.2984715848952935,47,0.2757002747100101,MAP_SCADA,135,0.022771310185283444
2,UPFC_Vsh,5-15,1.103504153241162,47,1.1052896437161124,MAP_SCADA,135,0.0017854904749503575
3,UPFC_tsh,5-15,-0.22569345557829593,47,-0.2294291985876891,MAP_SCADA,135,0.0037357430093931665
4,UPFC_Vse,5-15,0.0599048945666807,47,0.060485478662259694,MAP_SCADA,135,0.0005805840955789912
5,UPFC_tse,5-15,-2.147264956699322,47,-2.1569582826184863,MAP_SCADA,135,0.009693325919164497
0,x_tcsc,1-14,-0.1388308665670919,48,-0.1346517936501981,MAP_SCADA,135,0.004179072916893789
1,B_svc,2,0.2980432939421639,48,0.2757002747100101,MAP_SCADA,135,0.022343019232153816
2,UPFC_Vsh,5-15,1.1046129074545643,48,1.1052896437161124,MAP_SCADA,135,0.0006767362615480721
3,UPFC_tsh,5-15,-0.22600620862937293,48,-0.2294291985876891,MAP_SCADA,135,0.003422989958316164
4,UPFC_Vse,5-15,0.059986161692255846,48,0.060485478662259694,MAP_SCADA,135,0.0004993169700038477
5,UPFC_tse,5-15,-2.1500646836679387,48,-2.1569582826184863,MAP_SCADA,135,0.006893598950547641
0,x_tcsc,1-14,-0.13678999882709117,49,-0.1346517936501981,MAP_SCADA,135,0.00213820517689306
1,B_svc,2,0.3048122495750491,49,0.2757002747100101,MAP_SCADA,135,0.029111974865039025
2,UPFC_Vsh,5-15,1.1028142767271474,49,1.1052896437161124,MAP_SCADA,135,0.002475366988965
3,UPFC_tsh,5-15,-0.22789640504364608,49,-0.2294291985876891,MAP_SCADA,135,0.0015327935440430096
4,UPFC_Vse,5-15,0.06019102860432917,49,0.060485478662259694,MAP_SCADA,135,0.00029445005793052315
5,UPFC_tse,5-15,-2.1502166423072926,49,-2.1569582826184863,MAP_SCADA,135,0.006741640311193731
0,x_tcsc,1-14,-0.13844327078259241,50,-0.1346517936501981,MAP_SCADA,135,0.0037914771323943053
1,B_svc,2,0.296185019327285,50,0.2757002747100101,MAP_SCADA,135,0.020484744617274953
2,UPFC_Vsh,5-15,1.103699644975238,50,1.1052896437161124,MAP_SCADA,135,0.0015899987408742877
3,UPFC_tsh,5-15,-0.22623525675338108,50,-0.2294291985876891,MAP_SCADA,135,0.0031939418343080173
4,UPFC_Vse,5-15,0.060455226854863514,50,0.060485478662259694,MAP_SCADA,135,3.0251807396179664e-05
5,UPFC_tse,5-15,-2.147736097903853,50,-2.1569582826184863,MAP_SCADA,135,0.009222184714633208
0,x_tcsc,1-14,-0.13932493877968363,51,-0.1346517936501981,MAP_SCADA,135,0.004673145129485523
1,B_svc,2,0.29545982958944195,51,0.2757002747100101,MAP_SCADA,135,0.019759554879431873
2,UPFC_Vsh,5-15,1.1041996971003738,51,1.1052896437161124,MAP_SCADA,135,0.0010899466157385795
3,UPFC_tsh,5-15,-0.2259362461468297,51,-0.2294291985876891,MAP_SCADA,135,0.003492952440859398
4,UPFC_Vse,5-15,0.060608605431686384,51,0.060485478662259694,MAP_SCADA,135,0.0001231267694266902
5,UPFC_tse,5-15,-2.147654032566646,51,-2.1569582826184863,MAP_SCADA,135,0.009304250051840324
0,x_tcsc,1-14,-0.13877429196352978,52,-0.1346517936501981,MAP_SCADA,135,0.004122498313331668
1,B_svc,2,0.2955519365557847,52,0.2757002747100101,MAP_SCADA,135,0.019851661845774637
2,UPFC_Vsh,5-15,1.103401285053523,52,1.1052896437161124,MAP_SCADA,135,0.0018883586625892956
3,UPFC_tsh,5-15,-0.2256970092293021,52,-0.2294291985876891,MAP_SCADA,135,0.0037321893583869836
4,UPFC_Vse,5-15,0.060037529394786515,52,0.060485478662259694,MAP_SCADA,135,0.0004479492674731786
5,UPFC_tse,5-15,-2.1502566117296222,52,-2.1569582826184863,MAP_SCADA,135,0.006701670888864086
0,x_tcsc,1-14,-0.13719206890746846,53,-0.1346517936501981,MAP_SCADA,135,0.0025402752572703524
1,B_svc,2,0.2997239554174644,53,0.2757002747100101,MAP_SCADA,135,0.02402368070745431
2,UPFC_Vsh,5-15,1.1040769980954428,53,1.1052896437161124,MAP_SCADA,135,0.0012126456206695835
3,UPFC_tsh,5-15,-0.22720083749051107,53,-0.2294291985876891,MAP_SCADA,135,0.0022283610971780277
4,UPFC_Vse,5-15,0.06010456096434186,53,0.060485478662259694,MAP_SCADA,135,0.0003809176979178361
5,UPFC_tse,5-15,-2.1545612967427794,53,-2.1569582826184863,MAP_SCADA,135,0.002396985875706914
0,x_tcsc,1-14,-0.13798824104664212,54,-0.1346517936501981,MAP_SCADA,135,0.003336447396444009
1,B_svc,2,0.30227977719608706,54,0.2757002747100101,MAP_SCADA,135,0.02657950248607699
2,UPFC_Vsh,5-15,1.103186529193495,54,1.1052896437161124,MAP_SCADA,135,0.0021031145226173553
3,UPFC_tsh,5-15,-0.22683808163686253,54,-0.2294291985876891,MAP_SCADA,135,0.002591116950826561
4,UPFC_Vse,5-15,0.06059927539276227,54,0.060485478662259694,MAP_SCADA,135,0.00011379673050257444
5,UPFC_tse,5-15,-2.1470201328700975,54,-2.1569582826184863,MAP_SCADA,135,0.009938149748388803
0,x_tcsc,1-14,-0.13861819969654465,55,-0.1346517936501981,MAP_SCADA,135,0.003966406046346543
1,B_svc,2,0.2982281439530429,55,0.2757002747100101,MAP_SCADA,135,0.02252786924303285
2,UPFC_Vsh,5-15,1.1062975037791578,55,1.1052896437161124,MAP_SCADA,135,0.0010078600630454293
3,UPFC_tsh,5-15,-0.2256201950046325,55,-0.2294291985876891,MAP_SCADA,135,0.0038090035830565805
4,UPFC_Vse,5-15,0.06010544691893832,55,0.060485478662259694,MAP_SCADA,135,0.00038003174332137263
5,UPFC_tse,5-15,-2.1486231597502226,55,-2.1569582826184863,MAP_SCADA,135,0.008335122868263767
0,x_tcsc,1-14,-0.13821983146765665,56,-0.1346517936501981,MAP_SCADA,135,0.0035680378174585414
1,B_svc,2,0.3011376864684205,56,0.2757002747100101,MAP_SCADA,135,0.02543741175841041
2,UPFC_Vsh,5-15,1.104502511352792,56,1.1052896437161124,MAP_SCADA,135,0.0007871323633203975
3,UPFC_tsh,5-15,-0.22690992863944798,56,-0.2294291985876891,MAP_SCADA,135,0.002519269948241115
4,UPFC_Vse,5-15,0.06015288344386399,56,0.060485478662259694,MAP_SCADA,135,0.00033259521839570233
5,UPFC_tse,5-15,-2.145879885001655,56,-2.1569582826184863,MAP_SCADA,135,0.011078397616831381
0,x_tcsc,1-14,-0.13767132395109832,57,-0.1346517936501981,MAP_SCADA,135,0.003019530300900214
1,B_svc,2,0.29706997285255465,57,0.2757002747100101,MAP_SCADA,135,0.02136969814254458
2,UPFC_Vsh,5-15,1.1075096933847748,57,1.1052896437161124,MAP_SCADA,135,0.002220049668662405
3,UPFC_tsh,5-15,-0.22571755461786697,57,-0.2294291985876891,MAP_SCADA,135,0.003711643969822126
4,UPFC_Vse,5-15,0.05995041538130148,57,0.060485478662259694,MAP_SCADA,135,0.0005350632809582104
5,UPFC_tse,5-15,-2.1442045134949352,57,-2.1569582826184863,MAP_SCADA,135,0.012753769123551084
0,x_tcsc,1-14,-0.14025304881818126,58,-0.1346517936501981,MAP_SCADA,135,0.005601255167983155
1,B_svc,2,0.2943751922505254,58,0.2757002747100101,MAP_SCADA,135,0.018674917540515312
2,UPFC_Vsh,5-15,1.1043382438971199,58,1.1052896437161124,MAP_SCADA,135,0.0009513998189925044
3,UPFC_tsh,5-15,-0.22596942597343528,58,-0.2294291985876891,MAP_SCADA,135,0.0034597726142538143
4,UPFC_Vse,5-15,0.05989844619524658,58,0.060485478662259694,MAP_SCADA,135,0.0005870324670131169
5,UPFC_tse,5-15,-2.150392797073834,58,-2.1569582826184863,MAP_SCADA,135,0.006565485544652194
0,x_tcsc,1-14,-0.13948574348694037,59,-0.1346517936501981,MAP_SCADA,135,0.004833949836742263
1,B_svc,2,0.29361040067047306,59,0.2757002747100101,MAP_SCADA,135,0.017910125960462986
2,UPFC_Vsh,5-15,1.1024436446396637,59,1.1052896437161124,MAP_SCADA,135,0.0028459990764486687
3,UPFC_tsh,5-15,-0.2260962852316475,59,-0.2294291985876891,MAP_SCADA,135,0.0033329133560416058
4,UPFC_Vse,5-15,0.0603760348307006,59,0.060485478662259694,MAP_SCADA,135,0.00010944383155909315
5,UPFC_tse,5-15,-2.153027024774551,59,-2.1569582826184863,MAP_SCADA,135,0.003931257843935221
0,x_tcsc,1-14,-0.13734548040088565,60,-0.1346517936501981,MAP_SCADA,135,0.0026936867506875406
1,B_svc,2,0.3050931327260433,60,0.2757002747100101,MAP_SCADA,135,0.029392858016033252
2,UPFC_Vsh,5-15,1.1024510869435684,60,1.1052896437161124,MAP_SCADA,135,0.0028385567725439653
3,UPFC_tsh,5-15,-0.22792302563646952,60,-0.2294291985876891,MAP_SCADA,135,0.0015061729512195754
4,UPFC_Vse,5-15,0.05994697426279195,60,0.060485478662259694,MAP_SCADA,135,0.0005385043994677458
5,UPFC_tse,5-15,-2.1533501829787167,60,-2.1569582826184863,MAP_SCADA,135,0.003608099639769602
0,x_tcsc,1-14,-0.13962038629562434,61,-0.1346517936501981,MAP_SCADA,135,0.004968592645426234
1,B_svc,2,0.2962995497542139,61,0.2757002747100101,MAP_SCADA,135,0.020599275044203835
2,UPFC_Vsh,5-15,1.1029814234863042,61,1.1052896437161124,MAP_SCADA,135,0.0023082202298081445
3,UPFC_tsh,5-15,-0.22586234776028932,61,-0.2294291985876891,MAP_SCADA,135,0.00356685082739977
4,UPFC_Vse,5-15,0.06022765102223543,61,0.060485478662259694,MAP_SCADA,135,0.0002578276400242649
5,UPFC_tse,5-15,-2.1501775445709037,61,-2.1569582826184863,MAP_SCADA,135,0.006780738047582613
0,x_tcsc,1-14,-0.1395880404530107,62,-0.1346517936501981,MAP_SCADA,135,0.004936246802812599
1,B_svc,2,0.29959101759192003,62,0.2757002747100101,MAP_SCADA,135,0.023890742881909954
2,UPFC_Vsh,5-15,1.1049893981731653,62,1.1052896437161124,MAP_SCADA,135,0.00030024554294705297
3,UPFC_tsh,5-15,-0.2262864238321893,62,-0.2294291985876891,MAP_SCADA,135,0.0031427747554997887
4,UPFC_Vse,5-15,0.0599799436649154,62,0.060485478662259694,MAP_SCADA,135,0.0005055349973442924
5,UPFC_tse,5-15,-2.1470839299587956,62,-2.1569582826184863,MAP_SCADA,135,0.009874352659690722
0,x_tcsc,1-14,-0.13819293186036755,63,-0.1346517936501981,MAP_SCADA,135,0.0035411382101694366
1,B_svc,2,0.2947934783829856,63,0.2757002747100101,MAP_SCADA,135,0.01909320367297551
2,UPFC_Vsh,5-15,1.105386686753126,63,1.1052896437161124,MAP_SCADA,135,9.704303701352224e-05
3,UPFC_tsh,5-15,-0.226096774621023,63,-0.2294291985876891,MAP_SCADA,135,0.0033324239666660815
4,UPFC_Vse,5-15,0.06026503639942282,63,0.060485478662259694,MAP_SCADA,135,0.00022044226283687157
5,UPFC_tse,5-15,-2.1446743398568286,63,-2.1569582826184863,MAP_SCADA,135,0.012283942761657674
0,x_tcsc,1-14,-0.13921022468365188,64,-0.1346517936501981,MAP_SCADA,135,0.004558431033453769
1,B_svc,2,0.30291283652156065,64,0.2757002747100101,MAP_SCADA,135,0.027212561811550573
2,UPFC_Vsh,5-15,1.1017025311267963,64,1.1052896437161124,MAP_SCADA,135,0.0035871125893160993
3,UPFC_tsh,5-15,-0.22647964204765078,64,-0.2294291985876891,MAP_SCADA,135,0.0029495565400383117
4,UPFC_Vse,5-15,0.06037988534906229,64,0.060485478662259694,MAP_SCADA,135,0.00010559331319740656
5,UPFC_tse,5-15,-2.1467661078239084,64,-2.1569582826184863,MAP_SCADA,135,0.010192174794577902
0,x_tcsc,1-14,-0.13754706013970006,65,-0.1346517936501981,MAP_SCADA,135,0.0028952664895019464
1,B_svc,2,0.3033542225314747,65,0.2757002747100101,MAP_SCADA,135,0.02765394782146463
2,UPFC_Vsh,5-15,1.102491949482756,65,1.1052896437161124,MAP_SCADA,135,0.002797694233356296
3,UPFC_tsh,5-15,-0.22779893595847883,65,-0.2294291985876891,MAP_SCADA,135,0.0016302626292102607
4,UPFC_Vse,5-15,0.060129879626394565,65,0.060485478662259694,MAP_SCADA,135,0.0003555990358651284
5,UPFC_tse,5-15,-2.151886632505937,65,-2.1569582826184863,MAP_SCADA,135,0.005071650112549175
0,x_tcsc,1-14,-0.13851879659942265,66,-0.1346517936501981,MAP_SCADA,135,0.0038670029492245406
1,B_svc,2,0.30098243833297045,66,0.2757002747100101,MAP_SCADA,135,0.025282163622960374
2,UPFC_Vsh,5-15,1.1037986787727152,66,1.1052896437161124,MAP_SCADA,135,0.0014909649433971772
3,UPFC_tsh,5-15,-0.2266876249058762,66,-0.2294291985876891,MAP_SCADA,135,0.002741573681812881
4,UPFC_Vse,5-15,0.059659010943204104,66,0.060485478662259694,MAP_SCADA,135,0.0008264677190555902
5,UPFC_tse,5-15,-2.145454356885726,66,-2.1569582826184863,MAP_SCADA,135,0.01150392573276049
0,x_tcsc,1-14,-0.13891729932627214,67,-0.1346517936501981,MAP_SCADA,135,0.004265505676074033
1,B_svc,2,0.29894763571785266,67,0.2757002747100101,MAP_SCADA,135,0.023247361007842582
2,UPFC_Vsh,5-15,1.1052742411757022,67,1.1052896437161124,MAP_SCADA,135,1.540254041021427e-05
3,UPFC_tsh,5-15,-0.22678710475996916,67,-0.2294291985876891,MAP_SCADA,135,0.0026420938277199324
4,UPFC_Vse,5-15,0.06021758539380588,67,0.060485478662259694,MAP_SCADA,135,0.00026789326845381295
5,UPFC_tse,5-15,-2.1460217532626857,67,-2.1569582826184863,MAP_SCADA,135,0.010936529355800584
0,x_tcsc,1-14,-0.1400113610368814,68,-0.1346517936501981,MAP_SCADA,135,0.005359567386683278
1,B_svc,2,0.2886082954586116,68,0.2757002747100101,MAP_SCADA,135,0.012908020748601534
2,UPFC_Vsh,5-15,1.1086243994812912,68,1.1052896437161124,MAP_SCADA,135,0.0033347557651788318
3,UPFC_tsh,5-15,-0.22463470542028693,68,-0.2294291985876891,MAP_SCADA,135,0.0047944931674021585
4,UPFC_Vse,5-15,0.05987369804048943,68,0.060485478662259694,MAP_SCADA,135,0.0006117806217702665
5,UPFC_tse,5-15,-2.1449589252236083,68,-2.1569582826184863,MAP_SCADA,135,0.011999357394878007
0,x_tcsc,1-14,-0.1391771725391201,69,-0.1346517936501981,MAP_SCADA,135,0.004525378888921988
1,B_svc,2,0.2949481090376491,69,0.2757002747100101,MAP_SCADA,135,0.019247834327639046
2,UPFC_Vsh,5-15,1.1044387529335438,69,1.1052896437161124,MAP_SCADA,135,0.0008508907825686141
3,UPFC_tsh,5-15,-0.2255383734968782,69,-0.2294291985876891,MAP_SCADA,135,0.003890825090810901
4,UPFC_Vse,5-15,0.06053740626463348,69,0.060485478662259694,MAP_SCADA,135,5.192760237378302e-05
5,UPFC_tse,5-15,-2.147341439047312,69,-2.1569582826184863,MAP_SCADA,135,0.009616843571174538
0,x_tcsc,1-14,-0.14030892296009884,70,-0.1346517936501981,MAP_SCADA,135,0.005657129309900727
1,B_svc,2,0.28916581192604307,70,0.2757002747100101,MAP_SCADA,135,0.013465537216032997
2,UPFC_Vsh,5-15,1.105617684280865,70,1.1052896437161124,MAP_SCADA,135,0.00032804056475255194
3,UPFC_tsh,5-15,-0.22463776111187436,70,-0.2294291985876891,MAP_SCADA,135,0.0047914374758147305
4,UPFC_Vse,5-15,0.05922766099819131,70,0.060485478662259694,MAP_SCADA,135,0.001257817664068385
5,UPFC_tse,5-15,-2.146793521944589,70,-2.1569582826184863,MAP_SCADA,135,0.010164760673897266
0,x_tcsc,1-14,-0.13912161106384616,71,-0.1346517936501981,MAP_SCADA,135,0.004469817413648047
1,B_svc,2,0.29390301176538924,71,0.2757002747100101,MAP_SCADA,135,0.01820273705537917
2,UPFC_Vsh,5-15,1.1066642973847154,71,1.1052896437161124,MAP_SCADA,135,0.0013746536686030097
3,UPFC_tsh,5-15,-0.225605363251747,71,-0.2294291985876891,MAP_SCADA,135,0.003823835335942105
4,UPFC_Vse,5-15,0.05939111103551805,71,0.060485478662259694,MAP_SCADA,135,0.0010943676267416436
5,UPFC_tse,5-15,-2.1477863279580256,71,-2.1569582826184863,MAP_SCADA,135,0.009171954660460724
0,x_tcsc,1-14,-0.14056060725207833,72,-0.1346517936501981,MAP_SCADA,135,0.005908813601880225
1,B_svc,2,0.2905575884448555,72,0.2757002747100101,MAP_SCADA,135,0.014857313734845445
2,UPFC_Vsh,5-15,1.1041119417122978,72,1.1052896437161124,MAP_SCADA,135,0.001177702003814618
3,UPFC_tsh,5-15,-0.22535657625741115,72,-0.2294291985876891,MAP_SCADA,135,0.004072622330277942
4,UPFC_Vse,5-15,0.060107674310286366,72,0.060485478662259694,MAP_SCADA,135,0.0003778043519733279
5,UPFC_tse,5-15,-2.1468883355909685,72,-2.1569582826184863,MAP_SCADA,135,0.010069947027517845
0,x_tcsc,1-14,-0.1388155879410626,73,-0.1346517936501981,MAP_SCADA,135,0.004163794290864498
1,B_svc,2,0.2955615078968038,73,0.2757002747100101,MAP_SCADA,135,0.019861233186793725
2,UPFC_Vsh,5-15,1.105298350292251,73,1.1052896437161124,MAP_SCADA,135,8.706576138717281e-06
3,UPFC_tsh,5-15,-0.22593649996615559,73,-0.2294291985876891,MAP_SCADA,135,0.0034926986215335076
4,UPFC_Vse,5-15,0.05985474709110416,73,0.060485478662259694,MAP_SCADA,135,0.000630731571155535
5,UPFC_tse,5-15,-2.1511679849735295,73,-2.1569582826184863,MAP_SCADA,135,0.0057902976449568655
0,x_tcsc,1-14,-0.1398233764460126,74,-0.1346517936501981,MAP_SCADA,135,0.005171582795814478
1,B_svc,2,0.2954338977334575,74,0.2757002747100101,MAP_SCADA,135,0.019733623023447444
2,UPFC_Vsh,5-15,1.1071480139212553,74,1.1052896437161124,MAP_SCADA,135,0.0018583702051429007
3,UPFC_tsh,5-15,-0.22453926962252754,74,-0.2294291985876891,MAP_SCADA,135,0.00488992896516155
4,UPFC_Vse,5-15,0.060687580449417494,74,0.060485478662259694,MAP_SCADA,135,0.00020210178715780042
5,UPFC_tse,5-15,-2.14433718069863,74,-2.1569582826184863,MAP_SCADA,135,0.012621101919856326
0,x_tcsc,1-14,-0.13985189874829726,75,-0.1346517936501981,MAP_SCADA,135,0.00520010509809915
1,B_svc,2,0.29688805571872745,75,0.2757002747100101,MAP_SCADA,135,0.021187781008717377
2,UPFC_Vsh,5-15,1.1046618916641544,75,1.1052896437161124,MAP_SCADA,135,0.0006277520519579749
3,UPFC_tsh,5-15,-0.22601035217733573,75,-0.2294291985876891,MAP_SCADA,135,0.0034188464103533656
4,UPFC_Vse,5-15,0.06080895520400906,75,0.060485478662259694,MAP_SCADA,135,0.00032347654174936374
5,UPFC_tse,5-15,-2.1404242421104898,75,-2.1569582826184863,MAP_SCADA,135,0.01653404050799656
0,x_tcsc,1-14,-0.13957144471102523,76,-0.1346517936501981,MAP_SCADA,135,0.004919651060827118
1,B_svc,2,0.2923765380368501,76,0.2757002747100101,MAP_SCADA,135,0.016676263326840024
2,UPFC_Vsh,5-15,1.1054871009105336,76,1.1052896437161124,MAP_SCADA,135,0.00019745719442121334
3,UPFC_tsh,5-15,-0.22482937095352573,76,-0.2294291985876891,MAP_SCADA,135,0.0045998276341633615
4,UPFC_Vse,5-15,0.06030011511679539,76,0.060485478662259694,MAP_SCADA,135,0.00018536354546430656
5,UPFC_tse,5-15,-2.1476767706995723,76,-2.1569582826184863,MAP_SCADA,135,0.00928151191891402
0,x_tcsc,1-14,-0.13862326408102932,77,-0.1346517936501981,MAP_SCADA,135,0.003971470430831209
1,B_svc,2,0.297354900166559,77,0.2757002747100101,MAP_SCADA,135,0.021654625456548948
2,UPFC_Vsh,5-15,1.1047507912466037,77,1.1052896437161124,MAP_SCADA,135,0.0005388524695086883
3,UPFC_tsh,5-15,-0.22604008379772728,77,-0.2294291985876891,MAP_SCADA,135,0.003389114789961817
4,UPFC_Vse,5-15,0.05988669983780915,77,0.060485478662259694,MAP_SCADA,135,0.0005987788244505438
5,UPFC_tse,5-15,-2.149920976773672,77,-2.1569582826184863,MAP_SCADA,135,0.007037305844814323
0,x_tcsc,1-14,-0.14014173897371188,78,-0.1346517936501981,MAP_SCADA,135,0.005489945323513767
1,B_svc,2,0.29808804198602606,78,0.2757002747100101,MAP_SCADA,135,0.02238776727601599
2,UPFC_Vsh,5-15,1.1020250874796236,78,1.1052896437161124,MAP_SCADA,135,0.0032645562364888026
3,UPFC_tsh,5-15,-0.22709406986485264,78,-0.2294291985876891,MAP_SCADA,135,0.0023351287228364492
4,UPFC_Vse,5-15,0.06038098624706862,78,0.060485478662259694,MAP_SCADA,135,0.00010449241519107366
5,UPFC_tse,5-15,-2.147555642474961,78,-2.1569582826184863,MAP_SCADA,135,0.009402640143525431
0,x_tcsc,1-14,-0.138494991935145,79,-0.1346517936501981,MAP_SCADA,135,0.0038431982849468915
1,B_svc,2,0.29935793585946774,79,0.2757002747100101,MAP_SCADA,135,0.023657661149457665
2,UPFC_Vsh,5-15,1.1044861845431309,79,1.1052896437161124,MAP_SCADA,135,0.0008034591729815244
3,UPFC_tsh,5-15,-0.2267156972470802,79,-0.2294291985876891,MAP_SCADA,135,0.0027135013406088815
4,UPFC_Vse,5-15,0.06014279391207925,79,0.060485478662259694,MAP_SCADA,135,0.0003426847501804414
5,UPFC_tse,5-15,-2.148430129095994,79,-2.1569582826184863,MAP_SCADA,135,0.008528153522492143
0,x_tcsc,1-14,-0.13850198239680195,80,-0.1346517936501981,MAP_SCADA,135,0.0038501887466038387
1,B_svc,2,0.2949269015440459,80,0.2757002747100101,MAP_SCADA,135,0.01922662683403581
2,UPFC_Vsh,5-15,1.1046154754089028,80,1.1052896437161124,MAP_SCADA,135,0.0006741683072095661
3,UPFC_tsh,5-15,-0.22601633684968597,80,-0.2294291985876891,MAP_SCADA,135,0.00341286173800312
4,UPFC_Vse,5-15,0.05995997222132473,80,0.060485478662259694,MAP_SCADA,135,0.0005255064409349641
5,UPFC_tse,5-15,-2.151054139576775,80,-2.1569582826184863,MAP_SCADA,135,0.005904143041711496
0,x_tcsc,1-14,-0.13966617912573293,81,-0.1346517936501981,MAP_SCADA,135,0.005014385475534816
1,B_svc,2,0.29315893366360213,81,0.2757002747100101,MAP_SCADA,135,0.017458658953592054
2,UPFC_Vsh,5-15,1.1060385957878638,81,1.1052896437161124,MAP_SCADA,135,0.0007489520717514075
3,UPFC_tsh,5-15,-0.22521413775523438,81,-0.2294291985876891,MAP_SCADA,135,0.004215060832454709
4,UPFC_Vse,5-15,0.060315117957685425,81,0.060485478662259694,MAP_SCADA,135,0.00017036070457426833
5,UPFC_tse,5-15,-2.139918566642995,81,-2.1569582826184863,MAP_SCADA,135,0.017039715975491365
0,x_tcsc,1-14,-0.13893154787813156,82,-0.1346517936501981,MAP_SCADA,135,0.004279754227933447
1,B_svc,2,0.3003519178065197,82,0.2757002747100101,MAP_SCADA,135,0.024651643096509634
2,UPFC_Vsh,5-15,1.105211713292877,82,1.1052896437161124,MAP_SCADA,135,7.793042323545052e-05
3,UPFC_tsh,5-15,-0.22601346607340225,82,-0.2294291985876891,MAP_SCADA,135,0.00341573251428684
4,UPFC_Vse,5-15,0.05983889382632722,82,0.060485478662259694,MAP_SCADA,135,0.0006465848359324747
5,UPFC_tse,5-15,-2.145681020772069,82,-2.1569582826184863,MAP_SCADA,135,0.011277261846417197
0,x_tcsc,1-14,-0.13768340688018318,83,-0.1346517936501981,MAP_SCADA,135,0.003031613229985075
1,B_svc,2,0.2994261065484856,83,0.2757002747100101,MAP_SCADA,135,0.023725831838475542
2,UPFC_Vsh,5-15,1.101703543833773,83,1.1052896437161124,MAP_SCADA,135,0.0035860998823393775
3,UPFC_tsh,5-15,-0.2279174035804127,83,-0.2294291985876891,MAP_SCADA,135,0.0015117950072763842
4,UPFC_Vse,5-15,0.06055765787005787,83,0.060485478662259694,MAP_SCADA,135,7.21792077981731e-05
5,UPFC_tse,5-15,-2.1510343991375835,83,-2.1569582826184863,MAP_SCADA,135,0.005923883480902781
0,x_tcsc,1-14,-0.1373216491922542,84,-0.1346517936501981,MAP_SCADA,135,0.002669855542056093
1,B_svc,2,0.2927348858620752,84,0.2757002747100101,MAP_SCADA,135,0.017034611152065116
2,UPFC_Vsh,5-15,1.1067500551576062,84,1.1052896437161124,MAP_SCADA,135,0.0014604114414937808
3,UPFC_tsh,5-15,-0.22563770740787648,84,-0.2294291985876891,MAP_SCADA,135,0.003791491179812617
4,UPFC_Vse,5-15,0.06014896913171909,84,0.060485478662259694,MAP_SCADA,135,0.00033650953054060323
5,UPFC_tse,5-15,-2.144710256275567,84,-2.1569582826184863,MAP_SCADA,135,0.012248026342919438
0,x_tcsc,1-14,-0.1368727184297969,85,-0.1346517936501981,MAP_SCADA,135,0.0022209247795987874
1,B_svc,2,0.3042076338471711,85,0.2757002747100101,MAP_SCADA,135,0.028507359137161015
2,UPFC_Vsh,5-15,1.1020224083109054,85,1.1052896437161124,MAP_SCADA,135,0.003267235405207014
3,UPFC_tsh,5-15,-0.22809833192717974,85,-0.2294291985876891,MAP_SCADA,135,0.0013308666605093555
4,UPFC_Vse,5-15,0.059876587389066586,85,0.060485478662259694,MAP_SCADA,135,0.0006088912731931073
5,UPFC_tse,5-15,-2.1513163216563593,85,-2.1569582826184863,MAP_SCADA,135,0.005641960962126991
0,x_tcsc,1-14,-0.1384535459587959,86,-0.1346517936501981,MAP_SCADA,135,0.003801752308597778
1,B_svc,2,0.2997617930927,86,0.2757002747100101,MAP_SCADA,135,0.02406151838268994
2,UPFC_Vsh,5-15,1.103946923652292,86,1.1052896437161124,MAP_SCADA,135,0.0013427200638203018
3,UPFC_tsh,5-15,-0.22620783362035,86,-0.2294291985876891,MAP_SCADA,135,0.003221364967339102
4,UPFC_Vse,5-15,0.060450061537411046,86,0.060485478662259694,MAP_SCADA,135,3.5417124848648174e-05
5,UPFC_tse,5-15,-2.1479966642306616,86,-2.1569582826184863,MAP_SCADA,135,0.008961618387824721
0,x_tcsc,1-14,-0.13890739555022136,87,-0.1346517936501981,MAP_SCADA,135,0.004255601900023248
1,B_svc,2,0.29816419122844867,87,0.2757002747100101,MAP_SCADA,135,0.022463916518438598
2,UPFC_Vsh,5-15,1.1032871777219062,87,1.1052896437161124,MAP_SCADA,135,0.0020024659942061707
3,UPFC_tsh,5-15,-0.226681685374232,87,-0.2294291985876891,MAP_SCADA,135,0.0027475132134570923
4,UPFC_Vse,5-15,0.06018735647973197,87,0.060485478662259694,MAP_SCADA,135,0.00029812218252772693
5,UPFC_tse,5-15,-2.1458589466601703,87,-2.1569582826184863,MAP_SCADA,135,0.011099335958316026
0,x_tcsc,1-14,-0.13941829242216902,88,-0.1346517936501981,MAP_SCADA,135,0.004766498771970912
1,B_svc,2,0.29807485035769715,88,0.2757002747100101,MAP_SCADA,135,0.02237457564768708
2,UPFC_Vsh,5-15,1.1045063121793453,88,1.1052896437161124,MAP_SCADA,135,0.000783331536767129
3,UPFC_tsh,5-15,-0.22623395074146235,88,-0.2294291985876891,MAP_SCADA,135,0.0031952478462267397
4,UPFC_Vse,5-15,0.05955271496810949,88,0.060485478662259694,MAP_SCADA,135,0.0009327636941502057
5,UPFC_tse,5-15,-2.147882351498537,88,-2.1569582826184863,MAP_SCADA,135,0.00907593111994931
0,x_tcsc,1-14,-0.13722912029411927,89,-0.1346517936501981,MAP_SCADA,135,0.0025773266439211573
1,B_svc,2,0.30411101001131285,89,0.2757002747100101,MAP_SCADA,135,0.02841073530130278
2,UPFC_Vsh,5-15,1.1036311349152752,89,1.1052896437161124,MAP_SCADA,135,0.0016585088008371773
3,UPFC_tsh,5-15,-0.22732067939310316,89,-0.2294291985876891,MAP_SCADA,135,0.002108519194585934
4,UPFC_Vse,5-15,0.06012593040018313,89,0.060485478662259694,MAP_SCADA,135,0.00035954826207656304
5,UPFC_tse,5-15,-2.148379421260987,89,-2.1569582826184863,MAP_SCADA,135,0.008578861357499523
0,x_tcsc,1-14,-0.14066230142333347,90,-0.1346517936501981,MAP_SCADA,135,0.0060105077731353596
1,B_svc,2,0.28639808623031715,90,0.2757002747100101,MAP_SCADA,135,0.010697811520307077
2,UPFC_Vsh,5-15,1.1053975417805695,90,1.1052896437161124,MAP_SCADA,135,0.00010789806445710148
3,UPFC_tsh,5-15,-0.2244789968365249,90,-0.2294291985876891,MAP_SCADA,135,0.004950201751164202
4,UPFC_Vse,5-15,0.05994150141665287,90,0.060485478662259694,MAP_SCADA,135,0.0005439772456068206
5,UPFC_tse,5-15,-2.1483133870233035,90,-2.1569582826184863,MAP_SCADA,135,0.008644895595182778
0,x_tcsc,1-14,-0.1389034492356503,91,-0.1346517936501981,MAP_SCADA,135,0.00425165558545218
1,B_svc,2,0.29841707717821614,91,0.2757002747100101,MAP_SCADA,135,0.022716802468206065
2,UPFC_Vsh,5-15,1.1040028152967658,91,1.1052896437161124,MAP_SCADA,135,0.001286828419346575
3,UPFC_tsh,5-15,-0.22666245066459617,91,-0.2294291985876891,MAP_SCADA,135,0.0027667479230929215
4,UPFC_Vse,5-15,0.060089420272586895,91,0.060485478662259694,MAP_SCADA,135,0.0003960583896727987
5,UPFC_tse,5-15,-2.1467186392760302,91,-2.1569582826184863,MAP_SCADA,135,0.010239643342456084
0,x_tcsc,1-14,-0.1399247873648281,92,-0.1346517936501981,MAP_SCADA,135,0.005272993714629998
1,B_svc,2,0.29473224820962973,92,0.2757002747100101,MAP_SCADA,135,0.01903197349961966
2,UPFC_Vsh,5-15,1.1051511651890191,92,1.1052896437161124,MAP_SCADA,135,0.00013847852709325537
3,UPFC_tsh,5-15,-0.22500880406455498,92,-0.2294291985876891,MAP_SCADA,135,0.0044203945231341135
4,UPFC_Vse,5-15,0.059988637387086235,92,0.060485478662259694,MAP_SCADA,135,0.0004968412751734583
5,UPFC_tse,5-15,-2.143871600729615,92,-2.1569582826184863,MAP_SCADA,135,0.01308668188887152
0,x_tcsc,1-14,-0.13790532230246327,93,-0.1346517936501981,MAP_SCADA,135,0.003253528652265164
1,B_svc,2,0.3013297835636175,93,0.2757002747100101,MAP_SCADA,135,0.02562950885360743
2,UPFC_Vsh,5-15,1.104168804741319,93,1.1052896437161124,MAP_SCADA,135,0.0011208389747934255
3,UPFC_tsh,5-15,-0.22684799687065,93,-0.2294291985876891,MAP_SCADA,135,0.0025812017170391
4,UPFC_Vse,5-15,0.059842294193274324,93,0.060485478662259694,MAP_SCADA,135,0.0006431844689853694
5,UPFC_tse,5-15,-2.147633419958297,93,-2.1569582826184863,MAP_SCADA,135,0.009324862660189392
0,x_tcsc,1-14,-0.13938863310282984,94,-0.1346517936501981,MAP_SCADA,135,0.00473683945263173
1,B_svc,2,0.2980292208579397,94,0.2757002747100101,MAP_SCADA,135,0.02232894614792963
2,UPFC_Vsh,5-15,1.1039325054724765,94,1.1052896437161124,MAP_SCADA,135,0.0013571382436359247
3,UPFC_tsh,5-15,-0.2264616265220565,94,-0.2294291985876891,MAP_SCADA,135,0.0029675720656325844
4,UPFC_Vse,5-15,0.06017734177236146,94,0.060485478662259694,MAP_SCADA,135,0.000308136889898232
5,UPFC_tse,5-15,-2.153993553239469,94,-2.1569582826184863,MAP_SCADA,135,0.0029647293790171503
0,x_tcsc,1-14,-0.13950620660961183,95,-0.1346517936501981,MAP_SCADA,135,0.0048544129594137175
1,B_svc,2,0.29251821175293685,95,0.2757002747100101,MAP_SCADA,135,0.01681793704292678
2,UPFC_Vsh,5-15,1.1043324817035252,95,1.1052896437161124,MAP_SCADA,135,0.0009571620125872204
3,UPFC_tsh,5-15,-0.2259389986761963,95,-0.2294291985876891,MAP_SCADA,135,0.0034901999114927973
4,UPFC_Vse,5-15,0.060131204192603406,95,0.060485478662259694,MAP_SCADA,135,0.00035427446965628773
5,UPFC_tse,5-15,-2.1486542652587537,95,-2.1569582826184863,MAP_SCADA,135,0.00830401735973263
0,x_tcsc,1-14,-0.1380067973475561,96,-0.1346517936501981,MAP_SCADA,135,0.003355003697358
1,B_svc,2,0.3023121368267017,96,0.2757002747100101,MAP_SCADA,135,0.026611862116691642
2,UPFC_Vsh,5-15,1.1044147926848344,96,1.1052896437161124,MAP_SCADA,135,0.0008748510312779345
3,UPFC_tsh,5-15,-0.22676224099022252,96,-0.2294291985876891,MAP_SCADA,135,0.002666957597466574
4,UPFC_Vse,5-15,0.06029829200515852,96,0.060485478662259694,MAP_SCADA,135,0.000187186657101171
5,UPFC_tse,5-15,-2.1530578859010805,96,-2.1569582826184863,MAP_SCADA,135,0.0039003967174058296
0,x_tcsc,1-14,-0.14075836433980002,97,-0.1346517936501981,MAP_SCADA,135,0.006106570689601909
1,B_svc,2,0.2900573964944106,97,0.2757002747100101,MAP_SCADA,135,0.014357121784400517
2,UPFC_Vsh,5-15,1.105770205928169,97,1.1052896437161124,MAP_SCADA,135,0.0004805622120567232
3,UPFC_tsh,5-15,-0.22466709487794193,97,-0.2294291985876891,MAP_SCADA,135,0.0047621037097471675
4,UPFC_Vse,5-15,0.06021616597855937,97,0.060485478662259694,MAP_SCADA,135,0.00026931268370032624
5,UPFC_tse,5-15,-2.1442245668075404,97,-2.1569582826184863,MAP_SCADA,135,0.012733715810945956
0,x_tcsc,1-14,-0.13872154666830117,98,-0.1346517936501981,MAP_SCADA,135,0.004069753018103056
1,B_svc,2,0.2932544069980707,98,0.2757002747100101,MAP_SCADA,135,0.01755413228806063
2,UPFC_Vsh,5-15,1.1037015110597996,98,1.1052896437161124,MAP_SCADA,135,0.0015881326563127462
3,UPFC_tsh,5-15,-0.2263205983825664,98,-0.2294291985876891,MAP_SCADA,135,0.0031086002051226858
4,UPFC_Vse,5-15,0.06060918663511173,98,0.060485478662259694,MAP_SCADA,135,0.00012370797285203572
5,UPFC_tse,5-15,-2.1459582127355232,98,-2.1569582826184863,MAP_SCADA,135,0.011000069882963093
0,x_tcsc,1-14,-0.13955388499023125,99,-0.1346517936501981,MAP_SCADA,135,0.004902091340033138
1,B_svc,2,0.29595704555838426,99,0.2757002747100101,MAP_SCADA,135,0.020256770848374184
2,UPFC_Vsh,5-15,1.1029095704837086,99,1.1052896437161124,MAP_SCADA,135,0.0023800732324037455
3,UPFC_tsh,5-15,-0.22589227804724954,99,-0.2294291985876891,MAP_SCADA,135,0.003536920540439553
4,UPFC_Vse,5-15,0.060001423577760095,99,0.060485478662259694,MAP_SCADA,135,0.0004840550844995989
5,UPFC_tse,5-15,-2.152835962070224,99,-2.1569582826184863,MAP_SCADA,135,0.004122320548262337
0,x_tcsc,1-14,-0.13900849846393998,0,-0.1341671230153775,MAP_SCADA,137,0.004841375448562474
1,B_svc,2,0.29650527170746127,0,0.2736347799611498,MAP_SCADA,137,0.02287049174631145
2,UPFC_Vsh,5-15,1.106444059367828,0,1.1057908793825022,MAP_SCADA,137,0.0006531799853257692
3,UPFC_tsh,5-15,-0.2245452545715806,0,-0.22999450803875432,MAP_SCADA,137,0.005449253467173731
4,UPFC_Vse,5-15,0.06001100676389736,0,0.06040532681928308,MAP_SCADA,137,0.0003943200553857204
5,UPFC_tse,5-15,-2.145119974529498,0,-2.15455654822927,MAP_SCADA,137,0.009436573699771689
0,x_tcsc,1-14,-0.1396136637504605,1,-0.1341671230153775,MAP_SCADA,137,0.005446540735082994
1,B_svc,2,0.2995471824231543,1,0.2736347799611498,MAP_SCADA,137,0.02591240246200449
2,UPFC_Vsh,5-15,1.1028977000837634,1,1.1057908793825022,MAP_SCADA,137,0.0028931792987387794
3,UPFC_tsh,5-15,-0.2262309272513375,1,-0.22999450803875432,MAP_SCADA,137,0.003763580787416815
4,UPFC_Vse,5-15,0.05984995870332151,1,0.06040532681928308,MAP_SCADA,137,0.0005553681159615742
5,UPFC_tse,5-15,-2.1443611494327808,1,-2.15455654822927,MAP_SCADA,137,0.010195398796489119
0,x_tcsc,1-14,-0.13936421795883266,2,-0.1341671230153775,MAP_SCADA,137,0.0051970949434551605
1,B_svc,2,0.29683653973325336,2,0.2736347799611498,MAP_SCADA,137,0.023201759772103536
2,UPFC_Vsh,5-15,1.1033419492207521,2,1.1057908793825022,MAP_SCADA,137,0.0024489301617500736
3,UPFC_tsh,5-15,-0.22632827632391825,2,-0.22999450803875432,MAP_SCADA,137,0.0036662317148360712
4,UPFC_Vse,5-15,0.06073139686472676,2,0.06040532681928308,MAP_SCADA,137,0.0003260700454436813
5,UPFC_tse,5-15,-2.149609244944893,2,-2.15455654822927,MAP_SCADA,137,0.004947303284376758
0,x_tcsc,1-14,-0.13778624594440056,3,-0.1341671230153775,MAP_SCADA,137,0.0036191229290230553
1,B_svc,2,0.30021723183472937,3,0.2736347799611498,MAP_SCADA,137,0.02658245187357955
2,UPFC_Vsh,5-15,1.10401400666262,3,1.1057908793825022,MAP_SCADA,137,0.0017768727198821388
3,UPFC_tsh,5-15,-0.22767381252310107,3,-0.22999450803875432,MAP_SCADA,137,0.002320695515653254
4,UPFC_Vse,5-15,0.060583952678000985,3,0.06040532681928308,MAP_SCADA,137,0.00017862585871790404
5,UPFC_tse,5-15,-2.1492311117466207,3,-2.15455654822927,MAP_SCADA,137,0.00532543648264916
0,x_tcsc,1-14,-0.13985462128825538,4,-0.1341671230153775,MAP_SCADA,137,0.005687498272877872
1,B_svc,2,0.296188187833812,4,0.2736347799611498,MAP_SCADA,137,0.02255340787266219
2,UPFC_Vsh,5-15,1.1026767779516253,4,1.1057908793825022,MAP_SCADA,137,0.00311410143087687
3,UPFC_tsh,5-15,-0.22641506895827404,4,-0.22999450803875432,MAP_SCADA,137,0.003579439080480279
4,UPFC_Vse,5-15,0.06010991456421456,4,0.06040532681928308,MAP_SCADA,137,0.0002954122550685237
5,UPFC_tse,5-15,-2.149924163840019,4,-2.15455654822927,MAP_SCADA,137,0.004632384389251065
0,x_tcsc,1-14,-0.13746500879930573,5,-0.1341671230153775,MAP_SCADA,137,0.0032978857839282283
1,B_svc,2,0.3034607542918911,5,0.2736347799611498,MAP_SCADA,137,0.0298259743307413
2,UPFC_Vsh,5-15,1.1006785286143699,5,1.1057908793825022,MAP_SCADA,137,0.005112350768132323
3,UPFC_tsh,5-15,-0.2273157736710889,5,-0.22999450803875432,MAP_SCADA,137,0.002678734367665414
4,UPFC_Vse,5-15,0.06056989728741583,5,0.06040532681928308,MAP_SCADA,137,0.00016457046813275061
5,UPFC_tse,5-15,-2.1453666812389707,5,-2.15455654822927,MAP_SCADA,137,0.009189866990299222
0,x_tcsc,1-14,-0.13955901033275867,6,-0.1341671230153775,MAP_SCADA,137,0.005391887317381161
1,B_svc,2,0.29902140685599293,6,0.2736347799611498,MAP_SCADA,137,0.025386626894843112
2,UPFC_Vsh,5-15,1.1051095689335,6,1.1057908793825022,MAP_SCADA,137,0.0006813104490022148
3,UPFC_tsh,5-15,-0.22587728813114563,6,-0.22999450803875432,MAP_SCADA,137,0.004117219907608688
4,UPFC_Vse,5-15,0.06015700877506486,6,0.06040532681928308,MAP_SCADA,137,0.0002483180442182237
5,UPFC_tse,5-15,-2.1523236559127263,6,-2.15455654822927,MAP_SCADA,137,0.0022328923165435555
0,x_tcsc,1-14,-0.13802243210717918,7,-0.1341671230153775,MAP_SCADA,137,0.0038553090918016786
1,B_svc,2,0.2995903326742413,7,0.2736347799611498,MAP_SCADA,137,0.025955552713091468
2,UPFC_Vsh,5-15,1.1043946694822493,7,1.1057908793825022,MAP_SCADA,137,0.0013962099002529094
3,UPFC_tsh,5-15,-0.22658864844167736,7,-0.22999450803875432,MAP_SCADA,137,0.0034058595970769545
4,UPFC_Vse,5-15,0.05985353630766828,7,0.06040532681928308,MAP_SCADA,137,0.0005517905116148025
5,UPFC_tse,5-15,-2.154106660539906,7,-2.15455654822927,MAP_SCADA,137,0.00044988768936393697
0,x_tcsc,1-14,-0.13776651479993207,8,-0.1341671230153775,MAP_SCADA,137,0.0035993917845545675
1,B_svc,2,0.3034020605098786,8,0.2736347799611498,MAP_SCADA,137,0.02976728054872879
2,UPFC_Vsh,5-15,1.1038155449859017,8,1.1057908793825022,MAP_SCADA,137,0.00197533439660047
3,UPFC_tsh,5-15,-0.22729311200001734,8,-0.22999450803875432,MAP_SCADA,137,0.0027013960387369806
4,UPFC_Vse,5-15,0.06036461132298206,8,0.06040532681928308,MAP_SCADA,137,4.071549630101784e-05
5,UPFC_tse,5-15,-2.1549856065944772,8,-2.15455654822927,MAP_SCADA,137,0.0004290583652073465
0,x_tcsc,1-14,-0.13859247186509066,9,-0.1341671230153775,MAP_SCADA,137,0.0044253488497131566
1,B_svc,2,0.29578539085512373,9,0.2736347799611498,MAP_SCADA,137,0.02215061089397391
2,UPFC_Vsh,5-15,1.104393061880654,9,1.1057908793825022,MAP_SCADA,137,0.0013978175018483086
3,UPFC_tsh,5-15,-0.2264243969300444,9,-0.22999450803875432,MAP_SCADA,137,0.003570111108709917
4,UPFC_Vse,5-15,0.060495454335872195,9,0.06040532681928308,MAP_SCADA,137,9.012751658911411e-05
5,UPFC_tse,5-15,-2.1472225881378324,9,-2.15455654822927,MAP_SCADA,137,0.007333960091437497
0,x_tcsc,1-14,-0.14084676336732707,10,-0.1341671230153775,MAP_SCADA,137,0.006679640351949567
1,B_svc,2,0.2932031951219014,10,0.2736347799611498,MAP_SCADA,137,0.019568415160751584
2,UPFC_Vsh,5-15,1.1049799922854475,10,1.1057908793825022,MAP_SCADA,137,0.00081088709705468
3,UPFC_tsh,5-15,-0.22493217726351936,10,-0.22999450803875432,MAP_SCADA,137,0.005062330775234963
4,UPFC_Vse,5-15,0.060052763771416585,10,0.06040532681928308,MAP_SCADA,137,0.00035256304786649567
5,UPFC_tse,5-15,-2.148328019767737,10,-2.15455654822927,MAP_SCADA,137,0.006228528461532878
0,x_tcsc,1-14,-0.13935090874779182,11,-0.1341671230153775,MAP_SCADA,137,0.00518378573241432
1,B_svc,2,0.3000827842332406,11,0.2736347799611498,MAP_SCADA,137,0.026448004272090764
2,UPFC_Vsh,5-15,1.104322749806619,11,1.1057908793825022,MAP_SCADA,137,0.0014681295758831592
3,UPFC_tsh,5-15,-0.22644285374367815,11,-0.22999450803875432,MAP_SCADA,137,0.003551654295076173
4,UPFC_Vse,5-15,0.06061384937727731,11,0.06040532681928308,MAP_SCADA,137,0.00020852255799422986
5,UPFC_tse,5-15,-2.1500395355490904,11,-2.15455654822927,MAP_SCADA,137,0.004517012680179455
0,x_tcsc,1-14,-0.13886661964430397,12,-0.1341671230153775,MAP_SCADA,137,0.004699496628926464
1,B_svc,2,0.30316520299571653,12,0.2736347799611498,MAP_SCADA,137,0.02953042303456671
2,UPFC_Vsh,5-15,1.1014851436299993,12,1.1057908793825022,MAP_SCADA,137,0.004305735752502926
3,UPFC_tsh,5-15,-0.2265947577998115,12,-0.22999450803875432,MAP_SCADA,137,0.003399750238942817
4,UPFC_Vse,5-15,0.05951054582410368,12,0.06040532681928308,MAP_SCADA,137,0.000894780995179402
5,UPFC_tse,5-15,-2.1481486842702813,12,-2.15455654822927,MAP_SCADA,137,0.006407863958988624
0,x_tcsc,1-14,-0.13751298016279592,13,-0.1341671230153775,MAP_SCADA,137,0.0033458571474184184
1,B_svc,2,0.30138813066979114,13,0.2736347799611498,MAP_SCADA,137,0.027753350708641322
2,UPFC_Vsh,5-15,1.1048805629058702,13,1.1057908793825022,MAP_SCADA,137,0.0009103164766319782
3,UPFC_tsh,5-15,-0.22692624201313333,13,-0.22999450803875432,MAP_SCADA,137,0.0030682660256209915
4,UPFC_Vse,5-15,0.05976662311998865,13,0.06040532681928308,MAP_SCADA,137,0.0006387036992944323
5,UPFC_tse,5-15,-2.1511226488263433,13,-2.15455654822927,MAP_SCADA,137,0.003433899402926599
0,x_tcsc,1-14,-0.1387119073551927,14,-0.1341671230153775,MAP_SCADA,137,0.0045447843398152
1,B_svc,2,0.2991060203265386,14,0.2736347799611498,MAP_SCADA,137,0.02547124036538878
2,UPFC_Vsh,5-15,1.1043098255803496,14,1.1057908793825022,MAP_SCADA,137,0.0014810538021525765
3,UPFC_tsh,5-15,-0.22659362725435733,14,-0.22999450803875432,MAP_SCADA,137,0.003400880784396987
4,UPFC_Vse,5-15,0.05993925440151864,14,0.06040532681928308,MAP_SCADA,137,0.00046607241776443903
5,UPFC_tse,5-15,-2.147403003091212,14,-2.15455654822927,MAP_SCADA,137,0.007153545138057993
0,x_tcsc,1-14,-0.1401347877250689,15,-0.1341671230153775,MAP_SCADA,137,0.0059676647096914
1,B_svc,2,0.29719327447259053,15,0.2736347799611498,MAP_SCADA,137,0.02355849451144071
2,UPFC_Vsh,5-15,1.10514278782043,15,1.1057908793825022,MAP_SCADA,137,0.0006480915620721284
3,UPFC_tsh,5-15,-0.22475059684335258,15,-0.22999450803875432,MAP_SCADA,137,0.00524391119540174
4,UPFC_Vse,5-15,0.05974653222629669,15,0.06040532681928308,MAP_SCADA,137,0.0006587945929863934
5,UPFC_tse,5-15,-2.1454506699074596,15,-2.15455654822927,MAP_SCADA,137,0.009105878321810312
0,x_tcsc,1-14,-0.13657497542089506,16,-0.1341671230153775,MAP_SCADA,137,0.002407852405517552
1,B_svc,2,0.3050354964593784,16,0.2736347799611498,MAP_SCADA,137,0.031400716498228565
2,UPFC_Vsh,5-15,1.1042529235454521,16,1.1057908793825022,MAP_SCADA,137,0.0015379558370500757
3,UPFC_tsh,5-15,-0.2272530051578728,16,-0.22999450803875432,MAP_SCADA,137,0.0027415028808815134
4,UPFC_Vse,5-15,0.05994727137748766,16,0.06040532681928308,MAP_SCADA,137,0.00045805544179541857
5,UPFC_tse,5-15,-2.1525110522626387,16,-2.15455654822927,MAP_SCADA,137,0.0020454959666311723
0,x_tcsc,1-14,-0.14031858933454772,17,-0.1341671230153775,MAP_SCADA,137,0.006151466319170212
1,B_svc,2,0.29837338229458993,17,0.2736347799611498,MAP_SCADA,137,0.024738602333440107
2,UPFC_Vsh,5-15,1.1048099590733964,17,1.1057908793825022,MAP_SCADA,137,0.0009809203091057928
3,UPFC_tsh,5-15,-0.2258268842497113,17,-0.22999450803875432,MAP_SCADA,137,0.004167623789043007
4,UPFC_Vse,5-15,0.060018761302233874,17,0.06040532681928308,MAP_SCADA,137,0.00038656551704920744
5,UPFC_tse,5-15,-2.1445126629522857,17,-2.15455654822927,MAP_SCADA,137,0.010043885276984188
0,x_tcsc,1-14,-0.13862398376095758,18,-0.1341671230153775,MAP_SCADA,137,0.004456860745580077
1,B_svc,2,0.30051063411948875,18,0.2736347799611498,MAP_SCADA,137,0.02687585415833893
2,UPFC_Vsh,5-15,1.1036263093848822,18,1.1057908793825022,MAP_SCADA,137,0.002164569997620047
3,UPFC_tsh,5-15,-0.22631897737870346,18,-0.22999450803875432,MAP_SCADA,137,0.0036755306600508575
4,UPFC_Vse,5-15,0.06059917772140851,18,0.06040532681928308,MAP_SCADA,137,0.00019385090212543227
5,UPFC_tse,5-15,-2.1481598405459894,18,-2.15455654822927,MAP_SCADA,137,0.006396707683280489
0,x_tcsc,1-14,-0.13997150805289785,19,-0.1341671230153775,MAP_SCADA,137,0.005804385037520343
1,B_svc,2,0.2975385393396756,19,0.2736347799611498,MAP_SCADA,137,0.02390375937852579
2,UPFC_Vsh,5-15,1.102397254952331,19,1.1057908793825022,MAP_SCADA,137,0.003393624430171105
3,UPFC_tsh,5-15,-0.22583042910126308,19,-0.22999450803875432,MAP_SCADA,137,0.004164078937491239
4,UPFC_Vse,5-15,0.06029962107356366,19,0.06040532681928308,MAP_SCADA,137,0.00010570574571942132
5,UPFC_tse,5-15,-2.1511675257445853,19,-2.15455654822927,MAP_SCADA,137,0.003389022484684645
0,x_tcsc,1-14,-0.13996105232389777,20,-0.1341671230153775,MAP_SCADA,137,0.005793929308520268
1,B_svc,2,0.2921272452893663,20,0.2736347799611498,MAP_SCADA,137,0.018492465328216467
2,UPFC_Vsh,5-15,1.1059558536829384,20,1.1057908793825022,MAP_SCADA,137,0.00016497430043616035
3,UPFC_tsh,5-15,-0.22446458794532617,20,-0.22999450803875432,MAP_SCADA,137,0.005529920093428148
4,UPFC_Vse,5-15,0.05986600732266241,20,0.06040532681928308,MAP_SCADA,137,0.0005393194966206716
5,UPFC_tse,5-15,-2.1451598095664512,20,-2.15455654822927,MAP_SCADA,137,0.009396738662818649
0,x_tcsc,1-14,-0.13822667342328782,21,-0.1341671230153775,MAP_SCADA,137,0.004059550407910312
1,B_svc,2,0.2972723864116842,21,0.2736347799611498,MAP_SCADA,137,0.023637606450534365
2,UPFC_Vsh,5-15,1.1041169664709394,21,1.1057908793825022,MAP_SCADA,137,0.0016739129115628248
3,UPFC_tsh,5-15,-0.22696494078320859,21,-0.22999450803875432,MAP_SCADA,137,0.0030295672555457343
4,UPFC_Vse,5-15,0.06022746905635116,21,0.06040532681928308,MAP_SCADA,137,0.00017785776293192251
5,UPFC_tse,5-15,-2.152488046930867,21,-2.15455654822927,MAP_SCADA,137,0.0020685012984027473
0,x_tcsc,1-14,-0.1385780621689011,22,-0.1341671230153775,MAP_SCADA,137,0.004410939153523585
1,B_svc,2,0.295866779953715,22,0.2736347799611498,MAP_SCADA,137,0.0222319999925652
2,UPFC_Vsh,5-15,1.1060783732776556,22,1.1057908793825022,MAP_SCADA,137,0.0002874938951533679
3,UPFC_tsh,5-15,-0.22534572355539284,22,-0.22999450803875432,MAP_SCADA,137,0.004648784483361479
4,UPFC_Vse,5-15,0.059450675865346955,22,0.06040532681928308,MAP_SCADA,137,0.0009546509539361259
5,UPFC_tse,5-15,-2.1468013562424364,22,-2.15455654822927,MAP_SCADA,137,0.007755191986833498
0,x_tcsc,1-14,-0.1402901868998003,23,-0.1341671230153775,MAP_SCADA,137,0.006123063884422797
1,B_svc,2,0.28873643190744297,23,0.2736347799611498,MAP_SCADA,137,0.015101651946293149
2,UPFC_Vsh,5-15,1.104882461923429,23,1.1057908793825022,MAP_SCADA,137,0.0009084174590732186
3,UPFC_tsh,5-15,-0.2252051158164447,23,-0.22999450803875432,MAP_SCADA,137,0.004789392222309619
4,UPFC_Vse,5-15,0.0602245918602625,23,0.06040532681928308,MAP_SCADA,137,0.00018073495902058007
5,UPFC_tse,5-15,-2.143819747526403,23,-2.15455654822927,MAP_SCADA,137,0.010736800702866756
0,x_tcsc,1-14,-0.1392743045440156,24,-0.1341671230153775,MAP_SCADA,137,0.005107181528638094
1,B_svc,2,0.29738585302713844,24,0.2736347799611498,MAP_SCADA,137,0.023751073065988615
2,UPFC_Vsh,5-15,1.1045794019361654,24,1.1057908793825022,MAP_SCADA,137,0.0012114774463367617
3,UPFC_tsh,5-15,-0.22649652881257448,24,-0.22999450803875432,MAP_SCADA,137,0.003497979226179837
4,UPFC_Vse,5-15,0.060071837795885465,24,0.06040532681928308,MAP_SCADA,137,0.0003334890233976165
5,UPFC_tse,5-15,-2.1422016412545237,24,-2.15455654822927,MAP_SCADA,137,0.012354906974746171
0,x_tcsc,1-14,-0.1377908231437233,25,-0.1341671230153775,MAP_SCADA,137,0.003623700128345786
1,B_svc,2,0.3061252413607257,25,0.2736347799611498,MAP_SCADA,137,0.0324904613995759
2,UPFC_Vsh,5-15,1.1034073057683083,25,1.1057908793825022,MAP_SCADA,137,0.0023835736141939456
3,UPFC_tsh,5-15,-0.22768260667530446,25,-0.22999450803875432,MAP_SCADA,137,0.0023119013634498586
4,UPFC_Vse,5-15,0.06020619773713513,25,0.06040532681928308,MAP_SCADA,137,0.00019912908214795438
5,UPFC_tse,5-15,-2.150180709765505,25,-2.15455654822927,MAP_SCADA,137,0.004375838463765103
0,x_tcsc,1-14,-0.1385486551204919,26,-0.1341671230153775,MAP_SCADA,137,0.004381532105114383
1,B_svc,2,0.300807778883365,26,0.2736347799611498,MAP_SCADA,137,0.027172998922215197
2,UPFC_Vsh,5-15,1.1039094048672455,26,1.1057908793825022,MAP_SCADA,137,0.0018814745152566648
3,UPFC_tsh,5-15,-0.2259080636694409,26,-0.22999450803875432,MAP_SCADA,137,0.004086444369313408
4,UPFC_Vse,5-15,0.0608357430479533,26,0.06040532681928308,MAP_SCADA,137,0.0004304162286702176
5,UPFC_tse,5-15,-2.1503445282371287,26,-2.15455654822927,MAP_SCADA,137,0.004212019992141158
0,x_tcsc,1-14,-0.13881034278722607,27,-0.1341671230153775,MAP_SCADA,137,0.004643219771848561
1,B_svc,2,0.2914728599813028,27,0.2736347799611498,MAP_SCADA,137,0.01783808002015297
2,UPFC_Vsh,5-15,1.104849217491168,27,1.1057908793825022,MAP_SCADA,137,0.0009416618913342667
3,UPFC_tsh,5-15,-0.225308752946577,27,-0.22999450803875432,MAP_SCADA,137,0.004685755092177307
4,UPFC_Vse,5-15,0.06004084817340249,27,0.06040532681928308,MAP_SCADA,137,0.0003644786458805935
5,UPFC_tse,5-15,-2.148496938186742,27,-2.15455654822927,MAP_SCADA,137,0.006059610042528085
0,x_tcsc,1-14,-0.13913273389529263,28,-0.1341671230153775,MAP_SCADA,137,0.004965610879915122
1,B_svc,2,0.296591253501489,28,0.2736347799611498,MAP_SCADA,137,0.022956473540339195
2,UPFC_Vsh,5-15,1.106067300145302,28,1.1057908793825022,MAP_SCADA,137,0.00027642076279987826
3,UPFC_tsh,5-15,-0.2247781884335331,28,-0.22999450803875432,MAP_SCADA,137,0.005216319605221231
4,UPFC_Vse,5-15,0.060115046821960276,28,0.06040532681928308,MAP_SCADA,137,0.00029027999732280513
5,UPFC_tse,5-15,-2.143399854831133,28,-2.15455654822927,MAP_SCADA,137,0.011156693398136852
0,x_tcsc,1-14,-0.13888452296679737,29,-0.1341671230153775,MAP_SCADA,137,0.0047173999514198706
1,B_svc,2,0.2992698066686642,29,0.2736347799611498,MAP_SCADA,137,0.025635026707514386
2,UPFC_Vsh,5-15,1.10514048130782,29,1.1057908793825022,MAP_SCADA,137,0.0006503980746821458
3,UPFC_tsh,5-15,-0.22565557417003165,29,-0.22999450803875432,MAP_SCADA,137,0.004338933868722666
4,UPFC_Vse,5-15,0.05959903426723671,29,0.06040532681928308,MAP_SCADA,137,0.000806292552046374
5,UPFC_tse,5-15,-2.1487909286896563,29,-2.15455654822927,MAP_SCADA,137,0.005765619539613631
0,x_tcsc,1-14,-0.13966994289115525,30,-0.1341671230153775,MAP_SCADA,137,0.005502819875777748
1,B_svc,2,0.29765113418232697,30,0.2736347799611498,MAP_SCADA,137,0.02401635422117715
2,UPFC_Vsh,5-15,1.1025388252883417,30,1.1057908793825022,MAP_SCADA,137,0.003252054094160517
3,UPFC_tsh,5-15,-0.22632311264655752,30,-0.22999450803875432,MAP_SCADA,137,0.0036713953921967968
4,UPFC_Vse,5-15,0.060273030760081885,30,0.06040532681928308,MAP_SCADA,137,0.00013229605920119653
5,UPFC_tse,5-15,-2.1470760271765768,30,-2.15455654822927,MAP_SCADA,137,0.007480521052693145
0,x_tcsc,1-14,-0.1396459351331978,31,-0.1341671230153775,MAP_SCADA,137,0.005478812117820309
1,B_svc,2,0.29859178983973,31,0.2736347799611498,MAP_SCADA,137,0.024957009878580183
2,UPFC_Vsh,5-15,1.103772856341603,31,1.1057908793825022,MAP_SCADA,137,0.002018023040899264
3,UPFC_tsh,5-15,-0.22586435764479773,31,-0.22999450803875432,MAP_SCADA,137,0.004130150393956589
4,UPFC_Vse,5-15,0.060196723858506794,31,0.06040532681928308,MAP_SCADA,137,0.0002086029607762871
5,UPFC_tse,5-15,-2.149224612485506,31,-2.15455654822927,MAP_SCADA,137,0.005331935743763783
0,x_tcsc,1-14,-0.13746908066422436,32,-0.1341671230153775,MAP_SCADA,137,0.0033019576488468594
1,B_svc,2,0.3038280239187001,32,0.2736347799611498,MAP_SCADA,137,0.030193243957550298
2,UPFC_Vsh,5-15,1.103889255951134,32,1.1057908793825022,MAP_SCADA,137,0.0019016234313682379
3,UPFC_tsh,5-15,-0.22775698399944186,32,-0.22999450803875432,MAP_SCADA,137,0.0022375240393124607
4,UPFC_Vse,5-15,0.06038293076645081,32,0.06040532681928308,MAP_SCADA,137,2.2396052832274194e-05
5,UPFC_tse,5-15,-2.1500529755168016,32,-2.15455654822927,MAP_SCADA,137,0.004503572712468262
0,x_tcsc,1-14,-0.1407724381384244,33,-0.1341671230153775,MAP_SCADA,137,0.0066053151230469065
1,B_svc,2,0.29109702121632824,33,0.2736347799611498,MAP_SCADA,137,0.017462241255178423
2,UPFC_Vsh,5-15,1.1061593864183283,33,1.1057908793825022,MAP_SCADA,137,0.00036850703582613775
3,UPFC_tsh,5-15,-0.22444767867505602,33,-0.22999450803875432,MAP_SCADA,137,0.005546829363698297
4,UPFC_Vse,5-15,0.05977371883798552,33,0.06040532681928308,MAP_SCADA,137,0.0006316079812975633
5,UPFC_tse,5-15,-2.14828422550704,33,-2.15455654822927,MAP_SCADA,137,0.006272322722229884
0,x_tcsc,1-14,-0.1396247852341707,34,-0.1341671230153775,MAP_SCADA,137,0.005457662218793208
1,B_svc,2,0.29625064662459444,34,0.2736347799611498,MAP_SCADA,137,0.022615866663444617
2,UPFC_Vsh,5-15,1.104409373734565,34,1.1057908793825022,MAP_SCADA,137,0.0013815056479371535
3,UPFC_tsh,5-15,-0.2260998187080884,34,-0.22999450803875432,MAP_SCADA,137,0.003894689330665918
4,UPFC_Vse,5-15,0.060423493335265026,34,0.06040532681928308,MAP_SCADA,137,1.8166515981944686e-05
5,UPFC_tse,5-15,-2.148531035273312,34,-2.15455654822927,MAP_SCADA,137,0.006025512955957879
0,x_tcsc,1-14,-0.13747071296096938,35,-0.1341671230153775,MAP_SCADA,137,0.0033035899455918782
1,B_svc,2,0.2970031945926777,35,0.2736347799611498,MAP_SCADA,137,0.02336841463152789
2,UPFC_Vsh,5-15,1.1043141540277561,35,1.1057908793825022,MAP_SCADA,137,0.001476725354746078
3,UPFC_tsh,5-15,-0.22689694102156815,35,-0.22999450803875432,MAP_SCADA,137,0.0030975670171861647
4,UPFC_Vse,5-15,0.06012317071876644,35,0.06040532681928308,MAP_SCADA,137,0.0002821561005166423
5,UPFC_tse,5-15,-2.149481545118172,35,-2.15455654822927,MAP_SCADA,137,0.0050750031110977645
0,x_tcsc,1-14,-0.14022767642520453,36,-0.1341671230153775,MAP_SCADA,137,0.00606055340982703
1,B_svc,2,0.2945503832650932,36,0.2736347799611498,MAP_SCADA,137,0.020915603303943375
2,UPFC_Vsh,5-15,1.1042972523376584,36,1.1057908793825022,MAP_SCADA,137,0.0014936270448437927
3,UPFC_tsh,5-15,-0.22502397668760352,36,-0.22999450803875432,MAP_SCADA,137,0.004970531351150803
4,UPFC_Vse,5-15,0.05990084617611401,36,0.06040532681928308,MAP_SCADA,137,0.0005044806431690682
5,UPFC_tse,5-15,-2.145775581524078,36,-2.15455654822927,MAP_SCADA,137,0.008780966705191684
0,x_tcsc,1-14,-0.13930864788106107,37,-0.1341671230153775,MAP_SCADA,137,0.005141524865683561
1,B_svc,2,0.2985366169832528,37,0.2736347799611498,MAP_SCADA,137,0.02490183702210297
2,UPFC_Vsh,5-15,1.1055109564919188,37,1.1057908793825022,MAP_SCADA,137,0.00027992289058342834
3,UPFC_tsh,5-15,-0.22576395725073525,37,-0.22999450803875432,MAP_SCADA,137,0.004230550788019066
4,UPFC_Vse,5-15,0.05957450635499889,37,0.06040532681928308,MAP_SCADA,137,0.0008308204642841904
5,UPFC_tse,5-15,-2.1485789670072792,37,-2.15455654822927,MAP_SCADA,137,0.005977581221990658
0,x_tcsc,1-14,-0.13876399333863584,38,-0.1341671230153775,MAP_SCADA,137,0.00459687032325834
1,B_svc,2,0.29775285732011453,38,0.2736347799611498,MAP_SCADA,137,0.024118077358964707
2,UPFC_Vsh,5-15,1.104689520361175,38,1.1057908793825022,MAP_SCADA,137,0.0011013590213271307
3,UPFC_tsh,5-15,-0.22595945019195673,38,-0.22999450803875432,MAP_SCADA,137,0.004035057846797585
4,UPFC_Vse,5-15,0.060351667486153455,38,0.06040532681928308,MAP_SCADA,137,5.365933312962562e-05
5,UPFC_tse,5-15,-2.1462755904313355,38,-2.15455654822927,MAP_SCADA,137,0.008280957797934363
0,x_tcsc,1-14,-0.13888872058816598,39,-0.1341671230153775,MAP_SCADA,137,0.004721597572788477
1,B_svc,2,0.30026952731217943,39,0.2736347799611498,MAP_SCADA,137,0.02663474735102961
2,UPFC_Vsh,5-15,1.1035081667959006,39,1.1057908793825022,MAP_SCADA,137,0.0022827125866016207
3,UPFC_tsh,5-15,-0.22685329721329714,39,-0.22999450803875432,MAP_SCADA,137,0.0031412108254571802
4,UPFC_Vse,5-15,0.060193805382303366,39,0.06040532681928308,MAP_SCADA,137,0.00021152143697971554
5,UPFC_tse,5-15,-2.1480449289464985,39,-2.15455654822927,MAP_SCADA,137,0.006511619282771441
0,x_tcsc,1-14,-0.1380881425081221,40,-0.1341671230153775,MAP_SCADA,137,0.003921019492744593
1,B_svc,2,0.305150873703634,40,0.2736347799611498,MAP_SCADA,137,0.03151609374248415
2,UPFC_Vsh,5-15,1.1010648603053346,40,1.1057908793825022,MAP_SCADA,137,0.004726019077167631
3,UPFC_tsh,5-15,-0.2285433630113417,40,-0.22999450803875432,MAP_SCADA,137,0.0014511450274126148
4,UPFC_Vse,5-15,0.06086204016250076,40,0.06040532681928308,MAP_SCADA,137,0.0004567133432176809
5,UPFC_tse,5-15,-2.148631665556464,40,-2.15455654822927,MAP_SCADA,137,0.005924882672805776
0,x_tcsc,1-14,-0.1387186169873437,41,-0.1341671230153775,MAP_SCADA,137,0.004551493971966192
1,B_svc,2,0.29322018540771627,41,0.2736347799611498,MAP_SCADA,137,0.01958540544656645
2,UPFC_Vsh,5-15,1.1038591215574631,41,1.1057908793825022,MAP_SCADA,137,0.001931757825039071
3,UPFC_tsh,5-15,-0.22602840755094478,41,-0.22999450803875432,MAP_SCADA,137,0.003966100487809543
4,UPFC_Vse,5-15,0.060643180625298665,41,0.06040532681928308,MAP_SCADA,137,0.0002378538060155838
5,UPFC_tse,5-15,-2.1511423510924637,41,-2.15455654822927,MAP_SCADA,137,0.0034141971368062407
0,x_tcsc,1-14,-0.1399054585652153,42,-0.1341671230153775,MAP_SCADA,137,0.0057383355498377975
1,B_svc,2,0.29691859176243846,42,0.2736347799611498,MAP_SCADA,137,0.023283811801288634
2,UPFC_Vsh,5-15,1.1044028256050389,42,1.1057908793825022,MAP_SCADA,137,0.0013880537774633162
3,UPFC_tsh,5-15,-0.2256305853352938,42,-0.22999450803875432,MAP_SCADA,137,0.004363922703460532
4,UPFC_Vse,5-15,0.060075035419874336,42,0.06040532681928308,MAP_SCADA,137,0.0003302913994087456
5,UPFC_tse,5-15,-2.144996823734121,42,-2.15455654822927,MAP_SCADA,137,0.00955972449514908
0,x_tcsc,1-14,-0.13845023221293154,43,-0.1341671230153775,MAP_SCADA,137,0.004283109197554036
1,B_svc,2,0.2982945498498663,43,0.2736347799611498,MAP_SCADA,137,0.024659769888716487
2,UPFC_Vsh,5-15,1.1058482160010459,43,1.1057908793825022,MAP_SCADA,137,5.733661854367966e-05
3,UPFC_tsh,5-15,-0.2259417019098907,43,-0.22999450803875432,MAP_SCADA,137,0.004052806128863606
4,UPFC_Vse,5-15,0.0596267769348247,43,0.06040532681928308,MAP_SCADA,137,0.000778549884458378
5,UPFC_tse,5-15,-2.1476228475067285,43,-2.15455654822927,MAP_SCADA,137,0.006933700722541403
0,x_tcsc,1-14,-0.139811517951264,44,-0.1341671230153775,MAP_SCADA,137,0.005644394935886504
1,B_svc,2,0.29671087376323174,44,0.2736347799611498,MAP_SCADA,137,0.02307609380208192
2,UPFC_Vsh,5-15,1.1028977831949425,44,1.1057908793825022,MAP_SCADA,137,0.0028930961875597294
3,UPFC_tsh,5-15,-0.22646896973694672,44,-0.22999450803875432,MAP_SCADA,137,0.0035255383018076014
4,UPFC_Vse,5-15,0.06049594237847763,44,0.06040532681928308,MAP_SCADA,137,9.061555919454706e-05
5,UPFC_tse,5-15,-2.1480555669771535,44,-2.15455654822927,MAP_SCADA,137,0.0065009812521164
0,x_tcsc,1-14,-0.14052857428117096,45,-0.1341671230153775,MAP_SCADA,137,0.006361451265793461
1,B_svc,2,0.29656433459849,45,0.2736347799611498,MAP_SCADA,137,0.0229295546373402
2,UPFC_Vsh,5-15,1.105353337485876,45,1.1057908793825022,MAP_SCADA,137,0.000437541896626259
3,UPFC_tsh,5-15,-0.2250383220991583,45,-0.22999450803875432,MAP_SCADA,137,0.004956185939596014
4,UPFC_Vse,5-15,0.05983092960988044,45,0.06040532681928308,MAP_SCADA,137,0.0005743972094026384
5,UPFC_tse,5-15,-2.1495930852050207,45,-2.15455654822927,MAP_SCADA,137,0.004963463024249215
0,x_tcsc,1-14,-0.13895079535319532,46,-0.1341671230153775,MAP_SCADA,137,0.004783672337817818
1,B_svc,2,0.2964461038118466,46,0.2736347799611498,MAP_SCADA,137,0.022811323850696785
2,UPFC_Vsh,5-15,1.1048489870248948,46,1.1057908793825022,MAP_SCADA,137,0.0009418923576074434
3,UPFC_tsh,5-15,-0.22489720469760976,46,-0.22999450803875432,MAP_SCADA,137,0.0050973033411445545
4,UPFC_Vse,5-15,0.06055886878461661,46,0.06040532681928308,MAP_SCADA,137,0.00015354196533352849
5,UPFC_tse,5-15,-2.143860217935244,46,-2.15455654822927,MAP_SCADA,137,0.010696330294025724
0,x_tcsc,1-14,-0.13913388965149576,47,-0.1341671230153775,MAP_SCADA,137,0.004966766636118253
1,B_svc,2,0.2984715848952935,47,0.2736347799611498,MAP_SCADA,137,0.024836804934143697
2,UPFC_Vsh,5-15,1.103504153241162,47,1.1057908793825022,MAP_SCADA,137,0.0022867261413401785
3,UPFC_tsh,5-15,-0.22569345557829593,47,-0.22999450803875432,MAP_SCADA,137,0.004301052460458393
4,UPFC_Vse,5-15,0.0599048945666807,47,0.06040532681928308,MAP_SCADA,137,0.0005004322526023786
5,UPFC_tse,5-15,-2.147264956699322,47,-2.15455654822927,MAP_SCADA,137,0.007291591529948072
0,x_tcsc,1-14,-0.1388308665670919,48,-0.1341671230153775,MAP_SCADA,137,0.004663743551714394
1,B_svc,2,0.2980432939421639,48,0.2736347799611498,MAP_SCADA,137,0.02440851398101407
2,UPFC_Vsh,5-15,1.1046129074545643,48,1.1057908793825022,MAP_SCADA,137,0.001177971927937893
3,UPFC_tsh,5-15,-0.22600620862937293,48,-0.22999450803875432,MAP_SCADA,137,0.003988299409381391
4,UPFC_Vse,5-15,0.059986161692255846,48,0.06040532681928308,MAP_SCADA,137,0.0004191651270272351
5,UPFC_tse,5-15,-2.1500646836679387,48,-2.15455654822927,MAP_SCADA,137,0.004491864561331216
0,x_tcsc,1-14,-0.13678999882709117,49,-0.1341671230153775,MAP_SCADA,137,0.0026228758117136652
1,B_svc,2,0.3048122495750491,49,0.2736347799611498,MAP_SCADA,137,0.031177469613899278
2,UPFC_Vsh,5-15,1.1028142767271474,49,1.1057908793825022,MAP_SCADA,137,0.002976602655354821
3,UPFC_tsh,5-15,-0.22789640504364608,49,-0.22999450803875432,MAP_SCADA,137,0.0020981029951082364
4,UPFC_Vse,5-15,0.06019102860432917,49,0.06040532681928308,MAP_SCADA,137,0.0002142982149539105
5,UPFC_tse,5-15,-2.1502166423072926,49,-2.15455654822927,MAP_SCADA,137,0.004339905921977305
0,x_tcsc,1-14,-0.13844327078259241,50,-0.1341671230153775,MAP_SCADA,137,0.004276147767214911
1,B_svc,2,0.296185019327285,50,0.2736347799611498,MAP_SCADA,137,0.022550239366135205
2,UPFC_Vsh,5-15,1.103699644975238,50,1.1057908793825022,MAP_SCADA,137,0.0020912344072641087
3,UPFC_tsh,5-15,-0.22623525675338108,50,-0.22999450803875432,MAP_SCADA,137,0.003759251285373244
4,UPFC_Vse,5-15,0.060455226854863514,50,0.06040532681928308,MAP_SCADA,137,4.990003558043299e-05
5,UPFC_tse,5-15,-2.147736097903853,50,-2.15455654822927,MAP_SCADA,137,0.0068204503254167825
0,x_tcsc,1-14,-0.13932493877968363,51,-0.1341671230153775,MAP_SCADA,137,0.005157815764306128
1,B_svc,2,0.29545982958944195,51,0.2736347799611498,MAP_SCADA,137,0.021825049628292126
2,UPFC_Vsh,5-15,1.1041996971003738,51,1.1057908793825022,MAP_SCADA,137,0.0015911822821284005
3,UPFC_tsh,5-15,-0.2259362461468297,51,-0.22999450803875432,MAP_SCADA,137,0.004058261891924625
4,UPFC_Vse,5-15,0.060608605431686384,51,0.06040532681928308,MAP_SCADA,137,0.00020327861240330286
5,UPFC_tse,5-15,-2.147654032566646,51,-2.15455654822927,MAP_SCADA,137,0.006902515662623898
0,x_tcsc,1-14,-0.13877429196352978,52,-0.1341671230153775,MAP_SCADA,137,0.004607168948152274
1,B_svc,2,0.2955519365557847,52,0.2736347799611498,MAP_SCADA,137,0.02191715659463489
2,UPFC_Vsh,5-15,1.103401285053523,52,1.1057908793825022,MAP_SCADA,137,0.0023895943289791166
3,UPFC_tsh,5-15,-0.2256970092293021,52,-0.22999450803875432,MAP_SCADA,137,0.00429749880945221
4,UPFC_Vse,5-15,0.060037529394786515,52,0.06040532681928308,MAP_SCADA,137,0.00036779742449656594
5,UPFC_tse,5-15,-2.1502566117296222,52,-2.15455654822927,MAP_SCADA,137,0.004299936499647661
0,x_tcsc,1-14,-0.13719206890746846,53,-0.1341671230153775,MAP_SCADA,137,0.0030249458920909578
1,B_svc,2,0.2997239554174644,53,0.2736347799611498,MAP_SCADA,137,0.02608917545631456
2,UPFC_Vsh,5-15,1.1040769980954428,53,1.1057908793825022,MAP_SCADA,137,0.0017138812870594045
3,UPFC_tsh,5-15,-0.22720083749051107,53,-0.22999450803875432,MAP_SCADA,137,0.0027936705482432544
4,UPFC_Vse,5-15,0.06010456096434186,53,0.06040532681928308,MAP_SCADA,137,0.00030076585494122343
5,UPFC_tse,5-15,-2.1545612967427794,53,-2.15455654822927,MAP_SCADA,137,4.748513509511554e-06
0,x_tcsc,1-14,-0.13798824104664212,54,-0.1341671230153775,MAP_SCADA,137,0.0038211180312646142
1,B_svc,2,0.30227977719608706,54,0.2736347799611498,MAP_SCADA,137,0.02864499723493724
2,UPFC_Vsh,5-15,1.103186529193495,54,1.1057908793825022,MAP_SCADA,137,0.0026043501890071763
3,UPFC_tsh,5-15,-0.22683808163686253,54,-0.22999450803875432,MAP_SCADA,137,0.0031564264018917876
4,UPFC_Vse,5-15,0.06059927539276227,54,0.06040532681928308,MAP_SCADA,137,0.0001939485734791871
5,UPFC_tse,5-15,-2.1470201328700975,54,-2.15455654822927,MAP_SCADA,137,0.007536415359172377
0,x_tcsc,1-14,-0.13861819969654465,55,-0.1341671230153775,MAP_SCADA,137,0.004451076681167149
1,B_svc,2,0.2982281439530429,55,0.2736347799611498,MAP_SCADA,137,0.024593363991893102
2,UPFC_Vsh,5-15,1.1062975037791578,55,1.1057908793825022,MAP_SCADA,137,0.0005066243966556083
3,UPFC_tsh,5-15,-0.2256201950046325,55,-0.22999450803875432,MAP_SCADA,137,0.004374313034121807
4,UPFC_Vse,5-15,0.06010544691893832,55,0.06040532681928308,MAP_SCADA,137,0.00029987990034476
5,UPFC_tse,5-15,-2.1486231597502226,55,-2.15455654822927,MAP_SCADA,137,0.005933388479047341
0,x_tcsc,1-14,-0.13821983146765665,56,-0.1341671230153775,MAP_SCADA,137,0.004052708452279147
1,B_svc,2,0.3011376864684205,56,0.2736347799611498,MAP_SCADA,137,0.027502906507270664
2,UPFC_Vsh,5-15,1.104502511352792,56,1.1057908793825022,MAP_SCADA,137,0.0012883680297102185
3,UPFC_tsh,5-15,-0.22690992863944798,56,-0.22999450803875432,MAP_SCADA,137,0.003084579399306342
4,UPFC_Vse,5-15,0.06015288344386399,56,0.06040532681928308,MAP_SCADA,137,0.0002524433754190897
5,UPFC_tse,5-15,-2.145879885001655,56,-2.15455654822927,MAP_SCADA,137,0.008676663227614956
0,x_tcsc,1-14,-0.13767132395109832,57,-0.1341671230153775,MAP_SCADA,137,0.0035042009357208193
1,B_svc,2,0.29706997285255465,57,0.2736347799611498,MAP_SCADA,137,0.023435192891404832
2,UPFC_Vsh,5-15,1.1075096933847748,57,1.1057908793825022,MAP_SCADA,137,0.001718814002272584
3,UPFC_tsh,5-15,-0.22571755461786697,57,-0.22999450803875432,MAP_SCADA,137,0.004276953420887353
4,UPFC_Vse,5-15,0.05995041538130148,57,0.06040532681928308,MAP_SCADA,137,0.0004549114379815977
5,UPFC_tse,5-15,-2.1442045134949352,57,-2.15455654822927,MAP_SCADA,137,0.010352034734334659
0,x_tcsc,1-14,-0.14025304881818126,58,-0.1341671230153775,MAP_SCADA,137,0.00608592580280376
1,B_svc,2,0.2943751922505254,58,0.2736347799611498,MAP_SCADA,137,0.020740412289375565
2,UPFC_Vsh,5-15,1.1043382438971199,58,1.1057908793825022,MAP_SCADA,137,0.0014526354853823253
3,UPFC_tsh,5-15,-0.22596942597343528,58,-0.22999450803875432,MAP_SCADA,137,0.004025082065319041
4,UPFC_Vse,5-15,0.05989844619524658,58,0.06040532681928308,MAP_SCADA,137,0.0005068806240365042
5,UPFC_tse,5-15,-2.150392797073834,58,-2.15455654822927,MAP_SCADA,137,0.004163751155435769
0,x_tcsc,1-14,-0.13948574348694037,59,-0.1341671230153775,MAP_SCADA,137,0.005318620471562868
1,B_svc,2,0.29361040067047306,59,0.2736347799611498,MAP_SCADA,137,0.01997562070932324
2,UPFC_Vsh,5-15,1.1024436446396637,59,1.1057908793825022,MAP_SCADA,137,0.0033472347428384897
3,UPFC_tsh,5-15,-0.2260962852316475,59,-0.22999450803875432,MAP_SCADA,137,0.0038982228071068326
4,UPFC_Vse,5-15,0.0603760348307006,59,0.06040532681928308,MAP_SCADA,137,2.92919885824805e-05
5,UPFC_tse,5-15,-2.153027024774551,59,-2.15455654822927,MAP_SCADA,137,0.0015295234547187953
0,x_tcsc,1-14,-0.13734548040088565,60,-0.1341671230153775,MAP_SCADA,137,0.003178357385508146
1,B_svc,2,0.3050931327260433,60,0.2736347799611498,MAP_SCADA,137,0.031458352764893505
2,UPFC_Vsh,5-15,1.1024510869435684,60,1.1057908793825022,MAP_SCADA,137,0.0033397924389337863
3,UPFC_tsh,5-15,-0.22792302563646952,60,-0.22999450803875432,MAP_SCADA,137,0.002071482402284802
4,UPFC_Vse,5-15,0.05994697426279195,60,0.06040532681928308,MAP_SCADA,137,0.0004583525564911331
5,UPFC_tse,5-15,-2.1533501829787167,60,-2.15455654822927,MAP_SCADA,137,0.0012063652505531763
0,x_tcsc,1-14,-0.13962038629562434,61,-0.1341671230153775,MAP_SCADA,137,0.0054532632802468395
1,B_svc,2,0.2962995497542139,61,0.2736347799611498,MAP_SCADA,137,0.022664769793064088
2,UPFC_Vsh,5-15,1.1029814234863042,61,1.1057908793825022,MAP_SCADA,137,0.0028094558961979654
3,UPFC_tsh,5-15,-0.22586234776028932,61,-0.22999450803875432,MAP_SCADA,137,0.004132160278464997
4,UPFC_Vse,5-15,0.06022765102223543,61,0.06040532681928308,MAP_SCADA,137,0.00017767579704765224
5,UPFC_tse,5-15,-2.1501775445709037,61,-2.15455654822927,MAP_SCADA,137,0.004379003658366187
0,x_tcsc,1-14,-0.1395880404530107,62,-0.1341671230153775,MAP_SCADA,137,0.005420917437633205
1,B_svc,2,0.29959101759192003,62,0.2736347799611498,MAP_SCADA,137,0.025956237630770207
2,UPFC_Vsh,5-15,1.1049893981731653,62,1.1057908793825022,MAP_SCADA,137,0.0008014812093368739
3,UPFC_tsh,5-15,-0.2262864238321893,62,-0.22999450803875432,MAP_SCADA,137,0.0037080842065650155
4,UPFC_Vse,5-15,0.0599799436649154,62,0.06040532681928308,MAP_SCADA,137,0.00042538315436767976
5,UPFC_tse,5-15,-2.1470839299587956,62,-2.15455654822927,MAP_SCADA,137,0.007472618270474296
0,x_tcsc,1-14,-0.13819293186036755,63,-0.1341671230153775,MAP_SCADA,137,0.004025808844990042
1,B_svc,2,0.2947934783829856,63,0.2736347799611498,MAP_SCADA,137,0.021158698421835764
2,UPFC_Vsh,5-15,1.105386686753126,63,1.1057908793825022,MAP_SCADA,137,0.00040419262937629874
3,UPFC_tsh,5-15,-0.226096774621023,63,-0.22999450803875432,MAP_SCADA,137,0.0038977334177313083
4,UPFC_Vse,5-15,0.06026503639942282,63,0.06040532681928308,MAP_SCADA,137,0.00014029041986025892
5,UPFC_tse,5-15,-2.1446743398568286,63,-2.15455654822927,MAP_SCADA,137,0.009882208372441248
0,x_tcsc,1-14,-0.13921022468365188,64,-0.1341671230153775,MAP_SCADA,137,0.0050431016682743746
1,B_svc,2,0.30291283652156065,64,0.2736347799611498,MAP_SCADA,137,0.029278056560410826
2,UPFC_Vsh,5-15,1.1017025311267963,64,1.1057908793825022,MAP_SCADA,137,0.00408834825570592
3,UPFC_tsh,5-15,-0.22647964204765078,64,-0.22999450803875432,MAP_SCADA,137,0.0035148659911035385
4,UPFC_Vse,5-15,0.06037988534906229,64,0.06040532681928308,MAP_SCADA,137,2.5441470220793905e-05
5,UPFC_tse,5-15,-2.1467661078239084,64,-2.15455654822927,MAP_SCADA,137,0.007790440405361476
0,x_tcsc,1-14,-0.13754706013970006,65,-0.1341671230153775,MAP_SCADA,137,0.0033799371243225518
1,B_svc,2,0.3033542225314747,65,0.2736347799611498,MAP_SCADA,137,0.029719442570324883
2,UPFC_Vsh,5-15,1.102491949482756,65,1.1057908793825022,MAP_SCADA,137,0.003298929899746117
3,UPFC_tsh,5-15,-0.22779893595847883,65,-0.22999450803875432,MAP_SCADA,137,0.0021955720802754874
4,UPFC_Vse,5-15,0.060129879626394565,65,0.06040532681928308,MAP_SCADA,137,0.00027544719288851577
5,UPFC_tse,5-15,-2.151886632505937,65,-2.15455654822927,MAP_SCADA,137,0.0026699157233327497
0,x_tcsc,1-14,-0.13851879659942265,66,-0.1341671230153775,MAP_SCADA,137,0.004351673584045146
1,B_svc,2,0.30098243833297045,66,0.2736347799611498,MAP_SCADA,137,0.027347658371820627
2,UPFC_Vsh,5-15,1.1037986787727152,66,1.1057908793825022,MAP_SCADA,137,0.001992200609786998
3,UPFC_tsh,5-15,-0.2266876249058762,66,-0.22999450803875432,MAP_SCADA,137,0.003306883132878108
4,UPFC_Vse,5-15,0.059659010943204104,66,0.06040532681928308,MAP_SCADA,137,0.0007463158760789776
5,UPFC_tse,5-15,-2.145454356885726,66,-2.15455654822927,MAP_SCADA,137,0.009102191343544064
0,x_tcsc,1-14,-0.13891729932627214,67,-0.1341671230153775,MAP_SCADA,137,0.004750176310894638
1,B_svc,2,0.29894763571785266,67,0.2736347799611498,MAP_SCADA,137,0.025312855756702834
2,UPFC_Vsh,5-15,1.1052742411757022,67,1.1057908793825022,MAP_SCADA,137,0.0005166382068000352
3,UPFC_tsh,5-15,-0.22678710475996916,67,-0.22999450803875432,MAP_SCADA,137,0.003207403278785159
4,UPFC_Vse,5-15,0.06021758539380588,67,0.06040532681928308,MAP_SCADA,137,0.0001877414254772003
5,UPFC_tse,5-15,-2.1460217532626857,67,-2.15455654822927,MAP_SCADA,137,0.008534794966584158
0,x_tcsc,1-14,-0.1400113610368814,68,-0.1341671230153775,MAP_SCADA,137,0.005844238021503884
1,B_svc,2,0.2886082954586116,68,0.2736347799611498,MAP_SCADA,137,0.014973515497461787
2,UPFC_Vsh,5-15,1.1086243994812912,68,1.1057908793825022,MAP_SCADA,137,0.002833520098789011
3,UPFC_tsh,5-15,-0.22463470542028693,68,-0.22999450803875432,MAP_SCADA,137,0.005359802618467385
4,UPFC_Vse,5-15,0.05987369804048943,68,0.06040532681928308,MAP_SCADA,137,0.0005316287787936538
5,UPFC_tse,5-15,-2.1449589252236083,68,-2.15455654822927,MAP_SCADA,137,0.009597623005661582
0,x_tcsc,1-14,-0.1391771725391201,69,-0.1341671230153775,MAP_SCADA,137,0.0050100495237425935
1,B_svc,2,0.2949481090376491,69,0.2736347799611498,MAP_SCADA,137,0.0213133290764993
2,UPFC_Vsh,5-15,1.1044387529335438,69,1.1057908793825022,MAP_SCADA,137,0.001352126448958435
3,UPFC_tsh,5-15,-0.2255383734968782,69,-0.22999450803875432,MAP_SCADA,137,0.004456134541876128
4,UPFC_Vse,5-15,0.06053740626463348,69,0.06040532681928308,MAP_SCADA,137,0.00013207944535039567
5,UPFC_tse,5-15,-2.147341439047312,69,-2.15455654822927,MAP_SCADA,137,0.007215109181958113
0,x_tcsc,1-14,-0.14030892296009884,70,-0.1341671230153775,MAP_SCADA,137,0.006141799944721332
1,B_svc,2,0.28916581192604307,70,0.2736347799611498,MAP_SCADA,137,0.01553103196489325
2,UPFC_Vsh,5-15,1.105617684280865,70,1.1057908793825022,MAP_SCADA,137,0.00017319510163726903
3,UPFC_tsh,5-15,-0.22463776111187436,70,-0.22999450803875432,MAP_SCADA,137,0.005356746926879957
4,UPFC_Vse,5-15,0.05922766099819131,70,0.06040532681928308,MAP_SCADA,137,0.0011776658210917723
5,UPFC_tse,5-15,-2.146793521944589,70,-2.15455654822927,MAP_SCADA,137,0.007763026284680841
0,x_tcsc,1-14,-0.13912161106384616,71,-0.1341671230153775,MAP_SCADA,137,0.004954488048468653
1,B_svc,2,0.29390301176538924,71,0.2736347799611498,MAP_SCADA,137,0.020268231804239423
2,UPFC_Vsh,5-15,1.1066642973847154,71,1.1057908793825022,MAP_SCADA,137,0.0008734180022131888
3,UPFC_tsh,5-15,-0.225605363251747,71,-0.22999450803875432,MAP_SCADA,137,0.004389144787007332
4,UPFC_Vse,5-15,0.05939111103551805,71,0.06040532681928308,MAP_SCADA,137,0.001014215783765031
5,UPFC_tse,5-15,-2.1477863279580256,71,-2.15455654822927,MAP_SCADA,137,0.006770220271244298
0,x_tcsc,1-14,-0.14056060725207833,72,-0.1341671230153775,MAP_SCADA,137,0.0063934842367008304
1,B_svc,2,0.2905575884448555,72,0.2736347799611498,MAP_SCADA,137,0.016922808483705698
2,UPFC_Vsh,5-15,1.1041119417122978,72,1.1057908793825022,MAP_SCADA,137,0.001678937670204439
3,UPFC_tsh,5-15,-0.22535657625741115,72,-0.22999450803875432,MAP_SCADA,137,0.004637931781343169
4,UPFC_Vse,5-15,0.060107674310286366,72,0.06040532681928308,MAP_SCADA,137,0.00029765250899671525
5,UPFC_tse,5-15,-2.1468883355909685,72,-2.15455654822927,MAP_SCADA,137,0.007668212638301419
0,x_tcsc,1-14,-0.1388155879410626,73,-0.1341671230153775,MAP_SCADA,137,0.004648464925685103
1,B_svc,2,0.2955615078968038,73,0.2736347799611498,MAP_SCADA,137,0.021926727935653978
2,UPFC_Vsh,5-15,1.105298350292251,73,1.1057908793825022,MAP_SCADA,137,0.0004925290902511037
3,UPFC_tsh,5-15,-0.22593649996615559,73,-0.22999450803875432,MAP_SCADA,137,0.004058008072598734
4,UPFC_Vse,5-15,0.05985474709110416,73,0.06040532681928308,MAP_SCADA,137,0.0005505797281789224
5,UPFC_tse,5-15,-2.1511679849735295,73,-2.15455654822927,MAP_SCADA,137,0.00338856325574044
0,x_tcsc,1-14,-0.1398233764460126,74,-0.1341671230153775,MAP_SCADA,137,0.005656253430635083
1,B_svc,2,0.2954338977334575,74,0.2736347799611498,MAP_SCADA,137,0.021799117772307697
2,UPFC_Vsh,5-15,1.1071480139212553,74,1.1057908793825022,MAP_SCADA,137,0.0013571345387530798
3,UPFC_tsh,5-15,-0.22453926962252754,74,-0.22999450803875432,MAP_SCADA,137,0.005455238416226776
4,UPFC_Vse,5-15,0.060687580449417494,74,0.06040532681928308,MAP_SCADA,137,0.00028225363013441307
5,UPFC_tse,5-15,-2.14433718069863,74,-2.15455654822927,MAP_SCADA,137,0.0102193675306399
0,x_tcsc,1-14,-0.13985189874829726,75,-0.1341671230153775,MAP_SCADA,137,0.005684775732919756
1,B_svc,2,0.29688805571872745,75,0.2736347799611498,MAP_SCADA,137,0.02325327575757763
2,UPFC_Vsh,5-15,1.1046618916641544,75,1.1057908793825022,MAP_SCADA,137,0.0011289877183477959
3,UPFC_tsh,5-15,-0.22601035217733573,75,-0.22999450803875432,MAP_SCADA,137,0.003984155861418592
4,UPFC_Vse,5-15,0.06080895520400906,75,0.06040532681928308,MAP_SCADA,137,0.0004036283847259764
5,UPFC_tse,5-15,-2.1404242421104898,75,-2.15455654822927,MAP_SCADA,137,0.014132306118780136
0,x_tcsc,1-14,-0.13957144471102523,76,-0.1341671230153775,MAP_SCADA,137,0.005404321695647724
1,B_svc,2,0.2923765380368501,76,0.2736347799611498,MAP_SCADA,137,0.018741758075700277
2,UPFC_Vsh,5-15,1.1054871009105336,76,1.1057908793825022,MAP_SCADA,137,0.00030377847196860763
3,UPFC_tsh,5-15,-0.22482937095352573,76,-0.22999450803875432,MAP_SCADA,137,0.005165137085228588
4,UPFC_Vse,5-15,0.06030011511679539,76,0.06040532681928308,MAP_SCADA,137,0.0001052117024876939
5,UPFC_tse,5-15,-2.1476767706995723,76,-2.15455654822927,MAP_SCADA,137,0.006879777529697595
0,x_tcsc,1-14,-0.13862326408102932,77,-0.1341671230153775,MAP_SCADA,137,0.004456141065651814
1,B_svc,2,0.297354900166559,77,0.2736347799611498,MAP_SCADA,137,0.0237201202054092
2,UPFC_Vsh,5-15,1.1047507912466037,77,1.1057908793825022,MAP_SCADA,137,0.0010400881358985092
3,UPFC_tsh,5-15,-0.22604008379772728,77,-0.22999450803875432,MAP_SCADA,137,0.003954424241027044
4,UPFC_Vse,5-15,0.05988669983780915,77,0.06040532681928308,MAP_SCADA,137,0.0005186269814739311
5,UPFC_tse,5-15,-2.149920976773672,77,-2.15455654822927,MAP_SCADA,137,0.004635571455597898
0,x_tcsc,1-14,-0.14014173897371188,78,-0.1341671230153775,MAP_SCADA,137,0.005974615958334373
1,B_svc,2,0.29808804198602606,78,0.2736347799611498,MAP_SCADA,137,0.024453262024876243
2,UPFC_Vsh,5-15,1.1020250874796236,78,1.1057908793825022,MAP_SCADA,137,0.0037657919028786235
3,UPFC_tsh,5-15,-0.22709406986485264,78,-0.22999450803875432,MAP_SCADA,137,0.002900438173901676
4,UPFC_Vse,5-15,0.06038098624706862,78,0.06040532681928308,MAP_SCADA,137,2.434057221446101e-05
5,UPFC_tse,5-15,-2.147555642474961,78,-2.15455654822927,MAP_SCADA,137,0.007000905754309006
0,x_tcsc,1-14,-0.138494991935145,79,-0.1341671230153775,MAP_SCADA,137,0.004327868919767497
1,B_svc,2,0.29935793585946774,79,0.2736347799611498,MAP_SCADA,137,0.025723155898317918
2,UPFC_Vsh,5-15,1.1044861845431309,79,1.1057908793825022,MAP_SCADA,137,0.0013046948393713453
3,UPFC_tsh,5-15,-0.2267156972470802,79,-0.22999450803875432,MAP_SCADA,137,0.0032788107916741083
4,UPFC_Vse,5-15,0.06014279391207925,79,0.06040532681928308,MAP_SCADA,137,0.00026253290720382877
5,UPFC_tse,5-15,-2.148430129095994,79,-2.15455654822927,MAP_SCADA,137,0.006126419133275718
0,x_tcsc,1-14,-0.13850198239680195,80,-0.1341671230153775,MAP_SCADA,137,0.004334859381424444
1,B_svc,2,0.2949269015440459,80,0.2736347799611498,MAP_SCADA,137,0.021292121582896062
2,UPFC_Vsh,5-15,1.1046154754089028,80,1.1057908793825022,MAP_SCADA,137,0.001175403973599387
3,UPFC_tsh,5-15,-0.22601633684968597,80,-0.22999450803875432,MAP_SCADA,137,0.003978171189068347
4,UPFC_Vse,5-15,0.05995997222132473,80,0.06040532681928308,MAP_SCADA,137,0.00044535459795835147
5,UPFC_tse,5-15,-2.151054139576775,80,-2.15455654822927,MAP_SCADA,137,0.0035024086524950704
0,x_tcsc,1-14,-0.13966617912573293,81,-0.1341671230153775,MAP_SCADA,137,0.005499056110355421
1,B_svc,2,0.29315893366360213,81,0.2736347799611498,MAP_SCADA,137,0.019524153702452307
2,UPFC_Vsh,5-15,1.1060385957878638,81,1.1057908793825022,MAP_SCADA,137,0.00024771640536158657
3,UPFC_tsh,5-15,-0.22521413775523438,81,-0.22999450803875432,MAP_SCADA,137,0.004780370283519936
4,UPFC_Vse,5-15,0.060315117957685425,81,0.06040532681928308,MAP_SCADA,137,9.020886159765568e-05
5,UPFC_tse,5-15,-2.139918566642995,81,-2.15455654822927,MAP_SCADA,137,0.01463798158627494
0,x_tcsc,1-14,-0.13893154787813156,82,-0.1341671230153775,MAP_SCADA,137,0.004764424862754052
1,B_svc,2,0.3003519178065197,82,0.2736347799611498,MAP_SCADA,137,0.026717137845369887
2,UPFC_Vsh,5-15,1.105211713292877,82,1.1057908793825022,MAP_SCADA,137,0.0005791660896252715
3,UPFC_tsh,5-15,-0.22601346607340225,82,-0.22999450803875432,MAP_SCADA,137,0.003981041965352067
4,UPFC_Vse,5-15,0.05983889382632722,82,0.06040532681928308,MAP_SCADA,137,0.000566432992955862
5,UPFC_tse,5-15,-2.145681020772069,82,-2.15455654822927,MAP_SCADA,137,0.008875527457200771
0,x_tcsc,1-14,-0.13768340688018318,83,-0.1341671230153775,MAP_SCADA,137,0.0035162838648056804
1,B_svc,2,0.2994261065484856,83,0.2736347799611498,MAP_SCADA,137,0.025791326587335794
2,UPFC_Vsh,5-15,1.101703543833773,83,1.1057908793825022,MAP_SCADA,137,0.0040873355487291985
3,UPFC_tsh,5-15,-0.2279174035804127,83,-0.22999450803875432,MAP_SCADA,137,0.002077104458341611
4,UPFC_Vse,5-15,0.06055765787005787,83,0.06040532681928308,MAP_SCADA,137,0.00015233105077478576
5,UPFC_tse,5-15,-2.1510343991375835,83,-2.15455654822927,MAP_SCADA,137,0.003522149091686355
0,x_tcsc,1-14,-0.1373216491922542,84,-0.1341671230153775,MAP_SCADA,137,0.0031545261768766986
1,B_svc,2,0.2927348858620752,84,0.2736347799611498,MAP_SCADA,137,0.019100105900925368
2,UPFC_Vsh,5-15,1.1067500551576062,84,1.1057908793825022,MAP_SCADA,137,0.0009591757751039598
3,UPFC_tsh,5-15,-0.22563770740787648,84,-0.22999450803875432,MAP_SCADA,137,0.004356800630877844
4,UPFC_Vse,5-15,0.06014896913171909,84,0.06040532681928308,MAP_SCADA,137,0.0002563576875639906
5,UPFC_tse,5-15,-2.144710256275567,84,-2.15455654822927,MAP_SCADA,137,0.009846291953703012
0,x_tcsc,1-14,-0.1368727184297969,85,-0.1341671230153775,MAP_SCADA,137,0.0027055954144193928
1,B_svc,2,0.3042076338471711,85,0.2736347799611498,MAP_SCADA,137,0.030572853886021267
2,UPFC_Vsh,5-15,1.1020224083109054,85,1.1057908793825022,MAP_SCADA,137,0.003768471071596835
3,UPFC_tsh,5-15,-0.22809833192717974,85,-0.22999450803875432,MAP_SCADA,137,0.0018961761115745823
4,UPFC_Vse,5-15,0.059876587389066586,85,0.06040532681928308,MAP_SCADA,137,0.0005287394302164947
5,UPFC_tse,5-15,-2.1513163216563593,85,-2.15455654822927,MAP_SCADA,137,0.003240226572910565
0,x_tcsc,1-14,-0.1384535459587959,86,-0.1341671230153775,MAP_SCADA,137,0.004286422943418383
1,B_svc,2,0.2997617930927,86,0.2736347799611498,MAP_SCADA,137,0.026127013131550192
2,UPFC_Vsh,5-15,1.103946923652292,86,1.1057908793825022,MAP_SCADA,137,0.0018439557302101228
3,UPFC_tsh,5-15,-0.22620783362035,86,-0.22999450803875432,MAP_SCADA,137,0.003786674418404329
4,UPFC_Vse,5-15,0.060450061537411046,86,0.06040532681928308,MAP_SCADA,137,4.473471812796448e-05
5,UPFC_tse,5-15,-2.1479966642306616,86,-2.15455654822927,MAP_SCADA,137,0.006559883998608296
0,x_tcsc,1-14,-0.13890739555022136,87,-0.1341671230153775,MAP_SCADA,137,0.0047402725348438535
1,B_svc,2,0.29816419122844867,87,0.2736347799611498,MAP_SCADA,137,0.02452941126729885
2,UPFC_Vsh,5-15,1.1032871777219062,87,1.1057908793825022,MAP_SCADA,137,0.0025037016605959916
3,UPFC_tsh,5-15,-0.226681685374232,87,-0.22999450803875432,MAP_SCADA,137,0.003312822664522319
4,UPFC_Vse,5-15,0.06018735647973197,87,0.06040532681928308,MAP_SCADA,137,0.00021797033955111428
5,UPFC_tse,5-15,-2.1458589466601703,87,-2.15455654822927,MAP_SCADA,137,0.0086976015690996
0,x_tcsc,1-14,-0.13941829242216902,88,-0.1341671230153775,MAP_SCADA,137,0.005251169406791517
1,B_svc,2,0.29807485035769715,88,0.2736347799611498,MAP_SCADA,137,0.02444007039654733
2,UPFC_Vsh,5-15,1.1045063121793453,88,1.1057908793825022,MAP_SCADA,137,0.00128456720315695
3,UPFC_tsh,5-15,-0.22623395074146235,88,-0.22999450803875432,MAP_SCADA,137,0.0037605572972919665
4,UPFC_Vse,5-15,0.05955271496810949,88,0.06040532681928308,MAP_SCADA,137,0.0008526118511735931
5,UPFC_tse,5-15,-2.147882351498537,88,-2.15455654822927,MAP_SCADA,137,0.006674196730732884
0,x_tcsc,1-14,-0.13722912029411927,89,-0.1341671230153775,MAP_SCADA,137,0.0030619972787417626
1,B_svc,2,0.30411101001131285,89,0.2736347799611498,MAP_SCADA,137,0.030476230050163033
2,UPFC_Vsh,5-15,1.1036311349152752,89,1.1057908793825022,MAP_SCADA,137,0.0021597444672269983
3,UPFC_tsh,5-15,-0.22732067939310316,89,-0.22999450803875432,MAP_SCADA,137,0.0026738286456511606
4,UPFC_Vse,5-15,0.06012593040018313,89,0.06040532681928308,MAP_SCADA,137,0.0002793964190999504
5,UPFC_tse,5-15,-2.148379421260987,89,-2.15455654822927,MAP_SCADA,137,0.006177126968283098
0,x_tcsc,1-14,-0.14066230142333347,90,-0.1341671230153775,MAP_SCADA,137,0.006495178407955965
1,B_svc,2,0.28639808623031715,90,0.2736347799611498,MAP_SCADA,137,0.01276330626916733
2,UPFC_Vsh,5-15,1.1053975417805695,90,1.1057908793825022,MAP_SCADA,137,0.0003933376019327195
3,UPFC_tsh,5-15,-0.2244789968365249,90,-0.22999450803875432,MAP_SCADA,137,0.005515511202229428
4,UPFC_Vse,5-15,0.05994150141665287,90,0.06040532681928308,MAP_SCADA,137,0.000463825402630208
5,UPFC_tse,5-15,-2.1483133870233035,90,-2.15455654822927,MAP_SCADA,137,0.006243161205966352
0,x_tcsc,1-14,-0.1389034492356503,91,-0.1341671230153775,MAP_SCADA,137,0.004736326220272785
1,B_svc,2,0.29841707717821614,91,0.2736347799611498,MAP_SCADA,137,0.024782297217066318
2,UPFC_Vsh,5-15,1.1040028152967658,91,1.1057908793825022,MAP_SCADA,137,0.001788064085736396
3,UPFC_tsh,5-15,-0.22666245066459617,91,-0.22999450803875432,MAP_SCADA,137,0.0033320573741581483
4,UPFC_Vse,5-15,0.060089420272586895,91,0.06040532681928308,MAP_SCADA,137,0.00031590654669618606
5,UPFC_tse,5-15,-2.1467186392760302,91,-2.15455654822927,MAP_SCADA,137,0.007837908953239658
0,x_tcsc,1-14,-0.1399247873648281,92,-0.1341671230153775,MAP_SCADA,137,0.005757664349450603
1,B_svc,2,0.29473224820962973,92,0.2736347799611498,MAP_SCADA,137,0.02109746824847991
2,UPFC_Vsh,5-15,1.1051511651890191,92,1.1057908793825022,MAP_SCADA,137,0.0006397141934830763
3,UPFC_tsh,5-15,-0.22500880406455498,92,-0.22999450803875432,MAP_SCADA,137,0.00498570397419934
4,UPFC_Vse,5-15,0.059988637387086235,92,0.06040532681928308,MAP_SCADA,137,0.0004166894321968456
5,UPFC_tse,5-15,-2.143871600729615,92,-2.15455654822927,MAP_SCADA,137,0.010684947499655095
0,x_tcsc,1-14,-0.13790532230246327,93,-0.1341671230153775,MAP_SCADA,137,0.0037381992870857694
1,B_svc,2,0.3013297835636175,93,0.2736347799611498,MAP_SCADA,137,0.027695003602467683
2,UPFC_Vsh,5-15,1.104168804741319,93,1.1057908793825022,MAP_SCADA,137,0.0016220746411832465
3,UPFC_tsh,5-15,-0.22684799687065,93,-0.22999450803875432,MAP_SCADA,137,0.0031465111681043267
4,UPFC_Vse,5-15,0.059842294193274324,93,0.06040532681928308,MAP_SCADA,137,0.0005630326260087568
5,UPFC_tse,5-15,-2.147633419958297,93,-2.15455654822927,MAP_SCADA,137,0.006923128270972967
0,x_tcsc,1-14,-0.13938863310282984,94,-0.1341671230153775,MAP_SCADA,137,0.005221510087452336
1,B_svc,2,0.2980292208579397,94,0.2736347799611498,MAP_SCADA,137,0.024394440896789882
2,UPFC_Vsh,5-15,1.1039325054724765,94,1.1057908793825022,MAP_SCADA,137,0.0018583739100257457
3,UPFC_tsh,5-15,-0.2264616265220565,94,-0.22999450803875432,MAP_SCADA,137,0.003532881516697811
4,UPFC_Vse,5-15,0.06017734177236146,94,0.06040532681928308,MAP_SCADA,137,0.00022798504692161936
5,UPFC_tse,5-15,-2.153993553239469,94,-2.15455654822927,MAP_SCADA,137,0.0005629949898007247
0,x_tcsc,1-14,-0.13950620660961183,95,-0.1341671230153775,MAP_SCADA,137,0.005339083594234323
1,B_svc,2,0.29251821175293685,95,0.2736347799611498,MAP_SCADA,137,0.01888343179178703
2,UPFC_Vsh,5-15,1.1043324817035252,95,1.1057908793825022,MAP_SCADA,137,0.0014583976789770414
3,UPFC_tsh,5-15,-0.2259389986761963,95,-0.22999450803875432,MAP_SCADA,137,0.004055509362558024
4,UPFC_Vse,5-15,0.060131204192603406,95,0.06040532681928308,MAP_SCADA,137,0.0002741226266796751
5,UPFC_tse,5-15,-2.1486542652587537,95,-2.15455654822927,MAP_SCADA,137,0.005902282970516204
0,x_tcsc,1-14,-0.1380067973475561,96,-0.1341671230153775,MAP_SCADA,137,0.0038396743321786053
1,B_svc,2,0.3023121368267017,96,0.2736347799611498,MAP_SCADA,137,0.028677356865551895
2,UPFC_Vsh,5-15,1.1044147926848344,96,1.1057908793825022,MAP_SCADA,137,0.0013760866976677555
3,UPFC_tsh,5-15,-0.22676224099022252,96,-0.22999450803875432,MAP_SCADA,137,0.0032322670485318006
4,UPFC_Vse,5-15,0.06029829200515852,96,0.06040532681928308,MAP_SCADA,137,0.00010703481412455834
5,UPFC_tse,5-15,-2.1530578859010805,96,-2.15455654822927,MAP_SCADA,137,0.001498662328189404
0,x_tcsc,1-14,-0.14075836433980002,97,-0.1341671230153775,MAP_SCADA,137,0.006591241324422514
1,B_svc,2,0.2900573964944106,97,0.2736347799611498,MAP_SCADA,137,0.01642261653326077
2,UPFC_Vsh,5-15,1.105770205928169,97,1.1057908793825022,MAP_SCADA,137,2.067345433309775e-05
3,UPFC_tsh,5-15,-0.22466709487794193,97,-0.22999450803875432,MAP_SCADA,137,0.005327413160812394
4,UPFC_Vse,5-15,0.06021616597855937,97,0.06040532681928308,MAP_SCADA,137,0.00018916084072371359
5,UPFC_tse,5-15,-2.1442245668075404,97,-2.15455654822927,MAP_SCADA,137,0.01033198142172953
0,x_tcsc,1-14,-0.13872154666830117,98,-0.1341671230153775,MAP_SCADA,137,0.0045544236529236615
1,B_svc,2,0.2932544069980707,98,0.2736347799611498,MAP_SCADA,137,0.019619627036920884
2,UPFC_Vsh,5-15,1.1037015110597996,98,1.1057908793825022,MAP_SCADA,137,0.0020893683227025672
3,UPFC_tsh,5-15,-0.2263205983825664,98,-0.22999450803875432,MAP_SCADA,137,0.0036739096561879125
4,UPFC_Vse,5-15,0.06060918663511173,98,0.06040532681928308,MAP_SCADA,137,0.00020385981582864837
5,UPFC_tse,5-15,-2.1459582127355232,98,-2.15455654822927,MAP_SCADA,137,0.008598335493746667
0,x_tcsc,1-14,-0.13955388499023125,99,-0.1341671230153775,MAP_SCADA,137,0.005386761974853743
1,B_svc,2,0.29595704555838426,99,0.2736347799611498,MAP_SCADA,137,0.022322265597234436
2,UPFC_Vsh,5-15,1.1029095704837086,99,1.1057908793825022,MAP_SCADA,137,0.0028813088987935664
3,UPFC_tsh,5-15,-0.22589227804724954,99,-0.22999450803875432,MAP_SCADA,137,0.00410222999150478
4,UPFC_Vse,5-15,0.060001423577760095,99,0.06040532681928308,MAP_SCADA,137,0.00040390324152298623
5,UPFC_tse,5-15,-2.152835962070224,99,-2.15455654822927,MAP_SCADA,137,0.0017205861590459115
0,x_tcsc,1-14,-0.13900849846393998,0,-0.1338891558641217,MAP_SCADA,139,0.005119342599818277
1,B_svc,2,0.29650527170746127,0,0.27292537502293496,MAP_SCADA,139,0.023579896684526314
2,UPFC_Vsh,5-15,1.106444059367828,0,1.106739436282142,MAP_SCADA,139,0.00029537691431413826
3,UPFC_tsh,5-15,-0.2245452545715806,0,-0.23040778158594252,MAP_SCADA,139,0.005862527014361935
4,UPFC_Vse,5-15,0.06001100676389736,0,0.05999213256364274,MAP_SCADA,139,1.88742002546205e-05
5,UPFC_tse,5-15,-2.145119974529498,0,-2.1468715306785127,MAP_SCADA,139,0.0017515561490144549
0,x_tcsc,1-14,-0.1396136637504605,1,-0.1338891558641217,MAP_SCADA,139,0.005724507886338798
1,B_svc,2,0.2995471824231543,1,0.27292537502293496,MAP_SCADA,139,0.026621807400219355
2,UPFC_Vsh,5-15,1.1028977000837634,1,1.106739436282142,MAP_SCADA,139,0.003841736198378687
3,UPFC_tsh,5-15,-0.2262309272513375,1,-0.23040778158594252,MAP_SCADA,139,0.004176854334605018
4,UPFC_Vse,5-15,0.05984995870332151,1,0.05999213256364274,MAP_SCADA,139,0.0001421738603212333
5,UPFC_tse,5-15,-2.1443611494327808,1,-2.1468715306785127,MAP_SCADA,139,0.0025103812457318853
0,x_tcsc,1-14,-0.13936421795883266,2,-0.1338891558641217,MAP_SCADA,139,0.005475062094710964
1,B_svc,2,0.29683653973325336,2,0.27292537502293496,MAP_SCADA,139,0.0239111647103184
2,UPFC_Vsh,5-15,1.1033419492207521,2,1.106739436282142,MAP_SCADA,139,0.003397487061389981
3,UPFC_tsh,5-15,-0.22632827632391825,2,-0.23040778158594252,MAP_SCADA,139,0.0040795052620242744
4,UPFC_Vse,5-15,0.06073139686472676,2,0.05999213256364274,MAP_SCADA,139,0.0007392643010840222
5,UPFC_tse,5-15,-2.149609244944893,2,-2.1468715306785127,MAP_SCADA,139,0.0027377142663804754
0,x_tcsc,1-14,-0.13778624594440056,3,-0.1338891558641217,MAP_SCADA,139,0.003897090080278859
1,B_svc,2,0.30021723183472937,3,0.27292537502293496,MAP_SCADA,139,0.027291856811794413
2,UPFC_Vsh,5-15,1.10401400666262,3,1.106739436282142,MAP_SCADA,139,0.002725429619522046
3,UPFC_tsh,5-15,-0.22767381252310107,3,-0.23040778158594252,MAP_SCADA,139,0.002733969062841457
4,UPFC_Vse,5-15,0.060583952678000985,3,0.05999213256364274,MAP_SCADA,139,0.0005918201143582449
5,UPFC_tse,5-15,-2.1492311117466207,3,-2.1468715306785127,MAP_SCADA,139,0.0023595810681080742
0,x_tcsc,1-14,-0.13985462128825538,4,-0.1338891558641217,MAP_SCADA,139,0.005965465424133676
1,B_svc,2,0.296188187833812,4,0.27292537502293496,MAP_SCADA,139,0.023262812810877054
2,UPFC_Vsh,5-15,1.1026767779516253,4,1.106739436282142,MAP_SCADA,139,0.004062658330516777
3,UPFC_tsh,5-15,-0.22641506895827404,4,-0.23040778158594252,MAP_SCADA,139,0.003992712627668482
4,UPFC_Vse,5-15,0.06010991456421456,4,0.05999213256364274,MAP_SCADA,139,0.0001177820005718172
5,UPFC_tse,5-15,-2.149924163840019,4,-2.1468715306785127,MAP_SCADA,139,0.0030526331615061686
0,x_tcsc,1-14,-0.13746500879930573,5,-0.1338891558641217,MAP_SCADA,139,0.003575852935184032
1,B_svc,2,0.3034607542918911,5,0.27292537502293496,MAP_SCADA,139,0.030535379268956164
2,UPFC_Vsh,5-15,1.1006785286143699,5,1.106739436282142,MAP_SCADA,139,0.006060907667772231
3,UPFC_tsh,5-15,-0.2273157736710889,5,-0.23040778158594252,MAP_SCADA,139,0.0030920079148536173
4,UPFC_Vse,5-15,0.06056989728741583,5,0.05999213256364274,MAP_SCADA,139,0.0005777647237730915
5,UPFC_tse,5-15,-2.1453666812389707,5,-2.1468715306785127,MAP_SCADA,139,0.0015048494395419887
0,x_tcsc,1-14,-0.13955901033275867,6,-0.1338891558641217,MAP_SCADA,139,0.0056698544686369645
1,B_svc,2,0.29902140685599293,6,0.27292537502293496,MAP_SCADA,139,0.026096031833057975
2,UPFC_Vsh,5-15,1.1051095689335,6,1.106739436282142,MAP_SCADA,139,0.0016298673486421222
3,UPFC_tsh,5-15,-0.22587728813114563,6,-0.23040778158594252,MAP_SCADA,139,0.004530493454796891
4,UPFC_Vse,5-15,0.06015700877506486,6,0.05999213256364274,MAP_SCADA,139,0.00016487621142211722
5,UPFC_tse,5-15,-2.1523236559127263,6,-2.1468715306785127,MAP_SCADA,139,0.005452125234213678
0,x_tcsc,1-14,-0.13802243210717918,7,-0.1338891558641217,MAP_SCADA,139,0.004133276243057482
1,B_svc,2,0.2995903326742413,7,0.27292537502293496,MAP_SCADA,139,0.02666495765130633
2,UPFC_Vsh,5-15,1.1043946694822493,7,1.106739436282142,MAP_SCADA,139,0.0023447667998928168
3,UPFC_tsh,5-15,-0.22658864844167736,7,-0.23040778158594252,MAP_SCADA,139,0.0038191331442651577
4,UPFC_Vse,5-15,0.05985353630766828,7,0.05999213256364274,MAP_SCADA,139,0.00013859625597446162
5,UPFC_tse,5-15,-2.154106660539906,7,-2.1468715306785127,MAP_SCADA,139,0.007235129861393297
0,x_tcsc,1-14,-0.13776651479993207,8,-0.1338891558641217,MAP_SCADA,139,0.003877358935810371
1,B_svc,2,0.3034020605098786,8,0.27292537502293496,MAP_SCADA,139,0.030476685486943655
2,UPFC_Vsh,5-15,1.1038155449859017,8,1.106739436282142,MAP_SCADA,139,0.0029238912962403774
3,UPFC_tsh,5-15,-0.22729311200001734,8,-0.23040778158594252,MAP_SCADA,139,0.003114669585925184
4,UPFC_Vse,5-15,0.06036461132298206,8,0.05999213256364274,MAP_SCADA,139,0.00037247875933932306
5,UPFC_tse,5-15,-2.1549856065944772,8,-2.1468715306785127,MAP_SCADA,139,0.00811407591596458
0,x_tcsc,1-14,-0.13859247186509066,9,-0.1338891558641217,MAP_SCADA,139,0.00470331600096896
1,B_svc,2,0.29578539085512373,9,0.27292537502293496,MAP_SCADA,139,0.022860015832188774
2,UPFC_Vsh,5-15,1.104393061880654,9,1.106739436282142,MAP_SCADA,139,0.002346374401488216
3,UPFC_tsh,5-15,-0.2264243969300444,9,-0.23040778158594252,MAP_SCADA,139,0.00398338465589812
4,UPFC_Vse,5-15,0.060495454335872195,9,0.05999213256364274,MAP_SCADA,139,0.000503321772229455
5,UPFC_tse,5-15,-2.1472225881378324,9,-2.1468715306785127,MAP_SCADA,139,0.00035105745931973686
0,x_tcsc,1-14,-0.14084676336732707,10,-0.1338891558641217,MAP_SCADA,139,0.006957607503205371
1,B_svc,2,0.2932031951219014,10,0.27292537502293496,MAP_SCADA,139,0.020277820098966448
2,UPFC_Vsh,5-15,1.1049799922854475,10,1.106739436282142,MAP_SCADA,139,0.0017594439966945874
3,UPFC_tsh,5-15,-0.22493217726351936,10,-0.23040778158594252,MAP_SCADA,139,0.0054756043224231665
4,UPFC_Vse,5-15,0.060052763771416585,10,0.05999213256364274,MAP_SCADA,139,6.063120777384523e-05
5,UPFC_tse,5-15,-2.148328019767737,10,-2.1468715306785127,MAP_SCADA,139,0.0014564890892243554
0,x_tcsc,1-14,-0.13935090874779182,11,-0.1338891558641217,MAP_SCADA,139,0.0054617528836701235
1,B_svc,2,0.3000827842332406,11,0.27292537502293496,MAP_SCADA,139,0.027157409210305627
2,UPFC_Vsh,5-15,1.104322749806619,11,1.106739436282142,MAP_SCADA,139,0.0024166864755230666
3,UPFC_tsh,5-15,-0.22644285374367815,11,-0.23040778158594252,MAP_SCADA,139,0.003964927842264376
4,UPFC_Vse,5-15,0.06061384937727731,11,0.05999213256364274,MAP_SCADA,139,0.0006217168136345708
5,UPFC_tse,5-15,-2.1500395355490904,11,-2.1468715306785127,MAP_SCADA,139,0.0031680048705777786
0,x_tcsc,1-14,-0.13886661964430397,12,-0.1338891558641217,MAP_SCADA,139,0.004977463780182267
1,B_svc,2,0.30316520299571653,12,0.27292537502293496,MAP_SCADA,139,0.030239827972781574
2,UPFC_Vsh,5-15,1.1014851436299993,12,1.106739436282142,MAP_SCADA,139,0.0052542926521428335
3,UPFC_tsh,5-15,-0.2265947577998115,12,-0.23040778158594252,MAP_SCADA,139,0.00381302378613102
4,UPFC_Vse,5-15,0.05951054582410368,12,0.05999213256364274,MAP_SCADA,139,0.00048158673953906106
5,UPFC_tse,5-15,-2.1481486842702813,12,-2.1468715306785127,MAP_SCADA,139,0.0012771535917686094
0,x_tcsc,1-14,-0.13751298016279592,13,-0.1338891558641217,MAP_SCADA,139,0.003623824298674222
1,B_svc,2,0.30138813066979114,13,0.27292537502293496,MAP_SCADA,139,0.028462755646856186
2,UPFC_Vsh,5-15,1.1048805629058702,13,1.106739436282142,MAP_SCADA,139,0.0018588733762718856
3,UPFC_tsh,5-15,-0.22692624201313333,13,-0.23040778158594252,MAP_SCADA,139,0.0034815395728091947
4,UPFC_Vse,5-15,0.05976662311998865,13,0.05999213256364274,MAP_SCADA,139,0.00022550944365409137
5,UPFC_tse,5-15,-2.1511226488263433,13,-2.1468715306785127,MAP_SCADA,139,0.004251118147830635
0,x_tcsc,1-14,-0.1387119073551927,14,-0.1338891558641217,MAP_SCADA,139,0.004822751491071003
1,B_svc,2,0.2991060203265386,14,0.27292537502293496,MAP_SCADA,139,0.026180645303603645
2,UPFC_Vsh,5-15,1.1043098255803496,14,1.106739436282142,MAP_SCADA,139,0.002429610701792484
3,UPFC_tsh,5-15,-0.22659362725435733,14,-0.23040778158594252,MAP_SCADA,139,0.00381415433158519
4,UPFC_Vse,5-15,0.05993925440151864,14,0.05999213256364274,MAP_SCADA,139,5.287816212409813e-05
5,UPFC_tse,5-15,-2.147403003091212,14,-2.1468715306785127,MAP_SCADA,139,0.000531472412699241
0,x_tcsc,1-14,-0.1401347877250689,15,-0.1338891558641217,MAP_SCADA,139,0.006245631860947204
1,B_svc,2,0.29719327447259053,15,0.27292537502293496,MAP_SCADA,139,0.024267899449655572
2,UPFC_Vsh,5-15,1.10514278782043,15,1.106739436282142,MAP_SCADA,139,0.0015966484617120358
3,UPFC_tsh,5-15,-0.22475059684335258,15,-0.23040778158594252,MAP_SCADA,139,0.0056571847425899435
4,UPFC_Vse,5-15,0.05974653222629669,15,0.05999213256364274,MAP_SCADA,139,0.00024560033734605247
5,UPFC_tse,5-15,-2.1454506699074596,15,-2.1468715306785127,MAP_SCADA,139,0.0014208607710530785
0,x_tcsc,1-14,-0.13657497542089506,16,-0.1338891558641217,MAP_SCADA,139,0.0026858195567733556
1,B_svc,2,0.3050354964593784,16,0.27292537502293496,MAP_SCADA,139,0.03211012143644343
2,UPFC_Vsh,5-15,1.1042529235454521,16,1.106739436282142,MAP_SCADA,139,0.002486512736689983
3,UPFC_tsh,5-15,-0.2272530051578728,16,-0.23040778158594252,MAP_SCADA,139,0.0031547764280697166
4,UPFC_Vse,5-15,0.05994727137748766,16,0.05999213256364274,MAP_SCADA,139,4.486118615507767e-05
5,UPFC_tse,5-15,-2.1525110522626387,16,-2.1468715306785127,MAP_SCADA,139,0.0056395215841260615
0,x_tcsc,1-14,-0.14031858933454772,17,-0.1338891558641217,MAP_SCADA,139,0.006429433470426016
1,B_svc,2,0.29837338229458993,17,0.27292537502293496,MAP_SCADA,139,0.02544800727165497
2,UPFC_Vsh,5-15,1.1048099590733964,17,1.106739436282142,MAP_SCADA,139,0.0019294772087457002
3,UPFC_tsh,5-15,-0.2258268842497113,17,-0.23040778158594252,MAP_SCADA,139,0.00458089733623121
4,UPFC_Vse,5-15,0.060018761302233874,17,0.05999213256364274,MAP_SCADA,139,2.662873859113346e-05
5,UPFC_tse,5-15,-2.1445126629522857,17,-2.1468715306785127,MAP_SCADA,139,0.002358867726226954
0,x_tcsc,1-14,-0.13862398376095758,18,-0.1338891558641217,MAP_SCADA,139,0.00473482789683588
1,B_svc,2,0.30051063411948875,18,0.27292537502293496,MAP_SCADA,139,0.027585259096553794
2,UPFC_Vsh,5-15,1.1036263093848822,18,1.106739436282142,MAP_SCADA,139,0.0031131268972599546
3,UPFC_tsh,5-15,-0.22631897737870346,18,-0.23040778158594252,MAP_SCADA,139,0.004088804207239061
4,UPFC_Vse,5-15,0.06059917772140851,18,0.05999213256364274,MAP_SCADA,139,0.0006070451577657732
5,UPFC_tse,5-15,-2.1481598405459894,18,-2.1468715306785127,MAP_SCADA,139,0.0012883098674767446
0,x_tcsc,1-14,-0.13997150805289785,19,-0.1338891558641217,MAP_SCADA,139,0.006082352188776147
1,B_svc,2,0.2975385393396756,19,0.27292537502293496,MAP_SCADA,139,0.024613164316740654
2,UPFC_Vsh,5-15,1.102397254952331,19,1.106739436282142,MAP_SCADA,139,0.004342181329811012
3,UPFC_tsh,5-15,-0.22583042910126308,19,-0.23040778158594252,MAP_SCADA,139,0.004577352484679442
4,UPFC_Vse,5-15,0.06029962107356366,19,0.05999213256364274,MAP_SCADA,139,0.0003074885099209196
5,UPFC_tse,5-15,-2.1511675257445853,19,-2.1468715306785127,MAP_SCADA,139,0.004295995066072589
0,x_tcsc,1-14,-0.13996105232389777,20,-0.1338891558641217,MAP_SCADA,139,0.006071896459776072
1,B_svc,2,0.2921272452893663,20,0.27292537502293496,MAP_SCADA,139,0.01920187026643133
2,UPFC_Vsh,5-15,1.1059558536829384,20,1.106739436282142,MAP_SCADA,139,0.0007835825992037471
3,UPFC_tsh,5-15,-0.22446458794532617,20,-0.23040778158594252,MAP_SCADA,139,0.005943193640616351
4,UPFC_Vse,5-15,0.05986600732266241,20,0.05999213256364274,MAP_SCADA,139,0.00012612524098033068
5,UPFC_tse,5-15,-2.1451598095664512,20,-2.1468715306785127,MAP_SCADA,139,0.001711721112061415
0,x_tcsc,1-14,-0.13822667342328782,21,-0.1338891558641217,MAP_SCADA,139,0.004337517559166115
1,B_svc,2,0.2972723864116842,21,0.27292537502293496,MAP_SCADA,139,0.02434701138874923
2,UPFC_Vsh,5-15,1.1041169664709394,21,1.106739436282142,MAP_SCADA,139,0.0026224698112027323
3,UPFC_tsh,5-15,-0.22696494078320859,21,-0.23040778158594252,MAP_SCADA,139,0.0034428408027339374
4,UPFC_Vse,5-15,0.06022746905635116,21,0.05999213256364274,MAP_SCADA,139,0.0002353364927084184
5,UPFC_tse,5-15,-2.152488046930867,21,-2.1468715306785127,MAP_SCADA,139,0.0056165162523544865
0,x_tcsc,1-14,-0.1385780621689011,22,-0.1338891558641217,MAP_SCADA,139,0.004688906304779389
1,B_svc,2,0.295866779953715,22,0.27292537502293496,MAP_SCADA,139,0.022941404930780063
2,UPFC_Vsh,5-15,1.1060783732776556,22,1.106739436282142,MAP_SCADA,139,0.0006610630044865395
3,UPFC_tsh,5-15,-0.22534572355539284,22,-0.23040778158594252,MAP_SCADA,139,0.005062058030549682
4,UPFC_Vse,5-15,0.059450675865346955,22,0.05999213256364274,MAP_SCADA,139,0.000541456698295785
5,UPFC_tse,5-15,-2.1468013562424364,22,-2.1468715306785127,MAP_SCADA,139,7.017443607626461e-05
0,x_tcsc,1-14,-0.1402901868998003,23,-0.1338891558641217,MAP_SCADA,139,0.0064010310356786004
1,B_svc,2,0.28873643190744297,23,0.27292537502293496,MAP_SCADA,139,0.015811056884508012
2,UPFC_Vsh,5-15,1.104882461923429,23,1.106739436282142,MAP_SCADA,139,0.001856974358713126
3,UPFC_tsh,5-15,-0.2252051158164447,23,-0.23040778158594252,MAP_SCADA,139,0.005202665769497822
4,UPFC_Vse,5-15,0.0602245918602625,23,0.05999213256364274,MAP_SCADA,139,0.00023245929661976084
5,UPFC_tse,5-15,-2.143819747526403,23,-2.1468715306785127,MAP_SCADA,139,0.0030517831521095218
0,x_tcsc,1-14,-0.1392743045440156,24,-0.1338891558641217,MAP_SCADA,139,0.0053851486798938974
1,B_svc,2,0.29738585302713844,24,0.27292537502293496,MAP_SCADA,139,0.02446047800420348
2,UPFC_Vsh,5-15,1.1045794019361654,24,1.106739436282142,MAP_SCADA,139,0.002160034345976669
3,UPFC_tsh,5-15,-0.22649652881257448,24,-0.23040778158594252,MAP_SCADA,139,0.00391125277336804
4,UPFC_Vse,5-15,0.060071837795885465,24,0.05999213256364274,MAP_SCADA,139,7.970523224272441e-05
5,UPFC_tse,5-15,-2.1422016412545237,24,-2.1468715306785127,MAP_SCADA,139,0.004669889423988938
0,x_tcsc,1-14,-0.1377908231437233,25,-0.1338891558641217,MAP_SCADA,139,0.0039016672796015894
1,B_svc,2,0.3061252413607257,25,0.27292537502293496,MAP_SCADA,139,0.03319986633779076
2,UPFC_Vsh,5-15,1.1034073057683083,25,1.106739436282142,MAP_SCADA,139,0.003332130513833853
3,UPFC_tsh,5-15,-0.22768260667530446,25,-0.23040778158594252,MAP_SCADA,139,0.002725174910638062
4,UPFC_Vse,5-15,0.06020619773713513,25,0.05999213256364274,MAP_SCADA,139,0.00021406517349238652
5,UPFC_tse,5-15,-2.150180709765505,25,-2.1468715306785127,MAP_SCADA,139,0.003309179086992131
0,x_tcsc,1-14,-0.1385486551204919,26,-0.1338891558641217,MAP_SCADA,139,0.0046594992563701865
1,B_svc,2,0.300807778883365,26,0.27292537502293496,MAP_SCADA,139,0.02788240386043006
2,UPFC_Vsh,5-15,1.1039094048672455,26,1.106739436282142,MAP_SCADA,139,0.002830031414896572
3,UPFC_tsh,5-15,-0.2259080636694409,26,-0.23040778158594252,MAP_SCADA,139,0.004499717916501611
4,UPFC_Vse,5-15,0.0608357430479533,26,0.05999213256364274,MAP_SCADA,139,0.0008436104843105585
5,UPFC_tse,5-15,-2.1503445282371287,26,-2.1468715306785127,MAP_SCADA,139,0.0034729975586160755
0,x_tcsc,1-14,-0.13881034278722607,27,-0.1338891558641217,MAP_SCADA,139,0.004921186923104365
1,B_svc,2,0.2914728599813028,27,0.27292537502293496,MAP_SCADA,139,0.018547484958367833
2,UPFC_Vsh,5-15,1.104849217491168,27,1.106739436282142,MAP_SCADA,139,0.0018902187909741741
3,UPFC_tsh,5-15,-0.225308752946577,27,-0.23040778158594252,MAP_SCADA,139,0.00509902863936551
4,UPFC_Vse,5-15,0.06004084817340249,27,0.05999213256364274,MAP_SCADA,139,4.8715609759747425e-05
5,UPFC_tse,5-15,-2.148496938186742,27,-2.1468715306785127,MAP_SCADA,139,0.0016254075082291486
0,x_tcsc,1-14,-0.13913273389529263,28,-0.1338891558641217,MAP_SCADA,139,0.005243578031170926
1,B_svc,2,0.296591253501489,28,0.27292537502293496,MAP_SCADA,139,0.02366587847855406
2,UPFC_Vsh,5-15,1.106067300145302,28,1.106739436282142,MAP_SCADA,139,0.0006721361368400292
3,UPFC_tsh,5-15,-0.2247781884335331,28,-0.23040778158594252,MAP_SCADA,139,0.0056295931524094345
4,UPFC_Vse,5-15,0.060115046821960276,28,0.05999213256364274,MAP_SCADA,139,0.00012291425831753577
5,UPFC_tse,5-15,-2.143399854831133,28,-2.1468715306785127,MAP_SCADA,139,0.0034716758473796183
0,x_tcsc,1-14,-0.13888452296679737,29,-0.1338891558641217,MAP_SCADA,139,0.004995367102675674
1,B_svc,2,0.2992698066686642,29,0.27292537502293496,MAP_SCADA,139,0.02634443164572925
2,UPFC_Vsh,5-15,1.10514048130782,29,1.106739436282142,MAP_SCADA,139,0.0015989549743220532
3,UPFC_tsh,5-15,-0.22565557417003165,29,-0.23040778158594252,MAP_SCADA,139,0.00475220741591087
4,UPFC_Vse,5-15,0.05959903426723671,29,0.05999213256364274,MAP_SCADA,139,0.0003930982964060331
5,UPFC_tse,5-15,-2.1487909286896563,29,-2.1468715306785127,MAP_SCADA,139,0.0019193980111436026
0,x_tcsc,1-14,-0.13966994289115525,30,-0.1338891558641217,MAP_SCADA,139,0.0057807870270335515
1,B_svc,2,0.29765113418232697,30,0.27292537502293496,MAP_SCADA,139,0.024725759159392013
2,UPFC_Vsh,5-15,1.1025388252883417,30,1.106739436282142,MAP_SCADA,139,0.004200610993800424
3,UPFC_tsh,5-15,-0.22632311264655752,30,-0.23040778158594252,MAP_SCADA,139,0.004084668939385
4,UPFC_Vse,5-15,0.060273030760081885,30,0.05999213256364274,MAP_SCADA,139,0.0002808981964391444
5,UPFC_tse,5-15,-2.1470760271765768,30,-2.1468715306785127,MAP_SCADA,139,0.00020449649806408843
0,x_tcsc,1-14,-0.1396459351331978,31,-0.1338891558641217,MAP_SCADA,139,0.005756779269076112
1,B_svc,2,0.29859178983973,31,0.27292537502293496,MAP_SCADA,139,0.025666414816795047
2,UPFC_Vsh,5-15,1.103772856341603,31,1.106739436282142,MAP_SCADA,139,0.0029665799405391713
3,UPFC_tsh,5-15,-0.22586435764479773,31,-0.23040778158594252,MAP_SCADA,139,0.004543423941144792
4,UPFC_Vse,5-15,0.060196723858506794,31,0.05999213256364274,MAP_SCADA,139,0.0002045912948640538
5,UPFC_tse,5-15,-2.149224612485506,31,-2.1468715306785127,MAP_SCADA,139,0.002353081806993451
0,x_tcsc,1-14,-0.13746908066422436,32,-0.1338891558641217,MAP_SCADA,139,0.003579924800102663
1,B_svc,2,0.3038280239187001,32,0.27292537502293496,MAP_SCADA,139,0.03090264889576516
2,UPFC_Vsh,5-15,1.103889255951134,32,1.106739436282142,MAP_SCADA,139,0.0028501803310081453
3,UPFC_tsh,5-15,-0.22775698399944186,32,-0.23040778158594252,MAP_SCADA,139,0.002650797586500664
4,UPFC_Vse,5-15,0.06038293076645081,32,0.05999213256364274,MAP_SCADA,139,0.0003907982028080667
5,UPFC_tse,5-15,-2.1500529755168016,32,-2.1468715306785127,MAP_SCADA,139,0.0031814448382889715
0,x_tcsc,1-14,-0.1407724381384244,33,-0.1338891558641217,MAP_SCADA,139,0.00688328227430271
1,B_svc,2,0.29109702121632824,33,0.27292537502293496,MAP_SCADA,139,0.018171646193393287
2,UPFC_Vsh,5-15,1.1061593864183283,33,1.106739436282142,MAP_SCADA,139,0.0005800498638137697
3,UPFC_tsh,5-15,-0.22444767867505602,33,-0.23040778158594252,MAP_SCADA,139,0.0059601029108865
4,UPFC_Vse,5-15,0.05977371883798552,33,0.05999213256364274,MAP_SCADA,139,0.00021841372565722245
5,UPFC_tse,5-15,-2.14828422550704,33,-2.1468715306785127,MAP_SCADA,139,0.00141269482852735
0,x_tcsc,1-14,-0.1396247852341707,34,-0.1338891558641217,MAP_SCADA,139,0.005735629370049011
1,B_svc,2,0.29625064662459444,34,0.27292537502293496,MAP_SCADA,139,0.02332527160165948
2,UPFC_Vsh,5-15,1.104409373734565,34,1.106739436282142,MAP_SCADA,139,0.002330062547577061
3,UPFC_tsh,5-15,-0.2260998187080884,34,-0.23040778158594252,MAP_SCADA,139,0.004307962877854121
4,UPFC_Vse,5-15,0.060423493335265026,34,0.05999213256364274,MAP_SCADA,139,0.0004313607716222856
5,UPFC_tse,5-15,-2.148531035273312,34,-2.1468715306785127,MAP_SCADA,139,0.0016595045947993547
0,x_tcsc,1-14,-0.13747071296096938,35,-0.1338891558641217,MAP_SCADA,139,0.0035815570968476818
1,B_svc,2,0.2970031945926777,35,0.27292537502293496,MAP_SCADA,139,0.024077819569742753
2,UPFC_Vsh,5-15,1.1043141540277561,35,1.106739436282142,MAP_SCADA,139,0.0024252822543859853
3,UPFC_tsh,5-15,-0.22689694102156815,35,-0.23040778158594252,MAP_SCADA,139,0.003510840564374368
4,UPFC_Vse,5-15,0.06012317071876644,35,0.05999213256364274,MAP_SCADA,139,0.0001310381551236986
5,UPFC_tse,5-15,-2.149481545118172,35,-2.1468715306785127,MAP_SCADA,139,0.0026100144396594693
0,x_tcsc,1-14,-0.14022767642520453,36,-0.1338891558641217,MAP_SCADA,139,0.006338520561082833
1,B_svc,2,0.2945503832650932,36,0.27292537502293496,MAP_SCADA,139,0.02162500824215824
2,UPFC_Vsh,5-15,1.1042972523376584,36,1.106739436282142,MAP_SCADA,139,0.0024421839444837
3,UPFC_tsh,5-15,-0.22502397668760352,36,-0.23040778158594252,MAP_SCADA,139,0.005383804898339006
4,UPFC_Vse,5-15,0.05990084617611401,36,0.05999213256364274,MAP_SCADA,139,9.128638752872731e-05
5,UPFC_tse,5-15,-2.145775581524078,36,-2.1468715306785127,MAP_SCADA,139,0.0010959491544344502
0,x_tcsc,1-14,-0.13930864788106107,37,-0.1338891558641217,MAP_SCADA,139,0.0054194920169393646
1,B_svc,2,0.2985366169832528,37,0.27292537502293496,MAP_SCADA,139,0.025611241960317832
2,UPFC_Vsh,5-15,1.1055109564919188,37,1.106739436282142,MAP_SCADA,139,0.0012284797902233358
3,UPFC_tsh,5-15,-0.22576395725073525,37,-0.23040778158594252,MAP_SCADA,139,0.0046438243352072694
4,UPFC_Vse,5-15,0.05957450635499889,37,0.05999213256364274,MAP_SCADA,139,0.00041762620864384953
5,UPFC_tse,5-15,-2.1485789670072792,37,-2.1468715306785127,MAP_SCADA,139,0.0017074363287665761
0,x_tcsc,1-14,-0.13876399333863584,38,-0.1338891558641217,MAP_SCADA,139,0.004874837474514143
1,B_svc,2,0.29775285732011453,38,0.27292537502293496,MAP_SCADA,139,0.02482748229717957
2,UPFC_Vsh,5-15,1.104689520361175,38,1.106739436282142,MAP_SCADA,139,0.002049915920967038
3,UPFC_tsh,5-15,-0.22595945019195673,38,-0.23040778158594252,MAP_SCADA,139,0.004448331393985788
4,UPFC_Vse,5-15,0.060351667486153455,38,0.05999213256364274,MAP_SCADA,139,0.0003595349225107153
5,UPFC_tse,5-15,-2.1462755904313355,38,-2.1468715306785127,MAP_SCADA,139,0.0005959402471771291
0,x_tcsc,1-14,-0.13888872058816598,39,-0.1338891558641217,MAP_SCADA,139,0.004999564724044281
1,B_svc,2,0.30026952731217943,39,0.27292537502293496,MAP_SCADA,139,0.027344152289244472
2,UPFC_Vsh,5-15,1.1035081667959006,39,1.106739436282142,MAP_SCADA,139,0.003231269486241528
3,UPFC_tsh,5-15,-0.22685329721329714,39,-0.23040778158594252,MAP_SCADA,139,0.0035544843726453834
4,UPFC_Vse,5-15,0.060193805382303366,39,0.05999213256364274,MAP_SCADA,139,0.00020167281866062536
5,UPFC_tse,5-15,-2.1480449289464985,39,-2.1468715306785127,MAP_SCADA,139,0.0011733982679857924
0,x_tcsc,1-14,-0.1380881425081221,40,-0.1338891558641217,MAP_SCADA,139,0.0041989866440003965
1,B_svc,2,0.305150873703634,40,0.27292537502293496,MAP_SCADA,139,0.032225498680699016
2,UPFC_Vsh,5-15,1.1010648603053346,40,1.106739436282142,MAP_SCADA,139,0.005674575976807539
3,UPFC_tsh,5-15,-0.2285433630113417,40,-0.23040778158594252,MAP_SCADA,139,0.001864418574600818
4,UPFC_Vse,5-15,0.06086204016250076,40,0.05999213256364274,MAP_SCADA,139,0.0008699075988580218
5,UPFC_tse,5-15,-2.148631665556464,40,-2.1468715306785127,MAP_SCADA,139,0.001760134877951458
0,x_tcsc,1-14,-0.1387186169873437,41,-0.1338891558641217,MAP_SCADA,139,0.004829461123221995
1,B_svc,2,0.29322018540771627,41,0.27292537502293496,MAP_SCADA,139,0.020294810384781314
2,UPFC_Vsh,5-15,1.1038591215574631,41,1.106739436282142,MAP_SCADA,139,0.0028803147246789784
3,UPFC_tsh,5-15,-0.22602840755094478,41,-0.23040778158594252,MAP_SCADA,139,0.004379374034997746
4,UPFC_Vse,5-15,0.060643180625298665,41,0.05999213256364274,MAP_SCADA,139,0.0006510480616559247
5,UPFC_tse,5-15,-2.1511423510924637,41,-2.1468715306785127,MAP_SCADA,139,0.004270820413950993
0,x_tcsc,1-14,-0.1399054585652153,42,-0.1338891558641217,MAP_SCADA,139,0.006016302701093601
1,B_svc,2,0.29691859176243846,42,0.27292537502293496,MAP_SCADA,139,0.023993216739503498
2,UPFC_Vsh,5-15,1.1044028256050389,42,1.106739436282142,MAP_SCADA,139,0.0023366106771032236
3,UPFC_tsh,5-15,-0.2256305853352938,42,-0.23040778158594252,MAP_SCADA,139,0.004777196250648735
4,UPFC_Vse,5-15,0.060075035419874336,42,0.05999213256364274,MAP_SCADA,139,8.290285623159532e-05
5,UPFC_tse,5-15,-2.144996823734121,42,-2.1468715306785127,MAP_SCADA,139,0.0018747069443918463
0,x_tcsc,1-14,-0.13845023221293154,43,-0.1338891558641217,MAP_SCADA,139,0.004561076348809839
1,B_svc,2,0.2982945498498663,43,0.27292537502293496,MAP_SCADA,139,0.02536917482693135
2,UPFC_Vsh,5-15,1.1058482160010459,43,1.106739436282142,MAP_SCADA,139,0.0008912202810962278
3,UPFC_tsh,5-15,-0.2259417019098907,43,-0.23040778158594252,MAP_SCADA,139,0.0044660796760518096
4,UPFC_Vse,5-15,0.0596267769348247,43,0.05999213256364274,MAP_SCADA,139,0.00036535562881803707
5,UPFC_tse,5-15,-2.1476228475067285,43,-2.1468715306785127,MAP_SCADA,139,0.0007513168282158311
0,x_tcsc,1-14,-0.139811517951264,44,-0.1338891558641217,MAP_SCADA,139,0.005922362087142308
1,B_svc,2,0.29671087376323174,44,0.27292537502293496,MAP_SCADA,139,0.023785498740296784
2,UPFC_Vsh,5-15,1.1028977831949425,44,1.106739436282142,MAP_SCADA,139,0.003841653087199637
3,UPFC_tsh,5-15,-0.22646896973694672,44,-0.23040778158594252,MAP_SCADA,139,0.003938811848995805
4,UPFC_Vse,5-15,0.06049594237847763,44,0.05999213256364274,MAP_SCADA,139,0.000503809814834888
5,UPFC_tse,5-15,-2.1480555669771535,44,-2.1468715306785127,MAP_SCADA,139,0.0011840362986408337
0,x_tcsc,1-14,-0.14052857428117096,45,-0.1338891558641217,MAP_SCADA,139,0.006639418417049264
1,B_svc,2,0.29656433459849,45,0.27292537502293496,MAP_SCADA,139,0.023638959575555063
2,UPFC_Vsh,5-15,1.105353337485876,45,1.106739436282142,MAP_SCADA,139,0.0013860987962661664
3,UPFC_tsh,5-15,-0.2250383220991583,45,-0.23040778158594252,MAP_SCADA,139,0.005369459486784217
4,UPFC_Vse,5-15,0.05983092960988044,45,0.05999213256364274,MAP_SCADA,139,0.00016120295376229749
5,UPFC_tse,5-15,-2.1495930852050207,45,-2.1468715306785127,MAP_SCADA,139,0.0027215545265080188
0,x_tcsc,1-14,-0.13895079535319532,46,-0.1338891558641217,MAP_SCADA,139,0.005061639489073622
1,B_svc,2,0.2964461038118466,46,0.27292537502293496,MAP_SCADA,139,0.02352072878891165
2,UPFC_Vsh,5-15,1.1048489870248948,46,1.106739436282142,MAP_SCADA,139,0.0018904492572473508
3,UPFC_tsh,5-15,-0.22489720469760976,46,-0.23040778158594252,MAP_SCADA,139,0.005510576888332758
4,UPFC_Vse,5-15,0.06055886878461661,46,0.05999213256364274,MAP_SCADA,139,0.0005667362209738694
5,UPFC_tse,5-15,-2.143860217935244,46,-2.1468715306785127,MAP_SCADA,139,0.0030113127432684905
0,x_tcsc,1-14,-0.13913388965149576,47,-0.1338891558641217,MAP_SCADA,139,0.005244733787374056
1,B_svc,2,0.2984715848952935,47,0.27292537502293496,MAP_SCADA,139,0.02554620987235856
2,UPFC_Vsh,5-15,1.103504153241162,47,1.106739436282142,MAP_SCADA,139,0.003235283040980086
3,UPFC_tsh,5-15,-0.22569345557829593,47,-0.23040778158594252,MAP_SCADA,139,0.0047143260076465965
4,UPFC_Vse,5-15,0.0599048945666807,47,0.05999213256364274,MAP_SCADA,139,8.723799696203766e-05
5,UPFC_tse,5-15,-2.147264956699322,47,-2.1468715306785127,MAP_SCADA,139,0.0003934260208091622
0,x_tcsc,1-14,-0.1388308665670919,48,-0.1338891558641217,MAP_SCADA,139,0.004941710702970198
1,B_svc,2,0.2980432939421639,48,0.27292537502293496,MAP_SCADA,139,0.025117918919228932
2,UPFC_Vsh,5-15,1.1046129074545643,48,1.106739436282142,MAP_SCADA,139,0.0021265288275778005
3,UPFC_tsh,5-15,-0.22600620862937293,48,-0.23040778158594252,MAP_SCADA,139,0.004401572956569594
4,UPFC_Vse,5-15,0.059986161692255846,48,0.05999213256364274,MAP_SCADA,139,5.970871386894172e-06
5,UPFC_tse,5-15,-2.1500646836679387,48,-2.1468715306785127,MAP_SCADA,139,0.003193152989426018
0,x_tcsc,1-14,-0.13678999882709117,49,-0.1338891558641217,MAP_SCADA,139,0.0029008429629694688
1,B_svc,2,0.3048122495750491,49,0.27292537502293496,MAP_SCADA,139,0.03188687455211414
2,UPFC_Vsh,5-15,1.1028142767271474,49,1.106739436282142,MAP_SCADA,139,0.003925159554994728
3,UPFC_tsh,5-15,-0.22789640504364608,49,-0.23040778158594252,MAP_SCADA,139,0.0025113765422964396
4,UPFC_Vse,5-15,0.06019102860432917,49,0.05999213256364274,MAP_SCADA,139,0.0001988960406864304
5,UPFC_tse,5-15,-2.1502166423072926,49,-2.1468715306785127,MAP_SCADA,139,0.0033451116287799287
0,x_tcsc,1-14,-0.13844327078259241,50,-0.1338891558641217,MAP_SCADA,139,0.004554114918470714
1,B_svc,2,0.296185019327285,50,0.27292537502293496,MAP_SCADA,139,0.02325964430435007
2,UPFC_Vsh,5-15,1.103699644975238,50,1.106739436282142,MAP_SCADA,139,0.003039791306904016
3,UPFC_tsh,5-15,-0.22623525675338108,50,-0.23040778158594252,MAP_SCADA,139,0.004172524832561447
4,UPFC_Vse,5-15,0.060455226854863514,50,0.05999213256364274,MAP_SCADA,139,0.0004630942912207739
5,UPFC_tse,5-15,-2.147736097903853,50,-2.1468715306785127,MAP_SCADA,139,0.0008645672253404513
0,x_tcsc,1-14,-0.13932493877968363,51,-0.1338891558641217,MAP_SCADA,139,0.005435782915561932
1,B_svc,2,0.29545982958944195,51,0.27292537502293496,MAP_SCADA,139,0.02253445456650699
2,UPFC_Vsh,5-15,1.1041996971003738,51,1.106739436282142,MAP_SCADA,139,0.002539739181768308
3,UPFC_tsh,5-15,-0.2259362461468297,51,-0.23040778158594252,MAP_SCADA,139,0.004471535439112828
4,UPFC_Vse,5-15,0.060608605431686384,51,0.05999213256364274,MAP_SCADA,139,0.0006164728680436438
5,UPFC_tse,5-15,-2.147654032566646,51,-2.1468715306785127,MAP_SCADA,139,0.0007825018881333357
0,x_tcsc,1-14,-0.13877429196352978,52,-0.1338891558641217,MAP_SCADA,139,0.004885136099408077
1,B_svc,2,0.2955519365557847,52,0.27292537502293496,MAP_SCADA,139,0.022626561532849754
2,UPFC_Vsh,5-15,1.103401285053523,52,1.106739436282142,MAP_SCADA,139,0.003338151228619024
3,UPFC_tsh,5-15,-0.2256970092293021,52,-0.23040778158594252,MAP_SCADA,139,0.004710772356640414
4,UPFC_Vse,5-15,0.060037529394786515,52,0.05999213256364274,MAP_SCADA,139,4.539683114377496e-05
5,UPFC_tse,5-15,-2.1502566117296222,52,-2.1468715306785127,MAP_SCADA,139,0.003385081051109573
0,x_tcsc,1-14,-0.13719206890746846,53,-0.1338891558641217,MAP_SCADA,139,0.0033029130433467613
1,B_svc,2,0.2997239554174644,53,0.27292537502293496,MAP_SCADA,139,0.026798580394529425
2,UPFC_Vsh,5-15,1.1040769980954428,53,1.106739436282142,MAP_SCADA,139,0.002662438186699312
3,UPFC_tsh,5-15,-0.22720083749051107,53,-0.23040778158594252,MAP_SCADA,139,0.0032069440954314576
4,UPFC_Vse,5-15,0.06010456096434186,53,0.05999213256364274,MAP_SCADA,139,0.00011242840069911747
5,UPFC_tse,5-15,-2.1545612967427794,53,-2.1468715306785127,MAP_SCADA,139,0.007689766064266745
0,x_tcsc,1-14,-0.13798824104664212,54,-0.1338891558641217,MAP_SCADA,139,0.004099085182520418
1,B_svc,2,0.30227977719608706,54,0.27292537502293496,MAP_SCADA,139,0.029354402173152105
2,UPFC_Vsh,5-15,1.103186529193495,54,1.106739436282142,MAP_SCADA,139,0.0035529070886470837
3,UPFC_tsh,5-15,-0.22683808163686253,54,-0.23040778158594252,MAP_SCADA,139,0.0035696999490799908
4,UPFC_Vse,5-15,0.06059927539276227,54,0.05999213256364274,MAP_SCADA,139,0.000607142829119528
5,UPFC_tse,5-15,-2.1470201328700975,54,-2.1468715306785127,MAP_SCADA,139,0.00014860219158485677
0,x_tcsc,1-14,-0.13861819969654465,55,-0.1338891558641217,MAP_SCADA,139,0.004729043832422952
1,B_svc,2,0.2982281439530429,55,0.27292537502293496,MAP_SCADA,139,0.025302768930107966
2,UPFC_Vsh,5-15,1.1062975037791578,55,1.106739436282142,MAP_SCADA,139,0.0004419325029842991
3,UPFC_tsh,5-15,-0.2256201950046325,55,-0.23040778158594252,MAP_SCADA,139,0.0047875865813100105
4,UPFC_Vse,5-15,0.06010544691893832,55,0.05999213256364274,MAP_SCADA,139,0.00011331435529558093
5,UPFC_tse,5-15,-2.1486231597502226,55,-2.1468715306785127,MAP_SCADA,139,0.0017516290717098926
0,x_tcsc,1-14,-0.13821983146765665,56,-0.1338891558641217,MAP_SCADA,139,0.00433067560353495
1,B_svc,2,0.3011376864684205,56,0.27292537502293496,MAP_SCADA,139,0.028212311445485527
2,UPFC_Vsh,5-15,1.104502511352792,56,1.106739436282142,MAP_SCADA,139,0.002236924929350126
3,UPFC_tsh,5-15,-0.22690992863944798,56,-0.23040778158594252,MAP_SCADA,139,0.003497852946494545
4,UPFC_Vse,5-15,0.06015288344386399,56,0.05999213256364274,MAP_SCADA,139,0.00016075088022125122
5,UPFC_tse,5-15,-2.145879885001655,56,-2.1468715306785127,MAP_SCADA,139,0.000991645676857722
0,x_tcsc,1-14,-0.13767132395109832,57,-0.1338891558641217,MAP_SCADA,139,0.0037821680869766228
1,B_svc,2,0.29706997285255465,57,0.27292537502293496,MAP_SCADA,139,0.024144597829619696
2,UPFC_Vsh,5-15,1.1075096933847748,57,1.106739436282142,MAP_SCADA,139,0.0007702571026326765
3,UPFC_tsh,5-15,-0.22571755461786697,57,-0.23040778158594252,MAP_SCADA,139,0.004690226968075556
4,UPFC_Vse,5-15,0.05995041538130148,57,0.05999213256364274,MAP_SCADA,139,4.171718234125682e-05
5,UPFC_tse,5-15,-2.1442045134949352,57,-2.1468715306785127,MAP_SCADA,139,0.002667017183577425
0,x_tcsc,1-14,-0.14025304881818126,58,-0.1338891558641217,MAP_SCADA,139,0.0063638929540595635
1,B_svc,2,0.2943751922505254,58,0.27292537502293496,MAP_SCADA,139,0.02144981722759043
2,UPFC_Vsh,5-15,1.1043382438971199,58,1.106739436282142,MAP_SCADA,139,0.0024011923850222328
3,UPFC_tsh,5-15,-0.22596942597343528,58,-0.23040778158594252,MAP_SCADA,139,0.004438355612507244
4,UPFC_Vse,5-15,0.05989844619524658,58,0.05999213256364274,MAP_SCADA,139,9.368636839616334e-05
5,UPFC_tse,5-15,-2.150392797073834,58,-2.1468715306785127,MAP_SCADA,139,0.003521266395321465
0,x_tcsc,1-14,-0.13948574348694037,59,-0.1338891558641217,MAP_SCADA,139,0.005596587622818672
1,B_svc,2,0.29361040067047306,59,0.27292537502293496,MAP_SCADA,139,0.020685025647538102
2,UPFC_Vsh,5-15,1.1024436446396637,59,1.106739436282142,MAP_SCADA,139,0.004295791642478397
3,UPFC_tsh,5-15,-0.2260962852316475,59,-0.23040778158594252,MAP_SCADA,139,0.004311496354295036
4,UPFC_Vse,5-15,0.0603760348307006,59,0.05999213256364274,MAP_SCADA,139,0.0003839022670578604
5,UPFC_tse,5-15,-2.153027024774551,59,-2.1468715306785127,MAP_SCADA,139,0.0061554940960384386
0,x_tcsc,1-14,-0.13734548040088565,60,-0.1338891558641217,MAP_SCADA,139,0.0034563245367639495
1,B_svc,2,0.3050931327260433,60,0.27292537502293496,MAP_SCADA,139,0.03216775770310837
2,UPFC_Vsh,5-15,1.1024510869435684,60,1.106739436282142,MAP_SCADA,139,0.004288349338573694
3,UPFC_tsh,5-15,-0.22792302563646952,60,-0.23040778158594252,MAP_SCADA,139,0.0024847559494730054
4,UPFC_Vse,5-15,0.05994697426279195,60,0.05999213256364274,MAP_SCADA,139,4.51583008507922e-05
5,UPFC_tse,5-15,-2.1533501829787167,60,-2.1468715306785127,MAP_SCADA,139,0.0064786523002040575
0,x_tcsc,1-14,-0.13962038629562434,61,-0.1338891558641217,MAP_SCADA,139,0.005731230431502643
1,B_svc,2,0.2962995497542139,61,0.27292537502293496,MAP_SCADA,139,0.02337417473127895
2,UPFC_Vsh,5-15,1.1029814234863042,61,1.106739436282142,MAP_SCADA,139,0.003758012795837873
3,UPFC_tsh,5-15,-0.22586234776028932,61,-0.23040778158594252,MAP_SCADA,139,0.0045454338256532
4,UPFC_Vse,5-15,0.06022765102223543,61,0.05999213256364274,MAP_SCADA,139,0.00023551845859268866
5,UPFC_tse,5-15,-2.1501775445709037,61,-2.1468715306785127,MAP_SCADA,139,0.0033060138923910465
0,x_tcsc,1-14,-0.1395880404530107,62,-0.1338891558641217,MAP_SCADA,139,0.005698884588889008
1,B_svc,2,0.29959101759192003,62,0.27292537502293496,MAP_SCADA,139,0.02666564256898507
2,UPFC_Vsh,5-15,1.1049893981731653,62,1.106739436282142,MAP_SCADA,139,0.0017500381089767814
3,UPFC_tsh,5-15,-0.2262864238321893,62,-0.23040778158594252,MAP_SCADA,139,0.004121357753753219
4,UPFC_Vse,5-15,0.0599799436649154,62,0.05999213256364274,MAP_SCADA,139,1.218889872733886e-05
5,UPFC_tse,5-15,-2.1470839299587956,62,-2.1468715306785127,MAP_SCADA,139,0.00021239928028293775
0,x_tcsc,1-14,-0.13819293186036755,63,-0.1338891558641217,MAP_SCADA,139,0.0043037759962458455
1,B_svc,2,0.2947934783829856,63,0.27292537502293496,MAP_SCADA,139,0.021868103360050628
2,UPFC_Vsh,5-15,1.105386686753126,63,1.106739436282142,MAP_SCADA,139,0.0013527495290162062
3,UPFC_tsh,5-15,-0.226096774621023,63,-0.23040778158594252,MAP_SCADA,139,0.0043110069649195115
4,UPFC_Vse,5-15,0.06026503639942282,63,0.05999213256364274,MAP_SCADA,139,0.000272903835780082
5,UPFC_tse,5-15,-2.1446743398568286,63,-2.1468715306785127,MAP_SCADA,139,0.002197190821684014
0,x_tcsc,1-14,-0.13921022468365188,64,-0.1338891558641217,MAP_SCADA,139,0.005321068819530178
1,B_svc,2,0.30291283652156065,64,0.27292537502293496,MAP_SCADA,139,0.02998746149862569
2,UPFC_Vsh,5-15,1.1017025311267963,64,1.106739436282142,MAP_SCADA,139,0.005036905155345828
3,UPFC_tsh,5-15,-0.22647964204765078,64,-0.23040778158594252,MAP_SCADA,139,0.003928139538291742
4,UPFC_Vse,5-15,0.06037988534906229,64,0.05999213256364274,MAP_SCADA,139,0.000387752785419547
5,UPFC_tse,5-15,-2.1467661078239084,64,-2.1468715306785127,MAP_SCADA,139,0.00010542285460424239
0,x_tcsc,1-14,-0.13754706013970006,65,-0.1338891558641217,MAP_SCADA,139,0.0036579042755783553
1,B_svc,2,0.3033542225314747,65,0.27292537502293496,MAP_SCADA,139,0.030428847508539747
2,UPFC_Vsh,5-15,1.102491949482756,65,1.106739436282142,MAP_SCADA,139,0.004247486799386024
3,UPFC_tsh,5-15,-0.22779893595847883,65,-0.23040778158594252,MAP_SCADA,139,0.0026088456274636906
4,UPFC_Vse,5-15,0.060129879626394565,65,0.05999213256364274,MAP_SCADA,139,0.00013774706275182513
5,UPFC_tse,5-15,-2.151886632505937,65,-2.1468715306785127,MAP_SCADA,139,0.005015101827424484
0,x_tcsc,1-14,-0.13851879659942265,66,-0.1338891558641217,MAP_SCADA,139,0.0046296407353009494
1,B_svc,2,0.30098243833297045,66,0.27292537502293496,MAP_SCADA,139,0.02805706331003549
2,UPFC_Vsh,5-15,1.1037986787727152,66,1.106739436282142,MAP_SCADA,139,0.0029407575094269056
3,UPFC_tsh,5-15,-0.2266876249058762,66,-0.23040778158594252,MAP_SCADA,139,0.003720156680066311
4,UPFC_Vse,5-15,0.059659010943204104,66,0.05999213256364274,MAP_SCADA,139,0.0003331216204386367
5,UPFC_tse,5-15,-2.145454356885726,66,-2.1468715306785127,MAP_SCADA,139,0.00141717379278683
0,x_tcsc,1-14,-0.13891729932627214,67,-0.1338891558641217,MAP_SCADA,139,0.005028143462150442
1,B_svc,2,0.29894763571785266,67,0.27292537502293496,MAP_SCADA,139,0.026022260694917698
2,UPFC_Vsh,5-15,1.1052742411757022,67,1.106739436282142,MAP_SCADA,139,0.0014651951064399427
3,UPFC_tsh,5-15,-0.22678710475996916,67,-0.23040778158594252,MAP_SCADA,139,0.0036206768259733624
4,UPFC_Vse,5-15,0.06021758539380588,67,0.05999213256364274,MAP_SCADA,139,0.0002254528301631406
5,UPFC_tse,5-15,-2.1460217532626857,67,-2.1468715306785127,MAP_SCADA,139,0.0008497774158269245
0,x_tcsc,1-14,-0.1400113610368814,68,-0.1338891558641217,MAP_SCADA,139,0.006122205172759687
1,B_svc,2,0.2886082954586116,68,0.27292537502293496,MAP_SCADA,139,0.01568292043567665
2,UPFC_Vsh,5-15,1.1086243994812912,68,1.106739436282142,MAP_SCADA,139,0.0018849631991491034
3,UPFC_tsh,5-15,-0.22463470542028693,68,-0.23040778158594252,MAP_SCADA,139,0.0057730761656555885
4,UPFC_Vse,5-15,0.05987369804048943,68,0.05999213256364274,MAP_SCADA,139,0.00011843452315331293
5,UPFC_tse,5-15,-2.1449589252236083,68,-2.1468715306785127,MAP_SCADA,139,0.001912605454904348
0,x_tcsc,1-14,-0.1391771725391201,69,-0.1338891558641217,MAP_SCADA,139,0.005288016674998397
1,B_svc,2,0.2949481090376491,69,0.27292537502293496,MAP_SCADA,139,0.022022734014714163
2,UPFC_Vsh,5-15,1.1044387529335438,69,1.106739436282142,MAP_SCADA,139,0.0023006833485983424
3,UPFC_tsh,5-15,-0.2255383734968782,69,-0.23040778158594252,MAP_SCADA,139,0.004869408089064331
4,UPFC_Vse,5-15,0.06053740626463348,69,0.05999213256364274,MAP_SCADA,139,0.0005452737009907366
5,UPFC_tse,5-15,-2.147341439047312,69,-2.1468715306785127,MAP_SCADA,139,0.00046990836879912123
0,x_tcsc,1-14,-0.14030892296009884,70,-0.1338891558641217,MAP_SCADA,139,0.006419767095977136
1,B_svc,2,0.28916581192604307,70,0.27292537502293496,MAP_SCADA,139,0.016240436903108113
2,UPFC_Vsh,5-15,1.105617684280865,70,1.106739436282142,MAP_SCADA,139,0.0011217520012771764
3,UPFC_tsh,5-15,-0.22463776111187436,70,-0.23040778158594252,MAP_SCADA,139,0.00577002047406816
4,UPFC_Vse,5-15,0.05922766099819131,70,0.05999213256364274,MAP_SCADA,139,0.0007644715654514314
5,UPFC_tse,5-15,-2.146793521944589,70,-2.1468715306785127,MAP_SCADA,139,7.800873392360685e-05
0,x_tcsc,1-14,-0.13912161106384616,71,-0.1338891558641217,MAP_SCADA,139,0.005232455199724456
1,B_svc,2,0.29390301176538924,71,0.27292537502293496,MAP_SCADA,139,0.020977636742454286
2,UPFC_Vsh,5-15,1.1066642973847154,71,1.106739436282142,MAP_SCADA,139,7.513889742671864e-05
3,UPFC_tsh,5-15,-0.225605363251747,71,-0.23040778158594252,MAP_SCADA,139,0.004802418334195535
4,UPFC_Vse,5-15,0.05939111103551805,71,0.05999213256364274,MAP_SCADA,139,0.00060102152812469
5,UPFC_tse,5-15,-2.1477863279580256,71,-2.1468715306785127,MAP_SCADA,139,0.0009147972795129355
0,x_tcsc,1-14,-0.14056060725207833,72,-0.1338891558641217,MAP_SCADA,139,0.006671451387956634
1,B_svc,2,0.2905575884448555,72,0.27292537502293496,MAP_SCADA,139,0.017632213421920562
2,UPFC_Vsh,5-15,1.1041119417122978,72,1.106739436282142,MAP_SCADA,139,0.0026274945698443464
3,UPFC_tsh,5-15,-0.22535657625741115,72,-0.23040778158594252,MAP_SCADA,139,0.005051205328531372
4,UPFC_Vse,5-15,0.060107674310286366,72,0.05999213256364274,MAP_SCADA,139,0.00011554174664362565
5,UPFC_tse,5-15,-2.1468883355909685,72,-2.1468715306785127,MAP_SCADA,139,1.6804912455814502e-05
0,x_tcsc,1-14,-0.1388155879410626,73,-0.1338891558641217,MAP_SCADA,139,0.0049264320769409065
1,B_svc,2,0.2955615078968038,73,0.27292537502293496,MAP_SCADA,139,0.02263613287386884
2,UPFC_Vsh,5-15,1.105298350292251,73,1.106739436282142,MAP_SCADA,139,0.0014410859898910111
3,UPFC_tsh,5-15,-0.22593649996615559,73,-0.23040778158594252,MAP_SCADA,139,0.004471281619786938
4,UPFC_Vse,5-15,0.05985474709110416,73,0.05999213256364274,MAP_SCADA,139,0.00013738547253858147
5,UPFC_tse,5-15,-2.1511679849735295,73,-2.1468715306785127,MAP_SCADA,139,0.004296454295016794
0,x_tcsc,1-14,-0.1398233764460126,74,-0.1338891558641217,MAP_SCADA,139,0.005934220581890887
1,B_svc,2,0.2954338977334575,74,0.27292537502293496,MAP_SCADA,139,0.02250852271052256
2,UPFC_Vsh,5-15,1.1071480139212553,74,1.106739436282142,MAP_SCADA,139,0.00040857763911317235
3,UPFC_tsh,5-15,-0.22453926962252754,74,-0.23040778158594252,MAP_SCADA,139,0.00586851196341498
4,UPFC_Vse,5-15,0.060687580449417494,74,0.05999213256364274,MAP_SCADA,139,0.000695447885774754
5,UPFC_tse,5-15,-2.14433718069863,74,-2.1468715306785127,MAP_SCADA,139,0.0025343499798826663
0,x_tcsc,1-14,-0.13985189874829726,75,-0.1338891558641217,MAP_SCADA,139,0.005962742884175559
1,B_svc,2,0.29688805571872745,75,0.27292537502293496,MAP_SCADA,139,0.023962680695792493
2,UPFC_Vsh,5-15,1.1046618916641544,75,1.106739436282142,MAP_SCADA,139,0.0020775446179877033
3,UPFC_tsh,5-15,-0.22601035217733573,75,-0.23040778158594252,MAP_SCADA,139,0.0043974294086067955
4,UPFC_Vse,5-15,0.06080895520400906,75,0.05999213256364274,MAP_SCADA,139,0.0008168226403663173
5,UPFC_tse,5-15,-2.1404242421104898,75,-2.1468715306785127,MAP_SCADA,139,0.006447288568022902
0,x_tcsc,1-14,-0.13957144471102523,76,-0.1338891558641217,MAP_SCADA,139,0.005682288846903527
1,B_svc,2,0.2923765380368501,76,0.27292537502293496,MAP_SCADA,139,0.01945116301391514
2,UPFC_Vsh,5-15,1.1054871009105336,76,1.106739436282142,MAP_SCADA,139,0.001252335371608515
3,UPFC_tsh,5-15,-0.22482937095352573,76,-0.23040778158594252,MAP_SCADA,139,0.0055784106324167915
4,UPFC_Vse,5-15,0.06030011511679539,76,0.05999213256364274,MAP_SCADA,139,0.000307982553152647
5,UPFC_tse,5-15,-2.1476767706995723,76,-2.1468715306785127,MAP_SCADA,139,0.0008052400210596389
0,x_tcsc,1-14,-0.13862326408102932,77,-0.1338891558641217,MAP_SCADA,139,0.004734108216907618
1,B_svc,2,0.297354900166559,77,0.27292537502293496,MAP_SCADA,139,0.024429525143624065
2,UPFC_Vsh,5-15,1.1047507912466037,77,1.106739436282142,MAP_SCADA,139,0.0019886450355384166
3,UPFC_tsh,5-15,-0.22604008379772728,77,-0.23040778158594252,MAP_SCADA,139,0.004367697788215247
4,UPFC_Vse,5-15,0.05988669983780915,77,0.05999213256364274,MAP_SCADA,139,0.0001054327258335902
5,UPFC_tse,5-15,-2.149920976773672,77,-2.1468715306785127,MAP_SCADA,139,0.003049446095159336
0,x_tcsc,1-14,-0.14014173897371188,78,-0.1338891558641217,MAP_SCADA,139,0.006252583109590176
1,B_svc,2,0.29808804198602606,78,0.27292537502293496,MAP_SCADA,139,0.025162666963091107
2,UPFC_Vsh,5-15,1.1020250874796236,78,1.106739436282142,MAP_SCADA,139,0.004714348802518531
3,UPFC_tsh,5-15,-0.22709406986485264,78,-0.23040778158594252,MAP_SCADA,139,0.003313711721089879
4,UPFC_Vse,5-15,0.06038098624706862,78,0.05999213256364274,MAP_SCADA,139,0.0003888536834258799
5,UPFC_tse,5-15,-2.147555642474961,78,-2.1468715306785127,MAP_SCADA,139,0.000684111796448228
0,x_tcsc,1-14,-0.138494991935145,79,-0.1338891558641217,MAP_SCADA,139,0.0046058360710233
1,B_svc,2,0.29935793585946774,79,0.27292537502293496,MAP_SCADA,139,0.02643256083653278
2,UPFC_Vsh,5-15,1.1044861845431309,79,1.106739436282142,MAP_SCADA,139,0.0022532517390112528
3,UPFC_tsh,5-15,-0.2267156972470802,79,-0.23040778158594252,MAP_SCADA,139,0.0036920843388623115
4,UPFC_Vse,5-15,0.06014279391207925,79,0.05999213256364274,MAP_SCADA,139,0.00015066134843651213
5,UPFC_tse,5-15,-2.148430129095994,79,-2.1468715306785127,MAP_SCADA,139,0.001558598417481516
0,x_tcsc,1-14,-0.13850198239680195,80,-0.1338891558641217,MAP_SCADA,139,0.0046128265326802476
1,B_svc,2,0.2949269015440459,80,0.27292537502293496,MAP_SCADA,139,0.022001526521110926
2,UPFC_Vsh,5-15,1.1046154754089028,80,1.106739436282142,MAP_SCADA,139,0.0021239608732392945
3,UPFC_tsh,5-15,-0.22601633684968597,80,-0.23040778158594252,MAP_SCADA,139,0.00439144473625655
4,UPFC_Vse,5-15,0.05995997222132473,80,0.05999213256364274,MAP_SCADA,139,3.216034231801057e-05
5,UPFC_tse,5-15,-2.151054139576775,80,-2.1468715306785127,MAP_SCADA,139,0.004182608898262163
0,x_tcsc,1-14,-0.13966617912573293,81,-0.1338891558641217,MAP_SCADA,139,0.005777023261611225
1,B_svc,2,0.29315893366360213,81,0.27292537502293496,MAP_SCADA,139,0.02023355864066717
2,UPFC_Vsh,5-15,1.1060385957878638,81,1.106739436282142,MAP_SCADA,139,0.0007008404942783208
3,UPFC_tsh,5-15,-0.22521413775523438,81,-0.23040778158594252,MAP_SCADA,139,0.005193643830708139
4,UPFC_Vse,5-15,0.060315117957685425,81,0.05999213256364274,MAP_SCADA,139,0.0003229853940426852
5,UPFC_tse,5-15,-2.139918566642995,81,-2.1468715306785127,MAP_SCADA,139,0.006952964035517706
0,x_tcsc,1-14,-0.13893154787813156,82,-0.1338891558641217,MAP_SCADA,139,0.0050423920140098555
1,B_svc,2,0.3003519178065197,82,0.27292537502293496,MAP_SCADA,139,0.02742654278358475
2,UPFC_Vsh,5-15,1.105211713292877,82,1.106739436282142,MAP_SCADA,139,0.001527722989265179
3,UPFC_tsh,5-15,-0.22601346607340225,82,-0.23040778158594252,MAP_SCADA,139,0.00439431551254027
4,UPFC_Vse,5-15,0.05983889382632722,82,0.05999213256364274,MAP_SCADA,139,0.00015323873731552112
5,UPFC_tse,5-15,-2.145681020772069,82,-2.1468715306785127,MAP_SCADA,139,0.0011905099064435376
0,x_tcsc,1-14,-0.13768340688018318,83,-0.1338891558641217,MAP_SCADA,139,0.003794251016061484
1,B_svc,2,0.2994261065484856,83,0.27292537502293496,MAP_SCADA,139,0.026500731525550658
2,UPFC_Vsh,5-15,1.101703543833773,83,1.106739436282142,MAP_SCADA,139,0.005035892448369106
3,UPFC_tsh,5-15,-0.2279174035804127,83,-0.23040778158594252,MAP_SCADA,139,0.002490378005529814
4,UPFC_Vse,5-15,0.06055765787005787,83,0.05999213256364274,MAP_SCADA,139,0.0005655253064151267
5,UPFC_tse,5-15,-2.1510343991375835,83,-2.1468715306785127,MAP_SCADA,139,0.004162868459070879
0,x_tcsc,1-14,-0.1373216491922542,84,-0.1338891558641217,MAP_SCADA,139,0.003432493328132502
1,B_svc,2,0.2927348858620752,84,0.27292537502293496,MAP_SCADA,139,0.019809510839140232
2,UPFC_Vsh,5-15,1.1067500551576062,84,1.106739436282142,MAP_SCADA,139,1.061887546405238e-05
3,UPFC_tsh,5-15,-0.22563770740787648,84,-0.23040778158594252,MAP_SCADA,139,0.004770074178066047
4,UPFC_Vse,5-15,0.06014896913171909,84,0.05999213256364274,MAP_SCADA,139,0.00015683656807635032
5,UPFC_tse,5-15,-2.144710256275567,84,-2.1468715306785127,MAP_SCADA,139,0.0021612744029457787
0,x_tcsc,1-14,-0.1368727184297969,85,-0.1338891558641217,MAP_SCADA,139,0.0029835625656751963
1,B_svc,2,0.3042076338471711,85,0.27292537502293496,MAP_SCADA,139,0.03128225882423613
2,UPFC_Vsh,5-15,1.1020224083109054,85,1.106739436282142,MAP_SCADA,139,0.0047170279712367424
3,UPFC_tsh,5-15,-0.22809833192717974,85,-0.23040778158594252,MAP_SCADA,139,0.0023094496587627855
4,UPFC_Vse,5-15,0.059876587389066586,85,0.05999213256364274,MAP_SCADA,139,0.00011554517457615376
5,UPFC_tse,5-15,-2.1513163216563593,85,-2.1468715306785127,MAP_SCADA,139,0.004444790977846669
0,x_tcsc,1-14,-0.1384535459587959,86,-0.1338891558641217,MAP_SCADA,139,0.004564390094674187
1,B_svc,2,0.2997617930927,86,0.27292537502293496,MAP_SCADA,139,0.026836418069765056
2,UPFC_Vsh,5-15,1.103946923652292,86,1.106739436282142,MAP_SCADA,139,0.0027925126298500302
3,UPFC_tsh,5-15,-0.22620783362035,86,-0.23040778158594252,MAP_SCADA,139,0.004199947965592532
4,UPFC_Vse,5-15,0.060450061537411046,86,0.05999213256364274,MAP_SCADA,139,0.0004579289737683054
5,UPFC_tse,5-15,-2.1479966642306616,86,-2.1468715306785127,MAP_SCADA,139,0.001125133552148938
0,x_tcsc,1-14,-0.13890739555022136,87,-0.1338891558641217,MAP_SCADA,139,0.005018239686099657
1,B_svc,2,0.29816419122844867,87,0.27292537502293496,MAP_SCADA,139,0.025238816205513714
2,UPFC_Vsh,5-15,1.1032871777219062,87,1.106739436282142,MAP_SCADA,139,0.003452258560235899
3,UPFC_tsh,5-15,-0.226681685374232,87,-0.23040778158594252,MAP_SCADA,139,0.0037260962117105223
4,UPFC_Vse,5-15,0.06018735647973197,87,0.05999213256364274,MAP_SCADA,139,0.00019522391608922662
5,UPFC_tse,5-15,-2.1458589466601703,87,-2.1468715306785127,MAP_SCADA,139,0.0010125840183423662
0,x_tcsc,1-14,-0.13941829242216902,88,-0.1338891558641217,MAP_SCADA,139,0.005529136558047321
1,B_svc,2,0.29807485035769715,88,0.27292537502293496,MAP_SCADA,139,0.025149475334762195
2,UPFC_Vsh,5-15,1.1045063121793453,88,1.106739436282142,MAP_SCADA,139,0.0022331241027968574
3,UPFC_tsh,5-15,-0.22623395074146235,88,-0.23040778158594252,MAP_SCADA,139,0.00417383084448017
4,UPFC_Vse,5-15,0.05955271496810949,88,0.05999213256364274,MAP_SCADA,139,0.00043941759553325216
5,UPFC_tse,5-15,-2.147882351498537,88,-2.1468715306785127,MAP_SCADA,139,0.0010108208200243496
0,x_tcsc,1-14,-0.13722912029411927,89,-0.1338891558641217,MAP_SCADA,139,0.003339964429997566
1,B_svc,2,0.30411101001131285,89,0.27292537502293496,MAP_SCADA,139,0.031185634988377897
2,UPFC_Vsh,5-15,1.1036311349152752,89,1.106739436282142,MAP_SCADA,139,0.0031083013668669057
3,UPFC_tsh,5-15,-0.22732067939310316,89,-0.23040778158594252,MAP_SCADA,139,0.003087102192839364
4,UPFC_Vse,5-15,0.06012593040018313,89,0.05999213256364274,MAP_SCADA,139,0.0001337978365403905
5,UPFC_tse,5-15,-2.148379421260987,89,-2.1468715306785127,MAP_SCADA,139,0.0015078905824741362
0,x_tcsc,1-14,-0.14066230142333347,90,-0.1338891558641217,MAP_SCADA,139,0.006773145559211768
1,B_svc,2,0.28639808623031715,90,0.27292537502293496,MAP_SCADA,139,0.013472711207382193
2,UPFC_Vsh,5-15,1.1053975417805695,90,1.106739436282142,MAP_SCADA,139,0.001341894501572627
3,UPFC_tsh,5-15,-0.2244789968365249,90,-0.23040778158594252,MAP_SCADA,139,0.0059287847494176316
4,UPFC_Vse,5-15,0.05994150141665287,90,0.05999213256364274,MAP_SCADA,139,5.063114698986709e-05
5,UPFC_tse,5-15,-2.1483133870233035,90,-2.1468715306785127,MAP_SCADA,139,0.0014418563447908816
0,x_tcsc,1-14,-0.1389034492356503,91,-0.1338891558641217,MAP_SCADA,139,0.005014293371528589
1,B_svc,2,0.29841707717821614,91,0.27292537502293496,MAP_SCADA,139,0.025491702155281182
2,UPFC_Vsh,5-15,1.1040028152967658,91,1.106739436282142,MAP_SCADA,139,0.0027366209853763035
3,UPFC_tsh,5-15,-0.22666245066459617,91,-0.23040778158594252,MAP_SCADA,139,0.0037453309213463515
4,UPFC_Vse,5-15,0.060089420272586895,91,0.05999213256364274,MAP_SCADA,139,9.728770894415484e-05
5,UPFC_tse,5-15,-2.1467186392760302,91,-2.1468715306785127,MAP_SCADA,139,0.0001528914024824246
0,x_tcsc,1-14,-0.1399247873648281,92,-0.1338891558641217,MAP_SCADA,139,0.0060356315007064065
1,B_svc,2,0.29473224820962973,92,0.27292537502293496,MAP_SCADA,139,0.021806873186694775
2,UPFC_Vsh,5-15,1.1051511651890191,92,1.106739436282142,MAP_SCADA,139,0.0015882710931229838
3,UPFC_tsh,5-15,-0.22500880406455498,92,-0.23040778158594252,MAP_SCADA,139,0.0053989775213875435
4,UPFC_Vse,5-15,0.059988637387086235,92,0.05999213256364274,MAP_SCADA,139,3.49517655650472e-06
5,UPFC_tse,5-15,-2.143871600729615,92,-2.1468715306785127,MAP_SCADA,139,0.0029999299488978615
0,x_tcsc,1-14,-0.13790532230246327,93,-0.1338891558641217,MAP_SCADA,139,0.004016166438341573
1,B_svc,2,0.3013297835636175,93,0.27292537502293496,MAP_SCADA,139,0.028404408540682546
2,UPFC_Vsh,5-15,1.104168804741319,93,1.106739436282142,MAP_SCADA,139,0.002570631540823154
3,UPFC_tsh,5-15,-0.22684799687065,93,-0.23040778158594252,MAP_SCADA,139,0.00355978471529253
4,UPFC_Vse,5-15,0.059842294193274324,93,0.05999213256364274,MAP_SCADA,139,0.00014983837036841585
5,UPFC_tse,5-15,-2.147633419958297,93,-2.1468715306785127,MAP_SCADA,139,0.0007618892797842669
0,x_tcsc,1-14,-0.13938863310282984,94,-0.1338891558641217,MAP_SCADA,139,0.005499477238708139
1,B_svc,2,0.2980292208579397,94,0.27292537502293496,MAP_SCADA,139,0.025103845835004746
2,UPFC_Vsh,5-15,1.1039325054724765,94,1.106739436282142,MAP_SCADA,139,0.002806930809665653
3,UPFC_tsh,5-15,-0.2264616265220565,94,-0.23040778158594252,MAP_SCADA,139,0.003946155063886014
4,UPFC_Vse,5-15,0.06017734177236146,94,0.05999213256364274,MAP_SCADA,139,0.00018520920871872154
5,UPFC_tse,5-15,-2.153993553239469,94,-2.1468715306785127,MAP_SCADA,139,0.007122022560956509
0,x_tcsc,1-14,-0.13950620660961183,95,-0.1338891558641217,MAP_SCADA,139,0.005617050745490126
1,B_svc,2,0.29251821175293685,95,0.27292537502293496,MAP_SCADA,139,0.019592836730001895
2,UPFC_Vsh,5-15,1.1043324817035252,95,1.106739436282142,MAP_SCADA,139,0.002406954578616949
3,UPFC_tsh,5-15,-0.2259389986761963,95,-0.23040778158594252,MAP_SCADA,139,0.004468782909746227
4,UPFC_Vse,5-15,0.060131204192603406,95,0.05999213256364274,MAP_SCADA,139,0.00013907162896066583
5,UPFC_tse,5-15,-2.1486542652587537,95,-2.1468715306785127,MAP_SCADA,139,0.00178273458024103
0,x_tcsc,1-14,-0.1380067973475561,96,-0.1338891558641217,MAP_SCADA,139,0.004117641483434409
1,B_svc,2,0.3023121368267017,96,0.27292537502293496,MAP_SCADA,139,0.02938676180376676
2,UPFC_Vsh,5-15,1.1044147926848344,96,1.106739436282142,MAP_SCADA,139,0.002324643597307663
3,UPFC_tsh,5-15,-0.22676224099022252,96,-0.23040778158594252,MAP_SCADA,139,0.0036455405957200038
4,UPFC_Vse,5-15,0.06029829200515852,96,0.05999213256364274,MAP_SCADA,139,0.00030615944151578256
5,UPFC_tse,5-15,-2.1530578859010805,96,-2.1468715306785127,MAP_SCADA,139,0.00618635522256783
0,x_tcsc,1-14,-0.14075836433980002,97,-0.1338891558641217,MAP_SCADA,139,0.006869208475678318
1,B_svc,2,0.2900573964944106,97,0.27292537502293496,MAP_SCADA,139,0.017132021471475634
2,UPFC_Vsh,5-15,1.105770205928169,97,1.106739436282142,MAP_SCADA,139,0.0009692303539730052
3,UPFC_tsh,5-15,-0.22466709487794193,97,-0.23040778158594252,MAP_SCADA,139,0.0057406867080005974
4,UPFC_Vse,5-15,0.06021616597855937,97,0.05999213256364274,MAP_SCADA,139,0.00022403341491662732
5,UPFC_tse,5-15,-2.1442245668075404,97,-2.1468715306785127,MAP_SCADA,139,0.0026469638709722965
0,x_tcsc,1-14,-0.13872154666830117,98,-0.1338891558641217,MAP_SCADA,139,0.004832390804179465
1,B_svc,2,0.2932544069980707,98,0.27292537502293496,MAP_SCADA,139,0.020329031975135747
2,UPFC_Vsh,5-15,1.1037015110597996,98,1.106739436282142,MAP_SCADA,139,0.0030379252223424746
3,UPFC_tsh,5-15,-0.2263205983825664,98,-0.23040778158594252,MAP_SCADA,139,0.004087183203376116
4,UPFC_Vse,5-15,0.06060918663511173,98,0.05999213256364274,MAP_SCADA,139,0.0006170540714689893
5,UPFC_tse,5-15,-2.1459582127355232,98,-2.1468715306785127,MAP_SCADA,139,0.0009133179429894334
0,x_tcsc,1-14,-0.13955388499023125,99,-0.1338891558641217,MAP_SCADA,139,0.005664729126109547
1,B_svc,2,0.29595704555838426,99,0.27292537502293496,MAP_SCADA,139,0.0230316705354493
2,UPFC_Vsh,5-15,1.1029095704837086,99,1.106739436282142,MAP_SCADA,139,0.003829865798433474
3,UPFC_tsh,5-15,-0.22589227804724954,99,-0.23040778158594252,MAP_SCADA,139,0.004515503538692983
4,UPFC_Vse,5-15,0.060001423577760095,99,0.05999213256364274,MAP_SCADA,139,9.291014117354668e-06
5,UPFC_tse,5-15,-2.152835962070224,99,-2.1468715306785127,MAP_SCADA,139,0.005964431391711322
0,x_tcsc,1-14,-0.13900849846393998,0,-0.13580661068184674,MAP_SCADA,141,0.003201887782093238
1,B_svc,2,0.29650527170746127,0,0.2813444854182666,MAP_SCADA,141,0.01516078628919465
2,UPFC_Vsh,5-15,1.106444059367828,0,1.1056731534264512,MAP_SCADA,141,0.0007709059413767427
3,UPFC_tsh,5-15,-0.2245452545715806,0,-0.22849412252952392,MAP_SCADA,141,0.0039488679579433306
4,UPFC_Vse,5-15,0.06001100676389736,0,0.06081571906829592,MAP_SCADA,141,0.000804712304398561
5,UPFC_tse,5-15,-2.145119974529498,0,-2.1498074184872142,MAP_SCADA,141,0.004687443957716031
0,x_tcsc,1-14,-0.1396136637504605,1,-0.13580661068184674,MAP_SCADA,141,0.0038070530686137583
1,B_svc,2,0.2995471824231543,1,0.2813444854182666,MAP_SCADA,141,0.01820269700488769
2,UPFC_Vsh,5-15,1.1028977000837634,1,1.1056731534264512,MAP_SCADA,141,0.002775453342687806
3,UPFC_tsh,5-15,-0.2262309272513375,1,-0.22849412252952392,MAP_SCADA,141,0.002263195278186414
4,UPFC_Vse,5-15,0.05984995870332151,1,0.06081571906829592,MAP_SCADA,141,0.0009657603649744148
5,UPFC_tse,5-15,-2.1443611494327808,1,-2.1498074184872142,MAP_SCADA,141,0.005446269054433461
0,x_tcsc,1-14,-0.13936421795883266,2,-0.13580661068184674,MAP_SCADA,141,0.0035576072769859246
1,B_svc,2,0.29683653973325336,2,0.2813444854182666,MAP_SCADA,141,0.015492054314986736
2,UPFC_Vsh,5-15,1.1033419492207521,2,1.1056731534264512,MAP_SCADA,141,0.0023312042056991
3,UPFC_tsh,5-15,-0.22632827632391825,2,-0.22849412252952392,MAP_SCADA,141,0.0021658462056056704
4,UPFC_Vse,5-15,0.06073139686472676,2,0.06081571906829592,MAP_SCADA,141,8.432220356915932e-05
5,UPFC_tse,5-15,-2.149609244944893,2,-2.1498074184872142,MAP_SCADA,141,0.00019817354232110063
0,x_tcsc,1-14,-0.13778624594440056,3,-0.13580661068184674,MAP_SCADA,141,0.0019796352625538194
1,B_svc,2,0.30021723183472937,3,0.2813444854182666,MAP_SCADA,141,0.01887274641646275
2,UPFC_Vsh,5-15,1.10401400666262,3,1.1056731534264512,MAP_SCADA,141,0.0016591467638311652
3,UPFC_tsh,5-15,-0.22767381252310107,3,-0.22849412252952392,MAP_SCADA,141,0.000820310006422853
4,UPFC_Vse,5-15,0.060583952678000985,3,0.06081571906829592,MAP_SCADA,141,0.00023176639029493656
5,UPFC_tse,5-15,-2.1492311117466207,3,-2.1498074184872142,MAP_SCADA,141,0.0005763067405935018
0,x_tcsc,1-14,-0.13985462128825538,4,-0.13580661068184674,MAP_SCADA,141,0.004048010606408636
1,B_svc,2,0.296188187833812,4,0.2813444854182666,MAP_SCADA,141,0.01484370241554539
2,UPFC_Vsh,5-15,1.1026767779516253,4,1.1056731534264512,MAP_SCADA,141,0.0029963754748258964
3,UPFC_tsh,5-15,-0.22641506895827404,4,-0.22849412252952392,MAP_SCADA,141,0.002079053571249878
4,UPFC_Vse,5-15,0.06010991456421456,4,0.06081571906829592,MAP_SCADA,141,0.0007058045040813643
5,UPFC_tse,5-15,-2.149924163840019,4,-2.1498074184872142,MAP_SCADA,141,0.00011674535280459253
0,x_tcsc,1-14,-0.13746500879930573,5,-0.13580661068184674,MAP_SCADA,141,0.0016583981174589923
1,B_svc,2,0.3034607542918911,5,0.2813444854182666,MAP_SCADA,141,0.0221162688736245
2,UPFC_Vsh,5-15,1.1006785286143699,5,1.1056731534264512,MAP_SCADA,141,0.00499462481208135
3,UPFC_tsh,5-15,-0.2273157736710889,5,-0.22849412252952392,MAP_SCADA,141,0.0011783488584350132
4,UPFC_Vse,5-15,0.06056989728741583,5,0.06081571906829592,MAP_SCADA,141,0.00024582178088009
5,UPFC_tse,5-15,-2.1453666812389707,5,-2.1498074184872142,MAP_SCADA,141,0.004440737248243565
0,x_tcsc,1-14,-0.13955901033275867,6,-0.13580661068184674,MAP_SCADA,141,0.003752399650911925
1,B_svc,2,0.29902140685599293,6,0.2813444854182666,MAP_SCADA,141,0.017676921437726312
2,UPFC_Vsh,5-15,1.1051095689335,6,1.1056731534264512,MAP_SCADA,141,0.0005635844929512412
3,UPFC_tsh,5-15,-0.22587728813114563,6,-0.22849412252952392,MAP_SCADA,141,0.002616834398378287
4,UPFC_Vse,5-15,0.06015700877506486,6,0.06081571906829592,MAP_SCADA,141,0.0006587102932310643
5,UPFC_tse,5-15,-2.1523236559127263,6,-2.1498074184872142,MAP_SCADA,141,0.0025162374255121023
0,x_tcsc,1-14,-0.13802243210717918,7,-0.13580661068184674,MAP_SCADA,141,0.0022158214253324426
1,B_svc,2,0.2995903326742413,7,0.2813444854182666,MAP_SCADA,141,0.018245847255974668
2,UPFC_Vsh,5-15,1.1043946694822493,7,1.1056731534264512,MAP_SCADA,141,0.0012784839442019358
3,UPFC_tsh,5-15,-0.22658864844167736,7,-0.22849412252952392,MAP_SCADA,141,0.0019054740878465537
4,UPFC_Vse,5-15,0.05985353630766828,7,0.06081571906829592,MAP_SCADA,141,0.0009621827606276431
5,UPFC_tse,5-15,-2.154106660539906,7,-2.1498074184872142,MAP_SCADA,141,0.004299242052691721
0,x_tcsc,1-14,-0.13776651479993207,8,-0.13580661068184674,MAP_SCADA,141,0.0019599041180853316
1,B_svc,2,0.3034020605098786,8,0.2813444854182666,MAP_SCADA,141,0.02205757509161199
2,UPFC_Vsh,5-15,1.1038155449859017,8,1.1056731534264512,MAP_SCADA,141,0.0018576084405494964
3,UPFC_tsh,5-15,-0.22729311200001734,8,-0.22849412252952392,MAP_SCADA,141,0.0012010105295065798
4,UPFC_Vse,5-15,0.06036461132298206,8,0.06081571906829592,MAP_SCADA,141,0.00045110774531385844
5,UPFC_tse,5-15,-2.1549856065944772,8,-2.1498074184872142,MAP_SCADA,141,0.005178188107263004
0,x_tcsc,1-14,-0.13859247186509066,9,-0.13580661068184674,MAP_SCADA,141,0.0027858611832439206
1,B_svc,2,0.29578539085512373,9,0.2813444854182666,MAP_SCADA,141,0.01444090543685711
2,UPFC_Vsh,5-15,1.104393061880654,9,1.1056731534264512,MAP_SCADA,141,0.001280091545797335
3,UPFC_tsh,5-15,-0.2264243969300444,9,-0.22849412252952392,MAP_SCADA,141,0.002069725599479516
4,UPFC_Vse,5-15,0.060495454335872195,9,0.06081571906829592,MAP_SCADA,141,0.0003202647324237265
5,UPFC_tse,5-15,-2.1472225881378324,9,-2.1498074184872142,MAP_SCADA,141,0.002584830349381839
0,x_tcsc,1-14,-0.14084676336732707,10,-0.13580661068184674,MAP_SCADA,141,0.005040152685480331
1,B_svc,2,0.2932031951219014,10,0.2813444854182666,MAP_SCADA,141,0.011858709703634784
2,UPFC_Vsh,5-15,1.1049799922854475,10,1.1056731534264512,MAP_SCADA,141,0.0006931611410037064
3,UPFC_tsh,5-15,-0.22493217726351936,10,-0.22849412252952392,MAP_SCADA,141,0.0035619452660045625
4,UPFC_Vse,5-15,0.060052763771416585,10,0.06081571906829592,MAP_SCADA,141,0.0007629552968793363
5,UPFC_tse,5-15,-2.148328019767737,10,-2.1498074184872142,MAP_SCADA,141,0.0014793987194772207
0,x_tcsc,1-14,-0.13935090874779182,11,-0.13580661068184674,MAP_SCADA,141,0.003544298065945084
1,B_svc,2,0.3000827842332406,11,0.2813444854182666,MAP_SCADA,141,0.018738298814973964
2,UPFC_Vsh,5-15,1.104322749806619,11,1.1056731534264512,MAP_SCADA,141,0.0013504036198321856
3,UPFC_tsh,5-15,-0.22644285374367815,11,-0.22849412252952392,MAP_SCADA,141,0.0020512687858457723
4,UPFC_Vse,5-15,0.06061384937727731,11,0.06081571906829592,MAP_SCADA,141,0.00020186969101861074
5,UPFC_tse,5-15,-2.1500395355490904,11,-2.1498074184872142,MAP_SCADA,141,0.0002321170618762025
0,x_tcsc,1-14,-0.13886661964430397,12,-0.13580661068184674,MAP_SCADA,141,0.003060008962457228
1,B_svc,2,0.30316520299571653,12,0.2813444854182666,MAP_SCADA,141,0.02182071757744991
2,UPFC_Vsh,5-15,1.1014851436299993,12,1.1056731534264512,MAP_SCADA,141,0.0041880097964519525
3,UPFC_tsh,5-15,-0.2265947577998115,12,-0.22849412252952392,MAP_SCADA,141,0.001899364729712416
4,UPFC_Vse,5-15,0.05951054582410368,12,0.06081571906829592,MAP_SCADA,141,0.0013051732441922426
5,UPFC_tse,5-15,-2.1481486842702813,12,-2.1498074184872142,MAP_SCADA,141,0.0016587342169329666
0,x_tcsc,1-14,-0.13751298016279592,13,-0.13580661068184674,MAP_SCADA,141,0.0017063694809491825
1,B_svc,2,0.30138813066979114,13,0.2813444854182666,MAP_SCADA,141,0.020043645251524522
2,UPFC_Vsh,5-15,1.1048805629058702,13,1.1056731534264512,MAP_SCADA,141,0.0007925905205810047
3,UPFC_tsh,5-15,-0.22692624201313333,13,-0.22849412252952392,MAP_SCADA,141,0.0015678805163905907
4,UPFC_Vse,5-15,0.05976662311998865,13,0.06081571906829592,MAP_SCADA,141,0.0010490959483072729
5,UPFC_tse,5-15,-2.1511226488263433,13,-2.1498074184872142,MAP_SCADA,141,0.0013152303391290587
0,x_tcsc,1-14,-0.1387119073551927,14,-0.13580661068184674,MAP_SCADA,141,0.002905296673345964
1,B_svc,2,0.2991060203265386,14,0.2813444854182666,MAP_SCADA,141,0.01776153490827198
2,UPFC_Vsh,5-15,1.1043098255803496,14,1.1056731534264512,MAP_SCADA,141,0.001363327846101603
3,UPFC_tsh,5-15,-0.22659362725435733,14,-0.22849412252952392,MAP_SCADA,141,0.001900495275166586
4,UPFC_Vse,5-15,0.05993925440151864,14,0.06081571906829592,MAP_SCADA,141,0.0008764646667772796
5,UPFC_tse,5-15,-2.147403003091212,14,-2.1498074184872142,MAP_SCADA,141,0.002404415396002335
0,x_tcsc,1-14,-0.1401347877250689,15,-0.13580661068184674,MAP_SCADA,141,0.0043281770432221645
1,B_svc,2,0.29719327447259053,15,0.2813444854182666,MAP_SCADA,141,0.01584878905432391
2,UPFC_Vsh,5-15,1.10514278782043,15,1.1056731534264512,MAP_SCADA,141,0.0005303656060211548
3,UPFC_tsh,5-15,-0.22475059684335258,15,-0.22849412252952392,MAP_SCADA,141,0.0037435256861713395
4,UPFC_Vse,5-15,0.05974653222629669,15,0.06081571906829592,MAP_SCADA,141,0.001069186841999234
5,UPFC_tse,5-15,-2.1454506699074596,15,-2.1498074184872142,MAP_SCADA,141,0.004356748579754655
0,x_tcsc,1-14,-0.13657497542089506,16,-0.13580661068184674,MAP_SCADA,141,0.0007683647390483161
1,B_svc,2,0.3050354964593784,16,0.2813444854182666,MAP_SCADA,141,0.023691011041111765
2,UPFC_Vsh,5-15,1.1042529235454521,16,1.1056731534264512,MAP_SCADA,141,0.001420229880999102
3,UPFC_tsh,5-15,-0.2272530051578728,16,-0.22849412252952392,MAP_SCADA,141,0.0012411173716511126
4,UPFC_Vse,5-15,0.05994727137748766,16,0.06081571906829592,MAP_SCADA,141,0.0008684476908082592
5,UPFC_tse,5-15,-2.1525110522626387,16,-2.1498074184872142,MAP_SCADA,141,0.0027036337754244855
0,x_tcsc,1-14,-0.14031858933454772,17,-0.13580661068184674,MAP_SCADA,141,0.004511978652700976
1,B_svc,2,0.29837338229458993,17,0.2813444854182666,MAP_SCADA,141,0.017028896876323307
2,UPFC_Vsh,5-15,1.1048099590733964,17,1.1056731534264512,MAP_SCADA,141,0.0008631943530548192
3,UPFC_tsh,5-15,-0.2258268842497113,17,-0.22849412252952392,MAP_SCADA,141,0.002667238279812606
4,UPFC_Vse,5-15,0.060018761302233874,17,0.06081571906829592,MAP_SCADA,141,0.000796957766062048
5,UPFC_tse,5-15,-2.1445126629522857,17,-2.1498074184872142,MAP_SCADA,141,0.00529475553492853
0,x_tcsc,1-14,-0.13862398376095758,18,-0.13580661068184674,MAP_SCADA,141,0.002817373079110841
1,B_svc,2,0.30051063411948875,18,0.2813444854182666,MAP_SCADA,141,0.01916614870122213
2,UPFC_Vsh,5-15,1.1036263093848822,18,1.1056731534264512,MAP_SCADA,141,0.0020468440415690736
3,UPFC_tsh,5-15,-0.22631897737870346,18,-0.22849412252952392,MAP_SCADA,141,0.0021751451508204567
4,UPFC_Vse,5-15,0.06059917772140851,18,0.06081571906829592,MAP_SCADA,141,0.00021654134688740834
5,UPFC_tse,5-15,-2.1481598405459894,18,-2.1498074184872142,MAP_SCADA,141,0.0016475779412248315
0,x_tcsc,1-14,-0.13997150805289785,19,-0.13580661068184674,MAP_SCADA,141,0.004164897371051107
1,B_svc,2,0.2975385393396756,19,0.2813444854182666,MAP_SCADA,141,0.01619405392140899
2,UPFC_Vsh,5-15,1.102397254952331,19,1.1056731534264512,MAP_SCADA,141,0.0032758984741201314
3,UPFC_tsh,5-15,-0.22583042910126308,19,-0.22849412252952392,MAP_SCADA,141,0.002663693428260838
4,UPFC_Vse,5-15,0.06029962107356366,19,0.06081571906829592,MAP_SCADA,141,0.0005160979947322619
5,UPFC_tse,5-15,-2.1511675257445853,19,-2.1498074184872142,MAP_SCADA,141,0.0013601072573710127
0,x_tcsc,1-14,-0.13996105232389777,20,-0.13580661068184674,MAP_SCADA,141,0.004154441642051032
1,B_svc,2,0.2921272452893663,20,0.2813444854182666,MAP_SCADA,141,0.010782759871099667
2,UPFC_Vsh,5-15,1.1059558536829384,20,1.1056731534264512,MAP_SCADA,141,0.00028270025648713393
3,UPFC_tsh,5-15,-0.22446458794532617,20,-0.22849412252952392,MAP_SCADA,141,0.004029534584197747
4,UPFC_Vse,5-15,0.05986600732266241,20,0.06081571906829592,MAP_SCADA,141,0.0009497117456335122
5,UPFC_tse,5-15,-2.1451598095664512,20,-2.1498074184872142,MAP_SCADA,141,0.004647608920762991
0,x_tcsc,1-14,-0.13822667342328782,21,-0.13580661068184674,MAP_SCADA,141,0.002420062741441076
1,B_svc,2,0.2972723864116842,21,0.2813444854182666,MAP_SCADA,141,0.015927900993417565
2,UPFC_Vsh,5-15,1.1041169664709394,21,1.1056731534264512,MAP_SCADA,141,0.0015561869555118513
3,UPFC_tsh,5-15,-0.22696494078320859,21,-0.22849412252952392,MAP_SCADA,141,0.0015291817463153334
4,UPFC_Vse,5-15,0.06022746905635116,21,0.06081571906829592,MAP_SCADA,141,0.0005882500119447631
5,UPFC_tse,5-15,-2.152488046930867,21,-2.1498074184872142,MAP_SCADA,141,0.0026806284436529104
0,x_tcsc,1-14,-0.1385780621689011,22,-0.13580661068184674,MAP_SCADA,141,0.0027714514870543494
1,B_svc,2,0.295866779953715,22,0.2813444854182666,MAP_SCADA,141,0.014522294535448399
2,UPFC_Vsh,5-15,1.1060783732776556,22,1.1056731534264512,MAP_SCADA,141,0.00040521985120434145
3,UPFC_tsh,5-15,-0.22534572355539284,22,-0.22849412252952392,MAP_SCADA,141,0.003148398974131078
4,UPFC_Vse,5-15,0.059450675865346955,22,0.06081571906829592,MAP_SCADA,141,0.0013650432029489665
5,UPFC_tse,5-15,-2.1468013562424364,22,-2.1498074184872142,MAP_SCADA,141,0.0030060622447778407
0,x_tcsc,1-14,-0.1402901868998003,23,-0.13580661068184674,MAP_SCADA,141,0.004483576217953561
1,B_svc,2,0.28873643190744297,23,0.2813444854182666,MAP_SCADA,141,0.007391946489176349
2,UPFC_Vsh,5-15,1.104882461923429,23,1.1056731534264512,MAP_SCADA,141,0.000790691503022245
3,UPFC_tsh,5-15,-0.2252051158164447,23,-0.22849412252952392,MAP_SCADA,141,0.0032890067130792178
4,UPFC_Vse,5-15,0.0602245918602625,23,0.06081571906829592,MAP_SCADA,141,0.0005911272080334207
5,UPFC_tse,5-15,-2.143819747526403,23,-2.1498074184872142,MAP_SCADA,141,0.005987670960811098
0,x_tcsc,1-14,-0.1392743045440156,24,-0.13580661068184674,MAP_SCADA,141,0.003467693862168858
1,B_svc,2,0.29738585302713844,24,0.2813444854182666,MAP_SCADA,141,0.016041367608871815
2,UPFC_Vsh,5-15,1.1045794019361654,24,1.1056731534264512,MAP_SCADA,141,0.001093751490285788
3,UPFC_tsh,5-15,-0.22649652881257448,24,-0.22849412252952392,MAP_SCADA,141,0.001997593716949436
4,UPFC_Vse,5-15,0.060071837795885465,24,0.06081571906829592,MAP_SCADA,141,0.0007438812724104571
5,UPFC_tse,5-15,-2.1422016412545237,24,-2.1498074184872142,MAP_SCADA,141,0.007605777232690514
0,x_tcsc,1-14,-0.1377908231437233,25,-0.13580661068184674,MAP_SCADA,141,0.00198421246187655
1,B_svc,2,0.3061252413607257,25,0.2813444854182666,MAP_SCADA,141,0.0247807559424591
2,UPFC_Vsh,5-15,1.1034073057683083,25,1.1056731534264512,MAP_SCADA,141,0.002265847658142972
3,UPFC_tsh,5-15,-0.22768260667530446,25,-0.22849412252952392,MAP_SCADA,141,0.0008115158542194578
4,UPFC_Vse,5-15,0.06020619773713513,25,0.06081571906829592,MAP_SCADA,141,0.000609521331160795
5,UPFC_tse,5-15,-2.150180709765505,25,-2.1498074184872142,MAP_SCADA,141,0.0003732912782905551
0,x_tcsc,1-14,-0.1385486551204919,26,-0.13580661068184674,MAP_SCADA,141,0.002742044438645147
1,B_svc,2,0.300807778883365,26,0.2813444854182666,MAP_SCADA,141,0.019463293465098397
2,UPFC_Vsh,5-15,1.1039094048672455,26,1.1056731534264512,MAP_SCADA,141,0.0017637485592056912
3,UPFC_tsh,5-15,-0.2259080636694409,26,-0.22849412252952392,MAP_SCADA,141,0.002586058860083007
4,UPFC_Vse,5-15,0.0608357430479533,26,0.06081571906829592,MAP_SCADA,141,2.002397965737701e-05
5,UPFC_tse,5-15,-2.1503445282371287,26,-2.1498074184872142,MAP_SCADA,141,0.0005371097499144994
0,x_tcsc,1-14,-0.13881034278722607,27,-0.13580661068184674,MAP_SCADA,141,0.0030037321053793253
1,B_svc,2,0.2914728599813028,27,0.2813444854182666,MAP_SCADA,141,0.010128374563036169
2,UPFC_Vsh,5-15,1.104849217491168,27,1.1056731534264512,MAP_SCADA,141,0.0008239359352832931
3,UPFC_tsh,5-15,-0.225308752946577,27,-0.22849412252952392,MAP_SCADA,141,0.0031853695829469064
4,UPFC_Vse,5-15,0.06004084817340249,27,0.06081571906829592,MAP_SCADA,141,0.0007748708948934341
5,UPFC_tse,5-15,-2.148496938186742,27,-2.1498074184872142,MAP_SCADA,141,0.0013104803004724275
0,x_tcsc,1-14,-0.13913273389529263,28,-0.13580661068184674,MAP_SCADA,141,0.0033261232134458862
1,B_svc,2,0.296591253501489,28,0.2813444854182666,MAP_SCADA,141,0.015246768083222395
2,UPFC_Vsh,5-15,1.106067300145302,28,1.1056731534264512,MAP_SCADA,141,0.00039414671885085184
3,UPFC_tsh,5-15,-0.2247781884335331,28,-0.22849412252952392,MAP_SCADA,141,0.0037159340959908305
4,UPFC_Vse,5-15,0.060115046821960276,28,0.06081571906829592,MAP_SCADA,141,0.0007006722463356457
5,UPFC_tse,5-15,-2.143399854831133,28,-2.1498074184872142,MAP_SCADA,141,0.006407563656081194
0,x_tcsc,1-14,-0.13888452296679737,29,-0.13580661068184674,MAP_SCADA,141,0.0030779122849506346
1,B_svc,2,0.2992698066686642,29,0.2813444854182666,MAP_SCADA,141,0.017925321250397586
2,UPFC_Vsh,5-15,1.10514048130782,29,1.1056731534264512,MAP_SCADA,141,0.0005326721186311723
3,UPFC_tsh,5-15,-0.22565557417003165,29,-0.22849412252952392,MAP_SCADA,141,0.0028385483594922656
4,UPFC_Vse,5-15,0.05959903426723671,29,0.06081571906829592,MAP_SCADA,141,0.0012166848010592146
5,UPFC_tse,5-15,-2.1487909286896563,29,-2.1498074184872142,MAP_SCADA,141,0.0010164897975579734
0,x_tcsc,1-14,-0.13966994289115525,30,-0.13580661068184674,MAP_SCADA,141,0.003863332209308512
1,B_svc,2,0.29765113418232697,30,0.2813444854182666,MAP_SCADA,141,0.01630664876406035
2,UPFC_Vsh,5-15,1.1025388252883417,30,1.1056731534264512,MAP_SCADA,141,0.0031343281381095434
3,UPFC_tsh,5-15,-0.22632311264655752,30,-0.22849412252952392,MAP_SCADA,141,0.002171009882966396
4,UPFC_Vse,5-15,0.060273030760081885,30,0.06081571906829592,MAP_SCADA,141,0.0005426883082140371
5,UPFC_tse,5-15,-2.1470760271765768,30,-2.1498074184872142,MAP_SCADA,141,0.0027313913106374876
0,x_tcsc,1-14,-0.1396459351331978,31,-0.13580661068184674,MAP_SCADA,141,0.0038393244513510727
1,B_svc,2,0.29859178983973,31,0.2813444854182666,MAP_SCADA,141,0.017247304421463383
2,UPFC_Vsh,5-15,1.103772856341603,31,1.1056731534264512,MAP_SCADA,141,0.0019002970848482903
3,UPFC_tsh,5-15,-0.22586435764479773,31,-0.22849412252952392,MAP_SCADA,141,0.002629764884726188
4,UPFC_Vse,5-15,0.060196723858506794,31,0.06081571906829592,MAP_SCADA,141,0.0006189952097891277
5,UPFC_tse,5-15,-2.149224612485506,31,-2.1498074184872142,MAP_SCADA,141,0.0005828060017081249
0,x_tcsc,1-14,-0.13746908066422436,32,-0.13580661068184674,MAP_SCADA,141,0.0016624699823776234
1,B_svc,2,0.3038280239187001,32,0.2813444854182666,MAP_SCADA,141,0.022483538500433498
2,UPFC_Vsh,5-15,1.103889255951134,32,1.1056731534264512,MAP_SCADA,141,0.0017838974753172643
3,UPFC_tsh,5-15,-0.22775698399944186,32,-0.22849412252952392,MAP_SCADA,141,0.0007371385300820599
4,UPFC_Vse,5-15,0.06038293076645081,32,0.06081571906829592,MAP_SCADA,141,0.0004327883018451148
5,UPFC_tse,5-15,-2.1500529755168016,32,-2.1498074184872142,MAP_SCADA,141,0.00024555702958739545
0,x_tcsc,1-14,-0.1407724381384244,33,-0.13580661068184674,MAP_SCADA,141,0.0049658274565776706
1,B_svc,2,0.29109702121632824,33,0.2813444854182666,MAP_SCADA,141,0.009752535798061623
2,UPFC_Vsh,5-15,1.1061593864183283,33,1.1056731534264512,MAP_SCADA,141,0.00048623299187711133
3,UPFC_tsh,5-15,-0.22444767867505602,33,-0.22849412252952392,MAP_SCADA,141,0.004046443854467896
4,UPFC_Vse,5-15,0.05977371883798552,33,0.06081571906829592,MAP_SCADA,141,0.001042000230310404
5,UPFC_tse,5-15,-2.14828422550704,33,-2.1498074184872142,MAP_SCADA,141,0.001523192980174226
0,x_tcsc,1-14,-0.1396247852341707,34,-0.13580661068184674,MAP_SCADA,141,0.003818174552323972
1,B_svc,2,0.29625064662459444,34,0.2813444854182666,MAP_SCADA,141,0.014906161206327817
2,UPFC_Vsh,5-15,1.104409373734565,34,1.1056731534264512,MAP_SCADA,141,0.0012637796918861799
3,UPFC_tsh,5-15,-0.2260998187080884,34,-0.22849412252952392,MAP_SCADA,141,0.0023943038214355172
4,UPFC_Vse,5-15,0.060423493335265026,34,0.06081571906829592,MAP_SCADA,141,0.0003922257330308959
5,UPFC_tse,5-15,-2.148531035273312,34,-2.1498074184872142,MAP_SCADA,141,0.0012763832139022213
0,x_tcsc,1-14,-0.13747071296096938,35,-0.13580661068184674,MAP_SCADA,141,0.0016641022791226423
1,B_svc,2,0.2970031945926777,35,0.2813444854182666,MAP_SCADA,141,0.01565870917441109
2,UPFC_Vsh,5-15,1.1043141540277561,35,1.1056731534264512,MAP_SCADA,141,0.0013589993986951043
3,UPFC_tsh,5-15,-0.22689694102156815,35,-0.22849412252952392,MAP_SCADA,141,0.0015971815079557639
4,UPFC_Vse,5-15,0.06012317071876644,35,0.06081571906829592,MAP_SCADA,141,0.0006925483495294829
5,UPFC_tse,5-15,-2.149481545118172,35,-2.1498074184872142,MAP_SCADA,141,0.00032587336904210673
0,x_tcsc,1-14,-0.14022767642520453,36,-0.13580661068184674,MAP_SCADA,141,0.004421065743357794
1,B_svc,2,0.2945503832650932,36,0.2813444854182666,MAP_SCADA,141,0.013205897846826575
2,UPFC_Vsh,5-15,1.1042972523376584,36,1.1056731534264512,MAP_SCADA,141,0.0013759010887928191
3,UPFC_tsh,5-15,-0.22502397668760352,36,-0.22849412252952392,MAP_SCADA,141,0.0034701458419204023
4,UPFC_Vse,5-15,0.05990084617611401,36,0.06081571906829592,MAP_SCADA,141,0.0009148728921819088
5,UPFC_tse,5-15,-2.145775581524078,36,-2.1498074184872142,MAP_SCADA,141,0.004031836963136026
0,x_tcsc,1-14,-0.13930864788106107,37,-0.13580661068184674,MAP_SCADA,141,0.003502037199214325
1,B_svc,2,0.2985366169832528,37,0.2813444854182666,MAP_SCADA,141,0.01719213156498617
2,UPFC_Vsh,5-15,1.1055109564919188,37,1.1056731534264512,MAP_SCADA,141,0.00016219693453245476
3,UPFC_tsh,5-15,-0.22576395725073525,37,-0.22849412252952392,MAP_SCADA,141,0.0027301652787886654
4,UPFC_Vse,5-15,0.05957450635499889,37,0.06081571906829592,MAP_SCADA,141,0.001241212713297031
5,UPFC_tse,5-15,-2.1485789670072792,37,-2.1498074184872142,MAP_SCADA,141,0.001228451479935
0,x_tcsc,1-14,-0.13876399333863584,38,-0.13580661068184674,MAP_SCADA,141,0.0029573826567891037
1,B_svc,2,0.29775285732011453,38,0.2813444854182666,MAP_SCADA,141,0.016408371901847907
2,UPFC_Vsh,5-15,1.104689520361175,38,1.1056731534264512,MAP_SCADA,141,0.0009836330652761571
3,UPFC_tsh,5-15,-0.22595945019195673,38,-0.22849412252952392,MAP_SCADA,141,0.0025346723375671842
4,UPFC_Vse,5-15,0.060351667486153455,38,0.06081571906829592,MAP_SCADA,141,0.0004640515821424662
5,UPFC_tse,5-15,-2.1462755904313355,38,-2.1498074184872142,MAP_SCADA,141,0.003531828055878705
0,x_tcsc,1-14,-0.13888872058816598,39,-0.13580661068184674,MAP_SCADA,141,0.0030821099063192414
1,B_svc,2,0.30026952731217943,39,0.2813444854182666,MAP_SCADA,141,0.01892504189391281
2,UPFC_Vsh,5-15,1.1035081667959006,39,1.1056731534264512,MAP_SCADA,141,0.002164986630550647
3,UPFC_tsh,5-15,-0.22685329721329714,39,-0.22849412252952392,MAP_SCADA,141,0.0016408253162267794
4,UPFC_Vse,5-15,0.060193805382303366,39,0.06081571906829592,MAP_SCADA,141,0.0006219136859925561
5,UPFC_tse,5-15,-2.1480449289464985,39,-2.1498074184872142,MAP_SCADA,141,0.0017624895407157837
0,x_tcsc,1-14,-0.1380881425081221,40,-0.13580661068184674,MAP_SCADA,141,0.002281531826275357
1,B_svc,2,0.305150873703634,40,0.2813444854182666,MAP_SCADA,141,0.023806388285367353
2,UPFC_Vsh,5-15,1.1010648603053346,40,1.1056731534264512,MAP_SCADA,141,0.004608293121116658
3,UPFC_tsh,5-15,-0.2285433630113417,40,-0.22849412252952392,MAP_SCADA,141,4.9240481817786064e-05
4,UPFC_Vse,5-15,0.06086204016250076,40,0.06081571906829592,MAP_SCADA,141,4.632109420484032e-05
5,UPFC_tse,5-15,-2.148631665556464,40,-2.1498074184872142,MAP_SCADA,141,0.001175752930750118
0,x_tcsc,1-14,-0.1387186169873437,41,-0.13580661068184674,MAP_SCADA,141,0.002912006305496956
1,B_svc,2,0.29322018540771627,41,0.2813444854182666,MAP_SCADA,141,0.01187569998944965
2,UPFC_Vsh,5-15,1.1038591215574631,41,1.1056731534264512,MAP_SCADA,141,0.0018140318689880974
3,UPFC_tsh,5-15,-0.22602840755094478,41,-0.22849412252952392,MAP_SCADA,141,0.002465714978579142
4,UPFC_Vse,5-15,0.060643180625298665,41,0.06081571906829592,MAP_SCADA,141,0.0001725384429972568
5,UPFC_tse,5-15,-2.1511423510924637,41,-2.1498074184872142,MAP_SCADA,141,0.001334932605249417
0,x_tcsc,1-14,-0.1399054585652153,42,-0.13580661068184674,MAP_SCADA,141,0.0040988478833685615
1,B_svc,2,0.29691859176243846,42,0.2813444854182666,MAP_SCADA,141,0.015574106344171834
2,UPFC_Vsh,5-15,1.1044028256050389,42,1.1056731534264512,MAP_SCADA,141,0.0012703278214123426
3,UPFC_tsh,5-15,-0.2256305853352938,42,-0.22849412252952392,MAP_SCADA,141,0.0028635371942301313
4,UPFC_Vse,5-15,0.060075035419874336,42,0.06081571906829592,MAP_SCADA,141,0.0007406836484215862
5,UPFC_tse,5-15,-2.144996823734121,42,-2.1498074184872142,MAP_SCADA,141,0.004810594753093422
0,x_tcsc,1-14,-0.13845023221293154,43,-0.13580661068184674,MAP_SCADA,141,0.0026436215310848
1,B_svc,2,0.2982945498498663,43,0.2813444854182666,MAP_SCADA,141,0.016950064431599687
2,UPFC_Vsh,5-15,1.1058482160010459,43,1.1056731534264512,MAP_SCADA,141,0.00017506257459465324
3,UPFC_tsh,5-15,-0.2259417019098907,43,-0.22849412252952392,MAP_SCADA,141,0.0025524206196332055
4,UPFC_Vse,5-15,0.0596267769348247,43,0.06081571906829592,MAP_SCADA,141,0.0011889421334712186
5,UPFC_tse,5-15,-2.1476228475067285,43,-2.1498074184872142,MAP_SCADA,141,0.002184570980485745
0,x_tcsc,1-14,-0.139811517951264,44,-0.13580661068184674,MAP_SCADA,141,0.004004907269417268
1,B_svc,2,0.29671087376323174,44,0.2813444854182666,MAP_SCADA,141,0.01536638834496512
2,UPFC_Vsh,5-15,1.1028977831949425,44,1.1056731534264512,MAP_SCADA,141,0.002775370231508756
3,UPFC_tsh,5-15,-0.22646896973694672,44,-0.22849412252952392,MAP_SCADA,141,0.0020251527925772006
4,UPFC_Vse,5-15,0.06049594237847763,44,0.06081571906829592,MAP_SCADA,141,0.00031977668981829355
5,UPFC_tse,5-15,-2.1480555669771535,44,-2.1498074184872142,MAP_SCADA,141,0.0017518515100607424
0,x_tcsc,1-14,-0.14052857428117096,45,-0.13580661068184674,MAP_SCADA,141,0.004721963599324225
1,B_svc,2,0.29656433459849,45,0.2813444854182666,MAP_SCADA,141,0.0152198491802234
2,UPFC_Vsh,5-15,1.105353337485876,45,1.1056731534264512,MAP_SCADA,141,0.0003198159405752854
3,UPFC_tsh,5-15,-0.2250383220991583,45,-0.22849412252952392,MAP_SCADA,141,0.003455800430365613
4,UPFC_Vse,5-15,0.05983092960988044,45,0.06081571906829592,MAP_SCADA,141,0.000984789458415479
5,UPFC_tse,5-15,-2.1495930852050207,45,-2.1498074184872142,MAP_SCADA,141,0.0002143332821935573
0,x_tcsc,1-14,-0.13895079535319532,46,-0.13580661068184674,MAP_SCADA,141,0.003144184671348582
1,B_svc,2,0.2964461038118466,46,0.2813444854182666,MAP_SCADA,141,0.015101618393579985
2,UPFC_Vsh,5-15,1.1048489870248948,46,1.1056731534264512,MAP_SCADA,141,0.0008241664015564698
3,UPFC_tsh,5-15,-0.22489720469760976,46,-0.22849412252952392,MAP_SCADA,141,0.0035969178319141537
4,UPFC_Vse,5-15,0.06055886878461661,46,0.06081571906829592,MAP_SCADA,141,0.0002568502836793121
5,UPFC_tse,5-15,-2.143860217935244,46,-2.1498074184872142,MAP_SCADA,141,0.005947200551970067
0,x_tcsc,1-14,-0.13913388965149576,47,-0.13580661068184674,MAP_SCADA,141,0.003327278969649017
1,B_svc,2,0.2984715848952935,47,0.2813444854182666,MAP_SCADA,141,0.017127099477026897
2,UPFC_Vsh,5-15,1.103504153241162,47,1.1056731534264512,MAP_SCADA,141,0.002169000185289205
3,UPFC_tsh,5-15,-0.22569345557829593,47,-0.22849412252952392,MAP_SCADA,141,0.0028006669512279925
4,UPFC_Vse,5-15,0.0599048945666807,47,0.06081571906829592,MAP_SCADA,141,0.0009108245016152192
5,UPFC_tse,5-15,-2.147264956699322,47,-2.1498074184872142,MAP_SCADA,141,0.002542461787892414
0,x_tcsc,1-14,-0.1388308665670919,48,-0.13580661068184674,MAP_SCADA,141,0.0030242558852451584
1,B_svc,2,0.2980432939421639,48,0.2813444854182666,MAP_SCADA,141,0.01669880852389727
2,UPFC_Vsh,5-15,1.1046129074545643,48,1.1056731534264512,MAP_SCADA,141,0.0010602459718869195
3,UPFC_tsh,5-15,-0.22600620862937293,48,-0.22849412252952392,MAP_SCADA,141,0.00248791390015099
4,UPFC_Vse,5-15,0.059986161692255846,48,0.06081571906829592,MAP_SCADA,141,0.0008295573760400757
5,UPFC_tse,5-15,-2.1500646836679387,48,-2.1498074184872142,MAP_SCADA,141,0.00025726518072444193
0,x_tcsc,1-14,-0.13678999882709117,49,-0.13580661068184674,MAP_SCADA,141,0.0009833881452444293
1,B_svc,2,0.3048122495750491,49,0.2813444854182666,MAP_SCADA,141,0.023467764156782478
2,UPFC_Vsh,5-15,1.1028142767271474,49,1.1056731534264512,MAP_SCADA,141,0.0028588766993038472
3,UPFC_tsh,5-15,-0.22789640504364608,49,-0.22849412252952392,MAP_SCADA,141,0.0005977174858778356
4,UPFC_Vse,5-15,0.06019102860432917,49,0.06081571906829592,MAP_SCADA,141,0.0006246904639667511
5,UPFC_tse,5-15,-2.1502166423072926,49,-2.1498074184872142,MAP_SCADA,141,0.0004092238200783527
0,x_tcsc,1-14,-0.13844327078259241,50,-0.13580661068184674,MAP_SCADA,141,0.0026366601007456747
1,B_svc,2,0.296185019327285,50,0.2813444854182666,MAP_SCADA,141,0.014840533909018405
2,UPFC_Vsh,5-15,1.103699644975238,50,1.1056731534264512,MAP_SCADA,141,0.001973508451213135
3,UPFC_tsh,5-15,-0.22623525675338108,50,-0.22849412252952392,MAP_SCADA,141,0.0022588657761428432
4,UPFC_Vse,5-15,0.060455226854863514,50,0.06081571906829592,MAP_SCADA,141,0.0003604922134324076
5,UPFC_tse,5-15,-2.147736097903853,50,-2.1498074184872142,MAP_SCADA,141,0.002071320583361125
0,x_tcsc,1-14,-0.13932493877968363,51,-0.13580661068184674,MAP_SCADA,141,0.0035183280978368925
1,B_svc,2,0.29545982958944195,51,0.2813444854182666,MAP_SCADA,141,0.014115344171175326
2,UPFC_Vsh,5-15,1.1041996971003738,51,1.1056731534264512,MAP_SCADA,141,0.001473456326077427
3,UPFC_tsh,5-15,-0.2259362461468297,51,-0.22849412252952392,MAP_SCADA,141,0.002557876382694224
4,UPFC_Vse,5-15,0.060608605431686384,51,0.06081571906829592,MAP_SCADA,141,0.00020711363660953774
5,UPFC_tse,5-15,-2.147654032566646,51,-2.1498074184872142,MAP_SCADA,141,0.0021533859205682404
0,x_tcsc,1-14,-0.13877429196352978,52,-0.13580661068184674,MAP_SCADA,141,0.002967681281683038
1,B_svc,2,0.2955519365557847,52,0.2813444854182666,MAP_SCADA,141,0.01420745113751809
2,UPFC_Vsh,5-15,1.103401285053523,52,1.1056731534264512,MAP_SCADA,141,0.002271868372928143
3,UPFC_tsh,5-15,-0.2256970092293021,52,-0.22849412252952392,MAP_SCADA,141,0.0027971133002218096
4,UPFC_Vse,5-15,0.060037529394786515,52,0.06081571906829592,MAP_SCADA,141,0.0007781896735094065
5,UPFC_tse,5-15,-2.1502566117296222,52,-2.1498074184872142,MAP_SCADA,141,0.00044919324240799696
0,x_tcsc,1-14,-0.13719206890746846,53,-0.13580661068184674,MAP_SCADA,141,0.0013854582256217218
1,B_svc,2,0.2997239554174644,53,0.2813444854182666,MAP_SCADA,141,0.01837946999919776
2,UPFC_Vsh,5-15,1.1040769980954428,53,1.1056731534264512,MAP_SCADA,141,0.0015961553310084309
3,UPFC_tsh,5-15,-0.22720083749051107,53,-0.22849412252952392,MAP_SCADA,141,0.0012932850390128536
4,UPFC_Vse,5-15,0.06010456096434186,53,0.06081571906829592,MAP_SCADA,141,0.000711158103954064
5,UPFC_tse,5-15,-2.1545612967427794,53,-2.1498074184872142,MAP_SCADA,141,0.004753878255565169
0,x_tcsc,1-14,-0.13798824104664212,54,-0.13580661068184674,MAP_SCADA,141,0.0021816303647953783
1,B_svc,2,0.30227977719608706,54,0.2813444854182666,MAP_SCADA,141,0.02093529177782044
2,UPFC_Vsh,5-15,1.103186529193495,54,1.1056731534264512,MAP_SCADA,141,0.0024866242329562027
3,UPFC_tsh,5-15,-0.22683808163686253,54,-0.22849412252952392,MAP_SCADA,141,0.0016560408926613868
4,UPFC_Vse,5-15,0.06059927539276227,54,0.06081571906829592,MAP_SCADA,141,0.0002164436755336535
5,UPFC_tse,5-15,-2.1470201328700975,54,-2.1498074184872142,MAP_SCADA,141,0.0027872856171167193
0,x_tcsc,1-14,-0.13861819969654465,55,-0.13580661068184674,MAP_SCADA,141,0.0028115890146979128
1,B_svc,2,0.2982281439530429,55,0.2813444854182666,MAP_SCADA,141,0.016883658534776302
2,UPFC_Vsh,5-15,1.1062975037791578,55,1.1056731534264512,MAP_SCADA,141,0.0006243503527065819
3,UPFC_tsh,5-15,-0.2256201950046325,55,-0.22849412252952392,MAP_SCADA,141,0.0028739275248914065
4,UPFC_Vse,5-15,0.06010544691893832,55,0.06081571906829592,MAP_SCADA,141,0.0007102721493576006
5,UPFC_tse,5-15,-2.1486231597502226,55,-2.1498074184872142,MAP_SCADA,141,0.0011842587369916835
0,x_tcsc,1-14,-0.13821983146765665,56,-0.13580661068184674,MAP_SCADA,141,0.002413220785809911
1,B_svc,2,0.3011376864684205,56,0.2813444854182666,MAP_SCADA,141,0.019793201050153864
2,UPFC_Vsh,5-15,1.104502511352792,56,1.1056731534264512,MAP_SCADA,141,0.0011706420736592449
3,UPFC_tsh,5-15,-0.22690992863944798,56,-0.22849412252952392,MAP_SCADA,141,0.0015841938900759411
4,UPFC_Vse,5-15,0.06015288344386399,56,0.06081571906829592,MAP_SCADA,141,0.0006628356244319303
5,UPFC_tse,5-15,-2.145879885001655,56,-2.1498074184872142,MAP_SCADA,141,0.003927533485559298
0,x_tcsc,1-14,-0.13767132395109832,57,-0.13580661068184674,MAP_SCADA,141,0.0018647132692515833
1,B_svc,2,0.29706997285255465,57,0.2813444854182666,MAP_SCADA,141,0.015725487434288032
2,UPFC_Vsh,5-15,1.1075096933847748,57,1.1056731534264512,MAP_SCADA,141,0.0018365399583235575
3,UPFC_tsh,5-15,-0.22571755461786697,57,-0.22849412252952392,MAP_SCADA,141,0.002776567911656952
4,UPFC_Vse,5-15,0.05995041538130148,57,0.06081571906829592,MAP_SCADA,141,0.0008653036869944383
5,UPFC_tse,5-15,-2.1442045134949352,57,-2.1498074184872142,MAP_SCADA,141,0.005602904992279001
0,x_tcsc,1-14,-0.14025304881818126,58,-0.13580661068184674,MAP_SCADA,141,0.004446438136334524
1,B_svc,2,0.2943751922505254,58,0.2813444854182666,MAP_SCADA,141,0.013030706832258765
2,UPFC_Vsh,5-15,1.1043382438971199,58,1.1056731534264512,MAP_SCADA,141,0.0013349095293313518
3,UPFC_tsh,5-15,-0.22596942597343528,58,-0.22849412252952392,MAP_SCADA,141,0.0025246965560886403
4,UPFC_Vse,5-15,0.05989844619524658,58,0.06081571906829592,MAP_SCADA,141,0.0009172728730493449
5,UPFC_tse,5-15,-2.150392797073834,58,-2.1498074184872142,MAP_SCADA,141,0.0005853785866198891
0,x_tcsc,1-14,-0.13948574348694037,59,-0.13580661068184674,MAP_SCADA,141,0.0036791328050936323
1,B_svc,2,0.29361040067047306,59,0.2813444854182666,MAP_SCADA,141,0.012265915252206439
2,UPFC_Vsh,5-15,1.1024436446396637,59,1.1056731534264512,MAP_SCADA,141,0.003229508786787516
3,UPFC_tsh,5-15,-0.2260962852316475,59,-0.22849412252952392,MAP_SCADA,141,0.0023978372978764317
4,UPFC_Vse,5-15,0.0603760348307006,59,0.06081571906829592,MAP_SCADA,141,0.0004396842375953211
5,UPFC_tse,5-15,-2.153027024774551,59,-2.1498074184872142,MAP_SCADA,141,0.0032196062873368625
0,x_tcsc,1-14,-0.13734548040088565,60,-0.13580661068184674,MAP_SCADA,141,0.00153886971903891
1,B_svc,2,0.3050931327260433,60,0.2813444854182666,MAP_SCADA,141,0.023748647307776705
2,UPFC_Vsh,5-15,1.1024510869435684,60,1.1056731534264512,MAP_SCADA,141,0.0032220664828828127
3,UPFC_tsh,5-15,-0.22792302563646952,60,-0.22849412252952392,MAP_SCADA,141,0.0005710968930544014
4,UPFC_Vse,5-15,0.05994697426279195,60,0.06081571906829592,MAP_SCADA,141,0.0008687448055039737
5,UPFC_tse,5-15,-2.1533501829787167,60,-2.1498074184872142,MAP_SCADA,141,0.0035427644915024814
0,x_tcsc,1-14,-0.13962038629562434,61,-0.13580661068184674,MAP_SCADA,141,0.0038137756137776035
1,B_svc,2,0.2962995497542139,61,0.2813444854182666,MAP_SCADA,141,0.014955064335947288
2,UPFC_Vsh,5-15,1.1029814234863042,61,1.1056731534264512,MAP_SCADA,141,0.002691729940146992
3,UPFC_tsh,5-15,-0.22586234776028932,61,-0.22849412252952392,MAP_SCADA,141,0.002631774769234596
4,UPFC_Vse,5-15,0.06022765102223543,61,0.06081571906829592,MAP_SCADA,141,0.0005880680460604928
5,UPFC_tse,5-15,-2.1501775445709037,61,-2.1498074184872142,MAP_SCADA,141,0.0003701260836894704
0,x_tcsc,1-14,-0.1395880404530107,62,-0.13580661068184674,MAP_SCADA,141,0.003781429771163969
1,B_svc,2,0.29959101759192003,62,0.2813444854182666,MAP_SCADA,141,0.018246532173653407
2,UPFC_Vsh,5-15,1.1049893981731653,62,1.1056731534264512,MAP_SCADA,141,0.0006837552532859004
3,UPFC_tsh,5-15,-0.2262864238321893,62,-0.22849412252952392,MAP_SCADA,141,0.0022076986973346147
4,UPFC_Vse,5-15,0.0599799436649154,62,0.06081571906829592,MAP_SCADA,141,0.0008357754033805204
5,UPFC_tse,5-15,-2.1470839299587956,62,-2.1498074184872142,MAP_SCADA,141,0.0027234885284186383
0,x_tcsc,1-14,-0.13819293186036755,63,-0.13580661068184674,MAP_SCADA,141,0.002386321178520806
1,B_svc,2,0.2947934783829856,63,0.2813444854182666,MAP_SCADA,141,0.013448992964718964
2,UPFC_Vsh,5-15,1.105386686753126,63,1.1056731534264512,MAP_SCADA,141,0.00028646667332532516
3,UPFC_tsh,5-15,-0.226096774621023,63,-0.22849412252952392,MAP_SCADA,141,0.0023973479085009075
4,UPFC_Vse,5-15,0.06026503639942282,63,0.06081571906829592,MAP_SCADA,141,0.0005506826688730995
5,UPFC_tse,5-15,-2.1446743398568286,63,-2.1498074184872142,MAP_SCADA,141,0.00513307863038559
0,x_tcsc,1-14,-0.13921022468365188,64,-0.13580661068184674,MAP_SCADA,141,0.0034036140018051386
1,B_svc,2,0.30291283652156065,64,0.2813444854182666,MAP_SCADA,141,0.021568351103294026
2,UPFC_Vsh,5-15,1.1017025311267963,64,1.1056731534264512,MAP_SCADA,141,0.003970622299654947
3,UPFC_tsh,5-15,-0.22647964204765078,64,-0.22849412252952392,MAP_SCADA,141,0.0020144804818731377
4,UPFC_Vse,5-15,0.06037988534906229,64,0.06081571906829592,MAP_SCADA,141,0.0004358337192336345
5,UPFC_tse,5-15,-2.1467661078239084,64,-2.1498074184872142,MAP_SCADA,141,0.0030413106633058185
0,x_tcsc,1-14,-0.13754706013970006,65,-0.13580661068184674,MAP_SCADA,141,0.0017404494578533158
1,B_svc,2,0.3033542225314747,65,0.2813444854182666,MAP_SCADA,141,0.022009737113208083
2,UPFC_Vsh,5-15,1.102491949482756,65,1.1056731534264512,MAP_SCADA,141,0.0031812039436951434
3,UPFC_tsh,5-15,-0.22779893595847883,65,-0.22849412252952392,MAP_SCADA,141,0.0006951865710450866
4,UPFC_Vse,5-15,0.060129879626394565,65,0.06081571906829592,MAP_SCADA,141,0.0006858394419013564
5,UPFC_tse,5-15,-2.151886632505937,65,-2.1498074184872142,MAP_SCADA,141,0.002079214018722908
0,x_tcsc,1-14,-0.13851879659942265,66,-0.13580661068184674,MAP_SCADA,141,0.00271218591757591
1,B_svc,2,0.30098243833297045,66,0.2813444854182666,MAP_SCADA,141,0.019637952914703827
2,UPFC_Vsh,5-15,1.1037986787727152,66,1.1056731534264512,MAP_SCADA,141,0.0018744746537360246
3,UPFC_tsh,5-15,-0.2266876249058762,66,-0.22849412252952392,MAP_SCADA,141,0.001806497623647707
4,UPFC_Vse,5-15,0.059659010943204104,66,0.06081571906829592,MAP_SCADA,141,0.0011567081250918182
5,UPFC_tse,5-15,-2.145454356885726,66,-2.1498074184872142,MAP_SCADA,141,0.004353061601488406
0,x_tcsc,1-14,-0.13891729932627214,67,-0.13580661068184674,MAP_SCADA,141,0.0031106886444254023
1,B_svc,2,0.29894763571785266,67,0.2813444854182666,MAP_SCADA,141,0.017603150299586034
2,UPFC_Vsh,5-15,1.1052742411757022,67,1.1056731534264512,MAP_SCADA,141,0.00039891225074906167
3,UPFC_tsh,5-15,-0.22678710475996916,67,-0.22849412252952392,MAP_SCADA,141,0.0017070177695547584
4,UPFC_Vse,5-15,0.06021758539380588,67,0.06081571906829592,MAP_SCADA,141,0.0005981336744900409
5,UPFC_tse,5-15,-2.1460217532626857,67,-2.1498074184872142,MAP_SCADA,141,0.0037856652245285005
0,x_tcsc,1-14,-0.1400113610368814,68,-0.13580661068184674,MAP_SCADA,141,0.004204750355034648
1,B_svc,2,0.2886082954586116,68,0.2813444854182666,MAP_SCADA,141,0.007263810040344987
2,UPFC_Vsh,5-15,1.1086243994812912,68,1.1056731534264512,MAP_SCADA,141,0.0029512460548399844
3,UPFC_tsh,5-15,-0.22463470542028693,68,-0.22849412252952392,MAP_SCADA,141,0.0038594171092369844
4,UPFC_Vse,5-15,0.05987369804048943,68,0.06081571906829592,MAP_SCADA,141,0.0009420210278064944
5,UPFC_tse,5-15,-2.1449589252236083,68,-2.1498074184872142,MAP_SCADA,141,0.004848493263605924
0,x_tcsc,1-14,-0.1391771725391201,69,-0.13580661068184674,MAP_SCADA,141,0.0033705618572733576
1,B_svc,2,0.2949481090376491,69,0.2813444854182666,MAP_SCADA,141,0.013603623619382499
2,UPFC_Vsh,5-15,1.1044387529335438,69,1.1056731534264512,MAP_SCADA,141,0.0012344004929074615
3,UPFC_tsh,5-15,-0.2255383734968782,69,-0.22849412252952392,MAP_SCADA,141,0.002955749032645727
4,UPFC_Vse,5-15,0.06053740626463348,69,0.06081571906829592,MAP_SCADA,141,0.00027831280366244493
5,UPFC_tse,5-15,-2.147341439047312,69,-2.1498074184872142,MAP_SCADA,141,0.002465979439902455
0,x_tcsc,1-14,-0.14030892296009884,70,-0.13580661068184674,MAP_SCADA,141,0.004502312278252096
1,B_svc,2,0.28916581192604307,70,0.2813444854182666,MAP_SCADA,141,0.00782132650777645
2,UPFC_Vsh,5-15,1.105617684280865,70,1.1056731534264512,MAP_SCADA,141,5.5469145586295454e-05
3,UPFC_tsh,5-15,-0.22463776111187436,70,-0.22849412252952392,MAP_SCADA,141,0.0038563614176495564
4,UPFC_Vse,5-15,0.05922766099819131,70,0.06081571906829592,MAP_SCADA,141,0.001588058070104613
5,UPFC_tse,5-15,-2.146793521944589,70,-2.1498074184872142,MAP_SCADA,141,0.003013896542625183
0,x_tcsc,1-14,-0.13912161106384616,71,-0.13580661068184674,MAP_SCADA,141,0.0033150003819994167
1,B_svc,2,0.29390301176538924,71,0.2813444854182666,MAP_SCADA,141,0.012558526347122623
2,UPFC_Vsh,5-15,1.1066642973847154,71,1.1056731534264512,MAP_SCADA,141,0.0009911439582641624
3,UPFC_tsh,5-15,-0.225605363251747,71,-0.22849412252952392,MAP_SCADA,141,0.002888759277776931
4,UPFC_Vse,5-15,0.05939111103551805,71,0.06081571906829592,MAP_SCADA,141,0.0014246080327778715
5,UPFC_tse,5-15,-2.1477863279580256,71,-2.1498074184872142,MAP_SCADA,141,0.0020210905291886405
0,x_tcsc,1-14,-0.14056060725207833,72,-0.13580661068184674,MAP_SCADA,141,0.0047539965702315945
1,B_svc,2,0.2905575884448555,72,0.2813444854182666,MAP_SCADA,141,0.009213103026588898
2,UPFC_Vsh,5-15,1.1041119417122978,72,1.1056731534264512,MAP_SCADA,141,0.0015612117141534654
3,UPFC_tsh,5-15,-0.22535657625741115,72,-0.22849412252952392,MAP_SCADA,141,0.003137546272112768
4,UPFC_Vse,5-15,0.060107674310286366,72,0.06081571906829592,MAP_SCADA,141,0.0007080447580095559
5,UPFC_tse,5-15,-2.1468883355909685,72,-2.1498074184872142,MAP_SCADA,141,0.0029190828962457616
0,x_tcsc,1-14,-0.1388155879410626,73,-0.13580661068184674,MAP_SCADA,141,0.003008977259215867
1,B_svc,2,0.2955615078968038,73,0.2813444854182666,MAP_SCADA,141,0.014217022478537178
2,UPFC_Vsh,5-15,1.105298350292251,73,1.1056731534264512,MAP_SCADA,141,0.0003748031342001301
3,UPFC_tsh,5-15,-0.22593649996615559,73,-0.22849412252952392,MAP_SCADA,141,0.0025576225633683336
4,UPFC_Vse,5-15,0.05985474709110416,73,0.06081571906829592,MAP_SCADA,141,0.000960971977191763
5,UPFC_tse,5-15,-2.1511679849735295,73,-2.1498074184872142,MAP_SCADA,141,0.0013605664863152178
0,x_tcsc,1-14,-0.1398233764460126,74,-0.13580661068184674,MAP_SCADA,141,0.004016765764165847
1,B_svc,2,0.2954338977334575,74,0.2813444854182666,MAP_SCADA,141,0.014089412315190897
2,UPFC_Vsh,5-15,1.1071480139212553,74,1.1056731534264512,MAP_SCADA,141,0.0014748604948040533
3,UPFC_tsh,5-15,-0.22453926962252754,74,-0.22849412252952392,MAP_SCADA,141,0.003954852906996376
4,UPFC_Vse,5-15,0.060687580449417494,74,0.06081571906829592,MAP_SCADA,141,0.00012813861887842753
5,UPFC_tse,5-15,-2.14433718069863,74,-2.1498074184872142,MAP_SCADA,141,0.005470237788584242
0,x_tcsc,1-14,-0.13985189874829726,75,-0.13580661068184674,MAP_SCADA,141,0.00404528806645052
1,B_svc,2,0.29688805571872745,75,0.2813444854182666,MAP_SCADA,141,0.01554357030046083
2,UPFC_Vsh,5-15,1.1046618916641544,75,1.1056731534264512,MAP_SCADA,141,0.0010112617622968223
3,UPFC_tsh,5-15,-0.22601035217733573,75,-0.22849412252952392,MAP_SCADA,141,0.0024837703521881915
4,UPFC_Vse,5-15,0.06080895520400906,75,0.06081571906829592,MAP_SCADA,141,6.763864286864207e-06
5,UPFC_tse,5-15,-2.1404242421104898,75,-2.1498074184872142,MAP_SCADA,141,0.009383176376724478
0,x_tcsc,1-14,-0.13957144471102523,76,-0.13580661068184674,MAP_SCADA,141,0.0037648340291784876
1,B_svc,2,0.2923765380368501,76,0.2813444854182666,MAP_SCADA,141,0.011032052618583477
2,UPFC_Vsh,5-15,1.1054871009105336,76,1.1056731534264512,MAP_SCADA,141,0.00018605251591763405
3,UPFC_tsh,5-15,-0.22482937095352573,76,-0.22849412252952392,MAP_SCADA,141,0.0036647515759981875
4,UPFC_Vse,5-15,0.06030011511679539,76,0.06081571906829592,MAP_SCADA,141,0.0005156039515005345
5,UPFC_tse,5-15,-2.1476767706995723,76,-2.1498074184872142,MAP_SCADA,141,0.002130647787641937
0,x_tcsc,1-14,-0.13862326408102932,77,-0.13580661068184674,MAP_SCADA,141,0.002816653399182578
1,B_svc,2,0.297354900166559,77,0.2813444854182666,MAP_SCADA,141,0.0160104147482924
2,UPFC_Vsh,5-15,1.1047507912466037,77,1.1056731534264512,MAP_SCADA,141,0.0009223621798475357
3,UPFC_tsh,5-15,-0.22604008379772728,77,-0.22849412252952392,MAP_SCADA,141,0.0024540387317966428
4,UPFC_Vse,5-15,0.05988669983780915,77,0.06081571906829592,MAP_SCADA,141,0.0009290192304867717
5,UPFC_tse,5-15,-2.149920976773672,77,-2.1498074184872142,MAP_SCADA,141,0.00011355828645776
0,x_tcsc,1-14,-0.14014173897371188,78,-0.13580661068184674,MAP_SCADA,141,0.004335128291865137
1,B_svc,2,0.29808804198602606,78,0.2813444854182666,MAP_SCADA,141,0.016743556567759443
2,UPFC_Vsh,5-15,1.1020250874796236,78,1.1056731534264512,MAP_SCADA,141,0.00364806594682765
3,UPFC_tsh,5-15,-0.22709406986485264,78,-0.22849412252952392,MAP_SCADA,141,0.0014000526646712752
4,UPFC_Vse,5-15,0.06038098624706862,78,0.06081571906829592,MAP_SCADA,141,0.0004347328212273016
5,UPFC_tse,5-15,-2.147555642474961,78,-2.1498074184872142,MAP_SCADA,141,0.002251776012253348
0,x_tcsc,1-14,-0.138494991935145,79,-0.13580661068184674,MAP_SCADA,141,0.002688381253298261
1,B_svc,2,0.29935793585946774,79,0.2813444854182666,MAP_SCADA,141,0.018013450441201118
2,UPFC_Vsh,5-15,1.1044861845431309,79,1.1056731534264512,MAP_SCADA,141,0.0011869688833203718
3,UPFC_tsh,5-15,-0.2267156972470802,79,-0.22849412252952392,MAP_SCADA,141,0.0017784252824437075
4,UPFC_Vse,5-15,0.06014279391207925,79,0.06081571906829592,MAP_SCADA,141,0.0006729251562166694
5,UPFC_tse,5-15,-2.148430129095994,79,-2.1498074184872142,MAP_SCADA,141,0.0013772893912200601
0,x_tcsc,1-14,-0.13850198239680195,80,-0.13580661068184674,MAP_SCADA,141,0.002695371714955208
1,B_svc,2,0.2949269015440459,80,0.2813444854182666,MAP_SCADA,141,0.013582416125779262
2,UPFC_Vsh,5-15,1.1046154754089028,80,1.1056731534264512,MAP_SCADA,141,0.0010576780175484135
3,UPFC_tsh,5-15,-0.22601633684968597,80,-0.22849412252952392,MAP_SCADA,141,0.002477785679837946
4,UPFC_Vse,5-15,0.05995997222132473,80,0.06081571906829592,MAP_SCADA,141,0.0008557468469711921
5,UPFC_tse,5-15,-2.151054139576775,80,-2.1498074184872142,MAP_SCADA,141,0.0012467210895605874
0,x_tcsc,1-14,-0.13966617912573293,81,-0.13580661068184674,MAP_SCADA,141,0.0038595684438861855
1,B_svc,2,0.29315893366360213,81,0.2813444854182666,MAP_SCADA,141,0.011814448245335507
2,UPFC_Vsh,5-15,1.1060385957878638,81,1.1056731534264512,MAP_SCADA,141,0.00036544236141256015
3,UPFC_tsh,5-15,-0.22521413775523438,81,-0.22849412252952392,MAP_SCADA,141,0.003279984774289535
4,UPFC_Vse,5-15,0.060315117957685425,81,0.06081571906829592,MAP_SCADA,141,0.0005006011106104963
5,UPFC_tse,5-15,-2.139918566642995,81,-2.1498074184872142,MAP_SCADA,141,0.009888851844219282
0,x_tcsc,1-14,-0.13893154787813156,82,-0.13580661068184674,MAP_SCADA,141,0.003124937196284816
1,B_svc,2,0.3003519178065197,82,0.2813444854182666,MAP_SCADA,141,0.019007432388253087
2,UPFC_Vsh,5-15,1.105211713292877,82,1.1056731534264512,MAP_SCADA,141,0.0004614401335742979
3,UPFC_tsh,5-15,-0.22601346607340225,82,-0.22849412252952392,MAP_SCADA,141,0.002480656456121666
4,UPFC_Vse,5-15,0.05983889382632722,82,0.06081571906829592,MAP_SCADA,141,0.0009768252419687026
5,UPFC_tse,5-15,-2.145681020772069,82,-2.1498074184872142,MAP_SCADA,141,0.004126397715145114
0,x_tcsc,1-14,-0.13768340688018318,83,-0.13580661068184674,MAP_SCADA,141,0.0018767961983364445
1,B_svc,2,0.2994261065484856,83,0.2813444854182666,MAP_SCADA,141,0.018081621130218994
2,UPFC_Vsh,5-15,1.101703543833773,83,1.1056731534264512,MAP_SCADA,141,0.003969609592678225
3,UPFC_tsh,5-15,-0.2279174035804127,83,-0.22849412252952392,MAP_SCADA,141,0.0005767189491112101
4,UPFC_Vse,5-15,0.06055765787005787,83,0.06081571906829592,MAP_SCADA,141,0.00025806119823805485
5,UPFC_tse,5-15,-2.1510343991375835,83,-2.1498074184872142,MAP_SCADA,141,0.0012269806503693026
0,x_tcsc,1-14,-0.1373216491922542,84,-0.13580661068184674,MAP_SCADA,141,0.0015150385104074626
1,B_svc,2,0.2927348858620752,84,0.2813444854182666,MAP_SCADA,141,0.011390400443808568
2,UPFC_Vsh,5-15,1.1067500551576062,84,1.1056731534264512,MAP_SCADA,141,0.0010769017311549334
3,UPFC_tsh,5-15,-0.22563770740787648,84,-0.22849412252952392,MAP_SCADA,141,0.002856415121647443
4,UPFC_Vse,5-15,0.06014896913171909,84,0.06081571906829592,MAP_SCADA,141,0.0006667499365768312
5,UPFC_tse,5-15,-2.144710256275567,84,-2.1498074184872142,MAP_SCADA,141,0.005097162211647355
0,x_tcsc,1-14,-0.1368727184297969,85,-0.13580661068184674,MAP_SCADA,141,0.0010661077479501568
1,B_svc,2,0.3042076338471711,85,0.2813444854182666,MAP_SCADA,141,0.022863148428904467
2,UPFC_Vsh,5-15,1.1020224083109054,85,1.1056731534264512,MAP_SCADA,141,0.0036507451155458615
3,UPFC_tsh,5-15,-0.22809833192717974,85,-0.22849412252952392,MAP_SCADA,141,0.0003957906023441815
4,UPFC_Vse,5-15,0.059876587389066586,85,0.06081571906829592,MAP_SCADA,141,0.0009391316792293353
5,UPFC_tse,5-15,-2.1513163216563593,85,-2.1498074184872142,MAP_SCADA,141,0.0015089031691450927
0,x_tcsc,1-14,-0.1384535459587959,86,-0.13580661068184674,MAP_SCADA,141,0.002646935276949147
1,B_svc,2,0.2997617930927,86,0.2813444854182666,MAP_SCADA,141,0.018417307674433392
2,UPFC_Vsh,5-15,1.103946923652292,86,1.1056731534264512,MAP_SCADA,141,0.0017262297741591492
3,UPFC_tsh,5-15,-0.22620783362035,86,-0.22849412252952392,MAP_SCADA,141,0.002286288909173928
4,UPFC_Vse,5-15,0.060450061537411046,86,0.06081571906829592,MAP_SCADA,141,0.0003656575308848761
5,UPFC_tse,5-15,-2.1479966642306616,86,-2.1498074184872142,MAP_SCADA,141,0.001810754256552638
0,x_tcsc,1-14,-0.13890739555022136,87,-0.13580661068184674,MAP_SCADA,141,0.0031007848683746175
1,B_svc,2,0.29816419122844867,87,0.2813444854182666,MAP_SCADA,141,0.01681970581018205
2,UPFC_Vsh,5-15,1.1032871777219062,87,1.1056731534264512,MAP_SCADA,141,0.002385975704545018
3,UPFC_tsh,5-15,-0.226681685374232,87,-0.22849412252952392,MAP_SCADA,141,0.0018124371552919183
4,UPFC_Vse,5-15,0.06018735647973197,87,0.06081571906829592,MAP_SCADA,141,0.0006283625885639549
5,UPFC_tse,5-15,-2.1458589466601703,87,-2.1498074184872142,MAP_SCADA,141,0.003948471827043942
0,x_tcsc,1-14,-0.13941829242216902,88,-0.13580661068184674,MAP_SCADA,141,0.003611681740322281
1,B_svc,2,0.29807485035769715,88,0.2813444854182666,MAP_SCADA,141,0.01673036493943053
2,UPFC_Vsh,5-15,1.1045063121793453,88,1.1056731534264512,MAP_SCADA,141,0.0011668412471059764
3,UPFC_tsh,5-15,-0.22623395074146235,88,-0.22849412252952392,MAP_SCADA,141,0.0022601717880615657
4,UPFC_Vse,5-15,0.05955271496810949,88,0.06081571906829592,MAP_SCADA,141,0.0012630041001864337
5,UPFC_tse,5-15,-2.147882351498537,88,-2.1498074184872142,MAP_SCADA,141,0.0019250669886772265
0,x_tcsc,1-14,-0.13722912029411927,89,-0.13580661068184674,MAP_SCADA,141,0.0014225096122725267
1,B_svc,2,0.30411101001131285,89,0.2813444854182666,MAP_SCADA,141,0.022766524593046233
2,UPFC_Vsh,5-15,1.1036311349152752,89,1.1056731534264512,MAP_SCADA,141,0.0020420185111760247
3,UPFC_tsh,5-15,-0.22732067939310316,89,-0.22849412252952392,MAP_SCADA,141,0.0011734431364207598
4,UPFC_Vse,5-15,0.06012593040018313,89,0.06081571906829592,MAP_SCADA,141,0.000689788668112791
5,UPFC_tse,5-15,-2.148379421260987,89,-2.1498074184872142,MAP_SCADA,141,0.0014279972262274399
0,x_tcsc,1-14,-0.14066230142333347,90,-0.13580661068184674,MAP_SCADA,141,0.004855690741486729
1,B_svc,2,0.28639808623031715,90,0.2813444854182666,MAP_SCADA,141,0.005053600812050529
2,UPFC_Vsh,5-15,1.1053975417805695,90,1.1056731534264512,MAP_SCADA,141,0.0002756116458817459
3,UPFC_tsh,5-15,-0.2244789968365249,90,-0.22849412252952392,MAP_SCADA,141,0.0040151256929990276
4,UPFC_Vse,5-15,0.05994150141665287,90,0.06081571906829592,MAP_SCADA,141,0.0008742176516430486
5,UPFC_tse,5-15,-2.1483133870233035,90,-2.1498074184872142,MAP_SCADA,141,0.0014940314639106944
0,x_tcsc,1-14,-0.1389034492356503,91,-0.13580661068184674,MAP_SCADA,141,0.0030968385538035492
1,B_svc,2,0.29841707717821614,91,0.2813444854182666,MAP_SCADA,141,0.017072591759949518
2,UPFC_Vsh,5-15,1.1040028152967658,91,1.1056731534264512,MAP_SCADA,141,0.0016703381296854225
3,UPFC_tsh,5-15,-0.22666245066459617,91,-0.22849412252952392,MAP_SCADA,141,0.0018316718649277475
4,UPFC_Vse,5-15,0.060089420272586895,91,0.06081571906829592,MAP_SCADA,141,0.0007262987957090267
5,UPFC_tse,5-15,-2.1467186392760302,91,-2.1498074184872142,MAP_SCADA,141,0.0030887792111840007
0,x_tcsc,1-14,-0.1399247873648281,92,-0.13580661068184674,MAP_SCADA,141,0.004118176682981367
1,B_svc,2,0.29473224820962973,92,0.2813444854182666,MAP_SCADA,141,0.013387762791363111
2,UPFC_Vsh,5-15,1.1051511651890191,92,1.1056731534264512,MAP_SCADA,141,0.0005219882374321028
3,UPFC_tsh,5-15,-0.22500880406455498,92,-0.22849412252952392,MAP_SCADA,141,0.0034853184649689395
4,UPFC_Vse,5-15,0.059988637387086235,92,0.06081571906829592,MAP_SCADA,141,0.0008270816812096862
5,UPFC_tse,5-15,-2.143871600729615,92,-2.1498074184872142,MAP_SCADA,141,0.0059358177575994375
0,x_tcsc,1-14,-0.13790532230246327,93,-0.13580661068184674,MAP_SCADA,141,0.0020987116206165335
1,B_svc,2,0.3013297835636175,93,0.2813444854182666,MAP_SCADA,141,0.019985298145350883
2,UPFC_Vsh,5-15,1.104168804741319,93,1.1056731534264512,MAP_SCADA,141,0.001504348685132273
3,UPFC_tsh,5-15,-0.22684799687065,93,-0.22849412252952392,MAP_SCADA,141,0.001646125658873926
4,UPFC_Vse,5-15,0.059842294193274324,93,0.06081571906829592,MAP_SCADA,141,0.0009734248750215974
5,UPFC_tse,5-15,-2.147633419958297,93,-2.1498074184872142,MAP_SCADA,141,0.002173998528917309
0,x_tcsc,1-14,-0.13938863310282984,94,-0.13580661068184674,MAP_SCADA,141,0.0035820224209830998
1,B_svc,2,0.2980292208579397,94,0.2813444854182666,MAP_SCADA,141,0.016684735439673082
2,UPFC_Vsh,5-15,1.1039325054724765,94,1.1056731534264512,MAP_SCADA,141,0.0017406479539747721
3,UPFC_tsh,5-15,-0.2264616265220565,94,-0.22849412252952392,MAP_SCADA,141,0.0020324960074674103
4,UPFC_Vse,5-15,0.06017734177236146,94,0.06081571906829592,MAP_SCADA,141,0.00063837729593446
5,UPFC_tse,5-15,-2.153993553239469,94,-2.1498074184872142,MAP_SCADA,141,0.004186134752254933
0,x_tcsc,1-14,-0.13950620660961183,95,-0.13580661068184674,MAP_SCADA,141,0.003699595927765087
1,B_svc,2,0.29251821175293685,95,0.2813444854182666,MAP_SCADA,141,0.011173726334670231
2,UPFC_Vsh,5-15,1.1043324817035252,95,1.1056731534264512,MAP_SCADA,141,0.0013406717229260678
3,UPFC_tsh,5-15,-0.2259389986761963,95,-0.22849412252952392,MAP_SCADA,141,0.0025551238533276233
4,UPFC_Vse,5-15,0.060131204192603406,95,0.06081571906829592,MAP_SCADA,141,0.0006845148756925157
5,UPFC_tse,5-15,-2.1486542652587537,95,-2.1498074184872142,MAP_SCADA,141,0.0011531532284605461
0,x_tcsc,1-14,-0.1380067973475561,96,-0.13580661068184674,MAP_SCADA,141,0.0022001866657093694
1,B_svc,2,0.3023121368267017,96,0.2813444854182666,MAP_SCADA,141,0.020967651408435095
2,UPFC_Vsh,5-15,1.1044147926848344,96,1.1056731534264512,MAP_SCADA,141,0.001258360741616782
3,UPFC_tsh,5-15,-0.22676224099022252,96,-0.22849412252952392,MAP_SCADA,141,0.0017318815393013998
4,UPFC_Vse,5-15,0.06029829200515852,96,0.06081571906829592,MAP_SCADA,141,0.000517427063137399
5,UPFC_tse,5-15,-2.1530578859010805,96,-2.1498074184872142,MAP_SCADA,141,0.0032504674138662537
0,x_tcsc,1-14,-0.14075836433980002,97,-0.13580661068184674,MAP_SCADA,141,0.004951753657953278
1,B_svc,2,0.2900573964944106,97,0.2813444854182666,MAP_SCADA,141,0.00871291107614397
2,UPFC_Vsh,5-15,1.105770205928169,97,1.1056731534264512,MAP_SCADA,141,9.705250171787583e-05
3,UPFC_tsh,5-15,-0.22466709487794193,97,-0.22849412252952392,MAP_SCADA,141,0.0038270276515819934
4,UPFC_Vse,5-15,0.06021616597855937,97,0.06081571906829592,MAP_SCADA,141,0.0005995530897365542
5,UPFC_tse,5-15,-2.1442245668075404,97,-2.1498074184872142,MAP_SCADA,141,0.0055828516796738725
0,x_tcsc,1-14,-0.13872154666830117,98,-0.13580661068184674,MAP_SCADA,141,0.0029149359864544255
1,B_svc,2,0.2932544069980707,98,0.2813444854182666,MAP_SCADA,141,0.011909921579804084
2,UPFC_Vsh,5-15,1.1037015110597996,98,1.1056731534264512,MAP_SCADA,141,0.0019716423666515936
3,UPFC_tsh,5-15,-0.2263205983825664,98,-0.22849412252952392,MAP_SCADA,141,0.0021735241469575117
4,UPFC_Vse,5-15,0.06060918663511173,98,0.06081571906829592,MAP_SCADA,141,0.00020653243318419223
5,UPFC_tse,5-15,-2.1459582127355232,98,-2.1498074184872142,MAP_SCADA,141,0.0038492057516910094
0,x_tcsc,1-14,-0.13955388499023125,99,-0.13580661068184674,MAP_SCADA,141,0.0037472743083845073
1,B_svc,2,0.29595704555838426,99,0.2813444854182666,MAP_SCADA,141,0.014612560140117636
2,UPFC_Vsh,5-15,1.1029095704837086,99,1.1056731534264512,MAP_SCADA,141,0.002763582942742593
3,UPFC_tsh,5-15,-0.22589227804724954,99,-0.22849412252952392,MAP_SCADA,141,0.002601844482274379
4,UPFC_Vse,5-15,0.060001423577760095,99,0.06081571906829592,MAP_SCADA,141,0.0008142954905358268
5,UPFC_tse,5-15,-2.152835962070224,99,-2.1498074184872142,MAP_SCADA,141,0.0030285435830097462
0,x_tcsc,1-14,-0.13900849846393998,0,-0.13364542032262494,MAP_SCADA,143,0.005363078141315036
1,B_svc,2,0.29650527170746127,0,0.2721553884124666,MAP_SCADA,143,0.024349883294994656
2,UPFC_Vsh,5-15,1.106444059367828,0,1.1069501479929083,MAP_SCADA,143,0.000506088625080281
3,UPFC_tsh,5-15,-0.2245452545715806,0,-0.2303785885119013,MAP_SCADA,143,0.005833333940320706
4,UPFC_Vse,5-15,0.06001100676389736,0,0.06074059081715823,MAP_SCADA,143,0.0007295840532608663
5,UPFC_tse,5-15,-2.145119974529498,0,-2.1490655122213376,MAP_SCADA,143,0.0039455376918393625
0,x_tcsc,1-14,-0.1396136637504605,1,-0.13364542032262494,MAP_SCADA,143,0.005968243427835557
1,B_svc,2,0.2995471824231543,1,0.2721553884124666,MAP_SCADA,143,0.027391794010687698
2,UPFC_Vsh,5-15,1.1028977000837634,1,1.1069501479929083,MAP_SCADA,143,0.0040524479091448296
3,UPFC_tsh,5-15,-0.2262309272513375,1,-0.2303785885119013,MAP_SCADA,143,0.00414766126056379
4,UPFC_Vse,5-15,0.05984995870332151,1,0.06074059081715823,MAP_SCADA,143,0.0008906321138367201
5,UPFC_tse,5-15,-2.1443611494327808,1,-2.1490655122213376,MAP_SCADA,143,0.004704362788556793
0,x_tcsc,1-14,-0.13936421795883266,2,-0.13364542032262494,MAP_SCADA,143,0.005718797636207723
1,B_svc,2,0.29683653973325336,2,0.2721553884124666,MAP_SCADA,143,0.024681151320786743
2,UPFC_Vsh,5-15,1.1033419492207521,2,1.1069501479929083,MAP_SCADA,143,0.0036081987721561237
3,UPFC_tsh,5-15,-0.22632827632391825,2,-0.2303785885119013,MAP_SCADA,143,0.004050312187983046
4,UPFC_Vse,5-15,0.06073139686472676,2,0.06074059081715823,MAP_SCADA,143,9.193952431464647e-06
5,UPFC_tse,5-15,-2.149609244944893,2,-2.1490655122213376,MAP_SCADA,143,0.0005437327235555678
0,x_tcsc,1-14,-0.13778624594440056,3,-0.13364542032262494,MAP_SCADA,143,0.004140825621775618
1,B_svc,2,0.30021723183472937,3,0.2721553884124666,MAP_SCADA,143,0.028061843422262756
2,UPFC_Vsh,5-15,1.10401400666262,3,1.1069501479929083,MAP_SCADA,143,0.002936141330288189
3,UPFC_tsh,5-15,-0.22767381252310107,3,-0.2303785885119013,MAP_SCADA,143,0.0027047759888002287
4,UPFC_Vse,5-15,0.060583952678000985,3,0.06074059081715823,MAP_SCADA,143,0.0001566381391572419
5,UPFC_tse,5-15,-2.1492311117466207,3,-2.1490655122213376,MAP_SCADA,143,0.00016559952528316657
0,x_tcsc,1-14,-0.13985462128825538,4,-0.13364542032262494,MAP_SCADA,143,0.006209200965630435
1,B_svc,2,0.296188187833812,4,0.2721553884124666,MAP_SCADA,143,0.024032799421345397
2,UPFC_Vsh,5-15,1.1026767779516253,4,1.1069501479929083,MAP_SCADA,143,0.00427337004128292
3,UPFC_tsh,5-15,-0.22641506895827404,4,-0.2303785885119013,MAP_SCADA,143,0.003963519553627254
4,UPFC_Vse,5-15,0.06010991456421456,4,0.06074059081715823,MAP_SCADA,143,0.0006306762529436696
5,UPFC_tse,5-15,-2.149924163840019,4,-2.1490655122213376,MAP_SCADA,143,0.0008586516186812609
0,x_tcsc,1-14,-0.13746500879930573,5,-0.13364542032262494,MAP_SCADA,143,0.003819588476680791
1,B_svc,2,0.3034607542918911,5,0.2721553884124666,MAP_SCADA,143,0.03130536587942451
2,UPFC_Vsh,5-15,1.1006785286143699,5,1.1069501479929083,MAP_SCADA,143,0.006271619378538373
3,UPFC_tsh,5-15,-0.2273157736710889,5,-0.2303785885119013,MAP_SCADA,143,0.003062814840812389
4,UPFC_Vse,5-15,0.06056989728741583,5,0.06074059081715823,MAP_SCADA,143,0.00017069352974239532
5,UPFC_tse,5-15,-2.1453666812389707,5,-2.1490655122213376,MAP_SCADA,143,0.0036988309823668963
0,x_tcsc,1-14,-0.13955901033275867,6,-0.13364542032262494,MAP_SCADA,143,0.0059135900101337235
1,B_svc,2,0.29902140685599293,6,0.2721553884124666,MAP_SCADA,143,0.02686601844352632
2,UPFC_Vsh,5-15,1.1051095689335,6,1.1069501479929083,MAP_SCADA,143,0.001840579059408265
3,UPFC_tsh,5-15,-0.22587728813114563,6,-0.2303785885119013,MAP_SCADA,143,0.004501300380755663
4,UPFC_Vse,5-15,0.06015700877506486,6,0.06074059081715823,MAP_SCADA,143,0.0005835820420933696
5,UPFC_tse,5-15,-2.1523236559127263,6,-2.1490655122213376,MAP_SCADA,143,0.0032581436913887707
0,x_tcsc,1-14,-0.13802243210717918,7,-0.13364542032262494,MAP_SCADA,143,0.004377011784554241
1,B_svc,2,0.2995903326742413,7,0.2721553884124666,MAP_SCADA,143,0.027434944261774674
2,UPFC_Vsh,5-15,1.1043946694822493,7,1.1069501479929083,MAP_SCADA,143,0.0025554785106589595
3,UPFC_tsh,5-15,-0.22658864844167736,7,-0.2303785885119013,MAP_SCADA,143,0.0037899400702239294
4,UPFC_Vse,5-15,0.05985353630766828,7,0.06074059081715823,MAP_SCADA,143,0.0008870545094899485
5,UPFC_tse,5-15,-2.154106660539906,7,-2.1490655122213376,MAP_SCADA,143,0.005041148318568389
0,x_tcsc,1-14,-0.13776651479993207,8,-0.13364542032262494,MAP_SCADA,143,0.00412109447730713
1,B_svc,2,0.3034020605098786,8,0.2721553884124666,MAP_SCADA,143,0.031246672097411998
2,UPFC_Vsh,5-15,1.1038155449859017,8,1.1069501479929083,MAP_SCADA,143,0.00313460300700652
3,UPFC_tsh,5-15,-0.22729311200001734,8,-0.2303785885119013,MAP_SCADA,143,0.0030854765118839556
4,UPFC_Vse,5-15,0.06036461132298206,8,0.06074059081715823,MAP_SCADA,143,0.0003759794941761638
5,UPFC_tse,5-15,-2.1549856065944772,8,-2.1490655122213376,MAP_SCADA,143,0.005920094373139673
0,x_tcsc,1-14,-0.13859247186509066,9,-0.13364542032262494,MAP_SCADA,143,0.004947051542465719
1,B_svc,2,0.29578539085512373,9,0.2721553884124666,MAP_SCADA,143,0.023630002442657116
2,UPFC_Vsh,5-15,1.104393061880654,9,1.1069501479929083,MAP_SCADA,143,0.0025570861122543587
3,UPFC_tsh,5-15,-0.2264243969300444,9,-0.2303785885119013,MAP_SCADA,143,0.003954191581856892
4,UPFC_Vse,5-15,0.060495454335872195,9,0.06074059081715823,MAP_SCADA,143,0.0002451364812860318
5,UPFC_tse,5-15,-2.1472225881378324,9,-2.1490655122213376,MAP_SCADA,143,0.0018429240835051708
0,x_tcsc,1-14,-0.14084676336732707,10,-0.13364542032262494,MAP_SCADA,143,0.00720134304470213
1,B_svc,2,0.2932031951219014,10,0.2721553884124666,MAP_SCADA,143,0.02104780670943479
2,UPFC_Vsh,5-15,1.1049799922854475,10,1.1069501479929083,MAP_SCADA,143,0.00197015570746073
3,UPFC_tsh,5-15,-0.22493217726351936,10,-0.2303785885119013,MAP_SCADA,143,0.005446411248381938
4,UPFC_Vse,5-15,0.060052763771416585,10,0.06074059081715823,MAP_SCADA,143,0.0006878270457416416
5,UPFC_tse,5-15,-2.148328019767737,10,-2.1490655122213376,MAP_SCADA,143,0.0007374924536005523
0,x_tcsc,1-14,-0.13935090874779182,11,-0.13364542032262494,MAP_SCADA,143,0.0057054884251668825
1,B_svc,2,0.3000827842332406,11,0.2721553884124666,MAP_SCADA,143,0.02792739582077397
2,UPFC_Vsh,5-15,1.104322749806619,11,1.1069501479929083,MAP_SCADA,143,0.0026273981862892093
3,UPFC_tsh,5-15,-0.22644285374367815,11,-0.2303785885119013,MAP_SCADA,143,0.003935734768223148
4,UPFC_Vse,5-15,0.06061384937727731,11,0.06074059081715823,MAP_SCADA,143,0.00012674143988091607
5,UPFC_tse,5-15,-2.1500395355490904,11,-2.1490655122213376,MAP_SCADA,143,0.0009740233277528709
0,x_tcsc,1-14,-0.13886661964430397,12,-0.13364542032262494,MAP_SCADA,143,0.0052211993216790265
1,B_svc,2,0.30316520299571653,12,0.2721553884124666,MAP_SCADA,143,0.031009814583249917
2,UPFC_Vsh,5-15,1.1014851436299993,12,1.1069501479929083,MAP_SCADA,143,0.005465004362908976
3,UPFC_tsh,5-15,-0.2265947577998115,12,-0.2303785885119013,MAP_SCADA,143,0.003783830712089792
4,UPFC_Vse,5-15,0.05951054582410368,12,0.06074059081715823,MAP_SCADA,143,0.001230044993054548
5,UPFC_tse,5-15,-2.1481486842702813,12,-2.1490655122213376,MAP_SCADA,143,0.0009168279510562982
0,x_tcsc,1-14,-0.13751298016279592,13,-0.13364542032262494,MAP_SCADA,143,0.003867559840170981
1,B_svc,2,0.30138813066979114,13,0.2721553884124666,MAP_SCADA,143,0.02923274225732453
2,UPFC_Vsh,5-15,1.1048805629058702,13,1.1069501479929083,MAP_SCADA,143,0.0020695850870380283
3,UPFC_tsh,5-15,-0.22692624201313333,13,-0.2303785885119013,MAP_SCADA,143,0.0034523464987679664
4,UPFC_Vse,5-15,0.05976662311998865,13,0.06074059081715823,MAP_SCADA,143,0.0009739676971695782
5,UPFC_tse,5-15,-2.1511226488263433,13,-2.1490655122213376,MAP_SCADA,143,0.002057136605005727
0,x_tcsc,1-14,-0.1387119073551927,14,-0.13364542032262494,MAP_SCADA,143,0.0050664870325677624
1,B_svc,2,0.2991060203265386,14,0.2721553884124666,MAP_SCADA,143,0.026950631914071987
2,UPFC_Vsh,5-15,1.1043098255803496,14,1.1069501479929083,MAP_SCADA,143,0.0026403224125586267
3,UPFC_tsh,5-15,-0.22659362725435733,14,-0.2303785885119013,MAP_SCADA,143,0.0037849612575439617
4,UPFC_Vse,5-15,0.05993925440151864,14,0.06074059081715823,MAP_SCADA,143,0.000801336415639585
5,UPFC_tse,5-15,-2.147403003091212,14,-2.1490655122213376,MAP_SCADA,143,0.0016625091301256667
0,x_tcsc,1-14,-0.1401347877250689,15,-0.13364542032262494,MAP_SCADA,143,0.006489367402443963
1,B_svc,2,0.29719327447259053,15,0.2721553884124666,MAP_SCADA,143,0.025037886060123915
2,UPFC_Vsh,5-15,1.10514278782043,15,1.1069501479929083,MAP_SCADA,143,0.0018073601724781785
3,UPFC_tsh,5-15,-0.22475059684335258,15,-0.2303785885119013,MAP_SCADA,143,0.005627991668548715
4,UPFC_Vse,5-15,0.05974653222629669,15,0.06074059081715823,MAP_SCADA,143,0.0009940585908615393
5,UPFC_tse,5-15,-2.1454506699074596,15,-2.1490655122213376,MAP_SCADA,143,0.003614842313877986
0,x_tcsc,1-14,-0.13657497542089506,16,-0.13364542032262494,MAP_SCADA,143,0.0029295550982701146
1,B_svc,2,0.3050354964593784,16,0.2721553884124666,MAP_SCADA,143,0.03288010804691177
2,UPFC_Vsh,5-15,1.1042529235454521,16,1.1069501479929083,MAP_SCADA,143,0.0026972244474561258
3,UPFC_tsh,5-15,-0.2272530051578728,16,-0.2303785885119013,MAP_SCADA,143,0.0031255833540284883
4,UPFC_Vse,5-15,0.05994727137748766,16,0.06074059081715823,MAP_SCADA,143,0.0007933194396705645
5,UPFC_tse,5-15,-2.1525110522626387,16,-2.1490655122213376,MAP_SCADA,143,0.003445540041301154
0,x_tcsc,1-14,-0.14031858933454772,17,-0.13364542032262494,MAP_SCADA,143,0.006673169011922775
1,B_svc,2,0.29837338229458993,17,0.2721553884124666,MAP_SCADA,143,0.026217993882123314
2,UPFC_Vsh,5-15,1.1048099590733964,17,1.1069501479929083,MAP_SCADA,143,0.002140188919511843
3,UPFC_tsh,5-15,-0.2258268842497113,17,-0.2303785885119013,MAP_SCADA,143,0.004551704262189982
4,UPFC_Vse,5-15,0.060018761302233874,17,0.06074059081715823,MAP_SCADA,143,0.0007218295149243534
5,UPFC_tse,5-15,-2.1445126629522857,17,-2.1490655122213376,MAP_SCADA,143,0.004552849269051862
0,x_tcsc,1-14,-0.13862398376095758,18,-0.13364542032262494,MAP_SCADA,143,0.004978563438332639
1,B_svc,2,0.30051063411948875,18,0.2721553884124666,MAP_SCADA,143,0.028355245707022136
2,UPFC_Vsh,5-15,1.1036263093848822,18,1.1069501479929083,MAP_SCADA,143,0.0033238386080260973
3,UPFC_tsh,5-15,-0.22631897737870346,18,-0.2303785885119013,MAP_SCADA,143,0.004059611133197832
4,UPFC_Vse,5-15,0.06059917772140851,18,0.06074059081715823,MAP_SCADA,143,0.00014141309574971367
5,UPFC_tse,5-15,-2.1481598405459894,18,-2.1490655122213376,MAP_SCADA,143,0.0009056716753481631
0,x_tcsc,1-14,-0.13997150805289785,19,-0.13364542032262494,MAP_SCADA,143,0.006326087730272906
1,B_svc,2,0.2975385393396756,19,0.2721553884124666,MAP_SCADA,143,0.025383150927208997
2,UPFC_Vsh,5-15,1.102397254952331,19,1.1069501479929083,MAP_SCADA,143,0.004552893040577155
3,UPFC_tsh,5-15,-0.22583042910126308,19,-0.2303785885119013,MAP_SCADA,143,0.004548159410638214
4,UPFC_Vse,5-15,0.06029962107356366,19,0.06074059081715823,MAP_SCADA,143,0.00044096974359456725
5,UPFC_tse,5-15,-2.1511675257445853,19,-2.1490655122213376,MAP_SCADA,143,0.002102013523247681
0,x_tcsc,1-14,-0.13996105232389777,20,-0.13364542032262494,MAP_SCADA,143,0.006315632001272831
1,B_svc,2,0.2921272452893663,20,0.2721553884124666,MAP_SCADA,143,0.019971856876899674
2,UPFC_Vsh,5-15,1.1059558536829384,20,1.1069501479929083,MAP_SCADA,143,0.0009942943099698898
3,UPFC_tsh,5-15,-0.22446458794532617,20,-0.2303785885119013,MAP_SCADA,143,0.005914000566575123
4,UPFC_Vse,5-15,0.05986600732266241,20,0.06074059081715823,MAP_SCADA,143,0.0008745834944958175
5,UPFC_tse,5-15,-2.1451598095664512,20,-2.1490655122213376,MAP_SCADA,143,0.0039057026548863227
0,x_tcsc,1-14,-0.13822667342328782,21,-0.13364542032262494,MAP_SCADA,143,0.004581253100662874
1,B_svc,2,0.2972723864116842,21,0.2721553884124666,MAP_SCADA,143,0.025116997999217572
2,UPFC_Vsh,5-15,1.1041169664709394,21,1.1069501479929083,MAP_SCADA,143,0.002833181521968875
3,UPFC_tsh,5-15,-0.22696494078320859,21,-0.2303785885119013,MAP_SCADA,143,0.003413647728692709
4,UPFC_Vse,5-15,0.06022746905635116,21,0.06074059081715823,MAP_SCADA,143,0.0005131217608070684
5,UPFC_tse,5-15,-2.152488046930867,21,-2.1490655122213376,MAP_SCADA,143,0.003422534709529579
0,x_tcsc,1-14,-0.1385780621689011,22,-0.13364542032262494,MAP_SCADA,143,0.004932641846276148
1,B_svc,2,0.295866779953715,22,0.2721553884124666,MAP_SCADA,143,0.023711391541248406
2,UPFC_Vsh,5-15,1.1060783732776556,22,1.1069501479929083,MAP_SCADA,143,0.0008717747152526822
3,UPFC_tsh,5-15,-0.22534572355539284,22,-0.2303785885119013,MAP_SCADA,143,0.005032864956508454
4,UPFC_Vse,5-15,0.059450675865346955,22,0.06074059081715823,MAP_SCADA,143,0.0012899149518112718
5,UPFC_tse,5-15,-2.1468013562424364,22,-2.1490655122213376,MAP_SCADA,143,0.0022641559789011723
0,x_tcsc,1-14,-0.1402901868998003,23,-0.13364542032262494,MAP_SCADA,143,0.0066447665771753595
1,B_svc,2,0.28873643190744297,23,0.2721553884124666,MAP_SCADA,143,0.016581043494976355
2,UPFC_Vsh,5-15,1.104882461923429,23,1.1069501479929083,MAP_SCADA,143,0.0020676860694792687
3,UPFC_tsh,5-15,-0.2252051158164447,23,-0.2303785885119013,MAP_SCADA,143,0.0051734726954565935
4,UPFC_Vse,5-15,0.0602245918602625,23,0.06074059081715823,MAP_SCADA,143,0.000515998956895726
5,UPFC_tse,5-15,-2.143819747526403,23,-2.1490655122213376,MAP_SCADA,143,0.005245764694934429
0,x_tcsc,1-14,-0.1392743045440156,24,-0.13364542032262494,MAP_SCADA,143,0.0056288842213906565
1,B_svc,2,0.29738585302713844,24,0.2721553884124666,MAP_SCADA,143,0.02523046461467182
2,UPFC_Vsh,5-15,1.1045794019361654,24,1.1069501479929083,MAP_SCADA,143,0.002370746056742812
3,UPFC_tsh,5-15,-0.22649652881257448,24,-0.2303785885119013,MAP_SCADA,143,0.003882059699326812
4,UPFC_Vse,5-15,0.060071837795885465,24,0.06074059081715823,MAP_SCADA,143,0.0006687530212727624
5,UPFC_tse,5-15,-2.1422016412545237,24,-2.1490655122213376,MAP_SCADA,143,0.006863870966813845
0,x_tcsc,1-14,-0.1377908231437233,25,-0.13364542032262494,MAP_SCADA,143,0.0041454028210983485
1,B_svc,2,0.3061252413607257,25,0.2721553884124666,MAP_SCADA,143,0.033969852948259105
2,UPFC_Vsh,5-15,1.1034073057683083,25,1.1069501479929083,MAP_SCADA,143,0.0035428422245999958
3,UPFC_tsh,5-15,-0.22768260667530446,25,-0.2303785885119013,MAP_SCADA,143,0.0026959818365968335
4,UPFC_Vse,5-15,0.06020619773713513,25,0.06074059081715823,MAP_SCADA,143,0.0005343930800231003
5,UPFC_tse,5-15,-2.150180709765505,25,-2.1490655122213376,MAP_SCADA,143,0.0011151975441672235
0,x_tcsc,1-14,-0.1385486551204919,26,-0.13364542032262494,MAP_SCADA,143,0.0049032347978669455
1,B_svc,2,0.300807778883365,26,0.2721553884124666,MAP_SCADA,143,0.028652390470898403
2,UPFC_Vsh,5-15,1.1039094048672455,26,1.1069501479929083,MAP_SCADA,143,0.003040743125662715
3,UPFC_tsh,5-15,-0.2259080636694409,26,-0.2303785885119013,MAP_SCADA,143,0.004470524842460383
4,UPFC_Vse,5-15,0.0608357430479533,26,0.06074059081715823,MAP_SCADA,143,9.515223079507168e-05
5,UPFC_tse,5-15,-2.1503445282371287,26,-2.1490655122213376,MAP_SCADA,143,0.0012790160157911679
0,x_tcsc,1-14,-0.13881034278722607,27,-0.13364542032262494,MAP_SCADA,143,0.005164922464601124
1,B_svc,2,0.2914728599813028,27,0.2721553884124666,MAP_SCADA,143,0.019317471568836175
2,UPFC_Vsh,5-15,1.104849217491168,27,1.1069501479929083,MAP_SCADA,143,0.002100930501740317
3,UPFC_tsh,5-15,-0.225308752946577,27,-0.2303785885119013,MAP_SCADA,143,0.005069835565324282
4,UPFC_Vse,5-15,0.06004084817340249,27,0.06074059081715823,MAP_SCADA,143,0.0006997426437557394
5,UPFC_tse,5-15,-2.148496938186742,27,-2.1490655122213376,MAP_SCADA,143,0.0005685740345957591
0,x_tcsc,1-14,-0.13913273389529263,28,-0.13364542032262494,MAP_SCADA,143,0.005487313572667685
1,B_svc,2,0.296591253501489,28,0.2721553884124666,MAP_SCADA,143,0.0244358650890224
2,UPFC_Vsh,5-15,1.106067300145302,28,1.1069501479929083,MAP_SCADA,143,0.0008828478476061719
3,UPFC_tsh,5-15,-0.2247781884335331,28,-0.2303785885119013,MAP_SCADA,143,0.005600400078368206
4,UPFC_Vse,5-15,0.060115046821960276,28,0.06074059081715823,MAP_SCADA,143,0.0006255439951979511
5,UPFC_tse,5-15,-2.143399854831133,28,-2.1490655122213376,MAP_SCADA,143,0.005665657390204526
0,x_tcsc,1-14,-0.13888452296679737,29,-0.13364542032262494,MAP_SCADA,143,0.005239102644172433
1,B_svc,2,0.2992698066686642,29,0.2721553884124666,MAP_SCADA,143,0.027114418256197592
2,UPFC_Vsh,5-15,1.10514048130782,29,1.1069501479929083,MAP_SCADA,143,0.001809666685088196
3,UPFC_tsh,5-15,-0.22565557417003165,29,-0.2303785885119013,MAP_SCADA,143,0.004723014341869641
4,UPFC_Vse,5-15,0.05959903426723671,29,0.06074059081715823,MAP_SCADA,143,0.00114155654992152
5,UPFC_tse,5-15,-2.1487909286896563,29,-2.1490655122213376,MAP_SCADA,143,0.000274583531681305
0,x_tcsc,1-14,-0.13966994289115525,30,-0.13364542032262494,MAP_SCADA,143,0.0060245225685303105
1,B_svc,2,0.29765113418232697,30,0.2721553884124666,MAP_SCADA,143,0.025495745769860356
2,UPFC_Vsh,5-15,1.1025388252883417,30,1.1069501479929083,MAP_SCADA,143,0.004411322704566567
3,UPFC_tsh,5-15,-0.22632311264655752,30,-0.2303785885119013,MAP_SCADA,143,0.004055475865343772
4,UPFC_Vse,5-15,0.060273030760081885,30,0.06074059081715823,MAP_SCADA,143,0.00046756005707634246
5,UPFC_tse,5-15,-2.1470760271765768,30,-2.1490655122213376,MAP_SCADA,143,0.0019894850447608192
0,x_tcsc,1-14,-0.1396459351331978,31,-0.13364542032262494,MAP_SCADA,143,0.006000514810572871
1,B_svc,2,0.29859178983973,31,0.2721553884124666,MAP_SCADA,143,0.02643640142726339
2,UPFC_Vsh,5-15,1.103772856341603,31,1.1069501479929083,MAP_SCADA,143,0.003177291651305314
3,UPFC_tsh,5-15,-0.22586435764479773,31,-0.2303785885119013,MAP_SCADA,143,0.004514230867103564
4,UPFC_Vse,5-15,0.060196723858506794,31,0.06074059081715823,MAP_SCADA,143,0.000543866958651433
5,UPFC_tse,5-15,-2.149224612485506,31,-2.1490655122213376,MAP_SCADA,143,0.0001591002641685435
0,x_tcsc,1-14,-0.13746908066422436,32,-0.13364542032262494,MAP_SCADA,143,0.003823660341599422
1,B_svc,2,0.3038280239187001,32,0.2721553884124666,MAP_SCADA,143,0.031672635506233504
2,UPFC_Vsh,5-15,1.103889255951134,32,1.1069501479929083,MAP_SCADA,143,0.003060892041774288
3,UPFC_tsh,5-15,-0.22775698399944186,32,-0.2303785885119013,MAP_SCADA,143,0.0026216045124594356
4,UPFC_Vse,5-15,0.06038293076645081,32,0.06074059081715823,MAP_SCADA,143,0.00035766005070742013
5,UPFC_tse,5-15,-2.1500529755168016,32,-2.1490655122213376,MAP_SCADA,143,0.0009874632954640639
0,x_tcsc,1-14,-0.1407724381384244,33,-0.13364542032262494,MAP_SCADA,143,0.007127017815799469
1,B_svc,2,0.29109702121632824,33,0.2721553884124666,MAP_SCADA,143,0.01894163280386163
2,UPFC_Vsh,5-15,1.1061593864183283,33,1.1069501479929083,MAP_SCADA,143,0.0007907615745799124
3,UPFC_tsh,5-15,-0.22444767867505602,33,-0.2303785885119013,MAP_SCADA,143,0.005930909836845272
4,UPFC_Vse,5-15,0.05977371883798552,33,0.06074059081715823,MAP_SCADA,143,0.0009668719791727093
5,UPFC_tse,5-15,-2.14828422550704,33,-2.1490655122213376,MAP_SCADA,143,0.0007812867142975577
0,x_tcsc,1-14,-0.1396247852341707,34,-0.13364542032262494,MAP_SCADA,143,0.00597936491154577
1,B_svc,2,0.29625064662459444,34,0.2721553884124666,MAP_SCADA,143,0.024095258212127824
2,UPFC_Vsh,5-15,1.104409373734565,34,1.1069501479929083,MAP_SCADA,143,0.0025407742583432036
3,UPFC_tsh,5-15,-0.2260998187080884,34,-0.2303785885119013,MAP_SCADA,143,0.004278769803812893
4,UPFC_Vse,5-15,0.060423493335265026,34,0.06074059081715823,MAP_SCADA,143,0.00031709748189320125
5,UPFC_tse,5-15,-2.148531035273312,34,-2.1490655122213376,MAP_SCADA,143,0.0005344769480255529
0,x_tcsc,1-14,-0.13747071296096938,35,-0.13364542032262494,MAP_SCADA,143,0.0038252926383444408
1,B_svc,2,0.2970031945926777,35,0.2721553884124666,MAP_SCADA,143,0.024847806180211096
2,UPFC_Vsh,5-15,1.1043141540277561,35,1.1069501479929083,MAP_SCADA,143,0.002635993965152128
3,UPFC_tsh,5-15,-0.22689694102156815,35,-0.2303785885119013,MAP_SCADA,143,0.0034816474903331396
4,UPFC_Vse,5-15,0.06012317071876644,35,0.06074059081715823,MAP_SCADA,143,0.0006174200983917882
5,UPFC_tse,5-15,-2.149481545118172,35,-2.1490655122213376,MAP_SCADA,143,0.0004160328968345617
0,x_tcsc,1-14,-0.14022767642520453,36,-0.13364542032262494,MAP_SCADA,143,0.006582256102579592
1,B_svc,2,0.2945503832650932,36,0.2721553884124666,MAP_SCADA,143,0.022394994852626582
2,UPFC_Vsh,5-15,1.1042972523376584,36,1.1069501479929083,MAP_SCADA,143,0.002652895655249843
3,UPFC_tsh,5-15,-0.22502397668760352,36,-0.2303785885119013,MAP_SCADA,143,0.005354611824297778
4,UPFC_Vse,5-15,0.05990084617611401,36,0.06074059081715823,MAP_SCADA,143,0.0008397446410442141
5,UPFC_tse,5-15,-2.145775581524078,36,-2.1490655122213376,MAP_SCADA,143,0.003289930697259358
0,x_tcsc,1-14,-0.13930864788106107,37,-0.13364542032262494,MAP_SCADA,143,0.005663227558436124
1,B_svc,2,0.2985366169832528,37,0.2721553884124666,MAP_SCADA,143,0.026381228570786175
2,UPFC_Vsh,5-15,1.1055109564919188,37,1.1069501479929083,MAP_SCADA,143,0.0014391915009894785
3,UPFC_tsh,5-15,-0.22576395725073525,37,-0.2303785885119013,MAP_SCADA,143,0.004614631261166041
4,UPFC_Vse,5-15,0.05957450635499889,37,0.06074059081715823,MAP_SCADA,143,0.0011660844621593364
5,UPFC_tse,5-15,-2.1485789670072792,37,-2.1490655122213376,MAP_SCADA,143,0.0004865452140583315
0,x_tcsc,1-14,-0.13876399333863584,38,-0.13364542032262494,MAP_SCADA,143,0.005118573016010902
1,B_svc,2,0.29775285732011453,38,0.2721553884124666,MAP_SCADA,143,0.025597468907647913
2,UPFC_Vsh,5-15,1.104689520361175,38,1.1069501479929083,MAP_SCADA,143,0.002260627631733181
3,UPFC_tsh,5-15,-0.22595945019195673,38,-0.2303785885119013,MAP_SCADA,143,0.00441913831994456
4,UPFC_Vse,5-15,0.060351667486153455,38,0.06074059081715823,MAP_SCADA,143,0.00038892333100477156
5,UPFC_tse,5-15,-2.1462755904313355,38,-2.1490655122213376,MAP_SCADA,143,0.0027899217900020368
0,x_tcsc,1-14,-0.13888872058816598,39,-0.13364542032262494,MAP_SCADA,143,0.00524330026554104
1,B_svc,2,0.30026952731217943,39,0.2721553884124666,MAP_SCADA,143,0.028114138899712815
2,UPFC_Vsh,5-15,1.1035081667959006,39,1.1069501479929083,MAP_SCADA,143,0.003441981197007671
3,UPFC_tsh,5-15,-0.22685329721329714,39,-0.2303785885119013,MAP_SCADA,143,0.003525291298604155
4,UPFC_Vse,5-15,0.060193805382303366,39,0.06074059081715823,MAP_SCADA,143,0.0005467854348548615
5,UPFC_tse,5-15,-2.1480449289464985,39,-2.1490655122213376,MAP_SCADA,143,0.0010205832748391153
0,x_tcsc,1-14,-0.1380881425081221,40,-0.13364542032262494,MAP_SCADA,143,0.0044427221854971555
1,B_svc,2,0.305150873703634,40,0.2721553884124666,MAP_SCADA,143,0.03299548529116736
2,UPFC_Vsh,5-15,1.1010648603053346,40,1.1069501479929083,MAP_SCADA,143,0.0058852876875736815
3,UPFC_tsh,5-15,-0.2285433630113417,40,-0.2303785885119013,MAP_SCADA,143,0.0018352255005595897
4,UPFC_Vse,5-15,0.06086204016250076,40,0.06074059081715823,MAP_SCADA,143,0.00012144934534253499
5,UPFC_tse,5-15,-2.148631665556464,40,-2.1490655122213376,MAP_SCADA,143,0.0004338466648734496
0,x_tcsc,1-14,-0.1387186169873437,41,-0.13364542032262494,MAP_SCADA,143,0.005073196664718754
1,B_svc,2,0.29322018540771627,41,0.2721553884124666,MAP_SCADA,143,0.021064796995249657
2,UPFC_Vsh,5-15,1.1038591215574631,41,1.1069501479929083,MAP_SCADA,143,0.003091026435445121
3,UPFC_tsh,5-15,-0.22602840755094478,41,-0.2303785885119013,MAP_SCADA,143,0.004350180960956518
4,UPFC_Vse,5-15,0.060643180625298665,41,0.06074059081715823,MAP_SCADA,143,9.741019185956212e-05
5,UPFC_tse,5-15,-2.1511423510924637,41,-2.1490655122213376,MAP_SCADA,143,0.0020768388711260855
0,x_tcsc,1-14,-0.1399054585652153,42,-0.13364542032262494,MAP_SCADA,143,0.00626003824259036
1,B_svc,2,0.29691859176243846,42,0.2721553884124666,MAP_SCADA,143,0.02476320334997184
2,UPFC_Vsh,5-15,1.1044028256050389,42,1.1069501479929083,MAP_SCADA,143,0.0025473223878693663
3,UPFC_tsh,5-15,-0.2256305853352938,42,-0.2303785885119013,MAP_SCADA,143,0.004748003176607507
4,UPFC_Vse,5-15,0.060075035419874336,42,0.06074059081715823,MAP_SCADA,143,0.0006655553972838915
5,UPFC_tse,5-15,-2.144996823734121,42,-2.1490655122213376,MAP_SCADA,143,0.004068688487216754
0,x_tcsc,1-14,-0.13845023221293154,43,-0.13364542032262494,MAP_SCADA,143,0.004804811890306598
1,B_svc,2,0.2982945498498663,43,0.2721553884124666,MAP_SCADA,143,0.026139161437399694
2,UPFC_Vsh,5-15,1.1058482160010459,43,1.1069501479929083,MAP_SCADA,143,0.0011019319918623705
3,UPFC_tsh,5-15,-0.2259417019098907,43,-0.2303785885119013,MAP_SCADA,143,0.004436886602010581
4,UPFC_Vse,5-15,0.0596267769348247,43,0.06074059081715823,MAP_SCADA,143,0.001113813882333524
5,UPFC_tse,5-15,-2.1476228475067285,43,-2.1490655122213376,MAP_SCADA,143,0.0014426647146090765
0,x_tcsc,1-14,-0.139811517951264,44,-0.13364542032262494,MAP_SCADA,143,0.006166097628639067
1,B_svc,2,0.29671087376323174,44,0.2721553884124666,MAP_SCADA,143,0.024555485350765127
2,UPFC_Vsh,5-15,1.1028977831949425,44,1.1069501479929083,MAP_SCADA,143,0.0040523647979657795
3,UPFC_tsh,5-15,-0.22646896973694672,44,-0.2303785885119013,MAP_SCADA,143,0.003909618774954576
4,UPFC_Vse,5-15,0.06049594237847763,44,0.06074059081715823,MAP_SCADA,143,0.0002446484386805989
5,UPFC_tse,5-15,-2.1480555669771535,44,-2.1490655122213376,MAP_SCADA,143,0.001009945244184074
0,x_tcsc,1-14,-0.14052857428117096,45,-0.13364542032262494,MAP_SCADA,143,0.006883153958546023
1,B_svc,2,0.29656433459849,45,0.2721553884124666,MAP_SCADA,143,0.024408946186023406
2,UPFC_Vsh,5-15,1.105353337485876,45,1.1069501479929083,MAP_SCADA,143,0.001596810507032309
3,UPFC_tsh,5-15,-0.2250383220991583,45,-0.2303785885119013,MAP_SCADA,143,0.005340266412742989
4,UPFC_Vse,5-15,0.05983092960988044,45,0.06074059081715823,MAP_SCADA,143,0.0009096612072777843
5,UPFC_tse,5-15,-2.1495930852050207,45,-2.1490655122213376,MAP_SCADA,143,0.0005275729836831111
0,x_tcsc,1-14,-0.13895079535319532,46,-0.13364542032262494,MAP_SCADA,143,0.005305375030570381
1,B_svc,2,0.2964461038118466,46,0.2721553884124666,MAP_SCADA,143,0.024290715399379992
2,UPFC_Vsh,5-15,1.1048489870248948,46,1.1069501479929083,MAP_SCADA,143,0.0021011609680134935
3,UPFC_tsh,5-15,-0.22489720469760976,46,-0.2303785885119013,MAP_SCADA,143,0.005481383814291529
4,UPFC_Vse,5-15,0.06055886878461661,46,0.06074059081715823,MAP_SCADA,143,0.00018172203254161745
5,UPFC_tse,5-15,-2.143860217935244,46,-2.1490655122213376,MAP_SCADA,143,0.005205294286093398
0,x_tcsc,1-14,-0.13913388965149576,47,-0.13364542032262494,MAP_SCADA,143,0.005488469328870815
1,B_svc,2,0.2984715848952935,47,0.2721553884124666,MAP_SCADA,143,0.026316196482826903
2,UPFC_Vsh,5-15,1.103504153241162,47,1.1069501479929083,MAP_SCADA,143,0.0034459947517462286
3,UPFC_tsh,5-15,-0.22569345557829593,47,-0.2303785885119013,MAP_SCADA,143,0.004685132933605368
4,UPFC_Vse,5-15,0.0599048945666807,47,0.06074059081715823,MAP_SCADA,143,0.0008356962504775245
5,UPFC_tse,5-15,-2.147264956699322,47,-2.1490655122213376,MAP_SCADA,143,0.0018005555220157454
0,x_tcsc,1-14,-0.1388308665670919,48,-0.13364542032262494,MAP_SCADA,143,0.005185446244466957
1,B_svc,2,0.2980432939421639,48,0.2721553884124666,MAP_SCADA,143,0.025887905529697275
2,UPFC_Vsh,5-15,1.1046129074545643,48,1.1069501479929083,MAP_SCADA,143,0.002337240538343943
3,UPFC_tsh,5-15,-0.22600620862937293,48,-0.2303785885119013,MAP_SCADA,143,0.0043723798825283655
4,UPFC_Vse,5-15,0.059986161692255846,48,0.06074059081715823,MAP_SCADA,143,0.000754429124902381
5,UPFC_tse,5-15,-2.1500646836679387,48,-2.1490655122213376,MAP_SCADA,143,0.0009991714466011103
0,x_tcsc,1-14,-0.13678999882709117,49,-0.13364542032262494,MAP_SCADA,143,0.0031445785044662278
1,B_svc,2,0.3048122495750491,49,0.2721553884124666,MAP_SCADA,143,0.032656861162582485
2,UPFC_Vsh,5-15,1.1028142767271474,49,1.1069501479929083,MAP_SCADA,143,0.004135871265760871
3,UPFC_tsh,5-15,-0.22789640504364608,49,-0.2303785885119013,MAP_SCADA,143,0.0024821834682552113
4,UPFC_Vse,5-15,0.06019102860432917,49,0.06074059081715823,MAP_SCADA,143,0.0005495622128290564
5,UPFC_tse,5-15,-2.1502166423072926,49,-2.1490655122213376,MAP_SCADA,143,0.001151130085955021
0,x_tcsc,1-14,-0.13844327078259241,50,-0.13364542032262494,MAP_SCADA,143,0.004797850459967473
1,B_svc,2,0.296185019327285,50,0.2721553884124666,MAP_SCADA,143,0.024029630914818412
2,UPFC_Vsh,5-15,1.103699644975238,50,1.1069501479929083,MAP_SCADA,143,0.003250503017670159
3,UPFC_tsh,5-15,-0.22623525675338108,50,-0.2303785885119013,MAP_SCADA,143,0.004143331758520219
4,UPFC_Vse,5-15,0.060455226854863514,50,0.06074059081715823,MAP_SCADA,143,0.00028536396229471295
5,UPFC_tse,5-15,-2.147736097903853,50,-2.1490655122213376,MAP_SCADA,143,0.0013294143174844564
0,x_tcsc,1-14,-0.13932493877968363,51,-0.13364542032262494,MAP_SCADA,143,0.005679518457058691
1,B_svc,2,0.29545982958944195,51,0.2721553884124666,MAP_SCADA,143,0.023304441176975332
2,UPFC_Vsh,5-15,1.1041996971003738,51,1.1069501479929083,MAP_SCADA,143,0.0027504508925344506
3,UPFC_tsh,5-15,-0.2259362461468297,51,-0.2303785885119013,MAP_SCADA,143,0.0044423423650716
4,UPFC_Vse,5-15,0.060608605431686384,51,0.06074059081715823,MAP_SCADA,143,0.00013198538547184308
5,UPFC_tse,5-15,-2.147654032566646,51,-2.1490655122213376,MAP_SCADA,143,0.001411479654691572
0,x_tcsc,1-14,-0.13877429196352978,52,-0.13364542032262494,MAP_SCADA,143,0.005128871640904836
1,B_svc,2,0.2955519365557847,52,0.2721553884124666,MAP_SCADA,143,0.023396548143318097
2,UPFC_Vsh,5-15,1.103401285053523,52,1.1069501479929083,MAP_SCADA,143,0.0035488629393851667
3,UPFC_tsh,5-15,-0.2256970092293021,52,-0.2303785885119013,MAP_SCADA,143,0.004681579282599185
4,UPFC_Vse,5-15,0.060037529394786515,52,0.06074059081715823,MAP_SCADA,143,0.0007030614223717119
5,UPFC_tse,5-15,-2.1502566117296222,52,-2.1490655122213376,MAP_SCADA,143,0.0011910995082846654
0,x_tcsc,1-14,-0.13719206890746846,53,-0.13364542032262494,MAP_SCADA,143,0.0035466485848435203
1,B_svc,2,0.2997239554174644,53,0.2721553884124666,MAP_SCADA,143,0.027568567004997768
2,UPFC_Vsh,5-15,1.1040769980954428,53,1.1069501479929083,MAP_SCADA,143,0.0028731498974654546
3,UPFC_tsh,5-15,-0.22720083749051107,53,-0.2303785885119013,MAP_SCADA,143,0.0031777510213902294
4,UPFC_Vse,5-15,0.06010456096434186,53,0.06074059081715823,MAP_SCADA,143,0.0006360298528163694
5,UPFC_tse,5-15,-2.1545612967427794,53,-2.1490655122213376,MAP_SCADA,143,0.005495784521441838
0,x_tcsc,1-14,-0.13798824104664212,54,-0.13364542032262494,MAP_SCADA,143,0.004342820724017177
1,B_svc,2,0.30227977719608706,54,0.2721553884124666,MAP_SCADA,143,0.030124388783620448
2,UPFC_Vsh,5-15,1.103186529193495,54,1.1069501479929083,MAP_SCADA,143,0.0037636187994132264
3,UPFC_tsh,5-15,-0.22683808163686253,54,-0.2303785885119013,MAP_SCADA,143,0.0035405068750387625
4,UPFC_Vse,5-15,0.06059927539276227,54,0.06074059081715823,MAP_SCADA,143,0.00014131542439595884
5,UPFC_tse,5-15,-2.1470201328700975,54,-2.1490655122213376,MAP_SCADA,143,0.002045379351240051
0,x_tcsc,1-14,-0.13861819969654465,55,-0.13364542032262494,MAP_SCADA,143,0.004972779373919711
1,B_svc,2,0.2982281439530429,55,0.2721553884124666,MAP_SCADA,143,0.02607275554057631
2,UPFC_Vsh,5-15,1.1062975037791578,55,1.1069501479929083,MAP_SCADA,143,0.0006526442137504418
3,UPFC_tsh,5-15,-0.2256201950046325,55,-0.2303785885119013,MAP_SCADA,143,0.004758393507268782
4,UPFC_Vse,5-15,0.06010544691893832,55,0.06074059081715823,MAP_SCADA,143,0.0006351438982199059
5,UPFC_tse,5-15,-2.1486231597502226,55,-2.1490655122213376,MAP_SCADA,143,0.0004423524711150151
0,x_tcsc,1-14,-0.13821983146765665,56,-0.13364542032262494,MAP_SCADA,143,0.004574411145031709
1,B_svc,2,0.3011376864684205,56,0.2721553884124666,MAP_SCADA,143,0.02898229805595387
2,UPFC_Vsh,5-15,1.104502511352792,56,1.1069501479929083,MAP_SCADA,143,0.0024476366401162686
3,UPFC_tsh,5-15,-0.22690992863944798,56,-0.2303785885119013,MAP_SCADA,143,0.003468659872453317
4,UPFC_Vse,5-15,0.06015288344386399,56,0.06074059081715823,MAP_SCADA,143,0.0005877073732942356
5,UPFC_tse,5-15,-2.145879885001655,56,-2.1490655122213376,MAP_SCADA,143,0.0031856272196826296
0,x_tcsc,1-14,-0.13767132395109832,57,-0.13364542032262494,MAP_SCADA,143,0.004025903628473382
1,B_svc,2,0.29706997285255465,57,0.2721553884124666,MAP_SCADA,143,0.02491458444008804
2,UPFC_Vsh,5-15,1.1075096933847748,57,1.1069501479929083,MAP_SCADA,143,0.0005595453918665338
3,UPFC_tsh,5-15,-0.22571755461786697,57,-0.2303785885119013,MAP_SCADA,143,0.004661033894034328
4,UPFC_Vse,5-15,0.05995041538130148,57,0.06074059081715823,MAP_SCADA,143,0.0007901754358567437
5,UPFC_tse,5-15,-2.1442045134949352,57,-2.1490655122213376,MAP_SCADA,143,0.0048609987264023324
0,x_tcsc,1-14,-0.14025304881818126,58,-0.13364542032262494,MAP_SCADA,143,0.0066076284955563225
1,B_svc,2,0.2943751922505254,58,0.2721553884124666,MAP_SCADA,143,0.02221980383805877
2,UPFC_Vsh,5-15,1.1043382438971199,58,1.1069501479929083,MAP_SCADA,143,0.0026119040957883755
3,UPFC_tsh,5-15,-0.22596942597343528,58,-0.2303785885119013,MAP_SCADA,143,0.004409162538466016
4,UPFC_Vse,5-15,0.05989844619524658,58,0.06074059081715823,MAP_SCADA,143,0.0008421446219116502
5,UPFC_tse,5-15,-2.150392797073834,58,-2.1490655122213376,MAP_SCADA,143,0.0013272848524965575
0,x_tcsc,1-14,-0.13948574348694037,59,-0.13364542032262494,MAP_SCADA,143,0.005840323164315431
1,B_svc,2,0.29361040067047306,59,0.2721553884124666,MAP_SCADA,143,0.021455012258006445
2,UPFC_Vsh,5-15,1.1024436446396637,59,1.1069501479929083,MAP_SCADA,143,0.00450650335324454
3,UPFC_tsh,5-15,-0.2260962852316475,59,-0.2303785885119013,MAP_SCADA,143,0.0042823032802538075
4,UPFC_Vse,5-15,0.0603760348307006,59,0.06074059081715823,MAP_SCADA,143,0.00036455598645762644
5,UPFC_tse,5-15,-2.153027024774551,59,-2.1490655122213376,MAP_SCADA,143,0.003961512553213531
0,x_tcsc,1-14,-0.13734548040088565,60,-0.13364542032262494,MAP_SCADA,143,0.0037000600782607085
1,B_svc,2,0.3050931327260433,60,0.2721553884124666,MAP_SCADA,143,0.03293774431357671
2,UPFC_Vsh,5-15,1.1024510869435684,60,1.1069501479929083,MAP_SCADA,143,0.004499061049339836
3,UPFC_tsh,5-15,-0.22792302563646952,60,-0.2303785885119013,MAP_SCADA,143,0.002455562875431777
4,UPFC_Vse,5-15,0.05994697426279195,60,0.06074059081715823,MAP_SCADA,143,0.000793616554366279
5,UPFC_tse,5-15,-2.1533501829787167,60,-2.1490655122213376,MAP_SCADA,143,0.00428467075737915
0,x_tcsc,1-14,-0.13962038629562434,61,-0.13364542032262494,MAP_SCADA,143,0.005974965972999402
1,B_svc,2,0.2962995497542139,61,0.2721553884124666,MAP_SCADA,143,0.024144161341747294
2,UPFC_Vsh,5-15,1.1029814234863042,61,1.1069501479929083,MAP_SCADA,143,0.0039687245066040155
3,UPFC_tsh,5-15,-0.22586234776028932,61,-0.2303785885119013,MAP_SCADA,143,0.004516240751611972
4,UPFC_Vse,5-15,0.06022765102223543,61,0.06074059081715823,MAP_SCADA,143,0.0005129397949227982
5,UPFC_tse,5-15,-2.1501775445709037,61,-2.1490655122213376,MAP_SCADA,143,0.0011120323495661388
0,x_tcsc,1-14,-0.1395880404530107,62,-0.13364542032262494,MAP_SCADA,143,0.005942620130385767
1,B_svc,2,0.29959101759192003,62,0.2721553884124666,MAP_SCADA,143,0.027435629179453414
2,UPFC_Vsh,5-15,1.1049893981731653,62,1.1069501479929083,MAP_SCADA,143,0.001960749819742924
3,UPFC_tsh,5-15,-0.2262864238321893,62,-0.2303785885119013,MAP_SCADA,143,0.00409216467971199
4,UPFC_Vse,5-15,0.0599799436649154,62,0.06074059081715823,MAP_SCADA,143,0.0007606471522428257
5,UPFC_tse,5-15,-2.1470839299587956,62,-2.1490655122213376,MAP_SCADA,143,0.00198158226254197
0,x_tcsc,1-14,-0.13819293186036755,63,-0.13364542032262494,MAP_SCADA,143,0.0045475115377426045
1,B_svc,2,0.2947934783829856,63,0.2721553884124666,MAP_SCADA,143,0.02263808997051897
2,UPFC_Vsh,5-15,1.105386686753126,63,1.1069501479929083,MAP_SCADA,143,0.0015634612397823489
3,UPFC_tsh,5-15,-0.226096774621023,63,-0.2303785885119013,MAP_SCADA,143,0.004281813890878283
4,UPFC_Vse,5-15,0.06026503639942282,63,0.06074059081715823,MAP_SCADA,143,0.00047555441773540486
5,UPFC_tse,5-15,-2.1446743398568286,63,-2.1490655122213376,MAP_SCADA,143,0.004391172364508922
0,x_tcsc,1-14,-0.13921022468365188,64,-0.13364542032262494,MAP_SCADA,143,0.005564804361026937
1,B_svc,2,0.30291283652156065,64,0.2721553884124666,MAP_SCADA,143,0.030757448109094032
2,UPFC_Vsh,5-15,1.1017025311267963,64,1.1069501479929083,MAP_SCADA,143,0.00524761686611197
3,UPFC_tsh,5-15,-0.22647964204765078,64,-0.2303785885119013,MAP_SCADA,143,0.0038989464642505134
4,UPFC_Vse,5-15,0.06037988534906229,64,0.06074059081715823,MAP_SCADA,143,0.00036070546809593984
5,UPFC_tse,5-15,-2.1467661078239084,64,-2.1490655122213376,MAP_SCADA,143,0.00229940439742915
0,x_tcsc,1-14,-0.13754706013970006,65,-0.13364542032262494,MAP_SCADA,143,0.0039016398170751143
1,B_svc,2,0.3033542225314747,65,0.2721553884124666,MAP_SCADA,143,0.03119883411900809
2,UPFC_Vsh,5-15,1.102491949482756,65,1.1069501479929083,MAP_SCADA,143,0.004458198510152167
3,UPFC_tsh,5-15,-0.22779893595847883,65,-0.2303785885119013,MAP_SCADA,143,0.0025796525534224624
4,UPFC_Vse,5-15,0.060129879626394565,65,0.06074059081715823,MAP_SCADA,143,0.0006107111907636617
5,UPFC_tse,5-15,-2.151886632505937,65,-2.1490655122213376,MAP_SCADA,143,0.0028211202845995764
0,x_tcsc,1-14,-0.13851879659942265,66,-0.13364542032262494,MAP_SCADA,143,0.0048733762767977085
1,B_svc,2,0.30098243833297045,66,0.2721553884124666,MAP_SCADA,143,0.028827049920503833
2,UPFC_Vsh,5-15,1.1037986787727152,66,1.1069501479929083,MAP_SCADA,143,0.0031514692201930483
3,UPFC_tsh,5-15,-0.2266876249058762,66,-0.2303785885119013,MAP_SCADA,143,0.0036909636060250828
4,UPFC_Vse,5-15,0.059659010943204104,66,0.06074059081715823,MAP_SCADA,143,0.0010815798739541235
5,UPFC_tse,5-15,-2.145454356885726,66,-2.1490655122213376,MAP_SCADA,143,0.0036111553356117376
0,x_tcsc,1-14,-0.13891729932627214,67,-0.13364542032262494,MAP_SCADA,143,0.005271879003647201
1,B_svc,2,0.29894763571785266,67,0.2721553884124666,MAP_SCADA,143,0.02679224730538604
2,UPFC_Vsh,5-15,1.1052742411757022,67,1.1069501479929083,MAP_SCADA,143,0.0016759068172060854
3,UPFC_tsh,5-15,-0.22678710475996916,67,-0.2303785885119013,MAP_SCADA,143,0.003591483751932134
4,UPFC_Vse,5-15,0.06021758539380588,67,0.06074059081715823,MAP_SCADA,143,0.0005230054233523462
5,UPFC_tse,5-15,-2.1460217532626857,67,-2.1490655122213376,MAP_SCADA,143,0.003043758958651832
0,x_tcsc,1-14,-0.1400113610368814,68,-0.13364542032262494,MAP_SCADA,143,0.006365940714256446
1,B_svc,2,0.2886082954586116,68,0.2721553884124666,MAP_SCADA,143,0.016452907046144993
2,UPFC_Vsh,5-15,1.1086243994812912,68,1.1069501479929083,MAP_SCADA,143,0.0016742514883829607
3,UPFC_tsh,5-15,-0.22463470542028693,68,-0.2303785885119013,MAP_SCADA,143,0.00574388309161436
4,UPFC_Vse,5-15,0.05987369804048943,68,0.06074059081715823,MAP_SCADA,143,0.0008668927766687998
5,UPFC_tse,5-15,-2.1449589252236083,68,-2.1490655122213376,MAP_SCADA,143,0.004106586997729256
0,x_tcsc,1-14,-0.1391771725391201,69,-0.13364542032262494,MAP_SCADA,143,0.005531752216495156
1,B_svc,2,0.2949481090376491,69,0.2721553884124666,MAP_SCADA,143,0.022792720625182505
2,UPFC_Vsh,5-15,1.1044387529335438,69,1.1069501479929083,MAP_SCADA,143,0.002511395059364485
3,UPFC_tsh,5-15,-0.2255383734968782,69,-0.2303785885119013,MAP_SCADA,143,0.004840215015023103
4,UPFC_Vse,5-15,0.06053740626463348,69,0.06074059081715823,MAP_SCADA,143,0.00020318455252475026
5,UPFC_tse,5-15,-2.147341439047312,69,-2.1490655122213376,MAP_SCADA,143,0.0017240731740257864
0,x_tcsc,1-14,-0.14030892296009884,70,-0.13364542032262494,MAP_SCADA,143,0.006663502637473895
1,B_svc,2,0.28916581192604307,70,0.2721553884124666,MAP_SCADA,143,0.017010423513576456
2,UPFC_Vsh,5-15,1.105617684280865,70,1.1069501479929083,MAP_SCADA,143,0.0013324637120433191
3,UPFC_tsh,5-15,-0.22463776111187436,70,-0.2303785885119013,MAP_SCADA,143,0.005740827400026932
4,UPFC_Vse,5-15,0.05922766099819131,70,0.06074059081715823,MAP_SCADA,143,0.0015129298189669182
5,UPFC_tse,5-15,-2.146793521944589,70,-2.1490655122213376,MAP_SCADA,143,0.0022719902767485145
0,x_tcsc,1-14,-0.13912161106384616,71,-0.13364542032262494,MAP_SCADA,143,0.005476190741221215
1,B_svc,2,0.29390301176538924,71,0.2721553884124666,MAP_SCADA,143,0.02174762335292263
2,UPFC_Vsh,5-15,1.1066642973847154,71,1.1069501479929083,MAP_SCADA,143,0.00028585060819286134
3,UPFC_tsh,5-15,-0.225605363251747,71,-0.2303785885119013,MAP_SCADA,143,0.004773225260154307
4,UPFC_Vse,5-15,0.05939111103551805,71,0.06074059081715823,MAP_SCADA,143,0.0013494797816401768
5,UPFC_tse,5-15,-2.1477863279580256,71,-2.1490655122213376,MAP_SCADA,143,0.001279184263311972
0,x_tcsc,1-14,-0.14056060725207833,72,-0.13364542032262494,MAP_SCADA,143,0.006915186929453393
1,B_svc,2,0.2905575884448555,72,0.2721553884124666,MAP_SCADA,143,0.018402200032388905
2,UPFC_Vsh,5-15,1.1041119417122978,72,1.1069501479929083,MAP_SCADA,143,0.002838206280610489
3,UPFC_tsh,5-15,-0.22535657625741115,72,-0.2303785885119013,MAP_SCADA,143,0.0050220122544901435
4,UPFC_Vse,5-15,0.060107674310286366,72,0.06074059081715823,MAP_SCADA,143,0.0006329165068718612
5,UPFC_tse,5-15,-2.1468883355909685,72,-2.1490655122213376,MAP_SCADA,143,0.002177176630369093
0,x_tcsc,1-14,-0.1388155879410626,73,-0.13364542032262494,MAP_SCADA,143,0.0051701676184376655
1,B_svc,2,0.2955615078968038,73,0.2721553884124666,MAP_SCADA,143,0.023406119484337184
2,UPFC_Vsh,5-15,1.105298350292251,73,1.1069501479929083,MAP_SCADA,143,0.0016517977006571538
3,UPFC_tsh,5-15,-0.22593649996615559,73,-0.2303785885119013,MAP_SCADA,143,0.004442088545745709
4,UPFC_Vse,5-15,0.05985474709110416,73,0.06074059081715823,MAP_SCADA,143,0.0008858437260540683
5,UPFC_tse,5-15,-2.1511679849735295,73,-2.1490655122213376,MAP_SCADA,143,0.0021024727521918862
0,x_tcsc,1-14,-0.1398233764460126,74,-0.13364542032262494,MAP_SCADA,143,0.006177956123387646
1,B_svc,2,0.2954338977334575,74,0.2721553884124666,MAP_SCADA,143,0.023278509320990903
2,UPFC_Vsh,5-15,1.1071480139212553,74,1.1069501479929083,MAP_SCADA,143,0.00019786592834702965
3,UPFC_tsh,5-15,-0.22453926962252754,74,-0.2303785885119013,MAP_SCADA,143,0.005839318889373751
4,UPFC_Vse,5-15,0.060687580449417494,74,0.06074059081715823,MAP_SCADA,143,5.301036774073287e-05
5,UPFC_tse,5-15,-2.14433718069863,74,-2.1490655122213376,MAP_SCADA,143,0.004728331522707574
0,x_tcsc,1-14,-0.13985189874829726,75,-0.13364542032262494,MAP_SCADA,143,0.006206478425672318
1,B_svc,2,0.29688805571872745,75,0.2721553884124666,MAP_SCADA,143,0.024732667306260836
2,UPFC_Vsh,5-15,1.1046618916641544,75,1.1069501479929083,MAP_SCADA,143,0.002288256328753846
3,UPFC_tsh,5-15,-0.22601035217733573,75,-0.2303785885119013,MAP_SCADA,143,0.004368236334565567
4,UPFC_Vse,5-15,0.06080895520400906,75,0.06074059081715823,MAP_SCADA,143,6.836438685083046e-05
5,UPFC_tse,5-15,-2.1404242421104898,75,-2.1490655122213376,MAP_SCADA,143,0.00864127011084781
0,x_tcsc,1-14,-0.13957144471102523,76,-0.13364542032262494,MAP_SCADA,143,0.005926024388400286
1,B_svc,2,0.2923765380368501,76,0.2721553884124666,MAP_SCADA,143,0.020221149624383483
2,UPFC_Vsh,5-15,1.1054871009105336,76,1.1069501479929083,MAP_SCADA,143,0.0014630470823746577
3,UPFC_tsh,5-15,-0.22482937095352573,76,-0.2303785885119013,MAP_SCADA,143,0.005549217558375563
4,UPFC_Vse,5-15,0.06030011511679539,76,0.06074059081715823,MAP_SCADA,143,0.00044047570036283984
5,UPFC_tse,5-15,-2.1476767706995723,76,-2.1490655122213376,MAP_SCADA,143,0.0013887415217652688
0,x_tcsc,1-14,-0.13862326408102932,77,-0.13364542032262494,MAP_SCADA,143,0.004977843758404377
1,B_svc,2,0.297354900166559,77,0.2721553884124666,MAP_SCADA,143,0.025199511754092407
2,UPFC_Vsh,5-15,1.1047507912466037,77,1.1069501479929083,MAP_SCADA,143,0.0021993567463045594
3,UPFC_tsh,5-15,-0.22604008379772728,77,-0.2303785885119013,MAP_SCADA,143,0.0043385047141740185
4,UPFC_Vse,5-15,0.05988669983780915,77,0.06074059081715823,MAP_SCADA,143,0.000853890979349077
5,UPFC_tse,5-15,-2.149920976773672,77,-2.1490655122213376,MAP_SCADA,143,0.0008554645523344284
0,x_tcsc,1-14,-0.14014173897371188,78,-0.13364542032262494,MAP_SCADA,143,0.006496318651086935
1,B_svc,2,0.29808804198602606,78,0.2721553884124666,MAP_SCADA,143,0.02593265357355945
2,UPFC_Vsh,5-15,1.1020250874796236,78,1.1069501479929083,MAP_SCADA,143,0.004925060513284674
3,UPFC_tsh,5-15,-0.22709406986485264,78,-0.2303785885119013,MAP_SCADA,143,0.003284518647048651
4,UPFC_Vse,5-15,0.06038098624706862,78,0.06074059081715823,MAP_SCADA,143,0.00035960457008960695
5,UPFC_tse,5-15,-2.147555642474961,78,-2.1490655122213376,MAP_SCADA,143,0.0015098697463766797
0,x_tcsc,1-14,-0.138494991935145,79,-0.13364542032262494,MAP_SCADA,143,0.004849571612520059
1,B_svc,2,0.29935793585946774,79,0.2721553884124666,MAP_SCADA,143,0.027202547447001124
2,UPFC_Vsh,5-15,1.1044861845431309,79,1.1069501479929083,MAP_SCADA,143,0.0024639634497773955
3,UPFC_tsh,5-15,-0.2267156972470802,79,-0.2303785885119013,MAP_SCADA,143,0.003662891264821083
4,UPFC_Vse,5-15,0.06014279391207925,79,0.06074059081715823,MAP_SCADA,143,0.0005977969050789747
5,UPFC_tse,5-15,-2.148430129095994,79,-2.1490655122213376,MAP_SCADA,143,0.0006353831253433917
0,x_tcsc,1-14,-0.13850198239680195,80,-0.13364542032262494,MAP_SCADA,143,0.004856562074177007
1,B_svc,2,0.2949269015440459,80,0.2721553884124666,MAP_SCADA,143,0.02277151313157927
2,UPFC_Vsh,5-15,1.1046154754089028,80,1.1069501479929083,MAP_SCADA,143,0.002334672584005437
3,UPFC_tsh,5-15,-0.22601633684968597,80,-0.2303785885119013,MAP_SCADA,143,0.004362251662215322
4,UPFC_Vse,5-15,0.05995997222132473,80,0.06074059081715823,MAP_SCADA,143,0.0007806185958334974
5,UPFC_tse,5-15,-2.151054139576775,80,-2.1490655122213376,MAP_SCADA,143,0.0019886273554372558
0,x_tcsc,1-14,-0.13966617912573293,81,-0.13364542032262494,MAP_SCADA,143,0.006020758803107984
1,B_svc,2,0.29315893366360213,81,0.2721553884124666,MAP_SCADA,143,0.021003545251135514
2,UPFC_Vsh,5-15,1.1060385957878638,81,1.1069501479929083,MAP_SCADA,143,0.0009115522050444635
3,UPFC_tsh,5-15,-0.22521413775523438,81,-0.2303785885119013,MAP_SCADA,143,0.005164450756666911
4,UPFC_Vse,5-15,0.060315117957685425,81,0.06074059081715823,MAP_SCADA,143,0.0004254728594728016
5,UPFC_tse,5-15,-2.139918566642995,81,-2.1490655122213376,MAP_SCADA,143,0.009146945578342613
0,x_tcsc,1-14,-0.13893154787813156,82,-0.13364542032262494,MAP_SCADA,143,0.0052861275555066145
1,B_svc,2,0.3003519178065197,82,0.2721553884124666,MAP_SCADA,143,0.028196529394053094
2,UPFC_Vsh,5-15,1.105211713292877,82,1.1069501479929083,MAP_SCADA,143,0.0017384347000313216
3,UPFC_tsh,5-15,-0.22601346607340225,82,-0.2303785885119013,MAP_SCADA,143,0.004365122438499042
4,UPFC_Vse,5-15,0.05983889382632722,82,0.06074059081715823,MAP_SCADA,143,0.000901696990831008
5,UPFC_tse,5-15,-2.145681020772069,82,-2.1490655122213376,MAP_SCADA,143,0.0033844914492684453
0,x_tcsc,1-14,-0.13768340688018318,83,-0.13364542032262494,MAP_SCADA,143,0.004037986557558243
1,B_svc,2,0.2994261065484856,83,0.2721553884124666,MAP_SCADA,143,0.027270718136019
2,UPFC_Vsh,5-15,1.101703543833773,83,1.1069501479929083,MAP_SCADA,143,0.005246604159135249
3,UPFC_tsh,5-15,-0.2279174035804127,83,-0.2303785885119013,MAP_SCADA,143,0.002461184931488586
4,UPFC_Vse,5-15,0.06055765787005787,83,0.06074059081715823,MAP_SCADA,143,0.00018293294710036018
5,UPFC_tse,5-15,-2.1510343991375835,83,-2.1490655122213376,MAP_SCADA,143,0.001968886916245971
0,x_tcsc,1-14,-0.1373216491922542,84,-0.13364542032262494,MAP_SCADA,143,0.003676228869629261
1,B_svc,2,0.2927348858620752,84,0.2721553884124666,MAP_SCADA,143,0.020579497449608575
2,UPFC_Vsh,5-15,1.1067500551576062,84,1.1069501479929083,MAP_SCADA,143,0.00020009283530209032
3,UPFC_tsh,5-15,-0.22563770740787648,84,-0.2303785885119013,MAP_SCADA,143,0.004740881104024819
4,UPFC_Vse,5-15,0.06014896913171909,84,0.06074059081715823,MAP_SCADA,143,0.0005916216854391365
5,UPFC_tse,5-15,-2.144710256275567,84,-2.1490655122213376,MAP_SCADA,143,0.004355255945770686
0,x_tcsc,1-14,-0.1368727184297969,85,-0.13364542032262494,MAP_SCADA,143,0.0032272981071719553
1,B_svc,2,0.3042076338471711,85,0.2721553884124666,MAP_SCADA,143,0.032052245434704474
2,UPFC_Vsh,5-15,1.1020224083109054,85,1.1069501479929083,MAP_SCADA,143,0.004927739682002885
3,UPFC_tsh,5-15,-0.22809833192717974,85,-0.2303785885119013,MAP_SCADA,143,0.0022802565847215572
4,UPFC_Vse,5-15,0.059876587389066586,85,0.06074059081715823,MAP_SCADA,143,0.0008640034280916406
5,UPFC_tse,5-15,-2.1513163216563593,85,-2.1490655122213376,MAP_SCADA,143,0.002250809435021761
0,x_tcsc,1-14,-0.1384535459587959,86,-0.13364542032262494,MAP_SCADA,143,0.004808125636170946
1,B_svc,2,0.2997617930927,86,0.2721553884124666,MAP_SCADA,143,0.0276064046802334
2,UPFC_Vsh,5-15,1.103946923652292,86,1.1069501479929083,MAP_SCADA,143,0.003003224340616173
3,UPFC_tsh,5-15,-0.22620783362035,86,-0.2303785885119013,MAP_SCADA,143,0.004170754891551304
4,UPFC_Vse,5-15,0.060450061537411046,86,0.06074059081715823,MAP_SCADA,143,0.00029052927974718146
5,UPFC_tse,5-15,-2.1479966642306616,86,-2.1490655122213376,MAP_SCADA,143,0.0010688479906759696
0,x_tcsc,1-14,-0.13890739555022136,87,-0.13364542032262494,MAP_SCADA,143,0.005261975227596416
1,B_svc,2,0.29816419122844867,87,0.2721553884124666,MAP_SCADA,143,0.026008802815982057
2,UPFC_Vsh,5-15,1.1032871777219062,87,1.1069501479929083,MAP_SCADA,143,0.0036629702710020418
3,UPFC_tsh,5-15,-0.226681685374232,87,-0.2303785885119013,MAP_SCADA,143,0.003696903137669294
4,UPFC_Vse,5-15,0.06018735647973197,87,0.06074059081715823,MAP_SCADA,143,0.0005532343374262602
5,UPFC_tse,5-15,-2.1458589466601703,87,-2.1490655122213376,MAP_SCADA,143,0.003206565561167274
0,x_tcsc,1-14,-0.13941829242216902,88,-0.13364542032262494,MAP_SCADA,143,0.00577287209954408
1,B_svc,2,0.29807485035769715,88,0.2721553884124666,MAP_SCADA,143,0.025919461945230537
2,UPFC_Vsh,5-15,1.1045063121793453,88,1.1069501479929083,MAP_SCADA,143,0.002443835813563
3,UPFC_tsh,5-15,-0.22623395074146235,88,-0.2303785885119013,MAP_SCADA,143,0.0041446377704389414
4,UPFC_Vse,5-15,0.05955271496810949,88,0.06074059081715823,MAP_SCADA,143,0.001187875849048739
5,UPFC_tse,5-15,-2.147882351498537,88,-2.1490655122213376,MAP_SCADA,143,0.001183160722800558
0,x_tcsc,1-14,-0.13722912029411927,89,-0.13364542032262494,MAP_SCADA,143,0.003583699971494325
1,B_svc,2,0.30411101001131285,89,0.2721553884124666,MAP_SCADA,143,0.03195562159884624
2,UPFC_Vsh,5-15,1.1036311349152752,89,1.1069501479929083,MAP_SCADA,143,0.0033190130776330484
3,UPFC_tsh,5-15,-0.22732067939310316,89,-0.2303785885119013,MAP_SCADA,143,0.0030579091187981355
4,UPFC_Vse,5-15,0.06012593040018313,89,0.06074059081715823,MAP_SCADA,143,0.0006146604169750963
5,UPFC_tse,5-15,-2.148379421260987,89,-2.1490655122213376,MAP_SCADA,143,0.0006860909603507714
0,x_tcsc,1-14,-0.14066230142333347,90,-0.13364542032262494,MAP_SCADA,143,0.0070168811007085274
1,B_svc,2,0.28639808623031715,90,0.2721553884124666,MAP_SCADA,143,0.014242697817850536
2,UPFC_Vsh,5-15,1.1053975417805695,90,1.1069501479929083,MAP_SCADA,143,0.0015526062123387696
3,UPFC_tsh,5-15,-0.2244789968365249,90,-0.2303785885119013,MAP_SCADA,143,0.005899591675376403
4,UPFC_Vse,5-15,0.05994150141665287,90,0.06074059081715823,MAP_SCADA,143,0.0007990894005053539
5,UPFC_tse,5-15,-2.1483133870233035,90,-2.1490655122213376,MAP_SCADA,143,0.000752125198034026
0,x_tcsc,1-14,-0.1389034492356503,91,-0.13364542032262494,MAP_SCADA,143,0.005258028913025348
1,B_svc,2,0.29841707717821614,91,0.2721553884124666,MAP_SCADA,143,0.026261688765749525
2,UPFC_Vsh,5-15,1.1040028152967658,91,1.1069501479929083,MAP_SCADA,143,0.002947332696142446
3,UPFC_tsh,5-15,-0.22666245066459617,91,-0.2303785885119013,MAP_SCADA,143,0.003716137847305123
4,UPFC_Vse,5-15,0.060089420272586895,91,0.06074059081715823,MAP_SCADA,143,0.000651170544571332
5,UPFC_tse,5-15,-2.1467186392760302,91,-2.1490655122213376,MAP_SCADA,143,0.0023468729453073323
0,x_tcsc,1-14,-0.1399247873648281,92,-0.13364542032262494,MAP_SCADA,143,0.0062793670422031655
1,B_svc,2,0.29473224820962973,92,0.2721553884124666,MAP_SCADA,143,0.022576859797163118
2,UPFC_Vsh,5-15,1.1051511651890191,92,1.1069501479929083,MAP_SCADA,143,0.0017989828038891265
3,UPFC_tsh,5-15,-0.22500880406455498,92,-0.2303785885119013,MAP_SCADA,143,0.005369784447346315
4,UPFC_Vse,5-15,0.059988637387086235,92,0.06074059081715823,MAP_SCADA,143,0.0007519534300719916
5,UPFC_tse,5-15,-2.143871600729615,92,-2.1490655122213376,MAP_SCADA,143,0.005193911491722769
0,x_tcsc,1-14,-0.13790532230246327,93,-0.13364542032262494,MAP_SCADA,143,0.004259901979838332
1,B_svc,2,0.3013297835636175,93,0.2721553884124666,MAP_SCADA,143,0.02917439515115089
2,UPFC_Vsh,5-15,1.104168804741319,93,1.1069501479929083,MAP_SCADA,143,0.0027813432515892966
3,UPFC_tsh,5-15,-0.22684799687065,93,-0.2303785885119013,MAP_SCADA,143,0.0035305916412513016
4,UPFC_Vse,5-15,0.059842294193274324,93,0.06074059081715823,MAP_SCADA,143,0.0008982966238839027
5,UPFC_tse,5-15,-2.147633419958297,93,-2.1490655122213376,MAP_SCADA,143,0.0014320922630406407
0,x_tcsc,1-14,-0.13938863310282984,94,-0.13364542032262494,MAP_SCADA,143,0.005743212780204898
1,B_svc,2,0.2980292208579397,94,0.2721553884124666,MAP_SCADA,143,0.02587383244547309
2,UPFC_Vsh,5-15,1.1039325054724765,94,1.1069501479929083,MAP_SCADA,143,0.003017642520431796
3,UPFC_tsh,5-15,-0.2264616265220565,94,-0.2303785885119013,MAP_SCADA,143,0.003916961989844786
4,UPFC_Vse,5-15,0.06017734177236146,94,0.06074059081715823,MAP_SCADA,143,0.0005632490447967653
5,UPFC_tse,5-15,-2.153993553239469,94,-2.1490655122213376,MAP_SCADA,143,0.0049280410181316014
0,x_tcsc,1-14,-0.13950620660961183,95,-0.13364542032262494,MAP_SCADA,143,0.005860786286986885
1,B_svc,2,0.29251821175293685,95,0.2721553884124666,MAP_SCADA,143,0.020362823340470237
2,UPFC_Vsh,5-15,1.1043324817035252,95,1.1069501479929083,MAP_SCADA,143,0.0026176662893830915
3,UPFC_tsh,5-15,-0.2259389986761963,95,-0.2303785885119013,MAP_SCADA,143,0.004439589835704999
4,UPFC_Vse,5-15,0.060131204192603406,95,0.06074059081715823,MAP_SCADA,143,0.000609386624554821
5,UPFC_tse,5-15,-2.1486542652587537,95,-2.1490655122213376,MAP_SCADA,143,0.0004112469625838777
0,x_tcsc,1-14,-0.1380067973475561,96,-0.13364542032262494,MAP_SCADA,143,0.004361377024931168
1,B_svc,2,0.3023121368267017,96,0.2721553884124666,MAP_SCADA,143,0.0301567484142351
2,UPFC_Vsh,5-15,1.1044147926848344,96,1.1069501479929083,MAP_SCADA,143,0.0025353553080738056
3,UPFC_tsh,5-15,-0.22676224099022252,96,-0.2303785885119013,MAP_SCADA,143,0.0036163475216787755
4,UPFC_Vse,5-15,0.06029829200515852,96,0.06074059081715823,MAP_SCADA,143,0.0004422988119997043
5,UPFC_tse,5-15,-2.1530578859010805,96,-2.1490655122213376,MAP_SCADA,143,0.003992373679742922
0,x_tcsc,1-14,-0.14075836433980002,97,-0.13364542032262494,MAP_SCADA,143,0.007112944017175077
1,B_svc,2,0.2900573964944106,97,0.2721553884124666,MAP_SCADA,143,0.017902008081943976
2,UPFC_Vsh,5-15,1.105770205928169,97,1.1069501479929083,MAP_SCADA,143,0.0011799420647391479
3,UPFC_tsh,5-15,-0.22466709487794193,97,-0.2303785885119013,MAP_SCADA,143,0.005711493633959369
4,UPFC_Vse,5-15,0.06021616597855937,97,0.06074059081715823,MAP_SCADA,143,0.0005244248385988595
5,UPFC_tse,5-15,-2.1442245668075404,97,-2.1490655122213376,MAP_SCADA,143,0.004840945413797204
0,x_tcsc,1-14,-0.13872154666830117,98,-0.13364542032262494,MAP_SCADA,143,0.005076126345676224
1,B_svc,2,0.2932544069980707,98,0.2721553884124666,MAP_SCADA,143,0.02109901858560409
2,UPFC_Vsh,5-15,1.1037015110597996,98,1.1069501479929083,MAP_SCADA,143,0.0032486369331086173
3,UPFC_tsh,5-15,-0.2263205983825664,98,-0.2303785885119013,MAP_SCADA,143,0.0040579901293348875
4,UPFC_Vse,5-15,0.06060918663511173,98,0.06074059081715823,MAP_SCADA,143,0.00013140418204649756
5,UPFC_tse,5-15,-2.1459582127355232,98,-2.1490655122213376,MAP_SCADA,143,0.003107299485814341
0,x_tcsc,1-14,-0.13955388499023125,99,-0.13364542032262494,MAP_SCADA,143,0.005908464667606306
1,B_svc,2,0.29595704555838426,99,0.2721553884124666,MAP_SCADA,143,0.023801657145917643
2,UPFC_Vsh,5-15,1.1029095704837086,99,1.1069501479929083,MAP_SCADA,143,0.0040405775091996166
3,UPFC_tsh,5-15,-0.22589227804724954,99,-0.2303785885119013,MAP_SCADA,143,0.004486310464651755
4,UPFC_Vse,5-15,0.060001423577760095,99,0.06074059081715823,MAP_SCADA,143,0.0007391672393981322
5,UPFC_tse,5-15,-2.152835962070224,99,-2.1490655122213376,MAP_SCADA,143,0.0037704498488864147
0,x_tcsc,1-14,-0.13900849846393998,0,-0.13533026318966013,MAP_SCADA,145,0.0036782352742798508
1,B_svc,2,0.29650527170746127,0,0.2792753320852308,MAP_SCADA,145,0.01722993962223046
2,UPFC_Vsh,5-15,1.106444059367828,0,1.1062122242676464,MAP_SCADA,145,0.0002318351001815433
3,UPFC_tsh,5-15,-0.2245452545715806,0,-0.2288937475894797,MAP_SCADA,145,0.004348493017899108
4,UPFC_Vse,5-15,0.06001100676389736,0,0.06105957393486992,MAP_SCADA,145,0.0010485671709725627
5,UPFC_tse,5-15,-2.145119974529498,0,-2.1480552309749896,MAP_SCADA,145,0.0029352564454914187
0,x_tcsc,1-14,-0.1396136637504605,1,-0.13533026318966013,MAP_SCADA,145,0.004283400560800371
1,B_svc,2,0.2995471824231543,1,0.2792753320852308,MAP_SCADA,145,0.020271850337923503
2,UPFC_Vsh,5-15,1.1028977000837634,1,1.1062122242676464,MAP_SCADA,145,0.0033145241838830053
3,UPFC_tsh,5-15,-0.2262309272513375,1,-0.2288937475894797,MAP_SCADA,145,0.002662820338142191
4,UPFC_Vse,5-15,0.05984995870332151,1,0.06105957393486992,MAP_SCADA,145,0.0012096152315484165
5,UPFC_tse,5-15,-2.1443611494327808,1,-2.1480552309749896,MAP_SCADA,145,0.003694081542208849
0,x_tcsc,1-14,-0.13936421795883266,2,-0.13533026318966013,MAP_SCADA,145,0.0040339547691725375
1,B_svc,2,0.29683653973325336,2,0.2792753320852308,MAP_SCADA,145,0.017561207648022548
2,UPFC_Vsh,5-15,1.1033419492207521,2,1.1062122242676464,MAP_SCADA,145,0.0028702750468942995
3,UPFC_tsh,5-15,-0.22632827632391825,2,-0.2288937475894797,MAP_SCADA,145,0.0025654712655614476
4,UPFC_Vse,5-15,0.06073139686472676,2,0.06105957393486992,MAP_SCADA,145,0.00032817707014316105
5,UPFC_tse,5-15,-2.149609244944893,2,-2.1480552309749896,MAP_SCADA,145,0.0015540139699035116
0,x_tcsc,1-14,-0.13778624594440056,3,-0.13533026318966013,MAP_SCADA,145,0.0024559827547404323
1,B_svc,2,0.30021723183472937,3,0.2792753320852308,MAP_SCADA,145,0.02094189974949856
2,UPFC_Vsh,5-15,1.10401400666262,3,1.1062122242676464,MAP_SCADA,145,0.0021982176050263647
3,UPFC_tsh,5-15,-0.22767381252310107,3,-0.2288937475894797,MAP_SCADA,145,0.0012199350663786301
4,UPFC_Vse,5-15,0.060583952678000985,3,0.06105957393486992,MAP_SCADA,145,0.0004756212568689383
5,UPFC_tse,5-15,-2.1492311117466207,3,-2.1480552309749896,MAP_SCADA,145,0.0011758807716311104
0,x_tcsc,1-14,-0.13985462128825538,4,-0.13533026318966013,MAP_SCADA,145,0.004524358098595249
1,B_svc,2,0.296188187833812,4,0.2792753320852308,MAP_SCADA,145,0.0169128557485812
2,UPFC_Vsh,5-15,1.1026767779516253,4,1.1062122242676464,MAP_SCADA,145,0.003535446316021096
3,UPFC_tsh,5-15,-0.22641506895827404,4,-0.2288937475894797,MAP_SCADA,145,0.0024786786312056552
4,UPFC_Vse,5-15,0.06010991456421456,4,0.06105957393486992,MAP_SCADA,145,0.000949659370655366
5,UPFC_tse,5-15,-2.149924163840019,4,-2.1480552309749896,MAP_SCADA,145,0.0018689328650292047
0,x_tcsc,1-14,-0.13746500879930573,5,-0.13533026318966013,MAP_SCADA,145,0.0021347456096456052
1,B_svc,2,0.3034607542918911,5,0.2792753320852308,MAP_SCADA,145,0.024185422206660312
2,UPFC_Vsh,5-15,1.1006785286143699,5,1.1062122242676464,MAP_SCADA,145,0.005533695653276549
3,UPFC_tsh,5-15,-0.2273157736710889,5,-0.2288937475894797,MAP_SCADA,145,0.0015779739183907904
4,UPFC_Vse,5-15,0.06056989728741583,5,0.06105957393486992,MAP_SCADA,145,0.0004896766474540917
5,UPFC_tse,5-15,-2.1453666812389707,5,-2.1480552309749896,MAP_SCADA,145,0.0026885497360189525
0,x_tcsc,1-14,-0.13955901033275867,6,-0.13533026318966013,MAP_SCADA,145,0.004228747143098538
1,B_svc,2,0.29902140685599293,6,0.2792753320852308,MAP_SCADA,145,0.019746074770762123
2,UPFC_Vsh,5-15,1.1051095689335,6,1.1062122242676464,MAP_SCADA,145,0.0011026553341464407
3,UPFC_tsh,5-15,-0.22587728813114563,6,-0.2288937475894797,MAP_SCADA,145,0.0030164594583340643
4,UPFC_Vse,5-15,0.06015700877506486,6,0.06105957393486992,MAP_SCADA,145,0.000902565159805066
5,UPFC_tse,5-15,-2.1523236559127263,6,-2.1480552309749896,MAP_SCADA,145,0.0042684249377367145
0,x_tcsc,1-14,-0.13802243210717918,7,-0.13533026318966013,MAP_SCADA,145,0.0026921689175190555
1,B_svc,2,0.2995903326742413,7,0.2792753320852308,MAP_SCADA,145,0.02031500058901048
2,UPFC_Vsh,5-15,1.1043946694822493,7,1.1062122242676464,MAP_SCADA,145,0.0018175547853971352
3,UPFC_tsh,5-15,-0.22658864844167736,7,-0.2288937475894797,MAP_SCADA,145,0.002305099147802331
4,UPFC_Vse,5-15,0.05985353630766828,7,0.06105957393486992,MAP_SCADA,145,0.0012060376272016449
5,UPFC_tse,5-15,-2.154106660539906,7,-2.1480552309749896,MAP_SCADA,145,0.006051429564916333
0,x_tcsc,1-14,-0.13776651479993207,8,-0.13533026318966013,MAP_SCADA,145,0.0024362516102719445
1,B_svc,2,0.3034020605098786,8,0.2792753320852308,MAP_SCADA,145,0.024126728424647803
2,UPFC_Vsh,5-15,1.1038155449859017,8,1.1062122242676464,MAP_SCADA,145,0.002396679281744696
3,UPFC_tsh,5-15,-0.22729311200001734,8,-0.2288937475894797,MAP_SCADA,145,0.001600635589462357
4,UPFC_Vse,5-15,0.06036461132298206,8,0.06105957393486992,MAP_SCADA,145,0.0006949626118878602
5,UPFC_tse,5-15,-2.1549856065944772,8,-2.1480552309749896,MAP_SCADA,145,0.0069303756194876165
0,x_tcsc,1-14,-0.13859247186509066,9,-0.13533026318966013,MAP_SCADA,145,0.0032622086754305335
1,B_svc,2,0.29578539085512373,9,0.2792753320852308,MAP_SCADA,145,0.01651005876989292
2,UPFC_Vsh,5-15,1.104393061880654,9,1.1062122242676464,MAP_SCADA,145,0.0018191623869925344
3,UPFC_tsh,5-15,-0.2264243969300444,9,-0.2288937475894797,MAP_SCADA,145,0.002469350659435293
4,UPFC_Vse,5-15,0.060495454335872195,9,0.06105957393486992,MAP_SCADA,145,0.0005641195989977282
5,UPFC_tse,5-15,-2.1472225881378324,9,-2.1480552309749896,MAP_SCADA,145,0.000832642837157227
0,x_tcsc,1-14,-0.14084676336732707,10,-0.13533026318966013,MAP_SCADA,145,0.005516500177666944
1,B_svc,2,0.2932031951219014,10,0.2792753320852308,MAP_SCADA,145,0.013927863036670596
2,UPFC_Vsh,5-15,1.1049799922854475,10,1.1062122242676464,MAP_SCADA,145,0.0012322319821989058
3,UPFC_tsh,5-15,-0.22493217726351936,10,-0.2288937475894797,MAP_SCADA,145,0.00396157032596034
4,UPFC_Vse,5-15,0.060052763771416585,10,0.06105957393486992,MAP_SCADA,145,0.001006810163453338
5,UPFC_tse,5-15,-2.148328019767737,10,-2.1480552309749896,MAP_SCADA,145,0.00027278879274739154
0,x_tcsc,1-14,-0.13935090874779182,11,-0.13533026318966013,MAP_SCADA,145,0.004020645558131697
1,B_svc,2,0.3000827842332406,11,0.2792753320852308,MAP_SCADA,145,0.020807452148009775
2,UPFC_Vsh,5-15,1.104322749806619,11,1.1062122242676464,MAP_SCADA,145,0.001889474461027385
3,UPFC_tsh,5-15,-0.22644285374367815,11,-0.2288937475894797,MAP_SCADA,145,0.0024508938458015495
4,UPFC_Vse,5-15,0.06061384937727731,11,0.06105957393486992,MAP_SCADA,145,0.0004457245575926125
5,UPFC_tse,5-15,-2.1500395355490904,11,-2.1480552309749896,MAP_SCADA,145,0.0019843045741008147
0,x_tcsc,1-14,-0.13886661964430397,12,-0.13533026318966013,MAP_SCADA,145,0.003536356454643841
1,B_svc,2,0.30316520299571653,12,0.2792753320852308,MAP_SCADA,145,0.023889870910485722
2,UPFC_Vsh,5-15,1.1014851436299993,12,1.1062122242676464,MAP_SCADA,145,0.004727080637647152
3,UPFC_tsh,5-15,-0.2265947577998115,12,-0.2288937475894797,MAP_SCADA,145,0.0022989897896681932
4,UPFC_Vse,5-15,0.05951054582410368,12,0.06105957393486992,MAP_SCADA,145,0.0015490281107662443
5,UPFC_tse,5-15,-2.1481486842702813,12,-2.1480552309749896,MAP_SCADA,145,9.345329529164559e-05
0,x_tcsc,1-14,-0.13751298016279592,13,-0.13533026318966013,MAP_SCADA,145,0.0021827169731357954
1,B_svc,2,0.30138813066979114,13,0.2792753320852308,MAP_SCADA,145,0.022112798584560334
2,UPFC_Vsh,5-15,1.1048805629058702,13,1.1062122242676464,MAP_SCADA,145,0.001331661361776204
3,UPFC_tsh,5-15,-0.22692624201313333,13,-0.2288937475894797,MAP_SCADA,145,0.001967505576346368
4,UPFC_Vse,5-15,0.05976662311998865,13,0.06105957393486992,MAP_SCADA,145,0.0012929508148812746
5,UPFC_tse,5-15,-2.1511226488263433,13,-2.1480552309749896,MAP_SCADA,145,0.003067417851353671
0,x_tcsc,1-14,-0.1387119073551927,14,-0.13533026318966013,MAP_SCADA,145,0.003381644165532577
1,B_svc,2,0.2991060203265386,14,0.2792753320852308,MAP_SCADA,145,0.019830688241307792
2,UPFC_Vsh,5-15,1.1043098255803496,14,1.1062122242676464,MAP_SCADA,145,0.0019023986872968024
3,UPFC_tsh,5-15,-0.22659362725435733,14,-0.2288937475894797,MAP_SCADA,145,0.002300120335122363
4,UPFC_Vse,5-15,0.05993925440151864,14,0.06105957393486992,MAP_SCADA,145,0.0011203195333512814
5,UPFC_tse,5-15,-2.147403003091212,14,-2.1480552309749896,MAP_SCADA,145,0.0006522278837777229
0,x_tcsc,1-14,-0.1401347877250689,15,-0.13533026318966013,MAP_SCADA,145,0.004804524535408777
1,B_svc,2,0.29719327447259053,15,0.2792753320852308,MAP_SCADA,145,0.01791794238735972
2,UPFC_Vsh,5-15,1.10514278782043,15,1.1062122242676464,MAP_SCADA,145,0.0010694364472163542
3,UPFC_tsh,5-15,-0.22475059684335258,15,-0.2288937475894797,MAP_SCADA,145,0.004143150746127117
4,UPFC_Vse,5-15,0.05974653222629669,15,0.06105957393486992,MAP_SCADA,145,0.0013130417085732357
5,UPFC_tse,5-15,-2.1454506699074596,15,-2.1480552309749896,MAP_SCADA,145,0.0026045610675300424
0,x_tcsc,1-14,-0.13657497542089506,16,-0.13533026318966013,MAP_SCADA,145,0.001244712231234929
1,B_svc,2,0.3050354964593784,16,0.2792753320852308,MAP_SCADA,145,0.025760164374147576
2,UPFC_Vsh,5-15,1.1042529235454521,16,1.1062122242676464,MAP_SCADA,145,0.0019593007221943015
3,UPFC_tsh,5-15,-0.2272530051578728,16,-0.2288937475894797,MAP_SCADA,145,0.0016407424316068897
4,UPFC_Vse,5-15,0.05994727137748766,16,0.06105957393486992,MAP_SCADA,145,0.001112302557382261
5,UPFC_tse,5-15,-2.1525110522626387,16,-2.1480552309749896,MAP_SCADA,145,0.004455821287649098
0,x_tcsc,1-14,-0.14031858933454772,17,-0.13533026318966013,MAP_SCADA,145,0.004988326144887589
1,B_svc,2,0.29837338229458993,17,0.2792753320852308,MAP_SCADA,145,0.01909805020935912
2,UPFC_Vsh,5-15,1.1048099590733964,17,1.1062122242676464,MAP_SCADA,145,0.0014022651942500186
3,UPFC_tsh,5-15,-0.2258268842497113,17,-0.2288937475894797,MAP_SCADA,145,0.003066863339768383
4,UPFC_Vse,5-15,0.060018761302233874,17,0.06105957393486992,MAP_SCADA,145,0.0010408126326360498
5,UPFC_tse,5-15,-2.1445126629522857,17,-2.1480552309749896,MAP_SCADA,145,0.003542568022703918
0,x_tcsc,1-14,-0.13862398376095758,18,-0.13533026318966013,MAP_SCADA,145,0.0032937205712974538
1,B_svc,2,0.30051063411948875,18,0.2792753320852308,MAP_SCADA,145,0.02123530203425794
2,UPFC_Vsh,5-15,1.1036263093848822,18,1.1062122242676464,MAP_SCADA,145,0.002585914882764273
3,UPFC_tsh,5-15,-0.22631897737870346,18,-0.2288937475894797,MAP_SCADA,145,0.002574770210776234
4,UPFC_Vse,5-15,0.06059917772140851,18,0.06105957393486992,MAP_SCADA,145,0.0004603962134614101
5,UPFC_tse,5-15,-2.1481598405459894,18,-2.1480552309749896,MAP_SCADA,145,0.00010460957099978074
0,x_tcsc,1-14,-0.13997150805289785,19,-0.13533026318966013,MAP_SCADA,145,0.00464124486323772
1,B_svc,2,0.2975385393396756,19,0.2792753320852308,MAP_SCADA,145,0.018263207254444802
2,UPFC_Vsh,5-15,1.102397254952331,19,1.1062122242676464,MAP_SCADA,145,0.003814969315315331
3,UPFC_tsh,5-15,-0.22583042910126308,19,-0.2288937475894797,MAP_SCADA,145,0.0030633184882166153
4,UPFC_Vse,5-15,0.06029962107356366,19,0.06105957393486992,MAP_SCADA,145,0.0007599528613062637
5,UPFC_tse,5-15,-2.1511675257445853,19,-2.1480552309749896,MAP_SCADA,145,0.003112294769595625
0,x_tcsc,1-14,-0.13996105232389777,20,-0.13533026318966013,MAP_SCADA,145,0.004630789134237645
1,B_svc,2,0.2921272452893663,20,0.2792753320852308,MAP_SCADA,145,0.012851913204135479
2,UPFC_Vsh,5-15,1.1059558536829384,20,1.1062122242676464,MAP_SCADA,145,0.0002563705847080655
3,UPFC_tsh,5-15,-0.22446458794532617,20,-0.2288937475894797,MAP_SCADA,145,0.004429159644153524
4,UPFC_Vse,5-15,0.05986600732266241,20,0.06105957393486992,MAP_SCADA,145,0.001193566612207514
5,UPFC_tse,5-15,-2.1451598095664512,20,-2.1480552309749896,MAP_SCADA,145,0.002895421408538379
0,x_tcsc,1-14,-0.13822667342328782,21,-0.13533026318966013,MAP_SCADA,145,0.0028964102336276887
1,B_svc,2,0.2972723864116842,21,0.2792753320852308,MAP_SCADA,145,0.017997054326453377
2,UPFC_Vsh,5-15,1.1041169664709394,21,1.1062122242676464,MAP_SCADA,145,0.0020952577967070507
3,UPFC_tsh,5-15,-0.22696494078320859,21,-0.2288937475894797,MAP_SCADA,145,0.0019288068062711106
4,UPFC_Vse,5-15,0.06022746905635116,21,0.06105957393486992,MAP_SCADA,145,0.0008321048785187649
5,UPFC_tse,5-15,-2.152488046930867,21,-2.1480552309749896,MAP_SCADA,145,0.004432815955877523
0,x_tcsc,1-14,-0.1385780621689011,22,-0.13533026318966013,MAP_SCADA,145,0.0032477989792409623
1,B_svc,2,0.295866779953715,22,0.2792753320852308,MAP_SCADA,145,0.01659144786848421
2,UPFC_Vsh,5-15,1.1060783732776556,22,1.1062122242676464,MAP_SCADA,145,0.00013385098999085798
3,UPFC_tsh,5-15,-0.22534572355539284,22,-0.2288937475894797,MAP_SCADA,145,0.003548024034086855
4,UPFC_Vse,5-15,0.059450675865346955,22,0.06105957393486992,MAP_SCADA,145,0.0016088980695229682
5,UPFC_tse,5-15,-2.1468013562424364,22,-2.1480552309749896,MAP_SCADA,145,0.0012538747325532285
0,x_tcsc,1-14,-0.1402901868998003,23,-0.13533026318966013,MAP_SCADA,145,0.004959923710140174
1,B_svc,2,0.28873643190744297,23,0.2792753320852308,MAP_SCADA,145,0.00946109982221216
2,UPFC_Vsh,5-15,1.104882461923429,23,1.1062122242676464,MAP_SCADA,145,0.0013297623442174444
3,UPFC_tsh,5-15,-0.2252051158164447,23,-0.2288937475894797,MAP_SCADA,145,0.003688631773034995
4,UPFC_Vse,5-15,0.0602245918602625,23,0.06105957393486992,MAP_SCADA,145,0.0008349820746074224
5,UPFC_tse,5-15,-2.143819747526403,23,-2.1480552309749896,MAP_SCADA,145,0.004235483448586486
0,x_tcsc,1-14,-0.1392743045440156,24,-0.13533026318966013,MAP_SCADA,145,0.003944041354355471
1,B_svc,2,0.29738585302713844,24,0.2792753320852308,MAP_SCADA,145,0.018110520941907626
2,UPFC_Vsh,5-15,1.1045794019361654,24,1.1062122242676464,MAP_SCADA,145,0.0016328223314809875
3,UPFC_tsh,5-15,-0.22649652881257448,24,-0.2288937475894797,MAP_SCADA,145,0.0023972187769052133
4,UPFC_Vse,5-15,0.060071837795885465,24,0.06105957393486992,MAP_SCADA,145,0.0009877361389844588
5,UPFC_tse,5-15,-2.1422016412545237,24,-2.1480552309749896,MAP_SCADA,145,0.0058535897204659015
0,x_tcsc,1-14,-0.1377908231437233,25,-0.13533026318966013,MAP_SCADA,145,0.002460559954063163
1,B_svc,2,0.3061252413607257,25,0.2792753320852308,MAP_SCADA,145,0.02684990927549491
2,UPFC_Vsh,5-15,1.1034073057683083,25,1.1062122242676464,MAP_SCADA,145,0.0028049184993381715
3,UPFC_tsh,5-15,-0.22768260667530446,25,-0.2288937475894797,MAP_SCADA,145,0.001211140914175235
4,UPFC_Vse,5-15,0.06020619773713513,25,0.06105957393486992,MAP_SCADA,145,0.0008533761977347967
5,UPFC_tse,5-15,-2.150180709765505,25,-2.1480552309749896,MAP_SCADA,145,0.0021254787905151673
0,x_tcsc,1-14,-0.1385486551204919,26,-0.13533026318966013,MAP_SCADA,145,0.00321839193083176
1,B_svc,2,0.300807778883365,26,0.2792753320852308,MAP_SCADA,145,0.021532446798134208
2,UPFC_Vsh,5-15,1.1039094048672455,26,1.1062122242676464,MAP_SCADA,145,0.0023028194004008906
3,UPFC_tsh,5-15,-0.2259080636694409,26,-0.2288937475894797,MAP_SCADA,145,0.002985683920038784
4,UPFC_Vse,5-15,0.0608357430479533,26,0.06105957393486992,MAP_SCADA,145,0.00022383088691662473
5,UPFC_tse,5-15,-2.1503445282371287,26,-2.1480552309749896,MAP_SCADA,145,0.0022892972621391117
0,x_tcsc,1-14,-0.13881034278722607,27,-0.13533026318966013,MAP_SCADA,145,0.003480079597565938
1,B_svc,2,0.2914728599813028,27,0.2792753320852308,MAP_SCADA,145,0.01219752789607198
2,UPFC_Vsh,5-15,1.104849217491168,27,1.1062122242676464,MAP_SCADA,145,0.0013630067764784926
3,UPFC_tsh,5-15,-0.225308752946577,27,-0.2288937475894797,MAP_SCADA,145,0.0035849946429026835
4,UPFC_Vse,5-15,0.06004084817340249,27,0.06105957393486992,MAP_SCADA,145,0.0010187257614674358
5,UPFC_tse,5-15,-2.148496938186742,27,-2.1480552309749896,MAP_SCADA,145,0.00044170721175218475
0,x_tcsc,1-14,-0.13913273389529263,28,-0.13533026318966013,MAP_SCADA,145,0.003802470705632499
1,B_svc,2,0.296591253501489,28,0.2792753320852308,MAP_SCADA,145,0.017315921416258206
2,UPFC_Vsh,5-15,1.106067300145302,28,1.1062122242676464,MAP_SCADA,145,0.0001449241223443476
3,UPFC_tsh,5-15,-0.2247781884335331,28,-0.2288937475894797,MAP_SCADA,145,0.004115559155946608
4,UPFC_Vse,5-15,0.060115046821960276,28,0.06105957393486992,MAP_SCADA,145,0.0009445271129096475
5,UPFC_tse,5-15,-2.143399854831133,28,-2.1480552309749896,MAP_SCADA,145,0.004655376143856582
0,x_tcsc,1-14,-0.13888452296679737,29,-0.13533026318966013,MAP_SCADA,145,0.0035542597771372475
1,B_svc,2,0.2992698066686642,29,0.2792753320852308,MAP_SCADA,145,0.019994474583433397
2,UPFC_Vsh,5-15,1.10514048130782,29,1.1062122242676464,MAP_SCADA,145,0.0010717429598263717
3,UPFC_tsh,5-15,-0.22565557417003165,29,-0.2288937475894797,MAP_SCADA,145,0.0032381734194480427
4,UPFC_Vse,5-15,0.05959903426723671,29,0.06105957393486992,MAP_SCADA,145,0.0014605396676332164
5,UPFC_tse,5-15,-2.1487909286896563,29,-2.1480552309749896,MAP_SCADA,145,0.0007356977146666388
0,x_tcsc,1-14,-0.13966994289115525,30,-0.13533026318966013,MAP_SCADA,145,0.004339679701495125
1,B_svc,2,0.29765113418232697,30,0.2792753320852308,MAP_SCADA,145,0.01837580209709616
2,UPFC_Vsh,5-15,1.1025388252883417,30,1.1062122242676464,MAP_SCADA,145,0.003673398979304743
3,UPFC_tsh,5-15,-0.22632311264655752,30,-0.2288937475894797,MAP_SCADA,145,0.002570634942922173
4,UPFC_Vse,5-15,0.060273030760081885,30,0.06105957393486992,MAP_SCADA,145,0.0007865431747880389
5,UPFC_tse,5-15,-2.1470760271765768,30,-2.1480552309749896,MAP_SCADA,145,0.0009792037984128754
0,x_tcsc,1-14,-0.1396459351331978,31,-0.13533026318966013,MAP_SCADA,145,0.004315671943537686
1,B_svc,2,0.29859178983973,31,0.2792753320852308,MAP_SCADA,145,0.019316457754499194
2,UPFC_Vsh,5-15,1.103772856341603,31,1.1062122242676464,MAP_SCADA,145,0.0024393679260434897
3,UPFC_tsh,5-15,-0.22586435764479773,31,-0.2288937475894797,MAP_SCADA,145,0.003029389944681965
4,UPFC_Vse,5-15,0.060196723858506794,31,0.06105957393486992,MAP_SCADA,145,0.0008628500763631294
5,UPFC_tse,5-15,-2.149224612485506,31,-2.1480552309749896,MAP_SCADA,145,0.0011693815105164873
0,x_tcsc,1-14,-0.13746908066422436,32,-0.13533026318966013,MAP_SCADA,145,0.0021388174745642363
1,B_svc,2,0.3038280239187001,32,0.2792753320852308,MAP_SCADA,145,0.02455269183346931
2,UPFC_Vsh,5-15,1.103889255951134,32,1.1062122242676464,MAP_SCADA,145,0.0023229683165124637
3,UPFC_tsh,5-15,-0.22775698399944186,32,-0.2288937475894797,MAP_SCADA,145,0.001136763590037837
4,UPFC_Vse,5-15,0.06038293076645081,32,0.06105957393486992,MAP_SCADA,145,0.0006766431684191165
5,UPFC_tse,5-15,-2.1500529755168016,32,-2.1480552309749896,MAP_SCADA,145,0.0019977445418120077
0,x_tcsc,1-14,-0.1407724381384244,33,-0.13533026318966013,MAP_SCADA,145,0.005442174948764283
1,B_svc,2,0.29109702121632824,33,0.2792753320852308,MAP_SCADA,145,0.011821689131097435
2,UPFC_Vsh,5-15,1.1061593864183283,33,1.1062122242676464,MAP_SCADA,145,5.2837849318088104e-05
3,UPFC_tsh,5-15,-0.22444767867505602,33,-0.2288937475894797,MAP_SCADA,145,0.004446068914423673
4,UPFC_Vse,5-15,0.05977371883798552,33,0.06105957393486992,MAP_SCADA,145,0.0012858550968844057
5,UPFC_tse,5-15,-2.14828422550704,33,-2.1480552309749896,MAP_SCADA,145,0.0002289945320503861
0,x_tcsc,1-14,-0.1396247852341707,34,-0.13533026318966013,MAP_SCADA,145,0.004294522044510585
1,B_svc,2,0.29625064662459444,34,0.2792753320852308,MAP_SCADA,145,0.01697531453936363
2,UPFC_Vsh,5-15,1.104409373734565,34,1.1062122242676464,MAP_SCADA,145,0.0018028505330813793
3,UPFC_tsh,5-15,-0.2260998187080884,34,-0.2288937475894797,MAP_SCADA,145,0.0027939288813912944
4,UPFC_Vse,5-15,0.060423493335265026,34,0.06105957393486992,MAP_SCADA,145,0.0006360805996048977
5,UPFC_tse,5-15,-2.148531035273312,34,-2.1480552309749896,MAP_SCADA,145,0.0004758042983223909
0,x_tcsc,1-14,-0.13747071296096938,35,-0.13533026318966013,MAP_SCADA,145,0.002140449771309255
1,B_svc,2,0.2970031945926777,35,0.2792753320852308,MAP_SCADA,145,0.0177278625074469
2,UPFC_Vsh,5-15,1.1043141540277561,35,1.1062122242676464,MAP_SCADA,145,0.0018980702398903038
3,UPFC_tsh,5-15,-0.22689694102156815,35,-0.2288937475894797,MAP_SCADA,145,0.001996806567911541
4,UPFC_Vse,5-15,0.06012317071876644,35,0.06105957393486992,MAP_SCADA,145,0.0009364032161034846
5,UPFC_tse,5-15,-2.149481545118172,35,-2.1480552309749896,MAP_SCADA,145,0.0014263141431825055
0,x_tcsc,1-14,-0.14022767642520453,36,-0.13533026318966013,MAP_SCADA,145,0.004897413235544407
1,B_svc,2,0.2945503832650932,36,0.2792753320852308,MAP_SCADA,145,0.015275051179862387
2,UPFC_Vsh,5-15,1.1042972523376584,36,1.1062122242676464,MAP_SCADA,145,0.0019149719299880186
3,UPFC_tsh,5-15,-0.22502397668760352,36,-0.2288937475894797,MAP_SCADA,145,0.0038697709018761794
4,UPFC_Vse,5-15,0.05990084617611401,36,0.06105957393486992,MAP_SCADA,145,0.0011587277587559106
5,UPFC_tse,5-15,-2.145775581524078,36,-2.1480552309749896,MAP_SCADA,145,0.002279649450911414
0,x_tcsc,1-14,-0.13930864788106107,37,-0.13533026318966013,MAP_SCADA,145,0.003978384691400938
1,B_svc,2,0.2985366169832528,37,0.2792753320852308,MAP_SCADA,145,0.01926128489802198
2,UPFC_Vsh,5-15,1.1055109564919188,37,1.1062122242676464,MAP_SCADA,145,0.0007012677757276542
3,UPFC_tsh,5-15,-0.22576395725073525,37,-0.2288937475894797,MAP_SCADA,145,0.0031297903387444426
4,UPFC_Vse,5-15,0.05957450635499889,37,0.06105957393486992,MAP_SCADA,145,0.0014850675798710328
5,UPFC_tse,5-15,-2.1485789670072792,37,-2.1480552309749896,MAP_SCADA,145,0.0005237360322896123
0,x_tcsc,1-14,-0.13876399333863584,38,-0.13533026318966013,MAP_SCADA,145,0.0034337301489757166
1,B_svc,2,0.29775285732011453,38,0.2792753320852308,MAP_SCADA,145,0.018477525234883718
2,UPFC_Vsh,5-15,1.104689520361175,38,1.1062122242676464,MAP_SCADA,145,0.0015227039064713566
3,UPFC_tsh,5-15,-0.22595945019195673,38,-0.2288937475894797,MAP_SCADA,145,0.0029342973975229614
4,UPFC_Vse,5-15,0.060351667486153455,38,0.06105957393486992,MAP_SCADA,145,0.000707906448716468
5,UPFC_tse,5-15,-2.1462755904313355,38,-2.1480552309749896,MAP_SCADA,145,0.001779640543654093
0,x_tcsc,1-14,-0.13888872058816598,39,-0.13533026318966013,MAP_SCADA,145,0.0035584573985058543
1,B_svc,2,0.30026952731217943,39,0.2792753320852308,MAP_SCADA,145,0.02099419522694862
2,UPFC_Vsh,5-15,1.1035081667959006,39,1.1062122242676464,MAP_SCADA,145,0.0027040574717458465
3,UPFC_tsh,5-15,-0.22685329721329714,39,-0.2288937475894797,MAP_SCADA,145,0.0020404503761825565
4,UPFC_Vse,5-15,0.060193805382303366,39,0.06105957393486992,MAP_SCADA,145,0.0008657685525665579
5,UPFC_tse,5-15,-2.1480449289464985,39,-2.1480552309749896,MAP_SCADA,145,1.0302028491171455e-05
0,x_tcsc,1-14,-0.1380881425081221,40,-0.13533026318966013,MAP_SCADA,145,0.00275787931846197
1,B_svc,2,0.305150873703634,40,0.2792753320852308,MAP_SCADA,145,0.025875541618403164
2,UPFC_Vsh,5-15,1.1010648603053346,40,1.1062122242676464,MAP_SCADA,145,0.005147363962311857
3,UPFC_tsh,5-15,-0.2285433630113417,40,-0.2288937475894797,MAP_SCADA,145,0.00035038457813799107
4,UPFC_Vse,5-15,0.06086204016250076,40,0.06105957393486992,MAP_SCADA,145,0.00019753377236916142
5,UPFC_tse,5-15,-2.148631665556464,40,-2.1480552309749896,MAP_SCADA,145,0.0005764345814744942
0,x_tcsc,1-14,-0.1387186169873437,41,-0.13533026318966013,MAP_SCADA,145,0.0033883537976835687
1,B_svc,2,0.29322018540771627,41,0.2792753320852308,MAP_SCADA,145,0.013944853322485462
2,UPFC_Vsh,5-15,1.1038591215574631,41,1.1062122242676464,MAP_SCADA,145,0.002353102710183297
3,UPFC_tsh,5-15,-0.22602840755094478,41,-0.2288937475894797,MAP_SCADA,145,0.0028653400385349193
4,UPFC_Vse,5-15,0.060643180625298665,41,0.06105957393486992,MAP_SCADA,145,0.00041639330957125853
5,UPFC_tse,5-15,-2.1511423510924637,41,-2.1480552309749896,MAP_SCADA,145,0.0030871201174740293
0,x_tcsc,1-14,-0.1399054585652153,42,-0.13533026318966013,MAP_SCADA,145,0.004575195375555174
1,B_svc,2,0.29691859176243846,42,0.2792753320852308,MAP_SCADA,145,0.017643259677207646
2,UPFC_Vsh,5-15,1.1044028256050389,42,1.1062122242676464,MAP_SCADA,145,0.001809398662607542
3,UPFC_tsh,5-15,-0.2256305853352938,42,-0.2288937475894797,MAP_SCADA,145,0.0032631622541859084
4,UPFC_Vse,5-15,0.060075035419874336,42,0.06105957393486992,MAP_SCADA,145,0.000984538514995588
5,UPFC_tse,5-15,-2.144996823734121,42,-2.1480552309749896,MAP_SCADA,145,0.00305840724086881
0,x_tcsc,1-14,-0.13845023221293154,43,-0.13533026318966013,MAP_SCADA,145,0.003119969023271413
1,B_svc,2,0.2982945498498663,43,0.2792753320852308,MAP_SCADA,145,0.0190192177646355
2,UPFC_Vsh,5-15,1.1058482160010459,43,1.1062122242676464,MAP_SCADA,145,0.0003640082666005462
3,UPFC_tsh,5-15,-0.2259417019098907,43,-0.2288937475894797,MAP_SCADA,145,0.0029520456795889827
4,UPFC_Vse,5-15,0.0596267769348247,43,0.06105957393486992,MAP_SCADA,145,0.0014327970000452203
5,UPFC_tse,5-15,-2.1476228475067285,43,-2.1480552309749896,MAP_SCADA,145,0.0004323834682611327
0,x_tcsc,1-14,-0.139811517951264,44,-0.13533026318966013,MAP_SCADA,145,0.004481254761603881
1,B_svc,2,0.29671087376323174,44,0.2792753320852308,MAP_SCADA,145,0.017435541678000932
2,UPFC_Vsh,5-15,1.1028977831949425,44,1.1062122242676464,MAP_SCADA,145,0.0033144410727039553
3,UPFC_tsh,5-15,-0.22646896973694672,44,-0.2288937475894797,MAP_SCADA,145,0.0024247778525329777
4,UPFC_Vse,5-15,0.06049594237847763,44,0.06105957393486992,MAP_SCADA,145,0.0005636315563922953
5,UPFC_tse,5-15,-2.1480555669771535,44,-2.1480552309749896,MAP_SCADA,145,3.3600216386986403e-07
0,x_tcsc,1-14,-0.14052857428117096,45,-0.13533026318966013,MAP_SCADA,145,0.005198311091510838
1,B_svc,2,0.29656433459849,45,0.2792753320852308,MAP_SCADA,145,0.01728900251325921
2,UPFC_Vsh,5-15,1.105353337485876,45,1.1062122242676464,MAP_SCADA,145,0.0008588867817704848
3,UPFC_tsh,5-15,-0.2250383220991583,45,-0.2288937475894797,MAP_SCADA,145,0.0038554254903213903
4,UPFC_Vse,5-15,0.05983092960988044,45,0.06105957393486992,MAP_SCADA,145,0.0012286443249894807
5,UPFC_tse,5-15,-2.1495930852050207,45,-2.1480552309749896,MAP_SCADA,145,0.001537854230031055
0,x_tcsc,1-14,-0.13895079535319532,46,-0.13533026318966013,MAP_SCADA,145,0.003620532163535195
1,B_svc,2,0.2964461038118466,46,0.2792753320852308,MAP_SCADA,145,0.017170771726615797
2,UPFC_Vsh,5-15,1.1048489870248948,46,1.1062122242676464,MAP_SCADA,145,0.0013632372427516692
3,UPFC_tsh,5-15,-0.22489720469760976,46,-0.2288937475894797,MAP_SCADA,145,0.003996542891869931
4,UPFC_Vse,5-15,0.06055886878461661,46,0.06105957393486992,MAP_SCADA,145,0.0005007051502533139
5,UPFC_tse,5-15,-2.143860217935244,46,-2.1480552309749896,MAP_SCADA,145,0.004195013039745454
0,x_tcsc,1-14,-0.13913388965149576,47,-0.13533026318966013,MAP_SCADA,145,0.0038036264618356297
1,B_svc,2,0.2984715848952935,47,0.2792753320852308,MAP_SCADA,145,0.01919625281006271
2,UPFC_Vsh,5-15,1.103504153241162,47,1.1062122242676464,MAP_SCADA,145,0.0027080710264844043
3,UPFC_tsh,5-15,-0.22569345557829593,47,-0.2288937475894797,MAP_SCADA,145,0.0032002920111837696
4,UPFC_Vse,5-15,0.0599048945666807,47,0.06105957393486992,MAP_SCADA,145,0.001154679368189221
5,UPFC_tse,5-15,-2.147264956699322,47,-2.1480552309749896,MAP_SCADA,145,0.0007902742756678016
0,x_tcsc,1-14,-0.1388308665670919,48,-0.13533026318966013,MAP_SCADA,145,0.0035006033774317713
1,B_svc,2,0.2980432939421639,48,0.2792753320852308,MAP_SCADA,145,0.01876796185693308
2,UPFC_Vsh,5-15,1.1046129074545643,48,1.1062122242676464,MAP_SCADA,145,0.001599316813082119
3,UPFC_tsh,5-15,-0.22600620862937293,48,-0.2288937475894797,MAP_SCADA,145,0.002887538960106767
4,UPFC_Vse,5-15,0.059986161692255846,48,0.06105957393486992,MAP_SCADA,145,0.0010734122426140774
5,UPFC_tse,5-15,-2.1500646836679387,48,-2.1480552309749896,MAP_SCADA,145,0.002009452692949054
0,x_tcsc,1-14,-0.13678999882709117,49,-0.13533026318966013,MAP_SCADA,145,0.0014597356374310422
1,B_svc,2,0.3048122495750491,49,0.2792753320852308,MAP_SCADA,145,0.02553691748981829
2,UPFC_Vsh,5-15,1.1028142767271474,49,1.1062122242676464,MAP_SCADA,145,0.0033979475404990467
3,UPFC_tsh,5-15,-0.22789640504364608,49,-0.2288937475894797,MAP_SCADA,145,0.0009973425458336127
4,UPFC_Vse,5-15,0.06019102860432917,49,0.06105957393486992,MAP_SCADA,145,0.0008685453305407528
5,UPFC_tse,5-15,-2.1502166423072926,49,-2.1480552309749896,MAP_SCADA,145,0.002161411332302965
0,x_tcsc,1-14,-0.13844327078259241,50,-0.13533026318966013,MAP_SCADA,145,0.0031130075929322876
1,B_svc,2,0.296185019327285,50,0.2792753320852308,MAP_SCADA,145,0.016909687242054217
2,UPFC_Vsh,5-15,1.103699644975238,50,1.1062122242676464,MAP_SCADA,145,0.0025125792924083346
3,UPFC_tsh,5-15,-0.22623525675338108,50,-0.2288937475894797,MAP_SCADA,145,0.0026584908360986204
4,UPFC_Vse,5-15,0.060455226854863514,50,0.06105957393486992,MAP_SCADA,145,0.0006043470800064094
5,UPFC_tse,5-15,-2.147736097903853,50,-2.1480552309749896,MAP_SCADA,145,0.00031913307113651257
0,x_tcsc,1-14,-0.13932493877968363,51,-0.13533026318966013,MAP_SCADA,145,0.003994675590023505
1,B_svc,2,0.29545982958944195,51,0.2792753320852308,MAP_SCADA,145,0.016184497504211137
2,UPFC_Vsh,5-15,1.1041996971003738,51,1.1062122242676464,MAP_SCADA,145,0.0020125271672726264
3,UPFC_tsh,5-15,-0.2259362461468297,51,-0.2288937475894797,MAP_SCADA,145,0.0029575014426500013
4,UPFC_Vse,5-15,0.060608605431686384,51,0.06105957393486992,MAP_SCADA,145,0.0004509685031835395
5,UPFC_tse,5-15,-2.147654032566646,51,-2.1480552309749896,MAP_SCADA,145,0.0004011984083436282
0,x_tcsc,1-14,-0.13877429196352978,52,-0.13533026318966013,MAP_SCADA,145,0.0034440287738696507
1,B_svc,2,0.2955519365557847,52,0.2792753320852308,MAP_SCADA,145,0.0162766044705539
2,UPFC_Vsh,5-15,1.103401285053523,52,1.1062122242676464,MAP_SCADA,145,0.0028109392141233425
3,UPFC_tsh,5-15,-0.2256970092293021,52,-0.2288937475894797,MAP_SCADA,145,0.0031967383601775867
4,UPFC_Vse,5-15,0.060037529394786515,52,0.06105957393486992,MAP_SCADA,145,0.0010220445400834083
5,UPFC_tse,5-15,-2.1502566117296222,52,-2.1480552309749896,MAP_SCADA,145,0.002201380754632609
0,x_tcsc,1-14,-0.13719206890746846,53,-0.13533026318966013,MAP_SCADA,145,0.0018618057178083347
1,B_svc,2,0.2997239554174644,53,0.2792753320852308,MAP_SCADA,145,0.020448623332233573
2,UPFC_Vsh,5-15,1.1040769980954428,53,1.1062122242676464,MAP_SCADA,145,0.0021352261722036303
3,UPFC_tsh,5-15,-0.22720083749051107,53,-0.2288937475894797,MAP_SCADA,145,0.0016929100989686308
4,UPFC_Vse,5-15,0.06010456096434186,53,0.06105957393486992,MAP_SCADA,145,0.0009550129705280658
5,UPFC_tse,5-15,-2.1545612967427794,53,-2.1480552309749896,MAP_SCADA,145,0.0065060657677897815
0,x_tcsc,1-14,-0.13798824104664212,54,-0.13533026318966013,MAP_SCADA,145,0.002657977856981991
1,B_svc,2,0.30227977719608706,54,0.2792753320852308,MAP_SCADA,145,0.023004445110856253
2,UPFC_Vsh,5-15,1.103186529193495,54,1.1062122242676464,MAP_SCADA,145,0.003025695074151402
3,UPFC_tsh,5-15,-0.22683808163686253,54,-0.2288937475894797,MAP_SCADA,145,0.002055665952617164
4,UPFC_Vse,5-15,0.06059927539276227,54,0.06105957393486992,MAP_SCADA,145,0.00046029854210765525
5,UPFC_tse,5-15,-2.1470201328700975,54,-2.1480552309749896,MAP_SCADA,145,0.001035098104892107
0,x_tcsc,1-14,-0.13861819969654465,55,-0.13533026318966013,MAP_SCADA,145,0.0032879365068845257
1,B_svc,2,0.2982281439530429,55,0.2792753320852308,MAP_SCADA,145,0.018952811867812114
2,UPFC_Vsh,5-15,1.1062975037791578,55,1.1062122242676464,MAP_SCADA,145,8.527951151138247e-05
3,UPFC_tsh,5-15,-0.2256201950046325,55,-0.2288937475894797,MAP_SCADA,145,0.0032735525848471836
4,UPFC_Vse,5-15,0.06010544691893832,55,0.06105957393486992,MAP_SCADA,145,0.0009541270159316023
5,UPFC_tse,5-15,-2.1486231597502226,55,-2.1480552309749896,MAP_SCADA,145,0.0005679287752329287
0,x_tcsc,1-14,-0.13821983146765665,56,-0.13533026318966013,MAP_SCADA,145,0.0028895682779965237
1,B_svc,2,0.3011376864684205,56,0.2792753320852308,MAP_SCADA,145,0.021862354383189675
2,UPFC_Vsh,5-15,1.104502511352792,56,1.1062122242676464,MAP_SCADA,145,0.0017097129148544443
3,UPFC_tsh,5-15,-0.22690992863944798,56,-0.2288937475894797,MAP_SCADA,145,0.0019838189500317183
4,UPFC_Vse,5-15,0.06015288344386399,56,0.06105957393486992,MAP_SCADA,145,0.000906690491005932
5,UPFC_tse,5-15,-2.145879885001655,56,-2.1480552309749896,MAP_SCADA,145,0.002175345973334686
0,x_tcsc,1-14,-0.13767132395109832,57,-0.13533026318966013,MAP_SCADA,145,0.002341060761438196
1,B_svc,2,0.29706997285255465,57,0.2792753320852308,MAP_SCADA,145,0.017794640767323844
2,UPFC_Vsh,5-15,1.1075096933847748,57,1.1062122242676464,MAP_SCADA,145,0.001297469117128358
3,UPFC_tsh,5-15,-0.22571755461786697,57,-0.2288937475894797,MAP_SCADA,145,0.003176192971612729
4,UPFC_Vse,5-15,0.05995041538130148,57,0.06105957393486992,MAP_SCADA,145,0.00110915855356844
5,UPFC_tse,5-15,-2.1442045134949352,57,-2.1480552309749896,MAP_SCADA,145,0.0038507174800543886
0,x_tcsc,1-14,-0.14025304881818126,58,-0.13533026318966013,MAP_SCADA,145,0.004922785628521137
1,B_svc,2,0.2943751922505254,58,0.2792753320852308,MAP_SCADA,145,0.015099860165294576
2,UPFC_Vsh,5-15,1.1043382438971199,58,1.1062122242676464,MAP_SCADA,145,0.0018739803705265512
3,UPFC_tsh,5-15,-0.22596942597343528,58,-0.2288937475894797,MAP_SCADA,145,0.0029243216160444174
4,UPFC_Vse,5-15,0.05989844619524658,58,0.06105957393486992,MAP_SCADA,145,0.0011611277396233466
5,UPFC_tse,5-15,-2.150392797073834,58,-2.1480552309749896,MAP_SCADA,145,0.0023375660988445013
0,x_tcsc,1-14,-0.13948574348694037,59,-0.13533026318966013,MAP_SCADA,145,0.004155480297280245
1,B_svc,2,0.29361040067047306,59,0.2792753320852308,MAP_SCADA,145,0.01433506858524225
2,UPFC_Vsh,5-15,1.1024436446396637,59,1.1062122242676464,MAP_SCADA,145,0.0037685796279827155
3,UPFC_tsh,5-15,-0.2260962852316475,59,-0.2288937475894797,MAP_SCADA,145,0.002797462357832209
4,UPFC_Vse,5-15,0.0603760348307006,59,0.06105957393486992,MAP_SCADA,145,0.0006835391041693228
5,UPFC_tse,5-15,-2.153027024774551,59,-2.1480552309749896,MAP_SCADA,145,0.004971793799561475
0,x_tcsc,1-14,-0.13734548040088565,60,-0.13533026318966013,MAP_SCADA,145,0.002015217211225523
1,B_svc,2,0.3050931327260433,60,0.2792753320852308,MAP_SCADA,145,0.025817800640812516
2,UPFC_Vsh,5-15,1.1024510869435684,60,1.1062122242676464,MAP_SCADA,145,0.003761137324078012
3,UPFC_tsh,5-15,-0.22792302563646952,60,-0.2288937475894797,MAP_SCADA,145,0.0009707219530101785
4,UPFC_Vse,5-15,0.05994697426279195,60,0.06105957393486992,MAP_SCADA,145,0.0011125996720779754
5,UPFC_tse,5-15,-2.1533501829787167,60,-2.1480552309749896,MAP_SCADA,145,0.005294952003727094
0,x_tcsc,1-14,-0.13962038629562434,61,-0.13533026318966013,MAP_SCADA,145,0.004290123105964216
1,B_svc,2,0.2962995497542139,61,0.2792753320852308,MAP_SCADA,145,0.0170242176689831
2,UPFC_Vsh,5-15,1.1029814234863042,61,1.1062122242676464,MAP_SCADA,145,0.0032308007813421913
3,UPFC_tsh,5-15,-0.22586234776028932,61,-0.2288937475894797,MAP_SCADA,145,0.003031399829190373
4,UPFC_Vse,5-15,0.06022765102223543,61,0.06105957393486992,MAP_SCADA,145,0.0008319229126344946
5,UPFC_tse,5-15,-2.1501775445709037,61,-2.1480552309749896,MAP_SCADA,145,0.0021223135959140826
0,x_tcsc,1-14,-0.1395880404530107,62,-0.13533026318966013,MAP_SCADA,145,0.004257777263350582
1,B_svc,2,0.29959101759192003,62,0.2792753320852308,MAP_SCADA,145,0.02031568550668922
2,UPFC_Vsh,5-15,1.1049893981731653,62,1.1062122242676464,MAP_SCADA,145,0.0012228260944810998
3,UPFC_tsh,5-15,-0.2262864238321893,62,-0.2288937475894797,MAP_SCADA,145,0.002607323757290392
4,UPFC_Vse,5-15,0.0599799436649154,62,0.06105957393486992,MAP_SCADA,145,0.001079630269954522
5,UPFC_tse,5-15,-2.1470839299587956,62,-2.1480552309749896,MAP_SCADA,145,0.0009713010161940261
0,x_tcsc,1-14,-0.13819293186036755,63,-0.13533026318966013,MAP_SCADA,145,0.002862668670707419
1,B_svc,2,0.2947934783829856,63,0.2792753320852308,MAP_SCADA,145,0.015518146297754776
2,UPFC_Vsh,5-15,1.105386686753126,63,1.1062122242676464,MAP_SCADA,145,0.0008255375145205246
3,UPFC_tsh,5-15,-0.226096774621023,63,-0.2288937475894797,MAP_SCADA,145,0.0027969729684566846
4,UPFC_Vse,5-15,0.06026503639942282,63,0.06105957393486992,MAP_SCADA,145,0.0007945375354471013
5,UPFC_tse,5-15,-2.1446743398568286,63,-2.1480552309749896,MAP_SCADA,145,0.003380891118160978
0,x_tcsc,1-14,-0.13921022468365188,64,-0.13533026318966013,MAP_SCADA,145,0.0038799614939917515
1,B_svc,2,0.30291283652156065,64,0.2792753320852308,MAP_SCADA,145,0.023637504436329837
2,UPFC_Vsh,5-15,1.1017025311267963,64,1.1062122242676464,MAP_SCADA,145,0.004509693140850146
3,UPFC_tsh,5-15,-0.22647964204765078,64,-0.2288937475894797,MAP_SCADA,145,0.002414105541828915
4,UPFC_Vse,5-15,0.06037988534906229,64,0.06105957393486992,MAP_SCADA,145,0.0006796885858076362
5,UPFC_tse,5-15,-2.1467661078239084,64,-2.1480552309749896,MAP_SCADA,145,0.0012891231510812062
0,x_tcsc,1-14,-0.13754706013970006,65,-0.13533026318966013,MAP_SCADA,145,0.0022167969500399287
1,B_svc,2,0.3033542225314747,65,0.2792753320852308,MAP_SCADA,145,0.024078890446243895
2,UPFC_Vsh,5-15,1.102491949482756,65,1.1062122242676464,MAP_SCADA,145,0.003720274784890343
3,UPFC_tsh,5-15,-0.22779893595847883,65,-0.2288937475894797,MAP_SCADA,145,0.0010948116310008638
4,UPFC_Vse,5-15,0.060129879626394565,65,0.06105957393486992,MAP_SCADA,145,0.0009296943084753581
5,UPFC_tse,5-15,-2.151886632505937,65,-2.1480552309749896,MAP_SCADA,145,0.0038314015309475202
0,x_tcsc,1-14,-0.13851879659942265,66,-0.13533026318966013,MAP_SCADA,145,0.003188533409762523
1,B_svc,2,0.30098243833297045,66,0.2792753320852308,MAP_SCADA,145,0.021707106247739638
2,UPFC_Vsh,5-15,1.1037986787727152,66,1.1062122242676464,MAP_SCADA,145,0.002413545494931224
3,UPFC_tsh,5-15,-0.2266876249058762,66,-0.2288937475894797,MAP_SCADA,145,0.002206122683603484
4,UPFC_Vse,5-15,0.059659010943204104,66,0.06105957393486992,MAP_SCADA,145,0.00140056299166582
5,UPFC_tse,5-15,-2.145454356885726,66,-2.1480552309749896,MAP_SCADA,145,0.002600874089263794
0,x_tcsc,1-14,-0.13891729932627214,67,-0.13533026318966013,MAP_SCADA,145,0.003587036136612015
1,B_svc,2,0.29894763571785266,67,0.2792753320852308,MAP_SCADA,145,0.019672303632621846
2,UPFC_Vsh,5-15,1.1052742411757022,67,1.1062122242676464,MAP_SCADA,145,0.0009379830919442611
3,UPFC_tsh,5-15,-0.22678710475996916,67,-0.2288937475894797,MAP_SCADA,145,0.0021066428295105355
4,UPFC_Vse,5-15,0.06021758539380588,67,0.06105957393486992,MAP_SCADA,145,0.0008419885410640426
5,UPFC_tse,5-15,-2.1460217532626857,67,-2.1480552309749896,MAP_SCADA,145,0.0020334777123038883
0,x_tcsc,1-14,-0.1400113610368814,68,-0.13533026318966013,MAP_SCADA,145,0.0046810978472212605
1,B_svc,2,0.2886082954586116,68,0.2792753320852308,MAP_SCADA,145,0.009332963373380798
2,UPFC_Vsh,5-15,1.1086243994812912,68,1.1062122242676464,MAP_SCADA,145,0.002412175213644785
3,UPFC_tsh,5-15,-0.22463470542028693,68,-0.2288937475894797,MAP_SCADA,145,0.004259042169192762
4,UPFC_Vse,5-15,0.05987369804048943,68,0.06105957393486992,MAP_SCADA,145,0.0011858758943804962
5,UPFC_tse,5-15,-2.1449589252236083,68,-2.1480552309749896,MAP_SCADA,145,0.003096305751381312
0,x_tcsc,1-14,-0.1391771725391201,69,-0.13533026318966013,MAP_SCADA,145,0.0038469093494599704
1,B_svc,2,0.2949481090376491,69,0.2792753320852308,MAP_SCADA,145,0.01567277695241831
2,UPFC_Vsh,5-15,1.1044387529335438,69,1.1062122242676464,MAP_SCADA,145,0.0017734713341026609
3,UPFC_tsh,5-15,-0.2255383734968782,69,-0.2288937475894797,MAP_SCADA,145,0.003355374092601504
4,UPFC_Vse,5-15,0.06053740626463348,69,0.06105957393486992,MAP_SCADA,145,0.0005221676702364467
5,UPFC_tse,5-15,-2.147341439047312,69,-2.1480552309749896,MAP_SCADA,145,0.0007137919276778426
0,x_tcsc,1-14,-0.14030892296009884,70,-0.13533026318966013,MAP_SCADA,145,0.004978659770438709
1,B_svc,2,0.28916581192604307,70,0.2792753320852308,MAP_SCADA,145,0.00989047984081226
2,UPFC_Vsh,5-15,1.105617684280865,70,1.1062122242676464,MAP_SCADA,145,0.0005945399867814949
3,UPFC_tsh,5-15,-0.22463776111187436,70,-0.2288937475894797,MAP_SCADA,145,0.0042559864776053336
4,UPFC_Vse,5-15,0.05922766099819131,70,0.06105957393486992,MAP_SCADA,145,0.0018319129366786147
5,UPFC_tse,5-15,-2.146793521944589,70,-2.1480552309749896,MAP_SCADA,145,0.0012617090304005707
0,x_tcsc,1-14,-0.13912161106384616,71,-0.13533026318966013,MAP_SCADA,145,0.0037913478741860296
1,B_svc,2,0.29390301176538924,71,0.2792753320852308,MAP_SCADA,145,0.014627679680158434
2,UPFC_Vsh,5-15,1.1066642973847154,71,1.1062122242676464,MAP_SCADA,145,0.0004520731170689629
3,UPFC_tsh,5-15,-0.225605363251747,71,-0.2288937475894797,MAP_SCADA,145,0.0032883843377327082
4,UPFC_Vse,5-15,0.05939111103551805,71,0.06105957393486992,MAP_SCADA,145,0.0016684628993518733
5,UPFC_tse,5-15,-2.1477863279580256,71,-2.1480552309749896,MAP_SCADA,145,0.0002689030169640283
0,x_tcsc,1-14,-0.14056060725207833,72,-0.13533026318966013,MAP_SCADA,145,0.005230344062418207
1,B_svc,2,0.2905575884448555,72,0.2792753320852308,MAP_SCADA,145,0.01128225635962471
2,UPFC_Vsh,5-15,1.1041119417122978,72,1.1062122242676464,MAP_SCADA,145,0.002100282555348665
3,UPFC_tsh,5-15,-0.22535657625741115,72,-0.2288937475894797,MAP_SCADA,145,0.003537171332068545
4,UPFC_Vse,5-15,0.060107674310286366,72,0.06105957393486992,MAP_SCADA,145,0.0009518996245835576
5,UPFC_tse,5-15,-2.1468883355909685,72,-2.1480552309749896,MAP_SCADA,145,0.0011668953840211493
0,x_tcsc,1-14,-0.1388155879410626,73,-0.13533026318966013,MAP_SCADA,145,0.00348532475140248
1,B_svc,2,0.2955615078968038,73,0.2792753320852308,MAP_SCADA,145,0.01628617581157299
2,UPFC_Vsh,5-15,1.105298350292251,73,1.1062122242676464,MAP_SCADA,145,0.0009138739753953296
3,UPFC_tsh,5-15,-0.22593649996615559,73,-0.2288937475894797,MAP_SCADA,145,0.0029572476233241107
4,UPFC_Vse,5-15,0.05985474709110416,73,0.06105957393486992,MAP_SCADA,145,0.0012048268437657647
5,UPFC_tse,5-15,-2.1511679849735295,73,-2.1480552309749896,MAP_SCADA,145,0.00311275399853983
0,x_tcsc,1-14,-0.1398233764460126,74,-0.13533026318966013,MAP_SCADA,145,0.00449311325635246
1,B_svc,2,0.2954338977334575,74,0.2792753320852308,MAP_SCADA,145,0.016158565648226708
2,UPFC_Vsh,5-15,1.1071480139212553,74,1.1062122242676464,MAP_SCADA,145,0.0009357896536088539
3,UPFC_tsh,5-15,-0.22453926962252754,74,-0.2288937475894797,MAP_SCADA,145,0.004354477966952153
4,UPFC_Vse,5-15,0.060687580449417494,74,0.06105957393486992,MAP_SCADA,145,0.0003719934854524293
5,UPFC_tse,5-15,-2.14433718069863,74,-2.1480552309749896,MAP_SCADA,145,0.00371805027635963
0,x_tcsc,1-14,-0.13985189874829726,75,-0.13533026318966013,MAP_SCADA,145,0.004521635558637133
1,B_svc,2,0.29688805571872745,75,0.2792753320852308,MAP_SCADA,145,0.01761272363349664
2,UPFC_Vsh,5-15,1.1046618916641544,75,1.1062122242676464,MAP_SCADA,145,0.0015503326034920217
3,UPFC_tsh,5-15,-0.22601035217733573,75,-0.2288937475894797,MAP_SCADA,145,0.0028833954121439687
4,UPFC_Vse,5-15,0.06080895520400906,75,0.06105957393486992,MAP_SCADA,145,0.00025061873086086595
5,UPFC_tse,5-15,-2.1404242421104898,75,-2.1480552309749896,MAP_SCADA,145,0.007630988864499866
0,x_tcsc,1-14,-0.13957144471102523,76,-0.13533026318966013,MAP_SCADA,145,0.0042411815213651005
1,B_svc,2,0.2923765380368501,76,0.2792753320852308,MAP_SCADA,145,0.013101205951619288
2,UPFC_Vsh,5-15,1.1054871009105336,76,1.1062122242676464,MAP_SCADA,145,0.0007251233571128335
3,UPFC_tsh,5-15,-0.22482937095352573,76,-0.2288937475894797,MAP_SCADA,145,0.004064376635953965
4,UPFC_Vse,5-15,0.06030011511679539,76,0.06105957393486992,MAP_SCADA,145,0.0007594588180745362
5,UPFC_tse,5-15,-2.1476767706995723,76,-2.1480552309749896,MAP_SCADA,145,0.00037846027541732497
0,x_tcsc,1-14,-0.13862326408102932,77,-0.13533026318966013,MAP_SCADA,145,0.003293000891369191
1,B_svc,2,0.297354900166559,77,0.2792753320852308,MAP_SCADA,145,0.018079568081328212
2,UPFC_Vsh,5-15,1.1047507912466037,77,1.1062122242676464,MAP_SCADA,145,0.001461433021042735
3,UPFC_tsh,5-15,-0.22604008379772728,77,-0.2288937475894797,MAP_SCADA,145,0.00285366379175242
4,UPFC_Vse,5-15,0.05988669983780915,77,0.06105957393486992,MAP_SCADA,145,0.0011728740970607734
5,UPFC_tse,5-15,-2.149920976773672,77,-2.1480552309749896,MAP_SCADA,145,0.0018657457986823722
0,x_tcsc,1-14,-0.14014173897371188,78,-0.13533026318966013,MAP_SCADA,145,0.00481147578405175
1,B_svc,2,0.29808804198602606,78,0.2792753320852308,MAP_SCADA,145,0.018812709900795255
2,UPFC_Vsh,5-15,1.1020250874796236,78,1.1062122242676464,MAP_SCADA,145,0.004187136788022849
3,UPFC_tsh,5-15,-0.22709406986485264,78,-0.2288937475894797,MAP_SCADA,145,0.0017996777246270523
4,UPFC_Vse,5-15,0.06038098624706862,78,0.06105957393486992,MAP_SCADA,145,0.0006785876878013034
5,UPFC_tse,5-15,-2.147555642474961,78,-2.1480552309749896,MAP_SCADA,145,0.0004995885000287359
0,x_tcsc,1-14,-0.138494991935145,79,-0.13533026318966013,MAP_SCADA,145,0.003164728745484874
1,B_svc,2,0.29935793585946774,79,0.2792753320852308,MAP_SCADA,145,0.02008260377423693
2,UPFC_Vsh,5-15,1.1044861845431309,79,1.1062122242676464,MAP_SCADA,145,0.0017260397245155712
3,UPFC_tsh,5-15,-0.2267156972470802,79,-0.2288937475894797,MAP_SCADA,145,0.0021780503423994846
4,UPFC_Vse,5-15,0.06014279391207925,79,0.06105957393486992,MAP_SCADA,145,0.0009167800227906711
5,UPFC_tse,5-15,-2.148430129095994,79,-2.1480552309749896,MAP_SCADA,145,0.0003748981210045521
0,x_tcsc,1-14,-0.13850198239680195,80,-0.13533026318966013,MAP_SCADA,145,0.003171719207141821
1,B_svc,2,0.2949269015440459,80,0.2792753320852308,MAP_SCADA,145,0.015651569458815073
2,UPFC_Vsh,5-15,1.1046154754089028,80,1.1062122242676464,MAP_SCADA,145,0.001596748858743613
3,UPFC_tsh,5-15,-0.22601633684968597,80,-0.2288937475894797,MAP_SCADA,145,0.002877410739793723
4,UPFC_Vse,5-15,0.05995997222132473,80,0.06105957393486992,MAP_SCADA,145,0.0010996017135451938
5,UPFC_tse,5-15,-2.151054139576775,80,-2.1480552309749896,MAP_SCADA,145,0.0029989086017851996
0,x_tcsc,1-14,-0.13966617912573293,81,-0.13533026318966013,MAP_SCADA,145,0.004335915936072798
1,B_svc,2,0.29315893366360213,81,0.2792753320852308,MAP_SCADA,145,0.013883601578371318
2,UPFC_Vsh,5-15,1.1060385957878638,81,1.1062122242676464,MAP_SCADA,145,0.0001736284797826393
3,UPFC_tsh,5-15,-0.22521413775523438,81,-0.2288937475894797,MAP_SCADA,145,0.003679609834245312
4,UPFC_Vse,5-15,0.060315117957685425,81,0.06105957393486992,MAP_SCADA,145,0.000744455977184498
5,UPFC_tse,5-15,-2.139918566642995,81,-2.1480552309749896,MAP_SCADA,145,0.00813666433199467
0,x_tcsc,1-14,-0.13893154787813156,82,-0.13533026318966013,MAP_SCADA,145,0.003601284688471429
1,B_svc,2,0.3003519178065197,82,0.2792753320852308,MAP_SCADA,145,0.0210765857212889
2,UPFC_Vsh,5-15,1.105211713292877,82,1.1062122242676464,MAP_SCADA,145,0.0010005109747694974
3,UPFC_tsh,5-15,-0.22601346607340225,82,-0.2288937475894797,MAP_SCADA,145,0.002880281516077443
4,UPFC_Vse,5-15,0.05983889382632722,82,0.06105957393486992,MAP_SCADA,145,0.0012206801085427044
5,UPFC_tse,5-15,-2.145681020772069,82,-2.1480552309749896,MAP_SCADA,145,0.0023742102029205014
0,x_tcsc,1-14,-0.13768340688018318,83,-0.13533026318966013,MAP_SCADA,145,0.0023531436905230574
1,B_svc,2,0.2994261065484856,83,0.2792753320852308,MAP_SCADA,145,0.020150774463254806
2,UPFC_Vsh,5-15,1.101703543833773,83,1.1062122242676464,MAP_SCADA,145,0.004508680433873424
3,UPFC_tsh,5-15,-0.2279174035804127,83,-0.2288937475894797,MAP_SCADA,145,0.0009763440090669873
4,UPFC_Vse,5-15,0.06055765787005787,83,0.06105957393486992,MAP_SCADA,145,0.0005019160648120566
5,UPFC_tse,5-15,-2.1510343991375835,83,-2.1480552309749896,MAP_SCADA,145,0.002979168162593915
0,x_tcsc,1-14,-0.1373216491922542,84,-0.13533026318966013,MAP_SCADA,145,0.0019913860025940755
1,B_svc,2,0.2927348858620752,84,0.2792753320852308,MAP_SCADA,145,0.01345955377684438
2,UPFC_Vsh,5-15,1.1067500551576062,84,1.1062122242676464,MAP_SCADA,145,0.0005378308899597339
3,UPFC_tsh,5-15,-0.22563770740787648,84,-0.2288937475894797,MAP_SCADA,145,0.0032560401816032203
4,UPFC_Vse,5-15,0.06014896913171909,84,0.06105957393486992,MAP_SCADA,145,0.0009106048031508329
5,UPFC_tse,5-15,-2.144710256275567,84,-2.1480552309749896,MAP_SCADA,145,0.0033449746994227425
0,x_tcsc,1-14,-0.1368727184297969,85,-0.13533026318966013,MAP_SCADA,145,0.0015424552401367697
1,B_svc,2,0.3042076338471711,85,0.2792753320852308,MAP_SCADA,145,0.02493230176194028
2,UPFC_Vsh,5-15,1.1020224083109054,85,1.1062122242676464,MAP_SCADA,145,0.004189815956741061
3,UPFC_tsh,5-15,-0.22809833192717974,85,-0.2288937475894797,MAP_SCADA,145,0.0007954156622999586
4,UPFC_Vse,5-15,0.059876587389066586,85,0.06105957393486992,MAP_SCADA,145,0.001182986545803337
5,UPFC_tse,5-15,-2.1513163216563593,85,-2.1480552309749896,MAP_SCADA,145,0.003261090681369705
0,x_tcsc,1-14,-0.1384535459587959,86,-0.13533026318966013,MAP_SCADA,145,0.00312328276913576
1,B_svc,2,0.2997617930927,86,0.2792753320852308,MAP_SCADA,145,0.020486461007469203
2,UPFC_Vsh,5-15,1.103946923652292,86,1.1062122242676464,MAP_SCADA,145,0.0022653006153543487
3,UPFC_tsh,5-15,-0.22620783362035,86,-0.2288937475894797,MAP_SCADA,145,0.002685913969129705
4,UPFC_Vse,5-15,0.060450061537411046,86,0.06105957393486992,MAP_SCADA,145,0.0006095123974588779
5,UPFC_tse,5-15,-2.1479966642306616,86,-2.1480552309749896,MAP_SCADA,145,5.856674432802578e-05
0,x_tcsc,1-14,-0.13890739555022136,87,-0.13533026318966013,MAP_SCADA,145,0.0035771323605612304
1,B_svc,2,0.29816419122844867,87,0.2792753320852308,MAP_SCADA,145,0.018888859143217862
2,UPFC_Vsh,5-15,1.1032871777219062,87,1.1062122242676464,MAP_SCADA,145,0.0029250465457402175
3,UPFC_tsh,5-15,-0.226681685374232,87,-0.2288937475894797,MAP_SCADA,145,0.0022120622152476954
4,UPFC_Vse,5-15,0.06018735647973197,87,0.06105957393486992,MAP_SCADA,145,0.0008722174551379566
5,UPFC_tse,5-15,-2.1458589466601703,87,-2.1480552309749896,MAP_SCADA,145,0.00219628431481933
0,x_tcsc,1-14,-0.13941829242216902,88,-0.13533026318966013,MAP_SCADA,145,0.004088029232508894
1,B_svc,2,0.29807485035769715,88,0.2792753320852308,MAP_SCADA,145,0.018799518272466342
2,UPFC_Vsh,5-15,1.1045063121793453,88,1.1062122242676464,MAP_SCADA,145,0.0017059120883011758
3,UPFC_tsh,5-15,-0.22623395074146235,88,-0.2288937475894797,MAP_SCADA,145,0.002659796848017343
4,UPFC_Vse,5-15,0.05955271496810949,88,0.06105957393486992,MAP_SCADA,145,0.0015068589667604354
5,UPFC_tse,5-15,-2.147882351498537,88,-2.1480552309749896,MAP_SCADA,145,0.00017287947645261426
0,x_tcsc,1-14,-0.13722912029411927,89,-0.13533026318966013,MAP_SCADA,145,0.0018988571044591396
1,B_svc,2,0.30411101001131285,89,0.2792753320852308,MAP_SCADA,145,0.024835677926082045
2,UPFC_Vsh,5-15,1.1036311349152752,89,1.1062122242676464,MAP_SCADA,145,0.002581089352371224
3,UPFC_tsh,5-15,-0.22732067939310316,89,-0.2288937475894797,MAP_SCADA,145,0.001573068196376537
4,UPFC_Vse,5-15,0.06012593040018313,89,0.06105957393486992,MAP_SCADA,145,0.0009336435346867927
5,UPFC_tse,5-15,-2.148379421260987,89,-2.1480552309749896,MAP_SCADA,145,0.00032419028599717237
0,x_tcsc,1-14,-0.14066230142333347,90,-0.13533026318966013,MAP_SCADA,145,0.005332038233673342
1,B_svc,2,0.28639808623031715,90,0.2792753320852308,MAP_SCADA,145,0.007122754145086341
2,UPFC_Vsh,5-15,1.1053975417805695,90,1.1062122242676464,MAP_SCADA,145,0.0008146824870769453
3,UPFC_tsh,5-15,-0.2244789968365249,90,-0.2288937475894797,MAP_SCADA,145,0.004414750752954805
4,UPFC_Vse,5-15,0.05994150141665287,90,0.06105957393486992,MAP_SCADA,145,0.0011180725182170503
5,UPFC_tse,5-15,-2.1483133870233035,90,-2.1480552309749896,MAP_SCADA,145,0.0002581560483139178
0,x_tcsc,1-14,-0.1389034492356503,91,-0.13533026318966013,MAP_SCADA,145,0.003573186045990162
1,B_svc,2,0.29841707717821614,91,0.2792753320852308,MAP_SCADA,145,0.01914174509298533
2,UPFC_Vsh,5-15,1.1040028152967658,91,1.1062122242676464,MAP_SCADA,145,0.002209408970880622
3,UPFC_tsh,5-15,-0.22666245066459617,91,-0.2288937475894797,MAP_SCADA,145,0.0022312969248835246
4,UPFC_Vse,5-15,0.060089420272586895,91,0.06105957393486992,MAP_SCADA,145,0.0009701536622830284
5,UPFC_tse,5-15,-2.1467186392760302,91,-2.1480552309749896,MAP_SCADA,145,0.0013365916989593885
0,x_tcsc,1-14,-0.1399247873648281,92,-0.13533026318966013,MAP_SCADA,145,0.00459452417516798
1,B_svc,2,0.29473224820962973,92,0.2792753320852308,MAP_SCADA,145,0.015456916124398923
2,UPFC_Vsh,5-15,1.1051511651890191,92,1.1062122242676464,MAP_SCADA,145,0.0010610590786273022
3,UPFC_tsh,5-15,-0.22500880406455498,92,-0.2288937475894797,MAP_SCADA,145,0.0038849435249247166
4,UPFC_Vse,5-15,0.059988637387086235,92,0.06105957393486992,MAP_SCADA,145,0.001070936547783688
5,UPFC_tse,5-15,-2.143871600729615,92,-2.1480552309749896,MAP_SCADA,145,0.004183630245374825
0,x_tcsc,1-14,-0.13790532230246327,93,-0.13533026318966013,MAP_SCADA,145,0.0025750591128031464
1,B_svc,2,0.3013297835636175,93,0.2792753320852308,MAP_SCADA,145,0.022054451478386694
2,UPFC_Vsh,5-15,1.104168804741319,93,1.1062122242676464,MAP_SCADA,145,0.0020434195263274724
3,UPFC_tsh,5-15,-0.22684799687065,93,-0.2288937475894797,MAP_SCADA,145,0.002045750718829703
4,UPFC_Vse,5-15,0.059842294193274324,93,0.06105957393486992,MAP_SCADA,145,0.001217279741595599
5,UPFC_tse,5-15,-2.147633419958297,93,-2.1480552309749896,MAP_SCADA,145,0.00042181101669269694
0,x_tcsc,1-14,-0.13938863310282984,94,-0.13533026318966013,MAP_SCADA,145,0.004058369913169713
1,B_svc,2,0.2980292208579397,94,0.2792753320852308,MAP_SCADA,145,0.018753888772708893
2,UPFC_Vsh,5-15,1.1039325054724765,94,1.1062122242676464,MAP_SCADA,145,0.0022797187951699716
3,UPFC_tsh,5-15,-0.2264616265220565,94,-0.2288937475894797,MAP_SCADA,145,0.0024321210674231875
4,UPFC_Vse,5-15,0.06017734177236146,94,0.06105957393486992,MAP_SCADA,145,0.0008822321625084617
5,UPFC_tse,5-15,-2.153993553239469,94,-2.1480552309749896,MAP_SCADA,145,0.005938322264479545
0,x_tcsc,1-14,-0.13950620660961183,95,-0.13533026318966013,MAP_SCADA,145,0.0041759434199517
1,B_svc,2,0.29251821175293685,95,0.2792753320852308,MAP_SCADA,145,0.013242879667706042
2,UPFC_Vsh,5-15,1.1043324817035252,95,1.1062122242676464,MAP_SCADA,145,0.0018797425641212673
3,UPFC_tsh,5-15,-0.2259389986761963,95,-0.2288937475894797,MAP_SCADA,145,0.0029547489132834004
4,UPFC_Vse,5-15,0.060131204192603406,95,0.06105957393486992,MAP_SCADA,145,0.0009283697422665174
5,UPFC_tse,5-15,-2.1486542652587537,95,-2.1480552309749896,MAP_SCADA,145,0.0005990342837640661
0,x_tcsc,1-14,-0.1380067973475561,96,-0.13533026318966013,MAP_SCADA,145,0.0026765341578959823
1,B_svc,2,0.3023121368267017,96,0.2792753320852308,MAP_SCADA,145,0.023036804741470907
2,UPFC_Vsh,5-15,1.1044147926848344,96,1.1062122242676464,MAP_SCADA,145,0.0017974315828119813
3,UPFC_tsh,5-15,-0.22676224099022252,96,-0.2288937475894797,MAP_SCADA,145,0.002131506599257177
4,UPFC_Vse,5-15,0.06029829200515852,96,0.06105957393486992,MAP_SCADA,145,0.0007612819297114007
5,UPFC_tse,5-15,-2.1530578859010805,96,-2.1480552309749896,MAP_SCADA,145,0.005002654926090866
0,x_tcsc,1-14,-0.14075836433980002,97,-0.13533026318966013,MAP_SCADA,145,0.005428101150139891
1,B_svc,2,0.2900573964944106,97,0.2792753320852308,MAP_SCADA,145,0.010782064409179781
2,UPFC_Vsh,5-15,1.105770205928169,97,1.1062122242676464,MAP_SCADA,145,0.0004420183394773236
3,UPFC_tsh,5-15,-0.22466709487794193,97,-0.2288937475894797,MAP_SCADA,145,0.0042266527115377706
4,UPFC_Vse,5-15,0.06021616597855937,97,0.06105957393486992,MAP_SCADA,145,0.0008434079563105559
5,UPFC_tse,5-15,-2.1442245668075404,97,-2.1480552309749896,MAP_SCADA,145,0.0038306641674492603
0,x_tcsc,1-14,-0.13872154666830117,98,-0.13533026318966013,MAP_SCADA,145,0.0033912834786410384
1,B_svc,2,0.2932544069980707,98,0.2792753320852308,MAP_SCADA,145,0.013979074912839895
2,UPFC_Vsh,5-15,1.1037015110597996,98,1.1062122242676464,MAP_SCADA,145,0.002510713207846793
3,UPFC_tsh,5-15,-0.2263205983825664,98,-0.2288937475894797,MAP_SCADA,145,0.002573149206913289
4,UPFC_Vse,5-15,0.06060918663511173,98,0.06105957393486992,MAP_SCADA,145,0.00045038729975819397
5,UPFC_tse,5-15,-2.1459582127355232,98,-2.1480552309749896,MAP_SCADA,145,0.002097018239466397
0,x_tcsc,1-14,-0.13955388499023125,99,-0.13533026318966013,MAP_SCADA,145,0.00422362180057112
1,B_svc,2,0.29595704555838426,99,0.2792753320852308,MAP_SCADA,145,0.016681713473153448
2,UPFC_Vsh,5-15,1.1029095704837086,99,1.1062122242676464,MAP_SCADA,145,0.0033026537839377923
3,UPFC_tsh,5-15,-0.22589227804724954,99,-0.2288937475894797,MAP_SCADA,145,0.0030014695422301563
4,UPFC_Vse,5-15,0.060001423577760095,99,0.06105957393486992,MAP_SCADA,145,0.0010581503571098286
5,UPFC_tse,5-15,-2.152835962070224,99,-2.1480552309749896,MAP_SCADA,145,0.0047807310952343585
0,x_tcsc,1-14,-0.13900849846393998,0,-0.13716283505255114,MAP_SCADA,147,0.001845663411388837
1,B_svc,2,0.29650527170746127,0,0.28791956504071137,MAP_SCADA,147,0.008585706666749904
2,UPFC_Vsh,5-15,1.106444059367828,0,1.1050088222453598,MAP_SCADA,147,0.0014352371224681804
3,UPFC_tsh,5-15,-0.2245452545715806,0,-0.22711178619308,MAP_SCADA,147,0.0025665316214994183
4,UPFC_Vse,5-15,0.06001100676389736,0,0.06117941678335211,MAP_SCADA,147,0.001168410019454752
5,UPFC_tse,5-15,-2.145119974529498,0,-2.1510341493100755,MAP_SCADA,147,0.005914174780577319
0,x_tcsc,1-14,-0.1396136637504605,1,-0.13716283505255114,MAP_SCADA,147,0.0024508286979093574
1,B_svc,2,0.2995471824231543,1,0.28791956504071137,MAP_SCADA,147,0.011627617382442945
2,UPFC_Vsh,5-15,1.1028977000837634,1,1.1050088222453598,MAP_SCADA,147,0.0021111221615963682
3,UPFC_tsh,5-15,-0.2262309272513375,1,-0.22711178619308,MAP_SCADA,147,0.0008808589417425017
4,UPFC_Vse,5-15,0.05984995870332151,1,0.06117941678335211,MAP_SCADA,147,0.0013294580800306058
5,UPFC_tse,5-15,-2.1443611494327808,1,-2.1510341493100755,MAP_SCADA,147,0.00667299987729475
0,x_tcsc,1-14,-0.13936421795883266,2,-0.13716283505255114,MAP_SCADA,147,0.0022013829062815238
1,B_svc,2,0.29683653973325336,2,0.28791956504071137,MAP_SCADA,147,0.00891697469254199
2,UPFC_Vsh,5-15,1.1033419492207521,2,1.1050088222453598,MAP_SCADA,147,0.0016668730246076624
3,UPFC_tsh,5-15,-0.22632827632391825,2,-0.22711178619308,MAP_SCADA,147,0.0007835098691617581
4,UPFC_Vse,5-15,0.06073139686472676,2,0.06117941678335211,MAP_SCADA,147,0.0004480199186253503
5,UPFC_tse,5-15,-2.149609244944893,2,-2.1510341493100755,MAP_SCADA,147,0.001424904365182389
0,x_tcsc,1-14,-0.13778624594440056,3,-0.13716283505255114,MAP_SCADA,147,0.0006234108918494186
1,B_svc,2,0.30021723183472937,3,0.28791956504071137,MAP_SCADA,147,0.012297666794018003
2,UPFC_Vsh,5-15,1.10401400666262,3,1.1050088222453598,MAP_SCADA,147,0.0009948155827397276
3,UPFC_tsh,5-15,-0.22767381252310107,3,-0.22711178619308,MAP_SCADA,147,0.0005620263300210593
4,UPFC_Vse,5-15,0.060583952678000985,3,0.06117941678335211,MAP_SCADA,147,0.0005954641053511275
5,UPFC_tse,5-15,-2.1492311117466207,3,-2.1510341493100755,MAP_SCADA,147,0.0018030375634547902
0,x_tcsc,1-14,-0.13985462128825538,4,-0.13716283505255114,MAP_SCADA,147,0.0026917862357042355
1,B_svc,2,0.296188187833812,4,0.28791956504071137,MAP_SCADA,147,0.008268622793100644
2,UPFC_Vsh,5-15,1.1026767779516253,4,1.1050088222453598,MAP_SCADA,147,0.0023320442937344588
3,UPFC_tsh,5-15,-0.22641506895827404,4,-0.22711178619308,MAP_SCADA,147,0.0006967172348059658
4,UPFC_Vse,5-15,0.06010991456421456,4,0.06117941678335211,MAP_SCADA,147,0.0010695022191375553
5,UPFC_tse,5-15,-2.149924163840019,4,-2.1510341493100755,MAP_SCADA,147,0.0011099854700566958
0,x_tcsc,1-14,-0.13746500879930573,5,-0.13716283505255114,MAP_SCADA,147,0.0003021737467545915
1,B_svc,2,0.3034607542918911,5,0.28791956504071137,MAP_SCADA,147,0.015541189251179754
2,UPFC_Vsh,5-15,1.1006785286143699,5,1.1050088222453598,MAP_SCADA,147,0.004330293630989912
3,UPFC_tsh,5-15,-0.2273157736710889,5,-0.22711178619308,MAP_SCADA,147,0.00020398747800889905
4,UPFC_Vse,5-15,0.06056989728741583,5,0.06117941678335211,MAP_SCADA,147,0.000609519495936281
5,UPFC_tse,5-15,-2.1453666812389707,5,-2.1510341493100755,MAP_SCADA,147,0.005667468071104853
0,x_tcsc,1-14,-0.13955901033275867,6,-0.13716283505255114,MAP_SCADA,147,0.0023961752802075242
1,B_svc,2,0.29902140685599293,6,0.28791956504071137,MAP_SCADA,147,0.011101841815281566
2,UPFC_Vsh,5-15,1.1051095689335,6,1.1050088222453598,MAP_SCADA,147,0.00010074668814019638
3,UPFC_tsh,5-15,-0.22587728813114563,6,-0.22711178619308,MAP_SCADA,147,0.0012344980619343748
4,UPFC_Vse,5-15,0.06015700877506486,6,0.06117941678335211,MAP_SCADA,147,0.0010224080082872553
5,UPFC_tse,5-15,-2.1523236559127263,6,-2.1510341493100755,MAP_SCADA,147,0.001289506602650814
0,x_tcsc,1-14,-0.13802243210717918,7,-0.13716283505255114,MAP_SCADA,147,0.0008595970546280418
1,B_svc,2,0.2995903326742413,7,0.28791956504071137,MAP_SCADA,147,0.011670767633529922
2,UPFC_Vsh,5-15,1.1043946694822493,7,1.1050088222453598,MAP_SCADA,147,0.0006141527631104982
3,UPFC_tsh,5-15,-0.22658864844167736,7,-0.22711178619308,MAP_SCADA,147,0.0005231377514026414
4,UPFC_Vse,5-15,0.05985353630766828,7,0.06117941678335211,MAP_SCADA,147,0.001325880475683834
5,UPFC_tse,5-15,-2.154106660539906,7,-2.1510341493100755,MAP_SCADA,147,0.0030725112298304325
0,x_tcsc,1-14,-0.13776651479993207,8,-0.13716283505255114,MAP_SCADA,147,0.0006036797473809308
1,B_svc,2,0.3034020605098786,8,0.28791956504071137,MAP_SCADA,147,0.015482495469167246
2,UPFC_Vsh,5-15,1.1038155449859017,8,1.1050088222453598,MAP_SCADA,147,0.0011932772594580587
3,UPFC_tsh,5-15,-0.22729311200001734,8,-0.22711178619308,MAP_SCADA,147,0.00018132580693733247
4,UPFC_Vse,5-15,0.06036461132298206,8,0.06117941678335211,MAP_SCADA,147,0.0008148054603700494
5,UPFC_tse,5-15,-2.1549856065944772,8,-2.1510341493100755,MAP_SCADA,147,0.003951457284401716
0,x_tcsc,1-14,-0.13859247186509066,9,-0.13716283505255114,MAP_SCADA,147,0.0014296368125395198
1,B_svc,2,0.29578539085512373,9,0.28791956504071137,MAP_SCADA,147,0.007865825814412364
2,UPFC_Vsh,5-15,1.104393061880654,9,1.1050088222453598,MAP_SCADA,147,0.0006157603647058973
3,UPFC_tsh,5-15,-0.2264243969300444,9,-0.22711178619308,MAP_SCADA,147,0.0006873892630356038
4,UPFC_Vse,5-15,0.060495454335872195,9,0.06117941678335211,MAP_SCADA,147,0.0006839624474799175
5,UPFC_tse,5-15,-2.1472225881378324,9,-2.1510341493100755,MAP_SCADA,147,0.0038115611722431275
0,x_tcsc,1-14,-0.14084676336732707,10,-0.13716283505255114,MAP_SCADA,147,0.0036839283147759305
1,B_svc,2,0.2932031951219014,10,0.28791956504071137,MAP_SCADA,147,0.005283630081190038
2,UPFC_Vsh,5-15,1.1049799922854475,10,1.1050088222453598,MAP_SCADA,147,2.8829959912268777e-05
3,UPFC_tsh,5-15,-0.22493217726351936,10,-0.22711178619308,MAP_SCADA,147,0.0021796089295606502
4,UPFC_Vse,5-15,0.060052763771416585,10,0.06117941678335211,MAP_SCADA,147,0.0011266530119355272
5,UPFC_tse,5-15,-2.148328019767737,10,-2.1510341493100755,MAP_SCADA,147,0.002706129542338509
0,x_tcsc,1-14,-0.13935090874779182,11,-0.13716283505255114,MAP_SCADA,147,0.002188073695240683
1,B_svc,2,0.3000827842332406,11,0.28791956504071137,MAP_SCADA,147,0.012163219192529218
2,UPFC_Vsh,5-15,1.104322749806619,11,1.1050088222453598,MAP_SCADA,147,0.000686072438740748
3,UPFC_tsh,5-15,-0.22644285374367815,11,-0.22711178619308,MAP_SCADA,147,0.00066893244940186
4,UPFC_Vse,5-15,0.06061384937727731,11,0.06117941678335211,MAP_SCADA,147,0.0005655674060748017
5,UPFC_tse,5-15,-2.1500395355490904,11,-2.1510341493100755,MAP_SCADA,147,0.0009946137609850858
0,x_tcsc,1-14,-0.13886661964430397,12,-0.13716283505255114,MAP_SCADA,147,0.0017037845917528271
1,B_svc,2,0.30316520299571653,12,0.28791956504071137,MAP_SCADA,147,0.015245637955005165
2,UPFC_Vsh,5-15,1.1014851436299993,12,1.1050088222453598,MAP_SCADA,147,0.003523678615360515
3,UPFC_tsh,5-15,-0.2265947577998115,12,-0.22711178619308,MAP_SCADA,147,0.0005170283932685038
4,UPFC_Vse,5-15,0.05951054582410368,12,0.06117941678335211,MAP_SCADA,147,0.0016688709592484335
5,UPFC_tse,5-15,-2.1481486842702813,12,-2.1510341493100755,MAP_SCADA,147,0.002885465039794255
0,x_tcsc,1-14,-0.13751298016279592,13,-0.13716283505255114,MAP_SCADA,147,0.0003501451102447817
1,B_svc,2,0.30138813066979114,13,0.28791956504071137,MAP_SCADA,147,0.013468565629079776
2,UPFC_Vsh,5-15,1.1048805629058702,13,1.1050088222453598,MAP_SCADA,147,0.00012825933948956703
3,UPFC_tsh,5-15,-0.22692624201313333,13,-0.22711178619308,MAP_SCADA,147,0.00018554417994667838
4,UPFC_Vse,5-15,0.05976662311998865,13,0.06117941678335211,MAP_SCADA,147,0.0014127936633634638
5,UPFC_tse,5-15,-2.1511226488263433,13,-2.1510341493100755,MAP_SCADA,147,8.849951626777042e-05
0,x_tcsc,1-14,-0.1387119073551927,14,-0.13716283505255114,MAP_SCADA,147,0.0015490723026415631
1,B_svc,2,0.2991060203265386,14,0.28791956504071137,MAP_SCADA,147,0.011186455285827235
2,UPFC_Vsh,5-15,1.1043098255803496,14,1.1050088222453598,MAP_SCADA,147,0.0006989966650101653
3,UPFC_tsh,5-15,-0.22659362725435733,14,-0.22711178619308,MAP_SCADA,147,0.0005181589387226737
4,UPFC_Vse,5-15,0.05993925440151864,14,0.06117941678335211,MAP_SCADA,147,0.0012401623818334706
5,UPFC_tse,5-15,-2.147403003091212,14,-2.1510341493100755,MAP_SCADA,147,0.0036311462188636234
0,x_tcsc,1-14,-0.1401347877250689,15,-0.13716283505255114,MAP_SCADA,147,0.0029719526725177636
1,B_svc,2,0.29719327447259053,15,0.28791956504071137,MAP_SCADA,147,0.009273709431879162
2,UPFC_Vsh,5-15,1.10514278782043,15,1.1050088222453598,MAP_SCADA,147,0.00013396557507028284
3,UPFC_tsh,5-15,-0.22475059684335258,15,-0.22711178619308,MAP_SCADA,147,0.0023611893497274272
4,UPFC_Vse,5-15,0.05974653222629669,15,0.06117941678335211,MAP_SCADA,147,0.001432884557055425
5,UPFC_tse,5-15,-2.1454506699074596,15,-2.1510341493100755,MAP_SCADA,147,0.005583479402615943
0,x_tcsc,1-14,-0.13657497542089506,16,-0.13716283505255114,MAP_SCADA,147,0.0005878596316560847
1,B_svc,2,0.3050354964593784,16,0.28791956504071137,MAP_SCADA,147,0.01711593141866702
2,UPFC_Vsh,5-15,1.1042529235454521,16,1.1050088222453598,MAP_SCADA,147,0.0007558986999076645
3,UPFC_tsh,5-15,-0.2272530051578728,16,-0.22711178619308,MAP_SCADA,147,0.00014121896479279972
4,UPFC_Vse,5-15,0.05994727137748766,16,0.06117941678335211,MAP_SCADA,147,0.0012321454058644501
5,UPFC_tse,5-15,-2.1525110522626387,16,-2.1510341493100755,MAP_SCADA,147,0.0014769029525631971
0,x_tcsc,1-14,-0.14031858933454772,17,-0.13716283505255114,MAP_SCADA,147,0.0031557542819965756
1,B_svc,2,0.29837338229458993,17,0.28791956504071137,MAP_SCADA,147,0.010453817253878561
2,UPFC_Vsh,5-15,1.1048099590733964,17,1.1050088222453598,MAP_SCADA,147,0.00019886317196338155
3,UPFC_tsh,5-15,-0.2258268842497113,17,-0.22711178619308,MAP_SCADA,147,0.0012849019433686937
4,UPFC_Vse,5-15,0.060018761302233874,17,0.06117941678335211,MAP_SCADA,147,0.001160655481118239
5,UPFC_tse,5-15,-2.1445126629522857,17,-2.1510341493100755,MAP_SCADA,147,0.0065214863577898186
0,x_tcsc,1-14,-0.13862398376095758,18,-0.13716283505255114,MAP_SCADA,147,0.00146114870840644
1,B_svc,2,0.30051063411948875,18,0.28791956504071137,MAP_SCADA,147,0.012591069078777384
2,UPFC_Vsh,5-15,1.1036263093848822,18,1.1050088222453598,MAP_SCADA,147,0.001382512860477636
3,UPFC_tsh,5-15,-0.22631897737870346,18,-0.22711178619308,MAP_SCADA,147,0.0007928088143765444
4,UPFC_Vse,5-15,0.06059917772140851,18,0.06117941678335211,MAP_SCADA,147,0.0005802390619435993
5,UPFC_tse,5-15,-2.1481598405459894,18,-2.1510341493100755,MAP_SCADA,147,0.00287430876408612
0,x_tcsc,1-14,-0.13997150805289785,19,-0.13716283505255114,MAP_SCADA,147,0.0028086730003467064
1,B_svc,2,0.2975385393396756,19,0.28791956504071137,MAP_SCADA,147,0.009618974298964245
2,UPFC_Vsh,5-15,1.102397254952331,19,1.1050088222453598,MAP_SCADA,147,0.0026115672930286937
3,UPFC_tsh,5-15,-0.22583042910126308,19,-0.22711178619308,MAP_SCADA,147,0.001281357091816926
4,UPFC_Vse,5-15,0.06029962107356366,19,0.06117941678335211,MAP_SCADA,147,0.0008797957097884529
5,UPFC_tse,5-15,-2.1511675257445853,19,-2.1510341493100755,MAP_SCADA,147,0.00013337643450972436
0,x_tcsc,1-14,-0.13996105232389777,20,-0.13716283505255114,MAP_SCADA,147,0.0027982172713466313
1,B_svc,2,0.2921272452893663,20,0.28791956504071137,MAP_SCADA,147,0.004207680248654921
2,UPFC_Vsh,5-15,1.1059558536829384,20,1.1050088222453598,MAP_SCADA,147,0.0009470314375785716
3,UPFC_tsh,5-15,-0.22446458794532617,20,-0.22711178619308,MAP_SCADA,147,0.0026471982477538347
4,UPFC_Vse,5-15,0.05986600732266241,20,0.06117941678335211,MAP_SCADA,147,0.0013134094606897032
5,UPFC_tse,5-15,-2.1451598095664512,20,-2.1510341493100755,MAP_SCADA,147,0.0058743397436242795
0,x_tcsc,1-14,-0.13822667342328782,21,-0.13716283505255114,MAP_SCADA,147,0.001063838370736675
1,B_svc,2,0.2972723864116842,21,0.28791956504071137,MAP_SCADA,147,0.00935282137097282
2,UPFC_Vsh,5-15,1.1041169664709394,21,1.1050088222453598,MAP_SCADA,147,0.0008918557744204136
3,UPFC_tsh,5-15,-0.22696494078320859,21,-0.22711178619308,MAP_SCADA,147,0.00014684540987142114
4,UPFC_Vse,5-15,0.06022746905635116,21,0.06117941678335211,MAP_SCADA,147,0.0009519477270009541
5,UPFC_tse,5-15,-2.152488046930867,21,-2.1510341493100755,MAP_SCADA,147,0.001453897620791622
0,x_tcsc,1-14,-0.1385780621689011,22,-0.13716283505255114,MAP_SCADA,147,0.0014152271163499486
1,B_svc,2,0.295866779953715,22,0.28791956504071137,MAP_SCADA,147,0.007947214913003653
2,UPFC_Vsh,5-15,1.1060783732776556,22,1.1050088222453598,MAP_SCADA,147,0.001069551032295779
3,UPFC_tsh,5-15,-0.22534572355539284,22,-0.22711178619308,MAP_SCADA,147,0.0017660626376871658
4,UPFC_Vse,5-15,0.059450675865346955,22,0.06117941678335211,MAP_SCADA,147,0.0017287409180051574
5,UPFC_tse,5-15,-2.1468013562424364,22,-2.1510341493100755,MAP_SCADA,147,0.004232793067639129
0,x_tcsc,1-14,-0.1402901868998003,23,-0.13716283505255114,MAP_SCADA,147,0.00312735184724916
1,B_svc,2,0.28873643190744297,23,0.28791956504071137,MAP_SCADA,147,0.0008168668667316026
2,UPFC_Vsh,5-15,1.104882461923429,23,1.1050088222453598,MAP_SCADA,147,0.00012636032193080737
3,UPFC_tsh,5-15,-0.2252051158164447,23,-0.22711178619308,MAP_SCADA,147,0.0019066703766353055
4,UPFC_Vse,5-15,0.0602245918602625,23,0.06117941678335211,MAP_SCADA,147,0.0009548249230896116
5,UPFC_tse,5-15,-2.143819747526403,23,-2.1510341493100755,MAP_SCADA,147,0.007214401783672386
0,x_tcsc,1-14,-0.1392743045440156,24,-0.13716283505255114,MAP_SCADA,147,0.002111469491464457
1,B_svc,2,0.29738585302713844,24,0.28791956504071137,MAP_SCADA,147,0.009466287986427069
2,UPFC_Vsh,5-15,1.1045794019361654,24,1.1050088222453598,MAP_SCADA,147,0.0004294203091943505
3,UPFC_tsh,5-15,-0.22649652881257448,24,-0.22711178619308,MAP_SCADA,147,0.0006152573805055239
4,UPFC_Vse,5-15,0.060071837795885465,24,0.06117941678335211,MAP_SCADA,147,0.001107578987466648
5,UPFC_tse,5-15,-2.1422016412545237,24,-2.1510341493100755,MAP_SCADA,147,0.008832508055551802
0,x_tcsc,1-14,-0.1377908231437233,25,-0.13716283505255114,MAP_SCADA,147,0.0006279880911721492
1,B_svc,2,0.3061252413607257,25,0.28791956504071137,MAP_SCADA,147,0.018205676320014352
2,UPFC_Vsh,5-15,1.1034073057683083,25,1.1050088222453598,MAP_SCADA,147,0.0016015164770515344
3,UPFC_tsh,5-15,-0.22768260667530446,25,-0.22711178619308,MAP_SCADA,147,0.0005708204822244545
4,UPFC_Vse,5-15,0.06020619773713513,25,0.06117941678335211,MAP_SCADA,147,0.000973219046216986
5,UPFC_tse,5-15,-2.150180709765505,25,-2.1510341493100755,MAP_SCADA,147,0.0008534395445707332
0,x_tcsc,1-14,-0.1385486551204919,26,-0.13716283505255114,MAP_SCADA,147,0.0013858200679407462
1,B_svc,2,0.300807778883365,26,0.28791956504071137,MAP_SCADA,147,0.01288821384265365
2,UPFC_Vsh,5-15,1.1039094048672455,26,1.1050088222453598,MAP_SCADA,147,0.0010994173781142536
3,UPFC_tsh,5-15,-0.2259080636694409,26,-0.22711178619308,MAP_SCADA,147,0.0012037225236390947
4,UPFC_Vse,5-15,0.0608357430479533,26,0.06117941678335211,MAP_SCADA,147,0.00034367373539881396
5,UPFC_tse,5-15,-2.1503445282371287,26,-2.1510341493100755,MAP_SCADA,147,0.0006896210729467889
0,x_tcsc,1-14,-0.13881034278722607,27,-0.13716283505255114,MAP_SCADA,147,0.0016475077346749245
1,B_svc,2,0.2914728599813028,27,0.28791956504071137,MAP_SCADA,147,0.0035532949405914227
2,UPFC_Vsh,5-15,1.104849217491168,27,1.1050088222453598,MAP_SCADA,147,0.0001596047541918555
3,UPFC_tsh,5-15,-0.225308752946577,27,-0.22711178619308,MAP_SCADA,147,0.0018030332465029941
4,UPFC_Vse,5-15,0.06004084817340249,27,0.06117941678335211,MAP_SCADA,147,0.001138568609949625
5,UPFC_tse,5-15,-2.148496938186742,27,-2.1510341493100755,MAP_SCADA,147,0.002537211123333716
0,x_tcsc,1-14,-0.13913273389529263,28,-0.13716283505255114,MAP_SCADA,147,0.0019698988427414854
1,B_svc,2,0.296591253501489,28,0.28791956504071137,MAP_SCADA,147,0.008671688460777649
2,UPFC_Vsh,5-15,1.106067300145302,28,1.1050088222453598,MAP_SCADA,147,0.0010584778999422895
3,UPFC_tsh,5-15,-0.2247781884335331,28,-0.22711178619308,MAP_SCADA,147,0.002333597759546918
4,UPFC_Vse,5-15,0.060115046821960276,28,0.06117941678335211,MAP_SCADA,147,0.0010643699613918367
5,UPFC_tse,5-15,-2.143399854831133,28,-2.1510341493100755,MAP_SCADA,147,0.007634294478942483
0,x_tcsc,1-14,-0.13888452296679737,29,-0.13716283505255114,MAP_SCADA,147,0.0017216879142462338
1,B_svc,2,0.2992698066686642,29,0.28791956504071137,MAP_SCADA,147,0.01135024162795284
2,UPFC_Vsh,5-15,1.10514048130782,29,1.1050088222453598,MAP_SCADA,147,0.00013165906246026537
3,UPFC_tsh,5-15,-0.22565557417003165,29,-0.22711178619308,MAP_SCADA,147,0.0014562120230483533
4,UPFC_Vse,5-15,0.05959903426723671,29,0.06117941678335211,MAP_SCADA,147,0.0015803825161154056
5,UPFC_tse,5-15,-2.1487909286896563,29,-2.1510341493100755,MAP_SCADA,147,0.0022432206204192617
0,x_tcsc,1-14,-0.13966994289115525,30,-0.13716283505255114,MAP_SCADA,147,0.0025071078386041112
1,B_svc,2,0.29765113418232697,30,0.28791956504071137,MAP_SCADA,147,0.009731569141615604
2,UPFC_Vsh,5-15,1.1025388252883417,30,1.1050088222453598,MAP_SCADA,147,0.0024699969570181057
3,UPFC_tsh,5-15,-0.22632311264655752,30,-0.22711178619308,MAP_SCADA,147,0.0007886735465224837
4,UPFC_Vse,5-15,0.060273030760081885,30,0.06117941678335211,MAP_SCADA,147,0.0009063860232702281
5,UPFC_tse,5-15,-2.1470760271765768,30,-2.1510341493100755,MAP_SCADA,147,0.003958122133498776
0,x_tcsc,1-14,-0.1396459351331978,31,-0.13716283505255114,MAP_SCADA,147,0.002483100080646672
1,B_svc,2,0.29859178983973,31,0.28791956504071137,MAP_SCADA,147,0.010672224799018637
2,UPFC_Vsh,5-15,1.103772856341603,31,1.1050088222453598,MAP_SCADA,147,0.0012359659037568527
3,UPFC_tsh,5-15,-0.22586435764479773,31,-0.22711178619308,MAP_SCADA,147,0.0012474285482822756
4,UPFC_Vse,5-15,0.060196723858506794,31,0.06117941678335211,MAP_SCADA,147,0.0009826929248453187
5,UPFC_tse,5-15,-2.149224612485506,31,-2.1510341493100755,MAP_SCADA,147,0.0018095368245694132
0,x_tcsc,1-14,-0.13746908066422436,32,-0.13716283505255114,MAP_SCADA,147,0.0003062456116732226
1,B_svc,2,0.3038280239187001,32,0.28791956504071137,MAP_SCADA,147,0.01590845887798875
2,UPFC_Vsh,5-15,1.103889255951134,32,1.1050088222453598,MAP_SCADA,147,0.0011195662942258267
3,UPFC_tsh,5-15,-0.22775698399944186,32,-0.22711178619308,MAP_SCADA,147,0.0006451978063618524
4,UPFC_Vse,5-15,0.06038293076645081,32,0.06117941678335211,MAP_SCADA,147,0.0007964860169013058
5,UPFC_tse,5-15,-2.1500529755168016,32,-2.1510341493100755,MAP_SCADA,147,0.0009811737932738929
0,x_tcsc,1-14,-0.1407724381384244,33,-0.13716283505255114,MAP_SCADA,147,0.0036096030858732697
1,B_svc,2,0.29109702121632824,33,0.28791956504071137,MAP_SCADA,147,0.0031774561756168773
2,UPFC_Vsh,5-15,1.1061593864183283,33,1.1050088222453598,MAP_SCADA,147,0.001150564172968549
3,UPFC_tsh,5-15,-0.22444767867505602,33,-0.22711178619308,MAP_SCADA,147,0.0026641075180239837
4,UPFC_Vse,5-15,0.05977371883798552,33,0.06117941678335211,MAP_SCADA,147,0.001405697945366595
5,UPFC_tse,5-15,-2.14828422550704,33,-2.1510341493100755,MAP_SCADA,147,0.0027499238030355144
0,x_tcsc,1-14,-0.1396247852341707,34,-0.13716283505255114,MAP_SCADA,147,0.002461950181619571
1,B_svc,2,0.29625064662459444,34,0.28791956504071137,MAP_SCADA,147,0.008331081583883071
2,UPFC_Vsh,5-15,1.104409373734565,34,1.1050088222453598,MAP_SCADA,147,0.0005994485107947423
3,UPFC_tsh,5-15,-0.2260998187080884,34,-0.22711178619308,MAP_SCADA,147,0.001011967484991605
4,UPFC_Vse,5-15,0.060423493335265026,34,0.06117941678335211,MAP_SCADA,147,0.0007559234480870869
5,UPFC_tse,5-15,-2.148531035273312,34,-2.1510341493100755,MAP_SCADA,147,0.0025031140367635096
0,x_tcsc,1-14,-0.13747071296096938,35,-0.13716283505255114,MAP_SCADA,147,0.0003078779084182415
1,B_svc,2,0.2970031945926777,35,0.28791956504071137,MAP_SCADA,147,0.009083629551966343
2,UPFC_Vsh,5-15,1.1043141540277561,35,1.1050088222453598,MAP_SCADA,147,0.0006946682176036667
3,UPFC_tsh,5-15,-0.22689694102156815,35,-0.22711178619308,MAP_SCADA,147,0.00021484517151185156
4,UPFC_Vse,5-15,0.06012317071876644,35,0.06117941678335211,MAP_SCADA,147,0.0010562460645856739
5,UPFC_tse,5-15,-2.149481545118172,35,-2.1510341493100755,MAP_SCADA,147,0.001552604191903395
0,x_tcsc,1-14,-0.14022767642520453,36,-0.13716283505255114,MAP_SCADA,147,0.003064841372653393
1,B_svc,2,0.2945503832650932,36,0.28791956504071137,MAP_SCADA,147,0.006630818224381829
2,UPFC_Vsh,5-15,1.1042972523376584,36,1.1050088222453598,MAP_SCADA,147,0.0007115699077013815
3,UPFC_tsh,5-15,-0.22502397668760352,36,-0.22711178619308,MAP_SCADA,147,0.00208780950547649
4,UPFC_Vse,5-15,0.05990084617611401,36,0.06117941678335211,MAP_SCADA,147,0.0012785706072380998
5,UPFC_tse,5-15,-2.145775581524078,36,-2.1510341493100755,MAP_SCADA,147,0.0052585677859973146
0,x_tcsc,1-14,-0.13930864788106107,37,-0.13716283505255114,MAP_SCADA,147,0.0021458128285099243
1,B_svc,2,0.2985366169832528,37,0.28791956504071137,MAP_SCADA,147,0.010617051942541422
2,UPFC_Vsh,5-15,1.1055109564919188,37,1.1050088222453598,MAP_SCADA,147,0.0005021342465589829
3,UPFC_tsh,5-15,-0.22576395725073525,37,-0.22711178619308,MAP_SCADA,147,0.0013478289423447531
4,UPFC_Vse,5-15,0.05957450635499889,37,0.06117941678335211,MAP_SCADA,147,0.001604910428353222
5,UPFC_tse,5-15,-2.1485789670072792,37,-2.1510341493100755,MAP_SCADA,147,0.0024551823027962882
0,x_tcsc,1-14,-0.13876399333863584,38,-0.13716283505255114,MAP_SCADA,147,0.001601158286084703
1,B_svc,2,0.29775285732011453,38,0.28791956504071137,MAP_SCADA,147,0.00983329227940316
2,UPFC_Vsh,5-15,1.104689520361175,38,1.1050088222453598,MAP_SCADA,147,0.0003193018841847195
3,UPFC_tsh,5-15,-0.22595945019195673,38,-0.22711178619308,MAP_SCADA,147,0.001152336001123272
4,UPFC_Vse,5-15,0.060351667486153455,38,0.06117941678335211,MAP_SCADA,147,0.0008277492971986572
5,UPFC_tse,5-15,-2.1462755904313355,38,-2.1510341493100755,MAP_SCADA,147,0.0047585588787399935
0,x_tcsc,1-14,-0.13888872058816598,39,-0.13716283505255114,MAP_SCADA,147,0.0017258855356148406
1,B_svc,2,0.30026952731217943,39,0.28791956504071137,MAP_SCADA,147,0.012349962271468062
2,UPFC_Vsh,5-15,1.1035081667959006,39,1.1050088222453598,MAP_SCADA,147,0.0015006554494592095
3,UPFC_tsh,5-15,-0.22685329721329714,39,-0.22711178619308,MAP_SCADA,147,0.0002584889797828671
4,UPFC_Vse,5-15,0.060193805382303366,39,0.06117941678335211,MAP_SCADA,147,0.0009856114010487471
5,UPFC_tse,5-15,-2.1480449289464985,39,-2.1510341493100755,MAP_SCADA,147,0.002989220363577072
0,x_tcsc,1-14,-0.1380881425081221,40,-0.13716283505255114,MAP_SCADA,147,0.0009253074555709562
1,B_svc,2,0.305150873703634,40,0.28791956504071137,MAP_SCADA,147,0.017231308662922606
2,UPFC_Vsh,5-15,1.1010648603053346,40,1.1050088222453598,MAP_SCADA,147,0.00394396194002522
3,UPFC_tsh,5-15,-0.2285433630113417,40,-0.22711178619308,MAP_SCADA,147,0.0014315768182616984
4,UPFC_Vse,5-15,0.06086204016250076,40,0.06117941678335211,MAP_SCADA,147,0.00031737662085135065
5,UPFC_tse,5-15,-2.148631665556464,40,-2.1510341493100755,MAP_SCADA,147,0.0024024837536114063
0,x_tcsc,1-14,-0.1387186169873437,41,-0.13716283505255114,MAP_SCADA,147,0.001555781934792555
1,B_svc,2,0.29322018540771627,41,0.28791956504071137,MAP_SCADA,147,0.005300620367004905
2,UPFC_Vsh,5-15,1.1038591215574631,41,1.1050088222453598,MAP_SCADA,147,0.0011497006878966598
3,UPFC_tsh,5-15,-0.22602840755094478,41,-0.22711178619308,MAP_SCADA,147,0.0010833786421352298
4,UPFC_Vse,5-15,0.060643180625298665,41,0.06117941678335211,MAP_SCADA,147,0.0005362361580534478
5,UPFC_tse,5-15,-2.1511423510924637,41,-2.1510341493100755,MAP_SCADA,147,0.00010820178238812872
0,x_tcsc,1-14,-0.1399054585652153,42,-0.13716283505255114,MAP_SCADA,147,0.0027426235126641607
1,B_svc,2,0.29691859176243846,42,0.28791956504071137,MAP_SCADA,147,0.008999026721727088
2,UPFC_Vsh,5-15,1.1044028256050389,42,1.1050088222453598,MAP_SCADA,147,0.0006059966403209049
3,UPFC_tsh,5-15,-0.2256305853352938,42,-0.22711178619308,MAP_SCADA,147,0.001481200857786219
4,UPFC_Vse,5-15,0.060075035419874336,42,0.06117941678335211,MAP_SCADA,147,0.0011043813634777772
5,UPFC_tse,5-15,-2.144996823734121,42,-2.1510341493100755,MAP_SCADA,147,0.006037325575954711
0,x_tcsc,1-14,-0.13845023221293154,43,-0.13716283505255114,MAP_SCADA,147,0.001287397160380399
1,B_svc,2,0.2982945498498663,43,0.28791956504071137,MAP_SCADA,147,0.010374984809154941
2,UPFC_Vsh,5-15,1.1058482160010459,43,1.1050088222453598,MAP_SCADA,147,0.0008393937556860909
3,UPFC_tsh,5-15,-0.2259417019098907,43,-0.22711178619308,MAP_SCADA,147,0.0011700842831892933
4,UPFC_Vse,5-15,0.0596267769348247,43,0.06117941678335211,MAP_SCADA,147,0.0015526398485274095
5,UPFC_tse,5-15,-2.1476228475067285,43,-2.1510341493100755,MAP_SCADA,147,0.0034113018033470333
0,x_tcsc,1-14,-0.139811517951264,44,-0.13716283505255114,MAP_SCADA,147,0.0026486828987128674
1,B_svc,2,0.29671087376323174,44,0.28791956504071137,MAP_SCADA,147,0.008791308722520375
2,UPFC_Vsh,5-15,1.1028977831949425,44,1.1050088222453598,MAP_SCADA,147,0.002111039050417318
3,UPFC_tsh,5-15,-0.22646896973694672,44,-0.22711178619308,MAP_SCADA,147,0.0006428164561332883
4,UPFC_Vse,5-15,0.06049594237847763,44,0.06117941678335211,MAP_SCADA,147,0.0006834744048744845
5,UPFC_tse,5-15,-2.1480555669771535,44,-2.1510341493100755,MAP_SCADA,147,0.0029785823329220307
0,x_tcsc,1-14,-0.14052857428117096,45,-0.13716283505255114,MAP_SCADA,147,0.003365739228619824
1,B_svc,2,0.29656433459849,45,0.28791956504071137,MAP_SCADA,147,0.008644769557778653
2,UPFC_Vsh,5-15,1.105353337485876,45,1.1050088222453598,MAP_SCADA,147,0.00034451524051615223
3,UPFC_tsh,5-15,-0.2250383220991583,45,-0.22711178619308,MAP_SCADA,147,0.002073464093921701
4,UPFC_Vse,5-15,0.05983092960988044,45,0.06117941678335211,MAP_SCADA,147,0.00134848717347167
5,UPFC_tse,5-15,-2.1495930852050207,45,-2.1510341493100755,MAP_SCADA,147,0.0014410641050548456
0,x_tcsc,1-14,-0.13895079535319532,46,-0.13716283505255114,MAP_SCADA,147,0.0017879603006441813
1,B_svc,2,0.2964461038118466,46,0.28791956504071137,MAP_SCADA,147,0.00852653877113524
2,UPFC_Vsh,5-15,1.1048489870248948,46,1.1050088222453598,MAP_SCADA,147,0.00015983522046503218
3,UPFC_tsh,5-15,-0.22489720469760976,46,-0.22711178619308,MAP_SCADA,147,0.0022145814954702414
4,UPFC_Vse,5-15,0.06055886878461661,46,0.06117941678335211,MAP_SCADA,147,0.0006205479987355031
5,UPFC_tse,5-15,-2.143860217935244,46,-2.1510341493100755,MAP_SCADA,147,0.007173931374831355
0,x_tcsc,1-14,-0.13913388965149576,47,-0.13716283505255114,MAP_SCADA,147,0.001971054598944616
1,B_svc,2,0.2984715848952935,47,0.28791956504071137,MAP_SCADA,147,0.01055201985458215
2,UPFC_Vsh,5-15,1.103504153241162,47,1.1050088222453598,MAP_SCADA,147,0.0015046690041977673
3,UPFC_tsh,5-15,-0.22569345557829593,47,-0.22711178619308,MAP_SCADA,147,0.0014183306147840802
4,UPFC_Vse,5-15,0.0599048945666807,47,0.06117941678335211,MAP_SCADA,147,0.0012745222166714101
5,UPFC_tse,5-15,-2.147264956699322,47,-2.1510341493100755,MAP_SCADA,147,0.003769192610753702
0,x_tcsc,1-14,-0.1388308665670919,48,-0.13716283505255114,MAP_SCADA,147,0.0016680315145407576
1,B_svc,2,0.2980432939421639,48,0.28791956504071137,MAP_SCADA,147,0.010123728901452522
2,UPFC_Vsh,5-15,1.1046129074545643,48,1.1050088222453598,MAP_SCADA,147,0.00039591479079548186
3,UPFC_tsh,5-15,-0.22600620862937293,48,-0.22711178619308,MAP_SCADA,147,0.0011055775637070775
4,UPFC_Vse,5-15,0.059986161692255846,48,0.06117941678335211,MAP_SCADA,147,0.0011932550910962667
5,UPFC_tse,5-15,-2.1500646836679387,48,-2.1510341493100755,MAP_SCADA,147,0.0009694656421368464
0,x_tcsc,1-14,-0.13678999882709117,49,-0.13716283505255114,MAP_SCADA,147,0.0003728362254599715
1,B_svc,2,0.3048122495750491,49,0.28791956504071137,MAP_SCADA,147,0.016892684534337732
2,UPFC_Vsh,5-15,1.1028142767271474,49,1.1050088222453598,MAP_SCADA,147,0.0021945455182124096
3,UPFC_tsh,5-15,-0.22789640504364608,49,-0.22711178619308,MAP_SCADA,147,0.0007846188505660767
4,UPFC_Vse,5-15,0.06019102860432917,49,0.06117941678335211,MAP_SCADA,147,0.000988388179022942
5,UPFC_tse,5-15,-2.1502166423072926,49,-2.1510341493100755,MAP_SCADA,147,0.0008175070027829356
0,x_tcsc,1-14,-0.13844327078259241,50,-0.13716283505255114,MAP_SCADA,147,0.0012804357300412739
1,B_svc,2,0.296185019327285,50,0.28791956504071137,MAP_SCADA,147,0.008265454286573659
2,UPFC_Vsh,5-15,1.103699644975238,50,1.1050088222453598,MAP_SCADA,147,0.0013091772701216975
3,UPFC_tsh,5-15,-0.22623525675338108,50,-0.22711178619308,MAP_SCADA,147,0.0008765294396989309
4,UPFC_Vse,5-15,0.060455226854863514,50,0.06117941678335211,MAP_SCADA,147,0.0007241899284885986
5,UPFC_tse,5-15,-2.147736097903853,50,-2.1510341493100755,MAP_SCADA,147,0.003298051406222413
0,x_tcsc,1-14,-0.13932493877968363,51,-0.13716283505255114,MAP_SCADA,147,0.0021621037271324917
1,B_svc,2,0.29545982958944195,51,0.28791956504071137,MAP_SCADA,147,0.00754026454873058
2,UPFC_Vsh,5-15,1.1041996971003738,51,1.1050088222453598,MAP_SCADA,147,0.0008091251449859893
3,UPFC_tsh,5-15,-0.2259362461468297,51,-0.22711178619308,MAP_SCADA,147,0.0011755400462503118
4,UPFC_Vse,5-15,0.060608605431686384,51,0.06117941678335211,MAP_SCADA,147,0.0005708113516657287
5,UPFC_tse,5-15,-2.147654032566646,51,-2.1510341493100755,MAP_SCADA,147,0.0033801167434295287
0,x_tcsc,1-14,-0.13877429196352978,52,-0.13716283505255114,MAP_SCADA,147,0.001611456910978637
1,B_svc,2,0.2955519365557847,52,0.28791956504071137,MAP_SCADA,147,0.007632371515073344
2,UPFC_Vsh,5-15,1.103401285053523,52,1.1050088222453598,MAP_SCADA,147,0.0016075371918367054
3,UPFC_tsh,5-15,-0.2256970092293021,52,-0.22711178619308,MAP_SCADA,147,0.0014147769637778973
4,UPFC_Vse,5-15,0.060037529394786515,52,0.06117941678335211,MAP_SCADA,147,0.0011418873885655975
5,UPFC_tse,5-15,-2.1502566117296222,52,-2.1510341493100755,MAP_SCADA,147,0.0007775375804532914
0,x_tcsc,1-14,-0.13719206890746846,53,-0.13716283505255114,MAP_SCADA,147,2.9233854917321e-05
1,B_svc,2,0.2997239554174644,53,0.28791956504071137,MAP_SCADA,147,0.011804390376753016
2,UPFC_Vsh,5-15,1.1040769980954428,53,1.1050088222453598,MAP_SCADA,147,0.0009318241499169932
3,UPFC_tsh,5-15,-0.22720083749051107,53,-0.22711178619308,MAP_SCADA,147,8.905129743105866e-05
4,UPFC_Vse,5-15,0.06010456096434186,53,0.06117941678335211,MAP_SCADA,147,0.001074855819010255
5,UPFC_tse,5-15,-2.1545612967427794,53,-2.1510341493100755,MAP_SCADA,147,0.003527147432703881
0,x_tcsc,1-14,-0.13798824104664212,54,-0.13716283505255114,MAP_SCADA,147,0.0008254059940909775
1,B_svc,2,0.30227977719608706,54,0.28791956504071137,MAP_SCADA,147,0.014360212155375696
2,UPFC_Vsh,5-15,1.103186529193495,54,1.1050088222453598,MAP_SCADA,147,0.001822293051864765
3,UPFC_tsh,5-15,-0.22683808163686253,54,-0.22711178619308,MAP_SCADA,147,0.00027370455621747447
4,UPFC_Vse,5-15,0.06059927539276227,54,0.06117941678335211,MAP_SCADA,147,0.0005801413905898445
5,UPFC_tse,5-15,-2.1470201328700975,54,-2.1510341493100755,MAP_SCADA,147,0.004014016439978008
0,x_tcsc,1-14,-0.13861819969654465,55,-0.13716283505255114,MAP_SCADA,147,0.001455364643993512
1,B_svc,2,0.2982281439530429,55,0.28791956504071137,MAP_SCADA,147,0.010308578912331556
2,UPFC_Vsh,5-15,1.1062975037791578,55,1.1050088222453598,MAP_SCADA,147,0.0012886815337980195
3,UPFC_tsh,5-15,-0.2256201950046325,55,-0.22711178619308,MAP_SCADA,147,0.0014915911884474942
4,UPFC_Vse,5-15,0.06010544691893832,55,0.06117941678335211,MAP_SCADA,147,0.0010739698644137916
5,UPFC_tse,5-15,-2.1486231597502226,55,-2.1510341493100755,MAP_SCADA,147,0.002410989559852972
0,x_tcsc,1-14,-0.13821983146765665,56,-0.13716283505255114,MAP_SCADA,147,0.00105699641510551
1,B_svc,2,0.3011376864684205,56,0.28791956504071137,MAP_SCADA,147,0.013218121427709117
2,UPFC_Vsh,5-15,1.104502511352792,56,1.1050088222453598,MAP_SCADA,147,0.0005063108925678073
3,UPFC_tsh,5-15,-0.22690992863944798,56,-0.22711178619308,MAP_SCADA,147,0.00020185755363202884
4,UPFC_Vse,5-15,0.06015288344386399,56,0.06117941678335211,MAP_SCADA,147,0.0010265333394881213
5,UPFC_tse,5-15,-2.145879885001655,56,-2.1510341493100755,MAP_SCADA,147,0.005154264308420586
0,x_tcsc,1-14,-0.13767132395109832,57,-0.13716283505255114,MAP_SCADA,147,0.0005084888985471825
1,B_svc,2,0.29706997285255465,57,0.28791956504071137,MAP_SCADA,147,0.009150407811843286
2,UPFC_Vsh,5-15,1.1075096933847748,57,1.1050088222453598,MAP_SCADA,147,0.002500871139414995
3,UPFC_tsh,5-15,-0.22571755461786697,57,-0.22711178619308,MAP_SCADA,147,0.0013942315752130396
4,UPFC_Vse,5-15,0.05995041538130148,57,0.06117941678335211,MAP_SCADA,147,0.0012290014020506293
5,UPFC_tse,5-15,-2.1442045134949352,57,-2.1510341493100755,MAP_SCADA,147,0.006829635815140289
0,x_tcsc,1-14,-0.14025304881818126,58,-0.13716283505255114,MAP_SCADA,147,0.003090213765630123
1,B_svc,2,0.2943751922505254,58,0.28791956504071137,MAP_SCADA,147,0.006455627209814019
2,UPFC_Vsh,5-15,1.1043382438971199,58,1.1050088222453598,MAP_SCADA,147,0.0006705783482399141
3,UPFC_tsh,5-15,-0.22596942597343528,58,-0.22711178619308,MAP_SCADA,147,0.001142360219644728
4,UPFC_Vse,5-15,0.05989844619524658,58,0.06117941678335211,MAP_SCADA,147,0.0012809705881055358
5,UPFC_tse,5-15,-2.150392797073834,58,-2.1510341493100755,MAP_SCADA,147,0.0006413522362413993
0,x_tcsc,1-14,-0.13948574348694037,59,-0.13716283505255114,MAP_SCADA,147,0.0023229084343892314
1,B_svc,2,0.29361040067047306,59,0.28791956504071137,MAP_SCADA,147,0.0056908356297616924
2,UPFC_Vsh,5-15,1.1024436446396637,59,1.1050088222453598,MAP_SCADA,147,0.0025651776056960784
3,UPFC_tsh,5-15,-0.2260962852316475,59,-0.22711178619308,MAP_SCADA,147,0.0010155009614325194
4,UPFC_Vse,5-15,0.0603760348307006,59,0.06117941678335211,MAP_SCADA,147,0.0008033819526515121
5,UPFC_tse,5-15,-2.153027024774551,59,-2.1510341493100755,MAP_SCADA,147,0.001992875464475574
0,x_tcsc,1-14,-0.13734548040088565,60,-0.13716283505255114,MAP_SCADA,147,0.00018264534833450918
1,B_svc,2,0.3050931327260433,60,0.28791956504071137,MAP_SCADA,147,0.01717356768533196
2,UPFC_Vsh,5-15,1.1024510869435684,60,1.1050088222453598,MAP_SCADA,147,0.002557735301791375
3,UPFC_tsh,5-15,-0.22792302563646952,60,-0.22711178619308,MAP_SCADA,147,0.0008112394433895109
4,UPFC_Vse,5-15,0.05994697426279195,60,0.06117941678335211,MAP_SCADA,147,0.0012324425205601647
5,UPFC_tse,5-15,-2.1533501829787167,60,-2.1510341493100755,MAP_SCADA,147,0.002316033668641193
0,x_tcsc,1-14,-0.13962038629562434,61,-0.13716283505255114,MAP_SCADA,147,0.0024575512430732027
1,B_svc,2,0.2962995497542139,61,0.28791956504071137,MAP_SCADA,147,0.008379984713502542
2,UPFC_Vsh,5-15,1.1029814234863042,61,1.1050088222453598,MAP_SCADA,147,0.0020273987590555542
3,UPFC_tsh,5-15,-0.22586234776028932,61,-0.22711178619308,MAP_SCADA,147,0.0012494384327906838
4,UPFC_Vse,5-15,0.06022765102223543,61,0.06117941678335211,MAP_SCADA,147,0.0009517657611166838
5,UPFC_tse,5-15,-2.1501775445709037,61,-2.1510341493100755,MAP_SCADA,147,0.0008566047391718179
0,x_tcsc,1-14,-0.1395880404530107,62,-0.13716283505255114,MAP_SCADA,147,0.002425205400459568
1,B_svc,2,0.29959101759192003,62,0.28791956504071137,MAP_SCADA,147,0.011671452551208661
2,UPFC_Vsh,5-15,1.1049893981731653,62,1.1050088222453598,MAP_SCADA,147,1.9424072194462738e-05
3,UPFC_tsh,5-15,-0.2262864238321893,62,-0.22711178619308,MAP_SCADA,147,0.0008253623608907024
4,UPFC_Vse,5-15,0.0599799436649154,62,0.06117941678335211,MAP_SCADA,147,0.0011994731184367113
5,UPFC_tse,5-15,-2.1470839299587956,62,-2.1510341493100755,MAP_SCADA,147,0.003950219351279927
0,x_tcsc,1-14,-0.13819293186036755,63,-0.13716283505255114,MAP_SCADA,147,0.0010300968078164052
1,B_svc,2,0.2947934783829856,63,0.28791956504071137,MAP_SCADA,147,0.006873913342274218
2,UPFC_Vsh,5-15,1.105386686753126,63,1.1050088222453598,MAP_SCADA,147,0.00037786450776611247
3,UPFC_tsh,5-15,-0.226096774621023,63,-0.22711178619308,MAP_SCADA,147,0.0010150115720569952
4,UPFC_Vse,5-15,0.06026503639942282,63,0.06117941678335211,MAP_SCADA,147,0.0009143803839292905
5,UPFC_tse,5-15,-2.1446743398568286,63,-2.1510341493100755,MAP_SCADA,147,0.0063598094532468785
0,x_tcsc,1-14,-0.13921022468365188,64,-0.13716283505255114,MAP_SCADA,147,0.002047389631100738
1,B_svc,2,0.30291283652156065,64,0.28791956504071137,MAP_SCADA,147,0.01499327148084928
2,UPFC_Vsh,5-15,1.1017025311267963,64,1.1050088222453598,MAP_SCADA,147,0.003306291118563509
3,UPFC_tsh,5-15,-0.22647964204765078,64,-0.22711178619308,MAP_SCADA,147,0.0006321441454292254
4,UPFC_Vse,5-15,0.06037988534906229,64,0.06117941678335211,MAP_SCADA,147,0.0007995314342898255
5,UPFC_tse,5-15,-2.1467661078239084,64,-2.1510341493100755,MAP_SCADA,147,0.004268041486167107
0,x_tcsc,1-14,-0.13754706013970006,65,-0.13716283505255114,MAP_SCADA,147,0.000384225087148915
1,B_svc,2,0.3033542225314747,65,0.28791956504071137,MAP_SCADA,147,0.015434657490763337
2,UPFC_Vsh,5-15,1.102491949482756,65,1.1050088222453598,MAP_SCADA,147,0.0025168727626037057
3,UPFC_tsh,5-15,-0.22779893595847883,65,-0.22711178619308,MAP_SCADA,147,0.0006871497653988257
4,UPFC_Vse,5-15,0.060129879626394565,65,0.06117941678335211,MAP_SCADA,147,0.0010495371569575473
5,UPFC_tse,5-15,-2.151886632505937,65,-2.1510341493100755,MAP_SCADA,147,0.0008524831958616197
0,x_tcsc,1-14,-0.13851879659942265,66,-0.13716283505255114,MAP_SCADA,147,0.0013559615468715092
1,B_svc,2,0.30098243833297045,66,0.28791956504071137,MAP_SCADA,147,0.01306287329225908
2,UPFC_Vsh,5-15,1.1037986787727152,66,1.1050088222453598,MAP_SCADA,147,0.001210143472644587
3,UPFC_tsh,5-15,-0.2266876249058762,66,-0.22711178619308,MAP_SCADA,147,0.00042416128720379476
4,UPFC_Vse,5-15,0.059659010943204104,66,0.06117941678335211,MAP_SCADA,147,0.0015204058401480092
5,UPFC_tse,5-15,-2.145454356885726,66,-2.1510341493100755,MAP_SCADA,147,0.005579792424349694
0,x_tcsc,1-14,-0.13891729932627214,67,-0.13716283505255114,MAP_SCADA,147,0.0017544642737210014
1,B_svc,2,0.29894763571785266,67,0.28791956504071137,MAP_SCADA,147,0.011028070677141288
2,UPFC_Vsh,5-15,1.1052742411757022,67,1.1050088222453598,MAP_SCADA,147,0.00026541893034237596
3,UPFC_tsh,5-15,-0.22678710475996916,67,-0.22711178619308,MAP_SCADA,147,0.0003246814331108461
4,UPFC_Vse,5-15,0.06021758539380588,67,0.06117941678335211,MAP_SCADA,147,0.0009618313895462319
5,UPFC_tse,5-15,-2.1460217532626857,67,-2.1510341493100755,MAP_SCADA,147,0.005012396047389789
0,x_tcsc,1-14,-0.1400113610368814,68,-0.13716283505255114,MAP_SCADA,147,0.002848525984330247
1,B_svc,2,0.2886082954586116,68,0.28791956504071137,MAP_SCADA,147,0.0006887304179002407
2,UPFC_Vsh,5-15,1.1086243994812912,68,1.1050088222453598,MAP_SCADA,147,0.003615577235931422
3,UPFC_tsh,5-15,-0.22463470542028693,68,-0.22711178619308,MAP_SCADA,147,0.002477080772793072
4,UPFC_Vse,5-15,0.05987369804048943,68,0.06117941678335211,MAP_SCADA,147,0.0013057187428626854
5,UPFC_tse,5-15,-2.1449589252236083,68,-2.1510341493100755,MAP_SCADA,147,0.0060752240864672125
0,x_tcsc,1-14,-0.1391771725391201,69,-0.13716283505255114,MAP_SCADA,147,0.0020143374865689567
1,B_svc,2,0.2949481090376491,69,0.28791956504071137,MAP_SCADA,147,0.007028543996937753
2,UPFC_Vsh,5-15,1.1044387529335438,69,1.1050088222453598,MAP_SCADA,147,0.0005700693118160238
3,UPFC_tsh,5-15,-0.2255383734968782,69,-0.22711178619308,MAP_SCADA,147,0.0015734126962018147
4,UPFC_Vse,5-15,0.06053740626463348,69,0.06117941678335211,MAP_SCADA,147,0.0006420105187186359
5,UPFC_tse,5-15,-2.147341439047312,69,-2.1510341493100755,MAP_SCADA,147,0.003692710262763743
0,x_tcsc,1-14,-0.14030892296009884,70,-0.13716283505255114,MAP_SCADA,147,0.0031460879075476955
1,B_svc,2,0.28916581192604307,70,0.28791956504071137,MAP_SCADA,147,0.0012462468853317032
2,UPFC_Vsh,5-15,1.105617684280865,70,1.1050088222453598,MAP_SCADA,147,0.0006088620355051422
3,UPFC_tsh,5-15,-0.22463776111187436,70,-0.22711178619308,MAP_SCADA,147,0.002474025081205644
4,UPFC_Vse,5-15,0.05922766099819131,70,0.06117941678335211,MAP_SCADA,147,0.0019517557851608039
5,UPFC_tse,5-15,-2.146793521944589,70,-2.1510341493100755,MAP_SCADA,147,0.004240627365486471
0,x_tcsc,1-14,-0.13912161106384616,71,-0.13716283505255114,MAP_SCADA,147,0.001958776011295016
1,B_svc,2,0.29390301176538924,71,0.28791956504071137,MAP_SCADA,147,0.005983446724677877
2,UPFC_Vsh,5-15,1.1066642973847154,71,1.1050088222453598,MAP_SCADA,147,0.0016554751393556
3,UPFC_tsh,5-15,-0.225605363251747,71,-0.22711178619308,MAP_SCADA,147,0.0015064229413330188
4,UPFC_Vse,5-15,0.05939111103551805,71,0.06117941678335211,MAP_SCADA,147,0.0017883057478340625
5,UPFC_tse,5-15,-2.1477863279580256,71,-2.1510341493100755,MAP_SCADA,147,0.003247821352049929
0,x_tcsc,1-14,-0.14056060725207833,72,-0.13716283505255114,MAP_SCADA,147,0.0033977721995271937
1,B_svc,2,0.2905575884448555,72,0.28791956504071137,MAP_SCADA,147,0.002638023404144152
2,UPFC_Vsh,5-15,1.1041119417122978,72,1.1050088222453598,MAP_SCADA,147,0.0008968805330620278
3,UPFC_tsh,5-15,-0.22535657625741115,72,-0.22711178619308,MAP_SCADA,147,0.0017552099356688555
4,UPFC_Vse,5-15,0.060107674310286366,72,0.06117941678335211,MAP_SCADA,147,0.0010717424730657468
5,UPFC_tse,5-15,-2.1468883355909685,72,-2.1510341493100755,MAP_SCADA,147,0.00414581371910705
0,x_tcsc,1-14,-0.1388155879410626,73,-0.13716283505255114,MAP_SCADA,147,0.0016527528885114662
1,B_svc,2,0.2955615078968038,73,0.28791956504071137,MAP_SCADA,147,0.007641942856092432
2,UPFC_Vsh,5-15,1.105298350292251,73,1.1050088222453598,MAP_SCADA,147,0.0002895280468913075
3,UPFC_tsh,5-15,-0.22593649996615559,73,-0.22711178619308,MAP_SCADA,147,0.0011752862269244213
4,UPFC_Vse,5-15,0.05985474709110416,73,0.06117941678335211,MAP_SCADA,147,0.001324669692247954
5,UPFC_tse,5-15,-2.1511679849735295,73,-2.1510341493100755,MAP_SCADA,147,0.0001338356634539295
0,x_tcsc,1-14,-0.1398233764460126,74,-0.13716283505255114,MAP_SCADA,147,0.0026605413934614464
1,B_svc,2,0.2954338977334575,74,0.28791956504071137,MAP_SCADA,147,0.007514332692746151
2,UPFC_Vsh,5-15,1.1071480139212553,74,1.1050088222453598,MAP_SCADA,147,0.002139191675895491
3,UPFC_tsh,5-15,-0.22453926962252754,74,-0.22711178619308,MAP_SCADA,147,0.0025725165705524633
4,UPFC_Vse,5-15,0.060687580449417494,74,0.06117941678335211,MAP_SCADA,147,0.0004918363339346185
5,UPFC_tse,5-15,-2.14433718069863,74,-2.1510341493100755,MAP_SCADA,147,0.006696968611445531
0,x_tcsc,1-14,-0.13985189874829726,75,-0.13716283505255114,MAP_SCADA,147,0.002689063695746119
1,B_svc,2,0.29688805571872745,75,0.28791956504071137,MAP_SCADA,147,0.008968490678016083
2,UPFC_Vsh,5-15,1.1046618916641544,75,1.1050088222453598,MAP_SCADA,147,0.00034693058120538467
3,UPFC_tsh,5-15,-0.22601035217733573,75,-0.22711178619308,MAP_SCADA,147,0.0011014340157442792
4,UPFC_Vse,5-15,0.06080895520400906,75,0.06117941678335211,MAP_SCADA,147,0.0003704615793430552
5,UPFC_tse,5-15,-2.1404242421104898,75,-2.1510341493100755,MAP_SCADA,147,0.010609907199585766
0,x_tcsc,1-14,-0.13957144471102523,76,-0.13716283505255114,MAP_SCADA,147,0.002408609658474087
1,B_svc,2,0.2923765380368501,76,0.28791956504071137,MAP_SCADA,147,0.0044569729961387305
2,UPFC_Vsh,5-15,1.1054871009105336,76,1.1050088222453598,MAP_SCADA,147,0.0004782786651738036
3,UPFC_tsh,5-15,-0.22482937095352573,76,-0.22711178619308,MAP_SCADA,147,0.002282415239554275
4,UPFC_Vse,5-15,0.06030011511679539,76,0.06117941678335211,MAP_SCADA,147,0.0008793016665567255
5,UPFC_tse,5-15,-2.1476767706995723,76,-2.1510341493100755,MAP_SCADA,147,0.0033573786105032255
0,x_tcsc,1-14,-0.13862326408102932,77,-0.13716283505255114,MAP_SCADA,147,0.0014604290284781773
1,B_svc,2,0.297354900166559,77,0.28791956504071137,MAP_SCADA,147,0.009435335125847655
2,UPFC_Vsh,5-15,1.1047507912466037,77,1.1050088222453598,MAP_SCADA,147,0.00025803099875609803
3,UPFC_tsh,5-15,-0.22604008379772728,77,-0.22711178619308,MAP_SCADA,147,0.0010717023953527305
4,UPFC_Vse,5-15,0.05988669983780915,77,0.06117941678335211,MAP_SCADA,147,0.0012927169455429627
5,UPFC_tse,5-15,-2.149920976773672,77,-2.1510341493100755,MAP_SCADA,147,0.0011131725364035283
0,x_tcsc,1-14,-0.14014173897371188,78,-0.13716283505255114,MAP_SCADA,147,0.002978903921160736
1,B_svc,2,0.29808804198602606,78,0.28791956504071137,MAP_SCADA,147,0.010168476945314697
2,UPFC_Vsh,5-15,1.1020250874796236,78,1.1050088222453598,MAP_SCADA,147,0.0029837347657362123
3,UPFC_tsh,5-15,-0.22709406986485264,78,-0.22711178619308,MAP_SCADA,147,1.771632822736291e-05
4,UPFC_Vse,5-15,0.06038098624706862,78,0.06117941678335211,MAP_SCADA,147,0.0007984305362834926
5,UPFC_tse,5-15,-2.147555642474961,78,-2.1510341493100755,MAP_SCADA,147,0.0034785068351146364
0,x_tcsc,1-14,-0.138494991935145,79,-0.13716283505255114,MAP_SCADA,147,0.0013321568825938601
1,B_svc,2,0.29935793585946774,79,0.28791956504071137,MAP_SCADA,147,0.011438370818756372
2,UPFC_Vsh,5-15,1.1044861845431309,79,1.1050088222453598,MAP_SCADA,147,0.0005226377022289341
3,UPFC_tsh,5-15,-0.2267156972470802,79,-0.22711178619308,MAP_SCADA,147,0.00039608894599979516
4,UPFC_Vse,5-15,0.06014279391207925,79,0.06117941678335211,MAP_SCADA,147,0.0010366228712728603
5,UPFC_tse,5-15,-2.148430129095994,79,-2.1510341493100755,MAP_SCADA,147,0.0026040202140813484
0,x_tcsc,1-14,-0.13850198239680195,80,-0.13716283505255114,MAP_SCADA,147,0.0013391473442508073
1,B_svc,2,0.2949269015440459,80,0.28791956504071137,MAP_SCADA,147,0.007007336503334516
2,UPFC_Vsh,5-15,1.1046154754089028,80,1.1050088222453598,MAP_SCADA,147,0.0003933468364569759
3,UPFC_tsh,5-15,-0.22601633684968597,80,-0.22711178619308,MAP_SCADA,147,0.0010954493433940338
4,UPFC_Vse,5-15,0.05995997222132473,80,0.06117941678335211,MAP_SCADA,147,0.001219444562027383
5,UPFC_tse,5-15,-2.151054139576775,80,-2.1510341493100755,MAP_SCADA,147,1.9990266699299042e-05
0,x_tcsc,1-14,-0.13966617912573293,81,-0.13716283505255114,MAP_SCADA,147,0.0025033440731817846
1,B_svc,2,0.29315893366360213,81,0.28791956504071137,MAP_SCADA,147,0.005239368622890761
2,UPFC_Vsh,5-15,1.1060385957878638,81,1.1050088222453598,MAP_SCADA,147,0.0010297735425039978
3,UPFC_tsh,5-15,-0.22521413775523438,81,-0.22711178619308,MAP_SCADA,147,0.0018976484378456226
4,UPFC_Vse,5-15,0.060315117957685425,81,0.06117941678335211,MAP_SCADA,147,0.0008642988256666873
5,UPFC_tse,5-15,-2.139918566642995,81,-2.1510341493100755,MAP_SCADA,147,0.01111558266708057
0,x_tcsc,1-14,-0.13893154787813156,82,-0.13716283505255114,MAP_SCADA,147,0.0017687128255804152
1,B_svc,2,0.3003519178065197,82,0.28791956504071137,MAP_SCADA,147,0.012432352765808341
2,UPFC_Vsh,5-15,1.105211713292877,82,1.1050088222453598,MAP_SCADA,147,0.0002028910475171397
3,UPFC_tsh,5-15,-0.22601346607340225,82,-0.22711178619308,MAP_SCADA,147,0.0010983201196777537
4,UPFC_Vse,5-15,0.05983889382632722,82,0.06117941678335211,MAP_SCADA,147,0.0013405229570248936
5,UPFC_tse,5-15,-2.145681020772069,82,-2.1510341493100755,MAP_SCADA,147,0.005353128538006402
0,x_tcsc,1-14,-0.13768340688018318,83,-0.13716283505255114,MAP_SCADA,147,0.0005205718276320437
1,B_svc,2,0.2994261065484856,83,0.28791956504071137,MAP_SCADA,147,0.011506541507774248
2,UPFC_Vsh,5-15,1.101703543833773,83,1.1050088222453598,MAP_SCADA,147,0.0033052784115867873
3,UPFC_tsh,5-15,-0.2279174035804127,83,-0.22711178619308,MAP_SCADA,147,0.0008056173873327022
4,UPFC_Vse,5-15,0.06055765787005787,83,0.06117941678335211,MAP_SCADA,147,0.0006217589132942458
5,UPFC_tse,5-15,-2.1510343991375835,83,-2.1510341493100755,MAP_SCADA,147,2.4982750801427756e-07
0,x_tcsc,1-14,-0.1373216491922542,84,-0.13716283505255114,MAP_SCADA,147,0.0001588141397030618
1,B_svc,2,0.2927348858620752,84,0.28791956504071137,MAP_SCADA,147,0.004815320821363822
2,UPFC_Vsh,5-15,1.1067500551576062,84,1.1050088222453598,MAP_SCADA,147,0.001741232912246371
3,UPFC_tsh,5-15,-0.22563770740787648,84,-0.22711178619308,MAP_SCADA,147,0.0014740787852035309
4,UPFC_Vse,5-15,0.06014896913171909,84,0.06117941678335211,MAP_SCADA,147,0.0010304476516330222
5,UPFC_tse,5-15,-2.144710256275567,84,-2.1510341493100755,MAP_SCADA,147,0.006323893034508643
0,x_tcsc,1-14,-0.1368727184297969,85,-0.13716283505255114,MAP_SCADA,147,0.000290116622754244
1,B_svc,2,0.3042076338471711,85,0.28791956504071137,MAP_SCADA,147,0.01628806880645972
2,UPFC_Vsh,5-15,1.1020224083109054,85,1.1050088222453598,MAP_SCADA,147,0.002986413934454424
3,UPFC_tsh,5-15,-0.22809833192717974,85,-0.22711178619308,MAP_SCADA,147,0.0009865457340997308
4,UPFC_Vse,5-15,0.059876587389066586,85,0.06117941678335211,MAP_SCADA,147,0.0013028293942855262
5,UPFC_tse,5-15,-2.1513163216563593,85,-2.1510341493100755,MAP_SCADA,147,0.0002821723462838044
0,x_tcsc,1-14,-0.1384535459587959,86,-0.13716283505255114,MAP_SCADA,147,0.0012907109062447464
1,B_svc,2,0.2997617930927,86,0.28791956504071137,MAP_SCADA,147,0.011842228051988646
2,UPFC_Vsh,5-15,1.103946923652292,86,1.1050088222453598,MAP_SCADA,147,0.0010618985930677116
3,UPFC_tsh,5-15,-0.22620783362035,86,-0.22711178619308,MAP_SCADA,147,0.0009039525727300157
4,UPFC_Vse,5-15,0.060450061537411046,86,0.06117941678335211,MAP_SCADA,147,0.0007293552459410671
5,UPFC_tse,5-15,-2.1479966642306616,86,-2.1510341493100755,MAP_SCADA,147,0.0030374850794139263
0,x_tcsc,1-14,-0.13890739555022136,87,-0.13716283505255114,MAP_SCADA,147,0.0017445604976702167
1,B_svc,2,0.29816419122844867,87,0.28791956504071137,MAP_SCADA,147,0.010244626187737305
2,UPFC_Vsh,5-15,1.1032871777219062,87,1.1050088222453598,MAP_SCADA,147,0.0017216445234535804
3,UPFC_tsh,5-15,-0.226681685374232,87,-0.22711178619308,MAP_SCADA,147,0.000430100818848006
4,UPFC_Vse,5-15,0.06018735647973197,87,0.06117941678335211,MAP_SCADA,147,0.0009920603036201459
5,UPFC_tse,5-15,-2.1458589466601703,87,-2.1510341493100755,MAP_SCADA,147,0.005175202649905231
0,x_tcsc,1-14,-0.13941829242216902,88,-0.13716283505255114,MAP_SCADA,147,0.0022554573696178803
1,B_svc,2,0.29807485035769715,88,0.28791956504071137,MAP_SCADA,147,0.010155285316985785
2,UPFC_Vsh,5-15,1.1045063121793453,88,1.1050088222453598,MAP_SCADA,147,0.0005025100660145387
3,UPFC_tsh,5-15,-0.22623395074146235,88,-0.22711178619308,MAP_SCADA,147,0.0008778354516176534
4,UPFC_Vse,5-15,0.05955271496810949,88,0.06117941678335211,MAP_SCADA,147,0.0016267018152426246
5,UPFC_tse,5-15,-2.147882351498537,88,-2.1510341493100755,MAP_SCADA,147,0.003151797811538515
0,x_tcsc,1-14,-0.13722912029411927,89,-0.13716283505255114,MAP_SCADA,147,6.628524156812587e-05
1,B_svc,2,0.30411101001131285,89,0.28791956504071137,MAP_SCADA,147,0.016191444970601487
2,UPFC_Vsh,5-15,1.1036311349152752,89,1.1050088222453598,MAP_SCADA,147,0.001377687330084587
3,UPFC_tsh,5-15,-0.22732067939310316,89,-0.22711178619308,MAP_SCADA,147,0.00020889320002315248
4,UPFC_Vse,5-15,0.06012593040018313,89,0.06117941678335211,MAP_SCADA,147,0.001053486383168982
5,UPFC_tse,5-15,-2.148379421260987,89,-2.1510341493100755,MAP_SCADA,147,0.002654728049088728
0,x_tcsc,1-14,-0.14066230142333347,90,-0.13716283505255114,MAP_SCADA,147,0.003499466370782328
1,B_svc,2,0.28639808623031715,90,0.28791956504071137,MAP_SCADA,147,0.0015214788103942167
2,UPFC_Vsh,5-15,1.1053975417805695,90,1.1050088222453598,MAP_SCADA,147,0.0003887195352096917
3,UPFC_tsh,5-15,-0.2244789968365249,90,-0.22711178619308,MAP_SCADA,147,0.0026327893565551153
4,UPFC_Vse,5-15,0.05994150141665287,90,0.06117941678335211,MAP_SCADA,147,0.0012379153666992396
5,UPFC_tse,5-15,-2.1483133870233035,90,-2.1510341493100755,MAP_SCADA,147,0.0027207622867719827
0,x_tcsc,1-14,-0.1389034492356503,91,-0.13716283505255114,MAP_SCADA,147,0.0017406141830991484
1,B_svc,2,0.29841707717821614,91,0.28791956504071137,MAP_SCADA,147,0.010497512137504772
2,UPFC_Vsh,5-15,1.1040028152967658,91,1.1050088222453598,MAP_SCADA,147,0.0010060069485939849
3,UPFC_tsh,5-15,-0.22666245066459617,91,-0.22711178619308,MAP_SCADA,147,0.0004493355284838352
4,UPFC_Vse,5-15,0.060089420272586895,91,0.06117941678335211,MAP_SCADA,147,0.0010899965107652176
5,UPFC_tse,5-15,-2.1467186392760302,91,-2.1510341493100755,MAP_SCADA,147,0.004315510034045289
0,x_tcsc,1-14,-0.1399247873648281,92,-0.13716283505255114,MAP_SCADA,147,0.0027619523122769662
1,B_svc,2,0.29473224820962973,92,0.28791956504071137,MAP_SCADA,147,0.006812683168918365
2,UPFC_Vsh,5-15,1.1051511651890191,92,1.1050088222453598,MAP_SCADA,147,0.00014234294365933486
3,UPFC_tsh,5-15,-0.22500880406455498,92,-0.22711178619308,MAP_SCADA,147,0.002102982128525027
4,UPFC_Vse,5-15,0.059988637387086235,92,0.06117941678335211,MAP_SCADA,147,0.0011907793962658772
5,UPFC_tse,5-15,-2.143871600729615,92,-2.1510341493100755,MAP_SCADA,147,0.007162548580460726
0,x_tcsc,1-14,-0.13790532230246327,93,-0.13716283505255114,MAP_SCADA,147,0.0007424872499121327
1,B_svc,2,0.3013297835636175,93,0.28791956504071137,MAP_SCADA,147,0.013410218522906137
2,UPFC_Vsh,5-15,1.104168804741319,93,1.1050088222453598,MAP_SCADA,147,0.0008400175040408353
3,UPFC_tsh,5-15,-0.22684799687065,93,-0.22711178619308,MAP_SCADA,147,0.00026378932243001363
4,UPFC_Vse,5-15,0.059842294193274324,93,0.06117941678335211,MAP_SCADA,147,0.0013371225900777883
5,UPFC_tse,5-15,-2.147633419958297,93,-2.1510341493100755,MAP_SCADA,147,0.0034007293517785975
0,x_tcsc,1-14,-0.13938863310282984,94,-0.13716283505255114,MAP_SCADA,147,0.002225798050278699
1,B_svc,2,0.2980292208579397,94,0.28791956504071137,MAP_SCADA,147,0.010109655817228336
2,UPFC_Vsh,5-15,1.1039325054724765,94,1.1050088222453598,MAP_SCADA,147,0.0010763167728833345
3,UPFC_tsh,5-15,-0.2264616265220565,94,-0.22711178619308,MAP_SCADA,147,0.000650159671023498
4,UPFC_Vse,5-15,0.06017734177236146,94,0.06117941678335211,MAP_SCADA,147,0.001002075010990651
5,UPFC_tse,5-15,-2.153993553239469,94,-2.1510341493100755,MAP_SCADA,147,0.0029594039293936447
0,x_tcsc,1-14,-0.13950620660961183,95,-0.13716283505255114,MAP_SCADA,147,0.002343371557060686
1,B_svc,2,0.29251821175293685,95,0.28791956504071137,MAP_SCADA,147,0.004598646712225485
2,UPFC_Vsh,5-15,1.1043324817035252,95,1.1050088222453598,MAP_SCADA,147,0.0006763405418346302
3,UPFC_tsh,5-15,-0.2259389986761963,95,-0.22711178619308,MAP_SCADA,147,0.001172787516883711
4,UPFC_Vse,5-15,0.060131204192603406,95,0.06117941678335211,MAP_SCADA,147,0.0010482125907487067
5,UPFC_tse,5-15,-2.1486542652587537,95,-2.1510341493100755,MAP_SCADA,147,0.0023798840513218344
0,x_tcsc,1-14,-0.1380067973475561,96,-0.13716283505255114,MAP_SCADA,147,0.0008439622950049686
1,B_svc,2,0.3023121368267017,96,0.28791956504071137,MAP_SCADA,147,0.014392571785990349
2,UPFC_Vsh,5-15,1.1044147926848344,96,1.1050088222453598,MAP_SCADA,147,0.0005940295605253443
3,UPFC_tsh,5-15,-0.22676224099022252,96,-0.22711178619308,MAP_SCADA,147,0.00034954520285748747
4,UPFC_Vse,5-15,0.06029829200515852,96,0.06117941678335211,MAP_SCADA,147,0.0008811247781935899
5,UPFC_tse,5-15,-2.1530578859010805,96,-2.1510341493100755,MAP_SCADA,147,0.0020237365910049654
0,x_tcsc,1-14,-0.14075836433980002,97,-0.13716283505255114,MAP_SCADA,147,0.0035955292872488775
1,B_svc,2,0.2900573964944106,97,0.28791956504071137,MAP_SCADA,147,0.0021378314536992238
2,UPFC_Vsh,5-15,1.105770205928169,97,1.1050088222453598,MAP_SCADA,147,0.0007613836828093135
3,UPFC_tsh,5-15,-0.22466709487794193,97,-0.22711178619308,MAP_SCADA,147,0.002444691315138081
4,UPFC_Vse,5-15,0.06021616597855937,97,0.06117941678335211,MAP_SCADA,147,0.0009632508047927452
5,UPFC_tse,5-15,-2.1442245668075404,97,-2.1510341493100755,MAP_SCADA,147,0.006809582502535161
0,x_tcsc,1-14,-0.13872154666830117,98,-0.13716283505255114,MAP_SCADA,147,0.0015587116157500247
1,B_svc,2,0.2932544069980707,98,0.28791956504071137,MAP_SCADA,147,0.0053348419573593375
2,UPFC_Vsh,5-15,1.1037015110597996,98,1.1050088222453598,MAP_SCADA,147,0.001307311185560156
3,UPFC_tsh,5-15,-0.2263205983825664,98,-0.22711178619308,MAP_SCADA,147,0.0007911878105135994
4,UPFC_Vse,5-15,0.06060918663511173,98,0.06117941678335211,MAP_SCADA,147,0.0005702301482403832
5,UPFC_tse,5-15,-2.1459582127355232,98,-2.1510341493100755,MAP_SCADA,147,0.005075936574552298
0,x_tcsc,1-14,-0.13955388499023125,99,-0.13716283505255114,MAP_SCADA,147,0.0023910499376801064
1,B_svc,2,0.29595704555838426,99,0.28791956504071137,MAP_SCADA,147,0.00803748051767289
2,UPFC_Vsh,5-15,1.1029095704837086,99,1.1050088222453598,MAP_SCADA,147,0.0020992517616511552
3,UPFC_tsh,5-15,-0.22589227804724954,99,-0.22711178619308,MAP_SCADA,147,0.0012195081458304668
4,UPFC_Vse,5-15,0.060001423577760095,99,0.06117941678335211,MAP_SCADA,147,0.0011779932055920178
5,UPFC_tse,5-15,-2.152835962070224,99,-2.1510341493100755,MAP_SCADA,147,0.001801812760148458
0,x_tcsc,1-14,-0.13900849846393998,0,-0.13892526450872753,MAP_SCADA,149,8.32339552124528e-05
1,B_svc,2,0.29650527170746127,0,0.2967760944150117,MAP_SCADA,149,0.00027082270755041105
2,UPFC_Vsh,5-15,1.106444059367828,0,1.1056299415067286,MAP_SCADA,149,0.0008141178610994171
3,UPFC_tsh,5-15,-0.2245452545715806,0,-0.22669776368492817,MAP_SCADA,149,0.0021525091133475782
4,UPFC_Vse,5-15,0.06001100676389736,0,0.05931217972465815,MAP_SCADA,149,0.0006988270392392082
5,UPFC_tse,5-15,-2.145119974529498,0,-2.1341749635969207,MAP_SCADA,149,0.010945010932577492
0,x_tcsc,1-14,-0.1396136637504605,1,-0.13892526450872753,MAP_SCADA,149,0.0006883992417329732
1,B_svc,2,0.2995471824231543,1,0.2967760944150117,MAP_SCADA,149,0.0027710880081426303
2,UPFC_Vsh,5-15,1.1028977000837634,1,1.1056299415067286,MAP_SCADA,149,0.0027322414229651315
3,UPFC_tsh,5-15,-0.2262309272513375,1,-0.22669776368492817,MAP_SCADA,149,0.0004668364335906616
4,UPFC_Vse,5-15,0.05984995870332151,1,0.05931217972465815,MAP_SCADA,149,0.0005377789786633544
5,UPFC_tse,5-15,-2.1443611494327808,1,-2.1341749635969207,MAP_SCADA,149,0.010186185835860062
0,x_tcsc,1-14,-0.13936421795883266,2,-0.13892526450872753,MAP_SCADA,149,0.00043895345010513953
1,B_svc,2,0.29683653973325336,2,0.2967760944150117,MAP_SCADA,149,6.0445318241675317e-05
2,UPFC_Vsh,5-15,1.1033419492207521,2,1.1056299415067286,MAP_SCADA,149,0.0022879922859764257
3,UPFC_tsh,5-15,-0.22632827632391825,2,-0.22669776368492817,MAP_SCADA,149,0.0003694873610099181
4,UPFC_Vse,5-15,0.06073139686472676,2,0.05931217972465815,MAP_SCADA,149,0.0014192171400686099
5,UPFC_tse,5-15,-2.149609244944893,2,-2.1341749635969207,MAP_SCADA,149,0.015434281347972423
0,x_tcsc,1-14,-0.13778624594440056,3,-0.13892526450872753,MAP_SCADA,149,0.0011390185643269657
1,B_svc,2,0.30021723183472937,3,0.2967760944150117,MAP_SCADA,149,0.003441137419717688
2,UPFC_Vsh,5-15,1.10401400666262,3,1.1056299415067286,MAP_SCADA,149,0.0016159348441084909
3,UPFC_tsh,5-15,-0.22767381252310107,3,-0.22669776368492817,MAP_SCADA,149,0.0009760488381728993
4,UPFC_Vse,5-15,0.060583952678000985,3,0.05931217972465815,MAP_SCADA,149,0.0012717729533428326
5,UPFC_tse,5-15,-2.1492311117466207,3,-2.1341749635969207,MAP_SCADA,149,0.015056148149700022
0,x_tcsc,1-14,-0.13985462128825538,4,-0.13892526450872753,MAP_SCADA,149,0.0009293567795278512
1,B_svc,2,0.296188187833812,4,0.2967760944150117,MAP_SCADA,149,0.0005879065811996709
2,UPFC_Vsh,5-15,1.1026767779516253,4,1.1056299415067286,MAP_SCADA,149,0.002953163555103222
3,UPFC_tsh,5-15,-0.22641506895827404,4,-0.22669776368492817,MAP_SCADA,149,0.00028269472665412576
4,UPFC_Vse,5-15,0.06010991456421456,4,0.05931217972465815,MAP_SCADA,149,0.0007977348395564049
5,UPFC_tse,5-15,-2.149924163840019,4,-2.1341749635969207,MAP_SCADA,149,0.015749200243098116
0,x_tcsc,1-14,-0.13746500879930573,5,-0.13892526450872753,MAP_SCADA,149,0.0014602557094217927
1,B_svc,2,0.3034607542918911,5,0.2967760944150117,MAP_SCADA,149,0.00668465987687944
2,UPFC_Vsh,5-15,1.1006785286143699,5,1.1056299415067286,MAP_SCADA,149,0.004951412892358675
3,UPFC_tsh,5-15,-0.2273157736710889,5,-0.22669776368492817,MAP_SCADA,149,0.0006180099861607391
4,UPFC_Vse,5-15,0.06056989728741583,5,0.05931217972465815,MAP_SCADA,149,0.0012577175627576792
5,UPFC_tse,5-15,-2.1453666812389707,5,-2.1341749635969207,MAP_SCADA,149,0.011191717642049959
0,x_tcsc,1-14,-0.13955901033275867,6,-0.13892526450872753,MAP_SCADA,149,0.00063374582403114
1,B_svc,2,0.29902140685599293,6,0.2967760944150117,MAP_SCADA,149,0.002245312440981251
2,UPFC_Vsh,5-15,1.1051095689335,6,1.1056299415067286,MAP_SCADA,149,0.0005203725732285669
3,UPFC_tsh,5-15,-0.22587728813114563,6,-0.22669776368492817,MAP_SCADA,149,0.0008204755537825348
4,UPFC_Vse,5-15,0.06015700877506486,6,0.05931217972465815,MAP_SCADA,149,0.0008448290504067049
5,UPFC_tse,5-15,-2.1523236559127263,6,-2.1341749635969207,MAP_SCADA,149,0.018148692315805626
0,x_tcsc,1-14,-0.13802243210717918,7,-0.13892526450872753,MAP_SCADA,149,0.0009028324015483424
1,B_svc,2,0.2995903326742413,7,0.2967760944150117,MAP_SCADA,149,0.0028142382592296067
2,UPFC_Vsh,5-15,1.1043946694822493,7,1.1056299415067286,MAP_SCADA,149,0.0012352720244792614
3,UPFC_tsh,5-15,-0.22658864844167736,7,-0.22669776368492817,MAP_SCADA,149,0.00010911524325080135
4,UPFC_Vse,5-15,0.05985353630766828,7,0.05931217972465815,MAP_SCADA,149,0.0005413565830101261
5,UPFC_tse,5-15,-2.154106660539906,7,-2.1341749635969207,MAP_SCADA,149,0.019931696942985244
0,x_tcsc,1-14,-0.13776651479993207,8,-0.13892526450872753,MAP_SCADA,149,0.0011587497087954535
1,B_svc,2,0.3034020605098786,8,0.2967760944150117,MAP_SCADA,149,0.006625966094866931
2,UPFC_Vsh,5-15,1.1038155449859017,8,1.1056299415067286,MAP_SCADA,149,0.001814396520826822
3,UPFC_tsh,5-15,-0.22729311200001734,8,-0.22669776368492817,MAP_SCADA,149,0.0005953483150891725
4,UPFC_Vse,5-15,0.06036461132298206,8,0.05931217972465815,MAP_SCADA,149,0.0010524315983239108
5,UPFC_tse,5-15,-2.1549856065944772,8,-2.1341749635969207,MAP_SCADA,149,0.020810642997556528
0,x_tcsc,1-14,-0.13859247186509066,9,-0.13892526450872753,MAP_SCADA,149,0.00033279264363686445
1,B_svc,2,0.29578539085512373,9,0.2967760944150117,MAP_SCADA,149,0.000990703559887951
2,UPFC_Vsh,5-15,1.104393061880654,9,1.1056299415067286,MAP_SCADA,149,0.0012368796260746606
3,UPFC_tsh,5-15,-0.2264243969300444,9,-0.22669776368492817,MAP_SCADA,149,0.0002733667548837637
4,UPFC_Vse,5-15,0.060495454335872195,9,0.05931217972465815,MAP_SCADA,149,0.0011832746112140427
5,UPFC_tse,5-15,-2.1472225881378324,9,-2.1341749635969207,MAP_SCADA,149,0.013047624540911684
0,x_tcsc,1-14,-0.14084676336732707,10,-0.13892526450872753,MAP_SCADA,149,0.0019214988585995463
1,B_svc,2,0.2932031951219014,10,0.2967760944150117,MAP_SCADA,149,0.0035728992931102765
2,UPFC_Vsh,5-15,1.1049799922854475,10,1.1056299415067286,MAP_SCADA,149,0.000649949221281032
3,UPFC_tsh,5-15,-0.22493217726351936,10,-0.22669776368492817,MAP_SCADA,149,0.0017655864214088102
4,UPFC_Vse,5-15,0.060052763771416585,10,0.05931217972465815,MAP_SCADA,149,0.0007405840467584329
5,UPFC_tse,5-15,-2.148328019767737,10,-2.1341749635969207,MAP_SCADA,149,0.014153056170816303
0,x_tcsc,1-14,-0.13935090874779182,11,-0.13892526450872753,MAP_SCADA,149,0.00042564423906429893
1,B_svc,2,0.3000827842332406,11,0.2967760944150117,MAP_SCADA,149,0.003306689818228903
2,UPFC_Vsh,5-15,1.104322749806619,11,1.1056299415067286,MAP_SCADA,149,0.0013071917001095112
3,UPFC_tsh,5-15,-0.22644285374367815,11,-0.22669776368492817,MAP_SCADA,149,0.00025490994125002
4,UPFC_Vse,5-15,0.06061384937727731,11,0.05931217972465815,MAP_SCADA,149,0.0013016696526191585
5,UPFC_tse,5-15,-2.1500395355490904,11,-2.1341749635969207,MAP_SCADA,149,0.015864571952169726
0,x_tcsc,1-14,-0.13886661964430397,12,-0.13892526450872753,MAP_SCADA,149,5.86448644235571e-05
1,B_svc,2,0.30316520299571653,12,0.2967760944150117,MAP_SCADA,149,0.00638910858070485
2,UPFC_Vsh,5-15,1.1014851436299993,12,1.1056299415067286,MAP_SCADA,149,0.004144797876729278
3,UPFC_tsh,5-15,-0.2265947577998115,12,-0.22669776368492817,MAP_SCADA,149,0.00010300588511666375
4,UPFC_Vse,5-15,0.05951054582410368,12,0.05931217972465815,MAP_SCADA,149,0.00019836609944552663
5,UPFC_tse,5-15,-2.1481486842702813,12,-2.1341749635969207,MAP_SCADA,149,0.013973720673360557
0,x_tcsc,1-14,-0.13751298016279592,13,-0.13892526450872753,MAP_SCADA,149,0.0014122843459316026
1,B_svc,2,0.30138813066979114,13,0.2967760944150117,MAP_SCADA,149,0.004612036254779461
2,UPFC_Vsh,5-15,1.1048805629058702,13,1.1056299415067286,MAP_SCADA,149,0.0007493786008583303
3,UPFC_tsh,5-15,-0.22692624201313333,13,-0.22669776368492817,MAP_SCADA,149,0.00022847832820516167
4,UPFC_Vse,5-15,0.05976662311998865,13,0.05931217972465815,MAP_SCADA,149,0.0004544433953304963
5,UPFC_tse,5-15,-2.1511226488263433,13,-2.1341749635969207,MAP_SCADA,149,0.016947685229422582
0,x_tcsc,1-14,-0.1387119073551927,14,-0.13892526450872753,MAP_SCADA,149,0.0002133571535348211
1,B_svc,2,0.2991060203265386,14,0.2967760944150117,MAP_SCADA,149,0.00232992591152692
2,UPFC_Vsh,5-15,1.1043098255803496,14,1.1056299415067286,MAP_SCADA,149,0.0013201159263789286
3,UPFC_tsh,5-15,-0.22659362725435733,14,-0.22669776368492817,MAP_SCADA,149,0.00010413643057083366
4,UPFC_Vse,5-15,0.05993925440151864,14,0.05931217972465815,MAP_SCADA,149,0.0006270746768604896
5,UPFC_tse,5-15,-2.147403003091212,14,-2.1341749635969207,MAP_SCADA,149,0.013228039494291188
0,x_tcsc,1-14,-0.1401347877250689,15,-0.13892526450872753,MAP_SCADA,149,0.0012095232163413794
1,B_svc,2,0.29719327447259053,15,0.2967760944150117,MAP_SCADA,149,0.0004171800575788476
2,UPFC_Vsh,5-15,1.10514278782043,15,1.1056299415067286,MAP_SCADA,149,0.00048715368629848044
3,UPFC_tsh,5-15,-0.22475059684335258,15,-0.22669776368492817,MAP_SCADA,149,0.0019471668415755872
4,UPFC_Vse,5-15,0.05974653222629669,15,0.05931217972465815,MAP_SCADA,149,0.0004343525016385352
5,UPFC_tse,5-15,-2.1454506699074596,15,-2.1341749635969207,MAP_SCADA,149,0.011275706310538869
0,x_tcsc,1-14,-0.13657497542089506,16,-0.13892526450872753,MAP_SCADA,149,0.002350289087832469
1,B_svc,2,0.3050354964593784,16,0.2967760944150117,MAP_SCADA,149,0.008259402044366704
2,UPFC_Vsh,5-15,1.1042529235454521,16,1.1056299415067286,MAP_SCADA,149,0.0013770179612764277
3,UPFC_tsh,5-15,-0.2272530051578728,16,-0.22669776368492817,MAP_SCADA,149,0.0005552414729446398
4,UPFC_Vse,5-15,0.05994727137748766,16,0.05931217972465815,MAP_SCADA,149,0.00063509165282951
5,UPFC_tse,5-15,-2.1525110522626387,16,-2.1341749635969207,MAP_SCADA,149,0.01833608866571801
0,x_tcsc,1-14,-0.14031858933454772,17,-0.13892526450872753,MAP_SCADA,149,0.0013933248258201913
1,B_svc,2,0.29837338229458993,17,0.2967760944150117,MAP_SCADA,149,0.0015972878795782464
2,UPFC_Vsh,5-15,1.1048099590733964,17,1.1056299415067286,MAP_SCADA,149,0.0008199824333321448
3,UPFC_tsh,5-15,-0.2258268842497113,17,-0.22669776368492817,MAP_SCADA,149,0.0008708794352168536
4,UPFC_Vse,5-15,0.060018761302233874,17,0.05931217972465815,MAP_SCADA,149,0.0007065815775757212
5,UPFC_tse,5-15,-2.1445126629522857,17,-2.1341749635969207,MAP_SCADA,149,0.010337699355364993
0,x_tcsc,1-14,-0.13862398376095758,18,-0.13892526450872753,MAP_SCADA,149,0.0003012807477699442
1,B_svc,2,0.30051063411948875,18,0.2967760944150117,MAP_SCADA,149,0.003734539704477069
2,UPFC_Vsh,5-15,1.1036263093848822,18,1.1056299415067286,MAP_SCADA,149,0.0020036321218463993
3,UPFC_tsh,5-15,-0.22631897737870346,18,-0.22669776368492817,MAP_SCADA,149,0.00037878630622470433
4,UPFC_Vse,5-15,0.06059917772140851,18,0.05931217972465815,MAP_SCADA,149,0.0012869979967503609
5,UPFC_tse,5-15,-2.1481598405459894,18,-2.1341749635969207,MAP_SCADA,149,0.013984876949068692
0,x_tcsc,1-14,-0.13997150805289785,19,-0.13892526450872753,MAP_SCADA,149,0.0010462435441703222
1,B_svc,2,0.2975385393396756,19,0.2967760944150117,MAP_SCADA,149,0.0007624449246639298
2,UPFC_Vsh,5-15,1.102397254952331,19,1.1056299415067286,MAP_SCADA,149,0.003232686554397457
3,UPFC_tsh,5-15,-0.22583042910126308,19,-0.22669776368492817,MAP_SCADA,149,0.0008673345836650859
4,UPFC_Vse,5-15,0.06029962107356366,19,0.05931217972465815,MAP_SCADA,149,0.0009874413489055073
5,UPFC_tse,5-15,-2.1511675257445853,19,-2.1341749635969207,MAP_SCADA,149,0.016992562147664536
0,x_tcsc,1-14,-0.13996105232389777,20,-0.13892526450872753,MAP_SCADA,149,0.001035787815170247
1,B_svc,2,0.2921272452893663,20,0.2967760944150117,MAP_SCADA,149,0.004648849125645393
2,UPFC_Vsh,5-15,1.1059558536829384,20,1.1056299415067286,MAP_SCADA,149,0.0003259121762098083
3,UPFC_tsh,5-15,-0.22446458794532617,20,-0.22669776368492817,MAP_SCADA,149,0.0022331757396019947
4,UPFC_Vse,5-15,0.05986600732266241,20,0.05931217972465815,MAP_SCADA,149,0.000553827598004257
5,UPFC_tse,5-15,-2.1451598095664512,20,-2.1341749635969207,MAP_SCADA,149,0.010984845969530532
0,x_tcsc,1-14,-0.13822667342328782,21,-0.13892526450872753,MAP_SCADA,149,0.0006985910854397093
1,B_svc,2,0.2972723864116842,21,0.2967760944150117,MAP_SCADA,149,0.0004962919966725043
2,UPFC_Vsh,5-15,1.1041169664709394,21,1.1056299415067286,MAP_SCADA,149,0.001512975035789177
3,UPFC_tsh,5-15,-0.22696494078320859,21,-0.22669776368492817,MAP_SCADA,149,0.0002671770982804189
4,UPFC_Vse,5-15,0.06022746905635116,21,0.05931217972465815,MAP_SCADA,149,0.0009152893316930061
5,UPFC_tse,5-15,-2.152488046930867,21,-2.1341749635969207,MAP_SCADA,149,0.018313083333946434
0,x_tcsc,1-14,-0.1385780621689011,22,-0.13892526450872753,MAP_SCADA,149,0.00034720233982643567
1,B_svc,2,0.295866779953715,22,0.2967760944150117,MAP_SCADA,149,0.0009093144612966619
2,UPFC_Vsh,5-15,1.1060783732776556,22,1.1056299415067286,MAP_SCADA,149,0.0004484317709270158
3,UPFC_tsh,5-15,-0.22534572355539284,22,-0.22669776368492817,MAP_SCADA,149,0.0013520401295353257
4,UPFC_Vse,5-15,0.059450675865346955,22,0.05931217972465815,MAP_SCADA,149,0.00013849614068880273
5,UPFC_tse,5-15,-2.1468013562424364,22,-2.1341749635969207,MAP_SCADA,149,0.012626392645515683
0,x_tcsc,1-14,-0.1402901868998003,23,-0.13892526450872753,MAP_SCADA,149,0.001364922391072776
1,B_svc,2,0.28873643190744297,23,0.2967760944150117,MAP_SCADA,149,0.008039662507568712
2,UPFC_Vsh,5-15,1.104882461923429,23,1.1056299415067286,MAP_SCADA,149,0.0007474795832995706
3,UPFC_tsh,5-15,-0.2252051158164447,23,-0.22669776368492817,MAP_SCADA,149,0.0014926478684834654
4,UPFC_Vse,5-15,0.0602245918602625,23,0.05931217972465815,MAP_SCADA,149,0.0009124121356043485
5,UPFC_tse,5-15,-2.143819747526403,23,-2.1341749635969207,MAP_SCADA,149,0.009644783929482426
0,x_tcsc,1-14,-0.1392743045440156,24,-0.13892526450872753,MAP_SCADA,149,0.0003490400352880729
1,B_svc,2,0.29738585302713844,24,0.2967760944150117,MAP_SCADA,149,0.000609758612126754
2,UPFC_Vsh,5-15,1.1045794019361654,24,1.1056299415067286,MAP_SCADA,149,0.0010505395705631138
3,UPFC_tsh,5-15,-0.22649652881257448,24,-0.22669776368492817,MAP_SCADA,149,0.00020123487235368387
4,UPFC_Vse,5-15,0.060071837795885465,24,0.05931217972465815,MAP_SCADA,149,0.0007596580712273121
5,UPFC_tse,5-15,-2.1422016412545237,24,-2.1341749635969207,MAP_SCADA,149,0.00802667765760301
0,x_tcsc,1-14,-0.1377908231437233,25,-0.13892526450872753,MAP_SCADA,149,0.001134441365004235
1,B_svc,2,0.3061252413607257,25,0.2967760944150117,MAP_SCADA,149,0.009349146945714037
2,UPFC_Vsh,5-15,1.1034073057683083,25,1.1056299415067286,MAP_SCADA,149,0.0022226357384202977
3,UPFC_tsh,5-15,-0.22768260667530446,25,-0.22669776368492817,MAP_SCADA,149,0.0009848429903762945
4,UPFC_Vse,5-15,0.06020619773713513,25,0.05931217972465815,MAP_SCADA,149,0.0008940180124769742
5,UPFC_tse,5-15,-2.150180709765505,25,-2.1341749635969207,MAP_SCADA,149,0.01600574616858408
0,x_tcsc,1-14,-0.1385486551204919,26,-0.13892526450872753,MAP_SCADA,149,0.00037660938823563805
1,B_svc,2,0.300807778883365,26,0.2967760944150117,MAP_SCADA,149,0.004031684468353336
2,UPFC_Vsh,5-15,1.1039094048672455,26,1.1056299415067286,MAP_SCADA,149,0.0017205366394830168
3,UPFC_tsh,5-15,-0.2259080636694409,26,-0.22669776368492817,MAP_SCADA,149,0.0007897000154872547
4,UPFC_Vse,5-15,0.0608357430479533,26,0.05931217972465815,MAP_SCADA,149,0.0015235633232951462
5,UPFC_tse,5-15,-2.1503445282371287,26,-2.1341749635969207,MAP_SCADA,149,0.016169564640208023
0,x_tcsc,1-14,-0.13881034278722607,27,-0.13892526450872753,MAP_SCADA,149,0.00011492172150145974
1,B_svc,2,0.2914728599813028,27,0.2967760944150117,MAP_SCADA,149,0.005303234433708892
2,UPFC_Vsh,5-15,1.104849217491168,27,1.1056299415067286,MAP_SCADA,149,0.0007807240155606188
3,UPFC_tsh,5-15,-0.225308752946577,27,-0.22669776368492817,MAP_SCADA,149,0.001389010738351154
4,UPFC_Vse,5-15,0.06004084817340249,27,0.05931217972465815,MAP_SCADA,149,0.0007286684487443351
5,UPFC_tse,5-15,-2.148496938186742,27,-2.1341749635969207,MAP_SCADA,149,0.014321974589821096
0,x_tcsc,1-14,-0.13913273389529263,28,-0.13892526450872753,MAP_SCADA,149,0.00020746938656510117
1,B_svc,2,0.296591253501489,28,0.2967760944150117,MAP_SCADA,149,0.00018484091352266585
2,UPFC_Vsh,5-15,1.106067300145302,28,1.1056299415067286,MAP_SCADA,149,0.0004373586385735262
3,UPFC_tsh,5-15,-0.2247781884335331,28,-0.22669776368492817,MAP_SCADA,149,0.0019195752513950781
4,UPFC_Vse,5-15,0.060115046821960276,28,0.05931217972465815,MAP_SCADA,149,0.0008028670973021235
5,UPFC_tse,5-15,-2.143399854831133,28,-2.1341749635969207,MAP_SCADA,149,0.009224891234212329
0,x_tcsc,1-14,-0.13888452296679737,29,-0.13892526450872753,MAP_SCADA,149,4.074154193015045e-05
1,B_svc,2,0.2992698066686642,29,0.2967760944150117,MAP_SCADA,149,0.0024937122536525247
2,UPFC_Vsh,5-15,1.10514048130782,29,1.1056299415067286,MAP_SCADA,149,0.0004894601989084979
3,UPFC_tsh,5-15,-0.22565557417003165,29,-0.22669776368492817,MAP_SCADA,149,0.0010421895148965132
4,UPFC_Vse,5-15,0.05959903426723671,29,0.05931217972465815,MAP_SCADA,149,0.0002868545425785546
5,UPFC_tse,5-15,-2.1487909286896563,29,-2.1341749635969207,MAP_SCADA,149,0.01461596509273555
0,x_tcsc,1-14,-0.13966994289115525,30,-0.13892526450872753,MAP_SCADA,149,0.000744678382427727
1,B_svc,2,0.29765113418232697,30,0.2967760944150117,MAP_SCADA,149,0.0008750397673152888
2,UPFC_Vsh,5-15,1.1025388252883417,30,1.1056299415067286,MAP_SCADA,149,0.003091116218386869
3,UPFC_tsh,5-15,-0.22632311264655752,30,-0.22669776368492817,MAP_SCADA,149,0.0003746510383706436
4,UPFC_Vse,5-15,0.060273030760081885,30,0.05931217972465815,MAP_SCADA,149,0.0009608510354237321
5,UPFC_tse,5-15,-2.1470760271765768,30,-2.1341749635969207,MAP_SCADA,149,0.012901063579656036
0,x_tcsc,1-14,-0.1396459351331978,31,-0.13892526450872753,MAP_SCADA,149,0.0007206706244702876
1,B_svc,2,0.29859178983973,31,0.2967760944150117,MAP_SCADA,149,0.0018156954247183221
2,UPFC_Vsh,5-15,1.103772856341603,31,1.1056299415067286,MAP_SCADA,149,0.001857085165125616
3,UPFC_tsh,5-15,-0.22586435764479773,31,-0.22669776368492817,MAP_SCADA,149,0.0008334060401304355
4,UPFC_Vse,5-15,0.060196723858506794,31,0.05931217972465815,MAP_SCADA,149,0.0008845441338486415
5,UPFC_tse,5-15,-2.149224612485506,31,-2.1341749635969207,MAP_SCADA,149,0.015049648888585399
0,x_tcsc,1-14,-0.13746908066422436,32,-0.13892526450872753,MAP_SCADA,149,0.0014561838445031616
1,B_svc,2,0.3038280239187001,32,0.2967760944150117,MAP_SCADA,149,0.007051929503688437
2,UPFC_Vsh,5-15,1.103889255951134,32,1.1056299415067286,MAP_SCADA,149,0.00174068555559459
3,UPFC_tsh,5-15,-0.22775698399944186,32,-0.22669776368492817,MAP_SCADA,149,0.0010592203145136925
4,UPFC_Vse,5-15,0.06038293076645081,32,0.05931217972465815,MAP_SCADA,149,0.0010707510417926544
5,UPFC_tse,5-15,-2.1500529755168016,32,-2.1341749635969207,MAP_SCADA,149,0.01587801191988092
0,x_tcsc,1-14,-0.1407724381384244,33,-0.13892526450872753,MAP_SCADA,149,0.0018471736296968855
1,B_svc,2,0.29109702121632824,33,0.2967760944150117,MAP_SCADA,149,0.0056790731986834375
2,UPFC_Vsh,5-15,1.1061593864183283,33,1.1056299415067286,MAP_SCADA,149,0.0005294449115997857
3,UPFC_tsh,5-15,-0.22444767867505602,33,-0.22669776368492817,MAP_SCADA,149,0.0022500850098721437
4,UPFC_Vse,5-15,0.05977371883798552,33,0.05931217972465815,MAP_SCADA,149,0.00046153911332736525
5,UPFC_tse,5-15,-2.14828422550704,33,-2.1341749635969207,MAP_SCADA,149,0.014109261910119297
0,x_tcsc,1-14,-0.1396247852341707,34,-0.13892526450872753,MAP_SCADA,149,0.0006995207254431868
1,B_svc,2,0.29625064662459444,34,0.2967760944150117,MAP_SCADA,149,0.0005254477904172439
2,UPFC_Vsh,5-15,1.104409373734565,34,1.1056299415067286,MAP_SCADA,149,0.0012205677721635055
3,UPFC_tsh,5-15,-0.2260998187080884,34,-0.22669776368492817,MAP_SCADA,149,0.0005979449768397649
4,UPFC_Vse,5-15,0.060423493335265026,34,0.05931217972465815,MAP_SCADA,149,0.0011113136106068733
5,UPFC_tse,5-15,-2.148531035273312,34,-2.1341749635969207,MAP_SCADA,149,0.014356071676391302
0,x_tcsc,1-14,-0.13747071296096938,35,-0.13892526450872753,MAP_SCADA,149,0.0014545515477581428
1,B_svc,2,0.2970031945926777,35,0.2967760944150117,MAP_SCADA,149,0.00022710017766602864
2,UPFC_Vsh,5-15,1.1043141540277561,35,1.1056299415067286,MAP_SCADA,149,0.00131578747897243
3,UPFC_tsh,5-15,-0.22689694102156815,35,-0.22669776368492817,MAP_SCADA,149,0.0001991773366399885
4,UPFC_Vse,5-15,0.06012317071876644,35,0.05931217972465815,MAP_SCADA,149,0.0008109909941082863
5,UPFC_tse,5-15,-2.149481545118172,35,-2.1341749635969207,MAP_SCADA,149,0.015306581521251417
0,x_tcsc,1-14,-0.14022767642520453,36,-0.13892526450872753,MAP_SCADA,149,0.0013024119164770087
1,B_svc,2,0.2945503832650932,36,0.2967760944150117,MAP_SCADA,149,0.0022257111499184856
2,UPFC_Vsh,5-15,1.1042972523376584,36,1.1056299415067286,MAP_SCADA,149,0.0013326891690701448
3,UPFC_tsh,5-15,-0.22502397668760352,36,-0.22669776368492817,MAP_SCADA,149,0.00167378699732465
4,UPFC_Vse,5-15,0.05990084617611401,36,0.05931217972465815,MAP_SCADA,149,0.0005886664514558604
5,UPFC_tse,5-15,-2.145775581524078,36,-2.1341749635969207,MAP_SCADA,149,0.011600617927157497
0,x_tcsc,1-14,-0.13930864788106107,37,-0.13892526450872753,MAP_SCADA,149,0.00038338337233354003
1,B_svc,2,0.2985366169832528,37,0.2967760944150117,MAP_SCADA,149,0.0017605225682411074
2,UPFC_Vsh,5-15,1.1055109564919188,37,1.1056299415067286,MAP_SCADA,149,0.00011898501480978041
3,UPFC_tsh,5-15,-0.22576395725073525,37,-0.22669776368492817,MAP_SCADA,149,0.0009338064341929131
4,UPFC_Vse,5-15,0.05957450635499889,37,0.05931217972465815,MAP_SCADA,149,0.00026232663034073816
5,UPFC_tse,5-15,-2.1485789670072792,37,-2.1341749635969207,MAP_SCADA,149,0.014404003410358523
0,x_tcsc,1-14,-0.13876399333863584,38,-0.13892526450872753,MAP_SCADA,149,0.00016127117009168135
1,B_svc,2,0.29775285732011453,38,0.2967760944150117,MAP_SCADA,149,0.000976762905102846
2,UPFC_Vsh,5-15,1.104689520361175,38,1.1056299415067286,MAP_SCADA,149,0.0009404211455534828
3,UPFC_tsh,5-15,-0.22595945019195673,38,-0.22669776368492817,MAP_SCADA,149,0.0007383134929714319
4,UPFC_Vse,5-15,0.060351667486153455,38,0.05931217972465815,MAP_SCADA,149,0.001039487761495303
5,UPFC_tse,5-15,-2.1462755904313355,38,-2.1341749635969207,MAP_SCADA,149,0.012100626834414818
0,x_tcsc,1-14,-0.13888872058816598,39,-0.13892526450872753,MAP_SCADA,149,3.654392056154365e-05
1,B_svc,2,0.30026952731217943,39,0.2967760944150117,MAP_SCADA,149,0.0034934328971677475
2,UPFC_Vsh,5-15,1.1035081667959006,39,1.1056299415067286,MAP_SCADA,149,0.0021217747108279728
3,UPFC_tsh,5-15,-0.22685329721329714,39,-0.22669776368492817,MAP_SCADA,149,0.00015553352836897294
4,UPFC_Vse,5-15,0.060193805382303366,39,0.05931217972465815,MAP_SCADA,149,0.0008816256576452131
5,UPFC_tse,5-15,-2.1480449289464985,39,-2.1341749635969207,MAP_SCADA,149,0.01386996534957774
0,x_tcsc,1-14,-0.1380881425081221,40,-0.13892526450872753,MAP_SCADA,149,0.0008371220006054281
1,B_svc,2,0.305150873703634,40,0.2967760944150117,MAP_SCADA,149,0.008374779288622292
2,UPFC_Vsh,5-15,1.1010648603053346,40,1.1056299415067286,MAP_SCADA,149,0.0045650812013939834
3,UPFC_tsh,5-15,-0.2285433630113417,40,-0.22669776368492817,MAP_SCADA,149,0.0018455993264135384
4,UPFC_Vse,5-15,0.06086204016250076,40,0.05931217972465815,MAP_SCADA,149,0.0015498604378426095
5,UPFC_tse,5-15,-2.148631665556464,40,-2.1341749635969207,MAP_SCADA,149,0.014456701959543405
0,x_tcsc,1-14,-0.1387186169873437,41,-0.13892526450872753,MAP_SCADA,149,0.00020664752138382925
1,B_svc,2,0.29322018540771627,41,0.2967760944150117,MAP_SCADA,149,0.0035559090072954103
2,UPFC_Vsh,5-15,1.1038591215574631,41,1.1056299415067286,MAP_SCADA,149,0.001770819949265423
3,UPFC_tsh,5-15,-0.22602840755094478,41,-0.22669776368492817,MAP_SCADA,149,0.0006693561339833898
4,UPFC_Vse,5-15,0.060643180625298665,41,0.05931217972465815,MAP_SCADA,149,0.0013310009006405124
5,UPFC_tse,5-15,-2.1511423510924637,41,-2.1341749635969207,MAP_SCADA,149,0.01696738749554294
0,x_tcsc,1-14,-0.1399054585652153,42,-0.13892526450872753,MAP_SCADA,149,0.0009801940564877765
1,B_svc,2,0.29691859176243846,42,0.2967760944150117,MAP_SCADA,149,0.00014249734742677322
2,UPFC_Vsh,5-15,1.1044028256050389,42,1.1056299415067286,MAP_SCADA,149,0.0012271159016896682
3,UPFC_tsh,5-15,-0.2256305853352938,42,-0.22669776368492817,MAP_SCADA,149,0.001067178349634379
4,UPFC_Vse,5-15,0.060075035419874336,42,0.05931217972465815,MAP_SCADA,149,0.000762855695216183
5,UPFC_tse,5-15,-2.144996823734121,42,-2.1341749635969207,MAP_SCADA,149,0.010821860137200101
0,x_tcsc,1-14,-0.13845023221293154,43,-0.13892526450872753,MAP_SCADA,149,0.00047503229579598516
1,B_svc,2,0.2982945498498663,43,0.2967760944150117,MAP_SCADA,149,0.0015184554348546264
2,UPFC_Vsh,5-15,1.1058482160010459,43,1.1056299415067286,MAP_SCADA,149,0.0002182744943173276
3,UPFC_tsh,5-15,-0.2259417019098907,43,-0.22669776368492817,MAP_SCADA,149,0.0007560617750374532
4,UPFC_Vse,5-15,0.0596267769348247,43,0.05931217972465815,MAP_SCADA,149,0.0003145972101665506
5,UPFC_tse,5-15,-2.1476228475067285,43,-2.1341749635969207,MAP_SCADA,149,0.013447883909807778
0,x_tcsc,1-14,-0.139811517951264,44,-0.13892526450872753,MAP_SCADA,149,0.0008862534425364832
1,B_svc,2,0.29671087376323174,44,0.2967760944150117,MAP_SCADA,149,6.52206517799403e-05
2,UPFC_Vsh,5-15,1.1028977831949425,44,1.1056299415067286,MAP_SCADA,149,0.0027321583117860815
3,UPFC_tsh,5-15,-0.22646896973694672,44,-0.22669776368492817,MAP_SCADA,149,0.00022879394798144825
4,UPFC_Vse,5-15,0.06049594237847763,44,0.05931217972465815,MAP_SCADA,149,0.0011837626538194757
5,UPFC_tse,5-15,-2.1480555669771535,44,-2.1341749635969207,MAP_SCADA,149,0.013880603380232781
0,x_tcsc,1-14,-0.14052857428117096,45,-0.13892526450872753,MAP_SCADA,149,0.0016033097724434398
1,B_svc,2,0.29656433459849,45,0.2967760944150117,MAP_SCADA,149,0.00021175981652166165
2,UPFC_Vsh,5-15,1.105353337485876,45,1.1056299415067286,MAP_SCADA,149,0.00027660402085261104
3,UPFC_tsh,5-15,-0.2250383220991583,45,-0.22669776368492817,MAP_SCADA,149,0.0016594415857698608
4,UPFC_Vse,5-15,0.05983092960988044,45,0.05931217972465815,MAP_SCADA,149,0.0005187498852222902
5,UPFC_tse,5-15,-2.1495930852050207,45,-2.1341749635969207,MAP_SCADA,149,0.015418121608099966
0,x_tcsc,1-14,-0.13895079535319532,46,-0.13892526450872753,MAP_SCADA,149,2.5530844467797076e-05
1,B_svc,2,0.2964461038118466,46,0.2967760944150117,MAP_SCADA,149,0.00032999060316507567
2,UPFC_Vsh,5-15,1.1048489870248948,46,1.1056299415067286,MAP_SCADA,149,0.0007809544818337955
3,UPFC_tsh,5-15,-0.22489720469760976,46,-0.22669776368492817,MAP_SCADA,149,0.0018005589873184014
4,UPFC_Vse,5-15,0.06055886878461661,46,0.05931217972465815,MAP_SCADA,149,0.001246689059958457
5,UPFC_tse,5-15,-2.143860217935244,46,-2.1341749635969207,MAP_SCADA,149,0.009685254338323457
0,x_tcsc,1-14,-0.13913388965149576,47,-0.13892526450872753,MAP_SCADA,149,0.00020862514276823174
1,B_svc,2,0.2984715848952935,47,0.2967760944150117,MAP_SCADA,149,0.001695490480281836
2,UPFC_Vsh,5-15,1.103504153241162,47,1.1056299415067286,MAP_SCADA,149,0.0021257882655665306
3,UPFC_tsh,5-15,-0.22569345557829593,47,-0.22669776368492817,MAP_SCADA,149,0.0010043081066322401
4,UPFC_Vse,5-15,0.0599048945666807,47,0.05931217972465815,MAP_SCADA,149,0.00059271484202255
5,UPFC_tse,5-15,-2.147264956699322,47,-2.1341749635969207,MAP_SCADA,149,0.01308999310240111
0,x_tcsc,1-14,-0.1388308665670919,48,-0.13892526450872753,MAP_SCADA,149,9.439794163562665e-05
1,B_svc,2,0.2980432939421639,48,0.2967760944150117,MAP_SCADA,149,0.0012671995271522074
2,UPFC_Vsh,5-15,1.1046129074545643,48,1.1056299415067286,MAP_SCADA,149,0.0010170340521642451
3,UPFC_tsh,5-15,-0.22600620862937293,48,-0.22669776368492817,MAP_SCADA,149,0.0006915550555552374
4,UPFC_Vse,5-15,0.059986161692255846,48,0.05931217972465815,MAP_SCADA,149,0.0006739819675976935
5,UPFC_tse,5-15,-2.1500646836679387,48,-2.1341749635969207,MAP_SCADA,149,0.015889720071017965
0,x_tcsc,1-14,-0.13678999882709117,49,-0.13892526450872753,MAP_SCADA,149,0.0021352656816363558
1,B_svc,2,0.3048122495750491,49,0.2967760944150117,MAP_SCADA,149,0.008036155160037417
2,UPFC_Vsh,5-15,1.1028142767271474,49,1.1056299415067286,MAP_SCADA,149,0.002815664779581173
3,UPFC_tsh,5-15,-0.22789640504364608,49,-0.22669776368492817,MAP_SCADA,149,0.0011986413587179168
4,UPFC_Vse,5-15,0.06019102860432917,49,0.05931217972465815,MAP_SCADA,149,0.0008788488796710181
5,UPFC_tse,5-15,-2.1502166423072926,49,-2.1341749635969207,MAP_SCADA,149,0.016041678710371876
0,x_tcsc,1-14,-0.13844327078259241,50,-0.13892526450872753,MAP_SCADA,149,0.0004819937261351104
1,B_svc,2,0.296185019327285,50,0.2967760944150117,MAP_SCADA,149,0.0005910750877266557
2,UPFC_Vsh,5-15,1.103699644975238,50,1.1056299415067286,MAP_SCADA,149,0.0019302965314904608
3,UPFC_tsh,5-15,-0.22623525675338108,50,-0.22669776368492817,MAP_SCADA,149,0.0004625069315470909
4,UPFC_Vse,5-15,0.060455226854863514,50,0.05931217972465815,MAP_SCADA,149,0.0011430471302053616
5,UPFC_tse,5-15,-2.147736097903853,50,-2.1341749635969207,MAP_SCADA,149,0.013561134306932399
0,x_tcsc,1-14,-0.13932493877968363,51,-0.13892526450872753,MAP_SCADA,149,0.0003996742709561074
1,B_svc,2,0.29545982958944195,51,0.2967760944150117,MAP_SCADA,149,0.0013162648255697351
2,UPFC_Vsh,5-15,1.1041996971003738,51,1.1056299415067286,MAP_SCADA,149,0.0014302444063547526
3,UPFC_tsh,5-15,-0.2259362461468297,51,-0.22669776368492817,MAP_SCADA,149,0.0007615175380984718
4,UPFC_Vse,5-15,0.060608605431686384,51,0.05931217972465815,MAP_SCADA,149,0.0012964257070282315
5,UPFC_tse,5-15,-2.147654032566646,51,-2.1341749635969207,MAP_SCADA,149,0.013479068969725283
0,x_tcsc,1-14,-0.13877429196352978,52,-0.13892526450872753,MAP_SCADA,149,0.00015097254519774728
1,B_svc,2,0.2955519365557847,52,0.2967760944150117,MAP_SCADA,149,0.0012241578592269708
2,UPFC_Vsh,5-15,1.103401285053523,52,1.1056299415067286,MAP_SCADA,149,0.0022286564532054687
3,UPFC_tsh,5-15,-0.2256970092293021,52,-0.22669776368492817,MAP_SCADA,149,0.0010007544556260572
4,UPFC_Vse,5-15,0.060037529394786515,52,0.05931217972465815,MAP_SCADA,149,0.0007253496701283627
5,UPFC_tse,5-15,-2.1502566117296222,52,-2.1341749635969207,MAP_SCADA,149,0.01608164813270152
0,x_tcsc,1-14,-0.13719206890746846,53,-0.13892526450872753,MAP_SCADA,149,0.0017331956012590632
1,B_svc,2,0.2997239554174644,53,0.2967760944150117,MAP_SCADA,149,0.0029478610024527008
2,UPFC_Vsh,5-15,1.1040769980954428,53,1.1056299415067286,MAP_SCADA,149,0.0015529434112857565
3,UPFC_tsh,5-15,-0.22720083749051107,53,-0.22669776368492817,MAP_SCADA,149,0.0005030738055828987
4,UPFC_Vse,5-15,0.06010456096434186,53,0.05931217972465815,MAP_SCADA,149,0.0007923812396837052
5,UPFC_tse,5-15,-2.1545612967427794,53,-2.1341749635969207,MAP_SCADA,149,0.020386333145858693
0,x_tcsc,1-14,-0.13798824104664212,54,-0.13892526450872753,MAP_SCADA,149,0.0009370234620854068
1,B_svc,2,0.30227977719608706,54,0.2967760944150117,MAP_SCADA,149,0.005503682781075381
2,UPFC_Vsh,5-15,1.103186529193495,54,1.1056299415067286,MAP_SCADA,149,0.0024434123132335284
3,UPFC_tsh,5-15,-0.22683808163686253,54,-0.22669776368492817,MAP_SCADA,149,0.00014031795193436558
4,UPFC_Vse,5-15,0.06059927539276227,54,0.05931217972465815,MAP_SCADA,149,0.0012870956681041157
5,UPFC_tse,5-15,-2.1470201328700975,54,-2.1341749635969207,MAP_SCADA,149,0.012845169273176804
0,x_tcsc,1-14,-0.13861819969654465,55,-0.13892526450872753,MAP_SCADA,149,0.0003070648121828723
1,B_svc,2,0.2982281439530429,55,0.2967760944150117,MAP_SCADA,149,0.0014520495380312415
2,UPFC_Vsh,5-15,1.1062975037791578,55,1.1056299415067286,MAP_SCADA,149,0.0006675622724292563
3,UPFC_tsh,5-15,-0.2256201950046325,55,-0.22669776368492817,MAP_SCADA,149,0.0010775686802956541
4,UPFC_Vse,5-15,0.06010544691893832,55,0.05931217972465815,MAP_SCADA,149,0.0007932671942801686
5,UPFC_tse,5-15,-2.1486231597502226,55,-2.1341749635969207,MAP_SCADA,149,0.01444819615330184
0,x_tcsc,1-14,-0.13821983146765665,56,-0.13892526450872753,MAP_SCADA,149,0.0007054330410708742
1,B_svc,2,0.3011376864684205,56,0.2967760944150117,MAP_SCADA,149,0.004361592053408803
2,UPFC_Vsh,5-15,1.104502511352792,56,1.1056299415067286,MAP_SCADA,149,0.0011274301539365705
3,UPFC_tsh,5-15,-0.22690992863944798,56,-0.22669776368492817,MAP_SCADA,149,0.0002121649545198112
4,UPFC_Vse,5-15,0.06015288344386399,56,0.05931217972465815,MAP_SCADA,149,0.0008407037192058389
5,UPFC_tse,5-15,-2.145879885001655,56,-2.1341749635969207,MAP_SCADA,149,0.011704921404734225
0,x_tcsc,1-14,-0.13767132395109832,57,-0.13892526450872753,MAP_SCADA,149,0.0012539405576292018
1,B_svc,2,0.29706997285255465,57,0.2967760944150117,MAP_SCADA,149,0.0002938784375429715
2,UPFC_Vsh,5-15,1.1075096933847748,57,1.1056299415067286,MAP_SCADA,149,0.001879751878046232
3,UPFC_tsh,5-15,-0.22571755461786697,57,-0.22669776368492817,MAP_SCADA,149,0.0009802090670611996
4,UPFC_Vse,5-15,0.05995041538130148,57,0.05931217972465815,MAP_SCADA,149,0.0006382356566433309
5,UPFC_tse,5-15,-2.1442045134949352,57,-2.1341749635969207,MAP_SCADA,149,0.010029549898014523
0,x_tcsc,1-14,-0.14025304881818126,58,-0.13892526450872753,MAP_SCADA,149,0.001327784309453739
1,B_svc,2,0.2943751922505254,58,0.2967760944150117,MAP_SCADA,149,0.002400902164486296
2,UPFC_Vsh,5-15,1.1043382438971199,58,1.1056299415067286,MAP_SCADA,149,0.0012916976096086774
3,UPFC_tsh,5-15,-0.22596942597343528,58,-0.22669776368492817,MAP_SCADA,149,0.000728337711492888
4,UPFC_Vse,5-15,0.05989844619524658,58,0.05931217972465815,MAP_SCADA,149,0.0005862664705884243
5,UPFC_tse,5-15,-2.150392797073834,58,-2.1341749635969207,MAP_SCADA,149,0.016217833476913412
0,x_tcsc,1-14,-0.13948574348694037,59,-0.13892526450872753,MAP_SCADA,149,0.0005604789782128472
1,B_svc,2,0.29361040067047306,59,0.2967760944150117,MAP_SCADA,149,0.0031656937445386224
2,UPFC_Vsh,5-15,1.1024436446396637,59,1.1056299415067286,MAP_SCADA,149,0.0031862968670648417
3,UPFC_tsh,5-15,-0.2260962852316475,59,-0.22669776368492817,MAP_SCADA,149,0.0006014784532806794
4,UPFC_Vse,5-15,0.0603760348307006,59,0.05931217972465815,MAP_SCADA,149,0.001063855106042448
5,UPFC_tse,5-15,-2.153027024774551,59,-2.1341749635969207,MAP_SCADA,149,0.018852061177630386
0,x_tcsc,1-14,-0.13734548040088565,60,-0.13892526450872753,MAP_SCADA,149,0.001579784107841875
1,B_svc,2,0.3050931327260433,60,0.2967760944150117,MAP_SCADA,149,0.008317038311031644
2,UPFC_Vsh,5-15,1.1024510869435684,60,1.1056299415067286,MAP_SCADA,149,0.0031788545631601384
3,UPFC_tsh,5-15,-0.22792302563646952,60,-0.22669776368492817,MAP_SCADA,149,0.001225261951541351
4,UPFC_Vse,5-15,0.05994697426279195,60,0.05931217972465815,MAP_SCADA,149,0.0006347945381337955
5,UPFC_tse,5-15,-2.1533501829787167,60,-2.1341749635969207,MAP_SCADA,149,0.019175219381796005
0,x_tcsc,1-14,-0.13962038629562434,61,-0.13892526450872753,MAP_SCADA,149,0.0006951217868968185
1,B_svc,2,0.2962995497542139,61,0.2967760944150117,MAP_SCADA,149,0.000476544660797773
2,UPFC_Vsh,5-15,1.1029814234863042,61,1.1056299415067286,MAP_SCADA,149,0.0026485180204243175
3,UPFC_tsh,5-15,-0.22586234776028932,61,-0.22669776368492817,MAP_SCADA,149,0.0008354159246388437
4,UPFC_Vse,5-15,0.06022765102223543,61,0.05931217972465815,MAP_SCADA,149,0.0009154712975772764
5,UPFC_tse,5-15,-2.1501775445709037,61,-2.1341749635969207,MAP_SCADA,149,0.016002580973982994
0,x_tcsc,1-14,-0.1395880404530107,62,-0.13892526450872753,MAP_SCADA,149,0.0006627759442831838
1,B_svc,2,0.29959101759192003,62,0.2967760944150117,MAP_SCADA,149,0.002814923176908346
2,UPFC_Vsh,5-15,1.1049893981731653,62,1.1056299415067286,MAP_SCADA,149,0.000640543333563226
3,UPFC_tsh,5-15,-0.2262864238321893,62,-0.22669776368492817,MAP_SCADA,149,0.0004113398527388623
4,UPFC_Vse,5-15,0.0599799436649154,62,0.05931217972465815,MAP_SCADA,149,0.0006677639402572488
5,UPFC_tse,5-15,-2.1470839299587956,62,-2.1341749635969207,MAP_SCADA,149,0.012908966361874885
0,x_tcsc,1-14,-0.13819293186036755,63,-0.13892526450872753,MAP_SCADA,149,0.000732332648359979
1,B_svc,2,0.2947934783829856,63,0.2967760944150117,MAP_SCADA,149,0.0019826160320260966
2,UPFC_Vsh,5-15,1.105386686753126,63,1.1056299415067286,MAP_SCADA,149,0.0002432547536026508
3,UPFC_tsh,5-15,-0.226096774621023,63,-0.22669776368492817,MAP_SCADA,149,0.0006009890639051552
4,UPFC_Vse,5-15,0.06026503639942282,63,0.05931217972465815,MAP_SCADA,149,0.0009528566747646697
5,UPFC_tse,5-15,-2.1446743398568286,63,-2.1341749635969207,MAP_SCADA,149,0.010499376259907933
0,x_tcsc,1-14,-0.13921022468365188,64,-0.13892526450872753,MAP_SCADA,149,0.00028496017492435355
1,B_svc,2,0.30291283652156065,64,0.2967760944150117,MAP_SCADA,149,0.006136742106548965
2,UPFC_Vsh,5-15,1.1017025311267963,64,1.1056299415067286,MAP_SCADA,149,0.003927410379932272
3,UPFC_tsh,5-15,-0.22647964204765078,64,-0.22669776368492817,MAP_SCADA,149,0.00021812163727738532
4,UPFC_Vse,5-15,0.06037988534906229,64,0.05931217972465815,MAP_SCADA,149,0.0010677056244041347
5,UPFC_tse,5-15,-2.1467661078239084,64,-2.1341749635969207,MAP_SCADA,149,0.012591144226987705
0,x_tcsc,1-14,-0.13754706013970006,65,-0.13892526450872753,MAP_SCADA,149,0.0013782043690274692
1,B_svc,2,0.3033542225314747,65,0.2967760944150117,MAP_SCADA,149,0.006578128116463022
2,UPFC_Vsh,5-15,1.102491949482756,65,1.1056299415067286,MAP_SCADA,149,0.003137992023972469
3,UPFC_tsh,5-15,-0.22779893595847883,65,-0.22669776368492817,MAP_SCADA,149,0.0011011722735506657
4,UPFC_Vse,5-15,0.060129879626394565,65,0.05931217972465815,MAP_SCADA,149,0.0008176999017364128
5,UPFC_tse,5-15,-2.151886632505937,65,-2.1341749635969207,MAP_SCADA,149,0.01771166890901643
0,x_tcsc,1-14,-0.13851879659942265,66,-0.13892526450872753,MAP_SCADA,149,0.0004064679093048751
1,B_svc,2,0.30098243833297045,66,0.2967760944150117,MAP_SCADA,149,0.004206343917958766
2,UPFC_Vsh,5-15,1.1037986787727152,66,1.1056299415067286,MAP_SCADA,149,0.0018312627340133503
3,UPFC_tsh,5-15,-0.2266876249058762,66,-0.22669776368492817,MAP_SCADA,149,1.0138779051954705e-05
4,UPFC_Vse,5-15,0.059659010943204104,66,0.05931217972465815,MAP_SCADA,149,0.000346831218545951
5,UPFC_tse,5-15,-2.145454356885726,66,-2.1341749635969207,MAP_SCADA,149,0.011279393288805117
0,x_tcsc,1-14,-0.13891729932627214,67,-0.13892526450872753,MAP_SCADA,149,7.965182455382802e-06
1,B_svc,2,0.29894763571785266,67,0.2967760944150117,MAP_SCADA,149,0.0021715413028409736
2,UPFC_Vsh,5-15,1.1052742411757022,67,1.1056299415067286,MAP_SCADA,149,0.0003557003310263873
3,UPFC_tsh,5-15,-0.22678710475996916,67,-0.22669776368492817,MAP_SCADA,149,8.934107504099398e-05
4,UPFC_Vse,5-15,0.06021758539380588,67,0.05931217972465815,MAP_SCADA,149,0.0009054056691477283
5,UPFC_tse,5-15,-2.1460217532626857,67,-2.1341749635969207,MAP_SCADA,149,0.011846789665765023
0,x_tcsc,1-14,-0.1400113610368814,68,-0.13892526450872753,MAP_SCADA,149,0.0010860965281538626
1,B_svc,2,0.2886082954586116,68,0.2967760944150117,MAP_SCADA,149,0.008167798956400074
2,UPFC_Vsh,5-15,1.1086243994812912,68,1.1056299415067286,MAP_SCADA,149,0.0029944579745626587
3,UPFC_tsh,5-15,-0.22463470542028693,68,-0.22669776368492817,MAP_SCADA,149,0.002063058264641232
4,UPFC_Vse,5-15,0.05987369804048943,68,0.05931217972465815,MAP_SCADA,149,0.0005615183158312748
5,UPFC_tse,5-15,-2.1449589252236083,68,-2.1341749635969207,MAP_SCADA,149,0.0107839616266876
0,x_tcsc,1-14,-0.1391771725391201,69,-0.13892526450872753,MAP_SCADA,149,0.0002519080303925725
1,B_svc,2,0.2949481090376491,69,0.2967760944150117,MAP_SCADA,149,0.001827985377362562
2,UPFC_Vsh,5-15,1.1044387529335438,69,1.1056299415067286,MAP_SCADA,149,0.001191188573184787
3,UPFC_tsh,5-15,-0.2255383734968782,69,-0.22669776368492817,MAP_SCADA,149,0.0011593901880499746
4,UPFC_Vse,5-15,0.06053740626463348,69,0.05931217972465815,MAP_SCADA,149,0.0012252265399753243
5,UPFC_tse,5-15,-2.147341439047312,69,-2.1341749635969207,MAP_SCADA,149,0.013166475450391069
0,x_tcsc,1-14,-0.14030892296009884,70,-0.13892526450872753,MAP_SCADA,149,0.0013836584513713113
1,B_svc,2,0.28916581192604307,70,0.2967760944150117,MAP_SCADA,149,0.007610282488968612
2,UPFC_Vsh,5-15,1.105617684280865,70,1.1056299415067286,MAP_SCADA,149,1.2257225863621102e-05
3,UPFC_tsh,5-15,-0.22463776111187436,70,-0.22669776368492817,MAP_SCADA,149,0.002060002573053804
4,UPFC_Vse,5-15,0.05922766099819131,70,0.05931217972465815,MAP_SCADA,149,8.451872646684372e-05
5,UPFC_tse,5-15,-2.146793521944589,70,-2.1341749635969207,MAP_SCADA,149,0.01261855834766834
0,x_tcsc,1-14,-0.13912161106384616,71,-0.13892526450872753,MAP_SCADA,149,0.00019634655511863164
1,B_svc,2,0.29390301176538924,71,0.2967760944150117,MAP_SCADA,149,0.002873082649622438
2,UPFC_Vsh,5-15,1.1066642973847154,71,1.1056299415067286,MAP_SCADA,149,0.0010343558779868367
3,UPFC_tsh,5-15,-0.225605363251747,71,-0.22669776368492817,MAP_SCADA,149,0.0010924004331811787
4,UPFC_Vse,5-15,0.05939111103551805,71,0.05931217972465815,MAP_SCADA,149,7.893131085989769e-05
5,UPFC_tse,5-15,-2.1477863279580256,71,-2.1341749635969207,MAP_SCADA,149,0.013611364361104883
0,x_tcsc,1-14,-0.14056060725207833,72,-0.13892526450872753,MAP_SCADA,149,0.0016353427433508094
1,B_svc,2,0.2905575884448555,72,0.2967760944150117,MAP_SCADA,149,0.006218505970156163
2,UPFC_Vsh,5-15,1.1041119417122978,72,1.1056299415067286,MAP_SCADA,149,0.001517999794430791
3,UPFC_tsh,5-15,-0.22535657625741115,72,-0.22669776368492817,MAP_SCADA,149,0.0013411874275170155
4,UPFC_Vse,5-15,0.060107674310286366,72,0.05931217972465815,MAP_SCADA,149,0.0007954945856282133
5,UPFC_tse,5-15,-2.1468883355909685,72,-2.1341749635969207,MAP_SCADA,149,0.012713371994047762
0,x_tcsc,1-14,-0.1388155879410626,73,-0.13892526450872753,MAP_SCADA,149,0.00010967656766491807
1,B_svc,2,0.2955615078968038,73,0.2967760944150117,MAP_SCADA,149,0.001214586518207883
2,UPFC_Vsh,5-15,1.105298350292251,73,1.1056299415067286,MAP_SCADA,149,0.00033159121447745576
3,UPFC_tsh,5-15,-0.22593649996615559,73,-0.22669776368492817,MAP_SCADA,149,0.0007612637187725813
4,UPFC_Vse,5-15,0.05985474709110416,73,0.05931217972465815,MAP_SCADA,149,0.0005425673664460062
5,UPFC_tse,5-15,-2.1511679849735295,73,-2.1341749635969207,MAP_SCADA,149,0.01699302137660874
0,x_tcsc,1-14,-0.1398233764460126,74,-0.13892526450872753,MAP_SCADA,149,0.0008981119372850621
1,B_svc,2,0.2954338977334575,74,0.2967760944150117,MAP_SCADA,149,0.0013421966815541642
2,UPFC_Vsh,5-15,1.1071480139212553,74,1.1056299415067286,MAP_SCADA,149,0.0015180724145267277
3,UPFC_tsh,5-15,-0.22453926962252754,74,-0.22669776368492817,MAP_SCADA,149,0.0021584940624006232
4,UPFC_Vse,5-15,0.060687580449417494,74,0.05931217972465815,MAP_SCADA,149,0.0013754007247593417
5,UPFC_tse,5-15,-2.14433718069863,74,-2.1341749635969207,MAP_SCADA,149,0.010162217101709281
0,x_tcsc,1-14,-0.13985189874829726,75,-0.13892526450872753,MAP_SCADA,149,0.0009266342395697347
1,B_svc,2,0.29688805571872745,75,0.2967760944150117,MAP_SCADA,149,0.00011196130371576851
2,UPFC_Vsh,5-15,1.1046618916641544,75,1.1056299415067286,MAP_SCADA,149,0.0009680498425741479
3,UPFC_tsh,5-15,-0.22601035217733573,75,-0.22669776368492817,MAP_SCADA,149,0.0006874115075924392
4,UPFC_Vse,5-15,0.06080895520400906,75,0.05931217972465815,MAP_SCADA,149,0.001496775479350905
5,UPFC_tse,5-15,-2.1404242421104898,75,-2.1341749635969207,MAP_SCADA,149,0.006249278513569045
0,x_tcsc,1-14,-0.13957144471102523,76,-0.13892526450872753,MAP_SCADA,149,0.0006461802022977026
1,B_svc,2,0.2923765380368501,76,0.2967760944150117,MAP_SCADA,149,0.004399556378161584
2,UPFC_Vsh,5-15,1.1054871009105336,76,1.1056299415067286,MAP_SCADA,149,0.0001428405961949597
3,UPFC_tsh,5-15,-0.22482937095352573,76,-0.22669776368492817,MAP_SCADA,149,0.0018683927314024351
4,UPFC_Vse,5-15,0.06030011511679539,76,0.05931217972465815,MAP_SCADA,149,0.0009879353921372347
5,UPFC_tse,5-15,-2.1476767706995723,76,-2.1341749635969207,MAP_SCADA,149,0.013501807102651586
0,x_tcsc,1-14,-0.13862326408102932,77,-0.13892526450872753,MAP_SCADA,149,0.0003020004276982069
1,B_svc,2,0.297354900166559,77,0.2967760944150117,MAP_SCADA,149,0.0005788057515473399
2,UPFC_Vsh,5-15,1.1047507912466037,77,1.1056299415067286,MAP_SCADA,149,0.0008791502601248613
3,UPFC_tsh,5-15,-0.22604008379772728,77,-0.22669776368492817,MAP_SCADA,149,0.0006576798872008904
4,UPFC_Vse,5-15,0.05988669983780915,77,0.05931217972465815,MAP_SCADA,149,0.0005745201131509975
5,UPFC_tse,5-15,-2.149920976773672,77,-2.1341749635969207,MAP_SCADA,149,0.015746013176751283
0,x_tcsc,1-14,-0.14014173897371188,78,-0.13892526450872753,MAP_SCADA,149,0.0012164744649843517
1,B_svc,2,0.29808804198602606,78,0.2967760944150117,MAP_SCADA,149,0.0013119475710143824
2,UPFC_Vsh,5-15,1.1020250874796236,78,1.1056299415067286,MAP_SCADA,149,0.0036048540271049756
3,UPFC_tsh,5-15,-0.22709406986485264,78,-0.22669776368492817,MAP_SCADA,149,0.00039630617992447714
4,UPFC_Vse,5-15,0.06038098624706862,78,0.05931217972465815,MAP_SCADA,149,0.0010688065224104676
5,UPFC_tse,5-15,-2.147555642474961,78,-2.1341749635969207,MAP_SCADA,149,0.013380678878040175
0,x_tcsc,1-14,-0.138494991935145,79,-0.13892526450872753,MAP_SCADA,149,0.00043027257358252413
1,B_svc,2,0.29935793585946774,79,0.2967760944150117,MAP_SCADA,149,0.0025818414444560567
2,UPFC_Vsh,5-15,1.1044861845431309,79,1.1056299415067286,MAP_SCADA,149,0.0011437569635976974
3,UPFC_tsh,5-15,-0.2267156972470802,79,-0.22669776368492817,MAP_SCADA,149,1.793356215204489e-05
4,UPFC_Vse,5-15,0.06014279391207925,79,0.05931217972465815,MAP_SCADA,149,0.0008306141874210998
5,UPFC_tse,5-15,-2.148430129095994,79,-2.1341749635969207,MAP_SCADA,149,0.014255165499073463
0,x_tcsc,1-14,-0.13850198239680195,80,-0.13892526450872753,MAP_SCADA,149,0.00042328211192557696
1,B_svc,2,0.2949269015440459,80,0.2967760944150117,MAP_SCADA,149,0.001849192870965799
2,UPFC_Vsh,5-15,1.1046154754089028,80,1.1056299415067286,MAP_SCADA,149,0.0010144660978257392
3,UPFC_tsh,5-15,-0.22601633684968597,80,-0.22669776368492817,MAP_SCADA,149,0.0006814268352421937
4,UPFC_Vse,5-15,0.05995997222132473,80,0.05931217972465815,MAP_SCADA,149,0.0006477924966665771
5,UPFC_tse,5-15,-2.151054139576775,80,-2.1341749635969207,MAP_SCADA,149,0.01687917597985411
0,x_tcsc,1-14,-0.13966617912573293,81,-0.13892526450872753,MAP_SCADA,149,0.0007409146170054004
1,B_svc,2,0.29315893366360213,81,0.2967760944150117,MAP_SCADA,149,0.003617160751409554
2,UPFC_Vsh,5-15,1.1060385957878638,81,1.1056299415067286,MAP_SCADA,149,0.0004086542811352345
3,UPFC_tsh,5-15,-0.22521413775523438,81,-0.22669776368492817,MAP_SCADA,149,0.0014836259296937826
4,UPFC_Vse,5-15,0.060315117957685425,81,0.05931217972465815,MAP_SCADA,149,0.001002938233027273
5,UPFC_tse,5-15,-2.139918566642995,81,-2.1341749635969207,MAP_SCADA,149,0.0057436030460742415
0,x_tcsc,1-14,-0.13893154787813156,82,-0.13892526450872753,MAP_SCADA,149,6.2833694040309584e-06
1,B_svc,2,0.3003519178065197,82,0.2967760944150117,MAP_SCADA,149,0.003575823391508026
2,UPFC_Vsh,5-15,1.105211713292877,82,1.1056299415067286,MAP_SCADA,149,0.00041822821385162356
3,UPFC_tsh,5-15,-0.22601346607340225,82,-0.22669776368492817,MAP_SCADA,149,0.0006842976115259136
4,UPFC_Vse,5-15,0.05983889382632722,82,0.05931217972465815,MAP_SCADA,149,0.0005267141016690666
5,UPFC_tse,5-15,-2.145681020772069,82,-2.1341749635969207,MAP_SCADA,149,0.01150605717514841
0,x_tcsc,1-14,-0.13768340688018318,83,-0.13892526450872753,MAP_SCADA,149,0.0012418576285443406
1,B_svc,2,0.2994261065484856,83,0.2967760944150117,MAP_SCADA,149,0.0026500121334739335
2,UPFC_Vsh,5-15,1.101703543833773,83,1.1056299415067286,MAP_SCADA,149,0.0039263976729555505
3,UPFC_tsh,5-15,-0.2279174035804127,83,-0.22669776368492817,MAP_SCADA,149,0.0012196398954845422
4,UPFC_Vse,5-15,0.06055765787005787,83,0.05931217972465815,MAP_SCADA,149,0.0012454781453997144
5,UPFC_tse,5-15,-2.1510343991375835,83,-2.1341749635969207,MAP_SCADA,149,0.016859435540662826
0,x_tcsc,1-14,-0.1373216491922542,84,-0.13892526450872753,MAP_SCADA,149,0.0016036153164733224
1,B_svc,2,0.2927348858620752,84,0.2967760944150117,MAP_SCADA,149,0.004041208552936493
2,UPFC_Vsh,5-15,1.1067500551576062,84,1.1056299415067286,MAP_SCADA,149,0.0011201136508776077
3,UPFC_tsh,5-15,-0.22563770740787648,84,-0.22669776368492817,MAP_SCADA,149,0.0010600562770516908
4,UPFC_Vse,5-15,0.06014896913171909,84,0.05931217972465815,MAP_SCADA,149,0.000836789407060938
5,UPFC_tse,5-15,-2.144710256275567,84,-2.1341749635969207,MAP_SCADA,149,0.010535292678646169
0,x_tcsc,1-14,-0.1368727184297969,85,-0.13892526450872753,MAP_SCADA,149,0.0020525460789306282
1,B_svc,2,0.3042076338471711,85,0.2967760944150117,MAP_SCADA,149,0.007431539432159406
2,UPFC_Vsh,5-15,1.1020224083109054,85,1.1056299415067286,MAP_SCADA,149,0.003607533195823187
3,UPFC_tsh,5-15,-0.22809833192717974,85,-0.22669776368492817,MAP_SCADA,149,0.0014005682422515708
4,UPFC_Vse,5-15,0.059876587389066586,85,0.05931217972465815,MAP_SCADA,149,0.0005644076644084339
5,UPFC_tse,5-15,-2.1513163216563593,85,-2.1341749635969207,MAP_SCADA,149,0.017141358059438616
0,x_tcsc,1-14,-0.1384535459587959,86,-0.13892526450872753,MAP_SCADA,149,0.00047171854993163786
1,B_svc,2,0.2997617930927,86,0.2967760944150117,MAP_SCADA,149,0.002985698677688331
2,UPFC_Vsh,5-15,1.103946923652292,86,1.1056299415067286,MAP_SCADA,149,0.001683017854436475
3,UPFC_tsh,5-15,-0.22620783362035,86,-0.22669776368492817,MAP_SCADA,149,0.0004899300645781757
4,UPFC_Vse,5-15,0.060450061537411046,86,0.05931217972465815,MAP_SCADA,149,0.001137881812752893
5,UPFC_tse,5-15,-2.1479966642306616,86,-2.1341749635969207,MAP_SCADA,149,0.013821700633740885
0,x_tcsc,1-14,-0.13890739555022136,87,-0.13892526450872753,MAP_SCADA,149,1.7868958506167543e-05
1,B_svc,2,0.29816419122844867,87,0.2967760944150117,MAP_SCADA,149,0.0013880968134369898
2,UPFC_Vsh,5-15,1.1032871777219062,87,1.1056299415067286,MAP_SCADA,149,0.0023427637848223437
3,UPFC_tsh,5-15,-0.226681685374232,87,-0.22669776368492817,MAP_SCADA,149,1.6078310696165943e-05
4,UPFC_Vse,5-15,0.06018735647973197,87,0.05931217972465815,MAP_SCADA,149,0.0008751767550738143
5,UPFC_tse,5-15,-2.1458589466601703,87,-2.1341749635969207,MAP_SCADA,149,0.011683983063249581
0,x_tcsc,1-14,-0.13941829242216902,88,-0.13892526450872753,MAP_SCADA,149,0.0004930279134414961
1,B_svc,2,0.29807485035769715,88,0.2967760944150117,MAP_SCADA,149,0.00129875594268547
2,UPFC_Vsh,5-15,1.1045063121793453,88,1.1056299415067286,MAP_SCADA,149,0.001123629327383302
3,UPFC_tsh,5-15,-0.22623395074146235,88,-0.22669776368492817,MAP_SCADA,149,0.00046381294346581337
4,UPFC_Vse,5-15,0.05955271496810949,88,0.05931217972465815,MAP_SCADA,149,0.00024053524345133553
5,UPFC_tse,5-15,-2.147882351498537,88,-2.1341749635969207,MAP_SCADA,149,0.013707387901616297
0,x_tcsc,1-14,-0.13722912029411927,89,-0.13892526450872753,MAP_SCADA,149,0.0016961442146082584
1,B_svc,2,0.30411101001131285,89,0.2967760944150117,MAP_SCADA,149,0.0073349155963011725
2,UPFC_Vsh,5-15,1.1036311349152752,89,1.1056299415067286,MAP_SCADA,149,0.0019988065914533504
3,UPFC_tsh,5-15,-0.22732067939310316,89,-0.22669776368492817,MAP_SCADA,149,0.0006229157081749925
4,UPFC_Vse,5-15,0.06012593040018313,89,0.05931217972465815,MAP_SCADA,149,0.0008137506755249782
5,UPFC_tse,5-15,-2.148379421260987,89,-2.1341749635969207,MAP_SCADA,149,0.014204457664066084
0,x_tcsc,1-14,-0.14066230142333347,90,-0.13892526450872753,MAP_SCADA,149,0.001737036914605944
1,B_svc,2,0.28639808623031715,90,0.2967760944150117,MAP_SCADA,149,0.010378008184694532
2,UPFC_Vsh,5-15,1.1053975417805695,90,1.1056299415067286,MAP_SCADA,149,0.00023239972615907156
3,UPFC_tsh,5-15,-0.2244789968365249,90,-0.22669776368492817,MAP_SCADA,149,0.002218766848403275
4,UPFC_Vse,5-15,0.05994150141665287,90,0.05931217972465815,MAP_SCADA,149,0.0006293216919947206
5,UPFC_tse,5-15,-2.1483133870233035,90,-2.1341749635969207,MAP_SCADA,149,0.014138423426382829
0,x_tcsc,1-14,-0.1389034492356503,91,-0.13892526450872753,MAP_SCADA,149,2.1815273077235853e-05
1,B_svc,2,0.29841707717821614,91,0.2967760944150117,MAP_SCADA,149,0.0016409827632044571
2,UPFC_Vsh,5-15,1.1040028152967658,91,1.1056299415067286,MAP_SCADA,149,0.0016271262099627481
3,UPFC_tsh,5-15,-0.22666245066459617,91,-0.22669776368492817,MAP_SCADA,149,3.5313020331995126e-05
4,UPFC_Vse,5-15,0.060089420272586895,91,0.05931217972465815,MAP_SCADA,149,0.0007772405479287425
5,UPFC_tse,5-15,-2.1467186392760302,91,-2.1341749635969207,MAP_SCADA,149,0.012543675679109523
0,x_tcsc,1-14,-0.1399247873648281,92,-0.13892526450872753,MAP_SCADA,149,0.000999522856100582
1,B_svc,2,0.29473224820962973,92,0.2967760944150117,MAP_SCADA,149,0.0020438462053819495
2,UPFC_Vsh,5-15,1.1051511651890191,92,1.1056299415067286,MAP_SCADA,149,0.0004787763177094284
3,UPFC_tsh,5-15,-0.22500880406455498,92,-0.22669776368492817,MAP_SCADA,149,0.0016889596203731871
4,UPFC_Vse,5-15,0.059988637387086235,92,0.05931217972465815,MAP_SCADA,149,0.000676457662428083
5,UPFC_tse,5-15,-2.143871600729615,92,-2.1341749635969207,MAP_SCADA,149,0.009696637132694086
0,x_tcsc,1-14,-0.13790532230246327,93,-0.13892526450872753,MAP_SCADA,149,0.0010199422062642516
1,B_svc,2,0.3013297835636175,93,0.2967760944150117,MAP_SCADA,149,0.004553689148605822
2,UPFC_Vsh,5-15,1.104168804741319,93,1.1056299415067286,MAP_SCADA,149,0.0014611367654095986
3,UPFC_tsh,5-15,-0.22684799687065,93,-0.22669776368492817,MAP_SCADA,149,0.00015023318572182642
4,UPFC_Vse,5-15,0.059842294193274324,93,0.05931217972465815,MAP_SCADA,149,0.0005301144686161718
5,UPFC_tse,5-15,-2.147633419958297,93,-2.1341749635969207,MAP_SCADA,149,0.013458456361376214
0,x_tcsc,1-14,-0.13938863310282984,94,-0.13892526450872753,MAP_SCADA,149,0.0004633685941023147
1,B_svc,2,0.2980292208579397,94,0.2967760944150117,MAP_SCADA,149,0.0012531264429280209
2,UPFC_Vsh,5-15,1.1039325054724765,94,1.1056299415067286,MAP_SCADA,149,0.0016974360342520978
3,UPFC_tsh,5-15,-0.2264616265220565,94,-0.22669776368492817,MAP_SCADA,149,0.00023613716287165798
4,UPFC_Vse,5-15,0.06017734177236146,94,0.05931217972465815,MAP_SCADA,149,0.0008651620477033092
5,UPFC_tse,5-15,-2.153993553239469,94,-2.1341749635969207,MAP_SCADA,149,0.019818589642548456
0,x_tcsc,1-14,-0.13950620660961183,95,-0.13892526450872753,MAP_SCADA,149,0.0005809421008843019
1,B_svc,2,0.29251821175293685,95,0.2967760944150117,MAP_SCADA,149,0.00425788266207483
2,UPFC_Vsh,5-15,1.1043324817035252,95,1.1056299415067286,MAP_SCADA,149,0.0012974598032033935
3,UPFC_tsh,5-15,-0.2259389986761963,95,-0.22669776368492817,MAP_SCADA,149,0.0007587650087318709
4,UPFC_Vse,5-15,0.060131204192603406,95,0.05931217972465815,MAP_SCADA,149,0.0008190244679452535
5,UPFC_tse,5-15,-2.1486542652587537,95,-2.1341749635969207,MAP_SCADA,149,0.014479301661832977
0,x_tcsc,1-14,-0.1380067973475561,96,-0.13892526450872753,MAP_SCADA,149,0.0009184671611714157
1,B_svc,2,0.3023121368267017,96,0.2967760944150117,MAP_SCADA,149,0.005536042411690034
2,UPFC_Vsh,5-15,1.1044147926848344,96,1.1056299415067286,MAP_SCADA,149,0.0012151488218941076
3,UPFC_tsh,5-15,-0.22676224099022252,96,-0.22669776368492817,MAP_SCADA,149,6.447730529435258e-05
4,UPFC_Vse,5-15,0.06029829200515852,96,0.05931217972465815,MAP_SCADA,149,0.0009861122805003703
5,UPFC_tse,5-15,-2.1530578859010805,96,-2.1341749635969207,MAP_SCADA,149,0.018882922304159777
0,x_tcsc,1-14,-0.14075836433980002,97,-0.13892526450872753,MAP_SCADA,149,0.0018330998310724933
1,B_svc,2,0.2900573964944106,97,0.2967760944150117,MAP_SCADA,149,0.006718697920601091
2,UPFC_Vsh,5-15,1.105770205928169,97,1.1056299415067286,MAP_SCADA,149,0.00014026442144055018
3,UPFC_tsh,5-15,-0.22466709487794193,97,-0.22669776368492817,MAP_SCADA,149,0.002030668806986241
4,UPFC_Vse,5-15,0.06021616597855937,97,0.05931217972465815,MAP_SCADA,149,0.000903986253901215
5,UPFC_tse,5-15,-2.1442245668075404,97,-2.1341749635969207,MAP_SCADA,149,0.010049603210619651
0,x_tcsc,1-14,-0.13872154666830117,98,-0.13892526450872753,MAP_SCADA,149,0.00020371784042635954
1,B_svc,2,0.2932544069980707,98,0.2967760944150117,MAP_SCADA,149,0.0035216874169409773
2,UPFC_Vsh,5-15,1.1037015110597996,98,1.1056299415067286,MAP_SCADA,149,0.0019284304469289193
3,UPFC_tsh,5-15,-0.2263205983825664,98,-0.22669776368492817,MAP_SCADA,149,0.0003771653023617594
4,UPFC_Vse,5-15,0.06060918663511173,98,0.05931217972465815,MAP_SCADA,149,0.001297006910453577
5,UPFC_tse,5-15,-2.1459582127355232,98,-2.1341749635969207,MAP_SCADA,149,0.011783249138602514
0,x_tcsc,1-14,-0.13955388499023125,99,-0.13892526450872753,MAP_SCADA,149,0.0006286204815037222
1,B_svc,2,0.29595704555838426,99,0.2967760944150117,MAP_SCADA,149,0.0008190488566274245
2,UPFC_Vsh,5-15,1.1029095704837086,99,1.1056299415067286,MAP_SCADA,149,0.0027203710230199185
3,UPFC_tsh,5-15,-0.22589227804724954,99,-0.22669776368492817,MAP_SCADA,149,0.0008054856376786268
4,UPFC_Vse,5-15,0.060001423577760095,99,0.05931217972465815,MAP_SCADA,149,0.0006892438531019424
5,UPFC_tse,5-15,-2.152835962070224,99,-2.1341749635969207,MAP_SCADA,149,0.01866099847330327
0,x_tcsc,1-14,-0.13900849846393998,0,-0.13739222511450724,MAP_SCADA,151,0.0016162733494327342
1,B_svc,2,0.29650527170746127,0,0.2891647730129281,MAP_SCADA,151,0.007340498694533182
2,UPFC_Vsh,5-15,1.106444059367828,0,1.1061187971273359,MAP_SCADA,151,0.00032526224049211905
3,UPFC_tsh,5-15,-0.2245452545715806,0,-0.22775076519667356,MAP_SCADA,151,0.003205510625092972
4,UPFC_Vse,5-15,0.06001100676389736,0,0.059584928542038354,MAP_SCADA,151,0.00042607822185900673
5,UPFC_tse,5-15,-2.145119974529498,0,-2.1375234122586417,MAP_SCADA,151,0.007596562270856477
0,x_tcsc,1-14,-0.1396136637504605,1,-0.13739222511450724,MAP_SCADA,151,0.0022214386359532545
1,B_svc,2,0.2995471824231543,1,0.2891647730129281,MAP_SCADA,151,0.010382409410226223
2,UPFC_Vsh,5-15,1.1028977000837634,1,1.1061187971273359,MAP_SCADA,151,0.0032210970435724295
3,UPFC_tsh,5-15,-0.2262309272513375,1,-0.22775076519667356,MAP_SCADA,151,0.0015198379453360555
4,UPFC_Vse,5-15,0.05984995870332151,1,0.059584928542038354,MAP_SCADA,151,0.00026503016128315293
5,UPFC_tse,5-15,-2.1443611494327808,1,-2.1375234122586417,MAP_SCADA,151,0.006837737174139047
0,x_tcsc,1-14,-0.13936421795883266,2,-0.13739222511450724,MAP_SCADA,151,0.001971992844325421
1,B_svc,2,0.29683653973325336,2,0.2891647730129281,MAP_SCADA,151,0.007671766720325268
2,UPFC_Vsh,5-15,1.1033419492207521,2,1.1061187971273359,MAP_SCADA,151,0.0027768479065837237
3,UPFC_tsh,5-15,-0.22632827632391825,2,-0.22775076519667356,MAP_SCADA,151,0.001422488872755312
4,UPFC_Vse,5-15,0.06073139686472676,2,0.059584928542038354,MAP_SCADA,151,0.0011464683226884084
5,UPFC_tse,5-15,-2.149609244944893,2,-2.1375234122586417,MAP_SCADA,151,0.012085832686251408
0,x_tcsc,1-14,-0.13778624594440056,3,-0.13739222511450724,MAP_SCADA,151,0.00039402082989331566
1,B_svc,2,0.30021723183472937,3,0.2891647730129281,MAP_SCADA,151,0.011052458821801281
2,UPFC_Vsh,5-15,1.10401400666262,3,1.1061187971273359,MAP_SCADA,151,0.002104790464715789
3,UPFC_tsh,5-15,-0.22767381252310107,3,-0.22775076519667356,MAP_SCADA,151,7.695267357249458e-05
4,UPFC_Vse,5-15,0.060583952678000985,3,0.059584928542038354,MAP_SCADA,151,0.0009990241359626312
5,UPFC_tse,5-15,-2.1492311117466207,3,-2.1375234122586417,MAP_SCADA,151,0.011707699487979006
0,x_tcsc,1-14,-0.13985462128825538,4,-0.13739222511450724,MAP_SCADA,151,0.0024623961737481326
1,B_svc,2,0.296188187833812,4,0.2891647730129281,MAP_SCADA,151,0.007023414820883922
2,UPFC_Vsh,5-15,1.1026767779516253,4,1.1061187971273359,MAP_SCADA,151,0.00344201917571052
3,UPFC_tsh,5-15,-0.22641506895827404,4,-0.22775076519667356,MAP_SCADA,151,0.0013356962383995197
4,UPFC_Vse,5-15,0.06010991456421456,4,0.059584928542038354,MAP_SCADA,151,0.0005249860221762034
5,UPFC_tse,5-15,-2.149924163840019,4,-2.1375234122586417,MAP_SCADA,151,0.0124007515813771
0,x_tcsc,1-14,-0.13746500879930573,5,-0.13739222511450724,MAP_SCADA,151,7.278368479848862e-05
1,B_svc,2,0.3034607542918911,5,0.2891647730129281,MAP_SCADA,151,0.014295981278963033
2,UPFC_Vsh,5-15,1.1006785286143699,5,1.1061187971273359,MAP_SCADA,151,0.005440268512965973
3,UPFC_tsh,5-15,-0.2273157736710889,5,-0.22775076519667356,MAP_SCADA,151,0.0004349915255846548
4,UPFC_Vse,5-15,0.06056989728741583,5,0.059584928542038354,MAP_SCADA,151,0.0009849687453774778
5,UPFC_tse,5-15,-2.1453666812389707,5,-2.1375234122586417,MAP_SCADA,151,0.007843268980328943
0,x_tcsc,1-14,-0.13955901033275867,6,-0.13739222511450724,MAP_SCADA,151,0.0021667852182514213
1,B_svc,2,0.29902140685599293,6,0.2891647730129281,MAP_SCADA,151,0.009856633843064844
2,UPFC_Vsh,5-15,1.1051095689335,6,1.1061187971273359,MAP_SCADA,151,0.001009228193835865
3,UPFC_tsh,5-15,-0.22587728813114563,6,-0.22775076519667356,MAP_SCADA,151,0.0018734770655279287
4,UPFC_Vse,5-15,0.06015700877506486,6,0.059584928542038354,MAP_SCADA,151,0.0005720802330265035
5,UPFC_tse,5-15,-2.1523236559127263,6,-2.1375234122586417,MAP_SCADA,151,0.01480024365408461
0,x_tcsc,1-14,-0.13802243210717918,7,-0.13739222511450724,MAP_SCADA,151,0.0006302069926719389
1,B_svc,2,0.2995903326742413,7,0.2891647730129281,MAP_SCADA,151,0.0104255596613132
2,UPFC_Vsh,5-15,1.1043946694822493,7,1.1061187971273359,MAP_SCADA,151,0.0017241276450865595
3,UPFC_tsh,5-15,-0.22658864844167736,7,-0.22775076519667356,MAP_SCADA,151,0.0011621167549961953
4,UPFC_Vse,5-15,0.05985353630766828,7,0.059584928542038354,MAP_SCADA,151,0.0002686077656299246
5,UPFC_tse,5-15,-2.154106660539906,7,-2.1375234122586417,MAP_SCADA,151,0.01658324828126423
0,x_tcsc,1-14,-0.13776651479993207,8,-0.13739222511450724,MAP_SCADA,151,0.0003742896854248279
1,B_svc,2,0.3034020605098786,8,0.2891647730129281,MAP_SCADA,151,0.014237287496950524
2,UPFC_Vsh,5-15,1.1038155449859017,8,1.1061187971273359,MAP_SCADA,151,0.00230325214143412
3,UPFC_tsh,5-15,-0.22729311200001734,8,-0.22775076519667356,MAP_SCADA,151,0.0004576531966562214
4,UPFC_Vse,5-15,0.06036461132298206,8,0.059584928542038354,MAP_SCADA,151,0.0007796827809437093
5,UPFC_tse,5-15,-2.1549856065944772,8,-2.1375234122586417,MAP_SCADA,151,0.017462194335835513
0,x_tcsc,1-14,-0.13859247186509066,9,-0.13739222511450724,MAP_SCADA,151,0.001200246750583417
1,B_svc,2,0.29578539085512373,9,0.2891647730129281,MAP_SCADA,151,0.006620617842195642
2,UPFC_Vsh,5-15,1.104393061880654,9,1.1061187971273359,MAP_SCADA,151,0.0017257352466819587
3,UPFC_tsh,5-15,-0.2264243969300444,9,-0.22775076519667356,MAP_SCADA,151,0.0013263682666291576
4,UPFC_Vse,5-15,0.060495454335872195,9,0.059584928542038354,MAP_SCADA,151,0.0009105257938338412
5,UPFC_tse,5-15,-2.1472225881378324,9,-2.1375234122586417,MAP_SCADA,151,0.009699175879190669
0,x_tcsc,1-14,-0.14084676336732707,10,-0.13739222511450724,MAP_SCADA,151,0.0034545382528198276
1,B_svc,2,0.2932031951219014,10,0.2891647730129281,MAP_SCADA,151,0.004038422108973316
2,UPFC_Vsh,5-15,1.1049799922854475,10,1.1061187971273359,MAP_SCADA,151,0.00113880484188833
3,UPFC_tsh,5-15,-0.22493217726351936,10,-0.22775076519667356,MAP_SCADA,151,0.002818587933154204
4,UPFC_Vse,5-15,0.060052763771416585,10,0.059584928542038354,MAP_SCADA,151,0.00046783522937823147
5,UPFC_tse,5-15,-2.148328019767737,10,-2.1375234122586417,MAP_SCADA,151,0.010804607509095288
0,x_tcsc,1-14,-0.13935090874779182,11,-0.13739222511450724,MAP_SCADA,151,0.0019586836332845803
1,B_svc,2,0.3000827842332406,11,0.2891647730129281,MAP_SCADA,151,0.010918011220312496
2,UPFC_Vsh,5-15,1.104322749806619,11,1.1061187971273359,MAP_SCADA,151,0.0017960473207168093
3,UPFC_tsh,5-15,-0.22644285374367815,11,-0.22775076519667356,MAP_SCADA,151,0.001307911452995414
4,UPFC_Vse,5-15,0.06061384937727731,11,0.059584928542038354,MAP_SCADA,151,0.001028920835238957
5,UPFC_tse,5-15,-2.1500395355490904,11,-2.1375234122586417,MAP_SCADA,151,0.01251612329044871
0,x_tcsc,1-14,-0.13886661964430397,12,-0.13739222511450724,MAP_SCADA,151,0.0014743945297967243
1,B_svc,2,0.30316520299571653,12,0.2891647730129281,MAP_SCADA,151,0.014000429982788443
2,UPFC_Vsh,5-15,1.1014851436299993,12,1.1061187971273359,MAP_SCADA,151,0.004633653497336576
3,UPFC_tsh,5-15,-0.2265947577998115,12,-0.22775076519667356,MAP_SCADA,151,0.0011560073968620577
4,UPFC_Vse,5-15,0.05951054582410368,12,0.059584928542038354,MAP_SCADA,151,7.438271793467482e-05
5,UPFC_tse,5-15,-2.1481486842702813,12,-2.1375234122586417,MAP_SCADA,151,0.010625272011639542
0,x_tcsc,1-14,-0.13751298016279592,13,-0.13739222511450724,MAP_SCADA,151,0.00012075504828867878
1,B_svc,2,0.30138813066979114,13,0.2891647730129281,MAP_SCADA,151,0.012223357656863054
2,UPFC_Vsh,5-15,1.1048805629058702,13,1.1061187971273359,MAP_SCADA,151,0.0012382342214656283
3,UPFC_tsh,5-15,-0.22692624201313333,13,-0.22775076519667356,MAP_SCADA,151,0.0008245231835402322
4,UPFC_Vse,5-15,0.05976662311998865,13,0.059584928542038354,MAP_SCADA,151,0.00018169457795029487
5,UPFC_tse,5-15,-2.1511226488263433,13,-2.1375234122586417,MAP_SCADA,151,0.013599236567701567
0,x_tcsc,1-14,-0.1387119073551927,14,-0.13739222511450724,MAP_SCADA,151,0.0013196822406854603
1,B_svc,2,0.2991060203265386,14,0.2891647730129281,MAP_SCADA,151,0.009941247313610513
2,UPFC_Vsh,5-15,1.1043098255803496,14,1.1061187971273359,MAP_SCADA,151,0.0018089715469862266
3,UPFC_tsh,5-15,-0.22659362725435733,14,-0.22775076519667356,MAP_SCADA,151,0.0011571379423162276
4,UPFC_Vse,5-15,0.05993925440151864,14,0.059584928542038354,MAP_SCADA,151,0.0003543258594802881
5,UPFC_tse,5-15,-2.147403003091212,14,-2.1375234122586417,MAP_SCADA,151,0.009879590832570173
0,x_tcsc,1-14,-0.1401347877250689,15,-0.13739222511450724,MAP_SCADA,151,0.0027425626105616607
1,B_svc,2,0.29719327447259053,15,0.2891647730129281,MAP_SCADA,151,0.00802850145966244
2,UPFC_Vsh,5-15,1.10514278782043,15,1.1061187971273359,MAP_SCADA,151,0.0009760093069057785
3,UPFC_tsh,5-15,-0.22475059684335258,15,-0.22775076519667356,MAP_SCADA,151,0.003000168353320981
4,UPFC_Vse,5-15,0.05974653222629669,15,0.059584928542038354,MAP_SCADA,151,0.00016160368425833377
5,UPFC_tse,5-15,-2.1454506699074596,15,-2.1375234122586417,MAP_SCADA,151,0.007927257648817854
0,x_tcsc,1-14,-0.13657497542089506,16,-0.13739222511450724,MAP_SCADA,151,0.0008172496936121876
1,B_svc,2,0.3050354964593784,16,0.2891647730129281,MAP_SCADA,151,0.015870723446450297
2,UPFC_Vsh,5-15,1.1042529235454521,16,1.1061187971273359,MAP_SCADA,151,0.0018658735818837258
3,UPFC_tsh,5-15,-0.2272530051578728,16,-0.22775076519667356,MAP_SCADA,151,0.0004977600388007541
4,UPFC_Vse,5-15,0.05994727137748766,16,0.059584928542038354,MAP_SCADA,151,0.00036234283544930856
5,UPFC_tse,5-15,-2.1525110522626387,16,-2.1375234122586417,MAP_SCADA,151,0.014987640003996994
0,x_tcsc,1-14,-0.14031858933454772,17,-0.13739222511450724,MAP_SCADA,151,0.0029263642200404727
1,B_svc,2,0.29837338229458993,17,0.2891647730129281,MAP_SCADA,151,0.00920860928166184
2,UPFC_Vsh,5-15,1.1048099590733964,17,1.1061187971273359,MAP_SCADA,151,0.0013088380539394429
3,UPFC_tsh,5-15,-0.2258268842497113,17,-0.22775076519667356,MAP_SCADA,151,0.0019238809469622475
4,UPFC_Vse,5-15,0.060018761302233874,17,0.059584928542038354,MAP_SCADA,151,0.0004338327601955197
5,UPFC_tse,5-15,-2.1445126629522857,17,-2.1375234122586417,MAP_SCADA,151,0.006989250693643978
0,x_tcsc,1-14,-0.13862398376095758,18,-0.13739222511450724,MAP_SCADA,151,0.0012317586464503372
1,B_svc,2,0.30051063411948875,18,0.2891647730129281,MAP_SCADA,151,0.011345861106560662
2,UPFC_Vsh,5-15,1.1036263093848822,18,1.1061187971273359,MAP_SCADA,151,0.0024924877424536973
3,UPFC_tsh,5-15,-0.22631897737870346,18,-0.22775076519667356,MAP_SCADA,151,0.0014317878179700982
4,UPFC_Vse,5-15,0.06059917772140851,18,0.059584928542038354,MAP_SCADA,151,0.0010142491793701594
5,UPFC_tse,5-15,-2.1481598405459894,18,-2.1375234122586417,MAP_SCADA,151,0.010636428287347677
0,x_tcsc,1-14,-0.13997150805289785,19,-0.13739222511450724,MAP_SCADA,151,0.0025792829383906035
1,B_svc,2,0.2975385393396756,19,0.2891647730129281,MAP_SCADA,151,0.008373766326747523
2,UPFC_Vsh,5-15,1.102397254952331,19,1.1061187971273359,MAP_SCADA,151,0.003721542175004755
3,UPFC_tsh,5-15,-0.22583042910126308,19,-0.22775076519667356,MAP_SCADA,151,0.0019203360954104798
4,UPFC_Vse,5-15,0.06029962107356366,19,0.059584928542038354,MAP_SCADA,151,0.0007146925315253058
5,UPFC_tse,5-15,-2.1511675257445853,19,-2.1375234122586417,MAP_SCADA,151,0.013644113485943521
0,x_tcsc,1-14,-0.13996105232389777,20,-0.13739222511450724,MAP_SCADA,151,0.0025688272093905284
1,B_svc,2,0.2921272452893663,20,0.2891647730129281,MAP_SCADA,151,0.0029624722764381994
2,UPFC_Vsh,5-15,1.1059558536829384,20,1.1061187971273359,MAP_SCADA,151,0.00016294344439748976
3,UPFC_tsh,5-15,-0.22446458794532617,20,-0.22775076519667356,MAP_SCADA,151,0.0032861772513473886
4,UPFC_Vse,5-15,0.05986600732266241,20,0.059584928542038354,MAP_SCADA,151,0.00028107878062405556
5,UPFC_tse,5-15,-2.1451598095664512,20,-2.1375234122586417,MAP_SCADA,151,0.007636397307809517
0,x_tcsc,1-14,-0.13822667342328782,21,-0.13739222511450724,MAP_SCADA,151,0.0008344483087805721
1,B_svc,2,0.2972723864116842,21,0.2891647730129281,MAP_SCADA,151,0.008107613398756097
2,UPFC_Vsh,5-15,1.1041169664709394,21,1.1061187971273359,MAP_SCADA,151,0.002001830656396475
3,UPFC_tsh,5-15,-0.22696494078320859,21,-0.22775076519667356,MAP_SCADA,151,0.000785824413464975
4,UPFC_Vse,5-15,0.06022746905635116,21,0.059584928542038354,MAP_SCADA,151,0.0006425405143128046
5,UPFC_tse,5-15,-2.152488046930867,21,-2.1375234122586417,MAP_SCADA,151,0.014964634672225419
0,x_tcsc,1-14,-0.1385780621689011,22,-0.13739222511450724,MAP_SCADA,151,0.0011858370543938457
1,B_svc,2,0.295866779953715,22,0.2891647730129281,MAP_SCADA,151,0.006702006940786931
2,UPFC_Vsh,5-15,1.1060783732776556,22,1.1061187971273359,MAP_SCADA,151,4.042384968028223e-05
3,UPFC_tsh,5-15,-0.22534572355539284,22,-0.22775076519667356,MAP_SCADA,151,0.0024050416412807196
4,UPFC_Vse,5-15,0.059450675865346955,22,0.059584928542038354,MAP_SCADA,151,0.00013425267669139873
5,UPFC_tse,5-15,-2.1468013562424364,22,-2.1375234122586417,MAP_SCADA,151,0.009277943983794668
0,x_tcsc,1-14,-0.1402901868998003,23,-0.13739222511450724,MAP_SCADA,151,0.0028979617852930573
1,B_svc,2,0.28873643190744297,23,0.2891647730129281,MAP_SCADA,151,0.0004283411054851194
2,UPFC_Vsh,5-15,1.104882461923429,23,1.1061187971273359,MAP_SCADA,151,0.0012363352039068687
3,UPFC_tsh,5-15,-0.2252051158164447,23,-0.22775076519667356,MAP_SCADA,151,0.0025456493802288593
4,UPFC_Vse,5-15,0.0602245918602625,23,0.059584928542038354,MAP_SCADA,151,0.0006396633182241471
5,UPFC_tse,5-15,-2.143819747526403,23,-2.1375234122586417,MAP_SCADA,151,0.00629633526776141
0,x_tcsc,1-14,-0.1392743045440156,24,-0.13739222511450724,MAP_SCADA,151,0.0018820794295083543
1,B_svc,2,0.29738585302713844,24,0.2891647730129281,MAP_SCADA,151,0.008221080014210347
2,UPFC_Vsh,5-15,1.1045794019361654,24,1.1061187971273359,MAP_SCADA,151,0.0015393951911704118
3,UPFC_tsh,5-15,-0.22649652881257448,24,-0.22775076519667356,MAP_SCADA,151,0.0012542363840990778
4,UPFC_Vse,5-15,0.060071837795885465,24,0.059584928542038354,MAP_SCADA,151,0.00048690925384711065
5,UPFC_tse,5-15,-2.1422016412545237,24,-2.1375234122586417,MAP_SCADA,151,0.0046782289958819945
0,x_tcsc,1-14,-0.1377908231437233,25,-0.13739222511450724,MAP_SCADA,151,0.00039859802921604626
1,B_svc,2,0.3061252413607257,25,0.2891647730129281,MAP_SCADA,151,0.01696046834779763
2,UPFC_Vsh,5-15,1.1034073057683083,25,1.1061187971273359,MAP_SCADA,151,0.0027114913590275957
3,UPFC_tsh,5-15,-0.22768260667530446,25,-0.22775076519667356,MAP_SCADA,151,6.815852136909939e-05
4,UPFC_Vse,5-15,0.06020619773713513,25,0.059584928542038354,MAP_SCADA,151,0.0006212691950967728
5,UPFC_tse,5-15,-2.150180709765505,25,-2.1375234122586417,MAP_SCADA,151,0.012657297506863063
0,x_tcsc,1-14,-0.1385486551204919,26,-0.13739222511450724,MAP_SCADA,151,0.0011564300059846433
1,B_svc,2,0.300807778883365,26,0.2891647730129281,MAP_SCADA,151,0.011643005870436929
2,UPFC_Vsh,5-15,1.1039094048672455,26,1.1061187971273359,MAP_SCADA,151,0.002209392260090315
3,UPFC_tsh,5-15,-0.2259080636694409,26,-0.22775076519667356,MAP_SCADA,151,0.0018427015272326486
4,UPFC_Vse,5-15,0.0608357430479533,26,0.059584928542038354,MAP_SCADA,151,0.0012508145059149448
5,UPFC_tse,5-15,-2.1503445282371287,26,-2.1375234122586417,MAP_SCADA,151,0.012821115978487008
0,x_tcsc,1-14,-0.13881034278722607,27,-0.13739222511450724,MAP_SCADA,151,0.0014181176727188216
1,B_svc,2,0.2914728599813028,27,0.2891647730129281,MAP_SCADA,151,0.0023080869683747007
2,UPFC_Vsh,5-15,1.104849217491168,27,1.1061187971273359,MAP_SCADA,151,0.0012695796361679168
3,UPFC_tsh,5-15,-0.225308752946577,27,-0.22775076519667356,MAP_SCADA,151,0.002442012250096548
4,UPFC_Vse,5-15,0.06004084817340249,27,0.059584928542038354,MAP_SCADA,151,0.00045591963136413366
5,UPFC_tse,5-15,-2.148496938186742,27,-2.1375234122586417,MAP_SCADA,151,0.01097352592810008
0,x_tcsc,1-14,-0.13913273389529263,28,-0.13739222511450724,MAP_SCADA,151,0.0017405087807853825
1,B_svc,2,0.296591253501489,28,0.2891647730129281,MAP_SCADA,151,0.007426480488560927
2,UPFC_Vsh,5-15,1.106067300145302,28,1.1061187971273359,MAP_SCADA,151,5.149698203377184e-05
3,UPFC_tsh,5-15,-0.2247781884335331,28,-0.22775076519667356,MAP_SCADA,151,0.002972576763140472
4,UPFC_Vse,5-15,0.060115046821960276,28,0.059584928542038354,MAP_SCADA,151,0.000530118279921922
5,UPFC_tse,5-15,-2.143399854831133,28,-2.1375234122586417,MAP_SCADA,151,0.005876442572491314
0,x_tcsc,1-14,-0.13888452296679737,29,-0.13739222511450724,MAP_SCADA,151,0.001492297852290131
1,B_svc,2,0.2992698066686642,29,0.2891647730129281,MAP_SCADA,151,0.010105033655736118
2,UPFC_Vsh,5-15,1.10514048130782,29,1.1061187971273359,MAP_SCADA,151,0.000978315819515796
3,UPFC_tsh,5-15,-0.22565557417003165,29,-0.22775076519667356,MAP_SCADA,151,0.002095191026641907
4,UPFC_Vse,5-15,0.05959903426723671,29,0.059584928542038354,MAP_SCADA,151,1.4105725198353125e-05
5,UPFC_tse,5-15,-2.1487909286896563,29,-2.1375234122586417,MAP_SCADA,151,0.011267516431014535
0,x_tcsc,1-14,-0.13966994289115525,30,-0.13739222511450724,MAP_SCADA,151,0.0022777177766480083
1,B_svc,2,0.29765113418232697,30,0.2891647730129281,MAP_SCADA,151,0.008486361169398882
2,UPFC_Vsh,5-15,1.1025388252883417,30,1.1061187971273359,MAP_SCADA,151,0.003579971838994167
3,UPFC_tsh,5-15,-0.22632311264655752,30,-0.22775076519667356,MAP_SCADA,151,0.0014276525501160375
4,UPFC_Vse,5-15,0.060273030760081885,30,0.059584928542038354,MAP_SCADA,151,0.0006881022180435306
5,UPFC_tse,5-15,-2.1470760271765768,30,-2.1375234122586417,MAP_SCADA,151,0.00955261491793502
0,x_tcsc,1-14,-0.1396459351331978,31,-0.13739222511450724,MAP_SCADA,151,0.002253710018690569
1,B_svc,2,0.29859178983973,31,0.2891647730129281,MAP_SCADA,151,0.009427016826801915
2,UPFC_Vsh,5-15,1.103772856341603,31,1.1061187971273359,MAP_SCADA,151,0.002345940785732914
3,UPFC_tsh,5-15,-0.22586435764479773,31,-0.22775076519667356,MAP_SCADA,151,0.0018864075518758294
4,UPFC_Vse,5-15,0.060196723858506794,31,0.059584928542038354,MAP_SCADA,151,0.00061179531646844
5,UPFC_tse,5-15,-2.149224612485506,31,-2.1375234122586417,MAP_SCADA,151,0.011701200226864383
0,x_tcsc,1-14,-0.13746908066422436,32,-0.13739222511450724,MAP_SCADA,151,7.685554971711972e-05
1,B_svc,2,0.3038280239187001,32,0.2891647730129281,MAP_SCADA,151,0.01466325090577203
2,UPFC_Vsh,5-15,1.103889255951134,32,1.1061187971273359,MAP_SCADA,151,0.002229541176201888
3,UPFC_tsh,5-15,-0.22775698399944186,32,-0.22775076519667356,MAP_SCADA,151,6.218802768298559e-06
4,UPFC_Vse,5-15,0.06038293076645081,32,0.059584928542038354,MAP_SCADA,151,0.0007980022244124529
5,UPFC_tse,5-15,-2.1500529755168016,32,-2.1375234122586417,MAP_SCADA,151,0.012529563258159904
0,x_tcsc,1-14,-0.1407724381384244,33,-0.13739222511450724,MAP_SCADA,151,0.003380213023917167
1,B_svc,2,0.29109702121632824,33,0.2891647730129281,MAP_SCADA,151,0.0019322482034001554
2,UPFC_Vsh,5-15,1.1061593864183283,33,1.1061187971273359,MAP_SCADA,151,4.058929099248765e-05
3,UPFC_tsh,5-15,-0.22444767867505602,33,-0.22775076519667356,MAP_SCADA,151,0.0033030865216175376
4,UPFC_Vse,5-15,0.05977371883798552,33,0.059584928542038354,MAP_SCADA,151,0.0001887902959471638
5,UPFC_tse,5-15,-2.14828422550704,33,-2.1375234122586417,MAP_SCADA,151,0.010760813248398282
0,x_tcsc,1-14,-0.1396247852341707,34,-0.13739222511450724,MAP_SCADA,151,0.002232560119663468
1,B_svc,2,0.29625064662459444,34,0.2891647730129281,MAP_SCADA,151,0.007085873611666349
2,UPFC_Vsh,5-15,1.104409373734565,34,1.1061187971273359,MAP_SCADA,151,0.0017094233927708036
3,UPFC_tsh,5-15,-0.2260998187080884,34,-0.22775076519667356,MAP_SCADA,151,0.0016509464885851588
4,UPFC_Vse,5-15,0.060423493335265026,34,0.059584928542038354,MAP_SCADA,151,0.0008385647932266718
5,UPFC_tse,5-15,-2.148531035273312,34,-2.1375234122586417,MAP_SCADA,151,0.011007623014670287
0,x_tcsc,1-14,-0.13747071296096938,35,-0.13739222511450724,MAP_SCADA,151,7.848784646213858e-05
1,B_svc,2,0.2970031945926777,35,0.2891647730129281,MAP_SCADA,151,0.007838421579749622
2,UPFC_Vsh,5-15,1.1043141540277561,35,1.1061187971273359,MAP_SCADA,151,0.001804643099579728
3,UPFC_tsh,5-15,-0.22689694102156815,35,-0.22775076519667356,MAP_SCADA,151,0.0008538241751054054
4,UPFC_Vse,5-15,0.06012317071876644,35,0.059584928542038354,MAP_SCADA,151,0.0005382421767280848
5,UPFC_tse,5-15,-2.149481545118172,35,-2.1375234122586417,MAP_SCADA,151,0.011958132859530402
0,x_tcsc,1-14,-0.14022767642520453,36,-0.13739222511450724,MAP_SCADA,151,0.00283545131069729
1,B_svc,2,0.2945503832650932,36,0.2891647730129281,MAP_SCADA,151,0.005385610252165107
2,UPFC_Vsh,5-15,1.1042972523376584,36,1.1061187971273359,MAP_SCADA,151,0.0018215447896774428
3,UPFC_tsh,5-15,-0.22502397668760352,36,-0.22775076519667356,MAP_SCADA,151,0.002726788509070044
4,UPFC_Vse,5-15,0.05990084617611401,36,0.059584928542038354,MAP_SCADA,151,0.0003159176340756589
5,UPFC_tse,5-15,-2.145775581524078,36,-2.1375234122586417,MAP_SCADA,151,0.008252169265436482
0,x_tcsc,1-14,-0.13930864788106107,37,-0.13739222511450724,MAP_SCADA,151,0.0019164227665538214
1,B_svc,2,0.2985366169832528,37,0.2891647730129281,MAP_SCADA,151,0.0093718439703247
2,UPFC_Vsh,5-15,1.1055109564919188,37,1.1061187971273359,MAP_SCADA,151,0.0006078406354170784
3,UPFC_tsh,5-15,-0.22576395725073525,37,-0.22775076519667356,MAP_SCADA,151,0.001986807945938307
4,UPFC_Vse,5-15,0.05957450635499889,37,0.059584928542038354,MAP_SCADA,151,1.0422187039463293e-05
5,UPFC_tse,5-15,-2.1485789670072792,37,-2.1375234122586417,MAP_SCADA,151,0.011055554748637508
0,x_tcsc,1-14,-0.13876399333863584,38,-0.13739222511450724,MAP_SCADA,151,0.0013717682241286
1,B_svc,2,0.29775285732011453,38,0.2891647730129281,MAP_SCADA,151,0.008588084307186439
2,UPFC_Vsh,5-15,1.104689520361175,38,1.1061187971273359,MAP_SCADA,151,0.0014292767661607808
3,UPFC_tsh,5-15,-0.22595945019195673,38,-0.22775076519667356,MAP_SCADA,151,0.0017913150047168258
4,UPFC_Vse,5-15,0.060351667486153455,38,0.059584928542038354,MAP_SCADA,151,0.0007667389441151015
5,UPFC_tse,5-15,-2.1462755904313355,38,-2.1375234122586417,MAP_SCADA,151,0.008752178172693803
0,x_tcsc,1-14,-0.13888872058816598,39,-0.13739222511450724,MAP_SCADA,151,0.0014964954736587377
1,B_svc,2,0.30026952731217943,39,0.2891647730129281,MAP_SCADA,151,0.01110475429925134
2,UPFC_Vsh,5-15,1.1035081667959006,39,1.1061187971273359,MAP_SCADA,151,0.002610630331435271
3,UPFC_tsh,5-15,-0.22685329721329714,39,-0.22775076519667356,MAP_SCADA,151,0.000897467983376421
4,UPFC_Vse,5-15,0.060193805382303366,39,0.059584928542038354,MAP_SCADA,151,0.0006088768402650116
5,UPFC_tse,5-15,-2.1480449289464985,39,-2.1375234122586417,MAP_SCADA,151,0.010521516687856725
0,x_tcsc,1-14,-0.1380881425081221,40,-0.13739222511450724,MAP_SCADA,151,0.0006959173936148533
1,B_svc,2,0.305150873703634,40,0.2891647730129281,MAP_SCADA,151,0.015986100690705884
2,UPFC_Vsh,5-15,1.1010648603053346,40,1.1061187971273359,MAP_SCADA,151,0.0050539368220012815
3,UPFC_tsh,5-15,-0.2285433630113417,40,-0.22775076519667356,MAP_SCADA,151,0.0007925978146681445
4,UPFC_Vse,5-15,0.06086204016250076,40,0.059584928542038354,MAP_SCADA,151,0.001277111620462408
5,UPFC_tse,5-15,-2.148631665556464,40,-2.1375234122586417,MAP_SCADA,151,0.01110825329782239
0,x_tcsc,1-14,-0.1387186169873437,41,-0.13739222511450724,MAP_SCADA,151,0.001326391872836452
1,B_svc,2,0.29322018540771627,41,0.2891647730129281,MAP_SCADA,151,0.004055412394788183
2,UPFC_Vsh,5-15,1.1038591215574631,41,1.1061187971273359,MAP_SCADA,151,0.002259675569872721
3,UPFC_tsh,5-15,-0.22602840755094478,41,-0.22775076519667356,MAP_SCADA,151,0.0017223576457287837
4,UPFC_Vse,5-15,0.060643180625298665,41,0.059584928542038354,MAP_SCADA,151,0.001058252083260311
5,UPFC_tse,5-15,-2.1511423510924637,41,-2.1375234122586417,MAP_SCADA,151,0.013618938833821925
0,x_tcsc,1-14,-0.1399054585652153,42,-0.13739222511450724,MAP_SCADA,151,0.002513233450708058
1,B_svc,2,0.29691859176243846,42,0.2891647730129281,MAP_SCADA,151,0.007753818749510366
2,UPFC_Vsh,5-15,1.1044028256050389,42,1.1061187971273359,MAP_SCADA,151,0.0017159715222969663
3,UPFC_tsh,5-15,-0.2256305853352938,42,-0.22775076519667356,MAP_SCADA,151,0.002120179861379773
4,UPFC_Vse,5-15,0.060075035419874336,42,0.059584928542038354,MAP_SCADA,151,0.0004901068778359816
5,UPFC_tse,5-15,-2.144996823734121,42,-2.1375234122586417,MAP_SCADA,151,0.007473411475479086
0,x_tcsc,1-14,-0.13845023221293154,43,-0.13739222511450724,MAP_SCADA,151,0.0010580070984242962
1,B_svc,2,0.2982945498498663,43,0.2891647730129281,MAP_SCADA,151,0.00912977683693822
2,UPFC_Vsh,5-15,1.1058482160010459,43,1.1061187971273359,MAP_SCADA,151,0.00027058112628997044
3,UPFC_tsh,5-15,-0.2259417019098907,43,-0.22775076519667356,MAP_SCADA,151,0.0018090632867828471
4,UPFC_Vse,5-15,0.0596267769348247,43,0.059584928542038354,MAP_SCADA,151,4.1848392786349164e-05
5,UPFC_tse,5-15,-2.1476228475067285,43,-2.1375234122586417,MAP_SCADA,151,0.010099435248086763
0,x_tcsc,1-14,-0.139811517951264,44,-0.13739222511450724,MAP_SCADA,151,0.0024192928367567645
1,B_svc,2,0.29671087376323174,44,0.2891647730129281,MAP_SCADA,151,0.007546100750303653
2,UPFC_Vsh,5-15,1.1028977831949425,44,1.1061187971273359,MAP_SCADA,151,0.0032210139323933795
3,UPFC_tsh,5-15,-0.22646896973694672,44,-0.22775076519667356,MAP_SCADA,151,0.0012817954597268422
4,UPFC_Vse,5-15,0.06049594237847763,44,0.059584928542038354,MAP_SCADA,151,0.0009110138364392742
5,UPFC_tse,5-15,-2.1480555669771535,44,-2.1375234122586417,MAP_SCADA,151,0.010532154718511766
0,x_tcsc,1-14,-0.14052857428117096,45,-0.13739222511450724,MAP_SCADA,151,0.003136349166663721
1,B_svc,2,0.29656433459849,45,0.2891647730129281,MAP_SCADA,151,0.007399561585561931
2,UPFC_Vsh,5-15,1.105353337485876,45,1.1061187971273359,MAP_SCADA,151,0.0007654596414599091
3,UPFC_tsh,5-15,-0.2250383220991583,45,-0.22775076519667356,MAP_SCADA,151,0.0027124430975152547
4,UPFC_Vse,5-15,0.05983092960988044,45,0.059584928542038354,MAP_SCADA,151,0.00024600106784208875
5,UPFC_tse,5-15,-2.1495930852050207,45,-2.1375234122586417,MAP_SCADA,151,0.012069672946378951
0,x_tcsc,1-14,-0.13895079535319532,46,-0.13739222511450724,MAP_SCADA,151,0.0015585702386880784
1,B_svc,2,0.2964461038118466,46,0.2891647730129281,MAP_SCADA,151,0.007281330798918517
2,UPFC_Vsh,5-15,1.1048489870248948,46,1.1061187971273359,MAP_SCADA,151,0.0012698101024410935
3,UPFC_tsh,5-15,-0.22489720469760976,46,-0.22775076519667356,MAP_SCADA,151,0.0028535604990637953
4,UPFC_Vse,5-15,0.06055886878461661,46,0.059584928542038354,MAP_SCADA,151,0.0009739402425782556
5,UPFC_tse,5-15,-2.143860217935244,46,-2.1375234122586417,MAP_SCADA,151,0.006336805676602442
0,x_tcsc,1-14,-0.13913388965149576,47,-0.13739222511450724,MAP_SCADA,151,0.001741664536988513
1,B_svc,2,0.2984715848952935,47,0.2891647730129281,MAP_SCADA,151,0.009306811882365429
2,UPFC_Vsh,5-15,1.103504153241162,47,1.1061187971273359,MAP_SCADA,151,0.0026146438861738286
3,UPFC_tsh,5-15,-0.22569345557829593,47,-0.22775076519667356,MAP_SCADA,151,0.002057309618377634
4,UPFC_Vse,5-15,0.0599048945666807,47,0.059584928542038354,MAP_SCADA,151,0.0003199660246423486
5,UPFC_tse,5-15,-2.147264956699322,47,-2.1375234122586417,MAP_SCADA,151,0.009741544440680094
0,x_tcsc,1-14,-0.1388308665670919,48,-0.13739222511450724,MAP_SCADA,151,0.0014386414525846547
1,B_svc,2,0.2980432939421639,48,0.2891647730129281,MAP_SCADA,151,0.0088785209292358
2,UPFC_Vsh,5-15,1.1046129074545643,48,1.1061187971273359,MAP_SCADA,151,0.0015058896727715432
3,UPFC_tsh,5-15,-0.22600620862937293,48,-0.22775076519667356,MAP_SCADA,151,0.0017445565673006314
4,UPFC_Vse,5-15,0.059986161692255846,48,0.059584928542038354,MAP_SCADA,151,0.00040123315021749206
5,UPFC_tse,5-15,-2.1500646836679387,48,-2.1375234122586417,MAP_SCADA,151,0.01254127140929695
0,x_tcsc,1-14,-0.13678999882709117,49,-0.13739222511450724,MAP_SCADA,151,0.0006022262874160744
1,B_svc,2,0.3048122495750491,49,0.2891647730129281,MAP_SCADA,151,0.01564747656212101
2,UPFC_Vsh,5-15,1.1028142767271474,49,1.1061187971273359,MAP_SCADA,151,0.003304520400188471
3,UPFC_tsh,5-15,-0.22789640504364608,49,-0.22775076519667356,MAP_SCADA,151,0.00014563984697252286
4,UPFC_Vse,5-15,0.06019102860432917,49,0.059584928542038354,MAP_SCADA,151,0.0006061000622908166
5,UPFC_tse,5-15,-2.1502166423072926,49,-2.1375234122586417,MAP_SCADA,151,0.012693230048650861
0,x_tcsc,1-14,-0.13844327078259241,50,-0.13739222511450724,MAP_SCADA,151,0.001051045668085171
1,B_svc,2,0.296185019327285,50,0.2891647730129281,MAP_SCADA,151,0.007020246314356937
2,UPFC_Vsh,5-15,1.103699644975238,50,1.1061187971273359,MAP_SCADA,151,0.002419152152097759
3,UPFC_tsh,5-15,-0.22623525675338108,50,-0.22775076519667356,MAP_SCADA,151,0.0015155084432924848
4,UPFC_Vse,5-15,0.060455226854863514,50,0.059584928542038354,MAP_SCADA,151,0.0008702983128251601
5,UPFC_tse,5-15,-2.147736097903853,50,-2.1375234122586417,MAP_SCADA,151,0.010212685645211383
0,x_tcsc,1-14,-0.13932493877968363,51,-0.13739222511450724,MAP_SCADA,151,0.0019327136651763888
1,B_svc,2,0.29545982958944195,51,0.2891647730129281,MAP_SCADA,151,0.006295056576513858
2,UPFC_Vsh,5-15,1.1041996971003738,51,1.1061187971273359,MAP_SCADA,151,0.0019191000269620506
3,UPFC_tsh,5-15,-0.2259362461468297,51,-0.22775076519667356,MAP_SCADA,151,0.0018145190498438657
4,UPFC_Vse,5-15,0.060608605431686384,51,0.059584928542038354,MAP_SCADA,151,0.00102367688964803
5,UPFC_tse,5-15,-2.147654032566646,51,-2.1375234122586417,MAP_SCADA,151,0.010130620308004268
0,x_tcsc,1-14,-0.13877429196352978,52,-0.13739222511450724,MAP_SCADA,151,0.001382066849022534
1,B_svc,2,0.2955519365557847,52,0.2891647730129281,MAP_SCADA,151,0.006387163542856622
2,UPFC_Vsh,5-15,1.103401285053523,52,1.1061187971273359,MAP_SCADA,151,0.0027175120738127667
3,UPFC_tsh,5-15,-0.2256970092293021,52,-0.22775076519667356,MAP_SCADA,151,0.002053755967371451
4,UPFC_Vse,5-15,0.060037529394786515,52,0.059584928542038354,MAP_SCADA,151,0.0004526008527481612
5,UPFC_tse,5-15,-2.1502566117296222,52,-2.1375234122586417,MAP_SCADA,151,0.012733199470980505
0,x_tcsc,1-14,-0.13719206890746846,53,-0.13739222511450724,MAP_SCADA,151,0.0002001562070387819
1,B_svc,2,0.2997239554174644,53,0.2891647730129281,MAP_SCADA,151,0.010559182404536294
2,UPFC_Vsh,5-15,1.1040769980954428,53,1.1061187971273359,MAP_SCADA,151,0.0020417990318930546
3,UPFC_tsh,5-15,-0.22720083749051107,53,-0.22775076519667356,MAP_SCADA,151,0.0005499277061624952
4,UPFC_Vse,5-15,0.06010456096434186,53,0.059584928542038354,MAP_SCADA,151,0.0005196324223035037
5,UPFC_tse,5-15,-2.1545612967427794,53,-2.1375234122586417,MAP_SCADA,151,0.017037884484137678
0,x_tcsc,1-14,-0.13798824104664212,54,-0.13739222511450724,MAP_SCADA,151,0.0005960159321348746
1,B_svc,2,0.30227977719608706,54,0.2891647730129281,MAP_SCADA,151,0.013115004183158974
2,UPFC_Vsh,5-15,1.103186529193495,54,1.1061187971273359,MAP_SCADA,151,0.0029322679338408264
3,UPFC_tsh,5-15,-0.22683808163686253,54,-0.22775076519667356,MAP_SCADA,151,0.0009126835598110283
4,UPFC_Vse,5-15,0.06059927539276227,54,0.059584928542038354,MAP_SCADA,151,0.0010143468507239142
5,UPFC_tse,5-15,-2.1470201328700975,54,-2.1375234122586417,MAP_SCADA,151,0.009496720611455789
0,x_tcsc,1-14,-0.13861819969654465,55,-0.13739222511450724,MAP_SCADA,151,0.001225974582037409
1,B_svc,2,0.2982281439530429,55,0.2891647730129281,MAP_SCADA,151,0.009063370940114834
2,UPFC_Vsh,5-15,1.1062975037791578,55,1.1061187971273359,MAP_SCADA,151,0.00017870665182195822
3,UPFC_tsh,5-15,-0.2256201950046325,55,-0.22775076519667356,MAP_SCADA,151,0.002130570192041048
4,UPFC_Vse,5-15,0.06010544691893832,55,0.059584928542038354,MAP_SCADA,151,0.0005205183768999672
5,UPFC_tse,5-15,-2.1486231597502226,55,-2.1375234122586417,MAP_SCADA,151,0.011099747491580825
0,x_tcsc,1-14,-0.13821983146765665,56,-0.13739222511450724,MAP_SCADA,151,0.0008276063531494071
1,B_svc,2,0.3011376864684205,56,0.2891647730129281,MAP_SCADA,151,0.011972913455492395
2,UPFC_Vsh,5-15,1.104502511352792,56,1.1061187971273359,MAP_SCADA,151,0.0016162857745438686
3,UPFC_tsh,5-15,-0.22690992863944798,56,-0.22775076519667356,MAP_SCADA,151,0.0008408365572255827
4,UPFC_Vse,5-15,0.06015288344386399,56,0.059584928542038354,MAP_SCADA,151,0.0005679549018256375
5,UPFC_tse,5-15,-2.145879885001655,56,-2.1375234122586417,MAP_SCADA,151,0.00835647274301321
0,x_tcsc,1-14,-0.13767132395109832,57,-0.13739222511450724,MAP_SCADA,151,0.0002790988365910796
1,B_svc,2,0.29706997285255465,57,0.2891647730129281,MAP_SCADA,151,0.007905199839626564
2,UPFC_Vsh,5-15,1.1075096933847748,57,1.1061187971273359,MAP_SCADA,151,0.0013908962574389339
3,UPFC_tsh,5-15,-0.22571755461786697,57,-0.22775076519667356,MAP_SCADA,151,0.0020332105788065935
4,UPFC_Vse,5-15,0.05995041538130148,57,0.059584928542038354,MAP_SCADA,151,0.0003654868392631294
5,UPFC_tse,5-15,-2.1442045134949352,57,-2.1375234122586417,MAP_SCADA,151,0.006681101236293507
0,x_tcsc,1-14,-0.14025304881818126,58,-0.13739222511450724,MAP_SCADA,151,0.0028608237036740203
1,B_svc,2,0.2943751922505254,58,0.2891647730129281,MAP_SCADA,151,0.005210419237597297
2,UPFC_Vsh,5-15,1.1043382438971199,58,1.1061187971273359,MAP_SCADA,151,0.0017805532302159754
3,UPFC_tsh,5-15,-0.22596942597343528,58,-0.22775076519667356,MAP_SCADA,151,0.0017813392232382819
4,UPFC_Vse,5-15,0.05989844619524658,58,0.059584928542038354,MAP_SCADA,151,0.0003135176532082229
5,UPFC_tse,5-15,-2.150392797073834,58,-2.1375234122586417,MAP_SCADA,151,0.012869384815192397
0,x_tcsc,1-14,-0.13948574348694037,59,-0.13739222511450724,MAP_SCADA,151,0.0020935183724331285
1,B_svc,2,0.29361040067047306,59,0.2891647730129281,MAP_SCADA,151,0.0044456276575449705
2,UPFC_Vsh,5-15,1.1024436446396637,59,1.1061187971273359,MAP_SCADA,151,0.0036751524876721398
3,UPFC_tsh,5-15,-0.2260962852316475,59,-0.22775076519667356,MAP_SCADA,151,0.0016544799650260733
4,UPFC_Vse,5-15,0.0603760348307006,59,0.059584928542038354,MAP_SCADA,151,0.0007911062886622466
5,UPFC_tse,5-15,-2.153027024774551,59,-2.1375234122586417,MAP_SCADA,151,0.01550361251590937
0,x_tcsc,1-14,-0.13734548040088565,60,-0.13739222511450724,MAP_SCADA,151,4.6744713621593714e-05
1,B_svc,2,0.3050931327260433,60,0.2891647730129281,MAP_SCADA,151,0.015928359713115237
2,UPFC_Vsh,5-15,1.1024510869435684,60,1.1061187971273359,MAP_SCADA,151,0.0036677101837674364
3,UPFC_tsh,5-15,-0.22792302563646952,60,-0.22775076519667356,MAP_SCADA,151,0.00017226043979595707
4,UPFC_Vse,5-15,0.05994697426279195,60,0.059584928542038354,MAP_SCADA,151,0.00036204572075359404
5,UPFC_tse,5-15,-2.1533501829787167,60,-2.1375234122586417,MAP_SCADA,151,0.01582677072007499
0,x_tcsc,1-14,-0.13962038629562434,61,-0.13739222511450724,MAP_SCADA,151,0.0022281611811171
1,B_svc,2,0.2962995497542139,61,0.2891647730129281,MAP_SCADA,151,0.00713477674128582
2,UPFC_Vsh,5-15,1.1029814234863042,61,1.1061187971273359,MAP_SCADA,151,0.0031373736410316155
3,UPFC_tsh,5-15,-0.22586234776028932,61,-0.22775076519667356,MAP_SCADA,151,0.0018884174363842376
4,UPFC_Vse,5-15,0.06022765102223543,61,0.059584928542038354,MAP_SCADA,151,0.0006427224801970749
5,UPFC_tse,5-15,-2.1501775445709037,61,-2.1375234122586417,MAP_SCADA,151,0.012654132312261979
0,x_tcsc,1-14,-0.1395880404530107,62,-0.13739222511450724,MAP_SCADA,151,0.002195815338503465
1,B_svc,2,0.29959101759192003,62,0.2891647730129281,MAP_SCADA,151,0.010426244578991939
2,UPFC_Vsh,5-15,1.1049893981731653,62,1.1061187971273359,MAP_SCADA,151,0.001129398954170524
3,UPFC_tsh,5-15,-0.2262864238321893,62,-0.22775076519667356,MAP_SCADA,151,0.0014643413644842562
4,UPFC_Vse,5-15,0.0599799436649154,62,0.059584928542038354,MAP_SCADA,151,0.0003950151228770474
5,UPFC_tse,5-15,-2.1470839299587956,62,-2.1375234122586417,MAP_SCADA,151,0.00956051770015387
0,x_tcsc,1-14,-0.13819293186036755,63,-0.13739222511450724,MAP_SCADA,151,0.0008007067458603023
1,B_svc,2,0.2947934783829856,63,0.2891647730129281,MAP_SCADA,151,0.005628705370057496
2,UPFC_Vsh,5-15,1.105386686753126,63,1.1061187971273359,MAP_SCADA,151,0.0007321103742099488
3,UPFC_tsh,5-15,-0.226096774621023,63,-0.22775076519667356,MAP_SCADA,151,0.001653990575650549
4,UPFC_Vse,5-15,0.06026503639942282,63,0.059584928542038354,MAP_SCADA,151,0.0006801078573844682
5,UPFC_tse,5-15,-2.1446743398568286,63,-2.1375234122586417,MAP_SCADA,151,0.007150927598186918
0,x_tcsc,1-14,-0.13921022468365188,64,-0.13739222511450724,MAP_SCADA,151,0.001817999569144635
1,B_svc,2,0.30291283652156065,64,0.2891647730129281,MAP_SCADA,151,0.013748063508632558
2,UPFC_Vsh,5-15,1.1017025311267963,64,1.1061187971273359,MAP_SCADA,151,0.00441626600053957
3,UPFC_tsh,5-15,-0.22647964204765078,64,-0.22775076519667356,MAP_SCADA,151,0.0012711231490227792
4,UPFC_Vse,5-15,0.06037988534906229,64,0.059584928542038354,MAP_SCADA,151,0.0007949568070239332
5,UPFC_tse,5-15,-2.1467661078239084,64,-2.1375234122586417,MAP_SCADA,151,0.00924269556526669
0,x_tcsc,1-14,-0.13754706013970006,65,-0.13739222511450724,MAP_SCADA,151,0.00015483502519281211
1,B_svc,2,0.3033542225314747,65,0.2891647730129281,MAP_SCADA,151,0.014189449518546615
2,UPFC_Vsh,5-15,1.102491949482756,65,1.1061187971273359,MAP_SCADA,151,0.003626847644579767
3,UPFC_tsh,5-15,-0.22779893595847883,65,-0.22775076519667356,MAP_SCADA,151,4.81707618052718e-05
4,UPFC_Vse,5-15,0.060129879626394565,65,0.059584928542038354,MAP_SCADA,151,0.0005449510843562114
5,UPFC_tse,5-15,-2.151886632505937,65,-2.1375234122586417,MAP_SCADA,151,0.014363220247295416
0,x_tcsc,1-14,-0.13851879659942265,66,-0.13739222511450724,MAP_SCADA,151,0.0011265714849154063
1,B_svc,2,0.30098243833297045,66,0.2891647730129281,MAP_SCADA,151,0.011817665320042359
2,UPFC_Vsh,5-15,1.1037986787727152,66,1.1061187971273359,MAP_SCADA,151,0.0023201183546206483
3,UPFC_tsh,5-15,-0.2266876249058762,66,-0.22775076519667356,MAP_SCADA,151,0.0010631402907973486
4,UPFC_Vse,5-15,0.059659010943204104,66,0.059584928542038354,MAP_SCADA,151,7.408240116574955e-05
5,UPFC_tse,5-15,-2.145454356885726,66,-2.1375234122586417,MAP_SCADA,151,0.007930944627084102
0,x_tcsc,1-14,-0.13891729932627214,67,-0.13739222511450724,MAP_SCADA,151,0.0015250742117648985
1,B_svc,2,0.29894763571785266,67,0.2891647730129281,MAP_SCADA,151,0.009782862704924566
2,UPFC_Vsh,5-15,1.1052742411757022,67,1.1061187971273359,MAP_SCADA,151,0.0008445559516336854
3,UPFC_tsh,5-15,-0.22678710475996916,67,-0.22775076519667356,MAP_SCADA,151,0.0009636604367043999
4,UPFC_Vse,5-15,0.06021758539380588,67,0.059584928542038354,MAP_SCADA,151,0.0006326568517675268
5,UPFC_tse,5-15,-2.1460217532626857,67,-2.1375234122586417,MAP_SCADA,151,0.008498341004044008
0,x_tcsc,1-14,-0.1400113610368814,68,-0.13739222511450724,MAP_SCADA,151,0.002619135922374144
1,B_svc,2,0.2886082954586116,68,0.2891647730129281,MAP_SCADA,151,0.0005564775543164813
2,UPFC_Vsh,5-15,1.1086243994812912,68,1.1061187971273359,MAP_SCADA,151,0.0025056023539553607
3,UPFC_tsh,5-15,-0.22463470542028693,68,-0.22775076519667356,MAP_SCADA,151,0.003116059776386626
4,UPFC_Vse,5-15,0.05987369804048943,68,0.059584928542038354,MAP_SCADA,151,0.0002887694984510733
5,UPFC_tse,5-15,-2.1449589252236083,68,-2.1375234122586417,MAP_SCADA,151,0.007435512964966584
0,x_tcsc,1-14,-0.1391771725391201,69,-0.13739222511450724,MAP_SCADA,151,0.0017849474246128538
1,B_svc,2,0.2949481090376491,69,0.2891647730129281,MAP_SCADA,151,0.005783336024721031
2,UPFC_Vsh,5-15,1.1044387529335438,69,1.1061187971273359,MAP_SCADA,151,0.0016800441937920851
3,UPFC_tsh,5-15,-0.2255383734968782,69,-0.22775076519667356,MAP_SCADA,151,0.0022123916997953685
4,UPFC_Vse,5-15,0.06053740626463348,69,0.059584928542038354,MAP_SCADA,151,0.0009524777225951228
5,UPFC_tse,5-15,-2.147341439047312,69,-2.1375234122586417,MAP_SCADA,151,0.009818026788670053
0,x_tcsc,1-14,-0.14030892296009884,70,-0.13739222511450724,MAP_SCADA,151,0.0029166978455915926
1,B_svc,2,0.28916581192604307,70,0.2891647730129281,MAP_SCADA,151,1.038913114981277e-06
2,UPFC_Vsh,5-15,1.105617684280865,70,1.1061187971273359,MAP_SCADA,151,0.0005011128464709191
3,UPFC_tsh,5-15,-0.22463776111187436,70,-0.22775076519667356,MAP_SCADA,151,0.003113004084799198
4,UPFC_Vse,5-15,0.05922766099819131,70,0.059584928542038354,MAP_SCADA,151,0.0003572675438470452
5,UPFC_tse,5-15,-2.146793521944589,70,-2.1375234122586417,MAP_SCADA,151,0.009270109685947325
0,x_tcsc,1-14,-0.13912161106384616,71,-0.13739222511450724,MAP_SCADA,151,0.001729385949338913
1,B_svc,2,0.29390301176538924,71,0.2891647730129281,MAP_SCADA,151,0.004738238752461155
2,UPFC_Vsh,5-15,1.1066642973847154,71,1.1061187971273359,MAP_SCADA,151,0.0005455002573795387
3,UPFC_tsh,5-15,-0.225605363251747,71,-0.22775076519667356,MAP_SCADA,151,0.0021454019449265727
4,UPFC_Vse,5-15,0.05939111103551805,71,0.059584928542038354,MAP_SCADA,151,0.00019381750652030377
5,UPFC_tse,5-15,-2.1477863279580256,71,-2.1375234122586417,MAP_SCADA,151,0.010262915699383868
0,x_tcsc,1-14,-0.14056060725207833,72,-0.13739222511450724,MAP_SCADA,151,0.0031683821375710908
1,B_svc,2,0.2905575884448555,72,0.2891647730129281,MAP_SCADA,151,0.00139281543192743
2,UPFC_Vsh,5-15,1.1041119417122978,72,1.1061187971273359,MAP_SCADA,151,0.002006855415038089
3,UPFC_tsh,5-15,-0.22535657625741115,72,-0.22775076519667356,MAP_SCADA,151,0.0023941889392624094
4,UPFC_Vse,5-15,0.060107674310286366,72,0.059584928542038354,MAP_SCADA,151,0.0005227457682480119
5,UPFC_tse,5-15,-2.1468883355909685,72,-2.1375234122586417,MAP_SCADA,151,0.009364923332326747
0,x_tcsc,1-14,-0.1388155879410626,73,-0.13739222511450724,MAP_SCADA,151,0.0014233628265553633
1,B_svc,2,0.2955615078968038,73,0.2891647730129281,MAP_SCADA,151,0.00639673488387571
2,UPFC_Vsh,5-15,1.105298350292251,73,1.1061187971273359,MAP_SCADA,151,0.0008204468350847538
3,UPFC_tsh,5-15,-0.22593649996615559,73,-0.22775076519667356,MAP_SCADA,151,0.0018142652305179752
4,UPFC_Vse,5-15,0.05985474709110416,73,0.059584928542038354,MAP_SCADA,151,0.00026981854906580477
5,UPFC_tse,5-15,-2.1511679849735295,73,-2.1375234122586417,MAP_SCADA,151,0.013644572714887726
0,x_tcsc,1-14,-0.1398233764460126,74,-0.13739222511450724,MAP_SCADA,151,0.0024311513315053435
1,B_svc,2,0.2954338977334575,74,0.2891647730129281,MAP_SCADA,151,0.006269124720529429
2,UPFC_Vsh,5-15,1.1071480139212553,74,1.1061187971273359,MAP_SCADA,151,0.0010292167939194297
3,UPFC_tsh,5-15,-0.22453926962252754,74,-0.22775076519667356,MAP_SCADA,151,0.003211495574146017
4,UPFC_Vse,5-15,0.060687580449417494,74,0.059584928542038354,MAP_SCADA,151,0.0011026519073791402
5,UPFC_tse,5-15,-2.14433718069863,74,-2.1375234122586417,MAP_SCADA,151,0.006813768439988266
0,x_tcsc,1-14,-0.13985189874829726,75,-0.13739222511450724,MAP_SCADA,151,0.002459673633790016
1,B_svc,2,0.29688805571872745,75,0.2891647730129281,MAP_SCADA,151,0.007723282705799361
2,UPFC_Vsh,5-15,1.1046618916641544,75,1.1061187971273359,MAP_SCADA,151,0.001456905463181446
3,UPFC_tsh,5-15,-0.22601035217733573,75,-0.22775076519667356,MAP_SCADA,151,0.001740413019337833
4,UPFC_Vse,5-15,0.06080895520400906,75,0.059584928542038354,MAP_SCADA,151,0.0012240266619707035
5,UPFC_tse,5-15,-2.1404242421104898,75,-2.1375234122586417,MAP_SCADA,151,0.00290082985184803
0,x_tcsc,1-14,-0.13957144471102523,76,-0.13739222511450724,MAP_SCADA,151,0.002179219596517984
1,B_svc,2,0.2923765380368501,76,0.2891647730129281,MAP_SCADA,151,0.0032117650239220086
2,UPFC_Vsh,5-15,1.1054871009105336,76,1.1061187971273359,MAP_SCADA,151,0.0006316962168022577
3,UPFC_tsh,5-15,-0.22482937095352573,76,-0.22775076519667356,MAP_SCADA,151,0.002921394243147829
4,UPFC_Vse,5-15,0.06030011511679539,76,0.059584928542038354,MAP_SCADA,151,0.0007151865747570332
5,UPFC_tse,5-15,-2.1476767706995723,76,-2.1375234122586417,MAP_SCADA,151,0.010153358440930571
0,x_tcsc,1-14,-0.13862326408102932,77,-0.13739222511450724,MAP_SCADA,151,0.0012310389665220745
1,B_svc,2,0.297354900166559,77,0.2891647730129281,MAP_SCADA,151,0.008190127153630933
2,UPFC_Vsh,5-15,1.1047507912466037,77,1.1061187971273359,MAP_SCADA,151,0.0013680058807321593
3,UPFC_tsh,5-15,-0.22604008379772728,77,-0.22775076519667356,MAP_SCADA,151,0.0017106813989462843
4,UPFC_Vse,5-15,0.05988669983780915,77,0.059584928542038354,MAP_SCADA,151,0.00030177129577079603
5,UPFC_tse,5-15,-2.149920976773672,77,-2.1375234122586417,MAP_SCADA,151,0.012397564515030268
0,x_tcsc,1-14,-0.14014173897371188,78,-0.13739222511450724,MAP_SCADA,151,0.002749513859204633
1,B_svc,2,0.29808804198602606,78,0.2891647730129281,MAP_SCADA,151,0.008923268973097975
2,UPFC_Vsh,5-15,1.1020250874796236,78,1.1061187971273359,MAP_SCADA,151,0.004093709647712274
3,UPFC_tsh,5-15,-0.22709406986485264,78,-0.22775076519667356,MAP_SCADA,151,0.0006566953318209168
4,UPFC_Vse,5-15,0.06038098624706862,78,0.059584928542038354,MAP_SCADA,151,0.0007960577050302661
5,UPFC_tse,5-15,-2.147555642474961,78,-2.1375234122586417,MAP_SCADA,151,0.01003223021631916
0,x_tcsc,1-14,-0.138494991935145,79,-0.13739222511450724,MAP_SCADA,151,0.0011027668206377572
1,B_svc,2,0.29935793585946774,79,0.2891647730129281,MAP_SCADA,151,0.01019316284653965
2,UPFC_Vsh,5-15,1.1044861845431309,79,1.1061187971273359,MAP_SCADA,151,0.0016326125842049954
3,UPFC_tsh,5-15,-0.2267156972470802,79,-0.22775076519667356,MAP_SCADA,151,0.001035067949593349
4,UPFC_Vse,5-15,0.06014279391207925,79,0.059584928542038354,MAP_SCADA,151,0.0005578653700408984
5,UPFC_tse,5-15,-2.148430129095994,79,-2.1375234122586417,MAP_SCADA,151,0.010906716837352448
0,x_tcsc,1-14,-0.13850198239680195,80,-0.13739222511450724,MAP_SCADA,151,0.0011097572822947044
1,B_svc,2,0.2949269015440459,80,0.2891647730129281,MAP_SCADA,151,0.005762128531117794
2,UPFC_Vsh,5-15,1.1046154754089028,80,1.1061187971273359,MAP_SCADA,151,0.0015033217184330372
3,UPFC_tsh,5-15,-0.22601633684968597,80,-0.22775076519667356,MAP_SCADA,151,0.0017344283469875876
4,UPFC_Vse,5-15,0.05995997222132473,80,0.059584928542038354,MAP_SCADA,151,0.00037504367928637566
5,UPFC_tse,5-15,-2.151054139576775,80,-2.1375234122586417,MAP_SCADA,151,0.013530727318133096
0,x_tcsc,1-14,-0.13966617912573293,81,-0.13739222511450724,MAP_SCADA,151,0.0022739540112256817
1,B_svc,2,0.29315893366360213,81,0.2891647730129281,MAP_SCADA,151,0.003994160650674039
2,UPFC_Vsh,5-15,1.1060385957878638,81,1.1061187971273359,MAP_SCADA,151,8.020133947206354e-05
3,UPFC_tsh,5-15,-0.22521413775523438,81,-0.22775076519667356,MAP_SCADA,151,0.0025366274414391765
4,UPFC_Vse,5-15,0.060315117957685425,81,0.059584928542038354,MAP_SCADA,151,0.0007301894156470715
5,UPFC_tse,5-15,-2.139918566642995,81,-2.1375234122586417,MAP_SCADA,151,0.0023951543843532264
0,x_tcsc,1-14,-0.13893154787813156,82,-0.13739222511450724,MAP_SCADA,151,0.0015393227636243123
1,B_svc,2,0.3003519178065197,82,0.2891647730129281,MAP_SCADA,151,0.011187144793591619
2,UPFC_Vsh,5-15,1.105211713292877,82,1.1061187971273359,MAP_SCADA,151,0.0009070838344589216
3,UPFC_tsh,5-15,-0.22601346607340225,82,-0.22775076519667356,MAP_SCADA,151,0.0017372991232713075
4,UPFC_Vse,5-15,0.05983889382632722,82,0.059584928542038354,MAP_SCADA,151,0.0002539652842888651
5,UPFC_tse,5-15,-2.145681020772069,82,-2.1375234122586417,MAP_SCADA,151,0.008157608513427395
0,x_tcsc,1-14,-0.13768340688018318,83,-0.13739222511450724,MAP_SCADA,151,0.0002911817656759408
1,B_svc,2,0.2994261065484856,83,0.2891647730129281,MAP_SCADA,151,0.010261333535557526
2,UPFC_Vsh,5-15,1.101703543833773,83,1.1061187971273359,MAP_SCADA,151,0.004415253293562849
3,UPFC_tsh,5-15,-0.2279174035804127,83,-0.22775076519667356,MAP_SCADA,151,0.0001666383837391483
4,UPFC_Vse,5-15,0.06055765787005787,83,0.059584928542038354,MAP_SCADA,151,0.0009727293280195129
5,UPFC_tse,5-15,-2.1510343991375835,83,-2.1375234122586417,MAP_SCADA,151,0.01351098687894181
0,x_tcsc,1-14,-0.1373216491922542,84,-0.13739222511450724,MAP_SCADA,151,7.05759222530411e-05
1,B_svc,2,0.2927348858620752,84,0.2891647730129281,MAP_SCADA,151,0.0035701128491471
2,UPFC_Vsh,5-15,1.1067500551576062,84,1.1061187971273359,MAP_SCADA,151,0.0006312580302703097
3,UPFC_tsh,5-15,-0.22563770740787648,84,-0.22775076519667356,MAP_SCADA,151,0.0021130577887970847
4,UPFC_Vse,5-15,0.06014896913171909,84,0.059584928542038354,MAP_SCADA,151,0.0005640405896807366
5,UPFC_tse,5-15,-2.144710256275567,84,-2.1375234122586417,MAP_SCADA,151,0.0071868440169251535
0,x_tcsc,1-14,-0.1368727184297969,85,-0.13739222511450724,MAP_SCADA,151,0.0005195066847103469
1,B_svc,2,0.3042076338471711,85,0.2891647730129281,MAP_SCADA,151,0.015042860834243
2,UPFC_Vsh,5-15,1.1020224083109054,85,1.1061187971273359,MAP_SCADA,151,0.004096388816430485
3,UPFC_tsh,5-15,-0.22809833192717974,85,-0.22775076519667356,MAP_SCADA,151,0.0003475667305061769
4,UPFC_Vse,5-15,0.059876587389066586,85,0.059584928542038354,MAP_SCADA,151,0.00029165884702823247
5,UPFC_tse,5-15,-2.1513163216563593,85,-2.1375234122586417,MAP_SCADA,151,0.013792909397717601
0,x_tcsc,1-14,-0.1384535459587959,86,-0.13739222511450724,MAP_SCADA,151,0.0010613208442886435
1,B_svc,2,0.2997617930927,86,0.2891647730129281,MAP_SCADA,151,0.010597020079771924
2,UPFC_Vsh,5-15,1.103946923652292,86,1.1061187971273359,MAP_SCADA,151,0.002171873475043773
3,UPFC_tsh,5-15,-0.22620783362035,86,-0.22775076519667356,MAP_SCADA,151,0.0015429315763235696
4,UPFC_Vse,5-15,0.060450061537411046,86,0.059584928542038354,MAP_SCADA,151,0.0008651329953726916
5,UPFC_tse,5-15,-2.1479966642306616,86,-2.1375234122586417,MAP_SCADA,151,0.01047325197201987
0,x_tcsc,1-14,-0.13890739555022136,87,-0.13739222511450724,MAP_SCADA,151,0.0015151704357141138
1,B_svc,2,0.29816419122844867,87,0.2891647730129281,MAP_SCADA,151,0.008999418215520583
2,UPFC_Vsh,5-15,1.1032871777219062,87,1.1061187971273359,MAP_SCADA,151,0.0028316194054296417
3,UPFC_tsh,5-15,-0.226681685374232,87,-0.22775076519667356,MAP_SCADA,151,0.0010690798224415599
4,UPFC_Vse,5-15,0.06018735647973197,87,0.059584928542038354,MAP_SCADA,151,0.0006024279376936129
5,UPFC_tse,5-15,-2.1458589466601703,87,-2.1375234122586417,MAP_SCADA,151,0.008335534401528566
0,x_tcsc,1-14,-0.13941829242216902,88,-0.13739222511450724,MAP_SCADA,151,0.0020260673076617775
1,B_svc,2,0.29807485035769715,88,0.2891647730129281,MAP_SCADA,151,0.008910077344769063
2,UPFC_Vsh,5-15,1.1045063121793453,88,1.1061187971273359,MAP_SCADA,151,0.0016124849479906
3,UPFC_tsh,5-15,-0.22623395074146235,88,-0.22775076519667356,MAP_SCADA,151,0.0015168144552112073
4,UPFC_Vse,5-15,0.05955271496810949,88,0.059584928542038354,MAP_SCADA,151,3.2213573928865924e-05
5,UPFC_tse,5-15,-2.147882351498537,88,-2.1375234122586417,MAP_SCADA,151,0.010358939239895282
0,x_tcsc,1-14,-0.13722912029411927,89,-0.13739222511450724,MAP_SCADA,151,0.00016310482038797702
1,B_svc,2,0.30411101001131285,89,0.2891647730129281,MAP_SCADA,151,0.014946236998384765
2,UPFC_Vsh,5-15,1.1036311349152752,89,1.1061187971273359,MAP_SCADA,151,0.0024876622120606484
3,UPFC_tsh,5-15,-0.22732067939310316,89,-0.22775076519667356,MAP_SCADA,151,0.0004300858035704014
4,UPFC_Vse,5-15,0.06012593040018313,89,0.059584928542038354,MAP_SCADA,151,0.0005410018581447767
5,UPFC_tse,5-15,-2.148379421260987,89,-2.1375234122586417,MAP_SCADA,151,0.010856009002345068
0,x_tcsc,1-14,-0.14066230142333347,90,-0.13739222511450724,MAP_SCADA,151,0.0032700763088262252
1,B_svc,2,0.28639808623031715,90,0.2891647730129281,MAP_SCADA,151,0.0027666867826109387
2,UPFC_Vsh,5-15,1.1053975417805695,90,1.1061187971273359,MAP_SCADA,151,0.0007212553467663696
3,UPFC_tsh,5-15,-0.2244789968365249,90,-0.22775076519667356,MAP_SCADA,151,0.003271768360148669
4,UPFC_Vse,5-15,0.05994150141665287,90,0.059584928542038354,MAP_SCADA,151,0.00035657287461451914
5,UPFC_tse,5-15,-2.1483133870233035,90,-2.1375234122586417,MAP_SCADA,151,0.010789974764661814
0,x_tcsc,1-14,-0.1389034492356503,91,-0.13739222511450724,MAP_SCADA,151,0.0015112241211430455
1,B_svc,2,0.29841707717821614,91,0.2891647730129281,MAP_SCADA,151,0.00925230416528805
2,UPFC_Vsh,5-15,1.1040028152967658,91,1.1061187971273359,MAP_SCADA,151,0.002115981830570046
3,UPFC_tsh,5-15,-0.22666245066459617,91,-0.22775076519667356,MAP_SCADA,151,0.001088314532077389
4,UPFC_Vse,5-15,0.060089420272586895,91,0.059584928542038354,MAP_SCADA,151,0.0005044917305485411
5,UPFC_tse,5-15,-2.1467186392760302,91,-2.1375234122586417,MAP_SCADA,151,0.009195227017388508
0,x_tcsc,1-14,-0.1399247873648281,92,-0.13739222511450724,MAP_SCADA,151,0.0025325622503208634
1,B_svc,2,0.29473224820962973,92,0.2891647730129281,MAP_SCADA,151,0.005567475196701643
2,UPFC_Vsh,5-15,1.1051511651890191,92,1.1061187971273359,MAP_SCADA,151,0.0009676319383167264
3,UPFC_tsh,5-15,-0.22500880406455498,92,-0.22775076519667356,MAP_SCADA,151,0.002741961132118581
4,UPFC_Vse,5-15,0.059988637387086235,92,0.059584928542038354,MAP_SCADA,151,0.0004037088450478815
5,UPFC_tse,5-15,-2.143871600729615,92,-2.1375234122586417,MAP_SCADA,151,0.006348188470973071
0,x_tcsc,1-14,-0.13790532230246327,93,-0.13739222511450724,MAP_SCADA,151,0.0005130971879560298
1,B_svc,2,0.3013297835636175,93,0.2891647730129281,MAP_SCADA,151,0.012165010550689415
2,UPFC_Vsh,5-15,1.104168804741319,93,1.1061187971273359,MAP_SCADA,151,0.0019499923860168966
3,UPFC_tsh,5-15,-0.22684799687065,93,-0.22775076519667356,MAP_SCADA,151,0.0009027683260235675
4,UPFC_Vse,5-15,0.059842294193274324,93,0.059584928542038354,MAP_SCADA,151,0.0002573656512359704
5,UPFC_tse,5-15,-2.147633419958297,93,-2.1375234122586417,MAP_SCADA,151,0.010110007699655199
0,x_tcsc,1-14,-0.13938863310282984,94,-0.13739222511450724,MAP_SCADA,151,0.001996407988322596
1,B_svc,2,0.2980292208579397,94,0.2891647730129281,MAP_SCADA,151,0.008864447845011614
2,UPFC_Vsh,5-15,1.1039325054724765,94,1.1061187971273359,MAP_SCADA,151,0.002186291654859396
3,UPFC_tsh,5-15,-0.2264616265220565,94,-0.22775076519667356,MAP_SCADA,151,0.001289138674617052
4,UPFC_Vse,5-15,0.06017734177236146,94,0.059584928542038354,MAP_SCADA,151,0.0005924132303231078
5,UPFC_tse,5-15,-2.153993553239469,94,-2.1375234122586417,MAP_SCADA,151,0.01647014098082744
0,x_tcsc,1-14,-0.13950620660961183,95,-0.13739222511450724,MAP_SCADA,151,0.0021139814951045832
1,B_svc,2,0.29251821175293685,95,0.2891647730129281,MAP_SCADA,151,0.003353438740008763
2,UPFC_Vsh,5-15,1.1043324817035252,95,1.1061187971273359,MAP_SCADA,151,0.0017863154238106915
3,UPFC_tsh,5-15,-0.2259389986761963,95,-0.22775076519667356,MAP_SCADA,151,0.0018117665204772648
4,UPFC_Vse,5-15,0.060131204192603406,95,0.059584928542038354,MAP_SCADA,151,0.0005462756505650521
5,UPFC_tse,5-15,-2.1486542652587537,95,-2.1375234122586417,MAP_SCADA,151,0.011130853000111962
0,x_tcsc,1-14,-0.1380067973475561,96,-0.13739222511450724,MAP_SCADA,151,0.0006145722330488657
1,B_svc,2,0.3023121368267017,96,0.2891647730129281,MAP_SCADA,151,0.013147363813773627
2,UPFC_Vsh,5-15,1.1044147926848344,96,1.1061187971273359,MAP_SCADA,151,0.0017040044425014056
3,UPFC_tsh,5-15,-0.22676224099022252,96,-0.22775076519667356,MAP_SCADA,151,0.0009885242064510413
4,UPFC_Vse,5-15,0.06029829200515852,96,0.059584928542038354,MAP_SCADA,151,0.0007133634631201688
5,UPFC_tse,5-15,-2.1530578859010805,96,-2.1375234122586417,MAP_SCADA,151,0.015534473642438762
0,x_tcsc,1-14,-0.14075836433980002,97,-0.13739222511450724,MAP_SCADA,151,0.0033661392252927747
1,B_svc,2,0.2900573964944106,97,0.2891647730129281,MAP_SCADA,151,0.0008926234814825018
2,UPFC_Vsh,5-15,1.105770205928169,97,1.1061187971273359,MAP_SCADA,151,0.00034859119916674786
3,UPFC_tsh,5-15,-0.22466709487794193,97,-0.22775076519667356,MAP_SCADA,151,0.003083670318731635
4,UPFC_Vse,5-15,0.06021616597855937,97,0.059584928542038354,MAP_SCADA,151,0.0006312374365210136
5,UPFC_tse,5-15,-2.1442245668075404,97,-2.1375234122586417,MAP_SCADA,151,0.006701154548898636
0,x_tcsc,1-14,-0.13872154666830117,98,-0.13739222511450724,MAP_SCADA,151,0.0013293215537939218
1,B_svc,2,0.2932544069980707,98,0.2891647730129281,MAP_SCADA,151,0.0040896339851426156
2,UPFC_Vsh,5-15,1.1037015110597996,98,1.1061187971273359,MAP_SCADA,151,0.0024172860675362173
3,UPFC_tsh,5-15,-0.2263205983825664,98,-0.22775076519667356,MAP_SCADA,151,0.0014301668141071533
4,UPFC_Vse,5-15,0.06060918663511173,98,0.059584928542038354,MAP_SCADA,151,0.0010242580930733755
5,UPFC_tse,5-15,-2.1459582127355232,98,-2.1375234122586417,MAP_SCADA,151,0.008434800476881499
0,x_tcsc,1-14,-0.13955388499023125,99,-0.13739222511450724,MAP_SCADA,151,0.0021616598757240035
1,B_svc,2,0.29595704555838426,99,0.2891647730129281,MAP_SCADA,151,0.006792272545456168
2,UPFC_Vsh,5-15,1.1029095704837086,99,1.1061187971273359,MAP_SCADA,151,0.0032092266436272165
3,UPFC_tsh,5-15,-0.22589227804724954,99,-0.22775076519667356,MAP_SCADA,151,0.0018584871494240207
4,UPFC_Vse,5-15,0.060001423577760095,99,0.059584928542038354,MAP_SCADA,151,0.0004164950357217409
5,UPFC_tse,5-15,-2.152835962070224,99,-2.1375234122586417,MAP_SCADA,151,0.015312549811582254
0,x_tcsc,1-14,-0.13900849846393998,0,-0.13985838782808235,MAP_SCADA,153,0.0008498893641423755
1,B_svc,2,0.29650527170746127,0,0.3014592819457357,MAP_SCADA,153,0.004954010238274409
2,UPFC_Vsh,5-15,1.106444059367828,0,1.1047704921768118,MAP_SCADA,153,0.0016735671910161898
3,UPFC_tsh,5-15,-0.2245452545715806,0,-0.22619865019323943,MAP_SCADA,153,0.0016533956216588375
4,UPFC_Vse,5-15,0.06001100676389736,0,0.05833418409060813,MAP_SCADA,153,0.0016768226732892313
5,UPFC_tse,5-15,-2.145119974529498,0,-2.134175248315018,MAP_SCADA,153,0.010944726214480394
0,x_tcsc,1-14,-0.1396136637504605,1,-0.13985838782808235,MAP_SCADA,153,0.0002447240776218551
1,B_svc,2,0.2995471824231543,1,0.3014592819457357,MAP_SCADA,153,0.0019120995225813675
2,UPFC_Vsh,5-15,1.1028977000837634,1,1.1047704921768118,MAP_SCADA,153,0.0018727920930483588
3,UPFC_tsh,5-15,-0.2262309272513375,1,-0.22619865019323943,MAP_SCADA,153,3.2277058098079126e-05
4,UPFC_Vse,5-15,0.05984995870332151,1,0.05833418409060813,MAP_SCADA,153,0.0015157746127133775
5,UPFC_tse,5-15,-2.1443611494327808,1,-2.134175248315018,MAP_SCADA,153,0.010185901117762963
0,x_tcsc,1-14,-0.13936421795883266,2,-0.13985838782808235,MAP_SCADA,153,0.0004941698692496888
1,B_svc,2,0.29683653973325336,2,0.3014592819457357,MAP_SCADA,153,0.0046227422124823225
2,UPFC_Vsh,5-15,1.1033419492207521,2,1.1047704921768118,MAP_SCADA,153,0.001428542956059653
3,UPFC_tsh,5-15,-0.22632827632391825,2,-0.22619865019323943,MAP_SCADA,153,0.00012962613067882267
4,UPFC_Vse,5-15,0.06073139686472676,2,0.05833418409060813,MAP_SCADA,153,0.002397212774118633
5,UPFC_tse,5-15,-2.149609244944893,2,-2.134175248315018,MAP_SCADA,153,0.015433996629875324
0,x_tcsc,1-14,-0.13778624594440056,3,-0.13985838782808235,MAP_SCADA,153,0.002072141883681794
1,B_svc,2,0.30021723183472937,3,0.3014592819457357,MAP_SCADA,153,0.0012420501110063098
2,UPFC_Vsh,5-15,1.10401400666262,3,1.1047704921768118,MAP_SCADA,153,0.0007564855141917182
3,UPFC_tsh,5-15,-0.22767381252310107,3,-0.22619865019323943,MAP_SCADA,153,0.00147516232986164
4,UPFC_Vse,5-15,0.060583952678000985,3,0.05833418409060813,MAP_SCADA,153,0.002249768587392856
5,UPFC_tse,5-15,-2.1492311117466207,3,-2.134175248315018,MAP_SCADA,153,0.015055863431602923
0,x_tcsc,1-14,-0.13985462128825538,4,-0.13985838782808235,MAP_SCADA,153,3.7665398269770556e-06
1,B_svc,2,0.296188187833812,4,0.3014592819457357,MAP_SCADA,153,0.005271094111923669
2,UPFC_Vsh,5-15,1.1026767779516253,4,1.1047704921768118,MAP_SCADA,153,0.0020937142251864493
3,UPFC_tsh,5-15,-0.22641506895827404,4,-0.22619865019323943,MAP_SCADA,153,0.000216418765034615
4,UPFC_Vse,5-15,0.06010991456421456,4,0.05833418409060813,MAP_SCADA,153,0.001775730473606428
5,UPFC_tse,5-15,-2.149924163840019,4,-2.134175248315018,MAP_SCADA,153,0.015748915525001017
0,x_tcsc,1-14,-0.13746500879930573,5,-0.13985838782808235,MAP_SCADA,153,0.002393379028776621
1,B_svc,2,0.3034607542918911,5,0.3014592819457357,MAP_SCADA,153,0.002001472346155442
2,UPFC_Vsh,5-15,1.1006785286143699,5,1.1047704921768118,MAP_SCADA,153,0.004091963562441903
3,UPFC_tsh,5-15,-0.2273157736710889,5,-0.22619865019323943,MAP_SCADA,153,0.0011171234778494799
4,UPFC_Vse,5-15,0.06056989728741583,5,0.05833418409060813,MAP_SCADA,153,0.0022357131968077024
5,UPFC_tse,5-15,-2.1453666812389707,5,-2.134175248315018,MAP_SCADA,153,0.01119143292395286
0,x_tcsc,1-14,-0.13955901033275867,6,-0.13985838782808235,MAP_SCADA,153,0.0002993774953236883
1,B_svc,2,0.29902140685599293,6,0.3014592819457357,MAP_SCADA,153,0.002437875089742747
2,UPFC_Vsh,5-15,1.1051095689335,6,1.1047704921768118,MAP_SCADA,153,0.0003390767566882058
3,UPFC_tsh,5-15,-0.22587728813114563,6,-0.22619865019323943,MAP_SCADA,153,0.00032136206209379403
4,UPFC_Vse,5-15,0.06015700877506486,6,0.05833418409060813,MAP_SCADA,153,0.001822824684456728
5,UPFC_tse,5-15,-2.1523236559127263,6,-2.134175248315018,MAP_SCADA,153,0.018148407597708527
0,x_tcsc,1-14,-0.13802243210717918,7,-0.13985838782808235,MAP_SCADA,153,0.0018359557209031707
1,B_svc,2,0.2995903326742413,7,0.3014592819457357,MAP_SCADA,153,0.0018689492714943912
2,UPFC_Vsh,5-15,1.1043946694822493,7,1.1047704921768118,MAP_SCADA,153,0.00037582269456248873
3,UPFC_tsh,5-15,-0.22658864844167736,7,-0.22619865019323943,MAP_SCADA,153,0.0003899982484379394
4,UPFC_Vse,5-15,0.05985353630766828,7,0.05833418409060813,MAP_SCADA,153,0.0015193522170601492
5,UPFC_tse,5-15,-2.154106660539906,7,-2.134175248315018,MAP_SCADA,153,0.019931412224888145
0,x_tcsc,1-14,-0.13776651479993207,8,-0.13985838782808235,MAP_SCADA,153,0.0020918730281502818
1,B_svc,2,0.3034020605098786,8,0.3014592819457357,MAP_SCADA,153,0.001942778564142933
2,UPFC_Vsh,5-15,1.1038155449859017,8,1.1047704921768118,MAP_SCADA,153,0.0009549471909100493
3,UPFC_tsh,5-15,-0.22729311200001734,8,-0.22619865019323943,MAP_SCADA,153,0.0010944618067779133
4,UPFC_Vse,5-15,0.06036461132298206,8,0.05833418409060813,MAP_SCADA,153,0.002030427232373934
5,UPFC_tse,5-15,-2.1549856065944772,8,-2.134175248315018,MAP_SCADA,153,0.02081035827945943
0,x_tcsc,1-14,-0.13859247186509066,9,-0.13985838782808235,MAP_SCADA,153,0.0012659159629916927
1,B_svc,2,0.29578539085512373,9,0.3014592819457357,MAP_SCADA,153,0.005673891090611949
2,UPFC_Vsh,5-15,1.104393061880654,9,1.1047704921768118,MAP_SCADA,153,0.0003774302961578879
3,UPFC_tsh,5-15,-0.2264243969300444,9,-0.22619865019323943,MAP_SCADA,153,0.00022574673680497703
4,UPFC_Vse,5-15,0.060495454335872195,9,0.05833418409060813,MAP_SCADA,153,0.002161270245264066
5,UPFC_tse,5-15,-2.1472225881378324,9,-2.134175248315018,MAP_SCADA,153,0.013047339822814585
0,x_tcsc,1-14,-0.14084676336732707,10,-0.13985838782808235,MAP_SCADA,153,0.000988375539244718
1,B_svc,2,0.2932031951219014,10,0.3014592819457357,MAP_SCADA,153,0.008256086823834274
2,UPFC_Vsh,5-15,1.1049799922854475,10,1.1047704921768118,MAP_SCADA,153,0.00020950010863574065
3,UPFC_tsh,5-15,-0.22493217726351936,10,-0.22619865019323943,MAP_SCADA,153,0.0012664729297200694
4,UPFC_Vse,5-15,0.060052763771416585,10,0.05833418409060813,MAP_SCADA,153,0.001718579680808456
5,UPFC_tse,5-15,-2.148328019767737,10,-2.134175248315018,MAP_SCADA,153,0.014152771452719204
0,x_tcsc,1-14,-0.13935090874779182,11,-0.13985838782808235,MAP_SCADA,153,0.0005074790802905293
1,B_svc,2,0.3000827842332406,11,0.3014592819457357,MAP_SCADA,153,0.001376497712495095
2,UPFC_Vsh,5-15,1.104322749806619,11,1.1047704921768118,MAP_SCADA,153,0.00044774237019273855
3,UPFC_tsh,5-15,-0.22644285374367815,11,-0.22619865019323943,MAP_SCADA,153,0.0002442035504387208
4,UPFC_Vse,5-15,0.06061384937727731,11,0.05833418409060813,MAP_SCADA,153,0.0022796652866691816
5,UPFC_tse,5-15,-2.1500395355490904,11,-2.134175248315018,MAP_SCADA,153,0.015864287234072627
0,x_tcsc,1-14,-0.13886661964430397,12,-0.13985838782808235,MAP_SCADA,153,0.0009917681837783854
1,B_svc,2,0.30316520299571653,12,0.3014592819457357,MAP_SCADA,153,0.001705921049980852
2,UPFC_Vsh,5-15,1.1014851436299993,12,1.1047704921768118,MAP_SCADA,153,0.0032853485468125054
3,UPFC_tsh,5-15,-0.2265947577998115,12,-0.22619865019323943,MAP_SCADA,153,0.000396107606572077
4,UPFC_Vse,5-15,0.05951054582410368,12,0.05833418409060813,MAP_SCADA,153,0.0011763617334955498
5,UPFC_tse,5-15,-2.1481486842702813,12,-2.134175248315018,MAP_SCADA,153,0.013973435955263458
0,x_tcsc,1-14,-0.13751298016279592,13,-0.13985838782808235,MAP_SCADA,153,0.002345407665286431
1,B_svc,2,0.30138813066979114,13,0.3014592819457357,MAP_SCADA,153,7.115127594453652e-05
2,UPFC_Vsh,5-15,1.1048805629058702,13,1.1047704921768118,MAP_SCADA,153,0.0001100707290584424
3,UPFC_tsh,5-15,-0.22692624201313333,13,-0.22619865019323943,MAP_SCADA,153,0.0007275918198939024
4,UPFC_Vse,5-15,0.05976662311998865,13,0.05833418409060813,MAP_SCADA,153,0.0014324390293805195
5,UPFC_tse,5-15,-2.1511226488263433,13,-2.134175248315018,MAP_SCADA,153,0.016947400511325483
0,x_tcsc,1-14,-0.1387119073551927,14,-0.13985838782808235,MAP_SCADA,153,0.0011464804728896494
1,B_svc,2,0.2991060203265386,14,0.3014592819457357,MAP_SCADA,153,0.002353261619197078
2,UPFC_Vsh,5-15,1.1043098255803496,14,1.1047704921768118,MAP_SCADA,153,0.0004606665964621559
3,UPFC_tsh,5-15,-0.22659362725435733,14,-0.22619865019323943,MAP_SCADA,153,0.0003949770611179071
4,UPFC_Vse,5-15,0.05993925440151864,14,0.05833418409060813,MAP_SCADA,153,0.0016050703109105127
5,UPFC_tse,5-15,-2.147403003091212,14,-2.134175248315018,MAP_SCADA,153,0.01322775477619409
0,x_tcsc,1-14,-0.1401347877250689,15,-0.13985838782808235,MAP_SCADA,153,0.0002763998969865511
1,B_svc,2,0.29719327447259053,15,0.3014592819457357,MAP_SCADA,153,0.00426600747314515
2,UPFC_Vsh,5-15,1.10514278782043,15,1.1047704921768118,MAP_SCADA,153,0.00037229564361829226
3,UPFC_tsh,5-15,-0.22475059684335258,15,-0.22619865019323943,MAP_SCADA,153,0.0014480533498868464
4,UPFC_Vse,5-15,0.05974653222629669,15,0.05833418409060813,MAP_SCADA,153,0.0014123481356885584
5,UPFC_tse,5-15,-2.1454506699074596,15,-2.134175248315018,MAP_SCADA,153,0.01127542159244177
0,x_tcsc,1-14,-0.13657497542089506,16,-0.13985838782808235,MAP_SCADA,153,0.003283412407187297
1,B_svc,2,0.3050354964593784,16,0.3014592819457357,MAP_SCADA,153,0.003576214513642706
2,UPFC_Vsh,5-15,1.1042529235454521,16,1.1047704921768118,MAP_SCADA,153,0.000517568631359655
3,UPFC_tsh,5-15,-0.2272530051578728,16,-0.22619865019323943,MAP_SCADA,153,0.0010543549646333805
4,UPFC_Vse,5-15,0.05994727137748766,16,0.05833418409060813,MAP_SCADA,153,0.0016130872868795332
5,UPFC_tse,5-15,-2.1525110522626387,16,-2.134175248315018,MAP_SCADA,153,0.01833580394762091
0,x_tcsc,1-14,-0.14031858933454772,17,-0.13985838782808235,MAP_SCADA,153,0.00046020150646536306
1,B_svc,2,0.29837338229458993,17,0.3014592819457357,MAP_SCADA,153,0.0030858996511457515
2,UPFC_Vsh,5-15,1.1048099590733964,17,1.1047704921768118,MAP_SCADA,153,3.9466896584627875e-05
3,UPFC_tsh,5-15,-0.2258268842497113,17,-0.22619865019323943,MAP_SCADA,153,0.0003717659435281129
4,UPFC_Vse,5-15,0.060018761302233874,17,0.05833418409060813,MAP_SCADA,153,0.0016845772116257443
5,UPFC_tse,5-15,-2.1445126629522857,17,-2.134175248315018,MAP_SCADA,153,0.010337414637267894
0,x_tcsc,1-14,-0.13862398376095758,18,-0.13985838782808235,MAP_SCADA,153,0.0012344040671247725
1,B_svc,2,0.30051063411948875,18,0.3014592819457357,MAP_SCADA,153,0.0009486478262469289
2,UPFC_Vsh,5-15,1.1036263093848822,18,1.1047704921768118,MAP_SCADA,153,0.0011441827919296266
3,UPFC_tsh,5-15,-0.22631897737870346,18,-0.22619865019323943,MAP_SCADA,153,0.00012032718546403642
4,UPFC_Vse,5-15,0.06059917772140851,18,0.05833418409060813,MAP_SCADA,153,0.002264993630800384
5,UPFC_tse,5-15,-2.1481598405459894,18,-2.134175248315018,MAP_SCADA,153,0.013984592230971593
0,x_tcsc,1-14,-0.13997150805289785,19,-0.13985838782808235,MAP_SCADA,153,0.00011312022481549389
1,B_svc,2,0.2975385393396756,19,0.3014592819457357,MAP_SCADA,153,0.003920742606060068
2,UPFC_Vsh,5-15,1.102397254952331,19,1.1047704921768118,MAP_SCADA,153,0.0023732372244806843
3,UPFC_tsh,5-15,-0.22583042910126308,19,-0.22619865019323943,MAP_SCADA,153,0.0003682210919763451
4,UPFC_Vse,5-15,0.06029962107356366,19,0.05833418409060813,MAP_SCADA,153,0.0019654369829555304
5,UPFC_tse,5-15,-2.1511675257445853,19,-2.134175248315018,MAP_SCADA,153,0.016992277429567437
0,x_tcsc,1-14,-0.13996105232389777,20,-0.13985838782808235,MAP_SCADA,153,0.00010266449581541881
1,B_svc,2,0.2921272452893663,20,0.3014592819457357,MAP_SCADA,153,0.009332036656369391
2,UPFC_Vsh,5-15,1.1059558536829384,20,1.1047704921768118,MAP_SCADA,153,0.001185361506126581
3,UPFC_tsh,5-15,-0.22446458794532617,20,-0.22619865019323943,MAP_SCADA,153,0.001734062247913254
4,UPFC_Vse,5-15,0.05986600732266241,20,0.05833418409060813,MAP_SCADA,153,0.0015318232320542802
5,UPFC_tse,5-15,-2.1451598095664512,20,-2.134175248315018,MAP_SCADA,153,0.010984561251433433
0,x_tcsc,1-14,-0.13822667342328782,21,-0.13985838782808235,MAP_SCADA,153,0.0016317144047945376
1,B_svc,2,0.2972723864116842,21,0.3014592819457357,MAP_SCADA,153,0.0041868955340514935
2,UPFC_Vsh,5-15,1.1041169664709394,21,1.1047704921768118,MAP_SCADA,153,0.0006535257058724042
3,UPFC_tsh,5-15,-0.22696494078320859,21,-0.22619865019323943,MAP_SCADA,153,0.0007662905899691597
4,UPFC_Vse,5-15,0.06022746905635116,21,0.05833418409060813,MAP_SCADA,153,0.0018932849657430292
5,UPFC_tse,5-15,-2.152488046930867,21,-2.134175248315018,MAP_SCADA,153,0.018312798615849335
0,x_tcsc,1-14,-0.1385780621689011,22,-0.13985838782808235,MAP_SCADA,153,0.001280325659181264
1,B_svc,2,0.295866779953715,22,0.3014592819457357,MAP_SCADA,153,0.00559250199202066
2,UPFC_Vsh,5-15,1.1060783732776556,22,1.1047704921768118,MAP_SCADA,153,0.0013078811008437885
3,UPFC_tsh,5-15,-0.22534572355539284,22,-0.22619865019323943,MAP_SCADA,153,0.000852926637846585
4,UPFC_Vse,5-15,0.059450675865346955,22,0.05833418409060813,MAP_SCADA,153,0.0011164917747388259
5,UPFC_tse,5-15,-2.1468013562424364,22,-2.134175248315018,MAP_SCADA,153,0.012626107927418584
0,x_tcsc,1-14,-0.1402901868998003,23,-0.13985838782808235,MAP_SCADA,153,0.0004317990717179476
1,B_svc,2,0.28873643190744297,23,0.3014592819457357,MAP_SCADA,153,0.01272285003829271
2,UPFC_Vsh,5-15,1.104882461923429,23,1.1047704921768118,MAP_SCADA,153,0.00011196974661720205
3,UPFC_tsh,5-15,-0.2252051158164447,23,-0.22619865019323943,MAP_SCADA,153,0.0009935343767947247
4,UPFC_Vse,5-15,0.0602245918602625,23,0.05833418409060813,MAP_SCADA,153,0.0018904077696543717
5,UPFC_tse,5-15,-2.143819747526403,23,-2.134175248315018,MAP_SCADA,153,0.009644499211385327
0,x_tcsc,1-14,-0.1392743045440156,24,-0.13985838782808235,MAP_SCADA,153,0.0005840832840667554
1,B_svc,2,0.29738585302713844,24,0.3014592819457357,MAP_SCADA,153,0.004073428918597244
2,UPFC_Vsh,5-15,1.1045794019361654,24,1.1047704921768118,MAP_SCADA,153,0.00019109024064634106
3,UPFC_tsh,5-15,-0.22649652881257448,24,-0.22619865019323943,MAP_SCADA,153,0.0002978786193350569
4,UPFC_Vse,5-15,0.060071837795885465,24,0.05833418409060813,MAP_SCADA,153,0.0017376537052773353
5,UPFC_tse,5-15,-2.1422016412545237,24,-2.134175248315018,MAP_SCADA,153,0.00802639293950591
0,x_tcsc,1-14,-0.1377908231437233,25,-0.13985838782808235,MAP_SCADA,153,0.0020675646843590634
1,B_svc,2,0.3061252413607257,25,0.3014592819457357,MAP_SCADA,153,0.00466595941499004
2,UPFC_Vsh,5-15,1.1034073057683083,25,1.1047704921768118,MAP_SCADA,153,0.001363186408503525
3,UPFC_tsh,5-15,-0.22768260667530446,25,-0.22619865019323943,MAP_SCADA,153,0.0014839564820650353
4,UPFC_Vse,5-15,0.06020619773713513,25,0.05833418409060813,MAP_SCADA,153,0.0018720136465269974
5,UPFC_tse,5-15,-2.150180709765505,25,-2.134175248315018,MAP_SCADA,153,0.01600546145048698
0,x_tcsc,1-14,-0.1385486551204919,26,-0.13985838782808235,MAP_SCADA,153,0.0013097327075904663
1,B_svc,2,0.300807778883365,26,0.3014592819457357,MAP_SCADA,153,0.0006515030623706619
2,UPFC_Vsh,5-15,1.1039094048672455,26,1.1047704921768118,MAP_SCADA,153,0.0008610873095662441
3,UPFC_tsh,5-15,-0.2259080636694409,26,-0.22619865019323943,MAP_SCADA,153,0.0002905865237985139
4,UPFC_Vse,5-15,0.0608357430479533,26,0.05833418409060813,MAP_SCADA,153,0.0025015589573451694
5,UPFC_tse,5-15,-2.1503445282371287,26,-2.134175248315018,MAP_SCADA,153,0.016169279922110924
0,x_tcsc,1-14,-0.13881034278722607,27,-0.13985838782808235,MAP_SCADA,153,0.001048045040856288
1,B_svc,2,0.2914728599813028,27,0.3014592819457357,MAP_SCADA,153,0.00998642196443289
2,UPFC_Vsh,5-15,1.104849217491168,27,1.1047704921768118,MAP_SCADA,153,7.872531435615393e-05
3,UPFC_tsh,5-15,-0.225308752946577,27,-0.22619865019323943,MAP_SCADA,153,0.0008898972466624133
4,UPFC_Vse,5-15,0.06004084817340249,27,0.05833418409060813,MAP_SCADA,153,0.0017066640827943583
5,UPFC_tse,5-15,-2.148496938186742,27,-2.134175248315018,MAP_SCADA,153,0.014321689871723997
0,x_tcsc,1-14,-0.13913273389529263,28,-0.13985838782808235,MAP_SCADA,153,0.0007256539327897271
1,B_svc,2,0.296591253501489,28,0.3014592819457357,MAP_SCADA,153,0.004868028444246664
2,UPFC_Vsh,5-15,1.106067300145302,28,1.1047704921768118,MAP_SCADA,153,0.0012968079684902989
3,UPFC_tsh,5-15,-0.2247781884335331,28,-0.22619865019323943,MAP_SCADA,153,0.0014204617597063374
4,UPFC_Vse,5-15,0.060115046821960276,28,0.05833418409060813,MAP_SCADA,153,0.0017808627313521466
5,UPFC_tse,5-15,-2.143399854831133,28,-2.134175248315018,MAP_SCADA,153,0.00922460651611523
0,x_tcsc,1-14,-0.13888452296679737,29,-0.13985838782808235,MAP_SCADA,153,0.0009738648612849787
1,B_svc,2,0.2992698066686642,29,0.3014592819457357,MAP_SCADA,153,0.002189475277071473
2,UPFC_Vsh,5-15,1.10514048130782,29,1.1047704921768118,MAP_SCADA,153,0.0003699891310082748
3,UPFC_tsh,5-15,-0.22565557417003165,29,-0.22619865019323943,MAP_SCADA,153,0.0005430760232077725
4,UPFC_Vse,5-15,0.05959903426723671,29,0.05833418409060813,MAP_SCADA,153,0.0012648501766285777
5,UPFC_tse,5-15,-2.1487909286896563,29,-2.134175248315018,MAP_SCADA,153,0.014615680374638451
0,x_tcsc,1-14,-0.13966994289115525,30,-0.13985838782808235,MAP_SCADA,153,0.0001884449369271013
1,B_svc,2,0.29765113418232697,30,0.3014592819457357,MAP_SCADA,153,0.003808147763408709
2,UPFC_Vsh,5-15,1.1025388252883417,30,1.1047704921768118,MAP_SCADA,153,0.0022316668884700963
3,UPFC_tsh,5-15,-0.22632311264655752,30,-0.22619865019323943,MAP_SCADA,153,0.00012446245331809713
4,UPFC_Vse,5-15,0.060273030760081885,30,0.05833418409060813,MAP_SCADA,153,0.0019388466694737552
5,UPFC_tse,5-15,-2.1470760271765768,30,-2.134175248315018,MAP_SCADA,153,0.012900778861558937
0,x_tcsc,1-14,-0.1396459351331978,31,-0.13985838782808235,MAP_SCADA,153,0.00021245269488454066
1,B_svc,2,0.29859178983973,31,0.3014592819457357,MAP_SCADA,153,0.0028674921060056757
2,UPFC_Vsh,5-15,1.103772856341603,31,1.1047704921768118,MAP_SCADA,153,0.0009976358352088432
3,UPFC_tsh,5-15,-0.22586435764479773,31,-0.22619865019323943,MAP_SCADA,153,0.00033429254844169476
4,UPFC_Vse,5-15,0.060196723858506794,31,0.05833418409060813,MAP_SCADA,153,0.0018625397678986647
5,UPFC_tse,5-15,-2.149224612485506,31,-2.134175248315018,MAP_SCADA,153,0.0150493641704883
0,x_tcsc,1-14,-0.13746908066422436,32,-0.13985838782808235,MAP_SCADA,153,0.00238930716385799
1,B_svc,2,0.3038280239187001,32,0.3014592819457357,MAP_SCADA,153,0.0023687419729644388
2,UPFC_Vsh,5-15,1.103889255951134,32,1.1047704921768118,MAP_SCADA,153,0.0008812362256778172
3,UPFC_tsh,5-15,-0.22775698399944186,32,-0.22619865019323943,MAP_SCADA,153,0.0015583338062024332
4,UPFC_Vse,5-15,0.06038293076645081,32,0.05833418409060813,MAP_SCADA,153,0.0020487466758426776
5,UPFC_tse,5-15,-2.1500529755168016,32,-2.134175248315018,MAP_SCADA,153,0.01587772720178382
0,x_tcsc,1-14,-0.1407724381384244,33,-0.13985838782808235,MAP_SCADA,153,0.0009140503103420572
1,B_svc,2,0.29109702121632824,33,0.3014592819457357,MAP_SCADA,153,0.010362260729407435
2,UPFC_Vsh,5-15,1.1061593864183283,33,1.1047704921768118,MAP_SCADA,153,0.0013888942415165584
3,UPFC_tsh,5-15,-0.22444767867505602,33,-0.22619865019323943,MAP_SCADA,153,0.001750971518183403
4,UPFC_Vse,5-15,0.05977371883798552,33,0.05833418409060813,MAP_SCADA,153,0.0014395347473773884
5,UPFC_tse,5-15,-2.14828422550704,33,-2.134175248315018,MAP_SCADA,153,0.014108977192022198
0,x_tcsc,1-14,-0.1396247852341707,34,-0.13985838782808235,MAP_SCADA,153,0.0002336025939116415
1,B_svc,2,0.29625064662459444,34,0.3014592819457357,MAP_SCADA,153,0.005208635321141242
2,UPFC_Vsh,5-15,1.104409373734565,34,1.1047704921768118,MAP_SCADA,153,0.00036111844224673284
3,UPFC_tsh,5-15,-0.2260998187080884,34,-0.22619865019323943,MAP_SCADA,153,9.883148515102413e-05
4,UPFC_Vse,5-15,0.060423493335265026,34,0.05833418409060813,MAP_SCADA,153,0.0020893092446568964
5,UPFC_tse,5-15,-2.148531035273312,34,-2.134175248315018,MAP_SCADA,153,0.014355786958294203
0,x_tcsc,1-14,-0.13747071296096938,35,-0.13985838782808235,MAP_SCADA,153,0.002387674867112971
1,B_svc,2,0.2970031945926777,35,0.3014592819457357,MAP_SCADA,153,0.004456087353057969
2,UPFC_Vsh,5-15,1.1043141540277561,35,1.1047704921768118,MAP_SCADA,153,0.0004563381490556573
3,UPFC_tsh,5-15,-0.22689694102156815,35,-0.22619865019323943,MAP_SCADA,153,0.0006982908283287292
4,UPFC_Vse,5-15,0.06012317071876644,35,0.05833418409060813,MAP_SCADA,153,0.0017889866281583094
5,UPFC_tse,5-15,-2.149481545118172,35,-2.134175248315018,MAP_SCADA,153,0.015306296803154318
0,x_tcsc,1-14,-0.14022767642520453,36,-0.13985838782808235,MAP_SCADA,153,0.00036928859712218043
1,B_svc,2,0.2945503832650932,36,0.3014592819457357,MAP_SCADA,153,0.0069088986806424835
2,UPFC_Vsh,5-15,1.1042972523376584,36,1.1047704921768118,MAP_SCADA,153,0.0004732398391533721
3,UPFC_tsh,5-15,-0.22502397668760352,36,-0.22619865019323943,MAP_SCADA,153,0.0011746735056359092
4,UPFC_Vse,5-15,0.05990084617611401,36,0.05833418409060813,MAP_SCADA,153,0.0015666620855058835
5,UPFC_tse,5-15,-2.145775581524078,36,-2.134175248315018,MAP_SCADA,153,0.011600333209060398
0,x_tcsc,1-14,-0.13930864788106107,37,-0.13985838782808235,MAP_SCADA,153,0.0005497399470212883
1,B_svc,2,0.2985366169832528,37,0.3014592819457357,MAP_SCADA,153,0.0029226649624828904
2,UPFC_Vsh,5-15,1.1055109564919188,37,1.1047704921768118,MAP_SCADA,153,0.0007404643151069923
3,UPFC_tsh,5-15,-0.22576395725073525,37,-0.22619865019323943,MAP_SCADA,153,0.00043469294250417234
4,UPFC_Vse,5-15,0.05957450635499889,37,0.05833418409060813,MAP_SCADA,153,0.0012403222643907613
5,UPFC_tse,5-15,-2.1485789670072792,37,-2.134175248315018,MAP_SCADA,153,0.014403718692261425
0,x_tcsc,1-14,-0.13876399333863584,38,-0.13985838782808235,MAP_SCADA,153,0.0010943944894465096
1,B_svc,2,0.29775285732011453,38,0.3014592819457357,MAP_SCADA,153,0.003706424625621152
2,UPFC_Vsh,5-15,1.104689520361175,38,1.1047704921768118,MAP_SCADA,153,8.097181563671008e-05
3,UPFC_tsh,5-15,-0.22595945019195673,38,-0.22619865019323943,MAP_SCADA,153,0.00023920000128269114
4,UPFC_Vse,5-15,0.060351667486153455,38,0.05833418409060813,MAP_SCADA,153,0.002017483395545326
5,UPFC_tse,5-15,-2.1462755904313355,38,-2.134175248315018,MAP_SCADA,153,0.01210034211631772
0,x_tcsc,1-14,-0.13888872058816598,39,-0.13985838782808235,MAP_SCADA,153,0.0009696672399163719
1,B_svc,2,0.30026952731217943,39,0.3014592819457357,MAP_SCADA,153,0.0011897546335562503
2,UPFC_Vsh,5-15,1.1035081667959006,39,1.1047704921768118,MAP_SCADA,153,0.0012623253809112
3,UPFC_tsh,5-15,-0.22685329721329714,39,-0.22619865019323943,MAP_SCADA,153,0.0006546470200577137
4,UPFC_Vse,5-15,0.060193805382303366,39,0.05833418409060813,MAP_SCADA,153,0.0018596212916952362
5,UPFC_tse,5-15,-2.1480449289464985,39,-2.134175248315018,MAP_SCADA,153,0.013869680631480641
0,x_tcsc,1-14,-0.1380881425081221,40,-0.13985838782808235,MAP_SCADA,153,0.0017702453199602564
1,B_svc,2,0.305150873703634,40,0.3014592819457357,MAP_SCADA,153,0.0036915917578982937
2,UPFC_Vsh,5-15,1.1010648603053346,40,1.1047704921768118,MAP_SCADA,153,0.0037056318714772107
3,UPFC_tsh,5-15,-0.2285433630113417,40,-0.22619865019323943,MAP_SCADA,153,0.002344712818102279
4,UPFC_Vse,5-15,0.06086204016250076,40,0.05833418409060813,MAP_SCADA,153,0.0025278560718926327
5,UPFC_tse,5-15,-2.148631665556464,40,-2.134175248315018,MAP_SCADA,153,0.014456417241446307
0,x_tcsc,1-14,-0.1387186169873437,41,-0.13985838782808235,MAP_SCADA,153,0.0011397708407386575
1,B_svc,2,0.29322018540771627,41,0.3014592819457357,MAP_SCADA,153,0.008239096538019408
2,UPFC_Vsh,5-15,1.1038591215574631,41,1.1047704921768118,MAP_SCADA,153,0.0009113706193486504
3,UPFC_tsh,5-15,-0.22602840755094478,41,-0.22619865019323943,MAP_SCADA,153,0.00017024264229464903
4,UPFC_Vse,5-15,0.060643180625298665,41,0.05833418409060813,MAP_SCADA,153,0.0023089965346905356
5,UPFC_tse,5-15,-2.1511423510924637,41,-2.134175248315018,MAP_SCADA,153,0.01696710277744584
0,x_tcsc,1-14,-0.1399054585652153,42,-0.13985838782808235,MAP_SCADA,153,4.707073713294818e-05
1,B_svc,2,0.29691859176243846,42,0.3014592819457357,MAP_SCADA,153,0.004540690183297225
2,UPFC_Vsh,5-15,1.1044028256050389,42,1.1047704921768118,MAP_SCADA,153,0.0003676665717728955
3,UPFC_tsh,5-15,-0.2256305853352938,42,-0.22619865019323943,MAP_SCADA,153,0.0005680648579456382
4,UPFC_Vse,5-15,0.060075035419874336,42,0.05833418409060813,MAP_SCADA,153,0.0017408513292662062
5,UPFC_tse,5-15,-2.144996823734121,42,-2.134175248315018,MAP_SCADA,153,0.010821575419103002
0,x_tcsc,1-14,-0.13845023221293154,43,-0.13985838782808235,MAP_SCADA,153,0.0014081556151508134
1,B_svc,2,0.2982945498498663,43,0.3014592819457357,MAP_SCADA,153,0.0031647320958693714
2,UPFC_Vsh,5-15,1.1058482160010459,43,1.1047704921768118,MAP_SCADA,153,0.0010777238242341003
3,UPFC_tsh,5-15,-0.2259417019098907,43,-0.22619865019323943,MAP_SCADA,153,0.00025694828334871245
4,UPFC_Vse,5-15,0.0596267769348247,43,0.05833418409060813,MAP_SCADA,153,0.0012925928442165738
5,UPFC_tse,5-15,-2.1476228475067285,43,-2.134175248315018,MAP_SCADA,153,0.01344759919171068
0,x_tcsc,1-14,-0.139811517951264,44,-0.13985838782808235,MAP_SCADA,153,4.686987681834509e-05
1,B_svc,2,0.29671087376323174,44,0.3014592819457357,MAP_SCADA,153,0.004748408182503938
2,UPFC_Vsh,5-15,1.1028977831949425,44,1.1047704921768118,MAP_SCADA,153,0.0018727089818693088
3,UPFC_tsh,5-15,-0.22646896973694672,44,-0.22619865019323943,MAP_SCADA,153,0.0002703195437072925
4,UPFC_Vse,5-15,0.06049594237847763,44,0.05833418409060813,MAP_SCADA,153,0.002161758287869499
5,UPFC_tse,5-15,-2.1480555669771535,44,-2.134175248315018,MAP_SCADA,153,0.013880318662135682
0,x_tcsc,1-14,-0.14052857428117096,45,-0.13985838782808235,MAP_SCADA,153,0.0006701864530886115
1,B_svc,2,0.29656433459849,45,0.3014592819457357,MAP_SCADA,153,0.0048949473472456595
2,UPFC_Vsh,5-15,1.105353337485876,45,1.1047704921768118,MAP_SCADA,153,0.0005828453090641617
3,UPFC_tsh,5-15,-0.2250383220991583,45,-0.22619865019323943,MAP_SCADA,153,0.00116032809408112
4,UPFC_Vse,5-15,0.05983092960988044,45,0.05833418409060813,MAP_SCADA,153,0.0014967455192723134
5,UPFC_tse,5-15,-2.1495930852050207,45,-2.134175248315018,MAP_SCADA,153,0.015417836890002867
0,x_tcsc,1-14,-0.13895079535319532,46,-0.13985838782808235,MAP_SCADA,153,0.0009075924748870312
1,B_svc,2,0.2964461038118466,46,0.3014592819457357,MAP_SCADA,153,0.0050131781338890735
2,UPFC_Vsh,5-15,1.1048489870248948,46,1.1047704921768118,MAP_SCADA,153,7.849484808297724e-05
3,UPFC_tsh,5-15,-0.22489720469760976,46,-0.22619865019323943,MAP_SCADA,153,0.0013014454956296606
4,UPFC_Vse,5-15,0.06055886878461661,46,0.05833418409060813,MAP_SCADA,153,0.0022246846940084802
5,UPFC_tse,5-15,-2.143860217935244,46,-2.134175248315018,MAP_SCADA,153,0.009684969620226358
0,x_tcsc,1-14,-0.13913388965149576,47,-0.13985838782808235,MAP_SCADA,153,0.0007244981765865965
1,B_svc,2,0.2984715848952935,47,0.3014592819457357,MAP_SCADA,153,0.002987697050442162
2,UPFC_Vsh,5-15,1.103504153241162,47,1.1047704921768118,MAP_SCADA,153,0.0012663389356497579
3,UPFC_tsh,5-15,-0.22569345557829593,47,-0.22619865019323943,MAP_SCADA,153,0.0005051946149434994
4,UPFC_Vse,5-15,0.0599048945666807,47,0.05833418409060813,MAP_SCADA,153,0.0015707104760725732
5,UPFC_tse,5-15,-2.147264956699322,47,-2.134175248315018,MAP_SCADA,153,0.01308970838430401
0,x_tcsc,1-14,-0.1388308665670919,48,-0.13985838782808235,MAP_SCADA,153,0.001027521260990455
1,B_svc,2,0.2980432939421639,48,0.3014592819457357,MAP_SCADA,153,0.0034159880035717904
2,UPFC_Vsh,5-15,1.1046129074545643,48,1.1047704921768118,MAP_SCADA,153,0.00015758472224747244
3,UPFC_tsh,5-15,-0.22600620862937293,48,-0.22619865019323943,MAP_SCADA,153,0.0001924415638664967
4,UPFC_Vse,5-15,0.059986161692255846,48,0.05833418409060813,MAP_SCADA,153,0.0016519776016477167
5,UPFC_tse,5-15,-2.1500646836679387,48,-2.134175248315018,MAP_SCADA,153,0.015889435352920867
0,x_tcsc,1-14,-0.13678999882709117,49,-0.13985838782808235,MAP_SCADA,153,0.003068389000991184
1,B_svc,2,0.3048122495750491,49,0.3014592819457357,MAP_SCADA,153,0.003352967629313419
2,UPFC_Vsh,5-15,1.1028142767271474,49,1.1047704921768118,MAP_SCADA,153,0.0019562154496644
3,UPFC_tsh,5-15,-0.22789640504364608,49,-0.22619865019323943,MAP_SCADA,153,0.0016977548504066575
4,UPFC_Vse,5-15,0.06019102860432917,49,0.05833418409060813,MAP_SCADA,153,0.0018568445137210413
5,UPFC_tse,5-15,-2.1502166423072926,49,-2.134175248315018,MAP_SCADA,153,0.016041393992274777
0,x_tcsc,1-14,-0.13844327078259241,50,-0.13985838782808235,MAP_SCADA,153,0.0014151170454899387
1,B_svc,2,0.296185019327285,50,0.3014592819457357,MAP_SCADA,153,0.005274262618450654
2,UPFC_Vsh,5-15,1.103699644975238,50,1.1047704921768118,MAP_SCADA,153,0.001070847201573688
3,UPFC_tsh,5-15,-0.22623525675338108,50,-0.22619865019323943,MAP_SCADA,153,3.660656014164987e-05
4,UPFC_Vse,5-15,0.060455226854863514,50,0.05833418409060813,MAP_SCADA,153,0.0021210427642553847
5,UPFC_tse,5-15,-2.147736097903853,50,-2.134175248315018,MAP_SCADA,153,0.0135608495888353
0,x_tcsc,1-14,-0.13932493877968363,51,-0.13985838782808235,MAP_SCADA,153,0.0005334490483987209
1,B_svc,2,0.29545982958944195,51,0.3014592819457357,MAP_SCADA,153,0.005999452356293733
2,UPFC_Vsh,5-15,1.1041996971003738,51,1.1047704921768118,MAP_SCADA,153,0.0005707950764379799
3,UPFC_tsh,5-15,-0.2259362461468297,51,-0.22619865019323943,MAP_SCADA,153,0.00026240404640973103
4,UPFC_Vse,5-15,0.060608605431686384,51,0.05833418409060813,MAP_SCADA,153,0.0022744213410782546
5,UPFC_tse,5-15,-2.147654032566646,51,-2.134175248315018,MAP_SCADA,153,0.013478784251628184
0,x_tcsc,1-14,-0.13877429196352978,52,-0.13985838782808235,MAP_SCADA,153,0.0010840958645525756
1,B_svc,2,0.2955519365557847,52,0.3014592819457357,MAP_SCADA,153,0.005907345389950969
2,UPFC_Vsh,5-15,1.103401285053523,52,1.1047704921768118,MAP_SCADA,153,0.001369207123288696
3,UPFC_tsh,5-15,-0.2256970092293021,52,-0.22619865019323943,MAP_SCADA,153,0.0005016409639373165
4,UPFC_Vse,5-15,0.060037529394786515,52,0.05833418409060813,MAP_SCADA,153,0.0017033453041783858
5,UPFC_tse,5-15,-2.1502566117296222,52,-2.134175248315018,MAP_SCADA,153,0.01608136341460442
0,x_tcsc,1-14,-0.13719206890746846,53,-0.13985838782808235,MAP_SCADA,153,0.0026663189206138915
1,B_svc,2,0.2997239554174644,53,0.3014592819457357,MAP_SCADA,153,0.001735326528271297
2,UPFC_Vsh,5-15,1.1040769980954428,53,1.1047704921768118,MAP_SCADA,153,0.0006934940813689838
3,UPFC_tsh,5-15,-0.22720083749051107,53,-0.22619865019323943,MAP_SCADA,153,0.0010021872972716395
4,UPFC_Vse,5-15,0.06010456096434186,53,0.05833418409060813,MAP_SCADA,153,0.0017703768737337283
5,UPFC_tse,5-15,-2.1545612967427794,53,-2.134175248315018,MAP_SCADA,153,0.020386048427761594
0,x_tcsc,1-14,-0.13798824104664212,54,-0.13985838782808235,MAP_SCADA,153,0.001870146781440235
1,B_svc,2,0.30227977719608706,54,0.3014592819457357,MAP_SCADA,153,0.0008204952503513829
2,UPFC_Vsh,5-15,1.103186529193495,54,1.1047704921768118,MAP_SCADA,153,0.0015839629833167557
3,UPFC_tsh,5-15,-0.22683808163686253,54,-0.22619865019323943,MAP_SCADA,153,0.0006394314436231063
4,UPFC_Vse,5-15,0.06059927539276227,54,0.05833418409060813,MAP_SCADA,153,0.002265091302154139
5,UPFC_tse,5-15,-2.1470201328700975,54,-2.134175248315018,MAP_SCADA,153,0.012844884555079705
0,x_tcsc,1-14,-0.13861819969654465,55,-0.13985838782808235,MAP_SCADA,153,0.0012401881315377006
1,B_svc,2,0.2982281439530429,55,0.3014592819457357,MAP_SCADA,153,0.0032311379926927564
2,UPFC_Vsh,5-15,1.1062975037791578,55,1.1047704921768118,MAP_SCADA,153,0.001527011602346029
3,UPFC_tsh,5-15,-0.2256201950046325,55,-0.22619865019323943,MAP_SCADA,153,0.0005784551886069134
4,UPFC_Vse,5-15,0.06010544691893832,55,0.05833418409060813,MAP_SCADA,153,0.0017712628283301918
5,UPFC_tse,5-15,-2.1486231597502226,55,-2.134175248315018,MAP_SCADA,153,0.014447911435204741
0,x_tcsc,1-14,-0.13821983146765665,56,-0.13985838782808235,MAP_SCADA,153,0.0016385563604257025
1,B_svc,2,0.3011376864684205,56,0.3014592819457357,MAP_SCADA,153,0.0003215954773151952
2,UPFC_Vsh,5-15,1.104502511352792,56,1.1047704921768118,MAP_SCADA,153,0.00026798082401979784
3,UPFC_tsh,5-15,-0.22690992863944798,56,-0.22619865019323943,MAP_SCADA,153,0.000711278446208552
4,UPFC_Vse,5-15,0.06015288344386399,56,0.05833418409060813,MAP_SCADA,153,0.001818699353255862
5,UPFC_tse,5-15,-2.145879885001655,56,-2.134175248315018,MAP_SCADA,153,0.011704636686637127
0,x_tcsc,1-14,-0.13767132395109832,57,-0.13985838782808235,MAP_SCADA,153,0.00218706387698403
1,B_svc,2,0.29706997285255465,57,0.3014592819457357,MAP_SCADA,153,0.004389309093181026
2,UPFC_Vsh,5-15,1.1075096933847748,57,1.1047704921768118,MAP_SCADA,153,0.0027392012079630046
3,UPFC_tsh,5-15,-0.22571755461786697,57,-0.22619865019323943,MAP_SCADA,153,0.00048109557537245884
4,UPFC_Vse,5-15,0.05995041538130148,57,0.05833418409060813,MAP_SCADA,153,0.001616231290693354
5,UPFC_tse,5-15,-2.1442045134949352,57,-2.134175248315018,MAP_SCADA,153,0.010029265179917424
0,x_tcsc,1-14,-0.14025304881818126,58,-0.13985838782808235,MAP_SCADA,153,0.00039466099009891065
1,B_svc,2,0.2943751922505254,58,0.3014592819457357,MAP_SCADA,153,0.007084089695210294
2,UPFC_Vsh,5-15,1.1043382438971199,58,1.1047704921768118,MAP_SCADA,153,0.0004322482796919047
3,UPFC_tsh,5-15,-0.22596942597343528,58,-0.22619865019323943,MAP_SCADA,153,0.0002292242198041472
4,UPFC_Vse,5-15,0.05989844619524658,58,0.05833418409060813,MAP_SCADA,153,0.0015642621046384475
5,UPFC_tse,5-15,-2.150392797073834,58,-2.134175248315018,MAP_SCADA,153,0.016217548758816314
0,x_tcsc,1-14,-0.13948574348694037,59,-0.13985838782808235,MAP_SCADA,153,0.0003726443411419811
1,B_svc,2,0.29361040067047306,59,0.3014592819457357,MAP_SCADA,153,0.00784888127526262
2,UPFC_Vsh,5-15,1.1024436446396637,59,1.1047704921768118,MAP_SCADA,153,0.002326847537148069
3,UPFC_tsh,5-15,-0.2260962852316475,59,-0.22619865019323943,MAP_SCADA,153,0.00010236496159193864
4,UPFC_Vse,5-15,0.0603760348307006,59,0.05833418409060813,MAP_SCADA,153,0.0020418507400924713
5,UPFC_tse,5-15,-2.153027024774551,59,-2.134175248315018,MAP_SCADA,153,0.018851776459533287
0,x_tcsc,1-14,-0.13734548040088565,60,-0.13985838782808235,MAP_SCADA,153,0.0025129074271967033
1,B_svc,2,0.3050931327260433,60,0.3014592819457357,MAP_SCADA,153,0.003633850780307646
2,UPFC_Vsh,5-15,1.1024510869435684,60,1.1047704921768118,MAP_SCADA,153,0.0023194052332433657
3,UPFC_tsh,5-15,-0.22792302563646952,60,-0.22619865019323943,MAP_SCADA,153,0.0017243754432300917
4,UPFC_Vse,5-15,0.05994697426279195,60,0.05833418409060813,MAP_SCADA,153,0.0016127901721838186
5,UPFC_tse,5-15,-2.1533501829787167,60,-2.134175248315018,MAP_SCADA,153,0.019174934663698906
0,x_tcsc,1-14,-0.13962038629562434,61,-0.13985838782808235,MAP_SCADA,153,0.0002380015324580098
1,B_svc,2,0.2962995497542139,61,0.3014592819457357,MAP_SCADA,153,0.005159732191521771
2,UPFC_Vsh,5-15,1.1029814234863042,61,1.1047704921768118,MAP_SCADA,153,0.0017890686905075448
3,UPFC_tsh,5-15,-0.22586234776028932,61,-0.22619865019323943,MAP_SCADA,153,0.000336302432950103
4,UPFC_Vse,5-15,0.06022765102223543,61,0.05833418409060813,MAP_SCADA,153,0.0018934669316272995
5,UPFC_tse,5-15,-2.1501775445709037,61,-2.134175248315018,MAP_SCADA,153,0.016002296255885895
0,x_tcsc,1-14,-0.1395880404530107,62,-0.13985838782808235,MAP_SCADA,153,0.0002703473750716445
1,B_svc,2,0.29959101759192003,62,0.3014592819457357,MAP_SCADA,153,0.0018682643538156518
2,UPFC_Vsh,5-15,1.1049893981731653,62,1.1047704921768118,MAP_SCADA,153,0.00021890599635354668
3,UPFC_tsh,5-15,-0.2262864238321893,62,-0.22619865019323943,MAP_SCADA,153,8.777363894987844e-05
4,UPFC_Vse,5-15,0.0599799436649154,62,0.05833418409060813,MAP_SCADA,153,0.001645759574307272
5,UPFC_tse,5-15,-2.1470839299587956,62,-2.134175248315018,MAP_SCADA,153,0.012908681643777786
0,x_tcsc,1-14,-0.13819293186036755,63,-0.13985838782808235,MAP_SCADA,153,0.0016654559677148073
1,B_svc,2,0.2947934783829856,63,0.3014592819457357,MAP_SCADA,153,0.0066658035627500944
2,UPFC_Vsh,5-15,1.105386686753126,63,1.1047704921768118,MAP_SCADA,153,0.0006161945763141219
3,UPFC_tsh,5-15,-0.226096774621023,63,-0.22619865019323943,MAP_SCADA,153,0.00010187557221641441
4,UPFC_Vse,5-15,0.06026503639942282,63,0.05833418409060813,MAP_SCADA,153,0.0019308523088146928
5,UPFC_tse,5-15,-2.1446743398568286,63,-2.134175248315018,MAP_SCADA,153,0.010499091541810834
0,x_tcsc,1-14,-0.13921022468365188,64,-0.13985838782808235,MAP_SCADA,153,0.0006481631444304747
1,B_svc,2,0.30291283652156065,64,0.3014592819457357,MAP_SCADA,153,0.0014535545758249668
2,UPFC_Vsh,5-15,1.1017025311267963,64,1.1047704921768118,MAP_SCADA,153,0.0030679610500154997
3,UPFC_tsh,5-15,-0.22647964204765078,64,-0.22619865019323943,MAP_SCADA,153,0.00028099185441135544
4,UPFC_Vse,5-15,0.06037988534906229,64,0.05833418409060813,MAP_SCADA,153,0.002045701258454158
5,UPFC_tse,5-15,-2.1467661078239084,64,-2.134175248315018,MAP_SCADA,153,0.012590859508890606
0,x_tcsc,1-14,-0.13754706013970006,65,-0.13985838782808235,MAP_SCADA,153,0.0023113276883822975
1,B_svc,2,0.3033542225314747,65,0.3014592819457357,MAP_SCADA,153,0.0018949405857390245
2,UPFC_Vsh,5-15,1.102491949482756,65,1.1047704921768118,MAP_SCADA,153,0.0022785426940556963
3,UPFC_tsh,5-15,-0.22779893595847883,65,-0.22619865019323943,MAP_SCADA,153,0.0016002857652394065
4,UPFC_Vse,5-15,0.060129879626394565,65,0.05833418409060813,MAP_SCADA,153,0.001795695535786436
5,UPFC_tse,5-15,-2.151886632505937,65,-2.134175248315018,MAP_SCADA,153,0.017711384190919333
0,x_tcsc,1-14,-0.13851879659942265,66,-0.13985838782808235,MAP_SCADA,153,0.0013395912286597034
1,B_svc,2,0.30098243833297045,66,0.3014592819457357,MAP_SCADA,153,0.000476843612765232
2,UPFC_Vsh,5-15,1.1037986787727152,66,1.1047704921768118,MAP_SCADA,153,0.0009718134040965776
3,UPFC_tsh,5-15,-0.2266876249058762,66,-0.22619865019323943,MAP_SCADA,153,0.000488974712636786
4,UPFC_Vse,5-15,0.059659010943204104,66,0.05833418409060813,MAP_SCADA,153,0.0013248268525959742
5,UPFC_tse,5-15,-2.145454356885726,66,-2.134175248315018,MAP_SCADA,153,0.011279108570708019
0,x_tcsc,1-14,-0.13891729932627214,67,-0.13985838782808235,MAP_SCADA,153,0.0009410885018102111
1,B_svc,2,0.29894763571785266,67,0.3014592819457357,MAP_SCADA,153,0.0025116462278830243
2,UPFC_Vsh,5-15,1.1052742411757022,67,1.1047704921768118,MAP_SCADA,153,0.0005037489988903854
3,UPFC_tsh,5-15,-0.22678710475996916,67,-0.22619865019323943,MAP_SCADA,153,0.0005884545667297347
4,UPFC_Vse,5-15,0.06021758539380588,67,0.05833418409060813,MAP_SCADA,153,0.0018834013031977515
5,UPFC_tse,5-15,-2.1460217532626857,67,-2.134175248315018,MAP_SCADA,153,0.011846504947667924
0,x_tcsc,1-14,-0.1400113610368814,68,-0.13985838782808235,MAP_SCADA,153,0.0001529732087990343
1,B_svc,2,0.2886082954586116,68,0.3014592819457357,MAP_SCADA,153,0.012850986487124072
2,UPFC_Vsh,5-15,1.1086243994812912,68,1.1047704921768118,MAP_SCADA,153,0.0038539073044794314
3,UPFC_tsh,5-15,-0.22463470542028693,68,-0.22619865019323943,MAP_SCADA,153,0.0015639447729524913
4,UPFC_Vse,5-15,0.05987369804048943,68,0.05833418409060813,MAP_SCADA,153,0.001539513949881298
5,UPFC_tse,5-15,-2.1449589252236083,68,-2.134175248315018,MAP_SCADA,153,0.0107836769085905
0,x_tcsc,1-14,-0.1391771725391201,69,-0.13985838782808235,MAP_SCADA,153,0.0006812152889622558
1,B_svc,2,0.2949481090376491,69,0.3014592819457357,MAP_SCADA,153,0.00651117290808656
2,UPFC_Vsh,5-15,1.1044387529335438,69,1.1047704921768118,MAP_SCADA,153,0.0003317392432680144
3,UPFC_tsh,5-15,-0.2255383734968782,69,-0.22619865019323943,MAP_SCADA,153,0.0006602766963612339
4,UPFC_Vse,5-15,0.06053740626463348,69,0.05833418409060813,MAP_SCADA,153,0.0022032221740253474
5,UPFC_tse,5-15,-2.147341439047312,69,-2.134175248315018,MAP_SCADA,153,0.01316619073229397
0,x_tcsc,1-14,-0.14030892296009884,70,-0.13985838782808235,MAP_SCADA,153,0.000450535132016483
1,B_svc,2,0.28916581192604307,70,0.3014592819457357,MAP_SCADA,153,0.01229347001969261
2,UPFC_Vsh,5-15,1.105617684280865,70,1.1047704921768118,MAP_SCADA,153,0.0008471921040531516
3,UPFC_tsh,5-15,-0.22463776111187436,70,-0.22619865019323943,MAP_SCADA,153,0.0015608890813650633
4,UPFC_Vse,5-15,0.05922766099819131,70,0.05833418409060813,MAP_SCADA,153,0.0008934769075831794
5,UPFC_tse,5-15,-2.146793521944589,70,-2.134175248315018,MAP_SCADA,153,0.012618273629571242
0,x_tcsc,1-14,-0.13912161106384616,71,-0.13985838782808235,MAP_SCADA,153,0.0007367767642361966
1,B_svc,2,0.29390301176538924,71,0.3014592819457357,MAP_SCADA,153,0.007556270180346436
2,UPFC_Vsh,5-15,1.1066642973847154,71,1.1047704921768118,MAP_SCADA,153,0.0018938052079036094
3,UPFC_tsh,5-15,-0.225605363251747,71,-0.22619865019323943,MAP_SCADA,153,0.000593286941492438
4,UPFC_Vse,5-15,0.05939111103551805,71,0.05833418409060813,MAP_SCADA,153,0.0010569269449099208
5,UPFC_tse,5-15,-2.1477863279580256,71,-2.134175248315018,MAP_SCADA,153,0.013611079643007784
0,x_tcsc,1-14,-0.14056060725207833,72,-0.13985838782808235,MAP_SCADA,153,0.0007022194239959811
1,B_svc,2,0.2905575884448555,72,0.3014592819457357,MAP_SCADA,153,0.01090169350088016
2,UPFC_Vsh,5-15,1.1041119417122978,72,1.1047704921768118,MAP_SCADA,153,0.0006585504645140183
3,UPFC_tsh,5-15,-0.22535657625741115,72,-0.22619865019323943,MAP_SCADA,153,0.0008420739358282747
4,UPFC_Vse,5-15,0.060107674310286366,72,0.05833418409060813,MAP_SCADA,153,0.0017734902196782365
5,UPFC_tse,5-15,-2.1468883355909685,72,-2.134175248315018,MAP_SCADA,153,0.012713087275950663
0,x_tcsc,1-14,-0.1388155879410626,73,-0.13985838782808235,MAP_SCADA,153,0.0010427998870197464
1,B_svc,2,0.2955615078968038,73,0.3014592819457357,MAP_SCADA,153,0.005897774048931881
2,UPFC_Vsh,5-15,1.105298350292251,73,1.1047704921768118,MAP_SCADA,153,0.0005278581154393169
3,UPFC_tsh,5-15,-0.22593649996615559,73,-0.22619865019323943,MAP_SCADA,153,0.0002621502270838405
4,UPFC_Vse,5-15,0.05985474709110416,73,0.05833418409060813,MAP_SCADA,153,0.0015205630004960294
5,UPFC_tse,5-15,-2.1511679849735295,73,-2.134175248315018,MAP_SCADA,153,0.016992736658511642
0,x_tcsc,1-14,-0.1398233764460126,74,-0.13985838782808235,MAP_SCADA,153,3.501138206976617e-05
1,B_svc,2,0.2954338977334575,74,0.3014592819457357,MAP_SCADA,153,0.006025384212278162
2,UPFC_Vsh,5-15,1.1071480139212553,74,1.1047704921768118,MAP_SCADA,153,0.0023775217444435004
3,UPFC_tsh,5-15,-0.22453926962252754,74,-0.22619865019323943,MAP_SCADA,153,0.0016593805707118825
4,UPFC_Vse,5-15,0.060687580449417494,74,0.05833418409060813,MAP_SCADA,153,0.002353396358809365
5,UPFC_tse,5-15,-2.14433718069863,74,-2.134175248315018,MAP_SCADA,153,0.010161932383612182
0,x_tcsc,1-14,-0.13985189874829726,75,-0.13985838782808235,MAP_SCADA,153,6.48907978509361e-06
1,B_svc,2,0.29688805571872745,75,0.3014592819457357,MAP_SCADA,153,0.004571226227008229
2,UPFC_Vsh,5-15,1.1046618916641544,75,1.1047704921768118,MAP_SCADA,153,0.00010860051265737525
3,UPFC_tsh,5-15,-0.22601035217733573,75,-0.22619865019323943,MAP_SCADA,153,0.00018829801590369843
4,UPFC_Vse,5-15,0.06080895520400906,75,0.05833418409060813,MAP_SCADA,153,0.002474771113400928
5,UPFC_tse,5-15,-2.1404242421104898,75,-2.134175248315018,MAP_SCADA,153,0.0062489937954719466
0,x_tcsc,1-14,-0.13957144471102523,76,-0.13985838782808235,MAP_SCADA,153,0.0002869431170571257
1,B_svc,2,0.2923765380368501,76,0.3014592819457357,MAP_SCADA,153,0.009082743908885582
2,UPFC_Vsh,5-15,1.1054871009105336,76,1.1047704921768118,MAP_SCADA,153,0.000716608733721813
3,UPFC_tsh,5-15,-0.22482937095352573,76,-0.22619865019323943,MAP_SCADA,153,0.0013692792397136944
4,UPFC_Vse,5-15,0.06030011511679539,76,0.05833418409060813,MAP_SCADA,153,0.001965931026187258
5,UPFC_tse,5-15,-2.1476767706995723,76,-2.134175248315018,MAP_SCADA,153,0.013501522384554487
0,x_tcsc,1-14,-0.13862326408102932,77,-0.13985838782808235,MAP_SCADA,153,0.0012351237470530352
1,B_svc,2,0.297354900166559,77,0.3014592819457357,MAP_SCADA,153,0.004104381779176658
2,UPFC_Vsh,5-15,1.1047507912466037,77,1.1047704921768118,MAP_SCADA,153,1.9700930208088607e-05
3,UPFC_tsh,5-15,-0.22604008379772728,77,-0.22619865019323943,MAP_SCADA,153,0.00015856639551214968
4,UPFC_Vse,5-15,0.05988669983780915,77,0.05833418409060813,MAP_SCADA,153,0.0015525157472010206
5,UPFC_tse,5-15,-2.149920976773672,77,-2.134175248315018,MAP_SCADA,153,0.015745728458654185
0,x_tcsc,1-14,-0.14014173897371188,78,-0.13985838782808235,MAP_SCADA,153,0.00028335114562952346
1,B_svc,2,0.29808804198602606,78,0.3014592819457357,MAP_SCADA,153,0.0033712399597096154
2,UPFC_Vsh,5-15,1.1020250874796236,78,1.1047704921768118,MAP_SCADA,153,0.002745404697188203
3,UPFC_tsh,5-15,-0.22709406986485264,78,-0.22619865019323943,MAP_SCADA,153,0.0008954196716132179
4,UPFC_Vse,5-15,0.06038098624706862,78,0.05833418409060813,MAP_SCADA,153,0.0020468021564604907
5,UPFC_tse,5-15,-2.147555642474961,78,-2.134175248315018,MAP_SCADA,153,0.013380394159943076
0,x_tcsc,1-14,-0.138494991935145,79,-0.13985838782808235,MAP_SCADA,153,0.0013633958929373524
1,B_svc,2,0.29935793585946774,79,0.3014592819457357,MAP_SCADA,153,0.002101346086267941
2,UPFC_Vsh,5-15,1.1044861845431309,79,1.1047704921768118,MAP_SCADA,153,0.0002843076336809247
3,UPFC_tsh,5-15,-0.2267156972470802,79,-0.22619865019323943,MAP_SCADA,153,0.0005170470538407856
4,UPFC_Vse,5-15,0.06014279391207925,79,0.05833418409060813,MAP_SCADA,153,0.001808609821471123
5,UPFC_tse,5-15,-2.148430129095994,79,-2.134175248315018,MAP_SCADA,153,0.014254880780976364
0,x_tcsc,1-14,-0.13850198239680195,80,-0.13985838782808235,MAP_SCADA,153,0.0013564054312804052
1,B_svc,2,0.2949269015440459,80,0.3014592819457357,MAP_SCADA,153,0.006532380401689797
2,UPFC_Vsh,5-15,1.1046154754089028,80,1.1047704921768118,MAP_SCADA,153,0.00015501676790896646
3,UPFC_tsh,5-15,-0.22601633684968597,80,-0.22619865019323943,MAP_SCADA,153,0.00018231334355345297
4,UPFC_Vse,5-15,0.05995997222132473,80,0.05833418409060813,MAP_SCADA,153,0.0016257881307166003
5,UPFC_tse,5-15,-2.151054139576775,80,-2.134175248315018,MAP_SCADA,153,0.016878891261757012
0,x_tcsc,1-14,-0.13966617912573293,81,-0.13985838782808235,MAP_SCADA,153,0.00019220870234942788
1,B_svc,2,0.29315893366360213,81,0.3014592819457357,MAP_SCADA,153,0.008300348282133552
2,UPFC_Vsh,5-15,1.1060385957878638,81,1.1047704921768118,MAP_SCADA,153,0.0012681036110520072
3,UPFC_tsh,5-15,-0.22521413775523438,81,-0.22619865019323943,MAP_SCADA,153,0.0009845124380050418
4,UPFC_Vse,5-15,0.060315117957685425,81,0.05833418409060813,MAP_SCADA,153,0.001980933867077296
5,UPFC_tse,5-15,-2.139918566642995,81,-2.134175248315018,MAP_SCADA,153,0.005743318327977143
0,x_tcsc,1-14,-0.13893154787813156,82,-0.13985838782808235,MAP_SCADA,153,0.0009268399499507973
1,B_svc,2,0.3003519178065197,82,0.3014592819457357,MAP_SCADA,153,0.0011073641392159717
2,UPFC_Vsh,5-15,1.105211713292877,82,1.1047704921768118,MAP_SCADA,153,0.00044122111606514913
3,UPFC_tsh,5-15,-0.22601346607340225,82,-0.22619865019323943,MAP_SCADA,153,0.00018518411983717287
4,UPFC_Vse,5-15,0.05983889382632722,82,0.05833418409060813,MAP_SCADA,153,0.0015047097357190897
5,UPFC_tse,5-15,-2.145681020772069,82,-2.134175248315018,MAP_SCADA,153,0.011505772457051311
0,x_tcsc,1-14,-0.13768340688018318,83,-0.13985838782808235,MAP_SCADA,153,0.002174980947899169
1,B_svc,2,0.2994261065484856,83,0.3014592819457357,MAP_SCADA,153,0.0020331753972500644
2,UPFC_Vsh,5-15,1.101703543833773,83,1.1047704921768118,MAP_SCADA,153,0.003066948343038778
3,UPFC_tsh,5-15,-0.2279174035804127,83,-0.22619865019323943,MAP_SCADA,153,0.001718753387173283
4,UPFC_Vse,5-15,0.06055765787005787,83,0.05833418409060813,MAP_SCADA,153,0.0022234737794497375
5,UPFC_tse,5-15,-2.1510343991375835,83,-2.134175248315018,MAP_SCADA,153,0.016859150822565727
0,x_tcsc,1-14,-0.1373216491922542,84,-0.13985838782808235,MAP_SCADA,153,0.0025367386358281507
1,B_svc,2,0.2927348858620752,84,0.3014592819457357,MAP_SCADA,153,0.00872439608366049
2,UPFC_Vsh,5-15,1.1067500551576062,84,1.1047704921768118,MAP_SCADA,153,0.0019795629807943804
3,UPFC_tsh,5-15,-0.22563770740787648,84,-0.22619865019323943,MAP_SCADA,153,0.0005609427853629501
4,UPFC_Vse,5-15,0.06014896913171909,84,0.05833418409060813,MAP_SCADA,153,0.0018147850411109612
5,UPFC_tse,5-15,-2.144710256275567,84,-2.134175248315018,MAP_SCADA,153,0.01053500796054907
0,x_tcsc,1-14,-0.1368727184297969,85,-0.13985838782808235,MAP_SCADA,153,0.0029856693982854565
1,B_svc,2,0.3042076338471711,85,0.3014592819457357,MAP_SCADA,153,0.0027483519014354085
2,UPFC_Vsh,5-15,1.1020224083109054,85,1.1047704921768118,MAP_SCADA,153,0.0027480838659064144
3,UPFC_tsh,5-15,-0.22809833192717974,85,-0.22619865019323943,MAP_SCADA,153,0.0018996817339403116
4,UPFC_Vse,5-15,0.059876587389066586,85,0.05833418409060813,MAP_SCADA,153,0.001542403298458457
5,UPFC_tse,5-15,-2.1513163216563593,85,-2.134175248315018,MAP_SCADA,153,0.017141073341341517
0,x_tcsc,1-14,-0.1384535459587959,86,-0.13985838782808235,MAP_SCADA,153,0.0014048418692864661
1,B_svc,2,0.2997617930927,86,0.3014592819457357,MAP_SCADA,153,0.0016974888530356669
2,UPFC_Vsh,5-15,1.103946923652292,86,1.1047704921768118,MAP_SCADA,153,0.0008235685245197022
3,UPFC_tsh,5-15,-0.22620783362035,86,-0.22619865019323943,MAP_SCADA,153,9.183427110565079e-06
4,UPFC_Vse,5-15,0.060450061537411046,86,0.05833418409060813,MAP_SCADA,153,0.0021158774468029162
5,UPFC_tse,5-15,-2.1479966642306616,86,-2.134175248315018,MAP_SCADA,153,0.013821415915643787
0,x_tcsc,1-14,-0.13890739555022136,87,-0.13985838782808235,MAP_SCADA,153,0.0009509922778609958
1,B_svc,2,0.29816419122844867,87,0.3014592819457357,MAP_SCADA,153,0.003295090717287008
2,UPFC_Vsh,5-15,1.1032871777219062,87,1.1047704921768118,MAP_SCADA,153,0.001483314454905571
3,UPFC_tsh,5-15,-0.226681685374232,87,-0.22619865019323943,MAP_SCADA,153,0.0004830351809925748
4,UPFC_Vse,5-15,0.06018735647973197,87,0.05833418409060813,MAP_SCADA,153,0.0018531723891238375
5,UPFC_tse,5-15,-2.1458589466601703,87,-2.134175248315018,MAP_SCADA,153,0.011683698345152482
0,x_tcsc,1-14,-0.13941829242216902,88,-0.13985838782808235,MAP_SCADA,153,0.0004400954059133322
1,B_svc,2,0.29807485035769715,88,0.3014592819457357,MAP_SCADA,153,0.003384431588038528
2,UPFC_Vsh,5-15,1.1045063121793453,88,1.1047704921768118,MAP_SCADA,153,0.0002641799974665293
3,UPFC_tsh,5-15,-0.22623395074146235,88,-0.22619865019323943,MAP_SCADA,153,3.5300548222927386e-05
4,UPFC_Vse,5-15,0.05955271496810949,88,0.05833418409060813,MAP_SCADA,153,0.0012185308775013587
5,UPFC_tse,5-15,-2.147882351498537,88,-2.134175248315018,MAP_SCADA,153,0.013707103183519198
0,x_tcsc,1-14,-0.13722912029411927,89,-0.13985838782808235,MAP_SCADA,153,0.0026292675339630867
1,B_svc,2,0.30411101001131285,89,0.3014592819457357,MAP_SCADA,153,0.0026517280655771747
2,UPFC_Vsh,5-15,1.1036311349152752,89,1.1047704921768118,MAP_SCADA,153,0.0011393572615365777
3,UPFC_tsh,5-15,-0.22732067939310316,89,-0.22619865019323943,MAP_SCADA,153,0.0011220291998637333
4,UPFC_Vse,5-15,0.06012593040018313,89,0.05833418409060813,MAP_SCADA,153,0.0017917463095750014
5,UPFC_tse,5-15,-2.148379421260987,89,-2.134175248315018,MAP_SCADA,153,0.014204172945968985
0,x_tcsc,1-14,-0.14066230142333347,90,-0.13985838782808235,MAP_SCADA,153,0.0008039135952511156
1,B_svc,2,0.28639808623031715,90,0.3014592819457357,MAP_SCADA,153,0.01506119571541853
2,UPFC_Vsh,5-15,1.1053975417805695,90,1.1047704921768118,MAP_SCADA,153,0.0006270496037577011
3,UPFC_tsh,5-15,-0.2244789968365249,90,-0.22619865019323943,MAP_SCADA,153,0.0017196533567145345
4,UPFC_Vse,5-15,0.05994150141665287,90,0.05833418409060813,MAP_SCADA,153,0.0016073173260447438
5,UPFC_tse,5-15,-2.1483133870233035,90,-2.134175248315018,MAP_SCADA,153,0.01413813870828573
0,x_tcsc,1-14,-0.1389034492356503,91,-0.13985838782808235,MAP_SCADA,153,0.0009549385924320641
1,B_svc,2,0.29841707717821614,91,0.3014592819457357,MAP_SCADA,153,0.0030422047675195407
2,UPFC_Vsh,5-15,1.1040028152967658,91,1.1047704921768118,MAP_SCADA,153,0.0007676768800459755
3,UPFC_tsh,5-15,-0.22666245066459617,91,-0.22619865019323943,MAP_SCADA,153,0.0004638004713567456
4,UPFC_Vse,5-15,0.060089420272586895,91,0.05833418409060813,MAP_SCADA,153,0.0017552361819787657
5,UPFC_tse,5-15,-2.1467186392760302,91,-2.134175248315018,MAP_SCADA,153,0.012543390961012424
0,x_tcsc,1-14,-0.1399247873648281,92,-0.13985838782808235,MAP_SCADA,153,6.639953674575372e-05
1,B_svc,2,0.29473224820962973,92,0.3014592819457357,MAP_SCADA,153,0.006727033736105947
2,UPFC_Vsh,5-15,1.1051511651890191,92,1.1047704921768118,MAP_SCADA,153,0.0003806730122073443
3,UPFC_tsh,5-15,-0.22500880406455498,92,-0.22619865019323943,MAP_SCADA,153,0.0011898461286844464
4,UPFC_Vse,5-15,0.059988637387086235,92,0.05833418409060813,MAP_SCADA,153,0.0016544532964781061
5,UPFC_tse,5-15,-2.143871600729615,92,-2.134175248315018,MAP_SCADA,153,0.009696352414596987
0,x_tcsc,1-14,-0.13790532230246327,93,-0.13985838782808235,MAP_SCADA,153,0.0019530655256190799
1,B_svc,2,0.3013297835636175,93,0.3014592819457357,MAP_SCADA,153,0.0001294983821181761
2,UPFC_Vsh,5-15,1.104168804741319,93,1.1047704921768118,MAP_SCADA,153,0.0006016874354928259
3,UPFC_tsh,5-15,-0.22684799687065,93,-0.22619865019323943,MAP_SCADA,153,0.0006493466774105672
4,UPFC_Vse,5-15,0.059842294193274324,93,0.05833418409060813,MAP_SCADA,153,0.001508110102666195
5,UPFC_tse,5-15,-2.147633419958297,93,-2.134175248315018,MAP_SCADA,153,0.013458171643279115
0,x_tcsc,1-14,-0.13938863310282984,94,-0.13985838782808235,MAP_SCADA,153,0.0004697547252525136
1,B_svc,2,0.2980292208579397,94,0.3014592819457357,MAP_SCADA,153,0.003430061087795977
2,UPFC_Vsh,5-15,1.1039325054724765,94,1.1047704921768118,MAP_SCADA,153,0.0008379867043353251
3,UPFC_tsh,5-15,-0.2264616265220565,94,-0.22619865019323943,MAP_SCADA,153,0.00026297632881708277
4,UPFC_Vse,5-15,0.06017734177236146,94,0.05833418409060813,MAP_SCADA,153,0.0018431576817533324
5,UPFC_tse,5-15,-2.153993553239469,94,-2.134175248315018,MAP_SCADA,153,0.019818304924451358
0,x_tcsc,1-14,-0.13950620660961183,95,-0.13985838782808235,MAP_SCADA,153,0.0003521812184705264
1,B_svc,2,0.29251821175293685,95,0.3014592819457357,MAP_SCADA,153,0.008941070192798828
2,UPFC_Vsh,5-15,1.1043324817035252,95,1.1047704921768118,MAP_SCADA,153,0.0004380104732866208
3,UPFC_tsh,5-15,-0.2259389986761963,95,-0.22619865019323943,MAP_SCADA,153,0.00025965151704313016
4,UPFC_Vse,5-15,0.060131204192603406,95,0.05833418409060813,MAP_SCADA,153,0.0017970201019952767
5,UPFC_tse,5-15,-2.1486542652587537,95,-2.134175248315018,MAP_SCADA,153,0.014479016943735878
0,x_tcsc,1-14,-0.1380067973475561,96,-0.13985838782808235,MAP_SCADA,153,0.001851590480526244
1,B_svc,2,0.3023121368267017,96,0.3014592819457357,MAP_SCADA,153,0.0008528548809660363
2,UPFC_Vsh,5-15,1.1044147926848344,96,1.1047704921768118,MAP_SCADA,153,0.00035569949197733486
3,UPFC_tsh,5-15,-0.22676224099022252,96,-0.22619865019323943,MAP_SCADA,153,0.0005635907969830933
4,UPFC_Vse,5-15,0.06029829200515852,96,0.05833418409060813,MAP_SCADA,153,0.0019641079145503934
5,UPFC_tse,5-15,-2.1530578859010805,96,-2.134175248315018,MAP_SCADA,153,0.01888263758606268
0,x_tcsc,1-14,-0.14075836433980002,97,-0.13985838782808235,MAP_SCADA,153,0.000899976511717665
1,B_svc,2,0.2900573964944106,97,0.3014592819457357,MAP_SCADA,153,0.011401885451325089
2,UPFC_Vsh,5-15,1.105770205928169,97,1.1047704921768118,MAP_SCADA,153,0.0009997137513573229
3,UPFC_tsh,5-15,-0.22466709487794193,97,-0.22619865019323943,MAP_SCADA,153,0.0015315553152975003
4,UPFC_Vse,5-15,0.06021616597855937,97,0.05833418409060813,MAP_SCADA,153,0.0018819818879512382
5,UPFC_tse,5-15,-2.1442245668075404,97,-2.134175248315018,MAP_SCADA,153,0.010049318492522552
0,x_tcsc,1-14,-0.13872154666830117,98,-0.13985838782808235,MAP_SCADA,153,0.0011368411597811878
1,B_svc,2,0.2932544069980707,98,0.3014592819457357,MAP_SCADA,153,0.008204874947664975
2,UPFC_Vsh,5-15,1.1037015110597996,98,1.1047704921768118,MAP_SCADA,153,0.0010689811170121466
3,UPFC_tsh,5-15,-0.2263205983825664,98,-0.22619865019323943,MAP_SCADA,153,0.00012194818932698137
4,UPFC_Vse,5-15,0.06060918663511173,98,0.05833418409060813,MAP_SCADA,153,0.0022750025445036
5,UPFC_tse,5-15,-2.1459582127355232,98,-2.134175248315018,MAP_SCADA,153,0.011782964420505415
0,x_tcsc,1-14,-0.13955388499023125,99,-0.13985838782808235,MAP_SCADA,153,0.0003045028378511061
1,B_svc,2,0.29595704555838426,99,0.3014592819457357,MAP_SCADA,153,0.005502236387351422
2,UPFC_Vsh,5-15,1.1029095704837086,99,1.1047704921768118,MAP_SCADA,153,0.0018609216931031458
3,UPFC_tsh,5-15,-0.22589227804724954,99,-0.22619865019323943,MAP_SCADA,153,0.00030637214598988605
4,UPFC_Vse,5-15,0.060001423577760095,99,0.05833418409060813,MAP_SCADA,153,0.0016672394871519655
5,UPFC_tse,5-15,-2.152835962070224,99,-2.134175248315018,MAP_SCADA,153,0.01866071375520617
0,x_tcsc,1-14,-0.13900849846393998,0,-0.14022937543990158,MAP_SCADA,155,0.001220876975961599
1,B_svc,2,0.29650527170746127,0,0.30342516789828244,MAP_SCADA,155,0.006919896190821173
2,UPFC_Vsh,5-15,1.106444059367828,0,1.104214483283727,MAP_SCADA,155,0.002229576084100904
3,UPFC_tsh,5-15,-0.2245452545715806,0,-0.22599573002054105,MAP_SCADA,155,0.0014504754489604588
4,UPFC_Vse,5-15,0.06001100676389736,0,0.05791566213151965,MAP_SCADA,155,0.0020953446323777117
5,UPFC_tse,5-15,-2.145119974529498,0,-2.1368171684030264,MAP_SCADA,155,0.008302806126471829
0,x_tcsc,1-14,-0.1396136637504605,1,-0.14022937543990158,MAP_SCADA,155,0.0006157116894410786
1,B_svc,2,0.2995471824231543,1,0.30342516789828244,MAP_SCADA,155,0.0038779854751281317
2,UPFC_Vsh,5-15,1.1028977000837634,1,1.104214483283727,MAP_SCADA,155,0.0013167831999636448
3,UPFC_tsh,5-15,-0.2262309272513375,1,-0.22599573002054105,MAP_SCADA,155,0.00023519723079645782
4,UPFC_Vse,5-15,0.05984995870332151,1,0.05791566213151965,MAP_SCADA,155,0.0019342965718018579
5,UPFC_tse,5-15,-2.1443611494327808,1,-2.1368171684030264,MAP_SCADA,155,0.0075439810297543985
0,x_tcsc,1-14,-0.13936421795883266,2,-0.14022937543990158,MAP_SCADA,155,0.0008651574810689122
1,B_svc,2,0.29683653973325336,2,0.30342516789828244,MAP_SCADA,155,0.006588628165029087
2,UPFC_Vsh,5-15,1.1033419492207521,2,1.104214483283727,MAP_SCADA,155,0.000872534062974939
3,UPFC_tsh,5-15,-0.22632827632391825,2,-0.22599573002054105,MAP_SCADA,155,0.00033254630337720137
4,UPFC_Vse,5-15,0.06073139686472676,2,0.05791566213151965,MAP_SCADA,155,0.0028157347332071134
5,UPFC_tse,5-15,-2.149609244944893,2,-2.1368171684030264,MAP_SCADA,155,0.01279207654186676
0,x_tcsc,1-14,-0.13778624594440056,3,-0.14022937543990158,MAP_SCADA,155,0.0024431294955010174
1,B_svc,2,0.30021723183472937,3,0.30342516789828244,MAP_SCADA,155,0.003207936063553074
2,UPFC_Vsh,5-15,1.10401400666262,3,1.104214483283727,MAP_SCADA,155,0.00020047662110700415
3,UPFC_tsh,5-15,-0.22767381252310107,3,-0.22599573002054105,MAP_SCADA,155,0.0016780825025600188
4,UPFC_Vse,5-15,0.060583952678000985,3,0.05791566213151965,MAP_SCADA,155,0.002668290546481336
5,UPFC_tse,5-15,-2.1492311117466207,3,-2.1368171684030264,MAP_SCADA,155,0.012413943343594358
0,x_tcsc,1-14,-0.13985462128825538,4,-0.14022937543990158,MAP_SCADA,155,0.0003747541516462005
1,B_svc,2,0.296188187833812,4,0.30342516789828244,MAP_SCADA,155,0.007236980064470433
2,UPFC_Vsh,5-15,1.1026767779516253,4,1.104214483283727,MAP_SCADA,155,0.0015377053321017353
3,UPFC_tsh,5-15,-0.22641506895827404,4,-0.22599573002054105,MAP_SCADA,155,0.0004193389377329937
4,UPFC_Vse,5-15,0.06010991456421456,4,0.05791566213151965,MAP_SCADA,155,0.0021942524326949084
5,UPFC_tse,5-15,-2.149924163840019,4,-2.1368171684030264,MAP_SCADA,155,0.013106995436992452
0,x_tcsc,1-14,-0.13746500879930573,5,-0.14022937543990158,MAP_SCADA,155,0.0027643666405958445
1,B_svc,2,0.3034607542918911,5,0.30342516789828244,MAP_SCADA,155,3.558639360867755e-05
2,UPFC_Vsh,5-15,1.1006785286143699,5,1.104214483283727,MAP_SCADA,155,0.0035359546693571886
3,UPFC_tsh,5-15,-0.2273157736710889,5,-0.22599573002054105,MAP_SCADA,155,0.0013200436505478585
4,UPFC_Vse,5-15,0.06056989728741583,5,0.05791566213151965,MAP_SCADA,155,0.0026542351558961827
5,UPFC_tse,5-15,-2.1453666812389707,5,-2.1368171684030264,MAP_SCADA,155,0.008549512835944295
0,x_tcsc,1-14,-0.13955901033275867,6,-0.14022937543990158,MAP_SCADA,155,0.0006703651071429118
1,B_svc,2,0.29902140685599293,6,0.30342516789828244,MAP_SCADA,155,0.004403761042289511
2,UPFC_Vsh,5-15,1.1051095689335,6,1.104214483283727,MAP_SCADA,155,0.0008950856497729198
3,UPFC_tsh,5-15,-0.22587728813114563,6,-0.22599573002054105,MAP_SCADA,155,0.00011844188939541533
4,UPFC_Vse,5-15,0.06015700877506486,6,0.05791566213151965,MAP_SCADA,155,0.0022413466435452084
5,UPFC_tse,5-15,-2.1523236559127263,6,-2.1368171684030264,MAP_SCADA,155,0.015506487509699962
0,x_tcsc,1-14,-0.13802243210717918,7,-0.14022937543990158,MAP_SCADA,155,0.002206943332722394
1,B_svc,2,0.2995903326742413,7,0.30342516789828244,MAP_SCADA,155,0.0038348352240411554
2,UPFC_Vsh,5-15,1.1043946694822493,7,1.104214483283727,MAP_SCADA,155,0.00018018619852222528
3,UPFC_tsh,5-15,-0.22658864844167736,7,-0.22599573002054105,MAP_SCADA,155,0.0005929184211363181
4,UPFC_Vse,5-15,0.05985353630766828,7,0.05791566213151965,MAP_SCADA,155,0.0019378741761486296
5,UPFC_tse,5-15,-2.154106660539906,7,-2.1368171684030264,MAP_SCADA,155,0.01728949213687958
0,x_tcsc,1-14,-0.13776651479993207,8,-0.14022937543990158,MAP_SCADA,155,0.002462860639969505
1,B_svc,2,0.3034020605098786,8,0.30342516789828244,MAP_SCADA,155,2.3107388403831308e-05
2,UPFC_Vsh,5-15,1.1038155449859017,8,1.104214483283727,MAP_SCADA,155,0.0003989382978253353
3,UPFC_tsh,5-15,-0.22729311200001734,8,-0.22599573002054105,MAP_SCADA,155,0.001297381979476292
4,UPFC_Vse,5-15,0.06036461132298206,8,0.05791566213151965,MAP_SCADA,155,0.0024489491914624142
5,UPFC_tse,5-15,-2.1549856065944772,8,-2.1368171684030264,MAP_SCADA,155,0.018168438191450864
0,x_tcsc,1-14,-0.13859247186509066,9,-0.14022937543990158,MAP_SCADA,155,0.0016369035748109162
1,B_svc,2,0.29578539085512373,9,0.30342516789828244,MAP_SCADA,155,0.007639777043158713
2,UPFC_Vsh,5-15,1.104393061880654,9,1.104214483283727,MAP_SCADA,155,0.0001785785969268261
3,UPFC_tsh,5-15,-0.2264243969300444,9,-0.22599573002054105,MAP_SCADA,155,0.00042866690950335573
4,UPFC_Vse,5-15,0.060495454335872195,9,0.05791566213151965,MAP_SCADA,155,0.002579792204352546
5,UPFC_tse,5-15,-2.1472225881378324,9,-2.1368171684030264,MAP_SCADA,155,0.01040541973480602
0,x_tcsc,1-14,-0.14084676336732707,10,-0.14022937543990158,MAP_SCADA,155,0.0006173879274254945
1,B_svc,2,0.2932031951219014,10,0.30342516789828244,MAP_SCADA,155,0.010221972776381039
2,UPFC_Vsh,5-15,1.1049799922854475,10,1.104214483283727,MAP_SCADA,155,0.0007655090017204547
3,UPFC_tsh,5-15,-0.22493217726351936,10,-0.22599573002054105,MAP_SCADA,155,0.0010635527570216907
4,UPFC_Vse,5-15,0.060052763771416585,10,0.05791566213151965,MAP_SCADA,155,0.0021371016398969364
5,UPFC_tse,5-15,-2.148328019767737,10,-2.1368171684030264,MAP_SCADA,155,0.01151085136471064
0,x_tcsc,1-14,-0.13935090874779182,11,-0.14022937543990158,MAP_SCADA,155,0.0008784666921097528
1,B_svc,2,0.3000827842332406,11,0.30342516789828244,MAP_SCADA,155,0.0033423836650418592
2,UPFC_Vsh,5-15,1.104322749806619,11,1.104214483283727,MAP_SCADA,155,0.00010826652289197547
3,UPFC_tsh,5-15,-0.22644285374367815,11,-0.22599573002054105,MAP_SCADA,155,0.00044712372313709947
4,UPFC_Vse,5-15,0.06061384937727731,11,0.05791566213151965,MAP_SCADA,155,0.002698187245757662
5,UPFC_tse,5-15,-2.1500395355490904,11,-2.1368171684030264,MAP_SCADA,155,0.013222367146064062
0,x_tcsc,1-14,-0.13886661964430397,12,-0.14022937543990158,MAP_SCADA,155,0.0013627557955976088
1,B_svc,2,0.30316520299571653,12,0.30342516789828244,MAP_SCADA,155,0.0002599649025659123
2,UPFC_Vsh,5-15,1.1014851436299993,12,1.104214483283727,MAP_SCADA,155,0.0027293396537277914
3,UPFC_tsh,5-15,-0.2265947577998115,12,-0.22599573002054105,MAP_SCADA,155,0.0005990277792704557
4,UPFC_Vse,5-15,0.05951054582410368,12,0.05791566213151965,MAP_SCADA,155,0.0015948836925840301
5,UPFC_tse,5-15,-2.1481486842702813,12,-2.1368171684030264,MAP_SCADA,155,0.011331515867254893
0,x_tcsc,1-14,-0.13751298016279592,13,-0.14022937543990158,MAP_SCADA,155,0.0027163952771056543
1,B_svc,2,0.30138813066979114,13,0.30342516789828244,MAP_SCADA,155,0.0020370372284913008
2,UPFC_Vsh,5-15,1.1048805629058702,13,1.104214483283727,MAP_SCADA,155,0.0006660796221431564
3,UPFC_tsh,5-15,-0.22692624201313333,13,-0.22599573002054105,MAP_SCADA,155,0.0009305119925922811
4,UPFC_Vse,5-15,0.05976662311998865,13,0.05791566213151965,MAP_SCADA,155,0.0018509609884689998
5,UPFC_tse,5-15,-2.1511226488263433,13,-2.1368171684030264,MAP_SCADA,155,0.014305480423316919
0,x_tcsc,1-14,-0.1387119073551927,14,-0.14022937543990158,MAP_SCADA,155,0.0015174680847088728
1,B_svc,2,0.2991060203265386,14,0.30342516789828244,MAP_SCADA,155,0.004319147571743842
2,UPFC_Vsh,5-15,1.1043098255803496,14,1.104214483283727,MAP_SCADA,155,9.534229662255811e-05
3,UPFC_tsh,5-15,-0.22659362725435733,14,-0.22599573002054105,MAP_SCADA,155,0.0005978972338162858
4,UPFC_Vse,5-15,0.05993925440151864,14,0.05791566213151965,MAP_SCADA,155,0.002023592269998993
5,UPFC_tse,5-15,-2.147403003091212,14,-2.1368171684030264,MAP_SCADA,155,0.010585834688185525
0,x_tcsc,1-14,-0.1401347877250689,15,-0.14022937543990158,MAP_SCADA,155,9.458771483267236e-05
1,B_svc,2,0.29719327447259053,15,0.30342516789828244,MAP_SCADA,155,0.0062318934256919145
2,UPFC_Vsh,5-15,1.10514278782043,15,1.104214483283727,MAP_SCADA,155,0.0009283045367030063
3,UPFC_tsh,5-15,-0.22475059684335258,15,-0.22599573002054105,MAP_SCADA,155,0.0012451331771884677
4,UPFC_Vse,5-15,0.05974653222629669,15,0.05791566213151965,MAP_SCADA,155,0.0018308700947770387
5,UPFC_tse,5-15,-2.1454506699074596,15,-2.1368171684030264,MAP_SCADA,155,0.008633501504433205
0,x_tcsc,1-14,-0.13657497542089506,16,-0.14022937543990158,MAP_SCADA,155,0.0036544000190065207
1,B_svc,2,0.3050354964593784,16,0.30342516789828244,MAP_SCADA,155,0.0016103285610959417
2,UPFC_Vsh,5-15,1.1042529235454521,16,1.104214483283727,MAP_SCADA,155,3.844026172505899e-05
3,UPFC_tsh,5-15,-0.2272530051578728,16,-0.22599573002054105,MAP_SCADA,155,0.0012572751373317592
4,UPFC_Vse,5-15,0.05994727137748766,16,0.05791566213151965,MAP_SCADA,155,0.0020316092459680135
5,UPFC_tse,5-15,-2.1525110522626387,16,-2.1368171684030264,MAP_SCADA,155,0.015693883859612345
0,x_tcsc,1-14,-0.14031858933454772,17,-0.14022937543990158,MAP_SCADA,155,8.92138946461396e-05
1,B_svc,2,0.29837338229458993,17,0.30342516789828244,MAP_SCADA,155,0.005051785603692516
2,UPFC_Vsh,5-15,1.1048099590733964,17,1.104214483283727,MAP_SCADA,155,0.0005954757896693419
3,UPFC_tsh,5-15,-0.2258268842497113,17,-0.22599573002054105,MAP_SCADA,155,0.00016884577082973418
4,UPFC_Vse,5-15,0.060018761302233874,17,0.05791566213151965,MAP_SCADA,155,0.0021030991707142246
5,UPFC_tse,5-15,-2.1445126629522857,17,-2.1368171684030264,MAP_SCADA,155,0.00769549454925933
0,x_tcsc,1-14,-0.13862398376095758,18,-0.14022937543990158,MAP_SCADA,155,0.001605391678943996
1,B_svc,2,0.30051063411948875,18,0.30342516789828244,MAP_SCADA,155,0.002914533778793693
2,UPFC_Vsh,5-15,1.1036263093848822,18,1.104214483283727,MAP_SCADA,155,0.0005881738988449126
3,UPFC_tsh,5-15,-0.22631897737870346,18,-0.22599573002054105,MAP_SCADA,155,0.0003232473581624151
4,UPFC_Vse,5-15,0.06059917772140851,18,0.05791566213151965,MAP_SCADA,155,0.0026835155898888643
5,UPFC_tse,5-15,-2.1481598405459894,18,-2.1368171684030264,MAP_SCADA,155,0.011342672142963028
0,x_tcsc,1-14,-0.13997150805289785,19,-0.14022937543990158,MAP_SCADA,155,0.0002578673870037296
1,B_svc,2,0.2975385393396756,19,0.30342516789828244,MAP_SCADA,155,0.005886628558606832
2,UPFC_Vsh,5-15,1.102397254952331,19,1.104214483283727,MAP_SCADA,155,0.0018172283313959703
3,UPFC_tsh,5-15,-0.22583042910126308,19,-0.22599573002054105,MAP_SCADA,155,0.00016530091927796642
4,UPFC_Vse,5-15,0.06029962107356366,19,0.05791566213151965,MAP_SCADA,155,0.0023839589420440108
5,UPFC_tse,5-15,-2.1511675257445853,19,-2.1368171684030264,MAP_SCADA,155,0.014350357341558873
0,x_tcsc,1-14,-0.13996105232389777,20,-0.14022937543990158,MAP_SCADA,155,0.00026832311600380465
1,B_svc,2,0.2921272452893663,20,0.30342516789828244,MAP_SCADA,155,0.011297922608916156
2,UPFC_Vsh,5-15,1.1059558536829384,20,1.104214483283727,MAP_SCADA,155,0.001741370399211295
3,UPFC_tsh,5-15,-0.22446458794532617,20,-0.22599573002054105,MAP_SCADA,155,0.0015311420752148752
4,UPFC_Vse,5-15,0.05986600732266241,20,0.05791566213151965,MAP_SCADA,155,0.0019503451911427605
5,UPFC_tse,5-15,-2.1451598095664512,20,-2.1368171684030264,MAP_SCADA,155,0.008342641163424869
0,x_tcsc,1-14,-0.13822667342328782,21,-0.14022937543990158,MAP_SCADA,155,0.002002702016613761
1,B_svc,2,0.2972723864116842,21,0.30342516789828244,MAP_SCADA,155,0.006152781486598258
2,UPFC_Vsh,5-15,1.1041169664709394,21,1.104214483283727,MAP_SCADA,155,9.75168127876902e-05
3,UPFC_tsh,5-15,-0.22696494078320859,21,-0.22599573002054105,MAP_SCADA,155,0.0009692107626675384
4,UPFC_Vse,5-15,0.06022746905635116,21,0.05791566213151965,MAP_SCADA,155,0.0023118069248315096
5,UPFC_tse,5-15,-2.152488046930867,21,-2.1368171684030264,MAP_SCADA,155,0.01567087852784077
0,x_tcsc,1-14,-0.1385780621689011,22,-0.14022937543990158,MAP_SCADA,155,0.0016513132710004874
1,B_svc,2,0.295866779953715,22,0.30342516789828244,MAP_SCADA,155,0.007558387944567424
2,UPFC_Vsh,5-15,1.1060783732776556,22,1.104214483283727,MAP_SCADA,155,0.0018638899939285025
3,UPFC_tsh,5-15,-0.22534572355539284,22,-0.22599573002054105,MAP_SCADA,155,0.0006500064651482063
4,UPFC_Vse,5-15,0.059450675865346955,22,0.05791566213151965,MAP_SCADA,155,0.0015350137338273062
5,UPFC_tse,5-15,-2.1468013562424364,22,-2.1368171684030264,MAP_SCADA,155,0.00998418783941002
0,x_tcsc,1-14,-0.1402901868998003,23,-0.14022937543990158,MAP_SCADA,155,6.081145989872416e-05
1,B_svc,2,0.28873643190744297,23,0.30342516789828244,MAP_SCADA,155,0.014688735990839474
2,UPFC_Vsh,5-15,1.104882461923429,23,1.104214483283727,MAP_SCADA,155,0.0006679786397019161
3,UPFC_tsh,5-15,-0.2252051158164447,23,-0.22599573002054105,MAP_SCADA,155,0.000790614204096346
4,UPFC_Vse,5-15,0.0602245918602625,23,0.05791566213151965,MAP_SCADA,155,0.002308929728742852
5,UPFC_tse,5-15,-2.143819747526403,23,-2.1368171684030264,MAP_SCADA,155,0.007002579123376762
0,x_tcsc,1-14,-0.1392743045440156,24,-0.14022937543990158,MAP_SCADA,155,0.0009550708958859788
1,B_svc,2,0.29738585302713844,24,0.30342516789828244,MAP_SCADA,155,0.006039314871144008
2,UPFC_Vsh,5-15,1.1045794019361654,24,1.104214483283727,MAP_SCADA,155,0.00036491865243837296
3,UPFC_tsh,5-15,-0.22649652881257448,24,-0.22599573002054105,MAP_SCADA,155,0.0005007987920334356
4,UPFC_Vse,5-15,0.060071837795885465,24,0.05791566213151965,MAP_SCADA,155,0.0021561756643658156
5,UPFC_tse,5-15,-2.1422016412545237,24,-2.1368171684030264,MAP_SCADA,155,0.005384472851497346
0,x_tcsc,1-14,-0.1377908231437233,25,-0.14022937543990158,MAP_SCADA,155,0.002438552296178287
1,B_svc,2,0.3061252413607257,25,0.30342516789828244,MAP_SCADA,155,0.0027000734624432754
2,UPFC_Vsh,5-15,1.1034073057683083,25,1.104214483283727,MAP_SCADA,155,0.000807177515418811
3,UPFC_tsh,5-15,-0.22768260667530446,25,-0.22599573002054105,MAP_SCADA,155,0.001686876654763414
4,UPFC_Vse,5-15,0.06020619773713513,25,0.05791566213151965,MAP_SCADA,155,0.0022905356056154777
5,UPFC_tse,5-15,-2.150180709765505,25,-2.1368171684030264,MAP_SCADA,155,0.013363541362478415
0,x_tcsc,1-14,-0.1385486551204919,26,-0.14022937543990158,MAP_SCADA,155,0.0016807203194096898
1,B_svc,2,0.300807778883365,26,0.30342516789828244,MAP_SCADA,155,0.002617389014917426
2,UPFC_Vsh,5-15,1.1039094048672455,26,1.104214483283727,MAP_SCADA,155,0.0003050784164815301
3,UPFC_tsh,5-15,-0.2259080636694409,26,-0.22599573002054105,MAP_SCADA,155,8.766635110013521e-05
4,UPFC_Vse,5-15,0.0608357430479533,26,0.05791566213151965,MAP_SCADA,155,0.0029200809164336497
5,UPFC_tse,5-15,-2.1503445282371287,26,-2.1368171684030264,MAP_SCADA,155,0.01352735983410236
0,x_tcsc,1-14,-0.13881034278722607,27,-0.14022937543990158,MAP_SCADA,155,0.0014190326526755115
1,B_svc,2,0.2914728599813028,27,0.30342516789828244,MAP_SCADA,155,0.011952307916979654
2,UPFC_Vsh,5-15,1.104849217491168,27,1.104214483283727,MAP_SCADA,155,0.000634734207440868
3,UPFC_tsh,5-15,-0.225308752946577,27,-0.22599573002054105,MAP_SCADA,155,0.0006869770739640346
4,UPFC_Vse,5-15,0.06004084817340249,27,0.05791566213151965,MAP_SCADA,155,0.0021251860418828386
5,UPFC_tse,5-15,-2.148496938186742,27,-2.1368171684030264,MAP_SCADA,155,0.011679769783715432
0,x_tcsc,1-14,-0.13913273389529263,28,-0.14022937543990158,MAP_SCADA,155,0.0010966415446089506
1,B_svc,2,0.296591253501489,28,0.30342516789828244,MAP_SCADA,155,0.006833914396793428
2,UPFC_Vsh,5-15,1.106067300145302,28,1.104214483283727,MAP_SCADA,155,0.001852816861575013
3,UPFC_tsh,5-15,-0.2247781884335331,28,-0.22599573002054105,MAP_SCADA,155,0.0012175415870079587
4,UPFC_Vse,5-15,0.060115046821960276,28,0.05791566213151965,MAP_SCADA,155,0.002199384690440627
5,UPFC_tse,5-15,-2.143399854831133,28,-2.1368171684030264,MAP_SCADA,155,0.0065826864281066655
0,x_tcsc,1-14,-0.13888452296679737,29,-0.14022937543990158,MAP_SCADA,155,0.0013448524731042022
1,B_svc,2,0.2992698066686642,29,0.30342516789828244,MAP_SCADA,155,0.004155361229618237
2,UPFC_Vsh,5-15,1.10514048130782,29,1.104214483283727,MAP_SCADA,155,0.0009259980240929888
3,UPFC_tsh,5-15,-0.22565557417003165,29,-0.22599573002054105,MAP_SCADA,155,0.0003401558505093938
4,UPFC_Vse,5-15,0.05959903426723671,29,0.05791566213151965,MAP_SCADA,155,0.001683372135717058
5,UPFC_tse,5-15,-2.1487909286896563,29,-2.1368171684030264,MAP_SCADA,155,0.011973760286629886
0,x_tcsc,1-14,-0.13966994289115525,30,-0.14022937543990158,MAP_SCADA,155,0.0005594325487463248
1,B_svc,2,0.29765113418232697,30,0.30342516789828244,MAP_SCADA,155,0.005774033715955473
2,UPFC_Vsh,5-15,1.1025388252883417,30,1.104214483283727,MAP_SCADA,155,0.0016756579953853823
3,UPFC_tsh,5-15,-0.22632311264655752,30,-0.22599573002054105,MAP_SCADA,155,0.00032738262601647583
4,UPFC_Vse,5-15,0.060273030760081885,30,0.05791566213151965,MAP_SCADA,155,0.0023573686285622356
5,UPFC_tse,5-15,-2.1470760271765768,30,-2.1368171684030264,MAP_SCADA,155,0.010258858773550372
0,x_tcsc,1-14,-0.1396459351331978,31,-0.14022937543990158,MAP_SCADA,155,0.0005834403067037641
1,B_svc,2,0.29859178983973,31,0.30342516789828244,MAP_SCADA,155,0.00483337805855244
2,UPFC_Vsh,5-15,1.103772856341603,31,1.104214483283727,MAP_SCADA,155,0.00044162694212412923
3,UPFC_tsh,5-15,-0.22586435764479773,31,-0.22599573002054105,MAP_SCADA,155,0.00013137237574331606
4,UPFC_Vse,5-15,0.060196723858506794,31,0.05791566213151965,MAP_SCADA,155,0.002281061726987145
5,UPFC_tse,5-15,-2.149224612485506,31,-2.1368171684030264,MAP_SCADA,155,0.012407444082479735
0,x_tcsc,1-14,-0.13746908066422436,32,-0.14022937543990158,MAP_SCADA,155,0.0027602947756772134
1,B_svc,2,0.3038280239187001,32,0.30342516789828244,MAP_SCADA,155,0.00040285602041767454
2,UPFC_Vsh,5-15,1.103889255951134,32,1.104214483283727,MAP_SCADA,155,0.0003252273325931032
3,UPFC_tsh,5-15,-0.22775698399944186,32,-0.22599573002054105,MAP_SCADA,155,0.001761253978900812
4,UPFC_Vse,5-15,0.06038293076645081,32,0.05791566213151965,MAP_SCADA,155,0.002467268634931158
5,UPFC_tse,5-15,-2.1500529755168016,32,-2.1368171684030264,MAP_SCADA,155,0.013235807113775255
0,x_tcsc,1-14,-0.1407724381384244,33,-0.14022937543990158,MAP_SCADA,155,0.0005430626985228337
1,B_svc,2,0.29109702121632824,33,0.30342516789828244,MAP_SCADA,155,0.0123281466819542
2,UPFC_Vsh,5-15,1.1061593864183283,33,1.104214483283727,MAP_SCADA,155,0.0019449031346012724
3,UPFC_tsh,5-15,-0.22444767867505602,33,-0.22599573002054105,MAP_SCADA,155,0.0015480513454850242
4,UPFC_Vse,5-15,0.05977371883798552,33,0.05791566213151965,MAP_SCADA,155,0.0018580567064658687
5,UPFC_tse,5-15,-2.14828422550704,33,-2.1368171684030264,MAP_SCADA,155,0.011467057104013634
0,x_tcsc,1-14,-0.1396247852341707,34,-0.14022937543990158,MAP_SCADA,155,0.000604590205730865
1,B_svc,2,0.29625064662459444,34,0.30342516789828244,MAP_SCADA,155,0.007174521273688006
2,UPFC_Vsh,5-15,1.104409373734565,34,1.104214483283727,MAP_SCADA,155,0.00019489045083798118
3,UPFC_tsh,5-15,-0.2260998187080884,34,-0.22599573002054105,MAP_SCADA,155,0.00010408868754735456
4,UPFC_Vse,5-15,0.060423493335265026,34,0.05791566213151965,MAP_SCADA,155,0.0025078312037453768
5,UPFC_tse,5-15,-2.148531035273312,34,-2.1368171684030264,MAP_SCADA,155,0.011713866870285639
0,x_tcsc,1-14,-0.13747071296096938,35,-0.14022937543990158,MAP_SCADA,155,0.0027586624789321945
1,B_svc,2,0.2970031945926777,35,0.30342516789828244,MAP_SCADA,155,0.0064219733056047335
2,UPFC_Vsh,5-15,1.1043141540277561,35,1.104214483283727,MAP_SCADA,155,9.967074402905673e-05
3,UPFC_tsh,5-15,-0.22689694102156815,35,-0.22599573002054105,MAP_SCADA,155,0.0009012110010271079
4,UPFC_Vse,5-15,0.06012317071876644,35,0.05791566213151965,MAP_SCADA,155,0.0022075085872467898
5,UPFC_tse,5-15,-2.149481545118172,35,-2.1368171684030264,MAP_SCADA,155,0.012664376715145753
0,x_tcsc,1-14,-0.14022767642520453,36,-0.14022937543990158,MAP_SCADA,155,1.699014697043033e-06
1,B_svc,2,0.2945503832650932,36,0.30342516789828244,MAP_SCADA,155,0.008874784633189248
2,UPFC_Vsh,5-15,1.1042972523376584,36,1.104214483283727,MAP_SCADA,155,8.276905393134193e-05
3,UPFC_tsh,5-15,-0.22502397668760352,36,-0.22599573002054105,MAP_SCADA,155,0.0009717533329375305
4,UPFC_Vse,5-15,0.05990084617611401,36,0.05791566213151965,MAP_SCADA,155,0.001985184044594364
5,UPFC_tse,5-15,-2.145775581524078,36,-2.1368171684030264,MAP_SCADA,155,0.008958413121051834
0,x_tcsc,1-14,-0.13930864788106107,37,-0.14022937543990158,MAP_SCADA,155,0.0009207275588405117
1,B_svc,2,0.2985366169832528,37,0.30342516789828244,MAP_SCADA,155,0.004888550915029655
2,UPFC_Vsh,5-15,1.1055109564919188,37,1.104214483283727,MAP_SCADA,155,0.0012964732081917063
3,UPFC_tsh,5-15,-0.22576395725073525,37,-0.22599573002054105,MAP_SCADA,155,0.00023177276980579364
4,UPFC_Vse,5-15,0.05957450635499889,37,0.05791566213151965,MAP_SCADA,155,0.0016588442234792417
5,UPFC_tse,5-15,-2.1485789670072792,37,-2.1368171684030264,MAP_SCADA,155,0.01176179860425286
0,x_tcsc,1-14,-0.13876399333863584,38,-0.14022937543990158,MAP_SCADA,155,0.001465382101265733
1,B_svc,2,0.29775285732011453,38,0.30342516789828244,MAP_SCADA,155,0.005672310578167916
2,UPFC_Vsh,5-15,1.104689520361175,38,1.104214483283727,MAP_SCADA,155,0.00047503707744800394
3,UPFC_tsh,5-15,-0.22595945019195673,38,-0.22599573002054105,MAP_SCADA,155,3.6279828584312446e-05
4,UPFC_Vse,5-15,0.060351667486153455,38,0.05791566213151965,MAP_SCADA,155,0.0024360053546338065
5,UPFC_tse,5-15,-2.1462755904313355,38,-2.1368171684030264,MAP_SCADA,155,0.009458422028309155
0,x_tcsc,1-14,-0.13888872058816598,39,-0.14022937543990158,MAP_SCADA,155,0.0013406548517355954
1,B_svc,2,0.30026952731217943,39,0.30342516789828244,MAP_SCADA,155,0.0031556405861030146
2,UPFC_Vsh,5-15,1.1035081667959006,39,1.104214483283727,MAP_SCADA,155,0.000706316487826486
3,UPFC_tsh,5-15,-0.22685329721329714,39,-0.22599573002054105,MAP_SCADA,155,0.0008575671927560924
4,UPFC_Vse,5-15,0.060193805382303366,39,0.05791566213151965,MAP_SCADA,155,0.0022781432507837165
5,UPFC_tse,5-15,-2.1480449289464985,39,-2.1368171684030264,MAP_SCADA,155,0.011227760543472076
0,x_tcsc,1-14,-0.1380881425081221,40,-0.14022937543990158,MAP_SCADA,155,0.00214123293177948
1,B_svc,2,0.305150873703634,40,0.30342516789828244,MAP_SCADA,155,0.0017257058053515295
2,UPFC_Vsh,5-15,1.1010648603053346,40,1.104214483283727,MAP_SCADA,155,0.0031496229783924967
3,UPFC_tsh,5-15,-0.2285433630113417,40,-0.22599573002054105,MAP_SCADA,155,0.002547632990800658
4,UPFC_Vse,5-15,0.06086204016250076,40,0.05791566213151965,MAP_SCADA,155,0.002946378030981113
5,UPFC_tse,5-15,-2.148631665556464,40,-2.1368171684030264,MAP_SCADA,155,0.011814497153437742
0,x_tcsc,1-14,-0.1387186169873437,41,-0.14022937543990158,MAP_SCADA,155,0.001510758452557881
1,B_svc,2,0.29322018540771627,41,0.30342516789828244,MAP_SCADA,155,0.010204982490566172
2,UPFC_Vsh,5-15,1.1038591215574631,41,1.104214483283727,MAP_SCADA,155,0.00035536172626393636
3,UPFC_tsh,5-15,-0.22602840755094478,41,-0.22599573002054105,MAP_SCADA,155,3.267753040372967e-05
4,UPFC_Vse,5-15,0.060643180625298665,41,0.05791566213151965,MAP_SCADA,155,0.002727518493779016
5,UPFC_tse,5-15,-2.1511423510924637,41,-2.1368171684030264,MAP_SCADA,155,0.014325182689437277
0,x_tcsc,1-14,-0.1399054585652153,42,-0.14022937543990158,MAP_SCADA,155,0.0003239168746862753
1,B_svc,2,0.29691859176243846,42,0.30342516789828244,MAP_SCADA,155,0.006506576135843989
2,UPFC_Vsh,5-15,1.1044028256050389,42,1.104214483283727,MAP_SCADA,155,0.0001883423213118185
3,UPFC_tsh,5-15,-0.2256305853352938,42,-0.22599573002054105,MAP_SCADA,155,0.0003651446852472595
4,UPFC_Vse,5-15,0.060075035419874336,42,0.05791566213151965,MAP_SCADA,155,0.0021593732883546865
5,UPFC_tse,5-15,-2.144996823734121,42,-2.1368171684030264,MAP_SCADA,155,0.008179655331094438
0,x_tcsc,1-14,-0.13845023221293154,43,-0.14022937543990158,MAP_SCADA,155,0.001779143226970037
1,B_svc,2,0.2982945498498663,43,0.30342516789828244,MAP_SCADA,155,0.005130618048416136
2,UPFC_Vsh,5-15,1.1058482160010459,43,1.104214483283727,MAP_SCADA,155,0.0016337327173188143
3,UPFC_tsh,5-15,-0.2259417019098907,43,-0.22599573002054105,MAP_SCADA,155,5.402811065033375e-05
4,UPFC_Vse,5-15,0.0596267769348247,43,0.05791566213151965,MAP_SCADA,155,0.0017111148033050541
5,UPFC_tse,5-15,-2.1476228475067285,43,-2.1368171684030264,MAP_SCADA,155,0.010805679103702115
0,x_tcsc,1-14,-0.139811517951264,44,-0.14022937543990158,MAP_SCADA,155,0.00041785748863756855
1,B_svc,2,0.29671087376323174,44,0.30342516789828244,MAP_SCADA,155,0.006714294135050702
2,UPFC_Vsh,5-15,1.1028977831949425,44,1.104214483283727,MAP_SCADA,155,0.0013167000887845948
3,UPFC_tsh,5-15,-0.22646896973694672,44,-0.22599573002054105,MAP_SCADA,155,0.0004732397164056712
4,UPFC_Vse,5-15,0.06049594237847763,44,0.05791566213151965,MAP_SCADA,155,0.002580280246957979
5,UPFC_tse,5-15,-2.1480555669771535,44,-2.1368171684030264,MAP_SCADA,155,0.011238398574127118
0,x_tcsc,1-14,-0.14052857428117096,45,-0.14022937543990158,MAP_SCADA,155,0.000299198841269388
1,B_svc,2,0.29656433459849,45,0.30342516789828244,MAP_SCADA,155,0.006860833299792424
2,UPFC_Vsh,5-15,1.105353337485876,45,1.104214483283727,MAP_SCADA,155,0.0011388542021488757
3,UPFC_tsh,5-15,-0.2250383220991583,45,-0.22599573002054105,MAP_SCADA,155,0.0009574079213827413
4,UPFC_Vse,5-15,0.05983092960988044,45,0.05791566213151965,MAP_SCADA,155,0.0019152674783607937
5,UPFC_tse,5-15,-2.1495930852050207,45,-2.1368171684030264,MAP_SCADA,155,0.012775916801994303
0,x_tcsc,1-14,-0.13895079535319532,46,-0.14022937543990158,MAP_SCADA,155,0.0012785800867062547
1,B_svc,2,0.2964461038118466,46,0.30342516789828244,MAP_SCADA,155,0.006979064086435838
2,UPFC_Vsh,5-15,1.1048489870248948,46,1.104214483283727,MAP_SCADA,155,0.0006345037411676913
3,UPFC_tsh,5-15,-0.22489720469760976,46,-0.22599573002054105,MAP_SCADA,155,0.001098525322931282
4,UPFC_Vse,5-15,0.06055886878461661,46,0.05791566213151965,MAP_SCADA,155,0.0026432066530969606
5,UPFC_tse,5-15,-2.143860217935244,46,-2.1368171684030264,MAP_SCADA,155,0.007043049532217793
0,x_tcsc,1-14,-0.13913388965149576,47,-0.14022937543990158,MAP_SCADA,155,0.00109548578840582
1,B_svc,2,0.2984715848952935,47,0.30342516789828244,MAP_SCADA,155,0.004953583002988926
2,UPFC_Vsh,5-15,1.103504153241162,47,1.104214483283727,MAP_SCADA,155,0.0007103300425650438
3,UPFC_tsh,5-15,-0.22569345557829593,47,-0.22599573002054105,MAP_SCADA,155,0.0003022744422451207
4,UPFC_Vse,5-15,0.0599048945666807,47,0.05791566213151965,MAP_SCADA,155,0.0019892324351610535
5,UPFC_tse,5-15,-2.147264956699322,47,-2.1368171684030264,MAP_SCADA,155,0.010447788296295446
0,x_tcsc,1-14,-0.1388308665670919,48,-0.14022937543990158,MAP_SCADA,155,0.0013985088728096784
1,B_svc,2,0.2980432939421639,48,0.30342516789828244,MAP_SCADA,155,0.005381873956118555
2,UPFC_Vsh,5-15,1.1046129074545643,48,1.104214483283727,MAP_SCADA,155,0.0003984241708372416
3,UPFC_tsh,5-15,-0.22600620862937293,48,-0.22599573002054105,MAP_SCADA,155,1.0478608831882008e-05
4,UPFC_Vse,5-15,0.059986161692255846,48,0.05791566213151965,MAP_SCADA,155,0.002070499560736197
5,UPFC_tse,5-15,-2.1500646836679387,48,-2.1368171684030264,MAP_SCADA,155,0.013247515264912302
0,x_tcsc,1-14,-0.13678999882709117,49,-0.14022937543990158,MAP_SCADA,155,0.0034393766128104075
1,B_svc,2,0.3048122495750491,49,0.30342516789828244,MAP_SCADA,155,0.001387081676766655
2,UPFC_Vsh,5-15,1.1028142767271474,49,1.104214483283727,MAP_SCADA,155,0.0014002065565796862
3,UPFC_tsh,5-15,-0.22789640504364608,49,-0.22599573002054105,MAP_SCADA,155,0.0019006750231050362
4,UPFC_Vse,5-15,0.06019102860432917,49,0.05791566213151965,MAP_SCADA,155,0.0022753664728095216
5,UPFC_tse,5-15,-2.1502166423072926,49,-2.1368171684030264,MAP_SCADA,155,0.013399473904266213
0,x_tcsc,1-14,-0.13844327078259241,50,-0.14022937543990158,MAP_SCADA,155,0.0017861046573091621
1,B_svc,2,0.296185019327285,50,0.30342516789828244,MAP_SCADA,155,0.007240148570997418
2,UPFC_Vsh,5-15,1.103699644975238,50,1.104214483283727,MAP_SCADA,155,0.000514838308488974
3,UPFC_tsh,5-15,-0.22623525675338108,50,-0.22599573002054105,MAP_SCADA,155,0.00023952673284002857
4,UPFC_Vse,5-15,0.060455226854863514,50,0.05791566213151965,MAP_SCADA,155,0.002539564723343865
5,UPFC_tse,5-15,-2.147736097903853,50,-2.1368171684030264,MAP_SCADA,155,0.010918929500826735
0,x_tcsc,1-14,-0.13932493877968363,51,-0.14022937543990158,MAP_SCADA,155,0.0009044366602179443
1,B_svc,2,0.29545982958944195,51,0.30342516789828244,MAP_SCADA,155,0.007965338308840497
2,UPFC_Vsh,5-15,1.1041996971003738,51,1.104214483283727,MAP_SCADA,155,1.478618335326587e-05
3,UPFC_tsh,5-15,-0.2259362461468297,51,-0.22599573002054105,MAP_SCADA,155,5.948387371135233e-05
4,UPFC_Vse,5-15,0.060608605431686384,51,0.05791566213151965,MAP_SCADA,155,0.002692943300166735
5,UPFC_tse,5-15,-2.147654032566646,51,-2.1368171684030264,MAP_SCADA,155,0.01083686416361962
0,x_tcsc,1-14,-0.13877429196352978,52,-0.14022937543990158,MAP_SCADA,155,0.001455083476371799
1,B_svc,2,0.2955519365557847,52,0.30342516789828244,MAP_SCADA,155,0.007873231342497733
2,UPFC_Vsh,5-15,1.103401285053523,52,1.104214483283727,MAP_SCADA,155,0.000813198230203982
3,UPFC_tsh,5-15,-0.2256970092293021,52,-0.22599573002054105,MAP_SCADA,155,0.0002987207912389378
4,UPFC_Vse,5-15,0.060037529394786515,52,0.05791566213151965,MAP_SCADA,155,0.002121867263266866
5,UPFC_tse,5-15,-2.1502566117296222,52,-2.1368171684030264,MAP_SCADA,155,0.013439443326595857
0,x_tcsc,1-14,-0.13719206890746846,53,-0.14022937543990158,MAP_SCADA,155,0.003037306532433115
1,B_svc,2,0.2997239554174644,53,0.30342516789828244,MAP_SCADA,155,0.0037012124808180613
2,UPFC_Vsh,5-15,1.1040769980954428,53,1.104214483283727,MAP_SCADA,155,0.0001374851882842698
3,UPFC_tsh,5-15,-0.22720083749051107,53,-0.22599573002054105,MAP_SCADA,155,0.0012051074699700182
4,UPFC_Vse,5-15,0.06010456096434186,53,0.05791566213151965,MAP_SCADA,155,0.0021888988328222087
5,UPFC_tse,5-15,-2.1545612967427794,53,-2.1368171684030264,MAP_SCADA,155,0.01774412833975303
0,x_tcsc,1-14,-0.13798824104664212,54,-0.14022937543990158,MAP_SCADA,155,0.0022411343932594585
1,B_svc,2,0.30227977719608706,54,0.30342516789828244,MAP_SCADA,155,0.0011453907021953813
2,UPFC_Vsh,5-15,1.103186529193495,54,1.104214483283727,MAP_SCADA,155,0.0010279540902320417
3,UPFC_tsh,5-15,-0.22683808163686253,54,-0.22599573002054105,MAP_SCADA,155,0.000842351616321485
4,UPFC_Vse,5-15,0.06059927539276227,54,0.05791566213151965,MAP_SCADA,155,0.002683613261242619
5,UPFC_tse,5-15,-2.1470201328700975,54,-2.1368171684030264,MAP_SCADA,155,0.01020296446707114
0,x_tcsc,1-14,-0.13861819969654465,55,-0.14022937543990158,MAP_SCADA,155,0.001611175743356924
1,B_svc,2,0.2982281439530429,55,0.30342516789828244,MAP_SCADA,155,0.005197023945239521
2,UPFC_Vsh,5-15,1.1062975037791578,55,1.104214483283727,MAP_SCADA,155,0.002083020495430743
3,UPFC_tsh,5-15,-0.2256201950046325,55,-0.22599573002054105,MAP_SCADA,155,0.00037553501590853466
4,UPFC_Vse,5-15,0.06010544691893832,55,0.05791566213151965,MAP_SCADA,155,0.002189784787418672
5,UPFC_tse,5-15,-2.1486231597502226,55,-2.1368171684030264,MAP_SCADA,155,0.011805991347196176
0,x_tcsc,1-14,-0.13821983146765665,56,-0.14022937543990158,MAP_SCADA,155,0.002009543972244926
1,B_svc,2,0.3011376864684205,56,0.30342516789828244,MAP_SCADA,155,0.0022874814298619595
2,UPFC_Vsh,5-15,1.104502511352792,56,1.104214483283727,MAP_SCADA,155,0.0002880280690649162
3,UPFC_tsh,5-15,-0.22690992863944798,56,-0.22599573002054105,MAP_SCADA,155,0.0009141986189069307
4,UPFC_Vse,5-15,0.06015288344386399,56,0.05791566213151965,MAP_SCADA,155,0.0022372213123443424
5,UPFC_tse,5-15,-2.145879885001655,56,-2.1368171684030264,MAP_SCADA,155,0.009062716598628562
0,x_tcsc,1-14,-0.13767132395109832,57,-0.14022937543990158,MAP_SCADA,155,0.0025580514888032535
1,B_svc,2,0.29706997285255465,57,0.30342516789828244,MAP_SCADA,155,0.006355195045727791
2,UPFC_Vsh,5-15,1.1075096933847748,57,1.104214483283727,MAP_SCADA,155,0.0032952101010477186
3,UPFC_tsh,5-15,-0.22571755461786697,57,-0.22599573002054105,MAP_SCADA,155,0.00027817540267408014
4,UPFC_Vse,5-15,0.05995041538130148,57,0.05791566213151965,MAP_SCADA,155,0.0020347532497818344
5,UPFC_tse,5-15,-2.1442045134949352,57,-2.1368171684030264,MAP_SCADA,155,0.007387345091908859
0,x_tcsc,1-14,-0.14025304881818126,58,-0.14022937543990158,MAP_SCADA,155,2.3673378279687185e-05
1,B_svc,2,0.2943751922505254,58,0.30342516789828244,MAP_SCADA,155,0.009049975647757058
2,UPFC_Vsh,5-15,1.1043382438971199,58,1.104214483283727,MAP_SCADA,155,0.0001237606133928093
3,UPFC_tsh,5-15,-0.22596942597343528,58,-0.22599573002054105,MAP_SCADA,155,2.6304047105768502e-05
4,UPFC_Vse,5-15,0.05989844619524658,58,0.05791566213151965,MAP_SCADA,155,0.001982784063726928
5,UPFC_tse,5-15,-2.150392797073834,58,-2.1368171684030264,MAP_SCADA,155,0.013575628670807749
0,x_tcsc,1-14,-0.13948574348694037,59,-0.14022937543990158,MAP_SCADA,155,0.0007436319529612045
1,B_svc,2,0.29361040067047306,59,0.30342516789828244,MAP_SCADA,155,0.009814767227809384
2,UPFC_Vsh,5-15,1.1024436446396637,59,1.104214483283727,MAP_SCADA,155,0.001770838644063355
3,UPFC_tsh,5-15,-0.2260962852316475,59,-0.22599573002054105,MAP_SCADA,155,0.00010055521110644006
4,UPFC_Vse,5-15,0.0603760348307006,59,0.05791566213151965,MAP_SCADA,155,0.0024603726991809516
5,UPFC_tse,5-15,-2.153027024774551,59,-2.1368171684030264,MAP_SCADA,155,0.016209856371524722
0,x_tcsc,1-14,-0.13734548040088565,60,-0.14022937543990158,MAP_SCADA,155,0.002883895039015927
1,B_svc,2,0.3050931327260433,60,0.30342516789828244,MAP_SCADA,155,0.0016679648277608816
2,UPFC_Vsh,5-15,1.1024510869435684,60,1.104214483283727,MAP_SCADA,155,0.0017633963401586517
3,UPFC_tsh,5-15,-0.22792302563646952,60,-0.22599573002054105,MAP_SCADA,155,0.0019272956159284704
4,UPFC_Vse,5-15,0.05994697426279195,60,0.05791566213151965,MAP_SCADA,155,0.002031312131272299
5,UPFC_tse,5-15,-2.1533501829787167,60,-2.1368171684030264,MAP_SCADA,155,0.01653301457569034
0,x_tcsc,1-14,-0.13962038629562434,61,-0.14022937543990158,MAP_SCADA,155,0.0006089891442772333
1,B_svc,2,0.2962995497542139,61,0.30342516789828244,MAP_SCADA,155,0.007125618144068535
2,UPFC_Vsh,5-15,1.1029814234863042,61,1.104214483283727,MAP_SCADA,155,0.0012330597974228308
3,UPFC_tsh,5-15,-0.22586234776028932,61,-0.22599573002054105,MAP_SCADA,155,0.00013338226025172428
4,UPFC_Vse,5-15,0.06022765102223543,61,0.05791566213151965,MAP_SCADA,155,0.00231198889071578
5,UPFC_tse,5-15,-2.1501775445709037,61,-2.1368171684030264,MAP_SCADA,155,0.01336037616787733
0,x_tcsc,1-14,-0.1395880404530107,62,-0.14022937543990158,MAP_SCADA,155,0.000641334986890868
1,B_svc,2,0.29959101759192003,62,0.30342516789828244,MAP_SCADA,155,0.003834150306362416
2,UPFC_Vsh,5-15,1.1049893981731653,62,1.104214483283727,MAP_SCADA,155,0.0007749148894382607
3,UPFC_tsh,5-15,-0.2262864238321893,62,-0.22599573002054105,MAP_SCADA,155,0.00029069381164825714
4,UPFC_Vse,5-15,0.0599799436649154,62,0.05791566213151965,MAP_SCADA,155,0.0020642815333957523
5,UPFC_tse,5-15,-2.1470839299587956,62,-2.1368171684030264,MAP_SCADA,155,0.010266761555769222
0,x_tcsc,1-14,-0.13819293186036755,63,-0.14022937543990158,MAP_SCADA,155,0.0020364435795340308
1,B_svc,2,0.2947934783829856,63,0.30342516789828244,MAP_SCADA,155,0.008631689515296859
2,UPFC_Vsh,5-15,1.105386686753126,63,1.104214483283727,MAP_SCADA,155,0.001172203469398836
3,UPFC_tsh,5-15,-0.226096774621023,63,-0.22599573002054105,MAP_SCADA,155,0.00010104460048196429
4,UPFC_Vse,5-15,0.06026503639942282,63,0.05791566213151965,MAP_SCADA,155,0.002349374267903173
5,UPFC_tse,5-15,-2.1446743398568286,63,-2.1368171684030264,MAP_SCADA,155,0.00785717145380227
0,x_tcsc,1-14,-0.13921022468365188,64,-0.14022937543990158,MAP_SCADA,155,0.0010191507562496982
1,B_svc,2,0.30291283652156065,64,0.30342516789828244,MAP_SCADA,155,0.0005123313767217974
2,UPFC_Vsh,5-15,1.1017025311267963,64,1.104214483283727,MAP_SCADA,155,0.0025119521569307857
3,UPFC_tsh,5-15,-0.22647964204765078,64,-0.22599573002054105,MAP_SCADA,155,0.00048391202710973413
4,UPFC_Vse,5-15,0.06037988534906229,64,0.05791566213151965,MAP_SCADA,155,0.002464223217542638
5,UPFC_tse,5-15,-2.1467661078239084,64,-2.1368171684030264,MAP_SCADA,155,0.009948939420882041
0,x_tcsc,1-14,-0.13754706013970006,65,-0.14022937543990158,MAP_SCADA,155,0.002682315300201521
1,B_svc,2,0.3033542225314747,65,0.30342516789828244,MAP_SCADA,155,7.094536680773977e-05
2,UPFC_Vsh,5-15,1.102491949482756,65,1.104214483283727,MAP_SCADA,155,0.0017225338009709823
3,UPFC_tsh,5-15,-0.22779893595847883,65,-0.22599573002054105,MAP_SCADA,155,0.0018032059379377852
4,UPFC_Vse,5-15,0.060129879626394565,65,0.05791566213151965,MAP_SCADA,155,0.0022142174948749163
5,UPFC_tse,5-15,-2.151886632505937,65,-2.1368171684030264,MAP_SCADA,155,0.015069464102910768
0,x_tcsc,1-14,-0.13851879659942265,66,-0.14022937543990158,MAP_SCADA,155,0.0017105788404789268
1,B_svc,2,0.30098243833297045,66,0.30342516789828244,MAP_SCADA,155,0.0024427295653119963
2,UPFC_Vsh,5-15,1.1037986787727152,66,1.104214483283727,MAP_SCADA,155,0.00041580451101186355
3,UPFC_tsh,5-15,-0.2266876249058762,66,-0.22599573002054105,MAP_SCADA,155,0.0006918948853351647
4,UPFC_Vse,5-15,0.059659010943204104,66,0.05791566213151965,MAP_SCADA,155,0.0017433488116844545
5,UPFC_tse,5-15,-2.145454356885726,66,-2.1368171684030264,MAP_SCADA,155,0.008637188482699454
0,x_tcsc,1-14,-0.13891729932627214,67,-0.14022937543990158,MAP_SCADA,155,0.0013120761136294345
1,B_svc,2,0.29894763571785266,67,0.30342516789828244,MAP_SCADA,155,0.0044775321804297885
2,UPFC_Vsh,5-15,1.1052742411757022,67,1.104214483283727,MAP_SCADA,155,0.0010597578919750994
3,UPFC_tsh,5-15,-0.22678710475996916,67,-0.22599573002054105,MAP_SCADA,155,0.0007913747394281134
4,UPFC_Vse,5-15,0.06021758539380588,67,0.05791566213151965,MAP_SCADA,155,0.002301923262286232
5,UPFC_tse,5-15,-2.1460217532626857,67,-2.1368171684030264,MAP_SCADA,155,0.00920458485965936
0,x_tcsc,1-14,-0.1400113610368814,68,-0.14022937543990158,MAP_SCADA,155,0.00021801440302018915
1,B_svc,2,0.2886082954586116,68,0.30342516789828244,MAP_SCADA,155,0.014816872439670836
2,UPFC_Vsh,5-15,1.1086243994812912,68,1.104214483283727,MAP_SCADA,155,0.0044099161975641454
3,UPFC_tsh,5-15,-0.22463470542028693,68,-0.22599573002054105,MAP_SCADA,155,0.0013610246002541126
4,UPFC_Vse,5-15,0.05987369804048943,68,0.05791566213151965,MAP_SCADA,155,0.0019580359089697782
5,UPFC_tse,5-15,-2.1449589252236083,68,-2.1368171684030264,MAP_SCADA,155,0.008141756820581936
0,x_tcsc,1-14,-0.1391771725391201,69,-0.14022937543990158,MAP_SCADA,155,0.0010522029007814793
1,B_svc,2,0.2949481090376491,69,0.30342516789828244,MAP_SCADA,155,0.008477058860633324
2,UPFC_Vsh,5-15,1.1044387529335438,69,1.104214483283727,MAP_SCADA,155,0.0002242696498166996
3,UPFC_tsh,5-15,-0.2255383734968782,69,-0.22599573002054105,MAP_SCADA,155,0.0004573565236628552
4,UPFC_Vse,5-15,0.06053740626463348,69,0.05791566213151965,MAP_SCADA,155,0.0026217441331138278
5,UPFC_tse,5-15,-2.147341439047312,69,-2.1368171684030264,MAP_SCADA,155,0.010524270644285405
0,x_tcsc,1-14,-0.14030892296009884,70,-0.14022937543990158,MAP_SCADA,155,7.954752019725952e-05
1,B_svc,2,0.28916581192604307,70,0.30342516789828244,MAP_SCADA,155,0.014259355972239374
2,UPFC_Vsh,5-15,1.105617684280865,70,1.104214483283727,MAP_SCADA,155,0.0014032009971378656
3,UPFC_tsh,5-15,-0.22463776111187436,70,-0.22599573002054105,MAP_SCADA,155,0.0013579689086666846
4,UPFC_Vse,5-15,0.05922766099819131,70,0.05791566213151965,MAP_SCADA,155,0.0013119988666716598
5,UPFC_tse,5-15,-2.146793521944589,70,-2.1368171684030264,MAP_SCADA,155,0.009976353541562677
0,x_tcsc,1-14,-0.13912161106384616,71,-0.14022937543990158,MAP_SCADA,155,0.00110776437605542
1,B_svc,2,0.29390301176538924,71,0.30342516789828244,MAP_SCADA,155,0.0095221561328932
2,UPFC_Vsh,5-15,1.1066642973847154,71,1.104214483283727,MAP_SCADA,155,0.0024498141009883234
3,UPFC_tsh,5-15,-0.225605363251747,71,-0.22599573002054105,MAP_SCADA,155,0.0003903667687940593
4,UPFC_Vse,5-15,0.05939111103551805,71,0.05791566213151965,MAP_SCADA,155,0.0014754489039984012
5,UPFC_tse,5-15,-2.1477863279580256,71,-2.1368171684030264,MAP_SCADA,155,0.01096915955499922
0,x_tcsc,1-14,-0.14056060725207833,72,-0.14022937543990158,MAP_SCADA,155,0.0003312318121767577
1,B_svc,2,0.2905575884448555,72,0.30342516789828244,MAP_SCADA,155,0.012867579453426925
2,UPFC_Vsh,5-15,1.1041119417122978,72,1.104214483283727,MAP_SCADA,155,0.00010254157142930431
3,UPFC_tsh,5-15,-0.22535657625741115,72,-0.22599573002054105,MAP_SCADA,155,0.000639153763129896
4,UPFC_Vse,5-15,0.060107674310286366,72,0.05791566213151965,MAP_SCADA,155,0.002192012178766717
5,UPFC_tse,5-15,-2.1468883355909685,72,-2.1368171684030264,MAP_SCADA,155,0.010071167187942098
0,x_tcsc,1-14,-0.1388155879410626,73,-0.14022937543990158,MAP_SCADA,155,0.0014137874988389698
1,B_svc,2,0.2955615078968038,73,0.30342516789828244,MAP_SCADA,155,0.007863660001478645
2,UPFC_Vsh,5-15,1.105298350292251,73,1.104214483283727,MAP_SCADA,155,0.001083867008524031
3,UPFC_tsh,5-15,-0.22593649996615559,73,-0.22599573002054105,MAP_SCADA,155,5.9230054385461806e-05
4,UPFC_Vse,5-15,0.05985474709110416,73,0.05791566213151965,MAP_SCADA,155,0.0019390849595845097
5,UPFC_tse,5-15,-2.1511679849735295,73,-2.1368171684030264,MAP_SCADA,155,0.014350816570503078
0,x_tcsc,1-14,-0.1398233764460126,74,-0.14022937543990158,MAP_SCADA,155,0.00040599899388898963
1,B_svc,2,0.2954338977334575,74,0.30342516789828244,MAP_SCADA,155,0.007991270164824926
2,UPFC_Vsh,5-15,1.1071480139212553,74,1.104214483283727,MAP_SCADA,155,0.0029335306375282144
3,UPFC_tsh,5-15,-0.22453926962252754,74,-0.22599573002054105,MAP_SCADA,155,0.0014564603980135038
4,UPFC_Vse,5-15,0.060687580449417494,74,0.05791566213151965,MAP_SCADA,155,0.002771918317897845
5,UPFC_tse,5-15,-2.14433718069863,74,-2.1368171684030264,MAP_SCADA,155,0.0075200122956036175
0,x_tcsc,1-14,-0.13985189874829726,75,-0.14022937543990158,MAP_SCADA,155,0.00037747669160431707
1,B_svc,2,0.29688805571872745,75,0.30342516789828244,MAP_SCADA,155,0.006537112179554994
2,UPFC_Vsh,5-15,1.1046618916641544,75,1.104214483283727,MAP_SCADA,155,0.00044740838042733877
3,UPFC_tsh,5-15,-0.22601035217733573,75,-0.22599573002054105,MAP_SCADA,155,1.4622156794680263e-05
4,UPFC_Vse,5-15,0.06080895520400906,75,0.05791566213151965,MAP_SCADA,155,0.0028932930724894085
5,UPFC_tse,5-15,-2.1404242421104898,75,-2.1368171684030264,MAP_SCADA,155,0.003607073707463382
0,x_tcsc,1-14,-0.13957144471102523,76,-0.14022937543990158,MAP_SCADA,155,0.0006579307288763492
1,B_svc,2,0.2923765380368501,76,0.30342516789828244,MAP_SCADA,155,0.011048629861432346
2,UPFC_Vsh,5-15,1.1054871009105336,76,1.104214483283727,MAP_SCADA,155,0.001272617626806527
3,UPFC_tsh,5-15,-0.22482937095352573,76,-0.22599573002054105,MAP_SCADA,155,0.0011663590670153157
4,UPFC_Vse,5-15,0.06030011511679539,76,0.05791566213151965,MAP_SCADA,155,0.002384452985275738
5,UPFC_tse,5-15,-2.1476767706995723,76,-2.1368171684030264,MAP_SCADA,155,0.010859602296545923
0,x_tcsc,1-14,-0.13862326408102932,77,-0.14022937543990158,MAP_SCADA,155,0.0016061113588722586
1,B_svc,2,0.297354900166559,77,0.30342516789828244,MAP_SCADA,155,0.006070267731723422
2,UPFC_Vsh,5-15,1.1047507912466037,77,1.104214483283727,MAP_SCADA,155,0.0005363079628766254
3,UPFC_tsh,5-15,-0.22604008379772728,77,-0.22599573002054105,MAP_SCADA,155,4.4353777186229015e-05
4,UPFC_Vse,5-15,0.05988669983780915,77,0.05791566213151965,MAP_SCADA,155,0.001971037706289501
5,UPFC_tse,5-15,-2.149920976773672,77,-2.1368171684030264,MAP_SCADA,155,0.01310380837064562
0,x_tcsc,1-14,-0.14014173897371188,78,-0.14022937543990158,MAP_SCADA,155,8.76364661897e-05
1,B_svc,2,0.29808804198602606,78,0.30342516789828244,MAP_SCADA,155,0.00533712591225638
2,UPFC_Vsh,5-15,1.1020250874796236,78,1.104214483283727,MAP_SCADA,155,0.002189395804103489
3,UPFC_tsh,5-15,-0.22709406986485264,78,-0.22599573002054105,MAP_SCADA,155,0.0010983398443115966
4,UPFC_Vse,5-15,0.06038098624706862,78,0.05791566213151965,MAP_SCADA,155,0.002465324115548971
5,UPFC_tse,5-15,-2.147555642474961,78,-2.1368171684030264,MAP_SCADA,155,0.010738474071934512
0,x_tcsc,1-14,-0.138494991935145,79,-0.14022937543990158,MAP_SCADA,155,0.0017343835047565759
1,B_svc,2,0.29935793585946774,79,0.30342516789828244,MAP_SCADA,155,0.004067232038814705
2,UPFC_Vsh,5-15,1.1044861845431309,79,1.104214483283727,MAP_SCADA,155,0.0002717012594037893
3,UPFC_tsh,5-15,-0.2267156972470802,79,-0.22599573002054105,MAP_SCADA,155,0.0007199672265391643
4,UPFC_Vse,5-15,0.06014279391207925,79,0.05791566213151965,MAP_SCADA,155,0.0022271317805596033
5,UPFC_tse,5-15,-2.148430129095994,79,-2.1368171684030264,MAP_SCADA,155,0.0116129606929678
0,x_tcsc,1-14,-0.13850198239680195,80,-0.14022937543990158,MAP_SCADA,155,0.0017273930430996287
1,B_svc,2,0.2949269015440459,80,0.30342516789828244,MAP_SCADA,155,0.008498266354236561
2,UPFC_Vsh,5-15,1.1046154754089028,80,1.104214483283727,MAP_SCADA,155,0.00040099212517574756
3,UPFC_tsh,5-15,-0.22601633684968597,80,-0.22599573002054105,MAP_SCADA,155,2.060682914492573e-05
4,UPFC_Vse,5-15,0.05995997222132473,80,0.05791566213151965,MAP_SCADA,155,0.0020443100898050806
5,UPFC_tse,5-15,-2.151054139576775,80,-2.1368171684030264,MAP_SCADA,155,0.014236971173748447
0,x_tcsc,1-14,-0.13966617912573293,81,-0.14022937543990158,MAP_SCADA,155,0.0005631963141686513
1,B_svc,2,0.29315893366360213,81,0.30342516789828244,MAP_SCADA,155,0.010266234234680316
2,UPFC_Vsh,5-15,1.1060385957878638,81,1.104214483283727,MAP_SCADA,155,0.0018241125041367212
3,UPFC_tsh,5-15,-0.22521413775523438,81,-0.22599573002054105,MAP_SCADA,155,0.0007815922653066631
4,UPFC_Vse,5-15,0.060315117957685425,81,0.05791566213151965,MAP_SCADA,155,0.0023994558261657764
5,UPFC_tse,5-15,-2.139918566642995,81,-2.1368171684030264,MAP_SCADA,155,0.003101398239968578
0,x_tcsc,1-14,-0.13893154787813156,82,-0.14022937543990158,MAP_SCADA,155,0.0012978275617700208
1,B_svc,2,0.3003519178065197,82,0.30342516789828244,MAP_SCADA,155,0.003073250091762736
2,UPFC_Vsh,5-15,1.105211713292877,82,1.104214483283727,MAP_SCADA,155,0.0009972300091498632
3,UPFC_tsh,5-15,-0.22601346607340225,82,-0.22599573002054105,MAP_SCADA,155,1.773605286120583e-05
4,UPFC_Vse,5-15,0.05983889382632722,82,0.05791566213151965,MAP_SCADA,155,0.00192323169480757
5,UPFC_tse,5-15,-2.145681020772069,82,-2.1368171684030264,MAP_SCADA,155,0.008863852369042746
0,x_tcsc,1-14,-0.13768340688018318,83,-0.14022937543990158,MAP_SCADA,155,0.0025459685597183923
1,B_svc,2,0.2994261065484856,83,0.30342516789828244,MAP_SCADA,155,0.003999061349796829
2,UPFC_Vsh,5-15,1.101703543833773,83,1.104214483283727,MAP_SCADA,155,0.002510939449954064
3,UPFC_tsh,5-15,-0.2279174035804127,83,-0.22599573002054105,MAP_SCADA,155,0.0019216735598716617
4,UPFC_Vse,5-15,0.06055765787005787,83,0.05791566213151965,MAP_SCADA,155,0.002641995738538218
5,UPFC_tse,5-15,-2.1510343991375835,83,-2.1368171684030264,MAP_SCADA,155,0.014217230734557162
0,x_tcsc,1-14,-0.1373216491922542,84,-0.14022937543990158,MAP_SCADA,155,0.002907726247647374
1,B_svc,2,0.2927348858620752,84,0.30342516789828244,MAP_SCADA,155,0.010690282036207255
2,UPFC_Vsh,5-15,1.1067500551576062,84,1.104214483283727,MAP_SCADA,155,0.0025355718738790944
3,UPFC_tsh,5-15,-0.22563770740787648,84,-0.22599573002054105,MAP_SCADA,155,0.00035802261266457136
4,UPFC_Vse,5-15,0.06014896913171909,84,0.05791566213151965,MAP_SCADA,155,0.0022333070001994415
5,UPFC_tse,5-15,-2.144710256275567,84,-2.1368171684030264,MAP_SCADA,155,0.007893087872540505
0,x_tcsc,1-14,-0.1368727184297969,85,-0.14022937543990158,MAP_SCADA,155,0.00335665701010468
1,B_svc,2,0.3042076338471711,85,0.30342516789828244,MAP_SCADA,155,0.0007824659488886443
2,UPFC_Vsh,5-15,1.1020224083109054,85,1.104214483283727,MAP_SCADA,155,0.0021920749728217004
3,UPFC_tsh,5-15,-0.22809833192717974,85,-0.22599573002054105,MAP_SCADA,155,0.0021026019066386903
4,UPFC_Vse,5-15,0.059876587389066586,85,0.05791566213151965,MAP_SCADA,155,0.0019609252575469374
5,UPFC_tse,5-15,-2.1513163216563593,85,-2.1368171684030264,MAP_SCADA,155,0.014499153253332953
0,x_tcsc,1-14,-0.1384535459587959,86,-0.14022937543990158,MAP_SCADA,155,0.0017758294811056896
1,B_svc,2,0.2997617930927,86,0.30342516789828244,MAP_SCADA,155,0.003663374805582431
2,UPFC_Vsh,5-15,1.103946923652292,86,1.104214483283727,MAP_SCADA,155,0.0002675596314349882
3,UPFC_tsh,5-15,-0.22620783362035,86,-0.22599573002054105,MAP_SCADA,155,0.00021210359980894378
4,UPFC_Vse,5-15,0.060450061537411046,86,0.05791566213151965,MAP_SCADA,155,0.0025343994058913966
5,UPFC_tse,5-15,-2.1479966642306616,86,-2.1368171684030264,MAP_SCADA,155,0.011179495827635222
0,x_tcsc,1-14,-0.13890739555022136,87,-0.14022937543990158,MAP_SCADA,155,0.0013219798896802193
1,B_svc,2,0.29816419122844867,87,0.30342516789828244,MAP_SCADA,155,0.005260976669833772
2,UPFC_Vsh,5-15,1.1032871777219062,87,1.104214483283727,MAP_SCADA,155,0.000927305561820857
3,UPFC_tsh,5-15,-0.226681685374232,87,-0.22599573002054105,MAP_SCADA,155,0.0006859553536909535
4,UPFC_Vse,5-15,0.06018735647973197,87,0.05791566213151965,MAP_SCADA,155,0.002271694348212318
5,UPFC_tse,5-15,-2.1458589466601703,87,-2.1368171684030264,MAP_SCADA,155,0.009041778257143918
0,x_tcsc,1-14,-0.13941829242216902,88,-0.14022937543990158,MAP_SCADA,155,0.0008110830177325556
1,B_svc,2,0.29807485035769715,88,0.30342516789828244,MAP_SCADA,155,0.005350317540585292
2,UPFC_Vsh,5-15,1.1045063121793453,88,1.104214483283727,MAP_SCADA,155,0.0002918288956181847
3,UPFC_tsh,5-15,-0.22623395074146235,88,-0.22599573002054105,MAP_SCADA,155,0.00023822072092130608
4,UPFC_Vse,5-15,0.05955271496810949,88,0.05791566213151965,MAP_SCADA,155,0.001637052836589839
5,UPFC_tse,5-15,-2.147882351498537,88,-2.1368171684030264,MAP_SCADA,155,0.011065183095510633
0,x_tcsc,1-14,-0.13722912029411927,89,-0.14022937543990158,MAP_SCADA,155,0.00300025514578231
1,B_svc,2,0.30411101001131285,89,0.30342516789828244,MAP_SCADA,155,0.0006858421130304104
2,UPFC_Vsh,5-15,1.1036311349152752,89,1.104214483283727,MAP_SCADA,155,0.0005833483684518637
3,UPFC_tsh,5-15,-0.22732067939310316,89,-0.22599573002054105,MAP_SCADA,155,0.001324949372562112
4,UPFC_Vse,5-15,0.06012593040018313,89,0.05791566213151965,MAP_SCADA,155,0.0022102682686634817
5,UPFC_tse,5-15,-2.148379421260987,89,-2.1368171684030264,MAP_SCADA,155,0.01156225285796042
0,x_tcsc,1-14,-0.14066230142333347,90,-0.14022937543990158,MAP_SCADA,155,0.00043292598343189215
1,B_svc,2,0.28639808623031715,90,0.30342516789828244,MAP_SCADA,155,0.017027081667965294
2,UPFC_Vsh,5-15,1.1053975417805695,90,1.104214483283727,MAP_SCADA,155,0.0011830584968424152
3,UPFC_tsh,5-15,-0.2244789968365249,90,-0.22599573002054105,MAP_SCADA,155,0.0015167331840161558
4,UPFC_Vse,5-15,0.05994150141665287,90,0.05791566213151965,MAP_SCADA,155,0.002025839285133224
5,UPFC_tse,5-15,-2.1483133870233035,90,-2.1368171684030264,MAP_SCADA,155,0.011496218620277165
0,x_tcsc,1-14,-0.1389034492356503,91,-0.14022937543990158,MAP_SCADA,155,0.0013259262042512876
1,B_svc,2,0.29841707717821614,91,0.30342516789828244,MAP_SCADA,155,0.005008090720066305
2,UPFC_Vsh,5-15,1.1040028152967658,91,1.104214483283727,MAP_SCADA,155,0.00021166798696126143
3,UPFC_tsh,5-15,-0.22666245066459617,91,-0.22599573002054105,MAP_SCADA,155,0.0006667206440551243
4,UPFC_Vse,5-15,0.060089420272586895,91,0.05791566213151965,MAP_SCADA,155,0.002173758141067246
5,UPFC_tse,5-15,-2.1467186392760302,91,-2.1368171684030264,MAP_SCADA,155,0.00990147087300386
0,x_tcsc,1-14,-0.1399247873648281,92,-0.14022937543990158,MAP_SCADA,155,0.00030458807507346974
1,B_svc,2,0.29473224820962973,92,0.30342516789828244,MAP_SCADA,155,0.008692919688652712
2,UPFC_Vsh,5-15,1.1051511651890191,92,1.104214483283727,MAP_SCADA,155,0.0009366819052920583
3,UPFC_tsh,5-15,-0.22500880406455498,92,-0.22599573002054105,MAP_SCADA,155,0.0009869259559860677
4,UPFC_Vse,5-15,0.059988637387086235,92,0.05791566213151965,MAP_SCADA,155,0.0020729752555665865
5,UPFC_tse,5-15,-2.143871600729615,92,-2.1368171684030264,MAP_SCADA,155,0.007054432326588422
0,x_tcsc,1-14,-0.13790532230246327,93,-0.14022937543990158,MAP_SCADA,155,0.0023240531374383033
1,B_svc,2,0.3013297835636175,93,0.30342516789828244,MAP_SCADA,155,0.0020953843346649403
2,UPFC_Vsh,5-15,1.104168804741319,93,1.104214483283727,MAP_SCADA,155,4.5678542408111866e-05
3,UPFC_tsh,5-15,-0.22684799687065,93,-0.22599573002054105,MAP_SCADA,155,0.0008522668501089459
4,UPFC_Vse,5-15,0.059842294193274324,93,0.05791566213151965,MAP_SCADA,155,0.0019266320617546753
5,UPFC_tse,5-15,-2.147633419958297,93,-2.1368171684030264,MAP_SCADA,155,0.01081625155527055
0,x_tcsc,1-14,-0.13938863310282984,94,-0.14022937543990158,MAP_SCADA,155,0.0008407423370717371
1,B_svc,2,0.2980292208579397,94,0.30342516789828244,MAP_SCADA,155,0.005395947040342741
2,UPFC_Vsh,5-15,1.1039325054724765,94,1.104214483283727,MAP_SCADA,155,0.00028197781125061105
3,UPFC_tsh,5-15,-0.2264616265220565,94,-0.22599573002054105,MAP_SCADA,155,0.00046589650151546147
4,UPFC_Vse,5-15,0.06017734177236146,94,0.05791566213151965,MAP_SCADA,155,0.0022616796408418127
5,UPFC_tse,5-15,-2.153993553239469,94,-2.1368171684030264,MAP_SCADA,155,0.017176384836442793
0,x_tcsc,1-14,-0.13950620660961183,95,-0.14022937543990158,MAP_SCADA,155,0.0007231688302897499
1,B_svc,2,0.29251821175293685,95,0.30342516789828244,MAP_SCADA,155,0.010906956145345592
2,UPFC_Vsh,5-15,1.1043324817035252,95,1.104214483283727,MAP_SCADA,155,0.00011799841979809322
3,UPFC_tsh,5-15,-0.2259389986761963,95,-0.22599573002054105,MAP_SCADA,155,5.6731344344751466e-05
4,UPFC_Vse,5-15,0.060131204192603406,95,0.05791566213151965,MAP_SCADA,155,0.002215542061083757
5,UPFC_tse,5-15,-2.1486542652587537,95,-2.1368171684030264,MAP_SCADA,155,0.011837096855727314
0,x_tcsc,1-14,-0.1380067973475561,96,-0.14022937543990158,MAP_SCADA,155,0.0022225780923454674
1,B_svc,2,0.3023121368267017,96,0.30342516789828244,MAP_SCADA,155,0.001113031071580728
2,UPFC_Vsh,5-15,1.1044147926848344,96,1.104214483283727,MAP_SCADA,155,0.00020030940110737916
3,UPFC_tsh,5-15,-0.22676224099022252,96,-0.22599573002054105,MAP_SCADA,155,0.000766510969681472
4,UPFC_Vse,5-15,0.06029829200515852,96,0.05791566213151965,MAP_SCADA,155,0.0023826298736388737
5,UPFC_tse,5-15,-2.1530578859010805,96,-2.1368171684030264,MAP_SCADA,155,0.016240717498054114
0,x_tcsc,1-14,-0.14075836433980002,97,-0.14022937543990158,MAP_SCADA,155,0.0005289888998984416
1,B_svc,2,0.2900573964944106,97,0.30342516789828244,MAP_SCADA,155,0.013367771403871853
2,UPFC_Vsh,5-15,1.105770205928169,97,1.104214483283727,MAP_SCADA,155,0.001555722644442037
3,UPFC_tsh,5-15,-0.22466709487794193,97,-0.22599573002054105,MAP_SCADA,155,0.0013286351425991216
4,UPFC_Vse,5-15,0.06021616597855937,97,0.05791566213151965,MAP_SCADA,155,0.0023005038470397185
5,UPFC_tse,5-15,-2.1442245668075404,97,-2.1368171684030264,MAP_SCADA,155,0.007407398404513987
0,x_tcsc,1-14,-0.13872154666830117,98,-0.14022937543990158,MAP_SCADA,155,0.0015078287716004113
1,B_svc,2,0.2932544069980707,98,0.30342516789828244,MAP_SCADA,155,0.01017076090021174
2,UPFC_Vsh,5-15,1.1037015110597996,98,1.104214483283727,MAP_SCADA,155,0.0005129722239274326
3,UPFC_tsh,5-15,-0.2263205983825664,98,-0.22599573002054105,MAP_SCADA,155,0.00032486836202536007
4,UPFC_Vse,5-15,0.06060918663511173,98,0.05791566213151965,MAP_SCADA,155,0.0026935245035920805
5,UPFC_tse,5-15,-2.1459582127355232,98,-2.1368171684030264,MAP_SCADA,155,0.00914104433249685
0,x_tcsc,1-14,-0.13955388499023125,99,-0.14022937543990158,MAP_SCADA,155,0.0006754904496703296
1,B_svc,2,0.29595704555838426,99,0.30342516789828244,MAP_SCADA,155,0.007468122339898187
2,UPFC_Vsh,5-15,1.1029095704837086,99,1.104214483283727,MAP_SCADA,155,0.0013049128000184318
3,UPFC_tsh,5-15,-0.22589227804724954,99,-0.22599573002054105,MAP_SCADA,155,0.00010345197329150735
4,UPFC_Vse,5-15,0.060001423577760095,99,0.05791566213151965,MAP_SCADA,155,0.002085761446240446
5,UPFC_tse,5-15,-2.152835962070224,99,-2.1368171684030264,MAP_SCADA,155,0.016018793667197606
0,x_tcsc,1-14,-0.13900849846393998,0,-0.14413183442542815,MAP_SCADA,157,0.0051233359614881735
1,B_svc,2,0.29650527170746127,0,0.32660811448032484,MAP_SCADA,157,0.03010284277286357
2,UPFC_Vsh,5-15,1.106444059367828,0,1.103017122316905,MAP_SCADA,157,0.003426937050923007
3,UPFC_tsh,5-15,-0.2245452545715806,0,-0.2234493237565558,MAP_SCADA,157,0.0010959308150247926
4,UPFC_Vse,5-15,0.06001100676389736,0,0.05686545194196378,MAP_SCADA,157,0.0031455548219335785
5,UPFC_tse,5-15,-2.145119974529498,0,-2.1278941958816198,MAP_SCADA,157,0.017225778647878442
0,x_tcsc,1-14,-0.1396136637504605,1,-0.14413183442542815,MAP_SCADA,157,0.004518170674967653
1,B_svc,2,0.2995471824231543,1,0.32660811448032484,MAP_SCADA,157,0.027060932057170528
2,UPFC_Vsh,5-15,1.1028977000837634,1,1.103017122316905,MAP_SCADA,157,0.00011942223314154177
3,UPFC_tsh,5-15,-0.2262309272513375,1,-0.2234493237565558,MAP_SCADA,157,0.002781603494781709
4,UPFC_Vse,5-15,0.05984995870332151,1,0.05686545194196378,MAP_SCADA,157,0.0029845067613577247
5,UPFC_tse,5-15,-2.1443611494327808,1,-2.1278941958816198,MAP_SCADA,157,0.016466953551161012
0,x_tcsc,1-14,-0.13936421795883266,2,-0.14413183442542815,MAP_SCADA,157,0.004767616466595487
1,B_svc,2,0.29683653973325336,2,0.32660811448032484,MAP_SCADA,157,0.029771574747071483
2,UPFC_Vsh,5-15,1.1033419492207521,2,1.103017122316905,MAP_SCADA,157,0.00032482690384716406
3,UPFC_tsh,5-15,-0.22632827632391825,2,-0.2234493237565558,MAP_SCADA,157,0.0028789525673624528
4,UPFC_Vse,5-15,0.06073139686472676,2,0.05686545194196378,MAP_SCADA,157,0.0038659449227629802
5,UPFC_tse,5-15,-2.149609244944893,2,-2.1278941958816198,MAP_SCADA,157,0.021715049063273373
0,x_tcsc,1-14,-0.13778624594440056,3,-0.14413183442542815,MAP_SCADA,157,0.006345588481027592
1,B_svc,2,0.30021723183472937,3,0.32660811448032484,MAP_SCADA,157,0.02639088264559547
2,UPFC_Vsh,5-15,1.10401400666262,3,1.103017122316905,MAP_SCADA,157,0.0009968843457150989
3,UPFC_tsh,5-15,-0.22767381252310107,3,-0.2234493237565558,MAP_SCADA,157,0.00422448876654527
4,UPFC_Vse,5-15,0.060583952678000985,3,0.05686545194196378,MAP_SCADA,157,0.003718500736037203
5,UPFC_tse,5-15,-2.1492311117466207,3,-2.1278941958816198,MAP_SCADA,157,0.02133691586500097
0,x_tcsc,1-14,-0.13985462128825538,4,-0.14413183442542815,MAP_SCADA,157,0.004277213137172775
1,B_svc,2,0.296188187833812,4,0.32660811448032484,MAP_SCADA,157,0.03041992664651283
2,UPFC_Vsh,5-15,1.1026767779516253,4,1.103017122316905,MAP_SCADA,157,0.0003403443652796323
3,UPFC_tsh,5-15,-0.22641506895827404,4,-0.2234493237565558,MAP_SCADA,157,0.002965745201718245
4,UPFC_Vse,5-15,0.06010991456421456,4,0.05686545194196378,MAP_SCADA,157,0.0032444626222507753
5,UPFC_tse,5-15,-2.149924163840019,4,-2.1278941958816198,MAP_SCADA,157,0.022029967958399066
0,x_tcsc,1-14,-0.13746500879930573,5,-0.14413183442542815,MAP_SCADA,157,0.006666825626122419
1,B_svc,2,0.3034607542918911,5,0.32660811448032484,MAP_SCADA,157,0.02314736018843372
2,UPFC_Vsh,5-15,1.1006785286143699,5,1.103017122316905,MAP_SCADA,157,0.0023385937025350856
3,UPFC_tsh,5-15,-0.2273157736710889,5,-0.2234493237565558,MAP_SCADA,157,0.00386644991453311
4,UPFC_Vse,5-15,0.06056989728741583,5,0.05686545194196378,MAP_SCADA,157,0.0037044453454520496
5,UPFC_tse,5-15,-2.1453666812389707,5,-2.1278941958816198,MAP_SCADA,157,0.01747248535735091
0,x_tcsc,1-14,-0.13955901033275867,6,-0.14413183442542815,MAP_SCADA,157,0.004572824092669486
1,B_svc,2,0.29902140685599293,6,0.32660811448032484,MAP_SCADA,157,0.027586707624331908
2,UPFC_Vsh,5-15,1.1051095689335,6,1.103017122316905,MAP_SCADA,157,0.002092446616595023
3,UPFC_tsh,5-15,-0.22587728813114563,6,-0.2234493237565558,MAP_SCADA,157,0.002427964374589836
4,UPFC_Vse,5-15,0.06015700877506486,6,0.05686545194196378,MAP_SCADA,157,0.0032915568331010753
5,UPFC_tse,5-15,-2.1523236559127263,6,-2.1278941958816198,MAP_SCADA,157,0.024429460031106576
0,x_tcsc,1-14,-0.13802243210717918,7,-0.14413183442542815,MAP_SCADA,157,0.006109402318248969
1,B_svc,2,0.2995903326742413,7,0.32660811448032484,MAP_SCADA,157,0.02701778180608355
2,UPFC_Vsh,5-15,1.1043946694822493,7,1.103017122316905,MAP_SCADA,157,0.0013775471653443283
3,UPFC_tsh,5-15,-0.22658864844167736,7,-0.2234493237565558,MAP_SCADA,157,0.0031393246851215695
4,UPFC_Vse,5-15,0.05985353630766828,7,0.05686545194196378,MAP_SCADA,157,0.0029880843657044964
5,UPFC_tse,5-15,-2.154106660539906,7,-2.1278941958816198,MAP_SCADA,157,0.026212464658286194
0,x_tcsc,1-14,-0.13776651479993207,8,-0.14413183442542815,MAP_SCADA,157,0.00636531962549608
1,B_svc,2,0.3034020605098786,8,0.32660811448032484,MAP_SCADA,157,0.023206053970446228
2,UPFC_Vsh,5-15,1.1038155449859017,8,1.103017122316905,MAP_SCADA,157,0.0007984226689967677
3,UPFC_tsh,5-15,-0.22729311200001734,8,-0.2234493237565558,MAP_SCADA,157,0.0038437882434615434
4,UPFC_Vse,5-15,0.06036461132298206,8,0.05686545194196378,MAP_SCADA,157,0.003499159381018281
5,UPFC_tse,5-15,-2.1549856065944772,8,-2.1278941958816198,MAP_SCADA,157,0.027091410712857478
0,x_tcsc,1-14,-0.13859247186509066,9,-0.14413183442542815,MAP_SCADA,157,0.005539362560337491
1,B_svc,2,0.29578539085512373,9,0.32660811448032484,MAP_SCADA,157,0.03082272362520111
2,UPFC_Vsh,5-15,1.104393061880654,9,1.103017122316905,MAP_SCADA,157,0.0013759395637489291
3,UPFC_tsh,5-15,-0.2264243969300444,9,-0.2234493237565558,MAP_SCADA,157,0.002975073173488607
4,UPFC_Vse,5-15,0.060495454335872195,9,0.05686545194196378,MAP_SCADA,157,0.003630002393908413
5,UPFC_tse,5-15,-2.1472225881378324,9,-2.1278941958816198,MAP_SCADA,157,0.019328392256212634
0,x_tcsc,1-14,-0.14084676336732707,10,-0.14413183442542815,MAP_SCADA,157,0.00328507105810108
1,B_svc,2,0.2932031951219014,10,0.32660811448032484,MAP_SCADA,157,0.033404919358423435
2,UPFC_Vsh,5-15,1.1049799922854475,10,1.103017122316905,MAP_SCADA,157,0.0019628699685425577
3,UPFC_tsh,5-15,-0.22493217726351936,10,-0.2234493237565558,MAP_SCADA,157,0.0014828535069635607
4,UPFC_Vse,5-15,0.060052763771416585,10,0.05686545194196378,MAP_SCADA,157,0.0031873118294528033
5,UPFC_tse,5-15,-2.148328019767737,10,-2.1278941958816198,MAP_SCADA,157,0.020433823886117253
0,x_tcsc,1-14,-0.13935090874779182,11,-0.14413183442542815,MAP_SCADA,157,0.004780925677636327
1,B_svc,2,0.3000827842332406,11,0.32660811448032484,MAP_SCADA,157,0.026525330247084256
2,UPFC_Vsh,5-15,1.104322749806619,11,1.103017122316905,MAP_SCADA,157,0.0013056274897140785
3,UPFC_tsh,5-15,-0.22644285374367815,11,-0.2234493237565558,MAP_SCADA,157,0.002993529987122351
4,UPFC_Vse,5-15,0.06061384937727731,11,0.05686545194196378,MAP_SCADA,157,0.003748397435313529
5,UPFC_tse,5-15,-2.1500395355490904,11,-2.1278941958816198,MAP_SCADA,157,0.022145339667470676
0,x_tcsc,1-14,-0.13886661964430397,12,-0.14413183442542815,MAP_SCADA,157,0.005265214781124183
1,B_svc,2,0.30316520299571653,12,0.32660811448032484,MAP_SCADA,157,0.02344291148460831
2,UPFC_Vsh,5-15,1.1014851436299993,12,1.103017122316905,MAP_SCADA,157,0.0015319786869056884
3,UPFC_tsh,5-15,-0.2265947577998115,12,-0.2234493237565558,MAP_SCADA,157,0.003145434043255707
4,UPFC_Vse,5-15,0.05951054582410368,12,0.05686545194196378,MAP_SCADA,157,0.002645093882139897
5,UPFC_tse,5-15,-2.1481486842702813,12,-2.1278941958816198,MAP_SCADA,157,0.020254488388661507
0,x_tcsc,1-14,-0.13751298016279592,13,-0.14413183442542815,MAP_SCADA,157,0.006618854262632229
1,B_svc,2,0.30138813066979114,13,0.32660811448032484,MAP_SCADA,157,0.025219983810533697
2,UPFC_Vsh,5-15,1.1048805629058702,13,1.103017122316905,MAP_SCADA,157,0.0018634405889652594
3,UPFC_tsh,5-15,-0.22692624201313333,13,-0.2234493237565558,MAP_SCADA,157,0.0034769182565775325
4,UPFC_Vse,5-15,0.05976662311998865,13,0.05686545194196378,MAP_SCADA,157,0.0029011711780248667
5,UPFC_tse,5-15,-2.1511226488263433,13,-2.1278941958816198,MAP_SCADA,157,0.023228452944723532
0,x_tcsc,1-14,-0.1387119073551927,14,-0.14413183442542815,MAP_SCADA,157,0.005419927070235447
1,B_svc,2,0.2991060203265386,14,0.32660811448032484,MAP_SCADA,157,0.02750209415378624
2,UPFC_Vsh,5-15,1.1043098255803496,14,1.103017122316905,MAP_SCADA,157,0.0012927032634446611
3,UPFC_tsh,5-15,-0.22659362725435733,14,-0.2234493237565558,MAP_SCADA,157,0.003144303497801537
4,UPFC_Vse,5-15,0.05993925440151864,14,0.05686545194196378,MAP_SCADA,157,0.00307380245955486
5,UPFC_tse,5-15,-2.147403003091212,14,-2.1278941958816198,MAP_SCADA,157,0.01950880720959214
0,x_tcsc,1-14,-0.1401347877250689,15,-0.14413183442542815,MAP_SCADA,157,0.003997046700359247
1,B_svc,2,0.29719327447259053,15,0.32660811448032484,MAP_SCADA,157,0.02941484000773431
2,UPFC_Vsh,5-15,1.10514278782043,15,1.103017122316905,MAP_SCADA,157,0.0021256655035251093
3,UPFC_tsh,5-15,-0.22475059684335258,15,-0.2234493237565558,MAP_SCADA,157,0.0013012730867967837
4,UPFC_Vse,5-15,0.05974653222629669,15,0.05686545194196378,MAP_SCADA,157,0.0028810802843329056
5,UPFC_tse,5-15,-2.1454506699074596,15,-2.1278941958816198,MAP_SCADA,157,0.01755647402583982
0,x_tcsc,1-14,-0.13657497542089506,16,-0.14413183442542815,MAP_SCADA,157,0.007556859004533095
1,B_svc,2,0.3050354964593784,16,0.32660811448032484,MAP_SCADA,157,0.021572618020946455
2,UPFC_Vsh,5-15,1.1042529235454521,16,1.103017122316905,MAP_SCADA,157,0.001235801228547162
3,UPFC_tsh,5-15,-0.2272530051578728,16,-0.2234493237565558,MAP_SCADA,157,0.0038036814013170106
4,UPFC_Vse,5-15,0.05994727137748766,16,0.05686545194196378,MAP_SCADA,157,0.0030818194355238804
5,UPFC_tse,5-15,-2.1525110522626387,16,-2.1278941958816198,MAP_SCADA,157,0.02461685638101896
0,x_tcsc,1-14,-0.14031858933454772,17,-0.14413183442542815,MAP_SCADA,157,0.003813245090880435
1,B_svc,2,0.29837338229458993,17,0.32660811448032484,MAP_SCADA,157,0.028234732185734912
2,UPFC_Vsh,5-15,1.1048099590733964,17,1.103017122316905,MAP_SCADA,157,0.001792836756491445
3,UPFC_tsh,5-15,-0.2258268842497113,17,-0.2234493237565558,MAP_SCADA,157,0.002377560493155517
4,UPFC_Vse,5-15,0.060018761302233874,17,0.05686545194196378,MAP_SCADA,157,0.0031533093602700915
5,UPFC_tse,5-15,-2.1445126629522857,17,-2.1278941958816198,MAP_SCADA,157,0.016618467070665943
0,x_tcsc,1-14,-0.13862398376095758,18,-0.14413183442542815,MAP_SCADA,157,0.0055078506644705705
1,B_svc,2,0.30051063411948875,18,0.32660811448032484,MAP_SCADA,157,0.02609748036083609
2,UPFC_Vsh,5-15,1.1036263093848822,18,1.103017122316905,MAP_SCADA,157,0.0006091870679771905
3,UPFC_tsh,5-15,-0.22631897737870346,18,-0.2234493237565558,MAP_SCADA,157,0.0028696536221476665
4,UPFC_Vse,5-15,0.06059917772140851,18,0.05686545194196378,MAP_SCADA,157,0.0037337257794447312
5,UPFC_tse,5-15,-2.1481598405459894,18,-2.1278941958816198,MAP_SCADA,157,0.020265644664369642
0,x_tcsc,1-14,-0.13997150805289785,19,-0.14413183442542815,MAP_SCADA,157,0.004160326372530304
1,B_svc,2,0.2975385393396756,19,0.32660811448032484,MAP_SCADA,157,0.02906957514064923
2,UPFC_Vsh,5-15,1.102397254952331,19,1.103017122316905,MAP_SCADA,157,0.0006198673645738673
3,UPFC_tsh,5-15,-0.22583042910126308,19,-0.2234493237565558,MAP_SCADA,157,0.002381105344707285
4,UPFC_Vse,5-15,0.06029962107356366,19,0.05686545194196378,MAP_SCADA,157,0.0034341691315998776
5,UPFC_tse,5-15,-2.1511675257445853,19,-2.1278941958816198,MAP_SCADA,157,0.023273329862965486
0,x_tcsc,1-14,-0.13996105232389777,20,-0.14413183442542815,MAP_SCADA,157,0.004170782101530379
1,B_svc,2,0.2921272452893663,20,0.32660811448032484,MAP_SCADA,157,0.03448086919095855
2,UPFC_Vsh,5-15,1.1059558536829384,20,1.103017122316905,MAP_SCADA,157,0.002938731366033398
3,UPFC_tsh,5-15,-0.22446458794532617,20,-0.2234493237565558,MAP_SCADA,157,0.0010152641887703762
4,UPFC_Vse,5-15,0.05986600732266241,20,0.05686545194196378,MAP_SCADA,157,0.0030005553806986274
5,UPFC_tse,5-15,-2.1451598095664512,20,-2.1278941958816198,MAP_SCADA,157,0.017265613684831482
0,x_tcsc,1-14,-0.13822667342328782,21,-0.14413183442542815,MAP_SCADA,157,0.005905161002140336
1,B_svc,2,0.2972723864116842,21,0.32660811448032484,MAP_SCADA,157,0.029335728068640654
2,UPFC_Vsh,5-15,1.1041169664709394,21,1.103017122316905,MAP_SCADA,157,0.0010998441540344128
3,UPFC_tsh,5-15,-0.22696494078320859,21,-0.2234493237565558,MAP_SCADA,157,0.0035156170266527897
4,UPFC_Vse,5-15,0.06022746905635116,21,0.05686545194196378,MAP_SCADA,157,0.0033620171143873764
5,UPFC_tse,5-15,-2.152488046930867,21,-2.1278941958816198,MAP_SCADA,157,0.024593851049247384
0,x_tcsc,1-14,-0.1385780621689011,22,-0.14413183442542815,MAP_SCADA,157,0.005553772256527062
1,B_svc,2,0.295866779953715,22,0.32660811448032484,MAP_SCADA,157,0.03074133452660982
2,UPFC_Vsh,5-15,1.1060783732776556,22,1.103017122316905,MAP_SCADA,157,0.0030612509607506055
3,UPFC_tsh,5-15,-0.22534572355539284,22,-0.2234493237565558,MAP_SCADA,157,0.0018963997988370451
4,UPFC_Vse,5-15,0.059450675865346955,22,0.05686545194196378,MAP_SCADA,157,0.002585223923383173
5,UPFC_tse,5-15,-2.1468013562424364,22,-2.1278941958816198,MAP_SCADA,157,0.018907160360816633
0,x_tcsc,1-14,-0.1402901868998003,23,-0.14413183442542815,MAP_SCADA,157,0.0038416475256278504
1,B_svc,2,0.28873643190744297,23,0.32660811448032484,MAP_SCADA,157,0.03787168257288187
2,UPFC_Vsh,5-15,1.104882461923429,23,1.103017122316905,MAP_SCADA,157,0.001865339606524019
3,UPFC_tsh,5-15,-0.2252051158164447,23,-0.2234493237565558,MAP_SCADA,157,0.0017557920598889054
4,UPFC_Vse,5-15,0.0602245918602625,23,0.05686545194196378,MAP_SCADA,157,0.003359139918298719
5,UPFC_tse,5-15,-2.143819747526403,23,-2.1278941958816198,MAP_SCADA,157,0.015925551644783376
0,x_tcsc,1-14,-0.1392743045440156,24,-0.14413183442542815,MAP_SCADA,157,0.004857529881412553
1,B_svc,2,0.29738585302713844,24,0.32660811448032484,MAP_SCADA,157,0.029222261453186404
2,UPFC_Vsh,5-15,1.1045794019361654,24,1.103017122316905,MAP_SCADA,157,0.001562279619260476
3,UPFC_tsh,5-15,-0.22649652881257448,24,-0.2234493237565558,MAP_SCADA,157,0.003047205056018687
4,UPFC_Vse,5-15,0.060071837795885465,24,0.05686545194196378,MAP_SCADA,157,0.0032063858539216825
5,UPFC_tse,5-15,-2.1422016412545237,24,-2.1278941958816198,MAP_SCADA,157,0.01430744537290396
0,x_tcsc,1-14,-0.1377908231437233,25,-0.14413183442542815,MAP_SCADA,157,0.006341011281704861
1,B_svc,2,0.3061252413607257,25,0.32660811448032484,MAP_SCADA,157,0.02048287311959912
2,UPFC_Vsh,5-15,1.1034073057683083,25,1.103017122316905,MAP_SCADA,157,0.000390183451403292
3,UPFC_tsh,5-15,-0.22768260667530446,25,-0.2234493237565558,MAP_SCADA,157,0.004233282918748665
4,UPFC_Vse,5-15,0.06020619773713513,25,0.05686545194196378,MAP_SCADA,157,0.0033407457951713446
5,UPFC_tse,5-15,-2.150180709765505,25,-2.1278941958816198,MAP_SCADA,157,0.02228651388388503
0,x_tcsc,1-14,-0.1385486551204919,26,-0.14413183442542815,MAP_SCADA,157,0.005583179304936264
1,B_svc,2,0.300807778883365,26,0.32660811448032484,MAP_SCADA,157,0.025800335596959822
2,UPFC_Vsh,5-15,1.1039094048672455,26,1.103017122316905,MAP_SCADA,157,0.0008922825503405729
3,UPFC_tsh,5-15,-0.2259080636694409,26,-0.2234493237565558,MAP_SCADA,157,0.002458739912885116
4,UPFC_Vse,5-15,0.0608357430479533,26,0.05686545194196378,MAP_SCADA,157,0.003970291105989517
5,UPFC_tse,5-15,-2.1503445282371287,26,-2.1278941958816198,MAP_SCADA,157,0.022450332355508973
0,x_tcsc,1-14,-0.13881034278722607,27,-0.14413183442542815,MAP_SCADA,157,0.005321491638202086
1,B_svc,2,0.2914728599813028,27,0.32660811448032484,MAP_SCADA,157,0.03513525449902205
2,UPFC_Vsh,5-15,1.104849217491168,27,1.103017122316905,MAP_SCADA,157,0.001832095174262971
3,UPFC_tsh,5-15,-0.225308752946577,27,-0.2234493237565558,MAP_SCADA,157,0.0018594291900212168
4,UPFC_Vse,5-15,0.06004084817340249,27,0.05686545194196378,MAP_SCADA,157,0.0031753962314387055
5,UPFC_tse,5-15,-2.148496938186742,27,-2.1278941958816198,MAP_SCADA,157,0.020602742305122046
0,x_tcsc,1-14,-0.13913273389529263,28,-0.14413183442542815,MAP_SCADA,157,0.004999100530135525
1,B_svc,2,0.296591253501489,28,0.32660811448032484,MAP_SCADA,157,0.030016860978835824
2,UPFC_Vsh,5-15,1.106067300145302,28,1.103017122316905,MAP_SCADA,157,0.003050177828397116
3,UPFC_tsh,5-15,-0.2247781884335331,28,-0.2234493237565558,MAP_SCADA,157,0.0013288646769772927
4,UPFC_Vse,5-15,0.060115046821960276,28,0.05686545194196378,MAP_SCADA,157,0.003249594879996494
5,UPFC_tse,5-15,-2.143399854831133,28,-2.1278941958816198,MAP_SCADA,157,0.015505658949513279
0,x_tcsc,1-14,-0.13888452296679737,29,-0.14413183442542815,MAP_SCADA,157,0.005247311458630777
1,B_svc,2,0.2992698066686642,29,0.32660811448032484,MAP_SCADA,157,0.027338307811660634
2,UPFC_Vsh,5-15,1.10514048130782,29,1.103017122316905,MAP_SCADA,157,0.002123358990915092
3,UPFC_tsh,5-15,-0.22565557417003165,29,-0.2234493237565558,MAP_SCADA,157,0.0022062504134758576
4,UPFC_Vse,5-15,0.05959903426723671,29,0.05686545194196378,MAP_SCADA,157,0.002733582325272925
5,UPFC_tse,5-15,-2.1487909286896563,29,-2.1278941958816198,MAP_SCADA,157,0.0208967328080365
0,x_tcsc,1-14,-0.13966994289115525,30,-0.14413183442542815,MAP_SCADA,157,0.004461891534272899
1,B_svc,2,0.29765113418232697,30,0.32660811448032484,MAP_SCADA,157,0.02895698029799787
2,UPFC_Vsh,5-15,1.1025388252883417,30,1.103017122316905,MAP_SCADA,157,0.00047829702856327927
3,UPFC_tsh,5-15,-0.22632311264655752,30,-0.2234493237565558,MAP_SCADA,157,0.002873788890001727
4,UPFC_Vse,5-15,0.060273030760081885,30,0.05686545194196378,MAP_SCADA,157,0.0034075788181181024
5,UPFC_tse,5-15,-2.1470760271765768,30,-2.1278941958816198,MAP_SCADA,157,0.019181831294956986
0,x_tcsc,1-14,-0.1396459351331978,31,-0.14413183442542815,MAP_SCADA,157,0.004485899292230339
1,B_svc,2,0.29859178983973,31,0.32660811448032484,MAP_SCADA,157,0.028016324640594836
2,UPFC_Vsh,5-15,1.103772856341603,31,1.103017122316905,MAP_SCADA,157,0.0007557340246979738
3,UPFC_tsh,5-15,-0.22586435764479773,31,-0.2234493237565558,MAP_SCADA,157,0.0024150338882419353
4,UPFC_Vse,5-15,0.060196723858506794,31,0.05686545194196378,MAP_SCADA,157,0.003331271916543012
5,UPFC_tse,5-15,-2.149224612485506,31,-2.1278941958816198,MAP_SCADA,157,0.02133041660388635
0,x_tcsc,1-14,-0.13746908066422436,32,-0.14413183442542815,MAP_SCADA,157,0.006662753761203788
1,B_svc,2,0.3038280239187001,32,0.32660811448032484,MAP_SCADA,157,0.022780090561624722
2,UPFC_Vsh,5-15,1.103889255951134,32,1.103017122316905,MAP_SCADA,157,0.0008721336342289998
3,UPFC_tsh,5-15,-0.22775698399944186,32,-0.2234493237565558,MAP_SCADA,157,0.004307660242886063
4,UPFC_Vse,5-15,0.06038293076645081,32,0.05686545194196378,MAP_SCADA,157,0.0035174788244870248
5,UPFC_tse,5-15,-2.1500529755168016,32,-2.1278941958816198,MAP_SCADA,157,0.02215877963518187
0,x_tcsc,1-14,-0.1407724381384244,33,-0.14413183442542815,MAP_SCADA,157,0.003359396287003741
1,B_svc,2,0.29109702121632824,33,0.32660811448032484,MAP_SCADA,157,0.035511093263996596
2,UPFC_Vsh,5-15,1.1061593864183283,33,1.103017122316905,MAP_SCADA,157,0.0031422641014233754
3,UPFC_tsh,5-15,-0.22444767867505602,33,-0.2234493237565558,MAP_SCADA,157,0.0009983549185002272
4,UPFC_Vse,5-15,0.05977371883798552,33,0.05686545194196378,MAP_SCADA,157,0.0029082668960217356
5,UPFC_tse,5-15,-2.14828422550704,33,-2.1278941958816198,MAP_SCADA,157,0.020390029625420247
0,x_tcsc,1-14,-0.1396247852341707,34,-0.14413183442542815,MAP_SCADA,157,0.0045070491912574395
1,B_svc,2,0.29625064662459444,34,0.32660811448032484,MAP_SCADA,157,0.030357467855730402
2,UPFC_Vsh,5-15,1.104409373734565,34,1.103017122316905,MAP_SCADA,157,0.0013922514176600842
3,UPFC_tsh,5-15,-0.2260998187080884,34,-0.2234493237565558,MAP_SCADA,157,0.002650494951532606
4,UPFC_Vse,5-15,0.060423493335265026,34,0.05686545194196378,MAP_SCADA,157,0.0035580413933012436
5,UPFC_tse,5-15,-2.148531035273312,34,-2.1278941958816198,MAP_SCADA,157,0.020636839391692252
0,x_tcsc,1-14,-0.13747071296096938,35,-0.14413183442542815,MAP_SCADA,157,0.006661121464458769
1,B_svc,2,0.2970031945926777,35,0.32660811448032484,MAP_SCADA,157,0.02960491988764713
2,UPFC_Vsh,5-15,1.1043141540277561,35,1.103017122316905,MAP_SCADA,157,0.0012970317108511598
3,UPFC_tsh,5-15,-0.22689694102156815,35,-0.2234493237565558,MAP_SCADA,157,0.0034476172650123593
4,UPFC_Vse,5-15,0.06012317071876644,35,0.05686545194196378,MAP_SCADA,157,0.0032577187768026566
5,UPFC_tse,5-15,-2.149481545118172,35,-2.1278941958816198,MAP_SCADA,157,0.021587349236552367
0,x_tcsc,1-14,-0.14022767642520453,36,-0.14413183442542815,MAP_SCADA,157,0.0039041580002236176
1,B_svc,2,0.2945503832650932,36,0.32660811448032484,MAP_SCADA,157,0.032057731215231644
2,UPFC_Vsh,5-15,1.1042972523376584,36,1.103017122316905,MAP_SCADA,157,0.001280130020753445
3,UPFC_tsh,5-15,-0.22502397668760352,36,-0.2234493237565558,MAP_SCADA,157,0.0015746529310477209
4,UPFC_Vse,5-15,0.05990084617611401,36,0.05686545194196378,MAP_SCADA,157,0.0030353942341502307
5,UPFC_tse,5-15,-2.145775581524078,36,-2.1278941958816198,MAP_SCADA,157,0.017881385642458447
0,x_tcsc,1-14,-0.13930864788106107,37,-0.14413183442542815,MAP_SCADA,157,0.004823186544367086
1,B_svc,2,0.2985366169832528,37,0.32660811448032484,MAP_SCADA,157,0.02807149749707205
2,UPFC_Vsh,5-15,1.1055109564919188,37,1.103017122316905,MAP_SCADA,157,0.0024938341750138093
3,UPFC_tsh,5-15,-0.22576395725073525,37,-0.2234493237565558,MAP_SCADA,157,0.0023146334941794577
4,UPFC_Vse,5-15,0.05957450635499889,37,0.05686545194196378,MAP_SCADA,157,0.0027090544130351085
5,UPFC_tse,5-15,-2.1485789670072792,37,-2.1278941958816198,MAP_SCADA,157,0.020684771125659474
0,x_tcsc,1-14,-0.13876399333863584,38,-0.14413183442542815,MAP_SCADA,157,0.005367841086792308
1,B_svc,2,0.29775285732011453,38,0.32660811448032484,MAP_SCADA,157,0.028855257160210313
2,UPFC_Vsh,5-15,1.104689520361175,38,1.103017122316905,MAP_SCADA,157,0.001672398044270107
3,UPFC_tsh,5-15,-0.22595945019195673,38,-0.2234493237565558,MAP_SCADA,157,0.002510126435400939
4,UPFC_Vse,5-15,0.060351667486153455,38,0.05686545194196378,MAP_SCADA,157,0.0034862155441896733
5,UPFC_tse,5-15,-2.1462755904313355,38,-2.1278941958816198,MAP_SCADA,157,0.018381394549715768
0,x_tcsc,1-14,-0.13888872058816598,39,-0.14413183442542815,MAP_SCADA,157,0.00524311383726217
1,B_svc,2,0.30026952731217943,39,0.32660811448032484,MAP_SCADA,157,0.02633858716814541
2,UPFC_Vsh,5-15,1.1035081667959006,39,1.103017122316905,MAP_SCADA,157,0.000491044478995617
3,UPFC_tsh,5-15,-0.22685329721329714,39,-0.2234493237565558,MAP_SCADA,157,0.0034039734567413438
4,UPFC_Vse,5-15,0.060193805382303366,39,0.05686545194196378,MAP_SCADA,157,0.0033283534403395834
5,UPFC_tse,5-15,-2.1480449289464985,39,-2.1278941958816198,MAP_SCADA,157,0.02015073306487869
0,x_tcsc,1-14,-0.1380881425081221,40,-0.14413183442542815,MAP_SCADA,157,0.006043691917306054
1,B_svc,2,0.305150873703634,40,0.32660811448032484,MAP_SCADA,157,0.021457240776690867
2,UPFC_Vsh,5-15,1.1010648603053346,40,1.103017122316905,MAP_SCADA,157,0.0019522620115703937
3,UPFC_tsh,5-15,-0.2285433630113417,40,-0.2234493237565558,MAP_SCADA,157,0.005094039254785909
4,UPFC_Vse,5-15,0.06086204016250076,40,0.05686545194196378,MAP_SCADA,157,0.00399658822053698
5,UPFC_tse,5-15,-2.148631665556464,40,-2.1278941958816198,MAP_SCADA,157,0.020737469674844355
0,x_tcsc,1-14,-0.1387186169873437,41,-0.14413183442542815,MAP_SCADA,157,0.0054132174380844555
1,B_svc,2,0.29322018540771627,41,0.32660811448032484,MAP_SCADA,157,0.03338792907260857
2,UPFC_Vsh,5-15,1.1038591215574631,41,1.103017122316905,MAP_SCADA,157,0.0008419992405581667
3,UPFC_tsh,5-15,-0.22602840755094478,41,-0.2234493237565558,MAP_SCADA,157,0.002579083794388981
4,UPFC_Vse,5-15,0.060643180625298665,41,0.05686545194196378,MAP_SCADA,157,0.0037777286833348828
5,UPFC_tse,5-15,-2.1511423510924637,41,-2.1278941958816198,MAP_SCADA,157,0.02324815521084389
0,x_tcsc,1-14,-0.1399054585652153,42,-0.14413183442542815,MAP_SCADA,157,0.00422637586021285
1,B_svc,2,0.29691859176243846,42,0.32660811448032484,MAP_SCADA,157,0.029689522717886385
2,UPFC_Vsh,5-15,1.1044028256050389,42,1.103017122316905,MAP_SCADA,157,0.0013857032881339215
3,UPFC_tsh,5-15,-0.2256305853352938,42,-0.2234493237565558,MAP_SCADA,157,0.002181261578737992
4,UPFC_Vse,5-15,0.060075035419874336,42,0.05686545194196378,MAP_SCADA,157,0.0032095834779105534
5,UPFC_tse,5-15,-2.144996823734121,42,-2.1278941958816198,MAP_SCADA,157,0.01710262785250105
0,x_tcsc,1-14,-0.13845023221293154,43,-0.14413183442542815,MAP_SCADA,157,0.0056816022124966115
1,B_svc,2,0.2982945498498663,43,0.32660811448032484,MAP_SCADA,157,0.028313564630458532
2,UPFC_Vsh,5-15,1.1058482160010459,43,1.103017122316905,MAP_SCADA,157,0.0028310936841409173
3,UPFC_tsh,5-15,-0.2259417019098907,43,-0.2234493237565558,MAP_SCADA,157,0.0024923781533349176
4,UPFC_Vse,5-15,0.0596267769348247,43,0.05686545194196378,MAP_SCADA,157,0.002761324992860921
5,UPFC_tse,5-15,-2.1476228475067285,43,-2.1278941958816198,MAP_SCADA,157,0.01972865162510873
0,x_tcsc,1-14,-0.139811517951264,44,-0.14413183442542815,MAP_SCADA,157,0.004320316474164143
1,B_svc,2,0.29671087376323174,44,0.32660811448032484,MAP_SCADA,157,0.0298972407170931
2,UPFC_Vsh,5-15,1.1028977831949425,44,1.103017122316905,MAP_SCADA,157,0.00011933912196249175
3,UPFC_tsh,5-15,-0.22646896973694672,44,-0.2234493237565558,MAP_SCADA,157,0.0030196459803909226
4,UPFC_Vse,5-15,0.06049594237847763,44,0.05686545194196378,MAP_SCADA,157,0.003630490436513846
5,UPFC_tse,5-15,-2.1480555669771535,44,-2.1278941958816198,MAP_SCADA,157,0.02016137109553373
0,x_tcsc,1-14,-0.14052857428117096,45,-0.14413183442542815,MAP_SCADA,157,0.0036032601442571865
1,B_svc,2,0.29656433459849,45,0.32660811448032484,MAP_SCADA,157,0.03004377988183482
2,UPFC_Vsh,5-15,1.105353337485876,45,1.103017122316905,MAP_SCADA,157,0.0023362151689709787
3,UPFC_tsh,5-15,-0.2250383220991583,45,-0.2234493237565558,MAP_SCADA,157,0.00158899834260251
4,UPFC_Vse,5-15,0.05983092960988044,45,0.05686545194196378,MAP_SCADA,157,0.0029654776679166606
5,UPFC_tse,5-15,-2.1495930852050207,45,-2.1278941958816198,MAP_SCADA,157,0.021698889323400916
0,x_tcsc,1-14,-0.13895079535319532,46,-0.14413183442542815,MAP_SCADA,157,0.005181039072232829
1,B_svc,2,0.2964461038118466,46,0.32660811448032484,MAP_SCADA,157,0.030162010668478234
2,UPFC_Vsh,5-15,1.1048489870248948,46,1.103017122316905,MAP_SCADA,157,0.0018318647079897943
3,UPFC_tsh,5-15,-0.22489720469760976,46,-0.2234493237565558,MAP_SCADA,157,0.0014478809410539695
4,UPFC_Vse,5-15,0.06055886878461661,46,0.05686545194196378,MAP_SCADA,157,0.0036934168426528274
5,UPFC_tse,5-15,-2.143860217935244,46,-2.1278941958816198,MAP_SCADA,157,0.015966022053624407
0,x_tcsc,1-14,-0.13913388965149576,47,-0.14413183442542815,MAP_SCADA,157,0.0049979447739323946
1,B_svc,2,0.2984715848952935,47,0.32660811448032484,MAP_SCADA,157,0.028136529585031322
2,UPFC_Vsh,5-15,1.103504153241162,47,1.103017122316905,MAP_SCADA,157,0.0004870309242570592
3,UPFC_tsh,5-15,-0.22569345557829593,47,-0.2234493237565558,MAP_SCADA,157,0.0022441318217401307
4,UPFC_Vse,5-15,0.0599048945666807,47,0.05686545194196378,MAP_SCADA,157,0.0030394426247169204
5,UPFC_tse,5-15,-2.147264956699322,47,-2.1278941958816198,MAP_SCADA,157,0.01937076081770206
0,x_tcsc,1-14,-0.1388308665670919,48,-0.14413183442542815,MAP_SCADA,157,0.005300967858336253
1,B_svc,2,0.2980432939421639,48,0.32660811448032484,MAP_SCADA,157,0.02856482053816095
2,UPFC_Vsh,5-15,1.1046129074545643,48,1.103017122316905,MAP_SCADA,157,0.0015957851376593446
3,UPFC_tsh,5-15,-0.22600620862937293,48,-0.2234493237565558,MAP_SCADA,157,0.0025568848728171334
4,UPFC_Vse,5-15,0.059986161692255846,48,0.05686545194196378,MAP_SCADA,157,0.003120709750292064
5,UPFC_tse,5-15,-2.1500646836679387,48,-2.1278941958816198,MAP_SCADA,157,0.022170487786318915
0,x_tcsc,1-14,-0.13678999882709117,49,-0.14413183442542815,MAP_SCADA,157,0.007341835598336982
1,B_svc,2,0.3048122495750491,49,0.32660811448032484,MAP_SCADA,157,0.02179586490527574
2,UPFC_Vsh,5-15,1.1028142767271474,49,1.103017122316905,MAP_SCADA,157,0.00020284558975758316
3,UPFC_tsh,5-15,-0.22789640504364608,49,-0.2234493237565558,MAP_SCADA,157,0.004447081287090288
4,UPFC_Vse,5-15,0.06019102860432917,49,0.05686545194196378,MAP_SCADA,157,0.0033255766623653885
5,UPFC_tse,5-15,-2.1502166423072926,49,-2.1278941958816198,MAP_SCADA,157,0.022322446425672826
0,x_tcsc,1-14,-0.13844327078259241,50,-0.14413183442542815,MAP_SCADA,157,0.005688563642835737
1,B_svc,2,0.296185019327285,50,0.32660811448032484,MAP_SCADA,157,0.030423095153039814
2,UPFC_Vsh,5-15,1.103699644975238,50,1.103017122316905,MAP_SCADA,157,0.000682522658333129
3,UPFC_tsh,5-15,-0.22623525675338108,50,-0.2234493237565558,MAP_SCADA,157,0.00278593299682528
4,UPFC_Vse,5-15,0.060455226854863514,50,0.05686545194196378,MAP_SCADA,157,0.003589774912899732
5,UPFC_tse,5-15,-2.147736097903853,50,-2.1278941958816198,MAP_SCADA,157,0.01984190202223335
0,x_tcsc,1-14,-0.13932493877968363,51,-0.14413183442542815,MAP_SCADA,157,0.004806895645744519
1,B_svc,2,0.29545982958944195,51,0.32660811448032484,MAP_SCADA,157,0.031148284890882894
2,UPFC_Vsh,5-15,1.1041996971003738,51,1.103017122316905,MAP_SCADA,157,0.0011825747834688372
3,UPFC_tsh,5-15,-0.2259362461468297,51,-0.2234493237565558,MAP_SCADA,157,0.002486922390273899
4,UPFC_Vse,5-15,0.060608605431686384,51,0.05686545194196378,MAP_SCADA,157,0.003743153489722602
5,UPFC_tse,5-15,-2.147654032566646,51,-2.1278941958816198,MAP_SCADA,157,0.019759836685026233
0,x_tcsc,1-14,-0.13877429196352978,52,-0.14413183442542815,MAP_SCADA,157,0.005357542461898374
1,B_svc,2,0.2955519365557847,52,0.32660811448032484,MAP_SCADA,157,0.03105617792454013
2,UPFC_Vsh,5-15,1.103401285053523,52,1.103017122316905,MAP_SCADA,157,0.00038416273661812106
3,UPFC_tsh,5-15,-0.2256970092293021,52,-0.2234493237565558,MAP_SCADA,157,0.0022476854727463136
4,UPFC_Vse,5-15,0.060037529394786515,52,0.05686545194196378,MAP_SCADA,157,0.003172077452822733
5,UPFC_tse,5-15,-2.1502566117296222,52,-2.1278941958816198,MAP_SCADA,157,0.02236241584800247
0,x_tcsc,1-14,-0.13719206890746846,53,-0.14413183442542815,MAP_SCADA,157,0.0069397655179596895
1,B_svc,2,0.2997239554174644,53,0.32660811448032484,MAP_SCADA,157,0.026884159062860458
2,UPFC_Vsh,5-15,1.1040769980954428,53,1.103017122316905,MAP_SCADA,157,0.0010598757785378332
3,UPFC_tsh,5-15,-0.22720083749051107,53,-0.2234493237565558,MAP_SCADA,157,0.0037515137339552695
4,UPFC_Vse,5-15,0.06010456096434186,53,0.05686545194196378,MAP_SCADA,157,0.0032391090223780755
5,UPFC_tse,5-15,-2.1545612967427794,53,-2.1278941958816198,MAP_SCADA,157,0.026667100861159643
0,x_tcsc,1-14,-0.13798824104664212,54,-0.14413183442542815,MAP_SCADA,157,0.006143593378786033
1,B_svc,2,0.30227977719608706,54,0.32660811448032484,MAP_SCADA,157,0.024328337284237778
2,UPFC_Vsh,5-15,1.103186529193495,54,1.103017122316905,MAP_SCADA,157,0.00016940687659006137
3,UPFC_tsh,5-15,-0.22683808163686253,54,-0.2234493237565558,MAP_SCADA,157,0.0033887578803067364
4,UPFC_Vse,5-15,0.06059927539276227,54,0.05686545194196378,MAP_SCADA,157,0.003733823450798486
5,UPFC_tse,5-15,-2.1470201328700975,54,-2.1278941958816198,MAP_SCADA,157,0.019125936988477754
0,x_tcsc,1-14,-0.13861819969654465,55,-0.14413183442542815,MAP_SCADA,157,0.005513634728883499
1,B_svc,2,0.2982281439530429,55,0.32660811448032484,MAP_SCADA,157,0.028379970527281917
2,UPFC_Vsh,5-15,1.1062975037791578,55,1.103017122316905,MAP_SCADA,157,0.003280381462252846
3,UPFC_tsh,5-15,-0.2256201950046325,55,-0.2234493237565558,MAP_SCADA,157,0.0021708712480767167
4,UPFC_Vse,5-15,0.06010544691893832,55,0.05686545194196378,MAP_SCADA,157,0.003239994976974539
5,UPFC_tse,5-15,-2.1486231597502226,55,-2.1278941958816198,MAP_SCADA,157,0.02072896386860279
0,x_tcsc,1-14,-0.13821983146765665,56,-0.14413183442542815,MAP_SCADA,157,0.0059120029577715005
1,B_svc,2,0.3011376864684205,56,0.32660811448032484,MAP_SCADA,157,0.025470428011904356
2,UPFC_Vsh,5-15,1.104502511352792,56,1.103017122316905,MAP_SCADA,157,0.0014853890358870192
3,UPFC_tsh,5-15,-0.22690992863944798,56,-0.2234493237565558,MAP_SCADA,157,0.003460604882892182
4,UPFC_Vse,5-15,0.06015288344386399,56,0.05686545194196378,MAP_SCADA,157,0.0032874315019002093
5,UPFC_tse,5-15,-2.145879885001655,56,-2.1278941958816198,MAP_SCADA,157,0.017985689120035175
0,x_tcsc,1-14,-0.13767132395109832,57,-0.14413183442542815,MAP_SCADA,157,0.006460510474329828
1,B_svc,2,0.29706997285255465,57,0.32660811448032484,MAP_SCADA,157,0.029538141627770187
2,UPFC_Vsh,5-15,1.1075096933847748,57,1.103017122316905,MAP_SCADA,157,0.004492571067869822
3,UPFC_tsh,5-15,-0.22571755461786697,57,-0.2234493237565558,MAP_SCADA,157,0.0022682308613111712
4,UPFC_Vse,5-15,0.05995041538130148,57,0.05686545194196378,MAP_SCADA,157,0.0030849634393377012
5,UPFC_tse,5-15,-2.1442045134949352,57,-2.1278941958816198,MAP_SCADA,157,0.016310317613315473
0,x_tcsc,1-14,-0.14025304881818126,58,-0.14413183442542815,MAP_SCADA,157,0.0038787856072468874
1,B_svc,2,0.2943751922505254,58,0.32660811448032484,MAP_SCADA,157,0.032232922229799454
2,UPFC_Vsh,5-15,1.1043382438971199,58,1.103017122316905,MAP_SCADA,157,0.0013211215802149123
3,UPFC_tsh,5-15,-0.22596942597343528,58,-0.2234493237565558,MAP_SCADA,157,0.002520102216879483
4,UPFC_Vse,5-15,0.05989844619524658,58,0.05686545194196378,MAP_SCADA,157,0.0030329942532827947
5,UPFC_tse,5-15,-2.150392797073834,58,-2.1278941958816198,MAP_SCADA,157,0.022498601192214362
0,x_tcsc,1-14,-0.13948574348694037,59,-0.14413183442542815,MAP_SCADA,157,0.004646090938487779
1,B_svc,2,0.29361040067047306,59,0.32660811448032484,MAP_SCADA,157,0.03299771380985178
2,UPFC_Vsh,5-15,1.1024436446396637,59,1.103017122316905,MAP_SCADA,157,0.000573477677241252
3,UPFC_tsh,5-15,-0.2260962852316475,59,-0.2234493237565558,MAP_SCADA,157,0.0026469614750916914
4,UPFC_Vse,5-15,0.0603760348307006,59,0.05686545194196378,MAP_SCADA,157,0.0035105828887368185
5,UPFC_tse,5-15,-2.153027024774551,59,-2.1278941958816198,MAP_SCADA,157,0.025132828892931336
0,x_tcsc,1-14,-0.13734548040088565,60,-0.14413183442542815,MAP_SCADA,157,0.006786354024542501
1,B_svc,2,0.3050931327260433,60,0.32660811448032484,MAP_SCADA,157,0.021514981754281515
2,UPFC_Vsh,5-15,1.1024510869435684,60,1.103017122316905,MAP_SCADA,157,0.0005660353733365486
3,UPFC_tsh,5-15,-0.22792302563646952,60,-0.2234493237565558,MAP_SCADA,157,0.004473701879913722
4,UPFC_Vse,5-15,0.05994697426279195,60,0.05686545194196378,MAP_SCADA,157,0.003081522320828166
5,UPFC_tse,5-15,-2.1533501829787167,60,-2.1278941958816198,MAP_SCADA,157,0.025455987097096955
0,x_tcsc,1-14,-0.13962038629562434,61,-0.14413183442542815,MAP_SCADA,157,0.004511448129803808
1,B_svc,2,0.2962995497542139,61,0.32660811448032484,MAP_SCADA,157,0.03030856472611093
2,UPFC_Vsh,5-15,1.1029814234863042,61,1.103017122316905,MAP_SCADA,157,3.569883060072776e-05
3,UPFC_tsh,5-15,-0.22586234776028932,61,-0.2234493237565558,MAP_SCADA,157,0.002413024003733527
4,UPFC_Vse,5-15,0.06022765102223543,61,0.05686545194196378,MAP_SCADA,157,0.0033621990802716467
5,UPFC_tse,5-15,-2.1501775445709037,61,-2.1278941958816198,MAP_SCADA,157,0.022283348689283944
0,x_tcsc,1-14,-0.1395880404530107,62,-0.14413183442542815,MAP_SCADA,157,0.0045437939724174425
1,B_svc,2,0.29959101759192003,62,0.32660811448032484,MAP_SCADA,157,0.027017096888404812
2,UPFC_Vsh,5-15,1.1049893981731653,62,1.103017122316905,MAP_SCADA,157,0.0019722758562603637
3,UPFC_tsh,5-15,-0.2262864238321893,62,-0.2234493237565558,MAP_SCADA,157,0.0028371000756335085
4,UPFC_Vse,5-15,0.0599799436649154,62,0.05686545194196378,MAP_SCADA,157,0.003114491722951619
5,UPFC_tse,5-15,-2.1470839299587956,62,-2.1278941958816198,MAP_SCADA,157,0.019189734077175835
0,x_tcsc,1-14,-0.13819293186036755,63,-0.14413183442542815,MAP_SCADA,157,0.005938902565060605
1,B_svc,2,0.2947934783829856,63,0.32660811448032484,MAP_SCADA,157,0.031814636097339255
2,UPFC_Vsh,5-15,1.105386686753126,63,1.103017122316905,MAP_SCADA,157,0.002369564436220939
3,UPFC_tsh,5-15,-0.226096774621023,63,-0.2234493237565558,MAP_SCADA,157,0.0026474508644672157
4,UPFC_Vse,5-15,0.06026503639942282,63,0.05686545194196378,MAP_SCADA,157,0.00339958445745904
5,UPFC_tse,5-15,-2.1446743398568286,63,-2.1278941958816198,MAP_SCADA,157,0.016780143975208883
0,x_tcsc,1-14,-0.13921022468365188,64,-0.14413183442542815,MAP_SCADA,157,0.004921609741776273
1,B_svc,2,0.30291283652156065,64,0.32660811448032484,MAP_SCADA,157,0.023695277958764194
2,UPFC_Vsh,5-15,1.1017025311267963,64,1.103017122316905,MAP_SCADA,157,0.0013145911901086826
3,UPFC_tsh,5-15,-0.22647964204765078,64,-0.2234493237565558,MAP_SCADA,157,0.0030303182910949855
4,UPFC_Vse,5-15,0.06037988534906229,64,0.05686545194196378,MAP_SCADA,157,0.003514433407098505
5,UPFC_tse,5-15,-2.1467661078239084,64,-2.1278941958816198,MAP_SCADA,157,0.018871911942288655
0,x_tcsc,1-14,-0.13754706013970006,65,-0.14413183442542815,MAP_SCADA,157,0.0065847742857280955
1,B_svc,2,0.3033542225314747,65,0.32660811448032484,MAP_SCADA,157,0.023253891948850136
2,UPFC_Vsh,5-15,1.102491949482756,65,1.103017122316905,MAP_SCADA,157,0.0005251728341488793
3,UPFC_tsh,5-15,-0.22779893595847883,65,-0.2234493237565558,MAP_SCADA,157,0.0043496122019230365
4,UPFC_Vse,5-15,0.060129879626394565,65,0.05686545194196378,MAP_SCADA,157,0.003264427684430783
5,UPFC_tse,5-15,-2.151886632505937,65,-2.1278941958816198,MAP_SCADA,157,0.02399243662431738
0,x_tcsc,1-14,-0.13851879659942265,66,-0.14413183442542815,MAP_SCADA,157,0.005613037826005501
1,B_svc,2,0.30098243833297045,66,0.32660811448032484,MAP_SCADA,157,0.025625676147354393
2,UPFC_Vsh,5-15,1.1037986787727152,66,1.103017122316905,MAP_SCADA,157,0.0007815564558102395
3,UPFC_tsh,5-15,-0.2266876249058762,66,-0.2234493237565558,MAP_SCADA,157,0.003238301149320416
4,UPFC_Vse,5-15,0.059659010943204104,66,0.05686545194196378,MAP_SCADA,157,0.0027935590012403214
5,UPFC_tse,5-15,-2.145454356885726,66,-2.1278941958816198,MAP_SCADA,157,0.017560161004106067
0,x_tcsc,1-14,-0.13891729932627214,67,-0.14413183442542815,MAP_SCADA,157,0.005214535099156009
1,B_svc,2,0.29894763571785266,67,0.32660811448032484,MAP_SCADA,157,0.027660478762472185
2,UPFC_Vsh,5-15,1.1052742411757022,67,1.103017122316905,MAP_SCADA,157,0.0022571188587972024
3,UPFC_tsh,5-15,-0.22678710475996916,67,-0.2234493237565558,MAP_SCADA,157,0.003337781003413365
4,UPFC_Vse,5-15,0.06021758539380588,67,0.05686545194196378,MAP_SCADA,157,0.0033521334518420987
5,UPFC_tse,5-15,-2.1460217532626857,67,-2.1278941958816198,MAP_SCADA,157,0.018127557381065973
0,x_tcsc,1-14,-0.1400113610368814,68,-0.14413183442542815,MAP_SCADA,157,0.004120473388546764
1,B_svc,2,0.2886082954586116,68,0.32660811448032484,MAP_SCADA,157,0.03799981902171323
2,UPFC_Vsh,5-15,1.1086243994812912,68,1.103017122316905,MAP_SCADA,157,0.0056072771643862485
3,UPFC_tsh,5-15,-0.22463470542028693,68,-0.2234493237565558,MAP_SCADA,157,0.0011853816637311387
4,UPFC_Vse,5-15,0.05987369804048943,68,0.05686545194196378,MAP_SCADA,157,0.003008246098525645
5,UPFC_tse,5-15,-2.1449589252236083,68,-2.1278941958816198,MAP_SCADA,157,0.01706472934198855
0,x_tcsc,1-14,-0.1391771725391201,69,-0.14413183442542815,MAP_SCADA,157,0.004954661886308054
1,B_svc,2,0.2949481090376491,69,0.32660811448032484,MAP_SCADA,157,0.03166000544267572
2,UPFC_Vsh,5-15,1.1044387529335438,69,1.103017122316905,MAP_SCADA,157,0.0014216306166388026
3,UPFC_tsh,5-15,-0.2255383734968782,69,-0.2234493237565558,MAP_SCADA,157,0.002089049740322396
4,UPFC_Vse,5-15,0.06053740626463348,69,0.05686545194196378,MAP_SCADA,157,0.0036719543226696946
5,UPFC_tse,5-15,-2.147341439047312,69,-2.1278941958816198,MAP_SCADA,157,0.01944724316569202
0,x_tcsc,1-14,-0.14030892296009884,70,-0.14413183442542815,MAP_SCADA,157,0.003822911465329315
1,B_svc,2,0.28916581192604307,70,0.32660811448032484,MAP_SCADA,157,0.03744230255428177
2,UPFC_Vsh,5-15,1.105617684280865,70,1.103017122316905,MAP_SCADA,157,0.0026005619639599686
3,UPFC_tsh,5-15,-0.22463776111187436,70,-0.2234493237565558,MAP_SCADA,157,0.0011884373553185668
4,UPFC_Vse,5-15,0.05922766099819131,70,0.05686545194196378,MAP_SCADA,157,0.0023622090562275266
5,UPFC_tse,5-15,-2.146793521944589,70,-2.1278941958816198,MAP_SCADA,157,0.01889932606296929
0,x_tcsc,1-14,-0.13912161106384616,71,-0.14413183442542815,MAP_SCADA,157,0.005010223361581995
1,B_svc,2,0.29390301176538924,71,0.32660811448032484,MAP_SCADA,157,0.0327051027149356
2,UPFC_Vsh,5-15,1.1066642973847154,71,1.103017122316905,MAP_SCADA,157,0.0036471750678104264
3,UPFC_tsh,5-15,-0.225605363251747,71,-0.2234493237565558,MAP_SCADA,157,0.002156039495191192
4,UPFC_Vse,5-15,0.05939111103551805,71,0.05686545194196378,MAP_SCADA,157,0.002525659093554268
5,UPFC_tse,5-15,-2.1477863279580256,71,-2.1278941958816198,MAP_SCADA,157,0.019892132076405833
0,x_tcsc,1-14,-0.14056060725207833,72,-0.14413183442542815,MAP_SCADA,157,0.003571227173349817
1,B_svc,2,0.2905575884448555,72,0.32660811448032484,MAP_SCADA,157,0.03605052603546932
2,UPFC_Vsh,5-15,1.1041119417122978,72,1.103017122316905,MAP_SCADA,157,0.0010948193953927987
3,UPFC_tsh,5-15,-0.22535657625741115,72,-0.2234493237565558,MAP_SCADA,157,0.0019072525008553554
4,UPFC_Vse,5-15,0.060107674310286366,72,0.05686545194196378,MAP_SCADA,157,0.0032422223683225837
5,UPFC_tse,5-15,-2.1468883355909685,72,-2.1278941958816198,MAP_SCADA,157,0.018994139709348712
0,x_tcsc,1-14,-0.1388155879410626,73,-0.14413183442542815,MAP_SCADA,157,0.005316246484365544
1,B_svc,2,0.2955615078968038,73,0.32660811448032484,MAP_SCADA,157,0.03104660658352104
2,UPFC_Vsh,5-15,1.105298350292251,73,1.103017122316905,MAP_SCADA,157,0.002281227975346134
3,UPFC_tsh,5-15,-0.22593649996615559,73,-0.2234493237565558,MAP_SCADA,157,0.0024871762095997896
4,UPFC_Vse,5-15,0.05985474709110416,73,0.05686545194196378,MAP_SCADA,157,0.0029892951491403766
5,UPFC_tse,5-15,-2.1511679849735295,73,-2.1278941958816198,MAP_SCADA,157,0.02327378909190969
0,x_tcsc,1-14,-0.1398233764460126,74,-0.14413183442542815,MAP_SCADA,157,0.004308457979415564
1,B_svc,2,0.2954338977334575,74,0.32660811448032484,MAP_SCADA,157,0.031174216746867323
2,UPFC_Vsh,5-15,1.1071480139212553,74,1.103017122316905,MAP_SCADA,157,0.0041308916043503174
3,UPFC_tsh,5-15,-0.22453926962252754,74,-0.2234493237565558,MAP_SCADA,157,0.0010899458659717476
4,UPFC_Vse,5-15,0.060687580449417494,74,0.05686545194196378,MAP_SCADA,157,0.003822128507453712
5,UPFC_tse,5-15,-2.14433718069863,74,-2.1278941958816198,MAP_SCADA,157,0.01644298481701023
0,x_tcsc,1-14,-0.13985189874829726,75,-0.14413183442542815,MAP_SCADA,157,0.004279935677130892
1,B_svc,2,0.29688805571872745,75,0.32660811448032484,MAP_SCADA,157,0.02972005876159739
2,UPFC_Vsh,5-15,1.1046618916641544,75,1.103017122316905,MAP_SCADA,157,0.0016447693472494418
3,UPFC_tsh,5-15,-0.22601035217733573,75,-0.2234493237565558,MAP_SCADA,157,0.0025610284207799316
4,UPFC_Vse,5-15,0.06080895520400906,75,0.05686545194196378,MAP_SCADA,157,0.003943503262045275
5,UPFC_tse,5-15,-2.1404242421104898,75,-2.1278941958816198,MAP_SCADA,157,0.012530046228869995
0,x_tcsc,1-14,-0.13957144471102523,76,-0.14413183442542815,MAP_SCADA,157,0.004560389714402924
1,B_svc,2,0.2923765380368501,76,0.32660811448032484,MAP_SCADA,157,0.03423157644347474
2,UPFC_Vsh,5-15,1.1054871009105336,76,1.103017122316905,MAP_SCADA,157,0.00246997859362863
3,UPFC_tsh,5-15,-0.22482937095352573,76,-0.2234493237565558,MAP_SCADA,157,0.0013800471969699357
4,UPFC_Vse,5-15,0.06030011511679539,76,0.05686545194196378,MAP_SCADA,157,0.003434663174831605
5,UPFC_tse,5-15,-2.1476767706995723,76,-2.1278941958816198,MAP_SCADA,157,0.019782574817952536
0,x_tcsc,1-14,-0.13862326408102932,77,-0.14413183442542815,MAP_SCADA,157,0.005508570344398833
1,B_svc,2,0.297354900166559,77,0.32660811448032484,MAP_SCADA,157,0.02925321431376582
2,UPFC_Vsh,5-15,1.1047507912466037,77,1.103017122316905,MAP_SCADA,157,0.0017336689296987284
3,UPFC_tsh,5-15,-0.22604008379772728,77,-0.2234493237565558,MAP_SCADA,157,0.0025907600411714804
4,UPFC_Vse,5-15,0.05988669983780915,77,0.05686545194196378,MAP_SCADA,157,0.003021247895845368
5,UPFC_tse,5-15,-2.149920976773672,77,-2.1278941958816198,MAP_SCADA,157,0.022026780892052233
0,x_tcsc,1-14,-0.14014173897371188,78,-0.14413183442542815,MAP_SCADA,157,0.0039900954517162746
1,B_svc,2,0.29808804198602606,78,0.32660811448032484,MAP_SCADA,157,0.028520072494298776
2,UPFC_Vsh,5-15,1.1020250874796236,78,1.103017122316905,MAP_SCADA,157,0.0009920348372813859
3,UPFC_tsh,5-15,-0.22709406986485264,78,-0.2234493237565558,MAP_SCADA,157,0.003644746108296848
4,UPFC_Vse,5-15,0.06038098624706862,78,0.05686545194196378,MAP_SCADA,157,0.003515534305104838
5,UPFC_tse,5-15,-2.147555642474961,78,-2.1278941958816198,MAP_SCADA,157,0.019661446593341125
0,x_tcsc,1-14,-0.138494991935145,79,-0.14413183442542815,MAP_SCADA,157,0.00563684249028315
1,B_svc,2,0.29935793585946774,79,0.32660811448032484,MAP_SCADA,157,0.027250178620857102
2,UPFC_Vsh,5-15,1.1044861845431309,79,1.103017122316905,MAP_SCADA,157,0.0014690622262258923
3,UPFC_tsh,5-15,-0.2267156972470802,79,-0.2234493237565558,MAP_SCADA,157,0.0032663734905244157
4,UPFC_Vse,5-15,0.06014279391207925,79,0.05686545194196378,MAP_SCADA,157,0.00327734197011547
5,UPFC_tse,5-15,-2.148430129095994,79,-2.1278941958816198,MAP_SCADA,157,0.020535933214374413
0,x_tcsc,1-14,-0.13850198239680195,80,-0.14413183442542815,MAP_SCADA,157,0.005629852028626203
1,B_svc,2,0.2949269015440459,80,0.32660811448032484,MAP_SCADA,157,0.03168121293627896
2,UPFC_Vsh,5-15,1.1046154754089028,80,1.103017122316905,MAP_SCADA,157,0.0015983530919978506
3,UPFC_tsh,5-15,-0.22601633684968597,80,-0.2234493237565558,MAP_SCADA,157,0.002567013093130177
4,UPFC_Vse,5-15,0.05995997222132473,80,0.05686545194196378,MAP_SCADA,157,0.0030945202793609475
5,UPFC_tse,5-15,-2.151054139576775,80,-2.1278941958816198,MAP_SCADA,157,0.02315994369515506
0,x_tcsc,1-14,-0.13966617912573293,81,-0.14413183442542815,MAP_SCADA,157,0.004465655299695226
1,B_svc,2,0.29315893366360213,81,0.32660811448032484,MAP_SCADA,157,0.03344918081672271
2,UPFC_Vsh,5-15,1.1060385957878638,81,1.103017122316905,MAP_SCADA,157,0.0030214734709588242
3,UPFC_tsh,5-15,-0.22521413775523438,81,-0.2234493237565558,MAP_SCADA,157,0.0017648139986785882
4,UPFC_Vse,5-15,0.060315117957685425,81,0.05686545194196378,MAP_SCADA,157,0.0034496660157216433
5,UPFC_tse,5-15,-2.139918566642995,81,-2.1278941958816198,MAP_SCADA,157,0.012024370761375192
0,x_tcsc,1-14,-0.13893154787813156,82,-0.14413183442542815,MAP_SCADA,157,0.005200286547296595
1,B_svc,2,0.3003519178065197,82,0.32660811448032484,MAP_SCADA,157,0.026256196673805132
2,UPFC_Vsh,5-15,1.105211713292877,82,1.103017122316905,MAP_SCADA,157,0.002194590975971966
3,UPFC_tsh,5-15,-0.22601346607340225,82,-0.2234493237565558,MAP_SCADA,157,0.002564142316846457
4,UPFC_Vse,5-15,0.05983889382632722,82,0.05686545194196378,MAP_SCADA,157,0.002973441884363437
5,UPFC_tse,5-15,-2.145681020772069,82,-2.1278941958816198,MAP_SCADA,157,0.01778682489044936
0,x_tcsc,1-14,-0.13768340688018318,83,-0.14413183442542815,MAP_SCADA,157,0.006448427545244967
1,B_svc,2,0.2994261065484856,83,0.32660811448032484,MAP_SCADA,157,0.027182007931839225
2,UPFC_Vsh,5-15,1.101703543833773,83,1.103017122316905,MAP_SCADA,157,0.0013135784831319608
3,UPFC_tsh,5-15,-0.2279174035804127,83,-0.2234493237565558,MAP_SCADA,157,0.004468079823856913
4,UPFC_Vse,5-15,0.06055765787005787,83,0.05686545194196378,MAP_SCADA,157,0.0036922059280940847
5,UPFC_tse,5-15,-2.1510343991375835,83,-2.1278941958816198,MAP_SCADA,157,0.023140203255963776
0,x_tcsc,1-14,-0.1373216491922542,84,-0.14413183442542815,MAP_SCADA,157,0.006810185233173949
1,B_svc,2,0.2927348858620752,84,0.32660811448032484,MAP_SCADA,157,0.03387322861824965
2,UPFC_Vsh,5-15,1.1067500551576062,84,1.103017122316905,MAP_SCADA,157,0.0037329328407011975
3,UPFC_tsh,5-15,-0.22563770740787648,84,-0.2234493237565558,MAP_SCADA,157,0.00218838365132068
4,UPFC_Vse,5-15,0.06014896913171909,84,0.05686545194196378,MAP_SCADA,157,0.0032835171897553084
5,UPFC_tse,5-15,-2.144710256275567,84,-2.1278941958816198,MAP_SCADA,157,0.01681606039394712
0,x_tcsc,1-14,-0.1368727184297969,85,-0.14413183442542815,MAP_SCADA,157,0.0072591159956312545
1,B_svc,2,0.3042076338471711,85,0.32660811448032484,MAP_SCADA,157,0.022400480633153752
2,UPFC_Vsh,5-15,1.1020224083109054,85,1.103017122316905,MAP_SCADA,157,0.0009947140059995974
3,UPFC_tsh,5-15,-0.22809833192717974,85,-0.2234493237565558,MAP_SCADA,157,0.004649008170623942
4,UPFC_Vse,5-15,0.059876587389066586,85,0.05686545194196378,MAP_SCADA,157,0.0030111354471028043
5,UPFC_tse,5-15,-2.1513163216563593,85,-2.1278941958816198,MAP_SCADA,157,0.023422125774739566
0,x_tcsc,1-14,-0.1384535459587959,86,-0.14413183442542815,MAP_SCADA,157,0.005678288466632264
1,B_svc,2,0.2997617930927,86,0.32660811448032484,MAP_SCADA,157,0.026846321387624827
2,UPFC_Vsh,5-15,1.103946923652292,86,1.103017122316905,MAP_SCADA,157,0.0009298013353871148
3,UPFC_tsh,5-15,-0.22620783362035,86,-0.2234493237565558,MAP_SCADA,157,0.002758509863794195
4,UPFC_Vse,5-15,0.060450061537411046,86,0.05686545194196378,MAP_SCADA,157,0.0035846095954472634
5,UPFC_tse,5-15,-2.1479966642306616,86,-2.1278941958816198,MAP_SCADA,157,0.020102468349041835
0,x_tcsc,1-14,-0.13890739555022136,87,-0.14413183442542815,MAP_SCADA,157,0.005224438875206794
1,B_svc,2,0.29816419122844867,87,0.32660811448032484,MAP_SCADA,157,0.02844392325187617
2,UPFC_Vsh,5-15,1.1032871777219062,87,1.103017122316905,MAP_SCADA,157,0.00027005540500124603
3,UPFC_tsh,5-15,-0.226681685374232,87,-0.2234493237565558,MAP_SCADA,157,0.003232361617676205
4,UPFC_Vse,5-15,0.06018735647973197,87,0.05686545194196378,MAP_SCADA,157,0.0033219045377681847
5,UPFC_tse,5-15,-2.1458589466601703,87,-2.1278941958816198,MAP_SCADA,157,0.01796475077855053
0,x_tcsc,1-14,-0.13941829242216902,88,-0.14413183442542815,MAP_SCADA,157,0.00471354200325913
1,B_svc,2,0.29807485035769715,88,0.32660811448032484,MAP_SCADA,157,0.02853326412262769
2,UPFC_Vsh,5-15,1.1045063121793453,88,1.103017122316905,MAP_SCADA,157,0.0014891898624402877
3,UPFC_tsh,5-15,-0.22623395074146235,88,-0.2234493237565558,MAP_SCADA,157,0.0027846269849065575
4,UPFC_Vse,5-15,0.05955271496810949,88,0.05686545194196378,MAP_SCADA,157,0.002687263026145706
5,UPFC_tse,5-15,-2.147882351498537,88,-2.1278941958816198,MAP_SCADA,157,0.019988155616917247
0,x_tcsc,1-14,-0.13722912029411927,89,-0.14413183442542815,MAP_SCADA,157,0.006902714131308885
1,B_svc,2,0.30411101001131285,89,0.32660811448032484,MAP_SCADA,157,0.022497104469011986
2,UPFC_Vsh,5-15,1.1036311349152752,89,1.103017122316905,MAP_SCADA,157,0.0006140125983702394
3,UPFC_tsh,5-15,-0.22732067939310316,89,-0.2234493237565558,MAP_SCADA,157,0.0038713556365473634
4,UPFC_Vse,5-15,0.06012593040018313,89,0.05686545194196378,MAP_SCADA,157,0.0032604784582193486
5,UPFC_tse,5-15,-2.148379421260987,89,-2.1278941958816198,MAP_SCADA,157,0.020485225379367034
0,x_tcsc,1-14,-0.14066230142333347,90,-0.14413183442542815,MAP_SCADA,157,0.0034695330020946824
1,B_svc,2,0.28639808623031715,90,0.32660811448032484,MAP_SCADA,157,0.04021002825000769
2,UPFC_Vsh,5-15,1.1053975417805695,90,1.103017122316905,MAP_SCADA,157,0.002380419463664518
3,UPFC_tsh,5-15,-0.2244789968365249,90,-0.2234493237565558,MAP_SCADA,157,0.0010296730799690956
4,UPFC_Vse,5-15,0.05994150141665287,90,0.05686545194196378,MAP_SCADA,157,0.003076049474689091
5,UPFC_tse,5-15,-2.1483133870233035,90,-2.1278941958816198,MAP_SCADA,157,0.02041919114168378
0,x_tcsc,1-14,-0.1389034492356503,91,-0.14413183442542815,MAP_SCADA,157,0.005228385189777862
1,B_svc,2,0.29841707717821614,91,0.32660811448032484,MAP_SCADA,157,0.0281910373021087
2,UPFC_Vsh,5-15,1.1040028152967658,91,1.103017122316905,MAP_SCADA,157,0.0009856929798608416
3,UPFC_tsh,5-15,-0.22666245066459617,91,-0.2234493237565558,MAP_SCADA,157,0.0032131269080403757
4,UPFC_Vse,5-15,0.060089420272586895,91,0.05686545194196378,MAP_SCADA,157,0.003223968330623113
5,UPFC_tse,5-15,-2.1467186392760302,91,-2.1278941958816198,MAP_SCADA,157,0.018824443394410473
0,x_tcsc,1-14,-0.1399247873648281,92,-0.14413183442542815,MAP_SCADA,157,0.004207047060600044
1,B_svc,2,0.29473224820962973,92,0.32660811448032484,MAP_SCADA,157,0.03187586627069511
2,UPFC_Vsh,5-15,1.1051511651890191,92,1.103017122316905,MAP_SCADA,157,0.0021340428721141613
3,UPFC_tsh,5-15,-0.22500880406455498,92,-0.2234493237565558,MAP_SCADA,157,0.0015594803079991837
4,UPFC_Vse,5-15,0.059988637387086235,92,0.05686545194196378,MAP_SCADA,157,0.0031231854451224533
5,UPFC_tse,5-15,-2.143871600729615,92,-2.1278941958816198,MAP_SCADA,157,0.015977404847995036
0,x_tcsc,1-14,-0.13790532230246327,93,-0.14413183442542815,MAP_SCADA,157,0.006226512122964878
1,B_svc,2,0.3013297835636175,93,0.32660811448032484,MAP_SCADA,157,0.025278330916707337
2,UPFC_Vsh,5-15,1.104168804741319,93,1.103017122316905,MAP_SCADA,157,0.0011516824244139912
3,UPFC_tsh,5-15,-0.22684799687065,93,-0.2234493237565558,MAP_SCADA,157,0.0033986731140941973
4,UPFC_Vse,5-15,0.059842294193274324,93,0.05686545194196378,MAP_SCADA,157,0.002976842251310542
5,UPFC_tse,5-15,-2.147633419958297,93,-2.1278941958816198,MAP_SCADA,157,0.019739224076677164
0,x_tcsc,1-14,-0.13938863310282984,94,-0.14413183442542815,MAP_SCADA,157,0.004743201322598312
1,B_svc,2,0.2980292208579397,94,0.32660811448032484,MAP_SCADA,157,0.028578893622385138
2,UPFC_Vsh,5-15,1.1039325054724765,94,1.103017122316905,MAP_SCADA,157,0.000915383155571492
3,UPFC_tsh,5-15,-0.2264616265220565,94,-0.2234493237565558,MAP_SCADA,157,0.003012302765500713
4,UPFC_Vse,5-15,0.06017734177236146,94,0.05686545194196378,MAP_SCADA,157,0.0033118898303976796
5,UPFC_tse,5-15,-2.153993553239469,94,-2.1278941958816198,MAP_SCADA,157,0.026099357357849406
0,x_tcsc,1-14,-0.13950620660961183,95,-0.14413183442542815,MAP_SCADA,157,0.004625627815816324
1,B_svc,2,0.29251821175293685,95,0.32660811448032484,MAP_SCADA,157,0.03408990272738799
2,UPFC_Vsh,5-15,1.1043324817035252,95,1.103017122316905,MAP_SCADA,157,0.0013153593866201962
3,UPFC_tsh,5-15,-0.2259389986761963,95,-0.2234493237565558,MAP_SCADA,157,0.0024896749196405
4,UPFC_Vse,5-15,0.060131204192603406,95,0.05686545194196378,MAP_SCADA,157,0.003265752250639624
5,UPFC_tse,5-15,-2.1486542652587537,95,-2.1278941958816198,MAP_SCADA,157,0.020760069377133927
0,x_tcsc,1-14,-0.1380067973475561,96,-0.14413183442542815,MAP_SCADA,157,0.006125037077872042
1,B_svc,2,0.3023121368267017,96,0.32660811448032484,MAP_SCADA,157,0.024295977653623124
2,UPFC_Vsh,5-15,1.1044147926848344,96,1.103017122316905,MAP_SCADA,157,0.0013976703679294822
3,UPFC_tsh,5-15,-0.22676224099022252,96,-0.2234493237565558,MAP_SCADA,157,0.0033129172336667234
4,UPFC_Vse,5-15,0.06029829200515852,96,0.05686545194196378,MAP_SCADA,157,0.0034328400631947406
5,UPFC_tse,5-15,-2.1530578859010805,96,-2.1278941958816198,MAP_SCADA,157,0.025163690019460727
0,x_tcsc,1-14,-0.14075836433980002,97,-0.14413183442542815,MAP_SCADA,157,0.003373470085628133
1,B_svc,2,0.2900573964944106,97,0.32660811448032484,MAP_SCADA,157,0.03655071798591425
2,UPFC_Vsh,5-15,1.105770205928169,97,1.103017122316905,MAP_SCADA,157,0.00275308361126414
3,UPFC_tsh,5-15,-0.22466709487794193,97,-0.2234493237565558,MAP_SCADA,157,0.0012177711213861298
4,UPFC_Vse,5-15,0.06021616597855937,97,0.05686545194196378,MAP_SCADA,157,0.0033507140365955854
5,UPFC_tse,5-15,-2.1442245668075404,97,-2.1278941958816198,MAP_SCADA,157,0.0163303709259206
0,x_tcsc,1-14,-0.13872154666830117,98,-0.14413183442542815,MAP_SCADA,157,0.005410287757126986
1,B_svc,2,0.2932544069980707,98,0.32660811448032484,MAP_SCADA,157,0.033353707482254136
2,UPFC_Vsh,5-15,1.1037015110597996,98,1.103017122316905,MAP_SCADA,157,0.0006843887428946704
3,UPFC_tsh,5-15,-0.2263205983825664,98,-0.2234493237565558,MAP_SCADA,157,0.0028712746260106115
4,UPFC_Vse,5-15,0.06060918663511173,98,0.05686545194196378,MAP_SCADA,157,0.0037437346931479473
5,UPFC_tse,5-15,-2.1459582127355232,98,-2.1278941958816198,MAP_SCADA,157,0.018064016853903464
0,x_tcsc,1-14,-0.13955388499023125,99,-0.14413183442542815,MAP_SCADA,157,0.004577949435196904
1,B_svc,2,0.29595704555838426,99,0.32660811448032484,MAP_SCADA,157,0.030651068921940583
2,UPFC_Vsh,5-15,1.1029095704837086,99,1.103017122316905,MAP_SCADA,157,0.00010755183319632877
3,UPFC_tsh,5-15,-0.22589227804724954,99,-0.2234493237565558,MAP_SCADA,157,0.002442954290693744
4,UPFC_Vse,5-15,0.060001423577760095,99,0.05686545194196378,MAP_SCADA,157,0.0031359716357963127
5,UPFC_tse,5-15,-2.152835962070224,99,-2.1278941958816198,MAP_SCADA,157,0.02494176618860422
0,x_tcsc,1-14,-0.13900849846393998,0,-0.14191979616827272,MAP_SCADA,159,0.002911297704332738
1,B_svc,2,0.29650527170746127,0,0.31257628507214474,MAP_SCADA,159,0.016071013364683473
2,UPFC_Vsh,5-15,1.106444059367828,0,1.1030683456881902,MAP_SCADA,159,0.0033757136796377374
3,UPFC_tsh,5-15,-0.2245452545715806,0,-0.22486483916471098,MAP_SCADA,159,0.0003195845931303898
4,UPFC_Vse,5-15,0.06001100676389736,0,0.05765285394190859,MAP_SCADA,159,0.002358152821988771
5,UPFC_tse,5-15,-2.145119974529498,0,-2.139987991865396,MAP_SCADA,159,0.005131982664102086
0,x_tcsc,1-14,-0.1396136637504605,1,-0.14191979616827272,MAP_SCADA,159,0.0023061324178122178
1,B_svc,2,0.2995471824231543,1,0.31257628507214474,MAP_SCADA,159,0.013029102648990432
2,UPFC_Vsh,5-15,1.1028977000837634,1,1.1030683456881902,MAP_SCADA,159,0.0001706456044268112
3,UPFC_tsh,5-15,-0.2262309272513375,1,-0.22486483916471098,MAP_SCADA,159,0.0013660880866265268
4,UPFC_Vse,5-15,0.05984995870332151,1,0.05765285394190859,MAP_SCADA,159,0.002197104761412917
5,UPFC_tse,5-15,-2.1443611494327808,1,-2.139987991865396,MAP_SCADA,159,0.004373157567384656
0,x_tcsc,1-14,-0.13936421795883266,2,-0.14191979616827272,MAP_SCADA,159,0.0025555782094400514
1,B_svc,2,0.29683653973325336,2,0.31257628507214474,MAP_SCADA,159,0.015739745338891387
2,UPFC_Vsh,5-15,1.1033419492207521,2,1.1030683456881902,MAP_SCADA,159,0.0002736035325618946
3,UPFC_tsh,5-15,-0.22632827632391825,2,-0.22486483916471098,MAP_SCADA,159,0.0014634371592072704
4,UPFC_Vse,5-15,0.06073139686472676,2,0.05765285394190859,MAP_SCADA,159,0.0030785429228181727
5,UPFC_tse,5-15,-2.149609244944893,2,-2.139987991865396,MAP_SCADA,159,0.009621253079497016
0,x_tcsc,1-14,-0.13778624594440056,3,-0.14191979616827272,MAP_SCADA,159,0.004133550223872157
1,B_svc,2,0.30021723183472937,3,0.31257628507214474,MAP_SCADA,159,0.012359053237415374
2,UPFC_Vsh,5-15,1.10401400666262,3,1.1030683456881902,MAP_SCADA,159,0.0009456609744298294
3,UPFC_tsh,5-15,-0.22767381252310107,3,-0.22486483916471098,MAP_SCADA,159,0.0028089733583900878
4,UPFC_Vse,5-15,0.060583952678000985,3,0.05765285394190859,MAP_SCADA,159,0.0029310987360923954
5,UPFC_tse,5-15,-2.1492311117466207,3,-2.139987991865396,MAP_SCADA,159,0.009243119881224615
0,x_tcsc,1-14,-0.13985462128825538,4,-0.14191979616827272,MAP_SCADA,159,0.0020651748800173397
1,B_svc,2,0.296188187833812,4,0.31257628507214474,MAP_SCADA,159,0.016388097238332733
2,UPFC_Vsh,5-15,1.1026767779516253,4,1.1030683456881902,MAP_SCADA,159,0.00039156773656490174
3,UPFC_tsh,5-15,-0.22641506895827404,4,-0.22486483916471098,MAP_SCADA,159,0.0015502297935630627
4,UPFC_Vse,5-15,0.06010991456421456,4,0.05765285394190859,MAP_SCADA,159,0.0024570606223059677
5,UPFC_tse,5-15,-2.149924163840019,4,-2.139987991865396,MAP_SCADA,159,0.00993617197462271
0,x_tcsc,1-14,-0.13746500879930573,5,-0.14191979616827272,MAP_SCADA,159,0.004454787368966984
1,B_svc,2,0.3034607542918911,5,0.31257628507214474,MAP_SCADA,159,0.009115530780253622
2,UPFC_Vsh,5-15,1.1006785286143699,5,1.1030683456881902,MAP_SCADA,159,0.002389817073820355
3,UPFC_tsh,5-15,-0.2273157736710889,5,-0.22486483916471098,MAP_SCADA,159,0.0024509345063779275
4,UPFC_Vse,5-15,0.06056989728741583,5,0.05765285394190859,MAP_SCADA,159,0.002917043345507242
5,UPFC_tse,5-15,-2.1453666812389707,5,-2.139987991865396,MAP_SCADA,159,0.005378689373574552
0,x_tcsc,1-14,-0.13955901033275867,6,-0.14191979616827272,MAP_SCADA,159,0.002360785835514051
1,B_svc,2,0.29902140685599293,6,0.31257628507214474,MAP_SCADA,159,0.013554878216151811
2,UPFC_Vsh,5-15,1.1051095689335,6,1.1030683456881902,MAP_SCADA,159,0.0020412232453097534
3,UPFC_tsh,5-15,-0.22587728813114563,6,-0.22486483916471098,MAP_SCADA,159,0.0010124489664346537
4,UPFC_Vse,5-15,0.06015700877506486,6,0.05765285394190859,MAP_SCADA,159,0.0025041548331562677
5,UPFC_tse,5-15,-2.1523236559127263,6,-2.139987991865396,MAP_SCADA,159,0.01233566404733022
0,x_tcsc,1-14,-0.13802243210717918,7,-0.14191979616827272,MAP_SCADA,159,0.0038973640610935334
1,B_svc,2,0.2995903326742413,7,0.31257628507214474,MAP_SCADA,159,0.012985952397903455
2,UPFC_Vsh,5-15,1.1043946694822493,7,1.1030683456881902,MAP_SCADA,159,0.0013263237940590589
3,UPFC_tsh,5-15,-0.22658864844167736,7,-0.22486483916471098,MAP_SCADA,159,0.001723809276966387
4,UPFC_Vse,5-15,0.05985353630766828,7,0.05765285394190859,MAP_SCADA,159,0.002200682365759689
5,UPFC_tse,5-15,-2.154106660539906,7,-2.139987991865396,MAP_SCADA,159,0.014118668674509838
0,x_tcsc,1-14,-0.13776651479993207,8,-0.14191979616827272,MAP_SCADA,159,0.004153281368340644
1,B_svc,2,0.3034020605098786,8,0.31257628507214474,MAP_SCADA,159,0.009174224562266131
2,UPFC_Vsh,5-15,1.1038155449859017,8,1.1030683456881902,MAP_SCADA,159,0.0007471992977114983
3,UPFC_tsh,5-15,-0.22729311200001734,8,-0.22486483916471098,MAP_SCADA,159,0.002428272835306361
4,UPFC_Vse,5-15,0.06036461132298206,8,0.05765285394190859,MAP_SCADA,159,0.0027117573810734735
5,UPFC_tse,5-15,-2.1549856065944772,8,-2.139987991865396,MAP_SCADA,159,0.014997614729081121
0,x_tcsc,1-14,-0.13859247186509066,9,-0.14191979616827272,MAP_SCADA,159,0.0033273243031820554
1,B_svc,2,0.29578539085512373,9,0.31257628507214474,MAP_SCADA,159,0.016790894217021013
2,UPFC_Vsh,5-15,1.104393061880654,9,1.1030683456881902,MAP_SCADA,159,0.0013247161924636597
3,UPFC_tsh,5-15,-0.2264243969300444,9,-0.22486483916471098,MAP_SCADA,159,0.0015595577653334247
4,UPFC_Vse,5-15,0.060495454335872195,9,0.05765285394190859,MAP_SCADA,159,0.0028426003939636055
5,UPFC_tse,5-15,-2.1472225881378324,9,-2.139987991865396,MAP_SCADA,159,0.007234596272436278
0,x_tcsc,1-14,-0.14084676336732707,10,-0.14191979616827272,MAP_SCADA,159,0.0010730328009456447
1,B_svc,2,0.2932031951219014,10,0.31257628507214474,MAP_SCADA,159,0.01937308995024334
2,UPFC_Vsh,5-15,1.1049799922854475,10,1.1030683456881902,MAP_SCADA,159,0.0019116465972572882
3,UPFC_tsh,5-15,-0.22493217726351936,10,-0.22486483916471098,MAP_SCADA,159,6.733809880837827e-05
4,UPFC_Vse,5-15,0.060052763771416585,10,0.05765285394190859,MAP_SCADA,159,0.0023999098295079957
5,UPFC_tse,5-15,-2.148328019767737,10,-2.139987991865396,MAP_SCADA,159,0.008340027902340896
0,x_tcsc,1-14,-0.13935090874779182,11,-0.14191979616827272,MAP_SCADA,159,0.002568887420480892
1,B_svc,2,0.3000827842332406,11,0.31257628507214474,MAP_SCADA,159,0.012493500838904159
2,UPFC_Vsh,5-15,1.104322749806619,11,1.1030683456881902,MAP_SCADA,159,0.001254404118428809
3,UPFC_tsh,5-15,-0.22644285374367815,11,-0.22486483916471098,MAP_SCADA,159,0.0015780145789671685
4,UPFC_Vse,5-15,0.06061384937727731,11,0.05765285394190859,MAP_SCADA,159,0.0029609954353687212
5,UPFC_tse,5-15,-2.1500395355490904,11,-2.139987991865396,MAP_SCADA,159,0.01005154368369432
0,x_tcsc,1-14,-0.13886661964430397,12,-0.14191979616827272,MAP_SCADA,159,0.003053176523968748
1,B_svc,2,0.30316520299571653,12,0.31257628507214474,MAP_SCADA,159,0.009411082076428212
2,UPFC_Vsh,5-15,1.1014851436299993,12,1.1030683456881902,MAP_SCADA,159,0.0015832020581909578
3,UPFC_tsh,5-15,-0.2265947577998115,12,-0.22486483916471098,MAP_SCADA,159,0.0017299186351005247
4,UPFC_Vse,5-15,0.05951054582410368,12,0.05765285394190859,MAP_SCADA,159,0.0018576918821950894
5,UPFC_tse,5-15,-2.1481486842702813,12,-2.139987991865396,MAP_SCADA,159,0.00816069240488515
0,x_tcsc,1-14,-0.13751298016279592,13,-0.14191979616827272,MAP_SCADA,159,0.0044068160054767935
1,B_svc,2,0.30138813066979114,13,0.31257628507214474,MAP_SCADA,159,0.0111881544023536
2,UPFC_Vsh,5-15,1.1048805629058702,13,1.1030683456881902,MAP_SCADA,159,0.00181221721767999
3,UPFC_tsh,5-15,-0.22692624201313333,13,-0.22486483916471098,MAP_SCADA,159,0.00206140284842235
4,UPFC_Vse,5-15,0.05976662311998865,13,0.05765285394190859,MAP_SCADA,159,0.002113769178080059
5,UPFC_tse,5-15,-2.1511226488263433,13,-2.139987991865396,MAP_SCADA,159,0.011134656960947176
0,x_tcsc,1-14,-0.1387119073551927,14,-0.14191979616827272,MAP_SCADA,159,0.003207888813080012
1,B_svc,2,0.2991060203265386,14,0.31257628507214474,MAP_SCADA,159,0.013470264745606142
2,UPFC_Vsh,5-15,1.1043098255803496,14,1.1030683456881902,MAP_SCADA,159,0.0012414798921593917
3,UPFC_tsh,5-15,-0.22659362725435733,14,-0.22486483916471098,MAP_SCADA,159,0.0017287880896463548
4,UPFC_Vse,5-15,0.05993925440151864,14,0.05765285394190859,MAP_SCADA,159,0.0022864004596100523
5,UPFC_tse,5-15,-2.147403003091212,14,-2.139987991865396,MAP_SCADA,159,0.007415011225815782
0,x_tcsc,1-14,-0.1401347877250689,15,-0.14191979616827272,MAP_SCADA,159,0.0017850084432038116
1,B_svc,2,0.29719327447259053,15,0.31257628507214474,MAP_SCADA,159,0.015383010599554214
2,UPFC_Vsh,5-15,1.10514278782043,15,1.1030683456881902,MAP_SCADA,159,0.00207444213223984
3,UPFC_tsh,5-15,-0.22475059684335258,15,-0.22486483916471098,MAP_SCADA,159,0.00011424232135839874
4,UPFC_Vse,5-15,0.05974653222629669,15,0.05765285394190859,MAP_SCADA,159,0.002093678284388098
5,UPFC_tse,5-15,-2.1454506699074596,15,-2.139987991865396,MAP_SCADA,159,0.005462678042063462
0,x_tcsc,1-14,-0.13657497542089506,16,-0.14191979616827272,MAP_SCADA,159,0.00534482074737766
1,B_svc,2,0.3050354964593784,16,0.31257628507214474,MAP_SCADA,159,0.007540788612766358
2,UPFC_Vsh,5-15,1.1042529235454521,16,1.1030683456881902,MAP_SCADA,159,0.0011845778572618926
3,UPFC_tsh,5-15,-0.2272530051578728,16,-0.22486483916471098,MAP_SCADA,159,0.002388165993161828
4,UPFC_Vse,5-15,0.05994727137748766,16,0.05765285394190859,MAP_SCADA,159,0.002294417435579073
5,UPFC_tse,5-15,-2.1525110522626387,16,-2.139987991865396,MAP_SCADA,159,0.012523060397242602
0,x_tcsc,1-14,-0.14031858933454772,17,-0.14191979616827272,MAP_SCADA,159,0.0016012068337249996
1,B_svc,2,0.29837338229458993,17,0.31257628507214474,MAP_SCADA,159,0.014202902777554816
2,UPFC_Vsh,5-15,1.1048099590733964,17,1.1030683456881902,MAP_SCADA,159,0.0017416133852061755
3,UPFC_tsh,5-15,-0.2258268842497113,17,-0.22486483916471098,MAP_SCADA,159,0.0009620450850003348
4,UPFC_Vse,5-15,0.060018761302233874,17,0.05765285394190859,MAP_SCADA,159,0.002365907360325284
5,UPFC_tse,5-15,-2.1445126629522857,17,-2.139987991865396,MAP_SCADA,159,0.004524671086889587
0,x_tcsc,1-14,-0.13862398376095758,18,-0.14191979616827272,MAP_SCADA,159,0.003295812407315135
1,B_svc,2,0.30051063411948875,18,0.31257628507214474,MAP_SCADA,159,0.012065650952655993
2,UPFC_Vsh,5-15,1.1036263093848822,18,1.1030683456881902,MAP_SCADA,159,0.000557963696691921
3,UPFC_tsh,5-15,-0.22631897737870346,18,-0.22486483916471098,MAP_SCADA,159,0.001454138213992484
4,UPFC_Vse,5-15,0.06059917772140851,18,0.05765285394190859,MAP_SCADA,159,0.0029463237794999236
5,UPFC_tse,5-15,-2.1481598405459894,18,-2.139987991865396,MAP_SCADA,159,0.008171848680593286
0,x_tcsc,1-14,-0.13997150805289785,19,-0.14191979616827272,MAP_SCADA,159,0.0019482881153748688
1,B_svc,2,0.2975385393396756,19,0.31257628507214474,MAP_SCADA,159,0.015037745732469132
2,UPFC_Vsh,5-15,1.102397254952331,19,1.1030683456881902,MAP_SCADA,159,0.0006710907358591367
3,UPFC_tsh,5-15,-0.22583042910126308,19,-0.22486483916471098,MAP_SCADA,159,0.0009655899365521026
4,UPFC_Vse,5-15,0.06029962107356366,19,0.05765285394190859,MAP_SCADA,159,0.00264676713165507
5,UPFC_tse,5-15,-2.1511675257445853,19,-2.139987991865396,MAP_SCADA,159,0.01117953387918913
0,x_tcsc,1-14,-0.13996105232389777,20,-0.14191979616827272,MAP_SCADA,159,0.001958743844374944
1,B_svc,2,0.2921272452893663,20,0.31257628507214474,MAP_SCADA,159,0.020449039782778455
2,UPFC_Vsh,5-15,1.1059558536829384,20,1.1030683456881902,MAP_SCADA,159,0.0028875079947481286
3,UPFC_tsh,5-15,-0.22446458794532617,20,-0.22486483916471098,MAP_SCADA,159,0.00040025121938480623
4,UPFC_Vse,5-15,0.05986600732266241,20,0.05765285394190859,MAP_SCADA,159,0.00221315338075382
5,UPFC_tse,5-15,-2.1451598095664512,20,-2.139987991865396,MAP_SCADA,159,0.005171817701055126
0,x_tcsc,1-14,-0.13822667342328782,21,-0.14191979616827272,MAP_SCADA,159,0.0036931227449849002
1,B_svc,2,0.2972723864116842,21,0.31257628507214474,MAP_SCADA,159,0.015303898660460558
2,UPFC_Vsh,5-15,1.1041169664709394,21,1.1030683456881902,MAP_SCADA,159,0.0010486207827491434
3,UPFC_tsh,5-15,-0.22696494078320859,21,-0.22486483916471098,MAP_SCADA,159,0.0021001016184976073
4,UPFC_Vse,5-15,0.06022746905635116,21,0.05765285394190859,MAP_SCADA,159,0.002574615114442569
5,UPFC_tse,5-15,-2.152488046930867,21,-2.139987991865396,MAP_SCADA,159,0.012500055065471027
0,x_tcsc,1-14,-0.1385780621689011,22,-0.14191979616827272,MAP_SCADA,159,0.0033417339993716266
1,B_svc,2,0.295866779953715,22,0.31257628507214474,MAP_SCADA,159,0.016709505118429724
2,UPFC_Vsh,5-15,1.1060783732776556,22,1.1030683456881902,MAP_SCADA,159,0.003010027589465336
3,UPFC_tsh,5-15,-0.22534572355539284,22,-0.22486483916471098,MAP_SCADA,159,0.00048088439068186273
4,UPFC_Vse,5-15,0.059450675865346955,22,0.05765285394190859,MAP_SCADA,159,0.0017978219234383655
5,UPFC_tse,5-15,-2.1468013562424364,22,-2.139987991865396,MAP_SCADA,159,0.006813364377040276
0,x_tcsc,1-14,-0.1402901868998003,23,-0.14191979616827272,MAP_SCADA,159,0.001629609268472415
1,B_svc,2,0.28873643190744297,23,0.31257628507214474,MAP_SCADA,159,0.023839853164701774
2,UPFC_Vsh,5-15,1.104882461923429,23,1.1030683456881902,MAP_SCADA,159,0.0018141162352387497
3,UPFC_tsh,5-15,-0.2252051158164447,23,-0.22486483916471098,MAP_SCADA,159,0.000340276651733723
4,UPFC_Vse,5-15,0.0602245918602625,23,0.05765285394190859,MAP_SCADA,159,0.0025717379183539113
5,UPFC_tse,5-15,-2.143819747526403,23,-2.139987991865396,MAP_SCADA,159,0.003831755661007019
0,x_tcsc,1-14,-0.1392743045440156,24,-0.14191979616827272,MAP_SCADA,159,0.002645491624257118
1,B_svc,2,0.29738585302713844,24,0.31257628507214474,MAP_SCADA,159,0.015190432045006308
2,UPFC_Vsh,5-15,1.1045794019361654,24,1.1030683456881902,MAP_SCADA,159,0.0015110562479752065
3,UPFC_tsh,5-15,-0.22649652881257448,24,-0.22486483916471098,MAP_SCADA,159,0.0016316896478635046
4,UPFC_Vse,5-15,0.060071837795885465,24,0.05765285394190859,MAP_SCADA,159,0.002418983853976875
5,UPFC_tse,5-15,-2.1422016412545237,24,-2.139987991865396,MAP_SCADA,159,0.0022136493891276032
0,x_tcsc,1-14,-0.1377908231437233,25,-0.14191979616827272,MAP_SCADA,159,0.004128973024549426
1,B_svc,2,0.3061252413607257,25,0.31257628507214474,MAP_SCADA,159,0.0064510437114190244
2,UPFC_Vsh,5-15,1.1034073057683083,25,1.1030683456881902,MAP_SCADA,159,0.0003389600801180226
3,UPFC_tsh,5-15,-0.22768260667530446,25,-0.22486483916471098,MAP_SCADA,159,0.002817767510593483
4,UPFC_Vse,5-15,0.06020619773713513,25,0.05765285394190859,MAP_SCADA,159,0.002553343795226537
5,UPFC_tse,5-15,-2.150180709765505,25,-2.139987991865396,MAP_SCADA,159,0.010192717900108672
0,x_tcsc,1-14,-0.1385486551204919,26,-0.14191979616827272,MAP_SCADA,159,0.003371141047780829
1,B_svc,2,0.300807778883365,26,0.31257628507214474,MAP_SCADA,159,0.011768506188779726
2,UPFC_Vsh,5-15,1.1039094048672455,26,1.1030683456881902,MAP_SCADA,159,0.0008410591790553035
3,UPFC_tsh,5-15,-0.2259080636694409,26,-0.22486483916471098,MAP_SCADA,159,0.0010432245047299338
4,UPFC_Vse,5-15,0.0608357430479533,26,0.05765285394190859,MAP_SCADA,159,0.003182889106044709
5,UPFC_tse,5-15,-2.1503445282371287,26,-2.139987991865396,MAP_SCADA,159,0.010356536371732616
0,x_tcsc,1-14,-0.13881034278722607,27,-0.14191979616827272,MAP_SCADA,159,0.0031094533810466507
1,B_svc,2,0.2914728599813028,27,0.31257628507214474,MAP_SCADA,159,0.021103425090841954
2,UPFC_Vsh,5-15,1.104849217491168,27,1.1030683456881902,MAP_SCADA,159,0.0017808718029777015
3,UPFC_tsh,5-15,-0.225308752946577,27,-0.22486483916471098,MAP_SCADA,159,0.00044391378186603436
4,UPFC_Vse,5-15,0.06004084817340249,27,0.05765285394190859,MAP_SCADA,159,0.002387994231493898
5,UPFC_tse,5-15,-2.148496938186742,27,-2.139987991865396,MAP_SCADA,159,0.00850894632134569
0,x_tcsc,1-14,-0.13913273389529263,28,-0.14191979616827272,MAP_SCADA,159,0.00278706227298009
1,B_svc,2,0.296591253501489,28,0.31257628507214474,MAP_SCADA,159,0.015985031570655728
2,UPFC_Vsh,5-15,1.106067300145302,28,1.1030683456881902,MAP_SCADA,159,0.0029989544571118465
3,UPFC_tsh,5-15,-0.2247781884335331,28,-0.22486483916471098,MAP_SCADA,159,8.665073117788968e-05
4,UPFC_Vse,5-15,0.060115046821960276,28,0.05765285394190859,MAP_SCADA,159,0.0024621928800516862
5,UPFC_tse,5-15,-2.143399854831133,28,-2.139987991865396,MAP_SCADA,159,0.0034118629657369226
0,x_tcsc,1-14,-0.13888452296679737,29,-0.14191979616827272,MAP_SCADA,159,0.0030352732014753414
1,B_svc,2,0.2992698066686642,29,0.31257628507214474,MAP_SCADA,159,0.013306478403480537
2,UPFC_Vsh,5-15,1.10514048130782,29,1.1030683456881902,MAP_SCADA,159,0.0020721356196298224
3,UPFC_tsh,5-15,-0.22565557417003165,29,-0.22486483916471098,MAP_SCADA,159,0.0007907350053206752
4,UPFC_Vse,5-15,0.05959903426723671,29,0.05765285394190859,MAP_SCADA,159,0.0019461803253281174
5,UPFC_tse,5-15,-2.1487909286896563,29,-2.139987991865396,MAP_SCADA,159,0.008802936824260144
0,x_tcsc,1-14,-0.13966994289115525,30,-0.14191979616827272,MAP_SCADA,159,0.002249853277117464
1,B_svc,2,0.29765113418232697,30,0.31257628507214474,MAP_SCADA,159,0.014925150889817773
2,UPFC_Vsh,5-15,1.1025388252883417,30,1.1030683456881902,MAP_SCADA,159,0.0005295203998485487
3,UPFC_tsh,5-15,-0.22632311264655752,30,-0.22486483916471098,MAP_SCADA,159,0.0014582734818465448
4,UPFC_Vse,5-15,0.060273030760081885,30,0.05765285394190859,MAP_SCADA,159,0.002620176818173295
5,UPFC_tse,5-15,-2.1470760271765768,30,-2.139987991865396,MAP_SCADA,159,0.007088035311180629
0,x_tcsc,1-14,-0.1396459351331978,31,-0.14191979616827272,MAP_SCADA,159,0.0022738610350749033
1,B_svc,2,0.29859178983973,31,0.31257628507214474,MAP_SCADA,159,0.01398449523241474
2,UPFC_Vsh,5-15,1.103772856341603,31,1.1030683456881902,MAP_SCADA,159,0.0007045106534127044
3,UPFC_tsh,5-15,-0.22586435764479773,31,-0.22486483916471098,MAP_SCADA,159,0.000999518480086753
4,UPFC_Vse,5-15,0.060196723858506794,31,0.05765285394190859,MAP_SCADA,159,0.0025438699165982043
5,UPFC_tse,5-15,-2.149224612485506,31,-2.139987991865396,MAP_SCADA,159,0.009236620620109992
0,x_tcsc,1-14,-0.13746908066422436,32,-0.14191979616827272,MAP_SCADA,159,0.004450715504048353
1,B_svc,2,0.3038280239187001,32,0.31257628507214474,MAP_SCADA,159,0.008748261153444625
2,UPFC_Vsh,5-15,1.103889255951134,32,1.1030683456881902,MAP_SCADA,159,0.0008209102629437304
3,UPFC_tsh,5-15,-0.22775698399944186,32,-0.22486483916471098,MAP_SCADA,159,0.002892144834730881
4,UPFC_Vse,5-15,0.06038293076645081,32,0.05765285394190859,MAP_SCADA,159,0.002730076824542217
5,UPFC_tse,5-15,-2.1500529755168016,32,-2.139987991865396,MAP_SCADA,159,0.010064983651405512
0,x_tcsc,1-14,-0.1407724381384244,33,-0.14191979616827272,MAP_SCADA,159,0.0011473580298483055
1,B_svc,2,0.29109702121632824,33,0.31257628507214474,MAP_SCADA,159,0.0214792638558165
2,UPFC_Vsh,5-15,1.1061593864183283,33,1.1030683456881902,MAP_SCADA,159,0.003091040730138106
3,UPFC_tsh,5-15,-0.22444767867505602,33,-0.22486483916471098,MAP_SCADA,159,0.0004171604896549552
4,UPFC_Vse,5-15,0.05977371883798552,33,0.05765285394190859,MAP_SCADA,159,0.002120864896076928
5,UPFC_tse,5-15,-2.14828422550704,33,-2.139987991865396,MAP_SCADA,159,0.008296233641643891
0,x_tcsc,1-14,-0.1396247852341707,34,-0.14191979616827272,MAP_SCADA,159,0.002295010934102004
1,B_svc,2,0.29625064662459444,34,0.31257628507214474,MAP_SCADA,159,0.016325638447550306
2,UPFC_Vsh,5-15,1.104409373734565,34,1.1030683456881902,MAP_SCADA,159,0.0013410280463748148
3,UPFC_tsh,5-15,-0.2260998187080884,34,-0.22486483916471098,MAP_SCADA,159,0.0012349795433774235
4,UPFC_Vse,5-15,0.060423493335265026,34,0.05765285394190859,MAP_SCADA,159,0.002770639393356436
5,UPFC_tse,5-15,-2.148531035273312,34,-2.139987991865396,MAP_SCADA,159,0.008543043407915896
0,x_tcsc,1-14,-0.13747071296096938,35,-0.14191979616827272,MAP_SCADA,159,0.004449083207303334
1,B_svc,2,0.2970031945926777,35,0.31257628507214474,MAP_SCADA,159,0.015573090479467033
2,UPFC_Vsh,5-15,1.1043141540277561,35,1.1030683456881902,MAP_SCADA,159,0.0012458083395658903
3,UPFC_tsh,5-15,-0.22689694102156815,35,-0.22486483916471098,MAP_SCADA,159,0.002032101856857177
4,UPFC_Vse,5-15,0.06012317071876644,35,0.05765285394190859,MAP_SCADA,159,0.002470316776857849
5,UPFC_tse,5-15,-2.149481545118172,35,-2.139987991865396,MAP_SCADA,159,0.00949355325277601
0,x_tcsc,1-14,-0.14022767642520453,36,-0.14191979616827272,MAP_SCADA,159,0.0016921197430681822
1,B_svc,2,0.2945503832650932,36,0.31257628507214474,MAP_SCADA,159,0.018025901807051548
2,UPFC_Vsh,5-15,1.1042972523376584,36,1.1030683456881902,MAP_SCADA,159,0.0012289066494681755
3,UPFC_tsh,5-15,-0.22502397668760352,36,-0.22486483916471098,MAP_SCADA,159,0.00015913752289253846
4,UPFC_Vse,5-15,0.05990084617611401,36,0.05765285394190859,MAP_SCADA,159,0.002247992234205423
5,UPFC_tse,5-15,-2.145775581524078,36,-2.139987991865396,MAP_SCADA,159,0.005787589658682091
0,x_tcsc,1-14,-0.13930864788106107,37,-0.14191979616827272,MAP_SCADA,159,0.002611148287211651
1,B_svc,2,0.2985366169832528,37,0.31257628507214474,MAP_SCADA,159,0.014039668088891955
2,UPFC_Vsh,5-15,1.1055109564919188,37,1.1030683456881902,MAP_SCADA,159,0.00244261080372854
3,UPFC_tsh,5-15,-0.22576395725073525,37,-0.22486483916471098,MAP_SCADA,159,0.0008991180860242753
4,UPFC_Vse,5-15,0.05957450635499889,37,0.05765285394190859,MAP_SCADA,159,0.001921652413090301
5,UPFC_tse,5-15,-2.1485789670072792,37,-2.139987991865396,MAP_SCADA,159,0.008590975141883117
0,x_tcsc,1-14,-0.13876399333863584,38,-0.14191979616827272,MAP_SCADA,159,0.0031558028296368723
1,B_svc,2,0.29775285732011453,38,0.31257628507214474,MAP_SCADA,159,0.014823427752030216
2,UPFC_Vsh,5-15,1.104689520361175,38,1.1030683456881902,MAP_SCADA,159,0.0016211746729848375
3,UPFC_tsh,5-15,-0.22595945019195673,38,-0.22486483916471098,MAP_SCADA,159,0.0010946110272457565
4,UPFC_Vse,5-15,0.060351667486153455,38,0.05765285394190859,MAP_SCADA,159,0.0026988135442448657
5,UPFC_tse,5-15,-2.1462755904313355,38,-2.139987991865396,MAP_SCADA,159,0.006287598565939412
0,x_tcsc,1-14,-0.13888872058816598,39,-0.14191979616827272,MAP_SCADA,159,0.0030310755801067346
1,B_svc,2,0.30026952731217943,39,0.31257628507214474,MAP_SCADA,159,0.012306757759965314
2,UPFC_Vsh,5-15,1.1035081667959006,39,1.1030683456881902,MAP_SCADA,159,0.00043982110771034755
3,UPFC_tsh,5-15,-0.22685329721329714,39,-0.22486483916471098,MAP_SCADA,159,0.0019884580485861614
4,UPFC_Vse,5-15,0.060193805382303366,39,0.05765285394190859,MAP_SCADA,159,0.002540951440394776
5,UPFC_tse,5-15,-2.1480449289464985,39,-2.139987991865396,MAP_SCADA,159,0.008056937081102333
0,x_tcsc,1-14,-0.1380881425081221,40,-0.14191979616827272,MAP_SCADA,159,0.003831653660150619
1,B_svc,2,0.305150873703634,40,0.31257628507214474,MAP_SCADA,159,0.00742541136851077
2,UPFC_Vsh,5-15,1.1010648603053346,40,1.1030683456881902,MAP_SCADA,159,0.002003485382855663
3,UPFC_tsh,5-15,-0.2285433630113417,40,-0.22486483916471098,MAP_SCADA,159,0.003678523846630727
4,UPFC_Vse,5-15,0.06086204016250076,40,0.05765285394190859,MAP_SCADA,159,0.0032091862205921723
5,UPFC_tse,5-15,-2.148631665556464,40,-2.139987991865396,MAP_SCADA,159,0.008643673691067999
0,x_tcsc,1-14,-0.1387186169873437,41,-0.14191979616827272,MAP_SCADA,159,0.00320117918092902
1,B_svc,2,0.29322018540771627,41,0.31257628507214474,MAP_SCADA,159,0.019356099664428472
2,UPFC_Vsh,5-15,1.1038591215574631,41,1.1030683456881902,MAP_SCADA,159,0.0007907758692728972
3,UPFC_tsh,5-15,-0.22602840755094478,41,-0.22486483916471098,MAP_SCADA,159,0.0011635683862337987
4,UPFC_Vse,5-15,0.060643180625298665,41,0.05765285394190859,MAP_SCADA,159,0.002990326683390075
5,UPFC_tse,5-15,-2.1511423510924637,41,-2.139987991865396,MAP_SCADA,159,0.011154359227067534
0,x_tcsc,1-14,-0.1399054585652153,42,-0.14191979616827272,MAP_SCADA,159,0.0020143376030574145
1,B_svc,2,0.29691859176243846,42,0.31257628507214474,MAP_SCADA,159,0.01565769330970629
2,UPFC_Vsh,5-15,1.1044028256050389,42,1.1030683456881902,MAP_SCADA,159,0.001334479916848652
3,UPFC_tsh,5-15,-0.2256305853352938,42,-0.22486483916471098,MAP_SCADA,159,0.0007657461705828095
4,UPFC_Vse,5-15,0.060075035419874336,42,0.05765285394190859,MAP_SCADA,159,0.002422181477965746
5,UPFC_tse,5-15,-2.144996823734121,42,-2.139987991865396,MAP_SCADA,159,0.005008831868724695
0,x_tcsc,1-14,-0.13845023221293154,43,-0.14191979616827272,MAP_SCADA,159,0.003469563955341176
1,B_svc,2,0.2982945498498663,43,0.31257628507214474,MAP_SCADA,159,0.014281735222278436
2,UPFC_Vsh,5-15,1.1058482160010459,43,1.1030683456881902,MAP_SCADA,159,0.002779870312855648
3,UPFC_tsh,5-15,-0.2259417019098907,43,-0.22486483916471098,MAP_SCADA,159,0.0010768627451797352
4,UPFC_Vse,5-15,0.0596267769348247,43,0.05765285394190859,MAP_SCADA,159,0.0019739229929161134
5,UPFC_tse,5-15,-2.1476228475067285,43,-2.139987991865396,MAP_SCADA,159,0.007634855641332372
0,x_tcsc,1-14,-0.139811517951264,44,-0.14191979616827272,MAP_SCADA,159,0.0021082782170087078
1,B_svc,2,0.29671087376323174,44,0.31257628507214474,MAP_SCADA,159,0.015865411308913002
2,UPFC_Vsh,5-15,1.1028977831949425,44,1.1030683456881902,MAP_SCADA,159,0.00017056249324776118
3,UPFC_tsh,5-15,-0.22646896973694672,44,-0.22486483916471098,MAP_SCADA,159,0.0016041305722357402
4,UPFC_Vse,5-15,0.06049594237847763,44,0.05765285394190859,MAP_SCADA,159,0.0028430884365690384
5,UPFC_tse,5-15,-2.1480555669771535,44,-2.139987991865396,MAP_SCADA,159,0.008067575111757375
0,x_tcsc,1-14,-0.14052857428117096,45,-0.14191979616827272,MAP_SCADA,159,0.0013912218871017512
1,B_svc,2,0.29656433459849,45,0.31257628507214474,MAP_SCADA,159,0.016011950473654724
2,UPFC_Vsh,5-15,1.105353337485876,45,1.1030683456881902,MAP_SCADA,159,0.0022849917976857093
3,UPFC_tsh,5-15,-0.2250383220991583,45,-0.22486483916471098,MAP_SCADA,159,0.00017348293444732765
4,UPFC_Vse,5-15,0.05983092960988044,45,0.05765285394190859,MAP_SCADA,159,0.002178075667971853
5,UPFC_tse,5-15,-2.1495930852050207,45,-2.139987991865396,MAP_SCADA,159,0.00960509333962456
0,x_tcsc,1-14,-0.13895079535319532,46,-0.14191979616827272,MAP_SCADA,159,0.002969000815077394
1,B_svc,2,0.2964461038118466,46,0.31257628507214474,MAP_SCADA,159,0.016130181260298138
2,UPFC_Vsh,5-15,1.1048489870248948,46,1.1030683456881902,MAP_SCADA,159,0.0017806413367045248
3,UPFC_tsh,5-15,-0.22489720469760976,46,-0.22486483916471098,MAP_SCADA,159,3.2365532898787075e-05
4,UPFC_Vse,5-15,0.06055886878461661,46,0.05765285394190859,MAP_SCADA,159,0.00290601484270802
5,UPFC_tse,5-15,-2.143860217935244,46,-2.139987991865396,MAP_SCADA,159,0.0038722260698480504
0,x_tcsc,1-14,-0.13913388965149576,47,-0.14191979616827272,MAP_SCADA,159,0.0027859065167769592
1,B_svc,2,0.2984715848952935,47,0.31257628507214474,MAP_SCADA,159,0.014104700176851226
2,UPFC_Vsh,5-15,1.103504153241162,47,1.1030683456881902,MAP_SCADA,159,0.00043580755297178975
3,UPFC_tsh,5-15,-0.22569345557829593,47,-0.22486483916471098,MAP_SCADA,159,0.0008286164135849483
4,UPFC_Vse,5-15,0.0599048945666807,47,0.05765285394190859,MAP_SCADA,159,0.002252040624772113
5,UPFC_tse,5-15,-2.147264956699322,47,-2.139987991865396,MAP_SCADA,159,0.007276964833925703
0,x_tcsc,1-14,-0.1388308665670919,48,-0.14191979616827272,MAP_SCADA,159,0.0030889296011808176
1,B_svc,2,0.2980432939421639,48,0.31257628507214474,MAP_SCADA,159,0.014532991129980855
2,UPFC_Vsh,5-15,1.1046129074545643,48,1.1030683456881902,MAP_SCADA,159,0.0015445617663740752
3,UPFC_tsh,5-15,-0.22600620862937293,48,-0.22486483916471098,MAP_SCADA,159,0.001141369464661951
4,UPFC_Vse,5-15,0.059986161692255846,48,0.05765285394190859,MAP_SCADA,159,0.0023333077503472563
5,UPFC_tse,5-15,-2.1500646836679387,48,-2.139987991865396,MAP_SCADA,159,0.010076691802542559
0,x_tcsc,1-14,-0.13678999882709117,49,-0.14191979616827272,MAP_SCADA,159,0.005129797341181547
1,B_svc,2,0.3048122495750491,49,0.31257628507214474,MAP_SCADA,159,0.007764035497095645
2,UPFC_Vsh,5-15,1.1028142767271474,49,1.1030683456881902,MAP_SCADA,159,0.0002540689610428526
3,UPFC_tsh,5-15,-0.22789640504364608,49,-0.22486483916471098,MAP_SCADA,159,0.003031565878935105
4,UPFC_Vse,5-15,0.06019102860432917,49,0.05765285394190859,MAP_SCADA,159,0.002538174662420581
5,UPFC_tse,5-15,-2.1502166423072926,49,-2.139987991865396,MAP_SCADA,159,0.01022865044189647
0,x_tcsc,1-14,-0.13844327078259241,50,-0.14191979616827272,MAP_SCADA,159,0.0034765253856803013
1,B_svc,2,0.296185019327285,50,0.31257628507214474,MAP_SCADA,159,0.016391265744859718
2,UPFC_Vsh,5-15,1.103699644975238,50,1.1030683456881902,MAP_SCADA,159,0.0006312992870478595
3,UPFC_tsh,5-15,-0.22623525675338108,50,-0.22486483916471098,MAP_SCADA,159,0.0013704175886700976
4,UPFC_Vse,5-15,0.060455226854863514,50,0.05765285394190859,MAP_SCADA,159,0.0028023729129549244
5,UPFC_tse,5-15,-2.147736097903853,50,-2.139987991865396,MAP_SCADA,159,0.007748106038456992
0,x_tcsc,1-14,-0.13932493877968363,51,-0.14191979616827272,MAP_SCADA,159,0.0025948573885890835
1,B_svc,2,0.29545982958944195,51,0.31257628507214474,MAP_SCADA,159,0.017116455482702797
2,UPFC_Vsh,5-15,1.1041996971003738,51,1.1030683456881902,MAP_SCADA,159,0.0011313514121835677
3,UPFC_tsh,5-15,-0.2259362461468297,51,-0.22486483916471098,MAP_SCADA,159,0.0010714069821187167
4,UPFC_Vse,5-15,0.060608605431686384,51,0.05765285394190859,MAP_SCADA,159,0.0029557514897777942
5,UPFC_tse,5-15,-2.147654032566646,51,-2.139987991865396,MAP_SCADA,159,0.007666040701249877
0,x_tcsc,1-14,-0.13877429196352978,52,-0.14191979616827272,MAP_SCADA,159,0.0031455042047429382
1,B_svc,2,0.2955519365557847,52,0.31257628507214474,MAP_SCADA,159,0.017024348516360033
2,UPFC_Vsh,5-15,1.103401285053523,52,1.1030683456881902,MAP_SCADA,159,0.0003329393653328516
3,UPFC_tsh,5-15,-0.2256970092293021,52,-0.22486483916471098,MAP_SCADA,159,0.0008321700645911312
4,UPFC_Vse,5-15,0.060037529394786515,52,0.05765285394190859,MAP_SCADA,159,0.0023846754528779254
5,UPFC_tse,5-15,-2.1502566117296222,52,-2.139987991865396,MAP_SCADA,159,0.010268619864226114
0,x_tcsc,1-14,-0.13719206890746846,53,-0.14191979616827272,MAP_SCADA,159,0.004727727260804254
1,B_svc,2,0.2997239554174644,53,0.31257628507214474,MAP_SCADA,159,0.012852329654680361
2,UPFC_Vsh,5-15,1.1040769980954428,53,1.1030683456881902,MAP_SCADA,159,0.0010086524072525638
3,UPFC_tsh,5-15,-0.22720083749051107,53,-0.22486483916471098,MAP_SCADA,159,0.002335998325800087
4,UPFC_Vse,5-15,0.06010456096434186,53,0.05765285394190859,MAP_SCADA,159,0.002451707022433268
5,UPFC_tse,5-15,-2.1545612967427794,53,-2.139987991865396,MAP_SCADA,159,0.014573304877383286
0,x_tcsc,1-14,-0.13798824104664212,54,-0.14191979616827272,MAP_SCADA,159,0.003931555121630598
1,B_svc,2,0.30227977719608706,54,0.31257628507214474,MAP_SCADA,159,0.010296507876057681
2,UPFC_Vsh,5-15,1.103186529193495,54,1.1030683456881902,MAP_SCADA,159,0.00011818350530479194
3,UPFC_tsh,5-15,-0.22683808163686253,54,-0.22486483916471098,MAP_SCADA,159,0.001973242472151554
4,UPFC_Vse,5-15,0.06059927539276227,54,0.05765285394190859,MAP_SCADA,159,0.0029464214508536785
5,UPFC_tse,5-15,-2.1470201328700975,54,-2.139987991865396,MAP_SCADA,159,0.007032141004701398
0,x_tcsc,1-14,-0.13861819969654465,55,-0.14191979616827272,MAP_SCADA,159,0.0033015964717280633
1,B_svc,2,0.2982281439530429,55,0.31257628507214474,MAP_SCADA,159,0.01434814111910182
2,UPFC_Vsh,5-15,1.1062975037791578,55,1.1030683456881902,MAP_SCADA,159,0.0032291580909675766
3,UPFC_tsh,5-15,-0.2256201950046325,55,-0.22486483916471098,MAP_SCADA,159,0.0007553558399215343
4,UPFC_Vse,5-15,0.06010544691893832,55,0.05765285394190859,MAP_SCADA,159,0.0024525929770297314
5,UPFC_tse,5-15,-2.1486231597502226,55,-2.139987991865396,MAP_SCADA,159,0.008635167884826433
0,x_tcsc,1-14,-0.13821983146765665,56,-0.14191979616827272,MAP_SCADA,159,0.003699964700616065
1,B_svc,2,0.3011376864684205,56,0.31257628507214474,MAP_SCADA,159,0.01143859860372426
2,UPFC_Vsh,5-15,1.104502511352792,56,1.1030683456881902,MAP_SCADA,159,0.0014341656646017498
3,UPFC_tsh,5-15,-0.22690992863944798,56,-0.22486483916471098,MAP_SCADA,159,0.0020450894747369996
4,UPFC_Vse,5-15,0.06015288344386399,56,0.05765285394190859,MAP_SCADA,159,0.0025000295019554017
5,UPFC_tse,5-15,-2.145879885001655,56,-2.139987991865396,MAP_SCADA,159,0.005891893136258819
0,x_tcsc,1-14,-0.13767132395109832,57,-0.14191979616827272,MAP_SCADA,159,0.004248472217174393
1,B_svc,2,0.29706997285255465,57,0.31257628507214474,MAP_SCADA,159,0.01550631221959009
2,UPFC_Vsh,5-15,1.1075096933847748,57,1.1030683456881902,MAP_SCADA,159,0.004441347696584552
3,UPFC_tsh,5-15,-0.22571755461786697,57,-0.22486483916471098,MAP_SCADA,159,0.0008527154531559888
4,UPFC_Vse,5-15,0.05995041538130148,57,0.05765285394190859,MAP_SCADA,159,0.0022975614393928936
5,UPFC_tse,5-15,-2.1442045134949352,57,-2.139987991865396,MAP_SCADA,159,0.004216521629539116
0,x_tcsc,1-14,-0.14025304881818126,58,-0.14191979616827272,MAP_SCADA,159,0.001666747350091452
1,B_svc,2,0.2943751922505254,58,0.31257628507214474,MAP_SCADA,159,0.018201092821619358
2,UPFC_Vsh,5-15,1.1043382438971199,58,1.1030683456881902,MAP_SCADA,159,0.0012698982089296429
3,UPFC_tsh,5-15,-0.22596942597343528,58,-0.22486483916471098,MAP_SCADA,159,0.0011045868087243005
4,UPFC_Vse,5-15,0.05989844619524658,58,0.05765285394190859,MAP_SCADA,159,0.002245592253337987
5,UPFC_tse,5-15,-2.150392797073834,58,-2.139987991865396,MAP_SCADA,159,0.010404805208438006
0,x_tcsc,1-14,-0.13948574348694037,59,-0.14191979616827272,MAP_SCADA,159,0.0024340526813323438
1,B_svc,2,0.29361040067047306,59,0.31257628507214474,MAP_SCADA,159,0.018965884401671684
2,UPFC_Vsh,5-15,1.1024436446396637,59,1.1030683456881902,MAP_SCADA,159,0.0006247010485265214
3,UPFC_tsh,5-15,-0.2260962852316475,59,-0.22486483916471098,MAP_SCADA,159,0.001231446066936509
4,UPFC_Vse,5-15,0.0603760348307006,59,0.05765285394190859,MAP_SCADA,159,0.002723180888792011
5,UPFC_tse,5-15,-2.153027024774551,59,-2.139987991865396,MAP_SCADA,159,0.01303903290915498
0,x_tcsc,1-14,-0.13734548040088565,60,-0.14191979616827272,MAP_SCADA,159,0.004574315767387066
1,B_svc,2,0.3050931327260433,60,0.31257628507214474,MAP_SCADA,159,0.007483152346101418
2,UPFC_Vsh,5-15,1.1024510869435684,60,1.1030683456881902,MAP_SCADA,159,0.0006172587446218181
3,UPFC_tsh,5-15,-0.22792302563646952,60,-0.22486483916471098,MAP_SCADA,159,0.0030581864717585394
4,UPFC_Vse,5-15,0.05994697426279195,60,0.05765285394190859,MAP_SCADA,159,0.0022941203208833583
5,UPFC_tse,5-15,-2.1533501829787167,60,-2.139987991865396,MAP_SCADA,159,0.013362191113320598
0,x_tcsc,1-14,-0.13962038629562434,61,-0.14191979616827272,MAP_SCADA,159,0.0022994098726483725
1,B_svc,2,0.2962995497542139,61,0.31257628507214474,MAP_SCADA,159,0.016276735317930835
2,UPFC_Vsh,5-15,1.1029814234863042,61,1.1030683456881902,MAP_SCADA,159,8.69222018859972e-05
3,UPFC_tsh,5-15,-0.22586234776028932,61,-0.22486483916471098,MAP_SCADA,159,0.0009975085955783447
4,UPFC_Vse,5-15,0.06022765102223543,61,0.05765285394190859,MAP_SCADA,159,0.002574797080326839
5,UPFC_tse,5-15,-2.1501775445709037,61,-2.139987991865396,MAP_SCADA,159,0.010189552705507587
0,x_tcsc,1-14,-0.1395880404530107,62,-0.14191979616827272,MAP_SCADA,159,0.002331755715262007
1,B_svc,2,0.29959101759192003,62,0.31257628507214474,MAP_SCADA,159,0.012985267480224716
2,UPFC_Vsh,5-15,1.1049893981731653,62,1.1030683456881902,MAP_SCADA,159,0.0019210524849750943
3,UPFC_tsh,5-15,-0.2262864238321893,62,-0.22486483916471098,MAP_SCADA,159,0.0014215846674783261
4,UPFC_Vse,5-15,0.0599799436649154,62,0.05765285394190859,MAP_SCADA,159,0.0023270897230068116
5,UPFC_tse,5-15,-2.1470839299587956,62,-2.139987991865396,MAP_SCADA,159,0.007095938093399479
0,x_tcsc,1-14,-0.13819293186036755,63,-0.14191979616827272,MAP_SCADA,159,0.00372686430790517
1,B_svc,2,0.2947934783829856,63,0.31257628507214474,MAP_SCADA,159,0.01778280668915916
2,UPFC_Vsh,5-15,1.105386686753126,63,1.1030683456881902,MAP_SCADA,159,0.0023183410649356695
3,UPFC_tsh,5-15,-0.226096774621023,63,-0.22486483916471098,MAP_SCADA,159,0.0012319354563120333
4,UPFC_Vse,5-15,0.06026503639942282,63,0.05765285394190859,MAP_SCADA,159,0.0026121824575142324
5,UPFC_tse,5-15,-2.1446743398568286,63,-2.139987991865396,MAP_SCADA,159,0.004686347991432527
0,x_tcsc,1-14,-0.13921022468365188,64,-0.14191979616827272,MAP_SCADA,159,0.0027095714846208374
1,B_svc,2,0.30291283652156065,64,0.31257628507214474,MAP_SCADA,159,0.009663448550584097
2,UPFC_Vsh,5-15,1.1017025311267963,64,1.1030683456881902,MAP_SCADA,159,0.001365814561393952
3,UPFC_tsh,5-15,-0.22647964204765078,64,-0.22486483916471098,MAP_SCADA,159,0.0016148028829398031
4,UPFC_Vse,5-15,0.06037988534906229,64,0.05765285394190859,MAP_SCADA,159,0.0027270314071536975
5,UPFC_tse,5-15,-2.1467661078239084,64,-2.139987991865396,MAP_SCADA,159,0.0067781159585122985
0,x_tcsc,1-14,-0.13754706013970006,65,-0.14191979616827272,MAP_SCADA,159,0.00437273602857266
1,B_svc,2,0.3033542225314747,65,0.31257628507214474,MAP_SCADA,159,0.00922206254067004
2,UPFC_Vsh,5-15,1.102491949482756,65,1.1030683456881902,MAP_SCADA,159,0.0005763962054341487
3,UPFC_tsh,5-15,-0.22779893595847883,65,-0.22486483916471098,MAP_SCADA,159,0.002934096793767854
4,UPFC_Vse,5-15,0.060129879626394565,65,0.05765285394190859,MAP_SCADA,159,0.0024770256844859756
5,UPFC_tse,5-15,-2.151886632505937,65,-2.139987991865396,MAP_SCADA,159,0.011898640640541025
0,x_tcsc,1-14,-0.13851879659942265,66,-0.14191979616827272,MAP_SCADA,159,0.003400999568850066
1,B_svc,2,0.30098243833297045,66,0.31257628507214474,MAP_SCADA,159,0.011593846739174296
2,UPFC_Vsh,5-15,1.1037986787727152,66,1.1030683456881902,MAP_SCADA,159,0.00073033308452497
3,UPFC_tsh,5-15,-0.2266876249058762,66,-0.22486483916471098,MAP_SCADA,159,0.0018227857411652337
4,UPFC_Vse,5-15,0.059659010943204104,66,0.05765285394190859,MAP_SCADA,159,0.0020061570012955138
5,UPFC_tse,5-15,-2.145454356885726,66,-2.139987991865396,MAP_SCADA,159,0.005466365020329711
0,x_tcsc,1-14,-0.13891729932627214,67,-0.14191979616827272,MAP_SCADA,159,0.0030024968420005738
1,B_svc,2,0.29894763571785266,67,0.31257628507214474,MAP_SCADA,159,0.013628649354292088
2,UPFC_Vsh,5-15,1.1052742411757022,67,1.1030683456881902,MAP_SCADA,159,0.002205895487511933
3,UPFC_tsh,5-15,-0.22678710475996916,67,-0.22486483916471098,MAP_SCADA,159,0.0019222655952581824
4,UPFC_Vse,5-15,0.06021758539380588,67,0.05765285394190859,MAP_SCADA,159,0.002564731451897291
5,UPFC_tse,5-15,-2.1460217532626857,67,-2.139987991865396,MAP_SCADA,159,0.0060337613972896165
0,x_tcsc,1-14,-0.1400113610368814,68,-0.14191979616827272,MAP_SCADA,159,0.0019084351313913284
1,B_svc,2,0.2886082954586116,68,0.31257628507214474,MAP_SCADA,159,0.023967989613533136
2,UPFC_Vsh,5-15,1.1086243994812912,68,1.1030683456881902,MAP_SCADA,159,0.005556053793100979
3,UPFC_tsh,5-15,-0.22463470542028693,68,-0.22486483916471098,MAP_SCADA,159,0.00023013374442404366
4,UPFC_Vse,5-15,0.05987369804048943,68,0.05765285394190859,MAP_SCADA,159,0.0022208440985808375
5,UPFC_tse,5-15,-2.1449589252236083,68,-2.139987991865396,MAP_SCADA,159,0.004970933358212193
0,x_tcsc,1-14,-0.1391771725391201,69,-0.14191979616827272,MAP_SCADA,159,0.0027426236291526185
1,B_svc,2,0.2949481090376491,69,0.31257628507214474,MAP_SCADA,159,0.017628176034495624
2,UPFC_Vsh,5-15,1.1044387529335438,69,1.1030683456881902,MAP_SCADA,159,0.0013704072453535332
3,UPFC_tsh,5-15,-0.2255383734968782,69,-0.22486483916471098,MAP_SCADA,159,0.0006735343321672138
4,UPFC_Vse,5-15,0.06053740626463348,69,0.05765285394190859,MAP_SCADA,159,0.002884552322724887
5,UPFC_tse,5-15,-2.147341439047312,69,-2.139987991865396,MAP_SCADA,159,0.007353447181915662
0,x_tcsc,1-14,-0.14030892296009884,70,-0.14191979616827272,MAP_SCADA,159,0.0016108732081738797
1,B_svc,2,0.28916581192604307,70,0.31257628507214474,MAP_SCADA,159,0.023410473146101674
2,UPFC_Vsh,5-15,1.105617684280865,70,1.1030683456881902,MAP_SCADA,159,0.002549338592674699
3,UPFC_tsh,5-15,-0.22463776111187436,70,-0.22486483916471098,MAP_SCADA,159,0.00022707805283661564
4,UPFC_Vse,5-15,0.05922766099819131,70,0.05765285394190859,MAP_SCADA,159,0.001574807056282719
5,UPFC_tse,5-15,-2.146793521944589,70,-2.139987991865396,MAP_SCADA,159,0.006805530079192934
0,x_tcsc,1-14,-0.13912161106384616,71,-0.14191979616827272,MAP_SCADA,159,0.0027981851044265593
1,B_svc,2,0.29390301176538924,71,0.31257628507214474,MAP_SCADA,159,0.0186732733067555
2,UPFC_Vsh,5-15,1.1066642973847154,71,1.1030683456881902,MAP_SCADA,159,0.003595951696525157
3,UPFC_tsh,5-15,-0.225605363251747,71,-0.22486483916471098,MAP_SCADA,159,0.0007405240870360097
4,UPFC_Vse,5-15,0.05939111103551805,71,0.05765285394190859,MAP_SCADA,159,0.0017382570936094605
5,UPFC_tse,5-15,-2.1477863279580256,71,-2.139987991865396,MAP_SCADA,159,0.0077983360926294765
0,x_tcsc,1-14,-0.14056060725207833,72,-0.14191979616827272,MAP_SCADA,159,0.0013591889161943815
1,B_svc,2,0.2905575884448555,72,0.31257628507214474,MAP_SCADA,159,0.022018696627289225
2,UPFC_Vsh,5-15,1.1041119417122978,72,1.1030683456881902,MAP_SCADA,159,0.0010435960241075293
3,UPFC_tsh,5-15,-0.22535657625741115,72,-0.22486483916471098,MAP_SCADA,159,0.000491737092700173
4,UPFC_Vse,5-15,0.060107674310286366,72,0.05765285394190859,MAP_SCADA,159,0.002454820368377776
5,UPFC_tse,5-15,-2.1468883355909685,72,-2.139987991865396,MAP_SCADA,159,0.006900343725572355
0,x_tcsc,1-14,-0.1388155879410626,73,-0.14191979616827272,MAP_SCADA,159,0.003104208227210109
1,B_svc,2,0.2955615078968038,73,0.31257628507214474,MAP_SCADA,159,0.017014777175340945
2,UPFC_Vsh,5-15,1.105298350292251,73,1.1030683456881902,MAP_SCADA,159,0.0022300046040608645
3,UPFC_tsh,5-15,-0.22593649996615559,73,-0.22486483916471098,MAP_SCADA,159,0.0010716608014446072
4,UPFC_Vse,5-15,0.05985474709110416,73,0.05765285394190859,MAP_SCADA,159,0.002201893149195569
5,UPFC_tse,5-15,-2.1511679849735295,73,-2.139987991865396,MAP_SCADA,159,0.011179993108133335
0,x_tcsc,1-14,-0.1398233764460126,74,-0.14191979616827272,MAP_SCADA,159,0.002096419722260129
1,B_svc,2,0.2954338977334575,74,0.31257628507214474,MAP_SCADA,159,0.017142387338687226
2,UPFC_Vsh,5-15,1.1071480139212553,74,1.1030683456881902,MAP_SCADA,159,0.004079668233065048
3,UPFC_tsh,5-15,-0.22453926962252754,74,-0.22486483916471098,MAP_SCADA,159,0.0003255695421834348
4,UPFC_Vse,5-15,0.060687580449417494,74,0.05765285394190859,MAP_SCADA,159,0.0030347265075089044
5,UPFC_tse,5-15,-2.14433718069863,74,-2.139987991865396,MAP_SCADA,159,0.004349188833233875
0,x_tcsc,1-14,-0.13985189874829726,75,-0.14191979616827272,MAP_SCADA,159,0.0020678974199754563
1,B_svc,2,0.29688805571872745,75,0.31257628507214474,MAP_SCADA,159,0.015688229353417293
2,UPFC_Vsh,5-15,1.1046618916641544,75,1.1030683456881902,MAP_SCADA,159,0.0015935459759641724
3,UPFC_tsh,5-15,-0.22601035217733573,75,-0.22486483916471098,MAP_SCADA,159,0.0011455130126247492
4,UPFC_Vse,5-15,0.06080895520400906,75,0.05765285394190859,MAP_SCADA,159,0.0031561012621004678
5,UPFC_tse,5-15,-2.1404242421104898,75,-2.139987991865396,MAP_SCADA,159,0.00043625024509363897
0,x_tcsc,1-14,-0.13957144471102523,76,-0.14191979616827272,MAP_SCADA,159,0.0023483514572474884
1,B_svc,2,0.2923765380368501,76,0.31257628507214474,MAP_SCADA,159,0.020199747035294646
2,UPFC_Vsh,5-15,1.1054871009105336,76,1.1030683456881902,MAP_SCADA,159,0.0024187552223433606
3,UPFC_tsh,5-15,-0.22482937095352573,76,-0.22486483916471098,MAP_SCADA,159,3.546821118524668e-05
4,UPFC_Vse,5-15,0.06030011511679539,76,0.05765285394190859,MAP_SCADA,159,0.0026472611748867975
5,UPFC_tse,5-15,-2.1476767706995723,76,-2.139987991865396,MAP_SCADA,159,0.00768877883417618
0,x_tcsc,1-14,-0.13862326408102932,77,-0.14191979616827272,MAP_SCADA,159,0.003296532087243398
1,B_svc,2,0.297354900166559,77,0.31257628507214474,MAP_SCADA,159,0.015221384905585722
2,UPFC_Vsh,5-15,1.1047507912466037,77,1.1030683456881902,MAP_SCADA,159,0.001682445558413459
3,UPFC_tsh,5-15,-0.22604008379772728,77,-0.22486483916471098,MAP_SCADA,159,0.001175244633016298
4,UPFC_Vse,5-15,0.05988669983780915,77,0.05765285394190859,MAP_SCADA,159,0.0022338458959005603
5,UPFC_tse,5-15,-2.149920976773672,77,-2.139987991865396,MAP_SCADA,159,0.009932984908275877
0,x_tcsc,1-14,-0.14014173897371188,78,-0.14191979616827272,MAP_SCADA,159,0.0017780571945608392
1,B_svc,2,0.29808804198602606,78,0.31257628507214474,MAP_SCADA,159,0.01448824308611868
2,UPFC_Vsh,5-15,1.1020250874796236,78,1.1030683456881902,MAP_SCADA,159,0.0010432582085666553
3,UPFC_tsh,5-15,-0.22709406986485264,78,-0.22486483916471098,MAP_SCADA,159,0.0022292307001416656
4,UPFC_Vse,5-15,0.06038098624706862,78,0.05765285394190859,MAP_SCADA,159,0.0027281323051600304
5,UPFC_tse,5-15,-2.147555642474961,78,-2.139987991865396,MAP_SCADA,159,0.007567650609564769
0,x_tcsc,1-14,-0.138494991935145,79,-0.14191979616827272,MAP_SCADA,159,0.003424804233127715
1,B_svc,2,0.29935793585946774,79,0.31257628507214474,MAP_SCADA,159,0.013218349212677005
2,UPFC_Vsh,5-15,1.1044861845431309,79,1.1030683456881902,MAP_SCADA,159,0.001417838854940623
3,UPFC_tsh,5-15,-0.2267156972470802,79,-0.22486483916471098,MAP_SCADA,159,0.0018508580823692333
4,UPFC_Vse,5-15,0.06014279391207925,79,0.05765285394190859,MAP_SCADA,159,0.0024899399701706626
5,UPFC_tse,5-15,-2.148430129095994,79,-2.139987991865396,MAP_SCADA,159,0.008442137230598057
0,x_tcsc,1-14,-0.13850198239680195,80,-0.14191979616827272,MAP_SCADA,159,0.003417813771470768
1,B_svc,2,0.2949269015440459,80,0.31257628507214474,MAP_SCADA,159,0.01764938352809886
2,UPFC_Vsh,5-15,1.1046154754089028,80,1.1030683456881902,MAP_SCADA,159,0.0015471297207125811
3,UPFC_tsh,5-15,-0.22601633684968597,80,-0.22486483916471098,MAP_SCADA,159,0.0011514976849749947
4,UPFC_Vse,5-15,0.05995997222132473,80,0.05765285394190859,MAP_SCADA,159,0.00230711827941614
5,UPFC_tse,5-15,-2.151054139576775,80,-2.139987991865396,MAP_SCADA,159,0.011066147711378704
0,x_tcsc,1-14,-0.13966617912573293,81,-0.14191979616827272,MAP_SCADA,159,0.0022536170425397906
1,B_svc,2,0.29315893366360213,81,0.31257628507214474,MAP_SCADA,159,0.019417351408542616
2,UPFC_Vsh,5-15,1.1060385957878638,81,1.1030683456881902,MAP_SCADA,159,0.002970250099673555
3,UPFC_tsh,5-15,-0.22521413775523438,81,-0.22486483916471098,MAP_SCADA,159,0.00034929859052340584
4,UPFC_Vse,5-15,0.060315117957685425,81,0.05765285394190859,MAP_SCADA,159,0.0026622640157768357
5,UPFC_tse,5-15,-2.139918566642995,81,-2.139987991865396,MAP_SCADA,159,6.942522240116489e-05
0,x_tcsc,1-14,-0.13893154787813156,82,-0.14191979616827272,MAP_SCADA,159,0.00298824829014116
1,B_svc,2,0.3003519178065197,82,0.31257628507214474,MAP_SCADA,159,0.012224367265625036
2,UPFC_Vsh,5-15,1.105211713292877,82,1.1030683456881902,MAP_SCADA,159,0.0021433676046866967
3,UPFC_tsh,5-15,-0.22601346607340225,82,-0.22486483916471098,MAP_SCADA,159,0.0011486269086912748
4,UPFC_Vse,5-15,0.05983889382632722,82,0.05765285394190859,MAP_SCADA,159,0.0021860398844186293
5,UPFC_tse,5-15,-2.145681020772069,82,-2.139987991865396,MAP_SCADA,159,0.005693028906673003
0,x_tcsc,1-14,-0.13768340688018318,83,-0.14191979616827272,MAP_SCADA,159,0.0042363892880895315
1,B_svc,2,0.2994261065484856,83,0.31257628507214474,MAP_SCADA,159,0.013150178523659128
2,UPFC_Vsh,5-15,1.101703543833773,83,1.1030683456881902,MAP_SCADA,159,0.0013648018544172302
3,UPFC_tsh,5-15,-0.2279174035804127,83,-0.22486483916471098,MAP_SCADA,159,0.0030525644157017306
4,UPFC_Vse,5-15,0.06055765787005787,83,0.05765285394190859,MAP_SCADA,159,0.002904803928149277
5,UPFC_tse,5-15,-2.1510343991375835,83,-2.139987991865396,MAP_SCADA,159,0.01104640727218742
0,x_tcsc,1-14,-0.1373216491922542,84,-0.14191979616827272,MAP_SCADA,159,0.004598146976018513
1,B_svc,2,0.2927348858620752,84,0.31257628507214474,MAP_SCADA,159,0.019841399210069555
2,UPFC_Vsh,5-15,1.1067500551576062,84,1.1030683456881902,MAP_SCADA,159,0.003681709469415928
3,UPFC_tsh,5-15,-0.22563770740787648,84,-0.22486483916471098,MAP_SCADA,159,0.0007728682431654976
4,UPFC_Vse,5-15,0.06014896913171909,84,0.05765285394190859,MAP_SCADA,159,0.002496115189810501
5,UPFC_tse,5-15,-2.144710256275567,84,-2.139987991865396,MAP_SCADA,159,0.004722264410170762
0,x_tcsc,1-14,-0.1368727184297969,85,-0.14191979616827272,MAP_SCADA,159,0.005047077738475819
1,B_svc,2,0.3042076338471711,85,0.31257628507214474,MAP_SCADA,159,0.008368651224973656
2,UPFC_Vsh,5-15,1.1020224083109054,85,1.1030683456881902,MAP_SCADA,159,0.0010459373772848668
3,UPFC_tsh,5-15,-0.22809833192717974,85,-0.22486483916471098,MAP_SCADA,159,0.0032334927624687593
4,UPFC_Vse,5-15,0.059876587389066586,85,0.05765285394190859,MAP_SCADA,159,0.0022237334471579967
5,UPFC_tse,5-15,-2.1513163216563593,85,-2.139987991865396,MAP_SCADA,159,0.01132832979096321
0,x_tcsc,1-14,-0.1384535459587959,86,-0.14191979616827272,MAP_SCADA,159,0.003466250209476829
1,B_svc,2,0.2997617930927,86,0.31257628507214474,MAP_SCADA,159,0.012814491979444731
2,UPFC_Vsh,5-15,1.103946923652292,86,1.1030683456881902,MAP_SCADA,159,0.0008785779641018454
3,UPFC_tsh,5-15,-0.22620783362035,86,-0.22486483916471098,MAP_SCADA,159,0.0013429944556390128
4,UPFC_Vse,5-15,0.060450061537411046,86,0.05765285394190859,MAP_SCADA,159,0.002797207595502456
5,UPFC_tse,5-15,-2.1479966642306616,86,-2.139987991865396,MAP_SCADA,159,0.008008672365265479
0,x_tcsc,1-14,-0.13890739555022136,87,-0.14191979616827272,MAP_SCADA,159,0.0030124006180513585
1,B_svc,2,0.29816419122844867,87,0.31257628507214474,MAP_SCADA,159,0.014412093843696072
2,UPFC_Vsh,5-15,1.1032871777219062,87,1.1030683456881902,MAP_SCADA,159,0.0002188320337159766
3,UPFC_tsh,5-15,-0.226681685374232,87,-0.22486483916471098,MAP_SCADA,159,0.0018168462095210225
4,UPFC_Vse,5-15,0.06018735647973197,87,0.05765285394190859,MAP_SCADA,159,0.002534502537823377
5,UPFC_tse,5-15,-2.1458589466601703,87,-2.139987991865396,MAP_SCADA,159,0.005870954794774175
0,x_tcsc,1-14,-0.13941829242216902,88,-0.14191979616827272,MAP_SCADA,159,0.002501503746103695
1,B_svc,2,0.29807485035769715,88,0.31257628507214474,MAP_SCADA,159,0.014501434714447592
2,UPFC_Vsh,5-15,1.1045063121793453,88,1.1030683456881902,MAP_SCADA,159,0.0014379664911550183
3,UPFC_tsh,5-15,-0.22623395074146235,88,-0.22486483916471098,MAP_SCADA,159,0.001369111576751375
4,UPFC_Vse,5-15,0.05955271496810949,88,0.05765285394190859,MAP_SCADA,159,0.0018998610262008983
5,UPFC_tse,5-15,-2.147882351498537,88,-2.139987991865396,MAP_SCADA,159,0.00789435963314089
0,x_tcsc,1-14,-0.13722912029411927,89,-0.14191979616827272,MAP_SCADA,159,0.004690675874153449
1,B_svc,2,0.30411101001131285,89,0.31257628507214474,MAP_SCADA,159,0.00846527506083189
2,UPFC_Vsh,5-15,1.1036311349152752,89,1.1030683456881902,MAP_SCADA,159,0.0005627892270849699
3,UPFC_tsh,5-15,-0.22732067939310316,89,-0.22486483916471098,MAP_SCADA,159,0.002455840228392181
4,UPFC_Vse,5-15,0.06012593040018313,89,0.05765285394190859,MAP_SCADA,159,0.002473076458274541
5,UPFC_tse,5-15,-2.148379421260987,89,-2.139987991865396,MAP_SCADA,159,0.008391429395590677
0,x_tcsc,1-14,-0.14066230142333347,90,-0.14191979616827272,MAP_SCADA,159,0.001257494744939247
1,B_svc,2,0.28639808623031715,90,0.31257628507214474,MAP_SCADA,159,0.026178198841827593
2,UPFC_Vsh,5-15,1.1053975417805695,90,1.1030683456881902,MAP_SCADA,159,0.0023291960923792487
3,UPFC_tsh,5-15,-0.2244789968365249,90,-0.22486483916471098,MAP_SCADA,159,0.00038584232818608677
4,UPFC_Vse,5-15,0.05994150141665287,90,0.05765285394190859,MAP_SCADA,159,0.0022886474747442834
5,UPFC_tse,5-15,-2.1483133870233035,90,-2.139987991865396,MAP_SCADA,159,0.008325395157907423
0,x_tcsc,1-14,-0.1389034492356503,91,-0.14191979616827272,MAP_SCADA,159,0.003016346932622427
1,B_svc,2,0.29841707717821614,91,0.31257628507214474,MAP_SCADA,159,0.014159207893928605
2,UPFC_Vsh,5-15,1.1040028152967658,91,1.1030683456881902,MAP_SCADA,159,0.0009344696085755722
3,UPFC_tsh,5-15,-0.22666245066459617,91,-0.22486483916471098,MAP_SCADA,159,0.0017976114998851933
4,UPFC_Vse,5-15,0.060089420272586895,91,0.05765285394190859,MAP_SCADA,159,0.0024365663306783053
5,UPFC_tse,5-15,-2.1467186392760302,91,-2.139987991865396,MAP_SCADA,159,0.006730647410634116
0,x_tcsc,1-14,-0.1399247873648281,92,-0.14191979616827272,MAP_SCADA,159,0.001995008803444609
1,B_svc,2,0.29473224820962973,92,0.31257628507214474,MAP_SCADA,159,0.01784403686251501
2,UPFC_Vsh,5-15,1.1051511651890191,92,1.1030683456881902,MAP_SCADA,159,0.002082819500828892
3,UPFC_tsh,5-15,-0.22500880406455498,92,-0.22486483916471098,MAP_SCADA,159,0.0001439648998440013
4,UPFC_Vse,5-15,0.059988637387086235,92,0.05765285394190859,MAP_SCADA,159,0.0023357834451776457
5,UPFC_tse,5-15,-2.143871600729615,92,-2.139987991865396,MAP_SCADA,159,0.0038836088642186795
0,x_tcsc,1-14,-0.13790532230246327,93,-0.14191979616827272,MAP_SCADA,159,0.0040144738658094425
1,B_svc,2,0.3013297835636175,93,0.31257628507214474,MAP_SCADA,159,0.01124650150852724
2,UPFC_Vsh,5-15,1.104168804741319,93,1.1030683456881902,MAP_SCADA,159,0.0011004590531287217
3,UPFC_tsh,5-15,-0.22684799687065,93,-0.22486483916471098,MAP_SCADA,159,0.001983157705939015
4,UPFC_Vse,5-15,0.059842294193274324,93,0.05765285394190859,MAP_SCADA,159,0.0021894402513657346
5,UPFC_tse,5-15,-2.147633419958297,93,-2.139987991865396,MAP_SCADA,159,0.007645428092900808
0,x_tcsc,1-14,-0.13938863310282984,94,-0.14191979616827272,MAP_SCADA,159,0.0025311630654428763
1,B_svc,2,0.2980292208579397,94,0.31257628507214474,MAP_SCADA,159,0.014547064214205041
2,UPFC_Vsh,5-15,1.1039325054724765,94,1.1030683456881902,MAP_SCADA,159,0.0008641597842862225
3,UPFC_tsh,5-15,-0.2264616265220565,94,-0.22486483916471098,MAP_SCADA,159,0.0015967873573455305
4,UPFC_Vse,5-15,0.06017734177236146,94,0.05765285394190859,MAP_SCADA,159,0.002524487830452872
5,UPFC_tse,5-15,-2.153993553239469,94,-2.139987991865396,MAP_SCADA,159,0.01400556137407305
0,x_tcsc,1-14,-0.13950620660961183,95,-0.14191979616827272,MAP_SCADA,159,0.002413589558660889
1,B_svc,2,0.29251821175293685,95,0.31257628507214474,MAP_SCADA,159,0.020058073319207892
2,UPFC_Vsh,5-15,1.1043324817035252,95,1.1030683456881902,MAP_SCADA,159,0.0012641360153349268
3,UPFC_tsh,5-15,-0.2259389986761963,95,-0.22486483916471098,MAP_SCADA,159,0.0010741595114853175
4,UPFC_Vse,5-15,0.060131204192603406,95,0.05765285394190859,MAP_SCADA,159,0.0024783502506948163
5,UPFC_tse,5-15,-2.1486542652587537,95,-2.139987991865396,MAP_SCADA,159,0.00866627339335757
0,x_tcsc,1-14,-0.1380067973475561,96,-0.14191979616827272,MAP_SCADA,159,0.003912998820716607
1,B_svc,2,0.3023121368267017,96,0.31257628507214474,MAP_SCADA,159,0.010264148245443028
2,UPFC_Vsh,5-15,1.1044147926848344,96,1.1030683456881902,MAP_SCADA,159,0.0013464469966442127
3,UPFC_tsh,5-15,-0.22676224099022252,96,-0.22486483916471098,MAP_SCADA,159,0.001897401825511541
4,UPFC_Vse,5-15,0.06029829200515852,96,0.05765285394190859,MAP_SCADA,159,0.002645438063249933
5,UPFC_tse,5-15,-2.1530578859010805,96,-2.139987991865396,MAP_SCADA,159,0.01306989403568437
0,x_tcsc,1-14,-0.14075836433980002,97,-0.14191979616827272,MAP_SCADA,159,0.0011614318284726977
1,B_svc,2,0.2900573964944106,97,0.31257628507214474,MAP_SCADA,159,0.022518888577734153
2,UPFC_Vsh,5-15,1.105770205928169,97,1.1030683456881902,MAP_SCADA,159,0.0027018602399788705
3,UPFC_tsh,5-15,-0.22466709487794193,97,-0.22486483916471098,MAP_SCADA,159,0.00019774428676905265
4,UPFC_Vse,5-15,0.06021616597855937,97,0.05765285394190859,MAP_SCADA,159,0.0025633120366507778
5,UPFC_tse,5-15,-2.1442245668075404,97,-2.139987991865396,MAP_SCADA,159,0.0042365749421442445
0,x_tcsc,1-14,-0.13872154666830117,98,-0.14191979616827272,MAP_SCADA,159,0.0031982494999715505
1,B_svc,2,0.2932544069980707,98,0.31257628507214474,MAP_SCADA,159,0.01932187807407404
2,UPFC_Vsh,5-15,1.1037015110597996,98,1.1030683456881902,MAP_SCADA,159,0.000633165371609401
3,UPFC_tsh,5-15,-0.2263205983825664,98,-0.22486483916471098,MAP_SCADA,159,0.001455759217855429
4,UPFC_Vse,5-15,0.06060918663511173,98,0.05765285394190859,MAP_SCADA,159,0.0029563326932031397
5,UPFC_tse,5-15,-2.1459582127355232,98,-2.139987991865396,MAP_SCADA,159,0.0059702208701271076
0,x_tcsc,1-14,-0.13955388499023125,99,-0.14191979616827272,MAP_SCADA,159,0.0023659111780414688
1,B_svc,2,0.29595704555838426,99,0.31257628507214474,MAP_SCADA,159,0.016619239513760486
2,UPFC_Vsh,5-15,1.1029095704837086,99,1.1030683456881902,MAP_SCADA,159,0.0001587752044815982
3,UPFC_tsh,5-15,-0.22589227804724954,99,-0.22486483916471098,MAP_SCADA,159,0.0010274388825385616
4,UPFC_Vse,5-15,0.060001423577760095,99,0.05765285394190859,MAP_SCADA,159,0.002348569635851505
5,UPFC_tse,5-15,-2.152835962070224,99,-2.139987991865396,MAP_SCADA,159,0.012847970204827863
0,x_tcsc,1-14,-0.10705395903243001,0,-0.10706081259343138,MAP_PMU,1,6.8535610013714665e-06
1,B_svc,2,0.17515978114316716,0,0.17553938300861005,MAP_PMU,1,0.0003796018654428912
2,UPFC_Vsh,5-15,1.1115404833086688,0,1.111661121831751,MAP_PMU,1,0.00012063852308208389
3,UPFC_tsh,5-15,-0.236942410135175,0,-0.2369556253674602,MAP_PMU,1,1.3215232285201939e-05
4,UPFC_Vse,5-15,0.05755479716780419,0,0.05781165891457163,MAP_PMU,1,0.00025686174676743667
5,UPFC_tse,5-15,-2.118768609510748,0,-2.1195420076682687,MAP_PMU,1,0.0007733981575208659
0,x_tcsc,1-14,-0.10705939391328803,1,-0.10706081259343138,MAP_PMU,1,1.4186801433474505e-06
1,B_svc,2,0.1756374602793224,1,0.17553938300861005,MAP_PMU,1,9.80772707123434e-05
2,UPFC_Vsh,5-15,1.1119834377740079,1,1.111661121831751,MAP_PMU,1,0.0003223159422569566
3,UPFC_tsh,5-15,-0.23683396940349377,1,-0.2369556253674602,MAP_PMU,1,0.00012165596396643275
4,UPFC_Vse,5-15,0.0572746444767978,1,0.05781165891457163,MAP_PMU,1,0.0005370144377738265
5,UPFC_tse,5-15,-2.0946349560718467,1,-2.1195420076682687,MAP_PMU,1,0.024907051596422036
0,x_tcsc,1-14,-0.10705915687239996,2,-0.10706081259343138,MAP_PMU,1,1.6557210314183113e-06
1,B_svc,2,0.1755948223474894,2,0.17553938300861005,MAP_PMU,1,5.543933887935948e-05
2,UPFC_Vsh,5-15,1.111635262690786,2,1.111661121831751,MAP_PMU,1,2.5859140964978877e-05
3,UPFC_tsh,5-15,-0.23699925212257986,2,-0.2369556253674602,MAP_PMU,1,4.3626755119652305e-05
4,UPFC_Vse,5-15,0.0577686859251326,2,0.05781165891457163,MAP_PMU,1,4.2972989439026e-05
5,UPFC_tse,5-15,-2.1234460964528927,2,-2.1195420076682687,MAP_PMU,1,0.0039040887846240047
0,x_tcsc,1-14,-0.10704454688110637,3,-0.10706081259343138,MAP_PMU,1,1.6265712325005954e-05
1,B_svc,2,0.1749231406994057,3,0.17553938300861005,MAP_PMU,1,0.0006162423092043456
2,UPFC_Vsh,5-15,1.1119741134352406,3,1.111661121831751,MAP_PMU,1,0.00031299160348963184
3,UPFC_tsh,5-15,-0.2369479658916711,3,-0.2369556253674602,MAP_PMU,1,7.65947578909576e-06
4,UPFC_Vse,5-15,0.05749605285191945,3,0.05781165891457163,MAP_PMU,1,0.0003156060626521781
5,UPFC_tse,5-15,-2.1282230836476583,3,-2.1195420076682687,MAP_PMU,1,0.008681075979389608
0,x_tcsc,1-14,-0.10704528159672363,4,-0.10706081259343138,MAP_PMU,1,1.5530996707743827e-05
1,B_svc,2,0.17583760783982158,4,0.17553938300861005,MAP_PMU,1,0.00029822483121152987
2,UPFC_Vsh,5-15,1.1116394645261438,4,1.111661121831751,MAP_PMU,1,2.165730560710344e-05
3,UPFC_tsh,5-15,-0.23693258427264138,4,-0.2369556253674602,MAP_PMU,1,2.3041094818820884e-05
4,UPFC_Vse,5-15,0.057727924276907316,4,0.05781165891457163,MAP_PMU,1,8.373463766431222e-05
5,UPFC_tse,5-15,-2.1171103880145226,4,-2.1195420076682687,MAP_PMU,1,0.0024316196537461643
0,x_tcsc,1-14,-0.10702825971623604,5,-0.10706081259343138,MAP_PMU,1,3.2552877195335395e-05
1,B_svc,2,0.17565676967899507,5,0.17553938300861005,MAP_PMU,1,0.00011738667038502237
2,UPFC_Vsh,5-15,1.1117991283943178,5,1.111661121831751,MAP_PMU,1,0.0001380065625669058
3,UPFC_tsh,5-15,-0.2369290366622209,5,-0.2369556253674602,MAP_PMU,1,2.6588705239305455e-05
4,UPFC_Vse,5-15,0.05759464289759892,5,0.05781165891457163,MAP_PMU,1,0.0002170160169727084
5,UPFC_tse,5-15,-2.1197568192974607,5,-2.1195420076682687,MAP_PMU,1,0.00021481162919201324
0,x_tcsc,1-14,-0.10705693228784242,6,-0.10706081259343138,MAP_PMU,1,3.880305588954691e-06
1,B_svc,2,0.17536700712042763,6,0.17553938300861005,MAP_PMU,1,0.0001723758881824189
2,UPFC_Vsh,5-15,1.1117529023747825,6,1.111661121831751,MAP_PMU,1,9.178054303160543e-05
3,UPFC_tsh,5-15,-0.23706481904435536,6,-0.2369556253674602,MAP_PMU,1,0.00010919367689515846
4,UPFC_Vse,5-15,0.05790348067707488,6,0.05781165891457163,MAP_PMU,1,9.182176250325386e-05
5,UPFC_tse,5-15,-2.1236768332692706,6,-2.1195420076682687,MAP_PMU,1,0.004134825601001868
0,x_tcsc,1-14,-0.10705990099812018,7,-0.10706081259343138,MAP_PMU,1,9.115953111954456e-07
1,B_svc,2,0.1757221319542289,7,0.17553938300861005,MAP_PMU,1,0.00018274894561884358
2,UPFC_Vsh,5-15,1.1117901739059086,7,1.111661121831751,MAP_PMU,1,0.00012905207415769837
3,UPFC_tsh,5-15,-0.2368948408802569,7,-0.2369556253674602,MAP_PMU,1,6.078448720331364e-05
4,UPFC_Vse,5-15,0.0571554749885641,7,0.05781165891457163,MAP_PMU,1,0.0006561839260075253
5,UPFC_tse,5-15,-2.1247487776233815,7,-2.1195420076682687,MAP_PMU,1,0.005206769955112822
0,x_tcsc,1-14,-0.10706381962839755,8,-0.10706081259343138,MAP_PMU,1,3.007034966168165e-06
1,B_svc,2,0.17538725063602967,8,0.17553938300861005,MAP_PMU,1,0.00015213237258038248
2,UPFC_Vsh,5-15,1.1119772529223886,8,1.111661121831751,MAP_PMU,1,0.0003161310906376613
3,UPFC_tsh,5-15,-0.2369745025339356,8,-0.2369556253674602,MAP_PMU,1,1.8877166475389506e-05
4,UPFC_Vse,5-15,0.05736390952522563,8,0.05781165891457163,MAP_PMU,1,0.0004477493893459972
5,UPFC_tse,5-15,-2.1172286957157485,8,-2.1195420076682687,MAP_PMU,1,0.0023133119525202694
0,x_tcsc,1-14,-0.1070513194938131,9,-0.10706081259343138,MAP_PMU,1,9.49309961828515e-06
1,B_svc,2,0.17559810490399091,9,0.17553938300861005,MAP_PMU,1,5.8721895380864364e-05
2,UPFC_Vsh,5-15,1.111751621270259,9,1.111661121831751,MAP_PMU,1,9.049943850802933e-05
3,UPFC_tsh,5-15,-0.23694523738177056,9,-0.2369556253674602,MAP_PMU,1,1.038798568964161e-05
4,UPFC_Vse,5-15,0.0576731703482079,9,0.05781165891457163,MAP_PMU,1,0.00013848856636372586
5,UPFC_tse,5-15,-2.109067969972838,9,-2.1195420076682687,MAP_PMU,1,0.010474037695430649
0,x_tcsc,1-14,-0.10707061824152707,10,-0.10706081259343138,MAP_PMU,1,9.805648095689845e-06
1,B_svc,2,0.175428436365809,10,0.17553938300861005,MAP_PMU,1,0.00011094664280106303
2,UPFC_Vsh,5-15,1.1114829196047151,10,1.111661121831751,MAP_PMU,1,0.00017820222703579525
3,UPFC_tsh,5-15,-0.23690432450470064,10,-0.2369556253674602,MAP_PMU,1,5.130086275956236e-05
4,UPFC_Vse,5-15,0.05708500779527731,10,0.05781165891457163,MAP_PMU,1,0.0007266511192943192
5,UPFC_tse,5-15,-2.1136300337867304,10,-2.1195420076682687,MAP_PMU,1,0.005911973881538302
0,x_tcsc,1-14,-0.10706012135964298,11,-0.10706081259343138,MAP_PMU,1,6.912337884024122e-07
1,B_svc,2,0.17556057592329988,11,0.17553938300861005,MAP_PMU,1,2.119291468982709e-05
2,UPFC_Vsh,5-15,1.1116236357034897,11,1.111661121831751,MAP_PMU,1,3.748612826126596e-05
3,UPFC_tsh,5-15,-0.23699087223562973,11,-0.2369556253674602,MAP_PMU,1,3.524686816952505e-05
4,UPFC_Vse,5-15,0.05703132623346961,11,0.05781165891457163,MAP_PMU,1,0.0007803326811020167
5,UPFC_tse,5-15,-2.1264976608999087,11,-2.1195420076682687,MAP_PMU,1,0.0069556532316399355
0,x_tcsc,1-14,-0.10705817047002075,12,-0.10706081259343138,MAP_PMU,1,2.642123410626085e-06
1,B_svc,2,0.1753944543752627,12,0.17553938300861005,MAP_PMU,1,0.00014492863334736317
2,UPFC_Vsh,5-15,1.1113499984613342,12,1.111661121831751,MAP_PMU,1,0.00031112337041672156
3,UPFC_tsh,5-15,-0.23700036771165806,12,-0.2369556253674602,MAP_PMU,1,4.474234419785117e-05
4,UPFC_Vse,5-15,0.057594708752779056,12,0.05781165891457163,MAP_PMU,1,0.00021695016179257287
5,UPFC_tse,5-15,-2.121466679768688,12,-2.1195420076682687,MAP_PMU,1,0.0019246721004191336
0,x_tcsc,1-14,-0.10704612837277448,13,-0.10706081259343138,MAP_PMU,1,1.4684220656896452e-05
1,B_svc,2,0.1752897072551369,13,0.17553938300861005,MAP_PMU,1,0.00024967575347314974
2,UPFC_Vsh,5-15,1.111556451176982,13,1.111661121831751,MAP_PMU,1,0.00010467065476893467
3,UPFC_tsh,5-15,-0.23693277326836676,13,-0.2369556253674602,MAP_PMU,1,2.2852099093445544e-05
4,UPFC_Vse,5-15,0.05733594996413298,13,0.05781165891457163,MAP_PMU,1,0.0004757089504386497
5,UPFC_tse,5-15,-2.116917090498441,13,-2.1195420076682687,MAP_PMU,1,0.002624917169827601
0,x_tcsc,1-14,-0.10705012164018626,14,-0.10706081259343138,MAP_PMU,1,1.0690953245115487e-05
1,B_svc,2,0.17537432743743372,14,0.17553938300861005,MAP_PMU,1,0.00016505557117632574
2,UPFC_Vsh,5-15,1.1115823187446472,14,1.111661121831751,MAP_PMU,1,7.88030871037293e-05
3,UPFC_tsh,5-15,-0.23698065176995622,14,-0.2369556253674602,MAP_PMU,1,2.502640249602006e-05
4,UPFC_Vse,5-15,0.0575569214253485,14,0.05781165891457163,MAP_PMU,1,0.0002547374892231252
5,UPFC_tse,5-15,-2.126736801772361,14,-2.1195420076682687,MAP_PMU,1,0.007194794104092406
0,x_tcsc,1-14,-0.10705157915549139,15,-0.10706081259343138,MAP_PMU,1,9.23343793998721e-06
1,B_svc,2,0.17511767983387064,15,0.17553938300861005,MAP_PMU,1,0.0004217031747394129
2,UPFC_Vsh,5-15,1.1114320188200157,15,1.111661121831751,MAP_PMU,1,0.00022910301173517666
3,UPFC_tsh,5-15,-0.236951410821022,15,-0.2369556253674602,MAP_PMU,1,4.2145464382026265e-06
4,UPFC_Vse,5-15,0.057711911032558925,15,0.05781165891457163,MAP_PMU,1,9.974788201270318e-05
5,UPFC_tse,5-15,-2.1151178757897777,15,-2.1195420076682687,MAP_PMU,1,0.004424131878491
0,x_tcsc,1-14,-0.10705937135300322,16,-0.10706081259343138,MAP_PMU,1,1.4412404281544111e-06
1,B_svc,2,0.1753344064534808,16,0.17553938300861005,MAP_PMU,1,0.00020497655512924373
2,UPFC_Vsh,5-15,1.1111491448607782,16,1.111661121831751,MAP_PMU,1,0.0005119769709727162
3,UPFC_tsh,5-15,-0.23701009647767746,16,-0.2369556253674602,MAP_PMU,1,5.447111021725237e-05
4,UPFC_Vse,5-15,0.05806468155700072,16,0.05781165891457163,MAP_PMU,1,0.0002530226424290946
5,UPFC_tse,5-15,-2.11836534731929,16,-2.1195420076682687,MAP_PMU,1,0.0011766603489786753
0,x_tcsc,1-14,-0.10710343359142152,17,-0.10706081259343138,MAP_PMU,1,4.262099799014207e-05
1,B_svc,2,0.17531332160813382,17,0.17553938300861005,MAP_PMU,1,0.00022606140047623513
2,UPFC_Vsh,5-15,1.1118627571593116,17,1.111661121831751,MAP_PMU,1,0.0002016353275606786
3,UPFC_tsh,5-15,-0.23695845085938055,17,-0.2369556253674602,MAP_PMU,1,2.825491920349643e-06
4,UPFC_Vse,5-15,0.05722538896156592,17,0.05781165891457163,MAP_PMU,1,0.0005862699530057094
5,UPFC_tse,5-15,-2.120385279616074,17,-2.1195420076682687,MAP_PMU,1,0.000843271947805313
0,x_tcsc,1-14,-0.10705227548522321,18,-0.10706081259343138,MAP_PMU,1,8.537108208167554e-06
1,B_svc,2,0.17520821377253004,18,0.17553938300861005,MAP_PMU,1,0.0003311692360800089
2,UPFC_Vsh,5-15,1.1119240755324822,18,1.111661121831751,MAP_PMU,1,0.000262953700731261
3,UPFC_tsh,5-15,-0.23688509718064038,18,-0.2369556253674602,MAP_PMU,1,7.052818681982376e-05
4,UPFC_Vse,5-15,0.05778944342741321,18,0.05781165891457163,MAP_PMU,1,2.2215487158416813e-05
5,UPFC_tse,5-15,-2.1125209285947455,18,-2.1195420076682687,MAP_PMU,1,0.007021079073523229
0,x_tcsc,1-14,-0.10706185032674521,19,-0.10706081259343138,MAP_PMU,1,1.0377333138356093e-06
1,B_svc,2,0.1758470942374559,19,0.17553938300861005,MAP_PMU,1,0.00030771122884584723
2,UPFC_Vsh,5-15,1.1116570817951614,19,1.111661121831751,MAP_PMU,1,4.040036589492146e-06
3,UPFC_tsh,5-15,-0.23695772455071595,19,-0.2369556253674602,MAP_PMU,1,2.099183255749315e-06
4,UPFC_Vse,5-15,0.0575423532654859,19,0.05781165891457163,MAP_PMU,1,0.00026930564908572707
5,UPFC_tse,5-15,-2.1182020175116567,19,-2.1195420076682687,MAP_PMU,1,0.0013399901566120143
0,x_tcsc,1-14,-0.10706096694661305,20,-0.10706081259343138,MAP_PMU,1,1.5435318166667766e-07
1,B_svc,2,0.17505968019617438,20,0.17553938300861005,MAP_PMU,1,0.0004797028124356728
2,UPFC_Vsh,5-15,1.1117168000900892,20,1.111661121831751,MAP_PMU,1,5.567825833829865e-05
3,UPFC_tsh,5-15,-0.2369160010845228,20,-0.2369556253674602,MAP_PMU,1,3.9624282937411603e-05
4,UPFC_Vse,5-15,0.057365654526453036,20,0.05781165891457163,MAP_PMU,1,0.00044600438811859267
5,UPFC_tse,5-15,-2.1163816854000874,20,-2.1195420076682687,MAP_PMU,1,0.0031603222681813037
0,x_tcsc,1-14,-0.10706842022821375,21,-0.10706081259343138,MAP_PMU,1,7.607634782372252e-06
1,B_svc,2,0.1757762695866752,21,0.17553938300861005,MAP_PMU,1,0.00023688657806514302
2,UPFC_Vsh,5-15,1.1120025567365248,21,1.111661121831751,MAP_PMU,1,0.00034143490477389626
3,UPFC_tsh,5-15,-0.23689679205374556,21,-0.2369556253674602,MAP_PMU,1,5.883331371464573e-05
4,UPFC_Vse,5-15,0.05795889860319616,21,0.05781165891457163,MAP_PMU,1,0.0001472396886245328
5,UPFC_tse,5-15,-2.1113027881347577,21,-2.1195420076682687,MAP_PMU,1,0.008239219533511033
0,x_tcsc,1-14,-0.10706627571126164,22,-0.10706081259343138,MAP_PMU,1,5.4631178302566585e-06
1,B_svc,2,0.17581015612531556,22,0.17553938300861005,MAP_PMU,1,0.0002707731167055083
2,UPFC_Vsh,5-15,1.1117779440020572,22,1.111661121831751,MAP_PMU,1,0.0001168221703062855
3,UPFC_tsh,5-15,-0.23696752945349348,22,-0.2369556253674602,MAP_PMU,1,1.1904086033270866e-05
4,UPFC_Vse,5-15,0.05787761691025816,22,0.05781165891457163,MAP_PMU,1,6.595799568653166e-05
5,UPFC_tse,5-15,-2.1167217879648326,22,-2.1195420076682687,MAP_PMU,1,0.0028202197034361554
0,x_tcsc,1-14,-0.10704525687168777,23,-0.10706081259343138,MAP_PMU,1,1.555572174360975e-05
1,B_svc,2,0.17561538302886165,23,0.17553938300861005,MAP_PMU,1,7.600002025159869e-05
2,UPFC_Vsh,5-15,1.1116635501975112,23,1.111661121831751,MAP_PMU,1,2.428365760254181e-06
3,UPFC_tsh,5-15,-0.23700223660980774,23,-0.2369556253674602,MAP_PMU,1,4.661124234753289e-05
4,UPFC_Vse,5-15,0.0578685837916795,23,0.05781165891457163,MAP_PMU,1,5.692487710787231e-05
5,UPFC_tse,5-15,-2.115328672444653,23,-2.1195420076682687,MAP_PMU,1,0.004213335223615555
0,x_tcsc,1-14,-0.10707676693735756,24,-0.10706081259343138,MAP_PMU,1,1.5954343926177783e-05
1,B_svc,2,0.17516184577055993,24,0.17553938300861005,MAP_PMU,1,0.0003775372380501185
2,UPFC_Vsh,5-15,1.111873348196229,24,1.111661121831751,MAP_PMU,1,0.0002122263644781519
3,UPFC_tsh,5-15,-0.23694592862405625,24,-0.2369556253674602,MAP_PMU,1,9.69674340395299e-06
4,UPFC_Vse,5-15,0.05728456216170465,24,0.05781165891457163,MAP_PMU,1,0.0005270967528669818
5,UPFC_tse,5-15,-2.1161814897640503,24,-2.1195420076682687,MAP_PMU,1,0.0033605179042184297
0,x_tcsc,1-14,-0.1070761208593911,25,-0.10706081259343138,MAP_PMU,1,1.5308265959718126e-05
1,B_svc,2,0.17558843839138266,25,0.17553938300861005,MAP_PMU,1,4.9055382772611456e-05
2,UPFC_Vsh,5-15,1.1118916136330645,25,1.111661121831751,MAP_PMU,1,0.0002304918013136259
3,UPFC_tsh,5-15,-0.2369565432504924,25,-0.2369556253674602,MAP_PMU,1,9.178830321920906e-07
4,UPFC_Vse,5-15,0.05745636827649163,25,0.05781165891457163,MAP_PMU,1,0.0003552906380799997
5,UPFC_tse,5-15,-2.127929627332432,25,-2.1195420076682687,MAP_PMU,1,0.00838761966416346
0,x_tcsc,1-14,-0.10703739834373842,26,-0.10706081259343138,MAP_PMU,1,2.3414249692960132e-05
1,B_svc,2,0.1758458328666544,26,0.17553938300861005,MAP_PMU,1,0.0003064498580443442
2,UPFC_Vsh,5-15,1.1116647402178865,26,1.111661121831751,MAP_PMU,1,3.6183861356064995e-06
3,UPFC_tsh,5-15,-0.236957093611777,26,-0.2369556253674602,MAP_PMU,1,1.4682443167934878e-06
4,UPFC_Vse,5-15,0.057544644076792516,26,0.05781165891457163,MAP_PMU,1,0.0002670148377791129
5,UPFC_tse,5-15,-2.123979296693875,26,-2.1195420076682687,MAP_PMU,1,0.004437289025606361
0,x_tcsc,1-14,-0.10705340367180963,27,-0.10706081259343138,MAP_PMU,1,7.408921621751552e-06
1,B_svc,2,0.17531180775275795,27,0.17553938300861005,MAP_PMU,1,0.00022757525585209715
2,UPFC_Vsh,5-15,1.1117670748865245,27,1.111661121831751,MAP_PMU,1,0.00010595305477356654
3,UPFC_tsh,5-15,-0.2369118427907532,27,-0.2369556253674602,MAP_PMU,1,4.378257670700769e-05
4,UPFC_Vse,5-15,0.057250894408198916,27,0.05781165891457163,MAP_PMU,1,0.0005607645063727129
5,UPFC_tse,5-15,-2.1218906920666316,27,-2.1195420076682687,MAP_PMU,1,0.002348684398362888
0,x_tcsc,1-14,-0.10705695377486651,28,-0.10706081259343138,MAP_PMU,1,3.8588185648641415e-06
1,B_svc,2,0.17579969606115314,28,0.17553938300861005,MAP_PMU,1,0.000260313052543093
2,UPFC_Vsh,5-15,1.11181499716474,28,1.111661121831751,MAP_PMU,1,0.00015387533298905076
3,UPFC_tsh,5-15,-0.23696754336116066,28,-0.2369556253674602,MAP_PMU,1,1.1917993700455431e-05
4,UPFC_Vse,5-15,0.05794152346044908,28,0.05781165891457163,MAP_PMU,1,0.00012986454587745472
5,UPFC_tse,5-15,-2.1222296051036076,28,-2.1195420076682687,MAP_PMU,1,0.002687597435338862
0,x_tcsc,1-14,-0.10706369793817523,29,-0.10706081259343138,MAP_PMU,1,2.8853447438526025e-06
1,B_svc,2,0.1760271782866889,29,0.17553938300861005,MAP_PMU,1,0.0004877952780788508
2,UPFC_Vsh,5-15,1.1119722694290222,29,1.111661121831751,MAP_PMU,1,0.0003111475972712441
3,UPFC_tsh,5-15,-0.2369472024937143,29,-0.2369556253674602,MAP_PMU,1,8.422873745916881e-06
4,UPFC_Vse,5-15,0.05781046853993958,29,0.05781165891457163,MAP_PMU,1,1.1903746320457431e-06
5,UPFC_tse,5-15,-2.1202410534571006,29,-2.1195420076682687,MAP_PMU,1,0.0006990457888318424
0,x_tcsc,1-14,-0.10704044469284313,30,-0.10706081259343138,MAP_PMU,1,2.036790058825011e-05
1,B_svc,2,0.17578030328625568,30,0.17553938300861005,MAP_PMU,1,0.00024092027764563428
2,UPFC_Vsh,5-15,1.1117860354344835,30,1.111661121831751,MAP_PMU,1,0.00012491360273259033
3,UPFC_tsh,5-15,-0.23699211740479298,30,-0.2369556253674602,MAP_PMU,1,3.649203733277484e-05
4,UPFC_Vse,5-15,0.058428670505456255,30,0.05781165891457163,MAP_PMU,1,0.0006170115908846266
5,UPFC_tse,5-15,-2.1260279434369878,30,-2.1195420076682687,MAP_PMU,1,0.006485935768719031
0,x_tcsc,1-14,-0.10705490057023216,31,-0.10706081259343138,MAP_PMU,1,5.912023199217131e-06
1,B_svc,2,0.1757120758024028,31,0.17553938300861005,MAP_PMU,1,0.00017269279379275582
2,UPFC_Vsh,5-15,1.1115472224409948,31,1.111661121831751,MAP_PMU,1,0.00011389939075612254
3,UPFC_tsh,5-15,-0.237003851091006,31,-0.2369556253674602,MAP_PMU,1,4.822572354579169e-05
4,UPFC_Vse,5-15,0.05742177295395804,31,0.05781165891457163,MAP_PMU,1,0.0003898859606135882
5,UPFC_tse,5-15,-2.115715506985906,31,-2.1195420076682687,MAP_PMU,1,0.003826500682362788
0,x_tcsc,1-14,-0.1070461613914564,32,-0.10706081259343138,MAP_PMU,1,1.465120197498282e-05
1,B_svc,2,0.17588687867079913,32,0.17553938300861005,MAP_PMU,1,0.00034749566218908456
2,UPFC_Vsh,5-15,1.1120006163989227,32,1.111661121831751,MAP_PMU,1,0.00033949456717174975
3,UPFC_tsh,5-15,-0.23690727595543598,32,-0.2369556253674602,MAP_PMU,1,4.834941202422338e-05
4,UPFC_Vse,5-15,0.056977114837127404,32,0.05781165891457163,MAP_PMU,1,0.0008345440774442242
5,UPFC_tse,5-15,-2.1149650192207026,32,-2.1195420076682687,MAP_PMU,1,0.004576988447566155
0,x_tcsc,1-14,-0.10707238677008343,33,-0.10706081259343138,MAP_PMU,1,1.1574176652054402e-05
1,B_svc,2,0.175442056336505,33,0.17553938300861005,MAP_PMU,1,9.732667210504697e-05
2,UPFC_Vsh,5-15,1.1115194235693662,33,1.111661121831751,MAP_PMU,1,0.00014169826238474847
3,UPFC_tsh,5-15,-0.23704851394221238,33,-0.2369556253674602,MAP_PMU,1,9.288857475217571e-05
4,UPFC_Vse,5-15,0.05739373423528212,33,0.05781165891457163,MAP_PMU,1,0.00041792467928950666
5,UPFC_tse,5-15,-2.127739465652022,33,-2.1195420076682687,MAP_PMU,1,0.008197457983753154
0,x_tcsc,1-14,-0.10706126479849162,34,-0.10706081259343138,MAP_PMU,1,4.522050602445704e-07
1,B_svc,2,0.17541925879526607,34,0.17553938300861005,MAP_PMU,1,0.0001201242133439806
2,UPFC_Vsh,5-15,1.1117923040675648,34,1.111661121831751,MAP_PMU,1,0.0001311822358138759
3,UPFC_tsh,5-15,-0.23697573099950972,34,-0.2369556253674602,MAP_PMU,1,2.010563204951632e-05
4,UPFC_Vse,5-15,0.057746239451510674,34,0.05781165891457163,MAP_PMU,1,6.541946306095475e-05
5,UPFC_tse,5-15,-2.13109294272297,34,-2.1195420076682687,MAP_PMU,1,0.011550935054701394
0,x_tcsc,1-14,-0.1070528168499601,35,-0.10706081259343138,MAP_PMU,1,7.995743471281291e-06
1,B_svc,2,0.17543201361624702,35,0.17553938300861005,MAP_PMU,1,0.000107369392363027
2,UPFC_Vsh,5-15,1.1113017189417342,35,1.111661121831751,MAP_PMU,1,0.00035940289001668013
3,UPFC_tsh,5-15,-0.23694479076865604,35,-0.2369556253674602,MAP_PMU,1,1.0834598804160267e-05
4,UPFC_Vse,5-15,0.05778383252650235,35,0.05781165891457163,MAP_PMU,1,2.7826388069279728e-05
5,UPFC_tse,5-15,-2.121895708669265,35,-2.1195420076682687,MAP_PMU,1,0.002353701000996189
0,x_tcsc,1-14,-0.10706668302650456,36,-0.10706081259343138,MAP_PMU,1,5.870433073179582e-06
1,B_svc,2,0.17532946489777076,36,0.17553938300861005,MAP_PMU,1,0.00020991811083928558
2,UPFC_Vsh,5-15,1.1117832727148487,36,1.111661121831751,MAP_PMU,1,0.00012215088309774913
3,UPFC_tsh,5-15,-0.23697629399600584,36,-0.2369556253674602,MAP_PMU,1,2.066862854563367e-05
4,UPFC_Vse,5-15,0.057592226268144336,36,0.05781165891457163,MAP_PMU,1,0.0002194326464272922
5,UPFC_tse,5-15,-2.1264763427652205,36,-2.1195420076682687,MAP_PMU,1,0.006934335096951738
0,x_tcsc,1-14,-0.10705630380501688,37,-0.10706081259343138,MAP_PMU,1,4.508788414500642e-06
1,B_svc,2,0.17567617656602516,37,0.17553938300861005,MAP_PMU,1,0.00013679355741511023
2,UPFC_Vsh,5-15,1.1116883232190904,37,1.111661121831751,MAP_PMU,1,2.720138733947053e-05
3,UPFC_tsh,5-15,-0.23694450483751603,37,-0.2369556253674602,MAP_PMU,1,1.1120529944175228e-05
4,UPFC_Vse,5-15,0.05779880647279922,37,0.05781165891457163,MAP_PMU,1,1.2852441772411016e-05
5,UPFC_tse,5-15,-2.107989800306615,37,-2.1195420076682687,MAP_PMU,1,0.011552207361653632
0,x_tcsc,1-14,-0.10707483550045238,38,-0.10706081259343138,MAP_PMU,1,1.4022907021002395e-05
1,B_svc,2,0.1755768548443111,38,0.17553938300861005,MAP_PMU,1,3.7471835701047285e-05
2,UPFC_Vsh,5-15,1.1116889816971782,38,1.111661121831751,MAP_PMU,1,2.7859865427304342e-05
3,UPFC_tsh,5-15,-0.23701398188206138,38,-0.2369556253674602,MAP_PMU,1,5.8356514601176634e-05
4,UPFC_Vse,5-15,0.05754328084654559,38,0.05781165891457163,MAP_PMU,1,0.00026837806802603587
5,UPFC_tse,5-15,-2.1278436142022206,38,-2.1195420076682687,MAP_PMU,1,0.008301606533951844
0,x_tcsc,1-14,-0.1070637491239415,39,-0.10706081259343138,MAP_PMU,1,2.936530510116997e-06
1,B_svc,2,0.17551978090947848,39,0.17553938300861005,MAP_PMU,1,1.9602099131571515e-05
2,UPFC_Vsh,5-15,1.1115234250448152,39,1.111661121831751,MAP_PMU,1,0.00013769678693575926
3,UPFC_tsh,5-15,-0.23690910694674083,39,-0.2369556253674602,MAP_PMU,1,4.65184207193714e-05
4,UPFC_Vse,5-15,0.0570812010790098,39,0.05781165891457163,MAP_PMU,1,0.0007304578355618319
5,UPFC_tse,5-15,-2.1173501257887524,39,-2.1195420076682687,MAP_PMU,1,0.0021918818795163553
0,x_tcsc,1-14,-0.10706173254147529,40,-0.10706081259343138,MAP_PMU,1,9.199480439092689e-07
1,B_svc,2,0.17600367074350565,40,0.17553938300861005,MAP_PMU,1,0.0004642877348955965
2,UPFC_Vsh,5-15,1.111631424841216,40,1.111661121831751,MAP_PMU,1,2.9696990534899825e-05
3,UPFC_tsh,5-15,-0.2369644694516833,40,-0.2369556253674602,MAP_PMU,1,8.844084223108561e-06
4,UPFC_Vse,5-15,0.05782456824194998,40,0.05781165891457163,MAP_PMU,1,1.2909327378352042e-05
5,UPFC_tse,5-15,-2.1183216881421827,40,-2.1195420076682687,MAP_PMU,1,0.0012203195260860333
0,x_tcsc,1-14,-0.1070583975218925,41,-0.10706081259343138,MAP_PMU,1,2.4150715388776556e-06
1,B_svc,2,0.17528496529965945,41,0.17553938300861005,MAP_PMU,1,0.00025441770895059945
2,UPFC_Vsh,5-15,1.1114573675047732,41,1.111661121831751,MAP_PMU,1,0.0002037543269777231
3,UPFC_tsh,5-15,-0.23689581399162762,41,-0.2369556253674602,MAP_PMU,1,5.981137583258023e-05
4,UPFC_Vse,5-15,0.05723889988342309,41,0.05781165891457163,MAP_PMU,1,0.0005727590311485412
5,UPFC_tse,5-15,-2.119888727839309,41,-2.1195420076682687,MAP_PMU,1,0.00034672017104009356
0,x_tcsc,1-14,-0.10705981551811394,42,-0.10706081259343138,MAP_PMU,1,9.970753174354252e-07
1,B_svc,2,0.17558893799248973,42,0.17553938300861005,MAP_PMU,1,4.955498387967938e-05
2,UPFC_Vsh,5-15,1.111986461231272,42,1.111661121831751,MAP_PMU,1,0.00032533939952106294
3,UPFC_tsh,5-15,-0.23691664723594597,42,-0.2369556253674602,MAP_PMU,1,3.897813151423901e-05
4,UPFC_Vse,5-15,0.057591679776841105,42,0.05781165891457163,MAP_PMU,1,0.00021997913773052352
5,UPFC_tse,5-15,-2.1242185763879835,42,-2.1195420076682687,MAP_PMU,1,0.00467656871971478
0,x_tcsc,1-14,-0.10707990460329263,43,-0.10706081259343138,MAP_PMU,1,1.9092009861249037e-05
1,B_svc,2,0.1754260383649134,43,0.17553938300861005,MAP_PMU,1,0.00011334464369663899
2,UPFC_Vsh,5-15,1.1114987459936057,43,1.111661121831751,MAP_PMU,1,0.0001623758381452678
3,UPFC_tsh,5-15,-0.23700004518405782,43,-0.2369556253674602,MAP_PMU,1,4.441981659761285e-05
4,UPFC_Vse,5-15,0.05754275111659223,43,0.05781165891457163,MAP_PMU,1,0.0002689077979793966
5,UPFC_tse,5-15,-2.1196024086390963,43,-2.1195420076682687,MAP_PMU,1,6.0400970827600986e-05
0,x_tcsc,1-14,-0.10704586879566143,44,-0.10706081259343138,MAP_PMU,1,1.4943797769950695e-05
1,B_svc,2,0.17559949201387975,44,0.17553938300861005,MAP_PMU,1,6.0109005269703975e-05
2,UPFC_Vsh,5-15,1.1114848748846944,44,1.111661121831751,MAP_PMU,1,0.00017624694705653532
3,UPFC_tsh,5-15,-0.23693802840204042,44,-0.2369556253674602,MAP_PMU,1,1.7596965419780508e-05
4,UPFC_Vse,5-15,0.05820833276102241,44,0.05781165891457163,MAP_PMU,1,0.00039667384645078463
5,UPFC_tse,5-15,-2.1055827424351437,44,-2.1195420076682687,MAP_PMU,1,0.013959265233125073
0,x_tcsc,1-14,-0.10706472749183082,45,-0.10706081259343138,MAP_PMU,1,3.91489839944581e-06
1,B_svc,2,0.1755849889452607,45,0.17553938300861005,MAP_PMU,1,4.560593665065005e-05
2,UPFC_Vsh,5-15,1.1114153878106785,45,1.111661121831751,MAP_PMU,1,0.00024573402107241904
3,UPFC_tsh,5-15,-0.23696290614569682,45,-0.2369556253674602,MAP_PMU,1,7.28077823661244e-06
4,UPFC_Vse,5-15,0.05747738695249038,45,0.05781165891457163,MAP_PMU,1,0.00033427196208125204
5,UPFC_tse,5-15,-2.107712870780122,45,-2.1195420076682687,MAP_PMU,1,0.011829136888146685
0,x_tcsc,1-14,-0.10706411254410039,46,-0.10706081259343138,MAP_PMU,1,3.299950669014007e-06
1,B_svc,2,0.17566986280903013,46,0.17553938300861005,MAP_PMU,1,0.00013047980042008023
2,UPFC_Vsh,5-15,1.111716263400354,46,1.111661121831751,MAP_PMU,1,5.514156860297881e-05
3,UPFC_tsh,5-15,-0.23695478585243665,46,-0.2369556253674602,MAP_PMU,1,8.395150235540605e-07
4,UPFC_Vse,5-15,0.05731906816069952,46,0.05781165891457163,MAP_PMU,1,0.0004925907538721117
5,UPFC_tse,5-15,-2.116224254999421,46,-2.1195420076682687,MAP_PMU,1,0.0033177526688477066
0,x_tcsc,1-14,-0.10705965419671763,47,-0.10706081259343138,MAP_PMU,1,1.1583967137462903e-06
1,B_svc,2,0.17532659578214355,47,0.17553938300861005,MAP_PMU,1,0.00021278722646650428
2,UPFC_Vsh,5-15,1.1121877016111477,47,1.111661121831751,MAP_PMU,1,0.0005265797793967408
3,UPFC_tsh,5-15,-0.23689809676261628,47,-0.2369556253674602,MAP_PMU,1,5.752860484392608e-05
4,UPFC_Vse,5-15,0.05780545748320014,47,0.05781165891457163,MAP_PMU,1,6.201431371491428e-06
5,UPFC_tse,5-15,-2.1209756928491275,47,-2.1195420076682687,MAP_PMU,1,0.0014336851808587348
0,x_tcsc,1-14,-0.10706168481372197,48,-0.10706081259343138,MAP_PMU,1,8.722202905903087e-07
1,B_svc,2,0.17597824036494275,48,0.17553938300861005,MAP_PMU,1,0.0004388573563327003
2,UPFC_Vsh,5-15,1.1116633284845532,48,1.111661121831751,MAP_PMU,1,2.2066528022612886e-06
3,UPFC_tsh,5-15,-0.23694236387133671,48,-0.2369556253674602,MAP_PMU,1,1.3261496123490035e-05
4,UPFC_Vse,5-15,0.05760129773791789,48,0.05781165891457163,MAP_PMU,1,0.00021036117665373943
5,UPFC_tse,5-15,-2.1269002040480176,48,-2.1195420076682687,MAP_PMU,1,0.0073581963797488825
0,x_tcsc,1-14,-0.1070610983728533,49,-0.10706081259343138,MAP_PMU,1,2.8577942191854167e-07
1,B_svc,2,0.17541566398443867,49,0.17553938300861005,MAP_PMU,1,0.00012371902417138148
2,UPFC_Vsh,5-15,1.1117166601006867,49,1.111661121831751,MAP_PMU,1,5.5538268935784174e-05
3,UPFC_tsh,5-15,-0.23698101767654434,49,-0.2369556253674602,MAP_PMU,1,2.539230908413237e-05
4,UPFC_Vse,5-15,0.05764372939637715,49,0.05781165891457163,MAP_PMU,1,0.0001679295181944776
5,UPFC_tse,5-15,-2.123403608472737,49,-2.1195420076682687,MAP_PMU,1,0.0038616008044680683
0,x_tcsc,1-14,-0.1070588258260861,50,-0.10706081259343138,MAP_PMU,1,1.986767345280027e-06
1,B_svc,2,0.1752425191805822,50,0.17553938300861005,MAP_PMU,1,0.00029686382802784905
2,UPFC_Vsh,5-15,1.1115856555718437,50,1.111661121831751,MAP_PMU,1,7.546625990717537e-05
3,UPFC_tsh,5-15,-0.23692020982731188,50,-0.2369556253674602,MAP_PMU,1,3.541554014832582e-05
4,UPFC_Vse,5-15,0.05743931609095874,50,0.05781165891457163,MAP_PMU,1,0.0003723428236128909
5,UPFC_tse,5-15,-2.114348493153357,50,-2.1195420076682687,MAP_PMU,1,0.00519351451491179
0,x_tcsc,1-14,-0.10705821766843557,51,-0.10706081259343138,MAP_PMU,1,2.59492499581071e-06
1,B_svc,2,0.17568219314025546,51,0.17553938300861005,MAP_PMU,1,0.00014281013164541
2,UPFC_Vsh,5-15,1.111849474802642,51,1.111661121831751,MAP_PMU,1,0.00018835297089103697
3,UPFC_tsh,5-15,-0.23693316113327598,51,-0.2369556253674602,MAP_PMU,1,2.2464234184227383e-05
4,UPFC_Vse,5-15,0.05768889931725239,51,0.05781165891457163,MAP_PMU,1,0.0001227595973192358
5,UPFC_tse,5-15,-2.119303056844077,51,-2.1195420076682687,MAP_PMU,1,0.00023895082419178593
0,x_tcsc,1-14,-0.10706805214490882,52,-0.10706081259343138,MAP_PMU,1,7.2395514774392655e-06
1,B_svc,2,0.1756729867751498,52,0.17553938300861005,MAP_PMU,1,0.00013360376653975825
2,UPFC_Vsh,5-15,1.111464194224301,52,1.111661121831751,MAP_PMU,1,0.00019692760744982607
3,UPFC_tsh,5-15,-0.23695529256301923,52,-0.2369556253674602,MAP_PMU,1,3.328044409778297e-07
4,UPFC_Vse,5-15,0.05741200581482624,52,0.05781165891457163,MAP_PMU,1,0.0003996530997453854
5,UPFC_tse,5-15,-2.1194735660894226,52,-2.1195420076682687,MAP_PMU,1,6.844157884611235e-05
0,x_tcsc,1-14,-0.10705046241509285,53,-0.10706081259343138,MAP_PMU,1,1.0350178338530691e-05
1,B_svc,2,0.17522501542932706,53,0.17553938300861005,MAP_PMU,1,0.0003143675792829925
2,UPFC_Vsh,5-15,1.1115904883897332,53,1.111661121831751,MAP_PMU,1,7.063344201774235e-05
3,UPFC_tsh,5-15,-0.23692334903696952,53,-0.2369556253674602,MAP_PMU,1,3.227633049068812e-05
4,UPFC_Vse,5-15,0.057276795123385044,53,0.05781165891457163,MAP_PMU,1,0.000534863791186585
5,UPFC_tse,5-15,-2.1300739489518223,53,-2.1195420076682687,MAP_PMU,1,0.010531941283553614
0,x_tcsc,1-14,-0.10706637562586671,54,-0.10706081259343138,MAP_PMU,1,5.5630324353322935e-06
1,B_svc,2,0.1761198682429966,54,0.17553938300861005,MAP_PMU,1,0.0005804852343865574
2,UPFC_Vsh,5-15,1.1115822270342457,54,1.111661121831751,MAP_PMU,1,7.889479750522455e-05
3,UPFC_tsh,5-15,-0.2369721043310844,54,-0.2369556253674602,MAP_PMU,1,1.6478963624194654e-05
4,UPFC_Vse,5-15,0.05719759840968771,54,0.05781165891457163,MAP_PMU,1,0.000614060504883919
5,UPFC_tse,5-15,-2.112741369785105,54,-2.1195420076682687,MAP_PMU,1,0.006800637883163763
0,x_tcsc,1-14,-0.10705732765171341,55,-0.10706081259343138,MAP_PMU,1,3.4849417179655395e-06
1,B_svc,2,0.17545309551901675,55,0.17553938300861005,MAP_PMU,1,8.628748959330079e-05
2,UPFC_Vsh,5-15,1.1120793171304968,55,1.111661121831751,MAP_PMU,1,0.00041819529874587147
3,UPFC_tsh,5-15,-0.23695610296877176,55,-0.2369556253674602,MAP_PMU,1,4.776013115548317e-07
4,UPFC_Vse,5-15,0.05774883313422394,55,0.05781165891457163,MAP_PMU,1,6.28257803476917e-05
5,UPFC_tse,5-15,-2.111029719041975,55,-2.1195420076682687,MAP_PMU,1,0.008512288626293607
0,x_tcsc,1-14,-0.10704116114045299,56,-0.10706081259343138,MAP_PMU,1,1.965145297838644e-05
1,B_svc,2,0.1760198236371413,56,0.17553938300861005,MAP_PMU,1,0.00048044062853125347
2,UPFC_Vsh,5-15,1.1112627448389352,56,1.111661121831751,MAP_PMU,1,0.0003983769928157521
3,UPFC_tsh,5-15,-0.23700184860954715,56,-0.2369556253674602,MAP_PMU,1,4.6223242086945726e-05
4,UPFC_Vse,5-15,0.057660501859435054,56,0.05781165891457163,MAP_PMU,1,0.00015115705513657485
5,UPFC_tse,5-15,-2.1103374150262564,56,-2.1195420076682687,MAP_PMU,1,0.009204592642012344
0,x_tcsc,1-14,-0.10705180793596394,57,-0.10706081259343138,MAP_PMU,1,9.004657467434618e-06
1,B_svc,2,0.17522423625948058,57,0.17553938300861005,MAP_PMU,1,0.00031514674912946905
2,UPFC_Vsh,5-15,1.1119025241914204,57,1.111661121831751,MAP_PMU,1,0.00024140235966951806
3,UPFC_tsh,5-15,-0.23688051221821319,57,-0.2369556253674602,MAP_PMU,1,7.511314924701917e-05
4,UPFC_Vse,5-15,0.05789944712166195,57,0.05781165891457163,MAP_PMU,1,8.778820709032242e-05
5,UPFC_tse,5-15,-2.1204382157449575,57,-2.1195420076682687,MAP_PMU,1,0.0008962080766887759
0,x_tcsc,1-14,-0.10706752229803727,58,-0.10706081259343138,MAP_PMU,1,6.709704605895039e-06
1,B_svc,2,0.17543472098872728,58,0.17553938300861005,MAP_PMU,1,0.00010466201988276747
2,UPFC_Vsh,5-15,1.1117068634958305,58,1.111661121831751,MAP_PMU,1,4.5741664079557154e-05
3,UPFC_tsh,5-15,-0.23698770948397574,58,-0.2369556253674602,MAP_PMU,1,3.2084116515535e-05
4,UPFC_Vse,5-15,0.05718416422255728,58,0.05781165891457163,MAP_PMU,1,0.0006274946920143479
5,UPFC_tse,5-15,-2.118569137142233,58,-2.1195420076682687,MAP_PMU,1,0.000972870526035674
0,x_tcsc,1-14,-0.10707648262895866,59,-0.10706081259343138,MAP_PMU,1,1.5670035527284853e-05
1,B_svc,2,0.17541706306389582,59,0.17553938300861005,MAP_PMU,1,0.00012231994471423313
2,UPFC_Vsh,5-15,1.111757785033925,59,1.111661121831751,MAP_PMU,1,9.666320217416313e-05
3,UPFC_tsh,5-15,-0.23695685358406532,59,-0.2369556253674602,MAP_PMU,1,1.2282166051147403e-06
4,UPFC_Vse,5-15,0.05798264223482397,59,0.05781165891457163,MAP_PMU,1,0.0001709833202523381
5,UPFC_tse,5-15,-2.1270899252366076,59,-2.1195420076682687,MAP_PMU,1,0.0075479175683388355
0,x_tcsc,1-14,-0.10706998457431954,60,-0.10706081259343138,MAP_PMU,1,9.171980888164621e-06
1,B_svc,2,0.1755736104170721,60,0.17553938300861005,MAP_PMU,1,3.4227408462039755e-05
2,UPFC_Vsh,5-15,1.1117803357548919,60,1.111661121831751,MAP_PMU,1,0.00011921392314095947
3,UPFC_tsh,5-15,-0.23694109862574905,60,-0.2369556253674602,MAP_PMU,1,1.4526741711151647e-05
4,UPFC_Vse,5-15,0.05777580497147931,60,0.05781165891457163,MAP_PMU,1,3.585394309232187e-05
5,UPFC_tse,5-15,-2.11919144954432,60,-2.1195420076682687,MAP_PMU,1,0.0003505581239489075
0,x_tcsc,1-14,-0.1070594314308372,61,-0.10706081259343138,MAP_PMU,1,1.381162594182861e-06
1,B_svc,2,0.1751895411493505,61,0.17553938300861005,MAP_PMU,1,0.00034984185925954203
2,UPFC_Vsh,5-15,1.1115854873887092,61,1.111661121831751,MAP_PMU,1,7.563444304170552e-05
3,UPFC_tsh,5-15,-0.23700079365280116,61,-0.2369556253674602,MAP_PMU,1,4.5168285340957404e-05
4,UPFC_Vse,5-15,0.0579010692368197,61,0.05781165891457163,MAP_PMU,1,8.941032224807355e-05
5,UPFC_tse,5-15,-2.129715985709534,61,-2.1195420076682687,MAP_PMU,1,0.010173978041265297
0,x_tcsc,1-14,-0.10707243465248466,62,-0.10706081259343138,MAP_PMU,1,1.1622059053278955e-05
1,B_svc,2,0.17560751314086454,62,0.17553938300861005,MAP_PMU,1,6.813013225448472e-05
2,UPFC_Vsh,5-15,1.11153356048084,62,1.111661121831751,MAP_PMU,1,0.0001275613509108542
3,UPFC_tsh,5-15,-0.23700734795596207,62,-0.2369556253674602,MAP_PMU,1,5.17225885018624e-05
4,UPFC_Vse,5-15,0.05793323271391549,62,0.05781165891457163,MAP_PMU,1,0.00012157379934386175
5,UPFC_tse,5-15,-2.123635825390032,62,-2.1195420076682687,MAP_PMU,1,0.004093817721763315
0,x_tcsc,1-14,-0.10706705791102164,63,-0.10706081259343138,MAP_PMU,1,6.24531759026159e-06
1,B_svc,2,0.17562419138887048,63,0.17553938300861005,MAP_PMU,1,8.480838026042603e-05
2,UPFC_Vsh,5-15,1.1117568218983165,63,1.111661121831751,MAP_PMU,1,9.570006656556274e-05
3,UPFC_tsh,5-15,-0.2369021920132334,63,-0.2369556253674602,MAP_PMU,1,5.3433354226806173e-05
4,UPFC_Vse,5-15,0.057470066464621654,63,0.05781165891457163,MAP_PMU,1,0.0003415924499499748
5,UPFC_tse,5-15,-2.1142064214050613,63,-2.1195420076682687,MAP_PMU,1,0.005335586263207404
0,x_tcsc,1-14,-0.10706375891821515,64,-0.10706081259343138,MAP_PMU,1,2.946324783772991e-06
1,B_svc,2,0.175689204630929,64,0.17553938300861005,MAP_PMU,1,0.0001498216223189408
2,UPFC_Vsh,5-15,1.111769501879641,64,1.111661121831751,MAP_PMU,1,0.0001083800478900443
3,UPFC_tsh,5-15,-0.23690862622704995,64,-0.2369556253674602,MAP_PMU,1,4.6999140410258766e-05
4,UPFC_Vse,5-15,0.05750824021118546,64,0.05781165891457163,MAP_PMU,1,0.0003034187033861685
5,UPFC_tse,5-15,-2.1221192670858633,64,-2.1195420076682687,MAP_PMU,1,0.0025772594175945684
0,x_tcsc,1-14,-0.10705800469864024,65,-0.10706081259343138,MAP_PMU,1,2.807894791137522e-06
1,B_svc,2,0.1753384418530804,65,0.17553938300861005,MAP_PMU,1,0.00020094115552965475
2,UPFC_Vsh,5-15,1.1117886855835362,65,1.111661121831751,MAP_PMU,1,0.00012756375178524237
3,UPFC_tsh,5-15,-0.23694605520713916,65,-0.2369556253674602,MAP_PMU,1,9.570160321048515e-06
4,UPFC_Vse,5-15,0.05756467616918812,65,0.05781165891457163,MAP_PMU,1,0.0002469827453835116
5,UPFC_tse,5-15,-2.1068080554026105,65,-2.1195420076682687,MAP_PMU,1,0.01273395226565821
0,x_tcsc,1-14,-0.10704641205025205,66,-0.10706081259343138,MAP_PMU,1,1.4400543179332592e-05
1,B_svc,2,0.17563570387885105,66,0.17553938300861005,MAP_PMU,1,9.632087024100122e-05
2,UPFC_Vsh,5-15,1.1118650849213703,66,1.111661121831751,MAP_PMU,1,0.00020396308961934118
3,UPFC_tsh,5-15,-0.23688825002867814,66,-0.2369556253674602,MAP_PMU,1,6.737533878206636e-05
4,UPFC_Vse,5-15,0.05785996274440035,66,0.05781165891457163,MAP_PMU,1,4.830382982871917e-05
5,UPFC_tse,5-15,-2.112703623687879,66,-2.1195420076682687,MAP_PMU,1,0.006838383980389828
0,x_tcsc,1-14,-0.10705658434537636,67,-0.10706081259343138,MAP_PMU,1,4.228248055015982e-06
1,B_svc,2,0.17534539153481302,67,0.17553938300861005,MAP_PMU,1,0.00019399147379703385
2,UPFC_Vsh,5-15,1.111468382844406,67,1.111661121831751,MAP_PMU,1,0.00019273898734484263
3,UPFC_tsh,5-15,-0.236983943054719,67,-0.2369556253674602,MAP_PMU,1,2.8317687258805346e-05
4,UPFC_Vse,5-15,0.05759856496034404,67,0.05781165891457163,MAP_PMU,1,0.0002130939542275903
5,UPFC_tse,5-15,-2.1242477267918614,67,-2.1195420076682687,MAP_PMU,1,0.004705719123592633
0,x_tcsc,1-14,-0.10705647494649284,68,-0.10706081259343138,MAP_PMU,1,4.337646938537554e-06
1,B_svc,2,0.17564052368947253,68,0.17553938300861005,MAP_PMU,1,0.00010114068086247707
2,UPFC_Vsh,5-15,1.1117729723213927,68,1.111661121831751,MAP_PMU,1,0.000111850489641796
3,UPFC_tsh,5-15,-0.23701954638341527,68,-0.2369556253674602,MAP_PMU,1,6.392101595506516e-05
4,UPFC_Vse,5-15,0.057882835812053154,68,0.05781165891457163,MAP_PMU,1,7.117689748152578e-05
5,UPFC_tse,5-15,-2.1192462427193486,68,-2.1195420076682687,MAP_PMU,1,0.0002957649489201408
0,x_tcsc,1-14,-0.1070459192884191,69,-0.10706081259343138,MAP_PMU,1,1.4893305012281255e-05
1,B_svc,2,0.17596262728148676,69,0.17553938300861005,MAP_PMU,1,0.0004232442728767105
2,UPFC_Vsh,5-15,1.1117364478501146,69,1.111661121831751,MAP_PMU,1,7.532601836368613e-05
3,UPFC_tsh,5-15,-0.2369154169849376,69,-0.2369556253674602,MAP_PMU,1,4.020838252261072e-05
4,UPFC_Vse,5-15,0.057255073072292904,69,0.05781165891457163,MAP_PMU,1,0.0005565858422787243
5,UPFC_tse,5-15,-2.118115918908718,69,-2.1195420076682687,MAP_PMU,1,0.0014260887595507477
0,x_tcsc,1-14,-0.10706168005517538,70,-0.10706081259343138,MAP_PMU,1,8.674617440057597e-07
1,B_svc,2,0.17516188491823217,70,0.17553938300861005,MAP_PMU,1,0.00037749809037787574
2,UPFC_Vsh,5-15,1.1118304604510925,70,1.111661121831751,MAP_PMU,1,0.00016933861934154137
3,UPFC_tsh,5-15,-0.23692432794412518,70,-0.2369556253674602,MAP_PMU,1,3.129742333501939e-05
4,UPFC_Vse,5-15,0.05764580308590053,70,0.05781165891457163,MAP_PMU,1,0.0001658558286710965
5,UPFC_tse,5-15,-2.1094017630199553,70,-2.1195420076682687,MAP_PMU,1,0.010140244648313423
0,x_tcsc,1-14,-0.10708399929749442,71,-0.10706081259343138,MAP_PMU,1,2.3186704063038466e-05
1,B_svc,2,0.1753563496073461,71,0.17553938300861005,MAP_PMU,1,0.00018303340126393786
2,UPFC_Vsh,5-15,1.1117227903450917,71,1.111661121831751,MAP_PMU,1,6.16685133407735e-05
3,UPFC_tsh,5-15,-0.2368570770402833,71,-0.2369556253674602,MAP_PMU,1,9.854832717690054e-05
4,UPFC_Vse,5-15,0.05763793448687206,71,0.05781165891457163,MAP_PMU,1,0.0001737244276995703
5,UPFC_tse,5-15,-2.114954796052644,71,-2.1195420076682687,MAP_PMU,1,0.00458721161562492
0,x_tcsc,1-14,-0.10705874232664059,72,-0.10706081259343138,MAP_PMU,1,2.070266790790698e-06
1,B_svc,2,0.1757799619759942,72,0.17553938300861005,MAP_PMU,1,0.0002405789673841363
2,UPFC_Vsh,5-15,1.1119684963390144,72,1.111661121831751,MAP_PMU,1,0.00030737450726348037
3,UPFC_tsh,5-15,-0.23694805052951323,72,-0.2369556253674602,MAP_PMU,1,7.574837946972002e-06
4,UPFC_Vse,5-15,0.05735633909548289,72,0.05781165891457163,MAP_PMU,1,0.000455319819088737
5,UPFC_tse,5-15,-2.1136469482875593,72,-2.1195420076682687,MAP_PMU,1,0.005895059380709444
0,x_tcsc,1-14,-0.10704325316473302,73,-0.10706081259343138,MAP_PMU,1,1.7559428698354917e-05
1,B_svc,2,0.1756681316615228,73,0.17553938300861005,MAP_PMU,1,0.00012874865291273574
2,UPFC_Vsh,5-15,1.111850008770978,73,1.111661121831751,MAP_PMU,1,0.0001888869392270287
3,UPFC_tsh,5-15,-0.23695812645295775,73,-0.2369556253674602,MAP_PMU,1,2.5010854975415775e-06
4,UPFC_Vse,5-15,0.057322350191815495,73,0.05781165891457163,MAP_PMU,1,0.0004893087227561335
5,UPFC_tse,5-15,-2.1178761044325127,73,-2.1195420076682687,MAP_PMU,1,0.0016659032357559944
0,x_tcsc,1-14,-0.10707611513185727,74,-0.10706081259343138,MAP_PMU,1,1.5302538425895906e-05
1,B_svc,2,0.17560490896975015,74,0.17553938300861005,MAP_PMU,1,6.55259611400949e-05
2,UPFC_Vsh,5-15,1.111849995216923,74,1.111661121831751,MAP_PMU,1,0.00018887338517203922
3,UPFC_tsh,5-15,-0.23700982419835095,74,-0.2369556253674602,MAP_PMU,1,5.4198830890750394e-05
4,UPFC_Vse,5-15,0.057758994248203924,74,0.05781165891457163,MAP_PMU,1,5.266466636770495e-05
5,UPFC_tse,5-15,-2.121074253199568,74,-2.1195420076682687,MAP_PMU,1,0.001532245531299381
0,x_tcsc,1-14,-0.1070393447722744,75,-0.10706081259343138,MAP_PMU,1,2.1467821156972988e-05
1,B_svc,2,0.1754296409140714,75,0.17553938300861005,MAP_PMU,1,0.00010974209453865069
2,UPFC_Vsh,5-15,1.1118208011666568,75,1.111661121831751,MAP_PMU,1,0.00015967933490590447
3,UPFC_tsh,5-15,-0.23696162926310238,75,-0.2369556253674602,MAP_PMU,1,6.00389564217596e-06
4,UPFC_Vse,5-15,0.05738073336401928,75,0.05781165891457163,MAP_PMU,1,0.00043092555055234544
5,UPFC_tse,5-15,-2.1161495073636254,75,-2.1195420076682687,MAP_PMU,1,0.003392500304643331
0,x_tcsc,1-14,-0.10705411924327206,76,-0.10706081259343138,MAP_PMU,1,6.693350159320266e-06
1,B_svc,2,0.17596139978173678,76,0.17553938300861005,MAP_PMU,1,0.0004220167731267266
2,UPFC_Vsh,5-15,1.1113384256584884,76,1.111661121831751,MAP_PMU,1,0.00032269617326252664
3,UPFC_tsh,5-15,-0.23700665827375503,76,-0.2369556253674602,MAP_PMU,1,5.103290629482338e-05
4,UPFC_Vse,5-15,0.05781386586165184,76,0.05781165891457163,MAP_PMU,1,2.2069470802105196e-06
5,UPFC_tse,5-15,-2.1186016305834423,76,-2.1195420076682687,MAP_PMU,1,0.0009403770848264159
0,x_tcsc,1-14,-0.10705025208379063,77,-0.10706081259343138,MAP_PMU,1,1.0560509640752946e-05
1,B_svc,2,0.1756848054953394,77,0.17553938300861005,MAP_PMU,1,0.00014542248672935743
2,UPFC_Vsh,5-15,1.1115074614207197,77,1.111661121831751,MAP_PMU,1,0.0001536604110312645
3,UPFC_tsh,5-15,-0.23700945295441955,77,-0.2369556253674602,MAP_PMU,1,5.382758695934853e-05
4,UPFC_Vse,5-15,0.05762145521809838,77,0.05781165891457163,MAP_PMU,1,0.00019020369647324703
5,UPFC_tse,5-15,-2.113577542850028,77,-2.1195420076682687,MAP_PMU,1,0.005964464818240867
0,x_tcsc,1-14,-0.10706312700251892,78,-0.10706081259343138,MAP_PMU,1,2.3144090875448775e-06
1,B_svc,2,0.17532340058637577,78,0.17553938300861005,MAP_PMU,1,0.00021598242223427877
2,UPFC_Vsh,5-15,1.111623949795299,78,1.111661121831751,MAP_PMU,1,3.717203645181577e-05
3,UPFC_tsh,5-15,-0.2368921659030992,78,-0.2369556253674602,MAP_PMU,1,6.34594643610098e-05
4,UPFC_Vse,5-15,0.05774516833904644,78,0.05781165891457163,MAP_PMU,1,6.649057552518545e-05
5,UPFC_tse,5-15,-2.122437200789741,78,-2.1195420076682687,MAP_PMU,1,0.0028951931214722393
0,x_tcsc,1-14,-0.1070697109586903,79,-0.10706081259343138,MAP_PMU,1,8.89836525892751e-06
1,B_svc,2,0.17555952185490317,79,0.17553938300861005,MAP_PMU,1,2.0138846293121793e-05
2,UPFC_Vsh,5-15,1.1115989576429184,79,1.111661121831751,MAP_PMU,1,6.216418883253638e-05
3,UPFC_tsh,5-15,-0.23705342321505732,79,-0.2369556253674602,MAP_PMU,1,9.779784759711418e-05
4,UPFC_Vse,5-15,0.05766534956388315,79,0.05781165891457163,MAP_PMU,1,0.0001463093506884755
5,UPFC_tse,5-15,-2.1267402096834815,79,-2.1195420076682687,MAP_PMU,1,0.007198202015212818
0,x_tcsc,1-14,-0.10705881156000421,80,-0.10706081259343138,MAP_PMU,1,2.0010334271652885e-06
1,B_svc,2,0.1754593966883197,80,0.17553938300861005,MAP_PMU,1,7.998632029035391e-05
2,UPFC_Vsh,5-15,1.1117358117420415,80,1.111661121831751,MAP_PMU,1,7.468991029058181e-05
3,UPFC_tsh,5-15,-0.23696841485078207,80,-0.2369556253674602,MAP_PMU,1,1.27894833218678e-05
4,UPFC_Vse,5-15,0.057790206592864206,80,0.05781165891457163,MAP_PMU,1,2.1452321707422783e-05
5,UPFC_tse,5-15,-2.12281426409847,80,-2.1195420076682687,MAP_PMU,1,0.003272256430201459
0,x_tcsc,1-14,-0.10706677964702735,81,-0.10706081259343138,MAP_PMU,1,5.967053595970495e-06
1,B_svc,2,0.17559649540232117,81,0.17553938300861005,MAP_PMU,1,5.7112393711117315e-05
2,UPFC_Vsh,5-15,1.1114888758691521,81,1.111661121831751,MAP_PMU,1,0.00017224596259879377
3,UPFC_tsh,5-15,-0.23699036450977043,81,-0.2369556253674602,MAP_PMU,1,3.473914231022501e-05
4,UPFC_Vse,5-15,0.057265316954562565,81,0.05781165891457163,MAP_PMU,1,0.0005463419600090641
5,UPFC_tse,5-15,-2.1310622428995947,81,-2.1195420076682687,MAP_PMU,1,0.011520235231325948
0,x_tcsc,1-14,-0.10705966039812068,82,-0.10706081259343138,MAP_PMU,1,1.1521953107024308e-06
1,B_svc,2,0.17566345407404774,82,0.17553938300861005,MAP_PMU,1,0.00012407106543768642
2,UPFC_Vsh,5-15,1.1112678273301981,82,1.111661121831751,MAP_PMU,1,0.0003932945015527878
3,UPFC_tsh,5-15,-0.23700582933538902,82,-0.2369556253674602,MAP_PMU,1,5.020396792881909e-05
4,UPFC_Vse,5-15,0.05786237891666652,82,0.05781165891457163,MAP_PMU,1,5.072000209489086e-05
5,UPFC_tse,5-15,-2.1200910667843376,82,-2.1195420076682687,MAP_PMU,1,0.0005490591160688396
0,x_tcsc,1-14,-0.10705308278347347,83,-0.10706081259343138,MAP_PMU,1,7.729809957904288e-06
1,B_svc,2,0.1759801490955087,83,0.17553938300861005,MAP_PMU,1,0.0004407660868986363
2,UPFC_Vsh,5-15,1.1115793906367297,83,1.111661121831751,MAP_PMU,1,8.173119502119519e-05
3,UPFC_tsh,5-15,-0.23693695131473452,83,-0.2369556253674602,MAP_PMU,1,1.8674052725681234e-05
4,UPFC_Vse,5-15,0.05780575666320452,83,0.05781165891457163,MAP_PMU,1,5.9022513671097565e-06
5,UPFC_tse,5-15,-2.112164785593158,83,-2.1195420076682687,MAP_PMU,1,0.007377222075110712
0,x_tcsc,1-14,-0.10706591803132476,84,-0.10706081259343138,MAP_PMU,1,5.105437893379583e-06
1,B_svc,2,0.17556146110462922,84,0.17553938300861005,MAP_PMU,1,2.2078096019173543e-05
2,UPFC_Vsh,5-15,1.1120212370681475,84,1.111661121831751,MAP_PMU,1,0.0003601152363965632
3,UPFC_tsh,5-15,-0.2368859787117688,84,-0.2369556253674602,MAP_PMU,1,6.964665569139661e-05
4,UPFC_Vse,5-15,0.0576822368460151,84,0.05781165891457163,MAP_PMU,1,0.0001294220685565256
5,UPFC_tse,5-15,-2.1086099150147826,84,-2.1195420076682687,MAP_PMU,1,0.010932092653486158
0,x_tcsc,1-14,-0.10705660880989606,85,-0.10706081259343138,MAP_PMU,1,4.203783535314254e-06
1,B_svc,2,0.17547110680673594,85,0.17553938300861005,MAP_PMU,1,6.827620187410677e-05
2,UPFC_Vsh,5-15,1.1118233499215744,85,1.111661121831751,MAP_PMU,1,0.00016222808982346848
3,UPFC_tsh,5-15,-0.2369277218089282,85,-0.2369556253674602,MAP_PMU,1,2.790355853199422e-05
4,UPFC_Vse,5-15,0.05745750503812946,85,0.05781165891457163,MAP_PMU,1,0.0003541538764421717
5,UPFC_tse,5-15,-2.1228245929537737,85,-2.1195420076682687,MAP_PMU,1,0.0032825852855049575
0,x_tcsc,1-14,-0.10706428523177883,86,-0.10706081259343138,MAP_PMU,1,3.472638347448709e-06
1,B_svc,2,0.1755018040550971,86,0.17553938300861005,MAP_PMU,1,3.75789535129456e-05
2,UPFC_Vsh,5-15,1.111574274099015,86,1.111661121831751,MAP_PMU,1,8.684773273581747e-05
3,UPFC_tsh,5-15,-0.2369413907821457,86,-0.2369556253674602,MAP_PMU,1,1.4234585314493176e-05
4,UPFC_Vse,5-15,0.057957539693575,86,0.05781165891457163,MAP_PMU,1,0.00014588077900336976
5,UPFC_tse,5-15,-2.1183055644232565,86,-2.1195420076682687,MAP_PMU,1,0.0012364432450122642
0,x_tcsc,1-14,-0.10705028532180351,87,-0.10706081259343138,MAP_PMU,1,1.0527271627869261e-05
1,B_svc,2,0.17558624527382344,87,0.17553938300861005,MAP_PMU,1,4.6862265213387655e-05
2,UPFC_Vsh,5-15,1.1118346518336277,87,1.111661121831751,MAP_PMU,1,0.00017353000187680934
3,UPFC_tsh,5-15,-0.23690998201955943,87,-0.2369556253674602,MAP_PMU,1,4.564334790077562e-05
4,UPFC_Vse,5-15,0.0571068533879795,87,0.05781165891457163,MAP_PMU,1,0.0007048055265921269
5,UPFC_tse,5-15,-2.1114018229385807,87,-2.1195420076682687,MAP_PMU,1,0.008140184729688027
0,x_tcsc,1-14,-0.10706293233149572,88,-0.10706081259343138,MAP_PMU,1,2.119738064340626e-06
1,B_svc,2,0.1762112531478704,88,0.17553938300861005,MAP_PMU,1,0.0006718701392603443
2,UPFC_Vsh,5-15,1.1114604798045962,88,1.111661121831751,MAP_PMU,1,0.00020064202715475155
3,UPFC_tsh,5-15,-0.23696696575709206,88,-0.2369556253674602,MAP_PMU,1,1.1340389631853132e-05
4,UPFC_Vse,5-15,0.0576517885881818,88,0.05781165891457163,MAP_PMU,1,0.00015987032638983129
5,UPFC_tse,5-15,-2.1255779169265474,88,-2.1195420076682687,MAP_PMU,1,0.006035909258278682
0,x_tcsc,1-14,-0.1070671645078507,89,-0.10706081259343138,MAP_PMU,1,6.351914419319704e-06
1,B_svc,2,0.17541371969289093,89,0.17553938300861005,MAP_PMU,1,0.0001256633157191156
2,UPFC_Vsh,5-15,1.111926158367366,89,1.111661121831751,MAP_PMU,1,0.0002650365356151596
3,UPFC_tsh,5-15,-0.2369304490497908,89,-0.2369556253674602,MAP_PMU,1,2.5176317669406423e-05
4,UPFC_Vse,5-15,0.05740625035944663,89,0.05781165891457163,MAP_PMU,1,0.0004054085551249975
5,UPFC_tse,5-15,-2.1164969133042963,89,-2.1195420076682687,MAP_PMU,1,0.003045094363972378
0,x_tcsc,1-14,-0.10705359435733823,90,-0.10706081259343138,MAP_PMU,1,7.218236093148311e-06
1,B_svc,2,0.17510817611293525,90,0.17553938300861005,MAP_PMU,1,0.00043120689567480164
2,UPFC_Vsh,5-15,1.1115379516711066,90,1.111661121831751,MAP_PMU,1,0.00012317016064433695
3,UPFC_tsh,5-15,-0.23692479909650194,90,-0.2369556253674602,MAP_PMU,1,3.08262709582674e-05
4,UPFC_Vse,5-15,0.05775494537685166,90,0.05781165891457163,MAP_PMU,1,5.671353771996568e-05
5,UPFC_tse,5-15,-2.1134814040645247,90,-2.1195420076682687,MAP_PMU,1,0.0060606036037440525
0,x_tcsc,1-14,-0.10705366521527522,91,-0.10706081259343138,MAP_PMU,1,7.1473781561581795e-06
1,B_svc,2,0.17541349987732077,91,0.17553938300861005,MAP_PMU,1,0.0001258831312892783
2,UPFC_Vsh,5-15,1.1117621308487433,91,1.111661121831751,MAP_PMU,1,0.00010100901699239273
3,UPFC_tsh,5-15,-0.23695962110472277,91,-0.2369556253674602,MAP_PMU,1,3.995737262563193e-06
4,UPFC_Vse,5-15,0.0575731441784819,91,0.05781165891457163,MAP_PMU,1,0.00023851473608972606
5,UPFC_tse,5-15,-2.1319217764257017,91,-2.1195420076682687,MAP_PMU,1,0.012379768757432963
0,x_tcsc,1-14,-0.10706635933615959,92,-0.10706081259343138,MAP_PMU,1,5.546742728207432e-06
1,B_svc,2,0.1754527355113875,92,0.17553938300861005,MAP_PMU,1,8.664749722256393e-05
2,UPFC_Vsh,5-15,1.1116460509145867,92,1.111661121831751,MAP_PMU,1,1.5070917164239361e-05
3,UPFC_tsh,5-15,-0.23696179550758362,92,-0.2369556253674602,MAP_PMU,1,6.17014012341266e-06
4,UPFC_Vse,5-15,0.05813365178879317,92,0.05781165891457163,MAP_PMU,1,0.0003219928742215425
5,UPFC_tse,5-15,-2.108721741119821,92,-2.1195420076682687,MAP_PMU,1,0.010820266548447588
0,x_tcsc,1-14,-0.10707022089832688,93,-0.10706081259343138,MAP_PMU,1,9.408304895500152e-06
1,B_svc,2,0.1751833252205168,93,0.17553938300861005,MAP_PMU,1,0.0003560577880932503
2,UPFC_Vsh,5-15,1.1115117057821406,93,1.111661121831751,MAP_PMU,1,0.00014941604961027366
3,UPFC_tsh,5-15,-0.23690097019638925,93,-0.2369556253674602,MAP_PMU,1,5.465517107094975e-05
4,UPFC_Vse,5-15,0.05825270831344728,93,0.05781165891457163,MAP_PMU,1,0.00044104939887565364
5,UPFC_tse,5-15,-2.119587850536796,93,-2.1195420076682687,MAP_PMU,1,4.584286852749031e-05
0,x_tcsc,1-14,-0.10707218084843836,94,-0.10706081259343138,MAP_PMU,1,1.1368255006985462e-05
1,B_svc,2,0.17522158737714796,94,0.17553938300861005,MAP_PMU,1,0.00031779563146208667
2,UPFC_Vsh,5-15,1.1115041990455685,94,1.111661121831751,MAP_PMU,1,0.00015692278618240074
3,UPFC_tsh,5-15,-0.23697262779808653,94,-0.2369556253674602,MAP_PMU,1,1.7002430626328335e-05
4,UPFC_Vse,5-15,0.057094416561723635,94,0.05781165891457163,MAP_PMU,1,0.0007172423528479938
5,UPFC_tse,5-15,-2.106750830442869,94,-2.1195420076682687,MAP_PMU,1,0.012791177225399686
0,x_tcsc,1-14,-0.10704312601623943,95,-0.10706081259343138,MAP_PMU,1,1.768657719194988e-05
1,B_svc,2,0.17554451676164867,95,0.17553938300861005,MAP_PMU,1,5.133753038621958e-06
2,UPFC_Vsh,5-15,1.1118186370334635,95,1.111661121831751,MAP_PMU,1,0.00015751520171258804
3,UPFC_tsh,5-15,-0.23693448194728242,95,-0.2369556253674602,MAP_PMU,1,2.11434201777827e-05
4,UPFC_Vse,5-15,0.058012761774648244,95,0.05781165891457163,MAP_PMU,1,0.0002011028600766157
5,UPFC_tse,5-15,-2.1247070746712673,95,-2.1195420076682687,MAP_PMU,1,0.005165067002998569
0,x_tcsc,1-14,-0.10705223321440432,96,-0.10706081259343138,MAP_PMU,1,8.579379027054412e-06
1,B_svc,2,0.1749774439583094,96,0.17553938300861005,MAP_PMU,1,0.0005619390503006638
2,UPFC_Vsh,5-15,1.1117321441506751,96,1.111661121831751,MAP_PMU,1,7.102231892419653e-05
3,UPFC_tsh,5-15,-0.23685706084166844,96,-0.2369556253674602,MAP_PMU,1,9.856452579176667e-05
4,UPFC_Vse,5-15,0.056785819041396735,96,0.05781165891457163,MAP_PMU,1,0.0010258398731748941
5,UPFC_tse,5-15,-2.1233277380496913,96,-2.1195420076682687,MAP_PMU,1,0.003785730381422603
0,x_tcsc,1-14,-0.10707456947882626,97,-0.10706081259343138,MAP_PMU,1,1.3756885394886065e-05
1,B_svc,2,0.1756785635120589,97,0.17553938300861005,MAP_PMU,1,0.0001391805034488547
2,UPFC_Vsh,5-15,1.112080217934602,97,1.111661121831751,MAP_PMU,1,0.0004190961028511797
3,UPFC_tsh,5-15,-0.2368892780020689,97,-0.2369556253674602,MAP_PMU,1,6.634736539129493e-05
4,UPFC_Vse,5-15,0.05774559912081939,97,0.05781165891457163,MAP_PMU,1,6.60597937522378e-05
5,UPFC_tse,5-15,-2.1144526928432663,97,-2.1195420076682687,MAP_PMU,1,0.005089314825002411
0,x_tcsc,1-14,-0.10706100592692637,98,-0.10706081259343138,MAP_PMU,1,1.933334949910659e-07
1,B_svc,2,0.17555987013076083,98,0.17553938300861005,MAP_PMU,1,2.0487122150775194e-05
2,UPFC_Vsh,5-15,1.1116314555716333,98,1.111661121831751,MAP_PMU,1,2.9666260117577892e-05
3,UPFC_tsh,5-15,-0.2369608305774849,98,-0.2369556253674602,MAP_PMU,1,5.205210024700202e-06
4,UPFC_Vse,5-15,0.05766266283629809,98,0.05781165891457163,MAP_PMU,1,0.0001489960782735389
5,UPFC_tse,5-15,-2.1200364605661104,98,-2.1195420076682687,MAP_PMU,1,0.0004944528978416685
0,x_tcsc,1-14,-0.10703938313024433,99,-0.10706081259343138,MAP_PMU,1,2.1429463187047637e-05
1,B_svc,2,0.1758922344428197,99,0.17553938300861005,MAP_PMU,1,0.0003528514342096556
2,UPFC_Vsh,5-15,1.1116745141750568,99,1.111661121831751,MAP_PMU,1,1.339234330588468e-05
3,UPFC_tsh,5-15,-0.23701490651565404,99,-0.2369556253674602,MAP_PMU,1,5.928114819384045e-05
4,UPFC_Vse,5-15,0.058239633179018126,99,0.05781165891457163,MAP_PMU,1,0.00042797426444649705
5,UPFC_tse,5-15,-2.126527348287799,99,-2.1195420076682687,MAP_PMU,1,0.006985340619530156
0,x_tcsc,1-14,-0.1082005414558825,0,-0.10819317341787957,MAP_PMU,3,7.368038002927846e-06
1,B_svc,2,0.17657827105909177,0,0.17690161548655275,MAP_PMU,3,0.00032334442746098646
2,UPFC_Vsh,5-15,1.1116302348430536,0,1.1111651850922628,MAP_PMU,3,0.00046504975079075805
3,UPFC_tsh,5-15,-0.2358439283295724,0,-0.2358406885264805,MAP_PMU,3,3.239803091914517e-06
4,UPFC_Vse,5-15,0.05779594262463925,0,0.05832852764386398,MAP_PMU,3,0.0005325850192247281
5,UPFC_tse,5-15,-2.121392628218721,0,-2.1215779562533372,MAP_PMU,3,0.00018532803461601688
0,x_tcsc,1-14,-0.1082006037271189,1,-0.10819317341787957,MAP_PMU,3,7.430309239331301e-06
1,B_svc,2,0.17707380915001594,1,0.17690161548655275,MAP_PMU,3,0.0001721936634631882
2,UPFC_Vsh,5-15,1.1113218227522992,1,1.1111651850922628,MAP_PMU,3,0.00015663766003637392
3,UPFC_tsh,5-15,-0.23584696411577158,1,-0.2358406885264805,MAP_PMU,3,6.275589291088179e-06
4,UPFC_Vse,5-15,0.05776509851471367,1,0.05832852764386398,MAP_PMU,3,0.0005634291291503127
5,UPFC_tse,5-15,-2.122265569868198,1,-2.1215779562533372,MAP_PMU,3,0.0006876136148608047
0,x_tcsc,1-14,-0.10819909631513461,2,-0.10819317341787957,MAP_PMU,3,5.922897255039583e-06
1,B_svc,2,0.1771291630257099,2,0.17690161548655275,MAP_PMU,3,0.00022754753915715797
2,UPFC_Vsh,5-15,1.111562830677854,2,1.1111651850922628,MAP_PMU,3,0.0003976455855911887
3,UPFC_tsh,5-15,-0.23594033233232345,2,-0.2358406885264805,MAP_PMU,3,9.964380584295829e-05
4,UPFC_Vse,5-15,0.05829389471200913,2,0.05832852764386398,MAP_PMU,3,3.4632931854849947e-05
5,UPFC_tse,5-15,-2.1305502015865816,2,-2.1215779562533372,MAP_PMU,3,0.008972245333244366
0,x_tcsc,1-14,-0.10819606398364794,3,-0.10819317341787957,MAP_PMU,3,2.890565768368103e-06
1,B_svc,2,0.1762143339963539,3,0.17690161548655275,MAP_PMU,3,0.0006872814901988655
2,UPFC_Vsh,5-15,1.1117573292583212,3,1.1111651850922628,MAP_PMU,3,0.0005921441660583504
3,UPFC_tsh,5-15,-0.23585092417428308,3,-0.2358406885264805,MAP_PMU,3,1.0235647802586678e-05
4,UPFC_Vse,5-15,0.05763189654505664,3,0.05832852764386398,MAP_PMU,3,0.0006966310988073404
5,UPFC_tse,5-15,-2.123108302689888,3,-2.1215779562533372,MAP_PMU,3,0.0015303464365508113
0,x_tcsc,1-14,-0.10820019865654616,4,-0.10819317341787957,MAP_PMU,3,7.0252386665942135e-06
1,B_svc,2,0.17720895527124012,4,0.17690161548655275,MAP_PMU,3,0.00030733978468736045
2,UPFC_Vsh,5-15,1.1118080884719255,4,1.1111651850922628,MAP_PMU,3,0.0006429033796626626
3,UPFC_tsh,5-15,-0.2357934173438371,4,-0.2358406885264805,MAP_PMU,3,4.727118264338803e-05
4,UPFC_Vse,5-15,0.05777868734129924,4,0.05832852764386398,MAP_PMU,3,0.00054984030256474
5,UPFC_tse,5-15,-2.108281655603379,4,-2.1215779562533372,MAP_PMU,3,0.013296300649958237
0,x_tcsc,1-14,-0.10817547288270409,5,-0.10819317341787957,MAP_PMU,3,1.7700535175482757e-05
1,B_svc,2,0.17698569082046822,5,0.17690161548655275,MAP_PMU,3,8.407533391546762e-05
2,UPFC_Vsh,5-15,1.1118050397174555,5,1.1111651850922628,MAP_PMU,3,0.0006398546251926707
3,UPFC_tsh,5-15,-0.23582572684214262,5,-0.2358406885264805,MAP_PMU,3,1.4961684337871928e-05
4,UPFC_Vse,5-15,0.05770236839100598,5,0.05832852764386398,MAP_PMU,3,0.0006261592528579996
5,UPFC_tse,5-15,-2.1105058869624305,5,-2.1215779562533372,MAP_PMU,3,0.01107206929090676
0,x_tcsc,1-14,-0.10818372176141625,6,-0.10819317341787957,MAP_PMU,3,9.4516564633218e-06
1,B_svc,2,0.17675433003444435,6,0.17690161548655275,MAP_PMU,3,0.00014728545210840327
2,UPFC_Vsh,5-15,1.1116225492941538,6,1.1111651850922628,MAP_PMU,3,0.00045736420189101956
3,UPFC_tsh,5-15,-0.2358506718579706,6,-0.2358406885264805,MAP_PMU,3,9.98333149010433e-06
4,UPFC_Vse,5-15,0.05796525001956086,6,0.05832852764386398,MAP_PMU,3,0.0003632776243031183
5,UPFC_tse,5-15,-2.1222671863382194,6,-2.1215779562533372,MAP_PMU,3,0.0006892300848821975
0,x_tcsc,1-14,-0.1081984927891954,7,-0.10819317341787957,MAP_PMU,3,5.319371315828936e-06
1,B_svc,2,0.1770822886842126,7,0.17690161548655275,MAP_PMU,3,0.000180673197659853
2,UPFC_Vsh,5-15,1.111412226092656,7,1.1111651850922628,MAP_PMU,3,0.0002470410003931889
3,UPFC_tsh,5-15,-0.23581087113288346,7,-0.2358406885264805,MAP_PMU,3,2.9817393597031394e-05
4,UPFC_Vse,5-15,0.05751986506316593,7,0.05832852764386398,MAP_PMU,3,0.0008086625806980538
5,UPFC_tse,5-15,-2.118142839456994,7,-2.1215779562533372,MAP_PMU,3,0.0034351167963433404
0,x_tcsc,1-14,-0.10821009873052918,8,-0.10819317341787957,MAP_PMU,3,1.6925312649615498e-05
1,B_svc,2,0.17701079906229572,8,0.17690161548655275,MAP_PMU,3,0.000109183575742966
2,UPFC_Vsh,5-15,1.1114706706892294,8,1.1111651850922628,MAP_PMU,3,0.000305485596966637
3,UPFC_tsh,5-15,-0.23588232798855133,8,-0.2358406885264805,MAP_PMU,3,4.163946207083602e-05
4,UPFC_Vse,5-15,0.057913525264091645,8,0.05832852764386398,MAP_PMU,3,0.00041500237977233623
5,UPFC_tse,5-15,-2.1293073457504996,8,-2.1215779562533372,MAP_PMU,3,0.007729389497162398
0,x_tcsc,1-14,-0.10818423706077254,9,-0.10819317341787957,MAP_PMU,3,8.936357107025561e-06
1,B_svc,2,0.1769438316438025,9,0.17690161548655275,MAP_PMU,3,4.2216157249752584e-05
2,UPFC_Vsh,5-15,1.1117601155816572,9,1.1111651850922628,MAP_PMU,3,0.0005949304893944074
3,UPFC_tsh,5-15,-0.23582236969201514,9,-0.2358406885264805,MAP_PMU,3,1.8318834465347322e-05
4,UPFC_Vse,5-15,0.057970702841083126,9,0.05832852764386398,MAP_PMU,3,0.0003578248027808553
5,UPFC_tse,5-15,-2.113037702956065,9,-2.1215779562533372,MAP_PMU,3,0.008540253297272038
0,x_tcsc,1-14,-0.10818652368702214,10,-0.10819317341787957,MAP_PMU,3,6.649730857427594e-06
1,B_svc,2,0.17676497054774054,10,0.17690161548655275,MAP_PMU,3,0.00013664493881221373
2,UPFC_Vsh,5-15,1.1113062933661968,10,1.1111651850922628,MAP_PMU,3,0.0001411082739339875
3,UPFC_tsh,5-15,-0.23587165448335828,10,-0.2358406885264805,MAP_PMU,3,3.096595687779313e-05
4,UPFC_Vse,5-15,0.057458111576045794,10,0.05832852764386398,MAP_PMU,3,0.0008704160678181874
5,UPFC_tse,5-15,-2.1196301995808247,10,-2.1215779562533372,MAP_PMU,3,0.0019477566725125683
0,x_tcsc,1-14,-0.10818141974955812,11,-0.10819317341787957,MAP_PMU,3,1.175366832144309e-05
1,B_svc,2,0.176907594091393,11,0.17690161548655275,MAP_PMU,3,5.978604840251034e-06
2,UPFC_Vsh,5-15,1.111581996145022,11,1.1111651850922628,MAP_PMU,3,0.0004168110527591473
3,UPFC_tsh,5-15,-0.23578333485079578,11,-0.2358406885264805,MAP_PMU,3,5.735367568471261e-05
4,UPFC_Vse,5-15,0.05720258850793639,11,0.05832852764386398,MAP_PMU,3,0.001125939135927588
5,UPFC_tse,5-15,-2.1161476326603923,11,-2.1215779562533372,MAP_PMU,3,0.00543032359294493
0,x_tcsc,1-14,-0.10818685682162321,12,-0.10819317341787957,MAP_PMU,3,6.316596256356055e-06
1,B_svc,2,0.17674990141085833,12,0.17690161548655275,MAP_PMU,3,0.0001517140756944202
2,UPFC_Vsh,5-15,1.111883026956873,12,1.1111651850922628,MAP_PMU,3,0.0007178418646101026
3,UPFC_tsh,5-15,-0.23575750998034978,12,-0.2358406885264805,MAP_PMU,3,8.31785461307133e-05
4,UPFC_Vse,5-15,0.05755179449714052,12,0.05832852764386398,MAP_PMU,3,0.0007767331467234614
5,UPFC_tse,5-15,-2.113770101074476,12,-2.1215779562533372,MAP_PMU,3,0.007807855178861178
0,x_tcsc,1-14,-0.10818848336743324,13,-0.10819317341787957,MAP_PMU,3,4.690050446329308e-06
1,B_svc,2,0.17656782290218254,13,0.17690161548655275,MAP_PMU,3,0.0003337925843702183
2,UPFC_Vsh,5-15,1.1120516166862096,13,1.1111651850922628,MAP_PMU,3,0.000886431593946746
3,UPFC_tsh,5-15,-0.235731858059444,13,-0.2358406885264805,MAP_PMU,3,0.00010883046703649701
4,UPFC_Vse,5-15,0.05725153548700501,13,0.05832852764386398,MAP_PMU,3,0.001076992156858969
5,UPFC_tse,5-15,-2.111146316439314,13,-2.1215779562533372,MAP_PMU,3,0.010431639814023175
0,x_tcsc,1-14,-0.10819923554628932,14,-0.10819317341787957,MAP_PMU,3,6.062128409756173e-06
1,B_svc,2,0.1768087571535262,14,0.17690161548655275,MAP_PMU,3,9.2858333026552e-05
2,UPFC_Vsh,5-15,1.111630961641203,14,1.1111651850922628,MAP_PMU,3,0.00046577654894019993
3,UPFC_tsh,5-15,-0.2358306319096179,14,-0.2358406885264805,MAP_PMU,3,1.0056616862597068e-05
4,UPFC_Vse,5-15,0.05780608411801994,14,0.05832852764386398,MAP_PMU,3,0.0005224435258440394
5,UPFC_tse,5-15,-2.113115916751114,14,-2.1215779562533372,MAP_PMU,3,0.008462039502223018
0,x_tcsc,1-14,-0.10818373330683254,15,-0.10819317341787957,MAP_PMU,3,9.44011104703213e-06
1,B_svc,2,0.17649196970345066,15,0.17690161548655275,MAP_PMU,3,0.0004096457831020972
2,UPFC_Vsh,5-15,1.1114092428601405,15,1.1111651850922628,MAP_PMU,3,0.0002440577678777256
3,UPFC_tsh,5-15,-0.23594519151109047,15,-0.2358406885264805,MAP_PMU,3,0.0001045029846099832
4,UPFC_Vse,5-15,0.058111784708978965,15,0.05832852764386398,MAP_PMU,3,0.00021674293488501556
5,UPFC_tse,5-15,-2.1252624653574985,15,-2.1215779562533372,MAP_PMU,3,0.003684509104161293
0,x_tcsc,1-14,-0.10821382158768258,16,-0.10819317341787957,MAP_PMU,3,2.064816980301698e-05
1,B_svc,2,0.1766038021128664,16,0.17690161548655275,MAP_PMU,3,0.0002978133736863675
2,UPFC_Vsh,5-15,1.1114206106003368,16,1.1111651850922628,MAP_PMU,3,0.0002554255080740031
3,UPFC_tsh,5-15,-0.23591218391345917,16,-0.2358406885264805,MAP_PMU,3,7.149538697867608e-05
4,UPFC_Vse,5-15,0.058290637285221235,16,0.05832852764386398,MAP_PMU,3,3.78903586427462e-05
5,UPFC_tse,5-15,-2.124333008646138,16,-2.1215779562533372,MAP_PMU,3,0.0027550523928008275
0,x_tcsc,1-14,-0.10819842160675262,17,-0.10819317341787957,MAP_PMU,3,5.248188873055448e-06
1,B_svc,2,0.17689833421609616,17,0.17690161548655275,MAP_PMU,3,3.281270456595431e-06
2,UPFC_Vsh,5-15,1.1118193528987035,17,1.1111651850922628,MAP_PMU,3,0.0006541678064406753
3,UPFC_tsh,5-15,-0.23583610775434638,17,-0.2358406885264805,MAP_PMU,3,4.580772134110678e-06
4,UPFC_Vse,5-15,0.057397398222145436,17,0.05832852764386398,MAP_PMU,3,0.0009311294217185448
5,UPFC_tse,5-15,-2.108302496381475,17,-2.1215779562533372,MAP_PMU,3,0.013275459871862072
0,x_tcsc,1-14,-0.10819825439539503,18,-0.10819317341787957,MAP_PMU,3,5.080977515461993e-06
1,B_svc,2,0.1765936274545126,18,0.17690161548655275,MAP_PMU,3,0.00030798803204015734
2,UPFC_Vsh,5-15,1.111581765512046,18,1.1111651850922628,MAP_PMU,3,0.0004165804197830969
3,UPFC_tsh,5-15,-0.23588602253888893,18,-0.2358406885264805,MAP_PMU,3,4.533401240844337e-05
4,UPFC_Vse,5-15,0.05831230540749889,18,0.05832852764386398,MAP_PMU,3,1.622223636509046e-05
5,UPFC_tse,5-15,-2.1173277873757823,18,-2.1215779562533372,MAP_PMU,3,0.004250168877554916
0,x_tcsc,1-14,-0.1081861510433201,19,-0.10819317341787957,MAP_PMU,3,7.022374559462197e-06
1,B_svc,2,0.17729545092369797,19,0.17690161548655275,MAP_PMU,3,0.00039383543714521796
2,UPFC_Vsh,5-15,1.1110584401345212,19,1.1111651850922628,MAP_PMU,3,0.00010674495774165571
3,UPFC_tsh,5-15,-0.23594804558444757,19,-0.2358406885264805,MAP_PMU,3,0.00010735705796707795
4,UPFC_Vse,5-15,0.0578011448601818,19,0.05832852764386398,MAP_PMU,3,0.0005273827836821815
5,UPFC_tse,5-15,-2.131487122802112,19,-2.1215779562533372,MAP_PMU,3,0.009909166548774717
0,x_tcsc,1-14,-0.10817500106621666,20,-0.10819317341787957,MAP_PMU,3,1.8172351662903985e-05
1,B_svc,2,0.1765263060054641,20,0.17690161548655275,MAP_PMU,3,0.00037530948108865925
2,UPFC_Vsh,5-15,1.1117701712823154,20,1.1111651850922628,MAP_PMU,3,0.0006049861900525588
3,UPFC_tsh,5-15,-0.23583453779736838,20,-0.2358406885264805,MAP_PMU,3,6.150729112114339e-06
4,UPFC_Vse,5-15,0.057474212367142646,20,0.05832852764386398,MAP_PMU,3,0.0008543152767213347
5,UPFC_tse,5-15,-2.1072145123261645,20,-2.1215779562533372,MAP_PMU,3,0.014363443927172703
0,x_tcsc,1-14,-0.10820786235402516,21,-0.10819317341787957,MAP_PMU,3,1.4688936145590414e-05
1,B_svc,2,0.17720814518054695,21,0.17690161548655275,MAP_PMU,3,0.0003065296939941953
2,UPFC_Vsh,5-15,1.1115365356273128,21,1.1111651850922628,MAP_PMU,3,0.0003713505350499968
3,UPFC_tsh,5-15,-0.23592464244514544,21,-0.2358406885264805,MAP_PMU,3,8.395391866494739e-05
4,UPFC_Vse,5-15,0.0583745238805172,21,0.05832852764386398,MAP_PMU,3,4.599623665321739e-05
5,UPFC_tse,5-15,-2.127685111992969,21,-2.1215779562533372,MAP_PMU,3,0.006107155739631942
0,x_tcsc,1-14,-0.10821531597544205,22,-0.10819317341787957,MAP_PMU,3,2.2142557562485066e-05
1,B_svc,2,0.17714392927794548,22,0.17690161548655275,MAP_PMU,3,0.00024231379139272313
2,UPFC_Vsh,5-15,1.1118404135432822,22,1.1111651850922628,MAP_PMU,3,0.0006752284510194162
3,UPFC_tsh,5-15,-0.23574641933570545,22,-0.2358406885264805,MAP_PMU,3,9.426919077504259e-05
4,UPFC_Vse,5-15,0.05772121370864414,22,0.05832852764386398,MAP_PMU,3,0.0006073139352198442
5,UPFC_tse,5-15,-2.107679039257397,22,-2.1215779562533372,MAP_PMU,3,0.013898916995940258
0,x_tcsc,1-14,-0.10817136252444123,23,-0.10819317341787957,MAP_PMU,3,2.181089343833431e-05
1,B_svc,2,0.17690018012305295,23,0.17690161548655275,MAP_PMU,3,1.4353634998076625e-06
2,UPFC_Vsh,5-15,1.1115388750341324,23,1.1111651850922628,MAP_PMU,3,0.0003736899418695927
3,UPFC_tsh,5-15,-0.2358662448718708,23,-0.2358406885264805,MAP_PMU,3,2.5556345390309598e-05
4,UPFC_Vse,5-15,0.05815864614318389,23,0.05832852764386398,MAP_PMU,3,0.00016988150068009134
5,UPFC_tse,5-15,-2.1102392127781675,23,-2.1215779562533372,MAP_PMU,3,0.011338743475169721
0,x_tcsc,1-14,-0.10819454820383356,24,-0.10819317341787957,MAP_PMU,3,1.3747859539947616e-06
1,B_svc,2,0.17659041399405875,24,0.17690161548655275,MAP_PMU,3,0.000311201492494001
2,UPFC_Vsh,5-15,1.1119804849169377,24,1.1111651850922628,MAP_PMU,3,0.0008152998246748755
3,UPFC_tsh,5-15,-0.23584041473148387,24,-0.2358406885264805,MAP_PMU,3,2.7379499661916995e-07
4,UPFC_Vse,5-15,0.05746286315588791,24,0.05832852764386398,MAP_PMU,3,0.0008656644879760714
5,UPFC_tse,5-15,-2.133717759448399,24,-2.1215779562533372,MAP_PMU,3,0.012139803195061916
0,x_tcsc,1-14,-0.10823255285992293,25,-0.10819317341787957,MAP_PMU,3,3.93794420433663e-05
1,B_svc,2,0.17701185242304948,25,0.17690161548655275,MAP_PMU,3,0.00011023693649672706
2,UPFC_Vsh,5-15,1.1115630351894348,25,1.1111651850922628,MAP_PMU,3,0.00039785009717197006
3,UPFC_tsh,5-15,-0.2357343989950611,25,-0.2358406885264805,MAP_PMU,3,0.00010628953141939013
4,UPFC_Vse,5-15,0.057425691468344406,25,0.05832852764386398,MAP_PMU,3,0.0009028361755195752
5,UPFC_tse,5-15,-2.1155069956295516,25,-2.1215779562533372,MAP_PMU,3,0.006070960623785648
0,x_tcsc,1-14,-0.10820420130806649,26,-0.10819317341787957,MAP_PMU,3,1.1027890186920963e-05
1,B_svc,2,0.17726875145068738,26,0.17690161548655275,MAP_PMU,3,0.0003671359641346239
2,UPFC_Vsh,5-15,1.1115852861293427,26,1.1111651850922628,MAP_PMU,3,0.00042010103707990076
3,UPFC_tsh,5-15,-0.2358397513354732,26,-0.2358406885264805,MAP_PMU,3,9.371910072997203e-07
4,UPFC_Vse,5-15,0.05765594914693726,26,0.05832852764386398,MAP_PMU,3,0.0006725784969267221
5,UPFC_tse,5-15,-2.1071529503368858,26,-2.1215779562533372,MAP_PMU,3,0.014425005916451461
0,x_tcsc,1-14,-0.1081924371102681,27,-0.10819317341787957,MAP_PMU,3,7.363076114652589e-07
1,B_svc,2,0.17671374281643099,27,0.17690161548655275,MAP_PMU,3,0.00018787267012176923
2,UPFC_Vsh,5-15,1.1115922752115408,27,1.1111651850922628,MAP_PMU,3,0.00042709011927799523
3,UPFC_tsh,5-15,-0.2358588392257207,27,-0.2358406885264805,MAP_PMU,3,1.815069924021584e-05
4,UPFC_Vse,5-15,0.05782061899271267,27,0.05832852764386398,MAP_PMU,3,0.0005079086511513078
5,UPFC_tse,5-15,-2.1224632928891505,27,-2.1215779562533372,MAP_PMU,3,0.0008853366358132497
0,x_tcsc,1-14,-0.10819162407161044,28,-0.10819317341787957,MAP_PMU,3,1.5493462691279491e-06
1,B_svc,2,0.17720215015909888,28,0.17690161548655275,MAP_PMU,3,0.0003005346725461211
2,UPFC_Vsh,5-15,1.1116789611302564,28,1.1111651850922628,MAP_PMU,3,0.0005137760379936296
3,UPFC_tsh,5-15,-0.23585207819860912,28,-0.2358406885264805,MAP_PMU,3,1.1389672128631068e-05
4,UPFC_Vse,5-15,0.05809855953180174,28,0.05832852764386398,MAP_PMU,3,0.0002299681120622385
5,UPFC_tse,5-15,-2.120098366765108,28,-2.1215779562533372,MAP_PMU,3,0.0014795894882291272
0,x_tcsc,1-14,-0.10820412757164255,29,-0.10819317341787957,MAP_PMU,3,1.0954153762982033e-05
1,B_svc,2,0.1774681020146698,29,0.17690161548655275,MAP_PMU,3,0.000566486528117055
2,UPFC_Vsh,5-15,1.1116393347404487,29,1.1111651850922628,MAP_PMU,3,0.00047414964818592864
3,UPFC_tsh,5-15,-0.23583581245797752,29,-0.2358406885264805,MAP_PMU,3,4.876068502968067e-06
4,UPFC_Vse,5-15,0.057783165485608114,29,0.05832852764386398,MAP_PMU,3,0.0005453621582558674
5,UPFC_tse,5-15,-2.1120402710957307,29,-2.1215779562533372,MAP_PMU,3,0.009537685157606557
0,x_tcsc,1-14,-0.1081819486887194,30,-0.10819317341787957,MAP_PMU,3,1.1224729160166924e-05
1,B_svc,2,0.17712060908139066,30,0.17690161548655275,MAP_PMU,3,0.00021899359483790182
2,UPFC_Vsh,5-15,1.11192829395878,30,1.1111651850922628,MAP_PMU,3,0.0007631088665172037
3,UPFC_tsh,5-15,-0.23585846791206674,30,-0.2358406885264805,MAP_PMU,3,1.7779385586252916e-05
4,UPFC_Vse,5-15,0.05856325418010445,30,0.05832852764386398,MAP_PMU,3,0.0002347265362404663
5,UPFC_tse,5-15,-2.125003255224286,30,-2.1215779562533372,MAP_PMU,3,0.003425298970948898
0,x_tcsc,1-14,-0.10818246552251624,31,-0.10819317341787957,MAP_PMU,3,1.0707895363323838e-05
1,B_svc,2,0.1771234101572442,31,0.17690161548655275,MAP_PMU,3,0.0002217946706914442
2,UPFC_Vsh,5-15,1.1119240200159228,31,1.1111651850922628,MAP_PMU,3,0.0007588349236600234
3,UPFC_tsh,5-15,-0.23581079000399824,31,-0.2358406885264805,MAP_PMU,3,2.9898522482252332e-05
4,UPFC_Vse,5-15,0.05741205832570768,31,0.05832852764386398,MAP_PMU,3,0.000916469318156303
5,UPFC_tse,5-15,-2.1087921852158793,31,-2.1215779562533372,MAP_PMU,3,0.012785771037457927
0,x_tcsc,1-14,-0.1081999044456541,32,-0.10819317341787957,MAP_PMU,3,6.7310277745286085e-06
1,B_svc,2,0.17737697694784663,32,0.17690161548655275,MAP_PMU,3,0.0004753614612938717
2,UPFC_Vsh,5-15,1.1115607710593087,32,1.1111651850922628,MAP_PMU,3,0.0003955859670459194
3,UPFC_tsh,5-15,-0.23585533400726183,32,-0.2358406885264805,MAP_PMU,3,1.4645480781338982e-05
4,UPFC_Vse,5-15,0.05730518162701422,32,0.05832852764386398,MAP_PMU,3,0.001023346016849759
5,UPFC_tse,5-15,-2.11767573390475,32,-2.1215779562533372,MAP_PMU,3,0.00390222234858717
0,x_tcsc,1-14,-0.10819085664619044,33,-0.10819317341787957,MAP_PMU,3,2.3167716891314694e-06
1,B_svc,2,0.17681522005807293,33,0.17690161548655275,MAP_PMU,3,8.639542847982407e-05
2,UPFC_Vsh,5-15,1.1117953263750295,33,1.1111651850922628,MAP_PMU,3,0.0006301412827667274
3,UPFC_tsh,5-15,-0.2357953775981702,33,-0.2358406885264805,MAP_PMU,3,4.5310928310282605e-05
4,UPFC_Vse,5-15,0.05722595687557606,33,0.05832852764386398,MAP_PMU,3,0.0011025707682879235
5,UPFC_tse,5-15,-2.1102689571960034,33,-2.1215779562533372,MAP_PMU,3,0.011308999057333846
0,x_tcsc,1-14,-0.10821485256173008,34,-0.10819317341787957,MAP_PMU,3,2.1679143850511506e-05
1,B_svc,2,0.17686911523371732,34,0.17690161548655275,MAP_PMU,3,3.250025283543789e-05
2,UPFC_Vsh,5-15,1.111377831958768,34,1.1111651850922628,MAP_PMU,3,0.00021264686650512843
3,UPFC_tsh,5-15,-0.2358898536042387,34,-0.2358406885264805,MAP_PMU,3,4.9165077758206444e-05
4,UPFC_Vse,5-15,0.05790308302489923,34,0.05832852764386398,MAP_PMU,3,0.0004254446189647515
5,UPFC_tse,5-15,-2.1181914178804275,34,-2.1215779562533372,MAP_PMU,3,0.0033865383729096976
0,x_tcsc,1-14,-0.10818132132765461,35,-0.10819317341787957,MAP_PMU,3,1.1852090224959144e-05
1,B_svc,2,0.17689562064482972,35,0.17690161548655275,MAP_PMU,3,5.9948417230337725e-06
2,UPFC_Vsh,5-15,1.1115722075340346,35,1.1111651850922628,MAP_PMU,3,0.00040702244177182045
3,UPFC_tsh,5-15,-0.23586363384727632,35,-0.2358406885264805,MAP_PMU,3,2.294532079583078e-05
4,UPFC_Vse,5-15,0.05795495903931994,35,0.05832852764386398,MAP_PMU,3,0.0003735686045440445
5,UPFC_tse,5-15,-2.1191809304080635,35,-2.1215779562533372,MAP_PMU,3,0.0023970258452736815
0,x_tcsc,1-14,-0.10819306177679018,36,-0.10819317341787957,MAP_PMU,3,1.1164108938699346e-07
1,B_svc,2,0.1767252985219066,36,0.17690161548655275,MAP_PMU,3,0.00017631696464615043
2,UPFC_Vsh,5-15,1.1116152207587398,36,1.1111651850922628,MAP_PMU,3,0.0004500356664769445
3,UPFC_tsh,5-15,-0.23584236772537379,36,-0.2358406885264805,MAP_PMU,3,1.679198893295153e-06
4,UPFC_Vse,5-15,0.05776438068059291,36,0.05832852764386398,MAP_PMU,3,0.0005641469632710686
5,UPFC_tse,5-15,-2.1234220577286247,36,-2.1215779562533372,MAP_PMU,3,0.001844101475287463
0,x_tcsc,1-14,-0.10818391890684274,37,-0.10819317341787957,MAP_PMU,3,9.254511036824176e-06
1,B_svc,2,0.1771394059927602,37,0.17690161548655275,MAP_PMU,3,0.00023779050620745257
2,UPFC_Vsh,5-15,1.1116712181247266,37,1.1111651850922628,MAP_PMU,3,0.0005060330324637707
3,UPFC_tsh,5-15,-0.2357960127284309,37,-0.2358406885264805,MAP_PMU,3,4.467579804959265e-05
4,UPFC_Vse,5-15,0.05791378688541011,37,0.05832852764386398,MAP_PMU,3,0.00041474075845387287
5,UPFC_tse,5-15,-2.1108487331175287,37,-2.1215779562533372,MAP_PMU,3,0.010729223135808486
0,x_tcsc,1-14,-0.10820745069391265,38,-0.10819317341787957,MAP_PMU,3,1.4277276033078379e-05
1,B_svc,2,0.17689087530502337,38,0.17690161548655275,MAP_PMU,3,1.0740181529383941e-05
2,UPFC_Vsh,5-15,1.112252595230743,38,1.1111651850922628,MAP_PMU,3,0.0010874101384801271
3,UPFC_tsh,5-15,-0.23576365846304176,38,-0.2358406885264805,MAP_PMU,3,7.70300634387322e-05
4,UPFC_Vse,5-15,0.05729353789518222,38,0.05832852764386398,MAP_PMU,3,0.0010349897486817625
5,UPFC_tse,5-15,-2.1107770300545607,38,-2.1215779562533372,MAP_PMU,3,0.010800926198776484
0,x_tcsc,1-14,-0.10818951594987875,39,-0.10819317341787957,MAP_PMU,3,3.6574680008227833e-06
1,B_svc,2,0.1768870595068945,39,0.17690161548655275,MAP_PMU,3,1.4555979658242846e-05
2,UPFC_Vsh,5-15,1.11148571433694,39,1.1111651850922628,MAP_PMU,3,0.00032052924467729227
3,UPFC_tsh,5-15,-0.23590188798049472,39,-0.2358406885264805,MAP_PMU,3,6.119945401422688e-05
4,UPFC_Vse,5-15,0.057352944394291186,39,0.05832852764386398,MAP_PMU,3,0.0009755832495727951
5,UPFC_tse,5-15,-2.114855826713434,39,-2.1215779562533372,MAP_PMU,3,0.006722129539903143
0,x_tcsc,1-14,-0.10820451907502852,40,-0.10819317341787957,MAP_PMU,3,1.134565714895619e-05
1,B_svc,2,0.17744568847148517,40,0.17690161548655275,MAP_PMU,3,0.00054407298493242
2,UPFC_Vsh,5-15,1.111564640412383,40,1.1111651850922628,MAP_PMU,3,0.0003994553201200901
3,UPFC_tsh,5-15,-0.23586028605428852,40,-0.2358406885264805,MAP_PMU,3,1.959752780802959e-05
4,UPFC_Vse,5-15,0.05810356095673668,40,0.05832852764386398,MAP_PMU,3,0.00022496668712729956
5,UPFC_tse,5-15,-2.1152238577708027,40,-2.1215779562533372,MAP_PMU,3,0.006354098482534543
0,x_tcsc,1-14,-0.10820642670947496,41,-0.10819317341787957,MAP_PMU,3,1.3253291595391459e-05
1,B_svc,2,0.176710940963282,41,0.17690161548655275,MAP_PMU,3,0.00019067452327076184
2,UPFC_Vsh,5-15,1.1114081634126318,41,1.1111651850922628,MAP_PMU,3,0.0002429783203690139
3,UPFC_tsh,5-15,-0.23589329500213932,41,-0.2358406885264805,MAP_PMU,3,5.260647565882848e-05
4,UPFC_Vse,5-15,0.05748707009713096,41,0.05832852764386398,MAP_PMU,3,0.0008414575467330238
5,UPFC_tse,5-15,-2.1138564149053694,41,-2.1215779562533372,MAP_PMU,3,0.007721541347967875
0,x_tcsc,1-14,-0.10819197888749554,42,-0.10819317341787957,MAP_PMU,3,1.1945303840243948e-06
1,B_svc,2,0.1770545789863633,42,0.17690161548655275,MAP_PMU,3,0.00015296349981053226
2,UPFC_Vsh,5-15,1.1117379542323669,42,1.1111651850922628,MAP_PMU,3,0.000572769140104068
3,UPFC_tsh,5-15,-0.23583962547912152,42,-0.2358406885264805,MAP_PMU,3,1.0630473589734457e-06
4,UPFC_Vse,5-15,0.05752237239787477,42,0.05832852764386398,MAP_PMU,3,0.000806155245989211
5,UPFC_tse,5-15,-2.122073475466559,42,-2.1215779562533372,MAP_PMU,3,0.0004955192132216624
0,x_tcsc,1-14,-0.10818937322314816,43,-0.10819317341787957,MAP_PMU,3,3.8001947314098006e-06
1,B_svc,2,0.17671089737634457,43,0.17690161548655275,MAP_PMU,3,0.0001907181102081823
2,UPFC_Vsh,5-15,1.1116632582242922,43,1.1111651850922628,MAP_PMU,3,0.0004980731320294307
3,UPFC_tsh,5-15,-0.2358410210056345,43,-0.2358406885264805,MAP_PMU,3,3.3247915401379835e-07
4,UPFC_Vse,5-15,0.05775303408326756,43,0.05832852764386398,MAP_PMU,3,0.0005754935605964198
5,UPFC_tse,5-15,-2.1193843231114395,43,-2.1215779562533372,MAP_PMU,3,0.0021936331418976884
0,x_tcsc,1-14,-0.10819889907643626,44,-0.10819317341787957,MAP_PMU,3,5.72565855669338e-06
1,B_svc,2,0.17698107970445506,44,0.17690161548655275,MAP_PMU,3,7.946421790230862e-05
2,UPFC_Vsh,5-15,1.1115362103487736,44,1.1111651850922628,MAP_PMU,3,0.0003710252565107819
3,UPFC_tsh,5-15,-0.23587538226114643,44,-0.2358406885264805,MAP_PMU,3,3.46937346659415e-05
4,UPFC_Vse,5-15,0.0585063526726605,44,0.05832852764386398,MAP_PMU,3,0.00017782502879652023
5,UPFC_tse,5-15,-2.110359004179595,44,-2.1215779562533372,MAP_PMU,3,0.011218952073742017
0,x_tcsc,1-14,-0.10819644985348614,45,-0.10819317341787957,MAP_PMU,3,3.27643560657509e-06
1,B_svc,2,0.17685631350694186,45,0.17690161548655275,MAP_PMU,3,4.530197961089e-05
2,UPFC_Vsh,5-15,1.1118255040663547,45,1.1111651850922628,MAP_PMU,3,0.0006603189740919113
3,UPFC_tsh,5-15,-0.23578202046473037,45,-0.2358406885264805,MAP_PMU,3,5.866806175011674e-05
4,UPFC_Vse,5-15,0.05750434049754985,45,0.05832852764386398,MAP_PMU,3,0.0008241871463141315
5,UPFC_tse,5-15,-2.1205399170908095,45,-2.1215779562533372,MAP_PMU,3,0.0010380391625277596
0,x_tcsc,1-14,-0.10820162738220963,46,-0.10819317341787957,MAP_PMU,3,8.453964330065733e-06
1,B_svc,2,0.17710436206827532,46,0.17690161548655275,MAP_PMU,3,0.00020274658172256266
2,UPFC_Vsh,5-15,1.1116104302976404,46,1.1111651850922628,MAP_PMU,3,0.00044524520537758683
3,UPFC_tsh,5-15,-0.23585234996432342,46,-0.2358406885264805,MAP_PMU,3,1.1661437842924727e-05
4,UPFC_Vse,5-15,0.05737811918296044,46,0.05832852764386398,MAP_PMU,3,0.0009504084609035443
5,UPFC_tse,5-15,-2.1222972072406483,46,-2.1215779562533372,MAP_PMU,3,0.0007192509873110708
0,x_tcsc,1-14,-0.1082100594684026,47,-0.10819317341787957,MAP_PMU,3,1.688605052303782e-05
1,B_svc,2,0.1767427168051094,47,0.17690161548655275,MAP_PMU,3,0.0001588986814433646
2,UPFC_Vsh,5-15,1.1122006311990442,47,1.1111651850922628,MAP_PMU,3,0.0010354461067814125
3,UPFC_tsh,5-15,-0.2357992639243,47,-0.2358406885264805,MAP_PMU,3,4.142460218048427e-05
4,UPFC_Vse,5-15,0.05795477116186553,47,0.05832852764386398,MAP_PMU,3,0.00037375648199845096
5,UPFC_tse,5-15,-2.118758651819818,47,-2.1215779562533372,MAP_PMU,3,0.0028193044335194095
0,x_tcsc,1-14,-0.10819391414755414,48,-0.10819317341787957,MAP_PMU,3,7.4072967456984e-07
1,B_svc,2,0.17723897276415998,48,0.17690161548655275,MAP_PMU,3,0.00033735727760722534
2,UPFC_Vsh,5-15,1.1119789728191276,48,1.1111651850922628,MAP_PMU,3,0.0008137877268648008
3,UPFC_tsh,5-15,-0.2357600735335805,48,-0.2358406885264805,MAP_PMU,3,8.061499289999108e-05
4,UPFC_Vse,5-15,0.05747732523334899,48,0.05832852764386398,MAP_PMU,3,0.0008512024105149923
5,UPFC_tse,5-15,-2.113677287529176,48,-2.1215779562533372,MAP_PMU,3,0.007900668724161175
0,x_tcsc,1-14,-0.10819003069429958,49,-0.10819317341787957,MAP_PMU,3,3.1427235799852404e-06
1,B_svc,2,0.17699208166112085,49,0.17690161548655275,MAP_PMU,3,9.046617456809347e-05
2,UPFC_Vsh,5-15,1.1115097749022615,49,1.1111651850922628,MAP_PMU,3,0.000344589809998741
3,UPFC_tsh,5-15,-0.23588455831067248,49,-0.2358406885264805,MAP_PMU,3,4.386978419199106e-05
4,UPFC_Vse,5-15,0.0578397591004138,49,0.05832852764386398,MAP_PMU,3,0.0004887685434501812
5,UPFC_tse,5-15,-2.1244992441487063,49,-2.1215779562533372,MAP_PMU,3,0.0029212878953690513
0,x_tcsc,1-14,-0.1081914262430506,50,-0.10819317341787957,MAP_PMU,3,1.7471748289671352e-06
1,B_svc,2,0.17674003101559105,50,0.17690161548655275,MAP_PMU,3,0.00016158447096170647
2,UPFC_Vsh,5-15,1.1112928717050203,50,1.1111651850922628,MAP_PMU,3,0.00012768661275752713
3,UPFC_tsh,5-15,-0.2359201872475328,50,-0.2358406885264805,MAP_PMU,3,7.949872105231237e-05
4,UPFC_Vse,5-15,0.057967044290285236,50,0.05832852764386398,MAP_PMU,3,0.0003614833535787454
5,UPFC_tse,5-15,-2.12624171080699,50,-2.1215779562533372,MAP_PMU,3,0.004663754553652755
0,x_tcsc,1-14,-0.1081682076643255,51,-0.10819317341787957,MAP_PMU,3,2.496575355406816e-05
1,B_svc,2,0.1772128438339636,51,0.17690161548655275,MAP_PMU,3,0.0003112283474108468
2,UPFC_Vsh,5-15,1.111568790167057,51,1.1111651850922628,MAP_PMU,3,0.00040360507479419994
3,UPFC_tsh,5-15,-0.2358200960589274,51,-0.2358406885264805,MAP_PMU,3,2.0592467553093297e-05
4,UPFC_Vse,5-15,0.05770571552246319,51,0.05832852764386398,MAP_PMU,3,0.0006228121214007926
5,UPFC_tse,5-15,-2.1163775185253564,51,-2.1215779562533372,MAP_PMU,3,0.0052004377279808445
0,x_tcsc,1-14,-0.10819426098313016,52,-0.10819317341787957,MAP_PMU,3,1.0875652505931699e-06
1,B_svc,2,0.17707999355713575,52,0.17690161548655275,MAP_PMU,3,0.0001783780705829907
2,UPFC_Vsh,5-15,1.1119097594608018,52,1.1111651850922628,MAP_PMU,3,0.0007445743685390305
3,UPFC_tsh,5-15,-0.23579857113360841,52,-0.2358406885264805,MAP_PMU,3,4.211739287207639e-05
4,UPFC_Vse,5-15,0.05737905671047787,52,0.05832852764386398,MAP_PMU,3,0.0009494709333861123
5,UPFC_tse,5-15,-2.112904607634518,52,-2.1215779562533372,MAP_PMU,3,0.008673348618819077
0,x_tcsc,1-14,-0.1081821007991698,53,-0.10819317341787957,MAP_PMU,3,1.1072618709764837e-05
1,B_svc,2,0.17655943336272958,53,0.17690161548655275,MAP_PMU,3,0.00034218212382317037
2,UPFC_Vsh,5-15,1.1121162669671798,53,1.1111651850922628,MAP_PMU,3,0.0009510818749169925
3,UPFC_tsh,5-15,-0.23577936595670634,53,-0.2358406885264805,MAP_PMU,3,6.132256977414707e-05
4,UPFC_Vse,5-15,0.05733521457125033,53,0.05832852764386398,MAP_PMU,3,0.0009933130726136538
5,UPFC_tse,5-15,-2.1197148925178606,53,-2.1215779562533372,MAP_PMU,3,0.0018630637354766222
0,x_tcsc,1-14,-0.10820099430357959,54,-0.10819317341787957,MAP_PMU,3,7.820885700018931e-06
1,B_svc,2,0.17749072271788643,54,0.17690161548655275,MAP_PMU,3,0.0005891072313336798
2,UPFC_Vsh,5-15,1.111805412475538,54,1.1111651850922628,MAP_PMU,3,0.0006402273832752936
3,UPFC_tsh,5-15,-0.23592413658204342,54,-0.2358406885264805,MAP_PMU,3,8.344805556292911e-05
4,UPFC_Vse,5-15,0.057826985452580325,54,0.05832852764386398,MAP_PMU,3,0.0005015421912836562
5,UPFC_tse,5-15,-2.124303543602527,54,-2.1215779562533372,MAP_PMU,3,0.0027255873491895954
0,x_tcsc,1-14,-0.10822620612174358,55,-0.10819317341787957,MAP_PMU,3,3.3032703864011026e-05
1,B_svc,2,0.17675971473680718,55,0.17690161548655275,MAP_PMU,3,0.00014190074974557154
2,UPFC_Vsh,5-15,1.1119458239022206,55,1.1111651850922628,MAP_PMU,3,0.0007806388099578232
3,UPFC_tsh,5-15,-0.23582325398072038,55,-0.2358406885264805,MAP_PMU,3,1.7434545760114384e-05
4,UPFC_Vse,5-15,0.058022049939879014,55,0.05832852764386398,MAP_PMU,3,0.000306477703984967
5,UPFC_tse,5-15,-2.1234147019403817,55,-2.1215779562533372,MAP_PMU,3,0.0018367456870445054
0,x_tcsc,1-14,-0.10819396549589567,56,-0.10819317341787957,MAP_PMU,3,7.92078016106923e-07
1,B_svc,2,0.17724321085174763,56,0.17690161548655275,MAP_PMU,3,0.00034159536519487443
2,UPFC_Vsh,5-15,1.1116328350665134,56,1.1111651850922628,MAP_PMU,3,0.00046764997425063903
3,UPFC_tsh,5-15,-0.23576495277585394,56,-0.2358406885264805,MAP_PMU,3,7.573575062655435e-05
4,UPFC_Vse,5-15,0.05760883950404967,56,0.05832852764386398,MAP_PMU,3,0.000719688139814309
5,UPFC_tse,5-15,-2.114356136204655,56,-2.1215779562533372,MAP_PMU,3,0.007221820048682215
0,x_tcsc,1-14,-0.1082011881751266,57,-0.10819317341787957,MAP_PMU,3,8.014757247029602e-06
1,B_svc,2,0.17669044657677815,57,0.17690161548655275,MAP_PMU,3,0.00021116890977460057
2,UPFC_Vsh,5-15,1.111314154795158,57,1.1111651850922628,MAP_PMU,3,0.00014896970289512979
3,UPFC_tsh,5-15,-0.23586943237754185,57,-0.2358406885264805,MAP_PMU,3,2.8743851061358017e-05
4,UPFC_Vse,5-15,0.057995091574096935,57,0.05832852764386398,MAP_PMU,3,0.00033343606976704576
5,UPFC_tse,5-15,-2.115902408545692,57,-2.1215779562533372,MAP_PMU,3,0.005675547707645112
0,x_tcsc,1-14,-0.10819526624365726,58,-0.10819317341787957,MAP_PMU,3,2.0928257776914316e-06
1,B_svc,2,0.17678542941859907,58,0.17690161548655275,MAP_PMU,3,0.00011618606795368858
2,UPFC_Vsh,5-15,1.1120795633774354,58,1.1111651850922628,MAP_PMU,3,0.0009143782851726012
3,UPFC_tsh,5-15,-0.2358305993828443,58,-0.2358406885264805,MAP_PMU,3,1.0089143636177189e-05
4,UPFC_Vse,5-15,0.05717833206646848,58,0.05832852764386398,MAP_PMU,3,0.0011501955773954992
5,UPFC_tse,5-15,-2.1264602312841534,58,-2.1215779562533372,MAP_PMU,3,0.004882275030816174
0,x_tcsc,1-14,-0.10821211511716501,59,-0.10819317341787957,MAP_PMU,3,1.8941699285443536e-05
1,B_svc,2,0.17682142847113555,59,0.17690161548655275,MAP_PMU,3,8.018701541720463e-05
2,UPFC_Vsh,5-15,1.1114387079564254,59,1.1111651850922628,MAP_PMU,3,0.00027352286416260085
3,UPFC_tsh,5-15,-0.2358392751470433,59,-0.2358406885264805,MAP_PMU,3,1.4133794371817832e-06
4,UPFC_Vse,5-15,0.05816978710651357,59,0.05832852764386398,MAP_PMU,3,0.00015874053735041166
5,UPFC_tse,5-15,-2.1210691601460248,59,-2.1215779562533372,MAP_PMU,3,0.0005087961073124703
0,x_tcsc,1-14,-0.10818981952892866,60,-0.10819317341787957,MAP_PMU,3,3.3538889509104886e-06
1,B_svc,2,0.17688977989825422,60,0.17690161548655275,MAP_PMU,3,1.1835588298536592e-05
2,UPFC_Vsh,5-15,1.112264355986126,60,1.1111651850922628,MAP_PMU,3,0.0010991708938632438
3,UPFC_tsh,5-15,-0.235748758357838,60,-0.2358406885264805,MAP_PMU,3,9.193016864247894e-05
4,UPFC_Vse,5-15,0.057673688436155106,60,0.05832852764386398,MAP_PMU,3,0.0006548392077088752
5,UPFC_tse,5-15,-2.1057798469200995,60,-2.1215779562533372,MAP_PMU,3,0.015798109333237775
0,x_tcsc,1-14,-0.10818996040544365,61,-0.10819317341787957,MAP_PMU,3,3.213012435915319e-06
1,B_svc,2,0.17652523492186933,61,0.17690161548655275,MAP_PMU,3,0.0003763805646834206
2,UPFC_Vsh,5-15,1.1115332838741714,61,1.1111651850922628,MAP_PMU,3,0.0003680987819085768
3,UPFC_tsh,5-15,-0.23582046943156865,61,-0.2358406885264805,MAP_PMU,3,2.021909491184415e-05
4,UPFC_Vse,5-15,0.05779597323995351,61,0.05832852764386398,MAP_PMU,3,0.0005325544039104721
5,UPFC_tse,5-15,-2.1256200584827227,61,-2.1215779562533372,MAP_PMU,3,0.0040421022293855025
0,x_tcsc,1-14,-0.10819153425422251,62,-0.10819317341787957,MAP_PMU,3,1.6391636570578516e-06
1,B_svc,2,0.17718178219961978,62,0.17690161548655275,MAP_PMU,3,0.00028016671306702046
2,UPFC_Vsh,5-15,1.1114291367297424,62,1.1111651850922628,MAP_PMU,3,0.00026395163747960915
3,UPFC_tsh,5-15,-0.23588833783620466,62,-0.2358406885264805,MAP_PMU,3,4.7649309724173694e-05
4,UPFC_Vse,5-15,0.05807269077641596,62,0.05832852764386398,MAP_PMU,3,0.00025583686744801853
5,UPFC_tse,5-15,-2.1289915053728765,62,-2.1215779562533372,MAP_PMU,3,0.007413549119539287
0,x_tcsc,1-14,-0.1081965286084509,63,-0.10819317341787957,MAP_PMU,3,3.3551905713330443e-06
1,B_svc,2,0.17688075328450534,63,0.17690161548655275,MAP_PMU,3,2.0862202047416956e-05
2,UPFC_Vsh,5-15,1.1119826824683947,63,1.1111651850922628,MAP_PMU,3,0.0008174973761319038
3,UPFC_tsh,5-15,-0.23581246957316898,63,-0.2358406885264805,MAP_PMU,3,2.8218953311509587e-05
4,UPFC_Vse,5-15,0.05759938664546429,63,0.05832852764386398,MAP_PMU,3,0.0007291409983996924
5,UPFC_tse,5-15,-2.1171646503753876,63,-2.1215779562533372,MAP_PMU,3,0.004413305877949636
0,x_tcsc,1-14,-0.10820736405212297,64,-0.10819317341787957,MAP_PMU,3,1.4190634243405054e-05
1,B_svc,2,0.1770242760380961,64,0.17690161548655275,MAP_PMU,3,0.00012266055154333544
2,UPFC_Vsh,5-15,1.11185138552785,64,1.1111651850922628,MAP_PMU,3,0.0006862004355872031
3,UPFC_tsh,5-15,-0.23587807119317422,64,-0.2358406885264805,MAP_PMU,3,3.738266669373047e-05
4,UPFC_Vse,5-15,0.05806483332257844,64,0.05832852764386398,MAP_PMU,3,0.00026369432128554166
5,UPFC_tse,5-15,-2.1234217245086424,64,-2.1215779562533372,MAP_PMU,3,0.0018437682553051893
0,x_tcsc,1-14,-0.10820781096414077,65,-0.10819317341787957,MAP_PMU,3,1.463754626120084e-05
1,B_svc,2,0.1767341962215732,65,0.17690161548655275,MAP_PMU,3,0.00016741926497956805
2,UPFC_Vsh,5-15,1.1114939082990325,65,1.1111651850922628,MAP_PMU,3,0.0003287232067696877
3,UPFC_tsh,5-15,-0.23585393030447507,65,-0.2358406885264805,MAP_PMU,3,1.3241777994582593e-05
4,UPFC_Vse,5-15,0.05777876801891366,65,0.05832852764386398,MAP_PMU,3,0.0005497596249503245
5,UPFC_tse,5-15,-2.1102339463765794,65,-2.1215779562533372,MAP_PMU,3,0.011344009876757877
0,x_tcsc,1-14,-0.10819639403421154,66,-0.10819317341787957,MAP_PMU,3,3.2206163319697945e-06
1,B_svc,2,0.1769664884664284,66,0.17690161548655275,MAP_PMU,3,6.487297987564644e-05
2,UPFC_Vsh,5-15,1.1120018962871403,66,1.1111651850922628,MAP_PMU,3,0.000836711194877493
3,UPFC_tsh,5-15,-0.23579381106817152,66,-0.2358406885264805,MAP_PMU,3,4.687745830897483e-05
4,UPFC_Vse,5-15,0.057885275161995695,66,0.05832852764386398,MAP_PMU,3,0.0004432524818682865
5,UPFC_tse,5-15,-2.1125271716367093,66,-2.1215779562533372,MAP_PMU,3,0.009050784616627894
0,x_tcsc,1-14,-0.10820970447732453,67,-0.10819317341787957,MAP_PMU,3,1.6531059444963025e-05
1,B_svc,2,0.17664437273722164,67,0.17690161548655275,MAP_PMU,3,0.0002572427493311158
2,UPFC_Vsh,5-15,1.1114370682113976,67,1.1111651850922628,MAP_PMU,3,0.0002718831191348414
3,UPFC_tsh,5-15,-0.23588908940931488,67,-0.2358406885264805,MAP_PMU,3,4.840088283439292e-05
4,UPFC_Vse,5-15,0.05775011224314941,67,0.05832852764386398,MAP_PMU,3,0.0005784154007145714
5,UPFC_tse,5-15,-2.114528335159737,67,-2.1215779562533372,MAP_PMU,3,0.007049621093600411
0,x_tcsc,1-14,-0.10818814575769915,68,-0.10819317341787957,MAP_PMU,3,5.027660180415006e-06
1,B_svc,2,0.1770268231876394,68,0.17690161548655275,MAP_PMU,3,0.00012520770108664925
2,UPFC_Vsh,5-15,1.1118765583553947,68,1.1111651850922628,MAP_PMU,3,0.0007113732631318648
3,UPFC_tsh,5-15,-0.23589654719025585,68,-0.2358406885264805,MAP_PMU,3,5.5858663775359974e-05
4,UPFC_Vse,5-15,0.05803790286851103,68,0.05832852764386398,MAP_PMU,3,0.0002906247753529517
5,UPFC_tse,5-15,-2.114581144389217,68,-2.1215779562533372,MAP_PMU,3,0.006996811864120378
0,x_tcsc,1-14,-0.10818592134579952,69,-0.10819317341787957,MAP_PMU,3,7.252072080049521e-06
1,B_svc,2,0.17734625255239767,69,0.17690161548655275,MAP_PMU,3,0.0004446370658449106
2,UPFC_Vsh,5-15,1.111557637314325,69,1.1111651850922628,MAP_PMU,3,0.00039245222206218955
3,UPFC_tsh,5-15,-0.23583248202325888,69,-0.2358406885264805,MAP_PMU,3,8.20650322161387e-06
4,UPFC_Vse,5-15,0.05768900346481442,69,0.05832852764386398,MAP_PMU,3,0.0006395241790495623
5,UPFC_tse,5-15,-2.122858716113074,69,-2.1215779562533372,MAP_PMU,3,0.0012807598597368575
0,x_tcsc,1-14,-0.1081997565607736,70,-0.10819317341787957,MAP_PMU,3,6.583142894034388e-06
1,B_svc,2,0.17656137676858596,70,0.17690161548655275,MAP_PMU,3,0.00034023871796678984
2,UPFC_Vsh,5-15,1.111626344879612,70,1.1111651850922628,MAP_PMU,3,0.0004611597873491746
3,UPFC_tsh,5-15,-0.23581393022182331,70,-0.2358406885264805,MAP_PMU,3,2.6758304657176213e-05
4,UPFC_Vse,5-15,0.05806934783412717,70,0.05832852764386398,MAP_PMU,3,0.0002591798097368106
5,UPFC_tse,5-15,-2.116554798023637,70,-2.1215779562533372,MAP_PMU,3,0.005023158229700009
0,x_tcsc,1-14,-0.10820884673454073,71,-0.10819317341787957,MAP_PMU,3,1.567331666116334e-05
1,B_svc,2,0.17679558102939613,71,0.17690161548655275,MAP_PMU,3,0.00010603445715662296
2,UPFC_Vsh,5-15,1.1117482851386786,71,1.1111651850922628,MAP_PMU,3,0.0005831000464158187
3,UPFC_tsh,5-15,-0.2358130595767525,71,-0.2358406885264805,MAP_PMU,3,2.7628949727992458e-05
4,UPFC_Vse,5-15,0.05805436377792704,71,0.05832852764386398,MAP_PMU,3,0.0002741638659369411
5,UPFC_tse,5-15,-2.1231292175963916,71,-2.1215779562533372,MAP_PMU,3,0.0015512613430543887
0,x_tcsc,1-14,-0.10818535963162583,72,-0.10819317341787957,MAP_PMU,3,7.813786253738075e-06
1,B_svc,2,0.17707850273588713,72,0.17690161548655275,MAP_PMU,3,0.00017688724933437316
2,UPFC_Vsh,5-15,1.1120729809654397,72,1.1111651850922628,MAP_PMU,3,0.0009077958731769087
3,UPFC_tsh,5-15,-0.23581365647117233,72,-0.2358406885264805,MAP_PMU,3,2.703205530815711e-05
4,UPFC_Vse,5-15,0.05750432459036425,72,0.05832852764386398,MAP_PMU,3,0.000824203053499728
5,UPFC_tse,5-15,-2.1175147375890657,72,-2.1215779562533372,MAP_PMU,3,0.004063218664271506
0,x_tcsc,1-14,-0.10818356794991817,73,-0.10819317341787957,MAP_PMU,3,9.605467961401604e-06
1,B_svc,2,0.1770296870200054,73,0.17690161548655275,MAP_PMU,3,0.00012807153345265054
2,UPFC_Vsh,5-15,1.1113584042332965,73,1.1111651850922628,MAP_PMU,3,0.00019321914103365145
3,UPFC_tsh,5-15,-0.23587701260413577,73,-0.2358406885264805,MAP_PMU,3,3.6324077655275344e-05
4,UPFC_Vse,5-15,0.05780832741846391,73,0.05832852764386398,MAP_PMU,3,0.000520200225400072
5,UPFC_tse,5-15,-2.1278151379341597,73,-2.1215779562533372,MAP_PMU,3,0.0062371816808224345
0,x_tcsc,1-14,-0.10824020809822527,74,-0.10819317341787957,MAP_PMU,3,4.70346803456978e-05
1,B_svc,2,0.1770867921502443,74,0.17690161548655275,MAP_PMU,3,0.00018517666369155528
2,UPFC_Vsh,5-15,1.111793524168731,74,1.1111651850922628,MAP_PMU,3,0.0006283390764680874
3,UPFC_tsh,5-15,-0.23578965375637898,74,-0.2358406885264805,MAP_PMU,3,5.103477010151569e-05
4,UPFC_Vse,5-15,0.0576346403873303,74,0.05832852764386398,MAP_PMU,3,0.0006938872565336804
5,UPFC_tse,5-15,-2.1181785795263064,74,-2.1215779562533372,MAP_PMU,3,0.003399376727030834
0,x_tcsc,1-14,-0.10819448010199353,75,-0.10819317341787957,MAP_PMU,3,1.3066841139663943e-06
1,B_svc,2,0.1767178555971567,75,0.17690161548655275,MAP_PMU,3,0.00018375988939606236
2,UPFC_Vsh,5-15,1.1116281789828613,75,1.1111651850922628,MAP_PMU,3,0.000462993890598451
3,UPFC_tsh,5-15,-0.23581036959601123,75,-0.2358406885264805,MAP_PMU,3,3.0318930469258598e-05
4,UPFC_Vse,5-15,0.05770232643619938,75,0.05832852764386398,MAP_PMU,3,0.0006262012076646006
5,UPFC_tse,5-15,-2.119297349360097,75,-2.1215779562533372,MAP_PMU,3,0.002280606893240389
0,x_tcsc,1-14,-0.10820028751812709,76,-0.10819317341787957,MAP_PMU,3,7.114100247521127e-06
1,B_svc,2,0.17729412919384235,76,0.17690161548655275,MAP_PMU,3,0.000392513707289599
2,UPFC_Vsh,5-15,1.111404636953104,76,1.1111651850922628,MAP_PMU,3,0.00023945186084128878
3,UPFC_tsh,5-15,-0.23585562490872541,76,-0.2358406885264805,MAP_PMU,3,1.493638224492333e-05
4,UPFC_Vse,5-15,0.05812771372196778,76,0.05832852764386398,MAP_PMU,3,0.00020081392189619934
5,UPFC_tse,5-15,-2.112188169583542,76,-2.1215779562533372,MAP_PMU,3,0.009389786669795175
0,x_tcsc,1-14,-0.10819593081579522,77,-0.10819317341787957,MAP_PMU,3,2.7573979156508832e-06
1,B_svc,2,0.1769677468615743,77,0.17690161548655275,MAP_PMU,3,6.613137502153865e-05
2,UPFC_Vsh,5-15,1.1114183865068326,77,1.1111651850922628,MAP_PMU,3,0.0002532014145697481
3,UPFC_tsh,5-15,-0.23580779209130492,77,-0.2358406885264805,MAP_PMU,3,3.289643517556673e-05
4,UPFC_Vse,5-15,0.057980108599669726,77,0.05832852764386398,MAP_PMU,3,0.000348419044194255
5,UPFC_tse,5-15,-2.110958880862794,77,-2.1215779562533372,MAP_PMU,3,0.010619075390543298
0,x_tcsc,1-14,-0.108181921081632,78,-0.10819317341787957,MAP_PMU,3,1.1252336247574712e-05
1,B_svc,2,0.17678137101426084,78,0.17690161548655275,MAP_PMU,3,0.00012024447229191937
2,UPFC_Vsh,5-15,1.1116180866736518,78,1.1111651850922628,MAP_PMU,3,0.00045290158138899805
3,UPFC_tsh,5-15,-0.23578970539846159,78,-0.2358406885264805,MAP_PMU,3,5.098312801890548e-05
4,UPFC_Vse,5-15,0.05781660560924777,78,0.05832852764386398,MAP_PMU,3,0.0005119220346162107
5,UPFC_tse,5-15,-2.11799206316759,78,-2.1215779562533372,MAP_PMU,3,0.003585893085747305
0,x_tcsc,1-14,-0.10819634304362091,79,-0.10819317341787957,MAP_PMU,3,3.169625741344939e-06
1,B_svc,2,0.1769743300029884,79,0.17690161548655275,MAP_PMU,3,7.271451643564575e-05
2,UPFC_Vsh,5-15,1.1117943324086474,79,1.1111651850922628,MAP_PMU,3,0.0006291473163846373
3,UPFC_tsh,5-15,-0.23587719709379257,79,-0.2358406885264805,MAP_PMU,3,3.6508567312076856e-05
4,UPFC_Vse,5-15,0.05778576852018709,79,0.05832852764386398,MAP_PMU,3,0.0005427591236768919
5,UPFC_tse,5-15,-2.129445357826243,79,-2.1215779562533372,MAP_PMU,3,0.007867401572905663
0,x_tcsc,1-14,-0.10818945265114227,80,-0.10819317341787957,MAP_PMU,3,3.7207667372973763e-06
1,B_svc,2,0.17687296661238802,80,0.17690161548655275,MAP_PMU,3,2.864887416473283e-05
2,UPFC_Vsh,5-15,1.1114591913820497,80,1.1111651850922628,MAP_PMU,3,0.00029400628978693
3,UPFC_tsh,5-15,-0.2358933306139387,80,-0.2358406885264805,MAP_PMU,3,5.264208745819898e-05
4,UPFC_Vse,5-15,0.05812211028049949,80,0.05832852764386398,MAP_PMU,3,0.00020641736336449168
5,UPFC_tse,5-15,-2.123302735155233,80,-2.1215779562533372,MAP_PMU,3,0.0017247789018957072
0,x_tcsc,1-14,-0.10819466224863722,81,-0.10819317341787957,MAP_PMU,3,1.4888307576510496e-06
1,B_svc,2,0.17689242535797595,81,0.17690161548655275,MAP_PMU,3,9.190128576808121e-06
2,UPFC_Vsh,5-15,1.1117042753775777,81,1.1111651850922628,MAP_PMU,3,0.0005390902853148472
3,UPFC_tsh,5-15,-0.2357801161001865,81,-0.2358406885264805,MAP_PMU,3,6.0572426293981074e-05
4,UPFC_Vse,5-15,0.057362753396443304,81,0.05832852764386398,MAP_PMU,3,0.0009657742474206768
5,UPFC_tse,5-15,-2.1133224096648453,81,-2.1215779562533372,MAP_PMU,3,0.008255546588491924
0,x_tcsc,1-14,-0.10819683535077866,82,-0.10819317341787957,MAP_PMU,3,3.661932899093334e-06
1,B_svc,2,0.17685490369747098,82,0.17690161548655275,MAP_PMU,3,4.671178908177698e-05
2,UPFC_Vsh,5-15,1.1115993340026158,82,1.1111651850922628,MAP_PMU,3,0.00043414891035298275
3,UPFC_tsh,5-15,-0.2358161768221112,82,-0.2358406885264805,MAP_PMU,3,2.4511704369289955e-05
4,UPFC_Vse,5-15,0.057860280804528916,82,0.05832852764386398,MAP_PMU,3,0.0004682468393350653
5,UPFC_tse,5-15,-2.1132424208513294,82,-2.1215779562533372,MAP_PMU,3,0.008335535402007821
0,x_tcsc,1-14,-0.10819412226057067,83,-0.10819317341787957,MAP_PMU,3,9.48842691098073e-07
1,B_svc,2,0.17728868525564237,83,0.17690161548655275,MAP_PMU,3,0.0003870697690896152
2,UPFC_Vsh,5-15,1.1116565825248437,83,1.1111651850922628,MAP_PMU,3,0.0004913974325808645
3,UPFC_tsh,5-15,-0.2357958756343272,83,-0.2358406885264805,MAP_PMU,3,4.4812892153300865e-05
4,UPFC_Vse,5-15,0.05793343259386304,83,0.05832852764386398,MAP_PMU,3,0.000395095050000939
5,UPFC_tse,5-15,-2.108155864854797,83,-2.1215779562533372,MAP_PMU,3,0.013422091398540115
0,x_tcsc,1-14,-0.10819356341587386,84,-0.10819317341787957,MAP_PMU,3,3.8999799428784954e-07
1,B_svc,2,0.1769802542249981,84,0.17690161548655275,MAP_PMU,3,7.863873844535241e-05
2,UPFC_Vsh,5-15,1.1116323734183933,84,1.1111651850922628,MAP_PMU,3,0.00046718832613046324
3,UPFC_tsh,5-15,-0.2358830698329275,84,-0.2358406885264805,MAP_PMU,3,4.2381306447014655e-05
4,UPFC_Vse,5-15,0.058241346423563996,84,0.05832852764386398,MAP_PMU,3,8.718122029998526e-05
5,UPFC_tse,5-15,-2.112863970609034,84,-2.1215779562533372,MAP_PMU,3,0.008713985644303257
0,x_tcsc,1-14,-0.10819551137522933,85,-0.10819317341787957,MAP_PMU,3,2.337957349760056e-06
1,B_svc,2,0.17688827047714828,85,0.17690161548655275,MAP_PMU,3,1.3345009404475139e-05
2,UPFC_Vsh,5-15,1.1119724447576738,85,1.1111651850922628,MAP_PMU,3,0.0008072596654109532
3,UPFC_tsh,5-15,-0.2358942040688895,85,-0.2358406885264805,MAP_PMU,3,5.3515542409010575e-05
4,UPFC_Vse,5-15,0.05771837096643262,85,0.05832852764386398,MAP_PMU,3,0.0006101566774313616
5,UPFC_tse,5-15,-2.1238309960039192,85,-2.1215779562533372,MAP_PMU,3,0.0022530397505819977
0,x_tcsc,1-14,-0.10820537771410427,86,-0.10819317341787957,MAP_PMU,3,1.2204296224699318e-05
1,B_svc,2,0.17684898785331138,86,0.17690161548655275,MAP_PMU,3,5.262763324137554e-05
2,UPFC_Vsh,5-15,1.1120721252643406,86,1.1111651850922628,MAP_PMU,3,0.0009069401720778192
3,UPFC_tsh,5-15,-0.2357936673754798,86,-0.2358406885264805,MAP_PMU,3,4.7021151000692374e-05
4,UPFC_Vse,5-15,0.057949480884502844,86,0.05832852764386398,MAP_PMU,3,0.0003790467593611374
5,UPFC_tse,5-15,-2.126816295362217,86,-2.1215779562533372,MAP_PMU,3,0.005238339108879941
0,x_tcsc,1-14,-0.10818135364218776,87,-0.10819317341787957,MAP_PMU,3,1.1819775691812584e-05
1,B_svc,2,0.17690470372895375,87,0.17690161548655275,MAP_PMU,3,3.088242401000363e-06
2,UPFC_Vsh,5-15,1.1117700556054777,87,1.1111651850922628,MAP_PMU,3,0.0006048705132148946
3,UPFC_tsh,5-15,-0.23585065179716466,87,-0.2358406885264805,MAP_PMU,3,9.963270684171244e-06
4,UPFC_Vse,5-15,0.05752431842701624,87,0.05832852764386398,MAP_PMU,3,0.0008042092168477413
5,UPFC_tse,5-15,-2.125837952318329,87,-2.1215779562533372,MAP_PMU,3,0.004259996064991611
0,x_tcsc,1-14,-0.108201871602147,88,-0.10819317341787957,MAP_PMU,3,8.698184267436071e-06
1,B_svc,2,0.17761409462433875,88,0.17690161548655275,MAP_PMU,3,0.0007124791377859929
2,UPFC_Vsh,5-15,1.1116551885193156,88,1.1111651850922628,MAP_PMU,3,0.0004900034270527431
3,UPFC_tsh,5-15,-0.2357521710970774,88,-0.2358406885264805,MAP_PMU,3,8.851742940307883e-05
4,UPFC_Vse,5-15,0.05734513449854067,88,0.05832852764386398,MAP_PMU,3,0.000983393145323308
5,UPFC_tse,5-15,-2.113150209231768,88,-2.1215779562533372,MAP_PMU,3,0.008427747021569232
0,x_tcsc,1-14,-0.10820328979682624,89,-0.10819317341787957,MAP_PMU,3,1.0116378946670168e-05
1,B_svc,2,0.17683449426436856,89,0.17690161548655275,MAP_PMU,3,6.712122218419103e-05
2,UPFC_Vsh,5-15,1.1116677289274859,89,1.1111651850922628,MAP_PMU,3,0.0005025438352230793
3,UPFC_tsh,5-15,-0.23584324996799494,89,-0.2358406885264805,MAP_PMU,3,2.5614415144481484e-06
4,UPFC_Vse,5-15,0.057710665796825183,89,0.05832852764386398,MAP_PMU,3,0.0006178618470387975
5,UPFC_tse,5-15,-2.123250660644396,89,-2.1215779562533372,MAP_PMU,3,0.0016727043910589323
0,x_tcsc,1-14,-0.10820336073252625,90,-0.10819317341787957,MAP_PMU,3,1.0187314646678547e-05
1,B_svc,2,0.17660174678172003,90,0.17690161548655275,MAP_PMU,3,0.00029986870483272865
2,UPFC_Vsh,5-15,1.1114627747079187,90,1.1111651850922628,MAP_PMU,3,0.00029758961565584663
3,UPFC_tsh,5-15,-0.2358870007653489,90,-0.2358406885264805,MAP_PMU,3,4.631223886841784e-05
4,UPFC_Vse,5-15,0.05797124716587463,90,0.05832852764386398,MAP_PMU,3,0.000357280477989351
5,UPFC_tse,5-15,-2.1156875854728665,90,-2.1215779562533372,MAP_PMU,3,0.005890370780470722
0,x_tcsc,1-14,-0.10818550420807552,91,-0.10819317341787957,MAP_PMU,3,7.669209804050947e-06
1,B_svc,2,0.176825217112868,91,0.17690161548655275,MAP_PMU,3,7.63983736847551e-05
2,UPFC_Vsh,5-15,1.1116787158984174,91,1.1111651850922628,MAP_PMU,3,0.0005135308061545718
3,UPFC_tsh,5-15,-0.23585526371683682,91,-0.2358406885264805,MAP_PMU,3,1.4575190356330703e-05
4,UPFC_Vse,5-15,0.057690028471519245,91,0.05832852764386398,MAP_PMU,3,0.0006384991723447364
5,UPFC_tse,5-15,-2.1225258560771207,91,-2.1215779562533372,MAP_PMU,3,0.0009478998237835157
0,x_tcsc,1-14,-0.10819833704990069,92,-0.10819317341787957,MAP_PMU,3,5.163632021118469e-06
1,B_svc,2,0.17676120839608903,92,0.17690161548655275,MAP_PMU,3,0.0001404070904637289
2,UPFC_Vsh,5-15,1.1116478327007762,92,1.1111651850922628,MAP_PMU,3,0.00048264760851335353
3,UPFC_tsh,5-15,-0.2357417908753156,92,-0.2358406885264805,MAP_PMU,3,9.889765116488647e-05
4,UPFC_Vse,5-15,0.058226579881338975,92,0.05832852764386398,MAP_PMU,3,0.00010194776252500648
5,UPFC_tse,5-15,-2.1091620347850397,92,-2.1215779562533372,MAP_PMU,3,0.012415921468297508
0,x_tcsc,1-14,-0.10817877179875585,93,-0.10819317341787957,MAP_PMU,3,1.4401619123721732e-05
1,B_svc,2,0.1767443142345867,93,0.17690161548655275,MAP_PMU,3,0.0001573012519660577
2,UPFC_Vsh,5-15,1.1117316344937123,93,1.1111651850922628,MAP_PMU,3,0.0005664494014494537
3,UPFC_tsh,5-15,-0.23581013132993126,93,-0.2358406885264805,MAP_PMU,3,3.055719654923572e-05
4,UPFC_Vse,5-15,0.05834043852342924,93,0.05832852764386398,MAP_PMU,3,1.1910879565257826e-05
5,UPFC_tse,5-15,-2.112075607761924,93,-2.1215779562533372,MAP_PMU,3,0.009502348491413404
0,x_tcsc,1-14,-0.10820247395714862,94,-0.10819317341787957,MAP_PMU,3,9.300539269049835e-06
1,B_svc,2,0.17658560256364114,94,0.17690161548655275,MAP_PMU,3,0.00031601292291161265
2,UPFC_Vsh,5-15,1.1113210697595244,94,1.1111651850922628,MAP_PMU,3,0.00015588466726157435
3,UPFC_tsh,5-15,-0.23591721031264298,94,-0.2358406885264805,MAP_PMU,3,7.652178616249228e-05
4,UPFC_Vse,5-15,0.05752636687232907,94,0.05832852764386398,MAP_PMU,3,0.0008021607715349086
5,UPFC_tse,5-15,-2.119568766597058,94,-2.1215779562533372,MAP_PMU,3,0.0020091896562792755
0,x_tcsc,1-14,-0.10822230856559514,95,-0.10819317341787957,MAP_PMU,3,2.913514771557546e-05
1,B_svc,2,0.17681671537610164,95,0.17690161548655275,MAP_PMU,3,8.490011045111934e-05
2,UPFC_Vsh,5-15,1.1118471345842433,95,1.1111651850922628,MAP_PMU,3,0.0006819494919805269
3,UPFC_tsh,5-15,-0.23583198185011114,95,-0.2358406885264805,MAP_PMU,3,8.706676369346633e-06
4,UPFC_Vse,5-15,0.05827621973732659,95,0.05832852764386398,MAP_PMU,3,5.230790653738826e-05
5,UPFC_tse,5-15,-2.1126420313948784,95,-2.1215779562533372,MAP_PMU,3,0.008935924858458844
0,x_tcsc,1-14,-0.10814778135699207,96,-0.10819317341787957,MAP_PMU,3,4.53920608874947e-05
1,B_svc,2,0.176402828628799,96,0.17690161548655275,MAP_PMU,3,0.000498786857753758
2,UPFC_Vsh,5-15,1.1116560085147067,96,1.1111651850922628,MAP_PMU,3,0.0004908234224438868
3,UPFC_tsh,5-15,-0.2357679981364297,96,-0.2358406885264805,MAP_PMU,3,7.269039005078359e-05
4,UPFC_Vse,5-15,0.0571187403353191,96,0.05832852764386398,MAP_PMU,3,0.001209787308544881
5,UPFC_tse,5-15,-2.114204679877515,96,-2.1215779562533372,MAP_PMU,3,0.00737327637582208
0,x_tcsc,1-14,-0.10820711089819322,97,-0.10819317341787957,MAP_PMU,3,1.3937480313655493e-05
1,B_svc,2,0.1771002196547092,97,0.17690161548655275,MAP_PMU,3,0.0001986041681564521
2,UPFC_Vsh,5-15,1.1121239740920361,97,1.1111651850922628,MAP_PMU,3,0.0009587889997733079
3,UPFC_tsh,5-15,-0.23575986756681724,97,-0.2358406885264805,MAP_PMU,3,8.082095966324698e-05
4,UPFC_Vse,5-15,0.0578311897555,97,0.05832852764386398,MAP_PMU,3,0.0004973378883639801
5,UPFC_tse,5-15,-2.1184687979311283,97,-2.1215779562533372,MAP_PMU,3,0.003109158322208927
0,x_tcsc,1-14,-0.10819433153154162,98,-0.10819317341787957,MAP_PMU,3,1.1581136620530952e-06
1,B_svc,2,0.17677105048687855,98,0.17690161548655275,MAP_PMU,3,0.0001305649996742042
2,UPFC_Vsh,5-15,1.111331158475421,98,1.1111651850922628,MAP_PMU,3,0.00016597338315826882
3,UPFC_tsh,5-15,-0.23589716277524816,98,-0.2358406885264805,MAP_PMU,3,5.647424876767393e-05
4,UPFC_Vse,5-15,0.05805403945895048,98,0.05832852764386398,MAP_PMU,3,0.00027448818491350446
5,UPFC_tse,5-15,-2.121618097254399,98,-2.1215779562533372,MAP_PMU,3,4.014100106175533e-05
0,x_tcsc,1-14,-0.1081772641554564,99,-0.10819317341787957,MAP_PMU,3,1.590926242316104e-05
1,B_svc,2,0.1772249727721991,99,0.17690161548655275,MAP_PMU,3,0.00032335728564633626
2,UPFC_Vsh,5-15,1.1117040445368624,99,1.1111651850922628,MAP_PMU,3,0.0005388594445996375
3,UPFC_tsh,5-15,-0.23587698536756077,99,-0.2358406885264805,MAP_PMU,3,3.6296841080279973e-05
4,UPFC_Vse,5-15,0.05833189091859073,99,0.05832852764386398,MAP_PMU,3,3.3632747267475782e-06
5,UPFC_tse,5-15,-2.1203607212087068,99,-2.1215779562533372,MAP_PMU,3,0.0012172350446304492
0,x_tcsc,1-14,-0.1075940843202861,0,-0.10759375181823708,MAP_PMU,5,3.325020490191344e-07
1,B_svc,2,0.17572530006373618,0,0.17618784178147667,MAP_PMU,5,0.0004625417177404889
2,UPFC_Vsh,5-15,1.1116890216989725,0,1.1115344568080843,MAP_PMU,5,0.00015456489088827574
3,UPFC_tsh,5-15,-0.23646561954620787,0,-0.23650317855655192,MAP_PMU,5,3.755901034405151e-05
4,UPFC_Vse,5-15,0.05745193526818521,0,0.05803446996422508,MAP_PMU,5,0.0005825346960398672
5,UPFC_tse,5-15,-2.1153070574290624,0,-2.1215839223104322,MAP_PMU,5,0.006276864881369804
0,x_tcsc,1-14,-0.10757973832003113,1,-0.10759375181823708,MAP_PMU,5,1.4013498205941999e-05
1,B_svc,2,0.17646161365377558,1,0.17618784178147667,MAP_PMU,5,0.00027377187229890576
2,UPFC_Vsh,5-15,1.1116634854732634,1,1.1115344568080843,MAP_PMU,5,0.000129028665179165
3,UPFC_tsh,5-15,-0.2365073101605181,1,-0.23650317855655192,MAP_PMU,5,4.131603966173181e-06
4,UPFC_Vse,5-15,0.05770719750585928,1,0.05803446996422508,MAP_PMU,5,0.00032727245836580016
5,UPFC_tse,5-15,-2.108533218332853,1,-2.1215839223104322,MAP_PMU,5,0.013050703977579126
0,x_tcsc,1-14,-0.10757898716633459,2,-0.10759375181823708,MAP_PMU,5,1.4764651902490766e-05
1,B_svc,2,0.1763479339540138,2,0.17618784178147667,MAP_PMU,5,0.00016009217253712404
2,UPFC_Vsh,5-15,1.1117325546279477,2,1.1115344568080843,MAP_PMU,5,0.0001980978198634631
3,UPFC_tsh,5-15,-0.23647949285598624,2,-0.23650317855655192,MAP_PMU,5,2.368570056568431e-05
4,UPFC_Vse,5-15,0.05770281650660461,2,0.05803446996422508,MAP_PMU,5,0.0003316534576204705
5,UPFC_tse,5-15,-2.1135757576647434,2,-2.1215839223104322,MAP_PMU,5,0.008008164645688876
0,x_tcsc,1-14,-0.10756890003642137,3,-0.10759375181823708,MAP_PMU,5,2.48517818157018e-05
1,B_svc,2,0.17558358662397888,3,0.17618784178147667,MAP_PMU,5,0.0006042551574977906
2,UPFC_Vsh,5-15,1.1114965322978845,3,1.1115344568080843,MAP_PMU,5,3.7924510199793815e-05
3,UPFC_tsh,5-15,-0.2365986317390435,3,-0.23650317855655192,MAP_PMU,5,9.545318249157275e-05
4,UPFC_Vse,5-15,0.0577897902341562,3,0.05803446996422508,MAP_PMU,5,0.000244679730068878
5,UPFC_tse,5-15,-2.134474756156304,3,-2.1215839223104322,MAP_PMU,5,0.012890833845871974
0,x_tcsc,1-14,-0.10757799913710803,4,-0.10759375181823708,MAP_PMU,5,1.5752681129049817e-05
1,B_svc,2,0.17650253646760694,4,0.17618784178147667,MAP_PMU,5,0.00031469468613026796
2,UPFC_Vsh,5-15,1.1115630717897889,4,1.1115344568080843,MAP_PMU,5,2.861498170458887e-05
3,UPFC_tsh,5-15,-0.2364846754095673,4,-0.23650317855655192,MAP_PMU,5,1.8503146984621965e-05
4,UPFC_Vse,5-15,0.05785820169443505,4,0.05803446996422508,MAP_PMU,5,0.00017626826979003085
5,UPFC_tse,5-15,-2.1193950411031244,4,-2.1215839223104322,MAP_PMU,5,0.002188881207307869
0,x_tcsc,1-14,-0.10757244279801931,5,-0.10759375181823708,MAP_PMU,5,2.1309020217769037e-05
1,B_svc,2,0.17620420269586565,5,0.17618784178147667,MAP_PMU,5,1.6360914388974246e-05
2,UPFC_Vsh,5-15,1.1117261203760587,5,1.1115344568080843,MAP_PMU,5,0.00019166356797439832
3,UPFC_tsh,5-15,-0.23655664569229162,5,-0.23650317855655192,MAP_PMU,5,5.3467135739698746e-05
4,UPFC_Vse,5-15,0.057882782727351714,5,0.05803446996422508,MAP_PMU,5,0.00015168723687336572
5,UPFC_tse,5-15,-2.1151952823768094,5,-2.1215839223104322,MAP_PMU,5,0.0063886399336228195
0,x_tcsc,1-14,-0.1075915515666781,6,-0.10759375181823708,MAP_PMU,5,2.200251558975852e-06
1,B_svc,2,0.17601784509039417,6,0.17618784178147667,MAP_PMU,5,0.00016999669108250237
2,UPFC_Vsh,5-15,1.1121091124344793,6,1.1115344568080843,MAP_PMU,5,0.0005746556263950264
3,UPFC_tsh,5-15,-0.2364561313425279,6,-0.23650317855655192,MAP_PMU,5,4.704721402401524e-05
4,UPFC_Vse,5-15,0.05770859190433856,6,0.05803446996422508,MAP_PMU,5,0.000325878059886521
5,UPFC_tse,5-15,-2.1107215437875233,6,-2.1215839223104322,MAP_PMU,5,0.010862378522908944
0,x_tcsc,1-14,-0.10759671703785674,7,-0.10759375181823708,MAP_PMU,5,2.9652196196633396e-06
1,B_svc,2,0.17644417832487597,7,0.17618784178147667,MAP_PMU,5,0.0002563365433992937
2,UPFC_Vsh,5-15,1.111620530331572,7,1.1115344568080843,MAP_PMU,5,8.607352348777297e-05
3,UPFC_tsh,5-15,-0.23649260641340838,7,-0.23650317855655192,MAP_PMU,5,1.0572143143539048e-05
4,UPFC_Vse,5-15,0.057157176271801925,7,0.05803446996422508,MAP_PMU,5,0.0008772936924231547
5,UPFC_tse,5-15,-2.1142063924543733,7,-2.1215839223104322,MAP_PMU,5,0.007377529856058995
0,x_tcsc,1-14,-0.1075926282479107,8,-0.10759375181823708,MAP_PMU,5,1.1235703263751118e-06
1,B_svc,2,0.1761823241800123,8,0.17618784178147667,MAP_PMU,5,5.517601464360977e-06
2,UPFC_Vsh,5-15,1.1121083150048359,8,1.1115344568080843,MAP_PMU,5,0.0005738581967515977
3,UPFC_tsh,5-15,-0.23654758103500725,8,-0.23650317855655192,MAP_PMU,5,4.440247845532985e-05
4,UPFC_Vse,5-15,0.05786164699229128,8,0.05803446996422508,MAP_PMU,5,0.00017282297193380036
5,UPFC_tse,5-15,-2.1235194201394507,8,-2.1215839223104322,MAP_PMU,5,0.0019354978290184732
0,x_tcsc,1-14,-0.10761703089569112,9,-0.10759375181823708,MAP_PMU,5,2.3279077454044228e-05
1,B_svc,2,0.1760735770587278,9,0.17618784178147667,MAP_PMU,5,0.00011426472274886357
2,UPFC_Vsh,5-15,1.111788648353727,9,1.1115344568080843,MAP_PMU,5,0.0002541915456426569
3,UPFC_tsh,5-15,-0.23641056709642774,9,-0.23650317855655192,MAP_PMU,5,9.26114601241812e-05
4,UPFC_Vse,5-15,0.05795192894963611,9,0.05803446996422508,MAP_PMU,5,8.25410145889674e-05
5,UPFC_tse,5-15,-2.116863873375434,9,-2.1215839223104322,MAP_PMU,5,0.004720048934998111
0,x_tcsc,1-14,-0.10759821724322528,10,-0.10759375181823708,MAP_PMU,5,4.465424988206457e-06
1,B_svc,2,0.1760558839205122,10,0.17618784178147667,MAP_PMU,5,0.00013195786096448225
2,UPFC_Vsh,5-15,1.1113344828341924,10,1.1115344568080843,MAP_PMU,5,0.00019997397389182048
3,UPFC_tsh,5-15,-0.23653688696575012,10,-0.23650317855655192,MAP_PMU,5,3.370840919819651e-05
4,UPFC_Vse,5-15,0.05731903091549976,10,0.05803446996422508,MAP_PMU,5,0.0007154390487253207
5,UPFC_tse,5-15,-2.121009785282173,10,-2.1215839223104322,MAP_PMU,5,0.0005741370282592584
0,x_tcsc,1-14,-0.10757383128631758,11,-0.10759375181823708,MAP_PMU,5,1.992053191950116e-05
1,B_svc,2,0.17626283817324118,11,0.17618784178147667,MAP_PMU,5,7.499639176450357e-05
2,UPFC_Vsh,5-15,1.1112205937409374,11,1.1115344568080843,MAP_PMU,5,0.00031386306714686896
3,UPFC_tsh,5-15,-0.2364957012354931,11,-0.23650317855655192,MAP_PMU,5,7.477321058824149e-06
4,UPFC_Vse,5-15,0.057165168683466834,11,0.05803446996422508,MAP_PMU,5,0.0008693012807582459
5,UPFC_tse,5-15,-2.116376188946168,11,-2.1215839223104322,MAP_PMU,5,0.005207733364264389
0,x_tcsc,1-14,-0.1075853379925252,12,-0.10759375181823708,MAP_PMU,5,8.413825711872658e-06
1,B_svc,2,0.17601672478340497,12,0.17618784178147667,MAP_PMU,5,0.00017111699807170755
2,UPFC_Vsh,5-15,1.1117739767677168,12,1.1115344568080843,MAP_PMU,5,0.00023951995963256145
3,UPFC_tsh,5-15,-0.23647769847047045,12,-0.23650317855655192,MAP_PMU,5,2.5480086081469677e-05
4,UPFC_Vse,5-15,0.05747188549694333,12,0.05803446996422508,MAP_PMU,5,0.0005625844672817529
5,UPFC_tse,5-15,-2.116728332362871,12,-2.1215839223104322,MAP_PMU,5,0.004855589947561079
0,x_tcsc,1-14,-0.10759722115195795,13,-0.10759375181823708,MAP_PMU,5,3.469333720876322e-06
1,B_svc,2,0.17591571395212452,13,0.17618784178147667,MAP_PMU,5,0.0002721278293521534
2,UPFC_Vsh,5-15,1.1117143076334544,13,1.1115344568080843,MAP_PMU,5,0.000179850825370087
3,UPFC_tsh,5-15,-0.23644143968746248,13,-0.23650317855655192,MAP_PMU,5,6.173886908944493e-05
4,UPFC_Vse,5-15,0.05726160662550736,13,0.05803446996422508,MAP_PMU,5,0.0007728633387177192
5,UPFC_tse,5-15,-2.117469411219296,13,-2.1215839223104322,MAP_PMU,5,0.0041145110911360305
0,x_tcsc,1-14,-0.10758874370956854,14,-0.10759375181823708,MAP_PMU,5,5.008108668533295e-06
1,B_svc,2,0.17602911306922117,14,0.17618784178147667,MAP_PMU,5,0.00015872871225550145
2,UPFC_Vsh,5-15,1.1115970100067147,14,1.1115344568080843,MAP_PMU,5,6.255319863046616e-05
3,UPFC_tsh,5-15,-0.23646945935299996,14,-0.23650317855655192,MAP_PMU,5,3.3719203551968446e-05
4,UPFC_Vse,5-15,0.057465528428868304,14,0.05803446996422508,MAP_PMU,5,0.0005689415353567762
5,UPFC_tse,5-15,-2.1156849085180185,14,-2.1215839223104322,MAP_PMU,5,0.005899013792413754
0,x_tcsc,1-14,-0.1075926427331394,15,-0.10759375181823708,MAP_PMU,5,1.109085097678042e-06
1,B_svc,2,0.17582132169376144,15,0.17618784178147667,MAP_PMU,5,0.00036652008771523303
2,UPFC_Vsh,5-15,1.111394091798517,15,1.1115344568080843,MAP_PMU,5,0.00014036500956726705
3,UPFC_tsh,5-15,-0.2364754525751109,15,-0.23650317855655192,MAP_PMU,5,2.772598144101801e-05
4,UPFC_Vse,5-15,0.05783024033246888,15,0.05803446996422508,MAP_PMU,5,0.00020422963175620312
5,UPFC_tse,5-15,-2.116009552328518,15,-2.1215839223104322,MAP_PMU,5,0.0055743699819141845
0,x_tcsc,1-14,-0.1076093907336834,16,-0.10759375181823708,MAP_PMU,5,1.5638915446328228e-05
1,B_svc,2,0.17581008225398753,16,0.17618784178147667,MAP_PMU,5,0.000377759527489141
2,UPFC_Vsh,5-15,1.1113257745832594,16,1.1115344568080843,MAP_PMU,5,0.000208682224824841
3,UPFC_tsh,5-15,-0.2365415250432355,16,-0.23650317855655192,MAP_PMU,5,3.8346486683576986e-05
4,UPFC_Vse,5-15,0.05802133587783586,16,0.05803446996422508,MAP_PMU,5,1.3134086389220145e-05
5,UPFC_tse,5-15,-2.1225082975369842,16,-2.1215839223104322,MAP_PMU,5,0.0009243752265519767
0,x_tcsc,1-14,-0.10762222289382599,17,-0.10759375181823708,MAP_PMU,5,2.8471075588912265e-05
1,B_svc,2,0.17606648664747618,17,0.17618784178147667,MAP_PMU,5,0.0001213551340004948
2,UPFC_Vsh,5-15,1.111790073408601,17,1.1115344568080843,MAP_PMU,5,0.0002556166005167615
3,UPFC_tsh,5-15,-0.23652927010767244,17,-0.23650317855655192,MAP_PMU,5,2.60915511205162e-05
4,UPFC_Vse,5-15,0.057424540349454004,17,0.05803446996422508,MAP_PMU,5,0.0006099296147710764
5,UPFC_tse,5-15,-2.1203755388121284,17,-2.1215839223104322,MAP_PMU,5,0.0012083834983038777
0,x_tcsc,1-14,-0.10757659014172159,18,-0.10759375181823708,MAP_PMU,5,1.716167651548417e-05
1,B_svc,2,0.17604859556251434,18,0.17618784178147667,MAP_PMU,5,0.00013924621896233003
2,UPFC_Vsh,5-15,1.1116099279577305,18,1.1115344568080843,MAP_PMU,5,7.547114964623347e-05
3,UPFC_tsh,5-15,-0.23647985332924,18,-0.23650317855655192,MAP_PMU,5,2.3325227311937757e-05
4,UPFC_Vse,5-15,0.05815019298845728,18,0.05803446996422508,MAP_PMU,5,0.00011572302423219771
5,UPFC_tse,5-15,-2.1239235366116236,18,-2.1215839223104322,MAP_PMU,5,0.0023396143011913395
0,x_tcsc,1-14,-0.10759185461692651,19,-0.10759375181823708,MAP_PMU,5,1.8972013105661434e-06
1,B_svc,2,0.1764607944783144,19,0.17618784178147667,MAP_PMU,5,0.0002729526968377194
2,UPFC_Vsh,5-15,1.1119858269738143,19,1.1115344568080843,MAP_PMU,5,0.0004513701657300473
3,UPFC_tsh,5-15,-0.236344582993674,19,-0.23650317855655192,MAP_PMU,5,0.00015859556287792231
4,UPFC_Vse,5-15,0.05706442840386103,19,0.05803446996422508,MAP_PMU,5,0.0009700415603640516
5,UPFC_tse,5-15,-2.0997023712848875,19,-2.1215839223104322,MAP_PMU,5,0.021881551025544788
0,x_tcsc,1-14,-0.10760525542147456,20,-0.10759375181823708,MAP_PMU,5,1.1503603237483784e-05
1,B_svc,2,0.17584867084118003,20,0.17618784178147667,MAP_PMU,5,0.00033917094029664585
2,UPFC_Vsh,5-15,1.111701925450919,20,1.1115344568080843,MAP_PMU,5,0.00016746864283478935
3,UPFC_tsh,5-15,-0.23645026096105654,20,-0.23650317855655192,MAP_PMU,5,5.291759549538866e-05
4,UPFC_Vse,5-15,0.05740814866053852,20,0.05803446996422508,MAP_PMU,5,0.0006263213036865611
5,UPFC_tse,5-15,-2.1137203068184194,20,-2.1215839223104322,MAP_PMU,5,0.007863615492012865
0,x_tcsc,1-14,-0.10758701900263473,21,-0.10759375181823708,MAP_PMU,5,6.732815602344955e-06
1,B_svc,2,0.17650013263414355,21,0.17618784178147667,MAP_PMU,5,0.0003122908526668744
2,UPFC_Vsh,5-15,1.1114511829236593,21,1.1115344568080843,MAP_PMU,5,8.327388442497252e-05
3,UPFC_tsh,5-15,-0.23656269762918886,21,-0.23650317855655192,MAP_PMU,5,5.9519072636932124e-05
4,UPFC_Vse,5-15,0.05824620763701689,21,0.05803446996422508,MAP_PMU,5,0.00021173767279181188
5,UPFC_tse,5-15,-2.1178240788820073,21,-2.1215839223104322,MAP_PMU,5,0.003759843428424947
0,x_tcsc,1-14,-0.10759890421422708,22,-0.10759375181823708,MAP_PMU,5,5.152395989999059e-06
1,B_svc,2,0.17643315410717667,22,0.17618784178147667,MAP_PMU,5,0.0002453123256999923
2,UPFC_Vsh,5-15,1.111923329734282,22,1.1115344568080843,MAP_PMU,5,0.0003888729261978252
3,UPFC_tsh,5-15,-0.23639809474337825,22,-0.23650317855655192,MAP_PMU,5,0.0001050838131736731
4,UPFC_Vse,5-15,0.0574470866551419,22,0.05803446996422508,MAP_PMU,5,0.0005873833090831795
5,UPFC_tse,5-15,-2.106975878203499,22,-2.1215839223104322,MAP_PMU,5,0.014608044106933171
0,x_tcsc,1-14,-0.10758736872258126,23,-0.10759375181823708,MAP_PMU,5,6.383095655815296e-06
1,B_svc,2,0.17618724632959112,23,0.17618784178147667,MAP_PMU,5,5.954518855488811e-07
2,UPFC_Vsh,5-15,1.1114979197084855,23,1.1115344568080843,MAP_PMU,5,3.653709959872131e-05
3,UPFC_tsh,5-15,-0.2365147802734164,23,-0.23650317855655192,MAP_PMU,5,1.1601716864484413e-05
4,UPFC_Vse,5-15,0.058125619184910146,23,0.05803446996422508,MAP_PMU,5,9.114922068506615e-05
5,UPFC_tse,5-15,-2.1229393383589525,23,-2.1215839223104322,MAP_PMU,5,0.001355416048520297
0,x_tcsc,1-14,-0.10759372465479525,24,-0.10759375181823708,MAP_PMU,5,2.7163441829181068e-08
1,B_svc,2,0.17585654262407888,24,0.17618784178147667,MAP_PMU,5,0.00033129915739779636
2,UPFC_Vsh,5-15,1.111987924344559,24,1.1115344568080843,MAP_PMU,5,0.0004534675364746832
3,UPFC_tsh,5-15,-0.23649362593306053,24,-0.23650317855655192,MAP_PMU,5,9.552623491393408e-06
4,UPFC_Vse,5-15,0.05731847844698379,24,0.05803446996422508,MAP_PMU,5,0.0007159915172412906
5,UPFC_tse,5-15,-2.1197480364580508,24,-2.1215839223104322,MAP_PMU,5,0.0018358858523814803
0,x_tcsc,1-14,-0.10762202348183308,25,-0.10759375181823708,MAP_PMU,5,2.8271663596007857e-05
1,B_svc,2,0.17631528736429986,25,0.17618784178147667,MAP_PMU,5,0.0001274455828231824
2,UPFC_Vsh,5-15,1.111491635829819,25,1.1115344568080843,MAP_PMU,5,4.282097826524556e-05
3,UPFC_tsh,5-15,-0.23651556558163137,25,-0.23650317855655192,MAP_PMU,5,1.2387025079441116e-05
4,UPFC_Vse,5-15,0.05740728234255251,25,0.05803446996422508,MAP_PMU,5,0.0006271876216725689
5,UPFC_tse,5-15,-2.1238841479672965,25,-2.1215839223104322,MAP_PMU,5,0.0023002256568642743
0,x_tcsc,1-14,-0.10759326706003006,26,-0.10759375181823708,MAP_PMU,5,4.847582070199863e-07
1,B_svc,2,0.17646139023693577,26,0.17618784178147667,MAP_PMU,5,0.00027354845545909945
2,UPFC_Vsh,5-15,1.1114432996407464,26,1.1115344568080843,MAP_PMU,5,9.115716733787416e-05
3,UPFC_tsh,5-15,-0.23646908758734952,26,-0.23650317855655192,MAP_PMU,5,3.40909692023994e-05
4,UPFC_Vse,5-15,0.05737055330765403,26,0.05803446996422508,MAP_PMU,5,0.000663916656571048
5,UPFC_tse,5-15,-2.1141601384743622,26,-2.1215839223104322,MAP_PMU,5,0.007423783836070008
0,x_tcsc,1-14,-0.10760294239682487,27,-0.10759375181823708,MAP_PMU,5,9.190578587794929e-06
1,B_svc,2,0.17590093927347158,27,0.17618784178147667,MAP_PMU,5,0.000286902508005088
2,UPFC_Vsh,5-15,1.1117278105016952,27,1.1115344568080843,MAP_PMU,5,0.00019335369361095367
3,UPFC_tsh,5-15,-0.23654265108697167,27,-0.23650317855655192,MAP_PMU,5,3.947253041974852e-05
4,UPFC_Vse,5-15,0.05741091230506489,27,0.05803446996422508,MAP_PMU,5,0.0006235576591601885
5,UPFC_tse,5-15,-2.12215572908598,27,-2.1215839223104322,MAP_PMU,5,0.0005718067755475786
0,x_tcsc,1-14,-0.10759312623149245,28,-0.10759375181823708,MAP_PMU,5,6.255867446292029e-07
1,B_svc,2,0.17642561451260222,28,0.17618784178147667,MAP_PMU,5,0.0002377727311255462
2,UPFC_Vsh,5-15,1.1121097214339182,28,1.1115344568080843,MAP_PMU,5,0.0005752646258339045
3,UPFC_tsh,5-15,-0.23647348351262423,28,-0.23650317855655192,MAP_PMU,5,2.9695043927691067e-05
4,UPFC_Vse,5-15,0.058103787831599564,28,0.05803446996422508,MAP_PMU,5,6.931786737448403e-05
5,UPFC_tse,5-15,-2.1178698898226926,28,-2.1215839223104322,MAP_PMU,5,0.0037140324877396047
0,x_tcsc,1-14,-0.10758700054277262,29,-0.10759375181823708,MAP_PMU,5,6.751275464456086e-06
1,B_svc,2,0.17669261183507362,29,0.17618784178147667,MAP_PMU,5,0.0005047700535969479
2,UPFC_Vsh,5-15,1.1118905251505686,29,1.1115344568080843,MAP_PMU,5,0.00035606834248436137
3,UPFC_tsh,5-15,-0.23641945872436368,29,-0.23650317855655192,MAP_PMU,5,8.371983218824486e-05
4,UPFC_Vse,5-15,0.057739549349314585,29,0.05803446996422508,MAP_PMU,5,0.00029492061491049465
5,UPFC_tse,5-15,-2.117636517359966,29,-2.1215839223104322,MAP_PMU,5,0.0039474049504661934
0,x_tcsc,1-14,-0.10759284829630353,30,-0.10759375181823708,MAP_PMU,5,9.03521933548479e-07
1,B_svc,2,0.17624181473554312,30,0.17618784178147667,MAP_PMU,5,5.3972954066450196e-05
2,UPFC_Vsh,5-15,1.1118825071989473,30,1.1115344568080843,MAP_PMU,5,0.0003480503908630528
3,UPFC_tsh,5-15,-0.2364149074518591,30,-0.23650317855655192,MAP_PMU,5,8.827110469281085e-05
4,UPFC_Vse,5-15,0.05815329809758704,30,0.05803446996422508,MAP_PMU,5,0.00011882813336196174
5,UPFC_tse,5-15,-2.1208282115115913,30,-2.1215839223104322,MAP_PMU,5,0.0007557107988409584
0,x_tcsc,1-14,-0.10758081352201834,31,-0.10759375181823708,MAP_PMU,5,1.2938296218734102e-05
1,B_svc,2,0.17638568011234754,31,0.17618784178147667,MAP_PMU,5,0.00019783833087086422
2,UPFC_Vsh,5-15,1.111488588158174,31,1.1115344568080843,MAP_PMU,5,4.586864991029671e-05
3,UPFC_tsh,5-15,-0.2365435421021564,31,-0.23650317855655192,MAP_PMU,5,4.036354560446598e-05
4,UPFC_Vse,5-15,0.05754752654982697,31,0.05803446996422508,MAP_PMU,5,0.0004869434143981097
5,UPFC_tse,5-15,-2.1184344752359228,31,-2.1215839223104322,MAP_PMU,5,0.0031494470745094816
0,x_tcsc,1-14,-0.10757991239627585,32,-0.10759375181823708,MAP_PMU,5,1.3839421961231446e-05
1,B_svc,2,0.1766284127035745,32,0.17618784178147667,MAP_PMU,5,0.000440570922097816
2,UPFC_Vsh,5-15,1.1120075908687863,32,1.1115344568080843,MAP_PMU,5,0.00047313406070204067
3,UPFC_tsh,5-15,-0.23650760633697618,32,-0.23650317855655192,MAP_PMU,5,4.427780424254291e-06
4,UPFC_Vse,5-15,0.05720276603116828,32,0.05803446996422508,MAP_PMU,5,0.0008317039330568016
5,UPFC_tse,5-15,-2.1273580190173687,32,-2.1215839223104322,MAP_PMU,5,0.005774096706936405
0,x_tcsc,1-14,-0.10759348311691479,33,-0.10759375181823708,MAP_PMU,5,2.6870132228962174e-07
1,B_svc,2,0.1761507402102647,33,0.17618784178147667,MAP_PMU,5,3.710157121197821e-05
2,UPFC_Vsh,5-15,1.111366154080777,33,1.1115344568080843,MAP_PMU,5,0.000168302727307168
3,UPFC_tsh,5-15,-0.23653587943526755,33,-0.23650317855655192,MAP_PMU,5,3.270087871562466e-05
4,UPFC_Vse,5-15,0.057470763793963556,33,0.05803446996422508,MAP_PMU,5,0.0005637061702615243
5,UPFC_tse,5-15,-2.120617648454014,33,-2.1215839223104322,MAP_PMU,5,0.0009662738564184536
0,x_tcsc,1-14,-0.10759562319382875,34,-0.10759375181823708,MAP_PMU,5,1.8713755916693886e-06
1,B_svc,2,0.17610244579303833,34,0.17618784178147667,MAP_PMU,5,8.539598843834706e-05
2,UPFC_Vsh,5-15,1.111433929072662,34,1.1115344568080843,MAP_PMU,5,0.00010052773542224003
3,UPFC_tsh,5-15,-0.2365418660039592,34,-0.23650317855655192,MAP_PMU,5,3.8687447407287356e-05
4,UPFC_Vse,5-15,0.05793687381712459,34,0.05803446996422508,MAP_PMU,5,9.759614710048992e-05
5,UPFC_tse,5-15,-2.1209379842020346,34,-2.1215839223104322,MAP_PMU,5,0.0006459381083976368
0,x_tcsc,1-14,-0.1075939262006204,35,-0.10759375181823708,MAP_PMU,5,1.7438238332501133e-07
1,B_svc,2,0.1760171076999101,35,0.17618784178147667,MAP_PMU,5,0.00017073408156656478
2,UPFC_Vsh,5-15,1.1115564111196825,35,1.1115344568080843,MAP_PMU,5,2.1954311598237908e-05
3,UPFC_tsh,5-15,-0.2364839400794281,35,-0.23650317855655192,MAP_PMU,5,1.9238477123817432e-05
4,UPFC_Vse,5-15,0.057840413212786795,35,0.05803446996422508,MAP_PMU,5,0.0001940567514382846
5,UPFC_tse,5-15,-2.122536530464209,35,-2.1215839223104322,MAP_PMU,5,0.0009526081537769571
0,x_tcsc,1-14,-0.10759382606589617,36,-0.10759375181823708,MAP_PMU,5,7.424765909036513e-08
1,B_svc,2,0.17598329254268377,36,0.17618784178147667,MAP_PMU,5,0.00020454923879290043
2,UPFC_Vsh,5-15,1.1121240807722017,36,1.1115344568080843,MAP_PMU,5,0.0005896239641174361
3,UPFC_tsh,5-15,-0.23648540962898057,36,-0.23650317855655192,MAP_PMU,5,1.7768927571354398e-05
4,UPFC_Vse,5-15,0.05760747965713271,36,0.05803446996422508,MAP_PMU,5,0.0004269903070923675
5,UPFC_tse,5-15,-2.115032121980928,36,-2.1215839223104322,MAP_PMU,5,0.00655180032950442
0,x_tcsc,1-14,-0.1076009029934331,37,-0.10759375181823708,MAP_PMU,5,7.151175196021264e-06
1,B_svc,2,0.17636635919947155,37,0.17618784178147667,MAP_PMU,5,0.00017851741799487786
2,UPFC_Vsh,5-15,1.111819531440974,37,1.1115344568080843,MAP_PMU,5,0.0002850746328897369
3,UPFC_tsh,5-15,-0.23649650114636217,37,-0.23650317855655192,MAP_PMU,5,6.677410189753763e-06
4,UPFC_Vse,5-15,0.057921116053206115,37,0.05803446996422508,MAP_PMU,5,0.00011335391101896519
5,UPFC_tse,5-15,-2.119619887223614,37,-2.1215839223104322,MAP_PMU,5,0.0019640350868184164
0,x_tcsc,1-14,-0.10758933107732034,38,-0.10759375181823708,MAP_PMU,5,4.4207409167357214e-06
1,B_svc,2,0.17622591281594974,38,0.17618784178147667,MAP_PMU,5,3.8071034473063925e-05
2,UPFC_Vsh,5-15,1.111853341284946,38,1.1115344568080843,MAP_PMU,5,0.00031888447686179155
3,UPFC_tsh,5-15,-0.23645134841470136,38,-0.23650317855655192,MAP_PMU,5,5.1830141850561784e-05
4,UPFC_Vse,5-15,0.057369781201181136,38,0.05803446996422508,MAP_PMU,5,0.0006646887630439441
5,UPFC_tse,5-15,-2.1107586952195705,38,-2.1215839223104322,MAP_PMU,5,0.010825227090861755
0,x_tcsc,1-14,-0.1075992411177769,39,-0.10759375181823708,MAP_PMU,5,5.489299539820913e-06
1,B_svc,2,0.17606991442045936,39,0.17618784178147667,MAP_PMU,5,0.00011792736101731705
2,UPFC_Vsh,5-15,1.1117571533049604,39,1.1115344568080843,MAP_PMU,5,0.00022269649687611803
3,UPFC_tsh,5-15,-0.2364818303713427,39,-0.23650317855655192,MAP_PMU,5,2.1348185209213444e-05
4,UPFC_Vse,5-15,0.05702844956401214,39,0.05803446996422508,MAP_PMU,5,0.0010060204002129425
5,UPFC_tse,5-15,-2.119644310633371,39,-2.1215839223104322,MAP_PMU,5,0.0019396116770611371
0,x_tcsc,1-14,-0.10761228870955818,40,-0.10759375181823708,MAP_PMU,5,1.8536891321099813e-05
1,B_svc,2,0.17652156730613178,40,0.17618784178147667,MAP_PMU,5,0.0003337255246551041
2,UPFC_Vsh,5-15,1.1116369121455656,40,1.1115344568080843,MAP_PMU,5,0.00010245533748132196
3,UPFC_tsh,5-15,-0.23652646720410525,40,-0.23650317855655192,MAP_PMU,5,2.3288647553326713e-05
4,UPFC_Vse,5-15,0.05799049791055989,40,0.05803446996422508,MAP_PMU,5,4.397205366518664e-05
5,UPFC_tse,5-15,-2.1221545489240166,40,-2.1215839223104322,MAP_PMU,5,0.000570626613584313
0,x_tcsc,1-14,-0.10759768963616724,41,-0.10759375181823708,MAP_PMU,5,3.937817930163567e-06
1,B_svc,2,0.1759592145738553,41,0.17618784178147667,MAP_PMU,5,0.00022862720762137356
2,UPFC_Vsh,5-15,1.1113864014122705,41,1.1115344568080843,MAP_PMU,5,0.00014805539581375093
3,UPFC_tsh,5-15,-0.23654412907441733,41,-0.23650317855655192,MAP_PMU,5,4.095051786540127e-05
4,UPFC_Vse,5-15,0.05728437482340901,41,0.05803446996422508,MAP_PMU,5,0.0007500951408160733
5,UPFC_tse,5-15,-2.12377979294665,41,-2.1215839223104322,MAP_PMU,5,0.002195870636217734
0,x_tcsc,1-14,-0.10757417614249351,42,-0.10759375181823708,MAP_PMU,5,1.9575675743566112e-05
1,B_svc,2,0.17628537879208145,42,0.17618784178147667,MAP_PMU,5,9.753701060477571e-05
2,UPFC_Vsh,5-15,1.111963045942223,42,1.1115344568080843,MAP_PMU,5,0.0004285891341386794
3,UPFC_tsh,5-15,-0.23650768548538356,42,-0.23650317855655192,MAP_PMU,5,4.506928831637946e-06
4,UPFC_Vse,5-15,0.05748211912953212,42,0.05803446996422508,MAP_PMU,5,0.0005523508346929606
5,UPFC_tse,5-15,-2.122589533923747,42,-2.1215839223104322,MAP_PMU,5,0.0010056116133148052
0,x_tcsc,1-14,-0.10759378861598325,43,-0.10759375181823708,MAP_PMU,5,3.679774616960341e-08
1,B_svc,2,0.17599600056424797,43,0.17618784178147667,MAP_PMU,5,0.0001918412172287054
2,UPFC_Vsh,5-15,1.1116135310422035,43,1.1115344568080843,MAP_PMU,5,7.907423411923631e-05
3,UPFC_tsh,5-15,-0.23646966482787454,43,-0.23650317855655192,MAP_PMU,5,3.351372867738123e-05
4,UPFC_Vse,5-15,0.05775350177292052,43,0.05803446996422508,MAP_PMU,5,0.00028096819130456197
5,UPFC_tse,5-15,-2.1205250691689423,43,-2.1215839223104322,MAP_PMU,5,0.0010588531414899016
0,x_tcsc,1-14,-0.1076024738970603,44,-0.10759375181823708,MAP_PMU,5,8.722078823228396e-06
1,B_svc,2,0.17620732118824844,44,0.17618784178147667,MAP_PMU,5,1.9479406771771846e-05
2,UPFC_Vsh,5-15,1.1117933844888332,44,1.1115344568080843,MAP_PMU,5,0.0002589276807489771
3,UPFC_tsh,5-15,-0.2364196405979524,44,-0.23650317855655192,MAP_PMU,5,8.353795859952773e-05
4,UPFC_Vse,5-15,0.058092424067302646,44,0.05803446996422508,MAP_PMU,5,5.7954103077566266e-05
5,UPFC_tse,5-15,-2.102174725099971,44,-2.1215839223104322,MAP_PMU,5,0.019409197210461304
0,x_tcsc,1-14,-0.10759720578796833,45,-0.10759375181823708,MAP_PMU,5,3.453969731254114e-06
1,B_svc,2,0.17611772155540423,45,0.17618784178147667,MAP_PMU,5,7.012022607244539e-05
2,UPFC_Vsh,5-15,1.1119257771363626,45,1.1115344568080843,MAP_PMU,5,0.00039132032827837726
3,UPFC_tsh,5-15,-0.23642992497273363,45,-0.23650317855655192,MAP_PMU,5,7.325358381829461e-05
4,UPFC_Vse,5-15,0.0575752359150997,45,0.05803446996422508,MAP_PMU,5,0.0004592340491253802
5,UPFC_tse,5-15,-2.1125357997667913,45,-2.1215839223104322,MAP_PMU,5,0.009048122543640957
0,x_tcsc,1-14,-0.10759664490898535,46,-0.10759375181823708,MAP_PMU,5,2.893090748273819e-06
1,B_svc,2,0.17647460280915747,46,0.17618784178147667,MAP_PMU,5,0.0002867610276807986
2,UPFC_Vsh,5-15,1.1115273393333236,46,1.1115344568080843,MAP_PMU,5,7.117474760676146e-06
3,UPFC_tsh,5-15,-0.23654891555377325,46,-0.23650317855655192,MAP_PMU,5,4.573699722132396e-05
4,UPFC_Vse,5-15,0.05744331952258026,46,0.05803446996422508,MAP_PMU,5,0.0005911504416448166
5,UPFC_tse,5-15,-2.1328329485634305,46,-2.1215839223104322,MAP_PMU,5,0.011249026252998284
0,x_tcsc,1-14,-0.1075969309270182,47,-0.10759375181823708,MAP_PMU,5,3.1791087811289254e-06
1,B_svc,2,0.1761471352877428,47,0.17618784178147667,MAP_PMU,5,4.0706493733860816e-05
2,UPFC_Vsh,5-15,1.1117412127691098,47,1.1115344568080843,MAP_PMU,5,0.00020675596102548432
3,UPFC_tsh,5-15,-0.23655628098005027,47,-0.23650317855655192,MAP_PMU,5,5.310242349834682e-05
4,UPFC_Vse,5-15,0.05827783911614642,47,0.05803446996422508,MAP_PMU,5,0.00024336915192133685
5,UPFC_tse,5-15,-2.127641925694353,47,-2.1215839223104322,MAP_PMU,5,0.006058003383920596
0,x_tcsc,1-14,-0.1076081983539533,48,-0.10759375181823708,MAP_PMU,5,1.4446535716222675e-05
1,B_svc,2,0.17655667067693132,48,0.17618784178147667,MAP_PMU,5,0.0003688288954546426
2,UPFC_Vsh,5-15,1.1116052270358587,48,1.1115344568080843,MAP_PMU,5,7.077022777446373e-05
3,UPFC_tsh,5-15,-0.2365041831729574,48,-0.23650317855655192,MAP_PMU,5,1.0046164054811069e-06
4,UPFC_Vse,5-15,0.05772982305217477,48,0.05803446996422508,MAP_PMU,5,0.00030464691205030897
5,UPFC_tse,5-15,-2.116435242102589,48,-2.1215839223104322,MAP_PMU,5,0.005148680207843093
0,x_tcsc,1-14,-0.10759000248394461,49,-0.10759375181823708,MAP_PMU,5,3.7493342924660444e-06
1,B_svc,2,0.17617617934882016,49,0.17618784178147667,MAP_PMU,5,1.166243265651734e-05
2,UPFC_Vsh,5-15,1.111994132194621,49,1.1115344568080843,MAP_PMU,5,0.00045967538653668427
3,UPFC_tsh,5-15,-0.2364544541286142,49,-0.23650317855655192,MAP_PMU,5,4.872442793771303e-05
4,UPFC_Vse,5-15,0.05736983482063117,49,0.05803446996422508,MAP_PMU,5,0.0006646351435939113
5,UPFC_tse,5-15,-2.1184982519117916,49,-2.1215839223104322,MAP_PMU,5,0.0030856703986406053
0,x_tcsc,1-14,-0.1075909917826326,50,-0.10759375181823708,MAP_PMU,5,2.760035604482125e-06
1,B_svc,2,0.17598231919252078,50,0.17618784178147667,MAP_PMU,5,0.0002055225889558976
2,UPFC_Vsh,5-15,1.1114307905655585,50,1.1115344568080843,MAP_PMU,5,0.0001036662425257795
3,UPFC_tsh,5-15,-0.23648113124650258,50,-0.23650317855655192,MAP_PMU,5,2.204731004934457e-05
4,UPFC_Vse,5-15,0.057650777006359254,50,0.05803446996422508,MAP_PMU,5,0.0003836929578658263
5,UPFC_tse,5-15,-2.1208278235797544,50,-2.1215839223104322,MAP_PMU,5,0.0007560987306778344
0,x_tcsc,1-14,-0.10758240592317724,51,-0.10759375181823708,MAP_PMU,5,1.1345895059841626e-05
1,B_svc,2,0.17644786701664314,51,0.17618784178147667,MAP_PMU,5,0.0002600252351664667
2,UPFC_Vsh,5-15,1.1114263716148431,51,1.1115344568080843,MAP_PMU,5,0.00010808519324112531
3,UPFC_tsh,5-15,-0.23652676662766953,51,-0.23650317855655192,MAP_PMU,5,2.358807111760286e-05
4,UPFC_Vse,5-15,0.05792098550127901,51,0.05803446996422508,MAP_PMU,5,0.0001134844629460674
5,UPFC_tse,5-15,-2.1280750248812423,51,-2.1215839223104322,MAP_PMU,5,0.006491102570810092
0,x_tcsc,1-14,-0.10759606460134762,52,-0.10759375181823708,MAP_PMU,5,2.312783110539063e-06
1,B_svc,2,0.17638151608269392,52,0.17618784178147667,MAP_PMU,5,0.00019367430121725038
2,UPFC_Vsh,5-15,1.1116435336836579,52,1.1115344568080843,MAP_PMU,5,0.00010907687557359935
3,UPFC_tsh,5-15,-0.23651003717768315,52,-0.23650317855655192,MAP_PMU,5,6.85862113122826e-06
4,UPFC_Vse,5-15,0.057743371072519555,52,0.05803446996422508,MAP_PMU,5,0.00029109889170552544
5,UPFC_tse,5-15,-2.121367924244691,52,-2.1215839223104322,MAP_PMU,5,0.00021599806574146285
0,x_tcsc,1-14,-0.10756537324410088,53,-0.10759375181823708,MAP_PMU,5,2.837857413619249e-05
1,B_svc,2,0.17584791686685294,53,0.17618784178147667,MAP_PMU,5,0.0003399249146237293
2,UPFC_Vsh,5-15,1.111808365523722,53,1.1115344568080843,MAP_PMU,5,0.00027390871563781616
3,UPFC_tsh,5-15,-0.23648915605960708,53,-0.23650317855655192,MAP_PMU,5,1.4022496944848806e-05
4,UPFC_Vse,5-15,0.057509796526877696,53,0.05803446996422508,MAP_PMU,5,0.0005246734373473838
5,UPFC_tse,5-15,-2.1294146295917353,53,-2.1215839223104322,MAP_PMU,5,0.007830707281303084
0,x_tcsc,1-14,-0.1075965322630391,54,-0.10759375181823708,MAP_PMU,5,2.7804448020224415e-06
1,B_svc,2,0.17672509517780474,54,0.17618784178147667,MAP_PMU,5,0.000537253396328069
2,UPFC_Vsh,5-15,1.111861404371382,54,1.1115344568080843,MAP_PMU,5,0.0003269475632976526
3,UPFC_tsh,5-15,-0.23647480319228353,54,-0.23650317855655192,MAP_PMU,5,2.837536426839038e-05
4,UPFC_Vse,5-15,0.05736211953317019,54,0.05803446996422508,MAP_PMU,5,0.0006723504310548883
5,UPFC_tse,5-15,-2.116316263805306,54,-2.1215839223104322,MAP_PMU,5,0.005267658505126338
0,x_tcsc,1-14,-0.10761481506594484,55,-0.10759375181823708,MAP_PMU,5,2.1063247707758803e-05
1,B_svc,2,0.17608023122636804,55,0.17618784178147667,MAP_PMU,5,0.00010761055510863371
2,UPFC_Vsh,5-15,1.111580953771163,55,1.1115344568080843,MAP_PMU,5,4.649696307867934e-05
3,UPFC_tsh,5-15,-0.2365539017888824,55,-0.23650317855655192,MAP_PMU,5,5.072323233046294e-05
4,UPFC_Vse,5-15,0.058016469569367554,55,0.05803446996422508,MAP_PMU,5,1.8000394857525803e-05
5,UPFC_tse,5-15,-2.1297166066650535,55,-2.1215839223104322,MAP_PMU,5,0.008132684354621222
0,x_tcsc,1-14,-0.10759032205251365,56,-0.10759375181823708,MAP_PMU,5,3.4297657234283463e-06
1,B_svc,2,0.1766812430304435,56,0.17618784178147667,MAP_PMU,5,0.0004934012489668238
2,UPFC_Vsh,5-15,1.1111018892997953,56,1.1115344568080843,MAP_PMU,5,0.0004325675082890168
3,UPFC_tsh,5-15,-0.2365066990634036,56,-0.23650317855655192,MAP_PMU,5,3.5205068516785953e-06
4,UPFC_Vse,5-15,0.057436388751207025,56,0.05803446996422508,MAP_PMU,5,0.0005980812130180549
5,UPFC_tse,5-15,-2.1139462383777796,56,-2.1215839223104322,MAP_PMU,5,0.007637683932652628
0,x_tcsc,1-14,-0.10759362835137681,57,-0.10759375181823708,MAP_PMU,5,1.2346686026343257e-07
1,B_svc,2,0.17592614413991797,57,0.17618784178147667,MAP_PMU,5,0.00026169764155870023
2,UPFC_Vsh,5-15,1.1116697613856317,57,1.1115344568080843,MAP_PMU,5,0.00013530457754740155
3,UPFC_tsh,5-15,-0.2365101160349284,57,-0.23650317855655192,MAP_PMU,5,6.937478376489725e-06
4,UPFC_Vse,5-15,0.05802048469065549,57,0.05803446996422508,MAP_PMU,5,1.3985273569591672e-05
5,UPFC_tse,5-15,-2.1233324291463123,57,-2.1215839223104322,MAP_PMU,5,0.0017485068358800149
0,x_tcsc,1-14,-0.10759721769485833,58,-0.10759375181823708,MAP_PMU,5,3.465876621255859e-06
1,B_svc,2,0.17614436122909702,58,0.17618784178147667,MAP_PMU,5,4.3480552379654425e-05
2,UPFC_Vsh,5-15,1.1115477446003401,58,1.1115344568080843,MAP_PMU,5,1.3287792255844977e-05
3,UPFC_tsh,5-15,-0.23659019760265323,58,-0.23650317855655192,MAP_PMU,5,8.701904610131095e-05
4,UPFC_Vse,5-15,0.057456027381668884,58,0.05803446996422508,MAP_PMU,5,0.0005784425825561962
5,UPFC_tse,5-15,-2.1331957449560237,58,-2.1215839223104322,MAP_PMU,5,0.011611822645591463
0,x_tcsc,1-14,-0.10760677171468351,59,-0.10759375181823708,MAP_PMU,5,1.3019896446433976e-05
1,B_svc,2,0.17608057036778615,59,0.17618784178147667,MAP_PMU,5,0.0001072714136905184
2,UPFC_Vsh,5-15,1.1115965245595303,59,1.1115344568080843,MAP_PMU,5,6.20677514460155e-05
3,UPFC_tsh,5-15,-0.2364880465368757,59,-0.23650317855655192,MAP_PMU,5,1.5132019676233899e-05
4,UPFC_Vse,5-15,0.05787331570822365,59,0.05803446996422508,MAP_PMU,5,0.00016115425600143202
5,UPFC_tse,5-15,-2.114830713853698,59,-2.1215839223104322,MAP_PMU,5,0.006753208456734328
0,x_tcsc,1-14,-0.1075851894508944,60,-0.10759375181823708,MAP_PMU,5,8.562367342673793e-06
1,B_svc,2,0.17627785593975556,60,0.17618784178147667,MAP_PMU,5,9.001415827888937e-05
2,UPFC_Vsh,5-15,1.1119276230210322,60,1.1115344568080843,MAP_PMU,5,0.0003931662129479374
3,UPFC_tsh,5-15,-0.23643572419498043,60,-0.23650317855655192,MAP_PMU,5,6.745436157148954e-05
4,UPFC_Vse,5-15,0.05787557493328408,60,0.05803446996422508,MAP_PMU,5,0.00015889503094099894
5,UPFC_tse,5-15,-2.1148680981785115,60,-2.1215839223104322,MAP_PMU,5,0.0067158241319207335
0,x_tcsc,1-14,-0.10759518842329023,61,-0.10759375181823708,MAP_PMU,5,1.4366050531539054e-06
1,B_svc,2,0.1757423889079512,61,0.17618784178147667,MAP_PMU,5,0.00044545287352545926
2,UPFC_Vsh,5-15,1.112148565059688,61,1.1115344568080843,MAP_PMU,5,0.0006141082516037955
3,UPFC_tsh,5-15,-0.23649198116321316,61,-0.23650317855655192,MAP_PMU,5,1.119739333876879e-05
4,UPFC_Vse,5-15,0.05795402246441072,61,0.05803446996422508,MAP_PMU,5,8.044749981436089e-05
5,UPFC_tse,5-15,-2.1227828223468825,61,-2.1215839223104322,MAP_PMU,5,0.00119890003645029
0,x_tcsc,1-14,-0.10759113143103148,62,-0.10759375181823708,MAP_PMU,5,2.6203872055957644e-06
1,B_svc,2,0.17643127089570418,62,0.17618784178147667,MAP_PMU,5,0.0002434291142275058
2,UPFC_Vsh,5-15,1.1113993232111365,62,1.1115344568080843,MAP_PMU,5,0.00013513359694772298
3,UPFC_tsh,5-15,-0.23649363864317582,62,-0.23650317855655192,MAP_PMU,5,9.539913376099829e-06
4,UPFC_Vse,5-15,0.05810811835915625,62,0.05803446996422508,MAP_PMU,5,7.36483949311667e-05
5,UPFC_tse,5-15,-2.134234585039155,62,-2.1215839223104322,MAP_PMU,5,0.012650662728722839
0,x_tcsc,1-14,-0.10761381066073296,63,-0.10759375181823708,MAP_PMU,5,2.0058842495881968e-05
1,B_svc,2,0.17618309504815355,63,0.17618784178147667,MAP_PMU,5,4.746733323124364e-06
2,UPFC_Vsh,5-15,1.1116723318663007,63,1.1115344568080843,MAP_PMU,5,0.00013787505821638568
3,UPFC_tsh,5-15,-0.23649918667877814,63,-0.23650317855655192,MAP_PMU,5,3.991877773779073e-06
4,UPFC_Vse,5-15,0.05755263079039499,63,0.05803446996422508,MAP_PMU,5,0.000481839173830087
5,UPFC_tse,5-15,-2.1261906839212954,63,-2.1215839223104322,MAP_PMU,5,0.004606761610863153
0,x_tcsc,1-14,-0.1075931556635862,64,-0.10759375181823708,MAP_PMU,5,5.961546508809201e-07
1,B_svc,2,0.17644185156091893,64,0.17618784178147667,MAP_PMU,5,0.0002540097794422602
2,UPFC_Vsh,5-15,1.1118723765562555,64,1.1115344568080843,MAP_PMU,5,0.0003379197481712115
3,UPFC_tsh,5-15,-0.2364919743620677,64,-0.23650317855655192,MAP_PMU,5,1.1204194484221164e-05
4,UPFC_Vse,5-15,0.05788256339720865,64,0.05803446996422508,MAP_PMU,5,0.00015190656701642713
5,UPFC_tse,5-15,-2.1229527963951855,64,-2.1215839223104322,MAP_PMU,5,0.0013688740847532799
0,x_tcsc,1-14,-0.10760789107216615,65,-0.10759375181823708,MAP_PMU,5,1.4139253929068563e-05
1,B_svc,2,0.1760428295832399,65,0.17618784178147667,MAP_PMU,5,0.00014501219823676026
2,UPFC_Vsh,5-15,1.111691671433809,65,1.1115344568080843,MAP_PMU,5,0.0001572146257247109
3,UPFC_tsh,5-15,-0.2365157095665971,65,-0.23650317855655192,MAP_PMU,5,1.253101004516921e-05
4,UPFC_Vse,5-15,0.05783869842527608,65,0.05803446996422508,MAP_PMU,5,0.00019577153894900085
5,UPFC_tse,5-15,-2.123300850244512,65,-2.1215839223104322,MAP_PMU,5,0.0017169279340798482
0,x_tcsc,1-14,-0.1076057182746951,66,-0.10759375181823708,MAP_PMU,5,1.1966456458026298e-05
1,B_svc,2,0.17634456674203006,66,0.17618784178147667,MAP_PMU,5,0.0001567249605533838
2,UPFC_Vsh,5-15,1.1117898337541612,66,1.1115344568080843,MAP_PMU,5,0.00025537694607691286
3,UPFC_tsh,5-15,-0.23659044663593443,66,-0.23650317855655192,MAP_PMU,5,8.726807938250203e-05
4,UPFC_Vse,5-15,0.0582033333615104,66,0.05803446996422508,MAP_PMU,5,0.00016886339728532096
5,UPFC_tse,5-15,-2.1278173353974448,66,-2.1215839223104322,MAP_PMU,5,0.006233413087012529
0,x_tcsc,1-14,-0.10761532328011267,67,-0.10759375181823708,MAP_PMU,5,2.1571461875591336e-05
1,B_svc,2,0.17585193649341913,67,0.17618784178147667,MAP_PMU,5,0.0003359052880575475
2,UPFC_Vsh,5-15,1.1115719760182365,67,1.1115344568080843,MAP_PMU,5,3.751921015227033e-05
3,UPFC_tsh,5-15,-0.2365866423083007,67,-0.23650317855655192,MAP_PMU,5,8.346375174878018e-05
4,UPFC_Vse,5-15,0.057840178630285906,67,0.05803446996422508,MAP_PMU,5,0.00019429133393917414
5,UPFC_tse,5-15,-2.127485450963638,67,-2.1215839223104322,MAP_PMU,5,0.005901528653205812
0,x_tcsc,1-14,-0.1075835846934472,68,-0.10759375181823708,MAP_PMU,5,1.0167124789878246e-05
1,B_svc,2,0.17634609841485102,68,0.17618784178147667,MAP_PMU,5,0.00015825663337434848
2,UPFC_Vsh,5-15,1.1116731357489151,68,1.1115344568080843,MAP_PMU,5,0.00013867894083086085
3,UPFC_tsh,5-15,-0.23650607452918823,68,-0.23650317855655192,MAP_PMU,5,2.8959726363075866e-06
4,UPFC_Vse,5-15,0.05800668493438354,68,0.05803446996422508,MAP_PMU,5,2.7785029841541353e-05
5,UPFC_tse,5-15,-2.121383287189892,68,-2.1215839223104322,MAP_PMU,5,0.000200635120540138
0,x_tcsc,1-14,-0.10758086974088103,69,-0.10759375181823708,MAP_PMU,5,1.2882077356043964e-05
1,B_svc,2,0.1765628408789019,69,0.17618784178147667,MAP_PMU,5,0.00037499909742522153
2,UPFC_Vsh,5-15,1.111647462281052,69,1.1115344568080843,MAP_PMU,5,0.00011300547296766439
3,UPFC_tsh,5-15,-0.23656912377897898,69,-0.23650317855655192,MAP_PMU,5,6.594522242706069e-05
4,UPFC_Vse,5-15,0.05777815914669522,69,0.05803446996422508,MAP_PMU,5,0.00025631081752985896
5,UPFC_tse,5-15,-2.123040356418632,69,-2.1215839223104322,MAP_PMU,5,0.0014564341081997334
0,x_tcsc,1-14,-0.10757425062545715,70,-0.10759375181823708,MAP_PMU,5,1.9501192779922127e-05
1,B_svc,2,0.17593543550467855,70,0.17618784178147667,MAP_PMU,5,0.0002524062767981228
2,UPFC_Vsh,5-15,1.1114606540016712,70,1.1115344568080843,MAP_PMU,5,7.380280641311465e-05
3,UPFC_tsh,5-15,-0.23654335551086964,70,-0.23650317855655192,MAP_PMU,5,4.017695431771107e-05
4,UPFC_Vse,5-15,0.05799749930290466,70,0.05803446996422508,MAP_PMU,5,3.697066132041932e-05
5,UPFC_tse,5-15,-2.113902813109961,70,-2.1215839223104322,MAP_PMU,5,0.007681109200471159
0,x_tcsc,1-14,-0.10759057081026391,71,-0.10759375181823708,MAP_PMU,5,3.1810079731686702e-06
1,B_svc,2,0.17608379038588506,71,0.17618784178147667,MAP_PMU,5,0.00010405139559160892
2,UPFC_Vsh,5-15,1.1114286888405103,71,1.1115344568080843,MAP_PMU,5,0.00010576796757399975
3,UPFC_tsh,5-15,-0.23645214580059098,71,-0.23650317855655192,MAP_PMU,5,5.103275596093915e-05
4,UPFC_Vse,5-15,0.05784296096418028,71,0.05803446996422508,MAP_PMU,5,0.00019150900004479693
5,UPFC_tse,5-15,-2.115093672532046,71,-2.1215839223104322,MAP_PMU,5,0.006490249778386303
0,x_tcsc,1-14,-0.10760387500137623,72,-0.10759375181823708,MAP_PMU,5,1.0123183139157388e-05
1,B_svc,2,0.1764459186641672,72,0.17618784178147667,MAP_PMU,5,0.00025807688269052775
2,UPFC_Vsh,5-15,1.1114406823723475,72,1.1115344568080843,MAP_PMU,5,9.377443573677091e-05
3,UPFC_tsh,5-15,-0.23657971171729344,72,-0.23650317855655192,MAP_PMU,5,7.653316074152094e-05
4,UPFC_Vse,5-15,0.05781299723229389,72,0.05803446996422508,MAP_PMU,5,0.0002214727319311896
5,UPFC_tse,5-15,-2.1329248187907504,72,-2.1215839223104322,MAP_PMU,5,0.011340896480318108
0,x_tcsc,1-14,-0.10757178999417136,73,-0.10759375181823708,MAP_PMU,5,2.1961824065719338e-05
1,B_svc,2,0.17628701596080462,73,0.17618784178147667,MAP_PMU,5,9.917417932794881e-05
2,UPFC_Vsh,5-15,1.1116164120816503,73,1.1115344568080843,MAP_PMU,5,8.195527356602561e-05
3,UPFC_tsh,5-15,-0.23644731632183114,73,-0.23650317855655192,MAP_PMU,5,5.586223472078822e-05
4,UPFC_Vse,5-15,0.057388496225460675,73,0.05803446996422508,MAP_PMU,5,0.0006459737387644049
5,UPFC_tse,5-15,-2.121708611525752,73,-2.1215839223104322,MAP_PMU,5,0.0001246892153199397
0,x_tcsc,1-14,-0.10760844063529176,74,-0.10759375181823708,MAP_PMU,5,1.468881705468661e-05
1,B_svc,2,0.1763008446325569,74,0.17618784178147667,MAP_PMU,5,0.000113002851080235
2,UPFC_Vsh,5-15,1.1119557938034341,74,1.1115344568080843,MAP_PMU,5,0.00042133699534985247
3,UPFC_tsh,5-15,-0.2365079632141084,74,-0.23650317855655192,MAP_PMU,5,4.784657556489158e-06
4,UPFC_Vse,5-15,0.05744123013080374,74,0.05803446996422508,MAP_PMU,5,0.0005932398334213412
5,UPFC_tse,5-15,-2.1114464722566018,74,-2.1215839223104322,MAP_PMU,5,0.010137450053830488
0,x_tcsc,1-14,-0.10760235219674733,75,-0.10759375181823708,MAP_PMU,5,8.600378510248419e-06
1,B_svc,2,0.17612299898915562,75,0.17618784178147667,MAP_PMU,5,6.48427923210515e-05
2,UPFC_Vsh,5-15,1.1115241672423841,75,1.1115344568080843,MAP_PMU,5,1.028956570015005e-05
3,UPFC_tsh,5-15,-0.23645772816958952,75,-0.23650317855655192,MAP_PMU,5,4.5450386962408995e-05
4,UPFC_Vse,5-15,0.0576805385280314,75,0.05803446996422508,MAP_PMU,5,0.00035393143619368017
5,UPFC_tse,5-15,-2.1221714737198996,75,-2.1215839223104322,MAP_PMU,5,0.0005875514094673129
0,x_tcsc,1-14,-0.10758285980821201,76,-0.10759375181823708,MAP_PMU,5,1.089201002506257e-05
1,B_svc,2,0.17644059852768168,76,0.17618784178147667,MAP_PMU,5,0.0002527567462050073
2,UPFC_Vsh,5-15,1.1121001697751125,76,1.1115344568080843,MAP_PMU,5,0.0005657129670282313
3,UPFC_tsh,5-15,-0.23646224410342043,76,-0.23650317855655192,MAP_PMU,5,4.093445313149702e-05
4,UPFC_Vse,5-15,0.057834180632751385,76,0.05803446996422508,MAP_PMU,5,0.00020028933147369504
5,UPFC_tse,5-15,-2.1162348492052843,76,-2.1215839223104322,MAP_PMU,5,0.005349073105147983
0,x_tcsc,1-14,-0.10759836992969843,77,-0.10759375181823708,MAP_PMU,5,4.618111461351937e-06
1,B_svc,2,0.17624243757949684,77,0.17618784178147667,MAP_PMU,5,5.459579802016834e-05
2,UPFC_Vsh,5-15,1.1116656283006627,77,1.1115344568080843,MAP_PMU,5,0.0001311714925784635
3,UPFC_tsh,5-15,-0.23650249097731701,77,-0.23650317855655192,MAP_PMU,5,6.875792349092524e-07
4,UPFC_Vse,5-15,0.05796942535945595,77,0.05803446996422508,MAP_PMU,5,6.504460476913082e-05
5,UPFC_tse,5-15,-2.117809417542396,77,-2.1215839223104322,MAP_PMU,5,0.003774504768036202
0,x_tcsc,1-14,-0.10761468858735634,78,-0.10759375181823708,MAP_PMU,5,2.093676911926745e-05
1,B_svc,2,0.1758659940097821,78,0.17618784178147667,MAP_PMU,5,0.00032184777169458334
2,UPFC_Vsh,5-15,1.1115860531031152,78,1.1115344568080843,MAP_PMU,5,5.1596295030931216e-05
3,UPFC_tsh,5-15,-0.23643030755021183,78,-0.23650317855655192,MAP_PMU,5,7.287100634009724e-05
4,UPFC_Vse,5-15,0.05774666986796908,78,0.05803446996422508,MAP_PMU,5,0.00028780009625600095
5,UPFC_tse,5-15,-2.1219834959042503,78,-2.1215839223104322,MAP_PMU,5,0.0003995735938180367
0,x_tcsc,1-14,-0.1075895326792382,79,-0.10759375181823708,MAP_PMU,5,4.2191389988816e-06
1,B_svc,2,0.17624681717097498,79,0.17618784178147667,MAP_PMU,5,5.897538949831138e-05
2,UPFC_Vsh,5-15,1.1117539425832885,79,1.1115344568080843,MAP_PMU,5,0.00021948577520425339
3,UPFC_tsh,5-15,-0.2365050663487604,79,-0.23650317855655192,MAP_PMU,5,1.8877922084714616e-06
4,UPFC_Vse,5-15,0.05753272527957411,79,0.05803446996422508,MAP_PMU,5,0.0005017446846509732
5,UPFC_tse,5-15,-2.109462647227512,79,-2.1215839223104322,MAP_PMU,5,0.012121275082920047
0,x_tcsc,1-14,-0.1075900912178292,80,-0.10759375181823708,MAP_PMU,5,3.6606004078787446e-06
1,B_svc,2,0.17617633939656385,80,0.17618784178147667,MAP_PMU,5,1.1502384912820407e-05
2,UPFC_Vsh,5-15,1.1115680780023935,80,1.1115344568080843,MAP_PMU,5,3.362119430927457e-05
3,UPFC_tsh,5-15,-0.23654551263418136,80,-0.23650317855655192,MAP_PMU,5,4.233407762943564e-05
4,UPFC_Vse,5-15,0.05796873332122955,80,0.05803446996422508,MAP_PMU,5,6.573664299552862e-05
5,UPFC_tse,5-15,-2.119990418479,80,-2.1215839223104322,MAP_PMU,5,0.001593503831432308
0,x_tcsc,1-14,-0.10760799085520802,81,-0.10759375181823708,MAP_PMU,5,1.4239036970939423e-05
1,B_svc,2,0.17608039661351546,81,0.17618784178147667,MAP_PMU,5,0.00010744516796121206
2,UPFC_Vsh,5-15,1.111664888860869,81,1.1115344568080843,MAP_PMU,5,0.00013043205278462366
3,UPFC_tsh,5-15,-0.23648487771812549,81,-0.23650317855655192,MAP_PMU,5,1.830083842643826e-05
4,UPFC_Vse,5-15,0.05729154459742949,81,0.05803446996422508,MAP_PMU,5,0.0007429253667955923
5,UPFC_tse,5-15,-2.119897916699444,81,-2.1215839223104322,MAP_PMU,5,0.001686005610988417
0,x_tcsc,1-14,-0.10760512351737316,82,-0.10759375181823708,MAP_PMU,5,1.1371699136078495e-05
1,B_svc,2,0.17619617337883692,82,0.17618784178147667,MAP_PMU,5,8.331597360244913e-06
2,UPFC_Vsh,5-15,1.1118121117049988,82,1.1115344568080843,MAP_PMU,5,0.0002776548969145587
3,UPFC_tsh,5-15,-0.23649538615928692,82,-0.23650317855655192,MAP_PMU,5,7.792397265005135e-06
4,UPFC_Vse,5-15,0.05789180557328188,82,0.05803446996422508,MAP_PMU,5,0.0001426643909432021
5,UPFC_tse,5-15,-2.1152856849931325,82,-2.1215839223104322,MAP_PMU,5,0.006298237317299726
0,x_tcsc,1-14,-0.10760194177203357,83,-0.10759375181823708,MAP_PMU,5,8.1899537964919e-06
1,B_svc,2,0.1767551681019453,83,0.17618784178147667,MAP_PMU,5,0.0005673263204686307
2,UPFC_Vsh,5-15,1.1115311974130182,83,1.1115344568080843,MAP_PMU,5,3.259395066068649e-06
3,UPFC_tsh,5-15,-0.2365260249254237,83,-0.23650317855655192,MAP_PMU,5,2.284636887178726e-05
4,UPFC_Vse,5-15,0.05800053046016642,83,0.05803446996422508,MAP_PMU,5,3.3939504058659586e-05
5,UPFC_tse,5-15,-2.1250695538544733,83,-2.1215839223104322,MAP_PMU,5,0.0034856315440410235
0,x_tcsc,1-14,-0.1075993296397998,84,-0.10759375181823708,MAP_PMU,5,5.5778215627272365e-06
1,B_svc,2,0.17619956766351633,84,0.17618784178147667,MAP_PMU,5,1.1725882039653746e-05
2,UPFC_Vsh,5-15,1.111743820846273,84,1.1115344568080843,MAP_PMU,5,0.00020936403818883065
3,UPFC_tsh,5-15,-0.23649962572410888,84,-0.23650317855655192,MAP_PMU,5,3.5528324430489366e-06
4,UPFC_Vse,5-15,0.0581540890978195,84,0.05803446996422508,MAP_PMU,5,0.00011961913359442161
5,UPFC_tse,5-15,-2.1308840139573775,84,-2.1215839223104322,MAP_PMU,5,0.00930009164694523
0,x_tcsc,1-14,-0.10758205096281155,85,-0.10759375181823708,MAP_PMU,5,1.1700855425525458e-05
1,B_svc,2,0.1762125179028754,85,0.17618784178147667,MAP_PMU,5,2.467612139872566e-05
2,UPFC_Vsh,5-15,1.1118326635864224,85,1.1115344568080843,MAP_PMU,5,0.00029820677833813924
3,UPFC_tsh,5-15,-0.23647067774211808,85,-0.23650317855655192,MAP_PMU,5,3.250081443384456e-05
4,UPFC_Vse,5-15,0.057593429427965984,85,0.05803446996422508,MAP_PMU,5,0.00044104053625909634
5,UPFC_tse,5-15,-2.120373728376419,85,-2.1215839223104322,MAP_PMU,5,0.0012101939340132262
0,x_tcsc,1-14,-0.1075943233144851,86,-0.10759375181823708,MAP_PMU,5,5.71496248019665e-07
1,B_svc,2,0.1761962237732727,86,0.17618784178147667,MAP_PMU,5,8.381991796035937e-06
2,UPFC_Vsh,5-15,1.1117851317725473,86,1.1115344568080843,MAP_PMU,5,0.00025067496446307125
3,UPFC_tsh,5-15,-0.2364323558623187,86,-0.23650317855655192,MAP_PMU,5,7.082269423322463e-05
4,UPFC_Vse,5-15,0.057651363494687614,86,0.05803446996422508,MAP_PMU,5,0.0003831064695374656
5,UPFC_tse,5-15,-2.1097540017171266,86,-2.1215839223104322,MAP_PMU,5,0.011829920593305676
0,x_tcsc,1-14,-0.1076068703440965,87,-0.10759375181823708,MAP_PMU,5,1.3118525859417973e-05
1,B_svc,2,0.17622970752102002,87,0.17618784178147667,MAP_PMU,5,4.186573954334527e-05
2,UPFC_Vsh,5-15,1.1114231505331487,87,1.1115344568080843,MAP_PMU,5,0.00011130627493560752
3,UPFC_tsh,5-15,-0.2365499465578804,87,-0.23650317855655192,MAP_PMU,5,4.67680013284677e-05
4,UPFC_Vse,5-15,0.057450345670200985,87,0.05803446996422508,MAP_PMU,5,0.0005841242940240951
5,UPFC_tse,5-15,-2.11660749105923,87,-2.1215839223104322,MAP_PMU,5,0.004976431251202396
0,x_tcsc,1-14,-0.10757986735692703,88,-0.10759375181823708,MAP_PMU,5,1.3884461310051388e-05
1,B_svc,2,0.17685607578103854,88,0.17618784178147667,MAP_PMU,5,0.000668233999561868
2,UPFC_Vsh,5-15,1.1116827355355043,88,1.1115344568080843,MAP_PMU,5,0.0001482787274200703
3,UPFC_tsh,5-15,-0.23650637855081788,88,-0.23650317855655192,MAP_PMU,5,3.1999942659566294e-06
4,UPFC_Vse,5-15,0.057572627784596465,88,0.05803446996422508,MAP_PMU,5,0.00046184217962861457
5,UPFC_tse,5-15,-2.1169750830243594,88,-2.1215839223104322,MAP_PMU,5,0.004608839286072808
0,x_tcsc,1-14,-0.10759651328776154,89,-0.10759375181823708,MAP_PMU,5,2.761469524464877e-06
1,B_svc,2,0.17614008322521085,89,0.17618784178147667,MAP_PMU,5,4.775855626582004e-05
2,UPFC_Vsh,5-15,1.1119861842385204,89,1.1115344568080843,MAP_PMU,5,0.00045172743043608854
3,UPFC_tsh,5-15,-0.23654046039779195,89,-0.23650317855655192,MAP_PMU,5,3.7281841240022207e-05
4,UPFC_Vse,5-15,0.057489990130198114,89,0.05803446996422508,MAP_PMU,5,0.000544479834026966
5,UPFC_tse,5-15,-2.118145788370445,89,-2.1215839223104322,MAP_PMU,5,0.0034381339399871536
0,x_tcsc,1-14,-0.10760332662092792,90,-0.10759375181823708,MAP_PMU,5,9.574802690842654e-06
1,B_svc,2,0.1758164729582702,90,0.17618784178147667,MAP_PMU,5,0.000371368823206486
2,UPFC_Vsh,5-15,1.1116378530740443,90,1.1115344568080843,MAP_PMU,5,0.00010339626596000961
3,UPFC_tsh,5-15,-0.2363461524451763,90,-0.23650317855655192,MAP_PMU,5,0.0001570261113756355
4,UPFC_Vse,5-15,0.05748969914369321,90,0.05803446996422508,MAP_PMU,5,0.0005447708205318716
5,UPFC_tse,5-15,-2.1053180530906426,90,-2.1215839223104322,MAP_PMU,5,0.016265869219789675
0,x_tcsc,1-14,-0.1075812323242895,91,-0.10759375181823708,MAP_PMU,5,1.2519493947579785e-05
1,B_svc,2,0.17602103531783742,91,0.17618784178147667,MAP_PMU,5,0.00016680646363925744
2,UPFC_Vsh,5-15,1.1119957996101757,91,1.1115344568080843,MAP_PMU,5,0.00046134280209142453
3,UPFC_tsh,5-15,-0.23639723021276174,91,-0.23650317855655192,MAP_PMU,5,0.00010594834379018536
4,UPFC_Vse,5-15,0.05730238356659142,91,0.05803446996422508,MAP_PMU,5,0.000732086397633662
5,UPFC_tse,5-15,-2.1218443428237745,91,-2.1215839223104322,MAP_PMU,5,0.00026042051334229654
0,x_tcsc,1-14,-0.10758766041125481,92,-0.10759375181823708,MAP_PMU,5,6.091406982267067e-06
1,B_svc,2,0.1761420443853933,92,0.17618784178147667,MAP_PMU,5,4.579739608337463e-05
2,UPFC_Vsh,5-15,1.1114296899931946,92,1.1115344568080843,MAP_PMU,5,0.00010476681488968964
3,UPFC_tsh,5-15,-0.2365434461954366,92,-0.23650317855655192,MAP_PMU,5,4.026763888467788e-05
4,UPFC_Vse,5-15,0.058354533378797105,92,0.05803446996422508,MAP_PMU,5,0.0003200634145720249
5,UPFC_tse,5-15,-2.1223065264394383,92,-2.1215839223104322,MAP_PMU,5,0.0007226041290060436
0,x_tcsc,1-14,-0.10757787236516139,93,-0.10759375181823708,MAP_PMU,5,1.5879453075684502e-05
1,B_svc,2,0.17585453782401236,93,0.17618784178147667,MAP_PMU,5,0.0003333039574643093
2,UPFC_Vsh,5-15,1.111625378448388,93,1.1115344568080843,MAP_PMU,5,9.092164030377603e-05
3,UPFC_tsh,5-15,-0.23645354219805587,93,-0.23650317855655192,MAP_PMU,5,4.9636358496057964e-05
4,UPFC_Vse,5-15,0.0581783828059354,93,0.05803446996422508,MAP_PMU,5,0.00014391284171032248
5,UPFC_tse,5-15,-2.118017242505048,93,-2.1215839223104322,MAP_PMU,5,0.0035666798053841653
0,x_tcsc,1-14,-0.10759706255070023,94,-0.10759375181823708,MAP_PMU,5,3.310732463152055e-06
1,B_svc,2,0.17574555582614304,94,0.17618784178147667,MAP_PMU,5,0.00044228595533363224
2,UPFC_Vsh,5-15,1.1114778030398949,94,1.1115344568080843,MAP_PMU,5,5.6653768189418585e-05
3,UPFC_tsh,5-15,-0.2365325442796045,94,-0.23650317855655192,MAP_PMU,5,2.9365723052565684e-05
4,UPFC_Vse,5-15,0.057174704443559626,94,0.05803446996422508,MAP_PMU,5,0.0008597655206654536
5,UPFC_tse,5-15,-2.121970978000562,94,-2.1215839223104322,MAP_PMU,5,0.00038705569012975616
0,x_tcsc,1-14,-0.10759351733680438,95,-0.10759375181823708,MAP_PMU,5,2.3448143270099475e-07
1,B_svc,2,0.17615912863659167,95,0.17618784178147667,MAP_PMU,5,2.8713144885006425e-05
2,UPFC_Vsh,5-15,1.1120775549062951,95,1.1115344568080843,MAP_PMU,5,0.000543098098210848
3,UPFC_tsh,5-15,-0.23646425520019862,95,-0.23650317855655192,MAP_PMU,5,3.892335635330424e-05
4,UPFC_Vse,5-15,0.05804866267597198,95,0.05803446996422508,MAP_PMU,5,1.4192711746900677e-05
5,UPFC_tse,5-15,-2.1139768768244833,95,-2.1215839223104322,MAP_PMU,5,0.007607045485948927
0,x_tcsc,1-14,-0.10755349573969222,96,-0.10759375181823708,MAP_PMU,5,4.025607854485358e-05
1,B_svc,2,0.17573109126215355,96,0.17618784178147667,MAP_PMU,5,0.00045675051932311805
2,UPFC_Vsh,5-15,1.1116216980722553,96,1.1115344568080843,MAP_PMU,5,8.724126417103406e-05
3,UPFC_tsh,5-15,-0.23641872302033365,96,-0.23650317855655192,MAP_PMU,5,8.445553621827528e-05
4,UPFC_Vse,5-15,0.05711156834081808,96,0.05803446996422508,MAP_PMU,5,0.0009229016234070034
5,UPFC_tse,5-15,-2.1123360101826556,96,-2.1215839223104322,MAP_PMU,5,0.009247912127776647
0,x_tcsc,1-14,-0.10760041517720227,97,-0.10759375181823708,MAP_PMU,5,6.663358965194877e-06
1,B_svc,2,0.1765818638863883,97,0.17618784178147667,MAP_PMU,5,0.0003940221049116288
2,UPFC_Vsh,5-15,1.111534187634032,97,1.1115344568080843,MAP_PMU,5,2.6917405238080505e-07
3,UPFC_tsh,5-15,-0.2366140243580444,97,-0.23650317855655192,MAP_PMU,5,0.0001108458014924818
4,UPFC_Vse,5-15,0.05811036295198383,97,0.05803446996422508,MAP_PMU,5,7.589298775875081e-05
5,UPFC_tse,5-15,-2.1255483897373906,97,-2.1215839223104322,MAP_PMU,5,0.003964467426958329
0,x_tcsc,1-14,-0.10758133738129935,98,-0.10759375181823708,MAP_PMU,5,1.2414436937724371e-05
1,B_svc,2,0.17610752783058037,98,0.17618784178147667,MAP_PMU,5,8.031395089630466e-05
2,UPFC_Vsh,5-15,1.1117185454509133,98,1.1115344568080843,MAP_PMU,5,0.00018408864282903892
3,UPFC_tsh,5-15,-0.23646763371940888,98,-0.23650317855655192,MAP_PMU,5,3.554483714304779e-05
4,UPFC_Vse,5-15,0.05749374879190205,98,0.05803446996422508,MAP_PMU,5,0.0005407211723230318
5,UPFC_tse,5-15,-2.1134302668400817,98,-2.1215839223104322,MAP_PMU,5,0.008153655470350518
0,x_tcsc,1-14,-0.10757789912315874,99,-0.10759375181823708,MAP_PMU,5,1.5852695078338863e-05
1,B_svc,2,0.1764068414529329,99,0.17618784178147667,MAP_PMU,5,0.00021899967145622146
2,UPFC_Vsh,5-15,1.112207281795189,99,1.1115344568080843,MAP_PMU,5,0.0006728249871046366
3,UPFC_tsh,5-15,-0.23644533102846127,99,-0.23650317855655192,MAP_PMU,5,5.78475280906543e-05
4,UPFC_Vse,5-15,0.058100243224777005,99,0.05803446996422508,MAP_PMU,5,6.57732605519254e-05
5,UPFC_tse,5-15,-2.117490757989311,99,-2.1215839223104322,MAP_PMU,5,0.004093164321121279
0,x_tcsc,1-14,-0.10628551436031085,0,-0.10627177274999698,MAP_PMU,7,1.3741610313866559e-05
1,B_svc,2,0.17340777517693703,0,0.1737697612163251,MAP_PMU,7,0.00036198603938805696
2,UPFC_Vsh,5-15,1.1117677143660147,0,1.1111615739377885,MAP_PMU,7,0.000606140428226265
3,UPFC_tsh,5-15,-0.2373764634018857,0,-0.23738078940175356,MAP_PMU,7,4.325999867854646e-06
4,UPFC_Vse,5-15,0.05762998489947369,0,0.05887941255593789,MAP_PMU,7,0.0012494276564641998
5,UPFC_tse,5-15,-2.120555590904004,0,-2.13007471090317,MAP_PMU,7,0.009519119999166215
0,x_tcsc,1-14,-0.10629279682521348,1,-0.10627177274999698,MAP_PMU,7,2.1024075216494187e-05
1,B_svc,2,0.17390787015576017,1,0.1737697612163251,MAP_PMU,7,0.00013810893943508318
2,UPFC_Vsh,5-15,1.111304604855368,1,1.1111615739377885,MAP_PMU,7,0.00014303091757961184
3,UPFC_tsh,5-15,-0.23736533704752558,1,-0.23738078940175356,MAP_PMU,7,1.5452354227979415e-05
4,UPFC_Vse,5-15,0.05808038267908095,1,0.05887941255593789,MAP_PMU,7,0.0007990298768569409
5,UPFC_tse,5-15,-2.122749625016526,1,-2.13007471090317,MAP_PMU,7,0.007325085886644267
0,x_tcsc,1-14,-0.10625943541469872,2,-0.10627177274999698,MAP_PMU,7,1.233733529826253e-05
1,B_svc,2,0.17401496131149083,2,0.1737697612163251,MAP_PMU,7,0.0002452000951657374
2,UPFC_Vsh,5-15,1.1115778068581226,2,1.1111615739377885,MAP_PMU,7,0.0004162329203341031
3,UPFC_tsh,5-15,-0.2373905629710784,2,-0.23738078940175356,MAP_PMU,7,9.773569324855735e-06
4,UPFC_Vse,5-15,0.05808701248638712,2,0.05887941255593789,MAP_PMU,7,0.0007924000695507735
5,UPFC_tse,5-15,-2.1277978534416304,2,-2.13007471090317,MAP_PMU,7,0.0022768574615397164
0,x_tcsc,1-14,-0.10627116977734226,3,-0.10627177274999698,MAP_PMU,7,6.029726547229775e-07
1,B_svc,2,0.1731179060444292,3,0.1737697612163251,MAP_PMU,7,0.0006518551718958931
2,UPFC_Vsh,5-15,1.11178784040615,3,1.1111615739377885,MAP_PMU,7,0.0006262664683616137
3,UPFC_tsh,5-15,-0.2373286263531014,3,-0.23738078940175356,MAP_PMU,7,5.2163048652159594e-05
4,UPFC_Vse,5-15,0.05794779218484876,3,0.05887941255593789,MAP_PMU,7,0.0009316203710891327
5,UPFC_tse,5-15,-2.11841883978375,3,-2.13007471090317,MAP_PMU,7,0.011655871119420347
0,x_tcsc,1-14,-0.10627067624230294,4,-0.10627177274999698,MAP_PMU,7,1.0965076940455676e-06
1,B_svc,2,0.17397446373664502,4,0.1737697612163251,MAP_PMU,7,0.00020470252031992708
2,UPFC_Vsh,5-15,1.1114203981411968,4,1.1111615739377885,MAP_PMU,7,0.00025882420340828105
3,UPFC_tsh,5-15,-0.2373906650573388,4,-0.23738078940175356,MAP_PMU,7,9.87565558524528e-06
4,UPFC_Vse,5-15,0.05813746638467238,4,0.05887941255593789,MAP_PMU,7,0.000741946171265509
5,UPFC_tse,5-15,-2.126032596909895,4,-2.13007471090317,MAP_PMU,7,0.004042113993274921
0,x_tcsc,1-14,-0.10624477616166747,5,-0.10627177274999698,MAP_PMU,7,2.6996588329511462e-05
1,B_svc,2,0.17383197740578626,5,0.1737697612163251,MAP_PMU,7,6.22161894611728e-05
2,UPFC_Vsh,5-15,1.1116106441909306,5,1.1111615739377885,MAP_PMU,7,0.00044907025314211424
3,UPFC_tsh,5-15,-0.23733303792247232,5,-0.23738078940175356,MAP_PMU,7,4.775147928123835e-05
4,UPFC_Vse,5-15,0.057708091129309025,5,0.05887941255593789,MAP_PMU,7,0.0011713214266288671
5,UPFC_tse,5-15,-2.1151865880734864,5,-2.13007471090317,MAP_PMU,7,0.01488812282968377
0,x_tcsc,1-14,-0.10627499785935444,6,-0.10627177274999698,MAP_PMU,7,3.2251093574631184e-06
1,B_svc,2,0.17371871716436252,6,0.1737697612163251,MAP_PMU,7,5.104405196257322e-05
2,UPFC_Vsh,5-15,1.111890891976694,6,1.1111615739377885,MAP_PMU,7,0.0007293180389056353
3,UPFC_tsh,5-15,-0.2372901179572449,6,-0.23738078940175356,MAP_PMU,7,9.067144450866649e-05
4,UPFC_Vse,5-15,0.058145044812639116,6,0.05887941255593789,MAP_PMU,7,0.0007343677432987764
5,UPFC_tse,5-15,-2.1184973856433027,6,-2.13007471090317,MAP_PMU,7,0.011577325259867433
0,x_tcsc,1-14,-0.10627531548239261,7,-0.10627177274999698,MAP_PMU,7,3.5427323956255252e-06
1,B_svc,2,0.17403229984231128,7,0.1737697612163251,MAP_PMU,7,0.00026253862598618616
2,UPFC_Vsh,5-15,1.1116613653889722,7,1.1111615739377885,MAP_PMU,7,0.0004997914511837287
3,UPFC_tsh,5-15,-0.23730489607193114,7,-0.23738078940175356,MAP_PMU,7,7.589332982241292e-05
4,UPFC_Vse,5-15,0.05752195652116506,7,0.05887941255593789,MAP_PMU,7,0.0013574560347728304
5,UPFC_tse,5-15,-2.1086899498702545,7,-2.13007471090317,MAP_PMU,7,0.021384761032915645
0,x_tcsc,1-14,-0.10625772180424133,8,-0.10627177274999698,MAP_PMU,7,1.4050945755655908e-05
1,B_svc,2,0.1736976063173266,8,0.1737697612163251,MAP_PMU,7,7.215489899847771e-05
2,UPFC_Vsh,5-15,1.1119371002871807,8,1.1111615739377885,MAP_PMU,7,0.0007755263493922637
3,UPFC_tsh,5-15,-0.23730992108112425,8,-0.23738078940175356,MAP_PMU,7,7.08683206293026e-05
4,UPFC_Vse,5-15,0.057780623443781556,8,0.05887941255593789,MAP_PMU,7,0.0010987891121563356
5,UPFC_tse,5-15,-2.109718579515481,8,-2.13007471090317,MAP_PMU,7,0.020356131387689214
0,x_tcsc,1-14,-0.10627661211121436,9,-0.10627177274999698,MAP_PMU,7,4.839361217381932e-06
1,B_svc,2,0.17376898440319313,9,0.1737697612163251,MAP_PMU,7,7.768131319585425e-07
2,UPFC_Vsh,5-15,1.1117609218989926,9,1.1111615739377885,MAP_PMU,7,0.0005993479612040886
3,UPFC_tsh,5-15,-0.23734615063582518,9,-0.23738078940175356,MAP_PMU,7,3.463876592837978e-05
4,UPFC_Vse,5-15,0.05822318907387363,9,0.05887941255593789,MAP_PMU,7,0.000656223482064261
5,UPFC_tse,5-15,-2.1252560595360497,9,-2.13007471090317,MAP_PMU,7,0.004818651367120452
0,x_tcsc,1-14,-0.10628955909950867,10,-0.10627177274999698,MAP_PMU,7,1.7786349511689226e-05
1,B_svc,2,0.17362699285140445,10,0.1737697612163251,MAP_PMU,7,0.00014276836492063683
2,UPFC_Vsh,5-15,1.1116765813907885,10,1.1111615739377885,MAP_PMU,7,0.0005150074530000381
3,UPFC_tsh,5-15,-0.23728498861739006,10,-0.23738078940175356,MAP_PMU,7,9.580078436349782e-05
4,UPFC_Vse,5-15,0.05732083149173334,10,0.05887941255593789,MAP_PMU,7,0.0015585810642045547
5,UPFC_tse,5-15,-2.1174169614146354,10,-2.13007471090317,MAP_PMU,7,0.012657749488534709
0,x_tcsc,1-14,-0.10627075296266729,11,-0.10627177274999698,MAP_PMU,7,1.0197873296924342e-06
1,B_svc,2,0.1739271276344608,11,0.1737697612163251,MAP_PMU,7,0.00015736641813571262
2,UPFC_Vsh,5-15,1.1116433717221461,11,1.1111615739377885,MAP_PMU,7,0.0004817977843576404
3,UPFC_tsh,5-15,-0.23732231244533628,11,-0.23738078940175356,MAP_PMU,7,5.847695641728046e-05
4,UPFC_Vse,5-15,0.057271630855027705,11,0.05887941255593789,MAP_PMU,7,0.0016077817009101866
5,UPFC_tse,5-15,-2.110129508496727,11,-2.13007471090317,MAP_PMU,7,0.01994520240644304
0,x_tcsc,1-14,-0.10626482040125798,12,-0.10627177274999698,MAP_PMU,7,6.9523487390005245e-06
1,B_svc,2,0.17361778073885012,12,0.1737697612163251,MAP_PMU,7,0.00015198047747497223
2,UPFC_Vsh,5-15,1.1116642633622813,12,1.1111615739377885,MAP_PMU,7,0.0005026894244928304
3,UPFC_tsh,5-15,-0.23735334077418496,12,-0.23738078940175356,MAP_PMU,7,2.7448627568593675e-05
4,UPFC_Vse,5-15,0.0576181859138313,12,0.05887941255593789,MAP_PMU,7,0.0012612266421065943
5,UPFC_tse,5-15,-2.11941998783123,12,-2.13007471090317,MAP_PMU,7,0.010654723071940264
0,x_tcsc,1-14,-0.10625611470894476,13,-0.10627177274999698,MAP_PMU,7,1.5658041052218907e-05
1,B_svc,2,0.17356469744204253,13,0.1737697612163251,MAP_PMU,7,0.00020506377428256006
2,UPFC_Vsh,5-15,1.111358868850271,13,1.1111615739377885,MAP_PMU,7,0.00019729491248243747
3,UPFC_tsh,5-15,-0.23733600883697928,13,-0.23738078940175356,MAP_PMU,7,4.4780564774277165e-05
4,UPFC_Vse,5-15,0.057692917551171646,13,0.05887941255593789,MAP_PMU,7,0.0011864950047662456
5,UPFC_tse,5-15,-2.12516340062968,13,-2.13007471090317,MAP_PMU,7,0.0049113102734903435
0,x_tcsc,1-14,-0.10626512184629126,14,-0.10627177274999698,MAP_PMU,7,6.650903705718303e-06
1,B_svc,2,0.1735254335514106,14,0.1737697612163251,MAP_PMU,7,0.000244327664914501
2,UPFC_Vsh,5-15,1.1116281369929162,14,1.1111615739377885,MAP_PMU,7,0.0004665630551277111
3,UPFC_tsh,5-15,-0.23725894354380603,14,-0.23738078940175356,MAP_PMU,7,0.00012184585794752789
4,UPFC_Vse,5-15,0.05773544384133214,14,0.05887941255593789,MAP_PMU,7,0.0011439687146057517
5,UPFC_tse,5-15,-2.109559027118164,14,-2.13007471090317,MAP_PMU,7,0.02051568378500601
0,x_tcsc,1-14,-0.10628155773683086,15,-0.10627177274999698,MAP_PMU,7,9.784986833877296e-06
1,B_svc,2,0.17327306909492715,15,0.1737697612163251,MAP_PMU,7,0.0004966921213979403
2,UPFC_Vsh,5-15,1.1116370881135214,15,1.1111615739377885,MAP_PMU,7,0.0004755141757328829
3,UPFC_tsh,5-15,-0.2372661649584283,15,-0.23738078940175356,MAP_PMU,7,0.00011462444332524524
4,UPFC_Vse,5-15,0.05816743802400722,15,0.05887941255593789,MAP_PMU,7,0.0007119745319306703
5,UPFC_tse,5-15,-2.110729821755541,15,-2.13007471090317,MAP_PMU,7,0.019344889147629107
0,x_tcsc,1-14,-0.106270098658789,16,-0.10627177274999698,MAP_PMU,7,1.6740912079787895e-06
1,B_svc,2,0.1734743980370944,16,0.1737697612163251,MAP_PMU,7,0.0002953631792306788
2,UPFC_Vsh,5-15,1.1114474343196037,16,1.1111615739377885,MAP_PMU,7,0.0002858603818152172
3,UPFC_tsh,5-15,-0.23733405785166434,16,-0.23738078940175356,MAP_PMU,7,4.6731550089218477e-05
4,UPFC_Vse,5-15,0.05794765713358393,16,0.05887941255593789,MAP_PMU,7,0.0009317554223539637
5,UPFC_tse,5-15,-2.1070586571750183,16,-2.13007471090317,MAP_PMU,7,0.023016053728151853
0,x_tcsc,1-14,-0.10632446657262651,17,-0.10627177274999698,MAP_PMU,7,5.269382262952649e-05
1,B_svc,2,0.17367931702444556,17,0.1737697612163251,MAP_PMU,7,9.044419187953512e-05
2,UPFC_Vsh,5-15,1.1117569540617696,17,1.1111615739377885,MAP_PMU,7,0.0005953801239810819
3,UPFC_tsh,5-15,-0.2373609500831638,17,-0.23738078940175356,MAP_PMU,7,1.9839318589759403e-05
4,UPFC_Vse,5-15,0.057805089855134426,17,0.05887941255593789,MAP_PMU,7,0.0010743227008034664
5,UPFC_tse,5-15,-2.135042696752702,17,-2.13007471090317,MAP_PMU,7,0.004967985849531953
0,x_tcsc,1-14,-0.1062650713943597,18,-0.10627177274999698,MAP_PMU,7,6.701355637281359e-06
1,B_svc,2,0.1734329600893962,18,0.1737697612163251,MAP_PMU,7,0.00033680112692888176
2,UPFC_Vsh,5-15,1.111562498689454,18,1.1111615739377885,MAP_PMU,7,0.0004009247516654213
3,UPFC_tsh,5-15,-0.23727501835433545,18,-0.23738078940175356,MAP_PMU,7,0.00010577104741810173
4,UPFC_Vse,5-15,0.05832112391040695,18,0.05887941255593789,MAP_PMU,7,0.0005582886455309452
5,UPFC_tse,5-15,-2.1272963532411757,18,-2.13007471090317,MAP_PMU,7,0.002778357661994413
0,x_tcsc,1-14,-0.10627501624166014,19,-0.10627177274999698,MAP_PMU,7,3.2434916631546296e-06
1,B_svc,2,0.1740940304278583,19,0.1737697612163251,MAP_PMU,7,0.00032426921153319577
2,UPFC_Vsh,5-15,1.11162872748549,19,1.1111615739377885,MAP_PMU,7,0.0004671535477014377
3,UPFC_tsh,5-15,-0.23738849324212474,19,-0.23738078940175356,MAP_PMU,7,7.703840371187098e-06
4,UPFC_Vse,5-15,0.05784163711392888,19,0.05887941255593789,MAP_PMU,7,0.0010377754420090105
5,UPFC_tse,5-15,-2.117470757641621,19,-2.13007471090317,MAP_PMU,7,0.012603953261549172
0,x_tcsc,1-14,-0.10628632043281748,20,-0.10627177274999698,MAP_PMU,7,1.4547682820498231e-05
1,B_svc,2,0.17326807976909067,20,0.1737697612163251,MAP_PMU,7,0.00050168144723442
2,UPFC_Vsh,5-15,1.1120269474747406,20,1.1111615739377885,MAP_PMU,7,0.000865373536952152
3,UPFC_tsh,5-15,-0.23725868027526356,20,-0.23738078940175356,MAP_PMU,7,0.00012210912648999428
4,UPFC_Vse,5-15,0.057576571343472556,20,0.05887941255593789,MAP_PMU,7,0.001302841212465336
5,UPFC_tse,5-15,-2.10290257250834,20,-2.13007471090317,MAP_PMU,7,0.027172138394830014
0,x_tcsc,1-14,-0.10626925512593231,21,-0.10627177274999698,MAP_PMU,7,2.517624064668489e-06
1,B_svc,2,0.1741020801153287,21,0.1737697612163251,MAP_PMU,7,0.00033231889900361966
2,UPFC_Vsh,5-15,1.1118213880571817,21,1.1111615739377885,MAP_PMU,7,0.0006598141193931983
3,UPFC_tsh,5-15,-0.2374034882646237,21,-0.23738078940175356,MAP_PMU,7,2.269886287015188e-05
4,UPFC_Vse,5-15,0.058345209037358826,21,0.05887941255593789,MAP_PMU,7,0.0005342035185790656
5,UPFC_tse,5-15,-2.122646272821791,21,-2.13007471090317,MAP_PMU,7,0.007428438081379163
0,x_tcsc,1-14,-0.10629416204161407,22,-0.10627177274999698,MAP_PMU,7,2.2389291617089246e-05
1,B_svc,2,0.17406887006160435,22,0.1737697612163251,MAP_PMU,7,0.00029910884527925563
2,UPFC_Vsh,5-15,1.111528045590822,22,1.1111615739377885,MAP_PMU,7,0.0003664716530336065
3,UPFC_tsh,5-15,-0.23737906745302279,22,-0.23738078940175356,MAP_PMU,7,1.7219487307706949e-06
4,UPFC_Vse,5-15,0.05826257995319705,22,0.05887941255593789,MAP_PMU,7,0.0006168326027408411
5,UPFC_tse,5-15,-2.1306029365857393,22,-2.13007471090317,MAP_PMU,7,0.0005282256825691611
0,x_tcsc,1-14,-0.1062723934309256,23,-0.10627177274999698,MAP_PMU,7,6.206809286118942e-07
1,B_svc,2,0.1737714344387487,23,0.1737697612163251,MAP_PMU,7,1.6732224236148951e-06
2,UPFC_Vsh,5-15,1.111569472506379,23,1.1111615739377885,MAP_PMU,7,0.00040789856859047013
3,UPFC_tsh,5-15,-0.23745263303485578,23,-0.23738078940175356,MAP_PMU,7,7.184363310222541e-05
4,UPFC_Vse,5-15,0.05819128658617583,23,0.05887941255593789,MAP_PMU,7,0.0006881259697620601
5,UPFC_tse,5-15,-2.128619331109581,23,-2.13007471090317,MAP_PMU,7,0.0014553797935890067
0,x_tcsc,1-14,-0.10627299978542155,24,-0.10627177274999698,MAP_PMU,7,1.2270354245724757e-06
1,B_svc,2,0.17355360089573824,24,0.1737697612163251,MAP_PMU,7,0.00021616032058685564
2,UPFC_Vsh,5-15,1.111684736640438,24,1.1111615739377885,MAP_PMU,7,0.0005231627026496266
3,UPFC_tsh,5-15,-0.2373671471628073,24,-0.23738078940175356,MAP_PMU,7,1.3642238946259821e-05
4,UPFC_Vse,5-15,0.0576038106072156,24,0.05887941255593789,MAP_PMU,7,0.0012756019487222894
5,UPFC_tse,5-15,-2.1240930664587743,24,-2.13007471090317,MAP_PMU,7,0.005981644444395862
0,x_tcsc,1-14,-0.10627509749937729,25,-0.10627177274999698,MAP_PMU,7,3.3247493803068018e-06
1,B_svc,2,0.17394290697682302,25,0.1737697612163251,MAP_PMU,7,0.00017314576049792807
2,UPFC_Vsh,5-15,1.111600566855699,25,1.1111615739377885,MAP_PMU,7,0.00043899291791049677
3,UPFC_tsh,5-15,-0.23740713068462677,25,-0.23738078940175356,MAP_PMU,7,2.6341282873210137e-05
4,UPFC_Vse,5-15,0.057742955074723705,25,0.05887941255593789,MAP_PMU,7,0.001136457481214187
5,UPFC_tse,5-15,-2.1162891109182933,25,-2.13007471090317,MAP_PMU,7,0.013785599984876828
0,x_tcsc,1-14,-0.10627574075265638,26,-0.10627177274999698,MAP_PMU,7,3.968002659393566e-06
1,B_svc,2,0.1740686038345694,26,0.1737697612163251,MAP_PMU,7,0.00029884261824431047
2,UPFC_Vsh,5-15,1.1113033747858878,26,1.1111615739377885,MAP_PMU,7,0.00014180084809933824
3,UPFC_tsh,5-15,-0.23732527204877757,26,-0.23738078940175356,MAP_PMU,7,5.55173529759867e-05
4,UPFC_Vse,5-15,0.05785164697756235,26,0.05887941255593789,MAP_PMU,7,0.0010277655783755418
5,UPFC_tse,5-15,-2.117667065592603,26,-2.13007471090317,MAP_PMU,7,0.012407645310567261
0,x_tcsc,1-14,-0.10629039875530308,27,-0.10627177274999698,MAP_PMU,7,1.8626005306096594e-05
1,B_svc,2,0.17358069847947372,27,0.1737697612163251,MAP_PMU,7,0.0001890627368513753
2,UPFC_Vsh,5-15,1.1118372292875984,27,1.1111615739377885,MAP_PMU,7,0.000675655349809956
3,UPFC_tsh,5-15,-0.2373716471298072,27,-0.23738078940175356,MAP_PMU,7,9.142271946344094e-06
4,UPFC_Vse,5-15,0.05752026405302911,27,0.05887941255593789,MAP_PMU,7,0.0013591485029087816
5,UPFC_tse,5-15,-2.1143034200887634,27,-2.13007471090317,MAP_PMU,7,0.015771290814406758
0,x_tcsc,1-14,-0.10625753099836882,28,-0.10627177274999698,MAP_PMU,7,1.424175162816066e-05
1,B_svc,2,0.17407445466098792,28,0.1737697612163251,MAP_PMU,7,0.0003046934446628291
2,UPFC_Vsh,5-15,1.1117478472840634,28,1.1111615739377885,MAP_PMU,7,0.0005862733462749237
3,UPFC_tsh,5-15,-0.23732679247119737,28,-0.23738078940175356,MAP_PMU,7,5.399693055618826e-05
4,UPFC_Vse,5-15,0.05836650790831665,28,0.05887941255593789,MAP_PMU,7,0.0005129046476212429
5,UPFC_tse,5-15,-2.121778440156209,28,-2.13007471090317,MAP_PMU,7,0.008296270746960932
0,x_tcsc,1-14,-0.10628096259192986,29,-0.10627177274999698,MAP_PMU,7,9.189841932877307e-06
1,B_svc,2,0.1742400966683091,29,0.1737697612163251,MAP_PMU,7,0.00047033545198402193
2,UPFC_Vsh,5-15,1.1118663307561663,29,1.1111615739377885,MAP_PMU,7,0.000704756818377783
3,UPFC_tsh,5-15,-0.23732104082243688,29,-0.23738078940175356,MAP_PMU,7,5.974857931667632e-05
4,UPFC_Vse,5-15,0.05811496413857206,29,0.05887941255593789,MAP_PMU,7,0.0007644484173658303
5,UPFC_tse,5-15,-2.1203806313789055,29,-2.13007471090317,MAP_PMU,7,0.009694079524264598
0,x_tcsc,1-14,-0.10628760470172735,30,-0.10627177274999698,MAP_PMU,7,1.5831951730368998e-05
1,B_svc,2,0.1738969092563106,30,0.1737697612163251,MAP_PMU,7,0.0001271480399855085
2,UPFC_Vsh,5-15,1.1120572545991045,30,1.1111615739377885,MAP_PMU,7,0.0008956806613160673
3,UPFC_tsh,5-15,-0.2373773050873185,30,-0.23738078940175356,MAP_PMU,7,3.4843144350593658e-06
4,UPFC_Vse,5-15,0.05845634977959836,30,0.05887941255593789,MAP_PMU,7,0.0004230627763395292
5,UPFC_tse,5-15,-2.1223239913447602,30,-2.13007471090317,MAP_PMU,7,0.007750719558409891
0,x_tcsc,1-14,-0.1062738865782165,31,-0.10627177274999698,MAP_PMU,7,2.1138282195187763e-06
1,B_svc,2,0.17392337621231083,31,0.1737697612163251,MAP_PMU,7,0.0001536149959857347
2,UPFC_Vsh,5-15,1.1119915461232524,31,1.1111615739377885,MAP_PMU,7,0.0008299721854638786
3,UPFC_tsh,5-15,-0.23730605837070393,31,-0.23738078940175356,MAP_PMU,7,7.473103104962964e-05
4,UPFC_Vse,5-15,0.05751675508036137,31,0.05887941255593789,MAP_PMU,7,0.001362657475576519
5,UPFC_tse,5-15,-2.1138843794439994,31,-2.13007471090317,MAP_PMU,7,0.016190331459170704
0,x_tcsc,1-14,-0.10626369125865558,32,-0.10627177274999698,MAP_PMU,7,8.081491341405123e-06
1,B_svc,2,0.1742161822673456,32,0.1737697612163251,MAP_PMU,7,0.0004464210510204958
2,UPFC_Vsh,5-15,1.1115844716628476,32,1.1111615739377885,MAP_PMU,7,0.0004228977250591015
3,UPFC_tsh,5-15,-0.23740671369311125,32,-0.23738078940175356,MAP_PMU,7,2.592429135769847e-05
4,UPFC_Vse,5-15,0.0577365234318442,32,0.05887941255593789,MAP_PMU,7,0.0011428891240936948
5,UPFC_tse,5-15,-2.1372354439926924,32,-2.13007471090317,MAP_PMU,7,0.007160733089522253
0,x_tcsc,1-14,-0.10627435415541284,33,-0.10627177274999698,MAP_PMU,7,2.5814054158551647e-06
1,B_svc,2,0.17366168579010194,33,0.1737697612163251,MAP_PMU,7,0.00010807542622315314
2,UPFC_Vsh,5-15,1.111858043315847,33,1.1111615739377885,MAP_PMU,7,0.0006964693780584508
3,UPFC_tsh,5-15,-0.23725773263167227,33,-0.23738078940175356,MAP_PMU,7,0.0001230567700812868
4,UPFC_Vse,5-15,0.05742803554788846,33,0.05887941255593789,MAP_PMU,7,0.0014513770080494329
5,UPFC_tse,5-15,-2.110552996996117,33,-2.13007471090317,MAP_PMU,7,0.01952171390705315
0,x_tcsc,1-14,-0.1062657592561067,34,-0.10627177274999698,MAP_PMU,7,6.013493890275057e-06
1,B_svc,2,0.173569713252656,34,0.1737697612163251,MAP_PMU,7,0.00020004796366909772
2,UPFC_Vsh,5-15,1.111861985849116,34,1.1111615739377885,MAP_PMU,7,0.0007004119113276364
3,UPFC_tsh,5-15,-0.23737399946541995,34,-0.23738078940175356,MAP_PMU,7,6.789936333601032e-06
4,UPFC_Vse,5-15,0.05788801349372864,34,0.05887941255593789,MAP_PMU,7,0.0009913990622092486
5,UPFC_tse,5-15,-2.1202804552721677,34,-2.13007471090317,MAP_PMU,7,0.009794255631002446
0,x_tcsc,1-14,-0.10627934718300759,35,-0.10627177274999698,MAP_PMU,7,7.574433010609782e-06
1,B_svc,2,0.17348865300785665,35,0.1737697612163251,MAP_PMU,7,0.0002811082084684391
2,UPFC_Vsh,5-15,1.1119127232776467,35,1.1111615739377885,MAP_PMU,7,0.0007511493398582036
3,UPFC_tsh,5-15,-0.23723471637605384,35,-0.23738078940175356,MAP_PMU,7,0.0001460730256997167
4,UPFC_Vse,5-15,0.05788080884197067,35,0.05887941255593789,MAP_PMU,7,0.0009986037139672194
5,UPFC_tse,5-15,-2.1120980003661316,35,-2.13007471090317,MAP_PMU,7,0.01797671053703853
0,x_tcsc,1-14,-0.1062566084907071,36,-0.10627177274999698,MAP_PMU,7,1.51642592898793e-05
1,B_svc,2,0.17362016705814906,36,0.1737697612163251,MAP_PMU,7,0.00014959415817603072
2,UPFC_Vsh,5-15,1.1116172026721511,36,1.1111615739377885,MAP_PMU,7,0.0004556287343626675
3,UPFC_tsh,5-15,-0.23735200022436223,36,-0.23738078940175356,MAP_PMU,7,2.8789177391325138e-05
4,UPFC_Vse,5-15,0.057835958762814076,36,0.05887941255593789,MAP_PMU,7,0.0010434537931238164
5,UPFC_tse,5-15,-2.1211284371980246,36,-2.13007471090317,MAP_PMU,7,0.008946273705145558
0,x_tcsc,1-14,-0.10626608565923859,37,-0.10627177274999698,MAP_PMU,7,5.6870907583911334e-06
1,B_svc,2,0.17392244121579672,37,0.1737697612163251,MAP_PMU,7,0.00015267999947163324
2,UPFC_Vsh,5-15,1.1117211559711766,37,1.1111615739377885,MAP_PMU,7,0.0005595820333881285
3,UPFC_tsh,5-15,-0.23733809450043442,37,-0.23738078940175356,MAP_PMU,7,4.269490131914022e-05
4,UPFC_Vse,5-15,0.058045388351511136,37,0.05887941255593789,MAP_PMU,7,0.000834024204426756
5,UPFC_tse,5-15,-2.1256093101314604,37,-2.13007471090317,MAP_PMU,7,0.00446540077170976
0,x_tcsc,1-14,-0.10627080280789056,38,-0.10627177274999698,MAP_PMU,7,9.699421064240932e-07
1,B_svc,2,0.1738569855185655,38,0.1737697612163251,MAP_PMU,7,8.722430224039623e-05
2,UPFC_Vsh,5-15,1.1115833196666085,38,1.1111615739377885,MAP_PMU,7,0.00042174572882003325
3,UPFC_tsh,5-15,-0.2373794055919766,38,-0.23738078940175356,MAP_PMU,7,1.3838097769613977e-06
4,UPFC_Vse,5-15,0.057725180966464756,38,0.05887941255593789,MAP_PMU,7,0.0011542315894731356
5,UPFC_tse,5-15,-2.118766076356864,38,-2.13007471090317,MAP_PMU,7,0.011308634546306262
0,x_tcsc,1-14,-0.10627854146239014,39,-0.10627177274999698,MAP_PMU,7,6.768712393162568e-06
1,B_svc,2,0.17368826778400637,39,0.1737697612163251,MAP_PMU,7,8.149343231872441e-05
2,UPFC_Vsh,5-15,1.1116572786761023,39,1.1111615739377885,MAP_PMU,7,0.0004957047383138402
3,UPFC_tsh,5-15,-0.23734769073202888,39,-0.23738078940175356,MAP_PMU,7,3.309866972467379e-05
4,UPFC_Vse,5-15,0.057344055081031554,39,0.05887941255593789,MAP_PMU,7,0.0015353574749063376
5,UPFC_tse,5-15,-2.116130636540118,39,-2.13007471090317,MAP_PMU,7,0.013944074363052117
0,x_tcsc,1-14,-0.10627368368745223,40,-0.10627177274999698,MAP_PMU,7,1.9109374552461755e-06
1,B_svc,2,0.17417530354750885,40,0.1737697612163251,MAP_PMU,7,0.0004055423311837558
2,UPFC_Vsh,5-15,1.1118848056109312,40,1.1111615739377885,MAP_PMU,7,0.0007232316731426991
3,UPFC_tsh,5-15,-0.23730064303379797,40,-0.23738078940175356,MAP_PMU,7,8.014636795558583e-05
4,UPFC_Vse,5-15,0.05808129029122214,40,0.05887941255593789,MAP_PMU,7,0.0007981222647157546
5,UPFC_tse,5-15,-2.120247535405105,40,-2.13007471090317,MAP_PMU,7,0.009827175498065
0,x_tcsc,1-14,-0.10627429089039722,41,-0.10627177274999698,MAP_PMU,7,2.51814040024001e-06
1,B_svc,2,0.17356371837604706,41,0.1737697612163251,MAP_PMU,7,0.00020604284027803121
2,UPFC_Vsh,5-15,1.1115567849755346,41,1.1111615739377885,MAP_PMU,7,0.00039521103774609045
3,UPFC_tsh,5-15,-0.23731833425220145,41,-0.23738078940175356,MAP_PMU,7,6.245514955210973e-05
4,UPFC_Vse,5-15,0.05743849276411053,41,0.05887941255593789,MAP_PMU,7,0.0014409197918273595
5,UPFC_tse,5-15,-2.1170786799702195,41,-2.13007471090317,MAP_PMU,7,0.012996030932950653
0,x_tcsc,1-14,-0.1062851472576493,42,-0.10627177274999698,MAP_PMU,7,1.3374507652319512e-05
1,B_svc,2,0.1738971743192213,42,0.1737697612163251,MAP_PMU,7,0.00012741310289621222
2,UPFC_Vsh,5-15,1.1117502416861684,42,1.1111615739377885,MAP_PMU,7,0.0005886677483799563
3,UPFC_tsh,5-15,-0.2373770700946837,42,-0.23738078940175356,MAP_PMU,7,3.7193070698549047e-06
4,UPFC_Vse,5-15,0.05782754787640058,42,0.05887941255593789,MAP_PMU,7,0.0010518646795373149
5,UPFC_tse,5-15,-2.1306166192819527,42,-2.13007471090317,MAP_PMU,7,0.0005419083787825407
0,x_tcsc,1-14,-0.10628800802249089,43,-0.10627177274999698,MAP_PMU,7,1.6235272493905772e-05
1,B_svc,2,0.17369666702450004,43,0.1737697612163251,MAP_PMU,7,7.309419182505161e-05
2,UPFC_Vsh,5-15,1.111653698993962,43,1.1111615739377885,MAP_PMU,7,0.0004921250561735757
3,UPFC_tsh,5-15,-0.23737093509720142,43,-0.23738078940175356,MAP_PMU,7,9.854304552137094e-06
4,UPFC_Vse,5-15,0.05799297256690908,43,0.05887941255593789,MAP_PMU,7,0.000886439989028813
5,UPFC_tse,5-15,-2.1224735626664235,43,-2.13007471090317,MAP_PMU,7,0.007601148236746624
0,x_tcsc,1-14,-0.10626573753087282,44,-0.10627177274999698,MAP_PMU,7,6.035219124164715e-06
1,B_svc,2,0.17382569258818847,44,0.1737697612163251,MAP_PMU,7,5.5931371863382484e-05
2,UPFC_Vsh,5-15,1.1115546798266784,44,1.1111615739377885,MAP_PMU,7,0.00039310588888996634
3,UPFC_tsh,5-15,-0.23740635485447642,44,-0.23738078940175356,MAP_PMU,7,2.5565452722864368e-05
4,UPFC_Vse,5-15,0.058670964398901904,44,0.05887941255593789,MAP_PMU,7,0.00020844815703598835
5,UPFC_tse,5-15,-2.119327223164658,44,-2.13007471090317,MAP_PMU,7,0.010747487738512085
0,x_tcsc,1-14,-0.10627450222727247,45,-0.10627177274999698,MAP_PMU,7,2.729477275489889e-06
1,B_svc,2,0.1737733091547464,45,0.1737697612163251,MAP_PMU,7,3.5479384213055187e-06
2,UPFC_Vsh,5-15,1.111521060676409,45,1.1111615739377885,MAP_PMU,7,0.00035948673862051805
3,UPFC_tsh,5-15,-0.2373054010645677,45,-0.23738078940175356,MAP_PMU,7,7.538833718584437e-05
4,UPFC_Vse,5-15,0.057998595488796476,45,0.05887941255593789,MAP_PMU,7,0.0008808170671414164
5,UPFC_tse,5-15,-2.12334886542808,45,-2.13007471090317,MAP_PMU,7,0.006725845475090253
0,x_tcsc,1-14,-0.1062673499467063,46,-0.10627177274999698,MAP_PMU,7,4.422803290687893e-06
1,B_svc,2,0.173951156908499,46,0.1737697612163251,MAP_PMU,7,0.0001813956921739024
2,UPFC_Vsh,5-15,1.1116511110123106,46,1.1111615739377885,MAP_PMU,7,0.0004895370745221506
3,UPFC_tsh,5-15,-0.2373004302636367,46,-0.23738078940175356,MAP_PMU,7,8.035913811685336e-05
4,UPFC_Vse,5-15,0.057555114690206265,46,0.05887941255593789,MAP_PMU,7,0.0013242978657316273
5,UPFC_tse,5-15,-2.122703961203746,46,-2.13007471090317,MAP_PMU,7,0.007370749699424195
0,x_tcsc,1-14,-0.10625854192492795,47,-0.10627177274999698,MAP_PMU,7,1.323082506902995e-05
1,B_svc,2,0.17367496753593037,47,0.1737697612163251,MAP_PMU,7,9.479368039472247e-05
2,UPFC_Vsh,5-15,1.111776474011426,47,1.1111615739377885,MAP_PMU,7,0.0006149000736375143
3,UPFC_tsh,5-15,-0.23731699799596953,47,-0.23738078940175356,MAP_PMU,7,6.379140578402498e-05
4,UPFC_Vse,5-15,0.058119617483251985,47,0.05887941255593789,MAP_PMU,7,0.0007597950726859065
5,UPFC_tse,5-15,-2.121180119706469,47,-2.13007471090317,MAP_PMU,7,0.008894591196701107
0,x_tcsc,1-14,-0.10627679306893736,48,-0.10627177274999698,MAP_PMU,7,5.020318940382462e-06
1,B_svc,2,0.17414536021695867,48,0.1737697612163251,MAP_PMU,7,0.00037559900063358076
2,UPFC_Vsh,5-15,1.1115897336596985,48,1.1111615739377885,MAP_PMU,7,0.0004281597219100153
3,UPFC_tsh,5-15,-0.2374041777918931,48,-0.23738078940175356,MAP_PMU,7,2.3388390139544857e-05
4,UPFC_Vse,5-15,0.057984892845306515,48,0.05887941255593789,MAP_PMU,7,0.0008945197106313765
5,UPFC_tse,5-15,-2.1261692254039914,48,-2.13007471090317,MAP_PMU,7,0.0039054854991786847
0,x_tcsc,1-14,-0.1062608796742804,49,-0.10627177274999698,MAP_PMU,7,1.0893075716583711e-05
1,B_svc,2,0.1737737274807352,49,0.1737697612163251,MAP_PMU,7,3.966264410099063e-06
2,UPFC_Vsh,5-15,1.1119241468657115,49,1.1111615739377885,MAP_PMU,7,0.0007625729279230331
3,UPFC_tsh,5-15,-0.23731393928388042,49,-0.23738078940175356,MAP_PMU,7,6.68501178731351e-05
4,UPFC_Vse,5-15,0.05761938254343089,49,0.05887941255593789,MAP_PMU,7,0.0012600300125070046
5,UPFC_tse,5-15,-2.11328292558623,49,-2.13007471090317,MAP_PMU,7,0.016791785316939922
0,x_tcsc,1-14,-0.10627816735880087,50,-0.10627177274999698,MAP_PMU,7,6.39460880388909e-06
1,B_svc,2,0.17345174088985887,50,0.1737697612163251,MAP_PMU,7,0.00031802032646621736
2,UPFC_Vsh,5-15,1.1119958367012448,50,1.1111615739377885,MAP_PMU,7,0.0008342627634563282
3,UPFC_tsh,5-15,-0.23731840549605987,50,-0.23738078940175356,MAP_PMU,7,6.23839056936859e-05
4,UPFC_Vse,5-15,0.05777162225048884,50,0.05887941255593789,MAP_PMU,7,0.0011077903054490523
5,UPFC_tse,5-15,-2.1126034891599583,50,-2.13007471090317,MAP_PMU,7,0.017471221743211807
0,x_tcsc,1-14,-0.10624492110653522,51,-0.10627177274999698,MAP_PMU,7,2.6851643461764385e-05
1,B_svc,2,0.17406315783575427,51,0.1737697612163251,MAP_PMU,7,0.00029339661942917594
2,UPFC_Vsh,5-15,1.1117838972612528,51,1.1111615739377885,MAP_PMU,7,0.0006223233234643466
3,UPFC_tsh,5-15,-0.23736059447623623,51,-0.23738078940175356,MAP_PMU,7,2.0194925517330597e-05
4,UPFC_Vse,5-15,0.05795158618658845,51,0.05887941255593789,MAP_PMU,7,0.0009278263693494396
5,UPFC_tse,5-15,-2.116254942986028,51,-2.13007471090317,MAP_PMU,7,0.013819767917142123
0,x_tcsc,1-14,-0.10628823384341363,52,-0.10627177274999698,MAP_PMU,7,1.6461093416644812e-05
1,B_svc,2,0.17391939682919055,52,0.1737697612163251,MAP_PMU,7,0.0001496356128654619
2,UPFC_Vsh,5-15,1.1117134636271662,52,1.1111615739377885,MAP_PMU,7,0.0005518896893776937
3,UPFC_tsh,5-15,-0.2373246915890348,52,-0.23738078940175356,MAP_PMU,7,5.6097812718758355e-05
4,UPFC_Vse,5-15,0.05752578492922829,52,0.05887941255593789,MAP_PMU,7,0.001353627626709604
5,UPFC_tse,5-15,-2.1259886756265978,52,-2.13007471090317,MAP_PMU,7,0.004086035276572364
0,x_tcsc,1-14,-0.10626594471111593,53,-0.10627177274999698,MAP_PMU,7,5.828038881050546e-06
1,B_svc,2,0.17349199405687132,53,0.1737697612163251,MAP_PMU,7,0.00027776715945376784
2,UPFC_Vsh,5-15,1.1115882730798265,53,1.1111615739377885,MAP_PMU,7,0.00042669914203807835
3,UPFC_tsh,5-15,-0.23739160393930744,53,-0.23738078940175356,MAP_PMU,7,1.081453755388817e-05
4,UPFC_Vse,5-15,0.057774161190778626,53,0.05887941255593789,MAP_PMU,7,0.0011052513651592655
5,UPFC_tse,5-15,-2.1219864837296494,53,-2.13007471090317,MAP_PMU,7,0.008088227173520757
0,x_tcsc,1-14,-0.10625473176062468,54,-0.10627177274999698,MAP_PMU,7,1.704098937230225e-05
1,B_svc,2,0.17443042987041857,54,0.1737697612163251,MAP_PMU,7,0.000660668654093477
2,UPFC_Vsh,5-15,1.1116797724277843,54,1.1111615739377885,MAP_PMU,7,0.0005181984899957914
3,UPFC_tsh,5-15,-0.23739649319690254,54,-0.23738078940175356,MAP_PMU,7,1.5703795148980237e-05
4,UPFC_Vse,5-15,0.05756279133782061,54,0.05887941255593789,MAP_PMU,7,0.001316621218117285
5,UPFC_tse,5-15,-2.113860756867923,54,-2.13007471090317,MAP_PMU,7,0.01621395403524728
0,x_tcsc,1-14,-0.10626085263948293,55,-0.10627177274999698,MAP_PMU,7,1.0920110514053838e-05
1,B_svc,2,0.17362870789665324,55,0.1737697612163251,MAP_PMU,7,0.00014105331967184664
2,UPFC_Vsh,5-15,1.1116853347690332,55,1.1111615739377885,MAP_PMU,7,0.0005237608312447239
3,UPFC_tsh,5-15,-0.23741870127798886,55,-0.23738078940175356,MAP_PMU,7,3.791187623530812e-05
4,UPFC_Vse,5-15,0.058399022900271436,55,0.05887941255593789,MAP_PMU,7,0.00048038965566645636
5,UPFC_tse,5-15,-2.1236775331205737,55,-2.13007471090317,MAP_PMU,7,0.006397177782596408
0,x_tcsc,1-14,-0.1062553130027007,56,-0.10627177274999698,MAP_PMU,7,1.645974729627686e-05
1,B_svc,2,0.17417511008290842,56,0.1737697612163251,MAP_PMU,7,0.0004053488665833327
2,UPFC_Vsh,5-15,1.1114474819933695,56,1.1111615739377885,MAP_PMU,7,0.00028590805558104115
3,UPFC_tsh,5-15,-0.23739358573293126,56,-0.23738078940175356,MAP_PMU,7,1.2796331177705733e-05
4,UPFC_Vse,5-15,0.05790075802527407,56,0.05887941255593789,MAP_PMU,7,0.0009786545306638209
5,UPFC_tse,5-15,-2.112331352599054,56,-2.13007471090317,MAP_PMU,7,0.017743358304115997
0,x_tcsc,1-14,-0.10628156668511693,57,-0.10627177274999698,MAP_PMU,7,9.79393511994775e-06
1,B_svc,2,0.1734848233133459,57,0.1737697612163251,MAP_PMU,7,0.0002849379029792043
2,UPFC_Vsh,5-15,1.1114474767205211,57,1.1111615739377885,MAP_PMU,7,0.000285902782732661
3,UPFC_tsh,5-15,-0.2373671097239604,57,-0.23738078940175356,MAP_PMU,7,1.3679677793143608e-05
4,UPFC_Vse,5-15,0.05818819949771517,57,0.05887941255593789,MAP_PMU,7,0.0006912130582227213
5,UPFC_tse,5-15,-2.1269308233999578,57,-2.13007471090317,MAP_PMU,7,0.0031438875032123725
0,x_tcsc,1-14,-0.10626194086694132,58,-0.10627177274999698,MAP_PMU,7,9.831883055658186e-06
1,B_svc,2,0.17380922571020055,58,0.1737697612163251,MAP_PMU,7,3.946449387545736e-05
2,UPFC_Vsh,5-15,1.1115238732862809,58,1.1111615739377885,MAP_PMU,7,0.00036229934849241197
3,UPFC_tsh,5-15,-0.2374316073117041,58,-0.23738078940175356,MAP_PMU,7,5.081790995054014e-05
4,UPFC_Vse,5-15,0.057719360247264255,58,0.05887941255593789,MAP_PMU,7,0.001160052308673637
5,UPFC_tse,5-15,-2.1342758469451772,58,-2.13007471090317,MAP_PMU,7,0.004201136042007114
0,x_tcsc,1-14,-0.10626725002299175,59,-0.10627177274999698,MAP_PMU,7,4.522727005226712e-06
1,B_svc,2,0.17362611694256377,59,0.1737697612163251,MAP_PMU,7,0.0001436442737613175
2,UPFC_Vsh,5-15,1.111480950788296,59,1.1111615739377885,MAP_PMU,7,0.0003193768505074246
3,UPFC_tsh,5-15,-0.23736559524887824,59,-0.23738078940175356,MAP_PMU,7,1.5194152875319666e-05
4,UPFC_Vse,5-15,0.05804316088622154,59,0.05887941255593789,MAP_PMU,7,0.000836251669716355
5,UPFC_tse,5-15,-2.126056686871416,59,-2.13007471090317,MAP_PMU,7,0.004018024031754219
0,x_tcsc,1-14,-0.10627761426651425,60,-0.10627177274999698,MAP_PMU,7,5.841516517265943e-06
1,B_svc,2,0.17391044271332443,60,0.1737697612163251,MAP_PMU,7,0.0001406814969993342
2,UPFC_Vsh,5-15,1.111849947973758,60,1.1111615739377885,MAP_PMU,7,0.0006883740359695523
3,UPFC_tsh,5-15,-0.23733685791517356,60,-0.23738078940175356,MAP_PMU,7,4.393148657999557e-05
4,UPFC_Vse,5-15,0.05803335065153885,60,0.05887941255593789,MAP_PMU,7,0.0008460619043990439
5,UPFC_tse,5-15,-2.1070591179366627,60,-2.13007471090317,MAP_PMU,7,0.02301559296650746
0,x_tcsc,1-14,-0.10627691108220338,61,-0.10627177274999698,MAP_PMU,7,5.138332206403029e-06
1,B_svc,2,0.1734161919070644,61,0.1737697612163251,MAP_PMU,7,0.0003535693092606984
2,UPFC_Vsh,5-15,1.1116729667859653,61,1.1111615739377885,MAP_PMU,7,0.000511392848176806
3,UPFC_tsh,5-15,-0.23735063760783331,61,-0.23738078940175356,MAP_PMU,7,3.0151793920241143e-05
4,UPFC_Vse,5-15,0.05822185339536679,61,0.05887941255593789,MAP_PMU,7,0.0006575591605711001
5,UPFC_tse,5-15,-2.1249251248448693,61,-2.13007471090317,MAP_PMU,7,0.005149586058300848
0,x_tcsc,1-14,-0.1062672075242245,62,-0.10627177274999698,MAP_PMU,7,4.565225772482084e-06
1,B_svc,2,0.17383119638905212,62,0.1737697612163251,MAP_PMU,7,6.14351727270257e-05
2,UPFC_Vsh,5-15,1.1117484239422217,62,1.1111615739377885,MAP_PMU,7,0.0005868500044332592
3,UPFC_tsh,5-15,-0.23734918549117837,62,-0.23738078940175356,MAP_PMU,7,3.160391057518974e-05
4,UPFC_Vse,5-15,0.05810592611726071,62,0.05887941255593789,MAP_PMU,7,0.0007734864386771817
5,UPFC_tse,5-15,-2.1223812049159845,62,-2.13007471090317,MAP_PMU,7,0.007693505987185656
0,x_tcsc,1-14,-0.10630503174415044,63,-0.10627177274999698,MAP_PMU,7,3.325899415346223e-05
1,B_svc,2,0.17386118828810193,63,0.1737697612163251,MAP_PMU,7,9.142707177683951e-05
2,UPFC_Vsh,5-15,1.111520292543371,63,1.1111615739377885,MAP_PMU,7,0.00035871860558245316
3,UPFC_tsh,5-15,-0.23736610699446703,63,-0.23738078940175356,MAP_PMU,7,1.4682407286525923e-05
4,UPFC_Vse,5-15,0.057764543430713945,63,0.05887941255593789,MAP_PMU,7,0.0011148691252239468
5,UPFC_tse,5-15,-2.1289352400939814,63,-2.13007471090317,MAP_PMU,7,0.0011394708091887473
0,x_tcsc,1-14,-0.10626312011965966,64,-0.10627177274999698,MAP_PMU,7,8.652630337321887e-06
1,B_svc,2,0.17395483424487343,64,0.1737697612163251,MAP_PMU,7,0.00018507302854833818
2,UPFC_Vsh,5-15,1.1118424875700463,64,1.1111615739377885,MAP_PMU,7,0.0006809136322578624
3,UPFC_tsh,5-15,-0.2374071273515425,64,-0.23738078940175356,MAP_PMU,7,2.6337949788957093e-05
4,UPFC_Vse,5-15,0.058289775170806475,64,0.05887941255593789,MAP_PMU,7,0.0005896373851314168
5,UPFC_tse,5-15,-2.1283674091545866,64,-2.13007471090317,MAP_PMU,7,0.0017073017485835784
0,x_tcsc,1-14,-0.10628411241322445,65,-0.10627177274999698,MAP_PMU,7,1.2339663227473041e-05
1,B_svc,2,0.1736659354269907,65,0.1737697612163251,MAP_PMU,7,0.00010382578933440523
2,UPFC_Vsh,5-15,1.111678556725983,65,1.1111615739377885,MAP_PMU,7,0.0005169827881945643
3,UPFC_tsh,5-15,-0.2374295631286214,65,-0.23738078940175356,MAP_PMU,7,4.8773726867845646e-05
4,UPFC_Vse,5-15,0.058022178692631904,65,0.05887941255593789,MAP_PMU,7,0.0008572338633059881
5,UPFC_tse,5-15,-2.1261429292717873,65,-2.13007471090317,MAP_PMU,7,0.003931781631382858
0,x_tcsc,1-14,-0.10627336064231392,66,-0.10627177274999698,MAP_PMU,7,1.5878923169398984e-06
1,B_svc,2,0.1738412843619758,66,0.1737697612163251,MAP_PMU,7,7.152314565070372e-05
2,UPFC_Vsh,5-15,1.111809264410214,66,1.1111615739377885,MAP_PMU,7,0.0006476904724255217
3,UPFC_tsh,5-15,-0.2373561292021461,66,-0.23738078940175356,MAP_PMU,7,2.466019960745136e-05
4,UPFC_Vse,5-15,0.05856051588283326,66,0.05887941255593789,MAP_PMU,7,0.0003188966731046336
5,UPFC_tse,5-15,-2.1270276686233935,66,-2.13007471090317,MAP_PMU,7,0.0030470422797765906
0,x_tcsc,1-14,-0.10626233348900856,67,-0.10627177274999698,MAP_PMU,7,9.439260988425291e-06
1,B_svc,2,0.17351470797686075,67,0.1737697612163251,MAP_PMU,7,0.00025505323946434233
2,UPFC_Vsh,5-15,1.1113809429745876,67,1.1111615739377885,MAP_PMU,7,0.0002193690367990886
3,UPFC_tsh,5-15,-0.23739712691949724,67,-0.23738078940175356,MAP_PMU,7,1.6337517743686414e-05
4,UPFC_Vse,5-15,0.05797250415610632,67,0.05887941255593789,MAP_PMU,7,0.0009069083998315686
5,UPFC_tse,5-15,-2.1201722374387235,67,-2.13007471090317,MAP_PMU,7,0.009902473464446615
0,x_tcsc,1-14,-0.10625971928569025,68,-0.10627177274999698,MAP_PMU,7,1.2053464306729933e-05
1,B_svc,2,0.17385474339644916,68,0.1737697612163251,MAP_PMU,7,8.498218012406578e-05
2,UPFC_Vsh,5-15,1.1119345604950532,68,1.1111615739377885,MAP_PMU,7,0.0007729865572647654
3,UPFC_tsh,5-15,-0.2372857064194342,68,-0.23738078940175356,MAP_PMU,7,9.508298231936108e-05
4,UPFC_Vse,5-15,0.05821703771557,68,0.05887941255593789,MAP_PMU,7,0.0006623748403678936
5,UPFC_tse,5-15,-2.1089849595882173,68,-2.13007471090317,MAP_PMU,7,0.02108975131495283
0,x_tcsc,1-14,-0.10624398271743687,69,-0.10627177274999698,MAP_PMU,7,2.7790032560107147e-05
1,B_svc,2,0.1742393704035105,69,0.1737697612163251,MAP_PMU,7,0.0004696091871854158
2,UPFC_Vsh,5-15,1.11164818865883,69,1.1111615739377885,MAP_PMU,7,0.00048661472104161163
3,UPFC_tsh,5-15,-0.2373508468598285,69,-0.23738078940175356,MAP_PMU,7,2.9942541925065402e-05
4,UPFC_Vse,5-15,0.05776626131182541,69,0.05887941255593789,MAP_PMU,7,0.00111315124411248
5,UPFC_tse,5-15,-2.120496325612735,69,-2.13007471090317,MAP_PMU,7,0.009578385290434976
0,x_tcsc,1-14,-0.10628035197843685,70,-0.10627177274999698,MAP_PMU,7,8.579228439872799e-06
1,B_svc,2,0.17347051465427077,70,0.1737697612163251,MAP_PMU,7,0.00029924656205432276
2,UPFC_Vsh,5-15,1.1115629940864051,70,1.1111615739377885,MAP_PMU,7,0.0004014201486166602
3,UPFC_tsh,5-15,-0.23738423957841182,70,-0.23738078940175356,MAP_PMU,7,3.4501766582595295e-06
4,UPFC_Vse,5-15,0.05812279623943674,70,0.05887941255593789,MAP_PMU,7,0.0007566163165011533
5,UPFC_tse,5-15,-2.124542966795734,70,-2.13007471090317,MAP_PMU,7,0.005531744107436065
0,x_tcsc,1-14,-0.10626522660247938,71,-0.10627177274999698,MAP_PMU,7,6.546147517605405e-06
1,B_svc,2,0.17358356929350058,71,0.1737697612163251,MAP_PMU,7,0.00018619192282451347
2,UPFC_Vsh,5-15,1.111512245587005,71,1.1111615739377885,MAP_PMU,7,0.0003506716492165385
3,UPFC_tsh,5-15,-0.2374158047999242,71,-0.23738078940175356,MAP_PMU,7,3.5015398170634704e-05
4,UPFC_Vse,5-15,0.058155253061719495,71,0.05887941255593789,MAP_PMU,7,0.0007241594942183974
5,UPFC_tse,5-15,-2.124992289398838,71,-2.13007471090317,MAP_PMU,7,0.005082421504332135
0,x_tcsc,1-14,-0.10626948307056874,72,-0.10627177274999698,MAP_PMU,7,2.2896794282384336e-06
1,B_svc,2,0.17411746642641093,72,0.1737697612163251,MAP_PMU,7,0.0003477052100858413
2,UPFC_Vsh,5-15,1.111889317725644,72,1.1111615739377885,MAP_PMU,7,0.0007277437878554505
3,UPFC_tsh,5-15,-0.23733722219626843,72,-0.23738078940175356,MAP_PMU,7,4.356720548512327e-05
4,UPFC_Vse,5-15,0.05755503408536799,72,0.05887941255593789,MAP_PMU,7,0.0013243784705699035
5,UPFC_tse,5-15,-2.1168788871068873,72,-2.13007471090317,MAP_PMU,7,0.013195823796282813
0,x_tcsc,1-14,-0.10625979042974731,73,-0.10627177274999698,MAP_PMU,7,1.1982320249667722e-05
1,B_svc,2,0.17380539562441816,73,0.1737697612163251,MAP_PMU,7,3.563440809306595e-05
2,UPFC_Vsh,5-15,1.111755657848543,73,1.1111615739377885,MAP_PMU,7,0.0005940839107545504
3,UPFC_tsh,5-15,-0.23729661798845617,73,-0.23738078940175356,MAP_PMU,7,8.417141329739031e-05
4,UPFC_Vse,5-15,0.057607922461539326,73,0.05887941255593789,MAP_PMU,7,0.0012714900943985655
5,UPFC_tse,5-15,-2.1168830050706946,73,-2.13007471090317,MAP_PMU,7,0.013191705832475531
0,x_tcsc,1-14,-0.10625722346241068,74,-0.10627177274999698,MAP_PMU,7,1.4549287586304582e-05
1,B_svc,2,0.17394000167968515,74,0.1737697612163251,MAP_PMU,7,0.0001702404633600607
2,UPFC_Vsh,5-15,1.111715440599495,74,1.1111615739377885,MAP_PMU,7,0.0005538666617064258
3,UPFC_tsh,5-15,-0.23741761434448594,74,-0.23738078940175356,MAP_PMU,7,3.6824942732383015e-05
4,UPFC_Vse,5-15,0.058200400923330176,74,0.05887941255593789,MAP_PMU,7,0.0006790116326077164
5,UPFC_tse,5-15,-2.117430083071384,74,-2.13007471090317,MAP_PMU,7,0.012644627831785993
0,x_tcsc,1-14,-0.10625417682668309,75,-0.10627177274999698,MAP_PMU,7,1.7595923313892814e-05
1,B_svc,2,0.17368372143806907,75,0.1737697612163251,MAP_PMU,7,8.603977825602516e-05
2,UPFC_Vsh,5-15,1.111898130844877,75,1.1111615739377885,MAP_PMU,7,0.0007365569070885147
3,UPFC_tsh,5-15,-0.23737135850833477,75,-0.23738078940175356,MAP_PMU,7,9.430893418788111e-06
4,UPFC_Vse,5-15,0.05787690557399739,75,0.05887941255593789,MAP_PMU,7,0.0010025069819405014
5,UPFC_tse,5-15,-2.118812000204604,75,-2.13007471090317,MAP_PMU,7,0.011262710698566103
0,x_tcsc,1-14,-0.10628254371956447,76,-0.10627177274999698,MAP_PMU,7,1.077096956748902e-05
1,B_svc,2,0.17406936362541484,76,0.1737697612163251,MAP_PMU,7,0.0002996024090897442
2,UPFC_Vsh,5-15,1.1118643709231275,76,1.1111615739377885,MAP_PMU,7,0.0007027969853390381
3,UPFC_tsh,5-15,-0.23740994783222988,76,-0.23738078940175356,MAP_PMU,7,2.9158430476322605e-05
4,UPFC_Vse,5-15,0.05829563456764781,76,0.05887941255593789,MAP_PMU,7,0.0005837779882900823
5,UPFC_tse,5-15,-2.1205800750469863,76,-2.13007471090317,MAP_PMU,7,0.00949463585618382
0,x_tcsc,1-14,-0.10625606721197163,77,-0.10627177274999698,MAP_PMU,7,1.570553802535124e-05
1,B_svc,2,0.1738383355429771,77,0.1737697612163251,MAP_PMU,7,6.857432665199892e-05
2,UPFC_Vsh,5-15,1.1116954811075017,77,1.1111615739377885,MAP_PMU,7,0.0005339071697132436
3,UPFC_tsh,5-15,-0.23731439698006163,77,-0.23738078940175356,MAP_PMU,7,6.639242169192983e-05
4,UPFC_Vse,5-15,0.058009075634373325,77,0.05887941255593789,MAP_PMU,7,0.000870336921564567
5,UPFC_tse,5-15,-2.1205641833874482,77,-2.13007471090317,MAP_PMU,7,0.0095105275157219
0,x_tcsc,1-14,-0.10630540203989136,78,-0.10627177274999698,MAP_PMU,7,3.362928989437963e-05
1,B_svc,2,0.17352704039240882,78,0.1737697612163251,MAP_PMU,7,0.00024272082391627037
2,UPFC_Vsh,5-15,1.1115142946842167,78,1.1111615739377885,MAP_PMU,7,0.0003527207464282256
3,UPFC_tsh,5-15,-0.23733981382169816,78,-0.23738078940175356,MAP_PMU,7,4.097558005539126e-05
4,UPFC_Vse,5-15,0.058175154921861275,78,0.05887941255593789,MAP_PMU,7,0.0007042576340766174
5,UPFC_tse,5-15,-2.1218896017673172,78,-2.13007471090317,MAP_PMU,7,0.008185109135852908
0,x_tcsc,1-14,-0.10628660653627202,79,-0.10627177274999698,MAP_PMU,7,1.4833786275036953e-05
1,B_svc,2,0.17374941711428973,79,0.1737697612163251,MAP_PMU,7,2.034410203535786e-05
2,UPFC_Vsh,5-15,1.1117098389398854,79,1.1111615739377885,MAP_PMU,7,0.000548265002096926
3,UPFC_tsh,5-15,-0.23735090828292993,79,-0.23738078940175356,MAP_PMU,7,2.9881118823626984e-05
4,UPFC_Vse,5-15,0.05777070266566,79,0.05887941255593789,MAP_PMU,7,0.0011087098902778925
5,UPFC_tse,5-15,-2.121058738845475,79,-2.13007471090317,MAP_PMU,7,0.009015972057694999
0,x_tcsc,1-14,-0.10627997467242338,80,-0.10627177274999698,MAP_PMU,7,8.2019224263985e-06
1,B_svc,2,0.17374842290161088,80,0.1737697612163251,MAP_PMU,7,2.1338314714208773e-05
2,UPFC_Vsh,5-15,1.1116441661239547,80,1.1111615739377885,MAP_PMU,7,0.0004825921861661975
3,UPFC_tsh,5-15,-0.23738394869443688,80,-0.23738078940175356,MAP_PMU,7,3.1592926833245993e-06
4,UPFC_Vse,5-15,0.05804335107638109,80,0.05887941255593789,MAP_PMU,7,0.000836061479556803
5,UPFC_tse,5-15,-2.1284815089802493,80,-2.13007471090317,MAP_PMU,7,0.0015932019229207839
0,x_tcsc,1-14,-0.10626592599085206,81,-0.10627177274999698,MAP_PMU,7,5.8467591449173906e-06
1,B_svc,2,0.1737835640811377,81,0.1737697612163251,MAP_PMU,7,1.380286481261761e-05
2,UPFC_Vsh,5-15,1.1118090455728264,81,1.1111615739377885,MAP_PMU,7,0.0006474716350379772
3,UPFC_tsh,5-15,-0.2373479995216107,81,-0.23738078940175356,MAP_PMU,7,3.278988014285278e-05
4,UPFC_Vse,5-15,0.05739140572743477,81,0.05887941255593789,MAP_PMU,7,0.0014880068285031203
5,UPFC_tse,5-15,-2.118399962824918,81,-2.13007471090317,MAP_PMU,7,0.011674748078251973
0,x_tcsc,1-14,-0.106282602239809,82,-0.10627177274999698,MAP_PMU,7,1.0829489812014259e-05
1,B_svc,2,0.17374850414281418,82,0.1737697612163251,MAP_PMU,7,2.1257073510916324e-05
2,UPFC_Vsh,5-15,1.1117646741021967,82,1.1111615739377885,MAP_PMU,7,0.0006031001644082323
3,UPFC_tsh,5-15,-0.23732874054603495,82,-0.23738078940175356,MAP_PMU,7,5.204885571860607e-05
4,UPFC_Vse,5-15,0.05800015986380249,82,0.05887941255593789,MAP_PMU,7,0.0008792526921354016
5,UPFC_tse,5-15,-2.114030764848411,82,-2.13007471090317,MAP_PMU,7,0.01604394605475923
0,x_tcsc,1-14,-0.10629067590372543,83,-0.10627177274999698,MAP_PMU,7,1.890315372844731e-05
1,B_svc,2,0.17412313925723982,83,0.1737697612163251,MAP_PMU,7,0.00035337804091473135
2,UPFC_Vsh,5-15,1.1116694665240352,83,1.1111615739377885,MAP_PMU,7,0.0005078925862467276
3,UPFC_tsh,5-15,-0.23734951311303476,83,-0.23738078940175356,MAP_PMU,7,3.127628871879562e-05
4,UPFC_Vse,5-15,0.05814782461596029,83,0.05887941255593789,MAP_PMU,7,0.0007315879399776015
5,UPFC_tse,5-15,-2.1176560070194466,83,-2.13007471090317,MAP_PMU,7,0.01241870388372357
0,x_tcsc,1-14,-0.10628229582204449,84,-0.10627177274999698,MAP_PMU,7,1.0523072047505244e-05
1,B_svc,2,0.1738347705332766,84,0.1737697612163251,MAP_PMU,7,6.500931695149759e-05
2,UPFC_Vsh,5-15,1.1117174420071891,84,1.1111615739377885,MAP_PMU,7,0.0005558680694006668
3,UPFC_tsh,5-15,-0.23730761068134515,84,-0.23738078940175356,MAP_PMU,7,7.317872040840667e-05
4,UPFC_Vse,5-15,0.05826784298674104,84,0.05887941255593789,MAP_PMU,7,0.0006115695691968487
5,UPFC_tse,5-15,-2.1166496111028197,84,-2.13007471090317,MAP_PMU,7,0.013425099800350448
0,x_tcsc,1-14,-0.10625627598050434,85,-0.10627177274999698,MAP_PMU,7,1.5496769492640006e-05
1,B_svc,2,0.17363689791172573,85,0.1737697612163251,MAP_PMU,7,0.00013286330459935658
2,UPFC_Vsh,5-15,1.1120307412824781,85,1.1111615739377885,MAP_PMU,7,0.0008691673446896697
3,UPFC_tsh,5-15,-0.23740945415341083,85,-0.23738078940175356,MAP_PMU,7,2.8664751657275778e-05
4,UPFC_Vse,5-15,0.05788648918409025,85,0.05887941255593789,MAP_PMU,7,0.0009929233718476427
5,UPFC_tse,5-15,-2.1177544608745653,85,-2.13007471090317,MAP_PMU,7,0.012320250028604818
0,x_tcsc,1-14,-0.10627830102185375,86,-0.10627177274999698,MAP_PMU,7,6.528271856764967e-06
1,B_svc,2,0.1736881110259904,86,0.1737697612163251,MAP_PMU,7,8.165019033468113e-05
2,UPFC_Vsh,5-15,1.1119421641062706,86,1.1111615739377885,MAP_PMU,7,0.0007805901684820871
3,UPFC_tsh,5-15,-0.237306998964698,86,-0.23738078940175356,MAP_PMU,7,7.379043705554866e-05
4,UPFC_Vse,5-15,0.057963761053726824,86,0.05887941255593789,MAP_PMU,7,0.0009156515022110678
5,UPFC_tse,5-15,-2.1136851122644353,86,-2.13007471090317,MAP_PMU,7,0.016389598638734793
0,x_tcsc,1-14,-0.1062792432273311,87,-0.10627177274999698,MAP_PMU,7,7.470477334112213e-06
1,B_svc,2,0.17369549427295736,87,0.1737697612163251,MAP_PMU,7,7.426694336773454e-05
2,UPFC_Vsh,5-15,1.111974561473139,87,1.1111615739377885,MAP_PMU,7,0.0008129875353504179
3,UPFC_tsh,5-15,-0.23736833010773922,87,-0.23738078940175356,MAP_PMU,7,1.24592940143331e-05
4,UPFC_Vse,5-15,0.0574474156177312,87,0.05887941255593789,MAP_PMU,7,0.0014319969382066908
5,UPFC_tse,5-15,-2.1125172428022956,87,-2.13007471090317,MAP_PMU,7,0.01755746810087455
0,x_tcsc,1-14,-0.10626964212155883,88,-0.10627177274999698,MAP_PMU,7,2.130628438151705e-06
1,B_svc,2,0.1744836413589702,88,0.1737697612163251,MAP_PMU,7,0.000713880142645118
2,UPFC_Vsh,5-15,1.1113983888034913,88,1.1111615739377885,MAP_PMU,7,0.00023681486570281685
3,UPFC_tsh,5-15,-0.23734443720867754,88,-0.23738078940175356,MAP_PMU,7,3.635219307601689e-05
4,UPFC_Vse,5-15,0.057784118338947206,88,0.05887941255593789,MAP_PMU,7,0.001095294216990686
5,UPFC_tse,5-15,-2.1254428786365915,88,-2.13007471090317,MAP_PMU,7,0.004631832266578595
0,x_tcsc,1-14,-0.10628096047905791,89,-0.10627177274999698,MAP_PMU,7,9.18772906093046e-06
1,B_svc,2,0.1736798828998953,89,0.1737697612163251,MAP_PMU,7,8.987831642978672e-05
2,UPFC_Vsh,5-15,1.1116801420886342,89,1.1111615739377885,MAP_PMU,7,0.0005185681508457218
3,UPFC_tsh,5-15,-0.23740563939994386,89,-0.23738078940175356,MAP_PMU,7,2.4849998190301648e-05
4,UPFC_Vse,5-15,0.057918375413627016,89,0.05887941255593789,MAP_PMU,7,0.0009610371423108763
5,UPFC_tse,5-15,-2.126271276542525,89,-2.13007471090317,MAP_PMU,7,0.0038034343606452303
0,x_tcsc,1-14,-0.1062716461929666,90,-0.10627177274999698,MAP_PMU,7,1.2655703038322308e-07
1,B_svc,2,0.173494309710155,90,0.1737697612163251,MAP_PMU,7,0.00027545150617008796
2,UPFC_Vsh,5-15,1.1112062266354954,90,1.1111615739377885,MAP_PMU,7,4.465269770692615e-05
3,UPFC_tsh,5-15,-0.2373675050058017,90,-0.23738078940175356,MAP_PMU,7,1.3284395951856931e-05
4,UPFC_Vse,5-15,0.0581060627506185,90,0.05887941255593789,MAP_PMU,7,0.0007733498053193941
5,UPFC_tse,5-15,-2.1288398257482104,90,-2.13007471090317,MAP_PMU,7,0.0012348851549597306
0,x_tcsc,1-14,-0.10626332221699197,91,-0.10627177274999698,MAP_PMU,7,8.45053300500831e-06
1,B_svc,2,0.1736480313169378,91,0.1737697612163251,MAP_PMU,7,0.00012172989938730172
2,UPFC_Vsh,5-15,1.1119977292350596,91,1.1111615739377885,MAP_PMU,7,0.0008361552972711017
3,UPFC_tsh,5-15,-0.23729345577695307,91,-0.23738078940175356,MAP_PMU,7,8.733362480048412e-05
4,UPFC_Vse,5-15,0.05777512174446703,91,0.05887941255593789,MAP_PMU,7,0.0011042908114708636
5,UPFC_tse,5-15,-2.122942717850324,91,-2.13007471090317,MAP_PMU,7,0.007131993052845953
0,x_tcsc,1-14,-0.10627529285642183,92,-0.10627177274999698,MAP_PMU,7,3.520106424848013e-06
1,B_svc,2,0.1737853185444739,92,0.1737697612163251,MAP_PMU,7,1.5557328148813054e-05
2,UPFC_Vsh,5-15,1.1108180923290423,92,1.1111615739377885,MAP_PMU,7,0.00034348160874619893
3,UPFC_tsh,5-15,-0.23745943983545284,92,-0.23738078940175356,MAP_PMU,7,7.865043369928437e-05
4,UPFC_Vse,5-15,0.05873045353783369,92,0.05887941255593789,MAP_PMU,7,0.00014895901810420276
5,UPFC_tse,5-15,-2.133163933470682,92,-2.13007471090317,MAP_PMU,7,0.0030892225675116514
0,x_tcsc,1-14,-0.1062715880944539,93,-0.10627177274999698,MAP_PMU,7,1.8465554307844911e-07
1,B_svc,2,0.1734313680105495,93,0.1737697612163251,MAP_PMU,7,0.0003383932057755834
2,UPFC_Vsh,5-15,1.1115814026255846,93,1.1111615739377885,MAP_PMU,7,0.0004198286877961088
3,UPFC_tsh,5-15,-0.23740251432731638,93,-0.23738078940175356,MAP_PMU,7,2.1724925562821573e-05
4,UPFC_Vse,5-15,0.05858905856891358,93,0.05887941255593789,MAP_PMU,7,0.00029035398702430965
5,UPFC_tse,5-15,-2.1165606494510842,93,-2.13007471090317,MAP_PMU,7,0.01351406145208589
0,x_tcsc,1-14,-0.10628304976917143,94,-0.10627177274999698,MAP_PMU,7,1.1277019174443792e-05
1,B_svc,2,0.17336103729124142,94,0.1737697612163251,MAP_PMU,7,0.00040872392508367605
2,UPFC_Vsh,5-15,1.1114618574830735,94,1.1111615739377885,MAP_PMU,7,0.0003002835452849961
3,UPFC_tsh,5-15,-0.23735848382860716,94,-0.23738078940175356,MAP_PMU,7,2.23055731463917e-05
4,UPFC_Vse,5-15,0.057425000458379775,94,0.05887941255593789,MAP_PMU,7,0.0014544120975581165
5,UPFC_tse,5-15,-2.116485412416911,94,-2.13007471090317,MAP_PMU,7,0.013589298486259338
0,x_tcsc,1-14,-0.10627894036724808,95,-0.10627177274999698,MAP_PMU,7,7.167617251099823e-06
1,B_svc,2,0.17371831585732297,95,0.1737697612163251,MAP_PMU,7,5.1445359002116886e-05
2,UPFC_Vsh,5-15,1.1119085762170573,95,1.1111615739377885,MAP_PMU,7,0.0007470022792688269
3,UPFC_tsh,5-15,-0.23735154148819698,95,-0.23738078940175356,MAP_PMU,7,2.9247913556573746e-05
4,UPFC_Vse,5-15,0.05834125538918243,95,0.05887941255593789,MAP_PMU,7,0.000538157166755461
5,UPFC_tse,5-15,-2.1243340337076986,95,-2.13007471090317,MAP_PMU,7,0.005740677195471555
0,x_tcsc,1-14,-0.10625837984549406,96,-0.10627177274999698,MAP_PMU,7,1.3392904502917968e-05
1,B_svc,2,0.17329835426036924,96,0.1737697612163251,MAP_PMU,7,0.0004714069559558498
2,UPFC_Vsh,5-15,1.111305744604978,96,1.1111615739377885,MAP_PMU,7,0.0001441706671896359
3,UPFC_tsh,5-15,-0.23735107839732664,96,-0.23738078940175356,MAP_PMU,7,2.9711004426918874e-05
4,UPFC_Vse,5-15,0.05748030886312399,96,0.05887941255593789,MAP_PMU,7,0.0013991036928139022
5,UPFC_tse,5-15,-2.1267141704812467,96,-2.13007471090317,MAP_PMU,7,0.0033605404219234636
0,x_tcsc,1-14,-0.10627990701179622,97,-0.10627177274999698,MAP_PMU,7,8.134261799241926e-06
1,B_svc,2,0.1740579081120888,97,0.1737697612163251,MAP_PMU,7,0.00028814689576370234
2,UPFC_Vsh,5-15,1.1117607469385293,97,1.1111615739377885,MAP_PMU,7,0.0005991730007408602
3,UPFC_tsh,5-15,-0.23734029841159407,97,-0.23738078940175356,MAP_PMU,7,4.049099015948632e-05
4,UPFC_Vse,5-15,0.058105259582401494,97,0.05887941255593789,MAP_PMU,7,0.0007741529735363975
5,UPFC_tse,5-15,-2.1180981900617026,97,-2.13007471090317,MAP_PMU,7,0.011976520841467497
0,x_tcsc,1-14,-0.10628164007890463,98,-0.10627177274999698,MAP_PMU,7,9.867328907647854e-06
1,B_svc,2,0.1737737129167721,98,0.1737697612163251,MAP_PMU,7,3.951700447007989e-06
2,UPFC_Vsh,5-15,1.1116114263295043,98,1.1111615739377885,MAP_PMU,7,0.00044985239171579927
3,UPFC_tsh,5-15,-0.23731613824646702,98,-0.23738078940175356,MAP_PMU,7,6.465115528653254e-05
4,UPFC_Vse,5-15,0.05782835673639586,98,0.05887941255593789,MAP_PMU,7,0.0010510558195420336
5,UPFC_tse,5-15,-2.105110452212403,98,-2.13007471090317,MAP_PMU,7,0.024964258690767238
0,x_tcsc,1-14,-0.10626009145994536,99,-0.10627177274999698,MAP_PMU,7,1.1681290051621107e-05
1,B_svc,2,0.17413925783168044,99,0.1737697612163251,MAP_PMU,7,0.00036949661535534695
2,UPFC_Vsh,5-15,1.1119135699122027,99,1.1111615739377885,MAP_PMU,7,0.0007519959744142213
3,UPFC_tsh,5-15,-0.2373410057765934,99,-0.23738078940175356,MAP_PMU,7,3.978362516016132e-05
4,UPFC_Vse,5-15,0.05839609912152731,99,0.05887941255593789,MAP_PMU,7,0.000483313434410583
5,UPFC_tse,5-15,-2.121171254470876,99,-2.13007471090317,MAP_PMU,7,0.008903456432294288
0,x_tcsc,1-14,-0.10883033719465485,0,-0.1088307202502758,MAP_PMU,9,3.830556209588609e-07
1,B_svc,2,0.17720489467955516,0,0.17750443286609066,MAP_PMU,9,0.00029953818653549735
2,UPFC_Vsh,5-15,1.1116967335912704,0,1.1094107399366555,MAP_PMU,9,0.002285993654614904
3,UPFC_tsh,5-15,-0.23447201503772935,0,-0.23457720339960228,MAP_PMU,9,0.00010518836187292657
4,UPFC_Vse,5-15,0.05781128229653865,0,0.059353713384124616,MAP_PMU,9,0.0015424310875859631
5,UPFC_tse,5-15,-2.1063530756896642,0,-2.136839258184921,MAP_PMU,9,0.03048618249525692
0,x_tcsc,1-14,-0.1088407841646687,1,-0.1088307202502758,MAP_PMU,9,1.0063914392899331e-05
1,B_svc,2,0.17776224952223574,1,0.17750443286609066,MAP_PMU,9,0.00025781665614507676
2,UPFC_Vsh,5-15,1.1115516534559515,1,1.1094107399366555,MAP_PMU,9,0.002140913519296017
3,UPFC_tsh,5-15,-0.2344920707337707,1,-0.23457720339960228,MAP_PMU,9,8.513266583157209e-05
4,UPFC_Vse,5-15,0.05795409206713222,1,0.059353713384124616,MAP_PMU,9,0.0013996213169923943
5,UPFC_tse,5-15,-2.117346989175963,1,-2.136839258184921,MAP_PMU,9,0.019492269008958285
0,x_tcsc,1-14,-0.108853277135442,2,-0.1088307202502758,MAP_PMU,9,2.255688516619725e-05
1,B_svc,2,0.17772896817866662,2,0.17750443286609066,MAP_PMU,9,0.00022453531257596304
2,UPFC_Vsh,5-15,1.1117594866865081,2,1.1094107399366555,MAP_PMU,9,0.002348746749852637
3,UPFC_tsh,5-15,-0.23456479249054124,2,-0.23457720339960228,MAP_PMU,9,1.2410909061039144e-05
4,UPFC_Vse,5-15,0.058136750077054725,2,0.059353713384124616,MAP_PMU,9,0.0012169633070698918
5,UPFC_tse,5-15,-2.121501498573112,2,-2.136839258184921,MAP_PMU,9,0.015337759611809165
0,x_tcsc,1-14,-0.10883867695782153,3,-0.1088307202502758,MAP_PMU,9,7.956707545719865e-06
1,B_svc,2,0.1767432622883215,3,0.17750443286609066,MAP_PMU,9,0.0007611705777691713
2,UPFC_Vsh,5-15,1.1116892230965627,3,1.1094107399366555,MAP_PMU,9,0.0022784831599071964
3,UPFC_tsh,5-15,-0.23450839199998472,3,-0.23457720339960228,MAP_PMU,9,6.881139961756322e-05
4,UPFC_Vse,5-15,0.05793581588805124,3,0.059353713384124616,MAP_PMU,9,0.0014178974960733781
5,UPFC_tse,5-15,-2.113238867510459,3,-2.136839258184921,MAP_PMU,9,0.02360039067446218
0,x_tcsc,1-14,-0.10885681498102251,4,-0.1088307202502758,MAP_PMU,9,2.6094730746703543e-05
1,B_svc,2,0.17778763490900623,4,0.17750443286609066,MAP_PMU,9,0.00028320204291557016
2,UPFC_Vsh,5-15,1.1118518736515484,4,1.1094107399366555,MAP_PMU,9,0.0024411337148928514
3,UPFC_tsh,5-15,-0.23452418482033996,4,-0.23457720339960228,MAP_PMU,9,5.3018579262320564e-05
4,UPFC_Vse,5-15,0.05813813466426568,4,0.059353713384124616,MAP_PMU,9,0.0012155787198589382
5,UPFC_tse,5-15,-2.1303812393223556,4,-2.136839258184921,MAP_PMU,9,0.006458018862565584
0,x_tcsc,1-14,-0.1088247642182693,5,-0.1088307202502758,MAP_PMU,9,5.956032006509959e-06
1,B_svc,2,0.17747283714254974,5,0.17750443286609066,MAP_PMU,9,3.1595723540917e-05
2,UPFC_Vsh,5-15,1.111821123254383,5,1.1094107399366555,MAP_PMU,9,0.0024103833177275824
3,UPFC_tsh,5-15,-0.2345545501875484,5,-0.23457720339960228,MAP_PMU,9,2.265321205388582e-05
4,UPFC_Vse,5-15,0.05826697052251012,5,0.059353713384124616,MAP_PMU,9,0.0010867428616144967
5,UPFC_tse,5-15,-2.131839434720256,5,-2.136839258184921,MAP_PMU,9,0.0049998234646650985
0,x_tcsc,1-14,-0.10883044893568602,6,-0.1088307202502758,MAP_PMU,9,2.7131458978091327e-07
1,B_svc,2,0.17730792731289371,6,0.17750443286609066,MAP_PMU,9,0.00019650555319694618
2,UPFC_Vsh,5-15,1.1118243924624434,6,1.1094107399366555,MAP_PMU,9,0.002413652525787846
3,UPFC_tsh,5-15,-0.23442669011299325,6,-0.23457720339960228,MAP_PMU,9,0.00015051328660903307
4,UPFC_Vse,5-15,0.05814277523755037,6,0.059353713384124616,MAP_PMU,9,0.0012109381465742475
5,UPFC_tse,5-15,-2.109121674146688,6,-2.136839258184921,MAP_PMU,9,0.027717584038233323
0,x_tcsc,1-14,-0.108847620304901,7,-0.1088307202502758,MAP_PMU,9,1.6900054625193506e-05
1,B_svc,2,0.17784528003855493,7,0.17750443286609066,MAP_PMU,9,0.0003408471724642703
2,UPFC_Vsh,5-15,1.111561046578094,7,1.1094107399366555,MAP_PMU,9,0.0021503066414385597
3,UPFC_tsh,5-15,-0.23454444922811915,7,-0.23457720339960228,MAP_PMU,9,3.27541714831292e-05
4,UPFC_Vse,5-15,0.0577894926328355,7,0.059353713384124616,MAP_PMU,9,0.0015642207512891193
5,UPFC_tse,5-15,-2.1188417999527664,7,-2.136839258184921,MAP_PMU,9,0.017997458232154706
0,x_tcsc,1-14,-0.10885802272404393,8,-0.1088307202502758,MAP_PMU,9,2.7302473768128777e-05
1,B_svc,2,0.1774991538881148,8,0.17750443286609066,MAP_PMU,9,5.278977975864407e-06
2,UPFC_Vsh,5-15,1.1114798141345474,8,1.1094107399366555,MAP_PMU,9,0.002069074197891929
3,UPFC_tsh,5-15,-0.23455743295383,8,-0.23457720339960228,MAP_PMU,9,1.9770445772282486e-05
4,UPFC_Vse,5-15,0.05818348314466938,8,0.059353713384124616,MAP_PMU,9,0.0011702302394552347
5,UPFC_tse,5-15,-2.1238096441992664,8,-2.136839258184921,MAP_PMU,9,0.01302961398565472
0,x_tcsc,1-14,-0.10884427590320984,9,-0.1088307202502758,MAP_PMU,9,1.3555652934038598e-05
1,B_svc,2,0.17751096148150822,9,0.17750443286609066,MAP_PMU,9,6.528615417555894e-06
2,UPFC_Vsh,5-15,1.1115103668434476,9,1.1094107399366555,MAP_PMU,9,0.002099626906792107
3,UPFC_tsh,5-15,-0.23458272180937537,9,-0.23457720339960228,MAP_PMU,9,5.518409773086486e-06
4,UPFC_Vse,5-15,0.05841496343614607,9,0.059353713384124616,MAP_PMU,9,0.0009387499479785455
5,UPFC_tse,5-15,-2.127166851076953,9,-2.136839258184921,MAP_PMU,9,0.00967240710796835
0,x_tcsc,1-14,-0.10881091618846146,10,-0.1088307202502758,MAP_PMU,9,1.9804061814343576e-05
1,B_svc,2,0.17743454610350337,10,0.17750443286609066,MAP_PMU,9,6.98867625872901e-05
2,UPFC_Vsh,5-15,1.1114279711128747,10,1.1094107399366555,MAP_PMU,9,0.002017231176219214
3,UPFC_tsh,5-15,-0.23455332261373718,10,-0.23457720339960228,MAP_PMU,9,2.388078586509912e-05
4,UPFC_Vse,5-15,0.057616425458126355,10,0.059353713384124616,MAP_PMU,9,0.0017372879259982613
5,UPFC_tse,5-15,-2.1174221371632034,10,-2.136839258184921,MAP_PMU,9,0.019417121021717776
0,x_tcsc,1-14,-0.10884366113035425,11,-0.1088307202502758,MAP_PMU,9,1.2940880078443628e-05
1,B_svc,2,0.17761097907557666,11,0.17750443286609066,MAP_PMU,9,0.00010654620948599702
2,UPFC_Vsh,5-15,1.1115979821914403,11,1.1094107399366555,MAP_PMU,9,0.002187242254784838
3,UPFC_tsh,5-15,-0.23447458058610815,11,-0.23457720339960228,MAP_PMU,9,0.00010262281349412983
4,UPFC_Vse,5-15,0.05750592569726,11,0.059353713384124616,MAP_PMU,9,0.0018477876868646173
5,UPFC_tse,5-15,-2.1179515615644187,11,-2.136839258184921,MAP_PMU,9,0.018887696620502492
0,x_tcsc,1-14,-0.1088431367220207,12,-0.1088307202502758,MAP_PMU,9,1.2416471744894353e-05
1,B_svc,2,0.17737776185643275,12,0.17750443286609066,MAP_PMU,9,0.00012667100965790823
2,UPFC_Vsh,5-15,1.1115373754849263,12,1.1094107399366555,MAP_PMU,9,0.00212663554827075
3,UPFC_tsh,5-15,-0.23454110429413602,12,-0.23457720339960228,MAP_PMU,9,3.6099105466258496e-05
4,UPFC_Vse,5-15,0.05807009362232338,12,0.059353713384124616,MAP_PMU,9,0.0012836197618012399
5,UPFC_tse,5-15,-2.119716462812305,12,-2.136839258184921,MAP_PMU,9,0.017122795372616295
0,x_tcsc,1-14,-0.1088409404994939,13,-0.1088307202502758,MAP_PMU,9,1.0220249218095834e-05
1,B_svc,2,0.17719975317841655,13,0.17750443286609066,MAP_PMU,9,0.00030467968767411424
2,UPFC_Vsh,5-15,1.1114779285525025,13,1.1094107399366555,MAP_PMU,9,0.002067188615846982
3,UPFC_tsh,5-15,-0.23460699262687842,13,-0.23457720339960228,MAP_PMU,9,2.9789227276144636e-05
4,UPFC_Vse,5-15,0.057991429217926764,13,0.059353713384124616,MAP_PMU,9,0.0013622841661978524
5,UPFC_tse,5-15,-2.131599409614917,13,-2.136839258184921,MAP_PMU,9,0.005239848570004035
0,x_tcsc,1-14,-0.10883564468301393,14,-0.1088307202502758,MAP_PMU,9,4.924432738126483e-06
1,B_svc,2,0.17728195241665337,14,0.17750443286609066,MAP_PMU,9,0.00022248044943729006
2,UPFC_Vsh,5-15,1.111979459480271,14,1.1094107399366555,MAP_PMU,9,0.002568719543615483
3,UPFC_tsh,5-15,-0.23441854743731247,14,-0.23457720339960228,MAP_PMU,9,0.00015865596228981094
4,UPFC_Vse,5-15,0.0578774496732912,14,0.059353713384124616,MAP_PMU,9,0.0014762637108334184
5,UPFC_tse,5-15,-2.1050204277979514,14,-2.136839258184921,MAP_PMU,9,0.031818830386969754
0,x_tcsc,1-14,-0.10882422421591173,15,-0.1088307202502758,MAP_PMU,9,6.496034364075753e-06
1,B_svc,2,0.1771188112983801,15,0.17750443286609066,MAP_PMU,9,0.0003856215677105479
2,UPFC_Vsh,5-15,1.111154577707303,15,1.1094107399366555,MAP_PMU,9,0.0017438377706475716
3,UPFC_tsh,5-15,-0.23462675498501726,15,-0.23457720339960228,MAP_PMU,9,4.9551585414975285e-05
4,UPFC_Vse,5-15,0.05860337747517495,15,0.059353713384124616,MAP_PMU,9,0.0007503359089496633
5,UPFC_tse,5-15,-2.1300502839304465,15,-2.136839258184921,MAP_PMU,9,0.006788974254474667
0,x_tcsc,1-14,-0.10885609343311792,16,-0.1088307202502758,MAP_PMU,9,2.5373182842111652e-05
1,B_svc,2,0.17716850947438928,16,0.17750443286609066,MAP_PMU,9,0.0003359233917013815
2,UPFC_Vsh,5-15,1.1117587187623434,16,1.1094107399366555,MAP_PMU,9,0.0023479788256879353
3,UPFC_tsh,5-15,-0.23444808820320528,16,-0.23457720339960228,MAP_PMU,9,0.00012911519639699498
4,UPFC_Vse,5-15,0.05817082875485715,16,0.059353713384124616,MAP_PMU,9,0.0011828846292674666
5,UPFC_tse,5-15,-2.1052476043961748,16,-2.136839258184921,MAP_PMU,9,0.0315916537887464
0,x_tcsc,1-14,-0.10884515579716106,17,-0.1088307202502758,MAP_PMU,9,1.4435546885252504e-05
1,B_svc,2,0.17719800031837696,17,0.17750443286609066,MAP_PMU,9,0.0003064325477137031
2,UPFC_Vsh,5-15,1.1124467443518153,17,1.1094107399366555,MAP_PMU,9,0.003036004415159832
3,UPFC_tsh,5-15,-0.23440837786425392,17,-0.23457720339960228,MAP_PMU,9,0.0001688255353483603
4,UPFC_Vse,5-15,0.05748048723350122,17,0.059353713384124616,MAP_PMU,9,0.0018732261506233944
5,UPFC_tse,5-15,-2.1226838357161713,17,-2.136839258184921,MAP_PMU,9,0.0141554224687499
0,x_tcsc,1-14,-0.10884014010313424,18,-0.1088307202502758,MAP_PMU,9,9.419852858433275e-06
1,B_svc,2,0.17713737264133977,18,0.17750443286609066,MAP_PMU,9,0.00036706022475088695
2,UPFC_Vsh,5-15,1.1117143369325349,18,1.1094107399366555,MAP_PMU,9,0.0023035969958793423
3,UPFC_tsh,5-15,-0.23453349565352247,18,-0.23457720339960228,MAP_PMU,9,4.370774607981298e-05
4,UPFC_Vse,5-15,0.05838633935641569,18,0.059353713384124616,MAP_PMU,9,0.0009673740277089254
5,UPFC_tse,5-15,-2.122422509100595,18,-2.136839258184921,MAP_PMU,9,0.01441674908432633
0,x_tcsc,1-14,-0.10884289662299175,19,-0.1088307202502758,MAP_PMU,9,1.2176372715944073e-05
1,B_svc,2,0.177688755646828,19,0.17750443286609066,MAP_PMU,9,0.00018432278073735042
2,UPFC_Vsh,5-15,1.1118875539658286,19,1.1094107399366555,MAP_PMU,9,0.0024768140291731022
3,UPFC_tsh,5-15,-0.2344826551513312,19,-0.23457720339960228,MAP_PMU,9,9.454824827107022e-05
4,UPFC_Vse,5-15,0.05772120829284563,19,0.059353713384124616,MAP_PMU,9,0.0016325050912789837
5,UPFC_tse,5-15,-2.1136012109068,19,-2.136839258184921,MAP_PMU,9,0.023238047278121066
0,x_tcsc,1-14,-0.10884965729351598,20,-0.1088307202502758,MAP_PMU,9,1.893704324017198e-05
1,B_svc,2,0.17714136156968008,20,0.17750443286609066,MAP_PMU,9,0.0003630712964105831
2,UPFC_Vsh,5-15,1.1116822038027117,20,1.1094107399366555,MAP_PMU,9,0.002271463866056145
3,UPFC_tsh,5-15,-0.23451506854087434,20,-0.23457720339960228,MAP_PMU,9,6.213485872794133e-05
4,UPFC_Vse,5-15,0.05803305118404675,20,0.059353713384124616,MAP_PMU,9,0.0013206622000778642
5,UPFC_tse,5-15,-2.1257120301268553,20,-2.136839258184921,MAP_PMU,9,0.011127228058065874
0,x_tcsc,1-14,-0.1088537697366397,21,-0.1088307202502758,MAP_PMU,9,2.3049486363890814e-05
1,B_svc,2,0.17782423848652634,21,0.17750443286609066,MAP_PMU,9,0.0003198056204356814
2,UPFC_Vsh,5-15,1.111745140196861,21,1.1094107399366555,MAP_PMU,9,0.0023344002602054825
3,UPFC_tsh,5-15,-0.23451591971918598,21,-0.23457720339960228,MAP_PMU,9,6.128368041630194e-05
4,UPFC_Vse,5-15,0.058545967013380405,21,0.059353713384124616,MAP_PMU,9,0.0008077463707442112
5,UPFC_tse,5-15,-2.1167441028072664,21,-2.136839258184921,MAP_PMU,9,0.020095155377654716
0,x_tcsc,1-14,-0.10882784010688211,22,-0.1088307202502758,MAP_PMU,9,2.880143393696466e-06
1,B_svc,2,0.17774876459335642,22,0.17750443286609066,MAP_PMU,9,0.0002443317272657619
2,UPFC_Vsh,5-15,1.1116768320321964,22,1.1094107399366555,MAP_PMU,9,0.0022660920955408503
3,UPFC_tsh,5-15,-0.23453431828016996,22,-0.23457720339960228,MAP_PMU,9,4.288511943231765e-05
4,UPFC_Vse,5-15,0.058114593238451355,22,0.059353713384124616,MAP_PMU,9,0.0012391201456732615
5,UPFC_tse,5-15,-2.111401116624557,22,-2.136839258184921,MAP_PMU,9,0.02543814156036417
0,x_tcsc,1-14,-0.10881733446895779,23,-0.1088307202502758,MAP_PMU,9,1.3385781318014933e-05
1,B_svc,2,0.17755004800256216,23,0.17750443286609066,MAP_PMU,9,4.561513647149962e-05
2,UPFC_Vsh,5-15,1.111350739142894,23,1.1094107399366555,MAP_PMU,9,0.0019399992062385518
3,UPFC_tsh,5-15,-0.23465331588701968,23,-0.23457720339960228,MAP_PMU,9,7.611248741740129e-05
4,UPFC_Vse,5-15,0.05861198182919324,23,0.059353713384124616,MAP_PMU,9,0.0007417315549313741
5,UPFC_tse,5-15,-2.121812493370768,23,-2.136839258184921,MAP_PMU,9,0.015026764814153104
0,x_tcsc,1-14,-0.10883456895974349,24,-0.1088307202502758,MAP_PMU,9,3.8487094676797895e-06
1,B_svc,2,0.17727897323159292,24,0.17750443286609066,MAP_PMU,9,0.0002254596344977433
2,UPFC_Vsh,5-15,1.1119974198210911,24,1.1094107399366555,MAP_PMU,9,0.0025866798844356165
3,UPFC_tsh,5-15,-0.23452447063501686,24,-0.23457720339960228,MAP_PMU,9,5.273276458542253e-05
4,UPFC_Vse,5-15,0.057664243551344314,24,0.059353713384124616,MAP_PMU,9,0.001689469832780302
5,UPFC_tse,5-15,-2.1249265902433585,24,-2.136839258184921,MAP_PMU,9,0.011912667941562649
0,x_tcsc,1-14,-0.10887182087141864,25,-0.1088307202502758,MAP_PMU,9,4.110062114283386e-05
1,B_svc,2,0.17762918602801442,25,0.17750443286609066,MAP_PMU,9,0.0001247531619237574
2,UPFC_Vsh,5-15,1.1119412902343249,25,1.1094107399366555,MAP_PMU,9,0.002530550297669354
3,UPFC_tsh,5-15,-0.2344693025735198,25,-0.23457720339960228,MAP_PMU,9,0.00010790082608247431
4,UPFC_Vse,5-15,0.05764199327562145,25,0.059353713384124616,MAP_PMU,9,0.0017117201085031647
5,UPFC_tse,5-15,-2.1257150145150514,25,-2.136839258184921,MAP_PMU,9,0.011124243669869749
0,x_tcsc,1-14,-0.10882892468257936,26,-0.1088307202502758,MAP_PMU,9,1.795567696444289e-06
1,B_svc,2,0.17784563574930246,26,0.17750443286609066,MAP_PMU,9,0.00034120288321179415
2,UPFC_Vsh,5-15,1.111539970943013,26,1.1094107399366555,MAP_PMU,9,0.002129231006357424
3,UPFC_tsh,5-15,-0.23448652647669838,26,-0.23457720339960228,MAP_PMU,9,9.067692290390394e-05
4,UPFC_Vse,5-15,0.05773573005365838,26,0.059353713384124616,MAP_PMU,9,0.0016179833304662342
5,UPFC_tse,5-15,-2.109700878882166,26,-2.136839258184921,MAP_PMU,9,0.02713837930275531
0,x_tcsc,1-14,-0.10882881677127948,27,-0.1088307202502758,MAP_PMU,9,1.9034789963262577e-06
1,B_svc,2,0.17731135362775258,27,0.17750443286609066,MAP_PMU,9,0.00019307923833808416
2,UPFC_Vsh,5-15,1.111801861454103,27,1.1094107399366555,MAP_PMU,9,0.00239112151744747
3,UPFC_tsh,5-15,-0.2344529398261741,27,-0.23457720339960228,MAP_PMU,9,0.0001242635734281794
4,UPFC_Vse,5-15,0.057616835337326935,27,0.059353713384124616,MAP_PMU,9,0.001736878046797681
5,UPFC_tse,5-15,-2.115615023260544,27,-2.136839258184921,MAP_PMU,9,0.021224234924376972
0,x_tcsc,1-14,-0.1088408777821638,28,-0.1088307202502758,MAP_PMU,9,1.0157531887988736e-05
1,B_svc,2,0.17790922720946623,28,0.17750443286609066,MAP_PMU,9,0.0004047943433755641
2,UPFC_Vsh,5-15,1.1115342332908595,28,1.1094107399366555,MAP_PMU,9,0.0021234933542040313
3,UPFC_tsh,5-15,-0.23461172870981267,28,-0.23457720339960228,MAP_PMU,9,3.4525310210392623e-05
4,UPFC_Vse,5-15,0.05849110555875063,28,0.059353713384124616,MAP_PMU,9,0.0008626078253739858
5,UPFC_tse,5-15,-2.1296727920825647,28,-2.136839258184921,MAP_PMU,9,0.007166466102356495
0,x_tcsc,1-14,-0.10885135386141394,29,-0.1088307202502758,MAP_PMU,9,2.0633611138132224e-05
1,B_svc,2,0.17810285818639174,29,0.17750443286609066,MAP_PMU,9,0.000598425320301077
2,UPFC_Vsh,5-15,1.1115617770430946,29,1.1094107399366555,MAP_PMU,9,0.0021510371064390466
3,UPFC_tsh,5-15,-0.23458924003884124,29,-0.23457720339960228,MAP_PMU,9,1.2036639238960367e-05
4,UPFC_Vse,5-15,0.058455588268079096,29,0.059353713384124616,MAP_PMU,9,0.00089812511604552
5,UPFC_tse,5-15,-2.1301346342251706,29,-2.136839258184921,MAP_PMU,9,0.0067046239597505775
0,x_tcsc,1-14,-0.10883743563818256,30,-0.1088307202502758,MAP_PMU,9,6.7153879067527456e-06
1,B_svc,2,0.17750026804166913,30,0.17750443286609066,MAP_PMU,9,4.164824421531987e-06
2,UPFC_Vsh,5-15,1.1118728030638707,30,1.1094107399366555,MAP_PMU,9,0.002462063127215197
3,UPFC_tsh,5-15,-0.2345828274842528,30,-0.23457720339960228,MAP_PMU,9,5.624084650518446e-06
4,UPFC_Vse,5-15,0.05877617654349964,30,0.059353713384124616,MAP_PMU,9,0.0005775368406249759
5,UPFC_tse,5-15,-2.119687140174487,30,-2.136839258184921,MAP_PMU,9,0.017152118010434148
0,x_tcsc,1-14,-0.10883320928516425,31,-0.1088307202502758,MAP_PMU,9,2.48903488844765e-06
1,B_svc,2,0.1776603579801799,31,0.17750443286609066,MAP_PMU,9,0.00015592511408923926
2,UPFC_Vsh,5-15,1.1118989256629692,31,1.1094107399366555,MAP_PMU,9,0.0024881857263137075
3,UPFC_tsh,5-15,-0.23444845925079796,31,-0.23457720339960228,MAP_PMU,9,0.00012874414880431617
4,UPFC_Vse,5-15,0.057818037451011564,31,0.059353713384124616,MAP_PMU,9,0.0015356759331130523
5,UPFC_tse,5-15,-2.117538856271942,31,-2.136839258184921,MAP_PMU,9,0.019300401912979215
0,x_tcsc,1-14,-0.10884854250099181,32,-0.1088307202502758,MAP_PMU,9,1.7822250716004184e-05
1,B_svc,2,0.17799175196413866,32,0.17750443286609066,MAP_PMU,9,0.0004873190980480002
2,UPFC_Vsh,5-15,1.1114218998921035,32,1.1094107399366555,MAP_PMU,9,0.002011159955447983
3,UPFC_tsh,5-15,-0.23453346771646794,32,-0.23457720339960228,MAP_PMU,9,4.373568313434384e-05
4,UPFC_Vse,5-15,0.057693803982294366,32,0.059353713384124616,MAP_PMU,9,0.0016599094018302507
5,UPFC_tse,5-15,-2.120422435886694,32,-2.136839258184921,MAP_PMU,9,0.016416822298227274
0,x_tcsc,1-14,-0.10882571532373408,33,-0.1088307202502758,MAP_PMU,9,5.004926541721244e-06
1,B_svc,2,0.17748349169706298,33,0.17750443286609066,MAP_PMU,9,2.0941169027677287e-05
2,UPFC_Vsh,5-15,1.1114930893900126,33,1.1094107399366555,MAP_PMU,9,0.0020823494533570575
3,UPFC_tsh,5-15,-0.234510475008852,33,-0.23457720339960228,MAP_PMU,9,6.672839075028136e-05
4,UPFC_Vse,5-15,0.057840485159506176,33,0.059353713384124616,MAP_PMU,9,0.0015132282246184403
5,UPFC_tse,5-15,-2.1192139970598287,33,-2.136839258184921,MAP_PMU,9,0.01762526112509244
0,x_tcsc,1-14,-0.108871080994711,34,-0.1088307202502758,MAP_PMU,9,4.0360744435197216e-05
1,B_svc,2,0.17725882849896873,34,0.17750443286609066,MAP_PMU,9,0.00024560436712192657
2,UPFC_Vsh,5-15,1.1114503553458421,34,1.1094107399366555,MAP_PMU,9,0.0020396154091866237
3,UPFC_tsh,5-15,-0.23456530184097982,34,-0.23457720339960228,MAP_PMU,9,1.190155862246245e-05
4,UPFC_Vse,5-15,0.05822704639117012,34,0.059353713384124616,MAP_PMU,9,0.0011266669929544948
5,UPFC_tse,5-15,-2.1111570129302497,34,-2.136839258184921,MAP_PMU,9,0.025682245254671443
0,x_tcsc,1-14,-0.10885371178002272,35,-0.1088307202502758,MAP_PMU,9,2.2991529746912986e-05
1,B_svc,2,0.17734409423654296,35,0.17750443286609066,MAP_PMU,9,0.00016033862954770162
2,UPFC_Vsh,5-15,1.111706118772758,35,1.1094107399366555,MAP_PMU,9,0.002295378836102424
3,UPFC_tsh,5-15,-0.23451874457750674,35,-0.23457720339960228,MAP_PMU,9,5.845882209554176e-05
4,UPFC_Vse,5-15,0.05819732591643843,35,0.059353713384124616,MAP_PMU,9,0.0011563874676861832
5,UPFC_tse,5-15,-2.111583045474593,35,-2.136839258184921,MAP_PMU,9,0.025256212710328185
0,x_tcsc,1-14,-0.10883353387898978,36,-0.1088307202502758,MAP_PMU,9,2.813628713974059e-06
1,B_svc,2,0.1773819074524342,36,0.17750443286609066,MAP_PMU,9,0.00012252541365645464
2,UPFC_Vsh,5-15,1.1115560245564111,36,1.1094107399366555,MAP_PMU,9,0.0021452846197556052
3,UPFC_tsh,5-15,-0.23464701720332773,36,-0.23457720339960228,MAP_PMU,9,6.981380372544921e-05
4,UPFC_Vse,5-15,0.058238380697390575,36,0.059353713384124616,MAP_PMU,9,0.0011153326867340413
5,UPFC_tse,5-15,-2.127949333719464,36,-2.136839258184921,MAP_PMU,9,0.008889924465457
0,x_tcsc,1-14,-0.10884224050215703,37,-0.1088307202502758,MAP_PMU,9,1.1520251881225185e-05
1,B_svc,2,0.17768558496729206,37,0.17750443286609066,MAP_PMU,9,0.00018115210120139835
2,UPFC_Vsh,5-15,1.1118762140031913,37,1.1094107399366555,MAP_PMU,9,0.0024654740665357444
3,UPFC_tsh,5-15,-0.23451833972720876,37,-0.23457720339960228,MAP_PMU,9,5.886367239352208e-05
4,UPFC_Vse,5-15,0.05833383533803484,37,0.059353713384124616,MAP_PMU,9,0.0010198780460897797
5,UPFC_tse,5-15,-2.1284192610451447,37,-2.136839258184921,MAP_PMU,9,0.00841999713977648
0,x_tcsc,1-14,-0.1088252681185817,38,-0.1088307202502758,MAP_PMU,9,5.4521316941030795e-06
1,B_svc,2,0.17753693475775403,38,0.17750443286609066,MAP_PMU,9,3.250189166337236e-05
2,UPFC_Vsh,5-15,1.111746974885136,38,1.1094107399366555,MAP_PMU,9,0.0023362349484805645
3,UPFC_tsh,5-15,-0.2345022916825271,38,-0.23457720339960228,MAP_PMU,9,7.491171707518784e-05
4,UPFC_Vse,5-15,0.058091138651698876,38,0.059353713384124616,MAP_PMU,9,0.0012625747324257405
5,UPFC_tse,5-15,-2.1298746777256747,38,-2.136839258184921,MAP_PMU,9,0.006964580459246417
0,x_tcsc,1-14,-0.10884854867693204,39,-0.1088307202502758,MAP_PMU,9,1.782842665623563e-05
1,B_svc,2,0.17762283765127457,39,0.17750443286609066,MAP_PMU,9,0.00011840478518390651
2,UPFC_Vsh,5-15,1.1112213903311012,39,1.1094107399366555,MAP_PMU,9,0.001810650394445723
3,UPFC_tsh,5-15,-0.23459043958542683,39,-0.23457720339960228,MAP_PMU,9,1.3236185824549995e-05
4,UPFC_Vse,5-15,0.057797074062468826,39,0.059353713384124616,MAP_PMU,9,0.0015566393216557908
5,UPFC_tse,5-15,-2.1243290623781386,39,-2.136839258184921,MAP_PMU,9,0.012510195806782587
0,x_tcsc,1-14,-0.10885405931550862,40,-0.1088307202502758,MAP_PMU,9,2.333906523281637e-05
1,B_svc,2,0.17792932091994318,40,0.17750443286609066,MAP_PMU,9,0.00042488805385251793
2,UPFC_Vsh,5-15,1.1119896078918796,40,1.1094107399366555,MAP_PMU,9,0.0025788679552241067
3,UPFC_tsh,5-15,-0.23458376420683924,40,-0.23457720339960228,MAP_PMU,9,6.560807236960509e-06
4,UPFC_Vse,5-15,0.05826669068762724,40,0.059353713384124616,MAP_PMU,9,0.0010870226964973737
5,UPFC_tse,5-15,-2.1232320916026173,40,-2.136839258184921,MAP_PMU,9,0.013607166582303876
0,x_tcsc,1-14,-0.10887127885752967,41,-0.1088307202502758,MAP_PMU,9,4.0558607253868284e-05
1,B_svc,2,0.17721828891847777,41,0.17750443286609066,MAP_PMU,9,0.0002861439476128935
2,UPFC_Vsh,5-15,1.1114690720630618,41,1.1094107399366555,MAP_PMU,9,0.0020583321264062704
3,UPFC_tsh,5-15,-0.23455570180882224,41,-0.23457720339960228,MAP_PMU,9,2.15015907800431e-05
4,UPFC_Vse,5-15,0.05784810238222714,41,0.059353713384124616,MAP_PMU,9,0.0015056110018974792
5,UPFC_tse,5-15,-2.120982529538891,41,-2.136839258184921,MAP_PMU,9,0.01585672864603005
0,x_tcsc,1-14,-0.10883741444128,42,-0.1088307202502758,MAP_PMU,9,6.694191004200101e-06
1,B_svc,2,0.17753924510971172,42,0.17750443286609066,MAP_PMU,9,3.4812243621062944e-05
2,UPFC_Vsh,5-15,1.1116290889027354,42,1.1094107399366555,MAP_PMU,9,0.002218348966079864
3,UPFC_tsh,5-15,-0.2344995392597407,42,-0.23457720339960228,MAP_PMU,9,7.766413986157183e-05
4,UPFC_Vse,5-15,0.05794542360129562,42,0.059353713384124616,MAP_PMU,9,0.0014082897828289961
5,UPFC_tse,5-15,-2.1268721438102025,42,-2.136839258184921,MAP_PMU,9,0.009967114374718644
0,x_tcsc,1-14,-0.1088334968034696,43,-0.1088307202502758,MAP_PMU,9,2.7765531937923305e-06
1,B_svc,2,0.17735248567266132,43,0.17750443286609066,MAP_PMU,9,0.0001519471934293415
2,UPFC_Vsh,5-15,1.1116219579947693,43,1.1094107399366555,MAP_PMU,9,0.002211218058113751
3,UPFC_tsh,5-15,-0.23447967694542232,43,-0.23457720339960228,MAP_PMU,9,9.752645417995809e-05
4,UPFC_Vse,5-15,0.058041361102584725,43,0.059353713384124616,MAP_PMU,9,0.0013123522815398914
5,UPFC_tse,5-15,-2.111816810699318,43,-2.136839258184921,MAP_PMU,9,0.025022447485603116
0,x_tcsc,1-14,-0.10885476131415991,44,-0.1088307202502758,MAP_PMU,9,2.404106388410876e-05
1,B_svc,2,0.17759818146274864,44,0.17750443286609066,MAP_PMU,9,9.374859665797763e-05
2,UPFC_Vsh,5-15,1.111595616259623,44,1.1094107399366555,MAP_PMU,9,0.0021848763229674883
3,UPFC_tsh,5-15,-0.23461662792386803,44,-0.23457720339960228,MAP_PMU,9,3.942452426575205e-05
4,UPFC_Vse,5-15,0.05862498425261442,44,0.059353713384124616,MAP_PMU,9,0.000728729131510196
5,UPFC_tse,5-15,-2.1155871297658413,44,-2.136839258184921,MAP_PMU,9,0.021252128419079863
0,x_tcsc,1-14,-0.10883603797130238,45,-0.1088307202502758,MAP_PMU,9,5.317721026576461e-06
1,B_svc,2,0.17749426516762212,45,0.17750443286609066,MAP_PMU,9,1.0167698468538378e-05
2,UPFC_Vsh,5-15,1.1116704743549586,45,1.1094107399366555,MAP_PMU,9,0.002259734418303072
3,UPFC_tsh,5-15,-0.23452939542437606,45,-0.23457720339960228,MAP_PMU,9,4.780797522621616e-05
4,UPFC_Vse,5-15,0.0580999707880969,45,0.059353713384124616,MAP_PMU,9,0.0012537425960277154
5,UPFC_tse,5-15,-2.114193195300353,45,-2.136839258184921,MAP_PMU,9,0.022646062884568163
0,x_tcsc,1-14,-0.10884185653274597,46,-0.1088307202502758,MAP_PMU,9,1.113628247016718e-05
1,B_svc,2,0.17759923564015065,46,0.17750443286609066,MAP_PMU,9,9.480277405998772e-05
2,UPFC_Vsh,5-15,1.1119036989056503,46,1.1094107399366555,MAP_PMU,9,0.0024929589689948184
3,UPFC_tsh,5-15,-0.23449587581384823,46,-0.23457720339960228,MAP_PMU,9,8.132758575404853e-05
4,UPFC_Vse,5-15,0.057533440053668186,46,0.059353713384124616,MAP_PMU,9,0.0018202733304564303
5,UPFC_tse,5-15,-2.1196143286009694,46,-2.136839258184921,MAP_PMU,9,0.01722492958395172
0,x_tcsc,1-14,-0.10886050398679657,47,-0.1088307202502758,MAP_PMU,9,2.978373652076649e-05
1,B_svc,2,0.17735996237173401,47,0.17750443286609066,MAP_PMU,9,0.0001444704943566466
2,UPFC_Vsh,5-15,1.1116841109842786,47,1.1094107399366555,MAP_PMU,9,0.0022733710476230407
3,UPFC_tsh,5-15,-0.23453207722935906,47,-0.23457720339960228,MAP_PMU,9,4.512617024321486e-05
4,UPFC_Vse,5-15,0.05844164951188269,47,0.059353713384124616,MAP_PMU,9,0.0009120638722419291
5,UPFC_tse,5-15,-2.1242248040943155,47,-2.136839258184921,MAP_PMU,9,0.012614454090605687
0,x_tcsc,1-14,-0.10882691926692098,48,-0.1088307202502758,MAP_PMU,9,3.8009833548263705e-06
1,B_svc,2,0.17781751008450472,48,0.17750443286609066,MAP_PMU,9,0.00031307721841405955
2,UPFC_Vsh,5-15,1.1120953364112585,48,1.1094107399366555,MAP_PMU,9,0.0026845964746029516
3,UPFC_tsh,5-15,-0.23450434094491673,48,-0.23457720339960228,MAP_PMU,9,7.286245468554609e-05
4,UPFC_Vse,5-15,0.05818395009568502,48,0.059353713384124616,MAP_PMU,9,0.0011697632884395959
5,UPFC_tse,5-15,-2.114105904895396,48,-2.136839258184921,MAP_PMU,9,0.022733353289525304
0,x_tcsc,1-14,-0.10883618730323506,49,-0.1088307202502758,MAP_PMU,9,5.4670529592570904e-06
1,B_svc,2,0.17748186800214547,49,0.17750443286609066,MAP_PMU,9,2.2564863945195857e-05
2,UPFC_Vsh,5-15,1.111495351529801,49,1.1094107399366555,MAP_PMU,9,0.0020846115931454356
3,UPFC_tsh,5-15,-0.23459910827897515,49,-0.23457720339960228,MAP_PMU,9,2.1904879372869335e-05
4,UPFC_Vse,5-15,0.058004773764295754,49,0.059353713384124616,MAP_PMU,9,0.0013489396198288622
5,UPFC_tse,5-15,-2.1191282349068072,49,-2.136839258184921,MAP_PMU,9,0.017711023278113913
0,x_tcsc,1-14,-0.10884403526943076,50,-0.1088307202502758,MAP_PMU,9,1.3315019154955254e-05
1,B_svc,2,0.1772423848649942,50,0.17750443286609066,MAP_PMU,9,0.00026204800109647097
2,UPFC_Vsh,5-15,1.111402133764291,50,1.1094107399366555,MAP_PMU,9,0.001991393827635468
3,UPFC_tsh,5-15,-0.23451136199328776,50,-0.23457720339960228,MAP_PMU,9,6.584140631452073e-05
4,UPFC_Vse,5-15,0.05820890535315574,50,0.059353713384124616,MAP_PMU,9,0.0011448080309688774
5,UPFC_tse,5-15,-2.127782439813909,50,-2.136839258184921,MAP_PMU,9,0.009056818371012021
0,x_tcsc,1-14,-0.1088027676209277,51,-0.1088307202502758,MAP_PMU,9,2.7952629348099167e-05
1,B_svc,2,0.177851986149434,51,0.17750443286609066,MAP_PMU,9,0.00034755328334334923
2,UPFC_Vsh,5-15,1.1116922453698503,51,1.1094107399366555,MAP_PMU,9,0.0022815054331948303
3,UPFC_tsh,5-15,-0.23452691919503615,51,-0.23457720339960228,MAP_PMU,9,5.028420456612559e-05
4,UPFC_Vse,5-15,0.05812178670039503,51,0.059353713384124616,MAP_PMU,9,0.001231926683729588
5,UPFC_tse,5-15,-2.1216197221275355,51,-2.136839258184921,MAP_PMU,9,0.015219536057385685
0,x_tcsc,1-14,-0.10884822163465276,52,-0.1088307202502758,MAP_PMU,9,1.7501384376950035e-05
1,B_svc,2,0.17774077100197488,52,0.17750443286609066,MAP_PMU,9,0.00023633813588422314
2,UPFC_Vsh,5-15,1.1117347795628238,52,1.1094107399366555,MAP_PMU,9,0.0023240396261683394
3,UPFC_tsh,5-15,-0.23447793242235035,52,-0.23457720339960228,MAP_PMU,9,9.927097725193068e-05
4,UPFC_Vse,5-15,0.05804138264375085,52,0.059353713384124616,MAP_PMU,9,0.0013123307403737697
5,UPFC_tse,5-15,-2.1243035118986886,52,-2.136839258184921,MAP_PMU,9,0.012535746286232552
0,x_tcsc,1-14,-0.10883172534211015,53,-0.1088307202502758,MAP_PMU,9,1.0050918343440518e-06
1,B_svc,2,0.17718476686236434,53,0.17750443286609066,MAP_PMU,9,0.00031966600372632104
2,UPFC_Vsh,5-15,1.1118123318391024,53,1.1094107399366555,MAP_PMU,9,0.002401591902446931
3,UPFC_tsh,5-15,-0.23450809331774305,53,-0.23457720339960228,MAP_PMU,9,6.911008185922496e-05
4,UPFC_Vse,5-15,0.057694829581897984,53,0.059353713384124616,MAP_PMU,9,0.0016588838022266322
5,UPFC_tse,5-15,-2.1069032129411855,53,-2.136839258184921,MAP_PMU,9,0.02993604524373561
0,x_tcsc,1-14,-0.10885894257176644,54,-0.1088307202502758,MAP_PMU,9,2.8222321490634084e-05
1,B_svc,2,0.17811399544018577,54,0.17750443286609066,MAP_PMU,9,0.0006095625740951127
2,UPFC_Vsh,5-15,1.111679618133387,54,1.1094107399366555,MAP_PMU,9,0.002268878196731494
3,UPFC_tsh,5-15,-0.23452459462428887,54,-0.23457720339960228,MAP_PMU,9,5.260877531340635e-05
4,UPFC_Vse,5-15,0.05782885348007196,54,0.059353713384124616,MAP_PMU,9,0.0015248599040526556
5,UPFC_tse,5-15,-2.1120506379101984,54,-2.136839258184921,MAP_PMU,9,0.024788620274722728
0,x_tcsc,1-14,-0.1088750810439946,55,-0.1088307202502758,MAP_PMU,9,4.436079371879231e-05
1,B_svc,2,0.17735303002820418,55,0.17750443286609066,MAP_PMU,9,0.00015140283788647735
2,UPFC_Vsh,5-15,1.1119797895903039,55,1.1094107399366555,MAP_PMU,9,0.0025690496536483476
3,UPFC_tsh,5-15,-0.23456369495342982,55,-0.23457720339960228,MAP_PMU,9,1.3508446172455502e-05
4,UPFC_Vse,5-15,0.05827597422094014,55,0.059353713384124616,MAP_PMU,9,0.001077739163184474
5,UPFC_tse,5-15,-2.123902252534308,55,-2.136839258184921,MAP_PMU,9,0.012937005650613287
0,x_tcsc,1-14,-0.10884803140151635,56,-0.1088307202502758,MAP_PMU,9,1.7311151240539946e-05
1,B_svc,2,0.17793775844126594,56,0.17750443286609066,MAP_PMU,9,0.0004333255751752807
2,UPFC_Vsh,5-15,1.1114979864697856,56,1.1094107399366555,MAP_PMU,9,0.0020872465331300827
3,UPFC_tsh,5-15,-0.23455997846290333,56,-0.23457720339960228,MAP_PMU,9,1.7224936698950755e-05
4,UPFC_Vse,5-15,0.057958822947533836,56,0.059353713384124616,MAP_PMU,9,0.0013948904365907802
5,UPFC_tse,5-15,-2.121856038676968,56,-2.136839258184921,MAP_PMU,9,0.014983219507953116
0,x_tcsc,1-14,-0.10885339566856105,57,-0.1088307202502758,MAP_PMU,9,2.2675418285239557e-05
1,B_svc,2,0.17714009002653117,57,0.17750443286609066,MAP_PMU,9,0.000364342839559495
2,UPFC_Vsh,5-15,1.1119328963860298,57,1.1094107399366555,MAP_PMU,9,0.0025221564493742576
3,UPFC_tsh,5-15,-0.23450813881078944,57,-0.23457720339960228,MAP_PMU,9,6.906458881283939e-05
4,UPFC_Vse,5-15,0.0581571694577775,57,0.059353713384124616,MAP_PMU,9,0.0011965439263471184
5,UPFC_tse,5-15,-2.1088988427687516,57,-2.136839258184921,MAP_PMU,9,0.02794041541616954
0,x_tcsc,1-14,-0.10885005059242399,58,-0.1088307202502758,MAP_PMU,9,1.9330342148182744e-05
1,B_svc,2,0.17739624742158439,58,0.17750443286609066,MAP_PMU,9,0.00010818544450627576
2,UPFC_Vsh,5-15,1.1117357894959534,58,1.1094107399366555,MAP_PMU,9,0.0023250495592979092
3,UPFC_tsh,5-15,-0.23455700171942412,58,-0.23457720339960228,MAP_PMU,9,2.0201680178161263e-05
4,UPFC_Vse,5-15,0.05767408230440949,58,0.059353713384124616,MAP_PMU,9,0.0016796310797151243
5,UPFC_tse,5-15,-2.1251655068496773,58,-2.136839258184921,MAP_PMU,9,0.011673751335243843
0,x_tcsc,1-14,-0.10885551492624021,59,-0.1088307202502758,MAP_PMU,9,2.47946759644041e-05
1,B_svc,2,0.17742841868165576,59,0.17750443286609066,MAP_PMU,9,7.601418443489716e-05
2,UPFC_Vsh,5-15,1.111888716823288,59,1.1094107399366555,MAP_PMU,9,0.002477976886632538
3,UPFC_tsh,5-15,-0.23449552350902705,59,-0.23457720339960228,MAP_PMU,9,8.167989057522584e-05
4,UPFC_Vse,5-15,0.05820512787002654,59,0.059353713384124616,MAP_PMU,9,0.0011485855140980772
5,UPFC_tse,5-15,-2.107350363989158,59,-2.136839258184921,MAP_PMU,9,0.02948889419576295
0,x_tcsc,1-14,-0.10883693988935823,60,-0.1088307202502758,MAP_PMU,9,6.219639082427619e-06
1,B_svc,2,0.17752709665930863,60,0.17750443286609066,MAP_PMU,9,2.266379321796963e-05
2,UPFC_Vsh,5-15,1.1116260044395474,60,1.1094107399366555,MAP_PMU,9,0.0022152645028918894
3,UPFC_tsh,5-15,-0.23449594738516882,60,-0.23457720339960228,MAP_PMU,9,8.12560144334562e-05
4,UPFC_Vse,5-15,0.058334449819350244,60,0.059353713384124616,MAP_PMU,9,0.0010192635647743725
5,UPFC_tse,5-15,-2.1161094720685094,60,-2.136839258184921,MAP_PMU,9,0.02072978611641174
0,x_tcsc,1-14,-0.10883336055605282,61,-0.1088307202502758,MAP_PMU,9,2.640305777013019e-06
1,B_svc,2,0.17713113684447482,61,0.17750443286609066,MAP_PMU,9,0.0003732960216158432
2,UPFC_Vsh,5-15,1.1119175426584051,61,1.1094107399366555,MAP_PMU,9,0.0025068027217496347
3,UPFC_tsh,5-15,-0.2345074629074259,61,-0.23457720339960228,MAP_PMU,9,6.97404921763678e-05
4,UPFC_Vse,5-15,0.058044674873688716,61,0.059353713384124616,MAP_PMU,9,0.0013090385104359004
5,UPFC_tse,5-15,-2.1110015168505365,61,-2.136839258184921,MAP_PMU,9,0.025837741334384656
0,x_tcsc,1-14,-0.10885442634656237,62,-0.1088307202502758,MAP_PMU,9,2.3706096286560396e-05
1,B_svc,2,0.17769157860115417,62,0.17750443286609066,MAP_PMU,9,0.00018714573506350973
2,UPFC_Vsh,5-15,1.1111626599324544,62,1.1094107399366555,MAP_PMU,9,0.001751919995798934
3,UPFC_tsh,5-15,-0.2346010582119176,62,-0.23457720339960228,MAP_PMU,9,2.3854812315315943e-05
4,UPFC_Vse,5-15,0.05855023360275908,62,0.059353713384124616,MAP_PMU,9,0.0008034797813655375
5,UPFC_tse,5-15,-2.1317301357374734,62,-2.136839258184921,MAP_PMU,9,0.005109122447447767
0,x_tcsc,1-14,-0.10883023117849969,63,-0.1088307202502758,MAP_PMU,9,4.89071776119121e-07
1,B_svc,2,0.1776017185190859,63,0.17750443286609066,MAP_PMU,9,9.728565299524372e-05
2,UPFC_Vsh,5-15,1.1115902875294854,63,1.1094107399366555,MAP_PMU,9,0.0021795475928299
3,UPFC_tsh,5-15,-0.2345888790384562,63,-0.23457720339960228,MAP_PMU,9,1.1675638853930748e-05
4,UPFC_Vse,5-15,0.05807214283722106,63,0.059353713384124616,MAP_PMU,9,0.0012815705469035599
5,UPFC_tse,5-15,-2.1220686536004165,63,-2.136839258184921,MAP_PMU,9,0.014770604584504632
0,x_tcsc,1-14,-0.10886321083841094,64,-0.1088307202502758,MAP_PMU,9,3.2490588135133947e-05
1,B_svc,2,0.1775690203924966,64,0.17750443286609066,MAP_PMU,9,6.458752640595145e-05
2,UPFC_Vsh,5-15,1.1117770883557536,64,1.1094107399366555,MAP_PMU,9,0.0023663484190981077
3,UPFC_tsh,5-15,-0.23450084632581802,64,-0.23457720339960228,MAP_PMU,9,7.63570737842556e-05
4,UPFC_Vse,5-15,0.05822374705822695,64,0.059353713384124616,MAP_PMU,9,0.001129966325897666
5,UPFC_tse,5-15,-2.1264177829115107,64,-2.136839258184921,MAP_PMU,9,0.010421475273410419
0,x_tcsc,1-14,-0.10883397777757677,65,-0.1088307202502758,MAP_PMU,9,3.2575273009594063e-06
1,B_svc,2,0.1774784989428136,65,0.17750443286609066,MAP_PMU,9,2.593392327707167e-05
2,UPFC_Vsh,5-15,1.111581500521293,65,1.1094107399366555,MAP_PMU,9,0.002170760584637499
3,UPFC_tsh,5-15,-0.23460579683998348,65,-0.23457720339960228,MAP_PMU,9,2.8593440381197155e-05
4,UPFC_Vse,5-15,0.05833950387314148,65,0.059353713384124616,MAP_PMU,9,0.0010142095109831398
5,UPFC_tse,5-15,-2.12470424285892,65,-2.136839258184921,MAP_PMU,9,0.012135015326001142
0,x_tcsc,1-14,-0.10885766234956169,66,-0.1088307202502758,MAP_PMU,9,2.694209928588709e-05
1,B_svc,2,0.17760402139898762,66,0.17750443286609066,MAP_PMU,9,9.958853289696035e-05
2,UPFC_Vsh,5-15,1.1122121185215434,66,1.1094107399366555,MAP_PMU,9,0.002801378584887937
3,UPFC_tsh,5-15,-0.2344762161061915,66,-0.23457720339960228,MAP_PMU,9,0.00010098729341079249
4,UPFC_Vse,5-15,0.05843048611129021,66,0.059353713384124616,MAP_PMU,9,0.0009232272728344065
5,UPFC_tse,5-15,-2.1186943624203467,66,-2.136839258184921,MAP_PMU,9,0.018144895764574454
0,x_tcsc,1-14,-0.10888792391005245,67,-0.1088307202502758,MAP_PMU,9,5.720365977664177e-05
1,B_svc,2,0.17722121003618607,67,0.17750443286609066,MAP_PMU,9,0.00028322282990458914
2,UPFC_Vsh,5-15,1.1116202787575113,67,1.1094107399366555,MAP_PMU,9,0.0022095388208558386
3,UPFC_tsh,5-15,-0.23458714394680077,67,-0.23457720339960228,MAP_PMU,9,9.940547198494798e-06
4,UPFC_Vse,5-15,0.05818011273886146,67,0.059353713384124616,MAP_PMU,9,0.0011736006452631592
5,UPFC_tse,5-15,-2.1226064504146644,67,-2.136839258184921,MAP_PMU,9,0.014232807770256706
0,x_tcsc,1-14,-0.10886243765038299,68,-0.1088307202502758,MAP_PMU,9,3.1717400107184046e-05
1,B_svc,2,0.17763247653156458,68,0.17750443286609066,MAP_PMU,9,0.00012804366547392032
2,UPFC_Vsh,5-15,1.112079467703043,68,1.1094107399366555,MAP_PMU,9,0.002668727766387491
3,UPFC_tsh,5-15,-0.23451952815581495,68,-0.23457720339960228,MAP_PMU,9,5.767524378733069e-05
4,UPFC_Vse,5-15,0.058363363576453005,68,0.059353713384124616,MAP_PMU,9,0.0009903498076716116
5,UPFC_tse,5-15,-2.1199617470802914,68,-2.136839258184921,MAP_PMU,9,0.01687751110462976
0,x_tcsc,1-14,-0.10883477395692057,69,-0.1088307202502758,MAP_PMU,9,4.0537066447604575e-06
1,B_svc,2,0.1779854167295656,69,0.17750443286609066,MAP_PMU,9,0.0004809838634749486
2,UPFC_Vsh,5-15,1.1117806998866113,69,1.1094107399366555,MAP_PMU,9,0.0023699599499558133
3,UPFC_tsh,5-15,-0.23451072057102035,69,-0.23457720339960228,MAP_PMU,9,6.648282858193189e-05
4,UPFC_Vse,5-15,0.05798387526145147,69,0.059353713384124616,MAP_PMU,9,0.0013698381226731476
5,UPFC_tse,5-15,-2.1231059080504795,69,-2.136839258184921,MAP_PMU,9,0.013733350134441658
0,x_tcsc,1-14,-0.10883573086197298,70,-0.1088307202502758,MAP_PMU,9,5.010611697178757e-06
1,B_svc,2,0.1771342637926633,70,0.17750443286609066,MAP_PMU,9,0.00037016907342735106
2,UPFC_Vsh,5-15,1.1113826713989001,70,1.1094107399366555,MAP_PMU,9,0.001971931462244614
3,UPFC_tsh,5-15,-0.23456525341997292,70,-0.23457720339960228,MAP_PMU,9,1.1949979629360952e-05
4,UPFC_Vse,5-15,0.058415855503310125,70,0.059353713384124616,MAP_PMU,9,0.0009378578808144911
5,UPFC_tse,5-15,-2.1246579239139955,70,-2.136839258184921,MAP_PMU,9,0.012181334270925603
0,x_tcsc,1-14,-0.10886827623247523,71,-0.1088307202502758,MAP_PMU,9,3.755598219942757e-05
1,B_svc,2,0.17743022589922244,71,0.17750443286609066,MAP_PMU,9,7.42069668682177e-05
2,UPFC_Vsh,5-15,1.111796050596764,71,1.1094107399366555,MAP_PMU,9,0.002385310660108386
3,UPFC_tsh,5-15,-0.23457768120535985,71,-0.23457720339960228,MAP_PMU,9,4.778057575705041e-07
4,UPFC_Vse,5-15,0.05821311312875127,71,0.059353713384124616,MAP_PMU,9,0.001140600255373346
5,UPFC_tse,5-15,-2.115727320326143,71,-2.136839258184921,MAP_PMU,9,0.021111937858778074
0,x_tcsc,1-14,-0.10885041673290699,72,-0.1088307202502758,MAP_PMU,9,1.969648263118462e-05
1,B_svc,2,0.17782912150521543,72,0.17750443286609066,MAP_PMU,9,0.00032468863912477053
2,UPFC_Vsh,5-15,1.1117978741860328,72,1.1094107399366555,MAP_PMU,9,0.0023871342493773096
3,UPFC_tsh,5-15,-0.23457179358367058,72,-0.23457720339960228,MAP_PMU,9,5.4098159316950944e-06
4,UPFC_Vse,5-15,0.05784733892451105,72,0.059353713384124616,MAP_PMU,9,0.0015063744596135673
5,UPFC_tse,5-15,-2.114617743833203,72,-2.136839258184921,MAP_PMU,9,0.022221514351718152
0,x_tcsc,1-14,-0.10882707596826383,73,-0.1088307202502758,MAP_PMU,9,3.6442820119803043e-06
1,B_svc,2,0.17763837190215698,73,0.17750443286609066,MAP_PMU,9,0.00013393903606631619
2,UPFC_Vsh,5-15,1.1115595373361558,73,1.1094107399366555,MAP_PMU,9,0.0021487973995002463
3,UPFC_tsh,5-15,-0.2345923189437706,73,-0.23457720339960228,MAP_PMU,9,1.5115544168331496e-05
4,UPFC_Vse,5-15,0.05821586958813278,73,0.059353713384124616,MAP_PMU,9,0.0011378437959918344
5,UPFC_tse,5-15,-2.1288136460188305,73,-2.136839258184921,MAP_PMU,9,0.008025612166090657
0,x_tcsc,1-14,-0.1088823112577876,74,-0.1088307202502758,MAP_PMU,9,5.1591007511800346e-05
1,B_svc,2,0.17759694749216223,74,0.17750443286609066,MAP_PMU,9,9.251462607157146e-05
2,UPFC_Vsh,5-15,1.111772552285009,74,1.1094107399366555,MAP_PMU,9,0.0023618123483535314
3,UPFC_tsh,5-15,-0.23455837143448877,74,-0.23457720339960228,MAP_PMU,9,1.8831965113513816e-05
4,UPFC_Vse,5-15,0.05834550014803033,74,0.059353713384124616,MAP_PMU,9,0.0010082132360942839
5,UPFC_tse,5-15,-2.1259751555233444,74,-2.136839258184921,MAP_PMU,9,0.01086410266157678
0,x_tcsc,1-14,-0.1088348327113341,75,-0.1088307202502758,MAP_PMU,9,4.1124610582893295e-06
1,B_svc,2,0.1774809115764019,75,0.17750443286609066,MAP_PMU,9,2.352128968877154e-05
2,UPFC_Vsh,5-15,1.1117335464474465,75,1.1094107399366555,MAP_PMU,9,0.0023228065107909757
3,UPFC_tsh,5-15,-0.23456091135145427,75,-0.23457720339960228,MAP_PMU,9,1.6292048148014437e-05
4,UPFC_Vse,5-15,0.058199803982398324,75,0.059353713384124616,MAP_PMU,9,0.0011539094017262927
5,UPFC_tse,5-15,-2.1247282655184945,75,-2.136839258184921,MAP_PMU,9,0.012110992666426679
0,x_tcsc,1-14,-0.10881047186124472,76,-0.1088307202502758,MAP_PMU,9,2.0248389031085612e-05
1,B_svc,2,0.17785204976063737,76,0.17750443286609066,MAP_PMU,9,0.0003476168945467095
2,UPFC_Vsh,5-15,1.1121282133368153,76,1.1094107399366555,MAP_PMU,9,0.00271747340015982
3,UPFC_tsh,5-15,-0.234474905870506,76,-0.23457720339960228,MAP_PMU,9,0.00010229752909626799
4,UPFC_Vse,5-15,0.05831496130100877,76,0.059353713384124616,MAP_PMU,9,0.0010387520831158445
5,UPFC_tse,5-15,-2.107732049458003,76,-2.136839258184921,MAP_PMU,9,0.029107208726918188
0,x_tcsc,1-14,-0.1088542303559411,77,-0.1088307202502758,MAP_PMU,9,2.3510105665300318e-05
1,B_svc,2,0.17771027611189696,77,0.17750443286609066,MAP_PMU,9,0.0002058432458063031
2,UPFC_Vsh,5-15,1.1113742961290354,77,1.1094107399366555,MAP_PMU,9,0.0019635561923798672
3,UPFC_tsh,5-15,-0.2345862232626724,77,-0.23457720339960228,MAP_PMU,9,9.019863070114376e-06
4,UPFC_Vse,5-15,0.05838785851309478,77,0.059353713384124616,MAP_PMU,9,0.0009658548710298337
5,UPFC_tse,5-15,-2.1150247965530666,77,-2.136839258184921,MAP_PMU,9,0.02181446163185452
0,x_tcsc,1-14,-0.10884487603409433,78,-0.1088307202502758,MAP_PMU,9,1.415578381852578e-05
1,B_svc,2,0.1772216702840624,78,0.17750443286609066,MAP_PMU,9,0.0002827625820282509
2,UPFC_Vsh,5-15,1.11188966510263,78,1.1094107399366555,MAP_PMU,9,0.002478925165974477
3,UPFC_tsh,5-15,-0.23444550111785634,78,-0.23457720339960228,MAP_PMU,9,0.00013170228174594345
4,UPFC_Vse,5-15,0.0581572934487471,78,0.059353713384124616,MAP_PMU,9,0.0011964199353775157
5,UPFC_tse,5-15,-2.112984459729805,78,-2.136839258184921,MAP_PMU,9,0.02385479845511629
0,x_tcsc,1-14,-0.10883584367711781,79,-0.1088307202502758,MAP_PMU,9,5.123426842001955e-06
1,B_svc,2,0.17772935056013967,79,0.17750443286609066,MAP_PMU,9,0.00022491769404900386
2,UPFC_Vsh,5-15,1.111757462808058,79,1.1094107399366555,MAP_PMU,9,0.0023467228714024735
3,UPFC_tsh,5-15,-0.23451572487485922,79,-0.23457720339960228,MAP_PMU,9,6.147852474305826e-05
4,UPFC_Vse,5-15,0.05796703261119496,79,0.059353713384124616,MAP_PMU,9,0.001386680772929659
5,UPFC_tse,5-15,-2.1200069317127115,79,-2.136839258184921,MAP_PMU,9,0.01683232647220967
0,x_tcsc,1-14,-0.10883245779148754,80,-0.1088307202502758,MAP_PMU,9,1.737541211729865e-06
1,B_svc,2,0.17756301753543252,80,0.17750443286609066,MAP_PMU,9,5.858466934186013e-05
2,UPFC_Vsh,5-15,1.1119479699999455,80,1.1094107399366555,MAP_PMU,9,0.002537230063289986
3,UPFC_tsh,5-15,-0.23449842906961385,80,-0.23457720339960228,MAP_PMU,9,7.877432998842915e-05
4,UPFC_Vse,5-15,0.0580556797783441,80,0.059353713384124616,MAP_PMU,9,0.001298033605780513
5,UPFC_tse,5-15,-2.122548750079776,80,-2.136839258184921,MAP_PMU,9,0.014290508105144983
0,x_tcsc,1-14,-0.1088384130823465,81,-0.1088307202502758,MAP_PMU,9,7.692832070693711e-06
1,B_svc,2,0.1773860452986363,81,0.17750443286609066,MAP_PMU,9,0.00011838756745435886
2,UPFC_Vsh,5-15,1.111551792960823,81,1.1094107399366555,MAP_PMU,9,0.0021410530241674497
3,UPFC_tsh,5-15,-0.23449688992964124,81,-0.23457720339960228,MAP_PMU,9,8.031346996104083e-05
4,UPFC_Vse,5-15,0.05761154689032367,81,0.059353713384124616,MAP_PMU,9,0.001742166493800948
5,UPFC_tse,5-15,-2.126625725359837,81,-2.136839258184921,MAP_PMU,9,0.010213532825084304
0,x_tcsc,1-14,-0.10884587042185134,82,-0.1088307202502758,MAP_PMU,9,1.5150171575536997e-05
1,B_svc,2,0.17752075200097917,82,0.17750443286609066,MAP_PMU,9,1.6319134888503894e-05
2,UPFC_Vsh,5-15,1.1117125910190142,82,1.1094107399366555,MAP_PMU,9,0.002301851082358697
3,UPFC_tsh,5-15,-0.2344759408114156,82,-0.23457720339960228,MAP_PMU,9,0.00010126258818668465
4,UPFC_Vse,5-15,0.057982117769596796,82,0.059353713384124616,MAP_PMU,9,0.0013715956145278208
5,UPFC_tse,5-15,-2.1141310112376206,82,-2.136839258184921,MAP_PMU,9,0.02270824694730056
0,x_tcsc,1-14,-0.1088568782952102,83,-0.1088307202502758,MAP_PMU,9,2.6158044934387892e-05
1,B_svc,2,0.17787007360256196,83,0.17750443286609066,MAP_PMU,9,0.000365640736471301
2,UPFC_Vsh,5-15,1.111773728153649,83,1.1094107399366555,MAP_PMU,9,0.0023629882169935446
3,UPFC_tsh,5-15,-0.234471185337641,83,-0.23457720339960228,MAP_PMU,9,0.00010601806196128272
4,UPFC_Vse,5-15,0.05806268149406418,83,0.059353713384124616,MAP_PMU,9,0.0012910318900604331
5,UPFC_tse,5-15,-2.1135011510257065,83,-2.136839258184921,MAP_PMU,9,0.023338107159214694
0,x_tcsc,1-14,-0.10885482575872805,84,-0.1088307202502758,MAP_PMU,9,2.4105508452249014e-05
1,B_svc,2,0.17752056060584068,84,0.17750443286609066,MAP_PMU,9,1.6127739750015913e-05
2,UPFC_Vsh,5-15,1.1119787642639518,84,1.1094107399366555,MAP_PMU,9,0.0025680243272963033
3,UPFC_tsh,5-15,-0.234529437720958,84,-0.23457720339960228,MAP_PMU,9,4.7765678644284826e-05
4,UPFC_Vse,5-15,0.05843027252747867,84,0.059353713384124616,MAP_PMU,9,0.0009234408566459462
5,UPFC_tse,5-15,-2.1187071349817934,84,-2.136839258184921,MAP_PMU,9,0.018132123203127737
0,x_tcsc,1-14,-0.10882949329097936,85,-0.1088307202502758,MAP_PMU,9,1.2269592964408993e-06
1,B_svc,2,0.17749397374791523,85,0.17750443286609066,MAP_PMU,9,1.0459118175432103e-05
2,UPFC_Vsh,5-15,1.1117659347751896,85,1.1094107399366555,MAP_PMU,9,0.0023551948385340804
3,UPFC_tsh,5-15,-0.23455249335498543,85,-0.23457720339960228,MAP_PMU,9,2.4710044616849114e-05
4,UPFC_Vse,5-15,0.057897673136487186,85,0.059353713384124616,MAP_PMU,9,0.0014560402476374301
5,UPFC_tse,5-15,-2.1229954619065814,85,-2.136839258184921,MAP_PMU,9,0.01384379627833976
0,x_tcsc,1-14,-0.10886991069282435,86,-0.1088307202502758,MAP_PMU,9,3.9190442548547866e-05
1,B_svc,2,0.17752427878789767,86,0.17750443286609066,MAP_PMU,9,1.984592180701017e-05
2,UPFC_Vsh,5-15,1.111889750988061,86,1.1094107399366555,MAP_PMU,9,0.0024790110514054664
3,UPFC_tsh,5-15,-0.23451592943174945,86,-0.23457720339960228,MAP_PMU,9,6.127396785282624e-05
4,UPFC_Vse,5-15,0.058236283942180694,86,0.059353713384124616,MAP_PMU,9,0.001117429441943922
5,UPFC_tse,5-15,-2.1155877543052277,86,-2.136839258184921,MAP_PMU,9,0.021251503879693434
0,x_tcsc,1-14,-0.10883876511458299,87,-0.1088307202502758,MAP_PMU,9,8.0448643071801e-06
1,B_svc,2,0.17757067889660066,87,0.17750443286609066,MAP_PMU,9,6.624603051000322e-05
2,UPFC_Vsh,5-15,1.1113836880455628,87,1.1094107399366555,MAP_PMU,9,0.0019729481089072465
3,UPFC_tsh,5-15,-0.23455452137581995,87,-0.23457720339960228,MAP_PMU,9,2.2682023782333305e-05
4,UPFC_Vse,5-15,0.057859251420297554,87,0.059353713384124616,MAP_PMU,9,0.0014944619638270623
5,UPFC_tse,5-15,-2.1242962265458565,87,-2.136839258184921,MAP_PMU,9,0.012543031639064672
0,x_tcsc,1-14,-0.10885044125627209,88,-0.1088307202502758,MAP_PMU,9,1.9721005996287122e-05
1,B_svc,2,0.17814707937997518,88,0.17750443286609066,MAP_PMU,9,0.000642646513884515
2,UPFC_Vsh,5-15,1.1115818728687188,88,1.1094107399366555,MAP_PMU,9,0.00217113293206328
3,UPFC_tsh,5-15,-0.23450943225682838,88,-0.23457720339960228,MAP_PMU,9,6.777114277389806e-05
4,UPFC_Vse,5-15,0.058151920734091346,88,0.059353713384124616,MAP_PMU,9,0.0012017926500332704
5,UPFC_tse,5-15,-2.1332181850935386,88,-2.136839258184921,MAP_PMU,9,0.0036210730913825984
0,x_tcsc,1-14,-0.10884439736212273,89,-0.1088307202502758,MAP_PMU,9,1.3677111846924217e-05
1,B_svc,2,0.17751404924185518,89,0.17750443286609066,MAP_PMU,9,9.61637576452068e-06
2,UPFC_Vsh,5-15,1.1118855578423164,89,1.1094107399366555,MAP_PMU,9,0.002474817905660842
3,UPFC_tsh,5-15,-0.23450631333701574,89,-0.23457720339960228,MAP_PMU,9,7.089006258653718e-05
4,UPFC_Vse,5-15,0.057962354170146224,89,0.059353713384124616,MAP_PMU,9,0.0013913592139783923
5,UPFC_tse,5-15,-2.1213986953746193,89,-2.136839258184921,MAP_PMU,9,0.015440562810301817
0,x_tcsc,1-14,-0.1088367418863239,90,-0.1088307202502758,MAP_PMU,9,6.0216360480980224e-06
1,B_svc,2,0.17719609137196657,90,0.17750443286609066,MAP_PMU,9,0.0003083414941240925
2,UPFC_Vsh,5-15,1.1114892066623574,90,1.1094107399366555,MAP_PMU,9,0.0020784667257018885
3,UPFC_tsh,5-15,-0.23447991087546372,90,-0.23457720339960228,MAP_PMU,9,9.72925241385647e-05
4,UPFC_Vse,5-15,0.05785313344888419,90,0.059353713384124616,MAP_PMU,9,0.0015005799352404287
5,UPFC_tse,5-15,-2.112955192210677,90,-2.136839258184921,MAP_PMU,9,0.023884065974244084
0,x_tcsc,1-14,-0.10882160533071152,91,-0.1088307202502758,MAP_PMU,9,9.114919564290336e-06
1,B_svc,2,0.17746369268499076,91,0.17750443286609066,MAP_PMU,9,4.074018109989641e-05
2,UPFC_Vsh,5-15,1.1117319682472278,91,1.1094107399366555,MAP_PMU,9,0.002321228310572243
3,UPFC_tsh,5-15,-0.23452390285231267,91,-0.23457720339960228,MAP_PMU,9,5.3300547289608646e-05
4,UPFC_Vse,5-15,0.0579993246252117,91,0.059353713384124616,MAP_PMU,9,0.0013543887589129167
5,UPFC_tse,5-15,-2.12511237938635,91,-2.136839258184921,MAP_PMU,9,0.01172687879857115
0,x_tcsc,1-14,-0.1088354456406719,92,-0.1088307202502758,MAP_PMU,9,4.725390396087548e-06
1,B_svc,2,0.17745860589319246,92,0.17750443286609066,MAP_PMU,9,4.5826972898205254e-05
2,UPFC_Vsh,5-15,1.111344323716911,92,1.1094107399366555,MAP_PMU,9,0.0019335837802554323
3,UPFC_tsh,5-15,-0.234589032429665,92,-0.23457720339960228,MAP_PMU,9,1.1829030062721069e-05
4,UPFC_Vse,5-15,0.058631028245604275,92,0.059353713384124616,MAP_PMU,9,0.0007226851385203417
5,UPFC_tse,5-15,-2.125707145374722,92,-2.136839258184921,MAP_PMU,9,0.011132112810199324
0,x_tcsc,1-14,-0.10883526720324506,93,-0.1088307202502758,MAP_PMU,9,4.546952969253226e-06
1,B_svc,2,0.17718421467144385,93,0.17750443286609066,MAP_PMU,9,0.0003202181946468097
2,UPFC_Vsh,5-15,1.1115073030231668,93,1.1094107399366555,MAP_PMU,9,0.002096563086511294
3,UPFC_tsh,5-15,-0.23448523826662473,93,-0.23457720339960228,MAP_PMU,9,9.196513297754505e-05
4,UPFC_Vse,5-15,0.05864126567743195,93,0.059353713384124616,MAP_PMU,9,0.0007124477066926677
5,UPFC_tse,5-15,-2.116038092109456,93,-2.136839258184921,MAP_PMU,9,0.020801166075465005
0,x_tcsc,1-14,-0.10884575519021146,94,-0.1088307202502758,MAP_PMU,9,1.503493993565419e-05
1,B_svc,2,0.17718835768936494,94,0.17750443286609066,MAP_PMU,9,0.0003160751767257164
2,UPFC_Vsh,5-15,1.1116390126448201,94,1.1094107399366555,MAP_PMU,9,0.0022282727081646136
3,UPFC_tsh,5-15,-0.2345228593780183,94,-0.23457720339960228,MAP_PMU,9,5.434402158396856e-05
4,UPFC_Vse,5-15,0.05765640591728129,94,0.059353713384124616,MAP_PMU,9,0.001697307466843323
5,UPFC_tse,5-15,-2.1165649921844754,94,-2.136839258184921,MAP_PMU,9,0.020274266000445795
0,x_tcsc,1-14,-0.10883703484976459,95,-0.1088307202502758,MAP_PMU,9,6.314599488785322e-06
1,B_svc,2,0.1775113034253754,95,0.17750443286609066,MAP_PMU,9,6.8705592847495556e-06
2,UPFC_Vsh,5-15,1.1117696411921822,95,1.1094107399366555,MAP_PMU,9,0.0023589012555267352
3,UPFC_tsh,5-15,-0.23447598831963695,95,-0.23457720339960228,MAP_PMU,9,0.00010121507996532775
4,UPFC_Vse,5-15,0.05850603566372328,95,0.059353713384124616,MAP_PMU,9,0.0008476777204013339
5,UPFC_tse,5-15,-2.111938621623339,95,-2.136839258184921,MAP_PMU,9,0.024900636561582257
0,x_tcsc,1-14,-0.10879854509282508,96,-0.1088307202502758,MAP_PMU,9,3.217515745072841e-05
1,B_svc,2,0.17703283474798837,96,0.17750443286609066,MAP_PMU,9,0.00047159811810229546
2,UPFC_Vsh,5-15,1.1117058046385944,96,1.1094107399366555,MAP_PMU,9,0.0022950647019388537
3,UPFC_tsh,5-15,-0.23453030645986267,96,-0.23457720339960228,MAP_PMU,9,4.689693973961018e-05
4,UPFC_Vse,5-15,0.05746512104282236,96,0.059353713384124616,MAP_PMU,9,0.0018885923413022587
5,UPFC_tse,5-15,-2.1174672901021063,96,-2.136839258184921,MAP_PMU,9,0.019371968082814828
0,x_tcsc,1-14,-0.10883518188679205,97,-0.1088307202502758,MAP_PMU,9,4.461636516239764e-06
1,B_svc,2,0.17772108343163157,97,0.17750443286609066,MAP_PMU,9,0.00021665056554090456
2,UPFC_Vsh,5-15,1.1119303986085765,97,1.1094107399366555,MAP_PMU,9,0.0025196586719209435
3,UPFC_tsh,5-15,-0.2345390184523007,97,-0.23457720339960228,MAP_PMU,9,3.8184947301567185e-05
4,UPFC_Vse,5-15,0.058362804240588415,97,0.059353713384124616,MAP_PMU,9,0.000990909143536202
5,UPFC_tse,5-15,-2.124750841558535,97,-2.136839258184921,MAP_PMU,9,0.012088416626386156
0,x_tcsc,1-14,-0.10884417613046427,98,-0.1088307202502758,MAP_PMU,9,1.3455880188459335e-05
1,B_svc,2,0.17745494894313235,98,0.17750443286609066,MAP_PMU,9,4.9483922958309945e-05
2,UPFC_Vsh,5-15,1.1114490329158258,98,1.1094107399366555,MAP_PMU,9,0.002038292979170242
3,UPFC_tsh,5-15,-0.23450954943114927,98,-0.23457720339960228,MAP_PMU,9,6.765396845301308e-05
4,UPFC_Vse,5-15,0.05821451580204706,98,0.059353713384124616,MAP_PMU,9,0.0011391975820775543
5,UPFC_tse,5-15,-2.11885973881525,98,-2.136839258184921,MAP_PMU,9,0.017979519369671237
0,x_tcsc,1-14,-0.108806944252595,99,-0.1088307202502758,MAP_PMU,9,2.377599768080274e-05
1,B_svc,2,0.17775215220687934,99,0.17750443286609066,MAP_PMU,9,0.0002477193407886824
2,UPFC_Vsh,5-15,1.1121339902690353,99,1.1094107399366555,MAP_PMU,9,0.0027232503323797452
3,UPFC_tsh,5-15,-0.2344295607669073,99,-0.23457720339960228,MAP_PMU,9,0.00014764263269498312
4,UPFC_Vse,5-15,0.05835483932174161,99,0.059353713384124616,MAP_PMU,9,0.0009988740623830053
5,UPFC_tse,5-15,-2.1178900057407755,99,-2.136839258184921,MAP_PMU,9,0.018949252444145692
0,x_tcsc,1-14,-0.10950467248813114,0,-0.10947218030394698,MAP_PMU,11,3.2492184184163e-05
1,B_svc,2,0.1779991232015555,0,0.17840466658361645,MAP_PMU,11,0.00040554338206094664
2,UPFC_Vsh,5-15,1.1114724924968915,0,1.1082294745220034,MAP_PMU,11,0.0032430179748881294
3,UPFC_tsh,5-15,-0.2331797449152781,0,-0.23325051147531872,MAP_PMU,11,7.076656004062487e-05
4,UPFC_Vse,5-15,0.058404120606019294,0,0.061199218680310745,MAP_PMU,11,0.002795098074291451
5,UPFC_tse,5-15,-2.1262290409664706,0,-2.1500574846163754,MAP_PMU,11,0.023828443649904774
0,x_tcsc,1-14,-0.10945457700328486,1,-0.10947218030394698,MAP_PMU,11,1.760330066212512e-05
1,B_svc,2,0.1786152551330824,1,0.17840466658361645,MAP_PMU,11,0.0002105885494659565
2,UPFC_Vsh,5-15,1.1114766084119037,1,1.1082294745220034,MAP_PMU,11,0.0032471338899002777
3,UPFC_tsh,5-15,-0.2331967733446409,1,-0.23325051147531872,MAP_PMU,11,5.373813067782729e-05
4,UPFC_Vse,5-15,0.05880855686642678,1,0.061199218680310745,MAP_PMU,11,0.0023906618138839625
5,UPFC_tse,5-15,-2.1240773574878933,1,-2.1500574846163754,MAP_PMU,11,0.025980127128482078
0,x_tcsc,1-14,-0.10950079914031689,2,-0.10947218030394698,MAP_PMU,11,2.8618836369911915e-05
1,B_svc,2,0.17866562460977592,2,0.17840466658361645,MAP_PMU,11,0.00026095802615946906
2,UPFC_Vsh,5-15,1.1118209280672315,2,1.1082294745220034,MAP_PMU,11,0.0035914535452281626
3,UPFC_tsh,5-15,-0.23312284162610333,2,-0.23325051147531872,MAP_PMU,11,0.00012766984921538937
4,UPFC_Vse,5-15,0.058699556414922166,2,0.061199218680310745,MAP_PMU,11,0.002499662265388579
5,UPFC_tse,5-15,-2.124959317010959,2,-2.1500574846163754,MAP_PMU,11,0.0250981676054165
0,x_tcsc,1-14,-0.10949479434317509,3,-0.10947218030394698,MAP_PMU,11,2.2614039228111005e-05
1,B_svc,2,0.1778556589856004,3,0.17840466658361645,MAP_PMU,11,0.0005490075980160436
2,UPFC_Vsh,5-15,1.111812788427231,3,1.1082294745220034,MAP_PMU,11,0.003583313905227703
3,UPFC_tsh,5-15,-0.23313356160896018,3,-0.23325051147531872,MAP_PMU,11,0.00011694986635854554
4,UPFC_Vse,5-15,0.058521760492779594,3,0.061199218680310745,MAP_PMU,11,0.002677458187531151
5,UPFC_tse,5-15,-2.1281940651717304,3,-2.1500574846163754,MAP_PMU,11,0.021863419444644983
0,x_tcsc,1-14,-0.10949412606910003,4,-0.10947218030394698,MAP_PMU,11,2.194576515304747e-05
1,B_svc,2,0.1787315606067551,4,0.17840466658361645,MAP_PMU,11,0.0003268940231386519
2,UPFC_Vsh,5-15,1.1117872055033964,4,1.1082294745220034,MAP_PMU,11,0.0035577309813930036
3,UPFC_tsh,5-15,-0.23317226993627996,4,-0.23325051147531872,MAP_PMU,11,7.824153903876474e-05
4,UPFC_Vse,5-15,0.058627782499952937,4,0.061199218680310745,MAP_PMU,11,0.0025714361803578084
5,UPFC_tse,5-15,-2.126220171639702,4,-2.1500574846163754,MAP_PMU,11,0.023837312976673353
0,x_tcsc,1-14,-0.10946032589293844,5,-0.10947218030394698,MAP_PMU,11,1.1854411008538346e-05
1,B_svc,2,0.17840210932777342,5,0.17840466658361645,MAP_PMU,11,2.5572558430275727e-06
2,UPFC_Vsh,5-15,1.1116360803505587,5,1.1082294745220034,MAP_PMU,11,0.0034066058285553424
3,UPFC_tsh,5-15,-0.23314689610636805,5,-0.23325051147531872,MAP_PMU,11,0.00010361536895067691
4,UPFC_Vse,5-15,0.05871418423329194,5,0.061199218680310745,MAP_PMU,11,0.002485034447018808
5,UPFC_tse,5-15,-2.125732614987967,5,-2.1500574846163754,MAP_PMU,11,0.024324869628408408
0,x_tcsc,1-14,-0.10949540126228448,6,-0.10947218030394698,MAP_PMU,11,2.3220958337497044e-05
1,B_svc,2,0.17822106581637578,6,0.17840466658361645,MAP_PMU,11,0.00018360076724066587
2,UPFC_Vsh,5-15,1.1117513564778765,6,1.1082294745220034,MAP_PMU,11,0.0035218819558731074
3,UPFC_tsh,5-15,-0.2331344859813515,6,-0.23325051147531872,MAP_PMU,11,0.00011602549396722006
4,UPFC_Vse,5-15,0.058733967102908326,6,0.061199218680310745,MAP_PMU,11,0.002465251577402419
5,UPFC_tse,5-15,-2.119804086510694,6,-2.1500574846163754,MAP_PMU,11,0.030253398105681395
0,x_tcsc,1-14,-0.10948533650094225,7,-0.10947218030394698,MAP_PMU,11,1.31561969952676e-05
1,B_svc,2,0.17866573715458778,7,0.17840466658361645,MAP_PMU,11,0.0002610705709713279
2,UPFC_Vsh,5-15,1.1115419982351826,7,1.1082294745220034,MAP_PMU,11,0.0033125237131792495
3,UPFC_tsh,5-15,-0.23316870744600054,7,-0.23325051147531872,MAP_PMU,11,8.180402931817765e-05
4,UPFC_Vse,5-15,0.05816295663085658,7,0.061199218680310745,MAP_PMU,11,0.003036262049454168
5,UPFC_tse,5-15,-2.1216066751144163,7,-2.1500574846163754,MAP_PMU,11,0.028450809501959107
0,x_tcsc,1-14,-0.1095103955811877,8,-0.10947218030394698,MAP_PMU,11,3.82152772407246e-05
1,B_svc,2,0.1783986411227481,8,0.17840466658361645,MAP_PMU,11,6.025460868364085e-06
2,UPFC_Vsh,5-15,1.111704353341231,8,1.1082294745220034,MAP_PMU,11,0.0034748788192275892
3,UPFC_tsh,5-15,-0.23316602801802708,8,-0.23325051147531872,MAP_PMU,11,8.44834572916453e-05
4,UPFC_Vse,5-15,0.05876776229789969,8,0.061199218680310745,MAP_PMU,11,0.0024314563824110527
5,UPFC_tse,5-15,-2.126879311390143,8,-2.1500574846163754,MAP_PMU,11,0.023178173226232168
0,x_tcsc,1-14,-0.10949295213385185,9,-0.10947218030394698,MAP_PMU,11,2.077182990486981e-05
1,B_svc,2,0.17840554710103865,9,0.17840466658361645,MAP_PMU,11,8.805174221970802e-07
2,UPFC_Vsh,5-15,1.1116193859003451,9,1.1082294745220034,MAP_PMU,11,0.00338991137834177
3,UPFC_tsh,5-15,-0.23321397015624087,9,-0.23325051147531872,MAP_PMU,11,3.654131907784852e-05
4,UPFC_Vse,5-15,0.05919425184921338,9,0.061199218680310745,MAP_PMU,11,0.0020049668310973615
5,UPFC_tse,5-15,-2.125401799033164,9,-2.1500574846163754,MAP_PMU,11,0.024655685583211184
0,x_tcsc,1-14,-0.1094681084238176,10,-0.10947218030394698,MAP_PMU,11,4.071880129380423e-06
1,B_svc,2,0.17834620687482977,10,0.17840466658361645,MAP_PMU,11,5.845970878667894e-05
2,UPFC_Vsh,5-15,1.1111196659632445,10,1.1082294745220034,MAP_PMU,11,0.002890191441241141
3,UPFC_tsh,5-15,-0.2331580112173546,10,-0.23325051147531872,MAP_PMU,11,9.250025796411765e-05
4,UPFC_Vse,5-15,0.05827426965127032,10,0.061199218680310745,MAP_PMU,11,0.002924949029040426
5,UPFC_tse,5-15,-2.128342735894872,10,-2.1500574846163754,MAP_PMU,11,0.021714748721503252
0,x_tcsc,1-14,-0.10949918336264286,11,-0.10947218030394698,MAP_PMU,11,2.7003058695879156e-05
1,B_svc,2,0.178476527256289,11,0.17840466658361645,MAP_PMU,11,7.186067267256346e-05
2,UPFC_Vsh,5-15,1.1115738218018156,11,1.1082294745220034,MAP_PMU,11,0.003344347279812254
3,UPFC_tsh,5-15,-0.23317116017191028,11,-0.23325051147531872,MAP_PMU,11,7.935130340844254e-05
4,UPFC_Vse,5-15,0.058216719004182495,11,0.061199218680310745,MAP_PMU,11,0.00298249967612825
5,UPFC_tse,5-15,-2.1238160631852576,11,-2.1500574846163754,MAP_PMU,11,0.02624142143111774
0,x_tcsc,1-14,-0.1094722090063309,12,-0.10947218030394698,MAP_PMU,11,2.870238391405877e-08
1,B_svc,2,0.17818986718157345,12,0.17840466658361645,MAP_PMU,11,0.00021479940204299774
2,UPFC_Vsh,5-15,1.1116351263569353,12,1.1082294745220034,MAP_PMU,11,0.003405651834931911
3,UPFC_tsh,5-15,-0.23315488518761043,12,-0.23325051147531872,MAP_PMU,11,9.562628770828918e-05
4,UPFC_Vse,5-15,0.05873575902649511,12,0.061199218680310745,MAP_PMU,11,0.0024634596538156348
5,UPFC_tse,5-15,-2.1240566427503884,12,-2.1500574846163754,MAP_PMU,11,0.026000841865986946
0,x_tcsc,1-14,-0.10948505361097643,13,-0.10947218030394698,MAP_PMU,11,1.2873307029453995e-05
1,B_svc,2,0.17833450208985463,13,0.17840466658361645,MAP_PMU,11,7.016449376182066e-05
2,UPFC_Vsh,5-15,1.1116403016980234,13,1.1082294745220034,MAP_PMU,11,0.003410827176020037
3,UPFC_tsh,5-15,-0.23321479040277396,13,-0.23325051147531872,MAP_PMU,11,3.572107254476431e-05
4,UPFC_Vse,5-15,0.05848998353508776,13,0.061199218680310745,MAP_PMU,11,0.0027092351452229838
5,UPFC_tse,5-15,-2.126640111655233,13,-2.1500574846163754,MAP_PMU,11,0.023417372961142213
0,x_tcsc,1-14,-0.10951259960228153,14,-0.10947218030394698,MAP_PMU,11,4.041929833455138e-05
1,B_svc,2,0.17814021257965687,14,0.17840466658361645,MAP_PMU,11,0.00026445400395957996
2,UPFC_Vsh,5-15,1.111596895582466,14,1.1082294745220034,MAP_PMU,11,0.0033674210604626165
3,UPFC_tsh,5-15,-0.23313392988124484,14,-0.23325051147531872,MAP_PMU,11,0.00011658159407387791
4,UPFC_Vse,5-15,0.05878697295890683,14,0.061199218680310745,MAP_PMU,11,0.002412245721403916
5,UPFC_tse,5-15,-2.1251096383233548,14,-2.1500574846163754,MAP_PMU,11,0.024947846293020604
0,x_tcsc,1-14,-0.10947027876131661,15,-0.10947218030394698,MAP_PMU,11,1.9015426303697902e-06
1,B_svc,2,0.17797778063905545,15,0.17840466658361645,MAP_PMU,11,0.0004268859445610007
2,UPFC_Vsh,5-15,1.1113076581821995,15,1.1082294745220034,MAP_PMU,11,0.0030781836601960766
3,UPFC_tsh,5-15,-0.2331538467719591,15,-0.23325051147531872,MAP_PMU,11,9.666470335961685e-05
4,UPFC_Vse,5-15,0.05896590078226448,15,0.061199218680310745,MAP_PMU,11,0.002233317898046268
5,UPFC_tse,5-15,-2.1268091026474205,15,-2.1500574846163754,MAP_PMU,11,0.023248381968954845
0,x_tcsc,1-14,-0.10949400663314768,16,-0.10947218030394698,MAP_PMU,11,2.1826329200697048e-05
1,B_svc,2,0.17812420391453104,16,0.17840466658361645,MAP_PMU,11,0.0002804626690854073
2,UPFC_Vsh,5-15,1.1114025395113547,16,1.1082294745220034,MAP_PMU,11,0.0031730649893513263
3,UPFC_tsh,5-15,-0.23312383636724948,16,-0.23325051147531872,MAP_PMU,11,0.00012667510806924076
4,UPFC_Vse,5-15,0.05897509897960326,16,0.061199218680310745,MAP_PMU,11,0.0022241197007074817
5,UPFC_tse,5-15,-2.1018357085025223,16,-2.1500574846163754,MAP_PMU,11,0.04822177611385303
0,x_tcsc,1-14,-0.10947360892503286,17,-0.10947218030394698,MAP_PMU,11,1.428621085874937e-06
1,B_svc,2,0.1783312719611681,17,0.17840466658361645,MAP_PMU,11,7.339462244834727e-05
2,UPFC_Vsh,5-15,1.1113105430419081,17,1.1082294745220034,MAP_PMU,11,0.0030810685199047505
3,UPFC_tsh,5-15,-0.23319112487833474,17,-0.23325051147531872,MAP_PMU,11,5.938659698398463e-05
4,UPFC_Vse,5-15,0.05832599234170525,17,0.061199218680310745,MAP_PMU,11,0.0028732263386054974
5,UPFC_tse,5-15,-2.123978301005487,17,-2.1500574846163754,MAP_PMU,11,0.026079183610888457
0,x_tcsc,1-14,-0.10950528371084806,18,-0.10947218030394698,MAP_PMU,11,3.310340690107494e-05
1,B_svc,2,0.1782032952945523,18,0.17840466658361645,MAP_PMU,11,0.00020137128906413948
2,UPFC_Vsh,5-15,1.1117534609266417,18,1.1082294745220034,MAP_PMU,11,0.0035239864046383573
3,UPFC_tsh,5-15,-0.23314920015840745,18,-0.23325051147531872,MAP_PMU,11,0.00010131131691126782
4,UPFC_Vse,5-15,0.05916703313655129,18,0.061199218680310745,MAP_PMU,11,0.002032185543759453
5,UPFC_tse,5-15,-2.123712764501267,18,-2.1500574846163754,MAP_PMU,11,0.026344720115108355
0,x_tcsc,1-14,-0.10946232643284036,19,-0.10947218030394698,MAP_PMU,11,9.853871106621503e-06
1,B_svc,2,0.17881357429841993,19,0.17840466658361645,MAP_PMU,11,0.0004089077148034803
2,UPFC_Vsh,5-15,1.111143731555601,19,1.1082294745220034,MAP_PMU,11,0.0029142570335976004
3,UPFC_tsh,5-15,-0.23320479695849775,19,-0.23325051147531872,MAP_PMU,11,4.571451682097716e-05
4,UPFC_Vse,5-15,0.05870292043668599,19,0.061199218680310745,MAP_PMU,11,0.0024962982436247533
5,UPFC_tse,5-15,-2.1247804774618406,19,-2.1500574846163754,MAP_PMU,11,0.025277007154534736
0,x_tcsc,1-14,-0.10948110406172416,20,-0.10947218030394698,MAP_PMU,11,8.92375777718224e-06
1,B_svc,2,0.1780278592254019,20,0.17840466658361645,MAP_PMU,11,0.00037680735821454814
2,UPFC_Vsh,5-15,1.1116691664094487,20,1.1082294745220034,MAP_PMU,11,0.0034396918874453064
3,UPFC_tsh,5-15,-0.2331658721258759,20,-0.23325051147531872,MAP_PMU,11,8.463934944283324e-05
4,UPFC_Vse,5-15,0.05858117706548064,20,0.061199218680310745,MAP_PMU,11,0.002618041614830105
5,UPFC_tse,5-15,-2.116143242915471,20,-2.1500574846163754,MAP_PMU,11,0.0339142417009044
0,x_tcsc,1-14,-0.10951722525882038,21,-0.10947218030394698,MAP_PMU,11,4.504495487339666e-05
1,B_svc,2,0.1787645864277858,21,0.17840466658361645,MAP_PMU,11,0.0003599198441693596
2,UPFC_Vsh,5-15,1.111749799848578,21,1.1082294745220034,MAP_PMU,11,0.003520325326574536
3,UPFC_tsh,5-15,-0.23306901240594396,21,-0.23325051147531872,MAP_PMU,11,0.00018149906937475757
4,UPFC_Vse,5-15,0.05885001946718639,21,0.061199218680310745,MAP_PMU,11,0.0023491992131243547
5,UPFC_tse,5-15,-2.106354328978428,21,-2.1500574846163754,MAP_PMU,11,0.043703155637947244
0,x_tcsc,1-14,-0.10950067750407952,22,-0.10947218030394698,MAP_PMU,11,2.849720013253787e-05
1,B_svc,2,0.17870983985495426,22,0.17840466658361645,MAP_PMU,11,0.00030517327133780525
2,UPFC_Vsh,5-15,1.1117952841081338,22,1.1082294745220034,MAP_PMU,11,0.0035658095861303973
3,UPFC_tsh,5-15,-0.23313182723346776,22,-0.23325051147531872,MAP_PMU,11,0.00011868424185096371
4,UPFC_Vse,5-15,0.058696456486399096,22,0.061199218680310745,MAP_PMU,11,0.0025027621939116493
5,UPFC_tse,5-15,-2.102524606450826,22,-2.1500574846163754,MAP_PMU,11,0.04753287816554952
0,x_tcsc,1-14,-0.1094527064477188,23,-0.10947218030394698,MAP_PMU,11,1.9473856228177655e-05
1,B_svc,2,0.17835933630266637,23,0.17840466658361645,MAP_PMU,11,4.533028095007885e-05
2,UPFC_Vsh,5-15,1.112008625144081,23,1.1082294745220034,MAP_PMU,11,0.003779150622077676
3,UPFC_tsh,5-15,-0.23307294021418146,23,-0.23325051147531872,MAP_PMU,11,0.00017757126113726596
4,UPFC_Vse,5-15,0.05845742248192704,23,0.061199218680310745,MAP_PMU,11,0.002741796198383703
5,UPFC_tse,5-15,-2.0999036892167995,23,-2.1500574846163754,MAP_PMU,11,0.05015379539957587
0,x_tcsc,1-14,-0.10950543710089393,24,-0.10947218030394698,MAP_PMU,11,3.3256796946948275e-05
1,B_svc,2,0.17811873502350117,24,0.17840466658361645,MAP_PMU,11,0.00028593156011527676
2,UPFC_Vsh,5-15,1.1116976758970167,24,1.1082294745220034,MAP_PMU,11,0.003468201375013358
3,UPFC_tsh,5-15,-0.23316260341270628,24,-0.23325051147531872,MAP_PMU,11,8.790806261244066e-05
4,UPFC_Vse,5-15,0.058310928515019705,24,0.061199218680310745,MAP_PMU,11,0.0028882901652910395
5,UPFC_tse,5-15,-2.1228989727045198,24,-2.1500574846163754,MAP_PMU,11,0.027158511911855587
0,x_tcsc,1-14,-0.10955148028831165,25,-0.10947218030394698,MAP_PMU,11,7.929998436466412e-05
1,B_svc,2,0.17852035509828124,25,0.17840466658361645,MAP_PMU,11,0.00011568851466478569
2,UPFC_Vsh,5-15,1.1117696264970307,25,1.1082294745220034,MAP_PMU,11,0.003540151975027328
3,UPFC_tsh,5-15,-0.23314640736856787,25,-0.23325051147531872,MAP_PMU,11,0.00010410410675085191
4,UPFC_Vse,5-15,0.058339534250100376,25,0.061199218680310745,MAP_PMU,11,0.0028596844302103686
5,UPFC_tse,5-15,-2.118259752182963,25,-2.1500574846163754,MAP_PMU,11,0.03179773243341222
0,x_tcsc,1-14,-0.10950881672498516,26,-0.10947218030394698,MAP_PMU,11,3.66364210381831e-05
1,B_svc,2,0.1787247758381726,26,0.17840466658361645,MAP_PMU,11,0.00032010925455613903
2,UPFC_Vsh,5-15,1.1116748920229793,26,1.1082294745220034,MAP_PMU,11,0.0034454175009759336
3,UPFC_tsh,5-15,-0.23314371078606255,26,-0.23325051147531872,MAP_PMU,11,0.00010680068925617014
4,UPFC_Vse,5-15,0.05837655118320667,26,0.061199218680310745,MAP_PMU,11,0.002822667497104074
5,UPFC_tse,5-15,-2.1156926872033606,26,-2.1500574846163754,MAP_PMU,11,0.03436479741301479
0,x_tcsc,1-14,-0.10948161244496965,27,-0.10947218030394698,MAP_PMU,11,9.432141022669427e-06
1,B_svc,2,0.17803469836184932,27,0.17840466658361645,MAP_PMU,11,0.00036996822176713073
2,UPFC_Vsh,5-15,1.111541345937009,27,1.1082294745220034,MAP_PMU,11,0.0033118714150055517
3,UPFC_tsh,5-15,-0.23307003939843682,27,-0.23325051147531872,MAP_PMU,11,0.00018047207688190459
4,UPFC_Vse,5-15,0.05843415428738879,27,0.061199218680310745,MAP_PMU,11,0.0027650643929219565
5,UPFC_tse,5-15,-2.120133484184628,27,-2.1500574846163754,MAP_PMU,11,0.029924000431747366
0,x_tcsc,1-14,-0.10948093755583564,28,-0.10947218030394698,MAP_PMU,11,8.757251888660833e-06
1,B_svc,2,0.1787723506599743,28,0.17840466658361645,MAP_PMU,11,0.0003676840763578437
2,UPFC_Vsh,5-15,1.1116058677526826,28,1.1082294745220034,MAP_PMU,11,0.0033763932306791755
3,UPFC_tsh,5-15,-0.23326422446194095,28,-0.23325051147531872,MAP_PMU,11,1.3712986622227419e-05
4,UPFC_Vse,5-15,0.0592299700293714,28,0.061199218680310745,MAP_PMU,11,0.001969248650939344
5,UPFC_tse,5-15,-2.131379543099211,28,-2.1500574846163754,MAP_PMU,11,0.01867794151716451
0,x_tcsc,1-14,-0.10950086830647206,29,-0.10947218030394698,MAP_PMU,11,2.8688002525076306e-05
1,B_svc,2,0.1790476865824451,29,0.17840466658361645,MAP_PMU,11,0.0006430199988286533
2,UPFC_Vsh,5-15,1.111518989067647,29,1.1082294745220034,MAP_PMU,11,0.0032895145456435237
3,UPFC_tsh,5-15,-0.2331724178508404,29,-0.23325051147531872,MAP_PMU,11,7.809362447833146e-05
4,UPFC_Vse,5-15,0.05900907069618344,29,0.061199218680310745,MAP_PMU,11,0.002190147984127304
5,UPFC_tse,5-15,-2.1177097784504553,29,-2.1500574846163754,MAP_PMU,11,0.03234770616592009
0,x_tcsc,1-14,-0.10947042743956156,30,-0.10947218030394698,MAP_PMU,11,1.752864385418107e-06
1,B_svc,2,0.1785709861529397,30,0.17840466658361645,MAP_PMU,11,0.0001663195693232533
2,UPFC_Vsh,5-15,1.111776231491684,30,1.1082294745220034,MAP_PMU,11,0.0035467569696805423
3,UPFC_tsh,5-15,-0.23319097966266697,30,-0.23325051147531872,MAP_PMU,11,5.9531812651753e-05
4,UPFC_Vse,5-15,0.059481355632562384,30,0.061199218680310745,MAP_PMU,11,0.0017178630477483608
5,UPFC_tse,5-15,-2.1279013542806613,30,-2.1500574846163754,MAP_PMU,11,0.022156130335714064
0,x_tcsc,1-14,-0.1094996601289965,31,-0.10947218030394698,MAP_PMU,11,2.747982504952562e-05
1,B_svc,2,0.1785790701229511,31,0.17840466658361645,MAP_PMU,11,0.00017440353933464992
2,UPFC_Vsh,5-15,1.111714472506166,31,1.1082294745220034,MAP_PMU,11,0.0034849979841626855
3,UPFC_tsh,5-15,-0.23316907536239345,31,-0.23325051147531872,MAP_PMU,11,8.143611292527053e-05
4,UPFC_Vse,5-15,0.05820275874689361,31,0.061199218680310745,MAP_PMU,11,0.002996459933417135
5,UPFC_tse,5-15,-2.12351218464744,31,-2.1500574846163754,MAP_PMU,11,0.02654529996893551
0,x_tcsc,1-14,-0.10950165144139412,32,-0.10947218030394698,MAP_PMU,11,2.947113744714014e-05
1,B_svc,2,0.17885693909828232,32,0.17840466658361645,MAP_PMU,11,0.00045227251466586904
2,UPFC_Vsh,5-15,1.1117406337930922,32,1.1082294745220034,MAP_PMU,11,0.003511159271088804
3,UPFC_tsh,5-15,-0.23311468283360964,32,-0.23325051147531872,MAP_PMU,11,0.00013582864170907927
4,UPFC_Vse,5-15,0.05821713816282125,32,0.061199218680310745,MAP_PMU,11,0.0029820805174894938
5,UPFC_tse,5-15,-2.1345094215577918,32,-2.1500574846163754,MAP_PMU,11,0.015548063058583583
0,x_tcsc,1-14,-0.1094868089500424,33,-0.10947218030394698,MAP_PMU,11,1.462864609541592e-05
1,B_svc,2,0.17832267037970356,33,0.17840466658361645,MAP_PMU,11,8.199620391288742e-05
2,UPFC_Vsh,5-15,1.1116969604757123,33,1.1082294745220034,MAP_PMU,11,0.0034674859537089375
3,UPFC_tsh,5-15,-0.2330744287865985,33,-0.23325051147531872,MAP_PMU,11,0.00017608268872021382
4,UPFC_Vse,5-15,0.05822457263843764,33,0.061199218680310745,MAP_PMU,11,0.0029746460418731066
5,UPFC_tse,5-15,-2.113479617400279,33,-2.1500574846163754,MAP_PMU,11,0.03657786721609657
0,x_tcsc,1-14,-0.10950864804099149,34,-0.10947218030394698,MAP_PMU,11,3.646773704450712e-05
1,B_svc,2,0.17835892045120288,34,0.17840466658361645,MAP_PMU,11,4.574613241356551e-05
2,UPFC_Vsh,5-15,1.1114992575711073,34,1.1082294745220034,MAP_PMU,11,0.0032697830491039692
3,UPFC_tsh,5-15,-0.23318462603011245,34,-0.23325051147531872,MAP_PMU,11,6.588544520627626e-05
4,UPFC_Vse,5-15,0.0586323407546117,34,0.061199218680310745,MAP_PMU,11,0.0025668779256990473
5,UPFC_tse,5-15,-2.116067506698781,34,-2.1500574846163754,MAP_PMU,11,0.033989977917594505
0,x_tcsc,1-14,-0.10950424071348418,35,-0.10947218030394698,MAP_PMU,11,3.2060409537196244e-05
1,B_svc,2,0.17822303729228636,35,0.17840466658361645,MAP_PMU,11,0.00018162929133008765
2,UPFC_Vsh,5-15,1.1116334283803138,35,1.1082294745220034,MAP_PMU,11,0.0034039538583103823
3,UPFC_tsh,5-15,-0.23312831629433847,35,-0.23325051147531872,MAP_PMU,11,0.00012219518098025017
4,UPFC_Vse,5-15,0.058857270185806984,35,0.061199218680310745,MAP_PMU,11,0.002341948494503761
5,UPFC_tse,5-15,-2.1125964676586673,35,-2.1500574846163754,MAP_PMU,11,0.03746101695770809
0,x_tcsc,1-14,-0.1094843191479762,36,-0.10947218030394698,MAP_PMU,11,1.2138844029216389e-05
1,B_svc,2,0.17834324753656663,36,0.17840466658361645,MAP_PMU,11,6.141904704981549e-05
2,UPFC_Vsh,5-15,1.1116563864960851,36,1.1082294745220034,MAP_PMU,11,0.0034269119740817366
3,UPFC_tsh,5-15,-0.23319793565471655,36,-0.23325051147531872,MAP_PMU,11,5.25758206021687e-05
4,UPFC_Vse,5-15,0.05851421954474453,36,0.061199218680310745,MAP_PMU,11,0.0026849991355662114
5,UPFC_tse,5-15,-2.1302086082487457,36,-2.1500574846163754,MAP_PMU,11,0.019848876367629664
0,x_tcsc,1-14,-0.10951675673908066,37,-0.10947218030394698,MAP_PMU,11,4.457643513368359e-05
1,B_svc,2,0.17878638926570378,37,0.17840466658361645,MAP_PMU,11,0.00038172268208733207
2,UPFC_Vsh,5-15,1.111858165276889,37,1.1082294745220034,MAP_PMU,11,0.0036286907548856995
3,UPFC_tsh,5-15,-0.23318879512880067,37,-0.23325051147531872,MAP_PMU,11,6.171634651805369e-05
4,UPFC_Vse,5-15,0.05882790389129816,37,0.061199218680310745,MAP_PMU,11,0.002371314789012584
5,UPFC_tse,5-15,-2.122123170759992,37,-2.1500574846163754,MAP_PMU,11,0.02793431385638323
0,x_tcsc,1-14,-0.10951453469206235,38,-0.10947218030394698,MAP_PMU,11,4.2354388115367625e-05
1,B_svc,2,0.1784607277746812,38,0.17840466658361645,MAP_PMU,11,5.60611910647435e-05
2,UPFC_Vsh,5-15,1.1115998950234882,38,1.1082294745220034,MAP_PMU,11,0.0033704205014848387
3,UPFC_tsh,5-15,-0.23312607375494562,38,-0.23325051147531872,MAP_PMU,11,0.00012443772037309953
4,UPFC_Vse,5-15,0.05835161271253305,38,0.061199218680310745,MAP_PMU,11,0.0028476059677776944
5,UPFC_tse,5-15,-2.119992021261313,38,-2.1500574846163754,MAP_PMU,11,0.030065463355062327
0,x_tcsc,1-14,-0.10949568855535025,39,-0.10947218030394698,MAP_PMU,11,2.3508251403264735e-05
1,B_svc,2,0.17834654775168088,39,0.17840466658361645,MAP_PMU,11,5.811883193557188e-05
2,UPFC_Vsh,5-15,1.1116841264829778,39,1.1082294745220034,MAP_PMU,11,0.0034546519609743864
3,UPFC_tsh,5-15,-0.2331454802837522,39,-0.23325051147531872,MAP_PMU,11,0.00010503119156651808
4,UPFC_Vse,5-15,0.058161512366630426,39,0.061199218680310745,MAP_PMU,11,0.003037706313680319
5,UPFC_tse,5-15,-2.1200709452925754,39,-2.1500574846163754,MAP_PMU,11,0.02998653932379991
0,x_tcsc,1-14,-0.10949991142131196,40,-0.10947218030394698,MAP_PMU,11,2.7731117364981905e-05
1,B_svc,2,0.17885638277462443,40,0.17840466658361645,MAP_PMU,11,0.0004517161910079781
2,UPFC_Vsh,5-15,1.111326687836136,40,1.1082294745220034,MAP_PMU,11,0.0030972133141327074
3,UPFC_tsh,5-15,-0.23326645147116862,40,-0.23325051147531872,MAP_PMU,11,1.593999584989514e-05
4,UPFC_Vse,5-15,0.05920700749843911,40,0.061199218680310745,MAP_PMU,11,0.0019922111818716365
5,UPFC_tse,5-15,-2.140856791787868,40,-2.1500574846163754,MAP_PMU,11,0.009200692828507329
0,x_tcsc,1-14,-0.10948834631117887,41,-0.10947218030394698,MAP_PMU,11,1.6166007231893653e-05
1,B_svc,2,0.17812988801007992,41,0.17840466658361645,MAP_PMU,11,0.0002747785735365271
2,UPFC_Vsh,5-15,1.1115495838002782,41,1.1082294745220034,MAP_PMU,11,0.003320109278274863
3,UPFC_tsh,5-15,-0.23316962892723156,41,-0.23325051147531872,MAP_PMU,11,8.088254808716333e-05
4,UPFC_Vse,5-15,0.05835124775609804,41,0.061199218680310745,MAP_PMU,11,0.0028479709242127046
5,UPFC_tse,5-15,-2.1228770797552166,41,-2.1500574846163754,MAP_PMU,11,0.027180404861158802
0,x_tcsc,1-14,-0.10948436290921569,42,-0.10947218030394698,MAP_PMU,11,1.2182605268709623e-05
1,B_svc,2,0.17851780082446478,42,0.17840466658361645,MAP_PMU,11,0.00011313424084832824
2,UPFC_Vsh,5-15,1.1117868262808928,42,1.1082294745220034,MAP_PMU,11,0.003557351758889382
3,UPFC_tsh,5-15,-0.2331543192686926,42,-0.23325051147531872,MAP_PMU,11,9.619220662612782e-05
4,UPFC_Vse,5-15,0.05855200806102701,42,0.061199218680310745,MAP_PMU,11,0.0026472106192837325
5,UPFC_tse,5-15,-2.1245749824389706,42,-2.1500574846163754,MAP_PMU,11,0.025482502177404776
0,x_tcsc,1-14,-0.10947752220871165,43,-0.10947218030394698,MAP_PMU,11,5.34190476467189e-06
1,B_svc,2,0.17826307388863605,43,0.17840466658361645,MAP_PMU,11,0.0001415926949804025
2,UPFC_Vsh,5-15,1.111268352993695,43,1.1082294745220034,MAP_PMU,11,0.0030388784716917083
3,UPFC_tsh,5-15,-0.23324010305580342,43,-0.23325051147531872,MAP_PMU,11,1.0408419515300915e-05
4,UPFC_Vse,5-15,0.05907267675449934,43,0.061199218680310745,MAP_PMU,11,0.0021265419258114024
5,UPFC_tse,5-15,-2.1352753226977597,43,-2.1500574846163754,MAP_PMU,11,0.0147821619186157
0,x_tcsc,1-14,-0.10949327937270424,44,-0.10947218030394698,MAP_PMU,11,2.109906875726042e-05
1,B_svc,2,0.17858922417587852,44,0.17840466658361645,MAP_PMU,11,0.00018455759226207458
2,UPFC_Vsh,5-15,1.1110971884363963,44,1.1082294745220034,MAP_PMU,11,0.0028677139143928887
3,UPFC_tsh,5-15,-0.233246869781618,44,-0.23325051147531872,MAP_PMU,11,3.6416937007344163e-06
4,UPFC_Vse,5-15,0.05940926871629377,44,0.061199218680310745,MAP_PMU,11,0.0017899499640169764
5,UPFC_tse,5-15,-2.128568873884256,44,-2.1500574846163754,MAP_PMU,11,0.021488610732119273
0,x_tcsc,1-14,-0.10947651520519584,45,-0.10947218030394698,MAP_PMU,11,4.334901248861933e-06
1,B_svc,2,0.17835201933811545,45,0.17840466658361645,MAP_PMU,11,5.264724550099742e-05
2,UPFC_Vsh,5-15,1.1115704442194208,45,1.1082294745220034,MAP_PMU,11,0.003340969697417373
3,UPFC_tsh,5-15,-0.2331816720996383,45,-0.23325051147531872,MAP_PMU,11,6.883937568041842e-05
4,UPFC_Vse,5-15,0.05880077115961457,45,0.061199218680310745,MAP_PMU,11,0.0023984475206961717
5,UPFC_tse,5-15,-2.1185305310792804,45,-2.1500574846163754,MAP_PMU,11,0.031526953537095004
0,x_tcsc,1-14,-0.10949152384841769,46,-0.10947218030394698,MAP_PMU,11,1.9343544470709628e-05
1,B_svc,2,0.17858395840698946,46,0.17840466658361645,MAP_PMU,11,0.00017929182337300675
2,UPFC_Vsh,5-15,1.1117660292011495,46,1.1082294745220034,MAP_PMU,11,0.0035365546791461533
3,UPFC_tsh,5-15,-0.2330752427430274,46,-0.23325051147531872,MAP_PMU,11,0.00017526873229131712
4,UPFC_Vse,5-15,0.058215912855633205,46,0.061199218680310745,MAP_PMU,11,0.00298330582467754
5,UPFC_tse,5-15,-2.118698370966716,46,-2.1500574846163754,MAP_PMU,11,0.031359113649659154
0,x_tcsc,1-14,-0.10950745313884662,47,-0.10947218030394698,MAP_PMU,11,3.5272834899638394e-05
1,B_svc,2,0.1783904934312391,47,0.17840466658361645,MAP_PMU,11,1.4173152377339182e-05
2,UPFC_Vsh,5-15,1.1113779346382457,47,1.1082294745220034,MAP_PMU,11,0.0031484601162423687
3,UPFC_tsh,5-15,-0.23321141306578175,47,-0.23325051147531872,MAP_PMU,11,3.9098409536975076e-05
4,UPFC_Vse,5-15,0.05915142866037307,47,0.061199218680310745,MAP_PMU,11,0.0020477900199376772
5,UPFC_tse,5-15,-2.1265157868577558,47,-2.1500574846163754,MAP_PMU,11,0.023541697758619584
0,x_tcsc,1-14,-0.10949878646329356,48,-0.10947218030394698,MAP_PMU,11,2.6606159346576064e-05
1,B_svc,2,0.17886794509088852,48,0.17840466658361645,MAP_PMU,11,0.0004632785072720691
2,UPFC_Vsh,5-15,1.111401514010061,48,1.1082294745220034,MAP_PMU,11,0.0031720394880576652
3,UPFC_tsh,5-15,-0.23322328325047842,48,-0.23325051147531872,MAP_PMU,11,2.7228224840303294e-05
4,UPFC_Vse,5-15,0.058717476446867645,48,0.061199218680310745,MAP_PMU,11,0.0024817422334431002
5,UPFC_tse,5-15,-2.1309083018003205,48,-2.1500574846163754,MAP_PMU,11,0.01914918281605482
0,x_tcsc,1-14,-0.10946212266307306,49,-0.10947218030394698,MAP_PMU,11,1.005764087391725e-05
1,B_svc,2,0.17830992543132784,49,0.17840466658361645,MAP_PMU,11,9.474115228860769e-05
2,UPFC_Vsh,5-15,1.1117032532925761,49,1.1082294745220034,MAP_PMU,11,0.003473778770572755
3,UPFC_tsh,5-15,-0.23314108301395858,49,-0.23325051147531872,MAP_PMU,11,0.00010942846136013928
4,UPFC_Vse,5-15,0.05850289455581651,49,0.061199218680310745,MAP_PMU,11,0.0026963241244942343
5,UPFC_tse,5-15,-2.125820670338155,49,-2.1500574846163754,MAP_PMU,11,0.024236814278220553
0,x_tcsc,1-14,-0.10947512643413267,50,-0.10947218030394698,MAP_PMU,11,2.9461301856853472e-06
1,B_svc,2,0.17822717075890465,50,0.17840466658361645,MAP_PMU,11,0.0001774958247117986
2,UPFC_Vsh,5-15,1.1114001604774821,50,1.1082294745220034,MAP_PMU,11,0.003170685955478758
3,UPFC_tsh,5-15,-0.23318325995632683,50,-0.23325051147531872,MAP_PMU,11,6.725151899189541e-05
4,UPFC_Vse,5-15,0.058694325842939064,50,0.061199218680310745,MAP_PMU,11,0.0025048928373716806
5,UPFC_tse,5-15,-2.1179895678339253,50,-2.1500574846163754,MAP_PMU,11,0.03206791678245002
0,x_tcsc,1-14,-0.10947101221021105,51,-0.10947218030394698,MAP_PMU,11,1.1680937359315191e-06
1,B_svc,2,0.17857483164689214,51,0.17840466658361645,MAP_PMU,11,0.00017016506327569014
2,UPFC_Vsh,5-15,1.1117808566351857,51,1.1082294745220034,MAP_PMU,11,0.0035513821131822887
3,UPFC_tsh,5-15,-0.2330844447303003,51,-0.23325051147531872,MAP_PMU,11,0.00016606674501842833
4,UPFC_Vse,5-15,0.058490597792643886,51,0.061199218680310745,MAP_PMU,11,0.0027086208876668585
5,UPFC_tse,5-15,-2.112185781909585,51,-2.1500574846163754,MAP_PMU,11,0.03787170270679052
0,x_tcsc,1-14,-0.10950892119382359,52,-0.10947218030394698,MAP_PMU,11,3.674088987661028e-05
1,B_svc,2,0.17862817074432505,52,0.17840466658361645,MAP_PMU,11,0.00022350416070859858
2,UPFC_Vsh,5-15,1.1114015352379818,52,1.1082294745220034,MAP_PMU,11,0.0031720607159784198
3,UPFC_tsh,5-15,-0.2331370179039446,52,-0.23325051147531872,MAP_PMU,11,0.00011349357137413474
4,UPFC_Vse,5-15,0.05845818761353772,52,0.061199218680310745,MAP_PMU,11,0.0027410310667730226
5,UPFC_tse,5-15,-2.1208496914642785,52,-2.1500574846163754,MAP_PMU,11,0.029207793152096873
0,x_tcsc,1-14,-0.10948102431135145,53,-0.10947218030394698,MAP_PMU,11,8.844007404473775e-06
1,B_svc,2,0.1781041961641811,53,0.17840466658361645,MAP_PMU,11,0.0003004704194353447
2,UPFC_Vsh,5-15,1.1114736636451503,53,1.1082294745220034,MAP_PMU,11,0.0032441891231469455
3,UPFC_tsh,5-15,-0.2332101900472211,53,-0.23325051147531872,MAP_PMU,11,4.0321428097622736e-05
4,UPFC_Vse,5-15,0.058463353706785556,53,0.061199218680310745,MAP_PMU,11,0.0027358649735251886
5,UPFC_tse,5-15,-2.125243979925518,53,-2.1500574846163754,MAP_PMU,11,0.024813504690857524
0,x_tcsc,1-14,-0.10951662654476992,54,-0.10947218030394698,MAP_PMU,11,4.444624082293458e-05
1,B_svc,2,0.1790004177815342,54,0.17840466658361645,MAP_PMU,11,0.0005957511979177432
2,UPFC_Vsh,5-15,1.1117252845397394,54,1.1082294745220034,MAP_PMU,11,0.003495810017736023
3,UPFC_tsh,5-15,-0.2331797882992653,54,-0.23325051147531872,MAP_PMU,11,7.07231760534166e-05
4,UPFC_Vse,5-15,0.05834905011885581,54,0.061199218680310745,MAP_PMU,11,0.0028501685614549382
5,UPFC_tse,5-15,-2.1201663552466212,54,-2.1500574846163754,MAP_PMU,11,0.029891129369754132
0,x_tcsc,1-14,-0.10953604679711945,55,-0.10947218030394698,MAP_PMU,11,6.386649317247084e-05
1,B_svc,2,0.17830979209035266,55,0.17840466658361645,MAP_PMU,11,9.487449326378572e-05
2,UPFC_Vsh,5-15,1.1118667705414302,55,1.1082294745220034,MAP_PMU,11,0.003637296019426861
3,UPFC_tsh,5-15,-0.23322222787247676,55,-0.23325051147531872,MAP_PMU,11,2.8283602841960853e-05
4,UPFC_Vse,5-15,0.05892323686598667,55,0.061199218680310745,MAP_PMU,11,0.0022759818143240768
5,UPFC_tse,5-15,-2.1214457111711083,55,-2.1500574846163754,MAP_PMU,11,0.028611773445267108
0,x_tcsc,1-14,-0.10951987877178593,56,-0.10947218030394698,MAP_PMU,11,4.7698467838946934e-05
1,B_svc,2,0.1787646896885042,56,0.17840466658361645,MAP_PMU,11,0.00036002310488775224
2,UPFC_Vsh,5-15,1.1114481308399067,56,1.1082294745220034,MAP_PMU,11,0.003218656317903301
3,UPFC_tsh,5-15,-0.2331362153670016,56,-0.23325051147531872,MAP_PMU,11,0.000114296108317119
4,UPFC_Vse,5-15,0.058593256924961125,56,0.061199218680310745,MAP_PMU,11,0.00260596175534962
5,UPFC_tse,5-15,-2.119542853386363,56,-2.1500574846163754,MAP_PMU,11,0.030514631230012412
0,x_tcsc,1-14,-0.10950298959738071,57,-0.10947218030394698,MAP_PMU,11,3.08092934337284e-05
1,B_svc,2,0.17815960474694242,57,0.17840466658361645,MAP_PMU,11,0.0002450618366740265
2,UPFC_Vsh,5-15,1.1113978978311079,57,1.1082294745220034,MAP_PMU,11,0.0031684233091044955
3,UPFC_tsh,5-15,-0.23320292237865456,57,-0.23325051147531872,MAP_PMU,11,4.7589096664163444e-05
4,UPFC_Vse,5-15,0.05894285696141973,57,0.061199218680310745,MAP_PMU,11,0.0022563617188910146
5,UPFC_tse,5-15,-2.112449849365582,57,-2.1500574846163754,MAP_PMU,11,0.03760763525079325
0,x_tcsc,1-14,-0.10950404576134998,58,-0.10947218030394698,MAP_PMU,11,3.18654574029964e-05
1,B_svc,2,0.17831453503338127,58,0.17840466658361645,MAP_PMU,11,9.013155023518404e-05
2,UPFC_Vsh,5-15,1.111711906287716,58,1.1082294745220034,MAP_PMU,11,0.0034824317657127235
3,UPFC_tsh,5-15,-0.23313639929599642,58,-0.23325051147531872,MAP_PMU,11,0.00011411217932230655
4,UPFC_Vse,5-15,0.058214971682096696,58,0.061199218680310745,MAP_PMU,11,0.002984246998214049
5,UPFC_tse,5-15,-2.1261858850301487,58,-2.1500574846163754,MAP_PMU,11,0.023871599586226644
0,x_tcsc,1-14,-0.1095346227767584,59,-0.10947218030394698,MAP_PMU,11,6.244247281142479e-05
1,B_svc,2,0.17832458320300162,59,0.17840466658361645,MAP_PMU,11,8.0083380614826e-05
2,UPFC_Vsh,5-15,1.1115702442792728,59,1.1082294745220034,MAP_PMU,11,0.0033407697572693795
3,UPFC_tsh,5-15,-0.23319295253757202,59,-0.23325051147531872,MAP_PMU,11,5.755893774669896e-05
4,UPFC_Vse,5-15,0.05924072049516354,59,0.061199218680310745,MAP_PMU,11,0.001958498185147206
5,UPFC_tse,5-15,-2.133769099278363,59,-2.1500574846163754,MAP_PMU,11,0.016288385338012468
0,x_tcsc,1-14,-0.10947670908237092,60,-0.10947218030394698,MAP_PMU,11,4.528778423940061e-06
1,B_svc,2,0.17843234603138922,60,0.17840466658361645,MAP_PMU,11,2.7679447772765986e-05
2,UPFC_Vsh,5-15,1.1119193713199238,60,1.1082294745220034,MAP_PMU,11,0.0036898967979204222
3,UPFC_tsh,5-15,-0.23307045489066988,60,-0.23325051147531872,MAP_PMU,11,0.0001800565846488411
4,UPFC_Vse,5-15,0.05878084224967005,60,0.061199218680310745,MAP_PMU,11,0.0024183764306406966
5,UPFC_tse,5-15,-2.1174625826071747,60,-2.1500574846163754,MAP_PMU,11,0.03259490200920068
0,x_tcsc,1-14,-0.10948076323271425,61,-0.10947218030394698,MAP_PMU,11,8.58292876726452e-06
1,B_svc,2,0.17811384508350617,61,0.17840466658361645,MAP_PMU,11,0.0002908215001102832
2,UPFC_Vsh,5-15,1.1115709387094626,61,1.1082294745220034,MAP_PMU,11,0.0033414641874591755
3,UPFC_tsh,5-15,-0.23326225005911433,61,-0.23325051147531872,MAP_PMU,11,1.1738583795606328e-05
4,UPFC_Vse,5-15,0.05907250899537045,61,0.061199218680310745,MAP_PMU,11,0.0021267096849402964
5,UPFC_tse,5-15,-2.12210778276237,61,-2.1500574846163754,MAP_PMU,11,0.027949701854005138
0,x_tcsc,1-14,-0.10950195412346504,62,-0.10947218030394698,MAP_PMU,11,2.977381951806135e-05
1,B_svc,2,0.17860728196433287,62,0.17840466658361645,MAP_PMU,11,0.00020261538071641993
2,UPFC_Vsh,5-15,1.1112748929535143,62,1.1082294745220034,MAP_PMU,11,0.00304541843151096
3,UPFC_tsh,5-15,-0.23323107610244942,62,-0.23325051147531872,MAP_PMU,11,1.943537286930308e-05
4,UPFC_Vse,5-15,0.05910113853929176,62,0.061199218680310745,MAP_PMU,11,0.0020980801410189834
5,UPFC_tse,5-15,-2.13269619964059,62,-2.1500574846163754,MAP_PMU,11,0.017361284975785374
0,x_tcsc,1-14,-0.10946752582508704,63,-0.10947218030394698,MAP_PMU,11,4.654478859944522e-06
1,B_svc,2,0.17840262275513988,63,0.17840466658361645,MAP_PMU,11,2.0438284765722514e-06
2,UPFC_Vsh,5-15,1.111809605688216,63,1.1082294745220034,MAP_PMU,11,0.0035801311662126967
3,UPFC_tsh,5-15,-0.2331247549864705,63,-0.23325051147531872,MAP_PMU,11,0.00012575648884821655
4,UPFC_Vse,5-15,0.05843043366939079,63,0.061199218680310745,MAP_PMU,11,0.002768785010919955
5,UPFC_tse,5-15,-2.128195567465437,63,-2.1500574846163754,MAP_PMU,11,0.021861917150938215
0,x_tcsc,1-14,-0.10951486597467604,64,-0.10947218030394698,MAP_PMU,11,4.268567072905627e-05
1,B_svc,2,0.17860515152252548,64,0.17840466658361645,MAP_PMU,11,0.00020048493890903463
2,UPFC_Vsh,5-15,1.1119614228546775,64,1.1082294745220034,MAP_PMU,11,0.0037319483326740954
3,UPFC_tsh,5-15,-0.23310995968679363,64,-0.23325051147531872,MAP_PMU,11,0.0001405517885250951
4,UPFC_Vse,5-15,0.05871336954134345,64,0.061199218680310745,MAP_PMU,11,0.0024858491389672943
5,UPFC_tse,5-15,-2.119386260001373,64,-2.1500574846163754,MAP_PMU,11,0.03067122461500249
0,x_tcsc,1-14,-0.1095166726549171,65,-0.10947218030394698,MAP_PMU,11,4.4492350970121164e-05
1,B_svc,2,0.17825450702546086,65,0.17840466658361645,MAP_PMU,11,0.00015015955815558812
2,UPFC_Vsh,5-15,1.1115457336965875,65,1.1082294745220034,MAP_PMU,11,0.003316259174584113
3,UPFC_tsh,5-15,-0.2332221887040412,65,-0.23325051147531872,MAP_PMU,11,2.832277127751137e-05
4,UPFC_Vse,5-15,0.059073833841137416,65,0.061199218680310745,MAP_PMU,11,0.002125384839173329
5,UPFC_tse,5-15,-2.129435484250409,65,-2.1500574846163754,MAP_PMU,11,0.020622000365966286
0,x_tcsc,1-14,-0.10950334845980983,66,-0.10947218030394698,MAP_PMU,11,3.116815586284849e-05
1,B_svc,2,0.17856393685171779,66,0.17840466658361645,MAP_PMU,11,0.00015927026810133582
2,UPFC_Vsh,5-15,1.1119616453767553,66,1.1082294745220034,MAP_PMU,11,0.0037321708547519705
3,UPFC_tsh,5-15,-0.23300331199046584,66,-0.23325051147531872,MAP_PMU,11,0.00024719948485288357
4,UPFC_Vse,5-15,0.058666942580078214,66,0.061199218680310745,MAP_PMU,11,0.0025322761002325306
5,UPFC_tse,5-15,-2.1054373796768955,66,-2.1500574846163754,MAP_PMU,11,0.04462010493947988
0,x_tcsc,1-14,-0.1095137677886946,67,-0.10947218030394698,MAP_PMU,11,4.158748474761276e-05
1,B_svc,2,0.17809075423036133,67,0.17840466658361645,MAP_PMU,11,0.0003139123532551191
2,UPFC_Vsh,5-15,1.1114898062841287,67,1.1082294745220034,MAP_PMU,11,0.003260331762125368
3,UPFC_tsh,5-15,-0.23315559643997588,67,-0.23325051147531872,MAP_PMU,11,9.491503534284074e-05
4,UPFC_Vse,5-15,0.058483883218403816,67,0.061199218680310745,MAP_PMU,11,0.0027153354619069286
5,UPFC_tse,5-15,-2.117089094233329,67,-2.1500574846163754,MAP_PMU,11,0.03296839038304622
0,x_tcsc,1-14,-0.10951280906726817,68,-0.10947218030394698,MAP_PMU,11,4.0628763321184924e-05
1,B_svc,2,0.17855769856241963,68,0.17840466658361645,MAP_PMU,11,0.00015303197880317532
2,UPFC_Vsh,5-15,1.1117443207655051,68,1.1082294745220034,MAP_PMU,11,0.0035148462435017347
3,UPFC_tsh,5-15,-0.23319287796867258,68,-0.23325051147531872,MAP_PMU,11,5.7633506646143084e-05
4,UPFC_Vse,5-15,0.05904295514074772,68,0.061199218680310745,MAP_PMU,11,0.0021562635395630247
5,UPFC_tse,5-15,-2.1255509415891036,68,-2.1500574846163754,MAP_PMU,11,0.024506543027271732
0,x_tcsc,1-14,-0.10947397126198537,69,-0.10947218030394698,MAP_PMU,11,1.7909580383862478e-06
1,B_svc,2,0.17886052038124806,69,0.17840466658361645,MAP_PMU,11,0.0004558537976316057
2,UPFC_Vsh,5-15,1.111709031894915,69,1.1082294745220034,MAP_PMU,11,0.0034795573729116125
3,UPFC_tsh,5-15,-0.2331163260446902,69,-0.23325051147531872,MAP_PMU,11,0.00013418543062851396
4,UPFC_Vse,5-15,0.05874797946129844,69,0.061199218680310745,MAP_PMU,11,0.0024512392190123022
5,UPFC_tse,5-15,-2.1258981228626928,69,-2.1500574846163754,MAP_PMU,11,0.024159361753682607
0,x_tcsc,1-14,-0.10949722053891184,70,-0.10947218030394698,MAP_PMU,11,2.5040234964857078e-05
1,B_svc,2,0.17805040306212636,70,0.17840466658361645,MAP_PMU,11,0.00035426352149009466
2,UPFC_Vsh,5-15,1.1114849283208905,70,1.1082294745220034,MAP_PMU,11,0.0032554537988871424
3,UPFC_tsh,5-15,-0.2331285344916472,70,-0.23325051147531872,MAP_PMU,11,0.00012197698367152898
4,UPFC_Vse,5-15,0.05869304041876933,70,0.061199218680310745,MAP_PMU,11,0.0025061782615414183
5,UPFC_tse,5-15,-2.120558179737146,70,-2.1500574846163754,MAP_PMU,11,0.02949930487922936
0,x_tcsc,1-14,-0.10952048136012082,71,-0.10947218030394698,MAP_PMU,11,4.830105617384395e-05
1,B_svc,2,0.1781247644964733,71,0.17840466658361645,MAP_PMU,11,0.00027990208714315234
2,UPFC_Vsh,5-15,1.1116874019029548,71,1.1082294745220034,MAP_PMU,11,0.003457927380951409
3,UPFC_tsh,5-15,-0.233075054738363,71,-0.23325051147531872,MAP_PMU,11,0.00017545673695570918
4,UPFC_Vse,5-15,0.058499395916189426,71,0.061199218680310745,MAP_PMU,11,0.0026998227641213193
5,UPFC_tse,5-15,-2.108640924316916,71,-2.1500574846163754,MAP_PMU,11,0.04141656029945917
0,x_tcsc,1-14,-0.1094972118329403,72,-0.10947218030394698,MAP_PMU,11,2.5031528993316177e-05
1,B_svc,2,0.17873247864847422,72,0.17840466658361645,MAP_PMU,11,0.0003278120648577687
2,UPFC_Vsh,5-15,1.1116564322439815,72,1.1082294745220034,MAP_PMU,11,0.0034269577219780967
3,UPFC_tsh,5-15,-0.2331341466016216,72,-0.23325051147531872,MAP_PMU,11,0.00011636487369712234
4,UPFC_Vse,5-15,0.0583319886301475,72,0.061199218680310745,MAP_PMU,11,0.002867230050163247
5,UPFC_tse,5-15,-2.117797191985852,72,-2.1500574846163754,MAP_PMU,11,0.032260292630523324
0,x_tcsc,1-14,-0.10945538587841395,73,-0.10947218030394698,MAP_PMU,11,1.6794425533026014e-05
1,B_svc,2,0.17849625278851597,73,0.17840466658361645,MAP_PMU,11,9.158620489951863e-05
2,UPFC_Vsh,5-15,1.1116481666066804,73,1.1082294745220034,MAP_PMU,11,0.003418692084677044
3,UPFC_tsh,5-15,-0.2331335103920227,73,-0.23325051147531872,MAP_PMU,11,0.00011700108329601444
4,UPFC_Vse,5-15,0.058393257949987454,73,0.061199218680310745,MAP_PMU,11,0.002805960730323291
5,UPFC_tse,5-15,-2.1220154447995125,73,-2.1500574846163754,MAP_PMU,11,0.028042039816862818
0,x_tcsc,1-14,-0.10954757812427586,74,-0.10947218030394698,MAP_PMU,11,7.53978203288791e-05
1,B_svc,2,0.17848854010376405,74,0.17840466658361645,MAP_PMU,11,8.387352014760374e-05
2,UPFC_Vsh,5-15,1.1120257702112935,74,1.1082294745220034,MAP_PMU,11,0.0037962956892900745
3,UPFC_tsh,5-15,-0.23309955498469498,74,-0.23325051147531872,MAP_PMU,11,0.00015095649062374372
4,UPFC_Vse,5-15,0.05870082371328921,74,0.061199218680310745,MAP_PMU,11,0.0024983949670215333
5,UPFC_tse,5-15,-2.1236286498399615,74,-2.1500574846163754,MAP_PMU,11,0.02642883477641389
0,x_tcsc,1-14,-0.10952004058239323,75,-0.10947218030394698,MAP_PMU,11,4.786027844624896e-05
1,B_svc,2,0.17837457305057494,75,0.17840466658361645,MAP_PMU,11,3.0093533041508636e-05
2,UPFC_Vsh,5-15,1.1117562717832243,75,1.1082294745220034,MAP_PMU,11,0.0035267972612209597
3,UPFC_tsh,5-15,-0.23310768713290295,75,-0.23325051147531872,MAP_PMU,11,0.00014282434241577602
4,UPFC_Vse,5-15,0.058544967105818184,75,0.061199218680310745,MAP_PMU,11,0.002654251574492561
5,UPFC_tse,5-15,-2.1177099282963034,75,-2.1500574846163754,MAP_PMU,11,0.03234755632007191
0,x_tcsc,1-14,-0.10946299852135333,76,-0.10947218030394698,MAP_PMU,11,9.181782593653542e-06
1,B_svc,2,0.17876456244487768,76,0.17840466658361645,MAP_PMU,11,0.00035989586126122797
2,UPFC_Vsh,5-15,1.111773170634086,76,1.1082294745220034,MAP_PMU,11,0.003543696112082717
3,UPFC_tsh,5-15,-0.23316359087127575,76,-0.23325051147531872,MAP_PMU,11,8.692060404297264e-05
4,UPFC_Vse,5-15,0.059140839082156955,76,0.061199218680310745,MAP_PMU,11,0.0020583795981537895
5,UPFC_tse,5-15,-2.120586597098059,76,-2.1500574846163754,MAP_PMU,11,0.029470887518316502
0,x_tcsc,1-14,-0.10948727377699269,77,-0.10947218030394698,MAP_PMU,11,1.5093473045707517e-05
1,B_svc,2,0.17840329164093727,77,0.17840466658361645,MAP_PMU,11,1.3749426791831443e-06
2,UPFC_Vsh,5-15,1.11184693400999,77,1.1082294745220034,MAP_PMU,11,0.0036174594879865296
3,UPFC_tsh,5-15,-0.2330781192933008,77,-0.23325051147531872,MAP_PMU,11,0.00017239218201792195
4,UPFC_Vse,5-15,0.05862973576891355,77,0.061199218680310745,MAP_PMU,11,0.0025694829113971918
5,UPFC_tse,5-15,-2.1104001051198398,77,-2.1500574846163754,MAP_PMU,11,0.03965737949653558
0,x_tcsc,1-14,-0.10947674226721768,78,-0.10947218030394698,MAP_PMU,11,4.561963270699465e-06
1,B_svc,2,0.17803743150293333,78,0.17840466658361645,MAP_PMU,11,0.0003672350806831204
2,UPFC_Vsh,5-15,1.1114024331820334,78,1.1082294745220034,MAP_PMU,11,0.0031729586600299786
3,UPFC_tsh,5-15,-0.23316080059544966,78,-0.23325051147531872,MAP_PMU,11,8.971087986905935e-05
4,UPFC_Vse,5-15,0.058821932638148194,78,0.061199218680310745,MAP_PMU,11,0.0023772860421625505
5,UPFC_tse,5-15,-2.120896366998002,78,-2.1500574846163754,MAP_PMU,11,0.029161117618373478
0,x_tcsc,1-14,-0.10950657299306915,79,-0.10947218030394698,MAP_PMU,11,3.4392689122170195e-05
1,B_svc,2,0.17846725145735887,79,0.17840466658361645,MAP_PMU,11,6.258487374241617e-05
2,UPFC_Vsh,5-15,1.1117175875699943,79,1.1082294745220034,MAP_PMU,11,0.003488113047990904
3,UPFC_tsh,5-15,-0.23311085066445342,79,-0.23325051147531872,MAP_PMU,11,0.00013966081086530524
4,UPFC_Vse,5-15,0.05839331614848915,79,0.061199218680310745,MAP_PMU,11,0.0028059025318215927
5,UPFC_tse,5-15,-2.1237685919748754,79,-2.1500574846163754,MAP_PMU,11,0.026288892641499917
0,x_tcsc,1-14,-0.10949667046874981,80,-0.10947218030394698,MAP_PMU,11,2.4490164802826175e-05
1,B_svc,2,0.17844118370191506,80,0.17840466658361645,MAP_PMU,11,3.651711829860682e-05
2,UPFC_Vsh,5-15,1.1117713532897802,80,1.1082294745220034,MAP_PMU,11,0.003541878767776785
3,UPFC_tsh,5-15,-0.2332189617983322,80,-0.23325051147531872,MAP_PMU,11,3.154967698651423e-05
4,UPFC_Vse,5-15,0.05904609665472082,80,0.061199218680310745,MAP_PMU,11,0.0021531220255899264
5,UPFC_tse,5-15,-2.1243490165949166,80,-2.1500574846163754,MAP_PMU,11,0.025708468021458764
0,x_tcsc,1-14,-0.1094821716140853,81,-0.10947218030394698,MAP_PMU,11,9.991310138318665e-06
1,B_svc,2,0.1783407559119188,81,0.17840466658361645,MAP_PMU,11,6.391067169764231e-05
2,UPFC_Vsh,5-15,1.111434387092824,81,1.1082294745220034,MAP_PMU,11,0.0032049125708206727
3,UPFC_tsh,5-15,-0.2331609289366077,81,-0.23325051147531872,MAP_PMU,11,8.958253871102495e-05
4,UPFC_Vse,5-15,0.05847006613681545,81,0.061199218680310745,MAP_PMU,11,0.002729152543495296
5,UPFC_tse,5-15,-2.1281014054340113,81,-2.1500574846163754,MAP_PMU,11,0.021956079182364086
0,x_tcsc,1-14,-0.10947846981199899,82,-0.10947218030394698,MAP_PMU,11,6.289508052009785e-06
1,B_svc,2,0.17839629666559917,82,0.17840466658361645,MAP_PMU,11,8.369918017281375e-06
2,UPFC_Vsh,5-15,1.1117887992217426,82,1.1082294745220034,MAP_PMU,11,0.003559324699739186
3,UPFC_tsh,5-15,-0.2331868014595214,82,-0.23325051147531872,MAP_PMU,11,6.371001579733027e-05
4,UPFC_Vse,5-15,0.05867787039608438,82,0.061199218680310745,MAP_PMU,11,0.0025213482842263643
5,UPFC_tse,5-15,-2.1095701080893643,82,-2.1500574846163754,MAP_PMU,11,0.040487376527011065
0,x_tcsc,1-14,-0.10950776438132856,83,-0.10947218030394698,MAP_PMU,11,3.558407738157854e-05
1,B_svc,2,0.17877876443597718,83,0.17840466658361645,MAP_PMU,11,0.00037409785236072746
2,UPFC_Vsh,5-15,1.1117210366595445,83,1.1082294745220034,MAP_PMU,11,0.0034915621375410932
3,UPFC_tsh,5-15,-0.2330830000897518,83,-0.23325051147531872,MAP_PMU,11,0.0001675113855669208
4,UPFC_Vse,5-15,0.0588237248495709,83,0.061199218680310745,MAP_PMU,11,0.0023754938307398443
5,UPFC_tse,5-15,-2.1113486077672223,83,-2.1500574846163754,MAP_PMU,11,0.03870887684915303
0,x_tcsc,1-14,-0.1094780026629279,84,-0.10947218030394698,MAP_PMU,11,5.822358980916986e-06
1,B_svc,2,0.1785739194550782,84,0.17840466658361645,MAP_PMU,11,0.00016925287146174472
2,UPFC_Vsh,5-15,1.1116574661419774,84,1.1082294745220034,MAP_PMU,11,0.00342799161997398
3,UPFC_tsh,5-15,-0.2331745576225306,84,-0.23325051147531872,MAP_PMU,11,7.595385278813538e-05
4,UPFC_Vse,5-15,0.05909993500960137,84,0.061199218680310745,MAP_PMU,11,0.0020992836707093773
5,UPFC_tse,5-15,-2.1192700327316194,84,-2.1500574846163754,MAP_PMU,11,0.030787451884755956
0,x_tcsc,1-14,-0.1094981324694059,85,-0.10947218030394698,MAP_PMU,11,2.5952165458920096e-05
1,B_svc,2,0.1785484189543065,85,0.17840466658361645,MAP_PMU,11,0.00014375237069005897
2,UPFC_Vsh,5-15,1.1113537893866727,85,1.1082294745220034,MAP_PMU,11,0.003124314864669353
3,UPFC_tsh,5-15,-0.233243963144222,85,-0.23325051147531872,MAP_PMU,11,6.548331096728477e-06
4,UPFC_Vse,5-15,0.058918326576669906,85,0.061199218680310745,MAP_PMU,11,0.0022808921036408386
5,UPFC_tse,5-15,-2.129792834213223,85,-2.1500574846163754,MAP_PMU,11,0.020264650403152284
0,x_tcsc,1-14,-0.10950984787519828,86,-0.10947218030394698,MAP_PMU,11,3.766757125130138e-05
1,B_svc,2,0.178389803427856,86,0.17840466658361645,MAP_PMU,11,1.486315576046393e-05
2,UPFC_Vsh,5-15,1.1118879525783525,86,1.1082294745220034,MAP_PMU,11,0.0036584780563491126
3,UPFC_tsh,5-15,-0.23321342801965553,86,-0.23325051147531872,MAP_PMU,11,3.708345566319493e-05
4,UPFC_Vse,5-15,0.0590579298164347,86,0.061199218680310745,MAP_PMU,11,0.0021412888638760452
5,UPFC_tse,5-15,-2.124969592242835,86,-2.1500574846163754,MAP_PMU,11,0.025087892373540477
0,x_tcsc,1-14,-0.10949432174478889,87,-0.10947218030394698,MAP_PMU,11,2.2141440841907944e-05
1,B_svc,2,0.17843193254653883,87,0.17840466658361645,MAP_PMU,11,2.726596292237926e-05
2,UPFC_Vsh,5-15,1.111557536938868,87,1.1082294745220034,MAP_PMU,11,0.0033280624168645634
3,UPFC_tsh,5-15,-0.23314307363018077,87,-0.23325051147531872,MAP_PMU,11,0.00010743784513794763
4,UPFC_Vse,5-15,0.058453889837949025,87,0.061199218680310745,MAP_PMU,11,0.0027453288423617203
5,UPFC_tse,5-15,-2.1219110828407266,87,-2.1500574846163754,MAP_PMU,11,0.028146401775648755
0,x_tcsc,1-14,-0.10949600548312335,88,-0.10947218030394698,MAP_PMU,11,2.382517917637328e-05
1,B_svc,2,0.17921671725637048,88,0.17840466658361645,MAP_PMU,11,0.0008120506727540278
2,UPFC_Vsh,5-15,1.111293228180266,88,1.1082294745220034,MAP_PMU,11,0.0030637536582627245
3,UPFC_tsh,5-15,-0.23317747314538081,88,-0.23325051147531872,MAP_PMU,11,7.303832993790782e-05
4,UPFC_Vse,5-15,0.058673524141065844,88,0.061199218680310745,MAP_PMU,11,0.0025256945392449007
5,UPFC_tse,5-15,-2.1262453543232507,88,-2.1500574846163754,MAP_PMU,11,0.023812130293124678
0,x_tcsc,1-14,-0.10949845237945718,89,-0.10947218030394698,MAP_PMU,11,2.6272075510203052e-05
1,B_svc,2,0.17843582434649863,89,0.17840466658361645,MAP_PMU,11,3.1157762882177975e-05
2,UPFC_Vsh,5-15,1.1114426757003661,89,1.1082294745220034,MAP_PMU,11,0.003213201178362768
3,UPFC_tsh,5-15,-0.23318801547631265,89,-0.23325051147531872,MAP_PMU,11,6.249599900606806e-05
4,UPFC_Vse,5-15,0.05863770423350171,89,0.061199218680310745,MAP_PMU,11,0.002561514446809035
5,UPFC_tse,5-15,-2.1211135536102894,89,-2.1500574846163754,MAP_PMU,11,0.028943931006085943
0,x_tcsc,1-14,-0.10948794226330705,90,-0.10947218030394698,MAP_PMU,11,1.5761959360066635e-05
1,B_svc,2,0.17807355859719576,90,0.17840466658361645,MAP_PMU,11,0.0003311079864206923
2,UPFC_Vsh,5-15,1.1112530399826899,90,1.1082294745220034,MAP_PMU,11,0.003023565460686495
3,UPFC_tsh,5-15,-0.23315261162166953,90,-0.23325051147531872,MAP_PMU,11,9.789985364919152e-05
4,UPFC_Vse,5-15,0.05891312530877881,90,0.061199218680310745,MAP_PMU,11,0.002286093371531933
5,UPFC_tse,5-15,-2.117088085548753,90,-2.1500574846163754,MAP_PMU,11,0.03296939906762253
0,x_tcsc,1-14,-0.10949320742896744,91,-0.10947218030394698,MAP_PMU,11,2.1027125020459114e-05
1,B_svc,2,0.1784017980575342,91,0.17840466658361645,MAP_PMU,11,2.8685260822503e-06
2,UPFC_Vsh,5-15,1.1117344867183452,91,1.1082294745220034,MAP_PMU,11,0.0035050121963418057
3,UPFC_tsh,5-15,-0.2331459574711505,91,-0.23325051147531872,MAP_PMU,11,0.00010455400416822802
4,UPFC_Vse,5-15,0.05845322916608878,91,0.061199218680310745,MAP_PMU,11,0.002745989514221968
5,UPFC_tse,5-15,-2.122387105123304,91,-2.1500574846163754,MAP_PMU,11,0.027670379493071273
0,x_tcsc,1-14,-0.10949184528214448,92,-0.10947218030394698,MAP_PMU,11,1.9664978197497796e-05
1,B_svc,2,0.1783678621171155,92,0.17840466658361645,MAP_PMU,11,3.680446650095037e-05
2,UPFC_Vsh,5-15,1.1115981819522165,92,1.1082294745220034,MAP_PMU,11,0.0033687074302131137
3,UPFC_tsh,5-15,-0.23319359984265348,92,-0.23325051147531872,MAP_PMU,11,5.691163266524635e-05
4,UPFC_Vse,5-15,0.05938804552733179,92,0.061199218680310745,MAP_PMU,11,0.0018111731529789551
5,UPFC_tse,5-15,-2.121191396679797,92,-2.1500574846163754,MAP_PMU,11,0.0288660879365783
0,x_tcsc,1-14,-0.10948997415590175,93,-0.10947218030394698,MAP_PMU,11,1.7793851954772677e-05
1,B_svc,2,0.17828993451101216,93,0.17840466658361645,MAP_PMU,11,0.00011473207260428997
2,UPFC_Vsh,5-15,1.1112033627029034,93,1.1082294745220034,MAP_PMU,11,0.002973888180900053
3,UPFC_tsh,5-15,-0.23317761347605692,93,-0.23325051147531872,MAP_PMU,11,7.289799926180063e-05
4,UPFC_Vse,5-15,0.059243214316655426,93,0.061199218680310745,MAP_PMU,11,0.0019560043636553184
5,UPFC_tse,5-15,-2.1171681907660727,93,-2.1500574846163754,MAP_PMU,11,0.0328892938503027
0,x_tcsc,1-14,-0.10948196288050979,94,-0.10947218030394698,MAP_PMU,11,9.78257656281123e-06
1,B_svc,2,0.17813876254766392,94,0.17840466658361645,MAP_PMU,11,0.00026590403595253
2,UPFC_Vsh,5-15,1.111143372293977,94,1.1082294745220034,MAP_PMU,11,0.002913897771973595
3,UPFC_tsh,5-15,-0.23320526945910713,94,-0.23325051147531872,MAP_PMU,11,4.524201621158852e-05
4,UPFC_Vse,5-15,0.05845692903625906,94,0.061199218680310745,MAP_PMU,11,0.002742289644051682
5,UPFC_tse,5-15,-2.127278405970203,94,-2.1500574846163754,MAP_PMU,11,0.022779078646172568
0,x_tcsc,1-14,-0.10951186718321611,95,-0.10947218030394698,MAP_PMU,11,3.968687926912684e-05
1,B_svc,2,0.17839690497942845,95,0.17840466658361645,MAP_PMU,11,7.761604188000204e-06
2,UPFC_Vsh,5-15,1.1116742345328823,95,1.1082294745220034,MAP_PMU,11,0.0034447600108789
3,UPFC_tsh,5-15,-0.23315311696618396,95,-0.23325051147531872,MAP_PMU,11,9.739450913476277e-05
4,UPFC_Vse,5-15,0.059086802985263684,95,0.061199218680310745,MAP_PMU,11,0.002112415695047061
5,UPFC_tse,5-15,-2.117227388302306,95,-2.1500574846163754,MAP_PMU,11,0.0328300963140693
0,x_tcsc,1-14,-0.10946116152488078,96,-0.10947218030394698,MAP_PMU,11,1.1018779066201967e-05
1,B_svc,2,0.17782854802459439,96,0.17840466658361645,MAP_PMU,11,0.0005761185590220652
2,UPFC_Vsh,5-15,1.1113266829470003,96,1.1082294745220034,MAP_PMU,11,0.0030972084249969445
3,UPFC_tsh,5-15,-0.23317438665717766,96,-0.23325051147531872,MAP_PMU,11,7.612481814106564e-05
4,UPFC_Vse,5-15,0.05825345722490803,96,0.061199218680310745,MAP_PMU,11,0.0029457614554027137
5,UPFC_tse,5-15,-2.1341637912379188,96,-2.1500574846163754,MAP_PMU,11,0.015893693378456586
0,x_tcsc,1-14,-0.10946965622325683,97,-0.10947218030394698,MAP_PMU,11,2.5240806901527524e-06
1,B_svc,2,0.17879516114018712,97,0.17840466658361645,MAP_PMU,11,0.00039049455657066967
2,UPFC_Vsh,5-15,1.111802500477316,97,1.1082294745220034,MAP_PMU,11,0.0035730259553126142
3,UPFC_tsh,5-15,-0.23315480168511185,97,-0.23325051147531872,MAP_PMU,11,9.570979020687154e-05
4,UPFC_Vse,5-15,0.05874036940324169,97,0.061199218680310745,MAP_PMU,11,0.0024588492770690543
5,UPFC_tse,5-15,-2.118206118692773,97,-2.1500574846163754,MAP_PMU,11,0.03185136592360216
0,x_tcsc,1-14,-0.10948050478924597,98,-0.10947218030394698,MAP_PMU,11,8.324485298985551e-06
1,B_svc,2,0.17839407948893227,98,0.17840466658361645,MAP_PMU,11,1.0587094684183507e-05
2,UPFC_Vsh,5-15,1.111534257398858,98,1.1082294745220034,MAP_PMU,11,0.0033047828768546506
3,UPFC_tsh,5-15,-0.2331791617314811,98,-0.23325051147531872,MAP_PMU,11,7.134974383762871e-05
4,UPFC_Vse,5-15,0.05863929862085658,98,0.061199218680310745,MAP_PMU,11,0.002559920059454164
5,UPFC_tse,5-15,-2.1226648674173685,98,-2.1500574846163754,MAP_PMU,11,0.027392617199006875
0,x_tcsc,1-14,-0.10947843736913886,99,-0.10947218030394698,MAP_PMU,11,6.2570651918752995e-06
1,B_svc,2,0.1788042223776905,99,0.17840466658361645,MAP_PMU,11,0.0003995557940740524
2,UPFC_Vsh,5-15,1.1116534872612214,99,1.1082294745220034,MAP_PMU,11,0.0034240127392179964
3,UPFC_tsh,5-15,-0.23325795006694727,99,-0.23325051147531872,MAP_PMU,11,7.438591628550206e-06
4,UPFC_Vse,5-15,0.059365782506980096,99,0.061199218680310745,MAP_PMU,11,0.0018334361733306492
5,UPFC_tse,5-15,-2.1306707659967787,99,-2.1500574846163754,MAP_PMU,11,0.01938671861959662
0,x_tcsc,1-14,-0.10881575819427249,0,-0.10881859715735988,MAP_PMU,13,2.838963087392621e-06
1,B_svc,2,0.17668674410533175,0,0.17701758795075362,MAP_PMU,13,0.00033084384542186873
2,UPFC_Vsh,5-15,1.1114422076519441,0,1.108194153716509,MAP_PMU,13,0.0032480539354351468
3,UPFC_tsh,5-15,-0.2337909098438455,0,-0.23388672030178118,MAP_PMU,13,9.581045793566334e-05
4,UPFC_Vse,5-15,0.058553876378558106,0,0.061591978129866186,MAP_PMU,13,0.0030381017513080796
5,UPFC_tse,5-15,-2.130326134004481,0,-2.154578417998358,MAP_PMU,13,0.024252283993877022
0,x_tcsc,1-14,-0.10880533234831324,1,-0.10881859715735988,MAP_PMU,13,1.3264809046634185e-05
1,B_svc,2,0.17718454211963205,1,0.17701758795075362,MAP_PMU,13,0.00016695416887843595
2,UPFC_Vsh,5-15,1.1116415338413919,1,1.108194153716509,MAP_PMU,13,0.0034473801248828817
3,UPFC_tsh,5-15,-0.2337876766464277,1,-0.23388672030178118,MAP_PMU,13,9.90436553534868e-05
4,UPFC_Vse,5-15,0.05867212685410592,1,0.061591978129866186,MAP_PMU,13,0.002919851275760263
5,UPFC_tse,5-15,-2.116392605799465,1,-2.154578417998358,MAP_PMU,13,0.03818581219889294
0,x_tcsc,1-14,-0.10884529401346986,2,-0.10881859715735988,MAP_PMU,13,2.6696856109981182e-05
1,B_svc,2,0.17722074340695046,2,0.17701758795075362,MAP_PMU,13,0.00020315545619684072
2,UPFC_Vsh,5-15,1.111397347568255,2,1.108194153716509,MAP_PMU,13,0.0032031938517460556
3,UPFC_tsh,5-15,-0.2338007950519485,2,-0.23388672030178118,MAP_PMU,13,8.592524983266903e-05
4,UPFC_Vse,5-15,0.05904969347287829,2,0.061591978129866186,MAP_PMU,13,0.0025422846569878935
5,UPFC_tse,5-15,-2.1279069715996797,2,-2.154578417998358,MAP_PMU,13,0.026671446398678356
0,x_tcsc,1-14,-0.10881846142223107,3,-0.10881859715735988,MAP_PMU,13,1.3573512880338257e-07
1,B_svc,2,0.1764501489388517,3,0.17701758795075362,MAP_PMU,13,0.0005674390119019268
2,UPFC_Vsh,5-15,1.1116052362582476,3,1.108194153716509,MAP_PMU,13,0.003411082541738608
3,UPFC_tsh,5-15,-0.23385287403517943,3,-0.23388672030178118,MAP_PMU,13,3.384626660174472e-05
4,UPFC_Vse,5-15,0.058921965633605564,3,0.061591978129866186,MAP_PMU,13,0.0026700124962606223
5,UPFC_tse,5-15,-2.1350861379957027,3,-2.154578417998358,MAP_PMU,13,0.01949228000265535
0,x_tcsc,1-14,-0.10882240839739467,4,-0.10881859715735988,MAP_PMU,13,3.8112400347900532e-06
1,B_svc,2,0.1773825220745418,4,0.17701758795075362,MAP_PMU,13,0.00036493412378818535
2,UPFC_Vsh,5-15,1.1116369981317962,4,1.108194153716509,MAP_PMU,13,0.003442844415287194
3,UPFC_tsh,5-15,-0.233774962726814,4,-0.23388672030178118,MAP_PMU,13,0.00011175757496717509
4,UPFC_Vse,5-15,0.05893153757150459,4,0.061591978129866186,MAP_PMU,13,0.002660440558361593
5,UPFC_tse,5-15,-2.1255756466398648,4,-2.154578417998358,MAP_PMU,13,0.029002771358493273
0,x_tcsc,1-14,-0.10880456614418509,5,-0.10881859715735988,MAP_PMU,13,1.4031013174792273e-05
1,B_svc,2,0.17702741115039095,5,0.17701758795075362,MAP_PMU,13,9.823199637326585e-06
2,UPFC_Vsh,5-15,1.1118146742975168,5,1.108194153716509,MAP_PMU,13,0.0036205205810078134
3,UPFC_tsh,5-15,-0.23382592818747197,5,-0.23388672030178118,MAP_PMU,13,6.079211430920495e-05
4,UPFC_Vse,5-15,0.05908581447203746,5,0.061591978129866186,MAP_PMU,13,0.0025061636578287277
5,UPFC_tse,5-15,-2.1266488536211656,5,-2.154578417998358,MAP_PMU,13,0.027929564377192406
0,x_tcsc,1-14,-0.10884875047795267,6,-0.10881859715735988,MAP_PMU,13,3.015332059279341e-05
1,B_svc,2,0.17678858508886525,6,0.17701758795075362,MAP_PMU,13,0.00022900286188837216
2,UPFC_Vsh,5-15,1.1122161826339547,6,1.108194153716509,MAP_PMU,13,0.004022028917445741
3,UPFC_tsh,5-15,-0.23379511626227364,6,-0.23388672030178118,MAP_PMU,13,9.160403950753127e-05
4,UPFC_Vse,5-15,0.059008818937492984,6,0.061591978129866186,MAP_PMU,13,0.0025831591923732022
5,UPFC_tse,5-15,-2.1226541181857326,6,-2.154578417998358,MAP_PMU,13,0.031924299812625456
0,x_tcsc,1-14,-0.10884278408692692,7,-0.10881859715735988,MAP_PMU,13,2.4186929567043824e-05
1,B_svc,2,0.17723417953739953,7,0.17701758795075362,MAP_PMU,13,0.0002165915866459145
2,UPFC_Vsh,5-15,1.111567586126273,7,1.108194153716509,MAP_PMU,13,0.0033734324097640656
3,UPFC_tsh,5-15,-0.23380745426440225,7,-0.23388672030178118,MAP_PMU,13,7.926603737892779e-05
4,UPFC_Vse,5-15,0.058230554478055085,7,0.061591978129866186,MAP_PMU,13,0.0033614236518111004
5,UPFC_tse,5-15,-2.1203340219630964,7,-2.154578417998358,MAP_PMU,13,0.03424439603526164
0,x_tcsc,1-14,-0.1088396948905428,8,-0.10881859715735988,MAP_PMU,13,2.1097733182928735e-05
1,B_svc,2,0.17690217418748158,8,0.17701758795075362,MAP_PMU,13,0.00011541376327203756
2,UPFC_Vsh,5-15,1.1118311380592665,8,1.108194153716509,MAP_PMU,13,0.003636984342757499
3,UPFC_tsh,5-15,-0.2337188801068562,8,-0.23388672030178118,MAP_PMU,13,0.0001678401949249675
4,UPFC_Vse,5-15,0.05865632403168823,8,0.061591978129866186,MAP_PMU,13,0.0029356540981779547
5,UPFC_tse,5-15,-2.120338039564075,8,-2.154578417998358,MAP_PMU,13,0.03424037843428307
0,x_tcsc,1-14,-0.10883951388352152,9,-0.10881859715735988,MAP_PMU,13,2.091672616164053e-05
1,B_svc,2,0.17687389842557258,9,0.17701758795075362,MAP_PMU,13,0.00014368952518103995
2,UPFC_Vsh,5-15,1.1120440394322881,9,1.108194153716509,MAP_PMU,13,0.0038498857157791555
3,UPFC_tsh,5-15,-0.23377069746064505,9,-0.23388672030178118,MAP_PMU,13,0.00011602284113612638
4,UPFC_Vse,5-15,0.05889741895846874,9,0.061591978129866186,MAP_PMU,13,0.002694559171397444
5,UPFC_tse,5-15,-2.11762878414658,9,-2.154578417998358,MAP_PMU,13,0.036949633851778074
0,x_tcsc,1-14,-0.10883014929449769,10,-0.10881859715735988,MAP_PMU,13,1.1552137137813001e-05
1,B_svc,2,0.17682414350131673,10,0.17701758795075362,MAP_PMU,13,0.00019344444943689143
2,UPFC_Vsh,5-15,1.1114189096484866,10,1.108194153716509,MAP_PMU,13,0.0032247559319775743
3,UPFC_tsh,5-15,-0.23376010751738796,10,-0.23388672030178118,MAP_PMU,13,0.00012661278439321522
4,UPFC_Vse,5-15,0.05834958858961813,10,0.061591978129866186,MAP_PMU,13,0.003242389540248053
5,UPFC_tse,5-15,-2.1145569472145116,10,-2.154578417998358,MAP_PMU,13,0.040021470783846436
0,x_tcsc,1-14,-0.10882840786932371,11,-0.10881859715735988,MAP_PMU,13,9.810711963834096e-06
1,B_svc,2,0.1770437896555119,11,0.17701758795075362,MAP_PMU,13,2.6201704758282984e-05
2,UPFC_Vsh,5-15,1.1119324590333033,11,1.108194153716509,MAP_PMU,13,0.0037383053167943103
3,UPFC_tsh,5-15,-0.23371190706556205,11,-0.23388672030178118,MAP_PMU,13,0.00017481323621912348
4,UPFC_Vse,5-15,0.05818023396889595,11,0.061591978129866186,MAP_PMU,13,0.0034117441609702384
5,UPFC_tse,5-15,-2.1130860144279677,11,-2.154578417998358,MAP_PMU,13,0.0414924035703903
0,x_tcsc,1-14,-0.1088253238398125,12,-0.10881859715735988,MAP_PMU,13,6.726682452620758e-06
1,B_svc,2,0.1767551655025285,12,0.17701758795075362,MAP_PMU,13,0.0002624224482251081
2,UPFC_Vsh,5-15,1.1119247651295225,12,1.108194153716509,MAP_PMU,13,0.0037306114130135626
3,UPFC_tsh,5-15,-0.2337386349477757,12,-0.23388672030178118,MAP_PMU,13,0.00014808535400548384
4,UPFC_Vse,5-15,0.058503388833290336,12,0.061591978129866186,MAP_PMU,13,0.00308858929657585
5,UPFC_tse,5-15,-2.116131879103384,12,-2.154578417998358,MAP_PMU,13,0.03844653889497396
0,x_tcsc,1-14,-0.10882695063537146,13,-0.10881859715735988,MAP_PMU,13,8.353478011577375e-06
1,B_svc,2,0.1767709863019482,13,0.17701758795075362,MAP_PMU,13,0.00024660164880541124
2,UPFC_Vsh,5-15,1.111898104919611,13,1.108194153716509,MAP_PMU,13,0.003703951203102074
3,UPFC_tsh,5-15,-0.23376059687336606,13,-0.23388672030178118,MAP_PMU,13,0.0001261234284151147
4,UPFC_Vse,5-15,0.05828792041813795,13,0.061591978129866186,MAP_PMU,13,0.003304057711728238
5,UPFC_tse,5-15,-2.118140708753817,13,-2.154578417998358,MAP_PMU,13,0.03643770924454115
0,x_tcsc,1-14,-0.10881458457084107,14,-0.10881859715735988,MAP_PMU,13,4.012586518803429e-06
1,B_svc,2,0.17691058165636778,14,0.17701758795075362,MAP_PMU,13,0.00010700629438584186
2,UPFC_Vsh,5-15,1.111674036983343,14,1.108194153716509,MAP_PMU,13,0.0034798832668341273
3,UPFC_tsh,5-15,-0.23375804869841765,14,-0.23388672030178118,MAP_PMU,13,0.00012867160336352268
4,UPFC_Vse,5-15,0.05848436674477084,14,0.061591978129866186,MAP_PMU,13,0.0031076113850953477
5,UPFC_tse,5-15,-2.11626597130199,14,-2.154578417998358,MAP_PMU,13,0.03831244669636824
0,x_tcsc,1-14,-0.10881993705770164,15,-0.10881859715735988,MAP_PMU,13,1.3399003417624566e-06
1,B_svc,2,0.17667096965899612,15,0.17701758795075362,MAP_PMU,13,0.00034661829175750003
2,UPFC_Vsh,5-15,1.1115329668580163,15,1.108194153716509,MAP_PMU,13,0.003338813141507302
3,UPFC_tsh,5-15,-0.23378225597624933,15,-0.23388672030178118,MAP_PMU,13,0.00010446432553185003
4,UPFC_Vse,5-15,0.058998760450212746,15,0.061591978129866186,MAP_PMU,13,0.0025932176796534395
5,UPFC_tse,5-15,-2.1189274974771624,15,-2.154578417998358,MAP_PMU,13,0.03565092052119567
0,x_tcsc,1-14,-0.10884079697960067,16,-0.10881859715735988,MAP_PMU,13,2.2199822240789868e-05
1,B_svc,2,0.17676813172588243,16,0.17701758795075362,MAP_PMU,13,0.00024945622487118624
2,UPFC_Vsh,5-15,1.111177984142565,16,1.108194153716509,MAP_PMU,13,0.0029838304260561
3,UPFC_tsh,5-15,-0.23386596491060177,16,-0.23388672030178118,MAP_PMU,13,2.0755391179405613e-05
4,UPFC_Vse,5-15,0.059248599622450875,16,0.061591978129866186,MAP_PMU,13,0.0023433785074153113
5,UPFC_tse,5-15,-2.130854370369304,16,-2.154578417998358,MAP_PMU,13,0.023724047629054112
0,x_tcsc,1-14,-0.10882519500799746,17,-0.10881859715735988,MAP_PMU,13,6.597850637585223e-06
1,B_svc,2,0.17700110635912467,17,0.17701758795075362,MAP_PMU,13,1.6481591628952907e-05
2,UPFC_Vsh,5-15,1.1114198916539553,17,1.108194153716509,MAP_PMU,13,0.0032257379374462936
3,UPFC_tsh,5-15,-0.23376913910528663,17,-0.23388672030178118,MAP_PMU,13,0.00011758119649454835
4,UPFC_Vse,5-15,0.05844734081245664,17,0.061591978129866186,MAP_PMU,13,0.0031446373174095488
5,UPFC_tse,5-15,-2.1267824903499877,17,-2.154578417998358,MAP_PMU,13,0.027795927648370355
0,x_tcsc,1-14,-0.1088252086824475,18,-0.10881859715735988,MAP_PMU,13,6.611525087615866e-06
1,B_svc,2,0.17673494465772596,18,0.17701758795075362,MAP_PMU,13,0.0002826432930276568
2,UPFC_Vsh,5-15,1.111550250821492,18,1.108194153716509,MAP_PMU,13,0.00335609710498308
3,UPFC_tsh,5-15,-0.23383376617111284,18,-0.23388672030178118,MAP_PMU,13,5.295413066833121e-05
4,UPFC_Vse,5-15,0.059124276430034046,18,0.061591978129866186,MAP_PMU,13,0.0024677016998321394
5,UPFC_tse,5-15,-2.1263258330512693,18,-2.154578417998358,MAP_PMU,13,0.02825258494708871
0,x_tcsc,1-14,-0.10881384084291024,19,-0.10881859715735988,MAP_PMU,13,4.75631444964153e-06
1,B_svc,2,0.17734449423855694,19,0.17701758795075362,MAP_PMU,13,0.00032690628780332465
2,UPFC_Vsh,5-15,1.1111982151172877,19,1.108194153716509,MAP_PMU,13,0.0030040614007786903
3,UPFC_tsh,5-15,-0.23374508982234599,19,-0.23388672030178118,MAP_PMU,13,0.0001416304794351897
4,UPFC_Vse,5-15,0.058726542093754774,19,0.061591978129866186,MAP_PMU,13,0.0028654360361114115
5,UPFC_tse,5-15,-2.118942420336058,19,-2.154578417998358,MAP_PMU,13,0.03563599766229997
0,x_tcsc,1-14,-0.10883012596541311,20,-0.10881859715735988,MAP_PMU,13,1.1528808053232198e-05
1,B_svc,2,0.17661526877029962,20,0.17701758795075362,MAP_PMU,13,0.00040231918045399717
2,UPFC_Vsh,5-15,1.111495879487443,20,1.108194153716509,MAP_PMU,13,0.0033017257709340164
3,UPFC_tsh,5-15,-0.23389086304460488,20,-0.23388672030178118,MAP_PMU,13,4.142742823703971e-06
4,UPFC_Vse,5-15,0.05883219929027125,20,0.061591978129866186,MAP_PMU,13,0.0027597788395949327
5,UPFC_tse,5-15,-2.127728259723975,20,-2.154578417998358,MAP_PMU,13,0.026850158274382974
0,x_tcsc,1-14,-0.10884897507628373,21,-0.10881859715735988,MAP_PMU,13,3.0377918923851777e-05
1,B_svc,2,0.17733485949309777,21,0.17701758795075362,MAP_PMU,13,0.00031727154234414967
2,UPFC_Vsh,5-15,1.1116963551291785,21,1.108194153716509,MAP_PMU,13,0.0035022014126695478
3,UPFC_tsh,5-15,-0.23382664586345767,21,-0.23388672030178118,MAP_PMU,13,6.007443832350967e-05
4,UPFC_Vse,5-15,0.05933587103136288,21,0.061591978129866186,MAP_PMU,13,0.002256107098503303
5,UPFC_tse,5-15,-2.1253338546950284,21,-2.154578417998358,MAP_PMU,13,0.029244563303329585
0,x_tcsc,1-14,-0.10880751303373394,22,-0.10881859715735988,MAP_PMU,13,1.1084123625937359e-05
1,B_svc,2,0.17734593373486573,22,0.17701758795075362,MAP_PMU,13,0.00032834578411211623
2,UPFC_Vsh,5-15,1.1114322173227438,22,1.108194153716509,MAP_PMU,13,0.003238063606234798
3,UPFC_tsh,5-15,-0.23385543940268136,22,-0.23388672030178118,MAP_PMU,13,3.128089909981702e-05
4,UPFC_Vse,5-15,0.05917805569532447,22,0.061591978129866186,MAP_PMU,13,0.002413922434541714
5,UPFC_tse,5-15,-2.1211678099431555,22,-2.154578417998358,MAP_PMU,13,0.03341060805520257
0,x_tcsc,1-14,-0.10879606017468929,23,-0.10881859715735988,MAP_PMU,13,2.2536982670587347e-05
1,B_svc,2,0.17701059635955096,23,0.17701758795075362,MAP_PMU,13,6.991591202654135e-06
2,UPFC_Vsh,5-15,1.1116318949862662,23,1.108194153716509,MAP_PMU,13,0.0034377412697572662
3,UPFC_tsh,5-15,-0.23372853272434135,23,-0.23388672030178118,MAP_PMU,13,0.00015818757743982226
4,UPFC_Vse,5-15,0.05886534350199058,23,0.061591978129866186,MAP_PMU,13,0.0027266346278756043
5,UPFC_tse,5-15,-2.1136516194677792,23,-2.154578417998358,MAP_PMU,13,0.04092679853057879
0,x_tcsc,1-14,-0.10882495454309916,24,-0.10881859715735988,MAP_PMU,13,6.3573857392862365e-06
1,B_svc,2,0.17674519024180788,24,0.17701758795075362,MAP_PMU,13,0.000272397708945743
2,UPFC_Vsh,5-15,1.11156243057947,24,1.108194153716509,MAP_PMU,13,0.0033682768629610393
3,UPFC_tsh,5-15,-0.23379184775717785,24,-0.23388672030178118,MAP_PMU,13,9.48725446033305e-05
4,UPFC_Vse,5-15,0.058585410169334794,24,0.061591978129866186,MAP_PMU,13,0.003006567960531392
5,UPFC_tse,5-15,-2.1363746036722246,24,-2.154578417998358,MAP_PMU,13,0.018203814326133383
0,x_tcsc,1-14,-0.10887284744402498,25,-0.10881859715735988,MAP_PMU,13,5.425028666510012e-05
1,B_svc,2,0.17719387599764308,25,0.17701758795075362,MAP_PMU,13,0.0001762880468894612
2,UPFC_Vsh,5-15,1.1117287558018174,25,1.108194153716509,MAP_PMU,13,0.003534602085308425
3,UPFC_tsh,5-15,-0.23376616133719275,25,-0.23388672030178118,MAP_PMU,13,0.00012055896458842974
4,UPFC_Vse,5-15,0.05838283211871877,25,0.061591978129866186,MAP_PMU,13,0.0032091460111474193
5,UPFC_tse,5-15,-2.1226335179981346,25,-2.154578417998358,MAP_PMU,13,0.03194490000022343
0,x_tcsc,1-14,-0.10882877677183928,26,-0.10881859715735988,MAP_PMU,13,1.017961447939697e-05
1,B_svc,2,0.1771931181431128,26,0.17701758795075362,MAP_PMU,13,0.0001755301923591912
2,UPFC_Vsh,5-15,1.1116951513021478,26,1.108194153716509,MAP_PMU,13,0.003500997585638821
3,UPFC_tsh,5-15,-0.2337214287636159,26,-0.23388672030178118,MAP_PMU,13,0.0001652915381652742
4,UPFC_Vse,5-15,0.05846707419745004,26,0.061591978129866186,MAP_PMU,13,0.0031249039324161426
5,UPFC_tse,5-15,-2.1226981823135276,26,-2.154578417998358,MAP_PMU,13,0.03188023568483045
0,x_tcsc,1-14,-0.10881989186666316,27,-0.10881859715735988,MAP_PMU,13,1.2947093032816825e-06
1,B_svc,2,0.17679334957682002,27,0.17701758795075362,MAP_PMU,13,0.00022423837393359403
2,UPFC_Vsh,5-15,1.1114202986484194,27,1.108194153716509,MAP_PMU,13,0.003226144931910424
3,UPFC_tsh,5-15,-0.2337888519181065,27,-0.23388672030178118,MAP_PMU,13,9.786838367467632e-05
4,UPFC_Vse,5-15,0.05866941413345113,27,0.061591978129866186,MAP_PMU,13,0.0029225639964150577
5,UPFC_tse,5-15,-2.1248950867334946,27,-2.154578417998358,MAP_PMU,13,0.029683331264863444
0,x_tcsc,1-14,-0.10882171072885265,28,-0.10881859715735988,MAP_PMU,13,3.1135714927688074e-06
1,B_svc,2,0.17732927984882677,28,0.17701758795075362,MAP_PMU,13,0.00031169189807314646
2,UPFC_Vsh,5-15,1.1115729129126453,28,1.108194153716509,MAP_PMU,13,0.003378759196136283
3,UPFC_tsh,5-15,-0.23383150712936593,28,-0.23388672030178118,MAP_PMU,13,5.521317241524715e-05
4,UPFC_Vse,5-15,0.0592415234967837,28,0.061591978129866186,MAP_PMU,13,0.002350454633082484
5,UPFC_tse,5-15,-2.128852896022354,28,-2.154578417998358,MAP_PMU,13,0.025725521976004195
0,x_tcsc,1-14,-0.10883730115398246,29,-0.10881859715735988,MAP_PMU,13,1.870399662258493e-05
1,B_svc,2,0.17763088095478266,29,0.17701758795075362,MAP_PMU,13,0.0006132930040290419
2,UPFC_Vsh,5-15,1.1113987348072922,29,1.108194153716509,MAP_PMU,13,0.003204581090783254
3,UPFC_tsh,5-15,-0.23389672003714285,29,-0.23388672030178118,MAP_PMU,13,9.99973536167098e-06
4,UPFC_Vse,5-15,0.059167688936754115,29,0.061591978129866186,MAP_PMU,13,0.002424289193112071
5,UPFC_tse,5-15,-2.1297672294018986,29,-2.154578417998358,MAP_PMU,13,0.024811188596459477
0,x_tcsc,1-14,-0.10879235990742758,30,-0.10881859715735988,MAP_PMU,13,2.623724993229548e-05
1,B_svc,2,0.17718836072878608,30,0.17701758795075362,MAP_PMU,13,0.0001707727780324575
2,UPFC_Vsh,5-15,1.1117832187059085,30,1.108194153716509,MAP_PMU,13,0.003589064989399482
3,UPFC_tsh,5-15,-0.2338091046997983,30,-0.23388672030178118,MAP_PMU,13,7.761560198288331e-05
4,UPFC_Vse,5-15,0.05947167858127554,30,0.061591978129866186,MAP_PMU,13,0.0021202995485906442
5,UPFC_tse,5-15,-2.1374310880741327,30,-2.154578417998358,MAP_PMU,13,0.017147329924225296
0,x_tcsc,1-14,-0.10882830785138527,31,-0.10881859715735988,MAP_PMU,13,9.710694025388822e-06
1,B_svc,2,0.17706231736840428,31,0.17701758795075362,MAP_PMU,13,4.472941765065741e-05
2,UPFC_Vsh,5-15,1.111591349736817,31,1.108194153716509,MAP_PMU,13,0.0033971960203080798
3,UPFC_tsh,5-15,-0.2337816045253196,31,-0.23388672030178118,MAP_PMU,13,0.00010511577646157844
4,UPFC_Vse,5-15,0.05849786961341022,31,0.061591978129866186,MAP_PMU,13,0.0030941085164559665
5,UPFC_tse,5-15,-2.1275151540112835,31,-2.154578417998358,MAP_PMU,13,0.027063263987074482
0,x_tcsc,1-14,-0.10883185818484976,32,-0.10881859715735988,MAP_PMU,13,1.326102748988589e-05
1,B_svc,2,0.1774019788824845,32,0.17701758795075362,MAP_PMU,13,0.00038439093173087135
2,UPFC_Vsh,5-15,1.1119142083203506,32,1.108194153716509,MAP_PMU,13,0.003720054603841616
3,UPFC_tsh,5-15,-0.233697324947266,32,-0.23388672030178118,MAP_PMU,13,0.00018939535451517608
4,UPFC_Vse,5-15,0.05812388288944906,32,0.061591978129866186,MAP_PMU,13,0.003468095240417128
5,UPFC_tse,5-15,-2.1250836885477007,32,-2.154578417998358,MAP_PMU,13,0.029494729450657342
0,x_tcsc,1-14,-0.10881368108789648,33,-0.10881859715735988,MAP_PMU,13,4.916069463400952e-06
1,B_svc,2,0.1768822682008832,33,0.17701758795075362,MAP_PMU,13,0.00013531974987041062
2,UPFC_Vsh,5-15,1.1117471480555563,33,1.108194153716509,MAP_PMU,13,0.0035529943390473218
3,UPFC_tsh,5-15,-0.23370238873968285,33,-0.23388672030178118,MAP_PMU,13,0.00018433156209832213
4,UPFC_Vse,5-15,0.05843024135896574,33,0.061591978129866186,MAP_PMU,13,0.003161736770900446
5,UPFC_tse,5-15,-2.117962175341189,33,-2.154578417998358,MAP_PMU,13,0.03661624265716901
0,x_tcsc,1-14,-0.10884304190906263,34,-0.10881859715735988,MAP_PMU,13,2.4444751702754064e-05
1,B_svc,2,0.1768270706727372,34,0.17701758795075362,MAP_PMU,13,0.0001905172780164166
2,UPFC_Vsh,5-15,1.1116897115211464,34,1.108194153716509,MAP_PMU,13,0.0034955578046373947
3,UPFC_tsh,5-15,-0.23375393055241597,34,-0.23388672030178118,MAP_PMU,13,0.00013278974936520305
4,UPFC_Vse,5-15,0.05876696090168393,34,0.061591978129866186,MAP_PMU,13,0.002825017228182257
5,UPFC_tse,5-15,-2.118773024431764,34,-2.154578417998358,MAP_PMU,13,0.035805393566593846
0,x_tcsc,1-14,-0.1088199387124531,35,-0.10881859715735988,MAP_PMU,13,1.3415550932233122e-06
1,B_svc,2,0.1768482801980035,35,0.17701758795075362,MAP_PMU,13,0.00016930775275011967
2,UPFC_Vsh,5-15,1.111429616173844,35,1.108194153716509,MAP_PMU,13,0.00323546245733497
3,UPFC_tsh,5-15,-0.23374988342301928,35,-0.23388672030178118,MAP_PMU,13,0.00013683687876189787
4,UPFC_Vse,5-15,0.05886224727862063,35,0.061591978129866186,MAP_PMU,13,0.002729730851245553
5,UPFC_tse,5-15,-2.1092959816125334,35,-2.154578417998358,MAP_PMU,13,0.04528243638582463
0,x_tcsc,1-14,-0.10883349017137917,36,-0.10881859715735988,MAP_PMU,13,1.4893014019287665e-05
1,B_svc,2,0.17685179218814387,36,0.17701758795075362,MAP_PMU,13,0.00016579576260974949
2,UPFC_Vsh,5-15,1.1116646017482026,36,1.108194153716509,MAP_PMU,13,0.003470448031693607
3,UPFC_tsh,5-15,-0.23381217048652644,36,-0.23388672030178118,MAP_PMU,13,7.454981525473192e-05
4,UPFC_Vse,5-15,0.0588284178956764,36,0.061591978129866186,MAP_PMU,13,0.002763560234189784
5,UPFC_tse,5-15,-2.119557363668235,36,-2.154578417998358,MAP_PMU,13,0.035021054330123036
0,x_tcsc,1-14,-0.10881368900086105,37,-0.10881859715735988,MAP_PMU,13,4.9081564988257e-06
1,B_svc,2,0.17722617981680885,37,0.17701758795075362,MAP_PMU,13,0.0002085918660552355
2,UPFC_Vsh,5-15,1.111891587180613,37,1.108194153716509,MAP_PMU,13,0.003697433464104005
3,UPFC_tsh,5-15,-0.23378359898465784,37,-0.23388672030178118,MAP_PMU,13,0.00010312131712333916
4,UPFC_Vse,5-15,0.05904394876065314,37,0.061591978129866186,MAP_PMU,13,0.0025480293692130493
5,UPFC_tse,5-15,-2.1169391095466037,37,-2.154578417998358,MAP_PMU,13,0.03763930845175434
0,x_tcsc,1-14,-0.10883877597956365,38,-0.10881859715735988,MAP_PMU,13,2.0178822203772984e-05
1,B_svc,2,0.17699331545931743,38,0.17701758795075362,MAP_PMU,13,2.4272491436189148e-05
2,UPFC_Vsh,5-15,1.1118979724910911,38,1.108194153716509,MAP_PMU,13,0.003703818774582146
3,UPFC_tsh,5-15,-0.2337205889838437,38,-0.23388672030178118,MAP_PMU,13,0.00016613131793746794
4,UPFC_Vse,5-15,0.058479628646309414,38,0.061591978129866186,MAP_PMU,13,0.0031123494835567714
5,UPFC_tse,5-15,-2.1265285294285263,38,-2.154578417998358,MAP_PMU,13,0.028049888569831705
0,x_tcsc,1-14,-0.10882941937017426,39,-0.10881859715735988,MAP_PMU,13,1.082221281438478e-05
1,B_svc,2,0.17693597530201133,39,0.17701758795075362,MAP_PMU,13,8.16126487422908e-05
2,UPFC_Vsh,5-15,1.1115478804214352,39,1.108194153716509,MAP_PMU,13,0.0033537267049261743
3,UPFC_tsh,5-15,-0.23381897458581524,39,-0.23388672030178118,MAP_PMU,13,6.774571596593337e-05
4,UPFC_Vse,5-15,0.05825372725276542,39,0.061591978129866186,MAP_PMU,13,0.003338250877100768
5,UPFC_tse,5-15,-2.1169146170660795,39,-2.154578417998358,MAP_PMU,13,0.0376638009322785
0,x_tcsc,1-14,-0.10884274741114185,40,-0.10881859715735988,MAP_PMU,13,2.4150253781968223e-05
1,B_svc,2,0.17752033945771203,40,0.17701758795075362,MAP_PMU,13,0.0005027515069584154
2,UPFC_Vsh,5-15,1.1116011380519208,40,1.108194153716509,MAP_PMU,13,0.0034069843354118667
3,UPFC_tsh,5-15,-0.23383865666942896,40,-0.23388672030178118,MAP_PMU,13,4.8063632352213226e-05
4,UPFC_Vse,5-15,0.05874427839682054,40,0.061591978129866186,MAP_PMU,13,0.002847699733045647
5,UPFC_tse,5-15,-2.1156270872386207,40,-2.154578417998358,MAP_PMU,13,0.038951330759737335
0,x_tcsc,1-14,-0.10883085773524087,41,-0.10881859715735988,MAP_PMU,13,1.2260577880993107e-05
1,B_svc,2,0.17684898968375623,41,0.17701758795075362,MAP_PMU,13,0.00016859826699738845
2,UPFC_Vsh,5-15,1.1114768040164744,41,1.108194153716509,MAP_PMU,13,0.0032826502999654394
3,UPFC_tsh,5-15,-0.23384553627286406,41,-0.23388672030178118,MAP_PMU,13,4.1184028917118365e-05
4,UPFC_Vse,5-15,0.05856149473240763,41,0.061591978129866186,MAP_PMU,13,0.0030304833974585527
5,UPFC_tse,5-15,-2.1270755731158406,41,-2.154578417998358,MAP_PMU,13,0.02750284488251742
0,x_tcsc,1-14,-0.10882979796579956,42,-0.10881859715735988,MAP_PMU,13,1.1200808439679188e-05
1,B_svc,2,0.1771352941321388,42,0.17701758795075362,MAP_PMU,13,0.00011770618138517985
2,UPFC_Vsh,5-15,1.1115359728313217,42,1.108194153716509,MAP_PMU,13,0.003341819114812683
3,UPFC_tsh,5-15,-0.23379573497182526,42,-0.23388672030178118,MAP_PMU,13,9.098532995591158e-05
4,UPFC_Vse,5-15,0.058875707010917766,42,0.061591978129866186,MAP_PMU,13,0.00271627111894842
5,UPFC_tse,5-15,-2.139813428348168,42,-2.154578417998358,MAP_PMU,13,0.014764989650190241
0,x_tcsc,1-14,-0.10882600907059369,43,-0.10881859715735988,MAP_PMU,13,7.411913233806855e-06
1,B_svc,2,0.17692287859205336,43,0.17701758795075362,MAP_PMU,13,9.470935870026231e-05
2,UPFC_Vsh,5-15,1.1113262030251825,43,1.108194153716509,MAP_PMU,13,0.0031320493086735013
3,UPFC_tsh,5-15,-0.23373802785268472,43,-0.23388672030178118,MAP_PMU,13,0.0001486924490964603
4,UPFC_Vse,5-15,0.05866726959227427,43,0.061591978129866186,MAP_PMU,13,0.0029247085375919135
5,UPFC_tse,5-15,-2.125701901593344,43,-2.154578417998358,MAP_PMU,13,0.028876516405014208
0,x_tcsc,1-14,-0.10883311575584999,44,-0.10881859715735988,MAP_PMU,13,1.4518598490109724e-05
1,B_svc,2,0.17715783971174714,44,0.17701758795075362,MAP_PMU,13,0.0001402517609935261
2,UPFC_Vsh,5-15,1.11149327281731,44,1.108194153716509,MAP_PMU,13,0.00329911910080094
3,UPFC_tsh,5-15,-0.23378681761286982,44,-0.23388672030178118,MAP_PMU,13,9.990268891135745e-05
4,UPFC_Vse,5-15,0.0592864591899205,44,0.061591978129866186,MAP_PMU,13,0.0023055189399456832
5,UPFC_tse,5-15,-2.1149043420268665,44,-2.154578417998358,MAP_PMU,13,0.03967407597149153
0,x_tcsc,1-14,-0.10883306924718925,45,-0.10881859715735988,MAP_PMU,13,1.4472089829367651e-05
1,B_svc,2,0.17694052794407245,45,0.17701758795075362,MAP_PMU,13,7.70600066811733e-05
2,UPFC_Vsh,5-15,1.1116337977612867,45,1.108194153716509,MAP_PMU,13,0.003439644044777701
3,UPFC_tsh,5-15,-0.23369963963643367,45,-0.23388672030178118,MAP_PMU,13,0.00018708066534750545
4,UPFC_Vse,5-15,0.05847979652960026,45,0.061591978129866186,MAP_PMU,13,0.003112181600265926
5,UPFC_tse,5-15,-2.1071040339742986,45,-2.154578417998358,MAP_PMU,13,0.04747438402405946
0,x_tcsc,1-14,-0.10882068893688189,46,-0.10881859715735988,MAP_PMU,13,2.091779522012116e-06
1,B_svc,2,0.17728765009814867,46,0.17701758795075362,MAP_PMU,13,0.00027006214739505596
2,UPFC_Vsh,5-15,1.111521866881365,46,1.108194153716509,MAP_PMU,13,0.0033277131648559166
3,UPFC_tsh,5-15,-0.23376497251520056,46,-0.23388672030178118,MAP_PMU,13,0.00012174778658061158
4,UPFC_Vse,5-15,0.05835635245458178,46,0.061591978129866186,MAP_PMU,13,0.0032356256752844037
5,UPFC_tse,5-15,-2.1215675979466626,46,-2.154578417998358,MAP_PMU,13,0.03301082005169542
0,x_tcsc,1-14,-0.10884193116830258,47,-0.10881859715735988,MAP_PMU,13,2.333401094270493e-05
1,B_svc,2,0.176834190783802,47,0.17701758795075362,MAP_PMU,13,0.000183397166951621
2,UPFC_Vsh,5-15,1.1118887796587067,47,1.108194153716509,MAP_PMU,13,0.0036946259421977157
3,UPFC_tsh,5-15,-0.2338033140396964,47,-0.23388672030178118,MAP_PMU,13,8.340626208477864e-05
4,UPFC_Vse,5-15,0.05902414670261848,47,0.061591978129866186,MAP_PMU,13,0.002567831427247709
5,UPFC_tse,5-15,-2.1214891106477616,47,-2.154578417998358,MAP_PMU,13,0.03308930735059645
0,x_tcsc,1-14,-0.10882342345801976,48,-0.10881859715735988,MAP_PMU,13,4.826300659885319e-06
1,B_svc,2,0.17742368471146705,48,0.17701758795075362,MAP_PMU,13,0.00040609676071343137
2,UPFC_Vsh,5-15,1.1117908103331509,48,1.108194153716509,MAP_PMU,13,0.00359665661664188
3,UPFC_tsh,5-15,-0.23373280120649337,48,-0.23388672030178118,MAP_PMU,13,0.00015391909528780778
4,UPFC_Vse,5-15,0.05862442040409511,48,0.061591978129866186,MAP_PMU,13,0.002967557725771078
5,UPFC_tse,5-15,-2.1178396349500566,48,-2.154578417998358,MAP_PMU,13,0.03673878304830147
0,x_tcsc,1-14,-0.10883498737621156,49,-0.10881859715735988,MAP_PMU,13,1.6390218851677907e-05
1,B_svc,2,0.1768691264232875,49,0.17701758795075362,MAP_PMU,13,0.00014846152746611496
2,UPFC_Vsh,5-15,1.1120011379199708,49,1.108194153716509,MAP_PMU,13,0.003806984203461816
3,UPFC_tsh,5-15,-0.23377295140051305,49,-0.23388672030178118,MAP_PMU,13,0.00011376890126812977
4,UPFC_Vse,5-15,0.0585548243078788,49,0.061591978129866186,MAP_PMU,13,0.0030371538219873886
5,UPFC_tse,5-15,-2.110849834841453,49,-2.154578417998358,MAP_PMU,13,0.0437285831569052
0,x_tcsc,1-14,-0.10879704412752939,50,-0.10881859715735988,MAP_PMU,13,2.1553029830492787e-05
1,B_svc,2,0.17686338674650504,50,0.17701758795075362,MAP_PMU,13,0.00015420120424858297
2,UPFC_Vsh,5-15,1.1112818088485379,50,1.108194153716509,MAP_PMU,13,0.0030876551320289103
3,UPFC_tsh,5-15,-0.23379499464575443,50,-0.23388672030178118,MAP_PMU,13,9.172565602674765e-05
4,UPFC_Vse,5-15,0.05882192930644151,50,0.061591978129866186,MAP_PMU,13,0.002770048823424673
5,UPFC_tse,5-15,-2.124065524251621,50,-2.154578417998358,MAP_PMU,13,0.030512893746736935
0,x_tcsc,1-14,-0.10880866583610702,51,-0.10881859715735988,MAP_PMU,13,9.931321252862335e-06
1,B_svc,2,0.17732427383439786,51,0.17701758795075362,MAP_PMU,13,0.0003066858836442421
2,UPFC_Vsh,5-15,1.1112211937920993,51,1.108194153716509,MAP_PMU,13,0.0030270400755902926
3,UPFC_tsh,5-15,-0.23381793584443722,51,-0.23388672030178118,MAP_PMU,13,6.878445734395666e-05
4,UPFC_Vse,5-15,0.059020289489965926,51,0.061591978129866186,MAP_PMU,13,0.0025716886399002603
5,UPFC_tse,5-15,-2.1250985176523525,51,-2.154578417998358,MAP_PMU,13,0.02947990034600556
0,x_tcsc,1-14,-0.1088333346409736,52,-0.10881859715735988,MAP_PMU,13,1.4737483613719293e-05
1,B_svc,2,0.17719861843536533,52,0.17701758795075362,MAP_PMU,13,0.00018103048461171056
2,UPFC_Vsh,5-15,1.1118704796110148,52,1.108194153716509,MAP_PMU,13,0.0036763258945058386
3,UPFC_tsh,5-15,-0.2337911711002086,52,-0.23388672030178118,MAP_PMU,13,9.554920157256452e-05
4,UPFC_Vse,5-15,0.05867115544709356,52,0.061591978129866186,MAP_PMU,13,0.0029208226827726266
5,UPFC_tse,5-15,-2.122100671097161,52,-2.154578417998358,MAP_PMU,13,0.03247774690119698
0,x_tcsc,1-14,-0.1088281276458821,53,-0.10881859715735988,MAP_PMU,13,9.530488522216385e-06
1,B_svc,2,0.17680602039855373,53,0.17701758795075362,MAP_PMU,13,0.00021156755219989276
2,UPFC_Vsh,5-15,1.1115131605236777,53,1.108194153716509,MAP_PMU,13,0.0033190068071686785
3,UPFC_tsh,5-15,-0.2338322080778591,53,-0.23388672030178118,MAP_PMU,13,5.451222392208188e-05
4,UPFC_Vse,5-15,0.058668344008580675,53,0.061591978129866186,MAP_PMU,13,0.0029236341212855108
5,UPFC_tse,5-15,-2.129016187287141,53,-2.154578417998358,MAP_PMU,13,0.025562230711217104
0,x_tcsc,1-14,-0.10885640718623683,54,-0.10881859715735988,MAP_PMU,13,3.7810028876955615e-05
1,B_svc,2,0.17751613441774347,54,0.17701758795075362,MAP_PMU,13,0.0004985464669898521
2,UPFC_Vsh,5-15,1.111941147530169,54,1.108194153716509,MAP_PMU,13,0.00374699381366006
3,UPFC_tsh,5-15,-0.23367861893970893,54,-0.23388672030178118,MAP_PMU,13,0.00020810136207224939
4,UPFC_Vse,5-15,0.0582837732148295,54,0.061591978129866186,MAP_PMU,13,0.0033082049150366874
5,UPFC_tse,5-15,-2.123323891284852,54,-2.154578417998358,MAP_PMU,13,0.031254526713505815
0,x_tcsc,1-14,-0.10886255216039328,55,-0.10881859715735988,MAP_PMU,13,4.395500303340516e-05
1,B_svc,2,0.17688505284157868,55,0.17701758795075362,MAP_PMU,13,0.00013253510917493605
2,UPFC_Vsh,5-15,1.1119323824765415,55,1.108194153716509,MAP_PMU,13,0.0037382287600324915
3,UPFC_tsh,5-15,-0.23378319990444854,55,-0.23388672030178118,MAP_PMU,13,0.00010352039733263485
4,UPFC_Vse,5-15,0.0589664690929444,55,0.061591978129866186,MAP_PMU,13,0.002625509036921783
5,UPFC_tse,5-15,-2.1251140045927714,55,-2.154578417998358,MAP_PMU,13,0.029464413405586587
0,x_tcsc,1-14,-0.10883683921122293,56,-0.10881859715735988,MAP_PMU,13,1.8242053863054553e-05
1,B_svc,2,0.17746328871240166,56,0.17701758795075362,MAP_PMU,13,0.0004457007616480435
2,UPFC_Vsh,5-15,1.111384633192963,56,1.108194153716509,MAP_PMU,13,0.0031904794764541222
3,UPFC_tsh,5-15,-0.2337978224981546,56,-0.23388672030178118,MAP_PMU,13,8.889780362658639e-05
4,UPFC_Vse,5-15,0.05869682874507089,56,0.061591978129866186,MAP_PMU,13,0.0028951493847952925
5,UPFC_tse,5-15,-2.1226041438758543,56,-2.154578417998358,MAP_PMU,13,0.031974274122503754
0,x_tcsc,1-14,-0.10884150255979112,57,-0.10881859715735988,MAP_PMU,13,2.2905402431244726e-05
1,B_svc,2,0.17665491833019517,57,0.17701758795075362,MAP_PMU,13,0.00036266962055844787
2,UPFC_Vsh,5-15,1.1116743396881652,57,1.108194153716509,MAP_PMU,13,0.0034801859716562245
3,UPFC_tsh,5-15,-0.2338847767717091,57,-0.23388672030178118,MAP_PMU,13,1.943530072073818e-06
4,UPFC_Vse,5-15,0.05902660799376912,57,0.061591978129866186,MAP_PMU,13,0.0025653701360970685
5,UPFC_tse,5-15,-2.122648766973148,57,-2.154578417998358,MAP_PMU,13,0.03192965102521006
0,x_tcsc,1-14,-0.10884313381630635,58,-0.10881859715735988,MAP_PMU,13,2.453665894647239e-05
1,B_svc,2,0.17696113342304148,58,0.17701758795075362,MAP_PMU,13,5.645452771213533e-05
2,UPFC_Vsh,5-15,1.1116967255830972,58,1.108194153716509,MAP_PMU,13,0.0035025718665882
3,UPFC_tsh,5-15,-0.23378426403127972,58,-0.23388672030178118,MAP_PMU,13,0.00010245627050145534
4,UPFC_Vse,5-15,0.05833652160758079,58,0.061591978129866186,MAP_PMU,13,0.0032554565222853993
5,UPFC_tse,5-15,-2.1229285312265733,58,-2.154578417998358,MAP_PMU,13,0.03164988677178471
0,x_tcsc,1-14,-0.10885146694317557,59,-0.10881859715735988,MAP_PMU,13,3.286978581569511e-05
1,B_svc,2,0.1769822483281252,59,0.17701758795075362,MAP_PMU,13,3.533962262841639e-05
2,UPFC_Vsh,5-15,1.1116120025634644,59,1.108194153716509,MAP_PMU,13,0.003417848846955396
3,UPFC_tsh,5-15,-0.23376952524650305,59,-0.23388672030178118,MAP_PMU,13,0.00011719505527812979
4,UPFC_Vse,5-15,0.059088603395510024,59,0.061591978129866186,MAP_PMU,13,0.002503374734356162
5,UPFC_tse,5-15,-2.121620831637499,59,-2.154578417998358,MAP_PMU,13,0.032957586360859104
0,x_tcsc,1-14,-0.10880760303098695,60,-0.10881859715735988,MAP_PMU,13,1.0994126372926294e-05
1,B_svc,2,0.17712624592757095,60,0.17701758795075362,MAP_PMU,13,0.00010865797681733347
2,UPFC_Vsh,5-15,1.1116418959917902,60,1.108194153716509,MAP_PMU,13,0.003447742275281218
3,UPFC_tsh,5-15,-0.23378696397537874,60,-0.23388672030178118,MAP_PMU,13,9.975632640243925e-05
4,UPFC_Vse,5-15,0.0589836800001826,60,0.061591978129866186,MAP_PMU,13,0.0026082981296835853
5,UPFC_tse,5-15,-2.116156416465071,60,-2.154578417998358,MAP_PMU,13,0.03842200153328701
0,x_tcsc,1-14,-0.10881099278651075,61,-0.10881859715735988,MAP_PMU,13,7.604370849123576e-06
1,B_svc,2,0.17668510580212746,61,0.17701758795075362,MAP_PMU,13,0.000332482148626162
2,UPFC_Vsh,5-15,1.1117282667381938,61,1.108194153716509,MAP_PMU,13,0.003534113021684826
3,UPFC_tsh,5-15,-0.23373100110369588,61,-0.23388672030178118,MAP_PMU,13,0.00015571919808529677
4,UPFC_Vse,5-15,0.05878919500278409,61,0.061591978129866186,MAP_PMU,13,0.002802783127082098
5,UPFC_tse,5-15,-2.1132788563477534,61,-2.154578417998358,MAP_PMU,13,0.041299561650604666
0,x_tcsc,1-14,-0.1088468833718967,62,-0.10881859715735988,MAP_PMU,13,2.828621453682123e-05
1,B_svc,2,0.17722794562813057,62,0.17701758795075362,MAP_PMU,13,0.00021035767737695443
2,UPFC_Vsh,5-15,1.1113432857326733,62,1.108194153716509,MAP_PMU,13,0.003149132016164291
3,UPFC_tsh,5-15,-0.23383864600691795,62,-0.23388672030178118,MAP_PMU,13,4.807429486322623e-05
4,UPFC_Vse,5-15,0.05907278841103584,62,0.061591978129866186,MAP_PMU,13,0.0025191897188303475
5,UPFC_tse,5-15,-2.122604837707379,62,-2.154578417998358,MAP_PMU,13,0.031973580290979076
0,x_tcsc,1-14,-0.10881513941805881,63,-0.10881859715735988,MAP_PMU,13,3.4577393010631896e-06
1,B_svc,2,0.17705772306177267,63,0.17701758795075362,MAP_PMU,13,4.013511101905176e-05
2,UPFC_Vsh,5-15,1.1119824789964254,63,1.108194153716509,MAP_PMU,13,0.00378832527991646
3,UPFC_tsh,5-15,-0.23363259207880008,63,-0.23388672030178118,MAP_PMU,13,0.00025412822298109816
4,UPFC_Vse,5-15,0.058285713277321426,63,0.061591978129866186,MAP_PMU,13,0.00330626485254476
5,UPFC_tse,5-15,-2.1129264525117173,63,-2.154578417998358,MAP_PMU,13,0.04165196548664074
0,x_tcsc,1-14,-0.10885282889711623,64,-0.10881859715735988,MAP_PMU,13,3.423173975634908e-05
1,B_svc,2,0.1772281124357159,64,0.17701758795075362,MAP_PMU,13,0.00021052448496228227
2,UPFC_Vsh,5-15,1.1115694332192403,64,1.108194153716509,MAP_PMU,13,0.00337527950273131
3,UPFC_tsh,5-15,-0.23386700689168202,64,-0.23388672030178118,MAP_PMU,13,1.9713410099153617e-05
4,UPFC_Vse,5-15,0.059209129133730096,64,0.061591978129866186,MAP_PMU,13,0.00238284899613609
5,UPFC_tse,5-15,-2.1276215050284426,64,-2.154578417998358,MAP_PMU,13,0.026956912969915425
0,x_tcsc,1-14,-0.10881900067838626,65,-0.10881859715735988,MAP_PMU,13,4.035210263847455e-07
1,B_svc,2,0.1769094797505187,65,0.17701758795075362,MAP_PMU,13,0.00010810820023490764
2,UPFC_Vsh,5-15,1.1115901223936073,65,1.108194153716509,MAP_PMU,13,0.003395968677098349
3,UPFC_tsh,5-15,-0.23380344895213584,65,-0.23388672030178118,MAP_PMU,13,8.327134964533633e-05
4,UPFC_Vse,5-15,0.058979912637509624,65,0.061591978129866186,MAP_PMU,13,0.002612065492356562
5,UPFC_tse,5-15,-2.1213002705078363,65,-2.154578417998358,MAP_PMU,13,0.033278147490521715
0,x_tcsc,1-14,-0.10883545685560411,66,-0.10881859715735988,MAP_PMU,13,1.6859698244234278e-05
1,B_svc,2,0.17723581467651803,66,0.17701758795075362,MAP_PMU,13,0.00021822672576440882
2,UPFC_Vsh,5-15,1.1113418435977227,66,1.108194153716509,MAP_PMU,13,0.003147689881213722
3,UPFC_tsh,5-15,-0.23385809324149764,66,-0.23388672030178118,MAP_PMU,13,2.8627060283531458e-05
4,UPFC_Vse,5-15,0.059387304056136,66,0.061591978129866186,MAP_PMU,13,0.0022046740737301854
5,UPFC_tse,5-15,-2.129982127607054,66,-2.154578417998358,MAP_PMU,13,0.024596290391304176
0,x_tcsc,1-14,-0.10885153398275961,67,-0.10881859715735988,MAP_PMU,13,3.293682539973197e-05
1,B_svc,2,0.17677071458796356,67,0.17701758795075362,MAP_PMU,13,0.00024687336279005656
2,UPFC_Vsh,5-15,1.1116785447875641,67,1.108194153716509,MAP_PMU,13,0.0034843910710551373
3,UPFC_tsh,5-15,-0.2338010010607569,67,-0.23388672030178118,MAP_PMU,13,8.571924102426798e-05
4,UPFC_Vse,5-15,0.05883126330681404,67,0.061591978129866186,MAP_PMU,13,0.0027607148230521447
5,UPFC_tse,5-15,-2.12111342908739,67,-2.154578417998358,MAP_PMU,13,0.03346498891096816
0,x_tcsc,1-14,-0.10884983903627432,68,-0.10881859715735988,MAP_PMU,13,3.124187891444252e-05
1,B_svc,2,0.1770707340488365,68,0.17701758795075362,MAP_PMU,13,5.314609808287907e-05
2,UPFC_Vsh,5-15,1.1120199154622377,68,1.108194153716509,MAP_PMU,13,0.003825761745728684
3,UPFC_tsh,5-15,-0.23371587155493398,68,-0.23388672030178118,MAP_PMU,13,0.00017084874684719642
4,UPFC_Vse,5-15,0.05878810517263686,68,0.061591978129866186,MAP_PMU,13,0.0028038729572293225
5,UPFC_tse,5-15,-2.114470363901889,68,-2.154578417998358,MAP_PMU,13,0.040108054096469115
0,x_tcsc,1-14,-0.10882079149965881,69,-0.10881859715735988,MAP_PMU,13,2.194342298936225e-06
1,B_svc,2,0.17746963765807847,69,0.17701758795075362,MAP_PMU,13,0.0004520497073248475
2,UPFC_Vsh,5-15,1.111738080771895,69,1.108194153716509,MAP_PMU,13,0.003543927055386087
3,UPFC_tsh,5-15,-0.233861068163015,69,-0.23388672030178118,MAP_PMU,13,2.565213876618011e-05
4,UPFC_Vse,5-15,0.05884981759998142,69,0.061591978129866186,MAP_PMU,13,0.0027421605298847684
5,UPFC_tse,5-15,-2.1244729657667203,69,-2.154578417998358,MAP_PMU,13,0.03010545223163774
0,x_tcsc,1-14,-0.10883170550092379,70,-0.10881859715735988,MAP_PMU,13,1.3108343563911218e-05
1,B_svc,2,0.17662221597453262,70,0.17701758795075362,MAP_PMU,13,0.0003953719762209984
2,UPFC_Vsh,5-15,1.1112195091611958,70,1.108194153716509,MAP_PMU,13,0.0030253554446868502
3,UPFC_tsh,5-15,-0.23380684910499278,70,-0.23388672030178118,MAP_PMU,13,7.987119678840027e-05
4,UPFC_Vse,5-15,0.059088540989463194,70,0.061591978129866186,MAP_PMU,13,0.002503437140402992
5,UPFC_tse,5-15,-2.124776104238959,70,-2.154578417998358,MAP_PMU,13,0.029802313759399013
0,x_tcsc,1-14,-0.1088472205977953,71,-0.10881859715735988,MAP_PMU,13,2.862344043541576e-05
1,B_svc,2,0.17690756357075663,71,0.17701758795075362,MAP_PMU,13,0.00011002437999699244
2,UPFC_Vsh,5-15,1.1116709093246873,71,1.108194153716509,MAP_PMU,13,0.0034767556081782836
3,UPFC_tsh,5-15,-0.23385448433914732,71,-0.23388672030178118,MAP_PMU,13,3.223596263385309e-05
4,UPFC_Vse,5-15,0.05892484223939428,71,0.061591978129866186,MAP_PMU,13,0.0026671358904719056
5,UPFC_tse,5-15,-2.1247047611794785,71,-2.154578417998358,MAP_PMU,13,0.029873656818879546
0,x_tcsc,1-14,-0.10884279166386204,72,-0.10881859715735988,MAP_PMU,13,2.4194506502164814e-05
1,B_svc,2,0.1773170421106798,72,0.17701758795075362,MAP_PMU,13,0.00029945415992618796
2,UPFC_Vsh,5-15,1.1117300214926695,72,1.108194153716509,MAP_PMU,13,0.0035358677761605506
3,UPFC_tsh,5-15,-0.2338002407819087,72,-0.23388672030178118,MAP_PMU,13,8.647951987247882e-05
4,UPFC_Vse,5-15,0.05866788250272432,72,0.061591978129866186,MAP_PMU,13,0.0029240956271418678
5,UPFC_tse,5-15,-2.12560776455103,72,-2.154578417998358,MAP_PMU,13,0.028970653447327965
0,x_tcsc,1-14,-0.10881507370656303,73,-0.10881859715735988,MAP_PMU,13,3.52345079684957e-06
1,B_svc,2,0.17710187935870342,73,0.17701758795075362,MAP_PMU,13,8.429140794979917e-05
2,UPFC_Vsh,5-15,1.1115254218592292,73,1.108194153716509,MAP_PMU,13,0.003331268142720223
3,UPFC_tsh,5-15,-0.23386915334577574,73,-0.23388672030178118,MAP_PMU,13,1.7566956005438117e-05
4,UPFC_Vse,5-15,0.058861097799848175,73,0.061591978129866186,MAP_PMU,13,0.002730880330018011
5,UPFC_tse,5-15,-2.1348523201276115,73,-2.154578417998358,MAP_PMU,13,0.01972609787074653
0,x_tcsc,1-14,-0.10886960600557591,74,-0.10881859715735988,MAP_PMU,13,5.1008848216030356e-05
1,B_svc,2,0.17717634518420608,74,0.17701758795075362,MAP_PMU,13,0.00015875723345246118
2,UPFC_Vsh,5-15,1.1116736590988012,74,1.108194153716509,MAP_PMU,13,0.0034795053822922473
3,UPFC_tsh,5-15,-0.23381813038974486,74,-0.23388672030178118,MAP_PMU,13,6.858991203631537e-05
4,UPFC_Vse,5-15,0.05906777461161359,74,0.061591978129866186,MAP_PMU,13,0.0025242035182525963
5,UPFC_tse,5-15,-2.1212758801280516,74,-2.154578417998358,MAP_PMU,13,0.03330253787030646
0,x_tcsc,1-14,-0.10885652680503134,75,-0.10881859715735988,MAP_PMU,13,3.792964767146412e-05
1,B_svc,2,0.17690405379119709,75,0.17701758795075362,MAP_PMU,13,0.00011353415955653312
2,UPFC_Vsh,5-15,1.11146840076792,75,1.108194153716509,MAP_PMU,13,0.0032742470514111055
3,UPFC_tsh,5-15,-0.2338470792799839,75,-0.23388672030178118,MAP_PMU,13,3.964102179726536e-05
4,UPFC_Vse,5-15,0.05878696177491582,75,0.061591978129866186,MAP_PMU,13,0.002805016354950368
5,UPFC_tse,5-15,-2.1165571012336195,75,-2.154578417998358,MAP_PMU,13,0.03802131676473852
0,x_tcsc,1-14,-0.10881457880630016,76,-0.10881859715735988,MAP_PMU,13,4.018351059717484e-06
1,B_svc,2,0.17722651748147264,76,0.17701758795075362,MAP_PMU,13,0.00020892953071902087
2,UPFC_Vsh,5-15,1.1121735551173622,76,1.108194153716509,MAP_PMU,13,0.0039794014008531775
3,UPFC_tsh,5-15,-0.23367369034794427,76,-0.23388672030178118,MAP_PMU,13,0.00021302995383690182
4,UPFC_Vse,5-15,0.05867693638753952,76,0.061591978129866186,MAP_PMU,13,0.0029150417423266656
5,UPFC_tse,5-15,-2.112768962132313,76,-2.154578417998358,MAP_PMU,13,0.04180945586604512
0,x_tcsc,1-14,-0.10882823959997195,77,-0.10881859715735988,MAP_PMU,13,9.64244261207614e-06
1,B_svc,2,0.17708184513524985,77,0.17701758795075362,MAP_PMU,13,6.425718449623585e-05
2,UPFC_Vsh,5-15,1.1114744116718664,77,1.108194153716509,MAP_PMU,13,0.0032802579553574684
3,UPFC_tsh,5-15,-0.23374644162546848,77,-0.23388672030178118,MAP_PMU,13,0.00014027867631269397
4,UPFC_Vse,5-15,0.05885788698392646,77,0.061591978129866186,MAP_PMU,13,0.0027340911459397266
5,UPFC_tse,5-15,-2.109898893079374,77,-2.154578417998358,MAP_PMU,13,0.04467952491898419
0,x_tcsc,1-14,-0.10881279066750431,78,-0.10881859715735988,MAP_PMU,13,5.806489855569863e-06
1,B_svc,2,0.17673786119417895,78,0.17701758795075362,MAP_PMU,13,0.00027972675657467194
2,UPFC_Vsh,5-15,1.1117668044623492,78,1.108194153716509,MAP_PMU,13,0.0035726507458402335
3,UPFC_tsh,5-15,-0.23380715236940638,78,-0.23388672030178118,MAP_PMU,13,7.95679323747911e-05
4,UPFC_Vse,5-15,0.058649428172889366,78,0.061591978129866186,MAP_PMU,13,0.00294254995697682
5,UPFC_tse,5-15,-2.11829704885381,78,-2.154578417998358,MAP_PMU,13,0.03628136914454805
0,x_tcsc,1-14,-0.10883286667819667,79,-0.10881859715735988,MAP_PMU,13,1.4269520836787675e-05
1,B_svc,2,0.17704586666043964,79,0.17701758795075362,MAP_PMU,13,2.827870968602486e-05
2,UPFC_Vsh,5-15,1.1116561224915864,79,1.108194153716509,MAP_PMU,13,0.0034619687750774286
3,UPFC_tsh,5-15,-0.23378386102584484,79,-0.23388672030178118,MAP_PMU,13,0.00010285927593634003
4,UPFC_Vse,5-15,0.05870234450278822,79,0.061591978129866186,MAP_PMU,13,0.0028896336270779685
5,UPFC_tse,5-15,-2.1233626500998968,79,-2.154578417998358,MAP_PMU,13,0.031215767898461255
0,x_tcsc,1-14,-0.10881626496511805,80,-0.10881859715735988,MAP_PMU,13,2.3321922418273466e-06
1,B_svc,2,0.17704793137679015,80,0.17701758795075362,MAP_PMU,13,3.034342603652762e-05
2,UPFC_Vsh,5-15,1.1115759829322192,80,1.108194153716509,MAP_PMU,13,0.003381829215710175
3,UPFC_tsh,5-15,-0.2337784052410036,80,-0.23388672030178118,MAP_PMU,13,0.00010831506077757513
4,UPFC_Vse,5-15,0.05902983345796156,80,0.061591978129866186,MAP_PMU,13,0.0025621446719046245
5,UPFC_tse,5-15,-2.1314599959758604,80,-2.154578417998358,MAP_PMU,13,0.023118422022497587
0,x_tcsc,1-14,-0.10882117528739896,81,-0.10881859715735988,MAP_PMU,13,2.5781300390798068e-06
1,B_svc,2,0.17692457040902632,81,0.17701758795075362,MAP_PMU,13,9.30175417273027e-05
2,UPFC_Vsh,5-15,1.1118751342374358,81,1.108194153716509,MAP_PMU,13,0.003680980520926802
3,UPFC_tsh,5-15,-0.23377433110977977,81,-0.23388672030178118,MAP_PMU,13,0.00011238919200140529
4,UPFC_Vse,5-15,0.058396593669335,81,0.061591978129866186,MAP_PMU,13,0.003195384460531185
5,UPFC_tse,5-15,-2.120812278055954,81,-2.154578417998358,MAP_PMU,13,0.03376613994240385
0,x_tcsc,1-14,-0.10884631640203278,82,-0.10881859715735988,MAP_PMU,13,2.7719244672902432e-05
1,B_svc,2,0.17694964720216505,82,0.17701758795075362,MAP_PMU,13,6.794074858856858e-05
2,UPFC_Vsh,5-15,1.1115627468837044,82,1.108194153716509,MAP_PMU,13,0.0033685931671953995
3,UPFC_tsh,5-15,-0.23371898037275243,82,-0.23388672030178118,MAP_PMU,13,0.0001677399290287429
4,UPFC_Vse,5-15,0.058699266536250606,82,0.061591978129866186,MAP_PMU,13,0.0028927115936155795
5,UPFC_tse,5-15,-2.1192133661229153,82,-2.154578417998358,MAP_PMU,13,0.0353650518754427
0,x_tcsc,1-14,-0.10883277413254519,83,-0.10881859715735988,MAP_PMU,13,1.4176975185312135e-05
1,B_svc,2,0.17744002260084693,83,0.17701758795075362,MAP_PMU,13,0.0004224346500933118
2,UPFC_Vsh,5-15,1.111769329059495,83,1.108194153716509,MAP_PMU,13,0.0035751753429860145
3,UPFC_tsh,5-15,-0.23381134748152274,83,-0.23388672030178118,MAP_PMU,13,7.537282025843473e-05
4,UPFC_Vse,5-15,0.0589708846302178,83,0.061591978129866186,MAP_PMU,13,0.002621093499648383
5,UPFC_tse,5-15,-2.1247022889852283,83,-2.154578417998358,MAP_PMU,13,0.02987612901312975
0,x_tcsc,1-14,-0.10882521639436908,84,-0.10881859715735988,MAP_PMU,13,6.619237009203305e-06
1,B_svc,2,0.1771308226485455,84,0.17701758795075362,MAP_PMU,13,0.00011323469779186968
2,UPFC_Vsh,5-15,1.1115415121451806,84,1.108194153716509,MAP_PMU,13,0.0033473584286716207
3,UPFC_tsh,5-15,-0.23379855315131923,84,-0.23388672030178118,MAP_PMU,13,8.816715046194856e-05
4,UPFC_Vse,5-15,0.0592744302882633,84,0.061591978129866186,MAP_PMU,13,0.0023175478416028877
5,UPFC_tse,5-15,-2.1221299177931714,84,-2.154578417998358,MAP_PMU,13,0.03244850020518664
0,x_tcsc,1-14,-0.10883186679881973,85,-0.10881859715735988,MAP_PMU,13,1.3269641459853765e-05
1,B_svc,2,0.17700651351935384,85,0.17701758795075362,MAP_PMU,13,1.1074431399776818e-05
2,UPFC_Vsh,5-15,1.1115405129198401,85,1.108194153716509,MAP_PMU,13,0.0033463592033311507
3,UPFC_tsh,5-15,-0.23384186188888348,85,-0.23388672030178118,MAP_PMU,13,4.4858412897696986e-05
4,UPFC_Vse,5-15,0.05880271227069181,85,0.061591978129866186,MAP_PMU,13,0.0027892658591743766
5,UPFC_tse,5-15,-2.1216934036295614,85,-2.154578417998358,MAP_PMU,13,0.03288501436879665
0,x_tcsc,1-14,-0.10883702126718096,86,-0.10881859715735988,MAP_PMU,13,1.8424109821085777e-05
1,B_svc,2,0.17699203514907436,86,0.17701758795075362,MAP_PMU,13,2.555280167926277e-05
2,UPFC_Vsh,5-15,1.111403127465209,86,1.108194153716509,MAP_PMU,13,0.0032089737486999947
3,UPFC_tsh,5-15,-0.23382045042714125,86,-0.23388672030178118,MAP_PMU,13,6.626987463992373e-05
4,UPFC_Vse,5-15,0.05891300098160637,86,0.061591978129866186,MAP_PMU,13,0.002678977148259813
5,UPFC_tse,5-15,-2.1166591216059456,86,-2.154578417998358,MAP_PMU,13,0.03791929639241243
0,x_tcsc,1-14,-0.108813565250288,87,-0.10881859715735988,MAP_PMU,13,5.031907071878505e-06
1,B_svc,2,0.17704646310110397,87,0.17701758795075362,MAP_PMU,13,2.8875150350354817e-05
2,UPFC_Vsh,5-15,1.1114921000373998,87,1.108194153716509,MAP_PMU,13,0.0032979463208908655
3,UPFC_tsh,5-15,-0.23382271780633002,87,-0.23388672030178118,MAP_PMU,13,6.400249545115977e-05
4,UPFC_Vse,5-15,0.05862491052085955,87,0.061591978129866186,MAP_PMU,13,0.0029670676090066336
5,UPFC_tse,5-15,-2.1269339746246376,87,-2.154578417998358,MAP_PMU,13,0.027644443373720406
0,x_tcsc,1-14,-0.10884662146662374,88,-0.10881859715735988,MAP_PMU,13,2.802430926386601e-05
1,B_svc,2,0.17766925525348506,88,0.17701758795075362,MAP_PMU,13,0.0006516673027314457
2,UPFC_Vsh,5-15,1.111548264542814,88,1.108194153716509,MAP_PMU,13,0.003354110826305101
3,UPFC_tsh,5-15,-0.2338460894228082,88,-0.23388672030178118,MAP_PMU,13,4.063087897296369e-05
4,UPFC_Vse,5-15,0.05885526905701928,88,0.061591978129866186,MAP_PMU,13,0.002736709072846906
5,UPFC_tse,5-15,-2.1338225793303534,88,-2.154578417998358,MAP_PMU,13,0.020755838668004678
0,x_tcsc,1-14,-0.1088283933509155,89,-0.10881859715735988,MAP_PMU,13,9.796193555622335e-06
1,B_svc,2,0.17703666113183536,89,0.17701758795075362,MAP_PMU,13,1.9073181081741275e-05
2,UPFC_Vsh,5-15,1.1116743037454409,89,1.108194153716509,MAP_PMU,13,0.003480150028931872
3,UPFC_tsh,5-15,-0.2338463971428589,89,-0.23388672030178118,MAP_PMU,13,4.0323158922273006e-05
4,UPFC_Vse,5-15,0.05854157169289341,89,0.061591978129866186,MAP_PMU,13,0.003050406436972776
5,UPFC_tse,5-15,-2.1150813616399606,89,-2.154578417998358,MAP_PMU,13,0.0394970563583974
0,x_tcsc,1-14,-0.10883090714709086,90,-0.10881859715735988,MAP_PMU,13,1.2309989730979742e-05
1,B_svc,2,0.1766827905945296,90,0.17701758795075362,MAP_PMU,13,0.0003347973562240203
2,UPFC_Vsh,5-15,1.1114036124839155,90,1.108194153716509,MAP_PMU,13,0.0032094587674065256
3,UPFC_tsh,5-15,-0.23375229056237293,90,-0.23388672030178118,MAP_PMU,13,0.00013442973940824832
4,UPFC_Vse,5-15,0.058854782681455046,90,0.061591978129866186,MAP_PMU,13,0.0027371954484111394
5,UPFC_tse,5-15,-2.12466592534729,90,-2.154578417998358,MAP_PMU,13,0.02991249265106788
0,x_tcsc,1-14,-0.10881268479715905,91,-0.10881859715735988,MAP_PMU,13,5.912360200824307e-06
1,B_svc,2,0.17697232165462032,91,0.17701758795075362,MAP_PMU,13,4.5266296133300576e-05
2,UPFC_Vsh,5-15,1.1115799708334835,91,1.108194153716509,MAP_PMU,13,0.003385817116974499
3,UPFC_tsh,5-15,-0.23381957007449755,91,-0.23388672030178118,MAP_PMU,13,6.715022728362441e-05
4,UPFC_Vse,5-15,0.05876196181697446,91,0.061591978129866186,MAP_PMU,13,0.002830016312891724
5,UPFC_tse,5-15,-2.12858946530622,91,-2.154578417998358,MAP_PMU,13,0.025988952692137968
0,x_tcsc,1-14,-0.10882911666433885,92,-0.10881859715735988,MAP_PMU,13,1.0519506978973192e-05
1,B_svc,2,0.17694810871452554,92,0.17701758795075362,MAP_PMU,13,6.947923622807606e-05
2,UPFC_Vsh,5-15,1.1116002923585837,92,1.108194153716509,MAP_PMU,13,0.0034061386420747297
3,UPFC_tsh,5-15,-0.23378487405497472,92,-0.23388672030178118,MAP_PMU,13,0.00010184624680645293
4,UPFC_Vse,5-15,0.05927688021415585,92,0.061591978129866186,MAP_PMU,13,0.002315097915710336
5,UPFC_tse,5-15,-2.109457892062588,92,-2.154578417998358,MAP_PMU,13,0.04512052593576987
0,x_tcsc,1-14,-0.10881171243029546,93,-0.10881859715735988,MAP_PMU,13,6.8847270644212255e-06
1,B_svc,2,0.1766887888912485,93,0.17701758795075362,MAP_PMU,13,0.0003287990595051138
2,UPFC_Vsh,5-15,1.1117837741345258,93,1.108194153716509,MAP_PMU,13,0.0035896204180168034
3,UPFC_tsh,5-15,-0.23371190474861112,93,-0.23388672030178118,MAP_PMU,13,0.00017481555317006015
4,UPFC_Vse,5-15,0.05918424685689201,93,0.061591978129866186,MAP_PMU,13,0.0024077312729741743
5,UPFC_tse,5-15,-2.1126169807983928,93,-2.154578417998358,MAP_PMU,13,0.04196143719996526
0,x_tcsc,1-14,-0.1088177619004276,94,-0.10881859715735988,MAP_PMU,13,8.352569322717107e-07
1,B_svc,2,0.1767470259930531,94,0.17701758795075362,MAP_PMU,13,0.0002705619577005325
2,UPFC_Vsh,5-15,1.111695155988942,94,1.108194153716509,MAP_PMU,13,0.003501002272433107
3,UPFC_tsh,5-15,-0.23377419726153678,94,-0.23388672030178118,MAP_PMU,13,0.00011252304024439441
4,UPFC_Vse,5-15,0.05821088929628144,94,0.061591978129866186,MAP_PMU,13,0.003381088833584747
5,UPFC_tse,5-15,-2.1114635225112166,94,-2.154578417998358,MAP_PMU,13,0.043114895487141425
0,x_tcsc,1-14,-0.10884412721452849,95,-0.10881859715735988,MAP_PMU,13,2.5530057168612896e-05
1,B_svc,2,0.17712870806615394,95,0.17701758795075362,MAP_PMU,13,0.00011112011540032052
2,UPFC_Vsh,5-15,1.1113976581637186,95,1.108194153716509,MAP_PMU,13,0.0032035044472096263
3,UPFC_tsh,5-15,-0.23381830482482077,95,-0.23388672030178118,MAP_PMU,13,6.841547696040395e-05
4,UPFC_Vse,5-15,0.059334232329664054,95,0.061591978129866186,MAP_PMU,13,0.0022577458002021322
5,UPFC_tse,5-15,-2.1238703583528324,95,-2.154578417998358,MAP_PMU,13,0.030708059645525587
0,x_tcsc,1-14,-0.10878469827177369,96,-0.10881859715735988,MAP_PMU,13,3.389888558619214e-05
1,B_svc,2,0.17661760728480513,96,0.17701758795075362,MAP_PMU,13,0.000399980665948485
2,UPFC_Vsh,5-15,1.1111804082423558,96,1.108194153716509,MAP_PMU,13,0.0029862545258467765
3,UPFC_tsh,5-15,-0.2338654322565704,96,-0.23388672030178118,MAP_PMU,13,2.1288045210787754e-05
4,UPFC_Vse,5-15,0.05833541229371306,96,0.061591978129866186,MAP_PMU,13,0.003256565836153129
5,UPFC_tse,5-15,-2.1270702270700017,96,-2.154578417998358,MAP_PMU,13,0.027508190928356324
0,x_tcsc,1-14,-0.10880077084211286,97,-0.10881859715735988,MAP_PMU,13,1.7826315247021496e-05
1,B_svc,2,0.17725325909397951,97,0.17701758795075362,MAP_PMU,13,0.00023567114322589622
2,UPFC_Vsh,5-15,1.1119585812792625,97,1.108194153716509,MAP_PMU,13,0.003764427562753525
3,UPFC_tsh,5-15,-0.23373064012503678,97,-0.23388672030178118,MAP_PMU,13,0.00015608017674439978
4,UPFC_Vse,5-15,0.05888692513204565,97,0.061591978129866186,MAP_PMU,13,0.002705052997820534
5,UPFC_tse,5-15,-2.113707342725664,97,-2.154578417998358,MAP_PMU,13,0.04087107527269396
0,x_tcsc,1-14,-0.10880436810201062,98,-0.10881859715735988,MAP_PMU,13,1.4229055349257447e-05
1,B_svc,2,0.1770603638578042,98,0.17701758795075362,MAP_PMU,13,4.277590705056844e-05
2,UPFC_Vsh,5-15,1.1113433959057022,98,1.108194153716509,MAP_PMU,13,0.003149242189193213
3,UPFC_tsh,5-15,-0.23385952867230766,98,-0.23388672030178118,MAP_PMU,13,2.7191629473510837e-05
4,UPFC_Vse,5-15,0.059162964360985996,98,0.061591978129866186,MAP_PMU,13,0.0024290137688801894
5,UPFC_tse,5-15,-2.1326467227221655,98,-2.154578417998358,MAP_PMU,13,0.021931695276192542
0,x_tcsc,1-14,-0.1087871085898588,99,-0.10881859715735988,MAP_PMU,13,3.1488567501083975e-05
1,B_svc,2,0.17724656882671921,99,0.17701758795075362,MAP_PMU,13,0.00022898087596559535
2,UPFC_Vsh,5-15,1.1120048378541718,99,1.108194153716509,MAP_PMU,13,0.003810684137662834
3,UPFC_tsh,5-15,-0.23367333133995918,99,-0.23388672030178118,MAP_PMU,13,0.00021338896182199196
4,UPFC_Vse,5-15,0.05930656344299727,99,0.061591978129866186,MAP_PMU,13,0.0022854146868689154
5,UPFC_tse,5-15,-2.125298363382539,99,-2.154578417998358,MAP_PMU,13,0.02928005461581895
0,x_tcsc,1-14,-0.10961363393769336,0,-0.10959305204605325,MAP_PMU,15,2.0581891640100713e-05
1,B_svc,2,0.17780336877093766,0,0.1782051506477067,MAP_PMU,15,0.0004017818767690362
2,UPFC_Vsh,5-15,1.111878345098086,0,1.1079753959808807,MAP_PMU,15,0.0039029491172053454
3,UPFC_tsh,5-15,-0.23346246405071214,0,-0.23357131560074731,MAP_PMU,15,0.00010885155003517721
4,UPFC_Vse,5-15,0.058300665896200365,0,0.0609313646449456,MAP_PMU,15,0.0026306987487452332
5,UPFC_tse,5-15,-2.1139139639968225,0,-2.153802308666399,MAP_PMU,15,0.03988834466957636
0,x_tcsc,1-14,-0.10960586767971665,1,-0.10959305204605325,MAP_PMU,15,1.2815633663398884e-05
1,B_svc,2,0.17833619536412157,1,0.1782051506477067,MAP_PMU,15,0.0001310447164148687
2,UPFC_Vsh,5-15,1.1114556204427428,1,1.1079753959808807,MAP_PMU,15,0.003480224461862136
3,UPFC_tsh,5-15,-0.2334613583143602,1,-0.23357131560074731,MAP_PMU,15,0.00010995728638710234
4,UPFC_Vse,5-15,0.05856400496503043,1,0.0609313646449456,MAP_PMU,15,0.0023673596799151653
5,UPFC_tse,5-15,-2.117378572489669,1,-2.153802308666399,MAP_PMU,15,0.03642373617672989
0,x_tcsc,1-14,-0.10962277372488952,2,-0.10959305204605325,MAP_PMU,15,2.9721678836261423e-05
1,B_svc,2,0.17840820071739452,2,0.1782051506477067,MAP_PMU,15,0.00020305006968782124
2,UPFC_Vsh,5-15,1.111650883490193,2,1.1079753959808807,MAP_PMU,15,0.0036754875093123474
3,UPFC_tsh,5-15,-0.23349844433278583,2,-0.23357131560074731,MAP_PMU,15,7.287126796148846e-05
4,UPFC_Vse,5-15,0.05873684233774895,2,0.0609313646449456,MAP_PMU,15,0.0021945223071966474
5,UPFC_tse,5-15,-2.122730812433681,2,-2.153802308666399,MAP_PMU,15,0.031071496232717877
0,x_tcsc,1-14,-0.10961532375901648,3,-0.10959305204605325,MAP_PMU,15,2.2271712963220502e-05
1,B_svc,2,0.177521331461686,3,0.1782051506477067,MAP_PMU,15,0.000683819186020701
2,UPFC_Vsh,5-15,1.111832725732558,3,1.1079753959808807,MAP_PMU,15,0.0038573297516772964
3,UPFC_tsh,5-15,-0.23348475650074885,3,-0.23357131560074731,MAP_PMU,15,8.655909999846778e-05
4,UPFC_Vse,5-15,0.058378536346393305,3,0.0609313646449456,MAP_PMU,15,0.002552828298552294
5,UPFC_tse,5-15,-2.11548816818748,3,-2.153802308666399,MAP_PMU,15,0.0383141404789189
0,x_tcsc,1-14,-0.1096279715677362,4,-0.10959305204605325,MAP_PMU,15,3.491952168294121e-05
1,B_svc,2,0.17849712923783745,4,0.1782051506477067,MAP_PMU,15,0.0002919785901307481
2,UPFC_Vsh,5-15,1.111879771631196,4,1.1079753959808807,MAP_PMU,15,0.003904375650315206
3,UPFC_tsh,5-15,-0.23349734046495618,4,-0.23357131560074731,MAP_PMU,15,7.397513579113224e-05
4,UPFC_Vse,5-15,0.05868255890994977,4,0.0609313646449456,MAP_PMU,15,0.0022488057349958276
5,UPFC_tse,5-15,-2.1122529149698415,4,-2.153802308666399,MAP_PMU,15,0.04154939369655741
0,x_tcsc,1-14,-0.10957917885238354,5,-0.10959305204605325,MAP_PMU,15,1.3873193669716732e-05
1,B_svc,2,0.1781152751119332,5,0.1782051506477067,MAP_PMU,15,8.987553577349816e-05
2,UPFC_Vsh,5-15,1.1117077292276625,5,1.1079753959808807,MAP_PMU,15,0.003732333246781794
3,UPFC_tsh,5-15,-0.23347741358472665,5,-0.23357131560074731,MAP_PMU,15,9.390201602066384e-05
4,UPFC_Vse,5-15,0.05884108265906709,5,0.0609313646449456,MAP_PMU,15,0.00209028198587851
5,UPFC_tse,5-15,-2.1257186265904098,5,-2.153802308666399,MAP_PMU,15,0.028083682075989103
0,x_tcsc,1-14,-0.10961069284399638,6,-0.10959305204605325,MAP_PMU,15,1.7640797943127562e-05
1,B_svc,2,0.17809790959234117,6,0.1782051506477067,MAP_PMU,15,0.00010724105536552564
2,UPFC_Vsh,5-15,1.1117836643154722,6,1.1079753959808807,MAP_PMU,15,0.003808268334591469
3,UPFC_tsh,5-15,-0.23346594714274188,6,-0.23357131560074731,MAP_PMU,15,0.00010536845800543371
4,UPFC_Vse,5-15,0.058744184873554824,6,0.0609313646449456,MAP_PMU,15,0.002187179771390775
5,UPFC_tse,5-15,-2.118238969618684,6,-2.153802308666399,MAP_PMU,15,0.035563339047715026
0,x_tcsc,1-14,-0.10961293546773931,7,-0.10959305204605325,MAP_PMU,15,1.9883421686059388e-05
1,B_svc,2,0.1785465623455631,7,0.1782051506477067,MAP_PMU,15,0.00034141169785639747
2,UPFC_Vsh,5-15,1.1115236897150984,7,1.1079753959808807,MAP_PMU,15,0.0035482937342177223
3,UPFC_tsh,5-15,-0.23345116777246744,7,-0.23357131560074731,MAP_PMU,15,0.00012014782827987625
4,UPFC_Vse,5-15,0.05816276073440103,7,0.0609313646449456,MAP_PMU,15,0.0027686039105445717
5,UPFC_tse,5-15,-2.131700281054536,7,-2.153802308666399,MAP_PMU,15,0.022102027611862862
0,x_tcsc,1-14,-0.1096280076177967,8,-0.10959305204605325,MAP_PMU,15,3.495557174344743e-05
1,B_svc,2,0.17813176036323725,8,0.1782051506477067,MAP_PMU,15,7.33902844694545e-05
2,UPFC_Vsh,5-15,1.111970251936456,8,1.1079753959808807,MAP_PMU,15,0.0039948559555753604
3,UPFC_tsh,5-15,-0.2334579145282463,8,-0.23357131560074731,MAP_PMU,15,0.00011340107250101816
4,UPFC_Vse,5-15,0.058433936016781256,8,0.0609313646449456,MAP_PMU,15,0.002497428628164343
5,UPFC_tse,5-15,-2.1117678908192983,8,-2.153802308666399,MAP_PMU,15,0.0420344178471006
0,x_tcsc,1-14,-0.10959803341143239,9,-0.10959305204605325,MAP_PMU,15,4.981365379130853e-06
1,B_svc,2,0.17819230294339447,9,0.1782051506477067,MAP_PMU,15,1.2847704312229924e-05
2,UPFC_Vsh,5-15,1.111644035435943,9,1.1079753959808807,MAP_PMU,15,0.003668639455062239
3,UPFC_tsh,5-15,-0.23341787621287322,9,-0.23357131560074731,MAP_PMU,15,0.00015343938787409916
4,UPFC_Vse,5-15,0.05874601042995836,9,0.0609313646449456,MAP_PMU,15,0.002185354214987237
5,UPFC_tse,5-15,-2.121269150223265,9,-2.153802308666399,MAP_PMU,15,0.03253315844313409
0,x_tcsc,1-14,-0.10959848829941303,10,-0.10959305204605325,MAP_PMU,15,5.436253359775156e-06
1,B_svc,2,0.17811384932715255,10,0.1782051506477067,MAP_PMU,15,9.130132055415463e-05
2,UPFC_Vsh,5-15,1.111465423785249,10,1.1079753959808807,MAP_PMU,15,0.0034900278043683564
3,UPFC_tsh,5-15,-0.23344706655610126,10,-0.23357131560074731,MAP_PMU,15,0.00012424904464605757
4,UPFC_Vse,5-15,0.05820071511044493,10,0.0609313646449456,MAP_PMU,15,0.0027306495345006676
5,UPFC_tse,5-15,-2.1193681140129237,10,-2.153802308666399,MAP_PMU,15,0.03443419465347519
0,x_tcsc,1-14,-0.10963553910818004,11,-0.10959305204605325,MAP_PMU,15,4.248706212678366e-05
1,B_svc,2,0.17829429875427963,11,0.1782051506477067,MAP_PMU,15,8.914810657292827e-05
2,UPFC_Vsh,5-15,1.1115874302706903,11,1.1079753959808807,MAP_PMU,15,0.003612034289809607
3,UPFC_tsh,5-15,-0.23343669907705045,11,-0.23357131560074731,MAP_PMU,15,0.00013461652369686772
4,UPFC_Vse,5-15,0.05794038428621232,11,0.0609313646449456,MAP_PMU,15,0.0029909803587332764
5,UPFC_tse,5-15,-2.113064474971811,11,-2.153802308666399,MAP_PMU,15,0.040737833694588055
0,x_tcsc,1-14,-0.1096179915044798,12,-0.10959305204605325,MAP_PMU,15,2.4939458426548322e-05
1,B_svc,2,0.1780986163203954,12,0.1782051506477067,MAP_PMU,15,0.00010653432731130841
2,UPFC_Vsh,5-15,1.1117491577370497,12,1.1079753959808807,MAP_PMU,15,0.0037737617561690584
3,UPFC_tsh,5-15,-0.23343232171077766,12,-0.23357131560074731,MAP_PMU,15,0.00013899388996965745
4,UPFC_Vse,5-15,0.05864331060557834,12,0.0609313646449456,MAP_PMU,15,0.002288054039367257
5,UPFC_tse,5-15,-2.1223982344730836,12,-2.153802308666399,MAP_PMU,15,0.03140407419331526
0,x_tcsc,1-14,-0.10962215650693147,13,-0.10959305204605325,MAP_PMU,15,2.9104460878212612e-05
1,B_svc,2,0.1781018270703449,13,0.1782051506477067,MAP_PMU,15,0.00010332357736181352
2,UPFC_Vsh,5-15,1.1115957761016984,13,1.1079753959808807,MAP_PMU,15,0.003620380120817668
3,UPFC_tsh,5-15,-0.23346164974057437,13,-0.23357131560074731,MAP_PMU,15,0.00010966586017294166
4,UPFC_Vse,5-15,0.058171100080807225,13,0.0609313646449456,MAP_PMU,15,0.0027602645641383733
5,UPFC_tse,5-15,-2.114539631935362,13,-2.153802308666399,MAP_PMU,15,0.039262676731036894
0,x_tcsc,1-14,-0.10962606530157425,14,-0.10959305204605325,MAP_PMU,15,3.301325552099166e-05
1,B_svc,2,0.17803312505294566,14,0.1782051506477067,MAP_PMU,15,0.0001720255947610383
2,UPFC_Vsh,5-15,1.1117919760713035,14,1.1079753959808807,MAP_PMU,15,0.0038165800904228497
3,UPFC_tsh,5-15,-0.23346995185323616,14,-0.23357131560074731,MAP_PMU,15,0.00010136374751115729
4,UPFC_Vse,5-15,0.058438698050544864,14,0.0609313646449456,MAP_PMU,15,0.0024926665944007345
5,UPFC_tse,5-15,-2.123223150220696,14,-2.153802308666399,MAP_PMU,15,0.030579158445702692
0,x_tcsc,1-14,-0.10959914556250494,15,-0.10959305204605325,MAP_PMU,15,6.093516451685654e-06
1,B_svc,2,0.17779399487914238,15,0.1782051506477067,MAP_PMU,15,0.0004111557685643197
2,UPFC_Vsh,5-15,1.1113021876946405,15,1.1079753959808807,MAP_PMU,15,0.0033267917137598246
3,UPFC_tsh,5-15,-0.23346114723314912,15,-0.23357131560074731,MAP_PMU,15,0.0001101683675981957
4,UPFC_Vse,5-15,0.058780209848985625,15,0.0609313646449456,MAP_PMU,15,0.002151154795959974
5,UPFC_tse,5-15,-2.109881530172965,15,-2.153802308666399,MAP_PMU,15,0.043920778493433676
0,x_tcsc,1-14,-0.10963374237976622,16,-0.10959305204605325,MAP_PMU,15,4.069033371296993e-05
1,B_svc,2,0.17783439356366892,16,0.1782051506477067,MAP_PMU,15,0.0003707570840377761
2,UPFC_Vsh,5-15,1.111329101152211,16,1.1079753959808807,MAP_PMU,15,0.003353705171330379
3,UPFC_tsh,5-15,-0.23350952953707194,16,-0.23357131560074731,MAP_PMU,15,6.178606367537864e-05
4,UPFC_Vse,5-15,0.058913590381952985,16,0.0609313646449456,MAP_PMU,15,0.0020177742629926138
5,UPFC_tse,5-15,-2.1178904134672387,16,-2.153802308666399,MAP_PMU,15,0.03591189519916016
0,x_tcsc,1-14,-0.10959286152010218,17,-0.10959305204605325,MAP_PMU,15,1.9052595107149628e-07
1,B_svc,2,0.17800439291771938,17,0.1782051506477067,MAP_PMU,15,0.00020075772998731645
2,UPFC_Vsh,5-15,1.111728447081488,17,1.1079753959808807,MAP_PMU,15,0.0037530511006074185
3,UPFC_tsh,5-15,-0.23350796057428735,17,-0.23357131560074731,MAP_PMU,15,6.335502645996027e-05
4,UPFC_Vse,5-15,0.058378755743956484,17,0.0609313646449456,MAP_PMU,15,0.0025526089009891145
5,UPFC_tse,5-15,-2.1291588608291723,17,-2.153802308666399,MAP_PMU,15,0.024643447837226606
0,x_tcsc,1-14,-0.1096219862927183,18,-0.10959305204605325,MAP_PMU,15,2.893424666504385e-05
1,B_svc,2,0.17800770997795565,18,0.1782051506477067,MAP_PMU,15,0.00019744066975105334
2,UPFC_Vsh,5-15,1.1115879775086357,18,1.1079753959808807,MAP_PMU,15,0.00361258152775501
3,UPFC_tsh,5-15,-0.23355600483899494,18,-0.23357131560074731,MAP_PMU,15,1.5310761752374002e-05
4,UPFC_Vse,5-15,0.05900220984601564,18,0.0609313646449456,MAP_PMU,15,0.0019291547989299593
5,UPFC_tse,5-15,-2.1309533072770326,18,-2.153802308666399,MAP_PMU,15,0.022849001389366297
0,x_tcsc,1-14,-0.10960574666920553,19,-0.10959305204605325,MAP_PMU,15,1.2694623152273432e-05
1,B_svc,2,0.17853466394037826,19,0.1782051506477067,MAP_PMU,15,0.00032951329267155716
2,UPFC_Vsh,5-15,1.1116947363462173,19,1.1079753959808807,MAP_PMU,15,0.0037193403653366097
3,UPFC_tsh,5-15,-0.2334334352832868,19,-0.23357131560074731,MAP_PMU,15,0.00013788031746050922
4,UPFC_Vse,5-15,0.0584993203417092,19,0.0609313646449456,MAP_PMU,15,0.0024320443032363956
5,UPFC_tse,5-15,-2.1234960800665568,19,-2.153802308666399,MAP_PMU,15,0.03030622859984211
0,x_tcsc,1-14,-0.10961570867585924,20,-0.10959305204605325,MAP_PMU,15,2.2656629805981043e-05
1,B_svc,2,0.1778518081977351,20,0.1782051506477067,MAP_PMU,15,0.00035334244997159425
2,UPFC_Vsh,5-15,1.1117540062630238,20,1.1079753959808807,MAP_PMU,15,0.0037786102821431022
3,UPFC_tsh,5-15,-0.23349425658912462,20,-0.23357131560074731,MAP_PMU,15,7.705901162269324e-05
4,UPFC_Vse,5-15,0.05850523883196187,20,0.0609313646449456,MAP_PMU,15,0.00242612581298373
5,UPFC_tse,5-15,-2.1278065942858224,20,-2.153802308666399,MAP_PMU,15,0.025995714380576462
0,x_tcsc,1-14,-0.10964953737069788,21,-0.10959305204605325,MAP_PMU,15,5.6485324644625634e-05
1,B_svc,2,0.17838274280550728,21,0.1782051506477067,MAP_PMU,15,0.00017759215780058235
2,UPFC_Vsh,5-15,1.1119223068285244,21,1.1079753959808807,MAP_PMU,15,0.003946910847643759
3,UPFC_tsh,5-15,-0.23345899745330992,21,-0.23357131560074731,MAP_PMU,15,0.00011231814743739577
4,UPFC_Vse,5-15,0.0589154041256112,21,0.0609313646449456,MAP_PMU,15,0.002015960519334399
5,UPFC_tse,5-15,-2.1085922169740248,21,-2.153802308666399,MAP_PMU,15,0.04521009169237411
0,x_tcsc,1-14,-0.10960172546778729,22,-0.10959305204605325,MAP_PMU,15,8.67342173403729e-06
1,B_svc,2,0.17849091326786773,22,0.1782051506477067,MAP_PMU,15,0.0002857626201610286
2,UPFC_Vsh,5-15,1.1118128322597343,22,1.1079753959808807,MAP_PMU,15,0.0038374362788535787
3,UPFC_tsh,5-15,-0.2334602996695729,22,-0.23357131560074731,MAP_PMU,15,0.00011101593117440745
4,UPFC_Vse,5-15,0.05873922196603776,22,0.0609313646449456,MAP_PMU,15,0.0021921426789078408
5,UPFC_tse,5-15,-2.1256373477890427,22,-2.153802308666399,MAP_PMU,15,0.028164960877356204
0,x_tcsc,1-14,-0.10956252143177832,23,-0.10959305204605325,MAP_PMU,15,3.053061427493731e-05
1,B_svc,2,0.17817900000078182,23,0.1782051506477067,MAP_PMU,15,2.615064692487734e-05
2,UPFC_Vsh,5-15,1.1110210014131905,23,1.1079753959808807,MAP_PMU,15,0.003045605432309806
3,UPFC_tsh,5-15,-0.2334781158172692,23,-0.23357131560074731,MAP_PMU,15,9.319978347810398e-05
4,UPFC_Vse,5-15,0.0589535877400307,23,0.0609313646449456,MAP_PMU,15,0.0019777769049149005
5,UPFC_tse,5-15,-2.130878040828198,23,-2.153802308666399,MAP_PMU,15,0.022924267838200674
0,x_tcsc,1-14,-0.10962246827039292,24,-0.10959305204605325,MAP_PMU,15,2.941622433966229e-05
1,B_svc,2,0.1778302578903121,24,0.1782051506477067,MAP_PMU,15,0.00037489275739460703
2,UPFC_Vsh,5-15,1.1122155261129343,24,1.1079753959808807,MAP_PMU,15,0.004240130132053599
3,UPFC_tsh,5-15,-0.23343054161949406,24,-0.23357131560074731,MAP_PMU,15,0.00014077398125325602
4,UPFC_Vse,5-15,0.05814883683018561,24,0.0609313646449456,MAP_PMU,15,0.0027825278147599886
5,UPFC_tse,5-15,-2.1262861812938163,24,-2.153802308666399,MAP_PMU,15,0.027516127372582577
0,x_tcsc,1-14,-0.10967358549625889,25,-0.10959305204605325,MAP_PMU,15,8.053345020563041e-05
1,B_svc,2,0.17830726945080508,25,0.1782051506477067,MAP_PMU,15,0.00010211880309837773
2,UPFC_Vsh,5-15,1.1118495309859362,25,1.1079753959808807,MAP_PMU,15,0.0038741350050555123
3,UPFC_tsh,5-15,-0.23344413097065753,25,-0.23357131560074731,MAP_PMU,15,0.0001271846300897883
4,UPFC_Vse,5-15,0.05837872296133636,25,0.0609313646449456,MAP_PMU,15,0.00255264168360924
5,UPFC_tse,5-15,-2.1221391456567686,25,-2.153802308666399,MAP_PMU,15,0.031663163009630235
0,x_tcsc,1-14,-0.10961467631625274,26,-0.10959305204605325,MAP_PMU,15,2.162427019948565e-05
1,B_svc,2,0.1784640738550623,26,0.1782051506477067,MAP_PMU,15,0.00025892320735559915
2,UPFC_Vsh,5-15,1.111449512521585,26,1.1079753959808807,MAP_PMU,15,0.0034741165407043972
3,UPFC_tsh,5-15,-0.23352390270870912,26,-0.23357131560074731,MAP_PMU,15,4.741289203818999e-05
4,UPFC_Vse,5-15,0.0585361460779081,26,0.0609313646449456,MAP_PMU,15,0.002395218567037498
5,UPFC_tse,5-15,-2.1204849700367596,26,-2.153802308666399,MAP_PMU,15,0.03331733862963926
0,x_tcsc,1-14,-0.10961943523254383,27,-0.10959305204605325,MAP_PMU,15,2.6383186490577804e-05
1,B_svc,2,0.17796451527959248,27,0.1782051506477067,MAP_PMU,15,0.0002406353681142226
2,UPFC_Vsh,5-15,1.1117069128046584,27,1.1079753959808807,MAP_PMU,15,0.003731516823777703
3,UPFC_tsh,5-15,-0.23348965058801824,27,-0.23357131560074731,MAP_PMU,15,8.166501272907634e-05
4,UPFC_Vse,5-15,0.05848942560442562,27,0.0609313646449456,MAP_PMU,15,0.0024419390405199803
5,UPFC_tse,5-15,-2.127573916692974,27,-2.153802308666399,MAP_PMU,15,0.02622839197342497
0,x_tcsc,1-14,-0.10960164144049676,28,-0.10959305204605325,MAP_PMU,15,8.589394443508924e-06
1,B_svc,2,0.1784543944490935,28,0.1782051506477067,MAP_PMU,15,0.00024924380138680036
2,UPFC_Vsh,5-15,1.1118907617168523,28,1.1079753959808807,MAP_PMU,15,0.003915365735971621
3,UPFC_tsh,5-15,-0.23344296332340383,28,-0.23357131560074731,MAP_PMU,15,0.00012835227734347976
4,UPFC_Vse,5-15,0.058722849275199086,28,0.0609313646449456,MAP_PMU,15,0.0022085153697465124
5,UPFC_tse,5-15,-2.1165117289189506,28,-2.153802308666399,MAP_PMU,15,0.037290579747448316
0,x_tcsc,1-14,-0.10962160537219018,29,-0.10959305204605325,MAP_PMU,15,2.855332613692363e-05
1,B_svc,2,0.17872292212415536,29,0.1782051506477067,MAP_PMU,15,0.0005177714764486585
2,UPFC_Vsh,5-15,1.1116620734199243,29,1.1079753959808807,MAP_PMU,15,0.0036866774390436063
3,UPFC_tsh,5-15,-0.23343697252482176,29,-0.23357131560074731,MAP_PMU,15,0.0001343430759255526
4,UPFC_Vse,5-15,0.05892387530812368,29,0.0609313646449456,MAP_PMU,15,0.0020074893368219188
5,UPFC_tse,5-15,-2.121834495980651,29,-2.153802308666399,MAP_PMU,15,0.03196781268574789
0,x_tcsc,1-14,-0.1096111562425576,30,-0.10959305204605325,MAP_PMU,15,1.810419650434547e-05
1,B_svc,2,0.17839625641701992,30,0.1782051506477067,MAP_PMU,15,0.0001911057693132212
2,UPFC_Vsh,5-15,1.111688474058036,30,1.1079753959808807,MAP_PMU,15,0.003713078077155263
3,UPFC_tsh,5-15,-0.23355528671929396,30,-0.23357131560074731,MAP_PMU,15,1.6028881453356014e-05
4,UPFC_Vse,5-15,0.059267743100890016,30,0.0609313646449456,MAP_PMU,15,0.0016636215440555824
5,UPFC_tse,5-15,-2.1317775163137864,30,-2.153802308666399,MAP_PMU,15,0.022024792352612454
0,x_tcsc,1-14,-0.10963491335800696,31,-0.10959305204605325,MAP_PMU,15,4.186131195370313e-05
1,B_svc,2,0.17832150478099462,31,0.1782051506477067,MAP_PMU,15,0.00011635413328792144
2,UPFC_Vsh,5-15,1.1113360472924911,31,1.1079753959808807,MAP_PMU,15,0.003360651311610452
3,UPFC_tsh,5-15,-0.23351962390373512,31,-0.23357131560074731,MAP_PMU,15,5.169169701219056e-05
4,UPFC_Vse,5-15,0.05860689209128804,31,0.0609313646449456,MAP_PMU,15,0.0023244725536575583
5,UPFC_tse,5-15,-2.1359884397168547,31,-2.153802308666399,MAP_PMU,15,0.017813868949544176
0,x_tcsc,1-14,-0.10963022497484104,32,-0.10959305204605325,MAP_PMU,15,3.7172928787784776e-05
1,B_svc,2,0.17854718022652258,32,0.1782051506477067,MAP_PMU,15,0.0003420295788158778
2,UPFC_Vsh,5-15,1.111774169214007,32,1.1079753959808807,MAP_PMU,15,0.0037987732331263846
3,UPFC_tsh,5-15,-0.2334483054927497,32,-0.23357131560074731,MAP_PMU,15,0.00012301010799761758
4,UPFC_Vse,5-15,0.058142957721248896,32,0.0609313646449456,MAP_PMU,15,0.0027884069236967027
5,UPFC_tse,5-15,-2.1200299627275325,32,-2.153802308666399,MAP_PMU,15,0.033772345938866355
0,x_tcsc,1-14,-0.10960317798623423,33,-0.10959305204605325,MAP_PMU,15,1.0125940180974458e-05
1,B_svc,2,0.17831105634805383,33,0.1782051506477067,MAP_PMU,15,0.00010590570034713087
2,UPFC_Vsh,5-15,1.1114930740632385,33,1.1079753959808807,MAP_PMU,15,0.0035176780823578113
3,UPFC_tsh,5-15,-0.23350232804805818,33,-0.23357131560074731,MAP_PMU,15,6.898755268913703e-05
4,UPFC_Vse,5-15,0.05809745406210622,33,0.0609313646449456,MAP_PMU,15,0.002833910582839376
5,UPFC_tse,5-15,-2.1088155438019967,33,-2.153802308666399,MAP_PMU,15,0.04498676486440223
0,x_tcsc,1-14,-0.10964765783620309,34,-0.10959305204605325,MAP_PMU,15,5.460579014983369e-05
1,B_svc,2,0.1780296595077701,34,0.1782051506477067,MAP_PMU,15,0.00017549113993658993
2,UPFC_Vsh,5-15,1.1114369716201935,34,1.1079753959808807,MAP_PMU,15,0.0034615756393128194
3,UPFC_tsh,5-15,-0.2334752735323986,34,-0.23357131560074731,MAP_PMU,15,9.604206834870621e-05
4,UPFC_Vse,5-15,0.05854066487230139,34,0.0609313646449456,MAP_PMU,15,0.0023906997726442086
5,UPFC_tse,5-15,-2.112200220519568,34,-2.153802308666399,MAP_PMU,15,0.04160208814683086
0,x_tcsc,1-14,-0.10964325174075391,35,-0.10959305204605325,MAP_PMU,15,5.019969470065888e-05
1,B_svc,2,0.17806639593150106,35,0.1782051506477067,MAP_PMU,15,0.00013875471620564128
2,UPFC_Vsh,5-15,1.1115662802989734,35,1.1079753959808807,MAP_PMU,15,0.0035908843180927352
3,UPFC_tsh,5-15,-0.2335802149865864,35,-0.23357131560074731,MAP_PMU,15,8.899385839089557e-06
4,UPFC_Vse,5-15,0.05893665685180371,35,0.0609313646449456,MAP_PMU,15,0.001994707793141891
5,UPFC_tse,5-15,-2.1283491793896885,35,-2.153802308666399,MAP_PMU,15,0.025453129276710396
0,x_tcsc,1-14,-0.10962426531646001,36,-0.10959305204605325,MAP_PMU,15,3.12132704067547e-05
1,B_svc,2,0.17796383204152252,36,0.1782051506477067,MAP_PMU,15,0.00024131860618417655
2,UPFC_Vsh,5-15,1.1120000694060568,36,1.1079753959808807,MAP_PMU,15,0.004024673425176095
3,UPFC_tsh,5-15,-0.23341654669321182,36,-0.23357131560074731,MAP_PMU,15,0.00015476890753549077
4,UPFC_Vse,5-15,0.05832531947702133,36,0.0609313646449456,MAP_PMU,15,0.002606045167924266
5,UPFC_tse,5-15,-2.1233499721436284,36,-2.153802308666399,MAP_PMU,15,0.030452336522770462
0,x_tcsc,1-14,-0.10962299307311643,37,-0.10959305204605325,MAP_PMU,15,2.9941027063176695e-05
1,B_svc,2,0.17839446451638646,37,0.1782051506477067,MAP_PMU,15,0.00018931386867976352
2,UPFC_Vsh,5-15,1.1118711387136582,37,1.1079753959808807,MAP_PMU,15,0.003895742732777485
3,UPFC_tsh,5-15,-0.233496963962585,37,-0.23357131560074731,MAP_PMU,15,7.435163816230106e-05
4,UPFC_Vse,5-15,0.05898826059545605,37,0.0609313646449456,MAP_PMU,15,0.0019431040494895455
5,UPFC_tse,5-15,-2.129344542723268,37,-2.153802308666399,MAP_PMU,15,0.024457765943131093
0,x_tcsc,1-14,-0.10962433676083526,38,-0.10959305204605325,MAP_PMU,15,3.12847147820039e-05
1,B_svc,2,0.1782305382862388,38,0.1782051506477067,MAP_PMU,15,2.5387638532103907e-05
2,UPFC_Vsh,5-15,1.1117571310149912,38,1.1079753959808807,MAP_PMU,15,0.0037817350341105005
3,UPFC_tsh,5-15,-0.23350684674673475,38,-0.23357131560074731,MAP_PMU,15,6.446885401256708e-05
4,UPFC_Vse,5-15,0.05833005705811805,38,0.0609313646449456,MAP_PMU,15,0.002601307586827549
5,UPFC_tse,5-15,-2.123446300565126,38,-2.153802308666399,MAP_PMU,15,0.030356008101272813
0,x_tcsc,1-14,-0.10960742774492721,39,-0.10959305204605325,MAP_PMU,15,1.4375698873955733e-05
1,B_svc,2,0.17815233205849443,39,0.1782051506477067,MAP_PMU,15,5.281858921227234e-05
2,UPFC_Vsh,5-15,1.111535968983424,39,1.1079753959808807,MAP_PMU,15,0.0035605730025434212
3,UPFC_tsh,5-15,-0.23344903348826831,39,-0.23357131560074731,MAP_PMU,15,0.00012228211247899967
4,UPFC_Vse,5-15,0.0580478860479175,39,0.0609313646449456,MAP_PMU,15,0.0028834785970280954
5,UPFC_tse,5-15,-2.125065694063336,39,-2.153802308666399,MAP_PMU,15,0.028736614603062982
0,x_tcsc,1-14,-0.10961977608923291,40,-0.10959305204605325,MAP_PMU,15,2.672404317966004e-05
1,B_svc,2,0.17863579571565344,40,0.1782051506477067,MAP_PMU,15,0.00043064506794673885
2,UPFC_Vsh,5-15,1.1116610422342021,40,1.1079753959808807,MAP_PMU,15,0.003685646253321462
3,UPFC_tsh,5-15,-0.23346464761765198,40,-0.23357131560074731,MAP_PMU,15,0.0001066679830953321
4,UPFC_Vse,5-15,0.05868381651700486,40,0.0609313646449456,MAP_PMU,15,0.0022475481279407364
5,UPFC_tse,5-15,-2.126269202980384,40,-2.153802308666399,MAP_PMU,15,0.02753310568601508
0,x_tcsc,1-14,-0.10962494310321588,41,-0.10959305204605325,MAP_PMU,15,3.189105716262797e-05
1,B_svc,2,0.1778567603410061,41,0.1782051506477067,MAP_PMU,15,0.00034839030670061333
2,UPFC_Vsh,5-15,1.1114828826921768,41,1.1079753959808807,MAP_PMU,15,0.0035074867112960817
3,UPFC_tsh,5-15,-0.23344116102356163,41,-0.23357131560074731,MAP_PMU,15,0.00013015457718568157
4,UPFC_Vse,5-15,0.05823099209284322,41,0.0609313646449456,MAP_PMU,15,0.002700372552102377
5,UPFC_tse,5-15,-2.1208479775257265,41,-2.153802308666399,MAP_PMU,15,0.032954331140672366
0,x_tcsc,1-14,-0.10961197942776021,42,-0.10959305204605325,MAP_PMU,15,1.8927381706959623e-05
1,B_svc,2,0.17833017694065573,42,0.1782051506477067,MAP_PMU,15,0.00012502629294902645
2,UPFC_Vsh,5-15,1.1116587547493153,42,1.1079753959808807,MAP_PMU,15,0.003683358768434619
3,UPFC_tsh,5-15,-0.233517260809567,42,-0.23357131560074731,MAP_PMU,15,5.405479118031353e-05
4,UPFC_Vse,5-15,0.05844789728882231,42,0.0609313646449456,MAP_PMU,15,0.0024834673561232867
5,UPFC_tse,5-15,-2.132678690866419,42,-2.153802308666399,MAP_PMU,15,0.021123617799979844
0,x_tcsc,1-14,-0.10959609345839133,43,-0.10959305204605325,MAP_PMU,15,3.041412338075644e-06
1,B_svc,2,0.17804812336601264,43,0.1782051506477067,MAP_PMU,15,0.000157027281694061
2,UPFC_Vsh,5-15,1.1113193034024087,43,1.1079753959808807,MAP_PMU,15,0.003343907421528014
3,UPFC_tsh,5-15,-0.23356148876856575,43,-0.23357131560074731,MAP_PMU,15,9.826832181564216e-06
4,UPFC_Vse,5-15,0.059029340561639006,43,0.0609313646449456,MAP_PMU,15,0.001902024083306593
5,UPFC_tse,5-15,-2.138651915149724,43,-2.153802308666399,MAP_PMU,15,0.01515039351667502
0,x_tcsc,1-14,-0.10962936478885853,44,-0.10959305204605325,MAP_PMU,15,3.63127428052723e-05
1,B_svc,2,0.17830599439397388,44,0.1782051506477067,MAP_PMU,15,0.00010084374626717629
2,UPFC_Vsh,5-15,1.1116794358893862,44,1.1079753959808807,MAP_PMU,15,0.003704039908505541
3,UPFC_tsh,5-15,-0.2334513804399796,44,-0.23357131560074731,MAP_PMU,15,0.00011993516076772015
4,UPFC_Vse,5-15,0.05913824412448939,44,0.0609313646449456,MAP_PMU,15,0.0017931205204562081
5,UPFC_tse,5-15,-2.113570294762233,44,-2.153802308666399,MAP_PMU,15,0.040232013904165864
0,x_tcsc,1-14,-0.10962373261173676,45,-0.10959305204605325,MAP_PMU,15,3.068056568350519e-05
1,B_svc,2,0.17819613912502713,45,0.1782051506477067,MAP_PMU,15,9.011522679569506e-06
2,UPFC_Vsh,5-15,1.111512165308119,45,1.1079753959808807,MAP_PMU,15,0.0035367693272383427
3,UPFC_tsh,5-15,-0.23349033004045364,45,-0.23357131560074731,MAP_PMU,15,8.09855602936782e-05
4,UPFC_Vse,5-15,0.05862320286496588,45,0.0609313646449456,MAP_PMU,15,0.0023081617799797158
5,UPFC_tse,5-15,-2.11697140489385,45,-2.153802308666399,MAP_PMU,15,0.03683090377254894
0,x_tcsc,1-14,-0.10963248899648992,46,-0.10959305204605325,MAP_PMU,15,3.943695043666373e-05
1,B_svc,2,0.17846737961621792,46,0.1782051506477067,MAP_PMU,15,0.0002622289685112189
2,UPFC_Vsh,5-15,1.1114349026484316,46,1.1079753959808807,MAP_PMU,15,0.0034595066675509045
3,UPFC_tsh,5-15,-0.2334527052344128,46,-0.23357131560074731,MAP_PMU,15,0.0001186103663345095
4,UPFC_Vse,5-15,0.05820498931800777,46,0.0609313646449456,MAP_PMU,15,0.002726375326937827
5,UPFC_tse,5-15,-2.121482698563239,46,-2.153802308666399,MAP_PMU,15,0.03231961010315976
0,x_tcsc,1-14,-0.10961745235298449,47,-0.10959305204605325,MAP_PMU,15,2.440030693123818e-05
1,B_svc,2,0.17813535366760647,47,0.1782051506477067,MAP_PMU,15,6.979698010023405e-05
2,UPFC_Vsh,5-15,1.1117295905647087,47,1.1079753959808807,MAP_PMU,15,0.0037541945838279744
3,UPFC_tsh,5-15,-0.23343156234766307,47,-0.23357131560074731,MAP_PMU,15,0.00013975325308424047
4,UPFC_Vse,5-15,0.058885322899401696,47,0.0609313646449456,MAP_PMU,15,0.002046041745543903
5,UPFC_tse,5-15,-2.119598699661642,47,-2.153802308666399,MAP_PMU,15,0.03420360900475705
0,x_tcsc,1-14,-0.10963494521263822,48,-0.10959305204605325,MAP_PMU,15,4.189316658496922e-05
1,B_svc,2,0.17862030403055526,48,0.1782051506477067,MAP_PMU,15,0.00041515338284855985
2,UPFC_Vsh,5-15,1.1114370320235223,48,1.1079753959808807,MAP_PMU,15,0.0034616360426416026
3,UPFC_tsh,5-15,-0.23356254216866862,48,-0.23357131560074731,MAP_PMU,15,8.773432078695853e-06
4,UPFC_Vse,5-15,0.058803189403204635,48,0.0609313646449456,MAP_PMU,15,0.0021281752417409636
5,UPFC_tse,5-15,-2.1276731245054945,48,-2.153802308666399,MAP_PMU,15,0.026129184160904373
0,x_tcsc,1-14,-0.10960472954485848,49,-0.10959305204605325,MAP_PMU,15,1.1677498805220954e-05
1,B_svc,2,0.1781566019843038,49,0.1782051506477067,MAP_PMU,15,4.854866340289754e-05
2,UPFC_Vsh,5-15,1.1117704471848069,49,1.1079753959808807,MAP_PMU,15,0.003795051203926203
3,UPFC_tsh,5-15,-0.23349044654739162,49,-0.23357131560074731,MAP_PMU,15,8.086905335569217e-05
4,UPFC_Vse,5-15,0.058572959975283584,49,0.0609313646449456,MAP_PMU,15,0.002358404669662015
5,UPFC_tse,5-15,-2.1293362113566534,49,-2.153802308666399,MAP_PMU,15,0.02446609730974547
0,x_tcsc,1-14,-0.10960047838131491,50,-0.10959305204605325,MAP_PMU,15,7.426335261656591e-06
1,B_svc,2,0.17798375627366894,50,0.1782051506477067,MAP_PMU,15,0.00022139437403775886
2,UPFC_Vsh,5-15,1.1117269686654683,50,1.1079753959808807,MAP_PMU,15,0.0037515726845875896
3,UPFC_tsh,5-15,-0.23348841129734726,50,-0.23357131560074731,MAP_PMU,15,8.290430340004984e-05
4,UPFC_Vse,5-15,0.05847740095891629,50,0.0609313646449456,MAP_PMU,15,0.0024539636860293063
5,UPFC_tse,5-15,-2.119270051435677,50,-2.153802308666399,MAP_PMU,15,0.03453225723072206
0,x_tcsc,1-14,-0.10959763130014943,51,-0.10959305204605325,MAP_PMU,15,4.579254096179208e-06
1,B_svc,2,0.17856895472759685,51,0.1782051506477067,MAP_PMU,15,0.0003638040798901454
2,UPFC_Vsh,5-15,1.1115712546021101,51,1.1079753959808807,MAP_PMU,15,0.003595858621229464
3,UPFC_tsh,5-15,-0.23344455609361234,51,-0.23357131560074731,MAP_PMU,15,0.00012675950713497697
4,UPFC_Vse,5-15,0.05871745933378794,51,0.0609313646449456,MAP_PMU,15,0.0022139053111576573
5,UPFC_tse,5-15,-2.114925057581022,51,-2.153802308666399,MAP_PMU,15,0.03887725108537676
0,x_tcsc,1-14,-0.10961821448509504,52,-0.10959305204605325,MAP_PMU,15,2.516243904178428e-05
1,B_svc,2,0.17843365218050886,52,0.1782051506477067,MAP_PMU,15,0.00022850153280215557
2,UPFC_Vsh,5-15,1.1113362561326603,52,1.1079753959808807,MAP_PMU,15,0.00336086015177961
3,UPFC_tsh,5-15,-0.2335723876190541,52,-0.23357131560074731,MAP_PMU,15,1.072018306791378e-06
4,UPFC_Vse,5-15,0.05850833353436431,52,0.0609313646449456,MAP_PMU,15,0.0024230311105812863
5,UPFC_tse,5-15,-2.126815321692682,52,-2.153802308666399,MAP_PMU,15,0.02698698697371693
0,x_tcsc,1-14,-0.10960708495129329,53,-0.10959305204605325,MAP_PMU,15,1.4032905240032867e-05
1,B_svc,2,0.17800598810613677,53,0.1782051506477067,MAP_PMU,15,0.00019916254156993052
2,UPFC_Vsh,5-15,1.11111357717781,53,1.1079753959808807,MAP_PMU,15,0.003138181196929324
3,UPFC_tsh,5-15,-0.23356423406961355,53,-0.23357131560074731,MAP_PMU,15,7.081531133767971e-06
4,UPFC_Vse,5-15,0.05853003968448267,53,0.0609313646449456,MAP_PMU,15,0.0024013249604629278
5,UPFC_tse,5-15,-2.1289312064533363,53,-2.153802308666399,MAP_PMU,15,0.024871102213062546
0,x_tcsc,1-14,-0.1096378375980529,54,-0.10959305204605325,MAP_PMU,15,4.4785551999645956e-05
1,B_svc,2,0.17878995539201883,54,0.1782051506477067,MAP_PMU,15,0.000584804744312134
2,UPFC_Vsh,5-15,1.1116859766867473,54,1.1079753959808807,MAP_PMU,15,0.0037105807058666063
3,UPFC_tsh,5-15,-0.2335809583261394,54,-0.23357131560074731,MAP_PMU,15,9.642725392083884e-06
4,UPFC_Vse,5-15,0.05850929436824965,54,0.0609313646449456,MAP_PMU,15,0.0024220702766959493
5,UPFC_tse,5-15,-2.127215668331918,54,-2.153802308666399,MAP_PMU,15,0.026586640334480993
0,x_tcsc,1-14,-0.10965341682330712,55,-0.10959305204605325,MAP_PMU,15,6.036477725386569e-05
1,B_svc,2,0.17812967561299173,55,0.1782051506477067,MAP_PMU,15,7.547503471497241e-05
2,UPFC_Vsh,5-15,1.1121909550909725,55,1.1079753959808807,MAP_PMU,15,0.00421555911009186
3,UPFC_tsh,5-15,-0.2334412967822973,55,-0.23357131560074731,MAP_PMU,15,0.00013001881845001173
4,UPFC_Vse,5-15,0.058677789528006966,55,0.0609313646449456,MAP_PMU,15,0.002253575116938633
5,UPFC_tse,5-15,-2.11165683667207,55,-2.153802308666399,MAP_PMU,15,0.04214547199432905
0,x_tcsc,1-14,-0.1096271089512551,56,-0.10959305204605325,MAP_PMU,15,3.4056905201848564e-05
1,B_svc,2,0.1784823328653573,56,0.1782051506477067,MAP_PMU,15,0.0002771822176506067
2,UPFC_Vsh,5-15,1.1116809212241772,56,1.1079753959808807,MAP_PMU,15,0.0037055252432964814
3,UPFC_tsh,5-15,-0.23345215747229758,56,-0.23357131560074731,MAP_PMU,15,0.00011915812844973117
4,UPFC_Vse,5-15,0.05847338898666426,56,0.0609313646449456,MAP_PMU,15,0.0024579756582813403
5,UPFC_tse,5-15,-2.1207553790246463,56,-2.153802308666399,MAP_PMU,15,0.0330469296417526
0,x_tcsc,1-14,-0.10961827518341968,57,-0.10959305204605325,MAP_PMU,15,2.522313736642856e-05
1,B_svc,2,0.1780013965614592,57,0.1782051506477067,MAP_PMU,15,0.00020375408624750957
2,UPFC_Vsh,5-15,1.1115336228190154,57,1.1079753959808807,MAP_PMU,15,0.0035582268381346704
3,UPFC_tsh,5-15,-0.2335687622838247,57,-0.23357131560074731,MAP_PMU,15,2.5533169226155117e-06
4,UPFC_Vse,5-15,0.05891683685338019,57,0.0609313646449456,MAP_PMU,15,0.0020145277915654056
5,UPFC_tse,5-15,-2.1181526012444363,57,-2.153802308666399,MAP_PMU,15,0.035649707421962606
0,x_tcsc,1-14,-0.10963358693686874,58,-0.10959305204605325,MAP_PMU,15,4.053489081548567e-05
1,B_svc,2,0.17804025814755658,58,0.1782051506477067,MAP_PMU,15,0.00016489250015011558
2,UPFC_Vsh,5-15,1.112124151966992,58,1.1079753959808807,MAP_PMU,15,0.004148755986111308
3,UPFC_tsh,5-15,-0.23341587955300505,58,-0.23357131560074731,MAP_PMU,15,0.00015543604774226338
4,UPFC_Vse,5-15,0.058152502054181425,58,0.0609313646449456,MAP_PMU,15,0.0027788625907641737
5,UPFC_tse,5-15,-2.11987096203647,58,-2.153802308666399,MAP_PMU,15,0.033931346629928694
0,x_tcsc,1-14,-0.1096598984352843,59,-0.10959305204605325,MAP_PMU,15,6.684638923104558e-05
1,B_svc,2,0.1781576855887774,59,0.1782051506477067,MAP_PMU,15,4.746505892930242e-05
2,UPFC_Vsh,5-15,1.1117013076542777,59,1.1079753959808807,MAP_PMU,15,0.0037259116733969755
3,UPFC_tsh,5-15,-0.23346570806485292,59,-0.23357131560074731,MAP_PMU,15,0.00010560753589439198
4,UPFC_Vse,5-15,0.05880657555080774,59,0.0609313646449456,MAP_PMU,15,0.002124789094137859
5,UPFC_tse,5-15,-2.117327991368462,59,-2.153802308666399,MAP_PMU,15,0.03647431729793693
0,x_tcsc,1-14,-0.10959009949929713,60,-0.10959305204605325,MAP_PMU,15,2.9525467561269947e-06
1,B_svc,2,0.17827591265713866,60,0.1782051506477067,MAP_PMU,15,7.076200943195721e-05
2,UPFC_Vsh,5-15,1.1119643793021403,60,1.1079753959808807,MAP_PMU,15,0.0039889833212596315
3,UPFC_tsh,5-15,-0.23344032471974224,60,-0.23357131560074731,MAP_PMU,15,0.00013099088100507195
4,UPFC_Vse,5-15,0.05884913846490114,60,0.0609313646449456,MAP_PMU,15,0.002082226180044458
5,UPFC_tse,5-15,-2.119954495743969,60,-2.153802308666399,MAP_PMU,15,0.03384781292243
0,x_tcsc,1-14,-0.10960048676259153,61,-0.10959305204605325,MAP_PMU,15,7.434716538273767e-06
1,B_svc,2,0.17778248581932202,61,0.1782051506477067,MAP_PMU,15,0.00042266482838468344
2,UPFC_Vsh,5-15,1.1118070960238047,61,1.1079753959808807,MAP_PMU,15,0.003831700042923991
3,UPFC_tsh,5-15,-0.2334827673330964,61,-0.23357131560074731,MAP_PMU,15,8.854826765092305e-05
4,UPFC_Vse,5-15,0.05879162295912812,61,0.0609313646449456,MAP_PMU,15,0.0021397416858174798
5,UPFC_tse,5-15,-2.1216480862502167,61,-2.153802308666399,MAP_PMU,15,0.032154222416182154
0,x_tcsc,1-14,-0.10963046685796247,62,-0.10959305204605325,MAP_PMU,15,3.7414811909219914e-05
1,B_svc,2,0.17842445351494413,62,0.1782051506477067,MAP_PMU,15,0.00021930286723742531
2,UPFC_Vsh,5-15,1.1114463350102002,62,1.1079753959808807,MAP_PMU,15,0.0034709390293194975
3,UPFC_tsh,5-15,-0.23353842094886293,62,-0.23357131560074731,MAP_PMU,15,3.289465188438534e-05
4,UPFC_Vse,5-15,0.059033914038267195,62,0.0609313646449456,MAP_PMU,15,0.0018974506066784039
5,UPFC_tse,5-15,-2.1310291636569945,62,-2.153802308666399,MAP_PMU,15,0.022773145009404416
0,x_tcsc,1-14,-0.10959690696435646,63,-0.10959305204605325,MAP_PMU,15,3.854918303208832e-06
1,B_svc,2,0.17828055240472487,63,0.1782051506477067,MAP_PMU,15,7.540175701817309e-05
2,UPFC_Vsh,5-15,1.1118358955776637,63,1.1079753959808807,MAP_PMU,15,0.003860499596783029
3,UPFC_tsh,5-15,-0.23347783354816984,63,-0.23357131560074731,MAP_PMU,15,9.3482052577476e-05
4,UPFC_Vse,5-15,0.058519135112274426,63,0.0609313646449456,MAP_PMU,15,0.002412229532671173
5,UPFC_tse,5-15,-2.1175345145053157,63,-2.153802308666399,MAP_PMU,15,0.03626779416108317
0,x_tcsc,1-14,-0.10964255759025607,64,-0.10959305204605325,MAP_PMU,15,4.9505544202813057e-05
1,B_svc,2,0.17836404362496666,64,0.1782051506477067,MAP_PMU,15,0.0001588929772599612
2,UPFC_Vsh,5-15,1.111847080930514,64,1.1079753959808807,MAP_PMU,15,0.003871684949633414
3,UPFC_tsh,5-15,-0.23347369729004874,64,-0.23357131560074731,MAP_PMU,15,9.761831069857174e-05
4,UPFC_Vse,5-15,0.058871063303682,64,0.0609313646449456,MAP_PMU,15,0.002060301341263601
5,UPFC_tse,5-15,-2.126611560921696,64,-2.153802308666399,MAP_PMU,15,0.027190747744703092
0,x_tcsc,1-14,-0.1096200098996681,65,-0.10959305204605325,MAP_PMU,15,2.69578536148396e-05
1,B_svc,2,0.1779983954975317,65,0.1782051506477067,MAP_PMU,15,0.00020675515017501422
2,UPFC_Vsh,5-15,1.1116423804405204,65,1.1079753959808807,MAP_PMU,15,0.003666984459639755
3,UPFC_tsh,5-15,-0.2334092582839633,65,-0.23357131560074731,MAP_PMU,15,0.00016205731678400892
4,UPFC_Vse,5-15,0.05863155839866971,65,0.0609313646449456,MAP_PMU,15,0.00229980624627589
5,UPFC_tse,5-15,-2.115247435149008,65,-2.153802308666399,MAP_PMU,15,0.03855487351739084
0,x_tcsc,1-14,-0.10964193350030431,66,-0.10959305204605325,MAP_PMU,15,4.888145425105406e-05
1,B_svc,2,0.17837101872997227,66,0.1782051506477067,MAP_PMU,15,0.00016586808226556893
2,UPFC_Vsh,5-15,1.1116586579100247,66,1.1079753959808807,MAP_PMU,15,0.0036832619291440327
3,UPFC_tsh,5-15,-0.23343649978481523,66,-0.23357131560074731,MAP_PMU,15,0.00013481581593208225
4,UPFC_Vse,5-15,0.05892074618937084,66,0.0609313646449456,MAP_PMU,15,0.002010618455574757
5,UPFC_tse,5-15,-2.1209445591665226,66,-2.153802308666399,MAP_PMU,15,0.0328577494998763
0,x_tcsc,1-14,-0.10966567420023857,67,-0.10959305204605325,MAP_PMU,15,7.26221541853117e-05
1,B_svc,2,0.17787905562332287,67,0.1782051506477067,MAP_PMU,15,0.00032609502438382676
2,UPFC_Vsh,5-15,1.1118185724815228,67,1.1079753959808807,MAP_PMU,15,0.0038431765006421426
3,UPFC_tsh,5-15,-0.233473694444857,67,-0.23357131560074731,MAP_PMU,15,9.762115589032061e-05
4,UPFC_Vse,5-15,0.058304293641995054,67,0.0609313646449456,MAP_PMU,15,0.0026270710029505442
5,UPFC_tse,5-15,-2.119009909984793,67,-2.153802308666399,MAP_PMU,15,0.034792398681605885
0,x_tcsc,1-14,-0.10963991297233945,68,-0.10959305204605325,MAP_PMU,15,4.6860926286196314e-05
1,B_svc,2,0.17845845280863248,68,0.1782051506477067,MAP_PMU,15,0.0002533021609257835
2,UPFC_Vsh,5-15,1.1116815605614305,68,1.1079753959808807,MAP_PMU,15,0.003706164580549842
3,UPFC_tsh,5-15,-0.23352030446324398,68,-0.23357131560074731,MAP_PMU,15,5.101113750333175e-05
4,UPFC_Vse,5-15,0.058918976922725255,68,0.0609313646449456,MAP_PMU,15,0.0020123877222203435
5,UPFC_tse,5-15,-2.1205039711145517,68,-2.153802308666399,MAP_PMU,15,0.03329833755184719
0,x_tcsc,1-14,-0.10960241033785297,69,-0.10959305204605325,MAP_PMU,15,9.358291799710372e-06
1,B_svc,2,0.1785126078247063,69,0.1782051506477067,MAP_PMU,15,0.00030745717699959263
2,UPFC_Vsh,5-15,1.11167206782205,69,1.1079753959808807,MAP_PMU,15,0.0036966718411692856
3,UPFC_tsh,5-15,-0.2334555889001324,69,-0.23357131560074731,MAP_PMU,15,0.00011572670061490986
4,UPFC_Vse,5-15,0.058414483866822936,69,0.0609313646449456,MAP_PMU,15,0.0025168807781226626
5,UPFC_tse,5-15,-2.1193882841994776,69,-2.153802308666399,MAP_PMU,15,0.03441402446692132
0,x_tcsc,1-14,-0.10960392163427667,70,-0.10959305204605325,MAP_PMU,15,1.0869588223411109e-05
1,B_svc,2,0.1778404870489243,70,0.1782051506477067,MAP_PMU,15,0.00036466359878239984
2,UPFC_Vsh,5-15,1.111326159758967,70,1.1079753959808807,MAP_PMU,15,0.0033507637780862964
3,UPFC_tsh,5-15,-0.23349901336230605,70,-0.23357131560074731,MAP_PMU,15,7.230223844126304e-05
4,UPFC_Vse,5-15,0.05894479905906196,70,0.0609313646449456,MAP_PMU,15,0.001986565585883636
5,UPFC_tse,5-15,-2.1318637197472436,70,-2.153802308666399,MAP_PMU,15,0.021938588919155233
0,x_tcsc,1-14,-0.10965407414204927,71,-0.10959305204605325,MAP_PMU,15,6.1022095996010606e-05
1,B_svc,2,0.17805508874780082,71,0.1782051506477067,MAP_PMU,15,0.00015006189990587893
2,UPFC_Vsh,5-15,1.1115053868190028,71,1.1079753959808807,MAP_PMU,15,0.00352999083812211
3,UPFC_tsh,5-15,-0.23347441366943672,71,-0.23357131560074731,MAP_PMU,15,9.690193131059455e-05
4,UPFC_Vse,5-15,0.05883569260706486,71,0.0609313646449456,MAP_PMU,15,0.00209567203788074
5,UPFC_tse,5-15,-2.120752193209181,71,-2.153802308666399,MAP_PMU,15,0.03305011545721781
0,x_tcsc,1-14,-0.10963337280742973,72,-0.10959305204605325,MAP_PMU,15,4.0320761376472225e-05
1,B_svc,2,0.1786198440798262,72,0.1782051506477067,MAP_PMU,15,0.0004146934321195006
2,UPFC_Vsh,5-15,1.1114413502020486,72,1.1079753959808807,MAP_PMU,15,0.0034659542211679106
3,UPFC_tsh,5-15,-0.23358145407594091,72,-0.23357131560074731,MAP_PMU,15,1.0138475193599561e-05
4,UPFC_Vse,5-15,0.05851941794742161,72,0.0609313646449456,MAP_PMU,15,0.002411946697523988
5,UPFC_tse,5-15,-2.1179764182210117,72,-2.153802308666399,MAP_PMU,15,0.0358258904453872
0,x_tcsc,1-14,-0.1095955098421531,73,-0.10959305204605325,MAP_PMU,15,2.4577960998500847e-06
1,B_svc,2,0.17813416493918485,73,0.1782051506477067,MAP_PMU,15,7.098570852184793e-05
2,UPFC_Vsh,5-15,1.112059653315472,73,1.1079753959808807,MAP_PMU,15,0.00408425733459139
3,UPFC_tsh,5-15,-0.23345788341915163,73,-0.23357131560074731,MAP_PMU,15,0.00011343218159567958
4,UPFC_Vse,5-15,0.058411299125617995,73,0.0609313646449456,MAP_PMU,15,0.0025200655193276036
5,UPFC_tse,5-15,-2.1233432504700005,73,-2.153802308666399,MAP_PMU,15,0.03045905819639838
0,x_tcsc,1-14,-0.10965596630329458,74,-0.10959305204605325,MAP_PMU,15,6.291425724132271e-05
1,B_svc,2,0.17831489550669394,74,0.1782051506477067,MAP_PMU,15,0.0001097448589872374
2,UPFC_Vsh,5-15,1.1119829283577514,74,1.1079753959808807,MAP_PMU,15,0.004007532376870682
3,UPFC_tsh,5-15,-0.2334622106471905,74,-0.23357131560074731,MAP_PMU,15,0.0001091049535568156
4,UPFC_Vse,5-15,0.058390451591554954,74,0.0609313646449456,MAP_PMU,15,0.002540913053390645
5,UPFC_tse,5-15,-2.1226296408723617,74,-2.153802308666399,MAP_PMU,15,0.031172667794037157
0,x_tcsc,1-14,-0.10963650000430591,75,-0.10959305204605325,MAP_PMU,15,4.344795825265979e-05
1,B_svc,2,0.17798857882763747,75,0.1782051506477067,MAP_PMU,15,0.00021657182006923348
2,UPFC_Vsh,5-15,1.111893204456762,75,1.1079753959808807,MAP_PMU,15,0.003917808475881301
3,UPFC_tsh,5-15,-0.23342866163880102,75,-0.23357131560074731,MAP_PMU,15,0.00014265396194629298
4,UPFC_Vse,5-15,0.058355427507127515,75,0.0609313646449456,MAP_PMU,15,0.0025759371378180837
5,UPFC_tse,5-15,-2.115922692715231,75,-2.153802308666399,MAP_PMU,15,0.037879615951168066
0,x_tcsc,1-14,-0.10961234745065647,76,-0.10959305204605325,MAP_PMU,15,1.929540460321455e-05
1,B_svc,2,0.1785740153865157,76,0.1782051506477067,MAP_PMU,15,0.0003688647388090105
2,UPFC_Vsh,5-15,1.111929336394073,76,1.1079753959808807,MAP_PMU,15,0.003953940413192303
3,UPFC_tsh,5-15,-0.23347557860473087,76,-0.23357131560074731,MAP_PMU,15,9.573699601644892e-05
4,UPFC_Vse,5-15,0.05883428800866631,76,0.0609313646449456,MAP_PMU,15,0.0020970766362792895
5,UPFC_tse,5-15,-2.1255378474564646,76,-2.153802308666399,MAP_PMU,15,0.02826446120993431
0,x_tcsc,1-14,-0.10962217450122139,77,-0.10959305204605325,MAP_PMU,15,2.9122455168131833e-05
1,B_svc,2,0.17840424452691364,77,0.1782051506477067,MAP_PMU,15,0.00019909387920694077
2,UPFC_Vsh,5-15,1.11137590428229,77,1.1079753959808807,MAP_PMU,15,0.003400508301409255
3,UPFC_tsh,5-15,-0.2335969344023492,77,-0.23357131560074731,MAP_PMU,15,2.5618801601873242e-05
4,UPFC_Vse,5-15,0.05904667171975577,77,0.0609313646449456,MAP_PMU,15,0.0018846929251898278
5,UPFC_tse,5-15,-2.1162092540421997,77,-2.153802308666399,MAP_PMU,15,0.03759305462419915
0,x_tcsc,1-14,-0.10959847252908193,78,-0.10959305204605325,MAP_PMU,15,5.420483028678591e-06
1,B_svc,2,0.17785202357754512,78,0.1782051506477067,MAP_PMU,15,0.0003531270701615796
2,UPFC_Vsh,5-15,1.1117698475039723,78,1.1079753959808807,MAP_PMU,15,0.0037944515230916576
3,UPFC_tsh,5-15,-0.2334504934450625,78,-0.23357131560074731,MAP_PMU,15,0.0001208221556848188
4,UPFC_Vse,5-15,0.058675816077029264,78,0.0609313646449456,MAP_PMU,15,0.002255548567916335
5,UPFC_tse,5-15,-2.124446390203508,78,-2.153802308666399,MAP_PMU,15,0.029355918462890873
0,x_tcsc,1-14,-0.10962698059477279,79,-0.10959305204605325,MAP_PMU,15,3.392854871953066e-05
1,B_svc,2,0.17839618272753197,79,0.1782051506477067,MAP_PMU,15,0.00019103207982526516
2,UPFC_Vsh,5-15,1.1115776178727927,79,1.1079753959808807,MAP_PMU,15,0.0036022218919120608
3,UPFC_tsh,5-15,-0.2334956795330816,79,-0.23357131560074731,MAP_PMU,15,7.563606766572417e-05
4,UPFC_Vse,5-15,0.05848975128542685,79,0.0609313646449456,MAP_PMU,15,0.0024416133595187503
5,UPFC_tse,5-15,-2.1269756357887273,79,-2.153802308666399,MAP_PMU,15,0.026826672877671598
0,x_tcsc,1-14,-0.10962312275374658,80,-0.10959305204605325,MAP_PMU,15,3.0070707693327647e-05
1,B_svc,2,0.1781979076842342,80,0.1782051506477067,MAP_PMU,15,7.242963472486874e-06
2,UPFC_Vsh,5-15,1.1117727573844471,80,1.1079753959808807,MAP_PMU,15,0.003797361403566457
3,UPFC_tsh,5-15,-0.23349847284886407,80,-0.23357131560074731,MAP_PMU,15,7.284275188323974e-05
4,UPFC_Vse,5-15,0.058929799287533016,80,0.0609313646449456,MAP_PMU,15,0.0020015653574125825
5,UPFC_tse,5-15,-2.125118604491885,80,-2.153802308666399,MAP_PMU,15,0.028683704174513824
0,x_tcsc,1-14,-0.10961698013608068,81,-0.10959305204605325,MAP_PMU,15,2.3928090027422466e-05
1,B_svc,2,0.17818749056740252,81,0.1782051506477067,MAP_PMU,15,1.7660080304182646e-05
2,UPFC_Vsh,5-15,1.1114224022822068,81,1.1079753959808807,MAP_PMU,15,0.0034470063013261054
3,UPFC_tsh,5-15,-0.2334948614371763,81,-0.23357131560074731,MAP_PMU,15,7.645416357102142e-05
4,UPFC_Vse,5-15,0.058467535045029766,81,0.0609313646449456,MAP_PMU,15,0.002463829599915833
5,UPFC_tse,5-15,-2.125934561789424,81,-2.153802308666399,MAP_PMU,15,0.02786774687697502
0,x_tcsc,1-14,-0.10962250610875816,82,-0.10959305204605325,MAP_PMU,15,2.9454062704908912e-05
1,B_svc,2,0.1782097746596425,82,0.1782051506477067,MAP_PMU,15,4.624011935794314e-06
2,UPFC_Vsh,5-15,1.1115222207657611,82,1.1079753959808807,MAP_PMU,15,0.0035468247848804424
3,UPFC_tsh,5-15,-0.23342789309644693,82,-0.23357131560074731,MAP_PMU,15,0.0001434225043003834
4,UPFC_Vse,5-15,0.05869836604854652,82,0.0609313646449456,MAP_PMU,15,0.002232998596399076
5,UPFC_tse,5-15,-2.118589038155475,82,-2.153802308666399,MAP_PMU,15,0.035213270510924044
0,x_tcsc,1-14,-0.1096292041871367,83,-0.10959305204605325,MAP_PMU,15,3.615214108344811e-05
1,B_svc,2,0.17851722680887339,83,0.1782051506477067,MAP_PMU,15,0.00031207616116668557
2,UPFC_Vsh,5-15,1.111952732609053,83,1.1079753959808807,MAP_PMU,15,0.0039773366281723455
3,UPFC_tsh,5-15,-0.23340922431392097,83,-0.23357131560074731,MAP_PMU,15,0.00016209128682634355
4,UPFC_Vse,5-15,0.0585465552951954,83,0.0609313646449456,MAP_PMU,15,0.0023848093497501957
5,UPFC_tse,5-15,-2.118159383673055,83,-2.153802308666399,MAP_PMU,15,0.03564292499334387
0,x_tcsc,1-14,-0.10961171499723564,84,-0.10959305204605325,MAP_PMU,15,1.866295118238548e-05
1,B_svc,2,0.17843741036982458,84,0.1782051506477067,MAP_PMU,15,0.00023225972211787793
2,UPFC_Vsh,5-15,1.1118742107633766,84,1.1079753959808807,MAP_PMU,15,0.003898814782495874
3,UPFC_tsh,5-15,-0.2334907893694725,84,-0.23357131560074731,MAP_PMU,15,8.05262312748023e-05
4,UPFC_Vse,5-15,0.059017305682434705,84,0.0609313646449456,MAP_PMU,15,0.0019140589625108936
5,UPFC_tse,5-15,-2.1247287472580108,84,-2.153802308666399,MAP_PMU,15,0.029073561408388127
0,x_tcsc,1-14,-0.10961329540578979,85,-0.10959305204605325,MAP_PMU,15,2.024335973653535e-05
1,B_svc,2,0.1782372530922297,85,0.1782051506477067,MAP_PMU,15,3.210244452300781e-05
2,UPFC_Vsh,5-15,1.111976270164331,85,1.1079753959808807,MAP_PMU,15,0.004000874183450298
3,UPFC_tsh,5-15,-0.23347805617857503,85,-0.23357131560074731,MAP_PMU,15,9.325942217228156e-05
4,UPFC_Vse,5-15,0.05853862953691489,85,0.0609313646449456,MAP_PMU,15,0.0023927351080307094
5,UPFC_tse,5-15,-2.117755677050814,85,-2.153802308666399,MAP_PMU,15,0.03604663161558497
0,x_tcsc,1-14,-0.10963295093040364,86,-0.10959305204605325,MAP_PMU,15,3.9898884350381136e-05
1,B_svc,2,0.17815378929975956,86,0.1782051506477067,MAP_PMU,15,5.136134794714309e-05
2,UPFC_Vsh,5-15,1.1118085709899912,86,1.1079753959808807,MAP_PMU,15,0.003833175009110512
3,UPFC_tsh,5-15,-0.23352003294388274,86,-0.23357131560074731,MAP_PMU,15,5.128265686457634e-05
4,UPFC_Vse,5-15,0.058888233463185294,86,0.0609313646449456,MAP_PMU,15,0.002043131181760305
5,UPFC_tse,5-15,-2.124521946663729,86,-2.153802308666399,MAP_PMU,15,0.029280362002670035
0,x_tcsc,1-14,-0.10959967841095973,87,-0.10959305204605325,MAP_PMU,15,6.6263649064757235e-06
1,B_svc,2,0.17837137635812642,87,0.1782051506477067,MAP_PMU,15,0.00016622571041971512
2,UPFC_Vsh,5-15,1.1115714891481703,87,1.1079753959808807,MAP_PMU,15,0.0035960931672895935
3,UPFC_tsh,5-15,-0.23350803718806895,87,-0.23357131560074731,MAP_PMU,15,6.327841267836365e-05
4,UPFC_Vse,5-15,0.058227401260110376,87,0.0609313646449456,MAP_PMU,15,0.002703963384835223
5,UPFC_tse,5-15,-2.121184137275258,87,-2.153802308666399,MAP_PMU,15,0.03261817139114109
0,x_tcsc,1-14,-0.1096244731733517,88,-0.10959305204605325,MAP_PMU,15,3.142112729843938e-05
1,B_svc,2,0.1789179003506945,88,0.1782051506477067,MAP_PMU,15,0.0007127497029877916
2,UPFC_Vsh,5-15,1.1116304129885441,88,1.1079753959808807,MAP_PMU,15,0.0036550170076634636
3,UPFC_tsh,5-15,-0.23342395769043758,88,-0.23357131560074731,MAP_PMU,15,0.0001473579103097311
4,UPFC_Vse,5-15,0.058317313617319504,88,0.0609313646449456,MAP_PMU,15,0.002614051027626095
5,UPFC_tse,5-15,-2.1167343339014058,88,-2.153802308666399,MAP_PMU,15,0.03706797476499313
0,x_tcsc,1-14,-0.10962395285904956,89,-0.10959305204605325,MAP_PMU,15,3.0900812996309535e-05
1,B_svc,2,0.17807754895414604,89,0.1782051506477067,MAP_PMU,15,0.00012760169356065831
2,UPFC_Vsh,5-15,1.1116537940430062,89,1.1079753959808807,MAP_PMU,15,0.003678398062125554
3,UPFC_tsh,5-15,-0.23336469987027061,89,-0.23357131560074731,MAP_PMU,15,0.00020661573047670023
4,UPFC_Vse,5-15,0.05815463617246465,89,0.0609313646449456,MAP_PMU,15,0.0027767284724809493
5,UPFC_tse,5-15,-2.1092631989125343,89,-2.153802308666399,MAP_PMU,15,0.04453910975386455
0,x_tcsc,1-14,-0.1096151265667789,90,-0.10959305204605325,MAP_PMU,15,2.207452072564009e-05
1,B_svc,2,0.1778662813370227,90,0.1782051506477067,MAP_PMU,15,0.00033886931068399795
2,UPFC_Vsh,5-15,1.1114732529336484,90,1.1079753959808807,MAP_PMU,15,0.0034978569527677195
3,UPFC_tsh,5-15,-0.23342228853872368,90,-0.23357131560074731,MAP_PMU,15,0.00014902706202363225
4,UPFC_Vse,5-15,0.05873134874219472,90,0.0609313646449456,MAP_PMU,15,0.0022000159027508806
5,UPFC_tse,5-15,-2.121524562382333,90,-2.153802308666399,MAP_PMU,15,0.03227774628406577
0,x_tcsc,1-14,-0.10961587372648648,91,-0.10959305204605325,MAP_PMU,15,2.2821680433229852e-05
1,B_svc,2,0.17815301522810278,91,0.1782051506477067,MAP_PMU,15,5.213541960391588e-05
2,UPFC_Vsh,5-15,1.1116480486821967,91,1.1079753959808807,MAP_PMU,15,0.0036726527013160037
3,UPFC_tsh,5-15,-0.23343443716916493,91,-0.23357131560074731,MAP_PMU,15,0.00013687843158238788
4,UPFC_Vse,5-15,0.05850957876095046,91,0.0609313646449456,MAP_PMU,15,0.0024217858839951367
5,UPFC_tse,5-15,-2.128538204024861,91,-2.153802308666399,MAP_PMU,15,0.025264104641538054
0,x_tcsc,1-14,-0.10960851163074715,92,-0.10959305204605325,MAP_PMU,15,1.5459584693899853e-05
1,B_svc,2,0.17831484250232923,92,0.1782051506477067,MAP_PMU,15,0.0001096918546225345
2,UPFC_Vsh,5-15,1.1113554708820843,92,1.1079753959808807,MAP_PMU,15,0.0033800749012036224
3,UPFC_tsh,5-15,-0.23350502371816914,92,-0.23357131560074731,MAP_PMU,15,6.629188257817331e-05
4,UPFC_Vse,5-15,0.05919537842546971,92,0.0609313646449456,MAP_PMU,15,0.0017359862194758907
5,UPFC_tse,5-15,-2.1191843620880406,92,-2.153802308666399,MAP_PMU,15,0.03461794657835826
0,x_tcsc,1-14,-0.10960926793519002,93,-0.10959305204605325,MAP_PMU,15,1.6215889136764194e-05
1,B_svc,2,0.17791184165365012,93,0.1782051506477067,MAP_PMU,15,0.0002933089940565792
2,UPFC_Vsh,5-15,1.111410634602798,93,1.1079753959808807,MAP_PMU,15,0.0034352386219174136
3,UPFC_tsh,5-15,-0.2335069722235461,93,-0.23357131560074731,MAP_PMU,15,6.43433772012092e-05
4,UPFC_Vse,5-15,0.05942716022782147,93,0.0609313646449456,MAP_PMU,15,0.001504204417124129
5,UPFC_tse,5-15,-2.1249700737116655,93,-2.153802308666399,MAP_PMU,15,0.028832234954733416
0,x_tcsc,1-14,-0.10960831527789452,94,-0.10959305204605325,MAP_PMU,15,1.5263231841269875e-05
1,B_svc,2,0.17788789928095816,94,0.1782051506477067,MAP_PMU,15,0.0003172513667485388
2,UPFC_Vsh,5-15,1.1114410153302987,94,1.1079753959808807,MAP_PMU,15,0.0034656193494180254
3,UPFC_tsh,5-15,-0.23346469990799992,94,-0.23357131560074731,MAP_PMU,15,0.00010661569274739158
4,UPFC_Vse,5-15,0.058214399596893424,94,0.0609313646449456,MAP_PMU,15,0.002716965048052175
5,UPFC_tse,5-15,-2.13106374550629,94,-2.153802308666399,MAP_PMU,15,0.022738563160108693
0,x_tcsc,1-14,-0.10961428375058024,95,-0.10959305204605325,MAP_PMU,15,2.123170452698886e-05
1,B_svc,2,0.1781934124088968,95,0.1782051506477067,MAP_PMU,15,1.173823880989966e-05
2,UPFC_Vsh,5-15,1.111674357446237,95,1.1079753959808807,MAP_PMU,15,0.0036989614653564207
3,UPFC_tsh,5-15,-0.23348641568035958,95,-0.23357131560074731,MAP_PMU,15,8.489992038773764e-05
4,UPFC_Vse,5-15,0.059133841428966,95,0.0609313646449456,MAP_PMU,15,0.0017975232159795976
5,UPFC_tse,5-15,-2.1268329292702055,95,-2.153802308666399,MAP_PMU,15,0.02696937939619337
0,x_tcsc,1-14,-0.10959035284561328,96,-0.10959305204605325,MAP_PMU,15,2.699200439978955e-06
1,B_svc,2,0.17771364678986173,96,0.1782051506477067,MAP_PMU,15,0.000491503857844966
2,UPFC_Vsh,5-15,1.1114177912657783,96,1.1079753959808807,MAP_PMU,15,0.003442395284897648
3,UPFC_tsh,5-15,-0.23345855572191707,96,-0.23357131560074731,MAP_PMU,15,0.00011275987883024863
4,UPFC_Vse,5-15,0.05811923524679723,96,0.0609313646449456,MAP_PMU,15,0.002812129398148372
5,UPFC_tse,5-15,-2.1271976033169375,96,-2.153802308666399,MAP_PMU,15,0.026604705349461355
0,x_tcsc,1-14,-0.10960816745272159,97,-0.10959305204605325,MAP_PMU,15,1.5115406668333997e-05
1,B_svc,2,0.17852037187814326,97,0.1782051506477067,MAP_PMU,15,0.00031522123043656314
2,UPFC_Vsh,5-15,1.1116968991998089,97,1.1079753959808807,MAP_PMU,15,0.0037215032189281683
3,UPFC_tsh,5-15,-0.23341728260754896,97,-0.23357131560074731,MAP_PMU,15,0.00015403299319835528
4,UPFC_Vse,5-15,0.059046581666734946,97,0.0609313646449456,MAP_PMU,15,0.0018847829782106529
5,UPFC_tse,5-15,-2.132921199249955,97,-2.153802308666399,MAP_PMU,15,0.020881109416444055
0,x_tcsc,1-14,-0.10958871916163776,98,-0.10959305204605325,MAP_PMU,15,4.332884415494953e-06
1,B_svc,2,0.1783145287208956,98,0.1782051506477067,MAP_PMU,15,0.0001093780731888927
2,UPFC_Vsh,5-15,1.1113922915689036,98,1.1079753959808807,MAP_PMU,15,0.003416895588022939
3,UPFC_tsh,5-15,-0.23344308173603728,98,-0.23357131560074731,MAP_PMU,15,0.00012823386471003118
4,UPFC_Vse,5-15,0.05849587075072394,98,0.0609313646449456,MAP_PMU,15,0.002435493894221659
5,UPFC_tse,5-15,-2.112564233802178,98,-2.153802308666399,MAP_PMU,15,0.04123807486422093
0,x_tcsc,1-14,-0.10959901978354149,99,-0.10959305204605325,MAP_PMU,15,5.9677374882327605e-06
1,B_svc,2,0.17855904644230283,99,0.1782051506477067,MAP_PMU,15,0.00035389579459613185
2,UPFC_Vsh,5-15,1.1116283296696898,99,1.1079753959808807,MAP_PMU,15,0.0036529336888091457
3,UPFC_tsh,5-15,-0.2335089838144028,99,-0.23357131560074731,MAP_PMU,15,6.233178634451608e-05
4,UPFC_Vse,5-15,0.059030450983051055,99,0.0609313646449456,MAP_PMU,15,0.0019009136618945432
5,UPFC_tse,5-15,-2.129459269614088,99,-2.153802308666399,MAP_PMU,15,0.024343039052310722
0,x_tcsc,1-14,-0.11339345573826955,0,-0.11322089739296207,MAP_PMU,17,0.00017255834530748027
1,B_svc,2,0.18297718667357132,0,0.18331825945899513,MAP_PMU,17,0.00034107278542380715
2,UPFC_Vsh,5-15,1.11178884535751,0,1.1054483183736596,MAP_PMU,17,0.0063405269838503475
3,UPFC_tsh,5-15,-0.22971609261595502,0,-0.22985985232200498,MAP_PMU,17,0.0001437597060499618
4,UPFC_Vse,5-15,0.058599904589661016,0,0.06172078957104056,MAP_PMU,17,0.0031208849813795445
5,UPFC_tse,5-15,-2.1220066327251654,0,-2.1585402609080546,MAP_PMU,17,0.03653362818288919
0,x_tcsc,1-14,-0.1133597709668635,1,-0.11322089739296207,MAP_PMU,17,0.00013887357390143795
1,B_svc,2,0.18347543752853207,1,0.18331825945899513,MAP_PMU,17,0.00015717806953693958
2,UPFC_Vsh,5-15,1.1116811792409091,1,1.1054483183736596,MAP_PMU,17,0.006232860867249501
3,UPFC_tsh,5-15,-0.22970688428558061,1,-0.22985985232200498,MAP_PMU,17,0.00015296803642436685
4,UPFC_Vse,5-15,0.05874781128048626,1,0.06172078957104056,MAP_PMU,17,0.002972978290554297
5,UPFC_tse,5-15,-2.1154248342462885,1,-2.1585402609080546,MAP_PMU,17,0.043115426661766154
0,x_tcsc,1-14,-0.11342946345778014,2,-0.11322089739296207,MAP_PMU,17,0.00020856606481807483
1,B_svc,2,0.18358450206372642,2,0.18331825945899513,MAP_PMU,17,0.0002662426047312927
2,UPFC_Vsh,5-15,1.1114771960640302,2,1.1054483183736596,MAP_PMU,17,0.0060288776903705266
3,UPFC_tsh,5-15,-0.2297355823745217,2,-0.22985985232200498,MAP_PMU,17,0.0001242699474832687
4,UPFC_Vse,5-15,0.05907852210086868,2,0.06172078957104056,MAP_PMU,17,0.0026422674701718774
5,UPFC_tse,5-15,-2.1298707331248155,2,-2.1585402609080546,MAP_PMU,17,0.028669527783239168
0,x_tcsc,1-14,-0.1133846357651878,3,-0.11322089739296207,MAP_PMU,17,0.00016373837222573295
1,B_svc,2,0.1828135958182331,3,0.18331825945899513,MAP_PMU,17,0.0005046636407620431
2,UPFC_Vsh,5-15,1.1115911165253125,3,1.1054483183736596,MAP_PMU,17,0.006142798151652862
3,UPFC_tsh,5-15,-0.22969126728085626,3,-0.22985985232200498,MAP_PMU,17,0.0001685850411487222
4,UPFC_Vse,5-15,0.05868306547941281,3,0.06172078957104056,MAP_PMU,17,0.0030377240916277526
5,UPFC_tse,5-15,-2.121263366602999,3,-2.1585402609080546,MAP_PMU,17,0.03727689430505565
0,x_tcsc,1-14,-0.11341732666250318,4,-0.11322089739296207,MAP_PMU,17,0.00019642926954110962
1,B_svc,2,0.18374086681732674,4,0.18331825945899513,MAP_PMU,17,0.0004226073583316059
2,UPFC_Vsh,5-15,1.1116405508263623,4,1.1054483183736596,MAP_PMU,17,0.006192232452702617
3,UPFC_tsh,5-15,-0.22975291793451239,4,-0.22985985232200498,MAP_PMU,17,0.00010693438749259654
4,UPFC_Vse,5-15,0.05919457562295729,4,0.06172078957104056,MAP_PMU,17,0.002526213948083271
5,UPFC_tse,5-15,-2.12690738519199,4,-2.1585402609080546,MAP_PMU,17,0.03163287571606466
0,x_tcsc,1-14,-0.11333791256641366,5,-0.11322089739296207,MAP_PMU,17,0.0001170151734515984
1,B_svc,2,0.1835212960188345,5,0.18331825945899513,MAP_PMU,17,0.0002030365598393591
2,UPFC_Vsh,5-15,1.1115906180401662,5,1.1054483183736596,MAP_PMU,17,0.00614229966650659
3,UPFC_tsh,5-15,-0.22984541316422916,5,-0.22985985232200498,MAP_PMU,17,1.4439157775825162e-05
4,UPFC_Vse,5-15,0.05915865928959866,5,0.06172078957104056,MAP_PMU,17,0.0025621302814419003
5,UPFC_tse,5-15,-2.131605306866074,5,-2.1585402609080546,MAP_PMU,17,0.026934954041980763
0,x_tcsc,1-14,-0.11340530358109367,6,-0.11322089739296207,MAP_PMU,17,0.00018440618813160559
1,B_svc,2,0.18331681798542,6,0.18331825945899513,MAP_PMU,17,1.441473575142238e-06
2,UPFC_Vsh,5-15,1.1118240465844287,6,1.1054483183736596,MAP_PMU,17,0.006375728210769038
3,UPFC_tsh,5-15,-0.2297523561722208,6,-0.22985985232200498,MAP_PMU,17,0.00010749614978416977
4,UPFC_Vse,5-15,0.05907663377584572,6,0.06172078957104056,MAP_PMU,17,0.0026441557951948427
5,UPFC_tse,5-15,-2.1137766882106175,6,-2.1585402609080546,MAP_PMU,17,0.04476357269743714
0,x_tcsc,1-14,-0.11340521587481628,7,-0.11322089739296207,MAP_PMU,17,0.00018431848185421207
1,B_svc,2,0.1837463889369663,7,0.18331825945899513,MAP_PMU,17,0.00042812947797116196
2,UPFC_Vsh,5-15,1.1114417018294063,7,1.1054483183736596,MAP_PMU,17,0.005993383455746626
3,UPFC_tsh,5-15,-0.22965996215209475,7,-0.22985985232200498,MAP_PMU,17,0.0001998901699102329
4,UPFC_Vse,5-15,0.058452105586789656,7,0.06172078957104056,MAP_PMU,17,0.0032686839842509044
5,UPFC_tse,5-15,-2.114033241632456,7,-2.1585402609080546,MAP_PMU,17,0.04450701927559875
0,x_tcsc,1-14,-0.11344821875018667,8,-0.11322089739296207,MAP_PMU,17,0.00022732135722459967
1,B_svc,2,0.1833276552498512,8,0.18331825945899513,MAP_PMU,17,9.395790856070452e-06
2,UPFC_Vsh,5-15,1.1118023577300251,8,1.1054483183736596,MAP_PMU,17,0.006354039356365471
3,UPFC_tsh,5-15,-0.22971334696343468,8,-0.22985985232200498,MAP_PMU,17,0.00014650535857030356
4,UPFC_Vse,5-15,0.05875615826799462,8,0.06172078957104056,MAP_PMU,17,0.002964631303045938
5,UPFC_tse,5-15,-2.11303589938428,8,-2.1585402609080546,MAP_PMU,17,0.04550436152377468
0,x_tcsc,1-14,-0.11339590740313597,9,-0.11322089739296207,MAP_PMU,17,0.0001750100101739066
1,B_svc,2,0.18327000610926564,9,0.18331825945899513,MAP_PMU,17,4.8253349729493467e-05
2,UPFC_Vsh,5-15,1.1117506785570261,9,1.1054483183736596,MAP_PMU,17,0.0063023601833664955
3,UPFC_tsh,5-15,-0.22973250791786048,9,-0.22985985232200498,MAP_PMU,17,0.0001273444041444971
4,UPFC_Vse,5-15,0.05912801010447185,9,0.06172078957104056,MAP_PMU,17,0.0025927794665687107
5,UPFC_tse,5-15,-2.1205064335163386,9,-2.1585402609080546,MAP_PMU,17,0.03803382739171601
0,x_tcsc,1-14,-0.11333591338720997,10,-0.11322089739296207,MAP_PMU,17,0.00011501599424790232
1,B_svc,2,0.18331590311436446,10,0.18331825945899513,MAP_PMU,17,2.3563446306662517e-06
2,UPFC_Vsh,5-15,1.1109581836991,10,1.1054483183736596,MAP_PMU,17,0.0055098653254403995
3,UPFC_tsh,5-15,-0.2298290820523298,10,-0.22985985232200498,MAP_PMU,17,3.077026967518437e-05
4,UPFC_Vse,5-15,0.058561961172380265,10,0.06172078957104056,MAP_PMU,17,0.0031588283986602947
5,UPFC_tse,5-15,-2.124022014462711,10,-2.1585402609080546,MAP_PMU,17,0.034518246445343514
0,x_tcsc,1-14,-0.11340664035238517,11,-0.11322089739296207,MAP_PMU,17,0.00018574295942309915
1,B_svc,2,0.1835457463971649,11,0.18331825945899513,MAP_PMU,17,0.00022748693816976306
2,UPFC_Vsh,5-15,1.1109573762325016,11,1.1054483183736596,MAP_PMU,17,0.005509057858841926
3,UPFC_tsh,5-15,-0.22981578381565598,11,-0.22985985232200498,MAP_PMU,17,4.4068506348998726e-05
4,UPFC_Vse,5-15,0.05881989804107234,11,0.06172078957104056,MAP_PMU,17,0.002900891529968218
5,UPFC_tse,5-15,-2.129349585926161,11,-2.1585402609080546,MAP_PMU,17,0.02919067498189376
0,x_tcsc,1-14,-0.11338147808976057,12,-0.11322089739296207,MAP_PMU,17,0.0001605806967985013
1,B_svc,2,0.183258421830342,12,0.18331825945899513,MAP_PMU,17,5.9837628653136576e-05
2,UPFC_Vsh,5-15,1.1113820923196134,12,1.1054483183736596,MAP_PMU,17,0.005933773945953735
3,UPFC_tsh,5-15,-0.22972750132838463,12,-0.22985985232200498,MAP_PMU,17,0.00013235099362035596
4,UPFC_Vse,5-15,0.05876170677617172,12,0.06172078957104056,MAP_PMU,17,0.002959082794868839
5,UPFC_tse,5-15,-2.124972840654876,12,-2.1585402609080546,MAP_PMU,17,0.033567420253178604
0,x_tcsc,1-14,-0.11343170555812437,13,-0.11322089739296207,MAP_PMU,17,0.00021080816516230727
1,B_svc,2,0.18314857477676805,13,0.18331825945899513,MAP_PMU,17,0.00016968468222708366
2,UPFC_Vsh,5-15,1.1117890000604458,13,1.1054483183736596,MAP_PMU,17,0.006340681686786143
3,UPFC_tsh,5-15,-0.22979244522212752,13,-0.22985985232200498,MAP_PMU,17,6.740709987745896e-05
4,UPFC_Vse,5-15,0.058715060891882755,13,0.06172078957104056,MAP_PMU,17,0.0030057286791578056
5,UPFC_tse,5-15,-2.1303665132161176,13,-2.1585402609080546,MAP_PMU,17,0.028173747691937034
0,x_tcsc,1-14,-0.11341792795692703,14,-0.11322089739296207,MAP_PMU,17,0.00019703056396495888
1,B_svc,2,0.18331277299023147,14,0.18331825945899513,MAP_PMU,17,5.486468763665764e-06
2,UPFC_Vsh,5-15,1.111305479103322,14,1.1054483183736596,MAP_PMU,17,0.005857160729662247
3,UPFC_tsh,5-15,-0.22982139778585844,14,-0.22985985232200498,MAP_PMU,17,3.8454536146537155e-05
4,UPFC_Vse,5-15,0.05908216651114235,14,0.06172078957104056,MAP_PMU,17,0.002638623059898211
5,UPFC_tse,5-15,-2.123887113779845,14,-2.1585402609080546,MAP_PMU,17,0.03465314712820966
0,x_tcsc,1-14,-0.11335193902011952,15,-0.11322089739296207,MAP_PMU,17,0.00013104162715744938
1,B_svc,2,0.18300443324183777,15,0.18331825945899513,MAP_PMU,17,0.0003138262171573647
2,UPFC_Vsh,5-15,1.1113279185813942,15,1.1054483183736596,MAP_PMU,17,0.005879600207734592
3,UPFC_tsh,5-15,-0.22976660577957117,15,-0.22985985232200498,MAP_PMU,17,9.324654243381136e-05
4,UPFC_Vse,5-15,0.059002912845717015,15,0.06172078957104056,MAP_PMU,17,0.0027178767253235453
5,UPFC_tse,5-15,-2.1185381196897715,15,-2.1585402609080546,MAP_PMU,17,0.04000214121828316
0,x_tcsc,1-14,-0.11344298729600219,16,-0.11322089739296207,MAP_PMU,17,0.00022208990304012355
1,B_svc,2,0.18306423316487833,16,0.18331825945899513,MAP_PMU,17,0.0002540262941168048
2,UPFC_Vsh,5-15,1.1114307469292475,16,1.1054483183736596,MAP_PMU,17,0.005982428555587838
3,UPFC_tsh,5-15,-0.22975630541286174,16,-0.22985985232200498,MAP_PMU,17,0.00010354690914324283
4,UPFC_Vse,5-15,0.05922916288258945,16,0.06172078957104056,MAP_PMU,17,0.0024916266884511123
5,UPFC_tse,5-15,-2.119986952638918,16,-2.1585402609080546,MAP_PMU,17,0.03855330826913672
0,x_tcsc,1-14,-0.11327296946207892,17,-0.11322089739296207,MAP_PMU,17,5.207206911685136e-05
1,B_svc,2,0.1831906603492731,17,0.18331825945899513,MAP_PMU,17,0.00012759910972204302
2,UPFC_Vsh,5-15,1.111724943975133,17,1.1054483183736596,MAP_PMU,17,0.006276625601473462
3,UPFC_tsh,5-15,-0.22967820582228368,17,-0.22985985232200498,MAP_PMU,17,0.00018164649972129965
4,UPFC_Vse,5-15,0.058501830866159774,17,0.06172078957104056,MAP_PMU,17,0.0032189587048807866
5,UPFC_tse,5-15,-2.1260081946027127,17,-2.1585402609080546,MAP_PMU,17,0.03253206630534189
0,x_tcsc,1-14,-0.11339216035678264,18,-0.11322089739296207,MAP_PMU,17,0.00017126296382057038
1,B_svc,2,0.1831396870685896,18,0.18331825945899513,MAP_PMU,17,0.0001785723904055292
2,UPFC_Vsh,5-15,1.1117550098368933,18,1.1054483183736596,MAP_PMU,17,0.0063066914632337046
3,UPFC_tsh,5-15,-0.22970979086849033,18,-0.22985985232200498,MAP_PMU,17,0.0001500614535146494
4,UPFC_Vse,5-15,0.05918932589553008,18,0.06172078957104056,MAP_PMU,17,0.0025314636755104786
5,UPFC_tse,5-15,-2.124647041508368,18,-2.1585402609080546,MAP_PMU,17,0.033893219399686814
0,x_tcsc,1-14,-0.113367201487625,19,-0.11322089739296207,MAP_PMU,17,0.00014630409466293015
1,B_svc,2,0.1835455703168696,19,0.18331825945899513,MAP_PMU,17,0.00022731085787447425
2,UPFC_Vsh,5-15,1.1115832548368314,19,1.1054483183736596,MAP_PMU,17,0.0061349364631717584
3,UPFC_tsh,5-15,-0.2297405251064696,19,-0.22985985232200498,MAP_PMU,17,0.00011932721553536974
4,UPFC_Vse,5-15,0.05884935491355385,19,0.06172078957104056,MAP_PMU,17,0.00287143465748671
5,UPFC_tse,5-15,-2.1282040433686866,19,-2.1585402609080546,MAP_PMU,17,0.030336217539367993
0,x_tcsc,1-14,-0.11338491713940783,20,-0.11322089739296207,MAP_PMU,17,0.00016401974644576767
1,B_svc,2,0.1830388523825353,20,0.18331825945899513,MAP_PMU,17,0.00027940707645982
2,UPFC_Vsh,5-15,1.1115646850684155,20,1.1054483183736596,MAP_PMU,17,0.006116366694755904
3,UPFC_tsh,5-15,-0.22979511533451827,20,-0.22985985232200498,MAP_PMU,17,6.47369874867132e-05
4,UPFC_Vse,5-15,0.0589223654567774,20,0.06172078957104056,MAP_PMU,17,0.002798424114263162
5,UPFC_tse,5-15,-2.1308080796806848,20,-2.1585402609080546,MAP_PMU,17,0.027732181227369868
0,x_tcsc,1-14,-0.11345307347702438,21,-0.11322089739296207,MAP_PMU,17,0.00023217608406231327
1,B_svc,2,0.18371175914474155,21,0.18331825945899513,MAP_PMU,17,0.00039349968574642347
2,UPFC_Vsh,5-15,1.1119635691879133,21,1.1054483183736596,MAP_PMU,17,0.006515250814253637
3,UPFC_tsh,5-15,-0.22970602892121386,21,-0.22985985232200498,MAP_PMU,17,0.0001538234007911199
4,UPFC_Vse,5-15,0.05923249309189445,21,0.06172078957104056,MAP_PMU,17,0.0024882964791461126
5,UPFC_tse,5-15,-2.1125739659324663,21,-2.1585402609080546,MAP_PMU,17,0.04596629497558835
0,x_tcsc,1-14,-0.11335183349603863,22,-0.11322089739296207,MAP_PMU,17,0.00013093610307655934
1,B_svc,2,0.18380737727257399,22,0.18331825945899513,MAP_PMU,17,0.0004891178135788543
2,UPFC_Vsh,5-15,1.1114298544474053,22,1.1054483183736596,MAP_PMU,17,0.00598153607374563
3,UPFC_tsh,5-15,-0.22974944546306653,22,-0.22985985232200498,MAP_PMU,17,0.00011040685893845548
4,UPFC_Vse,5-15,0.05902189833454395,22,0.06172078957104056,MAP_PMU,17,0.002698891236496609
5,UPFC_tse,5-15,-2.1245557175203156,22,-2.1585402609080546,MAP_PMU,17,0.03398454338773904
0,x_tcsc,1-14,-0.11327467473221187,23,-0.11322089739296207,MAP_PMU,17,5.377733924979977e-05
1,B_svc,2,0.18334352598136916,23,0.18331825945899513,MAP_PMU,17,2.5266522374028932e-05
2,UPFC_Vsh,5-15,1.1115201984963816,23,1.1054483183736596,MAP_PMU,17,0.006071880122721973
3,UPFC_tsh,5-15,-0.22972608667765804,23,-0.22985985232200498,MAP_PMU,17,0.00013376564434694482
4,UPFC_Vse,5-15,0.059031452491130273,23,0.06172078957104056,MAP_PMU,17,0.0026893370799102867
5,UPFC_tse,5-15,-2.11245042234809,23,-2.1585402609080546,MAP_PMU,17,0.0460898385599644
0,x_tcsc,1-14,-0.11341356693671874,24,-0.11322089739296207,MAP_PMU,17,0.0001926695437566711
1,B_svc,2,0.18313178941315097,24,0.18331825945899513,MAP_PMU,17,0.00018647004584415594
2,UPFC_Vsh,5-15,1.112084206715502,24,1.1054483183736596,MAP_PMU,17,0.006635888341842255
3,UPFC_tsh,5-15,-0.22972069155982283,24,-0.22985985232200498,MAP_PMU,17,0.00013916076218215
4,UPFC_Vse,5-15,0.05863324840777164,24,0.06172078957104056,MAP_PMU,17,0.0030875411632689184
5,UPFC_tse,5-15,-2.1204425720446665,24,-2.1585402609080546,MAP_PMU,17,0.03809768886338816
0,x_tcsc,1-14,-0.11353390871462941,25,-0.11322089739296207,MAP_PMU,17,0.00031301132166734746
1,B_svc,2,0.18361842184058116,25,0.18331825945899513,MAP_PMU,17,0.00030016238158603326
2,UPFC_Vsh,5-15,1.1118053166006476,25,1.1054483183736596,MAP_PMU,17,0.0063569982269879866
3,UPFC_tsh,5-15,-0.22969846012507583,25,-0.22985985232200498,MAP_PMU,17,0.00016139219692914986
4,UPFC_Vse,5-15,0.05873471345536902,25,0.06172078957104056,MAP_PMU,17,0.002986076115671539
5,UPFC_tse,5-15,-2.1207170595133973,25,-2.1585402609080546,MAP_PMU,17,0.037823201394657335
0,x_tcsc,1-14,-0.11337664891964887,26,-0.11322089739296207,MAP_PMU,17,0.00015575152668680092
1,B_svc,2,0.18378427454814344,26,0.18331825945899513,MAP_PMU,17,0.0004660150891483139
2,UPFC_Vsh,5-15,1.11142095691983,26,1.1054483183736596,MAP_PMU,17,0.00597263854617025
3,UPFC_tsh,5-15,-0.22976817148094225,26,-0.22985985232200498,MAP_PMU,17,9.168084106273011e-05
4,UPFC_Vse,5-15,0.05878622031810737,26,0.06172078957104056,MAP_PMU,17,0.002934569252933193
5,UPFC_tse,5-15,-2.1145850375552877,26,-2.1585402609080546,MAP_PMU,17,0.043955223352766915
0,x_tcsc,1-14,-0.11336054434507406,27,-0.11322089739296207,MAP_PMU,17,0.00013964695211199363
1,B_svc,2,0.18320469985525367,27,0.18331825945899513,MAP_PMU,17,0.00011355960374145879
2,UPFC_Vsh,5-15,1.1116219203631796,27,1.1054483183736596,MAP_PMU,17,0.0061736019895199945
3,UPFC_tsh,5-15,-0.2297566045523823,27,-0.22985985232200498,MAP_PMU,17,0.0001032477696226719
4,UPFC_Vse,5-15,0.05871118081452599,27,0.06172078957104056,MAP_PMU,17,0.00300960875651457
5,UPFC_tse,5-15,-2.126782341662262,27,-2.1585402609080546,MAP_PMU,17,0.03175791924579263
0,x_tcsc,1-14,-0.11338459593700749,28,-0.11322089739296207,MAP_PMU,17,0.0001636985440454236
1,B_svc,2,0.18372116599300253,28,0.18331825945899513,MAP_PMU,17,0.0004029065340074023
2,UPFC_Vsh,5-15,1.111975771873236,28,1.1054483183736596,MAP_PMU,17,0.006527453499576286
3,UPFC_tsh,5-15,-0.22970663466791846,28,-0.22985985232200498,MAP_PMU,17,0.00015321765408651822
4,UPFC_Vse,5-15,0.059087508010381956,28,0.06172078957104056,MAP_PMU,17,0.002633281560658604
5,UPFC_tse,5-15,-2.1158142420524846,28,-2.1585402609080546,MAP_PMU,17,0.042726018855570036
0,x_tcsc,1-14,-0.11340370760362214,29,-0.11322089739296207,MAP_PMU,17,0.0001828102106600782
1,B_svc,2,0.1840166674637605,29,0.18331825945899513,MAP_PMU,17,0.0006984080047653662
2,UPFC_Vsh,5-15,1.1117398410174906,29,1.1054483183736596,MAP_PMU,17,0.006291522643830927
3,UPFC_tsh,5-15,-0.22976308200286977,29,-0.22985985232200498,MAP_PMU,17,9.677031913521428e-05
4,UPFC_Vse,5-15,0.05920342850225925,29,0.06172078957104056,MAP_PMU,17,0.0025173610687813097
5,UPFC_tse,5-15,-2.113667747816051,29,-2.1585402609080546,MAP_PMU,17,0.044872513092003796
0,x_tcsc,1-14,-0.11333327879708864,30,-0.11322089739296207,MAP_PMU,17,0.00011238140412657416
1,B_svc,2,0.18358957643389454,30,0.18331825945899513,MAP_PMU,17,0.00027131697489940487
2,UPFC_Vsh,5-15,1.11192845069359,30,1.1054483183736596,MAP_PMU,17,0.006480132319930387
3,UPFC_tsh,5-15,-0.2298154870235394,30,-0.22985985232200498,MAP_PMU,17,4.436529846557624e-05
4,UPFC_Vse,5-15,0.05968837127582302,30,0.06172078957104056,MAP_PMU,17,0.002032418295217539
5,UPFC_tse,5-15,-2.127338712483701,30,-2.1585402609080546,MAP_PMU,17,0.031201548424353742
0,x_tcsc,1-14,-0.11341687402111868,31,-0.11322089739296207,MAP_PMU,17,0.00019597662815661054
1,B_svc,2,0.18364028001494406,31,0.18331825945899513,MAP_PMU,17,0.000322020555948932
2,UPFC_Vsh,5-15,1.111840567570778,31,1.1054483183736596,MAP_PMU,17,0.006392249197118449
3,UPFC_tsh,5-15,-0.22969248575399062,31,-0.22985985232200498,MAP_PMU,17,0.0001673665680143599
4,UPFC_Vse,5-15,0.05836100626339728,31,0.06172078957104056,MAP_PMU,17,0.003359783307643277
5,UPFC_tse,5-15,-2.1088695021676886,31,-2.1585402609080546,MAP_PMU,17,0.04967075874036597
0,x_tcsc,1-14,-0.11342395463598819,32,-0.11322089739296207,MAP_PMU,17,0.0002030572430261196
1,B_svc,2,0.18384335971132798,32,0.18331825945899513,MAP_PMU,17,0.0005251002523328496
2,UPFC_Vsh,5-15,1.111549073470703,32,1.1054483183736596,MAP_PMU,17,0.006100755097043331
3,UPFC_tsh,5-15,-0.22975537268815477,32,-0.22985985232200498,MAP_PMU,17,0.00010447963385021297
4,UPFC_Vse,5-15,0.05846554816243117,32,0.06172078957104056,MAP_PMU,17,0.0032552414086093884
5,UPFC_tse,5-15,-2.1205929603373592,32,-2.1585402609080546,MAP_PMU,17,0.0379473005706954
0,x_tcsc,1-14,-0.11336116569292433,33,-0.11322089739296207,MAP_PMU,17,0.0001402682999622623
1,B_svc,2,0.18347032739696492,33,0.18331825945899513,MAP_PMU,17,0.0001520679379697909
2,UPFC_Vsh,5-15,1.1113654728489764,33,1.1054483183736596,MAP_PMU,17,0.0059171544753167105
3,UPFC_tsh,5-15,-0.2297937852846145,33,-0.22985985232200498,MAP_PMU,17,6.606703739048259e-05
4,UPFC_Vse,5-15,0.05860275199310095,33,0.06172078957104056,MAP_PMU,17,0.00311803757793961
5,UPFC_tse,5-15,-2.119036120335357,33,-2.1585402609080546,MAP_PMU,17,0.039504140572697466
0,x_tcsc,1-14,-0.1134517402056482,34,-0.11322089739296207,MAP_PMU,17,0.0002308428126861356
1,B_svc,2,0.18322533434038632,34,0.18331825945899513,MAP_PMU,17,9.292511860881092e-05
2,UPFC_Vsh,5-15,1.1115656836470234,34,1.1054483183736596,MAP_PMU,17,0.006117365273363706
3,UPFC_tsh,5-15,-0.22975351516950818,34,-0.22985985232200498,MAP_PMU,17,0.00010633715249680487
4,UPFC_Vse,5-15,0.05904846460913804,34,0.06172078957104056,MAP_PMU,17,0.0026723249619025197
5,UPFC_tse,5-15,-2.1233764090598894,34,-2.1585402609080546,MAP_PMU,17,0.03516385184816517
0,x_tcsc,1-14,-0.1133989139061774,35,-0.11322089739296207,MAP_PMU,17,0.0001780165132153344
1,B_svc,2,0.18330161940164277,35,0.18331825945899513,MAP_PMU,17,1.6640057352357296e-05
2,UPFC_Vsh,5-15,1.1114505659788467,35,1.1054483183736596,MAP_PMU,17,0.006002247605187083
3,UPFC_tsh,5-15,-0.2297741913731727,35,-0.22985985232200498,MAP_PMU,17,8.566094883227793e-05
4,UPFC_Vse,5-15,0.0591563629878593,35,0.06172078957104056,MAP_PMU,17,0.002564426583181262
5,UPFC_tse,5-15,-2.1238686419947483,35,-2.1585402609080546,MAP_PMU,17,0.03467161891330628
0,x_tcsc,1-14,-0.11340520990036052,36,-0.11322089739296207,MAP_PMU,17,0.00018431250739844862
1,B_svc,2,0.18319783685488644,36,0.18331825945899513,MAP_PMU,17,0.00012042260410868866
2,UPFC_Vsh,5-15,1.1120399015674896,36,1.1054483183736596,MAP_PMU,17,0.0065915831938299085
3,UPFC_tsh,5-15,-0.229764817847024,36,-0.22985985232200498,MAP_PMU,17,9.503447498099282e-05
4,UPFC_Vse,5-15,0.05876730161556507,36,0.06172078957104056,MAP_PMU,17,0.002953487955475488
5,UPFC_tse,5-15,-2.124324971587447,36,-2.1585402609080546,MAP_PMU,17,0.03421528932060758
0,x_tcsc,1-14,-0.11343420006112492,37,-0.11322089739296207,MAP_PMU,17,0.00021330266816285692
1,B_svc,2,0.18381748112058435,37,0.18331825945899513,MAP_PMU,17,0.000499221661589222
2,UPFC_Vsh,5-15,1.111422000126472,37,1.1054483183736596,MAP_PMU,17,0.005973681752812432
3,UPFC_tsh,5-15,-0.2298245093177069,37,-0.22985985232200498,MAP_PMU,17,3.53430042980829e-05
4,UPFC_Vse,5-15,0.05938394966303118,37,0.06172078957104056,MAP_PMU,17,0.0023368399080093832
5,UPFC_tse,5-15,-2.129238045455191,37,-2.1585402609080546,MAP_PMU,17,0.02930221545286349
0,x_tcsc,1-14,-0.11341971627918132,38,-0.11322089739296207,MAP_PMU,17,0.00019881888621925414
1,B_svc,2,0.18342594120880107,38,0.18331825945899513,MAP_PMU,17,0.00010768174980593792
2,UPFC_Vsh,5-15,1.1117127440699295,38,1.1054483183736596,MAP_PMU,17,0.0062644256962698375
3,UPFC_tsh,5-15,-0.22970293105488987,38,-0.22985985232200498,MAP_PMU,17,0.00015692126711511212
4,UPFC_Vse,5-15,0.05853092963596584,38,0.06172078957104056,MAP_PMU,17,0.0031898599350747223
5,UPFC_tse,5-15,-2.1195706452087757,38,-2.1585402609080546,MAP_PMU,17,0.038969615699278926
0,x_tcsc,1-14,-0.11341021633849593,39,-0.11322089739296207,MAP_PMU,17,0.0001893189455338673
1,B_svc,2,0.18349524245391996,39,0.18331825945899513,MAP_PMU,17,0.00017698299492482916
2,UPFC_Vsh,5-15,1.1115546987604354,39,1.1054483183736596,MAP_PMU,17,0.0061063803867758
3,UPFC_tsh,5-15,-0.2297565016976632,39,-0.22985985232200498,MAP_PMU,17,0.00010335062434177478
4,UPFC_Vse,5-15,0.05825235819794282,39,0.06172078957104056,MAP_PMU,17,0.003468431373097741
5,UPFC_tse,5-15,-2.115962283123576,39,-2.1585402609080546,MAP_PMU,17,0.042577977784478804
0,x_tcsc,1-14,-0.11340591381198925,40,-0.11322089739296207,MAP_PMU,17,0.00018501641902718413
1,B_svc,2,0.1839954376513587,40,0.18331825945899513,MAP_PMU,17,0.00067717819236357
2,UPFC_Vsh,5-15,1.1118387299873642,40,1.1054483183736596,MAP_PMU,17,0.006390411613704572
3,UPFC_tsh,5-15,-0.22970396966550755,40,-0.22985985232200498,MAP_PMU,17,0.00015588265649743582
4,UPFC_Vse,5-15,0.05891969673543838,40,0.06172078957104056,MAP_PMU,17,0.0028010928356021828
5,UPFC_tse,5-15,-2.1168045641303257,40,-2.1585402609080546,MAP_PMU,17,0.041735696777728926
0,x_tcsc,1-14,-0.1134412736706275,41,-0.11322089739296207,MAP_PMU,17,0.00022037627766542667
1,B_svc,2,0.1831729945851989,41,0.18331825945899513,MAP_PMU,17,0.00014526487379623587
2,UPFC_Vsh,5-15,1.1116019120767564,41,1.1054483183736596,MAP_PMU,17,0.00615359370309676
3,UPFC_tsh,5-15,-0.22977068106010545,41,-0.22985985232200498,MAP_PMU,17,8.917126189952884e-05
4,UPFC_Vse,5-15,0.05875589398028087,41,0.06172078957104056,MAP_PMU,17,0.0029648955907596933
5,UPFC_tse,5-15,-2.1308984655900165,41,-2.1585402609080546,MAP_PMU,17,0.02764179531803812
0,x_tcsc,1-14,-0.11336706727793912,42,-0.11322089739296207,MAP_PMU,17,0.00014616988497705152
1,B_svc,2,0.18359369562596278,42,0.18331825945899513,MAP_PMU,17,0.00027543616696765194
2,UPFC_Vsh,5-15,1.1117716419725654,42,1.1054483183736596,MAP_PMU,17,0.00632332359890575
3,UPFC_tsh,5-15,-0.22971921846650487,42,-0.22985985232200498,MAP_PMU,17,0.0001406338555001163
4,UPFC_Vse,5-15,0.058866238023710826,42,0.06172078957104056,MAP_PMU,17,0.002854551547329734
5,UPFC_tse,5-15,-2.127825895439395,42,-2.1585402609080546,MAP_PMU,17,0.030714365468659466
0,x_tcsc,1-14,-0.11332803797485869,43,-0.11322089739296207,MAP_PMU,17,0.00010714058189661979
1,B_svc,2,0.18339548857513066,43,0.18331825945899513,MAP_PMU,17,7.722911613552985e-05
2,UPFC_Vsh,5-15,1.1114104798777766,43,1.1054483183736596,MAP_PMU,17,0.005962161504116992
3,UPFC_tsh,5-15,-0.22977957325576065,43,-0.22985985232200498,MAP_PMU,17,8.027906624433201e-05
4,UPFC_Vse,5-15,0.05890533177506638,43,0.06172078957104056,MAP_PMU,17,0.0028154577959741828
5,UPFC_tse,5-15,-2.1183948224970015,43,-2.1585402609080546,MAP_PMU,17,0.040145438411053114
0,x_tcsc,1-14,-0.11342037527831278,44,-0.11322089739296207,MAP_PMU,17,0.00019947788535071287
1,B_svc,2,0.18362446929843473,44,0.18331825945899513,MAP_PMU,17,0.0003062098394396029
2,UPFC_Vsh,5-15,1.1112889881702988,44,1.1054483183736596,MAP_PMU,17,0.005840669796639109
3,UPFC_tsh,5-15,-0.22980937617903718,44,-0.22985985232200498,MAP_PMU,17,5.047614296779801e-05
4,UPFC_Vse,5-15,0.059505750895326386,44,0.06172078957104056,MAP_PMU,17,0.0022150386757141746
5,UPFC_tse,5-15,-2.117819236423315,44,-2.1585402609080546,MAP_PMU,17,0.040721024484739576
0,x_tcsc,1-14,-0.11338485816707773,45,-0.11322089739296207,MAP_PMU,17,0.00016396077411566512
1,B_svc,2,0.1834560038591,45,0.18331825945899513,MAP_PMU,17,0.0001377444001048611
2,UPFC_Vsh,5-15,1.1114430826347257,45,1.1054483183736596,MAP_PMU,17,0.005994764261066043
3,UPFC_tsh,5-15,-0.22979117449560263,45,-0.22985985232200498,MAP_PMU,17,6.867782640235243e-05
4,UPFC_Vse,5-15,0.05912139983957113,45,0.06172078957104056,MAP_PMU,17,0.0025993897314694273
5,UPFC_tse,5-15,-2.1211067539500386,45,-2.1585402609080546,MAP_PMU,17,0.03743350695801606
0,x_tcsc,1-14,-0.1133755213555742,46,-0.11322089739296207,MAP_PMU,17,0.0001546239626121354
1,B_svc,2,0.18358210375512013,46,0.18331825945899513,MAP_PMU,17,0.0002638442961249987
2,UPFC_Vsh,5-15,1.1113217402986244,46,1.1054483183736596,MAP_PMU,17,0.005873421924964761
3,UPFC_tsh,5-15,-0.22981336892209744,46,-0.22985985232200498,MAP_PMU,17,4.648339990753758e-05
4,UPFC_Vse,5-15,0.05864526852433002,46,0.06172078957104056,MAP_PMU,17,0.003075521046710543
5,UPFC_tse,5-15,-2.1357991936765592,46,-2.1585402609080546,MAP_PMU,17,0.022741067231495382
0,x_tcsc,1-14,-0.11342809696552496,47,-0.11322089739296207,MAP_PMU,17,0.00020719957256289112
1,B_svc,2,0.1832624551235958,47,0.18331825945899513,MAP_PMU,17,5.580433539933982e-05
2,UPFC_Vsh,5-15,1.1117057905467165,47,1.1054483183736596,MAP_PMU,17,0.006257472173056833
3,UPFC_tsh,5-15,-0.22978899640692443,47,-0.22985985232200498,MAP_PMU,17,7.085591508054767e-05
4,UPFC_Vse,5-15,0.059308745947136435,47,0.06172078957104056,MAP_PMU,17,0.0024120436239041254
5,UPFC_tse,5-15,-2.122686225812315,47,-2.1585402609080546,MAP_PMU,17,0.0358540350957397
0,x_tcsc,1-14,-0.1134090910621347,48,-0.11322089739296207,MAP_PMU,17,0.00018819366917263713
1,B_svc,2,0.18388340618749502,48,0.18331825945899513,MAP_PMU,17,0.0005651467284998879
2,UPFC_Vsh,5-15,1.111530396094787,48,1.1054483183736596,MAP_PMU,17,0.006082077721127455
3,UPFC_tsh,5-15,-0.22975443138389576,48,-0.22985985232200498,MAP_PMU,17,0.00010542093810922415
4,UPFC_Vse,5-15,0.05895399290025904,48,0.06172078957104056,MAP_PMU,17,0.0027667966707815225
5,UPFC_tse,5-15,-2.120480212278847,48,-2.1585402609080546,MAP_PMU,17,0.03806004862920753
0,x_tcsc,1-14,-0.11337684401524468,49,-0.11322089739296207,MAP_PMU,17,0.00015594662228261835
1,B_svc,2,0.18337811251594885,49,0.18331825945899513,MAP_PMU,17,5.985305695371812e-05
2,UPFC_Vsh,5-15,1.1115634137327626,49,1.1054483183736596,MAP_PMU,17,0.006115095359102929
3,UPFC_tsh,5-15,-0.22967958650104267,49,-0.22985985232200498,MAP_PMU,17,0.00018026582096231092
4,UPFC_Vse,5-15,0.05844566341473413,49,0.06172078957104056,MAP_PMU,17,0.0032751261563064293
5,UPFC_tse,5-15,-2.1170976661868703,49,-2.1585402609080546,MAP_PMU,17,0.04144259472118428
0,x_tcsc,1-14,-0.1133540577909343,50,-0.11322089739296207,MAP_PMU,17,0.00013316039797223178
1,B_svc,2,0.18324816914947942,50,0.18331825945899513,MAP_PMU,17,7.009030951571349e-05
2,UPFC_Vsh,5-15,1.1112987729801256,50,1.1054483183736596,MAP_PMU,17,0.005850454606465938
3,UPFC_tsh,5-15,-0.2298057546067722,50,-0.22985985232200498,MAP_PMU,17,5.409771523279261e-05
4,UPFC_Vse,5-15,0.05902153594229358,50,0.06172078957104056,MAP_PMU,17,0.0026992536287469768
5,UPFC_tse,5-15,-2.116236537724055,50,-2.1585402609080546,MAP_PMU,17,0.042303723183999775
0,x_tcsc,1-14,-0.11337032523399937,51,-0.11322089739296207,MAP_PMU,17,0.0001494278410373029
1,B_svc,2,0.18368468090350515,51,0.18331825945899513,MAP_PMU,17,0.0003664214445100178
2,UPFC_Vsh,5-15,1.1117015454494519,51,1.1054483183736596,MAP_PMU,17,0.006253227075792234
3,UPFC_tsh,5-15,-0.22975374539486895,51,-0.22985985232200498,MAP_PMU,17,0.00010610692713602932
4,UPFC_Vse,5-15,0.05900718252245778,51,0.06172078957104056,MAP_PMU,17,0.0027136070485827835
5,UPFC_tse,5-15,-2.124505037605167,51,-2.1585402609080546,MAP_PMU,17,0.03403522330288755
0,x_tcsc,1-14,-0.11337773761916481,52,-0.11322089739296207,MAP_PMU,17,0.0001568402262027424
1,B_svc,2,0.18366088547482193,52,0.18331825945899513,MAP_PMU,17,0.00034262601582679686
2,UPFC_Vsh,5-15,1.1118001512408806,52,1.1054483183736596,MAP_PMU,17,0.006351832867220963
3,UPFC_tsh,5-15,-0.22977968800705673,52,-0.22985985232200498,MAP_PMU,17,8.01643149482556e-05
4,UPFC_Vse,5-15,0.05866964802617321,52,0.06172078957104056,MAP_PMU,17,0.003051141544867353
5,UPFC_tse,5-15,-2.114704899821652,52,-2.1585402609080546,MAP_PMU,17,0.043835361086402624
0,x_tcsc,1-14,-0.11338882181304817,53,-0.11322089739296207,MAP_PMU,17,0.00016792442008610464
1,B_svc,2,0.18326027636865824,53,0.18331825945899513,MAP_PMU,17,5.798309033688831e-05
2,UPFC_Vsh,5-15,1.1112544247710396,53,1.1054483183736596,MAP_PMU,17,0.005806106397379995
3,UPFC_tsh,5-15,-0.2297086297645081,53,-0.22985985232200498,MAP_PMU,17,0.0001512225574968884
4,UPFC_Vse,5-15,0.05863431122334357,53,0.06172078957104056,MAP_PMU,17,0.003086478347696993
5,UPFC_tse,5-15,-2.1193065226304957,53,-2.1585402609080546,MAP_PMU,17,0.03923373827755894
0,x_tcsc,1-14,-0.1134568785386611,54,-0.11322089739296207,MAP_PMU,17,0.0002359811456990324
1,B_svc,2,0.1840072677582659,54,0.18331825945899513,MAP_PMU,17,0.0006890082992707658
2,UPFC_Vsh,5-15,1.1113810131832682,54,1.1054483183736596,MAP_PMU,17,0.005932694809608563
3,UPFC_tsh,5-15,-0.229715887940442,54,-0.22985985232200498,MAP_PMU,17,0.0001439643815629721
4,UPFC_Vse,5-15,0.058596369176247026,54,0.06172078957104056,MAP_PMU,17,0.003124420394793534
5,UPFC_tse,5-15,-2.121055217485795,54,-2.1585402609080546,MAP_PMU,17,0.03748504342225978
0,x_tcsc,1-14,-0.11348753599223085,55,-0.11322089739296207,MAP_PMU,17,0.00026663859926878697
1,B_svc,2,0.18347353350933818,55,0.18331825945899513,MAP_PMU,17,0.0001552740503430461
2,UPFC_Vsh,5-15,1.1115765015280843,55,1.1054483183736596,MAP_PMU,17,0.006128183154424649
3,UPFC_tsh,5-15,-0.22974915330130863,55,-0.22985985232200498,MAP_PMU,17,0.00011069902069635318
4,UPFC_Vse,5-15,0.059104091079398124,55,0.06172078957104056,MAP_PMU,17,0.0026166984916424357
5,UPFC_tse,5-15,-2.1228055809501702,55,-2.1585402609080546,MAP_PMU,17,0.035734679957884374
0,x_tcsc,1-14,-0.11343011842737702,56,-0.11322089739296207,MAP_PMU,17,0.00020922103441495254
1,B_svc,2,0.18378763556923217,56,0.18331825945899513,MAP_PMU,17,0.0004693761102370353
2,UPFC_Vsh,5-15,1.1115313084840805,56,1.1054483183736596,MAP_PMU,17,0.006082990110420905
3,UPFC_tsh,5-15,-0.22968121420581722,56,-0.22985985232200498,MAP_PMU,17,0.0001786381161877626
4,UPFC_Vse,5-15,0.05880750466611014,56,0.06172078957104056,MAP_PMU,17,0.0029132849049304174
5,UPFC_tse,5-15,-2.120863646768273,56,-2.1585402609080546,MAP_PMU,17,0.03767661413978152
0,x_tcsc,1-14,-0.11341821239479856,57,-0.11322089739296207,MAP_PMU,17,0.00019731500183649275
1,B_svc,2,0.18314067185018515,57,0.18331825945899513,MAP_PMU,17,0.00017758760880998148
2,UPFC_Vsh,5-15,1.1116155734430129,57,1.1054483183736596,MAP_PMU,17,0.006167255069353228
3,UPFC_tsh,5-15,-0.22969086992859677,57,-0.22985985232200498,MAP_PMU,17,0.00016898239340820687
4,UPFC_Vse,5-15,0.05904431349776278,57,0.06172078957104056,MAP_PMU,17,0.0026764760732777768
5,UPFC_tse,5-15,-2.1108077605812388,57,-2.1585402609080546,MAP_PMU,17,0.04773250032681586
0,x_tcsc,1-14,-0.11344812631266983,58,-0.11322089739296207,MAP_PMU,17,0.00022722891970776427
1,B_svc,2,0.18336274558241122,58,0.18331825945899513,MAP_PMU,17,4.448612341609315e-05
2,UPFC_Vsh,5-15,1.1115920640998052,58,1.1054483183736596,MAP_PMU,17,0.006143745726145511
3,UPFC_tsh,5-15,-0.22975520222781062,58,-0.22985985232200498,MAP_PMU,17,0.00010465009419435845
4,UPFC_Vse,5-15,0.05877158568321143,58,0.06172078957104056,MAP_PMU,17,0.002949203887829127
5,UPFC_tse,5-15,-2.129692274824975,58,-2.1585402609080546,MAP_PMU,17,0.02884798608307948
0,x_tcsc,1-14,-0.11347484208305861,59,-0.11322089739296207,MAP_PMU,17,0.0002539446900965414
1,B_svc,2,0.1835025871205512,59,0.18331825945899513,MAP_PMU,17,0.00018432766155607183
2,UPFC_Vsh,5-15,1.1115228033132525,59,1.1054483183736596,MAP_PMU,17,0.006074484939592839
3,UPFC_tsh,5-15,-0.22977390638692094,59,-0.22985985232200498,MAP_PMU,17,8.594593508404191e-05
4,UPFC_Vse,5-15,0.05916464675862631,59,0.06172078957104056,MAP_PMU,17,0.0025561428124142513
5,UPFC_tse,5-15,-2.1180970854441528,59,-2.1585402609080546,MAP_PMU,17,0.04044317546390186
0,x_tcsc,1-14,-0.11333136139735475,60,-0.11322089739296207,MAP_PMU,17,0.00011046400439268522
1,B_svc,2,0.18349454584521735,60,0.18331825945899513,MAP_PMU,17,0.0001762863862222186
2,UPFC_Vsh,5-15,1.1118760759436728,60,1.1054483183736596,MAP_PMU,17,0.006427757570013126
3,UPFC_tsh,5-15,-0.22971277424009168,60,-0.22985985232200498,MAP_PMU,17,0.0001470780819133044
4,UPFC_Vse,5-15,0.05905978911712242,60,0.06172078957104056,MAP_PMU,17,0.002661000453918143
5,UPFC_tse,5-15,-2.1056618188996015,60,-2.1585402609080546,MAP_PMU,17,0.05287844200845315
0,x_tcsc,1-14,-0.11335096730590462,61,-0.11322089739296207,MAP_PMU,17,0.00013006991294255144
1,B_svc,2,0.18311310999076674,61,0.18331825945899513,MAP_PMU,17,0.0002051494682283883
2,UPFC_Vsh,5-15,1.1115016782359484,61,1.1054483183736596,MAP_PMU,17,0.006053359862288721
3,UPFC_tsh,5-15,-0.2297684596769716,61,-0.22985985232200498,MAP_PMU,17,9.139264503338351e-05
4,UPFC_Vse,5-15,0.059194164915563015,61,0.06172078957104056,MAP_PMU,17,0.0025266246554775454
5,UPFC_tse,5-15,-2.119950792834126,61,-2.1585402609080546,MAP_PMU,17,0.03858946807392849
0,x_tcsc,1-14,-0.11342937732266409,62,-0.11322089739296207,MAP_PMU,17,0.00020847992970202123
1,B_svc,2,0.18359733458259264,62,0.18331825945899513,MAP_PMU,17,0.00027907512359751085
2,UPFC_Vsh,5-15,1.1113544441909167,62,1.1054483183736596,MAP_PMU,17,0.005906125817257024
3,UPFC_tsh,5-15,-0.2297728090099549,62,-0.22985985232200498,MAP_PMU,17,8.704331205008908e-05
4,UPFC_Vse,5-15,0.05934250838138142,62,0.06172078957104056,MAP_PMU,17,0.0023782811896591385
5,UPFC_tse,5-15,-2.1299928750009394,62,-2.1585402609080546,MAP_PMU,17,0.028547385907115252
0,x_tcsc,1-14,-0.11333448431797671,63,-0.11322089739296207,MAP_PMU,17,0.00011358692501464707
1,B_svc,2,0.18351499592907047,63,0.18331825945899513,MAP_PMU,17,0.00019673647007534267
2,UPFC_Vsh,5-15,1.1116332541623613,63,1.1054483183736596,MAP_PMU,17,0.0061849357887016065
3,UPFC_tsh,5-15,-0.2297914337125071,63,-0.22985985232200498,MAP_PMU,17,6.841860949788336e-05
4,UPFC_Vse,5-15,0.058908519263402785,63,0.06172078957104056,MAP_PMU,17,0.002812270307637775
5,UPFC_tse,5-15,-2.128949465855618,63,-2.1585402609080546,MAP_PMU,17,0.029590795052436558
0,x_tcsc,1-14,-0.11346946692256024,64,-0.11322089739296207,MAP_PMU,17,0.0002485695295981749
1,B_svc,2,0.18362547170903987,64,0.18331825945899513,MAP_PMU,17,0.00030721225004473607
2,UPFC_Vsh,5-15,1.1119407474163263,64,1.1054483183736596,MAP_PMU,17,0.00649242904266667
3,UPFC_tsh,5-15,-0.22978611290221015,64,-0.22985985232200498,MAP_PMU,17,7.373941979482712e-05
4,UPFC_Vse,5-15,0.059048806012485744,64,0.06172078957104056,MAP_PMU,17,0.0026719835585548163
5,UPFC_tse,5-15,-2.1240506307010105,64,-2.1585402609080546,MAP_PMU,17,0.0344896302070441
0,x_tcsc,1-14,-0.11340732612929204,65,-0.11322089739296207,MAP_PMU,17,0.0001864287363299716
1,B_svc,2,0.18323850524059251,65,0.18331825945899513,MAP_PMU,17,7.975421840261676e-05
2,UPFC_Vsh,5-15,1.111717158045359,65,1.1054483183736596,MAP_PMU,17,0.006268839671699444
3,UPFC_tsh,5-15,-0.22970823992408337,65,-0.22985985232200498,MAP_PMU,17,0.00015161239792160774
4,UPFC_Vse,5-15,0.05900864167760231,65,0.06172078957104056,MAP_PMU,17,0.002712147893438252
5,UPFC_tse,5-15,-2.1242275997236177,65,-2.1585402609080546,MAP_PMU,17,0.03431266118443688
0,x_tcsc,1-14,-0.11342752232439098,66,-0.11322089739296207,MAP_PMU,17,0.0002066249314289087
1,B_svc,2,0.18351800790033695,66,0.18331825945899513,MAP_PMU,17,0.0001997484413418238
2,UPFC_Vsh,5-15,1.1115028270300107,66,1.1054483183736596,MAP_PMU,17,0.006054508656351043
3,UPFC_tsh,5-15,-0.22972775658582378,66,-0.22985985232200498,MAP_PMU,17,0.00013209573618119808
4,UPFC_Vse,5-15,0.05911675464364107,66,0.06172078957104056,MAP_PMU,17,0.0026040349273994887
5,UPFC_tse,5-15,-2.1200082291492772,66,-2.1585402609080546,MAP_PMU,17,0.038532031758777396
0,x_tcsc,1-14,-0.11348042830002895,67,-0.11322089739296207,MAP_PMU,17,0.00025953090706688775
1,B_svc,2,0.18318349567036546,67,0.18331825945899513,MAP_PMU,17,0.00013476378862967153
2,UPFC_Vsh,5-15,1.1117741129277607,67,1.1054483183736596,MAP_PMU,17,0.006325794554101094
3,UPFC_tsh,5-15,-0.229713012258906,67,-0.22985985232200498,MAP_PMU,17,0.00014684006309897968
4,UPFC_Vse,5-15,0.05894644218673602,67,0.06172078957104056,MAP_PMU,17,0.002774347384304543
5,UPFC_tse,5-15,-2.126409309877298,67,-2.1585402609080546,MAP_PMU,17,0.032130951030756805
0,x_tcsc,1-14,-0.1134585870192799,68,-0.11322089739296207,MAP_PMU,17,0.0002376896263178302
1,B_svc,2,0.18362678267189197,68,0.18331825945899513,MAP_PMU,17,0.00030852321289684403
2,UPFC_Vsh,5-15,1.1116889347231314,68,1.1054483183736596,MAP_PMU,17,0.006240616349471706
3,UPFC_tsh,5-15,-0.22977030845680801,68,-0.22985985232200498,MAP_PMU,17,8.954386519696711e-05
4,UPFC_Vse,5-15,0.05905833148400736,68,0.06172078957104056,MAP_PMU,17,0.0026624580870331996
5,UPFC_tse,5-15,-2.1315017685195388,68,-2.1585402609080546,MAP_PMU,17,0.027038492388515856
0,x_tcsc,1-14,-0.1133722335704289,69,-0.11322089739296207,MAP_PMU,17,0.0001513361774668348
1,B_svc,2,0.18388797823845368,69,0.18331825945899513,MAP_PMU,17,0.0005697187794585501
2,UPFC_Vsh,5-15,1.111634557369675,69,1.1054483183736596,MAP_PMU,17,0.006186238996015447
3,UPFC_tsh,5-15,-0.22975446526020826,69,-0.22985985232200498,MAP_PMU,17,0.00010538706179671897
4,UPFC_Vse,5-15,0.058830074117676774,69,0.06172078957104056,MAP_PMU,17,0.002890715453363786
5,UPFC_tse,5-15,-2.1095118559315207,69,-2.1585402609080546,MAP_PMU,17,0.049028404976533935
0,x_tcsc,1-14,-0.11338048865341727,70,-0.11322089739296207,MAP_PMU,17,0.00015959126045519967
1,B_svc,2,0.18318911988737346,70,0.18331825945899513,MAP_PMU,17,0.000129139571621667
2,UPFC_Vsh,5-15,1.1111903601253197,70,1.1054483183736596,MAP_PMU,17,0.005742041751660043
3,UPFC_tsh,5-15,-0.22983544548818194,70,-0.22985985232200498,MAP_PMU,17,2.4406833823042984e-05
4,UPFC_Vse,5-15,0.05951775360195806,70,0.06172078957104056,MAP_PMU,17,0.0022030359690825008
5,UPFC_tse,5-15,-2.1386798962882425,70,-2.1585402609080546,MAP_PMU,17,0.01986036461981211
0,x_tcsc,1-14,-0.11347996553596526,71,-0.11322089739296207,MAP_PMU,17,0.0002590681430031938
1,B_svc,2,0.18331151349132624,71,0.18331825945899513,MAP_PMU,17,6.745967668891906e-06
2,UPFC_Vsh,5-15,1.111549715192368,71,1.1054483183736596,MAP_PMU,17,0.006101396818708249
3,UPFC_tsh,5-15,-0.2298090409192367,71,-0.22985985232200498,MAP_PMU,17,5.0811402768274894e-05
4,UPFC_Vse,5-15,0.05922704807036226,71,0.06172078957104056,MAP_PMU,17,0.002493741500678298
5,UPFC_tse,5-15,-2.127315784942161,71,-2.1585402609080546,MAP_PMU,17,0.031224475965893728
0,x_tcsc,1-14,-0.11341624752660392,72,-0.11322089739296207,MAP_PMU,17,0.00019535013364185838
1,B_svc,2,0.1838045308216969,72,0.18331825945899513,MAP_PMU,17,0.00048627136270176785
2,UPFC_Vsh,5-15,1.111241618321268,72,1.1054483183736596,MAP_PMU,17,0.005793299947608466
3,UPFC_tsh,5-15,-0.22982860682522047,72,-0.22985985232200498,MAP_PMU,17,3.124549678451549e-05
4,UPFC_Vse,5-15,0.05903775607470437,72,0.06172078957104056,MAP_PMU,17,0.0026830334963361888
5,UPFC_tse,5-15,-2.1321332658376835,72,-2.1585402609080546,MAP_PMU,17,0.026406995070371142
0,x_tcsc,1-14,-0.11338134622741315,73,-0.11322089739296207,MAP_PMU,17,0.00016044883445108515
1,B_svc,2,0.18344683713261742,73,0.18331825945899513,MAP_PMU,17,0.00012857767362228767
2,UPFC_Vsh,5-15,1.1118766410959642,73,1.1054483183736596,MAP_PMU,17,0.006428322722304536
3,UPFC_tsh,5-15,-0.2296987671130422,73,-0.22985985232200498,MAP_PMU,17,0.000161085208962769
4,UPFC_Vse,5-15,0.05864490358355616,73,0.06172078957104056,MAP_PMU,17,0.0030758859874844002
5,UPFC_tse,5-15,-2.1212484164432417,73,-2.1585402609080546,MAP_PMU,17,0.03729184446481293
0,x_tcsc,1-14,-0.11349973055730041,74,-0.11322089739296207,MAP_PMU,17,0.0002788331643383407
1,B_svc,2,0.18353780113491108,74,0.18331825945899513,MAP_PMU,17,0.00021954167591595186
2,UPFC_Vsh,5-15,1.1119403243496162,74,1.1054483183736596,MAP_PMU,17,0.006492005975956561
3,UPFC_tsh,5-15,-0.2296534373754883,74,-0.22985985232200498,MAP_PMU,17,0.00020641494651668646
4,UPFC_Vse,5-15,0.05855365776774153,74,0.06172078957104056,MAP_PMU,17,0.003167131803299028
5,UPFC_tse,5-15,-2.112551405429824,74,-2.1585402609080546,MAP_PMU,17,0.04598885547823084
0,x_tcsc,1-14,-0.11350572499487174,75,-0.11322089739296207,MAP_PMU,17,0.00028482760190967626
1,B_svc,2,0.18336852812323937,75,0.18331825945899513,MAP_PMU,17,5.026866424423515e-05
2,UPFC_Vsh,5-15,1.1115141207022217,75,1.1054483183736596,MAP_PMU,17,0.00606580232856202
3,UPFC_tsh,5-15,-0.22977969634559742,75,-0.22985985232200498,MAP_PMU,17,8.015597640756433e-05
4,UPFC_Vse,5-15,0.05890890533605489,75,0.06172078957104056,MAP_PMU,17,0.0028118842349856704
5,UPFC_tse,5-15,-2.1196741333757885,75,-2.1585402609080546,MAP_PMU,17,0.03886612753226615
0,x_tcsc,1-14,-0.11334399374125066,76,-0.11322089739296207,MAP_PMU,17,0.0001230963482885955
1,B_svc,2,0.18379309892461945,76,0.18331825945899513,MAP_PMU,17,0.00047483946562432156
2,UPFC_Vsh,5-15,1.1115076458190056,76,1.1054483183736596,MAP_PMU,17,0.0060593274453459856
3,UPFC_tsh,5-15,-0.22965718258401469,76,-0.22985985232200498,MAP_PMU,17,0.00020266973799029642
4,UPFC_Vse,5-15,0.058975607465162366,76,0.06172078957104056,MAP_PMU,17,0.002745182105878194
5,UPFC_tse,5-15,-2.1171724025910352,76,-2.1585402609080546,MAP_PMU,17,0.04136785831701939
0,x_tcsc,1-14,-0.11342736921927615,77,-0.11322089739296207,MAP_PMU,17,0.00020647182631408634
1,B_svc,2,0.1834751344345774,77,0.18331825945899513,MAP_PMU,17,0.00015687497558228292
2,UPFC_Vsh,5-15,1.1116891344091548,77,1.1054483183736596,MAP_PMU,17,0.0062408160354952
3,UPFC_tsh,5-15,-0.22971250726110895,77,-0.22985985232200498,MAP_PMU,17,0.0001473450608960314
4,UPFC_Vse,5-15,0.059094386831463105,77,0.06172078957104056,MAP_PMU,17,0.0026264027395774547
5,UPFC_tse,5-15,-2.1225403800355207,77,-2.1585402609080546,MAP_PMU,17,0.03599988087253392
0,x_tcsc,1-14,-0.11332331755648643,78,-0.11322089739296207,MAP_PMU,17,0.00010242016352436656
1,B_svc,2,0.18319868508539072,78,0.18331825945899513,MAP_PMU,17,0.00011957437360440859
2,UPFC_Vsh,5-15,1.1115116120350874,78,1.1054483183736596,MAP_PMU,17,0.006063293661427771
3,UPFC_tsh,5-15,-0.22974289880630372,78,-0.22985985232200498,MAP_PMU,17,0.00011695351570126244
4,UPFC_Vse,5-15,0.05883800566200274,78,0.06172078957104056,MAP_PMU,17,0.002882783909037817
5,UPFC_tse,5-15,-2.12649658473535,78,-2.1585402609080546,MAP_PMU,17,0.03204367617270476
0,x_tcsc,1-14,-0.11340363584943772,79,-0.11322089739296207,MAP_PMU,17,0.00018273845647565068
1,B_svc,2,0.18357504598408383,79,0.18331825945899513,MAP_PMU,17,0.0002567865250887036
2,UPFC_Vsh,5-15,1.1119606970994969,79,1.1054483183736596,MAP_PMU,17,0.006512378725837209
3,UPFC_tsh,5-15,-0.22971457010765423,79,-0.22985985232200498,MAP_PMU,17,0.00014528221435075594
4,UPFC_Vse,5-15,0.05859702240426428,79,0.06172078957104056,MAP_PMU,17,0.00312376716677628
5,UPFC_tse,5-15,-2.114642545347454,79,-2.1585402609080546,MAP_PMU,17,0.0438977155606004
0,x_tcsc,1-14,-0.11336833049607228,80,-0.11322089739296207,MAP_PMU,17,0.00014743310311021718
1,B_svc,2,0.18326972157447768,80,0.18331825945899513,MAP_PMU,17,4.853788451744667e-05
2,UPFC_Vsh,5-15,1.1119653828266498,80,1.1054483183736596,MAP_PMU,17,0.006517064452990162
3,UPFC_tsh,5-15,-0.22967124903968333,80,-0.22985985232200498,MAP_PMU,17,0.0001886032823216477
4,UPFC_Vse,5-15,0.05882207786715571,80,0.06172078957104056,MAP_PMU,17,0.0028987117038848514
5,UPFC_tse,5-15,-2.119039413451936,80,-2.1585402609080546,MAP_PMU,17,0.03950084745611848
0,x_tcsc,1-14,-0.1133710826871614,81,-0.11322089739296207,MAP_PMU,17,0.0001501852941993287
1,B_svc,2,0.18347997449112935,81,0.18331825945899513,MAP_PMU,17,0.00016171503213421867
2,UPFC_Vsh,5-15,1.1113584892456065,81,1.1054483183736596,MAP_PMU,17,0.005910170871946896
3,UPFC_tsh,5-15,-0.2297884477641227,81,-0.22985985232200498,MAP_PMU,17,7.140455788229305e-05
4,UPFC_Vse,5-15,0.05870831360561675,81,0.06172078957104056,MAP_PMU,17,0.003012475965423811
5,UPFC_tse,5-15,-2.1330433195076752,81,-2.1585402609080546,MAP_PMU,17,0.02549694140037939
0,x_tcsc,1-14,-0.11337754271704059,82,-0.11322089739296207,MAP_PMU,17,0.00015664532407852483
1,B_svc,2,0.18348211808652232,82,0.18331825945899513,MAP_PMU,17,0.00016385862752718583
2,UPFC_Vsh,5-15,1.1117640246209113,82,1.1054483183736596,MAP_PMU,17,0.00631570624725164
3,UPFC_tsh,5-15,-0.22974348780621165,82,-0.22985985232200498,MAP_PMU,17,0.0001163645157933324
4,UPFC_Vse,5-15,0.05883593362532248,82,0.06172078957104056,MAP_PMU,17,0.002884855945718079
5,UPFC_tse,5-15,-2.1073811213603078,82,-2.1585402609080546,MAP_PMU,17,0.05115913954774687
0,x_tcsc,1-14,-0.1134127941553585,83,-0.11322089739296207,MAP_PMU,17,0.0001918967623964346
1,B_svc,2,0.1838403665744645,83,0.18331825945899513,MAP_PMU,17,0.0005221071154693779
2,UPFC_Vsh,5-15,1.1115974465617735,83,1.1054483183736596,MAP_PMU,17,0.0061491281881138615
3,UPFC_tsh,5-15,-0.2298177727923232,83,-0.22985985232200498,MAP_PMU,17,4.207952968177109e-05
4,UPFC_Vse,5-15,0.05903866756198667,83,0.06172078957104056,MAP_PMU,17,0.0026821220090538916
5,UPFC_tse,5-15,-2.1288896837881275,83,-2.1585402609080546,MAP_PMU,17,0.029650577119927135
0,x_tcsc,1-14,-0.11338436406378809,84,-0.11322089739296207,MAP_PMU,17,0.00016346667082602073
1,B_svc,2,0.1835066632703644,84,0.18331825945899513,MAP_PMU,17,0.00018840381136928097
2,UPFC_Vsh,5-15,1.1117164707605212,84,1.1054483183736596,MAP_PMU,17,0.006268152386861514
3,UPFC_tsh,5-15,-0.22974775508498746,84,-0.22985985232200498,MAP_PMU,17,0.00011209723701752217
4,UPFC_Vse,5-15,0.05929015619022967,84,0.06172078957104056,MAP_PMU,17,0.0024306333808108913
5,UPFC_tse,5-15,-2.12272258248624,84,-2.1585402609080546,MAP_PMU,17,0.03581767842181449
0,x_tcsc,1-14,-0.11341727404961706,85,-0.11322089739296207,MAP_PMU,17,0.00019637665665499238
1,B_svc,2,0.18347600889348697,85,0.18331825945899513,MAP_PMU,17,0.00015774943449184398
2,UPFC_Vsh,5-15,1.111632332104362,85,1.1054483183736596,MAP_PMU,17,0.00618401373070232
3,UPFC_tsh,5-15,-0.22978739464674103,85,-0.22985985232200498,MAP_PMU,17,7.245767526395386e-05
4,UPFC_Vse,5-15,0.05920956018636782,85,0.06172078957104056,MAP_PMU,17,0.002511229384672742
5,UPFC_tse,5-15,-2.1339742656294107,85,-2.1585402609080546,MAP_PMU,17,0.024565995278643893
0,x_tcsc,1-14,-0.11344591281884879,86,-0.11322089739296207,MAP_PMU,17,0.00022501542588672374
1,B_svc,2,0.18339386849462377,86,0.18331825945899513,MAP_PMU,17,7.560903562864318e-05
2,UPFC_Vsh,5-15,1.1116975963787208,86,1.1054483183736596,MAP_PMU,17,0.006249278005061143
3,UPFC_tsh,5-15,-0.22972217019360078,86,-0.22985985232200498,MAP_PMU,17,0.00013768212840420402
4,UPFC_Vse,5-15,0.059125591657849794,86,0.06172078957104056,MAP_PMU,17,0.0025951979131907665
5,UPFC_tse,5-15,-2.1175463347909984,86,-2.1585402609080546,MAP_PMU,17,0.04099392611705621
0,x_tcsc,1-14,-0.11335483618411774,87,-0.11322089739296207,MAP_PMU,17,0.00013393879115566887
1,B_svc,2,0.18346427617510463,87,0.18331825945899513,MAP_PMU,17,0.00014601671610950384
2,UPFC_Vsh,5-15,1.1115990537776823,87,1.1054483183736596,MAP_PMU,17,0.006150735404022667
3,UPFC_tsh,5-15,-0.22978655070867587,87,-0.22985985232200498,MAP_PMU,17,7.330161332910756e-05
4,UPFC_Vse,5-15,0.05855123355616319,87,0.06172078957104056,MAP_PMU,17,0.003169556014877367
5,UPFC_tse,5-15,-2.1190331424190654,87,-2.1585402609080546,MAP_PMU,17,0.039507118488989246
0,x_tcsc,1-14,-0.11342621923367903,88,-0.11322089739296207,MAP_PMU,17,0.0002053218407169627
1,B_svc,2,0.18417035167364496,88,0.18331825945899513,MAP_PMU,17,0.0008520922146498244
2,UPFC_Vsh,5-15,1.111396992475596,88,1.1054483183736596,MAP_PMU,17,0.005948674101936335
3,UPFC_tsh,5-15,-0.22973168351892684,88,-0.22985985232200498,MAP_PMU,17,0.0001281688030781436
4,UPFC_Vse,5-15,0.05870758982104373,88,0.06172078957104056,MAP_PMU,17,0.0030131997499968297
5,UPFC_tse,5-15,-2.12418633275438,88,-2.1585402609080546,MAP_PMU,17,0.03435392815367466
0,x_tcsc,1-14,-0.11339580823614304,89,-0.11322089739296207,MAP_PMU,17,0.00017491084318096983
1,B_svc,2,0.18343069422012667,89,0.18331825945899513,MAP_PMU,17,0.00011243476113154127
2,UPFC_Vsh,5-15,1.1112384245611004,89,1.1054483183736596,MAP_PMU,17,0.005790106187440802
3,UPFC_tsh,5-15,-0.2297720466082053,89,-0.22985985232200498,MAP_PMU,17,8.780571379968238e-05
4,UPFC_Vse,5-15,0.05896133216403896,89,0.06172078957104056,MAP_PMU,17,0.002759457407001599
5,UPFC_tse,5-15,-2.1242656914313747,89,-2.1585402609080546,MAP_PMU,17,0.03427456947667995
0,x_tcsc,1-14,-0.11338260502155571,90,-0.11322089739296207,MAP_PMU,17,0.0001617076285936464
1,B_svc,2,0.1831957777068868,90,0.18331825945899513,MAP_PMU,17,0.00012248175210832768
2,UPFC_Vsh,5-15,1.1113489474333829,90,1.1054483183736596,MAP_PMU,17,0.005900629059723217
3,UPFC_tsh,5-15,-0.22979984609861953,90,-0.22985985232200498,MAP_PMU,17,6.0006223385450363e-05
4,UPFC_Vse,5-15,0.058999788967727486,90,0.06172078957104056,MAP_PMU,17,0.0027210006033130743
5,UPFC_tse,5-15,-2.1111691062011504,90,-2.1585402609080546,MAP_PMU,17,0.04737115470690423
0,x_tcsc,1-14,-0.11339605040938412,91,-0.11322089739296207,MAP_PMU,17,0.0001751530164220555
1,B_svc,2,0.1834426059850293,91,0.18331825945899513,MAP_PMU,17,0.00012434652603415808
2,UPFC_Vsh,5-15,1.1113438041498302,91,1.1054483183736596,MAP_PMU,17,0.005895485776170606
3,UPFC_tsh,5-15,-0.22984502660325346,91,-0.22985985232200498,MAP_PMU,17,1.4825718751526606e-05
4,UPFC_Vse,5-15,0.05907274318698872,91,0.06172078957104056,MAP_PMU,17,0.00264804638405184
5,UPFC_tse,5-15,-2.1426473981392284,91,-2.1585402609080546,MAP_PMU,17,0.015892862768826177
0,x_tcsc,1-14,-0.11337591763753214,92,-0.11322089739296207,MAP_PMU,17,0.00015502024457007824
1,B_svc,2,0.18340240621065337,92,0.18331825945899513,MAP_PMU,17,8.414675165824281e-05
2,UPFC_Vsh,5-15,1.111236781861967,92,1.1054483183736596,MAP_PMU,17,0.005788463488307416
3,UPFC_tsh,5-15,-0.2297878002716285,92,-0.22985985232200498,MAP_PMU,17,7.205205037646989e-05
4,UPFC_Vse,5-15,0.05963726146883634,92,0.06172078957104056,MAP_PMU,17,0.0020835281022042185
5,UPFC_tse,5-15,-2.117714511769738,92,-2.1585402609080546,MAP_PMU,17,0.0408257491383166
0,x_tcsc,1-14,-0.11339103807383438,93,-0.11322089739296207,MAP_PMU,17,0.00017014068087231604
1,B_svc,2,0.18316530254195826,93,0.18331825945899513,MAP_PMU,17,0.00015295691703687275
2,UPFC_Vsh,5-15,1.11115894094238,93,1.1054483183736596,MAP_PMU,17,0.005710622568720458
3,UPFC_tsh,5-15,-0.2297023250493891,93,-0.22985985232200498,MAP_PMU,17,0.00015752727261589272
4,UPFC_Vse,5-15,0.05961424354093025,93,0.06172078957104056,MAP_PMU,17,0.002106546030110311
5,UPFC_tse,5-15,-2.122999475911238,93,-2.1585402609080546,MAP_PMU,17,0.035540784996816566
0,x_tcsc,1-14,-0.1133529397826495,94,-0.11322089739296207,MAP_PMU,17,0.00013204238968743398
1,B_svc,2,0.1830841612645831,94,0.18331825945899513,MAP_PMU,17,0.00023409819441203017
2,UPFC_Vsh,5-15,1.1115102975544735,94,1.1054483183736596,MAP_PMU,17,0.006061979180813859
3,UPFC_tsh,5-15,-0.22972201008358847,94,-0.22985985232200498,MAP_PMU,17,0.0001378422384165079
4,UPFC_Vse,5-15,0.05853308110225689,94,0.06172078957104056,MAP_PMU,17,0.003187708468783669
5,UPFC_tse,5-15,-2.134262708272323,94,-2.1585402609080546,MAP_PMU,17,0.024277552635731503
0,x_tcsc,1-14,-0.11342974838523144,95,-0.11322089739296207,MAP_PMU,17,0.00020885099226937431
1,B_svc,2,0.1835474183331455,95,0.18331825945899513,MAP_PMU,17,0.00022915887415037028
2,UPFC_Vsh,5-15,1.1117787006834323,95,1.1054483183736596,MAP_PMU,17,0.006330382309772675
3,UPFC_tsh,5-15,-0.2297863738695974,95,-0.22985985232200498,MAP_PMU,17,7.347845240757156e-05
4,UPFC_Vse,5-15,0.05943276096152367,95,0.06172078957104056,MAP_PMU,17,0.002288028609516893
5,UPFC_tse,5-15,-2.1238781673015055,95,-2.1585402609080546,MAP_PMU,17,0.03466209360654915
0,x_tcsc,1-14,-0.11331261032230618,96,-0.11322089739296207,MAP_PMU,17,9.171292934410935e-05
1,B_svc,2,0.1827588936251811,96,0.18331825945899513,MAP_PMU,17,0.0005593658338140239
2,UPFC_Vsh,5-15,1.111590688679275,96,1.1054483183736596,MAP_PMU,17,0.0061423703056153744
3,UPFC_tsh,5-15,-0.22979403861651163,96,-0.22985985232200498,MAP_PMU,17,6.581370549335608e-05
4,UPFC_Vse,5-15,0.05833711017625643,96,0.06172078957104056,MAP_PMU,17,0.0033836793947841295
5,UPFC_tse,5-15,-2.1333548745402937,96,-2.1585402609080546,MAP_PMU,17,0.02518538636776091
0,x_tcsc,1-14,-0.1133542959386977,97,-0.11322089739296207,MAP_PMU,17,0.00013339854573563015
1,B_svc,2,0.18365947807656358,97,0.18331825945899513,MAP_PMU,17,0.00034121861756844507
2,UPFC_Vsh,5-15,1.1118537938981923,97,1.1054483183736596,MAP_PMU,17,0.006405475524532633
3,UPFC_tsh,5-15,-0.22972929030019734,97,-0.22985985232200498,MAP_PMU,17,0.00013056202180763976
4,UPFC_Vse,5-15,0.059054539235298964,97,0.06172078957104056,MAP_PMU,17,0.002666250335741596
5,UPFC_tse,5-15,-2.120957664847908,97,-2.1585402609080546,MAP_PMU,17,0.03758259606014658
0,x_tcsc,1-14,-0.11336801452912315,98,-0.11322089739296207,MAP_PMU,17,0.00014711713616108457
1,B_svc,2,0.1834049005593949,98,0.18331825945899513,MAP_PMU,17,8.664110039977024e-05
2,UPFC_Vsh,5-15,1.1114890371078232,98,1.1054483183736596,MAP_PMU,17,0.006040718734163564
3,UPFC_tsh,5-15,-0.22974084483818166,98,-0.22985985232200498,MAP_PMU,17,0.00011900748382331905
4,UPFC_Vse,5-15,0.058957949679330525,98,0.06172078957104056,MAP_PMU,17,0.0027628398917100352
5,UPFC_tse,5-15,-2.117029059782357,98,-2.1585402609080546,MAP_PMU,17,0.04151120112569773
0,x_tcsc,1-14,-0.11335230144730422,99,-0.11322089739296207,MAP_PMU,17,0.0001314040543421574
1,B_svc,2,0.18381955101076644,99,0.18331825945899513,MAP_PMU,17,0.0005012915517713101
2,UPFC_Vsh,5-15,1.1117798188280563,99,1.1054483183736596,MAP_PMU,17,0.006331500454396677
3,UPFC_tsh,5-15,-0.2297378641821024,99,-0.22985985232200498,MAP_PMU,17,0.00012198813990257906
4,UPFC_Vse,5-15,0.059287094751398484,99,0.06172078957104056,MAP_PMU,17,0.0024336948196420766
5,UPFC_tse,5-15,-2.1170667637952,99,-2.1585402609080546,MAP_PMU,17,0.04147349711285475
0,x_tcsc,1-14,-0.11373273914498802,0,-0.11354314416308604,MAP_PMU,19,0.00018959498190197765
1,B_svc,2,0.18304591096845624,0,0.18328693294864615,MAP_PMU,19,0.0002410219801899094
2,UPFC_Vsh,5-15,1.1114799120105354,0,1.1043156118880415,MAP_PMU,19,0.007164300122493916
3,UPFC_tsh,5-15,-0.22898377703738065,0,-0.2291201076256457,MAP_PMU,19,0.00013633058826503786
4,UPFC_Vse,5-15,0.05913248059549486,0,0.06277882033515635,MAP_PMU,19,0.0036463397396614833
5,UPFC_tse,5-15,-2.1263680957698794,0,-2.1680451844362034,MAP_PMU,19,0.041677088666324025
0,x_tcsc,1-14,-0.11367148012528594,1,-0.11354314416308604,MAP_PMU,19,0.0001283359621998964
1,B_svc,2,0.18371428926825717,1,0.18328693294864615,MAP_PMU,19,0.00042735631961102194
2,UPFC_Vsh,5-15,1.111012576447441,1,1.1043156118880415,MAP_PMU,19,0.006696964559399499
3,UPFC_tsh,5-15,-0.22899028414465078,1,-0.2291201076256457,MAP_PMU,19,0.0001298234809949117
4,UPFC_Vse,5-15,0.0593214917977193,1,0.06277882033515635,MAP_PMU,19,0.003457328537437049
5,UPFC_tse,5-15,-2.1252668076862973,1,-2.1680451844362034,MAP_PMU,19,0.042778376749906144
0,x_tcsc,1-14,-0.11377810048108061,2,-0.11354314416308604,MAP_PMU,19,0.00023495631799456962
1,B_svc,2,0.18363056453105958,2,0.18328693294864615,MAP_PMU,19,0.00034363158241343394
2,UPFC_Vsh,5-15,1.111378415880854,2,1.1043156118880415,MAP_PMU,19,0.00706280399281245
3,UPFC_tsh,5-15,-0.2289407150170916,2,-0.2291201076256457,MAP_PMU,19,0.00017939260855409644
4,UPFC_Vse,5-15,0.059102346471240824,2,0.06277882033515635,MAP_PMU,19,0.003676473863915522
5,UPFC_tse,5-15,-2.120556033492645,2,-2.1680451844362034,MAP_PMU,19,0.04748915094355821
0,x_tcsc,1-14,-0.11373132796211632,3,-0.11354314416308604,MAP_PMU,19,0.00018818379903028093
1,B_svc,2,0.18277581174473798,3,0.18328693294864615,MAP_PMU,19,0.0005111212039081714
2,UPFC_Vsh,5-15,1.1114065944854825,3,1.1043156118880415,MAP_PMU,19,0.007090982597441009
3,UPFC_tsh,5-15,-0.22900779987541725,3,-0.2291201076256457,MAP_PMU,19,0.00011230775022844086
4,UPFC_Vse,5-15,0.0590766946962007,3,0.06277882033515635,MAP_PMU,19,0.003702125638955646
5,UPFC_tse,5-15,-2.1179098371624203,3,-2.1680451844362034,MAP_PMU,19,0.050135347273783104
0,x_tcsc,1-14,-0.11375971550370748,4,-0.11354314416308604,MAP_PMU,19,0.00021657134062143257
1,B_svc,2,0.1837596381662228,4,0.18328693294864615,MAP_PMU,19,0.0004727052175766411
2,UPFC_Vsh,5-15,1.1114552142403846,4,1.1043156118880415,MAP_PMU,19,0.007139602352343122
3,UPFC_tsh,5-15,-0.22900134703659486,4,-0.2291201076256457,MAP_PMU,19,0.00011876058905083142
4,UPFC_Vse,5-15,0.059433247727689376,4,0.06277882033515635,MAP_PMU,19,0.0033455726074669706
5,UPFC_tse,5-15,-2.1271669989114166,4,-2.1680451844362034,MAP_PMU,19,0.040878185524786836
0,x_tcsc,1-14,-0.11370093945642652,5,-0.11354314416308604,MAP_PMU,19,0.00015779529334047915
1,B_svc,2,0.18333341689919566,5,0.18328693294864615,MAP_PMU,19,4.648395054951404e-05
2,UPFC_Vsh,5-15,1.111816786023574,5,1.1043156118880415,MAP_PMU,19,0.007501174135532418
3,UPFC_tsh,5-15,-0.228938278174721,5,-0.2291201076256457,MAP_PMU,19,0.00018182945092468095
4,UPFC_Vse,5-15,0.05916948993962934,5,0.06277882033515635,MAP_PMU,19,0.003609330395527008
5,UPFC_tse,5-15,-2.1157826028031095,5,-2.1680451844362034,MAP_PMU,19,0.05226258163309394
0,x_tcsc,1-14,-0.11375121166991199,6,-0.11354314416308604,MAP_PMU,19,0.00020806750682594854
1,B_svc,2,0.18318120045426364,6,0.18328693294864615,MAP_PMU,19,0.00010573249438250443
2,UPFC_Vsh,5-15,1.1118244743143386,6,1.1043156118880415,MAP_PMU,19,0.007508862426297114
3,UPFC_tsh,5-15,-0.2289674885322661,6,-0.2291201076256457,MAP_PMU,19,0.00015261909337960233
4,UPFC_Vse,5-15,0.059290107380539386,6,0.06277882033515635,MAP_PMU,19,0.00348871295461696
5,UPFC_tse,5-15,-2.1097871880073242,6,-2.1680451844362034,MAP_PMU,19,0.05825799642887919
0,x_tcsc,1-14,-0.11373989231591929,7,-0.11354314416308604,MAP_PMU,19,0.00019674815283324265
1,B_svc,2,0.18371462136296637,7,0.18328693294864615,MAP_PMU,19,0.0004276884143202264
2,UPFC_Vsh,5-15,1.1112927436688702,7,1.1043156118880415,MAP_PMU,19,0.006977131780828705
3,UPFC_tsh,5-15,-0.22904090556497,7,-0.2291201076256457,MAP_PMU,19,7.920206067568714e-05
4,UPFC_Vse,5-15,0.05909033394451506,7,0.06277882033515635,MAP_PMU,19,0.003688486390641288
5,UPFC_tse,5-15,-2.132867640107933,7,-2.1680451844362034,MAP_PMU,19,0.03517754432827047
0,x_tcsc,1-14,-0.11379005453709257,8,-0.11354314416308604,MAP_PMU,19,0.00024691037400652316
1,B_svc,2,0.18339281721397271,8,0.18328693294864615,MAP_PMU,19,0.0001058842653265668
2,UPFC_Vsh,5-15,1.1115562585550651,8,1.1043156118880415,MAP_PMU,19,0.00724064666702362
3,UPFC_tsh,5-15,-0.22901461627142064,8,-0.2291201076256457,MAP_PMU,19,0.00010549135422505129
4,UPFC_Vse,5-15,0.05925910872343295,8,0.06277882033515635,MAP_PMU,19,0.003519711611723396
5,UPFC_tse,5-15,-2.1249371236910015,8,-2.1680451844362034,MAP_PMU,19,0.043108060745201904
0,x_tcsc,1-14,-0.11371501544497573,9,-0.11354314416308604,MAP_PMU,19,0.00017187128188968226
1,B_svc,2,0.18339609239210886,9,0.18328693294864615,MAP_PMU,19,0.00010915944346270856
2,UPFC_Vsh,5-15,1.1116780323523419,9,1.1043156118880415,MAP_PMU,19,0.007362420464300357
3,UPFC_tsh,5-15,-0.2289218713879516,9,-0.2291201076256457,MAP_PMU,19,0.00019823623769410492
4,UPFC_Vse,5-15,0.05944002557463516,9,0.06277882033515635,MAP_PMU,19,0.003338794760521187
5,UPFC_tse,5-15,-2.1237687933052967,9,-2.1680451844362034,MAP_PMU,19,0.044276391130906756
0,x_tcsc,1-14,-0.1136678484911254,10,-0.11354314416308604,MAP_PMU,19,0.00012470432803936282
1,B_svc,2,0.1832688797368531,10,0.18328693294864615,MAP_PMU,19,1.805321179304542e-05
2,UPFC_Vsh,5-15,1.1113448831133663,10,1.1043156118880415,MAP_PMU,19,0.007029271225324818
3,UPFC_tsh,5-15,-0.22892618857816924,10,-0.2291201076256457,MAP_PMU,19,0.00019391904747645405
4,UPFC_Vse,5-15,0.05863054068431677,10,0.06277882033515635,MAP_PMU,19,0.0041482796508395745
5,UPFC_tse,5-15,-2.1097458328928695,10,-2.1680451844362034,MAP_PMU,19,0.05829935154333388
0,x_tcsc,1-14,-0.11374354584670518,11,-0.11354314416308604,MAP_PMU,19,0.00020040168361913635
1,B_svc,2,0.18340631517492642,11,0.18328693294864615,MAP_PMU,19,0.00011938222628027351
2,UPFC_Vsh,5-15,1.111568556759475,11,1.1043156118880415,MAP_PMU,19,0.007252944871433575
3,UPFC_tsh,5-15,-0.2289776169968261,11,-0.2291201076256457,MAP_PMU,19,0.00014249062881960262
4,UPFC_Vse,5-15,0.058694094394010486,11,0.06277882033515635,MAP_PMU,19,0.00408472594114586
5,UPFC_tse,5-15,-2.118610646657967,11,-2.1680451844362034,MAP_PMU,19,0.049434537778236365
0,x_tcsc,1-14,-0.11372081870099188,12,-0.11354314416308604,MAP_PMU,19,0.00017767453790583365
1,B_svc,2,0.18317536711922364,12,0.18328693294864615,MAP_PMU,19,0.00011156582942251081
2,UPFC_Vsh,5-15,1.1118188145254748,12,1.1043156118880415,MAP_PMU,19,0.007503202637433315
3,UPFC_tsh,5-15,-0.22897244471240993,12,-0.2291201076256457,MAP_PMU,19,0.00014766291323575764
4,UPFC_Vse,5-15,0.058941731598948874,12,0.06277882033515635,MAP_PMU,19,0.0038370887362074724
5,UPFC_tse,5-15,-2.1162339624508753,12,-2.1680451844362034,MAP_PMU,19,0.05181122198532817
0,x_tcsc,1-14,-0.11375998113365646,13,-0.11354314416308604,MAP_PMU,19,0.00021683697057041373
1,B_svc,2,0.1832431509606695,13,0.18328693294864615,MAP_PMU,19,4.378198797663768e-05
2,UPFC_Vsh,5-15,1.1111427798571887,13,1.1043156118880415,MAP_PMU,19,0.006827167969147174
3,UPFC_tsh,5-15,-0.22908595261948847,13,-0.2291201076256457,MAP_PMU,19,3.415500615722156e-05
4,UPFC_Vse,5-15,0.05910029860210041,13,0.06277882033515635,MAP_PMU,19,0.0036785217330559394
5,UPFC_tse,5-15,-2.1273439358760413,13,-2.1680451844362034,MAP_PMU,19,0.04070124856016211
0,x_tcsc,1-14,-0.11374358249832833,14,-0.11354314416308604,MAP_PMU,19,0.0002004383352422895
1,B_svc,2,0.18321131179744918,14,0.18328693294864615,MAP_PMU,19,7.562115119696955e-05
2,UPFC_Vsh,5-15,1.111622718649774,14,1.1043156118880415,MAP_PMU,19,0.007307106761732518
3,UPFC_tsh,5-15,-0.22898836504960482,14,-0.2291201076256457,MAP_PMU,19,0.00013174257604087192
4,UPFC_Vse,5-15,0.059238076493028535,14,0.06277882033515635,MAP_PMU,19,0.003540743842127811
5,UPFC_tse,5-15,-2.1307979743568746,14,-2.1680451844362034,MAP_PMU,19,0.03724721007932885
0,x_tcsc,1-14,-0.11369605210096208,15,-0.11354314416308604,MAP_PMU,19,0.00015290793787603452
1,B_svc,2,0.18284029681257122,15,0.18328693294864615,MAP_PMU,19,0.00044663613607492936
2,UPFC_Vsh,5-15,1.1115030814778002,15,1.1043156118880415,MAP_PMU,19,0.007187469589758688
3,UPFC_tsh,5-15,-0.22892146221685916,15,-0.2291201076256457,MAP_PMU,19,0.0001986454087865297
4,UPFC_Vse,5-15,0.059489171905980416,15,0.06277882033515635,MAP_PMU,19,0.00328964842917593
5,UPFC_tse,5-15,-2.1138017049484805,15,-2.1680451844362034,MAP_PMU,19,0.0542434794877229
0,x_tcsc,1-14,-0.11377731308872675,16,-0.11354314416308604,MAP_PMU,19,0.0002341689256407098
1,B_svc,2,0.18319592622707387,16,0.18328693294864615,MAP_PMU,19,9.100672157227874e-05
2,UPFC_Vsh,5-15,1.1112696072537411,16,1.1043156118880415,MAP_PMU,19,0.006953995365699628
3,UPFC_tsh,5-15,-0.22904750635985893,16,-0.2291201076256457,MAP_PMU,19,7.260126578675918e-05
4,UPFC_Vse,5-15,0.05961226300119762,16,0.06277882033515635,MAP_PMU,19,0.003166557333958729
5,UPFC_tse,5-15,-2.114137747606542,16,-2.1680451844362034,MAP_PMU,19,0.05390743682966148
0,x_tcsc,1-14,-0.11360400563439522,17,-0.11354314416308604,MAP_PMU,19,6.0861471309181514e-05
1,B_svc,2,0.1833153470688454,17,0.18328693294864615,MAP_PMU,19,2.841412019924383e-05
2,UPFC_Vsh,5-15,1.1115038772874986,17,1.1043156118880415,MAP_PMU,19,0.00718826539945705
3,UPFC_tsh,5-15,-0.22906573184011786,17,-0.2291201076256457,MAP_PMU,19,5.437578552783262e-05
4,UPFC_Vse,5-15,0.05901505212279575,17,0.06277882033515635,MAP_PMU,19,0.003763768212360595
5,UPFC_tse,5-15,-2.1334493056597412,17,-2.1680451844362034,MAP_PMU,19,0.0345958787764622
0,x_tcsc,1-14,-0.11374558138234896,18,-0.11354314416308604,MAP_PMU,19,0.00020243721926291314
1,B_svc,2,0.18323441832378443,18,0.18328693294864615,MAP_PMU,19,5.2514624861721426e-05
2,UPFC_Vsh,5-15,1.1114983371426301,18,1.1043156118880415,MAP_PMU,19,0.007182725254588629
3,UPFC_tsh,5-15,-0.22903656514778936,18,-0.2291201076256457,MAP_PMU,19,8.354247785632984e-05
4,UPFC_Vse,5-15,0.05965845562712899,18,0.06277882033515635,MAP_PMU,19,0.0031203647080273594
5,UPFC_tse,5-15,-2.1276234286423894,18,-2.1680451844362034,MAP_PMU,19,0.04042175579381402
0,x_tcsc,1-14,-0.11370862572144687,19,-0.11354314416308604,MAP_PMU,19,0.0001654815583608249
1,B_svc,2,0.1836628022730352,19,0.18328693294864615,MAP_PMU,19,0.0003758693243890443
2,UPFC_Vsh,5-15,1.1114406938370027,19,1.1043156118880415,MAP_PMU,19,0.0071250819489612205
3,UPFC_tsh,5-15,-0.22899684480176336,19,-0.2291201076256457,MAP_PMU,19,0.00012326282388233634
4,UPFC_Vse,5-15,0.059119455020244745,19,0.06277882033515635,MAP_PMU,19,0.0036593653149116015
5,UPFC_tse,5-15,-2.11915663228242,19,-2.1680451844362034,MAP_PMU,19,0.048888552153783404
0,x_tcsc,1-14,-0.11372854172291204,20,-0.11354314416308604,MAP_PMU,19,0.00018539755982599493
1,B_svc,2,0.18303482045519676,20,0.18328693294864615,MAP_PMU,19,0.00025211249344939124
2,UPFC_Vsh,5-15,1.1115801562777619,20,1.1043156118880415,MAP_PMU,19,0.007264544389720351
3,UPFC_tsh,5-15,-0.22896314910991544,20,-0.2291201076256457,MAP_PMU,19,0.00015695851573024888
4,UPFC_Vse,5-15,0.05901019312084747,20,0.06277882033515635,MAP_PMU,19,0.003768627214308873
5,UPFC_tse,5-15,-2.1110243824019754,20,-2.1680451844362034,MAP_PMU,19,0.05702080203422799
0,x_tcsc,1-14,-0.11380782603373714,21,-0.11354314416308604,MAP_PMU,19,0.0002646818706510956
1,B_svc,2,0.18379910040116149,21,0.18328693294864615,MAP_PMU,19,0.0005121674525153386
2,UPFC_Vsh,5-15,1.1113601482720965,21,1.1043156118880415,MAP_PMU,19,0.007044536384055
3,UPFC_tsh,5-15,-0.22910349692799764,21,-0.2291201076256457,MAP_PMU,19,1.6610697648050676e-05
4,UPFC_Vse,5-15,0.05995903400602894,21,0.06277882033515635,MAP_PMU,19,0.0028197863291274036
5,UPFC_tse,5-15,-2.1347123052613597,21,-2.1680451844362034,MAP_PMU,19,0.03333287917484373
0,x_tcsc,1-14,-0.1136923455413651,22,-0.11354314416308604,MAP_PMU,19,0.00014920137827906244
1,B_svc,2,0.1837852599630545,22,0.18328693294864615,MAP_PMU,19,0.0004983270144083563
2,UPFC_Vsh,5-15,1.1113874394726515,22,1.1043156118880415,MAP_PMU,19,0.007071827584610002
3,UPFC_tsh,5-15,-0.22905402885894696,22,-0.2291201076256457,MAP_PMU,19,6.607876669872947e-05
4,UPFC_Vse,5-15,0.059603444454958146,22,0.06277882033515635,MAP_PMU,19,0.0031753758801982
5,UPFC_tse,5-15,-2.126714638287078,22,-2.1680451844362034,MAP_PMU,19,0.04133054614912535
0,x_tcsc,1-14,-0.11360180020289774,23,-0.11354314416308604,MAP_PMU,19,5.8656039811699756e-05
1,B_svc,2,0.1833946312092833,23,0.18328693294864615,MAP_PMU,19,0.00010769826063714016
2,UPFC_Vsh,5-15,1.1115861094402228,23,1.1043156118880415,MAP_PMU,19,0.007270497552181343
3,UPFC_tsh,5-15,-0.228955058982103,23,-0.2291201076256457,MAP_PMU,19,0.00016504864354269233
4,UPFC_Vse,5-15,0.059232666227740816,23,0.06277882033515635,MAP_PMU,19,0.0035461541074155306
5,UPFC_tse,5-15,-2.1092901647097633,23,-2.1680451844362034,MAP_PMU,19,0.05875501972644015
0,x_tcsc,1-14,-0.11375043011254993,24,-0.11354314416308604,MAP_PMU,19,0.000207285949463884
1,B_svc,2,0.18315324419205148,24,0.18328693294864615,MAP_PMU,19,0.00013368875659466872
2,UPFC_Vsh,5-15,1.1117765268707063,24,1.1043156118880415,MAP_PMU,19,0.007460914982664768
3,UPFC_tsh,5-15,-0.22904019913152934,24,-0.2291201076256457,MAP_PMU,19,7.99084941163486e-05
4,UPFC_Vse,5-15,0.05902677977907663,24,0.06277882033515635,MAP_PMU,19,0.003752040556079715
5,UPFC_tse,5-15,-2.135336987919551,24,-2.1680451844362034,MAP_PMU,19,0.032708196516652244
0,x_tcsc,1-14,-0.11388755482086906,25,-0.11354314416308604,MAP_PMU,19,0.00034441065778301194
1,B_svc,2,0.18362237569568546,25,0.18328693294864615,MAP_PMU,19,0.00033544274703931065
2,UPFC_Vsh,5-15,1.111728749224039,25,1.1043156118880415,MAP_PMU,19,0.007413137335997577
3,UPFC_tsh,5-15,-0.22894710852226569,25,-0.2291201076256457,MAP_PMU,19,0.00017299910338000601
4,UPFC_Vse,5-15,0.05877431462234579,25,0.06277882033515635,MAP_PMU,19,0.004004505712810559
5,UPFC_tse,5-15,-2.1141645716405444,25,-2.1680451844362034,MAP_PMU,19,0.05388061279565903
0,x_tcsc,1-14,-0.11373795249126724,26,-0.11354314416308604,MAP_PMU,19,0.0001948083281811952
1,B_svc,2,0.18362753380657781,26,0.18328693294864615,MAP_PMU,19,0.0003406008579316666
2,UPFC_Vsh,5-15,1.1115786757586246,26,1.1043156118880415,MAP_PMU,19,0.007263063870583064
3,UPFC_tsh,5-15,-0.22891815705365004,26,-0.2291201076256457,MAP_PMU,19,0.00020195057199565158
4,UPFC_Vse,5-15,0.059070098143863894,26,0.06277882033515635,MAP_PMU,19,0.0037087221912924517
5,UPFC_tse,5-15,-2.1204022860050507,26,-2.1680451844362034,MAP_PMU,19,0.04764289843115277
0,x_tcsc,1-14,-0.11370516697052979,27,-0.11354314416308604,MAP_PMU,19,0.00016202280744374853
1,B_svc,2,0.1831774004994625,27,0.18328693294864615,MAP_PMU,19,0.00010953244918365801
2,UPFC_Vsh,5-15,1.1116893195595041,27,1.1043156118880415,MAP_PMU,19,0.007373707671462615
3,UPFC_tsh,5-15,-0.2289677925271777,27,-0.2291201076256457,MAP_PMU,19,0.00015231509846799773
4,UPFC_Vse,5-15,0.05902908706980317,27,0.06277882033515635,MAP_PMU,19,0.003749733265353175
5,UPFC_tse,5-15,-2.1215322574793323,27,-2.1680451844362034,MAP_PMU,19,0.04651292695687115
0,x_tcsc,1-14,-0.1137354739721931,28,-0.11354314416308604,MAP_PMU,19,0.00019232980910705022
1,B_svc,2,0.1837549636138723,28,0.18328693294864615,MAP_PMU,19,0.0004680306652261601
2,UPFC_Vsh,5-15,1.1116443349050096,28,1.1043156118880415,MAP_PMU,19,0.007328723016968075
3,UPFC_tsh,5-15,-0.2290091329839716,28,-0.2291201076256457,MAP_PMU,19,0.00011097464167408866
4,UPFC_Vse,5-15,0.05977154037837914,28,0.06277882033515635,MAP_PMU,19,0.0030072799567772077
5,UPFC_tse,5-15,-2.1264568792193224,28,-2.1680451844362034,MAP_PMU,19,0.04158830521688106
0,x_tcsc,1-14,-0.11375771337396824,29,-0.11354314416308604,MAP_PMU,19,0.00021456921088219838
1,B_svc,2,0.184062847406912,29,0.18328693294864615,MAP_PMU,19,0.0007759144582658584
2,UPFC_Vsh,5-15,1.1115542102336633,29,1.1043156118880415,MAP_PMU,19,0.007238598345621794
3,UPFC_tsh,5-15,-0.22900800430355342,29,-0.2291201076256457,MAP_PMU,19,0.0001121033220922718
4,UPFC_Vse,5-15,0.05925617220827279,29,0.06277882033515635,MAP_PMU,19,0.0035226481268835555
5,UPFC_tse,5-15,-2.1156689604792183,29,-2.1680451844362034,MAP_PMU,19,0.05237622395698516
0,x_tcsc,1-14,-0.11366182918175655,30,-0.11354314416308604,MAP_PMU,19,0.00011868501867050296
1,B_svc,2,0.18349101743844307,30,0.18328693294864615,MAP_PMU,19,0.0002040844897969185
2,UPFC_Vsh,5-15,1.1117988437230029,30,1.1043156118880415,MAP_PMU,19,0.007483231834961357
3,UPFC_tsh,5-15,-0.22899612988868245,30,-0.2291201076256457,MAP_PMU,19,0.00012397773696323777
4,UPFC_Vse,5-15,0.0599699994125125,30,0.06277882033515635,MAP_PMU,19,0.002808820922643847
5,UPFC_tse,5-15,-2.125372643865844,30,-2.1680451844362034,MAP_PMU,19,0.04267254057035963
0,x_tcsc,1-14,-0.11377882637200627,31,-0.11354314416308604,MAP_PMU,19,0.00023568220892022929
1,B_svc,2,0.18365706919502217,31,0.18328693294864615,MAP_PMU,19,0.0003701362463760238
2,UPFC_Vsh,5-15,1.1112569354828146,31,1.1043156118880415,MAP_PMU,19,0.006941323594773063
3,UPFC_tsh,5-15,-0.22904573470300166,31,-0.2291201076256457,MAP_PMU,19,7.437292264403372e-05
4,UPFC_Vse,5-15,0.05918184902353869,31,0.06277882033515635,MAP_PMU,19,0.0035969713116176597
5,UPFC_tse,5-15,-2.1294538672562404,31,-2.1680451844362034,MAP_PMU,19,0.038591317179963
0,x_tcsc,1-14,-0.11375560833064635,32,-0.11354314416308604,MAP_PMU,19,0.0002124641675603084
1,B_svc,2,0.18384635784044864,32,0.18328693294864615,MAP_PMU,19,0.0005594248918024958
2,UPFC_Vsh,5-15,1.1117996610263332,32,1.1043156118880415,MAP_PMU,19,0.007484049138291704
3,UPFC_tsh,5-15,-0.22891378119026143,32,-0.2291201076256457,MAP_PMU,19,0.0002063264353842631
4,UPFC_Vse,5-15,0.0586804692589561,32,0.06277882033515635,MAP_PMU,19,0.004098351076200248
5,UPFC_tse,5-15,-2.117307876645286,32,-2.1680451844362034,MAP_PMU,19,0.05073730779091745
0,x_tcsc,1-14,-0.11372234510728299,33,-0.11354314416308604,MAP_PMU,19,0.0001792009441969472
1,B_svc,2,0.18339563020911787,33,0.18328693294864615,MAP_PMU,19,0.00010869726047171846
2,UPFC_Vsh,5-15,1.1113262791163754,33,1.1043156118880415,MAP_PMU,19,0.007010667228333878
3,UPFC_tsh,5-15,-0.22901631348598372,33,-0.2291201076256457,MAP_PMU,19,0.00010379413966196682
4,UPFC_Vse,5-15,0.05902397792288344,33,0.06277882033515635,MAP_PMU,19,0.0037548424122729046
5,UPFC_tse,5-15,-2.1254108854041145,33,-2.1680451844362034,MAP_PMU,19,0.04263429903208893
0,x_tcsc,1-14,-0.11379424848776161,34,-0.11354314416308604,MAP_PMU,19,0.0002511043246755662
1,B_svc,2,0.18324365090133538,34,0.18328693294864615,MAP_PMU,19,4.328204731077201e-05
2,UPFC_Vsh,5-15,1.1114323299002578,34,1.1043156118880415,MAP_PMU,19,0.00711671801221625
3,UPFC_tsh,5-15,-0.22897012220727492,34,-0.2291201076256457,MAP_PMU,19,0.00014998541837077384
4,UPFC_Vse,5-15,0.059186094184462294,34,0.06277882033515635,MAP_PMU,19,0.003592726150694052
5,UPFC_tse,5-15,-2.122548195508883,34,-2.1680451844362034,MAP_PMU,19,0.04549698892732046
0,x_tcsc,1-14,-0.11375264132281634,35,-0.11354314416308604,MAP_PMU,19,0.00020949715973030136
1,B_svc,2,0.1832959722833054,35,0.18328693294864615,MAP_PMU,19,9.039334659260989e-06
2,UPFC_Vsh,5-15,1.1112730689359922,35,1.1043156118880415,MAP_PMU,19,0.006957457047950699
3,UPFC_tsh,5-15,-0.22905145506228738,35,-0.2291201076256457,MAP_PMU,19,6.865256335830683e-05
4,UPFC_Vse,5-15,0.05950628317142155,35,0.06277882033515635,MAP_PMU,19,0.0032725371637347955
5,UPFC_tse,5-15,-2.125946421577367,35,-2.1680451844362034,MAP_PMU,19,0.04209876285883629
0,x_tcsc,1-14,-0.11373100137002695,36,-0.11354314416308604,MAP_PMU,19,0.00018785720694090846
1,B_svc,2,0.18329531575879346,36,0.18328693294864615,MAP_PMU,19,8.38281014731157e-06
2,UPFC_Vsh,5-15,1.1113062473991193,36,1.1043156118880415,MAP_PMU,19,0.006990635511077814
3,UPFC_tsh,5-15,-0.22904420765440578,36,-0.2291201076256457,MAP_PMU,19,7.589997123991221e-05
4,UPFC_Vse,5-15,0.05942618672801688,36,0.06277882033515635,MAP_PMU,19,0.0033526336071394644
5,UPFC_tse,5-15,-2.1384397606598,36,-2.1680451844362034,MAP_PMU,19,0.029605423776403406
0,x_tcsc,1-14,-0.11378579695136455,37,-0.11354314416308604,MAP_PMU,19,0.0002426527882785079
1,B_svc,2,0.183763510339674,37,0.18328693294864615,MAP_PMU,19,0.0004765773910278548
2,UPFC_Vsh,5-15,1.111560067498982,37,1.1043156118880415,MAP_PMU,19,0.007244455610940559
3,UPFC_tsh,5-15,-0.22893774626404642,37,-0.2291201076256457,MAP_PMU,19,0.0001823613615992703
4,UPFC_Vse,5-15,0.0595175403286684,37,0.06277882033515635,MAP_PMU,19,0.0032612800064879474
5,UPFC_tse,5-15,-2.1258527816720716,37,-2.1680451844362034,MAP_PMU,19,0.04219240276413183
0,x_tcsc,1-14,-0.11375272906664553,38,-0.11354314416308604,MAP_PMU,19,0.0002095849035594899
1,B_svc,2,0.18339973080468697,38,0.18328693294864615,MAP_PMU,19,0.00011279785604081938
2,UPFC_Vsh,5-15,1.1117326293739749,38,1.1043156118880415,MAP_PMU,19,0.007417017485933375
3,UPFC_tsh,5-15,-0.22905011802292274,38,-0.2291201076256457,MAP_PMU,19,6.998960272294741e-05
4,UPFC_Vse,5-15,0.059238353727636923,38,0.06277882033515635,MAP_PMU,19,0.0035404666075194227
5,UPFC_tse,5-15,-2.1254174893134983,38,-2.1680451844362034,MAP_PMU,19,0.042627695122705145
0,x_tcsc,1-14,-0.1137362963848463,39,-0.11354314416308604,MAP_PMU,19,0.00019315222176025104
1,B_svc,2,0.18340049350165788,39,0.18328693294864615,MAP_PMU,19,0.00011356055301173229
2,UPFC_Vsh,5-15,1.1114157490300722,39,1.1043156118880415,MAP_PMU,19,0.007100137142030727
3,UPFC_tsh,5-15,-0.22901937889601642,39,-0.2291201076256457,MAP_PMU,19,0.00010072872962926804
4,UPFC_Vse,5-15,0.05885729895668359,39,0.06277882033515635,MAP_PMU,19,0.003921521378472757
5,UPFC_tse,5-15,-2.1289846269587627,39,-2.1680451844362034,MAP_PMU,19,0.03906055747744075
0,x_tcsc,1-14,-0.11374212089978232,40,-0.11354314416308604,MAP_PMU,19,0.0001989767366962769
1,B_svc,2,0.18394051490559454,40,0.18328693294864615,MAP_PMU,19,0.0006535819569483958
2,UPFC_Vsh,5-15,1.1114212163798025,40,1.1043156118880415,MAP_PMU,19,0.007105604491761008
3,UPFC_tsh,5-15,-0.22906765175809732,40,-0.2291201076256457,MAP_PMU,19,5.245586754837328e-05
4,UPFC_Vse,5-15,0.05942212540579169,40,0.06277882033515635,MAP_PMU,19,0.003356694929364655
5,UPFC_tse,5-15,-2.119513702982749,40,-2.1680451844362034,MAP_PMU,19,0.04853148145345454
0,x_tcsc,1-14,-0.11376904947169728,41,-0.11354314416308604,MAP_PMU,19,0.00022590530861123226
1,B_svc,2,0.18321062804083715,41,0.18328693294864615,MAP_PMU,19,7.63049078089939e-05
2,UPFC_Vsh,5-15,1.1110745591590756,41,1.1043156118880415,MAP_PMU,19,0.006758947271034099
3,UPFC_tsh,5-15,-0.2290533545004148,41,-0.2291201076256457,MAP_PMU,19,6.675312523088395e-05
4,UPFC_Vse,5-15,0.05915171764628609,41,0.06277882033515635,MAP_PMU,19,0.0036271026888702596
5,UPFC_tse,5-15,-2.131048139575867,41,-2.1680451844362034,MAP_PMU,19,0.03699704486033628
0,x_tcsc,1-14,-0.11371400734501716,42,-0.11354314416308604,MAP_PMU,19,0.00017086318193111627
1,B_svc,2,0.18357571972618056,42,0.18328693294864615,MAP_PMU,19,0.00028878677753441107
2,UPFC_Vsh,5-15,1.1112612909483326,42,1.1043156118880415,MAP_PMU,19,0.006945679060291088
3,UPFC_tsh,5-15,-0.229081645090776,42,-0.2291201076256457,MAP_PMU,19,3.84625348696932e-05
4,UPFC_Vse,5-15,0.059415500799642515,42,0.06277882033515635,MAP_PMU,19,0.0033633195355138312
5,UPFC_tse,5-15,-2.14019682543674,42,-2.1680451844362034,MAP_PMU,19,0.027848358999463585
0,x_tcsc,1-14,-0.11366831407236302,43,-0.11354314416308604,MAP_PMU,19,0.00012516990927698146
1,B_svc,2,0.183408837156858,43,0.18328693294864615,MAP_PMU,19,0.00012190420821184267
2,UPFC_Vsh,5-15,1.1112657624573141,43,1.1043156118880415,MAP_PMU,19,0.006950150569272617
3,UPFC_tsh,5-15,-0.2289980386364574,43,-0.2291201076256457,MAP_PMU,19,0.00012206898918828979
4,UPFC_Vse,5-15,0.05928984097597793,43,0.06277882033515635,MAP_PMU,19,0.0034889793591784193
5,UPFC_tse,5-15,-2.120423104861257,43,-2.1680451844362034,MAP_PMU,19,0.04762207957494624
0,x_tcsc,1-14,-0.11376438265311431,44,-0.11354314416308604,MAP_PMU,19,0.00022123849002826657
1,B_svc,2,0.18355077946061887,44,0.18328693294864615,MAP_PMU,19,0.00026384651197272624
2,UPFC_Vsh,5-15,1.1113078460849946,44,1.1043156118880415,MAP_PMU,19,0.006992234196953051
3,UPFC_tsh,5-15,-0.2290478602595809,44,-0.2291201076256457,MAP_PMU,19,7.22473660647871e-05
4,UPFC_Vse,5-15,0.06005683027642324,44,0.06277882033515635,MAP_PMU,19,0.002721990058733109
5,UPFC_tse,5-15,-2.124297346264457,44,-2.1680451844362034,MAP_PMU,19,0.043747838171746434
0,x_tcsc,1-14,-0.11373221749308432,45,-0.11354314416308604,MAP_PMU,19,0.00018907332999827664
1,B_svc,2,0.18347599659496042,45,0.18328693294864615,MAP_PMU,19,0.0001890636463142692
2,UPFC_Vsh,5-15,1.1114499059884906,45,1.1043156118880415,MAP_PMU,19,0.007134294100449079
3,UPFC_tsh,5-15,-0.2290056644000888,45,-0.2291201076256457,MAP_PMU,19,0.00011444322555689834
4,UPFC_Vse,5-15,0.0593319664181092,45,0.06277882033515635,MAP_PMU,19,0.0034468539170471463
5,UPFC_tse,5-15,-2.1256162211019363,45,-2.1680451844362034,MAP_PMU,19,0.042428963334267156
0,x_tcsc,1-14,-0.11374514867949408,46,-0.11354314416308604,MAP_PMU,19,0.00020200451640803307
1,B_svc,2,0.18364716795324518,46,0.18328693294864615,MAP_PMU,19,0.0003602350045990299
2,UPFC_Vsh,5-15,1.1112203925788917,46,1.1043156118880415,MAP_PMU,19,0.00690478069085021
3,UPFC_tsh,5-15,-0.22898739945521926,46,-0.2291201076256457,MAP_PMU,19,0.00013270817042643213
4,UPFC_Vse,5-15,0.058883518580715506,46,0.06277882033515635,MAP_PMU,19,0.00389530175444084
5,UPFC_tse,5-15,-2.1250613973064265,46,-2.1680451844362034,MAP_PMU,19,0.04298378712977691
0,x_tcsc,1-14,-0.11378350417653674,47,-0.11354314416308604,MAP_PMU,19,0.0002403600134506939
1,B_svc,2,0.18326234111989706,47,0.18328693294864615,MAP_PMU,19,2.4591828749087608e-05
2,UPFC_Vsh,5-15,1.1116811218949463,47,1.1043156118880415,MAP_PMU,19,0.007365510006904774
3,UPFC_tsh,5-15,-0.22902233334303415,47,-0.2291201076256457,MAP_PMU,19,9.77742826115402e-05
4,UPFC_Vse,5-15,0.05981248528122155,47,0.06277882033515635,MAP_PMU,19,0.0029663350539347946
5,UPFC_tse,5-15,-2.1286541391582694,47,-2.1680451844362034,MAP_PMU,19,0.03939104527793402
0,x_tcsc,1-14,-0.11376379208827977,48,-0.11354314416308604,MAP_PMU,19,0.00022064792519373155
1,B_svc,2,0.18375906274521883,48,0.18328693294864615,MAP_PMU,19,0.0004721297965726845
2,UPFC_Vsh,5-15,1.1115554527754536,48,1.1043156118880415,MAP_PMU,19,0.007239840887412141
3,UPFC_tsh,5-15,-0.22905555304049002,48,-0.2291201076256457,MAP_PMU,19,6.455458515566836e-05
4,UPFC_Vse,5-15,0.05933089207019643,48,0.06277882033515635,MAP_PMU,19,0.003447928264959918
5,UPFC_tse,5-15,-2.1333469226774717,48,-2.1680451844362034,MAP_PMU,19,0.0346982617587317
0,x_tcsc,1-14,-0.11370667357542083,49,-0.11354314416308604,MAP_PMU,19,0.0001635294123347869
1,B_svc,2,0.18337337222994418,49,0.18328693294864615,MAP_PMU,19,8.643928129803413e-05
2,UPFC_Vsh,5-15,1.1115361115681792,49,1.1043156118880415,MAP_PMU,19,0.007220499680137715
3,UPFC_tsh,5-15,-0.22895608077849186,49,-0.2291201076256457,MAP_PMU,19,0.00016402684715383087
4,UPFC_Vse,5-15,0.059322185478870026,49,0.06277882033515635,MAP_PMU,19,0.0034566348562863197
5,UPFC_tse,5-15,-2.1245907259593273,49,-2.1680451844362034,MAP_PMU,19,0.04345445847687612
0,x_tcsc,1-14,-0.11369312338330073,50,-0.11354314416308604,MAP_PMU,19,0.00014997922021468824
1,B_svc,2,0.1832315596526122,50,0.18328693294864615,MAP_PMU,19,5.537329603394481e-05
2,UPFC_Vsh,5-15,1.1110935278808092,50,1.1043156118880415,MAP_PMU,19,0.006777915992767669
3,UPFC_tsh,5-15,-0.2290659132225074,50,-0.2291201076256457,MAP_PMU,19,5.419440313828017e-05
4,UPFC_Vse,5-15,0.059461074757337716,50,0.06277882033515635,MAP_PMU,19,0.00331774557781863
5,UPFC_tse,5-15,-2.130572481988235,50,-2.1680451844362034,MAP_PMU,19,0.03747270244796841
0,x_tcsc,1-14,-0.11370728392102156,51,-0.11354314416308604,MAP_PMU,19,0.0001641397579355136
1,B_svc,2,0.183728215323901,51,0.18328693294864615,MAP_PMU,19,0.00044128237525484226
2,UPFC_Vsh,5-15,1.1112936049964417,51,1.1043156118880415,MAP_PMU,19,0.006977993108400193
3,UPFC_tsh,5-15,-0.2289954932025921,51,-0.2291201076256457,MAP_PMU,19,0.00012461442305358728
4,UPFC_Vse,5-15,0.059351687495278214,51,0.06277882033515635,MAP_PMU,19,0.0034271328398781317
5,UPFC_tse,5-15,-2.117827464123951,51,-2.1680451844362034,MAP_PMU,19,0.05021772031225247
0,x_tcsc,1-14,-0.11372979123506319,52,-0.11354314416308604,MAP_PMU,19,0.00018664707197714459
1,B_svc,2,0.1835704606153355,52,0.18328693294864615,MAP_PMU,19,0.00028352766668934826
2,UPFC_Vsh,5-15,1.111631758770028,52,1.1043156118880415,MAP_PMU,19,0.007316146881986452
3,UPFC_tsh,5-15,-0.2289818448200668,52,-0.2291201076256457,MAP_PMU,19,0.0001382628055788815
4,UPFC_Vse,5-15,0.05894440853089785,52,0.06277882033515635,MAP_PMU,19,0.003834411804258496
5,UPFC_tse,5-15,-2.120636404636583,52,-2.1680451844362034,MAP_PMU,19,0.047408779799620326
0,x_tcsc,1-14,-0.1137276709531451,53,-0.11354314416308604,MAP_PMU,19,0.00018452679005905026
1,B_svc,2,0.18325246057373626,53,0.18328693294864615,MAP_PMU,19,3.4472374909888526e-05
2,UPFC_Vsh,5-15,1.1114628151545467,53,1.1043156118880415,MAP_PMU,19,0.007147203266505198
3,UPFC_tsh,5-15,-0.22895308521851326,53,-0.2291201076256457,MAP_PMU,19,0.00016702240713242777
4,UPFC_Vse,5-15,0.05882539977285975,53,0.06277882033515635,MAP_PMU,19,0.003953420562296597
5,UPFC_tse,5-15,-2.114709554809978,53,-2.1680451844362034,MAP_PMU,19,0.05333562962622551
0,x_tcsc,1-14,-0.11381234134089044,54,-0.11354314416308604,MAP_PMU,19,0.000269197177804395
1,B_svc,2,0.18410539662906691,54,0.18328693294864615,MAP_PMU,19,0.0008184636804207668
2,UPFC_Vsh,5-15,1.1115548436880058,54,1.1043156118880415,MAP_PMU,19,0.00723923179996433
3,UPFC_tsh,5-15,-0.22903900411914038,54,-0.2291201076256457,MAP_PMU,19,8.110350650530895e-05
4,UPFC_Vse,5-15,0.05887557983179256,54,0.06277882033515635,MAP_PMU,19,0.0039032405033637835
5,UPFC_tse,5-15,-2.128770876155368,54,-2.1680451844362034,MAP_PMU,19,0.039274308280835335
0,x_tcsc,1-14,-0.11383346651464991,55,-0.11354314416308604,MAP_PMU,19,0.0002903223515638709
1,B_svc,2,0.1832321576485395,55,0.18328693294864615,MAP_PMU,19,5.477530010664089e-05
2,UPFC_Vsh,5-15,1.1119485171782317,55,1.1043156118880415,MAP_PMU,19,0.007632905290190228
3,UPFC_tsh,5-15,-0.22892836277529433,55,-0.2291201076256457,MAP_PMU,19,0.00019174485035136635
4,UPFC_Vse,5-15,0.0594472712491586,55,0.06277882033515635,MAP_PMU,19,0.0033315490859977467
5,UPFC_tse,5-15,-2.121509322751258,55,-2.1680451844362034,MAP_PMU,19,0.04653586168494561
0,x_tcsc,1-14,-0.11377483985698755,56,-0.11354314416308604,MAP_PMU,19,0.00023169569390150968
1,B_svc,2,0.183830572674973,56,0.18328693294864615,MAP_PMU,19,0.0005436397263268444
2,UPFC_Vsh,5-15,1.1113096786100625,56,1.1043156118880415,MAP_PMU,19,0.006994066722020964
3,UPFC_tsh,5-15,-0.22899117413400893,56,-0.2291201076256457,MAP_PMU,19,0.00012893349163675683
4,UPFC_Vse,5-15,0.05930309775349416,56,0.06277882033515635,MAP_PMU,19,0.0034757225816621842
5,UPFC_tse,5-15,-2.133976998560429,56,-2.1680451844362034,MAP_PMU,19,0.034068185875774315
0,x_tcsc,1-14,-0.11374913263758019,57,-0.11354314416308604,MAP_PMU,19,0.0002059884744941426
1,B_svc,2,0.1831611574040668,57,0.18328693294864615,MAP_PMU,19,0.00012577554457934847
2,UPFC_Vsh,5-15,1.111323193462914,57,1.1043156118880415,MAP_PMU,19,0.007007581574872468
3,UPFC_tsh,5-15,-0.22904152709871065,57,-0.2291201076256457,MAP_PMU,19,7.858052693504591e-05
4,UPFC_Vse,5-15,0.059536523584799494,57,0.06277882033515635,MAP_PMU,19,0.0032422967503568517
5,UPFC_tse,5-15,-2.1203235217320273,57,-2.1680451844362034,MAP_PMU,19,0.047721662704176104
0,x_tcsc,1-14,-0.11379703186410232,58,-0.11354314416308604,MAP_PMU,19,0.000253887701016281
1,B_svc,2,0.18350757302594758,58,0.18328693294864615,MAP_PMU,19,0.0002206400773014372
2,UPFC_Vsh,5-15,1.1110981656561054,58,1.1043156118880415,MAP_PMU,19,0.006782553768063915
3,UPFC_tsh,5-15,-0.22908271460080615,58,-0.2291201076256457,MAP_PMU,19,3.7393024839543765e-05
4,UPFC_Vse,5-15,0.059069126536940075,58,0.06277882033515635,MAP_PMU,19,0.003709693798216271
5,UPFC_tse,5-15,-2.133716797408471,58,-2.1680451844362034,MAP_PMU,19,0.03432838702773244
0,x_tcsc,1-14,-0.11382065940325134,59,-0.11354314416308604,MAP_PMU,19,0.0002775152401652964
1,B_svc,2,0.18348763538723648,59,0.18328693294864615,MAP_PMU,19,0.00020070243859032777
2,UPFC_Vsh,5-15,1.1114654749101534,59,1.1043156118880415,MAP_PMU,19,0.007149863022111846
3,UPFC_tsh,5-15,-0.229090325381007,59,-0.2291201076256457,MAP_PMU,19,2.978224463870416e-05
4,UPFC_Vse,5-15,0.059845180047018456,59,0.06277882033515635,MAP_PMU,19,0.00293364028813789
5,UPFC_tse,5-15,-2.130167469087856,59,-2.1680451844362034,MAP_PMU,19,0.03787771534834761
0,x_tcsc,1-14,-0.11366826189412803,60,-0.11354314416308604,MAP_PMU,19,0.00012511773104198487
1,B_svc,2,0.18348673426258838,60,0.18328693294864615,MAP_PMU,19,0.00019980131394223277
2,UPFC_Vsh,5-15,1.1115771505576835,60,1.1043156118880415,MAP_PMU,19,0.007261538669641965
3,UPFC_tsh,5-15,-0.22893634021522158,60,-0.2291201076256457,MAP_PMU,19,0.0001837674104241127
4,UPFC_Vse,5-15,0.05948732847505464,60,0.06277882033515635,MAP_PMU,19,0.0032914918601017057
5,UPFC_tse,5-15,-2.129330531752318,60,-2.1680451844362034,MAP_PMU,19,0.0387146526838853
0,x_tcsc,1-14,-0.11370207700028659,61,-0.11354314416308604,MAP_PMU,19,0.00015893283720054552
1,B_svc,2,0.18305379903161445,61,0.18328693294864615,MAP_PMU,19,0.00023313391703169706
2,UPFC_Vsh,5-15,1.1115515358727721,61,1.1043156118880415,MAP_PMU,19,0.007235923984730608
3,UPFC_tsh,5-15,-0.22897176220763638,61,-0.2291201076256457,MAP_PMU,19,0.00014834541800931578
4,UPFC_Vse,5-15,0.05943183148449288,61,0.06277882033515635,MAP_PMU,19,0.0033469888506634654
5,UPFC_tse,5-15,-2.1238483891722963,61,-2.1680451844362034,MAP_PMU,19,0.044196795263907074
0,x_tcsc,1-14,-0.11378412456747766,62,-0.11354314416308604,MAP_PMU,19,0.00024098040439161916
1,B_svc,2,0.18349344555792516,62,0.18328693294864615,MAP_PMU,19,0.00020651260927900816
2,UPFC_Vsh,5-15,1.1114532617646389,62,1.1043156118880415,MAP_PMU,19,0.007137649876597374
3,UPFC_tsh,5-15,-0.2290049024281532,62,-0.2291201076256457,MAP_PMU,19,0.00011520519749250169
4,UPFC_Vse,5-15,0.05942983712193429,62,0.06277882033515635,MAP_PMU,19,0.003348983213222058
5,UPFC_tse,5-15,-2.1154451324159522,62,-2.1680451844362034,MAP_PMU,19,0.0526000520202512
0,x_tcsc,1-14,-0.113644651528866,63,-0.11354314416308604,MAP_PMU,19,0.00010150736577996256
1,B_svc,2,0.1835367002123657,63,0.18328693294864615,MAP_PMU,19,0.00024976726371955804
2,UPFC_Vsh,5-15,1.1114773171685803,63,1.1043156118880415,MAP_PMU,19,0.007161705280538833
3,UPFC_tsh,5-15,-0.22902011498147146,63,-0.2291201076256457,MAP_PMU,19,9.999264417423492e-05
4,UPFC_Vse,5-15,0.05933028076154373,63,0.06277882033515635,MAP_PMU,19,0.003448539573612616
5,UPFC_tse,5-15,-2.120795295354718,63,-2.1680451844362034,MAP_PMU,19,0.04724988908148564
0,x_tcsc,1-14,-0.1138253496412246,64,-0.11354314416308604,MAP_PMU,19,0.00028220547813855024
1,B_svc,2,0.18368956167410327,64,0.18328693294864615,MAP_PMU,19,0.000402628725457127
2,UPFC_Vsh,5-15,1.1115427130664248,64,1.1043156118880415,MAP_PMU,19,0.007227101178383322
3,UPFC_tsh,5-15,-0.2289866382008334,64,-0.2291201076256457,MAP_PMU,19,0.00013346942481229362
4,UPFC_Vse,5-15,0.059544354245305506,64,0.06277882033515635,MAP_PMU,19,0.0032344660898508404
5,UPFC_tse,5-15,-2.1264223291685083,64,-2.1680451844362034,MAP_PMU,19,0.04162285526769516
0,x_tcsc,1-14,-0.11374691616222798,65,-0.11354314416308604,MAP_PMU,19,0.00020377199914194122
1,B_svc,2,0.18326623033121733,65,0.18328693294864615,MAP_PMU,19,2.0702617428813852e-05
2,UPFC_Vsh,5-15,1.1113450292308165,65,1.1043156118880415,MAP_PMU,19,0.007029417342774957
3,UPFC_tsh,5-15,-0.22901660953114591,65,-0.2291201076256457,MAP_PMU,19,0.00010349809449977654
4,UPFC_Vse,5-15,0.0593199537529785,65,0.06277882033515635,MAP_PMU,19,0.0034588665821778455
5,UPFC_tse,5-15,-2.1255144306244103,65,-2.1680451844362034,MAP_PMU,19,0.042530753811793165
0,x_tcsc,1-14,-0.11379620822650288,66,-0.11354314416308604,MAP_PMU,19,0.0002530640634168385
1,B_svc,2,0.1835231688940337,66,0.18328693294864615,MAP_PMU,19,0.00023623594538754733
2,UPFC_Vsh,5-15,1.111702538061524,66,1.1043156118880415,MAP_PMU,19,0.0073869261734824665
3,UPFC_tsh,5-15,-0.22899823991720497,66,-0.2291201076256457,MAP_PMU,19,0.00012186770844072048
4,UPFC_Vse,5-15,0.05965686838850103,66,0.06277882033515635,MAP_PMU,19,0.0031219519466553144
5,UPFC_tse,5-15,-2.1329862587240345,66,-2.1680451844362034,MAP_PMU,19,0.035058925712168953
0,x_tcsc,1-14,-0.11382909935760707,67,-0.11354314416308604,MAP_PMU,19,0.0002859551945210287
1,B_svc,2,0.18303005495919417,67,0.18328693294864615,MAP_PMU,19,0.00025687798945198126
2,UPFC_Vsh,5-15,1.111775442427932,67,1.1043156118880415,MAP_PMU,19,0.007459830539890522
3,UPFC_tsh,5-15,-0.2289514792151877,67,-0.2291201076256457,MAP_PMU,19,0.00016862841045800492
4,UPFC_Vse,5-15,0.059295971783169824,67,0.06277882033515635,MAP_PMU,19,0.0034828485519865227
5,UPFC_tse,5-15,-2.1186598918143553,67,-2.1680451844362034,MAP_PMU,19,0.0493852926218481
0,x_tcsc,1-14,-0.11381143195495819,68,-0.11354314416308604,MAP_PMU,19,0.00026828779187214324
1,B_svc,2,0.18356029855514408,68,0.18328693294864615,MAP_PMU,19,0.00027336560649793284
2,UPFC_Vsh,5-15,1.1116222710764816,68,1.1043156118880415,MAP_PMU,19,0.00730665918844009
3,UPFC_tsh,5-15,-0.22902926419912994,68,-0.2291201076256457,MAP_PMU,19,9.08434265157465e-05
4,UPFC_Vse,5-15,0.05953261597542845,68,0.06277882033515635,MAP_PMU,19,0.003246204359727896
5,UPFC_tse,5-15,-2.128432189985859,68,-2.1680451844362034,MAP_PMU,19,0.039612994450344274
0,x_tcsc,1-14,-0.11372827372963334,69,-0.11354314416308604,MAP_PMU,19,0.00018512956654730128
1,B_svc,2,0.18368565214865673,69,0.18328693294864615,MAP_PMU,19,0.00039871920001058325
2,UPFC_Vsh,5-15,1.1120364975157404,69,1.1043156118880415,MAP_PMU,19,0.0077208856276989035
3,UPFC_tsh,5-15,-0.22892245137263303,69,-0.2291201076256457,MAP_PMU,19,0.00019765625301265688
4,UPFC_Vse,5-15,0.058944105619491594,69,0.06277882033515635,MAP_PMU,19,0.0038347147156647526
5,UPFC_tse,5-15,-2.1056258877405507,69,-2.1680451844362034,MAP_PMU,19,0.062419296695652715
0,x_tcsc,1-14,-0.11372004881347496,70,-0.11354314416308604,MAP_PMU,19,0.0001769046503889149
1,B_svc,2,0.18300716495776712,70,0.18328693294864615,MAP_PMU,19,0.0002797679908790318
2,UPFC_Vsh,5-15,1.1113764762038034,70,1.1043156118880415,MAP_PMU,19,0.007060864315761917
3,UPFC_tsh,5-15,-0.22899377454536182,70,-0.2291201076256457,MAP_PMU,19,0.00012633308028386914
4,UPFC_Vse,5-15,0.059446626797139225,70,0.06277882033515635,MAP_PMU,19,0.003332193538017121
5,UPFC_tse,5-15,-2.1270720996934904,70,-2.1680451844362034,MAP_PMU,19,0.040973084742712995
0,x_tcsc,1-14,-0.11381159542196898,71,-0.11354314416308604,MAP_PMU,19,0.00026845125888293186
1,B_svc,2,0.18338550502665882,71,0.18328693294864615,MAP_PMU,19,9.857207801267087e-05
2,UPFC_Vsh,5-15,1.111274524406707,71,1.1043156118880415,MAP_PMU,19,0.006958912518665539
3,UPFC_tsh,5-15,-0.2290242482276097,71,-0.2291201076256457,MAP_PMU,19,9.585939803599675e-05
4,UPFC_Vse,5-15,0.05961365133492261,71,0.06277882033515635,MAP_PMU,19,0.003165169000233739
5,UPFC_tse,5-15,-2.136492003088005,71,-2.1680451844362034,MAP_PMU,19,0.0315531813481984
0,x_tcsc,1-14,-0.11375781528224257,72,-0.11354314416308604,MAP_PMU,19,0.00021467111915653148
1,B_svc,2,0.18368818063197254,72,0.18328693294864615,MAP_PMU,19,0.00040124768332638894
2,UPFC_Vsh,5-15,1.1117065883820474,72,1.1043156118880415,MAP_PMU,19,0.007390976494005885
3,UPFC_tsh,5-15,-0.2289902052444542,72,-0.2291201076256457,MAP_PMU,19,0.00012990238119148234
4,UPFC_Vse,5-15,0.05908276863235191,72,0.06277882033515635,MAP_PMU,19,0.0036960517028044385
5,UPFC_tse,5-15,-2.1238121792813605,72,-2.1680451844362034,MAP_PMU,19,0.044233005154842964
0,x_tcsc,1-14,-0.11371276007826392,73,-0.11354314416308604,MAP_PMU,19,0.0001696159151778759
1,B_svc,2,0.18340320918345968,73,0.18328693294864615,MAP_PMU,19,0.00011627623481352822
2,UPFC_Vsh,5-15,1.1116183330443794,73,1.1043156118880415,MAP_PMU,19,0.007302721156337899
3,UPFC_tsh,5-15,-0.22895253641787947,73,-0.2291201076256457,MAP_PMU,19,0.00016757120776622614
4,UPFC_Vse,5-15,0.05898752728739269,73,0.06277882033515635,MAP_PMU,19,0.0037912930477636553
5,UPFC_tse,5-15,-2.116370801296309,73,-2.1680451844362034,MAP_PMU,19,0.05167438313989425
0,x_tcsc,1-14,-0.11385999008828272,74,-0.11354314416308604,MAP_PMU,19,0.0003168459251966793
1,B_svc,2,0.18369957383761826,74,0.18328693294864615,MAP_PMU,19,0.00041264088897211004
2,UPFC_Vsh,5-15,1.111769502914089,74,1.1043156118880415,MAP_PMU,19,0.007453891026047543
3,UPFC_tsh,5-15,-0.22897696730679926,74,-0.2291201076256457,MAP_PMU,19,0.0001431403188464353
4,UPFC_Vse,5-15,0.05926835852824822,74,0.06277882033515635,MAP_PMU,19,0.003510461806908123
5,UPFC_tse,5-15,-2.1162601780273325,74,-2.1680451844362034,MAP_PMU,19,0.05178500640887096
0,x_tcsc,1-14,-0.11382202604497277,75,-0.11354314416308604,MAP_PMU,19,0.000278881881886725
1,B_svc,2,0.18347644154944912,75,0.18328693294864615,MAP_PMU,19,0.00018950860080296783
2,UPFC_Vsh,5-15,1.1115308314434666,75,1.1043156118880415,MAP_PMU,19,0.007215219555425145
3,UPFC_tsh,5-15,-0.22899174992267252,75,-0.2291201076256457,MAP_PMU,19,0.00012835770297317528
4,UPFC_Vse,5-15,0.05933278283321329,75,0.06277882033515635,MAP_PMU,19,0.0034460375019430556
5,UPFC_tse,5-15,-2.1222308335909785,75,-2.1680451844362034,MAP_PMU,19,0.045814350845224894
0,x_tcsc,1-14,-0.11369544211336036,76,-0.11354314416308604,MAP_PMU,19,0.00015229795027431325
1,B_svc,2,0.18382702581825525,76,0.18328693294864615,MAP_PMU,19,0.000540092869609099
2,UPFC_Vsh,5-15,1.111620204636338,76,1.1043156118880415,MAP_PMU,19,0.0073045927482964235
3,UPFC_tsh,5-15,-0.22903920410973952,76,-0.2291201076256457,MAP_PMU,19,8.090351590617217e-05
4,UPFC_Vse,5-15,0.05955402493813742,76,0.06277882033515635,MAP_PMU,19,0.003224795397018927
5,UPFC_tse,5-15,-2.1268119733344846,76,-2.1680451844362034,MAP_PMU,19,0.04123321110171885
0,x_tcsc,1-14,-0.11376377851619751,77,-0.11354314416308604,MAP_PMU,19,0.00022063435311146795
1,B_svc,2,0.1835225099967873,77,0.18328693294864615,MAP_PMU,19,0.00023557704814114455
2,UPFC_Vsh,5-15,1.1112806981738408,77,1.1043156118880415,MAP_PMU,19,0.006965086285799282
3,UPFC_tsh,5-15,-0.22904061369208142,77,-0.2291201076256457,MAP_PMU,19,7.949393356426748e-05
4,UPFC_Vse,5-15,0.05958204406945011,77,0.06277882033515635,MAP_PMU,19,0.003196776265706233
5,UPFC_tse,5-15,-2.1226397416144303,77,-2.1680451844362034,MAP_PMU,19,0.04540544282177317
0,x_tcsc,1-14,-0.11366070734543099,78,-0.11354314416308604,MAP_PMU,19,0.00011756318234494578
1,B_svc,2,0.1832032195801325,78,0.18328693294864615,MAP_PMU,19,8.37133685136493e-05
2,UPFC_Vsh,5-15,1.1116128765470716,78,1.1043156118880415,MAP_PMU,19,0.007297264659030134
3,UPFC_tsh,5-15,-0.22902313083862424,78,-0.2291201076256457,MAP_PMU,19,9.697678702144663e-05
4,UPFC_Vse,5-15,0.059345096322856054,78,0.06277882033515635,MAP_PMU,19,0.003433724012300292
5,UPFC_tse,5-15,-2.123495778195942,78,-2.1680451844362034,MAP_PMU,19,0.04454940624026138
0,x_tcsc,1-14,-0.11375301098406479,79,-0.11354314416308604,MAP_PMU,19,0.00020986682097874632
1,B_svc,2,0.18363194203233751,79,0.18328693294864615,MAP_PMU,19,0.0003450090836913666
2,UPFC_Vsh,5-15,1.1111057322837303,79,1.1043156118880415,MAP_PMU,19,0.006790120395688826
3,UPFC_tsh,5-15,-0.2289957559172922,79,-0.2291201076256457,MAP_PMU,19,0.00012435170835348175
4,UPFC_Vse,5-15,0.0592331762998396,79,0.06277882033515635,MAP_PMU,19,0.003545644035316743
5,UPFC_tse,5-15,-2.1285681376673864,79,-2.1680451844362034,MAP_PMU,19,0.039477046768817026
0,x_tcsc,1-14,-0.11372530003885463,80,-0.11354314416308604,MAP_PMU,19,0.00018215587576858594
1,B_svc,2,0.18342732351826418,80,0.18328693294864615,MAP_PMU,19,0.00014039056961803742
2,UPFC_Vsh,5-15,1.1113269119881515,80,1.1043156118880415,MAP_PMU,19,0.007011300100109974
3,UPFC_tsh,5-15,-0.22899814665311072,80,-0.2291201076256457,MAP_PMU,19,0.00012196097253497351
4,UPFC_Vse,5-15,0.0594980794652092,80,0.06277882033515635,MAP_PMU,19,0.0032807408699471463
5,UPFC_tse,5-15,-2.128281800695742,80,-2.1680451844362034,MAP_PMU,19,0.0397633837404614
0,x_tcsc,1-14,-0.11372446589069321,81,-0.11354314416308604,MAP_PMU,19,0.00018132172760716714
1,B_svc,2,0.18335679268050528,81,0.18328693294864615,MAP_PMU,19,6.98597318591343e-05
2,UPFC_Vsh,5-15,1.1115966944703477,81,1.1043156118880415,MAP_PMU,19,0.0072810825823061975
3,UPFC_tsh,5-15,-0.2290071160975488,81,-0.2291201076256457,MAP_PMU,19,0.00011299152809687851
4,UPFC_Vse,5-15,0.058899584418835305,81,0.06277882033515635,MAP_PMU,19,0.0038792359163210416
5,UPFC_tse,5-15,-2.1272041660665786,81,-2.1680451844362034,MAP_PMU,19,0.04084101836962484
0,x_tcsc,1-14,-0.11374283152678051,82,-0.11354314416308604,MAP_PMU,19,0.00019968736369446738
1,B_svc,2,0.18345863955654712,82,0.18328693294864615,MAP_PMU,19,0.00017170660790097325
2,UPFC_Vsh,5-15,1.111577289713271,82,1.1043156118880415,MAP_PMU,19,0.007261677825229462
3,UPFC_tsh,5-15,-0.22897631881125188,82,-0.2291201076256457,MAP_PMU,19,0.0001437888143938082
4,UPFC_Vse,5-15,0.05917936143775424,82,0.06277882033515635,MAP_PMU,19,0.003599458897402104
5,UPFC_tse,5-15,-2.1228818807941576,82,-2.1680451844362034,MAP_PMU,19,0.04516330364204579
0,x_tcsc,1-14,-0.11375899769881288,83,-0.11354314416308604,MAP_PMU,19,0.00021585353572683985
1,B_svc,2,0.1837792758246009,83,0.18328693294864615,MAP_PMU,19,0.0004923428759547599
2,UPFC_Vsh,5-15,1.1116499491041887,83,1.1043156118880415,MAP_PMU,19,0.00733433721614718
3,UPFC_tsh,5-15,-0.22898921914947448,83,-0.2291201076256457,MAP_PMU,19,0.00013088847617120924
4,UPFC_Vse,5-15,0.05947562060426807,83,0.06277882033515635,MAP_PMU,19,0.0033031997308882732
5,UPFC_tse,5-15,-2.124104098441197,83,-2.1680451844362034,MAP_PMU,19,0.04394108599500646
0,x_tcsc,1-14,-0.11374392592250973,84,-0.11354314416308604,MAP_PMU,19,0.0002007817594236877
1,B_svc,2,0.18352125728035992,84,0.18328693294864615,MAP_PMU,19,0.00023432433171377554
2,UPFC_Vsh,5-15,1.1114920679983398,84,1.1043156118880415,MAP_PMU,19,0.007176456110298268
3,UPFC_tsh,5-15,-0.22896123938797355,84,-0.2291201076256457,MAP_PMU,19,0.00015886823767213842
4,UPFC_Vse,5-15,0.05947632643198058,84,0.06277882033515635,MAP_PMU,19,0.003302493903175767
5,UPFC_tse,5-15,-2.1248265443313423,84,-2.1680451844362034,MAP_PMU,19,0.043218640104861095
0,x_tcsc,1-14,-0.11376991103650051,85,-0.11354314416308604,MAP_PMU,19,0.000226766873414469
1,B_svc,2,0.18353154397073743,85,0.18328693294864615,MAP_PMU,19,0.00024461102209127894
2,UPFC_Vsh,5-15,1.1115041014056417,85,1.1043156118880415,MAP_PMU,19,0.007188489517600205
3,UPFC_tsh,5-15,-0.22900362862775406,85,-0.2291201076256457,MAP_PMU,19,0.00011647899789163363
4,UPFC_Vse,5-15,0.05923420361956509,85,0.06277882033515635,MAP_PMU,19,0.0035446167155912534
5,UPFC_tse,5-15,-2.126224236054845,85,-2.1680451844362034,MAP_PMU,19,0.0418209483813583
0,x_tcsc,1-14,-0.11378622870269643,86,-0.11354314416308604,MAP_PMU,19,0.00024308453961038867
1,B_svc,2,0.18337544061347766,86,0.18328693294864615,MAP_PMU,19,8.850766483151085e-05
2,UPFC_Vsh,5-15,1.1115512913036891,86,1.1043156118880415,MAP_PMU,19,0.007235679415647622
3,UPFC_tsh,5-15,-0.22898400727125498,86,-0.2291201076256457,MAP_PMU,19,0.00013610035439071133
4,UPFC_Vse,5-15,0.05946288443726897,86,0.06277882033515635,MAP_PMU,19,0.0033159358978873746
5,UPFC_tse,5-15,-2.125372323799489,86,-2.1680451844362034,MAP_PMU,19,0.04267286063671438
0,x_tcsc,1-14,-0.1137260017586779,87,-0.11354314416308604,MAP_PMU,19,0.0001828575955918621
1,B_svc,2,0.18335579413456815,87,0.18328693294864615,MAP_PMU,19,6.886118592200341e-05
2,UPFC_Vsh,5-15,1.1117044175761206,87,1.1043156118880415,MAP_PMU,19,0.007388805688079092
3,UPFC_tsh,5-15,-0.22895179979150357,87,-0.2291201076256457,MAP_PMU,19,0.00016830783414212291
4,UPFC_Vse,5-15,0.05887621484232655,87,0.06277882033515635,MAP_PMU,19,0.0039026054928297943
5,UPFC_tse,5-15,-2.1135264395130413,87,-2.1680451844362034,MAP_PMU,19,0.05451874492316211
0,x_tcsc,1-14,-0.11376730537702556,88,-0.11354314416308604,MAP_PMU,19,0.00022416121393951938
1,B_svc,2,0.18417498958896314,88,0.18328693294864615,MAP_PMU,19,0.000888056640316992
2,UPFC_Vsh,5-15,1.1113279667195863,88,1.1043156118880415,MAP_PMU,19,0.007012354831544831
3,UPFC_tsh,5-15,-0.22900043683279822,88,-0.2291201076256457,MAP_PMU,19,0.00011967079284747051
4,UPFC_Vse,5-15,0.05930026184017446,88,0.06277882033515635,MAP_PMU,19,0.0034785584949818885
5,UPFC_tse,5-15,-2.1166869508721247,88,-2.1680451844362034,MAP_PMU,19,0.05135823356407876
0,x_tcsc,1-14,-0.1137486033352453,89,-0.11354314416308604,MAP_PMU,19,0.00020545917215925025
1,B_svc,2,0.18332806937826748,89,0.18328693294864615,MAP_PMU,19,4.113642962133568e-05
2,UPFC_Vsh,5-15,1.1114663035961045,89,1.1043156118880415,MAP_PMU,19,0.0071506917080630394
3,UPFC_tsh,5-15,-0.22902776806060518,89,-0.2291201076256457,MAP_PMU,19,9.233956504051122e-05
4,UPFC_Vse,5-15,0.05917790266414972,89,0.06277882033515635,MAP_PMU,19,0.0036009176710066274
5,UPFC_tse,5-15,-2.1276056898347364,89,-2.1680451844362034,MAP_PMU,19,0.04043949460146701
0,x_tcsc,1-14,-0.11373172078567886,90,-0.11354314416308604,MAP_PMU,19,0.00018857662259282038
1,B_svc,2,0.18321230543812067,90,0.18328693294864615,MAP_PMU,19,7.462751052547678e-05
2,UPFC_Vsh,5-15,1.1113707784640545,90,1.1043156118880415,MAP_PMU,19,0.007055166576013017
3,UPFC_tsh,5-15,-0.22904435050379912,90,-0.2291201076256457,MAP_PMU,19,7.575712184657024e-05
4,UPFC_Vse,5-15,0.05947416479153475,90,0.06277882033515635,MAP_PMU,19,0.0033046555436215957
5,UPFC_tse,5-15,-2.1307680586522415,90,-2.1680451844362034,MAP_PMU,19,0.03727712578396192
0,x_tcsc,1-14,-0.1137589969383581,91,-0.11354314416308604,MAP_PMU,19,0.00021585277527205737
1,B_svc,2,0.18340818162415262,91,0.18328693294864615,MAP_PMU,19,0.00012124867550647456
2,UPFC_Vsh,5-15,1.111569295248644,91,1.1043156118880415,MAP_PMU,19,0.007253683360602503
3,UPFC_tsh,5-15,-0.22898610227392655,91,-0.2291201076256457,MAP_PMU,19,0.0001340053517191464
4,UPFC_Vse,5-15,0.05904986269734467,91,0.06277882033515635,MAP_PMU,19,0.0037289576378116765
5,UPFC_tse,5-15,-2.120299220392431,91,-2.1680451844362034,MAP_PMU,19,0.04774596404377229
0,x_tcsc,1-14,-0.11371744930133136,92,-0.11354314416308604,MAP_PMU,19,0.00017430513824531757
1,B_svc,2,0.18340164174369983,92,0.18328693294864615,MAP_PMU,19,0.0001147087950536807
2,UPFC_Vsh,5-15,1.111677018703336,92,1.1043156118880415,MAP_PMU,19,0.007361406815294513
3,UPFC_tsh,5-15,-0.22896296513425993,92,-0.2291201076256457,MAP_PMU,19,0.00015714249138576442
4,UPFC_Vse,5-15,0.059935660546862835,92,0.06277882033515635,MAP_PMU,19,0.0028431597882935117
5,UPFC_tse,5-15,-2.127916362893531,92,-2.1680451844362034,MAP_PMU,19,0.04012882154267228
0,x_tcsc,1-14,-0.11373479996009805,93,-0.11354314416308604,MAP_PMU,19,0.00019165579701201085
1,B_svc,2,0.18318080835798675,93,0.18328693294864615,MAP_PMU,19,0.0001061245906593955
2,UPFC_Vsh,5-15,1.1111230471282643,93,1.1043156118880415,MAP_PMU,19,0.006807435240222759
3,UPFC_tsh,5-15,-0.2290595116971968,93,-0.2291201076256457,MAP_PMU,19,6.059592844889772e-05
4,UPFC_Vse,5-15,0.06003822102772449,93,0.06277882033515635,MAP_PMU,19,0.002740599307431854
5,UPFC_tse,5-15,-2.131676115518797,93,-2.1680451844362034,MAP_PMU,19,0.036369068917406544
0,x_tcsc,1-14,-0.11369810761205007,94,-0.11354314416308604,MAP_PMU,19,0.0001549634489640267
1,B_svc,2,0.18307337894878908,94,0.18328693294864615,MAP_PMU,19,0.00021355399985706347
2,UPFC_Vsh,5-15,1.111397880410201,94,1.1043156118880415,MAP_PMU,19,0.0070822685221594295
3,UPFC_tsh,5-15,-0.22902069389557386,94,-0.2291201076256457,MAP_PMU,19,9.941373007182897e-05
4,UPFC_Vse,5-15,0.058979651555394995,94,0.06277882033515635,MAP_PMU,19,0.0037991687797613513
5,UPFC_tse,5-15,-2.1306506840692356,94,-2.1680451844362034,MAP_PMU,19,0.03739450036696779
0,x_tcsc,1-14,-0.1137565824479605,95,-0.11354314416308604,MAP_PMU,19,0.0002134382848744537
1,B_svc,2,0.1835365130130207,95,0.18328693294864615,MAP_PMU,19,0.0002495800643745605
2,UPFC_Vsh,5-15,1.1117494547025975,95,1.1043156118880415,MAP_PMU,19,0.0074338428145559465
3,UPFC_tsh,5-15,-0.22896854323802243,95,-0.2291201076256457,MAP_PMU,19,0.00015156438762325974
4,UPFC_Vse,5-15,0.05984298614112303,95,0.06277882033515635,MAP_PMU,19,0.0029358341940333155
5,UPFC_tse,5-15,-2.123993531380424,95,-2.1680451844362034,MAP_PMU,19,0.044051653055779294
0,x_tcsc,1-14,-0.11364124875411682,96,-0.11354314416308604,MAP_PMU,19,9.810459103078151e-05
1,B_svc,2,0.18291410514602646,96,0.18328693294864615,MAP_PMU,19,0.0003728278026196852
2,UPFC_Vsh,5-15,1.1111355081755443,96,1.1043156118880415,MAP_PMU,19,0.006819896287502791
3,UPFC_tsh,5-15,-0.22907305905164363,96,-0.2291201076256457,MAP_PMU,19,4.704857400206208e-05
4,UPFC_Vse,5-15,0.05884324004645269,96,0.06277882033515635,MAP_PMU,19,0.003935580288703659
5,UPFC_tse,5-15,-2.1269993768248017,96,-2.1680451844362034,MAP_PMU,19,0.04104580761140175
0,x_tcsc,1-14,-0.11370411641575484,97,-0.11354314416308604,MAP_PMU,19,0.0001609722526687979
1,B_svc,2,0.18382896865093334,97,0.18328693294864615,MAP_PMU,19,0.0005420357022871969
2,UPFC_Vsh,5-15,1.111425463828656,97,1.1043156118880415,MAP_PMU,19,0.007109851940614531
3,UPFC_tsh,5-15,-0.2290483378898106,97,-0.2291201076256457,MAP_PMU,19,7.176973583508661e-05
4,UPFC_Vse,5-15,0.05962522583349968,97,0.06277882033515635,MAP_PMU,19,0.0031535945016566633
5,UPFC_tse,5-15,-2.1244776198286255,97,-2.1680451844362034,MAP_PMU,19,0.043567564607577935
0,x_tcsc,1-14,-0.11369295437726318,98,-0.11354314416308604,MAP_PMU,19,0.00014981021417713458
1,B_svc,2,0.18336737089919536,98,0.18328693294864615,MAP_PMU,19,8.043795054921143e-05
2,UPFC_Vsh,5-15,1.1116111625250915,98,1.1043156118880415,MAP_PMU,19,0.007295550637050008
3,UPFC_tsh,5-15,-0.22898131959443152,98,-0.2291201076256457,MAP_PMU,19,0.00013878803121417094
4,UPFC_Vse,5-15,0.05939064355628602,98,0.06277882033515635,MAP_PMU,19,0.003388176778870329
5,UPFC_tse,5-15,-2.1130143992031516,98,-2.1680451844362034,MAP_PMU,19,0.05503078523305183
0,x_tcsc,1-14,-0.11373066376517192,99,-0.11354314416308604,MAP_PMU,19,0.00018751960208587826
1,B_svc,2,0.1836945455746184,99,0.18328693294864615,MAP_PMU,19,0.0004076126259722479
2,UPFC_Vsh,5-15,1.1120449434307451,99,1.1043156118880415,MAP_PMU,19,0.00772933154270361
3,UPFC_tsh,5-15,-0.22895623271942084,99,-0.2291201076256457,MAP_PMU,19,0.00016387490622485346
4,UPFC_Vse,5-15,0.059606873009879095,99,0.06277882033515635,MAP_PMU,19,0.003171947325277251
5,UPFC_tse,5-15,-2.117543847541053,99,-2.1680451844362034,MAP_PMU,19,0.05050133689515057
0,x_tcsc,1-14,-0.1148389792402706,0,-0.11458232990911095,MAP_PMU,21,0.00025664933115965294
1,B_svc,2,0.18541401966943213,0,0.18554927214690295,MAP_PMU,21,0.00013525247747081526
2,UPFC_Vsh,5-15,1.1115754768399775,0,1.1031678178908981,MAP_PMU,21,0.008407658949079355
3,UPFC_tsh,5-15,-0.2276418386383202,0,-0.2277859627596508,MAP_PMU,21,0.0001441241213306077
4,UPFC_Vse,5-15,0.05938151574036778,0,0.06341033325853165,MAP_PMU,21,0.004028817518163877
5,UPFC_tse,5-15,-2.125249025971552,0,-2.1772836908686806,MAP_PMU,21,0.05203466489712838
0,x_tcsc,1-14,-0.11478139048003527,1,-0.11458232990911095,MAP_PMU,21,0.0001990605709243226
1,B_svc,2,0.18594328098569274,1,0.18554927214690295,MAP_PMU,21,0.0003940088387897889
2,UPFC_Vsh,5-15,1.1111986257185746,1,1.1031678178908981,MAP_PMU,21,0.008030807827676512
3,UPFC_tsh,5-15,-0.22766460813638573,1,-0.2277859627596508,MAP_PMU,21,0.00012135462326506863
4,UPFC_Vse,5-15,0.059295924253611416,1,0.06341033325853165,MAP_PMU,21,0.004114409004920237
5,UPFC_tse,5-15,-2.121767891183648,1,-2.1772836908686806,MAP_PMU,21,0.05551579968503262
0,x_tcsc,1-14,-0.11488901915604113,2,-0.11458232990911095,MAP_PMU,21,0.0003066892469301835
1,B_svc,2,0.18588614228308065,2,0.18554927214690295,MAP_PMU,21,0.0003368701361776971
2,UPFC_Vsh,5-15,1.1116193024376413,2,1.1031678178908981,MAP_PMU,21,0.00845148454674316
3,UPFC_tsh,5-15,-0.22764313192981298,2,-0.2277859627596508,MAP_PMU,21,0.00014283082983782003
4,UPFC_Vse,5-15,0.05974265376747493,2,0.06341033325853165,MAP_PMU,21,0.003667679491056723
5,UPFC_tse,5-15,-2.129684373788166,2,-2.1772836908686806,MAP_PMU,21,0.04759931708051468
0,x_tcsc,1-14,-0.11485353798666077,3,-0.11458232990911095,MAP_PMU,21,0.0002712080775498227
1,B_svc,2,0.18503192432735502,3,0.18554927214690295,MAP_PMU,21,0.0005173478195479309
2,UPFC_Vsh,5-15,1.111434201987953,3,1.1031678178908981,MAP_PMU,21,0.008266384097054935
3,UPFC_tsh,5-15,-0.22759515792199767,3,-0.2277859627596508,MAP_PMU,21,0.00019080483765313017
4,UPFC_Vse,5-15,0.05946042620147946,3,0.06341033325853165,MAP_PMU,21,0.003949907057052192
5,UPFC_tse,5-15,-2.13667694940194,3,-2.1772836908686806,MAP_PMU,21,0.04060674146674037
0,x_tcsc,1-14,-0.11488043412551094,4,-0.11458232990911095,MAP_PMU,21,0.00029810421639998863
1,B_svc,2,0.18621677843143186,4,0.18554927214690295,MAP_PMU,21,0.0006675062845289126
2,UPFC_Vsh,5-15,1.111161110144906,4,1.1031678178908981,MAP_PMU,21,0.0079932922540078
3,UPFC_tsh,5-15,-0.2277144524477836,4,-0.2277859627596508,MAP_PMU,21,7.151031186719559e-05
4,UPFC_Vse,5-15,0.05998180006493319,4,0.06341033325853165,MAP_PMU,21,0.003428533193598461
5,UPFC_tse,5-15,-2.1369400871257427,4,-2.1772836908686806,MAP_PMU,21,0.040343603742937884
0,x_tcsc,1-14,-0.11480365766180947,5,-0.11458232990911095,MAP_PMU,21,0.0002213277526985219
1,B_svc,2,0.18576215295621545,5,0.18554927214690295,MAP_PMU,21,0.00021288080931250453
2,UPFC_Vsh,5-15,1.1114653298950876,5,1.1031678178908981,MAP_PMU,21,0.008297512004189489
3,UPFC_tsh,5-15,-0.22762810712107434,5,-0.2277859627596508,MAP_PMU,21,0.00015785563857645402
4,UPFC_Vse,5-15,0.05970302558476571,5,0.06341033325853165,MAP_PMU,21,0.0037073076737659458
5,UPFC_tse,5-15,-2.131653225561715,5,-2.1772836908686806,MAP_PMU,21,0.04563046530696546
0,x_tcsc,1-14,-0.11486367169658986,6,-0.11458232990911095,MAP_PMU,21,0.0002813417874789059
1,B_svc,2,0.18562662325953894,6,0.18554927214690295,MAP_PMU,21,7.735111263598715e-05
2,UPFC_Vsh,5-15,1.1115198857116235,6,1.1031678178908981,MAP_PMU,21,0.008352067820725395
3,UPFC_tsh,5-15,-0.22765128781199886,6,-0.2277859627596508,MAP_PMU,21,0.00013467494765193044
4,UPFC_Vse,5-15,0.05986723646914673,6,0.06341033325853165,MAP_PMU,21,0.003543096789384921
5,UPFC_tse,5-15,-2.126172222906168,6,-2.1772836908686806,MAP_PMU,21,0.051111467962512425
0,x_tcsc,1-14,-0.11484965834002833,7,-0.11458232990911095,MAP_PMU,21,0.00026732843091738234
1,B_svc,2,0.1858914037420954,7,0.18554927214690295,MAP_PMU,21,0.0003421315951924464
2,UPFC_Vsh,5-15,1.1112921822900195,7,1.1031678178908981,MAP_PMU,21,0.008124364399121342
3,UPFC_tsh,5-15,-0.22766442075552765,7,-0.2277859627596508,MAP_PMU,21,0.00012154200412314853
4,UPFC_Vse,5-15,0.0593071024137256,7,0.06341033325853165,MAP_PMU,21,0.004103230844806051
5,UPFC_tse,5-15,-2.134447111778747,7,-2.1772836908686806,MAP_PMU,21,0.04283657908993366
0,x_tcsc,1-14,-0.11491126987259134,8,-0.11458232990911095,MAP_PMU,21,0.000328939963480393
1,B_svc,2,0.18569219987953614,8,0.18554927214690295,MAP_PMU,21,0.00014292773263319125
2,UPFC_Vsh,5-15,1.111541789241684,8,1.1031678178908981,MAP_PMU,21,0.00837397135078577
3,UPFC_tsh,5-15,-0.22764934146157662,8,-0.2277859627596508,MAP_PMU,21,0.0001366212980741799
4,UPFC_Vse,5-15,0.05959698183957668,8,0.06341033325853165,MAP_PMU,21,0.0038133514189549744
5,UPFC_tse,5-15,-2.128688872230199,8,-2.1772836908686806,MAP_PMU,21,0.048594818638481474
0,x_tcsc,1-14,-0.11482311053860449,9,-0.11458232990911095,MAP_PMU,21,0.00024078062949353662
1,B_svc,2,0.18562959898687956,9,0.18554927214690295,MAP_PMU,21,8.032683997660772e-05
2,UPFC_Vsh,5-15,1.111789931512646,9,1.1031678178908981,MAP_PMU,21,0.008622113621747918
3,UPFC_tsh,5-15,-0.22763662467720583,9,-0.2277859627596508,MAP_PMU,21,0.00014933808244496638
4,UPFC_Vse,5-15,0.05975150672827338,9,0.06341033325853165,MAP_PMU,21,0.0036588265302582718
5,UPFC_tse,5-15,-2.131424020217843,9,-2.1772836908686806,MAP_PMU,21,0.045859670650837625
0,x_tcsc,1-14,-0.11480023685105575,10,-0.11458232990911095,MAP_PMU,21,0.00021790694194480376
1,B_svc,2,0.18563627318447937,10,0.18554927214690295,MAP_PMU,21,8.700103757641742e-05
2,UPFC_Vsh,5-15,1.1113662983428918,10,1.1031678178908981,MAP_PMU,21,0.008198480451993673
3,UPFC_tsh,5-15,-0.22764150442069556,10,-0.2277859627596508,MAP_PMU,21,0.00014445833895523896
4,UPFC_Vse,5-15,0.05913163045736862,10,0.06341033325853165,MAP_PMU,21,0.004278702801163034
5,UPFC_tse,5-15,-2.1241677491768134,10,-2.1772836908686806,MAP_PMU,21,0.053115941691867175
0,x_tcsc,1-14,-0.1148537341577246,11,-0.11458232990911095,MAP_PMU,21,0.0002714042486136464
1,B_svc,2,0.18571875841554933,11,0.18554927214690295,MAP_PMU,21,0.0001694862686463794
2,UPFC_Vsh,5-15,1.1115239483558892,11,1.1031678178908981,MAP_PMU,21,0.008356130464991063
3,UPFC_tsh,5-15,-0.22761000823443503,11,-0.2277859627596508,MAP_PMU,21,0.0001759545252157657
4,UPFC_Vse,5-15,0.059012359675610096,11,0.06341033325853165,MAP_PMU,21,0.004397973582921558
5,UPFC_tse,5-15,-2.1233909426862394,11,-2.1772836908686806,MAP_PMU,21,0.053892748182441164
0,x_tcsc,1-14,-0.11484187824190241,12,-0.11458232990911095,MAP_PMU,21,0.0002595483327914594
1,B_svc,2,0.185514897455011,12,0.18554927214690295,MAP_PMU,21,3.4374691891936315e-05
2,UPFC_Vsh,5-15,1.1113664003524162,12,1.1031678178908981,MAP_PMU,21,0.008198582461518056
3,UPFC_tsh,5-15,-0.22766116586946716,12,-0.2277859627596508,MAP_PMU,21,0.0001247968901836316
4,UPFC_Vse,5-15,0.05950124410816269,12,0.06341033325853165,MAP_PMU,21,0.003909089150368965
5,UPFC_tse,5-15,-2.1371180723278984,12,-2.1772836908686806,MAP_PMU,21,0.040165618540782155
0,x_tcsc,1-14,-0.11488529350054821,13,-0.11458232990911095,MAP_PMU,21,0.0003029635914372636
1,B_svc,2,0.1855135082090814,13,0.18554927214690295,MAP_PMU,21,3.576393782153686e-05
2,UPFC_Vsh,5-15,1.1115514581505814,13,1.1031678178908981,MAP_PMU,21,0.0083836402596833
3,UPFC_tsh,5-15,-0.2275902568793089,13,-0.2277859627596508,MAP_PMU,21,0.00019570588034190095
4,UPFC_Vse,5-15,0.059230641242801786,13,0.06341033325853165,MAP_PMU,21,0.0041796920157298675
5,UPFC_tse,5-15,-2.1281674513727658,13,-2.1772836908686806,MAP_PMU,21,0.049116239495914815
0,x_tcsc,1-14,-0.11486796693665667,14,-0.11458232990911095,MAP_PMU,21,0.00028563702754572096
1,B_svc,2,0.185423714592075,14,0.18554927214690295,MAP_PMU,21,0.00012555755482795972
2,UPFC_Vsh,5-15,1.1115008626898453,14,1.1031678178908981,MAP_PMU,21,0.008333044798947142
3,UPFC_tsh,5-15,-0.22755424292711388,14,-0.2277859627596508,MAP_PMU,21,0.00023171983253691963
4,UPFC_Vse,5-15,0.05947842589533169,14,0.06341033325853165,MAP_PMU,21,0.0039319073631999615
5,UPFC_tse,5-15,-2.1348088340519427,14,-2.1772836908686806,MAP_PMU,21,0.042474856816737905
0,x_tcsc,1-14,-0.11478698305077766,15,-0.11458232990911095,MAP_PMU,21,0.00020465314166670523
1,B_svc,2,0.1851722761139952,15,0.18554927214690295,MAP_PMU,21,0.0003769960329077504
2,UPFC_Vsh,5-15,1.1114334409308955,15,1.1031678178908981,MAP_PMU,21,0.008265623039997338
3,UPFC_tsh,5-15,-0.22764888377999956,15,-0.2277859627596508,MAP_PMU,21,0.00013707897965123395
4,UPFC_Vse,5-15,0.05965308013724992,15,0.06341033325853165,MAP_PMU,21,0.0037572531212817367
5,UPFC_tse,5-15,-2.1182455233944073,15,-2.1772836908686806,MAP_PMU,21,0.05903816747427326
0,x_tcsc,1-14,-0.11489275558851766,16,-0.11458232990911095,MAP_PMU,21,0.0003104256794067145
1,B_svc,2,0.1853881565373355,16,0.18554927214690295,MAP_PMU,21,0.00016111560956744153
2,UPFC_Vsh,5-15,1.111379403747616,16,1.1031678178908981,MAP_PMU,21,0.008211585856717774
3,UPFC_tsh,5-15,-0.22767083317449752,16,-0.2277859627596508,MAP_PMU,21,0.00011512958515327854
4,UPFC_Vse,5-15,0.059753155519132586,16,0.06341033325853165,MAP_PMU,21,0.0036571777393990673
5,UPFC_tse,5-15,-2.1206842181174377,16,-2.1772836908686806,MAP_PMU,21,0.056599472751242885
0,x_tcsc,1-14,-0.11467875244158898,17,-0.11458232990911095,MAP_PMU,21,9.642253247803267e-05
1,B_svc,2,0.18564936440203242,17,0.18554927214690295,MAP_PMU,21,0.00010009225512946918
2,UPFC_Vsh,5-15,1.111486012684851,17,1.1031678178908981,MAP_PMU,21,0.008318194793952793
3,UPFC_tsh,5-15,-0.2276704291843116,17,-0.2277859627596508,MAP_PMU,21,0.00011553357533919395
4,UPFC_Vse,5-15,0.05916794145583001,17,0.06341033325853165,MAP_PMU,21,0.004242391802701646
5,UPFC_tse,5-15,-2.125362206570424,17,-2.1772836908686806,MAP_PMU,21,0.051921484298256715
0,x_tcsc,1-14,-0.1148599607527863,18,-0.11458232990911095,MAP_PMU,21,0.00027763084367535273
1,B_svc,2,0.18550069183263054,18,0.18554927214690295,MAP_PMU,21,4.8580314272406167e-05
2,UPFC_Vsh,5-15,1.1114514800801367,18,1.1031678178908981,MAP_PMU,21,0.008283662189238594
3,UPFC_tsh,5-15,-0.22763280167635475,18,-0.2277859627596508,MAP_PMU,21,0.0001531610832960495
4,UPFC_Vse,5-15,0.05999897365920091,18,0.06341033325853165,MAP_PMU,21,0.0034113595993307405
5,UPFC_tse,5-15,-2.133393098258636,18,-2.1772836908686806,MAP_PMU,21,0.043890592610044354
0,x_tcsc,1-14,-0.11481852199729067,19,-0.11458232990911095,MAP_PMU,21,0.0002361920881797236
1,B_svc,2,0.18589249170489916,19,0.18554927214690295,MAP_PMU,21,0.0003432195579962105
2,UPFC_Vsh,5-15,1.111714971170706,19,1.1031678178908981,MAP_PMU,21,0.008547153279807818
3,UPFC_tsh,5-15,-0.22760251361404885,19,-0.2277859627596508,MAP_PMU,21,0.00018344914560194936
4,UPFC_Vse,5-15,0.05933005749290677,19,0.06341033325853165,MAP_PMU,21,0.004080275765624884
5,UPFC_tse,5-15,-2.1189596979119627,19,-2.1772836908686806,MAP_PMU,21,0.05832399295671786
0,x_tcsc,1-14,-0.11483931688588124,20,-0.11458232990911095,MAP_PMU,21,0.00025698697677029037
1,B_svc,2,0.18536911243296839,20,0.18554927214690295,MAP_PMU,21,0.00018015971393456343
2,UPFC_Vsh,5-15,1.111751156718715,20,1.1031678178908981,MAP_PMU,21,0.008583338827816922
3,UPFC_tsh,5-15,-0.22761266810367634,20,-0.2277859627596508,MAP_PMU,21,0.0001732946559744597
4,UPFC_Vse,5-15,0.059111735693125514,20,0.06341033325853165,MAP_PMU,21,0.00429859756540614
5,UPFC_tse,5-15,-2.1152887341794306,20,-2.1772836908686806,MAP_PMU,21,0.061994956689249925
0,x_tcsc,1-14,-0.1149157679058579,21,-0.11458232990911095,MAP_PMU,21,0.00033343799674695473
1,B_svc,2,0.1860737387985227,21,0.18554927214690295,MAP_PMU,21,0.0005244666516197594
2,UPFC_Vsh,5-15,1.1114320959701551,21,1.1031678178908981,MAP_PMU,21,0.008264278079257004
3,UPFC_tsh,5-15,-0.22760473863522593,21,-0.2277859627596508,MAP_PMU,21,0.0001812241244248669
4,UPFC_Vse,5-15,0.060061249442797914,21,0.06341033325853165,MAP_PMU,21,0.00334908381573374
5,UPFC_tse,5-15,-2.1227282976146116,21,-2.1772836908686806,MAP_PMU,21,0.054555393254068996
0,x_tcsc,1-14,-0.11479152595562511,22,-0.11458232990911095,MAP_PMU,21,0.00020919604651416235
1,B_svc,2,0.186103418327811,22,0.18554927214690295,MAP_PMU,21,0.0005541461809080439
2,UPFC_Vsh,5-15,1.1118667980083476,22,1.1031678178908981,MAP_PMU,21,0.008698980117449517
3,UPFC_tsh,5-15,-0.2276388771827415,22,-0.2277859627596508,MAP_PMU,21,0.00014708557690928936
4,UPFC_Vse,5-15,0.05954999224389754,22,0.06341033325853165,MAP_PMU,21,0.0038603410146341166
5,UPFC_tse,5-15,-2.1142951089078337,22,-2.1772836908686806,MAP_PMU,21,0.06298858196084689
0,x_tcsc,1-14,-0.11470828106543479,23,-0.11458232990911095,MAP_PMU,21,0.0001259511563238419
1,B_svc,2,0.18569869402071804,23,0.18554927214690295,MAP_PMU,21,0.00014942187381508654
2,UPFC_Vsh,5-15,1.1113288662736813,23,1.1031678178908981,MAP_PMU,21,0.008161048382783198
3,UPFC_tsh,5-15,-0.22761902992278002,23,-0.2277859627596508,MAP_PMU,21,0.00016693283687077565
4,UPFC_Vse,5-15,0.059843213762331184,23,0.06341033325853165,MAP_PMU,21,0.00356711949620047
5,UPFC_tse,5-15,-2.128202781063012,23,-2.1772836908686806,MAP_PMU,21,0.04908090980566859
0,x_tcsc,1-14,-0.11487576670873854,24,-0.11458232990911095,MAP_PMU,21,0.0002934367996275944
1,B_svc,2,0.18552725799761235,24,0.18554927214690295,MAP_PMU,21,2.201414929059453e-05
2,UPFC_Vsh,5-15,1.1116986249224199,24,1.1031678178908981,MAP_PMU,21,0.008530807031521759
3,UPFC_tsh,5-15,-0.2276884226747682,24,-0.2277859627596508,MAP_PMU,21,9.754008488260801e-05
4,UPFC_Vse,5-15,0.059560511403566725,24,0.06341033325853165,MAP_PMU,21,0.0038498218549649285
5,UPFC_tse,5-15,-2.1338979842675934,24,-2.1772836908686806,MAP_PMU,21,0.043385706601087204
0,x_tcsc,1-14,-0.11501970006065945,25,-0.11458232990911095,MAP_PMU,21,0.00043737015154850234
1,B_svc,2,0.18590130568740637,25,0.18554927214690295,MAP_PMU,21,0.0003520335405034214
2,UPFC_Vsh,5-15,1.11156366027776,25,1.1031678178908981,MAP_PMU,21,0.008395842386861974
3,UPFC_tsh,5-15,-0.22762650003681736,25,-0.2277859627596508,MAP_PMU,21,0.0001594627228334311
4,UPFC_Vse,5-15,0.058985204501394224,25,0.06341033325853165,MAP_PMU,21,0.0044251287571374295
5,UPFC_tse,5-15,-2.113600964821221,25,-2.1772836908686806,MAP_PMU,21,0.0636827260474595
0,x_tcsc,1-14,-0.11484480515403621,26,-0.11458232990911095,MAP_PMU,21,0.00026247524492525875
1,B_svc,2,0.1860392876158002,26,0.18554927214690295,MAP_PMU,21,0.0004900154688972369
2,UPFC_Vsh,5-15,1.1112300380701816,26,1.1031678178908981,MAP_PMU,21,0.008062220179283486
3,UPFC_tsh,5-15,-0.22770403962698363,26,-0.2277859627596508,MAP_PMU,21,8.192313266716655e-05
4,UPFC_Vse,5-15,0.05946263799827916,26,0.06341033325853165,MAP_PMU,21,0.003947695260252494
5,UPFC_tse,5-15,-2.1278650962617047,26,-2.1772836908686806,MAP_PMU,21,0.04941859460697584
0,x_tcsc,1-14,-0.11480260350369732,27,-0.11458232990911095,MAP_PMU,21,0.0002202735945863732
1,B_svc,2,0.18540460481479426,27,0.18554927214690295,MAP_PMU,21,0.00014466733210868887
2,UPFC_Vsh,5-15,1.1117280683468227,27,1.1031678178908981,MAP_PMU,21,0.008560250455924567
3,UPFC_tsh,5-15,-0.22753757092343965,27,-0.2277859627596508,MAP_PMU,21,0.0002483918362111426
4,UPFC_Vse,5-15,0.05899576275821831,27,0.06341033325853165,MAP_PMU,21,0.004414570500313346
5,UPFC_tse,5-15,-2.119576565835421,27,-2.1772836908686806,MAP_PMU,21,0.057707125033259477
0,x_tcsc,1-14,-0.11484554189231755,28,-0.11458232990911095,MAP_PMU,21,0.0002632119832065988
1,B_svc,2,0.18605141492050534,28,0.18554927214690295,MAP_PMU,21,0.0005021427736023876
2,UPFC_Vsh,5-15,1.111520516970442,28,1.1031678178908981,MAP_PMU,21,0.008352699079543946
3,UPFC_tsh,5-15,-0.2276625033798018,28,-0.2277859627596508,MAP_PMU,21,0.0001234593798490058
4,UPFC_Vse,5-15,0.059955044839819775,28,0.06341033325853165,MAP_PMU,21,0.0034552884187118785
5,UPFC_tse,5-15,-2.130733480221979,28,-2.1772836908686806,MAP_PMU,21,0.04655021064670173
0,x_tcsc,1-14,-0.11485751187827875,29,-0.11458232990911095,MAP_PMU,21,0.0002751819691678009
1,B_svc,2,0.18638854944045616,29,0.18554927214690295,MAP_PMU,21,0.0008392772935532089
2,UPFC_Vsh,5-15,1.1116090826981053,29,1.1031678178908981,MAP_PMU,21,0.008441264807207194
3,UPFC_tsh,5-15,-0.2276317737962128,29,-0.2277859627596508,MAP_PMU,21,0.0001541889634379956
4,UPFC_Vse,5-15,0.05975939605084791,29,0.06341033325853165,MAP_PMU,21,0.003650937207683745
5,UPFC_tse,5-15,-2.127898880986943,29,-2.1772836908686806,MAP_PMU,21,0.049384809881737546
0,x_tcsc,1-14,-0.11475554651306921,30,-0.11458232990911095,MAP_PMU,21,0.00017321660395826222
1,B_svc,2,0.18591857573693768,30,0.18554927214690295,MAP_PMU,21,0.0003693035900347308
2,UPFC_Vsh,5-15,1.1115178838886337,30,1.1031678178908981,MAP_PMU,21,0.008350065997735578
3,UPFC_tsh,5-15,-0.2277031719387861,30,-0.2277859627596508,MAP_PMU,21,8.279082086470879e-05
4,UPFC_Vse,5-15,0.06021362209646956,30,0.06341033325853165,MAP_PMU,21,0.003196711162062091
5,UPFC_tse,5-15,-2.139509295288108,30,-2.1772836908686806,MAP_PMU,21,0.037774395580572495
0,x_tcsc,1-14,-0.11488098656070987,31,-0.11458232990911095,MAP_PMU,21,0.00029865665159892196
1,B_svc,2,0.1859162646876861,31,0.18554927214690295,MAP_PMU,21,0.0003669925407831509
2,UPFC_Vsh,5-15,1.1115989110804871,31,1.1031678178908981,MAP_PMU,21,0.008431093189589012
3,UPFC_tsh,5-15,-0.22761063211657698,31,-0.2277859627596508,MAP_PMU,21,0.00017533064307381774
4,UPFC_Vse,5-15,0.05918359187294662,31,0.06341033325853165,MAP_PMU,21,0.004226741385585035
5,UPFC_tse,5-15,-2.130664253013817,31,-2.1772836908686806,MAP_PMU,21,0.046619437854863666
0,x_tcsc,1-14,-0.11486996735709219,32,-0.11458232990911095,MAP_PMU,21,0.0002876374479812427
1,B_svc,2,0.18611934385474077,32,0.18554927214690295,MAP_PMU,21,0.0005700717078378215
2,UPFC_Vsh,5-15,1.1119607561811178,32,1.1031678178908981,MAP_PMU,21,0.008792938290219654
3,UPFC_tsh,5-15,-0.227655001768669,32,-0.2277859627596508,MAP_PMU,21,0.00013096099098178215
4,UPFC_Vse,5-15,0.05873785048364017,32,0.06341033325853165,MAP_PMU,21,0.004672482774891483
5,UPFC_tse,5-15,-2.12175544031419,32,-2.1772836908686806,MAP_PMU,21,0.05552825055449073
0,x_tcsc,1-14,-0.1148179485347406,33,-0.11458232990911095,MAP_PMU,21,0.0002356186256296522
1,B_svc,2,0.18560911650604633,33,0.18554927214690295,MAP_PMU,21,5.984435914338504e-05
2,UPFC_Vsh,5-15,1.1117216307160338,33,1.1031678178908981,MAP_PMU,21,0.008553812825135676
3,UPFC_tsh,5-15,-0.2276496614092767,33,-0.2277859627596508,MAP_PMU,21,0.00013630135037409619
4,UPFC_Vse,5-15,0.058988513324898774,33,0.06341033325853165,MAP_PMU,21,0.00442181993363288
5,UPFC_tse,5-15,-2.1262083213698464,33,-2.1772836908686806,MAP_PMU,21,0.05107536949883418
0,x_tcsc,1-14,-0.11492082720559434,34,-0.11458232990911095,MAP_PMU,21,0.00033849729648338656
1,B_svc,2,0.1855919697171129,34,0.18554927214690295,MAP_PMU,21,4.2697570209943025e-05
2,UPFC_Vsh,5-15,1.1113634973804971,34,1.1031678178908981,MAP_PMU,21,0.008195679489598984
3,UPFC_tsh,5-15,-0.2276329966993727,34,-0.2277859627596508,MAP_PMU,21,0.00015296606027809245
4,UPFC_Vse,5-15,0.059484069110085594,34,0.06341033325853165,MAP_PMU,21,0.00392626414844606
5,UPFC_tse,5-15,-2.126368410676107,34,-2.1772836908686806,MAP_PMU,21,0.05091528019257341
0,x_tcsc,1-14,-0.11488473494712145,35,-0.11458232990911095,MAP_PMU,21,0.0003024050380105031
1,B_svc,2,0.18551534366184483,35,0.18554927214690295,MAP_PMU,21,3.392848505812118e-05
2,UPFC_Vsh,5-15,1.1116044865413548,35,1.1031678178908981,MAP_PMU,21,0.008436668650456669
3,UPFC_tsh,5-15,-0.22760275851374495,35,-0.2277859627596508,MAP_PMU,21,0.0001832042459058436
4,UPFC_Vse,5-15,0.05957117971894225,35,0.06341033325853165,MAP_PMU,21,0.003839153539589406
5,UPFC_tse,5-15,-2.123865935797948,35,-2.1772836908686806,MAP_PMU,21,0.05341775507073265
0,x_tcsc,1-14,-0.11485394477121977,36,-0.11458232990911095,MAP_PMU,21,0.00027161486210881824
1,B_svc,2,0.1855776893043487,36,0.18554927214690295,MAP_PMU,21,2.8417157445753682e-05
2,UPFC_Vsh,5-15,1.1116518707871135,36,1.1031678178908981,MAP_PMU,21,0.008484052896215344
3,UPFC_tsh,5-15,-0.22770084224515022,36,-0.2277859627596508,MAP_PMU,21,8.512051450057512e-05
4,UPFC_Vse,5-15,0.05947190659847961,36,0.06341033325853165,MAP_PMU,21,0.003938426660052043
5,UPFC_tse,5-15,-2.130820852185899,36,-2.1772836908686806,MAP_PMU,21,0.04646283868278145
0,x_tcsc,1-14,-0.1149178955286016,37,-0.11458232990911095,MAP_PMU,21,0.0003355656194906492
1,B_svc,2,0.18587791147167249,37,0.18554927214690295,MAP_PMU,21,0.0003286393247695363
2,UPFC_Vsh,5-15,1.1116653576385347,37,1.1031678178908981,MAP_PMU,21,0.008497539747636562
3,UPFC_tsh,5-15,-0.22759045033739947,37,-0.2277859627596508,MAP_PMU,21,0.00019551242225132603
4,UPFC_Vse,5-15,0.059658246151006296,37,0.06341033325853165,MAP_PMU,21,0.003752087107525358
5,UPFC_tse,5-15,-2.124976834645446,37,-2.1772836908686806,MAP_PMU,21,0.05230685622323472
0,x_tcsc,1-14,-0.1148617241022313,38,-0.11458232990911095,MAP_PMU,21,0.0002793941931203553
1,B_svc,2,0.1857024159442185,38,0.18554927214690295,MAP_PMU,21,0.0001531437973155414
2,UPFC_Vsh,5-15,1.111574648652123,38,1.1031678178908981,MAP_PMU,21,0.008406830761224837
3,UPFC_tsh,5-15,-0.22769298125805676,38,-0.2277859627596508,MAP_PMU,21,9.298150159403606e-05
4,UPFC_Vse,5-15,0.05959721459209274,38,0.06341033325853165,MAP_PMU,21,0.0038131186664389152
5,UPFC_tse,5-15,-2.13121382365937,38,-2.1772836908686806,MAP_PMU,21,0.04606986720931072
0,x_tcsc,1-14,-0.1148640119720278,39,-0.11458232990911095,MAP_PMU,21,0.0002816820629168437
1,B_svc,2,0.18571467654420637,39,0.18554927214690295,MAP_PMU,21,0.00016540439730342027
2,UPFC_Vsh,5-15,1.1112398643395922,39,1.1031678178908981,MAP_PMU,21,0.008072046448694081
3,UPFC_tsh,5-15,-0.22758143786372328,39,-0.2277859627596508,MAP_PMU,21,0.00020452489592751033
4,UPFC_Vse,5-15,0.05897794454578848,39,0.06341033325853165,MAP_PMU,21,0.004432388712743172
5,UPFC_tse,5-15,-2.1229976796338015,39,-2.1772836908686806,MAP_PMU,21,0.054286011234879084
0,x_tcsc,1-14,-0.1148490197622438,40,-0.11458232990911095,MAP_PMU,21,0.00026668985313285654
1,B_svc,2,0.18620971758424962,40,0.18554927214690295,MAP_PMU,21,0.0006604454373466684
2,UPFC_Vsh,5-15,1.1112863342511266,40,1.1031678178908981,MAP_PMU,21,0.008118516360228423
3,UPFC_tsh,5-15,-0.2276353442170121,40,-0.2277859627596508,MAP_PMU,21,0.000150618542638703
4,UPFC_Vse,5-15,0.059729641377139285,40,0.06341033325853165,MAP_PMU,21,0.0036806918813923686
5,UPFC_tse,5-15,-2.1285641444837955,40,-2.1772836908686806,MAP_PMU,21,0.04871954638488507
0,x_tcsc,1-14,-0.11488498163890372,41,-0.11458232990911095,MAP_PMU,21,0.0003026517297927689
1,B_svc,2,0.18534668762112916,41,0.18554927214690295,MAP_PMU,21,0.00020258452577379127
2,UPFC_Vsh,5-15,1.1116833627558933,41,1.1031678178908981,MAP_PMU,21,0.008515544864995173
3,UPFC_tsh,5-15,-0.22760070785925815,41,-0.2277859627596508,MAP_PMU,21,0.00018525490039264514
4,UPFC_Vse,5-15,0.058936754574986275,41,0.06341033325853165,MAP_PMU,21,0.004473578683545379
5,UPFC_tse,5-15,-2.117624638227041,41,-2.1772836908686806,MAP_PMU,21,0.0596590526416394
0,x_tcsc,1-14,-0.11481902341902732,42,-0.11458232990911095,MAP_PMU,21,0.00023669350991636917
1,B_svc,2,0.1858489102014721,42,0.18554927214690295,MAP_PMU,21,0.0002996380545691457
2,UPFC_Vsh,5-15,1.1117612716800178,42,1.1031678178908981,MAP_PMU,21,0.008593453789119687
3,UPFC_tsh,5-15,-0.2276110256199489,42,-0.2277859627596508,MAP_PMU,21,0.00017493713970190283
4,UPFC_Vse,5-15,0.059263416222323013,42,0.06341033325853165,MAP_PMU,21,0.00414691703620864
5,UPFC_tse,5-15,-2.1300983871563552,42,-2.1772836908686806,MAP_PMU,21,0.04718530371232532
0,x_tcsc,1-14,-0.11477108924930612,43,-0.11458232990911095,MAP_PMU,21,0.00018875934019517426
1,B_svc,2,0.1855314591703792,43,0.18554927214690295,MAP_PMU,21,1.7812976523756685e-05
2,UPFC_Vsh,5-15,1.1115449336204557,43,1.1031678178908981,MAP_PMU,21,0.008377115729557572
3,UPFC_tsh,5-15,-0.2276620738642882,43,-0.2277859627596508,MAP_PMU,21,0.00012388889536260606
4,UPFC_Vse,5-15,0.05945000075438759,43,0.06341033325853165,MAP_PMU,21,0.003960332504144064
5,UPFC_tse,5-15,-2.1258938909206004,43,-2.1772836908686806,MAP_PMU,21,0.05138979994808013
0,x_tcsc,1-14,-0.1148923407706591,44,-0.11458232990911095,MAP_PMU,21,0.0003100108615481517
1,B_svc,2,0.18588073546736616,44,0.18554927214690295,MAP_PMU,21,0.0003314633204632156
2,UPFC_Vsh,5-15,1.1111917369338837,44,1.1031678178908981,MAP_PMU,21,0.008023919042985606
3,UPFC_tsh,5-15,-0.22770639817388794,44,-0.2277859627596508,MAP_PMU,21,7.956458576285907e-05
4,UPFC_Vse,5-15,0.060075043443953965,44,0.06341033325853165,MAP_PMU,21,0.0033352898145776882
5,UPFC_tse,5-15,-2.116946395777791,44,-2.1772836908686806,MAP_PMU,21,0.06033729509088959
0,x_tcsc,1-14,-0.1148338939447421,45,-0.11458232990911095,MAP_PMU,21,0.0002515640356311466
1,B_svc,2,0.18576096918199334,45,0.18554927214690295,MAP_PMU,21,0.00021169703509038573
2,UPFC_Vsh,5-15,1.1112375403480828,45,1.1031678178908981,MAP_PMU,21,0.008069722457184625
3,UPFC_tsh,5-15,-0.22761691809133025,45,-0.2277859627596508,MAP_PMU,21,0.00016904466832054488
4,UPFC_Vse,5-15,0.05956524087359381,45,0.06341033325853165,MAP_PMU,21,0.003845092384937847
5,UPFC_tse,5-15,-2.1281668119906443,45,-2.1772836908686806,MAP_PMU,21,0.049116878878036285
0,x_tcsc,1-14,-0.11482727653267168,46,-0.11458232990911095,MAP_PMU,21,0.0002449466235607267
1,B_svc,2,0.18580250297248851,46,0.18554927214690295,MAP_PMU,21,0.0002532308255855653
2,UPFC_Vsh,5-15,1.111429687228713,46,1.1031678178908981,MAP_PMU,21,0.00826186933781492
3,UPFC_tsh,5-15,-0.22766217758767623,46,-0.2277859627596508,MAP_PMU,21,0.00012378517197456085
4,UPFC_Vse,5-15,0.059035336408791744,46,0.06341033325853165,MAP_PMU,21,0.004374996849739909
5,UPFC_tse,5-15,-2.122828930205086,46,-2.1772836908686806,MAP_PMU,21,0.05445476066359456
0,x_tcsc,1-14,-0.11490822283978933,47,-0.11458232990911095,MAP_PMU,21,0.0003258929306783759
1,B_svc,2,0.18564029056936746,47,0.18554927214690295,MAP_PMU,21,9.101842246450609e-05
2,UPFC_Vsh,5-15,1.1115060576100086,47,1.1031678178908981,MAP_PMU,21,0.008338239719110518
3,UPFC_tsh,5-15,-0.22767418332448877,47,-0.2277859627596508,MAP_PMU,21,0.00011177943516202382
4,UPFC_Vse,5-15,0.05994446133540576,47,0.06341033325853165,MAP_PMU,21,0.0034658719231258905
5,UPFC_tse,5-15,-2.1317204585104776,47,-2.1772836908686806,MAP_PMU,21,0.04556323235820292
0,x_tcsc,1-14,-0.11486797725444796,48,-0.11458232990911095,MAP_PMU,21,0.000285647345337009
1,B_svc,2,0.18604663084650946,48,0.18554927214690295,MAP_PMU,21,0.0004973586996065149
2,UPFC_Vsh,5-15,1.1117646988239605,48,1.1031678178908981,MAP_PMU,21,0.008596880933062323
3,UPFC_tsh,5-15,-0.2276063343185951,48,-0.2277859627596508,MAP_PMU,21,0.00017962844105570697
4,UPFC_Vse,5-15,0.05929471006346827,48,0.06341033325853165,MAP_PMU,21,0.004115623195063381
5,UPFC_tse,5-15,-2.125481339259451,48,-2.1772836908686806,MAP_PMU,21,0.051802351609229635
0,x_tcsc,1-14,-0.11480338184682522,49,-0.11458232990911095,MAP_PMU,21,0.00022105193771426723
1,B_svc,2,0.1856042284726337,49,0.18554927214690295,MAP_PMU,21,5.495632573074283e-05
2,UPFC_Vsh,5-15,1.1116411182767942,49,1.1031678178908981,MAP_PMU,21,0.00847330038589611
3,UPFC_tsh,5-15,-0.2276282449960502,49,-0.2277859627596508,MAP_PMU,21,0.00015771776360060108
4,UPFC_Vse,5-15,0.059351990933863855,49,0.06341033325853165,MAP_PMU,21,0.004058342324667799
5,UPFC_tse,5-15,-2.1300566360627697,49,-2.1772836908686806,MAP_PMU,21,0.04722705480591083
0,x_tcsc,1-14,-0.11480615069165512,50,-0.11458232990911095,MAP_PMU,21,0.00022382078254416793
1,B_svc,2,0.18537237038807197,50,0.18554927214690295,MAP_PMU,21,0.00017690175883097736
2,UPFC_Vsh,5-15,1.1116451364092341,50,1.1031678178908981,MAP_PMU,21,0.008477318518335997
3,UPFC_tsh,5-15,-0.22763195023602462,50,-0.2277859627596508,MAP_PMU,21,0.00015401252362617912
4,UPFC_Vse,5-15,0.0595738502278111,50,0.06341033325853165,MAP_PMU,21,0.0038364830307205527
5,UPFC_tse,5-15,-2.1199661355039345,50,-2.1772836908686806,MAP_PMU,21,0.05731755536474603
0,x_tcsc,1-14,-0.11482726483708586,51,-0.11458232990911095,MAP_PMU,21,0.00024493492797490746
1,B_svc,2,0.18599210760716,51,0.18554927214690295,MAP_PMU,21,0.0004428354602570572
2,UPFC_Vsh,5-15,1.1113018313563938,51,1.1031678178908981,MAP_PMU,21,0.008134013465495693
3,UPFC_tsh,5-15,-0.22763700824089528,51,-0.2277859627596508,MAP_PMU,21,0.00014895451875551746
4,UPFC_Vse,5-15,0.05948892125597255,51,0.06341033325853165,MAP_PMU,21,0.003921412002559105
5,UPFC_tse,5-15,-2.122420574347436,51,-2.1772836908686806,MAP_PMU,21,0.05486311652124476
0,x_tcsc,1-14,-0.11484194142001064,52,-0.11458232990911095,MAP_PMU,21,0.0002596115108996905
1,B_svc,2,0.18586540121394998,52,0.18554927214690295,MAP_PMU,21,0.0003161290670470329
2,UPFC_Vsh,5-15,1.1117382056423972,52,1.1031678178908981,MAP_PMU,21,0.008570387751499098
3,UPFC_tsh,5-15,-0.22761615408791827,52,-0.2277859627596508,MAP_PMU,21,0.00016980867173252423
4,UPFC_Vse,5-15,0.05924641763498047,52,0.06341033325853165,MAP_PMU,21,0.004163915623551187
5,UPFC_tse,5-15,-2.132989264952297,52,-2.1772836908686806,MAP_PMU,21,0.04429442591638377
0,x_tcsc,1-14,-0.11485391347290858,53,-0.11458232990911095,MAP_PMU,21,0.0002715835637976255
1,B_svc,2,0.18544499391949856,53,0.18554927214690295,MAP_PMU,21,0.0001042782274043863
2,UPFC_Vsh,5-15,1.111630082725808,53,1.1031678178908981,MAP_PMU,21,0.008462264834909972
3,UPFC_tsh,5-15,-0.22754791414571818,53,-0.2277859627596508,MAP_PMU,21,0.00023804861393261767
4,UPFC_Vse,5-15,0.05891191732758769,53,0.06341033325853165,MAP_PMU,21,0.004498415930943966
5,UPFC_tse,5-15,-2.118071731312207,53,-2.1772836908686806,MAP_PMU,21,0.05921195955647374
0,x_tcsc,1-14,-0.1149411890536001,54,-0.11458232990911095,MAP_PMU,21,0.0003588591444891459
1,B_svc,2,0.1863023872142588,54,0.18554927214690295,MAP_PMU,21,0.0007531150673558418
2,UPFC_Vsh,5-15,1.1117297365970271,54,1.1031678178908981,MAP_PMU,21,0.00856191870612899
3,UPFC_tsh,5-15,-0.22752648847709098,54,-0.2277859627596508,MAP_PMU,21,0.0002594742825598184
4,UPFC_Vse,5-15,0.05892817559614199,54,0.06341033325853165,MAP_PMU,21,0.0044821576623896645
5,UPFC_tse,5-15,-2.115784830052869,54,-2.1772836908686806,MAP_PMU,21,0.06149886081581135
0,x_tcsc,1-14,-0.11495998757512992,55,-0.11458232990911095,MAP_PMU,21,0.00037765766601896567
1,B_svc,2,0.18562756712652223,55,0.18554927214690295,MAP_PMU,21,7.829497961928111e-05
2,UPFC_Vsh,5-15,1.1114467954361555,55,1.1031678178908981,MAP_PMU,21,0.008278977545257415
3,UPFC_tsh,5-15,-0.22761020078007707,55,-0.2277859627596508,MAP_PMU,21,0.0001757619795737242
4,UPFC_Vse,5-15,0.05982042268645337,55,0.06341033325853165,MAP_PMU,21,0.0035899105720782823
5,UPFC_tse,5-15,-2.1321611323823433,55,-2.1772836908686806,MAP_PMU,21,0.04512255848633728
0,x_tcsc,1-14,-0.11489190548838911,56,-0.11458232990911095,MAP_PMU,21,0.0003095755792781596
1,B_svc,2,0.18609724994005378,56,0.18554927214690295,MAP_PMU,21,0.0005479777931508278
2,UPFC_Vsh,5-15,1.1112946903433307,56,1.1031678178908981,MAP_PMU,21,0.008126872452432599
3,UPFC_tsh,5-15,-0.2276723253633886,56,-0.2277859627596508,MAP_PMU,21,0.0001136373962621895
4,UPFC_Vse,5-15,0.059583290771105586,56,0.06341033325853165,MAP_PMU,21,0.0038270424874260675
5,UPFC_tse,5-15,-2.1233518697387117,56,-2.1772836908686806,MAP_PMU,21,0.05393182112996886
0,x_tcsc,1-14,-0.11485460347869296,57,-0.11458232990911095,MAP_PMU,21,0.00027227356958201
1,B_svc,2,0.1853789897811543,57,0.18554927214690295,MAP_PMU,21,0.0001702823657486474
2,UPFC_Vsh,5-15,1.111765424325873,57,1.1031678178908981,MAP_PMU,21,0.00859760643497487
3,UPFC_tsh,5-15,-0.22763421104803008,57,-0.2277859627596508,MAP_PMU,21,0.00015175171162071233
4,UPFC_Vse,5-15,0.05967801358182508,57,0.06341033325853165,MAP_PMU,21,0.0037323196767065706
5,UPFC_tse,5-15,-2.1237679535265306,57,-2.1772836908686806,MAP_PMU,21,0.05351573734214998
0,x_tcsc,1-14,-0.11491635402862699,58,-0.11458232990911095,MAP_PMU,21,0.00033402411951603816
1,B_svc,2,0.18574955583373853,58,0.18554927214690295,MAP_PMU,21,0.00020028368683558395
2,UPFC_Vsh,5-15,1.1116909854762431,58,1.1031678178908981,MAP_PMU,21,0.008523167585344993
3,UPFC_tsh,5-15,-0.22759747039068312,58,-0.2277859627596508,MAP_PMU,21,0.0001884923689676743
4,UPFC_Vse,5-15,0.05907219541327776,58,0.06341033325853165,MAP_PMU,21,0.0043381378452538935
5,UPFC_tse,5-15,-2.1227663112134056,58,-2.1772836908686806,MAP_PMU,21,0.05451737965527492
0,x_tcsc,1-14,-0.11495088859489212,59,-0.11458232990911095,MAP_PMU,21,0.0003685586857811729
1,B_svc,2,0.1856814545832102,59,0.18554927214690295,MAP_PMU,21,0.0001321824363072488
2,UPFC_Vsh,5-15,1.1115632449160404,59,1.1031678178908981,MAP_PMU,21,0.008395427025142288
3,UPFC_tsh,5-15,-0.22758513672225578,59,-0.2277859627596508,MAP_PMU,21,0.0002008260373950188
4,UPFC_Vse,5-15,0.05970925646382574,59,0.06341033325853165,MAP_PMU,21,0.0037010767947059167
5,UPFC_tse,5-15,-2.1142389811295805,59,-2.1772836908686806,MAP_PMU,21,0.06304470973910004
0,x_tcsc,1-14,-0.11476106511069648,60,-0.11458232990911095,MAP_PMU,21,0.00017873520158552536
1,B_svc,2,0.18597401466753113,60,0.18554927214690295,MAP_PMU,21,0.0004247425206281852
2,UPFC_Vsh,5-15,1.111479439891823,60,1.1031678178908981,MAP_PMU,21,0.008311622000924945
3,UPFC_tsh,5-15,-0.2276241432766129,60,-0.2277859627596508,MAP_PMU,21,0.00016181948303789495
4,UPFC_Vse,5-15,0.05962597662767416,60,0.06341033325853165,MAP_PMU,21,0.003784356630857494
5,UPFC_tse,5-15,-2.1190471006059415,60,-2.1772836908686806,MAP_PMU,21,0.058236590262739085
0,x_tcsc,1-14,-0.11480980582582231,61,-0.11458232990911095,MAP_PMU,21,0.00022747591671136436
1,B_svc,2,0.18524503419234448,61,0.18554927214690295,MAP_PMU,21,0.0003042379545584728
2,UPFC_Vsh,5-15,1.1115925517121281,61,1.1031678178908981,MAP_PMU,21,0.00842473382122999
3,UPFC_tsh,5-15,-0.22764065572566478,61,-0.2277859627596508,MAP_PMU,21,0.00014530703398601963
4,UPFC_Vse,5-15,0.059627357851531365,61,0.06341033325853165,MAP_PMU,21,0.0037829754070002886
5,UPFC_tse,5-15,-2.125660764977849,61,-2.1772836908686806,MAP_PMU,21,0.05162292589083162
0,x_tcsc,1-14,-0.11489091253287775,62,-0.11458232990911095,MAP_PMU,21,0.0003085826237668038
1,B_svc,2,0.185940410997451,62,0.18554927214690295,MAP_PMU,21,0.00039113885054806175
2,UPFC_Vsh,5-15,1.1114824911038679,62,1.1031678178908981,MAP_PMU,21,0.008314673212969748
3,UPFC_tsh,5-15,-0.22768034721338642,62,-0.2277859627596508,MAP_PMU,21,0.00010561554626437042
4,UPFC_Vse,5-15,0.05975258611570586,62,0.06341033325853165,MAP_PMU,21,0.0036577471428257957
5,UPFC_tse,5-15,-2.1220031604785583,62,-2.1772836908686806,MAP_PMU,21,0.05528053039012226
0,x_tcsc,1-14,-0.1147455327781549,63,-0.11458232990911095,MAP_PMU,21,0.0001632028690439491
1,B_svc,2,0.1858041260441404,63,0.18554927214690295,MAP_PMU,21,0.00025485389723745033
2,UPFC_Vsh,5-15,1.111320837235623,63,1.1031678178908981,MAP_PMU,21,0.008153019344724788
3,UPFC_tsh,5-15,-0.2277176558073195,63,-0.2277859627596508,MAP_PMU,21,6.830695233128736e-05
4,UPFC_Vse,5-15,0.059773691143829175,63,0.06341033325853165,MAP_PMU,21,0.003636642114702479
5,UPFC_tse,5-15,-2.1385488284247045,63,-2.1772836908686806,MAP_PMU,21,0.03873486244397606
0,x_tcsc,1-14,-0.11493455193963828,64,-0.11458232990911095,MAP_PMU,21,0.0003522220305273299
1,B_svc,2,0.18591624883722366,64,0.18554927214690295,MAP_PMU,21,0.00036697669032070834
2,UPFC_Vsh,5-15,1.111334988467676,64,1.1031678178908981,MAP_PMU,21,0.008167170576777849
3,UPFC_tsh,5-15,-0.22767048815760849,64,-0.2277859627596508,MAP_PMU,21,0.0001154746020423092
4,UPFC_Vse,5-15,0.05970478363508,64,0.06341033325853165,MAP_PMU,21,0.003705549623451654
5,UPFC_tse,5-15,-2.1400832200231363,64,-2.1772836908686806,MAP_PMU,21,0.03720047084554423
0,x_tcsc,1-14,-0.11489858160040343,65,-0.11458232990911095,MAP_PMU,21,0.0003162516912924851
1,B_svc,2,0.18568726974777727,65,0.18554927214690295,MAP_PMU,21,0.00013799760087432333
2,UPFC_Vsh,5-15,1.1112677438618577,65,1.1031678178908981,MAP_PMU,21,0.008099925970959543
3,UPFC_tsh,5-15,-0.2276921290756376,65,-0.2277859627596508,MAP_PMU,21,9.383368401319481e-05
4,UPFC_Vse,5-15,0.05988366437727049,65,0.06341033325853165,MAP_PMU,21,0.003526668881261165
5,UPFC_tse,5-15,-2.1317769299923186,65,-2.1772836908686806,MAP_PMU,21,0.04550676087636196
0,x_tcsc,1-14,-0.11490282752812056,66,-0.11458232990911095,MAP_PMU,21,0.0003204976190096104
1,B_svc,2,0.18595976382957335,66,0.18554927214690295,MAP_PMU,21,0.00041049168267040526
2,UPFC_Vsh,5-15,1.1113477174963737,66,1.1031678178908981,MAP_PMU,21,0.008179899605475605
3,UPFC_tsh,5-15,-0.22767832123808826,66,-0.2277859627596508,MAP_PMU,21,0.00010764152156253481
4,UPFC_Vse,5-15,0.05997839800805304,66,0.06341033325853165,MAP_PMU,21,0.003431935250478614
5,UPFC_tse,5-15,-2.1357715097305823,66,-2.1772836908686806,MAP_PMU,21,0.04151218113809829
0,x_tcsc,1-14,-0.11497148564761477,67,-0.11458232990911095,MAP_PMU,21,0.0003891557385038158
1,B_svc,2,0.18541080551327355,67,0.18554927214690295,MAP_PMU,21,0.0001384666336294027
2,UPFC_Vsh,5-15,1.1116329113907175,67,1.1031678178908981,MAP_PMU,21,0.008465093499819387
3,UPFC_tsh,5-15,-0.2276316401923743,67,-0.2277859627596508,MAP_PMU,21,0.00015432256727648808
4,UPFC_Vse,5-15,0.059275620609135785,67,0.06341033325853165,MAP_PMU,21,0.004134712649395869
5,UPFC_tse,5-15,-2.1212194305843024,67,-2.1772836908686806,MAP_PMU,21,0.056064260284378165
0,x_tcsc,1-14,-0.11490549504693044,68,-0.11458232990911095,MAP_PMU,21,0.0003231651378194922
1,B_svc,2,0.18584555333758287,68,0.18554927214690295,MAP_PMU,21,0.00029628119067992564
2,UPFC_Vsh,5-15,1.1118782281650723,68,1.1031678178908981,MAP_PMU,21,0.008710410274174185
3,UPFC_tsh,5-15,-0.22767418979094656,68,-0.2277859627596508,MAP_PMU,21,0.00011177296870423792
4,UPFC_Vse,5-15,0.05945514237242822,68,0.06341033325853165,MAP_PMU,21,0.003955190886103431
5,UPFC_tse,5-15,-2.1147958224229124,68,-2.1772836908686806,MAP_PMU,21,0.06248786844576815
0,x_tcsc,1-14,-0.11485408640354836,69,-0.11458232990911095,MAP_PMU,21,0.0002717564944374057
1,B_svc,2,0.18625030247306423,69,0.18554927214690295,MAP_PMU,21,0.0007010303261612838
2,UPFC_Vsh,5-15,1.1115870726039372,69,1.1031678178908981,MAP_PMU,21,0.00841925471303906
3,UPFC_tsh,5-15,-0.22772606006634058,69,-0.2277859627596508,MAP_PMU,21,5.990269331021536e-05
4,UPFC_Vse,5-15,0.059473322082646676,69,0.06341033325853165,MAP_PMU,21,0.003937011175884977
5,UPFC_tse,5-15,-2.122743434404821,69,-2.1772836908686806,MAP_PMU,21,0.05454025646385974
0,x_tcsc,1-14,-0.11480276456892093,70,-0.11458232990911095,MAP_PMU,21,0.000220434659809976
1,B_svc,2,0.18552266366916545,70,0.18554927214690295,MAP_PMU,21,2.6608477737499747e-05
2,UPFC_Vsh,5-15,1.1110591946591677,70,1.1031678178908981,MAP_PMU,21,0.007891376768269565
3,UPFC_tsh,5-15,-0.2276514255966637,70,-0.2277859627596508,MAP_PMU,21,0.00013453716298708618
4,UPFC_Vse,5-15,0.05973279641414461,70,0.06341033325853165,MAP_PMU,21,0.0036775368443870415
5,UPFC_tse,5-15,-2.1278368175999383,70,-2.1772836908686806,MAP_PMU,21,0.04944687326874231
0,x_tcsc,1-14,-0.11496308504384445,71,-0.11458232990911095,MAP_PMU,21,0.00038075513473349865
1,B_svc,2,0.1856470487109744,71,0.18554927214690295,MAP_PMU,21,9.777656407145008e-05
2,UPFC_Vsh,5-15,1.111667415676042,71,1.1031678178908981,MAP_PMU,21,0.008499597785143864
3,UPFC_tsh,5-15,-0.22761363416767846,71,-0.2277859627596508,MAP_PMU,21,0.00017232859197233164
4,UPFC_Vse,5-15,0.05953429228040355,71,0.06341033325853165,MAP_PMU,21,0.0038760409781281036
5,UPFC_tse,5-15,-2.1115299244822965,71,-2.1772836908686806,MAP_PMU,21,0.06575376638638408
0,x_tcsc,1-14,-0.11487629278220195,72,-0.11458232990911095,MAP_PMU,21,0.0002939628730909971
1,B_svc,2,0.18605961967655332,72,0.18554927214690295,MAP_PMU,21,0.0005103475296503734
2,UPFC_Vsh,5-15,1.1114254070496878,72,1.1031678178908981,MAP_PMU,21,0.008257589158789713
3,UPFC_tsh,5-15,-0.22767775323367487,72,-0.2277859627596508,MAP_PMU,21,0.00010820952597592748
4,UPFC_Vse,5-15,0.05936903851335219,72,0.06341033325853165,MAP_PMU,21,0.004041294745179461
5,UPFC_tse,5-15,-2.121719695225969,72,-2.1772836908686806,MAP_PMU,21,0.05556399564271164
0,x_tcsc,1-14,-0.11481044713651586,73,-0.11458232990911095,MAP_PMU,21,0.00022811722740491425
1,B_svc,2,0.18586920841420873,73,0.18554927214690295,MAP_PMU,21,0.0003199362673057815
2,UPFC_Vsh,5-15,1.1114006674724328,73,1.1031678178908981,MAP_PMU,21,0.008232849581534696
3,UPFC_tsh,5-15,-0.2276099140020839,73,-0.2277859627596508,MAP_PMU,21,0.00017604875756688232
4,UPFC_Vse,5-15,0.05934445468155138,73,0.06341033325853165,MAP_PMU,21,0.004065878576980271
5,UPFC_tse,5-15,-2.132222237326545,73,-2.1772836908686806,MAP_PMU,21,0.04506145354213542
0,x_tcsc,1-14,-0.11499317643183839,74,-0.11458232990911095,MAP_PMU,21,0.00041084652272743716
1,B_svc,2,0.18592092034742547,74,0.18554927214690295,MAP_PMU,21,0.00037164820052251746
2,UPFC_Vsh,5-15,1.1117580850833544,74,1.1031678178908981,MAP_PMU,21,0.008590267192456258
3,UPFC_tsh,5-15,-0.22764198992140913,74,-0.2277859627596508,MAP_PMU,21,0.00014397283824166274
4,UPFC_Vse,5-15,0.05941933789319797,74,0.06341033325853165,MAP_PMU,21,0.003990995365333684
5,UPFC_tse,5-15,-2.1260267202312537,74,-2.1772836908686806,MAP_PMU,21,0.051256970637426846
0,x_tcsc,1-14,-0.11496782396344495,75,-0.11458232990911095,MAP_PMU,21,0.00038549405433399575
1,B_svc,2,0.18573062537333082,75,0.18554927214690295,MAP_PMU,21,0.00018135322642787166
2,UPFC_Vsh,5-15,1.1115835302083765,75,1.1031678178908981,MAP_PMU,21,0.008415712317478397
3,UPFC_tsh,5-15,-0.2276212960686194,75,-0.2277859627596508,MAP_PMU,21,0.00016466669103140652
4,UPFC_Vse,5-15,0.05947950880517268,75,0.06341033325853165,MAP_PMU,21,0.003930824453358975
5,UPFC_tse,5-15,-2.118566334035035,75,-2.1772836908686806,MAP_PMU,21,0.05871735683364543
0,x_tcsc,1-14,-0.11481145722641026,76,-0.11458232990911095,MAP_PMU,21,0.00022912731729930746
1,B_svc,2,0.18598461862506574,76,0.18554927214690295,MAP_PMU,21,0.00043534647816279026
2,UPFC_Vsh,5-15,1.1117334841895337,76,1.1031678178908981,MAP_PMU,21,0.008565666298635533
3,UPFC_tsh,5-15,-0.2275788533137357,76,-0.2277859627596508,MAP_PMU,21,0.0002071094459150935
4,UPFC_Vse,5-15,0.05980634420325494,76,0.06341033325853165,MAP_PMU,21,0.0036039890552767156
5,UPFC_tse,5-15,-2.126805943355853,76,-2.1772836908686806,MAP_PMU,21,0.05047774751282752
0,x_tcsc,1-14,-0.11490646020418491,77,-0.11458232990911095,MAP_PMU,21,0.0003241302950739572
1,B_svc,2,0.18578605621282646,77,0.18554927214690295,MAP_PMU,21,0.00023678406592350654
2,UPFC_Vsh,5-15,1.111316152598364,77,1.1031678178908981,MAP_PMU,21,0.008148334707465787
3,UPFC_tsh,5-15,-0.22763743660698166,77,-0.2277859627596508,MAP_PMU,21,0.00014852615266913727
4,UPFC_Vse,5-15,0.05969726937522121,77,0.06341033325853165,MAP_PMU,21,0.0037130638833104412
5,UPFC_tse,5-15,-2.122543013161476,77,-2.1772836908686806,MAP_PMU,21,0.054740677707204366
0,x_tcsc,1-14,-0.11477748966901306,78,-0.11458232990911095,MAP_PMU,21,0.00019515975990211376
1,B_svc,2,0.185379659988601,78,0.18554927214690295,MAP_PMU,21,0.00016961215830194054
2,UPFC_Vsh,5-15,1.111625676327413,78,1.1031678178908981,MAP_PMU,21,0.00845785843651492
3,UPFC_tsh,5-15,-0.2275864180285429,78,-0.2277859627596508,MAP_PMU,21,0.0001995447311078924
4,UPFC_Vse,5-15,0.059538341836554244,78,0.06341033325853165,MAP_PMU,21,0.0038719914219774096
5,UPFC_tse,5-15,-2.1229292740758936,78,-2.1772836908686806,MAP_PMU,21,0.054354416792786964
0,x_tcsc,1-14,-0.11485552710725955,79,-0.11458232990911095,MAP_PMU,21,0.00027319719814859755
1,B_svc,2,0.18586660682646491,79,0.18554927214690295,MAP_PMU,21,0.0003173346795619647
2,UPFC_Vsh,5-15,1.1114439573229893,79,1.1031678178908981,MAP_PMU,21,0.008276139432091156
3,UPFC_tsh,5-15,-0.22770210911234365,79,-0.2277859627596508,MAP_PMU,21,8.385364730714717e-05
4,UPFC_Vse,5-15,0.059488551009514244,79,0.06341033325853165,MAP_PMU,21,0.0039217822490174095
5,UPFC_tse,5-15,-2.1320264519473553,79,-2.1772836908686806,MAP_PMU,21,0.04525723892132527
0,x_tcsc,1-14,-0.11481303039176344,80,-0.11458232990911095,MAP_PMU,21,0.00023070048265248777
1,B_svc,2,0.18575781502631394,80,0.18554927214690295,MAP_PMU,21,0.00020854287941099448
2,UPFC_Vsh,5-15,1.111140884912667,80,1.1031678178908981,MAP_PMU,21,0.00797306702176881
3,UPFC_tsh,5-15,-0.22770900546748157,80,-0.2277859627596508,MAP_PMU,21,7.695729216922187e-05
4,UPFC_Vse,5-15,0.05997831321307191,80,0.06341033325853165,MAP_PMU,21,0.003432020045459741
5,UPFC_tse,5-15,-2.133025022638806,80,-2.1772836908686806,MAP_PMU,21,0.044258668229874676
0,x_tcsc,1-14,-0.11481733821150149,81,-0.11458232990911095,MAP_PMU,21,0.00023500830239053805
1,B_svc,2,0.18566398377579693,81,0.18554927214690295,MAP_PMU,21,0.00011471162889398201
2,UPFC_Vsh,5-15,1.1114581356035151,81,1.1031678178908981,MAP_PMU,21,0.008290317712617012
3,UPFC_tsh,5-15,-0.22764072244980324,81,-0.2277859627596508,MAP_PMU,21,0.0001452403098475552
4,UPFC_Vse,5-15,0.05929744236134979,81,0.06341033325853165,MAP_PMU,21,0.0041128908971818645
5,UPFC_tse,5-15,-2.1321492126542294,81,-2.1772836908686806,MAP_PMU,21,0.04513447821445116
0,x_tcsc,1-14,-0.11482622123385718,82,-0.11458232990911095,MAP_PMU,21,0.000243891324746226
1,B_svc,2,0.18575852428695538,82,0.18554927214690295,MAP_PMU,21,0.00020925214005243498
2,UPFC_Vsh,5-15,1.1112463979072884,82,1.1031678178908981,MAP_PMU,21,0.00807858001639028
3,UPFC_tsh,5-15,-0.2276813116440338,82,-0.2277859627596508,MAP_PMU,21,0.00010465111561699936
4,UPFC_Vse,5-15,0.059749891397078675,82,0.06341033325853165,MAP_PMU,21,0.003660441861452979
5,UPFC_tse,5-15,-2.132320989350708,82,-2.1772836908686806,MAP_PMU,21,0.04496270151797255
0,x_tcsc,1-14,-0.11486687180361962,83,-0.11458232990911095,MAP_PMU,21,0.00028454189450867473
1,B_svc,2,0.18602394262041708,83,0.18554927214690295,MAP_PMU,21,0.00047467047351412717
2,UPFC_Vsh,5-15,1.1115162966263181,83,1.1031678178908981,MAP_PMU,21,0.008348478735419995
3,UPFC_tsh,5-15,-0.2276049289349054,83,-0.2277859627596508,MAP_PMU,21,0.00018103382474540797
4,UPFC_Vse,5-15,0.05968357064601918,83,0.06341033325853165,MAP_PMU,21,0.003726762612512473
5,UPFC_tse,5-15,-2.1235031772085406,83,-2.1772836908686806,MAP_PMU,21,0.05378051366013992
0,x_tcsc,1-14,-0.1148540207610567,84,-0.11458232990911095,MAP_PMU,21,0.00027169085194575504
1,B_svc,2,0.18585593341501258,84,0.18554927214690295,MAP_PMU,21,0.00030666126810963146
2,UPFC_Vsh,5-15,1.1116991366727702,84,1.1031678178908981,MAP_PMU,21,0.008531318781872077
3,UPFC_tsh,5-15,-0.2276652419800439,84,-0.2277859627596508,MAP_PMU,21,0.00012072077960689764
4,UPFC_Vse,5-15,0.05985855105575106,84,0.06341033325853165,MAP_PMU,21,0.0035517822027805943
5,UPFC_tse,5-15,-2.1276788576642782,84,-2.1772836908686806,MAP_PMU,21,0.04960483320440234
0,x_tcsc,1-14,-0.11490506149050177,85,-0.11458232990911095,MAP_PMU,21,0.00032273158139081715
1,B_svc,2,0.18566462168189743,85,0.18554927214690295,MAP_PMU,21,0.00011534953499447997
2,UPFC_Vsh,5-15,1.1116963920534633,85,1.1031678178908981,MAP_PMU,21,0.008528574162565139
3,UPFC_tsh,5-15,-0.22771656362936044,85,-0.2277859627596508,MAP_PMU,21,6.93991302903596e-05
4,UPFC_Vse,5-15,0.059652618226286244,85,0.06341033325853165,MAP_PMU,21,0.0037577150322454095
5,UPFC_tse,5-15,-2.138080254314574,85,-2.1772836908686806,MAP_PMU,21,0.03920343655410674
0,x_tcsc,1-14,-0.11490534281428592,86,-0.11458232990911095,MAP_PMU,21,0.00032301290517497416
1,B_svc,2,0.1858109518201599,86,0.18554927214690295,MAP_PMU,21,0.0002616796732569371
2,UPFC_Vsh,5-15,1.1116649354663148,86,1.1031678178908981,MAP_PMU,21,0.008497117575416713
3,UPFC_tsh,5-15,-0.22762329491276917,86,-0.2277859627596508,MAP_PMU,21,0.0001626678468816256
4,UPFC_Vse,5-15,0.05973046915197083,86,0.06341033325853165,MAP_PMU,21,0.0036798641065608206
5,UPFC_tse,5-15,-2.11953918024164,86,-2.1772836908686806,MAP_PMU,21,0.05774451062704067
0,x_tcsc,1-14,-0.11481234646088902,87,-0.11458232990911095,MAP_PMU,21,0.00023001655177806724
1,B_svc,2,0.18581185233493996,87,0.18554927214690295,MAP_PMU,21,0.0002625801880370149
2,UPFC_Vsh,5-15,1.1112599397099103,87,1.1031678178908981,MAP_PMU,21,0.008092121819012199
3,UPFC_tsh,5-15,-0.22765813335956278,87,-0.2277859627596508,MAP_PMU,21,0.00012782940008801424
4,UPFC_Vse,5-15,0.05945204566138262,87,0.06341033325853165,MAP_PMU,21,0.003958287597149036
5,UPFC_tse,5-15,-2.134520973976102,87,-2.1772836908686806,MAP_PMU,21,0.04276271689257838
0,x_tcsc,1-14,-0.11488316494385548,88,-0.11458232990911095,MAP_PMU,21,0.000300835034744526
1,B_svc,2,0.1863453113569461,88,0.18554927214690295,MAP_PMU,21,0.0007960392100431479
2,UPFC_Vsh,5-15,1.1113320138184215,88,1.1031678178908981,MAP_PMU,21,0.008164195927523377
3,UPFC_tsh,5-15,-0.22761896595944897,88,-0.2277859627596508,MAP_PMU,21,0.00016699680020182406
4,UPFC_Vse,5-15,0.05920822276705874,88,0.06341033325853165,MAP_PMU,21,0.004202110491472913
5,UPFC_tse,5-15,-2.1138011697576515,88,-2.1772836908686806,MAP_PMU,21,0.06348252111102903
0,x_tcsc,1-14,-0.1148649352282013,89,-0.11458232990911095,MAP_PMU,21,0.0002826053190903566
1,B_svc,2,0.18578589281954672,89,0.18554927214690295,MAP_PMU,21,0.00023662067264376696
2,UPFC_Vsh,5-15,1.1115203759737315,89,1.1031678178908981,MAP_PMU,21,0.008352558082833417
3,UPFC_tsh,5-15,-0.22767278761858403,89,-0.2277859627596508,MAP_PMU,21,0.00011317514106676252
4,UPFC_Vse,5-15,0.059527510824452415,89,0.06341033325853165,MAP_PMU,21,0.003882822434079239
5,UPFC_tse,5-15,-2.130022109774077,89,-2.1772836908686806,MAP_PMU,21,0.047261581094603766
0,x_tcsc,1-14,-0.1148412091748825,90,-0.11458232990911095,MAP_PMU,21,0.0002588792657715472
1,B_svc,2,0.18542918816022733,90,0.18554927214690295,MAP_PMU,21,0.00012008398667562314
2,UPFC_Vsh,5-15,1.1113961848525384,90,1.1031678178908981,MAP_PMU,21,0.00822836696164031
3,UPFC_tsh,5-15,-0.22758462973931018,90,-0.2277859627596508,MAP_PMU,21,0.00020133302034061606
4,UPFC_Vse,5-15,0.05935624963772867,90,0.06341033325853165,MAP_PMU,21,0.004054083620802985
5,UPFC_tse,5-15,-2.114834647184631,90,-2.1772836908686806,MAP_PMU,21,0.06244904368404969
0,x_tcsc,1-14,-0.11487399145199967,91,-0.11458232990911095,MAP_PMU,21,0.0002916615428887187
1,B_svc,2,0.18571713749311672,91,0.18554927214690295,MAP_PMU,21,0.00016786534621376914
2,UPFC_Vsh,5-15,1.1115982817198786,91,1.1031678178908981,MAP_PMU,21,0.008430463828980495
3,UPFC_tsh,5-15,-0.22761346609496858,91,-0.2277859627596508,MAP_PMU,21,0.00017249666468222014
4,UPFC_Vse,5-15,0.059232590698344335,91,0.06341033325853165,MAP_PMU,21,0.004177742560187318
5,UPFC_tse,5-15,-2.1259620108054644,91,-2.1772836908686806,MAP_PMU,21,0.051321680063216135
0,x_tcsc,1-14,-0.11480628145813974,92,-0.11458232990911095,MAP_PMU,21,0.00022395154902879466
1,B_svc,2,0.1855892461413741,92,0.18554927214690295,MAP_PMU,21,3.9973994471143026e-05
2,UPFC_Vsh,5-15,1.1112079437909632,92,1.1031678178908981,MAP_PMU,21,0.008040125900065087
3,UPFC_tsh,5-15,-0.2276485292434606,92,-0.2277859627596508,MAP_PMU,21,0.00013743351619019406
4,UPFC_Vse,5-15,0.06021138121152987,92,0.06341033325853165,MAP_PMU,21,0.0031989520470017824
5,UPFC_tse,5-15,-2.125039066231078,92,-2.1772836908686806,MAP_PMU,21,0.05224462463760249
0,x_tcsc,1-14,-0.11483969931353508,93,-0.11458232990911095,MAP_PMU,21,0.0002573694044241265
1,B_svc,2,0.1854487872098507,93,0.18554927214690295,MAP_PMU,21,0.00010048493705225314
2,UPFC_Vsh,5-15,1.111573929741534,93,1.1031678178908981,MAP_PMU,21,0.008406111850635778
3,UPFC_tsh,5-15,-0.2276032338542502,93,-0.2277859627596508,MAP_PMU,21,0.0001827289054006087
4,UPFC_Vse,5-15,0.06008006431687058,93,0.06341033325853165,MAP_PMU,21,0.003330268941661073
5,UPFC_tse,5-15,-2.1165385574132367,93,-2.1772836908686806,MAP_PMU,21,0.060745133455443856
0,x_tcsc,1-14,-0.11479770357401516,94,-0.11458232990911095,MAP_PMU,21,0.00021537366490420595
1,B_svc,2,0.18529512979896967,94,0.18554927214690295,MAP_PMU,21,0.0002541423479332783
2,UPFC_Vsh,5-15,1.1115026225298337,94,1.1031678178908981,MAP_PMU,21,0.008334804638935545
3,UPFC_tsh,5-15,-0.22756894745455022,94,-0.2277859627596508,MAP_PMU,21,0.00021701530510057077
4,UPFC_Vse,5-15,0.05901250683731946,94,0.06341033325853165,MAP_PMU,21,0.004397826421212191
5,UPFC_tse,5-15,-2.1237487639011228,94,-2.1772836908686806,MAP_PMU,21,0.053534926967557794
0,x_tcsc,1-14,-0.11485825260403032,95,-0.11458232990911095,MAP_PMU,21,0.00027592269491936994
1,B_svc,2,0.18583264174300454,95,0.18554927214690295,MAP_PMU,21,0.0002833695961015903
2,UPFC_Vsh,5-15,1.1114672703066693,95,1.1031678178908981,MAP_PMU,21,0.008299452415771125
3,UPFC_tsh,5-15,-0.22768872318095115,95,-0.2277859627596508,MAP_PMU,21,9.723957869964273e-05
4,UPFC_Vse,5-15,0.06011556023625848,95,0.06341033325853165,MAP_PMU,21,0.0032947730222731703
5,UPFC_tse,5-15,-2.126104004028645,95,-2.1772836908686806,MAP_PMU,21,0.05117968684003538
0,x_tcsc,1-14,-0.11473976139308212,96,-0.11458232990911095,MAP_PMU,21,0.00015743148397116824
1,B_svc,2,0.1851750805292053,96,0.18554927214690295,MAP_PMU,21,0.000374191617697639
2,UPFC_Vsh,5-15,1.1112991835879733,96,1.1031678178908981,MAP_PMU,21,0.008131365697075177
3,UPFC_tsh,5-15,-0.2276262370385743,96,-0.2277859627596508,MAP_PMU,21,0.0001597257210765035
4,UPFC_Vse,5-15,0.05889368503619783,96,0.06341033325853165,MAP_PMU,21,0.004516648222333823
5,UPFC_tse,5-15,-2.1218318271234105,96,-2.1772836908686806,MAP_PMU,21,0.055451863745270114
0,x_tcsc,1-14,-0.11480405358175881,97,-0.11458232990911095,MAP_PMU,21,0.00022172367264786108
1,B_svc,2,0.18593927307869673,97,0.18554927214690295,MAP_PMU,21,0.0003900009317937825
2,UPFC_Vsh,5-15,1.1118006039885913,97,1.1031678178908981,MAP_PMU,21,0.008632786097693135
3,UPFC_tsh,5-15,-0.22763136757750213,97,-0.2277859627596508,MAP_PMU,21,0.00015459518214866463
4,UPFC_Vse,5-15,0.05996619111867926,97,0.06341033325853165,MAP_PMU,21,0.003444142139852391
5,UPFC_tse,5-15,-2.1351126974170818,97,-2.1772836908686806,MAP_PMU,21,0.042170993451598804
0,x_tcsc,1-14,-0.11479789731993387,98,-0.11458232990911095,MAP_PMU,21,0.0002155674108229172
1,B_svc,2,0.1857418022541147,98,0.18554927214690295,MAP_PMU,21,0.00019253010721176356
2,UPFC_Vsh,5-15,1.111099655054758,98,1.1031678178908981,MAP_PMU,21,0.007931837163859923
3,UPFC_tsh,5-15,-0.22768687918139238,98,-0.2277859627596508,MAP_PMU,21,9.908357825841319e-05
4,UPFC_Vse,5-15,0.059641179356287335,98,0.06341033325853165,MAP_PMU,21,0.0037691539022443182
5,UPFC_tse,5-15,-2.127096683608918,98,-2.1772836908686806,MAP_PMU,21,0.05018700725976277
0,x_tcsc,1-14,-0.11481209919498421,99,-0.11458232990911095,MAP_PMU,21,0.0002297692858732603
1,B_svc,2,0.18616655607015584,99,0.18554927214690295,MAP_PMU,21,0.0006172839232528871
2,UPFC_Vsh,5-15,1.1117253353511274,99,1.1031678178908981,MAP_PMU,21,0.008557517460229258
3,UPFC_tsh,5-15,-0.22766607884774956,99,-0.2277859627596508,MAP_PMU,21,0.00011988391190123626
4,UPFC_Vse,5-15,0.05995022295653142,99,0.06341033325853165,MAP_PMU,21,0.0034601103020002327
5,UPFC_tse,5-15,-2.1288526761919164,99,-2.1772836908686806,MAP_PMU,21,0.04843101467676414
0,x_tcsc,1-14,-0.11282196847607241,0,-0.11268960664171954,MAP_PMU,23,0.00013236183435287596
1,B_svc,2,0.182655779663303,0,0.1828549729699234,MAP_PMU,23,0.0001991933066204099
2,UPFC_Vsh,5-15,1.1113205451487185,0,1.1038052401113907,MAP_PMU,23,0.00751530503732778
3,UPFC_tsh,5-15,-0.22908886271200316,0,-0.22917208547285292,MAP_PMU,23,8.322276084976599e-05
4,UPFC_Vse,5-15,0.059516416829321815,0,0.06366641822200121,MAP_PMU,23,0.004150001392679396
5,UPFC_tse,5-15,-2.128312084533373,0,-2.1809502520660033,MAP_PMU,23,0.0526381675326304
0,x_tcsc,1-14,-0.11278206926922732,1,-0.11268960664171954,MAP_PMU,23,9.246262750778333e-05
1,B_svc,2,0.18312702025730812,1,0.1828549729699234,MAP_PMU,23,0.0002720472873847246
2,UPFC_Vsh,5-15,1.11154120968064,1,1.1038052401113907,MAP_PMU,23,0.007735969569249379
3,UPFC_tsh,5-15,-0.2289875646441612,1,-0.22917208547285292,MAP_PMU,23,0.00018452082869171993
4,UPFC_Vse,5-15,0.059460446343016504,1,0.06366641822200121,MAP_PMU,23,0.004205971878984707
5,UPFC_tse,5-15,-2.1167167569622327,1,-2.1809502520660033,MAP_PMU,23,0.06423349510377063
0,x_tcsc,1-14,-0.11285631466121925,2,-0.11268960664171954,MAP_PMU,23,0.00016670801949970893
1,B_svc,2,0.18307757473301015,2,0.1828549729699234,MAP_PMU,23,0.0002226017630867494
2,UPFC_Vsh,5-15,1.11178407675525,2,1.1038052401113907,MAP_PMU,23,0.007978836643859344
3,UPFC_tsh,5-15,-0.22894252272713142,2,-0.22917208547285292,MAP_PMU,23,0.00022956274572150104
4,UPFC_Vse,5-15,0.059736168411708375,2,0.06366641822200121,MAP_PMU,23,0.0039302498102928365
5,UPFC_tse,5-15,-2.11955508389224,2,-2.1809502520660033,MAP_PMU,23,0.06139516817376345
0,x_tcsc,1-14,-0.11283037551011614,3,-0.11268960664171954,MAP_PMU,23,0.00014076886839660407
1,B_svc,2,0.18228580492904536,3,0.1828549729699234,MAP_PMU,23,0.000569168040878032
2,UPFC_Vsh,5-15,1.1113003779173982,3,1.1038052401113907,MAP_PMU,23,0.0074951378060075236
3,UPFC_tsh,5-15,-0.22903429253450777,3,-0.22917208547285292,MAP_PMU,23,0.00013779293834514927
4,UPFC_Vse,5-15,0.05952219311360692,3,0.06366641822200121,MAP_PMU,23,0.004144225108394295
5,UPFC_tse,5-15,-2.1333587191041015,3,-2.1809502520660033,MAP_PMU,23,0.04759153296190188
0,x_tcsc,1-14,-0.11284850377449814,4,-0.11268960664171954,MAP_PMU,23,0.00015889713277859874
1,B_svc,2,0.1832875939493198,4,0.1828549729699234,MAP_PMU,23,0.000432620979396392
2,UPFC_Vsh,5-15,1.1113124435109751,4,1.1038052401113907,MAP_PMU,23,0.007507203399584439
3,UPFC_tsh,5-15,-0.2290973639887472,4,-0.22917208547285292,MAP_PMU,23,7.472148410572754e-05
4,UPFC_Vse,5-15,0.05993624380279558,4,0.06366641822200121,MAP_PMU,23,0.0037301744192056313
5,UPFC_tse,5-15,-2.1281250349582463,4,-2.1809502520660033,MAP_PMU,23,0.052825217107757005
0,x_tcsc,1-14,-0.11280842252781774,5,-0.11268960664171954,MAP_PMU,23,0.00011881588609820304
1,B_svc,2,0.18293992947663573,5,0.1828549729699234,MAP_PMU,23,8.49565067123359e-05
2,UPFC_Vsh,5-15,1.1115101372896359,5,1.1038052401113907,MAP_PMU,23,0.007704897178245185
3,UPFC_tsh,5-15,-0.22901424458934638,5,-0.22917208547285292,MAP_PMU,23,0.00015784088350653813
4,UPFC_Vse,5-15,0.059356172389864556,5,0.06366641822200121,MAP_PMU,23,0.0043102458321366555
5,UPFC_tse,5-15,-2.1194727397699156,5,-2.1809502520660033,MAP_PMU,23,0.06147751229608778
0,x_tcsc,1-14,-0.11283741161437906,6,-0.11268960664171954,MAP_PMU,23,0.00014780497265952375
1,B_svc,2,0.182765942045171,6,0.1828549729699234,MAP_PMU,23,8.903092475240348e-05
2,UPFC_Vsh,5-15,1.111564767165399,6,1.1038052401113907,MAP_PMU,23,0.007759527054008286
3,UPFC_tsh,5-15,-0.2290702571034798,6,-0.22917208547285292,MAP_PMU,23,0.00010182836937311368
4,UPFC_Vse,5-15,0.060047363827637076,6,0.06366641822200121,MAP_PMU,23,0.003619054394364135
5,UPFC_tse,5-15,-2.1317505062707816,6,-2.1809502520660033,MAP_PMU,23,0.049199745795221794
0,x_tcsc,1-14,-0.11283386080899588,7,-0.11268960664171954,MAP_PMU,23,0.000144254167276342
1,B_svc,2,0.18331697063592553,7,0.1828549729699234,MAP_PMU,23,0.0004619976660021341
2,UPFC_Vsh,5-15,1.11140456929126,7,1.1038052401113907,MAP_PMU,23,0.007599329179869274
3,UPFC_tsh,5-15,-0.2289887425874708,7,-0.22917208547285292,MAP_PMU,23,0.00018334288538213173
4,UPFC_Vse,5-15,0.059095417015140116,7,0.06366641822200121,MAP_PMU,23,0.004571001206861096
5,UPFC_tse,5-15,-2.11608969134936,7,-2.1809502520660033,MAP_PMU,23,0.06486056071664326
0,x_tcsc,1-14,-0.11286270964236764,8,-0.11268960664171954,MAP_PMU,23,0.00017310300064810047
1,B_svc,2,0.1830082294911438,8,0.1828549729699234,MAP_PMU,23,0.00015325652122039068
2,UPFC_Vsh,5-15,1.1113074670022682,8,1.1038052401113907,MAP_PMU,23,0.007502226890877539
3,UPFC_tsh,5-15,-0.2289924491889877,8,-0.22917208547285292,MAP_PMU,23,0.0001796362838652199
4,UPFC_Vse,5-15,0.059774279458388375,8,0.06366641822200121,MAP_PMU,23,0.003892138763612836
5,UPFC_tse,5-15,-2.1365994433786946,8,-2.1809502520660033,MAP_PMU,23,0.044350808687308785
0,x_tcsc,1-14,-0.11281585834346644,9,-0.11268960664171954,MAP_PMU,23,0.00012625170174690448
1,B_svc,2,0.18296038291853514,9,0.1828549729699234,MAP_PMU,23,0.00010540994861174546
2,UPFC_Vsh,5-15,1.111435897942867,9,1.1038052401113907,MAP_PMU,23,0.007630657831476206
3,UPFC_tsh,5-15,-0.22902247813051685,9,-0.22917208547285292,MAP_PMU,23,0.0001496073423360722
4,UPFC_Vse,5-15,0.059817669512305195,9,0.06366641822200121,MAP_PMU,23,0.0038487487096960163
5,UPFC_tse,5-15,-2.125700518678835,9,-2.1809502520660033,MAP_PMU,23,0.05524973338716821
0,x_tcsc,1-14,-0.11279340949759323,10,-0.11268960664171954,MAP_PMU,23,0.00010380285587369142
1,B_svc,2,0.18277771308646573,10,0.1828549729699234,MAP_PMU,23,7.725988345766432e-05
2,UPFC_Vsh,5-15,1.1115964741611477,10,1.1038052401113907,MAP_PMU,23,0.007791234049757012
3,UPFC_tsh,5-15,-0.228911766180142,10,-0.22917208547285292,MAP_PMU,23,0.0002603192927109199
4,UPFC_Vse,5-15,0.05872424315182642,10,0.06366641822200121,MAP_PMU,23,0.00494217507017479
5,UPFC_tse,5-15,-2.119735648531695,10,-2.1809502520660033,MAP_PMU,23,0.06121460353430841
0,x_tcsc,1-14,-0.11284726043321858,11,-0.11268960664171954,MAP_PMU,23,0.00015765379149904057
1,B_svc,2,0.18293259952048846,11,0.1828549729699234,MAP_PMU,23,7.762655056506307e-05
2,UPFC_Vsh,5-15,1.1117666706261904,11,1.1038052401113907,MAP_PMU,23,0.007961430514799694
3,UPFC_tsh,5-15,-0.2290120366569835,11,-0.22917208547285292,MAP_PMU,23,0.00016004881586942354
4,UPFC_Vse,5-15,0.05912828607396803,11,0.06366641822200121,MAP_PMU,23,0.004538132148033183
5,UPFC_tse,5-15,-2.1344969916337106,11,-2.1809502520660033,MAP_PMU,23,0.0464532604322927
0,x_tcsc,1-14,-0.11283290093882387,12,-0.11268960664171954,MAP_PMU,23,0.0001432942971043294
1,B_svc,2,0.18287444088783672,12,0.1828549729699234,MAP_PMU,23,1.9467917913323918e-05
2,UPFC_Vsh,5-15,1.111337162066152,12,1.1038052401113907,MAP_PMU,23,0.007531921954761378
3,UPFC_tsh,5-15,-0.22910931155708444,12,-0.22917208547285292,MAP_PMU,23,6.277391576847702e-05
4,UPFC_Vse,5-15,0.059646531800562085,12,0.06366641822200121,MAP_PMU,23,0.004019886421439127
5,UPFC_tse,5-15,-2.1316669106787938,12,-2.1809502520660033,MAP_PMU,23,0.04928334138720958
0,x_tcsc,1-14,-0.11285192704943335,13,-0.11268960664171954,MAP_PMU,23,0.00016232040771381462
1,B_svc,2,0.1827674115576074,13,0.1828549729699234,MAP_PMU,23,8.756141231600068e-05
2,UPFC_Vsh,5-15,1.1116231080941887,13,1.1038052401113907,MAP_PMU,23,0.007817867982798044
3,UPFC_tsh,5-15,-0.2289904565198531,13,-0.22917208547285292,MAP_PMU,23,0.00018162895299983495
4,UPFC_Vse,5-15,0.05905384231543409,13,0.06366641822200121,MAP_PMU,23,0.004612575906567121
5,UPFC_tse,5-15,-2.1182997262251733,13,-2.1809502520660033,MAP_PMU,23,0.06265052584083008
0,x_tcsc,1-14,-0.11284526437467585,14,-0.11268960664171954,MAP_PMU,23,0.00015565773295631025
1,B_svc,2,0.18290975489779834,14,0.1828549729699234,MAP_PMU,23,5.478192787494729e-05
2,UPFC_Vsh,5-15,1.1111427834304006,14,1.1038052401113907,MAP_PMU,23,0.0073375433190099315
3,UPFC_tsh,5-15,-0.22908554653702376,14,-0.22917208547285292,MAP_PMU,23,8.653893582916128e-05
4,UPFC_Vse,5-15,0.059480294167414155,14,0.06366641822200121,MAP_PMU,23,0.0041861240545870565
5,UPFC_tse,5-15,-2.135491622718842,14,-2.1809502520660033,MAP_PMU,23,0.045458629347161494
0,x_tcsc,1-14,-0.1127684506455663,15,-0.11268960664171954,MAP_PMU,23,7.884400384676471e-05
1,B_svc,2,0.18249688083341234,15,0.1828549729699234,MAP_PMU,23,0.00035809213651105676
2,UPFC_Vsh,5-15,1.1116193555544254,15,1.1038052401113907,MAP_PMU,23,0.007814115443034675
3,UPFC_tsh,5-15,-0.22887214500226077,15,-0.22917208547285292,MAP_PMU,23,0.0002999404705921471
4,UPFC_Vse,5-15,0.05964725016712136,15,0.06366641822200121,MAP_PMU,23,0.004019168054879854
5,UPFC_tse,5-15,-2.1167721081079414,15,-2.1809502520660033,MAP_PMU,23,0.06417814395806198
0,x_tcsc,1-14,-0.11288240833195541,16,-0.11268960664171954,MAP_PMU,23,0.0001928016902358748
1,B_svc,2,0.18262183061437082,16,0.1828549729699234,MAP_PMU,23,0.00023314235555257912
2,UPFC_Vsh,5-15,1.1111756597440727,16,1.1038052401113907,MAP_PMU,23,0.007370419632682035
3,UPFC_tsh,5-15,-0.22899063703894,16,-0.22917208547285292,MAP_PMU,23,0.00018144843391293408
4,UPFC_Vse,5-15,0.059691373762259844,16,0.06366641822200121,MAP_PMU,23,0.003975044459741367
5,UPFC_tse,5-15,-2.124297472242153,16,-2.1809502520660033,MAP_PMU,23,0.05665277982385053
0,x_tcsc,1-14,-0.11272296369557323,17,-0.11268960664171954,MAP_PMU,23,3.335705385369703e-05
1,B_svc,2,0.18281563164360692,17,0.1828549729699234,MAP_PMU,23,3.9341326316472136e-05
2,UPFC_Vsh,5-15,1.1120580003246832,17,1.1038052401113907,MAP_PMU,23,0.008252760213292465
3,UPFC_tsh,5-15,-0.22894933789910682,17,-0.22917208547285292,MAP_PMU,23,0.00022274757374610155
4,UPFC_Vse,5-15,0.05917702091484954,17,0.06366641822200121,MAP_PMU,23,0.004489397307151671
5,UPFC_tse,5-15,-2.121182821297907,17,-2.1809502520660033,MAP_PMU,23,0.05976743076809621
0,x_tcsc,1-14,-0.11284554580729361,18,-0.11268960664171954,MAP_PMU,23,0.00015593916557407606
1,B_svc,2,0.1825880295850444,18,0.1828549729699234,MAP_PMU,23,0.00026694338487900926
2,UPFC_Vsh,5-15,1.1113927751151418,18,1.1038052401113907,MAP_PMU,23,0.007587535003751089
3,UPFC_tsh,5-15,-0.2289713268823985,18,-0.22917208547285292,MAP_PMU,23,0.00020075859045443067
4,UPFC_Vse,5-15,0.05987781182306473,18,0.06366641822200121,MAP_PMU,23,0.003788606398936481
5,UPFC_tse,5-15,-2.1279821785952553,18,-2.1809502520660033,MAP_PMU,23,0.052968073470748056
0,x_tcsc,1-14,-0.11280845088792237,19,-0.11268960664171954,MAP_PMU,23,0.00011884424620282885
1,B_svc,2,0.18314182195034848,19,0.1828549729699234,MAP_PMU,23,0.00028684898042508067
2,UPFC_Vsh,5-15,1.111564716476298,19,1.1038052401113907,MAP_PMU,23,0.0077594763649073695
3,UPFC_tsh,5-15,-0.2290144716538182,19,-0.22917208547285292,MAP_PMU,23,0.00015761381903472982
4,UPFC_Vse,5-15,0.05934602027734083,19,0.06366641822200121,MAP_PMU,23,0.004320397944660381
5,UPFC_tse,5-15,-2.126387064204136,19,-2.1809502520660033,MAP_PMU,23,0.05456318786186731
0,x_tcsc,1-14,-0.11282899121891897,20,-0.11268960664171954,MAP_PMU,23,0.00013938457719943342
1,B_svc,2,0.18250600577641343,20,0.1828549729699234,MAP_PMU,23,0.00034896719350996364
2,UPFC_Vsh,5-15,1.111650538512545,20,1.1038052401113907,MAP_PMU,23,0.007845298401154333
3,UPFC_tsh,5-15,-0.2290273251319597,20,-0.22917208547285292,MAP_PMU,23,0.0001447603408932241
4,UPFC_Vse,5-15,0.05943655797457422,20,0.06366641822200121,MAP_PMU,23,0.004229860247426991
5,UPFC_tse,5-15,-2.1282182713825364,20,-2.1809502520660033,MAP_PMU,23,0.05273198068346696
0,x_tcsc,1-14,-0.11287964753834115,21,-0.11268960664171954,MAP_PMU,23,0.00019004089662161272
1,B_svc,2,0.1833078415177537,21,0.1828549729699234,MAP_PMU,23,0.00045286854783030406
2,UPFC_Vsh,5-15,1.1113937457221992,21,1.1038052401113907,MAP_PMU,23,0.0075885056108084825
3,UPFC_tsh,5-15,-0.2289800571328745,21,-0.22917208547285292,MAP_PMU,23,0.00019202833997841728
4,UPFC_Vse,5-15,0.05998562697754905,21,0.06366641822200121,MAP_PMU,23,0.0036807912444521626
5,UPFC_tse,5-15,-2.130727526801531,21,-2.1809502520660033,MAP_PMU,23,0.050222725264472245
0,x_tcsc,1-14,-0.11277116347627751,22,-0.11268960664171954,MAP_PMU,23,8.15568345579748e-05
1,B_svc,2,0.18324270857161512,22,0.1828549729699234,MAP_PMU,23,0.0003877356016917244
2,UPFC_Vsh,5-15,1.1114076111035556,22,1.1038052401113907,MAP_PMU,23,0.007602370992164875
3,UPFC_tsh,5-15,-0.2290494491254002,22,-0.22917208547285292,MAP_PMU,23,0.0001226363474527148
4,UPFC_Vse,5-15,0.05985279089705244,22,0.06366641822200121,MAP_PMU,23,0.0038136273249487693
5,UPFC_tse,5-15,-2.1299104187837417,22,-2.1809502520660033,MAP_PMU,23,0.05103983328226169
0,x_tcsc,1-14,-0.11272559816535367,23,-0.11268960664171954,MAP_PMU,23,3.599152363413516e-05
1,B_svc,2,0.18284766521055212,23,0.1828549729699234,MAP_PMU,23,7.30775937127226e-06
2,UPFC_Vsh,5-15,1.1116570194836537,23,1.1038052401113907,MAP_PMU,23,0.007851779372263001
3,UPFC_tsh,5-15,-0.22900416739052631,23,-0.22917208547285292,MAP_PMU,23,0.00016791808232660688
4,UPFC_Vse,5-15,0.059659276911761545,23,0.06366641822200121,MAP_PMU,23,0.004007141310239666
5,UPFC_tse,5-15,-2.1261528753052774,23,-2.1809502520660033,MAP_PMU,23,0.054797376760725935
0,x_tcsc,1-14,-0.11282751375123737,24,-0.11268960664171954,MAP_PMU,23,0.00013790710951783192
1,B_svc,2,0.18263701668673188,24,0.1828549729699234,MAP_PMU,23,0.00021795628319151716
2,UPFC_Vsh,5-15,1.1115424343560443,24,1.1038052401113907,MAP_PMU,23,0.007737194244653578
3,UPFC_tsh,5-15,-0.22897718533141706,24,-0.22917208547285292,MAP_PMU,23,0.00019490014143586087
4,UPFC_Vse,5-15,0.05906908463421756,24,0.06366641822200121,MAP_PMU,23,0.00459733358778365
5,UPFC_tse,5-15,-2.1313137244113425,24,-2.1809502520660033,MAP_PMU,23,0.04963652765466087
0,x_tcsc,1-14,-0.11295519144174061,25,-0.11268960664171954,MAP_PMU,23,0.00026558480002107643
1,B_svc,2,0.18317233683032316,25,0.1828549729699234,MAP_PMU,23,0.0003173638603997664
2,UPFC_Vsh,5-15,1.1114747223979713,25,1.1038052401113907,MAP_PMU,23,0.007669482286580598
3,UPFC_tsh,5-15,-0.22897107048754511,25,-0.22917208547285292,MAP_PMU,23,0.00020101498530780693
4,UPFC_Vse,5-15,0.05920669639706052,25,0.06366641822200121,MAP_PMU,23,0.004459721824940692
5,UPFC_tse,5-15,-2.126513262359439,25,-2.1809502520660033,MAP_PMU,23,0.05443698970656419
0,x_tcsc,1-14,-0.11282596651817602,26,-0.11268960664171954,MAP_PMU,23,0.0001363598764564794
1,B_svc,2,0.183228505804874,26,0.1828549729699234,MAP_PMU,23,0.00037353283495059064
2,UPFC_Vsh,5-15,1.1114029400805505,26,1.1038052401113907,MAP_PMU,23,0.007597699969159821
3,UPFC_tsh,5-15,-0.2289978884785767,26,-0.22917208547285292,MAP_PMU,23,0.00017419699427623225
4,UPFC_Vse,5-15,0.059334675556461845,26,0.06366641822200121,MAP_PMU,23,0.004331742665539366
5,UPFC_tse,5-15,-2.13343891966173,26,-2.1809502520660033,MAP_PMU,23,0.04751133240427352
0,x_tcsc,1-14,-0.11278838167298806,27,-0.11268960664171954,MAP_PMU,23,9.877503126852483e-05
1,B_svc,2,0.1827069935789522,27,0.1828549729699234,MAP_PMU,23,0.0001479793909711924
2,UPFC_Vsh,5-15,1.1112179677820002,27,1.1038052401113907,MAP_PMU,23,0.00741272767060952
3,UPFC_tsh,5-15,-0.22905108380828698,27,-0.22917208547285292,MAP_PMU,23,0.00012100166456593953
4,UPFC_Vse,5-15,0.05926993009116203,27,0.06366641822200121,MAP_PMU,23,0.004396488130839184
5,UPFC_tse,5-15,-2.13864360842188,27,-2.1809502520660033,MAP_PMU,23,0.04230664364412329
0,x_tcsc,1-14,-0.11283272995040353,28,-0.11268960664171954,MAP_PMU,23,0.00014312330868399004
1,B_svc,2,0.1834115938095518,28,0.1828549729699234,MAP_PMU,23,0.0005566208396284023
2,UPFC_Vsh,5-15,1.1112121688076277,28,1.1038052401113907,MAP_PMU,23,0.007406928696237047
3,UPFC_tsh,5-15,-0.22903258760731993,28,-0.22917208547285292,MAP_PMU,23,0.00013949786553299481
4,UPFC_Vse,5-15,0.06024675561618462,28,0.06366641822200121,MAP_PMU,23,0.0034196626058165883
5,UPFC_tse,5-15,-2.137632833685034,28,-2.1809502520660033,MAP_PMU,23,0.043317418380969475
0,x_tcsc,1-14,-0.11286454250999364,29,-0.11268960664171954,MAP_PMU,23,0.00017493586827410645
1,B_svc,2,0.18333037652230616,29,0.1828549729699234,MAP_PMU,23,0.00047540355238276377
2,UPFC_Vsh,5-15,1.112198684592611,29,1.1038052401113907,MAP_PMU,23,0.008393444481220369
3,UPFC_tsh,5-15,-0.22883806535461637,29,-0.22917208547285292,MAP_PMU,23,0.00033402011823654987
4,UPFC_Vse,5-15,0.059392164449745405,29,0.06366641822200121,MAP_PMU,23,0.004274253772255807
5,UPFC_tse,5-15,-2.1036271311450605,29,-2.1809502520660033,MAP_PMU,23,0.07732312092094284
0,x_tcsc,1-14,-0.11277921346529157,30,-0.11268960664171954,MAP_PMU,23,8.960682357203598e-05
1,B_svc,2,0.1830251457040815,30,0.1828549729699234,MAP_PMU,23,0.00017017273415809164
2,UPFC_Vsh,5-15,1.1116796386589733,30,1.1038052401113907,MAP_PMU,23,0.00787439854758265
3,UPFC_tsh,5-15,-0.22896878555508265,30,-0.22917208547285292,MAP_PMU,23,0.00020329991777026657
4,UPFC_Vse,5-15,0.0600811657502569,30,0.06366641822200121,MAP_PMU,23,0.0035852524717443143
5,UPFC_tse,5-15,-2.119668896025696,30,-2.1809502520660033,MAP_PMU,23,0.061281356040307156
0,x_tcsc,1-14,-0.11284561502261398,31,-0.11268960664171954,MAP_PMU,23,0.00015600838089444014
1,B_svc,2,0.18319106338380883,31,0.1828549729699234,MAP_PMU,23,0.00033609041388543703
2,UPFC_Vsh,5-15,1.1114265812750208,31,1.1038052401113907,MAP_PMU,23,0.007621341163630113
3,UPFC_tsh,5-15,-0.22898198103496223,31,-0.22917208547285292,MAP_PMU,23,0.00019010443789069242
4,UPFC_Vse,5-15,0.059192770768724444,31,0.06366641822200121,MAP_PMU,23,0.0044736474532767675
5,UPFC_tse,5-15,-2.1173414806876156,31,-2.1809502520660033,MAP_PMU,23,0.06360877137838772
0,x_tcsc,1-14,-0.11284905562410805,32,-0.11268960664171954,MAP_PMU,23,0.00015944898238851035
1,B_svc,2,0.18336787536061513,32,0.1828549729699234,MAP_PMU,23,0.0005129023906917385
2,UPFC_Vsh,5-15,1.1118059164715426,32,1.1038052401113907,MAP_PMU,23,0.008000676360151893
3,UPFC_tsh,5-15,-0.2289995057744638,32,-0.22917208547285292,MAP_PMU,23,0.00017257969838913034
4,UPFC_Vse,5-15,0.05915447201522928,32,0.06366641822200121,MAP_PMU,23,0.004511946206771929
5,UPFC_tse,5-15,-2.124546376616916,32,-2.1809502520660033,MAP_PMU,23,0.056403875449087426
0,x_tcsc,1-14,-0.11281170894986114,33,-0.11268960664171954,MAP_PMU,23,0.00012210230814160838
1,B_svc,2,0.18285550555189442,33,0.1828549729699234,MAP_PMU,23,5.325819710244595e-07
2,UPFC_Vsh,5-15,1.1116962779502662,33,1.1038052401113907,MAP_PMU,23,0.007891037838875459
3,UPFC_tsh,5-15,-0.22897502428410982,33,-0.22917208547285292,MAP_PMU,23,0.00019706118874310286
4,UPFC_Vse,5-15,0.05916894014374371,33,0.06366641822200121,MAP_PMU,23,0.004497478078257504
5,UPFC_tse,5-15,-2.1249033609459294,33,-2.1809502520660033,MAP_PMU,23,0.056046891120073994
0,x_tcsc,1-14,-0.11288698077949169,34,-0.11268960664171954,MAP_PMU,23,0.00019737413777215496
1,B_svc,2,0.18277233908679574,34,0.1828549729699234,MAP_PMU,23,8.263388312765296e-05
2,UPFC_Vsh,5-15,1.1115177549838877,34,1.1038052401113907,MAP_PMU,23,0.007712514872497023
3,UPFC_tsh,5-15,-0.22893266484909822,34,-0.22917208547285292,MAP_PMU,23,0.00023942062375470474
4,UPFC_Vse,5-15,0.05954080203430566,34,0.06366641822200121,MAP_PMU,23,0.004125616187695552
5,UPFC_tse,5-15,-2.1184889726133878,34,-2.1809502520660033,MAP_PMU,23,0.06246127945261559
0,x_tcsc,1-14,-0.11285421191703524,35,-0.11268960664171954,MAP_PMU,23,0.00016460527531569902
1,B_svc,2,0.18288974787896323,35,0.1828549729699234,MAP_PMU,23,3.4774909039830826e-05
2,UPFC_Vsh,5-15,1.1111936304292562,35,1.1038052401113907,MAP_PMU,23,0.007388390317865534
3,UPFC_tsh,5-15,-0.2290132345514759,35,-0.22917208547285292,MAP_PMU,23,0.0001588509213770184
4,UPFC_Vse,5-15,0.0597833203337202,35,0.06366641822200121,MAP_PMU,23,0.0038830978882810133
5,UPFC_tse,5-15,-2.138365359944056,35,-2.1809502520660033,MAP_PMU,23,0.04258489212194716
0,x_tcsc,1-14,-0.11282084066328622,36,-0.11268960664171954,MAP_PMU,23,0.00013123402156668684
1,B_svc,2,0.18278734066926833,36,0.1828549729699234,MAP_PMU,23,6.763230065506831e-05
2,UPFC_Vsh,5-15,1.1116735311654726,36,1.1038052401113907,MAP_PMU,23,0.007868291054081933
3,UPFC_tsh,5-15,-0.22899792596283872,36,-0.22917208547285292,MAP_PMU,23,0.0001741595100142046
4,UPFC_Vse,5-15,0.05942377586160338,36,0.06366641822200121,MAP_PMU,23,0.004242642360397834
5,UPFC_tse,5-15,-2.1280131671878904,36,-2.1809502520660033,MAP_PMU,23,0.052937084878112994
0,x_tcsc,1-14,-0.11288139609378604,37,-0.11268960664171954,MAP_PMU,23,0.000191789452066507
1,B_svc,2,0.1830950165960274,37,0.1828549729699234,MAP_PMU,23,0.00024004362610399732
2,UPFC_Vsh,5-15,1.111680439928502,37,1.1038052401113907,MAP_PMU,23,0.007875199817111378
3,UPFC_tsh,5-15,-0.22906532518969133,37,-0.22917208547285292,MAP_PMU,23,0.00010676028316158881
4,UPFC_Vse,5-15,0.05996411005097694,37,0.06366641822200121,MAP_PMU,23,0.0037023081710242725
5,UPFC_tse,5-15,-2.1325628751647745,37,-2.1809502520660033,MAP_PMU,23,0.04838737690122885
0,x_tcsc,1-14,-0.11285543463629287,38,-0.11268960664171954,MAP_PMU,23,0.00016582799457333375
1,B_svc,2,0.1829307643948843,38,0.1828549729699234,MAP_PMU,23,7.579142496089153e-05
2,UPFC_Vsh,5-15,1.1117229857414699,38,1.1038052401113907,MAP_PMU,23,0.007917745630079187
3,UPFC_tsh,5-15,-0.22894593062878518,38,-0.22917208547285292,MAP_PMU,23,0.00022615484406773856
4,UPFC_Vse,5-15,0.05930614485771424,38,0.06366641822200121,MAP_PMU,23,0.004360273364286973
5,UPFC_tse,5-15,-2.1241751556639143,38,-2.1809502520660033,MAP_PMU,23,0.056775096402089
0,x_tcsc,1-14,-0.11284992989067666,39,-0.11268960664171954,MAP_PMU,23,0.0001603232489571227
1,B_svc,2,0.18297268868051572,39,0.1828549729699234,MAP_PMU,23,0.00011771571059232544
2,UPFC_Vsh,5-15,1.1115697149791903,39,1.1038052401113907,MAP_PMU,23,0.007764474867799631
3,UPFC_tsh,5-15,-0.22897441872160978,39,-0.22917208547285292,MAP_PMU,23,0.00019766675124313626
4,UPFC_Vse,5-15,0.05896022884156605,39,0.06366641822200121,MAP_PMU,23,0.004706189380435162
5,UPFC_tse,5-15,-2.1227897875689212,39,-2.1809502520660033,MAP_PMU,23,0.05816046449708212
0,x_tcsc,1-14,-0.11283095786307831,40,-0.11268960664171954,MAP_PMU,23,0.00014135122135877642
1,B_svc,2,0.18344716397851152,40,0.1828549729699234,MAP_PMU,23,0.0005921910085881221
2,UPFC_Vsh,5-15,1.1113203828394214,40,1.1038052401113907,MAP_PMU,23,0.007515142728030666
3,UPFC_tsh,5-15,-0.2289904067721077,40,-0.22917208547285292,MAP_PMU,23,0.0001816787007452303
4,UPFC_Vse,5-15,0.05958828658015047,40,0.06366641822200121,MAP_PMU,23,0.004078131641850745
5,UPFC_tse,5-15,-2.123007681113191,40,-2.1809502520660033,MAP_PMU,23,0.0579425709528123
0,x_tcsc,1-14,-0.11285388170599515,41,-0.11268960664171954,MAP_PMU,23,0.000164275064275618
1,B_svc,2,0.1827549763303818,41,0.1828549729699234,MAP_PMU,23,9.99966395416052e-05
2,UPFC_Vsh,5-15,1.111427067442435,41,1.1038052401113907,MAP_PMU,23,0.0076218273310442175
3,UPFC_tsh,5-15,-0.22903897336010226,41,-0.22917208547285292,MAP_PMU,23,0.0001331121127506607
4,UPFC_Vse,5-15,0.05931693421027098,41,0.06366641822200121,MAP_PMU,23,0.004349484011730229
5,UPFC_tse,5-15,-2.128788563446907,41,-2.1809502520660033,MAP_PMU,23,0.052161688619096314
0,x_tcsc,1-14,-0.11281084164865111,42,-0.11268960664171954,MAP_PMU,23,0.00012123500693157763
1,B_svc,2,0.18305884054449928,42,0.1828549729699234,MAP_PMU,23,0.00020386757457588334
2,UPFC_Vsh,5-15,1.111556203576895,42,1.1038052401113907,MAP_PMU,23,0.007750963465504412
3,UPFC_tsh,5-15,-0.22902388870071927,42,-0.22917208547285292,MAP_PMU,23,0.0001481967721336519
4,UPFC_Vse,5-15,0.05954246058643198,42,0.06366641822200121,MAP_PMU,23,0.004123957635569234
5,UPFC_tse,5-15,-2.1285655026335073,42,-2.1809502520660033,MAP_PMU,23,0.05238474943249605
0,x_tcsc,1-14,-0.11276203404203732,43,-0.11268960664171954,MAP_PMU,23,7.242740031777883e-05
1,B_svc,2,0.18279123948929302,43,0.1828549729699234,MAP_PMU,23,6.373348063037909e-05
2,UPFC_Vsh,5-15,1.111739482530862,43,1.1038052401113907,MAP_PMU,23,0.007934242419471271
3,UPFC_tsh,5-15,-0.22903038779753043,43,-0.22917208547285292,MAP_PMU,23,0.00014169767532248856
4,UPFC_Vse,5-15,0.05954784026401322,43,0.06366641822200121,MAP_PMU,23,0.004118577957987993
5,UPFC_tse,5-15,-2.123741336692045,43,-2.1809502520660033,MAP_PMU,23,0.05720891537395856
0,x_tcsc,1-14,-0.11283529820807153,44,-0.11268960664171954,MAP_PMU,23,0.00014569156635199643
1,B_svc,2,0.18316670927013112,44,0.1828549729699234,MAP_PMU,23,0.0003117363002077267
2,UPFC_Vsh,5-15,1.1113806580699952,44,1.1038052401113907,MAP_PMU,23,0.007575417958604502
3,UPFC_tsh,5-15,-0.2290127782557907,44,-0.22917208547285292,MAP_PMU,23,0.00015930721706222672
4,UPFC_Vse,5-15,0.05986035396300534,44,0.06366641822200121,MAP_PMU,23,0.0038060642589958713
5,UPFC_tse,5-15,-2.117702950928464,44,-2.1809502520660033,MAP_PMU,23,0.0632473011375394
0,x_tcsc,1-14,-0.11283451314216011,45,-0.11268960664171954,MAP_PMU,23,0.00014490650044057807
1,B_svc,2,0.18293954141334545,45,0.1828549729699234,MAP_PMU,23,8.456844342205616e-05
2,UPFC_Vsh,5-15,1.1117022133455692,45,1.1038052401113907,MAP_PMU,23,0.007896973234178484
3,UPFC_tsh,5-15,-0.22899175634719515,45,-0.22917208547285292,MAP_PMU,23,0.00018032912565776882
4,UPFC_Vse,5-15,0.05936753632606331,45,0.06366641822200121,MAP_PMU,23,0.004298881895937905
5,UPFC_tse,5-15,-2.123235482570611,45,-2.1809502520660033,MAP_PMU,23,0.05771476949539256
0,x_tcsc,1-14,-0.11282003548062328,46,-0.11268960664171954,MAP_PMU,23,0.00013042883890374002
1,B_svc,2,0.18316374219143325,46,0.1828549729699234,MAP_PMU,23,0.00030876922150985253
2,UPFC_Vsh,5-15,1.1113475155583963,46,1.1038052401113907,MAP_PMU,23,0.007542275447005586
3,UPFC_tsh,5-15,-0.22901797125750653,46,-0.22917208547285292,MAP_PMU,23,0.00015411421534639036
4,UPFC_Vse,5-15,0.05912821612756182,46,0.06366641822200121,MAP_PMU,23,0.004538202094439392
5,UPFC_tse,5-15,-2.1228343039080184,46,-2.1809502520660033,MAP_PMU,23,0.05811594815798493
0,x_tcsc,1-14,-0.11287062058391191,47,-0.11268960664171954,MAP_PMU,23,0.00018101394219237343
1,B_svc,2,0.18286855799834695,47,0.1828549729699234,MAP_PMU,23,1.3585028423551693e-05
2,UPFC_Vsh,5-15,1.111821472880012,47,1.1038052401113907,MAP_PMU,23,0.00801623276862129
3,UPFC_tsh,5-15,-0.22899411748038068,47,-0.22917208547285292,MAP_PMU,23,0.00017796799247224437
4,UPFC_Vse,5-15,0.0599259642582766,47,0.06366641822200121,MAP_PMU,23,0.0037404539637246118
5,UPFC_tse,5-15,-2.1297285280352733,47,-2.1809502520660033,MAP_PMU,23,0.05122172403073
0,x_tcsc,1-14,-0.1128677727573719,48,-0.11268960664171954,MAP_PMU,23,0.00017816611565237006
1,B_svc,2,0.1832334994148321,48,0.1828549729699234,MAP_PMU,23,0.0003785264449087111
2,UPFC_Vsh,5-15,1.111764622281974,48,1.1038052401113907,MAP_PMU,23,0.007959382170583229
3,UPFC_tsh,5-15,-0.22897541806476884,48,-0.22917208547285292,MAP_PMU,23,0.000196667408084078
4,UPFC_Vse,5-15,0.05927645309549732,48,0.06366641822200121,MAP_PMU,23,0.004389965126503893
5,UPFC_tse,5-15,-2.123221618025454,48,-2.1809502520660033,MAP_PMU,23,0.0577286340405494
0,x_tcsc,1-14,-0.1128178129377638,49,-0.11268960664171954,MAP_PMU,23,0.00012820629604426426
1,B_svc,2,0.18281139420655276,49,0.1828549729699234,MAP_PMU,23,4.3578763370633045e-05
2,UPFC_Vsh,5-15,1.1116373604488043,49,1.1038052401113907,MAP_PMU,23,0.00783212033741365
3,UPFC_tsh,5-15,-0.2289582576279278,49,-0.22917208547285292,MAP_PMU,23,0.00021382784492512963
4,UPFC_Vse,5-15,0.0591295184732742,49,0.06366641822200121,MAP_PMU,23,0.004536899748727015
5,UPFC_tse,5-15,-2.1159603405689187,49,-2.1809502520660033,MAP_PMU,23,0.06498991149708466
0,x_tcsc,1-14,-0.11280368046299162,50,-0.11268960664171954,MAP_PMU,23,0.00011407382127208432
1,B_svc,2,0.18278833224435193,50,0.1828549729699234,MAP_PMU,23,6.664072557147072e-05
2,UPFC_Vsh,5-15,1.1112513142294844,50,1.1038052401113907,MAP_PMU,23,0.007446074118093726
3,UPFC_tsh,5-15,-0.22898077424790714,50,-0.22917208547285292,MAP_PMU,23,0.0001913112249457838
4,UPFC_Vse,5-15,0.059716869892478396,50,0.06366641822200121,MAP_PMU,23,0.003949548329522816
5,UPFC_tse,5-15,-2.135721905673513,50,-2.1809502520660033,MAP_PMU,23,0.045228346392490515
0,x_tcsc,1-14,-0.11279839135397352,51,-0.11268960664171954,MAP_PMU,23,0.00010878471225397868
1,B_svc,2,0.18322425916163404,51,0.1828549729699234,MAP_PMU,23,0.0003692861917106438
2,UPFC_Vsh,5-15,1.1116848899686118,51,1.1038052401113907,MAP_PMU,23,0.007879649857221116
3,UPFC_tsh,5-15,-0.2289783620636574,51,-0.22917208547285292,MAP_PMU,23,0.00019372340919551756
4,UPFC_Vse,5-15,0.05943784758979782,51,0.06366641822200121,MAP_PMU,23,0.004228570632203395
5,UPFC_tse,5-15,-2.1224887031224755,51,-2.1809502520660033,MAP_PMU,23,0.05846154894352784
0,x_tcsc,1-14,-0.11284393282077596,52,-0.11268960664171954,MAP_PMU,23,0.00015432617905641877
1,B_svc,2,0.1830432648866529,52,0.1828549729699234,MAP_PMU,23,0.00018829191672950496
2,UPFC_Vsh,5-15,1.1117799756804563,52,1.1038052401113907,MAP_PMU,23,0.007974735569065583
3,UPFC_tsh,5-15,-0.2289740705658843,52,-0.22917208547285292,MAP_PMU,23,0.00019801490696860768
4,UPFC_Vse,5-15,0.059175700753955604,52,0.06366641822200121,MAP_PMU,23,0.0044907174680456075
5,UPFC_tse,5-15,-2.1144924655452466,52,-2.1809502520660033,MAP_PMU,23,0.06645778652075673
0,x_tcsc,1-14,-0.11282801779045139,53,-0.11268960664171954,MAP_PMU,23,0.00013841114873185123
1,B_svc,2,0.18282980519439465,53,0.1828549729699234,MAP_PMU,23,2.516777552874494e-05
2,UPFC_Vsh,5-15,1.1111566519789768,53,1.1038052401113907,MAP_PMU,23,0.007351411867586144
3,UPFC_tsh,5-15,-0.22904770731013,53,-0.22917208547285292,MAP_PMU,23,0.0001243781627229268
4,UPFC_Vse,5-15,0.05912251794064255,53,0.06366641822200121,MAP_PMU,23,0.004543900281358662
5,UPFC_tse,5-15,-2.1217850395099043,53,-2.1809502520660033,MAP_PMU,23,0.05916521255609908
0,x_tcsc,1-14,-0.11290894123042562,54,-0.11268960664171954,MAP_PMU,23,0.00021933458870608546
1,B_svc,2,0.18364766103836197,54,0.1828549729699234,MAP_PMU,23,0.000792688068438574
2,UPFC_Vsh,5-15,1.1115754138236826,54,1.1038052401113907,MAP_PMU,23,0.007770173712291939
3,UPFC_tsh,5-15,-0.2290093909665082,54,-0.22917208547285292,MAP_PMU,23,0.00016269450634473492
4,UPFC_Vse,5-15,0.0593399624387898,54,0.06366641822200121,MAP_PMU,23,0.004326455783211412
5,UPFC_tse,5-15,-2.1343309232225427,54,-2.1809502520660033,MAP_PMU,23,0.04661932884346065
0,x_tcsc,1-14,-0.11292276142607735,55,-0.11268960664171954,MAP_PMU,23,0.00023315478435781412
1,B_svc,2,0.18290204482672295,55,0.1828549729699234,MAP_PMU,23,4.707185679955761e-05
2,UPFC_Vsh,5-15,1.1114390755276147,55,1.1038052401113907,MAP_PMU,23,0.007633835416223977
3,UPFC_tsh,5-15,-0.22904773365600786,55,-0.22917208547285292,MAP_PMU,23,0.00012435181684505858
4,UPFC_Vse,5-15,0.05996801206745479,55,0.06366641822200121,MAP_PMU,23,0.0036984061545464186
5,UPFC_tse,5-15,-2.1375153971201994,55,-2.1809502520660033,MAP_PMU,23,0.0434348549458039
0,x_tcsc,1-14,-0.11286042037958806,56,-0.11268960664171954,MAP_PMU,23,0.00017081373786852205
1,B_svc,2,0.18343179110326743,56,0.1828549729699234,MAP_PMU,23,0.000576818133344037
2,UPFC_Vsh,5-15,1.1112555920457743,56,1.1038052401113907,MAP_PMU,23,0.007450351934383592
3,UPFC_tsh,5-15,-0.22907768019958566,56,-0.22917208547285292,MAP_PMU,23,9.440527326726178e-05
4,UPFC_Vse,5-15,0.0595537575313199,56,0.06366641822200121,MAP_PMU,23,0.004112660690681315
5,UPFC_tse,5-15,-2.125536923332152,56,-2.1809502520660033,MAP_PMU,23,0.05541332873385141
0,x_tcsc,1-14,-0.11286774975808267,57,-0.11268960664171954,MAP_PMU,23,0.00017814311636313307
1,B_svc,2,0.18266215079064219,57,0.1828549729699234,MAP_PMU,23,0.00019282217928121015
2,UPFC_Vsh,5-15,1.111345326706817,57,1.1038052401113907,MAP_PMU,23,0.007540086595426265
3,UPFC_tsh,5-15,-0.22906668287223902,57,-0.22917208547285292,MAP_PMU,23,0.00010540260061389639
4,UPFC_Vse,5-15,0.05991038115461721,57,0.06366641822200121,MAP_PMU,23,0.003756037067384005
5,UPFC_tse,5-15,-2.1318966165930378,57,-2.1809502520660033,MAP_PMU,23,0.049053635472965595
0,x_tcsc,1-14,-0.112892685418522,58,-0.11268960664171954,MAP_PMU,23,0.000203078776802465
1,B_svc,2,0.18299853270731584,58,0.1828549729699234,MAP_PMU,23,0.0001435597373924402
2,UPFC_Vsh,5-15,1.1114535489638178,58,1.1038052401113907,MAP_PMU,23,0.007648308852427066
3,UPFC_tsh,5-15,-0.22902496373126366,58,-0.22917208547285292,MAP_PMU,23,0.00014712174158926228
4,UPFC_Vse,5-15,0.05935984473005583,58,0.06366641822200121,MAP_PMU,23,0.004306573491945381
5,UPFC_tse,5-15,-2.1308049543017513,58,-2.1809502520660033,MAP_PMU,23,0.05014529776425203
0,x_tcsc,1-14,-0.11290702415491699,59,-0.11268960664171954,MAP_PMU,23,0.00021741751319745428
1,B_svc,2,0.1828679614053093,59,0.1828549729699234,MAP_PMU,23,1.2988435385913322e-05
2,UPFC_Vsh,5-15,1.1118531579723554,59,1.1038052401113907,MAP_PMU,23,0.008047917860964704
3,UPFC_tsh,5-15,-0.2290135775496898,59,-0.22917208547285292,MAP_PMU,23,0.00015850792316313145
4,UPFC_Vse,5-15,0.05988845333110287,59,0.06366641822200121,MAP_PMU,23,0.003777964890898343
5,UPFC_tse,5-15,-2.1256247871714007,59,-2.1809502520660033,MAP_PMU,23,0.05532546489460266
0,x_tcsc,1-14,-0.11275791418100956,60,-0.11268960664171954,MAP_PMU,23,6.830753929001898e-05
1,B_svc,2,0.18295051079156346,60,0.1828549729699234,MAP_PMU,23,9.553782164006819e-05
2,UPFC_Vsh,5-15,1.1117635377646777,60,1.1038052401113907,MAP_PMU,23,0.007958297653287039
3,UPFC_tsh,5-15,-0.22890747432495812,60,-0.22917208547285292,MAP_PMU,23,0.00026461114789480544
4,UPFC_Vse,5-15,0.05949688297640197,60,0.06366641822200121,MAP_PMU,23,0.004169535245599244
5,UPFC_tse,5-15,-2.109677576302025,60,-2.1809502520660033,MAP_PMU,23,0.07127267576397855
0,x_tcsc,1-14,-0.11279992146542109,61,-0.11268960664171954,MAP_PMU,23,0.00011031482370155166
1,B_svc,2,0.1825503105379178,61,0.1828549729699234,MAP_PMU,23,0.00030466243200560905
2,UPFC_Vsh,5-15,1.1114166286158336,61,1.1038052401113907,MAP_PMU,23,0.007611388504442873
3,UPFC_tsh,5-15,-0.22905294667533466,61,-0.22917208547285292,MAP_PMU,23,0.0001191387975182645
4,UPFC_Vse,5-15,0.05985003434907138,61,0.06366641822200121,MAP_PMU,23,0.003816383872929832
5,UPFC_tse,5-15,-2.130791602859694,61,-2.1809502520660033,MAP_PMU,23,0.0501586492063093
0,x_tcsc,1-14,-0.11287376588170434,62,-0.11268960664171954,MAP_PMU,23,0.0001841592399847991
1,B_svc,2,0.1830810241007456,62,0.1828549729699234,MAP_PMU,23,0.0002260511308221913
2,UPFC_Vsh,5-15,1.111215874147556,62,1.1038052401113907,MAP_PMU,23,0.0074106340361652645
3,UPFC_tsh,5-15,-0.2289782813711536,62,-0.22917208547285292,MAP_PMU,23,0.0001938041016993075
4,UPFC_Vse,5-15,0.05972460174321662,62,0.06366641822200121,MAP_PMU,23,0.003941816478784589
5,UPFC_tse,5-15,-2.1257086631826687,62,-2.1809502520660033,MAP_PMU,23,0.055241588883334636
0,x_tcsc,1-14,-0.11277235055147707,63,-0.11268960664171954,MAP_PMU,23,8.274390975752943e-05
1,B_svc,2,0.18297036747676662,63,0.1828549729699234,MAP_PMU,23,0.00011539450684322494
2,UPFC_Vsh,5-15,1.1116807733274958,63,1.1038052401113907,MAP_PMU,23,0.007875533216105124
3,UPFC_tsh,5-15,-0.22911466791683793,63,-0.22917208547285292,MAP_PMU,23,5.74175560149881e-05
4,UPFC_Vse,5-15,0.05930379437618468,63,0.06366641822200121,MAP_PMU,23,0.004362623845816531
5,UPFC_tse,5-15,-2.128177785543564,63,-2.1809502520660033,MAP_PMU,23,0.05277246652243939
0,x_tcsc,1-14,-0.11290032353972072,64,-0.11268960664171954,MAP_PMU,23,0.00021071689800118698
1,B_svc,2,0.1832187622124134,64,0.1828549729699234,MAP_PMU,23,0.00036378924249000355
2,UPFC_Vsh,5-15,1.1112520406305395,64,1.1038052401113907,MAP_PMU,23,0.007446800519148811
3,UPFC_tsh,5-15,-0.22907378635240255,64,-0.22917208547285292,MAP_PMU,23,9.829912045036804e-05
4,UPFC_Vse,5-15,0.05986983851668903,64,0.06366641822200121,MAP_PMU,23,0.003796579705312178
5,UPFC_tse,5-15,-2.1411479340721744,64,-2.1809502520660033,MAP_PMU,23,0.03980231799382894
0,x_tcsc,1-14,-0.1128230810669046,65,-0.11268960664171954,MAP_PMU,23,0.00013347442518506225
1,B_svc,2,0.18281760567819655,65,0.1828549729699234,MAP_PMU,23,3.7367291726847496e-05
2,UPFC_Vsh,5-15,1.1116488383814012,65,1.1038052401113907,MAP_PMU,23,0.007843598270010466
3,UPFC_tsh,5-15,-0.22901183571863548,65,-0.22917208547285292,MAP_PMU,23,0.0001602497542174397
4,UPFC_Vse,5-15,0.059656113221180466,65,0.06366641822200121,MAP_PMU,23,0.004010305000820745
5,UPFC_tse,5-15,-2.125835240566309,65,-2.1809502520660033,MAP_PMU,23,0.05511501149969433
0,x_tcsc,1-14,-0.11289091674047842,66,-0.11268960664171954,MAP_PMU,23,0.00020131009875888617
1,B_svc,2,0.18297283496965536,66,0.1828549729699234,MAP_PMU,23,0.00011786199973196076
2,UPFC_Vsh,5-15,1.1117721926417679,66,1.1038052401113907,MAP_PMU,23,0.007966952530377158
3,UPFC_tsh,5-15,-0.22896128419365203,66,-0.22917208547285292,MAP_PMU,23,0.00021080127920089509
4,UPFC_Vse,5-15,0.05976168264836114,66,0.06366641822200121,MAP_PMU,23,0.0039047355736400724
5,UPFC_tse,5-15,-2.1228229931147036,66,-2.1809502520660033,MAP_PMU,23,0.058127258951299776
0,x_tcsc,1-14,-0.11290895986832152,67,-0.11268960664171954,MAP_PMU,23,0.00021935322660197876
1,B_svc,2,0.18264778568445011,67,0.1828549729699234,MAP_PMU,23,0.00020718728547328147
2,UPFC_Vsh,5-15,1.1116458101319586,67,1.1038052401113907,MAP_PMU,23,0.007840570020567927
3,UPFC_tsh,5-15,-0.22898642802286598,67,-0.22917208547285292,MAP_PMU,23,0.00018565744998694234
4,UPFC_Vse,5-15,0.05930242149183492,67,0.06366641822200121,MAP_PMU,23,0.0043639967301662905
5,UPFC_tse,5-15,-2.128561719375941,67,-2.1809502520660033,MAP_PMU,23,0.052388532690062384
0,x_tcsc,1-14,-0.11290705695241485,68,-0.11268960664171954,MAP_PMU,23,0.00021745031069531073
1,B_svc,2,0.18308823545063244,68,0.1828549729699234,MAP_PMU,23,0.00023326248070904
2,UPFC_Vsh,5-15,1.1112623180268424,68,1.1038052401113907,MAP_PMU,23,0.007457077915451693
3,UPFC_tsh,5-15,-0.22902086405596642,68,-0.22917208547285292,MAP_PMU,23,0.00015122141688650448
4,UPFC_Vse,5-15,0.059936879905753485,68,0.06366641822200121,MAP_PMU,23,0.003729538316247727
5,UPFC_tse,5-15,-2.1292002263458456,68,-2.1809502520660033,MAP_PMU,23,0.051750025720157744
0,x_tcsc,1-14,-0.11282915683957064,69,-0.11268960664171954,MAP_PMU,23,0.0001395501978510988
1,B_svc,2,0.18339159075332365,69,0.1828549729699234,MAP_PMU,23,0.0005366177834002506
2,UPFC_Vsh,5-15,1.1116238032239896,69,1.1038052401113907,MAP_PMU,23,0.007818563112598875
3,UPFC_tsh,5-15,-0.22903365636772405,69,-0.22917208547285292,MAP_PMU,23,0.0001384291051288733
4,UPFC_Vse,5-15,0.05968946378393033,69,0.06366641822200121,MAP_PMU,23,0.003976954438070883
5,UPFC_tse,5-15,-2.131176875094067,69,-2.1809502520660033,MAP_PMU,23,0.0497733769719364
0,x_tcsc,1-14,-0.11282437385992561,70,-0.11268960664171954,MAP_PMU,23,0.00013476721820607218
1,B_svc,2,0.18258850054753914,70,0.1828549729699234,MAP_PMU,23,0.0002664724223842563
2,UPFC_Vsh,5-15,1.1113443475003661,70,1.1038052401113907,MAP_PMU,23,0.007539107388975452
3,UPFC_tsh,5-15,-0.22897088284961045,70,-0.22917208547285292,MAP_PMU,23,0.00020120262324246907
4,UPFC_Vse,5-15,0.059818397254214124,70,0.06366641822200121,MAP_PMU,23,0.003848020967787087
5,UPFC_tse,5-15,-2.1336707074402406,70,-2.1809502520660033,MAP_PMU,23,0.04727954462576278
0,x_tcsc,1-14,-0.11291919360108853,71,-0.11268960664171954,MAP_PMU,23,0.00022958695936899087
1,B_svc,2,0.18279984416682188,71,0.1828549729699234,MAP_PMU,23,5.5128803101517354e-05
2,UPFC_Vsh,5-15,1.1112690277336743,71,1.1038052401113907,MAP_PMU,23,0.007463787622283613
3,UPFC_tsh,5-15,-0.22903277353705653,71,-0.22917208547285292,MAP_PMU,23,0.0001393119357963879
4,UPFC_Vse,5-15,0.05969542781744561,71,0.06366641822200121,MAP_PMU,23,0.003970990404555605
5,UPFC_tse,5-15,-2.119002481919978,71,-2.1809502520660033,MAP_PMU,23,0.06194777014602515
0,x_tcsc,1-14,-0.1128606495023138,72,-0.11268960664171954,MAP_PMU,23,0.00017104286059425877
1,B_svc,2,0.18320590453410995,72,0.1828549729699234,MAP_PMU,23,0.00035093156418655735
2,UPFC_Vsh,5-15,1.1116459189128882,72,1.1038052401113907,MAP_PMU,23,0.007840678801497525
3,UPFC_tsh,5-15,-0.2290253451321017,72,-0.22917208547285292,MAP_PMU,23,0.00014674034075121134
4,UPFC_Vse,5-15,0.059486526834130055,72,0.06366641822200121,MAP_PMU,23,0.004179891387871157
5,UPFC_tse,5-15,-2.138280740658594,72,-2.1809502520660033,MAP_PMU,23,0.04266951140740938
0,x_tcsc,1-14,-0.11280831094222638,73,-0.11268960664171954,MAP_PMU,23,0.00011870430050683889
1,B_svc,2,0.18296052130674242,73,0.1828549729699234,MAP_PMU,23,0.00010554833681902798
2,UPFC_Vsh,5-15,1.111565372482975,73,1.1038052401113907,MAP_PMU,23,0.0077601323715843495
3,UPFC_tsh,5-15,-0.22897234481858722,73,-0.22917208547285292,MAP_PMU,23,0.00019974065426570098
4,UPFC_Vse,5-15,0.05932827577547014,73,0.06366641822200121,MAP_PMU,23,0.004338142446531072
5,UPFC_tse,5-15,-2.1336672769252303,73,-2.1809502520660033,MAP_PMU,23,0.047282975140773065
0,x_tcsc,1-14,-0.11292663323883449,74,-0.11268960664171954,MAP_PMU,23,0.000237026597114956
1,B_svc,2,0.18318370071279655,74,0.1828549729699234,MAP_PMU,23,0.00032872774287315276
2,UPFC_Vsh,5-15,1.1117152749503416,74,1.1038052401113907,MAP_PMU,23,0.007910034838950919
3,UPFC_tsh,5-15,-0.22897843235065685,74,-0.22917208547285292,MAP_PMU,23,0.00019365312219607467
4,UPFC_Vse,5-15,0.059470065527481936,74,0.06366641822200121,MAP_PMU,23,0.004196352694519276
5,UPFC_tse,5-15,-2.1310500648895987,74,-2.1809502520660033,MAP_PMU,23,0.04990018717640465
0,x_tcsc,1-14,-0.11291430144318737,75,-0.11268960664171954,MAP_PMU,23,0.00022469480146783405
1,B_svc,2,0.1828411785296306,75,0.1828549729699234,MAP_PMU,23,1.379444029278587e-05
2,UPFC_Vsh,5-15,1.1115245581604722,75,1.1038052401113907,MAP_PMU,23,0.007719318049081547
3,UPFC_tsh,5-15,-0.22900244801762834,75,-0.22917208547285292,MAP_PMU,23,0.0001696374552245805
4,UPFC_Vse,5-15,0.05948063868090494,75,0.06366641822200121,MAP_PMU,23,0.0041857795410962725
5,UPFC_tse,5-15,-2.129165480996572,75,-2.1809502520660033,MAP_PMU,23,0.05178477106943147
0,x_tcsc,1-14,-0.11280684161921191,76,-0.11268960664171954,MAP_PMU,23,0.00011723497749237255
1,B_svc,2,0.18335272970506378,76,0.1828549729699234,MAP_PMU,23,0.0004977567351403811
2,UPFC_Vsh,5-15,1.1114023899010517,76,1.1038052401113907,MAP_PMU,23,0.007597149789660973
3,UPFC_tsh,5-15,-0.2290514448985487,76,-0.22917208547285292,MAP_PMU,23,0.00012064057430422048
4,UPFC_Vse,5-15,0.05989759850286317,76,0.06366641822200121,MAP_PMU,23,0.0037688197191380404
5,UPFC_tse,5-15,-2.1348639216132885,76,-2.1809502520660033,MAP_PMU,23,0.04608633045271482
0,x_tcsc,1-14,-0.11285544134987024,77,-0.11268960664171954,MAP_PMU,23,0.00016583470815070833
1,B_svc,2,0.1831271042432144,77,0.1828549729699234,MAP_PMU,23,0.0002721312732910097
2,UPFC_Vsh,5-15,1.1115465239225792,77,1.1038052401113907,MAP_PMU,23,0.0077412838111885485
3,UPFC_tsh,5-15,-0.22893106726771728,77,-0.22917208547285292,MAP_PMU,23,0.0002410182051356402
4,UPFC_Vse,5-15,0.05939562370576844,77,0.06366641822200121,MAP_PMU,23,0.004270794516232773
5,UPFC_tse,5-15,-2.1175448343809418,77,-2.1809502520660033,MAP_PMU,23,0.06340541768506158
0,x_tcsc,1-14,-0.11277893408238995,78,-0.11268960664171954,MAP_PMU,23,8.932744067041698e-05
1,B_svc,2,0.18258877536897083,78,0.1828549729699234,MAP_PMU,23,0.0002661976009525613
2,UPFC_Vsh,5-15,1.111891821251791,78,1.1038052401113907,MAP_PMU,23,0.008086581140400284
3,UPFC_tsh,5-15,-0.22893182994102493,78,-0.22917208547285292,MAP_PMU,23,0.00024025553182799309
4,UPFC_Vse,5-15,0.059551079406866846,78,0.06366641822200121,MAP_PMU,23,0.004115338815134366
5,UPFC_tse,5-15,-2.122749944797852,78,-2.1809502520660033,MAP_PMU,23,0.058200307268151175
0,x_tcsc,1-14,-0.112855932966245,79,-0.11268960664171954,MAP_PMU,23,0.00016632632452547036
1,B_svc,2,0.18304567210363823,79,0.1828549729699234,MAP_PMU,23,0.00019069913371483338
2,UPFC_Vsh,5-15,1.1115017823271387,79,1.1038052401113907,MAP_PMU,23,0.0076965422157480035
3,UPFC_tsh,5-15,-0.22901047184499865,79,-0.22917208547285292,MAP_PMU,23,0.00016161362785427347
4,UPFC_Vse,5-15,0.05922905996179998,79,0.06366641822200121,MAP_PMU,23,0.004437358260201231
5,UPFC_tse,5-15,-2.130166228446694,79,-2.1809502520660033,MAP_PMU,23,0.05078402361930934
0,x_tcsc,1-14,-0.11281428417949413,80,-0.11268960664171954,MAP_PMU,23,0.00012467753777459234
1,B_svc,2,0.1829958123388206,80,0.1828549729699234,MAP_PMU,23,0.00014083936889719428
2,UPFC_Vsh,5-15,1.1117115797331976,80,1.1038052401113907,MAP_PMU,23,0.007906339621806868
3,UPFC_tsh,5-15,-0.22902155474566058,80,-0.22917208547285292,MAP_PMU,23,0.00015053072719234395
4,UPFC_Vse,5-15,0.059618905458416395,80,0.06366641822200121,MAP_PMU,23,0.0040475127635848165
5,UPFC_tse,5-15,-2.126633443251912,80,-2.1809502520660033,MAP_PMU,23,0.05431680881409129
0,x_tcsc,1-14,-0.112808102380838,81,-0.11268960664171954,MAP_PMU,23,0.00011849573911845712
1,B_svc,2,0.18293179833839804,81,0.1828549729699234,MAP_PMU,23,7.682536847464227e-05
2,UPFC_Vsh,5-15,1.1117239238071173,81,1.1038052401113907,MAP_PMU,23,0.00791868369572657
3,UPFC_tsh,5-15,-0.22899195797351135,81,-0.22917208547285292,MAP_PMU,23,0.00018012749934157024
4,UPFC_Vse,5-15,0.059246706216488476,81,0.06366641822200121,MAP_PMU,23,0.004419712005512735
5,UPFC_tse,5-15,-2.1325560661490925,81,-2.1809502520660033,MAP_PMU,23,0.048394185916910804
0,x_tcsc,1-14,-0.11282997905323118,82,-0.11268960664171954,MAP_PMU,23,0.00014037241151164392
1,B_svc,2,0.1828117914054429,82,0.1828549729699234,MAP_PMU,23,4.318156448049337e-05
2,UPFC_Vsh,5-15,1.1115735025574713,82,1.1038052401113907,MAP_PMU,23,0.007768262446080643
3,UPFC_tsh,5-15,-0.2289162439884938,82,-0.22917208547285292,MAP_PMU,23,0.000255841484359115
4,UPFC_Vse,5-15,0.05922855472379113,82,0.06366641822200121,MAP_PMU,23,0.0044378634982100845
5,UPFC_tse,5-15,-2.1188268652967768,82,-2.1809502520660033,MAP_PMU,23,0.062123386769226574
0,x_tcsc,1-14,-0.11285213099435117,83,-0.11268960664171954,MAP_PMU,23,0.00016252435263162945
1,B_svc,2,0.18334207089690022,83,0.1828549729699234,MAP_PMU,23,0.00048709792697682053
2,UPFC_Vsh,5-15,1.1116272910694127,83,1.1038052401113907,MAP_PMU,23,0.00782205095802202
3,UPFC_tsh,5-15,-0.22900555421064261,83,-0.22917208547285292,MAP_PMU,23,0.00016653126221030656
4,UPFC_Vse,5-15,0.059617710149185536,83,0.06366641822200121,MAP_PMU,23,0.004048708072815675
5,UPFC_tse,5-15,-2.1204926813733747,83,-2.1809502520660033,MAP_PMU,23,0.06045757069262869
0,x_tcsc,1-14,-0.11283184938859793,84,-0.11268960664171954,MAP_PMU,23,0.00014224274687839322
1,B_svc,2,0.1829077457355395,84,0.1828549729699234,MAP_PMU,23,5.277276561610478e-05
2,UPFC_Vsh,5-15,1.1117754698078355,84,1.1038052401113907,MAP_PMU,23,0.007970229696444786
3,UPFC_tsh,5-15,-0.22899621685267518,84,-0.22917208547285292,MAP_PMU,23,0.0001758686201777382
4,UPFC_Vse,5-15,0.05973305808566993,84,0.06366641822200121,MAP_PMU,23,0.003933360136331283
5,UPFC_tse,5-15,-2.122356405970598,84,-2.1809502520660033,MAP_PMU,23,0.05859384609540541
0,x_tcsc,1-14,-0.11286148173663357,85,-0.11268960664171954,MAP_PMU,23,0.00017187509491403685
1,B_svc,2,0.18306267174218502,85,0.1828549729699234,MAP_PMU,23,0.00020769877226162192
2,UPFC_Vsh,5-15,1.1113036238216583,85,1.1038052401113907,MAP_PMU,23,0.007498383710267564
3,UPFC_tsh,5-15,-0.22905818172680906,85,-0.22917208547285292,MAP_PMU,23,0.00011390374604386411
4,UPFC_Vse,5-15,0.059599458368864704,85,0.06366641822200121,MAP_PMU,23,0.004066959853136508
5,UPFC_tse,5-15,-2.1266018594401666,85,-2.1809502520660033,MAP_PMU,23,0.054348392625836794
0,x_tcsc,1-14,-0.11288633977121719,86,-0.11268960664171954,MAP_PMU,23,0.0001967331294976532
1,B_svc,2,0.18290794725791495,86,0.1828549729699234,MAP_PMU,23,5.2974287991558455e-05
2,UPFC_Vsh,5-15,1.112029535666653,86,1.1038052401113907,MAP_PMU,23,0.008224295555262273
3,UPFC_tsh,5-15,-0.22899422259602797,86,-0.22917208547285292,MAP_PMU,23,0.00017786287682494684
4,UPFC_Vse,5-15,0.05967792519941156,86,0.06366641822200121,MAP_PMU,23,0.003988493022589648
5,UPFC_tse,5-15,-2.125801715504223,86,-2.1809502520660033,MAP_PMU,23,0.055148536561780315
0,x_tcsc,1-14,-0.11279111889150877,87,-0.11268960664171954,MAP_PMU,23,0.00010151224978922901
1,B_svc,2,0.18297895683262816,87,0.1828549729699234,MAP_PMU,23,0.00012398386270476291
2,UPFC_Vsh,5-15,1.111606855601602,87,1.1038052401113907,MAP_PMU,23,0.007801615490211411
3,UPFC_tsh,5-15,-0.22888316235111042,87,-0.22917208547285292,MAP_PMU,23,0.00028892312174250145
4,UPFC_Vse,5-15,0.05897519166316669,87,0.06366641822200121,MAP_PMU,23,0.00469122655883452
5,UPFC_tse,5-15,-2.1254458025131266,87,-2.1809502520660033,MAP_PMU,23,0.0555044495528767
0,x_tcsc,1-14,-0.11286226040646777,88,-0.11268960664171954,MAP_PMU,23,0.0001726537647482318
1,B_svc,2,0.1836839231207934,88,0.1828549729699234,MAP_PMU,23,0.0008289501508700059
2,UPFC_Vsh,5-15,1.111658287209666,88,1.1038052401113907,MAP_PMU,23,0.00785304709827539
3,UPFC_tsh,5-15,-0.22897820460070273,88,-0.22917208547285292,MAP_PMU,23,0.00019388087215019278
4,UPFC_Vse,5-15,0.05947945998457586,88,0.06366641822200121,MAP_PMU,23,0.004186958237425355
5,UPFC_tse,5-15,-2.1252995160534693,88,-2.1809502520660033,MAP_PMU,23,0.05565073601253401
0,x_tcsc,1-14,-0.11283910069229634,89,-0.11268960664171954,MAP_PMU,23,0.00014949405057680665
1,B_svc,2,0.18279995757803433,89,0.1828549729699234,MAP_PMU,23,5.5015391889068344e-05
2,UPFC_Vsh,5-15,1.1119669556791838,89,1.1038052401113907,MAP_PMU,23,0.008161715567793104
3,UPFC_tsh,5-15,-0.22890051494024632,89,-0.22917208547285292,MAP_PMU,23,0.00027157053260659647
4,UPFC_Vse,5-15,0.059177281296504215,89,0.06366641822200121,MAP_PMU,23,0.004489136925496996
5,UPFC_tse,5-15,-2.1149074626358106,89,-2.1809502520660033,MAP_PMU,23,0.0660427894301927
0,x_tcsc,1-14,-0.11282315047543828,90,-0.11268960664171954,MAP_PMU,23,0.00013354383371874667
1,B_svc,2,0.18266415427028082,90,0.1828549729699234,MAP_PMU,23,0.00019081869964257536
2,UPFC_Vsh,5-15,1.1114498540618059,90,1.1038052401113907,MAP_PMU,23,0.007644613950415158
3,UPFC_tsh,5-15,-0.22897029202320504,90,-0.22917208547285292,MAP_PMU,23,0.00020179344964788015
4,UPFC_Vse,5-15,0.059505197205154264,90,0.06366641822200121,MAP_PMU,23,0.004161221016846947
5,UPFC_tse,5-15,-2.119347530643186,90,-2.1809502520660033,MAP_PMU,23,0.0616027214228172
0,x_tcsc,1-14,-0.11284195688814064,91,-0.11268960664171954,MAP_PMU,23,0.0001523502464211013
1,B_svc,2,0.1829184182059667,91,0.1828549729699234,MAP_PMU,23,6.344523604329133e-05
2,UPFC_Vsh,5-15,1.1116178165699762,91,1.1038052401113907,MAP_PMU,23,0.007812576458585463
3,UPFC_tsh,5-15,-0.22896514767572482,91,-0.22917208547285292,MAP_PMU,23,0.0002069377971281039
4,UPFC_Vse,5-15,0.05931702501829907,91,0.06366641822200121,MAP_PMU,23,0.0043493932037021385
5,UPFC_tse,5-15,-2.129812809421649,91,-2.1809502520660033,MAP_PMU,23,0.05113744264435427
0,x_tcsc,1-14,-0.11279907760917143,92,-0.11268960664171954,MAP_PMU,23,0.00010947096745189677
1,B_svc,2,0.18292841933578818,92,0.1828549729699234,MAP_PMU,23,7.34463658647877e-05
2,UPFC_Vsh,5-15,1.1113036133738707,92,1.1038052401113907,MAP_PMU,23,0.00749837326248004
3,UPFC_tsh,5-15,-0.22893577704850818,92,-0.22917208547285292,MAP_PMU,23,0.00023630842434474442
4,UPFC_Vse,5-15,0.05989232594543481,92,0.06366641822200121,MAP_PMU,23,0.0037740922765664014
5,UPFC_tse,5-15,-2.1252867008179317,92,-2.1809502520660033,MAP_PMU,23,0.05566355124807165
0,x_tcsc,1-14,-0.11283668183577873,93,-0.11268960664171954,MAP_PMU,23,0.00014707519405919578
1,B_svc,2,0.18275253715373918,93,0.1828549729699234,MAP_PMU,23,0.00010243581618421538
2,UPFC_Vsh,5-15,1.111061844639292,93,1.1038052401113907,MAP_PMU,23,0.007256604527901223
3,UPFC_tsh,5-15,-0.22897252306261964,93,-0.22917208547285292,MAP_PMU,23,0.00019956241023327825
4,UPFC_Vse,5-15,0.06027950422578003,93,0.06366641822200121,MAP_PMU,23,0.0033869139962211803
5,UPFC_tse,5-15,-2.118509164244451,93,-2.1809502520660033,MAP_PMU,23,0.06244108782155244
0,x_tcsc,1-14,-0.11280497273892634,94,-0.11268960664171954,MAP_PMU,23,0.0001153660972068038
1,B_svc,2,0.18259664923923902,94,0.1828549729699234,MAP_PMU,23,0.00025832373068437886
2,UPFC_Vsh,5-15,1.111199558704216,94,1.1038052401113907,MAP_PMU,23,0.007394318592825355
3,UPFC_tsh,5-15,-0.22914977842170522,94,-0.22917208547285292,MAP_PMU,23,2.2307051147696377e-05
4,UPFC_Vse,5-15,0.059303407136724946,94,0.06366641822200121,MAP_PMU,23,0.004363011085276265
5,UPFC_tse,5-15,-2.1359974381154534,94,-2.1809502520660033,MAP_PMU,23,0.04495281395054995
0,x_tcsc,1-14,-0.1128485454551347,95,-0.11268960664171954,MAP_PMU,23,0.00015893881341516591
1,B_svc,2,0.18289479677451753,95,0.1828549729699234,MAP_PMU,23,3.98238045941357e-05
2,UPFC_Vsh,5-15,1.1114922485096732,95,1.1038052401113907,MAP_PMU,23,0.007687008398282513
3,UPFC_tsh,5-15,-0.22895079410641445,95,-0.22917208547285292,MAP_PMU,23,0.00022129136643847525
4,UPFC_Vse,5-15,0.05986441620196614,95,0.06366641822200121,MAP_PMU,23,0.0038020020200350696
5,UPFC_tse,5-15,-2.120384803005967,95,-2.1809502520660033,MAP_PMU,23,0.06056544906003625
0,x_tcsc,1-14,-0.11274389996857453,96,-0.11268960664171954,MAP_PMU,23,5.4293326854998325e-05
1,B_svc,2,0.18248590823748737,96,0.1828549729699234,MAP_PMU,23,0.0003690647324360308
2,UPFC_Vsh,5-15,1.1112297172036216,96,1.1038052401113907,MAP_PMU,23,0.00742447709223093
3,UPFC_tsh,5-15,-0.22897410674304425,96,-0.22917208547285292,MAP_PMU,23,0.00019797872980867326
4,UPFC_Vse,5-15,0.05875151991758829,96,0.06366641822200121,MAP_PMU,23,0.004914898304412919
5,UPFC_tse,5-15,-2.120561413842653,96,-2.1809502520660033,MAP_PMU,23,0.060388838223350394
0,x_tcsc,1-14,-0.11281864376940293,97,-0.11268960664171954,MAP_PMU,23,0.00012903712768339015
1,B_svc,2,0.18319129491505765,97,0.1828549729699234,MAP_PMU,23,0.0003363219451342492
2,UPFC_Vsh,5-15,1.1115379660508067,97,1.1038052401113907,MAP_PMU,23,0.007732725939415985
3,UPFC_tsh,5-15,-0.2290312689381196,97,-0.22917208547285292,MAP_PMU,23,0.000140816534733329
4,UPFC_Vse,5-15,0.059960193169327825,97,0.06366641822200121,MAP_PMU,23,0.003706225052673387
5,UPFC_tse,5-15,-2.1338101997707613,97,-2.1809502520660033,MAP_PMU,23,0.047140052295242096
0,x_tcsc,1-14,-0.11279642086844928,98,-0.11268960664171954,MAP_PMU,23,0.00010681422672974283
1,B_svc,2,0.18297633050678774,98,0.1828549729699234,MAP_PMU,23,0.00012135753686434714
2,UPFC_Vsh,5-15,1.1110879290928766,98,1.1038052401113907,MAP_PMU,23,0.007282688981485874
3,UPFC_tsh,5-15,-0.22901845905833404,98,-0.22917208547285292,MAP_PMU,23,0.00015362641451888148
4,UPFC_Vse,5-15,0.05967134875786802,98,0.06366641822200121,MAP_PMU,23,0.003995069464133194
5,UPFC_tse,5-15,-2.137879910740012,98,-2.1809502520660033,MAP_PMU,23,0.04307034132599119
0,x_tcsc,1-14,-0.11281576794304292,99,-0.11268960664171954,MAP_PMU,23,0.00012616130132338255
1,B_svc,2,0.18322139160344894,99,0.1828549729699234,MAP_PMU,23,0.0003664186335255448
2,UPFC_Vsh,5-15,1.1118444011688522,99,1.1038052401113907,MAP_PMU,23,0.008039161057461497
3,UPFC_tsh,5-15,-0.22897334240368217,99,-0.22917208547285292,MAP_PMU,23,0.00019874306917075368
4,UPFC_Vse,5-15,0.059829870093386306,99,0.06366641822200121,MAP_PMU,23,0.0038365481286149056
5,UPFC_tse,5-15,-2.12714251900798,99,-2.1809502520660033,MAP_PMU,23,0.053807733058023555
0,x_tcsc,1-14,-0.10710228915702727,0,-0.10712355401333491,MAP_PMU,25,2.1264856307642854e-05
1,B_svc,2,0.17487517054975624,0,0.17518321676031778,MAP_PMU,25,0.0003080462105615467
2,UPFC_Vsh,5-15,1.111215710573191,0,1.1060979056896427,MAP_PMU,25,0.005117804883548294
3,UPFC_tsh,5-15,-0.23413843116386207,0,-0.23431126976982974,MAP_PMU,25,0.00017283860596767342
4,UPFC_Vse,5-15,0.05943247566107065,0,0.06352137262246502,MAP_PMU,25,0.0040888969613943685
5,UPFC_tse,5-15,-2.1378812296526575,0,-2.1889909910378806,MAP_PMU,25,0.05110976138522316
0,x_tcsc,1-14,-0.10711461024894244,1,-0.10712355401333491,MAP_PMU,25,8.943764392477238e-06
1,B_svc,2,0.1754768206993931,1,0.17518321676031778,MAP_PMU,25,0.0002936039390753209
2,UPFC_Vsh,5-15,1.1109591134172532,1,1.1060979056896427,MAP_PMU,25,0.00486120772761045
3,UPFC_tsh,5-15,-0.23418669069207532,1,-0.23431126976982974,MAP_PMU,25,0.00012457907775442756
4,UPFC_Vse,5-15,0.059532248991852006,1,0.06352137262246502,MAP_PMU,25,0.00398912363061301
5,UPFC_tse,5-15,-2.135453084870959,1,-2.1889909910378806,MAP_PMU,25,0.053537906166921445
0,x_tcsc,1-14,-0.10711038952259168,2,-0.10712355401333491,MAP_PMU,25,1.3164490743233781e-05
1,B_svc,2,0.17546340559089732,2,0.17518321676031778,MAP_PMU,25,0.00028018883057953636
2,UPFC_Vsh,5-15,1.1113519063292416,2,1.1060979056896427,MAP_PMU,25,0.00525400063959891
3,UPFC_tsh,5-15,-0.23415464004333966,2,-0.23431126976982974,MAP_PMU,25,0.00015662972649008178
4,UPFC_Vse,5-15,0.05955027531044009,2,0.06352137262246502,MAP_PMU,25,0.0039710973120249266
5,UPFC_tse,5-15,-2.128017565478644,2,-2.1889909910378806,MAP_PMU,25,0.06097342555923646
0,x_tcsc,1-14,-0.10710588566652743,3,-0.10712355401333491,MAP_PMU,25,1.766834680748397e-05
1,B_svc,2,0.17450331004593053,3,0.17518321676031778,MAP_PMU,25,0.0006799067143872517
2,UPFC_Vsh,5-15,1.111816867637056,3,1.1060979056896427,MAP_PMU,25,0.00571896194741317
3,UPFC_tsh,5-15,-0.2340926592168676,3,-0.23431126976982974,MAP_PMU,25,0.00021861055296215626
4,UPFC_Vse,5-15,0.05940677914276732,3,0.06352137262246502,MAP_PMU,25,0.004114593479697698
5,UPFC_tse,5-15,-2.135108747131213,3,-2.1889909910378806,MAP_PMU,25,0.053882243906667515
0,x_tcsc,1-14,-0.10711351319981302,4,-0.10712355401333491,MAP_PMU,25,1.0040813521891567e-05
1,B_svc,2,0.1754373798020057,4,0.17518321676031778,MAP_PMU,25,0.0002541630416879048
2,UPFC_Vsh,5-15,1.1119878593992443,4,1.1060979056896427,MAP_PMU,25,0.0058899537096015475
3,UPFC_tsh,5-15,-0.23410305141717483,4,-0.23431126976982974,MAP_PMU,25,0.00020821835265491528
4,UPFC_Vse,5-15,0.05936267664455005,4,0.06352137262246502,MAP_PMU,25,0.004158695977914968
5,UPFC_tse,5-15,-2.119244873595707,4,-2.1889909910378806,MAP_PMU,25,0.06974611744217363
0,x_tcsc,1-14,-0.10709421964176179,5,-0.10712355401333491,MAP_PMU,25,2.933437157312535e-05
1,B_svc,2,0.1753062359532491,5,0.17518321676031778,MAP_PMU,25,0.0001230191929313118
2,UPFC_Vsh,5-15,1.1114970797663448,5,1.1060979056896427,MAP_PMU,25,0.005399174076702096
3,UPFC_tsh,5-15,-0.23409289138884332,5,-0.23431126976982974,MAP_PMU,25,0.00021837838098642814
4,UPFC_Vse,5-15,0.05927842338919399,5,0.06352137262246502,MAP_PMU,25,0.004242949233271023
5,UPFC_tse,5-15,-2.131936977392189,5,-2.1889909910378806,MAP_PMU,25,0.057054013645691626
0,x_tcsc,1-14,-0.1071247452168512,6,-0.10712355401333491,MAP_PMU,25,1.1912035162847667e-06
1,B_svc,2,0.17496797993039398,6,0.17518321676031778,MAP_PMU,25,0.00021523682992380389
2,UPFC_Vsh,5-15,1.1117095507461827,6,1.1060979056896427,MAP_PMU,25,0.005611645056539993
3,UPFC_tsh,5-15,-0.23411369093978984,6,-0.23431126976982974,MAP_PMU,25,0.00019757883003990173
4,UPFC_Vse,5-15,0.05951178797364036,6,0.06352137262246502,MAP_PMU,25,0.004009584648824657
5,UPFC_tse,5-15,-2.1263770845465557,6,-2.1889909910378806,MAP_PMU,25,0.06261390649132492
0,x_tcsc,1-14,-0.10712290561774732,7,-0.10712355401333491,MAP_PMU,25,6.483955875963288e-07
1,B_svc,2,0.1754223905482316,7,0.17518321676031778,MAP_PMU,25,0.0002391737879138267
2,UPFC_Vsh,5-15,1.1114079750008083,7,1.1060979056896427,MAP_PMU,25,0.005310069311165622
3,UPFC_tsh,5-15,-0.23409698005375112,7,-0.23431126976982974,MAP_PMU,25,0.00021428971607861946
4,UPFC_Vse,5-15,0.05909568641359317,7,0.06352137262246502,MAP_PMU,25,0.0044256862088718485
5,UPFC_tse,5-15,-2.1366777759796625,7,-2.1889909910378806,MAP_PMU,25,0.052313215058218177
0,x_tcsc,1-14,-0.10711085215569492,8,-0.10712355401333491,MAP_PMU,25,1.2701857639990655e-05
1,B_svc,2,0.17516554067400933,8,0.17518321676031778,MAP_PMU,25,1.767608630845463e-05
2,UPFC_Vsh,5-15,1.1116284635698301,8,1.1060979056896427,MAP_PMU,25,0.0055305578801874145
3,UPFC_tsh,5-15,-0.23405746967113586,8,-0.23431126976982974,MAP_PMU,25,0.00025380009869388487
4,UPFC_Vse,5-15,0.05934106432547416,8,0.06352137262246502,MAP_PMU,25,0.004180308296990856
5,UPFC_tse,5-15,-2.125229829520988,8,-2.1889909910378806,MAP_PMU,25,0.0637611615168927
0,x_tcsc,1-14,-0.10711134885412577,9,-0.10712355401333491,MAP_PMU,25,1.220515920914711e-05
1,B_svc,2,0.17535305069626514,9,0.17518321676031778,MAP_PMU,25,0.00016983393594735552
2,UPFC_Vsh,5-15,1.1115144908077073,9,1.1060979056896427,MAP_PMU,25,0.005416585118064532
3,UPFC_tsh,5-15,-0.23417615563760144,9,-0.23431126976982974,MAP_PMU,25,0.00013511413222830337
4,UPFC_Vse,5-15,0.05960213700165385,9,0.06352137262246502,MAP_PMU,25,0.0039192356208111664
5,UPFC_tse,5-15,-2.1319385219100617,9,-2.1889909910378806,MAP_PMU,25,0.05705246912781892
0,x_tcsc,1-14,-0.10711361888678039,10,-0.10712355401333491,MAP_PMU,25,9.935126554519447e-06
1,B_svc,2,0.17506188938504869,10,0.17518321676031778,MAP_PMU,25,0.00012132737526909798
2,UPFC_Vsh,5-15,1.1113665926754726,10,1.1060979056896427,MAP_PMU,25,0.005268686985829829
3,UPFC_tsh,5-15,-0.2341470571956942,10,-0.23431126976982974,MAP_PMU,25,0.00016421257413554158
4,UPFC_Vse,5-15,0.0589500292889542,10,0.06352137262246502,MAP_PMU,25,0.004571343333510815
5,UPFC_tse,5-15,-2.133736589945635,10,-2.1889909910378806,MAP_PMU,25,0.055254401092245775
0,x_tcsc,1-14,-0.10712162224462575,11,-0.10712355401333491,MAP_PMU,25,1.9317687091624514e-06
1,B_svc,2,0.1751660775618021,11,0.17518321676031778,MAP_PMU,25,1.713919851567547e-05
2,UPFC_Vsh,5-15,1.1113894186077533,11,1.1060979056896427,MAP_PMU,25,0.005291512918110586
3,UPFC_tsh,5-15,-0.23411497981141938,11,-0.23431126976982974,MAP_PMU,25,0.00019628995841036723
4,UPFC_Vse,5-15,0.058805110194718485,11,0.06352137262246502,MAP_PMU,25,0.0047162624277465315
5,UPFC_tse,5-15,-2.132581003867216,11,-2.1889909910378806,MAP_PMU,25,0.0564099871706647
0,x_tcsc,1-14,-0.10713610765156915,12,-0.10712355401333491,MAP_PMU,25,1.2553638234241715e-05
1,B_svc,2,0.17503686852385633,12,0.17518321676031778,MAP_PMU,25,0.00014634823646145212
2,UPFC_Vsh,5-15,1.111432953157349,12,1.1060979056896427,MAP_PMU,25,0.0053350474677063
3,UPFC_tsh,5-15,-0.23417013688831043,12,-0.23431126976982974,MAP_PMU,25,0.00014113288151931802
4,UPFC_Vse,5-15,0.05930239149599768,12,0.06352137262246502,MAP_PMU,25,0.004218981126467333
5,UPFC_tse,5-15,-2.1277069821552193,12,-2.1889909910378806,MAP_PMU,25,0.06128400888266139
0,x_tcsc,1-14,-0.10711388368680634,13,-0.10712355401333491,MAP_PMU,25,9.67032652857136e-06
1,B_svc,2,0.17494746442142853,13,0.17518321676031778,MAP_PMU,25,0.00023575233888925573
2,UPFC_Vsh,5-15,1.1118528786727861,13,1.1060979056896427,MAP_PMU,25,0.005754972983143425
3,UPFC_tsh,5-15,-0.23409516499839267,13,-0.23431126976982974,MAP_PMU,25,0.00021610477143707563
4,UPFC_Vse,5-15,0.05903714132860681,13,0.06352137262246502,MAP_PMU,25,0.004484231293858207
5,UPFC_tse,5-15,-2.1248518469083275,13,-2.1889909910378806,MAP_PMU,25,0.06413914412955313
0,x_tcsc,1-14,-0.10711717753090272,14,-0.10712355401333491,MAP_PMU,25,6.376482432193797e-06
1,B_svc,2,0.17505891345065233,14,0.17518321676031778,MAP_PMU,25,0.00012430330966545222
2,UPFC_Vsh,5-15,1.1116527907165976,14,1.1060979056896427,MAP_PMU,25,0.005554885026954892
3,UPFC_tsh,5-15,-0.23414080842785667,14,-0.23431126976982974,MAP_PMU,25,0.0001704613419730716
4,UPFC_Vse,5-15,0.05950998614800151,14,0.06352137262246502,MAP_PMU,25,0.004011386474463509
5,UPFC_tse,5-15,-2.136222444373149,14,-2.1889909910378806,MAP_PMU,25,0.05276854666473163
0,x_tcsc,1-14,-0.10712916962266207,15,-0.10712355401333491,MAP_PMU,25,5.615609327158655e-06
1,B_svc,2,0.17478177316447524,15,0.17518321676031778,MAP_PMU,25,0.0004014435958425433
2,UPFC_Vsh,5-15,1.111300347013419,15,1.1060979056896427,MAP_PMU,25,0.005202441323776341
3,UPFC_tsh,5-15,-0.23415879314807714,15,-0.23431126976982974,MAP_PMU,25,0.00015247662175260634
4,UPFC_Vse,5-15,0.059489547786521706,15,0.06352137262246502,MAP_PMU,25,0.004031824835943311
5,UPFC_tse,5-15,-2.124471124353227,15,-2.1889909910378806,MAP_PMU,25,0.06451986668465359
0,x_tcsc,1-14,-0.1071030444305981,16,-0.10712355401333491,MAP_PMU,25,2.050958273681902e-05
1,B_svc,2,0.17481286941114116,16,0.17518321676031778,MAP_PMU,25,0.00037034734917662515
2,UPFC_Vsh,5-15,1.1113910143986396,16,1.1060979056896427,MAP_PMU,25,0.0052931087089969076
3,UPFC_tsh,5-15,-0.2341227768536869,16,-0.23431126976982974,MAP_PMU,25,0.00018849291614284058
4,UPFC_Vse,5-15,0.05971149882196069,16,0.06352137262246502,MAP_PMU,25,0.003809873800504328
5,UPFC_tse,5-15,-2.128502683094675,16,-2.1889909910378806,MAP_PMU,25,0.06048830794320548
0,x_tcsc,1-14,-0.1071581838197973,17,-0.10712355401333491,MAP_PMU,25,3.462980646239122e-05
1,B_svc,2,0.17521235548179737,17,0.17518321676031778,MAP_PMU,25,2.9138721479582408e-05
2,UPFC_Vsh,5-15,1.1115742375296258,17,1.1060979056896427,MAP_PMU,25,0.005476331839983084
3,UPFC_tsh,5-15,-0.2341072928548563,17,-0.23431126976982974,MAP_PMU,25,0.00020397691497345272
4,UPFC_Vse,5-15,0.059059640088587245,17,0.06352137262246502,MAP_PMU,25,0.004461732533877771
5,UPFC_tse,5-15,-2.1405014784803424,17,-2.1889909910378806,MAP_PMU,25,0.048489512557538195
0,x_tcsc,1-14,-0.10712140463367927,18,-0.10712355401333491,MAP_PMU,25,2.149379655647099e-06
1,B_svc,2,0.17486573529896413,18,0.17518321676031778,MAP_PMU,25,0.00031748146135365807
2,UPFC_Vsh,5-15,1.111741794902459,18,1.1060979056896427,MAP_PMU,25,0.005643889212816333
3,UPFC_tsh,5-15,-0.23416229282509768,18,-0.23431126976982974,MAP_PMU,25,0.00014897694473206546
4,UPFC_Vse,5-15,0.05991540907026686,18,0.06352137262246502,MAP_PMU,25,0.003605963552198159
5,UPFC_tse,5-15,-2.1375257618723182,18,-2.1889909910378806,MAP_PMU,25,0.0514652291655624
0,x_tcsc,1-14,-0.10713138224865518,19,-0.10712355401333491,MAP_PMU,25,7.828235320264665e-06
1,B_svc,2,0.175440993825015,19,0.17518321676031778,MAP_PMU,25,0.0002577770646972066
2,UPFC_Vsh,5-15,1.1114398834642498,19,1.1060979056896427,MAP_PMU,25,0.0053419777746070984
3,UPFC_tsh,5-15,-0.2341115219185812,19,-0.23431126976982974,MAP_PMU,25,0.000199747851248544
4,UPFC_Vse,5-15,0.05921234457941042,19,0.06352137262246502,MAP_PMU,25,0.004309028043054594
5,UPFC_tse,5-15,-2.128965108704122,19,-2.1889909910378806,MAP_PMU,25,0.060025882333758496
0,x_tcsc,1-14,-0.10712649488269956,20,-0.10712355401333491,MAP_PMU,25,2.940869364642662e-06
1,B_svc,2,0.1748360658508683,20,0.17518321676031778,MAP_PMU,25,0.00034715090944947846
2,UPFC_Vsh,5-15,1.1114200725289969,20,1.1060979056896427,MAP_PMU,25,0.005322166839354159
3,UPFC_tsh,5-15,-0.23418404562779024,20,-0.23431126976982974,MAP_PMU,25,0.0001272241420395004
4,UPFC_Vse,5-15,0.05924090690475166,20,0.06352137262246502,MAP_PMU,25,0.004280465717713358
5,UPFC_tse,5-15,-2.1323472542890096,20,-2.1889909910378806,MAP_PMU,25,0.05664373674887102
0,x_tcsc,1-14,-0.10711833277672562,21,-0.10712355401333491,MAP_PMU,25,5.221236609287416e-06
1,B_svc,2,0.17555474549324035,21,0.17518321676031778,MAP_PMU,25,0.00037152873292256583
2,UPFC_Vsh,5-15,1.1113781697458858,21,1.1060979056896427,MAP_PMU,25,0.005280264056243045
3,UPFC_tsh,5-15,-0.23415099005853746,21,-0.23431126976982974,MAP_PMU,25,0.00016027971129228824
4,UPFC_Vse,5-15,0.0600716974493866,21,0.06352137262246502,MAP_PMU,25,0.003449675173078419
5,UPFC_tse,5-15,-2.1332729091103695,21,-2.1889909910378806,MAP_PMU,25,0.055718081927511154
0,x_tcsc,1-14,-0.10712098896955416,22,-0.10712355401333491,MAP_PMU,25,2.5650437807528403e-06
1,B_svc,2,0.17542825826844077,22,0.17518321676031778,MAP_PMU,25,0.0002450415081229895
2,UPFC_Vsh,5-15,1.1113590259473696,22,1.1060979056896427,MAP_PMU,25,0.005261120257726848
3,UPFC_tsh,5-15,-0.23418627419954907,22,-0.23431126976982974,MAP_PMU,25,0.00012499557028067265
4,UPFC_Vse,5-15,0.059902293539374596,22,0.06352137262246502,MAP_PMU,25,0.0036190790830904207
5,UPFC_tse,5-15,-2.12940287665052,22,-2.1889909910378806,MAP_PMU,25,0.05958811438736067
0,x_tcsc,1-14,-0.10713427448771239,23,-0.10712355401333491,MAP_PMU,25,1.0720474377473588e-05
1,B_svc,2,0.17516746062307725,23,0.17518321676031778,MAP_PMU,25,1.5756137240530155e-05
2,UPFC_Vsh,5-15,1.111085297494794,23,1.1060979056896427,MAP_PMU,25,0.004987391805151287
3,UPFC_tsh,5-15,-0.23420651410524937,23,-0.23431126976982974,MAP_PMU,25,0.00010475566458037489
4,UPFC_Vse,5-15,0.05978578878372166,23,0.06352137262246502,MAP_PMU,25,0.003735583838743353
5,UPFC_tse,5-15,-2.12970659652094,23,-2.1889909910378806,MAP_PMU,25,0.059284394516940786
0,x_tcsc,1-14,-0.10712725618865558,24,-0.10712355401333491,MAP_PMU,25,3.7021753206689656e-06
1,B_svc,2,0.17484265269121987,24,0.17518321676031778,MAP_PMU,25,0.0003405640690979095
2,UPFC_Vsh,5-15,1.1116662033733786,24,1.1060979056896427,MAP_PMU,25,0.005568297683735901
3,UPFC_tsh,5-15,-0.2341068999661431,24,-0.23431126976982974,MAP_PMU,25,0.0002043698036866548
4,UPFC_Vse,5-15,0.05913577912166576,24,0.06352137262246502,MAP_PMU,25,0.004385593500799256
5,UPFC_tse,5-15,-2.1376675690588667,24,-2.1889909910378806,MAP_PMU,25,0.05132342197901396
0,x_tcsc,1-14,-0.10715413184402561,25,-0.10712355401333491,MAP_PMU,25,3.0577830690700636e-05
1,B_svc,2,0.1752082650193097,25,0.17518321676031778,MAP_PMU,25,2.5048258991910988e-05
2,UPFC_Vsh,5-15,1.11158740078767,25,1.1060979056896427,MAP_PMU,25,0.005489495098027319
3,UPFC_tsh,5-15,-0.23413904603408386,25,-0.23431126976982974,MAP_PMU,25,0.00017222373574588
4,UPFC_Vse,5-15,0.05909734408188067,25,0.06352137262246502,MAP_PMU,25,0.004424028540584345
5,UPFC_tse,5-15,-2.130515773733254,25,-2.1889909910378806,MAP_PMU,25,0.05847521730462679
0,x_tcsc,1-14,-0.1071235335733138,26,-0.10712355401333491,MAP_PMU,25,2.0440021106238326e-08
1,B_svc,2,0.17539013295374467,26,0.17518321676031778,MAP_PMU,25,0.00020691619342688705
2,UPFC_Vsh,5-15,1.1115836035738924,26,1.1060979056896427,MAP_PMU,25,0.005485697884249685
3,UPFC_tsh,5-15,-0.23410464829372465,26,-0.23431126976982974,MAP_PMU,25,0.00020662147610508996
4,UPFC_Vse,5-15,0.059173791709787905,26,0.06352137262246502,MAP_PMU,25,0.004347580912677111
5,UPFC_tse,5-15,-2.1261895979552334,26,-2.1889909910378806,MAP_PMU,25,0.0628013930826472
0,x_tcsc,1-14,-0.10712356530713234,27,-0.10712355401333491,MAP_PMU,25,1.1293797425038221e-08
1,B_svc,2,0.1750854574052431,27,0.17518321676031778,MAP_PMU,25,9.775935507469469e-05
2,UPFC_Vsh,5-15,1.1114742497535461,27,1.1060979056896427,MAP_PMU,25,0.0053763440639034155
3,UPFC_tsh,5-15,-0.2341378301230631,27,-0.23431126976982974,MAP_PMU,25,0.0001734396467666377
4,UPFC_Vse,5-15,0.05930731853413575,27,0.06352137262246502,MAP_PMU,25,0.004214054088329269
5,UPFC_tse,5-15,-2.124838091918558,27,-2.1889909910378806,MAP_PMU,25,0.06415289911932254
0,x_tcsc,1-14,-0.10711295071004773,28,-0.10712355401333491,MAP_PMU,25,1.0603303287184951e-05
1,B_svc,2,0.17546360746882922,28,0.17518321676031778,MAP_PMU,25,0.00028039070851143544
2,UPFC_Vsh,5-15,1.1117789974293733,28,1.1060979056896427,MAP_PMU,25,0.005681091739730526
3,UPFC_tsh,5-15,-0.23405069668003475,28,-0.23431126976982974,MAP_PMU,25,0.00026057308979499094
4,UPFC_Vse,5-15,0.05958625827157524,28,0.06352137262246502,MAP_PMU,25,0.003935114350889779
5,UPFC_tse,5-15,-2.123735046131578,28,-2.1889909910378806,MAP_PMU,25,0.0652559449063026
0,x_tcsc,1-14,-0.10712625968859506,29,-0.10712355401333491,MAP_PMU,25,2.7056752601450906e-06
1,B_svc,2,0.17571179974542595,29,0.17518321676031778,MAP_PMU,25,0.0005285829851081614
2,UPFC_Vsh,5-15,1.1120263352722826,29,1.1060979056896427,MAP_PMU,25,0.005928429582639838
3,UPFC_tsh,5-15,-0.2340661351303363,29,-0.23431126976982974,MAP_PMU,25,0.0002451346394934384
4,UPFC_Vse,5-15,0.05944485416694254,29,0.06352137262246502,MAP_PMU,25,0.004076518455522475
5,UPFC_tse,5-15,-2.125578122092149,29,-2.1889909910378806,MAP_PMU,25,0.06341286894573184
0,x_tcsc,1-14,-0.1071268957600126,30,-0.10712355401333491,MAP_PMU,25,3.341746677681945e-06
1,B_svc,2,0.17531863883663995,30,0.17518321676031778,MAP_PMU,25,0.00013542207632216696
2,UPFC_Vsh,5-15,1.1115735267491524,30,1.1060979056896427,MAP_PMU,25,0.0054756210595097166
3,UPFC_tsh,5-15,-0.23418417541931683,30,-0.23431126976982974,MAP_PMU,25,0.0001270943505129185
4,UPFC_Vse,5-15,0.06006948094124512,30,0.06352137262246502,MAP_PMU,25,0.0034518916812198985
5,UPFC_tse,5-15,-2.1401259988733674,30,-2.1889909910378806,MAP_PMU,25,0.04886499216451323
0,x_tcsc,1-14,-0.10712381637294366,31,-0.10712355401333491,MAP_PMU,25,2.6235960874643194e-07
1,B_svc,2,0.17538347639098414,31,0.17518321676031778,MAP_PMU,25,0.00020025963066636066
2,UPFC_Vsh,5-15,1.1114710029395665,31,1.1060979056896427,MAP_PMU,25,0.005373097249923742
3,UPFC_tsh,5-15,-0.23410903035404734,31,-0.23431126976982974,MAP_PMU,25,0.00020223941578240145
4,UPFC_Vse,5-15,0.059047167137886054,31,0.06352137262246502,MAP_PMU,25,0.004474205484578962
5,UPFC_tse,5-15,-2.129956561924915,31,-2.1889909910378806,MAP_PMU,25,0.059034429112965636
0,x_tcsc,1-14,-0.10711492618613351,32,-0.10712355401333491,MAP_PMU,25,8.627827201401761e-06
1,B_svc,2,0.17567745569801993,32,0.17518321676031778,MAP_PMU,25,0.0004942389377021461
2,UPFC_Vsh,5-15,1.1118260115483807,32,1.1060979056896427,MAP_PMU,25,0.005728105858737953
3,UPFC_tsh,5-15,-0.234158757185013,32,-0.23431126976982974,MAP_PMU,25,0.00015251258481674412
4,UPFC_Vse,5-15,0.05889611152321221,32,0.06352137262246502,MAP_PMU,25,0.004625261099252806
5,UPFC_tse,5-15,-2.139852510404487,32,-2.1889909910378806,MAP_PMU,25,0.049138480633393655
0,x_tcsc,1-14,-0.1071202609600755,33,-0.10712355401333491,MAP_PMU,25,3.293053259412204e-06
1,B_svc,2,0.17508434244037596,33,0.17518321676031778,MAP_PMU,25,9.887431994182183e-05
2,UPFC_Vsh,5-15,1.111825573329784,33,1.1060979056896427,MAP_PMU,25,0.00572766764014121
3,UPFC_tsh,5-15,-0.2341454751618617,33,-0.23431126976982974,MAP_PMU,25,0.0001657946079680339
4,UPFC_Vse,5-15,0.05892264696838197,33,0.06352137262246502,MAP_PMU,25,0.0045987256540830496
5,UPFC_tse,5-15,-2.1253762415217654,33,-2.1889909910378806,MAP_PMU,25,0.06361474951611523
0,x_tcsc,1-14,-0.10713670963676035,34,-0.10712355401333491,MAP_PMU,25,1.315562342543708e-05
1,B_svc,2,0.17497181605339449,34,0.17518321676031778,MAP_PMU,25,0.00021140070692329815
2,UPFC_Vsh,5-15,1.1117350199653888,34,1.1060979056896427,MAP_PMU,25,0.005637114275746091
3,UPFC_tsh,5-15,-0.2341637819484329,34,-0.23431126976982974,MAP_PMU,25,0.00014748782139684113
4,UPFC_Vse,5-15,0.05951111669740547,34,0.06352137262246502,MAP_PMU,25,0.004010255925059547
5,UPFC_tse,5-15,-2.1302742544421145,34,-2.1889909910378806,MAP_PMU,25,0.05871673659576615
0,x_tcsc,1-14,-0.10711502329554054,35,-0.10712355401333491,MAP_PMU,25,8.5307177943722e-06
1,B_svc,2,0.1749252613556668,35,0.17518321676031778,MAP_PMU,25,0.00025795540465098354
2,UPFC_Vsh,5-15,1.1117477790742565,35,1.1060979056896427,MAP_PMU,25,0.005649873384613757
3,UPFC_tsh,5-15,-0.23414631636893718,35,-0.23431126976982974,MAP_PMU,25,0.0001649534008925646
4,UPFC_Vse,5-15,0.05955183339941278,35,0.06352137262246502,MAP_PMU,25,0.0039695392230522375
5,UPFC_tse,5-15,-2.1327240576843627,35,-2.1889909910378806,MAP_PMU,25,0.056266933353517956
0,x_tcsc,1-14,-0.10711611260366928,36,-0.10712355401333491,MAP_PMU,25,7.441409665631671e-06
1,B_svc,2,0.17499057756045072,36,0.17518321676031778,MAP_PMU,25,0.0001926391998670618
2,UPFC_Vsh,5-15,1.11187705484958,36,1.1060979056896427,MAP_PMU,25,0.005779149159937269
3,UPFC_tsh,5-15,-0.23404220517780758,36,-0.23431126976982974,MAP_PMU,25,0.0002690645920221668
4,UPFC_Vse,5-15,0.05923001609687312,36,0.06352137262246502,MAP_PMU,25,0.0042913565255918995
5,UPFC_tse,5-15,-2.122076489242104,36,-2.1889909910378806,MAP_PMU,25,0.06691450179577663
0,x_tcsc,1-14,-0.10710249042601118,37,-0.10712355401333491,MAP_PMU,25,2.1063587323733035e-05
1,B_svc,2,0.17544712621237976,37,0.17518321676031778,MAP_PMU,25,0.0002639094520619778
2,UPFC_Vsh,5-15,1.1115858548947823,37,1.1060979056896427,MAP_PMU,25,0.0054879492051396195
3,UPFC_tsh,5-15,-0.234123885973841,37,-0.23431126976982974,MAP_PMU,25,0.00018738379598873256
4,UPFC_Vse,5-15,0.05962509475695764,37,0.06352137262246502,MAP_PMU,25,0.0038962778655073776
5,UPFC_tse,5-15,-2.131608157741219,37,-2.1889909910378806,MAP_PMU,25,0.057382833296661495
0,x_tcsc,1-14,-0.10714016258864702,38,-0.10712355401333491,MAP_PMU,25,1.66085753121048e-05
1,B_svc,2,0.17514883342162912,38,0.17518321676031778,MAP_PMU,25,3.438333868865939e-05
2,UPFC_Vsh,5-15,1.1118039832895787,38,1.1060979056896427,MAP_PMU,25,0.005706077599936021
3,UPFC_tsh,5-15,-0.23409145630747918,38,-0.23431126976982974,MAP_PMU,25,0.00021981346235055987
4,UPFC_Vse,5-15,0.05899409299157376,38,0.06352137262246502,MAP_PMU,25,0.004527279630891258
5,UPFC_tse,5-15,-2.126612947492134,38,-2.1889909910378806,MAP_PMU,25,0.06237804354574683
0,x_tcsc,1-14,-0.10711984580553881,39,-0.10712355401333491,MAP_PMU,25,3.708207796104812e-06
1,B_svc,2,0.17512430628207165,39,0.17518321676031778,MAP_PMU,25,5.891047824613249e-05
2,UPFC_Vsh,5-15,1.1115236701734093,39,1.1060979056896427,MAP_PMU,25,0.005425764483766526
3,UPFC_tsh,5-15,-0.23408682258821387,39,-0.23431126976982974,MAP_PMU,25,0.00022444718161587773
4,UPFC_Vse,5-15,0.058781939440792255,39,0.06352137262246502,MAP_PMU,25,0.004739433181672761
5,UPFC_tse,5-15,-2.1333193408092423,39,-2.1889909910378806,MAP_PMU,25,0.05567165022863829
0,x_tcsc,1-14,-0.10711385962394668,40,-0.10712355401333491,MAP_PMU,25,9.694389388234526e-06
1,B_svc,2,0.17570484073542694,40,0.17518321676031778,MAP_PMU,25,0.0005216239751091589
2,UPFC_Vsh,5-15,1.111518133803585,40,1.1060979056896427,MAP_PMU,25,0.0054202281139423825
3,UPFC_tsh,5-15,-0.23408455070934422,40,-0.23431126976982974,MAP_PMU,25,0.0002267190604855196
4,UPFC_Vse,5-15,0.05932459405597785,40,0.06352137262246502,MAP_PMU,25,0.004196778566487168
5,UPFC_tse,5-15,-2.1320453095312133,40,-2.1889909910378806,MAP_PMU,25,0.056945681506667345
0,x_tcsc,1-14,-0.10712778728448212,41,-0.10712355401333491,MAP_PMU,25,4.233271147208173e-06
1,B_svc,2,0.1750439692207663,41,0.17518321676031778,MAP_PMU,25,0.00013924753955149582
2,UPFC_Vsh,5-15,1.1112781674363839,41,1.1060979056896427,MAP_PMU,25,0.005180261746741133
3,UPFC_tsh,5-15,-0.23417088565304478,41,-0.23431126976982974,MAP_PMU,25,0.00014038411678496399
4,UPFC_Vse,5-15,0.05929215510532592,41,0.06352137262246502,MAP_PMU,25,0.004229217517139096
5,UPFC_tse,5-15,-2.138602533377659,41,-2.1889909910378806,MAP_PMU,25,0.0503884576602216
0,x_tcsc,1-14,-0.10713031468499422,42,-0.10712355401333491,MAP_PMU,25,6.76067165930605e-06
1,B_svc,2,0.17529246273912885,42,0.17518321676031778,MAP_PMU,25,0.00010924597881106779
2,UPFC_Vsh,5-15,1.1115011912015098,42,1.1060979056896427,MAP_PMU,25,0.005403285511867084
3,UPFC_tsh,5-15,-0.23417336460632648,42,-0.23431126976982974,MAP_PMU,25,0.0001379051635032602
4,UPFC_Vse,5-15,0.059370409491821034,42,0.06352137262246502,MAP_PMU,25,0.004150963130643982
5,UPFC_tse,5-15,-2.1345697668059334,42,-2.1889909910378806,MAP_PMU,25,0.054421224231947285
0,x_tcsc,1-14,-0.10712905111053518,43,-0.10712355401333491,MAP_PMU,25,5.497097200268808e-06
1,B_svc,2,0.17494710975927186,43,0.17518321676031778,MAP_PMU,25,0.00023610700104592652
2,UPFC_Vsh,5-15,1.1118876636920223,43,1.1060979056896427,MAP_PMU,25,0.005789758002379575
3,UPFC_tsh,5-15,-0.23409126985024772,43,-0.23431126976982974,MAP_PMU,25,0.00021999991958202014
4,UPFC_Vse,5-15,0.059103303783201624,43,0.06352137262246502,MAP_PMU,25,0.004418068839263392
5,UPFC_tse,5-15,-2.1235864070875277,43,-2.1889909910378806,MAP_PMU,25,0.06540458395035298
0,x_tcsc,1-14,-0.10712903622893759,44,-0.10712355401333491,MAP_PMU,25,5.4822156026757e-06
1,B_svc,2,0.17519672991897595,44,0.17518321676031778,MAP_PMU,25,1.3513158658162716e-05
2,UPFC_Vsh,5-15,1.111327206520298,44,1.1060979056896427,MAP_PMU,25,0.005229300830655204
3,UPFC_tsh,5-15,-0.2340678572341034,44,-0.23431126976982974,MAP_PMU,25,0.00024341253572635058
4,UPFC_Vse,5-15,0.059825118231554564,44,0.06352137262246502,MAP_PMU,25,0.003696254390910453
5,UPFC_tse,5-15,-2.123175400542246,44,-2.1889909910378806,MAP_PMU,25,0.06581559049563479
0,x_tcsc,1-14,-0.10711111955169812,45,-0.10712355401333491,MAP_PMU,25,1.2434461636789962e-05
1,B_svc,2,0.17518042032255216,45,0.17518321676031778,MAP_PMU,25,2.7964377656286565e-06
2,UPFC_Vsh,5-15,1.111589435044214,45,1.1060979056896427,MAP_PMU,25,0.005491529354571201
3,UPFC_tsh,5-15,-0.23413143000677442,45,-0.23431126976982974,MAP_PMU,25,0.00017983976305532834
4,UPFC_Vse,5-15,0.059425339766268126,45,0.06352137262246502,MAP_PMU,25,0.004096032856196891
5,UPFC_tse,5-15,-2.126293033750741,45,-2.1889909910378806,MAP_PMU,25,0.06269795728713978
0,x_tcsc,1-14,-0.10711568600536758,46,-0.10712355401333491,MAP_PMU,25,7.868007967329338e-06
1,B_svc,2,0.17533159475041862,46,0.17518321676031778,MAP_PMU,25,0.00014837799010083974
2,UPFC_Vsh,5-15,1.1117731687855654,46,1.1060979056896427,MAP_PMU,25,0.0056752630959227
3,UPFC_tsh,5-15,-0.2341363848408891,46,-0.23431126976982974,MAP_PMU,25,0.0001748849289406329
4,UPFC_Vse,5-15,0.058865222763565,46,0.06352137262246502,MAP_PMU,25,0.004656149858900019
5,UPFC_tse,5-15,-2.1224240692646927,46,-2.1889909910378806,MAP_PMU,25,0.0665669217731879
0,x_tcsc,1-14,-0.10713394097593198,47,-0.10712355401333491,MAP_PMU,25,1.0386962597072613e-05
1,B_svc,2,0.1751322789668832,47,0.17518321676031778,MAP_PMU,25,5.09377934345967e-05
2,UPFC_Vsh,5-15,1.1114850820321331,47,1.1060979056896427,MAP_PMU,25,0.0053871763424904184
3,UPFC_tsh,5-15,-0.2341263923811525,47,-0.23431126976982974,MAP_PMU,25,0.000184877388677257
4,UPFC_Vse,5-15,0.05976378666491075,47,0.06352137262246502,MAP_PMU,25,0.003757585957554266
5,UPFC_tse,5-15,-2.142153835943208,47,-2.1889909910378806,MAP_PMU,25,0.04683715509467268
0,x_tcsc,1-14,-0.10713887417553186,48,-0.10712355401333491,MAP_PMU,25,1.5320162196949538e-05
1,B_svc,2,0.17556759008611994,48,0.17518321676031778,MAP_PMU,25,0.00038437332580215644
2,UPFC_Vsh,5-15,1.1117978183483666,48,1.1060979056896427,MAP_PMU,25,0.005699912658723827
3,UPFC_tsh,5-15,-0.23411633095409878,48,-0.23431126976982974,MAP_PMU,25,0.0001949388157309606
4,UPFC_Vse,5-15,0.05934075813773541,48,0.06352137262246502,MAP_PMU,25,0.00418061448472961
5,UPFC_tse,5-15,-2.1343129599004835,48,-2.1889909910378806,MAP_PMU,25,0.05467803113739711
0,x_tcsc,1-14,-0.10713243972574876,49,-0.10712355401333491,MAP_PMU,25,8.885712413850277e-06
1,B_svc,2,0.17513073265721618,49,0.17518321676031778,MAP_PMU,25,5.248410310160212e-05
2,UPFC_Vsh,5-15,1.1114120689741032,49,1.1060979056896427,MAP_PMU,25,0.005314163284460438
3,UPFC_tsh,5-15,-0.23413468262137238,49,-0.23431126976982974,MAP_PMU,25,0.00017658714845736334
4,UPFC_Vse,5-15,0.059531500719154626,49,0.06352137262246502,MAP_PMU,25,0.003989871903310391
5,UPFC_tse,5-15,-2.136921558528032,49,-2.1889909910378806,MAP_PMU,25,0.052069432509848745
0,x_tcsc,1-14,-0.1071263108452479,50,-0.10712355401333491,MAP_PMU,25,2.756831912989477e-06
1,B_svc,2,0.17484993898797108,50,0.17518321676031778,MAP_PMU,25,0.0003332777723467073
2,UPFC_Vsh,5-15,1.1116269295863117,50,1.1060979056896427,MAP_PMU,25,0.005529023896668983
3,UPFC_tsh,5-15,-0.23410511271714848,50,-0.23431126976982974,MAP_PMU,25,0.0002061570526812606
4,UPFC_Vse,5-15,0.05933399283785475,50,0.06352137262246502,MAP_PMU,25,0.004187379784610264
5,UPFC_tse,5-15,-2.1304524882289795,50,-2.1889909910378806,MAP_PMU,25,0.05853850280890116
0,x_tcsc,1-14,-0.10709435768902226,51,-0.10712355401333491,MAP_PMU,25,2.9196324312655286e-05
1,B_svc,2,0.17552145764219018,51,0.17518321676031778,MAP_PMU,25,0.0003382408818723981
2,UPFC_Vsh,5-15,1.1116116117899677,51,1.1060979056896427,MAP_PMU,25,0.005513706100324978
3,UPFC_tsh,5-15,-0.23402418845907622,51,-0.23431126976982974,MAP_PMU,25,0.0002870813107535286
4,UPFC_Vse,5-15,0.059206390495096725,51,0.06352137262246502,MAP_PMU,25,0.0043149821273682915
5,UPFC_tse,5-15,-2.122784486569957,51,-2.1889909910378806,MAP_PMU,25,0.06620650446792364
0,x_tcsc,1-14,-0.1071128542937503,52,-0.10712355401333491,MAP_PMU,25,1.0699719584617018e-05
1,B_svc,2,0.1754414510052222,52,0.17518321676031778,MAP_PMU,25,0.00025823424490442615
2,UPFC_Vsh,5-15,1.111416503710754,52,1.1060979056896427,MAP_PMU,25,0.005318598021111232
3,UPFC_tsh,5-15,-0.23417494120929094,52,-0.23431126976982974,MAP_PMU,25,0.00013632856053880094
4,UPFC_Vse,5-15,0.05926079923734344,52,0.06352137262246502,MAP_PMU,25,0.004260573385121577
5,UPFC_tse,5-15,-2.1279111735657588,52,-2.1889909910378806,MAP_PMU,25,0.06107981747212188
0,x_tcsc,1-14,-0.10712568042376724,53,-0.10712355401333491,MAP_PMU,25,2.126410432332082e-06
1,B_svc,2,0.1749249760032036,53,0.17518321676031778,MAP_PMU,25,0.00025824075711416983
2,UPFC_Vsh,5-15,1.1113779689800614,53,1.1060979056896427,MAP_PMU,25,0.005280063290418635
3,UPFC_tsh,5-15,-0.23417891836452753,53,-0.23431126976982974,MAP_PMU,25,0.00013235140530221123
4,UPFC_Vse,5-15,0.059069998690697324,53,0.06352137262246502,MAP_PMU,25,0.004451373931767692
5,UPFC_tse,5-15,-2.1308930879203403,53,-2.1889909910378806,MAP_PMU,25,0.05809790311754037
0,x_tcsc,1-14,-0.10711782292711537,54,-0.10712355401333491,MAP_PMU,25,5.731086219540327e-06
1,B_svc,2,0.17581556349922275,54,0.17518321676031778,MAP_PMU,25,0.0006323467389049708
2,UPFC_Vsh,5-15,1.1116797900084217,54,1.1060979056896427,MAP_PMU,25,0.005581884318778929
3,UPFC_tsh,5-15,-0.23413687127503438,54,-0.23431126976982974,MAP_PMU,25,0.00017439849479536362
4,UPFC_Vse,5-15,0.059002025661176474,54,0.06352137262246502,MAP_PMU,25,0.004519346961288542
5,UPFC_tse,5-15,-2.12804020904257,54,-2.1889909910378806,MAP_PMU,25,0.06095078199531079
0,x_tcsc,1-14,-0.10713400097418277,55,-0.10712355401333491,MAP_PMU,25,1.0446960847856901e-05
1,B_svc,2,0.17506217543490044,55,0.17518321676031778,MAP_PMU,25,0.00012104132541734813
2,UPFC_Vsh,5-15,1.1116897140975044,55,1.1060979056896427,MAP_PMU,25,0.005591808407861665
3,UPFC_tsh,5-15,-0.2341442373749601,55,-0.23431126976982974,MAP_PMU,25,0.00016703239486964838
4,UPFC_Vse,5-15,0.059771691939296615,55,0.06352137262246502,MAP_PMU,25,0.003749680683168402
5,UPFC_tse,5-15,-2.1297288738717883,55,-2.1889909910378806,MAP_PMU,25,0.05926211716609231
0,x_tcsc,1-14,-0.1071198782819213,56,-0.10712355401333491,MAP_PMU,25,3.6757314136187658e-06
1,B_svc,2,0.17560683012366077,56,0.17518321676031778,MAP_PMU,25,0.00042361336334298394
2,UPFC_Vsh,5-15,1.111474159749818,56,1.1060979056896427,MAP_PMU,25,0.005376254060175167
3,UPFC_tsh,5-15,-0.23418051368403017,56,-0.23431126976982974,MAP_PMU,25,0.00013075608579957154
4,UPFC_Vse,5-15,0.05930246950531026,56,0.06352137262246502,MAP_PMU,25,0.004218903117154754
5,UPFC_tse,5-15,-2.1333380472354064,56,-2.1889909910378806,MAP_PMU,25,0.05565294380247421
0,x_tcsc,1-14,-0.10711725273398574,57,-0.10712355401333491,MAP_PMU,25,6.30127934916902e-06
1,B_svc,2,0.1748654669208497,57,0.17518321676031778,MAP_PMU,25,0.00031774983946808444
2,UPFC_Vsh,5-15,1.111476294056261,57,1.1060979056896427,MAP_PMU,25,0.005378388366618303
3,UPFC_tsh,5-15,-0.23413301444683293,57,-0.23431126976982974,MAP_PMU,25,0.00017825532299681202
4,UPFC_Vse,5-15,0.059532921648056375,57,0.06352137262246502,MAP_PMU,25,0.003988450974408642
5,UPFC_tse,5-15,-2.129030794997439,57,-2.1889909910378806,MAP_PMU,25,0.05996019604044145
0,x_tcsc,1-14,-0.10712331761291419,58,-0.10712355401333491,MAP_PMU,25,2.3640042072503586e-07
1,B_svc,2,0.17514599059777536,58,0.17518321676031778,MAP_PMU,25,3.722616254242528e-05
2,UPFC_Vsh,5-15,1.1117404044721457,58,1.1060979056896427,MAP_PMU,25,0.005642498782503003
3,UPFC_tsh,5-15,-0.23404430271581675,58,-0.23431126976982974,MAP_PMU,25,0.00026696705401299536
4,UPFC_Vse,5-15,0.058786829950603366,58,0.06352137262246502,MAP_PMU,25,0.004734542671861651
5,UPFC_tse,5-15,-2.1335607403339796,58,-2.1889909910378806,MAP_PMU,25,0.05543025070390106
0,x_tcsc,1-14,-0.10713046029303665,59,-0.10712355401333491,MAP_PMU,25,6.906279701734963e-06
1,B_svc,2,0.1751462209045647,59,0.17518321676031778,MAP_PMU,25,3.699585575309139e-05
2,UPFC_Vsh,5-15,1.111632407064036,59,1.1060979056896427,MAP_PMU,25,0.005534501374393264
3,UPFC_tsh,5-15,-0.2341724955700953,59,-0.23431126976982974,MAP_PMU,25,0.00013877419973443161
4,UPFC_Vse,5-15,0.05962623227000456,59,0.06352137262246502,MAP_PMU,25,0.003895140352460455
5,UPFC_tse,5-15,-2.134870802253206,59,-2.1889909910378806,MAP_PMU,25,0.05412018878467473
0,x_tcsc,1-14,-0.10712422353912697,60,-0.10712355401333491,MAP_PMU,25,6.695257920574793e-07
1,B_svc,2,0.17526555868470106,60,0.17518321676031778,MAP_PMU,25,8.234192438327792e-05
2,UPFC_Vsh,5-15,1.1115827289132074,60,1.1060979056896427,MAP_PMU,25,0.005484823223564694
3,UPFC_tsh,5-15,-0.2341119950879464,60,-0.23431126976982974,MAP_PMU,25,0.00019927468188335462
4,UPFC_Vse,5-15,0.0594596116248482,60,0.06352137262246502,MAP_PMU,25,0.004061760997616813
5,UPFC_tse,5-15,-2.124048011105623,60,-2.1889909910378806,MAP_PMU,25,0.06494297993225784
0,x_tcsc,1-14,-0.10712221363128419,61,-0.10712355401333491,MAP_PMU,25,1.3403820507268405e-06
1,B_svc,2,0.1747991342853418,61,0.17518321676031778,MAP_PMU,25,0.000384082474975983
2,UPFC_Vsh,5-15,1.1120511080848527,61,1.1060979056896427,MAP_PMU,25,0.005953202395210022
3,UPFC_tsh,5-15,-0.2340685435827242,61,-0.23431126976982974,MAP_PMU,25,0.00024272618710555194
4,UPFC_Vse,5-15,0.059575470211323915,61,0.06352137262246502,MAP_PMU,25,0.0039459024111411015
5,UPFC_tse,5-15,-2.1240861829661903,61,-2.1889909910378806,MAP_PMU,25,0.0649048080716903
0,x_tcsc,1-14,-0.10711608346258553,62,-0.10712355401333491,MAP_PMU,25,7.4705507493860734e-06
1,B_svc,2,0.1753689111683799,62,0.17518321676031778,MAP_PMU,25,0.0001856944080621259
2,UPFC_Vsh,5-15,1.1114002248380341,62,1.1060979056896427,MAP_PMU,25,0.00530231914839141
3,UPFC_tsh,5-15,-0.23415564638856484,62,-0.23431126976982974,MAP_PMU,25,0.00015562338126490216
4,UPFC_Vse,5-15,0.05962403434169496,62,0.06352137262246502,MAP_PMU,25,0.0038973382807700532
5,UPFC_tse,5-15,-2.1311756995998006,62,-2.1889909910378806,MAP_PMU,25,0.05781529143808006
0,x_tcsc,1-14,-0.10711914668298937,63,-0.10712355401333491,MAP_PMU,25,4.407330345540528e-06
1,B_svc,2,0.1753067564766436,63,0.17518321676031778,MAP_PMU,25,0.00012353971632581007
2,UPFC_Vsh,5-15,1.1116421294433885,63,1.1060979056896427,MAP_PMU,25,0.005544223753745747
3,UPFC_tsh,5-15,-0.2341582041905621,63,-0.23431126976982974,MAP_PMU,25,0.00015306557926764164
4,UPFC_Vse,5-15,0.05933668250310592,63,0.06352137262246502,MAP_PMU,25,0.004184690119359097
5,UPFC_tse,5-15,-2.1258281900017684,63,-2.1889909910378806,MAP_PMU,25,0.06316280103611227
0,x_tcsc,1-14,-0.10713116403494885,64,-0.10712355401333491,MAP_PMU,25,7.610021613937978e-06
1,B_svc,2,0.17529693847710764,64,0.17518321676031778,MAP_PMU,25,0.00011372171678986076
2,UPFC_Vsh,5-15,1.1117859772062548,64,1.1060979056896427,MAP_PMU,25,0.005688071516612103
3,UPFC_tsh,5-15,-0.2341094989881996,64,-0.23431126976982974,MAP_PMU,25,0.0002017707816301395
4,UPFC_Vse,5-15,0.05951379970295087,64,0.06352137262246502,MAP_PMU,25,0.004007572919514146
5,UPFC_tse,5-15,-2.1287965303340437,64,-2.1889909910378806,MAP_PMU,25,0.06019446070383694
0,x_tcsc,1-14,-0.10709911215970984,65,-0.10712355401333491,MAP_PMU,25,2.444185362507345e-05
1,B_svc,2,0.1751370349169679,65,0.17518321676031778,MAP_PMU,25,4.618184334989617e-05
2,UPFC_Vsh,5-15,1.1115271087613012,65,1.1060979056896427,MAP_PMU,25,0.005429203071658506
3,UPFC_tsh,5-15,-0.23413319989229248,65,-0.23431126976982974,MAP_PMU,25,0.000178069877537268
4,UPFC_Vse,5-15,0.059429334114233116,65,0.06352137262246502,MAP_PMU,25,0.0040920385082319
5,UPFC_tse,5-15,-2.1304588411718886,65,-2.1889909910378806,MAP_PMU,25,0.05853214986599209
0,x_tcsc,1-14,-0.10712750579752368,66,-0.10712355401333491,MAP_PMU,25,3.951784188771512e-06
1,B_svc,2,0.17541078603906646,66,0.17518321676031778,MAP_PMU,25,0.00022756927874867383
2,UPFC_Vsh,5-15,1.1113726538772606,66,1.1060979056896427,MAP_PMU,25,0.0052747481876178615
3,UPFC_tsh,5-15,-0.23422264147605712,66,-0.23431126976982974,MAP_PMU,25,8.86282937726246e-05
4,UPFC_Vse,5-15,0.06001642092919117,66,0.06352137262246502,MAP_PMU,25,0.0035049516932738473
5,UPFC_tse,5-15,-2.134161653454637,66,-2.1889909910378806,MAP_PMU,25,0.05482933758324382
0,x_tcsc,1-14,-0.10712502200281024,67,-0.10712355401333491,MAP_PMU,25,1.4679894753261147e-06
1,B_svc,2,0.17489060899396044,67,0.17518321676031778,MAP_PMU,25,0.000292607766357339
2,UPFC_Vsh,5-15,1.1118525824213863,67,1.1060979056896427,MAP_PMU,25,0.005754676731743569
3,UPFC_tsh,5-15,-0.23415376887975167,67,-0.23431126976982974,MAP_PMU,25,0.00015750089007807166
4,UPFC_Vse,5-15,0.05929294341556597,67,0.06352137262246502,MAP_PMU,25,0.004228429206899045
5,UPFC_tse,5-15,-2.1286631813948835,67,-2.1889909910378806,MAP_PMU,25,0.06032780964299711
0,x_tcsc,1-14,-0.10712671691074555,68,-0.10712355401333491,MAP_PMU,25,3.1628974106329144e-06
1,B_svc,2,0.17523183779992546,68,0.17518321676031778,MAP_PMU,25,4.862103960767694e-05
2,UPFC_Vsh,5-15,1.1118523443919772,68,1.1060979056896427,MAP_PMU,25,0.005754438702334497
3,UPFC_tsh,5-15,-0.23408583649355671,68,-0.23431126976982974,MAP_PMU,25,0.00022543327627302934
4,UPFC_Vse,5-15,0.059422698656484876,68,0.06352137262246502,MAP_PMU,25,0.00409867396598014
5,UPFC_tse,5-15,-2.1188600899323027,68,-2.1889909910378806,MAP_PMU,25,0.07013090110557796
0,x_tcsc,1-14,-0.10710448432549934,69,-0.10712355401333491,MAP_PMU,25,1.906968783557672e-05
1,B_svc,2,0.1754634612989265,69,0.17518321676031778,MAP_PMU,25,0.000280244538608726
2,UPFC_Vsh,5-15,1.112010274737526,69,1.1060979056896427,MAP_PMU,25,0.005912369047883281
3,UPFC_tsh,5-15,-0.23401501695151053,69,-0.23431126976982974,MAP_PMU,25,0.0002962528183192148
4,UPFC_Vse,5-15,0.05903778558248276,69,0.06352137262246502,MAP_PMU,25,0.004483587039982258
5,UPFC_tse,5-15,-2.1270620402897795,69,-2.1889909910378806,MAP_PMU,25,0.06192895074810112
0,x_tcsc,1-14,-0.1071200351703245,70,-0.10712355401333491,MAP_PMU,25,3.5188430104055035e-06
1,B_svc,2,0.17486431416085987,70,0.17518321676031778,MAP_PMU,25,0.0003189025994579098
2,UPFC_Vsh,5-15,1.1113738326801512,70,1.1060979056896427,MAP_PMU,25,0.005275926990508495
3,UPFC_tsh,5-15,-0.2341242494398439,70,-0.23431126976982974,MAP_PMU,25,0.00018702032998585416
4,UPFC_Vse,5-15,0.05952261082107393,70,0.06352137262246502,MAP_PMU,25,0.003998761801391089
5,UPFC_tse,5-15,-2.125368219741307,70,-2.1889909910378806,MAP_PMU,25,0.06362277129657379
0,x_tcsc,1-14,-0.10712715235028852,71,-0.10712355401333491,MAP_PMU,25,3.5983369536113363e-06
1,B_svc,2,0.1750169647755908,71,0.17518321676031778,MAP_PMU,25,0.00016625198472697278
2,UPFC_Vsh,5-15,1.1116765035527107,71,1.1060979056896427,MAP_PMU,25,0.005578597863068024
3,UPFC_tsh,5-15,-0.2341393805261488,71,-0.23431126976982974,MAP_PMU,25,0.00017188924368094494
4,UPFC_Vse,5-15,0.059595754479022295,71,0.06352137262246502,MAP_PMU,25,0.003925618143442722
5,UPFC_tse,5-15,-2.1261995353841536,71,-2.1889909910378806,MAP_PMU,25,0.06279145565372701
0,x_tcsc,1-14,-0.10711477775057063,72,-0.10712355401333491,MAP_PMU,25,8.77626276428456e-06
1,B_svc,2,0.1755815235858717,72,0.17518321676031778,MAP_PMU,25,0.00039830682555391794
2,UPFC_Vsh,5-15,1.111606409341641,72,1.1060979056896427,MAP_PMU,25,0.005508503651998176
3,UPFC_tsh,5-15,-0.23405972620884238,72,-0.23431126976982974,MAP_PMU,25,0.00025154356098736064
4,UPFC_Vse,5-15,0.058963590209765424,72,0.06352137262246502,MAP_PMU,25,0.004557782412699593
5,UPFC_tse,5-15,-2.131764603301004,72,-2.1889909910378806,MAP_PMU,25,0.05722638773687683
0,x_tcsc,1-14,-0.10711037545265768,73,-0.10712355401333491,MAP_PMU,25,1.3178560677229445e-05
1,B_svc,2,0.17516097832484379,73,0.17518321676031778,MAP_PMU,25,2.2238435473997953e-05
2,UPFC_Vsh,5-15,1.1117426996915394,73,1.1060979056896427,MAP_PMU,25,0.005644794001896658
3,UPFC_tsh,5-15,-0.23413886714642324,73,-0.23431126976982974,MAP_PMU,25,0.00017240262340650903
4,UPFC_Vse,5-15,0.05914279569930301,73,0.06352137262246502,MAP_PMU,25,0.004378576923162007
5,UPFC_tse,5-15,-2.129472660788916,73,-2.1889909910378806,MAP_PMU,25,0.0595183302489648
0,x_tcsc,1-14,-0.10712708611858612,74,-0.10712355401333491,MAP_PMU,25,3.5321052512110596e-06
1,B_svc,2,0.17527599439989086,74,0.17518321676031778,MAP_PMU,25,9.277763957307728e-05
2,UPFC_Vsh,5-15,1.111841258814811,74,1.1060979056896427,MAP_PMU,25,0.005743353125168271
3,UPFC_tsh,5-15,-0.23412387149142758,74,-0.23431126976982974,MAP_PMU,25,0.00018739827840216772
4,UPFC_Vse,5-15,0.05954147964279208,74,0.06352137262246502,MAP_PMU,25,0.003979892979672939
5,UPFC_tse,5-15,-2.1357996210726875,74,-2.1889909910378806,MAP_PMU,25,0.053191369965193136
0,x_tcsc,1-14,-0.10710325591131697,75,-0.10712355401333491,MAP_PMU,25,2.029810201793769e-05
1,B_svc,2,0.1750288842644621,75,0.17518321676031778,MAP_PMU,25,0.00015433249585569686
2,UPFC_Vsh,5-15,1.1116366791346635,75,1.1060979056896427,MAP_PMU,25,0.005538773445020739
3,UPFC_tsh,5-15,-0.2341856160849828,75,-0.23431126976982974,MAP_PMU,25,0.0001256536848469325
4,UPFC_Vse,5-15,0.05941618973543564,75,0.06352137262246502,MAP_PMU,25,0.004105182887029379
5,UPFC_tse,5-15,-2.1319428911948783,75,-2.1889909910378806,MAP_PMU,25,0.0570480998430023
0,x_tcsc,1-14,-0.1071182812926193,76,-0.10712355401333491,MAP_PMU,25,5.2727207156128e-06
1,B_svc,2,0.17553012956690353,76,0.17518321676031778,MAP_PMU,25,0.0003469128065857474
2,UPFC_Vsh,5-15,1.1119357915886665,76,1.1060979056896427,MAP_PMU,25,0.005837885899023787
3,UPFC_tsh,5-15,-0.2340284309049316,76,-0.23431126976982974,MAP_PMU,25,0.0002828388648981328
4,UPFC_Vse,5-15,0.05937768275117592,76,0.06352137262246502,MAP_PMU,25,0.0041436898712890954
5,UPFC_tse,5-15,-2.1286858935980093,76,-2.1889909910378806,MAP_PMU,25,0.060305097439871336
0,x_tcsc,1-14,-0.10712344558276708,77,-0.10712355401333491,MAP_PMU,25,1.0843056783005345e-07
1,B_svc,2,0.17533125970584276,77,0.17518321676031778,MAP_PMU,25,0.00014804294552497876
2,UPFC_Vsh,5-15,1.1112552832778586,77,1.1060979056896427,MAP_PMU,25,0.0051573775882158834
3,UPFC_tsh,5-15,-0.23412435164791237,77,-0.23431126976982974,MAP_PMU,25,0.00018691812191737323
4,UPFC_Vse,5-15,0.059424712464209585,77,0.06352137262246502,MAP_PMU,25,0.0040966601582554316
5,UPFC_tse,5-15,-2.1244600521394794,77,-2.1889909910378806,MAP_PMU,25,0.06453093889840122
0,x_tcsc,1-14,-0.10713404621331198,78,-0.10712355401333491,MAP_PMU,25,1.0492199977063521e-05
1,B_svc,2,0.1749769266289193,78,0.17518321676031778,MAP_PMU,25,0.0002062901313984733
2,UPFC_Vsh,5-15,1.1115607001420134,78,1.1060979056896427,MAP_PMU,25,0.005462794452370634
3,UPFC_tsh,5-15,-0.2341099031659492,78,-0.23431126976982974,MAP_PMU,25,0.0002013666038805373
4,UPFC_Vse,5-15,0.0594350107068637,78,0.06352137262246502,MAP_PMU,25,0.004086361915601314
5,UPFC_tse,5-15,-2.124318072381398,78,-2.1889909910378806,MAP_PMU,25,0.06467291865648273
0,x_tcsc,1-14,-0.10713461442336085,79,-0.10712355401333491,MAP_PMU,25,1.106041002593705e-05
1,B_svc,2,0.17522738280023387,79,0.17518321676031778,MAP_PMU,25,4.416603991608259e-05
2,UPFC_Vsh,5-15,1.1116925375357998,79,1.1060979056896427,MAP_PMU,25,0.00559463184615705
3,UPFC_tsh,5-15,-0.23413696990420152,79,-0.23431126976982974,MAP_PMU,25,0.00017429986562822464
4,UPFC_Vse,5-15,0.059105338339367465,79,0.06352137262246502,MAP_PMU,25,0.004416034283097552
5,UPFC_tse,5-15,-2.1231777299588055,79,-2.1889909910378806,MAP_PMU,25,0.06581326107907515
0,x_tcsc,1-14,-0.10711420935908035,80,-0.10712355401333491,MAP_PMU,25,9.344654254561657e-06
1,B_svc,2,0.17520071553224328,80,0.17518321676031778,MAP_PMU,25,1.7498771925500423e-05
2,UPFC_Vsh,5-15,1.111600088725964,80,1.1060979056896427,MAP_PMU,25,0.005502183036321329
3,UPFC_tsh,5-15,-0.23417245865849173,80,-0.23431126976982974,MAP_PMU,25,0.00013881111133801083
4,UPFC_Vse,5-15,0.059480797490007245,80,0.06352137262246502,MAP_PMU,25,0.0040405751324577716
5,UPFC_tse,5-15,-2.1305336126318037,80,-2.1889909910378806,MAP_PMU,25,0.0584573784060769
0,x_tcsc,1-14,-0.10712525987730467,81,-0.10712355401333491,MAP_PMU,25,1.7058639697614675e-06
1,B_svc,2,0.17509413450944908,81,0.17518321676031778,MAP_PMU,25,8.908225086870503e-05
2,UPFC_Vsh,5-15,1.1115861136061596,81,1.1060979056896427,MAP_PMU,25,0.00548820791651683
3,UPFC_tsh,5-15,-0.23416092905973274,81,-0.23431126976982974,MAP_PMU,25,0.00015034071009700778
4,UPFC_Vse,5-15,0.05890885637125829,81,0.06352137262246502,MAP_PMU,25,0.004612516251206726
5,UPFC_tse,5-15,-2.129846780822972,81,-2.1889909910378806,MAP_PMU,25,0.059144210214908455
0,x_tcsc,1-14,-0.1071112518227416,82,-0.10712355401333491,MAP_PMU,25,1.2302190593310725e-05
1,B_svc,2,0.17516226950789177,82,0.17518321676031778,MAP_PMU,25,2.0947252426017915e-05
2,UPFC_Vsh,5-15,1.1115605077558,82,1.1060979056896427,MAP_PMU,25,0.005462602066157229
3,UPFC_tsh,5-15,-0.23418300362521396,82,-0.23431126976982974,MAP_PMU,25,0.00012826614461577956
4,UPFC_Vse,5-15,0.05936445511931036,82,0.06352137262246502,MAP_PMU,25,0.00415691750315466
5,UPFC_tse,5-15,-2.1290260045522795,82,-2.1889909910378806,MAP_PMU,25,0.05996498648560111
0,x_tcsc,1-14,-0.10712172330578401,83,-0.10712355401333491,MAP_PMU,25,1.8307075509010895e-06
1,B_svc,2,0.17560165925129465,83,0.17518321676031778,MAP_PMU,25,0.00041844249097686137
2,UPFC_Vsh,5-15,1.1114906311038277,83,1.1060979056896427,MAP_PMU,25,0.005392725414185007
3,UPFC_tsh,5-15,-0.23406047759869045,83,-0.23431126976982974,MAP_PMU,25,0.00025079217113929686
4,UPFC_Vse,5-15,0.05939089639158878,83,0.06352137262246502,MAP_PMU,25,0.004130476230876236
5,UPFC_tse,5-15,-2.131319517566822,83,-2.1889909910378806,MAP_PMU,25,0.05767147347105883
0,x_tcsc,1-14,-0.10711150058056058,84,-0.10712355401333491,MAP_PMU,25,1.2053432774328243e-05
1,B_svc,2,0.1752945994912371,84,0.17518321676031778,MAP_PMU,25,0.00011138273091931827
2,UPFC_Vsh,5-15,1.111834622782707,84,1.1060979056896427,MAP_PMU,25,0.005736717093064225
3,UPFC_tsh,5-15,-0.2341269296803466,84,-0.23431126976982974,MAP_PMU,25,0.00018434008948314817
4,UPFC_Vse,5-15,0.05962480963918899,84,0.06352137262246502,MAP_PMU,25,0.0038965629832760293
5,UPFC_tse,5-15,-2.126626105504099,84,-2.1889909910378806,MAP_PMU,25,0.0623648855337815
0,x_tcsc,1-14,-0.10711927711646672,85,-0.10712355401333491,MAP_PMU,25,4.276896868188329e-06
1,B_svc,2,0.17497263540506702,85,0.17518321676031778,MAP_PMU,25,0.00021058135525076072
2,UPFC_Vsh,5-15,1.1117909940768207,85,1.1060979056896427,MAP_PMU,25,0.005693088387177969
3,UPFC_tsh,5-15,-0.2340606109552074,85,-0.23431126976982974,MAP_PMU,25,0.0002506588146223565
4,UPFC_Vse,5-15,0.059384110501962115,85,0.06352137262246502,MAP_PMU,25,0.004137262120502902
5,UPFC_tse,5-15,-2.131487961054548,85,-2.1889909910378806,MAP_PMU,25,0.05750302998333279
0,x_tcsc,1-14,-0.1071194866533494,86,-0.10712355401333491,MAP_PMU,25,4.0673599855101106e-06
1,B_svc,2,0.1751240101952412,86,0.17518321676031778,MAP_PMU,25,5.920656507657496e-05
2,UPFC_Vsh,5-15,1.111643560252236,86,1.1060979056896427,MAP_PMU,25,0.005545654562593372
3,UPFC_tsh,5-15,-0.23406909345177068,86,-0.23431126976982974,MAP_PMU,25,0.00024217631805906192
4,UPFC_Vse,5-15,0.05947045339920332,86,0.06352137262246502,MAP_PMU,25,0.004050919223261694
5,UPFC_tse,5-15,-2.131069657366763,86,-2.1889909910378806,MAP_PMU,25,0.057921333671117736
0,x_tcsc,1-14,-0.10712183631005119,87,-0.10712355401333491,MAP_PMU,25,1.717703283721228e-06
1,B_svc,2,0.17519417703497425,87,0.17518321676031778,MAP_PMU,25,1.0960274656468538e-05
2,UPFC_Vsh,5-15,1.1114457763477936,87,1.1060979056896427,MAP_PMU,25,0.0053478706581508995
3,UPFC_tsh,5-15,-0.23412317207094177,87,-0.23431126976982974,MAP_PMU,25,0.00018809769888797345
4,UPFC_Vse,5-15,0.05905194186412591,87,0.06352137262246502,MAP_PMU,25,0.004469430758339103
5,UPFC_tse,5-15,-2.131365820858959,87,-2.1889909910378806,MAP_PMU,25,0.05762517017892144
0,x_tcsc,1-14,-0.10712901948337548,88,-0.10712355401333491,MAP_PMU,25,5.4654700405720735e-06
1,B_svc,2,0.1758446556477595,88,0.17518321676031778,MAP_PMU,25,0.0006614388874417176
2,UPFC_Vsh,5-15,1.1112969824435364,88,1.1060979056896427,MAP_PMU,25,0.005199076753893639
3,UPFC_tsh,5-15,-0.23416951562421467,88,-0.23431126976982974,MAP_PMU,25,0.0001417541456150695
4,UPFC_Vse,5-15,0.05933446042083366,88,0.06352137262246502,MAP_PMU,25,0.004186912201631358
5,UPFC_tse,5-15,-2.133536834143497,88,-2.1889909910378806,MAP_PMU,25,0.05545415689438382
0,x_tcsc,1-14,-0.1071214218991527,89,-0.10712355401333491,MAP_PMU,25,2.1321141822072676e-06
1,B_svc,2,0.175137499764265,89,0.17518321676031778,MAP_PMU,25,4.5716996052797e-05
2,UPFC_Vsh,5-15,1.111598661778546,89,1.1060979056896427,MAP_PMU,25,0.005500756088903325
3,UPFC_tsh,5-15,-0.23412261828831385,89,-0.23431126976982974,MAP_PMU,25,0.00018865148151589461
4,UPFC_Vse,5-15,0.05926757053736629,89,0.06352137262246502,MAP_PMU,25,0.004253802085098728
5,UPFC_tse,5-15,-2.1318165770098987,89,-2.1889909910378806,MAP_PMU,25,0.05717441402798196
0,x_tcsc,1-14,-0.1071181107330906,90,-0.10712355401333491,MAP_PMU,25,5.4432802443077355e-06
1,B_svc,2,0.17486712661980142,90,0.17518321676031778,MAP_PMU,25,0.0003160901405163674
2,UPFC_Vsh,5-15,1.111587563147116,90,1.1060979056896427,MAP_PMU,25,0.005489657457473207
3,UPFC_tsh,5-15,-0.2341347164088285,90,-0.23431126976982974,MAP_PMU,25,0.00017655336100125263
4,UPFC_Vse,5-15,0.05948031060289578,90,0.06352137262246502,MAP_PMU,25,0.004041062019569233
5,UPFC_tse,5-15,-2.125680858871807,90,-2.1889909910378806,MAP_PMU,25,0.06331013216607362
0,x_tcsc,1-14,-0.10710539166005041,91,-0.10712355401333491,MAP_PMU,25,1.8162353284500998e-05
1,B_svc,2,0.17523817224474583,91,0.17518321676031778,MAP_PMU,25,5.495548442804865e-05
2,UPFC_Vsh,5-15,1.1116785464857661,91,1.1060979056896427,MAP_PMU,25,0.005580640796123415
3,UPFC_tsh,5-15,-0.23407714141697064,91,-0.23431126976982974,MAP_PMU,25,0.00023412835285910316
4,UPFC_Vse,5-15,0.059119105323078035,91,0.06352137262246502,MAP_PMU,25,0.004402267299386982
5,UPFC_tse,5-15,-2.123646350962967,91,-2.1889909910378806,MAP_PMU,25,0.06534464007491358
0,x_tcsc,1-14,-0.10711015157883791,92,-0.10712355401333491,MAP_PMU,25,1.3402434497003513e-05
1,B_svc,2,0.17502132403446788,92,0.17518321676031778,MAP_PMU,25,0.00016189272584990477
2,UPFC_Vsh,5-15,1.1113772040684946,92,1.1060979056896427,MAP_PMU,25,0.005279298378851882
3,UPFC_tsh,5-15,-0.2341381545188915,92,-0.23431126976982974,MAP_PMU,25,0.00017311525093824387
4,UPFC_Vse,5-15,0.06002096949079431,92,0.06352137262246502,MAP_PMU,25,0.003500403131670708
5,UPFC_tse,5-15,-2.1338347668857613,92,-2.1889909910378806,MAP_PMU,25,0.05515622415211929
0,x_tcsc,1-14,-0.10710044937782286,93,-0.10712355401333491,MAP_PMU,25,2.310463551205566e-05
1,B_svc,2,0.1749593340287408,93,0.17518321676031778,MAP_PMU,25,0.00022388273157697425
2,UPFC_Vsh,5-15,1.1115936172993561,93,1.1060979056896427,MAP_PMU,25,0.005495711609713405
3,UPFC_tsh,5-15,-0.2341708797176605,93,-0.23431126976982974,MAP_PMU,25,0.0001403900521692314
4,UPFC_Vse,5-15,0.06010606610305506,93,0.06352137262246502,MAP_PMU,25,0.0034153065194099594
5,UPFC_tse,5-15,-2.1381638210993494,93,-2.1889909910378806,MAP_PMU,25,0.0508271699385312
0,x_tcsc,1-14,-0.10712558086701945,94,-0.10712355401333491,MAP_PMU,25,2.0268536845419183e-06
1,B_svc,2,0.1747270539754067,94,0.17518321676031778,MAP_PMU,25,0.0004561627849110905
2,UPFC_Vsh,5-15,1.1116677405275417,94,1.1060979056896427,MAP_PMU,25,0.005569834837898968
3,UPFC_tsh,5-15,-0.23407016564671934,94,-0.23431126976982974,MAP_PMU,25,0.00024110412311040275
4,UPFC_Vse,5-15,0.05885554878855008,94,0.06352137262246502,MAP_PMU,25,0.004665823833914937
5,UPFC_tse,5-15,-2.128433540027524,94,-2.1889909910378806,MAP_PMU,25,0.06055745101035681
0,x_tcsc,1-14,-0.10712004277850788,95,-0.10712355401333491,MAP_PMU,25,3.5112348270305294e-06
1,B_svc,2,0.1750582451893386,95,0.17518321676031778,MAP_PMU,25,0.0001249715709791821
2,UPFC_Vsh,5-15,1.1120819575158258,95,1.1060979056896427,MAP_PMU,25,0.005984051826183112
3,UPFC_tsh,5-15,-0.23406151511149303,95,-0.23431126976982974,MAP_PMU,25,0.0002497546583367094
4,UPFC_Vse,5-15,0.05967982997914228,95,0.06352137262246502,MAP_PMU,25,0.0038415426433227387
5,UPFC_tse,5-15,-2.1168895544188344,95,-2.1889909910378806,MAP_PMU,25,0.07210143661904622
0,x_tcsc,1-14,-0.10709794529374753,96,-0.10712355401333491,MAP_PMU,25,2.5608719587386086e-05
1,B_svc,2,0.17466823174298757,96,0.17518321676031778,MAP_PMU,25,0.0005149850173302162
2,UPFC_Vsh,5-15,1.1115753778175703,96,1.1060979056896427,MAP_PMU,25,0.005477472127927596
3,UPFC_tsh,5-15,-0.23410872508984218,96,-0.23431126976982974,MAP_PMU,25,0.0002025446799875652
4,UPFC_Vse,5-15,0.05872999032520379,96,0.06352137262246502,MAP_PMU,25,0.004791382297261226
5,UPFC_tse,5-15,-2.1257242116091697,96,-2.1889909910378806,MAP_PMU,25,0.06326677942871095
0,x_tcsc,1-14,-0.10712693893794828,97,-0.10712355401333491,MAP_PMU,25,3.3849246133671462e-06
1,B_svc,2,0.17543807560152935,97,0.17518321676031778,MAP_PMU,25,0.0002548588412115693
2,UPFC_Vsh,5-15,1.1117963508661235,97,1.1060979056896427,MAP_PMU,25,0.005698445176480771
3,UPFC_tsh,5-15,-0.23409266031534187,97,-0.23431126976982974,MAP_PMU,25,0.0002186094544878725
4,UPFC_Vse,5-15,0.05961467727086169,97,0.06352137262246502,MAP_PMU,25,0.0039066953516033245
5,UPFC_tse,5-15,-2.127770905007751,97,-2.1889909910378806,MAP_PMU,25,0.06122008603012974
0,x_tcsc,1-14,-0.10711423656907161,98,-0.10712355401333491,MAP_PMU,25,9.3174442633015e-06
1,B_svc,2,0.175183964897562,98,0.17518321676031778,MAP_PMU,25,7.481372442108558e-07
2,UPFC_Vsh,5-15,1.1115795416560033,98,1.1060979056896427,MAP_PMU,25,0.005481635966360532
3,UPFC_tsh,5-15,-0.23409941363719783,98,-0.23431126976982974,MAP_PMU,25,0.00021185613263191572
4,UPFC_Vse,5-15,0.059313160079970104,98,0.06352137262246502,MAP_PMU,25,0.004208212542494913
5,UPFC_tse,5-15,-2.132749257339684,98,-2.1889909910378806,MAP_PMU,25,0.05624173369819685
0,x_tcsc,1-14,-0.1071118914810989,99,-0.10712355401333491,MAP_PMU,25,1.1662532236014767e-05
1,B_svc,2,0.17541643788114564,99,0.17518321676031778,MAP_PMU,25,0.0002332211208278534
2,UPFC_Vsh,5-15,1.111758789494703,99,1.1060979056896427,MAP_PMU,25,0.005660883805060246
3,UPFC_tsh,5-15,-0.23412955885597897,99,-0.23431126976982974,MAP_PMU,25,0.00018171091385077442
4,UPFC_Vse,5-15,0.059779874416637256,99,0.06352137262246502,MAP_PMU,25,0.0037414982058277604
5,UPFC_tse,5-15,-2.1325170663255872,99,-2.1889909910378806,MAP_PMU,25,0.0564739247122934
0,x_tcsc,1-14,-0.10319779963657516,0,-0.10313647098139568,MAP_PMU,27,6.13286551794795e-05
1,B_svc,2,0.16975563189189852,0,0.17010786747234868,MAP_PMU,27,0.00035223558045016645
2,UPFC_Vsh,5-15,1.1117450395583994,0,1.1079187611445198,MAP_PMU,27,0.0038262784138796135
3,UPFC_tsh,5-15,-0.2381295044241641,0,-0.2383354064631268,MAP_PMU,27,0.00020590203896267423
4,UPFC_Vse,5-15,0.058924548036679195,0,0.06342614165105752,MAP_PMU,27,0.004501593614378324
5,UPFC_tse,5-15,-2.130571219663812,0,-2.1915440342773853,MAP_PMU,27,0.06097281461357351
0,x_tcsc,1-14,-0.1032417532580374,1,-0.10313647098139568,MAP_PMU,27,0.00010528227664172163
1,B_svc,2,0.17039909535305123,1,0.17010786747234868,MAP_PMU,27,0.0002912278807025437
2,UPFC_Vsh,5-15,1.1114882375849555,1,1.1079187611445198,MAP_PMU,27,0.0035694764404357038
3,UPFC_tsh,5-15,-0.23814244785105002,1,-0.2383354064631268,MAP_PMU,27,0.00019295861207677123
4,UPFC_Vse,5-15,0.05919811733749757,1,0.06342614165105752,MAP_PMU,27,0.004228024313559946
5,UPFC_tse,5-15,-2.1316713547754067,1,-2.1915440342773853,MAP_PMU,27,0.05987267950197861
0,x_tcsc,1-14,-0.10320634203110048,2,-0.10313647098139568,MAP_PMU,27,6.987104970479496e-05
1,B_svc,2,0.1703399576539556,2,0.17010786747234868,MAP_PMU,27,0.0002320901816069143
2,UPFC_Vsh,5-15,1.1113367900246018,2,1.1079187611445198,MAP_PMU,27,0.0034180288800820247
3,UPFC_tsh,5-15,-0.23826898081453474,2,-0.2383354064631268,MAP_PMU,27,6.642564859205002e-05
4,UPFC_Vse,5-15,0.05976569664802352,2,0.06342614165105752,MAP_PMU,27,0.003660445003034002
5,UPFC_tse,5-15,-2.145703410294817,2,-2.1915440342773853,MAP_PMU,27,0.045840623982568385
0,x_tcsc,1-14,-0.10320806021052599,3,-0.10313647098139568,MAP_PMU,27,7.158922913030885e-05
1,B_svc,2,0.1694534402688901,3,0.17010786747234868,MAP_PMU,27,0.0006544272034585963
2,UPFC_Vsh,5-15,1.1114952161089413,3,1.1079187611445198,MAP_PMU,27,0.003576454964421494
3,UPFC_tsh,5-15,-0.23816841545060002,3,-0.2383354064631268,MAP_PMU,27,0.00016699101252676263
4,UPFC_Vse,5-15,0.05939888344688627,3,0.06342614165105752,MAP_PMU,27,0.004027258204171248
5,UPFC_tse,5-15,-2.139951296132428,3,-2.1915440342773853,MAP_PMU,27,0.05159273814495746
0,x_tcsc,1-14,-0.10319413437137147,4,-0.10313647098139568,MAP_PMU,27,5.766338997578724e-05
1,B_svc,2,0.17047147196041518,4,0.17010786747234868,MAP_PMU,27,0.0003636044880664935
2,UPFC_Vsh,5-15,1.1111106224195966,4,1.1079187611445198,MAP_PMU,27,0.003191861275076757
3,UPFC_tsh,5-15,-0.23823175842835173,4,-0.2383354064631268,MAP_PMU,27,0.00010364803477505569
4,UPFC_Vse,5-15,0.059724866732106356,4,0.06342614165105752,MAP_PMU,27,0.0037012749189511626
5,UPFC_tse,5-15,-2.145408657149033,4,-2.1915440342773853,MAP_PMU,27,0.04613537712835214
0,x_tcsc,1-14,-0.10320289167562995,5,-0.10313647098139568,MAP_PMU,27,6.642069423426489e-05
1,B_svc,2,0.1702110810783259,5,0.17010786747234868,MAP_PMU,27,0.00010321360597720375
2,UPFC_Vsh,5-15,1.1117477875566268,5,1.1079187611445198,MAP_PMU,27,0.0038290264121070283
3,UPFC_tsh,5-15,-0.23818099074019078,5,-0.2383354064631268,MAP_PMU,27,0.0001544157229360077
4,UPFC_Vse,5-15,0.05932048658944411,5,0.06342614165105752,MAP_PMU,27,0.0041056550616134085
5,UPFC_tse,5-15,-2.131951412065322,5,-2.1915440342773853,MAP_PMU,27,0.05959262221206352
0,x_tcsc,1-14,-0.10320724948516022,6,-0.10313647098139568,MAP_PMU,27,7.077850376453754e-05
1,B_svc,2,0.16997057627423715,6,0.17010786747234868,MAP_PMU,27,0.00013729119811153878
2,UPFC_Vsh,5-15,1.1116639963377606,6,1.1079187611445198,MAP_PMU,27,0.00374523519324077
3,UPFC_tsh,5-15,-0.23816563276667632,6,-0.2383354064631268,MAP_PMU,27,0.0001697736964504648
4,UPFC_Vse,5-15,0.0596068716565226,6,0.06342614165105752,MAP_PMU,27,0.00381926999453492
5,UPFC_tse,5-15,-2.137052979805073,6,-2.1915440342773853,MAP_PMU,27,0.054491054472312506
0,x_tcsc,1-14,-0.10321817772955073,7,-0.10313647098139568,MAP_PMU,27,8.170674815505263e-05
1,B_svc,2,0.17045319466918576,7,0.17010786747234868,MAP_PMU,27,0.0003453271968370808
2,UPFC_Vsh,5-15,1.1116098832492516,7,1.1079187611445198,MAP_PMU,27,0.00369112210473177
3,UPFC_tsh,5-15,-0.23811934978508556,7,-0.2383354064631268,MAP_PMU,27,0.00021605667804122652
4,UPFC_Vse,5-15,0.05875710454341714,7,0.06342614165105752,MAP_PMU,27,0.004669037107640377
5,UPFC_tse,5-15,-2.1258752987427103,7,-2.1915440342773853,MAP_PMU,27,0.065668735534675
0,x_tcsc,1-14,-0.10318984176615989,8,-0.10313647098139568,MAP_PMU,27,5.337078476420898e-05
1,B_svc,2,0.1701013627335636,8,0.17010786747234868,MAP_PMU,27,6.504738785079178e-06
2,UPFC_Vsh,5-15,1.111768043220691,8,1.1079187611445198,MAP_PMU,27,0.003849282076171079
3,UPFC_tsh,5-15,-0.238142958956303,8,-0.2383354064631268,MAP_PMU,27,0.00019244750682378964
4,UPFC_Vse,5-15,0.05938838590679876,8,0.06342614165105752,MAP_PMU,27,0.004037755744258756
5,UPFC_tse,5-15,-2.1415482254703138,8,-2.1915440342773853,MAP_PMU,27,0.04999580880707155
0,x_tcsc,1-14,-0.10321893255110202,9,-0.10313647098139568,MAP_PMU,27,8.246156970634355e-05
1,B_svc,2,0.1701787898097983,9,0.17010786747234868,MAP_PMU,27,7.092233744962484e-05
2,UPFC_Vsh,5-15,1.1115222840539218,9,1.1079187611445198,MAP_PMU,27,0.003603522909402024
3,UPFC_tsh,5-15,-0.23819518604145332,9,-0.2383354064631268,MAP_PMU,27,0.00014022042167347037
4,UPFC_Vse,5-15,0.05952073750270933,9,0.06342614165105752,MAP_PMU,27,0.003905404148348189
5,UPFC_tse,5-15,-2.1350153501740823,9,-2.1915440342773853,MAP_PMU,27,0.05652868410330303
0,x_tcsc,1-14,-0.10324115101765143,10,-0.10313647098139568,MAP_PMU,27,0.00010468003625574429
1,B_svc,2,0.17000146569586408,10,0.17010786747234868,MAP_PMU,27,0.0001064017764846048
2,UPFC_Vsh,5-15,1.1114769222465994,10,1.1079187611445198,MAP_PMU,27,0.0035581611020796267
3,UPFC_tsh,5-15,-0.23809835983483135,10,-0.2383354064631268,MAP_PMU,27,0.00023704662829543421
4,UPFC_Vse,5-15,0.058672923985128106,10,0.06342614165105752,MAP_PMU,27,0.004753217665929413
5,UPFC_tse,5-15,-2.1257309032893117,10,-2.1915440342773853,MAP_PMU,27,0.06581313098807362
0,x_tcsc,1-14,-0.1032039674682558,11,-0.10313647098139568,MAP_PMU,27,6.749648686012188e-05
1,B_svc,2,0.1702592954104552,11,0.17010786747234868,MAP_PMU,27,0.00015142793810651867
2,UPFC_Vsh,5-15,1.11143688644719,11,1.1079187611445198,MAP_PMU,27,0.0035181253026701498
3,UPFC_tsh,5-15,-0.23812758469533662,11,-0.2383354064631268,MAP_PMU,27,0.0002078217677901617
4,UPFC_Vse,5-15,0.058846895168719285,11,0.06342614165105752,MAP_PMU,27,0.004579246482338234
5,UPFC_tse,5-15,-2.132955482022411,11,-2.1915440342773853,MAP_PMU,27,0.0585885522549745
0,x_tcsc,1-14,-0.1032153524051362,12,-0.10313647098139568,MAP_PMU,27,7.888142374051776e-05
1,B_svc,2,0.16999697687105092,12,0.17010786747234868,MAP_PMU,27,0.00011089060129776396
2,UPFC_Vsh,5-15,1.1115056382826258,12,1.1079187611445198,MAP_PMU,27,0.003586877138106015
3,UPFC_tsh,5-15,-0.23815491092683075,12,-0.2383354064631268,MAP_PMU,27,0.0001804955362960381
4,UPFC_Vse,5-15,0.05926231335387285,12,0.06342614165105752,MAP_PMU,27,0.004163828297184667
5,UPFC_tse,5-15,-2.1316590389144365,12,-2.1915440342773853,MAP_PMU,27,0.05988499536294878
0,x_tcsc,1-14,-0.10319460172856668,13,-0.10313647098139568,MAP_PMU,27,5.81307471709952e-05
1,B_svc,2,0.1700413267098957,13,0.17010786747234868,MAP_PMU,27,6.654076245299345e-05
2,UPFC_Vsh,5-15,1.1111962285706778,13,1.1079187611445198,MAP_PMU,27,0.003277467426157976
3,UPFC_tsh,5-15,-0.2382048881951607,13,-0.2383354064631268,MAP_PMU,27,0.0001305182679660899
4,UPFC_Vse,5-15,0.059094497068449166,13,0.06342614165105752,MAP_PMU,27,0.004331644582608353
5,UPFC_tse,5-15,-2.1428303136861366,13,-2.1915440342773853,MAP_PMU,27,0.04871372059124868
0,x_tcsc,1-14,-0.10322039304783813,14,-0.10313647098139568,MAP_PMU,27,8.392206644244893e-05
1,B_svc,2,0.16994705481753541,14,0.17010786747234868,MAP_PMU,27,0.00016081265481326934
2,UPFC_Vsh,5-15,1.1117066589557874,14,1.1079187611445198,MAP_PMU,27,0.0037878978112675377
3,UPFC_tsh,5-15,-0.23819125112147027,14,-0.2383354064631268,MAP_PMU,27,0.00014415534165651556
4,UPFC_Vse,5-15,0.059375092115015425,14,0.06342614165105752,MAP_PMU,27,0.004051049536042094
5,UPFC_tse,5-15,-2.142911244127809,14,-2.1915440342773853,MAP_PMU,27,0.048632790149576444
0,x_tcsc,1-14,-0.1032510546836576,15,-0.10313647098139568,MAP_PMU,27,0.00011458370226191672
1,B_svc,2,0.1697039234416059,15,0.17010786747234868,MAP_PMU,27,0.0004039440307427866
2,UPFC_Vsh,5-15,1.1113511876992503,15,1.1079187611445198,MAP_PMU,27,0.0034324265547305277
3,UPFC_tsh,5-15,-0.2381385943398033,15,-0.2383354064631268,MAP_PMU,27,0.00019681212332348097
4,UPFC_Vse,5-15,0.05945032050799027,15,0.06342614165105752,MAP_PMU,27,0.00397582114306725
5,UPFC_tse,5-15,-2.1401447220570122,15,-2.1915440342773853,MAP_PMU,27,0.05139931222037308
0,x_tcsc,1-14,-0.10319144428128892,16,-0.10313647098139568,MAP_PMU,27,5.497329989323507e-05
1,B_svc,2,0.16985136628436248,16,0.17010786747234868,MAP_PMU,27,0.00025650118798620225
2,UPFC_Vsh,5-15,1.111406492967081,16,1.1079187611445198,MAP_PMU,27,0.0034877318225612353
3,UPFC_tsh,5-15,-0.2381265964233011,16,-0.2383354064631268,MAP_PMU,27,0.00020881003982567425
4,UPFC_Vse,5-15,0.05941486423844714,16,0.06342614165105752,MAP_PMU,27,0.004011277412610377
5,UPFC_tse,5-15,-2.128334686738671,16,-2.1915440342773853,MAP_PMU,27,0.06320934753871432
0,x_tcsc,1-14,-0.10334806093127293,17,-0.10313647098139568,MAP_PMU,27,0.00021158994987724444
1,B_svc,2,0.17011698443735856,17,0.17010786747234868,MAP_PMU,27,9.116965009881017e-06
2,UPFC_Vsh,5-15,1.1115082466361583,17,1.1079187611445198,MAP_PMU,27,0.003589485491638511
3,UPFC_tsh,5-15,-0.23828560399450183,17,-0.2383354064631268,MAP_PMU,27,4.980246862495985e-05
4,UPFC_Vse,5-15,0.05928041286858094,17,0.06342614165105752,MAP_PMU,27,0.004145728782476578
5,UPFC_tse,5-15,-2.1433935716231973,17,-2.1915440342773853,MAP_PMU,27,0.04815046265418799
0,x_tcsc,1-14,-0.10321187633591997,18,-0.10313647098139568,MAP_PMU,27,7.540535452428554e-05
1,B_svc,2,0.1698482683268662,18,0.17010786747234868,MAP_PMU,27,0.0002595991454824864
2,UPFC_Vsh,5-15,1.1116946928904041,18,1.1079187611445198,MAP_PMU,27,0.003775931745884309
3,UPFC_tsh,5-15,-0.23822855317190958,18,-0.2383354064631268,MAP_PMU,27,0.0001068532912172071
4,UPFC_Vse,5-15,0.05979967016479711,18,0.06342614165105752,MAP_PMU,27,0.003626471486260406
5,UPFC_tse,5-15,-2.1342283845586456,18,-2.1915440342773853,MAP_PMU,27,0.0573156497187397
0,x_tcsc,1-14,-0.10322436223791677,19,-0.10313647098139568,MAP_PMU,27,8.789125652108876e-05
1,B_svc,2,0.17054670032422067,19,0.17010786747234868,MAP_PMU,27,0.0004388328518719897
2,UPFC_Vsh,5-15,1.1113024549174741,19,1.1079187611445198,MAP_PMU,27,0.0033836937729543326
3,UPFC_tsh,5-15,-0.23816586387853428,19,-0.2383354064631268,MAP_PMU,27,0.00016954258459250804
4,UPFC_Vse,5-15,0.05909857198659224,19,0.06342614165105752,MAP_PMU,27,0.004327569664465278
5,UPFC_tse,5-15,-2.1277288206581217,19,-2.1915440342773853,MAP_PMU,27,0.06381521361926357
0,x_tcsc,1-14,-0.10322656280605876,20,-0.10313647098139568,MAP_PMU,27,9.009182466307442e-05
1,B_svc,2,0.16980554394397276,20,0.17010786747234868,MAP_PMU,27,0.0003023235283759196
2,UPFC_Vsh,5-15,1.1112524752463597,20,1.1079187611445198,MAP_PMU,27,0.003333714101839913
3,UPFC_tsh,5-15,-0.2382206273531065,20,-0.2383354064631268,MAP_PMU,27,0.00011477911002027996
4,UPFC_Vse,5-15,0.05942191238622088,20,0.06342614165105752,MAP_PMU,27,0.004004229264836637
5,UPFC_tse,5-15,-2.1406264483286983,20,-2.1915440342773853,MAP_PMU,27,0.050917585948687005
0,x_tcsc,1-14,-0.1031860667716383,21,-0.10313647098139568,MAP_PMU,27,4.959579024262084e-05
1,B_svc,2,0.17045903785091876,21,0.17010786747234868,MAP_PMU,27,0.00035117037857007594
2,UPFC_Vsh,5-15,1.1114226308846373,21,1.1079187611445198,MAP_PMU,27,0.0035038697401175156
3,UPFC_tsh,5-15,-0.2381902833333221,21,-0.2383354064631268,MAP_PMU,27,0.00014512312980469178
4,UPFC_Vse,5-15,0.059963973903548254,21,0.06342614165105752,MAP_PMU,27,0.003462167747509265
5,UPFC_tse,5-15,-2.1319255083742936,21,-2.1915440342773853,MAP_PMU,27,0.05961852590309169
0,x_tcsc,1-14,-0.10324508947753266,22,-0.10313647098139568,MAP_PMU,27,0.00010861849613698349
1,B_svc,2,0.17053433693463246,22,0.17010786747234868,MAP_PMU,27,0.00042646946228377947
2,UPFC_Vsh,5-15,1.1115582384839648,22,1.1079187611445198,MAP_PMU,27,0.0036394773394450297
3,UPFC_tsh,5-15,-0.23816756210515364,22,-0.2383354064631268,MAP_PMU,27,0.00016784435797315145
4,UPFC_Vse,5-15,0.05955214070247362,22,0.06342614165105752,MAP_PMU,27,0.0038740009485839014
5,UPFC_tse,5-15,-2.128815883415386,22,-2.1915440342773853,MAP_PMU,27,0.06272815086199923
0,x_tcsc,1-14,-0.10328810385374061,23,-0.10313647098139568,MAP_PMU,27,0.00015163287234493117
1,B_svc,2,0.17014706276255026,23,0.17010786747234868,MAP_PMU,27,3.919529020157686e-05
2,UPFC_Vsh,5-15,1.1117202298025257,23,1.1079187611445198,MAP_PMU,27,0.003801468658005902
3,UPFC_tsh,5-15,-0.23815192088422568,23,-0.2383354064631268,MAP_PMU,27,0.00018348557890110473
4,UPFC_Vse,5-15,0.05952674234140381,23,0.06342614165105752,MAP_PMU,27,0.0038993993096537102
5,UPFC_tse,5-15,-2.130661620534882,23,-2.1915440342773853,MAP_PMU,27,0.06088241374250325
0,x_tcsc,1-14,-0.10321356847407967,24,-0.10313647098139568,MAP_PMU,27,7.709749268398902e-05
1,B_svc,2,0.1697968382500286,24,0.17010786747234868,MAP_PMU,27,0.0003110292223200972
2,UPFC_Vsh,5-15,1.112001487659498,24,1.1079187611445198,MAP_PMU,27,0.004082726514978097
3,UPFC_tsh,5-15,-0.23806906339940517,24,-0.2383354064631268,MAP_PMU,27,0.00026634306372161354
4,UPFC_Vse,5-15,0.05878819939015833,24,0.06342614165105752,MAP_PMU,27,0.00463794226089919
5,UPFC_tse,5-15,-2.131299747199338,24,-2.1915440342773853,MAP_PMU,27,0.06024428707804752
0,x_tcsc,1-14,-0.10315712125712341,25,-0.10313647098139568,MAP_PMU,27,2.0650275727729372e-05
1,B_svc,2,0.17029587656347206,25,0.17010786747234868,MAP_PMU,27,0.0001880090911233756
2,UPFC_Vsh,5-15,1.111267957921812,25,1.1079187611445198,MAP_PMU,27,0.003349196777292285
3,UPFC_tsh,5-15,-0.2381727916289232,25,-0.2383354064631268,MAP_PMU,27,0.0001626148342035727
4,UPFC_Vse,5-15,0.05897830831135416,25,0.06342614165105752,MAP_PMU,27,0.004447833339703361
5,UPFC_tse,5-15,-2.13079559272301,25,-2.1915440342773853,MAP_PMU,27,0.06074844155437553
0,x_tcsc,1-14,-0.10321714340622065,26,-0.10313647098139568,MAP_PMU,27,8.067242482497072e-05
1,B_svc,2,0.17059078321753132,26,0.17010786747234868,MAP_PMU,27,0.00048291574518263825
2,UPFC_Vsh,5-15,1.11124826075905,26,1.1079187611445198,MAP_PMU,27,0.003329499614530107
3,UPFC_tsh,5-15,-0.23811750490542494,26,-0.2383354064631268,MAP_PMU,27,0.0002179015577018495
4,UPFC_Vse,5-15,0.05924377785783517,26,0.06342614165105752,MAP_PMU,27,0.00418236379322235
5,UPFC_tse,5-15,-2.1325852514912986,26,-2.1915440342773853,MAP_PMU,27,0.05895878278608668
0,x_tcsc,1-14,-0.10325645338751438,27,-0.10313647098139568,MAP_PMU,27,0.00011998240611869881
1,B_svc,2,0.16993489522995375,27,0.17010786747234868,MAP_PMU,27,0.00017297224239493092
2,UPFC_Vsh,5-15,1.1115674804600686,27,1.1079187611445198,MAP_PMU,27,0.0036487193155487763
3,UPFC_tsh,5-15,-0.23815182439236085,27,-0.2383354064631268,MAP_PMU,27,0.00018358207076593636
4,UPFC_Vse,5-15,0.05923638462275056,27,0.06342614165105752,MAP_PMU,27,0.004189757028306956
5,UPFC_tse,5-15,-2.1484321060004854,27,-2.1915440342773853,MAP_PMU,27,0.043111928276899913
0,x_tcsc,1-14,-0.10321204872839133,28,-0.10313647098139568,MAP_PMU,27,7.557774699565312e-05
1,B_svc,2,0.17038696187122507,28,0.17010786747234868,MAP_PMU,27,0.0002790943988763839
2,UPFC_Vsh,5-15,1.1117407174935143,28,1.1079187611445198,MAP_PMU,27,0.003821956348994515
3,UPFC_tsh,5-15,-0.2382540101496169,28,-0.2383354064631268,MAP_PMU,27,8.139631350989607e-05
4,UPFC_Vse,5-15,0.060065600133887044,28,0.06342614165105752,MAP_PMU,27,0.0033605415171704747
5,UPFC_tse,5-15,-2.140975631992872,28,-2.1915440342773853,MAP_PMU,27,0.050568402284513425
0,x_tcsc,1-14,-0.1032033347327124,29,-0.10313647098139568,MAP_PMU,27,6.686375131671751e-05
1,B_svc,2,0.17068804767171533,29,0.17010786747234868,MAP_PMU,27,0.0005801801993666478
2,UPFC_Vsh,5-15,1.1114241611593976,29,1.1079187611445198,MAP_PMU,27,0.0035054000148777575
3,UPFC_tsh,5-15,-0.23820686277203934,29,-0.2383354064631268,MAP_PMU,27,0.000128543691087446
4,UPFC_Vse,5-15,0.05983789517923547,29,0.06342614165105752,MAP_PMU,27,0.00358824647182205
5,UPFC_tse,5-15,-2.1339307852992073,29,-2.1915440342773853,MAP_PMU,27,0.05761324897817799
0,x_tcsc,1-14,-0.10326048891112119,30,-0.10313647098139568,MAP_PMU,27,0.00012401792972550896
1,B_svc,2,0.17029981918252754,30,0.17010786747234868,MAP_PMU,27,0.00019195171017885593
2,UPFC_Vsh,5-15,1.1118534983324873,30,1.1079187611445198,MAP_PMU,27,0.003934737187967441
3,UPFC_tsh,5-15,-0.23812676181562395,30,-0.2383354064631268,MAP_PMU,27,0.00020864464750283696
4,UPFC_Vse,5-15,0.05991793107278712,30,0.06342614165105752,MAP_PMU,27,0.0035082105782704015
5,UPFC_tse,5-15,-2.135457124125972,30,-2.1915440342773853,MAP_PMU,27,0.05608691015141343
0,x_tcsc,1-14,-0.10319211634991429,31,-0.10313647098139568,MAP_PMU,27,5.564536851861146e-05
1,B_svc,2,0.17021523701773214,31,0.17010786747234868,MAP_PMU,27,0.00010736954538345667
2,UPFC_Vsh,5-15,1.111528693292305,31,1.1079187611445198,MAP_PMU,27,0.0036099321477851554
3,UPFC_tsh,5-15,-0.23812384355638222,31,-0.2383354064631268,MAP_PMU,27,0.0002115629067445668
4,UPFC_Vse,5-15,0.05909157173149056,31,0.06342614165105752,MAP_PMU,27,0.004334569919566961
5,UPFC_tse,5-15,-2.1378214468166465,31,-2.1915440342773853,MAP_PMU,27,0.05372258746073877
0,x_tcsc,1-14,-0.10319906596632261,32,-0.10313647098139568,MAP_PMU,27,6.259498492693083e-05
1,B_svc,2,0.17060357818479754,32,0.17010786747234868,MAP_PMU,27,0.0004957107124488602
2,UPFC_Vsh,5-15,1.1112476409263696,32,1.1079187611445198,MAP_PMU,27,0.003328879781849814
3,UPFC_tsh,5-15,-0.23821621807626003,32,-0.2383354064631268,MAP_PMU,27,0.00011918838686675315
4,UPFC_Vse,5-15,0.05909754514745456,32,0.06342614165105752,MAP_PMU,27,0.004328596503602962
5,UPFC_tse,5-15,-2.145564670503399,32,-2.1915440342773853,MAP_PMU,27,0.04597936377398648
0,x_tcsc,1-14,-0.10322755563924635,33,-0.10313647098139568,MAP_PMU,27,9.1084657850668e-05
1,B_svc,2,0.1701418068009079,33,0.17010786747234868,MAP_PMU,27,3.393932855921822e-05
2,UPFC_Vsh,5-15,1.111704013391255,33,1.1079187611445198,MAP_PMU,27,0.0037852522467352046
3,UPFC_tsh,5-15,-0.23815245991298514,33,-0.2383354064631268,MAP_PMU,27,0.00018294655014164385
4,UPFC_Vse,5-15,0.058973525334770314,33,0.06342614165105752,MAP_PMU,27,0.004452616316287204
5,UPFC_tse,5-15,-2.1217564545082843,33,-2.1915440342773853,MAP_PMU,27,0.069787579769101
0,x_tcsc,1-14,-0.1031643306431596,34,-0.10313647098139568,MAP_PMU,27,2.7859661763912635e-05
1,B_svc,2,0.1699735974579096,34,0.17010786747234868,MAP_PMU,27,0.0001342700144390807
2,UPFC_Vsh,5-15,1.111819198034892,34,1.1079187611445198,MAP_PMU,27,0.0039004368903721165
3,UPFC_tsh,5-15,-0.23811080424235292,34,-0.2383354064631268,MAP_PMU,27,0.00022460222077386183
4,UPFC_Vse,5-15,0.059153265423270145,34,0.06342614165105752,MAP_PMU,27,0.004272876227787374
5,UPFC_tse,5-15,-2.1221619448771514,34,-2.1915440342773853,MAP_PMU,27,0.06938208940023394
0,x_tcsc,1-14,-0.10321165417910579,35,-0.10313647098139568,MAP_PMU,27,7.518319771010473e-05
1,B_svc,2,0.16992694549719536,35,0.17010786747234868,MAP_PMU,27,0.00018092197515331976
2,UPFC_Vsh,5-15,1.111647774695861,35,1.1079187611445198,MAP_PMU,27,0.0037290135513412537
3,UPFC_tsh,5-15,-0.2381674146822902,35,-0.2383354064631268,MAP_PMU,27,0.00016799178083659605
4,UPFC_Vse,5-15,0.059704971502113194,35,0.06342614165105752,MAP_PMU,27,0.003721170148944325
5,UPFC_tse,5-15,-2.14202702345985,35,-2.1915440342773853,MAP_PMU,27,0.04951701081753512
0,x_tcsc,1-14,-0.10320751582857417,36,-0.10313647098139568,MAP_PMU,27,7.104484717848636e-05
1,B_svc,2,0.1698877389436709,36,0.17010786747234868,MAP_PMU,27,0.0002201285286777821
2,UPFC_Vsh,5-15,1.111814962776561,36,1.1079187611445198,MAP_PMU,27,0.003896201632041185
3,UPFC_tsh,5-15,-0.2381205656468242,36,-0.2383354064631268,MAP_PMU,27,0.000214840816302575
4,UPFC_Vse,5-15,0.05932231352986246,36,0.06342614165105752,MAP_PMU,27,0.004103828121195058
5,UPFC_tse,5-15,-2.140817475017995,36,-2.1915440342773853,MAP_PMU,27,0.0507265592593904
0,x_tcsc,1-14,-0.1031883424107903,37,-0.10313647098139568,MAP_PMU,27,5.187142939462597e-05
1,B_svc,2,0.17030719018764895,37,0.17010786747234868,MAP_PMU,27,0.00019932271530026524
2,UPFC_Vsh,5-15,1.1118679053592597,37,1.1079187611445198,MAP_PMU,27,0.003949144214739908
3,UPFC_tsh,5-15,-0.23814311165034313,37,-0.2383354064631268,MAP_PMU,27,0.00019229481278365546
4,UPFC_Vse,5-15,0.05932072854052384,37,0.06342614165105752,MAP_PMU,27,0.004105413110533682
5,UPFC_tse,5-15,-2.1248513463727887,37,-2.1915440342773853,MAP_PMU,27,0.06669268790459659
0,x_tcsc,1-14,-0.10318861234051999,38,-0.10313647098139568,MAP_PMU,27,5.2141359124305287e-05
1,B_svc,2,0.1703078296692008,38,0.17010786747234868,MAP_PMU,27,0.00019996219685211591
2,UPFC_Vsh,5-15,1.1115952124620316,38,1.1079187611445198,MAP_PMU,27,0.0036764513175118196
3,UPFC_tsh,5-15,-0.23819401314288746,38,-0.2383354064631268,MAP_PMU,27,0.00014139332023932472
4,UPFC_Vse,5-15,0.05913713195006209,38,0.06342614165105752,MAP_PMU,27,0.004289009700995432
5,UPFC_tse,5-15,-2.142044298748503,38,-2.1915440342773853,MAP_PMU,27,0.049499735528882205
0,x_tcsc,1-14,-0.10319870423813063,39,-0.10313647098139568,MAP_PMU,27,6.223325673494762e-05
1,B_svc,2,0.1701175497962226,39,0.17010786747234868,MAP_PMU,27,9.68232387391077e-06
2,UPFC_Vsh,5-15,1.1116188693426081,39,1.1079187611445198,MAP_PMU,27,0.0037001081980883033
3,UPFC_tsh,5-15,-0.23814889630796918,39,-0.2383354064631268,MAP_PMU,27,0.00018651015515760982
4,UPFC_Vse,5-15,0.05860839292007203,39,0.06342614165105752,MAP_PMU,27,0.004817748730985491
5,UPFC_tse,5-15,-2.1346421146736194,39,-2.1915440342773853,MAP_PMU,27,0.056901919603765894
0,x_tcsc,1-14,-0.10321426288130506,40,-0.10313647098139568,MAP_PMU,27,7.779189990937685e-05
1,B_svc,2,0.1706412131506332,40,0.17010786747234868,MAP_PMU,27,0.0005333456782845025
2,UPFC_Vsh,5-15,1.1115650652041513,40,1.1079187611445198,MAP_PMU,27,0.003646304059631511
3,UPFC_tsh,5-15,-0.23818211665409506,40,-0.2383354064631268,MAP_PMU,27,0.0001532898090317314
4,UPFC_Vse,5-15,0.05949455338488817,40,0.06342614165105752,MAP_PMU,27,0.00393158826616935
5,UPFC_tse,5-15,-2.1370582069845763,40,-2.1915440342773853,MAP_PMU,27,0.05448582729280904
0,x_tcsc,1-14,-0.10317345732762846,41,-0.10313647098139568,MAP_PMU,27,3.69863462327813e-05
1,B_svc,2,0.16997583984612868,41,0.17010786747234868,MAP_PMU,27,0.0001320276262199993
2,UPFC_Vsh,5-15,1.1114243929403935,41,1.1079187611445198,MAP_PMU,27,0.0035056317958737093
3,UPFC_tsh,5-15,-0.23819066861412086,41,-0.2383354064631268,MAP_PMU,27,0.000144737849005927
4,UPFC_Vse,5-15,0.05908464830539397,41,0.06342614165105752,MAP_PMU,27,0.004341493345663548
5,UPFC_tse,5-15,-2.135759906873189,41,-2.1915440342773853,MAP_PMU,27,0.05578412740419614
0,x_tcsc,1-14,-0.10324338668740032,42,-0.10313647098139568,MAP_PMU,27,0.00010691570600464273
1,B_svc,2,0.1701599500422538,42,0.17010786747234868,MAP_PMU,27,5.208256990510418e-05
2,UPFC_Vsh,5-15,1.1116095409889453,42,1.1079187611445198,MAP_PMU,27,0.0036907798444254514
3,UPFC_tsh,5-15,-0.2381766954655231,42,-0.2383354064631268,MAP_PMU,27,0.00015871099760370044
4,UPFC_Vse,5-15,0.05906942329439714,42,0.06342614165105752,MAP_PMU,27,0.004356718356660377
5,UPFC_tse,5-15,-2.134062081247667,42,-2.1915440342773853,MAP_PMU,27,0.05748195302971837
0,x_tcsc,1-14,-0.10326084332968351,43,-0.10313647098139568,MAP_PMU,27,0.00012437234828782673
1,B_svc,2,0.17000436789037648,43,0.17010786747234868,MAP_PMU,27,0.00010349958197219955
2,UPFC_Vsh,5-15,1.1116381892308762,43,1.1079187611445198,MAP_PMU,27,0.003719428086356391
3,UPFC_tsh,5-15,-0.23815596409656278,43,-0.2383354064631268,MAP_PMU,27,0.00017944236656400325
4,UPFC_Vse,5-15,0.05938424062485261,43,0.06342614165105752,MAP_PMU,27,0.004041901026204907
5,UPFC_tse,5-15,-2.135304006160431,43,-2.1915440342773853,MAP_PMU,27,0.05624002811695439
0,x_tcsc,1-14,-0.10318243528250351,44,-0.10313647098139568,MAP_PMU,27,4.5964301107828676e-05
1,B_svc,2,0.1701996207155632,44,0.17010786747234868,MAP_PMU,27,9.175324321450407e-05
2,UPFC_Vsh,5-15,1.1115204932168938,44,1.1079187611445198,MAP_PMU,27,0.00360173207237402
3,UPFC_tsh,5-15,-0.2381286455956548,44,-0.2383354064631268,MAP_PMU,27,0.0002067608674719834
4,UPFC_Vse,5-15,0.05975674728075238,44,0.06342614165105752,MAP_PMU,27,0.00366939437030514
5,UPFC_tse,5-15,-2.12098036205316,44,-2.1915440342773853,MAP_PMU,27,0.0705636722242251
0,x_tcsc,1-14,-0.10321353045179325,45,-0.10313647098139568,MAP_PMU,27,7.705947039757244e-05
1,B_svc,2,0.17012907893510223,45,0.17010786747234868,MAP_PMU,27,2.1211462753550903e-05
2,UPFC_Vsh,5-15,1.1117367096374493,45,1.1079187611445198,MAP_PMU,27,0.0038179484929294905
3,UPFC_tsh,5-15,-0.2380837653478997,45,-0.2383354064631268,MAP_PMU,27,0.0002516411152270748
4,UPFC_Vse,5-15,0.059214492644681954,45,0.06342614165105752,MAP_PMU,27,0.004211649006375565
5,UPFC_tse,5-15,-2.1299409127701834,45,-2.1915440342773853,MAP_PMU,27,0.06160312150720193
0,x_tcsc,1-14,-0.10321781575202826,46,-0.10313647098139568,MAP_PMU,27,8.134477063258261e-05
1,B_svc,2,0.17038358622574662,46,0.17010786747234868,MAP_PMU,27,0.0002757187533979355
2,UPFC_Vsh,5-15,1.1113221074366253,46,1.1079187611445198,MAP_PMU,27,0.0034033462921054802
3,UPFC_tsh,5-15,-0.2382076194730743,46,-0.2383354064631268,MAP_PMU,27,0.0001277869900524753
4,UPFC_Vse,5-15,0.058965570004659434,46,0.06342614165105752,MAP_PMU,27,0.004460571646398084
5,UPFC_tse,5-15,-2.133200263772361,46,-2.1915440342773853,MAP_PMU,27,0.058343770505024484
0,x_tcsc,1-14,-0.10320193809178539,47,-0.10313647098139568,MAP_PMU,27,6.546711038971087e-05
1,B_svc,2,0.17001118862241968,47,0.17010786747234868,MAP_PMU,27,9.6678849929005e-05
2,UPFC_Vsh,5-15,1.11158299033,47,1.1079187611445198,MAP_PMU,27,0.003664229185480261
3,UPFC_tsh,5-15,-0.23814147213767875,47,-0.2383354064631268,MAP_PMU,27,0.00019393432544803635
4,UPFC_Vse,5-15,0.05955636673458701,47,0.06342614165105752,MAP_PMU,27,0.00386977491647051
5,UPFC_tse,5-15,-2.1288020264821075,47,-2.1915440342773853,MAP_PMU,27,0.06274200779527783
0,x_tcsc,1-14,-0.10320974414132067,48,-0.10313647098139568,MAP_PMU,27,7.327315992498862e-05
1,B_svc,2,0.17052741074284353,48,0.17010786747234868,MAP_PMU,27,0.0004195432704948432
2,UPFC_Vsh,5-15,1.111994144047467,48,1.1079187611445198,MAP_PMU,27,0.004075382902947178
3,UPFC_tsh,5-15,-0.2381074480373632,48,-0.2383354064631268,MAP_PMU,27,0.00022795842576359138
4,UPFC_Vse,5-15,0.059125012014569336,48,0.06342614165105752,MAP_PMU,27,0.004301129636488182
5,UPFC_tse,5-15,-2.129226866586414,48,-2.1915440342773853,MAP_PMU,27,0.06231716769097151
0,x_tcsc,1-14,-0.10322751948151125,49,-0.10313647098139568,MAP_PMU,27,9.104850011557031e-05
1,B_svc,2,0.1700942948175359,49,0.17010786747234868,MAP_PMU,27,1.3572654812776808e-05
2,UPFC_Vsh,5-15,1.1119757165437942,49,1.1079187611445198,MAP_PMU,27,0.00405695539927442
3,UPFC_tsh,5-15,-0.23808107079393295,49,-0.2383354064631268,MAP_PMU,27,0.00025433566919383366
4,UPFC_Vse,5-15,0.05905861149282733,49,0.06342614165105752,MAP_PMU,27,0.004367530158230187
5,UPFC_tse,5-15,-2.1296838687574073,49,-2.1915440342773853,MAP_PMU,27,0.06186016551997797
0,x_tcsc,1-14,-0.10322558175037563,50,-0.10313647098139568,MAP_PMU,27,8.911076897995251e-05
1,B_svc,2,0.169884218679578,50,0.17010786747234868,MAP_PMU,27,0.0002236487927706754
2,UPFC_Vsh,5-15,1.1119438990684978,50,1.1079187611445198,MAP_PMU,27,0.004025137923977962
3,UPFC_tsh,5-15,-0.23807501754669874,50,-0.2383354064631268,MAP_PMU,27,0.00026038891642804485
4,UPFC_Vse,5-15,0.058976995167463374,50,0.06342614165105752,MAP_PMU,27,0.004449146483594145
5,UPFC_tse,5-15,-2.1152457175257573,50,-2.1915440342773853,MAP_PMU,27,0.07629831675162801
0,x_tcsc,1-14,-0.10319611575756112,51,-0.10313647098139568,MAP_PMU,27,5.9644776165435065e-05
1,B_svc,2,0.170548498682865,51,0.17010786747234868,MAP_PMU,27,0.0004406312105163235
2,UPFC_Vsh,5-15,1.1115974213389617,51,1.1079187611445198,MAP_PMU,27,0.0036786601944418518
3,UPFC_tsh,5-15,-0.23807628535728972,51,-0.2383354064631268,MAP_PMU,27,0.0002591211058370624
4,UPFC_Vse,5-15,0.059273819897820865,51,0.06342614165105752,MAP_PMU,27,0.004152321753236654
5,UPFC_tse,5-15,-2.130994145921196,51,-2.1915440342773853,MAP_PMU,27,0.06054988835618946
0,x_tcsc,1-14,-0.10320895554633787,52,-0.10313647098139568,MAP_PMU,27,7.248456494218791e-05
1,B_svc,2,0.17045813552251368,52,0.17010786747234868,MAP_PMU,27,0.00035026805016499796
2,UPFC_Vsh,5-15,1.1112958771829364,52,1.1079187611445198,MAP_PMU,27,0.0033771160384166166
3,UPFC_tsh,5-15,-0.2382196836900734,52,-0.2383354064631268,MAP_PMU,27,0.00011572277305338385
4,UPFC_Vse,5-15,0.059197326299560114,52,0.06342614165105752,MAP_PMU,27,0.0042288153514974045
5,UPFC_tse,5-15,-2.14035376363173,52,-2.1915440342773853,MAP_PMU,27,0.05119027064565529
0,x_tcsc,1-14,-0.10319815318077417,53,-0.10313647098139568,MAP_PMU,27,6.168219937849329e-05
1,B_svc,2,0.16985297763530272,53,0.17010786747234868,MAP_PMU,27,0.00025488983704596846
2,UPFC_Vsh,5-15,1.1114584709859177,53,1.1079187611445198,MAP_PMU,27,0.0035397098413978423
3,UPFC_tsh,5-15,-0.23816050629800783,53,-0.2383354064631268,MAP_PMU,27,0.0001749001651189519
4,UPFC_Vse,5-15,0.058928780472977046,53,0.06342614165105752,MAP_PMU,27,0.004497361178080472
5,UPFC_tse,5-15,-2.1350979548774442,53,-2.1915440342773853,MAP_PMU,27,0.05644607939994106
0,x_tcsc,1-14,-0.1031766586835845,54,-0.10313647098139568,MAP_PMU,27,4.0187702188818064e-05
1,B_svc,2,0.17071018455571094,54,0.17010786747234868,MAP_PMU,27,0.0006023170833622526
2,UPFC_Vsh,5-15,1.1116915578367272,54,1.1079187611445198,MAP_PMU,27,0.003772796692207425
3,UPFC_tsh,5-15,-0.2382108316688279,54,-0.2383354064631268,MAP_PMU,27,0.00012457479429889284
4,UPFC_Vse,5-15,0.0591274378285632,54,0.06342614165105752,MAP_PMU,27,0.004298703822494317
5,UPFC_tse,5-15,-2.133313885963881,54,-2.1915440342773853,MAP_PMU,27,0.05823014831350415
0,x_tcsc,1-14,-0.103165256836545,55,-0.10313647098139568,MAP_PMU,27,2.8785855149315864e-05
1,B_svc,2,0.1699684449037758,55,0.17010786747234868,MAP_PMU,27,0.00013942256857288338
2,UPFC_Vsh,5-15,1.1117200196717552,55,1.1079187611445198,MAP_PMU,27,0.0038012585272353405
3,UPFC_tsh,5-15,-0.23808108642833445,55,-0.2383354064631268,MAP_PMU,27,0.000254320034792338
4,UPFC_Vse,5-15,0.05954860146862104,55,0.06342614165105752,MAP_PMU,27,0.0038775401824364814
5,UPFC_tse,5-15,-2.125469639482806,55,-2.1915440342773853,MAP_PMU,27,0.06607439479457922
0,x_tcsc,1-14,-0.10319722152556951,56,-0.10313647098139568,MAP_PMU,27,6.07505441738293e-05
1,B_svc,2,0.17044048800735948,56,0.17010786747234868,MAP_PMU,27,0.00033262053501079136
2,UPFC_Vsh,5-15,1.111671808559772,56,1.1079187611445198,MAP_PMU,27,0.0037530474152522864
3,UPFC_tsh,5-15,-0.23810339531110059,56,-0.2383354064631268,MAP_PMU,27,0.00023201115202620137
4,UPFC_Vse,5-15,0.05898443702875909,56,0.06342614165105752,MAP_PMU,27,0.004441704622298426
5,UPFC_tse,5-15,-2.1214207028956555,56,-2.1915440342773853,MAP_PMU,27,0.07012333138172977
0,x_tcsc,1-14,-0.10320222338355604,57,-0.10313647098139568,MAP_PMU,27,6.575240216036282e-05
1,B_svc,2,0.16980055523263357,57,0.17010786747234868,MAP_PMU,27,0.0003073122397151129
2,UPFC_Vsh,5-15,1.111740885094459,57,1.1079187611445198,MAP_PMU,27,0.0038221239499391935
3,UPFC_tsh,5-15,-0.2381632956972123,57,-0.2383354064631268,MAP_PMU,27,0.00017211076591447383
4,UPFC_Vse,5-15,0.05958463113646768,57,0.06342614165105752,MAP_PMU,27,0.0038415105145898354
5,UPFC_tse,5-15,-2.1388812790811915,57,-2.1915440342773853,MAP_PMU,27,0.05266275519619379
0,x_tcsc,1-14,-0.10317394112592275,58,-0.10313647098139568,MAP_PMU,27,3.747014452706865e-05
1,B_svc,2,0.17006190995676881,58,0.17010786747234868,MAP_PMU,27,4.595751557986971e-05
2,UPFC_Vsh,5-15,1.111528293465659,58,1.1079187611445198,MAP_PMU,27,0.0036095323211391417
3,UPFC_tsh,5-15,-0.2381528346142859,58,-0.2383354064631268,MAP_PMU,27,0.00018257184884087896
4,UPFC_Vse,5-15,0.05896683551065882,58,0.06342614165105752,MAP_PMU,27,0.004459306140398696
5,UPFC_tse,5-15,-2.141334355071153,58,-2.1915440342773853,MAP_PMU,27,0.050209679206232316
0,x_tcsc,1-14,-0.1031720072306382,59,-0.10313647098139568,MAP_PMU,27,3.553624924251819e-05
1,B_svc,2,0.17001815106633278,59,0.17010786747234868,MAP_PMU,27,8.971640601590503e-05
2,UPFC_Vsh,5-15,1.1117945699249479,59,1.1079187611445198,MAP_PMU,27,0.003875808780428036
3,UPFC_tsh,5-15,-0.23821069929810482,59,-0.2383354064631268,MAP_PMU,27,0.00012470716502197
4,UPFC_Vse,5-15,0.05959569294748736,59,0.06342614165105752,MAP_PMU,27,0.0038304487035701607
5,UPFC_tse,5-15,-2.1365324001620665,59,-2.1915440342773853,MAP_PMU,27,0.05501163411531884
0,x_tcsc,1-14,-0.10324980404432413,60,-0.10313647098139568,MAP_PMU,27,0.00011333306292844736
1,B_svc,2,0.17029358630755909,60,0.17010786747234868,MAP_PMU,27,0.00018571883521040222
2,UPFC_Vsh,5-15,1.1115891536430846,60,1.1079187611445198,MAP_PMU,27,0.003670392498564823
3,UPFC_tsh,5-15,-0.23824103473397754,60,-0.2383354064631268,MAP_PMU,27,9.437172914925074e-05
4,UPFC_Vse,5-15,0.05963153778362623,60,0.06342614165105752,MAP_PMU,27,0.003794603867431287
5,UPFC_tse,5-15,-2.135478657640481,60,-2.1915440342773853,MAP_PMU,27,0.05606537663690414
0,x_tcsc,1-14,-0.10322343353832557,61,-0.10313647098139568,MAP_PMU,27,8.696255692988708e-05
1,B_svc,2,0.16985073932949152,61,0.17010786747234868,MAP_PMU,27,0.0002571281428571659
2,UPFC_Vsh,5-15,1.1117116147687172,61,1.1079187611445198,MAP_PMU,27,0.0037928536241973454
3,UPFC_tsh,5-15,-0.23814912601927435,61,-0.2383354064631268,MAP_PMU,27,0.00018628044385243792
4,UPFC_Vse,5-15,0.05954756106634569,61,0.06342614165105752,MAP_PMU,27,0.003878580584711827
5,UPFC_tse,5-15,-2.1335297458286653,61,-2.1915440342773853,MAP_PMU,27,0.05801428844872003
0,x_tcsc,1-14,-0.10318865316150537,62,-0.10313647098139568,MAP_PMU,27,5.218218010968889e-05
1,B_svc,2,0.17033514472302183,62,0.17010786747234868,MAP_PMU,27,0.00022727725067314686
2,UPFC_Vsh,5-15,1.1115362425765931,62,1.1079187611445198,MAP_PMU,27,0.0036174814320732995
3,UPFC_tsh,5-15,-0.23814825251966826,62,-0.2383354064631268,MAP_PMU,27,0.00018715394345852898
4,UPFC_Vse,5-15,0.059549402354387014,62,0.06342614165105752,MAP_PMU,27,0.0038767392966705047
5,UPFC_tse,5-15,-2.1367762640886756,62,-2.1915440342773853,MAP_PMU,27,0.05476777018870971
0,x_tcsc,1-14,-0.10328434006590635,63,-0.10313647098139568,MAP_PMU,27,0.00014786908451067116
1,B_svc,2,0.1702068529506235,63,0.17010786747234868,MAP_PMU,27,9.898547827480453e-05
2,UPFC_Vsh,5-15,1.1117052425007095,63,1.1079187611445198,MAP_PMU,27,0.0037864813561896415
3,UPFC_tsh,5-15,-0.23810370293220554,63,-0.2383354064631268,MAP_PMU,27,0.00023170353092125118
4,UPFC_Vse,5-15,0.0591303636796961,63,0.06342614165105752,MAP_PMU,27,0.0042957779713614155
5,UPFC_tse,5-15,-2.1380969542619135,63,-2.1915440342773853,MAP_PMU,27,0.053447080015471826
0,x_tcsc,1-14,-0.1031558024260749,64,-0.10313647098139568,MAP_PMU,27,1.9331444679221432e-05
1,B_svc,2,0.17036370993411298,64,0.17010786747234868,MAP_PMU,27,0.0002558424617642996
2,UPFC_Vsh,5-15,1.1118508605741388,64,1.1079187611445198,MAP_PMU,27,0.003932099429619029
3,UPFC_tsh,5-15,-0.2381844815126416,64,-0.2383354064631268,MAP_PMU,27,0.00015092495048518728
4,UPFC_Vse,5-15,0.059392336210161684,64,0.06342614165105752,MAP_PMU,27,0.004033805440895835
5,UPFC_tse,5-15,-2.1375920313104735,64,-2.1915440342773853,MAP_PMU,27,0.05395200296691183
0,x_tcsc,1-14,-0.10320700200812875,65,-0.10313647098139568,MAP_PMU,27,7.053102673307277e-05
1,B_svc,2,0.17019907123693132,65,0.17010786747234868,MAP_PMU,27,9.120376458263135e-05
2,UPFC_Vsh,5-15,1.1113802300120526,65,1.1079187611445198,MAP_PMU,27,0.0034614688675327354
3,UPFC_tsh,5-15,-0.2381661665792808,65,-0.2383354064631268,MAP_PMU,27,0.0001692398838459841
4,UPFC_Vse,5-15,0.05934537378708525,65,0.06342614165105752,MAP_PMU,27,0.004080767863972268
5,UPFC_tse,5-15,-2.13284606993128,65,-2.1915440342773853,MAP_PMU,27,0.05869796434610519
0,x_tcsc,1-14,-0.10320329427014605,66,-0.10313647098139568,MAP_PMU,27,6.682328875036447e-05
1,B_svc,2,0.17019975372020812,66,0.17010786747234868,MAP_PMU,27,9.188624785944066e-05
2,UPFC_Vsh,5-15,1.1119995299185614,66,1.1079187611445198,MAP_PMU,27,0.004080768774041621
3,UPFC_tsh,5-15,-0.23811860044908412,66,-0.2383354064631268,MAP_PMU,27,0.00021680601404266975
4,UPFC_Vse,5-15,0.059565923347799095,66,0.06342614165105752,MAP_PMU,27,0.003860218303258424
5,UPFC_tse,5-15,-2.1290413409879743,66,-2.1915440342773853,MAP_PMU,27,0.06250269328941105
0,x_tcsc,1-14,-0.10317413856730276,67,-0.10313647098139568,MAP_PMU,27,3.766758590707797e-05
1,B_svc,2,0.1698420728724404,67,0.17010786747234868,MAP_PMU,27,0.0002657945999082756
2,UPFC_Vsh,5-15,1.1114563916843456,67,1.1079187611445198,MAP_PMU,27,0.003537630539825809
3,UPFC_tsh,5-15,-0.23825524069381798,67,-0.2383354064631268,MAP_PMU,27,8.016576930880426e-05
4,UPFC_Vse,5-15,0.05956307819449865,67,0.06342614165105752,MAP_PMU,27,0.003863063456558867
5,UPFC_tse,5-15,-2.140991111421579,67,-2.1915440342773853,MAP_PMU,27,0.05055292285580615
0,x_tcsc,1-14,-0.10316899867868595,68,-0.10313647098139568,MAP_PMU,27,3.2527697290271607e-05
1,B_svc,2,0.1702689168355411,68,0.17010786747234868,MAP_PMU,27,0.00016104936319241703
2,UPFC_Vsh,5-15,1.1117917195727858,68,1.1079187611445198,MAP_PMU,27,0.00387295842826596
3,UPFC_tsh,5-15,-0.2381347607071398,68,-0.2383354064631268,MAP_PMU,27,0.00020064575598699452
4,UPFC_Vse,5-15,0.05952536316314913,68,0.06342614165105752,MAP_PMU,27,0.003900778487908388
5,UPFC_tse,5-15,-2.137925725387412,68,-2.1915440342773853,MAP_PMU,27,0.05361830888997332
0,x_tcsc,1-14,-0.10319130139550144,69,-0.10313647098139568,MAP_PMU,27,5.48304141057554e-05
1,B_svc,2,0.17056335345823162,69,0.17010786747234868,MAP_PMU,27,0.0004554859858829363
2,UPFC_Vsh,5-15,1.1115812080173726,69,1.1079187611445198,MAP_PMU,27,0.003662446872852776
3,UPFC_tsh,5-15,-0.23811673637334965,69,-0.2383354064631268,MAP_PMU,27,0.0002186700897771343
4,UPFC_Vse,5-15,0.05912128950391164,69,0.06342614165105752,MAP_PMU,27,0.004304852147145877
5,UPFC_tse,5-15,-2.1304325390175762,69,-2.1915440342773853,MAP_PMU,27,0.06111149525980908
0,x_tcsc,1-14,-0.10323296291412415,70,-0.10313647098139568,MAP_PMU,27,9.649193272846801e-05
1,B_svc,2,0.1696567437062093,70,0.17010786747234868,MAP_PMU,27,0.0004511237661393719
2,UPFC_Vsh,5-15,1.111832542945685,70,1.1079187611445198,MAP_PMU,27,0.003913781801165195
3,UPFC_tsh,5-15,-0.23806682599368845,70,-0.2383354064631268,MAP_PMU,27,0.0002685804694383398
4,UPFC_Vse,5-15,0.05950550200648733,70,0.06342614165105752,MAP_PMU,27,0.0039206396445701855
5,UPFC_tse,5-15,-2.127959694380815,70,-2.1915440342773853,MAP_PMU,27,0.06358433989657053
0,x_tcsc,1-14,-0.10317135290270668,71,-0.10313647098139568,MAP_PMU,27,3.488192131100021e-05
1,B_svc,2,0.16998926425428676,71,0.17010786747234868,MAP_PMU,27,0.00011860321806192453
2,UPFC_Vsh,5-15,1.1113003288013281,71,1.1079187611445198,MAP_PMU,27,0.003381567656808304
3,UPFC_tsh,5-15,-0.23825532481179057,71,-0.2383354064631268,MAP_PMU,27,8.008165133621681e-05
4,UPFC_Vse,5-15,0.05960464111332386,71,0.06342614165105752,MAP_PMU,27,0.0038215005377336617
5,UPFC_tse,5-15,-2.1474644785177857,71,-2.1915440342773853,MAP_PMU,27,0.04407955575959965
0,x_tcsc,1-14,-0.10320471672946158,72,-0.10313647098139568,MAP_PMU,27,6.824574806589545e-05
1,B_svc,2,0.1704637910704423,72,0.17010786747234868,MAP_PMU,27,0.0003559235980936104
2,UPFC_Vsh,5-15,1.111639721221887,72,1.1079187611445198,MAP_PMU,27,0.003720960077367108
3,UPFC_tsh,5-15,-0.23814891429677656,72,-0.2383354064631268,MAP_PMU,27,0.0001864921663502217
4,UPFC_Vse,5-15,0.058949521754831105,72,0.06342614165105752,MAP_PMU,27,0.004476619896226414
5,UPFC_tse,5-15,-2.1344560449930476,72,-2.1915440342773853,MAP_PMU,27,0.05708798928433767
0,x_tcsc,1-14,-0.1031948519527189,73,-0.10313647098139568,MAP_PMU,27,5.838097132321307e-05
1,B_svc,2,0.170238117126502,73,0.17010786747234868,MAP_PMU,27,0.0001302496541533138
2,UPFC_Vsh,5-15,1.1117149420328216,73,1.1079187611445198,MAP_PMU,27,0.0037961808883018033
3,UPFC_tsh,5-15,-0.238182349601954,73,-0.2383354064631268,MAP_PMU,27,0.0001530568611727845
4,UPFC_Vse,5-15,0.05920311564841456,73,0.06342614165105752,MAP_PMU,27,0.00422302600264296
5,UPFC_tse,5-15,-2.1363598453805697,73,-2.1915440342773853,MAP_PMU,27,0.055184188896815645
0,x_tcsc,1-14,-0.10314192073982692,74,-0.10313647098139568,MAP_PMU,27,5.449758431239071e-06
1,B_svc,2,0.17029766806471675,74,0.17010786747234868,MAP_PMU,27,0.00018980059236806124
2,UPFC_Vsh,5-15,1.1115643994227011,74,1.1079187611445198,MAP_PMU,27,0.003645638278181318
3,UPFC_tsh,5-15,-0.23819962144288434,74,-0.2383354064631268,MAP_PMU,27,0.00013578502024244599
4,UPFC_Vse,5-15,0.059505246218274736,74,0.06342614165105752,MAP_PMU,27,0.0039208954327827825
5,UPFC_tse,5-15,-2.1418382654665,74,-2.1915440342773853,MAP_PMU,27,0.04970576881088551
0,x_tcsc,1-14,-0.10313983677951963,75,-0.10313647098139568,MAP_PMU,27,3.3657981239471058e-06
1,B_svc,2,0.1701142588928809,75,0.17010786747234868,MAP_PMU,27,6.391420532214642e-06
2,UPFC_Vsh,5-15,1.1113403608902575,75,1.1079187611445198,MAP_PMU,27,0.0034215997457376357
3,UPFC_tsh,5-15,-0.23819287629923733,75,-0.2383354064631268,MAP_PMU,27,0.00014253016388945938
4,UPFC_Vse,5-15,0.05925873609345792,75,0.06342614165105752,MAP_PMU,27,0.0041674055575995975
5,UPFC_tse,5-15,-2.142784832746163,75,-2.1915440342773853,MAP_PMU,27,0.048759201531222374
0,x_tcsc,1-14,-0.10323881459157257,76,-0.10313647098139568,MAP_PMU,27,0.00010234361017688598
1,B_svc,2,0.1704809523559851,76,0.17010786747234868,MAP_PMU,27,0.0003730848836364098
2,UPFC_Vsh,5-15,1.112127800267144,76,1.1079187611445198,MAP_PMU,27,0.004209039122624159
3,UPFC_tsh,5-15,-0.2381672137701148,76,-0.2383354064631268,MAP_PMU,27,0.00016819269301199258
4,UPFC_Vse,5-15,0.05948592098719906,76,0.06342614165105752,MAP_PMU,27,0.0039402206638584555
5,UPFC_tse,5-15,-2.123257611709554,76,-2.1915440342773853,MAP_PMU,27,0.06828642256783146
0,x_tcsc,1-14,-0.10319968246376798,77,-0.10313647098139568,MAP_PMU,27,6.321148237230234e-05
1,B_svc,2,0.17027078856969052,77,0.17010786747234868,MAP_PMU,27,0.00016292109734183935
2,UPFC_Vsh,5-15,1.11132964479834,77,1.1079187611445198,MAP_PMU,27,0.0034108836538202514
3,UPFC_tsh,5-15,-0.23813823315142857,77,-0.2383354064631268,MAP_PMU,27,0.00019717331169821772
4,UPFC_Vse,5-15,0.0596098054114718,77,0.06342614165105752,MAP_PMU,27,0.003816336239585716
5,UPFC_tse,5-15,-2.123904593705015,77,-2.1915440342773853,MAP_PMU,27,0.06763944057237037
0,x_tcsc,1-14,-0.10326149640988948,78,-0.10313647098139568,MAP_PMU,27,0.00012502542849379683
1,B_svc,2,0.1698581573671454,78,0.17010786747234868,MAP_PMU,27,0.00024971010520327686
2,UPFC_Vsh,5-15,1.1119100194720395,78,1.1079187611445198,MAP_PMU,27,0.003991258327519676
3,UPFC_tsh,5-15,-0.23814818458914108,78,-0.2383354064631268,MAP_PMU,27,0.00018722187398570456
4,UPFC_Vse,5-15,0.059282047680707994,78,0.06342614165105752,MAP_PMU,27,0.004144093970349524
5,UPFC_tse,5-15,-2.131815290330882,78,-2.1915440342773853,MAP_PMU,27,0.05972874394650329
0,x_tcsc,1-14,-0.10319468713962633,79,-0.10313647098139568,MAP_PMU,27,5.821615823065063e-05
1,B_svc,2,0.17031392137251034,79,0.17010786747234868,MAP_PMU,27,0.00020605390016165126
2,UPFC_Vsh,5-15,1.1111508165492288,79,1.1079187611445198,MAP_PMU,27,0.0032320554047089445
3,UPFC_tsh,5-15,-0.23819192406690842,79,-0.2383354064631268,MAP_PMU,27,0.000143482396218364
4,UPFC_Vse,5-15,0.05940802964541349,79,0.06342614165105752,MAP_PMU,27,0.004018112005644031
5,UPFC_tse,5-15,-2.14443791623379,79,-2.1915440342773853,MAP_PMU,27,0.04710611804359521
0,x_tcsc,1-14,-0.10322330169260074,80,-0.10313647098139568,MAP_PMU,27,8.683071120506314e-05
1,B_svc,2,0.17021704212891844,80,0.17010786747234868,MAP_PMU,27,0.00010917465656976044
2,UPFC_Vsh,5-15,1.1116276299105075,80,1.1079187611445198,MAP_PMU,27,0.0037088687659876385
3,UPFC_tsh,5-15,-0.23813594293383133,80,-0.2383354064631268,MAP_PMU,27,0.00019946352929545164
4,UPFC_Vse,5-15,0.05943926863128044,80,0.06342614165105752,MAP_PMU,27,0.003986873019777078
5,UPFC_tse,5-15,-2.1274509242696307,80,-2.1915440342773853,MAP_PMU,27,0.06409311000775464
0,x_tcsc,1-14,-0.10323209953663097,81,-0.10313647098139568,MAP_PMU,27,9.562855523528868e-05
1,B_svc,2,0.17005338538390544,81,0.17010786747234868,MAP_PMU,27,5.448208844324731e-05
2,UPFC_Vsh,5-15,1.1116999687048605,81,1.1079187611445198,MAP_PMU,27,0.003781207560340727
3,UPFC_tsh,5-15,-0.23816106343950183,81,-0.2383354064631268,MAP_PMU,27,0.00017434302362495657
4,UPFC_Vse,5-15,0.05902632804040748,81,0.06342614165105752,MAP_PMU,27,0.00439981361065004
5,UPFC_tse,5-15,-2.140551510483879,81,-2.1915440342773853,MAP_PMU,27,0.05099252379350627
0,x_tcsc,1-14,-0.10321153881584755,82,-0.10313647098139568,MAP_PMU,27,7.506783445186682e-05
1,B_svc,2,0.17010502465747154,82,0.17010786747234868,MAP_PMU,27,2.8428148771408868e-06
2,UPFC_Vsh,5-15,1.111349433674994,82,1.1079187611445198,MAP_PMU,27,0.0034306725304742436
3,UPFC_tsh,5-15,-0.23814543396291757,82,-0.2383354064631268,MAP_PMU,27,0.00018997250020921785
4,UPFC_Vse,5-15,0.05942205540714881,82,0.06342614165105752,MAP_PMU,27,0.00400408624390871
5,UPFC_tse,5-15,-2.1326106553111006,82,-2.1915440342773853,MAP_PMU,27,0.0589333789662847
0,x_tcsc,1-14,-0.10321040857340585,83,-0.10313647098139568,MAP_PMU,27,7.393759201017314e-05
1,B_svc,2,0.1705129979065813,83,0.17010786747234868,MAP_PMU,27,0.0004051304342326256
2,UPFC_Vsh,5-15,1.1116200997301338,83,1.1079187611445198,MAP_PMU,27,0.0037013385856139447
3,UPFC_tsh,5-15,-0.23808647695491825,83,-0.2383354064631268,MAP_PMU,27,0.00024892950820853965
4,UPFC_Vse,5-15,0.0593091144082878,83,0.06342614165105752,MAP_PMU,27,0.004117027242769716
5,UPFC_tse,5-15,-2.1402108918117038,83,-2.1915440342773853,MAP_PMU,27,0.05133314246568155
0,x_tcsc,1-14,-0.10320748439226714,84,-0.10313647098139568,MAP_PMU,27,7.101341087145663e-05
1,B_svc,2,0.17015081469650983,84,0.17010786747234868,MAP_PMU,27,4.294722416114949e-05
2,UPFC_Vsh,5-15,1.1120417088803636,84,1.1079187611445198,MAP_PMU,27,0.004122947735843763
3,UPFC_tsh,5-15,-0.23809132270401148,84,-0.2383354064631268,MAP_PMU,27,0.00024408375911530444
4,UPFC_Vse,5-15,0.05955608871769348,84,0.06342614165105752,MAP_PMU,27,0.0038700529333640377
5,UPFC_tse,5-15,-2.1301550442629793,84,-2.1915440342773853,MAP_PMU,27,0.06138899001440601
0,x_tcsc,1-14,-0.10315501210165615,85,-0.10313647098139568,MAP_PMU,27,1.854112026046517e-05
1,B_svc,2,0.1700651134826738,85,0.17010786747234868,MAP_PMU,27,4.2753989674876314e-05
2,UPFC_Vsh,5-15,1.112005582449115,85,1.1079187611445198,MAP_PMU,27,0.004086821304595256
3,UPFC_tsh,5-15,-0.23812671136971403,85,-0.2383354064631268,MAP_PMU,27,0.0002086950934127585
4,UPFC_Vse,5-15,0.05929367279650844,85,0.06342614165105752,MAP_PMU,27,0.004132468854549078
5,UPFC_tse,5-15,-2.132988269998979,85,-2.1915440342773853,MAP_PMU,27,0.058555764278406475
0,x_tcsc,1-14,-0.10318857592413026,86,-0.10313647098139568,MAP_PMU,27,5.2104942734582105e-05
1,B_svc,2,0.1701620002117148,86,0.17010786747234868,MAP_PMU,27,5.413273936610841e-05
2,UPFC_Vsh,5-15,1.1115240258799657,86,1.1079187611445198,MAP_PMU,27,0.003605264735445868
3,UPFC_tsh,5-15,-0.2381846852952451,86,-0.2383354064631268,MAP_PMU,27,0.00015072116788167333
4,UPFC_Vse,5-15,0.05952561824704607,86,0.06342614165105752,MAP_PMU,27,0.0039005234040114453
5,UPFC_tse,5-15,-2.136858493671561,86,-2.1915440342773853,MAP_PMU,27,0.0546855406058242
0,x_tcsc,1-14,-0.10323155299417526,87,-0.10313647098139568,MAP_PMU,27,9.508201277957928e-05
1,B_svc,2,0.17018562031772033,87,0.17010786747234868,MAP_PMU,27,7.775284537164806e-05
2,UPFC_Vsh,5-15,1.1117527055017564,87,1.1079187611445198,MAP_PMU,27,0.003833944357236607
3,UPFC_tsh,5-15,-0.23809541099868428,87,-0.2383354064631268,MAP_PMU,27,0.00023999546444250508
4,UPFC_Vse,5-15,0.05900384217142405,87,0.06342614165105752,MAP_PMU,27,0.004422299479633469
5,UPFC_tse,5-15,-2.1325593843679576,87,-2.1915440342773853,MAP_PMU,27,0.058984649909427755
0,x_tcsc,1-14,-0.10318111595761911,88,-0.10313647098139568,MAP_PMU,27,4.464497622343189e-05
1,B_svc,2,0.17080901751747413,88,0.17010786747234868,MAP_PMU,27,0.0007011500451254427
2,UPFC_Vsh,5-15,1.1113344140808379,88,1.1079187611445198,MAP_PMU,27,0.00341565293631807
3,UPFC_tsh,5-15,-0.23820576182696446,88,-0.2383354064631268,MAP_PMU,27,0.00012964463616232935
4,UPFC_Vse,5-15,0.0594776948775649,88,0.06342614165105752,MAP_PMU,27,0.0039484467734926185
5,UPFC_tse,5-15,-2.144715664486548,88,-2.1915440342773853,MAP_PMU,27,0.046828369790837154
0,x_tcsc,1-14,-0.10320784872389163,89,-0.10313647098139568,MAP_PMU,27,7.137774249595108e-05
1,B_svc,2,0.16996636414321256,89,0.17010786747234868,MAP_PMU,27,0.0001415033291361223
2,UPFC_Vsh,5-15,1.1117264675961722,89,1.1079187611445198,MAP_PMU,27,0.003807706451652404
3,UPFC_tsh,5-15,-0.23810112827056726,89,-0.2383354064631268,MAP_PMU,27,0.0002342781925595283
4,UPFC_Vse,5-15,0.05889545827495942,89,0.06342614165105752,MAP_PMU,27,0.004530683376098098
5,UPFC_tse,5-15,-2.127456543084581,89,-2.1915440342773853,MAP_PMU,27,0.06408749119280444
0,x_tcsc,1-14,-0.10322023121011273,90,-0.10313647098139568,MAP_PMU,27,8.376022871704747e-05
1,B_svc,2,0.1699550478255689,90,0.17010786747234868,MAP_PMU,27,0.00015281964677979487
2,UPFC_Vsh,5-15,1.1112669601124663,90,1.1079187611445198,MAP_PMU,27,0.0033481989679464697
3,UPFC_tsh,5-15,-0.2381854456388355,90,-0.2383354064631268,MAP_PMU,27,0.00014996082429127866
4,UPFC_Vse,5-15,0.059409207910976106,90,0.06342614165105752,MAP_PMU,27,0.004016933740081413
5,UPFC_tse,5-15,-2.12857786534127,90,-2.1915440342773853,MAP_PMU,27,0.06296616893611517
0,x_tcsc,1-14,-0.10318542380140334,91,-0.10313647098139568,MAP_PMU,27,4.895282000766388e-05
1,B_svc,2,0.1699902389990595,91,0.17010786747234868,MAP_PMU,27,0.00011762847328919412
2,UPFC_Vsh,5-15,1.1117646662026877,91,1.1079187611445198,MAP_PMU,27,0.0038459050581678422
3,UPFC_tsh,5-15,-0.2380919192869647,91,-0.2383354064631268,MAP_PMU,27,0.00024348717616209936
4,UPFC_Vse,5-15,0.05900856117661462,91,0.06342614165105752,MAP_PMU,27,0.004417580474442899
5,UPFC_tse,5-15,-2.1296309169307523,91,-2.1915440342773853,MAP_PMU,27,0.06191311734663296
0,x_tcsc,1-14,-0.10321850408429485,92,-0.10313647098139568,MAP_PMU,27,8.203310289917054e-05
1,B_svc,2,0.1701325123057557,92,0.17010786747234868,MAP_PMU,27,2.4644833407028166e-05
2,UPFC_Vsh,5-15,1.1111996723579205,92,1.1079187611445198,MAP_PMU,27,0.0032809112134006835
3,UPFC_tsh,5-15,-0.23827823777504162,92,-0.2383354064631268,MAP_PMU,27,5.7168688085168506e-05
4,UPFC_Vse,5-15,0.060066787259025624,92,0.06342614165105752,MAP_PMU,27,0.003359354392031895
5,UPFC_tse,5-15,-2.1329240395765154,92,-2.1915440342773853,MAP_PMU,27,0.05861999470086987
0,x_tcsc,1-14,-0.10319129082653479,93,-0.10313647098139568,MAP_PMU,27,5.481984513910909e-05
1,B_svc,2,0.16993399496896872,93,0.17010786747234868,MAP_PMU,27,0.00017387250337996818
2,UPFC_Vsh,5-15,1.1115148189361124,93,1.1079187611445198,MAP_PMU,27,0.003596057791592555
3,UPFC_tsh,5-15,-0.23813889673980948,93,-0.2383354064631268,MAP_PMU,27,0.00019650972331730632
4,UPFC_Vse,5-15,0.05997176380387229,93,0.06342614165105752,MAP_PMU,27,0.0034543778471852263
5,UPFC_tse,5-15,-2.136521333494701,93,-2.1915440342773853,MAP_PMU,27,0.05502270078268445
0,x_tcsc,1-14,-0.10323873113491305,94,-0.10313647098139568,MAP_PMU,27,0.00010226015351737228
1,B_svc,2,0.1698754264459585,94,0.17010786747234868,MAP_PMU,27,0.00023244102639019548
2,UPFC_Vsh,5-15,1.1115384321414095,94,1.1079187611445198,MAP_PMU,27,0.0036196709968896457
3,UPFC_tsh,5-15,-0.23814117727333733,94,-0.2383354064631268,MAP_PMU,27,0.00019422918978945214
4,UPFC_Vse,5-15,0.05875912486567376,94,0.06342614165105752,MAP_PMU,27,0.004667016785383761
5,UPFC_tse,5-15,-2.127856158816772,94,-2.1915440342773853,MAP_PMU,27,0.06368787546061316
0,x_tcsc,1-14,-0.1032009704435931,95,-0.10313647098139568,MAP_PMU,27,6.449946219741487e-05
1,B_svc,2,0.17014671758933725,95,0.17010786747234868,MAP_PMU,27,3.8850116988564665e-05
2,UPFC_Vsh,5-15,1.1116185628184612,95,1.1079187611445198,MAP_PMU,27,0.0036998016739413497
3,UPFC_tsh,5-15,-0.23818978897457538,95,-0.2383354064631268,MAP_PMU,27,0.00014561748855140833
4,UPFC_Vse,5-15,0.05981426354807567,95,0.06342614165105752,MAP_PMU,27,0.003611878102981851
5,UPFC_tse,5-15,-2.126084038650732,95,-2.1915440342773853,MAP_PMU,27,0.06545999562665328
0,x_tcsc,1-14,-0.10322037996385751,96,-0.10313647098139568,MAP_PMU,27,8.390898246182776e-05
1,B_svc,2,0.16964230332490532,96,0.17010786747234868,MAP_PMU,27,0.0004655641474433647
2,UPFC_Vsh,5-15,1.1111047519519712,96,1.1079187611445198,MAP_PMU,27,0.003185990807451411
3,UPFC_tsh,5-15,-0.23826032340145592,96,-0.2383354064631268,MAP_PMU,27,7.508306167086642e-05
4,UPFC_Vse,5-15,0.059129098214420556,96,0.06342614165105752,MAP_PMU,27,0.004297043436636963
5,UPFC_tse,5-15,-2.1402919634648434,96,-2.1915440342773853,MAP_PMU,27,0.051252070812541906
0,x_tcsc,1-14,-0.10322006506945686,97,-0.10313647098139568,MAP_PMU,27,8.359408806117574e-05
1,B_svc,2,0.17048756747611943,97,0.17010786747234868,MAP_PMU,27,0.0003797000037707443
2,UPFC_Vsh,5-15,1.1118940633605516,97,1.1079187611445198,MAP_PMU,27,0.0039753022160318174
3,UPFC_tsh,5-15,-0.23816327955761113,97,-0.2383354064631268,MAP_PMU,27,0.00017212690551565712
4,UPFC_Vse,5-15,0.0594928971467185,97,0.06342614165105752,MAP_PMU,27,0.003933244504339017
5,UPFC_tse,5-15,-2.1319206105162425,97,-2.1915440342773853,MAP_PMU,27,0.059623423761142824
0,x_tcsc,1-14,-0.1032523161982439,98,-0.10313647098139568,MAP_PMU,27,0.00011584521684822324
1,B_svc,2,0.17024115896151798,98,0.17010786747234868,MAP_PMU,27,0.000133291489169296
2,UPFC_Vsh,5-15,1.1112477814258712,98,1.1079187611445198,MAP_PMU,27,0.0033290202813514025
3,UPFC_tsh,5-15,-0.23820473683783266,98,-0.2383354064631268,MAP_PMU,27,0.00013066962529412196
4,UPFC_Vse,5-15,0.05936405169963855,98,0.06342614165105752,MAP_PMU,27,0.004062089951418969
5,UPFC_tse,5-15,-2.127120092216948,98,-2.1915440342773853,MAP_PMU,27,0.06442394206043733
0,x_tcsc,1-14,-0.103200670747818,99,-0.10313647098139568,MAP_PMU,27,6.41997664223154e-05
1,B_svc,2,0.170398660082085,99,0.17010786747234868,MAP_PMU,27,0.0002907926097363289
2,UPFC_Vsh,5-15,1.1116425542152093,99,1.1079187611445198,MAP_PMU,27,0.003723793070689485
3,UPFC_tsh,5-15,-0.23823522629716845,99,-0.2383354064631268,MAP_PMU,27,0.00010018016595833568
4,UPFC_Vse,5-15,0.060020939210594544,99,0.06342614165105752,MAP_PMU,27,0.0034052024404629747
5,UPFC_tse,5-15,-2.152299291846995,99,-2.1915440342773853,MAP_PMU,27,0.03924474243039011
0,x_tcsc,1-14,-0.10617671688964396,0,-0.10618555526997268,MAP_PMU,29,8.838380328723972e-06
1,B_svc,2,0.17340650949580222,0,0.17373769081908705,MAP_PMU,29,0.0003311813232848293
2,UPFC_Vsh,5-15,1.1116271358847356,0,1.106213291744122,MAP_PMU,29,0.005413844140613522
3,UPFC_tsh,5-15,-0.23530290267913292,0,-0.23548505946192488,MAP_PMU,29,0.00018215678279195902
4,UPFC_Vse,5-15,0.05935848017041243,0,0.06346467738407933,MAP_PMU,29,0.0041061972136669025
5,UPFC_tse,5-15,-2.134576492300864,0,-2.19365574243551,MAP_PMU,29,0.05907925013464599
0,x_tcsc,1-14,-0.10620156874162055,1,-0.10618555526997268,MAP_PMU,29,1.6013471647868815e-05
1,B_svc,2,0.17394483445431605,1,0.17373769081908705,MAP_PMU,29,0.00020714363522900126
2,UPFC_Vsh,5-15,1.111436219929357,1,1.106213291744122,MAP_PMU,29,0.005222928185234954
3,UPFC_tsh,5-15,-0.23528414919133264,1,-0.23548505946192488,MAP_PMU,29,0.00020091027059224165
4,UPFC_Vse,5-15,0.059337203357030334,1,0.06346467738407933,MAP_PMU,29,0.004127474027049001
5,UPFC_tse,5-15,-2.1401112653869507,1,-2.19365574243551,MAP_PMU,29,0.05354447704855936
0,x_tcsc,1-14,-0.10618610688928692,2,-0.10618555526997268,MAP_PMU,29,5.516193142401926e-07
1,B_svc,2,0.1738721408259607,2,0.17373769081908705,MAP_PMU,29,0.00013445000687364872
2,UPFC_Vsh,5-15,1.111602224824446,2,1.106213291744122,MAP_PMU,29,0.005388933080323843
3,UPFC_tsh,5-15,-0.23527508965978955,2,-0.23548505946192488,MAP_PMU,29,0.00020996980213533467
4,UPFC_Vse,5-15,0.05961528249590558,2,0.06346467738407933,MAP_PMU,29,0.003849394888173756
5,UPFC_tse,5-15,-2.1283970282650007,2,-2.19365574243551,MAP_PMU,29,0.06525871417050944
0,x_tcsc,1-14,-0.10617248074351011,3,-0.10618555526997268,MAP_PMU,29,1.3074526462569791e-05
1,B_svc,2,0.17309890884413723,3,0.17373769081908705,MAP_PMU,29,0.0006387819749498203
2,UPFC_Vsh,5-15,1.1113828518241609,3,1.106213291744122,MAP_PMU,29,0.005169560080038771
3,UPFC_tsh,5-15,-0.23536463114807354,3,-0.23548505946192488,MAP_PMU,29,0.00012042831385133956
4,UPFC_Vse,5-15,0.05944490688266846,3,0.06346467738407933,MAP_PMU,29,0.004019770501410877
5,UPFC_tse,5-15,-2.1365801485379783,3,-2.19365574243551,MAP_PMU,29,0.05707559389753181
0,x_tcsc,1-14,-0.10619143853042166,4,-0.10618555526997268,MAP_PMU,29,5.883260448980021e-06
1,B_svc,2,0.1739969702868432,4,0.17373769081908705,MAP_PMU,29,0.0002592794677561405
2,UPFC_Vsh,5-15,1.1118062261792974,4,1.106213291744122,MAP_PMU,29,0.0055929344351752786
3,UPFC_tsh,5-15,-0.2352152947329891,4,-0.23548505946192488,MAP_PMU,29,0.0002697647289357785
4,UPFC_Vse,5-15,0.059217828364064515,4,0.06346467738407933,MAP_PMU,29,0.00424684902001482
5,UPFC_tse,5-15,-2.120794689611858,4,-2.19365574243551,MAP_PMU,29,0.07286105282365218
0,x_tcsc,1-14,-0.10615966447168558,5,-0.10618555526997268,MAP_PMU,29,2.5890798287103722e-05
1,B_svc,2,0.1738395991546788,5,0.17373769081908705,MAP_PMU,29,0.00010190833559176049
2,UPFC_Vsh,5-15,1.1117210340078072,5,1.106213291744122,MAP_PMU,29,0.0055077422636851114
3,UPFC_tsh,5-15,-0.2353011035738328,5,-0.23548505946192488,MAP_PMU,29,0.00018395588809208552
4,UPFC_Vse,5-15,0.059210978466869374,5,0.06346467738407933,MAP_PMU,29,0.004253698917209961
5,UPFC_tse,5-15,-2.126237246725509,5,-2.19365574243551,MAP_PMU,29,0.06741849571000103
0,x_tcsc,1-14,-0.10618858560460297,6,-0.10618555526997268,MAP_PMU,29,3.030334630282905e-06
1,B_svc,2,0.17348677877914084,6,0.17373769081908705,MAP_PMU,29,0.00025091203994620503
2,UPFC_Vsh,5-15,1.111883489848226,6,1.106213291744122,MAP_PMU,29,0.005670198104103852
3,UPFC_tsh,5-15,-0.23525244049814786,6,-0.23548505946192488,MAP_PMU,29,0.0002326189637770204
4,UPFC_Vse,5-15,0.059529757052614964,6,0.06346467738407933,MAP_PMU,29,0.003934920331464371
5,UPFC_tse,5-15,-2.131533121659743,6,-2.19365574243551,MAP_PMU,29,0.062122620775767246
0,x_tcsc,1-14,-0.10619399909015739,7,-0.10618555526997268,MAP_PMU,29,8.443820184708684e-06
1,B_svc,2,0.17388316986181296,7,0.17373769081908705,MAP_PMU,29,0.00014547904272591006
2,UPFC_Vsh,5-15,1.1119958121048155,7,1.106213291744122,MAP_PMU,29,0.005782520360693377
3,UPFC_tsh,5-15,-0.23517739900158863,7,-0.23548505946192488,MAP_PMU,29,0.0003076604603362565
4,UPFC_Vse,5-15,0.05882732696411559,7,0.06346467738407933,MAP_PMU,29,0.004637350419963743
5,UPFC_tse,5-15,-2.126397309759364,7,-2.19365574243551,MAP_PMU,29,0.06725843267614628
0,x_tcsc,1-14,-0.1061856745682107,8,-0.10618555526997268,MAP_PMU,29,1.192982380104901e-07
1,B_svc,2,0.1736966272331617,8,0.17373769081908705,MAP_PMU,29,4.106358592534387e-05
2,UPFC_Vsh,5-15,1.1115880117552748,8,1.106213291744122,MAP_PMU,29,0.005374720011152689
3,UPFC_tsh,5-15,-0.2353573251988976,8,-0.23548505946192488,MAP_PMU,29,0.00012773426302728486
4,UPFC_Vse,5-15,0.059614600445074,8,0.06346467738407933,MAP_PMU,29,0.0038500769390053327
5,UPFC_tse,5-15,-2.1316641037092454,8,-2.19365574243551,MAP_PMU,29,0.061991638726264675
0,x_tcsc,1-14,-0.10619128627811798,9,-0.10618555526997268,MAP_PMU,29,5.73100814529881e-06
1,B_svc,2,0.17367527994726345,9,0.17373769081908705,MAP_PMU,29,6.241087182359828e-05
2,UPFC_Vsh,5-15,1.1120508730732472,9,1.106213291744122,MAP_PMU,29,0.005837581329125152
3,UPFC_tsh,5-15,-0.2351835261802338,9,-0.23548505946192488,MAP_PMU,29,0.00030153328169107985
4,UPFC_Vse,5-15,0.05941737987906789,9,0.06346467738407933,MAP_PMU,29,0.004047297505011448
5,UPFC_tse,5-15,-2.1202751893320797,9,-2.19365574243551,MAP_PMU,29,0.07338055310343039
0,x_tcsc,1-14,-0.10618934978260182,10,-0.10618555526997268,MAP_PMU,29,3.794512629134994e-06
1,B_svc,2,0.17367295838740407,10,0.17373769081908705,MAP_PMU,29,6.473243168297893e-05
2,UPFC_Vsh,5-15,1.1109268701809996,10,1.106213291744122,MAP_PMU,29,0.004713578436877475
3,UPFC_tsh,5-15,-0.23524170232440664,10,-0.23548505946192488,MAP_PMU,29,0.0002433571375182464
4,UPFC_Vse,5-15,0.05888417040705026,10,0.06346467738407933,MAP_PMU,29,0.004580506977029074
5,UPFC_tse,5-15,-2.1324300755807126,10,-2.19365574243551,MAP_PMU,29,0.06122566685479747
0,x_tcsc,1-14,-0.10619553806115341,11,-0.10618555526997268,MAP_PMU,29,9.98279118072376e-06
1,B_svc,2,0.17379377520634642,11,0.17373769081908705,MAP_PMU,29,5.608438725937526e-05
2,UPFC_Vsh,5-15,1.1113344829345289,11,1.106213291744122,MAP_PMU,29,0.005121191190406771
3,UPFC_tsh,5-15,-0.23525897190530856,11,-0.23548505946192488,MAP_PMU,29,0.0002260875566163223
4,UPFC_Vse,5-15,0.05885323347891851,11,0.06346467738407933,MAP_PMU,29,0.004611443905160828
5,UPFC_tse,5-15,-2.12981895273773,11,-2.19365574243551,MAP_PMU,29,0.06383678969778028
0,x_tcsc,1-14,-0.10618988837534729,12,-0.10618555526997268,MAP_PMU,29,4.333105374607071e-06
1,B_svc,2,0.17358775702232565,12,0.17373769081908705,MAP_PMU,29,0.00014993379676139784
2,UPFC_Vsh,5-15,1.1116268743031843,12,1.106213291744122,MAP_PMU,29,0.005413582559062213
3,UPFC_tsh,5-15,-0.23531867671784193,12,-0.23548505946192488,MAP_PMU,29,0.00016638274408295461
4,UPFC_Vse,5-15,0.05922470996619628,12,0.06346467738407933,MAP_PMU,29,0.004239967417883052
5,UPFC_tse,5-15,-2.1295045656342317,12,-2.19365574243551,MAP_PMU,29,0.06415117680127835
0,x_tcsc,1-14,-0.10620014373784478,13,-0.10618555526997268,MAP_PMU,29,1.458846787209811e-05
1,B_svc,2,0.17350664762880977,13,0.17373769081908705,MAP_PMU,29,0.00023104319027728026
2,UPFC_Vsh,5-15,1.1116352607407263,13,1.106213291744122,MAP_PMU,29,0.005421968996604187
3,UPFC_tsh,5-15,-0.23531826299521075,13,-0.23548505946192488,MAP_PMU,29,0.0001667964667141364
4,UPFC_Vse,5-15,0.059119144363341654,13,0.06346467738407933,MAP_PMU,29,0.004345533020737681
5,UPFC_tse,5-15,-2.1402004357030697,13,-2.19365574243551,MAP_PMU,29,0.053455306732440366
0,x_tcsc,1-14,-0.10617532912506286,14,-0.10618555526997268,MAP_PMU,29,1.0226144909822321e-05
1,B_svc,2,0.17359370826503465,14,0.17373769081908705,MAP_PMU,29,0.000143982554052402
2,UPFC_Vsh,5-15,1.1116714528051925,14,1.106213291744122,MAP_PMU,29,0.005458161061070443
3,UPFC_tsh,5-15,-0.23526014615931726,14,-0.23548505946192488,MAP_PMU,29,0.00022491330260762665
4,UPFC_Vse,5-15,0.059165338470708324,14,0.06346467738407933,MAP_PMU,29,0.0042993389133710105
5,UPFC_tse,5-15,-2.127296004180038,14,-2.19365574243551,MAP_PMU,29,0.06635973825547214
0,x_tcsc,1-14,-0.10620121250728246,15,-0.10618555526997268,MAP_PMU,29,1.565723730977131e-05
1,B_svc,2,0.17326468410152354,15,0.17373769081908705,MAP_PMU,29,0.00047300671756350665
2,UPFC_Vsh,5-15,1.111583416363484,15,1.106213291744122,MAP_PMU,29,0.005370124619361816
3,UPFC_tsh,5-15,-0.23529360974080862,15,-0.23548505946192488,MAP_PMU,29,0.00019144972111626024
4,UPFC_Vse,5-15,0.05962033332877359,15,0.06346467738407933,MAP_PMU,29,0.0038443440553057456
5,UPFC_tse,5-15,-2.129819673245049,15,-2.19365574243551,MAP_PMU,29,0.06383606919046114
0,x_tcsc,1-14,-0.10619460235194624,16,-0.10618555526997268,MAP_PMU,29,9.047081973551085e-06
1,B_svc,2,0.17349082908471733,16,0.17373769081908705,MAP_PMU,29,0.0002468617343697188
2,UPFC_Vsh,5-15,1.1113366013714538,16,1.106213291744122,MAP_PMU,29,0.005123309627331762
3,UPFC_tsh,5-15,-0.23531048101986685,16,-0.23548505946192488,MAP_PMU,29,0.00017457844205803763
4,UPFC_Vse,5-15,0.059734428242069336,16,0.06346467738407933,MAP_PMU,29,0.003730249142009999
5,UPFC_tse,5-15,-2.1296388882717756,16,-2.19365574243551,MAP_PMU,29,0.06401685416373448
0,x_tcsc,1-14,-0.10625756655146802,17,-0.10618555526997268,MAP_PMU,29,7.201128149533775e-05
1,B_svc,2,0.17357686483291565,17,0.17373769081908705,MAP_PMU,29,0.00016082598617139787
2,UPFC_Vsh,5-15,1.1119873752657328,17,1.106213291744122,MAP_PMU,29,0.0057740835216106845
3,UPFC_tsh,5-15,-0.23520575263890278,17,-0.23548505946192488,MAP_PMU,29,0.00027930682302210186
4,UPFC_Vse,5-15,0.058908217864103864,17,0.06346467738407933,MAP_PMU,29,0.004556459519975471
5,UPFC_tse,5-15,-2.128295769539702,17,-2.19365574243551,MAP_PMU,29,0.0653599728958083
0,x_tcsc,1-14,-0.10618334458712012,18,-0.10618555526997268,MAP_PMU,29,2.210682852568646e-06
1,B_svc,2,0.17344370642510773,18,0.17373769081908705,MAP_PMU,29,0.0002939843939793185
2,UPFC_Vsh,5-15,1.1114450422014523,18,1.106213291744122,MAP_PMU,29,0.005231750457330264
3,UPFC_tsh,5-15,-0.23531374947104527,18,-0.23548505946192488,MAP_PMU,29,0.00017130999087960896
4,UPFC_Vse,5-15,0.05988903484670168,18,0.06346467738407933,MAP_PMU,29,0.003575642537377653
5,UPFC_tse,5-15,-2.1370445101434306,18,-2.19365574243551,MAP_PMU,29,0.05661123229207954
0,x_tcsc,1-14,-0.1061874610448969,19,-0.10618555526997268,MAP_PMU,29,1.9057749242185062e-06
1,B_svc,2,0.17414119140136664,19,0.17373769081908705,MAP_PMU,29,0.00040350058227958674
2,UPFC_Vsh,5-15,1.1113542231030238,19,1.106213291744122,MAP_PMU,29,0.005140931358901701
3,UPFC_tsh,5-15,-0.23536048385247713,19,-0.23548505946192488,MAP_PMU,29,0.00012457560944775792
4,UPFC_Vse,5-15,0.05946272091850654,19,0.06346467738407933,MAP_PMU,29,0.0040019564655727966
5,UPFC_tse,5-15,-2.140573712076813,19,-2.19365574243551,MAP_PMU,29,0.053082030358697185
0,x_tcsc,1-14,-0.106181758463594,20,-0.10618555526997268,MAP_PMU,29,3.7968063786864015e-06
1,B_svc,2,0.17331214613033255,20,0.17373769081908705,MAP_PMU,29,0.0004255446887544978
2,UPFC_Vsh,5-15,1.1120916648542203,20,1.106213291744122,MAP_PMU,29,0.005878373110098201
3,UPFC_tsh,5-15,-0.2352235831492025,20,-0.23548505946192488,MAP_PMU,29,0.00026147631272238625
4,UPFC_Vse,5-15,0.05908279665075347,20,0.06346467738407933,MAP_PMU,29,0.004381880733325863
5,UPFC_tse,5-15,-2.1254047359269217,20,-2.19365574243551,MAP_PMU,29,0.0682510065085884
0,x_tcsc,1-14,-0.10618284086583833,21,-0.10618555526997268,MAP_PMU,29,2.7144041343518666e-06
1,B_svc,2,0.1740753319454624,21,0.17373769081908705,MAP_PMU,29,0.00033764112637535426
2,UPFC_Vsh,5-15,1.1114160762427212,21,1.106213291744122,MAP_PMU,29,0.005202784498599122
3,UPFC_tsh,5-15,-0.2353327277647466,21,-0.23548505946192488,MAP_PMU,29,0.00015233169717829287
4,UPFC_Vse,5-15,0.060024667232224674,21,0.06346467738407933,MAP_PMU,29,0.003440010151854661
5,UPFC_tse,5-15,-2.136079880831085,21,-2.19365574243551,MAP_PMU,29,0.05757586160442507
0,x_tcsc,1-14,-0.10620959130506055,22,-0.10618555526997268,MAP_PMU,29,2.4036035087868224e-05
1,B_svc,2,0.17404773635478132,22,0.17373769081908705,MAP_PMU,29,0.0003100455356942755
2,UPFC_Vsh,5-15,1.1117585686343794,22,1.106213291744122,MAP_PMU,29,0.0055452768902573
3,UPFC_tsh,5-15,-0.23528926319010884,22,-0.23548505946192488,MAP_PMU,29,0.00019579627181603998
4,UPFC_Vse,5-15,0.05954306088647874,22,0.06346467738407933,MAP_PMU,29,0.0039216164976005954
5,UPFC_tse,5-15,-2.129423433474491,22,-2.19365574243551,MAP_PMU,29,0.06423230896101906
0,x_tcsc,1-14,-0.10620381298310935,23,-0.10618555526997268,MAP_PMU,29,1.8257713136668463e-05
1,B_svc,2,0.17375164293679893,23,0.17373769081908705,MAP_PMU,29,1.3952117711879541e-05
2,UPFC_Vsh,5-15,1.1117998486489231,23,1.106213291744122,MAP_PMU,29,0.005586556904801032
3,UPFC_tsh,5-15,-0.23528116485676304,23,-0.23548505946192488,MAP_PMU,29,0.00020389460516184732
4,UPFC_Vse,5-15,0.05948954802066695,23,0.06346467738407933,MAP_PMU,29,0.003975129363412384
5,UPFC_tse,5-15,-2.1314272338129157,23,-2.19365574243551,MAP_PMU,29,0.062228508622594436
0,x_tcsc,1-14,-0.10619274078907635,24,-0.10618555526997268,MAP_PMU,29,7.185519103669602e-06
1,B_svc,2,0.1733854196371812,24,0.17373769081908705,MAP_PMU,29,0.00035227118190583884
2,UPFC_Vsh,5-15,1.1116239606736797,24,1.106213291744122,MAP_PMU,29,0.0054106689295576604
3,UPFC_tsh,5-15,-0.23527805210757388,24,-0.23548505946192488,MAP_PMU,29,0.00020700735435100204
4,UPFC_Vse,5-15,0.05914460899865728,24,0.06346467738407933,MAP_PMU,29,0.004320068385422052
5,UPFC_tse,5-15,-2.140140506578529,24,-2.19365574243551,MAP_PMU,29,0.053515235856981036
0,x_tcsc,1-14,-0.10618299264905587,25,-0.10618555526997268,MAP_PMU,29,2.5626209168155833e-06
1,B_svc,2,0.1739359148362598,25,0.17373769081908705,MAP_PMU,29,0.00019822401717276006
2,UPFC_Vsh,5-15,1.1115998408082597,25,1.106213291744122,MAP_PMU,29,0.005386549064137602
3,UPFC_tsh,5-15,-0.2354258634205272,25,-0.23548505946192488,MAP_PMU,29,5.9196041397674426e-05
4,UPFC_Vse,5-15,0.05948344456579962,25,0.06346467738407933,MAP_PMU,29,0.003981232818279716
5,UPFC_tse,5-15,-2.139088889023745,25,-2.19365574243551,MAP_PMU,29,0.05456685341176515
0,x_tcsc,1-14,-0.1061889687667259,26,-0.10618555526997268,MAP_PMU,29,3.4134967532156724e-06
1,B_svc,2,0.17400898483058286,26,0.17373769081908705,MAP_PMU,29,0.00027129401149580956
2,UPFC_Vsh,5-15,1.1117380718388155,26,1.106213291744122,MAP_PMU,29,0.005524780094693371
3,UPFC_tsh,5-15,-0.2351713780653626,26,-0.23548505946192488,MAP_PMU,29,0.0003136813965622931
4,UPFC_Vse,5-15,0.05882587435864448,26,0.06346467738407933,MAP_PMU,29,0.0046388030254348525
5,UPFC_tse,5-15,-2.1292812828486944,26,-2.19365574243551,MAP_PMU,29,0.06437445958681565
0,x_tcsc,1-14,-0.10620731986690361,27,-0.10618555526997268,MAP_PMU,29,2.1764596930928803e-05
1,B_svc,2,0.17348659439074662,27,0.17373769081908705,MAP_PMU,29,0.0002510964283404249
2,UPFC_Vsh,5-15,1.1115134760348162,27,1.106213291744122,MAP_PMU,29,0.005300184290694121
3,UPFC_tsh,5-15,-0.23525451331672387,27,-0.23548505946192488,MAP_PMU,29,0.00023054614520101602
4,UPFC_Vse,5-15,0.05922162988239781,27,0.06346467738407933,MAP_PMU,29,0.0042430475016815225
5,UPFC_tse,5-15,-2.135564018278014,27,-2.19365574243551,MAP_PMU,29,0.058091724157496305
0,x_tcsc,1-14,-0.1061909808248571,28,-0.10618555526997268,MAP_PMU,29,5.425554884419537e-06
1,B_svc,2,0.17398491789593606,28,0.17373769081908705,MAP_PMU,29,0.0002472270768490159
2,UPFC_Vsh,5-15,1.112134466045136,28,1.106213291744122,MAP_PMU,29,0.0059211743010139095
3,UPFC_tsh,5-15,-0.2352488754595221,28,-0.23548505946192488,MAP_PMU,29,0.00023618400240277282
4,UPFC_Vse,5-15,0.05948589523457924,28,0.06346467738407933,MAP_PMU,29,0.003978782149500093
5,UPFC_tse,5-15,-2.1257649033551833,28,-2.19365574243551,MAP_PMU,29,0.06789083908032678
0,x_tcsc,1-14,-0.10618069600601253,29,-0.10618555526997268,MAP_PMU,29,4.859263960155236e-06
1,B_svc,2,0.1742334984191169,29,0.17373769081908705,MAP_PMU,29,0.0004958076000298461
2,UPFC_Vsh,5-15,1.1114964762591373,29,1.106213291744122,MAP_PMU,29,0.0052831845150151935
3,UPFC_tsh,5-15,-0.2352994630848917,29,-0.23548505946192488,MAP_PMU,29,0.00018559637703319254
4,UPFC_Vse,5-15,0.0594812168524841,29,0.06346467738407933,MAP_PMU,29,0.003983460531595234
5,UPFC_tse,5-15,-2.1320136957039275,29,-2.19365574243551,MAP_PMU,29,0.06164204673158258
0,x_tcsc,1-14,-0.10622536896429965,30,-0.10618555526997268,MAP_PMU,29,3.981369432697057e-05
1,B_svc,2,0.1738012991429966,30,0.17373769081908705,MAP_PMU,29,6.360832390955862e-05
2,UPFC_Vsh,5-15,1.1119289066079905,30,1.106213291744122,MAP_PMU,29,0.005715614863868401
3,UPFC_tsh,5-15,-0.23530270499455241,30,-0.23548505946192488,MAP_PMU,29,0.00018235446737246974
4,UPFC_Vse,5-15,0.05988130670713412,30,0.06346467738407933,MAP_PMU,29,0.0035833706769452175
5,UPFC_tse,5-15,-2.1295702202416305,30,-2.19365574243551,MAP_PMU,29,0.06408552219387964
0,x_tcsc,1-14,-0.10619578830256009,31,-0.10618555526997268,MAP_PMU,29,1.0233032587403379e-05
1,B_svc,2,0.17383282639440667,31,0.17373769081908705,MAP_PMU,29,9.513557531962147e-05
2,UPFC_Vsh,5-15,1.111620354505087,31,1.106213291744122,MAP_PMU,29,0.005407062760964809
3,UPFC_tsh,5-15,-0.23527024195530963,31,-0.23548505946192488,MAP_PMU,29,0.00021481750661525578
4,UPFC_Vse,5-15,0.05901452176240269,31,0.06346467738407933,MAP_PMU,29,0.004450155621676645
5,UPFC_tse,5-15,-2.1293473709391884,31,-2.19365574243551,MAP_PMU,29,0.06430837149632174
0,x_tcsc,1-14,-0.10617497889902547,32,-0.10618555526997268,MAP_PMU,29,1.0576370947215641e-05
1,B_svc,2,0.17422568953323134,32,0.17373769081908705,MAP_PMU,29,0.00048799871414428875
2,UPFC_Vsh,5-15,1.1117153021634034,32,1.106213291744122,MAP_PMU,29,0.0055020104192813335
3,UPFC_tsh,5-15,-0.23531912037732522,32,-0.23548505946192488,MAP_PMU,29,0.00016593908459966444
4,UPFC_Vse,5-15,0.058920099251226585,32,0.06346467738407933,MAP_PMU,29,0.00454457813285275
5,UPFC_tse,5-15,-2.140075987073091,32,-2.19365574243551,MAP_PMU,29,0.05357975536241888
0,x_tcsc,1-14,-0.10619417514170312,33,-0.10618555526997268,MAP_PMU,29,8.61987173043921e-06
1,B_svc,2,0.17363379743247231,33,0.17373769081908705,MAP_PMU,29,0.00010389338661473402
2,UPFC_Vsh,5-15,1.1114357744830037,33,1.106213291744122,MAP_PMU,29,0.005222482738881595
3,UPFC_tsh,5-15,-0.23529962471304394,33,-0.23548505946192488,MAP_PMU,29,0.00018543474888094158
4,UPFC_Vse,5-15,0.0588804642165623,33,0.06346467738407933,MAP_PMU,29,0.004584213167517032
5,UPFC_tse,5-15,-2.1344212273109298,33,-2.19365574243551,MAP_PMU,29,0.059234515124580334
0,x_tcsc,1-14,-0.10616990059245712,34,-0.10618555526997268,MAP_PMU,29,1.5654677515561377e-05
1,B_svc,2,0.17355745468956607,34,0.17373769081908705,MAP_PMU,29,0.00018023612952097756
2,UPFC_Vsh,5-15,1.1115806805295725,34,1.106213291744122,MAP_PMU,29,0.0053673887854504
3,UPFC_tsh,5-15,-0.23533691534899476,34,-0.23548505946192488,MAP_PMU,29,0.00014814411293012641
4,UPFC_Vse,5-15,0.059290145667424694,34,0.06346467738407933,MAP_PMU,29,0.004174531716654641
5,UPFC_tse,5-15,-2.1259566597484003,34,-2.19365574243551,MAP_PMU,29,0.06769908268710978
0,x_tcsc,1-14,-0.10618877203198183,35,-0.10618555526997268,MAP_PMU,29,3.2167620091505533e-06
1,B_svc,2,0.17356063754701562,35,0.17373769081908705,MAP_PMU,29,0.0001770532720714313
2,UPFC_Vsh,5-15,1.111416233529775,35,1.106213291744122,MAP_PMU,29,0.005202941785652948
3,UPFC_tsh,5-15,-0.23531213664185327,35,-0.23548505946192488,MAP_PMU,29,0.00017292282007161375
4,UPFC_Vse,5-15,0.059808887195280075,35,0.06346467738407933,MAP_PMU,29,0.00365579018879926
5,UPFC_tse,5-15,-2.140131017910141,35,-2.19365574243551,MAP_PMU,29,0.05352472452536894
0,x_tcsc,1-14,-0.10618637580115174,36,-0.10618555526997268,MAP_PMU,29,8.205311790576708e-07
1,B_svc,2,0.17363001019221153,36,0.17373769081908705,MAP_PMU,29,0.0001076806268755226
2,UPFC_Vsh,5-15,1.1116418768511,36,1.106213291744122,MAP_PMU,29,0.005428585106977968
3,UPFC_tsh,5-15,-0.23533736691350118,36,-0.23548505946192488,MAP_PMU,29,0.00014769254842370017
4,UPFC_Vse,5-15,0.05942936810640454,36,0.06346467738407933,MAP_PMU,29,0.004035309277674794
5,UPFC_tse,5-15,-2.138658780081218,36,-2.19365574243551,MAP_PMU,29,0.0549969623542923
0,x_tcsc,1-14,-0.10618350725902666,37,-0.10618555526997268,MAP_PMU,29,2.0480109460263574e-06
1,B_svc,2,0.17390869394424688,37,0.17373769081908705,MAP_PMU,29,0.00017100312515982985
2,UPFC_Vsh,5-15,1.1119615396376148,37,1.106213291744122,MAP_PMU,29,0.005748247893492708
3,UPFC_tsh,5-15,-0.2352445054370114,37,-0.23548505946192488,MAP_PMU,29,0.00024055402491349187
4,UPFC_Vse,5-15,0.05959082076779513,37,0.06346467738407933,MAP_PMU,29,0.003873856616284206
5,UPFC_tse,5-15,-2.126899755900815,37,-2.19365574243551,MAP_PMU,29,0.06675598653469494
0,x_tcsc,1-14,-0.1061834366072682,38,-0.10618555526997268,MAP_PMU,29,2.118662704483909e-06
1,B_svc,2,0.1737107206419877,38,0.17373769081908705,MAP_PMU,29,2.6970177099350234e-05
2,UPFC_Vsh,5-15,1.1118945115895522,38,1.106213291744122,MAP_PMU,29,0.00568121984543013
3,UPFC_tsh,5-15,-0.2353052991342955,38,-0.23548505946192488,MAP_PMU,29,0.00017976032762939687
4,UPFC_Vse,5-15,0.0592751766085628,38,0.06346467738407933,MAP_PMU,29,0.004189500775516532
5,UPFC_tse,5-15,-2.1346458059373097,38,-2.19365574243551,MAP_PMU,29,0.05900993649820041
0,x_tcsc,1-14,-0.10617899415386281,39,-0.10618555526997268,MAP_PMU,29,6.561116109873866e-06
1,B_svc,2,0.17372009362208515,39,0.17373769081908705,MAP_PMU,29,1.7597197001895104e-05
2,UPFC_Vsh,5-15,1.1115809135281538,39,1.106213291744122,MAP_PMU,29,0.0053676217840317175
3,UPFC_tsh,5-15,-0.23519407737247328,39,-0.23548505946192488,MAP_PMU,29,0.00029098208945160797
4,UPFC_Vse,5-15,0.05874067864031901,39,0.06346467738407933,MAP_PMU,29,0.004723998743760324
5,UPFC_tse,5-15,-2.1380925832009026,39,-2.19365574243551,MAP_PMU,29,0.05556315923460753
0,x_tcsc,1-14,-0.10619099659886957,40,-0.10618555526997268,MAP_PMU,29,5.441328896890751e-06
1,B_svc,2,0.1741062280679874,40,0.17373769081908705,MAP_PMU,29,0.0003685372489003469
2,UPFC_Vsh,5-15,1.1120421251343642,40,1.106213291744122,MAP_PMU,29,0.005828833390242094
3,UPFC_tsh,5-15,-0.23524182040923478,40,-0.23548505946192488,MAP_PMU,29,0.00024323905269010848
4,UPFC_Vse,5-15,0.05942316294506496,40,0.06346467738407933,MAP_PMU,29,0.0040415144390143765
5,UPFC_tse,5-15,-2.130604076254236,40,-2.19365574243551,MAP_PMU,29,0.06305166618127389
0,x_tcsc,1-14,-0.10619371011965341,41,-0.10618555526997268,MAP_PMU,29,8.154849680724885e-06
1,B_svc,2,0.17349078987161543,41,0.17373769081908705,MAP_PMU,29,0.0002469009474716233
2,UPFC_Vsh,5-15,1.1111313855218146,41,1.106213291744122,MAP_PMU,29,0.004918093777692478
3,UPFC_tsh,5-15,-0.23534909015330063,41,-0.23548505946192488,MAP_PMU,29,0.00013596930862425083
4,UPFC_Vse,5-15,0.05909700867537299,41,0.06346467738407933,MAP_PMU,29,0.004367668708706342
5,UPFC_tse,5-15,-2.1396352739829143,41,-2.19365574243551,MAP_PMU,29,0.05402046845259578
0,x_tcsc,1-14,-0.10618748345050517,42,-0.10618555526997268,MAP_PMU,29,1.928180532489998e-06
1,B_svc,2,0.17388384290905481,42,0.17373769081908705,MAP_PMU,29,0.00014615208996776596
2,UPFC_Vsh,5-15,1.111651786339098,42,1.106213291744122,MAP_PMU,29,0.005438494594975918
3,UPFC_tsh,5-15,-0.23536329277451407,42,-0.23548505946192488,MAP_PMU,29,0.00012176668741081809
4,UPFC_Vse,5-15,0.05944260122693456,42,0.06346467738407933,MAP_PMU,29,0.004022076157144776
5,UPFC_tse,5-15,-2.1461131492678827,42,-2.19365574243551,MAP_PMU,29,0.047542593167627434
0,x_tcsc,1-14,-0.1062137850295838,43,-0.10618555526997268,MAP_PMU,29,2.8229759611114735e-05
1,B_svc,2,0.17352609081820344,43,0.17373769081908705,MAP_PMU,29,0.00021160000088360498
2,UPFC_Vsh,5-15,1.1116000333818163,43,1.106213291744122,MAP_PMU,29,0.005386741637694259
3,UPFC_tsh,5-15,-0.23526813956639678,43,-0.23548505946192488,MAP_PMU,29,0.00021691989552810598
4,UPFC_Vse,5-15,0.05937896309972303,43,0.06346467738407933,MAP_PMU,29,0.004085714284356307
5,UPFC_tse,5-15,-2.1344108682398755,43,-2.19365574243551,MAP_PMU,29,0.05924487419563462
0,x_tcsc,1-14,-0.10618325224340794,44,-0.10618555526997268,MAP_PMU,29,2.3030265647455694e-06
1,B_svc,2,0.17367787492167183,44,0.17373769081908705,MAP_PMU,29,5.981589741521631e-05
2,UPFC_Vsh,5-15,1.111845026338387,44,1.106213291744122,MAP_PMU,29,0.005631734594264914
3,UPFC_tsh,5-15,-0.23530899468790942,44,-0.23548505946192488,MAP_PMU,29,0.00017606477401546639
4,UPFC_Vse,5-15,0.05990865790078472,44,0.06346467738407933,MAP_PMU,29,0.003556019483294613
5,UPFC_tse,5-15,-2.1278641404514325,44,-2.19365574243551,MAP_PMU,29,0.06579160198407763
0,x_tcsc,1-14,-0.10617869830005576,45,-0.10618555526997268,MAP_PMU,29,6.856969916924083e-06
1,B_svc,2,0.17372309408499437,45,0.17373769081908705,MAP_PMU,29,1.459673409268114e-05
2,UPFC_Vsh,5-15,1.1115832584761756,45,1.106213291744122,MAP_PMU,29,0.005369966732053477
3,UPFC_tsh,5-15,-0.23524692038980805,45,-0.23548505946192488,MAP_PMU,29,0.0002381390721168386
4,UPFC_Vse,5-15,0.05923373545037594,45,0.06346467738407933,MAP_PMU,29,0.004230941933703394
5,UPFC_tse,5-15,-2.121639190783255,45,-2.19365574243551,MAP_PMU,29,0.07201655165225507
0,x_tcsc,1-14,-0.1061791463750162,46,-0.10618555526997268,MAP_PMU,29,6.408894956483335e-06
1,B_svc,2,0.1739538295912357,46,0.17373769081908705,MAP_PMU,29,0.00021613877214865518
2,UPFC_Vsh,5-15,1.1116925709424907,46,1.106213291744122,MAP_PMU,29,0.005479279198368658
3,UPFC_tsh,5-15,-0.2352504660560463,46,-0.23548505946192488,MAP_PMU,29,0.0002345934058785859
4,UPFC_Vse,5-15,0.059017334401809264,46,0.06346467738407933,MAP_PMU,29,0.004447342982270071
5,UPFC_tse,5-15,-2.1372088035966166,46,-2.19365574243551,MAP_PMU,29,0.05644693883889351
0,x_tcsc,1-14,-0.10618998244151474,47,-0.10618555526997268,MAP_PMU,29,4.427171542059627e-06
1,B_svc,2,0.17360486651921034,47,0.17373769081908705,MAP_PMU,29,0.0001328242998767104
2,UPFC_Vsh,5-15,1.111738645958584,47,1.106213291744122,MAP_PMU,29,0.005525354214461986
3,UPFC_tsh,5-15,-0.23527393390587525,47,-0.23548505946192488,MAP_PMU,29,0.00021112555604962946
4,UPFC_Vse,5-15,0.05960070500880472,47,0.06346467738407933,MAP_PMU,29,0.003863972375274617
5,UPFC_tse,5-15,-2.123046496335126,47,-2.19365574243551,MAP_PMU,29,0.07060924610038422
0,x_tcsc,1-14,-0.1061818962985438,48,-0.10618555526997268,MAP_PMU,29,3.6589714288853825e-06
1,B_svc,2,0.17408164491222544,48,0.17373769081908705,MAP_PMU,29,0.0003439540931383933
2,UPFC_Vsh,5-15,1.1114483250612615,48,1.106213291744122,MAP_PMU,29,0.00523503331713937
3,UPFC_tsh,5-15,-0.23530656473328113,48,-0.23548505946192488,MAP_PMU,29,0.0001784947286437577
4,UPFC_Vse,5-15,0.05936938216499734,48,0.06346467738407933,MAP_PMU,29,0.004095295219081994
5,UPFC_tse,5-15,-2.1256808560833287,48,-2.19365574243551,MAP_PMU,29,0.06797488635218141
0,x_tcsc,1-14,-0.10620332676913753,49,-0.10618555526997268,MAP_PMU,29,1.7771499164848104e-05
1,B_svc,2,0.1736823543086185,49,0.17373769081908705,MAP_PMU,29,5.5336510468545486e-05
2,UPFC_Vsh,5-15,1.1115536138568693,49,1.106213291744122,MAP_PMU,29,0.005340322112747264
3,UPFC_tsh,5-15,-0.23529319298132748,49,-0.23548505946192488,MAP_PMU,29,0.00019186648059740796
4,UPFC_Vse,5-15,0.059248543969441396,49,0.06346467738407933,MAP_PMU,29,0.004216133414637939
5,UPFC_tse,5-15,-2.1444903316897244,49,-2.19365574243551,MAP_PMU,29,0.04916541074578573
0,x_tcsc,1-14,-0.10619317755892202,50,-0.10618555526997268,MAP_PMU,29,7.622288949335476e-06
1,B_svc,2,0.1734820574912456,50,0.17373769081908705,MAP_PMU,29,0.00025563332784145354
2,UPFC_Vsh,5-15,1.111154597185766,50,1.106213291744122,MAP_PMU,29,0.0049413054416438396
3,UPFC_tsh,5-15,-0.23539305503522723,50,-0.23548505946192488,MAP_PMU,29,9.200442669765607e-05
4,UPFC_Vse,5-15,0.05953280122279679,50,0.06346467738407933,MAP_PMU,29,0.003931876161282544
5,UPFC_tse,5-15,-2.1466666943094665,50,-2.19365574243551,MAP_PMU,29,0.04698904812604354
0,x_tcsc,1-14,-0.1061868153722965,51,-0.10618555526997268,MAP_PMU,29,1.2601023238190123e-06
1,B_svc,2,0.17404237462444783,51,0.17373769081908705,MAP_PMU,29,0.0003046838053607781
2,UPFC_Vsh,5-15,1.111681138948743,51,1.106213291744122,MAP_PMU,29,0.0054678472046210125
3,UPFC_tsh,5-15,-0.23529872458386625,51,-0.23548505946192488,MAP_PMU,29,0.00018633487805863602
4,UPFC_Vse,5-15,0.05940871436290615,51,0.06346467738407933,MAP_PMU,29,0.004055963021173184
5,UPFC_tse,5-15,-2.1254846954302007,51,-2.19365574243551,MAP_PMU,29,0.0681710470053094
0,x_tcsc,1-14,-0.10618726569824743,52,-0.10618555526997268,MAP_PMU,29,1.7104282747509858e-06
1,B_svc,2,0.17395255718256475,52,0.17373769081908705,MAP_PMU,29,0.00021486636347770038
2,UPFC_Vsh,5-15,1.111504498671351,52,1.106213291744122,MAP_PMU,29,0.005291206927228842
3,UPFC_tsh,5-15,-0.23527748775401872,52,-0.23548505946192488,MAP_PMU,29,0.00020757170790616786
4,UPFC_Vse,5-15,0.059417734625853,52,0.06346467738407933,MAP_PMU,29,0.004046942758226334
5,UPFC_tse,5-15,-2.1321178573019677,52,-2.19365574243551,MAP_PMU,29,0.061537885133542414
0,x_tcsc,1-14,-0.10617139496277872,53,-0.10618555526997268,MAP_PMU,29,1.4160307193963884e-05
1,B_svc,2,0.17349966257742197,53,0.17373769081908705,MAP_PMU,29,0.00023802824166507808
2,UPFC_Vsh,5-15,1.1116378315971553,53,1.106213291744122,MAP_PMU,29,0.005424539853033261
3,UPFC_tsh,5-15,-0.23524098981523714,53,-0.23548505946192488,MAP_PMU,29,0.00024406964668774456
4,UPFC_Vse,5-15,0.05901126745193991,53,0.06346467738407933,MAP_PMU,29,0.004453409932139427
5,UPFC_tse,5-15,-2.1362142493386136,53,-2.19365574243551,MAP_PMU,29,0.0574414930968965
0,x_tcsc,1-14,-0.10619041842600774,54,-0.10618555526997268,MAP_PMU,29,4.863156035053717e-06
1,B_svc,2,0.1743419564130148,54,0.17373769081908705,MAP_PMU,29,0.0006042655939277608
2,UPFC_Vsh,5-15,1.1115909263160428,54,1.106213291744122,MAP_PMU,29,0.005377634571920753
3,UPFC_tsh,5-15,-0.23524651235745425,54,-0.23548505946192488,MAP_PMU,29,0.0002385471044706322
4,UPFC_Vse,5-15,0.05906243151401836,54,0.06346467738407933,MAP_PMU,29,0.004402245870060974
5,UPFC_tse,5-15,-2.135713503689741,54,-2.19365574243551,MAP_PMU,29,0.05794223874576909
0,x_tcsc,1-14,-0.10618549355350433,55,-0.10618555526997268,MAP_PMU,29,6.171646835251288e-08
1,B_svc,2,0.17353485313173667,55,0.17373769081908705,MAP_PMU,29,0.00020283768735038232
2,UPFC_Vsh,5-15,1.1119960093679537,55,1.106213291744122,MAP_PMU,29,0.005782717623831646
3,UPFC_tsh,5-15,-0.23529246096335635,55,-0.23548505946192488,MAP_PMU,29,0.00019259849856853584
4,UPFC_Vse,5-15,0.05954372374699795,55,0.06346467738407933,MAP_PMU,29,0.0039209536370813855
5,UPFC_tse,5-15,-2.1287264213546115,55,-2.19365574243551,MAP_PMU,29,0.06492932108089855
0,x_tcsc,1-14,-0.10619098535404653,56,-0.10618555526997268,MAP_PMU,29,5.43008407384582e-06
1,B_svc,2,0.1741086765298149,56,0.17373769081908705,MAP_PMU,29,0.0003709857107278558
2,UPFC_Vsh,5-15,1.1115650143147362,56,1.106213291744122,MAP_PMU,29,0.005351722570614115
3,UPFC_tsh,5-15,-0.23526146746513937,56,-0.23548505946192488,MAP_PMU,29,0.00022359199678551045
4,UPFC_Vse,5-15,0.05923814428225878,56,0.06346467738407933,MAP_PMU,29,0.0042265331018205565
5,UPFC_tse,5-15,-2.1257301412184013,56,-2.19365574243551,MAP_PMU,29,0.06792560121710878
0,x_tcsc,1-14,-0.10618662031489337,57,-0.10618555526997268,MAP_PMU,29,1.0650449206867085e-06
1,B_svc,2,0.17353714573923568,57,0.17373769081908705,MAP_PMU,29,0.00020054507985137193
2,UPFC_Vsh,5-15,1.1115237875473551,57,1.106213291744122,MAP_PMU,29,0.005310495803233062
3,UPFC_tsh,5-15,-0.23531797095987578,57,-0.23548505946192488,MAP_PMU,29,0.0001670885020491064
4,UPFC_Vse,5-15,0.05953677636226601,57,0.06346467738407933,MAP_PMU,29,0.0039279010218133265
5,UPFC_tse,5-15,-2.140803064011844,57,-2.19365574243551,MAP_PMU,29,0.052852678423666255
0,x_tcsc,1-14,-0.10619834696609684,58,-0.10618555526997268,MAP_PMU,29,1.2791696124156426e-05
1,B_svc,2,0.17356978547379356,58,0.17373769081908705,MAP_PMU,29,0.00016790534529348422
2,UPFC_Vsh,5-15,1.111572572938113,58,1.106213291744122,MAP_PMU,29,0.0053592811939908724
3,UPFC_tsh,5-15,-0.2353100871257277,58,-0.23548505946192488,MAP_PMU,29,0.00017497233619717667
4,UPFC_Vse,5-15,0.0592472070388702,58,0.06346467738407933,MAP_PMU,29,0.004217470345209133
5,UPFC_tse,5-15,-2.1377505780084958,58,-2.19365574243551,MAP_PMU,29,0.05590516442701432
0,x_tcsc,1-14,-0.10618887042237123,59,-0.10618555526997268,MAP_PMU,29,3.315152398541965e-06
1,B_svc,2,0.17359191528277243,59,0.17373769081908705,MAP_PMU,29,0.00014577553631461848
2,UPFC_Vsh,5-15,1.1118959243191682,59,1.106213291744122,MAP_PMU,29,0.005682632575046087
3,UPFC_tsh,5-15,-0.23523735575632967,59,-0.23548505946192488,MAP_PMU,29,0.00024770370559520916
4,UPFC_Vse,5-15,0.05947288376282105,59,0.06346467738407933,MAP_PMU,29,0.003991793621258288
5,UPFC_tse,5-15,-2.124745712037304,59,-2.19365574243551,MAP_PMU,29,0.06891003039820598
0,x_tcsc,1-14,-0.10618494803203649,60,-0.10618555526997268,MAP_PMU,29,6.072379361982128e-07
1,B_svc,2,0.17383001784818422,60,0.17373769081908705,MAP_PMU,29,9.232702909717228e-05
2,UPFC_Vsh,5-15,1.1117693696938373,60,1.106213291744122,MAP_PMU,29,0.0055560779497152435
3,UPFC_tsh,5-15,-0.23530125196231158,60,-0.23548505946192488,MAP_PMU,29,0.00018380749961330323
4,UPFC_Vse,5-15,0.05960839768443864,60,0.06346467738407933,MAP_PMU,29,0.0038562796996406967
5,UPFC_tse,5-15,-2.1244543384542323,60,-2.19365574243551,MAP_PMU,29,0.06920140398127783
0,x_tcsc,1-14,-0.10618147825496908,61,-0.10618555526997268,MAP_PMU,29,4.0770150036006925e-06
1,B_svc,2,0.17339965927586296,61,0.17373769081908705,MAP_PMU,29,0.00033803154322409323
2,UPFC_Vsh,5-15,1.1117611239106564,61,1.106213291744122,MAP_PMU,29,0.005547832166534317
3,UPFC_tsh,5-15,-0.2352715955497205,61,-0.23548505946192488,MAP_PMU,29,0.00021346391220439243
4,UPFC_Vse,5-15,0.05932638376850959,61,0.06346467738407933,MAP_PMU,29,0.004138293615569742
5,UPFC_tse,5-15,-2.125407852623327,61,-2.19365574243551,MAP_PMU,29,0.068247889812183
0,x_tcsc,1-14,-0.10617944175575689,62,-0.10618555526997268,MAP_PMU,29,6.113514215796978e-06
1,B_svc,2,0.17397828455652647,62,0.17373769081908705,MAP_PMU,29,0.00024059373743942625
2,UPFC_Vsh,5-15,1.111642197532041,62,1.106213291744122,MAP_PMU,29,0.005428905787918881
3,UPFC_tsh,5-15,-0.23530896890669561,62,-0.23548505946192488,MAP_PMU,29,0.00017609055522926909
4,UPFC_Vse,5-15,0.059500934579280185,62,0.06346467738407933,MAP_PMU,29,0.00396374280479915
5,UPFC_tse,5-15,-2.129466903326862,62,-2.19365574243551,MAP_PMU,29,0.06418883910864803
0,x_tcsc,1-14,-0.10621666565630719,63,-0.10618555526997268,MAP_PMU,29,3.111038633450691e-05
1,B_svc,2,0.17381179690885085,63,0.17373769081908705,MAP_PMU,29,7.410608976379796e-05
2,UPFC_Vsh,5-15,1.1114558292811803,63,1.106213291744122,MAP_PMU,29,0.005242537537058167
3,UPFC_tsh,5-15,-0.23534225868418746,63,-0.23548505946192488,MAP_PMU,29,0.0001428007777374285
4,UPFC_Vse,5-15,0.059496938355772945,63,0.06346467738407933,MAP_PMU,29,0.00396773902830639
5,UPFC_tse,5-15,-2.142696862214372,63,-2.19365574243551,MAP_PMU,29,0.05095888022113826
0,x_tcsc,1-14,-0.10618259346186586,64,-0.10618555526997268,MAP_PMU,29,2.961808106827224e-06
1,B_svc,2,0.17382799073322364,64,0.17373769081908705,MAP_PMU,29,9.029991413658789e-05
2,UPFC_Vsh,5-15,1.1119666923593432,64,1.106213291744122,MAP_PMU,29,0.005753400615221116
3,UPFC_tsh,5-15,-0.2352195361774085,64,-0.23548505946192488,MAP_PMU,29,0.0002655232845163724
4,UPFC_Vse,5-15,0.05943294007349771,64,0.06346467738407933,MAP_PMU,29,0.0040317373105816234
5,UPFC_tse,5-15,-2.1330383468883136,64,-2.19365574243551,MAP_PMU,29,0.06061739554719647
0,x_tcsc,1-14,-0.10618970459129944,65,-0.10618555526997268,MAP_PMU,29,4.149321326751831e-06
1,B_svc,2,0.1736333406855759,65,0.17373769081908705,MAP_PMU,29,0.00010435013351114963
2,UPFC_Vsh,5-15,1.1115999942104196,65,1.106213291744122,MAP_PMU,29,0.005386702466297466
3,UPFC_tsh,5-15,-0.23532962094678553,65,-0.23548505946192488,MAP_PMU,29,0.00015543851513935558
4,UPFC_Vse,5-15,0.05957634363481204,65,0.06346467738407933,MAP_PMU,29,0.003888333749267295
5,UPFC_tse,5-15,-2.132058642336222,65,-2.19365574243551,MAP_PMU,29,0.06159710009928787
0,x_tcsc,1-14,-0.10618805324490306,66,-0.10618555526997268,MAP_PMU,29,2.497974930376623e-06
1,B_svc,2,0.17379975178889087,66,0.17373769081908705,MAP_PMU,29,6.206096980382325e-05
2,UPFC_Vsh,5-15,1.1118444816984143,66,1.106213291744122,MAP_PMU,29,0.005631189954292237
3,UPFC_tsh,5-15,-0.23526913574598324,66,-0.23548505946192488,MAP_PMU,29,0.00021592371594164605
4,UPFC_Vse,5-15,0.05950831569083524,66,0.06346467738407933,MAP_PMU,29,0.003956361693244093
5,UPFC_tse,5-15,-2.1255040702508436,66,-2.19365574243551,MAP_PMU,29,0.06815167218466645
0,x_tcsc,1-14,-0.10618956123727653,67,-0.10618555526997268,MAP_PMU,29,4.0059673038495e-06
1,B_svc,2,0.1733996535926707,67,0.17373769081908705,MAP_PMU,29,0.00033803722641634337
2,UPFC_Vsh,5-15,1.1119807625063198,67,1.106213291744122,MAP_PMU,29,0.005767470762197746
3,UPFC_tsh,5-15,-0.23518969248604524,67,-0.23548505946192488,MAP_PMU,29,0.0002953669758796462
4,UPFC_Vse,5-15,0.05919117792005709,67,0.06346467738407933,MAP_PMU,29,0.004273499464022244
5,UPFC_tse,5-15,-2.1225040584512054,67,-2.19365574243551,MAP_PMU,29,0.07115168398430471
0,x_tcsc,1-14,-0.10617071217260667,68,-0.10618555526997268,MAP_PMU,29,1.484309736601852e-05
1,B_svc,2,0.17384822172223893,68,0.17373769081908705,MAP_PMU,29,0.00011053090315188419
2,UPFC_Vsh,5-15,1.1117230131273474,68,1.106213291744122,MAP_PMU,29,0.005509721383225363
3,UPFC_tsh,5-15,-0.23530784240316302,68,-0.23548505946192488,MAP_PMU,29,0.00017721705876186378
4,UPFC_Vse,5-15,0.05966979071790467,68,0.06346467738407933,MAP_PMU,29,0.0037948866661746683
5,UPFC_tse,5-15,-2.129012424460404,68,-2.19365574243551,MAP_PMU,29,0.06464331797510603
0,x_tcsc,1-14,-0.10616721539078003,69,-0.10618555526997268,MAP_PMU,29,1.833987919265534e-05
1,B_svc,2,0.17424055628506405,69,0.17373769081908705,MAP_PMU,29,0.0005028654659769982
2,UPFC_Vsh,5-15,1.1114664249432644,69,1.106213291744122,MAP_PMU,29,0.005253133199142335
3,UPFC_tsh,5-15,-0.23531362134612535,69,-0.23548505946192488,MAP_PMU,29,0.0001714381157995326
4,UPFC_Vse,5-15,0.059302706708804255,69,0.06346467738407933,MAP_PMU,29,0.00416197067527508
5,UPFC_tse,5-15,-2.1269763664642944,69,-2.19365574243551,MAP_PMU,29,0.06667937597121565
0,x_tcsc,1-14,-0.10618127221414872,70,-0.10618555526997268,MAP_PMU,29,4.283055823964266e-06
1,B_svc,2,0.17337104805232317,70,0.17373769081908705,MAP_PMU,29,0.00036664276676387497
2,UPFC_Vsh,5-15,1.1115215163127494,70,1.106213291744122,MAP_PMU,29,0.00530822456862734
3,UPFC_tsh,5-15,-0.23526752117649014,70,-0.23548505946192488,MAP_PMU,29,0.0002175382854347485
4,UPFC_Vse,5-15,0.05956742581907623,70,0.06346467738407933,MAP_PMU,29,0.003897251565003104
5,UPFC_tse,5-15,-2.125220004219448,70,-2.19365574243551,MAP_PMU,29,0.06843573821606208
0,x_tcsc,1-14,-0.10619333193886567,71,-0.10618555526997268,MAP_PMU,29,7.776668892983674e-06
1,B_svc,2,0.17365811163621808,71,0.17373769081908705,MAP_PMU,29,7.957918286896626e-05
2,UPFC_Vsh,5-15,1.1114845174678762,71,1.106213291744122,MAP_PMU,29,0.005271225723754158
3,UPFC_tsh,5-15,-0.23527987922077667,71,-0.23548505946192488,MAP_PMU,29,0.00020518024114821176
4,UPFC_Vse,5-15,0.05970677406314221,71,0.06346467738407933,MAP_PMU,29,0.003757903320937124
5,UPFC_tse,5-15,-2.143518012062316,71,-2.19365574243551,MAP_PMU,29,0.050137730373194245
0,x_tcsc,1-14,-0.10617771974441507,72,-0.10618555526997268,MAP_PMU,29,7.835525557609024e-06
1,B_svc,2,0.17400584897149127,72,0.17373769081908705,MAP_PMU,29,0.0002681581524042187
2,UPFC_Vsh,5-15,1.1119963951944971,72,1.106213291744122,MAP_PMU,29,0.005783103450375027
3,UPFC_tsh,5-15,-0.23519389307336733,72,-0.23548505946192488,MAP_PMU,29,0.0002911663885575566
4,UPFC_Vse,5-15,0.058886292559200575,72,0.06346467738407933,MAP_PMU,29,0.00457838482487876
5,UPFC_tse,5-15,-2.1283204201428285,72,-2.19365574243551,MAP_PMU,29,0.06533532229268157
0,x_tcsc,1-14,-0.10617345616282936,73,-0.10618555526997268,MAP_PMU,29,1.2099107143323518e-05
1,B_svc,2,0.17383054291727343,73,0.17373769081908705,MAP_PMU,29,9.285209818638007e-05
2,UPFC_Vsh,5-15,1.1117843914704977,73,1.106213291744122,MAP_PMU,29,0.005571099726375595
3,UPFC_tsh,5-15,-0.23534214067635512,73,-0.23548505946192488,MAP_PMU,29,0.00014291878556976778
4,UPFC_Vse,5-15,0.05913501431034137,73,0.06346467738407933,MAP_PMU,29,0.004329663073737965
5,UPFC_tse,5-15,-2.1256999648522865,73,-2.19365574243551,MAP_PMU,29,0.06795577758322358
0,x_tcsc,1-14,-0.10617001008270521,74,-0.10618555526997268,MAP_PMU,29,1.5545187267471117e-05
1,B_svc,2,0.17385805979199087,74,0.17373769081908705,MAP_PMU,29,0.00012036897290382265
2,UPFC_Vsh,5-15,1.1113433892453366,74,1.106213291744122,MAP_PMU,29,0.0051300975012145145
3,UPFC_tsh,5-15,-0.2352676874281123,74,-0.23548505946192488,MAP_PMU,29,0.00021737203381258507
4,UPFC_Vse,5-15,0.059363702036364534,74,0.06346467738407933,MAP_PMU,29,0.004100975347714801
5,UPFC_tse,5-15,-2.135143071028545,74,-2.19365574243551,MAP_PMU,29,0.05851267140696503
0,x_tcsc,1-14,-0.10615979089250041,75,-0.10618555526997268,MAP_PMU,29,2.5764377472273226e-05
1,B_svc,2,0.1736586402492564,75,0.17373769081908705,MAP_PMU,29,7.905056983065206e-05
2,UPFC_Vsh,5-15,1.1115748106363204,75,1.106213291744122,MAP_PMU,29,0.005361518892198269
3,UPFC_tsh,5-15,-0.23519025992545362,75,-0.23548505946192488,MAP_PMU,29,0.00029479953647126855
4,UPFC_Vse,5-15,0.05928807509305227,75,0.06346467738407933,MAP_PMU,29,0.004176602291027065
5,UPFC_tse,5-15,-2.1337019241448956,75,-2.19365574243551,MAP_PMU,29,0.059953818290614524
0,x_tcsc,1-14,-0.1062036001716503,76,-0.10618555526997268,MAP_PMU,29,1.80449016776163e-05
1,B_svc,2,0.1740496116855164,76,0.17373769081908705,MAP_PMU,29,0.00031192086642933825
2,UPFC_Vsh,5-15,1.111467420319084,76,1.106213291744122,MAP_PMU,29,0.0052541285749618805
3,UPFC_tsh,5-15,-0.23529956219565396,76,-0.23548505946192488,MAP_PMU,29,0.00018549726627092866
4,UPFC_Vse,5-15,0.05965412783023811,76,0.06346467738407933,MAP_PMU,29,0.0038105495538412262
5,UPFC_tse,5-15,-2.1303505445144273,76,-2.19365574243551,MAP_PMU,29,0.0633051979210828
0,x_tcsc,1-14,-0.10617744107207497,77,-0.10618555526997268,MAP_PMU,29,8.114197897715614e-06
1,B_svc,2,0.1738857688327956,77,0.17373769081908705,MAP_PMU,29,0.000148078013708558
2,UPFC_Vsh,5-15,1.111452851668291,77,1.106213291744122,MAP_PMU,29,0.005239559924169024
3,UPFC_tsh,5-15,-0.23528583932453487,77,-0.23548505946192488,MAP_PMU,29,0.00019922013739001598
4,UPFC_Vse,5-15,0.059730575534719686,77,0.06346467738407933,MAP_PMU,29,0.0037341018493596487
5,UPFC_tse,5-15,-2.131707709737829,77,-2.19365574243551,MAP_PMU,29,0.06194803269768112
0,x_tcsc,1-14,-0.10621436226309507,78,-0.10618555526997268,MAP_PMU,29,2.880699312238222e-05
1,B_svc,2,0.17343986687234825,78,0.17373769081908705,MAP_PMU,29,0.0002978239467388011
2,UPFC_Vsh,5-15,1.111639733828862,78,1.106213291744122,MAP_PMU,29,0.0054264420847398576
3,UPFC_tsh,5-15,-0.23529676962622703,78,-0.23548505946192488,MAP_PMU,29,0.0001882898356978524
4,UPFC_Vse,5-15,0.05958226300943208,78,0.06346467738407933,MAP_PMU,29,0.0038824143746472584
5,UPFC_tse,5-15,-2.1378149411445055,78,-2.19365574243551,MAP_PMU,29,0.05584080129100455
0,x_tcsc,1-14,-0.10618132859542231,79,-0.10618555526997268,MAP_PMU,29,4.226674550369958e-06
1,B_svc,2,0.1738815218013937,79,0.17373769081908705,MAP_PMU,29,0.00014383098230666413
2,UPFC_Vsh,5-15,1.1116504533167992,79,1.106213291744122,MAP_PMU,29,0.005437161572677152
3,UPFC_tsh,5-15,-0.2352970455800046,79,-0.23548505946192488,MAP_PMU,29,0.00018801388192027368
4,UPFC_Vse,5-15,0.05941842976058469,79,0.06346467738407933,MAP_PMU,29,0.004046247623494648
5,UPFC_tse,5-15,-2.1365765050231693,79,-2.19365574243551,MAP_PMU,29,0.05707923741234078
0,x_tcsc,1-14,-0.1061970755110032,80,-0.10618555526997268,MAP_PMU,29,1.1520241030515965e-05
1,B_svc,2,0.17370794847433071,80,0.17373769081908705,MAP_PMU,29,2.974234475633386e-05
2,UPFC_Vsh,5-15,1.1116769251708523,80,1.106213291744122,MAP_PMU,29,0.0054636334267301745
3,UPFC_tsh,5-15,-0.2352673733294827,80,-0.23548505946192488,MAP_PMU,29,0.00021768613244219082
4,UPFC_Vse,5-15,0.05949980493459867,80,0.06346467738407933,MAP_PMU,29,0.003964872449480662
5,UPFC_tse,5-15,-2.131532469780312,80,-2.19365574243551,MAP_PMU,29,0.062123272655198125
0,x_tcsc,1-14,-0.10618935828950495,81,-0.10618555526997268,MAP_PMU,29,3.8030195322613647e-06
1,B_svc,2,0.17363215967950235,81,0.17373769081908705,MAP_PMU,29,0.00010553113958469695
2,UPFC_Vsh,5-15,1.1118503472546946,81,1.106213291744122,MAP_PMU,29,0.005637055510572475
3,UPFC_tsh,5-15,-0.23526843578125073,81,-0.23548505946192488,MAP_PMU,29,0.00021662368067415505
4,UPFC_Vse,5-15,0.05898573928447162,81,0.06346467738407933,MAP_PMU,29,0.004478938099607713
5,UPFC_tse,5-15,-2.129061061078607,81,-2.19365574243551,MAP_PMU,29,0.06459468135690294
0,x_tcsc,1-14,-0.10617833241524738,82,-0.10618555526997268,MAP_PMU,29,7.222854725305594e-06
1,B_svc,2,0.17370620949863905,82,0.17373769081908705,MAP_PMU,29,3.148132044800134e-05
2,UPFC_Vsh,5-15,1.1114580005002646,82,1.106213291744122,MAP_PMU,29,0.005244708756142469
3,UPFC_tsh,5-15,-0.23533058737135104,82,-0.23548505946192488,MAP_PMU,29,0.0001544720905738428
4,UPFC_Vse,5-15,0.05949823921519639,82,0.06346467738407933,MAP_PMU,29,0.003966438168882945
5,UPFC_tse,5-15,-2.136423887965038,82,-2.19365574243551,MAP_PMU,29,0.057231854470471966
0,x_tcsc,1-14,-0.10617827283032108,83,-0.10618555526997268,MAP_PMU,29,7.2824396516041334e-06
1,B_svc,2,0.17420869789227922,83,0.17373769081908705,MAP_PMU,29,0.00047100707319217006
2,UPFC_Vsh,5-15,1.1117816037369466,83,1.106213291744122,MAP_PMU,29,0.005568311992824482
3,UPFC_tsh,5-15,-0.23526757715085572,83,-0.23548505946192488,MAP_PMU,29,0.0002174823110691615
4,UPFC_Vse,5-15,0.05929385551762268,83,0.06346467738407933,MAP_PMU,29,0.004170821866456655
5,UPFC_tse,5-15,-2.128954174054118,83,-2.19365574243551,MAP_PMU,29,0.06470156838139207
0,x_tcsc,1-14,-0.10618979655225132,84,-0.10618555526997268,MAP_PMU,29,4.241282278633074e-06
1,B_svc,2,0.173826778693839,84,0.17373769081908705,MAP_PMU,29,8.908787475195301e-05
2,UPFC_Vsh,5-15,1.1115686744677438,84,1.106213291744122,MAP_PMU,29,0.005355382723621682
3,UPFC_tsh,5-15,-0.23532924744099373,84,-0.23548505946192488,MAP_PMU,29,0.00015581202093115087
4,UPFC_Vse,5-15,0.05995462382536287,84,0.06346467738407933,MAP_PMU,29,0.003510053558716468
5,UPFC_tse,5-15,-2.126108657571354,84,-2.19365574243551,MAP_PMU,29,0.06754708486415595
0,x_tcsc,1-14,-0.10616552096533971,85,-0.10618555526997268,MAP_PMU,29,2.0034304632973732e-05
1,B_svc,2,0.17369613105159531,85,0.17373769081908705,MAP_PMU,29,4.15597674917334e-05
2,UPFC_Vsh,5-15,1.1116510725151194,85,1.106213291744122,MAP_PMU,29,0.005437780770997325
3,UPFC_tsh,5-15,-0.2352657862039124,85,-0.23548505946192488,MAP_PMU,29,0.0002192732580124923
4,UPFC_Vse,5-15,0.0593366029801237,85,0.06346467738407933,MAP_PMU,29,0.004128074403955635
5,UPFC_tse,5-15,-2.1317519777034364,85,-2.19365574243551,MAP_PMU,29,0.06190376473207371
0,x_tcsc,1-14,-0.10619007429117303,86,-0.10618555526997268,MAP_PMU,29,4.519021200341533e-06
1,B_svc,2,0.17380312958337094,86,0.17373769081908705,MAP_PMU,29,6.543876428388717e-05
2,UPFC_Vsh,5-15,1.1114760174803437,86,1.106213291744122,MAP_PMU,29,0.005262725736221663
3,UPFC_tsh,5-15,-0.2352828632550326,86,-0.23548505946192488,MAP_PMU,29,0.00020219620689229667
4,UPFC_Vse,5-15,0.059740349524020915,86,0.06346467738407933,MAP_PMU,29,0.00372432786005842
5,UPFC_tse,5-15,-2.1314374362941013,86,-2.19365574243551,MAP_PMU,29,0.062218306141408775
0,x_tcsc,1-14,-0.10620169962284923,87,-0.10618555526997268,MAP_PMU,29,1.6144352876543144e-05
1,B_svc,2,0.17370924489853282,87,0.17373769081908705,MAP_PMU,29,2.8445920554232007e-05
2,UPFC_Vsh,5-15,1.1116049685030744,87,1.106213291744122,MAP_PMU,29,0.005391676758952357
3,UPFC_tsh,5-15,-0.2352565410043413,87,-0.23548505946192488,MAP_PMU,29,0.00022851845758359302
4,UPFC_Vse,5-15,0.05914005541968175,87,0.06346467738407933,MAP_PMU,29,0.004324621964397583
5,UPFC_tse,5-15,-2.128193870252307,87,-2.19365574243551,MAP_PMU,29,0.06546187218320298
0,x_tcsc,1-14,-0.10618924760422384,88,-0.10618555526997268,MAP_PMU,29,3.692334251154117e-06
1,B_svc,2,0.17439555604566845,88,0.17373769081908705,MAP_PMU,29,0.0006578652265814
2,UPFC_Vsh,5-15,1.1115027656047298,88,1.106213291744122,MAP_PMU,29,0.005289473860607741
3,UPFC_tsh,5-15,-0.23529396182178333,88,-0.23548505946192488,MAP_PMU,29,0.00019109764014155206
4,UPFC_Vse,5-15,0.05935722280040302,88,0.06346467738407933,MAP_PMU,29,0.004107454583676312
5,UPFC_tse,5-15,-2.1362775528428686,88,-2.19365574243551,MAP_PMU,29,0.057378189592641515
0,x_tcsc,1-14,-0.10618655881417642,89,-0.10618555526997268,MAP_PMU,29,1.0035442037370501e-06
1,B_svc,2,0.17363697771935704,89,0.17373769081908705,MAP_PMU,29,0.00010071309973000431
2,UPFC_Vsh,5-15,1.1114732796083029,89,1.106213291744122,MAP_PMU,29,0.005259987864180804
3,UPFC_tsh,5-15,-0.23533120732428328,89,-0.23548505946192488,MAP_PMU,29,0.00015385213764160244
4,UPFC_Vse,5-15,0.059327228627760985,89,0.06346467738407933,MAP_PMU,29,0.00413744875631835
5,UPFC_tse,5-15,-2.1335530801557288,89,-2.19365574243551,MAP_PMU,29,0.06010266227978134
0,x_tcsc,1-14,-0.10619533386927947,90,-0.10618555526997268,MAP_PMU,29,9.778599306786706e-06
1,B_svc,2,0.17337491976228017,90,0.17373769081908705,MAP_PMU,29,0.0003627710568068765
2,UPFC_Vsh,5-15,1.1113705996503882,90,1.106213291744122,MAP_PMU,29,0.005157307906266118
3,UPFC_tsh,5-15,-0.23529190282061901,90,-0.23548505946192488,MAP_PMU,29,0.0001931566413058694
4,UPFC_Vse,5-15,0.059324374868970284,90,0.06346467738407933,MAP_PMU,29,0.004140302515109051
5,UPFC_tse,5-15,-2.1255417188533157,90,-2.19365574243551,MAP_PMU,29,0.06811402358219443
0,x_tcsc,1-14,-0.10615218823152765,91,-0.10618555526997268,MAP_PMU,29,3.3367038445031305e-05
1,B_svc,2,0.17372265223783093,91,0.17373769081908705,MAP_PMU,29,1.5038581256121564e-05
2,UPFC_Vsh,5-15,1.1117062339161718,91,1.106213291744122,MAP_PMU,29,0.005492942172049764
3,UPFC_tsh,5-15,-0.23528915729788824,91,-0.23548505946192488,MAP_PMU,29,0.00019590216403664318
4,UPFC_Vse,5-15,0.059487416875897765,91,0.06346467738407933,MAP_PMU,29,0.0039772605081815696
5,UPFC_tse,5-15,-2.1367621952925693,91,-2.19365574243551,MAP_PMU,29,0.056893547142940815
0,x_tcsc,1-14,-0.10619077027659442,92,-0.10618555526997268,MAP_PMU,29,5.215006621733798e-06
1,B_svc,2,0.17371588060136312,92,0.17373769081908705,MAP_PMU,29,2.1810217723933212e-05
2,UPFC_Vsh,5-15,1.1115440386603337,92,1.106213291744122,MAP_PMU,29,0.005330746916211604
3,UPFC_tsh,5-15,-0.23524134050327616,92,-0.23548505946192488,MAP_PMU,29,0.00024371895864871984
4,UPFC_Vse,5-15,0.06000653594031534,92,0.06346467738407933,MAP_PMU,29,0.0034581414437639957
5,UPFC_tse,5-15,-2.128377624363341,92,-2.19365574243551,MAP_PMU,29,0.0652781180721691
0,x_tcsc,1-14,-0.10617257950961127,93,-0.10618555526997268,MAP_PMU,29,1.2975760361411126e-05
1,B_svc,2,0.17341273953838252,93,0.17373769081908705,MAP_PMU,29,0.00032495128070453294
2,UPFC_Vsh,5-15,1.1116662820912588,93,1.106213291744122,MAP_PMU,29,0.005452990347136755
3,UPFC_tsh,5-15,-0.23527629968041064,93,-0.23548505946192488,MAP_PMU,29,0.000208759781514245
4,UPFC_Vse,5-15,0.059883008719628185,93,0.06346467738407933,MAP_PMU,29,0.00358166866445115
5,UPFC_tse,5-15,-2.136972870170087,93,-2.19365574243551,MAP_PMU,29,0.0566828722654229
0,x_tcsc,1-14,-0.10619704915921419,94,-0.10618555526997268,MAP_PMU,29,1.1493889241501187e-05
1,B_svc,2,0.173424594553429,94,0.17373769081908705,MAP_PMU,29,0.00031309626565803605
2,UPFC_Vsh,5-15,1.111437611959711,94,1.106213291744122,MAP_PMU,29,0.005224320215588829
3,UPFC_tsh,5-15,-0.23535988190030616,94,-0.23548505946192488,MAP_PMU,29,0.00012517756161872784
4,UPFC_Vse,5-15,0.0590488355049668,94,0.06346467738407933,MAP_PMU,29,0.0044158418791125364
5,UPFC_tse,5-15,-2.1411993278956225,94,-2.19365574243551,MAP_PMU,29,0.052456414539887586
0,x_tcsc,1-14,-0.10618704364149713,95,-0.10618555526997268,MAP_PMU,29,1.488371524444032e-06
1,B_svc,2,0.17376744326691768,95,0.17373769081908705,MAP_PMU,29,2.9752447830627693e-05
2,UPFC_Vsh,5-15,1.1115210559424051,95,1.106213291744122,MAP_PMU,29,0.005307764198283049
3,UPFC_tsh,5-15,-0.23526195285185647,95,-0.23548505946192488,MAP_PMU,29,0.00022310661006841315
4,UPFC_Vse,5-15,0.05987295867555323,95,0.06346467738407933,MAP_PMU,29,0.0035917187085261065
5,UPFC_tse,5-15,-2.1365560346105057,95,-2.19365574243551,MAP_PMU,29,0.0570997078250044
0,x_tcsc,1-14,-0.10618632456202078,96,-0.10618555526997268,MAP_PMU,29,7.692920480917298e-07
1,B_svc,2,0.17323553321564128,96,0.17373769081908705,MAP_PMU,29,0.0005021576034457687
2,UPFC_Vsh,5-15,1.1114941606218893,96,1.106213291744122,MAP_PMU,29,0.005280868877767242
3,UPFC_tsh,5-15,-0.23533876476891893,96,-0.23548505946192488,MAP_PMU,29,0.00014629469300594944
4,UPFC_Vse,5-15,0.05881994901074671,96,0.06346467738407933,MAP_PMU,29,0.0046447283733326225
5,UPFC_tse,5-15,-2.14232930104081,96,-2.19365574243551,MAP_PMU,29,0.051326441394699884
0,x_tcsc,1-14,-0.10620813186912507,97,-0.10618555526997268,MAP_PMU,29,2.257659915239074e-05
1,B_svc,2,0.17396929411661094,97,0.17373769081908705,MAP_PMU,29,0.0002316032975238913
2,UPFC_Vsh,5-15,1.112035879864143,97,1.106213291744122,MAP_PMU,29,0.0058225881200208995
3,UPFC_tsh,5-15,-0.23532839079166104,97,-0.23548505946192488,MAP_PMU,29,0.00015666867026384312
4,UPFC_Vse,5-15,0.05971548247182235,97,0.06346467738407933,MAP_PMU,29,0.0037491949122569826
5,UPFC_tse,5-15,-2.128732270305337,97,-2.19365574243551,MAP_PMU,29,0.06492347213017302
0,x_tcsc,1-14,-0.10620165099221937,98,-0.10618555526997268,MAP_PMU,29,1.609572224668676e-05
1,B_svc,2,0.1736563050635841,98,0.17373769081908705,MAP_PMU,29,8.138575550295513e-05
2,UPFC_Vsh,5-15,1.1117111294217101,98,1.106213291744122,MAP_PMU,29,0.005497837677588047
3,UPFC_tsh,5-15,-0.23525367651425064,98,-0.23548505946192488,MAP_PMU,29,0.00023138294767424683
4,UPFC_Vse,5-15,0.05940067005895421,98,0.06346467738407933,MAP_PMU,29,0.004064007325125123
5,UPFC_tse,5-15,-2.1294837445886303,98,-2.19365574243551,MAP_PMU,29,0.06417199784687977
0,x_tcsc,1-14,-0.10617576428168173,99,-0.10618555526997268,MAP_PMU,29,9.790988290958591e-06
1,B_svc,2,0.1739709457725662,99,0.17373769081908705,MAP_PMU,29,0.00023325495347914504
2,UPFC_Vsh,5-15,1.1118449699965123,99,1.106213291744122,MAP_PMU,29,0.005631678252390193
3,UPFC_tsh,5-15,-0.23528387076194793,99,-0.23548505946192488,MAP_PMU,29,0.00020118869997695632
4,UPFC_Vse,5-15,0.05976579048368694,99,0.06346467738407933,MAP_PMU,29,0.003698886900392398
5,UPFC_tse,5-15,-2.1304448114248413,99,-2.19365574243551,MAP_PMU,29,0.06321093101066877
0,x_tcsc,1-14,-0.10735451753847942,0,-0.10736529943830521,MAP_PMU,31,1.0781899825784702e-05
1,B_svc,2,0.17442534479319602,0,0.17486244140871618,MAP_PMU,31,0.00043709661552016055
2,UPFC_Vsh,5-15,1.111713502592548,0,1.1061332951757237,MAP_PMU,31,0.005580207416824301
3,UPFC_tsh,5-15,-0.2348279819665714,0,-0.23502928821494312,MAP_PMU,31,0.00020130624837172428
4,UPFC_Vse,5-15,0.05875644700382052,0,0.062225508284088855,MAP_PMU,31,0.0034690612802683388
5,UPFC_tse,5-15,-2.123048937071207,0,-2.185793188678617,MAP_PMU,31,0.06274425160740993
0,x_tcsc,1-14,-0.10736545512169865,1,-0.10736529943830521,MAP_PMU,31,1.55683393440742e-07
1,B_svc,2,0.1750009103807147,1,0.17486244140871618,MAP_PMU,31,0.00013846897199851216
2,UPFC_Vsh,5-15,1.111522770809917,1,1.1061332951757237,MAP_PMU,31,0.00538947563419323
3,UPFC_tsh,5-15,-0.23485505309792076,1,-0.23502928821494312,MAP_PMU,31,0.00017423511702235883
4,UPFC_Vse,5-15,0.058992061784753184,1,0.062225508284088855,MAP_PMU,31,0.003233446499335671
5,UPFC_tse,5-15,-2.13047534097353,1,-2.185793188678617,MAP_PMU,31,0.055317847705087075
0,x_tcsc,1-14,-0.10736791472354353,2,-0.10736529943830521,MAP_PMU,31,2.615285238316556e-06
1,B_svc,2,0.17500230880553458,2,0.17486244140871618,MAP_PMU,31,0.00013986739681839944
2,UPFC_Vsh,5-15,1.111632156018342,2,1.1061332951757237,MAP_PMU,31,0.005498860842618303
3,UPFC_tsh,5-15,-0.23488233989762589,2,-0.23502928821494312,MAP_PMU,31,0.0001469483173172359
4,UPFC_Vse,5-15,0.05914192618567423,2,0.062225508284088855,MAP_PMU,31,0.003083582098414625
5,UPFC_tse,5-15,-2.131423821244848,2,-2.185793188678617,MAP_PMU,31,0.05436936743376908
0,x_tcsc,1-14,-0.10735329963373468,3,-0.10736529943830521,MAP_PMU,31,1.1999804570533845e-05
1,B_svc,2,0.1741995022809916,3,0.17486244140871618,MAP_PMU,31,0.0006629391277245822
2,UPFC_Vsh,5-15,1.1117392945259532,3,1.1061332951757237,MAP_PMU,31,0.00560599935022954
3,UPFC_tsh,5-15,-0.23483828224694353,3,-0.23502928821494312,MAP_PMU,31,0.00019100596799959124
4,UPFC_Vse,5-15,0.05890320856339167,3,0.062225508284088855,MAP_PMU,31,0.0033222997206971833
5,UPFC_tse,5-15,-2.128461453348946,3,-2.185793188678617,MAP_PMU,31,0.05733173532967095
0,x_tcsc,1-14,-0.10735966281961543,4,-0.10736529943830521,MAP_PMU,31,5.636618689783268e-06
1,B_svc,2,0.17514177702631697,4,0.17486244140871618,MAP_PMU,31,0.0002793356176007955
2,UPFC_Vsh,5-15,1.111408424955167,4,1.1061332951757237,MAP_PMU,31,0.005275129779443333
3,UPFC_tsh,5-15,-0.23486563818192835,4,-0.23502928821494312,MAP_PMU,31,0.00016365003301477277
4,UPFC_Vse,5-15,0.05926099745597676,4,0.062225508284088855,MAP_PMU,31,0.0029645108281120963
5,UPFC_tse,5-15,-2.139802197626034,4,-2.185793188678617,MAP_PMU,31,0.045990991052582864
0,x_tcsc,1-14,-0.10735766988825654,5,-0.10736529943830521,MAP_PMU,31,7.629550048668388e-06
1,B_svc,2,0.17483566053097707,5,0.17486244140871618,MAP_PMU,31,2.6780877739107645e-05
2,UPFC_Vsh,5-15,1.111864866413452,5,1.1061332951757237,MAP_PMU,31,0.005731571237728383
3,UPFC_tsh,5-15,-0.23483651019171725,5,-0.23502928821494312,MAP_PMU,31,0.00019277802322587023
4,UPFC_Vse,5-15,0.059146616941764804,5,0.062225508284088855,MAP_PMU,31,0.0030788913423240513
5,UPFC_tse,5-15,-2.129934009791115,5,-2.185793188678617,MAP_PMU,31,0.055859178887502026
0,x_tcsc,1-14,-0.10736775882781384,6,-0.10736529943830521,MAP_PMU,31,2.4593895086300055e-06
1,B_svc,2,0.1746601537078813,6,0.17486244140871618,MAP_PMU,31,0.00020228770083488556
2,UPFC_Vsh,5-15,1.1118219008918762,6,1.1061332951757237,MAP_PMU,31,0.005688605716152484
3,UPFC_tsh,5-15,-0.23490218635644294,6,-0.23502928821494312,MAP_PMU,31,0.0001271018585001782
4,UPFC_Vse,5-15,0.0591888320942072,6,0.062225508284088855,MAP_PMU,31,0.003036676189881654
5,UPFC_tse,5-15,-2.144066626414828,6,-2.185793188678617,MAP_PMU,31,0.04172656226378901
0,x_tcsc,1-14,-0.10735797619363918,7,-0.10736529943830521,MAP_PMU,31,7.323244666027073e-06
1,B_svc,2,0.1750615623186275,7,0.17486244140871618,MAP_PMU,31,0.00019912090991131004
2,UPFC_Vsh,5-15,1.1117070817206407,7,1.1061332951757237,MAP_PMU,31,0.005573786544917025
3,UPFC_tsh,5-15,-0.2349167203824057,7,-0.23502928821494312,MAP_PMU,31,0.00011256783253740799
4,UPFC_Vse,5-15,0.05859963954611742,7,0.062225508284088855,MAP_PMU,31,0.0036258687379714383
5,UPFC_tse,5-15,-2.1296857566664706,7,-2.185793188678617,MAP_PMU,31,0.05610743201214641
0,x_tcsc,1-14,-0.10736984590568653,8,-0.10736529943830521,MAP_PMU,31,4.54646738132225e-06
1,B_svc,2,0.1749114722472494,8,0.17486244140871618,MAP_PMU,31,4.9030838533220544e-05
2,UPFC_Vsh,5-15,1.1115212868840185,8,1.1061332951757237,MAP_PMU,31,0.005387991708294848
3,UPFC_tsh,5-15,-0.2348284669027897,8,-0.23502928821494312,MAP_PMU,31,0.0002008213121534319
4,UPFC_Vse,5-15,0.05902108700234654,8,0.062225508284088855,MAP_PMU,31,0.003204421281742316
5,UPFC_tse,5-15,-2.1243304259992075,8,-2.185793188678617,MAP_PMU,31,0.06146276267940953
0,x_tcsc,1-14,-0.1073639791326857,9,-0.10736529943830521,MAP_PMU,31,1.3203056195149054e-06
1,B_svc,2,0.17478784131004177,9,0.17486244140871618,MAP_PMU,31,7.460009867440998e-05
2,UPFC_Vsh,5-15,1.1121178319613738,9,1.1061332951757237,MAP_PMU,31,0.005984536785650141
3,UPFC_tsh,5-15,-0.2348070996840817,9,-0.23502928821494312,MAP_PMU,31,0.00022218853086142243
4,UPFC_Vse,5-15,0.05911278306950912,9,0.062225508284088855,MAP_PMU,31,0.0031127252145797327
5,UPFC_tse,5-15,-2.1288651943551917,9,-2.185793188678617,MAP_PMU,31,0.056927994323425324
0,x_tcsc,1-14,-0.107368355399766,10,-0.10736529943830521,MAP_PMU,31,3.0559614607877927e-06
1,B_svc,2,0.17466790516822628,10,0.17486244140871618,MAP_PMU,31,0.00019453624048990092
2,UPFC_Vsh,5-15,1.1115285750186135,10,1.1061332951757237,MAP_PMU,31,0.005395279842889789
3,UPFC_tsh,5-15,-0.2348756461516446,10,-0.23502928821494312,MAP_PMU,31,0.0001536420632985147
4,UPFC_Vse,5-15,0.05839523487737488,10,0.062225508284088855,MAP_PMU,31,0.003830273406713977
5,UPFC_tse,5-15,-2.126729513761585,10,-2.185793188678617,MAP_PMU,31,0.05906367491703213
0,x_tcsc,1-14,-0.10736278878902611,11,-0.10736529943830521,MAP_PMU,31,2.5106492790999413e-06
1,B_svc,2,0.17481193141850998,11,0.17486244140871618,MAP_PMU,31,5.050999020619895e-05
2,UPFC_Vsh,5-15,1.1116937415946464,11,1.1061332951757237,MAP_PMU,31,0.0055604464189227265
3,UPFC_tsh,5-15,-0.23481457440806805,11,-0.23502928821494312,MAP_PMU,31,0.00021471380687507202
4,UPFC_Vse,5-15,0.05839383004063249,11,0.062225508284088855,MAP_PMU,31,0.0038316782434563643
5,UPFC_tse,5-15,-2.1283480044078735,11,-2.185793188678617,MAP_PMU,31,0.05744518427074352
0,x_tcsc,1-14,-0.10737376166012552,12,-0.10736529943830521,MAP_PMU,31,8.462221820312865e-06
1,B_svc,2,0.174561639467041,12,0.17486244140871618,MAP_PMU,31,0.0003008019416751717
2,UPFC_Vsh,5-15,1.1115287451233735,12,1.1061332951757237,MAP_PMU,31,0.005395449947649844
3,UPFC_tsh,5-15,-0.23487184107419512,12,-0.23502928821494312,MAP_PMU,31,0.0001574471407480016
4,UPFC_Vse,5-15,0.059095379610753396,12,0.062225508284088855,MAP_PMU,31,0.0031301286733354597
5,UPFC_tse,5-15,-2.134335612065275,12,-2.185793188678617,MAP_PMU,31,0.05145757661334205
0,x_tcsc,1-14,-0.10737309618275366,13,-0.10736529943830521,MAP_PMU,31,7.796744448451687e-06
1,B_svc,2,0.17468329140603392,13,0.17486244140871618,MAP_PMU,31,0.0001791500026822601
2,UPFC_Vsh,5-15,1.1116418270692532,13,1.1061332951757237,MAP_PMU,31,0.005508531893529511
3,UPFC_tsh,5-15,-0.23487341085838187,13,-0.23502928821494312,MAP_PMU,31,0.00015587735656125146
4,UPFC_Vse,5-15,0.05874127951032799,13,0.062225508284088855,MAP_PMU,31,0.003484228773760867
5,UPFC_tse,5-15,-2.131550427197062,13,-2.185793188678617,MAP_PMU,31,0.054242761481555046
0,x_tcsc,1-14,-0.10735668409383999,14,-0.10736529943830521,MAP_PMU,31,8.615344465223718e-06
1,B_svc,2,0.17464546060220268,14,0.17486244140871618,MAP_PMU,31,0.00021698080651350038
2,UPFC_Vsh,5-15,1.1113935347591009,14,1.1061332951757237,MAP_PMU,31,0.00526023958337718
3,UPFC_tsh,5-15,-0.23486864772902574,14,-0.23502928821494312,MAP_PMU,31,0.00016064048591737934
4,UPFC_Vse,5-15,0.05888835337508623,14,0.062225508284088855,MAP_PMU,31,0.003337154909002625
5,UPFC_tse,5-15,-2.1271758640174974,14,-2.185793188678617,MAP_PMU,31,0.058617324661119685
0,x_tcsc,1-14,-0.10738267875767127,15,-0.10736529943830521,MAP_PMU,31,1.7379319366059298e-05
1,B_svc,2,0.1743181516948543,15,0.17486244140871618,MAP_PMU,31,0.0005442897138618896
2,UPFC_Vsh,5-15,1.1113410752977197,15,1.1061332951757237,MAP_PMU,31,0.005207780121996075
3,UPFC_tsh,5-15,-0.23489517593225806,15,-0.23502928821494312,MAP_PMU,31,0.0001341122826850616
4,UPFC_Vse,5-15,0.05928617369728626,15,0.062225508284088855,MAP_PMU,31,0.0029393345868025944
5,UPFC_tse,5-15,-2.1304067433485643,15,-2.185793188678617,MAP_PMU,31,0.05538644533005277
0,x_tcsc,1-14,-0.1073658715764517,16,-0.10736529943830521,MAP_PMU,31,5.72138146484602e-07
1,B_svc,2,0.17453751364284592,16,0.17486244140871618,MAP_PMU,31,0.00032492776587025873
2,UPFC_Vsh,5-15,1.111216116214659,16,1.1061332951757237,MAP_PMU,31,0.0050828210389353146
3,UPFC_tsh,5-15,-0.2349574285748363,16,-0.23502928821494312,MAP_PMU,31,7.185964010680834e-05
4,UPFC_Vse,5-15,0.059367809826888905,16,0.062225508284088855,MAP_PMU,31,0.0028576984571999503
5,UPFC_tse,5-15,-2.1364111236553955,16,-2.185793188678617,MAP_PMU,31,0.04938206502322151
0,x_tcsc,1-14,-0.10739698950139093,17,-0.10736529943830521,MAP_PMU,31,3.169006308571809e-05
1,B_svc,2,0.17476313522463402,17,0.17486244140871618,MAP_PMU,31,9.930618408215963e-05
2,UPFC_Vsh,5-15,1.111493599473636,17,1.1061332951757237,MAP_PMU,31,0.005360304297912233
3,UPFC_tsh,5-15,-0.2349642445859312,17,-0.23502928821494312,MAP_PMU,31,6.504362901191274e-05
4,UPFC_Vse,5-15,0.05893850906719332,17,0.062225508284088855,MAP_PMU,31,0.003286999216895535
5,UPFC_tse,5-15,-2.143298571537917,17,-2.185793188678617,MAP_PMU,31,0.04249461714069991
0,x_tcsc,1-14,-0.10736978855808964,18,-0.10736529943830521,MAP_PMU,31,4.4891197844287856e-06
1,B_svc,2,0.17459180980871705,18,0.17486244140871618,MAP_PMU,31,0.0002706315999991271
2,UPFC_Vsh,5-15,1.1113115178995185,18,1.1061332951757237,MAP_PMU,31,0.0051782227237948675
3,UPFC_tsh,5-15,-0.23482737799655215,18,-0.23502928821494312,MAP_PMU,31,0.00020191021839097156
4,UPFC_Vse,5-15,0.05956901766507864,18,0.062225508284088855,MAP_PMU,31,0.0026564906190102155
5,UPFC_tse,5-15,-2.1409199464424966,18,-2.185793188678617,MAP_PMU,31,0.044873242236120436
0,x_tcsc,1-14,-0.1073640903743725,19,-0.10736529943830521,MAP_PMU,31,1.2090639327083652e-06
1,B_svc,2,0.17510693619551623,19,0.17486244140871618,MAP_PMU,31,0.00024449478680005354
2,UPFC_Vsh,5-15,1.111369911508298,19,1.1061332951757237,MAP_PMU,31,0.005236616332574329
3,UPFC_tsh,5-15,-0.23485304655938105,19,-0.23502928821494312,MAP_PMU,31,0.0001762416555620705
4,UPFC_Vse,5-15,0.05895068950722948,19,0.062225508284088855,MAP_PMU,31,0.0032748187768593742
5,UPFC_tse,5-15,-2.134754553131418,19,-2.185793188678617,MAP_PMU,31,0.05103863554719901
0,x_tcsc,1-14,-0.10736922140922923,20,-0.10736529943830521,MAP_PMU,31,3.921970924025686e-06
1,B_svc,2,0.17439350082195204,20,0.17486244140871618,MAP_PMU,31,0.0004689405867641383
2,UPFC_Vsh,5-15,1.1115810700213302,20,1.1061332951757237,MAP_PMU,31,0.005447774845606546
3,UPFC_tsh,5-15,-0.2348893117285974,20,-0.23502928821494312,MAP_PMU,31,0.00013997648634572757
4,UPFC_Vse,5-15,0.05887596653673379,20,0.062225508284088855,MAP_PMU,31,0.0033495417473550643
5,UPFC_tse,5-15,-2.136167867138721,20,-2.185793188678617,MAP_PMU,31,0.04962532153989585
0,x_tcsc,1-14,-0.1073583194590473,21,-0.10736529943830521,MAP_PMU,31,6.979979257915048e-06
1,B_svc,2,0.17520609471839566,21,0.17486244140871618,MAP_PMU,31,0.0003436533096794758
2,UPFC_Vsh,5-15,1.11167281671533,21,1.1061332951757237,MAP_PMU,31,0.005539521539606351
3,UPFC_tsh,5-15,-0.23489156427749192,21,-0.23502928821494312,MAP_PMU,31,0.00013772393745120626
4,UPFC_Vse,5-15,0.059584054054525305,21,0.062225508284088855,MAP_PMU,31,0.00264145422956355
5,UPFC_tse,5-15,-2.136372583689651,21,-2.185793188678617,MAP_PMU,31,0.049420604988966055
0,x_tcsc,1-14,-0.10736535960166868,22,-0.10736529943830521,MAP_PMU,31,6.016336347169915e-08
1,B_svc,2,0.17509793004156468,22,0.17486244140871618,MAP_PMU,31,0.00023548863284850174
2,UPFC_Vsh,5-15,1.1116892041763144,22,1.1061332951757237,MAP_PMU,31,0.005555909000590775
3,UPFC_tsh,5-15,-0.23487967812749216,22,-0.23502928821494312,MAP_PMU,31,0.0001496100874509576
4,UPFC_Vse,5-15,0.05892725238735977,22,0.062225508284088855,MAP_PMU,31,0.0032982558967290868
5,UPFC_tse,5-15,-2.119925457285912,22,-2.185793188678617,MAP_PMU,31,0.06586773139270496
0,x_tcsc,1-14,-0.1073676996186278,23,-0.10736529943830521,MAP_PMU,31,2.4001803225898177e-06
1,B_svc,2,0.17489364267834212,23,0.17486244140871618,MAP_PMU,31,3.1201269625941164e-05
2,UPFC_Vsh,5-15,1.1114054704914422,23,1.1061332951757237,MAP_PMU,31,0.0052721753157185525
3,UPFC_tsh,5-15,-0.2348652137086759,23,-0.23502928821494312,MAP_PMU,31,0.00016407450626720887
4,UPFC_Vse,5-15,0.05907398963087878,23,0.062225508284088855,MAP_PMU,31,0.0031515186532100753
5,UPFC_tse,5-15,-2.11803434023208,23,-2.185793188678617,MAP_PMU,31,0.06775884844653701
0,x_tcsc,1-14,-0.10737056779710114,24,-0.10736529943830521,MAP_PMU,31,5.268358795926242e-06
1,B_svc,2,0.17449973067445285,24,0.17486244140871618,MAP_PMU,31,0.0003627107342633329
2,UPFC_Vsh,5-15,1.111941835864686,24,1.1061332951757237,MAP_PMU,31,0.005808540688962305
3,UPFC_tsh,5-15,-0.2348163477799357,24,-0.23502928821494312,MAP_PMU,31,0.00021294043500741378
4,UPFC_Vse,5-15,0.058633381656930626,24,0.062225508284088855,MAP_PMU,31,0.003592126627158229
5,UPFC_tse,5-15,-2.1229001218026533,24,-2.185793188678617,MAP_PMU,31,0.06289306687596374
0,x_tcsc,1-14,-0.10739426182516669,25,-0.10736529943830521,MAP_PMU,31,2.8962386861480782e-05
1,B_svc,2,0.17492586471346172,25,0.17486244140871618,MAP_PMU,31,6.342330474554125e-05
2,UPFC_Vsh,5-15,1.1117131640544655,25,1.1061332951757237,MAP_PMU,31,0.005579868878741845
3,UPFC_tsh,5-15,-0.23483672925092192,25,-0.23502928821494312,MAP_PMU,31,0.00019255896402120554
4,UPFC_Vse,5-15,0.05891519382573087,25,0.062225508284088855,MAP_PMU,31,0.003310314458357985
5,UPFC_tse,5-15,-2.1275462566477987,25,-2.185793188678617,MAP_PMU,31,0.05824693203081832
0,x_tcsc,1-14,-0.10735910527023582,26,-0.10736529943830521,MAP_PMU,31,6.194168069392769e-06
1,B_svc,2,0.17512426029740202,26,0.17486244140871618,MAP_PMU,31,0.00026181888868584413
2,UPFC_Vsh,5-15,1.1114219574105262,26,1.1061332951757237,MAP_PMU,31,0.00528866223480251
3,UPFC_tsh,5-15,-0.2348292223685585,26,-0.23502928821494312,MAP_PMU,31,0.00020006584638462832
4,UPFC_Vse,5-15,0.05896144662655412,26,0.062225508284088855,MAP_PMU,31,0.0032640616575347337
5,UPFC_tse,5-15,-2.125901574123907,26,-2.185793188678617,MAP_PMU,31,0.05989161455471015
0,x_tcsc,1-14,-0.1073726775097562,27,-0.10736529943830521,MAP_PMU,31,7.3780714509863454e-06
1,B_svc,2,0.17457621681383895,27,0.17486244140871618,MAP_PMU,31,0.0002862245948772324
2,UPFC_Vsh,5-15,1.111895681661085,27,1.1061332951757237,MAP_PMU,31,0.005762386485361315
3,UPFC_tsh,5-15,-0.23485493622829237,27,-0.23502928821494312,MAP_PMU,31,0.00017435198665075036
4,UPFC_Vse,5-15,0.05881763207453298,27,0.062225508284088855,MAP_PMU,31,0.0034078762095558768
5,UPFC_tse,5-15,-2.1363360111741545,27,-2.185793188678617,MAP_PMU,31,0.049457177504462546
0,x_tcsc,1-14,-0.107366664061846,28,-0.10736529943830521,MAP_PMU,31,1.3646235407921425e-06
1,B_svc,2,0.17508823337665985,28,0.17486244140871618,MAP_PMU,31,0.00022579196794367262
2,UPFC_Vsh,5-15,1.1117330924756674,28,1.1061332951757237,MAP_PMU,31,0.005599797299943754
3,UPFC_tsh,5-15,-0.23486461656726054,28,-0.23502928821494312,MAP_PMU,31,0.00016467164768257936
4,UPFC_Vse,5-15,0.05942525170375735,28,0.062225508284088855,MAP_PMU,31,0.002800256580331506
5,UPFC_tse,5-15,-2.130420803802066,28,-2.185793188678617,MAP_PMU,31,0.05537238487655083
0,x_tcsc,1-14,-0.10735834129962062,29,-0.10736529943830521,MAP_PMU,31,6.9581386845929405e-06
1,B_svc,2,0.17544451794110488,29,0.17486244140871618,MAP_PMU,31,0.0005820765323887034
2,UPFC_Vsh,5-15,1.1113937511696537,29,1.1061332951757237,MAP_PMU,31,0.005260455993929991
3,UPFC_tsh,5-15,-0.23487811096948152,29,-0.23502928821494312,MAP_PMU,31,0.00015117724546159783
4,UPFC_Vse,5-15,0.05939647995252726,29,0.062225508284088855,MAP_PMU,31,0.002829028331561595
5,UPFC_tse,5-15,-2.1392507085994077,29,-2.185793188678617,MAP_PMU,31,0.04654248007920936
0,x_tcsc,1-14,-0.1073448500795958,30,-0.10736529943830521,MAP_PMU,31,2.044935870941511e-05
1,B_svc,2,0.17507366366758403,30,0.17486244140871618,MAP_PMU,31,0.00021122225886785473
2,UPFC_Vsh,5-15,1.1117101359896204,30,1.1061332951757237,MAP_PMU,31,0.005576840813896755
3,UPFC_tsh,5-15,-0.23486252523595555,30,-0.23502928821494312,MAP_PMU,31,0.00016676297898757242
4,UPFC_Vse,5-15,0.059657270240106225,30,0.062225508284088855,MAP_PMU,31,0.0025682380439826305
5,UPFC_tse,5-15,-2.1336443694401783,30,-2.185793188678617,MAP_PMU,31,0.052148819238438726
0,x_tcsc,1-14,-0.10735898282746166,31,-0.10736529943830521,MAP_PMU,31,6.31661084354862e-06
1,B_svc,2,0.1751228452263342,31,0.17486244140871618,MAP_PMU,31,0.00026040381761802123
2,UPFC_Vsh,5-15,1.11124203189245,31,1.1061332951757237,MAP_PMU,31,0.005108736716726403
3,UPFC_tsh,5-15,-0.23492207627614098,31,-0.23502928821494312,MAP_PMU,31,0.00010721193880214308
4,UPFC_Vse,5-15,0.058944520567604394,31,0.062225508284088855,MAP_PMU,31,0.003280987716484461
5,UPFC_tse,5-15,-2.142512207059234,31,-2.185793188678617,MAP_PMU,31,0.043280981619382874
0,x_tcsc,1-14,-0.10738336320897116,32,-0.10736529943830521,MAP_PMU,31,1.8063770665946444e-05
1,B_svc,2,0.1752502612780139,32,0.17486244140871618,MAP_PMU,31,0.0003878198692977286
2,UPFC_Vsh,5-15,1.1117277165692405,32,1.1061332951757237,MAP_PMU,31,0.005594421393516846
3,UPFC_tsh,5-15,-0.2348780946950552,32,-0.23502928821494312,MAP_PMU,31,0.00015119351988793217
4,UPFC_Vse,5-15,0.05868512880749021,32,0.062225508284088855,MAP_PMU,31,0.0035403794765986457
5,UPFC_tse,5-15,-2.1457632244918825,32,-2.185793188678617,MAP_PMU,31,0.040029964186734546
0,x_tcsc,1-14,-0.10735873589455668,33,-0.10736529943830521,MAP_PMU,31,6.563543748533407e-06
1,B_svc,2,0.17483935972917033,33,0.17486244140871618,MAP_PMU,31,2.308167954584439e-05
2,UPFC_Vsh,5-15,1.1113332551497097,33,1.1061332951757237,MAP_PMU,31,0.005199959973986035
3,UPFC_tsh,5-15,-0.2349192938217335,33,-0.23502928821494312,MAP_PMU,31,0.00010999439320963367
4,UPFC_Vse,5-15,0.058891700235576966,33,0.062225508284088855,MAP_PMU,31,0.0033338080485118896
5,UPFC_tse,5-15,-2.134982706082156,33,-2.185793188678617,MAP_PMU,31,0.05081048259646126
0,x_tcsc,1-14,-0.10734856709354859,34,-0.10736529943830521,MAP_PMU,31,1.6732344756617556e-05
1,B_svc,2,0.17469540030299086,34,0.17486244140871618,MAP_PMU,31,0.00016704110572532405
2,UPFC_Vsh,5-15,1.1114825067596206,34,1.1061332951757237,MAP_PMU,31,0.005349211583896896
3,UPFC_tsh,5-15,-0.23490876132883412,34,-0.23502928821494312,MAP_PMU,31,0.00012052688610900142
4,UPFC_Vse,5-15,0.05918799933364304,34,0.062225508284088855,MAP_PMU,31,0.0030375089504458136
5,UPFC_tse,5-15,-2.1337705590712295,34,-2.185793188678617,MAP_PMU,31,0.05202262960738757
0,x_tcsc,1-14,-0.1073708646359906,35,-0.10736529943830521,MAP_PMU,31,5.565197685394874e-06
1,B_svc,2,0.17471081248407005,35,0.17486244140871618,MAP_PMU,31,0.00015162892464612443
2,UPFC_Vsh,5-15,1.111515256723063,35,1.1061332951757237,MAP_PMU,31,0.005381961547339387
3,UPFC_tsh,5-15,-0.23488467190175924,35,-0.23502928821494312,MAP_PMU,31,0.0001446163131838818
4,UPFC_Vse,5-15,0.05917967609428872,35,0.062225508284088855,MAP_PMU,31,0.0030458321898001323
5,UPFC_tse,5-15,-2.1211830298915113,35,-2.185793188678617,MAP_PMU,31,0.06461015878710574
0,x_tcsc,1-14,-0.10737007504939919,36,-0.10736529943830521,MAP_PMU,31,4.775611093979504e-06
1,B_svc,2,0.17465761218660636,36,0.17486244140871618,MAP_PMU,31,0.00020482922210982024
2,UPFC_Vsh,5-15,1.1120043184510793,36,1.1061332951757237,MAP_PMU,31,0.005871023275355602
3,UPFC_tsh,5-15,-0.23483057129563578,36,-0.23502928821494312,MAP_PMU,31,0.00019871691930734015
4,UPFC_Vse,5-15,0.05893665665969602,36,0.062225508284088855,MAP_PMU,31,0.0032888516243928384
5,UPFC_tse,5-15,-2.1358449578186236,36,-2.185793188678617,MAP_PMU,31,0.04994823085999345
0,x_tcsc,1-14,-0.10735678997515967,37,-0.10736529943830521,MAP_PMU,31,8.509463145539575e-06
1,B_svc,2,0.1751432270459211,37,0.17486244140871618,MAP_PMU,31,0.0002807856372049333
2,UPFC_Vsh,5-15,1.1119103357272335,37,1.1061332951757237,MAP_PMU,31,0.005777040551509849
3,UPFC_tsh,5-15,-0.23488971560621288,37,-0.23502928821494312,MAP_PMU,31,0.00013957260873023736
4,UPFC_Vse,5-15,0.059381828997919786,37,0.062225508284088855,MAP_PMU,31,0.0028436792861690693
5,UPFC_tse,5-15,-2.1308084677307013,37,-2.185793188678617,MAP_PMU,31,0.05498472094791573
0,x_tcsc,1-14,-0.10736856510361095,38,-0.10736529943830521,MAP_PMU,31,3.2656653057433482e-06
1,B_svc,2,0.1748162384940345,38,0.17486244140871618,MAP_PMU,31,4.620291468168669e-05
2,UPFC_Vsh,5-15,1.1119555546198145,38,1.1061332951757237,MAP_PMU,31,0.0058222594440908715
3,UPFC_tsh,5-15,-0.23483033267314327,38,-0.23502928821494312,MAP_PMU,31,0.00019895554179985564
4,UPFC_Vse,5-15,0.0587800110954149,38,0.062225508284088855,MAP_PMU,31,0.003445497188673957
5,UPFC_tse,5-15,-2.127520178910515,38,-2.185793188678617,MAP_PMU,31,0.058273009768102124
0,x_tcsc,1-14,-0.10738429007898143,39,-0.10736529943830521,MAP_PMU,31,1.899064067621692e-05
1,B_svc,2,0.17489452136728045,39,0.17486244140871618,MAP_PMU,31,3.2079958564273925e-05
2,UPFC_Vsh,5-15,1.111183332151182,39,1.1061332951757237,MAP_PMU,31,0.00505003697545825
3,UPFC_tsh,5-15,-0.2348972239329612,39,-0.23502928821494312,MAP_PMU,31,0.0001320642819819251
4,UPFC_Vse,5-15,0.058667035270067516,39,0.062225508284088855,MAP_PMU,31,0.003558473014021339
5,UPFC_tse,5-15,-2.1415023926732015,39,-2.185793188678617,MAP_PMU,31,0.04429079600541552
0,x_tcsc,1-14,-0.1073716199416732,40,-0.10736529943830521,MAP_PMU,31,6.320503367990282e-06
1,B_svc,2,0.17533988142518567,40,0.17486244140871618,MAP_PMU,31,0.0004774400164694881
2,UPFC_Vsh,5-15,1.1115669847912022,40,1.1061332951757237,MAP_PMU,31,0.005433689615478521
3,UPFC_tsh,5-15,-0.2348823914784436,40,-0.23502928821494312,MAP_PMU,31,0.0001468967364995355
4,UPFC_Vse,5-15,0.05945748316142281,40,0.062225508284088855,MAP_PMU,31,0.0027680251226660443
5,UPFC_tse,5-15,-2.1433776772940405,40,-2.185793188678617,MAP_PMU,31,0.042415511384576554
0,x_tcsc,1-14,-0.10737121221139995,41,-0.10736529943830521,MAP_PMU,31,5.912773094737811e-06
1,B_svc,2,0.17465436280641317,41,0.17486244140871618,MAP_PMU,31,0.00020807860230301345
2,UPFC_Vsh,5-15,1.1116320335656502,41,1.1061332951757237,MAP_PMU,31,0.0054987383899265385
3,UPFC_tsh,5-15,-0.23475965004668542,41,-0.23502928821494312,MAP_PMU,31,0.00026963816825770204
4,UPFC_Vse,5-15,0.058332362517449186,41,0.062225508284088855,MAP_PMU,31,0.003893145766639669
5,UPFC_tse,5-15,-2.117879587038921,41,-2.185793188678617,MAP_PMU,31,0.06791360163969618
0,x_tcsc,1-14,-0.1073644938370278,42,-0.10736529943830521,MAP_PMU,31,8.056012774093624e-07
1,B_svc,2,0.17499273059865053,42,0.17486244140871618,MAP_PMU,31,0.00013028918993435168
2,UPFC_Vsh,5-15,1.1117969325355261,42,1.1061332951757237,MAP_PMU,31,0.005663637359802465
3,UPFC_tsh,5-15,-0.2348778785402682,42,-0.23502928821494312,MAP_PMU,31,0.00015140967467491828
4,UPFC_Vse,5-15,0.05900102534519452,42,0.062225508284088855,MAP_PMU,31,0.003224482938894338
5,UPFC_tse,5-15,-2.1325754444668648,42,-2.185793188678617,MAP_PMU,31,0.053217744211752294
0,x_tcsc,1-14,-0.10737749184336132,43,-0.10736529943830521,MAP_PMU,31,1.2192405056107858e-05
1,B_svc,2,0.17473646110218555,43,0.17486244140871618,MAP_PMU,31,0.00012598030653063197
2,UPFC_Vsh,5-15,1.1116002167146162,43,1.1061332951757237,MAP_PMU,31,0.0054669215388925
3,UPFC_tsh,5-15,-0.23483846436296307,43,-0.23502928821494312,MAP_PMU,31,0.0001908238519800487
4,UPFC_Vse,5-15,0.058913491027149524,43,0.062225508284088855,MAP_PMU,31,0.0033120172569393314
5,UPFC_tse,5-15,-2.1402015274654356,43,-2.185793188678617,MAP_PMU,31,0.04559166121318148
0,x_tcsc,1-14,-0.10734838188413517,44,-0.10736529943830521,MAP_PMU,31,1.6917554170034488e-05
1,B_svc,2,0.17496440973514948,44,0.17486244140871618,MAP_PMU,31,0.00010196832643330489
2,UPFC_Vsh,5-15,1.111384349480576,44,1.1061332951757237,MAP_PMU,31,0.005251054304852287
3,UPFC_tsh,5-15,-0.23477349939239586,44,-0.23502928821494312,MAP_PMU,31,0.0002557888225472593
4,UPFC_Vse,5-15,0.05949394570680737,44,0.062225508284088855,MAP_PMU,31,0.0027315625772814864
5,UPFC_tse,5-15,-2.1228956458092294,44,-2.185793188678617,MAP_PMU,31,0.06289754286938765
0,x_tcsc,1-14,-0.10736248980976924,45,-0.10736529943830521,MAP_PMU,31,2.8096285359657802e-06
1,B_svc,2,0.17496200958025498,45,0.17486244140871618,MAP_PMU,31,9.956817153880526e-05
2,UPFC_Vsh,5-15,1.111347047018673,45,1.1061332951757237,MAP_PMU,31,0.005213751842949366
3,UPFC_tsh,5-15,-0.23486749496661352,45,-0.23502928821494312,MAP_PMU,31,0.0001617932483296003
4,UPFC_Vse,5-15,0.05912607806928671,45,0.062225508284088855,MAP_PMU,31,0.0030994302148021485
5,UPFC_tse,5-15,-2.135756565155913,45,-2.185793188678617,MAP_PMU,31,0.050036623522704105
0,x_tcsc,1-14,-0.10736639062168447,46,-0.10736529943830521,MAP_PMU,31,1.0911833792648373e-06
1,B_svc,2,0.1750872260206075,46,0.17486244140871618,MAP_PMU,31,0.00022478461189132104
2,UPFC_Vsh,5-15,1.111370815888194,46,1.1061332951757237,MAP_PMU,31,0.0052375207124704115
3,UPFC_tsh,5-15,-0.23489734210206492,46,-0.23502928821494312,MAP_PMU,31,0.00013194611287820068
4,UPFC_Vse,5-15,0.05868745727743819,46,0.062225508284088855,MAP_PMU,31,0.0035380510066506665
5,UPFC_tse,5-15,-2.141353214287666,46,-2.185793188678617,MAP_PMU,31,0.044439974390951154
0,x_tcsc,1-14,-0.1073591761993734,47,-0.10736529943830521,MAP_PMU,31,6.1232389318155445e-06
1,B_svc,2,0.17475803890095232,47,0.17486244140871618,MAP_PMU,31,0.00010440250776386217
2,UPFC_Vsh,5-15,1.1118997383926172,47,1.1061332951757237,MAP_PMU,31,0.005766443216893569
3,UPFC_tsh,5-15,-0.234818492289871,47,-0.23502928821494312,MAP_PMU,31,0.00021079592507211586
4,UPFC_Vse,5-15,0.05940732891270937,47,0.062225508284088855,MAP_PMU,31,0.0028181793713794867
5,UPFC_tse,5-15,-2.1198806773839993,47,-2.185793188678617,MAP_PMU,31,0.06591251129461773
0,x_tcsc,1-14,-0.10734887617672392,48,-0.10736529943830521,MAP_PMU,31,1.642326158128593e-05
1,B_svc,2,0.1751755288716874,48,0.17486244140871618,MAP_PMU,31,0.00031308746297123435
2,UPFC_Vsh,5-15,1.111799760889105,48,1.1061332951757237,MAP_PMU,31,0.005666465713381363
3,UPFC_tsh,5-15,-0.2348409775907573,48,-0.23502928821494312,MAP_PMU,31,0.00018831062418581124
4,UPFC_Vse,5-15,0.058990248978601924,48,0.062225508284088855,MAP_PMU,31,0.0032352593054869316
5,UPFC_tse,5-15,-2.138216342275443,48,-2.185793188678617,MAP_PMU,31,0.047576846403174056
0,x_tcsc,1-14,-0.10736520380444238,49,-0.10736529943830521,MAP_PMU,31,9.563386282884778e-08
1,B_svc,2,0.1748266830265562,49,0.17486244140871618,MAP_PMU,31,3.5758382159967184e-05
2,UPFC_Vsh,5-15,1.1116889956752458,49,1.1061332951757237,MAP_PMU,31,0.005555700499522143
3,UPFC_tsh,5-15,-0.23486922098197022,49,-0.23502928821494312,MAP_PMU,31,0.0001600672329729047
4,UPFC_Vse,5-15,0.05895040807224792,49,0.062225508284088855,MAP_PMU,31,0.0032751002118409367
5,UPFC_tse,5-15,-2.132050095998244,49,-2.185793188678617,MAP_PMU,31,0.05374309268037303
0,x_tcsc,1-14,-0.10734940434835391,50,-0.10736529943830521,MAP_PMU,31,1.589508995129829e-05
1,B_svc,2,0.1746585105554483,50,0.17486244140871618,MAP_PMU,31,0.00020393085326789184
2,UPFC_Vsh,5-15,1.1116032744162314,50,1.1061332951757237,MAP_PMU,31,0.0054699792405077385
3,UPFC_tsh,5-15,-0.23480642030791887,50,-0.23502928821494312,MAP_PMU,31,0.00022286790702424897
4,UPFC_Vse,5-15,0.05878815853644393,50,0.062225508284088855,MAP_PMU,31,0.0034373497476449244
5,UPFC_tse,5-15,-2.1223575676486357,50,-2.185793188678617,MAP_PMU,31,0.06343562102998135
0,x_tcsc,1-14,-0.10734749107940675,51,-0.10736529943830521,MAP_PMU,31,1.7808358898460663e-05
1,B_svc,2,0.1751608446719089,51,0.17486244140871618,MAP_PMU,31,0.00029840326319272026
2,UPFC_Vsh,5-15,1.1118934040084025,51,1.1061332951757237,MAP_PMU,31,0.005760108832678856
3,UPFC_tsh,5-15,-0.23480899808341033,51,-0.23502928821494312,MAP_PMU,31,0.00022029013153279653
4,UPFC_Vse,5-15,0.058964146636975565,51,0.062225508284088855,MAP_PMU,31,0.003261361647113291
5,UPFC_tse,5-15,-2.1239429697033363,51,-2.185793188678617,MAP_PMU,31,0.06185021897528076
0,x_tcsc,1-14,-0.10736593321700885,52,-0.10736529943830521,MAP_PMU,31,6.337787036431175e-07
1,B_svc,2,0.17496530573446195,52,0.17486244140871618,MAP_PMU,31,0.00010286432574577176
2,UPFC_Vsh,5-15,1.111741076452688,52,1.1061332951757237,MAP_PMU,31,0.005607781276964374
3,UPFC_tsh,5-15,-0.23485259805373124,52,-0.23502928821494312,MAP_PMU,31,0.0001766901612118843
4,UPFC_Vse,5-15,0.058808591203133934,52,0.062225508284088855,MAP_PMU,31,0.003416917080954922
5,UPFC_tse,5-15,-2.1300380983661134,52,-2.185793188678617,MAP_PMU,31,0.0557550903125037
0,x_tcsc,1-14,-0.10735642316678748,53,-0.10736529943830521,MAP_PMU,31,8.87627151772985e-06
1,B_svc,2,0.17459309588806737,53,0.17486244140871618,MAP_PMU,31,0.000269345520648806
2,UPFC_Vsh,5-15,1.1115893427186312,53,1.1061332951757237,MAP_PMU,31,0.005456047542907516
3,UPFC_tsh,5-15,-0.23490315602344708,53,-0.23502928821494312,MAP_PMU,31,0.00012613219149604227
4,UPFC_Vse,5-15,0.05899940080901649,53,0.062225508284088855,MAP_PMU,31,0.0032261074750723623
5,UPFC_tse,5-15,-2.143775431210837,53,-2.185793188678617,MAP_PMU,31,0.042017757467780026
0,x_tcsc,1-14,-0.10737409583462201,54,-0.10736529943830521,MAP_PMU,31,8.796396316804178e-06
1,B_svc,2,0.17544498715941118,54,0.17486244140871618,MAP_PMU,31,0.000582545750694996
2,UPFC_Vsh,5-15,1.1117096394980475,54,1.1061332951757237,MAP_PMU,31,0.00557634432232379
3,UPFC_tsh,5-15,-0.23485062766085954,54,-0.23502928821494312,MAP_PMU,31,0.00017866055408358172
4,UPFC_Vse,5-15,0.05844984954756153,54,0.062225508284088855,MAP_PMU,31,0.0037756587365273264
5,UPFC_tse,5-15,-2.120217169704175,54,-2.185793188678617,MAP_PMU,31,0.0655760189744421
0,x_tcsc,1-14,-0.10738375778947641,55,-0.10736529943830521,MAP_PMU,31,1.8458351171202203e-05
1,B_svc,2,0.17469883271559486,55,0.17486244140871618,MAP_PMU,31,0.00016360869312131987
2,UPFC_Vsh,5-15,1.111672610038913,55,1.1061332951757237,MAP_PMU,31,0.00553931486318926
3,UPFC_tsh,5-15,-0.23489571443945195,55,-0.23502928821494312,MAP_PMU,31,0.00013357377549116922
4,UPFC_Vse,5-15,0.05932661505324685,55,0.062225508284088855,MAP_PMU,31,0.002898893230842005
5,UPFC_tse,5-15,-2.130698158891753,55,-2.185793188678617,MAP_PMU,31,0.0550950297868642
0,x_tcsc,1-14,-0.10736917349330188,56,-0.10736529943830521,MAP_PMU,31,3.874054996674814e-06
1,B_svc,2,0.17521711108070648,56,0.17486244140871618,MAP_PMU,31,0.00035466967199029864
2,UPFC_Vsh,5-15,1.1115939808543855,56,1.1061332951757237,MAP_PMU,31,0.00546068567866187
3,UPFC_tsh,5-15,-0.234877180746083,56,-0.23502928821494312,MAP_PMU,31,0.00015210746886012982
4,UPFC_Vse,5-15,0.058727466387319405,56,0.062225508284088855,MAP_PMU,31,0.0034980418967694507
5,UPFC_tse,5-15,-2.118974929076053,56,-2.185793188678617,MAP_PMU,31,0.06681825960256393
0,x_tcsc,1-14,-0.10736609628968237,57,-0.10736529943830521,MAP_PMU,31,7.968513771605679e-07
1,B_svc,2,0.17464739537287913,57,0.17486244140871618,MAP_PMU,31,0.00021504603583705206
2,UPFC_Vsh,5-15,1.1117695697347783,57,1.1061332951757237,MAP_PMU,31,0.005636274559054577
3,UPFC_tsh,5-15,-0.23485636153893924,57,-0.23502928821494312,MAP_PMU,31,0.00017292667600388167
4,UPFC_Vse,5-15,0.0590931634480057,57,0.062225508284088855,MAP_PMU,31,0.0031323448360831563
5,UPFC_tse,5-15,-2.1172605827756357,57,-2.185793188678617,MAP_PMU,31,0.06853260590298138
0,x_tcsc,1-14,-0.1073686395408428,58,-0.10736529943830521,MAP_PMU,31,3.340102537593981e-06
1,B_svc,2,0.17477209050080475,58,0.17486244140871618,MAP_PMU,31,9.035090791142952e-05
2,UPFC_Vsh,5-15,1.1113845604663883,58,1.1061332951757237,MAP_PMU,31,0.005251265290664664
3,UPFC_tsh,5-15,-0.23486751393894814,58,-0.23502928821494312,MAP_PMU,31,0.0001617742759949803
4,UPFC_Vse,5-15,0.05867738337629841,58,0.062225508284088855,MAP_PMU,31,0.0035481249077904467
5,UPFC_tse,5-15,-2.1329411890550793,58,-2.185793188678617,MAP_PMU,31,0.052851999623537704
0,x_tcsc,1-14,-0.10738013525910534,59,-0.10736529943830521,MAP_PMU,31,1.483582080012702e-05
1,B_svc,2,0.17477284583180033,59,0.17486244140871618,MAP_PMU,31,8.95955769158463e-05
2,UPFC_Vsh,5-15,1.1119294898541754,59,1.1061332951757237,MAP_PMU,31,0.005796194678451716
3,UPFC_tsh,5-15,-0.23483115597340828,59,-0.23502928821494312,MAP_PMU,31,0.00019813224153483744
4,UPFC_Vse,5-15,0.05909737401041127,59,0.062225508284088855,MAP_PMU,31,0.0031281342736775852
5,UPFC_tse,5-15,-2.1212287122974782,59,-2.185793188678617,MAP_PMU,31,0.06456447638113882
0,x_tcsc,1-14,-0.10736621119033125,60,-0.10736529943830521,MAP_PMU,31,9.117520260448764e-07
1,B_svc,2,0.17490393767205636,60,0.17486244140871618,MAP_PMU,31,4.149626334018497e-05
2,UPFC_Vsh,5-15,1.1116205135153638,60,1.1061332951757237,MAP_PMU,31,0.005487218339640165
3,UPFC_tsh,5-15,-0.234847492348571,60,-0.23502928821494312,MAP_PMU,31,0.0001817958663721253
4,UPFC_Vse,5-15,0.059229316378057735,60,0.062225508284088855,MAP_PMU,31,0.0029961919060311204
5,UPFC_tse,5-15,-2.117958067778862,60,-2.185793188678617,MAP_PMU,31,0.06783512089975519
0,x_tcsc,1-14,-0.10735867985379233,61,-0.10736529943830521,MAP_PMU,31,6.619584512881915e-06
1,B_svc,2,0.17450050863206756,61,0.17486244140871618,MAP_PMU,31,0.0003619327766486158
2,UPFC_Vsh,5-15,1.1117758784779925,61,1.1061332951757237,MAP_PMU,31,0.005642583302268855
3,UPFC_tsh,5-15,-0.23482337681623944,61,-0.23502928821494312,MAP_PMU,31,0.00020591139870368425
4,UPFC_Vse,5-15,0.059318070723414766,61,0.062225508284088855,MAP_PMU,31,0.0029074375606740893
5,UPFC_tse,5-15,-2.131651537377812,61,-2.185793188678617,MAP_PMU,31,0.05414165130080484
0,x_tcsc,1-14,-0.10735420302486764,62,-0.10736529943830521,MAP_PMU,31,1.1096413437564068e-05
1,B_svc,2,0.1749550693351064,62,0.17486244140871618,MAP_PMU,31,9.262792639022632e-05
2,UPFC_Vsh,5-15,1.111723458516936,62,1.1061332951757237,MAP_PMU,31,0.0055901633412123175
3,UPFC_tsh,5-15,-0.23491089868510007,62,-0.23502928821494312,MAP_PMU,31,0.00011838952984305484
4,UPFC_Vse,5-15,0.05950243225169388,62,0.062225508284088855,MAP_PMU,31,0.0027230760323949735
5,UPFC_tse,5-15,-2.126753460865497,62,-2.185793188678617,MAP_PMU,31,0.059039727813119836
0,x_tcsc,1-14,-0.10736534071854457,63,-0.10736529943830521,MAP_PMU,31,4.128023936567082e-08
1,B_svc,2,0.17491469761231732,63,0.17486244140871618,MAP_PMU,31,5.2256203601136475e-05
2,UPFC_Vsh,5-15,1.1117554443908757,63,1.1061332951757237,MAP_PMU,31,0.005622149215152028
3,UPFC_tsh,5-15,-0.2348648502759433,63,-0.23502928821494312,MAP_PMU,31,0.00016443793899981185
4,UPFC_Vse,5-15,0.05893123016850888,63,0.062225508284088855,MAP_PMU,31,0.003294278115579974
5,UPFC_tse,5-15,-2.1338241650857546,63,-2.185793188678617,MAP_PMU,31,0.051969023592862484
0,x_tcsc,1-14,-0.10734614364760464,64,-0.10736529943830521,MAP_PMU,31,1.9155790700567388e-05
1,B_svc,2,0.17502361932321633,64,0.17486244140871618,MAP_PMU,31,0.00016117791450015462
2,UPFC_Vsh,5-15,1.1118642404620254,64,1.1061332951757237,MAP_PMU,31,0.005730945286301692
3,UPFC_tsh,5-15,-0.23490580361401212,64,-0.23502928821494312,MAP_PMU,31,0.00012348460093100644
4,UPFC_Vse,5-15,0.05927557067187556,64,0.062225508284088855,MAP_PMU,31,0.0029499376122132936
5,UPFC_tse,5-15,-2.142815257852869,64,-2.185793188678617,MAP_PMU,31,0.04297793082574808
0,x_tcsc,1-14,-0.10734787066720688,65,-0.10736529943830521,MAP_PMU,31,1.742877109832397e-05
1,B_svc,2,0.17475751088923003,65,0.17486244140871618,MAP_PMU,31,0.00010493051948615162
2,UPFC_Vsh,5-15,1.1114444288650476,65,1.1061332951757237,MAP_PMU,31,0.005311133689323899
3,UPFC_tsh,5-15,-0.23486333822612815,65,-0.23502928821494312,MAP_PMU,31,0.00016594998881497292
4,UPFC_Vse,5-15,0.05925063250708487,65,0.062225508284088855,MAP_PMU,31,0.002974875777003984
5,UPFC_tse,5-15,-2.142364677326638,65,-2.185793188678617,MAP_PMU,31,0.043428511351979004
0,x_tcsc,1-14,-0.10736486512411747,66,-0.10736529943830521,MAP_PMU,31,4.343141877388712e-07
1,B_svc,2,0.1750409359751627,66,0.17486244140871618,MAP_PMU,31,0.00017849456644652983
2,UPFC_Vsh,5-15,1.1116792141322562,66,1.1061332951757237,MAP_PMU,31,0.005545918956532558
3,UPFC_tsh,5-15,-0.2348574508759018,66,-0.23502928821494312,MAP_PMU,31,0.0001718373390413308
4,UPFC_Vse,5-15,0.059284718544474445,66,0.062225508284088855,MAP_PMU,31,0.0029407897396144106
5,UPFC_tse,5-15,-2.128215475462141,66,-2.185793188678617,MAP_PMU,31,0.05757771321647587
0,x_tcsc,1-14,-0.10736687495836351,67,-0.10736529943830521,MAP_PMU,31,1.575520058305635e-06
1,B_svc,2,0.17457845923560708,67,0.17486244140871618,MAP_PMU,31,0.00028398217310909857
2,UPFC_Vsh,5-15,1.1116023296648236,67,1.1061332951757237,MAP_PMU,31,0.0054690344890999665
3,UPFC_tsh,5-15,-0.23481750755943126,67,-0.23502928821494312,MAP_PMU,31,0.00021178065551186176
4,UPFC_Vse,5-15,0.0589524831364815,67,0.062225508284088855,MAP_PMU,31,0.0032730251476073557
5,UPFC_tse,5-15,-2.1347083296357097,67,-2.185793188678617,MAP_PMU,31,0.05108485904290738
0,x_tcsc,1-14,-0.10735553966000415,68,-0.10736529943830521,MAP_PMU,31,9.759778301060562e-06
1,B_svc,2,0.17489908092782708,68,0.17486244140871618,MAP_PMU,31,3.663951911089813e-05
2,UPFC_Vsh,5-15,1.111842204979499,68,1.1061332951757237,MAP_PMU,31,0.005708909803775253
3,UPFC_tsh,5-15,-0.23484104664720673,68,-0.23502928821494312,MAP_PMU,31,0.00018824156773639134
4,UPFC_Vse,5-15,0.05911861205120495,68,0.062225508284088855,MAP_PMU,31,0.0031068962328839045
5,UPFC_tse,5-15,-2.131029799401809,68,-2.185793188678617,MAP_PMU,31,0.05476338927680802
0,x_tcsc,1-14,-0.10736585191144368,69,-0.10736529943830521,MAP_PMU,31,5.524731384737303e-07
1,B_svc,2,0.17523983853013372,69,0.17486244140871618,MAP_PMU,31,0.0003773971214175442
2,UPFC_Vsh,5-15,1.1116397298991443,69,1.1061332951757237,MAP_PMU,31,0.005506434723420606
3,UPFC_tsh,5-15,-0.23491541672950914,69,-0.23502928821494312,MAP_PMU,31,0.00011387148543398617
4,UPFC_Vse,5-15,0.05902009472758876,69,0.062225508284088855,MAP_PMU,31,0.0032054135565000932
5,UPFC_tse,5-15,-2.1334529948106833,69,-2.185793188678617,MAP_PMU,31,0.05234019386793376
0,x_tcsc,1-14,-0.10735506936138164,70,-0.10736529943830521,MAP_PMU,31,1.0230076923564702e-05
1,B_svc,2,0.17441573507039312,70,0.17486244140871618,MAP_PMU,31,0.0004467063383230552
2,UPFC_Vsh,5-15,1.1117392706275555,70,1.1061332951757237,MAP_PMU,31,0.005605975451831835
3,UPFC_tsh,5-15,-0.23471899728417692,70,-0.23502928821494312,MAP_PMU,31,0.00031029093076620495
4,UPFC_Vse,5-15,0.05917221871823348,70,0.062225508284088855,MAP_PMU,31,0.003053289565855377
5,UPFC_tse,5-15,-2.130106294036136,70,-2.185793188678617,MAP_PMU,31,0.05568689464248111
0,x_tcsc,1-14,-0.10736697842014135,71,-0.10736529943830521,MAP_PMU,31,1.6789818361451214e-06
1,B_svc,2,0.1746445258003824,71,0.17486244140871618,MAP_PMU,31,0.0002179156083337852
2,UPFC_Vsh,5-15,1.1118129212404837,71,1.1061332951757237,MAP_PMU,31,0.005679626064760024
3,UPFC_tsh,5-15,-0.23485458726876943,71,-0.23502928821494312,MAP_PMU,31,0.0001747009461736948
4,UPFC_Vse,5-15,0.05917182929214475,71,0.062225508284088855,MAP_PMU,31,0.0030536789919441074
5,UPFC_tse,5-15,-2.127939842179399,71,-2.185793188678617,MAP_PMU,31,0.05785334649921792
0,x_tcsc,1-14,-0.10735430001127833,72,-0.10736529943830521,MAP_PMU,31,1.0999427026883724e-05
1,B_svc,2,0.17512260052794892,72,0.17486244140871618,MAP_PMU,31,0.0002601591192327446
2,UPFC_Vsh,5-15,1.1118558164352061,72,1.1061332951757237,MAP_PMU,31,0.0057225212594824715
3,UPFC_tsh,5-15,-0.2347847996734997,72,-0.23502928821494312,MAP_PMU,31,0.0002444885414434328
4,UPFC_Vse,5-15,0.05872648254950795,72,0.062225508284088855,MAP_PMU,31,0.003499025734580906
5,UPFC_tse,5-15,-2.12197554666824,72,-2.185793188678617,MAP_PMU,31,0.0638176420103771
0,x_tcsc,1-14,-0.10734250550044663,73,-0.10736529943830521,MAP_PMU,31,2.279393785857564e-05
1,B_svc,2,0.17505787038141074,73,0.17486244140871618,MAP_PMU,31,0.00019542897269456128
2,UPFC_Vsh,5-15,1.111614828482686,73,1.1061332951757237,MAP_PMU,31,0.005481533306962216
3,UPFC_tsh,5-15,-0.2349085853621627,73,-0.23502928821494312,MAP_PMU,31,0.00012070285278042991
4,UPFC_Vse,5-15,0.05907823072154093,73,0.062225508284088855,MAP_PMU,31,0.003147277562547929
5,UPFC_tse,5-15,-2.1400422191734374,73,-2.185793188678617,MAP_PMU,31,0.04575096950517965
0,x_tcsc,1-14,-0.10739526904888719,74,-0.10736529943830521,MAP_PMU,31,2.9969610581978556e-05
1,B_svc,2,0.17495774847163958,74,0.17486244140871618,MAP_PMU,31,9.53070629234054e-05
2,UPFC_Vsh,5-15,1.1116480827328021,74,1.1061332951757237,MAP_PMU,31,0.00551478755707846
3,UPFC_tsh,5-15,-0.2348838739168107,74,-0.23502928821494312,MAP_PMU,31,0.00014541429813241802
4,UPFC_Vse,5-15,0.0592183845550834,74,0.062225508284088855,MAP_PMU,31,0.0030071237290054537
5,UPFC_tse,5-15,-2.1322700006075164,74,-2.185793188678617,MAP_PMU,31,0.05352318807110068
0,x_tcsc,1-14,-0.10734520144634412,75,-0.10736529943830521,MAP_PMU,31,2.0097991961093298e-05
1,B_svc,2,0.17482847503838722,75,0.17486244140871618,MAP_PMU,31,3.396637032895833e-05
2,UPFC_Vsh,5-15,1.1115893360801237,75,1.1061332951757237,MAP_PMU,31,0.005456040904399995
3,UPFC_tsh,5-15,-0.23483818727077668,75,-0.23502928821494312,MAP_PMU,31,0.00019110094416643908
4,UPFC_Vse,5-15,0.05897945768856507,75,0.062225508284088855,MAP_PMU,31,0.0032460505955237834
5,UPFC_tse,5-15,-2.134153201168649,75,-2.185793188678617,MAP_PMU,31,0.05163998750996823
0,x_tcsc,1-14,-0.10735043187422709,76,-0.10736529943830521,MAP_PMU,31,1.4867564078119289e-05
1,B_svc,2,0.1752316186702544,76,0.17486244140871618,MAP_PMU,31,0.0003691772615382338
2,UPFC_Vsh,5-15,1.1115299427518588,76,1.1061332951757237,MAP_PMU,31,0.005396647576135116
3,UPFC_tsh,5-15,-0.2348349695125666,76,-0.23502928821494312,MAP_PMU,31,0.00019431870237651694
4,UPFC_Vse,5-15,0.0591773075748349,76,0.062225508284088855,MAP_PMU,31,0.003048200709253955
5,UPFC_tse,5-15,-2.1204577280842622,76,-2.185793188678617,MAP_PMU,31,0.0653354605943548
0,x_tcsc,1-14,-0.10736751308623788,77,-0.10736529943830521,MAP_PMU,31,2.2136479326667624e-06
1,B_svc,2,0.1748767929066852,77,0.17486244140871618,MAP_PMU,31,1.4351497969022908e-05
2,UPFC_Vsh,5-15,1.1114697999331362,77,1.1061332951757237,MAP_PMU,31,0.005336504757412541
3,UPFC_tsh,5-15,-0.2347973162505954,77,-0.23502928821494312,MAP_PMU,31,0.00023197196434771028
4,UPFC_Vse,5-15,0.05915579145240142,77,0.062225508284088855,MAP_PMU,31,0.0030697168316874343
5,UPFC_tse,5-15,-2.1271219331051037,77,-2.185793188678617,MAP_PMU,31,0.05867125557351338
0,x_tcsc,1-14,-0.10736978836510622,78,-0.10736529943830521,MAP_PMU,31,4.488926801007875e-06
1,B_svc,2,0.1745789404559471,78,0.17486244140871618,MAP_PMU,31,0.00028350095276907794
2,UPFC_Vsh,5-15,1.1118091399257026,78,1.1061332951757237,MAP_PMU,31,0.005675844749978953
3,UPFC_tsh,5-15,-0.23493375926630697,78,-0.23502928821494312,MAP_PMU,31,9.552894863615324e-05
4,UPFC_Vse,5-15,0.059210512885025546,78,0.062225508284088855,MAP_PMU,31,0.0030149953990633097
5,UPFC_tse,5-15,-2.1318003570115986,78,-2.185793188678617,MAP_PMU,31,0.053992831667018404
0,x_tcsc,1-14,-0.10736421155229586,79,-0.10736529943830521,MAP_PMU,31,1.0878860093460618e-06
1,B_svc,2,0.17494799682119272,79,0.17486244140871618,MAP_PMU,31,8.555541247654008e-05
2,UPFC_Vsh,5-15,1.111601970975485,79,1.1061332951757237,MAP_PMU,31,0.005468675799761291
3,UPFC_tsh,5-15,-0.23480570602284506,79,-0.23502928821494312,MAP_PMU,31,0.00022358219209805963
4,UPFC_Vse,5-15,0.058838042332736436,79,0.062225508284088855,MAP_PMU,31,0.0033874659513524197
5,UPFC_tse,5-15,-2.125892407715764,79,-2.185793188678617,MAP_PMU,31,0.059900780962852895
0,x_tcsc,1-14,-0.10737999575408896,80,-0.10736529943830521,MAP_PMU,31,1.4696315783754854e-05
1,B_svc,2,0.17479115909386617,80,0.17486244140871618,MAP_PMU,31,7.128231485001302e-05
2,UPFC_Vsh,5-15,1.1117870389585087,80,1.1061332951757237,MAP_PMU,31,0.005653743782785048
3,UPFC_tsh,5-15,-0.23483951609417839,80,-0.23502928821494312,MAP_PMU,31,0.00018977212076473626
4,UPFC_Vse,5-15,0.05908449803935316,80,0.062225508284088855,MAP_PMU,31,0.0031410102447356966
5,UPFC_tse,5-15,-2.125220875715122,80,-2.185793188678617,MAP_PMU,31,0.06057231296349519
0,x_tcsc,1-14,-0.10737228513718838,81,-0.10736529943830521,MAP_PMU,31,6.985698883174574e-06
1,B_svc,2,0.1747882168750089,81,0.17486244140871618,MAP_PMU,31,7.422453370728443e-05
2,UPFC_Vsh,5-15,1.1116276161856913,81,1.1061332951757237,MAP_PMU,31,0.0054943210099676065
3,UPFC_tsh,5-15,-0.2349064331352117,81,-0.23502928821494312,MAP_PMU,31,0.00012285507973142096
4,UPFC_Vse,5-15,0.058771609885496116,81,0.062225508284088855,MAP_PMU,31,0.003453898398592739
5,UPFC_tse,5-15,-2.140405077110029,81,-2.185793188678617,MAP_PMU,31,0.04538811156858813
0,x_tcsc,1-14,-0.10737055448903185,82,-0.10736529943830521,MAP_PMU,31,5.2550507266407864e-06
1,B_svc,2,0.1747381224996036,82,0.17486244140871618,MAP_PMU,31,0.00012431890911257515
2,UPFC_Vsh,5-15,1.1115770505662892,82,1.1061332951757237,MAP_PMU,31,0.005443755390565519
3,UPFC_tsh,5-15,-0.23482935466524102,82,-0.23502928821494312,MAP_PMU,31,0.00019993354970210264
4,UPFC_Vse,5-15,0.05890212331904554,82,0.062225508284088855,MAP_PMU,31,0.0033233849650433148
5,UPFC_tse,5-15,-2.13094764263508,82,-2.185793188678617,MAP_PMU,31,0.054845546043536864
0,x_tcsc,1-14,-0.107371577823776,83,-0.10736529943830521,MAP_PMU,31,6.2783854707926245e-06
1,B_svc,2,0.17523567042357494,83,0.17486244140871618,MAP_PMU,31,0.0003732290148587558
2,UPFC_Vsh,5-15,1.111500771436263,83,1.1061332951757237,MAP_PMU,31,0.00536747626053935
3,UPFC_tsh,5-15,-0.234847373495846,83,-0.23502928821494312,MAP_PMU,31,0.00018191471909712043
4,UPFC_Vse,5-15,0.059169070049301775,83,0.062225508284088855,MAP_PMU,31,0.0030564382347870803
5,UPFC_tse,5-15,-2.1293537963963853,83,-2.185793188678617,MAP_PMU,31,0.056439392282231715
0,x_tcsc,1-14,-0.10736223589444512,84,-0.10736529943830521,MAP_PMU,31,3.063543860093443e-06
1,B_svc,2,0.17507435272836225,84,0.17486244140871618,MAP_PMU,31,0.00021191131964606869
2,UPFC_Vsh,5-15,1.111435662547851,84,1.1061332951757237,MAP_PMU,31,0.0053023673721273035
3,UPFC_tsh,5-15,-0.23490553910429832,84,-0.23502928821494312,MAP_PMU,31,0.0001237491106448052
4,UPFC_Vse,5-15,0.05954550562875679,84,0.062225508284088855,MAP_PMU,31,0.002680002655332067
5,UPFC_tse,5-15,-2.13129048192338,84,-2.185793188678617,MAP_PMU,31,0.05450270675523683
0,x_tcsc,1-14,-0.10734391546297566,85,-0.10736529943830521,MAP_PMU,31,2.138397532955305e-05
1,B_svc,2,0.1747939523786275,85,0.17486244140871618,MAP_PMU,31,6.848903008868645e-05
2,UPFC_Vsh,5-15,1.1120219931502124,85,1.1061332951757237,MAP_PMU,31,0.005888697974488766
3,UPFC_tsh,5-15,-0.23486142671694613,85,-0.23502928821494312,MAP_PMU,31,0.00016786149799699612
4,UPFC_Vse,5-15,0.05874716080481081,85,0.062225508284088855,MAP_PMU,31,0.0034783474792780475
5,UPFC_tse,5-15,-2.127420348051234,85,-2.185793188678617,MAP_PMU,31,0.05837284062738313
0,x_tcsc,1-14,-0.10736144944169376,86,-0.10736529943830521,MAP_PMU,31,3.84999661144636e-06
1,B_svc,2,0.17490477595359694,86,0.17486244140871618,MAP_PMU,31,4.233454488075661e-05
2,UPFC_Vsh,5-15,1.1112983032004637,86,1.1061332951757237,MAP_PMU,31,0.00516500802474007
3,UPFC_tsh,5-15,-0.2350347200574942,86,-0.23502928821494312,MAP_PMU,31,5.431842551084642e-06
4,UPFC_Vse,5-15,0.05963001731530339,86,0.062225508284088855,MAP_PMU,31,0.0025954909687854674
5,UPFC_tse,5-15,-2.1395540016622223,86,-2.185793188678617,MAP_PMU,31,0.046239187016394734
0,x_tcsc,1-14,-0.10736786810936103,87,-0.10736529943830521,MAP_PMU,31,2.568671055816485e-06
1,B_svc,2,0.17485082491034343,87,0.17486244140871618,MAP_PMU,31,1.1616498372751805e-05
2,UPFC_Vsh,5-15,1.1116045243835986,87,1.1061332951757237,MAP_PMU,31,0.005471229207874906
3,UPFC_tsh,5-15,-0.23489589789274992,87,-0.23502928821494312,MAP_PMU,31,0.0001333903221931998
4,UPFC_Vse,5-15,0.05842458406861124,87,0.062225508284088855,MAP_PMU,31,0.003800924215477612
5,UPFC_tse,5-15,-2.118096172971169,87,-2.185793188678617,MAP_PMU,31,0.06769701570744813
0,x_tcsc,1-14,-0.10734742408732197,88,-0.10736529943830521,MAP_PMU,31,1.7875350983243e-05
1,B_svc,2,0.1756151489044607,88,0.17486244140871618,MAP_PMU,31,0.0007527074957445201
2,UPFC_Vsh,5-15,1.1115004558317831,88,1.1061332951757237,MAP_PMU,31,0.0053671606560594665
3,UPFC_tsh,5-15,-0.23483781483822438,88,-0.23502928821494312,MAP_PMU,31,0.0001914733767187371
4,UPFC_Vse,5-15,0.05881232098460608,88,0.062225508284088855,MAP_PMU,31,0.003413187299482777
5,UPFC_tse,5-15,-2.118420272479024,88,-2.185793188678617,MAP_PMU,31,0.06737291619959285
0,x_tcsc,1-14,-0.10736577278180902,89,-0.10736529943830521,MAP_PMU,31,4.733435038095646e-07
1,B_svc,2,0.1746992773221291,89,0.17486244140871618,MAP_PMU,31,0.00016316408658709203
2,UPFC_Vsh,5-15,1.1117193099166156,89,1.1061332951757237,MAP_PMU,31,0.005586014740891931
3,UPFC_tsh,5-15,-0.23486324126511465,89,-0.23502928821494312,MAP_PMU,31,0.0001660469498284689
4,UPFC_Vse,5-15,0.05892975125437482,89,0.062225508284088855,MAP_PMU,31,0.003295757029714033
5,UPFC_tse,5-15,-2.1273620078308277,89,-2.185793188678617,MAP_PMU,31,0.05843118084778931
0,x_tcsc,1-14,-0.10735369946755757,90,-0.10736529943830521,MAP_PMU,31,1.159997074763608e-05
1,B_svc,2,0.17448076272361535,90,0.17486244140871618,MAP_PMU,31,0.0003816786851008336
2,UPFC_Vsh,5-15,1.1114618268095324,90,1.1061332951757237,MAP_PMU,31,0.005328531633808753
3,UPFC_tsh,5-15,-0.2347666374157365,90,-0.23502928821494312,MAP_PMU,31,0.0002626507992066207
4,UPFC_Vse,5-15,0.059073537281479564,90,0.062225508284088855,MAP_PMU,31,0.003151971002609291
5,UPFC_tse,5-15,-2.127880566035323,90,-2.185793188678617,MAP_PMU,31,0.05791262264329422
0,x_tcsc,1-14,-0.10735402956450099,91,-0.10736529943830521,MAP_PMU,31,1.1269873804217734e-05
1,B_svc,2,0.17469232081785968,91,0.17486244140871618,MAP_PMU,31,0.00017012059085649844
2,UPFC_Vsh,5-15,1.1116975429891705,91,1.1061332951757237,MAP_PMU,31,0.0055642478134467765
3,UPFC_tsh,5-15,-0.23492129366982917,91,-0.23502928821494312,MAP_PMU,31,0.00010799454511395412
4,UPFC_Vse,5-15,0.058933267740568535,91,0.062225508284088855,MAP_PMU,31,0.003292240543520321
5,UPFC_tse,5-15,-2.1309380699711196,91,-2.185793188678617,MAP_PMU,31,0.054855118707497486
0,x_tcsc,1-14,-0.10735823900066076,92,-0.10736529943830521,MAP_PMU,31,7.060437644451634e-06
1,B_svc,2,0.17477344719857368,92,0.17486244140871618,MAP_PMU,31,8.899421014249564e-05
2,UPFC_Vsh,5-15,1.1113653559228116,92,1.1061332951757237,MAP_PMU,31,0.00523206074708793
3,UPFC_tsh,5-15,-0.23489016463106357,92,-0.23502928821494312,MAP_PMU,31,0.00013912358387954682
4,UPFC_Vse,5-15,0.05943849675995807,92,0.062225508284088855,MAP_PMU,31,0.0027870115241307863
5,UPFC_tse,5-15,-2.1333160250698158,92,-2.185793188678617,MAP_PMU,31,0.05247716360880128
0,x_tcsc,1-14,-0.10735603919721314,93,-0.10736529943830521,MAP_PMU,31,9.260241092073906e-06
1,B_svc,2,0.17458815835087224,93,0.17486244140871618,MAP_PMU,31,0.00027428305784393814
2,UPFC_Vsh,5-15,1.1113534773376454,93,1.1061332951757237,MAP_PMU,31,0.005220182161921771
3,UPFC_tsh,5-15,-0.23487669968365757,93,-0.23502928821494312,MAP_PMU,31,0.0001525885312855524
4,UPFC_Vse,5-15,0.05968738592185545,93,0.062225508284088855,MAP_PMU,31,0.0025381223622334068
5,UPFC_tse,5-15,-2.131091371748947,93,-2.185793188678617,MAP_PMU,31,0.054701816929670244
0,x_tcsc,1-14,-0.10733718063713604,94,-0.10736529943830521,MAP_PMU,31,2.811880116916632e-05
1,B_svc,2,0.17455705558944976,94,0.17486244140871618,MAP_PMU,31,0.00030538581926642383
2,UPFC_Vsh,5-15,1.1116184977631585,94,1.1061332951757237,MAP_PMU,31,0.00548520258743479
3,UPFC_tsh,5-15,-0.23482049776344685,94,-0.23502928821494312,MAP_PMU,31,0.0002087904514962713
4,UPFC_Vse,5-15,0.05838540529640935,94,0.062225508284088855,MAP_PMU,31,0.0038401029876795056
5,UPFC_tse,5-15,-2.1337725490756725,94,-2.185793188678617,MAP_PMU,31,0.05202063960294456
0,x_tcsc,1-14,-0.10736994434191759,95,-0.10736529943830521,MAP_PMU,31,4.64490361237746e-06
1,B_svc,2,0.17486169473067045,95,0.17486244140871618,MAP_PMU,31,7.466780457265898e-07
2,UPFC_Vsh,5-15,1.1113574382820004,95,1.1061332951757237,MAP_PMU,31,0.005224143106276724
3,UPFC_tsh,5-15,-0.23490297370854843,95,-0.23502928821494312,MAP_PMU,31,0.00012631450639469244
4,UPFC_Vse,5-15,0.0596994363217856,95,0.062225508284088855,MAP_PMU,31,0.0025260719623032557
5,UPFC_tse,5-15,-2.133055587418907,95,-2.185793188678617,MAP_PMU,31,0.052737601259710054
0,x_tcsc,1-14,-0.1073444272353909,96,-0.10736529943830521,MAP_PMU,31,2.0872202914315463e-05
1,B_svc,2,0.17424381704527933,96,0.17486244140871618,MAP_PMU,31,0.0006186243634368482
2,UPFC_Vsh,5-15,1.111756421365035,96,1.1061332951757237,MAP_PMU,31,0.005623126189311378
3,UPFC_tsh,5-15,-0.23481014555852445,96,-0.23502928821494312,MAP_PMU,31,0.00021914265641867492
4,UPFC_Vse,5-15,0.05831789721359637,96,0.062225508284088855,MAP_PMU,31,0.003907611070492485
5,UPFC_tse,5-15,-2.1278395810455786,96,-2.185793188678617,MAP_PMU,31,0.05795360763303847
0,x_tcsc,1-14,-0.10737146361578273,97,-0.10736529943830521,MAP_PMU,31,6.164177477521737e-06
1,B_svc,2,0.17515163951870172,97,0.17486244140871618,MAP_PMU,31,0.00028919810998553896
2,UPFC_Vsh,5-15,1.1119283182490016,97,1.1061332951757237,MAP_PMU,31,0.0057950230732779495
3,UPFC_tsh,5-15,-0.23486257170194821,97,-0.23502928821494312,MAP_PMU,31,0.00016671651299490775
4,UPFC_Vse,5-15,0.05919243307314793,97,0.062225508284088855,MAP_PMU,31,0.0030330752109409276
5,UPFC_tse,5-15,-2.119497730402193,97,-2.185793188678617,MAP_PMU,31,0.06629545827642414
0,x_tcsc,1-14,-0.1073407234857274,98,-0.10736529943830521,MAP_PMU,31,2.4575952577807203e-05
1,B_svc,2,0.17489839092348342,98,0.17486244140871618,MAP_PMU,31,3.594951476723618e-05
2,UPFC_Vsh,5-15,1.1117932223838813,98,1.1061332951757237,MAP_PMU,31,0.005659927208157667
3,UPFC_tsh,5-15,-0.23484999589106567,98,-0.23502928821494312,MAP_PMU,31,0.0001792923238774502
4,UPFC_Vse,5-15,0.058939232379822744,98,0.062225508284088855,MAP_PMU,31,0.0032862759042661116
5,UPFC_tse,5-15,-2.133933899254047,98,-2.185793188678617,MAP_PMU,31,0.051859289424569965
0,x_tcsc,1-14,-0.10735135175481937,99,-0.10736529943830521,MAP_PMU,31,1.3947683485837636e-05
1,B_svc,2,0.17513100955203662,99,0.17486244140871618,MAP_PMU,31,0.00026856814332043566
2,UPFC_Vsh,5-15,1.111559939273371,99,1.1061332951757237,MAP_PMU,31,0.005426644097647371
3,UPFC_tsh,5-15,-0.23486045000093347,99,-0.23502928821494312,MAP_PMU,31,0.00016883821400964782
4,UPFC_Vse,5-15,0.05949983367108599,99,0.062225508284088855,MAP_PMU,31,0.002725674613002868
5,UPFC_tse,5-15,-2.1369687143947274,99,-2.185793188678617,MAP_PMU,31,0.048824474283889696
0,x_tcsc,1-14,-0.10651660757948261,0,-0.10650647426468991,MAP_PMU,33,1.0133314792701298e-05
1,B_svc,2,0.17437165815880182,0,0.17481718540140737,MAP_PMU,33,0.0004455272426055479
2,UPFC_Vsh,5-15,1.1118225456791477,0,1.1072116531227494,MAP_PMU,33,0.004610892556398349
3,UPFC_tsh,5-15,-0.23576081954682698,0,-0.23588325761662496,MAP_PMU,33,0.00012243806979797545
4,UPFC_Vse,5-15,0.058816488465421986,0,0.062051247461420725,MAP_PMU,33,0.003234758995998739
5,UPFC_tse,5-15,-2.1248027620649648,0,-2.18409127855749,MAP_PMU,33,0.0592885164925252
0,x_tcsc,1-14,-0.10651729829192358,1,-0.10650647426468991,MAP_PMU,33,1.0824027233666267e-05
1,B_svc,2,0.17516737061029636,1,0.17481718540140737,MAP_PMU,33,0.0003501852088889923
2,UPFC_Vsh,5-15,1.1112057553747887,1,1.1072116531227494,MAP_PMU,33,0.003994102252039333
3,UPFC_tsh,5-15,-0.23572934536715723,1,-0.23588325761662496,MAP_PMU,33,0.0001539122494677303
4,UPFC_Vse,5-15,0.058849586363205544,1,0.062051247461420725,MAP_PMU,33,0.0032016610982151805
5,UPFC_tse,5-15,-2.130558157671118,1,-2.18409127855749,MAP_PMU,33,0.053533120886371854
0,x_tcsc,1-14,-0.10650569921805003,2,-0.10650647426468991,MAP_PMU,33,7.750466398809275e-07
1,B_svc,2,0.17499196155505345,2,0.17481718540140737,MAP_PMU,33,0.00017477615364608345
2,UPFC_Vsh,5-15,1.1116619786575253,2,1.1072116531227494,MAP_PMU,33,0.0044503255347758675
3,UPFC_tsh,5-15,-0.23577440696282112,2,-0.23588325761662496,MAP_PMU,33,0.00010885065380383807
4,UPFC_Vse,5-15,0.059094321922763225,2,0.062051247461420725,MAP_PMU,33,0.0029569255386574997
5,UPFC_tse,5-15,-2.131611475448504,2,-2.18409127855749,MAP_PMU,33,0.05247980310898592
0,x_tcsc,1-14,-0.10650713634813522,3,-0.10650647426468991,MAP_PMU,33,6.620834453047175e-07
1,B_svc,2,0.17420187888142194,3,0.17481718540140737,MAP_PMU,33,0.0006153065199854257
2,UPFC_Vsh,5-15,1.1117770096653472,3,1.1072116531227494,MAP_PMU,33,0.00456535654259782
3,UPFC_tsh,5-15,-0.23574515767028983,3,-0.23588325761662496,MAP_PMU,33,0.000138099946335124
4,UPFC_Vse,5-15,0.05884323512076225,3,0.062051247461420725,MAP_PMU,33,0.003208012340658477
5,UPFC_tse,5-15,-2.1198030351618953,3,-2.18409127855749,MAP_PMU,33,0.06428824339559469
0,x_tcsc,1-14,-0.10649469816931997,4,-0.10650647426468991,MAP_PMU,33,1.1776095369939177e-05
1,B_svc,2,0.17511185235963567,4,0.17481718540140737,MAP_PMU,33,0.00029466695822830125
2,UPFC_Vsh,5-15,1.1113002680415407,4,1.1072116531227494,MAP_PMU,33,0.004088614918791311
3,UPFC_tsh,5-15,-0.235744996131891,4,-0.23588325761662496,MAP_PMU,33,0.00013826148473394806
4,UPFC_Vse,5-15,0.05942233560342937,4,0.062051247461420725,MAP_PMU,33,0.002628911857991356
5,UPFC_tse,5-15,-2.1423319286048885,4,-2.18409127855749,MAP_PMU,33,0.04175934995260144
0,x_tcsc,1-14,-0.10649584958945046,5,-0.10650647426468991,MAP_PMU,33,1.0624675239448433e-05
1,B_svc,2,0.17486562849128734,5,0.17481718540140737,MAP_PMU,33,4.84430898799737e-05
2,UPFC_Vsh,5-15,1.11164504264549,5,1.1072116531227494,MAP_PMU,33,0.004433389522740638
3,UPFC_tsh,5-15,-0.23576394550484958,5,-0.23588325761662496,MAP_PMU,33,0.00011931211177537704
4,UPFC_Vse,5-15,0.05902564302225699,5,0.062051247461420725,MAP_PMU,33,0.0030256044391637343
5,UPFC_tse,5-15,-2.1328788879885687,5,-2.18409127855749,MAP_PMU,33,0.05121239056892124
0,x_tcsc,1-14,-0.10650262540519727,6,-0.10650647426468991,MAP_PMU,33,3.848859492644463e-06
1,B_svc,2,0.17460033435240896,6,0.17481718540140737,MAP_PMU,33,0.00021685104899840657
2,UPFC_Vsh,5-15,1.111954911825114,6,1.1072116531227494,MAP_PMU,33,0.004743258702364583
3,UPFC_tsh,5-15,-0.23564737866290164,6,-0.23588325761662496,MAP_PMU,33,0.00023587895372331746
4,UPFC_Vse,5-15,0.05905922918581752,6,0.062051247461420725,MAP_PMU,33,0.002992018275603206
5,UPFC_tse,5-15,-2.1282838428821704,6,-2.18409127855749,MAP_PMU,33,0.05580743567531954
0,x_tcsc,1-14,-0.10651246654563604,7,-0.10650647426468991,MAP_PMU,33,5.992280946123807e-06
1,B_svc,2,0.17505069696456155,7,0.17481718540140737,MAP_PMU,33,0.00023351156315418176
2,UPFC_Vsh,5-15,1.111469274190922,7,1.1072116531227494,MAP_PMU,33,0.004257621068172623
3,UPFC_tsh,5-15,-0.23566936588892998,7,-0.23588325761662496,MAP_PMU,33,0.00021389172769498144
4,UPFC_Vse,5-15,0.05837078842045102,7,0.062051247461420725,MAP_PMU,33,0.003680459040969704
5,UPFC_tse,5-15,-2.130090313675667,7,-2.18409127855749,MAP_PMU,33,0.054000964881823155
0,x_tcsc,1-14,-0.1064900797639885,8,-0.10650647426468991,MAP_PMU,33,1.6394500701413794e-05
1,B_svc,2,0.1748013144349944,8,0.17481718540140737,MAP_PMU,33,1.5870966412978582e-05
2,UPFC_Vsh,5-15,1.1119822457478128,8,1.1072116531227494,MAP_PMU,33,0.004770592625063408
3,UPFC_tsh,5-15,-0.23570418967153053,8,-0.23588325761662496,MAP_PMU,33,0.00017906794509442436
4,UPFC_Vse,5-15,0.05883736035660482,8,0.062051247461420725,MAP_PMU,33,0.0032138871048159046
5,UPFC_tse,5-15,-2.1349666391667825,8,-2.18409127855749,MAP_PMU,33,0.049124639390707436
0,x_tcsc,1-14,-0.10651485740714325,9,-0.10650647426468991,MAP_PMU,33,8.383142453341486e-06
1,B_svc,2,0.1748261066683432,9,0.17481718540140737,MAP_PMU,33,8.92126693582962e-06
2,UPFC_Vsh,5-15,1.111718235142001,9,1.1072116531227494,MAP_PMU,33,0.0045065820192515815
3,UPFC_tsh,5-15,-0.235751149899395,9,-0.23588325761662496,MAP_PMU,33,0.00013210771722996228
4,UPFC_Vse,5-15,0.05917178786039525,9,0.062051247461420725,MAP_PMU,33,0.0028794596010254733
5,UPFC_tse,5-15,-2.1260779804263876,9,-2.18409127855749,MAP_PMU,33,0.05801329813110234
0,x_tcsc,1-14,-0.10650665387718904,10,-0.10650647426468991,MAP_PMU,33,1.796124991237935e-07
1,B_svc,2,0.1746925235420857,10,0.17481718540140737,MAP_PMU,33,0.0001246618593216675
2,UPFC_Vsh,5-15,1.1115112328592562,10,1.1072116531227494,MAP_PMU,33,0.004299579736506853
3,UPFC_tsh,5-15,-0.2356565698446579,10,-0.23588325761662496,MAP_PMU,33,0.00022668777196704903
4,UPFC_Vse,5-15,0.058377624688525385,10,0.062051247461420725,MAP_PMU,33,0.0036736227728953394
5,UPFC_tse,5-15,-2.124272165081566,10,-2.18409127855749,MAP_PMU,33,0.059819113475923835
0,x_tcsc,1-14,-0.10650149649576345,11,-0.10650647426468991,MAP_PMU,33,4.977768926467396e-06
1,B_svc,2,0.17484771735717233,11,0.17481718540140737,MAP_PMU,33,3.053195576496748e-05
2,UPFC_Vsh,5-15,1.111197928151805,11,1.1072116531227494,MAP_PMU,33,0.003986275029055575
3,UPFC_tsh,5-15,-0.2357355447320335,11,-0.23588325761662496,MAP_PMU,33,0.00014771288459144993
4,UPFC_Vse,5-15,0.05842181825962603,11,0.062051247461420725,MAP_PMU,33,0.0036294292017946955
5,UPFC_tse,5-15,-2.13154895705582,11,-2.18409127855749,MAP_PMU,33,0.05254232150167004
0,x_tcsc,1-14,-0.1065060826752432,12,-0.10650647426468991,MAP_PMU,33,3.91589446716023e-07
1,B_svc,2,0.1747002257900733,12,0.17481718540140737,MAP_PMU,33,0.00011695961133406652
2,UPFC_Vsh,5-15,1.1117561961389189,12,1.1072116531227494,MAP_PMU,33,0.004544543016169467
3,UPFC_tsh,5-15,-0.23578284121964838,12,-0.23588325761662496,MAP_PMU,33,0.00010041639697658256
4,UPFC_Vse,5-15,0.058799631954789565,12,0.062051247461420725,MAP_PMU,33,0.00325161550663116
5,UPFC_tse,5-15,-2.1244995079670286,12,-2.18409127855749,MAP_PMU,33,0.05959177059046139
0,x_tcsc,1-14,-0.1065080541539616,13,-0.10650647426468991,MAP_PMU,33,1.5798892716856194e-06
1,B_svc,2,0.1745882012033195,13,0.17481718540140737,MAP_PMU,33,0.00022898419808786707
2,UPFC_Vsh,5-15,1.111660567611124,13,1.1072116531227494,MAP_PMU,33,0.004448914488374589
3,UPFC_tsh,5-15,-0.23578271495482397,13,-0.23588325761662496,MAP_PMU,33,0.00010054266180098415
4,UPFC_Vse,5-15,0.05885343516659803,13,0.062051247461420725,MAP_PMU,33,0.0031978122948226953
5,UPFC_tse,5-15,-2.1389271650418777,13,-2.18409127855749,MAP_PMU,33,0.045164113515612225
0,x_tcsc,1-14,-0.10648941158824118,14,-0.10650647426468991,MAP_PMU,33,1.706267644872861e-05
1,B_svc,2,0.17472012619916755,14,0.17481718540140737,MAP_PMU,33,9.705920223981868e-05
2,UPFC_Vsh,5-15,1.1113543583514935,14,1.1072116531227494,MAP_PMU,33,0.004142705228744159
3,UPFC_tsh,5-15,-0.23572468148196213,14,-0.23588325761662496,MAP_PMU,33,0.00015857613466283005
4,UPFC_Vse,5-15,0.0588554316731542,14,0.062051247461420725,MAP_PMU,33,0.003195815788266526
5,UPFC_tse,5-15,-2.131375897984047,14,-2.18409127855749,MAP_PMU,33,0.05271538057344305
0,x_tcsc,1-14,-0.10651214207660106,15,-0.10650647426468991,MAP_PMU,33,5.667811911150289e-06
1,B_svc,2,0.1743799263983411,15,0.17481718540140737,MAP_PMU,33,0.00043725900306626486
2,UPFC_Vsh,5-15,1.1110076350219218,15,1.1072116531227494,MAP_PMU,33,0.003795981899172407
3,UPFC_tsh,5-15,-0.2357822091604912,15,-0.23588325761662496,MAP_PMU,33,0.00010104845613376212
4,UPFC_Vse,5-15,0.05940564723445263,15,0.062051247461420725,MAP_PMU,33,0.002645600226968095
5,UPFC_tse,5-15,-2.136987403200146,15,-2.18409127855749,MAP_PMU,33,0.04710387535734384
0,x_tcsc,1-14,-0.10648822716614771,16,-0.10650647426468991,MAP_PMU,33,1.824709854220119e-05
1,B_svc,2,0.17454196586202114,16,0.17481718540140737,MAP_PMU,33,0.00027521953938622334
2,UPFC_Vsh,5-15,1.1114764752911983,16,1.1072116531227494,MAP_PMU,33,0.004264822168448923
3,UPFC_tsh,5-15,-0.2356808622072503,16,-0.23588325761662496,MAP_PMU,33,0.00020239540937466716
4,UPFC_Vse,5-15,0.05918253021035781,16,0.062051247461420725,MAP_PMU,33,0.0028687172510629133
5,UPFC_tse,5-15,-2.127025394912597,16,-2.18409127855749,MAP_PMU,33,0.057065883644892956
0,x_tcsc,1-14,-0.10656679481981562,17,-0.10650647426468991,MAP_PMU,33,6.032055512571188e-05
1,B_svc,2,0.17463844019384311,17,0.17481718540140737,MAP_PMU,33,0.0001787452075642515
2,UPFC_Vsh,5-15,1.1117817874707985,17,1.1072116531227494,MAP_PMU,33,0.004570134348049093
3,UPFC_tsh,5-15,-0.23571848936506748,17,-0.23588325761662496,MAP_PMU,33,0.00016476825155747887
4,UPFC_Vse,5-15,0.05840063393279824,17,0.062051247461420725,MAP_PMU,33,0.003650613528622483
5,UPFC_tse,5-15,-2.1228614427906516,17,-2.18409127855749,MAP_PMU,33,0.06122983576683838
0,x_tcsc,1-14,-0.10652270611703782,18,-0.10650647426468991,MAP_PMU,33,1.623185234790603e-05
1,B_svc,2,0.17448500429001293,18,0.17481718540140737,MAP_PMU,33,0.0003321811113944362
2,UPFC_Vsh,5-15,1.1116285292105748,18,1.1072116531227494,MAP_PMU,33,0.004416876087825372
3,UPFC_tsh,5-15,-0.23571107895931476,18,-0.23588325761662496,MAP_PMU,33,0.00017217865731020132
4,UPFC_Vse,5-15,0.05940424007235539,18,0.062051247461420725,MAP_PMU,33,0.0026470073890653353
5,UPFC_tse,5-15,-2.1310066399285637,18,-2.18409127855749,MAP_PMU,33,0.05308463862892632
0,x_tcsc,1-14,-0.10651157969738198,19,-0.10650647426468991,MAP_PMU,33,5.105432692067979e-06
1,B_svc,2,0.17510550838053643,19,0.17481718540140737,MAP_PMU,33,0.00028832297912906313
2,UPFC_Vsh,5-15,1.1113810999872258,19,1.1072116531227494,MAP_PMU,33,0.0041694468644764004
3,UPFC_tsh,5-15,-0.2357365555659538,19,-0.23588325761662496,MAP_PMU,33,0.00014670205067116027
4,UPFC_Vse,5-15,0.05873898167958265,19,0.062051247461420725,MAP_PMU,33,0.003312265781838075
5,UPFC_tse,5-15,-2.1368021623025264,19,-2.18409127855749,MAP_PMU,33,0.04728911625496357
0,x_tcsc,1-14,-0.10651096011445042,20,-0.10650647426468991,MAP_PMU,33,4.485849760510474e-06
1,B_svc,2,0.17429932012809488,20,0.17481718540140737,MAP_PMU,33,0.00051786527331249
2,UPFC_Vsh,5-15,1.1120244073190824,20,1.1072116531227494,MAP_PMU,33,0.00481275419633298
3,UPFC_tsh,5-15,-0.2356900724071672,20,-0.23588325761662496,MAP_PMU,33,0.00019318520945776907
4,UPFC_Vse,5-15,0.05889725407716635,20,0.062051247461420725,MAP_PMU,33,0.003153993384254372
5,UPFC_tse,5-15,-2.132832648706538,20,-2.18409127855749,MAP_PMU,33,0.05125862985095209
0,x_tcsc,1-14,-0.10651083366998589,21,-0.10650647426468991,MAP_PMU,33,4.359405295972785e-06
1,B_svc,2,0.1750956251303474,21,0.17481718540140737,MAP_PMU,33,0.00027843972894003866
2,UPFC_Vsh,5-15,1.1117059195117671,21,1.1072116531227494,MAP_PMU,33,0.0044942663890177315
3,UPFC_tsh,5-15,-0.23568102366397134,21,-0.23588325761662496,MAP_PMU,33,0.00020223395265361876
4,UPFC_Vse,5-15,0.059351443007963835,21,0.062051247461420725,MAP_PMU,33,0.00269980445345689
5,UPFC_tse,5-15,-2.125803564122173,21,-2.18409127855749,MAP_PMU,33,0.058287714435317106
0,x_tcsc,1-14,-0.10649883135828356,22,-0.10650647426468991,MAP_PMU,33,7.642906406354899e-06
1,B_svc,2,0.175105813517276,22,0.17481718540140737,MAP_PMU,33,0.00028862811586863324
2,UPFC_Vsh,5-15,1.1113540543047957,22,1.1072116531227494,MAP_PMU,33,0.00414240118204634
3,UPFC_tsh,5-15,-0.2357213707435663,22,-0.23588325761662496,MAP_PMU,33,0.00016188687305865312
4,UPFC_Vse,5-15,0.059334457608697926,22,0.062051247461420725,MAP_PMU,33,0.0027167898527227993
5,UPFC_tse,5-15,-2.139499525290627,22,-2.18409127855749,MAP_PMU,33,0.044591753266863154
0,x_tcsc,1-14,-0.1065340253088132,23,-0.10650647426468991,MAP_PMU,33,2.7551044123289015e-05
1,B_svc,2,0.17476873830360962,23,0.17481718540140737,MAP_PMU,33,4.844709779774914e-05
2,UPFC_Vsh,5-15,1.1114998491806405,23,1.1072116531227494,MAP_PMU,33,0.004288196057891103
3,UPFC_tsh,5-15,-0.235707125741138,23,-0.23588325761662496,MAP_PMU,33,0.00017613187548695675
4,UPFC_Vse,5-15,0.05927619955031048,23,0.062051247461420725,MAP_PMU,33,0.0027750479111102455
5,UPFC_tse,5-15,-2.1337324535603055,23,-2.18409127855749,MAP_PMU,33,0.05035882499718447
0,x_tcsc,1-14,-0.10650488483214156,24,-0.10650647426468991,MAP_PMU,33,1.5894325483545302e-06
1,B_svc,2,0.1745038223609279,24,0.17481718540140737,MAP_PMU,33,0.00031336304047946406
2,UPFC_Vsh,5-15,1.1121268397903952,24,1.1072116531227494,MAP_PMU,33,0.004915186667645788
3,UPFC_tsh,5-15,-0.23571105023804287,24,-0.23588325761662496,MAP_PMU,33,0.0001722073785820899
4,UPFC_Vse,5-15,0.05855498915009938,24,0.062051247461420725,MAP_PMU,33,0.003496258311321346
5,UPFC_tse,5-15,-2.12859989281312,24,-2.18409127855749,MAP_PMU,33,0.05549138574437018
0,x_tcsc,1-14,-0.10649736682623433,25,-0.10650647426468991,MAP_PMU,33,9.107438455585593e-06
1,B_svc,2,0.17488167116681377,25,0.17481718540140737,MAP_PMU,33,6.448576540640794e-05
2,UPFC_Vsh,5-15,1.1117910428082136,25,1.1072116531227494,MAP_PMU,33,0.00457938968546423
3,UPFC_tsh,5-15,-0.2357168215389588,25,-0.23588325761662496,MAP_PMU,33,0.00016643607766617108
4,UPFC_Vse,5-15,0.05867735279235308,25,0.062051247461420725,MAP_PMU,33,0.003373894669067644
5,UPFC_tse,5-15,-2.130744725545921,25,-2.18409127855749,MAP_PMU,33,0.053346553011568876
0,x_tcsc,1-14,-0.1065072443232341,26,-0.10650647426468991,MAP_PMU,33,7.700585441805519e-07
1,B_svc,2,0.1750433470930818,26,0.17481718540140737,MAP_PMU,33,0.00022616169167444244
2,UPFC_Vsh,5-15,1.1116508847127147,26,1.1072116531227494,MAP_PMU,33,0.004439231589965287
3,UPFC_tsh,5-15,-0.23567612087821965,26,-0.23588325761662496,MAP_PMU,33,0.00020713673840530578
4,UPFC_Vse,5-15,0.0588777450810861,26,0.062051247461420725,MAP_PMU,33,0.0031735023803346266
5,UPFC_tse,5-15,-2.1187600182743487,26,-2.18409127855749,MAP_PMU,33,0.06533126028314129
0,x_tcsc,1-14,-0.10652684451633296,27,-0.10650647426468991,MAP_PMU,33,2.03702516430454e-05
1,B_svc,2,0.17457866760186297,27,0.17481718540140737,MAP_PMU,33,0.00023851779954439656
2,UPFC_Vsh,5-15,1.111936964860385,27,1.1072116531227494,MAP_PMU,33,0.0047253117376355736
3,UPFC_tsh,5-15,-0.2357109363478084,27,-0.23588325761662496,MAP_PMU,33,0.0001723212688165554
4,UPFC_Vse,5-15,0.058631526700832666,27,0.062051247461420725,MAP_PMU,33,0.003419720760588059
5,UPFC_tse,5-15,-2.1262602691531165,27,-2.18409127855749,MAP_PMU,33,0.05783100940437347
0,x_tcsc,1-14,-0.10651607462181861,28,-0.10650647426468991,MAP_PMU,33,9.60035712870011e-06
1,B_svc,2,0.1751069195799989,28,0.17481718540140737,MAP_PMU,33,0.00028973417859154416
2,UPFC_Vsh,5-15,1.1113564853030906,28,1.1072116531227494,MAP_PMU,33,0.004144832180341229
3,UPFC_tsh,5-15,-0.2357948833185518,28,-0.23588325761662496,MAP_PMU,33,8.837429807315167e-05
4,UPFC_Vse,5-15,0.05967145946969699,28,0.062051247461420725,MAP_PMU,33,0.002379787991723732
5,UPFC_tse,5-15,-2.134024787426999,28,-2.18409127855749,MAP_PMU,33,0.05006649113049111
0,x_tcsc,1-14,-0.10650096556313345,29,-0.10650647426468991,MAP_PMU,33,5.508701556466988e-06
1,B_svc,2,0.17539894616742302,29,0.17481718540140737,MAP_PMU,33,0.0005817607660156543
2,UPFC_Vsh,5-15,1.111834835206924,29,1.1072116531227494,MAP_PMU,33,0.004623182084174671
3,UPFC_tsh,5-15,-0.23572895513567443,29,-0.23588325761662496,MAP_PMU,33,0.00015430248095052446
4,UPFC_Vse,5-15,0.059261160671054906,29,0.062051247461420725,MAP_PMU,33,0.0027900867903658186
5,UPFC_tse,5-15,-2.123068244202977,29,-2.18409127855749,MAP_PMU,33,0.06102303435451306
0,x_tcsc,1-14,-0.10653293139299008,30,-0.10650647426468991,MAP_PMU,33,2.6457128300169663e-05
1,B_svc,2,0.1749557046965633,30,0.17481718540140737,MAP_PMU,33,0.0001385192951559311
2,UPFC_Vsh,5-15,1.1118293666491175,30,1.1072116531227494,MAP_PMU,33,0.0046177135263680835
3,UPFC_tsh,5-15,-0.2356851983749484,30,-0.23588325761662496,MAP_PMU,33,0.00019805924167656808
4,UPFC_Vse,5-15,0.059508441580533804,30,0.062051247461420725,MAP_PMU,33,0.002542805880886921
5,UPFC_tse,5-15,-2.1383474735949273,30,-2.18409127855749,MAP_PMU,33,0.045743804962562695
0,x_tcsc,1-14,-0.10650623336114844,31,-0.10650647426468991,MAP_PMU,33,2.4090354147632276e-07
1,B_svc,2,0.17502270688990598,31,0.17481718540140737,MAP_PMU,33,0.00020552148849861673
2,UPFC_Vsh,5-15,1.111388199977759,31,1.1072116531227494,MAP_PMU,33,0.004176546855009677
3,UPFC_tsh,5-15,-0.23566766216419338,31,-0.23588325761662496,MAP_PMU,33,0.0002155954524315773
4,UPFC_Vse,5-15,0.058627229585690444,31,0.062051247461420725,MAP_PMU,33,0.0034240178757302814
5,UPFC_tse,5-15,-2.1302827597740874,31,-2.18409127855749,MAP_PMU,33,0.05380851878340254
0,x_tcsc,1-14,-0.10648564094616116,32,-0.10650647426468991,MAP_PMU,33,2.0833318528756806e-05
1,B_svc,2,0.1752837176269848,32,0.17481718540140737,MAP_PMU,33,0.00046653222557743734
2,UPFC_Vsh,5-15,1.1117476379296631,32,1.1072116531227494,MAP_PMU,33,0.004535984806913751
3,UPFC_tsh,5-15,-0.2357181569864458,32,-0.23588325761662496,MAP_PMU,33,0.0001651006301791602
4,UPFC_Vse,5-15,0.05827278096329246,32,0.062051247461420725,MAP_PMU,33,0.003778466498128262
5,UPFC_tse,5-15,-2.1239303584556155,32,-2.18409127855749,MAP_PMU,33,0.06016092010187446
0,x_tcsc,1-14,-0.10650639241210182,33,-0.10650647426468991,MAP_PMU,33,8.185258809634277e-08
1,B_svc,2,0.1746774793167101,33,0.17481718540140737,MAP_PMU,33,0.00013970608469726642
2,UPFC_Vsh,5-15,1.1118676286480098,33,1.1072116531227494,MAP_PMU,33,0.004655975525260425
3,UPFC_tsh,5-15,-0.23575640321517238,33,-0.23588325761662496,MAP_PMU,33,0.0001268544014525752
4,UPFC_Vse,5-15,0.0587207213800505,33,0.062051247461420725,MAP_PMU,33,0.0033305260813702234
5,UPFC_tse,5-15,-2.1334226416521105,33,-2.18409127855749,MAP_PMU,33,0.05066863690537948
0,x_tcsc,1-14,-0.10650709026027946,34,-0.10650647426468991,MAP_PMU,33,6.159955895507219e-07
1,B_svc,2,0.17452601675680712,34,0.17481718540140737,MAP_PMU,33,0.0002911686446002426
2,UPFC_Vsh,5-15,1.1116955365667351,34,1.1072116531227494,MAP_PMU,33,0.004483883443985759
3,UPFC_tsh,5-15,-0.2356875262288974,34,-0.23588325761662496,MAP_PMU,33,0.00019573138772754906
4,UPFC_Vse,5-15,0.05891860486430413,34,0.062051247461420725,MAP_PMU,33,0.003132642597116597
5,UPFC_tse,5-15,-2.131263601847671,34,-2.18409127855749,MAP_PMU,33,0.05282767670981903
0,x_tcsc,1-14,-0.10650500585012486,35,-0.10650647426468991,MAP_PMU,33,1.468414565053422e-06
1,B_svc,2,0.1745922319676146,35,0.17481718540140737,MAP_PMU,33,0.00022495343379277943
2,UPFC_Vsh,5-15,1.1118308169733735,35,1.1072116531227494,MAP_PMU,33,0.004619163850624108
3,UPFC_tsh,5-15,-0.2355884532100471,35,-0.23588325761662496,MAP_PMU,33,0.00029480440657786433
4,UPFC_Vse,5-15,0.058709129772104,35,0.062051247461420725,MAP_PMU,33,0.0033421176893167273
5,UPFC_tse,5-15,-2.1180903659980532,35,-2.18409127855749,MAP_PMU,33,0.06600091255943674
0,x_tcsc,1-14,-0.10649806651665361,36,-0.10650647426468991,MAP_PMU,33,8.40774803630151e-06
1,B_svc,2,0.17473565760420903,36,0.17481718540140737,MAP_PMU,33,8.152779719833303e-05
2,UPFC_Vsh,5-15,1.111550039440242,36,1.1072116531227494,MAP_PMU,33,0.004338386317492615
3,UPFC_tsh,5-15,-0.2357603321754217,36,-0.23588325761662496,MAP_PMU,33,0.00012292544120326432
4,UPFC_Vse,5-15,0.05909057455575727,36,0.062051247461420725,MAP_PMU,33,0.0029606729056634515
5,UPFC_tse,5-15,-2.1380729507748866,36,-2.18409127855749,MAP_PMU,33,0.046018327782603397
0,x_tcsc,1-14,-0.10649479632376391,37,-0.10650647426468991,MAP_PMU,33,1.1677940926005381e-05
1,B_svc,2,0.17495317883829434,37,0.17481718540140737,MAP_PMU,33,0.00013599343688697196
2,UPFC_Vsh,5-15,1.1117881691689584,37,1.1072116531227494,MAP_PMU,33,0.0045765160462090115
3,UPFC_tsh,5-15,-0.23576670565760363,37,-0.23588325761662496,MAP_PMU,33,0.00011655195902132709
4,UPFC_Vse,5-15,0.05945083762799579,37,0.062051247461420725,MAP_PMU,33,0.002600409833424938
5,UPFC_tse,5-15,-2.1341159972777133,37,-2.18409127855749,MAP_PMU,33,0.049975281279776684
0,x_tcsc,1-14,-0.10650006913430761,38,-0.10650647426468991,MAP_PMU,33,6.40513038230317e-06
1,B_svc,2,0.17493317925572746,38,0.17481718540140737,MAP_PMU,33,0.00011599385432009557
2,UPFC_Vsh,5-15,1.1115914031830043,38,1.1072116531227494,MAP_PMU,33,0.004379750060254928
3,UPFC_tsh,5-15,-0.23573643025087396,38,-0.23588325761662496,MAP_PMU,33,0.00014682736575100108
4,UPFC_Vse,5-15,0.05884641234137727,38,0.062051247461420725,MAP_PMU,33,0.0032048351200434574
5,UPFC_tse,5-15,-2.136688846182571,38,-2.18409127855749,MAP_PMU,33,0.047402432374918924
0,x_tcsc,1-14,-0.10651343614540196,39,-0.10650647426468991,MAP_PMU,33,6.961880712044732e-06
1,B_svc,2,0.17477646751581338,39,0.17481718540140737,MAP_PMU,33,4.0717885593982706e-05
2,UPFC_Vsh,5-15,1.1114457688388566,39,1.1072116531227494,MAP_PMU,33,0.004234115716107212
3,UPFC_tsh,5-15,-0.23567129337263065,39,-0.23588325761662496,MAP_PMU,33,0.0002119642439943059
4,UPFC_Vse,5-15,0.0585361089820974,39,0.062051247461420725,MAP_PMU,33,0.003515138479323325
5,UPFC_tse,5-15,-2.1315378467504495,39,-2.18409127855749,MAP_PMU,33,0.05255343180704042
0,x_tcsc,1-14,-0.10651563627936354,40,-0.10650647426468991,MAP_PMU,33,9.162014673630425e-06
1,B_svc,2,0.1752105154292622,40,0.17481718540140737,MAP_PMU,33,0.00039333002785482685
2,UPFC_Vsh,5-15,1.1114967929779316,40,1.1072116531227494,MAP_PMU,33,0.004285139855182196
3,UPFC_tsh,5-15,-0.23576944101233355,40,-0.23588325761662496,MAP_PMU,33,0.00011381660429141127
4,UPFC_Vse,5-15,0.05926510424038082,40,0.062051247461420725,MAP_PMU,33,0.0027861432210399065
5,UPFC_tse,5-15,-2.1467498431557783,40,-2.18409127855749,MAP_PMU,33,0.03734143540171164
0,x_tcsc,1-14,-0.10650545458213674,41,-0.10650647426468991,MAP_PMU,33,1.0196825531716414e-06
1,B_svc,2,0.1745137388585108,41,0.17481718540140737,MAP_PMU,33,0.0003034465428965738
2,UPFC_Vsh,5-15,1.1115077807917153,41,1.1072116531227494,MAP_PMU,33,0.004296127668965921
3,UPFC_tsh,5-15,-0.2357286341619952,41,-0.23588325761662496,MAP_PMU,33,0.0001546234546297709
4,UPFC_Vse,5-15,0.058704649487268515,41,0.062051247461420725,MAP_PMU,33,0.00334659797415221
5,UPFC_tse,5-15,-2.129899867233588,41,-2.18409127855749,MAP_PMU,33,0.05419141132390193
0,x_tcsc,1-14,-0.1065116273398831,42,-0.10650647426468991,MAP_PMU,33,5.1530751931927465e-06
1,B_svc,2,0.17497466298379585,42,0.17481718540140737,MAP_PMU,33,0.00015747758238848775
2,UPFC_Vsh,5-15,1.1117948715516024,42,1.1072116531227494,MAP_PMU,33,0.004583218428853009
3,UPFC_tsh,5-15,-0.23574976474430342,42,-0.23588325761662496,MAP_PMU,33,0.0001334928723215334
4,UPFC_Vse,5-15,0.05906824320649826,42,0.062051247461420725,MAP_PMU,33,0.0029830042549224625
5,UPFC_tse,5-15,-2.136593062817331,42,-2.18409127855749,MAP_PMU,33,0.04749821574015911
0,x_tcsc,1-14,-0.1065024977498992,43,-0.10650647426468991,MAP_PMU,33,3.976514790712815e-06
1,B_svc,2,0.17475645326669326,43,0.17481718540140737,MAP_PMU,33,6.0732134714108765e-05
2,UPFC_Vsh,5-15,1.1115594789345218,43,1.1072116531227494,MAP_PMU,33,0.004347825811772399
3,UPFC_tsh,5-15,-0.2357344475417233,43,-0.23588325761662496,MAP_PMU,33,0.00014881007490166742
4,UPFC_Vse,5-15,0.05907852622979113,43,0.062051247461420725,MAP_PMU,33,0.002972721231629595
5,UPFC_tse,5-15,-2.1318280933689713,43,-2.18409127855749,MAP_PMU,33,0.05226318518851869
0,x_tcsc,1-14,-0.10650046502357528,44,-0.10650647426468991,MAP_PMU,33,6.009241114629527e-06
1,B_svc,2,0.17479860385098467,44,0.17481718540140737,MAP_PMU,33,1.8581550422697157e-05
2,UPFC_Vsh,5-15,1.111813452111897,44,1.1072116531227494,MAP_PMU,33,0.0046017989891475874
3,UPFC_tsh,5-15,-0.23561819187205538,44,-0.23588325761662496,MAP_PMU,33,0.00026506574456958143
4,UPFC_Vse,5-15,0.05961717674652554,44,0.062051247461420725,MAP_PMU,33,0.002434070714895188
5,UPFC_tse,5-15,-2.127052521475652,44,-2.18409127855749,MAP_PMU,33,0.05703875708183803
0,x_tcsc,1-14,-0.10650373440410905,45,-0.10650647426468991,MAP_PMU,33,2.7398605808581777e-06
1,B_svc,2,0.17480859925969,45,0.17481718540140737,MAP_PMU,33,8.586141717364937e-06
2,UPFC_Vsh,5-15,1.1115375722113636,45,1.1072116531227494,MAP_PMU,33,0.0043259190886142385
3,UPFC_tsh,5-15,-0.23575702986976388,45,-0.23588325761662496,MAP_PMU,33,0.00012622774686107952
4,UPFC_Vse,5-15,0.058956434268941656,45,0.062051247461420725,MAP_PMU,33,0.0030948131924790692
5,UPFC_tse,5-15,-2.1297144322374653,45,-2.18409127855749,MAP_PMU,33,0.05437684632002471
0,x_tcsc,1-14,-0.10651303892359773,46,-0.10650647426468991,MAP_PMU,33,6.564658907817766e-06
1,B_svc,2,0.17501105722891308,46,0.17481718540140737,MAP_PMU,33,0.00019387182750571497
2,UPFC_Vsh,5-15,1.1113760644644624,46,1.1072116531227494,MAP_PMU,33,0.00416441134171297
3,UPFC_tsh,5-15,-0.23580431757761836,46,-0.23588325761662496,MAP_PMU,33,7.894003900660307e-05
4,UPFC_Vse,5-15,0.05857935032723618,46,0.062051247461420725,MAP_PMU,33,0.003471897134184547
5,UPFC_tse,5-15,-2.128250633773402,46,-2.18409127855749,MAP_PMU,33,0.05584064478408779
0,x_tcsc,1-14,-0.1065059247629494,47,-0.10650647426468991,MAP_PMU,33,5.495017405127145e-07
1,B_svc,2,0.17470105740525035,47,0.17481718540140737,MAP_PMU,33,0.00011612799615701164
2,UPFC_Vsh,5-15,1.1116528850414253,47,1.1072116531227494,MAP_PMU,33,0.004441231918675959
3,UPFC_tsh,5-15,-0.2357408557343736,47,-0.23588325761662496,MAP_PMU,33,0.00014240188225136952
4,UPFC_Vse,5-15,0.05923055631530542,47,0.062051247461420725,MAP_PMU,33,0.0028206911461153075
5,UPFC_tse,5-15,-2.13098507923421,47,-2.18409127855749,MAP_PMU,33,0.05310619932327976
0,x_tcsc,1-14,-0.10651741174592767,48,-0.10650647426468991,MAP_PMU,33,1.0937481237760505e-05
1,B_svc,2,0.17513701868528433,48,0.17481718540140737,MAP_PMU,33,0.0003198332838769691
2,UPFC_Vsh,5-15,1.1117967185430162,48,1.1072116531227494,MAP_PMU,33,0.004585065420266821
3,UPFC_tsh,5-15,-0.2356900721376454,48,-0.23588325761662496,MAP_PMU,33,0.00019318547897956284
4,UPFC_Vse,5-15,0.058790924689521344,48,0.062051247461420725,MAP_PMU,33,0.0032603227718993807
5,UPFC_tse,5-15,-2.1251468932383637,48,-2.18409127855749,MAP_PMU,33,0.05894438531912627
0,x_tcsc,1-14,-0.10650720995484798,49,-0.10650647426468991,MAP_PMU,33,7.356901580712893e-07
1,B_svc,2,0.1747170131151364,49,0.17481718540140737,MAP_PMU,33,0.00010017228627096086
2,UPFC_Vsh,5-15,1.1121344269149556,49,1.1072116531227494,MAP_PMU,33,0.004922773792206181
3,UPFC_tsh,5-15,-0.23564142072792993,49,-0.23588325761662496,MAP_PMU,33,0.0002418368886950295
4,UPFC_Vse,5-15,0.058640173978820466,49,0.062051247461420725,MAP_PMU,33,0.003411073482600259
5,UPFC_tse,5-15,-2.1247534655687383,49,-2.18409127855749,MAP_PMU,33,0.059337812988751626
0,x_tcsc,1-14,-0.10650486147552318,50,-0.10650647426468991,MAP_PMU,33,1.612789166730022e-06
1,B_svc,2,0.17454543144238743,50,0.17481718540140737,MAP_PMU,33,0.0002717539590199325
2,UPFC_Vsh,5-15,1.1117068881444374,50,1.1072116531227494,MAP_PMU,33,0.004495235021688027
3,UPFC_tsh,5-15,-0.23569016939575332,50,-0.23588325761662496,MAP_PMU,33,0.00019308822087163446
4,UPFC_Vse,5-15,0.058814152634282205,50,0.062051247461420725,MAP_PMU,33,0.0032370948271385203
5,UPFC_tse,5-15,-2.1252108115095725,50,-2.18409127855749,MAP_PMU,33,0.058880467047917495
0,x_tcsc,1-14,-0.10648926314328955,51,-0.10650647426468991,MAP_PMU,33,1.721112140036507e-05
1,B_svc,2,0.17508214301495179,51,0.17481718540140737,MAP_PMU,33,0.0002649576135444198
2,UPFC_Vsh,5-15,1.1117589982380631,51,1.1072116531227494,MAP_PMU,33,0.004547345115313739
3,UPFC_tsh,5-15,-0.23567767208254323,51,-0.23588325761662496,MAP_PMU,33,0.00020558553408173141
4,UPFC_Vse,5-15,0.05895957349026144,51,0.062051247461420725,MAP_PMU,33,0.003091673971159288
5,UPFC_tse,5-15,-2.1338046896991267,51,-2.18409127855749,MAP_PMU,33,0.050286588858363235
0,x_tcsc,1-14,-0.10650887119785485,52,-0.10650647426468991,MAP_PMU,33,2.3969331649359438e-06
1,B_svc,2,0.1748925206153667,52,0.17481718540140737,MAP_PMU,33,7.533521395933218e-05
2,UPFC_Vsh,5-15,1.1114383543338247,52,1.1072116531227494,MAP_PMU,33,0.004226701211075268
3,UPFC_tsh,5-15,-0.23563430447525974,52,-0.23588325761662496,MAP_PMU,33,0.0002489531413652213
4,UPFC_Vse,5-15,0.0586780198897361,52,0.062051247461420725,MAP_PMU,33,0.0033732275716846227
5,UPFC_tse,5-15,-2.132645300055144,52,-2.18409127855749,MAP_PMU,33,0.051445978502346
0,x_tcsc,1-14,-0.10650306866528281,53,-0.10650647426468991,MAP_PMU,33,3.4055994071052753e-06
1,B_svc,2,0.1745492050653651,53,0.17481718540140737,MAP_PMU,33,0.00026798033604227833
2,UPFC_Vsh,5-15,1.1113708970238656,53,1.1072116531227494,MAP_PMU,33,0.004159243901116216
3,UPFC_tsh,5-15,-0.23569020601841614,53,-0.23588325761662496,MAP_PMU,33,0.00019305159820881546
4,UPFC_Vse,5-15,0.058557502772117326,53,0.062051247461420725,MAP_PMU,33,0.003493744689303399
5,UPFC_tse,5-15,-2.125351932411125,53,-2.18409127855749,MAP_PMU,33,0.058739346146365
0,x_tcsc,1-14,-0.10651143453956592,54,-0.10650647426468991,MAP_PMU,33,4.960274876009141e-06
1,B_svc,2,0.17539583910944417,54,0.17481718540140737,MAP_PMU,33,0.0005786537080368082
2,UPFC_Vsh,5-15,1.1115745531300492,54,1.1072116531227494,MAP_PMU,33,0.004362900007299775
3,UPFC_tsh,5-15,-0.23571874715781096,54,-0.23588325761662496,MAP_PMU,33,0.0001645104588139934
4,UPFC_Vse,5-15,0.05862292289850962,54,0.062051247461420725,MAP_PMU,33,0.003428324562911103
5,UPFC_tse,5-15,-2.1339840720908825,54,-2.18409127855749,MAP_PMU,33,0.05010720646660749
0,x_tcsc,1-14,-0.10651196186385738,55,-0.10650647426468991,MAP_PMU,33,5.487599167464108e-06
1,B_svc,2,0.17467244378420033,55,0.17481718540140737,MAP_PMU,33,0.00014474161720703926
2,UPFC_Vsh,5-15,1.111719842898457,55,1.1072116531227494,MAP_PMU,33,0.0045081897757075495
3,UPFC_tsh,5-15,-0.23579172844786825,55,-0.23588325761662496,MAP_PMU,33,9.152916875670991e-05
4,UPFC_Vse,5-15,0.059243307323315474,55,0.062051247461420725,MAP_PMU,33,0.0028079401381052513
5,UPFC_tse,5-15,-2.1334329786742066,55,-2.18409127855749,MAP_PMU,33,0.05065829988328341
0,x_tcsc,1-14,-0.10648739779084135,56,-0.10650647426468991,MAP_PMU,33,1.9076473848564368e-05
1,B_svc,2,0.17532843377254145,56,0.17481718540140737,MAP_PMU,33,0.0005112483711340876
2,UPFC_Vsh,5-15,1.111110035600761,56,1.1072116531227494,MAP_PMU,33,0.003898382478011664
3,UPFC_tsh,5-15,-0.23578391582735725,56,-0.23588325761662496,MAP_PMU,33,9.934178926770953e-05
4,UPFC_Vse,5-15,0.05908040644696642,56,0.062051247461420725,MAP_PMU,33,0.0029708410144543076
5,UPFC_tse,5-15,-2.137335794406961,56,-2.18409127855749,MAP_PMU,33,0.0467554841505291
0,x_tcsc,1-14,-0.10651255518477815,57,-0.10650647426468991,MAP_PMU,33,6.080920088233355e-06
1,B_svc,2,0.17452745850267506,57,0.17481718540140737,MAP_PMU,33,0.00028972689873230095
2,UPFC_Vsh,5-15,1.1113019093977317,57,1.1072116531227494,MAP_PMU,33,0.0040902562749822735
3,UPFC_tsh,5-15,-0.23579578090715286,57,-0.23588325761662496,MAP_PMU,33,8.747670947209518e-05
4,UPFC_Vse,5-15,0.059416009708791996,57,0.062051247461420725,MAP_PMU,33,0.0026352377526287288
5,UPFC_tse,5-15,-2.1341964520315964,57,-2.18409127855749,MAP_PMU,33,0.04989482652589361
0,x_tcsc,1-14,-0.10651152540491475,58,-0.10650647426468991,MAP_PMU,33,5.051140224837658e-06
1,B_svc,2,0.1747430708186594,58,0.17481718540140737,MAP_PMU,33,7.4114582747975e-05
2,UPFC_Vsh,5-15,1.1114263243178266,58,1.1072116531227494,MAP_PMU,33,0.004214671195077235
3,UPFC_tsh,5-15,-0.23578182197459063,58,-0.23588325761662496,MAP_PMU,33,0.00010143564203432542
4,UPFC_Vse,5-15,0.058723313453639736,58,0.062051247461420725,MAP_PMU,33,0.003327934007780989
5,UPFC_tse,5-15,-2.1410970887289182,58,-2.18409127855749,MAP_PMU,33,0.04299418982857173
0,x_tcsc,1-14,-0.10649258604077226,59,-0.10650647426468991,MAP_PMU,33,1.3888223917651876e-05
1,B_svc,2,0.1748932567792522,59,0.17481718540140737,MAP_PMU,33,7.607137784482187e-05
2,UPFC_Vsh,5-15,1.1114556318843798,59,1.1072116531227494,MAP_PMU,33,0.004243978761630407
3,UPFC_tsh,5-15,-0.23572176084921426,59,-0.23588325761662496,MAP_PMU,33,0.00016149676741070151
4,UPFC_Vse,5-15,0.05935151228692153,59,0.062051247461420725,MAP_PMU,33,0.0026997351744991946
5,UPFC_tse,5-15,-2.128486566842586,59,-2.18409127855749,MAP_PMU,33,0.05560471171490411
0,x_tcsc,1-14,-0.1065209305415291,60,-0.10650647426468991,MAP_PMU,33,1.4456276839186488e-05
1,B_svc,2,0.17486846695269267,60,0.17481718540140737,MAP_PMU,33,5.128155128530931e-05
2,UPFC_Vsh,5-15,1.1114459741851652,60,1.1072116531227494,MAP_PMU,33,0.004234321062415836
3,UPFC_tsh,5-15,-0.23570932811973583,60,-0.23588325761662496,MAP_PMU,33,0.00017392949688913029
4,UPFC_Vse,5-15,0.059384398162765854,60,0.062051247461420725,MAP_PMU,33,0.0026668492986548706
5,UPFC_tse,5-15,-2.1398429161972867,60,-2.18409127855749,MAP_PMU,33,0.04424836236020324
0,x_tcsc,1-14,-0.10650079115342476,61,-0.10650647426468991,MAP_PMU,33,5.683111265156193e-06
1,B_svc,2,0.1744499943969975,61,0.17481718540140737,MAP_PMU,33,0.00036719100440987806
2,UPFC_Vsh,5-15,1.1118331719896695,61,1.1072116531227494,MAP_PMU,33,0.004621518866920082
3,UPFC_tsh,5-15,-0.235742979075136,61,-0.23588325761662496,MAP_PMU,33,0.00014027854148895846
4,UPFC_Vse,5-15,0.059175335882715105,61,0.062051247461420725,MAP_PMU,33,0.00287591157870562
5,UPFC_tse,5-15,-2.1342095333166426,61,-2.18409127855749,MAP_PMU,33,0.04988174524084732
0,x_tcsc,1-14,-0.10651306091062177,62,-0.10650647426468991,MAP_PMU,33,6.586645931852542e-06
1,B_svc,2,0.1749547260716038,62,0.17481718540140737,MAP_PMU,33,0.00013754067019644545
2,UPFC_Vsh,5-15,1.1116641962902665,62,1.1072116531227494,MAP_PMU,33,0.004452543167517087
3,UPFC_tsh,5-15,-0.23571668883747893,62,-0.23588325761662496,MAP_PMU,33,0.0001665687791460313
4,UPFC_Vse,5-15,0.059180102046025446,62,0.062051247461420725,MAP_PMU,33,0.0028711454153952792
5,UPFC_tse,5-15,-2.1316685693699515,62,-2.18409127855749,MAP_PMU,33,0.05242270918753844
0,x_tcsc,1-14,-0.10653285113384482,63,-0.10650647426468991,MAP_PMU,33,2.6376869154909333e-05
1,B_svc,2,0.17479260678028724,63,0.17481718540140737,MAP_PMU,33,2.4578621120124877e-05
2,UPFC_Vsh,5-15,1.1118537952073577,63,1.1072116531227494,MAP_PMU,33,0.004642142084608336
3,UPFC_tsh,5-15,-0.23577767202091163,63,-0.23588325761662496,MAP_PMU,33,0.00010558559571333115
4,UPFC_Vse,5-15,0.05895632607491511,63,0.062051247461420725,MAP_PMU,33,0.0030949213865056127
5,UPFC_tse,5-15,-2.1350797995112796,63,-2.18409127855749,MAP_PMU,33,0.04901147904621039
0,x_tcsc,1-14,-0.10649838714914223,64,-0.10650647426468991,MAP_PMU,33,8.087115547686374e-06
1,B_svc,2,0.1750455768493275,64,0.17481718540140737,MAP_PMU,33,0.00022839144792013988
2,UPFC_Vsh,5-15,1.1115277059668942,64,1.1072116531227494,MAP_PMU,33,0.004316052844144824
3,UPFC_tsh,5-15,-0.23573130207467347,64,-0.23588325761662496,MAP_PMU,33,0.00015195554195149286
4,UPFC_Vse,5-15,0.05912051170099113,64,0.062051247461420725,MAP_PMU,33,0.002930735760429598
5,UPFC_tse,5-15,-2.1396317185094724,64,-2.18409127855749,MAP_PMU,33,0.04445956004801754
0,x_tcsc,1-14,-0.10650004433849394,65,-0.10650647426468991,MAP_PMU,33,6.429926195969382e-06
1,B_svc,2,0.17474013095950378,65,0.17481718540140737,MAP_PMU,33,7.705444190359012e-05
2,UPFC_Vsh,5-15,1.1115348551110487,65,1.1072116531227494,MAP_PMU,33,0.0043232019882992745
3,UPFC_tsh,5-15,-0.23568129093398732,65,-0.23588325761662496,MAP_PMU,33,0.00020196668263763873
4,UPFC_Vse,5-15,0.059139098233040324,65,0.062051247461420725,MAP_PMU,33,0.0029121492283804007
5,UPFC_tse,5-15,-2.129047259918016,65,-2.18409127855749,MAP_PMU,33,0.05504401863947406
0,x_tcsc,1-14,-0.10651269797066118,66,-0.10650647426468991,MAP_PMU,33,6.223705971267202e-06
1,B_svc,2,0.17488451269944438,66,0.17481718540140737,MAP_PMU,33,6.732729803701765e-05
2,UPFC_Vsh,5-15,1.1119812572471686,66,1.1072116531227494,MAP_PMU,33,0.00476960412441918
3,UPFC_tsh,5-15,-0.23567467040774714,66,-0.23588325761662496,MAP_PMU,33,0.000208587208877814
4,UPFC_Vse,5-15,0.059151485405716596,66,0.062051247461420725,MAP_PMU,33,0.002899762055704129
5,UPFC_tse,5-15,-2.13006059621947,66,-2.18409127855749,MAP_PMU,33,0.054030682338019886
0,x_tcsc,1-14,-0.10649772862226323,67,-0.10650647426468991,MAP_PMU,33,8.74564242668574e-06
1,B_svc,2,0.1745135241524131,67,0.17481718540140737,MAP_PMU,33,0.0003036612489942525
2,UPFC_Vsh,5-15,1.1114618263438627,67,1.1072116531227494,MAP_PMU,33,0.004250173221113318
3,UPFC_tsh,5-15,-0.23567508282173374,67,-0.23588325761662496,MAP_PMU,33,0.00020817479489121382
4,UPFC_Vse,5-15,0.059060108823218105,67,0.062051247461420725,MAP_PMU,33,0.00299113863820262
5,UPFC_tse,5-15,-2.1337439874081046,67,-2.18409127855749,MAP_PMU,33,0.05034729114938541
0,x_tcsc,1-14,-0.10650473296889428,68,-0.10650647426468991,MAP_PMU,33,1.741295795637532e-06
1,B_svc,2,0.17489353467407975,68,0.17481718540140737,MAP_PMU,33,7.6349272672388e-05
2,UPFC_Vsh,5-15,1.1118047255148304,68,1.1072116531227494,MAP_PMU,33,0.004593072392081066
3,UPFC_tsh,5-15,-0.23571430206853425,68,-0.23588325761662496,MAP_PMU,33,0.00016895554809071012
4,UPFC_Vse,5-15,0.05921962004470307,68,0.062051247461420725,MAP_PMU,33,0.0028316274167176567
5,UPFC_tse,5-15,-2.126536141021561,68,-2.18409127855749,MAP_PMU,33,0.05755513753592911
0,x_tcsc,1-14,-0.10649717264253936,69,-0.10650647426468991,MAP_PMU,33,9.301622150556521e-06
1,B_svc,2,0.17525134949646445,69,0.17481718540140737,MAP_PMU,33,0.000434164095057088
2,UPFC_Vsh,5-15,1.1117816207977556,69,1.1072116531227494,MAP_PMU,33,0.00456996767500617
3,UPFC_tsh,5-15,-0.235708577929245,69,-0.23588325761662496,MAP_PMU,33,0.00017467968737996942
4,UPFC_Vse,5-15,0.05864362411407568,69,0.062051247461420725,MAP_PMU,33,0.003407623347345047
5,UPFC_tse,5-15,-2.121177966344991,69,-2.18409127855749,MAP_PMU,33,0.06291331221249896
0,x_tcsc,1-14,-0.10651416233014363,70,-0.10650647426468991,MAP_PMU,33,7.688065453717585e-06
1,B_svc,2,0.1744932029504669,70,0.17481718540140737,MAP_PMU,33,0.0003239824509404521
2,UPFC_Vsh,5-15,1.1114453944105451,70,1.1072116531227494,MAP_PMU,33,0.004233741287795745
3,UPFC_tsh,5-15,-0.23577771537719758,70,-0.23588325761662496,MAP_PMU,33,0.00010554223942738084
4,UPFC_Vse,5-15,0.05926971801207269,70,0.062051247461420725,MAP_PMU,33,0.002781529449348036
5,UPFC_tse,5-15,-2.1428961575850782,70,-2.18409127855749,MAP_PMU,33,0.041195120972411736
0,x_tcsc,1-14,-0.10650903554427643,71,-0.10650647426468991,MAP_PMU,33,2.56127958651875e-06
1,B_svc,2,0.17455887144928553,71,0.17481718540140737,MAP_PMU,33,0.00025831395212183583
2,UPFC_Vsh,5-15,1.1115494667491106,71,1.1072116531227494,MAP_PMU,33,0.004337813626361209
3,UPFC_tsh,5-15,-0.23569768111019096,71,-0.23588325761662496,MAP_PMU,33,0.0001855765064339987
4,UPFC_Vse,5-15,0.05913792646079219,71,0.062051247461420725,MAP_PMU,33,0.0029133210006285354
5,UPFC_tse,5-15,-2.121767952924601,71,-2.18409127855749,MAP_PMU,33,0.06232332563288878
0,x_tcsc,1-14,-0.10650502827290945,72,-0.10650647426468991,MAP_PMU,33,1.445991780466005e-06
1,B_svc,2,0.17516548871696042,72,0.17481718540140737,MAP_PMU,33,0.00034830331555305016
2,UPFC_Vsh,5-15,1.1116919465663357,72,1.1072116531227494,MAP_PMU,33,0.004480293443586358
3,UPFC_tsh,5-15,-0.2357255192570433,72,-0.23588325761662496,MAP_PMU,33,0.0001577383595816606
4,UPFC_Vse,5-15,0.058714328385585046,72,0.062051247461420725,MAP_PMU,33,0.0033369190758356787
5,UPFC_tse,5-15,-2.1288374572508695,72,-2.18409127855749,MAP_PMU,33,0.05525382130662049
0,x_tcsc,1-14,-0.10650617401446791,73,-0.10650647426468991,MAP_PMU,33,3.002502220045278e-07
1,B_svc,2,0.17482402821648144,73,0.17481718540140737,MAP_PMU,33,6.842815074070696e-06
2,UPFC_Vsh,5-15,1.111482623383383,73,1.1072116531227494,MAP_PMU,33,0.004270970260633611
3,UPFC_tsh,5-15,-0.23570126819711362,73,-0.23588325761662496,MAP_PMU,33,0.00018198941951133585
4,UPFC_Vse,5-15,0.058653116839589244,73,0.062051247461420725,MAP_PMU,33,0.0033981306218314813
5,UPFC_tse,5-15,-2.1313737574962,73,-2.18409127855749,MAP_PMU,33,0.05271752106129002
0,x_tcsc,1-14,-0.10651322033224862,74,-0.10650647426468991,MAP_PMU,33,6.7460675587105445e-06
1,B_svc,2,0.17502746091391497,74,0.17481718540140737,MAP_PMU,33,0.00021027551250760168
2,UPFC_Vsh,5-15,1.1118068778454835,74,1.1072116531227494,MAP_PMU,33,0.004595224722734104
3,UPFC_tsh,5-15,-0.2357612977745318,74,-0.23588325761662496,MAP_PMU,33,0.00012195984209315003
4,UPFC_Vse,5-15,0.05909204693828722,74,0.062051247461420725,MAP_PMU,33,0.002959200523133504
5,UPFC_tse,5-15,-2.136383252649913,74,-2.18409127855749,MAP_PMU,33,0.047708025907577056
0,x_tcsc,1-14,-0.10647935116490588,75,-0.10650647426468991,MAP_PMU,33,2.7123099784032156e-05
1,B_svc,2,0.17469458325254986,75,0.17481718540140737,MAP_PMU,33,0.00012260214885750909
2,UPFC_Vsh,5-15,1.1115586772355746,75,1.1072116531227494,MAP_PMU,33,0.004347024112825171
3,UPFC_tsh,5-15,-0.23568968877396623,75,-0.23588325761662496,MAP_PMU,33,0.00019356884265872565
4,UPFC_Vse,5-15,0.058873439976257526,75,0.062051247461420725,MAP_PMU,33,0.003177807485163199
5,UPFC_tse,5-15,-2.1306608681617534,75,-2.18409127855749,MAP_PMU,33,0.053430410395736594
0,x_tcsc,1-14,-0.10648455713876227,76,-0.10650647426468991,MAP_PMU,33,2.1917125927639614e-05
1,B_svc,2,0.1751066566613072,76,0.17481718540140737,MAP_PMU,33,0.00028947125989983724
2,UPFC_Vsh,5-15,1.1118196666584448,76,1.1072116531227494,MAP_PMU,33,0.004608013535695399
3,UPFC_tsh,5-15,-0.23568948801100859,76,-0.23588325761662496,MAP_PMU,33,0.0001937696056163729
4,UPFC_Vse,5-15,0.05920625221809023,76,0.062051247461420725,MAP_PMU,33,0.0028449952433304976
5,UPFC_tse,5-15,-2.133844946456093,76,-2.18409127855749,MAP_PMU,33,0.05024633210139706
0,x_tcsc,1-14,-0.10649854871179312,77,-0.10650647426468991,MAP_PMU,33,7.925552896789756e-06
1,B_svc,2,0.17489531545824266,77,0.17481718540140737,MAP_PMU,33,7.813005683529606e-05
2,UPFC_Vsh,5-15,1.1115495321081446,77,1.1072116531227494,MAP_PMU,33,0.004337878985395172
3,UPFC_tsh,5-15,-0.2357276268538057,77,-0.23588325761662496,MAP_PMU,33,0.0001556307628192699
4,UPFC_Vse,5-15,0.0591620680016174,77,0.062051247461420725,MAP_PMU,33,0.002889179459803326
5,UPFC_tse,5-15,-2.132793989675046,77,-2.18409127855749,MAP_PMU,33,0.051297288882444114
0,x_tcsc,1-14,-0.10652344470730613,78,-0.10650647426468991,MAP_PMU,33,1.697044261621261e-05
1,B_svc,2,0.17454701959410696,78,0.17481718540140737,MAP_PMU,33,0.00027016580730040984
2,UPFC_Vsh,5-15,1.1117714836670147,78,1.1072116531227494,MAP_PMU,33,0.004559830544265342
3,UPFC_tsh,5-15,-0.23569252079420858,78,-0.23588325761662496,MAP_PMU,33,0.0001907368224163819
4,UPFC_Vse,5-15,0.05896581359932896,78,0.062051247461420725,MAP_PMU,33,0.0030854338620917646
5,UPFC_tse,5-15,-2.124903568728058,78,-2.18409127855749,MAP_PMU,33,0.05918770982943178
0,x_tcsc,1-14,-0.10650663227517944,79,-0.10650647426468991,MAP_PMU,33,1.5801048952601704e-07
1,B_svc,2,0.17492484478346348,79,0.17481718540140737,MAP_PMU,33,0.00010765938205611891
2,UPFC_Vsh,5-15,1.1114538661241695,79,1.1072116531227494,MAP_PMU,33,0.0042422130014201365
3,UPFC_tsh,5-15,-0.2357744989641574,79,-0.23588325761662496,MAP_PMU,33,0.00010875865246756655
4,UPFC_Vse,5-15,0.05889246153663752,79,0.062051247461420725,MAP_PMU,33,0.0031587859247832056
5,UPFC_tse,5-15,-2.125889091673296,79,-2.18409127855749,MAP_PMU,33,0.058202186884193985
0,x_tcsc,1-14,-0.10651615050484096,80,-0.10650647426468991,MAP_PMU,33,9.676240151051951e-06
1,B_svc,2,0.17468082905381202,80,0.17481718540140737,MAP_PMU,33,0.00013635634759534554
2,UPFC_Vsh,5-15,1.1118278046512717,80,1.1072116531227494,MAP_PMU,33,0.00461615152852235
3,UPFC_tsh,5-15,-0.23571716514508365,80,-0.23588325761662496,MAP_PMU,33,0.00016609247154131257
4,UPFC_Vse,5-15,0.059033599250516114,80,0.062051247461420725,MAP_PMU,33,0.003017648210904611
5,UPFC_tse,5-15,-2.1219544178380554,80,-2.18409127855749,MAP_PMU,33,0.06213686071943458
0,x_tcsc,1-14,-0.10650858152398822,81,-0.10650647426468991,MAP_PMU,33,2.107259298306241e-06
1,B_svc,2,0.17470656940805526,81,0.17481718540140737,MAP_PMU,33,0.00011061599335210337
2,UPFC_Vsh,5-15,1.1120408084721172,81,1.1072116531227494,MAP_PMU,33,0.004829155349367786
3,UPFC_tsh,5-15,-0.23570422728779566,81,-0.23588325761662496,MAP_PMU,33,0.00017903032882929382
4,UPFC_Vse,5-15,0.05862879234748215,81,0.062051247461420725,MAP_PMU,33,0.0034224551139385717
5,UPFC_tse,5-15,-2.1266813196262677,81,-2.18409127855749,MAP_PMU,33,0.05740995893122225
0,x_tcsc,1-14,-0.10649548959825753,82,-0.10650647426468991,MAP_PMU,33,1.0984666432387047e-05
1,B_svc,2,0.17481161207445614,82,0.17481718540140737,MAP_PMU,33,5.573326951224811e-06
2,UPFC_Vsh,5-15,1.1116897187638826,82,1.1072116531227494,MAP_PMU,33,0.004478065641133178
3,UPFC_tsh,5-15,-0.23568363912351928,82,-0.23588325761662496,MAP_PMU,33,0.00019961849310567992
4,UPFC_Vse,5-15,0.05890362177478229,82,0.062051247461420725,MAP_PMU,33,0.0031476256866384347
5,UPFC_tse,5-15,-2.1302574315319966,82,-2.18409127855749,MAP_PMU,33,0.05383384702549332
0,x_tcsc,1-14,-0.10650842825694265,83,-0.10650647426468991,MAP_PMU,33,1.953992252737291e-06
1,B_svc,2,0.17517186227329518,83,0.17481718540140737,MAP_PMU,33,0.00035467687188781016
2,UPFC_Vsh,5-15,1.1116981443374252,83,1.1072116531227494,MAP_PMU,33,0.004486491214675814
3,UPFC_tsh,5-15,-0.23570240822360589,83,-0.23588325761662496,MAP_PMU,33,0.00018084939301907244
4,UPFC_Vse,5-15,0.05926830440614364,83,0.062051247461420725,MAP_PMU,33,0.0027829430552770845
5,UPFC_tse,5-15,-2.1416834376433442,83,-2.18409127855749,MAP_PMU,33,0.042407840914145734
0,x_tcsc,1-14,-0.10651910588715051,84,-0.10650647426468991,MAP_PMU,33,1.2631622460596015e-05
1,B_svc,2,0.17482270780051118,84,0.17481718540140737,MAP_PMU,33,5.522399103813358e-06
2,UPFC_Vsh,5-15,1.1119311448810145,84,1.1072116531227494,MAP_PMU,33,0.0047194917582651374
3,UPFC_tsh,5-15,-0.23571664571700884,84,-0.23588325761662496,MAP_PMU,33,0.00016661189961611478
4,UPFC_Vse,5-15,0.05923095358502339,84,0.062051247461420725,MAP_PMU,33,0.002820293876397338
5,UPFC_tse,5-15,-2.124881653307673,84,-2.18409127855749,MAP_PMU,33,0.05920962524981688
0,x_tcsc,1-14,-0.10648268499952303,85,-0.10650647426468991,MAP_PMU,33,2.3789265166884732e-05
1,B_svc,2,0.17469319716258613,85,0.17481718540140737,MAP_PMU,33,0.0001239882388212321
2,UPFC_Vsh,5-15,1.1118690289567392,85,1.1072116531227494,MAP_PMU,33,0.004657375833989841
3,UPFC_tsh,5-15,-0.2357147366779398,85,-0.23588325761662496,MAP_PMU,33,0.0001685209386851627
4,UPFC_Vse,5-15,0.058903944039368855,85,0.062051247461420725,MAP_PMU,33,0.0031473034220518697
5,UPFC_tse,5-15,-2.126626942927081,85,-2.18409127855749,MAP_PMU,33,0.05746433563040876
0,x_tcsc,1-14,-0.10650235570417921,86,-0.10650647426468991,MAP_PMU,33,4.118560510704694e-06
1,B_svc,2,0.17477822648244162,86,0.17481718540140737,MAP_PMU,33,3.895891896574244e-05
2,UPFC_Vsh,5-15,1.11162555541123,86,1.1072116531227494,MAP_PMU,33,0.004413902288480598
3,UPFC_tsh,5-15,-0.23574699461390727,86,-0.23588325761662496,MAP_PMU,33,0.00013626300271768477
4,UPFC_Vse,5-15,0.05940728062804544,86,0.062051247461420725,MAP_PMU,33,0.002643966833375283
5,UPFC_tse,5-15,-2.13344567863658,86,-2.18409127855749,MAP_PMU,33,0.05064559992091011
0,x_tcsc,1-14,-0.10651127384902999,87,-0.10650647426468991,MAP_PMU,33,4.799584340076102e-06
1,B_svc,2,0.1747771845017806,87,0.17481718540140737,MAP_PMU,33,4.000089962677422e-05
2,UPFC_Vsh,5-15,1.111983145643952,87,1.1072116531227494,MAP_PMU,33,0.004771492521202569
3,UPFC_tsh,5-15,-0.23571370297602787,87,-0.23588325761662496,MAP_PMU,33,0.00016955464059709158
4,UPFC_Vse,5-15,0.05857372034318619,87,0.062051247461420725,MAP_PMU,33,0.0034775271182345344
5,UPFC_tse,5-15,-2.126921085719026,87,-2.18409127855749,MAP_PMU,33,0.05717019283846403
0,x_tcsc,1-14,-0.10648316266224518,88,-0.10650647426468991,MAP_PMU,33,2.3311602444731072e-05
1,B_svc,2,0.17548647741542409,88,0.17481718540140737,MAP_PMU,33,0.0006692920140167202
2,UPFC_Vsh,5-15,1.1115526536993365,88,1.1072116531227494,MAP_PMU,33,0.004341000576587151
3,UPFC_tsh,5-15,-0.23568660548993145,88,-0.23588325761662496,MAP_PMU,33,0.0001966521266935084
4,UPFC_Vse,5-15,0.05877862345625133,88,0.062051247461420725,MAP_PMU,33,0.0032726240051693944
5,UPFC_tse,5-15,-2.134098140181976,88,-2.18409127855749,MAP_PMU,33,0.04999313837551389
0,x_tcsc,1-14,-0.10650503722401528,89,-0.10650647426468991,MAP_PMU,33,1.4370406746372355e-06
1,B_svc,2,0.17472316923910092,89,0.17481718540140737,MAP_PMU,33,9.401616230644838e-05
2,UPFC_Vsh,5-15,1.1119458255551207,89,1.1072116531227494,MAP_PMU,33,0.004734172432371286
3,UPFC_tsh,5-15,-0.2357177712994648,89,-0.23588325761662496,MAP_PMU,33,0.00016548631716015172
4,UPFC_Vse,5-15,0.05867391883067216,89,0.062051247461420725,MAP_PMU,33,0.0033773286307485634
5,UPFC_tse,5-15,-2.1226646040024555,89,-2.18409127855749,MAP_PMU,33,0.06142667455503448
0,x_tcsc,1-14,-0.10652353992081963,90,-0.10650647426468991,MAP_PMU,33,1.7065656129716666e-05
1,B_svc,2,0.17450690293837104,90,0.17481718540140737,MAP_PMU,33,0.00031028246303632656
2,UPFC_Vsh,5-15,1.1116352893930517,90,1.1072116531227494,MAP_PMU,33,0.004423636270302289
3,UPFC_tsh,5-15,-0.2356735002831527,90,-0.23588325761662496,MAP_PMU,33,0.00020975733347225467
4,UPFC_Vse,5-15,0.05894169724019913,90,0.062051247461420725,MAP_PMU,33,0.0031095502212215922
5,UPFC_tse,5-15,-2.1150024791268187,90,-2.18409127855749,MAP_PMU,33,0.06908879943067125
0,x_tcsc,1-14,-0.10649131040809255,91,-0.10650647426468991,MAP_PMU,33,1.516385659736108e-05
1,B_svc,2,0.17483952221019086,91,0.17481718540140737,MAP_PMU,33,2.233680878349631e-05
2,UPFC_Vsh,5-15,1.1114114523245824,91,1.1072116531227494,MAP_PMU,33,0.004199799201832999
3,UPFC_tsh,5-15,-0.23574463436683377,91,-0.23588325761662496,MAP_PMU,33,0.00013862324979119212
4,UPFC_Vse,5-15,0.05884117031117698,91,0.062051247461420725,MAP_PMU,33,0.0032100771502437467
5,UPFC_tse,5-15,-2.1311584483392743,91,-2.18409127855749,MAP_PMU,33,0.05293283021821571
0,x_tcsc,1-14,-0.10652515770567916,92,-0.10650647426468991,MAP_PMU,33,1.8683440989250566e-05
1,B_svc,2,0.17478517013257874,92,0.17481718540140737,MAP_PMU,33,3.201526882862238e-05
2,UPFC_Vsh,5-15,1.1114185297407067,92,1.1072116531227494,MAP_PMU,33,0.004206876617957267
3,UPFC_tsh,5-15,-0.2357672753929177,92,-0.23588325761662496,MAP_PMU,33,0.00011598222370726163
4,UPFC_Vse,5-15,0.05968100294698327,92,0.062051247461420725,MAP_PMU,33,0.0023702445144374515
5,UPFC_tse,5-15,-2.13388628810264,92,-2.18409127855749,MAP_PMU,33,0.05020499045485005
0,x_tcsc,1-14,-0.10650203631040993,93,-0.10650647426468991,MAP_PMU,33,4.437954279984391e-06
1,B_svc,2,0.17459364496449079,93,0.17481718540140737,MAP_PMU,33,0.00022354043691658054
2,UPFC_Vsh,5-15,1.1116322218893204,93,1.1072116531227494,MAP_PMU,33,0.0044205687665710425
3,UPFC_tsh,5-15,-0.23570271921133987,93,-0.23588325761662496,MAP_PMU,33,0.00018053840528509113
4,UPFC_Vse,5-15,0.059307714953203534,93,0.062051247461420725,MAP_PMU,33,0.0027435325082171905
5,UPFC_tse,5-15,-2.120843353287137,93,-2.18409127855749,MAP_PMU,33,0.06324792527035283
0,x_tcsc,1-14,-0.10651029692866713,94,-0.10650647426468991,MAP_PMU,33,3.822663977220975e-06
1,B_svc,2,0.1744687063797757,94,0.17481718540140737,MAP_PMU,33,0.00034847902163165356
2,UPFC_Vsh,5-15,1.111276277420387,94,1.1072116531227494,MAP_PMU,33,0.004064624297637653
3,UPFC_tsh,5-15,-0.23571940878454092,94,-0.23588325761662496,MAP_PMU,33,0.00016384883208403478
4,UPFC_Vse,5-15,0.058501448118284866,94,0.062051247461420725,MAP_PMU,33,0.0035497993431358593
5,UPFC_tse,5-15,-2.1368778716453467,94,-2.18409127855749,MAP_PMU,33,0.04721340691214326
0,x_tcsc,1-14,-0.10649852980927733,95,-0.10650647426468991,MAP_PMU,33,7.944455412578488e-06
1,B_svc,2,0.17477098650138329,95,0.17481718540140737,MAP_PMU,33,4.6198900024080336e-05
2,UPFC_Vsh,5-15,1.111784756642049,95,1.1072116531227494,MAP_PMU,33,0.004573103519299515
3,UPFC_tsh,5-15,-0.23568830698827567,95,-0.23588325761662496,MAP_PMU,33,0.00019495062834928856
4,UPFC_Vse,5-15,0.05941449628425179,95,0.062051247461420725,MAP_PMU,33,0.002636751177168932
5,UPFC_tse,5-15,-2.1266306341978893,95,-2.18409127855749,MAP_PMU,33,0.05746064435960063
0,x_tcsc,1-14,-0.10648681405838695,96,-0.10650647426468991,MAP_PMU,33,1.96602063029655e-05
1,B_svc,2,0.174400328608134,96,0.17481718540140737,MAP_PMU,33,0.0004168567932733569
2,UPFC_Vsh,5-15,1.1113055969530443,96,1.1072116531227494,MAP_PMU,33,0.004093943830294933
3,UPFC_tsh,5-15,-0.2357218443259359,96,-0.23588325761662496,MAP_PMU,33,0.0001614132906890553
4,UPFC_Vse,5-15,0.058459635870643074,96,0.062051247461420725,MAP_PMU,33,0.0035916115907776505
5,UPFC_tse,5-15,-2.127999637287791,96,-2.18409127855749,MAP_PMU,33,0.05609164126969901
0,x_tcsc,1-14,-0.10650545651685983,97,-0.10650647426468991,MAP_PMU,33,1.0177478300815723e-06
1,B_svc,2,0.1750253399808375,97,0.17481718540140737,MAP_PMU,33,0.00020815457943013094
2,UPFC_Vsh,5-15,1.1121209273545933,97,1.1072116531227494,MAP_PMU,33,0.004909274231843952
3,UPFC_tsh,5-15,-0.23561714461367925,97,-0.23588325761662496,MAP_PMU,33,0.0002661130029457115
4,UPFC_Vse,5-15,0.05907083594238497,97,0.062051247461420725,MAP_PMU,33,0.002980411519035754
5,UPFC_tse,5-15,-2.125611712507411,97,-2.18409127855749,MAP_PMU,33,0.05847956605007898
0,x_tcsc,1-14,-0.10652696390195675,98,-0.10650647426468991,MAP_PMU,33,2.048963726683506e-05
1,B_svc,2,0.17476134475351712,98,0.17481718540140737,MAP_PMU,33,5.58406478902429e-05
2,UPFC_Vsh,5-15,1.111552356903712,98,1.1072116531227494,MAP_PMU,33,0.004340703780962629
3,UPFC_tsh,5-15,-0.23563478009838737,98,-0.23588325761662496,MAP_PMU,33,0.0002484775182375887
4,UPFC_Vse,5-15,0.05879025555028157,98,0.062051247461420725,MAP_PMU,33,0.003260991911139155
5,UPFC_tse,5-15,-2.120478134712923,98,-2.18409127855749,MAP_PMU,33,0.06361314384456707
0,x_tcsc,1-14,-0.1064755967966787,99,-0.10650647426468991,MAP_PMU,33,3.087746801121172e-05
1,B_svc,2,0.17507822812783658,99,0.17481718540140737,MAP_PMU,33,0.00026104272642921145
2,UPFC_Vsh,5-15,1.1123423496813112,99,1.1072116531227494,MAP_PMU,33,0.005130696558561798
3,UPFC_tsh,5-15,-0.23567190031342455,99,-0.23588325761662496,MAP_PMU,33,0.00021135730320040458
4,UPFC_Vse,5-15,0.05912061049836518,99,0.062051247461420725,MAP_PMU,33,0.0029306369630555454
5,UPFC_tse,5-15,-2.1280791894853923,99,-2.18409127855749,MAP_PMU,33,0.05601208907209765
0,x_tcsc,1-14,-0.10521692530251803,0,-0.10518846218144336,MAP_PMU,35,2.8463121074670528e-05
1,B_svc,2,0.17306133845039307,0,0.17337910879413151,MAP_PMU,35,0.00031777034373844937
2,UPFC_Vsh,5-15,1.1115587820166803,0,1.107835439290343,MAP_PMU,35,0.003723342726337453
3,UPFC_tsh,5-15,-0.23729218162007085,0,-0.23742095806497576,MAP_PMU,35,0.00012877644490491558
4,UPFC_Vse,5-15,0.05889232859241281,0,0.06165077901426305,MAP_PMU,35,0.002758450421850245
5,UPFC_tse,5-15,-2.1348047129374383,0,-2.1859856780255793,MAP_PMU,35,0.05118096508814096
0,x_tcsc,1-14,-0.10522808892929221,1,-0.10518846218144336,MAP_PMU,35,3.962674784885323e-05
1,B_svc,2,0.1735781934510174,1,0.17337910879413151,MAP_PMU,35,0.00019908465688589505
2,UPFC_Vsh,5-15,1.111307634896299,1,1.107835439290343,MAP_PMU,35,0.003472195605956019
3,UPFC_tsh,5-15,-0.23734685905695857,1,-0.23742095806497576,MAP_PMU,35,7.409900801719216e-05
4,UPFC_Vse,5-15,0.059145421108949596,1,0.06165077901426305,MAP_PMU,35,0.002505357905313456
5,UPFC_tse,5-15,-2.13990474929487,1,-2.1859856780255793,MAP_PMU,35,0.046080928730709125
0,x_tcsc,1-14,-0.10519980091885744,2,-0.10518846218144336,MAP_PMU,35,1.1338737414087752e-05
1,B_svc,2,0.1735775818025745,2,0.17337910879413151,MAP_PMU,35,0.0001984730084429731
2,UPFC_Vsh,5-15,1.1114199987607365,2,1.107835439290343,MAP_PMU,35,0.0035845594703936
3,UPFC_tsh,5-15,-0.23734614698889558,2,-0.23742095806497576,MAP_PMU,35,7.48110760801779e-05
4,UPFC_Vse,5-15,0.05933408860061438,2,0.06165077901426305,MAP_PMU,35,0.002316690413648674
5,UPFC_tse,5-15,-2.13796414096222,2,-2.1859856780255793,MAP_PMU,35,0.04802153706335943
0,x_tcsc,1-14,-0.10518882123231149,3,-0.10518846218144336,MAP_PMU,35,3.590508681344806e-07
1,B_svc,2,0.17283453363584786,3,0.17337910879413151,MAP_PMU,35,0.0005445751582836555
2,UPFC_Vsh,5-15,1.1115530300583636,3,1.107835439290343,MAP_PMU,35,0.0037175907680206954
3,UPFC_tsh,5-15,-0.2373469699280664,3,-0.23742095806497576,MAP_PMU,35,7.398813690936978e-05
4,UPFC_Vse,5-15,0.059042074542870235,3,0.06165077901426305,MAP_PMU,35,0.002608704471392817
5,UPFC_tse,5-15,-2.1392182700192235,3,-2.1859856780255793,MAP_PMU,35,0.046767408006355815
0,x_tcsc,1-14,-0.10520464948792949,4,-0.10518846218144336,MAP_PMU,35,1.6187306486128983e-05
1,B_svc,2,0.17353017708717886,4,0.17337910879413151,MAP_PMU,35,0.0001510682930473406
2,UPFC_Vsh,5-15,1.1118817516070822,4,1.107835439290343,MAP_PMU,35,0.004046312316739353
3,UPFC_tsh,5-15,-0.23723518496547555,4,-0.23742095806497576,MAP_PMU,35,0.0001857730995002138
4,UPFC_Vse,5-15,0.05891968267814105,4,0.06165077901426305,MAP_PMU,35,0.0027310963361220006
5,UPFC_tse,5-15,-2.136924384432156,4,-2.1859856780255793,MAP_PMU,35,0.04906129359342337
0,x_tcsc,1-14,-0.105196444396523,5,-0.10518846218144336,MAP_PMU,35,7.982215079638255e-06
1,B_svc,2,0.17354831885723535,5,0.17337910879413151,MAP_PMU,35,0.0001692100631038307
2,UPFC_Vsh,5-15,1.1113327472046592,5,1.107835439290343,MAP_PMU,35,0.00349730791431635
3,UPFC_tsh,5-15,-0.23740889503613963,5,-0.23742095806497576,MAP_PMU,35,1.2063028836134526e-05
4,UPFC_Vse,5-15,0.059256349718836844,5,0.06165077901426305,MAP_PMU,35,0.002394429295426208
5,UPFC_tse,5-15,-2.1367284960313806,5,-2.1859856780255793,MAP_PMU,35,0.04925718199419871
0,x_tcsc,1-14,-0.10520616397170408,6,-0.10518846218144336,MAP_PMU,35,1.7701790260726824e-05
1,B_svc,2,0.1732764428914084,6,0.17337910879413151,MAP_PMU,35,0.00010266590272312026
2,UPFC_Vsh,5-15,1.111996997874344,6,1.107835439290343,MAP_PMU,35,0.004161558584001135
3,UPFC_tsh,5-15,-0.23722684944756178,6,-0.23742095806497576,MAP_PMU,35,0.00019410861741397945
4,UPFC_Vse,5-15,0.05904662883229264,6,0.06165077901426305,MAP_PMU,35,0.0026041501819704105
5,UPFC_tse,5-15,-2.124669707517361,6,-2.1859856780255793,MAP_PMU,35,0.06131597050821824
0,x_tcsc,1-14,-0.10520549196019902,7,-0.10518846218144336,MAP_PMU,35,1.702977875565892e-05
1,B_svc,2,0.17365909533212393,7,0.17337910879413151,MAP_PMU,35,0.00027998653799241047
2,UPFC_Vsh,5-15,1.1113584258018228,7,1.107835439290343,MAP_PMU,35,0.003522986511479864
3,UPFC_tsh,5-15,-0.23728638732095264,7,-0.23742095806497576,MAP_PMU,35,0.00013457074402312141
4,UPFC_Vse,5-15,0.058472773988893716,7,0.06165077901426305,MAP_PMU,35,0.003178005025369336
5,UPFC_tse,5-15,-2.1334538982847437,7,-2.1859856780255793,MAP_PMU,35,0.05253177974083556
0,x_tcsc,1-14,-0.10516883111439018,8,-0.10518846218144336,MAP_PMU,35,1.9631067053174633e-05
1,B_svc,2,0.1734098304043744,8,0.17337910879413151,MAP_PMU,35,3.0721610242895325e-05
2,UPFC_Vsh,5-15,1.111632179579811,8,1.107835439290343,MAP_PMU,35,0.0037967402894680813
3,UPFC_tsh,5-15,-0.23726703144705807,8,-0.23742095806497576,MAP_PMU,35,0.0001539266179176879
4,UPFC_Vse,5-15,0.05877118602341463,8,0.06165077901426305,MAP_PMU,35,0.0028795929908484244
5,UPFC_tse,5-15,-2.133577038708709,8,-2.1859856780255793,MAP_PMU,35,0.05240863931687034
0,x_tcsc,1-14,-0.10521636320926485,9,-0.10518846218144336,MAP_PMU,35,2.7901027821491953e-05
1,B_svc,2,0.1733384708480133,9,0.17337910879413151,MAP_PMU,35,4.063794611822158e-05
2,UPFC_Vsh,5-15,1.1117320562647666,9,1.107835439290343,MAP_PMU,35,0.0038966169744236723
3,UPFC_tsh,5-15,-0.23728547732491848,9,-0.23742095806497576,MAP_PMU,35,0.0001354807400572866
4,UPFC_Vse,5-15,0.0590681023852896,9,0.06165077901426305,MAP_PMU,35,0.0025826766289734487
5,UPFC_tse,5-15,-2.13523190052742,9,-2.1859856780255793,MAP_PMU,35,0.05075377749815946
0,x_tcsc,1-14,-0.10521963726025163,10,-0.10518846218144336,MAP_PMU,35,3.117507880827375e-05
1,B_svc,2,0.1733351517246463,10,0.17337910879413151,MAP_PMU,35,4.39570694852065e-05
2,UPFC_Vsh,5-15,1.111243465926546,10,1.107835439290343,MAP_PMU,35,0.0034080266362030986
3,UPFC_tsh,5-15,-0.23724468698890003,10,-0.23742095806497576,MAP_PMU,35,0.00017627107607573467
4,UPFC_Vse,5-15,0.05832049963375995,10,0.06165077901426305,MAP_PMU,35,0.0033302793805030997
5,UPFC_tse,5-15,-2.1315286230209507,10,-2.1859856780255793,MAP_PMU,35,0.05445705500462861
0,x_tcsc,1-14,-0.10522093709658868,11,-0.10518846218144336,MAP_PMU,35,3.247491514532519e-05
1,B_svc,2,0.17339460402914497,11,0.17337910879413151,MAP_PMU,35,1.5495235013457398e-05
2,UPFC_Vsh,5-15,1.1113939006052025,11,1.107835439290343,MAP_PMU,35,0.0035584613148595956
3,UPFC_tsh,5-15,-0.2372041469668187,11,-0.23742095806497576,MAP_PMU,35,0.00021681109815704924
4,UPFC_Vse,5-15,0.058287870695238615,11,0.06165077901426305,MAP_PMU,35,0.0033629083190244366
5,UPFC_tse,5-15,-2.127940309445828,11,-2.1859856780255793,MAP_PMU,35,0.05804536857975151
0,x_tcsc,1-14,-0.1051995368703918,12,-0.10518846218144336,MAP_PMU,35,1.107468894843977e-05
1,B_svc,2,0.17330462664269133,12,0.17337910879413151,MAP_PMU,35,7.448215144018056e-05
2,UPFC_Vsh,5-15,1.1115980816189281,12,1.107835439290343,MAP_PMU,35,0.003762642328585253
3,UPFC_tsh,5-15,-0.23731678715166207,12,-0.23742095806497576,MAP_PMU,35,0.00010417091331368922
4,UPFC_Vse,5-15,0.05906460534638101,12,0.06165077901426305,MAP_PMU,35,0.0025861736678820385
5,UPFC_tse,5-15,-2.142945845418671,12,-2.1859856780255793,MAP_PMU,35,0.043039832606908135
0,x_tcsc,1-14,-0.10519075285924111,13,-0.10518846218144336,MAP_PMU,35,2.2906777977504955e-06
1,B_svc,2,0.17316604212056771,13,0.17337910879413151,MAP_PMU,35,0.00021306667356379982
2,UPFC_Vsh,5-15,1.1115223974552986,13,1.107835439290343,MAP_PMU,35,0.003686958164955678
3,UPFC_tsh,5-15,-0.2372281780283358,13,-0.23742095806497576,MAP_PMU,35,0.00019278003663997234
4,UPFC_Vse,5-15,0.05837095699705948,13,0.06165077901426305,MAP_PMU,35,0.0032798220172035736
5,UPFC_tse,5-15,-2.135426720986271,13,-2.1859856780255793,MAP_PMU,35,0.05055895703930835
0,x_tcsc,1-14,-0.10518966602994154,14,-0.10518846218144336,MAP_PMU,35,1.2038484981796715e-06
1,B_svc,2,0.1732466838094162,14,0.17337910879413151,MAP_PMU,35,0.0001324249847153014
2,UPFC_Vsh,5-15,1.1114657330715374,14,1.107835439290343,MAP_PMU,35,0.0036302937811945046
3,UPFC_tsh,5-15,-0.2372653886217601,14,-0.23742095806497576,MAP_PMU,35,0.00015556944321565291
4,UPFC_Vse,5-15,0.05887695705020426,14,0.06165077901426305,MAP_PMU,35,0.002773821964058794
5,UPFC_tse,5-15,-2.1385079670877154,14,-2.1859856780255793,MAP_PMU,35,0.047477710937863904
0,x_tcsc,1-14,-0.10522065673971415,15,-0.10518846218144336,MAP_PMU,35,3.2194558270789986e-05
1,B_svc,2,0.1729290384771022,15,0.17337910879413151,MAP_PMU,35,0.0004500703170293163
2,UPFC_Vsh,5-15,1.1114531700102692,15,1.107835439290343,MAP_PMU,35,0.0036177307199263264
3,UPFC_tsh,5-15,-0.23726410657846997,15,-0.23742095806497576,MAP_PMU,35,0.0001568514865057935
4,UPFC_Vse,5-15,0.05918360686840178,15,0.06165077901426305,MAP_PMU,35,0.002467172145861271
5,UPFC_tse,5-15,-2.1333821326036055,15,-2.1859856780255793,MAP_PMU,35,0.05260354542197376
0,x_tcsc,1-14,-0.10520495831652951,16,-0.10518846218144336,MAP_PMU,35,1.6496135086155328e-05
1,B_svc,2,0.17314896108218103,16,0.17337910879413151,MAP_PMU,35,0.00023014771195048467
2,UPFC_Vsh,5-15,1.1112572582849656,16,1.107835439290343,MAP_PMU,35,0.003421818994622683
3,UPFC_tsh,5-15,-0.23733743097476914,16,-0.23742095806497576,MAP_PMU,35,8.352709020661986e-05
4,UPFC_Vse,5-15,0.05925796741755032,16,0.06165077901426305,MAP_PMU,35,0.0023928115967127295
5,UPFC_tse,5-15,-2.1295839084310986,16,-2.1859856780255793,MAP_PMU,35,0.05640176959448073
0,x_tcsc,1-14,-0.10529600838203733,17,-0.10518846218144336,MAP_PMU,35,0.00010754620059397202
1,B_svc,2,0.1733124595590321,17,0.17337910879413151,MAP_PMU,35,6.664923509941412e-05
2,UPFC_Vsh,5-15,1.1116067577636548,17,1.107835439290343,MAP_PMU,35,0.003771318473311913
3,UPFC_tsh,5-15,-0.2373361439615467,17,-0.23742095806497576,MAP_PMU,35,8.481410342905948e-05
4,UPFC_Vse,5-15,0.05869357689737349,17,0.06165077901426305,MAP_PMU,35,0.0029572021168895596
5,UPFC_tse,5-15,-2.148231535276853,17,-2.1859856780255793,MAP_PMU,35,0.03775414274872624
0,x_tcsc,1-14,-0.10517944127695905,18,-0.10518846218144336,MAP_PMU,35,9.02090448430537e-06
1,B_svc,2,0.17318412905594233,18,0.17337910879413151,MAP_PMU,35,0.00019497973818918823
2,UPFC_Vsh,5-15,1.1115264897899542,18,1.107835439290343,MAP_PMU,35,0.0036910504996112703
3,UPFC_tsh,5-15,-0.23724321370782134,18,-0.23742095806497576,MAP_PMU,35,0.0001777443571544246
4,UPFC_Vse,5-15,0.05942025288648577,18,0.06165077901426305,MAP_PMU,35,0.0022305261277772784
5,UPFC_tse,5-15,-2.146187022822497,18,-2.1859856780255793,MAP_PMU,35,0.039798655203082234
0,x_tcsc,1-14,-0.10520818801445916,19,-0.10518846218144336,MAP_PMU,35,1.9725833015807326e-05
1,B_svc,2,0.17375360651048982,19,0.17337910879413151,MAP_PMU,35,0.0003744977163583074
2,UPFC_Vsh,5-15,1.1115542636199787,19,1.107835439290343,MAP_PMU,35,0.0037188243296357726
3,UPFC_tsh,5-15,-0.23721102773953204,19,-0.23742095806497576,MAP_PMU,35,0.00020993032544372459
4,UPFC_Vse,5-15,0.05857049723967566,19,0.06165077901426305,MAP_PMU,35,0.0030802817745873914
5,UPFC_tse,5-15,-2.127360363933351,19,-2.1859856780255793,MAP_PMU,35,0.058625314092228376
0,x_tcsc,1-14,-0.10520392211955182,20,-0.10518846218144336,MAP_PMU,35,1.5459938108461357e-05
1,B_svc,2,0.17292299576744904,20,0.17337910879413151,MAP_PMU,35,0.0004561130266824698
2,UPFC_Vsh,5-15,1.1117313863091662,20,1.107835439290343,MAP_PMU,35,0.0038959470188233425
3,UPFC_tsh,5-15,-0.2372765282674496,20,-0.23742095806497576,MAP_PMU,35,0.0001444297975261577
4,UPFC_Vse,5-15,0.058837184839354545,20,0.06165077901426305,MAP_PMU,35,0.002813594174908507
5,UPFC_tse,5-15,-2.1402836638683778,20,-2.1859856780255793,MAP_PMU,35,0.04570201415720154
0,x_tcsc,1-14,-0.10518408718756969,21,-0.10518846218144336,MAP_PMU,35,4.374993873665356e-06
1,B_svc,2,0.1736792635977292,21,0.17337910879413151,MAP_PMU,35,0.0003001548035976853
2,UPFC_Vsh,5-15,1.1117778512573495,21,1.107835439290343,MAP_PMU,35,0.0039424119670066204
3,UPFC_tsh,5-15,-0.23720329971970175,21,-0.23742095806497576,MAP_PMU,35,0.0002176583452740133
4,UPFC_Vse,5-15,0.05931446138096607,21,0.06165077901426305,MAP_PMU,35,0.0023363176332969818
5,UPFC_tse,5-15,-2.130940534683415,21,-2.1859856780255793,MAP_PMU,35,0.05504514334216415
0,x_tcsc,1-14,-0.10521990152773418,22,-0.10518846218144336,MAP_PMU,35,3.1439346290823567e-05
1,B_svc,2,0.17371360175229664,22,0.17337910879413151,MAP_PMU,35,0.00033449295816512237
2,UPFC_Vsh,5-15,1.111637741921537,22,1.107835439290343,MAP_PMU,35,0.0038023026311941877
3,UPFC_tsh,5-15,-0.23724572954810125,22,-0.23742095806497576,MAP_PMU,35,0.0001752285168745149
4,UPFC_Vse,5-15,0.05907940913267272,22,0.06165077901426305,MAP_PMU,35,0.0025713698815903324
5,UPFC_tse,5-15,-2.1393980417293625,22,-2.1859856780255793,MAP_PMU,35,0.04658763629621676
0,x_tcsc,1-14,-0.10526006765024033,23,-0.10518846218144336,MAP_PMU,35,7.160546879697582e-05
1,B_svc,2,0.17337697230639762,23,0.17337910879413151,MAP_PMU,35,2.136487733894743e-06
2,UPFC_Vsh,5-15,1.1112994921953099,23,1.107835439290343,MAP_PMU,35,0.0034640529049669855
3,UPFC_tsh,5-15,-0.2373358445473788,23,-0.23742095806497576,MAP_PMU,35,8.511351759696306e-05
4,UPFC_Vse,5-15,0.05929286206451324,23,0.06165077901426305,MAP_PMU,35,0.002357916949749815
5,UPFC_tse,5-15,-2.1433251824665405,23,-2.1859856780255793,MAP_PMU,35,0.042660495559038836
0,x_tcsc,1-14,-0.10519623416030788,24,-0.10518846218144336,MAP_PMU,35,7.771978864520857e-06
1,B_svc,2,0.17308109702736885,24,0.17337910879413151,MAP_PMU,35,0.00029801176676266805
2,UPFC_Vsh,5-15,1.1117798390552218,24,1.107835439290343,MAP_PMU,35,0.003944399764878925
3,UPFC_tsh,5-15,-0.23722392839138212,24,-0.23742095806497576,MAP_PMU,35,0.00019702967359364054
4,UPFC_Vse,5-15,0.05853625285668447,24,0.06165077901426305,MAP_PMU,35,0.0031145261575785815
5,UPFC_tse,5-15,-2.1403711203795712,24,-2.1859856780255793,MAP_PMU,35,0.04561455764600808
0,x_tcsc,1-14,-0.10516788237685232,25,-0.10518846218144336,MAP_PMU,35,2.0579804591039363e-05
1,B_svc,2,0.17362829912070624,25,0.17337910879413151,MAP_PMU,35,0.00024919032657472195
2,UPFC_Vsh,5-15,1.1115801202998628,25,1.107835439290343,MAP_PMU,35,0.003744681009519857
3,UPFC_tsh,5-15,-0.23733848775078156,25,-0.23742095806497576,MAP_PMU,35,8.247031419419959e-05
4,UPFC_Vse,5-15,0.05870116106302534,25,0.06165077901426305,MAP_PMU,35,0.002949617951237715
5,UPFC_tse,5-15,-2.1319391700382275,25,-2.1859856780255793,MAP_PMU,35,0.05404650798735178
0,x_tcsc,1-14,-0.10521331605469868,26,-0.10518846218144336,MAP_PMU,35,2.4853873255320513e-05
1,B_svc,2,0.1736833767044494,26,0.17337910879413151,MAP_PMU,35,0.0003042679103178736
2,UPFC_Vsh,5-15,1.1113979297886558,26,1.107835439290343,MAP_PMU,35,0.00356249049831292
3,UPFC_tsh,5-15,-0.23725141888849308,26,-0.23742095806497576,MAP_PMU,35,0.0001695391764826859
4,UPFC_Vse,5-15,0.05854906318268242,26,0.06165077901426305,MAP_PMU,35,0.0031017158315806287
5,UPFC_tse,5-15,-2.123682510042654,26,-2.1859856780255793,MAP_PMU,35,0.062303167982925345
0,x_tcsc,1-14,-0.10522366856001727,27,-0.10518846218144336,MAP_PMU,35,3.520637857391817e-05
1,B_svc,2,0.173237082090503,27,0.17337910879413151,MAP_PMU,35,0.0001420267036285061
2,UPFC_Vsh,5-15,1.1117887565320224,27,1.107835439290343,MAP_PMU,35,0.003953317241679466
3,UPFC_tsh,5-15,-0.2373127068903524,27,-0.23742095806497576,MAP_PMU,35,0.00010825117462337497
4,UPFC_Vse,5-15,0.05893420588658159,27,0.06165077901426305,MAP_PMU,35,0.0027165731276814625
5,UPFC_tse,5-15,-2.1402418854953416,27,-2.1859856780255793,MAP_PMU,35,0.04574379253023775
0,x_tcsc,1-14,-0.10518620586848976,28,-0.10518846218144336,MAP_PMU,35,2.2563129535996262e-06
1,B_svc,2,0.17373246152801108,28,0.17337910879413151,MAP_PMU,35,0.00035335273387956945
2,UPFC_Vsh,5-15,1.111618928784089,28,1.107835439290343,MAP_PMU,35,0.003783489493746073
3,UPFC_tsh,5-15,-0.2372302416794943,28,-0.23742095806497576,MAP_PMU,35,0.00019071638548145975
4,UPFC_Vse,5-15,0.059033690108827336,28,0.06165077901426305,MAP_PMU,35,0.002617088905435716
5,UPFC_tse,5-15,-2.125506738896271,28,-2.1859856780255793,MAP_PMU,35,0.06047893912930835
0,x_tcsc,1-14,-0.10520238015521127,29,-0.10518846218144336,MAP_PMU,35,1.3917973767915703e-05
1,B_svc,2,0.17398819137371188,29,0.17337910879413151,MAP_PMU,35,0.0006090825795803667
2,UPFC_Vsh,5-15,1.1115251069870369,29,1.107835439290343,MAP_PMU,35,0.003689667696693988
3,UPFC_tsh,5-15,-0.23727127055529396,29,-0.23742095806497576,MAP_PMU,35,0.00014968750968180622
4,UPFC_Vse,5-15,0.05906424351370928,29,0.06165077901426305,MAP_PMU,35,0.002586535500553773
5,UPFC_tse,5-15,-2.1364755159961226,29,-2.1859856780255793,MAP_PMU,35,0.049510162029456684
0,x_tcsc,1-14,-0.10524148797065572,30,-0.10518846218144336,MAP_PMU,35,5.302578921236034e-05
1,B_svc,2,0.1734141937953435,30,0.17337910879413151,MAP_PMU,35,3.508500121199298e-05
2,UPFC_Vsh,5-15,1.1123019416124291,30,1.107835439290343,MAP_PMU,35,0.00446650232208623
3,UPFC_tsh,5-15,-0.23722388714992118,30,-0.23742095806497576,MAP_PMU,35,0.0001970709150545813
4,UPFC_Vse,5-15,0.05916487253638201,30,0.06165077901426305,MAP_PMU,35,0.0024859064778810433
5,UPFC_tse,5-15,-2.1308399232909885,30,-2.1859856780255793,MAP_PMU,35,0.055145754734590824
0,x_tcsc,1-14,-0.10520173217567476,31,-0.10518846218144336,MAP_PMU,35,1.326999423140185e-05
1,B_svc,2,0.17350911937911304,31,0.17337910879413151,MAP_PMU,35,0.0001300105849815214
2,UPFC_Vsh,5-15,1.111294581807724,31,1.107835439290343,MAP_PMU,35,0.0034591425173811086
3,UPFC_tsh,5-15,-0.23728753713425288,31,-0.23742095806497576,MAP_PMU,35,0.00013342093072288286
4,UPFC_Vse,5-15,0.05871873706461081,31,0.06165077901426305,MAP_PMU,35,0.002932041949652242
5,UPFC_tse,5-15,-2.1405714072214734,31,-2.1859856780255793,MAP_PMU,35,0.04541427080410587
0,x_tcsc,1-14,-0.10520378631640113,32,-0.10518846218144336,MAP_PMU,35,1.532413495777818e-05
1,B_svc,2,0.17388627189927763,32,0.17337910879413151,MAP_PMU,35,0.000507163105146119
2,UPFC_Vsh,5-15,1.1117811040389864,32,1.107835439290343,MAP_PMU,35,0.0039456647486435514
3,UPFC_tsh,5-15,-0.23724193498848437,32,-0.23742095806497576,MAP_PMU,35,0.00017902307649139693
4,UPFC_Vse,5-15,0.058289044247564516,32,0.06165077901426305,MAP_PMU,35,0.003361734766698536
5,UPFC_tse,5-15,-2.1242667286453565,32,-2.1859856780255793,MAP_PMU,35,0.06171894938022282
0,x_tcsc,1-14,-0.10520179259321485,33,-0.10518846218144336,MAP_PMU,35,1.3330411771497741e-05
1,B_svc,2,0.17343120552069613,33,0.17337910879413151,MAP_PMU,35,5.20967265646155e-05
2,UPFC_Vsh,5-15,1.111521175259051,33,1.107835439290343,MAP_PMU,35,0.003685735968708137
3,UPFC_tsh,5-15,-0.23725731330749877,33,-0.23742095806497576,MAP_PMU,35,0.00016364475747698837
4,UPFC_Vse,5-15,0.058490583980644016,33,0.06165077901426305,MAP_PMU,35,0.0031601950336190357
5,UPFC_tse,5-15,-2.128498856932309,33,-2.1859856780255793,MAP_PMU,35,0.05748682109327019
0,x_tcsc,1-14,-0.10518914353992546,34,-0.10518846218144336,MAP_PMU,35,6.813584821074858e-07
1,B_svc,2,0.1732865757940264,34,0.17337910879413151,MAP_PMU,35,9.253300010511611e-05
2,UPFC_Vsh,5-15,1.1112946136849933,34,1.107835439290343,MAP_PMU,35,0.0034591743946503772
3,UPFC_tsh,5-15,-0.23726178391391078,34,-0.23742095806497576,MAP_PMU,35,0.000159174151064978
4,UPFC_Vse,5-15,0.05907837603861573,34,0.06165077901426305,MAP_PMU,35,0.0025724029756473213
5,UPFC_tse,5-15,-2.134157854141847,34,-2.1859856780255793,MAP_PMU,35,0.051827823883732194
0,x_tcsc,1-14,-0.10518836842065316,35,-0.10518846218144336,MAP_PMU,35,9.376079020129158e-08
1,B_svc,2,0.1732466261475185,35,0.17337910879413151,MAP_PMU,35,0.00013248264661300246
2,UPFC_Vsh,5-15,1.111574582756432,35,1.107835439290343,MAP_PMU,35,0.0037391434660891676
3,UPFC_tsh,5-15,-0.23724305644019947,35,-0.23742095806497576,MAP_PMU,35,0.00017790162477629434
4,UPFC_Vse,5-15,0.05901393535267358,35,0.06165077901426305,MAP_PMU,35,0.0026368436615894705
5,UPFC_tse,5-15,-2.127458717862949,35,-2.1859856780255793,MAP_PMU,35,0.05852696016263037
0,x_tcsc,1-14,-0.10521012403428555,36,-0.10518846218144336,MAP_PMU,35,2.166185284219191e-05
1,B_svc,2,0.17317209417276508,36,0.17337910879413151,MAP_PMU,35,0.0002070146213664359
2,UPFC_Vsh,5-15,1.1119495957488645,36,1.107835439290343,MAP_PMU,35,0.004114156458521645
3,UPFC_tsh,5-15,-0.2371898485008334,36,-0.23742095806497576,MAP_PMU,35,0.00023110956414235106
4,UPFC_Vse,5-15,0.058530614716582115,36,0.06165077901426305,MAP_PMU,35,0.003120164297680937
5,UPFC_tse,5-15,-2.129568819118399,36,-2.1859856780255793,MAP_PMU,35,0.05641685890718051
0,x_tcsc,1-14,-0.10518217863054884,37,-0.10518846218144336,MAP_PMU,35,6.283550894520262e-06
1,B_svc,2,0.17352879057555337,37,0.17337910879413151,MAP_PMU,35,0.0001496817814218565
2,UPFC_Vsh,5-15,1.1117781088700596,37,1.107835439290343,MAP_PMU,35,0.003942669579716673
3,UPFC_tsh,5-15,-0.2372327531005295,37,-0.23742095806497576,MAP_PMU,35,0.00018820496444627022
4,UPFC_Vse,5-15,0.05905126479916534,37,0.06165077901426305,MAP_PMU,35,0.0025995142150977146
5,UPFC_tse,5-15,-2.131141211945566,37,-2.1859856780255793,MAP_PMU,35,0.054844466080013365
0,x_tcsc,1-14,-0.10521017810390078,38,-0.10518846218144336,MAP_PMU,35,2.1715922457421488e-05
1,B_svc,2,0.17331561347847826,38,0.17337910879413151,MAP_PMU,35,6.349531565325028e-05
2,UPFC_Vsh,5-15,1.112056416656184,38,1.107835439290343,MAP_PMU,35,0.004220977365841039
3,UPFC_tsh,5-15,-0.23720289748585557,38,-0.23742095806497576,MAP_PMU,35,0.0002180605791201884
4,UPFC_Vse,5-15,0.0583975751985441,38,0.06165077901426305,MAP_PMU,35,0.003253203815718954
5,UPFC_tse,5-15,-2.120830752279192,38,-2.1859856780255793,MAP_PMU,35,0.06515492574638726
0,x_tcsc,1-14,-0.10519998536244948,39,-0.10518846218144336,MAP_PMU,35,1.1523181006126149e-05
1,B_svc,2,0.17339786229923007,39,0.17337910879413151,MAP_PMU,35,1.8753505098556555e-05
2,UPFC_Vsh,5-15,1.1115670859886386,39,1.107835439290343,MAP_PMU,35,0.003731646698295732
3,UPFC_tsh,5-15,-0.23726838273990974,39,-0.23742095806497576,MAP_PMU,35,0.00015257532506601779
4,UPFC_Vse,5-15,0.058250091231129474,39,0.06165077901426305,MAP_PMU,35,0.0034006877831335783
5,UPFC_tse,5-15,-2.1270427291953538,39,-2.1859856780255793,MAP_PMU,35,0.05894294883022555
0,x_tcsc,1-14,-0.10522458567618534,40,-0.10518846218144336,MAP_PMU,35,3.612349474198251e-05
1,B_svc,2,0.17387895715505944,40,0.17337910879413151,MAP_PMU,35,0.0004998483609279236
2,UPFC_Vsh,5-15,1.1113306900963285,40,1.107835439290343,MAP_PMU,35,0.0034952508059855614
3,UPFC_tsh,5-15,-0.23734569380058967,40,-0.23742095806497576,MAP_PMU,35,7.526426438608791e-05
4,UPFC_Vse,5-15,0.05900713562925959,40,0.06165077901426305,MAP_PMU,35,0.0026436433850034607
5,UPFC_tse,5-15,-2.1417787081178257,40,-2.1859856780255793,MAP_PMU,35,0.044206969907753635
0,x_tcsc,1-14,-0.10520489727945131,41,-0.10518846218144336,MAP_PMU,35,1.643509800795806e-05
1,B_svc,2,0.173046719533823,41,0.17337910879413151,MAP_PMU,35,0.00033238926030851323
2,UPFC_Vsh,5-15,1.1117247097247032,41,1.107835439290343,MAP_PMU,35,0.00388927043436027
3,UPFC_tsh,5-15,-0.2370731886444753,41,-0.23742095806497576,MAP_PMU,35,0.00034776942050046555
4,UPFC_Vse,5-15,0.0581998125619848,41,0.06165077901426305,MAP_PMU,35,0.0034509664522782493
5,UPFC_tse,5-15,-2.1196666914241553,41,-2.1859856780255793,MAP_PMU,35,0.06631898660142399
0,x_tcsc,1-14,-0.10518995884911478,42,-0.10518846218144336,MAP_PMU,35,1.4966676714217586e-06
1,B_svc,2,0.17362807492977073,42,0.17337910879413151,MAP_PMU,35,0.00024896613563921144
2,UPFC_Vsh,5-15,1.1117562203046585,42,1.107835439290343,MAP_PMU,35,0.0039207810143155886
3,UPFC_tsh,5-15,-0.23734406474314798,42,-0.23742095806497576,MAP_PMU,35,7.689332182778119e-05
4,UPFC_Vse,5-15,0.05879065468893867,42,0.06165077901426305,MAP_PMU,35,0.002860124325324384
5,UPFC_tse,5-15,-2.135334173315964,42,-2.1859856780255793,MAP_PMU,35,0.050651504709615214
0,x_tcsc,1-14,-0.10524718222856518,43,-0.10518846218144336,MAP_PMU,35,5.872004712181855e-05
1,B_svc,2,0.17315594897755066,43,0.17337910879413151,MAP_PMU,35,0.00022315981658085904
2,UPFC_Vsh,5-15,1.1117773153157682,43,1.107835439290343,MAP_PMU,35,0.003941876025425284
3,UPFC_tsh,5-15,-0.23719031309312136,43,-0.23742095806497576,MAP_PMU,35,0.00023064497185440458
4,UPFC_Vse,5-15,0.058628038470556636,43,0.06165077901426305,MAP_PMU,35,0.003022740543706416
5,UPFC_tse,5-15,-2.118728385249182,43,-2.1859856780255793,MAP_PMU,35,0.06725729277639747
0,x_tcsc,1-14,-0.1051844299118745,44,-0.10518846218144336,MAP_PMU,35,4.032269568854385e-06
1,B_svc,2,0.17357205243565055,44,0.17337910879413151,MAP_PMU,35,0.00019294364151903332
2,UPFC_Vsh,5-15,1.1114936422119446,44,1.107835439290343,MAP_PMU,35,0.003658202921601683
3,UPFC_tsh,5-15,-0.23725215375862657,44,-0.23742095806497576,MAP_PMU,35,0.00016880430634919064
4,UPFC_Vse,5-15,0.05925439546665326,44,0.06165077901426305,MAP_PMU,35,0.0023963835476097928
5,UPFC_tse,5-15,-2.128595004630226,44,-2.1859856780255793,MAP_PMU,35,0.05739067339535309
0,x_tcsc,1-14,-0.10520869994611017,45,-0.10518846218144336,MAP_PMU,35,2.0237764666808378e-05
1,B_svc,2,0.17324802663960465,45,0.17337910879413151,MAP_PMU,35,0.0001310821545268681
2,UPFC_Vsh,5-15,1.1117152219618125,45,1.107835439290343,MAP_PMU,35,0.0038797826714696004
3,UPFC_tsh,5-15,-0.2372246756595681,45,-0.23742095806497576,MAP_PMU,35,0.00019628240540767172
4,UPFC_Vse,5-15,0.058651769733379815,45,0.06165077901426305,MAP_PMU,35,0.002999009280883237
5,UPFC_tse,5-15,-2.128189099510265,45,-2.1859856780255793,MAP_PMU,35,0.0577965785153145
0,x_tcsc,1-14,-0.10519662735305066,46,-0.10518846218144336,MAP_PMU,35,8.165171607302235e-06
1,B_svc,2,0.1736944403587408,46,0.17337910879413151,MAP_PMU,35,0.000315331564609278
2,UPFC_Vsh,5-15,1.1111494964138682,46,1.107835439290343,MAP_PMU,35,0.0033140571235252825
3,UPFC_tsh,5-15,-0.23733266127880936,46,-0.23742095806497576,MAP_PMU,35,8.829678616639747e-05
4,UPFC_Vse,5-15,0.058747096525222746,46,0.06165077901426305,MAP_PMU,35,0.002903682489040306
5,UPFC_tse,5-15,-2.141078764054877,46,-2.1859856780255793,MAP_PMU,35,0.044906913970702345
0,x_tcsc,1-14,-0.1051937006498995,47,-0.10518846218144336,MAP_PMU,35,5.238468456139622e-06
1,B_svc,2,0.17332192097996849,47,0.17337910879413151,MAP_PMU,35,5.718781416302887e-05
2,UPFC_Vsh,5-15,1.1114681321300077,47,1.107835439290343,MAP_PMU,35,0.0036326928396648306
3,UPFC_tsh,5-15,-0.2373132965235261,47,-0.23742095806497576,MAP_PMU,35,0.00010766154144967177
4,UPFC_Vse,5-15,0.059267518517610134,47,0.06165077901426305,MAP_PMU,35,0.0023832604966529183
5,UPFC_tse,5-15,-2.142350489665297,47,-2.1859856780255793,MAP_PMU,35,0.04363518836028213
0,x_tcsc,1-14,-0.10519710542009578,48,-0.10518846218144336,MAP_PMU,35,8.643238652419893e-06
1,B_svc,2,0.17389810801208763,48,0.17337910879413151,MAP_PMU,35,0.0005189992179561176
2,UPFC_Vsh,5-15,1.1112166477549175,48,1.107835439290343,MAP_PMU,35,0.00338120846457457
3,UPFC_tsh,5-15,-0.23734560168382357,48,-0.23742095806497576,MAP_PMU,35,7.535638115219179e-05
4,UPFC_Vse,5-15,0.05886297725233729,48,0.06165077901426305,MAP_PMU,35,0.002787801761925765
5,UPFC_tse,5-15,-2.1402481062040395,48,-2.1859856780255793,MAP_PMU,35,0.04573757182153981
0,x_tcsc,1-14,-0.10522677187383342,49,-0.10518846218144336,MAP_PMU,35,3.830969239006221e-05
1,B_svc,2,0.17320841502042242,49,0.17337910879413151,MAP_PMU,35,0.00017069377370909633
2,UPFC_Vsh,5-15,1.1119111721401558,49,1.107835439290343,MAP_PMU,35,0.004075732849812885
3,UPFC_tsh,5-15,-0.2371751461422102,49,-0.23742095806497576,MAP_PMU,35,0.00024581192276557084
4,UPFC_Vse,5-15,0.05837711631628712,49,0.06165077901426305,MAP_PMU,35,0.0032736626979759306
5,UPFC_tse,5-15,-2.132938431046328,49,-2.1859856780255793,MAP_PMU,35,0.05304724697925112
0,x_tcsc,1-14,-0.10521249318315287,50,-0.10518846218144336,MAP_PMU,35,2.403100170951522e-05
1,B_svc,2,0.17314770127377327,50,0.17337910879413151,MAP_PMU,35,0.00023140752035824552
2,UPFC_Vsh,5-15,1.1116407839888354,50,1.107835439290343,MAP_PMU,35,0.0038053446984924744
3,UPFC_tsh,5-15,-0.23719506801016557,50,-0.23742095806497576,MAP_PMU,35,0.00022589005481019053
4,UPFC_Vse,5-15,0.05884623854998046,50,0.06165077901426305,MAP_PMU,35,0.0028045404642825927
5,UPFC_tse,5-15,-2.1318621235663757,50,-2.1859856780255793,MAP_PMU,35,0.05412355445920358
0,x_tcsc,1-14,-0.10517296440602851,51,-0.10518846218144336,MAP_PMU,35,1.549777541484665e-05
1,B_svc,2,0.17378539328662027,51,0.17337910879413151,MAP_PMU,35,0.000406284492488751
2,UPFC_Vsh,5-15,1.11162425863844,51,1.107835439290343,MAP_PMU,35,0.00378881934809705
3,UPFC_tsh,5-15,-0.23723304092710518,51,-0.23742095806497576,MAP_PMU,35,0.00018791713787058573
4,UPFC_Vse,5-15,0.05885527455590512,51,0.06165077901426305,MAP_PMU,35,0.002795504458357932
5,UPFC_tse,5-15,-2.1323427201484697,51,-2.1859856780255793,MAP_PMU,35,0.0536429578771096
0,x_tcsc,1-14,-0.10521377242485926,52,-0.10518846218144336,MAP_PMU,35,2.531024341589916e-05
1,B_svc,2,0.1736131952775438,52,0.17337910879413151,MAP_PMU,35,0.0002340864834122769
2,UPFC_Vsh,5-15,1.1116300474433554,52,1.107835439290343,MAP_PMU,35,0.0037946081530124687
3,UPFC_tsh,5-15,-0.23723942064207262,52,-0.23742095806497576,MAP_PMU,35,0.00018153742290313857
4,UPFC_Vse,5-15,0.058546230099364535,52,0.06165077901426305,MAP_PMU,35,0.0031045489148985167
5,UPFC_tse,5-15,-2.125378239269483,52,-2.1859856780255793,MAP_PMU,35,0.06060743875609642
0,x_tcsc,1-14,-0.10519890589229128,53,-0.10518846218144336,MAP_PMU,35,1.0443710847921062e-05
1,B_svc,2,0.17303163399929228,53,0.17337910879413151,MAP_PMU,35,0.0003474747948392365
2,UPFC_Vsh,5-15,1.1117538646263398,53,1.107835439290343,MAP_PMU,35,0.003918425335996956
3,UPFC_tsh,5-15,-0.23729020402175569,53,-0.23742095806497576,MAP_PMU,35,0.0001307540432200771
4,UPFC_Vse,5-15,0.058702307983348585,53,0.06165077901426305,MAP_PMU,35,0.0029484710309144666
5,UPFC_tse,5-15,-2.127873205841885,53,-2.1859856780255793,MAP_PMU,35,0.05811247218369431
0,x_tcsc,1-14,-0.10519910489204323,54,-0.10518846218144336,MAP_PMU,35,1.064271059987576e-05
1,B_svc,2,0.17386011006436355,54,0.17337910879413151,MAP_PMU,35,0.00048100127023203987
2,UPFC_Vsh,5-15,1.1118761276391123,54,1.107835439290343,MAP_PMU,35,0.004040688348769361
3,UPFC_tsh,5-15,-0.23718248845443438,54,-0.23742095806497576,MAP_PMU,35,0.00023846961054138638
4,UPFC_Vse,5-15,0.058626056604409144,54,0.06165077901426305,MAP_PMU,35,0.0030247224098539083
5,UPFC_tse,5-15,-2.1340916382387762,54,-2.1859856780255793,MAP_PMU,35,0.05189403978680307
0,x_tcsc,1-14,-0.1051938726729316,55,-0.10518846218144336,MAP_PMU,35,5.4104914882363575e-06
1,B_svc,2,0.1733288168685134,55,0.17337910879413151,MAP_PMU,35,5.0291925618117794e-05
2,UPFC_Vsh,5-15,1.111580243527388,55,1.107835439290343,MAP_PMU,35,0.0037448042370451518
3,UPFC_tsh,5-15,-0.23732451070917018,55,-0.23742095806497576,MAP_PMU,35,9.644735580557895e-05
4,UPFC_Vse,5-15,0.05923650466028522,55,0.06165077901426305,MAP_PMU,35,0.002414274353977834
5,UPFC_tse,5-15,-2.1441431400604043,55,-2.1859856780255793,MAP_PMU,35,0.04184253796517501
0,x_tcsc,1-14,-0.10518534622139508,56,-0.10518846218144336,MAP_PMU,35,3.1159600482749683e-06
1,B_svc,2,0.17389562748339976,56,0.17337910879413151,MAP_PMU,35,0.0005165186892682472
2,UPFC_Vsh,5-15,1.1109510896181984,56,1.107835439290343,MAP_PMU,35,0.003115650327855546
3,UPFC_tsh,5-15,-0.2373200450195835,56,-0.23742095806497576,MAP_PMU,35,0.00010091304539225354
4,UPFC_Vse,5-15,0.05899648550587505,56,0.06165077901426305,MAP_PMU,35,0.0026542935083880004
5,UPFC_tse,5-15,-2.138381736803705,56,-2.1859856780255793,MAP_PMU,35,0.04760394122187428
0,x_tcsc,1-14,-0.10521240751082166,57,-0.10518846218144336,MAP_PMU,35,2.394532937829985e-05
1,B_svc,2,0.1731035585898316,57,0.17337910879413151,MAP_PMU,35,0.0002755502042999236
2,UPFC_Vsh,5-15,1.1113354590160809,57,1.107835439290343,MAP_PMU,35,0.0035000197257379906
3,UPFC_tsh,5-15,-0.23738260396552727,57,-0.23742095806497576,MAP_PMU,35,3.835409944849544e-05
4,UPFC_Vse,5-15,0.05921558619845807,57,0.06165077901426305,MAP_PMU,35,0.002435192815804982
5,UPFC_tse,5-15,-2.147083305001148,57,-2.1859856780255793,MAP_PMU,35,0.038902373024431114
0,x_tcsc,1-14,-0.10520353787315506,58,-0.10518846218144336,MAP_PMU,35,1.5075691711705086e-05
1,B_svc,2,0.1731834406017449,58,0.17337910879413151,MAP_PMU,35,0.0001956681923866166
2,UPFC_Vsh,5-15,1.1115601231763848,58,1.107835439290343,MAP_PMU,35,0.0037246838860418574
3,UPFC_tsh,5-15,-0.23724101808016881,58,-0.23742095806497576,MAP_PMU,35,0.00017993998480694828
4,UPFC_Vse,5-15,0.05844370318912693,58,0.06165077901426305,MAP_PMU,35,0.003207075825136123
5,UPFC_tse,5-15,-2.137861360568793,58,-2.1859856780255793,MAP_PMU,35,0.04812431745678625
0,x_tcsc,1-14,-0.10519525703210716,59,-0.10518846218144336,MAP_PMU,35,6.7948506638076944e-06
1,B_svc,2,0.17327376550720955,59,0.17337910879413151,MAP_PMU,35,0.00010534328692196615
2,UPFC_Vsh,5-15,1.1116521639241048,59,1.107835439290343,MAP_PMU,35,0.0038167246337619254
3,UPFC_tsh,5-15,-0.2372275525849509,59,-0.23742095806497576,MAP_PMU,35,0.0001934054800248608
4,UPFC_Vse,5-15,0.0591205263233001,59,0.06165077901426305,MAP_PMU,35,0.0025302526909629502
5,UPFC_tse,5-15,-2.1259347855715,59,-2.1859856780255793,MAP_PMU,35,0.06005089245407946
0,x_tcsc,1-14,-0.105223446445143,60,-0.10518846218144336,MAP_PMU,35,3.4984263699647244e-05
1,B_svc,2,0.17351356393090653,60,0.17337910879413151,MAP_PMU,35,0.00013445513677501353
2,UPFC_Vsh,5-15,1.1117624761856122,60,1.107835439290343,MAP_PMU,35,0.003927036895269298
3,UPFC_tsh,5-15,-0.23727615208356623,60,-0.23742095806497576,MAP_PMU,35,0.00014480598140953482
4,UPFC_Vse,5-15,0.059186874657949105,60,0.06165077901426305,MAP_PMU,35,0.0024639043563139465
5,UPFC_tse,5-15,-2.1416181536695262,60,-2.1859856780255793,MAP_PMU,35,0.04436752435605307
0,x_tcsc,1-14,-0.10522046372214373,61,-0.10518846218144336,MAP_PMU,35,3.2001540700377085e-05
1,B_svc,2,0.1729428804418337,61,0.17337910879413151,MAP_PMU,35,0.00043622835229781276
2,UPFC_Vsh,5-15,1.1120136870146242,61,1.107835439290343,MAP_PMU,35,0.004178247724281325
3,UPFC_tsh,5-15,-0.23725534428841852,61,-0.23742095806497576,MAP_PMU,35,0.00016561377655724407
4,UPFC_Vse,5-15,0.059080794495970465,61,0.06165077901426305,MAP_PMU,35,0.002569984518292587
5,UPFC_tse,5-15,-2.1376791110181856,61,-2.1859856780255793,MAP_PMU,35,0.048306567007393664
0,x_tcsc,1-14,-0.10518222350780265,62,-0.10518846218144336,MAP_PMU,35,6.238673640704406e-06
1,B_svc,2,0.17361102044508872,62,0.17337910879413151,MAP_PMU,35,0.00023191165095720612
2,UPFC_Vsh,5-15,1.1114952167744574,62,1.107835439290343,MAP_PMU,35,0.0036597774841145014
3,UPFC_tsh,5-15,-0.23730673528176274,62,-0.23742095806497576,MAP_PMU,35,0.00011422278321301937
4,UPFC_Vse,5-15,0.059105297005035,62,0.06165077901426305,MAP_PMU,35,0.0025454820092280506
5,UPFC_tse,5-15,-2.135548417808486,62,-2.1859856780255793,MAP_PMU,35,0.05043726021709327
0,x_tcsc,1-14,-0.10524835298924112,63,-0.10518846218144336,MAP_PMU,35,5.989080779776612e-05
1,B_svc,2,0.17340736359359,63,0.17337910879413151,MAP_PMU,35,2.8254799458476976e-05
2,UPFC_Vsh,5-15,1.1119841059070208,63,1.107835439290343,MAP_PMU,35,0.0041486666166778985
3,UPFC_tsh,5-15,-0.23725493494115274,63,-0.23742095806497576,MAP_PMU,35,0.00016602312382302253
4,UPFC_Vse,5-15,0.058737088910644865,63,0.06165077901426305,MAP_PMU,35,0.002913690103618187
5,UPFC_tse,5-15,-2.132599625587429,63,-2.1859856780255793,MAP_PMU,35,0.05338605243815042
0,x_tcsc,1-14,-0.10519494679883942,64,-0.10518846218144336,MAP_PMU,35,6.484617396065873e-06
1,B_svc,2,0.17347152146924083,64,0.17337910879413151,MAP_PMU,35,9.241267510931572e-05
2,UPFC_Vsh,5-15,1.111928105845738,64,1.107835439290343,MAP_PMU,35,0.004092666555395086
3,UPFC_tsh,5-15,-0.23723768498581654,64,-0.23742095806497576,MAP_PMU,35,0.00018327307915921853
4,UPFC_Vse,5-15,0.058921437132289124,64,0.06165077901426305,MAP_PMU,35,0.0027293418819739276
5,UPFC_tse,5-15,-2.1348603668387347,64,-2.1859856780255793,MAP_PMU,35,0.0511253111868446
0,x_tcsc,1-14,-0.10519789425877786,65,-0.10518846218144336,MAP_PMU,35,9.432077334503575e-06
1,B_svc,2,0.17327728686729113,65,0.17337910879413151,MAP_PMU,35,0.00010182192684038416
2,UPFC_Vsh,5-15,1.1111930517466457,65,1.107835439290343,MAP_PMU,35,0.0033576124563028387
3,UPFC_tsh,5-15,-0.23737879554664731,65,-0.23742095806497576,MAP_PMU,35,4.216251832844797e-05
4,UPFC_Vse,5-15,0.059241181594313394,65,0.06165077901426305,MAP_PMU,35,0.002409597419949658
5,UPFC_tse,5-15,-2.136285801403764,65,-2.1859856780255793,MAP_PMU,35,0.04969987662181552
0,x_tcsc,1-14,-0.10519454177965405,66,-0.10518846218144336,MAP_PMU,35,6.0795982106953694e-06
1,B_svc,2,0.17353651286672456,66,0.17337910879413151,MAP_PMU,35,0.00015740407259304257
2,UPFC_Vsh,5-15,1.111449097990385,66,1.107835439290343,MAP_PMU,35,0.003613658700042155
3,UPFC_tsh,5-15,-0.237286455306212,66,-0.23742095806497576,MAP_PMU,35,0.00013450275876375484
4,UPFC_Vse,5-15,0.05938369347549301,66,0.06165077901426305,MAP_PMU,35,0.0022670855387700445
5,UPFC_tse,5-15,-2.1291644184885796,66,-2.1859856780255793,MAP_PMU,35,0.05682125953699968
0,x_tcsc,1-14,-0.1051783310876414,67,-0.10518846218144336,MAP_PMU,35,1.0131093801962754e-05
1,B_svc,2,0.173087198768266,67,0.17337910879413151,MAP_PMU,35,0.0002919100258655105
2,UPFC_Vsh,5-15,1.1117250497890556,67,1.107835439290343,MAP_PMU,35,0.0038896104987127256
3,UPFC_tsh,5-15,-0.23720240297896847,67,-0.23742095806497576,MAP_PMU,35,0.00021855508600729379
4,UPFC_Vse,5-15,0.05884972733382205,67,0.06165077901426305,MAP_PMU,35,0.002801051680441001
5,UPFC_tse,5-15,-2.130568015352902,67,-2.1859856780255793,MAP_PMU,35,0.05541766267267745
0,x_tcsc,1-14,-0.10518402738100426,68,-0.10518846218144336,MAP_PMU,35,4.434800439101494e-06
1,B_svc,2,0.17350154022784706,68,0.17337910879413151,MAP_PMU,35,0.00012243143371554188
2,UPFC_Vsh,5-15,1.111767983305771,68,1.107835439290343,MAP_PMU,35,0.0039325440154280855
3,UPFC_tsh,5-15,-0.23721046937442677,68,-0.23742095806497576,MAP_PMU,35,0.00021048869054898778
4,UPFC_Vse,5-15,0.05914715063436732,68,0.06165077901426305,MAP_PMU,35,0.0025036283798957337
5,UPFC_tse,5-15,-2.130186720474181,68,-2.1859856780255793,MAP_PMU,35,0.05579895755139841
0,x_tcsc,1-14,-0.10518042532300864,69,-0.10518846218144336,MAP_PMU,35,8.036858434715133e-06
1,B_svc,2,0.17392694116490545,69,0.17337910879413151,MAP_PMU,35,0.0005478323707739374
2,UPFC_Vsh,5-15,1.1116461494672285,69,1.107835439290343,MAP_PMU,35,0.003810710176885612
3,UPFC_tsh,5-15,-0.23727124234975164,69,-0.23742095806497576,MAP_PMU,35,0.00014971571522412463
4,UPFC_Vse,5-15,0.058694948996847095,69,0.06165077901426305,MAP_PMU,35,0.002955830017415957
5,UPFC_tse,5-15,-2.1306813105393005,69,-2.1859856780255793,MAP_PMU,35,0.05530436748627876
0,x_tcsc,1-14,-0.10520583518119028,70,-0.10518846218144336,MAP_PMU,35,1.7372999746925744e-05
1,B_svc,2,0.17316528662214645,70,0.17337910879413151,MAP_PMU,35,0.00021382217198506748
2,UPFC_Vsh,5-15,1.1115461977475716,70,1.107835439290343,MAP_PMU,35,0.00371075845722868
3,UPFC_tsh,5-15,-0.2372711408090066,70,-0.23742095806497576,MAP_PMU,35,0.00014981725596915907
4,UPFC_Vse,5-15,0.05910654189517951,70,0.06165077901426305,MAP_PMU,35,0.0025442371190835394
5,UPFC_tse,5-15,-2.131517455021855,70,-2.1859856780255793,MAP_PMU,35,0.054468223003724336
0,x_tcsc,1-14,-0.10518768574149982,71,-0.10518846218144336,MAP_PMU,35,7.764399435339353e-07
1,B_svc,2,0.17324052929643752,71,0.17337910879413151,MAP_PMU,35,0.0001385794976939969
2,UPFC_Vsh,5-15,1.1113092359136378,71,1.107835439290343,MAP_PMU,35,0.0034737966232949447
3,UPFC_tsh,5-15,-0.23734066374913157,71,-0.23742095806497576,MAP_PMU,35,8.029431584419267e-05
4,UPFC_Vse,5-15,0.05917506153202,71,0.06165077901426305,MAP_PMU,35,0.0024757174822430533
5,UPFC_tse,5-15,-2.1374298168100756,71,-2.1859856780255793,MAP_PMU,35,0.048555861215503704
0,x_tcsc,1-14,-0.1051981773418551,72,-0.10518846218144336,MAP_PMU,35,9.715160411746804e-06
1,B_svc,2,0.17365442060350922,72,0.17337910879413151,MAP_PMU,35,0.00027531180937770405
2,UPFC_Vsh,5-15,1.112024661068908,72,1.107835439290343,MAP_PMU,35,0.0041892217785650665
3,UPFC_tsh,5-15,-0.23719436268279445,72,-0.23742095806497576,MAP_PMU,35,0.00022659538218131048
4,UPFC_Vse,5-15,0.05839957095922923,72,0.06165077901426305,MAP_PMU,35,0.003251208055033823
5,UPFC_tse,5-15,-2.1209118037262398,72,-2.1859856780255793,MAP_PMU,35,0.06507387429933953
0,x_tcsc,1-14,-0.10518392885511929,73,-0.10518846218144336,MAP_PMU,35,4.5333263240660004e-06
1,B_svc,2,0.17347310946240047,73,0.17337910879413151,MAP_PMU,35,9.400066826895093e-05
2,UPFC_Vsh,5-15,1.1113565665784704,73,1.107835439290343,MAP_PMU,35,0.003521127288127479
3,UPFC_tsh,5-15,-0.2373531061795176,73,-0.23742095806497576,MAP_PMU,35,6.78518854581589e-05
4,UPFC_Vse,5-15,0.05875812372207445,73,0.06165077901426305,MAP_PMU,35,0.0028926552921886006
5,UPFC_tse,5-15,-2.1418564262746695,73,-2.1859856780255793,MAP_PMU,35,0.04412925175090976
0,x_tcsc,1-14,-0.10518363353337527,74,-0.10518846218144336,MAP_PMU,35,4.828648068083696e-06
1,B_svc,2,0.17345967342709023,74,0.17337910879413151,MAP_PMU,35,8.056463295871841e-05
2,UPFC_Vsh,5-15,1.1120006275023169,74,1.107835439290343,MAP_PMU,35,0.00416518821197398
3,UPFC_tsh,5-15,-0.23723002945190338,74,-0.23742095806497576,MAP_PMU,35,0.00019092861307237752
4,UPFC_Vse,5-15,0.058972855863225544,74,0.06165077901426305,MAP_PMU,35,0.0026779231510375076
5,UPFC_tse,5-15,-2.135296159190063,74,-2.1859856780255793,MAP_PMU,35,0.05068951883551609
0,x_tcsc,1-14,-0.10517070536847299,75,-0.10518846218144336,MAP_PMU,35,1.7756812970365354e-05
1,B_svc,2,0.17318712034707198,75,0.17337910879413151,MAP_PMU,35,0.00019198844705953233
2,UPFC_Vsh,5-15,1.1117113487313424,75,1.107835439290343,MAP_PMU,35,0.00387590944099947
3,UPFC_tsh,5-15,-0.2372848576863647,75,-0.23742095806497576,MAP_PMU,35,0.00013610037861105928
4,UPFC_Vse,5-15,0.05904025051019613,75,0.06165077901426305,MAP_PMU,35,0.002610528504066921
5,UPFC_tse,5-15,-2.139403515029877,75,-2.1859856780255793,MAP_PMU,35,0.04658216299570217
0,x_tcsc,1-14,-0.10522319358458583,76,-0.10518846218144336,MAP_PMU,35,3.4731403142473916e-05
1,B_svc,2,0.1737715164777489,76,0.17337910879413151,MAP_PMU,35,0.0003924076836173962
2,UPFC_Vsh,5-15,1.1115831282123174,76,1.107835439290343,MAP_PMU,35,0.0037476889219745235
3,UPFC_tsh,5-15,-0.2372422810881579,76,-0.23742095806497576,MAP_PMU,35,0.00017867697681786532
4,UPFC_Vse,5-15,0.059143470691756725,76,0.06165077901426305,MAP_PMU,35,0.002507308322506327
5,UPFC_tse,5-15,-2.1311897188866595,76,-2.1859856780255793,MAP_PMU,35,0.05479595913891977
0,x_tcsc,1-14,-0.1051971959214402,77,-0.10518846218144336,MAP_PMU,35,8.733739996838463e-06
1,B_svc,2,0.17345456064940287,77,0.17337910879413151,MAP_PMU,35,7.545185527135789e-05
2,UPFC_Vsh,5-15,1.111755659783193,77,1.107835439290343,MAP_PMU,35,0.003920220492850124
3,UPFC_tsh,5-15,-0.23725823300645862,77,-0.23742095806497576,MAP_PMU,35,0.00016272505851713803
4,UPFC_Vse,5-15,0.058993486323204,77,0.06165077901426305,MAP_PMU,35,0.002657292691059049
5,UPFC_tse,5-15,-2.125555889767004,77,-2.1859856780255793,MAP_PMU,35,0.06042978825857537
0,x_tcsc,1-14,-0.10523523855991113,78,-0.10518846218144336,MAP_PMU,35,4.6776378467769386e-05
1,B_svc,2,0.17308737441488184,78,0.17337910879413151,MAP_PMU,35,0.00029173437924967516
2,UPFC_Vsh,5-15,1.111850222681878,78,1.107835439290343,MAP_PMU,35,0.004014783391535159
3,UPFC_tsh,5-15,-0.2372293166020352,78,-0.23742095806497576,MAP_PMU,35,0.00019164146294056716
4,UPFC_Vse,5-15,0.05894402217537475,78,0.06165077901426305,MAP_PMU,35,0.0027067568388883037
5,UPFC_tse,5-15,-2.1196174191671346,78,-2.1859856780255793,MAP_PMU,35,0.06636825885844466
0,x_tcsc,1-14,-0.10520690387599879,79,-0.10518846218144336,MAP_PMU,35,1.8441694555434984e-05
1,B_svc,2,0.1733554066473789,79,0.17337910879413151,MAP_PMU,35,2.3702146752624387e-05
2,UPFC_Vsh,5-15,1.1119323234898029,79,1.107835439290343,MAP_PMU,35,0.004096884199459971
3,UPFC_tsh,5-15,-0.23716778150359966,79,-0.23742095806497576,MAP_PMU,35,0.0002531765613761061
4,UPFC_Vse,5-15,0.05841546308093906,79,0.06165077901426305,MAP_PMU,35,0.00323531593332399
5,UPFC_tse,5-15,-2.1246105892274443,79,-2.1859856780255793,MAP_PMU,35,0.061375088798135025
0,x_tcsc,1-14,-0.10523405812328623,80,-0.10518846218144336,MAP_PMU,35,4.5595941842876964e-05
1,B_svc,2,0.17338413740355108,80,0.17337910879413151,MAP_PMU,35,5.028609419560626e-06
2,UPFC_Vsh,5-15,1.1116271449301756,80,1.107835439290343,MAP_PMU,35,0.0037917056398326654
3,UPFC_tsh,5-15,-0.23721899432658825,80,-0.23742095806497576,MAP_PMU,35,0.00020196373838751724
4,UPFC_Vse,5-15,0.05885581243178312,80,0.06165077901426305,MAP_PMU,35,0.0027949665824799352
5,UPFC_tse,5-15,-2.127151216595145,80,-2.1859856780255793,MAP_PMU,35,0.05883446143043436
0,x_tcsc,1-14,-0.10521820533917575,81,-0.10518846218144336,MAP_PMU,35,2.974315773239533e-05
1,B_svc,2,0.1733399645490482,81,0.17337910879413151,MAP_PMU,35,3.914424508330572e-05
2,UPFC_Vsh,5-15,1.1115399154514163,81,1.107835439290343,MAP_PMU,35,0.003704476161073389
3,UPFC_tsh,5-15,-0.2372693792160415,81,-0.23742095806497576,MAP_PMU,35,0.00015157884893426954
4,UPFC_Vse,5-15,0.058553273568723814,81,0.06165077901426305,MAP_PMU,35,0.003097505445539238
5,UPFC_tse,5-15,-2.1268961120601992,81,-2.1859856780255793,MAP_PMU,35,0.059089565965380064
0,x_tcsc,1-14,-0.1052064996052253,82,-0.10518846218144336,MAP_PMU,35,1.8037423781938622e-05
1,B_svc,2,0.1734147663806147,82,0.17337910879413151,MAP_PMU,35,3.565758648318984e-05
2,UPFC_Vsh,5-15,1.1115626838262158,82,1.107835439290343,MAP_PMU,35,0.00372724453587292
3,UPFC_tsh,5-15,-0.23725651598761324,82,-0.23742095806497576,MAP_PMU,35,0.00016444207736251992
4,UPFC_Vse,5-15,0.05894060542545793,82,0.06165077901426305,MAP_PMU,35,0.002710173588805119
5,UPFC_tse,5-15,-2.1366363250570943,82,-2.1859856780255793,MAP_PMU,35,0.04934935296848497
0,x_tcsc,1-14,-0.10520149887928833,83,-0.10518846218144336,MAP_PMU,35,1.3036697844970302e-05
1,B_svc,2,0.17394086845057738,83,0.17337910879413151,MAP_PMU,35,0.0005617596564458649
2,UPFC_Vsh,5-15,1.1113851829255543,83,1.107835439290343,MAP_PMU,35,0.003549743635211433
3,UPFC_tsh,5-15,-0.23731408569424475,83,-0.23742095806497576,MAP_PMU,35,0.0001068723707310093
4,UPFC_Vse,5-15,0.059070374736213994,83,0.06165077901426305,MAP_PMU,35,0.0025804042780490574
5,UPFC_tse,5-15,-2.1359281579489315,83,-2.1859856780255793,MAP_PMU,35,0.050057520076647766
0,x_tcsc,1-14,-0.10521214878812164,84,-0.10518846218144336,MAP_PMU,35,2.3686606678285926e-05
1,B_svc,2,0.17341439356338578,84,0.17337910879413151,MAP_PMU,35,3.5284769254267934e-05
2,UPFC_Vsh,5-15,1.1115091722274293,84,1.107835439290343,MAP_PMU,35,0.0036737329370863936
3,UPFC_tsh,5-15,-0.23729675327305014,84,-0.23742095806497576,MAP_PMU,35,0.00012420479192562506
4,UPFC_Vse,5-15,0.059323968271053004,84,0.06165077901426305,MAP_PMU,35,0.0023268107432100477
5,UPFC_tse,5-15,-2.1418761836704747,84,-2.1859856780255793,MAP_PMU,35,0.044109494355104584
0,x_tcsc,1-14,-0.10517117989587865,85,-0.10518846218144336,MAP_PMU,35,1.7282285564704236e-05
1,B_svc,2,0.17334914894409087,85,0.17337910879413151,MAP_PMU,35,2.9959850040645053e-05
2,UPFC_Vsh,5-15,1.1117756454004954,85,1.107835439290343,MAP_PMU,35,0.003940206110152555
3,UPFC_tsh,5-15,-0.23729515308024904,85,-0.23742095806497576,MAP_PMU,35,0.00012580498472672397
4,UPFC_Vse,5-15,0.05882551681626265,85,0.06165077901426305,MAP_PMU,35,0.002825262198000403
5,UPFC_tse,5-15,-2.1292937322410515,85,-2.1859856780255793,MAP_PMU,35,0.05669194578452785
0,x_tcsc,1-14,-0.10519502601905335,86,-0.10518846218144336,MAP_PMU,35,6.563837609996348e-06
1,B_svc,2,0.17336794553193247,86,0.17337910879413151,MAP_PMU,35,1.1163262199048729e-05
2,UPFC_Vsh,5-15,1.111501692977701,86,1.107835439290343,MAP_PMU,35,0.0036662536873581786
3,UPFC_tsh,5-15,-0.23729357385011213,86,-0.23742095806497576,MAP_PMU,35,0.00012738421486363505
4,UPFC_Vse,5-15,0.05914264664957491,86,0.06165077901426305,MAP_PMU,35,0.002508132364688144
5,UPFC_tse,5-15,-2.1373924813258833,86,-2.1859856780255793,MAP_PMU,35,0.04859319669969597
0,x_tcsc,1-14,-0.1052129365067391,87,-0.10518846218144336,MAP_PMU,35,2.4474325295745225e-05
1,B_svc,2,0.17343354373730704,87,0.17337910879413151,MAP_PMU,35,5.443494317552977e-05
2,UPFC_Vsh,5-15,1.1118147849254387,87,1.107835439290343,MAP_PMU,35,0.003979345635095832
3,UPFC_tsh,5-15,-0.2371659726284274,87,-0.23742095806497576,MAP_PMU,35,0.00025498543654836614
4,UPFC_Vse,5-15,0.05851249339880963,87,0.06165077901426305,MAP_PMU,35,0.003138285615453422
5,UPFC_tse,5-15,-2.1330661810735903,87,-2.1859856780255793,MAP_PMU,35,0.05291949695198905
0,x_tcsc,1-14,-0.10518729938077499,88,-0.10518846218144336,MAP_PMU,35,1.1628006683639391e-06
1,B_svc,2,0.174082145133283,88,0.17337910879413151,MAP_PMU,35,0.0007030363391514749
2,UPFC_Vsh,5-15,1.1116231086812463,88,1.107835439290343,MAP_PMU,35,0.0037876693909033587
3,UPFC_tsh,5-15,-0.23727113971176791,88,-0.23742095806497576,MAP_PMU,35,0.00014981835320784787
4,UPFC_Vse,5-15,0.05866377433665005,88,0.06165077901426305,MAP_PMU,35,0.002987004677613002
5,UPFC_tse,5-15,-2.1392564764282285,88,-2.1859856780255793,MAP_PMU,35,0.04672920159735083
0,x_tcsc,1-14,-0.10520621852370506,89,-0.10518846218144336,MAP_PMU,35,1.7756342261698865e-05
1,B_svc,2,0.17343764533941364,89,0.17337910879413151,MAP_PMU,35,5.853654528212293e-05
2,UPFC_Vsh,5-15,1.1116685382261793,89,1.107835439290343,MAP_PMU,35,0.0038330989358363876
3,UPFC_tsh,5-15,-0.23729601687218485,89,-0.23742095806497576,MAP_PMU,35,0.00012494119279091165
4,UPFC_Vse,5-15,0.05862703055318924,89,0.06165077901426305,MAP_PMU,35,0.003023748461073811
5,UPFC_tse,5-15,-2.1382333355618757,89,-2.1859856780255793,MAP_PMU,35,0.047752342463703634
0,x_tcsc,1-14,-0.10520781779022573,90,-0.10518846218144336,MAP_PMU,35,1.9355608782370415e-05
1,B_svc,2,0.17308142535209528,90,0.17337910879413151,MAP_PMU,35,0.000297683442036234
2,UPFC_Vsh,5-15,1.1114422166499578,90,1.107835439290343,MAP_PMU,35,0.003606777359614899
3,UPFC_tsh,5-15,-0.23719032335474458,90,-0.23742095806497576,MAP_PMU,35,0.00023063471023118676
4,UPFC_Vse,5-15,0.05867394998190418,90,0.06165077901426305,MAP_PMU,35,0.002976829032358873
5,UPFC_tse,5-15,-2.123861934467108,90,-2.1859856780255793,MAP_PMU,35,0.06212374355847139
0,x_tcsc,1-14,-0.1051892218998931,91,-0.10518846218144336,MAP_PMU,35,7.597184497470932e-07
1,B_svc,2,0.17325389686391343,91,0.17337910879413151,MAP_PMU,35,0.0001252119302180832
2,UPFC_Vsh,5-15,1.1120025487338534,91,1.107835439290343,MAP_PMU,35,0.004167109443510508
3,UPFC_tsh,5-15,-0.23720891633538466,91,-0.23742095806497576,MAP_PMU,35,0.0002120417295911059
4,UPFC_Vse,5-15,0.058510122402151005,91,0.06165077901426305,MAP_PMU,35,0.003140656612112047
5,UPFC_tse,5-15,-2.130821588209643,91,-2.1859856780255793,MAP_PMU,35,0.05516408981593646
0,x_tcsc,1-14,-0.10520931407481876,92,-0.10518846218144336,MAP_PMU,35,2.085189337540372e-05
1,B_svc,2,0.17336719841722278,92,0.17337910879413151,MAP_PMU,35,1.1910376908730314e-05
2,UPFC_Vsh,5-15,1.1114427536740141,92,1.107835439290343,MAP_PMU,35,0.003607314383671234
3,UPFC_tsh,5-15,-0.23722725050733923,92,-0.23742095806497576,MAP_PMU,35,0.00019370755763653547
4,UPFC_Vse,5-15,0.05957473355019052,92,0.06165077901426305,MAP_PMU,35,0.002076045464072529
5,UPFC_tse,5-15,-2.1363124641074354,92,-2.1859856780255793,MAP_PMU,35,0.049673213918143944
0,x_tcsc,1-14,-0.10519490235702328,93,-0.10518846218144336,MAP_PMU,35,6.440175579922047e-06
1,B_svc,2,0.17312641425166495,93,0.17337910879413151,MAP_PMU,35,0.0002526945424665694
2,UPFC_Vsh,5-15,1.1117020284461783,93,1.107835439290343,MAP_PMU,35,0.003866589155835376
3,UPFC_tsh,5-15,-0.23719879864779445,93,-0.23742095806497576,MAP_PMU,35,0.00022215941718131682
4,UPFC_Vse,5-15,0.05935724718779095,93,0.06165077901426305,MAP_PMU,35,0.0022935318264721005
5,UPFC_tse,5-15,-2.1245132099221355,93,-2.1859856780255793,MAP_PMU,35,0.061472468103443756
0,x_tcsc,1-14,-0.10522351936716277,94,-0.10518846218144336,MAP_PMU,35,3.505718571941707e-05
1,B_svc,2,0.17301098800878545,94,0.17337910879413151,MAP_PMU,35,0.0003681207853460655
2,UPFC_Vsh,5-15,1.1114752748152092,94,1.107835439290343,MAP_PMU,35,0.0036398355248663528
3,UPFC_tsh,5-15,-0.2372754148450588,94,-0.23742095806497576,MAP_PMU,35,0.0001455432199169715
4,UPFC_Vse,5-15,0.05838800062368574,94,0.06165077901426305,MAP_PMU,35,0.0032627783905773144
5,UPFC_tse,5-15,-2.1377850651885235,94,-2.1859856780255793,MAP_PMU,35,0.04820061283705579
0,x_tcsc,1-14,-0.10519143775969546,95,-0.10518846218144336,MAP_PMU,35,2.975578252101263e-06
1,B_svc,2,0.17343721937941742,95,0.17337910879413151,MAP_PMU,35,5.811058528590318e-05
2,UPFC_Vsh,5-15,1.1114576847824784,95,1.107835439290343,MAP_PMU,35,0.003622245492135523
3,UPFC_tsh,5-15,-0.2372585788679361,95,-0.23742095806497576,MAP_PMU,35,0.00016237919703965265
4,UPFC_Vse,5-15,0.05950488190754263,95,0.06165077901426305,MAP_PMU,35,0.002145897106720425
5,UPFC_tse,5-15,-2.1387899737084175,95,-2.1859856780255793,MAP_PMU,35,0.0471957043171618
0,x_tcsc,1-14,-0.10520462052759402,96,-0.10518846218144336,MAP_PMU,35,1.6158346150665914e-05
1,B_svc,2,0.1728558274955099,96,0.17337910879413151,MAP_PMU,35,0.000523281298621614
2,UPFC_Vsh,5-15,1.111550614632641,96,1.107835439290343,MAP_PMU,35,0.0037151753422981493
3,UPFC_tsh,5-15,-0.23728338125750012,96,-0.23742095806497576,MAP_PMU,35,0.00013757680747564227
4,UPFC_Vse,5-15,0.058253369593817314,96,0.06165077901426305,MAP_PMU,35,0.003397409420445738
5,UPFC_tse,5-15,-2.137344313201379,96,-2.1859856780255793,MAP_PMU,35,0.04864136482420012
0,x_tcsc,1-14,-0.10521624216173928,97,-0.10518846218144336,MAP_PMU,35,2.7779980295919438e-05
1,B_svc,2,0.17365089654991253,97,0.17337910879413151,MAP_PMU,35,0.00027178775578101666
2,UPFC_Vsh,5-15,1.1117882781345345,97,1.107835439290343,MAP_PMU,35,0.00395283884419162
3,UPFC_tsh,5-15,-0.23723429721845288,97,-0.23742095806497576,MAP_PMU,35,0.00018666084652288473
4,UPFC_Vse,5-15,0.059060740877368866,97,0.06165077901426305,MAP_PMU,35,0.0025900381368941863
5,UPFC_tse,5-15,-2.1324820139632212,97,-2.1859856780255793,MAP_PMU,35,0.05350366406235807
0,x_tcsc,1-14,-0.10521482993188375,98,-0.10518846218144336,MAP_PMU,35,2.6367750440389748e-05
1,B_svc,2,0.1733728829365031,98,0.17337910879413151,MAP_PMU,35,6.225857628411324e-06
2,UPFC_Vsh,5-15,1.1119218814695189,98,1.107835439290343,MAP_PMU,35,0.004086442179175975
3,UPFC_tsh,5-15,-0.23719031060475423,98,-0.23742095806497576,MAP_PMU,35,0.00023064746022152804
4,UPFC_Vse,5-15,0.058655352165494924,98,0.06165077901426305,MAP_PMU,35,0.0029954268487681276
5,UPFC_tse,5-15,-2.1185421598682606,98,-2.1859856780255793,MAP_PMU,35,0.06744351815731875
0,x_tcsc,1-14,-0.1051931965194965,99,-0.10518846218144336,MAP_PMU,35,4.734338053147269e-06
1,B_svc,2,0.17362802417962572,99,0.17337910879413151,MAP_PMU,35,0.00024891538549420833
2,UPFC_Vsh,5-15,1.1119075294561027,99,1.107835439290343,MAP_PMU,35,0.004072090165759823
3,UPFC_tsh,5-15,-0.23717617772301064,99,-0.23742095806497576,MAP_PMU,35,0.0002447803419651229
4,UPFC_Vse,5-15,0.05937610596675344,99,0.06165077901426305,MAP_PMU,35,0.002274673047509612
5,UPFC_tse,5-15,-2.1325299844327983,99,-2.1859856780255793,MAP_PMU,35,0.05345569359278102
0,x_tcsc,1-14,-0.1040464225521667,0,-0.10399206412538203,MAP_PMU,37,5.435842678466751e-05
1,B_svc,2,0.17181347829597937,0,0.17216013355633938,MAP_PMU,37,0.0003466552603600126
2,UPFC_Vsh,5-15,1.1116005022969808,0,1.1087374027816932,MAP_PMU,37,0.002863099515287626
3,UPFC_tsh,5-15,-0.23814337261807542,0,-0.23835974069306037,MAP_PMU,37,0.00021636807498495725
4,UPFC_Vse,5-15,0.05887438741621573,0,0.06235649419821321,MAP_PMU,37,0.0034821067819974794
5,UPFC_tse,5-15,-2.1274189184884005,0,-2.185360136449756,MAP_PMU,37,0.05794121796135565
0,x_tcsc,1-14,-0.10406352257446701,1,-0.10399206412538203,MAP_PMU,37,7.145844908497401e-05
1,B_svc,2,0.1723399488340873,1,0.17216013355633938,MAP_PMU,37,0.00017981527774790784
2,UPFC_Vsh,5-15,1.1115383091678384,1,1.1087374027816932,MAP_PMU,37,0.0028009063861451633
3,UPFC_tsh,5-15,-0.238193481851869,1,-0.23835974069306037,MAP_PMU,37,0.00016625884119136902
4,UPFC_Vse,5-15,0.05913937824499608,1,0.06235649419821321,MAP_PMU,37,0.00321711595321713
5,UPFC_tse,5-15,-2.1291469018545612,1,-2.185360136449756,MAP_PMU,37,0.056213234595194894
0,x_tcsc,1-14,-0.10402027340795272,2,-0.10399206412538203,MAP_PMU,37,2.820928257069033e-05
1,B_svc,2,0.1723054695259201,2,0.17216013355633938,MAP_PMU,37,0.0001453359695807177
2,UPFC_Vsh,5-15,1.1117757707397462,2,1.1087374027816932,MAP_PMU,37,0.003038367958053012
3,UPFC_tsh,5-15,-0.2382244135487249,2,-0.23835974069306037,MAP_PMU,37,0.00013532714433547866
4,UPFC_Vse,5-15,0.05903282341648072,2,0.06235649419821321,MAP_PMU,37,0.003323670781732485
5,UPFC_tse,5-15,-2.129691981218439,2,-2.185360136449756,MAP_PMU,37,0.05566815523131696
0,x_tcsc,1-14,-0.10404200008329743,3,-0.10399206412538203,MAP_PMU,37,4.993595791540073e-05
1,B_svc,2,0.17142981370499516,3,0.17216013355633938,MAP_PMU,37,0.0007303198513442244
2,UPFC_Vsh,5-15,1.1118714030048649,3,1.1087374027816932,MAP_PMU,37,0.0031340002231716735
3,UPFC_tsh,5-15,-0.23810906937541812,3,-0.23835974069306037,MAP_PMU,37,0.0002506713176422537
4,UPFC_Vse,5-15,0.05878189558868507,3,0.06235649419821321,MAP_PMU,37,0.0035745986095281415
5,UPFC_tse,5-15,-2.1281195080295414,3,-2.185360136449756,MAP_PMU,37,0.05724062842021471
0,x_tcsc,1-14,-0.10402514357644647,4,-0.10399206412538203,MAP_PMU,37,3.30794510644411e-05
1,B_svc,2,0.17242394002478845,4,0.17216013355633938,MAP_PMU,37,0.00026380646844906264
2,UPFC_Vsh,5-15,1.1119079752738306,4,1.1087374027816932,MAP_PMU,37,0.003170572492137369
3,UPFC_tsh,5-15,-0.23817331082203202,4,-0.23835974069306037,MAP_PMU,37,0.00018642987102834851
4,UPFC_Vse,5-15,0.05904931282860498,4,0.06235649419821321,MAP_PMU,37,0.0033071813696082253
5,UPFC_tse,5-15,-2.119142748365987,4,-2.185360136449756,MAP_PMU,37,0.06621738808376909
0,x_tcsc,1-14,-0.10403531922506111,5,-0.10399206412538203,MAP_PMU,37,4.325509967907648e-05
1,B_svc,2,0.1723617241230319,5,0.17216013355633938,MAP_PMU,37,0.00020159056669252773
2,UPFC_Vsh,5-15,1.1116074155959086,5,1.1087374027816932,MAP_PMU,37,0.0028700128142153947
3,UPFC_tsh,5-15,-0.23825086441579651,5,-0.23835974069306037,MAP_PMU,37,0.00010887627726385851
4,UPFC_Vse,5-15,0.059293791892403115,5,0.06235649419821321,MAP_PMU,37,0.003062702305810093
5,UPFC_tse,5-15,-2.1363983776499538,5,-2.185360136449756,MAP_PMU,37,0.04896175879980236
0,x_tcsc,1-14,-0.10404784250501573,6,-0.10399206412538203,MAP_PMU,37,5.577837963369192e-05
1,B_svc,2,0.17205059503292025,6,0.17216013355633938,MAP_PMU,37,0.00010953852341913373
2,UPFC_Vsh,5-15,1.111907768854289,6,1.1087374027816932,MAP_PMU,37,0.0031703660725959093
3,UPFC_tsh,5-15,-0.23822507875486254,6,-0.23835974069306037,MAP_PMU,37,0.00013466193819783312
4,UPFC_Vse,5-15,0.059306616024596755,6,0.06235649419821321,MAP_PMU,37,0.0030498781736164535
5,UPFC_tse,5-15,-2.127499673069641,6,-2.185360136449756,MAP_PMU,37,0.05786046338011497
0,x_tcsc,1-14,-0.10403424193225326,7,-0.10399206412538203,MAP_PMU,37,4.2177806871226964e-05
1,B_svc,2,0.17248696650554166,7,0.17216013355633938,MAP_PMU,37,0.00032683294920227146
2,UPFC_Vsh,5-15,1.1117508691701399,7,1.1087374027816932,MAP_PMU,37,0.003013466388446684
3,UPFC_tsh,5-15,-0.23818670011675627,7,-0.23835974069306037,MAP_PMU,37,0.00017304057630410097
4,UPFC_Vse,5-15,0.058607791007549336,7,0.06235649419821321,MAP_PMU,37,0.0037487031906638726
5,UPFC_tse,5-15,-2.1311492503569758,7,-2.185360136449756,MAP_PMU,37,0.05421088609278035
0,x_tcsc,1-14,-0.10401822786683015,8,-0.10399206412538203,MAP_PMU,37,2.6163741448120836e-05
1,B_svc,2,0.17214949194693718,8,0.17216013355633938,MAP_PMU,37,1.0641609402201047e-05
2,UPFC_Vsh,5-15,1.1115869355388253,8,1.1087374027816932,MAP_PMU,37,0.0028495327571320672
3,UPFC_tsh,5-15,-0.2382036086537881,8,-0.23835974069306037,MAP_PMU,37,0.00015613203927228314
4,UPFC_Vse,5-15,0.058928488578746045,8,0.06235649419821321,MAP_PMU,37,0.003428005619467163
5,UPFC_tse,5-15,-2.131626450468143,8,-2.185360136449756,MAP_PMU,37,0.0537336859816131
0,x_tcsc,1-14,-0.1040438771545884,9,-0.10399206412538203,MAP_PMU,37,5.181302920637121e-05
1,B_svc,2,0.17226921717211818,9,0.17216013355633938,MAP_PMU,37,0.00010908361577879888
2,UPFC_Vsh,5-15,1.1116896148832558,9,1.1087374027816932,MAP_PMU,37,0.0029522121015626013
3,UPFC_tsh,5-15,-0.23821284378905808,9,-0.23835974069306037,MAP_PMU,37,0.00014689690400229716
4,UPFC_Vse,5-15,0.05934522082886875,9,0.06235649419821321,MAP_PMU,37,0.0030112733693444596
5,UPFC_tse,5-15,-2.1243908272526273,9,-2.185360136449756,MAP_PMU,37,0.06096930919712884
0,x_tcsc,1-14,-0.10406844839181498,10,-0.10399206412538203,MAP_PMU,37,7.638426643294394e-05
1,B_svc,2,0.17210918490584962,10,0.17216013355633938,MAP_PMU,37,5.0948650489768266e-05
2,UPFC_Vsh,5-15,1.1115595829478606,10,1.1087374027816932,MAP_PMU,37,0.0028221801661674206
3,UPFC_tsh,5-15,-0.23813467003004735,10,-0.23835974069306037,MAP_PMU,37,0.00022507066301302725
4,UPFC_Vse,5-15,0.058350237975229105,10,0.06235649419821321,MAP_PMU,37,0.004006256222984103
5,UPFC_tse,5-15,-2.1300504004620433,10,-2.185360136449756,MAP_PMU,37,0.05530973598771283
0,x_tcsc,1-14,-0.10404222913964388,11,-0.10399206412538203,MAP_PMU,37,5.01650142618465e-05
1,B_svc,2,0.17222265173016318,11,0.17216013355633938,MAP_PMU,37,6.25181738238001e-05
2,UPFC_Vsh,5-15,1.1114949959795375,11,1.1087374027816932,MAP_PMU,37,0.002757593197844299
3,UPFC_tsh,5-15,-0.23822928596032994,11,-0.23835974069306037,MAP_PMU,37,0.00013045473273043395
4,UPFC_Vse,5-15,0.05853180356079523,11,0.06235649419821321,MAP_PMU,37,0.003824690637417978
5,UPFC_tse,5-15,-2.132940933488727,11,-2.185360136449756,MAP_PMU,37,0.05241920296102931
0,x_tcsc,1-14,-0.10401727022161977,12,-0.10399206412538203,MAP_PMU,37,2.520609623773984e-05
1,B_svc,2,0.17211262859674106,12,0.17216013355633938,MAP_PMU,37,4.750495959832124e-05
2,UPFC_Vsh,5-15,1.1113826885603026,12,1.1087374027816932,MAP_PMU,37,0.002645285778609452
3,UPFC_tsh,5-15,-0.23820295535402203,12,-0.23835974069306037,MAP_PMU,37,0.00015678533903834557
4,UPFC_Vse,5-15,0.05902451339933919,12,0.06235649419821321,MAP_PMU,37,0.0033319807988740208
5,UPFC_tse,5-15,-2.137924026941957,12,-2.185360136449756,MAP_PMU,37,0.047436109507799085
0,x_tcsc,1-14,-0.10402790809289764,13,-0.10399206412538203,MAP_PMU,37,3.584396751560304e-05
1,B_svc,2,0.17199301296882746,13,0.17216013355633938,MAP_PMU,37,0.00016712058751192083
2,UPFC_Vsh,5-15,1.111453945711834,13,1.1087374027816932,MAP_PMU,37,0.002716542930140786
3,UPFC_tsh,5-15,-0.2381518617030801,13,-0.23835974069306037,MAP_PMU,37,0.00020787898998028687
4,UPFC_Vse,5-15,0.058789184546001086,13,0.06235649419821321,MAP_PMU,37,0.0035673096522121223
5,UPFC_tse,5-15,-2.132751658470866,13,-2.185360136449756,MAP_PMU,37,0.05260847797889001
0,x_tcsc,1-14,-0.1040307334459497,14,-0.10399206412538203,MAP_PMU,37,3.8669320567660814e-05
1,B_svc,2,0.17205711517128824,14,0.17216013355633938,MAP_PMU,37,0.00010301838505114014
2,UPFC_Vsh,5-15,1.1113907945951509,14,1.1087374027816932,MAP_PMU,37,0.002653391813457695
3,UPFC_tsh,5-15,-0.23822785992955234,14,-0.23835974069306037,MAP_PMU,37,0.00013188076350803546
4,UPFC_Vse,5-15,0.05900262900421893,14,0.06235649419821321,MAP_PMU,37,0.0033538651939942765
5,UPFC_tse,5-15,-2.137104238952603,14,-2.185360136449756,MAP_PMU,37,0.0482558974971532
0,x_tcsc,1-14,-0.10406333476018689,15,-0.10399206412538203,MAP_PMU,37,7.127063480485973e-05
1,B_svc,2,0.1716881056132435,15,0.17216013355633938,MAP_PMU,37,0.0004720279430958929
2,UPFC_Vsh,5-15,1.1115619478840493,15,1.1087374027816932,MAP_PMU,37,0.0028245451023560797
3,UPFC_tsh,5-15,-0.23815265283021098,15,-0.23835974069306037,MAP_PMU,37,0.00020708786284939773
4,UPFC_Vse,5-15,0.05917599653828959,15,0.06235649419821321,MAP_PMU,37,0.00318049765992362
5,UPFC_tse,5-15,-2.125483831047528,15,-2.185360136449756,MAP_PMU,37,0.05987630540222799
0,x_tcsc,1-14,-0.1040255675131867,16,-0.10399206412538203,MAP_PMU,37,3.350338780466755e-05
1,B_svc,2,0.1718510469475915,16,0.17216013355633938,MAP_PMU,37,0.00030908660874787164
2,UPFC_Vsh,5-15,1.1116184505721252,16,1.1087374027816932,MAP_PMU,37,0.0028810477904319676
3,UPFC_tsh,5-15,-0.2381378205359359,16,-0.23835974069306037,MAP_PMU,37,0.00022192015712446667
4,UPFC_Vse,5-15,0.059141334321932866,16,0.06235649419821321,MAP_PMU,37,0.003215159876280342
5,UPFC_tse,5-15,-2.1187674105266603,16,-2.185360136449756,MAP_PMU,37,0.06659272592309584
0,x_tcsc,1-14,-0.10414802507397038,17,-0.10399206412538203,MAP_PMU,37,0.00015596094858834342
1,B_svc,2,0.17213199195370651,17,0.17216013355633938,MAP_PMU,37,2.8141602632869578e-05
2,UPFC_Vsh,5-15,1.1117483206404557,17,1.1087374027816932,MAP_PMU,37,0.0030109178587625074
3,UPFC_tsh,5-15,-0.23821210959000313,17,-0.23835974069306037,MAP_PMU,37,0.0001476311030572386
4,UPFC_Vse,5-15,0.0587605026736807,17,0.06235649419821321,MAP_PMU,37,0.0035959915245325075
5,UPFC_tse,5-15,-2.1398838081349125,17,-2.185360136449756,MAP_PMU,37,0.045476328314843606
0,x_tcsc,1-14,-0.10403894114428734,18,-0.10399206412538203,MAP_PMU,37,4.68770189053086e-05
1,B_svc,2,0.17192846054636712,18,0.17216013355633938,MAP_PMU,37,0.0002316730099722608
2,UPFC_Vsh,5-15,1.1114209157845771,18,1.1087374027816932,MAP_PMU,37,0.0026835130028839416
3,UPFC_tsh,5-15,-0.23817448998676574,18,-0.23835974069306037,MAP_PMU,37,0.0001852507062946318
4,UPFC_Vse,5-15,0.05948327902927149,18,0.06235649419821321,MAP_PMU,37,0.00287321516894172
5,UPFC_tse,5-15,-2.132969133662666,18,-2.185360136449756,MAP_PMU,37,0.05239100278709019
0,x_tcsc,1-14,-0.1040572896832216,19,-0.10399206412538203,MAP_PMU,37,6.52255578395683e-05
1,B_svc,2,0.17256966917788422,19,0.17216013355633938,MAP_PMU,37,0.00040953562154483203
2,UPFC_Vsh,5-15,1.1113921225975827,19,1.1087374027816932,MAP_PMU,37,0.0026547198158894947
3,UPFC_tsh,5-15,-0.23819918763038353,19,-0.23835974069306037,MAP_PMU,37,0.00016055306267684366
4,UPFC_Vse,5-15,0.05902194433783528,19,0.06235649419821321,MAP_PMU,37,0.0033345498603779278
5,UPFC_tse,5-15,-2.1313483259964783,19,-2.185360136449756,MAP_PMU,37,0.05401181045327785
0,x_tcsc,1-14,-0.10404031725379717,20,-0.10399206412538203,MAP_PMU,37,4.8253128415137736e-05
1,B_svc,2,0.17185632975736098,20,0.17216013355633938,MAP_PMU,37,0.0003038037989784026
2,UPFC_Vsh,5-15,1.1113715598797662,20,1.1087374027816932,MAP_PMU,37,0.00263415709807302
3,UPFC_tsh,5-15,-0.23825114243329643,20,-0.23835974069306037,MAP_PMU,37,0.00010859825976394788
4,UPFC_Vse,5-15,0.05915544796002561,20,0.06235649419821321,MAP_PMU,37,0.0032010462381876006
5,UPFC_tse,5-15,-2.131775502609003,20,-2.185360136449756,MAP_PMU,37,0.05358463384075307
0,x_tcsc,1-14,-0.10399810658685801,21,-0.10399206412538203,MAP_PMU,37,6.042461475980199e-06
1,B_svc,2,0.17256883027818348,21,0.17216013355633938,MAP_PMU,37,0.00040869672184409844
2,UPFC_Vsh,5-15,1.1112680912256692,21,1.1087374027816932,MAP_PMU,37,0.0025306884439759703
3,UPFC_tsh,5-15,-0.23826251853186306,21,-0.23835974069306037,MAP_PMU,37,9.722216119731342e-05
4,UPFC_Vse,5-15,0.05965908043173914,21,0.06235649419821321,MAP_PMU,37,0.0026974137664740674
5,UPFC_tse,5-15,-2.134644658920986,21,-2.185360136449756,MAP_PMU,37,0.05071547752877015
0,x_tcsc,1-14,-0.10406037400492675,22,-0.10399206412538203,MAP_PMU,37,6.830987954471734e-05
1,B_svc,2,0.17245766650482902,22,0.17216013355633938,MAP_PMU,37,0.0002975329484896372
2,UPFC_Vsh,5-15,1.1118756942079313,22,1.1087374027816932,MAP_PMU,37,0.0031382914262381156
3,UPFC_tsh,5-15,-0.23815611607809156,22,-0.23835974069306037,MAP_PMU,37,0.00020362461496881146
4,UPFC_Vse,5-15,0.05910360736863096,22,0.06235649419821321,MAP_PMU,37,0.0032528868295822466
5,UPFC_tse,5-15,-2.1272187615839515,22,-2.185360136449756,MAP_PMU,37,0.05814137486580462
0,x_tcsc,1-14,-0.10410031224513279,23,-0.10399206412538203,MAP_PMU,37,0.00010824811975075621
1,B_svc,2,0.1722136181291784,23,0.17216013355633938,MAP_PMU,37,5.348457283901875e-05
2,UPFC_Vsh,5-15,1.111433625332785,23,1.1087374027816932,MAP_PMU,37,0.002696222551091809
3,UPFC_tsh,5-15,-0.23827860297654302,23,-0.23835974069306037,MAP_PMU,37,8.113771651735435e-05
4,UPFC_Vse,5-15,0.05930831796437527,23,0.06235649419821321,MAP_PMU,37,0.003048176233837935
5,UPFC_tse,5-15,-2.133465200448836,23,-2.185360136449756,MAP_PMU,37,0.05189493600092021
0,x_tcsc,1-14,-0.10404188067047358,24,-0.10399206412538203,MAP_PMU,37,4.9816545091549425e-05
1,B_svc,2,0.17174108205799773,24,0.17216013355633938,MAP_PMU,37,0.00041905149834164934
2,UPFC_Vsh,5-15,1.1124351338993994,24,1.1087374027816932,MAP_PMU,37,0.0036977311177062155
3,UPFC_tsh,5-15,-0.23814615450014048,24,-0.23835974069306037,MAP_PMU,37,0.00021358619291989012
4,UPFC_Vse,5-15,0.05847675443670402,24,0.06235649419821321,MAP_PMU,37,0.003879739761509189
5,UPFC_tse,5-15,-2.1228794577578816,24,-2.185360136449756,MAP_PMU,37,0.06248067869187457
0,x_tcsc,1-14,-0.10399007010248162,25,-0.10399206412538203,MAP_PMU,37,1.994022900408954e-06
1,B_svc,2,0.17222197419156773,25,0.17216013355633938,MAP_PMU,37,6.18406352283496e-05
2,UPFC_Vsh,5-15,1.1116705782948597,25,1.1087374027816932,MAP_PMU,37,0.0029331755131665194
3,UPFC_tsh,5-15,-0.23813665909953735,25,-0.23835974069306037,MAP_PMU,37,0.00022308159352302237
4,UPFC_Vse,5-15,0.058791166273587964,25,0.06235649419821321,MAP_PMU,37,0.0035653279246252445
5,UPFC_tse,5-15,-2.1305456609702764,25,-2.185360136449756,MAP_PMU,37,0.05481447547947971
0,x_tcsc,1-14,-0.1040463942529875,26,-0.10399206412538203,MAP_PMU,37,5.4330127605473066e-05
1,B_svc,2,0.17253298171053175,26,0.17216013355633938,MAP_PMU,37,0.0003728481541923623
2,UPFC_Vsh,5-15,1.1113747107177598,26,1.1087374027816932,MAP_PMU,37,0.0026373079360666463
3,UPFC_tsh,5-15,-0.23818241151809472,26,-0.23835974069306037,MAP_PMU,37,0.00017732917496565692
4,UPFC_Vse,5-15,0.05895572288242354,26,0.06235649419821321,MAP_PMU,37,0.003400771315789669
5,UPFC_tse,5-15,-2.124998822428639,26,-2.185360136449756,MAP_PMU,37,0.060361314021116996
0,x_tcsc,1-14,-0.10406593217928042,27,-0.10399206412538203,MAP_PMU,37,7.386805389839046e-05
1,B_svc,2,0.17197117820391583,27,0.17216013355633938,MAP_PMU,37,0.0001889553524235532
2,UPFC_Vsh,5-15,1.1119018381725214,27,1.1087374027816932,MAP_PMU,37,0.003164435390828224
3,UPFC_tsh,5-15,-0.23814517586246614,27,-0.23835974069306037,MAP_PMU,37,0.0002145648305942327
4,UPFC_Vse,5-15,0.058782861600281504,27,0.06235649419821321,MAP_PMU,37,0.0035736325979317043
5,UPFC_tse,5-15,-2.141491953700893,27,-2.185360136449756,MAP_PMU,37,0.04386818274886295
0,x_tcsc,1-14,-0.10404268900406055,28,-0.10399206412538203,MAP_PMU,37,5.062487867851795e-05
1,B_svc,2,0.17248411632763855,28,0.17216013355633938,MAP_PMU,37,0.00032398277129916386
2,UPFC_Vsh,5-15,1.1117961172559785,28,1.1087374027816932,MAP_PMU,37,0.0030587144742852956
3,UPFC_tsh,5-15,-0.2382113889566105,28,-0.23835974069306037,MAP_PMU,37,0.00014835173644986432
4,UPFC_Vse,5-15,0.059292323273215056,28,0.06235649419821321,MAP_PMU,37,0.0030641709249981525
5,UPFC_tse,5-15,-2.1269197224862606,28,-2.185360136449756,MAP_PMU,37,0.05844041396349553
0,x_tcsc,1-14,-0.10403829455184678,29,-0.10399206412538203,MAP_PMU,37,4.623042646474673e-05
1,B_svc,2,0.17270023725118686,29,0.17216013355633938,MAP_PMU,37,0.0005401036948474713
2,UPFC_Vsh,5-15,1.1117699154774956,29,1.1087374027816932,MAP_PMU,37,0.003032512695802403
3,UPFC_tsh,5-15,-0.23822643107140004,29,-0.23835974069306037,MAP_PMU,37,0.00013330962166033244
4,UPFC_Vse,5-15,0.059192580007238885,29,0.06235649419821321,MAP_PMU,37,0.0031639141909743235
5,UPFC_tse,5-15,-2.125381221689039,29,-2.185360136449756,MAP_PMU,37,0.05997891476071704
0,x_tcsc,1-14,-0.10407257093338151,30,-0.10399206412538203,MAP_PMU,37,8.050680799948084e-05
1,B_svc,2,0.1723254542217475,30,0.17216013355633938,MAP_PMU,37,0.00016532066540811408
2,UPFC_Vsh,5-15,1.1119444910796812,30,1.1087374027816932,MAP_PMU,37,0.0032070882979879922
3,UPFC_tsh,5-15,-0.23818351980809724,30,-0.23835974069306037,MAP_PMU,37,0.00017622088496313526
4,UPFC_Vse,5-15,0.059614068765219685,30,0.06235649419821321,MAP_PMU,37,0.0027424254329935227
5,UPFC_tse,5-15,-2.127792210451104,30,-2.185360136449756,MAP_PMU,37,0.057567925998652125
0,x_tcsc,1-14,-0.1040181392637835,31,-0.10399206412538203,MAP_PMU,37,2.6075138401471243e-05
1,B_svc,2,0.172458138944048,31,0.17216013355633938,MAP_PMU,37,0.0002980053877086053
2,UPFC_Vsh,5-15,1.1115607953371984,31,1.1087374027816932,MAP_PMU,37,0.002823392555505233
3,UPFC_tsh,5-15,-0.23820311274090591,31,-0.23835974069306037,MAP_PMU,37,0.0001566279521544589
4,UPFC_Vse,5-15,0.05876152873145493,31,0.06235649419821321,MAP_PMU,37,0.0035949654667582764
5,UPFC_tse,5-15,-2.1361894482029036,31,-2.185360136449756,MAP_PMU,37,0.049170688246852556
0,x_tcsc,1-14,-0.10403883321356054,32,-0.10399206412538203,MAP_PMU,37,4.676908817850822e-05
1,B_svc,2,0.1725880245713351,32,0.17216013355633938,MAP_PMU,37,0.0004278910149957127
2,UPFC_Vsh,5-15,1.1114674313714032,32,1.1087374027816932,MAP_PMU,37,0.002730028589710054
3,UPFC_tsh,5-15,-0.23815628435985392,32,-0.23835974069306037,MAP_PMU,37,0.00020345633320645318
4,UPFC_Vse,5-15,0.058518229712241056,32,0.06235649419821321,MAP_PMU,37,0.0038382644859721524
5,UPFC_tse,5-15,-2.131145187259343,32,-2.185360136449756,MAP_PMU,37,0.05421494919041292
0,x_tcsc,1-14,-0.10406100100297763,33,-0.10399206412538203,MAP_PMU,37,6.893687759559897e-05
1,B_svc,2,0.17197201893203803,33,0.17216013355633938,MAP_PMU,37,0.00018811462430134984
2,UPFC_Vsh,5-15,1.1118592413515749,33,1.1087374027816932,MAP_PMU,37,0.0031218385698816853
3,UPFC_tsh,5-15,-0.2380904972793887,33,-0.23835974069306037,MAP_PMU,37,0.0002692434136716826
4,UPFC_Vse,5-15,0.0584070570827122,33,0.06235649419821321,MAP_PMU,37,0.003949437115501012
5,UPFC_tse,5-15,-2.1234187257123636,33,-2.185360136449756,MAP_PMU,37,0.061941410737392566
0,x_tcsc,1-14,-0.10402312169224504,34,-0.10399206412538203,MAP_PMU,37,3.1057566863001984e-05
1,B_svc,2,0.17185714493627374,34,0.17216013355633938,MAP_PMU,37,0.00030298862006564176
2,UPFC_Vsh,5-15,1.1115695116547875,34,1.1087374027816932,MAP_PMU,37,0.0028321088730942634
3,UPFC_tsh,5-15,-0.238154436902472,34,-0.23835974069306037,MAP_PMU,37,0.00020530379058836257
4,UPFC_Vse,5-15,0.059151576949871054,34,0.06235649419821321,MAP_PMU,37,0.003204917248342154
5,UPFC_tse,5-15,-2.1372745675841753,34,-2.185360136449756,MAP_PMU,37,0.0480855688655808
0,x_tcsc,1-14,-0.10404767843417302,35,-0.10399206412538203,MAP_PMU,37,5.5614308790988276e-05
1,B_svc,2,0.17209115138065753,35,0.17216013355633938,MAP_PMU,37,6.898217568185316e-05
2,UPFC_Vsh,5-15,1.11180008603041,35,1.1087374027816932,MAP_PMU,37,0.0030626832487168354
3,UPFC_tsh,5-15,-0.23824608976556244,35,-0.23835974069306037,MAP_PMU,37,0.00011365092749793249
4,UPFC_Vse,5-15,0.05914133052718772,35,0.06235649419821321,MAP_PMU,37,0.0032151636710254852
5,UPFC_tse,5-15,-2.1283590793593863,35,-2.185360136449756,MAP_PMU,37,0.057001057090369844
0,x_tcsc,1-14,-0.10403486500254532,36,-0.10399206412538203,MAP_PMU,37,4.280087716328207e-05
1,B_svc,2,0.17199478960982661,36,0.17216013355633938,MAP_PMU,37,0.0001653439465127693
2,UPFC_Vsh,5-15,1.111772134174505,36,1.1087374027816932,MAP_PMU,37,0.0030347313928118513
3,UPFC_tsh,5-15,-0.2381825506454127,36,-0.23835974069306037,MAP_PMU,37,0.0001771900476476851
4,UPFC_Vse,5-15,0.058989319904295526,36,0.06235649419821321,MAP_PMU,37,0.0033671742939176824
5,UPFC_tse,5-15,-2.138746215332623,36,-2.185360136449756,MAP_PMU,37,0.04661392111713303
0,x_tcsc,1-14,-0.10400233209734847,37,-0.10399206412538203,MAP_PMU,37,1.0267971966432254e-05
1,B_svc,2,0.17239528341299717,37,0.17216013355633938,MAP_PMU,37,0.0002351498566577903
2,UPFC_Vsh,5-15,1.11146453055455,37,1.1087374027816932,MAP_PMU,37,0.0027271277728568855
3,UPFC_tsh,5-15,-0.23821756268694488,37,-0.23835974069306037,MAP_PMU,37,0.0001421780061154898
4,UPFC_Vse,5-15,0.05951410404528362,37,0.06235649419821321,MAP_PMU,37,0.002842390152929586
5,UPFC_tse,5-15,-2.141168980159184,37,-2.185360136449756,MAP_PMU,37,0.04419115629057213
0,x_tcsc,1-14,-0.10403003238890275,38,-0.10399206412538203,MAP_PMU,37,3.796826352071847e-05
1,B_svc,2,0.17210620388726927,38,0.17216013355633938,MAP_PMU,37,5.3929669070112984e-05
2,UPFC_Vsh,5-15,1.1123088187211436,38,1.1087374027816932,MAP_PMU,37,0.0035714159394504286
3,UPFC_tsh,5-15,-0.23810524054585797,38,-0.23835974069306037,MAP_PMU,37,0.00025450014720240777
4,UPFC_Vse,5-15,0.058469394741123844,38,0.06235649419821321,MAP_PMU,37,0.0038870994570893644
5,UPFC_tse,5-15,-2.121938885020527,38,-2.185360136449756,MAP_PMU,37,0.06342125142922894
0,x_tcsc,1-14,-0.10402739806135025,39,-0.10399206412538203,MAP_PMU,37,3.53339359682181e-05
1,B_svc,2,0.17218387067123697,39,0.17216013355633938,MAP_PMU,37,2.373711489758734e-05
2,UPFC_Vsh,5-15,1.1113431037372643,39,1.1087374027816932,MAP_PMU,37,0.002605700955571111
3,UPFC_tsh,5-15,-0.23817166182970959,39,-0.23835974069306037,MAP_PMU,37,0.00018807886335078794
4,UPFC_Vse,5-15,0.05860026226972685,39,0.06235649419821321,MAP_PMU,37,0.003756231928486356
5,UPFC_tse,5-15,-2.1330066787587483,39,-2.185360136449756,MAP_PMU,37,0.052353457691007854
0,x_tcsc,1-14,-0.10403326212937646,40,-0.10399206412538203,MAP_PMU,37,4.119800399442208e-05
1,B_svc,2,0.1725992624439726,40,0.17216013355633938,MAP_PMU,37,0.00043912888763322777
2,UPFC_Vsh,5-15,1.1120322704451466,40,1.1087374027816932,MAP_PMU,37,0.003294867663453438
3,UPFC_tsh,5-15,-0.2382050543378112,40,-0.23835974069306037,MAP_PMU,37,0.0001546863552491784
4,UPFC_Vse,5-15,0.05909006155415375,40,0.06235649419821321,MAP_PMU,37,0.003266432644059458
5,UPFC_tse,5-15,-2.133733842623265,40,-2.185360136449756,MAP_PMU,37,0.05162629382649131
0,x_tcsc,1-14,-0.10401403130549515,41,-0.10399206412538203,MAP_PMU,37,2.1967180113116602e-05
1,B_svc,2,0.1720415846921977,41,0.17216013355633938,MAP_PMU,37,0.00011854886414167098
2,UPFC_Vsh,5-15,1.1113717845211475,41,1.1087374027816932,MAP_PMU,37,0.0026343817394542945
3,UPFC_tsh,5-15,-0.23819478823284165,41,-0.23835974069306037,MAP_PMU,37,0.00016495246021872023
4,UPFC_Vse,5-15,0.05883948270662916,41,0.06235649419821321,MAP_PMU,37,0.0035170114915840447
5,UPFC_tse,5-15,-2.1451939630090067,41,-2.185360136449756,MAP_PMU,37,0.040166173440749464
0,x_tcsc,1-14,-0.1040370980992162,42,-0.10399206412538203,MAP_PMU,37,4.5033973834165963e-05
1,B_svc,2,0.17233055667063157,42,0.17216013355633938,MAP_PMU,37,0.0001704231142921897
2,UPFC_Vsh,5-15,1.111751199675559,42,1.1087374027816932,MAP_PMU,37,0.0030137968938657167
3,UPFC_tsh,5-15,-0.23819815175906506,42,-0.23835974069306037,MAP_PMU,37,0.00016158893399531582
4,UPFC_Vse,5-15,0.05875836737855513,42,0.06235649419821321,MAP_PMU,37,0.0035981268196580776
5,UPFC_tse,5-15,-2.1238973294821175,42,-2.185360136449756,MAP_PMU,37,0.06146280696763862
0,x_tcsc,1-14,-0.10408420407960509,43,-0.10399206412538203,MAP_PMU,37,9.213995422305277e-05
1,B_svc,2,0.1720652626164834,43,0.17216013355633938,MAP_PMU,37,9.487093985599548e-05
2,UPFC_Vsh,5-15,1.1115769283367922,43,1.1087374027816932,MAP_PMU,37,0.0028395255550990317
3,UPFC_tsh,5-15,-0.2381788454332279,43,-0.23835974069306037,MAP_PMU,37,0.00018089525983247534
4,UPFC_Vse,5-15,0.05909484286314061,43,0.06235649419821321,MAP_PMU,37,0.003261651335072599
5,UPFC_tse,5-15,-2.1340632046056545,43,-2.185360136449756,MAP_PMU,37,0.05129693184410167
0,x_tcsc,1-14,-0.10400697988568011,44,-0.10399206412538203,MAP_PMU,37,1.4915760298078728e-05
1,B_svc,2,0.1723275220821997,44,0.17216013355633938,MAP_PMU,37,0.00016738852586031805
2,UPFC_Vsh,5-15,1.1112636392941122,44,1.1087374027816932,MAP_PMU,37,0.002526236512419011
3,UPFC_tsh,5-15,-0.2381984716673277,44,-0.23835974069306037,MAP_PMU,37,0.00016126902573268542
4,UPFC_Vse,5-15,0.05974614978357236,44,0.06235649419821321,MAP_PMU,37,0.00261034441464085
5,UPFC_tse,5-15,-2.1344106808623207,44,-2.185360136449756,MAP_PMU,37,0.050949455587435466
0,x_tcsc,1-14,-0.10403490637181755,45,-0.10399206412538203,MAP_PMU,37,4.2842246435512155e-05
1,B_svc,2,0.17220526585048648,45,0.17216013355633938,MAP_PMU,37,4.513229414709885e-05
2,UPFC_Vsh,5-15,1.1115521749336408,45,1.1087374027816932,MAP_PMU,37,0.0028147721519475866
3,UPFC_tsh,5-15,-0.23816758968119967,45,-0.23835974069306037,MAP_PMU,37,0.00019215101186070838
4,UPFC_Vse,5-15,0.05881393460751881,45,0.06235649419821321,MAP_PMU,37,0.003542559590694397
5,UPFC_tse,5-15,-2.1295613726047304,45,-2.185360136449756,MAP_PMU,37,0.05579876384502569
0,x_tcsc,1-14,-0.10404632324193713,46,-0.10399206412538203,MAP_PMU,37,5.425911655509985e-05
1,B_svc,2,0.1724099962463202,46,0.17216013355633938,MAP_PMU,37,0.00024986268998081207
2,UPFC_Vsh,5-15,1.111444142898664,46,1.1087374027816932,MAP_PMU,37,0.002706740116970696
3,UPFC_tsh,5-15,-0.23824257930985565,46,-0.23835974069306037,MAP_PMU,37,0.00011716138320472247
4,UPFC_Vse,5-15,0.05883328296522037,46,0.06235649419821321,MAP_PMU,37,0.0035232112329928386
5,UPFC_tse,5-15,-2.1431033626662623,46,-2.185360136449756,MAP_PMU,37,0.042256773783493795
0,x_tcsc,1-14,-0.10402725374554782,47,-0.10399206412538203,MAP_PMU,37,3.518962016578475e-05
1,B_svc,2,0.17204589510264834,47,0.17216013355633938,MAP_PMU,37,0.00011423845369104568
2,UPFC_Vsh,5-15,1.1119161578598766,47,1.1087374027816932,MAP_PMU,37,0.0031787550781834373
3,UPFC_tsh,5-15,-0.23814232039982286,47,-0.23835974069306037,MAP_PMU,37,0.00021742029323751355
4,UPFC_Vse,5-15,0.059096139231394486,47,0.06235649419821321,MAP_PMU,37,0.0032603549668187223
5,UPFC_tse,5-15,-2.125158581902154,47,-2.185360136449756,MAP_PMU,37,0.06020155454760223
0,x_tcsc,1-14,-0.1040183626163055,48,-0.10399206412538203,MAP_PMU,37,2.6298490923462592e-05
1,B_svc,2,0.1725729774122547,48,0.17216013355633938,MAP_PMU,37,0.0004128438559153069
2,UPFC_Vsh,5-15,1.1116101910633664,48,1.1087374027816932,MAP_PMU,37,0.0028727882816732553
3,UPFC_tsh,5-15,-0.23822900801889954,48,-0.23835974069306037,MAP_PMU,37,0.00013073267416083278
4,UPFC_Vse,5-15,0.05919422751715669,48,0.06235649419821321,MAP_PMU,37,0.0031622666810565206
5,UPFC_tse,5-15,-2.1395764638598864,48,-2.185360136449756,MAP_PMU,37,0.045783672589869706
0,x_tcsc,1-14,-0.10405233302812024,49,-0.10399206412538203,MAP_PMU,37,6.026890273820584e-05
1,B_svc,2,0.17214978675469686,49,0.17216013355633938,MAP_PMU,37,1.034680164252455e-05
2,UPFC_Vsh,5-15,1.1118065164040534,49,1.1087374027816932,MAP_PMU,37,0.0030691136223601756
3,UPFC_tsh,5-15,-0.23818145099605537,49,-0.23835974069306037,MAP_PMU,37,0.0001782896970050074
4,UPFC_Vse,5-15,0.05882145963168988,49,0.06235649419821321,MAP_PMU,37,0.0035350345665233276
5,UPFC_tse,5-15,-2.135040237555154,49,-2.185360136449756,MAP_PMU,37,0.05031989889460231
0,x_tcsc,1-14,-0.10402836866748652,50,-0.10399206412538203,MAP_PMU,37,3.630454210448719e-05
1,B_svc,2,0.17204299032183276,50,0.17216013355633938,MAP_PMU,37,0.00011714323450662256
2,UPFC_Vsh,5-15,1.111535591039919,50,1.1087374027816932,MAP_PMU,37,0.0027981882582257533
3,UPFC_tsh,5-15,-0.23819452651102346,50,-0.23835974069306037,MAP_PMU,37,0.00016521418203691018
4,UPFC_Vse,5-15,0.05911012160426458,50,0.06235649419821321,MAP_PMU,37,0.0032463725939486307
5,UPFC_tse,5-15,-2.1260276500862028,50,-2.185360136449756,MAP_PMU,37,0.05933248636355337
0,x_tcsc,1-14,-0.10403053902227191,51,-0.10399206412538203,MAP_PMU,37,3.8474896889878485e-05
1,B_svc,2,0.1724945703898457,51,0.17216013355633938,MAP_PMU,37,0.00033443683350631304
2,UPFC_Vsh,5-15,1.1115927826947942,51,1.1087374027816932,MAP_PMU,37,0.0028553799131010305
3,UPFC_tsh,5-15,-0.23824944014986923,51,-0.23835974069306037,MAP_PMU,37,0.00011030054319113858
4,UPFC_Vse,5-15,0.05929946240142885,51,0.06235649419821321,MAP_PMU,37,0.0030570317967843555
5,UPFC_tse,5-15,-2.1403854408239025,51,-2.185360136449756,MAP_PMU,37,0.044974695625853656
0,x_tcsc,1-14,-0.10404186300886976,52,-0.10399206412538203,MAP_PMU,37,4.9798883487731094e-05
1,B_svc,2,0.17228455577590898,52,0.17216013355633938,MAP_PMU,37,0.00012442221956959765
2,UPFC_Vsh,5-15,1.111551978660345,52,1.1087374027816932,MAP_PMU,37,0.0028145758786517483
3,UPFC_tsh,5-15,-0.23812204731361622,52,-0.23835974069306037,MAP_PMU,37,0.0002376933794441538
4,UPFC_Vse,5-15,0.058868140834790125,52,0.06235649419821321,MAP_PMU,37,0.003488353363423083
5,UPFC_tse,5-15,-2.1286735760524267,52,-2.185360136449756,MAP_PMU,37,0.056686560397329444
0,x_tcsc,1-14,-0.10402177956833307,53,-0.10399206412538203,MAP_PMU,37,2.9715442951036564e-05
1,B_svc,2,0.17192539785586403,53,0.17216013355633938,MAP_PMU,37,0.00023473570047535808
2,UPFC_Vsh,5-15,1.1114348609571452,53,1.1087374027816932,MAP_PMU,37,0.002697458175451972
3,UPFC_tsh,5-15,-0.2382104919612695,53,-0.23835974069306037,MAP_PMU,37,0.00014924873179086862
4,UPFC_Vse,5-15,0.05867559840400161,53,0.06235649419821321,MAP_PMU,37,0.003680895794211596
5,UPFC_tse,5-15,-2.1318484419907633,53,-2.185360136449756,MAP_PMU,37,0.05351169445899284
0,x_tcsc,1-14,-0.1040170658415841,54,-0.10399206412538203,MAP_PMU,37,2.5001716202066593e-05
1,B_svc,2,0.1727821879778497,54,0.17216013355633938,MAP_PMU,37,0.0006220544215103097
2,UPFC_Vsh,5-15,1.1120037658332835,54,1.1087374027816932,MAP_PMU,37,0.0032663630515903375
3,UPFC_tsh,5-15,-0.2382052142610725,54,-0.23835974069306037,MAP_PMU,37,0.00015452643198787808
4,UPFC_Vse,5-15,0.05867663766178906,54,0.06235649419821321,MAP_PMU,37,0.0036798565364241503
5,UPFC_tse,5-15,-2.135619701298518,54,-2.185360136449756,MAP_PMU,37,0.04974043515123805
0,x_tcsc,1-14,-0.10401508811421643,55,-0.10399206412538203,MAP_PMU,37,2.3023988834400266e-05
1,B_svc,2,0.1719736762213324,55,0.17216013355633938,MAP_PMU,37,0.00018645733500699535
2,UPFC_Vsh,5-15,1.1118214419790968,55,1.1087374027816932,MAP_PMU,37,0.003084039197403632
3,UPFC_tsh,5-15,-0.23818695418639474,55,-0.23835974069306037,MAP_PMU,37,0.00017278650666563422
4,UPFC_Vse,5-15,0.05923618199496603,55,0.06235649419821321,MAP_PMU,37,0.003120312203247176
5,UPFC_tse,5-15,-2.1316783260083922,55,-2.185360136449756,MAP_PMU,37,0.053681810441363886
0,x_tcsc,1-14,-0.10402217373786311,56,-0.10399206412538203,MAP_PMU,37,3.0109612481080128e-05
1,B_svc,2,0.17248929443143052,56,0.17216013355633938,MAP_PMU,37,0.00032916087509113345
2,UPFC_Vsh,5-15,1.1117609936415516,56,1.1087374027816932,MAP_PMU,37,0.0030235908598583716
3,UPFC_tsh,5-15,-0.23820234162585135,56,-0.23835974069306037,MAP_PMU,37,0.00015739906720901864
4,UPFC_Vse,5-15,0.0588456555726629,56,0.06235649419821321,MAP_PMU,37,0.0035108386255503082
5,UPFC_tse,5-15,-2.1284226760737956,56,-2.185360136449756,MAP_PMU,37,0.05693746037596048
0,x_tcsc,1-14,-0.10401715466935463,57,-0.10399206412538203,MAP_PMU,37,2.509054397259458e-05
1,B_svc,2,0.17200318790515995,57,0.17216013355633938,MAP_PMU,37,0.00015694565117943537
2,UPFC_Vsh,5-15,1.1115555726003417,57,1.1087374027816932,MAP_PMU,37,0.002818169818648464
3,UPFC_tsh,5-15,-0.23818697446366943,57,-0.23835974069306037,MAP_PMU,37,0.00017276622939094155
4,UPFC_Vse,5-15,0.059267936515690164,57,0.06235649419821321,MAP_PMU,37,0.0030885576825230437
5,UPFC_tse,5-15,-2.1278217742104037,57,-2.185360136449756,MAP_PMU,37,0.05753836223935238
0,x_tcsc,1-14,-0.10403533826138864,58,-0.10399206412538203,MAP_PMU,37,4.327413600660468e-05
1,B_svc,2,0.17201779738368947,58,0.17216013355633938,MAP_PMU,37,0.00014233617264991505
2,UPFC_Vsh,5-15,1.1119855199436122,58,1.1087374027816932,MAP_PMU,37,0.003248117161918973
3,UPFC_tsh,5-15,-0.23816207295841132,58,-0.23835974069306037,MAP_PMU,37,0.00019766773464904852
4,UPFC_Vse,5-15,0.058345141359226964,58,0.06235649419821321,MAP_PMU,37,0.004011352838986244
5,UPFC_tse,5-15,-2.1272341206467638,58,-2.185360136449756,MAP_PMU,37,0.05812601580299237
0,x_tcsc,1-14,-0.10401405406032894,59,-0.10399206412538203,MAP_PMU,37,2.1989934946911593e-05
1,B_svc,2,0.17196749457880928,59,0.17216013355633938,MAP_PMU,37,0.0001926389775301074
2,UPFC_Vsh,5-15,1.1117051351879317,59,1.1087374027816932,MAP_PMU,37,0.002967732406238488
3,UPFC_tsh,5-15,-0.23819326124747686,59,-0.23835974069306037,MAP_PMU,37,0.0001664794455835117
4,UPFC_Vse,5-15,0.059286070265511207,59,0.06235649419821321,MAP_PMU,37,0.0030704239327020016
5,UPFC_tse,5-15,-2.1276144259042344,59,-2.185360136449756,MAP_PMU,37,0.05774571054552169
0,x_tcsc,1-14,-0.10406863832761994,60,-0.10399206412538203,MAP_PMU,37,7.65742022379029e-05
1,B_svc,2,0.1722188450132605,60,0.17216013355633938,MAP_PMU,37,5.871145692112889e-05
2,UPFC_Vsh,5-15,1.1117637851328277,60,1.1087374027816932,MAP_PMU,37,0.0030263823511345045
3,UPFC_tsh,5-15,-0.23826855200107366,60,-0.23835974069306037,MAP_PMU,37,9.118869198670998e-05
4,UPFC_Vse,5-15,0.05935643525034272,60,0.06235649419821321,MAP_PMU,37,0.0030000589478704903
5,UPFC_tse,5-15,-2.1333778448258975,60,-2.185360136449756,MAP_PMU,37,0.05198229162385859
0,x_tcsc,1-14,-0.10406175441182923,61,-0.10399206412538203,MAP_PMU,37,6.969028644719655e-05
1,B_svc,2,0.17186071773277262,61,0.17216013355633938,MAP_PMU,37,0.00029941582356676766
2,UPFC_Vsh,5-15,1.1117884407950267,61,1.1087374027816932,MAP_PMU,37,0.003051038013333507
3,UPFC_tsh,5-15,-0.23816931532650543,61,-0.23835974069306037,MAP_PMU,37,0.00019042536655494713
4,UPFC_Vse,5-15,0.05915521575798907,61,0.06235649419821321,MAP_PMU,37,0.0032012784402241368
5,UPFC_tse,5-15,-2.1314463633448044,61,-2.185360136449756,MAP_PMU,37,0.05391377310495171
0,x_tcsc,1-14,-0.10401881427715677,62,-0.10399206412538203,MAP_PMU,37,2.6750151774737607e-05
1,B_svc,2,0.17235389565629936,62,0.17216013355633938,MAP_PMU,37,0.00019376209995997096
2,UPFC_Vsh,5-15,1.1113108026629233,62,1.1087374027816932,MAP_PMU,37,0.002573399881230065
3,UPFC_tsh,5-15,-0.23822605176886472,62,-0.23835974069306037,MAP_PMU,37,0.00013368892419565737
4,UPFC_Vse,5-15,0.05928979091273923,62,0.06235649419821321,MAP_PMU,37,0.003066703285473975
5,UPFC_tse,5-15,-2.126664202555214,62,-2.185360136449756,MAP_PMU,37,0.05869593389454231
0,x_tcsc,1-14,-0.10409406197504953,63,-0.10399206412538203,MAP_PMU,37,0.00010199784966749559
1,B_svc,2,0.1722251584303171,63,0.17216013355633938,MAP_PMU,37,6.502487397772039e-05
2,UPFC_Vsh,5-15,1.1119883165922226,63,1.1087374027816932,MAP_PMU,37,0.0032509138105294433
3,UPFC_tsh,5-15,-0.2380844536790203,63,-0.23835974069306037,MAP_PMU,37,0.00027528701404005984
4,UPFC_Vse,5-15,0.05863516989279179,63,0.06235649419821321,MAP_PMU,37,0.0037213243054214154
5,UPFC_tse,5-15,-2.1245911722511015,63,-2.185360136449756,MAP_PMU,37,0.06076896419865463
0,x_tcsc,1-14,-0.10401616395131888,64,-0.10399206412538203,MAP_PMU,37,2.4099825936846342e-05
1,B_svc,2,0.1723119650001402,64,0.17216013355633938,MAP_PMU,37,0.0001518314438008206
2,UPFC_Vsh,5-15,1.1118181385313786,64,1.1087374027816932,MAP_PMU,37,0.0030807357496853705
3,UPFC_tsh,5-15,-0.23821349247833387,64,-0.23835974069306037,MAP_PMU,37,0.00014624821472650207
4,UPFC_Vse,5-15,0.0591790243855297,64,0.06235649419821321,MAP_PMU,37,0.003177469812683506
5,UPFC_tse,5-15,-2.1351179908921996,64,-2.185360136449756,MAP_PMU,37,0.05024214555755657
0,x_tcsc,1-14,-0.10403760936819817,65,-0.10399206412538203,MAP_PMU,37,4.5545242816136255e-05
1,B_svc,2,0.1720362473342496,65,0.17216013355633938,MAP_PMU,37,0.00012388622208978073
2,UPFC_Vsh,5-15,1.111640916970297,65,1.1087374027816932,MAP_PMU,37,0.002903514188603795
3,UPFC_tsh,5-15,-0.2381423077525534,65,-0.23835974069306037,MAP_PMU,37,0.0002174329405069675
4,UPFC_Vse,5-15,0.058925564122313444,65,0.06235649419821321,MAP_PMU,37,0.0034309300758997643
5,UPFC_tse,5-15,-2.121788674040774,65,-2.185360136449756,MAP_PMU,37,0.06357146240898226
0,x_tcsc,1-14,-0.10402744914620395,66,-0.10399206412538203,MAP_PMU,37,3.538502082191253e-05
1,B_svc,2,0.1723022871652877,66,0.17216013355633938,MAP_PMU,37,0.00014215360894831441
2,UPFC_Vsh,5-15,1.1117792729011837,66,1.1087374027816932,MAP_PMU,37,0.0030418701194905307
3,UPFC_tsh,5-15,-0.23817852894345473,66,-0.23835974069306037,MAP_PMU,37,0.00018121174960564201
4,UPFC_Vse,5-15,0.059199265948561924,66,0.06235649419821321,MAP_PMU,37,0.003157228249651284
5,UPFC_tse,5-15,-2.125346246038418,66,-2.185360136449756,MAP_PMU,37,0.06001389041133809
0,x_tcsc,1-14,-0.10400077916095687,67,-0.10399206412538203,MAP_PMU,37,8.715035574841101e-06
1,B_svc,2,0.1719760048967917,67,0.17216013355633938,MAP_PMU,37,0.0001841286595476721
2,UPFC_Vsh,5-15,1.1113898377526228,67,1.1087374027816932,MAP_PMU,37,0.002652434970929596
3,UPFC_tsh,5-15,-0.23825977049962335,67,-0.23835974069306037,MAP_PMU,37,9.997019343702118e-05
4,UPFC_Vse,5-15,0.059174987077327115,67,0.06235649419821321,MAP_PMU,37,0.003181507120886093
5,UPFC_tse,5-15,-2.1394262667696005,67,-2.185360136449756,MAP_PMU,37,0.04593386968015567
0,x_tcsc,1-14,-0.10400944011625826,68,-0.10399206412538203,MAP_PMU,37,1.737599087622832e-05
1,B_svc,2,0.1722710516584742,68,0.17216013355633938,MAP_PMU,37,0.00011091810213481601
2,UPFC_Vsh,5-15,1.1118749617130672,68,1.1087374027816932,MAP_PMU,37,0.003137558931374018
3,UPFC_tsh,5-15,-0.23819149959227479,68,-0.23835974069306037,MAP_PMU,37,0.00016824110078558774
4,UPFC_Vse,5-15,0.05925568590801479,68,0.06235649419821321,MAP_PMU,37,0.0031008082901984174
5,UPFC_tse,5-15,-2.1196098743560996,68,-2.185360136449756,MAP_PMU,37,0.06575026209365653
0,x_tcsc,1-14,-0.1040311211943191,69,-0.10399206412538203,MAP_PMU,37,3.905706893707339e-05
1,B_svc,2,0.17268549741564695,69,0.17216013355633938,MAP_PMU,37,0.0005253638593075705
2,UPFC_Vsh,5-15,1.1115453888856828,69,1.1087374027816932,MAP_PMU,37,0.0028079861039895793
3,UPFC_tsh,5-15,-0.23829435593565204,69,-0.23835974069306037,MAP_PMU,37,6.538475740833216e-05
4,UPFC_Vse,5-15,0.05892710290849304,69,0.06235649419821321,MAP_PMU,37,0.0034293912897201684
5,UPFC_tse,5-15,-2.1328916282947565,69,-2.185360136449756,MAP_PMU,37,0.052468508154999594
0,x_tcsc,1-14,-0.10405114067137221,70,-0.10399206412538203,MAP_PMU,37,5.907654599017487e-05
1,B_svc,2,0.17177085633564232,70,0.17216013355633938,MAP_PMU,37,0.00038927722069706516
2,UPFC_Vsh,5-15,1.1117309688486818,70,1.1087374027816932,MAP_PMU,37,0.00299356606698864
3,UPFC_tsh,5-15,-0.2382030512993845,70,-0.23835974069306037,MAP_PMU,37,0.00015668939367588508
4,UPFC_Vse,5-15,0.05922754298211154,70,0.06235649419821321,MAP_PMU,37,0.003128951216101669
5,UPFC_tse,5-15,-2.1331478395470964,70,-2.185360136449756,MAP_PMU,37,0.052212296902659716
0,x_tcsc,1-14,-0.10402274304391873,71,-0.10399206412538203,MAP_PMU,37,3.067891853669735e-05
1,B_svc,2,0.1719097035414766,71,0.17216013355633938,MAP_PMU,37,0.0002504300148627736
2,UPFC_Vsh,5-15,1.1118914792862946,71,1.1087374027816932,MAP_PMU,37,0.003154076504601422
3,UPFC_tsh,5-15,-0.23815396203666583,71,-0.23835974069306037,MAP_PMU,37,0.00020577865639453963
4,UPFC_Vse,5-15,0.058959444561589594,71,0.06235649419821321,MAP_PMU,37,0.003397049636623614
5,UPFC_tse,5-15,-2.117844494228309,71,-2.185360136449756,MAP_PMU,37,0.06751564222144735
0,x_tcsc,1-14,-0.10402702046044067,72,-0.10399206412538203,MAP_PMU,37,3.495633505863627e-05
1,B_svc,2,0.17248086888575595,72,0.17216013355633938,MAP_PMU,37,0.000320735329416566
2,UPFC_Vsh,5-15,1.111707301496016,72,1.1087374027816932,MAP_PMU,37,0.0029698987143227384
3,UPFC_tsh,5-15,-0.23822593992577148,72,-0.23835974069306037,MAP_PMU,37,0.00013380076728888857
4,UPFC_Vse,5-15,0.0586992547680685,72,0.06235649419821321,MAP_PMU,37,0.003657239430144711
5,UPFC_tse,5-15,-2.1351207421421967,72,-2.185360136449756,MAP_PMU,37,0.050239394307559415
0,x_tcsc,1-14,-0.1040311413849103,73,-0.10399206412538203,MAP_PMU,37,3.9077259528272346e-05
1,B_svc,2,0.17225707913374774,73,0.17216013355633938,MAP_PMU,37,9.69455774083583e-05
2,UPFC_Vsh,5-15,1.1117055934069446,73,1.1087374027816932,MAP_PMU,37,0.0029681906252514434
3,UPFC_tsh,5-15,-0.23823451000310708,73,-0.23835974069306037,MAP_PMU,37,0.0001252306899532929
4,UPFC_Vse,5-15,0.05886504662649765,73,0.06235649419821321,MAP_PMU,37,0.0034914475717155585
5,UPFC_tse,5-15,-2.1441086779296032,73,-2.185360136449756,MAP_PMU,37,0.041251458520152884
0,x_tcsc,1-14,-0.10398794504370956,74,-0.10399206412538203,MAP_PMU,37,4.119081672471214e-06
1,B_svc,2,0.17231092252820812,74,0.17216013355633938,MAP_PMU,37,0.0001507889718687372
2,UPFC_Vsh,5-15,1.1116808760631263,74,1.1087374027816932,MAP_PMU,37,0.0029434732814330733
3,UPFC_tsh,5-15,-0.2382184039363936,74,-0.23835974069306037,MAP_PMU,37,0.0001413367566667767
4,UPFC_Vse,5-15,0.059137262571369295,74,0.06235649419821321,MAP_PMU,37,0.003219231626843913
5,UPFC_tse,5-15,-2.132790103997722,74,-2.185360136449756,MAP_PMU,37,0.05257003245203418
0,x_tcsc,1-14,-0.10397866052660756,75,-0.10399206412538203,MAP_PMU,37,1.3403598774469616e-05
1,B_svc,2,0.17201160254668604,75,0.17216013355633938,MAP_PMU,37,0.00014853100965334098
2,UPFC_Vsh,5-15,1.1118895160626991,75,1.1087374027816932,MAP_PMU,37,0.0031521132810059527
3,UPFC_tsh,5-15,-0.23813281590917149,75,-0.23835974069306037,MAP_PMU,37,0.0002269247838888877
4,UPFC_Vse,5-15,0.059016066424224196,75,0.06235649419821321,MAP_PMU,37,0.0033404277739890118
5,UPFC_tse,5-15,-2.131479703211035,75,-2.185360136449756,MAP_PMU,37,0.05388043323872127
0,x_tcsc,1-14,-0.10406326132581718,76,-0.10399206412538203,MAP_PMU,37,7.119720043514965e-05
1,B_svc,2,0.17246690025456463,76,0.17216013355633938,MAP_PMU,37,0.0003067666982252415
2,UPFC_Vsh,5-15,1.1119109790170425,76,1.1087374027816932,MAP_PMU,37,0.003173576235349307
3,UPFC_tsh,5-15,-0.23819355283793556,76,-0.23835974069306037,MAP_PMU,37,0.00016618785512481637
4,UPFC_Vse,5-15,0.059193317498297586,76,0.06235649419821321,MAP_PMU,37,0.003163176699915622
5,UPFC_tse,5-15,-2.1232350161644216,76,-2.185360136449756,MAP_PMU,37,0.06212512028533457
0,x_tcsc,1-14,-0.10402712161759681,77,-0.10399206412538203,MAP_PMU,37,3.5057492214773944e-05
1,B_svc,2,0.17232235173036384,77,0.17216013355633938,MAP_PMU,37,0.00016221817402445327
2,UPFC_Vsh,5-15,1.1111957862080961,77,1.1087374027816932,MAP_PMU,37,0.0024583834264029214
3,UPFC_tsh,5-15,-0.23825970063168758,77,-0.23835974069306037,MAP_PMU,37,0.00010004006137279142
4,UPFC_Vse,5-15,0.0592680093520714,77,0.06235649419821321,MAP_PMU,37,0.003088484846141805
5,UPFC_tse,5-15,-2.1411429817782754,77,-2.185360136449756,MAP_PMU,37,0.044217154671480685
0,x_tcsc,1-14,-0.10407433193565761,78,-0.10399206412538203,MAP_PMU,37,8.226781027557972e-05
1,B_svc,2,0.17192799343641763,78,0.17216013355633938,MAP_PMU,37,0.00023214011992175876
2,UPFC_Vsh,5-15,1.1119486584181288,78,1.1087374027816932,MAP_PMU,37,0.0032112556364356504
3,UPFC_tsh,5-15,-0.23816038178887627,78,-0.23835974069306037,MAP_PMU,37,0.0001993589041840993
4,UPFC_Vse,5-15,0.05885541212538668,78,0.06235649419821321,MAP_PMU,37,0.003501082072826525
5,UPFC_tse,5-15,-2.125400934684119,78,-2.185360136449756,MAP_PMU,37,0.05995920176563718
0,x_tcsc,1-14,-0.1040483849863758,79,-0.10399206412538203,MAP_PMU,37,5.632086099376099e-05
1,B_svc,2,0.1721701818871098,79,0.17216013355633938,MAP_PMU,37,1.0048330770423552e-05
2,UPFC_Vsh,5-15,1.1116324236050583,79,1.1087374027816932,MAP_PMU,37,0.0028950208233651242
3,UPFC_tsh,5-15,-0.23822382785328572,79,-0.23835974069306037,MAP_PMU,37,0.00013591283977465451
4,UPFC_Vse,5-15,0.05881878574227261,79,0.06235649419821321,MAP_PMU,37,0.0035377084559405983
5,UPFC_tse,5-15,-2.1345267345108905,79,-2.185360136449756,MAP_PMU,37,0.05083340193886565
0,x_tcsc,1-14,-0.1040633742891702,80,-0.10399206412538203,MAP_PMU,37,7.131016378816857e-05
1,B_svc,2,0.17213022725588265,80,0.17216013355633938,MAP_PMU,37,2.9906300456739032e-05
2,UPFC_Vsh,5-15,1.1116136146948814,80,1.1087374027816932,MAP_PMU,37,0.002876211913188209
3,UPFC_tsh,5-15,-0.23816733662568834,80,-0.23835974069306037,MAP_PMU,37,0.00019240406737203175
4,UPFC_Vse,5-15,0.05909689411288937,80,0.06235649419821321,MAP_PMU,37,0.0032596000853238397
5,UPFC_tse,5-15,-2.1295829807773954,80,-2.185360136449756,MAP_PMU,37,0.055777155672360745
0,x_tcsc,1-14,-0.10406066732880448,81,-0.10399206412538203,MAP_PMU,37,6.860320342244597e-05
1,B_svc,2,0.17222968705102631,81,0.17216013355633938,MAP_PMU,37,6.955349468693028e-05
2,UPFC_Vsh,5-15,1.1115332604289585,81,1.1087374027816932,MAP_PMU,37,0.0027958576472653096
3,UPFC_tsh,5-15,-0.23820767751952424,81,-0.23835974069306037,MAP_PMU,37,0.00015206317353613774
4,UPFC_Vse,5-15,0.05873016551050823,81,0.06235649419821321,MAP_PMU,37,0.0036263286877049813
5,UPFC_tse,5-15,-2.1343233697796995,81,-2.185360136449756,MAP_PMU,37,0.05103676667005663
0,x_tcsc,1-14,-0.10404431721578465,82,-0.10399206412538203,MAP_PMU,37,5.225309040261805e-05
1,B_svc,2,0.17217423570642118,82,0.17216013355633938,MAP_PMU,37,1.4102150081796161e-05
2,UPFC_Vsh,5-15,1.111465135137804,82,1.1087374027816932,MAP_PMU,37,0.0027277323561107902
3,UPFC_tsh,5-15,-0.23823952881028504,82,-0.23835974069306037,MAP_PMU,37,0.00012021188277533401
4,UPFC_Vse,5-15,0.05909351762485201,82,0.06235649419821321,MAP_PMU,37,0.0032629765733611996
5,UPFC_tse,5-15,-2.12471421376542,82,-2.185360136449756,MAP_PMU,37,0.06064592268433611
0,x_tcsc,1-14,-0.10402259157938326,83,-0.10399206412538203,MAP_PMU,37,3.0527454001227916e-05
1,B_svc,2,0.1725052186834865,83,0.17216013355633938,MAP_PMU,37,0.00034508512714712114
2,UPFC_Vsh,5-15,1.1117851396819007,83,1.1087374027816932,MAP_PMU,37,0.0030477369002075427
3,UPFC_tsh,5-15,-0.23813385460032108,83,-0.23835974069306037,MAP_PMU,37,0.00022588609273929694
4,UPFC_Vse,5-15,0.058931228144094426,83,0.06235649419821321,MAP_PMU,37,0.003425266054118782
5,UPFC_tse,5-15,-2.128746044659358,83,-2.185360136449756,MAP_PMU,37,0.05661409179039811
0,x_tcsc,1-14,-0.10404247682943027,84,-0.10399206412538203,MAP_PMU,37,5.041270404823606e-05
1,B_svc,2,0.17232411893744548,84,0.17216013355633938,MAP_PMU,37,0.0001639853811060965
2,UPFC_Vsh,5-15,1.1116127382619843,84,1.1087374027816932,MAP_PMU,37,0.0028753354802910636
3,UPFC_tsh,5-15,-0.23827069343280252,84,-0.23835974069306037,MAP_PMU,37,8.904726025785181e-05
4,UPFC_Vse,5-15,0.059432012600556014,84,0.06235649419821321,MAP_PMU,37,0.002924481597657194
5,UPFC_tse,5-15,-2.132589240863411,84,-2.185360136449756,MAP_PMU,37,0.05277089558634529
0,x_tcsc,1-14,-0.10399809866837537,85,-0.10399206412538203,MAP_PMU,37,6.0345429933328365e-06
1,B_svc,2,0.17213284287549122,85,0.17216013355633938,MAP_PMU,37,2.729068084816877e-05
2,UPFC_Vsh,5-15,1.1118601196638236,85,1.1087374027816932,MAP_PMU,37,0.003122716882130394
3,UPFC_tsh,5-15,-0.23820399281251284,85,-0.23835974069306037,MAP_PMU,37,0.0001557478805475354
4,UPFC_Vse,5-15,0.0588649199203396,85,0.06235649419821321,MAP_PMU,37,0.0034915742778736103
5,UPFC_tse,5-15,-2.125555503213879,85,-2.185360136449756,MAP_PMU,37,0.05980463323587726
0,x_tcsc,1-14,-0.10401658220998138,86,-0.10399206412538203,MAP_PMU,37,2.451808459934257e-05
1,B_svc,2,0.17223185729724774,86,0.17216013355633938,MAP_PMU,37,7.17237409083582e-05
2,UPFC_Vsh,5-15,1.1116710526943723,86,1.1087374027816932,MAP_PMU,37,0.0029336499126790816
3,UPFC_tsh,5-15,-0.238263732935149,86,-0.23835974069306037,MAP_PMU,37,9.600775791138161e-05
4,UPFC_Vse,5-15,0.059405922851589944,86,0.06235649419821321,MAP_PMU,37,0.002950571346623264
5,UPFC_tse,5-15,-2.1221719079546366,86,-2.185360136449756,MAP_PMU,37,0.06318822849511951
0,x_tcsc,1-14,-0.10403290179437037,87,-0.10399206412538203,MAP_PMU,37,4.083766898833885e-05
1,B_svc,2,0.17228593452742416,87,0.17216013355633938,MAP_PMU,37,0.0001258009710847774
2,UPFC_Vsh,5-15,1.1115697799213702,87,1.1087374027816932,MAP_PMU,37,0.0028323771396769892
3,UPFC_tsh,5-15,-0.23825791751401473,87,-0.23835974069306037,MAP_PMU,37,0.00010182317904564031
4,UPFC_Vse,5-15,0.058778556468148856,87,0.06235649419821321,MAP_PMU,37,0.0035779377300643525
5,UPFC_tse,5-15,-2.1390256052909717,87,-2.185360136449756,MAP_PMU,37,0.04633453115878439
0,x_tcsc,1-14,-0.10401885953673243,88,-0.10399206412538203,MAP_PMU,37,2.6795411350394316e-05
1,B_svc,2,0.17288782421351687,88,0.17216013355633938,MAP_PMU,37,0.0007276906571774822
2,UPFC_Vsh,5-15,1.1112250719020242,88,1.1087374027816932,MAP_PMU,37,0.0024876691203310486
3,UPFC_tsh,5-15,-0.2381843216435321,88,-0.23835974069306037,MAP_PMU,37,0.00017541904952828036
4,UPFC_Vse,5-15,0.058897730490277966,88,0.06235649419821321,MAP_PMU,37,0.003458763707935242
5,UPFC_tse,5-15,-2.126227166478282,88,-2.185360136449756,MAP_PMU,37,0.059132969971474214
0,x_tcsc,1-14,-0.10403280299988883,89,-0.10399206412538203,MAP_PMU,37,4.0738874506798806e-05
1,B_svc,2,0.1721685285696709,89,0.17216013355633938,MAP_PMU,37,8.395013331524703e-06
2,UPFC_Vsh,5-15,1.1110363010771847,89,1.1087374027816932,MAP_PMU,37,0.0022988982954914583
3,UPFC_tsh,5-15,-0.23833496017828973,89,-0.23835974069306037,MAP_PMU,37,2.47805147706448e-05
4,UPFC_Vse,5-15,0.05922887161462656,89,0.06235649419821321,MAP_PMU,37,0.003127622583586648
5,UPFC_tse,5-15,-2.1396686694504092,89,-2.185360136449756,MAP_PMU,37,0.0456914669993469
0,x_tcsc,1-14,-0.10405817893606753,90,-0.10399206412538203,MAP_PMU,37,6.611481068549696e-05
1,B_svc,2,0.1717828943657825,90,0.17216013355633938,MAP_PMU,37,0.00037723919055687727
2,UPFC_Vsh,5-15,1.1115929993523121,90,1.1087374027816932,MAP_PMU,37,0.0028555965706189568
3,UPFC_tsh,5-15,-0.23818889051271055,90,-0.23835974069306037,MAP_PMU,37,0.00017085018034981858
4,UPFC_Vse,5-15,0.05888565083627836,90,0.06235649419821321,MAP_PMU,37,0.0034708433619348514
5,UPFC_tse,5-15,-2.1331090360756626,90,-2.185360136449756,MAP_PMU,37,0.05225110037409353
0,x_tcsc,1-14,-0.1040255298729701,91,-0.10399206412538203,MAP_PMU,37,3.346574758807119e-05
1,B_svc,2,0.17197342903360022,91,0.17216013355633938,MAP_PMU,37,0.00018670452273916727
2,UPFC_Vsh,5-15,1.1117815739805301,91,1.1087374027816932,MAP_PMU,37,0.0030441711988369313
3,UPFC_tsh,5-15,-0.23818700526593045,91,-0.23835974069306037,MAP_PMU,37,0.00017273542712992196
4,UPFC_Vse,5-15,0.058880653797676645,91,0.06235649419821321,MAP_PMU,37,0.003475840400536563
5,UPFC_tse,5-15,-2.1298055582573716,91,-2.185360136449756,MAP_PMU,37,0.05555457819238452
0,x_tcsc,1-14,-0.1040644172869755,92,-0.10399206412538203,MAP_PMU,37,7.235316159347194e-05
1,B_svc,2,0.1722001420484309,92,0.17216013355633938,MAP_PMU,37,4.000849209151447e-05
2,UPFC_Vsh,5-15,1.1116370968846623,92,1.1087374027816932,MAP_PMU,37,0.002899694102969086
3,UPFC_tsh,5-15,-0.23817254850144834,92,-0.23835974069306037,MAP_PMU,37,0.00018719219161203449
4,UPFC_Vse,5-15,0.059558240256671856,92,0.06235649419821321,MAP_PMU,37,0.0027982539415413524
5,UPFC_tse,5-15,-2.121599375587215,92,-2.185360136449756,MAP_PMU,37,0.06376076086254123
0,x_tcsc,1-14,-0.10403592266217336,93,-0.10399206412538203,MAP_PMU,37,4.385853679132745e-05
1,B_svc,2,0.17187062052833552,93,0.17216013355633938,MAP_PMU,37,0.00028951302800386824
2,UPFC_Vsh,5-15,1.1114367493791784,93,1.1087374027816932,MAP_PMU,37,0.002699346597485164
3,UPFC_tsh,5-15,-0.2382765061525034,93,-0.23835974069306037,MAP_PMU,37,8.323454055697566e-05
4,UPFC_Vse,5-15,0.059702189695458145,93,0.06235649419821321,MAP_PMU,37,0.002654304502755063
5,UPFC_tse,5-15,-2.131157951055874,93,-2.185360136449756,MAP_PMU,37,0.05420218539388211
0,x_tcsc,1-14,-0.10405090620866177,94,-0.10399206412538203,MAP_PMU,37,5.8842083279733726e-05
1,B_svc,2,0.17191120291292017,94,0.17216013355633938,MAP_PMU,37,0.0002489306434192151
2,UPFC_Vsh,5-15,1.111381777423732,94,1.1087374027816932,MAP_PMU,37,0.002644374642038816
3,UPFC_tsh,5-15,-0.2381980540757312,94,-0.23835974069306037,MAP_PMU,37,0.000161686617329182
4,UPFC_Vse,5-15,0.05863737936156921,94,0.06235649419821321,MAP_PMU,37,0.0037191148366439997
5,UPFC_tse,5-15,-2.1271302181382246,94,-2.185360136449756,MAP_PMU,37,0.05822991831153157
0,x_tcsc,1-14,-0.10403258218639559,95,-0.10399206412538203,MAP_PMU,37,4.051806101355859e-05
1,B_svc,2,0.17215422856947799,95,0.17216013355633938,MAP_PMU,37,5.904986861399175e-06
2,UPFC_Vsh,5-15,1.1116393006198162,95,1.1087374027816932,MAP_PMU,37,0.002901897838123002
3,UPFC_tsh,5-15,-0.23816536431488178,95,-0.23835974069306037,MAP_PMU,37,0.00019437637817859565
4,UPFC_Vse,5-15,0.05940028294454208,95,0.06235649419821321,MAP_PMU,37,0.002956211253671126
5,UPFC_tse,5-15,-2.137160099944566,95,-2.185360136449756,MAP_PMU,37,0.04820003650519
0,x_tcsc,1-14,-0.10404535850266261,96,-0.10399206412538203,MAP_PMU,37,5.3294377280577176e-05
1,B_svc,2,0.1715924360473784,96,0.17216013355633938,MAP_PMU,37,0.0005676975089609904
2,UPFC_Vsh,5-15,1.111657120669407,96,1.1087374027816932,MAP_PMU,37,0.0029197178877138352
3,UPFC_tsh,5-15,-0.23818685601621686,96,-0.23835974069306037,MAP_PMU,37,0.00017288467684350994
4,UPFC_Vse,5-15,0.05836827039374524,96,0.06235649419821321,MAP_PMU,37,0.0039882238044679705
5,UPFC_tse,5-15,-2.136017744298886,96,-2.185360136449756,MAP_PMU,37,0.04934239215087022
0,x_tcsc,1-14,-0.10406435200296696,97,-0.10399206412538203,MAP_PMU,37,7.228787758492561e-05
1,B_svc,2,0.17252232679675977,97,0.17216013355633938,MAP_PMU,37,0.0003621932404203887
2,UPFC_Vsh,5-15,1.1116474237199394,97,1.1087374027816932,MAP_PMU,37,0.002910020938246216
3,UPFC_tsh,5-15,-0.2382583751187965,97,-0.23835974069306037,MAP_PMU,37,0.0001013655742638786
4,UPFC_Vse,5-15,0.05943141636330009,97,0.06235649419821321,MAP_PMU,37,0.002925077834913116
5,UPFC_tse,5-15,-2.1360500477172537,97,-2.185360136449756,MAP_PMU,37,0.04931008873250242
0,x_tcsc,1-14,-0.10406312912036274,98,-0.10399206412538203,MAP_PMU,37,7.106499498070462e-05
1,B_svc,2,0.17229877332800725,98,0.17216013355633938,MAP_PMU,37,0.00013863977166786445
2,UPFC_Vsh,5-15,1.111424368497164,98,1.1087374027816932,MAP_PMU,37,0.0026869657154708904
3,UPFC_tsh,5-15,-0.23817363556057697,98,-0.23835974069306037,MAP_PMU,37,0.0001861051324834051
4,UPFC_Vse,5-15,0.05892857465590515,98,0.06235649419821321,MAP_PMU,37,0.003427919542308061
5,UPFC_tse,5-15,-2.1328885504752955,98,-2.185360136449756,MAP_PMU,37,0.052471585974460666
0,x_tcsc,1-14,-0.10403554610176086,99,-0.10399206412538203,MAP_PMU,37,4.3481976378823006e-05
1,B_svc,2,0.17240532585384924,99,0.17216013355633938,MAP_PMU,37,0.00024519229750985527
2,UPFC_Vsh,5-15,1.1119301374626176,99,1.1087374027816932,MAP_PMU,37,0.003192734680924403
3,UPFC_tsh,5-15,-0.23813893227668337,99,-0.23835974069306037,MAP_PMU,37,0.0002208084163770052
4,UPFC_Vse,5-15,0.059432335950306996,99,0.06235649419821321,MAP_PMU,37,0.0029241582479062125
5,UPFC_tse,5-15,-2.1273955166774337,99,-2.185360136449756,MAP_PMU,37,0.05796461977232248
0,x_tcsc,1-14,-0.10292216842866526,0,-0.10282084727769869,MAP_PMU,39,0.00010132115096657401
1,B_svc,2,0.17030075425541083,0,0.17063268182808,MAP_PMU,39,0.0003319275726691717
2,UPFC_Vsh,5-15,1.1118003916502108,0,1.1083919092205516,MAP_PMU,39,0.0034084824296591876
3,UPFC_tsh,5-15,-0.23877767552336626,0,-0.23894186672585602,MAP_PMU,39,0.00016419120248975516
4,UPFC_Vse,5-15,0.059173425306373865,0,0.06353665562006047,MAP_PMU,39,0.004363230313686607
5,UPFC_tse,5-15,-2.127256086271362,0,-2.1957153499703965,MAP_PMU,39,0.06845926369903443
0,x_tcsc,1-14,-0.10293229650832847,1,-0.10282084727769869,MAP_PMU,39,0.00011144923062977874
1,B_svc,2,0.1709589754460769,1,0.17063268182808,MAP_PMU,39,0.0003262936179969089
2,UPFC_Vsh,5-15,1.1114282594084663,1,1.1083919092205516,MAP_PMU,39,0.003036350187914705
3,UPFC_tsh,5-15,-0.23873848155818278,1,-0.23894186672585602,MAP_PMU,39,0.00020338516767323678
4,UPFC_Vse,5-15,0.05937060111364059,1,0.06353665562006047,MAP_PMU,39,0.004166054506419881
5,UPFC_tse,5-15,-2.13490777986557,1,-2.1957153499703965,MAP_PMU,39,0.060807570104826514
0,x_tcsc,1-14,-0.10290427248945044,2,-0.10282084727769869,MAP_PMU,39,8.34252117517531e-05
1,B_svc,2,0.17077745549498125,2,0.17063268182808,MAP_PMU,39,0.00014477366690124338
2,UPFC_Vsh,5-15,1.1118506756736786,2,1.1083919092205516,MAP_PMU,39,0.003458766453126927
3,UPFC_tsh,5-15,-0.2387268847009988,2,-0.23894186672585602,MAP_PMU,39,0.00021498202485722984
4,UPFC_Vse,5-15,0.059453890678198694,2,0.06353665562006047,MAP_PMU,39,0.004082764941861779
5,UPFC_tse,5-15,-2.1308203223049724,2,-2.1957153499703965,MAP_PMU,39,0.0648950276654241
0,x_tcsc,1-14,-0.1028985039651691,3,-0.10282084727769869,MAP_PMU,39,7.765668747040932e-05
1,B_svc,2,0.1701072645258528,3,0.17063268182808,MAP_PMU,39,0.000525417302227188
2,UPFC_Vsh,5-15,1.1116106510518609,3,1.1083919092205516,MAP_PMU,39,0.003218741831309213
3,UPFC_tsh,5-15,-0.23875714941757598,3,-0.23894186672585602,MAP_PMU,39,0.0001847173082800413
4,UPFC_Vse,5-15,0.05946952677030462,3,0.06353665562006047,MAP_PMU,39,0.004067128849755852
5,UPFC_tse,5-15,-2.139323920332861,3,-2.1957153499703965,MAP_PMU,39,0.056391429637535406
0,x_tcsc,1-14,-0.10288114302353245,4,-0.10282084727769869,MAP_PMU,39,6.029574583375774e-05
1,B_svc,2,0.17082334513270436,4,0.17063268182808,MAP_PMU,39,0.0001906633046243611
2,UPFC_Vsh,5-15,1.1116502953034433,4,1.1083919092205516,MAP_PMU,39,0.00325838608289164
3,UPFC_tsh,5-15,-0.2387454997224484,4,-0.23894186672585602,MAP_PMU,39,0.00019636700340761037
4,UPFC_Vse,5-15,0.0595801119471205,4,0.06353665562006047,MAP_PMU,39,0.0039565436729399744
5,UPFC_tse,5-15,-2.1418155468842084,4,-2.1957153499703965,MAP_PMU,39,0.053899803086188136
0,x_tcsc,1-14,-0.10291451033415223,5,-0.10282084727769869,MAP_PMU,39,9.3663056453544e-05
1,B_svc,2,0.17069588670357239,5,0.17063268182808,MAP_PMU,39,6.320487549238418e-05
2,UPFC_Vsh,5-15,1.1113133465359093,5,1.1083919092205516,MAP_PMU,39,0.0029214373153576556
3,UPFC_tsh,5-15,-0.23878667232202586,5,-0.23894186672585602,MAP_PMU,39,0.00015519440383016114
4,UPFC_Vse,5-15,0.05968177614084654,5,0.06353665562006047,MAP_PMU,39,0.003854879479213931
5,UPFC_tse,5-15,-2.1393384848495223,5,-2.1957153499703965,MAP_PMU,39,0.05637686512087425
0,x_tcsc,1-14,-0.10289544351495135,6,-0.10282084727769869,MAP_PMU,39,7.459623725265818e-05
1,B_svc,2,0.17048867668637885,6,0.17063268182808,MAP_PMU,39,0.00014400514170115342
2,UPFC_Vsh,5-15,1.1114693449485908,6,1.1083919092205516,MAP_PMU,39,0.0030774357280392017
3,UPFC_tsh,5-15,-0.23877189135417198,6,-0.23894186672585602,MAP_PMU,39,0.00016997537168403354
4,UPFC_Vse,5-15,0.05967231079830163,6,0.06353665562006047,MAP_PMU,39,0.0038643448217588403
5,UPFC_tse,5-15,-2.1450554153117247,6,-2.1957153499703965,MAP_PMU,39,0.0506599346586718
0,x_tcsc,1-14,-0.10289864726365835,7,-0.10282084727769869,MAP_PMU,39,7.779998595966453e-05
1,B_svc,2,0.17102310801108195,7,0.17063268182808,MAP_PMU,39,0.0003904261830019462
2,UPFC_Vsh,5-15,1.1112528874818484,7,1.1083919092205516,MAP_PMU,39,0.0028609782612967205
3,UPFC_tsh,5-15,-0.2387803019911574,7,-0.23894186672585602,MAP_PMU,39,0.00016156473469861043
4,UPFC_Vse,5-15,0.0591628220863874,7,0.06353665562006047,MAP_PMU,39,0.004373833533673072
5,UPFC_tse,5-15,-2.1386959710890716,7,-2.1957153499703965,MAP_PMU,39,0.05701937888132491
0,x_tcsc,1-14,-0.10288902248228701,8,-0.10282084727769869,MAP_PMU,39,6.817520458832216e-05
1,B_svc,2,0.17066493494130353,8,0.17063268182808,MAP_PMU,39,3.2253113223523755e-05
2,UPFC_Vsh,5-15,1.1113353539104733,8,1.1083919092205516,MAP_PMU,39,0.0029434446899216926
3,UPFC_tsh,5-15,-0.23876979107365473,8,-0.23894186672585602,MAP_PMU,39,0.00017207565220128673
4,UPFC_Vse,5-15,0.05946113983748808,8,0.06353665562006047,MAP_PMU,39,0.004075515782572391
5,UPFC_tse,5-15,-2.144060716115017,8,-2.1957153499703965,MAP_PMU,39,0.051654633855379384
0,x_tcsc,1-14,-0.1029181123447961,9,-0.10282084727769869,MAP_PMU,39,9.726506709741012e-05
1,B_svc,2,0.1706543718453117,9,0.17063268182808,MAP_PMU,39,2.1690017231706937e-05
2,UPFC_Vsh,5-15,1.1117196234905846,9,1.1083919092205516,MAP_PMU,39,0.0033277142700329776
3,UPFC_tsh,5-15,-0.23873998438087493,9,-0.23894186672585602,MAP_PMU,39,0.00020188234498108582
4,UPFC_Vse,5-15,0.059626067334268805,9,0.06353665562006047,MAP_PMU,39,0.003910588285791668
5,UPFC_tse,5-15,-2.1336226344825984,9,-2.1957153499703965,MAP_PMU,39,0.062092715487798156
0,x_tcsc,1-14,-0.10294392804507874,10,-0.10282084727769869,MAP_PMU,39,0.00012308076738004603
1,B_svc,2,0.17058818269059345,10,0.17063268182808,MAP_PMU,39,4.449913748655332e-05
2,UPFC_Vsh,5-15,1.1112512100816254,10,1.1083919092205516,MAP_PMU,39,0.002859300861073777
3,UPFC_tsh,5-15,-0.238734195896993,10,-0.23894186672585602,MAP_PMU,39,0.0002076708288630269
4,UPFC_Vse,5-15,0.05894134919525913,10,0.06353665562006047,MAP_PMU,39,0.00459530642480134
5,UPFC_tse,5-15,-2.1396420653660515,10,-2.1957153499703965,MAP_PMU,39,0.05607328460434502
0,x_tcsc,1-14,-0.10291036800274748,11,-0.10282084727769869,MAP_PMU,39,8.952072504879449e-05
1,B_svc,2,0.1708127455504699,11,0.17063268182808,MAP_PMU,39,0.00018006372238990598
2,UPFC_Vsh,5-15,1.111372976628864,11,1.1083919092205516,MAP_PMU,39,0.002981067408312388
3,UPFC_tsh,5-15,-0.2387867086708125,11,-0.23894186672585602,MAP_PMU,39,0.00015515805504351388
4,UPFC_Vse,5-15,0.0589551447634809,11,0.06353665562006047,MAP_PMU,39,0.004581510856579575
5,UPFC_tse,5-15,-2.138222714876654,11,-2.1957153499703965,MAP_PMU,39,0.05749263509374236
0,x_tcsc,1-14,-0.10289683374599086,12,-0.10282084727769869,MAP_PMU,39,7.598646829216904e-05
1,B_svc,2,0.1706384699945156,12,0.17063268182808,MAP_PMU,39,5.7881664355941e-06
2,UPFC_Vsh,5-15,1.1114270630643306,12,1.1083919092205516,MAP_PMU,39,0.0030351538437789483
3,UPFC_tsh,5-15,-0.23876414264412568,12,-0.23894186672585602,MAP_PMU,39,0.00017772408173033494
4,UPFC_Vse,5-15,0.05918688010777672,12,0.06353665562006047,MAP_PMU,39,0.00434977551228375
5,UPFC_tse,5-15,-2.1411200148928846,12,-2.1957153499703965,MAP_PMU,39,0.05459533507751191
0,x_tcsc,1-14,-0.10286517698360992,13,-0.10282084727769869,MAP_PMU,39,4.432970591122798e-05
1,B_svc,2,0.1705586705333257,13,0.17063268182808,MAP_PMU,39,7.401129475428925e-05
2,UPFC_Vsh,5-15,1.111192114250811,13,1.1083919092205516,MAP_PMU,39,0.0028002050302593506
3,UPFC_tsh,5-15,-0.23874025312437427,13,-0.23894186672585602,MAP_PMU,39,0.00020161360148174268
4,UPFC_Vse,5-15,0.05920961127333437,13,0.06353665562006047,MAP_PMU,39,0.004327044346726101
5,UPFC_tse,5-15,-2.137817750618452,13,-2.1957153499703965,MAP_PMU,39,0.057897599351944606
0,x_tcsc,1-14,-0.1029041892136509,14,-0.10282084727769869,MAP_PMU,39,8.334193595220529e-05
1,B_svc,2,0.17059217397802623,14,0.17063268182808,MAP_PMU,39,4.0507850053772554e-05
2,UPFC_Vsh,5-15,1.1113406528209984,14,1.1083919092205516,MAP_PMU,39,0.002948743600446724
3,UPFC_tsh,5-15,-0.23881873800850478,14,-0.23894186672585602,MAP_PMU,39,0.0001231287173512341
4,UPFC_Vse,5-15,0.05951978784532089,14,0.06353665562006047,MAP_PMU,39,0.004016867774739585
5,UPFC_tse,5-15,-2.1371990711690922,14,-2.1957153499703965,MAP_PMU,39,0.05851627880130428
0,x_tcsc,1-14,-0.10295000177642333,15,-0.10282084727769869,MAP_PMU,39,0.00012915449872463736
1,B_svc,2,0.17026298361032555,15,0.17063268182808,MAP_PMU,39,0.000369698217754455
2,UPFC_Vsh,5-15,1.1111264808464159,15,1.1083919092205516,MAP_PMU,39,0.0027345716258642128
3,UPFC_tsh,5-15,-0.23874738182514665,15,-0.23894186672585602,MAP_PMU,39,0.00019448490070936297
4,UPFC_Vse,5-15,0.05977621105360032,15,0.06353665562006047,MAP_PMU,39,0.0037604445664601513
5,UPFC_tse,5-15,-2.137884656661236,15,-2.1957153499703965,MAP_PMU,39,0.05783069330916035
0,x_tcsc,1-14,-0.10288787872161838,16,-0.10282084727769869,MAP_PMU,39,6.703144391968785e-05
1,B_svc,2,0.17037367712017215,16,0.17063268182808,MAP_PMU,39,0.0002590047079078506
2,UPFC_Vsh,5-15,1.1111265282313063,16,1.1083919092205516,MAP_PMU,39,0.0027346190107546686
3,UPFC_tsh,5-15,-0.23878229945798113,16,-0.23894186672585602,MAP_PMU,39,0.00015956726787488829
4,UPFC_Vse,5-15,0.0598080700595728,16,0.06353665562006047,MAP_PMU,39,0.0037285855604876697
5,UPFC_tse,5-15,-2.130513993692232,16,-2.1957153499703965,MAP_PMU,39,0.06520135627816437
0,x_tcsc,1-14,-0.10303608193498023,17,-0.10282084727769869,MAP_PMU,39,0.00021523465728154334
1,B_svc,2,0.17062746545837645,17,0.17063268182808,MAP_PMU,39,5.216369703547885e-06
2,UPFC_Vsh,5-15,1.1117290866198857,17,1.1083919092205516,MAP_PMU,39,0.003337177399334035
3,UPFC_tsh,5-15,-0.2387897003596498,17,-0.23894186672585602,MAP_PMU,39,0.00015216636620621338
4,UPFC_Vse,5-15,0.05915015063931766,17,0.06353665562006047,MAP_PMU,39,0.004386504980742813
5,UPFC_tse,5-15,-2.1380813975104314,17,-2.1957153499703965,MAP_PMU,39,0.057633952459965165
0,x_tcsc,1-14,-0.10289631071790087,18,-0.10282084727769869,MAP_PMU,39,7.54634402021781e-05
1,B_svc,2,0.17051814486351524,18,0.17063268182808,MAP_PMU,39,0.00011453696456475981
2,UPFC_Vsh,5-15,1.1116382532768372,18,1.1083919092205516,MAP_PMU,39,0.003246344056285544
3,UPFC_tsh,5-15,-0.2388369419851352,18,-0.23894186672585602,MAP_PMU,39,0.00010492474072082425
4,UPFC_Vse,5-15,0.05981971883335699,18,0.06353665562006047,MAP_PMU,39,0.003716936786703484
5,UPFC_tse,5-15,-2.134175882307641,18,-2.1957153499703965,MAP_PMU,39,0.06153946766275542
0,x_tcsc,1-14,-0.10291532859875444,19,-0.10282084727769869,MAP_PMU,39,9.448132105574492e-05
1,B_svc,2,0.1711574171798574,19,0.17063268182808,MAP_PMU,39,0.0005247353517774112
2,UPFC_Vsh,5-15,1.111323827873295,19,1.1083919092205516,MAP_PMU,39,0.002931918652743448
3,UPFC_tsh,5-15,-0.2387857092845188,19,-0.23894186672585602,MAP_PMU,39,0.00015615744133720688
4,UPFC_Vse,5-15,0.05938628490564297,19,0.06353665562006047,MAP_PMU,39,0.004150370714417505
5,UPFC_tse,5-15,-2.134854378472319,19,-2.1957153499703965,MAP_PMU,39,0.060860971498077454
0,x_tcsc,1-14,-0.10291882886317197,20,-0.10282084727769869,MAP_PMU,39,9.798158547327795e-05
1,B_svc,2,0.1703039193995307,20,0.17063268182808,MAP_PMU,39,0.0003287624285492896
2,UPFC_Vsh,5-15,1.111674028965572,20,1.1083919092205516,MAP_PMU,39,0.003282119745020351
3,UPFC_tsh,5-15,-0.23875869817175943,20,-0.23894186672585602,MAP_PMU,39,0.0001831685540965855
4,UPFC_Vse,5-15,0.05933191597772125,20,0.06353665562006047,MAP_PMU,39,0.0042047396423392225
5,UPFC_tse,5-15,-2.1347208550166763,20,-2.1957153499703965,MAP_PMU,39,0.060994494953720224
0,x_tcsc,1-14,-0.10287579565172776,21,-0.10282084727769869,MAP_PMU,39,5.494837402907071e-05
1,B_svc,2,0.17101139722434525,21,0.17063268182808,MAP_PMU,39,0.00037871539626524453
2,UPFC_Vsh,5-15,1.111462374174637,21,1.1083919092205516,MAP_PMU,39,0.0030704649540853612
3,UPFC_tsh,5-15,-0.23868904991507442,21,-0.23894186672585602,MAP_PMU,39,0.00025281681078159757
4,UPFC_Vse,5-15,0.05983808227455687,21,0.06353665562006047,MAP_PMU,39,0.0036985733455036016
5,UPFC_tse,5-15,-2.12729051959075,21,-2.1957153499703965,MAP_PMU,39,0.06842483037964664
0,x_tcsc,1-14,-0.10292870395792092,22,-0.10282084727769869,MAP_PMU,39,0.00010785668022222916
1,B_svc,2,0.17102136006538213,22,0.17063268182808,MAP_PMU,39,0.0003886782373021258
2,UPFC_Vsh,5-15,1.11161056362965,22,1.1083919092205516,MAP_PMU,39,0.0032186544090984093
3,UPFC_tsh,5-15,-0.23872986070063562,22,-0.23894186672585602,MAP_PMU,39,0.0002120060252203959
4,UPFC_Vse,5-15,0.05940134757963421,22,0.06353665562006047,MAP_PMU,39,0.004135308040426264
5,UPFC_tse,5-15,-2.1298981184735393,22,-2.1957153499703965,MAP_PMU,39,0.06581723149685725
0,x_tcsc,1-14,-0.10300001375802845,23,-0.10282084727769869,MAP_PMU,39,0.00017916648032975657
1,B_svc,2,0.17070638720277106,23,0.17063268182808,MAP_PMU,39,7.37053746910632e-05
2,UPFC_Vsh,5-15,1.11124985276717,23,1.1083919092205516,MAP_PMU,39,0.00285794354661828
3,UPFC_tsh,5-15,-0.23874992387333635,23,-0.23894186672585602,MAP_PMU,39,0.00019194285251966647
4,UPFC_Vse,5-15,0.05954200642029487,23,0.06353665562006047,MAP_PMU,39,0.003994649199765603
5,UPFC_tse,5-15,-2.135435781729512,23,-2.1957153499703965,MAP_PMU,39,0.06027956824088454
0,x_tcsc,1-14,-0.10289641477452151,24,-0.10282084727769869,MAP_PMU,39,7.55674968228176e-05
1,B_svc,2,0.17027847483803438,24,0.17063268182808,MAP_PMU,39,0.0003542069900456246
2,UPFC_Vsh,5-15,1.111828244369255,24,1.1083919092205516,MAP_PMU,39,0.003436335148703451
3,UPFC_tsh,5-15,-0.23873957020800482,24,-0.23894186672585602,MAP_PMU,39,0.00020229651785119707
4,UPFC_Vse,5-15,0.05906647939981969,24,0.06353665562006047,MAP_PMU,39,0.004470176220240783
5,UPFC_tse,5-15,-2.1308791469714747,24,-2.1957153499703965,MAP_PMU,39,0.06483620299892179
0,x_tcsc,1-14,-0.1028379435445589,25,-0.10282084727769869,MAP_PMU,39,1.709626686020871e-05
1,B_svc,2,0.17078202013290159,25,0.17063268182808,MAP_PMU,39,0.0001493383048215835
2,UPFC_Vsh,5-15,1.1117128944832557,25,1.1083919092205516,MAP_PMU,39,0.0033209852627040792
3,UPFC_tsh,5-15,-0.23871524731849833,25,-0.23894186672585602,MAP_PMU,39,0.0002266194073576866
4,UPFC_Vse,5-15,0.05886677455572695,25,0.06353665562006047,MAP_PMU,39,0.004669881064333525
5,UPFC_tse,5-15,-2.1281513881470095,25,-2.1957153499703965,MAP_PMU,39,0.06756396182338698
0,x_tcsc,1-14,-0.10290093102817875,26,-0.10282084727769869,MAP_PMU,39,8.008375048006167e-05
1,B_svc,2,0.17099866589676616,26,0.17063268182808,MAP_PMU,39,0.00036598406868615374
2,UPFC_Vsh,5-15,1.1117081168227938,26,1.1083919092205516,MAP_PMU,39,0.0033162076022421605
3,UPFC_tsh,5-15,-0.23876575845581827,26,-0.23894186672585602,MAP_PMU,39,0.00017610827003775031
4,UPFC_Vse,5-15,0.05909658275370894,26,0.06353665562006047,MAP_PMU,39,0.004440072866351535
5,UPFC_tse,5-15,-2.135473962230545,26,-2.1957153499703965,MAP_PMU,39,0.060241387739851326
0,x_tcsc,1-14,-0.10293343758207778,27,-0.10282084727769869,MAP_PMU,39,0.00011259030437908712
1,B_svc,2,0.1704881856745376,27,0.17063268182808,MAP_PMU,39,0.00014449615354239498
2,UPFC_Vsh,5-15,1.1116398117190982,27,1.1083919092205516,MAP_PMU,39,0.003247902498546562
3,UPFC_tsh,5-15,-0.23879084920435423,27,-0.23894186672585602,MAP_PMU,39,0.0001510175215017895
4,UPFC_Vse,5-15,0.05932951811347663,27,0.06353665562006047,MAP_PMU,39,0.004207137506583844
5,UPFC_tse,5-15,-2.13780186495581,27,-2.1957153499703965,MAP_PMU,39,0.057913485014586374
0,x_tcsc,1-14,-0.10291137988233284,28,-0.10282084727769869,MAP_PMU,39,9.053260463415258e-05
1,B_svc,2,0.17095441425893967,28,0.17063268182808,MAP_PMU,39,0.0003217324308596725
2,UPFC_Vsh,5-15,1.111996514580335,28,1.1083919092205516,MAP_PMU,39,0.0036046053597833527
3,UPFC_tsh,5-15,-0.2387397152336659,28,-0.23894186672585602,MAP_PMU,39,0.00020215149219010575
4,UPFC_Vse,5-15,0.05967822912808791,28,0.06353665562006047,MAP_PMU,39,0.003858426491972565
5,UPFC_tse,5-15,-2.1263257368703603,28,-2.1957153499703965,MAP_PMU,39,0.06938961310003622
0,x_tcsc,1-14,-0.10289670812153859,29,-0.10282084727769869,MAP_PMU,39,7.586084383989777e-05
1,B_svc,2,0.17132519510279473,29,0.17063268182808,MAP_PMU,39,0.0006925132747147289
2,UPFC_Vsh,5-15,1.111701572783497,29,1.1083919092205516,MAP_PMU,39,0.003309663562945264
3,UPFC_tsh,5-15,-0.2387737368213157,29,-0.23894186672585602,MAP_PMU,39,0.00016812990454032062
4,UPFC_Vse,5-15,0.05958839488979562,29,0.06353665562006047,MAP_PMU,39,0.003948260730264851
5,UPFC_tse,5-15,-2.1365471722723814,29,-2.1957153499703965,MAP_PMU,39,0.05916817769801508
0,x_tcsc,1-14,-0.10296429595801164,30,-0.10282084727769869,MAP_PMU,39,0.00014344868031294922
1,B_svc,2,0.17085053956081575,30,0.17063268182808,MAP_PMU,39,0.00021785773273574893
2,UPFC_Vsh,5-15,1.1116157463685272,30,1.1083919092205516,MAP_PMU,39,0.0032238371479755834
3,UPFC_tsh,5-15,-0.23877235536292402,30,-0.23894186672585602,MAP_PMU,39,0.00016951136293200109
4,UPFC_Vse,5-15,0.059985057988944296,30,0.06353665562006047,MAP_PMU,39,0.0035515976311161768
5,UPFC_tse,5-15,-2.136186139448755,30,-2.1957153499703965,MAP_PMU,39,0.059529210521641396
0,x_tcsc,1-14,-0.10289790912990775,31,-0.10282084727769869,MAP_PMU,39,7.706185220905659e-05
1,B_svc,2,0.17079877678996017,31,0.17063268182808,MAP_PMU,39,0.00016609496188016437
2,UPFC_Vsh,5-15,1.1115588057967198,31,1.1083919092205516,MAP_PMU,39,0.003166896576168199
3,UPFC_tsh,5-15,-0.23879797949504686,31,-0.23894186672585602,MAP_PMU,39,0.00014388723080915877
4,UPFC_Vse,5-15,0.059220162890111255,31,0.06353665562006047,MAP_PMU,39,0.004316492729949217
5,UPFC_tse,5-15,-2.141674992669557,31,-2.1957153499703965,MAP_PMU,39,0.05404035730083967
0,x_tcsc,1-14,-0.10290333054571456,32,-0.10282084727769869,MAP_PMU,39,8.24832680158677e-05
1,B_svc,2,0.17106065136830156,32,0.17063268182808,MAP_PMU,39,0.0004279695402215622
2,UPFC_Vsh,5-15,1.1114374795160313,32,1.1083919092205516,MAP_PMU,39,0.0030455702954796937
3,UPFC_tsh,5-15,-0.23879346808065097,32,-0.23894186672585602,MAP_PMU,39,0.00014839864520505008
4,UPFC_Vse,5-15,0.05903067709210497,32,0.06353665562006047,MAP_PMU,39,0.0045059785279554995
5,UPFC_tse,5-15,-2.1414853973275814,32,-2.1957153499703965,MAP_PMU,39,0.05422995264281516
0,x_tcsc,1-14,-0.10292594283929048,33,-0.10282084727769869,MAP_PMU,39,0.00010509556159178646
1,B_svc,2,0.17063487772805813,33,0.17063268182808,MAP_PMU,39,2.195899978130189e-06
2,UPFC_Vsh,5-15,1.1114025430393346,33,1.1083919092205516,MAP_PMU,39,0.0030106338187829706
3,UPFC_tsh,5-15,-0.2388352218956666,33,-0.23894186672585602,MAP_PMU,39,0.00010664483018940629
4,UPFC_Vse,5-15,0.059194225686079426,33,0.06353665562006047,MAP_PMU,39,0.004342429933981047
5,UPFC_tse,5-15,-2.1336274309560035,33,-2.1957153499703965,MAP_PMU,39,0.062087919014393034
0,x_tcsc,1-14,-0.1028711358319469,34,-0.10282084727769869,MAP_PMU,39,5.0288554248212325e-05
1,B_svc,2,0.17049339326655397,34,0.17063268182808,MAP_PMU,39,0.0001392885615260353
2,UPFC_Vsh,5-15,1.1114008068063237,34,1.1083919092205516,MAP_PMU,39,0.0030088975857720524
3,UPFC_tsh,5-15,-0.23878092649742205,34,-0.23894186672585602,MAP_PMU,39,0.0001609402284339645
4,UPFC_Vse,5-15,0.05949364469520153,34,0.06353665562006047,MAP_PMU,39,0.004043010924858946
5,UPFC_tse,5-15,-2.135067263679477,34,-2.1957153499703965,MAP_PMU,39,0.060648086290919334
0,x_tcsc,1-14,-0.10290422383582686,35,-0.10282084727769869,MAP_PMU,39,8.33765581281648e-05
1,B_svc,2,0.1705422890183247,35,0.17063268182808,MAP_PMU,39,9.039280975531305e-05
2,UPFC_Vsh,5-15,1.111079982897668,35,1.1083919092205516,MAP_PMU,39,0.0026880736771164315
3,UPFC_tsh,5-15,-0.23878161363905337,35,-0.23894186672585602,MAP_PMU,39,0.0001602530868026475
4,UPFC_Vse,5-15,0.05964719177870689,35,0.06353665562006047,MAP_PMU,39,0.00388946384135358
5,UPFC_tse,5-15,-2.1371183625281094,35,-2.1957153499703965,MAP_PMU,39,0.05859698744228714
0,x_tcsc,1-14,-0.10289811807310908,36,-0.10282084727769869,MAP_PMU,39,7.727079541039461e-05
1,B_svc,2,0.17052553619587615,36,0.17063268182808,MAP_PMU,39,0.00010714563220384776
2,UPFC_Vsh,5-15,1.1115596131341563,36,1.1083919092205516,MAP_PMU,39,0.003167703913604658
3,UPFC_tsh,5-15,-0.23868870520290103,36,-0.23894186672585602,MAP_PMU,39,0.0002531615229549866
4,UPFC_Vse,5-15,0.05915955150496958,36,0.06353665562006047,MAP_PMU,39,0.004377104115090895
5,UPFC_tse,5-15,-2.133748137812737,36,-2.1957153499703965,MAP_PMU,39,0.061967212157659546
0,x_tcsc,1-14,-0.10286561570996423,37,-0.10282084727769869,MAP_PMU,39,4.476843226554339e-05
1,B_svc,2,0.1709056176687766,37,0.17063268182808,MAP_PMU,39,0.0002729358406965976
2,UPFC_Vsh,5-15,1.1117583731089722,37,1.1083919092205516,MAP_PMU,39,0.0033664638884205456
3,UPFC_tsh,5-15,-0.23872817773902383,37,-0.23894186672585602,MAP_PMU,39,0.00021368898683218895
4,UPFC_Vse,5-15,0.05959588473927564,37,0.06353665562006047,MAP_PMU,39,0.00394077088078483
5,UPFC_tse,5-15,-2.1313708136011553,37,-2.1957153499703965,MAP_PMU,39,0.0643445363692412
0,x_tcsc,1-14,-0.10288705054677394,38,-0.10282084727769869,MAP_PMU,39,6.620326907524898e-05
1,B_svc,2,0.17084048894619477,38,0.17063268182808,MAP_PMU,39,0.00020780711811477226
2,UPFC_Vsh,5-15,1.1116047994924318,38,1.1083919092205516,MAP_PMU,39,0.003212890271880209
3,UPFC_tsh,5-15,-0.23881227013268597,38,-0.23894186672585602,MAP_PMU,39,0.00012959659317005046
4,UPFC_Vse,5-15,0.05923265876741801,38,0.06353665562006047,MAP_PMU,39,0.004303996852642461
5,UPFC_tse,5-15,-2.138141697963084,38,-2.1957153499703965,MAP_PMU,39,0.05757365200731268
0,x_tcsc,1-14,-0.10287992635055813,39,-0.10282084727769869,MAP_PMU,39,5.907907285944425e-05
1,B_svc,2,0.1707464188664888,39,0.17063268182808,MAP_PMU,39,0.00011373703840880656
2,UPFC_Vsh,5-15,1.111429510078775,39,1.1083919092205516,MAP_PMU,39,0.003037600858223355
3,UPFC_tsh,5-15,-0.23873962744378072,39,-0.23894186672585602,MAP_PMU,39,0.0002022392820753005
4,UPFC_Vse,5-15,0.05896144212589644,39,0.06353665562006047,MAP_PMU,39,0.004575213494164031
5,UPFC_tse,5-15,-2.1348622056939646,39,-2.1957153499703965,MAP_PMU,39,0.06085314427643196
0,x_tcsc,1-14,-0.10291542643705068,40,-0.10282084727769869,MAP_PMU,39,9.457915935198735e-05
1,B_svc,2,0.17103499412471687,40,0.17063268182808,MAP_PMU,39,0.00040231229663686974
2,UPFC_Vsh,5-15,1.1118289339768683,40,1.1083919092205516,MAP_PMU,39,0.0034370247563166867
3,UPFC_tsh,5-15,-0.23866588663589397,40,-0.23894186672585602,MAP_PMU,39,0.0002759800899620468
4,UPFC_Vse,5-15,0.05942401660161957,40,0.06353665562006047,MAP_PMU,39,0.004112639018440903
5,UPFC_tse,5-15,-2.139962881401065,40,-2.1957153499703965,MAP_PMU,39,0.05575246856933136
0,x_tcsc,1-14,-0.10288464708251008,41,-0.10282084727769869,MAP_PMU,39,6.379980481138747e-05
1,B_svc,2,0.17044708915909132,41,0.17063268182808,MAP_PMU,39,0.0001855926689886822
2,UPFC_Vsh,5-15,1.111115892612944,41,1.1083919092205516,MAP_PMU,39,0.0027239833923924373
3,UPFC_tsh,5-15,-0.2387658834459205,41,-0.23894186672585602,MAP_PMU,39,0.00017598327993550988
4,UPFC_Vse,5-15,0.05916248749632145,41,0.06353665562006047,MAP_PMU,39,0.004374168123739024
5,UPFC_tse,5-15,-2.136762046900371,41,-2.1957153499703965,MAP_PMU,39,0.05895330307002533
0,x_tcsc,1-14,-0.10293384796733897,42,-0.10282084727769869,MAP_PMU,39,0.00011300068964027743
1,B_svc,2,0.17082091802539337,42,0.17063268182808,MAP_PMU,39,0.00018823619731336838
2,UPFC_Vsh,5-15,1.1116596159530079,42,1.1083919092205516,MAP_PMU,39,0.0032677067324562437
3,UPFC_tsh,5-15,-0.23872016247274952,42,-0.23894186672585602,MAP_PMU,39,0.00022170425310649722
4,UPFC_Vse,5-15,0.05920282752551665,42,0.06353665562006047,MAP_PMU,39,0.004333828094543822
5,UPFC_tse,5-15,-2.1389951110024747,42,-2.1957153499703965,MAP_PMU,39,0.05672023896792178
0,x_tcsc,1-14,-0.10296046426313654,43,-0.10282084727769869,MAP_PMU,39,0.0001396169854378515
1,B_svc,2,0.17055618668805428,43,0.17063268182808,MAP_PMU,39,7.6495140025723e-05
2,UPFC_Vsh,5-15,1.1116134151712378,43,1.1083919092205516,MAP_PMU,39,0.0032215059506861543
3,UPFC_tsh,5-15,-0.2387747421846133,43,-0.23894186672585602,MAP_PMU,39,0.00016712454124270804
4,UPFC_Vse,5-15,0.05917780250380351,43,0.06353665562006047,MAP_PMU,39,0.004358853116256965
5,UPFC_tse,5-15,-2.129550638292672,43,-2.1957153499703965,MAP_PMU,39,0.06616471167772442
0,x_tcsc,1-14,-0.10289647293662937,44,-0.10282084727769869,MAP_PMU,39,7.562565893068363e-05
1,B_svc,2,0.17060316455919936,44,0.17063268182808,MAP_PMU,39,2.9517268880646652e-05
2,UPFC_Vsh,5-15,1.1115071287138596,44,1.1083919092205516,MAP_PMU,39,0.0031152194933079524
3,UPFC_tsh,5-15,-0.238700171827114,44,-0.23894186672585602,MAP_PMU,39,0.000241694898742012
4,UPFC_Vse,5-15,0.05983806023750413,44,0.06353665562006047,MAP_PMU,39,0.0036985953825563397
5,UPFC_tse,5-15,-2.121713945792148,44,-2.1957153499703965,MAP_PMU,39,0.07400140417824863
0,x_tcsc,1-14,-0.10292418506481739,45,-0.10282084727769869,MAP_PMU,39,0.00010333778711869857
1,B_svc,2,0.17061983202550604,45,0.17063268182808,MAP_PMU,39,1.2849802573960956e-05
2,UPFC_Vsh,5-15,1.1110324717676745,45,1.1083919092205516,MAP_PMU,39,0.00264056254712286
3,UPFC_tsh,5-15,-0.23881280729060989,45,-0.23894186672585602,MAP_PMU,39,0.00012905943524613162
4,UPFC_Vse,5-15,0.059435577023982805,45,0.06353665562006047,MAP_PMU,39,0.0041010785960776674
5,UPFC_tse,5-15,-2.135533618102632,45,-2.1957153499703965,MAP_PMU,39,0.060181731867764654
0,x_tcsc,1-14,-0.10290824188809496,46,-0.10282084727769869,MAP_PMU,39,8.739461039626584e-05
1,B_svc,2,0.17098536956832247,46,0.17063268182808,MAP_PMU,39,0.00035268774024246885
2,UPFC_Vsh,5-15,1.1112513241190953,46,1.1083919092205516,MAP_PMU,39,0.0028594148985436885
3,UPFC_tsh,5-15,-0.23883162703827246,46,-0.23894186672585602,MAP_PMU,39,0.00011023968758355762
4,UPFC_Vse,5-15,0.059060585622557074,46,0.06353665562006047,MAP_PMU,39,0.0044760699975033985
5,UPFC_tse,5-15,-2.143469105308542,46,-2.1957153499703965,MAP_PMU,39,0.05224624466185457
0,x_tcsc,1-14,-0.10289056882789116,47,-0.10282084727769869,MAP_PMU,39,6.972155019246973e-05
1,B_svc,2,0.17050014014044168,47,0.17063268182808,MAP_PMU,39,0.0001325416876383212
2,UPFC_Vsh,5-15,1.111786011777955,47,1.1083919092205516,MAP_PMU,39,0.0033941025574033556
3,UPFC_tsh,5-15,-0.2387468195072074,47,-0.23894186672585602,MAP_PMU,39,0.00019504721864863073
4,UPFC_Vse,5-15,0.05953606462885943,47,0.06353665562006047,MAP_PMU,39,0.004000590991201043
5,UPFC_tse,5-15,-2.134047391959417,47,-2.1957153499703965,MAP_PMU,39,0.06166795801097935
0,x_tcsc,1-14,-0.10289874292828585,48,-0.10282084727769869,MAP_PMU,39,7.789565058716197e-05
1,B_svc,2,0.17114263046065617,48,0.17063268182808,MAP_PMU,39,0.0005099486325761682
2,UPFC_Vsh,5-15,1.1116126161467836,48,1.1083919092205516,MAP_PMU,39,0.0032207069262319976
3,UPFC_tsh,5-15,-0.23876875833246475,48,-0.23894186672585602,MAP_PMU,39,0.00017310839339126916
4,UPFC_Vse,5-15,0.05954144581968982,48,0.06353665562006047,MAP_PMU,39,0.003995209800370651
5,UPFC_tse,5-15,-2.14999205796877,48,-2.1957153499703965,MAP_PMU,39,0.045723292001626614
0,x_tcsc,1-14,-0.10293214288728172,49,-0.10282084727769869,MAP_PMU,39,0.0001112956095830342
1,B_svc,2,0.17066005140544285,49,0.17063268182808,MAP_PMU,39,2.7369577362851283e-05
2,UPFC_Vsh,5-15,1.1115981174205427,49,1.1083919092205516,MAP_PMU,39,0.0032062081999910674
3,UPFC_tsh,5-15,-0.23874192816513418,49,-0.23894186672585602,MAP_PMU,39,0.00019993856072184069
4,UPFC_Vse,5-15,0.05949215996171006,49,0.06353665562006047,MAP_PMU,39,0.004044495658350411
5,UPFC_tse,5-15,-2.140067716953794,49,-2.1957153499703965,MAP_PMU,39,0.05564763301660269
0,x_tcsc,1-14,-0.10289803359156562,50,-0.10282084727769869,MAP_PMU,39,7.718631386692543e-05
1,B_svc,2,0.17048670304040262,50,0.17063268182808,MAP_PMU,39,0.0001459787876773866
2,UPFC_Vsh,5-15,1.1115997748020943,50,1.1083919092205516,MAP_PMU,39,0.003207865581542624
3,UPFC_tsh,5-15,-0.23870725353277167,50,-0.23894186672585602,MAP_PMU,39,0.0002346131930843487
4,UPFC_Vse,5-15,0.059281641239266575,50,0.06353665562006047,MAP_PMU,39,0.004255014380793898
5,UPFC_tse,5-15,-2.1366460534850966,50,-2.1957153499703965,MAP_PMU,39,0.059069296485299905
0,x_tcsc,1-14,-0.10288687005708365,51,-0.10282084727769869,MAP_PMU,39,6.602277938495826e-05
1,B_svc,2,0.17106716961300372,51,0.17063268182808,MAP_PMU,39,0.00043448778492372053
2,UPFC_Vsh,5-15,1.1114759143238597,51,1.1083919092205516,MAP_PMU,39,0.003084005103308085
3,UPFC_tsh,5-15,-0.2387556940096076,51,-0.23894186672585602,MAP_PMU,39,0.00018617271624840614
4,UPFC_Vse,5-15,0.059463249912652366,51,0.06353665562006047,MAP_PMU,39,0.0040734057074081065
5,UPFC_tse,5-15,-2.1442997801921493,51,-2.1957153499703965,MAP_PMU,39,0.05141556977824724
0,x_tcsc,1-14,-0.10290295961298265,52,-0.10282084727769869,MAP_PMU,39,8.211233528396256e-05
1,B_svc,2,0.170914581320605,52,0.17063268182808,MAP_PMU,39,0.00028189949252499513
2,UPFC_Vsh,5-15,1.1113624425609576,52,1.1083919092205516,MAP_PMU,39,0.0029705333404059786
3,UPFC_tsh,5-15,-0.2387970291354426,52,-0.23894186672585602,MAP_PMU,39,0.00014483759041342137
4,UPFC_Vse,5-15,0.05919375515863076,52,0.06353665562006047,MAP_PMU,39,0.004342900461429711
5,UPFC_tse,5-15,-2.131602477844011,52,-2.1957153499703965,MAP_PMU,39,0.0641128721263855
0,x_tcsc,1-14,-0.10290266332637472,53,-0.10282084727769869,MAP_PMU,39,8.181604867603387e-05
1,B_svc,2,0.17035310999110562,53,0.17063268182808,MAP_PMU,39,0.0002795718369743849
2,UPFC_Vsh,5-15,1.111315272768748,53,1.1083919092205516,MAP_PMU,39,0.002923363548196445
3,UPFC_tsh,5-15,-0.23877536020675,53,-0.23894186672585602,MAP_PMU,39,0.00016650651910601888
4,UPFC_Vse,5-15,0.05908822339049353,53,0.06353665562006047,MAP_PMU,39,0.004448432229566944
5,UPFC_tse,5-15,-2.1405465124334486,53,-2.1957153499703965,MAP_PMU,39,0.0551688375369479
0,x_tcsc,1-14,-0.10287602397600401,54,-0.10282084727769869,MAP_PMU,39,5.517669830532035e-05
1,B_svc,2,0.171272196276491,54,0.17063268182808,MAP_PMU,39,0.0006395144484110105
2,UPFC_Vsh,5-15,1.1116272717180122,54,1.1083919092205516,MAP_PMU,39,0.003235362497460592
3,UPFC_tsh,5-15,-0.23877622701276158,54,-0.23894186672585602,MAP_PMU,39,0.0001656397130944398
4,UPFC_Vse,5-15,0.05929116548390935,54,0.06353665562006047,MAP_PMU,39,0.004245490136151123
5,UPFC_tse,5-15,-2.14007495162486,54,-2.1957153499703965,MAP_PMU,39,0.05564039834553647
0,x_tcsc,1-14,-0.10285182258269907,55,-0.10282084727769869,MAP_PMU,39,3.097530500037471e-05
1,B_svc,2,0.1705400800806886,55,0.17063268182808,MAP_PMU,39,9.260174739139648e-05
2,UPFC_Vsh,5-15,1.1118800951245207,55,1.1083919092205516,MAP_PMU,39,0.0034881859039690433
3,UPFC_tsh,5-15,-0.23874387213616735,55,-0.23894186672585602,MAP_PMU,39,0.0001979945896886659
4,UPFC_Vse,5-15,0.05953724379861608,55,0.06353665562006047,MAP_PMU,39,0.003999411821444393
5,UPFC_tse,5-15,-2.1255057455596664,55,-2.1957153499703965,MAP_PMU,39,0.0702096044107301
0,x_tcsc,1-14,-0.10289196132790991,56,-0.10282084727769869,MAP_PMU,39,7.111405021122119e-05
1,B_svc,2,0.1710420030972678,56,0.17063268182808,MAP_PMU,39,0.0004093212691878012
2,UPFC_Vsh,5-15,1.1115491845610685,56,1.1083919092205516,MAP_PMU,39,0.0031572753405169074
3,UPFC_tsh,5-15,-0.2386860372819351,56,-0.23894186672585602,MAP_PMU,39,0.000255829443920913
4,UPFC_Vse,5-15,0.059185732126896484,56,0.06353665562006047,MAP_PMU,39,0.004350923493163988
5,UPFC_tse,5-15,-2.1342953402720246,56,-2.1957153499703965,MAP_PMU,39,0.061420009698371913
0,x_tcsc,1-14,-0.10290725052377614,57,-0.10282084727769869,MAP_PMU,39,8.640324607744887e-05
1,B_svc,2,0.17049673836652474,57,0.17063268182808,MAP_PMU,39,0.0001359434615552657
2,UPFC_Vsh,5-15,1.1110615704123963,57,1.1083919092205516,MAP_PMU,39,0.002669661191844641
3,UPFC_tsh,5-15,-0.23885006270404513,57,-0.23894186672585602,MAP_PMU,39,9.180402181088732e-05
4,UPFC_Vse,5-15,0.059717891686149265,57,0.06353665562006047,MAP_PMU,39,0.003818763933911208
5,UPFC_tse,5-15,-2.1437443432189203,57,-2.1957153499703965,MAP_PMU,39,0.051971006751476256
0,x_tcsc,1-14,-0.10287124627060047,58,-0.10282084727769869,MAP_PMU,39,5.0398992901781736e-05
1,B_svc,2,0.17061028461804378,58,0.17063268182808,MAP_PMU,39,2.2397210036217974e-05
2,UPFC_Vsh,5-15,1.1115156258235344,58,1.1083919092205516,MAP_PMU,39,0.003123716602982718
3,UPFC_tsh,5-15,-0.2387768456761088,58,-0.23894186672585602,MAP_PMU,39,0.00016502104974722154
4,UPFC_Vse,5-15,0.05902529725972951,58,0.06353665562006047,MAP_PMU,39,0.0045113583603309595
5,UPFC_tse,5-15,-2.1393847840821145,58,-2.1957153499703965,MAP_PMU,39,0.056330565888282
0,x_tcsc,1-14,-0.10285492729793429,59,-0.10282084727769869,MAP_PMU,39,3.408002023559675e-05
1,B_svc,2,0.17068005826089458,59,0.17063268182808,MAP_PMU,39,4.7376432814577596e-05
2,UPFC_Vsh,5-15,1.1116198444103782,59,1.1083919092205516,MAP_PMU,39,0.0032279351898265585
3,UPFC_tsh,5-15,-0.23877573421391018,59,-0.23894186672585602,MAP_PMU,39,0.00016613251194583234
4,UPFC_Vse,5-15,0.059717461417672264,59,0.06353665562006047,MAP_PMU,39,0.0038191942023882083
5,UPFC_tse,5-15,-2.1343490862446033,59,-2.1957153499703965,MAP_PMU,39,0.061366263725793235
0,x_tcsc,1-14,-0.10294638850668067,60,-0.10282084727769869,MAP_PMU,39,0.00012554122898197906
1,B_svc,2,0.17081188519796262,60,0.17063268182808,MAP_PMU,39,0.00017920336988261343
2,UPFC_Vsh,5-15,1.1111577814979134,60,1.1083919092205516,MAP_PMU,39,0.0027658722773618027
3,UPFC_tsh,5-15,-0.2388690863688749,60,-0.23894186672585602,MAP_PMU,39,7.278035698110585e-05
4,UPFC_Vse,5-15,0.05982804576627283,60,0.06353665562006047,MAP_PMU,39,0.0037086098537876394
5,UPFC_tse,5-15,-2.140447984854442,60,-2.1957153499703965,MAP_PMU,39,0.055267365115954536
0,x_tcsc,1-14,-0.10292826747430661,61,-0.10282084727769869,MAP_PMU,39,0.00010742019660792135
1,B_svc,2,0.17031335853738683,61,0.17063268182808,MAP_PMU,39,0.0003193232906931742
2,UPFC_Vsh,5-15,1.1119820319058658,61,1.1083919092205516,MAP_PMU,39,0.003590122685314112
3,UPFC_tsh,5-15,-0.23871949790374689,61,-0.23894186672585602,MAP_PMU,39,0.00022236882210913134
4,UPFC_Vse,5-15,0.059522972551967514,61,0.06353665562006047,MAP_PMU,39,0.004013683068092959
5,UPFC_tse,5-15,-2.130993413095069,61,-2.1957153499703965,MAP_PMU,39,0.06472193687532757
0,x_tcsc,1-14,-0.10289011053815875,62,-0.10282084727769869,MAP_PMU,39,6.926326046005626e-05
1,B_svc,2,0.17086456398544092,62,0.17063268182808,MAP_PMU,39,0.00023188215736091866
2,UPFC_Vsh,5-15,1.1116197636910723,62,1.1083919092205516,MAP_PMU,39,0.0032278544705206524
3,UPFC_tsh,5-15,-0.23879497201896274,62,-0.23894186672585602,MAP_PMU,39,0.00014689470689327466
4,UPFC_Vse,5-15,0.0595594809910875,62,0.06353665562006047,MAP_PMU,39,0.003977174628972971
5,UPFC_tse,5-15,-2.141147459475425,62,-2.1957153499703965,MAP_PMU,39,0.05456789049497157
0,x_tcsc,1-14,-0.10298963441027768,63,-0.10282084727769869,MAP_PMU,39,0.00016878713257899303
1,B_svc,2,0.17078285261958434,63,0.17063268182808,MAP_PMU,39,0.00015017079150433932
2,UPFC_Vsh,5-15,1.1116829194525981,63,1.1083919092205516,MAP_PMU,39,0.0032910102320464762
3,UPFC_tsh,5-15,-0.23874118595689656,63,-0.23894186672585602,MAP_PMU,39,0.0002006807689594603
4,UPFC_Vse,5-15,0.05916569786794414,63,0.06353665562006047,MAP_PMU,39,0.004370957752116329
5,UPFC_tse,5-15,-2.136436690937344,63,-2.1957153499703965,MAP_PMU,39,0.059278659033052516
0,x_tcsc,1-14,-0.10285521165151873,64,-0.10282084727769869,MAP_PMU,39,3.436437382003943e-05
1,B_svc,2,0.17082406773294875,64,0.17063268182808,MAP_PMU,39,0.00019138590486875162
2,UPFC_Vsh,5-15,1.1117743417980397,64,1.1083919092205516,MAP_PMU,39,0.003382432577488048
3,UPFC_tsh,5-15,-0.238678049358142,64,-0.23894186672585602,MAP_PMU,39,0.0002638173677140254
4,UPFC_Vse,5-15,0.0595418751630968,64,0.06353665562006047,MAP_PMU,39,0.003994780456963672
5,UPFC_tse,5-15,-2.1300071006068153,64,-2.1957153499703965,MAP_PMU,39,0.06570824936358122
0,x_tcsc,1-14,-0.10289720874858424,65,-0.10282084727769869,MAP_PMU,39,7.636147088554979e-05
1,B_svc,2,0.17053678725437244,65,0.17063268182808,MAP_PMU,39,9.589457370756671e-05
2,UPFC_Vsh,5-15,1.1116918486250518,65,1.1083919092205516,MAP_PMU,39,0.0032999394045001296
3,UPFC_tsh,5-15,-0.23876115356927355,65,-0.23894186672585602,MAP_PMU,39,0.00018071315658246823
4,UPFC_Vse,5-15,0.05949326651243368,65,0.06353665562006047,MAP_PMU,39,0.004043389107626791
5,UPFC_tse,5-15,-2.132563641246302,65,-2.1957153499703965,MAP_PMU,39,0.06315170872409448
0,x_tcsc,1-14,-0.10289660636703035,66,-0.10282084727769869,MAP_PMU,39,7.575908933166176e-05
1,B_svc,2,0.1707789907968444,66,0.17063268182808,MAP_PMU,39,0.00014630896876438593
2,UPFC_Vsh,5-15,1.1115621460673233,66,1.1083919092205516,MAP_PMU,39,0.0031702368467716457
3,UPFC_tsh,5-15,-0.23878968785228466,66,-0.23894186672585602,MAP_PMU,39,0.00015217887357135695
4,UPFC_Vse,5-15,0.05978275295210313,66,0.06353665562006047,MAP_PMU,39,0.0037539026679573456
5,UPFC_tse,5-15,-2.135864494031755,66,-2.1957153499703965,MAP_PMU,39,0.0598508559386417
0,x_tcsc,1-14,-0.1028589060932227,67,-0.10282084727769869,MAP_PMU,39,3.805881552400303e-05
1,B_svc,2,0.17032238707539926,67,0.17063268182808,MAP_PMU,39,0.0003102947526807398
2,UPFC_Vsh,5-15,1.1115037073447123,67,1.1083919092205516,MAP_PMU,39,0.003111798124160625
3,UPFC_tsh,5-15,-0.238789126562634,67,-0.23894186672585602,MAP_PMU,39,0.0001527401632220038
4,UPFC_Vse,5-15,0.059495423270298706,67,0.06353665562006047,MAP_PMU,39,0.004041232349761767
5,UPFC_tse,5-15,-2.1431545320965775,67,-2.1957153499703965,MAP_PMU,39,0.052560817873819055
0,x_tcsc,1-14,-0.10285733628739663,68,-0.10282084727769869,MAP_PMU,39,3.648900969793756e-05
1,B_svc,2,0.17082411358199096,68,0.17063268182808,MAP_PMU,39,0.00019143175391095335
2,UPFC_Vsh,5-15,1.1117821958239673,68,1.1083919092205516,MAP_PMU,39,0.003390286603415671
3,UPFC_tsh,5-15,-0.23876470791033114,68,-0.23894186672585602,MAP_PMU,39,0.00017715881552488044
4,UPFC_Vse,5-15,0.059663570792842305,68,0.06353665562006047,MAP_PMU,39,0.003873084827218168
5,UPFC_tse,5-15,-2.138477816951547,68,-2.1957153499703965,MAP_PMU,39,0.05723753301884971
0,x_tcsc,1-14,-0.10289068884463186,69,-0.10282084727769869,MAP_PMU,39,6.984156693316812e-05
1,B_svc,2,0.17112275108098712,69,0.17063268182808,MAP_PMU,39,0.0004900692529071216
2,UPFC_Vsh,5-15,1.1114051566841556,69,1.1083919092205516,MAP_PMU,39,0.003013247463603985
3,UPFC_tsh,5-15,-0.2386979959977591,69,-0.23894186672585602,MAP_PMU,39,0.00024387072809692323
4,UPFC_Vse,5-15,0.05907562410223855,69,0.06353665562006047,MAP_PMU,39,0.0044610315178219215
5,UPFC_tse,5-15,-2.1322516367823034,69,-2.1957153499703965,MAP_PMU,39,0.06346371318809307
0,x_tcsc,1-14,-0.10292544228010114,70,-0.10282084727769869,MAP_PMU,39,0.00010459500240245223
1,B_svc,2,0.17038518448025672,70,0.17063268182808,MAP_PMU,39,0.00024749734782328336
2,UPFC_Vsh,5-15,1.111526010841398,70,1.1083919092205516,MAP_PMU,39,0.0031341016208463746
3,UPFC_tsh,5-15,-0.23864336617129375,70,-0.23894186672585602,MAP_PMU,39,0.0002985005545622643
4,UPFC_Vse,5-15,0.05960283824981138,70,0.06353665562006047,MAP_PMU,39,0.0039338173702490944
5,UPFC_tse,5-15,-2.125046478418806,70,-2.1957153499703965,MAP_PMU,39,0.0706688715515904
0,x_tcsc,1-14,-0.10286300299888383,71,-0.10282084727769869,MAP_PMU,39,4.215572118514144e-05
1,B_svc,2,0.17051172781893753,71,0.17063268182808,MAP_PMU,39,0.00012095400914247101
2,UPFC_Vsh,5-15,1.1117240796377783,71,1.1083919092205516,MAP_PMU,39,0.0033321704172266653
3,UPFC_tsh,5-15,-0.23872957728160357,71,-0.23894186672585602,MAP_PMU,39,0.00021228944425244478
4,UPFC_Vse,5-15,0.059513742379517155,71,0.06353665562006047,MAP_PMU,39,0.004022913240543317
5,UPFC_tse,5-15,-2.1369605309178343,71,-2.1957153499703965,MAP_PMU,39,0.05875481905256219
0,x_tcsc,1-14,-0.10289028892083144,72,-0.10282084727769869,MAP_PMU,39,6.944164313274492e-05
1,B_svc,2,0.17107232795531616,72,0.17063268182808,MAP_PMU,39,0.00043964612723615404
2,UPFC_Vsh,5-15,1.1115933558147781,72,1.1083919092205516,MAP_PMU,39,0.003201446594226498
3,UPFC_tsh,5-15,-0.2388285356938422,72,-0.23894186672585602,MAP_PMU,39,0.00011333103201383032
4,UPFC_Vse,5-15,0.05951815082971577,72,0.06353665562006047,MAP_PMU,39,0.0040185047903447055
5,UPFC_tse,5-15,-2.1471954458559273,72,-2.1957153499703965,MAP_PMU,39,0.04851990411446927
0,x_tcsc,1-14,-0.1029030078263541,73,-0.10282084727769869,MAP_PMU,39,8.216054865541056e-05
1,B_svc,2,0.17067851818639448,73,0.17063268182808,MAP_PMU,39,4.583635831448274e-05
2,UPFC_Vsh,5-15,1.1117091080837571,73,1.1083919092205516,MAP_PMU,39,0.0033171988632054727
3,UPFC_tsh,5-15,-0.23876619561846077,73,-0.23894186672585602,MAP_PMU,39,0.00017567110739524772
4,UPFC_Vse,5-15,0.05932904036358552,73,0.06353665562006047,MAP_PMU,39,0.00420761525647495
5,UPFC_tse,5-15,-2.139789663991729,73,-2.1957153499703965,MAP_PMU,39,0.05592568597866743
0,x_tcsc,1-14,-0.10285754905634112,74,-0.10282084727769869,MAP_PMU,39,3.6701778642428406e-05
1,B_svc,2,0.17074083800810308,74,0.17063268182808,MAP_PMU,39,0.00010815618002307792
2,UPFC_Vsh,5-15,1.111651749733604,74,1.1083919092205516,MAP_PMU,39,0.003259840513052392
3,UPFC_tsh,5-15,-0.23880153431998094,74,-0.23894186672585602,MAP_PMU,39,0.00014033240587507656
4,UPFC_Vse,5-15,0.059473623656411206,74,0.06353665562006047,MAP_PMU,39,0.004063031963649266
5,UPFC_tse,5-15,-2.132040270234731,74,-2.1957153499703965,MAP_PMU,39,0.06367507973566555
0,x_tcsc,1-14,-0.10283823569588176,75,-0.10282084727769869,MAP_PMU,39,1.738841818306469e-05
1,B_svc,2,0.17054671553362805,75,0.17063268182808,MAP_PMU,39,8.59662944519557e-05
2,UPFC_Vsh,5-15,1.1116557910603841,75,1.1083919092205516,MAP_PMU,39,0.0032638818398325053
3,UPFC_tsh,5-15,-0.23875553998651639,75,-0.23894186672585602,MAP_PMU,39,0.00018632673933963173
4,UPFC_Vse,5-15,0.05936614452999624,75,0.06353665562006047,MAP_PMU,39,0.004170511090064236
5,UPFC_tse,5-15,-2.122567103476618,75,-2.1957153499703965,MAP_PMU,39,0.07314824649377849
0,x_tcsc,1-14,-0.10293127493086078,76,-0.10282084727769869,MAP_PMU,39,0.00011042765316209013
1,B_svc,2,0.17103666505635148,76,0.17063268182808,MAP_PMU,39,0.0004039832282714817
2,UPFC_Vsh,5-15,1.1116995054284389,76,1.1083919092205516,MAP_PMU,39,0.003307596207887231
3,UPFC_tsh,5-15,-0.2387419118085536,76,-0.23894186672585602,MAP_PMU,39,0.00019995491730243065
4,UPFC_Vse,5-15,0.059673570884860236,76,0.06353665562006047,MAP_PMU,39,0.0038630847352002368
5,UPFC_tse,5-15,-2.1408774587330814,76,-2.1957153499703965,MAP_PMU,39,0.054837891237315084
0,x_tcsc,1-14,-0.10287721562355247,77,-0.10282084727769869,MAP_PMU,39,5.636834585377726e-05
1,B_svc,2,0.1708476259299624,77,0.17063268182808,MAP_PMU,39,0.0002149441018823861
2,UPFC_Vsh,5-15,1.1113911616287862,77,1.1083919092205516,MAP_PMU,39,0.0029992524082345096
3,UPFC_tsh,5-15,-0.23879417220884316,77,-0.23894186672585602,MAP_PMU,39,0.00014769451701285297
4,UPFC_Vse,5-15,0.05962087257187847,77,0.06353665562006047,MAP_PMU,39,0.003915783048182006
5,UPFC_tse,5-15,-2.1273063079819186,77,-2.1957153499703965,MAP_PMU,39,0.06840904198847797
0,x_tcsc,1-14,-0.10296227855282614,78,-0.10282084727769869,MAP_PMU,39,0.00014143127512744602
1,B_svc,2,0.17049154457658836,78,0.17063268182808,MAP_PMU,39,0.00014113725149164646
2,UPFC_Vsh,5-15,1.1110802108544484,78,1.1083919092205516,MAP_PMU,39,0.0026883016338967725
3,UPFC_tsh,5-15,-0.23876140264010348,78,-0.23894186672585602,MAP_PMU,39,0.00018046408575253525
4,UPFC_Vse,5-15,0.059765818670075806,78,0.06353665562006047,MAP_PMU,39,0.003770836949984667
5,UPFC_tse,5-15,-2.1420621715799943,78,-2.1957153499703965,MAP_PMU,39,0.05365317839040218
0,x_tcsc,1-14,-0.1029091315462862,79,-0.10282084727769869,MAP_PMU,39,8.828426858750738e-05
1,B_svc,2,0.17067476883525834,79,0.17063268182808,MAP_PMU,39,4.2087007178337466e-05
2,UPFC_Vsh,5-15,1.111680479375519,79,1.1083919092205516,MAP_PMU,39,0.0032885701549674184
3,UPFC_tsh,5-15,-0.23877815093779803,79,-0.23894186672585602,MAP_PMU,39,0.0001637157880579887
4,UPFC_Vse,5-15,0.05922051716262455,79,0.06353665562006047,MAP_PMU,39,0.00431613845743592
5,UPFC_tse,5-15,-2.1292817457381723,79,-2.1957153499703965,MAP_PMU,39,0.06643360423222422
0,x_tcsc,1-14,-0.10293779916449274,80,-0.10282084727769869,MAP_PMU,39,0.000116951886794045
1,B_svc,2,0.17060614770780502,80,0.17063268182808,MAP_PMU,39,2.6534120274979145e-05
2,UPFC_Vsh,5-15,1.1117503544920642,80,1.1083919092205516,MAP_PMU,39,0.0033584452715125224
3,UPFC_tsh,5-15,-0.23876867986166128,80,-0.23894186672585602,MAP_PMU,39,0.0001731868641947354
4,UPFC_Vse,5-15,0.05947494842860743,80,0.06353665562006047,MAP_PMU,39,0.004061707191453046
5,UPFC_tse,5-15,-2.1365624871139883,80,-2.1957153499703965,MAP_PMU,39,0.059152862856408195
0,x_tcsc,1-14,-0.10291774349267359,81,-0.10282084727769869,MAP_PMU,39,9.689621497489809e-05
1,B_svc,2,0.1706455128328651,81,0.17063268182808,MAP_PMU,39,1.283100478510768e-05
2,UPFC_Vsh,5-15,1.1114521958000494,81,1.1083919092205516,MAP_PMU,39,0.0030602865794977507
3,UPFC_tsh,5-15,-0.23871646720791673,81,-0.23894186672585602,MAP_PMU,39,0.0002253995179392898
4,UPFC_Vse,5-15,0.05896601627576139,81,0.06353665562006047,MAP_PMU,39,0.004570639344299084
5,UPFC_tse,5-15,-2.132864779158038,81,-2.1957153499703965,MAP_PMU,39,0.06285057081235834
0,x_tcsc,1-14,-0.10290896377339537,82,-0.10282084727769869,MAP_PMU,39,8.811649569667734e-05
1,B_svc,2,0.1708076128800738,82,0.17063268182808,MAP_PMU,39,0.00017493105199378745
2,UPFC_Vsh,5-15,1.1110794570610139,82,1.1083919092205516,MAP_PMU,39,0.002687547840462212
3,UPFC_tsh,5-15,-0.23879894576435026,82,-0.23894186672585602,MAP_PMU,39,0.00014292096150575473
4,UPFC_Vse,5-15,0.0595569019156056,82,0.06353665562006047,MAP_PMU,39,0.003979753704454872
5,UPFC_tse,5-15,-2.1480460458983144,82,-2.1957153499703965,MAP_PMU,39,0.04766930407208214
0,x_tcsc,1-14,-0.10288501502908758,83,-0.10282084727769869,MAP_PMU,39,6.416775138888553e-05
1,B_svc,2,0.17115891656341484,83,0.17063268182808,MAP_PMU,39,0.0005262347353348351
2,UPFC_Vsh,5-15,1.1116757125989758,83,1.1083919092205516,MAP_PMU,39,0.003283803378424155
3,UPFC_tsh,5-15,-0.2387424780612,83,-0.23894186672585602,MAP_PMU,39,0.00019938866465601945
4,UPFC_Vse,5-15,0.0594505873454889,83,0.06353665562006047,MAP_PMU,39,0.004086068274571572
5,UPFC_tse,5-15,-2.139859723300211,83,-2.1957153499703965,MAP_PMU,39,0.05585562667018573
0,x_tcsc,1-14,-0.10291511558895368,84,-0.10282084727769869,MAP_PMU,39,9.426831125498858e-05
1,B_svc,2,0.17068447511804927,84,0.17063268182808,MAP_PMU,39,5.1793289969265244e-05
2,UPFC_Vsh,5-15,1.1116331330702058,84,1.1083919092205516,MAP_PMU,39,0.0032412238496541956
3,UPFC_tsh,5-15,-0.2387462805303384,84,-0.23894186672585602,MAP_PMU,39,0.00019558619551762746
4,UPFC_Vse,5-15,0.05966262970858127,84,0.06353665562006047,MAP_PMU,39,0.003874025911479201
5,UPFC_tse,5-15,-2.131641376508715,84,-2.1957153499703965,MAP_PMU,39,0.06407397346168153
0,x_tcsc,1-14,-0.1028710800410383,85,-0.10282084727769869,MAP_PMU,39,5.023276333961102e-05
1,B_svc,2,0.17059713289367076,85,0.17063268182808,MAP_PMU,39,3.5548934409240784e-05
2,UPFC_Vsh,5-15,1.1114543906234273,85,1.1083919092205516,MAP_PMU,39,0.003062481402875683
3,UPFC_tsh,5-15,-0.23881065065608217,85,-0.23894186672585602,MAP_PMU,39,0.00013121606977384292
4,UPFC_Vse,5-15,0.05946874786220239,85,0.06353665562006047,MAP_PMU,39,0.004067907757858084
5,UPFC_tse,5-15,-2.1366209186903293,85,-2.1957153499703965,MAP_PMU,39,0.059094431280067194
0,x_tcsc,1-14,-0.1028736652743406,86,-0.10282084727769869,MAP_PMU,39,5.281799664190456e-05
1,B_svc,2,0.17066840096004396,86,0.17063268182808,MAP_PMU,39,3.571913196395715e-05
2,UPFC_Vsh,5-15,1.1118235388159112,86,1.1083919092205516,MAP_PMU,39,0.0034316295953595866
3,UPFC_tsh,5-15,-0.23871559207022527,86,-0.23894186672585602,MAP_PMU,39,0.00022627465563074267
4,UPFC_Vse,5-15,0.05951343255727795,86,0.06353665562006047,MAP_PMU,39,0.004023223062782522
5,UPFC_tse,5-15,-2.1346590137368615,86,-2.1957153499703965,MAP_PMU,39,0.061056336233535013
0,x_tcsc,1-14,-0.10292372409998496,87,-0.10282084727769869,MAP_PMU,39,0.0001028768222862686
1,B_svc,2,0.17076721485073343,87,0.17063268182808,MAP_PMU,39,0.00013453302265342693
2,UPFC_Vsh,5-15,1.1116419001790763,87,1.1083919092205516,MAP_PMU,39,0.003249990958524629
3,UPFC_tsh,5-15,-0.23879587439871466,87,-0.23894186672585602,MAP_PMU,39,0.00014599232714135324
4,UPFC_Vse,5-15,0.05908922079938341,87,0.06353665562006047,MAP_PMU,39,0.004447434820677061
5,UPFC_tse,5-15,-2.138118175295125,87,-2.1957153499703965,MAP_PMU,39,0.05759717467527148
0,x_tcsc,1-14,-0.10289046070405657,88,-0.10282084727769869,MAP_PMU,39,6.961342635787571e-05
1,B_svc,2,0.1713066392101062,88,0.17063268182808,MAP_PMU,39,0.0006739573820261913
2,UPFC_Vsh,5-15,1.1117016249659,88,1.1083919092205516,MAP_PMU,39,0.0033097157453483295
3,UPFC_tsh,5-15,-0.23877539227929667,88,-0.23894186672585602,MAP_PMU,39,0.00016647444655934485
4,UPFC_Vse,5-15,0.059244370702334605,88,0.06353665562006047,MAP_PMU,39,0.004292284917725868
5,UPFC_tse,5-15,-2.135011763141904,88,-2.1957153499703965,MAP_PMU,39,0.06070358682849264
0,x_tcsc,1-14,-0.10290016050627383,89,-0.10282084727769869,MAP_PMU,39,7.931322857514245e-05
1,B_svc,2,0.17063079648698262,89,0.17063268182808,MAP_PMU,39,1.8853410973795892e-06
2,UPFC_Vsh,5-15,1.1120169134954856,89,1.1083919092205516,MAP_PMU,39,0.0036250042749339517
3,UPFC_tsh,5-15,-0.23873373767785133,89,-0.23894186672585602,MAP_PMU,39,0.0002081290480046849
4,UPFC_Vse,5-15,0.05910723432482934,89,0.06353665562006047,MAP_PMU,39,0.004429421295231134
5,UPFC_tse,5-15,-2.13451482113078,89,-2.1957153499703965,MAP_PMU,39,0.061200528839616464
0,x_tcsc,1-14,-0.10293303690342819,90,-0.10282084727769869,MAP_PMU,39,0.00011218962572949465
1,B_svc,2,0.17035885296095876,90,0.17063268182808,MAP_PMU,39,0.00027382886712123966
2,UPFC_Vsh,5-15,1.1112602329918402,90,1.1083919092205516,MAP_PMU,39,0.002868323771288539
3,UPFC_tsh,5-15,-0.23877288844970843,90,-0.23894186672585602,MAP_PMU,39,0.0001689782761475911
4,UPFC_Vse,5-15,0.059557386183374174,90,0.06353665562006047,MAP_PMU,39,0.003979269436686299
5,UPFC_tse,5-15,-2.1332437547175767,90,-2.1957153499703965,MAP_PMU,39,0.06247159525281987
0,x_tcsc,1-14,-0.10288130538296238,91,-0.10282084727769869,MAP_PMU,39,6.0458105263686e-05
1,B_svc,2,0.17063570470285072,91,0.17063268182808,MAP_PMU,39,3.022874770719497e-06
2,UPFC_Vsh,5-15,1.1114505695767285,91,1.1083919092205516,MAP_PMU,39,0.0030586603561768566
3,UPFC_tsh,5-15,-0.23881967884239608,91,-0.23894186672585602,MAP_PMU,39,0.00012218788345993992
4,UPFC_Vse,5-15,0.059342927802985314,91,0.06353665562006047,MAP_PMU,39,0.004193727817075159
5,UPFC_tse,5-15,-2.137980027576733,91,-2.1957153499703965,MAP_PMU,39,0.05773532239366341
0,x_tcsc,1-14,-0.10293806946946976,92,-0.10282084727769869,MAP_PMU,39,0.0001172221917710714
1,B_svc,2,0.17059570644530983,92,0.17063268182808,MAP_PMU,39,3.697538277017132e-05
2,UPFC_Vsh,5-15,1.1115871635887358,92,1.1083919092205516,MAP_PMU,39,0.0031952543681841306
3,UPFC_tsh,5-15,-0.23881293265397555,92,-0.23894186672585602,MAP_PMU,39,0.000128934071880471
4,UPFC_Vse,5-15,0.06007020620229176,92,0.06353665562006047,MAP_PMU,39,0.003466449417768712
5,UPFC_tse,5-15,-2.134279410100194,92,-2.1957153499703965,MAP_PMU,39,0.06143593987020246
0,x_tcsc,1-14,-0.10289179963477821,93,-0.10282084727769869,MAP_PMU,39,7.095235707951786e-05
1,B_svc,2,0.1703639048241132,93,0.17063268182808,MAP_PMU,39,0.00026877700396679693
2,UPFC_Vsh,5-15,1.1114628823430133,93,1.1083919092205516,MAP_PMU,39,0.003070973122461629
3,UPFC_tsh,5-15,-0.23876411684820895,93,-0.23894186672585602,MAP_PMU,39,0.00017774987764707095
4,UPFC_Vse,5-15,0.05993025505629134,93,0.06353665562006047,MAP_PMU,39,0.0036064005637691313
5,UPFC_tse,5-15,-2.1352803771774043,93,-2.1957153499703965,MAP_PMU,39,0.06043497279299226
0,x_tcsc,1-14,-0.10294397003067914,94,-0.10282084727769869,MAP_PMU,39,0.00012312275298044517
1,B_svc,2,0.17028247704743157,94,0.17063268182808,MAP_PMU,39,0.00035020478064842764
2,UPFC_Vsh,5-15,1.1115616705497615,94,1.1083919092205516,MAP_PMU,39,0.0031697613292098747
3,UPFC_tsh,5-15,-0.2387186674921712,94,-0.23894186672585602,MAP_PMU,39,0.00022319923368482875
4,UPFC_Vse,5-15,0.058961208146645135,94,0.06353665562006047,MAP_PMU,39,0.004575447473415338
5,UPFC_tse,5-15,-2.1344662307019315,94,-2.1957153499703965,MAP_PMU,39,0.06124911926846499
0,x_tcsc,1-14,-0.10289330686340725,95,-0.10282084727769869,MAP_PMU,39,7.245958570856192e-05
1,B_svc,2,0.17065358848150838,95,0.17063268182808,MAP_PMU,39,2.0906653428381938e-05
2,UPFC_Vsh,5-15,1.1113788366418595,95,1.1083919092205516,MAP_PMU,39,0.0029869274213079056
3,UPFC_tsh,5-15,-0.23874018881635975,95,-0.23894186672585602,MAP_PMU,39,0.0002016779094962673
4,UPFC_Vse,5-15,0.05991749606552602,95,0.06353665562006047,MAP_PMU,39,0.00361915955453445
5,UPFC_tse,5-15,-2.1415441132486888,95,-2.1957153499703965,MAP_PMU,39,0.05417123672170776
0,x_tcsc,1-14,-0.10292300544789292,96,-0.10282084727769869,MAP_PMU,39,0.0001021581701942248
1,B_svc,2,0.1702398978389545,96,0.17063268182808,MAP_PMU,39,0.0003927839891255114
2,UPFC_Vsh,5-15,1.111099455029976,96,1.1083919092205516,MAP_PMU,39,0.0027075458094243388
3,UPFC_tsh,5-15,-0.2387656171379803,96,-0.23894186672585602,MAP_PMU,39,0.00017624958787570977
4,UPFC_Vse,5-15,0.05914918357779845,96,0.06353665562006047,MAP_PMU,39,0.004387472042262024
5,UPFC_tse,5-15,-2.1533663104282255,96,-2.1957153499703965,MAP_PMU,39,0.04234903954217106
0,x_tcsc,1-14,-0.10294511303906048,97,-0.10282084727769869,MAP_PMU,39,0.00012426576136179146
1,B_svc,2,0.17101702621132484,97,0.17063268182808,MAP_PMU,39,0.00038434438324483344
2,UPFC_Vsh,5-15,1.1114029591993928,97,1.1083919092205516,MAP_PMU,39,0.0030110499788411627
3,UPFC_tsh,5-15,-0.2388499040047884,97,-0.23894186672585602,MAP_PMU,39,9.196272106762327e-05
4,UPFC_Vse,5-15,0.059821292591752284,97,0.06353665562006047,MAP_PMU,39,0.0037153630283081884
5,UPFC_tse,5-15,-2.135133779426716,97,-2.1957153499703965,MAP_PMU,39,0.06058157054368074
0,x_tcsc,1-14,-0.10294655153106592,98,-0.10282084727769869,MAP_PMU,39,0.00012570425336723423
1,B_svc,2,0.17055794519544468,98,0.17063268182808,MAP_PMU,39,7.473663263532493e-05
2,UPFC_Vsh,5-15,1.1116319238678074,98,1.1083919092205516,MAP_PMU,39,0.0032400146472557623
3,UPFC_tsh,5-15,-0.2387304554456311,98,-0.23894186672585602,MAP_PMU,39,0.00021141128022492128
4,UPFC_Vse,5-15,0.059395923471430065,98,0.06353665562006047,MAP_PMU,39,0.004140732148630408
5,UPFC_tse,5-15,-2.1393179094580335,98,-2.1957153499703965,MAP_PMU,39,0.05639744051236306
0,x_tcsc,1-14,-0.10290531748878082,99,-0.10282084727769869,MAP_PMU,39,8.447021108212716e-05
1,B_svc,2,0.17097061766203178,99,0.17063268182808,MAP_PMU,39,0.0003379358339517802
2,UPFC_Vsh,5-15,1.111603444576652,99,1.1083919092205516,MAP_PMU,39,0.0032115353561004145
3,UPFC_tsh,5-15,-0.23879485120551605,99,-0.23894186672585602,MAP_PMU,39,0.0001470155203399659
4,UPFC_Vse,5-15,0.06012250357216096,99,0.06353665562006047,MAP_PMU,39,0.0034141520478995144
5,UPFC_tse,5-15,-2.1358457303476595,99,-2.1957153499703965,MAP_PMU,39,0.05986961962273707
0,x_tcsc,1-14,-0.10178472295263022,0,-0.10177440226193647,MAP_PMU,41,1.0320690693746415e-05
1,B_svc,2,0.16920884530430028,0,0.1696304623584784,MAP_PMU,41,0.00042161705417811945
2,UPFC_Vsh,5-15,1.1088680102100368,0,1.1093945489559667,MAP_PMU,41,0.0005265387459298942
3,UPFC_tsh,5-15,-0.24013152646376357,0,-0.24013954761767484,MAP_PMU,41,8.021153911269563e-06
4,UPFC_Vse,5-15,0.06317468687873018,0,0.06329343109216622,MAP_PMU,41,0.0001187442134360367
5,UPFC_tse,5-15,-2.189627742943054,0,-2.191750636357216,MAP_PMU,41,0.0021228934141621636
0,x_tcsc,1-14,-0.10178883623309376,1,-0.10177440226193647,MAP_PMU,41,1.4433971157287728e-05
1,B_svc,2,0.1694334773706738,1,0.1696304623584784,MAP_PMU,41,0.00019698498780459928
2,UPFC_Vsh,5-15,1.108638505574,1,1.1093945489559667,MAP_PMU,41,0.0007560433819666645
3,UPFC_tsh,5-15,-0.240123081878776,1,-0.24013954761767484,MAP_PMU,41,1.64657388988243e-05
4,UPFC_Vse,5-15,0.0636602199703955,1,0.06329343109216622,MAP_PMU,41,0.00036678887822928774
5,UPFC_tse,5-15,-2.1930383722935423,1,-2.191750636357216,MAP_PMU,41,0.0012877359363261398
0,x_tcsc,1-14,-0.10177135931337614,2,-0.10177440226193647,MAP_PMU,41,3.042948560336156e-06
1,B_svc,2,0.16949945151833148,2,0.1696304623584784,MAP_PMU,41,0.00013101084014691122
2,UPFC_Vsh,5-15,1.1090973728169453,2,1.1093945489559667,MAP_PMU,41,0.0002971761390213601
3,UPFC_tsh,5-15,-0.24005588843098857,2,-0.24013954761767484,MAP_PMU,41,8.365918668626349e-05
4,UPFC_Vse,5-15,0.06291003694155763,2,0.06329343109216622,MAP_PMU,41,0.0003833941506085903
5,UPFC_tse,5-15,-2.1833441231270547,2,-2.191750636357216,MAP_PMU,41,0.008406513230161394
0,x_tcsc,1-14,-0.10177824376882993,3,-0.10177440226193647,MAP_PMU,41,3.841506893462188e-06
1,B_svc,2,0.16980943468271725,3,0.1696304623584784,MAP_PMU,41,0.00017897232423885745
2,UPFC_Vsh,5-15,1.1083280118683854,3,1.1093945489559667,MAP_PMU,41,0.0010665370875813096
3,UPFC_tsh,5-15,-0.24019972151910057,3,-0.24013954761767484,MAP_PMU,41,6.017390142573631e-05
4,UPFC_Vse,5-15,0.06373133325584958,3,0.06329343109216622,MAP_PMU,41,0.00043790216368336243
5,UPFC_tse,5-15,-2.1974439459489634,3,-2.191750636357216,MAP_PMU,41,0.0056933095917472976
0,x_tcsc,1-14,-0.10180008867824304,4,-0.10177440226193647,MAP_PMU,41,2.5686416306569537e-05
1,B_svc,2,0.16977171170923874,4,0.1696304623584784,MAP_PMU,41,0.0001412493507603474
2,UPFC_Vsh,5-15,1.1087182754225136,4,1.1093945489559667,MAP_PMU,41,0.00067627353345312
3,UPFC_tsh,5-15,-0.24014472028027503,4,-0.24013954761767484,MAP_PMU,41,5.172662600194666e-06
4,UPFC_Vse,5-15,0.0627236309022458,4,0.06329343109216622,MAP_PMU,41,0.0005698001899204219
5,UPFC_tse,5-15,-2.1945159677321335,4,-2.191750636357216,MAP_PMU,41,0.0027653313749174124
0,x_tcsc,1-14,-0.10177654650755905,5,-0.10177440226193647,MAP_PMU,41,2.1442456225734263e-06
1,B_svc,2,0.16955751234834923,5,0.1696304623584784,MAP_PMU,41,7.295001012916358e-05
2,UPFC_Vsh,5-15,1.1086810106282787,5,1.1093945489559667,MAP_PMU,41,0.0007135383276879459
3,UPFC_tsh,5-15,-0.2401938345629715,5,-0.24013954761767484,MAP_PMU,41,5.4286945296661004e-05
4,UPFC_Vse,5-15,0.06333088169702492,5,0.06329343109216622,MAP_PMU,41,3.745060485869922e-05
5,UPFC_tse,5-15,-2.1985398828673133,5,-2.191750636357216,MAP_PMU,41,0.006789246510097158
0,x_tcsc,1-14,-0.10177383387694018,6,-0.10177440226193647,MAP_PMU,41,5.683849962911935e-07
1,B_svc,2,0.16932429494885595,6,0.1696304623584784,MAP_PMU,41,0.00030616740962244315
2,UPFC_Vsh,5-15,1.108929477750359,6,1.1093945489559667,MAP_PMU,41,0.0004650712056075701
3,UPFC_tsh,5-15,-0.2401571347367176,6,-0.24013954761767484,MAP_PMU,41,1.7587119042761223e-05
4,UPFC_Vse,5-15,0.06269262896974491,6,0.06329343109216622,MAP_PMU,41,0.0006008021224213067
5,UPFC_tse,5-15,-2.1920837113289906,6,-2.191750636357216,MAP_PMU,41,0.000333074971774483
0,x_tcsc,1-14,-0.10177285961983429,7,-0.10177440226193647,MAP_PMU,41,1.542642102184133e-06
1,B_svc,2,0.16965058339987124,7,0.1696304623584784,MAP_PMU,41,2.012104139284543e-05
2,UPFC_Vsh,5-15,1.108742085984077,7,1.1093945489559667,MAP_PMU,41,0.0006524629718895891
3,UPFC_tsh,5-15,-0.24013246760885026,7,-0.24013954761767484,MAP_PMU,41,7.080008824572603e-06
4,UPFC_Vse,5-15,0.06278942642870497,7,0.06329343109216622,MAP_PMU,41,0.0005040046634612466
5,UPFC_tse,5-15,-2.181426614527303,7,-2.191750636357216,MAP_PMU,41,0.01032402182991321
0,x_tcsc,1-14,-0.1018028202631282,8,-0.10177440226193647,MAP_PMU,41,2.8418001191729547e-05
1,B_svc,2,0.16961002442272954,8,0.1696304623584784,MAP_PMU,41,2.0437935748851555e-05
2,UPFC_Vsh,5-15,1.1085350942971657,8,1.1093945489559667,MAP_PMU,41,0.0008594546588009955
3,UPFC_tsh,5-15,-0.24013104377592867,8,-0.24013954761767484,MAP_PMU,41,8.503841746165808e-06
4,UPFC_Vse,5-15,0.06371573629685741,8,0.06329343109216622,MAP_PMU,41,0.00042230520469119237
5,UPFC_tse,5-15,-2.193489873904676,8,-2.191750636357216,MAP_PMU,41,0.0017392375474600819
0,x_tcsc,1-14,-0.10177098038712981,9,-0.10177440226193647,MAP_PMU,41,3.421874806661118e-06
1,B_svc,2,0.1694657742290979,9,0.1696304623584784,MAP_PMU,41,0.00016468812938050248
2,UPFC_Vsh,5-15,1.1088158452246173,9,1.1093945489559667,MAP_PMU,41,0.0005787037313493837
3,UPFC_tsh,5-15,-0.24012346795545814,9,-0.24013954761767484,MAP_PMU,41,1.607966221670032e-05
4,UPFC_Vse,5-15,0.0628409928068529,9,0.06329343109216622,MAP_PMU,41,0.0004524382853133141
5,UPFC_tse,5-15,-2.1910729878664434,9,-2.191750636357216,MAP_PMU,41,0.0006776484907726754
0,x_tcsc,1-14,-0.10176860364103947,10,-0.10177440226193647,MAP_PMU,41,5.798620897001783e-06
1,B_svc,2,0.16962900690945532,10,0.1696304623584784,MAP_PMU,41,1.4554490230800354e-06
2,UPFC_Vsh,5-15,1.1084056729145113,10,1.1093945489559667,MAP_PMU,41,0.0009888760414553666
3,UPFC_tsh,5-15,-0.2401405432810585,10,-0.24013954761767484,MAP_PMU,41,9.95663383657197e-07
4,UPFC_Vse,5-15,0.06347343652541125,10,0.06329343109216622,MAP_PMU,41,0.00018000543324503404
5,UPFC_tse,5-15,-2.18810782828968,10,-2.191750636357216,MAP_PMU,41,0.0036428080675361407
0,x_tcsc,1-14,-0.10178278904432693,11,-0.10177440226193647,MAP_PMU,41,8.386782390457093e-06
1,B_svc,2,0.16998460328971798,11,0.1696304623584784,MAP_PMU,41,0.00035414093123958823
2,UPFC_Vsh,5-15,1.1084340231216276,11,1.1093945489559667,MAP_PMU,41,0.0009605258343390322
3,UPFC_tsh,5-15,-0.2401441274400023,11,-0.24013954761767484,MAP_PMU,41,4.579822327460681e-06
4,UPFC_Vse,5-15,0.06332571093604834,11,0.06329343109216622,MAP_PMU,41,3.227984388212701e-05
5,UPFC_tse,5-15,-2.1877047320565426,11,-2.191750636357216,MAP_PMU,41,0.004045904300673531
0,x_tcsc,1-14,-0.10178684500934228,12,-0.10177440226193647,MAP_PMU,41,1.244274740580531e-05
1,B_svc,2,0.16942090466381496,12,0.1696304623584784,MAP_PMU,41,0.000209557694663437
2,UPFC_Vsh,5-15,1.1086222546700324,12,1.1093945489559667,MAP_PMU,41,0.000772294285934283
3,UPFC_tsh,5-15,-0.2401277160919541,12,-0.24013954761767484,MAP_PMU,41,1.1831525720734648e-05
4,UPFC_Vse,5-15,0.06393303659157344,12,0.06329343109216622,MAP_PMU,41,0.0006396054994072253
5,UPFC_tse,5-15,-2.1873156084097425,12,-2.191750636357216,MAP_PMU,41,0.004435027947473635
0,x_tcsc,1-14,-0.1017792529768631,13,-0.10177440226193647,MAP_PMU,41,4.850714926632471e-06
1,B_svc,2,0.16981143235908866,13,0.1696304623584784,MAP_PMU,41,0.00018097000061026436
2,UPFC_Vsh,5-15,1.1087094356236282,13,1.1093945489559667,MAP_PMU,41,0.0006851133323384495
3,UPFC_tsh,5-15,-0.24013889147668055,13,-0.24013954761767484,MAP_PMU,41,6.561409942873464e-07
4,UPFC_Vse,5-15,0.06283576223564312,13,0.06329343109216622,MAP_PMU,41,0.00045766885652309686
5,UPFC_tse,5-15,-2.1971417209159947,13,-2.191750636357216,MAP_PMU,41,0.005391084558778569
0,x_tcsc,1-14,-0.10177159732253384,14,-0.10177440226193647,MAP_PMU,41,2.8049394026341545e-06
1,B_svc,2,0.16937447306202635,14,0.1696304623584784,MAP_PMU,41,0.0002559892964520416
2,UPFC_Vsh,5-15,1.1084709741054894,14,1.1093945489559667,MAP_PMU,41,0.0009235748504772268
3,UPFC_tsh,5-15,-0.24022941259925665,14,-0.24013954761767484,MAP_PMU,41,8.986498158181089e-05
4,UPFC_Vse,5-15,0.06325805497509629,14,0.06329343109216622,MAP_PMU,41,3.537611706992683e-05
5,UPFC_tse,5-15,-2.197307695646328,14,-2.191750636357216,MAP_PMU,41,0.005557059289111876
0,x_tcsc,1-14,-0.10176900999896728,15,-0.10177440226193647,MAP_PMU,41,5.3922629691949275e-06
1,B_svc,2,0.16931729754449204,15,0.1696304623584784,MAP_PMU,41,0.0003131648139863552
2,UPFC_Vsh,5-15,1.108709163896054,15,1.1093945489559667,MAP_PMU,41,0.0006853850599126687
3,UPFC_tsh,5-15,-0.24019054946441687,15,-0.24013954761767484,MAP_PMU,41,5.1001846742032564e-05
4,UPFC_Vse,5-15,0.06329448090882746,15,0.06329343109216622,MAP_PMU,41,1.0498166612415982e-06
5,UPFC_tse,5-15,-2.1992908680145224,15,-2.191750636357216,MAP_PMU,41,0.007540231657306329
0,x_tcsc,1-14,-0.10177534023568327,16,-0.10177440226193647,MAP_PMU,41,9.379737467979377e-07
1,B_svc,2,0.16969260536472552,16,0.1696304623584784,MAP_PMU,41,6.214300624712843e-05
2,UPFC_Vsh,5-15,1.1089464898239385,16,1.1093945489559667,MAP_PMU,41,0.00044805913202816683
3,UPFC_tsh,5-15,-0.2400797828186265,16,-0.24013954761767484,MAP_PMU,41,5.9764799048345196e-05
4,UPFC_Vse,5-15,0.06237107906163279,16,0.06329343109216622,MAP_PMU,41,0.0009223520305334243
5,UPFC_tse,5-15,-2.188574613562403,16,-2.191750636357216,MAP_PMU,41,0.0031760227948129938
0,x_tcsc,1-14,-0.10179258533197368,17,-0.10177440226193647,MAP_PMU,41,1.818307003720321e-05
1,B_svc,2,0.16983011053940214,17,0.1696304623584784,MAP_PMU,41,0.00019964818092374492
2,UPFC_Vsh,5-15,1.108814356297321,17,1.1093945489559667,MAP_PMU,41,0.0005801926586457284
3,UPFC_tsh,5-15,-0.24022875032575572,17,-0.24013954761767484,MAP_PMU,41,8.920270808088215e-05
4,UPFC_Vse,5-15,0.06384318913501001,17,0.06329343109216622,MAP_PMU,41,0.0005497580428437954
5,UPFC_tse,5-15,-2.18816899429373,17,-2.191750636357216,MAP_PMU,41,0.0035816420634859902
0,x_tcsc,1-14,-0.1017795564344629,18,-0.10177440226193647,MAP_PMU,41,5.154172526430911e-06
1,B_svc,2,0.16921994383568087,18,0.1696304623584784,MAP_PMU,41,0.0004105185227975261
2,UPFC_Vsh,5-15,1.1087364339931707,18,1.1093945489559667,MAP_PMU,41,0.000658114962795997
3,UPFC_tsh,5-15,-0.2402233583733594,18,-0.24013954761767484,MAP_PMU,41,8.38107556845602e-05
4,UPFC_Vse,5-15,0.06336978528531041,18,0.06329343109216622,MAP_PMU,41,7.635419314419578e-05
5,UPFC_tse,5-15,-2.1931537382121924,18,-2.191750636357216,MAP_PMU,41,0.0014031018549762742
0,x_tcsc,1-14,-0.10177209972253322,19,-0.10177440226193647,MAP_PMU,41,2.302539403253867e-06
1,B_svc,2,0.16919262184741446,19,0.1696304623584784,MAP_PMU,41,0.00043784051106393607
2,UPFC_Vsh,5-15,1.1086547500538715,19,1.1093945489559667,MAP_PMU,41,0.0007397989020951901
3,UPFC_tsh,5-15,-0.24014130200081737,19,-0.24013954761767484,MAP_PMU,41,1.754383142538174e-06
4,UPFC_Vse,5-15,0.06319975306177669,19,0.06329343109216622,MAP_PMU,41,9.367803038952405e-05
5,UPFC_tse,5-15,-2.1885237584054407,19,-2.191750636357216,MAP_PMU,41,0.003226877951775453
0,x_tcsc,1-14,-0.10178718774862786,20,-0.10177440226193647,MAP_PMU,41,1.2785486691382908e-05
1,B_svc,2,0.16982427394742292,20,0.1696304623584784,MAP_PMU,41,0.00019381158894452022
2,UPFC_Vsh,5-15,1.1087596727332045,20,1.1093945489559667,MAP_PMU,41,0.0006348762227621485
3,UPFC_tsh,5-15,-0.24021094266042212,20,-0.24013954761767484,MAP_PMU,41,7.139504274727981e-05
4,UPFC_Vse,5-15,0.06287535671658252,20,0.06329343109216622,MAP_PMU,41,0.00041807437558369354
5,UPFC_tse,5-15,-2.194717063279319,20,-2.191750636357216,MAP_PMU,41,0.002966426922102805
0,x_tcsc,1-14,-0.10179638703957754,21,-0.10177440226193647,MAP_PMU,41,2.1984777641065323e-05
1,B_svc,2,0.16992108417162272,21,0.1696304623584784,MAP_PMU,41,0.00029062181314432056
2,UPFC_Vsh,5-15,1.1092248125373774,21,1.1093945489559667,MAP_PMU,41,0.00016973641858930577
3,UPFC_tsh,5-15,-0.24003555337700686,21,-0.24013954761767484,MAP_PMU,41,0.00010399424066798169
4,UPFC_Vse,5-15,0.0631180709364953,21,0.06329343109216622,MAP_PMU,41,0.00017536015567092
5,UPFC_tse,5-15,-2.194249767918596,21,-2.191750636357216,MAP_PMU,41,0.0024991315613798193
0,x_tcsc,1-14,-0.10177309443312588,22,-0.10177440226193647,MAP_PMU,41,1.307828810595546e-06
1,B_svc,2,0.1693425563544012,22,0.1696304623584784,MAP_PMU,41,0.00028790600407718747
2,UPFC_Vsh,5-15,1.1087993722564096,22,1.1093945489559667,MAP_PMU,41,0.0005951766995571095
3,UPFC_tsh,5-15,-0.24020632369272868,22,-0.24013954761767484,MAP_PMU,41,6.677607505384264e-05
4,UPFC_Vse,5-15,0.06305393409044008,22,0.06329343109216622,MAP_PMU,41,0.0002394970017261383
5,UPFC_tse,5-15,-2.1923188326766176,22,-2.191750636357216,MAP_PMU,41,0.000568196319401526
0,x_tcsc,1-14,-0.10179954013674263,23,-0.10177440226193647,MAP_PMU,41,2.5137874806152594e-05
1,B_svc,2,0.17010180963315266,23,0.1696304623584784,MAP_PMU,41,0.0004713472746742664
2,UPFC_Vsh,5-15,1.1085480437670574,23,1.1093945489559667,MAP_PMU,41,0.0008465051889092745
3,UPFC_tsh,5-15,-0.24026360517297,23,-0.24013954761767484,MAP_PMU,41,0.00012405755529515394
4,UPFC_Vse,5-15,0.06313109140746469,23,0.06329343109216622,MAP_PMU,41,0.00016233968470152904
5,UPFC_tse,5-15,-2.1991894196257498,23,-2.191750636357216,MAP_PMU,41,0.007438783268533644
0,x_tcsc,1-14,-0.10179017277559725,24,-0.10177440226193647,MAP_PMU,41,1.5770513660778862e-05
1,B_svc,2,0.16986985514763767,24,0.1696304623584784,MAP_PMU,41,0.00023939278915927065
2,UPFC_Vsh,5-15,1.1088601501940332,24,1.1093945489559667,MAP_PMU,41,0.0005343987619335078
3,UPFC_tsh,5-15,-0.24016991244375485,24,-0.24013954761767484,MAP_PMU,41,3.0364826080014895e-05
4,UPFC_Vse,5-15,0.0636585397960056,24,0.06329343109216622,MAP_PMU,41,0.00036510870383937855
5,UPFC_tse,5-15,-2.1893937597996604,24,-2.191750636357216,MAP_PMU,41,0.002356876557555676
0,x_tcsc,1-14,-0.10179431690758729,25,-0.10177440226193647,MAP_PMU,41,1.991464565082035e-05
1,B_svc,2,0.1699011648643384,25,0.1696304623584784,MAP_PMU,41,0.00027070250586000433
2,UPFC_Vsh,5-15,1.1087786877636712,25,1.1093945489559667,MAP_PMU,41,0.0006158611922955082
3,UPFC_tsh,5-15,-0.24018082653082334,25,-0.24013954761767484,MAP_PMU,41,4.127891314850696e-05
4,UPFC_Vse,5-15,0.06349393547247786,25,0.06329343109216622,MAP_PMU,41,0.0002005043803116474
5,UPFC_tse,5-15,-2.2046334870718667,25,-2.191750636357216,MAP_PMU,41,0.012882850714650562
0,x_tcsc,1-14,-0.10175860071462696,26,-0.10177440226193647,MAP_PMU,41,1.5801547309512998e-05
1,B_svc,2,0.1698122149218326,26,0.1696304623584784,MAP_PMU,41,0.00018175256335420387
2,UPFC_Vsh,5-15,1.1088749228404815,26,1.1093945489559667,MAP_PMU,41,0.0005196261154851722
3,UPFC_tsh,5-15,-0.24014474984201126,26,-0.24013954761767484,MAP_PMU,41,5.202224336420258e-06
4,UPFC_Vse,5-15,0.06290353281634325,26,0.06329343109216622,MAP_PMU,41,0.0003898982758229613
5,UPFC_tse,5-15,-2.1925779950293767,26,-2.191750636357216,MAP_PMU,41,0.0008273586721605497
0,x_tcsc,1-14,-0.10177166578763162,27,-0.10177440226193647,MAP_PMU,41,2.7364743048485796e-06
1,B_svc,2,0.16955742806376514,27,0.1696304623584784,MAP_PMU,41,7.30342947132534e-05
2,UPFC_Vsh,5-15,1.1088721661364502,27,1.1093945489559667,MAP_PMU,41,0.0005223828195164426
3,UPFC_tsh,5-15,-0.24018679736274337,27,-0.24013954761767484,MAP_PMU,41,4.7249745068533855e-05
4,UPFC_Vse,5-15,0.06275296030827916,27,0.06329343109216622,MAP_PMU,41,0.0005404707838870537
5,UPFC_tse,5-15,-2.19176970512058,27,-2.191750636357216,MAP_PMU,41,1.906876336388308e-05
0,x_tcsc,1-14,-0.10176641785132606,28,-0.10177440226193647,MAP_PMU,41,7.984410610409332e-06
1,B_svc,2,0.16957752956271038,28,0.1696304623584784,MAP_PMU,41,5.2932795768012575e-05
2,UPFC_Vsh,5-15,1.1086422321457132,28,1.1093945489559667,MAP_PMU,41,0.0007523168102534505
3,UPFC_tsh,5-15,-0.24019682843289222,28,-0.24013954761767484,MAP_PMU,41,5.728081521738648e-05
4,UPFC_Vse,5-15,0.06343426738854106,28,0.06329343109216622,MAP_PMU,41,0.00014083629637484663
5,UPFC_tse,5-15,-2.2019519611609466,28,-2.191750636357216,MAP_PMU,41,0.010201324803730483
0,x_tcsc,1-14,-0.1017947890427211,29,-0.10177440226193647,MAP_PMU,41,2.0386780784628633e-05
1,B_svc,2,0.1695002396460693,29,0.1696304623584784,MAP_PMU,41,0.00013022271240908934
2,UPFC_Vsh,5-15,1.1086787927410793,29,1.1093945489559667,MAP_PMU,41,0.0007157562148873975
3,UPFC_tsh,5-15,-0.24011056442354725,29,-0.24013954761767484,MAP_PMU,41,2.898319412758532e-05
4,UPFC_Vse,5-15,0.06285867119687247,29,0.06329343109216622,MAP_PMU,41,0.0004347598952937487
5,UPFC_tse,5-15,-2.1939577504454437,29,-2.191750636357216,MAP_PMU,41,0.002207114088227602
0,x_tcsc,1-14,-0.10176437174010518,30,-0.10177440226193647,MAP_PMU,41,1.0030521831294603e-05
1,B_svc,2,0.16965809637800483,30,0.1696304623584784,MAP_PMU,41,2.7634019526434628e-05
2,UPFC_Vsh,5-15,1.108832210322065,30,1.1093945489559667,MAP_PMU,41,0.00056233863390176
3,UPFC_tsh,5-15,-0.24011090984508582,30,-0.24013954761767484,MAP_PMU,41,2.8637772589018562e-05
4,UPFC_Vse,5-15,0.06341600190895393,30,0.06329343109216622,MAP_PMU,41,0.0001225708167877093
5,UPFC_tse,5-15,-2.1873531054939592,30,-2.191750636357216,MAP_PMU,41,0.004397530863256893
0,x_tcsc,1-14,-0.10176070880334893,31,-0.10177440226193647,MAP_PMU,41,1.3693458587538121e-05
1,B_svc,2,0.16941119261815968,31,0.1696304623584784,MAP_PMU,41,0.00021926974031871715
2,UPFC_Vsh,5-15,1.109108268864198,31,1.1093945489559667,MAP_PMU,41,0.00028628009176867586
3,UPFC_tsh,5-15,-0.2400829690728035,31,-0.24013954761767484,MAP_PMU,41,5.657854487134406e-05
4,UPFC_Vse,5-15,0.063000134996901,31,0.06329343109216622,MAP_PMU,41,0.00029329609526521083
5,UPFC_tse,5-15,-2.1853913429181304,31,-2.191750636357216,MAP_PMU,41,0.0063592934390857
0,x_tcsc,1-14,-0.10177683691480569,32,-0.10177440226193647,MAP_PMU,41,2.434652869212628e-06
1,B_svc,2,0.16981682853363433,32,0.1696304623584784,MAP_PMU,41,0.00018636617515593867
2,UPFC_Vsh,5-15,1.1085732849681749,32,1.1093945489559667,MAP_PMU,41,0.0008212639877918093
3,UPFC_tsh,5-15,-0.24014212105316682,32,-0.24013954761767484,MAP_PMU,41,2.573435491981524e-06
4,UPFC_Vse,5-15,0.06315574140416841,32,0.06329343109216622,MAP_PMU,41,0.0001376896879978079
5,UPFC_tse,5-15,-2.1916609021233384,32,-2.191750636357216,MAP_PMU,41,8.973423387770296e-05
0,x_tcsc,1-14,-0.10177779316622683,33,-0.10177440226193647,MAP_PMU,41,3.390904290356822e-06
1,B_svc,2,0.16929459903215885,33,0.1696304623584784,MAP_PMU,41,0.0003358633263195465
2,UPFC_Vsh,5-15,1.1085297379598766,33,1.1093945489559667,MAP_PMU,41,0.0008648109960900374
3,UPFC_tsh,5-15,-0.24012723726996985,33,-0.24013954761767484,MAP_PMU,41,1.2310347704991287e-05
4,UPFC_Vse,5-15,0.06288496369917705,33,0.06329343109216622,MAP_PMU,41,0.0004084673929891647
5,UPFC_tse,5-15,-2.186616712374692,33,-2.191750636357216,MAP_PMU,41,0.005133923982524102
0,x_tcsc,1-14,-0.10176554800349245,34,-0.10177440226193647,MAP_PMU,41,8.85425844401877e-06
1,B_svc,2,0.1696285555523718,34,0.1696304623584784,MAP_PMU,41,1.9068061065941055e-06
2,UPFC_Vsh,5-15,1.109069501284522,34,1.1093945489559667,MAP_PMU,41,0.00032504767144470037
3,UPFC_tsh,5-15,-0.24006417451689221,34,-0.24013954761767484,MAP_PMU,41,7.537310078262194e-05
4,UPFC_Vse,5-15,0.06343918932145456,34,0.06329343109216622,MAP_PMU,41,0.00014575822928834803
5,UPFC_tse,5-15,-2.191451155501818,34,-2.191750636357216,MAP_PMU,41,0.00029948085539821534
0,x_tcsc,1-14,-0.10178052696301572,35,-0.10177440226193647,MAP_PMU,41,6.124701079246453e-06
1,B_svc,2,0.1699225933388625,35,0.1696304623584784,MAP_PMU,41,0.0002921309803841088
2,UPFC_Vsh,5-15,1.1088379939306343,35,1.1093945489559667,MAP_PMU,41,0.0005565550253323615
3,UPFC_tsh,5-15,-0.24009227354725995,35,-0.24013954761767484,MAP_PMU,41,4.7274070414882186e-05
4,UPFC_Vse,5-15,0.0633011085809474,35,0.06329343109216622,MAP_PMU,41,7.677488781179798e-06
5,UPFC_tse,5-15,-2.1898361114330807,35,-2.191750636357216,MAP_PMU,41,0.0019145249241354634
0,x_tcsc,1-14,-0.10178803358978297,36,-0.10177440226193647,MAP_PMU,41,1.3631327846500008e-05
1,B_svc,2,0.1694924876557917,36,0.1696304623584784,MAP_PMU,41,0.00013797470268669954
2,UPFC_Vsh,5-15,1.1091523990046444,36,1.1093945489559667,MAP_PMU,41,0.00024214995132232353
3,UPFC_tsh,5-15,-0.24010804653761492,36,-0.24013954761767484,MAP_PMU,41,3.150108005992025e-05
4,UPFC_Vse,5-15,0.06297005977784026,36,0.06329343109216622,MAP_PMU,41,0.000323371314325957
5,UPFC_tse,5-15,-2.1953741771029067,36,-2.191750636357216,MAP_PMU,41,0.003623540745690601
0,x_tcsc,1-14,-0.10177655905320888,37,-0.10177440226193647,MAP_PMU,41,2.156791272411862e-06
1,B_svc,2,0.16926155011394667,37,0.1696304623584784,MAP_PMU,41,0.0003689122445317272
2,UPFC_Vsh,5-15,1.1084495459638333,37,1.1093945489559667,MAP_PMU,41,0.0009450029921334036
3,UPFC_tsh,5-15,-0.24015931757842165,37,-0.24013954761767484,MAP_PMU,41,1.976996074681825e-05
4,UPFC_Vse,5-15,0.06286082444046234,37,0.06329343109216622,MAP_PMU,41,0.00043260665170387347
5,UPFC_tse,5-15,-2.2010008399179966,37,-2.191750636357216,MAP_PMU,41,0.009250203560780434
0,x_tcsc,1-14,-0.10179076578522689,38,-0.10177440226193647,MAP_PMU,41,1.636352329041635e-05
1,B_svc,2,0.16904333542651406,38,0.1696304623584784,MAP_PMU,41,0.0005871269319643324
2,UPFC_Vsh,5-15,1.1081175417248197,38,1.1093945489559667,MAP_PMU,41,0.0012770072311469871
3,UPFC_tsh,5-15,-0.24017300161031416,38,-0.24013954761767484,MAP_PMU,41,3.3453992639320695e-05
4,UPFC_Vse,5-15,0.06306630884302507,38,0.06329343109216622,MAP_PMU,41,0.00022712224914114842
5,UPFC_tse,5-15,-2.184896447137384,38,-2.191750636357216,MAP_PMU,41,0.006854189219831941
0,x_tcsc,1-14,-0.10181787104300194,39,-0.10177440226193647,MAP_PMU,41,4.3468781065467144e-05
1,B_svc,2,0.16954486006079672,39,0.1696304623584784,MAP_PMU,41,8.560229768167504e-05
2,UPFC_Vsh,5-15,1.1086254095580526,39,1.1093945489559667,MAP_PMU,41,0.0007691393979141203
3,UPFC_tsh,5-15,-0.24015317521787577,39,-0.24013954761767484,MAP_PMU,41,1.3627600200932788e-05
4,UPFC_Vse,5-15,0.06291703982554957,39,0.06329343109216622,MAP_PMU,41,0.0003763912666166491
5,UPFC_tse,5-15,-2.187861463369501,39,-2.191750636357216,MAP_PMU,41,0.0038891729877152947
0,x_tcsc,1-14,-0.10179011199517386,40,-0.10177440226193647,MAP_PMU,41,1.570973323739011e-05
1,B_svc,2,0.16894706246077154,40,0.1696304623584784,MAP_PMU,41,0.0006833998977068545
2,UPFC_Vsh,5-15,1.1082800859867294,40,1.1093945489559667,MAP_PMU,41,0.0011144629692372288
3,UPFC_tsh,5-15,-0.2402005856755493,40,-0.24013954761767484,MAP_PMU,41,6.103805787446848e-05
4,UPFC_Vse,5-15,0.06303185771424197,40,0.06329343109216622,MAP_PMU,41,0.0002615733779242485
5,UPFC_tse,5-15,-2.1897497811134636,40,-2.191750636357216,MAP_PMU,41,0.0020008552437524862
0,x_tcsc,1-14,-0.101776786082229,41,-0.10177440226193647,MAP_PMU,41,2.3838202925230423e-06
1,B_svc,2,0.16962632306167344,41,0.1696304623584784,MAP_PMU,41,4.139296804955839e-06
2,UPFC_Vsh,5-15,1.1088727036364487,41,1.1093945489559667,MAP_PMU,41,0.0005218453195179329
3,UPFC_tsh,5-15,-0.24013222478143834,41,-0.24013954761767484,MAP_PMU,41,7.322836236500763e-06
4,UPFC_Vse,5-15,0.06336832698774504,41,0.06329343109216622,MAP_PMU,41,7.489589557882481e-05
5,UPFC_tse,5-15,-2.183636516115273,41,-2.191750636357216,MAP_PMU,41,0.008114120241943024
0,x_tcsc,1-14,-0.10178956951542786,42,-0.10177440226193647,MAP_PMU,41,1.516725349139103e-05
1,B_svc,2,0.1694497412853019,42,0.1696304623584784,MAP_PMU,41,0.00018072107317648745
2,UPFC_Vsh,5-15,1.1090185681844005,42,1.1093945489559667,MAP_PMU,41,0.0003759807715661978
3,UPFC_tsh,5-15,-0.24012545652679215,42,-0.24013954761767484,MAP_PMU,41,1.409109088268412e-05
4,UPFC_Vse,5-15,0.0629042682059246,42,0.06329343109216622,MAP_PMU,41,0.0003891628862416202
5,UPFC_tse,5-15,-2.1847703406659806,42,-2.191750636357216,MAP_PMU,41,0.006980295691235483
0,x_tcsc,1-14,-0.10180171116199217,43,-0.10177440226193647,MAP_PMU,41,2.7308900055700303e-05
1,B_svc,2,0.16966784135681565,43,0.1696304623584784,MAP_PMU,41,3.737899833725078e-05
2,UPFC_Vsh,5-15,1.108805302197261,43,1.1093945489559667,MAP_PMU,41,0.0005892467587056416
3,UPFC_tsh,5-15,-0.24018901190920092,43,-0.24013954761767484,MAP_PMU,41,4.946429152608012e-05
4,UPFC_Vse,5-15,0.06343183030600588,43,0.06329343109216622,MAP_PMU,41,0.00013839921383966558
5,UPFC_tse,5-15,-2.1887188809456357,43,-2.191750636357216,MAP_PMU,41,0.0030317554115804057
0,x_tcsc,1-14,-0.10176093190703295,44,-0.10177440226193647,MAP_PMU,41,1.3470354903524773e-05
1,B_svc,2,0.1699544912746431,44,0.1696304623584784,MAP_PMU,41,0.00032402891616470364
2,UPFC_Vsh,5-15,1.108945497789175,44,1.1093945489559667,MAP_PMU,41,0.00044905116679161416
3,UPFC_tsh,5-15,-0.24014193108784393,44,-0.24013954761767484,MAP_PMU,41,2.383470169092794e-06
4,UPFC_Vse,5-15,0.0637997839321755,44,0.06329343109216622,MAP_PMU,41,0.0005063528400092859
5,UPFC_tse,5-15,-2.191631416194046,44,-2.191750636357216,MAP_PMU,41,0.00011922016317011952
0,x_tcsc,1-14,-0.1017843774720863,45,-0.10177440226193647,MAP_PMU,41,9.975210149823499e-06
1,B_svc,2,0.16982638376248013,45,0.1696304623584784,MAP_PMU,41,0.00019592140400173652
2,UPFC_Vsh,5-15,1.1084653028530138,45,1.1093945489559667,MAP_PMU,41,0.0009292461029528631
3,UPFC_tsh,5-15,-0.24021269454819189,45,-0.24013954761767484,MAP_PMU,41,7.314693051704846e-05
4,UPFC_Vse,5-15,0.06364916892878206,45,0.06329343109216622,MAP_PMU,41,0.0003557378366158409
5,UPFC_tse,5-15,-2.2020317641523164,45,-2.191750636357216,MAP_PMU,41,0.010281127795100264
0,x_tcsc,1-14,-0.10177358910958881,46,-0.10177440226193647,MAP_PMU,41,8.131523476645475e-07
1,B_svc,2,0.16958927886553565,46,0.1696304623584784,MAP_PMU,41,4.118349294274237e-05
2,UPFC_Vsh,5-15,1.1085626181912556,46,1.1093945489559667,MAP_PMU,41,0.0008319307647111085
3,UPFC_tsh,5-15,-0.24014746332875833,46,-0.24013954761767484,MAP_PMU,41,7.91571108349487e-06
4,UPFC_Vse,5-15,0.06342006917280228,46,0.06329343109216622,MAP_PMU,41,0.00012663808063606563
5,UPFC_tse,5-15,-2.1866995814114145,46,-2.191750636357216,MAP_PMU,41,0.005051054945801603
0,x_tcsc,1-14,-0.10177876320201394,47,-0.10177440226193647,MAP_PMU,41,4.360940077469122e-06
1,B_svc,2,0.16951984146007434,47,0.1696304623584784,MAP_PMU,41,0.00011062089840405132
2,UPFC_Vsh,5-15,1.1087333232329457,47,1.1093945489559667,MAP_PMU,41,0.0006612257230209639
3,UPFC_tsh,5-15,-0.24013428621230787,47,-0.24013954761767484,MAP_PMU,41,5.261405366968619e-06
4,UPFC_Vse,5-15,0.06293974545115356,47,0.06329343109216622,MAP_PMU,41,0.0003536856410126521
5,UPFC_tse,5-15,-2.1936646718035164,47,-2.191750636357216,MAP_PMU,41,0.0019140354463003106
0,x_tcsc,1-14,-0.10179194148019866,48,-0.10177440226193647,MAP_PMU,41,1.7539218262183076e-05
1,B_svc,2,0.16941893824251983,48,0.1696304623584784,MAP_PMU,41,0.0002115241159585668
2,UPFC_Vsh,5-15,1.1091051491404853,48,1.1093945489559667,MAP_PMU,41,0.0002893998154813726
3,UPFC_tsh,5-15,-0.24010343315970992,48,-0.24013954761767484,MAP_PMU,41,3.6114457964919744e-05
4,UPFC_Vse,5-15,0.06256765164460998,48,0.06329343109216622,MAP_PMU,41,0.0007257794475562379
5,UPFC_tse,5-15,-2.189452814850937,48,-2.191750636357216,MAP_PMU,41,0.0022978215062789964
0,x_tcsc,1-14,-0.10174346194806495,49,-0.10177440226193647,MAP_PMU,41,3.094031387151919e-05
1,B_svc,2,0.17000513022841202,49,0.1696304623584784,MAP_PMU,41,0.00037466786993362033
2,UPFC_Vsh,5-15,1.1081979621791138,49,1.1093945489559667,MAP_PMU,41,0.0011965867768528593
3,UPFC_tsh,5-15,-0.24017271985435232,49,-0.24013954761767484,MAP_PMU,41,3.317223667748115e-05
4,UPFC_Vse,5-15,0.06293716304913527,49,0.06329343109216622,MAP_PMU,41,0.0003562680430309467
5,UPFC_tse,5-15,-2.203994817966977,49,-2.191750636357216,MAP_PMU,41,0.012244181609760929
0,x_tcsc,1-14,-0.10177358115724028,50,-0.10177440226193647,MAP_PMU,41,8.211046961942303e-07
1,B_svc,2,0.16940769303811984,50,0.1696304623584784,MAP_PMU,41,0.0002227693203585568
2,UPFC_Vsh,5-15,1.1083498879946283,50,1.1093945489559667,MAP_PMU,41,0.0010446609613383728
3,UPFC_tsh,5-15,-0.24022637801674537,50,-0.24013954761767484,MAP_PMU,41,8.683039907053658e-05
4,UPFC_Vse,5-15,0.06377653604074722,50,0.06329343109216622,MAP_PMU,41,0.0004831049485810035
5,UPFC_tse,5-15,-2.2066280918442223,50,-2.191750636357216,MAP_PMU,41,0.014877455487006142
0,x_tcsc,1-14,-0.10178321305394006,51,-0.10177440226193647,MAP_PMU,41,8.810792003585699e-06
1,B_svc,2,0.16978038215346863,51,0.1696304623584784,MAP_PMU,41,0.00014991979499023866
2,UPFC_Vsh,5-15,1.1090321878895621,51,1.1093945489559667,MAP_PMU,41,0.00036236106640452626
3,UPFC_tsh,5-15,-0.24008899695437902,51,-0.24013954761767484,MAP_PMU,41,5.055066329581748e-05
4,UPFC_Vse,5-15,0.06306466362556935,51,0.06329343109216622,MAP_PMU,41,0.0002287674665968631
5,UPFC_tse,5-15,-2.1770998206524887,51,-2.191750636357216,MAP_PMU,41,0.014650815704727371
0,x_tcsc,1-14,-0.10178533489652712,52,-0.10177440226193647,MAP_PMU,41,1.0932634590649082e-05
1,B_svc,2,0.1699953125401073,52,0.1696304623584784,MAP_PMU,41,0.00036485018162890626
2,UPFC_Vsh,5-15,1.1088651029517602,52,1.1093945489559667,MAP_PMU,41,0.0005294460042064575
3,UPFC_tsh,5-15,-0.24008081797141612,52,-0.24013954761767484,MAP_PMU,41,5.872964625872057e-05
4,UPFC_Vse,5-15,0.0634154144860254,52,0.06329343109216622,MAP_PMU,41,0.00012198339385918744
5,UPFC_tse,5-15,-2.1870919305944634,52,-2.191750636357216,MAP_PMU,41,0.004658705762752735
0,x_tcsc,1-14,-0.10177889187143194,53,-0.10177440226193647,MAP_PMU,41,4.489609495464397e-06
1,B_svc,2,0.16927161345671193,53,0.1696304623584784,MAP_PMU,41,0.000358848901766462
2,UPFC_Vsh,5-15,1.1089065116658783,53,1.1093945489559667,MAP_PMU,41,0.00048803729008839447
3,UPFC_tsh,5-15,-0.24013723995278374,53,-0.24013954761767484,MAP_PMU,41,2.307664891093575e-06
4,UPFC_Vse,5-15,0.06333523214452519,53,0.06329343109216622,MAP_PMU,41,4.180105235897236e-05
5,UPFC_tse,5-15,-2.191934538587708,53,-2.191750636357216,MAP_PMU,41,0.0001839022304919169
0,x_tcsc,1-14,-0.10178423617305392,54,-0.10177440226193647,MAP_PMU,41,9.833911117446137e-06
1,B_svc,2,0.16970384622224935,54,0.1696304623584784,MAP_PMU,41,7.338386377095385e-05
2,UPFC_Vsh,5-15,1.1090639990169688,54,1.1093945489559667,MAP_PMU,41,0.00033054993899783724
3,UPFC_tsh,5-15,-0.24007101594040384,54,-0.24013954761767484,MAP_PMU,41,6.853167727099985e-05
4,UPFC_Vse,5-15,0.06324010388459708,54,0.06329343109216622,MAP_PMU,41,5.332720756913434e-05
5,UPFC_tse,5-15,-2.191327475421702,54,-2.191750636357216,MAP_PMU,41,0.00042316093551431067
0,x_tcsc,1-14,-0.10177063402194626,55,-0.10177440226193647,MAP_PMU,41,3.7682399902094765e-06
1,B_svc,2,0.16997427256837935,55,0.1696304623584784,MAP_PMU,41,0.0003438102099009577
2,UPFC_Vsh,5-15,1.108958118116152,55,1.1093945489559667,MAP_PMU,41,0.0004364308398145944
3,UPFC_tsh,5-15,-0.24007512795917044,55,-0.24013954761767484,MAP_PMU,41,6.44196585043999e-05
4,UPFC_Vse,5-15,0.0634384733267679,55,0.06329343109216622,MAP_PMU,41,0.0001450422346016833
5,UPFC_tse,5-15,-2.1965817663804894,55,-2.191750636357216,MAP_PMU,41,0.004831130023273289
0,x_tcsc,1-14,-0.10180858146880861,56,-0.10177440226193647,MAP_PMU,41,3.417920687213971e-05
1,B_svc,2,0.16994064775905446,56,0.1696304623584784,MAP_PMU,41,0.0003101854005760629
2,UPFC_Vsh,5-15,1.1084649226059626,56,1.1093945489559667,MAP_PMU,41,0.0009296263500040425
3,UPFC_tsh,5-15,-0.24007788882252634,56,-0.24013954761767484,MAP_PMU,41,6.165879514849482e-05
4,UPFC_Vse,5-15,0.0628581294496008,56,0.06329343109216622,MAP_PMU,41,0.0004353016425654166
5,UPFC_tse,5-15,-2.1946206559661645,56,-2.191750636357216,MAP_PMU,41,0.002870019608948393
0,x_tcsc,1-14,-0.10176738318821518,57,-0.10177440226193647,MAP_PMU,41,7.019073721289959e-06
1,B_svc,2,0.16985245610873317,57,0.1696304623584784,MAP_PMU,41,0.00022199375025477863
2,UPFC_Vsh,5-15,1.1087293641259555,57,1.1093945489559667,MAP_PMU,41,0.0006651848300112118
3,UPFC_tsh,5-15,-0.24010520596008234,57,-0.24013954761767484,MAP_PMU,41,3.434165759250152e-05
4,UPFC_Vse,5-15,0.06272257664493315,57,0.06329343109216622,MAP_PMU,41,0.0005708544472330657
5,UPFC_tse,5-15,-2.184927177433605,57,-2.191750636357216,MAP_PMU,41,0.0068234589236109144
0,x_tcsc,1-14,-0.1018037789616987,58,-0.10177440226193647,MAP_PMU,41,2.9376699762231895e-05
1,B_svc,2,0.16948639712031108,58,0.1696304623584784,MAP_PMU,41,0.00014406523816731798
2,UPFC_Vsh,5-15,1.108872871022555,58,1.1093945489559667,MAP_PMU,41,0.0005216779334116239
3,UPFC_tsh,5-15,-0.24014189481860923,58,-0.24013954761767484,MAP_PMU,41,2.3472009343938893e-06
4,UPFC_Vse,5-15,0.06326686367889754,58,0.06329343109216622,MAP_PMU,41,2.65674132686744e-05
5,UPFC_tse,5-15,-2.1952004741612225,58,-2.191750636357216,MAP_PMU,41,0.003449837804006428
0,x_tcsc,1-14,-0.10181466753277146,59,-0.10177440226193647,MAP_PMU,41,4.0265270834990985e-05
1,B_svc,2,0.16938860794282135,59,0.1696304623584784,MAP_PMU,41,0.00024185441565705013
2,UPFC_Vsh,5-15,1.1086738810433237,59,1.1093945489559667,MAP_PMU,41,0.0007206679126430249
3,UPFC_tsh,5-15,-0.24013651526996807,59,-0.24013954761767484,MAP_PMU,41,3.032347706766192e-06
4,UPFC_Vse,5-15,0.06302965860627593,59,0.06329343109216622,MAP_PMU,41,0.0002637724858902818
5,UPFC_tse,5-15,-2.189232538802991,59,-2.191750636357216,MAP_PMU,41,0.0025180975542249406
0,x_tcsc,1-14,-0.10176641832355257,60,-0.10177440226193647,MAP_PMU,41,7.983938383901434e-06
1,B_svc,2,0.17008013335691707,60,0.1696304623584784,MAP_PMU,41,0.0004496709984386782
2,UPFC_Vsh,5-15,1.1089827728294506,60,1.1093945489559667,MAP_PMU,41,0.00041177612651610573
3,UPFC_tsh,5-15,-0.24017829948702019,60,-0.24013954761767484,MAP_PMU,41,3.8751869345349244e-05
4,UPFC_Vse,5-15,0.06289882618728655,60,0.06329343109216622,MAP_PMU,41,0.00039460490487966404
5,UPFC_tse,5-15,-2.1971435440150753,60,-2.191750636357216,MAP_PMU,41,0.005392907657859158
0,x_tcsc,1-14,-0.1018069777190935,61,-0.10177440226193647,MAP_PMU,41,3.2575457157027476e-05
1,B_svc,2,0.16949869681317387,61,0.1696304623584784,MAP_PMU,41,0.00013176554530452966
2,UPFC_Vsh,5-15,1.1085461269071148,61,1.1093945489559667,MAP_PMU,41,0.0008484220488518268
3,UPFC_tsh,5-15,-0.24014671330750523,61,-0.24013954761767484,MAP_PMU,41,7.165689830390676e-06
4,UPFC_Vse,5-15,0.0635552075675634,61,0.06329343109216622,MAP_PMU,41,0.0002617764753971852
5,UPFC_tse,5-15,-2.1941676696936074,61,-2.191750636357216,MAP_PMU,41,0.0024170333363913166
0,x_tcsc,1-14,-0.10176507894392406,62,-0.10177440226193647,MAP_PMU,41,9.323318012413595e-06
1,B_svc,2,0.16938144374768482,62,0.1696304623584784,MAP_PMU,41,0.0002490186107935721
2,UPFC_Vsh,5-15,1.1087633171388647,62,1.1093945489559667,MAP_PMU,41,0.000631231817102007
3,UPFC_tsh,5-15,-0.24010047886761113,62,-0.24013954761767484,MAP_PMU,41,3.90687500637088e-05
4,UPFC_Vse,5-15,0.06288642783979745,62,0.06329343109216622,MAP_PMU,41,0.0004070032523687678
5,UPFC_tse,5-15,-2.193168391686863,62,-2.191750636357216,MAP_PMU,41,0.0014177553296468304
0,x_tcsc,1-14,-0.10178001056375174,63,-0.10177440226193647,MAP_PMU,41,5.608301815271388e-06
1,B_svc,2,0.16943714675390362,63,0.1696304623584784,MAP_PMU,41,0.0001933156045747786
2,UPFC_Vsh,5-15,1.1085809518524699,63,1.1093945489559667,MAP_PMU,41,0.0008135971034968215
3,UPFC_tsh,5-15,-0.24014291445889255,63,-0.24013954761767484,MAP_PMU,41,3.3668412177112472e-06
4,UPFC_Vse,5-15,0.06270757031464137,63,0.06329343109216622,MAP_PMU,41,0.0005858607775248437
5,UPFC_tse,5-15,-2.1916434118091717,63,-2.191750636357216,MAP_PMU,41,0.00010722454804446002
0,x_tcsc,1-14,-0.10177589388841084,64,-0.10177440226193647,MAP_PMU,41,1.4916264743647378e-06
1,B_svc,2,0.1694899761965285,64,0.1696304623584784,MAP_PMU,41,0.00014048616194989316
2,UPFC_Vsh,5-15,1.1086031621080876,64,1.1093945489559667,MAP_PMU,41,0.0007913868478790498
3,UPFC_tsh,5-15,-0.24008677035738019,64,-0.24013954761767484,MAP_PMU,41,5.2777260294650796e-05
4,UPFC_Vse,5-15,0.06278432919351211,64,0.06329343109216622,MAP_PMU,41,0.0005091018986541074
5,UPFC_tse,5-15,-2.1868810252021187,64,-2.191750636357216,MAP_PMU,41,0.004869611155097431
0,x_tcsc,1-14,-0.10177781698988808,65,-0.10177440226193647,MAP_PMU,41,3.414727951608909e-06
1,B_svc,2,0.1700307450112369,65,0.1696304623584784,MAP_PMU,41,0.0004002826527585157
2,UPFC_Vsh,5-15,1.108436421001707,65,1.1093945489559667,MAP_PMU,41,0.0009581279542596466
3,UPFC_tsh,5-15,-0.24026496901028072,65,-0.24013954761767484,MAP_PMU,41,0.00012542139260587892
4,UPFC_Vse,5-15,0.06322777308966888,65,0.06329343109216622,MAP_PMU,41,6.565800249733189e-05
5,UPFC_tse,5-15,-2.194369256639119,65,-2.191750636357216,MAP_PMU,41,0.0026186202819027393
0,x_tcsc,1-14,-0.10177758240522518,66,-0.10177440226193647,MAP_PMU,41,3.18014328870575e-06
1,B_svc,2,0.16971631380675858,66,0.1696304623584784,MAP_PMU,41,8.585144828018865e-05
2,UPFC_Vsh,5-15,1.108779946893294,66,1.1093945489559667,MAP_PMU,41,0.00061460206267272
3,UPFC_tsh,5-15,-0.24008146142489017,66,-0.24013954761767484,MAP_PMU,41,5.8086192784662094e-05
4,UPFC_Vse,5-15,0.06318445846486861,66,0.06329343109216622,MAP_PMU,41,0.0001089726272976016
5,UPFC_tse,5-15,-2.1897505855422312,66,-2.191750636357216,MAP_PMU,41,0.0020000508149848883
0,x_tcsc,1-14,-0.10176955923888975,67,-0.10177440226193647,MAP_PMU,41,4.843023046721684e-06
1,B_svc,2,0.16972993407062498,67,0.1696304623584784,MAP_PMU,41,9.947171214658157e-05
2,UPFC_Vsh,5-15,1.1088560829343115,67,1.1093945489559667,MAP_PMU,41,0.0005384660216551929
3,UPFC_tsh,5-15,-0.24013865767431553,67,-0.24013954761767484,MAP_PMU,41,8.899433593112516e-07
4,UPFC_Vse,5-15,0.06303305308799613,67,0.06329343109216622,MAP_PMU,41,0.0002603780041700865
5,UPFC_tse,5-15,-2.182308758913486,67,-2.191750636357216,MAP_PMU,41,0.009441877443729929
0,x_tcsc,1-14,-0.10178928158305318,68,-0.10177440226193647,MAP_PMU,41,1.4879321116711974e-05
1,B_svc,2,0.16982123712892366,68,0.1696304623584784,MAP_PMU,41,0.0001907747704452678
2,UPFC_Vsh,5-15,1.1085209260104623,68,1.1093945489559667,MAP_PMU,41,0.0008736229455044153
3,UPFC_tsh,5-15,-0.2401923333844201,68,-0.24013954761767484,MAP_PMU,41,5.278576674525026e-05
4,UPFC_Vse,5-15,0.06297778935380392,68,0.06329343109216622,MAP_PMU,41,0.00031564173836229337
5,UPFC_tse,5-15,-2.1963031347424122,68,-2.191750636357216,MAP_PMU,41,0.004552498385196113
0,x_tcsc,1-14,-0.10176911029187259,69,-0.10177440226193647,MAP_PMU,41,5.291970063880935e-06
1,B_svc,2,0.16951125927028948,69,0.1696304623584784,MAP_PMU,41,0.00011920308818891279
2,UPFC_Vsh,5-15,1.108411287716382,69,1.1093945489559667,MAP_PMU,41,0.0009832612395845874
3,UPFC_tsh,5-15,-0.24011299490312632,69,-0.24013954761767484,MAP_PMU,41,2.655271454851671e-05
4,UPFC_Vse,5-15,0.0626712457515041,69,0.06329343109216622,MAP_PMU,41,0.0006221853406621208
5,UPFC_tse,5-15,-2.1942192651418493,69,-2.191750636357216,MAP_PMU,41,0.0024686287846331645
0,x_tcsc,1-14,-0.10176614821435809,70,-0.10177440226193647,MAP_PMU,41,8.254047578384882e-06
1,B_svc,2,0.16919045083463258,70,0.1696304623584784,MAP_PMU,41,0.000440011523845818
2,UPFC_Vsh,5-15,1.1088779425641748,70,1.1093945489559667,MAP_PMU,41,0.0005166063917918517
3,UPFC_tsh,5-15,-0.24005151080277914,70,-0.24013954761767484,MAP_PMU,41,8.803681489569226e-05
4,UPFC_Vse,5-15,0.06282668179776052,70,0.06329343109216622,MAP_PMU,41,0.0004667492944056967
5,UPFC_tse,5-15,-2.200114517348052,70,-2.191750636357216,MAP_PMU,41,0.008363880990835959
0,x_tcsc,1-14,-0.10180566291170834,71,-0.10177440226193647,MAP_PMU,41,3.126064977186649e-05
1,B_svc,2,0.1696268579266009,71,0.1696304623584784,MAP_PMU,41,3.6044318774963724e-06
2,UPFC_Vsh,5-15,1.1086342372338662,71,1.1093945489559667,MAP_PMU,41,0.0007603117221004485
3,UPFC_tsh,5-15,-0.2401989666164747,71,-0.24013954761767484,MAP_PMU,41,5.9418998799853906e-05
4,UPFC_Vse,5-15,0.06391337659092722,71,0.06329343109216622,MAP_PMU,41,0.0006199454987610015
5,UPFC_tse,5-15,-2.1959812594173593,71,-2.191750636357216,MAP_PMU,41,0.004230623060143213
0,x_tcsc,1-14,-0.10177794140664109,72,-0.10177440226193647,MAP_PMU,41,3.539144704620134e-06
1,B_svc,2,0.1691753170008236,72,0.1696304623584784,MAP_PMU,41,0.0004551453576547848
2,UPFC_Vsh,5-15,1.1088044232855079,72,1.1093945489559667,MAP_PMU,41,0.0005901256704587965
3,UPFC_tsh,5-15,-0.24010874164084348,72,-0.24013954761767484,MAP_PMU,41,3.080597683136066e-05
4,UPFC_Vse,5-15,0.06285819579980226,72,0.06329343109216622,MAP_PMU,41,0.0004352352923639585
5,UPFC_tse,5-15,-2.19292692621508,72,-2.191750636357216,MAP_PMU,41,0.001176289857863999
0,x_tcsc,1-14,-0.10179387998816186,73,-0.10177440226193647,MAP_PMU,41,1.9477726225389236e-05
1,B_svc,2,0.17000082218489715,73,0.1696304623584784,MAP_PMU,41,0.00037035982641875353
2,UPFC_Vsh,5-15,1.1088980140581537,73,1.1093945489559667,MAP_PMU,41,0.0004965348978129835
3,UPFC_tsh,5-15,-0.24012136907483092,73,-0.24013954761767484,MAP_PMU,41,1.817854284391629e-05
4,UPFC_Vse,5-15,0.0631947851022657,73,0.06329343109216622,MAP_PMU,41,9.86459899005171e-05
5,UPFC_tse,5-15,-2.190434355017256,73,-2.191750636357216,MAP_PMU,41,0.0013162813399603124
0,x_tcsc,1-14,-0.10178596215511607,74,-0.10177440226193647,MAP_PMU,41,1.155989317959405e-05
1,B_svc,2,0.16993946924989395,74,0.1696304623584784,MAP_PMU,41,0.00030900689141555304
2,UPFC_Vsh,5-15,1.1085759614034945,74,1.1093945489559667,MAP_PMU,41,0.0008185875524722164
3,UPFC_tsh,5-15,-0.2401994165430581,74,-0.24013954761767484,MAP_PMU,41,5.986892538326072e-05
4,UPFC_Vse,5-15,0.06302804192174134,74,0.06329343109216622,MAP_PMU,41,0.0002653891704248734
5,UPFC_tse,5-15,-2.196570483330794,74,-2.191750636357216,MAP_PMU,41,0.004819846973577846
0,x_tcsc,1-14,-0.10178792479140046,75,-0.10177440226193647,MAP_PMU,41,1.3522529463988464e-05
1,B_svc,2,0.16983106604608036,75,0.1696304623584784,MAP_PMU,41,0.000200603687601969
2,UPFC_Vsh,5-15,1.10851583433364,75,1.1093945489559667,MAP_PMU,41,0.0008787146223265818
3,UPFC_tsh,5-15,-0.24013370529929393,75,-0.24013954761767484,MAP_PMU,41,5.842318380910871e-06
4,UPFC_Vse,5-15,0.06321777646962967,75,0.06329343109216622,MAP_PMU,41,7.565462253654454e-05
5,UPFC_tse,5-15,-2.1972679956991867,75,-2.191750636357216,MAP_PMU,41,0.005517359341970618
0,x_tcsc,1-14,-0.10177882193953841,76,-0.10177440226193647,MAP_PMU,41,4.419677601938399e-06
1,B_svc,2,0.1703120629646259,76,0.1696304623584784,MAP_PMU,41,0.0006816006061474977
2,UPFC_Vsh,5-15,1.1088776199158161,76,1.1093945489559667,MAP_PMU,41,0.0005169290401505489
3,UPFC_tsh,5-15,-0.24014400369033542,76,-0.24013954761767484,MAP_PMU,41,4.456072660585786e-06
4,UPFC_Vse,5-15,0.06275388695732856,76,0.06329343109216622,MAP_PMU,41,0.0005395441348376578
5,UPFC_tse,5-15,-2.180672443421433,76,-2.191750636357216,MAP_PMU,41,0.011078192935783271
0,x_tcsc,1-14,-0.10179064885031136,77,-0.10177440226193647,MAP_PMU,41,1.6246588374888016e-05
1,B_svc,2,0.16925391168563217,77,0.1696304623584784,MAP_PMU,41,0.00037655067284622645
2,UPFC_Vsh,5-15,1.1088505137398736,77,1.1093945489559667,MAP_PMU,41,0.0005440352160930306
3,UPFC_tsh,5-15,-0.24013980253115813,77,-0.24013954761767484,MAP_PMU,41,2.549134832940947e-07
4,UPFC_Vse,5-15,0.06343161342399994,77,0.06329343109216622,MAP_PMU,41,0.00013818233183372775
5,UPFC_tse,5-15,-2.187861762986087,77,-2.191750636357216,MAP_PMU,41,0.003888873371129087
0,x_tcsc,1-14,-0.10176246898505614,78,-0.10177440226193647,MAP_PMU,41,1.1933276880329857e-05
1,B_svc,2,0.1694278583743618,78,0.1696304623584784,MAP_PMU,41,0.00020260398411658942
2,UPFC_Vsh,5-15,1.1087499451322955,78,1.1093945489559667,MAP_PMU,41,0.0006446038236711527
3,UPFC_tsh,5-15,-0.24012126737051961,78,-0.24013954761767484,MAP_PMU,41,1.8280247155222362e-05
4,UPFC_Vse,5-15,0.06334143025304051,78,0.06329343109216622,MAP_PMU,41,4.799916087429301e-05
5,UPFC_tse,5-15,-2.1833472871622597,78,-2.191750636357216,MAP_PMU,41,0.008403349194956444
0,x_tcsc,1-14,-0.10178690159812608,79,-0.10177440226193647,MAP_PMU,41,1.2499336189603083e-05
1,B_svc,2,0.16979527245900275,79,0.1696304623584784,MAP_PMU,41,0.00016481010052435408
2,UPFC_Vsh,5-15,1.1088340514240806,79,1.1093945489559667,MAP_PMU,41,0.0005604975318860284
3,UPFC_tsh,5-15,-0.24017065915665964,79,-0.24013954761767484,MAP_PMU,41,3.111153898480157e-05
4,UPFC_Vse,5-15,0.062393379609965764,79,0.06329343109216622,MAP_PMU,41,0.0009000514822004521
5,UPFC_tse,5-15,-2.187168007800915,79,-2.191750636357216,MAP_PMU,41,0.004582628556301316
0,x_tcsc,1-14,-0.10178120873927797,80,-0.10177440226193647,MAP_PMU,41,6.806477341497752e-06
1,B_svc,2,0.17003667380962198,80,0.1696304623584784,MAP_PMU,41,0.00040621145114358437
2,UPFC_Vsh,5-15,1.1089082204049154,80,1.1093945489559667,MAP_PMU,41,0.0004863285510512405
3,UPFC_tsh,5-15,-0.24012061111463584,80,-0.24013954761767484,MAP_PMU,41,1.893650303899652e-05
4,UPFC_Vse,5-15,0.062934576482217,80,0.06329343109216622,MAP_PMU,41,0.0003588546099492218
5,UPFC_tse,5-15,-2.1875384952663754,80,-2.191750636357216,MAP_PMU,41,0.004212141090840671
0,x_tcsc,1-14,-0.10176300253476858,81,-0.10177440226193647,MAP_PMU,41,1.1399727167890616e-05
1,B_svc,2,0.16958395488027145,81,0.1696304623584784,MAP_PMU,41,4.650747820694745e-05
2,UPFC_Vsh,5-15,1.1086746715472553,81,1.1093945489559667,MAP_PMU,41,0.000719877408711378
3,UPFC_tsh,5-15,-0.24011573841951153,81,-0.24013954761767484,MAP_PMU,41,2.3809198163304846e-05
4,UPFC_Vse,5-15,0.06256146639102639,81,0.06329343109216622,MAP_PMU,41,0.0007319647011398284
5,UPFC_tse,5-15,-2.1942104484077767,81,-2.191750636357216,MAP_PMU,41,0.0024598120505605614
0,x_tcsc,1-14,-0.10178724055558094,82,-0.10177440226193647,MAP_PMU,41,1.2838293644470977e-05
1,B_svc,2,0.16988025306603677,82,0.1696304623584784,MAP_PMU,41,0.00024979070755837274
2,UPFC_Vsh,5-15,1.1088366856636023,82,1.1093945489559667,MAP_PMU,41,0.0005578632923644022
3,UPFC_tsh,5-15,-0.24019146445838377,82,-0.24013954761767484,MAP_PMU,41,5.19168407089321e-05
4,UPFC_Vse,5-15,0.06369650424517143,82,0.06329343109216622,MAP_PMU,41,0.0004030731530052095
5,UPFC_tse,5-15,-2.1902922548042736,82,-2.191750636357216,MAP_PMU,41,0.0014583815529425337
0,x_tcsc,1-14,-0.1017895984075668,83,-0.10177440226193647,MAP_PMU,41,1.5196145630322344e-05
1,B_svc,2,0.1700483828092145,83,0.1696304623584784,MAP_PMU,41,0.0004179204507361034
2,UPFC_Vsh,5-15,1.1089207319312155,83,1.1093945489559667,MAP_PMU,41,0.0004738170247511331
3,UPFC_tsh,5-15,-0.2401667821324391,83,-0.24013954761767484,MAP_PMU,41,2.7234514764273854e-05
4,UPFC_Vse,5-15,0.06329007560168305,83,0.06329343109216622,MAP_PMU,41,3.355490483164525e-06
5,UPFC_tse,5-15,-2.1983417841887083,83,-2.191750636357216,MAP_PMU,41,0.006591147831492172
0,x_tcsc,1-14,-0.1017728553072517,84,-0.10177440226193647,MAP_PMU,41,1.5469546847668436e-06
1,B_svc,2,0.16959017453764325,84,0.1696304623584784,MAP_PMU,41,4.028782083514981e-05
2,UPFC_Vsh,5-15,1.1087486577420242,84,1.1093945489559667,MAP_PMU,41,0.0006458912139424289
3,UPFC_tsh,5-15,-0.24010502561252886,84,-0.24013954761767484,MAP_PMU,41,3.452200514597603e-05
4,UPFC_Vse,5-15,0.06336869743760332,84,0.06329343109216622,MAP_PMU,41,7.526634543709998e-05
5,UPFC_tse,5-15,-2.188677047007146,84,-2.191750636357216,MAP_PMU,41,0.0030735893500701827
0,x_tcsc,1-14,-0.10177053488878449,85,-0.10177440226193647,MAP_PMU,41,3.867373151986153e-06
1,B_svc,2,0.16972250181741672,85,0.1696304623584784,MAP_PMU,41,9.203945893832e-05
2,UPFC_Vsh,5-15,1.109059320318515,85,1.1093945489559667,MAP_PMU,41,0.00033522863745161224
3,UPFC_tsh,5-15,-0.2401099018015271,85,-0.24013954761767484,MAP_PMU,41,2.9645816147727544e-05
4,UPFC_Vse,5-15,0.06250501899838996,85,0.06329343109216622,MAP_PMU,41,0.0007884120937762529
5,UPFC_tse,5-15,-2.18254302543546,85,-2.191750636357216,MAP_PMU,41,0.00920761092175626
0,x_tcsc,1-14,-0.10177534691251879,86,-0.10177440226193647,MAP_PMU,41,9.446505823129669e-07
1,B_svc,2,0.169989754616164,86,0.1696304623584784,MAP_PMU,41,0.00035929225768560613
2,UPFC_Vsh,5-15,1.1088162785467417,86,1.1093945489559667,MAP_PMU,41,0.0005782704092249791
3,UPFC_tsh,5-15,-0.24017725517741667,86,-0.24013954761767484,MAP_PMU,41,3.770755974183415e-05
4,UPFC_Vse,5-15,0.06268249271540564,86,0.06329343109216622,MAP_PMU,41,0.0006109383767605725
5,UPFC_tse,5-15,-2.1898274814847785,86,-2.191750636357216,MAP_PMU,41,0.0019231548724376601
0,x_tcsc,1-14,-0.10177147034607849,87,-0.10177440226193647,MAP_PMU,41,2.9319158579843574e-06
1,B_svc,2,0.1696541425158804,87,0.1696304623584784,MAP_PMU,41,2.368015740200624e-05
2,UPFC_Vsh,5-15,1.1087898814713513,87,1.1093945489559667,MAP_PMU,41,0.0006046674846154065
3,UPFC_tsh,5-15,-0.2402096298541992,87,-0.24013954761767484,MAP_PMU,41,7.008223652435475e-05
4,UPFC_Vse,5-15,0.06365793498368594,87,0.06329343109216622,MAP_PMU,41,0.0003645038915197213
5,UPFC_tse,5-15,-2.1908639552029334,87,-2.191750636357216,MAP_PMU,41,0.000886681154282698
0,x_tcsc,1-14,-0.10180346754926056,88,-0.10177440226193647,MAP_PMU,41,2.906528732408986e-05
1,B_svc,2,0.169904861710878,88,0.1696304623584784,MAP_PMU,41,0.000274399352399618
2,UPFC_Vsh,5-15,1.1086516988195732,88,1.1093945489559667,MAP_PMU,41,0.0007428501363935247
3,UPFC_tsh,5-15,-0.24015970984892737,88,-0.24013954761767484,MAP_PMU,41,2.0162231252535134e-05
4,UPFC_Vse,5-15,0.06274292814950855,88,0.06329343109216622,MAP_PMU,41,0.0005505029426576685
5,UPFC_tse,5-15,-2.1911474637327983,88,-2.191750636357216,MAP_PMU,41,0.0006031726244177804
0,x_tcsc,1-14,-0.10178004430461138,89,-0.10177440226193647,MAP_PMU,41,5.642042674905423e-06
1,B_svc,2,0.16957185491181515,89,0.1696304623584784,MAP_PMU,41,5.860744666325024e-05
2,UPFC_Vsh,5-15,1.1085040628032166,89,1.1093945489559667,MAP_PMU,41,0.000890486152750114
3,UPFC_tsh,5-15,-0.24021838339183546,89,-0.24013954761767484,MAP_PMU,41,7.883577416062382e-05
4,UPFC_Vse,5-15,0.06273660124759477,89,0.06329343109216622,MAP_PMU,41,0.0005568298445714492
5,UPFC_tse,5-15,-2.190119600369273,89,-2.191750636357216,MAP_PMU,41,0.001631035987943008
0,x_tcsc,1-14,-0.10177840736517366,90,-0.10177440226193647,MAP_PMU,41,4.00510323718406e-06
1,B_svc,2,0.16952058599876693,90,0.1696304623584784,MAP_PMU,41,0.00010987635971146381
2,UPFC_Vsh,5-15,1.108691732122442,90,1.1093945489559667,MAP_PMU,41,0.0007028168335245777
3,UPFC_tsh,5-15,-0.24011356375907378,90,-0.24013954761767484,MAP_PMU,41,2.5983858601058563e-05
4,UPFC_Vse,5-15,0.06285220062556095,90,0.06329343109216622,MAP_PMU,41,0.0004412304666052691
5,UPFC_tse,5-15,-2.186593424685749,90,-2.191750636357216,MAP_PMU,41,0.005157211671467099
0,x_tcsc,1-14,-0.1017736595610737,91,-0.10177440226193647,MAP_PMU,41,7.427008627686194e-07
1,B_svc,2,0.17012598297295917,91,0.1696304623584784,MAP_PMU,41,0.0004955206144807711
2,UPFC_Vsh,5-15,1.1087319770856088,91,1.1093945489559667,MAP_PMU,41,0.0006625718703578976
3,UPFC_tsh,5-15,-0.24010553989847758,91,-0.24013954761767484,MAP_PMU,41,3.400771919725987e-05
4,UPFC_Vse,5-15,0.06335783188713004,91,0.06329343109216622,MAP_PMU,41,6.440079496382312e-05
5,UPFC_tse,5-15,-2.1897628994080995,91,-2.191750636357216,MAP_PMU,41,0.001987736949116581
0,x_tcsc,1-14,-0.10178386493561642,92,-0.10177440226193647,MAP_PMU,41,9.462673679946909e-06
1,B_svc,2,0.1697872339196405,92,0.1696304623584784,MAP_PMU,41,0.00015677156116211677
2,UPFC_Vsh,5-15,1.1090108418322437,92,1.1093945489559667,MAP_PMU,41,0.0003837071237229317
3,UPFC_tsh,5-15,-0.24009653527116218,92,-0.24013954761767484,MAP_PMU,41,4.301234651266084e-05
4,UPFC_Vse,5-15,0.06335322570291198,92,0.06329343109216622,MAP_PMU,41,5.979461074576142e-05
5,UPFC_tse,5-15,-2.1910476802198016,92,-2.191750636357216,MAP_PMU,41,0.0007029561374145565
0,x_tcsc,1-14,-0.10178046786179165,93,-0.10177440226193647,MAP_PMU,41,6.06559985517896e-06
1,B_svc,2,0.16930886413127685,93,0.1696304623584784,MAP_PMU,41,0.00032159822720154163
2,UPFC_Vsh,5-15,1.1088551927005903,93,1.1093945489559667,MAP_PMU,41,0.0005393562553763775
3,UPFC_tsh,5-15,-0.2400582805262111,93,-0.24013954761767484,MAP_PMU,41,8.126709146374922e-05
4,UPFC_Vse,5-15,0.06274894356135984,93,0.06329343109216622,MAP_PMU,41,0.0005444875308063812
5,UPFC_tse,5-15,-2.193878270710352,93,-2.191750636357216,MAP_PMU,41,0.00212763435313601
0,x_tcsc,1-14,-0.10175995595724308,94,-0.10177440226193647,MAP_PMU,41,1.4446304693396805e-05
1,B_svc,2,0.1697637913624678,94,0.1696304623584784,MAP_PMU,41,0.0001333290039894075
2,UPFC_Vsh,5-15,1.1088708214900955,94,1.1093945489559667,MAP_PMU,41,0.0005237274658711488
3,UPFC_tsh,5-15,-0.2401308930853639,94,-0.24013954761767484,MAP_PMU,41,8.654532310942153e-06
4,UPFC_Vse,5-15,0.06318754003690315,94,0.06329343109216622,MAP_PMU,41,0.00010589105526306875
5,UPFC_tse,5-15,-2.1823550388736206,94,-2.191750636357216,MAP_PMU,41,0.00939559748359553
0,x_tcsc,1-14,-0.10176062688598358,95,-0.10177440226193647,MAP_PMU,41,1.377537595288747e-05
1,B_svc,2,0.16996370642656347,95,0.1696304623584784,MAP_PMU,41,0.0003332440680850757
2,UPFC_Vsh,5-15,1.1088905608024793,95,1.1093945489559667,MAP_PMU,41,0.0005039881534874002
3,UPFC_tsh,5-15,-0.24011062021214633,95,-0.24013954761767484,MAP_PMU,41,2.8927405528511585e-05
4,UPFC_Vse,5-15,0.06324343109531139,95,0.06329343109216622,MAP_PMU,41,4.999999685482981e-05
5,UPFC_tse,5-15,-2.1958448974233145,95,-2.191750636357216,MAP_PMU,41,0.004094261066098337
0,x_tcsc,1-14,-0.10177539139704939,96,-0.10177440226193647,MAP_PMU,41,9.891351129137638e-07
1,B_svc,2,0.16953917914784125,96,0.1696304623584784,MAP_PMU,41,9.128321063714417e-05
2,UPFC_Vsh,5-15,1.1088728997470465,96,1.1093945489559667,MAP_PMU,41,0.0005216492089201719
3,UPFC_tsh,5-15,-0.24014420585833893,96,-0.24013954761767484,MAP_PMU,41,4.658240664090485e-06
4,UPFC_Vse,5-15,0.06315707543026282,96,0.06329343109216622,MAP_PMU,41,0.00013635566190339787
5,UPFC_tse,5-15,-2.1898854532006418,96,-2.191750636357216,MAP_PMU,41,0.001865183156574357
0,x_tcsc,1-14,-0.10179523017992101,97,-0.10177440226193647,MAP_PMU,41,2.0827917984536648e-05
1,B_svc,2,0.16971170242990335,97,0.1696304623584784,MAP_PMU,41,8.124007142495948e-05
2,UPFC_Vsh,5-15,1.108989908024351,97,1.1093945489559667,MAP_PMU,41,0.00040464093161562964
3,UPFC_tsh,5-15,-0.24016506253345124,97,-0.24013954761767484,MAP_PMU,41,2.5514915776403413e-05
4,UPFC_Vse,5-15,0.06372233223314103,97,0.06329343109216622,MAP_PMU,41,0.0004289011409748106
5,UPFC_tse,5-15,-2.1894211973323214,97,-2.191750636357216,MAP_PMU,41,0.002329439024894686
0,x_tcsc,1-14,-0.10179560801449984,98,-0.10177440226193647,MAP_PMU,41,2.1205752563369096e-05
1,B_svc,2,0.1698158871288212,98,0.1696304623584784,MAP_PMU,41,0.0001854247703428069
2,UPFC_Vsh,5-15,1.1088896016911325,98,1.1093945489559667,MAP_PMU,41,0.000504947264834188
3,UPFC_tsh,5-15,-0.2402200199884664,98,-0.24013954761767484,MAP_PMU,41,8.047237079156222e-05
4,UPFC_Vse,5-15,0.06319737539517585,98,0.06329343109216622,MAP_PMU,41,9.605569699036587e-05
5,UPFC_tse,5-15,-2.196698517450063,98,-2.191750636357216,MAP_PMU,41,0.004947881092846718
0,x_tcsc,1-14,-0.10177827491731752,99,-0.10177440226193647,MAP_PMU,41,3.872655381043089e-06
1,B_svc,2,0.16979269780569722,99,0.1696304623584784,MAP_PMU,41,0.0001622354472188281
2,UPFC_Vsh,5-15,1.1087625775550705,99,1.1093945489559667,MAP_PMU,41,0.0006319714008962141
3,UPFC_tsh,5-15,-0.2400641067708119,99,-0.24013954761767484,MAP_PMU,41,7.544084686292307e-05
4,UPFC_Vse,5-15,0.06303258798358495,99,0.06329343109216622,MAP_PMU,41,0.0002608431085812657
5,UPFC_tse,5-15,-2.1888773235328793,99,-2.191750636357216,MAP_PMU,41,0.0028733128243367823
0,x_tcsc,1-14,-0.09902000351689588,0,-0.09895057091375115,MAP_PMU,43,6.943260314473676e-05
1,B_svc,2,0.16754983815945904,0,0.16791140385641468,MAP_PMU,43,0.0003615656969556402
2,UPFC_Vsh,5-15,1.1089597188944258,0,1.1114400293974098,MAP_PMU,43,0.002480310502984029
3,UPFC_tsh,5-15,-0.24340088900879187,0,-0.24350699109361115,MAP_PMU,43,0.00010610208481928729
4,UPFC_Vse,5-15,0.0620409417297448,0,0.061608756331860415,MAP_PMU,43,0.00043218539788438676
5,UPFC_tse,5-15,-2.1864558938589407,0,-2.1888404503102423,MAP_PMU,43,0.002384556451301645
0,x_tcsc,1-14,-0.09902965350526978,1,-0.09895057091375115,MAP_PMU,43,7.908259151863384e-05
1,B_svc,2,0.16783305840495275,1,0.16791140385641468,MAP_PMU,43,7.834545146193084e-05
2,UPFC_Vsh,5-15,1.1085017390957077,1,1.1114400293974098,MAP_PMU,43,0.002938290301702118
3,UPFC_tsh,5-15,-0.24359519620523523,1,-0.24350699109361115,MAP_PMU,43,8.820511162407896e-05
4,UPFC_Vse,5-15,0.06284919101150227,1,0.061608756331860415,MAP_PMU,43,0.0012404346796418553
5,UPFC_tse,5-15,-2.196867899092603,1,-2.1888404503102423,MAP_PMU,43,0.008027448782360835
0,x_tcsc,1-14,-0.09902035941758636,2,-0.09895057091375115,MAP_PMU,43,6.978850383521085e-05
1,B_svc,2,0.1678425347302644,2,0.16791140385641468,MAP_PMU,43,6.886912615028384e-05
2,UPFC_Vsh,5-15,1.1086451298646767,2,1.1114400293974098,MAP_PMU,43,0.0027948995327331527
3,UPFC_tsh,5-15,-0.24358985650794873,2,-0.24350699109361115,MAP_PMU,43,8.286541433757955e-05
4,UPFC_Vse,5-15,0.06286986654524684,2,0.061608756331860415,MAP_PMU,43,0.0012611102133864294
5,UPFC_tse,5-15,-2.20312391667725,2,-2.1888404503102423,MAP_PMU,43,0.014283466367007502
0,x_tcsc,1-14,-0.09901288725906049,3,-0.09895057091375115,MAP_PMU,43,6.231634530934338e-05
1,B_svc,2,0.16826962735806014,3,0.16791140385641468,MAP_PMU,43,0.000358223501645466
2,UPFC_Vsh,5-15,1.1085142622774047,3,1.1114400293974098,MAP_PMU,43,0.0029257671200051405
3,UPFC_tsh,5-15,-0.24359798357983906,3,-0.24350699109361115,MAP_PMU,43,9.099248622790324e-05
4,UPFC_Vse,5-15,0.06339628056472828,3,0.061608756331860415,MAP_PMU,43,0.0017875242328678626
5,UPFC_tse,5-15,-2.2044565641744778,3,-2.1888404503102423,MAP_PMU,43,0.015616113864235448
0,x_tcsc,1-14,-0.09907743885590292,4,-0.09895057091375115,MAP_PMU,43,0.000126867942151776
1,B_svc,2,0.16821424775812724,4,0.16791140385641468,MAP_PMU,43,0.0003028439017125628
2,UPFC_Vsh,5-15,1.1085804684308824,4,1.1114400293974098,MAP_PMU,43,0.002859560966527397
3,UPFC_tsh,5-15,-0.24358678081724824,4,-0.24350699109361115,MAP_PMU,43,7.978972363709147e-05
4,UPFC_Vse,5-15,0.06250755440091964,4,0.061608756331860415,MAP_PMU,43,0.0008987980690592229
5,UPFC_tse,5-15,-2.2025849220895677,4,-2.1888404503102423,MAP_PMU,43,0.013744471779325362
0,x_tcsc,1-14,-0.09902591829309573,5,-0.09895057091375115,MAP_PMU,43,7.53473793445869e-05
1,B_svc,2,0.16777634498409627,5,0.16791140385641468,MAP_PMU,43,0.0001350588723184054
2,UPFC_Vsh,5-15,1.109176598622825,5,1.1114400293974098,MAP_PMU,43,0.002263430774584796
3,UPFC_tsh,5-15,-0.24346800635477944,5,-0.24350699109361115,MAP_PMU,43,3.898473883170994e-05
4,UPFC_Vse,5-15,0.06263457579789306,5,0.061608756331860415,MAP_PMU,43,0.0010258194660326403
5,UPFC_tse,5-15,-2.1988392531258674,5,-2.1888404503102423,MAP_PMU,43,0.00999880281562504
0,x_tcsc,1-14,-0.09902638669845092,6,-0.09895057091375115,MAP_PMU,43,7.581578469977035e-05
1,B_svc,2,0.1677088611359845,6,0.16791140385641468,MAP_PMU,43,0.00020254272043018773
2,UPFC_Vsh,5-15,1.108871265395281,6,1.1114400293974098,MAP_PMU,43,0.0025687640021287983
3,UPFC_tsh,5-15,-0.24349975697124188,6,-0.24350699109361115,MAP_PMU,43,7.23412236927623e-06
4,UPFC_Vse,5-15,0.06219065926510979,6,0.061608756331860415,MAP_PMU,43,0.0005819029332493758
5,UPFC_tse,5-15,-2.1931680415999044,6,-2.1888404503102423,MAP_PMU,43,0.004327591289662092
0,x_tcsc,1-14,-0.09896435409260837,7,-0.09895057091375115,MAP_PMU,43,1.3783178857224021e-05
1,B_svc,2,0.16794359808916431,7,0.16791140385641468,MAP_PMU,43,3.2194232749638285e-05
2,UPFC_Vsh,5-15,1.1088277934673616,7,1.1114400293974098,MAP_PMU,43,0.0026122359300482234
3,UPFC_tsh,5-15,-0.24347655864491108,7,-0.24350699109361115,MAP_PMU,43,3.0432448700074e-05
4,UPFC_Vse,5-15,0.062297180770312655,7,0.061608756331860415,MAP_PMU,43,0.0006884244384522398
5,UPFC_tse,5-15,-2.1951852402019227,7,-2.1888404503102423,MAP_PMU,43,0.0063447898916804135
0,x_tcsc,1-14,-0.0990574034150419,8,-0.09895057091375115,MAP_PMU,43,0.00010683250129076005
1,B_svc,2,0.16801701388537216,8,0.16791140385641468,MAP_PMU,43,0.00010561002895748128
2,UPFC_Vsh,5-15,1.1083561781670503,8,1.1114400293974098,MAP_PMU,43,0.00308385123035948
3,UPFC_tsh,5-15,-0.24361026754844897,8,-0.24350699109361115,MAP_PMU,43,0.00010327645483781955
4,UPFC_Vse,5-15,0.06325524043681247,8,0.061608756331860415,MAP_PMU,43,0.0016464841049520507
5,UPFC_tse,5-15,-2.2000226740414663,8,-2.1888404503102423,MAP_PMU,43,0.011182223731224017
0,x_tcsc,1-14,-0.09898649240402886,9,-0.09895057091375115,MAP_PMU,43,3.592149027771552e-05
1,B_svc,2,0.16793688006056703,9,0.16791140385641468,MAP_PMU,43,2.5476204152358184e-05
2,UPFC_Vsh,5-15,1.108599145183221,9,1.1114400293974098,MAP_PMU,43,0.0028408842141889323
3,UPFC_tsh,5-15,-0.24361521352512752,9,-0.24350699109361115,MAP_PMU,43,0.00010822243151636934
4,UPFC_Vse,5-15,0.06279524653255728,9,0.061608756331860415,MAP_PMU,43,0.0011864902006968603
5,UPFC_tse,5-15,-2.206984765028836,9,-2.1888404503102423,MAP_PMU,43,0.01814431471859379
0,x_tcsc,1-14,-0.09902521269538019,10,-0.09895057091375115,MAP_PMU,43,7.464178162903956e-05
1,B_svc,2,0.1679498533338468,10,0.16791140385641468,MAP_PMU,43,3.8449477432117574e-05
2,UPFC_Vsh,5-15,1.1084089921466498,10,1.1114400293974098,MAP_PMU,43,0.003031037250760038
3,UPFC_tsh,5-15,-0.24356692740633099,10,-0.24350699109361115,MAP_PMU,43,5.9936312719832685e-05
4,UPFC_Vse,5-15,0.06289081790906739,10,0.061608756331860415,MAP_PMU,43,0.0012820615772069777
5,UPFC_tse,5-15,-2.2000536607057923,10,-2.1888404503102423,MAP_PMU,43,0.01121321039555001
0,x_tcsc,1-14,-0.09903201319654634,11,-0.09895057091375115,MAP_PMU,43,8.144228279519106e-05
1,B_svc,2,0.16812135913030407,11,0.16791140385641468,MAP_PMU,43,0.00020995527388939506
2,UPFC_Vsh,5-15,1.1085299228446892,11,1.1114400293974098,MAP_PMU,43,0.002910106552720615
3,UPFC_tsh,5-15,-0.24353884545284288,11,-0.24350699109361115,MAP_PMU,43,3.1854359231725526e-05
4,UPFC_Vse,5-15,0.06272741400474482,11,0.061608756331860415,MAP_PMU,43,0.00111865767288441
5,UPFC_tse,5-15,-2.1970790623077496,11,-2.1888404503102423,MAP_PMU,43,0.008238611997507306
0,x_tcsc,1-14,-0.09906693249431972,12,-0.09895057091375115,MAP_PMU,43,0.00011636158056857471
1,B_svc,2,0.16769384832858142,12,0.16791140385641468,MAP_PMU,43,0.0002175555278332575
2,UPFC_Vsh,5-15,1.1086812721358894,12,1.1114400293974098,MAP_PMU,43,0.002758757261520417
3,UPFC_tsh,5-15,-0.2435445115039049,12,-0.24350699109361115,MAP_PMU,43,3.752041029375652e-05
4,UPFC_Vse,5-15,0.06337805262160362,12,0.061608756331860415,MAP_PMU,43,0.0017692962897432052
5,UPFC_tse,5-15,-2.2045442137551086,12,-2.1888404503102423,MAP_PMU,43,0.015703763444866237
0,x_tcsc,1-14,-0.0990387467353836,13,-0.09895057091375115,MAP_PMU,43,8.817582163245241e-05
1,B_svc,2,0.1679581086607616,13,0.16791140385641468,MAP_PMU,43,4.670480434693092e-05
2,UPFC_Vsh,5-15,1.1085568150474336,13,1.1114400293974098,MAP_PMU,43,0.002883214349976182
3,UPFC_tsh,5-15,-0.24345398350317451,13,-0.24350699109361115,MAP_PMU,43,5.300759043663783e-05
4,UPFC_Vse,5-15,0.06232576665984657,13,0.061608756331860415,MAP_PMU,43,0.0007170103279861562
5,UPFC_tse,5-15,-2.2058101929812532,13,-2.1888404503102423,MAP_PMU,43,0.016969742671010923
0,x_tcsc,1-14,-0.09901661385090398,14,-0.09895057091375115,MAP_PMU,43,6.604293715282983e-05
1,B_svc,2,0.16772777175030376,14,0.16791140385641468,MAP_PMU,43,0.00018363210611091474
2,UPFC_Vsh,5-15,1.108865452994724,14,1.1114400293974098,MAP_PMU,43,0.0025745764026858797
3,UPFC_tsh,5-15,-0.24348108657897727,14,-0.24350699109361115,MAP_PMU,43,2.5904514633884324e-05
4,UPFC_Vse,5-15,0.06219823035026189,14,0.061608756331860415,MAP_PMU,43,0.0005894740184014743
5,UPFC_tse,5-15,-2.1857441508303634,14,-2.1888404503102423,MAP_PMU,43,0.0030962994798788834
0,x_tcsc,1-14,-0.09898046158034912,15,-0.09895057091375115,MAP_PMU,43,2.98906665979759e-05
1,B_svc,2,0.16766428195965263,15,0.16791140385641468,MAP_PMU,43,0.00024712189676204255
2,UPFC_Vsh,5-15,1.1088064983519998,15,1.1114400293974098,MAP_PMU,43,0.002633531045409976
3,UPFC_tsh,5-15,-0.24354501133562262,15,-0.24350699109361115,MAP_PMU,43,3.802024201146614e-05
4,UPFC_Vse,5-15,0.06265605306226524,15,0.061608756331860415,MAP_PMU,43,0.001047296730404823
5,UPFC_tse,5-15,-2.1981251411872895,15,-2.1888404503102423,MAP_PMU,43,0.009284690877047197
0,x_tcsc,1-14,-0.09903054886409333,16,-0.09895057091375115,MAP_PMU,43,7.99779503421888e-05
1,B_svc,2,0.16781409570474998,16,0.16791140385641468,MAP_PMU,43,9.730815166469897e-05
2,UPFC_Vsh,5-15,1.1089450840184678,16,1.1114400293974098,MAP_PMU,43,0.002494945378942015
3,UPFC_tsh,5-15,-0.24354527392998818,16,-0.24350699109361115,MAP_PMU,43,3.828283637702379e-05
4,UPFC_Vse,5-15,0.062121911829147614,16,0.061608756331860415,MAP_PMU,43,0.0005131554972871988
5,UPFC_tse,5-15,-2.196177769832291,16,-2.1888404503102423,MAP_PMU,43,0.007337319522048524
0,x_tcsc,1-14,-0.09903810610040542,17,-0.09895057091375115,MAP_PMU,43,8.753518665427507e-05
1,B_svc,2,0.16810021310034146,17,0.16791140385641468,MAP_PMU,43,0.00018880924392677967
2,UPFC_Vsh,5-15,1.1089783530552755,17,1.1114400293974098,MAP_PMU,43,0.0024616763421343446
3,UPFC_tsh,5-15,-0.24355283197027192,17,-0.24350699109361115,MAP_PMU,43,4.58408766607632e-05
4,UPFC_Vse,5-15,0.06285990365759402,17,0.061608756331860415,MAP_PMU,43,0.0012511473257336009
5,UPFC_tse,5-15,-2.183617055667429,17,-2.1888404503102423,MAP_PMU,43,0.005223394642813517
0,x_tcsc,1-14,-0.09900385026639628,18,-0.09895057091375115,MAP_PMU,43,5.327935264513861e-05
1,B_svc,2,0.16760977608671027,18,0.16791140385641468,MAP_PMU,43,0.0003016277697044101
2,UPFC_Vsh,5-15,1.108797214582713,18,1.1114400293974098,MAP_PMU,43,0.002642814814696859
3,UPFC_tsh,5-15,-0.24354814843566794,18,-0.24350699109361115,MAP_PMU,43,4.115734205678567e-05
4,UPFC_Vse,5-15,0.06270402195074283,18,0.061608756331860415,MAP_PMU,43,0.0010952656188824156
5,UPFC_tse,5-15,-2.200376389498264,18,-2.1888404503102423,MAP_PMU,43,0.011535939188021871
0,x_tcsc,1-14,-0.09901192973939363,19,-0.09895057091375115,MAP_PMU,43,6.13588256424824e-05
1,B_svc,2,0.16754474311936948,19,0.16791140385641468,MAP_PMU,43,0.00036666073704519353
2,UPFC_Vsh,5-15,1.1085135036425453,19,1.1114400293974098,MAP_PMU,43,0.0029265257548645174
3,UPFC_tsh,5-15,-0.2434911238707045,19,-0.24350699109361115,MAP_PMU,43,1.5867222906640333e-05
4,UPFC_Vse,5-15,0.06260480109460195,19,0.061608756331860415,MAP_PMU,43,0.000996044762741538
5,UPFC_tse,5-15,-2.1875049309572256,19,-2.1888404503102423,MAP_PMU,43,0.0013355193530166787
0,x_tcsc,1-14,-0.09902059947156859,20,-0.09895057091375115,MAP_PMU,43,7.002855781744477e-05
1,B_svc,2,0.16807246887479832,20,0.16791140385641468,MAP_PMU,43,0.00016106501838364373
2,UPFC_Vsh,5-15,1.108738951684599,20,1.1114400293974098,MAP_PMU,43,0.0027010777128109176
3,UPFC_tsh,5-15,-0.24364593405701512,20,-0.24350699109361115,MAP_PMU,43,0.00013894296340397072
4,UPFC_Vse,5-15,0.06254918813653716,20,0.061608756331860415,MAP_PMU,43,0.0009404318046767474
5,UPFC_tse,5-15,-2.1999712714304076,20,-2.1888404503102423,MAP_PMU,43,0.01113082112016528
0,x_tcsc,1-14,-0.09904005626634727,21,-0.09895057091375115,MAP_PMU,43,8.948535259611923e-05
1,B_svc,2,0.1683238713227801,21,0.16791140385641468,MAP_PMU,43,0.0004124674663654182
2,UPFC_Vsh,5-15,1.1090974661793023,21,1.1114400293974098,MAP_PMU,43,0.0023425632181075517
3,UPFC_tsh,5-15,-0.24356727847700646,21,-0.24350699109361115,MAP_PMU,43,6.02873833953077e-05
4,UPFC_Vse,5-15,0.06252875897332304,21,0.061608756331860415,MAP_PMU,43,0.0009200026414626222
5,UPFC_tse,5-15,-2.1962520644040944,21,-2.1888404503102423,MAP_PMU,43,0.007411614093852048
0,x_tcsc,1-14,-0.09899195283001845,22,-0.09895057091375115,MAP_PMU,43,4.138191626730514e-05
1,B_svc,2,0.1676664416310279,22,0.16791140385641468,MAP_PMU,43,0.00024496222538678003
2,UPFC_Vsh,5-15,1.1084137402683096,22,1.1114400293974098,MAP_PMU,43,0.0030262891291001903
3,UPFC_tsh,5-15,-0.24351742318466538,22,-0.24350699109361115,MAP_PMU,43,1.043209105422438e-05
4,UPFC_Vse,5-15,0.06267513220446419,22,0.061608756331860415,MAP_PMU,43,0.0010663758726037753
5,UPFC_tse,5-15,-2.1958903054125103,22,-2.1888404503102423,MAP_PMU,43,0.007049855102267966
0,x_tcsc,1-14,-0.09908542344927994,23,-0.09895057091375115,MAP_PMU,43,0.00013485253552879273
1,B_svc,2,0.16832683256659461,23,0.16791140385641468,MAP_PMU,43,0.0004154287101799381
2,UPFC_Vsh,5-15,1.108721686038922,23,1.1114400293974098,MAP_PMU,43,0.0027183433584878625
3,UPFC_tsh,5-15,-0.2435878615774128,23,-0.24350699109361115,MAP_PMU,43,8.08704838016483e-05
4,UPFC_Vse,5-15,0.06257020152920341,23,0.061608756331860415,MAP_PMU,43,0.0009614451973429944
5,UPFC_tse,5-15,-2.1905703423478875,23,-2.1888404503102423,MAP_PMU,43,0.0017298920376451754
0,x_tcsc,1-14,-0.09903890074832204,24,-0.09895057091375115,MAP_PMU,43,8.83298345708966e-05
1,B_svc,2,0.168155800637376,24,0.16791140385641468,MAP_PMU,43,0.0002443967809613312
2,UPFC_Vsh,5-15,1.108941493404264,24,1.1114400293974098,MAP_PMU,43,0.0024985359931457563
3,UPFC_tsh,5-15,-0.2435365412252553,24,-0.24350699109361115,MAP_PMU,43,2.9550131644157096e-05
4,UPFC_Vse,5-15,0.06320404985625455,24,0.061608756331860415,MAP_PMU,43,0.0015952935243941369
5,UPFC_tse,5-15,-2.2044418864918125,24,-2.1888404503102423,MAP_PMU,43,0.015601436181570172
0,x_tcsc,1-14,-0.09902545806565416,25,-0.09895057091375115,MAP_PMU,43,7.488715190301365e-05
1,B_svc,2,0.16832444985350747,25,0.16791140385641468,MAP_PMU,43,0.000413045997092798
2,UPFC_Vsh,5-15,1.1088011209311597,25,1.1114400293974098,MAP_PMU,43,0.002638908466250145
3,UPFC_tsh,5-15,-0.24358280634667237,25,-0.24350699109361115,MAP_PMU,43,7.581525306121772e-05
4,UPFC_Vse,5-15,0.06277266178140013,25,0.061608756331860415,MAP_PMU,43,0.0011639054495397178
5,UPFC_tse,5-15,-2.2003456251239473,25,-2.1888404503102423,MAP_PMU,43,0.011505174813704944
0,x_tcsc,1-14,-0.09899431190450975,26,-0.09895057091375115,MAP_PMU,43,4.3740990758600606e-05
1,B_svc,2,0.1680629941458407,26,0.16791140385641468,MAP_PMU,43,0.00015159028942601793
2,UPFC_Vsh,5-15,1.1085623011145833,26,1.1114400293974098,MAP_PMU,43,0.0028777282828265083
3,UPFC_tsh,5-15,-0.2435311171368889,26,-0.24350699109361115,MAP_PMU,43,2.4126043277755693e-05
4,UPFC_Vse,5-15,0.06267158292760792,26,0.061608756331860415,MAP_PMU,43,0.0010628265957475097
5,UPFC_tse,5-15,-2.2000077295686786,26,-2.1888404503102423,MAP_PMU,43,0.011167279258436302
0,x_tcsc,1-14,-0.09898410129397243,27,-0.09895057091375115,MAP_PMU,43,3.353038022128885e-05
1,B_svc,2,0.16792004301041233,27,0.16791140385641468,MAP_PMU,43,8.639153997652693e-06
2,UPFC_Vsh,5-15,1.1088384927541464,27,1.1114400293974098,MAP_PMU,43,0.002601536643263458
3,UPFC_tsh,5-15,-0.243561081359268,27,-0.24350699109361115,MAP_PMU,43,5.40902656568365e-05
4,UPFC_Vse,5-15,0.062285646696658155,27,0.061608756331860415,MAP_PMU,43,0.0006768903647977401
5,UPFC_tse,5-15,-2.2057579193488572,27,-2.1888404503102423,MAP_PMU,43,0.016917469038614907
0,x_tcsc,1-14,-0.09900250301379117,28,-0.09895057091375115,MAP_PMU,43,5.1932100040022466e-05
1,B_svc,2,0.1679281928431332,28,0.16791140385641468,MAP_PMU,43,1.678898671853002e-05
2,UPFC_Vsh,5-15,1.108571529095647,28,1.1114400293974098,MAP_PMU,43,0.0028685003017627775
3,UPFC_tsh,5-15,-0.24356769290670985,28,-0.24350699109361115,MAP_PMU,43,6.070181309869582e-05
4,UPFC_Vse,5-15,0.06271116267362352,28,0.061608756331860415,MAP_PMU,43,0.0011024063417631041
5,UPFC_tse,5-15,-2.202942861161484,28,-2.1888404503102423,MAP_PMU,43,0.014102410851241753
0,x_tcsc,1-14,-0.09908309946583274,29,-0.09895057091375115,MAP_PMU,43,0.00013252855208159553
1,B_svc,2,0.16786586230234854,29,0.16791140385641468,MAP_PMU,43,4.554155406613636e-05
2,UPFC_Vsh,5-15,1.1085925370943182,29,1.1114400293974098,MAP_PMU,43,0.00284749230309167
3,UPFC_tsh,5-15,-0.24353644343287523,29,-0.24350699109361115,MAP_PMU,43,2.9452339264074423e-05
4,UPFC_Vse,5-15,0.06258238608204562,29,0.061608756331860415,MAP_PMU,43,0.0009736297501852093
5,UPFC_tse,5-15,-2.1974197004822527,29,-2.1888404503102423,MAP_PMU,43,0.008579250172010333
0,x_tcsc,1-14,-0.09899934254642116,30,-0.09895057091375115,MAP_PMU,43,4.877163267001661e-05
1,B_svc,2,0.16801540180647262,30,0.16791140385641468,MAP_PMU,43,0.00010399795005794354
2,UPFC_Vsh,5-15,1.108703179851281,30,1.1114400293974098,MAP_PMU,43,0.00273684954612885
3,UPFC_tsh,5-15,-0.24354772179857664,30,-0.24350699109361115,MAP_PMU,43,4.073070496549147e-05
4,UPFC_Vse,5-15,0.06307782311536152,30,0.061608756331860415,MAP_PMU,43,0.0014690667835011023
5,UPFC_tse,5-15,-2.200719180074112,30,-2.1888404503102423,MAP_PMU,43,0.011878729763869611
0,x_tcsc,1-14,-0.09898315871202709,31,-0.09895057091375115,MAP_PMU,43,3.2587798275945934e-05
1,B_svc,2,0.16777150657050052,31,0.16791140385641468,MAP_PMU,43,0.0001398972859141534
2,UPFC_Vsh,5-15,1.1087229986933673,31,1.1114400293974098,MAP_PMU,43,0.0027170307040425
3,UPFC_tsh,5-15,-0.24352737740954175,31,-0.24350699109361115,MAP_PMU,43,2.0386315930598364e-05
4,UPFC_Vse,5-15,0.06264391930401397,31,0.061608756331860415,MAP_PMU,43,0.0010351629721535582
5,UPFC_tse,5-15,-2.1996287422684393,31,-2.1888404503102423,MAP_PMU,43,0.010788291958196972
0,x_tcsc,1-14,-0.09900501479195137,32,-0.09895057091375115,MAP_PMU,43,5.444387820022212e-05
1,B_svc,2,0.16815826096956563,32,0.16791140385641468,MAP_PMU,43,0.00024685711315095005
2,UPFC_Vsh,5-15,1.1089463022883392,32,1.1114400293974098,MAP_PMU,43,0.002493727109070587
3,UPFC_tsh,5-15,-0.2435510806532012,32,-0.24350699109361115,MAP_PMU,43,4.408955959003813e-05
4,UPFC_Vse,5-15,0.06260148921026155,32,0.061608756331860415,MAP_PMU,43,0.0009927328784011397
5,UPFC_tse,5-15,-2.1933359623736512,32,-2.1888404503102423,MAP_PMU,43,0.004495512063408924
0,x_tcsc,1-14,-0.09901282945740257,33,-0.09895057091375115,MAP_PMU,43,6.225854365142502e-05
1,B_svc,2,0.1676716943465581,33,0.16791140385641468,MAP_PMU,43,0.00023970950985657824
2,UPFC_Vsh,5-15,1.1088801093417846,33,1.1114400293974098,MAP_PMU,43,0.00255992005562522
3,UPFC_tsh,5-15,-0.2435321938438017,33,-0.24350699109361115,MAP_PMU,43,2.5202750190550516e-05
4,UPFC_Vse,5-15,0.06246966965799022,33,0.061608756331860415,MAP_PMU,43,0.0008609133261298085
5,UPFC_tse,5-15,-2.194248865263172,33,-2.1888404503102423,MAP_PMU,43,0.005408414952929874
0,x_tcsc,1-14,-0.09900655593376106,34,-0.09895057091375115,MAP_PMU,43,5.5985020009918784e-05
1,B_svc,2,0.16808245754667686,34,0.16791140385641468,MAP_PMU,43,0.0001710536902621851
2,UPFC_Vsh,5-15,1.1087275108195185,34,1.1114400293974098,MAP_PMU,43,0.002712518577891343
3,UPFC_tsh,5-15,-0.24354403339225736,34,-0.24350699109361115,MAP_PMU,43,3.704229864620601e-05
4,UPFC_Vse,5-15,0.06301261136270744,34,0.061608756331860415,MAP_PMU,43,0.0014038550308470288
5,UPFC_tse,5-15,-2.1916645641179437,34,-2.1888404503102423,MAP_PMU,43,0.0028241138077014227
0,x_tcsc,1-14,-0.09901440691283643,35,-0.09895057091375115,MAP_PMU,43,6.383599908528492e-05
1,B_svc,2,0.16820083510844822,35,0.16791140385641468,MAP_PMU,43,0.0002894312520335396
2,UPFC_Vsh,5-15,1.108645807630956,35,1.1114400293974098,MAP_PMU,43,0.0027942217664538305
3,UPFC_tsh,5-15,-0.2435189510509871,35,-0.24350699109361115,MAP_PMU,43,1.195995737593436e-05
4,UPFC_Vse,5-15,0.06266353795207534,35,0.061608756331860415,MAP_PMU,43,0.0010547816202149257
5,UPFC_tse,5-15,-2.1968806959479603,35,-2.1888404503102423,MAP_PMU,43,0.008040245637717991
0,x_tcsc,1-14,-0.09904632879609221,36,-0.09895057091375115,MAP_PMU,43,9.57578823410632e-05
1,B_svc,2,0.16785640952884617,36,0.16791140385641468,MAP_PMU,43,5.4994327568502754e-05
2,UPFC_Vsh,5-15,1.1088368149625498,36,1.1114400293974098,MAP_PMU,43,0.0026032144348600017
3,UPFC_tsh,5-15,-0.24346848031670726,36,-0.24350699109361115,MAP_PMU,43,3.851077690389393e-05
4,UPFC_Vse,5-15,0.062305288390195716,36,0.061608756331860415,MAP_PMU,43,0.0006965320583353016
5,UPFC_tse,5-15,-2.1945434377863164,36,-2.1888404503102423,MAP_PMU,43,0.005702987476074117
0,x_tcsc,1-14,-0.09901080223559615,37,-0.09895057091375115,MAP_PMU,43,6.0231321845002905e-05
1,B_svc,2,0.1675970434109064,37,0.16791140385641468,MAP_PMU,43,0.0003143604455082827
2,UPFC_Vsh,5-15,1.1088198774461158,37,1.1114400293974098,MAP_PMU,43,0.0026201519512940585
3,UPFC_tsh,5-15,-0.2435155088861537,37,-0.24350699109361115,MAP_PMU,43,8.517792542545033e-06
4,UPFC_Vse,5-15,0.062211550429434374,37,0.061608756331860415,MAP_PMU,43,0.0006027940975739596
5,UPFC_tse,5-15,-2.193054421676578,37,-2.1888404503102423,MAP_PMU,43,0.004213971366335834
0,x_tcsc,1-14,-0.09906657637973908,38,-0.09895057091375115,MAP_PMU,43,0.00011600546598793116
1,B_svc,2,0.16736237607594803,38,0.16791140385641468,MAP_PMU,43,0.0005490277804666432
2,UPFC_Vsh,5-15,1.1084025427023796,38,1.1114400293974098,MAP_PMU,43,0.0030374866950302337
3,UPFC_tsh,5-15,-0.24356078294464825,38,-0.24350699109361115,MAP_PMU,43,5.379185103709938e-05
4,UPFC_Vse,5-15,0.06247983967156291,38,0.061608756331860415,MAP_PMU,43,0.000871083339702497
5,UPFC_tse,5-15,-2.1978686411450963,38,-2.1888404503102423,MAP_PMU,43,0.009028190834853955
0,x_tcsc,1-14,-0.0991026568818242,39,-0.09895057091375115,MAP_PMU,43,0.00015208596807304853
1,B_svc,2,0.16786944824643102,39,0.16791140385641468,MAP_PMU,43,4.1955609983657105e-05
2,UPFC_Vsh,5-15,1.1084087559399722,39,1.1114400293974098,MAP_PMU,43,0.003031273457437589
3,UPFC_tsh,5-15,-0.24362222679158507,39,-0.24350699109361115,MAP_PMU,43,0.00011523569797391997
4,UPFC_Vse,5-15,0.0626615452925865,39,0.061608756331860415,MAP_PMU,43,0.001052788960726081
5,UPFC_tse,5-15,-2.201439691171192,39,-2.1888404503102423,MAP_PMU,43,0.012599240860949656
0,x_tcsc,1-14,-0.09904250357755884,40,-0.09895057091375115,MAP_PMU,43,9.193266380769227e-05
1,B_svc,2,0.16720690999818089,40,0.16791140385641468,MAP_PMU,43,0.0007044938582337901
2,UPFC_Vsh,5-15,1.108630271170425,40,1.1114400293974098,MAP_PMU,43,0.0028097582269848154
3,UPFC_tsh,5-15,-0.24351109611674682,40,-0.24350699109361115,MAP_PMU,43,4.1050231356642986e-06
4,UPFC_Vse,5-15,0.06255723922011519,40,0.061608756331860415,MAP_PMU,43,0.0009484828882547758
5,UPFC_tse,5-15,-2.2012186787673795,40,-2.1888404503102423,MAP_PMU,43,0.012378228457137208
0,x_tcsc,1-14,-0.09903821495081735,41,-0.09895057091375115,MAP_PMU,43,8.764403706620905e-05
1,B_svc,2,0.168006951079037,41,0.16791140385641468,MAP_PMU,43,9.554722262231086e-05
2,UPFC_Vsh,5-15,1.1086977276056524,41,1.1114400293974098,MAP_PMU,43,0.0027423017917573844
3,UPFC_tsh,5-15,-0.24360477487475027,41,-0.24350699109361115,MAP_PMU,43,9.778378113911579e-05
4,UPFC_Vse,5-15,0.06298568978106664,41,0.061608756331860415,MAP_PMU,43,0.0013769334492062246
5,UPFC_tse,5-15,-2.200330665643209,41,-2.1888404503102423,MAP_PMU,43,0.011490215332966791
0,x_tcsc,1-14,-0.09904100739169372,42,-0.09895057091375115,MAP_PMU,43,9.04364779425737e-05
1,B_svc,2,0.16778140231081268,42,0.16791140385641468,MAP_PMU,43,0.00013000154560199872
2,UPFC_Vsh,5-15,1.1086368807955211,42,1.1114400293974098,MAP_PMU,43,0.002803148601888683
3,UPFC_tsh,5-15,-0.24360776337644682,42,-0.24350699109361115,MAP_PMU,43,0.00010077228283567052
4,UPFC_Vse,5-15,0.06252054669417041,42,0.061608756331860415,MAP_PMU,43,0.0009117903623099971
5,UPFC_tse,5-15,-2.1990727316052077,42,-2.1888404503102423,MAP_PMU,43,0.01023228129496534
0,x_tcsc,1-14,-0.09903820985309787,43,-0.09895057091375115,MAP_PMU,43,8.76389393467264e-05
1,B_svc,2,0.16788279005208406,43,0.16791140385641468,MAP_PMU,43,2.861380433061278e-05
2,UPFC_Vsh,5-15,1.109059636541952,43,1.1114400293974098,MAP_PMU,43,0.002380392855457769
3,UPFC_tsh,5-15,-0.24353643076720452,43,-0.24350699109361115,MAP_PMU,43,2.9439673593367743e-05
4,UPFC_Vse,5-15,0.06288054293718327,43,0.061608756331860415,MAP_PMU,43,0.0012717866053228583
5,UPFC_tse,5-15,-2.1980013901510236,43,-2.1888404503102423,MAP_PMU,43,0.009160939840781257
0,x_tcsc,1-14,-0.09900794241119375,44,-0.09895057091375115,MAP_PMU,43,5.7371497442601505e-05
1,B_svc,2,0.1682204990217758,44,0.16791140385641468,MAP_PMU,43,0.0003090951653611229
2,UPFC_Vsh,5-15,1.109120521582685,44,1.1114400293974098,MAP_PMU,43,0.002319507814724897
3,UPFC_tsh,5-15,-0.243468204430918,44,-0.24350699109361115,MAP_PMU,43,3.878666269316322e-05
4,UPFC_Vse,5-15,0.06308173661060665,44,0.061608756331860415,MAP_PMU,43,0.0014729802787462332
5,UPFC_tse,5-15,-2.179507496540434,44,-2.1888404503102423,MAP_PMU,43,0.009332953769808139
0,x_tcsc,1-14,-0.09901975008350226,45,-0.09895057091375115,MAP_PMU,43,6.917916975111849e-05
1,B_svc,2,0.16815858719176893,45,0.16791140385641468,MAP_PMU,43,0.0002471833353542563
2,UPFC_Vsh,5-15,1.1087410736689745,45,1.1114400293974098,MAP_PMU,43,0.0026989557284353705
3,UPFC_tsh,5-15,-0.24351515587840497,45,-0.24350699109361115,MAP_PMU,43,8.164784793818214e-06
4,UPFC_Vse,5-15,0.06290940802892334,45,0.061608756331860415,MAP_PMU,43,0.0013006516970629212
5,UPFC_tse,5-15,-2.1952138691354515,45,-2.1888404503102423,MAP_PMU,43,0.006373418825209143
0,x_tcsc,1-14,-0.09902628182264263,46,-0.09895057091375115,MAP_PMU,43,7.571090889148258e-05
1,B_svc,2,0.1678401959074185,46,0.16791140385641468,MAP_PMU,43,7.1207948996177e-05
2,UPFC_Vsh,5-15,1.1084598040739941,46,1.1114400293974098,MAP_PMU,43,0.002980225323415686
3,UPFC_tsh,5-15,-0.24355379365667135,46,-0.24350699109361115,MAP_PMU,43,4.680256306019426e-05
4,UPFC_Vse,5-15,0.06274799681579238,46,0.061608756331860415,MAP_PMU,43,0.0011392404839319636
5,UPFC_tse,5-15,-2.194355905010988,46,-2.1888404503102423,MAP_PMU,43,0.005515454700745881
0,x_tcsc,1-14,-0.09903512577208967,47,-0.09895057091375115,MAP_PMU,43,8.455485833852583e-05
1,B_svc,2,0.16774791162048241,47,0.16791140385641468,MAP_PMU,43,0.00016349223593226103
2,UPFC_Vsh,5-15,1.1091391319611956,47,1.1114400293974098,MAP_PMU,43,0.0023008974362142
3,UPFC_tsh,5-15,-0.24349145000850034,47,-0.24350699109361115,MAP_PMU,43,1.554108511081509e-05
4,UPFC_Vse,5-15,0.06234198793423951,47,0.061608756331860415,MAP_PMU,43,0.0007332316023790919
5,UPFC_tse,5-15,-2.1862660551554285,47,-2.1888404503102423,MAP_PMU,43,0.0025743951548138355
0,x_tcsc,1-14,-0.09907490944556631,48,-0.09895057091375115,MAP_PMU,43,0.00012433853181516297
1,B_svc,2,0.16772764463592657,48,0.16791140385641468,MAP_PMU,43,0.00018375922048810556
2,UPFC_Vsh,5-15,1.1086623864856189,48,1.1114400293974098,MAP_PMU,43,0.002777642911790945
3,UPFC_tsh,5-15,-0.24359174664605604,48,-0.24350699109361115,MAP_PMU,43,8.47555524448873e-05
4,UPFC_Vse,5-15,0.06244550531085232,48,0.061608756331860415,MAP_PMU,43,0.0008367489789919066
5,UPFC_tse,5-15,-2.196802261763203,48,-2.1888404503102423,MAP_PMU,43,0.00796181145296071
0,x_tcsc,1-14,-0.09898605644132086,49,-0.09895057091375115,MAP_PMU,43,3.5485527569711905e-05
1,B_svc,2,0.1682479257781381,49,0.16791140385641468,MAP_PMU,43,0.0003365219217234261
2,UPFC_Vsh,5-15,1.1091037603321405,49,1.1114400293974098,MAP_PMU,43,0.002336269065269292
3,UPFC_tsh,5-15,-0.24346921842953087,49,-0.24350699109361115,MAP_PMU,43,3.777266408028224e-05
4,UPFC_Vse,5-15,0.062120671849943764,49,0.061608756331860415,MAP_PMU,43,0.0005119155180833487
5,UPFC_tse,5-15,-2.1861181319816807,49,-2.1888404503102423,MAP_PMU,43,0.0027223183285616237
0,x_tcsc,1-14,-0.09900224120639184,50,-0.09895057091375115,MAP_PMU,43,5.1670292640693116e-05
1,B_svc,2,0.1677244818500902,50,0.16791140385641468,MAP_PMU,43,0.00018692200632447475
2,UPFC_Vsh,5-15,1.1085219864641833,50,1.1114400293974098,MAP_PMU,43,0.0029180429332265057
3,UPFC_tsh,5-15,-0.2435095024340742,50,-0.24350699109361115,MAP_PMU,43,2.5113404630572322e-06
4,UPFC_Vse,5-15,0.06304897327070091,50,0.061608756331860415,MAP_PMU,43,0.0014402169388404995
5,UPFC_tse,5-15,-2.196793944138457,50,-2.1888404503102423,MAP_PMU,43,0.007953493828214864
0,x_tcsc,1-14,-0.09901826263079963,51,-0.09895057091375115,MAP_PMU,43,6.769171704848476e-05
1,B_svc,2,0.16823524187905406,51,0.16791140385641468,MAP_PMU,43,0.00032383802263938333
2,UPFC_Vsh,5-15,1.1087122380284138,51,1.1114400293974098,MAP_PMU,43,0.0027277913689960354
3,UPFC_tsh,5-15,-0.24362075471596703,51,-0.24350699109361115,MAP_PMU,43,0.000113763622355878
4,UPFC_Vse,5-15,0.0630623949991996,51,0.061608756331860415,MAP_PMU,43,0.001453638667339191
5,UPFC_tse,5-15,-2.2009469168504205,51,-2.1888404503102423,MAP_PMU,43,0.012106466540178218
0,x_tcsc,1-14,-0.0990019405007343,52,-0.09895057091375115,MAP_PMU,43,5.136958698315208e-05
1,B_svc,2,0.16832597356209364,52,0.16791140385641468,MAP_PMU,43,0.00041456970567896323
2,UPFC_Vsh,5-15,1.109041519142418,52,1.1114400293974098,MAP_PMU,43,0.0023985102549917148
3,UPFC_tsh,5-15,-0.243491191315975,52,-0.24350699109361115,MAP_PMU,43,1.5799777636160695e-05
4,UPFC_Vse,5-15,0.06293806816799777,52,0.061608756331860415,MAP_PMU,43,0.0013293118361373535
5,UPFC_tse,5-15,-2.1968611129366695,52,-2.1888404503102423,MAP_PMU,43,0.0080206626264272
0,x_tcsc,1-14,-0.0990005983645807,53,-0.09895057091375115,MAP_PMU,43,5.00274508295484e-05
1,B_svc,2,0.16768507284619924,53,0.16791140385641468,MAP_PMU,43,0.0002263310102154359
2,UPFC_Vsh,5-15,1.1086094474861012,53,1.1114400293974098,MAP_PMU,43,0.002830581911308583
3,UPFC_tsh,5-15,-0.24350137339926942,53,-0.24350699109361115,MAP_PMU,43,5.617694341736312e-06
4,UPFC_Vse,5-15,0.06290596079804449,53,0.061608756331860415,MAP_PMU,43,0.0012972044661840737
5,UPFC_tse,5-15,-2.1970605447193705,53,-2.1888404503102423,MAP_PMU,43,0.008220094409128187
0,x_tcsc,1-14,-0.09904698176755296,54,-0.09895057091375115,MAP_PMU,43,9.641085380181214e-05
1,B_svc,2,0.16807351894087527,54,0.16791140385641468,MAP_PMU,43,0.00016211508446059564
2,UPFC_Vsh,5-15,1.1088462246401436,54,1.1114400293974098,MAP_PMU,43,0.002593804757266227
3,UPFC_tsh,5-15,-0.24345956155342438,54,-0.24350699109361115,MAP_PMU,43,4.7429540186771924e-05
4,UPFC_Vse,5-15,0.06261569845133963,54,0.061608756331860415,MAP_PMU,43,0.001006942119479215
5,UPFC_tse,5-15,-2.192614535735694,54,-2.1888404503102423,MAP_PMU,43,0.0037740854254515455
0,x_tcsc,1-14,-0.09901811693778237,55,-0.09895057091375115,MAP_PMU,43,6.754602403122312e-05
1,B_svc,2,0.16835769342953344,55,0.16791140385641468,MAP_PMU,43,0.00044628957311876327
2,UPFC_Vsh,5-15,1.1087970481673501,55,1.1114400293974098,MAP_PMU,43,0.0026429812300596822
3,UPFC_tsh,5-15,-0.24356571986137698,55,-0.24350699109361115,MAP_PMU,43,5.8728767765831025e-05
4,UPFC_Vse,5-15,0.06293774806917134,55,0.061608756331860415,MAP_PMU,43,0.0013289917373109222
5,UPFC_tse,5-15,-2.1889107960307816,55,-2.1888404503102423,MAP_PMU,43,7.034572053932209e-05
0,x_tcsc,1-14,-0.09909652795093855,56,-0.09895057091375115,MAP_PMU,43,0.00014595703718740805
1,B_svc,2,0.16829486063518412,56,0.16791140385641468,MAP_PMU,43,0.00038345677876944206
2,UPFC_Vsh,5-15,1.1085461676299417,56,1.1114400293974098,MAP_PMU,43,0.0028938617674680867
3,UPFC_tsh,5-15,-0.2435901362530064,56,-0.24350699109361115,MAP_PMU,43,8.314515939525369e-05
4,UPFC_Vse,5-15,0.06222374025866671,56,0.061608756331860415,MAP_PMU,43,0.0006149839268062979
5,UPFC_tse,5-15,-2.188010564149504,56,-2.1888404503102423,MAP_PMU,43,0.0008298861607385355
0,x_tcsc,1-14,-0.09902503956976892,57,-0.09895057091375115,MAP_PMU,43,7.446865601777597e-05
1,B_svc,2,0.16819101279459678,57,0.16791140385641468,MAP_PMU,43,0.0002796089381821021
2,UPFC_Vsh,5-15,1.1083238024483324,57,1.1114400293974098,MAP_PMU,43,0.0031162269490774275
3,UPFC_tsh,5-15,-0.24350173434400568,57,-0.24350699109361115,MAP_PMU,43,5.256749605470068e-06
4,UPFC_Vse,5-15,0.06255282104857682,57,0.061608756331860415,MAP_PMU,43,0.0009440647167164029
5,UPFC_tse,5-15,-2.198180728593586,57,-2.1888404503102423,MAP_PMU,43,0.009340278283343828
0,x_tcsc,1-14,-0.09907889486280684,58,-0.09895057091375115,MAP_PMU,43,0.00012832394905569477
1,B_svc,2,0.16782273015240212,58,0.16791140385641468,MAP_PMU,43,8.867370401255403e-05
2,UPFC_Vsh,5-15,1.1087361668992355,58,1.1114400293974098,MAP_PMU,43,0.0027038624981743364
3,UPFC_tsh,5-15,-0.243550532008455,58,-0.24350699109361115,MAP_PMU,43,4.3540914843848144e-05
4,UPFC_Vse,5-15,0.06252482752388892,58,0.061608756331860415,MAP_PMU,43,0.0009160711920285086
5,UPFC_tse,5-15,-2.186793882338868,58,-2.1888404503102423,MAP_PMU,43,0.002046567971374369
0,x_tcsc,1-14,-0.09909093287403783,59,-0.09895057091375115,MAP_PMU,43,0.00014036196028668901
1,B_svc,2,0.16765845901463808,59,0.16791140385641468,MAP_PMU,43,0.0002529448417765978
2,UPFC_Vsh,5-15,1.1085834071723522,59,1.1114400293974098,MAP_PMU,43,0.00285662222505767
3,UPFC_tsh,5-15,-0.24353203416587357,59,-0.24350699109361115,MAP_PMU,43,2.504307226242064e-05
4,UPFC_Vse,5-15,0.06238380747282023,59,0.061608756331860415,MAP_PMU,43,0.0007750511409598121
5,UPFC_tse,5-15,-2.185175213586142,59,-2.1888404503102423,MAP_PMU,43,0.0036652367241001294
0,x_tcsc,1-14,-0.09902029690910392,60,-0.09895057091375115,MAP_PMU,43,6.972599535277901e-05
1,B_svc,2,0.16833879954511305,60,0.16791140385641468,MAP_PMU,43,0.0004273956886983732
2,UPFC_Vsh,5-15,1.1087618995737196,60,1.1114400293974098,MAP_PMU,43,0.0026781298236902007
3,UPFC_tsh,5-15,-0.2435054393733517,60,-0.24350699109361115,MAP_PMU,43,1.5517202594517165e-06
4,UPFC_Vse,5-15,0.062333912759592235,60,0.061608756331860415,MAP_PMU,43,0.0007251564277318198
5,UPFC_tse,5-15,-2.204515035083786,60,-2.1888404503102423,MAP_PMU,43,0.015674584773543554
0,x_tcsc,1-14,-0.09905631778961616,61,-0.09895057091375115,MAP_PMU,43,0.0001057468758650093
1,B_svc,2,0.16774446024448597,61,0.16791140385641468,MAP_PMU,43,0.00016694361192870488
2,UPFC_Vsh,5-15,1.108933266043164,61,1.1114400293974098,MAP_PMU,43,0.0025067633542459333
3,UPFC_tsh,5-15,-0.24350018810805912,61,-0.24350699109361115,MAP_PMU,43,6.802985552029073e-06
4,UPFC_Vse,5-15,0.06280391693813614,61,0.061608756331860415,MAP_PMU,43,0.0011951606062757247
5,UPFC_tse,5-15,-2.1975513506240354,61,-2.1888404503102423,MAP_PMU,43,0.008710900313793069
0,x_tcsc,1-14,-0.09899817369641911,62,-0.09895057091375115,MAP_PMU,43,4.7602782667965915e-05
1,B_svc,2,0.16761941527151641,62,0.16791140385641468,MAP_PMU,43,0.00029198858489826174
2,UPFC_Vsh,5-15,1.1083440179885125,62,1.1114400293974098,MAP_PMU,43,0.00309601140889737
3,UPFC_tsh,5-15,-0.24356448666815397,62,-0.24350699109361115,MAP_PMU,43,5.7495574542820727e-05
4,UPFC_Vse,5-15,0.06267883920228878,62,0.061608756331860415,MAP_PMU,43,0.0010700828704283682
5,UPFC_tse,5-15,-2.201500742344211,62,-2.1888404503102423,MAP_PMU,43,0.012660292033968457
0,x_tcsc,1-14,-0.09904029057207939,63,-0.09895057091375115,MAP_PMU,43,8.971965832824114e-05
1,B_svc,2,0.16768709524066058,63,0.16791140385641468,MAP_PMU,43,0.000224308615754093
2,UPFC_Vsh,5-15,1.108752508507596,63,1.1114400293974098,MAP_PMU,43,0.0026875208898138325
3,UPFC_tsh,5-15,-0.24347996533841443,63,-0.24350699109361115,MAP_PMU,43,2.7025755196724566e-05
4,UPFC_Vse,5-15,0.06232294352152312,63,0.061608756331860415,MAP_PMU,43,0.0007141871896627072
5,UPFC_tse,5-15,-2.1924838304832126,63,-2.1888404503102423,MAP_PMU,43,0.0036433801729702786
0,x_tcsc,1-14,-0.09898336012499198,64,-0.09895057091375115,MAP_PMU,43,3.278921124083567e-05
1,B_svc,2,0.1678311534733085,64,0.16791140385641468,MAP_PMU,43,8.02503831061896e-05
2,UPFC_Vsh,5-15,1.1088832608358195,64,1.1114400293974098,MAP_PMU,43,0.0025567685615903724
3,UPFC_tsh,5-15,-0.24353403433889434,64,-0.24350699109361115,MAP_PMU,43,2.7043245283187023e-05
4,UPFC_Vse,5-15,0.06273345488992484,64,0.061608756331860415,MAP_PMU,43,0.0011246985580644214
5,UPFC_tse,5-15,-2.1918757161809723,64,-2.1888404503102423,MAP_PMU,43,0.0030352658707299973
0,x_tcsc,1-14,-0.09904090299454209,65,-0.09895057091375115,MAP_PMU,43,9.03320807909419e-05
1,B_svc,2,0.16815413189355785,65,0.16791140385641468,MAP_PMU,43,0.00024272803714317503
2,UPFC_Vsh,5-15,1.1090597985855504,65,1.1114400293974098,MAP_PMU,43,0.0023802308118594517
3,UPFC_tsh,5-15,-0.2434860029408807,65,-0.24350699109361115,MAP_PMU,43,2.098815273043897e-05
4,UPFC_Vse,5-15,0.062439846493441434,65,0.061608756331860415,MAP_PMU,43,0.000831090161581019
5,UPFC_tse,5-15,-2.1984323532059085,65,-2.1888404503102423,MAP_PMU,43,0.009591902895666138
0,x_tcsc,1-14,-0.09900413574521998,66,-0.09895057091375115,MAP_PMU,43,5.356483146883029e-05
1,B_svc,2,0.1680648426289264,66,0.16791140385641468,MAP_PMU,43,0.000153438772511727
2,UPFC_Vsh,5-15,1.1086512611891186,66,1.1114400293974098,MAP_PMU,43,0.0027887682082912146
3,UPFC_tsh,5-15,-0.24353292947297703,66,-0.24350699109361115,MAP_PMU,43,2.5938379365875175e-05
4,UPFC_Vse,5-15,0.06288234875523356,66,0.061608756331860415,MAP_PMU,43,0.001273592423373146
5,UPFC_tse,5-15,-2.1930047208600847,66,-2.1888404503102423,MAP_PMU,43,0.004164270549842364
0,x_tcsc,1-14,-0.09903237843860462,67,-0.09895057091375115,MAP_PMU,43,8.180752485346943e-05
1,B_svc,2,0.16802619233732424,67,0.16791140385641468,MAP_PMU,43,0.00011478848090956673
2,UPFC_Vsh,5-15,1.1084069989238987,67,1.1114400293974098,MAP_PMU,43,0.0030330304735111113
3,UPFC_tsh,5-15,-0.24360248982495017,67,-0.24350699109361115,MAP_PMU,43,9.549873133901654e-05
4,UPFC_Vse,5-15,0.06314047524717833,67,0.061608756331860415,MAP_PMU,43,0.00153171891531792
5,UPFC_tse,5-15,-2.204226064714324,67,-2.1888404503102423,MAP_PMU,43,0.015385614404081593
0,x_tcsc,1-14,-0.09899744653390724,68,-0.09895057091375115,MAP_PMU,43,4.687562015609492e-05
1,B_svc,2,0.16816664249734226,68,0.16791140385641468,MAP_PMU,43,0.00025523864092757975
2,UPFC_Vsh,5-15,1.1083494355558232,68,1.1114400293974098,MAP_PMU,43,0.0030905938415866085
3,UPFC_tsh,5-15,-0.24354304786194866,68,-0.24350699109361115,MAP_PMU,43,3.605676833751126e-05
4,UPFC_Vse,5-15,0.06237447906349175,68,0.061608756331860415,MAP_PMU,43,0.0007657227316313353
5,UPFC_tse,5-15,-2.1985129828314647,68,-2.1888404503102423,MAP_PMU,43,0.009672532521222355
0,x_tcsc,1-14,-0.09902402556136944,69,-0.09895057091375115,MAP_PMU,43,7.34546476182929e-05
1,B_svc,2,0.16776117276274413,69,0.16791140385641468,MAP_PMU,43,0.0001502310936705442
2,UPFC_Vsh,5-15,1.1087789370275807,69,1.1114400293974098,MAP_PMU,43,0.0026610923698291433
3,UPFC_tsh,5-15,-0.24353791101320474,69,-0.24350699109361115,MAP_PMU,43,3.091991959358609e-05
4,UPFC_Vse,5-15,0.06220165934434887,69,0.061608756331860415,MAP_PMU,43,0.0005929030124884535
5,UPFC_tse,5-15,-2.2000095321946107,69,-2.1888404503102423,MAP_PMU,43,0.011169081884368381
0,x_tcsc,1-14,-0.09899301461411329,70,-0.09895057091375115,MAP_PMU,43,4.24437003621464e-05
1,B_svc,2,0.16759327235796978,70,0.16791140385641468,MAP_PMU,43,0.00031813149844489574
2,UPFC_Vsh,5-15,1.1083466350429934,70,1.1114400293974098,MAP_PMU,43,0.0030933943544164677
3,UPFC_tsh,5-15,-0.24353817444529882,70,-0.24350699109361115,MAP_PMU,43,3.118335168766917e-05
4,UPFC_Vse,5-15,0.062413710045120196,70,0.061608756331860415,MAP_PMU,43,0.0008049537132597817
5,UPFC_tse,5-15,-2.197020772664966,70,-2.1888404503102423,MAP_PMU,43,0.008180322354723657
0,x_tcsc,1-14,-0.09907335276945431,71,-0.09895057091375115,MAP_PMU,43,0.00012278185570316347
1,B_svc,2,0.16807924489407003,71,0.16791140385641468,MAP_PMU,43,0.00016784103765535296
2,UPFC_Vsh,5-15,1.108820111548224,71,1.1114400293974098,MAP_PMU,43,0.0026199178491859154
3,UPFC_tsh,5-15,-0.24356393821891648,71,-0.24350699109361115,MAP_PMU,43,5.694712530532331e-05
4,UPFC_Vse,5-15,0.06310929361906471,71,0.061608756331860415,MAP_PMU,43,0.0015005372872042982
5,UPFC_tse,5-15,-2.1887706109260465,71,-2.1888404503102423,MAP_PMU,43,6.983938419580227e-05
0,x_tcsc,1-14,-0.09901782750843797,72,-0.09895057091375115,MAP_PMU,43,6.725659468682921e-05
1,B_svc,2,0.16746829377780256,72,0.16791140385641468,MAP_PMU,43,0.0004431100786121134
2,UPFC_Vsh,5-15,1.1089686732141195,72,1.1114400293974098,MAP_PMU,43,0.0024713561832903075
3,UPFC_tsh,5-15,-0.2435087077184652,72,-0.24350699109361115,MAP_PMU,43,1.7166248540423368e-06
4,UPFC_Vse,5-15,0.06241728490778909,72,0.061608756331860415,MAP_PMU,43,0.0008085285759286756
5,UPFC_tse,5-15,-2.1923026862688193,72,-2.1888404503102423,MAP_PMU,43,0.0034622359585769757
0,x_tcsc,1-14,-0.09900528563014119,73,-0.09895057091375115,MAP_PMU,43,5.4714716390041884e-05
1,B_svc,2,0.1684526521207336,73,0.16791140385641468,MAP_PMU,43,0.000541248264318922
2,UPFC_Vsh,5-15,1.1087853370975895,73,1.1114400293974098,MAP_PMU,43,0.0026546922998202938
3,UPFC_tsh,5-15,-0.24352404273817624,73,-0.24350699109361115,MAP_PMU,43,1.70516445650859e-05
4,UPFC_Vse,5-15,0.0627332637794724,73,0.061608756331860415,MAP_PMU,43,0.001124507447611986
5,UPFC_tse,5-15,-2.197878224030852,73,-2.1888404503102423,MAP_PMU,43,0.009037773720609543
0,x_tcsc,1-14,-0.09906941228737765,74,-0.09895057091375115,MAP_PMU,43,0.00011884137362649927
1,B_svc,2,0.16809683839174724,74,0.16791140385641468,MAP_PMU,43,0.00018543453533256815
2,UPFC_Vsh,5-15,1.1085750519513584,74,1.1114400293974098,MAP_PMU,43,0.002864977446051409
3,UPFC_tsh,5-15,-0.24346940059986574,74,-0.24350699109361115,MAP_PMU,43,3.759049374540968e-05
4,UPFC_Vse,5-15,0.06237639856501132,74,0.061608756331860415,MAP_PMU,43,0.0007676422331509072
5,UPFC_tse,5-15,-2.1953756890099227,74,-2.1888404503102423,MAP_PMU,43,0.0065352386996804235
0,x_tcsc,1-14,-0.09901654171575579,75,-0.09895057091375115,MAP_PMU,43,6.597080200464178e-05
1,B_svc,2,0.1682737977958586,75,0.16791140385641468,MAP_PMU,43,0.00036239393944392795
2,UPFC_Vsh,5-15,1.1085887531907432,75,1.1114400293974098,MAP_PMU,43,0.0028512762066665864
3,UPFC_tsh,5-15,-0.24353667501739373,75,-0.24350699109361115,MAP_PMU,43,2.968392378258078e-05
4,UPFC_Vse,5-15,0.06266655244571935,75,0.061608756331860415,MAP_PMU,43,0.001057796113858936
5,UPFC_tse,5-15,-2.201829379128851,75,-2.1888404503102423,MAP_PMU,43,0.012988928818608692
0,x_tcsc,1-14,-0.09899139136588779,76,-0.09895057091375115,MAP_PMU,43,4.0820452136644536e-05
1,B_svc,2,0.16866150491277448,76,0.16791140385641468,MAP_PMU,43,0.0007501010563598087
2,UPFC_Vsh,5-15,1.1089976641492807,76,1.1114400293974098,MAP_PMU,43,0.0024423652481291303
3,UPFC_tsh,5-15,-0.24348343908191805,76,-0.24350699109361115,MAP_PMU,43,2.355201169310095e-05
4,UPFC_Vse,5-15,0.06224072943283083,76,0.061608756331860415,MAP_PMU,43,0.0006319731009704135
5,UPFC_tse,5-15,-2.190664102659707,76,-2.1888404503102423,MAP_PMU,43,0.0018236523494645773
0,x_tcsc,1-14,-0.09901676640946185,77,-0.09895057091375115,MAP_PMU,43,6.619549571069971e-05
1,B_svc,2,0.167548556113436,77,0.16791140385641468,MAP_PMU,43,0.00036284774297867806
2,UPFC_Vsh,5-15,1.1089677624829681,77,1.1114400293974098,MAP_PMU,43,0.0024722669144416898
3,UPFC_tsh,5-15,-0.2434538571054125,77,-0.24350699109361115,MAP_PMU,43,5.313398819864479e-05
4,UPFC_Vse,5-15,0.06274417113475265,77,0.061608756331860415,MAP_PMU,43,0.00113541480289224
5,UPFC_tse,5-15,-2.1821608009089815,77,-2.1888404503102423,MAP_PMU,43,0.006679649401260868
0,x_tcsc,1-14,-0.09896370235178784,78,-0.09895057091375115,MAP_PMU,43,1.3131438036689813e-05
1,B_svc,2,0.1676536060805176,78,0.16791140385641468,MAP_PMU,43,0.00025779777589707287
2,UPFC_Vsh,5-15,1.1087807311771811,78,1.1114400293974098,MAP_PMU,43,0.0026592982202287008
3,UPFC_tsh,5-15,-0.24347661039034216,78,-0.24350699109361115,MAP_PMU,43,3.0380703268995113e-05
4,UPFC_Vse,5-15,0.06307272220147231,78,0.061608756331860415,MAP_PMU,43,0.001463965869611894
5,UPFC_tse,5-15,-2.1913655251953332,78,-2.1888404503102423,MAP_PMU,43,0.0025250748850909055
0,x_tcsc,1-14,-0.09899280199469572,79,-0.09895057091375115,MAP_PMU,43,4.223108094457417e-05
1,B_svc,2,0.1683475862825926,79,0.16791140385641468,MAP_PMU,43,0.00043618242617793346
2,UPFC_Vsh,5-15,1.1086966322228908,79,1.1114400293974098,MAP_PMU,43,0.002743397174518991
3,UPFC_tsh,5-15,-0.2434739109701284,79,-0.24350699109361115,MAP_PMU,43,3.3080123482742696e-05
4,UPFC_Vse,5-15,0.06181760952628357,79,0.061608756331860415,MAP_PMU,43,0.0002088531944231531
5,UPFC_tse,5-15,-2.1903534550350896,79,-2.1888404503102423,MAP_PMU,43,0.0015130047248472778
0,x_tcsc,1-14,-0.09901859648298743,80,-0.09895057091375115,MAP_PMU,43,6.802556923628245e-05
1,B_svc,2,0.16831536764280644,80,0.16791140385641468,MAP_PMU,43,0.00040396378639176445
2,UPFC_Vsh,5-15,1.1092574082107398,80,1.1114400293974098,MAP_PMU,43,0.0021826211866700085
3,UPFC_tsh,5-15,-0.24355825303780748,80,-0.24350699109361115,MAP_PMU,43,5.126194419632912e-05
4,UPFC_Vse,5-15,0.06266567501942727,80,0.061608756331860415,MAP_PMU,43,0.0010569186875668546
5,UPFC_tse,5-15,-2.2054608007825127,80,-2.1888404503102423,MAP_PMU,43,0.016620350472270395
0,x_tcsc,1-14,-0.09899180877665884,81,-0.09895057091375115,MAP_PMU,43,4.123786290768927e-05
1,B_svc,2,0.1678228065039617,81,0.16791140385641468,MAP_PMU,43,8.859735245297928e-05
2,UPFC_Vsh,5-15,1.1085531217867794,81,1.1114400293974098,MAP_PMU,43,0.0028869076106303737
3,UPFC_tsh,5-15,-0.24355588054029295,81,-0.24350699109361115,MAP_PMU,43,4.8889446681799065e-05
4,UPFC_Vse,5-15,0.062138103631137157,81,0.061608756331860415,MAP_PMU,43,0.0005293472992767417
5,UPFC_tse,5-15,-2.2011808973327804,81,-2.1888404503102423,MAP_PMU,43,0.012340447022538115
0,x_tcsc,1-14,-0.0990590922344955,82,-0.09895057091375115,MAP_PMU,43,0.00010852132074434806
1,B_svc,2,0.16835636513799118,82,0.16791140385641468,MAP_PMU,43,0.00044496128157650583
2,UPFC_Vsh,5-15,1.1086417811648792,82,1.1114400293974098,MAP_PMU,43,0.002798248232530609
3,UPFC_tsh,5-15,-0.24356046694418673,82,-0.24350699109361115,MAP_PMU,43,5.3475850575579464e-05
4,UPFC_Vse,5-15,0.06320912339251536,82,0.061608756331860415,MAP_PMU,43,0.0016003670606549447
5,UPFC_tse,5-15,-2.196189193774336,82,-2.1888404503102423,MAP_PMU,43,0.007348743464093754
0,x_tcsc,1-14,-0.09906182382929923,83,-0.09895057091375115,MAP_PMU,43,0.00011125291554808792
1,B_svc,2,0.1685226884227373,83,0.16791140385641468,MAP_PMU,43,0.0006112845663226174
2,UPFC_Vsh,5-15,1.1088498217110783,83,1.1114400293974098,MAP_PMU,43,0.002590207686331558
3,UPFC_tsh,5-15,-0.24353305541359746,83,-0.24350699109361115,MAP_PMU,43,2.6064319986307538e-05
4,UPFC_Vse,5-15,0.06260184999138341,83,0.061608756331860415,MAP_PMU,43,0.0009930936595229922
5,UPFC_tse,5-15,-2.2012214971794246,83,-2.1888404503102423,MAP_PMU,43,0.012381046869182288
0,x_tcsc,1-14,-0.09901586192212773,84,-0.09895057091375115,MAP_PMU,43,6.529100837658619e-05
1,B_svc,2,0.16797788372762487,84,0.16791140385641468,MAP_PMU,43,6.64798712101955e-05
2,UPFC_Vsh,5-15,1.1089554026150577,84,1.1114400293974098,MAP_PMU,43,0.002484626782352173
3,UPFC_tsh,5-15,-0.2435413130348239,84,-0.24350699109361115,MAP_PMU,43,3.432194121275045e-05
4,UPFC_Vse,5-15,0.06273875447372074,84,0.061608756331860415,MAP_PMU,43,0.0011299981418603222
5,UPFC_tse,5-15,-2.1953895142593978,84,-2.1888404503102423,MAP_PMU,43,0.0065490639491554425
0,x_tcsc,1-14,-0.09897632527559629,85,-0.09895057091375115,MAP_PMU,43,2.5754361845140017e-05
1,B_svc,2,0.16813290926087932,85,0.16791140385641468,MAP_PMU,43,0.00022150540446463918
2,UPFC_Vsh,5-15,1.1086175041075568,85,1.1114400293974098,MAP_PMU,43,0.0028225252898530506
3,UPFC_tsh,5-15,-0.24355892101232057,85,-0.24350699109361115,MAP_PMU,43,5.192991870942021e-05
4,UPFC_Vse,5-15,0.06238320158429946,85,0.061608756331860415,MAP_PMU,43,0.0007744452524390474
5,UPFC_tse,5-15,-2.2083445617731257,85,-2.1888404503102423,MAP_PMU,43,0.019504111462883333
0,x_tcsc,1-14,-0.09903710180672769,86,-0.09895057091375115,MAP_PMU,43,8.653089297654126e-05
1,B_svc,2,0.1683769941497549,86,0.16791140385641468,MAP_PMU,43,0.00046559029334022894
2,UPFC_Vsh,5-15,1.108585790891838,86,1.1114400293974098,MAP_PMU,43,0.002854238505571871
3,UPFC_tsh,5-15,-0.2435850004929855,86,-0.24350699109361115,MAP_PMU,43,7.800939937435691e-05
4,UPFC_Vse,5-15,0.06217749300092597,86,0.061608756331860415,MAP_PMU,43,0.0005687366690655532
5,UPFC_tse,5-15,-2.19346137598111,86,-2.1888404503102423,MAP_PMU,43,0.004620925670867582
0,x_tcsc,1-14,-0.09900626549269739,87,-0.09895057091375115,MAP_PMU,43,5.5694578946247075e-05
1,B_svc,2,0.1679095120221206,87,0.16791140385641468,MAP_PMU,43,1.8918342940821287e-06
2,UPFC_Vsh,5-15,1.1086461226401332,87,1.1114400293974098,MAP_PMU,43,0.002793906757276643
3,UPFC_tsh,5-15,-0.24355565820440195,87,-0.24350699109361115,MAP_PMU,43,4.866711079079544e-05
4,UPFC_Vse,5-15,0.06306277877559291,87,0.061608756331860415,MAP_PMU,43,0.0014540224437324945
5,UPFC_tse,5-15,-2.1951807737114444,87,-2.1888404503102423,MAP_PMU,43,0.006340323401202053
0,x_tcsc,1-14,-0.09904580213900673,88,-0.09895057091375115,MAP_PMU,43,9.523122525557925e-05
1,B_svc,2,0.16832518815329964,88,0.16791140385641468,MAP_PMU,43,0.00041378429688496143
2,UPFC_Vsh,5-15,1.108742498636214,88,1.1114400293974098,MAP_PMU,43,0.002697530761195832
3,UPFC_tsh,5-15,-0.24359306905228462,88,-0.24350699109361115,MAP_PMU,43,8.60779586734639e-05
4,UPFC_Vse,5-15,0.0623913134652681,88,0.061608756331860415,MAP_PMU,43,0.0007825571334076839
5,UPFC_tse,5-15,-2.1977306762312536,88,-2.1888404503102423,MAP_PMU,43,0.008890225921011297
0,x_tcsc,1-14,-0.09898781097442988,89,-0.09895057091375115,MAP_PMU,43,3.7240060678733755e-05
1,B_svc,2,0.16784230836600186,89,0.16791140385641468,MAP_PMU,43,6.909549041281271e-05
2,UPFC_Vsh,5-15,1.1088654319781766,89,1.1114400293974098,MAP_PMU,43,0.002574597419233271
3,UPFC_tsh,5-15,-0.2435085675350245,89,-0.24350699109361115,MAP_PMU,43,1.5764414133534466e-06
4,UPFC_Vse,5-15,0.062240288210710204,89,0.061608756331860415,MAP_PMU,43,0.0006315318788497892
5,UPFC_tse,5-15,-2.199917892440518,89,-2.1888404503102423,MAP_PMU,43,0.011077442130275728
0,x_tcsc,1-14,-0.09905059777722115,90,-0.09895057091375115,MAP_PMU,43,0.00010002686347000689
1,B_svc,2,0.16777288406173294,90,0.16791140385641468,MAP_PMU,43,0.0001385197946817407
2,UPFC_Vsh,5-15,1.108808997482216,90,1.1114400293974098,MAP_PMU,43,0.002631031915193871
3,UPFC_tsh,5-15,-0.2435363977570426,90,-0.24350699109361115,MAP_PMU,43,2.9406663431458258e-05
4,UPFC_Vse,5-15,0.06251532478586311,90,0.061608756331860415,MAP_PMU,43,0.000906568454002693
5,UPFC_tse,5-15,-2.196167064350141,90,-2.1888404503102423,MAP_PMU,43,0.007326614039898871
0,x_tcsc,1-14,-0.09901265637339988,91,-0.09895057091375115,MAP_PMU,43,6.208545964873913e-05
1,B_svc,2,0.16848709330626757,91,0.16791140385641468,MAP_PMU,43,0.0005756894498528953
2,UPFC_Vsh,5-15,1.1084382114019045,91,1.1114400293974098,MAP_PMU,43,0.0030018179955053625
3,UPFC_tsh,5-15,-0.24355437106448866,91,-0.24350699109361115,MAP_PMU,43,4.737997087750356e-05
4,UPFC_Vse,5-15,0.06287184247155335,91,0.061608756331860415,MAP_PMU,43,0.0012630861396929344
5,UPFC_tse,5-15,-2.2064690803516673,91,-2.1888404503102423,MAP_PMU,43,0.01762863004142501
0,x_tcsc,1-14,-0.0990507642740329,92,-0.09895057091375115,MAP_PMU,43,0.0001001933602817473
1,B_svc,2,0.16818778214380917,92,0.16791140385641468,MAP_PMU,43,0.0002763782873944909
2,UPFC_Vsh,5-15,1.1084670707369595,92,1.1114400293974098,MAP_PMU,43,0.002972958660450331
3,UPFC_tsh,5-15,-0.24354497705638328,92,-0.24350699109361115,MAP_PMU,43,3.798596277213018e-05
4,UPFC_Vse,5-15,0.06304501764446521,92,0.061608756331860415,MAP_PMU,43,0.0014362613126047974
5,UPFC_tse,5-15,-2.196885891828583,92,-2.1888404503102423,MAP_PMU,43,0.008045441518340635
0,x_tcsc,1-14,-0.09899193438618631,93,-0.09895057091375115,MAP_PMU,43,4.136347243516303e-05
1,B_svc,2,0.1675949846643438,93,0.16791140385641468,MAP_PMU,43,0.00031641919207087144
2,UPFC_Vsh,5-15,1.109021149266801,93,1.1114400293974098,MAP_PMU,43,0.002418880130608869
3,UPFC_tsh,5-15,-0.24349090518085936,93,-0.24350699109361115,MAP_PMU,43,1.6085912751789833e-05
4,UPFC_Vse,5-15,0.06220594287685892,93,0.061608756331860415,MAP_PMU,43,0.0005971865449985042
5,UPFC_tse,5-15,-2.201999120289868,93,-2.1888404503102423,MAP_PMU,43,0.013158669979625781
0,x_tcsc,1-14,-0.09900585873865865,94,-0.09895057091375115,MAP_PMU,43,5.52878249075045e-05
1,B_svc,2,0.16814216604546292,94,0.16791140385641468,MAP_PMU,43,0.00023076218904824475
2,UPFC_Vsh,5-15,1.1087012657490962,94,1.1114400293974098,MAP_PMU,43,0.0027387636483136024
3,UPFC_tsh,5-15,-0.24351191481267875,94,-0.24350699109361115,MAP_PMU,43,4.923719067601029e-06
4,UPFC_Vse,5-15,0.06257677617721452,94,0.061608756331860415,MAP_PMU,43,0.0009680198453541067
5,UPFC_tse,5-15,-2.1881303881355643,94,-2.1888404503102423,MAP_PMU,43,0.0007100621746780611
0,x_tcsc,1-14,-0.09900431189362761,95,-0.09895057091375115,MAP_PMU,43,5.37409798764682e-05
1,B_svc,2,0.16817556336452494,95,0.16791140385641468,MAP_PMU,43,0.0002641595081102621
2,UPFC_Vsh,5-15,1.1088256057660026,95,1.1114400293974098,MAP_PMU,43,0.002614423631407181
3,UPFC_tsh,5-15,-0.24356846874074223,95,-0.24350699109361115,MAP_PMU,43,6.147764713107517e-05
4,UPFC_Vse,5-15,0.06270327927418867,95,0.061608756331860415,MAP_PMU,43,0.0010945229423282576
5,UPFC_tse,5-15,-2.192485702818566,95,-2.1888404503102423,MAP_PMU,43,0.003645252508323704
0,x_tcsc,1-14,-0.09900985174891813,96,-0.09895057091375115,MAP_PMU,43,5.928083516698601e-05
1,B_svc,2,0.16792113315373072,96,0.16791140385641468,MAP_PMU,43,9.72929731604677e-06
2,UPFC_Vsh,5-15,1.1087601228019681,96,1.1114400293974098,MAP_PMU,43,0.0026799065954417056
3,UPFC_tsh,5-15,-0.2434813653715649,96,-0.24350699109361115,MAP_PMU,43,2.562572204625746e-05
4,UPFC_Vse,5-15,0.06262502025720415,96,0.061608756331860415,MAP_PMU,43,0.0010162639253437356
5,UPFC_tse,5-15,-2.189939061673025,96,-2.1888404503102423,MAP_PMU,43,0.0010986113627828864
0,x_tcsc,1-14,-0.099017927417111,97,-0.09895057091375115,MAP_PMU,43,6.735650335985832e-05
1,B_svc,2,0.16813933460400463,97,0.16791140385641468,MAP_PMU,43,0.00022793074758994947
2,UPFC_Vsh,5-15,1.1088115465176993,97,1.1114400293974098,MAP_PMU,43,0.002628482879710514
3,UPFC_tsh,5-15,-0.24348413610864628,97,-0.24350699109361115,MAP_PMU,43,2.2854984964876257e-05
4,UPFC_Vse,5-15,0.06305480673933518,97,0.061608756331860415,MAP_PMU,43,0.0014460504074747665
5,UPFC_tse,5-15,-2.1957367608095852,97,-2.1888404503102423,MAP_PMU,43,0.006896310499342917
0,x_tcsc,1-14,-0.09906648239895709,98,-0.09895057091375115,MAP_PMU,43,0.00011591148520594119
1,B_svc,2,0.1681891629994575,98,0.16791140385641468,MAP_PMU,43,0.0002777591430428161
2,UPFC_Vsh,5-15,1.1088940420928384,98,1.1114400293974098,MAP_PMU,43,0.002545987304571451
3,UPFC_tsh,5-15,-0.243455834402392,98,-0.24350699109361115,MAP_PMU,43,5.115669121916189e-05
4,UPFC_Vse,5-15,0.06233390851944926,98,0.061608756331860415,MAP_PMU,43,0.000725152187588847
5,UPFC_tse,5-15,-2.1860851214233987,98,-2.1888404503102423,MAP_PMU,43,0.0027553288868436
0,x_tcsc,1-14,-0.09902612755226042,99,-0.09895057091375115,MAP_PMU,43,7.555663850927763e-05
1,B_svc,2,0.16819447267734203,99,0.16791140385641468,MAP_PMU,43,0.0002830688209273513
2,UPFC_Vsh,5-15,1.1084119006150848,99,1.1114400293974098,MAP_PMU,43,0.003028128782325057
3,UPFC_tsh,5-15,-0.24358538719993422,99,-0.24350699109361115,MAP_PMU,43,7.839610632306981e-05
4,UPFC_Vse,5-15,0.06260532375471434,99,0.061608756331860415,MAP_PMU,43,0.0009965674228539223
5,UPFC_tse,5-15,-2.194108942507324,99,-2.1888404503102423,MAP_PMU,43,0.005268492197081809
0,x_tcsc,1-14,-0.10079856383144596,0,-0.10080920433053986,MAP_PMU,45,1.0640499093897415e-05
1,B_svc,2,0.16950790752444658,0,0.16987451892177505,MAP_PMU,45,0.0003666113973284646
2,UPFC_Vsh,5-15,1.1093013575650985,0,1.1111883431135414,MAP_PMU,45,0.0018869855484429099
3,UPFC_tsh,5-15,-0.24176649902869765,0,-0.2418125648168908,MAP_PMU,45,4.606578819316143e-05
4,UPFC_Vse,5-15,0.06235275151548811,0,0.06152592446691194,MAP_PMU,45,0.0008268270485761661
5,UPFC_tse,5-15,-2.186273838421348,0,-2.1818707827195163,MAP_PMU,45,0.004403055701831526
0,x_tcsc,1-14,-0.10084957118601788,1,-0.10080920433053986,MAP_PMU,45,4.036685547802177e-05
1,B_svc,2,0.16966701188851582,1,0.16987451892177505,MAP_PMU,45,0.00020750703325922437
2,UPFC_Vsh,5-15,1.1085236031917167,1,1.1111883431135414,MAP_PMU,45,0.002664739921824699
3,UPFC_tsh,5-15,-0.24182968818439177,1,-0.2418125648168908,MAP_PMU,45,1.7123367500954112e-05
4,UPFC_Vse,5-15,0.06290803666393478,1,0.06152592446691194,MAP_PMU,45,0.0013821121970228403
5,UPFC_tse,5-15,-2.195515011748589,1,-2.1818707827195163,MAP_PMU,45,0.013644229029072807
0,x_tcsc,1-14,-0.10083200769595611,2,-0.10080920433053986,MAP_PMU,45,2.2803365416254606e-05
1,B_svc,2,0.1697538371875075,2,0.16987451892177505,MAP_PMU,45,0.00012068173426754703
2,UPFC_Vsh,5-15,1.1091377155542437,2,1.1111883431135414,MAP_PMU,45,0.0020506275592977463
3,UPFC_tsh,5-15,-0.2417924594142978,2,-0.2418125648168908,MAP_PMU,45,2.010540259300697e-05
4,UPFC_Vse,5-15,0.0625467828768655,2,0.06152592446691194,MAP_PMU,45,0.0010208584099535636
5,UPFC_tse,5-15,-2.1799435527717606,2,-2.1818707827195163,MAP_PMU,45,0.0019272299477557375
0,x_tcsc,1-14,-0.10081722782876922,3,-0.10080920433053986,MAP_PMU,45,8.02349822935644e-06
1,B_svc,2,0.17017931417610074,3,0.16987451892177505,MAP_PMU,45,0.000304795254325696
2,UPFC_Vsh,5-15,1.1088130977310626,3,1.1111883431135414,MAP_PMU,45,0.0023752453824787967
3,UPFC_tsh,5-15,-0.24183364160389434,3,-0.2418125648168908,MAP_PMU,45,2.1076787003526665e-05
4,UPFC_Vse,5-15,0.06320845825420253,3,0.06152592446691194,MAP_PMU,45,0.0016825337872905868
5,UPFC_tse,5-15,-2.1930256577800873,3,-2.1818707827195163,MAP_PMU,45,0.011154875060571001
0,x_tcsc,1-14,-0.10084862767596832,4,-0.10080920433053986,MAP_PMU,45,3.942334542846038e-05
1,B_svc,2,0.1701355745255192,4,0.16987451892177505,MAP_PMU,45,0.00026105560374414805
2,UPFC_Vsh,5-15,1.1086799842111665,4,1.1111883431135414,MAP_PMU,45,0.0025083589023748853
3,UPFC_tsh,5-15,-0.24184533189808108,4,-0.2418125648168908,MAP_PMU,45,3.2767081190265834e-05
4,UPFC_Vse,5-15,0.062498647342518976,4,0.06152592446691194,MAP_PMU,45,0.0009727228756070336
5,UPFC_tse,5-15,-2.192335726478936,4,-2.1818707827195163,MAP_PMU,45,0.010464943759419754
0,x_tcsc,1-14,-0.10083689785164296,5,-0.10080920433053986,MAP_PMU,45,2.7693521103100416e-05
1,B_svc,2,0.16965438704932867,5,0.16987451892177505,MAP_PMU,45,0.00022013187244637744
2,UPFC_Vsh,5-15,1.1087131811989424,5,1.1111883431135414,MAP_PMU,45,0.0024751619145990666
3,UPFC_tsh,5-15,-0.24187110958839736,5,-0.2418125648168908,MAP_PMU,45,5.85447715065468e-05
4,UPFC_Vse,5-15,0.06275196388649418,5,0.06152592446691194,MAP_PMU,45,0.0012260394195822352
5,UPFC_tse,5-15,-2.1976849901139643,5,-2.1818707827195163,MAP_PMU,45,0.015814207394448054
0,x_tcsc,1-14,-0.1008395820924349,6,-0.10080920433053986,MAP_PMU,45,3.0377761895045152e-05
1,B_svc,2,0.16951285998599988,6,0.16987451892177505,MAP_PMU,45,0.0003616589357751665
2,UPFC_Vsh,5-15,1.1091473235603944,6,1.1111883431135414,MAP_PMU,45,0.002041019553147061
3,UPFC_tsh,5-15,-0.24173729363912114,6,-0.2418125648168908,MAP_PMU,45,7.527117776967573e-05
4,UPFC_Vse,5-15,0.06192742252644672,6,0.06152592446691194,MAP_PMU,45,0.00040149805953478
5,UPFC_tse,5-15,-2.183478477119314,6,-2.1818707827195163,MAP_PMU,45,0.0016076943997975768
0,x_tcsc,1-14,-0.10081546920152235,7,-0.10080920433053986,MAP_PMU,45,6.2648709824864035e-06
1,B_svc,2,0.16977900506756824,7,0.16987451892177505,MAP_PMU,45,9.551385420680791e-05
2,UPFC_Vsh,5-15,1.1088031357976968,7,1.1111883431135414,MAP_PMU,45,0.002385207315844573
3,UPFC_tsh,5-15,-0.24182862154865875,7,-0.2418125648168908,MAP_PMU,45,1.6056731767938315e-05
4,UPFC_Vse,5-15,0.06227171805636652,7,0.06152592446691194,MAP_PMU,45,0.000745793589454577
5,UPFC_tse,5-15,-2.1919585982154772,7,-2.1818707827195163,MAP_PMU,45,0.010087815495960939
0,x_tcsc,1-14,-0.10086441494319029,8,-0.10080920433053986,MAP_PMU,45,5.521061265043037e-05
1,B_svc,2,0.16976793384808944,8,0.16987451892177505,MAP_PMU,45,0.00010658507368560555
2,UPFC_Vsh,5-15,1.1086102074756778,8,1.1111883431135414,MAP_PMU,45,0.0025781356378635767
3,UPFC_tsh,5-15,-0.2418592275732601,8,-0.2418125648168908,MAP_PMU,45,4.666275636927564e-05
4,UPFC_Vse,5-15,0.06323335709955091,8,0.06152592446691194,MAP_PMU,45,0.0017074326326389708
5,UPFC_tse,5-15,-2.1976767264524693,8,-2.1818707827195163,MAP_PMU,45,0.015805943732952965
0,x_tcsc,1-14,-0.10082647229378344,9,-0.10080920433053986,MAP_PMU,45,1.7267963243583484e-05
1,B_svc,2,0.1698271524767002,9,0.16987451892177505,MAP_PMU,45,4.736644507485899e-05
2,UPFC_Vsh,5-15,1.10853986263371,9,1.1111883431135414,MAP_PMU,45,0.002648480479831461
3,UPFC_tsh,5-15,-0.24191647431030155,9,-0.2418125648168908,MAP_PMU,45,0.00010390949341074207
4,UPFC_Vse,5-15,0.06253706800886286,9,0.06152592446691194,MAP_PMU,45,0.0010111435419509138
5,UPFC_tse,5-15,-2.1967468842111884,9,-2.1818707827195163,MAP_PMU,45,0.014876101491672067
0,x_tcsc,1-14,-0.10082763421959162,10,-0.10080920433053986,MAP_PMU,45,1.8429889051763126e-05
1,B_svc,2,0.16982388818624405,10,0.16987451892177505,MAP_PMU,45,5.0630735530993176e-05
2,UPFC_Vsh,5-15,1.108628759158441,10,1.1111883431135414,MAP_PMU,45,0.002559583955100475
3,UPFC_tsh,5-15,-0.24180072229236244,10,-0.2418125648168908,MAP_PMU,45,1.1842524528377085e-05
4,UPFC_Vse,5-15,0.06279829328448064,10,0.06152592446691194,MAP_PMU,45,0.0012723688175686962
5,UPFC_tse,5-15,-2.1893776100387052,10,-2.1818707827195163,MAP_PMU,45,0.007506827319188947
0,x_tcsc,1-14,-0.10083460920962471,11,-0.10080920433053986,MAP_PMU,45,2.5404879084853227e-05
1,B_svc,2,0.170104653554438,11,0.16987451892177505,MAP_PMU,45,0.00023013463266294276
2,UPFC_Vsh,5-15,1.1090398928100753,11,1.1111883431135414,MAP_PMU,45,0.0021484503034661095
3,UPFC_tsh,5-15,-0.24178056245118162,11,-0.2418125648168908,MAP_PMU,45,3.200236570918835e-05
4,UPFC_Vse,5-15,0.06244627277689201,11,0.06152592446691194,MAP_PMU,45,0.0009203483099800708
5,UPFC_tse,5-15,-2.1841901182198,11,-2.1818707827195163,MAP_PMU,45,0.0023193355002835148
0,x_tcsc,1-14,-0.10085318530876905,12,-0.10080920433053986,MAP_PMU,45,4.3980978229191114e-05
1,B_svc,2,0.16965082491484587,12,0.16987451892177505,MAP_PMU,45,0.00022369400692917596
2,UPFC_Vsh,5-15,1.108948601776506,12,1.1111883431135414,MAP_PMU,45,0.002239741337035417
3,UPFC_tsh,5-15,-0.24180771685076183,12,-0.2418125648168908,MAP_PMU,45,4.847966128984638e-06
4,UPFC_Vse,5-15,0.0631182760961698,12,0.06152592446691194,MAP_PMU,45,0.001592351629257853
5,UPFC_tse,5-15,-2.1832929405627346,12,-2.1818707827195163,MAP_PMU,45,0.001422157843218308
0,x_tcsc,1-14,-0.10083650570408295,13,-0.10080920433053986,MAP_PMU,45,2.73013735430927e-05
1,B_svc,2,0.17002726328466916,13,0.16987451892177505,MAP_PMU,45,0.00015274436289411386
2,UPFC_Vsh,5-15,1.108908613431464,13,1.1111883431135414,MAP_PMU,45,0.002279729682077347
3,UPFC_tsh,5-15,-0.24182888309029468,13,-0.2418125648168908,MAP_PMU,45,1.6318273403870265e-05
4,UPFC_Vse,5-15,0.06225882532120124,13,0.06152592446691194,MAP_PMU,45,0.0007329008542893006
5,UPFC_tse,5-15,-2.1927058640654793,13,-2.1818707827195163,MAP_PMU,45,0.010835081345963005
0,x_tcsc,1-14,-0.1008320058970231,14,-0.10080920433053986,MAP_PMU,45,2.2801566483238167e-05
1,B_svc,2,0.1695578282696676,14,0.16987451892177505,MAP_PMU,45,0.0003166906521074597
2,UPFC_Vsh,5-15,1.1086280561327984,14,1.1111883431135414,MAP_PMU,45,0.002560286980743065
3,UPFC_tsh,5-15,-0.24181297586042264,14,-0.2418125648168908,MAP_PMU,45,4.1104353182275233e-07
4,UPFC_Vse,5-15,0.06239237038478156,14,0.06152592446691194,MAP_PMU,45,0.000866445917869621
5,UPFC_tse,5-15,-2.1968570882013325,14,-2.1818707827195163,MAP_PMU,45,0.014986305481816231
0,x_tcsc,1-14,-0.1007999599441946,15,-0.10080920433053986,MAP_PMU,45,9.24438634525293e-06
1,B_svc,2,0.16960424469856636,15,0.16987451892177505,MAP_PMU,45,0.00027027422320868855
2,UPFC_Vsh,5-15,1.108935411275646,15,1.1111883431135414,MAP_PMU,45,0.0022529318378954333
3,UPFC_tsh,5-15,-0.24177198820156,15,-0.2418125648168908,MAP_PMU,45,4.05766153308007e-05
4,UPFC_Vse,5-15,0.06242453174768761,15,0.06152592446691194,MAP_PMU,45,0.0008986072807756693
5,UPFC_tse,5-15,-2.1829789363670087,15,-2.1818707827195163,MAP_PMU,45,0.0011081536474923936
0,x_tcsc,1-14,-0.1008294316589995,16,-0.10080920433053986,MAP_PMU,45,2.0227328459646032e-05
1,B_svc,2,0.16988605126484285,16,0.16987451892177505,MAP_PMU,45,1.1532343067804929e-05
2,UPFC_Vsh,5-15,1.1086623920401089,16,1.1111883431135414,MAP_PMU,45,0.002525951073432564
3,UPFC_tsh,5-15,-0.2418771561860841,16,-0.2418125648168908,MAP_PMU,45,6.459136919328978e-05
4,UPFC_Vse,5-15,0.062423101486324746,16,0.06152592446691194,MAP_PMU,45,0.0008971770194128037
5,UPFC_tse,5-15,-2.200484474744857,16,-2.1818707827195163,MAP_PMU,45,0.0186136920253408
0,x_tcsc,1-14,-0.1008464376508867,17,-0.10080920433053986,MAP_PMU,45,3.72333203468439e-05
1,B_svc,2,0.16997552961514367,17,0.16987451892177505,MAP_PMU,45,0.000101010693368625
2,UPFC_Vsh,5-15,1.1088123142530883,17,1.1111883431135414,MAP_PMU,45,0.002376028860453072
3,UPFC_tsh,5-15,-0.24182691288714508,17,-0.2418125648168908,MAP_PMU,45,1.4348070254271983e-05
4,UPFC_Vse,5-15,0.06291298232809732,17,0.06152592446691194,MAP_PMU,45,0.001387057861185377
5,UPFC_tse,5-15,-2.187449255062061,17,-2.1818707827195163,MAP_PMU,45,0.005578472342544494
0,x_tcsc,1-14,-0.10080026720071096,18,-0.10080920433053986,MAP_PMU,45,8.93712982889816e-06
1,B_svc,2,0.16967021261081983,18,0.16987451892177505,MAP_PMU,45,0.00020430631095522123
2,UPFC_Vsh,5-15,1.109029160406237,18,1.1111883431135414,MAP_PMU,45,0.002159182707304419
3,UPFC_tsh,5-15,-0.24174487272338688,18,-0.2418125648168908,MAP_PMU,45,6.76920935039349e-05
4,UPFC_Vse,5-15,0.06243914373268652,18,0.06152592446691194,MAP_PMU,45,0.0009132192657745758
5,UPFC_tse,5-15,-2.1903896768057773,18,-2.1818707827195163,MAP_PMU,45,0.008518894086261053
0,x_tcsc,1-14,-0.10081432951463001,19,-0.10080920433053986,MAP_PMU,45,5.1251840901545e-06
1,B_svc,2,0.16949808420807047,19,0.16987451892177505,MAP_PMU,45,0.0003764347137045765
2,UPFC_Vsh,5-15,1.1082702659054877,19,1.1111883431135414,MAP_PMU,45,0.0029180772080537043
3,UPFC_tsh,5-15,-0.24181386862764204,19,-0.2418125648168908,MAP_PMU,45,1.3038107512242103e-06
4,UPFC_Vse,5-15,0.06272684744446681,19,0.06152592446691194,MAP_PMU,45,0.0012009229775548705
5,UPFC_tse,5-15,-2.1831135858311965,19,-2.1818707827195163,MAP_PMU,45,0.0012428031116802352
0,x_tcsc,1-14,-0.10080979061542533,20,-0.10080920433053986,MAP_PMU,45,5.862848854731872e-07
1,B_svc,2,0.17001104124698863,20,0.16987451892177505,MAP_PMU,45,0.00013652232521357832
2,UPFC_Vsh,5-15,1.108933232072988,20,1.1111883431135414,MAP_PMU,45,0.002255111040553315
3,UPFC_tsh,5-15,-0.2417809103919557,20,-0.2418125648168908,MAP_PMU,45,3.165442493510695e-05
4,UPFC_Vse,5-15,0.06202313428727708,20,0.06152592446691194,MAP_PMU,45,0.0004972098203651354
5,UPFC_tse,5-15,-2.187581986085163,20,-2.1818707827195163,MAP_PMU,45,0.005711203365646789
0,x_tcsc,1-14,-0.10083652319092057,21,-0.10080920433053986,MAP_PMU,45,2.731886038070952e-05
1,B_svc,2,0.17023943985327605,21,0.16987451892177505,MAP_PMU,45,0.000364920931501006
2,UPFC_Vsh,5-15,1.1091737757270976,21,1.1111883431135414,MAP_PMU,45,0.0020145673864437885
3,UPFC_tsh,5-15,-0.2417443133460408,21,-0.2418125648168908,MAP_PMU,45,6.825147085001704e-05
4,UPFC_Vse,5-15,0.06251655804899504,21,0.06152592446691194,MAP_PMU,45,0.0009906335820831016
5,UPFC_tse,5-15,-2.191411236945414,21,-2.1818707827195163,MAP_PMU,45,0.009540454225897665
0,x_tcsc,1-14,-0.10081596008126573,22,-0.10080920433053986,MAP_PMU,45,6.7557507258675376e-06
1,B_svc,2,0.16962661204080764,22,0.16987451892177505,MAP_PMU,45,0.0002479068809674023
2,UPFC_Vsh,5-15,1.1085359964614176,22,1.1111883431135414,MAP_PMU,45,0.0026523466521237715
3,UPFC_tsh,5-15,-0.24184192664143145,22,-0.2418125648168908,MAP_PMU,45,2.936182454063574e-05
4,UPFC_Vse,5-15,0.0625639163598575,22,0.06152592446691194,MAP_PMU,45,0.0010379918929455598
5,UPFC_tse,5-15,-2.1841168537377387,22,-2.1818707827195163,MAP_PMU,45,0.002246071018222384
0,x_tcsc,1-14,-0.10085117318987193,23,-0.10080920433053986,MAP_PMU,45,4.1968859332067177e-05
1,B_svc,2,0.17024870729826477,23,0.16987451892177505,MAP_PMU,45,0.0003741883764897258
2,UPFC_Vsh,5-15,1.1087224723239626,23,1.1111883431135414,MAP_PMU,45,0.002465870789578828
3,UPFC_tsh,5-15,-0.24185597016335528,23,-0.2418125648168908,MAP_PMU,45,4.340534646446459e-05
4,UPFC_Vse,5-15,0.06234946918580098,23,0.06152592446691194,MAP_PMU,45,0.000823544718889041
5,UPFC_tse,5-15,-2.1884429797984035,23,-2.1818707827195163,MAP_PMU,45,0.006572197078887232
0,x_tcsc,1-14,-0.10083768566351975,24,-0.10080920433053986,MAP_PMU,45,2.8481332979890528e-05
1,B_svc,2,0.1701823543404506,24,0.16987451892177505,MAP_PMU,45,0.000307835418675545
2,UPFC_Vsh,5-15,1.1086838510259136,24,1.1111883431135414,MAP_PMU,45,0.0025044920876278187
3,UPFC_tsh,5-15,-0.24179026382617483,24,-0.2418125648168908,MAP_PMU,45,2.2300990715984348e-05
4,UPFC_Vse,5-15,0.06280208584683061,24,0.06152592446691194,MAP_PMU,45,0.0012761613799186708
5,UPFC_tse,5-15,-2.187559084644574,24,-2.1818707827195163,MAP_PMU,45,0.005688301925057537
0,x_tcsc,1-14,-0.10081348231600908,25,-0.10080920433053986,MAP_PMU,45,4.277985469217094e-06
1,B_svc,2,0.17029047946724138,25,0.16987451892177505,MAP_PMU,45,0.00041596054546633177
2,UPFC_Vsh,5-15,1.1089269726562092,25,1.1111883431135414,MAP_PMU,45,0.0022613704573322124
3,UPFC_tsh,5-15,-0.24184780117307625,25,-0.2418125648168908,MAP_PMU,45,3.52363561854363e-05
4,UPFC_Vse,5-15,0.06260277216605305,25,0.06152592446691194,MAP_PMU,45,0.001076847699141105
5,UPFC_tse,5-15,-2.201729609339133,25,-2.1818707827195163,MAP_PMU,45,0.01985882661961691
0,x_tcsc,1-14,-0.1008207395592651,26,-0.10080920433053986,MAP_PMU,45,1.1535228725240154e-05
1,B_svc,2,0.16998138445745306,26,0.16987451892177505,MAP_PMU,45,0.00010686553567801349
2,UPFC_Vsh,5-15,1.1088900164115816,26,1.1111883431135414,MAP_PMU,45,0.002298326701959841
3,UPFC_tsh,5-15,-0.24185201291088435,26,-0.2418125648168908,MAP_PMU,45,3.944809399353266e-05
4,UPFC_Vse,5-15,0.06241773278785758,26,0.06152592446691194,MAP_PMU,45,0.000891808320945639
5,UPFC_tse,5-15,-2.1881715914875834,26,-2.1818707827195163,MAP_PMU,45,0.0063008087680671565
0,x_tcsc,1-14,-0.10080034763143111,27,-0.10080920433053986,MAP_PMU,45,8.856699108744648e-06
1,B_svc,2,0.16986819299769246,27,0.16987451892177505,MAP_PMU,45,6.325924082589696e-06
2,UPFC_Vsh,5-15,1.1088995811588205,27,1.1111883431135414,MAP_PMU,45,0.0022887619547209415
3,UPFC_tsh,5-15,-0.24186589399543504,27,-0.2418125648168908,MAP_PMU,45,5.332917854422581e-05
4,UPFC_Vse,5-15,0.06215914290887072,27,0.06152592446691194,MAP_PMU,45,0.00063321844195878
5,UPFC_tse,5-15,-2.2004996575955893,27,-2.1818707827195163,MAP_PMU,45,0.01862887487607301
0,x_tcsc,1-14,-0.10081821462278545,28,-0.10080920433053986,MAP_PMU,45,9.010292245592577e-06
1,B_svc,2,0.16977503023435653,28,0.16987451892177505,MAP_PMU,45,9.948868741851968e-05
2,UPFC_Vsh,5-15,1.10833711430953,28,1.1111883431135414,MAP_PMU,45,0.002851228804011452
3,UPFC_tsh,5-15,-0.24195534079527306,28,-0.2418125648168908,MAP_PMU,45,0.00014277597838224798
4,UPFC_Vse,5-15,0.06283026351677393,28,0.06152592446691194,MAP_PMU,45,0.0013043390498619842
5,UPFC_tse,5-15,-2.2000879551680534,28,-2.1818707827195163,MAP_PMU,45,0.018217172448537156
0,x_tcsc,1-14,-0.10087406524201105,29,-0.10080920433053986,MAP_PMU,45,6.486091147119011e-05
1,B_svc,2,0.16975648088523068,29,0.16987451892177505,MAP_PMU,45,0.00011803803654436562
2,UPFC_Vsh,5-15,1.1088063810806084,29,1.1111883431135414,MAP_PMU,45,0.0023819620329330604
3,UPFC_tsh,5-15,-0.24184827634249995,29,-0.2418125648168908,MAP_PMU,45,3.5711525609133377e-05
4,UPFC_Vse,5-15,0.062394562998818175,29,0.06152592446691194,MAP_PMU,45,0.0008686385319062323
5,UPFC_tse,5-15,-2.1924104413880334,29,-2.1818707827195163,MAP_PMU,45,0.010539658668517138
0,x_tcsc,1-14,-0.10081848789380357,30,-0.10080920433053986,MAP_PMU,45,9.283563263712269e-06
1,B_svc,2,0.16996390834860575,30,0.16987451892177505,MAP_PMU,45,8.938942683070494e-05
2,UPFC_Vsh,5-15,1.1088116738374851,30,1.1111883431135414,MAP_PMU,45,0.002376669276056287
3,UPFC_tsh,5-15,-0.24181993798138274,30,-0.2418125648168908,MAP_PMU,45,7.373164491925044e-06
4,UPFC_Vse,5-15,0.0628541018913309,30,0.06152592446691194,MAP_PMU,45,0.0013281774244189512
5,UPFC_tse,5-15,-2.1873658396056674,30,-2.1818707827195163,MAP_PMU,45,0.005495056886151151
0,x_tcsc,1-14,-0.10081725783262228,31,-0.10080920433053986,MAP_PMU,45,8.053502082425168e-06
1,B_svc,2,0.16966731572557,31,0.16987451892177505,MAP_PMU,45,0.00020720319620504135
2,UPFC_Vsh,5-15,1.10882567938452,31,1.1111883431135414,MAP_PMU,45,0.002362663729021497
3,UPFC_tsh,5-15,-0.2418361553500468,31,-0.2418125648168908,MAP_PMU,45,2.3590533155981586e-05
4,UPFC_Vse,5-15,0.06262698863488689,31,0.06152592446691194,MAP_PMU,45,0.0011010641679749453
5,UPFC_tse,5-15,-2.19582628690278,31,-2.1818707827195163,MAP_PMU,45,0.013955504183263745
0,x_tcsc,1-14,-0.10082002244358826,32,-0.10080920433053986,MAP_PMU,45,1.0818113048399747e-05
1,B_svc,2,0.1700692521840216,32,0.16987451892177505,MAP_PMU,45,0.0001947332622465603
2,UPFC_Vsh,5-15,1.1084216595974123,32,1.1111883431135414,MAP_PMU,45,0.002766683516129076
3,UPFC_tsh,5-15,-0.24180426846671185,32,-0.2418125648168908,MAP_PMU,45,8.296350178960132e-06
4,UPFC_Vse,5-15,0.06276985400060464,32,0.06152592446691194,MAP_PMU,45,0.001243929533692699
5,UPFC_tse,5-15,-2.1920961522151052,32,-2.1818707827195163,MAP_PMU,45,0.010225369495588943
0,x_tcsc,1-14,-0.10083071593870159,33,-0.10080920433053986,MAP_PMU,45,2.1511608161731144e-05
1,B_svc,2,0.16958581421302774,33,0.16987451892177505,MAP_PMU,45,0.0002887047087473116
2,UPFC_Vsh,5-15,1.1088869412224034,33,1.1111883431135414,MAP_PMU,45,0.002301401891138033
3,UPFC_tsh,5-15,-0.2419009278458982,33,-0.2418125648168908,MAP_PMU,45,8.83630290073878e-05
4,UPFC_Vse,5-15,0.0625446216048806,33,0.06152592446691194,MAP_PMU,45,0.0010186971379686563
5,UPFC_tse,5-15,-2.200930407367795,33,-2.1818707827195163,MAP_PMU,45,0.019059624648278817
0,x_tcsc,1-14,-0.10080943263122392,34,-0.10080920433053986,MAP_PMU,45,2.2830068406587412e-07
1,B_svc,2,0.17003950383090088,34,0.16987451892177505,MAP_PMU,45,0.00016498490912583708
2,UPFC_Vsh,5-15,1.108705135497041,34,1.1111883431135414,MAP_PMU,45,0.002483207616500449
3,UPFC_tsh,5-15,-0.24189161113280755,34,-0.2418125648168908,MAP_PMU,45,7.90463159167365e-05
4,UPFC_Vse,5-15,0.06297877904850815,34,0.06152592446691194,MAP_PMU,45,0.0014528545815962121
5,UPFC_tse,5-15,-2.190914689908292,34,-2.1818707827195163,MAP_PMU,45,0.00904390718877579
0,x_tcsc,1-14,-0.10083427987642402,35,-0.10080920433053986,MAP_PMU,45,2.5075545884156725e-05
1,B_svc,2,0.17002776521532184,35,0.16987451892177505,MAP_PMU,45,0.00015324629354679375
2,UPFC_Vsh,5-15,1.1091455477676662,35,1.1111883431135414,MAP_PMU,45,0.002042795345875259
3,UPFC_tsh,5-15,-0.24178983561135703,35,-0.2418125648168908,MAP_PMU,45,2.2729205533783547e-05
4,UPFC_Vse,5-15,0.06259560774533857,35,0.06152592446691194,MAP_PMU,45,0.0010696832784266239
5,UPFC_tse,5-15,-2.188343202209679,35,-2.1818707827195163,MAP_PMU,45,0.00647241949016264
0,x_tcsc,1-14,-0.10083844736181757,36,-0.10080920433053986,MAP_PMU,45,2.924303127771477e-05
1,B_svc,2,0.16996172133493986,36,0.16987451892177505,MAP_PMU,45,8.720241316481636e-05
2,UPFC_Vsh,5-15,1.1087181524213785,36,1.1111883431135414,MAP_PMU,45,0.0024701906921629213
3,UPFC_tsh,5-15,-0.24187383245994626,36,-0.2418125648168908,MAP_PMU,45,6.126764305544596e-05
4,UPFC_Vse,5-15,0.0623809964318027,36,0.06152592446691194,MAP_PMU,45,0.0008550719648907565
5,UPFC_tse,5-15,-2.197950445495332,36,-2.1818707827195163,MAP_PMU,45,0.016079662775815518
0,x_tcsc,1-14,-0.10082946667528783,37,-0.10080920433053986,MAP_PMU,45,2.0262344747973282e-05
1,B_svc,2,0.16946594358271835,37,0.16987451892177505,MAP_PMU,45,0.00040857533905669374
2,UPFC_Vsh,5-15,1.1089622716755283,37,1.1111883431135414,MAP_PMU,45,0.002226071438013122
3,UPFC_tsh,5-15,-0.24182608375428366,37,-0.2418125648168908,MAP_PMU,45,1.351893739284793e-05
4,UPFC_Vse,5-15,0.06213173859606601,37,0.06152592446691194,MAP_PMU,45,0.0006058141291540656
5,UPFC_tse,5-15,-2.1918668205086806,37,-2.1818707827195163,MAP_PMU,45,0.009996037789164358
0,x_tcsc,1-14,-0.1008583678814526,38,-0.10080920433053986,MAP_PMU,45,4.916355091273694e-05
1,B_svc,2,0.1692606836655374,38,0.16987451892177505,MAP_PMU,45,0.0006138352562376492
2,UPFC_Vsh,5-15,1.1086880327724051,38,1.1111883431135414,MAP_PMU,45,0.0025003103411362915
3,UPFC_tsh,5-15,-0.24187382616688752,38,-0.2418125648168908,MAP_PMU,45,6.126134999670518e-05
4,UPFC_Vse,5-15,0.0624661109494178,38,0.06152592446691194,MAP_PMU,45,0.0009401864825058573
5,UPFC_tse,5-15,-2.1935126985742865,38,-2.1818707827195163,MAP_PMU,45,0.011641915854770257
0,x_tcsc,1-14,-0.1009005722095584,39,-0.10080920433053986,MAP_PMU,45,9.136787901854737e-05
1,B_svc,2,0.1696936190542031,39,0.16987451892177505,MAP_PMU,45,0.0001808998675719431
2,UPFC_Vsh,5-15,1.109134206311187,39,1.1111883431135414,MAP_PMU,45,0.002054136802354334
3,UPFC_tsh,5-15,-0.24177888255243976,39,-0.2418125648168908,MAP_PMU,45,3.368226445105149e-05
4,UPFC_Vse,5-15,0.06223691060972306,39,0.06152592446691194,MAP_PMU,45,0.0007109861428111208
5,UPFC_tse,5-15,-2.1856260085693644,39,-2.1818707827195163,MAP_PMU,45,0.0037552258498481095
0,x_tcsc,1-14,-0.10084086360805408,40,-0.10080920433053986,MAP_PMU,45,3.165927751422326e-05
1,B_svc,2,0.1691650245124298,40,0.16987451892177505,MAP_PMU,45,0.0007094944093452571
2,UPFC_Vsh,5-15,1.1087747620199215,40,1.1111883431135414,MAP_PMU,45,0.0024135810936198876
3,UPFC_tsh,5-15,-0.2418465739560917,40,-0.2418125648168908,MAP_PMU,45,3.400913920087456e-05
4,UPFC_Vse,5-15,0.06245294902973026,40,0.06152592446691194,MAP_PMU,45,0.0009270245628183182
5,UPFC_tse,5-15,-2.1873318543412803,40,-2.1818707827195163,MAP_PMU,45,0.005461071621764013
0,x_tcsc,1-14,-0.10084000859836403,41,-0.10080920433053986,MAP_PMU,45,3.080426782417489e-05
1,B_svc,2,0.16974532636215267,41,0.16987451892177505,MAP_PMU,45,0.0001291925596223764
2,UPFC_Vsh,5-15,1.1094569997241372,41,1.1111883431135414,MAP_PMU,45,0.0017313433894041719
3,UPFC_tsh,5-15,-0.24176965457907032,41,-0.2418125648168908,MAP_PMU,45,4.2910237820492636e-05
4,UPFC_Vse,5-15,0.06268636952000381,41,0.06152592446691194,MAP_PMU,45,0.0011604450530918672
5,UPFC_tse,5-15,-2.189938360643075,41,-2.1818707827195163,MAP_PMU,45,0.008067577923558833
0,x_tcsc,1-14,-0.10082031221474007,42,-0.10080920433053986,MAP_PMU,45,1.1107884200209361e-05
1,B_svc,2,0.16981026063323673,42,0.16987451892177505,MAP_PMU,45,6.425828853831583e-05
2,UPFC_Vsh,5-15,1.1087264781491426,42,1.1111883431135414,MAP_PMU,45,0.002461864964398819
3,UPFC_tsh,5-15,-0.2418916630973163,42,-0.2418125648168908,MAP_PMU,45,7.909828042548805e-05
4,UPFC_Vse,5-15,0.06233182668638022,42,0.06152592446691194,MAP_PMU,45,0.0008059022194682811
5,UPFC_tse,5-15,-2.191040580149466,42,-2.1818707827195163,MAP_PMU,45,0.009169797429949611
0,x_tcsc,1-14,-0.10085471527207293,43,-0.10080920433053986,MAP_PMU,45,4.5510941533072335e-05
1,B_svc,2,0.1699100940723674,43,0.16987451892177505,MAP_PMU,45,3.5575150592354055e-05
2,UPFC_Vsh,5-15,1.1087783804409432,43,1.1111883431135414,MAP_PMU,45,0.002409962672598187
3,UPFC_tsh,5-15,-0.24180911799250157,43,-0.2418125648168908,MAP_PMU,45,3.4468243892415984e-06
4,UPFC_Vse,5-15,0.06293745964815761,43,0.06152592446691194,MAP_PMU,45,0.0014115351812456697
5,UPFC_tse,5-15,-2.1943967038733407,43,-2.1818707827195163,MAP_PMU,45,0.012525921153824449
0,x_tcsc,1-14,-0.10080889335040702,44,-0.10080920433053986,MAP_PMU,45,3.109801328393669e-07
1,B_svc,2,0.17018539536028104,44,0.16987451892177505,MAP_PMU,45,0.000310876438505997
2,UPFC_Vsh,5-15,1.1090282794976685,44,1.1111883431135414,MAP_PMU,45,0.0021600636158729536
3,UPFC_tsh,5-15,-0.24181269879094747,44,-0.2418125648168908,MAP_PMU,45,1.339740566541625e-07
4,UPFC_Vse,5-15,0.06309648961246839,44,0.06152592446691194,MAP_PMU,45,0.0015705651455564448
5,UPFC_tse,5-15,-2.179376323541533,44,-2.1818707827195163,MAP_PMU,45,0.002494459177983188
0,x_tcsc,1-14,-0.1008158548590002,45,-0.10080920433053986,MAP_PMU,45,6.650528460341865e-06
1,B_svc,2,0.17006667934846417,45,0.16987451892177505,MAP_PMU,45,0.00019216042668912525
2,UPFC_Vsh,5-15,1.1087236910069442,45,1.1111883431135414,MAP_PMU,45,0.002464652106597187
3,UPFC_tsh,5-15,-0.24185996173141272,45,-0.2418125648168908,MAP_PMU,45,4.739691452190775e-05
4,UPFC_Vse,5-15,0.06294006536328904,45,0.06152592446691194,MAP_PMU,45,0.0014141408963770988
5,UPFC_tse,5-15,-2.196483510930875,45,-2.1818707827195163,MAP_PMU,45,0.014612728211358839
0,x_tcsc,1-14,-0.10083500429617995,46,-0.10080920433053986,MAP_PMU,45,2.5799965640088685e-05
1,B_svc,2,0.16976684269847236,46,0.16987451892177505,MAP_PMU,45,0.0001076762233026829
2,UPFC_Vsh,5-15,1.1088080122838033,46,1.1111883431135414,MAP_PMU,45,0.0023803308297380976
3,UPFC_tsh,5-15,-0.24182299511016295,46,-0.2418125648168908,MAP_PMU,45,1.0430293272134517e-05
4,UPFC_Vse,5-15,0.06269910068598292,46,0.06152592446691194,MAP_PMU,45,0.0011731762190709746
5,UPFC_tse,5-15,-2.196058852424692,46,-2.1818707827195163,MAP_PMU,45,0.014188069705175721
0,x_tcsc,1-14,-0.10083554934150206,47,-0.10080920433053986,MAP_PMU,45,2.6345010962200432e-05
1,B_svc,2,0.16970960183468728,47,0.16987451892177505,MAP_PMU,45,0.0001649170870877681
2,UPFC_Vsh,5-15,1.1087092387892143,47,1.1111883431135414,MAP_PMU,45,0.002479104324327075
3,UPFC_tsh,5-15,-0.24189987567711616,47,-0.2418125648168908,MAP_PMU,45,8.731086022534251e-05
4,UPFC_Vse,5-15,0.06265180680759361,47,0.06152592446691194,MAP_PMU,45,0.001125882340681665
5,UPFC_tse,5-15,-2.199739699668541,47,-2.1818707827195163,MAP_PMU,45,0.017868916949024705
0,x_tcsc,1-14,-0.1008651206325549,48,-0.10080920433053986,MAP_PMU,45,5.591630201504105e-05
1,B_svc,2,0.1696312998236101,48,0.16987451892177505,MAP_PMU,45,0.00024321909816493736
2,UPFC_Vsh,5-15,1.1088836828623152,48,1.1111883431135414,MAP_PMU,45,0.0023046602512262204
3,UPFC_tsh,5-15,-0.24184761996879275,48,-0.2418125648168908,MAP_PMU,45,3.505515190194153e-05
4,UPFC_Vse,5-15,0.062383166979334034,48,0.06152592446691194,MAP_PMU,45,0.000857242512422092
5,UPFC_tse,5-15,-2.200200266768997,48,-2.1818707827195163,MAP_PMU,45,0.018329484049480538
0,x_tcsc,1-14,-0.10079377716663862,49,-0.10080920433053986,MAP_PMU,45,1.5427163901238217e-05
1,B_svc,2,0.17019949248513586,49,0.16987451892177505,MAP_PMU,45,0.0003249735633608086
2,UPFC_Vsh,5-15,1.1085819796045229,49,1.1111883431135414,MAP_PMU,45,0.00260636350901855
3,UPFC_tsh,5-15,-0.2418837556820065,49,-0.2418125648168908,MAP_PMU,45,7.119086511570005e-05
4,UPFC_Vse,5-15,0.062388695029695324,49,0.06152592446691194,MAP_PMU,45,0.0008627705627833812
5,UPFC_tse,5-15,-2.199600404953869,49,-2.1818707827195163,MAP_PMU,45,0.017729622234352593
0,x_tcsc,1-14,-0.10080822630494343,50,-0.10080920433053986,MAP_PMU,45,9.780255964264573e-07
1,B_svc,2,0.16972343461888698,50,0.16987451892177505,MAP_PMU,45,0.0001510843028880715
2,UPFC_Vsh,5-15,1.1089181772275318,50,1.1111883431135414,MAP_PMU,45,0.0022701658860095897
3,UPFC_tsh,5-15,-0.24186985980201178,50,-0.2418125648168908,MAP_PMU,45,5.729498512097031e-05
4,UPFC_Vse,5-15,0.06298453009670395,50,0.06152592446691194,MAP_PMU,45,0.001458605629792005
5,UPFC_tse,5-15,-2.186474821103363,50,-2.1818707827195163,MAP_PMU,45,0.00460403838384682
0,x_tcsc,1-14,-0.10084928552452042,51,-0.10080920433053986,MAP_PMU,45,4.008119398056509e-05
1,B_svc,2,0.1699356415242315,51,0.16987451892177505,MAP_PMU,45,6.112260245644263e-05
2,UPFC_Vsh,5-15,1.1086814624934946,51,1.1111883431135414,MAP_PMU,45,0.002506880620046781
3,UPFC_tsh,5-15,-0.2418761068309183,51,-0.2418125648168908,MAP_PMU,45,6.354201402750115e-05
4,UPFC_Vse,5-15,0.06286914828116649,51,0.06152592446691194,MAP_PMU,45,0.0013432238142545502
5,UPFC_tse,5-15,-2.1939955715788693,51,-2.1818707827195163,MAP_PMU,45,0.012124788859352975
0,x_tcsc,1-14,-0.10082146824821989,52,-0.10080920433053986,MAP_PMU,45,1.2263917680027658e-05
1,B_svc,2,0.17025115506464594,52,0.16987451892177505,MAP_PMU,45,0.0003766361428708953
2,UPFC_Vsh,5-15,1.1083614306224305,52,1.1111883431135414,MAP_PMU,45,0.002826912491110889
3,UPFC_tsh,5-15,-0.24192622748435932,52,-0.2418125648168908,MAP_PMU,45,0.0001136626674685115
4,UPFC_Vse,5-15,0.06304992072271444,52,0.06152592446691194,MAP_PMU,45,0.001523996255802497
5,UPFC_tse,5-15,-2.1964307083907135,52,-2.1818707827195163,MAP_PMU,45,0.014559925671197238
0,x_tcsc,1-14,-0.10082205486367717,53,-0.10080920433053986,MAP_PMU,45,1.2850533137306885e-05
1,B_svc,2,0.16972700257192,53,0.16987451892177505,MAP_PMU,45,0.00014751634985504802
2,UPFC_Vsh,5-15,1.108473102673736,53,1.1111883431135414,MAP_PMU,45,0.002715240439805422
3,UPFC_tsh,5-15,-0.24189760193577545,53,-0.2418125648168908,MAP_PMU,45,8.503711888463439e-05
4,UPFC_Vse,5-15,0.06275059029985706,53,0.06152592446691194,MAP_PMU,45,0.0012246658329451224
5,UPFC_tse,5-15,-2.1956677349900664,53,-2.1818707827195163,MAP_PMU,45,0.013796952270550111
0,x_tcsc,1-14,-0.10084505933989035,54,-0.10080920433053986,MAP_PMU,45,3.5855009350493905e-05
1,B_svc,2,0.16996679031592318,54,0.16987451892177505,MAP_PMU,45,9.227139414813568e-05
2,UPFC_Vsh,5-15,1.1089546236902361,54,1.1111883431135414,MAP_PMU,45,0.0022337194233053026
3,UPFC_tsh,5-15,-0.24182245650988837,54,-0.2418125648168908,MAP_PMU,45,9.891692997560098e-06
4,UPFC_Vse,5-15,0.06278991624202131,54,0.06152592446691194,MAP_PMU,45,0.0012639917751093646
5,UPFC_tse,5-15,-2.191092108359145,54,-2.1818707827195163,MAP_PMU,45,0.009221325639628741
0,x_tcsc,1-14,-0.10083195870811694,55,-0.10080920433053986,MAP_PMU,45,2.2754377577080542e-05
1,B_svc,2,0.1702200217486281,55,0.16987451892177505,MAP_PMU,45,0.0003455028268530558
2,UPFC_Vsh,5-15,1.108504454769567,55,1.1111883431135414,MAP_PMU,45,0.002683888343974372
3,UPFC_tsh,5-15,-0.24196166878181197,55,-0.2418125648168908,MAP_PMU,45,0.00014910396492115452
4,UPFC_Vse,5-15,0.06313397934733175,55,0.06152592446691194,MAP_PMU,45,0.001608054880419811
5,UPFC_tse,5-15,-2.2023950441613684,55,-2.1818707827195163,MAP_PMU,45,0.020524261441852154
0,x_tcsc,1-14,-0.10086662384772915,56,-0.10080920433053986,MAP_PMU,45,5.741951718929439e-05
1,B_svc,2,0.17021589027726733,56,0.16987451892177505,MAP_PMU,45,0.0003413713554922815
2,UPFC_Vsh,5-15,1.1085060538556355,56,1.1111883431135414,MAP_PMU,45,0.002682289257905923
3,UPFC_tsh,5-15,-0.24189063800740487,56,-0.2418125648168908,MAP_PMU,45,7.807319051406081e-05
4,UPFC_Vse,5-15,0.062439824046009236,56,0.06152592446691194,MAP_PMU,45,0.0009138995790972937
5,UPFC_tse,5-15,-2.1905250714967734,56,-2.1818707827195163,MAP_PMU,45,0.008654288777257158
0,x_tcsc,1-14,-0.10082557054891492,57,-0.10080920433053986,MAP_PMU,45,1.6366218375057917e-05
1,B_svc,2,0.17005720298990454,57,0.16987451892177505,MAP_PMU,45,0.00018268406812949056
2,UPFC_Vsh,5-15,1.1086439709949918,57,1.1111883431135414,MAP_PMU,45,0.0025443721185496315
3,UPFC_tsh,5-15,-0.24186462993216032,57,-0.2418125648168908,MAP_PMU,45,5.206511526950619e-05
4,UPFC_Vse,5-15,0.06232351543233801,57,0.06152592446691194,MAP_PMU,45,0.0007975909654260663
5,UPFC_tse,5-15,-2.192474198594305,57,-2.1818707827195163,MAP_PMU,45,0.010603415874788524
0,x_tcsc,1-14,-0.1008572373245189,58,-0.10080920433053986,MAP_PMU,45,4.803299397904137e-05
1,B_svc,2,0.16979899159052705,58,0.16987451892177505,MAP_PMU,45,7.552733124799316e-05
2,UPFC_Vsh,5-15,1.1087104792915103,58,1.1111883431135414,MAP_PMU,45,0.002477863822031079
3,UPFC_tsh,5-15,-0.2418102869256139,58,-0.2418125648168908,MAP_PMU,45,2.2778912769083615e-06
4,UPFC_Vse,5-15,0.0625712479140012,58,0.06152592446691194,MAP_PMU,45,0.0010453234470892622
5,UPFC_tse,5-15,-2.1992538473691954,58,-2.1818707827195163,MAP_PMU,45,0.017383064649679092
0,x_tcsc,1-14,-0.1008635554305769,59,-0.10080920433053986,MAP_PMU,45,5.4351100037042244e-05
1,B_svc,2,0.16984809171054832,59,0.16987451892177505,MAP_PMU,45,2.642721122672609e-05
2,UPFC_Vsh,5-15,1.1086378875717333,59,1.1111883431135414,MAP_PMU,45,0.0025504555418081054
3,UPFC_tsh,5-15,-0.24189914536165705,59,-0.2418125648168908,MAP_PMU,45,8.658054476623489e-05
4,UPFC_Vse,5-15,0.06239625721977071,59,0.06152592446691194,MAP_PMU,45,0.0008703327528587698
5,UPFC_tse,5-15,-2.1909040277653618,59,-2.1818707827195163,MAP_PMU,45,0.009033245045845462
0,x_tcsc,1-14,-0.1008211140731545,60,-0.10080920433053986,MAP_PMU,45,1.190974261464084e-05
1,B_svc,2,0.17020839473135693,60,0.16987451892177505,MAP_PMU,45,0.000333875809581885
2,UPFC_Vsh,5-15,1.1089363385521154,60,1.1111883431135414,MAP_PMU,45,0.0022520045614260464
3,UPFC_tsh,5-15,-0.24179304250342984,60,-0.2418125648168908,MAP_PMU,45,1.952231346097344e-05
4,UPFC_Vse,5-15,0.0621912634544599,60,0.06152592446691194,MAP_PMU,45,0.0006653389875479546
5,UPFC_tse,5-15,-2.189382491940852,60,-2.1818707827195163,MAP_PMU,45,0.007511709221335927
0,x_tcsc,1-14,-0.10085772648976844,61,-0.10080920433053986,MAP_PMU,45,4.852215922858394e-05
1,B_svc,2,0.169777894266659,61,0.16987451892177505,MAP_PMU,45,9.662465511603435e-05
2,UPFC_Vsh,5-15,1.1088372108992997,61,1.1111883431135414,MAP_PMU,45,0.002351132214241769
3,UPFC_tsh,5-15,-0.24185319771864233,61,-0.2418125648168908,MAP_PMU,45,4.063290175151946e-05
4,UPFC_Vse,5-15,0.06278827207682819,61,0.06152592446691194,MAP_PMU,45,0.0012623476099162464
5,UPFC_tse,5-15,-2.182381263800743,61,-2.1818707827195163,MAP_PMU,45,0.0005104810812266436
0,x_tcsc,1-14,-0.10083013743936389,62,-0.10080920433053986,MAP_PMU,45,2.0933108824033875e-05
1,B_svc,2,0.16946700173714666,62,0.16987451892177505,MAP_PMU,45,0.00040751718462839204
2,UPFC_Vsh,5-15,1.1088978224983095,62,1.1111883431135414,MAP_PMU,45,0.002290520615231939
3,UPFC_tsh,5-15,-0.24186305902189564,62,-0.2418125648168908,MAP_PMU,45,5.0494205004830706e-05
4,UPFC_Vse,5-15,0.062390581712037534,62,0.06152592446691194,MAP_PMU,45,0.0008646572451255913
5,UPFC_tse,5-15,-2.1848391097422395,62,-2.1818707827195163,MAP_PMU,45,0.002968327022723205
0,x_tcsc,1-14,-0.10083950302331744,63,-0.10080920433053986,MAP_PMU,45,3.0298692777583347e-05
1,B_svc,2,0.1696389100146457,63,0.16987451892177505,MAP_PMU,45,0.00023560890712934213
2,UPFC_Vsh,5-15,1.1084586597112185,63,1.1111883431135414,MAP_PMU,45,0.0027296834023229355
3,UPFC_tsh,5-15,-0.24189942483046525,63,-0.2418125648168908,MAP_PMU,45,8.686001357444129e-05
4,UPFC_Vse,5-15,0.06222880403346659,63,0.06152592446691194,MAP_PMU,45,0.000702879566554647
5,UPFC_tse,5-15,-2.2021055442905855,63,-2.1818707827195163,MAP_PMU,45,0.020234761571069182
0,x_tcsc,1-14,-0.10081668492003766,64,-0.10080920433053986,MAP_PMU,45,7.480589497801948e-06
1,B_svc,2,0.16976835193067483,64,0.16987451892177505,MAP_PMU,45,0.00010616699110022054
2,UPFC_Vsh,5-15,1.1088105618954422,64,1.1111883431135414,MAP_PMU,45,0.002377781218099173
3,UPFC_tsh,5-15,-0.2418934728060211,64,-0.2418125648168908,MAP_PMU,45,8.090798913029662e-05
4,UPFC_Vse,5-15,0.062327797128899784,64,0.06152592446691194,MAP_PMU,45,0.0008018726619878416
5,UPFC_tse,5-15,-2.18729670255724,64,-2.1818707827195163,MAP_PMU,45,0.0054259198377235585
0,x_tcsc,1-14,-0.10083220816521164,65,-0.10080920433053986,MAP_PMU,45,2.3003834671783685e-05
1,B_svc,2,0.1701271563231978,65,0.16987451892177505,MAP_PMU,45,0.00025263740142275615
2,UPFC_Vsh,5-15,1.1090530285256004,65,1.1111883431135414,MAP_PMU,45,0.0021353145879410285
3,UPFC_tsh,5-15,-0.24178756449886563,65,-0.2418125648168908,MAP_PMU,45,2.5000318025186763e-05
4,UPFC_Vse,5-15,0.06231046038054408,65,0.06152592446691194,MAP_PMU,45,0.0007845359136321381
5,UPFC_tse,5-15,-2.1854407361202965,65,-2.1818707827195163,MAP_PMU,45,0.003569953400780257
0,x_tcsc,1-14,-0.10083468209077534,66,-0.10080920433053986,MAP_PMU,45,2.547776023548165e-05
1,B_svc,2,0.16996495461442213,66,0.16987451892177505,MAP_PMU,45,9.04356926470784e-05
2,UPFC_Vsh,5-15,1.10879152101841,66,1.1111883431135414,MAP_PMU,45,0.002396822095131368
3,UPFC_tsh,5-15,-0.241813583738559,66,-0.2418125648168908,MAP_PMU,45,1.0189216681777413e-06
4,UPFC_Vse,5-15,0.06274741820969669,66,0.06152592446691194,MAP_PMU,45,0.0012214937427847475
5,UPFC_tse,5-15,-2.1934948251941653,66,-2.1818707827195163,MAP_PMU,45,0.011624042474648988
0,x_tcsc,1-14,-0.10082318427584396,67,-0.10080920433053986,MAP_PMU,45,1.3979945304096186e-05
1,B_svc,2,0.17008835873369463,67,0.16987451892177505,MAP_PMU,45,0.00021383981191958057
2,UPFC_Vsh,5-15,1.1082468749452135,67,1.1111883431135414,MAP_PMU,45,0.0029414681683279653
3,UPFC_tsh,5-15,-0.24183365187025113,67,-0.2418125648168908,MAP_PMU,45,2.108705336031913e-05
4,UPFC_Vse,5-15,0.06293328116615372,67,0.06152592446691194,MAP_PMU,45,0.001407356699241781
5,UPFC_tse,5-15,-2.1956675397932575,67,-2.1818707827195163,MAP_PMU,45,0.013796757073741173
0,x_tcsc,1-14,-0.10081635566725293,68,-0.10080920433053986,MAP_PMU,45,7.151336713070999e-06
1,B_svc,2,0.17009206918127523,68,0.16987451892177505,MAP_PMU,45,0.00021755025950018214
2,UPFC_Vsh,5-15,1.1084731427809094,68,1.1111883431135414,MAP_PMU,45,0.0027152003326320617
3,UPFC_tsh,5-15,-0.24184040764124382,68,-0.2418125648168908,MAP_PMU,45,2.784282435300267e-05
4,UPFC_Vse,5-15,0.06210885821970623,68,0.06152592446691194,MAP_PMU,45,0.000582933752794286
5,UPFC_tse,5-15,-2.190352754760336,68,-2.1818707827195163,MAP_PMU,45,0.008481972040819574
0,x_tcsc,1-14,-0.1008384907660179,69,-0.10080920433053986,MAP_PMU,45,2.928643547804588e-05
1,B_svc,2,0.16965797387143045,69,0.16987451892177505,MAP_PMU,45,0.00021654505034460203
2,UPFC_Vsh,5-15,1.1087148182582052,69,1.1111883431135414,MAP_PMU,45,0.002473524855336251
3,UPFC_tsh,5-15,-0.24182372104710215,69,-0.2418125648168908,MAP_PMU,45,1.1156230211334384e-05
4,UPFC_Vse,5-15,0.06215831491131035,69,0.06152592446691194,MAP_PMU,45,0.0006323904443984105
5,UPFC_tse,5-15,-2.1851822063469997,69,-2.1818707827195163,MAP_PMU,45,0.0033114236274833786
0,x_tcsc,1-14,-0.1008338980024654,70,-0.10080920433053986,MAP_PMU,45,2.4693671925535288e-05
1,B_svc,2,0.16950008346166776,70,0.16987451892177505,MAP_PMU,45,0.0003744354601072919
2,UPFC_Vsh,5-15,1.1088290241313052,70,1.1111883431135414,MAP_PMU,45,0.0023593189822361804
3,UPFC_tsh,5-15,-0.24188323969466852,70,-0.2418125648168908,MAP_PMU,45,7.067487777770443e-05
4,UPFC_Vse,5-15,0.06228219350015118,70,0.06152592446691194,MAP_PMU,45,0.0007562690332392347
5,UPFC_tse,5-15,-2.197538921930774,70,-2.1818707827195163,MAP_PMU,45,0.01566813921125787
0,x_tcsc,1-14,-0.10086837778149468,71,-0.10080920433053986,MAP_PMU,45,5.9173450954824736e-05
1,B_svc,2,0.16992073159453366,71,0.16987451892177505,MAP_PMU,45,4.621267275861651e-05
2,UPFC_Vsh,5-15,1.108865417114843,71,1.1111883431135414,MAP_PMU,45,0.002322925998698322
3,UPFC_tsh,5-15,-0.24189409869572984,71,-0.2418125648168908,MAP_PMU,45,8.153387883902408e-05
4,UPFC_Vse,5-15,0.06301374680252024,71,0.06152592446691194,MAP_PMU,45,0.0014878223356082979
5,UPFC_tse,5-15,-2.1883752134598167,71,-2.1818707827195163,MAP_PMU,45,0.006504430740300382
0,x_tcsc,1-14,-0.10081327668476327,72,-0.10080920433053986,MAP_PMU,45,4.072354223408348e-06
1,B_svc,2,0.16959241028125024,72,0.16987451892177505,MAP_PMU,45,0.000282108640524803
2,UPFC_Vsh,5-15,1.1087868689659097,72,1.1111883431135414,MAP_PMU,45,0.002401474147631699
3,UPFC_tsh,5-15,-0.241883306417015,72,-0.2418125648168908,MAP_PMU,45,7.074160012418562e-05
4,UPFC_Vse,5-15,0.06251812804962781,72,0.06152592446691194,MAP_PMU,45,0.0009922035827158657
5,UPFC_tse,5-15,-2.187127319416922,72,-2.1818707827195163,MAP_PMU,45,0.005256536697405778
0,x_tcsc,1-14,-0.10082174437864973,73,-0.10080920433053986,MAP_PMU,45,1.254004810986864e-05
1,B_svc,2,0.17037975588187612,73,0.16987451892177505,MAP_PMU,45,0.0005052369601010742
2,UPFC_Vsh,5-15,1.1086278195727846,73,1.1111883431135414,MAP_PMU,45,0.002560523540756865
3,UPFC_tsh,5-15,-0.24189872361196638,73,-0.2418125648168908,MAP_PMU,45,8.615879507556379e-05
4,UPFC_Vse,5-15,0.06260085342710725,73,0.06152592446691194,MAP_PMU,45,0.001074928960195308
5,UPFC_tse,5-15,-2.195588020312967,73,-2.1818707827195163,MAP_PMU,45,0.013717237593450893
0,x_tcsc,1-14,-0.10084491356118337,74,-0.10080920433053986,MAP_PMU,45,3.570923064351306e-05
1,B_svc,2,0.17010091012216647,74,0.16987451892177505,MAP_PMU,45,0.00022639120039141813
2,UPFC_Vsh,5-15,1.1085153014808697,74,1.1111883431135414,MAP_PMU,45,0.00267304163267168
3,UPFC_tsh,5-15,-0.2418456521658853,74,-0.2418125648168908,MAP_PMU,45,3.3087348994487176e-05
4,UPFC_Vse,5-15,0.06263737002075187,74,0.06152592446691194,MAP_PMU,45,0.0011114455538399279
5,UPFC_tse,5-15,-2.196529882458857,74,-2.1818707827195163,MAP_PMU,45,0.014659099739340764
0,x_tcsc,1-14,-0.100810065815658,75,-0.10080920433053986,MAP_PMU,45,8.614851181448779e-07
1,B_svc,2,0.17014185862410977,75,0.16987451892177505,MAP_PMU,45,0.0002673397023347235
2,UPFC_Vsh,5-15,1.1089213221745737,75,1.1111883431135414,MAP_PMU,45,0.00226702093896769
3,UPFC_tsh,5-15,-0.2418652549786874,75,-0.2418125648168908,MAP_PMU,45,5.269016179659802e-05
4,UPFC_Vse,5-15,0.06249964512530527,75,0.06152592446691194,MAP_PMU,45,0.0009737206583933303
5,UPFC_tse,5-15,-2.190776776820254,75,-2.1818707827195163,MAP_PMU,45,0.008905994100737669
0,x_tcsc,1-14,-0.10083978912846461,76,-0.10080920433053986,MAP_PMU,45,3.0584797924754215e-05
1,B_svc,2,0.17045057729006152,76,0.16987451892177505,MAP_PMU,45,0.000576058368286475
2,UPFC_Vsh,5-15,1.1089700420390796,76,1.1111883431135414,MAP_PMU,45,0.002218301074461859
3,UPFC_tsh,5-15,-0.24186234989778171,76,-0.2418125648168908,MAP_PMU,45,4.978508089090172e-05
4,UPFC_Vse,5-15,0.062407583366074056,76,0.06152592446691194,MAP_PMU,45,0.0008816588991621133
5,UPFC_tse,5-15,-2.183997821824521,76,-2.1818707827195163,MAP_PMU,45,0.00212703910500478
0,x_tcsc,1-14,-0.10082162535379433,77,-0.10080920433053986,MAP_PMU,45,1.2421023254466368e-05
1,B_svc,2,0.16959446997450428,77,0.16987451892177505,MAP_PMU,45,0.0002800489472707668
2,UPFC_Vsh,5-15,1.1086008958994058,77,1.1111883431135414,MAP_PMU,45,0.0025874472141356186
3,UPFC_tsh,5-15,-0.24184548385674245,77,-0.2418125648168908,MAP_PMU,45,3.291903985164213e-05
4,UPFC_Vse,5-15,0.06315970254877883,77,0.06152592446691194,MAP_PMU,45,0.0016337780818668837
5,UPFC_tse,5-15,-2.1975294918505996,77,-2.1818707827195163,MAP_PMU,45,0.01565870913108336
0,x_tcsc,1-14,-0.10080905149208294,78,-0.10080920433053986,MAP_PMU,45,1.5283845691826947e-07
1,B_svc,2,0.1695441271283137,78,0.16987451892177505,MAP_PMU,45,0.0003303917934613376
2,UPFC_Vsh,5-15,1.1086886446633082,78,1.1111883431135414,MAP_PMU,45,0.0024996984502332342
3,UPFC_tsh,5-15,-0.24185943959554188,78,-0.2418125648168908,MAP_PMU,45,4.68747786510626e-05
4,UPFC_Vse,5-15,0.06306799618183201,78,0.06152592446691194,MAP_PMU,45,0.0015420717149200666
5,UPFC_tse,5-15,-2.187462700044835,78,-2.1818707827195163,MAP_PMU,45,0.005591917325318718
0,x_tcsc,1-14,-0.10080506510694259,79,-0.10080920433053986,MAP_PMU,45,4.139223597265929e-06
1,B_svc,2,0.17021021182533988,79,0.16987451892177505,MAP_PMU,45,0.0003356929035648326
2,UPFC_Vsh,5-15,1.1090269619191844,79,1.1111883431135414,MAP_PMU,45,0.0021613811943570482
3,UPFC_tsh,5-15,-0.24182376937136527,79,-0.2418125648168908,MAP_PMU,45,1.1204554474453232e-05
4,UPFC_Vse,5-15,0.06199185487542654,79,0.06152592446691194,MAP_PMU,45,0.00046593040851460044
5,UPFC_tse,5-15,-2.1928607351123577,79,-2.1818707827195163,MAP_PMU,45,0.010989952392841396
0,x_tcsc,1-14,-0.10083172232692596,80,-0.10080920433053986,MAP_PMU,45,2.2517996386098305e-05
1,B_svc,2,0.17029713426855436,80,0.16987451892177505,MAP_PMU,45,0.0004226153467793148
2,UPFC_Vsh,5-15,1.1086866190687783,80,1.1111883431135414,MAP_PMU,45,0.0025017240447631206
3,UPFC_tsh,5-15,-0.24188164665267953,80,-0.2418125648168908,MAP_PMU,45,6.908183578871463e-05
4,UPFC_Vse,5-15,0.06264550898799941,80,0.06152592446691194,MAP_PMU,45,0.0011195845210874647
5,UPFC_tse,5-15,-2.20056801067642,80,-2.1818707827195163,MAP_PMU,45,0.01869722795690354
0,x_tcsc,1-14,-0.10080334420266919,81,-0.10080920433053986,MAP_PMU,45,5.860127870668808e-06
1,B_svc,2,0.16975065849057858,81,0.16987451892177505,MAP_PMU,45,0.00012386043119647083
2,UPFC_Vsh,5-15,1.10873209653937,81,1.1111883431135414,MAP_PMU,45,0.002456246574171317
3,UPFC_tsh,5-15,-0.24181583161733788,81,-0.2418125648168908,MAP_PMU,45,3.266800447071505e-06
4,UPFC_Vse,5-15,0.06186040849723817,81,0.06152592446691194,MAP_PMU,45,0.0003344840303262306
5,UPFC_tse,5-15,-2.1851531561087314,81,-2.1818707827195163,MAP_PMU,45,0.0032823733892151097
0,x_tcsc,1-14,-0.10084541519211039,82,-0.10080920433053986,MAP_PMU,45,3.6210861570531994e-05
1,B_svc,2,0.17025258262909046,82,0.16987451892177505,MAP_PMU,45,0.0003780637073154125
2,UPFC_Vsh,5-15,1.1091212286408494,82,1.1111883431135414,MAP_PMU,45,0.002067114472692033
3,UPFC_tsh,5-15,-0.2417693410854355,82,-0.2418125648168908,MAP_PMU,45,4.322373145532188e-05
4,UPFC_Vse,5-15,0.0629401056290763,82,0.06152592446691194,MAP_PMU,45,0.0014141811621643588
5,UPFC_tse,5-15,-2.1836163881544963,82,-2.1818707827195163,MAP_PMU,45,0.0017456054349800354
0,x_tcsc,1-14,-0.10084087148589437,83,-0.10080920433053986,MAP_PMU,45,3.166715535450615e-05
1,B_svc,2,0.17033461998566604,83,0.16987451892177505,MAP_PMU,45,0.00046010106389099414
2,UPFC_Vsh,5-15,1.1091147641481722,83,1.1111883431135414,MAP_PMU,45,0.002073578965369194
3,UPFC_tsh,5-15,-0.24174610490367998,83,-0.2418125648168908,MAP_PMU,45,6.645991321083122e-05
4,UPFC_Vse,5-15,0.0624091200824049,83,0.06152592446691194,MAP_PMU,45,0.0008831956154929585
5,UPFC_tse,5-15,-2.188843861914838,83,-2.1818707827195163,MAP_PMU,45,0.006973079195321752
0,x_tcsc,1-14,-0.1008137718086908,84,-0.10080920433053986,MAP_PMU,45,4.56747815094638e-06
1,B_svc,2,0.16989665183601405,84,0.16987451892177505,MAP_PMU,45,2.2132914238998103e-05
2,UPFC_Vsh,5-15,1.1087324238961018,84,1.1111883431135414,MAP_PMU,45,0.002455919217439595
3,UPFC_tsh,5-15,-0.2418128855005566,84,-0.2418125648168908,MAP_PMU,45,3.2068366578874574e-07
4,UPFC_Vse,5-15,0.06275047410104317,84,0.06152592446691194,MAP_PMU,45,0.001224549634131232
5,UPFC_tse,5-15,-2.1817254617200064,84,-2.1818707827195163,MAP_PMU,45,0.0001453209995099236
0,x_tcsc,1-14,-0.10080950940979926,85,-0.10080920433053986,MAP_PMU,45,3.050792593967122e-07
1,B_svc,2,0.17007877686872436,85,0.16987451892177505,MAP_PMU,45,0.00020425794694931
2,UPFC_Vsh,5-15,1.1085904183772601,85,1.1111883431135414,MAP_PMU,45,0.0025979247362812874
3,UPFC_tsh,5-15,-0.24191929289596903,85,-0.2418125648168908,MAP_PMU,45,0.00010672807907821658
4,UPFC_Vse,5-15,0.0624140294133272,85,0.06152592446691194,MAP_PMU,45,0.0008881049464152593
5,UPFC_tse,5-15,-2.1945853833719564,85,-2.1818707827195163,MAP_PMU,45,0.012714600652440122
0,x_tcsc,1-14,-0.10083630056238319,86,-0.10080920433053986,MAP_PMU,45,2.7096231843326546e-05
1,B_svc,2,0.17012551893479802,86,0.16987451892177505,MAP_PMU,45,0.0002510000130229728
2,UPFC_Vsh,5-15,1.1088603254121967,86,1.1111883431135414,MAP_PMU,45,0.00232801770134472
3,UPFC_tsh,5-15,-0.24179946738969493,86,-0.2418125648168908,MAP_PMU,45,1.3097427195879474e-05
4,UPFC_Vse,5-15,0.06202797947931057,86,0.06152592446691194,MAP_PMU,45,0.000502055012398625
5,UPFC_tse,5-15,-2.1918623462691915,86,-2.1818707827195163,MAP_PMU,45,0.00999156354967523
0,x_tcsc,1-14,-0.10082116474469895,87,-0.10080920433053986,MAP_PMU,45,1.196041415908733e-05
1,B_svc,2,0.16981238639457863,87,0.16987451892177505,MAP_PMU,45,6.213252719641793e-05
2,UPFC_Vsh,5-15,1.108518659214792,87,1.1111883431135414,MAP_PMU,45,0.002669683898749442
3,UPFC_tsh,5-15,-0.2418302490633203,87,-0.2418125648168908,MAP_PMU,45,1.7684246429477968e-05
4,UPFC_Vse,5-15,0.06302416152742327,87,0.06152592446691194,MAP_PMU,45,0.0014982370605113246
5,UPFC_tse,5-15,-2.205348479867821,87,-2.1818707827195163,MAP_PMU,45,0.02347769714830461
0,x_tcsc,1-14,-0.1008438457007678,88,-0.10080920433053986,MAP_PMU,45,3.464137022794744e-05
1,B_svc,2,0.17017464194274984,88,0.16987451892177505,MAP_PMU,45,0.0003001230209747907
2,UPFC_Vsh,5-15,1.1089314368895289,88,1.1111883431135414,MAP_PMU,45,0.0022569062240125337
3,UPFC_tsh,5-15,-0.24179143492619973,88,-0.2418125648168908,MAP_PMU,45,2.1129890691085063e-05
4,UPFC_Vse,5-15,0.06208679915157336,88,0.06152592446691194,MAP_PMU,45,0.0005608746846614207
5,UPFC_tse,5-15,-2.1821951994476,88,-2.1818707827195163,MAP_PMU,45,0.00032441672808358746
0,x_tcsc,1-14,-0.10082770941421577,89,-0.10080920433053986,MAP_PMU,45,1.8505083675915412e-05
1,B_svc,2,0.16988547182821043,89,0.16987451892177505,MAP_PMU,45,1.0952906435379717e-05
2,UPFC_Vsh,5-15,1.1082755571516587,89,1.1111883431135414,MAP_PMU,45,0.0029127859618827134
3,UPFC_tsh,5-15,-0.2419514345796899,89,-0.2418125648168908,MAP_PMU,45,0.00013886976279908758
4,UPFC_Vse,5-15,0.0624997112341538,89,0.06152592446691194,MAP_PMU,45,0.0009737867672418576
5,UPFC_tse,5-15,-2.205678741698482,89,-2.1818707827195163,MAP_PMU,45,0.023807958978965704
0,x_tcsc,1-14,-0.10082729169250547,90,-0.10080920433053986,MAP_PMU,45,1.8087361965610227e-05
1,B_svc,2,0.16988520992160924,90,0.16987451892177505,MAP_PMU,45,1.0690999834195303e-05
2,UPFC_Vsh,5-15,1.1086559771427233,90,1.1111883431135414,MAP_PMU,45,0.0025323659708180735
3,UPFC_tsh,5-15,-0.2419672264089691,90,-0.2418125648168908,MAP_PMU,45,0.00015466159207827568
4,UPFC_Vse,5-15,0.06281827108511454,90,0.06152592446691194,MAP_PMU,45,0.001292346618202593
5,UPFC_tse,5-15,-2.1970539051556455,90,-2.1818707827195163,MAP_PMU,45,0.015183122436129182
0,x_tcsc,1-14,-0.10081394147597032,91,-0.10080920433053986,MAP_PMU,45,4.737145430463996e-06
1,B_svc,2,0.17040474420607232,91,0.16987451892177505,MAP_PMU,45,0.0005302252842972754
2,UPFC_Vsh,5-15,1.1087724702338448,91,1.1111883431135414,MAP_PMU,45,0.002415872879696579
3,UPFC_tsh,5-15,-0.24185844036321796,91,-0.2418125648168908,MAP_PMU,45,4.587554632715096e-05
4,UPFC_Vse,5-15,0.06280995418964809,91,0.06152592446691194,MAP_PMU,45,0.0012840297227361477
5,UPFC_tse,5-15,-2.197590160686265,91,-2.1818707827195163,MAP_PMU,45,0.015719377966748826
0,x_tcsc,1-14,-0.10086473794534408,92,-0.10080920433053986,MAP_PMU,45,5.5533614804217923e-05
1,B_svc,2,0.1701460276850117,92,0.16987451892177505,MAP_PMU,45,0.0002715087632366442
2,UPFC_Vsh,5-15,1.1089340897329305,92,1.1111883431135414,MAP_PMU,45,0.0022542533806109155
3,UPFC_tsh,5-15,-0.24196329510435288,92,-0.2418125648168908,MAP_PMU,45,0.00015073028746206973
4,UPFC_Vse,5-15,0.0626948843472292,92,0.06152592446691194,MAP_PMU,45,0.0011689598803172538
5,UPFC_tse,5-15,-2.18613103407943,92,-2.1818707827195163,MAP_PMU,45,0.004260251359913703
0,x_tcsc,1-14,-0.10081449347056042,93,-0.10080920433053986,MAP_PMU,45,5.289140020556249e-06
1,B_svc,2,0.16957763581728744,93,0.16987451892177505,MAP_PMU,45,0.0002968831044876108
2,UPFC_Vsh,5-15,1.1088869688049565,93,1.1111883431135414,MAP_PMU,45,0.0023013743085849026
3,UPFC_tsh,5-15,-0.2418367217177612,93,-0.2418125648168908,MAP_PMU,45,2.4156900870375697e-05
4,UPFC_Vse,5-15,0.06232139745780321,93,0.06152592446691194,MAP_PMU,45,0.0007954729908912703
5,UPFC_tse,5-15,-2.191533768884419,93,-2.1818707827195163,MAP_PMU,45,0.009662986164902687
0,x_tcsc,1-14,-0.10081954063026453,94,-0.10080920433053986,MAP_PMU,45,1.0336299724675313e-05
1,B_svc,2,0.17003568452345114,94,0.16987451892177505,MAP_PMU,45,0.00016116560167608873
2,UPFC_Vsh,5-15,1.1086138898460232,94,1.1111883431135414,MAP_PMU,45,0.002574453267518262
3,UPFC_tsh,5-15,-0.24183551510088525,94,-0.2418125648168908,MAP_PMU,45,2.2950283994432885e-05
4,UPFC_Vse,5-15,0.06266693334983166,94,0.06152592446691194,MAP_PMU,45,0.0011410088829197154
5,UPFC_tse,5-15,-2.193065049526029,94,-2.1818707827195163,MAP_PMU,45,0.011194266806512587
0,x_tcsc,1-14,-0.1008068500329863,95,-0.10080920433053986,MAP_PMU,45,2.354297553561202e-06
1,B_svc,2,0.17008438778403948,95,0.16987451892177505,MAP_PMU,45,0.00020986886226442847
2,UPFC_Vsh,5-15,1.1087606640828231,95,1.1111883431135414,MAP_PMU,45,0.002427679030718277
3,UPFC_tsh,5-15,-0.24187988880216055,95,-0.2418125648168908,MAP_PMU,45,6.732398526973493e-05
4,UPFC_Vse,5-15,0.0627357677956917,95,0.06152592446691194,MAP_PMU,45,0.0012098433287797625
5,UPFC_tse,5-15,-2.1937384028516056,95,-2.1818707827195163,MAP_PMU,45,0.011867620132089307
0,x_tcsc,1-14,-0.10082975997953886,96,-0.10080920433053986,MAP_PMU,45,2.0555648998998866e-05
1,B_svc,2,0.16979490663157606,96,0.16987451892177505,MAP_PMU,45,7.961229019898264e-05
2,UPFC_Vsh,5-15,1.1088857297044021,96,1.1111883431135414,MAP_PMU,45,0.002302613409139287
3,UPFC_tsh,5-15,-0.24176258638319525,96,-0.2418125648168908,MAP_PMU,45,4.997843369555777e-05
4,UPFC_Vse,5-15,0.062360298903158404,96,0.06152592446691194,MAP_PMU,45,0.0008343744362464614
5,UPFC_tse,5-15,-2.192604566052406,96,-2.1818707827195163,MAP_PMU,45,0.010733783332889768
0,x_tcsc,1-14,-0.10084549452180248,97,-0.10080920433053986,MAP_PMU,45,3.6290191262625116e-05
1,B_svc,2,0.16995211854236855,97,0.16987451892177505,MAP_PMU,45,7.759962059350478e-05
2,UPFC_Vsh,5-15,1.1086906869160216,97,1.1111883431135414,MAP_PMU,45,0.0024976561975198486
3,UPFC_tsh,5-15,-0.24189790255368077,97,-0.2418125648168908,MAP_PMU,45,8.533773678995327e-05
4,UPFC_Vse,5-15,0.06346325992966338,97,0.06152592446691194,MAP_PMU,45,0.0019373354627514397
5,UPFC_tse,5-15,-2.197370028673204,97,-2.1818707827195163,MAP_PMU,45,0.01549924595368779
0,x_tcsc,1-14,-0.1008526590977125,98,-0.10080920433053986,MAP_PMU,45,4.345476717264318e-05
1,B_svc,2,0.1700764996411827,98,0.16987451892177505,MAP_PMU,45,0.00020198071940766282
2,UPFC_Vsh,5-15,1.1089083289069568,98,1.1111883431135414,MAP_PMU,45,0.002280014206584635
3,UPFC_tsh,5-15,-0.24177499036171088,98,-0.2418125648168908,MAP_PMU,45,3.757445517993396e-05
4,UPFC_Vse,5-15,0.0624164991131609,98,0.06152592446691194,MAP_PMU,45,0.0008905746462489553
5,UPFC_tse,5-15,-2.193266824895836,98,-2.1818707827195163,MAP_PMU,45,0.011396042176319732
0,x_tcsc,1-14,-0.10082686413097654,99,-0.10080920433053986,MAP_PMU,45,1.7659800436678474e-05
1,B_svc,2,0.17002191156968177,99,0.16987451892177505,MAP_PMU,45,0.00014739264790672446
2,UPFC_Vsh,5-15,1.1085591586846053,99,1.1111883431135414,MAP_PMU,45,0.0026291844289361155
3,UPFC_tsh,5-15,-0.24176098482230127,99,-0.2418125648168908,MAP_PMU,45,5.157999458954565e-05
4,UPFC_Vse,5-15,0.06247718843140925,99,0.06152592446691194,MAP_PMU,45,0.0009512639644973092
5,UPFC_tse,5-15,-2.190376062753565,99,-2.1818707827195163,MAP_PMU,45,0.008505280034048823
0,x_tcsc,1-14,-0.10132369828707673,0,-0.1013210017993398,MAP_PMU,47,2.696487736930653e-06
1,B_svc,2,0.17030705210854444,0,0.17066003762868956,MAP_PMU,47,0.0003529855201451215
2,UPFC_Vsh,5-15,1.1088153929820876,0,1.1116915683153972,MAP_PMU,47,0.0028761753333095275
3,UPFC_tsh,5-15,-0.24135767939060834,0,-0.24127632818086714,MAP_PMU,47,8.135120974120391e-05
4,UPFC_Vse,5-15,0.06264347995554284,0,0.06157371273501352,MAP_PMU,47,0.0010697672205293232
5,UPFC_tse,5-15,-2.192568282866909,0,-2.173806745596809,MAP_PMU,47,0.018761537270099993
0,x_tcsc,1-14,-0.10134314007534215,1,-0.1013210017993398,MAP_PMU,47,2.2138276002350854e-05
1,B_svc,2,0.17048366324326578,1,0.17066003762868956,MAP_PMU,47,0.00017637438542378314
2,UPFC_Vsh,5-15,1.1087118959078486,1,1.1116915683153972,MAP_PMU,47,0.0029796724075485947
3,UPFC_tsh,5-15,-0.24132533447267976,1,-0.24127632818086714,MAP_PMU,47,4.900629181261995e-05
4,UPFC_Vse,5-15,0.06313610028180001,1,0.06157371273501352,MAP_PMU,47,0.0015623875467864964
5,UPFC_tse,5-15,-2.1959255161414055,1,-2.173806745596809,MAP_PMU,47,0.022118770544596433
0,x_tcsc,1-14,-0.10131482780041547,2,-0.1013210017993398,MAP_PMU,47,6.173998924330348e-06
1,B_svc,2,0.17060306000895356,2,0.17066003762868956,MAP_PMU,47,5.697761973599835e-05
2,UPFC_Vsh,5-15,1.1086886409796382,2,1.1116915683153972,MAP_PMU,47,0.0030029273357590203
3,UPFC_tsh,5-15,-0.24130714754052335,2,-0.24127632818086714,MAP_PMU,47,3.081935965620897e-05
4,UPFC_Vse,5-15,0.06267110236735168,2,0.06157371273501352,MAP_PMU,47,0.0010973896323381652
5,UPFC_tse,5-15,-2.1856420615608245,2,-2.173806745596809,MAP_PMU,47,0.011835315964015436
0,x_tcsc,1-14,-0.10135165149791985,3,-0.1013210017993398,MAP_PMU,47,3.064969858004862e-05
1,B_svc,2,0.17098171944743956,3,0.17066003762868956,MAP_PMU,47,0.00032168181875000257
2,UPFC_Vsh,5-15,1.108404537664838,3,1.1116915683153972,MAP_PMU,47,0.0032870306505592417
3,UPFC_tsh,5-15,-0.24136348537651298,3,-0.24127632818086714,MAP_PMU,47,8.715719564583724e-05
4,UPFC_Vse,5-15,0.0633965328261972,3,0.06157371273501352,MAP_PMU,47,0.0018228200911836814
5,UPFC_tse,5-15,-2.1961700954086103,3,-2.173806745596809,MAP_PMU,47,0.022363349811801214
0,x_tcsc,1-14,-0.10136654334652609,4,-0.1013210017993398,MAP_PMU,47,4.554154718629244e-05
1,B_svc,2,0.1708617894062334,4,0.17066003762868956,MAP_PMU,47,0.0002017517775438349
2,UPFC_Vsh,5-15,1.1084932136070704,4,1.1116915683153972,MAP_PMU,47,0.003198354708326745
3,UPFC_tsh,5-15,-0.2413311201223113,4,-0.24127632818086714,MAP_PMU,47,5.47919414441711e-05
4,UPFC_Vse,5-15,0.062339338150448946,4,0.06157371273501352,MAP_PMU,47,0.0007656254154354281
5,UPFC_tse,5-15,-2.191672837339203,4,-2.173806745596809,MAP_PMU,47,0.01786609174239384
0,x_tcsc,1-14,-0.10132463050382566,5,-0.1013210017993398,MAP_PMU,47,3.628704485864054e-06
1,B_svc,2,0.17049847089927836,5,0.17066003762868956,MAP_PMU,47,0.00016156672941119998
2,UPFC_Vsh,5-15,1.1090433020264314,5,1.1116915683153972,MAP_PMU,47,0.0026482662889657504
3,UPFC_tsh,5-15,-0.2413211747736788,5,-0.24127632818086714,MAP_PMU,47,4.4846592811648156e-05
4,UPFC_Vse,5-15,0.06256955194579167,5,0.06157371273501352,MAP_PMU,47,0.0009958392107781502
5,UPFC_tse,5-15,-2.1909259881875216,5,-2.173806745596809,MAP_PMU,47,0.017119242590712513
0,x_tcsc,1-14,-0.1013254093788541,6,-0.1013210017993398,MAP_PMU,47,4.407579514309479e-06
1,B_svc,2,0.1704184977798393,6,0.17066003762868956,MAP_PMU,47,0.00024153984885025293
2,UPFC_Vsh,5-15,1.1086563308602386,6,1.1116915683153972,MAP_PMU,47,0.003035237455158546
3,UPFC_tsh,5-15,-0.24135346901478755,6,-0.24127632818086714,MAP_PMU,47,7.714083392040827e-05
4,UPFC_Vse,5-15,0.062384172380507405,6,0.06157371273501352,MAP_PMU,47,0.000810459645493887
5,UPFC_tse,5-15,-2.189712764983451,6,-2.173806745596809,MAP_PMU,47,0.015906019386641823
0,x_tcsc,1-14,-0.10132111271284203,7,-0.1013210017993398,MAP_PMU,47,1.1091350222980356e-07
1,B_svc,2,0.17062436803593706,7,0.17066003762868956,MAP_PMU,47,3.566959275250192e-05
2,UPFC_Vsh,5-15,1.1085161492579942,7,1.1116915683153972,MAP_PMU,47,0.0031754190574029284
3,UPFC_tsh,5-15,-0.24138446580950743,7,-0.24127632818086714,MAP_PMU,47,0.00010813762864028686
4,UPFC_Vse,5-15,0.06263008171896407,7,0.06157371273501352,MAP_PMU,47,0.001056368983950555
5,UPFC_tse,5-15,-2.1969140587742793,7,-2.173806745596809,MAP_PMU,47,0.023107313177470168
0,x_tcsc,1-14,-0.1013603552485971,8,-0.1013210017993398,MAP_PMU,47,3.9353449257303885e-05
1,B_svc,2,0.17061639155385838,8,0.17066003762868956,MAP_PMU,47,4.364607483117733e-05
2,UPFC_Vsh,5-15,1.1087570029258629,8,1.1116915683153972,MAP_PMU,47,0.002934565389534294
3,UPFC_tsh,5-15,-0.24130464144920594,8,-0.24127632818086714,MAP_PMU,47,2.831326833879766e-05
4,UPFC_Vse,5-15,0.06260912142906269,8,0.06157371273501352,MAP_PMU,47,0.0010354086940491738
5,UPFC_tse,5-15,-2.174037767105092,8,-2.173806745596809,MAP_PMU,47,0.0002310215082830247
0,x_tcsc,1-14,-0.10132311224473099,9,-0.1013210017993398,MAP_PMU,47,2.110445391195759e-06
1,B_svc,2,0.17051616503375502,9,0.17066003762868956,MAP_PMU,47,0.00014387259493453541
2,UPFC_Vsh,5-15,1.108673379915178,9,1.1116915683153972,MAP_PMU,47,0.0030181884002191683
3,UPFC_tsh,5-15,-0.24139707487691522,9,-0.24127632818086714,MAP_PMU,47,0.00012074669604808519
4,UPFC_Vse,5-15,0.06241904249248803,9,0.06157371273501352,MAP_PMU,47,0.0008453297574745125
5,UPFC_tse,5-15,-2.1938556158002247,9,-2.173806745596809,MAP_PMU,47,0.020048870203415614
0,x_tcsc,1-14,-0.10133769389810961,10,-0.1013210017993398,MAP_PMU,47,1.669209876981048e-05
1,B_svc,2,0.17059395168461813,10,0.17066003762868956,MAP_PMU,47,6.608594407142565e-05
2,UPFC_Vsh,5-15,1.1086685525766757,10,1.1116915683153972,MAP_PMU,47,0.003023015738721435
3,UPFC_tsh,5-15,-0.24135005470490245,10,-0.24127632818086714,MAP_PMU,47,7.372652403531132e-05
4,UPFC_Vse,5-15,0.06293451525733008,10,0.06157371273501352,MAP_PMU,47,0.0013608025223165662
5,UPFC_tse,5-15,-2.18528633669207,10,-2.173806745596809,MAP_PMU,47,0.011479591095260755
0,x_tcsc,1-14,-0.10133480296039815,11,-0.1013210017993398,MAP_PMU,47,1.3801161058354938e-05
1,B_svc,2,0.17108365446772353,11,0.17066003762868956,MAP_PMU,47,0.00042361683903396896
2,UPFC_Vsh,5-15,1.108604651515897,11,1.1116915683153972,MAP_PMU,47,0.003086916799500239
3,UPFC_tsh,5-15,-0.24132581264331646,11,-0.24127632818086714,MAP_PMU,47,4.948446244931737e-05
4,UPFC_Vse,5-15,0.06270450808649443,11,0.06157371273501352,MAP_PMU,47,0.0011307953514809108
5,UPFC_tse,5-15,-2.1911930495156597,11,-2.173806745596809,MAP_PMU,47,0.017386303918850654
0,x_tcsc,1-14,-0.1013558903152839,12,-0.1013210017993398,MAP_PMU,47,3.488851594410369e-05
1,B_svc,2,0.17034244573327004,12,0.17066003762868956,MAP_PMU,47,0.00031759189541952226
2,UPFC_Vsh,5-15,1.10884735331744,12,1.1116915683153972,MAP_PMU,47,0.002844214997957062
3,UPFC_tsh,5-15,-0.24126116187895538,12,-0.24127632818086714,MAP_PMU,47,1.5166301911756497e-05
4,UPFC_Vse,5-15,0.06302157638800403,12,0.06157371273501352,MAP_PMU,47,0.0014478636529905095
5,UPFC_tse,5-15,-2.1750083549003763,12,-2.173806745596809,MAP_PMU,47,0.0012016093035671638
0,x_tcsc,1-14,-0.10133070924075617,13,-0.1013210017993398,MAP_PMU,47,9.707441416373364e-06
1,B_svc,2,0.17079201256746968,13,0.17066003762868956,MAP_PMU,47,0.00013197493878011612
2,UPFC_Vsh,5-15,1.1084692418971003,13,1.1116915683153972,MAP_PMU,47,0.0032223264182968947
3,UPFC_tsh,5-15,-0.24135524757490615,13,-0.24127632818086714,MAP_PMU,47,7.89193940390065e-05
4,UPFC_Vse,5-15,0.06245299030158668,13,0.06157371273501352,MAP_PMU,47,0.0008792775665731611
5,UPFC_tse,5-15,-2.197117127907354,13,-2.173806745596809,MAP_PMU,47,0.02331038231054494
0,x_tcsc,1-14,-0.10134475215666908,14,-0.1013210017993398,MAP_PMU,47,2.3750357329280214e-05
1,B_svc,2,0.1703070803376169,14,0.17066003762868956,MAP_PMU,47,0.00035295729107265306
2,UPFC_Vsh,5-15,1.1088253579745666,14,1.1116915683153972,MAP_PMU,47,0.002866210340830566
3,UPFC_tsh,5-15,-0.24119189054122794,14,-0.24127632818086714,MAP_PMU,47,8.443763963919548e-05
4,UPFC_Vse,5-15,0.06217991214478796,14,0.06157371273501352,MAP_PMU,47,0.0006061994097744453
5,UPFC_tse,5-15,-2.1869937271571986,14,-2.173806745596809,MAP_PMU,47,0.013186981560389555
0,x_tcsc,1-14,-0.10130998595478323,15,-0.1013210017993398,MAP_PMU,47,1.1015844556566678e-05
1,B_svc,2,0.17035917942811912,15,0.17066003762868956,MAP_PMU,47,0.00030085820057043633
2,UPFC_Vsh,5-15,1.1087726575237737,15,1.1116915683153972,MAP_PMU,47,0.0029189107916234303
3,UPFC_tsh,5-15,-0.24136760737544954,15,-0.24127632818086714,MAP_PMU,47,9.127919458240541e-05
4,UPFC_Vse,5-15,0.06290881877028535,15,0.06157371273501352,MAP_PMU,47,0.0013351060352718366
5,UPFC_tse,5-15,-2.1960752144635687,15,-2.173806745596809,MAP_PMU,47,0.022268468866759594
0,x_tcsc,1-14,-0.10132280761393737,16,-0.1013210017993398,MAP_PMU,47,1.8058145975774487e-06
1,B_svc,2,0.17070401833378232,16,0.17066003762868956,MAP_PMU,47,4.3980705092760974e-05
2,UPFC_Vsh,5-15,1.1088160478578724,16,1.1116915683153972,MAP_PMU,47,0.002875520457524816
3,UPFC_tsh,5-15,-0.24133972319643543,16,-0.24127632818086714,MAP_PMU,47,6.339501556829052e-05
4,UPFC_Vse,5-15,0.062075942445395424,16,0.06157371273501352,MAP_PMU,47,0.000502229710381906
5,UPFC_tse,5-15,-2.189729047756871,16,-2.173806745596809,MAP_PMU,47,0.015922302160062074
0,x_tcsc,1-14,-0.10134410512805539,17,-0.1013210017993398,MAP_PMU,47,2.3103328715592952e-05
1,B_svc,2,0.1708315903764476,17,0.17066003762868956,MAP_PMU,47,0.0001715527477580414
2,UPFC_Vsh,5-15,1.1089017358470445,17,1.1116915683153972,MAP_PMU,47,0.0027898324683526265
3,UPFC_tsh,5-15,-0.24130880491985496,17,-0.24127632818086714,MAP_PMU,47,3.247673898781889e-05
4,UPFC_Vse,5-15,0.06294575199587091,17,0.06157371273501352,MAP_PMU,47,0.0013720392608573898
5,UPFC_tse,5-15,-2.1801118047308092,17,-2.173806745596809,MAP_PMU,47,0.006305059134000146
0,x_tcsc,1-14,-0.1013248395073177,18,-0.1013210017993398,MAP_PMU,47,3.837707977905058e-06
1,B_svc,2,0.17030601532860157,18,0.17066003762868956,MAP_PMU,47,0.0003540223000879916
2,UPFC_Vsh,5-15,1.108882518282388,18,1.1116915683153972,MAP_PMU,47,0.0028090500330091306
3,UPFC_tsh,5-15,-0.2413063082734536,18,-0.24127632818086714,MAP_PMU,47,2.998009258645129e-05
4,UPFC_Vse,5-15,0.06257584676427635,18,0.06157371273501352,MAP_PMU,47,0.001002134029262837
5,UPFC_tse,5-15,-2.180148618902492,18,-2.173806745596809,MAP_PMU,47,0.00634187330568281
0,x_tcsc,1-14,-0.1013320296305705,19,-0.1013210017993398,MAP_PMU,47,1.1027831230706053e-05
1,B_svc,2,0.17018961789621478,19,0.17066003762868956,MAP_PMU,47,0.000470419732474775
2,UPFC_Vsh,5-15,1.1084258500256565,19,1.1116915683153972,MAP_PMU,47,0.003265718289740649
3,UPFC_tsh,5-15,-0.2413457067717609,19,-0.24127632818086714,MAP_PMU,47,6.937859089375942e-05
4,UPFC_Vse,5-15,0.06270665319594007,19,0.06157371273501352,MAP_PMU,47,0.0011329404609265528
5,UPFC_tse,5-15,-2.189389519413234,19,-2.173806745596809,MAP_PMU,47,0.015582773816424922
0,x_tcsc,1-14,-0.10132068764771722,20,-0.1013210017993398,MAP_PMU,47,3.141516225768637e-07
1,B_svc,2,0.1707661799657575,20,0.17066003762868956,MAP_PMU,47,0.00010614233706793264
2,UPFC_Vsh,5-15,1.1088171235708948,20,1.1116915683153972,MAP_PMU,47,0.00287444474450238
3,UPFC_tsh,5-15,-0.24129118157514373,20,-0.24127632818086714,MAP_PMU,47,1.4853394276592713e-05
4,UPFC_Vse,5-15,0.06236873756791853,20,0.06157371273501352,MAP_PMU,47,0.0007950248329050141
5,UPFC_tse,5-15,-2.1898168292120026,20,-2.173806745596809,MAP_PMU,47,0.016010083615193516
0,x_tcsc,1-14,-0.10133868828868325,21,-0.1013210017993398,MAP_PMU,47,1.7686489343457512e-05
1,B_svc,2,0.17097745496145564,21,0.17066003762868956,MAP_PMU,47,0.000317417332766079
2,UPFC_Vsh,5-15,1.1092169365290705,21,1.1116915683153972,MAP_PMU,47,0.0024746317863266754
3,UPFC_tsh,5-15,-0.24135057872247212,21,-0.24127632818086714,MAP_PMU,47,7.425054160498101e-05
4,UPFC_Vse,5-15,0.06251116829918413,21,0.06157371273501352,MAP_PMU,47,0.0009374555641706098
5,UPFC_tse,5-15,-2.1835883193509584,21,-2.173806745596809,MAP_PMU,47,0.009781573754149342
0,x_tcsc,1-14,-0.10132052810331246,22,-0.1013210017993398,MAP_PMU,47,4.736960273338253e-07
1,B_svc,2,0.17038629217969425,22,0.17066003762868956,MAP_PMU,47,0.00027374544899530506
2,UPFC_Vsh,5-15,1.108619331853074,22,1.1116915683153972,MAP_PMU,47,0.003072236462323241
3,UPFC_tsh,5-15,-0.2412714518789653,22,-0.24127632818086714,MAP_PMU,47,4.876301901851621e-06
4,UPFC_Vse,5-15,0.0623162230687265,22,0.06157371273501352,MAP_PMU,47,0.0007425103337129826
5,UPFC_tse,5-15,-2.1841789465185766,22,-2.173806745596809,MAP_PMU,47,0.010372200921767494
0,x_tcsc,1-14,-0.10135893306851466,23,-0.1013210017993398,MAP_PMU,47,3.793126917486789e-05
1,B_svc,2,0.17094824933839525,23,0.17066003762868956,MAP_PMU,47,0.00028821170970569354
2,UPFC_Vsh,5-15,1.108829401343793,23,1.1116915683153972,MAP_PMU,47,0.002862166971604241
3,UPFC_tsh,5-15,-0.24128747243325258,23,-0.24127632818086714,MAP_PMU,47,1.1144252385436593e-05
4,UPFC_Vse,5-15,0.062442990466860415,23,0.06157371273501352,MAP_PMU,47,0.0008692777318468972
5,UPFC_tse,5-15,-2.1846111063471,23,-2.173806745596809,MAP_PMU,47,0.010804360750290787
0,x_tcsc,1-14,-0.10132302672557034,24,-0.1013210017993398,MAP_PMU,47,2.0249262305399585e-06
1,B_svc,2,0.1711819439978552,24,0.17066003762868956,MAP_PMU,47,0.0005219063691656312
2,UPFC_Vsh,5-15,1.108412563686628,24,1.1116915683153972,MAP_PMU,47,0.0032790046287691776
3,UPFC_tsh,5-15,-0.24141368195894147,24,-0.24127632818086714,MAP_PMU,47,0.0001373537780743339
4,UPFC_Vse,5-15,0.06316628081437083,24,0.06157371273501352,MAP_PMU,47,0.001592568079357308
5,UPFC_tse,5-15,-2.198492893450256,24,-2.173806745596809,MAP_PMU,47,0.024686147853446805
0,x_tcsc,1-14,-0.10133017740212599,25,-0.1013210017993398,MAP_PMU,47,9.175602786196113e-06
1,B_svc,2,0.1710799603295043,25,0.17066003762868956,MAP_PMU,47,0.0004199227008147288
2,UPFC_Vsh,5-15,1.1085068417358184,25,1.1116915683153972,MAP_PMU,47,0.0031847265795788005
3,UPFC_tsh,5-15,-0.24135936748693618,25,-0.24127632818086714,MAP_PMU,47,8.30393060690382e-05
4,UPFC_Vse,5-15,0.06272432833055973,25,0.06157371273501352,MAP_PMU,47,0.0011506155955462102
5,UPFC_tse,5-15,-2.1983493100574667,25,-2.173806745596809,MAP_PMU,47,0.024542564460657612
0,x_tcsc,1-14,-0.10133032891435959,26,-0.1013210017993398,MAP_PMU,47,9.327115019788779e-06
1,B_svc,2,0.17078463450227366,26,0.17066003762868956,MAP_PMU,47,0.00012459687358409854
2,UPFC_Vsh,5-15,1.1088124161409227,26,1.1116915683153972,MAP_PMU,47,0.002879152174474431
3,UPFC_tsh,5-15,-0.24123029406852692,26,-0.24127632818086714,MAP_PMU,47,4.603411234022081e-05
4,UPFC_Vse,5-15,0.062174855471372595,26,0.06157371273501352,MAP_PMU,47,0.0006011427363590768
5,UPFC_tse,5-15,-2.180311216966394,26,-2.173806745596809,MAP_PMU,47,0.006504471369584763
0,x_tcsc,1-14,-0.10130943977564894,27,-0.1013210017993398,MAP_PMU,47,1.1562023690861456e-05
1,B_svc,2,0.17070109072182735,27,0.17066003762868956,MAP_PMU,47,4.105309313778838e-05
2,UPFC_Vsh,5-15,1.1091745424920987,27,1.1116915683153972,MAP_PMU,47,0.002517025823298491
3,UPFC_tsh,5-15,-0.24128819934388204,27,-0.24127632818086714,MAP_PMU,47,1.1871163014903763e-05
4,UPFC_Vse,5-15,0.062104212229227594,27,0.06157371273501352,MAP_PMU,47,0.0005304994942140762
5,UPFC_tse,5-15,-2.1898908434121496,27,-2.173806745596809,MAP_PMU,47,0.01608409781534048
0,x_tcsc,1-14,-0.10131966536568403,28,-0.1013210017993398,MAP_PMU,47,1.3364336557686318e-06
1,B_svc,2,0.1704998043508253,28,0.17066003762868956,MAP_PMU,47,0.000160233277864269
2,UPFC_Vsh,5-15,1.10904332522298,28,1.1116915683153972,MAP_PMU,47,0.0026482430924170686
3,UPFC_tsh,5-15,-0.24133995117409657,28,-0.24127632818086714,MAP_PMU,47,6.362299322942855e-05
4,UPFC_Vse,5-15,0.06253651263639805,28,0.06157371273501352,MAP_PMU,47,0.0009627999013845298
5,UPFC_tse,5-15,-2.1916811148746405,28,-2.173806745596809,MAP_PMU,47,0.01787436927783137
0,x_tcsc,1-14,-0.10138226558268348,29,-0.1013210017993398,MAP_PMU,47,6.126378334368743e-05
1,B_svc,2,0.17047475879493523,29,0.17066003762868956,MAP_PMU,47,0.00018527883375432652
2,UPFC_Vsh,5-15,1.108711245377318,29,1.1116915683153972,MAP_PMU,47,0.0029803229380791496
3,UPFC_tsh,5-15,-0.24130849571609414,29,-0.24127632818086714,MAP_PMU,47,3.216753522700122e-05
4,UPFC_Vse,5-15,0.06233562731826059,29,0.06157371273501352,MAP_PMU,47,0.0007619145832470711
5,UPFC_tse,5-15,-2.1931034771137417,29,-2.173806745596809,MAP_PMU,47,0.019296731516932564
0,x_tcsc,1-14,-0.10132182740495498,30,-0.1013210017993398,MAP_PMU,47,8.256056151789704e-07
1,B_svc,2,0.17072049550566185,30,0.17066003762868956,MAP_PMU,47,6.045787697228633e-05
2,UPFC_Vsh,5-15,1.1086441198846428,30,1.1116915683153972,MAP_PMU,47,0.0030474484307543293
3,UPFC_tsh,5-15,-0.2413579548905987,30,-0.24127632818086714,MAP_PMU,47,8.162670973155262e-05
4,UPFC_Vse,5-15,0.06280175706233594,30,0.06157371273501352,MAP_PMU,47,0.0012280443273224237
5,UPFC_tse,5-15,-2.1898187778894074,30,-2.173806745596809,MAP_PMU,47,0.01601203229259829
0,x_tcsc,1-14,-0.10131169302023825,31,-0.1013210017993398,MAP_PMU,47,9.308779101546705e-06
1,B_svc,2,0.17038120681773553,31,0.17066003762868956,MAP_PMU,47,0.00027883081095403384
2,UPFC_Vsh,5-15,1.1089468380807361,31,1.1116915683153972,MAP_PMU,47,0.0027447302346610414
3,UPFC_tsh,5-15,-0.24132371775072567,31,-0.24127632818086714,MAP_PMU,47,4.738956985853027e-05
4,UPFC_Vse,5-15,0.06264499217995435,31,0.06157371273501352,MAP_PMU,47,0.0010712794449408355
5,UPFC_tse,5-15,-2.1887171620222,31,-2.173806745596809,MAP_PMU,47,0.014910416425391038
0,x_tcsc,1-14,-0.10132178702617962,32,-0.1013210017993398,MAP_PMU,47,7.852268398278461e-07
1,B_svc,2,0.1708311907699591,32,0.17066003762868956,MAP_PMU,47,0.00017115314126953107
2,UPFC_Vsh,5-15,1.108848418984132,32,1.1116915683153972,MAP_PMU,47,0.0028431493312652822
3,UPFC_tsh,5-15,-0.24138641477153952,32,-0.24127632818086714,MAP_PMU,47,0.00011008659067238136
4,UPFC_Vse,5-15,0.06273756536251977,32,0.06157371273501352,MAP_PMU,47,0.0011638526275062552
5,UPFC_tse,5-15,-2.18718567535023,32,-2.173806745596809,MAP_PMU,47,0.01337892975342081
0,x_tcsc,1-14,-0.10132635121463582,33,-0.1013210017993398,MAP_PMU,47,5.349415296021509e-06
1,B_svc,2,0.17027411367531972,33,0.17066003762868956,MAP_PMU,47,0.00038592395336983776
2,UPFC_Vsh,5-15,1.1090942684027287,33,1.1116915683153972,MAP_PMU,47,0.002597299912668438
3,UPFC_tsh,5-15,-0.24130491272583682,33,-0.24127632818086714,MAP_PMU,47,2.858454496967866e-05
4,UPFC_Vse,5-15,0.06233109716267081,33,0.06157371273501352,MAP_PMU,47,0.0007573844276572914
5,UPFC_tse,5-15,-2.1824128735913346,33,-2.173806745596809,MAP_PMU,47,0.008606127994525536
0,x_tcsc,1-14,-0.10130567248494644,34,-0.1013210017993398,MAP_PMU,47,1.5329314393353055e-05
1,B_svc,2,0.1707408479827939,34,0.17066003762868956,MAP_PMU,47,8.081035410434367e-05
2,UPFC_Vsh,5-15,1.108708248206991,34,1.1116915683153972,MAP_PMU,47,0.0029833201084061844
3,UPFC_tsh,5-15,-0.2413120792406918,34,-0.24127632818086714,MAP_PMU,47,3.5751059824673526e-05
4,UPFC_Vse,5-15,0.062919738644716,34,0.06157371273501352,MAP_PMU,47,0.0013460259097024876
5,UPFC_tse,5-15,-2.1941810962580837,34,-2.173806745596809,MAP_PMU,47,0.020374350661274576
0,x_tcsc,1-14,-0.10132360419091657,35,-0.1013210017993398,MAP_PMU,47,2.6023915767753314e-06
1,B_svc,2,0.17094617936323145,35,0.17066003762868956,MAP_PMU,47,0.0002861417345418893
2,UPFC_Vsh,5-15,1.1087810622904202,35,1.1116915683153972,MAP_PMU,47,0.002910506024977
3,UPFC_tsh,5-15,-0.24124482180361473,35,-0.24127632818086714,MAP_PMU,47,3.1506377252410456e-05
4,UPFC_Vse,5-15,0.06279188396795587,35,0.06157371273501352,MAP_PMU,47,0.001218171232942357
5,UPFC_tse,5-15,-2.188776282269582,35,-2.173806745596809,MAP_PMU,47,0.01496953667277312
0,x_tcsc,1-14,-0.10135051370066235,36,-0.1013210017993398,MAP_PMU,47,2.9511901322554213e-05
1,B_svc,2,0.17061895834344407,36,0.17066003762868956,MAP_PMU,47,4.107928524549331e-05
2,UPFC_Vsh,5-15,1.1090666236700477,36,1.1116915683153972,MAP_PMU,47,0.0026249446453494585
3,UPFC_tsh,5-15,-0.2413183714288459,36,-0.24127632818086714,MAP_PMU,47,4.204324797876802e-05
4,UPFC_Vse,5-15,0.062161267663373404,36,0.06157371273501352,MAP_PMU,47,0.000587554928359886
5,UPFC_tse,5-15,-2.1827250314781113,36,-2.173806745596809,MAP_PMU,47,0.008918285881302168
0,x_tcsc,1-14,-0.10134310100520827,37,-0.1013210017993398,MAP_PMU,47,2.2099205868472693e-05
1,B_svc,2,0.17020317443595084,37,0.17066003762868956,MAP_PMU,47,0.0004568631927387157
2,UPFC_Vsh,5-15,1.1090344739646778,37,1.1116915683153972,MAP_PMU,47,0.002657094350719369
3,UPFC_tsh,5-15,-0.2412691966103814,37,-0.24127632818086714,MAP_PMU,47,7.131570485735539e-06
4,UPFC_Vse,5-15,0.06203237894173484,37,0.06157371273501352,MAP_PMU,47,0.000458666206721324
5,UPFC_tse,5-15,-2.1930837263075516,37,-2.173806745596809,MAP_PMU,47,0.019276980710742464
0,x_tcsc,1-14,-0.1013517101494556,38,-0.1013210017993398,MAP_PMU,47,3.070835011580175e-05
1,B_svc,2,0.17003984152259266,38,0.17066003762868956,MAP_PMU,47,0.0006201961060968986
2,UPFC_Vsh,5-15,1.108704763303521,38,1.1116915683153972,MAP_PMU,47,0.0029868050118762035
3,UPFC_tsh,5-15,-0.24133517359641563,38,-0.24127632818086714,MAP_PMU,47,5.8845415548486324e-05
4,UPFC_Vse,5-15,0.06258733980430323,38,0.06157371273501352,MAP_PMU,47,0.001013627069289709
5,UPFC_tse,5-15,-2.1856327877071546,38,-2.173806745596809,MAP_PMU,47,0.011826042110345547
0,x_tcsc,1-14,-0.10137903194641945,39,-0.1013210017993398,MAP_PMU,47,5.803014707965459e-05
1,B_svc,2,0.1705667112616713,39,0.17066003762868956,MAP_PMU,47,9.332636701825381e-05
2,UPFC_Vsh,5-15,1.1086153016900528,39,1.1116915683153972,MAP_PMU,47,0.003076266625344326
3,UPFC_tsh,5-15,-0.24130909460375963,39,-0.24127632818086714,MAP_PMU,47,3.2766422892488434e-05
4,UPFC_Vse,5-15,0.062333427946830035,39,0.06157371273501352,MAP_PMU,47,0.0007597152118165168
5,UPFC_tse,5-15,-2.184145335153973,39,-2.173806745596809,MAP_PMU,47,0.010338589557163935
0,x_tcsc,1-14,-0.10133084039485636,40,-0.1013210017993398,MAP_PMU,47,9.838595516564741e-06
1,B_svc,2,0.16998267396530228,40,0.17066003762868956,MAP_PMU,47,0.0006773636633872759
2,UPFC_Vsh,5-15,1.1088658270272327,40,1.1116915683153972,MAP_PMU,47,0.002825741288164485
3,UPFC_tsh,5-15,-0.2413262947737986,40,-0.24127632818086714,MAP_PMU,47,4.9966592931466325e-05
4,UPFC_Vse,5-15,0.06211860519751421,40,0.06157371273501352,MAP_PMU,47,0.0005448924625006887
5,UPFC_tse,5-15,-2.1823386955632786,40,-2.173806745596809,MAP_PMU,47,0.008531949966469554
0,x_tcsc,1-14,-0.1013450061086292,41,-0.1013210017993398,MAP_PMU,47,2.4004309289407666e-05
1,B_svc,2,0.17063774538885665,41,0.17066003762868956,MAP_PMU,47,2.229223983291062e-05
2,UPFC_Vsh,5-15,1.1089516084757538,41,1.1116915683153972,MAP_PMU,47,0.002739959839643369
3,UPFC_tsh,5-15,-0.24122198044514476,41,-0.24127632818086714,MAP_PMU,47,5.434773572238205e-05
4,UPFC_Vse,5-15,0.06268708155029222,41,0.06157371273501352,MAP_PMU,47,0.0011133688152787022
5,UPFC_tse,5-15,-2.1899293647219995,41,-2.173806745596809,MAP_PMU,47,0.01612261912519042
0,x_tcsc,1-14,-0.10133353910278255,42,-0.1013210017993398,MAP_PMU,47,1.2537303442750058e-05
1,B_svc,2,0.17054149427145926,42,0.17066003762868956,MAP_PMU,47,0.00011854335723029963
2,UPFC_Vsh,5-15,1.108566694434912,42,1.1116915683153972,MAP_PMU,47,0.0031248738804852128
3,UPFC_tsh,5-15,-0.24141303341326517,42,-0.24127632818086714,MAP_PMU,47,0.00013670523239803223
4,UPFC_Vse,5-15,0.0625038687423623,42,0.06157371273501352,MAP_PMU,47,0.0009301560073487827
5,UPFC_tse,5-15,-2.1968983999854736,42,-2.173806745596809,MAP_PMU,47,0.023091654388664562
0,x_tcsc,1-14,-0.10133403712016784,43,-0.1013210017993398,MAP_PMU,47,1.3035320828039265e-05
1,B_svc,2,0.17074531568659412,43,0.17066003762868956,MAP_PMU,47,8.527805790456422e-05
2,UPFC_Vsh,5-15,1.108674584477299,43,1.1116915683153972,MAP_PMU,47,0.0030169838380982306
3,UPFC_tsh,5-15,-0.2413424543254951,43,-0.24127632818086714,MAP_PMU,47,6.612614462794819e-05
4,UPFC_Vse,5-15,0.06290344157013629,43,0.06157371273501352,MAP_PMU,47,0.0013297288351227718
5,UPFC_tse,5-15,-2.1863239477427197,43,-2.173806745596809,MAP_PMU,47,0.012517202145910566
0,x_tcsc,1-14,-0.10132736451098405,44,-0.1013210017993398,MAP_PMU,47,6.362711644253283e-06
1,B_svc,2,0.17101737088336413,44,0.17066003762868956,MAP_PMU,47,0.00035733325467457444
2,UPFC_Vsh,5-15,1.1086841293548437,44,1.1116915683153972,MAP_PMU,47,0.0030074389605534435
3,UPFC_tsh,5-15,-0.24135422902074324,44,-0.24127632818086714,MAP_PMU,47,7.790083987610497e-05
4,UPFC_Vse,5-15,0.06330379502374828,44,0.06157371273501352,MAP_PMU,47,0.0017300822887347592
5,UPFC_tse,5-15,-2.1768965860775205,44,-2.173806745596809,MAP_PMU,47,0.00308984048071137
0,x_tcsc,1-14,-0.10132766496218787,45,-0.1013210017993398,MAP_PMU,47,6.663162848072335e-06
1,B_svc,2,0.17085009334273407,45,0.17066003762868956,MAP_PMU,47,0.0001900557140445125
2,UPFC_Vsh,5-15,1.1087284996789182,45,1.1116915683153972,MAP_PMU,47,0.0029630686364789938
3,UPFC_tsh,5-15,-0.24135988050769897,45,-0.24127632818086714,MAP_PMU,47,8.355232683182612e-05
4,UPFC_Vse,5-15,0.06304054678388114,45,0.06157371273501352,MAP_PMU,47,0.0014668340488676254
5,UPFC_tse,5-15,-2.196400226598796,45,-2.173806745596809,MAP_PMU,47,0.02259348100198677
0,x_tcsc,1-14,-0.10132340854425219,46,-0.1013210017993398,MAP_PMU,47,2.4067449123921225e-06
1,B_svc,2,0.17062139498493745,46,0.17066003762868956,MAP_PMU,47,3.864264375211257e-05
2,UPFC_Vsh,5-15,1.1088302679296398,46,1.1116915683153972,MAP_PMU,47,0.0028613003857573815
3,UPFC_tsh,5-15,-0.24130592628997405,46,-0.24127632818086714,MAP_PMU,47,2.9598109106909742e-05
4,UPFC_Vse,5-15,0.06267989116812137,46,0.06157371273501352,MAP_PMU,47,0.0011061784331078475
5,UPFC_tse,5-15,-2.1891373653017845,46,-2.173806745596809,MAP_PMU,47,0.015330619704975401
0,x_tcsc,1-14,-0.10134202683801359,47,-0.1013210017993398,MAP_PMU,47,2.102503867379424e-05
1,B_svc,2,0.1705123080588016,47,0.17066003762868956,MAP_PMU,47,0.0001477295698879555
2,UPFC_Vsh,5-15,1.1087195197627413,47,1.1116915683153972,MAP_PMU,47,0.0029720485526558704
3,UPFC_tsh,5-15,-0.24134314485418001,47,-0.24127632818086714,MAP_PMU,47,6.6816673312875e-05
4,UPFC_Vse,5-15,0.06255058103443042,47,0.06157371273501352,MAP_PMU,47,0.0009768682994169067
5,UPFC_tse,5-15,-2.1929000150925817,47,-2.173806745596809,MAP_PMU,47,0.019093269495772613
0,x_tcsc,1-14,-0.10135358052558716,48,-0.1013210017993398,MAP_PMU,47,3.2578726247359246e-05
1,B_svc,2,0.170438067533189,48,0.17066003762868956,MAP_PMU,47,0.00022197009550056768
2,UPFC_Vsh,5-15,1.1089981838836045,48,1.1116915683153972,MAP_PMU,47,0.002693384431792678
3,UPFC_tsh,5-15,-0.24128766987161168,48,-0.24127632818086714,MAP_PMU,47,1.1341690744542943e-05
4,UPFC_Vse,5-15,0.0620328114305313,48,0.06157371273501352,MAP_PMU,47,0.0004590986955177803
5,UPFC_tse,5-15,-2.186088844966116,48,-2.173806745596809,MAP_PMU,47,0.01228209936930691
0,x_tcsc,1-14,-0.10129486921659318,49,-0.1013210017993398,MAP_PMU,47,2.613258274661301e-05
1,B_svc,2,0.17105863939761554,49,0.17066003762868956,MAP_PMU,47,0.0003986017689259769
2,UPFC_Vsh,5-15,1.1087594912636636,49,1.1116915683153972,MAP_PMU,47,0.002932077051733595
3,UPFC_tsh,5-15,-0.2412971116961502,49,-0.24127632818086714,MAP_PMU,47,2.078351528306266e-05
4,UPFC_Vse,5-15,0.062216609611148006,49,0.06157371273501352,MAP_PMU,47,0.0006428968761344883
5,UPFC_tse,5-15,-2.185434511579385,49,-2.173806745596809,MAP_PMU,47,0.011627765982575866
0,x_tcsc,1-14,-0.10132644006800265,50,-0.1013210017993398,MAP_PMU,47,5.4382686628523524e-06
1,B_svc,2,0.17036016016572117,50,0.17066003762868956,MAP_PMU,47,0.0002998774629683898
2,UPFC_Vsh,5-15,1.1085506325189871,50,1.1116915683153972,MAP_PMU,47,0.0031409357964100604
3,UPFC_tsh,5-15,-0.24136242928831927,50,-0.24127632818086714,MAP_PMU,47,8.610110745213562e-05
4,UPFC_Vse,5-15,0.06305975759898064,50,0.06157371273501352,MAP_PMU,47,0.001486044863967119
5,UPFC_tse,5-15,-2.190238687982575,50,-2.173806745596809,MAP_PMU,47,0.01643194238576573
0,x_tcsc,1-14,-0.10133774705893067,51,-0.1013210017993398,MAP_PMU,47,1.674525959087514e-05
1,B_svc,2,0.17073697634529225,51,0.17066003762868956,MAP_PMU,47,7.693871660269247e-05
2,UPFC_Vsh,5-15,1.1087380298685203,51,1.1116915683153972,MAP_PMU,47,0.0029535384468768466
3,UPFC_tsh,5-15,-0.24133025362911106,51,-0.24127632818086714,MAP_PMU,47,5.392544824392442e-05
4,UPFC_Vse,5-15,0.06293896844096125,51,0.06157371273501352,MAP_PMU,47,0.0013652557059477335
5,UPFC_tse,5-15,-2.1975461386626858,51,-2.173806745596809,MAP_PMU,47,0.02373939306587669
0,x_tcsc,1-14,-0.10132616801490157,52,-0.1013210017993398,MAP_PMU,47,5.166215561777654e-06
1,B_svc,2,0.17101054204589836,52,0.17066003762868956,MAP_PMU,47,0.00035050441720879677
2,UPFC_Vsh,5-15,1.1087008122171342,52,1.1116915683153972,MAP_PMU,47,0.0029907560982629366
3,UPFC_tsh,5-15,-0.24126514356341752,52,-0.24127632818086714,MAP_PMU,47,1.118461744961663e-05
4,UPFC_Vse,5-15,0.06285435102258848,52,0.06157371273501352,MAP_PMU,47,0.0012806382875749575
5,UPFC_tse,5-15,-2.1969030987490656,52,-2.173806745596809,MAP_PMU,47,0.023096353152256555
0,x_tcsc,1-14,-0.10131496682404655,53,-0.1013210017993398,MAP_PMU,47,6.0349752932509215e-06
1,B_svc,2,0.17053325738640662,53,0.17066003762868956,MAP_PMU,47,0.00012678024228293672
2,UPFC_Vsh,5-15,1.1085894895766943,53,1.1116915683153972,MAP_PMU,47,0.0031020787387028292
3,UPFC_tsh,5-15,-0.24125878348151905,53,-0.24127632818086714,MAP_PMU,47,1.7544699348087667e-05
4,UPFC_Vse,5-15,0.06262811217956434,53,0.06157371273501352,MAP_PMU,47,0.0010543994445508173
5,UPFC_tse,5-15,-2.186542945381997,53,-2.173806745596809,MAP_PMU,47,0.012736199785187807
0,x_tcsc,1-14,-0.10134817978968703,54,-0.1013210017993398,MAP_PMU,47,2.7177990347238e-05
1,B_svc,2,0.1708266459137794,54,0.17066003762868956,MAP_PMU,47,0.00016660828508985315
2,UPFC_Vsh,5-15,1.1087628790854624,54,1.1116915683153972,MAP_PMU,47,0.0029286892299347222
3,UPFC_tsh,5-15,-0.24134182558709416,54,-0.24127632818086714,MAP_PMU,47,6.549740622702194e-05
4,UPFC_Vse,5-15,0.06289017034581913,54,0.06157371273501352,MAP_PMU,47,0.0013164576108056145
5,UPFC_tse,5-15,-2.1937405143694786,54,-2.173806745596809,MAP_PMU,47,0.019933768772669502
0,x_tcsc,1-14,-0.10132974500563127,55,-0.1013210017993398,MAP_PMU,47,8.743206291475514e-06
1,B_svc,2,0.17110300066956682,55,0.17066003762868956,MAP_PMU,47,0.00044296304087726446
2,UPFC_Vsh,5-15,1.1089549558883351,55,1.1116915683153972,MAP_PMU,47,0.002736612427062024
3,UPFC_tsh,5-15,-0.2413198842305196,55,-0.24127632818086714,MAP_PMU,47,4.355604965244897e-05
4,UPFC_Vse,5-15,0.06284790193050993,55,0.06157371273501352,MAP_PMU,47,0.0012741891954964127
5,UPFC_tse,5-15,-2.188329575289412,55,-2.173806745596809,MAP_PMU,47,0.01452282969260299
0,x_tcsc,1-14,-0.10135585888759004,56,-0.1013210017993398,MAP_PMU,47,3.48570882502397e-05
1,B_svc,2,0.1709907739762316,56,0.17066003762868956,MAP_PMU,47,0.00033073634754204884
2,UPFC_Vsh,5-15,1.1084213246486974,56,1.1116915683153972,MAP_PMU,47,0.0032702436666998125
3,UPFC_tsh,5-15,-0.24140738211342466,56,-0.24127632818086714,MAP_PMU,47,0.0001310539325575233
4,UPFC_Vse,5-15,0.062273429842720156,56,0.06157371273501352,MAP_PMU,47,0.0006997171077066378
5,UPFC_tse,5-15,-2.1876704573799137,56,-2.173806745596809,MAP_PMU,47,0.013863711783104637
0,x_tcsc,1-14,-0.10133133954308933,57,-0.1013210017993398,MAP_PMU,47,1.0337743749533335e-05
1,B_svc,2,0.1708026280819062,57,0.17066003762868956,MAP_PMU,47,0.0001425904532166289
2,UPFC_Vsh,5-15,1.1087382768637004,57,1.1116915683153972,MAP_PMU,47,0.00295329145169676
3,UPFC_tsh,5-15,-0.24136666334133064,57,-0.24127632818086714,MAP_PMU,47,9.033516046350054e-05
4,UPFC_Vse,5-15,0.062430148402432675,57,0.06157371273501352,MAP_PMU,47,0.0008564356674191573
5,UPFC_tse,5-15,-2.185784988057937,57,-2.173806745596809,MAP_PMU,47,0.011978242461128108
0,x_tcsc,1-14,-0.10137297879269164,58,-0.1013210017993398,MAP_PMU,47,5.197699335184047e-05
1,B_svc,2,0.17041983817491074,58,0.17066003762868956,MAP_PMU,47,0.00024019945377881657
2,UPFC_Vsh,5-15,1.1091610862761412,58,1.1116915683153972,MAP_PMU,47,0.002530482039255988
3,UPFC_tsh,5-15,-0.24126650736824148,58,-0.24127632818086714,MAP_PMU,47,9.820812625654929e-06
4,UPFC_Vse,5-15,0.06247022310672479,58,0.06157371273501352,MAP_PMU,47,0.0008965103717112691
5,UPFC_tse,5-15,-2.183366738212365,58,-2.173806745596809,MAP_PMU,47,0.009559992615555846
0,x_tcsc,1-14,-0.10135647869046224,59,-0.1013210017993398,MAP_PMU,47,3.547689112244623e-05
1,B_svc,2,0.17048820019195732,59,0.17066003762868956,MAP_PMU,47,0.00017183743673224172
2,UPFC_Vsh,5-15,1.108579427667809,59,1.1116915683153972,MAP_PMU,47,0.0031121406475882463
3,UPFC_tsh,5-15,-0.24130912728865425,59,-0.24127632818086714,MAP_PMU,47,3.279910778711259e-05
4,UPFC_Vse,5-15,0.06254466743094579,59,0.06157371273501352,MAP_PMU,47,0.0009709546959322732
5,UPFC_tse,5-15,-2.1884989187101547,59,-2.173806745596809,MAP_PMU,47,0.014692173113345586
0,x_tcsc,1-14,-0.10132782944103634,60,-0.1013210017993398,MAP_PMU,47,6.82764169654404e-06
1,B_svc,2,0.17115928211339335,60,0.17066003762868956,MAP_PMU,47,0.0004992444847037869
2,UPFC_Vsh,5-15,1.1084207350357018,60,1.1116915683153972,MAP_PMU,47,0.003270833279695351
3,UPFC_tsh,5-15,-0.24143495345096466,60,-0.24127632818086714,MAP_PMU,47,0.00015862527009752325
4,UPFC_Vse,5-15,0.0625107162097698,60,0.06157371273501352,MAP_PMU,47,0.0009370034747562886
5,UPFC_tse,5-15,-2.1938537405849394,60,-2.173806745596809,MAP_PMU,47,0.02004699498813034
0,x_tcsc,1-14,-0.10136716929575795,61,-0.1013210017993398,MAP_PMU,47,4.616749641815632e-05
1,B_svc,2,0.17056964348549103,61,0.17066003762868956,MAP_PMU,47,9.039414319853001e-05
2,UPFC_Vsh,5-15,1.108801516739016,61,1.1116915683153972,MAP_PMU,47,0.002890051576381225
3,UPFC_tsh,5-15,-0.24136996466534733,61,-0.24127632818086714,MAP_PMU,47,9.363648448018624e-05
4,UPFC_Vse,5-15,0.06296499331836349,61,0.06157371273501352,MAP_PMU,47,0.0013912805833499672
5,UPFC_tse,5-15,-2.195910110385524,61,-2.173806745596809,MAP_PMU,47,0.022103364788714774
0,x_tcsc,1-14,-0.10133363033119783,62,-0.1013210017993398,MAP_PMU,47,1.2628531858030478e-05
1,B_svc,2,0.17017310789867993,62,0.17066003762868956,MAP_PMU,47,0.00048692973000963313
2,UPFC_Vsh,5-15,1.1089150950095121,62,1.1116915683153972,MAP_PMU,47,0.002776473305885041
3,UPFC_tsh,5-15,-0.24130464378545632,62,-0.24127632818086714,MAP_PMU,47,2.831560458918525e-05
4,UPFC_Vse,5-15,0.062280615686818516,62,0.06157371273501352,MAP_PMU,47,0.0007069029518049982
5,UPFC_tse,5-15,-2.1851289622281818,62,-2.173806745596809,MAP_PMU,47,0.011322216631372672
0,x_tcsc,1-14,-0.10132850276359617,63,-0.1013210017993398,MAP_PMU,47,7.5009642563766965e-06
1,B_svc,2,0.17046238703799257,63,0.17066003762868956,MAP_PMU,47,0.00019765059069698498
2,UPFC_Vsh,5-15,1.1085881202575034,63,1.1116915683153972,MAP_PMU,47,0.003103448057893754
3,UPFC_tsh,5-15,-0.24133185813899213,63,-0.24127632818086714,MAP_PMU,47,5.5529958124994616e-05
4,UPFC_Vse,5-15,0.062350176325059244,63,0.06157371273501352,MAP_PMU,47,0.0007764635900457256
5,UPFC_tse,5-15,-2.193473740633069,63,-2.173806745596809,MAP_PMU,47,0.019666995036260015
0,x_tcsc,1-14,-0.10131190716296877,64,-0.1013210017993398,MAP_PMU,47,9.094636371026477e-06
1,B_svc,2,0.17062925934946604,64,0.17066003762868956,MAP_PMU,47,3.0778279223514504e-05
2,UPFC_Vsh,5-15,1.108706160309769,64,1.1116915683153972,MAP_PMU,47,0.0029854080056281873
3,UPFC_tsh,5-15,-0.24135813694764546,64,-0.24127632818086714,MAP_PMU,47,8.180876677832405e-05
4,UPFC_Vse,5-15,0.06230874727518303,64,0.06157371273501352,MAP_PMU,47,0.0007350345401695088
5,UPFC_tse,5-15,-2.1869058299236075,64,-2.173806745596809,MAP_PMU,47,0.013099084326798405
0,x_tcsc,1-14,-0.10133584032200199,65,-0.1013210017993398,MAP_PMU,47,1.4838522662194431e-05
1,B_svc,2,0.17085176244794933,65,0.17066003762868956,MAP_PMU,47,0.00019172481925977536
2,UPFC_Vsh,5-15,1.1089927518619564,65,1.1116915683153972,MAP_PMU,47,0.002698816453440722
3,UPFC_tsh,5-15,-0.2413195946745354,65,-0.24127632818086714,MAP_PMU,47,4.326649366825919e-05
4,UPFC_Vse,5-15,0.06232593940669106,65,0.06157371273501352,MAP_PMU,47,0.0007522266716775416
5,UPFC_tse,5-15,-2.1853745473890775,65,-2.173806745596809,MAP_PMU,47,0.011567801792268462
0,x_tcsc,1-14,-0.10132112010279314,66,-0.1013210017993398,MAP_PMU,47,1.183034533391858e-07
1,B_svc,2,0.1707721343448543,66,0.17066003762868956,MAP_PMU,47,0.00011209671616474459
2,UPFC_Vsh,5-15,1.1084162466474783,66,1.1116915683153972,MAP_PMU,47,0.0032753216679188846
3,UPFC_tsh,5-15,-0.24130497657543795,66,-0.24127632818086714,MAP_PMU,47,2.8648394570812696e-05
4,UPFC_Vse,5-15,0.06281198068176116,66,0.06157371273501352,MAP_PMU,47,0.0012382679467476468
5,UPFC_tse,5-15,-2.187067538279234,66,-2.173806745596809,MAP_PMU,47,0.01326079268242486
0,x_tcsc,1-14,-0.10132556988057474,67,-0.1013210017993398,MAP_PMU,47,4.568081234945787e-06
1,B_svc,2,0.17087106876490432,67,0.17066003762868956,MAP_PMU,47,0.0002110311362147621
2,UPFC_Vsh,5-15,1.1085767314108217,67,1.1116915683153972,MAP_PMU,47,0.00311483690457548
3,UPFC_tsh,5-15,-0.24136520295054584,67,-0.24127632818086714,MAP_PMU,47,8.887476967869845e-05
4,UPFC_Vse,5-15,0.0628604290967872,67,0.06157371273501352,MAP_PMU,47,0.0012867163617736807
5,UPFC_tse,5-15,-2.1938055536603476,67,-2.173806745596809,MAP_PMU,47,0.019998808063538487
0,x_tcsc,1-14,-0.10132709254000676,68,-0.1013210017993398,MAP_PMU,47,6.090740666958583e-06
1,B_svc,2,0.17084512451609443,68,0.17066003762868956,MAP_PMU,47,0.00018508688740487278
2,UPFC_Vsh,5-15,1.1084899419936376,68,1.1116915683153972,MAP_PMU,47,0.0032016263217595764
3,UPFC_tsh,5-15,-0.241313286961145,68,-0.24127632818086714,MAP_PMU,47,3.695878027787369e-05
4,UPFC_Vse,5-15,0.062272094536271576,68,0.06157371273501352,MAP_PMU,47,0.0006983818012580578
5,UPFC_tse,5-15,-2.1906293073155276,68,-2.173806745596809,MAP_PMU,47,0.016822561718718543
0,x_tcsc,1-14,-0.10132579274766429,69,-0.1013210017993398,MAP_PMU,47,4.790948324492894e-06
1,B_svc,2,0.17043538876143607,69,0.17066003762868956,MAP_PMU,47,0.0002246488672534852
2,UPFC_Vsh,5-15,1.1088350476770936,69,1.1116915683153972,MAP_PMU,47,0.00285652063830355
3,UPFC_tsh,5-15,-0.24131734951711376,69,-0.24127632818086714,MAP_PMU,47,4.102133624661608e-05
4,UPFC_Vse,5-15,0.06210244307072512,69,0.06157371273501352,MAP_PMU,47,0.0005287303357116024
5,UPFC_tse,5-15,-2.1880610525317117,69,-2.173806745596809,MAP_PMU,47,0.014254306934902594
0,x_tcsc,1-14,-0.10132587865315311,70,-0.1013210017993398,MAP_PMU,47,4.876853813312598e-06
1,B_svc,2,0.17014193327108326,70,0.17066003762868956,MAP_PMU,47,0.0005181043576062971
2,UPFC_Vsh,5-15,1.1088305084098866,70,1.1116915683153972,MAP_PMU,47,0.0028610599055105546
3,UPFC_tsh,5-15,-0.24128794985941773,70,-0.24127632818086714,MAP_PMU,47,1.1621678550594039e-05
4,UPFC_Vse,5-15,0.06230214796091713,70,0.06157371273501352,MAP_PMU,47,0.0007284352259036148
5,UPFC_tse,5-15,-2.1841219150311426,70,-2.173806745596809,MAP_PMU,47,0.010315169434333527
0,x_tcsc,1-14,-0.10134916352019208,71,-0.1013210017993398,MAP_PMU,47,2.8161720852279415e-05
1,B_svc,2,0.17074420551903938,71,0.17066003762868956,MAP_PMU,47,8.416789034981775e-05
2,UPFC_Vsh,5-15,1.1089778813589093,71,1.1116915683153972,MAP_PMU,47,0.002713686956487882
3,UPFC_tsh,5-15,-0.24127375418359204,71,-0.24127632818086714,MAP_PMU,47,2.573997275101547e-06
4,UPFC_Vse,5-15,0.06288975127829334,71,0.06157371273501352,MAP_PMU,47,0.0013160385432798224
5,UPFC_tse,5-15,-2.1727550223549374,71,-2.173806745596809,MAP_PMU,47,0.0010517232418716382
0,x_tcsc,1-14,-0.10133559958052048,72,-0.1013210017993398,MAP_PMU,47,1.459778118068078e-05
1,B_svc,2,0.17021715210410795,72,0.17066003762868956,MAP_PMU,47,0.00044288552458160435
2,UPFC_Vsh,5-15,1.1089502528374253,72,1.1116915683153972,MAP_PMU,47,0.0027413154779718507
3,UPFC_tsh,5-15,-0.2413373560079036,72,-0.24127632818086714,MAP_PMU,47,6.102782703645837e-05
4,UPFC_Vse,5-15,0.062262791409333385,72,0.06157371273501352,MAP_PMU,47,0.0006890786743198665
5,UPFC_tse,5-15,-2.1853075930456387,72,-2.173806745596809,MAP_PMU,47,0.01150084744882962
0,x_tcsc,1-14,-0.10133008518652849,73,-0.1013210017993398,MAP_PMU,47,9.083387188690839e-06
1,B_svc,2,0.17109599144242693,73,0.17066003762868956,MAP_PMU,47,0.00043595381373737196
2,UPFC_Vsh,5-15,1.1088084223673813,73,1.1116915683153972,MAP_PMU,47,0.002883145948015864
3,UPFC_tsh,5-15,-0.2412712389276289,73,-0.24127632818086714,MAP_PMU,47,5.0892532382496025e-06
4,UPFC_Vse,5-15,0.062356153855099815,73,0.06157371273501352,MAP_PMU,47,0.0007824411200862968
5,UPFC_tse,5-15,-2.181096861054336,73,-2.173806745596809,MAP_PMU,47,0.007290115457526891
0,x_tcsc,1-14,-0.10135634122025854,74,-0.1013210017993398,MAP_PMU,47,3.533942091873965e-05
1,B_svc,2,0.17093140899114254,74,0.17066003762868956,MAP_PMU,47,0.00027137136245297677
2,UPFC_Vsh,5-15,1.1087153733385346,74,1.1116915683153972,MAP_PMU,47,0.002976194976862523
3,UPFC_tsh,5-15,-0.24141531670470465,74,-0.24127632818086714,MAP_PMU,47,0.0001389885238375077
4,UPFC_Vse,5-15,0.06262210135479523,74,0.06157371273501352,MAP_PMU,47,0.0010483886197817163
5,UPFC_tse,5-15,-2.191578986530167,74,-2.173806745596809,MAP_PMU,47,0.017772240933358052
0,x_tcsc,1-14,-0.10132671681623427,75,-0.1013210017993398,MAP_PMU,47,5.715016894475289e-06
1,B_svc,2,0.17101173547553156,75,0.17066003762868956,MAP_PMU,47,0.00035169784684199734
2,UPFC_Vsh,5-15,1.1085511844816516,75,1.1116915683153972,MAP_PMU,47,0.003140383833745597
3,UPFC_tsh,5-15,-0.2413001032354775,75,-0.24127632818086714,MAP_PMU,47,2.377505461034768e-05
4,UPFC_Vse,5-15,0.06254049598880172,75,0.06157371273501352,MAP_PMU,47,0.0009667832537882046
5,UPFC_tse,5-15,-2.1885444649131,75,-2.173806745596809,MAP_PMU,47,0.014737719316290754
0,x_tcsc,1-14,-0.1013249900029425,76,-0.1013210017993398,MAP_PMU,47,3.98820360270058e-06
1,B_svc,2,0.17125813334445314,76,0.17066003762868956,MAP_PMU,47,0.0005980957157635802
2,UPFC_Vsh,5-15,1.1087670378621242,76,1.1116915683153972,MAP_PMU,47,0.002924530453273011
3,UPFC_tsh,5-15,-0.241394117656096,76,-0.24127632818086714,MAP_PMU,47,0.0001177894752288633
4,UPFC_Vse,5-15,0.06249952797326539,76,0.06157371273501352,MAP_PMU,47,0.0009258152382518731
5,UPFC_tse,5-15,-2.1889282328954307,76,-2.173806745596809,MAP_PMU,47,0.015121487298621616
0,x_tcsc,1-14,-0.1013371425309535,77,-0.1013210017993398,MAP_PMU,47,1.6140731613698e-05
1,B_svc,2,0.170293137283005,77,0.17066003762868956,MAP_PMU,47,0.00036690034568456764
2,UPFC_Vsh,5-15,1.1092271517917662,77,1.1116915683153972,MAP_PMU,47,0.002464416523630941
3,UPFC_tsh,5-15,-0.2412814680344911,77,-0.24127632818086714,MAP_PMU,47,5.139853623964408e-06
4,UPFC_Vse,5-15,0.06266687139622046,77,0.06157371273501352,MAP_PMU,47,0.0010931586612069402
5,UPFC_tse,5-15,-2.1815831730382715,77,-2.173806745596809,MAP_PMU,47,0.007776427441462452
0,x_tcsc,1-14,-0.10130477513180688,78,-0.1013210017993398,MAP_PMU,47,1.622666753291202e-05
1,B_svc,2,0.17045699859189828,78,0.17066003762868956,MAP_PMU,47,0.00020303903679128044
2,UPFC_Vsh,5-15,1.1086131811376254,78,1.1116915683153972,MAP_PMU,47,0.0030783871777717575
3,UPFC_tsh,5-15,-0.2413251044898878,78,-0.24127632818086714,MAP_PMU,47,4.877630902067054e-05
4,UPFC_Vse,5-15,0.06291660838650108,78,0.06157371273501352,MAP_PMU,47,0.001342895651487562
5,UPFC_tse,5-15,-2.181260769135431,78,-2.173806745596809,MAP_PMU,47,0.00745402353862179
0,x_tcsc,1-14,-0.10132236148762842,79,-0.1013210017993398,MAP_PMU,47,1.3596882886268702e-06
1,B_svc,2,0.17091374365037723,79,0.17066003762868956,MAP_PMU,47,0.00025370602168767187
2,UPFC_Vsh,5-15,1.1085012145409123,79,1.1116915683153972,MAP_PMU,47,0.0031903537744848443
3,UPFC_tsh,5-15,-0.24128760149316136,79,-0.24127632818086714,MAP_PMU,47,1.1273312294224347e-05
4,UPFC_Vse,5-15,0.06203571592407672,79,0.06157371273501352,MAP_PMU,47,0.0004620031890632051
5,UPFC_tse,5-15,-2.1818879778720017,79,-2.173806745596809,MAP_PMU,47,0.00808123227519264
0,x_tcsc,1-14,-0.10132783554167529,80,-0.1013210017993398,MAP_PMU,47,6.8337423354963844e-06
1,B_svc,2,0.17116935840611633,80,0.17066003762868956,MAP_PMU,47,0.0005093207774267694
2,UPFC_Vsh,5-15,1.1087016869974609,80,1.1116915683153972,MAP_PMU,47,0.002989881317936316
3,UPFC_tsh,5-15,-0.2414376388129523,80,-0.24127632818086714,MAP_PMU,47,0.00016131063208515983
4,UPFC_Vse,5-15,0.06272266164543915,80,0.06157371273501352,MAP_PMU,47,0.0011489489104256276
5,UPFC_tse,5-15,-2.1958460146780854,80,-2.173806745596809,MAP_PMU,47,0.02203926908127629
0,x_tcsc,1-14,-0.10130690276097384,81,-0.1013210017993398,MAP_PMU,47,1.4099038365952832e-05
1,B_svc,2,0.17059470863766235,81,0.17066003762868956,MAP_PMU,47,6.532899102720813e-05
2,UPFC_Vsh,5-15,1.1091544795948243,81,1.1116915683153972,MAP_PMU,47,0.0025370887205729
3,UPFC_tsh,5-15,-0.2412355535495606,81,-0.24127632818086714,MAP_PMU,47,4.077463130652825e-05
4,UPFC_Vse,5-15,0.06185406649603199,81,0.06157371273501352,MAP_PMU,47,0.0002803537610184745
5,UPFC_tse,5-15,-2.1804847279077157,81,-2.173806745596809,MAP_PMU,47,0.0066779823109066605
0,x_tcsc,1-14,-0.10133395890631434,82,-0.1013210017993398,MAP_PMU,47,1.2957106974548216e-05
1,B_svc,2,0.17104002573309574,82,0.17066003762868956,MAP_PMU,47,0.0003799881044061759
2,UPFC_Vsh,5-15,1.1089746820590025,82,1.1116915683153972,MAP_PMU,47,0.002716886256394657
3,UPFC_tsh,5-15,-0.24130902841391805,82,-0.24127632818086714,MAP_PMU,47,3.270023305090852e-05
4,UPFC_Vse,5-15,0.06305601365936218,82,0.06157371273501352,MAP_PMU,47,0.001482300924348666
5,UPFC_tse,5-15,-2.1832206820012643,82,-2.173806745596809,MAP_PMU,47,0.009413936404455203
0,x_tcsc,1-14,-0.10135037617968826,83,-0.1013210017993398,MAP_PMU,47,2.937438034845974e-05
1,B_svc,2,0.17107509597029139,83,0.17066003762868956,MAP_PMU,47,0.0004150583416018261
2,UPFC_Vsh,5-15,1.1092430268936784,83,1.1116915683153972,MAP_PMU,47,0.0024485414217187973
3,UPFC_tsh,5-15,-0.24131412697550356,83,-0.24127632818086714,MAP_PMU,47,3.7798794636417776e-05
4,UPFC_Vse,5-15,0.062411674025525415,83,0.06157371273501352,MAP_PMU,47,0.0008379612905118974
5,UPFC_tse,5-15,-2.1907099324135677,83,-2.173806745596809,MAP_PMU,47,0.01690318681675862
0,x_tcsc,1-14,-0.10132567039844337,84,-0.1013210017993398,MAP_PMU,47,4.668599103571647e-06
1,B_svc,2,0.17064533683783653,84,0.17066003762868956,MAP_PMU,47,1.4700790853028334e-05
2,UPFC_Vsh,5-15,1.1087291055665063,84,1.1116915683153972,MAP_PMU,47,0.0029624627488908928
3,UPFC_tsh,5-15,-0.2413552664721316,84,-0.24127632818086714,MAP_PMU,47,7.893829126445762e-05
4,UPFC_Vse,5-15,0.06280946306159733,84,0.06157371273501352,MAP_PMU,47,0.0012357503265838163
5,UPFC_tse,5-15,-2.1918706923193585,84,-2.173806745596809,MAP_PMU,47,0.018063946722549407
0,x_tcsc,1-14,-0.10129873316362033,85,-0.1013210017993398,MAP_PMU,47,2.226863571946902e-05
1,B_svc,2,0.1709249689356568,85,0.17066003762868956,MAP_PMU,47,0.0002649313069672532
2,UPFC_Vsh,5-15,1.108752907154844,85,1.1116915683153972,MAP_PMU,47,0.00293866116055308
3,UPFC_tsh,5-15,-0.2412882238652524,85,-0.24127632818086714,MAP_PMU,47,1.1895684385254679e-05
4,UPFC_Vse,5-15,0.062202712160159525,85,0.06157371273501352,MAP_PMU,47,0.0006289994251460068
5,UPFC_tse,5-15,-2.187304363117787,85,-2.173806745596809,MAP_PMU,47,0.013497617520978
0,x_tcsc,1-14,-0.10134480935544596,86,-0.1013210017993398,MAP_PMU,47,2.380755610616181e-05
1,B_svc,2,0.17100607055103492,86,0.17066003762868956,MAP_PMU,47,0.00034603292234536287
2,UPFC_Vsh,5-15,1.108679642885412,86,1.1116915683153972,MAP_PMU,47,0.003011925429985185
3,UPFC_tsh,5-15,-0.2413903203415421,86,-0.24127632818086714,MAP_PMU,47,0.00011399216067495277
4,UPFC_Vse,5-15,0.062080557737833796,86,0.06157371273501352,MAP_PMU,47,0.0005068450028202776
5,UPFC_tse,5-15,-2.191425562861926,86,-2.173806745596809,MAP_PMU,47,0.017618817265117048
0,x_tcsc,1-14,-0.10132565172633304,87,-0.1013210017993398,MAP_PMU,47,4.6499269932415155e-06
1,B_svc,2,0.1705623762483219,87,0.17066003762868956,MAP_PMU,47,9.766138036765293e-05
2,UPFC_Vsh,5-15,1.1090918751784058,87,1.1116915683153972,MAP_PMU,47,0.0025996931369913767
3,UPFC_tsh,5-15,-0.24126514331873675,87,-0.24127632818086714,MAP_PMU,47,1.118486213039227e-05
4,UPFC_Vse,5-15,0.06285644354840748,87,0.06157371273501352,MAP_PMU,47,0.001282730813393966
5,UPFC_tse,5-15,-2.196333239558482,87,-2.173806745596809,MAP_PMU,47,0.022526493961672944
0,x_tcsc,1-14,-0.10133651444075834,88,-0.1013210017993398,MAP_PMU,47,1.5512641418538586e-05
1,B_svc,2,0.17101526989584967,88,0.17066003762868956,MAP_PMU,47,0.00035523226716011047
2,UPFC_Vsh,5-15,1.1087828662793597,88,1.1116915683153972,MAP_PMU,47,0.002908702036037436
3,UPFC_tsh,5-15,-0.2413083310587664,88,-0.24127632818086714,MAP_PMU,47,3.200287789925649e-05
4,UPFC_Vse,5-15,0.0622121495737106,88,0.06157371273501352,MAP_PMU,47,0.0006384368386970832
5,UPFC_tse,5-15,-2.1859196664765532,88,-2.173806745596809,MAP_PMU,47,0.012112920879744138
0,x_tcsc,1-14,-0.10131551753047531,89,-0.1013210017993398,MAP_PMU,47,5.484268864486275e-06
1,B_svc,2,0.17058640441858874,89,0.17066003762868956,MAP_PMU,47,7.363321010081525e-05
2,UPFC_Vsh,5-15,1.10884200075756,89,1.1116915683153972,MAP_PMU,47,0.0028495675578372737
3,UPFC_tsh,5-15,-0.24132855208210074,89,-0.24127632818086714,MAP_PMU,47,5.222390123360565e-05
4,UPFC_Vse,5-15,0.062121445717973525,89,0.06157371273501352,MAP_PMU,47,0.0005477329829600072
5,UPFC_tse,5-15,-2.1814313328503747,89,-2.173806745596809,MAP_PMU,47,0.007624587253565629
0,x_tcsc,1-14,-0.10132446004619604,90,-0.1013210017993398,MAP_PMU,47,3.4582468562416313e-06
1,B_svc,2,0.17057258760349467,90,0.17066003762868956,MAP_PMU,47,8.745002519489065e-05
2,UPFC_Vsh,5-15,1.1089457458611136,90,1.1116915683153972,MAP_PMU,47,0.002745822454283564
3,UPFC_tsh,5-15,-0.24132539866316127,90,-0.24127632818086714,MAP_PMU,47,4.9070482294133466e-05
4,UPFC_Vse,5-15,0.062409031636162814,90,0.06157371273501352,MAP_PMU,47,0.0008353189011492956
5,UPFC_tse,5-15,-2.186520424706393,90,-2.173806745596809,MAP_PMU,47,0.012713679109583875
0,x_tcsc,1-14,-0.10131352874306249,91,-0.1013210017993398,MAP_PMU,47,7.473056277310097e-06
1,B_svc,2,0.17117703067847112,91,0.17066003762868956,MAP_PMU,47,0.0005169930497815611
2,UPFC_Vsh,5-15,1.108805762128433,91,1.1116915683153972,MAP_PMU,47,0.0028858061869641016
3,UPFC_tsh,5-15,-0.24134446150321462,91,-0.24127632818086714,MAP_PMU,47,6.813332234748004e-05
4,UPFC_Vse,5-15,0.06275995511065187,91,0.06157371273501352,MAP_PMU,47,0.0011862423756383508
5,UPFC_tse,5-15,-2.187768670362202,91,-2.173806745596809,MAP_PMU,47,0.013961924765392819
0,x_tcsc,1-14,-0.10135195736863019,92,-0.1013210017993398,MAP_PMU,47,3.095556929039178e-05
1,B_svc,2,0.1708543051574251,92,0.17066003762868956,MAP_PMU,47,0.0001942675287355533
2,UPFC_Vsh,5-15,1.1089268870225362,92,1.1116915683153972,MAP_PMU,47,0.0027646812928610043
3,UPFC_tsh,5-15,-0.24135034286488796,92,-0.24127632818086714,MAP_PMU,47,7.401468402082334e-05
4,UPFC_Vse,5-15,0.06281395087112923,92,0.06157371273501352,MAP_PMU,47,0.0012402381361157136
5,UPFC_tse,5-15,-2.1822940887436286,92,-2.173806745596809,MAP_PMU,47,0.008487343146819537
0,x_tcsc,1-14,-0.10133104694201371,93,-0.1013210017993398,MAP_PMU,47,1.0045142673914542e-05
1,B_svc,2,0.17027275749308352,93,0.17066003762868956,MAP_PMU,47,0.000387280135606044
2,UPFC_Vsh,5-15,1.1090415357263856,93,1.1116915683153972,MAP_PMU,47,0.0026500325890115306
3,UPFC_tsh,5-15,-0.24127298648333895,93,-0.24127632818086714,MAP_PMU,47,3.3416975281919115e-06
4,UPFC_Vse,5-15,0.06225775231018807,93,0.06157371273501352,MAP_PMU,47,0.0006840395751745512
5,UPFC_tse,5-15,-2.1886152382418653,93,-2.173806745596809,MAP_PMU,47,0.014808492645056237
0,x_tcsc,1-14,-0.10131134043708326,94,-0.1013210017993398,MAP_PMU,47,9.661362256538353e-06
1,B_svc,2,0.17088262614580518,94,0.17066003762868956,MAP_PMU,47,0.00022258851711562389
2,UPFC_Vsh,5-15,1.108697976633988,94,1.1116915683153972,MAP_PMU,47,0.0029935916814092245
3,UPFC_tsh,5-15,-0.24136480852366707,94,-0.24127632818086714,MAP_PMU,47,8.848034279992922e-05
4,UPFC_Vse,5-15,0.06269660313692553,94,0.06157371273501352,MAP_PMU,47,0.001122890401912012
5,UPFC_tse,5-15,-2.1974991649412616,94,-2.173806745596809,MAP_PMU,47,0.023692419344452542
0,x_tcsc,1-14,-0.1013259431967097,95,-0.1013210017993398,MAP_PMU,47,4.941397369909173e-06
1,B_svc,2,0.17092738824845613,95,0.17066003762868956,MAP_PMU,47,0.00026735061976657093
2,UPFC_Vsh,5-15,1.1085403688714703,95,1.1116915683153972,MAP_PMU,47,0.003151199443926833
3,UPFC_tsh,5-15,-0.241372829539699,95,-0.24127632818086714,MAP_PMU,47,9.650135883185196e-05
4,UPFC_Vse,5-15,0.0628092611716157,95,0.06157371273501352,MAP_PMU,47,0.001235548436602181
5,UPFC_tse,5-15,-2.1864539831902055,95,-2.173806745596809,MAP_PMU,47,0.012647237593396365
0,x_tcsc,1-14,-0.10134018312956843,96,-0.1013210017993398,MAP_PMU,47,1.9181330228629223e-05
1,B_svc,2,0.1706275307378957,96,0.17066003762868956,MAP_PMU,47,3.250689079387081e-05
2,UPFC_Vsh,5-15,1.1086792553134222,96,1.1116915683153972,MAP_PMU,47,0.00301231300197502
3,UPFC_tsh,5-15,-0.24135940978269085,96,-0.24127632818086714,MAP_PMU,47,8.30816018237146e-05
4,UPFC_Vse,5-15,0.0626171820975138,96,0.06157371273501352,MAP_PMU,47,0.001043469362500278
5,UPFC_tse,5-15,-2.195651984879513,96,-2.173806745596809,MAP_PMU,47,0.021845239282703766
0,x_tcsc,1-14,-0.1013378799987182,97,-0.1013210017993398,MAP_PMU,47,1.6878199378400627e-05
1,B_svc,2,0.17083625200471766,97,0.17066003762868956,MAP_PMU,47,0.0001762143760281054
2,UPFC_Vsh,5-15,1.1091009315172837,97,1.1116915683153972,MAP_PMU,47,0.0025906367981134437
3,UPFC_tsh,5-15,-0.24137043223650023,97,-0.24127632818086714,MAP_PMU,47,9.410405563309299e-05
4,UPFC_Vse,5-15,0.06315919003284778,97,0.06157371273501352,MAP_PMU,47,0.001585477297834266
5,UPFC_tse,5-15,-2.1914992070325376,97,-2.173806745596809,MAP_PMU,47,0.017692461435728557
0,x_tcsc,1-14,-0.10133704560718129,98,-0.1013210017993398,MAP_PMU,47,1.6043807841495394e-05
1,B_svc,2,0.17101504605306275,98,0.17066003762868956,MAP_PMU,47,0.00035500842437319324
2,UPFC_Vsh,5-15,1.1085007510808391,98,1.1116915683153972,MAP_PMU,47,0.003190817234558052
3,UPFC_tsh,5-15,-0.24140823659445154,98,-0.24127632818086714,MAP_PMU,47,0.00013190841358440286
4,UPFC_Vse,5-15,0.06264280541609316,98,0.06157371273501352,MAP_PMU,47,0.0010690926810796378
5,UPFC_tse,5-15,-2.1932937145640556,98,-2.173806745596809,MAP_PMU,47,0.019486968967246554
0,x_tcsc,1-14,-0.10134288491797329,99,-0.1013210017993398,MAP_PMU,47,2.1883118633492238e-05
1,B_svc,2,0.17090321678137865,99,0.17066003762868956,MAP_PMU,47,0.00024317915268909363
2,UPFC_Vsh,5-15,1.1086709083582618,99,1.1116915683153972,MAP_PMU,47,0.0030206599571354076
3,UPFC_tsh,5-15,-0.24130238791007194,99,-0.24127632818086714,MAP_PMU,47,2.6059729204802595e-05
4,UPFC_Vse,5-15,0.06251578025779413,99,0.06157371273501352,MAP_PMU,47,0.0009420675227806083
5,UPFC_tse,5-15,-2.1936143107121957,99,-2.173806745596809,MAP_PMU,47,0.019807565115386616
0,x_tcsc,1-14,-0.10126006612637307,0,-0.10125275692686818,MAP_PMU,49,7.309199504895725e-06
1,B_svc,2,0.16974692898356425,0,0.1701011310761069,MAP_PMU,49,0.0003542020925426381
2,UPFC_Vsh,5-15,1.1089285752737839,0,1.1111356553452798,MAP_PMU,49,0.002207080071495948
3,UPFC_tsh,5-15,-0.24129040361950072,0,-0.24128082034855702,MAP_PMU,49,9.583270943691602e-06
4,UPFC_Vse,5-15,0.06276779011926112,0,0.06207548655607561,MAP_PMU,49,0.0006923035631855104
5,UPFC_tse,5-15,-2.1953776874086737,0,-2.17964137895095,MAP_PMU,49,0.01573630845772378
0,x_tcsc,1-14,-0.10128812625322103,1,-0.10125275692686818,MAP_PMU,49,3.5369326352854835e-05
1,B_svc,2,0.16994564667515125,1,0.1701011310761069,MAP_PMU,49,0.0001554844009556411
2,UPFC_Vsh,5-15,1.1086149332127364,1,1.1111356553452798,MAP_PMU,49,0.002520722132543396
3,UPFC_tsh,5-15,-0.24129300348855945,1,-0.24128082034855702,MAP_PMU,49,1.2183140002425263e-05
4,UPFC_Vse,5-15,0.06291783419897785,1,0.06207548655607561,MAP_PMU,49,0.0008423476429022456
5,UPFC_tse,5-15,-2.1883144256903173,1,-2.17964137895095,MAP_PMU,49,0.008673046739367418
0,x_tcsc,1-14,-0.10127395757409949,2,-0.10125275692686818,MAP_PMU,49,2.120064723130921e-05
1,B_svc,2,0.1700244117070399,2,0.1701011310761069,MAP_PMU,49,7.67193690669743e-05
2,UPFC_Vsh,5-15,1.1087461257362914,2,1.1111356553452798,MAP_PMU,49,0.0023895296089884166
3,UPFC_tsh,5-15,-0.24136288039648723,2,-0.24128082034855702,MAP_PMU,49,8.206004793021027e-05
4,UPFC_Vse,5-15,0.06314194518562494,2,0.06207548655607561,MAP_PMU,49,0.0010664586295493286
5,UPFC_tse,5-15,-2.1988331845877043,2,-2.17964137895095,MAP_PMU,49,0.019191805636754378
0,x_tcsc,1-14,-0.10125694259615814,3,-0.10125275692686818,MAP_PMU,49,4.1856692899605585e-06
1,B_svc,2,0.17046041255838887,3,0.1701011310761069,MAP_PMU,49,0.0003592814822819812
2,UPFC_Vsh,5-15,1.108795924420798,3,1.1111356553452798,MAP_PMU,49,0.0023397309244816977
3,UPFC_tsh,5-15,-0.24128871746111213,3,-0.24128082034855702,MAP_PMU,49,7.89711255511083e-06
4,UPFC_Vse,5-15,0.0633499223960857,3,0.06207548655607561,MAP_PMU,49,0.0012744358400100866
5,UPFC_tse,5-15,-2.1919799866240934,3,-2.17964137895095,MAP_PMU,49,0.012338607673143542
0,x_tcsc,1-14,-0.10130165115879354,4,-0.10125275692686818,MAP_PMU,49,4.8894231925361575e-05
1,B_svc,2,0.1702241060451906,4,0.1701011310761069,MAP_PMU,49,0.0001229749690837001
2,UPFC_Vsh,5-15,1.1084644526678948,4,1.1111356553452798,MAP_PMU,49,0.002671202677384965
3,UPFC_tsh,5-15,-0.24132330429259827,4,-0.24128082034855702,MAP_PMU,49,4.248394404124389e-05
4,UPFC_Vse,5-15,0.062411596212332165,4,0.06207548655607561,MAP_PMU,49,0.00033610965625655714
5,UPFC_tse,5-15,-2.189003850460407,4,-2.17964137895095,MAP_PMU,49,0.009362471509457126
0,x_tcsc,1-14,-0.10125964140274255,5,-0.10125275692686818,MAP_PMU,49,6.884475874366358e-06
1,B_svc,2,0.17003852005197267,5,0.1701011310761069,MAP_PMU,49,6.26110241342126e-05
2,UPFC_Vsh,5-15,1.1090898395879925,5,1.1111356553452798,MAP_PMU,49,0.0020458157572873503
3,UPFC_tsh,5-15,-0.24127051301576147,5,-0.24128082034855702,MAP_PMU,49,1.0307332795556068e-05
4,UPFC_Vse,5-15,0.06272798969762616,5,0.06207548655607561,MAP_PMU,49,0.0006525031415505547
5,UPFC_tse,5-15,-2.1850315764509642,5,-2.17964137895095,MAP_PMU,49,0.005390197500014349
0,x_tcsc,1-14,-0.10125389823347043,6,-0.10125275692686818,MAP_PMU,49,1.1413066022536444e-06
1,B_svc,2,0.16981524119089747,6,0.1701011310761069,MAP_PMU,49,0.00028588988520941716
2,UPFC_Vsh,5-15,1.1091479311242507,6,1.1111356553452798,MAP_PMU,49,0.001987724221029108
3,UPFC_tsh,5-15,-0.24131626942350695,6,-0.24128082034855702,MAP_PMU,49,3.5449074949928105e-05
4,UPFC_Vse,5-15,0.06214480592207847,6,0.06207548655607561,MAP_PMU,49,6.931936600285821e-05
5,UPFC_tse,5-15,-2.189101153194695,6,-2.17964137895095,MAP_PMU,49,0.009459774243745223
0,x_tcsc,1-14,-0.10122969798185365,7,-0.10125275692686818,MAP_PMU,49,2.3058945014531318e-05
1,B_svc,2,0.17016429095667915,7,0.1701011310761069,MAP_PMU,49,6.315988057226107e-05
2,UPFC_Vsh,5-15,1.1086934752537536,7,1.1111356553452798,MAP_PMU,49,0.0024421800915261915
3,UPFC_tsh,5-15,-0.24127903464938832,7,-0.24128082034855702,MAP_PMU,49,1.7856991686993062e-06
4,UPFC_Vse,5-15,0.0625510796840719,7,0.06207548655607561,MAP_PMU,49,0.00047559312799629744
5,UPFC_tse,5-15,-2.1813076055674023,7,-2.17964137895095,MAP_PMU,49,0.0016662266164524375
0,x_tcsc,1-14,-0.10127648294457639,8,-0.10125275692686818,MAP_PMU,49,2.372601770821159e-05
1,B_svc,2,0.17011742943763958,8,0.1701011310761069,MAP_PMU,49,1.6298361532690597e-05
2,UPFC_Vsh,5-15,1.1084368693538011,8,1.1111356553452798,MAP_PMU,49,0.0026987859914786583
3,UPFC_tsh,5-15,-0.241336193534691,8,-0.24128082034855702,MAP_PMU,49,5.53731861339668e-05
4,UPFC_Vse,5-15,0.0633487046147248,8,0.06207548655607561,MAP_PMU,49,0.0012732180586491962
5,UPFC_tse,5-15,-2.1966233282434744,8,-2.17964137895095,MAP_PMU,49,0.0169819492925245
0,x_tcsc,1-14,-0.1012453717595774,9,-0.10125275692686818,MAP_PMU,49,7.385167290777095e-06
1,B_svc,2,0.1700228428041923,9,0.1701011310761069,MAP_PMU,49,7.828827191458387e-05
2,UPFC_Vsh,5-15,1.1084950397749203,9,1.1111356553452798,MAP_PMU,49,0.00264061557035955
3,UPFC_tsh,5-15,-0.2413024695508778,9,-0.24128082034855702,MAP_PMU,49,2.164920232078371e-05
4,UPFC_Vse,5-15,0.06254540485382148,9,0.06207548655607561,MAP_PMU,49,0.0004699182977458763
5,UPFC_tse,5-15,-2.184279528718597,9,-2.17964137895095,MAP_PMU,49,0.004638149767647093
0,x_tcsc,1-14,-0.10127019597792622,10,-0.10125275692686818,MAP_PMU,49,1.7439051058040778e-05
1,B_svc,2,0.16996202913693606,10,0.1701011310761069,MAP_PMU,49,0.00013910193917082703
2,UPFC_Vsh,5-15,1.1086891874553289,10,1.1111356553452798,MAP_PMU,49,0.002446467889950954
3,UPFC_tsh,5-15,-0.2413381400811171,10,-0.24128082034855702,MAP_PMU,49,5.731973256006828e-05
4,UPFC_Vse,5-15,0.06299601039953062,10,0.06207548655607561,MAP_PMU,49,0.0009205238434550136
5,UPFC_tse,5-15,-2.189504386176663,10,-2.17964137895095,MAP_PMU,49,0.009863007225713094
0,x_tcsc,1-14,-0.10126699468599666,11,-0.10125275692686818,MAP_PMU,49,1.4237759128482574e-05
1,B_svc,2,0.17042986259980442,11,0.1701011310761069,MAP_PMU,49,0.00032873152369752856
2,UPFC_Vsh,5-15,1.1085612261166309,11,1.1111356553452798,MAP_PMU,49,0.0025744292286489223
3,UPFC_tsh,5-15,-0.24128359866540663,11,-0.24128082034855702,MAP_PMU,49,2.77831684961094e-06
4,UPFC_Vse,5-15,0.06296473352521538,11,0.06207548655607561,MAP_PMU,49,0.0008892469691397717
5,UPFC_tse,5-15,-2.190743593941306,11,-2.17964137895095,MAP_PMU,49,0.011102214990355908
0,x_tcsc,1-14,-0.1012965544481665,12,-0.10125275692686818,MAP_PMU,49,4.379752129832215e-05
1,B_svc,2,0.16982765944981235,12,0.1701011310761069,MAP_PMU,49,0.00027347162629454136
2,UPFC_Vsh,5-15,1.108762781663926,12,1.1111356553452798,MAP_PMU,49,0.0023728736813537488
3,UPFC_tsh,5-15,-0.2413948898739462,12,-0.24128082034855702,MAP_PMU,49,0.00011406952538917103
4,UPFC_Vse,5-15,0.06355774585659514,12,0.06207548655607561,MAP_PMU,49,0.0014822593005195325
5,UPFC_tse,5-15,-2.1884703967016863,12,-2.17964137895095,MAP_PMU,49,0.008829017750736412
0,x_tcsc,1-14,-0.10128761673118991,13,-0.10125275692686818,MAP_PMU,49,3.485980432173241e-05
1,B_svc,2,0.170132920392894,13,0.1701011310761069,MAP_PMU,49,3.178931678710084e-05
2,UPFC_Vsh,5-15,1.1088395840186298,13,1.1111356553452798,MAP_PMU,49,0.0022960713266499955
3,UPFC_tsh,5-15,-0.24133221400588095,13,-0.24128082034855702,MAP_PMU,49,5.13936573239282e-05
4,UPFC_Vse,5-15,0.062303364359434905,13,0.06207548655607561,MAP_PMU,49,0.00022787780335929708
5,UPFC_tse,5-15,-2.184443590514214,13,-2.17964137895095,MAP_PMU,49,0.004802211563263992
0,x_tcsc,1-14,-0.10127348496339311,14,-0.10125275692686818,MAP_PMU,49,2.072803652493349e-05
1,B_svc,2,0.1698413362496456,14,0.1701011310761069,MAP_PMU,49,0.0002597948264612959
2,UPFC_Vsh,5-15,1.1089601634030406,14,1.1111356553452798,MAP_PMU,49,0.002175491942239205
3,UPFC_tsh,5-15,-0.24132517685951016,14,-0.24128082034855702,MAP_PMU,49,4.435651095313631e-05
4,UPFC_Vse,5-15,0.06275121573146503,14,0.06207548655607561,MAP_PMU,49,0.0006757291753894182
5,UPFC_tse,5-15,-2.19122570910681,14,-2.17964137895095,MAP_PMU,49,0.011584330155860023
0,x_tcsc,1-14,-0.10124648177815956,15,-0.10125275692686818,MAP_PMU,49,6.275148708614897e-06
1,B_svc,2,0.16977749921498347,15,0.1701011310761069,MAP_PMU,49,0.00032363186112341347
2,UPFC_Vsh,5-15,1.1087445130946265,15,1.1111356553452798,MAP_PMU,49,0.0023911422506532887
3,UPFC_tsh,5-15,-0.24124877949623427,15,-0.24128082034855702,MAP_PMU,49,3.204085232275111e-05
4,UPFC_Vse,5-15,0.06269768192170036,15,0.06207548655607561,MAP_PMU,49,0.0006221953656247517
5,UPFC_tse,5-15,-2.1950200037564134,15,-2.17964137895095,MAP_PMU,49,0.015378624805463481
0,x_tcsc,1-14,-0.10126810557547282,16,-0.10125275692686818,MAP_PMU,49,1.534864860464058e-05
1,B_svc,2,0.17009447534459396,16,0.1701011310761069,MAP_PMU,49,6.655731512927865e-06
2,UPFC_Vsh,5-15,1.1089528056165174,16,1.1111356553452798,MAP_PMU,49,0.0021828497287623705
3,UPFC_tsh,5-15,-0.2412812825453562,16,-0.24128082034855702,MAP_PMU,49,4.6219679916692513e-07
4,UPFC_Vse,5-15,0.062221431711710656,16,0.06207548655607561,MAP_PMU,49,0.000145945155635048
5,UPFC_tse,5-15,-2.189213043005957,16,-2.17964137895095,MAP_PMU,49,0.0095716640550072
0,x_tcsc,1-14,-0.10128379395106273,17,-0.10125275692686818,MAP_PMU,49,3.103702419454679e-05
1,B_svc,2,0.17010739539017197,17,0.1701011310761069,MAP_PMU,49,6.264314065085319e-06
2,UPFC_Vsh,5-15,1.1092812209939087,17,1.1111356553452798,MAP_PMU,49,0.0018544343513711148
3,UPFC_tsh,5-15,-0.24135378024713922,17,-0.24128082034855702,MAP_PMU,49,7.29598985821922e-05
4,UPFC_Vse,5-15,0.06327725876747077,17,0.06207548655607561,MAP_PMU,49,0.001201772211395162
5,UPFC_tse,5-15,-2.190445139505406,17,-2.17964137895095,MAP_PMU,49,0.010803760554455977
0,x_tcsc,1-14,-0.10126529683060254,18,-0.10125275692686818,MAP_PMU,49,1.2539903734357094e-05
1,B_svc,2,0.1696993686013091,18,0.1701011310761069,MAP_PMU,49,0.0004017624747977844
2,UPFC_Vsh,5-15,1.108886566954885,18,1.1111356553452798,MAP_PMU,49,0.0022490883903947267
3,UPFC_tsh,5-15,-0.24126886975509318,18,-0.24128082034855702,MAP_PMU,49,1.1950593463844195e-05
4,UPFC_Vse,5-15,0.06270143928857665,18,0.06207548655607561,MAP_PMU,49,0.0006259527325010381
5,UPFC_tse,5-15,-2.1942221811865688,18,-2.17964137895095,MAP_PMU,49,0.014580802235618862
0,x_tcsc,1-14,-0.1012707055343849,19,-0.10125275692686818,MAP_PMU,49,1.7948607516721227e-05
1,B_svc,2,0.16955061981831732,19,0.1701011310761069,MAP_PMU,49,0.000550511257789571
2,UPFC_Vsh,5-15,1.1087757070847697,19,1.1111356553452798,MAP_PMU,49,0.002359948260510114
3,UPFC_tsh,5-15,-0.2413161424584181,19,-0.24128082034855702,MAP_PMU,49,3.5322109861068984e-05
4,UPFC_Vse,5-15,0.06284777801220587,19,0.06207548655607561,MAP_PMU,49,0.0007722914561302599
5,UPFC_tse,5-15,-2.181370819665438,19,-2.17964137895095,MAP_PMU,49,0.0017294407144881063
0,x_tcsc,1-14,-0.10126120705673519,20,-0.10125275692686818,MAP_PMU,49,8.450129867013101e-06
1,B_svc,2,0.1702541080301723,20,0.1701011310761069,MAP_PMU,49,0.00015297695406540912
2,UPFC_Vsh,5-15,1.1086022820867785,20,1.1111356553452798,MAP_PMU,49,0.002533373258501337
3,UPFC_tsh,5-15,-0.24136807332103866,20,-0.24128082034855702,MAP_PMU,49,8.725297248163288e-05
4,UPFC_Vse,5-15,0.06258586118192028,20,0.06207548655607561,MAP_PMU,49,0.0005103746258446687
5,UPFC_tse,5-15,-2.1902662989464217,20,-2.17964137895095,MAP_PMU,49,0.010624919995471771
0,x_tcsc,1-14,-0.10127010558746044,21,-0.10125275692686818,MAP_PMU,49,1.734866059226181e-05
1,B_svc,2,0.17057718983408357,21,0.1701011310761069,MAP_PMU,49,0.00047605875797668284
2,UPFC_Vsh,5-15,1.1086360095404382,21,1.1111356553452798,MAP_PMU,49,0.0024996458048416326
3,UPFC_tsh,5-15,-0.2413912624667871,21,-0.24128082034855702,MAP_PMU,49,0.00011044211823008077
4,UPFC_Vse,5-15,0.0629232183227528,21,0.06207548655607561,MAP_PMU,49,0.0008477317666771914
5,UPFC_tse,5-15,-2.198740412681133,21,-2.17964137895095,MAP_PMU,49,0.01909903373018329
0,x_tcsc,1-14,-0.10125467783740076,22,-0.10125275692686818,MAP_PMU,49,1.920910532582365e-06
1,B_svc,2,0.16981541429517308,22,0.1701011310761069,MAP_PMU,49,0.00028571678093380903
2,UPFC_Vsh,5-15,1.1087780149969206,22,1.1111356553452798,MAP_PMU,49,0.002357640348359169
3,UPFC_tsh,5-15,-0.24131378843469006,22,-0.24128082034855702,MAP_PMU,49,3.2968086133039476e-05
4,UPFC_Vse,5-15,0.06274272378448614,22,0.06207548655607561,MAP_PMU,49,0.0006672372284105346
5,UPFC_tse,5-15,-2.1853451749953123,22,-2.17964137895095,MAP_PMU,49,0.005703796044362441
0,x_tcsc,1-14,-0.101297469485974,23,-0.10125275692686818,MAP_PMU,49,4.4712559105819505e-05
1,B_svc,2,0.17051293352116392,23,0.1701011310761069,MAP_PMU,49,0.00041180244505703567
2,UPFC_Vsh,5-15,1.1087257986317713,23,1.1111356553452798,MAP_PMU,49,0.0024098567135084625
3,UPFC_tsh,5-15,-0.2413234192655451,23,-0.24128082034855702,MAP_PMU,49,4.259891698807361e-05
4,UPFC_Vse,5-15,0.06273811506844756,23,0.06207548655607561,MAP_PMU,49,0.0006626285123719558
5,UPFC_tse,5-15,-2.1911022966978058,23,-2.17964137895095,MAP_PMU,49,0.01146091774685587
0,x_tcsc,1-14,-0.1012640176350529,24,-0.10125275692686818,MAP_PMU,49,1.1260708184718249e-05
1,B_svc,2,0.1703455571185705,24,0.1701011310761069,MAP_PMU,49,0.000244426042463608
2,UPFC_Vsh,5-15,1.108869581092052,24,1.1111356553452798,MAP_PMU,49,0.00226607425322789
3,UPFC_tsh,5-15,-0.24132407796483105,24,-0.24128082034855702,MAP_PMU,49,4.32576162740228e-05
4,UPFC_Vse,5-15,0.06308331827187993,24,0.06207548655607561,MAP_PMU,49,0.0010078317158043262
5,UPFC_tse,5-15,-2.1980896742304608,24,-2.17964137895095,MAP_PMU,49,0.018448295279510862
0,x_tcsc,1-14,-0.10125721462950085,25,-0.10125275692686818,MAP_PMU,49,4.4577026326736435e-06
1,B_svc,2,0.17045315548820697,25,0.1701011310761069,MAP_PMU,49,0.0003520244121000826
2,UPFC_Vsh,5-15,1.1090609999769325,25,1.1111356553452798,MAP_PMU,49,0.002074655368347278
3,UPFC_tsh,5-15,-0.24128614359832998,25,-0.24128082034855702,MAP_PMU,49,5.323249772953842e-06
4,UPFC_Vse,5-15,0.06275381059281643,25,0.06207548655607561,MAP_PMU,49,0.0006783240367408197
5,UPFC_tse,5-15,-2.1906245075643542,25,-2.17964137895095,MAP_PMU,49,0.010983128613404336
0,x_tcsc,1-14,-0.10126301506088081,26,-0.10125275692686818,MAP_PMU,49,1.0258134012633424e-05
1,B_svc,2,0.1702166575092635,26,0.1701011310761069,MAP_PMU,49,0.00011552643315662636
2,UPFC_Vsh,5-15,1.1088254865758231,26,1.1111356553452798,MAP_PMU,49,0.0023101687694566664
3,UPFC_tsh,5-15,-0.2413306688008546,26,-0.24128082034855702,MAP_PMU,49,4.9848452297579504e-05
4,UPFC_Vse,5-15,0.062385252653388984,26,0.06207548655607561,MAP_PMU,49,0.0003097660973133756
5,UPFC_tse,5-15,-2.1891426952345387,26,-2.17964137895095,MAP_PMU,49,0.009501316283588856
0,x_tcsc,1-14,-0.10125540771619151,27,-0.10125275692686818,MAP_PMU,49,2.650789323335734e-06
1,B_svc,2,0.16999513665757748,27,0.1701011310761069,MAP_PMU,49,0.00010599441852940372
2,UPFC_Vsh,5-15,1.1089330574124476,27,1.1111356553452798,MAP_PMU,49,0.002202597932832173
3,UPFC_tsh,5-15,-0.24127301232461715,27,-0.24128082034855702,MAP_PMU,49,7.808023939875897e-06
4,UPFC_Vse,5-15,0.06241407210945249,27,0.06207548655607561,MAP_PMU,49,0.0003385855533768814
5,UPFC_tse,5-15,-2.196586590852933,27,-2.17964137895095,MAP_PMU,49,0.01694521190198328
0,x_tcsc,1-14,-0.1012504035377514,28,-0.10125275692686818,MAP_PMU,49,2.3533891167770715e-06
1,B_svc,2,0.17006954268170268,28,0.1701011310761069,MAP_PMU,49,3.15883944042028e-05
2,UPFC_Vsh,5-15,1.108727636577883,28,1.1111356553452798,MAP_PMU,49,0.0024080187673967135
3,UPFC_tsh,5-15,-0.24138399220349913,28,-0.24128082034855702,MAP_PMU,49,0.00010317185494210235
4,UPFC_Vse,5-15,0.06287911597712495,28,0.06207548655607561,MAP_PMU,49,0.0008036294210493414
5,UPFC_tse,5-15,-2.194410452964011,28,-2.17964137895095,MAP_PMU,49,0.014769074013061267
0,x_tcsc,1-14,-0.10128809451547094,29,-0.10125275692686818,MAP_PMU,49,3.533758860276015e-05
1,B_svc,2,0.17004455868719784,29,0.1701011310761069,MAP_PMU,49,5.657238890904859e-05
2,UPFC_Vsh,5-15,1.1084394032208922,29,1.1111356553452798,MAP_PMU,49,0.0026962521243876214
3,UPFC_tsh,5-15,-0.2413320140949725,29,-0.24128082034855702,MAP_PMU,49,5.1193746415489905e-05
4,UPFC_Vse,5-15,0.0628070279384533,29,0.06207548655607561,MAP_PMU,49,0.0007315413823776942
5,UPFC_tse,5-15,-2.199039177763261,29,-2.17964137895095,MAP_PMU,49,0.019397798812311073
0,x_tcsc,1-14,-0.10125775910518593,30,-0.10125275692686818,MAP_PMU,49,5.002178317753403e-06
1,B_svc,2,0.17002669911234858,30,0.1701011310761069,MAP_PMU,49,7.443196375830907e-05
2,UPFC_Vsh,5-15,1.10876025512443,30,1.1111356553452798,MAP_PMU,49,0.0023754002208498104
3,UPFC_tsh,5-15,-0.24123590636485928,30,-0.24128082034855702,MAP_PMU,49,4.491398369774191e-05
4,UPFC_Vse,5-15,0.06308961928966172,30,0.06207548655607561,MAP_PMU,49,0.0010141327335861164
5,UPFC_tse,5-15,-2.188768988263796,30,-2.17964137895095,MAP_PMU,49,0.009127609312846285
0,x_tcsc,1-14,-0.10124447743839535,31,-0.10125275692686818,MAP_PMU,49,8.279488472831553e-06
1,B_svc,2,0.169866382157086,31,0.1701011310761069,MAP_PMU,49,0.000234748919020894
2,UPFC_Vsh,5-15,1.108952230076229,31,1.1111356553452798,MAP_PMU,49,0.0021834252690509093
3,UPFC_tsh,5-15,-0.24135085556198432,31,-0.24128082034855702,MAP_PMU,49,7.003521342729968e-05
4,UPFC_Vse,5-15,0.06290463395680287,31,0.06207548655607561,MAP_PMU,49,0.0008291474007272662
5,UPFC_tse,5-15,-2.191833616652146,31,-2.17964137895095,MAP_PMU,49,0.012192237701196262
0,x_tcsc,1-14,-0.1012491927569527,32,-0.10125275692686818,MAP_PMU,49,3.5641699154820294e-06
1,B_svc,2,0.17025479197148338,32,0.1701011310761069,MAP_PMU,49,0.00015366089537649508
2,UPFC_Vsh,5-15,1.1088613176836921,32,1.1111356553452798,MAP_PMU,49,0.0022743376615876887
3,UPFC_tsh,5-15,-0.24126778797065745,32,-0.24128082034855702,MAP_PMU,49,1.3032377899568903e-05
4,UPFC_Vse,5-15,0.06304257097341477,32,0.06207548655607561,MAP_PMU,49,0.0009670844173391632
5,UPFC_tse,5-15,-2.193393482145542,32,-2.17964137895095,MAP_PMU,49,0.013752103194592191
0,x_tcsc,1-14,-0.10127611462531726,33,-0.10125275692686818,MAP_PMU,49,2.335769844907798e-05
1,B_svc,2,0.16976055311226979,33,0.1701011310761069,MAP_PMU,49,0.00034057796383710204
2,UPFC_Vsh,5-15,1.1087195590407362,33,1.1111356553452798,MAP_PMU,49,0.0024160963045436468
3,UPFC_tsh,5-15,-0.24139129809872867,33,-0.24128082034855702,MAP_PMU,49,0.00011047775017164474
4,UPFC_Vse,5-15,0.06269114807755781,33,0.06207548655607561,MAP_PMU,49,0.0006156615214822012
5,UPFC_tse,5-15,-2.1988622523717942,33,-2.17964137895095,MAP_PMU,49,0.01922087342084433
0,x_tcsc,1-14,-0.10125738382262903,34,-0.10125275692686818,MAP_PMU,49,4.626895760848071e-06
1,B_svc,2,0.17021408440963898,34,0.1701011310761069,MAP_PMU,49,0.0001129533335320898
2,UPFC_Vsh,5-15,1.1085296970084098,34,1.1111356553452798,MAP_PMU,49,0.002605958336870051
3,UPFC_tsh,5-15,-0.24138869684808598,34,-0.24128082034855702,MAP_PMU,49,0.00010787649952895273
4,UPFC_Vse,5-15,0.06337360042799416,34,0.06207548655607561,MAP_PMU,49,0.0012981138719185478
5,UPFC_tse,5-15,-2.1929682843842815,34,-2.17964137895095,MAP_PMU,49,0.013326905433331593
0,x_tcsc,1-14,-0.10126833971568987,35,-0.10125275692686818,MAP_PMU,49,1.558278882168862e-05
1,B_svc,2,0.17033803163953204,35,0.1701011310761069,MAP_PMU,49,0.00023690056342515198
2,UPFC_Vsh,5-15,1.1088520657882646,35,1.1111356553452798,MAP_PMU,49,0.002283589557015242
3,UPFC_tsh,5-15,-0.24125526082173296,35,-0.24128082034855702,MAP_PMU,49,2.5559526824064926e-05
4,UPFC_Vse,5-15,0.06287984706921156,35,0.06207548655607561,MAP_PMU,49,0.0008043605131359474
5,UPFC_tse,5-15,-2.1881042916322007,35,-2.17964137895095,MAP_PMU,49,0.008462912681250767
0,x_tcsc,1-14,-0.10128012296972755,36,-0.10125275692686818,MAP_PMU,49,2.736604285936972e-05
1,B_svc,2,0.17000577545672424,36,0.1701011310761069,MAP_PMU,49,9.53556193826477e-05
2,UPFC_Vsh,5-15,1.1091468748963194,36,1.1111356553452798,MAP_PMU,49,0.0019887804489604477
3,UPFC_tsh,5-15,-0.24126022149949736,36,-0.24128082034855702,MAP_PMU,49,2.059884905966647e-05
4,UPFC_Vse,5-15,0.06260092971122132,36,0.06207548655607561,MAP_PMU,49,0.0005254431551457092
5,UPFC_tse,5-15,-2.192787903651889,36,-2.17964137895095,MAP_PMU,49,0.013146524700939022
0,x_tcsc,1-14,-0.10125808191248219,37,-0.10125275692686818,MAP_PMU,49,5.324985614008071e-06
1,B_svc,2,0.16969596214392946,37,0.1701011310761069,MAP_PMU,49,0.0004051689321774299
2,UPFC_Vsh,5-15,1.1085689144237563,37,1.1111356553452798,MAP_PMU,49,0.002566740921523536
3,UPFC_tsh,5-15,-0.24134213348627875,37,-0.24128082034855702,MAP_PMU,49,6.131313772173019e-05
4,UPFC_Vse,5-15,0.06253613254231678,37,0.06207548655607561,MAP_PMU,49,0.00046064598624117464
5,UPFC_tse,5-15,-2.2015359756933455,37,-2.17964137895095,MAP_PMU,49,0.021894596742395578
0,x_tcsc,1-14,-0.10127974999707055,38,-0.10125275692686818,MAP_PMU,49,2.6993070202374625e-05
1,B_svc,2,0.1695800277181419,38,0.1701011310761069,MAP_PMU,49,0.000521103357964986
2,UPFC_Vsh,5-15,1.108176484866146,38,1.1111356553452798,MAP_PMU,49,0.0029591704791338547
3,UPFC_tsh,5-15,-0.24143471038332545,38,-0.24128082034855702,MAP_PMU,49,0.000153890034768428
4,UPFC_Vse,5-15,0.06286741612006512,38,0.06207548655607561,MAP_PMU,49,0.0007919295639895116
5,UPFC_tse,5-15,-2.191289309482547,38,-2.17964137895095,MAP_PMU,49,0.011647930531597073
0,x_tcsc,1-14,-0.10130489661451932,39,-0.10125275692686818,MAP_PMU,49,5.213968765113708e-05
1,B_svc,2,0.17000702627080863,39,0.1701011310761069,MAP_PMU,49,9.410480529825627e-05
2,UPFC_Vsh,5-15,1.1085663831816652,39,1.1111356553452798,MAP_PMU,49,0.0025692721636145777
3,UPFC_tsh,5-15,-0.241320102540284,39,-0.24128082034855702,MAP_PMU,49,3.928219172696923e-05
4,UPFC_Vse,5-15,0.06272731135799582,39,0.06207548655607561,MAP_PMU,49,0.000651824801920213
5,UPFC_tse,5-15,-2.1923025703470014,39,-2.17964137895095,MAP_PMU,49,0.012661191396051485
0,x_tcsc,1-14,-0.10125530136312273,40,-0.10125275692686818,MAP_PMU,49,2.5444362545534727e-06
1,B_svc,2,0.1695380473053195,40,0.1701011310761069,MAP_PMU,49,0.0005630837707873981
2,UPFC_Vsh,5-15,1.108320254361834,40,1.1111356553452798,MAP_PMU,49,0.0028154009834457927
3,UPFC_tsh,5-15,-0.24134875813993362,40,-0.24128082034855702,MAP_PMU,49,6.793779137659328e-05
4,UPFC_Vse,5-15,0.06252058850387428,40,0.06207548655607561,MAP_PMU,49,0.00044510194779866924
5,UPFC_tse,5-15,-2.1933187232905773,40,-2.17964137895095,MAP_PMU,49,0.013677344339627417
0,x_tcsc,1-14,-0.10125395903150376,41,-0.10125275692686818,MAP_PMU,49,1.2021046355836784e-06
1,B_svc,2,0.17007439178861722,41,0.1701011310761069,MAP_PMU,49,2.6739287489668806e-05
2,UPFC_Vsh,5-15,1.108845367682045,41,1.1111356553452798,MAP_PMU,49,0.0022902876632349134
3,UPFC_tsh,5-15,-0.24128087722882985,41,-0.24128082034855702,MAP_PMU,49,5.688027282513275e-08
4,UPFC_Vse,5-15,0.06286147739279495,41,0.06207548655607561,MAP_PMU,49,0.00078599083671934
5,UPFC_tse,5-15,-2.1925599032803826,41,-2.17964137895095,MAP_PMU,49,0.012918524329432746
0,x_tcsc,1-14,-0.10128056197225356,42,-0.10125275692686818,MAP_PMU,49,2.7805045385381755e-05
1,B_svc,2,0.1699120507518684,42,0.1701011310761069,MAP_PMU,49,0.00018908032423847754
2,UPFC_Vsh,5-15,1.1088991756572053,42,1.1111356553452798,MAP_PMU,49,0.0022364796880744997
3,UPFC_tsh,5-15,-0.24134844401037486,42,-0.24128082034855702,MAP_PMU,49,6.762366181783941e-05
4,UPFC_Vse,5-15,0.06258728484924742,42,0.06207548655607561,MAP_PMU,49,0.0005117982931718071
5,UPFC_tse,5-15,-2.181362467210395,42,-2.17964137895095,MAP_PMU,49,0.0017210882594449473
0,x_tcsc,1-14,-0.10126578009121562,43,-0.10125275692686818,MAP_PMU,49,1.3023164347439331e-05
1,B_svc,2,0.17019611456260547,43,0.1701011310761069,MAP_PMU,49,9.498348649858435e-05
2,UPFC_Vsh,5-15,1.1089255349306975,43,1.1111356553452798,MAP_PMU,49,0.0022101204145823505
3,UPFC_tsh,5-15,-0.24131686248881926,43,-0.24128082034855702,MAP_PMU,49,3.60421402622324e-05
4,UPFC_Vse,5-15,0.06293362904013443,43,0.06207548655607561,MAP_PMU,49,0.00085814248405882
5,UPFC_tse,5-15,-2.193817531711439,43,-2.17964137895095,MAP_PMU,49,0.014176152760489114
0,x_tcsc,1-14,-0.10126575192533235,44,-0.10125275692686818,MAP_PMU,49,1.2994998464174734e-05
1,B_svc,2,0.17052695185585962,44,0.1701011310761069,MAP_PMU,49,0.00042582077975272803
2,UPFC_Vsh,5-15,1.1084171094346287,44,1.1111356553452798,MAP_PMU,49,0.0027185459106511267
3,UPFC_tsh,5-15,-0.2414938889336093,44,-0.24128082034855702,MAP_PMU,49,0.00021306858505226733
4,UPFC_Vse,5-15,0.06388548104044765,44,0.06207548655607561,MAP_PMU,49,0.0018099944843720447
5,UPFC_tse,5-15,-2.2001491573956966,44,-2.17964137895095,MAP_PMU,49,0.020507778444746716
0,x_tcsc,1-14,-0.10126744527372855,45,-0.10125275692686818,MAP_PMU,49,1.468834686037257e-05
1,B_svc,2,0.1702338496524675,45,0.1701011310761069,MAP_PMU,49,0.00013271857636060203
2,UPFC_Vsh,5-15,1.1090558462928224,45,1.1111356553452798,MAP_PMU,49,0.0020798090524574153
3,UPFC_tsh,5-15,-0.24130800922750614,45,-0.24128082034855702,MAP_PMU,49,2.7188878949119255e-05
4,UPFC_Vse,5-15,0.06312243370499573,45,0.06207548655607561,MAP_PMU,49,0.0010469471489201257
5,UPFC_tse,5-15,-2.1909119742629692,45,-2.17964137895095,MAP_PMU,49,0.01127059531201935
0,x_tcsc,1-14,-0.10127217089970346,46,-0.10125275692686818,MAP_PMU,49,1.9413972835280457e-05
1,B_svc,2,0.1698879964518879,46,0.1701011310761069,MAP_PMU,49,0.00021313462421898577
2,UPFC_Vsh,5-15,1.108657323400573,46,1.1111356553452798,MAP_PMU,49,0.002478331944706813
3,UPFC_tsh,5-15,-0.2413024120842232,46,-0.24128082034855702,MAP_PMU,49,2.159173566618211e-05
4,UPFC_Vse,5-15,0.0629670285010825,46,0.06207548655607561,MAP_PMU,49,0.0008915419450068948
5,UPFC_tse,5-15,-2.188064394959019,46,-2.17964137895095,MAP_PMU,49,0.008423016008069162
0,x_tcsc,1-14,-0.10126986420092694,47,-0.10125275692686818,MAP_PMU,49,1.710727405876411e-05
1,B_svc,2,0.1699287302925901,47,0.1701011310761069,MAP_PMU,49,0.00017240078351679622
2,UPFC_Vsh,5-15,1.1087139954228367,47,1.1111356553452798,MAP_PMU,49,0.0024216599224431423
3,UPFC_tsh,5-15,-0.24143865216386523,47,-0.24128082034855702,MAP_PMU,49,0.000157831815308207
4,UPFC_Vse,5-15,0.06293677416091821,47,0.06207548655607561,MAP_PMU,49,0.0008612876048426019
5,UPFC_tse,5-15,-2.191119343626937,47,-2.17964137895095,MAP_PMU,49,0.011477964675987273
0,x_tcsc,1-14,-0.10130052542880759,48,-0.10125275692686818,MAP_PMU,49,4.776850193941029e-05
1,B_svc,2,0.1697732754941425,48,0.1701011310761069,MAP_PMU,49,0.00032785558196438136
2,UPFC_Vsh,5-15,1.109173262516699,48,1.1111356553452798,MAP_PMU,49,0.0019623928285807946
3,UPFC_tsh,5-15,-0.24128523963244014,48,-0.24128082034855702,MAP_PMU,49,4.4192838831169645e-06
4,UPFC_Vse,5-15,0.06242423065241744,48,0.06207548655607561,MAP_PMU,49,0.0003487440963418284
5,UPFC_tse,5-15,-2.19217419140517,48,-2.17964137895095,MAP_PMU,49,0.01253281245422011
0,x_tcsc,1-14,-0.10124731197033662,49,-0.10125275692686818,MAP_PMU,49,5.444956531555634e-06
1,B_svc,2,0.17035550235339234,49,0.1701011310761069,MAP_PMU,49,0.00025437127728544784
2,UPFC_Vsh,5-15,1.10872749749304,49,1.1111356553452798,MAP_PMU,49,0.0024081578522399116
3,UPFC_tsh,5-15,-0.24124426369481283,49,-0.24128082034855702,MAP_PMU,49,3.6556653744190815e-05
4,UPFC_Vse,5-15,0.06235032410554925,49,0.06207548655607561,MAP_PMU,49,0.0002748375494736402
5,UPFC_tse,5-15,-2.1916973134589126,49,-2.17964137895095,MAP_PMU,49,0.012055934507962718
0,x_tcsc,1-14,-0.10126373837737017,50,-0.10125275692686818,MAP_PMU,49,1.0981450501990064e-05
1,B_svc,2,0.16983879988023656,50,0.1701011310761069,MAP_PMU,49,0.0002623311958703245
2,UPFC_Vsh,5-15,1.1086264962270802,50,1.1111356553452798,MAP_PMU,49,0.0025091591181996
3,UPFC_tsh,5-15,-0.2412962295041377,50,-0.24128082034855702,MAP_PMU,49,1.5409155580681233e-05
4,UPFC_Vse,5-15,0.06304577250311762,50,0.06207548655607561,MAP_PMU,49,0.0009702859470420086
5,UPFC_tse,5-15,-2.1946906950114244,50,-2.17964137895095,MAP_PMU,49,0.015049316060474549
0,x_tcsc,1-14,-0.10128297870128969,51,-0.10125275692686818,MAP_PMU,49,3.0221774421509973e-05
1,B_svc,2,0.17014738195879256,51,0.1701011310761069,MAP_PMU,49,4.6250882685672234e-05
2,UPFC_Vsh,5-15,1.1088191290317753,51,1.1111356553452798,MAP_PMU,49,0.002316526313504541
3,UPFC_tsh,5-15,-0.24127686063788173,51,-0.24128082034855702,MAP_PMU,49,3.959710675294215e-06
4,UPFC_Vse,5-15,0.06304401583530586,51,0.06207548655607561,MAP_PMU,49,0.0009685292792302527
5,UPFC_tse,5-15,-2.1970628428671857,51,-2.17964137895095,MAP_PMU,49,0.01742146391623578
0,x_tcsc,1-14,-0.10126955496976146,52,-0.10125275692686818,MAP_PMU,49,1.679804289328457e-05
1,B_svc,2,0.1704218337909387,52,0.1701011310761069,MAP_PMU,49,0.0003207027148318109
2,UPFC_Vsh,5-15,1.1086573871220238,52,1.1111356553452798,MAP_PMU,49,0.0024782682232560305
3,UPFC_tsh,5-15,-0.24126990808874416,52,-0.24128082034855702,MAP_PMU,49,1.0912259812867475e-05
4,UPFC_Vse,5-15,0.06282465533369704,52,0.06207548655607561,MAP_PMU,49,0.000749168777621427
5,UPFC_tse,5-15,-2.18630197703726,52,-2.17964137895095,MAP_PMU,49,0.006660598086309921
0,x_tcsc,1-14,-0.10125585491762704,53,-0.10125275692686818,MAP_PMU,49,3.0979907588574163e-06
1,B_svc,2,0.16990088276376053,53,0.1701011310761069,MAP_PMU,49,0.0002002483123463572
2,UPFC_Vsh,5-15,1.1082132093394703,53,1.1111356553452798,MAP_PMU,49,0.002922446005809487
3,UPFC_tsh,5-15,-0.24150724577955868,53,-0.24128082034855702,MAP_PMU,49,0.00022642543100165335
4,UPFC_Vse,5-15,0.06323649012986104,53,0.06207548655607561,MAP_PMU,49,0.0011610035737854366
5,UPFC_tse,5-15,-2.202926024510268,53,-2.17964137895095,MAP_PMU,49,0.023284645559318307
0,x_tcsc,1-14,-0.10127017219385867,54,-0.10125275692686818,MAP_PMU,49,1.7415266990492007e-05
1,B_svc,2,0.17028946478295495,54,0.1701011310761069,MAP_PMU,49,0.00018833370684806505
2,UPFC_Vsh,5-15,1.1086653057939935,54,1.1111356553452798,MAP_PMU,49,0.0024703495512863327
3,UPFC_tsh,5-15,-0.24138085268485787,54,-0.24128082034855702,MAP_PMU,49,0.00010003233630084818
4,UPFC_Vse,5-15,0.06322596857063305,54,0.06207548655607561,MAP_PMU,49,0.0011504820145574399
5,UPFC_tse,5-15,-2.193018100306347,54,-2.17964137895095,MAP_PMU,49,0.013376721355397247
0,x_tcsc,1-14,-0.10126909026703312,55,-0.10125275692686818,MAP_PMU,49,1.6333340164945143e-05
1,B_svc,2,0.1705428243251,55,0.1701011310761069,MAP_PMU,49,0.0004416932489931247
2,UPFC_Vsh,5-15,1.1088241677987016,55,1.1111356553452798,MAP_PMU,49,0.0023114875465781726
3,UPFC_tsh,5-15,-0.2413737019921908,55,-0.24128082034855702,MAP_PMU,49,9.288164363377427e-05
4,UPFC_Vse,5-15,0.06320093979344206,55,0.06207548655607561,MAP_PMU,49,0.0011254532373664514
5,UPFC_tse,5-15,-2.1927877631910966,55,-2.17964137895095,MAP_PMU,49,0.013146384240146691
0,x_tcsc,1-14,-0.10129954867344504,56,-0.10125275692686818,MAP_PMU,49,4.679174657686025e-05
1,B_svc,2,0.17045917732570673,56,0.1701011310761069,MAP_PMU,49,0.00035804624959984155
2,UPFC_Vsh,5-15,1.1084373003412709,56,1.1111356553452798,MAP_PMU,49,0.0026983550040089455
3,UPFC_tsh,5-15,-0.2414159966657374,56,-0.24128082034855702,MAP_PMU,49,0.00013517631718037992
4,UPFC_Vse,5-15,0.0627324531387256,56,0.06207548655607561,MAP_PMU,49,0.0006569665826499857
5,UPFC_tse,5-15,-2.1897971295017578,56,-2.17964137895095,MAP_PMU,49,0.010155750550807863
0,x_tcsc,1-14,-0.10126008480715232,57,-0.10125275692686818,MAP_PMU,49,7.327880284138666e-06
1,B_svc,2,0.17021136257232405,57,0.1701011310761069,MAP_PMU,49,0.00011023149621716688
2,UPFC_Vsh,5-15,1.1086884097478058,57,1.1111356553452798,MAP_PMU,49,0.0024472455974740015
3,UPFC_tsh,5-15,-0.24128064155533466,57,-0.24128082034855702,MAP_PMU,49,1.7879322236624695e-07
4,UPFC_Vse,5-15,0.06243796665961707,57,0.06207548655607561,MAP_PMU,49,0.0003624801035414585
5,UPFC_tse,5-15,-2.187944207278702,57,-2.17964137895095,MAP_PMU,49,0.008302828327752199
0,x_tcsc,1-14,-0.10129417756875254,58,-0.10125275692686818,MAP_PMU,49,4.142064188436545e-05
1,B_svc,2,0.1699669191728411,58,0.1701011310761069,MAP_PMU,49,0.0001342119032657907
2,UPFC_Vsh,5-15,1.1088018847237777,58,1.1111356553452798,MAP_PMU,49,0.002333770621502085
3,UPFC_tsh,5-15,-0.2413097951846067,58,-0.24128082034855702,MAP_PMU,49,2.8974836049688868e-05
4,UPFC_Vse,5-15,0.06272267194037508,58,0.06207548655607561,MAP_PMU,49,0.0006471853842994688
5,UPFC_tse,5-15,-2.1871410880885507,58,-2.17964137895095,MAP_PMU,49,0.007499709137600785
0,x_tcsc,1-14,-0.10129102682402367,59,-0.10125275692686818,MAP_PMU,49,3.8269897155496224e-05
1,B_svc,2,0.169928767739562,59,0.1701011310761069,MAP_PMU,49,0.000172363336544884
2,UPFC_Vsh,5-15,1.108599450881669,59,1.1111356553452798,MAP_PMU,49,0.0025362044636108028
3,UPFC_tsh,5-15,-0.24139179915282843,59,-0.24128082034855702,MAP_PMU,49,0.00011097880427141105
4,UPFC_Vse,5-15,0.06288948050004257,59,0.06207548655607561,MAP_PMU,49,0.0008139939439669661
5,UPFC_tse,5-15,-2.194034448219232,59,-2.17964137895095,MAP_PMU,49,0.014393069268282321
0,x_tcsc,1-14,-0.1012587688573009,60,-0.10125275692686818,MAP_PMU,49,6.011930432717194e-06
1,B_svc,2,0.17058340677960848,60,0.1701011310761069,MAP_PMU,49,0.00048227570350159454
2,UPFC_Vsh,5-15,1.108671584855305,60,1.1111356553452798,MAP_PMU,49,0.002464070489974768
3,UPFC_tsh,5-15,-0.2413444259369106,60,-0.24128082034855702,MAP_PMU,49,6.360558835358243e-05
4,UPFC_Vse,5-15,0.06244904907029363,60,0.06207548655607561,MAP_PMU,49,0.0003735625142180232
5,UPFC_tse,5-15,-2.190609701160576,60,-2.17964137895095,MAP_PMU,49,0.01096832220962618
0,x_tcsc,1-14,-0.10128514387877992,61,-0.10125275692686818,MAP_PMU,49,3.238695191173924e-05
1,B_svc,2,0.17006180229521714,61,0.1701011310761069,MAP_PMU,49,3.9328780889746895e-05
2,UPFC_Vsh,5-15,1.108455119580956,61,1.1111356553452798,MAP_PMU,49,0.0026805357643238104
3,UPFC_tsh,5-15,-0.24131659962074425,61,-0.24128082034855702,MAP_PMU,49,3.577927218723076e-05
4,UPFC_Vse,5-15,0.06304396543321965,61,0.06207548655607561,MAP_PMU,49,0.0009684788771440397
5,UPFC_tse,5-15,-2.1947218489522093,61,-2.17964137895095,MAP_PMU,49,0.01508047000125945
0,x_tcsc,1-14,-0.10126383676906575,62,-0.10125275692686818,MAP_PMU,49,1.1079842197572742e-05
1,B_svc,2,0.16964870456773776,62,0.1701011310761069,MAP_PMU,49,0.00045242650836913034
2,UPFC_Vsh,5-15,1.1089861148102886,62,1.1111356553452798,MAP_PMU,49,0.002149540534991168
3,UPFC_tsh,5-15,-0.24125478660519156,62,-0.24128082034855702,MAP_PMU,49,2.603374336546116e-05
4,UPFC_Vse,5-15,0.062363078961703365,62,0.06207548655607561,MAP_PMU,49,0.0002875924056277568
5,UPFC_tse,5-15,-2.1898132872682763,62,-2.17964137895095,MAP_PMU,49,0.010171908317326395
0,x_tcsc,1-14,-0.10126507466706673,63,-0.10125275692686818,MAP_PMU,49,1.2317740198553029e-05
1,B_svc,2,0.1699064439797317,63,0.1701011310761069,MAP_PMU,49,0.00019468709637518455
2,UPFC_Vsh,5-15,1.1088363053963974,63,1.1111356553452798,MAP_PMU,49,0.0022993499488823677
3,UPFC_tsh,5-15,-0.24134571219264825,63,-0.24128082034855702,MAP_PMU,49,6.489184409122495e-05
4,UPFC_Vse,5-15,0.0624017663277321,63,0.06207548655607561,MAP_PMU,49,0.0003262797716564944
5,UPFC_tse,5-15,-2.1929574747319394,63,-2.17964137895095,MAP_PMU,49,0.013316095780989468
0,x_tcsc,1-14,-0.1012424113861999,64,-0.10125275692686818,MAP_PMU,49,1.034554066828286e-05
1,B_svc,2,0.17009400810166872,64,0.1701011310761069,MAP_PMU,49,7.12297443816734e-06
2,UPFC_Vsh,5-15,1.1084678797602165,64,1.1111356553452798,MAP_PMU,49,0.002667775585063259
3,UPFC_tsh,5-15,-0.24130580942994798,64,-0.24128082034855702,MAP_PMU,49,2.4989081390952572e-05
4,UPFC_Vse,5-15,0.06272061724765604,64,0.06207548655607561,MAP_PMU,49,0.0006451306915804325
5,UPFC_tse,5-15,-2.187578327226083,64,-2.17964137895095,MAP_PMU,49,0.007936948275133027
0,x_tcsc,1-14,-0.1012680821804061,65,-0.10125275692686818,MAP_PMU,49,1.5325253537923356e-05
1,B_svc,2,0.17042383824218507,65,0.1701011310761069,MAP_PMU,49,0.0003227071660781844
2,UPFC_Vsh,5-15,1.1089457510840124,65,1.1111356553452798,MAP_PMU,49,0.002189904261267417
3,UPFC_tsh,5-15,-0.24126084102077597,65,-0.24128082034855702,MAP_PMU,49,1.99793277810556e-05
4,UPFC_Vse,5-15,0.06258423638395146,65,0.06207548655607561,MAP_PMU,49,0.000508749827875847
5,UPFC_tse,5-15,-2.1956848448017903,65,-2.17964137895095,MAP_PMU,49,0.016043465850840377
0,x_tcsc,1-14,-0.10127675908845277,66,-0.10125275692686818,MAP_PMU,49,2.4002161584588122e-05
1,B_svc,2,0.17016088422883757,66,0.1701011310761069,MAP_PMU,49,5.975315273068493e-05
2,UPFC_Vsh,5-15,1.1085362512185564,66,1.1111356553452798,MAP_PMU,49,0.002599404126723437
3,UPFC_tsh,5-15,-0.24127472175529022,66,-0.24128082034855702,MAP_PMU,49,6.098593266806729e-06
4,UPFC_Vse,5-15,0.06288167128390885,66,0.06207548655607561,MAP_PMU,49,0.0008061847278332465
5,UPFC_tse,5-15,-2.186193232334258,66,-2.17964137895095,MAP_PMU,49,0.006551853383307993
0,x_tcsc,1-14,-0.10125685083600812,67,-0.10125275692686818,MAP_PMU,49,4.093909139940566e-06
1,B_svc,2,0.17031640889225697,67,0.1701011310761069,MAP_PMU,49,0.0002152778161500779
2,UPFC_Vsh,5-15,1.1085258322300553,67,1.1111356553452798,MAP_PMU,49,0.0026098231152245077
3,UPFC_tsh,5-15,-0.2414517659213068,67,-0.24128082034855702,MAP_PMU,49,0.00017094557274976996
4,UPFC_Vse,5-15,0.06317022834018961,67,0.06207548655607561,MAP_PMU,49,0.0010947417841139992
5,UPFC_tse,5-15,-2.1942524695746166,67,-2.17964137895095,MAP_PMU,49,0.014611090623666723
0,x_tcsc,1-14,-0.10124835987826712,68,-0.10125275692686818,MAP_PMU,49,4.397048601056941e-06
1,B_svc,2,0.1702997014375572,68,0.1701011310761069,MAP_PMU,49,0.00019857036145032314
2,UPFC_Vsh,5-15,1.1084296096586854,68,1.1111356553452798,MAP_PMU,49,0.0027060456865943827
3,UPFC_tsh,5-15,-0.24135375432654949,68,-0.24128082034855702,MAP_PMU,49,7.293397799246204e-05
4,UPFC_Vse,5-15,0.06239573409242473,68,0.06207548655607561,MAP_PMU,49,0.00032024753634912057
5,UPFC_tse,5-15,-2.19294907750251,68,-2.17964137895095,MAP_PMU,49,0.013307698551559888
0,x_tcsc,1-14,-0.1012748729223731,69,-0.10125275692686818,MAP_PMU,49,2.2115995504917718e-05
1,B_svc,2,0.16983164685542593,69,0.1701011310761069,MAP_PMU,49,0.00026948422068096
2,UPFC_Vsh,5-15,1.1084390627085654,69,1.1111356553452798,MAP_PMU,49,0.002696592636714401
3,UPFC_tsh,5-15,-0.24126633096776695,69,-0.24128082034855702,MAP_PMU,49,1.4489380790072559e-05
4,UPFC_Vse,5-15,0.06224744267055574,69,0.06207548655607561,MAP_PMU,49,0.0001719561144801346
5,UPFC_tse,5-15,-2.200599424953839,69,-2.17964137895095,MAP_PMU,49,0.020958046002889308
0,x_tcsc,1-14,-0.10123688720917483,70,-0.10125275692686818,MAP_PMU,49,1.5869717693350882e-05
1,B_svc,2,0.16970664892211246,70,0.1701011310761069,MAP_PMU,49,0.0003944821539944299
2,UPFC_Vsh,5-15,1.1087363167638153,70,1.1111356553452798,MAP_PMU,49,0.0023993385814644608
3,UPFC_tsh,5-15,-0.24132284417150082,70,-0.24128082034855702,MAP_PMU,49,4.202382294379858e-05
4,UPFC_Vse,5-15,0.062380277709642856,70,0.06207548655607561,MAP_PMU,49,0.0003047911535672479
5,UPFC_tse,5-15,-2.183005141127062,70,-2.17964137895095,MAP_PMU,49,0.0033637621761122283
0,x_tcsc,1-14,-0.10127855732484319,71,-0.10125275692686818,MAP_PMU,49,2.580039797500655e-05
1,B_svc,2,0.17022054784590646,71,0.1701011310761069,MAP_PMU,49,0.0001194167697995685
2,UPFC_Vsh,5-15,1.1090774659529905,71,1.1111356553452798,MAP_PMU,49,0.0020581893922893
3,UPFC_tsh,5-15,-0.24130334885335114,71,-0.24128082034855702,MAP_PMU,49,2.2528504794117055e-05
4,UPFC_Vse,5-15,0.06310972330492981,71,0.06207548655607561,MAP_PMU,49,0.0010342367488542017
5,UPFC_tse,5-15,-2.187951534057901,71,-2.17964137895095,MAP_PMU,49,0.0083101551069511
0,x_tcsc,1-14,-0.10126330058635706,72,-0.10125275692686818,MAP_PMU,49,1.0543659488881918e-05
1,B_svc,2,0.16973256630366437,72,0.1701011310761069,MAP_PMU,49,0.0003685647724425145
2,UPFC_Vsh,5-15,1.1085810331673094,72,1.1111356553452798,MAP_PMU,49,0.0025546221779704226
3,UPFC_tsh,5-15,-0.2413005841848092,72,-0.24128082034855702,MAP_PMU,49,1.9763836252184586e-05
4,UPFC_Vse,5-15,0.06243699752776021,72,0.06207548655607561,MAP_PMU,49,0.0003615109716846032
5,UPFC_tse,5-15,-2.181535980354079,72,-2.17964137895095,MAP_PMU,49,0.001894601403129137
0,x_tcsc,1-14,-0.1012708204566323,73,-0.10125275692686818,MAP_PMU,49,1.806352976412018e-05
1,B_svc,2,0.17043801496261632,73,0.1701011310761069,MAP_PMU,49,0.00033688388650943146
2,UPFC_Vsh,5-15,1.1086815598839979,73,1.1111356553452798,MAP_PMU,49,0.0024540954612819466
3,UPFC_tsh,5-15,-0.2413473170434863,73,-0.24128082034855702,MAP_PMU,49,6.649669492928001e-05
4,UPFC_Vse,5-15,0.06303326329771237,73,0.06207548655607561,MAP_PMU,49,0.0009577767416367663
5,UPFC_tse,5-15,-2.193071916494001,73,-2.17964137895095,MAP_PMU,49,0.013430537543051013
0,x_tcsc,1-14,-0.10129946153631499,74,-0.10125275692686818,MAP_PMU,49,4.67046094468071e-05
1,B_svc,2,0.1702966744064786,74,0.1701011310761069,MAP_PMU,49,0.00019554333037172245
2,UPFC_Vsh,5-15,1.1087982753272028,74,1.1111356553452798,MAP_PMU,49,0.00233738001807704
3,UPFC_tsh,5-15,-0.24127778060743602,74,-0.24128082034855702,MAP_PMU,49,3.0397411210081327e-06
4,UPFC_Vse,5-15,0.06254786627236229,74,0.06207548655607561,MAP_PMU,49,0.0004723797162866847
5,UPFC_tse,5-15,-2.197210178946745,74,-2.17964137895095,MAP_PMU,49,0.017568799995795192
0,x_tcsc,1-14,-0.10126648605352641,75,-0.10125275692686818,MAP_PMU,49,1.3729126658229562e-05
1,B_svc,2,0.17033238916810053,75,0.1701011310761069,MAP_PMU,49,0.00023125809199364689
2,UPFC_Vsh,5-15,1.1086604575000703,75,1.1111356553452798,MAP_PMU,49,0.0024751978452095535
3,UPFC_tsh,5-15,-0.24130400725079437,75,-0.24128082034855702,MAP_PMU,49,2.318690223734876e-05
4,UPFC_Vse,5-15,0.06276703326240575,75,0.06207548655607561,MAP_PMU,49,0.0006915467063301414
5,UPFC_tse,5-15,-2.192625881636636,75,-2.17964137895095,MAP_PMU,49,0.012984502685686294
0,x_tcsc,1-14,-0.1012368320109169,76,-0.10125275692686818,MAP_PMU,49,1.5924915951273655e-05
1,B_svc,2,0.1708466991575851,76,0.1701011310761069,MAP_PMU,49,0.0007455680814782151
2,UPFC_Vsh,5-15,1.1087928081454006,76,1.1111356553452798,MAP_PMU,49,0.0023428471998792055
3,UPFC_tsh,5-15,-0.2413473370563892,76,-0.24128082034855702,MAP_PMU,49,6.651670783217045e-05
4,UPFC_Vse,5-15,0.06268559142488145,76,0.06207548655607561,MAP_PMU,49,0.00061010486880584
5,UPFC_tse,5-15,-2.1947870042733917,76,-2.17964137895095,MAP_PMU,49,0.015145625322441791
0,x_tcsc,1-14,-0.10127553839336587,77,-0.10125275692686818,MAP_PMU,49,2.2781466497687197e-05
1,B_svc,2,0.16977492001048686,77,0.1701011310761069,MAP_PMU,49,0.0003262110656200301
2,UPFC_Vsh,5-15,1.10893026653826,77,1.1111356553452798,MAP_PMU,49,0.0022053888070197036
3,UPFC_tsh,5-15,-0.24124279791525044,77,-0.24128082034855702,MAP_PMU,49,3.8022433306583725e-05
4,UPFC_Vse,5-15,0.06308270446568459,77,0.06207548655607561,MAP_PMU,49,0.0010072179096089831
5,UPFC_tse,5-15,-2.1872577293653914,77,-2.17964137895095,MAP_PMU,49,0.007616350414441531
0,x_tcsc,1-14,-0.10124726189052465,78,-0.10125275692686818,MAP_PMU,49,5.495036343533544e-06
1,B_svc,2,0.16974275859040155,78,0.1701011310761069,MAP_PMU,49,0.00035837248570533276
2,UPFC_Vsh,5-15,1.108978787954326,78,1.1111356553452798,MAP_PMU,49,0.002156867390953776
3,UPFC_tsh,5-15,-0.24133788734749806,78,-0.24128082034855702,MAP_PMU,49,5.706699894103551e-05
4,UPFC_Vse,5-15,0.0630061858878782,78,0.06207548655607561,MAP_PMU,49,0.0009306993318025855
5,UPFC_tse,5-15,-2.1909940957510274,78,-2.17964137895095,MAP_PMU,49,0.011352716800077545
0,x_tcsc,1-14,-0.10125304294998479,79,-0.10125275692686818,MAP_PMU,49,2.8602311660796964e-07
1,B_svc,2,0.17036662299944982,79,0.1701011310761069,MAP_PMU,49,0.0002654919233429365
2,UPFC_Vsh,5-15,1.108844637730317,79,1.1111356553452798,MAP_PMU,49,0.0022910176149628647
3,UPFC_tsh,5-15,-0.2412865684177721,79,-0.24128082034855702,MAP_PMU,49,5.748069215077978e-06
4,UPFC_Vse,5-15,0.06217990764237103,79,0.06207548655607561,MAP_PMU,49,0.00010442108629542257
5,UPFC_tse,5-15,-2.1856939323225912,79,-2.17964137895095,MAP_PMU,49,0.006052553371641345
0,x_tcsc,1-14,-0.10126730393713818,80,-0.10125275692686818,MAP_PMU,49,1.454701026999683e-05
1,B_svc,2,0.1705759416115064,80,0.1701011310761069,MAP_PMU,49,0.00047481053539952245
2,UPFC_Vsh,5-15,1.1086515287936825,80,1.1111356553452798,MAP_PMU,49,0.0024841265515973543
3,UPFC_tsh,5-15,-0.241370749315545,80,-0.24128082034855702,MAP_PMU,49,8.992896698797881e-05
4,UPFC_Vse,5-15,0.06289892437890986,80,0.06207548655607561,MAP_PMU,49,0.0008234378228342484
5,UPFC_tse,5-15,-2.1992390284547425,80,-2.17964137895095,MAP_PMU,49,0.019597649503792614
0,x_tcsc,1-14,-0.10123812973734057,81,-0.10125275692686818,MAP_PMU,49,1.4627189527605111e-05
1,B_svc,2,0.1701078480782723,81,0.1701011310761069,MAP_PMU,49,6.717002165423924e-06
2,UPFC_Vsh,5-15,1.1085923147702081,81,1.1111356553452798,MAP_PMU,49,0.002543340575071662
3,UPFC_tsh,5-15,-0.24129262721973926,81,-0.24128082034855702,MAP_PMU,49,1.1806871182240553e-05
4,UPFC_Vse,5-15,0.062456443872932504,81,0.06207548655607561,MAP_PMU,49,0.0003809573168568961
5,UPFC_tse,5-15,-2.1990953397561315,81,-2.17964137895095,MAP_PMU,49,0.01945396080518158
0,x_tcsc,1-14,-0.10127619398318007,82,-0.10125275692686818,MAP_PMU,49,2.343705631188686e-05
1,B_svc,2,0.17034187607840257,82,0.1701011310761069,MAP_PMU,49,0.00024074500229567808
2,UPFC_Vsh,5-15,1.10913812609038,82,1.1111356553452798,MAP_PMU,49,0.0019975292548997103
3,UPFC_tsh,5-15,-0.24131001063874435,82,-0.24128082034855702,MAP_PMU,49,2.919029018733088e-05
4,UPFC_Vse,5-15,0.06310444599005013,82,0.06207548655607561,MAP_PMU,49,0.0010289594339745259
5,UPFC_tse,5-15,-2.1856414865876728,82,-2.17964137895095,MAP_PMU,49,0.006000107636722873
0,x_tcsc,1-14,-0.10126708096725724,83,-0.10125275692686818,MAP_PMU,49,1.4324040389063208e-05
1,B_svc,2,0.1705898346638241,83,0.1701011310761069,MAP_PMU,49,0.0004887035877172152
2,UPFC_Vsh,5-15,1.10896064951309,83,1.1111356553452798,MAP_PMU,49,0.00217500583218988
3,UPFC_tsh,5-15,-0.24133646404109685,83,-0.24128082034855702,MAP_PMU,49,5.564369253982515e-05
4,UPFC_Vse,5-15,0.0626930559089189,83,0.06207548655607561,MAP_PMU,49,0.0006175693528432877
5,UPFC_tse,5-15,-2.1945329000948224,83,-2.17964137895095,MAP_PMU,49,0.014891521143872488
0,x_tcsc,1-14,-0.10125822667569745,84,-0.10125275692686818,MAP_PMU,49,5.469748829270427e-06
1,B_svc,2,0.17000358298091808,84,0.1701011310761069,MAP_PMU,49,9.754809518880414e-05
2,UPFC_Vsh,5-15,1.1086175809880867,84,1.1111356553452798,MAP_PMU,49,0.0025180743571930897
3,UPFC_tsh,5-15,-0.2412500226937951,84,-0.24128082034855702,MAP_PMU,49,3.079765476191043e-05
4,UPFC_Vse,5-15,0.06282853082881834,84,0.06207548655607561,MAP_PMU,49,0.0007530442727427325
5,UPFC_tse,5-15,-2.189810504439095,84,-2.17964137895095,MAP_PMU,49,0.010169125488145081
0,x_tcsc,1-14,-0.10123911189212016,85,-0.10125275692686818,MAP_PMU,49,1.3645034748016593e-05
1,B_svc,2,0.17029371959198913,85,0.1701011310761069,MAP_PMU,49,0.00019258851588224712
2,UPFC_Vsh,5-15,1.108872606028617,85,1.1111356553452798,MAP_PMU,49,0.0022630493166628796
3,UPFC_tsh,5-15,-0.2413387507827306,85,-0.24128082034855702,MAP_PMU,49,5.79304341735698e-05
4,UPFC_Vse,5-15,0.06232595837858787,85,0.06207548655607561,MAP_PMU,49,0.0002504718225122618
5,UPFC_tse,5-15,-2.1872657904877446,85,-2.17964137895095,MAP_PMU,49,0.007624411536794717
0,x_tcsc,1-14,-0.10126513955766232,86,-0.10125275692686818,MAP_PMU,49,1.2382630794144367e-05
1,B_svc,2,0.17045758521082263,86,0.1701011310761069,MAP_PMU,49,0.0003564541347157446
2,UPFC_Vsh,5-15,1.108965797667703,86,1.1111356553452798,MAP_PMU,49,0.0021698576775768252
3,UPFC_tsh,5-15,-0.24124111745702476,86,-0.24128082034855702,MAP_PMU,49,3.970289153226725e-05
4,UPFC_Vse,5-15,0.06232563394271957,86,0.06207548655607561,MAP_PMU,49,0.0002501473866439591
5,UPFC_tse,5-15,-2.186662072110928,86,-2.17964137895095,MAP_PMU,49,0.007020693159978109
0,x_tcsc,1-14,-0.10125044749468826,87,-0.10125275692686818,MAP_PMU,49,2.3094321799227435e-06
1,B_svc,2,0.170097278912856,87,0.1701011310761069,MAP_PMU,49,3.852163250883667e-06
2,UPFC_Vsh,5-15,1.1089513988240864,87,1.1111356553452798,MAP_PMU,49,0.0021842565211933618
3,UPFC_tsh,5-15,-0.24133197738464782,87,-0.24128082034855702,MAP_PMU,49,5.115703609079314e-05
4,UPFC_Vse,5-15,0.06286997205648959,87,0.06207548655607561,MAP_PMU,49,0.0007944855004139786
5,UPFC_tse,5-15,-2.1921305652627887,87,-2.17964137895095,MAP_PMU,49,0.012489186311838818
0,x_tcsc,1-14,-0.1012748900716856,88,-0.10125275692686818,MAP_PMU,49,2.2133144817415573e-05
1,B_svc,2,0.1704191702673145,88,0.1701011310761069,MAP_PMU,49,0.00031803919120762525
2,UPFC_Vsh,5-15,1.108785853459082,88,1.1111356553452798,MAP_PMU,49,0.002349801886197822
3,UPFC_tsh,5-15,-0.24131560063651036,88,-0.24128082034855702,MAP_PMU,49,3.478028795333987e-05
4,UPFC_Vse,5-15,0.062199929820561266,88,0.06207548655607561,MAP_PMU,49,0.00012444326448565746
5,UPFC_tse,5-15,-2.188059439926144,88,-2.17964137895095,MAP_PMU,49,0.008418060975194042
0,x_tcsc,1-14,-0.10126071422590031,89,-0.10125275692686818,MAP_PMU,49,7.957299032135268e-06
1,B_svc,2,0.17008584071394137,89,0.1701011310761069,MAP_PMU,49,1.5290362165520932e-05
2,UPFC_Vsh,5-15,1.108368091888313,89,1.1111356553452798,MAP_PMU,49,0.002767563456966826
3,UPFC_tsh,5-15,-0.24135067490779913,89,-0.24128082034855702,MAP_PMU,49,6.985455924210515e-05
4,UPFC_Vse,5-15,0.06252231773396641,89,0.06207548655607561,MAP_PMU,49,0.000446831177890801
5,UPFC_tse,5-15,-2.1960028526868007,89,-2.17964137895095,MAP_PMU,49,0.01636147373585084
0,x_tcsc,1-14,-0.10125583590364308,90,-0.10125275692686818,MAP_PMU,49,3.0789767749006547e-06
1,B_svc,2,0.1700533949504691,90,0.1701011310761069,MAP_PMU,49,4.773612563779839e-05
2,UPFC_Vsh,5-15,1.108607730780004,90,1.1111356553452798,MAP_PMU,49,0.002527924565275841
3,UPFC_tsh,5-15,-0.24130600925742127,90,-0.24128082034855702,MAP_PMU,49,2.5188908864243187e-05
4,UPFC_Vse,5-15,0.06272799412924518,90,0.06207548655607561,MAP_PMU,49,0.0006525075731695709
5,UPFC_tse,5-15,-2.1859677068009353,90,-2.17964137895095,MAP_PMU,49,0.006326327849985436
0,x_tcsc,1-14,-0.10127466123322404,91,-0.10125275692686818,MAP_PMU,49,2.1904306355860492e-05
1,B_svc,2,0.1705281006168144,91,0.1701011310761069,MAP_PMU,49,0.0004269695407075058
2,UPFC_Vsh,5-15,1.1088539761868783,91,1.1111356553452798,MAP_PMU,49,0.002281679158401495
3,UPFC_tsh,5-15,-0.24134467035935256,91,-0.24128082034855702,MAP_PMU,49,6.385001079553532e-05
4,UPFC_Vse,5-15,0.06273631039799372,91,0.06207548655607561,MAP_PMU,49,0.0006608238419181164
5,UPFC_tse,5-15,-2.1896639764782684,91,-2.17964137895095,MAP_PMU,49,0.010022597527318489
0,x_tcsc,1-14,-0.10129046520848668,92,-0.10125275692686818,MAP_PMU,49,3.77082816185037e-05
1,B_svc,2,0.17022661237159234,92,0.1701011310761069,MAP_PMU,49,0.00012548129548545228
2,UPFC_Vsh,5-15,1.1088433377589315,92,1.1111356553452798,MAP_PMU,49,0.0022923175863482914
3,UPFC_tsh,5-15,-0.2412877404933222,92,-0.24128082034855702,MAP_PMU,49,6.92014476516567e-06
4,UPFC_Vse,5-15,0.06289541091102942,92,0.06207548655607561,MAP_PMU,49,0.000819924354953809
5,UPFC_tse,5-15,-2.1851923401453206,92,-2.17964137895095,MAP_PMU,49,0.005550961194370707
0,x_tcsc,1-14,-0.10127859020910851,93,-0.10125275692686818,MAP_PMU,49,2.5833282240331212e-05
1,B_svc,2,0.16965156241909432,93,0.1701011310761069,MAP_PMU,49,0.00044956865701256676
2,UPFC_Vsh,5-15,1.1086900999256675,93,1.1111356553452798,MAP_PMU,49,0.002445555419612333
3,UPFC_tsh,5-15,-0.2413036287134407,93,-0.24128082034855702,MAP_PMU,49,2.2808364883664112e-05
4,UPFC_Vse,5-15,0.06255796914289108,93,0.06207548655607561,MAP_PMU,49,0.00048248258681547057
5,UPFC_tse,5-15,-2.194768275157941,93,-2.17964137895095,MAP_PMU,49,0.015126896206991258
0,x_tcsc,1-14,-0.10125659483278897,94,-0.10125275692686818,MAP_PMU,49,3.837905920789364e-06
1,B_svc,2,0.1702140195411804,94,0.1701011310761069,MAP_PMU,49,0.00011288846507351291
2,UPFC_Vsh,5-15,1.108821276626224,94,1.1111356553452798,MAP_PMU,49,0.0023143787190558207
3,UPFC_tsh,5-15,-0.2413595846942311,94,-0.24128082034855702,MAP_PMU,49,7.876434567408164e-05
4,UPFC_Vse,5-15,0.06274296361574791,94,0.06207548655607561,MAP_PMU,49,0.0006674770596723015
5,UPFC_tse,5-15,-2.1913507054715167,94,-2.17964137895095,MAP_PMU,49,0.011709326520566776
0,x_tcsc,1-14,-0.10126915961845073,95,-0.10125275692686818,MAP_PMU,49,1.6402691582553808e-05
1,B_svc,2,0.17031463413335654,95,0.1701011310761069,MAP_PMU,49,0.00021350305724965324
2,UPFC_Vsh,5-15,1.1085692703156844,95,1.1111356553452798,MAP_PMU,49,0.002566385029595386
3,UPFC_tsh,5-15,-0.2413123565308374,95,-0.24128082034855702,MAP_PMU,49,3.1536182280383906e-05
4,UPFC_Vse,5-15,0.06303811799138075,95,0.06207548655607561,MAP_PMU,49,0.0009626314353051377
5,UPFC_tse,5-15,-2.202178053808016,95,-2.17964137895095,MAP_PMU,49,0.022536674857065897
0,x_tcsc,1-14,-0.10125717386391941,96,-0.10125275692686818,MAP_PMU,49,4.416937051235359e-06
1,B_svc,2,0.17013660528093108,96,0.1701011310761069,MAP_PMU,49,3.5474204824192945e-05
2,UPFC_Vsh,5-15,1.1085571338299087,96,1.1111356553452798,MAP_PMU,49,0.0025785215153710794
3,UPFC_tsh,5-15,-0.24139784169837802,96,-0.24128082034855702,MAP_PMU,49,0.00011702134982100043
4,UPFC_Vse,5-15,0.06304259937142556,96,0.06207548655607561,MAP_PMU,49,0.0009671128153499534
5,UPFC_tse,5-15,-2.1965704066257925,96,-2.17964137895095,MAP_PMU,49,0.01692902767484261
0,x_tcsc,1-14,-0.10126908137797469,97,-0.10125275692686818,MAP_PMU,49,1.6324451106511373e-05
1,B_svc,2,0.17028971781764216,97,0.1701011310761069,MAP_PMU,49,0.00018858674153526822
2,UPFC_Vsh,5-15,1.1087695833414002,97,1.1111356553452798,MAP_PMU,49,0.0023660720038796157
3,UPFC_tsh,5-15,-0.24130017966008946,97,-0.24128082034855702,MAP_PMU,49,1.9359311532435308e-05
4,UPFC_Vse,5-15,0.06335965439012738,97,0.06207548655607561,MAP_PMU,49,0.0012841678340517679
5,UPFC_tse,5-15,-2.1906672351042635,97,-2.17964137895095,MAP_PMU,49,0.01102585615331364
0,x_tcsc,1-14,-0.10129804474409822,98,-0.10125275692686818,MAP_PMU,49,4.528781723003861e-05
1,B_svc,2,0.17036079683902278,98,0.1701011310761069,MAP_PMU,49,0.0002596657629158894
2,UPFC_Vsh,5-15,1.1090956525138003,98,1.1111356553452798,MAP_PMU,49,0.002040002831479537
3,UPFC_tsh,5-15,-0.24129662026303617,98,-0.24128082034855702,MAP_PMU,49,1.5799914479142085e-05
4,UPFC_Vse,5-15,0.0626387374033416,98,0.06207548655607561,MAP_PMU,49,0.0005632508472659878
5,UPFC_tse,5-15,-2.1915489538066475,98,-2.17964137895095,MAP_PMU,49,0.0119075748556976
0,x_tcsc,1-14,-0.10126220730134285,99,-0.10125275692686818,MAP_PMU,49,9.450374474667678e-06
1,B_svc,2,0.17034622414008008,99,0.1701011310761069,MAP_PMU,49,0.00024509306397318964
2,UPFC_Vsh,5-15,1.108668127421577,99,1.1111356553452798,MAP_PMU,49,0.0024675279237027503
3,UPFC_tsh,5-15,-0.24123831385446012,99,-0.24128082034855702,MAP_PMU,49,4.2506494096899994e-05
4,UPFC_Vse,5-15,0.062428562307845076,99,0.06207548655607561,MAP_PMU,49,0.00035307575176946743
5,UPFC_tse,5-15,-2.187483190549221,99,-2.17964137895095,MAP_PMU,49,0.007841811598271242
0,x_tcsc,1-14,-0.09851652519090928,0,-0.09843835549311188,MAP_PMU,51,7.816969779740612e-05
1,B_svc,2,0.16743532398213032,0,0.16775472795433324,MAP_PMU,51,0.00031940397220292516
2,UPFC_Vsh,5-15,1.1086585816414443,0,1.1134707363951042,MAP_PMU,51,0.004812154753659925
3,UPFC_tsh,5-15,-0.24472494225333838,0,-0.24468702897118194,MAP_PMU,51,3.791328215643763e-05
4,UPFC_Vse,5-15,0.06233554892174205,0,0.06108764641857782,MAP_PMU,51,0.0012479025031642277
5,UPFC_tse,5-15,-2.196328184586408,0,-2.173900401794008,MAP_PMU,51,0.022427782792400208
0,x_tcsc,1-14,-0.09855208533658427,1,-0.09843835549311188,MAP_PMU,51,0.00011372984347239601
1,B_svc,2,0.1675621466506843,1,0.16775472795433324,MAP_PMU,51,0.00019258130364893655
2,UPFC_Vsh,5-15,1.1087185796752819,1,1.1134707363951042,MAP_PMU,51,0.00475215671982232
3,UPFC_tsh,5-15,-0.24471002195607738,1,-0.24468702897118194,MAP_PMU,51,2.2992984895442437e-05
4,UPFC_Vse,5-15,0.0626037175074098,1,0.06108764641857782,MAP_PMU,51,0.0015160710888319773
5,UPFC_tse,5-15,-2.1848369411280077,1,-2.173900401794008,MAP_PMU,51,0.01093653933399974
0,x_tcsc,1-14,-0.09852361424006982,2,-0.09843835549311188,MAP_PMU,51,8.525874695794466e-05
1,B_svc,2,0.1677907898045936,2,0.16775472795433324,MAP_PMU,51,3.606185026036601e-05
2,UPFC_Vsh,5-15,1.108804652913149,2,1.1134707363951042,MAP_PMU,51,0.0046660834819551855
3,UPFC_tsh,5-15,-0.24478551529069778,2,-0.24468702897118194,MAP_PMU,51,9.84863195158392e-05
4,UPFC_Vse,5-15,0.0623605154145234,2,0.06108764641857782,MAP_PMU,51,0.0012728689959455794
5,UPFC_tse,5-15,-2.189512137177219,2,-2.173900401794008,MAP_PMU,51,0.015611735383211034
0,x_tcsc,1-14,-0.09851063919296901,3,-0.09843835549311188,MAP_PMU,51,7.22836998571369e-05
1,B_svc,2,0.16813636396478696,3,0.16775472795433324,MAP_PMU,51,0.000381636010453712
2,UPFC_Vsh,5-15,1.1083784562917331,3,1.1134707363951042,MAP_PMU,51,0.0050922801033710385
3,UPFC_tsh,5-15,-0.24482581613096033,3,-0.24468702897118194,MAP_PMU,51,0.0001387871597783863
4,UPFC_Vse,5-15,0.06339189936098145,3,0.06108764641857782,MAP_PMU,51,0.002304252942403634
5,UPFC_tse,5-15,-2.2055341306940845,3,-2.173900401794008,MAP_PMU,51,0.03163372890007654
0,x_tcsc,1-14,-0.09859634865999375,4,-0.09843835549311188,MAP_PMU,51,0.00015799316688187848
1,B_svc,2,0.16795590980310482,4,0.16775472795433324,MAP_PMU,51,0.00020118184877157552
2,UPFC_Vsh,5-15,1.10839182859384,4,1.1134707363951042,MAP_PMU,51,0.0050789078012642985
3,UPFC_tsh,5-15,-0.24473474361815573,4,-0.24468702897118194,MAP_PMU,51,4.771464697378436e-05
4,UPFC_Vse,5-15,0.06215445004440244,4,0.06108764641857782,MAP_PMU,51,0.0010668036258246194
5,UPFC_tse,5-15,-2.1918587864939156,4,-2.173900401794008,MAP_PMU,51,0.017958384699907626
0,x_tcsc,1-14,-0.09853033413477817,5,-0.09843835549311188,MAP_PMU,51,9.197864166629599e-05
1,B_svc,2,0.1676289542346731,5,0.16775472795433324,MAP_PMU,51,0.00012577371966013273
2,UPFC_Vsh,5-15,1.109163764979824,5,1.1134707363951042,MAP_PMU,51,0.004306971415280136
3,UPFC_tsh,5-15,-0.2447123953514249,5,-0.24468702897118194,MAP_PMU,51,2.536638024294713e-05
4,UPFC_Vse,5-15,0.06257689152670007,5,0.06108764641857782,MAP_PMU,51,0.0014892451081222474
5,UPFC_tse,5-15,-2.196634737251061,5,-2.173900401794008,MAP_PMU,51,0.022734335457053056
0,x_tcsc,1-14,-0.09852321448669725,6,-0.09843835549311188,MAP_PMU,51,8.485899358537385e-05
1,B_svc,2,0.16770229386561475,6,0.16775472795433324,MAP_PMU,51,5.2434088718494865e-05
2,UPFC_Vsh,5-15,1.1084234445945351,6,1.1134707363951042,MAP_PMU,51,0.005047291800569065
3,UPFC_tsh,5-15,-0.24473783577669037,6,-0.24468702897118194,MAP_PMU,51,5.080680550842431e-05
4,UPFC_Vse,5-15,0.06211648267145699,6,0.06108764641857782,MAP_PMU,51,0.0010288362528791672
5,UPFC_tse,5-15,-2.2017879823272044,6,-2.173900401794008,MAP_PMU,51,0.0278875805331964
0,x_tcsc,1-14,-0.09848833674829773,7,-0.09843835549311188,MAP_PMU,51,4.998125518584917e-05
1,B_svc,2,0.16778839045886382,7,0.16775472795433324,MAP_PMU,51,3.3662504530573845e-05
2,UPFC_Vsh,5-15,1.1083650967754626,7,1.1134707363951042,MAP_PMU,51,0.005105639619641611
3,UPFC_tsh,5-15,-0.2447903159401614,7,-0.24468702897118194,MAP_PMU,51,0.00010328696897946021
4,UPFC_Vse,5-15,0.06255417822601894,7,0.06108764641857782,MAP_PMU,51,0.001466531807441121
5,UPFC_tse,5-15,-2.199962338072761,7,-2.173900401794008,MAP_PMU,51,0.026061936278753084
0,x_tcsc,1-14,-0.09858727134509944,8,-0.09843835549311188,MAP_PMU,51,0.0001489158519875633
1,B_svc,2,0.1677615787731066,8,0.16775472795433324,MAP_PMU,51,6.850818773357359e-06
2,UPFC_Vsh,5-15,1.1091797411485609,8,1.1134707363951042,MAP_PMU,51,0.0042909952465433054
3,UPFC_tsh,5-15,-0.24471805719321388,8,-0.24468702897118194,MAP_PMU,51,3.102822203193689e-05
4,UPFC_Vse,5-15,0.0626412494421793,8,0.06108764641857782,MAP_PMU,51,0.0015536030236014825
5,UPFC_tse,5-15,-2.1780292329352857,8,-2.173900401794008,MAP_PMU,51,0.004128831141277711
0,x_tcsc,1-14,-0.09849915567197685,9,-0.09843835549311188,MAP_PMU,51,6.080017886497813e-05
1,B_svc,2,0.1677408080775063,9,0.16775472795433324,MAP_PMU,51,1.391987682694551e-05
2,UPFC_Vsh,5-15,1.1087096546161073,9,1.1134707363951042,MAP_PMU,51,0.004761081778996923
3,UPFC_tsh,5-15,-0.24476394422907147,9,-0.24468702897118194,MAP_PMU,51,7.691525788952602e-05
4,UPFC_Vse,5-15,0.06232041235080889,9,0.06108764641857782,MAP_PMU,51,0.001232765932231067
5,UPFC_tse,5-15,-2.1957575982632953,9,-2.173900401794008,MAP_PMU,51,0.0218571964692873
0,x_tcsc,1-14,-0.0985372187850877,10,-0.09843835549311188,MAP_PMU,51,9.886329197582311e-05
1,B_svc,2,0.16773521969263885,10,0.16775472795433324,MAP_PMU,51,1.9508261694389795e-05
2,UPFC_Vsh,5-15,1.1088047462186248,10,1.1134707363951042,MAP_PMU,51,0.004665990176479395
3,UPFC_tsh,5-15,-0.2447210752912253,10,-0.24468702897118194,MAP_PMU,51,3.404632004336272e-05
4,UPFC_Vse,5-15,0.06257894934391833,10,0.06108764641857782,MAP_PMU,51,0.0014913029253405125
5,UPFC_tse,5-15,-2.185285014432931,10,-2.173900401794008,MAP_PMU,51,0.011384612638923208
0,x_tcsc,1-14,-0.09854585886682322,11,-0.09843835549311188,MAP_PMU,51,0.00010750337371134844
1,B_svc,2,0.16810605286839622,11,0.16775472795433324,MAP_PMU,51,0.00035132491406297817
2,UPFC_Vsh,5-15,1.1086215530929013,11,1.1134707363951042,MAP_PMU,51,0.004849183302202853
3,UPFC_tsh,5-15,-0.24482292320347654,11,-0.24468702897118194,MAP_PMU,51,0.00013589423229459774
4,UPFC_Vse,5-15,0.06271736261065805,11,0.06108764641857782,MAP_PMU,51,0.00162971619208023
5,UPFC_tse,5-15,-2.1903167459395863,11,-2.173900401794008,MAP_PMU,51,0.016416344145578243
0,x_tcsc,1-14,-0.09856480504974956,12,-0.09843835549311188,MAP_PMU,51,0.0001264495566376811
1,B_svc,2,0.16756170419211416,12,0.16775472795433324,MAP_PMU,51,0.00019302376221908002
2,UPFC_Vsh,5-15,1.1087299270522835,12,1.1134707363951042,MAP_PMU,51,0.004740809342820729
3,UPFC_tsh,5-15,-0.24465676468681724,12,-0.24468702897118194,MAP_PMU,51,3.0264284364700522e-05
4,UPFC_Vse,5-15,0.06309467572835635,12,0.06108764641857782,MAP_PMU,51,0.0020070293097785297
5,UPFC_tse,5-15,-2.18572508436954,12,-2.173900401794008,MAP_PMU,51,0.01182468257553193
0,x_tcsc,1-14,-0.09853746638176655,13,-0.09843835549311188,MAP_PMU,51,9.91108886546771e-05
1,B_svc,2,0.16797082605274632,13,0.16775472795433324,MAP_PMU,51,0.00021609809841308114
2,UPFC_Vsh,5-15,1.1085361981167832,13,1.1134707363951042,MAP_PMU,51,0.004934538278321021
3,UPFC_tsh,5-15,-0.24476745982077255,13,-0.24468702897118194,MAP_PMU,51,8.043084959061253e-05
4,UPFC_Vse,5-15,0.062083849907453255,13,0.06108764641857782,MAP_PMU,51,0.0009962034888754343
5,UPFC_tse,5-15,-2.1918625978947857,13,-2.173900401794008,MAP_PMU,51,0.01796219610077765
0,x_tcsc,1-14,-0.09852360658626072,14,-0.09843835549311188,MAP_PMU,51,8.525109314884427e-05
1,B_svc,2,0.1674801625721733,14,0.16775472795433324,MAP_PMU,51,0.00027456538215994697
2,UPFC_Vsh,5-15,1.1093844009784346,14,1.1134707363951042,MAP_PMU,51,0.004086335416669584
3,UPFC_tsh,5-15,-0.244730910082888,14,-0.24468702897118194,MAP_PMU,51,4.3881111706056686e-05
4,UPFC_Vse,5-15,0.06194008384886391,14,0.06108764641857782,MAP_PMU,51,0.000852437430286089
5,UPFC_tse,5-15,-2.189578960565564,14,-2.173900401794008,MAP_PMU,51,0.015678558771555995
0,x_tcsc,1-14,-0.09848628134768142,15,-0.09843835549311188,MAP_PMU,51,4.7925854569544346e-05
1,B_svc,2,0.16748886663223667,15,0.16775472795433324,MAP_PMU,51,0.00026586132209657776
2,UPFC_Vsh,5-15,1.1087706342467811,15,1.1134707363951042,MAP_PMU,51,0.00470010214832306
3,UPFC_tsh,5-15,-0.24480634700508114,15,-0.24468702897118194,MAP_PMU,51,0.00011931803389919615
4,UPFC_Vse,5-15,0.06264761180468309,15,0.06108764641857782,MAP_PMU,51,0.0015599653861052692
5,UPFC_tse,5-15,-2.199735676661208,15,-2.173900401794008,MAP_PMU,51,0.025835274867199942
0,x_tcsc,1-14,-0.09851881463647481,16,-0.09843835549311188,MAP_PMU,51,8.045914336293758e-05
1,B_svc,2,0.1678434746684827,16,0.16775472795433324,MAP_PMU,51,8.874671414946245e-05
2,UPFC_Vsh,5-15,1.1088995292973922,16,1.1134707363951042,MAP_PMU,51,0.004571207097711971
3,UPFC_tsh,5-15,-0.2447629590802065,16,-0.24468702897118194,MAP_PMU,51,7.593010902456898e-05
4,UPFC_Vse,5-15,0.062021862675269525,16,0.06108764641857782,MAP_PMU,51,0.0009342162566917042
5,UPFC_tse,5-15,-2.1934922875721043,16,-2.173900401794008,MAP_PMU,51,0.01959188577809634
0,x_tcsc,1-14,-0.09857315643580458,17,-0.09843835549311188,MAP_PMU,51,0.00013480094269270604
1,B_svc,2,0.16788653509174023,17,0.16775472795433324,MAP_PMU,51,0.00013180713740698624
2,UPFC_Vsh,5-15,1.1089483409973018,17,1.1134707363951042,MAP_PMU,51,0.0045223953978024145
3,UPFC_tsh,5-15,-0.24473696459889552,17,-0.24468702897118194,MAP_PMU,51,4.9935627713576514e-05
4,UPFC_Vse,5-15,0.06307840033643577,17,0.06108764641857782,MAP_PMU,51,0.001990753917857954
5,UPFC_tse,5-15,-2.1978300759895406,17,-2.173900401794008,MAP_PMU,51,0.023929674195532602
0,x_tcsc,1-14,-0.09851189437762974,18,-0.09843835549311188,MAP_PMU,51,7.353888451785973e-05
1,B_svc,2,0.16751294237607056,18,0.16775472795433324,MAP_PMU,51,0.0002417855782626821
2,UPFC_Vsh,5-15,1.1090574813848,18,1.1134707363951042,MAP_PMU,51,0.004413255010304207
3,UPFC_tsh,5-15,-0.24470536809842736,18,-0.24468702897118194,MAP_PMU,51,1.8339127245414755e-05
4,UPFC_Vse,5-15,0.06239887029123826,18,0.06108764641857782,MAP_PMU,51,0.0013112238726604372
5,UPFC_tse,5-15,-2.1909746126236467,18,-2.173900401794008,MAP_PMU,51,0.01707421082963867
0,x_tcsc,1-14,-0.09853049970675719,19,-0.09843835549311188,MAP_PMU,51,9.214421364531211e-05
1,B_svc,2,0.16726831682413476,19,0.16775472795433324,MAP_PMU,51,0.00048641113019848303
2,UPFC_Vsh,5-15,1.1090281720327344,19,1.1134707363951042,MAP_PMU,51,0.004442564362369783
3,UPFC_tsh,5-15,-0.244671680597057,19,-0.24468702897118194,MAP_PMU,51,1.5348374124951603e-05
4,UPFC_Vse,5-15,0.06220655763586124,19,0.06108764641857782,MAP_PMU,51,0.0011189112172834206
5,UPFC_tse,5-15,-2.1855307195475446,19,-2.173900401794008,MAP_PMU,51,0.011630317753536623
0,x_tcsc,1-14,-0.09849692898291296,20,-0.09843835549311188,MAP_PMU,51,5.85734898010809e-05
1,B_svc,2,0.16804347524464894,20,0.16775472795433324,MAP_PMU,51,0.000288747290315694
2,UPFC_Vsh,5-15,1.1088615976376999,20,1.1134707363951042,MAP_PMU,51,0.0046091387574043186
3,UPFC_tsh,5-15,-0.2447696382490761,20,-0.24468702897118194,MAP_PMU,51,8.260927789416339e-05
4,UPFC_Vse,5-15,0.0621783619400379,20,0.06108764641857782,MAP_PMU,51,0.0010907155214600825
5,UPFC_tse,5-15,-2.190301905613568,20,-2.173900401794008,MAP_PMU,51,0.01640150381955996
0,x_tcsc,1-14,-0.09854359506259393,21,-0.09843835549311188,MAP_PMU,51,0.00010523956948205182
1,B_svc,2,0.16816969982093705,21,0.16775472795433324,MAP_PMU,51,0.0004149718666038027
2,UPFC_Vsh,5-15,1.1090355347366472,21,1.1134707363951042,MAP_PMU,51,0.004435201658457011
3,UPFC_tsh,5-15,-0.24473966240266895,21,-0.24468702897118194,MAP_PMU,51,5.2633431487009164e-05
4,UPFC_Vse,5-15,0.06250649752584776,21,0.06108764641857782,MAP_PMU,51,0.0014188511072699417
5,UPFC_tse,5-15,-2.1928380377564314,21,-2.173900401794008,MAP_PMU,51,0.01893763596242337
0,x_tcsc,1-14,-0.09847448019885517,22,-0.09843835549311188,MAP_PMU,51,3.6124705743295626e-05
1,B_svc,2,0.16746796419072799,22,0.16775472795433324,MAP_PMU,51,0.0002867637636052578
2,UPFC_Vsh,5-15,1.1085584183981796,22,1.1134707363951042,MAP_PMU,51,0.004912317996924598
3,UPFC_tsh,5-15,-0.24468981110329746,22,-0.24468702897118194,MAP_PMU,51,2.7821321155196976e-06
4,UPFC_Vse,5-15,0.062344428440608855,22,0.06108764641857782,MAP_PMU,51,0.0012567820220310347
5,UPFC_tse,5-15,-2.1880030937603796,22,-2.173900401794008,MAP_PMU,51,0.014102691966371594
0,x_tcsc,1-14,-0.09859688112206286,23,-0.09843835549311188,MAP_PMU,51,0.0001585256289509812
1,B_svc,2,0.1682543055961789,23,0.16775472795433324,MAP_PMU,51,0.000499577641845661
2,UPFC_Vsh,5-15,1.1085864569722872,23,1.1134707363951042,MAP_PMU,51,0.004884279422816995
3,UPFC_tsh,5-15,-0.24473166075019936,23,-0.24468702897118194,MAP_PMU,51,4.463177901742332e-05
4,UPFC_Vse,5-15,0.062329732308441244,23,0.06108764641857782,MAP_PMU,51,0.001242085889863423
5,UPFC_tse,5-15,-2.185386185288129,23,-2.173900401794008,MAP_PMU,51,0.011485783494121105
0,x_tcsc,1-14,-0.09853493619938741,24,-0.09843835549311188,MAP_PMU,51,9.658070627553694e-05
1,B_svc,2,0.16818281503343394,24,0.16775472795433324,MAP_PMU,51,0.0004280870791006919
2,UPFC_Vsh,5-15,1.1085870211033293,24,1.1134707363951042,MAP_PMU,51,0.004883715291774893
3,UPFC_tsh,5-15,-0.24478583415055868,24,-0.24468702897118194,MAP_PMU,51,9.880517937674305e-05
4,UPFC_Vse,5-15,0.06303621369587643,24,0.06108764641857782,MAP_PMU,51,0.001948567277298613
5,UPFC_tse,5-15,-2.2007163440778648,24,-2.173900401794008,MAP_PMU,51,0.026815942283856753
0,x_tcsc,1-14,-0.09853184543577545,25,-0.09843835549311188,MAP_PMU,51,9.348994266357435e-05
1,B_svc,2,0.16817674127538046,25,0.16775472795433324,MAP_PMU,51,0.00042201332104721545
2,UPFC_Vsh,5-15,1.1088366942319248,25,1.1134707363951042,MAP_PMU,51,0.004634042163179419
3,UPFC_tsh,5-15,-0.2447287216963127,25,-0.24468702897118194,MAP_PMU,51,4.1692725130770825e-05
4,UPFC_Vse,5-15,0.0624942478888207,25,0.06108764641857782,MAP_PMU,51,0.0014066014702428797
5,UPFC_tse,5-15,-2.1972841369504685,25,-2.173900401794008,MAP_PMU,51,0.023383735156460528
0,x_tcsc,1-14,-0.0985105923392701,26,-0.09843835549311188,MAP_PMU,51,7.223684615823012e-05
1,B_svc,2,0.16801509339792794,26,0.16775472795433324,MAP_PMU,51,0.00026036544359470115
2,UPFC_Vsh,5-15,1.10866492331107,26,1.1134707363951042,MAP_PMU,51,0.004805813084034272
3,UPFC_tsh,5-15,-0.2447816207347943,26,-0.24468702897118194,MAP_PMU,51,9.4591763612345e-05
4,UPFC_Vse,5-15,0.06257954284887352,26,0.06108764641857782,MAP_PMU,51,0.0014918964302956944
5,UPFC_tse,5-15,-2.197791329343871,26,-2.173900401794008,MAP_PMU,51,0.023890927549862884
0,x_tcsc,1-14,-0.09849864463317447,27,-0.09843835549311188,MAP_PMU,51,6.028914006259156e-05
1,B_svc,2,0.1677448674772791,27,0.16775472795433324,MAP_PMU,51,9.86047705414661e-06
2,UPFC_Vsh,5-15,1.1092246094828313,27,1.1134707363951042,MAP_PMU,51,0.004246126912272885
3,UPFC_tsh,5-15,-0.24472902747048095,27,-0.24468702897118194,MAP_PMU,51,4.199849929900634e-05
4,UPFC_Vse,5-15,0.06186010156405278,27,0.06108764641857782,MAP_PMU,51,0.0007724551454749568
5,UPFC_tse,5-15,-2.186615765497089,27,-2.173900401794008,MAP_PMU,51,0.012715363703081017
0,x_tcsc,1-14,-0.09851361370608755,28,-0.09843835549311188,MAP_PMU,51,7.525821297567348e-05
1,B_svc,2,0.16768349167716748,28,0.16775472795433324,MAP_PMU,51,7.123627716576486e-05
2,UPFC_Vsh,5-15,1.1087935435235585,28,1.1134707363951042,MAP_PMU,51,0.004677192871545666
3,UPFC_tsh,5-15,-0.24481567263125958,28,-0.24468702897118194,MAP_PMU,51,0.00012864366007764305
4,UPFC_Vse,5-15,0.06256913652860209,28,0.06108764641857782,MAP_PMU,51,0.0014814901100242694
5,UPFC_tse,5-15,-2.1955003756977036,28,-2.173900401794008,MAP_PMU,51,0.021599973903695613
0,x_tcsc,1-14,-0.09860230862501233,29,-0.09843835549311188,MAP_PMU,51,0.00016395313190045724
1,B_svc,2,0.16760226174855425,29,0.16775472795433324,MAP_PMU,51,0.00015246620577899495
2,UPFC_Vsh,5-15,1.1090351040091466,29,1.1134707363951042,MAP_PMU,51,0.004435632385957566
3,UPFC_tsh,5-15,-0.24465152222149447,29,-0.24468702897118194,MAP_PMU,51,3.5506749687469474e-05
4,UPFC_Vse,5-15,0.06211435987222312,29,0.06108764641857782,MAP_PMU,51,0.0010267134536453004
5,UPFC_tse,5-15,-2.188963164027966,29,-2.173900401794008,MAP_PMU,51,0.015062762233958082
0,x_tcsc,1-14,-0.09851421407221315,30,-0.09843835549311188,MAP_PMU,51,7.585857910127891e-05
1,B_svc,2,0.1678560240423266,30,0.16775472795433324,MAP_PMU,51,0.00010129608799336332
2,UPFC_Vsh,5-15,1.1087435594413961,30,1.1134707363951042,MAP_PMU,51,0.004727176953708057
3,UPFC_tsh,5-15,-0.24477452028399307,30,-0.24468702897118194,MAP_PMU,51,8.74913128111332e-05
4,UPFC_Vse,5-15,0.06275865879379745,30,0.06108764641857782,MAP_PMU,51,0.0016710123752196326
5,UPFC_tse,5-15,-2.1906231197491897,30,-2.173900401794008,MAP_PMU,51,0.016722717955181654
0,x_tcsc,1-14,-0.09850089536899301,31,-0.09843835549311188,MAP_PMU,51,6.253987588113186e-05
1,B_svc,2,0.1676227113584316,31,0.16775472795433324,MAP_PMU,51,0.00013201659590164616
2,UPFC_Vsh,5-15,1.1091229753033303,31,1.1134707363951042,MAP_PMU,51,0.004347761091773927
3,UPFC_tsh,5-15,-0.24464245544103522,31,-0.24468702897118194,MAP_PMU,51,4.457353014672427e-05
4,UPFC_Vse,5-15,0.06216555789304533,31,0.06108764641857782,MAP_PMU,51,0.0010779114744675078
5,UPFC_tse,5-15,-2.1912162703929314,31,-2.173900401794008,MAP_PMU,51,0.017315868598923423
0,x_tcsc,1-14,-0.09850987264020965,32,-0.09843835549311188,MAP_PMU,51,7.151714709777157e-05
1,B_svc,2,0.16798980378820186,32,0.16775472795433324,MAP_PMU,51,0.0002350758338686143
2,UPFC_Vsh,5-15,1.1092284701661883,32,1.1134707363951042,MAP_PMU,51,0.004242266228915881
3,UPFC_tsh,5-15,-0.24464719526954073,32,-0.24468702897118194,MAP_PMU,51,3.9833701641206476e-05
4,UPFC_Vse,5-15,0.06219368076649264,32,0.06108764641857782,MAP_PMU,51,0.0011060343479148207
5,UPFC_tse,5-15,-2.1776417871078797,32,-2.173900401794008,MAP_PMU,51,0.0037413853138716924
0,x_tcsc,1-14,-0.09852027133636061,33,-0.09843835549311188,MAP_PMU,51,8.191584324873658e-05
1,B_svc,2,0.1675074639252929,33,0.16775472795433324,MAP_PMU,51,0.0002472640290403505
2,UPFC_Vsh,5-15,1.108838288861334,33,1.1134707363951042,MAP_PMU,51,0.004632447533770234
3,UPFC_tsh,5-15,-0.24471356923293908,33,-0.24468702897118194,MAP_PMU,51,2.654026175713531e-05
4,UPFC_Vse,5-15,0.06239497194151111,33,0.06108764641857782,MAP_PMU,51,0.001307325522933292
5,UPFC_tse,5-15,-2.1915292147957297,33,-2.173900401794008,MAP_PMU,51,0.0176288130017217
0,x_tcsc,1-14,-0.09850365191453067,34,-0.09843835549311188,MAP_PMU,51,6.52964214187951e-05
1,B_svc,2,0.1678739623810545,34,0.16775472795433324,MAP_PMU,51,0.00011923442672126527
2,UPFC_Vsh,5-15,1.108857032381041,34,1.1134707363951042,MAP_PMU,51,0.004613704014063247
3,UPFC_tsh,5-15,-0.24482797179177337,34,-0.24468702897118194,MAP_PMU,51,0.00014094282059143315
4,UPFC_Vse,5-15,0.0630788343455029,34,0.06108764641857782,MAP_PMU,51,0.0019911879269250837
5,UPFC_tse,5-15,-2.1913194651813677,34,-2.173900401794008,MAP_PMU,51,0.017419063387359657
0,x_tcsc,1-14,-0.09850533465915874,35,-0.09843835549311188,MAP_PMU,51,6.697916604686549e-05
1,B_svc,2,0.1680485778078899,35,0.16775472795433324,MAP_PMU,51,0.0002938498535566547
2,UPFC_Vsh,5-15,1.1087883592488637,35,1.1134707363951042,MAP_PMU,51,0.004682377146240535
3,UPFC_tsh,5-15,-0.24479631704528032,35,-0.24468702897118194,MAP_PMU,51,0.00010928807409837926
4,UPFC_Vse,5-15,0.06290517490738366,35,0.06108764641857782,MAP_PMU,51,0.0018175284888058418
5,UPFC_tse,5-15,-2.1973980795172103,35,-2.173900401794008,MAP_PMU,51,0.023497677723202326
0,x_tcsc,1-14,-0.0985388273009988,36,-0.09843835549311188,MAP_PMU,51,0.00010047180788692878
1,B_svc,2,0.1678411524203487,36,0.16775472795433324,MAP_PMU,51,8.642446601545006e-05
2,UPFC_Vsh,5-15,1.1089955803508373,36,1.1134707363951042,MAP_PMU,51,0.004475156044266848
3,UPFC_tsh,5-15,-0.2447841074070147,36,-0.24468702897118194,MAP_PMU,51,9.707843583275921e-05
4,UPFC_Vse,5-15,0.062294901308254914,36,0.06108764641857782,MAP_PMU,51,0.0012072548896770938
5,UPFC_tse,5-15,-2.1990140584180016,36,-2.173900401794008,MAP_PMU,51,0.025113656623993563
0,x_tcsc,1-14,-0.0985308600426367,37,-0.09843835549311188,MAP_PMU,51,9.250454952482168e-05
1,B_svc,2,0.16741421931198866,37,0.16775472795433324,MAP_PMU,51,0.00034050864234458356
2,UPFC_Vsh,5-15,1.1086778361757466,37,1.1134707363951042,MAP_PMU,51,0.004792900219357632
3,UPFC_tsh,5-15,-0.2448037105693721,37,-0.24468702897118194,MAP_PMU,51,0.00011668159819017143
4,UPFC_Vse,5-15,0.06222930274821067,37,0.06108764641857782,MAP_PMU,51,0.0011416563296328466
5,UPFC_tse,5-15,-2.200251022169196,37,-2.173900401794008,MAP_PMU,51,0.026350620375187983
0,x_tcsc,1-14,-0.09857353775733477,38,-0.09843835549311188,MAP_PMU,51,0.00013518226422289115
1,B_svc,2,0.16720218859000968,38,0.16775472795433324,MAP_PMU,51,0.0005525393643235621
2,UPFC_Vsh,5-15,1.1085235448125286,38,1.1134707363951042,MAP_PMU,51,0.004947191582575616
3,UPFC_tsh,5-15,-0.24483053286807752,38,-0.24468702897118194,MAP_PMU,51,0.00014350389689557486
4,UPFC_Vse,5-15,0.06259202790100528,38,0.06108764641857782,MAP_PMU,51,0.0015043814824274582
5,UPFC_tse,5-15,-2.1911795974215615,38,-2.173900401794008,MAP_PMU,51,0.017279195627553534
0,x_tcsc,1-14,-0.09863064269672896,39,-0.09843835549311188,MAP_PMU,51,0.00019228720361708085
1,B_svc,2,0.16777440517180134,39,0.16775472795433324,MAP_PMU,51,1.967721746809481e-05
2,UPFC_Vsh,5-15,1.1084708888584245,39,1.1134707363951042,MAP_PMU,51,0.004999847536679702
3,UPFC_tsh,5-15,-0.24478395030853653,39,-0.24468702897118194,MAP_PMU,51,9.692133735458852e-05
4,UPFC_Vse,5-15,0.06233278235626863,39,0.06108764641857782,MAP_PMU,51,0.0012451359376908083
5,UPFC_tse,5-15,-2.1935324593893926,39,-2.173900401794008,MAP_PMU,51,0.019632057595384556
0,x_tcsc,1-14,-0.09853771185935391,40,-0.09843835549311188,MAP_PMU,51,9.935636624203159e-05
1,B_svc,2,0.1670382407880082,40,0.16775472795433324,MAP_PMU,51,0.0007164871663250527
2,UPFC_Vsh,5-15,1.109008190506597,40,1.1134707363951042,MAP_PMU,51,0.004462545888507252
3,UPFC_tsh,5-15,-0.24472620854547766,40,-0.24468702897118194,MAP_PMU,51,3.9179574295722386e-05
4,UPFC_Vse,5-15,0.06230038928423041,40,0.06108764641857782,MAP_PMU,51,0.001212742865652587
5,UPFC_tse,5-15,-2.1953007695599327,40,-2.173900401794008,MAP_PMU,51,0.021400367765924688
0,x_tcsc,1-14,-0.09854011497484325,41,-0.09843835549311188,MAP_PMU,51,0.00010175948173136995
1,B_svc,2,0.16776940378800628,41,0.16775472795433324,MAP_PMU,51,1.467583367303904e-05
2,UPFC_Vsh,5-15,1.109300245556886,41,1.1134707363951042,MAP_PMU,51,0.004170490838218077
3,UPFC_tsh,5-15,-0.24468654406236306,41,-0.24468702897118194,MAP_PMU,51,4.849088188763062e-07
4,UPFC_Vse,5-15,0.06253288438285068,41,0.06108764641857782,MAP_PMU,51,0.001445237964272858
5,UPFC_tse,5-15,-2.1897660035853943,41,-2.173900401794008,MAP_PMU,51,0.015865601791386297
0,x_tcsc,1-14,-0.0985477508155298,42,-0.09843835549311188,MAP_PMU,51,0.00010939532241792393
1,B_svc,2,0.16762013312884572,42,0.16775472795433324,MAP_PMU,51,0.00013459482548752733
2,UPFC_Vsh,5-15,1.108554092904082,42,1.1134707363951042,MAP_PMU,51,0.004916643491022166
3,UPFC_tsh,5-15,-0.24476696045148089,42,-0.24468702897118194,MAP_PMU,51,7.993148029894481e-05
4,UPFC_Vse,5-15,0.06200424722642249,42,0.06108764641857782,MAP_PMU,51,0.0009166008078446697
5,UPFC_tse,5-15,-2.1922157910471585,42,-2.173900401794008,MAP_PMU,51,0.01831538925315046
0,x_tcsc,1-14,-0.09854598204171085,43,-0.09843835549311188,MAP_PMU,51,0.00010762654859897136
1,B_svc,2,0.16786584955233644,43,0.16775472795433324,MAP_PMU,51,0.00011112159800319432
2,UPFC_Vsh,5-15,1.1088165955489455,43,1.1134707363951042,MAP_PMU,51,0.004654140846158672
3,UPFC_tsh,5-15,-0.24479678680243433,43,-0.24468702897118194,MAP_PMU,51,0.00010975783125238836
4,UPFC_Vse,5-15,0.06291123491308573,43,0.06108764641857782,MAP_PMU,51,0.0018235884945079078
5,UPFC_tse,5-15,-2.200133281165569,43,-2.173900401794008,MAP_PMU,51,0.026232879371561157
0,x_tcsc,1-14,-0.09848311211625657,44,-0.09843835549311188,MAP_PMU,51,4.475662314469553e-05
1,B_svc,2,0.16818033210240574,44,0.16775472795433324,MAP_PMU,51,0.0004256041480724948
2,UPFC_Vsh,5-15,1.109124962101334,44,1.1134707363951042,MAP_PMU,51,0.004345774293770255
3,UPFC_tsh,5-15,-0.24471278626139015,44,-0.24468702897118194,MAP_PMU,51,2.575729020820594e-05
4,UPFC_Vse,5-15,0.06300075116981839,44,0.06108764641857782,MAP_PMU,51,0.0019131047512405686
5,UPFC_tse,5-15,-2.181268179099587,44,-2.173900401794008,MAP_PMU,51,0.007367777305578915
0,x_tcsc,1-14,-0.09852728072389072,45,-0.09843835549311188,MAP_PMU,51,8.892523077884407e-05
1,B_svc,2,0.16803676590785177,45,0.16775472795433324,MAP_PMU,51,0.0002820379535185269
2,UPFC_Vsh,5-15,1.10873838361343,45,1.1134707363951042,MAP_PMU,51,0.004732352781674276
3,UPFC_tsh,5-15,-0.24476963974743368,45,-0.24468702897118194,MAP_PMU,51,8.261077625174029e-05
4,UPFC_Vse,5-15,0.06292789042961924,45,0.06108764641857782,MAP_PMU,51,0.0018402440110414225
5,UPFC_tse,5-15,-2.2017025754410384,45,-2.173900401794008,MAP_PMU,51,0.027802173647030415
0,x_tcsc,1-14,-0.09852597647605679,46,-0.09843835549311188,MAP_PMU,51,8.762098294491649e-05
1,B_svc,2,0.16772685438252244,46,0.16775472795433324,MAP_PMU,51,2.7873571810804743e-05
2,UPFC_Vsh,5-15,1.1088458462180877,46,1.1134707363951042,MAP_PMU,51,0.004624890177016505
3,UPFC_tsh,5-15,-0.2447903037946907,46,-0.24468702897118194,MAP_PMU,51,0.00010327482350874773
4,UPFC_Vse,5-15,0.0625012921658928,46,0.06108764641857782,MAP_PMU,51,0.0014136457473149788
5,UPFC_tse,5-15,-2.186913224272022,46,-2.173900401794008,MAP_PMU,51,0.013012822478013941
0,x_tcsc,1-14,-0.09853605071132045,47,-0.09843835549311188,MAP_PMU,51,9.769521820857108e-05
1,B_svc,2,0.16759545760910594,47,0.16775472795433324,MAP_PMU,51,0.0001592703452273081
2,UPFC_Vsh,5-15,1.1092970200578738,47,1.1134707363951042,MAP_PMU,51,0.004173716337230404
3,UPFC_tsh,5-15,-0.2447001313984327,47,-0.24468702897118194,MAP_PMU,51,1.3102427250749615e-05
4,UPFC_Vse,5-15,0.06222781556869302,47,0.06108764641857782,MAP_PMU,51,0.0011401691501152014
5,UPFC_tse,5-15,-2.1959159522114136,47,-2.173900401794008,MAP_PMU,51,0.02201555041740555
0,x_tcsc,1-14,-0.09858871633612312,48,-0.09843835549311188,MAP_PMU,51,0.0001503608430112463
1,B_svc,2,0.16762496908640614,48,0.16775472795433324,MAP_PMU,51,0.0001297588679270989
2,UPFC_Vsh,5-15,1.1087848100229418,48,1.1134707363951042,MAP_PMU,51,0.004685926372162363
3,UPFC_tsh,5-15,-0.24475714333789214,48,-0.24468702897118194,MAP_PMU,51,7.01143667102e-05
4,UPFC_Vse,5-15,0.06218674739401072,48,0.06108764641857782,MAP_PMU,51,0.0010991009754328998
5,UPFC_tse,5-15,-2.204149239299728,48,-2.173900401794008,MAP_PMU,51,0.03024883750572016
0,x_tcsc,1-14,-0.09848912040193537,49,-0.09843835549311188,MAP_PMU,51,5.076490882349738e-05
1,B_svc,2,0.1681391623741746,49,0.16775472795433324,MAP_PMU,51,0.0003844344198413452
2,UPFC_Vsh,5-15,1.1086365725849803,49,1.1134707363951042,MAP_PMU,51,0.004834163810123915
3,UPFC_tsh,5-15,-0.24474386775774506,49,-0.24468702897118194,MAP_PMU,51,5.683878656312369e-05
4,UPFC_Vse,5-15,0.06235316642283255,49,0.06108764641857782,MAP_PMU,51,0.0012655200042547277
5,UPFC_tse,5-15,-2.2009966354760038,49,-2.173900401794008,MAP_PMU,51,0.027096233681995763
0,x_tcsc,1-14,-0.09851225975626596,50,-0.09843835549311188,MAP_PMU,51,7.39042631540815e-05
1,B_svc,2,0.16755513922322457,50,0.16775472795433324,MAP_PMU,51,0.00019958873110867414
2,UPFC_Vsh,5-15,1.108359868134927,50,1.1134707363951042,MAP_PMU,51,0.005110868260177259
3,UPFC_tsh,5-15,-0.24479067089460463,50,-0.24468702897118194,MAP_PMU,51,0.00010364192342268708
4,UPFC_Vse,5-15,0.06293155295390077,50,0.06108764641857782,MAP_PMU,51,0.001843906535322945
5,UPFC_tse,5-15,-2.1930338212304608,50,-2.173900401794008,MAP_PMU,51,0.019133419436452748
0,x_tcsc,1-14,-0.0985417863072149,51,-0.09843835549311188,MAP_PMU,51,0.00010343081410302268
1,B_svc,2,0.167949310298676,51,0.16775472795433324,MAP_PMU,51,0.00019458234434274746
2,UPFC_Vsh,5-15,1.1088441428949196,51,1.1134707363951042,MAP_PMU,51,0.004626593500184573
3,UPFC_tsh,5-15,-0.24477171700161457,51,-0.24468702897118194,MAP_PMU,51,8.468803043262807e-05
4,UPFC_Vse,5-15,0.06261767545117426,51,0.06108764641857782,MAP_PMU,51,0.0015300290325964416
5,UPFC_tse,5-15,-2.1890134993944117,51,-2.173900401794008,MAP_PMU,51,0.015113097600403691
0,x_tcsc,1-14,-0.09852910405487487,52,-0.09843835549311188,MAP_PMU,51,9.074856176299884e-05
1,B_svc,2,0.16813334665026408,52,0.16775472795433324,MAP_PMU,51,0.00037861869593083797
2,UPFC_Vsh,5-15,1.1089850788962174,52,1.1134707363951042,MAP_PMU,51,0.0044856574988867415
3,UPFC_tsh,5-15,-0.24467972939080052,52,-0.24468702897118194,MAP_PMU,51,7.299580381425752e-06
4,UPFC_Vse,5-15,0.06241089891047385,52,0.06108764641857782,MAP_PMU,51,0.0013232524918960278
5,UPFC_tse,5-15,-2.1820950409147426,52,-2.173900401794008,MAP_PMU,51,0.008194639120734593
0,x_tcsc,1-14,-0.0985010156225119,53,-0.09843835549311188,MAP_PMU,51,6.266012940002452e-05
1,B_svc,2,0.16752218799906457,53,0.16775472795433324,MAP_PMU,51,0.00023253995526867355
2,UPFC_Vsh,5-15,1.1088829048767532,53,1.1134707363951042,MAP_PMU,51,0.00458783151835096
3,UPFC_tsh,5-15,-0.24469323043796556,53,-0.24468702897118194,MAP_PMU,51,6.201466783622989e-06
4,UPFC_Vse,5-15,0.06246380103170941,53,0.06108764641857782,MAP_PMU,51,0.0013761546131315916
5,UPFC_tse,5-15,-2.1929320373746006,53,-2.173900401794008,MAP_PMU,51,0.01903163558059262
0,x_tcsc,1-14,-0.09857591298665004,54,-0.09843835549311188,MAP_PMU,51,0.00013755749353816515
1,B_svc,2,0.16784455218051672,54,0.16775472795433324,MAP_PMU,51,8.982422618347696e-05
2,UPFC_Vsh,5-15,1.1092424789436308,54,1.1134707363951042,MAP_PMU,51,0.004228257451473372
3,UPFC_tsh,5-15,-0.24473830634461935,54,-0.24468702897118194,MAP_PMU,51,5.127737343740835e-05
4,UPFC_Vse,5-15,0.06235424012141894,54,0.06108764641857782,MAP_PMU,51,0.001266593702841122
5,UPFC_tse,5-15,-2.184010493026618,54,-2.173900401794008,MAP_PMU,51,0.010110091232609975
0,x_tcsc,1-14,-0.09853606952010406,55,-0.09843835549311188,MAP_PMU,51,9.771402699218501e-05
1,B_svc,2,0.16819064179680215,55,0.16775472795433324,MAP_PMU,51,0.0004359138424689102
2,UPFC_Vsh,5-15,1.1090351846692346,55,1.1134707363951042,MAP_PMU,51,0.004435551725869624
3,UPFC_tsh,5-15,-0.2446893354178485,55,-0.24468702897118194,MAP_PMU,51,2.306446666572315e-06
4,UPFC_Vse,5-15,0.0625090921163615,55,0.06108764641857782,MAP_PMU,51,0.0014214456977836853
5,UPFC_tse,5-15,-2.1887550201727133,55,-2.173900401794008,MAP_PMU,51,0.014854618378705275
0,x_tcsc,1-14,-0.09860102455519809,56,-0.09843835549311188,MAP_PMU,51,0.00016266906208621534
1,B_svc,2,0.16812779112121906,56,0.16775472795433324,MAP_PMU,51,0.00037306316688581753
2,UPFC_Vsh,5-15,1.1087105410813611,56,1.1134707363951042,MAP_PMU,51,0.004760195313743054
3,UPFC_tsh,5-15,-0.24482163100292478,56,-0.24468702897118194,MAP_PMU,51,0.00013460203174284202
4,UPFC_Vse,5-15,0.06223105012613317,56,0.06108764641857782,MAP_PMU,51,0.0011434037075553488
5,UPFC_tse,5-15,-2.1857002458174084,56,-2.173900401794008,MAP_PMU,51,0.011799844023400397
0,x_tcsc,1-14,-0.09853613951956064,57,-0.09843835549311188,MAP_PMU,51,9.778402644876338e-05
1,B_svc,2,0.16796617605641098,57,0.16775472795433324,MAP_PMU,51,0.00021144810207773812
2,UPFC_Vsh,5-15,1.1082781066986653,57,1.1134707363951042,MAP_PMU,51,0.005192629696438855
3,UPFC_tsh,5-15,-0.24474825275563988,57,-0.24468702897118194,MAP_PMU,51,6.122378445794219e-05
4,UPFC_Vse,5-15,0.06207938342307177,57,0.06108764641857782,MAP_PMU,51,0.0009917370044939464
5,UPFC_tse,5-15,-2.18954762936001,57,-2.173900401794008,MAP_PMU,51,0.01564722756600201
0,x_tcsc,1-14,-0.09857216001673738,58,-0.09843835549311188,MAP_PMU,51,0.00013380452362550532
1,B_svc,2,0.1677519644742243,58,0.16775472795433324,MAP_PMU,51,2.763480108941563e-06
2,UPFC_Vsh,5-15,1.108867342487231,58,1.1134707363951042,MAP_PMU,51,0.004603393907873121
3,UPFC_tsh,5-15,-0.24473227958233276,58,-0.24468702897118194,MAP_PMU,51,4.5250611150821074e-05
4,UPFC_Vse,5-15,0.062425582837115516,58,0.06108764641857782,MAP_PMU,51,0.0013379364185376955
5,UPFC_tse,5-15,-2.1925700261865244,58,-2.173900401794008,MAP_PMU,51,0.018669624392516404
0,x_tcsc,1-14,-0.09858255577715301,59,-0.09843835549311188,MAP_PMU,51,0.00014420028404113494
1,B_svc,2,0.1676636906338427,59,0.16775472795433324,MAP_PMU,51,9.103732049053903e-05
2,UPFC_Vsh,5-15,1.1086928021450224,59,1.1134707363951042,MAP_PMU,51,0.004777934250081772
3,UPFC_tsh,5-15,-0.24478354188947726,59,-0.24468702897118194,MAP_PMU,51,9.651291829532171e-05
4,UPFC_Vse,5-15,0.062443988184602874,59,0.06108764641857782,MAP_PMU,51,0.001356341766025053
5,UPFC_tse,5-15,-2.1906510018431975,59,-2.173900401794008,MAP_PMU,51,0.01675060004918949
0,x_tcsc,1-14,-0.09852356571898914,60,-0.09843835549311188,MAP_PMU,51,8.521022587726357e-05
1,B_svc,2,0.16820134504128845,60,0.16775472795433324,MAP_PMU,51,0.0004466170869552033
2,UPFC_Vsh,5-15,1.1088489146243221,60,1.1134707363951042,MAP_PMU,51,0.004621821770782075
3,UPFC_tsh,5-15,-0.24482003155422496,60,-0.24468702897118194,MAP_PMU,51,0.0001330025830430237
4,UPFC_Vse,5-15,0.062422446755885666,60,0.06108764641857782,MAP_PMU,51,0.0013348003373078454
5,UPFC_tse,5-15,-2.2004076888564814,60,-2.173900401794008,MAP_PMU,51,0.026507287062473406
0,x_tcsc,1-14,-0.09855404378628332,61,-0.09843835549311188,MAP_PMU,51,0.00011568829317144813
1,B_svc,2,0.16782846996980272,61,0.16775472795433324,MAP_PMU,51,7.374201546947456e-05
2,UPFC_Vsh,5-15,1.1084586940336025,61,1.1134707363951042,MAP_PMU,51,0.005012042361501656
3,UPFC_tsh,5-15,-0.24478273730196015,61,-0.24468702897118194,MAP_PMU,51,9.570833077821028e-05
4,UPFC_Vse,5-15,0.06267191803555365,61,0.06108764641857782,MAP_PMU,51,0.0015842716169758297
5,UPFC_tse,5-15,-2.1938283188770478,61,-2.173900401794008,MAP_PMU,51,0.01992791708303976
0,x_tcsc,1-14,-0.09849561020137443,62,-0.09843835549311188,MAP_PMU,51,5.725470826255241e-05
1,B_svc,2,0.16750935820936985,62,0.16775472795433324,MAP_PMU,51,0.0002453697449633918
2,UPFC_Vsh,5-15,1.108734112815738,62,1.1134707363951042,MAP_PMU,51,0.004736623579366217
3,UPFC_tsh,5-15,-0.24477367642270031,62,-0.24468702897118194,MAP_PMU,51,8.66474515183735e-05
4,UPFC_Vse,5-15,0.06256904244888721,62,0.06108764641857782,MAP_PMU,51,0.0014813960303093898
5,UPFC_tse,5-15,-2.1951600148490935,62,-2.173900401794008,MAP_PMU,51,0.021259613055085502
0,x_tcsc,1-14,-0.09853322920547863,63,-0.09843835549311188,MAP_PMU,51,9.487371236675812e-05
1,B_svc,2,0.16758767697737414,63,0.16775472795433324,MAP_PMU,51,0.00016705097695909887
2,UPFC_Vsh,5-15,1.108842071163119,63,1.1134707363951042,MAP_PMU,51,0.00462866523198513
3,UPFC_tsh,5-15,-0.2447964029626188,63,-0.24468702897118194,MAP_PMU,51,0.00010937399143684523
4,UPFC_Vse,5-15,0.062119290476695836,63,0.06108764641857782,MAP_PMU,51,0.0010316440581180156
5,UPFC_tse,5-15,-2.192318739952035,63,-2.173900401794008,MAP_PMU,51,0.01841833815802696
0,x_tcsc,1-14,-0.09846839354919182,64,-0.09843835549311188,MAP_PMU,51,3.0038056079942366e-05
1,B_svc,2,0.16774336790445352,64,0.16775472795433324,MAP_PMU,51,1.1360049879727274e-05
2,UPFC_Vsh,5-15,1.1084463480467812,64,1.1134707363951042,MAP_PMU,51,0.005024388348322972
3,UPFC_tsh,5-15,-0.24475009198642242,64,-0.24468702897118194,MAP_PMU,51,6.306301524047764e-05
4,UPFC_Vse,5-15,0.062452286230713944,64,0.06108764641857782,MAP_PMU,51,0.001364639812136123
5,UPFC_tse,5-15,-2.193582398674388,64,-2.173900401794008,MAP_PMU,51,0.01968199688037986
0,x_tcsc,1-14,-0.09854734499869397,65,-0.09843835549311188,MAP_PMU,51,0.00010898950558209386
1,B_svc,2,0.168031545100825,65,0.16775472795433324,MAP_PMU,51,0.00027681714649174793
2,UPFC_Vsh,5-15,1.1090325862159465,65,1.1134707363951042,MAP_PMU,51,0.004438150179157718
3,UPFC_tsh,5-15,-0.24477608093713657,65,-0.24468702897118194,MAP_PMU,51,8.90519659546285e-05
4,UPFC_Vse,5-15,0.062330875095364294,65,0.06108764641857782,MAP_PMU,51,0.001243228676786473
5,UPFC_tse,5-15,-2.2034026111952554,65,-2.173900401794008,MAP_PMU,51,0.02950220940124737
0,x_tcsc,1-14,-0.09851728514622415,66,-0.09843835549311188,MAP_PMU,51,7.892965311227795e-05
1,B_svc,2,0.16793132950164283,66,0.16775472795433324,MAP_PMU,51,0.000176601547309585
2,UPFC_Vsh,5-15,1.108866980026824,66,1.1134707363951042,MAP_PMU,51,0.004603756368280143
3,UPFC_tsh,5-15,-0.2447486703462668,66,-0.24468702897118194,MAP_PMU,51,6.164137508485323e-05
4,UPFC_Vse,5-15,0.06255631652967254,66,0.06108764641857782,MAP_PMU,51,0.001468670111094722
5,UPFC_tse,5-15,-2.196064599352317,66,-2.173900401794008,MAP_PMU,51,0.022164197558308896
0,x_tcsc,1-14,-0.09855008162095688,67,-0.09843835549311188,MAP_PMU,51,0.00011172612784500491
1,B_svc,2,0.16783746833672325,67,0.16775472795433324,MAP_PMU,51,8.274038239000636e-05
2,UPFC_Vsh,5-15,1.1085214314094725,67,1.1134707363951042,MAP_PMU,51,0.004949304985631731
3,UPFC_tsh,5-15,-0.2447990495225784,67,-0.24468702897118194,MAP_PMU,51,0.00011202055139644673
4,UPFC_Vse,5-15,0.06279590519389446,67,0.06108764641857782,MAP_PMU,51,0.0017082587753166345
5,UPFC_tse,5-15,-2.1999043553166073,67,-2.173900401794008,MAP_PMU,51,0.02600395352259932
0,x_tcsc,1-14,-0.0985099529317745,68,-0.09843835549311188,MAP_PMU,51,7.159743866262669e-05
1,B_svc,2,0.1679980100092736,68,0.16775472795433324,MAP_PMU,51,0.00024328205494036914
2,UPFC_Vsh,5-15,1.1091390513075488,68,1.1134707363951042,MAP_PMU,51,0.004331685087555437
3,UPFC_tsh,5-15,-0.2446556319484693,68,-0.24468702897118194,MAP_PMU,51,3.1397022712653655e-05
4,UPFC_Vse,5-15,0.061868057042770534,68,0.06108764641857782,MAP_PMU,51,0.0007804106241927136
5,UPFC_tse,5-15,-2.1863216727833708,68,-2.173900401794008,MAP_PMU,51,0.012421270989362743
0,x_tcsc,1-14,-0.0985091102422991,69,-0.09843835549311188,MAP_PMU,51,7.075474918721847e-05
1,B_svc,2,0.16772758635009075,69,0.16775472795433324,MAP_PMU,51,2.7141604242497674e-05
2,UPFC_Vsh,5-15,1.1084159408248486,69,1.1134707363951042,MAP_PMU,51,0.005054795570255566
3,UPFC_tsh,5-15,-0.24475205965170058,69,-0.24468702897118194,MAP_PMU,51,6.503068051863514e-05
4,UPFC_Vse,5-15,0.06213739758136459,69,0.06108764641857782,MAP_PMU,51,0.0010497511627867717
5,UPFC_tse,5-15,-2.19264486869581,69,-2.173900401794008,MAP_PMU,51,0.01874446690180198
0,x_tcsc,1-14,-0.0985030211443128,70,-0.09843835549311188,MAP_PMU,51,6.466565120091805e-05
1,B_svc,2,0.16732820609916782,70,0.16775472795433324,MAP_PMU,51,0.00042652185516542374
2,UPFC_Vsh,5-15,1.1087555950327124,70,1.1134707363951042,MAP_PMU,51,0.004715141362391817
3,UPFC_tsh,5-15,-0.24470673490837916,70,-0.24468702897118194,MAP_PMU,51,1.970593719721747e-05
4,UPFC_Vse,5-15,0.061977642810447736,70,0.06108764641857782,MAP_PMU,51,0.0008899963918699155
5,UPFC_tse,5-15,-2.1852086463109375,70,-2.173900401794008,MAP_PMU,51,0.011308244516929467
0,x_tcsc,1-14,-0.09857536644301058,71,-0.09843835549311188,MAP_PMU,51,0.0001370109498987082
1,B_svc,2,0.16781820944282175,71,0.16775472795433324,MAP_PMU,51,6.348148848850377e-05
2,UPFC_Vsh,5-15,1.1091024581441644,71,1.1134707363951042,MAP_PMU,51,0.004368278250939772
3,UPFC_tsh,5-15,-0.24467362238415563,71,-0.24468702897118194,MAP_PMU,51,1.3406587026310035e-05
4,UPFC_Vse,5-15,0.06281978711677351,71,0.06108764641857782,MAP_PMU,51,0.0017321406981956888
5,UPFC_tse,5-15,-2.1814670775276337,71,-2.173900401794008,MAP_PMU,51,0.007566675733625683
0,x_tcsc,1-14,-0.09853178294984398,72,-0.09843835549311188,MAP_PMU,51,9.342745673210362e-05
1,B_svc,2,0.16738198603625967,72,0.16775472795433324,MAP_PMU,51,0.0003727419180735714
2,UPFC_Vsh,5-15,1.1087128409253717,72,1.1134707363951042,MAP_PMU,51,0.004757895469732487
3,UPFC_tsh,5-15,-0.24475836194326878,72,-0.24468702897118194,MAP_PMU,51,7.133297208683498e-05
4,UPFC_Vse,5-15,0.06234071080416737,72,0.06108764641857782,MAP_PMU,51,0.0012530643855895515
5,UPFC_tse,5-15,-2.1960450889071366,72,-2.173900401794008,MAP_PMU,51,0.02214468711312856
0,x_tcsc,1-14,-0.09851221627078703,73,-0.09843835549311188,MAP_PMU,51,7.386077767515542e-05
1,B_svc,2,0.16827640613431452,73,0.16775472795433324,MAP_PMU,51,0.0005216781799812775
2,UPFC_Vsh,5-15,1.1090632616450082,73,1.1134707363951042,MAP_PMU,51,0.004407474750095952
3,UPFC_tsh,5-15,-0.24473952360246407,73,-0.24468702897118194,MAP_PMU,51,5.249463128212395e-05
4,UPFC_Vse,5-15,0.06232439923446922,73,0.06108764641857782,MAP_PMU,51,0.0012367528158913968
5,UPFC_tse,5-15,-2.1863229271285687,73,-2.173900401794008,MAP_PMU,51,0.012422525334560675
0,x_tcsc,1-14,-0.09857133787795251,74,-0.09843835549311188,MAP_PMU,51,0.0001329823848406353
1,B_svc,2,0.16803296446786722,74,0.16775472795433324,MAP_PMU,51,0.0002782365135339804
2,UPFC_Vsh,5-15,1.1089014986947294,74,1.1134707363951042,MAP_PMU,51,0.004569237700374762
3,UPFC_tsh,5-15,-0.24476448104117407,74,-0.24468702897118194,MAP_PMU,51,7.745206999212884e-05
4,UPFC_Vse,5-15,0.06221024203657078,74,0.06108764641857782,MAP_PMU,51,0.0011225956179929594
5,UPFC_tse,5-15,-2.187761296249082,74,-2.173900401794008,MAP_PMU,51,0.013860894455074213
0,x_tcsc,1-14,-0.09853114038083163,75,-0.09843835549311188,MAP_PMU,51,9.278488771975735e-05
1,B_svc,2,0.1679546731590977,75,0.16775472795433324,MAP_PMU,51,0.00019994520476446231
2,UPFC_Vsh,5-15,1.1090737505884243,75,1.1134707363951042,MAP_PMU,51,0.0043969858066799095
3,UPFC_tsh,5-15,-0.24462047892456676,75,-0.24468702897118194,MAP_PMU,51,6.655004661518249e-05
4,UPFC_Vse,5-15,0.06204885704221896,75,0.06108764641857782,MAP_PMU,51,0.0009612106236411427
5,UPFC_tse,5-15,-2.185423772772094,75,-2.173900401794008,MAP_PMU,51,0.011523370978085978
0,x_tcsc,1-14,-0.09852525514133564,76,-0.09843835549311188,MAP_PMU,51,8.689964822376772e-05
1,B_svc,2,0.1684640530122948,76,0.16775472795433324,MAP_PMU,51,0.0007093250579615629
2,UPFC_Vsh,5-15,1.1086498011533186,76,1.1134707363951042,MAP_PMU,51,0.004820935241785618
3,UPFC_tsh,5-15,-0.24478018091816495,76,-0.24468702897118194,MAP_PMU,51,9.315194698300555e-05
4,UPFC_Vse,5-15,0.06247966355009574,76,0.06108764641857782,MAP_PMU,51,0.001392017131517917
5,UPFC_tse,5-15,-2.1977990171843587,76,-2.173900401794008,MAP_PMU,51,0.023898615390350653
0,x_tcsc,1-14,-0.0985131349720469,77,-0.09843835549311188,MAP_PMU,51,7.477947893502757e-05
1,B_svc,2,0.1676040679491891,77,0.16775472795433324,MAP_PMU,51,0.00015066000514413203
2,UPFC_Vsh,5-15,1.1084500161751718,77,1.1134707363951042,MAP_PMU,51,0.005020720219932384
3,UPFC_tsh,5-15,-0.24488508044308088,77,-0.24468702897118194,MAP_PMU,51,0.00019805147189894123
4,UPFC_Vse,5-15,0.06316315191233274,77,0.06108764641857782,MAP_PMU,51,0.0020755054937549172
5,UPFC_tse,5-15,-2.2000560818326744,77,-2.173900401794008,MAP_PMU,51,0.026155680038666418
0,x_tcsc,1-14,-0.09848675041178213,78,-0.09843835549311188,MAP_PMU,51,4.8394918670258136e-05
1,B_svc,2,0.1673356653366047,78,0.16775472795433324,MAP_PMU,51,0.0004190626177285328
2,UPFC_Vsh,5-15,1.108804899501653,78,1.1134707363951042,MAP_PMU,51,0.004665836893451125
3,UPFC_tsh,5-15,-0.24472304661228036,78,-0.24468702897118194,MAP_PMU,51,3.601764109842365e-05
4,UPFC_Vse,5-15,0.06279077346043582,78,0.06108764641857782,MAP_PMU,51,0.001703127041858002
5,UPFC_tse,5-15,-2.195149399169621,78,-2.173900401794008,MAP_PMU,51,0.021248997375613143
0,x_tcsc,1-14,-0.09850043047406228,79,-0.09843835549311188,MAP_PMU,51,6.207498095039954e-05
1,B_svc,2,0.16814566579311663,79,0.16775472795433324,MAP_PMU,51,0.00039093783878338395
2,UPFC_Vsh,5-15,1.1082449074539675,79,1.1134707363951042,MAP_PMU,51,0.0052258289411366565
3,UPFC_tsh,5-15,-0.24477281719471866,79,-0.24468702897118194,MAP_PMU,51,8.578822353672022e-05
4,UPFC_Vse,5-15,0.06191537715254337,79,0.06108764641857782,MAP_PMU,51,0.0008277307339655468
5,UPFC_tse,5-15,-2.1996262570247875,79,-2.173900401794008,MAP_PMU,51,0.025725855230779526
0,x_tcsc,1-14,-0.09851370093410237,80,-0.09843835549311188,MAP_PMU,51,7.534544099049856e-05
1,B_svc,2,0.16836010772454155,80,0.16775472795433324,MAP_PMU,51,0.000605379770208303
2,UPFC_Vsh,5-15,1.1088849813120554,80,1.1134707363951042,MAP_PMU,51,0.004585755083048815
3,UPFC_tsh,5-15,-0.24478003704027723,80,-0.24468702897118194,MAP_PMU,51,9.300806909529058e-05
4,UPFC_Vse,5-15,0.0623746858181942,80,0.06108764641857782,MAP_PMU,51,0.0012870393996163784
5,UPFC_tse,5-15,-2.1990947659839803,80,-2.173900401794008,MAP_PMU,51,0.02519436418997234
0,x_tcsc,1-14,-0.09849402934051771,81,-0.09843835549311188,MAP_PMU,51,5.5673847405832144e-05
1,B_svc,2,0.167748701669712,81,0.16775472795433324,MAP_PMU,51,6.026284621235556e-06
2,UPFC_Vsh,5-15,1.1087209141842793,81,1.1134707363951042,MAP_PMU,51,0.004749822210824872
3,UPFC_tsh,5-15,-0.24472426039886883,81,-0.24468702897118194,MAP_PMU,51,3.723142768688459e-05
4,UPFC_Vse,5-15,0.06199473712591662,81,0.06108764641857782,MAP_PMU,51,0.0009070907073387979
5,UPFC_tse,5-15,-2.195288504373855,81,-2.173900401794008,MAP_PMU,51,0.0213881025798468
0,x_tcsc,1-14,-0.09857125565413498,82,-0.09843835549311188,MAP_PMU,51,0.00013290016102310287
1,B_svc,2,0.16812141257708837,82,0.16775472795433324,MAP_PMU,51,0.00036668462275513125
2,UPFC_Vsh,5-15,1.108735408072042,82,1.1134707363951042,MAP_PMU,51,0.004735328323062227
3,UPFC_tsh,5-15,-0.24481704591382772,82,-0.24468702897118194,MAP_PMU,51,0.00013001694264577757
4,UPFC_Vse,5-15,0.06316095017290814,82,0.06108764641857782,MAP_PMU,51,0.002073303754330319
5,UPFC_tse,5-15,-2.1979894315030504,82,-2.173900401794008,MAP_PMU,51,0.024089029709042364
0,x_tcsc,1-14,-0.09857666885503806,83,-0.09843835549311188,MAP_PMU,51,0.00013831336192618449
1,B_svc,2,0.1682196358024381,83,0.16775472795433324,MAP_PMU,51,0.00046490784810485075
2,UPFC_Vsh,5-15,1.1093605653160377,83,1.1134707363951042,MAP_PMU,51,0.004110171079066527
3,UPFC_tsh,5-15,-0.24467009822752323,83,-0.24468702897118194,MAP_PMU,51,1.6930743658716274e-05
4,UPFC_Vse,5-15,0.06219601427719999,83,0.06108764641857782,MAP_PMU,51,0.0011083678586221724
5,UPFC_tse,5-15,-2.1803047021182342,83,-2.173900401794008,MAP_PMU,51,0.006404300324226231
0,x_tcsc,1-14,-0.09852357019019688,84,-0.09843835549311188,MAP_PMU,51,8.521469708500096e-05
1,B_svc,2,0.16769386002434855,84,0.16775472795433324,MAP_PMU,51,6.086792998469259e-05
2,UPFC_Vsh,5-15,1.1088570244798475,84,1.1134707363951042,MAP_PMU,51,0.004613711915256724
3,UPFC_tsh,5-15,-0.2447135364663164,84,-0.24468702897118194,MAP_PMU,51,2.650749513447015e-05
4,UPFC_Vse,5-15,0.06262733437065121,84,0.06108764641857782,MAP_PMU,51,0.0015396879520733903
5,UPFC_tse,5-15,-2.1916049888833946,84,-2.173900401794008,MAP_PMU,51,0.017704587089386603
0,x_tcsc,1-14,-0.09850193883493746,85,-0.09843835549311188,MAP_PMU,51,6.358334182558767e-05
1,B_svc,2,0.16787171868472642,85,0.16775472795433324,MAP_PMU,51,0.00011699073039317387
2,UPFC_Vsh,5-15,1.1087611328258848,85,1.1134707363951042,MAP_PMU,51,0.004709603569219345
3,UPFC_tsh,5-15,-0.2446880520372697,85,-0.24468702897118194,MAP_PMU,51,1.023066087763036e-06
4,UPFC_Vse,5-15,0.06187464679014675,85,0.06108764641857782,MAP_PMU,51,0.0007870003715689314
5,UPFC_tse,5-15,-2.188049619134033,85,-2.173900401794008,MAP_PMU,51,0.014149217340024833
0,x_tcsc,1-14,-0.09855434391365592,86,-0.09843835549311188,MAP_PMU,51,0.00011598842054404146
1,B_svc,2,0.16810263621098379,86,0.16775472795433324,MAP_PMU,51,0.00034790825665054204
2,UPFC_Vsh,5-15,1.109070580657543,86,1.1134707363951042,MAP_PMU,51,0.004400155737561251
3,UPFC_tsh,5-15,-0.24479914764808833,86,-0.24468702897118194,MAP_PMU,51,0.00011211867690638644
4,UPFC_Vse,5-15,0.06195329231611104,86,0.06108764641857782,MAP_PMU,51,0.0008656458975332196
5,UPFC_tse,5-15,-2.1938383710348663,86,-2.173900401794008,MAP_PMU,51,0.019937969240858333
0,x_tcsc,1-14,-0.0985191553183276,87,-0.09843835549311188,MAP_PMU,51,8.07998252157216e-05
1,B_svc,2,0.16773400251908033,87,0.16775472795433324,MAP_PMU,51,2.0725435252916258e-05
2,UPFC_Vsh,5-15,1.1089543795626757,87,1.1134707363951042,MAP_PMU,51,0.004516356832428459
3,UPFC_tsh,5-15,-0.2446779452328195,87,-0.24468702897118194,MAP_PMU,51,9.08373836244758e-06
4,UPFC_Vse,5-15,0.06274229695039914,87,0.06108764641857782,MAP_PMU,51,0.0016546505318213167
5,UPFC_tse,5-15,-2.1990763238909246,87,-2.173900401794008,MAP_PMU,51,0.025175922096916548
0,x_tcsc,1-14,-0.09856506295098127,88,-0.09843835549311188,MAP_PMU,51,0.00012670745786939885
1,B_svc,2,0.16820029701597494,88,0.16775472795433324,MAP_PMU,51,0.0004455690616416985
2,UPFC_Vsh,5-15,1.1085535367652992,88,1.1134707363951042,MAP_PMU,51,0.004917199629804969
3,UPFC_tsh,5-15,-0.2448319977126479,88,-0.24468702897118194,MAP_PMU,51,0.00014496874146596728
4,UPFC_Vse,5-15,0.06211346042135179,88,0.06108764641857782,MAP_PMU,51,0.0010258140027739684
5,UPFC_tse,5-15,-2.1874388655525205,88,-2.173900401794008,MAP_PMU,51,0.013538463758512531
0,x_tcsc,1-14,-0.09850299916299678,89,-0.09843835549311188,MAP_PMU,51,6.464366988490067e-05
1,B_svc,2,0.16777673073847194,89,0.16775472795433324,MAP_PMU,51,2.200278413869161e-05
2,UPFC_Vsh,5-15,1.1085567988126281,89,1.1134707363951042,MAP_PMU,51,0.004913937582476047
3,UPFC_tsh,5-15,-0.24471798115433357,89,-0.24468702897118194,MAP_PMU,51,3.0952183151633506e-05
4,UPFC_Vse,5-15,0.06217718653395496,89,0.06108764641857782,MAP_PMU,51,0.0010895401153771384
5,UPFC_tse,5-15,-2.1959300970869706,89,-2.173900401794008,MAP_PMU,51,0.022029695292962614
0,x_tcsc,1-14,-0.0985633544383373,90,-0.09843835549311188,MAP_PMU,51,0.00012499894522542687
1,B_svc,2,0.16770004369057542,90,0.16775472795433324,MAP_PMU,51,5.468426375782043e-05
2,UPFC_Vsh,5-15,1.1089328925027282,90,1.1134707363951042,MAP_PMU,51,0.004537843892375992
3,UPFC_tsh,5-15,-0.24471598139067352,90,-0.24468702897118194,MAP_PMU,51,2.8952419491579118e-05
4,UPFC_Vse,5-15,0.06244172416365937,90,0.06108764641857782,MAP_PMU,51,0.0013540777450815472
5,UPFC_tse,5-15,-2.1898173921079476,90,-2.173900401794008,MAP_PMU,51,0.01591699031393956
0,x_tcsc,1-14,-0.09851347887615139,91,-0.09843835549311188,MAP_PMU,51,7.512338303951316e-05
1,B_svc,2,0.16830604257494466,91,0.16775472795433324,MAP_PMU,51,0.0005513146206114206
2,UPFC_Vsh,5-15,1.1087936465277515,91,1.1134707363951042,MAP_PMU,51,0.004677089867352713
3,UPFC_tsh,5-15,-0.2447588210561298,91,-0.24468702897118194,MAP_PMU,51,7.179208494786926e-05
4,UPFC_Vse,5-15,0.06265603175359216,91,0.06108764641857782,MAP_PMU,51,0.0015683853350143412
5,UPFC_tse,5-15,-2.192761534842745,91,-2.173900401794008,MAP_PMU,51,0.018861133048737155
0,x_tcsc,1-14,-0.09855998000537135,92,-0.09843835549311188,MAP_PMU,51,0.00012162451225947168
1,B_svc,2,0.16814784303151126,92,0.16775472795433324,MAP_PMU,51,0.0003931150771780134
2,UPFC_Vsh,5-15,1.1086204494557041,92,1.1134707363951042,MAP_PMU,51,0.004850286939400039
3,UPFC_tsh,5-15,-0.2447502138591891,92,-0.24468702897118194,MAP_PMU,51,6.318488800716171e-05
4,UPFC_Vse,5-15,0.06275565000876943,92,0.06108764641857782,MAP_PMU,51,0.0016680035901916052
5,UPFC_tse,5-15,-2.1930025363764827,92,-2.173900401794008,MAP_PMU,51,0.019102134582474672
0,x_tcsc,1-14,-0.0984925045556426,93,-0.09843835549311188,MAP_PMU,51,5.414906253072005e-05
1,B_svc,2,0.16745915607474496,93,0.16775472795433324,MAP_PMU,51,0.00029557187958828557
2,UPFC_Vsh,5-15,1.108684373986086,93,1.1134707363951042,MAP_PMU,51,0.004786362409018086
3,UPFC_tsh,5-15,-0.2447441201330957,93,-0.24468702897118194,MAP_PMU,51,5.7091161913769284e-05
4,UPFC_Vse,5-15,0.062055598213941465,93,0.06108764641857782,MAP_PMU,51,0.0009679517953636446
5,UPFC_tse,5-15,-2.1872415562706684,93,-2.173900401794008,MAP_PMU,51,0.0133411544766604
0,x_tcsc,1-14,-0.09850757136139054,94,-0.09843835549311188,MAP_PMU,51,6.921586827866866e-05
1,B_svc,2,0.16805028192176988,94,0.16775472795433324,MAP_PMU,51,0.00029555396743663476
2,UPFC_Vsh,5-15,1.1085909112035932,94,1.1134707363951042,MAP_PMU,51,0.004879825191510978
3,UPFC_tsh,5-15,-0.24478975339731004,94,-0.24468702897118194,MAP_PMU,51,0.00010272442612810351
4,UPFC_Vse,5-15,0.06235107132405688,94,0.06108764641857782,MAP_PMU,51,0.0012634249054790589
5,UPFC_tse,5-15,-2.184095317065049,94,-2.173900401794008,MAP_PMU,51,0.010194915271040994
0,x_tcsc,1-14,-0.09849587949722854,95,-0.09843835549311188,MAP_PMU,51,5.752400411666858e-05
1,B_svc,2,0.1680831174210504,95,0.16775472795433324,MAP_PMU,51,0.0003283894667171494
2,UPFC_Vsh,5-15,1.1087701832156514,95,1.1134707363951042,MAP_PMU,51,0.004700553179452838
3,UPFC_tsh,5-15,-0.24477448972972662,95,-0.24468702897118194,MAP_PMU,51,8.746075854468294e-05
4,UPFC_Vse,5-15,0.06250655982233931,95,0.06108764641857782,MAP_PMU,51,0.0014189134037614903
5,UPFC_tse,5-15,-2.191035884266675,95,-2.173900401794008,MAP_PMU,51,0.01713548247266683
0,x_tcsc,1-14,-0.09854350492255441,96,-0.09843835549311188,MAP_PMU,51,0.00010514942944253591
1,B_svc,2,0.16768547997733405,96,0.16775472795433324,MAP_PMU,51,6.924797699919827e-05
2,UPFC_Vsh,5-15,1.108592768235088,96,1.1134707363951042,MAP_PMU,51,0.004877968160016177
3,UPFC_tsh,5-15,-0.24472952569283088,96,-0.24468702897118194,MAP_PMU,51,4.249672164893803e-05
4,UPFC_Vse,5-15,0.06256698413124463,96,0.06108764641857782,MAP_PMU,51,0.0014793377126668117
5,UPFC_tse,5-15,-2.205816186595805,96,-2.173900401794008,MAP_PMU,51,0.03191578480179702
0,x_tcsc,1-14,-0.09854475692560699,97,-0.09843835549311188,MAP_PMU,51,0.00010640143249511513
1,B_svc,2,0.16798778876442869,97,0.16775472795433324,MAP_PMU,51,0.00023306081009544233
2,UPFC_Vsh,5-15,1.1092268166949248,97,1.1134707363951042,MAP_PMU,51,0.004243919700179344
3,UPFC_tsh,5-15,-0.24473420359057688,97,-0.24468702897118194,MAP_PMU,51,4.717461939493517e-05
4,UPFC_Vse,5-15,0.06276618591675524,97,0.06108764641857782,MAP_PMU,51,0.0016785394981774227
5,UPFC_tse,5-15,-2.1844808374326163,97,-2.173900401794008,MAP_PMU,51,0.010580435638608332
0,x_tcsc,1-14,-0.09857101204096697,98,-0.09843835549311188,MAP_PMU,51,0.0001326565478550895
1,B_svc,2,0.16812479053641674,98,0.16775472795433324,MAP_PMU,51,0.00037006258208349685
2,UPFC_Vsh,5-15,1.108628734987962,98,1.1134707363951042,MAP_PMU,51,0.0048420014071421935
3,UPFC_tsh,5-15,-0.2447407557929783,98,-0.24468702897118194,MAP_PMU,51,5.372682179635713e-05
4,UPFC_Vse,5-15,0.062391747172645715,98,0.06108764641857782,MAP_PMU,51,0.001304100754067894
5,UPFC_tse,5-15,-2.2058414408096088,98,-2.173900401794008,MAP_PMU,51,0.03194103901560075
0,x_tcsc,1-14,-0.0985194332989616,99,-0.09843835549311188,MAP_PMU,51,8.107780584971913e-05
1,B_svc,2,0.1679738690972559,99,0.16775472795433324,MAP_PMU,51,0.00021914114292265197
2,UPFC_Vsh,5-15,1.1085189745933017,99,1.1134707363951042,MAP_PMU,51,0.004951761801802457
3,UPFC_tsh,5-15,-0.24473891033433678,99,-0.24468702897118194,MAP_PMU,51,5.188136315484315e-05
4,UPFC_Vse,5-15,0.06224743263044153,99,0.06108764641857782,MAP_PMU,51,0.00115978621186371
5,UPFC_tse,5-15,-2.1911764094340302,99,-2.173900401794008,MAP_PMU,51,0.01727600764002224
0,x_tcsc,1-14,-0.09760346561967334,0,-0.09749920633276173,MAP_PMU,53,0.0001042592869116149
1,B_svc,2,0.16719484842428597,0,0.16751060592097347,MAP_PMU,53,0.00031575749668749653
2,UPFC_Vsh,5-15,1.1088978643124887,0,1.114599987228435,MAP_PMU,53,0.005702122915946184
3,UPFC_tsh,5-15,-0.2455650432523474,0,-0.2455721825006816,MAP_PMU,53,7.139248334203652e-06
4,UPFC_Vse,5-15,0.06221133508896123,0,0.06179960569064277,MAP_PMU,53,0.0004117293983184542
5,UPFC_tse,5-15,-2.1862428231981177,0,-2.1737620505090027,MAP_PMU,53,0.01248077268911496
0,x_tcsc,1-14,-0.09765859959338741,1,-0.09749920633276173,MAP_PMU,53,0.0001593932606256815
1,B_svc,2,0.1675066233126416,1,0.16751060592097347,MAP_PMU,53,3.982608331870585e-06
2,UPFC_Vsh,5-15,1.108944975671445,1,1.114599987228435,MAP_PMU,53,0.005655011556989997
3,UPFC_tsh,5-15,-0.24563404163058417,1,-0.2455721825006816,MAP_PMU,53,6.185912990255837e-05
4,UPFC_Vse,5-15,0.0627777856806766,1,0.06179960569064277,MAP_PMU,53,0.0009781799900338284
5,UPFC_tse,5-15,-2.192540824643455,1,-2.1737620505090027,MAP_PMU,53,0.01877877413445228
0,x_tcsc,1-14,-0.09761801263399104,2,-0.09749920633276173,MAP_PMU,53,0.00011880630122931835
1,B_svc,2,0.1675302798820384,2,0.16751060592097347,MAP_PMU,53,1.967396106491992e-05
2,UPFC_Vsh,5-15,1.1087602749046468,2,1.114599987228435,MAP_PMU,53,0.005839712323788104
3,UPFC_tsh,5-15,-0.24562202585095258,2,-0.2455721825006816,MAP_PMU,53,4.984335027097275e-05
4,UPFC_Vse,5-15,0.06266795446149348,2,0.06179960569064277,MAP_PMU,53,0.0008683487708507076
5,UPFC_tse,5-15,-2.1897226365430256,2,-2.1737620505090027,MAP_PMU,53,0.01596058603402284
0,x_tcsc,1-14,-0.09762337255158796,3,-0.09749920633276173,MAP_PMU,53,0.0001241662188262299
1,B_svc,2,0.16793387526294828,3,0.16751060592097347,MAP_PMU,53,0.0004232693419748135
2,UPFC_Vsh,5-15,1.1086422551940986,3,1.114599987228435,MAP_PMU,53,0.005957732034336249
3,UPFC_tsh,5-15,-0.24566347779097383,3,-0.2455721825006816,MAP_PMU,53,9.129529029222594e-05
4,UPFC_Vse,5-15,0.06312170158681445,3,0.06179960569064277,MAP_PMU,53,0.0013220958961716739
5,UPFC_tse,5-15,-2.2009461503622596,3,-2.1737620505090027,MAP_PMU,53,0.02718409985325687
0,x_tcsc,1-14,-0.09770011672489755,4,-0.09749920633276173,MAP_PMU,53,0.0002009103921358224
1,B_svc,2,0.16781401100324572,4,0.16751060592097347,MAP_PMU,53,0.00030340508227225116
2,UPFC_Vsh,5-15,1.108470154570504,4,1.114599987228435,MAP_PMU,53,0.006129832657930878
3,UPFC_tsh,5-15,-0.24555915548210264,4,-0.2455721825006816,MAP_PMU,53,1.3027018578970484e-05
4,UPFC_Vse,5-15,0.06225461617474923,4,0.06179960569064277,MAP_PMU,53,0.00045501048410645506
5,UPFC_tse,5-15,-2.1833363609880347,4,-2.1737620505090027,MAP_PMU,53,0.009574310479032011
0,x_tcsc,1-14,-0.09763596909217585,5,-0.09749920633276173,MAP_PMU,53,0.0001367627594141274
1,B_svc,2,0.1674402626574562,5,0.16751060592097347,MAP_PMU,53,7.034326351726405e-05
2,UPFC_Vsh,5-15,1.1090212814834668,5,1.114599987228435,MAP_PMU,53,0.005578705744968104
3,UPFC_tsh,5-15,-0.24556276894106707,5,-0.2455721825006816,MAP_PMU,53,9.41355961453505e-06
4,UPFC_Vse,5-15,0.06263920228150704,5,0.06179960569064277,MAP_PMU,53,0.0008395965908642722
5,UPFC_tse,5-15,-2.184120721657491,5,-2.1737620505090027,MAP_PMU,53,0.01035867114848843
0,x_tcsc,1-14,-0.09763798633441532,6,-0.09749920633276173,MAP_PMU,53,0.00013878000165359894
1,B_svc,2,0.16727201559509497,6,0.16751060592097347,MAP_PMU,53,0.0002385903258785016
2,UPFC_Vsh,5-15,1.108949931616613,6,1.114599987228435,MAP_PMU,53,0.005650055611821969
3,UPFC_tsh,5-15,-0.24568121571836735,6,-0.2455721825006816,MAP_PMU,53,0.00010903321768573893
4,UPFC_Vse,5-15,0.0621368387633672,6,0.06179960569064277,MAP_PMU,53,0.00033723307272442993
5,UPFC_tse,5-15,-2.1947593692848515,6,-2.1737620505090027,MAP_PMU,53,0.02099731877584876
0,x_tcsc,1-14,-0.09757507161655095,7,-0.09749920633276173,MAP_PMU,53,7.586528378922264e-05
1,B_svc,2,0.16752582777752092,7,0.16751060592097347,MAP_PMU,53,1.5221856547453783e-05
2,UPFC_Vsh,5-15,1.1088450853490037,7,1.114599987228435,MAP_PMU,53,0.0057549018794311735
3,UPFC_tsh,5-15,-0.24562713846263837,7,-0.2455721825006816,MAP_PMU,53,5.495596195675967e-05
4,UPFC_Vse,5-15,0.06213008245468042,7,0.06179960569064277,MAP_PMU,53,0.0003304767640376488
5,UPFC_tse,5-15,-2.1874001502563147,7,-2.1737620505090027,MAP_PMU,53,0.013638099747312005
0,x_tcsc,1-14,-0.09769459495860029,8,-0.09749920633276173,MAP_PMU,53,0.0001953886258385662
1,B_svc,2,0.16759054536746482,8,0.16751060592097347,MAP_PMU,53,7.993944649134499e-05
2,UPFC_Vsh,5-15,1.108610690360855,8,1.114599987228435,MAP_PMU,53,0.005989296867579874
3,UPFC_tsh,5-15,-0.24560911693666618,8,-0.2455721825006816,MAP_PMU,53,3.6934435984570246e-05
4,UPFC_Vse,5-15,0.06320912418962982,8,0.06179960569064277,MAP_PMU,53,0.0014095184989870446
5,UPFC_tse,5-15,-2.193453115203548,8,-2.1737620505090027,MAP_PMU,53,0.01969106469454518
0,x_tcsc,1-14,-0.09759601847746738,9,-0.09749920633276173,MAP_PMU,53,9.681214470565191e-05
1,B_svc,2,0.1674347246693046,9,0.16751060592097347,MAP_PMU,53,7.588125166888005e-05
2,UPFC_Vsh,5-15,1.1088251452970963,9,1.114599987228435,MAP_PMU,53,0.005774841931338592
3,UPFC_tsh,5-15,-0.24563480829878442,9,-0.2455721825006816,MAP_PMU,53,6.262579810281665e-05
4,UPFC_Vse,5-15,0.062250863191298036,9,0.06179960569064277,MAP_PMU,53,0.0004512575006552638
5,UPFC_tse,5-15,-2.185019302165828,9,-2.1737620505090027,MAP_PMU,53,0.011257251656825229
0,x_tcsc,1-14,-0.09763098783232954,10,-0.09749920633276173,MAP_PMU,53,0.00013178149956781515
1,B_svc,2,0.16758954046183835,10,0.16751060592097347,MAP_PMU,53,7.893454086488338e-05
2,UPFC_Vsh,5-15,1.1085466389968925,10,1.114599987228435,MAP_PMU,53,0.006053348231542355
3,UPFC_tsh,5-15,-0.2456641378596376,10,-0.2455721825006816,MAP_PMU,53,9.195535895598073e-05
4,UPFC_Vse,5-15,0.06298552354182463,10,0.06179960569064277,MAP_PMU,53,0.0011859178511818558
5,UPFC_tse,5-15,-2.1909376672792735,10,-2.1737620505090027,MAP_PMU,53,0.017175616770270796
0,x_tcsc,1-14,-0.09765861964690849,11,-0.09749920633276173,MAP_PMU,53,0.0001594133141467613
1,B_svc,2,0.16778219326584973,11,0.16751060592097347,MAP_PMU,53,0.00027158734487625624
2,UPFC_Vsh,5-15,1.108768093571614,11,1.114599987228435,MAP_PMU,53,0.005831893656820908
3,UPFC_tsh,5-15,-0.24568104089192488,11,-0.2455721825006816,MAP_PMU,53,0.00010885839124327723
4,UPFC_Vse,5-15,0.06276792669633517,11,0.06179960569064277,MAP_PMU,53,0.0009683210056923991
5,UPFC_tse,5-15,-2.188987109254788,11,-2.1737620505090027,MAP_PMU,53,0.01522505874578517
0,x_tcsc,1-14,-0.09769482624498972,12,-0.09749920633276173,MAP_PMU,53,0.00019561991222799557
1,B_svc,2,0.16724791516782173,12,0.16751060592097347,MAP_PMU,53,0.0002626907531517453
2,UPFC_Vsh,5-15,1.109130993711818,12,1.114599987228435,MAP_PMU,53,0.0054689935166170045
3,UPFC_tsh,5-15,-0.24564647978980872,12,-0.2455721825006816,MAP_PMU,53,7.429728912711209e-05
4,UPFC_Vse,5-15,0.0632794183598033,12,0.06179960569064277,MAP_PMU,53,0.0014798126691605296
5,UPFC_tse,5-15,-2.184851668643523,12,-2.1737620505090027,MAP_PMU,53,0.01108961813452014
0,x_tcsc,1-14,-0.0976367165012118,13,-0.09749920633276173,MAP_PMU,53,0.00013751016845008068
1,B_svc,2,0.1677440285927371,13,0.16751060592097347,MAP_PMU,53,0.00023342267176362785
2,UPFC_Vsh,5-15,1.108845990735994,13,1.114599987228435,MAP_PMU,53,0.005753996492440905
3,UPFC_tsh,5-15,-0.24554662103996283,13,-0.2455721825006816,MAP_PMU,53,2.5561460718775963e-05
4,UPFC_Vse,5-15,0.061955367837554336,13,0.06179960569064277,MAP_PMU,53,0.00015576214691156304
5,UPFC_tse,5-15,-2.190185710875164,13,-2.1737620505090027,MAP_PMU,53,0.016423660366161386
0,x_tcsc,1-14,-0.09762932225384663,14,-0.09749920633276173,MAP_PMU,53,0.00013011592108490289
1,B_svc,2,0.16725123896530503,14,0.16751060592097347,MAP_PMU,53,0.00025936695566844414
2,UPFC_Vsh,5-15,1.1088115993987082,14,1.114599987228435,MAP_PMU,53,0.005788387829726682
3,UPFC_tsh,5-15,-0.24559837677575067,14,-0.2455721825006816,MAP_PMU,53,2.6194275069058026e-05
4,UPFC_Vse,5-15,0.062376865106417045,14,0.06179960569064277,MAP_PMU,53,0.0005772594157742728
5,UPFC_tse,5-15,-2.198940154611793,14,-2.1737620505090027,MAP_PMU,53,0.02517810410279031
0,x_tcsc,1-14,-0.0975848149633117,15,-0.09749920633276173,MAP_PMU,53,8.560863054997425e-05
1,B_svc,2,0.16722117073586043,15,0.16751060592097347,MAP_PMU,53,0.00028943518511304056
2,UPFC_Vsh,5-15,1.109088651994313,15,1.114599987228435,MAP_PMU,53,0.005511335234121839
3,UPFC_tsh,5-15,-0.24554309423590662,15,-0.2455721825006816,MAP_PMU,53,2.9088264774990158e-05
4,UPFC_Vse,5-15,0.06250633770856114,15,0.06179960569064277,MAP_PMU,53,0.0007067320179183628
5,UPFC_tse,5-15,-2.1873156616148672,15,-2.1737620505090027,MAP_PMU,53,0.013553611105864505
0,x_tcsc,1-14,-0.09760862829355595,16,-0.09749920633276173,MAP_PMU,53,0.0001094219607942204
1,B_svc,2,0.1675797222146109,16,0.16751060592097347,MAP_PMU,53,6.911629363742788e-05
2,UPFC_Vsh,5-15,1.109054419805232,16,1.114599987228435,MAP_PMU,53,0.005545567423203002
3,UPFC_tsh,5-15,-0.24558393861235134,16,-0.2455721825006816,MAP_PMU,53,1.1756111669730673e-05
4,UPFC_Vse,5-15,0.06203532052647418,16,0.06179960569064277,MAP_PMU,53,0.000235714835831409
5,UPFC_tse,5-15,-2.1906864371878236,16,-2.1737620505090027,MAP_PMU,53,0.016924386678820902
0,x_tcsc,1-14,-0.09766166722156217,17,-0.09749920633276173,MAP_PMU,53,0.00016246088880043918
1,B_svc,2,0.16773224406042622,17,0.16751060592097347,MAP_PMU,53,0.00022163813945275113
2,UPFC_Vsh,5-15,1.1092254711000897,17,1.114599987228435,MAP_PMU,53,0.005374516128345164
3,UPFC_tsh,5-15,-0.2455897113586999,17,-0.2455721825006816,MAP_PMU,53,1.7528858018284188e-05
4,UPFC_Vse,5-15,0.06277733009734636,17,0.06179960569064277,MAP_PMU,53,0.0009777244067035867
5,UPFC_tse,5-15,-2.1767068206373636,17,-2.1737620505090027,MAP_PMU,53,0.0029447701283609184
0,x_tcsc,1-14,-0.09758134148912394,18,-0.09749920633276173,MAP_PMU,53,8.213515636221191e-05
1,B_svc,2,0.16726191550909875,18,0.16751060592097347,MAP_PMU,53,0.0002486904118747246
2,UPFC_Vsh,5-15,1.1088374048657672,18,1.114599987228435,MAP_PMU,53,0.00576258236266769
3,UPFC_tsh,5-15,-0.2456295957475405,18,-0.2455721825006816,MAP_PMU,53,5.741324685890059e-05
4,UPFC_Vse,5-15,0.06251875995260199,18,0.06179960569064277,MAP_PMU,53,0.0007191542619592178
5,UPFC_tse,5-15,-2.190855916028088,18,-2.1737620505090027,MAP_PMU,53,0.017093865519085316
0,x_tcsc,1-14,-0.09761919132910551,19,-0.09749920633276173,MAP_PMU,53,0.00011998499634378879
1,B_svc,2,0.16697269482799804,19,0.16751060592097347,MAP_PMU,53,0.0005379110929754349
2,UPFC_Vsh,5-15,1.1091165580777638,19,1.114599987228435,MAP_PMU,53,0.005483429150671126
3,UPFC_tsh,5-15,-0.24551868758304524,19,-0.2455721825006816,MAP_PMU,53,5.349491763637082e-05
4,UPFC_Vse,5-15,0.06229278952451886,19,0.06179960569064277,MAP_PMU,53,0.0004931838338760874
5,UPFC_tse,5-15,-2.1881418256393776,19,-2.1737620505090027,MAP_PMU,53,0.014379775130374917
0,x_tcsc,1-14,-0.09760475146061492,20,-0.09749920633276173,MAP_PMU,53,0.0001055451278531988
1,B_svc,2,0.16778023686080276,20,0.16751060592097347,MAP_PMU,53,0.00026963093982929065
2,UPFC_Vsh,5-15,1.1087506596896688,20,1.114599987228435,MAP_PMU,53,0.0058493275387661026
3,UPFC_tsh,5-15,-0.24569747393949753,20,-0.2455721825006816,MAP_PMU,53,0.00012529143881592764
4,UPFC_Vse,5-15,0.06239302541781007,20,0.06179960569064277,MAP_PMU,53,0.0005934197271672964
5,UPFC_tse,5-15,-2.1990613716366227,20,-2.1737620505090027,MAP_PMU,53,0.02529932112762001
0,x_tcsc,1-14,-0.09765316113636356,21,-0.09749920633276173,MAP_PMU,53,0.00015395480360183567
1,B_svc,2,0.16793478601539857,21,0.16751060592097347,MAP_PMU,53,0.00042418009442510285
2,UPFC_Vsh,5-15,1.108951887550653,21,1.114599987228435,MAP_PMU,53,0.005648099677781904
3,UPFC_tsh,5-15,-0.24567087893605888,21,-0.2455721825006816,MAP_PMU,53,9.869643537727124e-05
4,UPFC_Vse,5-15,0.06268805264935906,21,0.06179960569064277,MAP_PMU,53,0.000888446958716288
5,UPFC_tse,5-15,-2.1916188897111986,21,-2.1737620505090027,MAP_PMU,53,0.01785683920219583
0,x_tcsc,1-14,-0.09757926416889952,22,-0.09749920633276173,MAP_PMU,53,8.005783613779238e-05
1,B_svc,2,0.16731657793791097,22,0.16751060592097347,MAP_PMU,53,0.0001940279830625058
2,UPFC_Vsh,5-15,1.1086894257004858,22,1.114599987228435,MAP_PMU,53,0.00591056152794911
3,UPFC_tsh,5-15,-0.24561140985092814,22,-0.2455721825006816,MAP_PMU,53,3.9227350246529014e-05
4,UPFC_Vse,5-15,0.06272716631278631,22,0.06179960569064277,MAP_PMU,53,0.000927560622143539
5,UPFC_tse,5-15,-2.1838684645212494,22,-2.1737620505090027,MAP_PMU,53,0.010106414012246656
0,x_tcsc,1-14,-0.09771663619190554,23,-0.09749920633276173,MAP_PMU,53,0.00021742985914381674
1,B_svc,2,0.1679180503874673,23,0.16751060592097347,MAP_PMU,53,0.0004074444664938226
2,UPFC_Vsh,5-15,1.1089749345502784,23,1.114599987228435,MAP_PMU,53,0.005625052678156495
3,UPFC_tsh,5-15,-0.24558014232789288,23,-0.2455721825006816,MAP_PMU,53,7.959827211273529e-06
4,UPFC_Vse,5-15,0.06234793548278105,23,0.06179960569064277,MAP_PMU,53,0.0005483297921382788
5,UPFC_tse,5-15,-2.1801288809469095,23,-2.1737620505090027,MAP_PMU,53,0.006366830437906756
0,x_tcsc,1-14,-0.09766492774836352,24,-0.09749920633276173,MAP_PMU,53,0.00016572141560179665
1,B_svc,2,0.1678175176324872,24,0.16751060592097347,MAP_PMU,53,0.00030691171151372987
2,UPFC_Vsh,5-15,1.108935308821824,24,1.114599987228435,MAP_PMU,53,0.005664678406611001
3,UPFC_tsh,5-15,-0.24565183624671574,24,-0.2455721825006816,MAP_PMU,53,7.965374603413622e-05
4,UPFC_Vse,5-15,0.0628515467955463,24,0.06179960569064277,MAP_PMU,53,0.001051941104903531
5,UPFC_tse,5-15,-2.1937167761969323,24,-2.1737620505090027,MAP_PMU,53,0.019954725687929553
0,x_tcsc,1-14,-0.09760809821324522,25,-0.09749920633276173,MAP_PMU,53,0.00010889188048349152
1,B_svc,2,0.16790702199417876,25,0.16751060592097347,MAP_PMU,53,0.0003964160732052857
2,UPFC_Vsh,5-15,1.1093388685299221,25,1.114599987228435,MAP_PMU,53,0.005261118698512757
3,UPFC_tsh,5-15,-0.24556656318367037,25,-0.2455721825006816,MAP_PMU,53,5.619317011235081e-06
4,UPFC_Vse,5-15,0.06254768304187014,25,0.06179960569064277,MAP_PMU,53,0.0007480773512273664
5,UPFC_tse,5-15,-2.187659698335889,25,-2.1737620505090027,MAP_PMU,53,0.013897647826886406
0,x_tcsc,1-14,-0.09760980431515487,26,-0.09749920633276173,MAP_PMU,53,0.000110597982393143
1,B_svc,2,0.16771204700797224,26,0.16751060592097347,MAP_PMU,53,0.00020144108699876595
2,UPFC_Vsh,5-15,1.1087625710147293,26,1.114599987228435,MAP_PMU,53,0.005837416213705593
3,UPFC_tsh,5-15,-0.2456035657759933,26,-0.2455721825006816,MAP_PMU,53,3.1383275311686054e-05
4,UPFC_Vse,5-15,0.06241400254601603,26,0.06179960569064277,MAP_PMU,53,0.0006143968553732546
5,UPFC_tse,5-15,-2.1825435115803833,26,-2.1737620505090027,MAP_PMU,53,0.008781461071380559
0,x_tcsc,1-14,-0.09757987207458983,27,-0.09749920633276173,MAP_PMU,53,8.066574182810649e-05
1,B_svc,2,0.16756733416547154,27,0.16751060592097347,MAP_PMU,53,5.672824449806657e-05
2,UPFC_Vsh,5-15,1.108488231686801,27,1.114599987228435,MAP_PMU,53,0.006111755541633901
3,UPFC_tsh,5-15,-0.24572037312677988,27,-0.2455721825006816,MAP_PMU,53,0.00014819062609827682
4,UPFC_Vse,5-15,0.06266414307064933,27,0.06179960569064277,MAP_PMU,53,0.0008645373800065526
5,UPFC_tse,5-15,-2.203398103308967,27,-2.1737620505090027,MAP_PMU,53,0.029636052799964396
0,x_tcsc,1-14,-0.09761014018267361,28,-0.09749920633276173,MAP_PMU,53,0.00011093384991188449
1,B_svc,2,0.1673676583897099,28,0.16751060592097347,MAP_PMU,53,0.0001429475312635653
2,UPFC_Vsh,5-15,1.1087941726072386,28,1.114599987228435,MAP_PMU,53,0.005805814621196337
3,UPFC_tsh,5-15,-0.24562772953600417,28,-0.2455721825006816,MAP_PMU,53,5.554703532256733e-05
4,UPFC_Vse,5-15,0.0625568620087189,28,0.06179960569064277,MAP_PMU,53,0.0007572563180761327
5,UPFC_tse,5-15,-2.199256123855891,28,-2.1737620505090027,MAP_PMU,53,0.025494073346888246
0,x_tcsc,1-14,-0.097687285295602,29,-0.09749920633276173,MAP_PMU,53,0.00018807896284027403
1,B_svc,2,0.16759233071908547,29,0.16751060592097347,MAP_PMU,53,8.17247981119984e-05
2,UPFC_Vsh,5-15,1.1085033262238881,29,1.114599987228435,MAP_PMU,53,0.006096661004546755
3,UPFC_tsh,5-15,-0.24564951541854801,29,-0.2455721825006816,MAP_PMU,53,7.733291786640728e-05
4,UPFC_Vse,5-15,0.0625340266563359,29,0.06179960569064277,MAP_PMU,53,0.0007344209656931222
5,UPFC_tse,5-15,-2.194682295158499,29,-2.1737620505090027,MAP_PMU,53,0.02092024464949649
0,x_tcsc,1-14,-0.09761515941573834,30,-0.09749920633276173,MAP_PMU,53,0.00011595308297661366
1,B_svc,2,0.16755017672038194,30,0.16751060592097347,MAP_PMU,53,3.9570799408472634e-05
2,UPFC_Vsh,5-15,1.108998169717727,30,1.114599987228435,MAP_PMU,53,0.005601817510707985
3,UPFC_tsh,5-15,-0.24562212447340617,30,-0.2455721825006816,MAP_PMU,53,4.994197272456535e-05
4,UPFC_Vse,5-15,0.06294052194425928,30,0.06179960569064277,MAP_PMU,53,0.0011409162536165085
5,UPFC_tse,5-15,-2.1904522568782463,30,-2.1737620505090027,MAP_PMU,53,0.016690206369243565
0,x_tcsc,1-14,-0.09758866443214809,31,-0.09749920633276173,MAP_PMU,53,8.945809938636085e-05
1,B_svc,2,0.1674551873008703,31,0.16751060592097347,MAP_PMU,53,5.5418620103164784e-05
2,UPFC_Vsh,5-15,1.1087604537808138,31,1.114599987228435,MAP_PMU,53,0.005839533447621115
3,UPFC_tsh,5-15,-0.24567356990769743,31,-0.2455721825006816,MAP_PMU,53,0.00010138740701581828
4,UPFC_Vse,5-15,0.06253984488243976,31,0.06179960569064277,MAP_PMU,53,0.0007402391917969847
5,UPFC_tse,5-15,-2.19355970308659,31,-2.1737620505090027,MAP_PMU,53,0.019797652577587144
0,x_tcsc,1-14,-0.09761255398973404,32,-0.09749920633276173,MAP_PMU,53,0.00011334765697230964
1,B_svc,2,0.1677329942006456,32,0.16751060592097347,MAP_PMU,53,0.0002223882796721366
2,UPFC_Vsh,5-15,1.1088503202004938,32,1.114599987228435,MAP_PMU,53,0.005749667027941108
3,UPFC_tsh,5-15,-0.24565474005253785,32,-0.2455721825006816,MAP_PMU,53,8.255755185623825e-05
4,UPFC_Vse,5-15,0.06283409917042504,32,0.06179960569064277,MAP_PMU,53,0.001034493479782267
5,UPFC_tse,5-15,-2.1935967147286712,32,-2.1737620505090027,MAP_PMU,53,0.019834664219668507
0,x_tcsc,1-14,-0.0976182828589771,33,-0.09749920633276173,MAP_PMU,53,0.00011907652621537257
1,B_svc,2,0.16735746210351465,33,0.16751060592097347,MAP_PMU,53,0.00015314381745881733
2,UPFC_Vsh,5-15,1.1090732101702003,33,1.114599987228435,MAP_PMU,53,0.0055267770582345666
3,UPFC_tsh,5-15,-0.2456240024698841,33,-0.2455721825006816,MAP_PMU,53,5.1819969202504534e-05
4,UPFC_Vse,5-15,0.062268955075248586,33,0.06179960569064277,MAP_PMU,53,0.0004693493846058133
5,UPFC_tse,5-15,-2.1937814561789337,33,-2.1737620505090027,MAP_PMU,53,0.02001940566993099
0,x_tcsc,1-14,-0.09758944871379013,34,-0.09749920633276173,MAP_PMU,53,9.024238102840754e-05
1,B_svc,2,0.16764364090092695,34,0.16751060592097347,MAP_PMU,53,0.00013303497995348357
2,UPFC_Vsh,5-15,1.1088293944126861,34,1.114599987228435,MAP_PMU,53,0.005770592815748765
3,UPFC_tsh,5-15,-0.24552421087982684,34,-0.2455721825006816,MAP_PMU,53,4.797162085476425e-05
4,UPFC_Vse,5-15,0.06270514139389614,34,0.06179960569064277,MAP_PMU,53,0.0009055357032533712
5,UPFC_tse,5-15,-2.179825063048272,34,-2.1737620505090027,MAP_PMU,53,0.00606301253926933
0,x_tcsc,1-14,-0.09760556250090818,35,-0.09749920633276173,MAP_PMU,53,0.00010635616814645699
1,B_svc,2,0.16787017571345764,35,0.16751060592097347,MAP_PMU,53,0.00035956979248416565
2,UPFC_Vsh,5-15,1.1089982693492735,35,1.114599987228435,MAP_PMU,53,0.005601717879161416
3,UPFC_tsh,5-15,-0.2456150854657481,35,-0.2455721825006816,MAP_PMU,53,4.29029650664825e-05
4,UPFC_Vse,5-15,0.06298991190562755,35,0.06179960569064277,MAP_PMU,53,0.001190306214984782
5,UPFC_tse,5-15,-2.1898762350793723,35,-2.1737620505090027,MAP_PMU,53,0.016114184570369616
0,x_tcsc,1-14,-0.09764793536607434,36,-0.09749920633276173,MAP_PMU,53,0.00014872903331261678
1,B_svc,2,0.1676432632878091,36,0.16751060592097347,MAP_PMU,53,0.00013265736683562568
2,UPFC_Vsh,5-15,1.1085373546852708,36,1.114599987228435,MAP_PMU,53,0.0060626325431640815
3,UPFC_tsh,5-15,-0.24577352506869682,36,-0.2455721825006816,MAP_PMU,53,0.00020134256801521144
4,UPFC_Vse,5-15,0.0627875354315237,36,0.06179960569064277,MAP_PMU,53,0.0009879297408809246
5,UPFC_tse,5-15,-2.197121265148565,36,-2.1737620505090027,MAP_PMU,53,0.023359214639562254
0,x_tcsc,1-14,-0.09762579268599382,37,-0.09749920633276173,MAP_PMU,53,0.00012658635323209433
1,B_svc,2,0.16721596989910065,37,0.16751060592097347,MAP_PMU,53,0.0002946360218728239
2,UPFC_Vsh,5-15,1.1088582445189412,37,1.114599987228435,MAP_PMU,53,0.00574174270949368
3,UPFC_tsh,5-15,-0.24568095554873695,37,-0.2455721825006816,MAP_PMU,53,0.00010877304805534393
4,UPFC_Vse,5-15,0.06256381730746619,37,0.06179960569064277,MAP_PMU,53,0.0007642116168234125
5,UPFC_tse,5-15,-2.196982812409751,37,-2.1737620505090027,MAP_PMU,53,0.023220761900748066
0,x_tcsc,1-14,-0.0976905267179223,38,-0.09749920633276173,MAP_PMU,53,0.0001913203851605788
1,B_svc,2,0.16689347023328155,38,0.16751060592097347,MAP_PMU,53,0.0006171356876919221
2,UPFC_Vsh,5-15,1.1086776208788132,38,1.114599987228435,MAP_PMU,53,0.005922366349621733
3,UPFC_tsh,5-15,-0.2455763730546215,38,-0.2455721825006816,MAP_PMU,53,4.190553939881214e-06
4,UPFC_Vse,5-15,0.06252707397497627,38,0.06179960569064277,MAP_PMU,53,0.0007274682843334962
5,UPFC_tse,5-15,-2.19216566179874,38,-2.1737620505090027,MAP_PMU,53,0.01840361128973722
0,x_tcsc,1-14,-0.09774841086643193,39,-0.09749920633276173,MAP_PMU,53,0.0002492045336702081
1,B_svc,2,0.1674883809102209,39,0.16751060592097347,MAP_PMU,53,2.22250107525801e-05
2,UPFC_Vsh,5-15,1.1083614722121582,39,1.114599987228435,MAP_PMU,53,0.006238515016276702
3,UPFC_tsh,5-15,-0.245652699133918,39,-0.2455721825006816,MAP_PMU,53,8.05166332363827e-05
4,UPFC_Vse,5-15,0.06259085197430188,39,0.06179960569064277,MAP_PMU,53,0.0007912462836591055
5,UPFC_tse,5-15,-2.1973106760505385,39,-2.1737620505090027,MAP_PMU,53,0.023548625541535806
0,x_tcsc,1-14,-0.09763332576152352,40,-0.09749920633276173,MAP_PMU,53,0.00013411942876179195
1,B_svc,2,0.16697017876064682,40,0.16751060592097347,MAP_PMU,53,0.0005404271603266508
2,UPFC_Vsh,5-15,1.1084944037833353,40,1.114599987228435,MAP_PMU,53,0.006105583445099594
3,UPFC_tsh,5-15,-0.24573103188254333,40,-0.2455721825006816,MAP_PMU,53,0.00015884938186172537
4,UPFC_Vse,5-15,0.06251107629342512,40,0.06179960569064277,MAP_PMU,53,0.0007114706027823436
5,UPFC_tse,5-15,-2.1923327944288578,40,-2.1737620505090027,MAP_PMU,53,0.018570743919855026
0,x_tcsc,1-14,-0.09762563482866084,41,-0.09749920633276173,MAP_PMU,53,0.00012642849589911132
1,B_svc,2,0.16770281763934974,41,0.16751060592097347,MAP_PMU,53,0.00019221171837627282
2,UPFC_Vsh,5-15,1.1087331010454828,41,1.114599987228435,MAP_PMU,53,0.005866886182952058
3,UPFC_tsh,5-15,-0.24565955819262733,41,-0.2455721825006816,MAP_PMU,53,8.737569194572359e-05
4,UPFC_Vse,5-15,0.06268940157009512,41,0.06179960569064277,MAP_PMU,53,0.0008897958794523431
5,UPFC_tse,5-15,-2.1814223432372852,41,-2.1737620505090027,MAP_PMU,53,0.007660292728282503
0,x_tcsc,1-14,-0.09763327868977623,42,-0.09749920633276173,MAP_PMU,53,0.00013407235701450027
1,B_svc,2,0.16746274877439407,42,0.16751060592097347,MAP_PMU,53,4.785714657939977e-05
2,UPFC_Vsh,5-15,1.1084636380435475,42,1.114599987228435,MAP_PMU,53,0.006136349184887369
3,UPFC_tsh,5-15,-0.2456900298905925,42,-0.2455721825006816,MAP_PMU,53,0.00011784738991088561
4,UPFC_Vse,5-15,0.06250009645892246,42,0.06179960569064277,MAP_PMU,53,0.0007004907682796879
5,UPFC_tse,5-15,-2.1950562964724356,42,-2.1737620505090027,MAP_PMU,53,0.02129424596343288
0,x_tcsc,1-14,-0.09764914274667319,43,-0.09749920633276173,MAP_PMU,53,0.00014993641391146395
1,B_svc,2,0.1676060008515477,43,0.16751060592097347,MAP_PMU,53,9.539493057422743e-05
2,UPFC_Vsh,5-15,1.108470953037039,43,1.114599987228435,MAP_PMU,53,0.006129034191395988
3,UPFC_tsh,5-15,-0.24565563125538165,43,-0.2455721825006816,MAP_PMU,53,8.344875470003843e-05
4,UPFC_Vse,5-15,0.06309732464357456,43,0.06179960569064277,MAP_PMU,53,0.0012977189529317923
5,UPFC_tse,5-15,-2.196888238000205,43,-2.1737620505090027,MAP_PMU,53,0.0231261874912021
0,x_tcsc,1-14,-0.09758529651178201,44,-0.09749920633276173,MAP_PMU,53,8.609017902028171e-05
1,B_svc,2,0.16792792554240216,44,0.16751060592097347,MAP_PMU,53,0.0004173196214286856
2,UPFC_Vsh,5-15,1.1090538441240816,44,1.114599987228435,MAP_PMU,53,0.005546143104353307
3,UPFC_tsh,5-15,-0.24564079580410286,44,-0.2455721825006816,MAP_PMU,53,6.861330342125549e-05
4,UPFC_Vse,5-15,0.06325106089288246,44,0.06179960569064277,MAP_PMU,53,0.0014514552022396876
5,UPFC_tse,5-15,-2.189880043134588,44,-2.1737620505090027,MAP_PMU,53,0.01611799262558522
0,x_tcsc,1-14,-0.09765413333665147,45,-0.09749920633276173,MAP_PMU,53,0.00015492700388974878
1,B_svc,2,0.1677719879339838,45,0.16751060592097347,MAP_PMU,53,0.0002613820130103195
2,UPFC_Vsh,5-15,1.10846268704771,45,1.114599987228435,MAP_PMU,53,0.006137300180725003
3,UPFC_tsh,5-15,-0.2457084809994397,45,-0.2455721825006816,MAP_PMU,53,0.0001362984987580973
4,UPFC_Vse,5-15,0.06305005433389935,45,0.06179960569064277,MAP_PMU,53,0.0012504486432565742
5,UPFC_tse,5-15,-2.196921620195472,45,-2.1737620505090027,MAP_PMU,53,0.02315956968646926
0,x_tcsc,1-14,-0.09763348793229082,46,-0.09749920633276173,MAP_PMU,53,0.00013428159952909302
1,B_svc,2,0.1673875177780803,46,0.16751060592097347,MAP_PMU,53,0.00012308814289316294
2,UPFC_Vsh,5-15,1.1089831632252556,46,1.114599987228435,MAP_PMU,53,0.00561682400317931
3,UPFC_tsh,5-15,-0.24558061125697087,46,-0.2455721825006816,MAP_PMU,53,8.42875628925821e-06
4,UPFC_Vse,5-15,0.06278168093081558,46,0.06179960569064277,MAP_PMU,53,0.0009820752401728111
5,UPFC_tse,5-15,-2.194842014695857,46,-2.1737620505090027,MAP_PMU,53,0.021079964186854205
0,x_tcsc,1-14,-0.09765304221699393,47,-0.09749920633276173,MAP_PMU,53,0.0001538358842322063
1,B_svc,2,0.16734075637224333,47,0.16751060592097347,MAP_PMU,53,0.00016984954873014435
2,UPFC_Vsh,5-15,1.108997804320738,47,1.114599987228435,MAP_PMU,53,0.005602182907696873
3,UPFC_tsh,5-15,-0.2455753629583326,47,-0.2455721825006816,MAP_PMU,53,3.1804576509919524e-06
4,UPFC_Vse,5-15,0.0625054171605059,47,0.06179960569064277,MAP_PMU,53,0.0007058114698631213
5,UPFC_tse,5-15,-2.1891846977854104,47,-2.1737620505090027,MAP_PMU,53,0.01542264727640763
0,x_tcsc,1-14,-0.097694367299802,48,-0.09749920633276173,MAP_PMU,53,0.00019516096704028096
1,B_svc,2,0.16740954205495934,48,0.16751060592097347,MAP_PMU,53,0.00010106386601413386
2,UPFC_Vsh,5-15,1.1090236646894678,48,1.114599987228435,MAP_PMU,53,0.005576322538967116
3,UPFC_tsh,5-15,-0.2456270697385076,48,-0.2455721825006816,MAP_PMU,53,5.488723782598459e-05
4,UPFC_Vse,5-15,0.06227007790755959,48,0.06179960569064277,MAP_PMU,53,0.0004704722169168174
5,UPFC_tse,5-15,-2.1999948769215547,48,-2.1737620505090027,MAP_PMU,53,0.02623282641255198
0,x_tcsc,1-14,-0.09760240528423099,49,-0.09749920633276173,MAP_PMU,53,0.00010319895146926328
1,B_svc,2,0.16797051660122694,49,0.16751060592097347,MAP_PMU,53,0.0004599106802534725
2,UPFC_Vsh,5-15,1.1085060189640394,49,1.114599987228435,MAP_PMU,53,0.006093968264395455
3,UPFC_tsh,5-15,-0.24570354667123856,49,-0.2455721825006816,MAP_PMU,53,0.00013136417055695238
4,UPFC_Vse,5-15,0.062488733342225884,49,0.06179960569064277,MAP_PMU,53,0.0006891276515831116
5,UPFC_tse,5-15,-2.1930871387085977,49,-2.1737620505090027,MAP_PMU,53,0.019325088199594997
0,x_tcsc,1-14,-0.09761855980041652,50,-0.09749920633276173,MAP_PMU,53,0.00011935346765479249
1,B_svc,2,0.1672778646327943,50,0.16751060592097347,MAP_PMU,53,0.0002327412881791835
2,UPFC_Vsh,5-15,1.108513386145716,50,1.114599987228435,MAP_PMU,53,0.006086601082718968
3,UPFC_tsh,5-15,-0.24554494384037637,50,-0.2455721825006816,MAP_PMU,53,2.7238660305239915e-05
4,UPFC_Vse,5-15,0.06296216732465691,50,0.06179960569064277,MAP_PMU,53,0.0011625616340141393
5,UPFC_tse,5-15,-2.1929119800800296,50,-2.1737620505090027,MAP_PMU,53,0.019149929571026902
0,x_tcsc,1-14,-0.09763588850737158,51,-0.09749920633276173,MAP_PMU,53,0.00013668217460985344
1,B_svc,2,0.1676873188789907,51,0.16751060592097347,MAP_PMU,53,0.00017671295801721665
2,UPFC_Vsh,5-15,1.1089104696918537,51,1.114599987228435,MAP_PMU,53,0.005689517536581201
3,UPFC_tsh,5-15,-0.24566012766106754,51,-0.2455721825006816,MAP_PMU,53,8.79451603859327e-05
4,UPFC_Vse,5-15,0.0628583149171601,51,0.06179960569064277,MAP_PMU,53,0.0010587092265173237
5,UPFC_tse,5-15,-2.189561710452518,51,-2.1737620505090027,MAP_PMU,53,0.015799659943515287
0,x_tcsc,1-14,-0.09763037759709857,52,-0.09749920633276173,MAP_PMU,53,0.00013117126433684345
1,B_svc,2,0.16801877188103118,52,0.16751060592097347,MAP_PMU,53,0.0005081659600577049
2,UPFC_Vsh,5-15,1.1087651918380799,52,1.114599987228435,MAP_PMU,53,0.00583479539035503
3,UPFC_tsh,5-15,-0.2456081061698229,52,-0.2455721825006816,MAP_PMU,53,3.592366914129119e-05
4,UPFC_Vse,5-15,0.06289651541087725,52,0.06179960569064277,MAP_PMU,53,0.0010969097202344763
5,UPFC_tse,5-15,-2.1874719441482555,52,-2.1737620505090027,MAP_PMU,53,0.01370989363925279
0,x_tcsc,1-14,-0.09759567423807139,53,-0.09749920633276173,MAP_PMU,53,9.646790530966343e-05
1,B_svc,2,0.16737041634034816,53,0.16751060592097347,MAP_PMU,53,0.00014018958062531062
2,UPFC_Vsh,5-15,1.1088681496661386,53,1.114599987228435,MAP_PMU,53,0.005731837562296338
3,UPFC_tsh,5-15,-0.24566744611275837,53,-0.2455721825006816,MAP_PMU,53,9.526361207676248e-05
4,UPFC_Vse,5-15,0.06275523395796345,53,0.06179960569064277,MAP_PMU,53,0.0009556282673206795
5,UPFC_tse,5-15,-2.1821263254049414,53,-2.1737620505090027,MAP_PMU,53,0.008364274895938717
0,x_tcsc,1-14,-0.09766506794085028,54,-0.09749920633276173,MAP_PMU,53,0.000165861608088555
1,B_svc,2,0.16772074265441655,54,0.16751060592097347,MAP_PMU,53,0.0002101367334430837
2,UPFC_Vsh,5-15,1.1089346110716,54,1.114599987228435,MAP_PMU,53,0.005665376156834823
3,UPFC_tsh,5-15,-0.24568717230826473,54,-0.2455721825006816,MAP_PMU,53,0.00011498980758312127
4,UPFC_Vse,5-15,0.06303225397172092,54,0.06179960569064277,MAP_PMU,53,0.0012326482810781497
5,UPFC_tse,5-15,-2.2008872623452667,54,-2.1737620505090027,MAP_PMU,53,0.02712521183626393
0,x_tcsc,1-14,-0.09764057120264652,55,-0.09749920633276173,MAP_PMU,53,0.00014136486988479413
1,B_svc,2,0.1679744216756713,55,0.16751060592097347,MAP_PMU,53,0.0004638157546978383
2,UPFC_Vsh,5-15,1.1087993708448243,55,1.114599987228435,MAP_PMU,53,0.005800616383610624
3,UPFC_tsh,5-15,-0.24563750362247,55,-0.2455721825006816,MAP_PMU,53,6.5321121788392e-05
4,UPFC_Vse,5-15,0.06286687330950845,55,0.06179960569064277,MAP_PMU,53,0.0010672676188656777
5,UPFC_tse,5-15,-2.19037606374496,55,-2.1737620505090027,MAP_PMU,53,0.016614013235957348
0,x_tcsc,1-14,-0.0977144494724312,56,-0.09749920633276173,MAP_PMU,53,0.00021524313966947428
1,B_svc,2,0.16793262265068262,56,0.16751060592097347,MAP_PMU,53,0.0004220167297091515
2,UPFC_Vsh,5-15,1.1084825037766959,56,1.114599987228435,MAP_PMU,53,0.006117483451739014
3,UPFC_tsh,5-15,-0.24561148059306245,56,-0.2455721825006816,MAP_PMU,53,3.929809238084614e-05
4,UPFC_Vse,5-15,0.062167627601797205,56,0.06179960569064277,MAP_PMU,53,0.0003680219111544328
5,UPFC_tse,5-15,-2.1823850011048975,56,-2.1737620505090027,MAP_PMU,53,0.008622950595894796
0,x_tcsc,1-14,-0.09762871868759856,57,-0.09749920633276173,MAP_PMU,53,0.00012951235483683876
1,B_svc,2,0.1677689322151145,57,0.16751060592097347,MAP_PMU,53,0.00025832629414102026
2,UPFC_Vsh,5-15,1.1087104995520172,57,1.114599987228435,MAP_PMU,53,0.005889487676417726
3,UPFC_tsh,5-15,-0.24556858711968246,57,-0.2455721825006816,MAP_PMU,53,3.5953809991440266e-06
4,UPFC_Vse,5-15,0.06240796948516405,57,0.06179960569064277,MAP_PMU,53,0.0006083637945212758
5,UPFC_tse,5-15,-2.1899727092305254,57,-2.1737620505090027,MAP_PMU,53,0.01621065872152272
0,x_tcsc,1-14,-0.09769635206864673,58,-0.09749920633276173,MAP_PMU,53,0.0001971457358850015
1,B_svc,2,0.16757082587494657,58,0.16751060592097347,MAP_PMU,53,6.021995397309521e-05
2,UPFC_Vsh,5-15,1.1086983532846668,58,1.114599987228435,MAP_PMU,53,0.005901633943768081
3,UPFC_tsh,5-15,-0.24567648575419798,58,-0.2455721825006816,MAP_PMU,53,0.0001043032535163746
4,UPFC_Vse,5-15,0.06278761688780728,58,0.06179960569064277,MAP_PMU,53,0.000988011197164504
5,UPFC_tse,5-15,-2.188401858062121,58,-2.1737620505090027,MAP_PMU,53,0.014639807553118445
0,x_tcsc,1-14,-0.09770793636541848,59,-0.09749920633276173,MAP_PMU,53,0.0002087300326567565
1,B_svc,2,0.16735089441477374,59,0.16751060592097347,MAP_PMU,53,0.00015971150619972785
2,UPFC_Vsh,5-15,1.1090207940377104,59,1.114599987228435,MAP_PMU,53,0.00557919319072453
3,UPFC_tsh,5-15,-0.24558652775438003,59,-0.2455721825006816,MAP_PMU,53,1.4345253698422322e-05
4,UPFC_Vse,5-15,0.06217908244690957,59,0.06179960569064277,MAP_PMU,53,0.00037947675626679583
5,UPFC_tse,5-15,-2.1885229999602505,59,-2.1737620505090027,MAP_PMU,53,0.014760949451247729
0,x_tcsc,1-14,-0.09762303825366334,60,-0.09749920633276173,MAP_PMU,53,0.00012383192090160977
1,B_svc,2,0.16808196491041816,60,0.16751060592097347,MAP_PMU,53,0.0005713589894446869
2,UPFC_Vsh,5-15,1.1085351741886875,60,1.114599987228435,MAP_PMU,53,0.006064813039747374
3,UPFC_tsh,5-15,-0.24560386556734615,60,-0.2455721825006816,MAP_PMU,53,3.168306666453957e-05
4,UPFC_Vse,5-15,0.062391780745696124,60,0.06179960569064277,MAP_PMU,53,0.0005921750550533511
5,UPFC_tse,5-15,-2.1990132492475962,60,-2.1737620505090027,MAP_PMU,53,0.025251198738593494
0,x_tcsc,1-14,-0.09767348429325416,61,-0.09749920633276173,MAP_PMU,53,0.00017427796049243605
1,B_svc,2,0.16759432608437932,61,0.16751060592097347,MAP_PMU,53,8.372016340585375e-05
2,UPFC_Vsh,5-15,1.1085900512507878,61,1.114599987228435,MAP_PMU,53,0.006009935977647096
3,UPFC_tsh,5-15,-0.245587001549334,61,-0.2455721825006816,MAP_PMU,53,1.4819048652386924e-05
4,UPFC_Vse,5-15,0.06286942068250741,61,0.06179960569064277,MAP_PMU,53,0.0010698149918646344
5,UPFC_tse,5-15,-2.1877615809324285,61,-2.1737620505090027,MAP_PMU,53,0.013999530423425721
0,x_tcsc,1-14,-0.09761069919892887,62,-0.09749920633276173,MAP_PMU,53,0.00011149286616714271
1,B_svc,2,0.16720516621139034,62,0.16751060592097347,MAP_PMU,53,0.00030543970958313293
2,UPFC_Vsh,5-15,1.108614864724585,62,1.114599987228435,MAP_PMU,53,0.00598512250384986
3,UPFC_tsh,5-15,-0.24569430672482073,62,-0.2455721825006816,MAP_PMU,53,0.00012212422413912516
4,UPFC_Vse,5-15,0.062400857257432815,62,0.06179960569064277,MAP_PMU,53,0.0006012515667900425
5,UPFC_tse,5-15,-2.1948792006364064,62,-2.1737620505090027,MAP_PMU,53,0.021117150127403672
0,x_tcsc,1-14,-0.09765595767041119,63,-0.09749920633276173,MAP_PMU,53,0.0001567513376494606
1,B_svc,2,0.16732096885640896,63,0.16751060592097347,MAP_PMU,53,0.0001896370645645129
2,UPFC_Vsh,5-15,1.1087958919902114,63,1.114599987228435,MAP_PMU,53,0.00580409523822345
3,UPFC_tsh,5-15,-0.24563018846919188,63,-0.2455721825006816,MAP_PMU,53,5.8005968510271844e-05
4,UPFC_Vse,5-15,0.06230021050532103,63,0.06179960569064277,MAP_PMU,53,0.0005006048146782571
5,UPFC_tse,5-15,-2.1849260074270367,63,-2.1737620505090027,MAP_PMU,53,0.011163956918033957
0,x_tcsc,1-14,-0.09754980631022779,64,-0.09749920633276173,MAP_PMU,53,5.0599977466064816e-05
1,B_svc,2,0.16748923523022946,64,0.16751060592097347,MAP_PMU,53,2.1370690744010323e-05
2,UPFC_Vsh,5-15,1.1083011480296154,64,1.114599987228435,MAP_PMU,53,0.006298839198819461
3,UPFC_tsh,5-15,-0.24565667153599738,64,-0.2455721825006816,MAP_PMU,53,8.448903531577123e-05
4,UPFC_Vse,5-15,0.06270034084873367,64,0.06179960569064277,MAP_PMU,53,0.0009007351580909012
5,UPFC_tse,5-15,-2.195928843576718,64,-2.1737620505090027,MAP_PMU,53,0.022166793067715407
0,x_tcsc,1-14,-0.09764682463485623,65,-0.09749920633276173,MAP_PMU,53,0.00014761830209450433
1,B_svc,2,0.16777970215344823,65,0.16751060592097347,MAP_PMU,53,0.0002690962324747581
2,UPFC_Vsh,5-15,1.1088115562201275,65,1.114599987228435,MAP_PMU,53,0.005788431008307393
3,UPFC_tsh,5-15,-0.24563106268560952,65,-0.2455721825006816,MAP_PMU,53,5.888018492791747e-05
4,UPFC_Vse,5-15,0.06265678976290827,65,0.06179960569064277,MAP_PMU,53,0.0008571840722654961
5,UPFC_tse,5-15,-2.2079018349839608,65,-2.1737620505090027,MAP_PMU,53,0.034139784474958024
0,x_tcsc,1-14,-0.0976082069903822,66,-0.09749920633276173,MAP_PMU,53,0.00010900065762046995
1,B_svc,2,0.16773186644827262,66,0.16751060592097347,MAP_PMU,53,0.0002212605272991497
2,UPFC_Vsh,5-15,1.1085884124468126,66,1.114599987228435,MAP_PMU,53,0.006011574781622286
3,UPFC_tsh,5-15,-0.24557347079331301,66,-0.2455721825006816,MAP_PMU,53,1.288292631407284e-06
4,UPFC_Vse,5-15,0.0627947687156162,66,0.06179960569064277,MAP_PMU,53,0.0009951630249734333
5,UPFC_tse,5-15,-2.1863613958731203,66,-2.1737620505090027,MAP_PMU,53,0.012599345364117553
0,x_tcsc,1-14,-0.09762845716605265,67,-0.09749920633276173,MAP_PMU,53,0.0001292508332909198
1,B_svc,2,0.1677486380853573,67,0.16751060592097347,MAP_PMU,53,0.000238032164383839
2,UPFC_Vsh,5-15,1.1086807893894344,67,1.114599987228435,MAP_PMU,53,0.005919197839000523
3,UPFC_tsh,5-15,-0.2455981554509932,67,-0.2455721825006816,MAP_PMU,53,2.5972950311592413e-05
4,UPFC_Vse,5-15,0.06277213473213464,67,0.06179960569064277,MAP_PMU,53,0.0009725290414918653
5,UPFC_tse,5-15,-2.1874077981831843,67,-2.1737620505090027,MAP_PMU,53,0.013645747674181585
0,x_tcsc,1-14,-0.09761942838319007,68,-0.09749920633276173,MAP_PMU,53,0.00012022205042834522
1,B_svc,2,0.16779961328010637,68,0.16751060592097347,MAP_PMU,53,0.0002890073591328979
2,UPFC_Vsh,5-15,1.1087834023135525,68,1.114599987228435,MAP_PMU,53,0.00581658491488235
3,UPFC_tsh,5-15,-0.24560921112978862,68,-0.2455721825006816,MAP_PMU,53,3.702862910701099e-05
4,UPFC_Vse,5-15,0.06237156914405396,68,0.06179960569064277,MAP_PMU,53,0.0005719634534111853
5,UPFC_tse,5-15,-2.1959189177937786,68,-2.1737620505090027,MAP_PMU,53,0.02215686728477584
0,x_tcsc,1-14,-0.09760980297524888,69,-0.09749920633276173,MAP_PMU,53,0.00011059664248715129
1,B_svc,2,0.16744097067391073,69,0.16751060592097347,MAP_PMU,53,6.963524706274371e-05
2,UPFC_Vsh,5-15,1.1088393722863457,69,1.114599987228435,MAP_PMU,53,0.005760614942089237
3,UPFC_tsh,5-15,-0.24559754387538868,69,-0.2455721825006816,MAP_PMU,53,2.5361374707072448e-05
4,UPFC_Vse,5-15,0.06207710010381981,69,0.06179960569064277,MAP_PMU,53,0.0002774944131770374
5,UPFC_tse,5-15,-2.188264034362884,69,-2.1737620505090027,MAP_PMU,53,0.014501983853881129
0,x_tcsc,1-14,-0.09759007543706001,70,-0.09749920633276173,MAP_PMU,53,9.086910429828565e-05
1,B_svc,2,0.16718497841059718,70,0.16751060592097347,MAP_PMU,53,0.0003256275103762918
2,UPFC_Vsh,5-15,1.1087420366184628,70,1.114599987228435,MAP_PMU,53,0.0058579506099720735
3,UPFC_tsh,5-15,-0.2456209976531804,70,-0.2455721825006816,MAP_PMU,53,4.8815152498798975e-05
4,UPFC_Vse,5-15,0.062126717264171204,70,0.06179960569064277,MAP_PMU,53,0.00032711157352843107
5,UPFC_tse,5-15,-2.1889608027474967,70,-2.1737620505090027,MAP_PMU,53,0.015198752238493984
0,x_tcsc,1-14,-0.09766939503193157,71,-0.09749920633276173,MAP_PMU,53,0.0001701886991698487
1,B_svc,2,0.1678433907920598,71,0.16751060592097347,MAP_PMU,53,0.0003327848710863168
2,UPFC_Vsh,5-15,1.108824127563519,71,1.114599987228435,MAP_PMU,53,0.0057758596649160054
3,UPFC_tsh,5-15,-0.24564479475095274,71,-0.2455721825006816,MAP_PMU,53,7.261225027113682e-05
4,UPFC_Vse,5-15,0.06321175378049881,71,0.06179960569064277,MAP_PMU,53,0.0014121480898560412
5,UPFC_tse,5-15,-2.188178675282145,71,-2.1737620505090027,MAP_PMU,53,0.014416624773142317
0,x_tcsc,1-14,-0.0976103754074649,72,-0.09749920633276173,MAP_PMU,53,0.0001111690747031685
1,B_svc,2,0.16715171412538896,72,0.16751060592097347,MAP_PMU,53,0.000358891795584515
2,UPFC_Vsh,5-15,1.109139010829622,72,1.114599987228435,MAP_PMU,53,0.005460976398812933
3,UPFC_tsh,5-15,-0.2454750290605005,72,-0.2455721825006816,MAP_PMU,53,9.71534401811025e-05
4,UPFC_Vse,5-15,0.06228835017330378,72,0.06179960569064277,MAP_PMU,53,0.0004887444826610077
5,UPFC_tse,5-15,-2.18559675907128,72,-2.1737620505090027,MAP_PMU,53,0.011834708562277196
0,x_tcsc,1-14,-0.09761056538495785,73,-0.09749920633276173,MAP_PMU,53,0.00011135905219612774
1,B_svc,2,0.16802454680532053,73,0.16751060592097347,MAP_PMU,53,0.0005139408843470583
2,UPFC_Vsh,5-15,1.1087501258458883,73,1.114599987228435,MAP_PMU,53,0.005849861382546617
3,UPFC_tsh,5-15,-0.2456316689907325,73,-0.2455721825006816,MAP_PMU,53,5.948649005088624e-05
4,UPFC_Vse,5-15,0.06264461032829341,73,0.06179960569064277,MAP_PMU,53,0.000845004637650637
5,UPFC_tse,5-15,-2.188915076923216,73,-2.1737620505090027,MAP_PMU,53,0.015153026414213233
0,x_tcsc,1-14,-0.09769043932954409,74,-0.09749920633276173,MAP_PMU,53,0.0001912329967823645
1,B_svc,2,0.16780759662832717,74,0.16751060592097347,MAP_PMU,53,0.00029699070735370037
2,UPFC_Vsh,5-15,1.108721307411023,74,1.114599987228435,MAP_PMU,53,0.005878679817411969
3,UPFC_tsh,5-15,-0.2456205345433313,74,-0.2455721825006816,MAP_PMU,53,4.835204264969084e-05
4,UPFC_Vse,5-15,0.0625225498295328,74,0.06179960569064277,MAP_PMU,53,0.0007229441388900276
5,UPFC_tse,5-15,-2.197682357501504,74,-2.1737620505090027,MAP_PMU,53,0.02392030699250114
0,x_tcsc,1-14,-0.09760856903029565,75,-0.09749920633276173,MAP_PMU,53,0.00010936269753392125
1,B_svc,2,0.16784332194029544,75,0.16751060592097347,MAP_PMU,53,0.00033271601932197137
2,UPFC_Vsh,5-15,1.1088733856985524,75,1.114599987228435,MAP_PMU,53,0.005726601529882469
3,UPFC_tsh,5-15,-0.24565611540997226,75,-0.2455721825006816,MAP_PMU,53,8.393290929065156e-05
4,UPFC_Vse,5-15,0.06259974878722004,75,0.06179960569064277,MAP_PMU,53,0.0008001430965772632
5,UPFC_tse,5-15,-2.1899354480567905,75,-2.1737620505090027,MAP_PMU,53,0.016173397547787793
0,x_tcsc,1-14,-0.09761431123723201,76,-0.09749920633276173,MAP_PMU,53,0.00011510490447028121
1,B_svc,2,0.1683620805261203,76,0.16751060592097347,MAP_PMU,53,0.0008514746051468403
2,UPFC_Vsh,5-15,1.10883737234551,76,1.114599987228435,MAP_PMU,53,0.005762614882924844
3,UPFC_tsh,5-15,-0.24560368353015696,76,-0.2455721825006816,MAP_PMU,53,3.1501029475355935e-05
4,UPFC_Vse,5-15,0.06216754662666802,76,0.06179960569064277,MAP_PMU,53,0.0003679409360252475
5,UPFC_tse,5-15,-2.1826777093235856,76,-2.1737620505090027,MAP_PMU,53,0.008915658814582894
0,x_tcsc,1-14,-0.09760630666126023,77,-0.09749920633276173,MAP_PMU,53,0.00010710032849850504
1,B_svc,2,0.16727139920492187,77,0.16751060592097347,MAP_PMU,53,0.0002392067160515987
2,UPFC_Vsh,5-15,1.1088989902439326,77,1.114599987228435,MAP_PMU,53,0.005700996984502327
3,UPFC_tsh,5-15,-0.24567443394978247,77,-0.2455721825006816,MAP_PMU,53,0.00010225144910086525
4,UPFC_Vse,5-15,0.06313621190360481,77,0.06179960569064277,MAP_PMU,53,0.001336606212962041
5,UPFC_tse,5-15,-2.20099366871282,77,-2.1737620505090027,MAP_PMU,53,0.027231618203817476
0,x_tcsc,1-14,-0.09759439999442757,78,-0.09749920633276173,MAP_PMU,53,9.519366166584053e-05
1,B_svc,2,0.16713058329519595,78,0.16751060592097347,MAP_PMU,53,0.00038002262577752077
2,UPFC_Vsh,5-15,1.1088385803227157,78,1.114599987228435,MAP_PMU,53,0.005761406905719246
3,UPFC_tsh,5-15,-0.24557767366947633,78,-0.2455721825006816,MAP_PMU,53,5.491168794724555e-06
4,UPFC_Vse,5-15,0.0628827478335208,78,0.06179960569064277,MAP_PMU,53,0.0010831421428780241
5,UPFC_tse,5-15,-2.1925053382795854,78,-2.1737620505090027,MAP_PMU,53,0.01874328777058265
0,x_tcsc,1-14,-0.09759102728105015,79,-0.09749920633276173,MAP_PMU,53,9.182094828842635e-05
1,B_svc,2,0.16789530889548082,79,0.16751060592097347,MAP_PMU,53,0.00038470297450735047
2,UPFC_Vsh,5-15,1.1084949618023128,79,1.114599987228435,MAP_PMU,53,0.006105025426122124
3,UPFC_tsh,5-15,-0.2455793858009705,79,-0.2455721825006816,MAP_PMU,53,7.20330028888827e-06
4,UPFC_Vse,5-15,0.06237272142100181,79,0.06179960569064277,MAP_PMU,53,0.0005731157303590362
5,UPFC_tse,5-15,-2.198755547936471,79,-2.1737620505090027,MAP_PMU,53,0.02499349742746837
0,x_tcsc,1-14,-0.09762142658878943,80,-0.09749920633276173,MAP_PMU,53,0.00012222025602770525
1,B_svc,2,0.16804298591141395,80,0.16751060592097347,MAP_PMU,53,0.0005323799904404791
2,UPFC_Vsh,5-15,1.1088971219223471,80,1.114599987228435,MAP_PMU,53,0.005702865306087768
3,UPFC_tsh,5-15,-0.24568893491097424,80,-0.2455721825006816,MAP_PMU,53,0.00011675241029263095
4,UPFC_Vse,5-15,0.06261404997675168,80,0.06179960569064277,MAP_PMU,53,0.0008144442861089118
5,UPFC_tse,5-15,-2.1954656247970092,80,-2.1737620505090027,MAP_PMU,53,0.02170357428800651
0,x_tcsc,1-14,-0.0975922418095506,81,-0.09749920633276173,MAP_PMU,53,9.303547678887747e-05
1,B_svc,2,0.16753351082162796,81,0.16751060592097347,MAP_PMU,53,2.2904900654485694e-05
2,UPFC_Vsh,5-15,1.1084852600345994,81,1.114599987228435,MAP_PMU,53,0.006114727193835545
3,UPFC_tsh,5-15,-0.24558575425676382,81,-0.2455721825006816,MAP_PMU,53,1.3571756082214614e-05
4,UPFC_Vse,5-15,0.06209361385151698,81,0.06179960569064277,MAP_PMU,53,0.00029400816087420817
5,UPFC_tse,5-15,-2.20255750324767,81,-2.1737620505090027,MAP_PMU,53,0.028795452738667127
0,x_tcsc,1-14,-0.09768587626499337,82,-0.09749920633276173,MAP_PMU,53,0.00018666993223163952
1,B_svc,2,0.16790883562106731,82,0.16751060592097347,MAP_PMU,53,0.00039822970009384395
2,UPFC_Vsh,5-15,1.108485923036053,82,1.114599987228435,MAP_PMU,53,0.006114064192381807
3,UPFC_tsh,5-15,-0.24567689127106998,82,-0.2455721825006816,MAP_PMU,53,0.00010470877038837312
4,UPFC_Vse,5-15,0.06322991568798134,82,0.06179960569064277,MAP_PMU,53,0.0014303099973385636
5,UPFC_tse,5-15,-2.189625290236313,82,-2.1737620505090027,MAP_PMU,53,0.015863239727310408
0,x_tcsc,1-14,-0.09768654637398087,83,-0.09749920633276173,MAP_PMU,53,0.00018734004121914727
1,B_svc,2,0.16806791125720688,83,0.16751060592097347,MAP_PMU,53,0.0005573053362334102
2,UPFC_Vsh,5-15,1.1090287310000062,83,1.114599987228435,MAP_PMU,53,0.005571256228428689
3,UPFC_tsh,5-15,-0.24559144413219586,83,-0.2455721825006816,MAP_PMU,53,1.92616315142502e-05
4,UPFC_Vse,5-15,0.06229096469815227,83,0.06179960569064277,MAP_PMU,53,0.0004913590075094967
5,UPFC_tse,5-15,-2.193738843328221,83,-2.1737620505090027,MAP_PMU,53,0.019976792819218492
0,x_tcsc,1-14,-0.09761853603009592,84,-0.09749920633276173,MAP_PMU,53,0.00011932969733419174
1,B_svc,2,0.16758358093187306,84,0.16751060592097347,MAP_PMU,53,7.297501089958969e-05
2,UPFC_Vsh,5-15,1.108761122397307,84,1.114599987228435,MAP_PMU,53,0.005838864831127832
3,UPFC_tsh,5-15,-0.24566145501994074,84,-0.2455721825006816,MAP_PMU,53,8.927251925913704e-05
4,UPFC_Vse,5-15,0.0628818083350509,84,0.06179960569064277,MAP_PMU,53,0.0010822026444081284
5,UPFC_tse,5-15,-2.1916027156429845,84,-2.1737620505090027,MAP_PMU,53,0.017840665133981748
0,x_tcsc,1-14,-0.09757990862245168,85,-0.09749920633276173,MAP_PMU,53,8.070228968995452e-05
1,B_svc,2,0.16780063648363067,85,0.16751060592097347,MAP_PMU,53,0.0002900305626571953
2,UPFC_Vsh,5-15,1.1084360584330109,85,1.114599987228435,MAP_PMU,53,0.006163928795424045
3,UPFC_tsh,5-15,-0.24564171927649459,85,-0.2455721825006816,MAP_PMU,53,6.953677581297835e-05
4,UPFC_Vse,5-15,0.06218678007766235,85,0.06179960569064277,MAP_PMU,53,0.0003871743870195801
5,UPFC_tse,5-15,-2.1958819862162193,85,-2.1737620505090027,MAP_PMU,53,0.022119935707216598
0,x_tcsc,1-14,-0.0976263936439882,86,-0.09749920633276173,MAP_PMU,53,0.00012718731122647597
1,B_svc,2,0.1681028740850812,86,0.16751060592097347,MAP_PMU,53,0.0005922681641077343
2,UPFC_Vsh,5-15,1.1086138861910544,86,1.114599987228435,MAP_PMU,53,0.005986101037380509
3,UPFC_tsh,5-15,-0.24567553314357962,86,-0.2455721825006816,MAP_PMU,53,0.00010335064289801466
4,UPFC_Vse,5-15,0.06213424845096549,86,0.06179960569064277,MAP_PMU,53,0.00033464276032271756
5,UPFC_tse,5-15,-2.1932606361190716,86,-2.1737620505090027,MAP_PMU,53,0.019498585610068897
0,x_tcsc,1-14,-0.09759851095296389,87,-0.09749920633276173,MAP_PMU,53,9.930462020216191e-05
1,B_svc,2,0.16752899185757994,87,0.16751060592097347,MAP_PMU,53,1.83859366064687e-05
2,UPFC_Vsh,5-15,1.108916524034816,87,1.114599987228435,MAP_PMU,53,0.005683463193618898
3,UPFC_tsh,5-15,-0.2456517912417661,87,-0.2455721825006816,MAP_PMU,53,7.960874108448035e-05
4,UPFC_Vse,5-15,0.06287513113388676,87,0.06179960569064277,MAP_PMU,53,0.001075525443243991
5,UPFC_tse,5-15,-2.195035921670967,87,-2.1737620505090027,MAP_PMU,53,0.02127387116196422
0,x_tcsc,1-14,-0.09767396850282754,88,-0.09749920633276173,MAP_PMU,53,0.0001747621700658175
1,B_svc,2,0.16799541804569784,88,0.16751060592097347,MAP_PMU,53,0.00048481212472437085
2,UPFC_Vsh,5-15,1.108997504859198,88,1.114599987228435,MAP_PMU,53,0.005602482369236883
3,UPFC_tsh,5-15,-0.24565776200707595,88,-0.2455721825006816,MAP_PMU,53,8.557950639434542e-05
4,UPFC_Vse,5-15,0.06224772704481072,88,0.06179960569064277,MAP_PMU,53,0.0004481213541679477
5,UPFC_tse,5-15,-2.1882028723378353,88,-2.1737620505090027,MAP_PMU,53,0.01444082182883255
0,x_tcsc,1-14,-0.09758599301463386,89,-0.09749920633276173,MAP_PMU,53,8.678668187213356e-05
1,B_svc,2,0.16756829501927095,89,0.16751060592097347,MAP_PMU,53,5.768909829748092e-05
2,UPFC_Vsh,5-15,1.1084324380709203,89,1.114599987228435,MAP_PMU,53,0.006167549157514607
3,UPFC_tsh,5-15,-0.24565155851380713,89,-0.2455721825006816,MAP_PMU,53,7.937601312552056e-05
4,UPFC_Vse,5-15,0.062163178672831096,89,0.06179960569064277,MAP_PMU,53,0.00036357298218832323
5,UPFC_tse,5-15,-2.192933820734689,89,-2.1737620505090027,MAP_PMU,53,0.01917177022568639
0,x_tcsc,1-14,-0.09765529267063978,90,-0.09749920633276173,MAP_PMU,53,0.0001560863378780586
1,B_svc,2,0.16753025775841485,90,0.16751060592097347,MAP_PMU,53,1.9651837441375664e-05
2,UPFC_Vsh,5-15,1.1090607806841706,90,1.114599987228435,MAP_PMU,53,0.005539206544264319
3,UPFC_tsh,5-15,-0.2455803454806565,90,-0.2455721825006816,MAP_PMU,53,8.16297997488502e-06
4,UPFC_Vse,5-15,0.06231159275053641,90,0.06179960569064277,MAP_PMU,53,0.0005119870598936371
5,UPFC_tse,5-15,-2.1912247778879372,90,-2.1737620505090027,MAP_PMU,53,0.017462727378934506
0,x_tcsc,1-14,-0.09761115531908701,91,-0.09749920633276173,MAP_PMU,53,0.00011194898632528594
1,B_svc,2,0.16803932267412117,91,0.16751060592097347,MAP_PMU,53,0.0005287167531476955
2,UPFC_Vsh,5-15,1.109181600259533,91,1.114599987228435,MAP_PMU,53,0.005418386968901956
3,UPFC_tsh,5-15,-0.24550533942824915,91,-0.2455721825006816,MAP_PMU,53,6.68430724324598e-05
4,UPFC_Vse,5-15,0.06240204288276937,91,0.06179960569064277,MAP_PMU,53,0.0006024371921265967
5,UPFC_tse,5-15,-2.1826237301863896,91,-2.1737620505090027,MAP_PMU,53,0.008861679677386824
0,x_tcsc,1-14,-0.09767961650372613,92,-0.09749920633276173,MAP_PMU,53,0.00018041017096440126
1,B_svc,2,0.1677529577688969,92,0.16751060592097347,MAP_PMU,53,0.00024235184792342768
2,UPFC_Vsh,5-15,1.1088843278199434,92,1.114599987228435,MAP_PMU,53,0.0057156594084915024
3,UPFC_tsh,5-15,-0.24568141097954727,92,-0.2455721825006816,MAP_PMU,53,0.00010922847886565834
4,UPFC_Vse,5-15,0.06271420778995332,92,0.06179960569064277,MAP_PMU,53,0.0009146020993105464
5,UPFC_tse,5-15,-2.18925949418045,92,-2.1737620505090027,MAP_PMU,53,0.015497443671447453
0,x_tcsc,1-14,-0.09761837012110583,93,-0.09749920633276173,MAP_PMU,53,0.0001191637883441038
1,B_svc,2,0.16715705493987798,93,0.16751060592097347,MAP_PMU,53,0.00035355098109549066
2,UPFC_Vsh,5-15,1.108886256528265,93,1.114599987228435,MAP_PMU,53,0.0057137307001700055
3,UPFC_tsh,5-15,-0.24566863581982867,93,-0.2455721825006816,MAP_PMU,53,9.645331914706623e-05
4,UPFC_Vse,5-15,0.062176057758428764,93,0.06179960569064277,MAP_PMU,53,0.00037645206778599144
5,UPFC_tse,5-15,-2.190868484788759,93,-2.1737620505090027,MAP_PMU,53,0.017106434279756222
0,x_tcsc,1-14,-0.09761434202048244,94,-0.09749920633276173,MAP_PMU,53,0.00011513568772071603
1,B_svc,2,0.16774568421704497,94,0.16751060592097347,MAP_PMU,53,0.00023507829607150033
2,UPFC_Vsh,5-15,1.108570141697461,94,1.114599987228435,MAP_PMU,53,0.006029845530973965
3,UPFC_tsh,5-15,-0.24560899510784864,94,-0.2455721825006816,MAP_PMU,53,3.681260716703605e-05
4,UPFC_Vse,5-15,0.0626847285798681,94,0.06179960569064277,MAP_PMU,53,0.0008851228892253205
5,UPFC_tse,5-15,-2.189378816228449,94,-2.1737620505090027,MAP_PMU,53,0.015616765719446146
0,x_tcsc,1-14,-0.09760146790838879,95,-0.09749920633276173,MAP_PMU,53,0.00010226157562706617
1,B_svc,2,0.16779068016743195,95,0.16751060592097347,MAP_PMU,53,0.0002800742464584838
2,UPFC_Vsh,5-15,1.10864972707222,95,1.114599987228435,MAP_PMU,53,0.005950260156214915
3,UPFC_tsh,5-15,-0.24562736403193744,95,-0.2455721825006816,MAP_PMU,53,5.518153125583236e-05
4,UPFC_Vse,5-15,0.06277602319327069,95,0.06179960569064277,MAP_PMU,53,0.0009764175026279187
5,UPFC_tse,5-15,-2.197007391984645,95,-2.1737620505090027,MAP_PMU,53,0.023245341475642167
0,x_tcsc,1-14,-0.09762602202587381,96,-0.09749920633276173,MAP_PMU,53,0.00012681569311208396
1,B_svc,2,0.16759128186248887,96,0.16751060592097347,MAP_PMU,53,8.06759415153957e-05
2,UPFC_Vsh,5-15,1.1085581285211292,96,1.114599987228435,MAP_PMU,53,0.0060418587073056695
3,UPFC_tsh,5-15,-0.24565804427311633,96,-0.2455721825006816,MAP_PMU,53,8.586177243471993e-05
4,UPFC_Vse,5-15,0.06272710196478973,96,0.06179960569064277,MAP_PMU,53,0.000927496274146955
5,UPFC_tse,5-15,-2.18901746470077,96,-2.1737620505090027,MAP_PMU,53,0.015255414191767347
0,x_tcsc,1-14,-0.09763940192026267,97,-0.09749920633276173,MAP_PMU,53,0.0001401955875009464
1,B_svc,2,0.1678563213896639,97,0.16751060592097347,MAP_PMU,53,0.00034571546869041625
2,UPFC_Vsh,5-15,1.109187754253869,97,1.114599987228435,MAP_PMU,53,0.005412232974565834
3,UPFC_tsh,5-15,-0.2457130981246148,97,-0.2455721825006816,MAP_PMU,53,0.00014091562393320212
4,UPFC_Vse,5-15,0.06331724608184014,97,0.06179960569064277,MAP_PMU,53,0.0015176403911973668
5,UPFC_tse,5-15,-2.1963966881461072,97,-2.1737620505090027,MAP_PMU,53,0.022634637637104493
0,x_tcsc,1-14,-0.09769717969555612,98,-0.09749920633276173,MAP_PMU,53,0.0001979733627943958
1,B_svc,2,0.16784780955318468,98,0.16751060592097347,MAP_PMU,53,0.0003372036322112082
2,UPFC_Vsh,5-15,1.1087813106864184,98,1.114599987228435,MAP_PMU,53,0.00581867654201651
3,UPFC_tsh,5-15,-0.2456345973962994,98,-0.2455721825006816,MAP_PMU,53,6.241489561778502e-05
4,UPFC_Vse,5-15,0.06239362099903995,98,0.06179960569064277,MAP_PMU,53,0.0005940153083971791
5,UPFC_tse,5-15,-2.1854360103522814,98,-2.1737620505090027,MAP_PMU,53,0.01167395984327868
0,x_tcsc,1-14,-0.09762730354962876,99,-0.09749920633276173,MAP_PMU,53,0.0001280972168670319
1,B_svc,2,0.16774442486605462,99,0.16751060592097347,MAP_PMU,53,0.00023381894508114898
2,UPFC_Vsh,5-15,1.108746662009268,99,1.114599987228435,MAP_PMU,53,0.005853325219166816
3,UPFC_tsh,5-15,-0.24561167681751156,99,-0.2455721825006816,MAP_PMU,53,3.949431682995219e-05
4,UPFC_Vse,5-15,0.06225393462030073,99,0.06179960569064277,MAP_PMU,53,0.0004543289296579586
5,UPFC_tse,5-15,-2.179907958275426,99,-2.1737620505090027,MAP_PMU,53,0.006145907766423431
0,x_tcsc,1-14,-0.0972785735638062,0,-0.09714767331654335,MAP_PMU,55,0.00013090024726285232
1,B_svc,2,0.16691570474197742,0,0.16711220707892135,MAP_PMU,55,0.00019650233694393227
2,UPFC_Vsh,5-15,1.1086661583255533,0,1.1138622134946952,MAP_PMU,55,0.0051960551691419
3,UPFC_tsh,5-15,-0.24559778873341728,0,-0.24549011554370062,MAP_PMU,55,0.00010767318971666162
4,UPFC_Vse,5-15,0.06273895129818084,0,0.06213281995843694,MAP_PMU,55,0.0006061313397439025
5,UPFC_tse,5-15,-2.1948674614576618,0,-2.1812688948177184,MAP_PMU,55,0.01359856663994341
0,x_tcsc,1-14,-0.09733833244186797,1,-0.09714767331654335,MAP_PMU,55,0.00019065912532462148
1,B_svc,2,0.16699979883941043,1,0.16711220707892135,MAP_PMU,55,0.00011240823951091938
2,UPFC_Vsh,5-15,1.1088290401537162,1,1.1138622134946952,MAP_PMU,55,0.005033173340978969
3,UPFC_tsh,5-15,-0.24558386561506737,1,-0.24549011554370062,MAP_PMU,55,9.37500713667494e-05
4,UPFC_Vse,5-15,0.06301764982020305,1,0.06213281995843694,MAP_PMU,55,0.0008848298617661135
5,UPFC_tse,5-15,-2.1887095073212675,1,-2.1812688948177184,MAP_PMU,55,0.007440612503549104
0,x_tcsc,1-14,-0.0972981837795428,2,-0.09714767331654335,MAP_PMU,55,0.0001505104629994508
1,B_svc,2,0.16712657173026796,2,0.16711220707892135,MAP_PMU,55,1.4364651346604473e-05
2,UPFC_Vsh,5-15,1.1084871887641765,2,1.1138622134946952,MAP_PMU,55,0.005375024730518652
3,UPFC_tsh,5-15,-0.24558581230574705,2,-0.24549011554370062,MAP_PMU,55,9.569676204643218e-05
4,UPFC_Vse,5-15,0.06297718292156543,2,0.06213281995843694,MAP_PMU,55,0.000844362963128488
5,UPFC_tse,5-15,-2.1941892585535405,2,-2.1812688948177184,MAP_PMU,55,0.012920363735822171
0,x_tcsc,1-14,-0.09729951431788361,3,-0.09714767331654335,MAP_PMU,55,0.00015184100134026102
1,B_svc,2,0.16749731032626167,3,0.16711220707892135,MAP_PMU,55,0.00038510324734031265
2,UPFC_Vsh,5-15,1.108513745638324,3,1.1138622134946952,MAP_PMU,55,0.0053484678563711086
3,UPFC_tsh,5-15,-0.24555283024881452,3,-0.24549011554370062,MAP_PMU,55,6.27147051139032e-05
4,UPFC_Vse,5-15,0.0633676197191825,3,0.06213281995843694,MAP_PMU,55,0.0012347997607455655
5,UPFC_tse,5-15,-2.1924560865616547,3,-2.1812688948177184,MAP_PMU,55,0.011187191743936342
0,x_tcsc,1-14,-0.09737296832413277,4,-0.09714767331654335,MAP_PMU,55,0.00022529500758941556
1,B_svc,2,0.167492476964268,4,0.16711220707892135,MAP_PMU,55,0.00038026988534664574
2,UPFC_Vsh,5-15,1.1086764358405141,4,1.1138622134946952,MAP_PMU,55,0.005185777654181045
3,UPFC_tsh,5-15,-0.24558150208957238,4,-0.24549011554370062,MAP_PMU,55,9.138654587176331e-05
4,UPFC_Vse,5-15,0.06268631613475417,4,0.06213281995843694,MAP_PMU,55,0.0005534961763172322
5,UPFC_tse,5-15,-2.1990645569544744,4,-2.1812688948177184,MAP_PMU,55,0.017795662136756096
0,x_tcsc,1-14,-0.09731669608325429,5,-0.09714767331654335,MAP_PMU,55,0.00016902276671093563
1,B_svc,2,0.16695927185451417,5,0.16711220707892135,MAP_PMU,55,0.00015293522440718021
2,UPFC_Vsh,5-15,1.1087505141644902,5,1.1138622134946952,MAP_PMU,55,0.005111699330204944
3,UPFC_tsh,5-15,-0.24554545545225048,5,-0.24549011554370062,MAP_PMU,55,5.5339908549861816e-05
4,UPFC_Vse,5-15,0.06292113866492258,5,0.06213281995843694,MAP_PMU,55,0.000788318706485637
5,UPFC_tse,5-15,-2.2009353624306316,5,-2.1812688948177184,MAP_PMU,55,0.01966646761291324
0,x_tcsc,1-14,-0.0973043237128396,6,-0.09714767331654335,MAP_PMU,55,0.000156650396296254
1,B_svc,2,0.16688546528918474,6,0.16711220707892135,MAP_PMU,55,0.00022674178973661197
2,UPFC_Vsh,5-15,1.1090322091662215,6,1.1138622134946952,MAP_PMU,55,0.0048300043284736915
3,UPFC_tsh,5-15,-0.24551869452178543,6,-0.24549011554370062,MAP_PMU,55,2.8578978084808915e-05
4,UPFC_Vse,5-15,0.062241136886971915,6,0.06213281995843694,MAP_PMU,55,0.00010831692853497527
5,UPFC_tse,5-15,-2.196566236004491,6,-2.1812688948177184,MAP_PMU,55,0.015297341186772506
0,x_tcsc,1-14,-0.09723271170787817,7,-0.09714767331654335,MAP_PMU,55,8.503839133482127e-05
1,B_svc,2,0.16723245466484715,7,0.16711220707892135,MAP_PMU,55,0.00012024758592579787
2,UPFC_Vsh,5-15,1.1084785693102017,7,1.1138622134946952,MAP_PMU,55,0.005383644184493441
3,UPFC_tsh,5-15,-0.24556467114959668,7,-0.24549011554370062,MAP_PMU,55,7.455560589605947e-05
4,UPFC_Vse,5-15,0.06281115973253276,7,0.06213281995843694,MAP_PMU,55,0.0006783397740958222
5,UPFC_tse,5-15,-2.205642536521135,7,-2.1812688948177184,MAP_PMU,55,0.024373641703416826
0,x_tcsc,1-14,-0.09738814767694948,8,-0.09714767331654335,MAP_PMU,55,0.00024047436040612602
1,B_svc,2,0.16716963333763907,8,0.16711220707892135,MAP_PMU,55,5.742625871771323e-05
2,UPFC_Vsh,5-15,1.1084554668504543,8,1.1138622134946952,MAP_PMU,55,0.005406746644240901
3,UPFC_tsh,5-15,-0.24558022563656282,8,-0.24549011554370062,MAP_PMU,55,9.011009286219451e-05
4,UPFC_Vse,5-15,0.06310571118612074,8,0.06213281995843694,MAP_PMU,55,0.0009728912276837989
5,UPFC_tse,5-15,-2.193564107614641,8,-2.1812688948177184,MAP_PMU,55,0.012295212796922694
0,x_tcsc,1-14,-0.09726503772529194,9,-0.09714767331654335,MAP_PMU,55,0.00011736440874858534
1,B_svc,2,0.16719336363104637,9,0.16711220707892135,MAP_PMU,55,8.115655212501127e-05
2,UPFC_Vsh,5-15,1.1085204205984793,9,1.1138622134946952,MAP_PMU,55,0.005341792896215836
3,UPFC_tsh,5-15,-0.2456127542507291,9,-0.24549011554370062,MAP_PMU,55,0.0001226387070284718
4,UPFC_Vse,5-15,0.06290628620998036,9,0.06213281995843694,MAP_PMU,55,0.0007734662515434185
5,UPFC_tse,5-15,-2.2014970140474106,9,-2.1812688948177184,MAP_PMU,55,0.020228119229692254
0,x_tcsc,1-14,-0.09730826306078261,10,-0.09714767331654335,MAP_PMU,55,0.0001605897442392562
1,B_svc,2,0.16712676147828015,10,0.16711220707892135,MAP_PMU,55,1.4554399358795989e-05
2,UPFC_Vsh,5-15,1.1089189252024223,10,1.1138622134946952,MAP_PMU,55,0.004943288292272863
3,UPFC_tsh,5-15,-0.24546799135451763,10,-0.24549011554370062,MAP_PMU,55,2.2124189182987086e-05
4,UPFC_Vse,5-15,0.0627889355072976,10,0.06213281995843694,MAP_PMU,55,0.0006561155488606571
5,UPFC_tse,5-15,-2.190292694664556,10,-2.1812688948177184,MAP_PMU,55,0.009023799846837655
0,x_tcsc,1-14,-0.09731303434823137,11,-0.09714767331654335,MAP_PMU,55,0.00016536103168801608
1,B_svc,2,0.16749107812734962,11,0.16711220707892135,MAP_PMU,55,0.00037887104842826425
2,UPFC_Vsh,5-15,1.1086111386440194,11,1.1138622134946952,MAP_PMU,55,0.005251074850675774
3,UPFC_tsh,5-15,-0.2455090308740506,11,-0.24549011554370062,MAP_PMU,55,1.8915330349977832e-05
4,UPFC_Vse,5-15,0.062891312440015,11,0.06213281995843694,MAP_PMU,55,0.0007584924815780617
5,UPFC_tse,5-15,-2.1949491485633903,11,-2.1812688948177184,MAP_PMU,55,0.013680253745671944
0,x_tcsc,1-14,-0.09736360930872533,12,-0.09714767331654335,MAP_PMU,55,0.0002159359921819759
1,B_svc,2,0.16696283917164348,12,0.16711220707892135,MAP_PMU,55,0.0001493679072778753
2,UPFC_Vsh,5-15,1.1086586296671177,12,1.1138622134946952,MAP_PMU,55,0.005203583827577463
3,UPFC_tsh,5-15,-0.2455222842172783,12,-0.24549011554370062,MAP_PMU,55,3.216867357769271e-05
4,UPFC_Vse,5-15,0.0634369300799255,12,0.06213281995843694,MAP_PMU,55,0.0013041101214885595
5,UPFC_tse,5-15,-2.193289390061661,12,-2.1812688948177184,MAP_PMU,55,0.012020495243942442
0,x_tcsc,1-14,-0.09732348905030676,13,-0.09714767331654335,MAP_PMU,55,0.00017581573376340698
1,B_svc,2,0.16726424521354316,13,0.16711220707892135,MAP_PMU,55,0.00015203813462180693
2,UPFC_Vsh,5-15,1.1091341283942622,13,1.1138622134946952,MAP_PMU,55,0.004728085100432988
3,UPFC_tsh,5-15,-0.24553627269147543,13,-0.24549011554370062,MAP_PMU,55,4.615714777481128e-05
4,UPFC_Vse,5-15,0.062365383932250114,13,0.06213281995843694,MAP_PMU,55,0.00023256397381317406
5,UPFC_tse,5-15,-2.204332328536934,13,-2.1812688948177184,MAP_PMU,55,0.02306343371921571
0,x_tcsc,1-14,-0.09730493467767821,14,-0.09714767331654335,MAP_PMU,55,0.00015726136113486389
1,B_svc,2,0.16688822263567762,14,0.16711220707892135,MAP_PMU,55,0.0002239844432437299
2,UPFC_Vsh,5-15,1.108929708012258,14,1.1138622134946952,MAP_PMU,55,0.004932505482437177
3,UPFC_tsh,5-15,-0.24552942063603922,14,-0.24549011554370062,MAP_PMU,55,3.930509233859847e-05
4,UPFC_Vse,5-15,0.06266812472589567,14,0.06213281995843694,MAP_PMU,55,0.0005353047674587288
5,UPFC_tse,5-15,-2.1984017949155277,14,-2.1812688948177184,MAP_PMU,55,0.017132900097809323
0,x_tcsc,1-14,-0.09725329366646661,15,-0.09714767331654335,MAP_PMU,55,0.00010562034992325775
1,B_svc,2,0.16689534256565494,15,0.16711220707892135,MAP_PMU,55,0.00021686451326641265
2,UPFC_Vsh,5-15,1.108773425199193,15,1.1138622134946952,MAP_PMU,55,0.005088788295502189
3,UPFC_tsh,5-15,-0.2455324142886554,15,-0.24549011554370062,MAP_PMU,55,4.229874495478847e-05
4,UPFC_Vse,5-15,0.06279729544248144,15,0.06213281995843694,MAP_PMU,55,0.0006644754840445036
5,UPFC_tse,5-15,-2.191521770932319,15,-2.1812688948177184,MAP_PMU,55,0.010252876114600795
0,x_tcsc,1-14,-0.09728997319772846,16,-0.09714767331654335,MAP_PMU,55,0.0001422998811851095
1,B_svc,2,0.16707805769263218,16,0.16711220707892135,MAP_PMU,55,3.414938628917841e-05
2,UPFC_Vsh,5-15,1.1088802577518815,16,1.1138622134946952,MAP_PMU,55,0.004981955742813682
3,UPFC_tsh,5-15,-0.24557750466255301,16,-0.24549011554370062,MAP_PMU,55,8.738911885239342e-05
4,UPFC_Vse,5-15,0.06217218065059417,16,0.06213281995843694,MAP_PMU,55,3.936069215722954e-05
5,UPFC_tse,5-15,-2.198603156180601,16,-2.1812688948177184,MAP_PMU,55,0.017334261362882852
0,x_tcsc,1-14,-0.09733614502648329,17,-0.09714767331654335,MAP_PMU,55,0.00018847170993993578
1,B_svc,2,0.16732543994289562,17,0.16711220707892135,MAP_PMU,55,0.0002132328639742609
2,UPFC_Vsh,5-15,1.1089457652478294,17,1.1138622134946952,MAP_PMU,55,0.004916448246865768
3,UPFC_tsh,5-15,-0.2454846812110516,17,-0.24549011554370062,MAP_PMU,55,5.434332649018048e-06
4,UPFC_Vse,5-15,0.06313167946158792,17,0.06213281995843694,MAP_PMU,55,0.000998859503150977
5,UPFC_tse,5-15,-2.196126570928692,17,-2.1812688948177184,MAP_PMU,55,0.01485767611097355
0,x_tcsc,1-14,-0.09726726706570574,18,-0.09714767331654335,MAP_PMU,55,0.00011959374916238608
1,B_svc,2,0.16692434187267802,18,0.16711220707892135,MAP_PMU,55,0.00018786520624333725
2,UPFC_Vsh,5-15,1.1089612875008563,18,1.1138622134946952,MAP_PMU,55,0.004900925993838845
3,UPFC_tsh,5-15,-0.2455897341413662,18,-0.24549011554370062,MAP_PMU,55,9.961859766557946e-05
4,UPFC_Vse,5-15,0.06272928401721878,18,0.06213281995843694,MAP_PMU,55,0.0005964640587818384
5,UPFC_tse,5-15,-2.1910257396257586,18,-2.1812688948177184,MAP_PMU,55,0.009756844808040288
0,x_tcsc,1-14,-0.09730110644986308,19,-0.09714767331654335,MAP_PMU,55,0.00015343313331972475
1,B_svc,2,0.1667304311122911,19,0.16711220707892135,MAP_PMU,55,0.00038177596663024893
2,UPFC_Vsh,5-15,1.1085650574412007,19,1.1138622134946952,MAP_PMU,55,0.005297156053494456
3,UPFC_tsh,5-15,-0.24557948521282383,19,-0.24549011554370062,MAP_PMU,55,8.93696691232071e-05
4,UPFC_Vse,5-15,0.06274367836561572,19,0.06213281995843694,MAP_PMU,55,0.0006108584071787757
5,UPFC_tse,5-15,-2.192842830518997,19,-2.1812688948177184,MAP_PMU,55,0.011573935701278515
0,x_tcsc,1-14,-0.09727392459800913,20,-0.09714767331654335,MAP_PMU,55,0.00012625128146577513
1,B_svc,2,0.16732917490375407,20,0.16711220707892135,MAP_PMU,55,0.00021696782483271448
2,UPFC_Vsh,5-15,1.1089275761898025,20,1.1138622134946952,MAP_PMU,55,0.004934637304892631
3,UPFC_tsh,5-15,-0.24552838750588435,20,-0.24549011554370062,MAP_PMU,55,3.827196218372797e-05
4,UPFC_Vse,5-15,0.06241325150133448,20,0.06213281995843694,MAP_PMU,55,0.0002804315428975371
5,UPFC_tse,5-15,-2.1987050185443353,20,-2.1812688948177184,MAP_PMU,55,0.01743612372661696
0,x_tcsc,1-14,-0.09731686129697016,21,-0.09714767331654335,MAP_PMU,55,0.00016918798042681038
1,B_svc,2,0.16759996320390866,21,0.16711220707892135,MAP_PMU,55,0.00048775612498730414
2,UPFC_Vsh,5-15,1.108826431994699,21,1.1138622134946952,MAP_PMU,55,0.0050357814999961725
3,UPFC_tsh,5-15,-0.24556596684177828,21,-0.24549011554370062,MAP_PMU,55,7.585129807766156e-05
4,UPFC_Vse,5-15,0.06289659891169773,21,0.06213281995843694,MAP_PMU,55,0.0007637789532607894
5,UPFC_tse,5-15,-2.197768480672696,21,-2.1812688948177184,MAP_PMU,55,0.01649958585497746
0,x_tcsc,1-14,-0.0972239061630903,22,-0.09714767331654335,MAP_PMU,55,7.623284654695306e-05
1,B_svc,2,0.16707916523917524,22,0.16711220707892135,MAP_PMU,55,3.304183974611741e-05
2,UPFC_Vsh,5-15,1.1083883479287833,22,1.1138622134946952,MAP_PMU,55,0.005473865565911895
3,UPFC_tsh,5-15,-0.24558356842682671,22,-0.24549011554370062,MAP_PMU,55,9.34528831260939e-05
4,UPFC_Vse,5-15,0.0627093286739332,22,0.06213281995843694,MAP_PMU,55,0.0005765087154962559
5,UPFC_tse,5-15,-2.1949304511565453,22,-2.1812688948177184,MAP_PMU,55,0.01366155633882693
0,x_tcsc,1-14,-0.09738589505258728,23,-0.09714767331654335,MAP_PMU,55,0.00023822173604393093
1,B_svc,2,0.16764440782208154,23,0.16711220707892135,MAP_PMU,55,0.0005322007431601827
2,UPFC_Vsh,5-15,1.1086675916461675,23,1.1138622134946952,MAP_PMU,55,0.005194621848527703
3,UPFC_tsh,5-15,-0.24562114872754073,23,-0.24549011554370062,MAP_PMU,55,0.00013103318384011242
4,UPFC_Vse,5-15,0.06281818064202739,23,0.06213281995843694,MAP_PMU,55,0.000685360683590451
5,UPFC_tse,5-15,-2.1951104322429136,23,-2.1812688948177184,MAP_PMU,55,0.013841537425195227
0,x_tcsc,1-14,-0.09732699234199454,24,-0.09714767331654335,MAP_PMU,55,0.00017931902545119394
1,B_svc,2,0.16750272711164377,24,0.16711220707892135,MAP_PMU,55,0.0003905200327224134
2,UPFC_Vsh,5-15,1.1087463463825622,24,1.1138622134946952,MAP_PMU,55,0.005115867112132966
3,UPFC_tsh,5-15,-0.24558550319522496,24,-0.24549011554370062,MAP_PMU,55,9.538765152433681e-05
4,UPFC_Vse,5-15,0.06315522619311761,24,0.06213281995843694,MAP_PMU,55,0.0010224062346806742
5,UPFC_tse,5-15,-2.1973209752807077,24,-2.1812688948177184,MAP_PMU,55,0.016052080462989338
0,x_tcsc,1-14,-0.09730179951669382,25,-0.09714767331654335,MAP_PMU,55,0.00015412620015047007
1,B_svc,2,0.1675954153342068,25,0.16711220707892135,MAP_PMU,55,0.0004832082552854444
2,UPFC_Vsh,5-15,1.1085451554946237,25,1.1138622134946952,MAP_PMU,55,0.0053170580000714285
3,UPFC_tsh,5-15,-0.2456183751595767,25,-0.24549011554370062,MAP_PMU,55,0.0001282596158760918
4,UPFC_Vse,5-15,0.06298120478538809,25,0.06213281995843694,MAP_PMU,55,0.0008483848269511471
5,UPFC_tse,5-15,-2.2018605177298602,25,-2.1812688948177184,MAP_PMU,55,0.020591622912141894
0,x_tcsc,1-14,-0.09727132301569101,26,-0.09714767331654335,MAP_PMU,55,0.00012364969914765989
1,B_svc,2,0.1672494114385343,26,0.16711220707892135,MAP_PMU,55,0.0001372043596129524
2,UPFC_Vsh,5-15,1.108950521517505,26,1.1138622134946952,MAP_PMU,55,0.004911691977190102
3,UPFC_tsh,5-15,-0.24551226789109165,26,-0.24549011554370062,MAP_PMU,55,2.2152347391030114e-05
4,UPFC_Vse,5-15,0.06258061909082216,26,0.06213281995843694,MAP_PMU,55,0.00044779913238521957
5,UPFC_tse,5-15,-2.1908238539983835,26,-2.1812688948177184,MAP_PMU,55,0.009554959180665179
0,x_tcsc,1-14,-0.09724687332517325,27,-0.09714767331654335,MAP_PMU,55,9.920000862989609e-05
1,B_svc,2,0.16719733669583717,27,0.16711220707892135,MAP_PMU,55,8.512961691581333e-05
2,UPFC_Vsh,5-15,1.1087786478587394,27,1.1138622134946952,MAP_PMU,55,0.0050835656359558
3,UPFC_tsh,5-15,-0.24551293793134335,27,-0.24549011554370062,MAP_PMU,55,2.2822387642729147e-05
4,UPFC_Vse,5-15,0.062246762296100704,27,0.06213281995843694,MAP_PMU,55,0.00011394233766376383
5,UPFC_tse,5-15,-2.1943961152850537,27,-2.1812688948177184,MAP_PMU,55,0.013127220467335388
0,x_tcsc,1-14,-0.09726447197717702,28,-0.09714767331654335,MAP_PMU,55,0.00011679866063367406
1,B_svc,2,0.16708940238177739,28,0.16711220707892135,MAP_PMU,55,2.2804697143968822e-05
2,UPFC_Vsh,5-15,1.108839019637359,28,1.1138622134946952,MAP_PMU,55,0.005023193857336183
3,UPFC_tsh,5-15,-0.2455529180863181,28,-0.24549011554370062,MAP_PMU,55,6.280254261747942e-05
4,UPFC_Vse,5-15,0.06267836906758527,28,0.06213281995843694,MAP_PMU,55,0.0005455491091483286
5,UPFC_tse,5-15,-2.194651707713677,28,-2.1812688948177184,MAP_PMU,55,0.013382812895958551
0,x_tcsc,1-14,-0.09737055573786875,29,-0.09714767331654335,MAP_PMU,55,0.00022288242132539882
1,B_svc,2,0.1671380630391231,29,0.16711220707892135,MAP_PMU,55,2.5855960201742745e-05
2,UPFC_Vsh,5-15,1.1087246678062446,29,1.1138622134946952,MAP_PMU,55,0.0051375456884505954
3,UPFC_tsh,5-15,-0.24551986228433118,29,-0.24549011554370062,MAP_PMU,55,2.9746740630554047e-05
4,UPFC_Vse,5-15,0.06247296980822151,29,0.06213281995843694,MAP_PMU,55,0.000340149849784567
5,UPFC_tse,5-15,-2.197043663045673,29,-2.1812688948177184,MAP_PMU,55,0.01577476822795454
0,x_tcsc,1-14,-0.09726604665460746,30,-0.09714767331654335,MAP_PMU,55,0.00011837333806410943
1,B_svc,2,0.1672081352109903,30,0.16711220707892135,MAP_PMU,55,9.592813206893425e-05
2,UPFC_Vsh,5-15,1.1086916976899677,30,1.1138622134946952,MAP_PMU,55,0.0051705158047274935
3,UPFC_tsh,5-15,-0.24553012292685703,30,-0.24549011554370062,MAP_PMU,55,4.0007383156404064e-05
4,UPFC_Vse,5-15,0.0632050768957676,30,0.06213281995843694,MAP_PMU,55,0.0010722569373306581
5,UPFC_tse,5-15,-2.1997327257634294,30,-2.1812688948177184,MAP_PMU,55,0.018463830945711024
0,x_tcsc,1-14,-0.09726192696566881,31,-0.09714767331654335,MAP_PMU,55,0.00011425364912545644
1,B_svc,2,0.16705539222863314,31,0.16711220707892135,MAP_PMU,55,5.681485028821709e-05
2,UPFC_Vsh,5-15,1.1083248877766447,31,1.1138622134946952,MAP_PMU,55,0.005537325718050434
3,UPFC_tsh,5-15,-0.24561247182480986,31,-0.24549011554370062,MAP_PMU,55,0.00012235628110923713
4,UPFC_Vse,5-15,0.06316699748545587,31,0.06213281995843694,MAP_PMU,55,0.0010341775270189327
5,UPFC_tse,5-15,-2.2098764884324926,31,-2.1812688948177184,MAP_PMU,55,0.028607593614774274
0,x_tcsc,1-14,-0.0972866918437528,32,-0.09714767331654335,MAP_PMU,55,0.0001390185272094474
1,B_svc,2,0.16741511635728867,32,0.16711220707892135,MAP_PMU,55,0.0003029092783673193
2,UPFC_Vsh,5-15,1.108818474503143,32,1.1138622134946952,MAP_PMU,55,0.0050437389915520825
3,UPFC_tsh,5-15,-0.2455409073808739,32,-0.24549011554370062,MAP_PMU,55,5.079183717326963e-05
4,UPFC_Vse,5-15,0.06299206035713543,32,0.06213281995843694,MAP_PMU,55,0.0008592403986984951
5,UPFC_tse,5-15,-2.1913514229726108,32,-2.1812688948177184,MAP_PMU,55,0.010082528154892412
0,x_tcsc,1-14,-0.09730236924565308,33,-0.09714767331654335,MAP_PMU,55,0.00015469592910972996
1,B_svc,2,0.16683831840704832,33,0.16711220707892135,MAP_PMU,55,0.00027388867187302934
2,UPFC_Vsh,5-15,1.1089262888005558,33,1.1138622134946952,MAP_PMU,55,0.004935924694139393
3,UPFC_tsh,5-15,-0.24549794284657944,33,-0.24549011554370062,MAP_PMU,55,7.827302878821163e-06
4,UPFC_Vse,5-15,0.06230789538123891,33,0.06213281995843694,MAP_PMU,55,0.00017507542280197075
5,UPFC_tse,5-15,-2.191263377493911,33,-2.1812688948177184,MAP_PMU,55,0.009994482676192629
0,x_tcsc,1-14,-0.09726353748220343,34,-0.09714767331654335,MAP_PMU,55,0.00011586416566007618
1,B_svc,2,0.16723175611283256,34,0.16711220707892135,MAP_PMU,55,0.00011954903391120375
2,UPFC_Vsh,5-15,1.1089815960028695,34,1.1138622134946952,MAP_PMU,55,0.004880617491825667
3,UPFC_tsh,5-15,-0.24549094752183326,34,-0.24549011554370062,MAP_PMU,55,8.319781326371345e-07
4,UPFC_Vse,5-15,0.06289076075248123,34,0.06213281995843694,MAP_PMU,55,0.0007579407940442942
5,UPFC_tse,5-15,-2.187943682147876,34,-2.1812688948177184,MAP_PMU,55,0.006674787330157805
0,x_tcsc,1-14,-0.0972723941298914,35,-0.09714767331654335,MAP_PMU,55,0.0001247208133480504
1,B_svc,2,0.16746306248730278,35,0.16711220707892135,MAP_PMU,55,0.00035085540838142304
2,UPFC_Vsh,5-15,1.1086832779714257,35,1.1138622134946952,MAP_PMU,55,0.005178935523269423
3,UPFC_tsh,5-15,-0.24553950982591954,35,-0.24549011554370062,MAP_PMU,55,4.939428221892306e-05
4,UPFC_Vse,5-15,0.06275827067930057,35,0.06213281995843694,MAP_PMU,55,0.0006254507208636254
5,UPFC_tse,5-15,-2.1888814243849835,35,-2.1812688948177184,MAP_PMU,55,0.007612529567265103
0,x_tcsc,1-14,-0.09731963406564878,36,-0.09714767331654335,MAP_PMU,55,0.00017196074910542924
1,B_svc,2,0.16720228988356714,36,0.16711220707892135,MAP_PMU,55,9.008280464578577e-05
2,UPFC_Vsh,5-15,1.1091938773976942,36,1.1138622134946952,MAP_PMU,55,0.0046683360970010135
3,UPFC_tsh,5-15,-0.24550144248856304,36,-0.24549011554370062,MAP_PMU,55,1.1326944862416477e-05
4,UPFC_Vse,5-15,0.06236808281539871,36,0.06213281995843694,MAP_PMU,55,0.00023526285696177235
5,UPFC_tse,5-15,-2.191528891796406,36,-2.1812688948177184,MAP_PMU,55,0.010259996978687624
0,x_tcsc,1-14,-0.09729691420376384,37,-0.09714767331654335,MAP_PMU,55,0.00014924088722048645
1,B_svc,2,0.16679073370508388,37,0.16711220707892135,MAP_PMU,55,0.00032147337383747754
2,UPFC_Vsh,5-15,1.1091254234692525,37,1.1138622134946952,MAP_PMU,55,0.004736790025442694
3,UPFC_tsh,5-15,-0.24553289734403716,37,-0.24549011554370062,MAP_PMU,55,4.278180033653878e-05
4,UPFC_Vse,5-15,0.06224323095447354,37,0.06213281995843694,MAP_PMU,55,0.00011041099603659871
5,UPFC_tse,5-15,-2.19626636521322,37,-2.1812688948177184,MAP_PMU,55,0.01499747039550181
0,x_tcsc,1-14,-0.09735892250665781,38,-0.09714767331654335,MAP_PMU,55,0.00021124919011446253
1,B_svc,2,0.1665668258748724,38,0.16711220707892135,MAP_PMU,55,0.0005453812040489558
2,UPFC_Vsh,5-15,1.1085897017977526,38,1.1138622134946952,MAP_PMU,55,0.005272511696942539
3,UPFC_tsh,5-15,-0.24556027272803768,38,-0.24549011554370062,MAP_PMU,55,7.015718433706075e-05
4,UPFC_Vse,5-15,0.0626027727067336,38,0.06213281995843694,MAP_PMU,55,0.0004699527482966634
5,UPFC_tse,5-15,-2.190619558241986,38,-2.1812688948177184,MAP_PMU,55,0.009350663424267491
0,x_tcsc,1-14,-0.09741421042613385,39,-0.09714767331654335,MAP_PMU,55,0.0002665371095905006
1,B_svc,2,0.16703185885945132,39,0.16711220707892135,MAP_PMU,55,8.034821947003334e-05
2,UPFC_Vsh,5-15,1.1085774363581349,39,1.1138622134946952,MAP_PMU,55,0.005284777136560281
3,UPFC_tsh,5-15,-0.24554447356320713,39,-0.24549011554370062,MAP_PMU,55,5.435801950651187e-05
4,UPFC_Vse,5-15,0.06233114086945146,39,0.06213281995843694,MAP_PMU,55,0.0001983209110145226
5,UPFC_tse,5-15,-2.1823181908470115,39,-2.1812688948177184,MAP_PMU,55,0.0010492960292931564
0,x_tcsc,1-14,-0.09731343821154123,40,-0.09714767331654335,MAP_PMU,55,0.00016576489499788016
1,B_svc,2,0.1664234060213949,40,0.16711220707892135,MAP_PMU,55,0.0006888010575264447
2,UPFC_Vsh,5-15,1.1088497663365813,40,1.1138622134946952,MAP_PMU,55,0.005012447158113886
3,UPFC_tsh,5-15,-0.24553113260774742,40,-0.24549011554370062,MAP_PMU,55,4.1017064046799945e-05
4,UPFC_Vse,5-15,0.06251119189485238,40,0.06213281995843694,MAP_PMU,55,0.0003783719364154406
5,UPFC_tse,5-15,-2.1935743178306772,40,-2.1812688948177184,MAP_PMU,55,0.012305423012958894
0,x_tcsc,1-14,-0.09729472796604562,41,-0.09714767331654335,MAP_PMU,55,0.0001470546495022651
1,B_svc,2,0.1672308223923268,41,0.16711220707892135,MAP_PMU,55,0.00011861531340545683
2,UPFC_Vsh,5-15,1.1090803310597426,41,1.1138622134946952,MAP_PMU,55,0.004781882434952589
3,UPFC_tsh,5-15,-0.24553408719274278,41,-0.24549011554370062,MAP_PMU,55,4.397164904215711e-05
4,UPFC_Vse,5-15,0.06283246171104337,41,0.06213281995843694,MAP_PMU,55,0.0006996417526064294
5,UPFC_tse,5-15,-2.1884096812326246,41,-2.1812688948177184,MAP_PMU,55,0.0071407864149062306
0,x_tcsc,1-14,-0.09728890848161528,42,-0.09714767331654335,MAP_PMU,55,0.0001412351650719318
1,B_svc,2,0.16707023364899265,42,0.16711220707892135,MAP_PMU,55,4.197342992870445e-05
2,UPFC_Vsh,5-15,1.1087751758454902,42,1.1138622134946952,MAP_PMU,55,0.0050870376492049285
3,UPFC_tsh,5-15,-0.2454732815624773,42,-0.24549011554370062,MAP_PMU,55,1.6833981223318695e-05
4,UPFC_Vse,5-15,0.062177572928923314,42,0.06213281995843694,MAP_PMU,55,4.475297048637389e-05
5,UPFC_tse,5-15,-2.181482933074293,42,-2.1812688948177184,MAP_PMU,55,0.00021403825657451137
0,x_tcsc,1-14,-0.09731960950716073,43,-0.09714767331654335,MAP_PMU,55,0.00017193619061738052
1,B_svc,2,0.1671904946926019,43,0.16711220707892135,MAP_PMU,55,7.828761368053327e-05
2,UPFC_Vsh,5-15,1.1088289973006487,43,1.1138622134946952,MAP_PMU,55,0.005033216194046508
3,UPFC_tsh,5-15,-0.24553258936740124,43,-0.24549011554370062,MAP_PMU,55,4.2473823700622804e-05
4,UPFC_Vse,5-15,0.06317693820790947,43,0.06213281995843694,MAP_PMU,55,0.0010441182494725296
5,UPFC_tse,5-15,-2.1988743021777766,43,-2.1812688948177184,MAP_PMU,55,0.017605407360058223
0,x_tcsc,1-14,-0.0972622608084128,44,-0.09714767331654335,MAP_PMU,55,0.00011458749186944728
1,B_svc,2,0.16752167551900474,44,0.16711220707892135,MAP_PMU,55,0.00040946844008338257
2,UPFC_Vsh,5-15,1.1089622345620271,44,1.1138622134946952,MAP_PMU,55,0.004899978932668025
3,UPFC_tsh,5-15,-0.2455707382153194,44,-0.24549011554370062,MAP_PMU,55,8.062267161879078e-05
4,UPFC_Vse,5-15,0.06310564978269535,44,0.06213281995843694,MAP_PMU,55,0.000972829824258413
5,UPFC_tse,5-15,-2.1834389741884226,44,-2.1812688948177184,MAP_PMU,55,0.0021700793707042365
0,x_tcsc,1-14,-0.09729960569458804,45,-0.09714767331654335,MAP_PMU,55,0.0001519323780446863
1,B_svc,2,0.1674521988803251,45,0.16711220707892135,MAP_PMU,55,0.00033999180140373286
2,UPFC_Vsh,5-15,1.1086618590834685,45,1.1138622134946952,MAP_PMU,55,0.005200354411226682
3,UPFC_tsh,5-15,-0.24555945248254318,45,-0.24549011554370062,MAP_PMU,55,6.933693884256242e-05
4,UPFC_Vse,5-15,0.0631039371806243,45,0.06213281995843694,MAP_PMU,55,0.0009711172221873662
5,UPFC_tse,5-15,-2.188089211333467,45,-2.1812688948177184,MAP_PMU,55,0.006820316515748548
0,x_tcsc,1-14,-0.09729525786642482,46,-0.09714767331654335,MAP_PMU,55,0.00014758454988146597
1,B_svc,2,0.16710880055052554,46,0.16711220707892135,MAP_PMU,55,3.4065283958106818e-06
2,UPFC_Vsh,5-15,1.108807297881714,46,1.1138622134946952,MAP_PMU,55,0.0050549156129811035
3,UPFC_tsh,5-15,-0.2455092866705262,46,-0.24549011554370062,MAP_PMU,55,1.917112682559008e-05
4,UPFC_Vse,5-15,0.06266926687435583,46,0.06213281995843694,MAP_PMU,55,0.0005364469159188853
5,UPFC_tse,5-15,-2.186015801425718,46,-2.1812688948177184,MAP_PMU,55,0.004746906607999701
0,x_tcsc,1-14,-0.09729634389498522,47,-0.09714767331654335,MAP_PMU,55,0.00014867057844186737
1,B_svc,2,0.16698997604491841,47,0.16711220707892135,MAP_PMU,55,0.00012223103400293978
2,UPFC_Vsh,5-15,1.1088072559669913,47,1.1138622134946952,MAP_PMU,55,0.005054957527703907
3,UPFC_tsh,5-15,-0.24548988241351102,47,-0.24549011554370062,MAP_PMU,55,2.3313018959747467e-07
4,UPFC_Vse,5-15,0.06275697203509747,47,0.06213281995843694,MAP_PMU,55,0.0006241520766605349
5,UPFC_tse,5-15,-2.1884059908818956,47,-2.1812688948177184,MAP_PMU,55,0.0071370960641772285
0,x_tcsc,1-14,-0.09735724751237974,48,-0.09714767331654335,MAP_PMU,55,0.0002095741958363928
1,B_svc,2,0.1670559004688337,48,0.16711220707892135,MAP_PMU,55,5.630661008765303e-05
2,UPFC_Vsh,5-15,1.1087909758883179,48,1.1138622134946952,MAP_PMU,55,0.005071237606377288
3,UPFC_tsh,5-15,-0.2455311164744676,48,-0.24549011554370062,MAP_PMU,55,4.100093076697675e-05
4,UPFC_Vse,5-15,0.06236297196268293,48,0.06213281995843694,MAP_PMU,55,0.0002301520042459898
5,UPFC_tse,5-15,-2.193941404663557,48,-2.1812688948177184,MAP_PMU,55,0.012672509845838675
0,x_tcsc,1-14,-0.09726112906733171,49,-0.09714767331654335,MAP_PMU,55,0.00011345575078836045
1,B_svc,2,0.16768651535573673,49,0.16711220707892135,MAP_PMU,55,0.0005743082768153718
2,UPFC_Vsh,5-15,1.1084543602159938,49,1.1138622134946952,MAP_PMU,55,0.005407853278701413
3,UPFC_tsh,5-15,-0.2456444120866745,49,-0.24549011554370062,MAP_PMU,55,0.00015429654297388629
4,UPFC_Vse,5-15,0.062725127289726,49,0.06213281995843694,MAP_PMU,55,0.0005923073312890589
5,UPFC_tse,5-15,-2.2002072567711015,49,-2.1812688948177184,MAP_PMU,55,0.018938361953383165
0,x_tcsc,1-14,-0.09727215241061435,50,-0.09714767331654335,MAP_PMU,55,0.00012447909407099778
1,B_svc,2,0.1669585201569697,50,0.16711220707892135,MAP_PMU,55,0.0001536869219516679
2,UPFC_Vsh,5-15,1.1083298624483213,50,1.1138622134946952,MAP_PMU,55,0.00553235104637384
3,UPFC_tsh,5-15,-0.24558106317458567,50,-0.24549011554370062,MAP_PMU,55,9.094763088504654e-05
4,UPFC_Vse,5-15,0.06322851869309067,50,0.06213281995843694,MAP_PMU,55,0.0010956987346537259
5,UPFC_tse,5-15,-2.1922518397610844,50,-2.1812688948177184,MAP_PMU,55,0.010982944943366046
0,x_tcsc,1-14,-0.09730733612599844,51,-0.09714767331654335,MAP_PMU,55,0.00015966280945509115
1,B_svc,2,0.16726031343732373,51,0.16711220707892135,MAP_PMU,55,0.0001481063584023723
2,UPFC_Vsh,5-15,1.1089911311146425,51,1.1138622134946952,MAP_PMU,55,0.004871082380052627
3,UPFC_tsh,5-15,-0.24554672830087593,51,-0.24549011554370062,MAP_PMU,55,5.6612757175306117e-05
4,UPFC_Vse,5-15,0.06294580884204957,51,0.06213281995843694,MAP_PMU,55,0.000812988883612635
5,UPFC_tse,5-15,-2.1924683573994126,51,-2.1812688948177184,MAP_PMU,55,0.011199462581694242
0,x_tcsc,1-14,-0.09731253971764008,52,-0.09714767331654335,MAP_PMU,55,0.0001648664010967249
1,B_svc,2,0.16753065395606506,52,0.16711220707892135,MAP_PMU,55,0.00041844687714370776
2,UPFC_Vsh,5-15,1.1089530467175794,52,1.1138622134946952,MAP_PMU,55,0.0049091667771157255
3,UPFC_tsh,5-15,-0.24552092073740864,52,-0.24549011554370062,MAP_PMU,55,3.080519370801671e-05
4,UPFC_Vse,5-15,0.06302292135372929,52,0.06213281995843694,MAP_PMU,55,0.0008901013952923517
5,UPFC_tse,5-15,-2.188518749273727,52,-2.1812688948177184,MAP_PMU,55,0.007249854456008453
0,x_tcsc,1-14,-0.09726496994745154,53,-0.09714767331654335,MAP_PMU,55,0.00011729663090818965
1,B_svc,2,0.1668132547854306,53,0.16711220707892135,MAP_PMU,55,0.0002989522934907507
2,UPFC_Vsh,5-15,1.1090853963529015,53,1.1138622134946952,MAP_PMU,55,0.004776817141793677
3,UPFC_tsh,5-15,-0.24542807992947707,53,-0.24549011554370062,MAP_PMU,55,6.203561422354897e-05
4,UPFC_Vse,5-15,0.0626065636668399,53,0.06213281995843694,MAP_PMU,55,0.0004737437084029669
5,UPFC_tse,5-15,-2.1938420570265094,53,-2.1812688948177184,MAP_PMU,55,0.012573162208791011
0,x_tcsc,1-14,-0.097321650787571,54,-0.09714767331654335,MAP_PMU,55,0.00017397747102765315
1,B_svc,2,0.1674451701262488,54,0.16711220707892135,MAP_PMU,55,0.0003329630473274392
2,UPFC_Vsh,5-15,1.1084797846519299,54,1.1138622134946952,MAP_PMU,55,0.005382428842765297
3,UPFC_tsh,5-15,-0.2455760353824185,54,-0.24549011554370062,MAP_PMU,55,8.591983871789055e-05
4,UPFC_Vse,5-15,0.06320073178115061,54,0.06213281995843694,MAP_PMU,55,0.0010679118227136727
5,UPFC_tse,5-15,-2.1987323886179118,54,-2.1812688948177184,MAP_PMU,55,0.017463493800193408
0,x_tcsc,1-14,-0.09731455996560387,55,-0.09714767331654335,MAP_PMU,55,0.00016688664906051864
1,B_svc,2,0.16754582326997325,55,0.16711220707892135,MAP_PMU,55,0.0004336161910518943
2,UPFC_Vsh,5-15,1.1088844580345787,55,1.1138622134946952,MAP_PMU,55,0.004977755460116473
3,UPFC_tsh,5-15,-0.24544848397368277,55,-0.24549011554370062,MAP_PMU,55,4.163157001785267e-05
4,UPFC_Vse,5-15,0.0630130046619978,55,0.06213281995843694,MAP_PMU,55,0.0008801847035608615
5,UPFC_tse,5-15,-2.1868059293326105,55,-2.1812688948177184,MAP_PMU,55,0.005537034514892181
0,x_tcsc,1-14,-0.09737745013864149,56,-0.09714767331654335,MAP_PMU,55,0.00022977682209814054
1,B_svc,2,0.16754889322735123,56,0.16711220707892135,MAP_PMU,55,0.0004366861484298712
2,UPFC_Vsh,5-15,1.108664137363741,56,1.1138622134946952,MAP_PMU,55,0.005198076130954243
3,UPFC_tsh,5-15,-0.2455536135672067,56,-0.24549011554370062,MAP_PMU,55,6.349802350608114e-05
4,UPFC_Vse,5-15,0.062250599706257626,56,0.06213281995843694,MAP_PMU,55,0.00011777974782068573
5,UPFC_tse,5-15,-2.1883636286754498,56,-2.1812688948177184,MAP_PMU,55,0.007094733857731406
0,x_tcsc,1-14,-0.09729506109696505,57,-0.09714767331654335,MAP_PMU,55,0.0001473877804216983
1,B_svc,2,0.16733554330796366,57,0.16711220707892135,MAP_PMU,55,0.00022333622904230355
2,UPFC_Vsh,5-15,1.1088186444136992,57,1.1138622134946952,MAP_PMU,55,0.005043569080996013
3,UPFC_tsh,5-15,-0.24539837129740663,57,-0.24549011554370062,MAP_PMU,55,9.174424629398992e-05
4,UPFC_Vse,5-15,0.06203776300678354,57,0.06213281995843694,MAP_PMU,55,9.505695165339806e-05
5,UPFC_tse,5-15,-2.1863010493238,57,-2.1812688948177184,MAP_PMU,55,0.005032154506081632
0,x_tcsc,1-14,-0.09737581796992562,58,-0.09714767331654335,MAP_PMU,55,0.00022814465338226453
1,B_svc,2,0.16703439553258295,58,0.16711220707892135,MAP_PMU,55,7.781154633840215e-05
2,UPFC_Vsh,5-15,1.10884107245659,58,1.1138622134946952,MAP_PMU,55,0.005021141038105137
3,UPFC_tsh,5-15,-0.24556905398028467,58,-0.24549011554370062,MAP_PMU,55,7.893843658404731e-05
4,UPFC_Vse,5-15,0.06261520917906602,58,0.06213281995843694,MAP_PMU,55,0.00048238922062907724
5,UPFC_tse,5-15,-2.188743360429657,58,-2.1812688948177184,MAP_PMU,55,0.007474465611938541
0,x_tcsc,1-14,-0.09737169381797034,59,-0.09714767331654335,MAP_PMU,55,0.0002240205014269886
1,B_svc,2,0.16698472453455793,59,0.16711220707892135,MAP_PMU,55,0.00012748254436342754
2,UPFC_Vsh,5-15,1.10915139166466,59,1.1138622134946952,MAP_PMU,55,0.004710821830035128
3,UPFC_tsh,5-15,-0.24548282809592237,59,-0.24549011554370062,MAP_PMU,55,7.287447778253631e-06
4,UPFC_Vse,5-15,0.062485082700314186,59,0.06213281995843694,MAP_PMU,55,0.00035226274187724615
5,UPFC_tse,5-15,-2.195710860424859,59,-2.1812688948177184,MAP_PMU,55,0.014441965607140617
0,x_tcsc,1-14,-0.09729784990462381,60,-0.09714767331654335,MAP_PMU,55,0.0001501765880804612
1,B_svc,2,0.16760716522237917,60,0.16711220707892135,MAP_PMU,55,0.0004949581434578187
2,UPFC_Vsh,5-15,1.1086247022078228,60,1.1138622134946952,MAP_PMU,55,0.005237511286872332
3,UPFC_tsh,5-15,-0.24549201565059595,60,-0.24549011554370062,MAP_PMU,55,1.9001068953250488e-06
4,UPFC_Vse,5-15,0.06245642746588668,60,0.06213281995843694,MAP_PMU,55,0.00032360750744973854
5,UPFC_tse,5-15,-2.193301009469988,60,-2.1812688948177184,MAP_PMU,55,0.012032114652269499
0,x_tcsc,1-14,-0.09733704382920537,61,-0.09714767331654335,MAP_PMU,55,0.0001893705126620182
1,B_svc,2,0.1671997628261444,61,0.16711220707892135,MAP_PMU,55,8.755574722305037e-05
2,UPFC_Vsh,5-15,1.1087050729932906,61,1.1138622134946952,MAP_PMU,55,0.005157140501404589
3,UPFC_tsh,5-15,-0.24557674983338756,61,-0.24549011554370062,MAP_PMU,55,8.66342896869432e-05
4,UPFC_Vse,5-15,0.0628931577332239,61,0.06213281995843694,MAP_PMU,55,0.0007603377747869636
5,UPFC_tse,5-15,-2.195526088985015,61,-2.1812688948177184,MAP_PMU,55,0.01425719416729665
0,x_tcsc,1-14,-0.09727607426758213,62,-0.09714767331654335,MAP_PMU,55,0.00012840095103877625
1,B_svc,2,0.16683634319368082,62,0.16711220707892135,MAP_PMU,55,0.00027586388524053485
2,UPFC_Vsh,5-15,1.1086716907800653,62,1.1138622134946952,MAP_PMU,55,0.0051905227146298305
3,UPFC_tsh,5-15,-0.2455236117766349,62,-0.24549011554370062,MAP_PMU,55,3.349623293427695e-05
4,UPFC_Vse,5-15,0.06261657152182185,62,0.06213281995843694,MAP_PMU,55,0.0004837515633849057
5,UPFC_tse,5-15,-2.1918063562645265,62,-2.1812688948177184,MAP_PMU,55,0.010537461446808116
0,x_tcsc,1-14,-0.09732335596887873,63,-0.09714767331654335,MAP_PMU,55,0.0001756826523353766
1,B_svc,2,0.16690372393960398,63,0.16711220707892135,MAP_PMU,55,0.0002084831393173725
2,UPFC_Vsh,5-15,1.1089196822811458,63,1.1138622134946952,MAP_PMU,55,0.004942531213549373
3,UPFC_tsh,5-15,-0.24547418053345382,63,-0.24549011554370062,MAP_PMU,55,1.593501024679811e-05
4,UPFC_Vse,5-15,0.06220907057003578,63,0.06213281995843694,MAP_PMU,55,7.625061159884094e-05
5,UPFC_tse,5-15,-2.19670305184761,63,-2.1812688948177184,MAP_PMU,55,0.015434157029891704
0,x_tcsc,1-14,-0.09722124847343407,64,-0.09714767331654335,MAP_PMU,55,7.357515689071503e-05
1,B_svc,2,0.1670989683517164,64,0.16711220707892135,MAP_PMU,55,1.3238727204961664e-05
2,UPFC_Vsh,5-15,1.1086329501439056,64,1.1138622134946952,MAP_PMU,55,0.005229263350789548
3,UPFC_tsh,5-15,-0.24545261602022192,64,-0.24549011554370062,MAP_PMU,55,3.7499523478701224e-05
4,UPFC_Vse,5-15,0.06242726776771964,64,0.06213281995843694,MAP_PMU,55,0.00029444780928269965
5,UPFC_tse,5-15,-2.1901108758072034,64,-2.1812688948177184,MAP_PMU,55,0.008841980989485076
0,x_tcsc,1-14,-0.0973174203457284,65,-0.09714767331654335,MAP_PMU,55,0.00016974702918505502
1,B_svc,2,0.16743310282953933,65,0.16711220707892135,MAP_PMU,55,0.00032089575061797215
2,UPFC_Vsh,5-15,1.1090526294069134,65,1.1138622134946952,MAP_PMU,55,0.00480958408778176
3,UPFC_tsh,5-15,-0.24549878207867093,65,-0.24549011554370062,MAP_PMU,55,8.66653497030856e-06
4,UPFC_Vse,5-15,0.06260243267196637,65,0.06213281995843694,MAP_PMU,55,0.0004696127135294312
5,UPFC_tse,5-15,-2.193203400403031,65,-2.1812688948177184,MAP_PMU,55,0.011934505585312838
0,x_tcsc,1-14,-0.09728915309442542,66,-0.09714767331654335,MAP_PMU,55,0.00014147977788206423
1,B_svc,2,0.1673264483543575,66,0.16711220707892135,MAP_PMU,55,0.00021424127543615001
2,UPFC_Vsh,5-15,1.1087276845927783,66,1.1138622134946952,MAP_PMU,55,0.005134528901916902
3,UPFC_tsh,5-15,-0.24551993367597563,66,-0.24549011554370062,MAP_PMU,55,2.981813227501129e-05
4,UPFC_Vse,5-15,0.06272439520168971,66,0.06213281995843694,MAP_PMU,55,0.0005915752432527691
5,UPFC_tse,5-15,-2.1892315345310807,66,-2.1812688948177184,MAP_PMU,55,0.007962639713362307
0,x_tcsc,1-14,-0.0973195818846067,67,-0.09714767331654335,MAP_PMU,55,0.00017190856806334476
1,B_svc,2,0.16722391997918248,67,0.16711220707892135,MAP_PMU,55,0.00011171290026112946
2,UPFC_Vsh,5-15,1.1085588810871108,67,1.1138622134946952,MAP_PMU,55,0.005303332407584405
3,UPFC_tsh,5-15,-0.24554497978482,67,-0.24549011554370062,MAP_PMU,55,5.4864241119390034e-05
4,UPFC_Vse,5-15,0.06261360173102631,67,0.06213281995843694,MAP_PMU,55,0.000480781772589374
5,UPFC_tse,5-15,-2.1883124885399092,67,-2.1812688948177184,MAP_PMU,55,0.007043593722190877
0,x_tcsc,1-14,-0.09726522365286656,68,-0.09714767331654335,MAP_PMU,55,0.00011755033632321332
1,B_svc,2,0.16744782319736562,68,0.16711220707892135,MAP_PMU,55,0.0003356161184442652
2,UPFC_Vsh,5-15,1.1087219150892653,68,1.1138622134946952,MAP_PMU,55,0.005140298405429844
3,UPFC_tsh,5-15,-0.24548842501711085,68,-0.24549011554370062,MAP_PMU,55,1.6905265897704247e-06
4,UPFC_Vse,5-15,0.06192558539070878,68,0.06213281995843694,MAP_PMU,55,0.00020723456772815674
5,UPFC_tse,5-15,-2.1870912793897426,68,-2.1812688948177184,MAP_PMU,55,0.0058223845720242196
0,x_tcsc,1-14,-0.09727966978367478,69,-0.09714767331654335,MAP_PMU,55,0.0001319964671314261
1,B_svc,2,0.16710449411014464,69,0.16711220707892135,MAP_PMU,55,7.712968776718565e-06
2,UPFC_Vsh,5-15,1.1083636130166867,69,1.1138622134946952,MAP_PMU,55,0.005498600478008431
3,UPFC_tsh,5-15,-0.24554092749714201,69,-0.24549011554370062,MAP_PMU,55,5.081195344139311e-05
4,UPFC_Vse,5-15,0.06272656003158401,69,0.06213281995843694,MAP_PMU,55,0.0005937400731470741
5,UPFC_tse,5-15,-2.209246431746151,69,-2.1812688948177184,MAP_PMU,55,0.027977536928432745
0,x_tcsc,1-14,-0.09725251797961121,70,-0.09714767331654335,MAP_PMU,55,0.00010484466306785734
1,B_svc,2,0.1667977179815771,70,0.16711220707892135,MAP_PMU,55,0.0003144890973442449
2,UPFC_Vsh,5-15,1.1087063596327025,70,1.1138622134946952,MAP_PMU,55,0.0051558538619926875
3,UPFC_tsh,5-15,-0.24552765126087367,70,-0.24549011554370062,MAP_PMU,55,3.753571717304838e-05
4,UPFC_Vse,5-15,0.062419567278947236,70,0.06213281995843694,MAP_PMU,55,0.0002867473205102958
5,UPFC_tse,5-15,-2.19197653064509,70,-2.1812688948177184,MAP_PMU,55,0.010707635827371664
0,x_tcsc,1-14,-0.09735903281066596,71,-0.09714767331654335,MAP_PMU,55,0.00021135949412261212
1,B_svc,2,0.16735923678301418,71,0.16711220707892135,MAP_PMU,55,0.00024702970409282154
2,UPFC_Vsh,5-15,1.108391106970377,71,1.1138622134946952,MAP_PMU,55,0.005471106524318259
3,UPFC_tsh,5-15,-0.2455638441996756,71,-0.24549011554370062,MAP_PMU,55,7.372865597499167e-05
4,UPFC_Vse,5-15,0.06343822166593609,71,0.06213281995843694,MAP_PMU,55,0.0013054017074991472
5,UPFC_tse,5-15,-2.1976866456276607,71,-2.1812688948177184,MAP_PMU,55,0.016417750809942344
0,x_tcsc,1-14,-0.09728431226461097,72,-0.09714767331654335,MAP_PMU,55,0.0001366389480676189
1,B_svc,2,0.16681636341891437,72,0.16711220707892135,MAP_PMU,55,0.0002958436600069836
2,UPFC_Vsh,5-15,1.1087455669841457,72,1.1138622134946952,MAP_PMU,55,0.0051166465105494385
3,UPFC_tsh,5-15,-0.24564900365002787,72,-0.24549011554370062,MAP_PMU,55,0.00015888810632724848
4,UPFC_Vse,5-15,0.06256770456759743,72,0.06213281995843694,MAP_PMU,55,0.0004348846091604894
5,UPFC_tse,5-15,-2.2000178898853067,72,-2.1812688948177184,MAP_PMU,55,0.018748995067588314
0,x_tcsc,1-14,-0.09726282095843328,73,-0.09714767331654335,MAP_PMU,55,0.0001151476418899261
1,B_svc,2,0.1677381380185748,73,0.16711220707892135,MAP_PMU,55,0.0006259309396534352
2,UPFC_Vsh,5-15,1.1085575713504485,73,1.1138622134946952,MAP_PMU,55,0.005304642144246641
3,UPFC_tsh,5-15,-0.2455968820530607,73,-0.24549011554370062,MAP_PMU,55,0.00010676650936009002
4,UPFC_Vse,5-15,0.06286073484042388,73,0.06213281995843694,MAP_PMU,55,0.0007279148819869449
5,UPFC_tse,5-15,-2.193738878433875,73,-2.1812688948177184,MAP_PMU,55,0.01246998361615681
0,x_tcsc,1-14,-0.09733783347112739,74,-0.09714767331654335,MAP_PMU,55,0.0001901601545840348
1,B_svc,2,0.1675543936352151,74,0.16711220707892135,MAP_PMU,55,0.00044218655629374437
2,UPFC_Vsh,5-15,1.1084858179376416,74,1.1138622134946952,MAP_PMU,55,0.005376395557053604
3,UPFC_tsh,5-15,-0.24558963888063756,74,-0.24549011554370062,MAP_PMU,55,9.952333693694082e-05
4,UPFC_Vse,5-15,0.06258280712668757,74,0.06213281995843694,MAP_PMU,55,0.0004499871682506276
5,UPFC_tse,5-15,-2.200503724564407,74,-2.1812688948177184,MAP_PMU,55,0.019234829746688664
0,x_tcsc,1-14,-0.09725644381461088,75,-0.09714767331654335,MAP_PMU,55,0.00010877049806752581
1,B_svc,2,0.16759434976564977,75,0.16711220707892135,MAP_PMU,55,0.0004821426867284151
2,UPFC_Vsh,5-15,1.1085859823740565,75,1.1138622134946952,MAP_PMU,55,0.005276231120638686
3,UPFC_tsh,5-15,-0.24559244809753733,75,-0.24549011554370062,MAP_PMU,55,0.00010233255383670925
4,UPFC_Vse,5-15,0.06302454087030213,75,0.06213281995843694,MAP_PMU,55,0.0008917209118651861
5,UPFC_tse,5-15,-2.2004675582682456,75,-2.1812688948177184,MAP_PMU,55,0.01919866345052723
0,x_tcsc,1-14,-0.09728458487682173,76,-0.09714767331654335,MAP_PMU,55,0.0001369115602783827
1,B_svc,2,0.16789520799084862,76,0.16711220707892135,MAP_PMU,55,0.0007830009119272618
2,UPFC_Vsh,5-15,1.1088080452850608,76,1.1138622134946952,MAP_PMU,55,0.0050541682096343354
3,UPFC_tsh,5-15,-0.2455789440619837,76,-0.24549011554370062,MAP_PMU,55,8.882851828306837e-05
4,UPFC_Vse,5-15,0.06269277809111681,76,0.06213281995843694,MAP_PMU,55,0.0005599581326798733
5,UPFC_tse,5-15,-2.1952828530891395,76,-2.1812688948177184,MAP_PMU,55,0.014013958271421156
0,x_tcsc,1-14,-0.0972878471529888,77,-0.09714767331654335,MAP_PMU,55,0.000140173836445448
1,B_svc,2,0.16699044626854137,77,0.16711220707892135,MAP_PMU,55,0.00012176081037998387
2,UPFC_Vsh,5-15,1.108858707819023,77,1.1138622134946952,MAP_PMU,55,0.005003505675672093
3,UPFC_tsh,5-15,-0.2455800238470038,77,-0.24549011554370062,MAP_PMU,55,8.990830330318778e-05
4,UPFC_Vse,5-15,0.06321337841048691,77,0.06213281995843694,MAP_PMU,55,0.0010805584520499692
5,UPFC_tse,5-15,-2.1879757513472686,77,-2.1812688948177184,MAP_PMU,55,0.006706856529550276
0,x_tcsc,1-14,-0.09723341988320901,78,-0.09714767331654335,MAP_PMU,55,8.57465666656565e-05
1,B_svc,2,0.16694891555672695,78,0.16711220707892135,MAP_PMU,55,0.00016329152219440868
2,UPFC_Vsh,5-15,1.1086849280564857,78,1.1138622134946952,MAP_PMU,55,0.0051772854382095
3,UPFC_tsh,5-15,-0.24560045715693096,78,-0.24549011554370062,MAP_PMU,55,0.00011034161323034142
4,UPFC_Vse,5-15,0.06334113220396903,78,0.06213281995843694,MAP_PMU,55,0.0012083122455320908
5,UPFC_tse,5-15,-2.1905782063300454,78,-2.1812688948177184,MAP_PMU,55,0.009309311512327056
0,x_tcsc,1-14,-0.09725605003648487,79,-0.09714767331654335,MAP_PMU,55,0.00010837671994151643
1,B_svc,2,0.1674845497028442,79,0.16711220707892135,MAP_PMU,55,0.00037234262392285555
2,UPFC_Vsh,5-15,1.1087076965297264,79,1.1138622134946952,MAP_PMU,55,0.005154516964968714
3,UPFC_tsh,5-15,-0.24551728082412183,79,-0.24549011554370062,MAP_PMU,55,2.7165280421209692e-05
4,UPFC_Vse,5-15,0.06203154879195372,79,0.06213281995843694,MAP_PMU,55,0.00010127116648322304
5,UPFC_tse,5-15,-2.191238909026646,79,-2.1812688948177184,MAP_PMU,55,0.009970014208927847
0,x_tcsc,1-14,-0.09730583478585214,80,-0.09714767331654335,MAP_PMU,55,0.00015816146930879016
1,B_svc,2,0.16747092507080827,80,0.16711220707892135,MAP_PMU,55,0.00035871799188691433
2,UPFC_Vsh,5-15,1.1091904818106864,80,1.1138622134946952,MAP_PMU,55,0.004671731684008806
3,UPFC_tsh,5-15,-0.24549473470263306,80,-0.24549011554370062,MAP_PMU,55,4.619158932434031e-06
4,UPFC_Vse,5-15,0.06250414511906408,80,0.06213281995843694,MAP_PMU,55,0.00037132516062713533
5,UPFC_tse,5-15,-2.188893659843772,80,-2.1812688948177184,MAP_PMU,55,0.0076247650260534705
0,x_tcsc,1-14,-0.09725839233044997,81,-0.09714767331654335,MAP_PMU,55,0.00011071901390662109
1,B_svc,2,0.16710963185604916,81,0.16711220707892135,MAP_PMU,55,2.57522287219758e-06
2,UPFC_Vsh,5-15,1.1086554383421714,81,1.1138622134946952,MAP_PMU,55,0.005206775152523768
3,UPFC_tsh,5-15,-0.24549653595643514,81,-0.24549011554370062,MAP_PMU,55,6.420412734520209e-06
4,UPFC_Vse,5-15,0.06223818394439905,81,0.06213281995843694,MAP_PMU,55,0.00010536398596210778
5,UPFC_tse,5-15,-2.2097097974229416,81,-2.1812688948177184,MAP_PMU,55,0.02844090260522325
0,x_tcsc,1-14,-0.09732656868001703,82,-0.09714767331654335,MAP_PMU,55,0.00017889536347368007
1,B_svc,2,0.1675435647258579,82,0.16711220707892135,MAP_PMU,55,0.0004313576469365532
2,UPFC_Vsh,5-15,1.1089821088415484,82,1.1138622134946952,MAP_PMU,55,0.004880104653146811
3,UPFC_tsh,5-15,-0.24548486761161958,82,-0.24549011554370062,MAP_PMU,55,5.247932081037243e-06
4,UPFC_Vse,5-15,0.06303831929160045,82,0.06213281995843694,MAP_PMU,55,0.0009054993331635078
5,UPFC_tse,5-15,-2.1846157966361766,82,-2.1812688948177184,MAP_PMU,55,0.0033469018184582033
0,x_tcsc,1-14,-0.09735348716892057,83,-0.09714767331654335,MAP_PMU,55,0.0002058138523772235
1,B_svc,2,0.16772368425693346,83,0.16711220707892135,MAP_PMU,55,0.0006114771780121042
2,UPFC_Vsh,5-15,1.1088487580368191,83,1.1138622134946952,MAP_PMU,55,0.005013455457876015
3,UPFC_tsh,5-15,-0.24554848692405296,83,-0.24549011554370062,MAP_PMU,55,5.837138035233447e-05
4,UPFC_Vse,5-15,0.06280651327430549,83,0.06213281995843694,MAP_PMU,55,0.0006736933158685496
5,UPFC_tse,5-15,-2.192521659584955,83,-2.1812688948177184,MAP_PMU,55,0.011252764767236467
0,x_tcsc,1-14,-0.09728440248372969,84,-0.09714767331654335,MAP_PMU,55,0.00013672916718633632
1,B_svc,2,0.16712184346167375,84,0.16711220707892135,MAP_PMU,55,9.636382752392647e-06
2,UPFC_Vsh,5-15,1.1088031681732855,84,1.1138622134946952,MAP_PMU,55,0.005059045321409661
3,UPFC_tsh,5-15,-0.2454598177243397,84,-0.24549011554370062,MAP_PMU,55,3.0297819360924905e-05
4,UPFC_Vse,5-15,0.06289925907539937,84,0.06213281995843694,MAP_PMU,55,0.0007664391169624266
5,UPFC_tse,5-15,-2.189417699836797,84,-2.1812688948177184,MAP_PMU,55,0.008148805019078775
0,x_tcsc,1-14,-0.0972532116441839,85,-0.09714767331654335,MAP_PMU,55,0.00010553832764055582
1,B_svc,2,0.16742051345177264,85,0.16711220707892135,MAP_PMU,55,0.0003083063728512858
2,UPFC_Vsh,5-15,1.1084308599645816,85,1.1138622134946952,MAP_PMU,55,0.005431353530113592
3,UPFC_tsh,5-15,-0.24554330869028415,85,-0.24549011554370062,MAP_PMU,55,5.3193146583530027e-05
4,UPFC_Vse,5-15,0.06247074535963504,85,0.06213281995843694,MAP_PMU,55,0.0003379254011980984
5,UPFC_tse,5-15,-2.1990631738231605,85,-2.1812688948177184,MAP_PMU,55,0.01779427900544217
0,x_tcsc,1-14,-0.09732183579491215,86,-0.09714767331654335,MAP_PMU,55,0.0001741624783687945
1,B_svc,2,0.16753565572766052,86,0.16711220707892135,MAP_PMU,55,0.00042344864873916643
2,UPFC_Vsh,5-15,1.1085342921481984,86,1.1138622134946952,MAP_PMU,55,0.0053279213464967334
3,UPFC_tsh,5-15,-0.24558404660523522,86,-0.24549011554370062,MAP_PMU,55,9.393106153460229e-05
4,UPFC_Vse,5-15,0.06245769049779149,86,0.06213281995843694,MAP_PMU,55,0.000324870539354552
5,UPFC_tse,5-15,-2.198011324644231,86,-2.1812688948177184,MAP_PMU,55,0.01674242982651286
0,x_tcsc,1-14,-0.09727466143910211,87,-0.09714767331654335,MAP_PMU,55,0.00012698812255876324
1,B_svc,2,0.16716010145927004,87,0.16711220707892135,MAP_PMU,55,4.789438034868976e-05
2,UPFC_Vsh,5-15,1.1086498160507523,87,1.1138622134946952,MAP_PMU,55,0.005212397443942862
3,UPFC_tsh,5-15,-0.24550164726746657,87,-0.24549011554370062,MAP_PMU,55,1.1531723765945134e-05
4,UPFC_Vse,5-15,0.0629794908513875,87,0.06213281995843694,MAP_PMU,55,0.0008466708929505615
5,UPFC_tse,5-15,-2.1884133847850795,87,-2.1812688948177184,MAP_PMU,55,0.007144489967361167
0,x_tcsc,1-14,-0.09732494906945871,88,-0.09714767331654335,MAP_PMU,55,0.00017727575291535957
1,B_svc,2,0.16761005503822118,88,0.16711220707892135,MAP_PMU,55,0.0004978479592998297
2,UPFC_Vsh,5-15,1.1087167378858256,88,1.1138622134946952,MAP_PMU,55,0.005145475608869576
3,UPFC_tsh,5-15,-0.24550873046141336,88,-0.24549011554370062,MAP_PMU,55,1.8614917712739265e-05
4,UPFC_Vse,5-15,0.06237784597705994,88,0.06213281995843694,MAP_PMU,55,0.00024502601862300133
5,UPFC_tse,5-15,-2.192477742636642,88,-2.1812688948177184,MAP_PMU,55,0.01120884781892384
0,x_tcsc,1-14,-0.09725210730216409,89,-0.09714767331654335,MAP_PMU,55,0.0001044339856207388
1,B_svc,2,0.1672289866905594,89,0.16711220707892135,MAP_PMU,55,0.00011677961163805706
2,UPFC_Vsh,5-15,1.108495589006835,89,1.1138622134946952,MAP_PMU,55,0.005366624487860072
3,UPFC_tsh,5-15,-0.24559668508399912,89,-0.24549011554370062,MAP_PMU,55,0.00010656954029850119
4,UPFC_Vse,5-15,0.0625968489361177,89,0.06213281995843694,MAP_PMU,55,0.0004640289776807541
5,UPFC_tse,5-15,-2.1980934904710105,89,-2.1812688948177184,MAP_PMU,55,0.016824595653292196
0,x_tcsc,1-14,-0.09733427805879175,90,-0.09714767331654335,MAP_PMU,55,0.00018660474224839463
1,B_svc,2,0.16717956274137655,90,0.16711220707892135,MAP_PMU,55,6.735566245519298e-05
2,UPFC_Vsh,5-15,1.108390170961319,90,1.1138622134946952,MAP_PMU,55,0.005472042533376076
3,UPFC_tsh,5-15,-0.24567054887881487,90,-0.24549011554370062,MAP_PMU,55,0.00018043333511424953
4,UPFC_Vse,5-15,0.06289006868902251,90,0.06213281995843694,MAP_PMU,55,0.0007572487305855732
5,UPFC_tse,5-15,-2.2015279942911294,90,-2.1812688948177184,MAP_PMU,55,0.02025909947341109
0,x_tcsc,1-14,-0.09727759392724461,91,-0.09714767331654335,MAP_PMU,55,0.00012992061070125904
1,B_svc,2,0.1676354655137253,91,0.16711220707892135,MAP_PMU,55,0.0005232584348039415
2,UPFC_Vsh,5-15,1.1088835379678144,91,1.1138622134946952,MAP_PMU,55,0.004978675526880805
3,UPFC_tsh,5-15,-0.24549180040405436,91,-0.24549011554370062,MAP_PMU,55,1.6848603537344964e-06
4,UPFC_Vse,5-15,0.06291220329686623,91,0.06213281995843694,MAP_PMU,55,0.0007793833384292861
5,UPFC_tse,5-15,-2.1930811001040897,91,-2.1812688948177184,MAP_PMU,55,0.011812205286371391
0,x_tcsc,1-14,-0.09734964263141721,92,-0.09714767331654335,MAP_PMU,55,0.00020196931487385938
1,B_svc,2,0.16750232925999872,92,0.16711220707892135,MAP_PMU,55,0.00039012218107736807
2,UPFC_Vsh,5-15,1.1088563605292625,92,1.1138622134946952,MAP_PMU,55,0.0050058529654326556
3,UPFC_tsh,5-15,-0.2455758921373005,92,-0.24549011554370062,MAP_PMU,55,8.577659359987333e-05
4,UPFC_Vse,5-15,0.06279168065371657,92,0.06213281995843694,MAP_PMU,55,0.0006588606952796297
5,UPFC_tse,5-15,-2.185611408243508,92,-2.1812688948177184,MAP_PMU,55,0.004342513425789729
0,x_tcsc,1-14,-0.09728155678678943,93,-0.09714767331654335,MAP_PMU,55,0.0001338834702460795
1,B_svc,2,0.16678222359829095,93,0.16711220707892135,MAP_PMU,55,0.0003299834806304025
2,UPFC_Vsh,5-15,1.1089023883831675,93,1.1138622134946952,MAP_PMU,55,0.004959825111527705
3,UPFC_tsh,5-15,-0.24559209462284828,93,-0.24549011554370062,MAP_PMU,55,0.00010197907914766269
4,UPFC_Vse,5-15,0.062457578717527655,93,0.06213281995843694,MAP_PMU,55,0.0003247587590907153
5,UPFC_tse,5-15,-2.20608507627093,93,-2.1812688948177184,MAP_PMU,55,0.024816181453211517
0,x_tcsc,1-14,-0.09728879751716892,94,-0.09714767331654335,MAP_PMU,55,0.0001411242006255642
1,B_svc,2,0.1673139828927951,94,0.16711220707892135,MAP_PMU,55,0.00020177581387373356
2,UPFC_Vsh,5-15,1.108620876114448,94,1.1138622134946952,MAP_PMU,55,0.005241337380247124
3,UPFC_tsh,5-15,-0.24555883561066796,94,-0.24549011554370062,MAP_PMU,55,6.872006696734267e-05
4,UPFC_Vse,5-15,0.06265336624108872,94,0.06213281995843694,MAP_PMU,55,0.0005205462826517807
5,UPFC_tse,5-15,-2.196892954945592,94,-2.1812688948177184,MAP_PMU,55,0.015624060127873651
0,x_tcsc,1-14,-0.0972545404620371,95,-0.09714767331654335,MAP_PMU,55,0.00010686714549375254
1,B_svc,2,0.1675180676855418,95,0.16711220707892135,MAP_PMU,55,0.0004058606066204562
2,UPFC_Vsh,5-15,1.108825885539304,95,1.1138622134946952,MAP_PMU,55,0.005036327955391107
3,UPFC_tsh,5-15,-0.24555991433468258,95,-0.24549011554370062,MAP_PMU,55,6.97987909819564e-05
4,UPFC_Vse,5-15,0.0629756585480686,95,0.06213281995843694,MAP_PMU,55,0.0008428385896316545
5,UPFC_tse,5-15,-2.198075356217631,95,-2.1812688948177184,MAP_PMU,55,0.01680646139991282
0,x_tcsc,1-14,-0.09729478179560043,96,-0.09714767331654335,MAP_PMU,55,0.0001471084790570787
1,B_svc,2,0.16723287901019726,96,0.16711220707892135,MAP_PMU,55,0.00012067193127590636
2,UPFC_Vsh,5-15,1.108447798945052,96,1.1138622134946952,MAP_PMU,55,0.005414414549643087
3,UPFC_tsh,5-15,-0.24557231610421573,96,-0.24549011554370062,MAP_PMU,55,8.220056051511104e-05
4,UPFC_Vse,5-15,0.0630157264511185,96,0.06213281995843694,MAP_PMU,55,0.000882906492681558
5,UPFC_tse,5-15,-2.19568507684441,96,-2.1812688948177184,MAP_PMU,55,0.014416182026691704
0,x_tcsc,1-14,-0.0973048518229539,97,-0.09714767331654335,MAP_PMU,55,0.00015717850641054631
1,B_svc,2,0.1674081014280306,97,0.16711220707892135,MAP_PMU,55,0.0002958943491092325
2,UPFC_Vsh,5-15,1.109093744994514,97,1.1138622134946952,MAP_PMU,55,0.0047684685001812
3,UPFC_tsh,5-15,-0.24553689697924286,97,-0.24549011554370062,MAP_PMU,55,4.6781435542236904e-05
4,UPFC_Vse,5-15,0.06335143754585944,97,0.06213281995843694,MAP_PMU,55,0.0012186175874224978
5,UPFC_tse,5-15,-2.1900901864419677,97,-2.1812688948177184,MAP_PMU,55,0.008821291624249383
0,x_tcsc,1-14,-0.09736335838271298,98,-0.09714767331654335,MAP_PMU,55,0.00021568506616963246
1,B_svc,2,0.16751042491857565,98,0.16711220707892135,MAP_PMU,55,0.0003982178396542968
2,UPFC_Vsh,5-15,1.1090075118906777,98,1.1138622134946952,MAP_PMU,55,0.004854701604017464
3,UPFC_tsh,5-15,-0.24552319581368026,98,-0.24549011554370062,MAP_PMU,55,3.308026997964064e-05
4,UPFC_Vse,5-15,0.06254022275972453,98,0.06213281995843694,MAP_PMU,55,0.00040740280128758605
5,UPFC_tse,5-15,-2.1946656909235807,98,-2.1812688948177184,MAP_PMU,55,0.013396796105862308
0,x_tcsc,1-14,-0.09728094534035028,99,-0.09714767331654335,MAP_PMU,55,0.00013327202380693237
1,B_svc,2,0.16752702145309928,99,0.16711220707892135,MAP_PMU,55,0.0004148143741779242
2,UPFC_Vsh,5-15,1.1084114690451303,99,1.1138622134946952,MAP_PMU,55,0.005450744449564837
3,UPFC_tsh,5-15,-0.2455235723701921,99,-0.24549011554370062,MAP_PMU,55,3.3456826491473635e-05
4,UPFC_Vse,5-15,0.0625174442042309,99,0.06213281995843694,MAP_PMU,55,0.00038462424579396165
5,UPFC_tse,5-15,-2.1908112932305563,99,-2.1812688948177184,MAP_PMU,55,0.009542398412837994
0,x_tcsc,1-14,-0.09498848072068247,0,-0.09472253223499201,MAP_PMU,57,0.00026594848569046203
1,B_svc,2,0.16603749946187077,0,0.16612674588917,MAP_PMU,57,8.924642729923882e-05
2,UPFC_Vsh,5-15,1.1088149012765671,0,1.1158875095476335,MAP_PMU,57,0.007072608271066372
3,UPFC_tsh,5-15,-0.24823210642875293,0,-0.24814173274051504,MAP_PMU,57,9.037368823788805e-05
4,UPFC_Vse,5-15,0.06247536743342934,0,0.06191443005819676,MAP_PMU,57,0.0005609373752325786
5,UPFC_tse,5-15,-2.1959859215116944,0,-2.1794203787396493,MAP_PMU,57,0.016565542772045028
0,x_tcsc,1-14,-0.09504341986547704,1,-0.09472253223499201,MAP_PMU,57,0.0003208876304850311
1,B_svc,2,0.16616286827784002,1,0.16612674588917,MAP_PMU,57,3.6122388670012384e-05
2,UPFC_Vsh,5-15,1.1089824724529806,1,1.1158875095476335,MAP_PMU,57,0.006905037094652844
3,UPFC_tsh,5-15,-0.2482188625522735,1,-0.24814173274051504,MAP_PMU,57,7.712981175844735e-05
4,UPFC_Vse,5-15,0.06291775288088863,1,0.06191443005819676,MAP_PMU,57,0.001003322822691874
5,UPFC_tse,5-15,-2.1910307675496945,1,-2.1794203787396493,MAP_PMU,57,0.011610388810045169
0,x_tcsc,1-14,-0.09500445891611786,2,-0.09472253223499201,MAP_PMU,57,0.00028192668112585195
1,B_svc,2,0.16638766885887604,2,0.16612674588917,MAP_PMU,57,0.00026092296970603446
2,UPFC_Vsh,5-15,1.1082797544450054,2,1.1158875095476335,MAP_PMU,57,0.007607755102628122
3,UPFC_tsh,5-15,-0.24827247051995852,2,-0.24814173274051504,MAP_PMU,57,0.00013073777944347387
4,UPFC_Vse,5-15,0.0630353885863325,2,0.06191443005819676,MAP_PMU,57,0.0011209585281357348
5,UPFC_tse,5-15,-2.2000012649005503,2,-2.1794203787396493,MAP_PMU,57,0.020580886160900924
0,x_tcsc,1-14,-0.09502612100469886,3,-0.09472253223499201,MAP_PMU,57,0.00030358876970684734
1,B_svc,2,0.1665220504906483,3,0.16612674588917,MAP_PMU,57,0.0003953046014782968
2,UPFC_Vsh,5-15,1.1086555665766,3,1.1158875095476335,MAP_PMU,57,0.007231942971033467
3,UPFC_tsh,5-15,-0.24822407462498572,3,-0.24814173274051504,MAP_PMU,57,8.234188447067692e-05
4,UPFC_Vse,5-15,0.06325880928217813,3,0.06191443005819676,MAP_PMU,57,0.0013443792239813679
5,UPFC_tse,5-15,-2.1894714583938555,3,-2.1794203787396493,MAP_PMU,57,0.010051079654206152
0,x_tcsc,1-14,-0.09514083149844278,4,-0.09472253223499201,MAP_PMU,57,0.00041829926345077206
1,B_svc,2,0.16648186736131634,4,0.16612674588917,MAP_PMU,57,0.0003551214721463358
2,UPFC_Vsh,5-15,1.1084796665426015,4,1.1158875095476335,MAP_PMU,57,0.007407843005031944
3,UPFC_tsh,5-15,-0.24829218867108582,4,-0.24814173274051504,MAP_PMU,57,0.00015045593057078088
4,UPFC_Vse,5-15,0.06255287003950935,4,0.06191443005819676,MAP_PMU,57,0.0006384399813125913
5,UPFC_tse,5-15,-2.1952941901951277,4,-2.1794203787396493,MAP_PMU,57,0.015873811455478393
0,x_tcsc,1-14,-0.09503548287574118,5,-0.09472253223499201,MAP_PMU,57,0.00031295064074916834
1,B_svc,2,0.16612949904476906,5,0.16612674588917,MAP_PMU,57,2.7531555990556456e-06
2,UPFC_Vsh,5-15,1.108989716768237,5,1.1158875095476335,MAP_PMU,57,0.0068977927793965055
3,UPFC_tsh,5-15,-0.24820150059236895,5,-0.24814173274051504,MAP_PMU,57,5.976785185390909e-05
4,UPFC_Vse,5-15,0.06284995956929573,5,0.06191443005819676,MAP_PMU,57,0.0009355295110989731
5,UPFC_tse,5-15,-2.198730815136635,5,-2.1794203787396493,MAP_PMU,57,0.019310436396985597
0,x_tcsc,1-14,-0.0950206523199515,6,-0.09472253223499201,MAP_PMU,57,0.0002981200849594967
1,B_svc,2,0.16600651577476597,6,0.16612674588917,MAP_PMU,57,0.00012023011440404074
2,UPFC_Vsh,5-15,1.1090912832242559,6,1.1158875095476335,MAP_PMU,57,0.006796226323377619
3,UPFC_tsh,5-15,-0.24820128078195236,6,-0.24814173274051504,MAP_PMU,57,5.95480414373184e-05
4,UPFC_Vse,5-15,0.06216278663120688,6,0.06191443005819676,MAP_PMU,57,0.00024835657301012365
5,UPFC_tse,5-15,-2.193797922085416,6,-2.1794203787396493,MAP_PMU,57,0.014377543345766686
0,x_tcsc,1-14,-0.09493956995024853,7,-0.09472253223499201,MAP_PMU,57,0.00021703771525652393
1,B_svc,2,0.1662604834590937,7,0.16612674588917,MAP_PMU,57,0.00013373756992368646
2,UPFC_Vsh,5-15,1.1086171246299739,7,1.1158875095476335,MAP_PMU,57,0.007270384917659634
3,UPFC_tsh,5-15,-0.2481917457110982,7,-0.24814173274051504,MAP_PMU,57,5.001297058315757e-05
4,UPFC_Vse,5-15,0.06234384845531864,7,0.06191443005819676,MAP_PMU,57,0.0004294183971218779
5,UPFC_tse,5-15,-2.1952806443626427,7,-2.1794203787396493,MAP_PMU,57,0.015860265622993364
0,x_tcsc,1-14,-0.09512241898670691,8,-0.09472253223499201,MAP_PMU,57,0.00039988675171490073
1,B_svc,2,0.16624760409836667,8,0.16612674588917,MAP_PMU,57,0.00012085820919666146
2,UPFC_Vsh,5-15,1.1084260691598566,8,1.1158875095476335,MAP_PMU,57,0.007461440387776852
3,UPFC_tsh,5-15,-0.24826369947498525,8,-0.24814173274051504,MAP_PMU,57,0.000121966734470208
4,UPFC_Vse,5-15,0.0633707273681638,8,0.06191443005819676,MAP_PMU,57,0.0014562973099670473
5,UPFC_tse,5-15,-2.1949101694030357,8,-2.1794203787396493,MAP_PMU,57,0.015489790663386405
0,x_tcsc,1-14,-0.09495626450006882,9,-0.09472253223499201,MAP_PMU,57,0.0002337322650768081
1,B_svc,2,0.1661832940315868,9,0.16612674588917,MAP_PMU,57,5.654814241679018e-05
2,UPFC_Vsh,5-15,1.1089604189012394,9,1.1158875095476335,MAP_PMU,57,0.006927090646394074
3,UPFC_tsh,5-15,-0.24811825162337156,9,-0.24814173274051504,MAP_PMU,57,2.3481117143481223e-05
4,UPFC_Vse,5-15,0.062267314515659374,9,0.06191443005819676,MAP_PMU,57,0.00035288445746261415
5,UPFC_tse,5-15,-2.18701267370887,9,-2.1794203787396493,MAP_PMU,57,0.00759229496922087
0,x_tcsc,1-14,-0.09504332028256882,10,-0.09472253223499201,MAP_PMU,57,0.000320788047576806
1,B_svc,2,0.1662264908954182,10,0.16612674588917,MAP_PMU,57,9.974500624818083e-05
2,UPFC_Vsh,5-15,1.1085345730554037,10,1.1158875095476335,MAP_PMU,57,0.007352936492229789
3,UPFC_tsh,5-15,-0.24824717143037206,10,-0.24814173274051504,MAP_PMU,57,0.0001054386898570181
4,UPFC_Vse,5-15,0.06293028187003923,10,0.06191443005819676,MAP_PMU,57,0.0010158518118424664
5,UPFC_tse,5-15,-2.196927405696561,10,-2.1794203787396493,MAP_PMU,57,0.01750702695691153
0,x_tcsc,1-14,-0.09503025739783562,11,-0.09472253223499201,MAP_PMU,57,0.0003077251628436084
1,B_svc,2,0.16659790346426817,11,0.16612674588917,MAP_PMU,57,0.00047115757509816336
2,UPFC_Vsh,5-15,1.1086429577965442,11,1.1158875095476335,MAP_PMU,57,0.00724455175108929
3,UPFC_tsh,5-15,-0.24810004355704768,11,-0.24814173274051504,MAP_PMU,57,4.168918346736383e-05
4,UPFC_Vse,5-15,0.06249994289042112,11,0.06191443005819676,MAP_PMU,57,0.0005855128322243622
5,UPFC_tse,5-15,-2.194397025692471,11,-2.1794203787396493,MAP_PMU,57,0.01497664695282186
0,x_tcsc,1-14,-0.09510090704216752,12,-0.09472253223499201,MAP_PMU,57,0.00037837480717550775
1,B_svc,2,0.16596984894772054,12,0.16612674588917,MAP_PMU,57,0.00015689694144946364
2,UPFC_Vsh,5-15,1.1087860658752793,12,1.1158875095476335,MAP_PMU,57,0.007101443672354213
3,UPFC_tsh,5-15,-0.2481678849210511,12,-0.24814173274051504,MAP_PMU,57,2.6152180536059833e-05
4,UPFC_Vse,5-15,0.06328378158048252,12,0.06191443005819676,MAP_PMU,57,0.001369351522285761
5,UPFC_tse,5-15,-2.1943966217011046,12,-2.1794203787396493,MAP_PMU,57,0.014976242961455277
0,x_tcsc,1-14,-0.09504868091222178,13,-0.09472253223499201,MAP_PMU,57,0.0003261486772297706
1,B_svc,2,0.16650575037511212,13,0.16612674588917,MAP_PMU,57,0.0003790044859421082
2,UPFC_Vsh,5-15,1.1087068765955508,13,1.1158875095476335,MAP_PMU,57,0.007180632952082711
3,UPFC_tsh,5-15,-0.24821777269740705,13,-0.24814173274051504,MAP_PMU,57,7.603995689201004e-05
4,UPFC_Vse,5-15,0.06223427053991189,13,0.06191443005819676,MAP_PMU,57,0.0003198404817151279
5,UPFC_tse,5-15,-2.191828160793863,13,-2.1794203787396493,MAP_PMU,57,0.012407782054213445
0,x_tcsc,1-14,-0.09502130225682316,14,-0.09472253223499201,MAP_PMU,57,0.00029877002183115176
1,B_svc,2,0.1660532279066564,14,0.16612674588917,MAP_PMU,57,7.351798251362118e-05
2,UPFC_Vsh,5-15,1.1087503636752043,14,1.1158875095476335,MAP_PMU,57,0.007137145872429196
3,UPFC_tsh,5-15,-0.24813168875222633,14,-0.24814173274051504,MAP_PMU,57,1.0043988288716e-05
4,UPFC_Vse,5-15,0.062350242407969776,14,0.06191443005819676,MAP_PMU,57,0.0004358123497730168
5,UPFC_tse,5-15,-2.1965170267407594,14,-2.1794203787396493,MAP_PMU,57,0.017096648001110104
0,x_tcsc,1-14,-0.09495088354249359,15,-0.09472253223499201,MAP_PMU,57,0.0002283513075015814
1,B_svc,2,0.16599508832796137,15,0.16612674588917,MAP_PMU,57,0.00013165756120864236
2,UPFC_Vsh,5-15,1.10856947918705,15,1.1158875095476335,MAP_PMU,57,0.007318030360583538
3,UPFC_tsh,5-15,-0.24822029199919524,15,-0.24814173274051504,MAP_PMU,57,7.85592586801942e-05
4,UPFC_Vse,5-15,0.06273326941491655,15,0.06191443005819676,MAP_PMU,57,0.0008188393567197944
5,UPFC_tse,5-15,-2.199841691472101,15,-2.1794203787396493,MAP_PMU,57,0.020421312732451735
0,x_tcsc,1-14,-0.09500193359273189,16,-0.09472253223499201,MAP_PMU,57,0.00027940135773987795
1,B_svc,2,0.16633226613916124,16,0.16612674588917,MAP_PMU,57,0.00020552024999123675
2,UPFC_Vsh,5-15,1.1089549811497128,16,1.1158875095476335,MAP_PMU,57,0.00693252839792069
3,UPFC_tsh,5-15,-0.24815395771743276,16,-0.24814173274051504,MAP_PMU,57,1.222497691771851e-05
4,UPFC_Vse,5-15,0.06187698027112026,16,0.06191443005819676,MAP_PMU,57,3.7449787076496155e-05
5,UPFC_tse,5-15,-2.1924498142010997,16,-2.1794203787396493,MAP_PMU,57,0.013029435461450412
0,x_tcsc,1-14,-0.09506355578645874,17,-0.09472253223499201,MAP_PMU,57,0.00034102355146672925
1,B_svc,2,0.16650257674886598,17,0.16612674588917,MAP_PMU,57,0.00037583085969597474
2,UPFC_Vsh,5-15,1.108718499374083,17,1.1158875095476335,MAP_PMU,57,0.0071690101735504275
3,UPFC_tsh,5-15,-0.24823493371607636,17,-0.24814173274051504,MAP_PMU,57,9.32009755613139e-05
4,UPFC_Vse,5-15,0.06306661003759365,17,0.06191443005819676,MAP_PMU,57,0.0011521799793968862
5,UPFC_tse,5-15,-2.1921605161604103,17,-2.1794203787396493,MAP_PMU,57,0.012740137420760966
0,x_tcsc,1-14,-0.09495607196443488,18,-0.09472253223499201,MAP_PMU,57,0.00023353972944287205
1,B_svc,2,0.16610128375620492,18,0.16612674588917,MAP_PMU,57,2.546213296508726e-05
2,UPFC_Vsh,5-15,1.1086152919698207,18,1.1158875095476335,MAP_PMU,57,0.007272217577812823
3,UPFC_tsh,5-15,-0.2482257356528714,18,-0.24814173274051504,MAP_PMU,57,8.400291235635682e-05
4,UPFC_Vse,5-15,0.06294269542184543,18,0.06191443005819676,MAP_PMU,57,0.0010282653636486672
5,UPFC_tse,5-15,-2.1985247944200603,18,-2.1794203787396493,MAP_PMU,57,0.01910441568041099
0,x_tcsc,1-14,-0.09501581505211601,19,-0.09472253223499201,MAP_PMU,57,0.0002932828171239993
1,B_svc,2,0.16576510704359612,19,0.16612674588917,MAP_PMU,57,0.00036163884557388615
2,UPFC_Vsh,5-15,1.1087115560216327,19,1.1158875095476335,MAP_PMU,57,0.007175953526000756
3,UPFC_tsh,5-15,-0.24821160947455553,19,-0.24814173274051504,MAP_PMU,57,6.987673404049155e-05
4,UPFC_Vse,5-15,0.06280648007489596,19,0.06191443005819676,MAP_PMU,57,0.0008920500166992029
5,UPFC_tse,5-15,-2.194110022352145,19,-2.1794203787396493,MAP_PMU,57,0.014689643612495473
0,x_tcsc,1-14,-0.09498303734157851,20,-0.09472253223499201,MAP_PMU,57,0.0002605051065864977
1,B_svc,2,0.16650693316954485,20,0.16612674588917,MAP_PMU,57,0.0003801872803748385
2,UPFC_Vsh,5-15,1.1087414575283292,20,1.1158875095476335,MAP_PMU,57,0.007146052019304294
3,UPFC_tsh,5-15,-0.24825524362474957,20,-0.24814173274051504,MAP_PMU,57,0.00011351088423453004
4,UPFC_Vse,5-15,0.06243820010709715,20,0.06191443005819676,MAP_PMU,57,0.0005237700489003905
5,UPFC_tse,5-15,-2.1905107145447973,20,-2.1794203787396493,MAP_PMU,57,0.011090335805147955
0,x_tcsc,1-14,-0.09504536606050806,21,-0.09472253223499201,MAP_PMU,57,0.0003228338255160529
1,B_svc,2,0.1666981439187847,21,0.16612674588917,MAP_PMU,57,0.0005713980296147003
2,UPFC_Vsh,5-15,1.1090327515362006,21,1.1158875095476335,MAP_PMU,57,0.006854758011432871
3,UPFC_tsh,5-15,-0.24820252570634296,21,-0.24814173274051504,MAP_PMU,57,6.07929658279216e-05
4,UPFC_Vse,5-15,0.06272318163143255,21,0.06191443005819676,MAP_PMU,57,0.0008087515732357886
5,UPFC_tse,5-15,-2.196342395184386,21,-2.1794203787396493,MAP_PMU,57,0.016922016444736787
0,x_tcsc,1-14,-0.09494123781449146,22,-0.09472253223499201,MAP_PMU,57,0.00021870557949944802
1,B_svc,2,0.16596200049500834,22,0.16612674588917,MAP_PMU,57,0.00016474539416166945
2,UPFC_Vsh,5-15,1.1088356303272835,22,1.1158875095476335,MAP_PMU,57,0.007051879220349999
3,UPFC_tsh,5-15,-0.2481469576929295,22,-0.24814173274051504,MAP_PMU,57,5.2249524144509785e-06
4,UPFC_Vse,5-15,0.06246288895791089,22,0.06191443005819676,MAP_PMU,57,0.0005484588997141313
5,UPFC_tse,5-15,-2.1870227137331373,22,-2.1794203787396493,MAP_PMU,57,0.007602334993487947
0,x_tcsc,1-14,-0.09511659812816638,23,-0.09472253223499201,MAP_PMU,57,0.0003940658931743668
1,B_svc,2,0.16680336349234703,23,0.16612674588917,MAP_PMU,57,0.0006766176031770266
2,UPFC_Vsh,5-15,1.1085066478611874,23,1.1158875095476335,MAP_PMU,57,0.0073808616864461385
3,UPFC_tsh,5-15,-0.2482252419066003,23,-0.24814173274051504,MAP_PMU,57,8.350916608526604e-05
4,UPFC_Vse,5-15,0.06259372431208468,23,0.06191443005819676,MAP_PMU,57,0.0006792942538879215
5,UPFC_tse,5-15,-2.201326939543744,23,-2.1794203787396493,MAP_PMU,57,0.0219065608040947
0,x_tcsc,1-14,-0.09505978422113366,24,-0.09472253223499201,MAP_PMU,57,0.0003372519861416512
1,B_svc,2,0.1665962966580813,24,0.16612674588917,MAP_PMU,57,0.000469550768911281
2,UPFC_Vsh,5-15,1.1086669667546996,24,1.1158875095476335,MAP_PMU,57,0.007220542792933937
3,UPFC_tsh,5-15,-0.24819320590508903,24,-0.24814173274051504,MAP_PMU,57,5.147316457398965e-05
4,UPFC_Vse,5-15,0.06304882542583379,24,0.06191443005819676,MAP_PMU,57,0.0011343953676370283
5,UPFC_tse,5-15,-2.1993478708386416,24,-2.1794203787396493,MAP_PMU,57,0.01992749209899225
0,x_tcsc,1-14,-0.09500915328793429,25,-0.09472253223499201,MAP_PMU,57,0.00028662105294227636
1,B_svc,2,0.166614484353035,25,0.16612674588917,MAP_PMU,57,0.00048773846386498954
2,UPFC_Vsh,5-15,1.1091077931767228,25,1.1158875095476335,MAP_PMU,57,0.006779716370910682
3,UPFC_tsh,5-15,-0.2481772155541058,25,-0.24814173274051504,MAP_PMU,57,3.548281359075367e-05
4,UPFC_Vse,5-15,0.06282194492955108,25,0.06191443005819676,MAP_PMU,57,0.0009075148713543202
5,UPFC_tse,5-15,-2.2013805215307882,25,-2.1794203787396493,MAP_PMU,57,0.021960142791138892
0,x_tcsc,1-14,-0.09496091340461335,26,-0.09472253223499201,MAP_PMU,57,0.0002383811696213406
1,B_svc,2,0.1664899773246169,26,0.16612674588917,MAP_PMU,57,0.0003632314354468924
2,UPFC_Vsh,5-15,1.1085614365475032,26,1.1158875095476335,MAP_PMU,57,0.007326073000130329
3,UPFC_tsh,5-15,-0.24821878653020724,26,-0.24814173274051504,MAP_PMU,57,7.705378969219412e-05
4,UPFC_Vse,5-15,0.06271240212195192,26,0.06191443005819676,MAP_PMU,57,0.0007979720637551618
5,UPFC_tse,5-15,-2.203283993635851,26,-2.1794203787396493,MAP_PMU,57,0.02386361489620148
0,x_tcsc,1-14,-0.09495785176952748,27,-0.09472253223499201,MAP_PMU,57,0.00023531953453546917
1,B_svc,2,0.16633412344479767,27,0.16612674588917,MAP_PMU,57,0.00020737755562766358
2,UPFC_Vsh,5-15,1.1085691826163886,27,1.1158875095476335,MAP_PMU,57,0.007318326931244901
3,UPFC_tsh,5-15,-0.2482950820781282,27,-0.24814173274051504,MAP_PMU,57,0.00015334933761315672
4,UPFC_Vse,5-15,0.06254574659370912,27,0.06191443005819676,MAP_PMU,57,0.0006313165355123634
5,UPFC_tse,5-15,-2.204942879264395,27,-2.1794203787396493,MAP_PMU,57,0.025522500524745695
0,x_tcsc,1-14,-0.09497974193663676,28,-0.09472253223499201,MAP_PMU,57,0.00025720970164475054
1,B_svc,2,0.16633976129307404,28,0.16612674588917,MAP_PMU,57,0.00021301540390403217
2,UPFC_Vsh,5-15,1.1082981690313447,28,1.1158875095476335,MAP_PMU,57,0.0075893405162887895
3,UPFC_tsh,5-15,-0.24823365224823768,28,-0.24814173274051504,MAP_PMU,57,9.191950772263757e-05
4,UPFC_Vse,5-15,0.06275486278819163,28,0.06191443005819676,MAP_PMU,57,0.0008404327299948722
5,UPFC_tse,5-15,-2.1916740790006872,28,-2.1794203787396493,MAP_PMU,57,0.012253700261037892
0,x_tcsc,1-14,-0.09512487942306311,29,-0.09472253223499201,MAP_PMU,57,0.0004023471880710977
1,B_svc,2,0.16630203212648031,29,0.16612674588917,MAP_PMU,57,0.00017528623731030701
2,UPFC_Vsh,5-15,1.108566035786341,29,1.1158875095476335,MAP_PMU,57,0.007321473761292552
3,UPFC_tsh,5-15,-0.24814392190963483,29,-0.24814173274051504,MAP_PMU,57,2.189169119787282e-06
4,UPFC_Vse,5-15,0.06242332038856092,29,0.06191443005819676,MAP_PMU,57,0.0005088903303641576
5,UPFC_tse,5-15,-2.193524571084133,29,-2.1794203787396493,MAP_PMU,57,0.014104192344483568
0,x_tcsc,1-14,-0.09499217132123917,30,-0.09472253223499201,MAP_PMU,57,0.00026963908624716426
1,B_svc,2,0.166357536630256,30,0.16612674588917,MAP_PMU,57,0.00023079074108597886
2,UPFC_Vsh,5-15,1.1087032568945965,30,1.1158875095476335,MAP_PMU,57,0.0071842526530370154
3,UPFC_tsh,5-15,-0.24822492626600437,30,-0.24814173274051504,MAP_PMU,57,8.31935254893279e-05
4,UPFC_Vse,5-15,0.06306548215345281,30,0.06191443005819676,MAP_PMU,57,0.0011510520952560527
5,UPFC_tse,5-15,-2.1915056516857367,30,-2.1794203787396493,MAP_PMU,57,0.012085272946087411
0,x_tcsc,1-14,-0.09496722072270197,31,-0.09472253223499201,MAP_PMU,57,0.00024468848770996254
1,B_svc,2,0.16610177080520983,31,0.16612674588917,MAP_PMU,57,2.4975083960182554e-05
2,UPFC_Vsh,5-15,1.1085524746251396,31,1.1158875095476335,MAP_PMU,57,0.007335034922493877
3,UPFC_tsh,5-15,-0.2482124171115251,31,-0.24814173274051504,MAP_PMU,57,7.06843710100713e-05
4,UPFC_Vse,5-15,0.06276311112494591,31,0.06191443005819676,MAP_PMU,57,0.0008486810667491518
5,UPFC_tse,5-15,-2.192301295800363,31,-2.1794203787396493,MAP_PMU,57,0.012880917060713593
0,x_tcsc,1-14,-0.09498530851177348,32,-0.09472253223499201,MAP_PMU,57,0.0002627762767814651
1,B_svc,2,0.16647325299193808,32,0.16612674588917,MAP_PMU,57,0.00034650710276806773
2,UPFC_Vsh,5-15,1.1089439974730528,32,1.1158875095476335,MAP_PMU,57,0.00694351207458066
3,UPFC_tsh,5-15,-0.24807929311142238,32,-0.24814173274051504,MAP_PMU,57,6.243962909266432e-05
4,UPFC_Vse,5-15,0.06261539109948724,32,0.06191443005819676,MAP_PMU,57,0.0007009610412904849
5,UPFC_tse,5-15,-2.1945283361623624,32,-2.1794203787396493,MAP_PMU,57,0.015107957422713092
0,x_tcsc,1-14,-0.09501468887301519,33,-0.09472253223499201,MAP_PMU,57,0.0002921566380231777
1,B_svc,2,0.16593585155771265,33,0.16612674588917,MAP_PMU,57,0.00019089433145735857
2,UPFC_Vsh,5-15,1.1090386186066197,33,1.1158875095476335,MAP_PMU,57,0.006848890941013819
3,UPFC_tsh,5-15,-0.2481708217538658,33,-0.24814173274051504,MAP_PMU,57,2.9089013350747095e-05
4,UPFC_Vse,5-15,0.06223036816669852,33,0.06191443005819676,MAP_PMU,57,0.0003159381085017579
5,UPFC_tse,5-15,-2.1864104883817768,33,-2.1794203787396493,MAP_PMU,57,0.006990109642127429
0,x_tcsc,1-14,-0.09498027142209309,34,-0.09472253223499201,MAP_PMU,57,0.00025773918710107757
1,B_svc,2,0.16642957566046326,34,0.16612674588917,MAP_PMU,57,0.00030282977129325594
2,UPFC_Vsh,5-15,1.108822759326623,34,1.1158875095476335,MAP_PMU,57,0.007064750221010385
3,UPFC_tsh,5-15,-0.24825381668266763,34,-0.24814173274051504,MAP_PMU,57,0.00011208394215259099
4,UPFC_Vse,5-15,0.06318883797279949,34,0.06191443005819676,MAP_PMU,57,0.001274407914602732
5,UPFC_tse,5-15,-2.1976301977388286,34,-2.1794203787396493,MAP_PMU,57,0.018209818999179284
0,x_tcsc,1-14,-0.09498236474194839,35,-0.09472253223499201,MAP_PMU,57,0.00025983250695638116
1,B_svc,2,0.166671177873302,35,0.16612674588917,MAP_PMU,57,0.0005444319841319822
2,UPFC_Vsh,5-15,1.1086179957002884,35,1.1158875095476335,MAP_PMU,57,0.007269513847345088
3,UPFC_tsh,5-15,-0.24827576279964045,35,-0.24814173274051504,MAP_PMU,57,0.00013403005912540622
4,UPFC_Vse,5-15,0.0630053554257152,35,0.06191443005819676,MAP_PMU,57,0.0010909253675184388
5,UPFC_tse,5-15,-2.196957493107672,35,-2.1794203787396493,MAP_PMU,57,0.01753711436802252
0,x_tcsc,1-14,-0.09504209452092002,36,-0.09472253223499201,MAP_PMU,57,0.00031956228592801283
1,B_svc,2,0.16628468065213656,36,0.16612674588917,MAP_PMU,57,0.0001579347629665495
2,UPFC_Vsh,5-15,1.1088152653018883,36,1.1158875095476335,MAP_PMU,57,0.007072244245745152
3,UPFC_tsh,5-15,-0.24821840366748393,36,-0.24814173274051504,MAP_PMU,57,7.667092696889144e-05
4,UPFC_Vse,5-15,0.06245518706144194,36,0.06191443005819676,MAP_PMU,57,0.0005407570032451778
5,UPFC_tse,5-15,-2.191944029373212,36,-2.1794203787396493,MAP_PMU,57,0.012523650633562866
0,x_tcsc,1-14,-0.09501326346783526,37,-0.09472253223499201,MAP_PMU,57,0.0002907312328432471
1,B_svc,2,0.16593748887343795,37,0.16612674588917,MAP_PMU,57,0.00018925701573205278
2,UPFC_Vsh,5-15,1.1086678104628134,37,1.1158875095476335,MAP_PMU,57,0.007219699084820119
3,UPFC_tsh,5-15,-0.24822500598201266,37,-0.24814173274051504,MAP_PMU,57,8.327324149762227e-05
4,UPFC_Vse,5-15,0.062399526738249146,37,0.06191443005819676,MAP_PMU,57,0.00048509668005238676
5,UPFC_tse,5-15,-2.2024537426949466,37,-2.1794203787396493,MAP_PMU,57,0.023033363955297315
0,x_tcsc,1-14,-0.09510745392392682,38,-0.09472253223499201,MAP_PMU,57,0.0003849216889348084
1,B_svc,2,0.16567001167038398,38,0.16612674588917,MAP_PMU,57,0.00045673421878603127
2,UPFC_Vsh,5-15,1.108506339461396,38,1.1158875095476335,MAP_PMU,57,0.0073811700862373986
3,UPFC_tsh,5-15,-0.2482153517578632,38,-0.24814173274051504,MAP_PMU,57,7.361901734814769e-05
4,UPFC_Vse,5-15,0.06252462119580728,38,0.06191443005819676,MAP_PMU,57,0.0006101911376105162
5,UPFC_tse,5-15,-2.193633975386047,38,-2.1794203787396493,MAP_PMU,57,0.014213596646397875
0,x_tcsc,1-14,-0.09518350956340915,39,-0.09472253223499201,MAP_PMU,57,0.000460977328417142
1,B_svc,2,0.16627600386000665,39,0.16612674588917,MAP_PMU,57,0.00014925797083664705
2,UPFC_Vsh,5-15,1.1084770293685686,39,1.1158875095476335,MAP_PMU,57,0.007410480179064871
3,UPFC_tsh,5-15,-0.24829360584161655,39,-0.24814173274051504,MAP_PMU,57,0.00015187310110151286
4,UPFC_Vse,5-15,0.06275321673596546,39,0.06191443005819676,MAP_PMU,57,0.0008387866777686964
5,UPFC_tse,5-15,-2.1947784695758394,39,-2.1794203787396493,MAP_PMU,57,0.015358090836190108
0,x_tcsc,1-14,-0.09502643767156772,40,-0.09472253223499201,MAP_PMU,57,0.00030390543657571323
1,B_svc,2,0.1656472983624309,40,0.16612674588917,MAP_PMU,57,0.0004794475267391185
2,UPFC_Vsh,5-15,1.1086125141819465,40,1.1158875095476335,MAP_PMU,57,0.007274995365686987
3,UPFC_tsh,5-15,-0.2482059442645726,40,-0.24814173274051504,MAP_PMU,57,6.421152405755581e-05
4,UPFC_Vse,5-15,0.06256013483752972,40,0.06191443005819676,MAP_PMU,57,0.0006457047793329562
5,UPFC_tse,5-15,-2.195788139841575,40,-2.1794203787396493,MAP_PMU,57,0.016367761101925726
0,x_tcsc,1-14,-0.09502514625111191,41,-0.09472253223499201,MAP_PMU,57,0.0003026140161199037
1,B_svc,2,0.16637591692249734,41,0.16612674588917,MAP_PMU,57,0.00024917103332733337
2,UPFC_Vsh,5-15,1.1089712749468026,41,1.1158875095476335,MAP_PMU,57,0.006916234600830906
3,UPFC_tsh,5-15,-0.2482313629082227,41,-0.24814173274051504,MAP_PMU,57,8.963016770766052e-05
4,UPFC_Vse,5-15,0.0628834044827033,41,0.06191443005819676,MAP_PMU,57,0.0009689744245065385
5,UPFC_tse,5-15,-2.187938163191097,41,-2.1794203787396493,MAP_PMU,57,0.008517784451447685
0,x_tcsc,1-14,-0.09503527931035445,42,-0.09472253223499201,MAP_PMU,57,0.0003127470753624406
1,B_svc,2,0.1661709082513089,42,0.16612674588917,MAP_PMU,57,4.416236213888869e-05
2,UPFC_Vsh,5-15,1.1085586347585543,42,1.1158875095476335,MAP_PMU,57,0.007328874789079176
3,UPFC_tsh,5-15,-0.24822722946631726,42,-0.24814173274051504,MAP_PMU,57,8.549672580221435e-05
4,UPFC_Vse,5-15,0.06259249120887996,42,0.06191443005819676,MAP_PMU,57,0.0006780611506831957
5,UPFC_tse,5-15,-2.2040256561248905,42,-2.1794203787396493,MAP_PMU,57,0.02460527738524121
0,x_tcsc,1-14,-0.09503715748400557,43,-0.09472253223499201,MAP_PMU,57,0.0003146252490135587
1,B_svc,2,0.1663860701591067,43,0.16612674588917,MAP_PMU,57,0.00025932426993668933
2,UPFC_Vsh,5-15,1.109017965524946,43,1.1158875095476335,MAP_PMU,57,0.006869544022687579
3,UPFC_tsh,5-15,-0.24814402151005235,43,-0.24814173274051504,MAP_PMU,57,2.288769537311941e-06
4,UPFC_Vse,5-15,0.06265416904108412,43,0.06191443005819676,MAP_PMU,57,0.0007397389828873585
5,UPFC_tse,5-15,-2.1841721590827334,43,-2.1794203787396493,MAP_PMU,57,0.0047517803430841
0,x_tcsc,1-14,-0.0949719194276048,44,-0.09472253223499201,MAP_PMU,57,0.0002493871926127905
1,B_svc,2,0.16667694129590174,44,0.16612674588917,MAP_PMU,57,0.000550195406731735
2,UPFC_Vsh,5-15,1.1088582964632752,44,1.1158875095476335,MAP_PMU,57,0.007029213084358332
3,UPFC_tsh,5-15,-0.2481692821655522,44,-0.24814173274051504,MAP_PMU,57,2.7549425037159958e-05
4,UPFC_Vse,5-15,0.06326079705294883,44,0.06191443005819676,MAP_PMU,57,0.001346366994752074
5,UPFC_tse,5-15,-2.195672023775906,44,-2.1794203787396493,MAP_PMU,57,0.016251645036256868
0,x_tcsc,1-14,-0.09503788742696305,45,-0.09472253223499201,MAP_PMU,57,0.00031535519197103956
1,B_svc,2,0.16645939583819613,45,0.16612674588917,MAP_PMU,57,0.0003326499490261259
2,UPFC_Vsh,5-15,1.1090342154943649,45,1.1158875095476335,MAP_PMU,57,0.0068532940532686215
3,UPFC_tsh,5-15,-0.24826675107377608,45,-0.24814173274051504,MAP_PMU,57,0.0001250183332610344
4,UPFC_Vse,5-15,0.06302375582820234,45,0.06191443005819676,MAP_PMU,57,0.0011093257700055814
5,UPFC_tse,5-15,-2.197693865836171,45,-2.1794203787396493,MAP_PMU,57,0.018273487096521546
0,x_tcsc,1-14,-0.09500427638758906,46,-0.09472253223499201,MAP_PMU,57,0.00028174415259704655
1,B_svc,2,0.16635020907020553,46,0.16612674588917,MAP_PMU,57,0.00022346318103552698
2,UPFC_Vsh,5-15,1.1084906959788956,46,1.1158875095476335,MAP_PMU,57,0.007396813568737892
3,UPFC_tsh,5-15,-0.24822513352639097,46,-0.24814173274051504,MAP_PMU,57,8.340078587593114e-05
4,UPFC_Vse,5-15,0.06286283968774024,46,0.06191443005819676,MAP_PMU,57,0.0009484096295434841
5,UPFC_tse,5-15,-2.188503037223002,46,-2.1794203787396493,MAP_PMU,57,0.009082658483352546
0,x_tcsc,1-14,-0.09503045903168207,47,-0.09472253223499201,MAP_PMU,57,0.0003079267966900612
1,B_svc,2,0.16615518008750724,47,0.16612674588917,MAP_PMU,57,2.8434198337229377e-05
2,UPFC_Vsh,5-15,1.1089174165730176,47,1.1158875095476335,MAP_PMU,57,0.006970092974615927
3,UPFC_tsh,5-15,-0.24817462964310308,47,-0.24814173274051504,MAP_PMU,57,3.289690258803657e-05
4,UPFC_Vse,5-15,0.062317414674230465,47,0.06191443005819676,MAP_PMU,57,0.0004029846160337053
5,UPFC_tse,5-15,-2.1929298039563023,47,-2.1794203787396493,MAP_PMU,57,0.013509425216652993
0,x_tcsc,1-14,-0.09509263031816591,48,-0.09472253223499201,MAP_PMU,57,0.0003700980831738976
1,B_svc,2,0.16619272528929852,48,0.16612674588917,MAP_PMU,57,6.597940012850745e-05
2,UPFC_Vsh,5-15,1.1085142418209382,48,1.1158875095476335,MAP_PMU,57,0.007373267726695332
3,UPFC_tsh,5-15,-0.2482768604962096,48,-0.24814173274051504,MAP_PMU,57,0.00013512775569454738
4,UPFC_Vse,5-15,0.06247151680956639,48,0.06191443005819676,MAP_PMU,57,0.0005570867513696315
5,UPFC_tse,5-15,-2.195392295234794,48,-2.1794203787396493,MAP_PMU,57,0.015971916495144622
0,x_tcsc,1-14,-0.09498142325032334,49,-0.09472253223499201,MAP_PMU,57,0.00025889101533133063
1,B_svc,2,0.16661237339812962,49,0.16612674588917,MAP_PMU,57,0.00048562750895961293
2,UPFC_Vsh,5-15,1.1086028842942344,49,1.1158875095476335,MAP_PMU,57,0.007284625253399124
3,UPFC_tsh,5-15,-0.24822301251865075,49,-0.24814173274051504,MAP_PMU,57,8.127977813571219e-05
4,UPFC_Vse,5-15,0.06240234768363537,49,0.06191443005819676,MAP_PMU,57,0.00048791762543860806
5,UPFC_tse,5-15,-2.199589369863419,49,-2.1794203787396493,MAP_PMU,57,0.020168991123769686
0,x_tcsc,1-14,-0.09500958241593517,50,-0.09472253223499201,MAP_PMU,57,0.00028705018094316026
1,B_svc,2,0.16599663575073054,50,0.16612674588917,MAP_PMU,57,0.00013011013843947095
2,UPFC_Vsh,5-15,1.1087069080743606,50,1.1158875095476335,MAP_PMU,57,0.0071806014732729295
3,UPFC_tsh,5-15,-0.24825617215723836,50,-0.24814173274051504,MAP_PMU,57,0.00011443941672331648
4,UPFC_Vse,5-15,0.06303319870886347,50,0.06191443005819676,MAP_PMU,57,0.0011187686506667072
5,UPFC_tse,5-15,-2.191087635647392,50,-2.1794203787396493,MAP_PMU,57,0.011667256907742729
0,x_tcsc,1-14,-0.09504312708070417,51,-0.09472253223499201,MAP_PMU,57,0.00032059484571216046
1,B_svc,2,0.16654568534930608,51,0.16612674588917,MAP_PMU,57,0.0004189394601360752
2,UPFC_Vsh,5-15,1.1084037794135282,51,1.1158875095476335,MAP_PMU,57,0.007483730134105304
3,UPFC_tsh,5-15,-0.2483602019794599,51,-0.24814173274051504,MAP_PMU,57,0.0002184692389448628
4,UPFC_Vse,5-15,0.0630483963670741,51,0.06191443005819676,MAP_PMU,57,0.0011339663088773405
5,UPFC_tse,5-15,-2.204278364801114,51,-2.1794203787396493,MAP_PMU,57,0.024857986061464832
0,x_tcsc,1-14,-0.09502113853304497,52,-0.09472253223499201,MAP_PMU,57,0.0002986062980529641
1,B_svc,2,0.16666995788937253,52,0.16612674588917,MAP_PMU,57,0.0005432120002025198
2,UPFC_Vsh,5-15,1.1086159072892883,52,1.1158875095476335,MAP_PMU,57,0.007271602258345222
3,UPFC_tsh,5-15,-0.24820391023139118,52,-0.24814173274051504,MAP_PMU,57,6.217749087614188e-05
4,UPFC_Vse,5-15,0.06299687683346746,52,0.06191443005819676,MAP_PMU,57,0.0010824467752706957
5,UPFC_tse,5-15,-2.1985102674670407,52,-2.1794203787396493,MAP_PMU,57,0.01908988872739137
0,x_tcsc,1-14,-0.09497035883247365,53,-0.09472253223499201,MAP_PMU,57,0.00024782659748164015
1,B_svc,2,0.1660416882139981,53,0.16612674588917,MAP_PMU,57,8.505767517191787e-05
2,UPFC_Vsh,5-15,1.1087940133924477,53,1.1158875095476335,MAP_PMU,57,0.007093496155185841
3,UPFC_tsh,5-15,-0.24814192949181385,53,-0.24814173274051504,MAP_PMU,57,1.9675129880880604e-07
4,UPFC_Vse,5-15,0.06261779140801976,53,0.06191443005819676,MAP_PMU,57,0.0007033613498230035
5,UPFC_tse,5-15,-2.1834971590471093,53,-2.1794203787396493,MAP_PMU,57,0.0040767803074599485
0,x_tcsc,1-14,-0.09506218847022625,54,-0.09472253223499201,MAP_PMU,57,0.0003396562352342425
1,B_svc,2,0.16642428834702955,54,0.16612674588917,MAP_PMU,57,0.0002975424578595398
2,UPFC_Vsh,5-15,1.108725673478274,54,1.1158875095476335,MAP_PMU,57,0.007161836069359495
3,UPFC_tsh,5-15,-0.24823102360064775,54,-0.24814173274051504,MAP_PMU,57,8.929086013270693e-05
4,UPFC_Vse,5-15,0.06294725448158334,54,0.06191443005819676,MAP_PMU,57,0.0010328244233865774
5,UPFC_tse,5-15,-2.200813490796222,54,-2.1794203787396493,MAP_PMU,57,0.021393112056572683
0,x_tcsc,1-14,-0.09502738788353672,55,-0.09472253223499201,MAP_PMU,57,0.0003048556485447107
1,B_svc,2,0.16670464190257112,55,0.16612674588917,MAP_PMU,57,0.000577896013401108
2,UPFC_Vsh,5-15,1.108970786712947,55,1.1158875095476335,MAP_PMU,57,0.006916722834686473
3,UPFC_tsh,5-15,-0.24819132463107438,55,-0.24814173274051504,MAP_PMU,57,4.9591890559336216e-05
4,UPFC_Vse,5-15,0.0628084900054259,55,0.06191443005819676,MAP_PMU,57,0.000894059947229145
5,UPFC_tse,5-15,-2.189959709116886,55,-2.1794203787396493,MAP_PMU,57,0.010539330377236755
0,x_tcsc,1-14,-0.09514931420161421,56,-0.09472253223499201,MAP_PMU,57,0.0004267819666222
1,B_svc,2,0.16668608574781105,56,0.16612674588917,MAP_PMU,57,0.0005593398586410392
2,UPFC_Vsh,5-15,1.108444210728438,56,1.1158875095476335,MAP_PMU,57,0.007443298819195476
3,UPFC_tsh,5-15,-0.24823188445865185,56,-0.24814173274051504,MAP_PMU,57,9.015171813681055e-05
4,UPFC_Vse,5-15,0.0622243607563191,56,0.06191443005819676,MAP_PMU,57,0.00030993069812233764
5,UPFC_tse,5-15,-2.1926829472465905,56,-2.1794203787396493,MAP_PMU,57,0.013262568506941186
0,x_tcsc,1-14,-0.09503140892863163,57,-0.09472253223499201,MAP_PMU,57,0.00030887669363961756
1,B_svc,2,0.1665143012902524,57,0.16612674588917,MAP_PMU,57,0.00038755540108240116
2,UPFC_Vsh,5-15,1.1088643595229373,57,1.1158875095476335,MAP_PMU,57,0.007023150024696223
3,UPFC_tsh,5-15,-0.24813978411978715,57,-0.24814173274051504,MAP_PMU,57,1.9486207278873735e-06
4,UPFC_Vse,5-15,0.06223155310185178,57,0.06191443005819676,MAP_PMU,57,0.0003171230436550196
5,UPFC_tse,5-15,-2.193427583624068,57,-2.1794203787396493,MAP_PMU,57,0.014007204884418645
0,x_tcsc,1-14,-0.09511821736362105,58,-0.09472253223499201,MAP_PMU,57,0.0003956851286290447
1,B_svc,2,0.1661692786649665,58,0.16612674588917,MAP_PMU,57,4.253277579649439e-05
2,UPFC_Vsh,5-15,1.1088905682910821,58,1.1158875095476335,MAP_PMU,57,0.00699694125655137
3,UPFC_tsh,5-15,-0.24820726919932792,58,-0.24814173274051504,MAP_PMU,57,6.55364588128815e-05
4,UPFC_Vse,5-15,0.06243122908243188,58,0.06191443005819676,MAP_PMU,57,0.0005167990242351192
5,UPFC_tse,5-15,-2.191824865800238,58,-2.1794203787396493,MAP_PMU,57,0.012404487060588831
0,x_tcsc,1-14,-0.095136399267163,59,-0.09472253223499201,MAP_PMU,57,0.0004138670321709864
1,B_svc,2,0.1661250779619758,59,0.16612674588917,MAP_PMU,57,1.6679271942210416e-06
2,UPFC_Vsh,5-15,1.1087945274536832,59,1.1158875095476335,MAP_PMU,57,0.007092982093950262
3,UPFC_tsh,5-15,-0.2481796951801233,59,-0.24814173274051504,MAP_PMU,57,3.796243960826895e-05
4,UPFC_Vse,5-15,0.06261523736224638,59,0.06191443005819676,MAP_PMU,57,0.0007008073040496166
5,UPFC_tse,5-15,-2.1972749387648567,59,-2.1794203787396493,MAP_PMU,57,0.017854560025207356
0,x_tcsc,1-14,-0.09500388523137103,60,-0.09472253223499201,MAP_PMU,57,0.00028135299637901956
1,B_svc,2,0.16674207235302804,60,0.16612674588917,MAP_PMU,57,0.0006153264638580347
2,UPFC_Vsh,5-15,1.108633916447046,60,1.1158875095476335,MAP_PMU,57,0.007253593100587485
3,UPFC_tsh,5-15,-0.2482271961509923,60,-0.24814173274051504,MAP_PMU,57,8.546341047727113e-05
4,UPFC_Vse,5-15,0.06232454130428761,60,0.06191443005819676,MAP_PMU,57,0.00041011124609085375
5,UPFC_tse,5-15,-2.2003345867402064,60,-2.1794203787396493,MAP_PMU,57,0.0209142080005571
0,x_tcsc,1-14,-0.09509218423987274,61,-0.09472253223499201,MAP_PMU,57,0.0003696520048807328
1,B_svc,2,0.16611845439268735,61,0.16612674588917,MAP_PMU,57,8.291496482654148e-06
2,UPFC_Vsh,5-15,1.108727989265341,61,1.1158875095476335,MAP_PMU,57,0.0071595202822924975
3,UPFC_tsh,5-15,-0.24814101355762022,61,-0.24814173274051504,MAP_PMU,57,7.191828948205359e-07
4,UPFC_Vse,5-15,0.06268482682373504,61,0.06191443005819676,MAP_PMU,57,0.0007703967655382782
5,UPFC_tse,5-15,-2.1888717454623907,61,-2.1794203787396493,MAP_PMU,57,0.009451366722741383
0,x_tcsc,1-14,-0.09498998368262081,62,-0.09472253223499201,MAP_PMU,57,0.000267451447628797
1,B_svc,2,0.1659591161856252,62,0.16612674588917,MAP_PMU,57,0.00016762970354480822
2,UPFC_Vsh,5-15,1.1085934957555783,62,1.1158875095476335,MAP_PMU,57,0.007294013792055187
3,UPFC_tsh,5-15,-0.24826862785456227,62,-0.24814173274051504,MAP_PMU,57,0.00012689511404723186
4,UPFC_Vse,5-15,0.06280052595628782,62,0.06191443005819676,MAP_PMU,57,0.0008860958980910633
5,UPFC_tse,5-15,-2.2082959330812484,62,-2.1794203787396493,MAP_PMU,57,0.028875554341599052
0,x_tcsc,1-14,-0.09504676631553809,63,-0.09472253223499201,MAP_PMU,57,0.0003242340805460764
1,B_svc,2,0.166184967948328,63,0.16612674588917,MAP_PMU,57,5.822205915798073e-05
2,UPFC_Vsh,5-15,1.108646095697712,63,1.1158875095476335,MAP_PMU,57,0.007241413849921496
3,UPFC_tsh,5-15,-0.24823672599890315,63,-0.24814173274051504,MAP_PMU,57,9.499325838810413e-05
4,UPFC_Vse,5-15,0.06236793140943159,63,0.06191443005819676,MAP_PMU,57,0.00045350135123482793
5,UPFC_tse,5-15,-2.1979123129022553,63,-2.1794203787396493,MAP_PMU,57,0.018491934162605972
0,x_tcsc,1-14,-0.09490599049664704,64,-0.09472253223499201,MAP_PMU,57,0.00018345826165502843
1,B_svc,2,0.16623988636848852,64,0.16612674588917,MAP_PMU,57,0.00011314047931851312
2,UPFC_Vsh,5-15,1.1085579984865008,64,1.1158875095476335,MAP_PMU,57,0.007329511061132665
3,UPFC_tsh,5-15,-0.24816908407255997,64,-0.24814173274051504,MAP_PMU,57,2.7351332044928123e-05
4,UPFC_Vse,5-15,0.06263411223687444,64,0.06191443005819676,MAP_PMU,57,0.000719682178677683
5,UPFC_tse,5-15,-2.199372831119622,64,-2.1794203787396493,MAP_PMU,57,0.019952452379972563
0,x_tcsc,1-14,-0.095040905303004,65,-0.09472253223499201,MAP_PMU,57,0.0003183730680119956
1,B_svc,2,0.16659556971523878,65,0.16612674588917,MAP_PMU,57,0.00046882382606877604
2,UPFC_Vsh,5-15,1.1089340564088448,65,1.1158875095476335,MAP_PMU,57,0.006953453138788701
3,UPFC_tsh,5-15,-0.2481729161236186,65,-0.24814173274051504,MAP_PMU,57,3.118338310356683e-05
4,UPFC_Vse,5-15,0.06240301580508469,65,0.06191443005819676,MAP_PMU,57,0.0004885857468879332
5,UPFC_tse,5-15,-2.200673313916469,65,-2.1794203787396493,MAP_PMU,57,0.021252935176819587
0,x_tcsc,1-14,-0.09498650618911544,66,-0.09472253223499201,MAP_PMU,57,0.0002639739541234337
1,B_svc,2,0.1664552018109271,66,0.16612674588917,MAP_PMU,57,0.0003284559217570926
2,UPFC_Vsh,5-15,1.1084017236522479,66,1.1158875095476335,MAP_PMU,57,0.0074857858953856216
3,UPFC_tsh,5-15,-0.24821298730931432,66,-0.24814173274051504,MAP_PMU,57,7.125456879927827e-05
4,UPFC_Vse,5-15,0.06295626520143632,66,0.06191443005819676,MAP_PMU,57,0.001041835143239564
5,UPFC_tse,5-15,-2.19128999378106,66,-2.1794203787396493,MAP_PMU,57,0.011869615041410597
0,x_tcsc,1-14,-0.09503210048992052,67,-0.09472253223499201,MAP_PMU,57,0.00030956825492850504
1,B_svc,2,0.16636436190214038,67,0.16612674588917,MAP_PMU,57,0.00023761601297037083
2,UPFC_Vsh,5-15,1.108844575554035,67,1.1158875095476335,MAP_PMU,57,0.007042933993598455
3,UPFC_tsh,5-15,-0.24809955582117402,67,-0.24814173274051504,MAP_PMU,57,4.2176919341024854e-05
4,UPFC_Vse,5-15,0.062418595452040225,67,0.06191443005819676,MAP_PMU,57,0.0005041653938434656
5,UPFC_tse,5-15,-2.1801302036178254,67,-2.1794203787396493,MAP_PMU,57,0.0007098248781760574
0,x_tcsc,1-14,-0.09498370413356337,68,-0.09472253223499201,MAP_PMU,57,0.0002611718985713607
1,B_svc,2,0.16654946399379433,68,0.16612674588917,MAP_PMU,57,0.0004227181046243256
2,UPFC_Vsh,5-15,1.1085668919370917,68,1.1158875095476335,MAP_PMU,57,0.007320617610541813
3,UPFC_tsh,5-15,-0.24821254325035114,68,-0.24814173274051504,MAP_PMU,57,7.081050983609449e-05
4,UPFC_Vse,5-15,0.06213278101834246,68,0.06191443005819676,MAP_PMU,57,0.00021835096014569816
5,UPFC_tse,5-15,-2.2060398559014764,68,-2.1794203787396493,MAP_PMU,57,0.02661947716182711
0,x_tcsc,1-14,-0.09498597689950158,69,-0.09472253223499201,MAP_PMU,57,0.00026344466450957393
1,B_svc,2,0.16612998023638045,69,0.16612674588917,MAP_PMU,57,3.234347210445687e-06
2,UPFC_Vsh,5-15,1.1086858612129986,69,1.1158875095476335,MAP_PMU,57,0.00720164833463488
3,UPFC_tsh,5-15,-0.24812535677320158,69,-0.24814173274051504,MAP_PMU,57,1.6375967313464468e-05
4,UPFC_Vse,5-15,0.061954103583077576,69,0.06191443005819676,MAP_PMU,57,3.967352488081638e-05
5,UPFC_tse,5-15,-2.193849782164287,69,-2.1794203787396493,MAP_PMU,57,0.0144294034246375
0,x_tcsc,1-14,-0.0949525916071477,70,-0.09472253223499201,MAP_PMU,57,0.00023005937215568595
1,B_svc,2,0.16593191990156375,70,0.16612674588917,MAP_PMU,57,0.00019482598760625636
2,UPFC_Vsh,5-15,1.10829051465322,70,1.1158875095476335,MAP_PMU,57,0.007596994894413456
3,UPFC_tsh,5-15,-0.2481217114365389,70,-0.24814173274051504,MAP_PMU,57,2.0021303976131e-05
4,UPFC_Vse,5-15,0.06246241608894317,70,0.06191443005819676,MAP_PMU,57,0.0005479860307464127
5,UPFC_tse,5-15,-2.20118156620108,70,-2.1794203787396493,MAP_PMU,57,0.02176118746143052
0,x_tcsc,1-14,-0.09509351202745993,71,-0.09472253223499201,MAP_PMU,57,0.0003709797924679181
1,B_svc,2,0.16651426366468383,71,0.16612674588917,MAP_PMU,57,0.0003875177755138237
2,UPFC_Vsh,5-15,1.1087478588781496,71,1.1158875095476335,MAP_PMU,57,0.007139650669483855
3,UPFC_tsh,5-15,-0.24819307031814256,71,-0.24814173274051504,MAP_PMU,57,5.1337577627513786e-05
4,UPFC_Vse,5-15,0.06300375017473399,71,0.06191443005819676,MAP_PMU,57,0.001089320116537229
5,UPFC_tse,5-15,-2.1846411201041516,71,-2.1794203787396493,MAP_PMU,57,0.005220741364502235
0,x_tcsc,1-14,-0.09498673072776369,72,-0.09472253223499201,MAP_PMU,57,0.00026419849277167784
1,B_svc,2,0.1660068974614288,72,0.16612674588917,MAP_PMU,57,0.0001198484277412093
2,UPFC_Vsh,5-15,1.1086019537300875,72,1.1158875095476335,MAP_PMU,57,0.0072855558175459745
3,UPFC_tsh,5-15,-0.2482735379867055,72,-0.24814173274051504,MAP_PMU,57,0.00013180524619046952
4,UPFC_Vse,5-15,0.06271272579230427,72,0.06191443005819676,MAP_PMU,57,0.0007982957341075153
5,UPFC_tse,5-15,-2.204146665472045,72,-2.1794203787396493,MAP_PMU,57,0.024726286732395852
0,x_tcsc,1-14,-0.0949843029740669,73,-0.09472253223499201,MAP_PMU,57,0.000261770739074893
1,B_svc,2,0.16683740233402672,73,0.16612674588917,MAP_PMU,57,0.000710656444856711
2,UPFC_Vsh,5-15,1.1089385267246408,73,1.1158875095476335,MAP_PMU,57,0.006948982822992722
3,UPFC_tsh,5-15,-0.24820270146579734,73,-0.24814173274051504,MAP_PMU,57,6.096872528230102e-05
4,UPFC_Vse,5-15,0.06270445730252841,73,0.06191443005819676,MAP_PMU,57,0.0007900272443316508
5,UPFC_tse,5-15,-2.1927031467813975,73,-2.1794203787396493,MAP_PMU,57,0.013282768041748216
0,x_tcsc,1-14,-0.0950877335487537,74,-0.09472253223499201,MAP_PMU,57,0.00036520131376169274
1,B_svc,2,0.166669363920395,74,0.16612674588917,MAP_PMU,57,0.0005426180312249895
2,UPFC_Vsh,5-15,1.1083355794249827,74,1.1158875095476335,MAP_PMU,57,0.007551930122650763
3,UPFC_tsh,5-15,-0.24828668931395473,74,-0.24814173274051504,MAP_PMU,57,0.00014495657343968626
4,UPFC_Vse,5-15,0.06279795725281018,74,0.06191443005819676,MAP_PMU,57,0.0008835271946134177
5,UPFC_tse,5-15,-2.201865047537821,74,-2.1794203787396493,MAP_PMU,57,0.02244466879817164
0,x_tcsc,1-14,-0.09499964507590151,75,-0.09472253223499201,MAP_PMU,57,0.0002771128409095047
1,B_svc,2,0.1665555466238657,75,0.16612674588917,MAP_PMU,57,0.0004288007346957001
2,UPFC_Vsh,5-15,1.1087286612308533,75,1.1158875095476335,MAP_PMU,57,0.007158848316780153
3,UPFC_tsh,5-15,-0.2482374466925613,75,-0.24814173274051504,MAP_PMU,57,9.571395204624467e-05
4,UPFC_Vse,5-15,0.06277541710526463,75,0.06191443005819676,MAP_PMU,57,0.000860987047067871
5,UPFC_tse,5-15,-2.20103665805892,75,-2.1794203787396493,MAP_PMU,57,0.02161627931927068
0,x_tcsc,1-14,-0.09497579331723408,76,-0.09472253223499201,MAP_PMU,57,0.000253261082242065
1,B_svc,2,0.16710683730480624,76,0.16612674588917,MAP_PMU,57,0.0009800914156362361
2,UPFC_Vsh,5-15,1.1087126901336284,76,1.1158875095476335,MAP_PMU,57,0.007174819414005107
3,UPFC_tsh,5-15,-0.24819212768417484,76,-0.24814173274051504,MAP_PMU,57,5.039494365979835e-05
4,UPFC_Vse,5-15,0.0624100203713279,76,0.06191443005819676,MAP_PMU,57,0.0004955903131311432
5,UPFC_tse,5-15,-2.1911299937632127,76,-2.1794203787396493,MAP_PMU,57,0.01170961502356338
0,x_tcsc,1-14,-0.09496628766165276,77,-0.09472253223499201,MAP_PMU,57,0.00024375542666074668
1,B_svc,2,0.1661607999177159,77,0.16612674588917,MAP_PMU,57,3.4054028545893456e-05
2,UPFC_Vsh,5-15,1.1087917836049193,77,1.1158875095476335,MAP_PMU,57,0.007095725942714237
3,UPFC_tsh,5-15,-0.24833768343177515,77,-0.24814173274051504,MAP_PMU,57,0.000195950691260105
4,UPFC_Vse,5-15,0.06298491553545994,77,0.06191443005819676,MAP_PMU,57,0.0010704854772631833
5,UPFC_tse,5-15,-2.191100864633232,77,-2.1794203787396493,MAP_PMU,57,0.011680485893582837
0,x_tcsc,1-14,-0.0949231328123044,78,-0.09472253223499201,MAP_PMU,57,0.00020060057731238756
1,B_svc,2,0.16610221361881408,78,0.16612674588917,MAP_PMU,57,2.4532270355925867e-05
2,UPFC_Vsh,5-15,1.1086844738201653,78,1.1158875095476335,MAP_PMU,57,0.0072030357274681656
3,UPFC_tsh,5-15,-0.2481291747044381,78,-0.24814173274051504,MAP_PMU,57,1.2558036076942836e-05
4,UPFC_Vse,5-15,0.0627096740963595,78,0.06191443005819676,MAP_PMU,57,0.0007952440381627374
5,UPFC_tse,5-15,-2.1835744093864666,78,-2.1794203787396493,MAP_PMU,57,0.004154030646817297
0,x_tcsc,1-14,-0.09495463238772142,79,-0.09472253223499201,MAP_PMU,57,0.00023210015272941142
1,B_svc,2,0.16667507708845594,79,0.16612674588917,MAP_PMU,57,0.0005483311992859341
2,UPFC_Vsh,5-15,1.1087167667030693,79,1.1158875095476335,MAP_PMU,57,0.007170742844564204
3,UPFC_tsh,5-15,-0.248175823895227,79,-0.24814173274051504,MAP_PMU,57,3.4091154711951566e-05
4,UPFC_Vse,5-15,0.06216673344833482,79,0.06191443005819676,MAP_PMU,57,0.0002523033901380631
5,UPFC_tse,5-15,-2.1953050559467076,79,-2.1794203787396493,MAP_PMU,57,0.015884677207058218
0,x_tcsc,1-14,-0.09503291131409063,80,-0.09472253223499201,MAP_PMU,57,0.00031037907909861606
1,B_svc,2,0.1666918698107333,80,0.16612674588917,MAP_PMU,57,0.0005651239215632986
2,UPFC_Vsh,5-15,1.1091511072624523,80,1.1158875095476335,MAP_PMU,57,0.006736402285181242
3,UPFC_tsh,5-15,-0.24812620868580015,80,-0.24814173274051504,MAP_PMU,57,1.552405471488827e-05
4,UPFC_Vse,5-15,0.062484520807590885,80,0.06191443005819676,MAP_PMU,57,0.0005700907493941254
5,UPFC_tse,5-15,-2.1909929934157453,80,-2.1794203787396493,MAP_PMU,57,0.011572614676095938
0,x_tcsc,1-14,-0.09498018464795684,81,-0.09472253223499201,MAP_PMU,57,0.0002576524129648261
1,B_svc,2,0.1662480118790989,81,0.16612674588917,MAP_PMU,57,0.00012126598992889814
2,UPFC_Vsh,5-15,1.1087917786995314,81,1.1158875095476335,MAP_PMU,57,0.007095730848102111
3,UPFC_tsh,5-15,-0.24821134564573114,81,-0.24814173274051504,MAP_PMU,57,6.96129052160932e-05
4,UPFC_Vse,5-15,0.062281296554521,81,0.06191443005819676,MAP_PMU,57,0.00036686649632423907
5,UPFC_tse,5-15,-2.2023912848161866,81,-2.1794203787396493,MAP_PMU,57,0.02297090607653729
0,x_tcsc,1-14,-0.09509181441914691,82,-0.09472253223499201,MAP_PMU,57,0.0003692821841548982
1,B_svc,2,0.1666095257557413,82,0.16612674588917,MAP_PMU,57,0.00048277986657130345
2,UPFC_Vsh,5-15,1.1088991012482508,82,1.1158875095476335,MAP_PMU,57,0.006988408299382742
3,UPFC_tsh,5-15,-0.24818608319386698,82,-0.24814173274051504,MAP_PMU,57,4.435045335193788e-05
4,UPFC_Vse,5-15,0.06319179166847938,82,0.06191443005819676,MAP_PMU,57,0.0012773616102826207
5,UPFC_tse,5-15,-2.2029746728397255,82,-2.1794203787396493,MAP_PMU,57,0.023554294100076145
0,x_tcsc,1-14,-0.09509375634469064,83,-0.09472253223499201,MAP_PMU,57,0.0003712241096986285
1,B_svc,2,0.166781201441879,83,0.16612674588917,MAP_PMU,57,0.0006544555527089879
2,UPFC_Vsh,5-15,1.1086517310038166,83,1.1158875095476335,MAP_PMU,57,0.007235778543816851
3,UPFC_tsh,5-15,-0.24828004355324618,83,-0.24814173274051504,MAP_PMU,57,0.000138310812731135
4,UPFC_Vse,5-15,0.0628475970264398,83,0.06191443005819676,MAP_PMU,57,0.0009331669682430405
5,UPFC_tse,5-15,-2.204992725636448,83,-2.1794203787396493,MAP_PMU,57,0.02557234689679877
0,x_tcsc,1-14,-0.09499854409530845,84,-0.09472253223499201,MAP_PMU,57,0.00027601186031643576
1,B_svc,2,0.16629244472868202,84,0.16612674588917,MAP_PMU,57,0.00016569883951200737
2,UPFC_Vsh,5-15,1.109001853000305,84,1.1158875095476335,MAP_PMU,57,0.006885656547328534
3,UPFC_tsh,5-15,-0.24813152431713068,84,-0.24814173274051504,MAP_PMU,57,1.0208423384366894e-05
4,UPFC_Vse,5-15,0.06265787471982644,84,0.06191443005819676,MAP_PMU,57,0.0007434446616296775
5,UPFC_tse,5-15,-2.1847862824455575,84,-2.1794203787396493,MAP_PMU,57,0.0053659037059081705
0,x_tcsc,1-14,-0.09496322255671795,85,-0.09472253223499201,MAP_PMU,57,0.0002406903217259393
1,B_svc,2,0.1664282069069968,85,0.16612674588917,MAP_PMU,57,0.00030146101782679846
2,UPFC_Vsh,5-15,1.1086565526407242,85,1.1158875095476335,MAP_PMU,57,0.007230956906909336
3,UPFC_tsh,5-15,-0.2482232838110124,85,-0.24814173274051504,MAP_PMU,57,8.155107049737098e-05
4,UPFC_Vse,5-15,0.06246911786300056,85,0.06191443005819676,MAP_PMU,57,0.0005546878048037981
5,UPFC_tse,5-15,-2.2059327067347434,85,-2.1794203787396493,MAP_PMU,57,0.026512327995094065
0,x_tcsc,1-14,-0.09505840287250257,86,-0.09472253223499201,MAP_PMU,57,0.00033587063751056023
1,B_svc,2,0.16666343710069617,86,0.16612674588917,MAP_PMU,57,0.0005366912115261635
2,UPFC_Vsh,5-15,1.1087242250010698,86,1.1158875095476335,MAP_PMU,57,0.007163284546563675
3,UPFC_tsh,5-15,-0.24827328639595717,86,-0.24814173274051504,MAP_PMU,57,0.00013155365544212372
4,UPFC_Vse,5-15,0.06215050875080964,86,0.06191443005819676,MAP_PMU,57,0.00023607869261287745
5,UPFC_tse,5-15,-2.2015211880039316,86,-2.1794203787396493,MAP_PMU,57,0.022100809264282262
0,x_tcsc,1-14,-0.09498741539475886,87,-0.09472253223499201,MAP_PMU,57,0.00026488315976684607
1,B_svc,2,0.16623438605638294,87,0.16612674588917,MAP_PMU,57,0.00010764016721293013
2,UPFC_Vsh,5-15,1.1089339894062444,87,1.1158875095476335,MAP_PMU,57,0.006953520141389058
3,UPFC_tsh,5-15,-0.24816670048706424,87,-0.24814173274051504,MAP_PMU,57,2.49677465491982e-05
4,UPFC_Vse,5-15,0.06274536206515742,87,0.06191443005819676,MAP_PMU,57,0.0008309320069606607
5,UPFC_tse,5-15,-2.1882827892823435,87,-2.1794203787396493,MAP_PMU,57,0.00886241054269421
0,x_tcsc,1-14,-0.09507966297172485,88,-0.09472253223499201,MAP_PMU,57,0.00035713073673283857
1,B_svc,2,0.16663816759546698,88,0.16612674588917,MAP_PMU,57,0.0005114217062969773
2,UPFC_Vsh,5-15,1.1085815796716942,88,1.1158875095476335,MAP_PMU,57,0.007305929875939254
3,UPFC_tsh,5-15,-0.2482125120954901,88,-0.24814173274051504,MAP_PMU,57,7.077935497507015e-05
4,UPFC_Vse,5-15,0.06248546609513846,88,0.06191443005819676,MAP_PMU,57,0.0005710360369417036
5,UPFC_tse,5-15,-2.1947565420548685,88,-2.1794203787396493,MAP_PMU,57,0.015336163315219142
0,x_tcsc,1-14,-0.09496664108944244,89,-0.09472253223499201,MAP_PMU,57,0.00024410885445043384
1,B_svc,2,0.16629183205255452,89,0.16612674588917,MAP_PMU,57,0.0001650861633845091
2,UPFC_Vsh,5-15,1.1086134681232318,89,1.1158875095476335,MAP_PMU,57,0.007274041424401689
3,UPFC_tsh,5-15,-0.24823979745460162,89,-0.24814173274051504,MAP_PMU,57,9.806471408657647e-05
4,UPFC_Vse,5-15,0.0622421357275471,89,0.06191443005819676,MAP_PMU,57,0.00032770566935034356
5,UPFC_tse,5-15,-2.1973731385594917,89,-2.1794203787396493,MAP_PMU,57,0.017952759819842345
0,x_tcsc,1-14,-0.09504533921138211,90,-0.09472253223499201,MAP_PMU,57,0.0003228069763901026
1,B_svc,2,0.16643312777523464,90,0.16612674588917,MAP_PMU,57,0.0003063818860646328
2,UPFC_Vsh,5-15,1.1084971631054137,90,1.1158875095476335,MAP_PMU,57,0.007390346442219808
3,UPFC_tsh,5-15,-0.2482829928834722,90,-0.24814173274051504,MAP_PMU,57,0.00014126014295715028
4,UPFC_Vse,5-15,0.06275612642248204,90,0.06191443005819676,MAP_PMU,57,0.0008416963642852854
5,UPFC_tse,5-15,-2.2012411834404624,90,-2.1794203787396493,MAP_PMU,57,0.021820804700813046
0,x_tcsc,1-14,-0.09499760908329781,91,-0.09472253223499201,MAP_PMU,57,0.0002750768483057997
1,B_svc,2,0.1668039628941897,91,0.16612674588917,MAP_PMU,57,0.0006772170050196868
2,UPFC_Vsh,5-15,1.1089160712759005,91,1.1158875095476335,MAP_PMU,57,0.006971438271732966
3,UPFC_tsh,5-15,-0.2482047695721167,91,-0.24814173274051504,MAP_PMU,57,6.303683160166496e-05
4,UPFC_Vse,5-15,0.06272256409476508,91,0.06191443005819676,MAP_PMU,57,0.0008081340365683198
5,UPFC_tse,5-15,-2.1963960489808048,91,-2.1794203787396493,MAP_PMU,57,0.016975670241155427
0,x_tcsc,1-14,-0.09508769249172207,92,-0.09472253223499201,MAP_PMU,57,0.00036516025673005714
1,B_svc,2,0.1665482313989545,92,0.16612674588917,MAP_PMU,57,0.0004214855097844916
2,UPFC_Vsh,5-15,1.1087668726271513,92,1.1158875095476335,MAP_PMU,57,0.0071206369204821485
3,UPFC_tsh,5-15,-0.24819463879217113,92,-0.24814173274051504,MAP_PMU,57,5.290605165608753e-05
4,UPFC_Vse,5-15,0.06280049062122997,92,0.06191443005819676,MAP_PMU,57,0.0008860605630332113
5,UPFC_tse,5-15,-2.196651773709621,92,-2.1794203787396493,MAP_PMU,57,0.017231394969971614
0,x_tcsc,1-14,-0.09497418544296948,93,-0.09472253223499201,MAP_PMU,57,0.00025165320797747304
1,B_svc,2,0.1659547738347343,93,0.16612674588917,MAP_PMU,57,0.0001719720544356984
2,UPFC_Vsh,5-15,1.1088759090380085,93,1.1158875095476335,MAP_PMU,57,0.007011600509625016
3,UPFC_tsh,5-15,-0.24821026766897603,93,-0.24814173274051504,MAP_PMU,57,6.853492846098375e-05
4,UPFC_Vse,5-15,0.06238779667288364,93,0.06191443005819676,MAP_PMU,57,0.0004733666146868806
5,UPFC_tse,5-15,-2.194389837333054,93,-2.1794203787396493,MAP_PMU,57,0.014969458593404816
0,x_tcsc,1-14,-0.09499694047665833,94,-0.09472253223499201,MAP_PMU,57,0.0002744082416663157
1,B_svc,2,0.1665386200786503,94,0.16612674588917,MAP_PMU,57,0.0004118741894802991
2,UPFC_Vsh,5-15,1.1085643827328793,94,1.1158875095476335,MAP_PMU,57,0.007323126814754222
3,UPFC_tsh,5-15,-0.24818022570987738,94,-0.24814173274051504,MAP_PMU,57,3.849296936234148e-05
4,UPFC_Vse,5-15,0.06266854685582873,94,0.06191443005819676,MAP_PMU,57,0.0007541167976319735
5,UPFC_tse,5-15,-2.1912406527950865,94,-2.1794203787396493,MAP_PMU,57,0.011820274055437174
0,x_tcsc,1-14,-0.09496061811475015,95,-0.09472253223499201,MAP_PMU,57,0.00023808587975814033
1,B_svc,2,0.16654545993365058,95,0.16612674588917,MAP_PMU,57,0.0004187140444805726
2,UPFC_Vsh,5-15,1.1087693700812569,95,1.1158875095476335,MAP_PMU,57,0.007118139466376627
3,UPFC_tsh,5-15,-0.2481691728478262,95,-0.24814173274051504,MAP_PMU,57,2.7440107311149653e-05
4,UPFC_Vse,5-15,0.06263536208924922,95,0.06191443005819676,MAP_PMU,57,0.0007209320310524597
5,UPFC_tse,5-15,-2.1917878365294743,95,-2.1794203787396493,MAP_PMU,57,0.012367457789824954
0,x_tcsc,1-14,-0.09503285832350078,96,-0.09472253223499201,MAP_PMU,57,0.0003103260885087694
1,B_svc,2,0.16631635096851882,96,0.16612674588917,MAP_PMU,57,0.00018960507934881465
2,UPFC_Vsh,5-15,1.1087273738667958,96,1.1158875095476335,MAP_PMU,57,0.0071601356808377314
3,UPFC_tsh,5-15,-0.24833182049754413,96,-0.24814173274051504,MAP_PMU,57,0.00019008775702908376
4,UPFC_Vse,5-15,0.06286521735394374,96,0.06191443005819676,MAP_PMU,57,0.0009507872957469771
5,UPFC_tse,5-15,-2.1937363670026975,96,-2.1794203787396493,MAP_PMU,57,0.01431598826304814
0,x_tcsc,1-14,-0.09502273444949359,97,-0.09472253223499201,MAP_PMU,57,0.0003002022145015826
1,B_svc,2,0.1665261567857629,97,0.16612674588917,MAP_PMU,57,0.00039941089659289997
2,UPFC_Vsh,5-15,1.1091509980595686,97,1.1158875095476335,MAP_PMU,57,0.006736511488064867
3,UPFC_tsh,5-15,-0.2482220315441192,97,-0.24814173274051504,MAP_PMU,57,8.029880360416186e-05
4,UPFC_Vse,5-15,0.06284924568891342,97,0.06191443005819676,MAP_PMU,57,0.000934815630716665
5,UPFC_tse,5-15,-2.183711197541453,97,-2.1794203787396493,MAP_PMU,57,0.00429081880180382
0,x_tcsc,1-14,-0.09509132497007229,98,-0.09472253223499201,MAP_PMU,57,0.0003687927350802811
1,B_svc,2,0.16675506768095805,98,0.16612674588917,MAP_PMU,57,0.000628321791788039
2,UPFC_Vsh,5-15,1.1086232264556077,98,1.1158875095476335,MAP_PMU,57,0.007264283092025758
3,UPFC_tsh,5-15,-0.24830123889228245,98,-0.24814173274051504,MAP_PMU,57,0.0001595061517674079
4,UPFC_Vse,5-15,0.06264157316018398,98,0.06191443005819676,MAP_PMU,57,0.0007271431019872238
5,UPFC_tse,5-15,-2.19990687994046,98,-2.1794203787396493,MAP_PMU,57,0.020486501200810636
0,x_tcsc,1-14,-0.09498553579382128,99,-0.09472253223499201,MAP_PMU,57,0.0002630035588292723
1,B_svc,2,0.16667983390603183,99,0.16612674588917,MAP_PMU,57,0.0005530880168618246
2,UPFC_Vsh,5-15,1.1085291024485617,99,1.1158875095476335,MAP_PMU,57,0.007358407099071762
3,UPFC_tsh,5-15,-0.2482530196824948,99,-0.24814173274051504,MAP_PMU,57,0.00011128694197976019
4,UPFC_Vse,5-15,0.06250634375647135,99,0.06191443005819676,MAP_PMU,57,0.0005919136982745904
5,UPFC_tse,5-15,-2.194627701058296,99,-2.1794203787396493,MAP_PMU,57,0.015207322318646632
0,x_tcsc,1-14,-0.09659562296631546,0,-0.09645691778988322,MAP_PMU,59,0.00013870517643224667
1,B_svc,2,0.16702531925751557,0,0.16702000914729664,MAP_PMU,59,5.31011021892569e-06
2,UPFC_Vsh,5-15,1.108521309740084,0,1.1148215002084334,MAP_PMU,59,0.006300190468349509
3,UPFC_tsh,5-15,-0.24672988861731984,0,-0.24664969256423613,MAP_PMU,59,8.01960530837087e-05
4,UPFC_Vse,5-15,0.06260431414608467,0,0.0615763253591027,MAP_PMU,59,0.0010279887869819662
5,UPFC_tse,5-15,-2.195428356708781,0,-2.1788467009368127,MAP_PMU,59,0.01658165577196824
0,x_tcsc,1-14,-0.09667412401065871,1,-0.09645691778988322,MAP_PMU,59,0.00021720622077549268
1,B_svc,2,0.16697500440237087,1,0.16702000914729664,MAP_PMU,59,4.500474492577511e-05
2,UPFC_Vsh,5-15,1.108792541813196,1,1.1148215002084334,MAP_PMU,59,0.006028958395237316
3,UPFC_tsh,5-15,-0.24669580339528183,1,-0.24664969256423613,MAP_PMU,59,4.611083104569258e-05
4,UPFC_Vse,5-15,0.0627493387369913,1,0.0615763253591027,MAP_PMU,59,0.0011730133778886029
5,UPFC_tse,5-15,-2.193294894652218,1,-2.1788467009368127,MAP_PMU,59,0.014448193715405289
0,x_tcsc,1-14,-0.09663802940572548,2,-0.09645691778988322,MAP_PMU,59,0.00018111161584226376
1,B_svc,2,0.16710618356029833,2,0.16702000914729664,MAP_PMU,59,8.617441300168283e-05
2,UPFC_Vsh,5-15,1.10890671792529,2,1.1148215002084334,MAP_PMU,59,0.005914782283143349
3,UPFC_tsh,5-15,-0.2467486323326428,2,-0.24664969256423613,MAP_PMU,59,9.893976840666396e-05
4,UPFC_Vse,5-15,0.06288314930100534,2,0.0615763253591027,MAP_PMU,59,0.0013068239419026448
5,UPFC_tse,5-15,-2.1898426762108514,2,-2.1788467009368127,MAP_PMU,59,0.010995975274038727
0,x_tcsc,1-14,-0.09664503116288863,3,-0.09645691778988322,MAP_PMU,59,0.00018811337300540798
1,B_svc,2,0.16732278055595098,3,0.16702000914729664,MAP_PMU,59,0.0003027714086543398
2,UPFC_Vsh,5-15,1.1089358198881225,3,1.1148215002084334,MAP_PMU,59,0.005885680320310893
3,UPFC_tsh,5-15,-0.24662378612474165,3,-0.24664969256423613,MAP_PMU,59,2.5906439494488565e-05
4,UPFC_Vse,5-15,0.06298640729612145,3,0.0615763253591027,MAP_PMU,59,0.0014100819370187548
5,UPFC_tse,5-15,-2.185979884313275,3,-2.1788467009368127,MAP_PMU,59,0.007133183376462515
0,x_tcsc,1-14,-0.09672246385135667,4,-0.09645691778988322,MAP_PMU,59,0.0002655460614734567
1,B_svc,2,0.16740200564292232,4,0.16702000914729664,MAP_PMU,59,0.00038199649562567495
2,UPFC_Vsh,5-15,1.108672838547573,4,1.1148215002084334,MAP_PMU,59,0.006148661660860366
3,UPFC_tsh,5-15,-0.24674344559007882,4,-0.24664969256423613,MAP_PMU,59,9.375302584269107e-05
4,UPFC_Vse,5-15,0.06221346966994415,4,0.0615763253591027,MAP_PMU,59,0.000637144310841449
5,UPFC_tse,5-15,-2.192693336353843,4,-2.1788467009368127,MAP_PMU,59,0.013846635417030129
0,x_tcsc,1-14,-0.09663069490975797,5,-0.09645691778988322,MAP_PMU,59,0.00017377711987474898
1,B_svc,2,0.1670589640555511,5,0.16702000914729664,MAP_PMU,59,3.895490825445158e-05
2,UPFC_Vsh,5-15,1.1089985252313321,5,1.1148215002084334,MAP_PMU,59,0.0058229749771012695
3,UPFC_tsh,5-15,-0.246763810336906,5,-0.24664969256423613,MAP_PMU,59,0.00011411777266986944
4,UPFC_Vse,5-15,0.06289375142692442,5,0.0615763253591027,MAP_PMU,59,0.001317426067821724
5,UPFC_tse,5-15,-2.198922499963865,5,-2.1788467009368127,MAP_PMU,59,0.020075799027052366
0,x_tcsc,1-14,-0.09665802067762783,6,-0.09645691778988322,MAP_PMU,59,0.0002011028877446086
1,B_svc,2,0.1668322848384127,6,0.16702000914729664,MAP_PMU,59,0.00018772430888394642
2,UPFC_Vsh,5-15,1.1087115645995624,6,1.1148215002084334,MAP_PMU,59,0.006109935608870964
3,UPFC_tsh,5-15,-0.24667327518708165,6,-0.24664969256423613,MAP_PMU,59,2.3582622845519374e-05
4,UPFC_Vse,5-15,0.06190804172536512,6,0.0615763253591027,MAP_PMU,59,0.00033171636626241896
5,UPFC_tse,5-15,-2.189410051289864,6,-2.1788467009368127,MAP_PMU,59,0.010563350353051337
0,x_tcsc,1-14,-0.09657244603433575,7,-0.09645691778988322,MAP_PMU,59,0.00011552824445253129
1,B_svc,2,0.16714612384936536,7,0.16702000914729664,MAP_PMU,59,0.00012611470206871922
2,UPFC_Vsh,5-15,1.1086915877386023,7,1.1148215002084334,MAP_PMU,59,0.006129912469831078
3,UPFC_tsh,5-15,-0.24679554664867048,7,-0.24664969256423613,MAP_PMU,59,0.00014585408443434922
4,UPFC_Vse,5-15,0.062465714458154284,7,0.0615763253591027,MAP_PMU,59,0.0008893890990515838
5,UPFC_tse,5-15,-2.1890887036226836,7,-2.1788467009368127,MAP_PMU,59,0.010242002685870943
0,x_tcsc,1-14,-0.0967226521499412,8,-0.09645691778988322,MAP_PMU,59,0.000265734360057987
1,B_svc,2,0.167118997980041,8,0.16702000914729664,MAP_PMU,59,9.898883274436776e-05
2,UPFC_Vsh,5-15,1.1087434549793234,8,1.1148215002084334,MAP_PMU,59,0.006078045229110041
3,UPFC_tsh,5-15,-0.24669592701410395,8,-0.24664969256423613,MAP_PMU,59,4.6234449867815774e-05
4,UPFC_Vse,5-15,0.06307383525231675,8,0.0615763253591027,MAP_PMU,59,0.0014975098932140454
5,UPFC_tse,5-15,-2.188312567204971,8,-2.1788467009368127,MAP_PMU,59,0.009465866268158152
0,x_tcsc,1-14,-0.09659574937376268,9,-0.09645691778988322,MAP_PMU,59,0.0001388315838794646
1,B_svc,2,0.16703978795859514,9,0.16702000914729664,MAP_PMU,59,1.9778811298498677e-05
2,UPFC_Vsh,5-15,1.1087411607511883,9,1.1148215002084334,MAP_PMU,59,0.006080339457245065
3,UPFC_tsh,5-15,-0.24663817470052532,9,-0.24664969256423613,MAP_PMU,59,1.1517863710813758e-05
4,UPFC_Vse,5-15,0.062468081811789054,9,0.0615763253591027,MAP_PMU,59,0.0008917564526863542
5,UPFC_tse,5-15,-2.190198683316397,9,-2.1788467009368127,MAP_PMU,59,0.011351982379584236
0,x_tcsc,1-14,-0.09664402146617027,10,-0.09645691778988322,MAP_PMU,59,0.00018710367628704816
1,B_svc,2,0.16711885088166895,10,0.16702000914729664,MAP_PMU,59,9.884173437230137e-05
2,UPFC_Vsh,5-15,1.1086044421794612,10,1.1148215002084334,MAP_PMU,59,0.006217058028972211
3,UPFC_tsh,5-15,-0.24667960323133814,10,-0.24664969256423613,MAP_PMU,59,2.9910667102006627e-05
4,UPFC_Vse,5-15,0.06256504523023015,10,0.0615763253591027,MAP_PMU,59,0.000988719871127454
5,UPFC_tse,5-15,-2.1842882452638017,10,-2.1788467009368127,MAP_PMU,59,0.005441544326989067
0,x_tcsc,1-14,-0.09664620802015125,11,-0.09645691778988322,MAP_PMU,59,0.0001892902302680355
1,B_svc,2,0.16748451679681794,11,0.16702000914729664,MAP_PMU,59,0.00046450764952130075
2,UPFC_Vsh,5-15,1.1084854236370194,11,1.1148215002084334,MAP_PMU,59,0.0063360765714139955
3,UPFC_tsh,5-15,-0.24668586143356713,11,-0.24664969256423613,MAP_PMU,59,3.6168869330999165e-05
4,UPFC_Vse,5-15,0.06276134188319722,11,0.0615763253591027,MAP_PMU,59,0.0011850165240945218
5,UPFC_tse,5-15,-2.1898721591852417,11,-2.1788467009368127,MAP_PMU,59,0.011025458248429043
0,x_tcsc,1-14,-0.0966922169376682,12,-0.09645691778988322,MAP_PMU,59,0.00023529914778498695
1,B_svc,2,0.1670374020724953,12,0.16702000914729664,MAP_PMU,59,1.7392925198644882e-05
2,UPFC_Vsh,5-15,1.1087007840990817,12,1.1148215002084334,MAP_PMU,59,0.00612071610935172
3,UPFC_tsh,5-15,-0.24675508212812056,12,-0.24664969256423613,MAP_PMU,59,0.00010538956388442267
4,UPFC_Vse,5-15,0.06328960227508208,12,0.0615763253591027,MAP_PMU,59,0.0017132769159793823
5,UPFC_tse,5-15,-2.187350254344838,12,-2.1788467009368127,MAP_PMU,59,0.008503553408025333
0,x_tcsc,1-14,-0.096673936440739,13,-0.09645691778988322,MAP_PMU,59,0.0002170186508557853
1,B_svc,2,0.16718430756658123,13,0.16702000914729664,MAP_PMU,59,0.00016429841928458644
2,UPFC_Vsh,5-15,1.1089957642704984,13,1.1148215002084334,MAP_PMU,59,0.005825735937935006
3,UPFC_tsh,5-15,-0.24662785919446623,13,-0.24664969256423613,MAP_PMU,59,2.1833369769908018e-05
4,UPFC_Vse,5-15,0.06200314406749556,13,0.0615763253591027,MAP_PMU,59,0.0004268187083928607
5,UPFC_tse,5-15,-2.189824895777092,13,-2.1788467009368127,MAP_PMU,59,0.010978194840279176
0,x_tcsc,1-14,-0.09664781617404276,14,-0.09645691778988322,MAP_PMU,59,0.0001908983841595463
1,B_svc,2,0.16686129292144128,14,0.16702000914729664,MAP_PMU,59,0.00015871622585536538
2,UPFC_Vsh,5-15,1.1089458908168845,14,1.1148215002084334,MAP_PMU,59,0.005875609391548853
3,UPFC_tsh,5-15,-0.24668078844199304,14,-0.24664969256423613,MAP_PMU,59,3.10958777569037e-05
4,UPFC_Vse,5-15,0.062118979232469874,14,0.0615763253591027,MAP_PMU,59,0.0005426538733671743
5,UPFC_tse,5-15,-2.1883114459961965,14,-2.1788467009368127,MAP_PMU,59,0.009464745059383883
0,x_tcsc,1-14,-0.09660036355161848,15,-0.09645691778988322,MAP_PMU,59,0.00014344576173526413
1,B_svc,2,0.1666986533737521,15,0.16702000914729664,MAP_PMU,59,0.00032135577354455713
2,UPFC_Vsh,5-15,1.1089243948253582,15,1.1148215002084334,MAP_PMU,59,0.005897105383075196
3,UPFC_tsh,5-15,-0.24662469349806476,15,-0.24664969256423613,MAP_PMU,59,2.499906617137171e-05
4,UPFC_Vse,5-15,0.062233782773797,15,0.0615763253591027,MAP_PMU,59,0.0006574574146942999
5,UPFC_tse,5-15,-2.1883751176397594,15,-2.1788467009368127,MAP_PMU,59,0.009528416702946796
0,x_tcsc,1-14,-0.09661911301895662,16,-0.09645691778988322,MAP_PMU,59,0.000162195229073403
1,B_svc,2,0.16724134389052195,16,0.16702000914729664,MAP_PMU,59,0.00022133474322530433
2,UPFC_Vsh,5-15,1.1089389483588898,16,1.1148215002084334,MAP_PMU,59,0.00588255184954356
3,UPFC_tsh,5-15,-0.24671832916120245,16,-0.24664969256423613,MAP_PMU,59,6.863659696632052e-05
4,UPFC_Vse,5-15,0.06197864763744299,16,0.0615763253591027,MAP_PMU,59,0.0004023222783402919
5,UPFC_tse,5-15,-2.194864540488435,16,-2.1788467009368127,MAP_PMU,59,0.01601783955162217
0,x_tcsc,1-14,-0.09667572327777332,17,-0.09645691778988322,MAP_PMU,59,0.0002188054878901058
1,B_svc,2,0.1673293160916577,17,0.16702000914729664,MAP_PMU,59,0.000309306944361043
2,UPFC_Vsh,5-15,1.108593042421527,17,1.1148215002084334,MAP_PMU,59,0.006228457786906505
3,UPFC_tsh,5-15,-0.24677367507117473,17,-0.24664969256423613,MAP_PMU,59,0.00012398250693859691
4,UPFC_Vse,5-15,0.06324118252017849,17,0.0615763253591027,MAP_PMU,59,0.0016648571610757903
5,UPFC_tse,5-15,-2.198533097417271,17,-2.1788467009368127,MAP_PMU,59,0.019686396480458335
0,x_tcsc,1-14,-0.09661761691051171,18,-0.09645691778988322,MAP_PMU,59,0.00016069912062849356
1,B_svc,2,0.16673784071805936,18,0.16702000914729664,MAP_PMU,59,0.0002821684292372839
2,UPFC_Vsh,5-15,1.1090607976530515,18,1.1148215002084334,MAP_PMU,59,0.005760702555381858
3,UPFC_tsh,5-15,-0.2466586871140686,18,-0.24664969256423613,MAP_PMU,59,8.9945498324695e-06
4,UPFC_Vse,5-15,0.0626617227505194,18,0.0615763253591027,MAP_PMU,59,0.0010853973914166995
5,UPFC_tse,5-15,-2.194883385953113,18,-2.1788467009368127,MAP_PMU,59,0.01603668501630029
0,x_tcsc,1-14,-0.0966414383120132,19,-0.09645691778988322,MAP_PMU,59,0.0001845205221299856
1,B_svc,2,0.1666834553283335,19,0.16702000914729664,MAP_PMU,59,0.00033655381896313674
2,UPFC_Vsh,5-15,1.1086182432944187,19,1.1148215002084334,MAP_PMU,59,0.006203256914014688
3,UPFC_tsh,5-15,-0.2467173103689836,19,-0.24664969256423613,MAP_PMU,59,6.761780474745516e-05
4,UPFC_Vse,5-15,0.06265039765506505,19,0.0615763253591027,MAP_PMU,59,0.0010740722959623542
5,UPFC_tse,5-15,-2.187004066995084,19,-2.1788467009368127,MAP_PMU,59,0.008157366058271442
0,x_tcsc,1-14,-0.09661986057229527,20,-0.09645691778988322,MAP_PMU,59,0.00016294278241205107
1,B_svc,2,0.16734374465754387,20,0.16702000914729664,MAP_PMU,59,0.000323735510247225
2,UPFC_Vsh,5-15,1.1087170503573753,20,1.1148215002084334,MAP_PMU,59,0.006104449851058069
3,UPFC_tsh,5-15,-0.2467649467708567,20,-0.24664969256423613,MAP_PMU,59,0.00011525420662056307
4,UPFC_Vse,5-15,0.062230446922279345,20,0.0615763253591027,MAP_PMU,59,0.0006541215631766448
5,UPFC_tse,5-15,-2.20304396841706,20,-2.1788467009368127,MAP_PMU,59,0.02419726748024731
0,x_tcsc,1-14,-0.09666985837603374,21,-0.09645691778988322,MAP_PMU,59,0.0002129405861505257
1,B_svc,2,0.1674605523745695,21,0.16702000914729664,MAP_PMU,59,0.0004405432272728549
2,UPFC_Vsh,5-15,1.1090869977749778,21,1.1148215002084334,MAP_PMU,59,0.005734502433455635
3,UPFC_tsh,5-15,-0.24675956500903462,21,-0.24664969256423613,MAP_PMU,59,0.00010987244479848668
4,UPFC_Vse,5-15,0.062441814700794386,21,0.0615763253591027,MAP_PMU,59,0.0008654893416916859
5,UPFC_tse,5-15,-2.193017081651547,21,-2.1788467009368127,MAP_PMU,59,0.01417038071473442
0,x_tcsc,1-14,-0.09657377605115881,22,-0.09645691778988322,MAP_PMU,59,0.00011685826127559584
1,B_svc,2,0.16685583932735548,22,0.16702000914729664,MAP_PMU,59,0.0001641698199411623
2,UPFC_Vsh,5-15,1.1086011244026708,22,1.1148215002084334,MAP_PMU,59,0.0062203758057626235
3,UPFC_tsh,5-15,-0.2466607027569437,22,-0.24664969256423613,MAP_PMU,59,1.101019270757786e-05
4,UPFC_Vse,5-15,0.06264882071696734,22,0.0615763253591027,MAP_PMU,59,0.0010724953578646404
5,UPFC_tse,5-15,-2.19477352866756,22,-2.1788467009368127,MAP_PMU,59,0.015926827730747384
0,x_tcsc,1-14,-0.0967373253897519,23,-0.09645691778988322,MAP_PMU,59,0.0002804075998686789
1,B_svc,2,0.16743529099319318,23,0.16702000914729664,MAP_PMU,59,0.00041528184589653683
2,UPFC_Vsh,5-15,1.1089703827518438,23,1.1148215002084334,MAP_PMU,59,0.005851117456589616
3,UPFC_tsh,5-15,-0.2466583186942842,23,-0.24664969256423613,MAP_PMU,59,8.626130048067226e-06
4,UPFC_Vse,5-15,0.06253704245456565,23,0.0615763253591027,MAP_PMU,59,0.0009607170954629499
5,UPFC_tse,5-15,-2.1820309698132143,23,-2.1788467009368127,MAP_PMU,59,0.0031842688764016636
0,x_tcsc,1-14,-0.0966662425320085,24,-0.09645691778988322,MAP_PMU,59,0.00020932474212528862
1,B_svc,2,0.16740253194459237,24,0.16702000914729664,MAP_PMU,59,0.0003825227972957257
2,UPFC_Vsh,5-15,1.1088289494451622,24,1.1148215002084334,MAP_PMU,59,0.005992550763271209
3,UPFC_tsh,5-15,-0.2466147216314765,24,-0.24664969256423613,MAP_PMU,59,3.497093275964258e-05
4,UPFC_Vse,5-15,0.06268569256859931,24,0.0615763253591027,MAP_PMU,59,0.0011093672094966076
5,UPFC_tse,5-15,-2.189814191987447,24,-2.1788467009368127,MAP_PMU,59,0.010967491050634326
0,x_tcsc,1-14,-0.09662103528444972,25,-0.09645691778988322,MAP_PMU,59,0.00016411749456650415
1,B_svc,2,0.1675915141686094,25,0.16702000914729664,MAP_PMU,59,0.000571505021312757
2,UPFC_Vsh,5-15,1.1089339857052534,25,1.1148215002084334,MAP_PMU,59,0.005887514503180036
3,UPFC_tsh,5-15,-0.24672283380344326,25,-0.24664969256423613,MAP_PMU,59,7.314123920712512e-05
4,UPFC_Vse,5-15,0.06251755779609942,25,0.0615763253591027,MAP_PMU,59,0.0009412324369967237
5,UPFC_tse,5-15,-2.1976301030703613,25,-2.1788467009368127,MAP_PMU,59,0.018783402133548677
0,x_tcsc,1-14,-0.09660175089266247,26,-0.09645691778988322,MAP_PMU,59,0.00014483310277925432
1,B_svc,2,0.1674085497717853,26,0.16702000914729664,MAP_PMU,59,0.000388540624488648
2,UPFC_Vsh,5-15,1.1086555822934325,26,1.1148215002084334,MAP_PMU,59,0.006165917915000874
3,UPFC_tsh,5-15,-0.24673800328241707,26,-0.24664969256423613,MAP_PMU,59,8.83107181809395e-05
4,UPFC_Vse,5-15,0.062338283013874014,26,0.0615763253591027,MAP_PMU,59,0.0007619576547713142
5,UPFC_tse,5-15,-2.194643065707351,26,-2.1788467009368127,MAP_PMU,59,0.01579636477053814
0,x_tcsc,1-14,-0.09659658012157889,27,-0.09645691778988322,MAP_PMU,59,0.00013966233169566966
1,B_svc,2,0.1670218010526443,27,0.16702000914729664,MAP_PMU,59,1.7919053476589397e-06
2,UPFC_Vsh,5-15,1.1088521902402593,27,1.1148215002084334,MAP_PMU,59,0.00596930996817413
3,UPFC_tsh,5-15,-0.2466542058480888,27,-0.24664969256423613,MAP_PMU,59,4.513283852675132e-06
4,UPFC_Vse,5-15,0.06195357885260614,27,0.0615763253591027,MAP_PMU,59,0.0003772534935034405
5,UPFC_tse,5-15,-2.1857470585943095,27,-2.1788467009368127,MAP_PMU,59,0.006900357657496858
0,x_tcsc,1-14,-0.09661363472057638,28,-0.09645691778988322,MAP_PMU,59,0.00015671693069316261
1,B_svc,2,0.16699058739180034,28,0.16702000914729664,MAP_PMU,59,2.94217554963061e-05
2,UPFC_Vsh,5-15,1.1087025280832243,28,1.1148215002084334,MAP_PMU,59,0.006118972125209066
3,UPFC_tsh,5-15,-0.2466725358895112,28,-0.24664969256423613,MAP_PMU,59,2.2843325275079263e-05
4,UPFC_Vse,5-15,0.06254098526600237,28,0.0615763253591027,MAP_PMU,59,0.0009646599068996661
5,UPFC_tse,5-15,-2.1941545232520117,28,-2.1788467009368127,MAP_PMU,59,0.015307822315199004
0,x_tcsc,1-14,-0.09673055430198793,29,-0.09645691778988322,MAP_PMU,59,0.0002736365121047135
1,B_svc,2,0.16710014037358595,29,0.16702000914729664,MAP_PMU,59,8.013122628930391e-05
2,UPFC_Vsh,5-15,1.1086717985936574,29,1.1148215002084334,MAP_PMU,59,0.006149701614776015
3,UPFC_tsh,5-15,-0.246748408299507,29,-0.24664969256423613,MAP_PMU,59,9.871573527087119e-05
4,UPFC_Vse,5-15,0.06241923902998093,29,0.0615763253591027,MAP_PMU,59,0.0008429136708782287
5,UPFC_tse,5-15,-2.1899396705535974,29,-2.1788467009368127,MAP_PMU,59,0.011092969616784742
0,x_tcsc,1-14,-0.09660833924716142,30,-0.09645691778988322,MAP_PMU,59,0.00015142145727820022
1,B_svc,2,0.1671778555351153,30,0.16702000914729664,MAP_PMU,59,0.00015784638781865534
2,UPFC_Vsh,5-15,1.1085926191364108,30,1.1148215002084334,MAP_PMU,59,0.006228881072022574
3,UPFC_tsh,5-15,-0.2466963622525743,30,-0.24664969256423613,MAP_PMU,59,4.666968833816343e-05
4,UPFC_Vse,5-15,0.06286237477522037,30,0.0615763253591027,MAP_PMU,59,0.0012860494161176725
5,UPFC_tse,5-15,-2.1940732724829672,30,-2.1788467009368127,MAP_PMU,59,0.015226571546154588
0,x_tcsc,1-14,-0.09660149979643515,31,-0.09645691778988322,MAP_PMU,59,0.00014458200655192988
1,B_svc,2,0.16696282818322722,31,0.16702000914729664,MAP_PMU,59,5.718096406942541e-05
2,UPFC_Vsh,5-15,1.1089175051143498,31,1.1148215002084334,MAP_PMU,59,0.0059039950940835695
3,UPFC_tsh,5-15,-0.24672261788154382,31,-0.24664969256423613,MAP_PMU,59,7.292531730768159e-05
4,UPFC_Vse,5-15,0.06259773501033868,31,0.0615763253591027,MAP_PMU,59,0.0010214096512359758
5,UPFC_tse,5-15,-2.1908978768552445,31,-2.1788467009368127,MAP_PMU,59,0.012051175918431856
0,x_tcsc,1-14,-0.0966183812221357,32,-0.09645691778988322,MAP_PMU,59,0.00016146343225248438
1,B_svc,2,0.167329369148897,32,0.16702000914729664,MAP_PMU,59,0.00030936000160036725
2,UPFC_Vsh,5-15,1.1086417142811207,32,1.1148215002084334,MAP_PMU,59,0.00617978592731272
3,UPFC_tsh,5-15,-0.24666037908537367,32,-0.24664969256423613,MAP_PMU,59,1.0686521137531768e-05
4,UPFC_Vse,5-15,0.06262683423178524,32,0.0615763253591027,MAP_PMU,59,0.001050508872682536
5,UPFC_tse,5-15,-2.194430498880741,32,-2.1788467009368127,MAP_PMU,59,0.015583797943928168
0,x_tcsc,1-14,-0.09662682146578737,33,-0.09645691778988322,MAP_PMU,59,0.00016990367590415112
1,B_svc,2,0.16688635424014667,33,0.16702000914729664,MAP_PMU,59,0.00013365490714997708
2,UPFC_Vsh,5-15,1.1088734492625125,33,1.1148215002084334,MAP_PMU,59,0.00594805094592088
3,UPFC_tsh,5-15,-0.24667492306581779,33,-0.24664969256423613,MAP_PMU,59,2.5230501581652298e-05
4,UPFC_Vse,5-15,0.06234668695402654,33,0.0615763253591027,MAP_PMU,59,0.0007703615949238365
5,UPFC_tse,5-15,-2.1911920662784072,33,-2.1788467009368127,MAP_PMU,59,0.012345365341594583
0,x_tcsc,1-14,-0.09662107629401402,34,-0.09645691778988322,MAP_PMU,59,0.00016415850413080413
1,B_svc,2,0.16718411085037305,34,0.16702000914729664,MAP_PMU,59,0.00016410170307640248
2,UPFC_Vsh,5-15,1.1086965910878446,34,1.1148215002084334,MAP_PMU,59,0.006124909120588828
3,UPFC_tsh,5-15,-0.2467498565432077,34,-0.24664969256423613,MAP_PMU,59,0.00010016397897155693
4,UPFC_Vse,5-15,0.06320312758033253,34,0.0615763253591027,MAP_PMU,59,0.0016268022212298297
5,UPFC_tse,5-15,-2.192368194659946,34,-2.1788467009368127,MAP_PMU,59,0.013521493723133382
0,x_tcsc,1-14,-0.0966116069047859,35,-0.09645691778988322,MAP_PMU,59,0.0001546891149026841
1,B_svc,2,0.16750521624264492,35,0.16702000914729664,MAP_PMU,59,0.00048520709534827233
2,UPFC_Vsh,5-15,1.108765131606219,35,1.1148215002084334,MAP_PMU,59,0.006056368602214368
3,UPFC_tsh,5-15,-0.24670568866191692,35,-0.24664969256423613,MAP_PMU,59,5.599609768078273e-05
4,UPFC_Vse,5-15,0.06317731420756424,35,0.0615763253591027,MAP_PMU,59,0.0016009888484615417
5,UPFC_tse,5-15,-2.201125121480027,35,-2.1788467009368127,MAP_PMU,59,0.022278420543214494
0,x_tcsc,1-14,-0.09666998441573472,36,-0.09645691778988322,MAP_PMU,59,0.00021306662585150737
1,B_svc,2,0.16720260140487048,36,0.16702000914729664,MAP_PMU,59,0.00018259225757383257
2,UPFC_Vsh,5-15,1.1086846757628144,36,1.1148215002084334,MAP_PMU,59,0.006136824445619027
3,UPFC_tsh,5-15,-0.24674242162324986,36,-0.24664969256423613,MAP_PMU,59,9.272905901372419e-05
4,UPFC_Vse,5-15,0.06230904909233468,36,0.0615763253591027,MAP_PMU,59,0.0007327237332319797
5,UPFC_tse,5-15,-2.1925549389686876,36,-2.1788467009368127,MAP_PMU,59,0.01370823803187493
0,x_tcsc,1-14,-0.09664818432874264,37,-0.09645691778988322,MAP_PMU,59,0.0001912665388594248
1,B_svc,2,0.16666486768286995,37,0.16702000914729664,MAP_PMU,59,0.0003551414644266948
2,UPFC_Vsh,5-15,1.1087714545739804,37,1.1148215002084334,MAP_PMU,59,0.006050045634452994
3,UPFC_tsh,5-15,-0.24667552529326117,37,-0.24664969256423613,MAP_PMU,59,2.5832729025038192e-05
4,UPFC_Vse,5-15,0.06209849349984791,37,0.0615763253591027,MAP_PMU,59,0.0005221681407452106
5,UPFC_tse,5-15,-2.1971001249381246,37,-2.1788467009368127,MAP_PMU,59,0.018253424001311913
0,x_tcsc,1-14,-0.09670828310871844,38,-0.09645691778988322,MAP_PMU,59,0.0002513653188352255
1,B_svc,2,0.16650401677465235,38,0.16702000914729664,MAP_PMU,59,0.0005159923726442972
2,UPFC_Vsh,5-15,1.1085417058492821,38,1.1148215002084334,MAP_PMU,59,0.0062797943591512695
3,UPFC_tsh,5-15,-0.24667499272521598,38,-0.24664969256423613,MAP_PMU,59,2.5300160979846442e-05
4,UPFC_Vse,5-15,0.06235647469027956,38,0.0615763253591027,MAP_PMU,59,0.0007801493311768576
5,UPFC_tse,5-15,-2.1896162664582324,38,-2.1788467009368127,MAP_PMU,59,0.010769565521419722
0,x_tcsc,1-14,-0.09678306707321091,39,-0.09645691778988322,MAP_PMU,59,0.00032614928332769244
1,B_svc,2,0.1669763324048854,39,0.16702000914729664,MAP_PMU,59,4.367674241123609e-05
2,UPFC_Vsh,5-15,1.1088047635093883,39,1.1148215002084334,MAP_PMU,59,0.006016736699045122
3,UPFC_tsh,5-15,-0.24665853722149375,39,-0.24664969256423613,MAP_PMU,59,8.844657257617294e-06
4,UPFC_Vse,5-15,0.06243008878362178,39,0.0615763253591027,MAP_PMU,59,0.00085376342451908
5,UPFC_tse,5-15,-2.1996649203733893,39,-2.1788467009368127,MAP_PMU,59,0.02081821943657669
0,x_tcsc,1-14,-0.09666537403240304,40,-0.09645691778988322,MAP_PMU,59,0.00020845624251981942
1,B_svc,2,0.1664523269820728,40,0.16702000914729664,MAP_PMU,59,0.0005676821652238484
2,UPFC_Vsh,5-15,1.1084031605937539,40,1.1148215002084334,MAP_PMU,59,0.006418339614679525
3,UPFC_tsh,5-15,-0.24680479882091205,40,-0.24664969256423613,MAP_PMU,59,0.0001551062566759187
4,UPFC_Vse,5-15,0.06292236993214867,40,0.0615763253591027,MAP_PMU,59,0.0013460445730459694
5,UPFC_tse,5-15,-2.202487583867917,40,-2.1788467009368127,MAP_PMU,59,0.023640882931104557
0,x_tcsc,1-14,-0.09665039215975622,41,-0.09645691778988322,MAP_PMU,59,0.00019347436987300626
1,B_svc,2,0.16719933816868474,41,0.16702000914729664,MAP_PMU,59,0.0001793290213880916
2,UPFC_Vsh,5-15,1.1089327880709325,41,1.1148215002084334,MAP_PMU,59,0.005888712137500862
3,UPFC_tsh,5-15,-0.24668489856672235,41,-0.24664969256423613,MAP_PMU,59,3.5206002486215526e-05
4,UPFC_Vse,5-15,0.06273661106316716,41,0.0615763253591027,MAP_PMU,59,0.0011602857040644635
5,UPFC_tse,5-15,-2.1933794255532595,41,-2.1788467009368127,MAP_PMU,59,0.014532724616446835
0,x_tcsc,1-14,-0.09665517630339034,42,-0.09645691778988322,MAP_PMU,59,0.00019825851350711854
1,B_svc,2,0.16696249899402885,42,0.16702000914729664,MAP_PMU,59,5.751015326779796e-05
2,UPFC_Vsh,5-15,1.108546782836217,42,1.1148215002084334,MAP_PMU,59,0.00627471737221641
3,UPFC_tsh,5-15,-0.24665992438571255,42,-0.24664969256423613,MAP_PMU,59,1.0231821476414105e-05
4,UPFC_Vse,5-15,0.06222494924048621,42,0.0615763253591027,MAP_PMU,59,0.0006486238813835088
5,UPFC_tse,5-15,-2.1846142824447075,42,-2.1788467009368127,MAP_PMU,59,0.005767581507894803
0,x_tcsc,1-14,-0.09666083926456444,43,-0.09645691778988322,MAP_PMU,59,0.00020392147468122068
1,B_svc,2,0.1672171238846745,43,0.16702000914729664,MAP_PMU,59,0.00019711473737785146
2,UPFC_Vsh,5-15,1.1087789100191665,43,1.1148215002084334,MAP_PMU,59,0.006042590189266894
3,UPFC_tsh,5-15,-0.24674570479973107,43,-0.24664969256423613,MAP_PMU,59,9.601223549493554e-05
4,UPFC_Vse,5-15,0.06285157261531585,43,0.0615763253591027,MAP_PMU,59,0.001275247256213148
5,UPFC_tse,5-15,-2.1943934071576323,43,-2.1788467009368127,MAP_PMU,59,0.015546706220819662
0,x_tcsc,1-14,-0.0966131868446925,44,-0.09645691778988322,MAP_PMU,59,0.00015626905480928266
1,B_svc,2,0.16737497633841333,44,0.16702000914729664,MAP_PMU,59,0.0003549671911166896
2,UPFC_Vsh,5-15,1.1091046131173874,44,1.1148215002084334,MAP_PMU,59,0.005716887091046008
3,UPFC_tsh,5-15,-0.24672240833757245,44,-0.24664969256423613,MAP_PMU,59,7.271577333631263e-05
4,UPFC_Vse,5-15,0.06315724622548655,44,0.0615763253591027,MAP_PMU,59,0.0015809208663838462
5,UPFC_tse,5-15,-2.19021060652921,44,-2.1788467009368127,MAP_PMU,59,0.011363905592397305
0,x_tcsc,1-14,-0.09664588253788145,45,-0.09645691778988322,MAP_PMU,59,0.0001889647479982326
1,B_svc,2,0.16742163319495285,45,0.16702000914729664,MAP_PMU,59,0.00040162404765620163
2,UPFC_Vsh,5-15,1.1085768275209245,45,1.1148215002084334,MAP_PMU,59,0.006244672687508945
3,UPFC_tsh,5-15,-0.24681883155197507,45,-0.24664969256423613,MAP_PMU,59,0.00016913898773893155
4,UPFC_Vse,5-15,0.0630406583914503,45,0.0615763253591027,MAP_PMU,59,0.001464333032347602
5,UPFC_tse,5-15,-2.199082524033561,45,-2.1788467009368127,MAP_PMU,59,0.02023582309674854
0,x_tcsc,1-14,-0.09665236298563964,46,-0.09645691778988322,MAP_PMU,59,0.00019544519575642738
1,B_svc,2,0.16699699072997728,46,0.16702000914729664,MAP_PMU,59,2.3018417319359274e-05
2,UPFC_Vsh,5-15,1.1088770315773,46,1.1148215002084334,MAP_PMU,59,0.005944468631133404
3,UPFC_tsh,5-15,-0.2466520874613488,46,-0.24664969256423613,MAP_PMU,59,2.3948971126785956e-06
4,UPFC_Vse,5-15,0.06274047412383911,46,0.0615763253591027,MAP_PMU,59,0.0011641487647364099
5,UPFC_tse,5-15,-2.1947150900666172,46,-2.1788467009368127,MAP_PMU,59,0.015868389129804594
0,x_tcsc,1-14,-0.09665327913334004,47,-0.09645691778988322,MAP_PMU,59,0.00019636134345682454
1,B_svc,2,0.16684945275639038,47,0.16702000914729664,MAP_PMU,59,0.00017055639090626795
2,UPFC_Vsh,5-15,1.1087967235145921,47,1.1148215002084334,MAP_PMU,59,0.006024776693841272
3,UPFC_tsh,5-15,-0.24671064667130468,47,-0.24664969256423613,MAP_PMU,59,6.095410706855042e-05
4,UPFC_Vse,5-15,0.06250927668583196,47,0.0615763253591027,MAP_PMU,59,0.000932951326729263
5,UPFC_tse,5-15,-2.199717024587354,47,-2.1788467009368127,MAP_PMU,59,0.020870323650541422
0,x_tcsc,1-14,-0.09671194282266098,48,-0.09645691778988322,MAP_PMU,59,0.0002550250327777587
1,B_svc,2,0.16696621160827943,48,0.16702000914729664,MAP_PMU,59,5.379753901721407e-05
2,UPFC_Vsh,5-15,1.1087631273397285,48,1.1148215002084334,MAP_PMU,59,0.00605837286870492
3,UPFC_tsh,5-15,-0.24668646097935112,48,-0.24664969256423613,MAP_PMU,59,3.6768415114990516e-05
4,UPFC_Vse,5-15,0.06221582234578624,48,0.0615763253591027,MAP_PMU,59,0.0006394969866835368
5,UPFC_tse,5-15,-2.1895547880576904,48,-2.1788467009368127,MAP_PMU,59,0.010708087120877785
0,x_tcsc,1-14,-0.09661364251120462,49,-0.09645691778988322,MAP_PMU,59,0.00015672472132140236
1,B_svc,2,0.16749027594283297,49,0.16702000914729664,MAP_PMU,59,0.0004702667955363282
2,UPFC_Vsh,5-15,1.1083804165740583,49,1.1148215002084334,MAP_PMU,59,0.006441083634375122
3,UPFC_tsh,5-15,-0.24672295751632717,49,-0.24664969256423613,MAP_PMU,59,7.326495209103445e-05
4,UPFC_Vse,5-15,0.06237430543568195,49,0.0615763253591027,MAP_PMU,59,0.0007979800765792466
5,UPFC_tse,5-15,-2.2036770095033043,49,-2.1788467009368127,MAP_PMU,59,0.0248303085664916
0,x_tcsc,1-14,-0.09662849767658503,50,-0.09645691778988322,MAP_PMU,59,0.00017157988670181423
1,B_svc,2,0.16692308587409213,50,0.16702000914729664,MAP_PMU,59,9.692327320451333e-05
2,UPFC_Vsh,5-15,1.1084504941726017,50,1.1148215002084334,MAP_PMU,59,0.006371006035831739
3,UPFC_tsh,5-15,-0.24671754525920078,50,-0.24664969256423613,MAP_PMU,59,6.785269496464852e-05
4,UPFC_Vse,5-15,0.06299714526202062,50,0.0615763253591027,MAP_PMU,59,0.0014208199029179178
5,UPFC_tse,5-15,-2.1970604846805144,50,-2.1788467009368127,MAP_PMU,59,0.01821378374370175
0,x_tcsc,1-14,-0.09665436373521298,51,-0.09645691778988322,MAP_PMU,59,0.00019744594532976334
1,B_svc,2,0.16723816185440907,51,0.16702000914729664,MAP_PMU,59,0.0002181527071124234
2,UPFC_Vsh,5-15,1.1090287309138396,51,1.1148215002084334,MAP_PMU,59,0.005792769294593825
3,UPFC_tsh,5-15,-0.2466967850191379,51,-0.24664969256423613,MAP_PMU,59,4.709245490175373e-05
4,UPFC_Vse,5-15,0.06250567751139174,51,0.0615763253591027,MAP_PMU,59,0.0009293521522890438
5,UPFC_tse,5-15,-2.191285154957031,51,-2.1788467009368127,MAP_PMU,59,0.01243845402021826
0,x_tcsc,1-14,-0.09664386256667082,52,-0.09645691778988322,MAP_PMU,59,0.0001869447767876009
1,B_svc,2,0.16749641600843743,52,0.16702000914729664,MAP_PMU,59,0.00047640686114078235
2,UPFC_Vsh,5-15,1.1087528369933095,52,1.1148215002084334,MAP_PMU,59,0.006068663215123893
3,UPFC_tsh,5-15,-0.246722624642346,52,-0.24664969256423613,MAP_PMU,59,7.293207810987745e-05
4,UPFC_Vse,5-15,0.06294819403965482,52,0.0615763253591027,MAP_PMU,59,0.00137186868055212
5,UPFC_tse,5-15,-2.20139394964501,52,-2.1788467009368127,MAP_PMU,59,0.022547248708197465
0,x_tcsc,1-14,-0.09659359546446254,53,-0.09645691778988322,MAP_PMU,59,0.00013667767457932467
1,B_svc,2,0.16695268630597004,53,0.16702000914729664,MAP_PMU,59,6.732284132660027e-05
2,UPFC_Vsh,5-15,1.1088211954653906,53,1.1148215002084334,MAP_PMU,59,0.006000304743042806
3,UPFC_tsh,5-15,-0.2466308259108622,53,-0.24664969256423613,MAP_PMU,59,1.8866653373944553e-05
4,UPFC_Vse,5-15,0.06265953986551148,53,0.0615763253591027,MAP_PMU,59,0.001083214506408782
5,UPFC_tse,5-15,-2.196488697805917,53,-2.1788467009368127,MAP_PMU,59,0.017641996869104393
0,x_tcsc,1-14,-0.0966979008782301,54,-0.09645691778988322,MAP_PMU,59,0.00024098308834688553
1,B_svc,2,0.16717784284199358,54,0.16702000914729664,MAP_PMU,59,0.00015783369469693498
2,UPFC_Vsh,5-15,1.1089815170961437,54,1.1148215002084334,MAP_PMU,59,0.005839983112289726
3,UPFC_tsh,5-15,-0.24671522612241104,54,-0.24664969256423613,MAP_PMU,59,6.55335581749017e-05
4,UPFC_Vse,5-15,0.06282319455075484,54,0.0615763253591027,MAP_PMU,59,0.0012468691916521432
5,UPFC_tse,5-15,-2.1922698795887436,54,-2.1788467009368127,MAP_PMU,59,0.01342317865193099
0,x_tcsc,1-14,-0.09664411874775185,55,-0.09645691778988322,MAP_PMU,59,0.0001872009578686301
1,B_svc,2,0.16754964941662556,55,0.16702000914729664,MAP_PMU,59,0.0005296402693289182
2,UPFC_Vsh,5-15,1.108894126384322,55,1.1148215002084334,MAP_PMU,59,0.005927373824111459
3,UPFC_tsh,5-15,-0.246736031383523,55,-0.24664969256423613,MAP_PMU,59,8.63388192868797e-05
4,UPFC_Vse,5-15,0.06296518058421262,55,0.0615763253591027,MAP_PMU,59,0.0013888552251099182
5,UPFC_tse,5-15,-2.19019030825812,55,-2.1788467009368127,MAP_PMU,59,0.01134360732130757
0,x_tcsc,1-14,-0.09676002631870119,56,-0.09645691778988322,MAP_PMU,59,0.0003031085288179719
1,B_svc,2,0.1673189775786001,56,0.16702000914729664,MAP_PMU,59,0.00029896843130344797
2,UPFC_Vsh,5-15,1.1086735055574513,56,1.1148215002084334,MAP_PMU,59,0.006147994650982147
3,UPFC_tsh,5-15,-0.24668810587107268,56,-0.24664969256423613,MAP_PMU,59,3.8413306836543315e-05
4,UPFC_Vse,5-15,0.061968572727213976,56,0.0615763253591027,MAP_PMU,59,0.0003922473681112759
5,UPFC_tse,5-15,-2.189869527637964,56,-2.1788467009368127,MAP_PMU,59,0.011022826701151178
0,x_tcsc,1-14,-0.09664191827872037,57,-0.09645691778988322,MAP_PMU,59,0.00018500048883715592
1,B_svc,2,0.16728748636729318,57,0.16702000914729664,MAP_PMU,59,0.00026747721999653695
2,UPFC_Vsh,5-15,1.1089162790010376,57,1.1148215002084334,MAP_PMU,59,0.005905221207395783
3,UPFC_tsh,5-15,-0.2467104652205322,57,-0.24664969256423613,MAP_PMU,59,6.077265629605977e-05
4,UPFC_Vse,5-15,0.06202157906959259,57,0.0615763253591027,MAP_PMU,59,0.00044525371048988877
5,UPFC_tse,5-15,-2.1764182532103953,57,-2.1788467009368127,MAP_PMU,59,0.002428447726417371
0,x_tcsc,1-14,-0.09673581843717236,58,-0.09645691778988322,MAP_PMU,59,0.00027890064728913755
1,B_svc,2,0.16705868109002606,58,0.16702000914729664,MAP_PMU,59,3.8671942729412434e-05
2,UPFC_Vsh,5-15,1.1085122517486976,58,1.1148215002084334,MAP_PMU,59,0.0063092484597357945
3,UPFC_tsh,5-15,-0.2467510769214427,58,-0.24664969256423613,MAP_PMU,59,0.00010138435720657979
4,UPFC_Vse,5-15,0.06290743931152402,58,0.0615763253591027,MAP_PMU,59,0.0013311139524213242
5,UPFC_tse,5-15,-2.193901350250602,58,-2.1788467009368127,MAP_PMU,59,0.015054649313789525
0,x_tcsc,1-14,-0.09673353516399201,59,-0.09645691778988322,MAP_PMU,59,0.0002766173741087924
1,B_svc,2,0.1670031050475855,59,0.16702000914729664,MAP_PMU,59,1.6904099711140264e-05
2,UPFC_Vsh,5-15,1.1086074535288317,59,1.1148215002084334,MAP_PMU,59,0.006214046679601681
3,UPFC_tsh,5-15,-0.24679364956185276,59,-0.24664969256423613,MAP_PMU,59,0.00014395699761662883
4,UPFC_Vse,5-15,0.06266442043101407,59,0.0615763253591027,MAP_PMU,59,0.00108809507191137
5,UPFC_tse,5-15,-2.1960118570722913,59,-2.1788467009368127,MAP_PMU,59,0.017165156135478643
0,x_tcsc,1-14,-0.0966208660216003,60,-0.09645691778988322,MAP_PMU,59,0.00016394823171708706
1,B_svc,2,0.1676116944217606,60,0.16702000914729664,MAP_PMU,59,0.00059168527446396
2,UPFC_Vsh,5-15,1.1085095890884087,60,1.1148215002084334,MAP_PMU,59,0.006311911120024716
3,UPFC_tsh,5-15,-0.24672389049872434,60,-0.24664969256423613,MAP_PMU,59,7.419793448820711e-05
4,UPFC_Vse,5-15,0.06237807017041018,60,0.0615763253591027,MAP_PMU,59,0.0008017448113074796
5,UPFC_tse,5-15,-2.1960434363712364,60,-2.1788467009368127,MAP_PMU,59,0.017196735434423793
0,x_tcsc,1-14,-0.09670231676750016,61,-0.09645691778988322,MAP_PMU,59,0.00024539897761693963
1,B_svc,2,0.167096196385454,61,0.16702000914729664,MAP_PMU,59,7.618723815736028e-05
2,UPFC_Vsh,5-15,1.1086592333794543,61,1.1148215002084334,MAP_PMU,59,0.006162266828979135
3,UPFC_tsh,5-15,-0.2467672555801717,61,-0.24664969256423613,MAP_PMU,59,0.00011756301593557339
4,UPFC_Vse,5-15,0.06303572544129714,61,0.0615763253591027,MAP_PMU,59,0.0014594000821944383
5,UPFC_tse,5-15,-2.1993921573301876,61,-2.1788467009368127,MAP_PMU,59,0.020545456393374906
0,x_tcsc,1-14,-0.09660854119261647,62,-0.09645691778988322,MAP_PMU,59,0.00015162340273325303
1,B_svc,2,0.16676228321465997,62,0.16702000914729664,MAP_PMU,59,0.00025772593263667654
2,UPFC_Vsh,5-15,1.109031570021702,62,1.1148215002084334,MAP_PMU,59,0.005789930186731462
3,UPFC_tsh,5-15,-0.24662664511545868,62,-0.24664969256423613,MAP_PMU,59,2.3047448777457902e-05
4,UPFC_Vse,5-15,0.06216912337522704,62,0.0615763253591027,MAP_PMU,59,0.0005927980161243365
5,UPFC_tse,5-15,-2.185716855585002,62,-2.1788467009368127,MAP_PMU,59,0.006870154648189519
0,x_tcsc,1-14,-0.09665453821860649,63,-0.09645691778988322,MAP_PMU,59,0.00019762042872327468
1,B_svc,2,0.1669959927033937,63,0.16702000914729664,MAP_PMU,59,2.4016443902957763e-05
2,UPFC_Vsh,5-15,1.1086394438371363,63,1.1148215002084334,MAP_PMU,59,0.0061820563712970955
3,UPFC_tsh,5-15,-0.24674083223913745,63,-0.24664969256423613,MAP_PMU,59,9.113967490131936e-05
4,UPFC_Vse,5-15,0.062144403017573915,63,0.0615763253591027,MAP_PMU,59,0.0005680776584712152
5,UPFC_tse,5-15,-2.197559960214403,63,-2.1788467009368127,MAP_PMU,59,0.018713259277590488
0,x_tcsc,1-14,-0.09657517419012568,64,-0.09645691778988322,MAP_PMU,59,0.00011825640024246131
1,B_svc,2,0.1668787591361708,64,0.16702000914729664,MAP_PMU,59,0.0001412500111258319
2,UPFC_Vsh,5-15,1.1085865751741681,64,1.1148215002084334,MAP_PMU,59,0.00623492503426526
3,UPFC_tsh,5-15,-0.24668567767157445,64,-0.24664969256423613,MAP_PMU,59,3.5985107338321054e-05
4,UPFC_Vse,5-15,0.062290384683180614,64,0.0615763253591027,MAP_PMU,59,0.0007140593240779133
5,UPFC_tse,5-15,-2.188109222668471,64,-2.1788467009368127,MAP_PMU,59,0.009262521731658424
0,x_tcsc,1-14,-0.09666345281403675,65,-0.09645691778988322,MAP_PMU,59,0.00020653502415353409
1,B_svc,2,0.16742402622435332,65,0.16702000914729664,MAP_PMU,59,0.0004040170770566731
2,UPFC_Vsh,5-15,1.1082658374081114,65,1.1148215002084334,MAP_PMU,59,0.0065556628003220485
3,UPFC_tsh,5-15,-0.2467365653804789,65,-0.24664969256423613,MAP_PMU,59,8.687281624275567e-05
4,UPFC_Vse,5-15,0.06257930887391983,65,0.0615763253591027,MAP_PMU,59,0.0010029835148171254
5,UPFC_tse,5-15,-2.205373701511417,65,-2.1788467009368127,MAP_PMU,59,0.026527000574604553
0,x_tcsc,1-14,-0.09662972717792392,66,-0.09645691778988322,MAP_PMU,59,0.00017280938804070667
1,B_svc,2,0.16726267267132425,66,0.16702000914729664,MAP_PMU,59,0.00024266352402760316
2,UPFC_Vsh,5-15,1.108842732824354,66,1.1148215002084334,MAP_PMU,59,0.005978767384079431
3,UPFC_tsh,5-15,-0.24670022565629485,66,-0.24664969256423613,MAP_PMU,59,5.053309205871326e-05
4,UPFC_Vse,5-15,0.0627111130546018,66,0.0615763253591027,MAP_PMU,59,0.001134787695499094
5,UPFC_tse,5-15,-2.1832708857902468,66,-2.1788467009368127,MAP_PMU,59,0.004424184853434099
0,x_tcsc,1-14,-0.09665742974827934,67,-0.09645691778988322,MAP_PMU,59,0.0002005119583961268
1,B_svc,2,0.1672315937975394,67,0.16702000914729664,MAP_PMU,59,0.00021158465024276318
2,UPFC_Vsh,5-15,1.1088533504499527,67,1.1148215002084334,MAP_PMU,59,0.005968149758480701
3,UPFC_tsh,5-15,-0.24671425756686544,67,-0.24664969256423613,MAP_PMU,59,6.456500262930209e-05
4,UPFC_Vse,5-15,0.06269512628518159,67,0.0615763253591027,MAP_PMU,59,0.0011188009260788903
5,UPFC_tse,5-15,-2.1894872823079896,67,-2.1788467009368127,MAP_PMU,59,0.01064058137117696
0,x_tcsc,1-14,-0.09661164141594265,68,-0.09645691778988322,MAP_PMU,59,0.0001547236260594359
1,B_svc,2,0.1672810337007336,68,0.16702000914729664,MAP_PMU,59,0.0002610245534369615
2,UPFC_Vsh,5-15,1.1088250573524114,68,1.1148215002084334,MAP_PMU,59,0.005996442856021966
3,UPFC_tsh,5-15,-0.246653100397298,68,-0.24664969256423613,MAP_PMU,59,3.40783306185255e-06
4,UPFC_Vse,5-15,0.061966136134327165,68,0.0615763253591027,MAP_PMU,59,0.00038981077522446533
5,UPFC_tse,5-15,-2.1877497429174575,68,-2.1788467009368127,MAP_PMU,59,0.008903041980644844
0,x_tcsc,1-14,-0.0966214752336785,69,-0.09645691778988322,MAP_PMU,59,0.00016455744379528792
1,B_svc,2,0.16704808913328228,69,0.16702000914729664,MAP_PMU,59,2.8079985985640654e-05
2,UPFC_Vsh,5-15,1.1084728346527402,69,1.1148215002084334,MAP_PMU,59,0.006348665555693245
3,UPFC_tsh,5-15,-0.2468133948001363,69,-0.24664969256423613,MAP_PMU,59,0.00016370223590017607
4,UPFC_Vse,5-15,0.06237907898943271,69,0.0615763253591027,MAP_PMU,59,0.0008027536303300067
5,UPFC_tse,5-15,-2.19874125464961,69,-2.1788467009368127,MAP_PMU,59,0.019894553712797247
0,x_tcsc,1-14,-0.09660674719997199,70,-0.09645691778988322,MAP_PMU,59,0.0001498294100887726
1,B_svc,2,0.16667003732977267,70,0.16702000914729664,MAP_PMU,59,0.00034997181752396966
2,UPFC_Vsh,5-15,1.108895571799698,70,1.1148215002084334,MAP_PMU,59,0.005925928408735404
3,UPFC_tsh,5-15,-0.2466360955093091,70,-0.24664969256423613,MAP_PMU,59,1.359705492703922e-05
4,UPFC_Vse,5-15,0.062165070929482265,70,0.0615763253591027,MAP_PMU,59,0.0005887455703795647
5,UPFC_tse,5-15,-2.1877101513674675,70,-2.1788467009368127,MAP_PMU,59,0.00886345043065484
0,x_tcsc,1-14,-0.09670843651793717,71,-0.09645691778988322,MAP_PMU,59,0.0002515187280539566
1,B_svc,2,0.16727258854279822,71,0.16702000914729664,MAP_PMU,59,0.0002525793955015787
2,UPFC_Vsh,5-15,1.1089102039147436,71,1.1148215002084334,MAP_PMU,59,0.005911296293689805
3,UPFC_tsh,5-15,-0.24670157008566104,71,-0.24664969256423613,MAP_PMU,59,5.187752142490898e-05
4,UPFC_Vse,5-15,0.0629624877350555,71,0.0615763253591027,MAP_PMU,59,0.0013861623759528
5,UPFC_tse,5-15,-2.1904234783577916,71,-2.1788467009368127,MAP_PMU,59,0.011576777420978956
0,x_tcsc,1-14,-0.09664248775218436,72,-0.09645691778988322,MAP_PMU,59,0.0001855699623011381
1,B_svc,2,0.16673468512606288,72,0.16702000914729664,MAP_PMU,59,0.0002853240212337682
2,UPFC_Vsh,5-15,1.1088600917287743,72,1.1148215002084334,MAP_PMU,59,0.005961408479659092
3,UPFC_tsh,5-15,-0.24675308577178628,72,-0.24664969256423613,MAP_PMU,59,0.00010339320755015091
4,UPFC_Vse,5-15,0.06262368091074692,72,0.0615763253591027,MAP_PMU,59,0.0010473555516442232
5,UPFC_tse,5-15,-2.1946571339168117,72,-2.1788467009368127,MAP_PMU,59,0.015810432979999067
0,x_tcsc,1-14,-0.09661723302945456,73,-0.09645691778988322,MAP_PMU,59,0.00016031523957134308
1,B_svc,2,0.16759897450381395,73,0.16702000914729664,MAP_PMU,59,0.0005789653565173025
2,UPFC_Vsh,5-15,1.1088716420810383,73,1.1148215002084334,MAP_PMU,59,0.0059498581273951245
3,UPFC_tsh,5-15,-0.24668996471488258,73,-0.24664969256423613,MAP_PMU,59,4.0272150646447624e-05
4,UPFC_Vse,5-15,0.06268015360940397,73,0.0615763253591027,MAP_PMU,59,0.001103828250301274
5,UPFC_tse,5-15,-2.20274765090839,73,-2.1788467009368127,MAP_PMU,59,0.023900949971577212
0,x_tcsc,1-14,-0.09670743616453899,74,-0.09645691778988322,MAP_PMU,59,0.00025051837465576987
1,B_svc,2,0.16734866520923158,74,0.16702000914729664,MAP_PMU,59,0.0003286560619349399
2,UPFC_Vsh,5-15,1.1087995615255692,74,1.1148215002084334,MAP_PMU,59,0.0060219386828641586
3,UPFC_tsh,5-15,-0.24668912244781296,74,-0.24664969256423613,MAP_PMU,59,3.9429883576830305e-05
4,UPFC_Vse,5-15,0.0623669101210288,74,0.0615763253591027,MAP_PMU,59,0.0007905847619261025
5,UPFC_tse,5-15,-2.187653567600348,74,-2.1788467009368127,MAP_PMU,59,0.008806866663535473
0,x_tcsc,1-14,-0.0966349002617059,75,-0.09645691778988322,MAP_PMU,59,0.00017798247182268523
1,B_svc,2,0.16742555757629982,75,0.16702000914729664,MAP_PMU,59,0.0004055484290031719
2,UPFC_Vsh,5-15,1.1084052034334893,75,1.1148215002084334,MAP_PMU,59,0.006416296774944152
3,UPFC_tsh,5-15,-0.24676824785162885,75,-0.24664969256423613,MAP_PMU,59,0.00011855528739271315
4,UPFC_Vse,5-15,0.06271205479166536,75,0.0615763253591027,MAP_PMU,59,0.0011357294325626613
5,UPFC_tse,5-15,-2.1892593458991882,75,-2.1788467009368127,MAP_PMU,59,0.010412644962375595
0,x_tcsc,1-14,-0.09663772319890122,76,-0.09645691778988322,MAP_PMU,59,0.00018080540901800612
1,B_svc,2,0.16782665338852243,76,0.16702000914729664,MAP_PMU,59,0.0008066442412257846
2,UPFC_Vsh,5-15,1.108604456216471,76,1.1148215002084334,MAP_PMU,59,0.006217043991962434
3,UPFC_tsh,5-15,-0.2468079487758169,76,-0.24664969256423613,MAP_PMU,59,0.00015825621158077618
4,UPFC_Vse,5-15,0.06273674247257888,76,0.0615763253591027,MAP_PMU,59,0.0011604171134761768
5,UPFC_tse,5-15,-2.198563496599554,76,-2.1788467009368127,MAP_PMU,59,0.019716795662741315
0,x_tcsc,1-14,-0.09661594645658247,77,-0.09645691778988322,MAP_PMU,59,0.00015902866669925686
1,B_svc,2,0.16681513734314624,77,0.16702000914729664,MAP_PMU,59,0.0002048718041504083
2,UPFC_Vsh,5-15,1.1087256087840052,77,1.1148215002084334,MAP_PMU,59,0.006095891424428235
3,UPFC_tsh,5-15,-0.24674077433081326,77,-0.24664969256423613,MAP_PMU,59,9.108176657712796e-05
4,UPFC_Vse,5-15,0.06276349224662935,77,0.0615763253591027,MAP_PMU,59,0.0011871668875266458
5,UPFC_tse,5-15,-2.1921230421747557,77,-2.1788467009368127,MAP_PMU,59,0.013276341237943079
0,x_tcsc,1-14,-0.09657137616924816,78,-0.09645691778988322,MAP_PMU,59,0.00011445837936494008
1,B_svc,2,0.16685399115646998,78,0.16702000914729664,MAP_PMU,59,0.00016601799082666124
2,UPFC_Vsh,5-15,1.1086880061606565,78,1.1148215002084334,MAP_PMU,59,0.006133494047776855
3,UPFC_tsh,5-15,-0.24674307181045785,78,-0.24664969256423613,MAP_PMU,59,9.337924622171423e-05
4,UPFC_Vse,5-15,0.06296893041619846,78,0.0615763253591027,MAP_PMU,59,0.0013926050570957568
5,UPFC_tse,5-15,-2.19174961057654,78,-2.1788467009368127,MAP_PMU,59,0.012902909639727511
0,x_tcsc,1-14,-0.09660718026642823,79,-0.09645691778988322,MAP_PMU,59,0.00015026247654501002
1,B_svc,2,0.16744297787662335,79,0.16702000914729664,MAP_PMU,59,0.00042296872932670593
2,UPFC_Vsh,5-15,1.1086657494972265,79,1.1148215002084334,MAP_PMU,59,0.0061557507112068865
3,UPFC_tsh,5-15,-0.24676929041006943,79,-0.24664969256423613,MAP_PMU,59,0.00011959784583329136
4,UPFC_Vse,5-15,0.06209353794330221,79,0.0615763253591027,MAP_PMU,59,0.0005172125841995112
5,UPFC_tse,5-15,-2.1967243151055453,79,-2.1788467009368127,MAP_PMU,59,0.01787761416873268
0,x_tcsc,1-14,-0.09663947977750843,80,-0.09645691778988322,MAP_PMU,59,0.00018256198762521547
1,B_svc,2,0.16767649156409675,80,0.16702000914729664,MAP_PMU,59,0.0006564824168001082
2,UPFC_Vsh,5-15,1.1087923235641561,80,1.1148215002084334,MAP_PMU,59,0.006029176644277268
3,UPFC_tsh,5-15,-0.24675763700696407,80,-0.24664969256423613,MAP_PMU,59,0.00010794444272793635
4,UPFC_Vse,5-15,0.06261213213740638,80,0.0615763253591027,MAP_PMU,59,0.0010358067783036787
5,UPFC_tse,5-15,-2.1960829160057176,80,-2.1788467009368127,MAP_PMU,59,0.017236215068904936
0,x_tcsc,1-14,-0.09659616570226355,81,-0.09645691778988322,MAP_PMU,59,0.00013924791238033307
1,B_svc,2,0.1671300672800128,81,0.16702000914729664,MAP_PMU,59,0.0001100581327161676
2,UPFC_Vsh,5-15,1.108650601198527,81,1.1148215002084334,MAP_PMU,59,0.0061708990099063055
3,UPFC_tsh,5-15,-0.24664527689577032,81,-0.24664969256423613,MAP_PMU,59,4.41566846581809e-06
4,UPFC_Vse,5-15,0.061986041206209215,81,0.0615763253591027,MAP_PMU,59,0.0004097158471065149
5,UPFC_tse,5-15,-2.1917100157217915,81,-2.1788467009368127,MAP_PMU,59,0.012863314784978819
0,x_tcsc,1-14,-0.09669810900510434,82,-0.09645691778988322,MAP_PMU,59,0.00024119121522112041
1,B_svc,2,0.16741597360911778,82,0.16702000914729664,MAP_PMU,59,0.00039596446182113554
2,UPFC_Vsh,5-15,1.1092227703617232,82,1.1148215002084334,MAP_PMU,59,0.005598729846710171
3,UPFC_tsh,5-15,-0.2467260033112477,82,-0.24664969256423613,MAP_PMU,59,7.631074701155982e-05
4,UPFC_Vse,5-15,0.06290685727894217,82,0.0615763253591027,MAP_PMU,59,0.0013305319198394713
5,UPFC_tse,5-15,-2.183948999442189,82,-2.1788467009368127,MAP_PMU,59,0.005102298505376357
0,x_tcsc,1-14,-0.09669087320540297,83,-0.09645691778988322,MAP_PMU,59,0.00023395541551975152
1,B_svc,2,0.1676274594179204,83,0.16702000914729664,MAP_PMU,59,0.000607450270623755
2,UPFC_Vsh,5-15,1.1087402646956253,83,1.1148215002084334,MAP_PMU,59,0.0060812355128081474
3,UPFC_tsh,5-15,-0.246660711557558,83,-0.24664969256423613,MAP_PMU,59,1.101899332187073e-05
4,UPFC_Vse,5-15,0.06262587795381104,83,0.0615763253591027,MAP_PMU,59,0.0010495525947083403
5,UPFC_tse,5-15,-2.192002836320196,83,-2.1788467009368127,MAP_PMU,59,0.01315613538338356
0,x_tcsc,1-14,-0.09661801845176327,84,-0.09645691778988322,MAP_PMU,59,0.00016110066188004812
1,B_svc,2,0.16716478010687702,84,0.16702000914729664,MAP_PMU,59,0.0001447709595803759
2,UPFC_Vsh,5-15,1.108826116374336,84,1.1148215002084334,MAP_PMU,59,0.0059953838340973675
3,UPFC_tsh,5-15,-0.2467683882306277,84,-0.24664969256423613,MAP_PMU,59,0.00011869566639155504
4,UPFC_Vse,5-15,0.06272528995982914,84,0.0615763253591027,MAP_PMU,59,0.0011489646007264362
5,UPFC_tse,5-15,-2.1909034421231897,84,-2.1788467009368127,MAP_PMU,59,0.012056741186377007
0,x_tcsc,1-14,-0.09658145047826831,85,-0.09645691778988322,MAP_PMU,59,0.00012453268838509557
1,B_svc,2,0.16734821978324127,85,0.16702000914729664,MAP_PMU,59,0.00032821063594462574
2,UPFC_Vsh,5-15,1.108573363278798,85,1.1148215002084334,MAP_PMU,59,0.006248136929635439
3,UPFC_tsh,5-15,-0.24676921166493104,85,-0.24664969256423613,MAP_PMU,59,0.00011951910069490923
4,UPFC_Vse,5-15,0.06216221691923744,85,0.0615763253591027,MAP_PMU,59,0.0005858915601347423
5,UPFC_tse,5-15,-2.1983505798901444,85,-2.1788467009368127,MAP_PMU,59,0.01950387895333172
0,x_tcsc,1-14,-0.09665601112096245,86,-0.09645691778988322,MAP_PMU,59,0.00019909333107923088
1,B_svc,2,0.16753216084950767,86,0.16702000914729664,MAP_PMU,59,0.0005121517022110278
2,UPFC_Vsh,5-15,1.1088516506327828,86,1.1148215002084334,MAP_PMU,59,0.00596984957565061
3,UPFC_tsh,5-15,-0.24675280988116577,86,-0.24664969256423613,MAP_PMU,59,0.0001031173169296351
4,UPFC_Vse,5-15,0.06227416467700912,86,0.0615763253591027,MAP_PMU,59,0.0006978393179064221
5,UPFC_tse,5-15,-2.200607793519789,86,-2.1788467009368127,MAP_PMU,59,0.021761092582976538
0,x_tcsc,1-14,-0.09661575418479978,87,-0.09645691778988322,MAP_PMU,59,0.0001588363949165672
1,B_svc,2,0.1670918351537982,87,0.16702000914729664,MAP_PMU,59,7.182600650154636e-05
2,UPFC_Vsh,5-15,1.1088188382626332,87,1.1148215002084334,MAP_PMU,59,0.006002661945800236
3,UPFC_tsh,5-15,-0.24677525145842624,87,-0.24664969256423613,MAP_PMU,59,0.00012555889419010868
4,UPFC_Vse,5-15,0.06298471278618653,87,0.0615763253591027,MAP_PMU,59,0.0014083874270838306
5,UPFC_tse,5-15,-2.194424256703627,87,-2.1788467009368127,MAP_PMU,59,0.0155775557668143
0,x_tcsc,1-14,-0.09669072855070143,88,-0.09645691778988322,MAP_PMU,59,0.00023381076081821495
1,B_svc,2,0.1675011292570783,88,0.16702000914729664,MAP_PMU,59,0.00048112010978165753
2,UPFC_Vsh,5-15,1.1082522476400511,88,1.1148215002084334,MAP_PMU,59,0.006569252568382256
3,UPFC_tsh,5-15,-0.24676351849805356,88,-0.24664969256423613,MAP_PMU,59,0.00011382593381742412
4,UPFC_Vse,5-15,0.06256094409405895,88,0.0615763253591027,MAP_PMU,59,0.0009846187349562482
5,UPFC_tse,5-15,-2.204396045412909,88,-2.1788467009368127,MAP_PMU,59,0.02554934447609636
0,x_tcsc,1-14,-0.09661045517569404,89,-0.09645691778988322,MAP_PMU,59,0.000153537385810823
1,B_svc,2,0.16701383990894242,89,0.16702000914729664,MAP_PMU,59,6.169238354225559e-06
2,UPFC_Vsh,5-15,1.1085890267653418,89,1.1148215002084334,MAP_PMU,59,0.006232473443091635
3,UPFC_tsh,5-15,-0.2467559530659867,89,-0.24664969256423613,MAP_PMU,59,0.00010626050175055468
4,UPFC_Vse,5-15,0.062374838592478755,89,0.0615763253591027,MAP_PMU,59,0.0007985132333760553
5,UPFC_tse,5-15,-2.190679104332518,89,-2.1788467009368127,MAP_PMU,59,0.011832403395705349
0,x_tcsc,1-14,-0.09668354761369233,90,-0.09645691778988322,MAP_PMU,59,0.00022662982380911023
1,B_svc,2,0.16701105574659,90,0.16702000914729664,MAP_PMU,59,8.953400706640524e-06
2,UPFC_Vsh,5-15,1.1090136855955057,90,1.1148215002084334,MAP_PMU,59,0.005807814612927675
3,UPFC_tsh,5-15,-0.24669022694735485,90,-0.24664969256423613,MAP_PMU,59,4.053438311871216e-05
4,UPFC_Vse,5-15,0.06229024353560548,90,0.0615763253591027,MAP_PMU,59,0.0007139181765027786
5,UPFC_tse,5-15,-2.195638336932042,90,-2.1788467009368127,MAP_PMU,59,0.01679163599522937
0,x_tcsc,1-14,-0.0966339425602355,91,-0.09645691778988322,MAP_PMU,59,0.00017702477035227981
1,B_svc,2,0.1676210569669303,91,0.16702000914729664,MAP_PMU,59,0.0006010478196336599
2,UPFC_Vsh,5-15,1.1085988322203286,91,1.1148215002084334,MAP_PMU,59,0.00622266798810478
3,UPFC_tsh,5-15,-0.24673752636971125,91,-0.24664969256423613,MAP_PMU,59,8.783380547511266e-05
4,UPFC_Vse,5-15,0.06288795808729969,91,0.0615763253591027,MAP_PMU,59,0.001311632728196989
5,UPFC_tse,5-15,-2.198357116707282,91,-2.1788467009368127,MAP_PMU,59,0.019510415770469525
0,x_tcsc,1-14,-0.0966934092748322,92,-0.09645691778988322,MAP_PMU,59,0.00023649148494898908
1,B_svc,2,0.16737016345883735,92,0.16702000914729664,MAP_PMU,59,0.0003501543115407013
2,UPFC_Vsh,5-15,1.1088494019235688,92,1.1148215002084334,MAP_PMU,59,0.005972098284864558
3,UPFC_tsh,5-15,-0.24671687299638284,92,-0.24664969256423613,MAP_PMU,59,6.718043214670733e-05
4,UPFC_Vse,5-15,0.06263673898346979,92,0.0615763253591027,MAP_PMU,59,0.001060413624367089
5,UPFC_tse,5-15,-2.1959732047085008,92,-2.1788467009368127,MAP_PMU,59,0.017126503771688117
0,x_tcsc,1-14,-0.09661903241764584,93,-0.09645691778988322,MAP_PMU,59,0.00016211462776262453
1,B_svc,2,0.1668738663364125,93,0.16702000914729664,MAP_PMU,59,0.00014614281088415337
2,UPFC_Vsh,5-15,1.1087518014144477,93,1.1148215002084334,MAP_PMU,59,0.006069698793985667
3,UPFC_tsh,5-15,-0.24679825576684838,93,-0.24664969256423613,MAP_PMU,59,0.00014856320261225076
4,UPFC_Vse,5-15,0.06224398186302161,93,0.0615763253591027,MAP_PMU,59,0.0006676565039189092
5,UPFC_tse,5-15,-2.195168935385571,93,-2.1788467009368127,MAP_PMU,59,0.016322234448758355
0,x_tcsc,1-14,-0.09661526339755329,94,-0.09645691778988322,MAP_PMU,59,0.00015834560767007122
1,B_svc,2,0.16737991953731837,94,0.16702000914729664,MAP_PMU,59,0.0003599103900217282
2,UPFC_Vsh,5-15,1.1085680186589655,94,1.1148215002084334,MAP_PMU,59,0.006253481549467921
3,UPFC_tsh,5-15,-0.2467569380907866,94,-0.24664969256423613,MAP_PMU,59,0.0001072455265504757
4,UPFC_Vse,5-15,0.06257121997816523,94,0.0615763253591027,MAP_PMU,59,0.0009948946190625266
5,UPFC_tse,5-15,-2.1950532591737533,94,-2.1788467009368127,MAP_PMU,59,0.016206558236940616
0,x_tcsc,1-14,-0.09659702967988562,95,-0.09645691778988322,MAP_PMU,59,0.00014011189000240343
1,B_svc,2,0.1673546930630321,95,0.16702000914729664,MAP_PMU,59,0.00033468391573546197
2,UPFC_Vsh,5-15,1.1088304882201578,95,1.1148215002084334,MAP_PMU,59,0.005991011988275563
3,UPFC_tsh,5-15,-0.2466842272496305,95,-0.24664969256423613,MAP_PMU,59,3.4534685394355114e-05
4,UPFC_Vse,5-15,0.062393672085109014,95,0.0615763253591027,MAP_PMU,59,0.0008173467260063141
5,UPFC_tse,5-15,-2.185149950637191,95,-2.1788467009368127,MAP_PMU,59,0.006303249700378544
0,x_tcsc,1-14,-0.09663797670186759,96,-0.09645691778988322,MAP_PMU,59,0.00018105891198437474
1,B_svc,2,0.16718608731214402,96,0.16702000914729664,MAP_PMU,59,0.00016607816484737192
2,UPFC_Vsh,5-15,1.108636200956399,96,1.1148215002084334,MAP_PMU,59,0.006185299252034371
3,UPFC_tsh,5-15,-0.24673921891482717,96,-0.24664969256423613,MAP_PMU,59,8.952635059103486e-05
4,UPFC_Vse,5-15,0.06289558815214445,96,0.0615763253591027,MAP_PMU,59,0.001319262793041752
5,UPFC_tse,5-15,-2.2077683233739984,96,-2.1788467009368127,MAP_PMU,59,0.028921622437185768
0,x_tcsc,1-14,-0.09666863745996318,97,-0.09645691778988322,MAP_PMU,59,0.00021171967007996284
1,B_svc,2,0.16728099867386048,97,0.16702000914729664,MAP_PMU,59,0.00026098952656383734
2,UPFC_Vsh,5-15,1.1089962317102011,97,1.1148215002084334,MAP_PMU,59,0.005825268498232283
3,UPFC_tsh,5-15,-0.24672706744106085,97,-0.24664969256423613,MAP_PMU,59,7.737487682471511e-05
4,UPFC_Vse,5-15,0.06288411958890847,97,0.0615763253591027,MAP_PMU,59,0.0013077942298057657
5,UPFC_tse,5-15,-2.183470283041487,97,-2.1788467009368127,MAP_PMU,59,0.004623582104674284
0,x_tcsc,1-14,-0.09669522851525347,98,-0.09645691778988322,MAP_PMU,59,0.00023831072537025544
1,B_svc,2,0.16746673200417353,98,0.16702000914729664,MAP_PMU,59,0.0004467228568768855
2,UPFC_Vsh,5-15,1.1088503269093961,98,1.1148215002084334,MAP_PMU,59,0.005971173299037291
3,UPFC_tsh,5-15,-0.24668741132974456,98,-0.24664969256423613,MAP_PMU,59,3.7718765508426566e-05
4,UPFC_Vse,5-15,0.062362404120912526,98,0.0615763253591027,MAP_PMU,59,0.0007860787618098261
5,UPFC_tse,5-15,-2.1914461603307673,98,-2.1788467009368127,MAP_PMU,59,0.012599459393954682
0,x_tcsc,1-14,-0.09663880897557493,99,-0.09645691778988322,MAP_PMU,59,0.00018189118569171547
1,B_svc,2,0.16730104255183278,99,0.16702000914729664,MAP_PMU,59,0.0002810334045361407
2,UPFC_Vsh,5-15,1.1090872911964336,99,1.1148215002084334,MAP_PMU,59,0.005734209011999836
3,UPFC_tsh,5-15,-0.24669157604399844,99,-0.24664969256423613,MAP_PMU,59,4.1883479762305775e-05
4,UPFC_Vse,5-15,0.06239957421746964,99,0.0615763253591027,MAP_PMU,59,0.0008232488583669387
5,UPFC_tse,5-15,-2.193834223756197,99,-2.1788467009368127,MAP_PMU,59,0.014987522819384314
0,x_tcsc,1-14,-0.0978867294257119,0,-0.09777329508591238,MAP_PMU,61,0.00011343433979951745
1,B_svc,2,0.16797668671584784,0,0.16828454278680455,MAP_PMU,61,0.00030785607095670797
2,UPFC_Vsh,5-15,1.1088411326362237,0,1.1144410382484837,MAP_PMU,61,0.005599905612259981
3,UPFC_tsh,5-15,-0.24505062421188947,0,-0.24500253922089116,MAP_PMU,61,4.808499099831498e-05
4,UPFC_Vse,5-15,0.062468944433046285,0,0.06196215457085772,MAP_PMU,61,0.0005067898621885641
5,UPFC_tse,5-15,-2.189216290876084,0,-2.173942749219185,MAP_PMU,61,0.015273541656898981
0,x_tcsc,1-14,-0.09792175993496048,1,-0.09777329508591238,MAP_PMU,61,0.00014846484904809665
1,B_svc,2,0.16808092412623915,1,0.16828454278680455,MAP_PMU,61,0.00020361866056539668
2,UPFC_Vsh,5-15,1.1090283995669863,1,1.1144410382484837,MAP_PMU,61,0.005412638681497439
3,UPFC_tsh,5-15,-0.2449621797574222,1,-0.24500253922089116,MAP_PMU,61,4.0359463468947476e-05
4,UPFC_Vse,5-15,0.06266191971708665,1,0.06196215457085772,MAP_PMU,61,0.0006997651462289298
5,UPFC_tse,5-15,-2.1874246295798794,1,-2.173942749219185,MAP_PMU,61,0.013481880360694198
0,x_tcsc,1-14,-0.09789019531029292,2,-0.09777329508591238,MAP_PMU,61,0.00011690022438053116
1,B_svc,2,0.1682606148657407,2,0.16828454278680455,MAP_PMU,61,2.3927921063843227e-05
2,UPFC_Vsh,5-15,1.1086900390833936,2,1.1144410382484837,MAP_PMU,61,0.005750999165090143
3,UPFC_tsh,5-15,-0.2450196708974608,2,-0.24500253922089116,MAP_PMU,61,1.713167656963721e-05
4,UPFC_Vse,5-15,0.06277949052639341,2,0.06196215457085772,MAP_PMU,61,0.0008173359555356877
5,UPFC_tse,5-15,-2.186072464652837,2,-2.173942749219185,MAP_PMU,61,0.012129715433651711
0,x_tcsc,1-14,-0.09789951730644775,3,-0.09777329508591238,MAP_PMU,61,0.00012622222053536303
1,B_svc,2,0.1685371718241799,3,0.16828454278680455,MAP_PMU,61,0.000252629037375357
2,UPFC_Vsh,5-15,1.1088611063894134,3,1.1144410382484837,MAP_PMU,61,0.005579931859070353
3,UPFC_tsh,5-15,-0.24505314553408541,3,-0.24500253922089116,MAP_PMU,61,5.06063131942569e-05
4,UPFC_Vse,5-15,0.06312116784725982,3,0.06196215457085772,MAP_PMU,61,0.001159013276402103
5,UPFC_tse,5-15,-2.1885287792660826,3,-2.173942749219185,MAP_PMU,61,0.014586030046897402
0,x_tcsc,1-14,-0.0979731662858367,4,-0.09777329508591238,MAP_PMU,61,0.00019987119992431746
1,B_svc,2,0.16840753507005773,4,0.16828454278680455,MAP_PMU,61,0.00012299228325318712
2,UPFC_Vsh,5-15,1.108772051887906,4,1.1144410382484837,MAP_PMU,61,0.005668986360577666
3,UPFC_tsh,5-15,-0.24499665923822153,4,-0.24500253922089116,MAP_PMU,61,5.879982669626527e-06
4,UPFC_Vse,5-15,0.06213402984667486,4,0.06196215457085772,MAP_PMU,61,0.00017187527581714185
5,UPFC_tse,5-15,-2.19583007555208,4,-2.173942749219185,MAP_PMU,61,0.02188732633289492
0,x_tcsc,1-14,-0.0978887765601201,5,-0.09777329508591238,MAP_PMU,61,0.00011548147420771537
1,B_svc,2,0.16829091586040063,5,0.16828454278680455,MAP_PMU,61,6.3730735960776386e-06
2,UPFC_Vsh,5-15,1.1088522711265443,5,1.1144410382484837,MAP_PMU,61,0.005588767121939453
3,UPFC_tsh,5-15,-0.24510452621644635,5,-0.24500253922089116,MAP_PMU,61,0.0001019869955551922
4,UPFC_Vse,5-15,0.06298189812392208,5,0.06196215457085772,MAP_PMU,61,0.0010197435530643548
5,UPFC_tse,5-15,-2.1921403507726156,5,-2.173942749219185,MAP_PMU,61,0.01819760155343042
0,x_tcsc,1-14,-0.09787114865102102,6,-0.09777329508591238,MAP_PMU,61,9.785356510863541e-05
1,B_svc,2,0.1681990758034878,6,0.16828454278680455,MAP_PMU,61,8.546698331673985e-05
2,UPFC_Vsh,5-15,1.108716042406003,6,1.1144410382484837,MAP_PMU,61,0.005724995842480762
3,UPFC_tsh,5-15,-0.24508558595093036,6,-0.24500253922089116,MAP_PMU,61,8.304673003919905e-05
4,UPFC_Vse,5-15,0.06234978418100038,6,0.06196215457085772,MAP_PMU,61,0.00038762961014265906
5,UPFC_tse,5-15,-2.1941569280275943,6,-2.173942749219185,MAP_PMU,61,0.020214178808409144
0,x_tcsc,1-14,-0.09784324749604688,7,-0.09777329508591238,MAP_PMU,61,6.995241013449394e-05
1,B_svc,2,0.16834601939841073,7,0.16828454278680455,MAP_PMU,61,6.147661160618711e-05
2,UPFC_Vsh,5-15,1.1087952879983103,7,1.1144410382484837,MAP_PMU,61,0.0056457502501734425
3,UPFC_tsh,5-15,-0.24495093200964357,7,-0.24500253922089116,MAP_PMU,61,5.160721124758405e-05
4,UPFC_Vse,5-15,0.062242238000550405,7,0.06196215457085772,MAP_PMU,61,0.0002800834296926846
5,UPFC_tse,5-15,-2.179198155739987,7,-2.173942749219185,MAP_PMU,61,0.00525540652080192
0,x_tcsc,1-14,-0.0979567538529869,8,-0.09777329508591238,MAP_PMU,61,0.00018345876707451247
1,B_svc,2,0.16835794491490325,8,0.16828454278680455,MAP_PMU,61,7.34021280986985e-05
2,UPFC_Vsh,5-15,1.108463041172603,8,1.1144410382484837,MAP_PMU,61,0.005977997075880648
3,UPFC_tsh,5-15,-0.24511307205469776,8,-0.24500253922089116,MAP_PMU,61,0.00011053283380660361
4,UPFC_Vse,5-15,0.06298797253716651,8,0.06196215457085772,MAP_PMU,61,0.0010258179663087882
5,UPFC_tse,5-15,-2.1935849298964363,8,-2.173942749219185,MAP_PMU,61,0.019642180677251098
0,x_tcsc,1-14,-0.09786463575358395,9,-0.09777329508591238,MAP_PMU,61,9.134066767156612e-05
1,B_svc,2,0.16820057530803365,9,0.16828454278680455,MAP_PMU,61,8.396747877090216e-05
2,UPFC_Vsh,5-15,1.1088000255654116,9,1.1144410382484837,MAP_PMU,61,0.005641012683072155
3,UPFC_tsh,5-15,-0.2450796572549698,9,-0.24500253922089116,MAP_PMU,61,7.71180340786437e-05
4,UPFC_Vse,5-15,0.062435541233145805,9,0.06196215457085772,MAP_PMU,61,0.00047338666228808474
5,UPFC_tse,5-15,-2.1927403506770067,9,-2.173942749219185,MAP_PMU,61,0.0187976014578215
0,x_tcsc,1-14,-0.09791057082792308,10,-0.09777329508591238,MAP_PMU,61,0.00013727574201069515
1,B_svc,2,0.16817148753608852,10,0.16828454278680455,MAP_PMU,61,0.00011305525071603206
2,UPFC_Vsh,5-15,1.1085712860422168,10,1.1144410382484837,MAP_PMU,61,0.005869752206266954
3,UPFC_tsh,5-15,-0.24500326987968754,10,-0.24500253922089116,MAP_PMU,61,7.306587963828992e-07
4,UPFC_Vse,5-15,0.0626403214676617,10,0.06196215457085772,MAP_PMU,61,0.0006781668968039792
5,UPFC_tse,5-15,-2.1781172303794016,10,-2.173942749219185,MAP_PMU,61,0.004174481160216459
0,x_tcsc,1-14,-0.09790925214583886,11,-0.09777329508591238,MAP_PMU,61,0.00013595705992647256
1,B_svc,2,0.16875650094970904,11,0.16828454278680455,MAP_PMU,61,0.00047195816290449
2,UPFC_Vsh,5-15,1.1084736704071307,11,1.1144410382484837,MAP_PMU,61,0.0059673678413529885
3,UPFC_tsh,5-15,-0.24512028083411508,11,-0.24500253922089116,MAP_PMU,61,0.00011774161322392063
4,UPFC_Vse,5-15,0.06283042839104416,11,0.06196215457085772,MAP_PMU,61,0.0008682738201864423
5,UPFC_tse,5-15,-2.1895774650405353,11,-2.173942749219185,MAP_PMU,61,0.01563471582135012
0,x_tcsc,1-14,-0.09792865675287525,12,-0.09777329508591238,MAP_PMU,61,0.00015536166696286657
1,B_svc,2,0.16819299731648696,12,0.16828454278680455,MAP_PMU,61,9.154547031758886e-05
2,UPFC_Vsh,5-15,1.1083227894349255,12,1.1144410382484837,MAP_PMU,61,0.006118248813558269
3,UPFC_tsh,5-15,-0.2451240129084503,12,-0.24500253922089116,MAP_PMU,61,0.00012147368755913157
4,UPFC_Vse,5-15,0.06364590769795579,12,0.06196215457085772,MAP_PMU,61,0.0016837531270980713
5,UPFC_tse,5-15,-2.19257210626401,12,-2.173942749219185,MAP_PMU,61,0.0186293570448246
0,x_tcsc,1-14,-0.09791342680049833,13,-0.09777329508591238,MAP_PMU,61,0.00014013171458594764
1,B_svc,2,0.16842366882880908,13,0.16828454278680455,MAP_PMU,61,0.00013912604200452816
2,UPFC_Vsh,5-15,1.1091551008626648,13,1.1144410382484837,MAP_PMU,61,0.005285937385818951
3,UPFC_tsh,5-15,-0.24500234515422892,13,-0.24500253922089116,MAP_PMU,61,1.9406666224019986e-07
4,UPFC_Vse,5-15,0.06205767646817906,13,0.06196215457085772,MAP_PMU,61,9.552189732133648e-05
5,UPFC_tse,5-15,-2.188623822450421,13,-2.173942749219185,MAP_PMU,61,0.014681073231235686
0,x_tcsc,1-14,-0.09789308440488141,14,-0.09777329508591238,MAP_PMU,61,0.00011978931896902689
1,B_svc,2,0.16814018094427366,14,0.16828454278680455,MAP_PMU,61,0.0001443618425308879
2,UPFC_Vsh,5-15,1.1087464247255958,14,1.1144410382484837,MAP_PMU,61,0.005694613522887915
3,UPFC_tsh,5-15,-0.24511501297024904,14,-0.24500253922089116,MAP_PMU,61,0.00011247374935788312
4,UPFC_Vse,5-15,0.06252708366933639,14,0.06196215457085772,MAP_PMU,61,0.0005649290984786684
5,UPFC_tse,5-15,-2.1937070604457176,14,-2.173942749219185,MAP_PMU,61,0.01976431122653244
0,x_tcsc,1-14,-0.09786643588245209,15,-0.09777329508591238,MAP_PMU,61,9.314079653970075e-05
1,B_svc,2,0.1680592669432108,15,0.16828454278680455,MAP_PMU,61,0.00022527584359374742
2,UPFC_Vsh,5-15,1.10840742311775,15,1.1144410382484837,MAP_PMU,61,0.006033615130733638
3,UPFC_tsh,5-15,-0.24522106176039002,15,-0.24500253922089116,MAP_PMU,61,0.00021852253949886102
4,UPFC_Vse,5-15,0.06292475572752895,15,0.06196215457085772,MAP_PMU,61,0.000962601156671232
5,UPFC_tse,5-15,-2.1953076885588247,15,-2.173942749219185,MAP_PMU,61,0.021364939339639566
0,x_tcsc,1-14,-0.09787531564008933,16,-0.09777329508591238,MAP_PMU,61,0.00010202055417694866
1,B_svc,2,0.1684029597741595,16,0.16828454278680455,MAP_PMU,61,0.00011841698735495787
2,UPFC_Vsh,5-15,1.1089647241912715,16,1.1144410382484837,MAP_PMU,61,0.005476314057212273
3,UPFC_tsh,5-15,-0.24502467174426862,16,-0.24500253922089116,MAP_PMU,61,2.2132523377460522e-05
4,UPFC_Vse,5-15,0.062170308850642675,16,0.06196215457085772,MAP_PMU,61,0.0002081542797849542
5,UPFC_tse,5-15,-2.1873049316780118,16,-2.173942749219185,MAP_PMU,61,0.013362182458826588
0,x_tcsc,1-14,-0.09792003350479679,17,-0.09777329508591238,MAP_PMU,61,0.00014673841888440675
1,B_svc,2,0.1684579393280897,17,0.16828454278680455,MAP_PMU,61,0.00017339654128514792
2,UPFC_Vsh,5-15,1.10894986227569,17,1.1144410382484837,MAP_PMU,61,0.005491175972793805
3,UPFC_tsh,5-15,-0.24507725113185,17,-0.24500253922089116,MAP_PMU,61,7.471191095884122e-05
4,UPFC_Vse,5-15,0.06322294940810853,17,0.06196215457085772,MAP_PMU,61,0.001260794837250813
5,UPFC_tse,5-15,-2.1881836684938585,17,-2.173942749219185,MAP_PMU,61,0.014240919274673303
0,x_tcsc,1-14,-0.09786199236496698,18,-0.09777329508591238,MAP_PMU,61,8.869727905459757e-05
1,B_svc,2,0.16816154763778868,18,0.16828454278680455,MAP_PMU,61,0.00012299514901586983
2,UPFC_Vsh,5-15,1.108496638486954,18,1.1144410382484837,MAP_PMU,61,0.005944399761529828
3,UPFC_tsh,5-15,-0.24516008134383144,18,-0.24500253922089116,MAP_PMU,61,0.00015754212294027958
4,UPFC_Vse,5-15,0.06310415167243266,18,0.06196215457085772,MAP_PMU,61,0.0011419971015749417
5,UPFC_tse,5-15,-2.20368405583577,18,-2.173942749219185,MAP_PMU,61,0.029741306616585028
0,x_tcsc,1-14,-0.09788611868952471,19,-0.09777329508591238,MAP_PMU,61,0.0001128236036123248
1,B_svc,2,0.16789130784661785,19,0.16828454278680455,MAP_PMU,61,0.0003932349401866986
2,UPFC_Vsh,5-15,1.108214399170877,19,1.1144410382484837,MAP_PMU,61,0.006226639077606677
3,UPFC_tsh,5-15,-0.24508455118007338,19,-0.24500253922089116,MAP_PMU,61,8.201195918222659e-05
4,UPFC_Vse,5-15,0.06288518989341747,19,0.06196215457085772,MAP_PMU,61,0.0009230353225597523
5,UPFC_tse,5-15,-2.1919470130592416,19,-2.173942749219185,MAP_PMU,61,0.018004263840056378
0,x_tcsc,1-14,-0.09787944233146441,20,-0.09777329508591238,MAP_PMU,61,0.00010614724555202404
1,B_svc,2,0.1685597459363046,20,0.16828454278680455,MAP_PMU,61,0.00027520314950005287
2,UPFC_Vsh,5-15,1.1089102101877784,20,1.1144410382484837,MAP_PMU,61,0.005530828060705373
3,UPFC_tsh,5-15,-0.24505999335874237,20,-0.24500253922089116,MAP_PMU,61,5.7454137851215004e-05
4,UPFC_Vse,5-15,0.06249747503271444,20,0.06196215457085772,MAP_PMU,61,0.0005353204618567184
5,UPFC_tse,5-15,-2.194573353509625,20,-2.173942749219185,MAP_PMU,61,0.020630604290439614
0,x_tcsc,1-14,-0.09791993831434041,21,-0.09777329508591238,MAP_PMU,61,0.00014664322842802835
1,B_svc,2,0.1686556578328184,21,0.16828454278680455,MAP_PMU,61,0.0003711150460138646
2,UPFC_Vsh,5-15,1.1091422001692026,21,1.1144410382484837,MAP_PMU,61,0.00529883807928111
3,UPFC_tsh,5-15,-0.24505167452913074,21,-0.24500253922089116,MAP_PMU,61,4.913530823957846e-05
4,UPFC_Vse,5-15,0.06252780478176716,21,0.06196215457085772,MAP_PMU,61,0.0005656502109094366
5,UPFC_tse,5-15,-2.192339499248879,21,-2.173942749219185,MAP_PMU,61,0.018396750029693987
0,x_tcsc,1-14,-0.09783661646669163,22,-0.09777329508591238,MAP_PMU,61,6.332138077924654e-05
1,B_svc,2,0.1680810339884188,22,0.16828454278680455,MAP_PMU,61,0.00020350879838573754
2,UPFC_Vsh,5-15,1.108783070685766,22,1.1144410382484837,MAP_PMU,61,0.005657967562717747
3,UPFC_tsh,5-15,-0.2450143375361243,22,-0.24500253922089116,MAP_PMU,61,1.1798315233152445e-05
4,UPFC_Vse,5-15,0.0625782004422751,22,0.06196215457085772,MAP_PMU,61,0.0006160458714173853
5,UPFC_tse,5-15,-2.1844918377980074,22,-2.173942749219185,MAP_PMU,61,0.010549088578822197
0,x_tcsc,1-14,-0.09795887755071665,23,-0.09777329508591238,MAP_PMU,61,0.0001855824648042681
1,B_svc,2,0.16878878830327665,23,0.16828454278680455,MAP_PMU,61,0.0005042455164721016
2,UPFC_Vsh,5-15,1.1084229491934654,23,1.1144410382484837,MAP_PMU,61,0.0060180890550183275
3,UPFC_tsh,5-15,-0.24512534351572912,23,-0.24500253922089116,MAP_PMU,61,0.00012280429483796373
4,UPFC_Vse,5-15,0.06289630368333325,23,0.06196215457085772,MAP_PMU,61,0.0009341491124755311
5,UPFC_tse,5-15,-2.1962928173560314,23,-2.173942749219185,MAP_PMU,61,0.022350068136846257
0,x_tcsc,1-14,-0.09791858460955014,24,-0.09777329508591238,MAP_PMU,61,0.00014528952363775105
1,B_svc,2,0.16862056128055555,24,0.16828454278680455,MAP_PMU,61,0.0003360184937510058
2,UPFC_Vsh,5-15,1.1087750488438146,24,1.1144410382484837,MAP_PMU,61,0.005665989404669114
3,UPFC_tsh,5-15,-0.24499274010353458,24,-0.24500253922089116,MAP_PMU,61,9.799117356573683e-06
4,UPFC_Vse,5-15,0.06290020806774393,24,0.06196215457085772,MAP_PMU,61,0.0009380534968862139
5,UPFC_tse,5-15,-2.1833696034117467,24,-2.173942749219185,MAP_PMU,61,0.009426854192561507
0,x_tcsc,1-14,-0.09789316902356442,25,-0.09777329508591238,MAP_PMU,61,0.00011987393765203191
1,B_svc,2,0.1685796182454697,25,0.16828454278680455,MAP_PMU,61,0.0002950754586651394
2,UPFC_Vsh,5-15,1.1089160911155267,25,1.1144410382484837,MAP_PMU,61,0.0055249471329570365
3,UPFC_tsh,5-15,-0.2450871763512727,25,-0.24500253922089116,MAP_PMU,61,8.463713038153742e-05
4,UPFC_Vse,5-15,0.06251469463898947,25,0.06196215457085772,MAP_PMU,61,0.0005525400681317474
5,UPFC_tse,5-15,-2.190633775658634,25,-2.173942749219185,MAP_PMU,61,0.016691026439448642
0,x_tcsc,1-14,-0.09785037248735132,26,-0.09777329508591238,MAP_PMU,61,7.707740143893249e-05
1,B_svc,2,0.16861255825416474,26,0.16828454278680455,MAP_PMU,61,0.00032801546736019316
2,UPFC_Vsh,5-15,1.1085473503635346,26,1.1144410382484837,MAP_PMU,61,0.00589368788494915
3,UPFC_tsh,5-15,-0.24503764347346021,26,-0.24500253922089116,MAP_PMU,61,3.5104252569057026e-05
4,UPFC_Vse,5-15,0.06254022886096924,26,0.06196215457085772,MAP_PMU,61,0.000578074290111523
5,UPFC_tse,5-15,-2.19220809268069,26,-2.173942749219185,MAP_PMU,61,0.01826534346150499
0,x_tcsc,1-14,-0.0978523982846738,27,-0.09777329508591238,MAP_PMU,61,7.910319876142102e-05
1,B_svc,2,0.1683227021723515,27,0.16828454278680455,MAP_PMU,61,3.8159385546965296e-05
2,UPFC_Vsh,5-15,1.1087172780945567,27,1.1144410382484837,MAP_PMU,61,0.00572376015392706
3,UPFC_tsh,5-15,-0.2451113472129504,27,-0.24500253922089116,MAP_PMU,61,0.00010880799205922886
4,UPFC_Vse,5-15,0.06246437531428407,27,0.06196215457085772,MAP_PMU,61,0.0005022207434263459
5,UPFC_tse,5-15,-2.192946290446541,27,-2.173942749219185,MAP_PMU,61,0.019003541227355925
0,x_tcsc,1-14,-0.09787289900572439,28,-0.09777329508591238,MAP_PMU,61,9.9603919812008e-05
1,B_svc,2,0.16813202187021822,28,0.16828454278680455,MAP_PMU,61,0.00015252091658632394
2,UPFC_Vsh,5-15,1.1085942853496098,28,1.1144410382484837,MAP_PMU,61,0.00584675289887393
3,UPFC_tsh,5-15,-0.24510260137894782,28,-0.24500253922089116,MAP_PMU,61,0.00010006215805666296
4,UPFC_Vse,5-15,0.06284002158796724,28,0.06196215457085772,MAP_PMU,61,0.0008778670171095196
5,UPFC_tse,5-15,-2.2040940473616715,28,-2.173942749219185,MAP_PMU,61,0.030151298142486294
0,x_tcsc,1-14,-0.09797635108172334,29,-0.09777329508591238,MAP_PMU,61,0.00020305599581095513
1,B_svc,2,0.16817604118807705,29,0.16828454278680455,MAP_PMU,61,0.0001085015987274951
2,UPFC_Vsh,5-15,1.1085708234291132,29,1.1144410382484837,MAP_PMU,61,0.005870214819370556
3,UPFC_tsh,5-15,-0.24505123859027125,29,-0.24500253922089116,MAP_PMU,61,4.8699369380095225e-05
4,UPFC_Vse,5-15,0.06260532912281323,29,0.06196215457085772,MAP_PMU,61,0.0006431745519555124
5,UPFC_tse,5-15,-2.189152458851247,29,-2.173942749219185,MAP_PMU,61,0.01520970963206203
0,x_tcsc,1-14,-0.09787848584883654,30,-0.09777329508591238,MAP_PMU,61,0.00010519076292415941
1,B_svc,2,0.16837666356599426,30,0.16828454278680455,MAP_PMU,61,9.212077918971384e-05
2,UPFC_Vsh,5-15,1.1089675811813335,30,1.1144410382484837,MAP_PMU,61,0.005473457067150189
3,UPFC_tsh,5-15,-0.24507780322944922,30,-0.24500253922089116,MAP_PMU,61,7.526400855806248e-05
4,UPFC_Vse,5-15,0.06317450292320759,30,0.06196215457085772,MAP_PMU,61,0.0012123483523498665
5,UPFC_tse,5-15,-2.1901443541222094,30,-2.173942749219185,MAP_PMU,61,0.016201604903024247
0,x_tcsc,1-14,-0.09784479749526828,31,-0.09777329508591238,MAP_PMU,61,7.150240935589747e-05
1,B_svc,2,0.1682666339636703,31,0.16828454278680455,MAP_PMU,61,1.790882313423836e-05
2,UPFC_Vsh,5-15,1.1083582925427153,31,1.1144410382484837,MAP_PMU,61,0.006082745705768389
3,UPFC_tsh,5-15,-0.24514527934546407,31,-0.24500253922089116,MAP_PMU,61,0.00014274012457290985
4,UPFC_Vse,5-15,0.06281189433404522,31,0.06196215457085772,MAP_PMU,61,0.0008497397631874945
5,UPFC_tse,5-15,-2.1930381332210738,31,-2.173942749219185,MAP_PMU,61,0.019095384001888593
0,x_tcsc,1-14,-0.09787754128845579,32,-0.09777329508591238,MAP_PMU,61,0.000104246202543401
1,B_svc,2,0.16854855436287342,32,0.16828454278680455,MAP_PMU,61,0.0002640115760688677
2,UPFC_Vsh,5-15,1.1089763243054735,32,1.1144410382484837,MAP_PMU,61,0.00546471394301018
3,UPFC_tsh,5-15,-0.24504691186213148,32,-0.24500253922089116,MAP_PMU,61,4.437264124032558e-05
4,UPFC_Vse,5-15,0.06292626877644049,32,0.06196215457085772,MAP_PMU,61,0.0009641142055827681
5,UPFC_tse,5-15,-2.188581052420374,32,-2.173942749219185,MAP_PMU,61,0.014638303201188752
0,x_tcsc,1-14,-0.09787937278228273,33,-0.09777329508591238,MAP_PMU,61,0.00010607769637034636
1,B_svc,2,0.16805538752227445,33,0.16828454278680455,MAP_PMU,61,0.00022915526453010093
2,UPFC_Vsh,5-15,1.1087793429972699,33,1.1144410382484837,MAP_PMU,61,0.00566169525121385
3,UPFC_tsh,5-15,-0.245051935073658,33,-0.24500253922089116,MAP_PMU,61,4.9395852766837e-05
4,UPFC_Vse,5-15,0.06241018881302825,33,0.06196215457085772,MAP_PMU,61,0.0004480342421705266
5,UPFC_tse,5-15,-2.188713542372616,33,-2.173942749219185,MAP_PMU,61,0.014770793153430883
0,x_tcsc,1-14,-0.09786697746052408,34,-0.09777329508591238,MAP_PMU,61,9.368237461170048e-05
1,B_svc,2,0.16844199890904882,34,0.16828454278680455,MAP_PMU,61,0.00015745612224427052
2,UPFC_Vsh,5-15,1.1087707782450364,34,1.1144410382484837,MAP_PMU,61,0.0056702600034472805
3,UPFC_tsh,5-15,-0.24506999782913297,34,-0.24500253922089116,MAP_PMU,61,6.745860824181049e-05
4,UPFC_Vse,5-15,0.063101134050912,34,0.06196215457085772,MAP_PMU,61,0.0011389794800542793
5,UPFC_tse,5-15,-2.1903459634201585,34,-2.173942749219185,MAP_PMU,61,0.01640321420097335
0,x_tcsc,1-14,-0.09786308432397428,35,-0.09777329508591238,MAP_PMU,61,8.978923806189643e-05
1,B_svc,2,0.16877629108527825,35,0.16828454278680455,MAP_PMU,61,0.0004917482984737043
2,UPFC_Vsh,5-15,1.10839911801763,35,1.1144410382484837,MAP_PMU,61,0.0060419202308537034
3,UPFC_tsh,5-15,-0.24508853541657896,35,-0.24500253922089116,MAP_PMU,61,8.599619568780414e-05
4,UPFC_Vse,5-15,0.0630100053278293,35,0.06196215457085772,MAP_PMU,61,0.0010478507569715786
5,UPFC_tse,5-15,-2.1977419425622493,35,-2.173942749219185,MAP_PMU,61,0.02379919334306413
0,x_tcsc,1-14,-0.09791720024987502,36,-0.09777329508591238,MAP_PMU,61,0.00014390516396263486
1,B_svc,2,0.1683258203306521,36,0.16828454278680455,MAP_PMU,61,4.127754384755655e-05
2,UPFC_Vsh,5-15,1.1090949786916753,36,1.1144410382484837,MAP_PMU,61,0.005346059556808447
3,UPFC_tsh,5-15,-0.24504975663495102,36,-0.24500253922089116,MAP_PMU,61,4.721741405985802e-05
4,UPFC_Vse,5-15,0.06259530170882072,36,0.06196215457085772,MAP_PMU,61,0.0006331471379629958
5,UPFC_tse,5-15,-2.1948084944385586,36,-2.173942749219185,MAP_PMU,61,0.020865745219373455
0,x_tcsc,1-14,-0.09790673317337116,37,-0.09777329508591238,MAP_PMU,61,0.00013343808745877594
1,B_svc,2,0.16788515798434403,37,0.16828454278680455,MAP_PMU,61,0.00039938480246051733
2,UPFC_Vsh,5-15,1.109198774964134,37,1.1144410382484837,MAP_PMU,61,0.005242263284349624
3,UPFC_tsh,5-15,-0.24503778651060815,37,-0.24500253922089116,MAP_PMU,61,3.524728971698865e-05
4,UPFC_Vse,5-15,0.06227931635091219,37,0.06196215457085772,MAP_PMU,61,0.00031716178005446877
5,UPFC_tse,5-15,-2.1891924128231226,37,-2.173942749219185,MAP_PMU,61,0.015249663603937424
0,x_tcsc,1-14,-0.09794524715837509,38,-0.09777329508591238,MAP_PMU,61,0.0001719520724627055
1,B_svc,2,0.16767158226195322,38,0.16828454278680455,MAP_PMU,61,0.0006129605248513248
2,UPFC_Vsh,5-15,1.1088617505253733,38,1.1144410382484837,MAP_PMU,61,0.005579287723110449
3,UPFC_tsh,5-15,-0.2450546589661569,38,-0.24500253922089116,MAP_PMU,61,5.2119745265755135e-05
4,UPFC_Vse,5-15,0.062377668105393934,38,0.06196215457085772,MAP_PMU,61,0.0004155135345362132
5,UPFC_tse,5-15,-2.185422146862722,38,-2.173942749219185,MAP_PMU,61,0.011479397643536782
0,x_tcsc,1-14,-0.0979995245357772,39,-0.09777329508591238,MAP_PMU,61,0.0002262294498648204
1,B_svc,2,0.16824827209143095,39,0.16828454278680455,MAP_PMU,61,3.627069537359695e-05
2,UPFC_Vsh,5-15,1.108420338548207,39,1.1144410382484837,MAP_PMU,61,0.006020699700276744
3,UPFC_tsh,5-15,-0.24510030362138818,39,-0.24500253922089116,MAP_PMU,61,9.776440049702462e-05
4,UPFC_Vse,5-15,0.06260973736787864,39,0.06196215457085772,MAP_PMU,61,0.0006475827970209222
5,UPFC_tse,5-15,-2.190416705297801,39,-2.173942749219185,MAP_PMU,61,0.016473956078615792
0,x_tcsc,1-14,-0.0978893364806573,40,-0.09777329508591238,MAP_PMU,61,0.0001160413947449146
1,B_svc,2,0.1676889026021839,40,0.16828454278680455,MAP_PMU,61,0.0005956401846206605
2,UPFC_Vsh,5-15,1.1085017752643582,40,1.1144410382484837,MAP_PMU,61,0.005939262984125504
3,UPFC_tsh,5-15,-0.24514500556229296,40,-0.24500253922089116,MAP_PMU,61,0.00014246634140180348
4,UPFC_Vse,5-15,0.06278593440782053,40,0.06196215457085772,MAP_PMU,61,0.0008237798369628083
5,UPFC_tse,5-15,-2.1970967129805787,40,-2.173942749219185,MAP_PMU,61,0.02315396376139356
0,x_tcsc,1-14,-0.09789019702559011,41,-0.09777329508591238,MAP_PMU,61,0.00011690193967772711
1,B_svc,2,0.16839247599644142,41,0.16828454278680455,MAP_PMU,61,0.00010793320963686792
2,UPFC_Vsh,5-15,1.1087720228004945,41,1.1144410382484837,MAP_PMU,61,0.005669015447989256
3,UPFC_tsh,5-15,-0.24513898851412907,41,-0.24500253922089116,MAP_PMU,61,0.00013644929323791688
4,UPFC_Vse,5-15,0.06329860554402408,41,0.06196215457085772,MAP_PMU,61,0.001336450973166363
5,UPFC_tse,5-15,-2.1982366380354117,41,-2.173942749219185,MAP_PMU,61,0.024293888816226517
0,x_tcsc,1-14,-0.09790417102312761,42,-0.09777329508591238,MAP_PMU,61,0.00013087593721522461
1,B_svc,2,0.16808589641502292,42,0.16828454278680455,MAP_PMU,61,0.00019864637178163003
2,UPFC_Vsh,5-15,1.1087449982129012,42,1.1144410382484837,MAP_PMU,61,0.00569604003558255
3,UPFC_tsh,5-15,-0.24500629192308446,42,-0.24500253922089116,MAP_PMU,61,3.752702193299262e-06
4,UPFC_Vse,5-15,0.062181359973192636,42,0.06196215457085772,MAP_PMU,61,0.00021920540233491548
5,UPFC_tse,5-15,-2.189609945107075,42,-2.173942749219185,MAP_PMU,61,0.015667195887890006
0,x_tcsc,1-14,-0.09791585552509259,43,-0.09777329508591238,MAP_PMU,61,0.000142560439180206
1,B_svc,2,0.1683492953859246,43,0.16828454278680455,MAP_PMU,61,6.475259912006037e-05
2,UPFC_Vsh,5-15,1.1087148918662248,43,1.1144410382484837,MAP_PMU,61,0.005726146382258879
3,UPFC_tsh,5-15,-0.2451079435249245,43,-0.24500253922089116,MAP_PMU,61,0.00010540430403332968
4,UPFC_Vse,5-15,0.06319474010587096,43,0.06196215457085772,MAP_PMU,61,0.0012325855350132434
5,UPFC_tse,5-15,-2.1953963382370585,43,-2.173942749219185,MAP_PMU,61,0.02145358901787331
0,x_tcsc,1-14,-0.09786547726074753,44,-0.09777329508591238,MAP_PMU,61,9.218217483514257e-05
1,B_svc,2,0.1687628137592469,44,0.16828454278680455,MAP_PMU,61,0.00047827097244235173
2,UPFC_Vsh,5-15,1.1087246474478578,44,1.1144410382484837,MAP_PMU,61,0.0057163908006259145
3,UPFC_tsh,5-15,-0.24503862939702542,44,-0.24500253922089116,MAP_PMU,61,3.6090176134262464e-05
4,UPFC_Vse,5-15,0.06325392630579789,44,0.06196215457085772,MAP_PMU,61,0.0012917717349401683
5,UPFC_tse,5-15,-2.184934165327204,44,-2.173942749219185,MAP_PMU,61,0.010991416108018903
0,x_tcsc,1-14,-0.09788971766751664,45,-0.09777329508591238,MAP_PMU,61,0.00011642258160425578
1,B_svc,2,0.1685542263015168,45,0.16828454278680455,MAP_PMU,61,0.0002696835147122656
2,UPFC_Vsh,5-15,1.108994031488543,45,1.1144410382484837,MAP_PMU,61,0.005447006759940809
3,UPFC_tsh,5-15,-0.24506091371578592,45,-0.24500253922089116,MAP_PMU,61,5.8374494894763984e-05
4,UPFC_Vse,5-15,0.06296689625844037,45,0.06196215457085772,MAP_PMU,61,0.001004741687582654
5,UPFC_tse,5-15,-2.1940381510489426,45,-2.173942749219185,MAP_PMU,61,0.020095401829757442
0,x_tcsc,1-14,-0.09789636672079371,46,-0.09777329508591238,MAP_PMU,61,0.00012307163488133044
1,B_svc,2,0.1682623916566327,46,0.16828454278680455,MAP_PMU,61,2.2151130171843558e-05
2,UPFC_Vsh,5-15,1.1088558755858389,46,1.1144410382484837,MAP_PMU,61,0.00558516266264486
3,UPFC_tsh,5-15,-0.2450446154065655,46,-0.24500253922089116,MAP_PMU,61,4.207618567433902e-05
4,UPFC_Vse,5-15,0.06282317424674119,46,0.06196215457085772,MAP_PMU,61,0.0008610196758834718
5,UPFC_tse,5-15,-2.18745639861563,46,-2.173942749219185,MAP_PMU,61,0.013513649396444727
0,x_tcsc,1-14,-0.09790269160583218,47,-0.09777329508591238,MAP_PMU,61,0.00012939651991979162
1,B_svc,2,0.1682135778173205,47,0.16828454278680455,MAP_PMU,61,7.096496948405528e-05
2,UPFC_Vsh,5-15,1.1087498453065545,47,1.1144410382484837,MAP_PMU,61,0.005691192941929213
3,UPFC_tsh,5-15,-0.2451049826983882,47,-0.24500253922089116,MAP_PMU,61,0.00010244347749704952
4,UPFC_Vse,5-15,0.06254132892370977,47,0.06196215457085772,MAP_PMU,61,0.0005791743528520479
5,UPFC_tse,5-15,-2.197691406349927,47,-2.173942749219185,MAP_PMU,61,0.0237486571307417
0,x_tcsc,1-14,-0.09795394348812116,48,-0.09777329508591238,MAP_PMU,61,0.00018064840220877176
1,B_svc,2,0.16813013999785445,48,0.16828454278680455,MAP_PMU,61,0.00015440278895009762
2,UPFC_Vsh,5-15,1.1088776008559678,48,1.1144410382484837,MAP_PMU,61,0.005563437392515969
3,UPFC_tsh,5-15,-0.2450525085010735,48,-0.24500253922089116,MAP_PMU,61,4.99692801823326e-05
4,UPFC_Vse,5-15,0.06224752417365397,48,0.06196215457085772,MAP_PMU,61,0.000285369602796251
5,UPFC_tse,5-15,-2.194302166176937,48,-2.173942749219185,MAP_PMU,61,0.020359416957751897
0,x_tcsc,1-14,-0.09785033348492637,49,-0.09777329508591238,MAP_PMU,61,7.703839901399001e-05
1,B_svc,2,0.16863806268817264,49,0.16828454278680455,MAP_PMU,61,0.00035351990136808786
2,UPFC_Vsh,5-15,1.108654817003792,49,1.1144410382484837,MAP_PMU,61,0.005786221244691747
3,UPFC_tsh,5-15,-0.24507399077650524,49,-0.24500253922089116,MAP_PMU,61,7.145155561408267e-05
4,UPFC_Vse,5-15,0.06231791517934702,49,0.06196215457085772,MAP_PMU,61,0.00035576060848929725
5,UPFC_tse,5-15,-2.192500118042604,49,-2.173942749219185,MAP_PMU,61,0.01855736882341885
0,x_tcsc,1-14,-0.0978693777411364,50,-0.09777329508591238,MAP_PMU,61,9.608265522401127e-05
1,B_svc,2,0.16815676460747944,50,0.16828454278680455,MAP_PMU,61,0.00012777817932510538
2,UPFC_Vsh,5-15,1.1084928454747758,50,1.1144410382484837,MAP_PMU,61,0.00594819277370795
3,UPFC_tsh,5-15,-0.2450541729894274,50,-0.24500253922089116,MAP_PMU,61,5.163376853623003e-05
4,UPFC_Vse,5-15,0.06323203316570468,50,0.06196215457085772,MAP_PMU,61,0.0012698785948469585
5,UPFC_tse,5-15,-2.1921085867117953,50,-2.173942749219185,MAP_PMU,61,0.018165837492610137
0,x_tcsc,1-14,-0.097899205849206,51,-0.09777329508591238,MAP_PMU,61,0.00012591076329361572
1,B_svc,2,0.1684052465526645,51,0.16828454278680455,MAP_PMU,61,0.00012070376585995857
2,UPFC_Vsh,5-15,1.1091781111779446,51,1.1144410382484837,MAP_PMU,61,0.005262927070539103
3,UPFC_tsh,5-15,-0.24501550887071324,51,-0.24500253922089116,MAP_PMU,61,1.2969649822086593e-05
4,UPFC_Vse,5-15,0.06261244649931257,51,0.06196215457085772,MAP_PMU,61,0.000650291928454845
5,UPFC_tse,5-15,-2.1832453944907937,51,-2.173942749219185,MAP_PMU,61,0.009302645271608512
0,x_tcsc,1-14,-0.09787396051069996,52,-0.09777329508591238,MAP_PMU,61,0.0001006654247875799
1,B_svc,2,0.16881328686686276,52,0.16828454278680455,MAP_PMU,61,0.0005287440800582077
2,UPFC_Vsh,5-15,1.108673781253357,52,1.1144410382484837,MAP_PMU,61,0.005767256995126813
3,UPFC_tsh,5-15,-0.24509310157767408,52,-0.24500253922089116,MAP_PMU,61,9.056235678292501e-05
4,UPFC_Vse,5-15,0.06295367251441603,52,0.06196215457085772,MAP_PMU,61,0.0009915179435583052
5,UPFC_tse,5-15,-2.189134441795292,52,-2.173942749219185,MAP_PMU,61,0.015191692576106863
0,x_tcsc,1-14,-0.0978643678599443,53,-0.09777329508591238,MAP_PMU,61,9.107277403191949e-05
1,B_svc,2,0.16811147456378192,53,0.16828454278680455,MAP_PMU,61,0.0001730682230226266
2,UPFC_Vsh,5-15,1.1088673606136967,53,1.1144410382484837,MAP_PMU,61,0.005573677634787
3,UPFC_tsh,5-15,-0.24501277668967025,53,-0.24500253922089116,MAP_PMU,61,1.0237468779095149e-05
4,UPFC_Vse,5-15,0.06274512533144758,53,0.06196215457085772,MAP_PMU,61,0.0007829707605898559
5,UPFC_tse,5-15,-2.186384109332652,53,-2.173942749219185,MAP_PMU,61,0.01244136011346697
0,x_tcsc,1-14,-0.09794045026340767,54,-0.09777329508591238,MAP_PMU,61,0.00016715517749528452
1,B_svc,2,0.16843867060727202,54,0.16828454278680455,MAP_PMU,61,0.00015412782046747564
2,UPFC_Vsh,5-15,1.1089046440601975,54,1.1144410382484837,MAP_PMU,61,0.00553639418828622
3,UPFC_tsh,5-15,-0.24506004432284859,54,-0.24500253922089116,MAP_PMU,61,5.750510195742797e-05
4,UPFC_Vse,5-15,0.062953642460724,54,0.06196215457085772,MAP_PMU,61,0.000991487889866284
5,UPFC_tse,5-15,-2.1977878208480703,54,-2.173942749219185,MAP_PMU,61,0.02384507162888516
0,x_tcsc,1-14,-0.0978952408678918,55,-0.09777329508591238,MAP_PMU,61,0.00012194578197941008
1,B_svc,2,0.16871431347929608,55,0.16828454278680455,MAP_PMU,61,0.0004297706924915323
2,UPFC_Vsh,5-15,1.108898647241229,55,1.1144410382484837,MAP_PMU,61,0.005542391007254732
3,UPFC_tsh,5-15,-0.24511159976205676,55,-0.24500253922089116,MAP_PMU,61,0.00010906054116560648
4,UPFC_Vse,5-15,0.06311598402555077,55,0.06196215457085772,MAP_PMU,61,0.0011538294546930492
5,UPFC_tse,5-15,-2.1954271719565566,55,-2.173942749219185,MAP_PMU,61,0.02148442273737139
0,x_tcsc,1-14,-0.09798187544249924,56,-0.09777329508591238,MAP_PMU,61,0.00020858035658685714
1,B_svc,2,0.1686724891525507,56,0.16828454278680455,MAP_PMU,61,0.0003879463657461557
2,UPFC_Vsh,5-15,1.108293963432081,56,1.1144410382484837,MAP_PMU,61,0.006147074816402753
3,UPFC_tsh,5-15,-0.24510118448075174,56,-0.24500253922089116,MAP_PMU,61,9.864525986058581e-05
4,UPFC_Vse,5-15,0.062455386352562856,56,0.06196215457085772,MAP_PMU,61,0.0004932317817051349
5,UPFC_tse,5-15,-2.192381570588079,56,-2.173942749219185,MAP_PMU,61,0.018438821368893965
0,x_tcsc,1-14,-0.097900003648057,57,-0.09777329508591238,MAP_PMU,61,0.0001267085621446118
1,B_svc,2,0.16855021384172153,57,0.16828454278680455,MAP_PMU,61,0.00026567105491698273
2,UPFC_Vsh,5-15,1.1088067426419415,57,1.1144410382484837,MAP_PMU,61,0.005634295606542272
3,UPFC_tsh,5-15,-0.24507190247699717,57,-0.24500253922089116,MAP_PMU,61,6.936325610601424e-05
4,UPFC_Vse,5-15,0.06222594897478877,57,0.06196215457085772,MAP_PMU,61,0.0002637944039310461
5,UPFC_tse,5-15,-2.1852480843914366,57,-2.173942749219185,MAP_PMU,61,0.011305335172251407
0,x_tcsc,1-14,-0.09795111316067187,58,-0.09777329508591238,MAP_PMU,61,0.00017781807475948652
1,B_svc,2,0.1682371245079983,58,0.16828454278680455,MAP_PMU,61,4.741827880624938e-05
2,UPFC_Vsh,5-15,1.1088714122078644,58,1.1144410382484837,MAP_PMU,61,0.00556962604061928
3,UPFC_tsh,5-15,-0.24499267473670056,58,-0.24500253922089116,MAP_PMU,61,9.864484190602596e-06
4,UPFC_Vse,5-15,0.06259908353404371,58,0.06196215457085772,MAP_PMU,61,0.0006369289631859912
5,UPFC_tse,5-15,-2.179886591197305,58,-2.173942749219185,MAP_PMU,61,0.005943841978119924
0,x_tcsc,1-14,-0.09796655422241397,59,-0.09777329508591238,MAP_PMU,61,0.000193259136501589
1,B_svc,2,0.16817473106743977,59,0.16828454278680455,MAP_PMU,61,0.0001098117193647774
2,UPFC_Vsh,5-15,1.1088036096319824,59,1.1144410382484837,MAP_PMU,61,0.005637428616501294
3,UPFC_tsh,5-15,-0.24512235960845455,59,-0.24500253922089116,MAP_PMU,61,0.00011982038756339075
4,UPFC_Vse,5-15,0.06260153944767469,59,0.06196215457085772,MAP_PMU,61,0.000639384876816966
5,UPFC_tse,5-15,-2.198737107580878,59,-2.173942749219185,MAP_PMU,61,0.024794358361692748
0,x_tcsc,1-14,-0.09788656851172363,60,-0.09777329508591238,MAP_PMU,61,0.00011327342581124444
1,B_svc,2,0.16867994587886403,60,0.16828454278680455,MAP_PMU,61,0.00039540309205948754
2,UPFC_Vsh,5-15,1.109064956990936,60,1.1144410382484837,MAP_PMU,61,0.005376081257547627
3,UPFC_tsh,5-15,-0.24498249299887084,60,-0.24500253922089116,MAP_PMU,61,2.0046222020314586e-05
4,UPFC_Vse,5-15,0.062174514417119915,60,0.06196215457085772,MAP_PMU,61,0.0002123598462621945
5,UPFC_tse,5-15,-2.1852887892029327,60,-2.173942749219185,MAP_PMU,61,0.011346039983747502
0,x_tcsc,1-14,-0.09793546309276407,61,-0.09777329508591238,MAP_PMU,61,0.00016216800685169008
1,B_svc,2,0.16830109259853937,61,0.16828454278680455,MAP_PMU,61,1.654981173482284e-05
2,UPFC_Vsh,5-15,1.108649807111266,61,1.1144410382484837,MAP_PMU,61,0.0057912311372176895
3,UPFC_tsh,5-15,-0.24500980090838176,61,-0.24500253922089116,MAP_PMU,61,7.261687490600632e-06
4,UPFC_Vse,5-15,0.06275576643534635,61,0.06196215457085772,MAP_PMU,61,0.0007936118644886261
5,UPFC_tse,5-15,-2.187666478246424,61,-2.173942749219185,MAP_PMU,61,0.013723729027238729
0,x_tcsc,1-14,-0.09787376991798939,62,-0.09777329508591238,MAP_PMU,61,0.00010047483207700769
1,B_svc,2,0.16790191194597337,62,0.16828454278680455,MAP_PMU,61,0.0003826308408311774
2,UPFC_Vsh,5-15,1.1087055807691109,62,1.1144410382484837,MAP_PMU,61,0.005735457479372874
3,UPFC_tsh,5-15,-0.2450794764122097,62,-0.24500253922089116,MAP_PMU,61,7.693719131854349e-05
4,UPFC_Vse,5-15,0.06268575329864151,62,0.06196215457085772,MAP_PMU,61,0.0007235987277837905
5,UPFC_tse,5-15,-2.1988118031148924,62,-2.173942749219185,MAP_PMU,61,0.02486905389570726
0,x_tcsc,1-14,-0.09791903849713655,63,-0.09777329508591238,MAP_PMU,61,0.00014574341122416956
1,B_svc,2,0.16810736097219917,63,0.16828454278680455,MAP_PMU,61,0.00017718181460538163
2,UPFC_Vsh,5-15,1.1088150802632386,63,1.1144410382484837,MAP_PMU,61,0.0056259579852451225
3,UPFC_tsh,5-15,-0.2450320640376128,63,-0.24500253922089116,MAP_PMU,61,2.952481672163776e-05
4,UPFC_Vse,5-15,0.06230502470217446,63,0.06196215457085772,MAP_PMU,61,0.0003428701313167373
5,UPFC_tse,5-15,-2.190658825949934,63,-2.173942749219185,MAP_PMU,61,0.01671607673074904
0,x_tcsc,1-14,-0.0978264953605158,64,-0.09777329508591238,MAP_PMU,61,5.32002746034127e-05
1,B_svc,2,0.16821460241569816,64,0.16828454278680455,MAP_PMU,61,6.994037110638618e-05
2,UPFC_Vsh,5-15,1.1085069722182994,64,1.1144410382484837,MAP_PMU,61,0.005934066030184315
3,UPFC_tsh,5-15,-0.24504941513512996,64,-0.24500253922089116,MAP_PMU,61,4.6875914238797556e-05
4,UPFC_Vse,5-15,0.06256274039372799,64,0.06196215457085772,MAP_PMU,61,0.0006005858228702657
5,UPFC_tse,5-15,-2.195645988140084,64,-2.173942749219185,MAP_PMU,61,0.02170323892089865
0,x_tcsc,1-14,-0.09791853092127306,65,-0.09777329508591238,MAP_PMU,61,0.00014523583536067697
1,B_svc,2,0.1685796023633371,65,0.16828454278680455,MAP_PMU,61,0.0002950595765325581
2,UPFC_Vsh,5-15,1.1089499945233712,65,1.1144410382484837,MAP_PMU,61,0.005491043725112554
3,UPFC_tsh,5-15,-0.24502447565961777,65,-0.24500253922089116,MAP_PMU,61,2.1936438726610774e-05
4,UPFC_Vse,5-15,0.06252741613786142,65,0.06196215457085772,MAP_PMU,61,0.0005652615670036984
5,UPFC_tse,5-15,-2.1931436831937416,65,-2.173942749219185,MAP_PMU,61,0.019200933974556467
0,x_tcsc,1-14,-0.09788821389431396,66,-0.09777329508591238,MAP_PMU,61,0.00011491880840157342
1,B_svc,2,0.16837871008472477,66,0.16828454278680455,MAP_PMU,61,9.416729792022238e-05
2,UPFC_Vsh,5-15,1.1087603713496281,66,1.1144410382484837,MAP_PMU,61,0.005680666898855602
3,UPFC_tsh,5-15,-0.2450071433914021,66,-0.24500253922089116,MAP_PMU,61,4.6041705109300946e-06
4,UPFC_Vse,5-15,0.06276809966270798,66,0.06196215457085772,MAP_PMU,61,0.0008059450918502589
5,UPFC_tse,5-15,-2.181436824261137,66,-2.173942749219185,MAP_PMU,61,0.007494075041951653
0,x_tcsc,1-14,-0.0978929717357685,67,-0.09777329508591238,MAP_PMU,61,0.00011967664985611248
1,B_svc,2,0.16842494136799374,67,0.16828454278680455,MAP_PMU,61,0.0001403985811891939
2,UPFC_Vsh,5-15,1.1085419538335288,67,1.1144410382484837,MAP_PMU,61,0.005899084414954903
3,UPFC_tsh,5-15,-0.24500297074997118,67,-0.24500253922089116,MAP_PMU,61,4.315290800249727e-07
4,UPFC_Vse,5-15,0.06254020873969489,67,0.06196215457085772,MAP_PMU,61,0.0005780541688371679
5,UPFC_tse,5-15,-2.182379392589122,67,-2.173942749219185,MAP_PMU,61,0.008436643369936991
0,x_tcsc,1-14,-0.09786243014970415,68,-0.09777329508591238,MAP_PMU,61,8.913506379176761e-05
1,B_svc,2,0.16852615845006363,68,0.16828454278680455,MAP_PMU,61,0.00024161566325908712
2,UPFC_Vsh,5-15,1.1088384107010525,68,1.1144410382484837,MAP_PMU,61,0.005602627547431238
3,UPFC_tsh,5-15,-0.24507074461441206,68,-0.24500253922089116,MAP_PMU,61,6.820539352089816e-05
4,UPFC_Vse,5-15,0.06195057971662592,68,0.06196215457085772,MAP_PMU,61,1.1574854231803655e-05
5,UPFC_tse,5-15,-2.182623020866233,68,-2.173942749219185,MAP_PMU,61,0.008680271647047988
0,x_tcsc,1-14,-0.09786367177784239,69,-0.09777329508591238,MAP_PMU,61,9.037669193000253e-05
1,B_svc,2,0.16819715898620033,69,0.16828454278680455,MAP_PMU,61,8.738380060421824e-05
2,UPFC_Vsh,5-15,1.1090344697282348,69,1.1144410382484837,MAP_PMU,61,0.0054065685202489
3,UPFC_tsh,5-15,-0.2450153707705506,69,-0.24500253922089116,MAP_PMU,61,1.2831549659447772e-05
4,UPFC_Vse,5-15,0.06197940099686836,69,0.06196215457085772,MAP_PMU,61,1.724642601064197e-05
5,UPFC_tse,5-15,-2.1895940245901424,69,-2.173942749219185,MAP_PMU,61,0.01565127537095723
0,x_tcsc,1-14,-0.09786965238484617,70,-0.09777329508591238,MAP_PMU,61,9.635729893378575e-05
1,B_svc,2,0.16783229239905445,70,0.16828454278680455,MAP_PMU,61,0.0004522503877500972
2,UPFC_Vsh,5-15,1.1090011983470134,70,1.1144410382484837,MAP_PMU,61,0.005439839901470345
3,UPFC_tsh,5-15,-0.244998757921638,70,-0.24500253922089116,MAP_PMU,61,3.781299253158288e-06
4,UPFC_Vse,5-15,0.062113391096787166,70,0.06196215457085772,MAP_PMU,61,0.00015123652592944486
5,UPFC_tse,5-15,-2.1929154368048214,70,-2.173942749219185,MAP_PMU,61,0.018972687585636194
0,x_tcsc,1-14,-0.09794276473967067,71,-0.09777329508591238,MAP_PMU,61,0.00016946965375828904
1,B_svc,2,0.16850709036352648,71,0.16828454278680455,MAP_PMU,61,0.0002225475767219376
2,UPFC_Vsh,5-15,1.1085934495383925,71,1.1144410382484837,MAP_PMU,61,0.005847588710091278
3,UPFC_tsh,5-15,-0.24508506655683043,71,-0.24500253922089116,MAP_PMU,61,8.25273359392753e-05
4,UPFC_Vse,5-15,0.06311926263768361,71,0.06196215457085772,MAP_PMU,61,0.001157108066825889
5,UPFC_tse,5-15,-2.182866429092266,71,-2.173942749219185,MAP_PMU,61,0.008923679873080737
0,x_tcsc,1-14,-0.09789307104474973,72,-0.09777329508591238,MAP_PMU,61,0.00011977595883734538
1,B_svc,2,0.16787544971631846,72,0.16828454278680455,MAP_PMU,61,0.00040909307048608845
2,UPFC_Vsh,5-15,1.1088249329633237,72,1.1144410382484837,MAP_PMU,61,0.005616105285159989
3,UPFC_tsh,5-15,-0.24505904995360345,72,-0.24500253922089116,MAP_PMU,61,5.6510732712289347e-05
4,UPFC_Vse,5-15,0.0626123833904718,72,0.06196215457085772,MAP_PMU,61,0.0006502288196140807
5,UPFC_tse,5-15,-2.1935227606005903,72,-2.173942749219185,MAP_PMU,61,0.019580011381405082
0,x_tcsc,1-14,-0.09787857383883213,73,-0.09777329508591238,MAP_PMU,61,0.00010527875291974076
1,B_svc,2,0.16874254851239082,73,0.16828454278680455,MAP_PMU,61,0.00045800572558626906
2,UPFC_Vsh,5-15,1.1088455680589115,73,1.1144410382484837,MAP_PMU,61,0.0055954701895721826
3,UPFC_tsh,5-15,-0.24506611699596767,73,-0.24500253922089116,MAP_PMU,61,6.357777507651208e-05
4,UPFC_Vse,5-15,0.062495521986397656,73,0.06196215457085772,MAP_PMU,61,0.0005333674155399357
5,UPFC_tse,5-15,-2.1849841795972913,73,-2.173942749219185,MAP_PMU,61,0.01104143037810612
0,x_tcsc,1-14,-0.09794326139814871,74,-0.09777329508591238,MAP_PMU,61,0.00016996631223632763
1,B_svc,2,0.16872990638163796,74,0.16828454278680455,MAP_PMU,61,0.0004453635948334089
2,UPFC_Vsh,5-15,1.1083861056621291,74,1.1144410382484837,MAP_PMU,61,0.006054932586354589
3,UPFC_tsh,5-15,-0.24515047551534663,74,-0.24500253922089116,MAP_PMU,61,0.00014793629445547518
4,UPFC_Vse,5-15,0.06261850754706134,74,0.06196215457085772,MAP_PMU,61,0.0006563529762036238
5,UPFC_tse,5-15,-2.1869299421444635,74,-2.173942749219185,MAP_PMU,61,0.01298719292527828
0,x_tcsc,1-14,-0.09789718723988115,75,-0.09777329508591238,MAP_PMU,61,0.00012389215396876874
1,B_svc,2,0.16855926353039424,75,0.16828454278680455,MAP_PMU,61,0.0002747207435896959
2,UPFC_Vsh,5-15,1.1089253387295723,75,1.1144410382484837,MAP_PMU,61,0.005515699518911399
3,UPFC_tsh,5-15,-0.24503613159056878,75,-0.24500253922089116,MAP_PMU,61,3.3592369677620804e-05
4,UPFC_Vse,5-15,0.06273443676676098,75,0.06196215457085772,MAP_PMU,61,0.000772282195903258
5,UPFC_tse,5-15,-2.1886962685332128,75,-2.173942749219185,MAP_PMU,61,0.014753519314027574
0,x_tcsc,1-14,-0.09788417583841066,76,-0.09777329508591238,MAP_PMU,61,0.00011088075249827967
1,B_svc,2,0.16898325867315706,76,0.16828454278680455,MAP_PMU,61,0.0006987158863525078
2,UPFC_Vsh,5-15,1.108590540033873,76,1.1144410382484837,MAP_PMU,61,0.005850498214610811
3,UPFC_tsh,5-15,-0.24514770765557345,76,-0.24500253922089116,MAP_PMU,61,0.00014516843468229124
4,UPFC_Vse,5-15,0.06276772995596351,76,0.06196215457085772,MAP_PMU,61,0.0008055753851057904
5,UPFC_tse,5-15,-2.1939931235094026,76,-2.173942749219185,MAP_PMU,61,0.020050374290217388
0,x_tcsc,1-14,-0.09786447414881372,77,-0.09777329508591238,MAP_PMU,61,9.117906290133371e-05
1,B_svc,2,0.16813835921340334,77,0.16828454278680455,MAP_PMU,61,0.00014618357340120958
2,UPFC_Vsh,5-15,1.108515596300742,77,1.1144410382484837,MAP_PMU,61,0.005925441947741694
3,UPFC_tsh,5-15,-0.24517573809024856,77,-0.24500253922089116,MAP_PMU,61,0.00017319886935740492
4,UPFC_Vse,5-15,0.06314018191052218,77,0.06196215457085772,MAP_PMU,61,0.0011780273396644544
5,UPFC_tse,5-15,-2.1985232307451428,77,-2.173942749219185,MAP_PMU,61,0.024580481525957598
0,x_tcsc,1-14,-0.09785614516207944,78,-0.09777329508591238,MAP_PMU,61,8.28500761670542e-05
1,B_svc,2,0.1679629509919464,78,0.16828454278680455,MAP_PMU,61,0.0003215917948581337
2,UPFC_Vsh,5-15,1.108740822123911,78,1.1144410382484837,MAP_PMU,61,0.005700216124572721
3,UPFC_tsh,5-15,-0.2450921810281823,78,-0.24500253922089116,MAP_PMU,61,8.964180729115201e-05
4,UPFC_Vse,5-15,0.0633370684395273,78,0.06196215457085772,MAP_PMU,61,0.0013749138686695792
5,UPFC_tse,5-15,-2.1909954079519443,78,-2.173942749219185,MAP_PMU,61,0.017052658732759074
0,x_tcsc,1-14,-0.0978446635552559,79,-0.09777329508591238,MAP_PMU,61,7.136846934351071e-05
1,B_svc,2,0.16870354476545987,79,0.16828454278680455,MAP_PMU,61,0.0004190019786553256
2,UPFC_Vsh,5-15,1.1086873357707328,79,1.1144410382484837,MAP_PMU,61,0.005753702477750977
3,UPFC_tsh,5-15,-0.24510514696656946,79,-0.24500253922089116,MAP_PMU,61,0.00010260774567830144
4,UPFC_Vse,5-15,0.06208218067655459,79,0.06196215457085772,MAP_PMU,61,0.00012002610569687017
5,UPFC_tse,5-15,-2.1893717092804215,79,-2.173942749219185,MAP_PMU,61,0.015428960061236285
0,x_tcsc,1-14,-0.09789359350238888,80,-0.09777329508591238,MAP_PMU,61,0.00012029841647649697
1,B_svc,2,0.16876163883459866,80,0.16828454278680455,MAP_PMU,61,0.0004770960477941122
2,UPFC_Vsh,5-15,1.108966208049287,80,1.1144410382484837,MAP_PMU,61,0.005474830199196701
3,UPFC_tsh,5-15,-0.245055370189791,80,-0.24500253922089116,MAP_PMU,61,5.283096889985295e-05
4,UPFC_Vse,5-15,0.06277855468861135,80,0.06196215457085772,MAP_PMU,61,0.0008164001177536281
5,UPFC_tse,5-15,-2.1973541521061377,80,-2.173942749219185,MAP_PMU,61,0.023411402886952537
0,x_tcsc,1-14,-0.09786013569863047,81,-0.09777329508591238,MAP_PMU,61,8.68406127180893e-05
1,B_svc,2,0.16831112002511714,81,0.16828454278680455,MAP_PMU,61,2.6577238312591733e-05
2,UPFC_Vsh,5-15,1.1087076639160354,81,1.1144410382484837,MAP_PMU,61,0.00573337433244836
3,UPFC_tsh,5-15,-0.2450572433713506,81,-0.24500253922089116,MAP_PMU,61,5.4704150459439216e-05
4,UPFC_Vse,5-15,0.06220802290710304,81,0.06196215457085772,MAP_PMU,61,0.00024586833624531956
5,UPFC_tse,5-15,-2.196143839886997,81,-2.173942749219185,MAP_PMU,61,0.02220109066781184
0,x_tcsc,1-14,-0.09791410998172839,82,-0.09777329508591238,MAP_PMU,61,0.0001408148958160077
1,B_svc,2,0.1687844002436524,82,0.16828454278680455,MAP_PMU,61,0.0004998574568478575
2,UPFC_Vsh,5-15,1.1085939370438245,82,1.1144410382484837,MAP_PMU,61,0.005847101204659255
3,UPFC_tsh,5-15,-0.2451877638263868,82,-0.24500253922089116,MAP_PMU,61,0.00018522460549563746
4,UPFC_Vse,5-15,0.06346740162861612,82,0.06196215457085772,MAP_PMU,61,0.0015052470577584035
5,UPFC_tse,5-15,-2.197279997570938,82,-2.173942749219185,MAP_PMU,61,0.02333724835175266
0,x_tcsc,1-14,-0.09794981134781398,83,-0.09777329508591238,MAP_PMU,61,0.0001765162619015992
1,B_svc,2,0.16884244958763783,83,0.16828454278680455,MAP_PMU,61,0.0005579068008332855
2,UPFC_Vsh,5-15,1.1086350703210002,83,1.1144410382484837,MAP_PMU,61,0.005805967927483557
3,UPFC_tsh,5-15,-0.24503900178557633,83,-0.24500253922089116,MAP_PMU,61,3.6462564685174614e-05
4,UPFC_Vse,5-15,0.06260088751999311,83,0.06196215457085772,MAP_PMU,61,0.0006387329491353913
5,UPFC_tse,5-15,-2.196046797905523,83,-2.173942749219185,MAP_PMU,61,0.02210404868633775
0,x_tcsc,1-14,-0.09787362246329398,84,-0.09777329508591238,MAP_PMU,61,0.00010032737738159547
1,B_svc,2,0.16846008940837023,84,0.16828454278680455,MAP_PMU,61,0.00017554662156568646
2,UPFC_Vsh,5-15,1.1084551028809095,84,1.1144410382484837,MAP_PMU,61,0.005985935367574191
3,UPFC_tsh,5-15,-0.24512753839891666,84,-0.24500253922089116,MAP_PMU,61,0.00012499917802549776
4,UPFC_Vse,5-15,0.06321290756611761,84,0.06196215457085772,MAP_PMU,61,0.0012507529952598892
5,UPFC_tse,5-15,-2.202170333084901,84,-2.173942749219185,MAP_PMU,61,0.028227583865716
0,x_tcsc,1-14,-0.09784216700822752,85,-0.09777329508591238,MAP_PMU,61,6.887192231513906e-05
1,B_svc,2,0.16847870918606214,85,0.16828454278680455,MAP_PMU,61,0.00019416639925759482
2,UPFC_Vsh,5-15,1.1084628664608307,85,1.1144410382484837,MAP_PMU,61,0.0059781717876530305
3,UPFC_tsh,5-15,-0.24507313380436266,85,-0.24500253922089116,MAP_PMU,61,7.05945834715005e-05
4,UPFC_Vse,5-15,0.06233158132990069,85,0.06196215457085772,MAP_PMU,61,0.00036942675904296646
5,UPFC_tse,5-15,-2.197982671353164,85,-2.173942749219185,MAP_PMU,61,0.024039922133978653
0,x_tcsc,1-14,-0.09788776875770576,86,-0.09777329508591238,MAP_PMU,61,0.00011447367179337475
1,B_svc,2,0.1688066872291083,86,0.16828454278680455,MAP_PMU,61,0.0005221444423037513
2,UPFC_Vsh,5-15,1.108693343384465,86,1.1144410382484837,MAP_PMU,61,0.005747694864018715
3,UPFC_tsh,5-15,-0.2450854882499433,86,-0.24500253922089116,MAP_PMU,61,8.29490290521484e-05
4,UPFC_Vse,5-15,0.06234678849251461,86,0.06196215457085772,MAP_PMU,61,0.000384633921656892
5,UPFC_tse,5-15,-2.1865982017775343,86,-2.173942749219185,MAP_PMU,61,0.0126554525583491
0,x_tcsc,1-14,-0.09787698174601606,87,-0.09777329508591238,MAP_PMU,61,0.00010368666010367178
1,B_svc,2,0.16828930848190693,87,0.16828454278680455,MAP_PMU,61,4.765695102382228e-06
2,UPFC_Vsh,5-15,1.1089933865161206,87,1.1144410382484837,MAP_PMU,61,0.005447651732363168
3,UPFC_tsh,5-15,-0.2450860876520706,87,-0.24500253922089116,MAP_PMU,61,8.35484311794421e-05
4,UPFC_Vse,5-15,0.06322939669269953,87,0.06196215457085772,MAP_PMU,61,0.0012672421218418092
5,UPFC_tse,5-15,-2.1939998907188127,87,-2.173942749219185,MAP_PMU,61,0.020057141499627562
0,x_tcsc,1-14,-0.09791865168437872,88,-0.09777329508591238,MAP_PMU,61,0.0001453565984663313
1,B_svc,2,0.16877734641577805,88,0.16828454278680455,MAP_PMU,61,0.0004928036289734983
2,UPFC_Vsh,5-15,1.1086377136886605,88,1.1144410382484837,MAP_PMU,61,0.005803324559823242
3,UPFC_tsh,5-15,-0.24507221691141806,88,-0.24500253922089116,MAP_PMU,61,6.967769052690365e-05
4,UPFC_Vse,5-15,0.06223342158353847,88,0.06196215457085772,MAP_PMU,61,0.00027126701268075093
5,UPFC_tse,5-15,-2.1925006090910335,88,-2.173942749219185,MAP_PMU,61,0.018557859871848326
0,x_tcsc,1-14,-0.09786133679836462,89,-0.09777329508591238,MAP_PMU,61,8.804171245223313e-05
1,B_svc,2,0.1683314942419762,89,0.16828454278680455,MAP_PMU,61,4.69514551716399e-05
2,UPFC_Vsh,5-15,1.1085854085154911,89,1.1144410382484837,MAP_PMU,61,0.005855629732992584
3,UPFC_tsh,5-15,-0.2450518042888844,89,-0.24500253922089116,MAP_PMU,61,4.9265067993242706e-05
4,UPFC_Vse,5-15,0.06223861698282621,89,0.06196215457085772,MAP_PMU,61,0.0002764624119684922
5,UPFC_tse,5-15,-2.191602160620596,89,-2.173942749219185,MAP_PMU,61,0.017659411401410807
0,x_tcsc,1-14,-0.0979255454533437,90,-0.09777329508591238,MAP_PMU,61,0.00015225036743131415
1,B_svc,2,0.16834394333880037,90,0.16828454278680455,MAP_PMU,61,5.940055199582517e-05
2,UPFC_Vsh,5-15,1.1088523585918721,90,1.1144410382484837,MAP_PMU,61,0.005588679656611584
3,UPFC_tsh,5-15,-0.245019103978074,90,-0.24500253922089116,MAP_PMU,61,1.6564757182840895e-05
4,UPFC_Vse,5-15,0.06246991759626151,90,0.06196215457085772,MAP_PMU,61,0.0005077630254037915
5,UPFC_tse,5-15,-2.1887661991390193,90,-2.173942749219185,MAP_PMU,61,0.014823449919834086
0,x_tcsc,1-14,-0.09787289836864067,91,-0.09777329508591238,MAP_PMU,61,9.960328272828889e-05
1,B_svc,2,0.16891125147400096,91,0.16828454278680455,MAP_PMU,61,0.0006267086871964145
2,UPFC_Vsh,5-15,1.1087727385142179,91,1.1144410382484837,MAP_PMU,61,0.005668299734265858
3,UPFC_tsh,5-15,-0.24511650919722233,91,-0.24500253922089116,MAP_PMU,61,0.00011396997633117412
4,UPFC_Vse,5-15,0.06280512373971255,91,0.06196215457085772,MAP_PMU,61,0.0008429691688548249
5,UPFC_tse,5-15,-2.1931882415848074,91,-2.173942749219185,MAP_PMU,61,0.01924549236562223
0,x_tcsc,1-14,-0.09794163159845304,92,-0.09777329508591238,MAP_PMU,61,0.00016833651254065385
1,B_svc,2,0.16863944167274772,92,0.16828454278680455,MAP_PMU,61,0.0003548988859431723
2,UPFC_Vsh,5-15,1.1086854044951833,92,1.1144410382484837,MAP_PMU,61,0.00575563375330046
3,UPFC_tsh,5-15,-0.24509914580195574,92,-0.24500253922089116,MAP_PMU,61,9.660658106458442e-05
4,UPFC_Vse,5-15,0.06300061609063072,92,0.06196215457085772,MAP_PMU,61,0.0010384615197729999
5,UPFC_tse,5-15,-2.1969710345977145,92,-2.173942749219185,MAP_PMU,61,0.0230282853785293
0,x_tcsc,1-14,-0.09786374610854916,93,-0.09777329508591238,MAP_PMU,61,9.045102263677274e-05
1,B_svc,2,0.16811255947367815,93,0.16828454278680455,MAP_PMU,61,0.00017198331312640036
2,UPFC_Vsh,5-15,1.1086885591420708,93,1.1144410382484837,MAP_PMU,61,0.0057524791064129666
3,UPFC_tsh,5-15,-0.24505037713117772,93,-0.24500253922089116,MAP_PMU,61,4.783791028656337e-05
4,UPFC_Vse,5-15,0.06230637974737531,93,0.06196215457085772,MAP_PMU,61,0.0003442251765175888
5,UPFC_tse,5-15,-2.1970849358981974,93,-2.173942749219185,MAP_PMU,61,0.023142186679012244
0,x_tcsc,1-14,-0.09786989897901187,94,-0.09777329508591238,MAP_PMU,61,9.660389309948392e-05
1,B_svc,2,0.16860472450471645,94,0.16828454278680455,MAP_PMU,61,0.0003201817179118993
2,UPFC_Vsh,5-15,1.1085702483966837,94,1.1144410382484837,MAP_PMU,61,0.005870789851800007
3,UPFC_tsh,5-15,-0.24506351350500144,94,-0.24500253922089116,MAP_PMU,61,6.097428411028227e-05
4,UPFC_Vse,5-15,0.06267367549548086,94,0.06196215457085772,MAP_PMU,61,0.0007115209246231421
5,UPFC_tse,5-15,-2.1806110675387043,94,-2.173942749219185,MAP_PMU,61,0.006668318319519084
0,x_tcsc,1-14,-0.09785237970242439,95,-0.09777329508591238,MAP_PMU,61,7.908461651200127e-05
1,B_svc,2,0.168620874385585,95,0.16828454278680455,MAP_PMU,61,0.0003363315987804649
2,UPFC_Vsh,5-15,1.108433253435572,95,1.1144410382484837,MAP_PMU,61,0.006007784812911643
3,UPFC_tsh,5-15,-0.24509716898729503,95,-0.24500253922089116,MAP_PMU,61,9.462976640386978e-05
4,UPFC_Vse,5-15,0.0629758366792746,95,0.06196215457085772,MAP_PMU,61,0.0010136821084168815
5,UPFC_tse,5-15,-2.1943574359967144,95,-2.173942749219185,MAP_PMU,61,0.020414686777529223
0,x_tcsc,1-14,-0.09789609004780075,96,-0.09777329508591238,MAP_PMU,61,0.00012279496188837002
1,B_svc,2,0.16826693339722198,96,0.16828454278680455,MAP_PMU,61,1.7609389582562418e-05
2,UPFC_Vsh,5-15,1.1085014762830063,96,1.1144410382484837,MAP_PMU,61,0.005939561965477402
3,UPFC_tsh,5-15,-0.2451069301343217,96,-0.24500253922089116,MAP_PMU,61,0.00010439091343053541
4,UPFC_Vse,5-15,0.0627289461202397,96,0.06196215457085772,MAP_PMU,61,0.0007667915493819802
5,UPFC_tse,5-15,-2.1898896239040693,96,-2.173942749219185,MAP_PMU,61,0.015946874684884094
0,x_tcsc,1-14,-0.0979023744731644,97,-0.09777329508591238,MAP_PMU,61,0.0001290793872520124
1,B_svc,2,0.16865613335342808,97,0.16828454278680455,MAP_PMU,61,0.00037159056662353085
2,UPFC_Vsh,5-15,1.1087419061046901,97,1.1144410382484837,MAP_PMU,61,0.005699132143793584
3,UPFC_tsh,5-15,-0.24511019829534733,97,-0.24500253922089116,MAP_PMU,61,0.0001076590744561734
4,UPFC_Vse,5-15,0.06330236311332116,97,0.06196215457085772,MAP_PMU,61,0.0013402085424634377
5,UPFC_tse,5-15,-2.193330422888876,97,-2.173942749219185,MAP_PMU,61,0.01938767366969074
0,x_tcsc,1-14,-0.09794753573336419,98,-0.09777329508591238,MAP_PMU,61,0.00017424064745180656
1,B_svc,2,0.16861716219087042,98,0.16828454278680455,MAP_PMU,61,0.0003326194040658703
2,UPFC_Vsh,5-15,1.1087565219366318,98,1.1144410382484837,MAP_PMU,61,0.0056845163118519615
3,UPFC_tsh,5-15,-0.24506264157035404,98,-0.24500253922089116,MAP_PMU,61,6.010234946288162e-05
4,UPFC_Vse,5-15,0.0627409263481055,98,0.06196215457085772,MAP_PMU,61,0.0007787717772477845
5,UPFC_tse,5-15,-2.197318481562855,98,-2.173942749219185,MAP_PMU,61,0.023375732343669853
0,x_tcsc,1-14,-0.09787063785590173,99,-0.09777329508591238,MAP_PMU,61,9.734276998935032e-05
1,B_svc,2,0.16869739550639484,99,0.16828454278680455,MAP_PMU,61,0.00041285271959029535
2,UPFC_Vsh,5-15,1.108529122335777,99,1.1144410382484837,MAP_PMU,61,0.005911915912706789
3,UPFC_tsh,5-15,-0.24507973051714144,99,-0.24500253922089116,MAP_PMU,61,7.719129625027854e-05
4,UPFC_Vse,5-15,0.06254824451877027,99,0.06196215457085772,MAP_PMU,61,0.000586089947912545
5,UPFC_tse,5-15,-2.1914790078284616,99,-2.173942749219185,MAP_PMU,61,0.017536258609276434
0,x_tcsc,1-14,-0.10102270421794769,0,-0.10101225574976058,MAP_PMU,63,1.0448468187110316e-05
1,B_svc,2,0.1703867162207206,0,0.17062739233386445,MAP_PMU,63,0.00024067611314385062
2,UPFC_Vsh,5-15,1.1082839019265525,0,1.1129292855585908,MAP_PMU,63,0.004645383632038369
3,UPFC_tsh,5-15,-0.24153547133441555,0,-0.2414222332974194,MAP_PMU,63,0.00011323803699614388
4,UPFC_Vse,5-15,0.06306586369547036,0,0.06318830069089101,MAP_PMU,63,0.00012243699542065223
5,UPFC_tse,5-15,-2.1911893800477253,0,-2.169501817510658,MAP_PMU,63,0.021687562537067162
0,x_tcsc,1-14,-0.10103842267097178,1,-0.10101225574976058,MAP_PMU,63,2.616692121119868e-05
1,B_svc,2,0.17040481929813636,1,0.17062739233386445,MAP_PMU,63,0.00022257303572809084
2,UPFC_Vsh,5-15,1.1090325847199254,1,1.1129292855585908,MAP_PMU,63,0.0038967008386654456
3,UPFC_tsh,5-15,-0.2413425911393499,1,-0.2414222332974194,MAP_PMU,63,7.964215806952057e-05
4,UPFC_Vse,5-15,0.06314543766857253,1,0.06318830069089101,MAP_PMU,63,4.286302231848449e-05
5,UPFC_tse,5-15,-2.179477258773502,1,-2.169501817510658,MAP_PMU,63,0.009975441262843887
0,x_tcsc,1-14,-0.10101987896944813,2,-0.10101225574976058,MAP_PMU,63,7.623219687544203e-06
1,B_svc,2,0.17060562017883887,2,0.17062739233386445,MAP_PMU,63,2.1772155025578943e-05
2,UPFC_Vsh,5-15,1.1088111274364716,2,1.1129292855585908,MAP_PMU,63,0.004118158122119242
3,UPFC_tsh,5-15,-0.24146970433837964,2,-0.2414222332974194,MAP_PMU,63,4.747104096022858e-05
4,UPFC_Vse,5-15,0.06316229023150977,2,0.06318830069089101,MAP_PMU,63,2.601045938124824e-05
5,UPFC_tse,5-15,-2.1864900170656583,2,-2.169501817510658,MAP_PMU,63,0.016988199555000083
0,x_tcsc,1-14,-0.10104174511078053,3,-0.10101225574976058,MAP_PMU,63,2.9489361019943705e-05
1,B_svc,2,0.17092922358821663,3,0.17062739233386445,MAP_PMU,63,0.0003018312543521806
2,UPFC_Vsh,5-15,1.1084920502188036,3,1.1129292855585908,MAP_PMU,63,0.004437235339787238
3,UPFC_tsh,5-15,-0.24148874483058694,3,-0.2414222332974194,MAP_PMU,63,6.651153316752922e-05
4,UPFC_Vse,5-15,0.06357734944723373,3,0.06318830069089101,MAP_PMU,63,0.00038904875634271363
5,UPFC_tse,5-15,-2.192110561031713,3,-2.169501817510658,MAP_PMU,63,0.022608743521054908
0,x_tcsc,1-14,-0.10105889553499264,4,-0.10101225574976058,MAP_PMU,63,4.6639785232061026e-05
1,B_svc,2,0.17084894549561655,4,0.17062739233386445,MAP_PMU,63,0.00022155316175209716
2,UPFC_Vsh,5-15,1.108764020266811,4,1.1129292855585908,MAP_PMU,63,0.004165265291779852
3,UPFC_tsh,5-15,-0.24141952964417568,4,-0.2414222332974194,MAP_PMU,63,2.7036532437296756e-06
4,UPFC_Vse,5-15,0.06251003196014447,4,0.06318830069089101,MAP_PMU,63,0.0006782687307465424
5,UPFC_tse,5-15,-2.1850499696946226,4,-2.169501817510658,MAP_PMU,63,0.015548152183964437
0,x_tcsc,1-14,-0.10102769591409486,5,-0.10101225574976058,MAP_PMU,63,1.5440164334273865e-05
1,B_svc,2,0.17040358430766955,5,0.17062739233386445,MAP_PMU,63,0.00022380802619489937
2,UPFC_Vsh,5-15,1.109014133370219,5,1.1129292855585908,MAP_PMU,63,0.0039151521883717955
3,UPFC_tsh,5-15,-0.24150451273793694,5,-0.2414222332974194,MAP_PMU,63,8.227944051752978e-05
4,UPFC_Vse,5-15,0.063028726539332,5,0.06318830069089101,MAP_PMU,63,0.000159574151559011
5,UPFC_tse,5-15,-2.187088044051953,5,-2.169501817510658,MAP_PMU,63,0.017586226541294714
0,x_tcsc,1-14,-0.10105047270857874,6,-0.10101225574976058,MAP_PMU,63,3.8216958818157454e-05
1,B_svc,2,0.17031433416443967,6,0.17062739233386445,MAP_PMU,63,0.0003130581694247847
2,UPFC_Vsh,5-15,1.1087167466326846,6,1.1129292855585908,MAP_PMU,63,0.0042125389259062285
3,UPFC_tsh,5-15,-0.24146474631525824,6,-0.2414222332974194,MAP_PMU,63,4.251301783883554e-05
4,UPFC_Vse,5-15,0.06274274062305712,6,0.06318830069089101,MAP_PMU,63,0.0004455600678338889
5,UPFC_tse,5-15,-2.1851167370810516,6,-2.169501817510658,MAP_PMU,63,0.015614919570393404
0,x_tcsc,1-14,-0.10100269762767378,7,-0.10101225574976058,MAP_PMU,63,9.558122086805731e-06
1,B_svc,2,0.17060678023178655,7,0.17062739233386445,MAP_PMU,63,2.061210207790487e-05
2,UPFC_Vsh,5-15,1.1090978547147963,7,1.1129292855585908,MAP_PMU,63,0.0038314308437945588
3,UPFC_tsh,5-15,-0.24143411397274991,7,-0.2414222332974194,MAP_PMU,63,1.188067533050563e-05
4,UPFC_Vse,5-15,0.06257598718919131,7,0.06318830069089101,MAP_PMU,63,0.0006123135016996989
5,UPFC_tse,5-15,-2.17233632207987,7,-2.169501817510658,MAP_PMU,63,0.0028345045692117488
0,x_tcsc,1-14,-0.10105446920383995,8,-0.10101225574976058,MAP_PMU,63,4.2213454079370605e-05
1,B_svc,2,0.17054074149468026,8,0.17062739233386445,MAP_PMU,63,8.665083918418803e-05
2,UPFC_Vsh,5-15,1.1090972295993806,8,1.1129292855585908,MAP_PMU,63,0.003832055959210212
3,UPFC_tsh,5-15,-0.24135999760843818,8,-0.2414222332974194,MAP_PMU,63,6.2235688981227e-05
4,UPFC_Vse,5-15,0.06305617620742936,8,0.06318830069089101,MAP_PMU,63,0.00013212448346165695
5,UPFC_tse,5-15,-2.1795898367682542,8,-2.169501817510658,MAP_PMU,63,0.01008801925759606
0,x_tcsc,1-14,-0.10101472051046928,9,-0.10101225574976058,MAP_PMU,63,2.464760708698055e-06
1,B_svc,2,0.1704835789327685,9,0.17062739233386445,MAP_PMU,63,0.00014381340109595464
2,UPFC_Vsh,5-15,1.1088795505973257,9,1.1129292855585908,MAP_PMU,63,0.00404973496126515
3,UPFC_tsh,5-15,-0.24143293271429744,9,-0.2414222332974194,MAP_PMU,63,1.0699416878034995e-05
4,UPFC_Vse,5-15,0.0627685594732346,9,0.06318830069089101,MAP_PMU,63,0.00041974121765640804
5,UPFC_tse,5-15,-2.191002183756671,9,-2.169501817510658,MAP_PMU,63,0.021500366246012703
0,x_tcsc,1-14,-0.10102548337877422,10,-0.10101225574976058,MAP_PMU,63,1.3227629013637388e-05
1,B_svc,2,0.1704980550582644,10,0.17062739233386445,MAP_PMU,63,0.00012933727560004993
2,UPFC_Vsh,5-15,1.1087185963775836,10,1.1129292855585908,MAP_PMU,63,0.004210689181007199
3,UPFC_tsh,5-15,-0.24139120355233568,10,-0.2414222332974194,MAP_PMU,63,3.1029745083732685e-05
4,UPFC_Vse,5-15,0.0629727870778568,10,0.06318830069089101,MAP_PMU,63,0.00021551361303420724
5,UPFC_tse,5-15,-2.1769193930026045,10,-2.169501817510658,MAP_PMU,63,0.007417575491946327
0,x_tcsc,1-14,-0.1010319336686068,11,-0.10101225574976058,MAP_PMU,63,1.9677918846217057e-05
1,B_svc,2,0.17096453553930632,11,0.17062739233386445,MAP_PMU,63,0.00033714320544186993
2,UPFC_Vsh,5-15,1.1085018447634902,11,1.1129292855585908,MAP_PMU,63,0.004427440795100601
3,UPFC_tsh,5-15,-0.24148973093720694,11,-0.2414222332974194,MAP_PMU,63,6.749763978752821e-05
4,UPFC_Vse,5-15,0.06334391143086544,11,0.06318830069089101,MAP_PMU,63,0.00015561073997442942
5,UPFC_tse,5-15,-2.1927280809959115,11,-2.169501817510658,MAP_PMU,63,0.023226263485253362
0,x_tcsc,1-14,-0.1010328029208945,12,-0.10101225574976058,MAP_PMU,63,2.0547171133922237e-05
1,B_svc,2,0.1703900438134831,12,0.17062739233386445,MAP_PMU,63,0.00023734852038134746
2,UPFC_Vsh,5-15,1.1091532735623455,12,1.1129292855585908,MAP_PMU,63,0.003776011996245332
3,UPFC_tsh,5-15,-0.24138356153762858,12,-0.2414222332974194,MAP_PMU,63,3.8671759790831484e-05
4,UPFC_Vse,5-15,0.0634714151146484,12,0.06318830069089101,MAP_PMU,63,0.00028311442375739126
5,UPFC_tse,5-15,-2.176453342843115,12,-2.169501817510658,MAP_PMU,63,0.00695152533245702
0,x_tcsc,1-14,-0.10103279404454575,13,-0.10101225574976058,MAP_PMU,63,2.0538294785168998e-05
1,B_svc,2,0.17072850268676784,13,0.17062739233386445,MAP_PMU,63,0.00010111035290338855
2,UPFC_Vsh,5-15,1.1086070562170536,13,1.1129292855585908,MAP_PMU,63,0.004322229341537254
3,UPFC_tsh,5-15,-0.24151931026568046,13,-0.2414222332974194,MAP_PMU,63,9.707696826105616e-05
4,UPFC_Vse,5-15,0.06264331939017573,13,0.06318830069089101,MAP_PMU,63,0.0005449813007152859
5,UPFC_tse,5-15,-2.1879888716502496,13,-2.169501817510658,MAP_PMU,63,0.018487054139591397
0,x_tcsc,1-14,-0.10103131741778676,14,-0.10101225574976058,MAP_PMU,63,1.9061668026176815e-05
1,B_svc,2,0.17034447282443219,14,0.17062739233386445,MAP_PMU,63,0.00028291950943226674
2,UPFC_Vsh,5-15,1.1086634651464145,14,1.1129292855585908,MAP_PMU,63,0.00426582041217638
3,UPFC_tsh,5-15,-0.2414674226880279,14,-0.2414222332974194,MAP_PMU,63,4.518939060849103e-05
4,UPFC_Vse,5-15,0.06272397739634523,14,0.06318830069089101,MAP_PMU,63,0.00046432329454577925
5,UPFC_tse,5-15,-2.1931605076937255,14,-2.169501817510658,MAP_PMU,63,0.02365869018306732
0,x_tcsc,1-14,-0.10101637085065145,15,-0.10101225574976058,MAP_PMU,63,4.115100890864087e-06
1,B_svc,2,0.17023107617421418,15,0.17062739233386445,MAP_PMU,63,0.0003963161596502729
2,UPFC_Vsh,5-15,1.1086740274474678,15,1.1129292855585908,MAP_PMU,63,0.004255258111123039
3,UPFC_tsh,5-15,-0.24142618642942784,15,-0.2414222332974194,MAP_PMU,63,3.953132008432947e-06
4,UPFC_Vse,5-15,0.06286711977324991,15,0.06318830069089101,MAP_PMU,63,0.00032118091764110623
5,UPFC_tse,5-15,-2.1808093638987898,15,-2.169501817510658,MAP_PMU,63,0.011307546388131584
0,x_tcsc,1-14,-0.10101716075804817,16,-0.10101225574976058,MAP_PMU,63,4.905008287592327e-06
1,B_svc,2,0.17066358226521625,16,0.17062739233386445,MAP_PMU,63,3.618993135179327e-05
2,UPFC_Vsh,5-15,1.1093245959044227,16,1.1129292855585908,MAP_PMU,63,0.0036046896541681583
3,UPFC_tsh,5-15,-0.24139671292523404,16,-0.2414222332974194,MAP_PMU,63,2.5520372185366957e-05
4,UPFC_Vse,5-15,0.06222733508046398,16,0.06318830069089101,MAP_PMU,63,0.0009609656104270364
5,UPFC_tse,5-15,-2.189308215389029,16,-2.169501817510658,MAP_PMU,63,0.019806397878370685
0,x_tcsc,1-14,-0.10104635451347227,17,-0.10101225574976058,MAP_PMU,63,3.409876371168741e-05
1,B_svc,2,0.17068763652365507,17,0.17062739233386445,MAP_PMU,63,6.0244189790614744e-05
2,UPFC_Vsh,5-15,1.1091618973270088,17,1.1129292855585908,MAP_PMU,63,0.0037673882315820695
3,UPFC_tsh,5-15,-0.24141650852440147,17,-0.2414222332974194,MAP_PMU,63,5.724773017939944e-06
4,UPFC_Vse,5-15,0.06338101569703523,17,0.06318830069089101,MAP_PMU,63,0.0001927150061442201
5,UPFC_tse,5-15,-2.1723874951962183,17,-2.169501817510658,MAP_PMU,63,0.0028856776855601396
0,x_tcsc,1-14,-0.10102141509067675,18,-0.10101225574976058,MAP_PMU,63,9.159340916164993e-06
1,B_svc,2,0.17022540289095975,18,0.17062739233386445,MAP_PMU,63,0.0004019894429047044
2,UPFC_Vsh,5-15,1.1089486887510491,18,1.1129292855585908,MAP_PMU,63,0.003980596807541703
3,UPFC_tsh,5-15,-0.24142163495846156,18,-0.2414222332974194,MAP_PMU,63,5.98338957852329e-07
4,UPFC_Vse,5-15,0.0630305117342945,18,0.06318830069089101,MAP_PMU,63,0.00015778895659651626
5,UPFC_tse,5-15,-2.182725779665973,18,-2.169501817510658,MAP_PMU,63,0.013223962155314961
0,x_tcsc,1-14,-0.10102884718970744,19,-0.10101225574976058,MAP_PMU,63,1.659143994685308e-05
1,B_svc,2,0.1701125824435745,19,0.17062739233386445,MAP_PMU,63,0.0005148098902899578
2,UPFC_Vsh,5-15,1.1088332327628616,19,1.1129292855585908,MAP_PMU,63,0.004096052795729221
3,UPFC_tsh,5-15,-0.2414680250978407,19,-0.2414222332974194,MAP_PMU,63,4.579180042130204e-05
4,UPFC_Vse,5-15,0.06316203744164682,19,0.06318830069089101,MAP_PMU,63,2.626324924419332e-05
5,UPFC_tse,5-15,-2.176483876866964,19,-2.169501817510658,MAP_PMU,63,0.006982059356305914
0,x_tcsc,1-14,-0.10100917430060173,20,-0.10101225574976058,MAP_PMU,63,3.081449158851002e-06
1,B_svc,2,0.17085253286824664,20,0.17062739233386445,MAP_PMU,63,0.00022514053438218995
2,UPFC_Vsh,5-15,1.10887723259064,20,1.1129292855585908,MAP_PMU,63,0.004052052967950859
3,UPFC_tsh,5-15,-0.24148143684135492,20,-0.2414222332974194,MAP_PMU,63,5.920354393551541e-05
4,UPFC_Vse,5-15,0.06278457841771239,20,0.06318830069089101,MAP_PMU,63,0.00040372227317862774
5,UPFC_tse,5-15,-2.1942151379528743,20,-2.169501817510658,MAP_PMU,63,0.02471332044221608
0,x_tcsc,1-14,-0.10103968631986122,21,-0.10101225574976058,MAP_PMU,63,2.7430570100642204e-05
1,B_svc,2,0.17105084350687993,21,0.17062739233386445,MAP_PMU,63,0.0004234511730154822
2,UPFC_Vsh,5-15,1.1090347943979153,21,1.1129292855585908,MAP_PMU,63,0.0038944911606755284
3,UPFC_tsh,5-15,-0.24149607444016927,21,-0.2414222332974194,MAP_PMU,63,7.384114274985865e-05
4,UPFC_Vse,5-15,0.0630746516374809,21,0.06318830069089101,MAP_PMU,63,0.000113649053410117
5,UPFC_tse,5-15,-2.190739161225431,21,-2.169501817510658,MAP_PMU,63,0.021237343714772816
0,x_tcsc,1-14,-0.10101065298637099,22,-0.10101225574976058,MAP_PMU,63,1.6027633895909776e-06
1,B_svc,2,0.17028607955602046,22,0.17062739233386445,MAP_PMU,63,0.00034131277784399394
2,UPFC_Vsh,5-15,1.1088424282395686,22,1.1129292855585908,MAP_PMU,63,0.004086857319022252
3,UPFC_tsh,5-15,-0.24143324317368212,22,-0.2414222332974194,MAP_PMU,63,1.1009876262707552e-05
4,UPFC_Vse,5-15,0.06290634150032506,22,0.06318830069089101,MAP_PMU,63,0.0002819591905659502
5,UPFC_tse,5-15,-2.180161188240281,22,-2.169501817510658,MAP_PMU,63,0.010659370729622974
0,x_tcsc,1-14,-0.10107430572939063,23,-0.10101225574976058,MAP_PMU,63,6.204997963005221e-05
1,B_svc,2,0.1710254249498364,23,0.17062739233386445,MAP_PMU,63,0.0003980326159719605
2,UPFC_Vsh,5-15,1.1085172028671364,23,1.1129292855585908,MAP_PMU,63,0.004412082691454433
3,UPFC_tsh,5-15,-0.24153122937111926,23,-0.2414222332974194,MAP_PMU,63,0.00010899607369985187
4,UPFC_Vse,5-15,0.06323604727250445,23,0.06318830069089101,MAP_PMU,63,4.7746581613439254e-05
5,UPFC_tse,5-15,-2.1895054523600948,23,-2.169501817510658,MAP_PMU,63,0.02000363484943657
0,x_tcsc,1-14,-0.1010395945051879,24,-0.10101225574976058,MAP_PMU,63,2.7338755427319672e-05
1,B_svc,2,0.1708282422313327,24,0.17062739233386445,MAP_PMU,63,0.00020084989746824156
2,UPFC_Vsh,5-15,1.1085884140235527,24,1.1129292855585908,MAP_PMU,63,0.004340871535038149
3,UPFC_tsh,5-15,-0.2415294911685176,24,-0.2414222332974194,MAP_PMU,63,0.00010725787109819307
4,UPFC_Vse,5-15,0.06333939096776706,24,0.06318830069089101,MAP_PMU,63,0.00015109027687604248
5,UPFC_tse,5-15,-2.192559980840073,24,-2.169501817510658,MAP_PMU,63,0.023058163329414683
0,x_tcsc,1-14,-0.10101684216814243,25,-0.10101225574976058,MAP_PMU,63,4.586418381843926e-06
1,B_svc,2,0.17092831747616197,25,0.17062739233386445,MAP_PMU,63,0.00030092514229751455
2,UPFC_Vsh,5-15,1.108779082451561,25,1.1129292855585908,MAP_PMU,63,0.004150203107029737
3,UPFC_tsh,5-15,-0.24150790496605004,25,-0.2414222332974194,MAP_PMU,63,8.567166863063247e-05
4,UPFC_Vse,5-15,0.06310413798113042,25,0.06318830069089101,MAP_PMU,63,8.416270976059625e-05
5,UPFC_tse,5-15,-2.1897358403291327,25,-2.169501817510658,MAP_PMU,63,0.02023402281847453
0,x_tcsc,1-14,-0.10101788589269625,26,-0.10101225574976058,MAP_PMU,63,5.6301429356697685e-06
1,B_svc,2,0.17076184457264165,26,0.17062739233386445,MAP_PMU,63,0.00013445223877719958
2,UPFC_Vsh,5-15,1.1086285329851056,26,1.1129292855585908,MAP_PMU,63,0.004300752573485278
3,UPFC_tsh,5-15,-0.24146645319860305,26,-0.2414222332974194,MAP_PMU,63,4.421990118363972e-05
4,UPFC_Vse,5-15,0.06281445682250265,26,0.06318830069089101,MAP_PMU,63,0.0003738438683883599
5,UPFC_tse,5-15,-2.184141253046406,26,-2.169501817510658,MAP_PMU,63,0.014639435535747758
0,x_tcsc,1-14,-0.10102308373753847,27,-0.10101225574976058,MAP_PMU,63,1.0827987777892178e-05
1,B_svc,2,0.17063231135120024,27,0.17062739233386445,MAP_PMU,63,4.919017335791587e-06
2,UPFC_Vsh,5-15,1.1088024818263544,27,1.1129292855585908,MAP_PMU,63,0.004126803732236395
3,UPFC_tsh,5-15,-0.24149856210749265,27,-0.2414222332974194,MAP_PMU,63,7.63288100732451e-05
4,UPFC_Vse,5-15,0.06288457551524135,27,0.06318830069089101,MAP_PMU,63,0.00030372517564966617
5,UPFC_tse,5-15,-2.197694575022077,27,-2.169501817510658,MAP_PMU,63,0.028192757511418698
0,x_tcsc,1-14,-0.10101372286322909,28,-0.10101225574976058,MAP_PMU,63,1.4671134685034781e-06
1,B_svc,2,0.17053632210016953,28,0.17062739233386445,MAP_PMU,63,9.107023369492317e-05
2,UPFC_Vsh,5-15,1.1087650872079686,28,1.1129292855585908,MAP_PMU,63,0.004164198350622206
3,UPFC_tsh,5-15,-0.2415052682982193,28,-0.2414222332974194,MAP_PMU,63,8.303500079989701e-05
4,UPFC_Vse,5-15,0.06276474381466805,28,0.06318830069089101,MAP_PMU,63,0.0004235568762229608
5,UPFC_tse,5-15,-2.177586525581509,28,-2.169501817510658,MAP_PMU,63,0.0080847080708506
0,x_tcsc,1-14,-0.10105996854774284,29,-0.10101225574976058,MAP_PMU,63,4.771279798225503e-05
1,B_svc,2,0.17053976338343754,29,0.17062739233386445,MAP_PMU,63,8.76289504269101e-05
2,UPFC_Vsh,5-15,1.1086753062767047,29,1.1129292855585908,MAP_PMU,63,0.004253979281886089
3,UPFC_tsh,5-15,-0.2414789438797672,29,-0.2414222332974194,MAP_PMU,63,5.671058234779647e-05
4,UPFC_Vse,5-15,0.06260741346199322,29,0.06318830069089101,MAP_PMU,63,0.0005808872288977918
5,UPFC_tse,5-15,-2.1800846513725833,29,-2.169501817510658,MAP_PMU,63,0.010582833861925156
0,x_tcsc,1-14,-0.10102040069801109,30,-0.10101225574976058,MAP_PMU,63,8.144948250507489e-06
1,B_svc,2,0.17062592207489144,30,0.17062739233386445,MAP_PMU,63,1.4702589730131166e-06
2,UPFC_Vsh,5-15,1.108866076455633,30,1.1129292855585908,MAP_PMU,63,0.0040632091029577655
3,UPFC_tsh,5-15,-0.24144177793668922,30,-0.2414222332974194,MAP_PMU,63,1.954463926981398e-05
4,UPFC_Vse,5-15,0.0632001470562215,30,0.06318830069089101,MAP_PMU,63,1.1846365330483999e-05
5,UPFC_tse,5-15,-2.1825902279337837,30,-2.169501817510658,MAP_PMU,63,0.013088410423125474
0,x_tcsc,1-14,-0.10101848796622377,31,-0.10101225574976058,MAP_PMU,63,6.232216463189499e-06
1,B_svc,2,0.1704394485191903,31,0.17062739233386445,MAP_PMU,63,0.00018794381467415744
2,UPFC_Vsh,5-15,1.1087586661894113,31,1.1129292855585908,MAP_PMU,63,0.004170619369179507
3,UPFC_tsh,5-15,-0.24153238238555774,31,-0.2414222332974194,MAP_PMU,63,0.0001101490881383338
4,UPFC_Vse,5-15,0.06306932940560066,31,0.06318830069089101,MAP_PMU,63,0.00011897128529035628
5,UPFC_tse,5-15,-2.184600275860584,31,-2.169501817510658,MAP_PMU,63,0.015098458349925625
0,x_tcsc,1-14,-0.10101273859892565,32,-0.10101225574976058,MAP_PMU,63,4.828491650676892e-07
1,B_svc,2,0.17081326128871968,32,0.17062739233386445,MAP_PMU,63,0.00018586895485522836
2,UPFC_Vsh,5-15,1.1088576706556652,32,1.1129292855585908,MAP_PMU,63,0.004071614902925624
3,UPFC_tsh,5-15,-0.24141167953371306,32,-0.2414222332974194,MAP_PMU,63,1.0553763706344643e-05
4,UPFC_Vse,5-15,0.06293876979925049,32,0.06318830069089101,MAP_PMU,63,0.0002495308916405231
5,UPFC_tse,5-15,-2.18051039007452,32,-2.169501817510658,MAP_PMU,63,0.011008572563862007
0,x_tcsc,1-14,-0.10103382891284955,33,-0.10101225574976058,MAP_PMU,63,2.1573163088969838e-05
1,B_svc,2,0.17030762908038316,33,0.17062739233386445,MAP_PMU,63,0.0003197632534812922
2,UPFC_Vsh,5-15,1.1088487700537053,33,1.1129292855585908,MAP_PMU,63,0.004080515504885529
3,UPFC_tsh,5-15,-0.2414340910242456,33,-0.2414222332974194,MAP_PMU,63,1.1857726826186576e-05
4,UPFC_Vse,5-15,0.0627104169739065,33,0.06318830069089101,MAP_PMU,63,0.0004778837169845118
5,UPFC_tse,5-15,-2.1850267975392397,33,-2.169501817510658,MAP_PMU,63,0.015524980028581492
0,x_tcsc,1-14,-0.10102524889506057,34,-0.10101225574976058,MAP_PMU,63,1.2993145299983189e-05
1,B_svc,2,0.17078570974859955,34,0.17062739233386445,MAP_PMU,63,0.00015831741473509853
2,UPFC_Vsh,5-15,1.1086621699019932,34,1.1129292855585908,MAP_PMU,63,0.004267115656597653
3,UPFC_tsh,5-15,-0.24154532412496219,34,-0.2414222332974194,MAP_PMU,63,0.00012309082754277667
4,UPFC_Vse,5-15,0.06347156948832915,34,0.06318830069089101,MAP_PMU,63,0.0002832687974381326
5,UPFC_tse,5-15,-2.1833900045826344,34,-2.169501817510658,MAP_PMU,63,0.013888187071976255
0,x_tcsc,1-14,-0.10100567512076426,35,-0.10101225574976058,MAP_PMU,63,6.580628996319393e-06
1,B_svc,2,0.17106174627026677,35,0.17062739233386445,MAP_PMU,63,0.00043435393640231523
2,UPFC_Vsh,5-15,1.1087994570064137,35,1.1129292855585908,MAP_PMU,63,0.004129828552177139
3,UPFC_tsh,5-15,-0.24152947525498836,35,-0.2414222332974194,MAP_PMU,63,0.00010724195756894872
4,UPFC_Vse,5-15,0.0634135850876835,35,0.06318830069089101,MAP_PMU,63,0.00022528439679248002
5,UPFC_tse,5-15,-2.1873919753389623,35,-2.169501817510658,MAP_PMU,63,0.017890157828304165
0,x_tcsc,1-14,-0.10103901237107571,36,-0.10101225574976058,MAP_PMU,63,2.6756621315127127e-05
1,B_svc,2,0.17054798811841257,36,0.17062739233386445,MAP_PMU,63,7.94042154518837e-05
2,UPFC_Vsh,5-15,1.1091808755985395,36,1.1129292855585908,MAP_PMU,63,0.0037484099600513243
3,UPFC_tsh,5-15,-0.24140604147587563,36,-0.2414222332974194,MAP_PMU,63,1.6191821543776186e-05
4,UPFC_Vse,5-15,0.06275570044186457,36,0.06318830069089101,MAP_PMU,63,0.00043260024902644356
5,UPFC_tse,5-15,-2.186367097437119,36,-2.169501817510658,MAP_PMU,63,0.016865279926460808
0,x_tcsc,1-14,-0.1010316894104119,37,-0.10101225574976058,MAP_PMU,63,1.943366065132457e-05
1,B_svc,2,0.17016758627192274,37,0.17062739233386445,MAP_PMU,63,0.0004598060619417088
2,UPFC_Vsh,5-15,1.1089405293202161,37,1.1129292855585908,MAP_PMU,63,0.003988756238374691
3,UPFC_tsh,5-15,-0.2415028484587057,37,-0.2414222332974194,MAP_PMU,63,8.061516128629598e-05
4,UPFC_Vse,5-15,0.06269615760992055,37,0.06318830069089101,MAP_PMU,63,0.0004921430809704669
5,UPFC_tse,5-15,-2.188411174267838,37,-2.169501817510658,MAP_PMU,63,0.01890935675717964
0,x_tcsc,1-14,-0.10104467324450137,38,-0.10101225574976058,MAP_PMU,63,3.2417494740782926e-05
1,B_svc,2,0.16997585049861955,38,0.17062739233386445,MAP_PMU,63,0.0006515418352449065
2,UPFC_Vsh,5-15,1.108739155205326,38,1.1129292855585908,MAP_PMU,63,0.004190130353264765
3,UPFC_tsh,5-15,-0.24145333594361215,38,-0.2414222332974194,MAP_PMU,63,3.110264619274328e-05
4,UPFC_Vse,5-15,0.06266889335857392,38,0.06318830069089101,MAP_PMU,63,0.00051940733231709
5,UPFC_tse,5-15,-2.1799458813562715,38,-2.169501817510658,MAP_PMU,63,0.01044406384561336
0,x_tcsc,1-14,-0.10106932690976476,39,-0.10101225574976058,MAP_PMU,63,5.707116000418233e-05
1,B_svc,2,0.1705849173301338,39,0.17062739233386445,MAP_PMU,63,4.247500373064095e-05
2,UPFC_Vsh,5-15,1.1088527996001294,39,1.1129292855585908,MAP_PMU,63,0.00407648595846144
3,UPFC_tsh,5-15,-0.24147142974702082,39,-0.2414222332974194,MAP_PMU,63,4.9196449601413006e-05
4,UPFC_Vse,5-15,0.06277109194776835,39,0.06318830069089101,MAP_PMU,63,0.00041720874312266287
5,UPFC_tse,5-15,-2.1810262800885614,39,-2.169501817510658,MAP_PMU,63,0.011524462577903183
0,x_tcsc,1-14,-0.10103805920229261,40,-0.10101225574976058,MAP_PMU,63,2.5803452532030535e-05
1,B_svc,2,0.169903465343605,40,0.17062739233386445,MAP_PMU,63,0.0007239269902594436
2,UPFC_Vsh,5-15,1.1087981292400935,40,1.1129292855585908,MAP_PMU,63,0.004131156318497364
3,UPFC_tsh,5-15,-0.24148943837187126,40,-0.2414222332974194,MAP_PMU,63,6.72050744518482e-05
4,UPFC_Vse,5-15,0.06296073238853626,40,0.06318830069089101,MAP_PMU,63,0.00022756830235474979
5,UPFC_tse,5-15,-2.192840812047361,40,-2.169501817510658,MAP_PMU,63,0.02333899453670263
0,x_tcsc,1-14,-0.10100912382239378,41,-0.10101225574976058,MAP_PMU,63,3.131927366797904e-06
1,B_svc,2,0.17078845249590507,41,0.17062739233386445,MAP_PMU,63,0.00016106016204062157
2,UPFC_Vsh,5-15,1.1088963572715995,41,1.1129292855585908,MAP_PMU,63,0.004032928286991311
3,UPFC_tsh,5-15,-0.2414869033897435,41,-0.2414222332974194,MAP_PMU,63,6.467009232408172e-05
4,UPFC_Vse,5-15,0.06322572676270481,41,0.06318830069089101,MAP_PMU,63,3.742607181379809e-05
5,UPFC_tse,5-15,-2.1853299206917343,41,-2.169501817510658,MAP_PMU,63,0.01582810318107608
0,x_tcsc,1-14,-0.10103361778616878,42,-0.10101225574976058,MAP_PMU,63,2.1362036408192897e-05
1,B_svc,2,0.17045935286738284,42,0.17062739233386445,MAP_PMU,63,0.00016803946648161205
2,UPFC_Vsh,5-15,1.1086932417859285,42,1.1129292855585908,MAP_PMU,63,0.00423604377266229
3,UPFC_tsh,5-15,-0.2414694196831469,42,-0.2414222332974194,MAP_PMU,63,4.718638572748235e-05
4,UPFC_Vse,5-15,0.06265068365661354,42,0.06318830069089101,MAP_PMU,63,0.0005376170342774739
5,UPFC_tse,5-15,-2.1844098842825015,42,-2.169501817510658,MAP_PMU,63,0.014908066771843309
0,x_tcsc,1-14,-0.10103579733733414,43,-0.10101225574976058,MAP_PMU,63,2.3541587573561173e-05
1,B_svc,2,0.1707370242255523,43,0.17062739233386445,MAP_PMU,63,0.0001096318916878336
2,UPFC_Vsh,5-15,1.1087202528095124,43,1.1129292855585908,MAP_PMU,63,0.004209032749078467
3,UPFC_tsh,5-15,-0.24148178027591877,43,-0.2414222332974194,MAP_PMU,63,5.954697849935853e-05
4,UPFC_Vse,5-15,0.06332044863811762,43,0.06318830069089101,MAP_PMU,63,0.00013214794722660184
5,UPFC_tse,5-15,-2.178379902859124,43,-2.169501817510658,MAP_PMU,63,0.008878085348465792
0,x_tcsc,1-14,-0.10101863262740096,44,-0.10101225574976058,MAP_PMU,63,6.376877640379419e-06
1,B_svc,2,0.17098817840437533,44,0.17062739233386445,MAP_PMU,63,0.00036078607051087674
2,UPFC_Vsh,5-15,1.1085866063159724,44,1.1129292855585908,MAP_PMU,63,0.004342679242618441
3,UPFC_tsh,5-15,-0.2415085057056983,44,-0.2414222332974194,MAP_PMU,63,8.627240827888127e-05
4,UPFC_Vse,5-15,0.06384325007880413,44,0.06318830069089101,MAP_PMU,63,0.0006549493879131202
5,UPFC_tse,5-15,-2.1914137501388677,44,-2.169501817510658,MAP_PMU,63,0.021911932628209563
0,x_tcsc,1-14,-0.10101545832882444,45,-0.10101225574976058,MAP_PMU,63,3.2025790638601226e-06
1,B_svc,2,0.17091948668057239,45,0.17062739233386445,MAP_PMU,63,0.0002920943467079329
2,UPFC_Vsh,5-15,1.1087168082098404,45,1.1129292855585908,MAP_PMU,63,0.00421247734875041
3,UPFC_tsh,5-15,-0.24142372761124287,45,-0.2414222332974194,MAP_PMU,63,1.4943138234579934e-06
4,UPFC_Vse,5-15,0.06348815996662656,45,0.06318830069089101,MAP_PMU,63,0.00029985927573554505
5,UPFC_tse,5-15,-2.1951118149907316,45,-2.169501817510658,MAP_PMU,63,0.02560999748007342
0,x_tcsc,1-14,-0.10102482335309962,46,-0.10101225574976058,MAP_PMU,63,1.2567603339036504e-05
1,B_svc,2,0.17059123073277602,46,0.17062739233386445,MAP_PMU,63,3.61616010884358e-05
2,UPFC_Vsh,5-15,1.1087563871192168,46,1.1129292855585908,MAP_PMU,63,0.004172898439374073
3,UPFC_tsh,5-15,-0.24148879875166607,46,-0.2414222332974194,MAP_PMU,63,6.656545424665872e-05
4,UPFC_Vse,5-15,0.06319583240301269,46,0.06318830069089101,MAP_PMU,63,7.5317121216722516e-06
5,UPFC_tse,5-15,-2.192891016558735,46,-2.169501817510658,MAP_PMU,63,0.023389199048077014
0,x_tcsc,1-14,-0.10102549993327982,47,-0.10101225574976058,MAP_PMU,63,1.3244183519237063e-05
1,B_svc,2,0.17043767194714543,47,0.17062739233386445,MAP_PMU,63,0.00018972038671902225
2,UPFC_Vsh,5-15,1.108403579389884,47,1.1129292855585908,MAP_PMU,63,0.0045257061687067335
3,UPFC_tsh,5-15,-0.24153663342438741,47,-0.2414222332974194,MAP_PMU,63,0.00011440012696800617
4,UPFC_Vse,5-15,0.06318862524714396,47,0.06318830069089101,MAP_PMU,63,3.2455625294247614e-07
5,UPFC_tse,5-15,-2.2005608554810565,47,-2.169501817510658,MAP_PMU,63,0.03105903797039833
0,x_tcsc,1-14,-0.10105500730591067,48,-0.10101225574976058,MAP_PMU,63,4.275155615009185e-05
1,B_svc,2,0.1704404056793025,48,0.17062739233386445,MAP_PMU,63,0.00018698665456196029
2,UPFC_Vsh,5-15,1.1088201765436945,48,1.1129292855585908,MAP_PMU,63,0.004109109014896362
3,UPFC_tsh,5-15,-0.2414358992660303,48,-0.2414222332974194,MAP_PMU,63,1.3665968610881984e-05
4,UPFC_Vse,5-15,0.06265917666886438,48,0.06318830069089101,MAP_PMU,63,0.0005291240220266363
5,UPFC_tse,5-15,-2.1992379950553405,48,-2.169501817510658,MAP_PMU,63,0.029736177544682274
0,x_tcsc,1-14,-0.1009943314593597,49,-0.10101225574976058,MAP_PMU,63,1.792429040088639e-05
1,B_svc,2,0.17095826694385244,49,0.17062739233386445,MAP_PMU,63,0.00033087460998798557
2,UPFC_Vsh,5-15,1.108671553883112,49,1.1129292855585908,MAP_PMU,63,0.004257731675478826
3,UPFC_tsh,5-15,-0.2414596113666181,49,-0.2414222332974194,MAP_PMU,63,3.737806919867914e-05
4,UPFC_Vse,5-15,0.06278916362526331,49,0.06318830069089101,MAP_PMU,63,0.00039913706562770546
5,UPFC_tse,5-15,-2.1819971408824625,49,-2.169501817510658,MAP_PMU,63,0.012495323371804368
0,x_tcsc,1-14,-0.10102110853249635,50,-0.10101225574976058,MAP_PMU,63,8.852782735768727e-06
1,B_svc,2,0.17046374561007555,50,0.17062739233386445,MAP_PMU,63,0.0001636467237889072
2,UPFC_Vsh,5-15,1.1084025366770307,50,1.1129292855585908,MAP_PMU,63,0.0045267488815601276
3,UPFC_tsh,5-15,-0.24151018023163082,50,-0.2414222332974194,MAP_PMU,63,8.794693421140809e-05
4,UPFC_Vse,5-15,0.06353241536615394,50,0.06318830069089101,MAP_PMU,63,0.0003441146752629215
5,UPFC_tse,5-15,-2.191777462395226,50,-2.169501817510658,MAP_PMU,63,0.022275644884568013
0,x_tcsc,1-14,-0.10103494838865455,51,-0.10101225574976058,MAP_PMU,63,2.269263889397022e-05
1,B_svc,2,0.1707539444007489,51,0.17062739233386445,MAP_PMU,63,0.00012655206688444443
2,UPFC_Vsh,5-15,1.1087793726833706,51,1.1129292855585908,MAP_PMU,63,0.004149912875220263
3,UPFC_tsh,5-15,-0.24150964856608928,51,-0.2414222332974194,MAP_PMU,63,8.741526866987148e-05
4,UPFC_Vse,5-15,0.0632032696115848,51,0.06318830069089101,MAP_PMU,63,1.496892069378919e-05
5,UPFC_tse,5-15,-2.183525191994089,51,-2.169501817510658,MAP_PMU,63,0.014023374483430828
0,x_tcsc,1-14,-0.10100470677706418,52,-0.10101225574976058,MAP_PMU,63,7.5489726964056425e-06
1,B_svc,2,0.17102769729255382,52,0.17062739233386445,MAP_PMU,63,0.0004003049586893681
2,UPFC_Vsh,5-15,1.108752030062817,52,1.1129292855585908,MAP_PMU,63,0.004177255495773746
3,UPFC_tsh,5-15,-0.24145778051104472,52,-0.2414222332974194,MAP_PMU,63,3.554721362530877e-05
4,UPFC_Vse,5-15,0.06335381936639553,52,0.06318830069089101,MAP_PMU,63,0.00016551867550451682
5,UPFC_tse,5-15,-2.184293245291134,52,-2.169501817510658,MAP_PMU,63,0.014791427780475708
0,x_tcsc,1-14,-0.10101766058428503,53,-0.10101225574976058,MAP_PMU,63,5.404834524450064e-06
1,B_svc,2,0.17038622406027976,53,0.17062739233386445,MAP_PMU,63,0.0002411682735846965
2,UPFC_Vsh,5-15,1.1087724978155478,53,1.1129292855585908,MAP_PMU,63,0.004156787743043067
3,UPFC_tsh,5-15,-0.24139538990852744,53,-0.2414222332974194,MAP_PMU,63,2.6843388891972797e-05
4,UPFC_Vse,5-15,0.06304651571543665,53,0.06318830069089101,MAP_PMU,63,0.00014178497545436208
5,UPFC_tse,5-15,-2.182570183510572,53,-2.169501817510658,MAP_PMU,63,0.013068365999914011
0,x_tcsc,1-14,-0.10103769679462625,54,-0.10101225574976058,MAP_PMU,63,2.5441044865667783e-05
1,B_svc,2,0.17076068475556144,54,0.17062739233386445,MAP_PMU,63,0.00013329242169698996
2,UPFC_Vsh,5-15,1.108585205419426,54,1.1129292855585908,MAP_PMU,63,0.004344080139164763
3,UPFC_tsh,5-15,-0.2414442615272829,54,-0.2414222332974194,MAP_PMU,63,2.2028229863496618e-05
4,UPFC_Vse,5-15,0.0634359846535354,54,0.06318830069089101,MAP_PMU,63,0.0002476839626443794
5,UPFC_tse,5-15,-2.1892518038359228,54,-2.169501817510658,MAP_PMU,63,0.01974998632526459
0,x_tcsc,1-14,-0.10102095769788633,55,-0.10101225574976058,MAP_PMU,63,8.70194812574443e-06
1,B_svc,2,0.1709991231736859,55,0.17062739233386445,MAP_PMU,63,0.00037173083982144917
2,UPFC_Vsh,5-15,1.1086644810534403,55,1.1129292855585908,MAP_PMU,63,0.0042648045051505434
3,UPFC_tsh,5-15,-0.2415190382112055,55,-0.2414222332974194,MAP_PMU,63,9.680491378608047e-05
4,UPFC_Vse,5-15,0.0636739350409978,55,0.06318830069089101,MAP_PMU,63,0.00048563435010678946
5,UPFC_tse,5-15,-2.18672513072705,55,-2.169501817510658,MAP_PMU,63,0.017223313216391922
0,x_tcsc,1-14,-0.10107277292548988,56,-0.10101225574976058,MAP_PMU,63,6.051717572930215e-05
1,B_svc,2,0.1709096612409593,56,0.17062739233386445,MAP_PMU,63,0.00028226890709484587
2,UPFC_Vsh,5-15,1.1084490260442381,56,1.1129292855585908,MAP_PMU,63,0.0044802595143527135
3,UPFC_tsh,5-15,-0.2415016310970559,56,-0.2414222332974194,MAP_PMU,63,7.939779963650473e-05
4,UPFC_Vse,5-15,0.06271804814051121,56,0.06318830069089101,MAP_PMU,63,0.0004702525503798016
5,UPFC_tse,5-15,-2.184189942030154,56,-2.169501817510658,MAP_PMU,63,0.014688124519495638
0,x_tcsc,1-14,-0.1010218385001611,57,-0.10101225574976058,MAP_PMU,63,9.582750400513596e-06
1,B_svc,2,0.17082462155420416,57,0.17062739233386445,MAP_PMU,63,0.0001972292203397119
2,UPFC_Vsh,5-15,1.1087690557236658,57,1.1129292855585908,MAP_PMU,63,0.004160229834925033
3,UPFC_tsh,5-15,-0.24135231135840432,57,-0.2414222332974194,MAP_PMU,63,6.992193901508847e-05
4,UPFC_Vse,5-15,0.06243463051729625,57,0.06318830069089101,MAP_PMU,63,0.0007536701735947615
5,UPFC_tse,5-15,-2.1803679396884332,57,-2.169501817510658,MAP_PMU,63,0.01086612217777505
0,x_tcsc,1-14,-0.10106597431509316,58,-0.10101225574976058,MAP_PMU,63,5.371856533258057e-05
1,B_svc,2,0.17044105101473014,58,0.17062739233386445,MAP_PMU,63,0.00018634131913430885
2,UPFC_Vsh,5-15,1.108654853618172,58,1.1129292855585908,MAP_PMU,63,0.004274431940418877
3,UPFC_tsh,5-15,-0.24153609524833577,58,-0.2414222332974194,MAP_PMU,63,0.0001138619509163663
4,UPFC_Vse,5-15,0.06335843334134376,58,0.06318830069089101,MAP_PMU,63,0.0001701326504527506
5,UPFC_tse,5-15,-2.187369759003826,58,-2.169501817510658,MAP_PMU,63,0.017867941493167727
0,x_tcsc,1-14,-0.10106766383058986,59,-0.10101225574976058,MAP_PMU,63,5.5408080829280615e-05
1,B_svc,2,0.1704578124266768,59,0.17062739233386445,MAP_PMU,63,0.00016957990718766136
2,UPFC_Vsh,5-15,1.108579191892845,59,1.1129292855585908,MAP_PMU,63,0.004350093665745902
3,UPFC_tsh,5-15,-0.24153221848329587,59,-0.2414222332974194,MAP_PMU,63,0.00010998518587646
4,UPFC_Vse,5-15,0.06317091583719596,59,0.06318830069089101,MAP_PMU,63,1.738485369505438e-05
5,UPFC_tse,5-15,-2.189492457430867,59,-2.169501817510658,MAP_PMU,63,0.019990639920208775
0,x_tcsc,1-14,-0.10101693992113073,60,-0.10101225574976058,MAP_PMU,63,4.684171370145096e-06
1,B_svc,2,0.17103039129129208,60,0.17062739233386445,MAP_PMU,63,0.0004029989574276249
2,UPFC_Vsh,5-15,1.1088025062266693,60,1.1129292855585908,MAP_PMU,63,0.004126779331921515
3,UPFC_tsh,5-15,-0.24147266566627995,60,-0.2414222332974194,MAP_PMU,63,5.0432368860542365e-05
4,UPFC_Vse,5-15,0.06250702150134843,60,0.06318830069089101,MAP_PMU,63,0.0006812791895425829
5,UPFC_tse,5-15,-2.1777482338858576,60,-2.169501817510658,MAP_PMU,63,0.008246416375199406
0,x_tcsc,1-14,-0.10106946268696938,61,-0.10101225574976058,MAP_PMU,63,5.720693720880077e-05
1,B_svc,2,0.17042893502160172,61,0.17062739233386445,MAP_PMU,63,0.00019845731226272867
2,UPFC_Vsh,5-15,1.1086745448487736,61,1.1129292855585908,MAP_PMU,63,0.00425474070981724
3,UPFC_tsh,5-15,-0.24149533477285737,61,-0.2414222332974194,MAP_PMU,63,7.310147543795886e-05
4,UPFC_Vse,5-15,0.06335649512838012,61,0.06318830069089101,MAP_PMU,63,0.0001681944374891109
5,UPFC_tse,5-15,-2.1895731086030263,61,-2.169501817510658,MAP_PMU,63,0.02007129109236816
0,x_tcsc,1-14,-0.10103105906541654,62,-0.10101225574976058,MAP_PMU,63,1.8803315655957498e-05
1,B_svc,2,0.1701586789112844,62,0.17062739233386445,MAP_PMU,63,0.00046871342258006377
2,UPFC_Vsh,5-15,1.1089092042815087,62,1.1129292855585908,MAP_PMU,63,0.004020081277082088
3,UPFC_tsh,5-15,-0.24148881366366298,62,-0.2414222332974194,MAP_PMU,63,6.658036624357377e-05
4,UPFC_Vse,5-15,0.06295310743779743,62,0.06318830069089101,MAP_PMU,63,0.0002351932530935824
5,UPFC_tse,5-15,-2.186948703845504,62,-2.169501817510658,MAP_PMU,63,0.017446886334846035
0,x_tcsc,1-14,-0.10101000537728479,63,-0.10101225574976058,MAP_PMU,63,2.2503724757955146e-06
1,B_svc,2,0.17045324953588858,63,0.17062739233386445,MAP_PMU,63,0.00017414279797586807
2,UPFC_Vsh,5-15,1.1085371196208555,63,1.1129292855585908,MAP_PMU,63,0.004392165937735282
3,UPFC_tsh,5-15,-0.24148579813409832,63,-0.2414222332974194,MAP_PMU,63,6.356483667890878e-05
4,UPFC_Vse,5-15,0.06265439666025832,63,0.06318830069089101,MAP_PMU,63,0.0005339040306326925
5,UPFC_tse,5-15,-2.1893691602227228,63,-2.169501817510658,MAP_PMU,63,0.019867342712064584
0,x_tcsc,1-14,-0.10101493294896283,64,-0.10101225574976058,MAP_PMU,63,2.677199202244518e-06
1,B_svc,2,0.17049197753148812,64,0.17062739233386445,MAP_PMU,63,0.0001354148023763324
2,UPFC_Vsh,5-15,1.1087060126279724,64,1.1129292855585908,MAP_PMU,63,0.004223272930618416
3,UPFC_tsh,5-15,-0.2413997389370204,64,-0.2414222332974194,MAP_PMU,63,2.2494360399000213e-05
4,UPFC_Vse,5-15,0.06284099796815872,64,0.06318830069089101,MAP_PMU,63,0.00034730272273229834
5,UPFC_tse,5-15,-2.18069945881396,64,-2.169501817510658,MAP_PMU,63,0.011197641303301697
0,x_tcsc,1-14,-0.10103222297377293,65,-0.10101225574976058,MAP_PMU,63,1.9967224012346074e-05
1,B_svc,2,0.1709105757765559,65,0.17062739233386445,MAP_PMU,63,0.00028318344269145923
2,UPFC_Vsh,5-15,1.1088158308294553,65,1.1129292855585908,MAP_PMU,63,0.004113454729135491
3,UPFC_tsh,5-15,-0.24147267612416445,65,-0.2414222332974194,MAP_PMU,63,5.044282674504519e-05
4,UPFC_Vse,5-15,0.06296148992805821,65,0.06318830069089101,MAP_PMU,63,0.00022681076283280477
5,UPFC_tse,5-15,-2.1888669975294244,65,-2.169501817510658,MAP_PMU,63,0.019365180018766193
0,x_tcsc,1-14,-0.10102398005771362,66,-0.10101225574976058,MAP_PMU,63,1.172430795304269e-05
1,B_svc,2,0.17069673980239822,66,0.17062739233386445,MAP_PMU,63,6.934746853376472e-05
2,UPFC_Vsh,5-15,1.1089541817512234,66,1.1129292855585908,MAP_PMU,63,0.0039751038073674305
3,UPFC_tsh,5-15,-0.24140447162854775,66,-0.2414222332974194,MAP_PMU,63,1.7761668871657532e-05
4,UPFC_Vse,5-15,0.06304831645458822,66,0.06318830069089101,MAP_PMU,63,0.00013998423630279255
5,UPFC_tse,5-15,-2.1825541538591815,66,-2.169501817510658,MAP_PMU,63,0.013052336348523319
0,x_tcsc,1-14,-0.10104277112587357,67,-0.10101225574976058,MAP_PMU,63,3.0515376112982828e-05
1,B_svc,2,0.17071024787927336,67,0.17062739233386445,MAP_PMU,63,8.285554540890527e-05
2,UPFC_Vsh,5-15,1.1083861905972394,67,1.1129292855585908,MAP_PMU,63,0.004543094961351413
3,UPFC_tsh,5-15,-0.24151224555088321,67,-0.2414222332974194,MAP_PMU,63,9.001225346380592e-05
4,UPFC_Vse,5-15,0.06336521318748027,67,0.06318830069089101,MAP_PMU,63,0.00017691249658925712
5,UPFC_tse,5-15,-2.192730278712613,67,-2.169501817510658,MAP_PMU,63,0.023228461201954875
0,x_tcsc,1-14,-0.10103440539499405,68,-0.10101225574976058,MAP_PMU,63,2.2149645233462967e-05
1,B_svc,2,0.17076387020375022,68,0.17062739233386445,MAP_PMU,63,0.00013647786988577049
2,UPFC_Vsh,5-15,1.108601644278824,68,1.1129292855585908,MAP_PMU,63,0.004327641279766814
3,UPFC_tsh,5-15,-0.24153247715677062,68,-0.2414222332974194,MAP_PMU,63,0.00011024385935121117
4,UPFC_Vse,5-15,0.06284243869206249,68,0.06318830069089101,MAP_PMU,63,0.00034586199882852275
5,UPFC_tse,5-15,-2.19816803251908,68,-2.169501817510658,MAP_PMU,63,0.028666215008422036
0,x_tcsc,1-14,-0.10101706710134639,69,-0.10101225574976058,MAP_PMU,63,4.811351585809476e-06
1,B_svc,2,0.1703884589950877,69,0.17062739233386445,MAP_PMU,63,0.00023893333877675338
2,UPFC_Vsh,5-15,1.1092071053471966,69,1.1129292855585908,MAP_PMU,63,0.003722180211394255
3,UPFC_tsh,5-15,-0.24135701130935544,69,-0.2414222332974194,MAP_PMU,63,6.522198806396817e-05
4,UPFC_Vse,5-15,0.06203612072791516,69,0.06318830069089101,MAP_PMU,63,0.001152179962975855
5,UPFC_tse,5-15,-2.1718796713878112,69,-2.169501817510658,MAP_PMU,63,0.0023778538771530577
0,x_tcsc,1-14,-0.10102485106969199,70,-0.10101225574976058,MAP_PMU,63,1.2595319931404947e-05
1,B_svc,2,0.17021205369193773,70,0.17062739233386445,MAP_PMU,63,0.0004153386419267213
2,UPFC_Vsh,5-15,1.1089031155681066,70,1.1129292855585908,MAP_PMU,63,0.0040261699904842185
3,UPFC_tsh,5-15,-0.24140503220764697,70,-0.2414222332974194,MAP_PMU,63,1.7201089772433953e-05
4,UPFC_Vse,5-15,0.06261820376544447,70,0.06318830069089101,MAP_PMU,63,0.0005700969254465449
5,UPFC_tse,5-15,-2.1781144089357314,70,-2.169501817510658,MAP_PMU,63,0.008612591425073202
0,x_tcsc,1-14,-0.10104468263748508,71,-0.10101225574976058,MAP_PMU,63,3.24268877244932e-05
1,B_svc,2,0.17072630540882475,71,0.17062739233386445,MAP_PMU,63,9.8913074960294e-05
2,UPFC_Vsh,5-15,1.1087183126784776,71,1.1129292855585908,MAP_PMU,63,0.004210972880113184
3,UPFC_tsh,5-15,-0.24153457102065892,71,-0.2414222332974194,MAP_PMU,63,0.00011233772323951396
4,UPFC_Vse,5-15,0.06379801909964965,71,0.06318830069089101,MAP_PMU,63,0.0006097184087586333
5,UPFC_tse,5-15,-2.1866485335621313,71,-2.169501817510658,MAP_PMU,63,0.01714671605147311
0,x_tcsc,1-14,-0.10103012527781047,72,-0.10101225574976058,MAP_PMU,63,1.7869528049885286e-05
1,B_svc,2,0.17017913634816453,72,0.17062739233386445,MAP_PMU,63,0.0004482559856999191
2,UPFC_Vsh,5-15,1.1090870097999175,72,1.1129292855585908,MAP_PMU,63,0.0038422757586733525
3,UPFC_tsh,5-15,-0.2414499286797681,72,-0.2414222332974194,MAP_PMU,63,2.7695382348702502e-05
4,UPFC_Vse,5-15,0.06259985769147804,72,0.06318830069089101,MAP_PMU,63,0.0005884429994129775
5,UPFC_tse,5-15,-2.181195299496961,72,-2.169501817510658,MAP_PMU,63,0.0116934819863026
0,x_tcsc,1-14,-0.1010242440695907,73,-0.10101225574976058,MAP_PMU,63,1.1988319830111283e-05
1,B_svc,2,0.1710806984274959,73,0.17062739233386445,MAP_PMU,63,0.00045330609363145036
2,UPFC_Vsh,5-15,1.1088696501259268,73,1.1129292855585908,MAP_PMU,63,0.004059635432664077
3,UPFC_tsh,5-15,-0.24152071533180317,73,-0.2414222332974194,MAP_PMU,63,9.848203438375669e-05
4,UPFC_Vse,5-15,0.06310755613830024,73,0.06318830069089101,MAP_PMU,63,8.07445525907724e-05
5,UPFC_tse,5-15,-2.188962070798203,73,-2.169501817510658,MAP_PMU,63,0.01946025328754475
0,x_tcsc,1-14,-0.10104306526777367,74,-0.10101225574976058,MAP_PMU,63,3.0809518013083514e-05
1,B_svc,2,0.1708543862091801,74,0.17062739233386445,MAP_PMU,63,0.0002269938753156342
2,UPFC_Vsh,5-15,1.109023946754,74,1.1129292855585908,MAP_PMU,63,0.0039053388045908743
3,UPFC_tsh,5-15,-0.24145984211813507,74,-0.2414222332974194,MAP_PMU,63,3.760882071565663e-05
4,UPFC_Vse,5-15,0.06267046029760773,74,0.06318830069089101,MAP_PMU,63,0.0005178403932832865
5,UPFC_tse,5-15,-2.1778729446122607,74,-2.169501817510658,MAP_PMU,63,0.008371127101602482
0,x_tcsc,1-14,-0.10103502068971205,75,-0.10101225574976058,MAP_PMU,63,2.276493995147233e-05
1,B_svc,2,0.17085203232688212,75,0.17062739233386445,MAP_PMU,63,0.0002246399930176668
2,UPFC_Vsh,5-15,1.108579708892967,75,1.1129292855585908,MAP_PMU,63,0.0043495766656238555
3,UPFC_tsh,5-15,-0.2415601601176334,75,-0.2414222332974194,MAP_PMU,63,0.0001379268202139905
4,UPFC_Vse,5-15,0.06337329996019977,75,0.06318830069089101,MAP_PMU,63,0.00018499926930876098
5,UPFC_tse,5-15,-2.196604986077758,75,-2.169501817510658,MAP_PMU,63,0.02710316856709971
0,x_tcsc,1-14,-0.10101359929463227,76,-0.10101225574976058,MAP_PMU,63,1.3435448716903053e-06
1,B_svc,2,0.17137808579338168,76,0.17062739233386445,MAP_PMU,63,0.0007506934595172265
2,UPFC_Vsh,5-15,1.1086830060390647,76,1.1129292855585908,MAP_PMU,63,0.004246279519526164
3,UPFC_tsh,5-15,-0.24148946590146467,76,-0.2414222332974194,MAP_PMU,63,6.723260404525866e-05
4,UPFC_Vse,5-15,0.06298579017093926,76,0.06318830069089101,MAP_PMU,63,0.0002025105199517513
5,UPFC_tse,5-15,-2.181879047084403,76,-2.169501817510658,MAP_PMU,63,0.012377229573744764
0,x_tcsc,1-14,-0.10101972257537394,77,-0.10101225574976058,MAP_PMU,63,7.466825613353101e-06
1,B_svc,2,0.17033060689234397,77,0.17062739233386445,MAP_PMU,63,0.0002967854415204807
2,UPFC_Vsh,5-15,1.1089223910736414,77,1.1129292855585908,MAP_PMU,63,0.004006894484949397
3,UPFC_tsh,5-15,-0.24146933719219718,77,-0.2414222332974194,MAP_PMU,63,4.710389477777244e-05
4,UPFC_Vse,5-15,0.0632147370428468,77,0.06318830069089101,MAP_PMU,63,2.643635195578864e-05
5,UPFC_tse,5-15,-2.1788476139727817,77,-2.169501817510658,MAP_PMU,63,0.009345796462123523
0,x_tcsc,1-14,-0.10100328277546236,78,-0.10101225574976058,MAP_PMU,63,8.972974298221414e-06
1,B_svc,2,0.1702436880738424,78,0.17062739233386445,MAP_PMU,63,0.00038370426002204416
2,UPFC_Vsh,5-15,1.109100568637984,78,1.1129292855585908,MAP_PMU,63,0.0038287169206068228
3,UPFC_tsh,5-15,-0.24139765871510918,78,-0.2414222332974194,MAP_PMU,63,2.4574582310227244e-05
4,UPFC_Vse,5-15,0.06322655261878395,78,0.06318830069089101,MAP_PMU,63,3.825192789293219e-05
5,UPFC_tse,5-15,-2.1805467770897016,78,-2.169501817510658,MAP_PMU,63,0.01104495957904339
0,x_tcsc,1-14,-0.10101908325234762,79,-0.10101225574976058,MAP_PMU,63,6.8275025870423445e-06
1,B_svc,2,0.17087915950316251,79,0.17062739233386445,MAP_PMU,63,0.00025176716929806164
2,UPFC_Vsh,5-15,1.1086296100518622,79,1.1129292855585908,MAP_PMU,63,0.004299675506728606
3,UPFC_tsh,5-15,-0.2414397719563381,79,-0.2414222332974194,MAP_PMU,63,1.7538658918681005e-05
4,UPFC_Vse,5-15,0.06240527921348623,79,0.06318830069089101,MAP_PMU,63,0.0007830214774047842
5,UPFC_tse,5-15,-2.1893484405568335,79,-2.169501817510658,MAP_PMU,63,0.01984662304617535
0,x_tcsc,1-14,-0.10102613519695425,80,-0.10101225574976058,MAP_PMU,63,1.3879447193665406e-05
1,B_svc,2,0.17099692313139053,80,0.17062739233386445,MAP_PMU,63,0.00036953079752607976
2,UPFC_Vsh,5-15,1.1091772319111477,80,1.1129292855585908,MAP_PMU,63,0.003752053647443132
3,UPFC_tsh,5-15,-0.24150827446653525,80,-0.2414222332974194,MAP_PMU,63,8.604116911584136e-05
4,UPFC_Vse,5-15,0.06294016918086823,80,0.06318830069089101,MAP_PMU,63,0.00024813151002278655
5,UPFC_tse,5-15,-2.1857905986128148,80,-2.169501817510658,MAP_PMU,63,0.01628878110215659
0,x_tcsc,1-14,-0.10100660229176318,81,-0.10101225574976058,MAP_PMU,63,5.653457997398248e-06
1,B_svc,2,0.1705975805100221,81,0.17062739233386445,MAP_PMU,63,2.9811823842346152e-05
2,UPFC_Vsh,5-15,1.108933279534713,81,1.1129292855585908,MAP_PMU,63,0.0039960060238777295
3,UPFC_tsh,5-15,-0.24146632763144818,81,-0.2414222332974194,MAP_PMU,63,4.409433402877139e-05
4,UPFC_Vse,5-15,0.06224403144890698,81,0.06318830069089101,MAP_PMU,63,0.0009442692419840346
5,UPFC_tse,5-15,-2.1784442017325767,81,-2.169501817510658,MAP_PMU,63,0.008942384221918509
0,x_tcsc,1-14,-0.10105291896873597,82,-0.10101225574976058,MAP_PMU,63,4.0663218975389714e-05
1,B_svc,2,0.17096586790116,82,0.17062739233386445,MAP_PMU,63,0.0003384755672955486
2,UPFC_Vsh,5-15,1.1087267540369286,82,1.1129292855585908,MAP_PMU,63,0.004202531521662278
3,UPFC_tsh,5-15,-0.2414835603642157,82,-0.2414222332974194,MAP_PMU,63,6.132706679629063e-05
4,UPFC_Vse,5-15,0.06364416831444933,82,0.06318830069089101,MAP_PMU,63,0.0004558676235583148
5,UPFC_tse,5-15,-2.1948342024230363,82,-2.169501817510658,MAP_PMU,63,0.025332384912378103
0,x_tcsc,1-14,-0.10103660348302046,83,-0.10101225574976058,MAP_PMU,63,2.434773325987738e-05
1,B_svc,2,0.17122103856985926,83,0.17062739233386445,MAP_PMU,63,0.0005936462359948103
2,UPFC_Vsh,5-15,1.108789853284551,83,1.1129292855585908,MAP_PMU,63,0.004139432274039789
3,UPFC_tsh,5-15,-0.24152625840031294,83,-0.2414222332974194,MAP_PMU,63,0.00010402510289353462
4,UPFC_Vse,5-15,0.06324538718473498,83,0.06318830069089101,MAP_PMU,63,5.708649384396358e-05
5,UPFC_tse,5-15,-2.196482954639729,83,-2.169501817510658,MAP_PMU,63,0.02698113712907091
0,x_tcsc,1-14,-0.10101907420236188,84,-0.10101225574976058,MAP_PMU,63,6.818452601295433e-06
1,B_svc,2,0.17061937222329765,84,0.17062739233386445,MAP_PMU,63,8.020110566803185e-06
2,UPFC_Vsh,5-15,1.1088507546831625,84,1.1129292855585908,MAP_PMU,63,0.00407853087542831
3,UPFC_tsh,5-15,-0.2414676253003973,84,-0.2414222332974194,MAP_PMU,63,4.5392002977900914e-05
4,UPFC_Vse,5-15,0.0632924264932313,84,0.06318830069089101,MAP_PMU,63,0.00010412580234028801
5,UPFC_tse,5-15,-2.1797039571533388,84,-2.169501817510658,MAP_PMU,63,0.010202139642680574
0,x_tcsc,1-14,-0.10102210651152374,85,-0.10101225574976058,MAP_PMU,63,9.850761763158244e-06
1,B_svc,2,0.17074823585610102,85,0.17062739233386445,MAP_PMU,63,0.00012084352223656891
2,UPFC_Vsh,5-15,1.1091275471098545,85,1.1129292855585908,MAP_PMU,63,0.003801738448736325
3,UPFC_tsh,5-15,-0.2414468338351718,85,-0.2414222332974194,MAP_PMU,63,2.460053775238391e-05
4,UPFC_Vse,5-15,0.06246903081877609,85,0.06318830069089101,MAP_PMU,63,0.0007192698721149235
5,UPFC_tse,5-15,-2.1774154485911223,85,-2.169501817510658,MAP_PMU,63,0.007913631080464167
0,x_tcsc,1-14,-0.10104137405380809,86,-0.10101225574976058,MAP_PMU,63,2.911830404750404e-05
1,B_svc,2,0.17089555189834615,86,0.17062739233386445,MAP_PMU,63,0.0002681595644817014
2,UPFC_Vsh,5-15,1.108792986936296,86,1.1129292855585908,MAP_PMU,63,0.0041362986222948095
3,UPFC_tsh,5-15,-0.241402638964263,86,-0.2414222332974194,MAP_PMU,63,1.959433315640302e-05
4,UPFC_Vse,5-15,0.0623524502003099,86,0.06318830069089101,MAP_PMU,63,0.0008358504905811165
5,UPFC_tse,5-15,-2.182277205990861,86,-2.169501817510658,MAP_PMU,63,0.012775388480202654
0,x_tcsc,1-14,-0.1010191297115998,87,-0.10101225574976058,MAP_PMU,63,6.873961839223841e-06
1,B_svc,2,0.17057266326273843,87,0.17062739233386445,MAP_PMU,63,5.47290711260251e-05
2,UPFC_Vsh,5-15,1.1087301606634605,87,1.1129292855585908,MAP_PMU,63,0.004199124895130302
3,UPFC_tsh,5-15,-0.24148941800037327,87,-0.2414222332974194,MAP_PMU,63,6.71847029538597e-05
4,UPFC_Vse,5-15,0.06346091109390188,87,0.06318830069089101,MAP_PMU,63,0.00027261040301086725
5,UPFC_tse,5-15,-2.1873316181373275,87,-2.169501817510658,MAP_PMU,63,0.01782980062666928
0,x_tcsc,1-14,-0.10105025730005664,88,-0.10101225574976058,MAP_PMU,63,3.8001550296054565e-05
1,B_svc,2,0.17094603166588915,88,0.17062739233386445,MAP_PMU,63,0.00031863933202469497
2,UPFC_Vsh,5-15,1.1086974473198232,88,1.1129292855585908,MAP_PMU,63,0.0042318382387676046
3,UPFC_tsh,5-15,-0.2414469449018731,88,-0.2414222332974194,MAP_PMU,63,2.4711604453692138e-05
4,UPFC_Vse,5-15,0.06257119088622289,88,0.06318830069089101,MAP_PMU,63,0.0006171098046681284
5,UPFC_tse,5-15,-2.175208199095274,88,-2.169501817510658,MAP_PMU,63,0.005706381584615894
0,x_tcsc,1-14,-0.1010017625960335,89,-0.10101225574976058,MAP_PMU,63,1.0493153727086924e-05
1,B_svc,2,0.17072783707920183,89,0.17062739233386445,MAP_PMU,63,0.00010044474533738024
2,UPFC_Vsh,5-15,1.1083668226182875,89,1.1129292855585908,MAP_PMU,63,0.00456246294030338
3,UPFC_tsh,5-15,-0.24156104637615866,89,-0.2414222332974194,MAP_PMU,63,0.00013881307873925275
4,UPFC_Vse,5-15,0.06274644605277202,89,0.06318830069089101,MAP_PMU,63,0.0004418546381189936
5,UPFC_tse,5-15,-2.1917079068135332,89,-2.169501817510658,MAP_PMU,63,0.022206089302875043
0,x_tcsc,1-14,-0.1010331062378744,90,-0.10101225574976058,MAP_PMU,63,2.0850488113816068e-05
1,B_svc,2,0.1705611996586212,90,0.17062739233386445,MAP_PMU,63,6.61926752432429e-05
2,UPFC_Vsh,5-15,1.108582665215873,90,1.1129292855585908,MAP_PMU,63,0.004346620342717822
3,UPFC_tsh,5-15,-0.24140639193530805,90,-0.2414222332974194,MAP_PMU,63,1.5841362111357338e-05
4,UPFC_Vse,5-15,0.0627260193533463,90,0.06318830069089101,MAP_PMU,63,0.00046228133754470935
5,UPFC_tse,5-15,-2.183499144227363,90,-2.169501817510658,MAP_PMU,63,0.013997326716704617
0,x_tcsc,1-14,-0.10103099459527363,91,-0.10101225574976058,MAP_PMU,63,1.8738845513052715e-05
1,B_svc,2,0.17108517269765147,91,0.17062739233386445,MAP_PMU,63,0.00045778036378701925
2,UPFC_Vsh,5-15,1.1086186985575557,91,1.1129292855585908,MAP_PMU,63,0.004310587001035149
3,UPFC_tsh,5-15,-0.24142978401601597,91,-0.2414222332974194,MAP_PMU,63,7.550718596566197e-06
4,UPFC_Vse,5-15,0.06323924311184209,91,0.06318830069089101,MAP_PMU,63,5.0942420951077816e-05
5,UPFC_tse,5-15,-2.1950250248347865,91,-2.169501817510658,MAP_PMU,63,0.025523207324128272
0,x_tcsc,1-14,-0.10106064717618644,92,-0.10101225574976058,MAP_PMU,63,4.8391426425861694e-05
1,B_svc,2,0.1707459235119153,92,0.17062739233386445,MAP_PMU,63,0.00011853117805085689
2,UPFC_Vsh,5-15,1.108804168005317,92,1.1129292855585908,MAP_PMU,63,0.004125117553273938
3,UPFC_tsh,5-15,-0.24146755251438348,92,-0.2414222332974194,MAP_PMU,63,4.5319216964073705e-05
4,UPFC_Vse,5-15,0.06316101157734581,92,0.06318830069089101,MAP_PMU,63,2.7289113545200805e-05
5,UPFC_tse,5-15,-2.1878571353059977,92,-2.169501817510658,MAP_PMU,63,0.0183553177953395
0,x_tcsc,1-14,-0.10100968057775894,93,-0.10101225574976058,MAP_PMU,63,2.575172001639814e-06
1,B_svc,2,0.17039128209515345,93,0.17062739233386445,MAP_PMU,63,0.000236110238711007
2,UPFC_Vsh,5-15,1.1089938299819002,93,1.1129292855585908,MAP_PMU,63,0.003935455576690616
3,UPFC_tsh,5-15,-0.24150533660609202,93,-0.2414222332974194,MAP_PMU,63,8.310330867261628e-05
4,UPFC_Vse,5-15,0.06273092444592099,93,0.06318830069089101,MAP_PMU,63,0.0004573762449700258
5,UPFC_tse,5-15,-2.182816882074408,93,-2.169501817510658,MAP_PMU,63,0.013315064563749868
0,x_tcsc,1-14,-0.10101647521976273,94,-0.10101225574976058,MAP_PMU,63,4.2194700021480624e-06
1,B_svc,2,0.1708188264016276,94,0.17062739233386445,MAP_PMU,63,0.00019143406776314653
2,UPFC_Vsh,5-15,1.1084603817553804,94,1.1129292855585908,MAP_PMU,63,0.004468903803210411
3,UPFC_tsh,5-15,-0.2414408015668809,94,-0.2414222332974194,MAP_PMU,63,1.856826946150525e-05
4,UPFC_Vse,5-15,0.06319630887856412,94,0.06318830069089101,MAP_PMU,63,8.008187673103073e-06
5,UPFC_tse,5-15,-2.1917873397314924,94,-2.169501817510658,MAP_PMU,63,0.022285522220834242
0,x_tcsc,1-14,-0.10101192816479973,95,-0.10101225574976058,MAP_PMU,63,3.2758496085194544e-07
1,B_svc,2,0.17088526682769792,95,0.17062739233386445,MAP_PMU,63,0.0002578744938334654
2,UPFC_Vsh,5-15,1.1086506455925544,95,1.1129292855585908,MAP_PMU,63,0.0042786399660363905
3,UPFC_tsh,5-15,-0.24144074170526178,95,-0.2414222332974194,MAP_PMU,63,1.85084078423714e-05
4,UPFC_Vse,5-15,0.06322582334253124,95,0.06318830069089101,MAP_PMU,63,3.752265164022606e-05
5,UPFC_tse,5-15,-2.184684137713958,95,-2.169501817510658,MAP_PMU,63,0.015182320203299682
0,x_tcsc,1-14,-0.10103770997492818,96,-0.10101225574976058,MAP_PMU,63,2.5454225167600986e-05
1,B_svc,2,0.17046936702072016,96,0.17062739233386445,MAP_PMU,63,0.00015802531314429435
2,UPFC_Vsh,5-15,1.1087200709219047,96,1.1129292855585908,MAP_PMU,63,0.004209214636686109
3,UPFC_tsh,5-15,-0.24141157764470889,96,-0.2414222332974194,MAP_PMU,63,1.0655652710522823e-05
4,UPFC_Vse,5-15,0.06291826209525438,96,0.06318830069089101,MAP_PMU,63,0.00027003859563663746
5,UPFC_tse,5-15,-2.182550221729955,96,-2.169501817510658,MAP_PMU,63,0.01304840421929665
0,x_tcsc,1-14,-0.10104002494545486,97,-0.10101225574976058,MAP_PMU,63,2.776919569427716e-05
1,B_svc,2,0.1708025855515209,97,0.17062739233386445,MAP_PMU,63,0.00017519321765643858
2,UPFC_Vsh,5-15,1.1091002565021952,97,1.1129292855585908,MAP_PMU,63,0.003829029056395594
3,UPFC_tsh,5-15,-0.24148709620505837,97,-0.2414222332974194,MAP_PMU,63,6.486290763896285e-05
4,UPFC_Vse,5-15,0.06355274686046586,97,0.06318830069089101,MAP_PMU,63,0.00036444616957484466
5,UPFC_tse,5-15,-2.184431749891964,97,-2.169501817510658,MAP_PMU,63,0.01492993238130591
0,x_tcsc,1-14,-0.10104962497882224,98,-0.10101225574976058,MAP_PMU,63,3.7369229061653964e-05
1,B_svc,2,0.17093582688605946,98,0.17062739233386445,MAP_PMU,63,0.00030843455219500826
2,UPFC_Vsh,5-15,1.1089530041154154,98,1.1129292855585908,MAP_PMU,63,0.003976281443175411
3,UPFC_tsh,5-15,-0.24149199567519625,98,-0.2414222332974194,MAP_PMU,63,6.976237777683858e-05
4,UPFC_Vse,5-15,0.06283590397376199,98,0.06318830069089101,MAP_PMU,63,0.00035239671712902765
5,UPFC_tse,5-15,-2.184099487746703,98,-2.169501817510658,MAP_PMU,63,0.014597670236044635
0,x_tcsc,1-14,-0.10103789107326772,99,-0.10101225574976058,MAP_PMU,63,2.5635323507133823e-05
1,B_svc,2,0.17089630034439005,99,0.17062739233386445,MAP_PMU,63,0.00026890801052559254
2,UPFC_Vsh,5-15,1.108693440735656,99,1.1129292855585908,MAP_PMU,63,0.004235844822934931
3,UPFC_tsh,5-15,-0.24147599797931663,99,-0.2414222332974194,MAP_PMU,63,5.376468189721706e-05
4,UPFC_Vse,5-15,0.06302859989153606,99,0.06318830069089101,MAP_PMU,63,0.00015970079935495596
5,UPFC_tse,5-15,-2.187980064192296,99,-2.169501817510658,MAP_PMU,63,0.018478246681637778
0,x_tcsc,1-14,-0.10435919193784227,0,-0.10433918663588006,MAP_PMU,65,2.0005301962208732e-05
1,B_svc,2,0.17340258759362298,0,0.17385470840421569,MAP_PMU,65,0.00045212081059270437
2,UPFC_Vsh,5-15,1.108991360423063,0,1.1114756956253016,MAP_PMU,65,0.0024843352022385634
3,UPFC_tsh,5-15,-0.23808854251778144,0,-0.23814240174598778,MAP_PMU,65,5.3859228206332155e-05
4,UPFC_Vse,5-15,0.06283487835366881,0,0.06347709884856012,MAP_PMU,65,0.0006422204948913074
5,UPFC_tse,5-15,-2.1787264134211086,0,-2.165067531433945,MAP_PMU,65,0.013658881987163696
0,x_tcsc,1-14,-0.1043387780797747,1,-0.10433918663588006,MAP_PMU,65,4.0855610536350007e-07
1,B_svc,2,0.1735965406755266,1,0.17385470840421569,MAP_PMU,65,0.0002581677286890849
2,UPFC_Vsh,5-15,1.1092788981901074,1,1.1114756956253016,MAP_PMU,65,0.0021967974351941866
3,UPFC_tsh,5-15,-0.23809934491303852,1,-0.23814240174598778,MAP_PMU,65,4.305683294925089e-05
4,UPFC_Vse,5-15,0.06292767817770178,1,0.06347709884856012,MAP_PMU,65,0.000549420670858336
5,UPFC_tse,5-15,-2.173479474654786,1,-2.165067531433945,MAP_PMU,65,0.008411943220841156
0,x_tcsc,1-14,-0.10433738379113228,2,-0.10433918663588006,MAP_PMU,65,1.8028447477808074e-06
1,B_svc,2,0.17382792597889396,2,0.17385470840421569,MAP_PMU,65,2.6782425321725256e-05
2,UPFC_Vsh,5-15,1.1087308141650671,2,1.1114756956253016,MAP_PMU,65,0.0027448814602344385
3,UPFC_tsh,5-15,-0.23817669180758758,2,-0.23814240174598778,MAP_PMU,65,3.429006159980097e-05
4,UPFC_Vse,5-15,0.0632700543858101,2,0.06347709884856012,MAP_PMU,65,0.0002070444627500223
5,UPFC_tse,5-15,-2.1806478164112333,2,-2.165067531433945,MAP_PMU,65,0.015580284977288361
0,x_tcsc,1-14,-0.10434514563557257,3,-0.10433918663588006,MAP_PMU,65,5.958999692509681e-06
1,B_svc,2,0.1741610712016518,3,0.17385470840421569,MAP_PMU,65,0.0003063627974361216
2,UPFC_Vsh,5-15,1.108515646153152,3,1.1114756956253016,MAP_PMU,65,0.002960049472149562
3,UPFC_tsh,5-15,-0.23820730624128414,3,-0.23814240174598778,MAP_PMU,65,6.4904495296364e-05
4,UPFC_Vse,5-15,0.0637629731184167,3,0.06347709884856012,MAP_PMU,65,0.00028587426985657305
5,UPFC_tse,5-15,-2.185514477231852,3,-2.165067531433945,MAP_PMU,65,0.02044694579790729
0,x_tcsc,1-14,-0.10433282611685202,4,-0.10433918663588006,MAP_PMU,65,6.360519028039691e-06
1,B_svc,2,0.1740791765981488,4,0.17385470840421569,MAP_PMU,65,0.000224468193933125
2,UPFC_Vsh,5-15,1.1086218798263667,4,1.1114756956253016,MAP_PMU,65,0.0028538157989348445
3,UPFC_tsh,5-15,-0.23813912932147022,4,-0.23814240174598778,MAP_PMU,65,3.272424517558603e-06
4,UPFC_Vse,5-15,0.06263332334209293,4,0.06347709884856012,MAP_PMU,65,0.0008437755064671926
5,UPFC_tse,5-15,-2.1770756294461107,4,-2.165067531433945,MAP_PMU,65,0.012008098012165735
0,x_tcsc,1-14,-0.10435317076703604,5,-0.10433918663588006,MAP_PMU,65,1.3984131155983515e-05
1,B_svc,2,0.17372168024318116,5,0.17385470840421569,MAP_PMU,65,0.0001330281610345263
2,UPFC_Vsh,5-15,1.108868992371762,5,1.1114756956253016,MAP_PMU,65,0.0026067032535395107
3,UPFC_tsh,5-15,-0.2382155087279466,5,-0.23814240174598778,MAP_PMU,65,7.310698195883703e-05
4,UPFC_Vse,5-15,0.06330098951939406,5,0.06347709884856012,MAP_PMU,65,0.00017610932916606314
5,UPFC_tse,5-15,-2.188630954036641,5,-2.165067531433945,MAP_PMU,65,0.02356342260269617
0,x_tcsc,1-14,-0.1043495607546137,6,-0.10433918663588006,MAP_PMU,65,1.0374118733641469e-05
1,B_svc,2,0.17362125020642474,6,0.17385470840421569,MAP_PMU,65,0.00023345819779094223
2,UPFC_Vsh,5-15,1.1088256001323853,6,1.1114756956253016,MAP_PMU,65,0.0026500954929162823
3,UPFC_tsh,5-15,-0.23814116637431126,6,-0.23814240174598778,MAP_PMU,65,1.235371676511221e-06
4,UPFC_Vse,5-15,0.0626675007606334,6,0.06347709884856012,MAP_PMU,65,0.0008095980879267162
5,UPFC_tse,5-15,-2.1827587872211685,6,-2.165067531433945,MAP_PMU,65,0.017691255787223525
0,x_tcsc,1-14,-0.10436403922902476,7,-0.10433918663588006,MAP_PMU,65,2.485259314470578e-05
1,B_svc,2,0.17385796224011188,7,0.17385470840421569,MAP_PMU,65,3.2538358961942127e-06
2,UPFC_Vsh,5-15,1.108525622063673,7,1.1114756956253016,MAP_PMU,65,0.0029500735616285745
3,UPFC_tsh,5-15,-0.23821240298691126,7,-0.23814240174598778,MAP_PMU,65,7.000124092348958e-05
4,UPFC_Vse,5-15,0.06297226515013964,7,0.06347709884856012,MAP_PMU,65,0.0005048336984204843
5,UPFC_tse,5-15,-2.1807034006865247,7,-2.165067531433945,MAP_PMU,65,0.01563586925257976
0,x_tcsc,1-14,-0.10433510958407678,8,-0.10433918663588006,MAP_PMU,65,4.077051803275111e-06
1,B_svc,2,0.17382309209134042,8,0.17385470840421569,MAP_PMU,65,3.161631287526556e-05
2,UPFC_Vsh,5-15,1.1082102239551233,8,1.1114756956253016,MAP_PMU,65,0.0032654716701783215
3,UPFC_tsh,5-15,-0.23824440683956874,8,-0.23814240174598778,MAP_PMU,65,0.00010200509358096466
4,UPFC_Vse,5-15,0.06376645883657739,8,0.06347709884856012,MAP_PMU,65,0.00028935998801726814
5,UPFC_tse,5-15,-2.1810302618958874,8,-2.165067531433945,MAP_PMU,65,0.01596273046194252
0,x_tcsc,1-14,-0.1043700299181748,9,-0.10433918663588006,MAP_PMU,65,3.0843282294745755e-05
1,B_svc,2,0.1736739968501718,9,0.17385470840421569,MAP_PMU,65,0.00018071155404389416
2,UPFC_Vsh,5-15,1.1087798983092074,9,1.1114756956253016,MAP_PMU,65,0.0026957973160941506
3,UPFC_tsh,5-15,-0.2381880266815088,9,-0.23814240174598778,MAP_PMU,65,4.5624935521015875e-05
4,UPFC_Vse,5-15,0.06306079274795347,9,0.06347709884856012,MAP_PMU,65,0.0004163061006066532
5,UPFC_tse,5-15,-2.191651200741988,9,-2.165067531433945,MAP_PMU,65,0.026583669308043234
0,x_tcsc,1-14,-0.10432226483280203,10,-0.10433918663588006,MAP_PMU,65,1.6921803078023823e-05
1,B_svc,2,0.1737887176131437,10,0.17385470840421569,MAP_PMU,65,6.59907910719737e-05
2,UPFC_Vsh,5-15,1.1090195184010587,10,1.1114756956253016,MAP_PMU,65,0.0024561772242428503
3,UPFC_tsh,5-15,-0.2381096153401084,10,-0.23814240174598778,MAP_PMU,65,3.2786405879364766e-05
4,UPFC_Vse,5-15,0.0630489076678528,10,0.06347709884856012,MAP_PMU,65,0.00042819118070731854
5,UPFC_tse,5-15,-2.170574105077057,10,-2.165067531433945,MAP_PMU,65,0.005506573643112134
0,x_tcsc,1-14,-0.10432964954563323,11,-0.10433918663588006,MAP_PMU,65,9.537090246827806e-06
1,B_svc,2,0.17421299715427754,11,0.17385470840421569,MAP_PMU,65,0.0003582887500618581
2,UPFC_Vsh,5-15,1.1087826202886601,11,1.1114756956253016,MAP_PMU,65,0.002693075336641426
3,UPFC_tsh,5-15,-0.23814813110278432,11,-0.23814240174598778,MAP_PMU,65,5.729356796546625e-06
4,UPFC_Vse,5-15,0.06292337803215647,11,0.06347709884856012,MAP_PMU,65,0.0005537208164036467
5,UPFC_tse,5-15,-2.176403333840934,11,-2.165067531433945,MAP_PMU,65,0.01133580240698917
0,x_tcsc,1-14,-0.10432938694321676,12,-0.10433918663588006,MAP_PMU,65,9.799692663292614e-06
1,B_svc,2,0.17353234080997626,12,0.17385470840421569,MAP_PMU,65,0.0003223675942394255
2,UPFC_Vsh,5-15,1.1090203933909604,12,1.1114756956253016,MAP_PMU,65,0.0024553022343412056
3,UPFC_tsh,5-15,-0.23820856270208915,12,-0.23814240174598778,MAP_PMU,65,6.616095610137429e-05
4,UPFC_Vse,5-15,0.06381977974379646,12,0.06347709884856012,MAP_PMU,65,0.0003426808952363414
5,UPFC_tse,5-15,-2.1752695783484133,12,-2.165067531433945,MAP_PMU,65,0.010202046914468355
0,x_tcsc,1-14,-0.10434332221835856,13,-0.10433918663588006,MAP_PMU,65,4.135582478498323e-06
1,B_svc,2,0.17394484326214296,13,0.17385470840421569,MAP_PMU,65,9.013485792727649e-05
2,UPFC_Vsh,5-15,1.1091371998294475,13,1.1114756956253016,MAP_PMU,65,0.002338495795854101
3,UPFC_tsh,5-15,-0.23813667873550687,13,-0.23814240174598778,MAP_PMU,65,5.723010480906954e-06
4,UPFC_Vse,5-15,0.06267676959907689,13,0.06347709884856012,MAP_PMU,65,0.0008003292494832281
5,UPFC_tse,5-15,-2.173509713291149,13,-2.165067531433945,MAP_PMU,65,0.008442181857204023
0,x_tcsc,1-14,-0.1043608850819372,14,-0.10433918663588006,MAP_PMU,65,2.1698446057136223e-05
1,B_svc,2,0.17355329741172312,14,0.17385470840421569,MAP_PMU,65,0.0003014109924925623
2,UPFC_Vsh,5-15,1.108856311023056,14,1.1114756956253016,MAP_PMU,65,0.0026193846022455336
3,UPFC_tsh,5-15,-0.23817031715333,14,-0.23814240174598778,MAP_PMU,65,2.7915407342232745e-05
4,UPFC_Vse,5-15,0.06296974606196945,14,0.06347709884856012,MAP_PMU,65,0.0005073527865906702
5,UPFC_tse,5-15,-2.185036495023485,14,-2.165067531433945,MAP_PMU,65,0.019968963589540145
0,x_tcsc,1-14,-0.10434308774995366,15,-0.10433918663588006,MAP_PMU,65,3.9011140735983885e-06
1,B_svc,2,0.1735327509964597,15,0.17385470840421569,MAP_PMU,65,0.0003219574077559795
2,UPFC_Vsh,5-15,1.1087064084022498,15,1.1114756956253016,MAP_PMU,65,0.0027692872230518084
3,UPFC_tsh,5-15,-0.2381803453651668,15,-0.23814240174598778,MAP_PMU,65,3.794361917902611e-05
4,UPFC_Vse,5-15,0.06310956018228853,15,0.06347709884856012,MAP_PMU,65,0.00036753866627159404
5,UPFC_tse,5-15,-2.184117823677529,15,-2.165067531433945,MAP_PMU,65,0.01905029224358401
0,x_tcsc,1-14,-0.10434289827695442,16,-0.10433918663588006,MAP_PMU,65,3.711641074363725e-06
1,B_svc,2,0.1738153846414445,16,0.17385470840421569,MAP_PMU,65,3.932376277118732e-05
2,UPFC_Vsh,5-15,1.1092179290760986,16,1.1114756956253016,MAP_PMU,65,0.0022577665492029553
3,UPFC_tsh,5-15,-0.23811289144797404,16,-0.23814240174598778,MAP_PMU,65,2.951029801373517e-05
4,UPFC_Vse,5-15,0.06252846482709008,16,0.06347709884856012,MAP_PMU,65,0.0009486340214700378
5,UPFC_tse,5-15,-2.1896682911300682,16,-2.165067531433945,MAP_PMU,65,0.024600759696123298
0,x_tcsc,1-14,-0.10433933185180837,17,-0.10433918663588006,MAP_PMU,65,1.4521592830996077e-07
1,B_svc,2,0.173942088466053,17,0.17385470840421569,MAP_PMU,65,8.738006183731106e-05
2,UPFC_Vsh,5-15,1.1088220456434108,17,1.1114756956253016,MAP_PMU,65,0.002653649981890771
3,UPFC_tsh,5-15,-0.23820368669429448,17,-0.23814240174598778,MAP_PMU,65,6.128494830670572e-05
4,UPFC_Vse,5-15,0.06378300744744902,17,0.06347709884856012,MAP_PMU,65,0.0003059085988889043
5,UPFC_tse,5-15,-2.1875968292500527,17,-2.165067531433945,MAP_PMU,65,0.022529297816107796
0,x_tcsc,1-14,-0.10435671106526936,18,-0.10433918663588006,MAP_PMU,65,1.752442938930676e-05
1,B_svc,2,0.17351705065338638,18,0.17385470840421569,MAP_PMU,65,0.0003376577508293066
2,UPFC_Vsh,5-15,1.1086387427976643,18,1.1114756956253016,MAP_PMU,65,0.0028369528276372957
3,UPFC_tsh,5-15,-0.23819892316421792,18,-0.23814240174598778,MAP_PMU,65,5.652141823014878e-05
4,UPFC_Vse,5-15,0.06321958295283092,18,0.06347709884856012,MAP_PMU,65,0.000257515895729199
5,UPFC_tse,5-15,-2.180197868688165,18,-2.165067531433945,MAP_PMU,65,0.015130337254220194
0,x_tcsc,1-14,-0.10434374865171821,19,-0.10433918663588006,MAP_PMU,65,4.562015838149858e-06
1,B_svc,2,0.17340956255608012,19,0.17385470840421569,MAP_PMU,65,0.0004451458481355697
2,UPFC_Vsh,5-15,1.1086694400497121,19,1.1114756956253016,MAP_PMU,65,0.0028062555755894447
3,UPFC_tsh,5-15,-0.23821938951293078,19,-0.23814240174598778,MAP_PMU,65,7.698776694300968e-05
4,UPFC_Vse,5-15,0.06330362028604009,19,0.06347709884856012,MAP_PMU,65,0.00017347856252003524
5,UPFC_tse,5-15,-2.1828728782880638,19,-2.165067531433945,MAP_PMU,65,0.01780534685411883
0,x_tcsc,1-14,-0.10433961096229613,20,-0.10433918663588006,MAP_PMU,65,4.243264160735949e-07
1,B_svc,2,0.17399675936515177,20,0.17385470840421569,MAP_PMU,65,0.00014205096093608538
2,UPFC_Vsh,5-15,1.1090842972353272,20,1.1114756956253016,MAP_PMU,65,0.002391398389974375
3,UPFC_tsh,5-15,-0.23811270080115612,20,-0.23814240174598778,MAP_PMU,65,2.9700944831650977e-05
4,UPFC_Vse,5-15,0.06253973810536956,20,0.06347709884856012,MAP_PMU,65,0.0009373607431905628
5,UPFC_tse,5-15,-2.178728613977165,20,-2.165067531433945,MAP_PMU,65,0.013661082543220182
0,x_tcsc,1-14,-0.10434381367375636,21,-0.10433918663588006,MAP_PMU,65,4.627037876306361e-06
1,B_svc,2,0.17427504213926354,21,0.17385470840421569,MAP_PMU,65,0.0004203337350478509
2,UPFC_Vsh,5-15,1.1088836187454916,21,1.1114756956253016,MAP_PMU,65,0.0025920768798100013
3,UPFC_tsh,5-15,-0.2381965340447078,21,-0.23814240174598778,MAP_PMU,65,5.413229872003322e-05
4,UPFC_Vse,5-15,0.06318644031060902,21,0.06347709884856012,MAP_PMU,65,0.0002906585379510995
5,UPFC_tse,5-15,-2.1853468604914714,21,-2.165067531433945,MAP_PMU,65,0.020279329057526496
0,x_tcsc,1-14,-0.10437620973912067,22,-0.10433918663588006,MAP_PMU,65,3.7023103240607647e-05
1,B_svc,2,0.17353920205427678,22,0.17385470840421569,MAP_PMU,65,0.00031550634993890436
2,UPFC_Vsh,5-15,1.108500675404864,22,1.1114756956253016,MAP_PMU,65,0.0029750202204374965
3,UPFC_tsh,5-15,-0.23819910781119422,22,-0.23814240174598778,MAP_PMU,65,5.670606520644106e-05
4,UPFC_Vse,5-15,0.06337503574117566,22,0.06347709884856012,MAP_PMU,65,0.00010206310738446189
5,UPFC_tse,5-15,-2.1839685522160606,22,-2.165067531433945,MAP_PMU,65,0.01890102078211564
0,x_tcsc,1-14,-0.10433548059121515,23,-0.10433918663588006,MAP_PMU,65,3.7060446649028744e-06
1,B_svc,2,0.1742220094233876,23,0.17385470840421569,MAP_PMU,65,0.00036730101917192837
2,UPFC_Vsh,5-15,1.1087120687284764,23,1.1114756956253016,MAP_PMU,65,0.0027636268968251887
3,UPFC_tsh,5-15,-0.23815772323531606,23,-0.23814240174598778,MAP_PMU,65,1.532148932828492e-05
4,UPFC_Vse,5-15,0.06293482981695885,23,0.06347709884856012,MAP_PMU,65,0.0005422690316012752
5,UPFC_tse,5-15,-2.180706916390939,23,-2.165067531433945,MAP_PMU,65,0.015639384956994018
0,x_tcsc,1-14,-0.10435174699404061,24,-0.10433918663588006,MAP_PMU,65,1.2560358160551566e-05
1,B_svc,2,0.17413034134041802,24,0.17385470840421569,MAP_PMU,65,0.00027563293620233575
2,UPFC_Vsh,5-15,1.1086144959557183,24,1.1114756956253016,MAP_PMU,65,0.002861199669583314
3,UPFC_tsh,5-15,-0.23821471711966705,24,-0.23814240174598778,MAP_PMU,65,7.231537367927143e-05
4,UPFC_Vse,5-15,0.06358387348599216,24,0.06347709884856012,MAP_PMU,65,0.00010677463743204163
5,UPFC_tse,5-15,-2.1791272088526834,24,-2.165067531433945,MAP_PMU,65,0.014059677418738481
0,x_tcsc,1-14,-0.1043416253089696,25,-0.10433918663588006,MAP_PMU,65,2.4386730895359365e-06
1,B_svc,2,0.17422439734010955,25,0.17385470840421569,MAP_PMU,65,0.0003696889358938693
2,UPFC_Vsh,5-15,1.1087161093973883,25,1.1114756956253016,MAP_PMU,65,0.00275958622791328
3,UPFC_tsh,5-15,-0.23821955973416442,25,-0.23814240174598778,MAP_PMU,65,7.715798817664599e-05
4,UPFC_Vse,5-15,0.06309591219906725,25,0.06347709884856012,MAP_PMU,65,0.00038118664949286785
5,UPFC_tse,5-15,-2.184089637279638,25,-2.165067531433945,MAP_PMU,65,0.019022105845693194
0,x_tcsc,1-14,-0.10435011118337757,26,-0.10433918663588006,MAP_PMU,65,1.0924547497515036e-05
1,B_svc,2,0.17394533792777309,26,0.17385470840421569,MAP_PMU,65,9.062952355740062e-05
2,UPFC_Vsh,5-15,1.1089089728192685,26,1.1114756956253016,MAP_PMU,65,0.002566722806033095
3,UPFC_tsh,5-15,-0.23817744345950465,26,-0.23814240174598778,MAP_PMU,65,3.504171351687013e-05
4,UPFC_Vse,5-15,0.06292343470593413,26,0.06347709884856012,MAP_PMU,65,0.0005536641426259897
5,UPFC_tse,5-15,-2.1760613711198,26,-2.165067531433945,MAP_PMU,65,0.0109938396858551
0,x_tcsc,1-14,-0.10436133997415653,27,-0.10433918663588006,MAP_PMU,65,2.2153338276473256e-05
1,B_svc,2,0.1738789833116471,27,0.17385470840421569,MAP_PMU,65,2.427490743142635e-05
2,UPFC_Vsh,5-15,1.1086948840883588,27,1.1114756956253016,MAP_PMU,65,0.002780811536942762
3,UPFC_tsh,5-15,-0.23820096356063972,27,-0.23814240174598778,MAP_PMU,65,5.856181465194177e-05
4,UPFC_Vse,5-15,0.06297697698948472,27,0.06347709884856012,MAP_PMU,65,0.0005001218590754003
5,UPFC_tse,5-15,-2.190312295961087,27,-2.165067531433945,MAP_PMU,65,0.02524476452714186
0,x_tcsc,1-14,-0.10434342964265923,28,-0.10433918663588006,MAP_PMU,65,4.24300677917544e-06
1,B_svc,2,0.17372820378897288,28,0.17385470840421569,MAP_PMU,65,0.00012650461524280066
2,UPFC_Vsh,5-15,1.108887181301552,28,1.1114756956253016,MAP_PMU,65,0.0025885143237496244
3,UPFC_tsh,5-15,-0.23813753440975885,28,-0.23814240174598778,MAP_PMU,65,4.867336228925323e-06
4,UPFC_Vse,5-15,0.06317210456098477,28,0.06347709884856012,MAP_PMU,65,0.0003049942875753553
5,UPFC_tse,5-15,-2.1821337689024447,28,-2.165067531433945,MAP_PMU,65,0.01706623746849978
0,x_tcsc,1-14,-0.10434524732780963,29,-0.10433918663588006,MAP_PMU,65,6.060691929571371e-06
1,B_svc,2,0.17363201967646402,29,0.17385470840421569,MAP_PMU,65,0.00022268872775166315
2,UPFC_Vsh,5-15,1.1087140098557067,29,1.1114756956253016,MAP_PMU,65,0.0027616857695949015
3,UPFC_tsh,5-15,-0.23812426626565486,29,-0.23814240174598778,MAP_PMU,65,1.813548033291479e-05
4,UPFC_Vse,5-15,0.0626393728860866,29,0.06347709884856012,MAP_PMU,65,0.000837725962473515
5,UPFC_tse,5-15,-2.179234922064708,29,-2.165067531433945,MAP_PMU,65,0.014167390630762888
0,x_tcsc,1-14,-0.10435096901327208,30,-0.10433918663588006,MAP_PMU,65,1.1782377392022259e-05
1,B_svc,2,0.1739842799408436,30,0.17385470840421569,MAP_PMU,65,0.00012957153662790377
2,UPFC_Vsh,5-15,1.1081599637263935,30,1.1114756956253016,MAP_PMU,65,0.003315731898908103
3,UPFC_tsh,5-15,-0.23824173393398432,30,-0.23814240174598778,MAP_PMU,65,9.933218799654253e-05
4,UPFC_Vse,5-15,0.06349202246042923,30,0.06347709884856012,MAP_PMU,65,1.4923611869110953e-05
5,UPFC_tse,5-15,-2.1805940769536143,30,-2.165067531433945,MAP_PMU,65,0.015526545519669366
0,x_tcsc,1-14,-0.1043582691453838,31,-0.10433918663588006,MAP_PMU,65,1.9082509503748346e-05
1,B_svc,2,0.17366301930419395,31,0.17385470840421569,MAP_PMU,65,0.00019168910002173578
2,UPFC_Vsh,5-15,1.108633811946742,31,1.1114756956253016,MAP_PMU,65,0.0028418836785595314
3,UPFC_tsh,5-15,-0.23825381291932493,31,-0.23814240174598778,MAP_PMU,65,0.00011141117333715589
4,UPFC_Vse,5-15,0.06344960008229089,31,0.06347709884856012,MAP_PMU,65,2.7498766269229424e-05
5,UPFC_tse,5-15,-2.188595499072261,31,-2.165067531433945,MAP_PMU,65,0.023527967638316216
0,x_tcsc,1-14,-0.10435066030860748,32,-0.10433918663588006,MAP_PMU,65,1.1473672727427275e-05
1,B_svc,2,0.17405710716684905,32,0.17385470840421569,MAP_PMU,65,0.00020239876263336565
2,UPFC_Vsh,5-15,1.1088684026969589,32,1.1114756956253016,MAP_PMU,65,0.0026072929283427193
3,UPFC_tsh,5-15,-0.238183877965983,32,-0.23814240174598778,MAP_PMU,65,4.147621999522899e-05
4,UPFC_Vse,5-15,0.06330799703957464,32,0.06347709884856012,MAP_PMU,65,0.00016910180898548066
5,UPFC_tse,5-15,-2.185740998494276,32,-2.165067531433945,MAP_PMU,65,0.02067346706033124
0,x_tcsc,1-14,-0.1043477372148086,33,-0.10433918663588006,MAP_PMU,65,8.550578928540054e-06
1,B_svc,2,0.17355239637593733,33,0.17385470840421569,MAP_PMU,65,0.0003023120282783509
2,UPFC_Vsh,5-15,1.1087518853993497,33,1.1114756956253016,MAP_PMU,65,0.002723810225951917
3,UPFC_tsh,5-15,-0.23828007225124737,33,-0.23814240174598778,MAP_PMU,65,0.00013767050525959057
4,UPFC_Vse,5-15,0.0632267152076354,33,0.06347709884856012,MAP_PMU,65,0.00025038364092472287
5,UPFC_tse,5-15,-2.1848786471907324,33,-2.165067531433945,MAP_PMU,65,0.019811115756787512
0,x_tcsc,1-14,-0.10435839931259332,34,-0.10433918663588006,MAP_PMU,65,1.9212676713259436e-05
1,B_svc,2,0.1738256510834347,34,0.17385470840421569,MAP_PMU,65,2.905732078098411e-05
2,UPFC_Vsh,5-15,1.1086531099262151,34,1.1114756956253016,MAP_PMU,65,0.002822585699086444
3,UPFC_tsh,5-15,-0.2381366789328452,34,-0.23814240174598778,MAP_PMU,65,5.7228131425668405e-06
4,UPFC_Vse,5-15,0.06331626869297308,34,0.06347709884856012,MAP_PMU,65,0.00016083015558704394
5,UPFC_tse,5-15,-2.179390132923048,34,-2.165067531433945,MAP_PMU,65,0.014322601489102915
0,x_tcsc,1-14,-0.10435189925630939,35,-0.10433918663588006,MAP_PMU,65,1.2712620429330967e-05
1,B_svc,2,0.17409983168827167,35,0.17385470840421569,MAP_PMU,65,0.00024512328405598693
2,UPFC_Vsh,5-15,1.1088929792063513,35,1.1114756956253016,MAP_PMU,65,0.0025827164189502483
3,UPFC_tsh,5-15,-0.2381625887791714,35,-0.23814240174598778,MAP_PMU,65,2.0187033183627356e-05
4,UPFC_Vse,5-15,0.06312626575799361,35,0.06347709884856012,MAP_PMU,65,0.00035083309056650747
5,UPFC_tse,5-15,-2.175845598848833,35,-2.165067531433945,MAP_PMU,65,0.01077806741488807
0,x_tcsc,1-14,-0.10433871022007146,36,-0.10433918663588006,MAP_PMU,65,4.764158085951431e-07
1,B_svc,2,0.1739195530989912,36,0.17385470840421569,MAP_PMU,65,6.484469477552324e-05
2,UPFC_Vsh,5-15,1.1087291696659254,36,1.1114756956253016,MAP_PMU,65,0.0027465259593761893
3,UPFC_tsh,5-15,-0.23822281603425913,36,-0.23814240174598778,MAP_PMU,65,8.041428827135211e-05
4,UPFC_Vse,5-15,0.0629900508473315,36,0.06347709884856012,MAP_PMU,65,0.00048704800122861824
5,UPFC_tse,5-15,-2.1884757518751985,36,-2.165067531433945,MAP_PMU,65,0.02340822044125357
0,x_tcsc,1-14,-0.10434392889134629,37,-0.10433918663588006,MAP_PMU,65,4.742255466233525e-06
1,B_svc,2,0.17337628464173294,37,0.17385470840421569,MAP_PMU,65,0.0004784237624827492
2,UPFC_Vsh,5-15,1.1090968459599153,37,1.1114756956253016,MAP_PMU,65,0.0023788496653862623
3,UPFC_tsh,5-15,-0.23815449310842654,37,-0.23814240174598778,MAP_PMU,65,1.2091362438765296e-05
4,UPFC_Vse,5-15,0.06271122957666864,37,0.06347709884856012,MAP_PMU,65,0.0007658692718914839
5,UPFC_tse,5-15,-2.18317851254454,37,-2.165067531433945,MAP_PMU,65,0.01811098111059506
0,x_tcsc,1-14,-0.1043269099942719,38,-0.10433918663588006,MAP_PMU,65,1.2276641608160999e-05
1,B_svc,2,0.1731326732515882,38,0.17385470840421569,MAP_PMU,65,0.000722035152627476
2,UPFC_Vsh,5-15,1.108741599213099,38,1.1114756956253016,MAP_PMU,65,0.00273409641220268
3,UPFC_tsh,5-15,-0.2381398224692424,38,-0.23814240174598778,MAP_PMU,65,2.5792767453791665e-06
4,UPFC_Vse,5-15,0.06286758575135706,38,0.06347709884856012,MAP_PMU,65,0.0006095130972030571
5,UPFC_tse,5-15,-2.1764105351646124,38,-2.165067531433945,MAP_PMU,65,0.011343003730667434
0,x_tcsc,1-14,-0.10434977182164522,39,-0.10433918663588006,MAP_PMU,65,1.0585185765160654e-05
1,B_svc,2,0.1735955424406931,39,0.17385470840421569,MAP_PMU,65,0.00025916596352257293
2,UPFC_Vsh,5-15,1.1088649739673846,39,1.1114756956253016,MAP_PMU,65,0.002610721657916981
3,UPFC_tsh,5-15,-0.23814300399728566,39,-0.23814240174598778,MAP_PMU,65,6.022512978876016e-07
4,UPFC_Vse,5-15,0.06296226703719657,39,0.06347709884856012,MAP_PMU,65,0.000514831811363553
5,UPFC_tse,5-15,-2.1824281327915314,39,-2.165067531433945,MAP_PMU,65,0.017360601357586436
0,x_tcsc,1-14,-0.10434757240111651,40,-0.10433918663588006,MAP_PMU,65,8.385765236457177e-06
1,B_svc,2,0.17317551862510847,40,0.17385470840421569,MAP_PMU,65,0.0006791897791072199
2,UPFC_Vsh,5-15,1.108360034360784,40,1.1114756956253016,MAP_PMU,65,0.0031156612645175663
3,UPFC_tsh,5-15,-0.2381411325512721,40,-0.23814240174598778,MAP_PMU,65,1.269194715686206e-06
4,UPFC_Vse,5-15,0.06305958575491898,40,0.06347709884856012,MAP_PMU,65,0.00041751309364114475
5,UPFC_tse,5-15,-2.184551222700108,40,-2.165067531433945,MAP_PMU,65,0.019483691266163117
0,x_tcsc,1-14,-0.10433296613444065,41,-0.10433918663588006,MAP_PMU,65,6.220501439405113e-06
1,B_svc,2,0.1738302386271436,41,0.17385470840421569,MAP_PMU,65,2.446977707207254e-05
2,UPFC_Vsh,5-15,1.1091226288660194,41,1.1114756956253016,MAP_PMU,65,0.002353066759282152
3,UPFC_tsh,5-15,-0.23820824086611753,41,-0.23814240174598778,MAP_PMU,65,6.583912012975146e-05
4,UPFC_Vse,5-15,0.06326777051871697,41,0.06347709884856012,MAP_PMU,65,0.00020932832984314753
5,UPFC_tse,5-15,-2.1875528300469345,41,-2.165067531433945,MAP_PMU,65,0.022485298612989535
0,x_tcsc,1-14,-0.1043550345233916,42,-0.10433918663588006,MAP_PMU,65,1.5847887511535874e-05
1,B_svc,2,0.17363484765319392,42,0.17385470840421569,MAP_PMU,65,0.00021986075102176095
2,UPFC_Vsh,5-15,1.1089535088269533,42,1.1114756956253016,MAP_PMU,65,0.002522186798348258
3,UPFC_tsh,5-15,-0.23809440788391673,42,-0.23814240174598778,MAP_PMU,65,4.799386207104961e-05
4,UPFC_Vse,5-15,0.06273348489207924,42,0.06347709884856012,MAP_PMU,65,0.0007436139564808847
5,UPFC_tse,5-15,-2.186112729701616,42,-2.165067531433945,MAP_PMU,65,0.02104519826767115
0,x_tcsc,1-14,-0.10433978925713089,43,-0.10433918663588006,MAP_PMU,65,6.026212508308815e-07
1,B_svc,2,0.1738448885038878,43,0.17385470840421569,MAP_PMU,65,9.819900327889819e-06
2,UPFC_Vsh,5-15,1.1088114836607121,43,1.1114756956253016,MAP_PMU,65,0.0026642119645894358
3,UPFC_tsh,5-15,-0.2381268122184875,43,-0.23814240174598778,MAP_PMU,65,1.558952750027598e-05
4,UPFC_Vse,5-15,0.06317783276913405,43,0.06347709884856012,MAP_PMU,65,0.0002992660794260693
5,UPFC_tse,5-15,-2.1821891813962466,43,-2.165067531433945,MAP_PMU,65,0.0171216499623017
0,x_tcsc,1-14,-0.10435707697156565,44,-0.10433918663588006,MAP_PMU,65,1.7890335685596948e-05
1,B_svc,2,0.17430152241908162,44,0.17385470840421569,MAP_PMU,65,0.00044681401486593164
2,UPFC_Vsh,5-15,1.1086150699276451,44,1.1114756956253016,MAP_PMU,65,0.002860625697656438
3,UPFC_tsh,5-15,-0.2382562730277521,44,-0.23814240174598778,MAP_PMU,65,0.00011387128176432171
4,UPFC_Vse,5-15,0.06397985934662917,44,0.06347709884856012,MAP_PMU,65,0.0005027604980690492
5,UPFC_tse,5-15,-2.180740032787633,44,-2.165067531433945,MAP_PMU,65,0.01567250135368825
0,x_tcsc,1-14,-0.10434620557290435,45,-0.10433918663588006,MAP_PMU,65,7.018937024289018e-06
1,B_svc,2,0.1740116804400382,45,0.17385470840421569,MAP_PMU,65,0.00015697203582251684
2,UPFC_Vsh,5-15,1.108829107065206,45,1.1114756956253016,MAP_PMU,65,0.0026465885600954753
3,UPFC_tsh,5-15,-0.23826943014002192,45,-0.23814240174598778,MAP_PMU,65,0.0001270283940341399
4,UPFC_Vse,5-15,0.06368360876839332,45,0.06347709884856012,MAP_PMU,65,0.00020650991983320321
5,UPFC_tse,5-15,-2.187916630555807,45,-2.165067531433945,MAP_PMU,65,0.02284909912186217
0,x_tcsc,1-14,-0.1043472277189494,46,-0.10433918663588006,MAP_PMU,65,8.041083069343369e-06
1,B_svc,2,0.17370451417785587,46,0.17385470840421569,MAP_PMU,65,0.00015019422635981217
2,UPFC_Vsh,5-15,1.108889657870099,46,1.1114756956253016,MAP_PMU,65,0.002586037755202497
3,UPFC_tsh,5-15,-0.23812648693050728,46,-0.23814240174598778,MAP_PMU,65,1.591481548049445e-05
4,UPFC_Vse,5-15,0.06323550203775387,46,0.06347709884856012,MAP_PMU,65,0.00024159681080625217
5,UPFC_tse,5-15,-2.179646640121265,46,-2.165067531433945,MAP_PMU,65,0.01457910868731993
0,x_tcsc,1-14,-0.1043349043446109,47,-0.10433918663588006,MAP_PMU,65,4.282291269155913e-06
1,B_svc,2,0.1736513261075352,47,0.17385470840421569,MAP_PMU,65,0.00020338229668048768
2,UPFC_Vsh,5-15,1.1088317659506197,47,1.1114756956253016,MAP_PMU,65,0.0026439296746818552
3,UPFC_tsh,5-15,-0.23821175530960262,47,-0.23814240174598778,MAP_PMU,65,6.935356361484346e-05
4,UPFC_Vse,5-15,0.063077526559148,47,0.06347709884856012,MAP_PMU,65,0.0003995722894121201
5,UPFC_tse,5-15,-2.1812801197427505,47,-2.165067531433945,MAP_PMU,65,0.016212588308805564
0,x_tcsc,1-14,-0.10432304483318998,48,-0.10433918663588006,MAP_PMU,65,1.6141802690078366e-05
1,B_svc,2,0.17364353705324803,48,0.17385470840421569,MAP_PMU,65,0.00021117135096765383
2,UPFC_Vsh,5-15,1.108867211479931,48,1.1114756956253016,MAP_PMU,65,0.0026084841453706265
3,UPFC_tsh,5-15,-0.2382054548686543,48,-0.23814240174598778,MAP_PMU,65,6.305312266652319e-05
4,UPFC_Vse,5-15,0.06286730435059153,48,0.06347709884856012,MAP_PMU,65,0.0006097944979685938
5,UPFC_tse,5-15,-2.182419903989226,48,-2.165067531433945,MAP_PMU,65,0.017352372555281104
0,x_tcsc,1-14,-0.10432397610066117,49,-0.10433918663588006,MAP_PMU,65,1.5210535218884713e-05
1,B_svc,2,0.1742514220938877,49,0.17385470840421569,MAP_PMU,65,0.00039671368967200693
2,UPFC_Vsh,5-15,1.1084880367803882,49,1.1114756956253016,MAP_PMU,65,0.0029876588449133656
3,UPFC_tsh,5-15,-0.23819319216522983,49,-0.23814240174598778,MAP_PMU,65,5.079041924205274e-05
4,UPFC_Vse,5-15,0.06298568558124294,49,0.06347709884856012,MAP_PMU,65,0.0004914132673171784
5,UPFC_tse,5-15,-2.179898878760386,49,-2.165067531433945,MAP_PMU,65,0.01483134732644098
0,x_tcsc,1-14,-0.10434859754139796,50,-0.10433918663588006,MAP_PMU,65,9.410905517898138e-06
1,B_svc,2,0.17364083905298622,50,0.17385470840421569,MAP_PMU,65,0.0002138693512294676
2,UPFC_Vsh,5-15,1.1086016658774371,50,1.1114756956253016,MAP_PMU,65,0.002874029747864437
3,UPFC_tsh,5-15,-0.23817312830012086,50,-0.23814240174598778,MAP_PMU,65,3.072655413308145e-05
4,UPFC_Vse,5-15,0.06333462839593094,50,0.06347709884856012,MAP_PMU,65,0.0001424704526291759
5,UPFC_tse,5-15,-2.1742931399036896,50,-2.165067531433945,MAP_PMU,65,0.009225608469744628
0,x_tcsc,1-14,-0.10435763893140236,51,-0.10433918663588006,MAP_PMU,65,1.8452295522303208e-05
1,B_svc,2,0.17392317808263003,51,0.17385470840421569,MAP_PMU,65,6.846967841434015e-05
2,UPFC_Vsh,5-15,1.1087865089960134,51,1.1114756956253016,MAP_PMU,65,0.002689186629288187
3,UPFC_tsh,5-15,-0.23809208217505212,51,-0.23814240174598778,MAP_PMU,65,5.031957093565298e-05
4,UPFC_Vse,5-15,0.0630120232471286,51,0.06347709884856012,MAP_PMU,65,0.00046507560143152493
5,UPFC_tse,5-15,-2.1755621612998945,51,-2.165067531433945,MAP_PMU,65,0.010494629865949623
0,x_tcsc,1-14,-0.10434711206663962,52,-0.10433918663588006,MAP_PMU,65,7.925430759558871e-06
1,B_svc,2,0.1741608726885403,52,0.17385470840421569,MAP_PMU,65,0.00030616428432461706
2,UPFC_Vsh,5-15,1.1090312406060747,52,1.1114756956253016,MAP_PMU,65,0.0024444550192268544
3,UPFC_tsh,5-15,-0.23821201023753183,52,-0.23814240174598778,MAP_PMU,65,6.960849154405424e-05
4,UPFC_Vse,5-15,0.0634012388102426,52,0.06347709884856012,MAP_PMU,65,7.586003831752675e-05
5,UPFC_tse,5-15,-2.182640059969559,52,-2.165067531433945,MAP_PMU,65,0.017572528535613863
0,x_tcsc,1-14,-0.10435327837812182,53,-0.10433918663588006,MAP_PMU,65,1.4091742241761906e-05
1,B_svc,2,0.17370058676049144,53,0.17385470840421569,MAP_PMU,65,0.00015412164372424764
2,UPFC_Vsh,5-15,1.1084964703897455,53,1.1114756956253016,MAP_PMU,65,0.002979225235556049
3,UPFC_tsh,5-15,-0.23823180316749945,53,-0.23814240174598778,MAP_PMU,65,8.940142151167563e-05
4,UPFC_Vse,5-15,0.06331549253830016,53,0.06347709884856012,MAP_PMU,65,0.0001616063102599652
5,UPFC_tse,5-15,-2.1780164519585345,53,-2.165067531433945,MAP_PMU,65,0.012948920524589624
0,x_tcsc,1-14,-0.10433106556930688,54,-0.10433918663588006,MAP_PMU,65,8.121066573177349e-06
1,B_svc,2,0.17393911981367963,54,0.17385470840421569,MAP_PMU,65,8.441140946394143e-05
2,UPFC_Vsh,5-15,1.109115876372746,54,1.1114756956253016,MAP_PMU,65,0.002359819252555573
3,UPFC_tsh,5-15,-0.2381636970876441,54,-0.23814240174598778,MAP_PMU,65,2.1295341656318856e-05
4,UPFC_Vse,5-15,0.06323382514883091,54,0.06347709884856012,MAP_PMU,65,0.00024327369972920732
5,UPFC_tse,5-15,-2.1774453777425515,54,-2.165067531433945,MAP_PMU,65,0.01237784630860661
0,x_tcsc,1-14,-0.10436818595101731,55,-0.10433918663588006,MAP_PMU,65,2.8999315137251402e-05
1,B_svc,2,0.17418224145929384,55,0.17385470840421569,MAP_PMU,65,0.0003275330550781552
2,UPFC_Vsh,5-15,1.10908148255386,55,1.1114756956253016,MAP_PMU,65,0.0023942130714416088
3,UPFC_tsh,5-15,-0.23817023035114307,55,-0.23814240174598778,MAP_PMU,65,2.7828605155294506e-05
4,UPFC_Vse,5-15,0.06324053088040581,55,0.06347709884856012,MAP_PMU,65,0.0002365679681543137
5,UPFC_tse,5-15,-2.1745178458719234,55,-2.165067531433945,MAP_PMU,65,0.009450314437978502
0,x_tcsc,1-14,-0.10434076787810424,56,-0.10433918663588006,MAP_PMU,65,1.5812422241856527e-06
1,B_svc,2,0.17415938624940264,56,0.17385470840421569,MAP_PMU,65,0.0003046778451869514
2,UPFC_Vsh,5-15,1.1083810935486844,56,1.1114756956253016,MAP_PMU,65,0.003094602076617159
3,UPFC_tsh,5-15,-0.23822179809744848,56,-0.23814240174598778,MAP_PMU,65,7.939635146070323e-05
4,UPFC_Vse,5-15,0.06279852090879334,56,0.06347709884856012,MAP_PMU,65,0.0006785779397667779
5,UPFC_tse,5-15,-2.174289924593344,56,-2.165067531433945,MAP_PMU,65,0.0092223931593991
0,x_tcsc,1-14,-0.10433540040470353,57,-0.10433918663588006,MAP_PMU,65,3.7862311765279877e-06
1,B_svc,2,0.17403613479635513,57,0.17385470840421569,MAP_PMU,65,0.00018142639213944434
2,UPFC_Vsh,5-15,1.1084996769856845,57,1.1114756956253016,MAP_PMU,65,0.0029760186396170507
3,UPFC_tsh,5-15,-0.23822968468881275,57,-0.23814240174598778,MAP_PMU,65,8.728294282497884e-05
4,UPFC_Vse,5-15,0.0629119828734665,57,0.06347709884856012,MAP_PMU,65,0.0005651159750936219
5,UPFC_tse,5-15,-2.180121653722056,57,-2.165067531433945,MAP_PMU,65,0.015054122288110872
0,x_tcsc,1-14,-0.10433753301333032,58,-0.10433918663588006,MAP_PMU,65,1.6536225497382206e-06
1,B_svc,2,0.1737192771546686,58,0.17385470840421569,MAP_PMU,65,0.00013543124954709662
2,UPFC_Vsh,5-15,1.108662539736755,58,1.1114756956253016,MAP_PMU,65,0.0028131558885464703
3,UPFC_tsh,5-15,-0.2382124459205519,58,-0.23814240174598778,MAP_PMU,65,7.004417456413226e-05
4,UPFC_Vse,5-15,0.06316632236473499,58,0.06347709884856012,MAP_PMU,65,0.00031077648382513146
5,UPFC_tse,5-15,-2.184695577872528,58,-2.165067531433945,MAP_PMU,65,0.01962804643858318
0,x_tcsc,1-14,-0.1043409866315356,59,-0.10433918663588006,MAP_PMU,65,1.799995655540898e-06
1,B_svc,2,0.17368750963152785,59,0.17385470840421569,MAP_PMU,65,0.00016719877268783767
2,UPFC_Vsh,5-15,1.1087682718875302,59,1.1114756956253016,MAP_PMU,65,0.0027074237377713306
3,UPFC_tsh,5-15,-0.23822682976094284,59,-0.23814240174598778,MAP_PMU,65,8.442801495506247e-05
4,UPFC_Vse,5-15,0.06316300744413073,59,0.06347709884856012,MAP_PMU,65,0.0003140914044293952
5,UPFC_tse,5-15,-2.1812095351576293,59,-2.165067531433945,MAP_PMU,65,0.01614200372368435
0,x_tcsc,1-14,-0.10433417460699189,60,-0.10433918663588006,MAP_PMU,65,5.012028888168318e-06
1,B_svc,2,0.17414251195109848,60,0.17385470840421569,MAP_PMU,65,0.0002878035468827922
2,UPFC_Vsh,5-15,1.1086873001487565,60,1.1114756956253016,MAP_PMU,65,0.0027883954765450802
3,UPFC_tsh,5-15,-0.23817196908884486,60,-0.23814240174598778,MAP_PMU,65,2.9567342857084178e-05
4,UPFC_Vse,5-15,0.06270595475878249,60,0.06347709884856012,MAP_PMU,65,0.0007711440897776312
5,UPFC_tse,5-15,-2.1786345888947407,60,-2.165067531433945,MAP_PMU,65,0.013567057460795784
0,x_tcsc,1-14,-0.1043334617250843,61,-0.10433918663588006,MAP_PMU,65,5.724910795756877e-06
1,B_svc,2,0.1736841440781949,61,0.17385470840421569,MAP_PMU,65,0.00017056432602077787
2,UPFC_Vsh,5-15,1.1086644590974537,61,1.1114756956253016,MAP_PMU,65,0.0028112365278478713
3,UPFC_tsh,5-15,-0.23812699492011127,61,-0.23814240174598778,MAP_PMU,65,1.5406825876501662e-05
4,UPFC_Vse,5-15,0.06345348561944195,61,0.06347709884856012,MAP_PMU,65,2.361322911817454e-05
5,UPFC_tse,5-15,-2.176669642601091,61,-2.165067531433945,MAP_PMU,65,0.011602111167146045
0,x_tcsc,1-14,-0.10435087508639093,62,-0.10433918663588006,MAP_PMU,65,1.1688450510874415e-05
1,B_svc,2,0.17340914216652872,62,0.17385470840421569,MAP_PMU,65,0.0004455662376869618
2,UPFC_Vsh,5-15,1.108956822897825,62,1.1114756956253016,MAP_PMU,65,0.002518872727476529
3,UPFC_tsh,5-15,-0.23816199636230814,62,-0.23814240174598778,MAP_PMU,65,1.959461632036752e-05
4,UPFC_Vse,5-15,0.06291118650142341,62,0.06347709884856012,MAP_PMU,65,0.00056591234713671
5,UPFC_tse,5-15,-2.1897483954274937,62,-2.165067531433945,MAP_PMU,65,0.02468086399354874
0,x_tcsc,1-14,-0.1043162978604396,63,-0.10433918663588006,MAP_PMU,65,2.288877544046053e-05
1,B_svc,2,0.173699992280524,63,0.17385470840421569,MAP_PMU,65,0.00015471612369169496
2,UPFC_Vsh,5-15,1.1087620310986857,63,1.1114756956253016,MAP_PMU,65,0.002713664526615922
3,UPFC_tsh,5-15,-0.23822914695920958,63,-0.23814240174598778,MAP_PMU,65,8.674521322180051e-05
4,UPFC_Vse,5-15,0.06274808099819719,63,0.06347709884856012,MAP_PMU,65,0.0007290178503629313
5,UPFC_tse,5-15,-2.1801274805642974,63,-2.165067531433945,MAP_PMU,65,0.015059949130352468
0,x_tcsc,1-14,-0.10437573601909847,64,-0.10433918663588006,MAP_PMU,65,3.654938321841217e-05
1,B_svc,2,0.17382172600100193,64,0.17385470840421569,MAP_PMU,65,3.2982403213754896e-05
2,UPFC_Vsh,5-15,1.108791719768842,64,1.1114756956253016,MAP_PMU,65,0.0026839758564596305
3,UPFC_tsh,5-15,-0.23820086910876556,64,-0.23814240174598778,MAP_PMU,65,5.8467362777786525e-05
4,UPFC_Vse,5-15,0.0628568350224289,64,0.06347709884856012,MAP_PMU,65,0.0006202638261312149
5,UPFC_tse,5-15,-2.17491334858609,64,-2.165067531433945,MAP_PMU,65,0.009845817152144942
0,x_tcsc,1-14,-0.10433253655303928,65,-0.10433918663588006,MAP_PMU,65,6.650082840772842e-06
1,B_svc,2,0.17407402662456906,65,0.17385470840421569,MAP_PMU,65,0.00021931822035337056
2,UPFC_Vsh,5-15,1.108702495991632,65,1.1114756956253016,MAP_PMU,65,0.0027731996336695097
3,UPFC_tsh,5-15,-0.2381583251140739,65,-0.23814240174598778,MAP_PMU,65,1.592336808611816e-05
4,UPFC_Vse,5-15,0.06320341455925124,65,0.06347709884856012,MAP_PMU,65,0.00027368428930887867
5,UPFC_tse,5-15,-2.187979126167403,65,-2.165067531433945,MAP_PMU,65,0.022911594733458163
0,x_tcsc,1-14,-0.10434620099263742,66,-0.10433918663588006,MAP_PMU,65,7.014356757359397e-06
1,B_svc,2,0.1739875569788523,66,0.17385470840421569,MAP_PMU,65,0.00013284857463660704
2,UPFC_Vsh,5-15,1.1084179886042531,66,1.1114756956253016,MAP_PMU,65,0.0030577070210484614
3,UPFC_tsh,5-15,-0.23825179960644202,66,-0.23814240174598778,MAP_PMU,65,0.00010939786045424671
4,UPFC_Vse,5-15,0.06356176165206001,66,0.06347709884856012,MAP_PMU,65,8.466280349989086e-05
5,UPFC_tse,5-15,-2.186079672406856,66,-2.165067531433945,MAP_PMU,65,0.02101214097291093
0,x_tcsc,1-14,-0.10433941015039348,67,-0.10433918663588006,MAP_PMU,65,2.2351451342550455e-07
1,B_svc,2,0.17385520788271558,67,0.17385470840421569,MAP_PMU,65,4.994784998935131e-07
2,UPFC_Vsh,5-15,1.108865679792996,67,1.1114756956253016,MAP_PMU,65,0.002610015832305468
3,UPFC_tsh,5-15,-0.2381161203648001,67,-0.23814240174598778,MAP_PMU,65,2.628138118768164e-05
4,UPFC_Vse,5-15,0.06308313367624706,67,0.06347709884856012,MAP_PMU,65,0.0003939651723130627
5,UPFC_tse,5-15,-2.174158654411183,67,-2.165067531433945,MAP_PMU,65,0.009091122977237909
0,x_tcsc,1-14,-0.10434694687168403,68,-0.10433918663588006,MAP_PMU,65,7.760235803969118e-06
1,B_svc,2,0.17404668556554212,68,0.17385470840421569,MAP_PMU,65,0.00019197716132643428
2,UPFC_Vsh,5-15,1.1087115886137784,68,1.1114756956253016,MAP_PMU,65,0.002764107011523187
3,UPFC_tsh,5-15,-0.23814410054371954,68,-0.23814240174598778,MAP_PMU,65,1.6987977317639569e-06
4,UPFC_Vse,5-15,0.06260291238854619,68,0.06347709884856012,MAP_PMU,65,0.0008741864600139287
5,UPFC_tse,5-15,-2.1842486676716724,68,-2.165067531433945,MAP_PMU,65,0.019181136237727436
0,x_tcsc,1-14,-0.1043497692754561,69,-0.10433918663588006,MAP_PMU,65,1.0582639576039998e-05
1,B_svc,2,0.17360551775322666,69,0.17385470840421569,MAP_PMU,65,0.00024919065098902293
2,UPFC_Vsh,5-15,1.1084687560707533,69,1.1114756956253016,MAP_PMU,65,0.003006939554548227
3,UPFC_tsh,5-15,-0.23814166828782007,69,-0.23814240174598778,MAP_PMU,65,7.334581677009844e-07
4,UPFC_Vse,5-15,0.0625689727183333,69,0.06347709884856012,MAP_PMU,65,0.0009081261302268245
5,UPFC_tse,5-15,-2.1807252229478773,69,-2.165067531433945,MAP_PMU,65,0.01565769151393237
0,x_tcsc,1-14,-0.10435939024412097,70,-0.10433918663588006,MAP_PMU,65,2.0203608240912385e-05
1,B_svc,2,0.17348525571646425,70,0.17385470840421569,MAP_PMU,65,0.0003694526877514315
2,UPFC_Vsh,5-15,1.1087245463568332,70,1.1114756956253016,MAP_PMU,65,0.0027511492684684224
3,UPFC_tsh,5-15,-0.23822456606096326,70,-0.23814240174598778,MAP_PMU,65,8.216431497548582e-05
4,UPFC_Vse,5-15,0.06305186160120439,70,0.06347709884856012,MAP_PMU,65,0.0004252372473557281
5,UPFC_tse,5-15,-2.1878660522179434,70,-2.165067531433945,MAP_PMU,65,0.022798520783998466
0,x_tcsc,1-14,-0.10433259429380792,71,-0.10433918663588006,MAP_PMU,65,6.592342072134216e-06
1,B_svc,2,0.17393101011643666,71,0.17385470840421569,MAP_PMU,65,7.630171222097748e-05
2,UPFC_Vsh,5-15,1.108792454131269,71,1.1114756956253016,MAP_PMU,65,0.00268324149403254
3,UPFC_tsh,5-15,-0.23823284935121408,71,-0.23814240174598778,MAP_PMU,65,9.044760522630702e-05
4,UPFC_Vse,5-15,0.06363519470640813,71,0.06347709884856012,MAP_PMU,65,0.00015809585784801183
5,UPFC_tse,5-15,-2.176620924146132,71,-2.165067531433945,MAP_PMU,65,0.011553392712186916
0,x_tcsc,1-14,-0.10435211659393794,72,-0.10433918663588006,MAP_PMU,65,1.2929958057877888e-05
1,B_svc,2,0.17343786986784865,72,0.17385470840421569,MAP_PMU,65,0.0004168385363670368
2,UPFC_Vsh,5-15,1.1088018158545099,72,1.1114756956253016,MAP_PMU,65,0.0026738797707916984
3,UPFC_tsh,5-15,-0.23816743145131702,72,-0.23814240174598778,MAP_PMU,65,2.5029705329249197e-05
4,UPFC_Vse,5-15,0.06299626548556066,72,0.06347709884856012,MAP_PMU,65,0.0004808333629994638
5,UPFC_tse,5-15,-2.1828044412759784,72,-2.165067531433945,MAP_PMU,65,0.017736909842033466
0,x_tcsc,1-14,-0.10435970364455406,73,-0.10433918663588006,MAP_PMU,65,2.0517008674003634e-05
1,B_svc,2,0.17426918068287572,73,0.17385470840421569,MAP_PMU,65,0.00041447227866003855
2,UPFC_Vsh,5-15,1.1088447061948197,73,1.1114756956253016,MAP_PMU,65,0.0026309894304819004
3,UPFC_tsh,5-15,-0.23815959873028988,73,-0.23814240174598778,MAP_PMU,65,1.7196984302109142e-05
4,UPFC_Vse,5-15,0.06313341275340212,73,0.06347709884856012,MAP_PMU,65,0.0003436860951580023
5,UPFC_tse,5-15,-2.1751136281299424,73,-2.165067531433945,MAP_PMU,65,0.01004609669599743
0,x_tcsc,1-14,-0.10432284600921521,74,-0.10433918663588006,MAP_PMU,65,1.634062666484859e-05
1,B_svc,2,0.17423745708398336,74,0.17385470840421569,MAP_PMU,65,0.0003827486797676749
2,UPFC_Vsh,5-15,1.1083743716600216,74,1.1114756956253016,MAP_PMU,65,0.0031013239652799562
3,UPFC_tsh,5-15,-0.23826968407199617,74,-0.23814240174598778,MAP_PMU,65,0.0001272823260083933
4,UPFC_Vse,5-15,0.06314357507907946,74,0.06347709884856012,MAP_PMU,65,0.000333523769480662
5,UPFC_tse,5-15,-2.1853847386320413,74,-2.165067531433945,MAP_PMU,65,0.020317207198096376
0,x_tcsc,1-14,-0.10436130762321746,75,-0.10433918663588006,MAP_PMU,65,2.212098733740675e-05
1,B_svc,2,0.1740518056916441,75,0.17385470840421569,MAP_PMU,65,0.00019709728742842159
2,UPFC_Vsh,5-15,1.1084885262978248,75,1.1114756956253016,MAP_PMU,65,0.0029871693274767797
3,UPFC_tsh,5-15,-0.23818937439446447,75,-0.23814240174598778,MAP_PMU,65,4.6972648476695245e-05
4,UPFC_Vse,5-15,0.06330316482541126,75,0.06347709884856012,MAP_PMU,65,0.00017393402314885842
5,UPFC_tse,5-15,-2.1842352588043292,75,-2.165067531433945,MAP_PMU,65,0.019167727370384302
0,x_tcsc,1-14,-0.10435958948837566,76,-0.10433918663588006,MAP_PMU,65,2.0402852495604584e-05
1,B_svc,2,0.1744504747316422,76,0.17385470840421569,MAP_PMU,65,0.0005957663274265279
2,UPFC_Vsh,5-15,1.1087262361794687,76,1.1114756956253016,MAP_PMU,65,0.0027494594458328248
3,UPFC_tsh,5-15,-0.2381788359090196,76,-0.23814240174598778,MAP_PMU,65,3.643416303181213e-05
4,UPFC_Vse,5-15,0.06313424043760645,76,0.06347709884856012,MAP_PMU,65,0.0003428584109536753
5,UPFC_tse,5-15,-2.190114280989675,76,-2.165067531433945,MAP_PMU,65,0.025046749555730052
0,x_tcsc,1-14,-0.10436624862304925,77,-0.10433918663588006,MAP_PMU,65,2.7061987169188506e-05
1,B_svc,2,0.1734916263268429,77,0.17385470840421569,MAP_PMU,65,0.0003630820773727894
2,UPFC_Vsh,5-15,1.108580425950665,77,1.1114756956253016,MAP_PMU,65,0.0028952696746364914
3,UPFC_tsh,5-15,-0.23828358563541324,77,-0.23814240174598778,MAP_PMU,65,0.0001411838894254669
4,UPFC_Vse,5-15,0.06369455813401274,77,0.06347709884856012,MAP_PMU,65,0.00021745928545262305
5,UPFC_tse,5-15,-2.191102316536123,77,-2.165067531433945,MAP_PMU,65,0.02603478510217805
0,x_tcsc,1-14,-0.10436806399077468,78,-0.10433918663588006,MAP_PMU,65,2.8877354894624174e-05
1,B_svc,2,0.17366558394030726,78,0.17385470840421569,MAP_PMU,65,0.0001891244639084244
2,UPFC_Vsh,5-15,1.108687875477654,78,1.1114756956253016,MAP_PMU,65,0.0027878201476476683
3,UPFC_tsh,5-15,-0.23825530727793834,78,-0.23814240174598778,MAP_PMU,65,0.00011290553195056341
4,UPFC_Vse,5-15,0.06346919967908826,78,0.06347709884856012,MAP_PMU,65,7.899169471858869e-06
5,UPFC_tse,5-15,-2.1744065140912765,78,-2.165067531433945,MAP_PMU,65,0.009338982657331574
0,x_tcsc,1-14,-0.10435297680024898,79,-0.10433918663588006,MAP_PMU,65,1.3790164368920887e-05
1,B_svc,2,0.1741138649975338,79,0.17385470840421569,MAP_PMU,65,0.00025915659331812724
2,UPFC_Vsh,5-15,1.108825017370059,79,1.1114756956253016,MAP_PMU,65,0.0026506782552426777
3,UPFC_tsh,5-15,-0.23818709656568055,79,-0.23814240174598778,MAP_PMU,65,4.4694819692769894e-05
4,UPFC_Vse,5-15,0.06228836213884282,79,0.06347709884856012,MAP_PMU,65,0.0011887367097173016
5,UPFC_tse,5-15,-2.1792574291271802,79,-2.165067531433945,MAP_PMU,65,0.01418989769323531
0,x_tcsc,1-14,-0.10435482976573704,80,-0.10433918663588006,MAP_PMU,65,1.564312985698202e-05
1,B_svc,2,0.17419303853947649,80,0.17385470840421569,MAP_PMU,65,0.00033833013526080036
2,UPFC_Vsh,5-15,1.1091390647091435,80,1.1114756956253016,MAP_PMU,65,0.0023366309161581
3,UPFC_tsh,5-15,-0.2381980792052811,80,-0.23814240174598778,MAP_PMU,65,5.567745929332957e-05
4,UPFC_Vse,5-15,0.06325619353006048,80,0.06347709884856012,MAP_PMU,65,0.0002209053184996368
5,UPFC_tse,5-15,-2.182457800754869,80,-2.165067531433945,MAP_PMU,65,0.017390269320924023
0,x_tcsc,1-14,-0.10433280660736616,81,-0.10433918663588006,MAP_PMU,65,6.380028513899849e-06
1,B_svc,2,0.17388333021107216,81,0.17385470840421569,MAP_PMU,65,2.8621806856476972e-05
2,UPFC_Vsh,5-15,1.1089632364920177,81,1.1114756956253016,MAP_PMU,65,0.0025124591332839064
3,UPFC_tsh,5-15,-0.23822793871469872,81,-0.23814240174598778,MAP_PMU,65,8.553696871094196e-05
4,UPFC_Vse,5-15,0.06252332651558871,81,0.06347709884856012,MAP_PMU,65,0.000953772332971406
5,UPFC_tse,5-15,-2.1910292915601985,81,-2.165067531433945,MAP_PMU,65,0.02596176012625362
0,x_tcsc,1-14,-0.10432091039998585,82,-0.10433918663588006,MAP_PMU,65,1.8276235894204573e-05
1,B_svc,2,0.17429329396966634,82,0.17385470840421569,MAP_PMU,65,0.00043858556545064986
2,UPFC_Vsh,5-15,1.1087035793215132,82,1.1114756956253016,MAP_PMU,65,0.0027721163037883745
3,UPFC_tsh,5-15,-0.23819785922961065,82,-0.23814240174598778,MAP_PMU,65,5.545748362287273e-05
4,UPFC_Vse,5-15,0.06389250041645404,82,0.06347709884856012,MAP_PMU,65,0.00041540156789392213
5,UPFC_tse,5-15,-2.1886487637798684,82,-2.165067531433945,MAP_PMU,65,0.023581232345923464
0,x_tcsc,1-14,-0.104327781360217,83,-0.10433918663588006,MAP_PMU,65,1.1405275663053938e-05
1,B_svc,2,0.17429601106389195,83,0.17385470840421569,MAP_PMU,65,0.0004413026596762626
2,UPFC_Vsh,5-15,1.1092440138212698,83,1.1114756956253016,MAP_PMU,65,0.002231681804031771
3,UPFC_tsh,5-15,-0.23824648502591897,83,-0.23814240174598778,MAP_PMU,65,0.00010408327993119415
4,UPFC_Vse,5-15,0.06315116859445158,83,0.06347709884856012,MAP_PMU,65,0.0003259302541085418
5,UPFC_tse,5-15,-2.186029674163079,83,-2.165067531433945,MAP_PMU,65,0.020962142729134214
0,x_tcsc,1-14,-0.10434022187320303,84,-0.10433918663588006,MAP_PMU,65,1.0352373229771672e-06
1,B_svc,2,0.17367262671416753,84,0.17385470840421569,MAP_PMU,65,0.0001820816900481581
2,UPFC_Vsh,5-15,1.1090786749922328,84,1.1114756956253016,MAP_PMU,65,0.0023970206330687915
3,UPFC_tsh,5-15,-0.23818381796399213,84,-0.23814240174598778,MAP_PMU,65,4.1416218004353134e-05
4,UPFC_Vse,5-15,0.0635096781436677,84,0.06347709884856012,MAP_PMU,65,3.257929510758206e-05
5,UPFC_tse,5-15,-2.180307262030557,84,-2.165067531433945,MAP_PMU,65,0.015239730596611878
0,x_tcsc,1-14,-0.10434443621288121,85,-0.10433918663588006,MAP_PMU,65,5.249577001154027e-06
1,B_svc,2,0.1740350390517788,85,0.17385470840421569,MAP_PMU,65,0.00018033064756312056
2,UPFC_Vsh,5-15,1.1088225525370219,85,1.1114756956253016,MAP_PMU,65,0.002653143088279686
3,UPFC_tsh,5-15,-0.2382071252824389,85,-0.23814240174598778,MAP_PMU,65,6.472353645112228e-05
4,UPFC_Vse,5-15,0.0626079133362926,85,0.06347709884856012,MAP_PMU,65,0.0008691855122675146
5,UPFC_tse,5-15,-2.188559984284865,85,-2.165067531433945,MAP_PMU,65,0.023492452850919943
0,x_tcsc,1-14,-0.1043409298765561,86,-0.10433918663588006,MAP_PMU,65,1.743240676047031e-06
1,B_svc,2,0.1741745127593733,86,0.17385470840421569,MAP_PMU,65,0.00031980435515760464
2,UPFC_Vsh,5-15,1.1087324825061038,86,1.1114756956253016,MAP_PMU,65,0.002743213119197785
3,UPFC_tsh,5-15,-0.23822004077727538,86,-0.23814240174598778,MAP_PMU,65,7.763903128760186e-05
4,UPFC_Vse,5-15,0.0626293633285238,86,0.06347709884856012,MAP_PMU,65,0.0008477355200363218
5,UPFC_tse,5-15,-2.183759827546136,86,-2.165067531433945,MAP_PMU,65,0.01869229611219092
0,x_tcsc,1-14,-0.1043478462378447,87,-0.10433918663588006,MAP_PMU,65,8.659601964638997e-06
1,B_svc,2,0.17386435875355732,87,0.17385470840421569,MAP_PMU,65,9.650349341638886e-06
2,UPFC_Vsh,5-15,1.1087438517910442,87,1.1114756956253016,MAP_PMU,65,0.002731843834257397
3,UPFC_tsh,5-15,-0.23822659770638122,87,-0.23814240174598778,MAP_PMU,65,8.419596039344057e-05
4,UPFC_Vse,5-15,0.06337540852812361,87,0.06347709884856012,MAP_PMU,65,0.00010169032043651216
5,UPFC_tse,5-15,-2.189143891809565,87,-2.165067531433945,MAP_PMU,65,0.02407636037562
0,x_tcsc,1-14,-0.10433931757719828,88,-0.10433918663588006,MAP_PMU,65,1.309413182187802e-07
1,B_svc,2,0.1742886588955815,88,0.17385470840421569,MAP_PMU,65,0.0004339504913658254
2,UPFC_Vsh,5-15,1.1087260186622667,88,1.1114756956253016,MAP_PMU,65,0.0027496769630348528
3,UPFC_tsh,5-15,-0.23822430110383697,88,-0.23814240174598778,MAP_PMU,65,8.189935784919111e-05
4,UPFC_Vse,5-15,0.06289786243602187,88,0.06347709884856012,MAP_PMU,65,0.0005792364125382504
5,UPFC_tse,5-15,-2.183979718418736,88,-2.165067531433945,MAP_PMU,65,0.018912186984791024
0,x_tcsc,1-14,-0.1043640905468077,89,-0.10433918663588006,MAP_PMU,65,2.4903910927645545e-05
1,B_svc,2,0.17367188329068808,89,0.17385470840421569,MAP_PMU,65,0.00018282511352760156
2,UPFC_Vsh,5-15,1.108909082264382,89,1.1114756956253016,MAP_PMU,65,0.0025666133609196784
3,UPFC_tsh,5-15,-0.23816474700903348,89,-0.23814240174598778,MAP_PMU,65,2.234526304570328e-05
4,UPFC_Vse,5-15,0.0626305455399111,89,0.06347709884856012,MAP_PMU,65,0.0008465533086490229
5,UPFC_tse,5-15,-2.1772721346079624,89,-2.165067531433945,MAP_PMU,65,0.012204603174017503
0,x_tcsc,1-14,-0.10431306763291716,90,-0.10433918663588006,MAP_PMU,65,2.611900296289882e-05
1,B_svc,2,0.1737700923474876,90,0.17385470840421569,MAP_PMU,65,8.461605672807626e-05
2,UPFC_Vsh,5-15,1.1087693685290267,90,1.1114756956253016,MAP_PMU,65,0.00270632709627483
3,UPFC_tsh,5-15,-0.23815501977609954,90,-0.23814240174598778,MAP_PMU,65,1.261803011176621e-05
4,UPFC_Vse,5-15,0.06294454759263818,90,0.06347709884856012,MAP_PMU,65,0.0005325512559219425
5,UPFC_tse,5-15,-2.1760641175052498,90,-2.165067531433945,MAP_PMU,65,0.010996586071304826
0,x_tcsc,1-14,-0.10433439452796459,91,-0.10433918663588006,MAP_PMU,65,4.792107915471688e-06
1,B_svc,2,0.1743358802259641,91,0.17385470840421569,MAP_PMU,65,0.00048117182174842177
2,UPFC_Vsh,5-15,1.1088463134408757,91,1.1114756956253016,MAP_PMU,65,0.002629382184425877
3,UPFC_tsh,5-15,-0.23813156385773565,91,-0.23814240174598778,MAP_PMU,65,1.0837888252124284e-05
4,UPFC_Vse,5-15,0.06299810748462968,91,0.06347709884856012,MAP_PMU,65,0.0004789913639304394
5,UPFC_tse,5-15,-2.1724605050568058,91,-2.165067531433945,MAP_PMU,65,0.007392973622860843
0,x_tcsc,1-14,-0.10433088067561136,92,-0.10433918663588006,MAP_PMU,65,8.30596026869801e-06
1,B_svc,2,0.17399884106838492,92,0.17385470840421569,MAP_PMU,65,0.00014413266416923864
2,UPFC_Vsh,5-15,1.1087374221293602,92,1.1114756956253016,MAP_PMU,65,0.002738273495941357
3,UPFC_tsh,5-15,-0.2382232610564275,92,-0.23814240174598778,MAP_PMU,65,8.085931043971817e-05
4,UPFC_Vse,5-15,0.06361349200105612,92,0.06347709884856012,MAP_PMU,65,0.00013639315249600048
5,UPFC_tse,5-15,-2.180462201344537,92,-2.165067531433945,MAP_PMU,65,0.015394669910592018
0,x_tcsc,1-14,-0.10435945771606281,93,-0.10433918663588006,MAP_PMU,65,2.027108018275159e-05
1,B_svc,2,0.17352817198546758,93,0.17385470840421569,MAP_PMU,65,0.0003265364187481079
2,UPFC_Vsh,5-15,1.1090274155528284,93,1.1114756956253016,MAP_PMU,65,0.002448280072473219
3,UPFC_tsh,5-15,-0.23820192433572973,93,-0.23814240174598778,MAP_PMU,65,5.952258974195601e-05
4,UPFC_Vse,5-15,0.06287578834621015,93,0.06347709884856012,MAP_PMU,65,0.0006013105023499749
5,UPFC_tse,5-15,-2.182507170876564,93,-2.165067531433945,MAP_PMU,65,0.01743963944261928
0,x_tcsc,1-14,-0.10434844420557647,94,-0.10433918663588006,MAP_PMU,65,9.25756969641367e-06
1,B_svc,2,0.1740467904984745,94,0.17385470840421569,MAP_PMU,65,0.0001920820942588053
2,UPFC_Vsh,5-15,1.108474709281644,94,1.1114756956253016,MAP_PMU,65,0.00300098634365753
3,UPFC_tsh,5-15,-0.23818286587268192,94,-0.23814240174598778,MAP_PMU,65,4.046412669414523e-05
4,UPFC_Vse,5-15,0.0632147186514754,94,0.06347709884856012,MAP_PMU,65,0.00026238019708471616
5,UPFC_tse,5-15,-2.1742253073046562,94,-2.165067531433945,MAP_PMU,65,0.009157775870711315
0,x_tcsc,1-14,-0.10436146156937806,95,-0.10433918663588006,MAP_PMU,65,2.22749334980038e-05
1,B_svc,2,0.17405382052929802,95,0.17385470840421569,MAP_PMU,65,0.00019911212508233467
2,UPFC_Vsh,5-15,1.1088795022541231,95,1.1114756956253016,MAP_PMU,65,0.0025961933711784457
3,UPFC_tsh,5-15,-0.238176138713224,95,-0.23814240174598778,MAP_PMU,65,3.373696723621422e-05
4,UPFC_Vse,5-15,0.06299667354098791,95,0.06347709884856012,MAP_PMU,65,0.00048042530757221036
5,UPFC_tse,5-15,-2.1770078077161914,95,-2.165067531433945,MAP_PMU,65,0.011940276282246476
0,x_tcsc,1-14,-0.10434817953917495,96,-0.10433918663588006,MAP_PMU,65,8.992903294896548e-06
1,B_svc,2,0.17375389705575503,96,0.17385470840421569,MAP_PMU,65,0.00010081134846065543
2,UPFC_Vsh,5-15,1.108793998069972,96,1.1114756956253016,MAP_PMU,65,0.002681697555329654
3,UPFC_tsh,5-15,-0.2382199539238598,96,-0.23814240174598778,MAP_PMU,65,7.755217787203117e-05
4,UPFC_Vse,5-15,0.06313803324659074,96,0.06347709884856012,MAP_PMU,65,0.00033906560196937663
5,UPFC_tse,5-15,-2.1852891275664463,96,-2.165067531433945,MAP_PMU,65,0.020221596132501407
0,x_tcsc,1-14,-0.10434752178332277,97,-0.10433918663588006,MAP_PMU,65,8.335147442709023e-06
1,B_svc,2,0.17404120529290196,97,0.17385470840421569,MAP_PMU,65,0.00018649688868627168
2,UPFC_Vsh,5-15,1.108914998947689,97,1.1114756956253016,MAP_PMU,65,0.002560696677612606
3,UPFC_tsh,5-15,-0.23813905432585455,97,-0.23814240174598778,MAP_PMU,65,3.3474201332206466e-06
4,UPFC_Vse,5-15,0.06353532518438575,97,0.06347709884856012,MAP_PMU,65,5.822633582562575e-05
5,UPFC_tse,5-15,-2.178402345693915,97,-2.165067531433945,MAP_PMU,65,0.013334814259970074
0,x_tcsc,1-14,-0.10434222962675305,98,-0.10433918663588006,MAP_PMU,65,3.042990872989537e-06
1,B_svc,2,0.17394100655751785,98,0.17385470840421569,MAP_PMU,65,8.629815330216117e-05
2,UPFC_Vsh,5-15,1.109005476270994,98,1.1114756956253016,MAP_PMU,65,0.002470219354307579
3,UPFC_tsh,5-15,-0.23816631904767574,98,-0.23814240174598778,MAP_PMU,65,2.3917301687964576e-05
4,UPFC_Vse,5-15,0.06313103994020192,98,0.06347709884856012,MAP_PMU,65,0.0003460589083582044
5,UPFC_tse,5-15,-2.1901043466679315,98,-2.165067531433945,MAP_PMU,65,0.025036815233986598
0,x_tcsc,1-14,-0.1043605042227629,99,-0.10433918663588006,MAP_PMU,65,2.13175868828408e-05
1,B_svc,2,0.1740013134155804,99,0.17385470840421569,MAP_PMU,65,0.00014660501136470883
2,UPFC_Vsh,5-15,1.1087769911713505,99,1.1114756956253016,MAP_PMU,65,0.0026987044539510396
3,UPFC_tsh,5-15,-0.23821786372038514,99,-0.23814240174598778,MAP_PMU,65,7.546197439736724e-05
4,UPFC_Vse,5-15,0.06297561544771703,99,0.06347709884856012,MAP_PMU,65,0.0005014834008430918
5,UPFC_tse,5-15,-2.182965537185478,99,-2.165067531433945,MAP_PMU,65,0.01789800575153322
0,x_tcsc,1-14,-0.10772911940902964,0,-0.10760335964241032,MAP_PMU,67,0.00012575976661932664
1,B_svc,2,0.17731849449410114,0,0.17762558640633208,MAP_PMU,67,0.000307091912230939
2,UPFC_Vsh,5-15,1.109178280474416,0,1.1094904477156968,MAP_PMU,67,0.000312167241280914
3,UPFC_tsh,5-15,-0.23474595724859665,0,-0.2347478553483812,MAP_PMU,67,1.8980997845419179e-06
4,UPFC_Vse,5-15,0.06322693945003284,0,0.06396008063161161,MAP_PMU,67,0.0007331411815787725
5,UPFC_tse,5-15,-2.1763181929894975,0,-2.1660245224103103,MAP_PMU,67,0.010293670579187175
0,x_tcsc,1-14,-0.10768488612189613,1,-0.10760335964241032,MAP_PMU,67,8.15264794858106e-05
1,B_svc,2,0.1774446977918052,1,0.17762558640633208,MAP_PMU,67,0.00018088861452689176
2,UPFC_Vsh,5-15,1.1087581208992396,1,1.1094904477156968,MAP_PMU,67,0.000732326816457185
3,UPFC_tsh,5-15,-0.2347836714490098,1,-0.2347478553483812,MAP_PMU,67,3.5816100628610625e-05
4,UPFC_Vse,5-15,0.06344100221222927,1,0.06396008063161161,MAP_PMU,67,0.0005190784193823406
5,UPFC_tse,5-15,-2.173693634026374,1,-2.1660245224103103,MAP_PMU,67,0.007669111616063873
0,x_tcsc,1-14,-0.1077060843535037,2,-0.10760335964241032,MAP_PMU,67,0.00010272471109339099
1,B_svc,2,0.1776105450272991,2,0.17762558640633208,MAP_PMU,67,1.5041379032992852e-05
2,UPFC_Vsh,5-15,1.1084253323584763,2,1.1094904477156968,MAP_PMU,67,0.0010651153572205363
3,UPFC_tsh,5-15,-0.2347930192328812,2,-0.2347478553483812,MAP_PMU,67,4.516388450001574e-05
4,UPFC_Vse,5-15,0.06359812108533133,2,0.06396008063161161,MAP_PMU,67,0.00036195954628027993
5,UPFC_tse,5-15,-2.1818015964008146,2,-2.1660245224103103,MAP_PMU,67,0.01577707399050432
0,x_tcsc,1-14,-0.10771136424916027,3,-0.10760335964241032,MAP_PMU,67,0.00010800460674995072
1,B_svc,2,0.17799820048648085,3,0.17762558640633208,MAP_PMU,67,0.00037261408014876984
2,UPFC_Vsh,5-15,1.1085597500633708,3,1.1094904477156968,MAP_PMU,67,0.0009306976523260069
3,UPFC_tsh,5-15,-0.23479598596744228,3,-0.2347478553483812,MAP_PMU,67,4.813061906108751e-05
4,UPFC_Vse,5-15,0.06404722162332296,3,0.06396008063161161,MAP_PMU,67,8.714099171135137e-05
5,UPFC_tse,5-15,-2.1913950765622956,3,-2.1660245224103103,MAP_PMU,67,0.025370554151985303
0,x_tcsc,1-14,-0.10765499671604742,4,-0.10760335964241032,MAP_PMU,67,5.163707363710357e-05
1,B_svc,2,0.17785131527219547,4,0.17762558640633208,MAP_PMU,67,0.00022572886586338936
2,UPFC_Vsh,5-15,1.108703992634507,4,1.1094904477156968,MAP_PMU,67,0.0007864550811897963
3,UPFC_tsh,5-15,-0.23480895049863817,4,-0.2347478553483812,MAP_PMU,67,6.109515025698453e-05
4,UPFC_Vse,5-15,0.06319809770813307,4,0.06396008063161161,MAP_PMU,67,0.000761982923478538
5,UPFC_tse,5-15,-2.1856467518335196,4,-2.1660245224103103,MAP_PMU,67,0.019622229423209347
0,x_tcsc,1-14,-0.10768277408915158,5,-0.10760335964241032,MAP_PMU,67,7.941444674126885e-05
1,B_svc,2,0.17740358876547288,5,0.17762558640633208,MAP_PMU,67,0.0002219976408592006
2,UPFC_Vsh,5-15,1.1090757500549695,5,1.1094904477156968,MAP_PMU,67,0.0004146976607273256
3,UPFC_tsh,5-15,-0.23480014694328782,5,-0.2347478553483812,MAP_PMU,67,5.229159490663382e-05
4,UPFC_Vse,5-15,0.06341908229080252,5,0.06396008063161161,MAP_PMU,67,0.0005409983408090902
5,UPFC_tse,5-15,-2.1817700358197665,5,-2.1660245224103103,MAP_PMU,67,0.01574551340945618
0,x_tcsc,1-14,-0.10770963272577462,6,-0.10760335964241032,MAP_PMU,67,0.00010627308336430552
1,B_svc,2,0.17742644245302613,6,0.17762558640633208,MAP_PMU,67,0.00019914395330594692
2,UPFC_Vsh,5-15,1.108711829322747,6,1.1094904477156968,MAP_PMU,67,0.0007786183929499035
3,UPFC_tsh,5-15,-0.23474562501509527,6,-0.2347478553483812,MAP_PMU,67,2.2303332859185954e-06
4,UPFC_Vse,5-15,0.06291208392994879,6,0.06396008063161161,MAP_PMU,67,0.0010479967016628206
5,UPFC_tse,5-15,-2.1821547185248034,6,-2.1660245224103103,MAP_PMU,67,0.016130196114493067
0,x_tcsc,1-14,-0.10778323098048036,7,-0.10760335964241032,MAP_PMU,67,0.0001798713380700423
1,B_svc,2,0.1777760848749584,7,0.17762558640633208,MAP_PMU,67,0.0001504984686263311
2,UPFC_Vsh,5-15,1.1084537001447163,7,1.1094904477156968,MAP_PMU,67,0.0010367475709804896
3,UPFC_tsh,5-15,-0.23481677259242173,7,-0.2347478553483812,MAP_PMU,67,6.891724404053945e-05
4,UPFC_Vse,5-15,0.06338375535044097,7,0.06396008063161161,MAP_PMU,67,0.0005763252811706449
5,UPFC_tse,5-15,-2.185609317910579,7,-2.1660245224103103,MAP_PMU,67,0.019584795500268815
0,x_tcsc,1-14,-0.10765327526569304,8,-0.10760335964241032,MAP_PMU,67,4.991562328272858e-05
1,B_svc,2,0.17757967854759632,8,0.17762558640633208,MAP_PMU,67,4.5907858735760865e-05
2,UPFC_Vsh,5-15,1.1087550792699483,8,1.1094904477156968,MAP_PMU,67,0.0007353684457485077
3,UPFC_tsh,5-15,-0.2347939698999206,8,-0.2347478553483812,MAP_PMU,67,4.611455153941124e-05
4,UPFC_Vse,5-15,0.06363065370065968,8,0.06396008063161161,MAP_PMU,67,0.0003294269309519343
5,UPFC_tse,5-15,-2.1725527394722968,8,-2.1660245224103103,MAP_PMU,67,0.006528217061986474
0,x_tcsc,1-14,-0.10772525281454351,9,-0.10760335964241032,MAP_PMU,67,0.0001218931721331945
1,B_svc,2,0.17763204653109135,9,0.17762558640633208,MAP_PMU,67,6.460124759272157e-06
2,UPFC_Vsh,5-15,1.108460139341104,9,1.1094904477156968,MAP_PMU,67,0.0010303083745928365
3,UPFC_tsh,5-15,-0.23482476874930028,9,-0.2347478553483812,MAP_PMU,67,7.69134009190875e-05
4,UPFC_Vse,5-15,0.06304317333057506,9,0.06396008063161161,MAP_PMU,67,0.0009169073010365514
5,UPFC_tse,5-15,-2.184257742644156,9,-2.1660245224103103,MAP_PMU,67,0.01823322023384577
0,x_tcsc,1-14,-0.10768447258606453,10,-0.10760335964241032,MAP_PMU,67,8.11129436542185e-05
1,B_svc,2,0.17775771795514342,10,0.17762558640633208,MAP_PMU,67,0.00013213154881133726
2,UPFC_Vsh,5-15,1.1087626736570217,10,1.1094904477156968,MAP_PMU,67,0.0007277740586750792
3,UPFC_tsh,5-15,-0.23481201494632503,10,-0.2347478553483812,MAP_PMU,67,6.41595979438414e-05
4,UPFC_Vse,5-15,0.06338351047599253,10,0.06396008063161161,MAP_PMU,67,0.0005765701556190855
5,UPFC_tse,5-15,-2.17485354752922,10,-2.1660245224103103,MAP_PMU,67,0.008829025118909595
0,x_tcsc,1-14,-0.1077153186317207,11,-0.10760335964241032,MAP_PMU,67,0.00011195898931037895
1,B_svc,2,0.17791785818702985,11,0.17762558640633208,MAP_PMU,67,0.00029227178069776705
2,UPFC_Vsh,5-15,1.1088247329378902,11,1.1094904477156968,MAP_PMU,67,0.0006657147778066363
3,UPFC_tsh,5-15,-0.2346865502735844,11,-0.2347478553483812,MAP_PMU,67,6.130507479679137e-05
4,UPFC_Vse,5-15,0.0632238854196151,11,0.06396008063161161,MAP_PMU,67,0.0007361952119965126
5,UPFC_tse,5-15,-2.1763354547238905,11,-2.1660245224103103,MAP_PMU,67,0.010310932313580157
0,x_tcsc,1-14,-0.10767263756622004,12,-0.10760335964241032,MAP_PMU,67,6.927792380972964e-05
1,B_svc,2,0.1774348958435661,12,0.17762558640633208,MAP_PMU,67,0.00019069056276599383
2,UPFC_Vsh,5-15,1.108461427016672,12,1.1094904477156968,MAP_PMU,67,0.0010290206990248851
3,UPFC_tsh,5-15,-0.23483186739202536,12,-0.2347478553483812,MAP_PMU,67,8.401204364416603e-05
4,UPFC_Vse,5-15,0.06405121982817469,12,0.06396008063161161,MAP_PMU,67,9.113919656307534e-05
5,UPFC_tse,5-15,-2.1815601590041394,12,-2.1660245224103103,MAP_PMU,67,0.01553563659382906
0,x_tcsc,1-14,-0.10769329205118798,13,-0.10760335964241032,MAP_PMU,67,8.99324087776654e-05
1,B_svc,2,0.17764300366504351,13,0.17762558640633208,MAP_PMU,67,1.741725871143296e-05
2,UPFC_Vsh,5-15,1.1093964359074446,13,1.1094904477156968,MAP_PMU,67,9.401180825219235e-05
3,UPFC_tsh,5-15,-0.234774774067373,13,-0.2347478553483812,MAP_PMU,67,2.691871899179743e-05
4,UPFC_Vse,5-15,0.06281608275184869,13,0.06396008063161161,MAP_PMU,67,0.001143997879762923
5,UPFC_tse,5-15,-2.1758648019411435,13,-2.1660245224103103,MAP_PMU,67,0.009840279530833218
0,x_tcsc,1-14,-0.10769070206560666,14,-0.10760335964241032,MAP_PMU,67,8.734242319634322e-05
1,B_svc,2,0.1773749710666021,14,0.17762558640633208,MAP_PMU,67,0.00025061533972997596
2,UPFC_Vsh,5-15,1.1087988808861848,14,1.1094904477156968,MAP_PMU,67,0.0006915668295119914
3,UPFC_tsh,5-15,-0.23476033922675488,14,-0.2347478553483812,MAP_PMU,67,1.2483878373686919e-05
4,UPFC_Vse,5-15,0.06336366673658513,14,0.06396008063161161,MAP_PMU,67,0.0005964138950264875
5,UPFC_tse,5-15,-2.186770673234391,14,-2.1660245224103103,MAP_PMU,67,0.02074615082408071
0,x_tcsc,1-14,-0.10773725839256565,15,-0.10760335964241032,MAP_PMU,67,0.00013389875015533403
1,B_svc,2,0.17734997166585906,15,0.17762558640633208,MAP_PMU,67,0.0002756147404730236
2,UPFC_Vsh,5-15,1.1088094337459082,15,1.1094904477156968,MAP_PMU,67,0.0006810139697885909
3,UPFC_tsh,5-15,-0.23472510060243404,15,-0.2347478553483812,MAP_PMU,67,2.27547459471511e-05
4,UPFC_Vse,5-15,0.06318226073589919,15,0.06396008063161161,MAP_PMU,67,0.0007778198957124199
5,UPFC_tse,5-15,-2.1756226591703043,15,-2.1660245224103103,MAP_PMU,67,0.009598136759993992
0,x_tcsc,1-14,-0.10772845390578697,16,-0.10760335964241032,MAP_PMU,67,0.00012509426337665996
1,B_svc,2,0.1776206938283337,16,0.17762558640633208,MAP_PMU,67,4.892577998377723e-06
2,UPFC_Vsh,5-15,1.1090485780916566,16,1.1094904477156968,MAP_PMU,67,0.00044186962404024754
3,UPFC_tsh,5-15,-0.2347289717307312,16,-0.2347478553483812,MAP_PMU,67,1.888361764998403e-05
4,UPFC_Vse,5-15,0.06261578060353487,16,0.06396008063161161,MAP_PMU,67,0.001344300028076742
5,UPFC_tse,5-15,-2.1796483120234957,16,-2.1660245224103103,MAP_PMU,67,0.013623789613185444
0,x_tcsc,1-14,-0.10766816446334901,17,-0.10760335964241032,MAP_PMU,67,6.480482093869366e-05
1,B_svc,2,0.17790390739253184,17,0.17762558640633208,MAP_PMU,67,0.0002783209861997593
2,UPFC_Vsh,5-15,1.1086833589513905,17,1.1094904477156968,MAP_PMU,67,0.0008070887643063518
3,UPFC_tsh,5-15,-0.23477486025025046,17,-0.2347478553483812,MAP_PMU,67,2.7004901869270848e-05
4,UPFC_Vse,5-15,0.06371862508290888,17,0.06396008063161161,MAP_PMU,67,0.00024145554870273755
5,UPFC_tse,5-15,-2.1807664739870827,17,-2.1660245224103103,MAP_PMU,67,0.014741951576772383
0,x_tcsc,1-14,-0.10772946762095667,18,-0.10760335964241032,MAP_PMU,67,0.00012610797854635536
1,B_svc,2,0.1775539003105635,18,0.17762558640633208,MAP_PMU,67,7.168609576857499e-05
2,UPFC_Vsh,5-15,1.1084326140748388,18,1.1094904477156968,MAP_PMU,67,0.0010578336408579858
3,UPFC_tsh,5-15,-0.23483895642703687,18,-0.2347478553483812,MAP_PMU,67,9.11010786556754e-05
4,UPFC_Vse,5-15,0.06362377089154372,18,0.06396008063161161,MAP_PMU,67,0.00033630974006788883
5,UPFC_tse,5-15,-2.184880998357,18,-2.1660245224103103,MAP_PMU,67,0.0188564759466896
0,x_tcsc,1-14,-0.10770136638825123,19,-0.10760335964241032,MAP_PMU,67,9.800674584091451e-05
1,B_svc,2,0.1771452207746823,19,0.17762558640633208,MAP_PMU,67,0.00048036563164977064
2,UPFC_Vsh,5-15,1.1086473863577724,19,1.1094904477156968,MAP_PMU,67,0.0008430613579244461
3,UPFC_tsh,5-15,-0.23480110166801277,19,-0.2347478553483812,MAP_PMU,67,5.3246319631578e-05
4,UPFC_Vse,5-15,0.06329820545731747,19,0.06396008063161161,MAP_PMU,67,0.0006618751742941409
5,UPFC_tse,5-15,-2.179811667648732,19,-2.1660245224103103,MAP_PMU,67,0.013787145238421505
0,x_tcsc,1-14,-0.10772074818864948,20,-0.10760335964241032,MAP_PMU,67,0.00011738854623916106
1,B_svc,2,0.17775686185761327,20,0.17762558640633208,MAP_PMU,67,0.0001312754512811931
2,UPFC_Vsh,5-15,1.1088950902472667,20,1.1094904477156968,MAP_PMU,67,0.0005953574684300911
3,UPFC_tsh,5-15,-0.2347440894744671,20,-0.2347478553483812,MAP_PMU,67,3.7658739140966624e-06
4,UPFC_Vse,5-15,0.06298494362466842,20,0.06396008063161161,MAP_PMU,67,0.0009751370069431969
5,UPFC_tse,5-15,-2.1793059941095674,20,-2.1660245224103103,MAP_PMU,67,0.013281471699257086
0,x_tcsc,1-14,-0.10768368219696195,21,-0.10760335964241032,MAP_PMU,67,8.03225545516345e-05
1,B_svc,2,0.17808069189837636,21,0.17762558640633208,MAP_PMU,67,0.00045510549204427764
2,UPFC_Vsh,5-15,1.1089714928432461,21,1.1094904477156968,MAP_PMU,67,0.0005189548724506832
3,UPFC_tsh,5-15,-0.2348687579886464,21,-0.2347478553483812,MAP_PMU,67,0.00012090264026520803
4,UPFC_Vse,5-15,0.06350651807498885,21,0.06396008063161161,MAP_PMU,67,0.00045356255662276634
5,UPFC_tse,5-15,-2.1827200784999,21,-2.1660245224103103,MAP_PMU,67,0.016695556089589836
0,x_tcsc,1-14,-0.10775723077625364,22,-0.10760335964241032,MAP_PMU,67,0.00015387113384332518
1,B_svc,2,0.17743367868320872,22,0.17762558640633208,MAP_PMU,67,0.0001919077231233579
2,UPFC_Vsh,5-15,1.108715191138595,22,1.1094904477156968,MAP_PMU,67,0.0007752565771017572
3,UPFC_tsh,5-15,-0.2348279086036099,22,-0.2347478553483812,MAP_PMU,67,8.005325522869589e-05
4,UPFC_Vse,5-15,0.06366284640226336,22,0.06396008063161161,MAP_PMU,67,0.00029723422934825605
5,UPFC_tse,5-15,-2.18043243281139,22,-2.1660245224103103,MAP_PMU,67,0.014407910401079693
0,x_tcsc,1-14,-0.1076617453181958,23,-0.10760335964241032,MAP_PMU,67,5.838567578549114e-05
1,B_svc,2,0.17801867519808226,23,0.17762558640633208,MAP_PMU,67,0.0003930887917501791
2,UPFC_Vsh,5-15,1.108902441399323,23,1.1094904477156968,MAP_PMU,67,0.0005880063163739013
3,UPFC_tsh,5-15,-0.23479925629542625,23,-0.2347478553483812,MAP_PMU,67,5.1400947045060486e-05
4,UPFC_Vse,5-15,0.06331432935714694,23,0.06396008063161161,MAP_PMU,67,0.0006457512744646732
5,UPFC_tse,5-15,-2.1846751404370504,23,-2.1660245224103103,MAP_PMU,67,0.018650618026740062
0,x_tcsc,1-14,-0.10768490272250597,24,-0.10760335964241032,MAP_PMU,67,8.15430800956557e-05
1,B_svc,2,0.17786616069477093,24,0.17762558640633208,MAP_PMU,67,0.00024057428843884954
2,UPFC_Vsh,5-15,1.1091717489143158,24,1.1094904477156968,MAP_PMU,67,0.00031869880138102324
3,UPFC_tsh,5-15,-0.2348233123564918,24,-0.2347478553483812,MAP_PMU,67,7.545700811059652e-05
4,UPFC_Vse,5-15,0.0637909688568347,24,0.06396008063161161,MAP_PMU,67,0.00016911177477690886
5,UPFC_tse,5-15,-2.1876909768834643,24,-2.1660245224103103,MAP_PMU,67,0.021666454473153962
0,x_tcsc,1-14,-0.10770115153050361,25,-0.10760335964241032,MAP_PMU,67,9.77918880932932e-05
1,B_svc,2,0.17795594264269407,25,0.17762558640633208,MAP_PMU,67,0.0003303562363619894
2,UPFC_Vsh,5-15,1.10916115058645,25,1.1094904477156968,MAP_PMU,67,0.0003292971292467861
3,UPFC_tsh,5-15,-0.23476950228637158,25,-0.2347478553483812,MAP_PMU,67,2.1646937990393855e-05
4,UPFC_Vse,5-15,0.06312340691402643,25,0.06396008063161161,MAP_PMU,67,0.0008366737175851818
5,UPFC_tse,5-15,-2.179391339418405,25,-2.1660245224103103,MAP_PMU,67,0.0133668170080945
0,x_tcsc,1-14,-0.10773614298872518,26,-0.10760335964241032,MAP_PMU,67,0.0001327833463148631
1,B_svc,2,0.17775385809560265,26,0.17762558640633208,MAP_PMU,67,0.00012827168927057042
2,UPFC_Vsh,5-15,1.1088472569158834,26,1.1094904477156968,MAP_PMU,67,0.0006431907998134534
3,UPFC_tsh,5-15,-0.23479236992597213,26,-0.2347478553483812,MAP_PMU,67,4.4514577590942794e-05
4,UPFC_Vse,5-15,0.06318172190051213,26,0.06396008063161161,MAP_PMU,67,0.0007783587310994794
5,UPFC_tse,5-15,-2.1768881869435464,26,-2.1660245224103103,MAP_PMU,67,0.010863664533236062
0,x_tcsc,1-14,-0.10771994957524872,27,-0.10760335964241032,MAP_PMU,67,0.00011658993283840402
1,B_svc,2,0.17760857074983774,27,0.17762558640633208,MAP_PMU,67,1.7015656494340226e-05
2,UPFC_Vsh,5-15,1.1087895338595155,27,1.1094904477156968,MAP_PMU,67,0.0007009138561813177
3,UPFC_tsh,5-15,-0.2347978121126199,27,-0.2347478553483812,MAP_PMU,67,4.9956764238717755e-05
4,UPFC_Vse,5-15,0.0630533670673767,27,0.06396008063161161,MAP_PMU,67,0.0009067135642349122
5,UPFC_tse,5-15,-2.1830368273705654,27,-2.1660245224103103,MAP_PMU,67,0.017012304960255076
0,x_tcsc,1-14,-0.10773905080805432,28,-0.10760335964241032,MAP_PMU,67,0.00013569116564400574
1,B_svc,2,0.17752468654187542,28,0.17762558640633208,MAP_PMU,67,0.00010089986445666055
2,UPFC_Vsh,5-15,1.1084905107107832,28,1.1094904477156968,MAP_PMU,67,0.0009999370049136314
3,UPFC_tsh,5-15,-0.2348654454236825,28,-0.2347478553483812,MAP_PMU,67,0.00011759007530132148
4,UPFC_Vse,5-15,0.06341164059017598,28,0.06396008063161161,MAP_PMU,67,0.00054844004143563
5,UPFC_tse,5-15,-2.1794069642732428,28,-2.1660245224103103,MAP_PMU,67,0.01338244186293247
0,x_tcsc,1-14,-0.1076445485749881,29,-0.10760335964241032,MAP_PMU,67,4.118893257779033e-05
1,B_svc,2,0.17758684733883148,29,0.17762558640633208,MAP_PMU,67,3.87390675005983e-05
2,UPFC_Vsh,5-15,1.1085536962521814,29,1.1094904477156968,MAP_PMU,67,0.0009367514635154617
3,UPFC_tsh,5-15,-0.23481176547299473,29,-0.2347478553483812,MAP_PMU,67,6.391012461354206e-05
4,UPFC_Vse,5-15,0.0631889820316214,29,0.06396008063161161,MAP_PMU,67,0.0007710985999902081
5,UPFC_tse,5-15,-2.1837440392341825,29,-2.1660245224103103,MAP_PMU,67,0.017719516823872183
0,x_tcsc,1-14,-0.10772512879731666,30,-0.10760335964241032,MAP_PMU,67,0.00012176915490634543
1,B_svc,2,0.17782402913149226,30,0.17762558640633208,MAP_PMU,67,0.00019844272516017503
2,UPFC_Vsh,5-15,1.1084981270552674,30,1.1094904477156968,MAP_PMU,67,0.0009923206604294244
3,UPFC_tsh,5-15,-0.23485964730977543,30,-0.2347478553483812,MAP_PMU,67,0.00011179196139424197
4,UPFC_Vse,5-15,0.06370515113198062,30,0.06396008063161161,MAP_PMU,67,0.0002549294996309903
5,UPFC_tse,5-15,-2.182898631506979,30,-2.1660245224103103,MAP_PMU,67,0.016874109096668644
0,x_tcsc,1-14,-0.107747627472643,31,-0.10760335964241032,MAP_PMU,67,0.00014426783023269163
1,B_svc,2,0.17754581452239515,31,0.17762558640633208,MAP_PMU,67,7.977188393692991e-05
2,UPFC_Vsh,5-15,1.108389698645194,31,1.1094904477156968,MAP_PMU,67,0.0011007490705028378
3,UPFC_tsh,5-15,-0.23490190067722344,31,-0.2347478553483812,MAP_PMU,67,0.00015404532884225053
4,UPFC_Vse,5-15,0.06383340376469507,31,0.06396008063161161,MAP_PMU,67,0.00012667686691654467
5,UPFC_tse,5-15,-2.1885542059585434,31,-2.1660245224103103,MAP_PMU,67,0.022529683548233148
0,x_tcsc,1-14,-0.10771227251248043,32,-0.10760335964241032,MAP_PMU,67,0.00010891287007011585
1,B_svc,2,0.177840278049545,32,0.17762558640633208,MAP_PMU,67,0.00021469164321291645
2,UPFC_Vsh,5-15,1.1087130020162939,32,1.1094904477156968,MAP_PMU,67,0.0007774456994029677
3,UPFC_tsh,5-15,-0.23474444912927966,32,-0.2347478553483812,MAP_PMU,67,3.4062191015260534e-06
4,UPFC_Vse,5-15,0.06336025548439747,32,0.06396008063161161,MAP_PMU,67,0.0005998251472141419
5,UPFC_tse,5-15,-2.1778920294806934,32,-2.1660245224103103,MAP_PMU,67,0.011867507070383088
0,x_tcsc,1-14,-0.1077095408436829,33,-0.10760335964241032,MAP_PMU,67,0.0001061812012725788
1,B_svc,2,0.17736395883338146,33,0.17762558640633208,MAP_PMU,67,0.0002616275729506179
2,UPFC_Vsh,5-15,1.1087955652038979,33,1.1094904477156968,MAP_PMU,67,0.0006948825117989443
3,UPFC_tsh,5-15,-0.23477815316997788,33,-0.2347478553483812,MAP_PMU,67,3.029782159669203e-05
4,UPFC_Vse,5-15,0.06312747038654258,33,0.06396008063161161,MAP_PMU,67,0.000832610245069032
5,UPFC_tse,5-15,-2.1895958914154567,33,-2.1660245224103103,MAP_PMU,67,0.023571369005146448
0,x_tcsc,1-14,-0.10773974612982666,34,-0.10760335964241032,MAP_PMU,67,0.00013638648741634563
1,B_svc,2,0.177725242463618,34,0.17762558640633208,MAP_PMU,67,9.965605728592952e-05
2,UPFC_Vsh,5-15,1.1085808532641208,34,1.1094904477156968,MAP_PMU,67,0.0009095944515760124
3,UPFC_tsh,5-15,-0.23484891585930848,34,-0.2347478553483812,MAP_PMU,67,0.00010106051092728663
4,UPFC_Vse,5-15,0.06404378206823884,34,0.06396008063161161,MAP_PMU,67,8.370143662722596e-05
5,UPFC_tse,5-15,-2.1775569205055425,34,-2.1660245224103103,MAP_PMU,67,0.01153239809523221
0,x_tcsc,1-14,-0.10772609828116123,35,-0.10760335964241032,MAP_PMU,67,0.0001227386387509105
1,B_svc,2,0.1780193886114235,35,0.17762558640633208,MAP_PMU,67,0.0003938022050914147
2,UPFC_Vsh,5-15,1.1082300735216177,35,1.1094904477156968,MAP_PMU,67,0.0012603741940790947
3,UPFC_tsh,5-15,-0.2348504089878019,35,-0.2347478553483812,MAP_PMU,67,0.00010255363942071605
4,UPFC_Vse,5-15,0.0638175027657385,35,0.06396008063161161,MAP_PMU,67,0.00014257786587311416
5,UPFC_tse,5-15,-2.17956649713926,35,-2.1660245224103103,MAP_PMU,67,0.01354197472894958
0,x_tcsc,1-14,-0.10767543557438425,36,-0.10760335964241032,MAP_PMU,67,7.207593197393336e-05
1,B_svc,2,0.17770397942034108,36,0.17762558640633208,MAP_PMU,67,7.839301400899834e-05
2,UPFC_Vsh,5-15,1.1089543140608173,36,1.1094904477156968,MAP_PMU,67,0.0005361336548794782
3,UPFC_tsh,5-15,-0.23481484059973776,36,-0.2347478553483812,MAP_PMU,67,6.698525135656608e-05
4,UPFC_Vse,5-15,0.06311648496874356,36,0.06396008063161161,MAP_PMU,67,0.0008435956628680547
5,UPFC_tse,5-15,-2.173258447630883,36,-2.1660245224103103,MAP_PMU,67,0.007233925220572868
0,x_tcsc,1-14,-0.10769749292324433,37,-0.10760335964241032,MAP_PMU,67,9.413328083401895e-05
1,B_svc,2,0.17716513720075053,37,0.17762558640633208,MAP_PMU,67,0.00046044920558155344
2,UPFC_Vsh,5-15,1.1089975068843425,37,1.1094904477156968,MAP_PMU,67,0.000492940831354316
3,UPFC_tsh,5-15,-0.234770516571142,37,-0.2347478553483812,MAP_PMU,67,2.2661222760816946e-05
4,UPFC_Vse,5-15,0.06292978876415509,37,0.06396008063161161,MAP_PMU,67,0.001030291867456526
5,UPFC_tse,5-15,-2.1793111069451894,37,-2.1660245224103103,MAP_PMU,67,0.013286584534879076
0,x_tcsc,1-14,-0.10765961682384,38,-0.10760335964241032,MAP_PMU,67,5.6257181429680836e-05
1,B_svc,2,0.1769028408423702,38,0.17762558640633208,MAP_PMU,67,0.0007227455639618741
2,UPFC_Vsh,5-15,1.1086999381773708,38,1.1094904477156968,MAP_PMU,67,0.0007905095383260452
3,UPFC_tsh,5-15,-0.2347833849305864,38,-0.2347478553483812,MAP_PMU,67,3.552958220520708e-05
4,UPFC_Vse,5-15,0.0632329989789427,38,0.06396008063161161,MAP_PMU,67,0.0007270816526689095
5,UPFC_tse,5-15,-2.1779852199756338,38,-2.1660245224103103,MAP_PMU,67,0.011960697565323475
0,x_tcsc,1-14,-0.10764187064089696,39,-0.10760335964241032,MAP_PMU,67,3.8510998486646075e-05
1,B_svc,2,0.1774797556809692,39,0.17762558640633208,MAP_PMU,67,0.00014583072536289432
2,UPFC_Vsh,5-15,1.1086942956837635,39,1.1094904477156968,MAP_PMU,67,0.0007961520319332838
3,UPFC_tsh,5-15,-0.23489514051730548,39,-0.2347478553483812,MAP_PMU,67,0.00014728516892428822
4,UPFC_Vse,5-15,0.06323825754491447,39,0.06396008063161161,MAP_PMU,67,0.0007218230866971459
5,UPFC_tse,5-15,-2.1894544713373367,39,-2.1660245224103103,MAP_PMU,67,0.023429948927026434
0,x_tcsc,1-14,-0.10768699115437005,40,-0.10760335964241032,MAP_PMU,67,8.363151195973917e-05
1,B_svc,2,0.17697697633349685,40,0.17762558640633208,MAP_PMU,67,0.0006486100728352318
2,UPFC_Vsh,5-15,1.1086517199073518,40,1.1094904477156968,MAP_PMU,67,0.0008387278083450411
3,UPFC_tsh,5-15,-0.23476811073883058,40,-0.2347478553483812,MAP_PMU,67,2.025539044939184e-05
4,UPFC_Vse,5-15,0.06347292664579907,40,0.06396008063161161,MAP_PMU,67,0.00048715398581254676
5,UPFC_tse,5-15,-2.1830707896610977,40,-2.1660245224103103,MAP_PMU,67,0.017046267250787395
0,x_tcsc,1-14,-0.10769136904687754,41,-0.10760335964241032,MAP_PMU,67,8.80094044672236e-05
1,B_svc,2,0.17764218981205637,41,0.17762558640633208,MAP_PMU,67,1.660340572429142e-05
2,UPFC_Vsh,5-15,1.1089482462731282,41,1.1094904477156968,MAP_PMU,67,0.0005422014425686683
3,UPFC_tsh,5-15,-0.2347639526760648,41,-0.2347478553483812,MAP_PMU,67,1.609732768362293e-05
4,UPFC_Vse,5-15,0.06334854725707015,41,0.06396008063161161,MAP_PMU,67,0.0006115333745414647
5,UPFC_tse,5-15,-2.174822838845896,41,-2.1660245224103103,MAP_PMU,67,0.008798316435585818
0,x_tcsc,1-14,-0.10771048173531098,42,-0.10760335964241032,MAP_PMU,67,0.00010712209290066055
1,B_svc,2,0.177542316973694,42,0.17762558640633208,MAP_PMU,67,8.326943263808895e-05
2,UPFC_Vsh,5-15,1.108641647772611,42,1.1094904477156968,MAP_PMU,67,0.0008487999430857318
3,UPFC_tsh,5-15,-0.23476985003293455,42,-0.2347478553483812,MAP_PMU,67,2.1994684553355848e-05
4,UPFC_Vse,5-15,0.06305827441500331,42,0.06396008063161161,MAP_PMU,67,0.0009018062166083057
5,UPFC_tse,5-15,-2.1764247764681155,42,-2.1660245224103103,MAP_PMU,67,0.010400254057805203
0,x_tcsc,1-14,-0.107694328113926,43,-0.10760335964241032,MAP_PMU,67,9.096847151568443e-05
1,B_svc,2,0.17760246368987934,43,0.17762558640633208,MAP_PMU,67,2.3122716452744774e-05
2,UPFC_Vsh,5-15,1.1088900225659801,43,1.1094904477156968,MAP_PMU,67,0.000600425149716699
3,UPFC_tsh,5-15,-0.23476533200375435,43,-0.2347478553483812,MAP_PMU,67,1.74766553731609e-05
4,UPFC_Vse,5-15,0.06366929484593348,43,0.06396008063161161,MAP_PMU,67,0.0002907857856781354
5,UPFC_tse,5-15,-2.1792379290439694,43,-2.1660245224103103,MAP_PMU,67,0.013213406633659108
0,x_tcsc,1-14,-0.10774782545147975,44,-0.10760335964241032,MAP_PMU,67,0.00014446580906943285
1,B_svc,2,0.17806830077106933,44,0.17762558640633208,MAP_PMU,67,0.0004427143647372511
2,UPFC_Vsh,5-15,1.108513525067183,44,1.1094904477156968,MAP_PMU,67,0.0009769226485139004
3,UPFC_tsh,5-15,-0.23484591143648736,44,-0.2347478553483812,MAP_PMU,67,9.805608810617428e-05
4,UPFC_Vse,5-15,0.06418527626493108,44,0.06396008063161161,MAP_PMU,67,0.0002251956333194638
5,UPFC_tse,5-15,-2.185664022928579,44,-2.1660245224103103,MAP_PMU,67,0.019639500518268793
0,x_tcsc,1-14,-0.1076959800098352,45,-0.10760335964241032,MAP_PMU,67,9.262036742488378e-05
1,B_svc,2,0.17771440713495976,45,0.17762558640633208,MAP_PMU,67,8.882072862767543e-05
2,UPFC_Vsh,5-15,1.1089663283179279,45,1.1094904477156968,MAP_PMU,67,0.000524119397768974
3,UPFC_tsh,5-15,-0.23479089565219463,45,-0.2347478553483812,MAP_PMU,67,4.304030381344082e-05
4,UPFC_Vse,5-15,0.06350115590844531,45,0.06396008063161161,MAP_PMU,67,0.00045892472316630406
5,UPFC_tse,5-15,-2.17064243467313,45,-2.1660245224103103,MAP_PMU,67,0.004617912262819601
0,x_tcsc,1-14,-0.1076983086485845,46,-0.10760335964241032,MAP_PMU,67,9.494900617418311e-05
1,B_svc,2,0.17762305344327908,46,0.17762558640633208,MAP_PMU,67,2.532963052997994e-06
2,UPFC_Vsh,5-15,1.1084694242608062,46,1.1094904477156968,MAP_PMU,67,0.001021023454890635
3,UPFC_tsh,5-15,-0.2347821143863317,46,-0.2347478553483812,MAP_PMU,67,3.425903795051255e-05
4,UPFC_Vse,5-15,0.06333638455790026,46,0.06396008063161161,MAP_PMU,67,0.0006236960737113495
5,UPFC_tse,5-15,-2.180025537988509,46,-2.1660245224103103,MAP_PMU,67,0.014001015578198661
0,x_tcsc,1-14,-0.10767607383925716,47,-0.10760335964241032,MAP_PMU,67,7.271419684684588e-05
1,B_svc,2,0.1774199596990826,47,0.17762558640633208,MAP_PMU,67,0.00020562670724946774
2,UPFC_Vsh,5-15,1.1088779732883907,47,1.1094904477156968,MAP_PMU,67,0.0006124744273061644
3,UPFC_tsh,5-15,-0.23481495743385475,47,-0.2347478553483812,MAP_PMU,67,6.710208547355823e-05
4,UPFC_Vse,5-15,0.06345403452195085,47,0.06396008063161161,MAP_PMU,67,0.0005060461096607627
5,UPFC_tse,5-15,-2.181705551633273,47,-2.1660245224103103,MAP_PMU,67,0.01568102922296255
0,x_tcsc,1-14,-0.10766348571252934,48,-0.10760335964241032,MAP_PMU,67,6.012607011902926e-05
1,B_svc,2,0.17748066373253085,48,0.17762558640633208,MAP_PMU,67,0.0001449226738012288
2,UPFC_Vsh,5-15,1.108462952856523,48,1.1094904477156968,MAP_PMU,67,0.0010274948591737498
3,UPFC_tsh,5-15,-0.23487595094832697,48,-0.2347478553483812,MAP_PMU,67,0.00012809559994578223
4,UPFC_Vse,5-15,0.06313143926978669,48,0.06396008063161161,MAP_PMU,67,0.0008286413618249222
5,UPFC_tse,5-15,-2.186204714534184,48,-2.1660245224103103,MAP_PMU,67,0.020180192123873564
0,x_tcsc,1-14,-0.10768823969751609,49,-0.10760335964241032,MAP_PMU,67,8.488005510577656e-05
1,B_svc,2,0.17818389808391222,49,0.17762558640633208,MAP_PMU,67,0.0005583116775801367
2,UPFC_Vsh,5-15,1.1085289459779148,49,1.1094904477156968,MAP_PMU,67,0.0009615017377819779
3,UPFC_tsh,5-15,-0.23479100515343973,49,-0.2347478553483812,MAP_PMU,67,4.3149805058539936e-05
4,UPFC_Vse,5-15,0.06299137878836317,49,0.06396008063161161,MAP_PMU,67,0.0009687018432484457
5,UPFC_tse,5-15,-2.1737957796180236,49,-2.1660245224103103,MAP_PMU,67,0.007771257207713322
0,x_tcsc,1-14,-0.10772337439716194,50,-0.10760335964241032,MAP_PMU,67,0.00012001475475162393
1,B_svc,2,0.1774112228799618,50,0.17762558640633208,MAP_PMU,67,0.0002143635263702759
2,UPFC_Vsh,5-15,1.1085365183272806,50,1.1094904477156968,MAP_PMU,67,0.0009539293884162081
3,UPFC_tsh,5-15,-0.23482792349511084,50,-0.2347478553483812,MAP_PMU,67,8.00681467296449e-05
4,UPFC_Vse,5-15,0.06387509630500393,50,0.06396008063161161,MAP_PMU,67,8.498432660768163e-05
5,UPFC_tse,5-15,-2.1861442419892994,50,-2.1660245224103103,MAP_PMU,67,0.02011971957898906
0,x_tcsc,1-14,-0.10768751227128527,51,-0.10760335964241032,MAP_PMU,67,8.415262887495611e-05
1,B_svc,2,0.1778097215813804,51,0.17762558640633208,MAP_PMU,67,0.00018413517504831112
2,UPFC_Vsh,5-15,1.1086855244072453,51,1.1094904477156968,MAP_PMU,67,0.0008049233084514995
3,UPFC_tsh,5-15,-0.23484783174366647,51,-0.2347478553483812,MAP_PMU,67,9.997639528527835e-05
4,UPFC_Vse,5-15,0.06382960320981833,51,0.06396008063161161,MAP_PMU,67,0.0001304774217932847
5,UPFC_tse,5-15,-2.1884694136575717,51,-2.1660245224103103,MAP_PMU,67,0.022444891247261456
0,x_tcsc,1-14,-0.10769805544403019,52,-0.10760335964241032,MAP_PMU,67,9.469580161987345e-05
1,B_svc,2,0.17797588256121352,52,0.17762558640633208,MAP_PMU,67,0.00035029615488144095
2,UPFC_Vsh,5-15,1.1088499605302653,52,1.1094904477156968,MAP_PMU,67,0.0006404871854315264
3,UPFC_tsh,5-15,-0.23479211216505622,52,-0.2347478553483812,MAP_PMU,67,4.425681667502568e-05
4,UPFC_Vse,5-15,0.0635978006096029,52,0.06396008063161161,MAP_PMU,67,0.0003622800220087069
5,UPFC_tse,5-15,-2.177861741774681,52,-2.1660245224103103,MAP_PMU,67,0.011837219364370544
0,x_tcsc,1-14,-0.10773965576643714,53,-0.10760335964241032,MAP_PMU,67,0.00013629612402682456
1,B_svc,2,0.1775240544378468,53,0.17762558640633208,MAP_PMU,67,0.00010153196848528001
2,UPFC_Vsh,5-15,1.1085486266295574,53,1.1094904477156968,MAP_PMU,67,0.0009418210861393828
3,UPFC_tsh,5-15,-0.23483283592705348,53,-0.2347478553483812,MAP_PMU,67,8.498057867228903e-05
4,UPFC_Vse,5-15,0.06363100294779821,53,0.06396008063161161,MAP_PMU,67,0.00032907768381340574
5,UPFC_tse,5-15,-2.1746918464229616,53,-2.1660245224103103,MAP_PMU,67,0.008667324012651356
0,x_tcsc,1-14,-0.10767023308973939,54,-0.10760335964241032,MAP_PMU,67,6.687344732907163e-05
1,B_svc,2,0.17781988896073322,54,0.17762558640633208,MAP_PMU,67,0.0001943025544011434
2,UPFC_Vsh,5-15,1.108885290960141,54,1.1094904477156968,MAP_PMU,67,0.0006051567555558357
3,UPFC_tsh,5-15,-0.23476827357017807,54,-0.2347478553483812,MAP_PMU,67,2.0418221796880687e-05
4,UPFC_Vse,5-15,0.06361118858219805,54,0.06396008063161161,MAP_PMU,67,0.00034889204941356
5,UPFC_tse,5-15,-2.1881294195963794,54,-2.1660245224103103,MAP_PMU,67,0.022104897186069117
0,x_tcsc,1-14,-0.10768602067035582,55,-0.10760335964241032,MAP_PMU,67,8.266102794550478e-05
1,B_svc,2,0.17818873447455036,55,0.17762558640633208,MAP_PMU,67,0.0005631480682182777
2,UPFC_Vsh,5-15,1.1083240923130595,55,1.1094904477156968,MAP_PMU,67,0.0011663554026373202
3,UPFC_tsh,5-15,-0.23485495759463748,55,-0.2347478553483812,MAP_PMU,67,0.00010710224625629094
4,UPFC_Vse,5-15,0.06381364492486086,55,0.06396008063161161,MAP_PMU,67,0.00014643570675075546
5,UPFC_tse,5-15,-2.1877560825790505,55,-2.1660245224103103,MAP_PMU,67,0.021731560168740227
0,x_tcsc,1-14,-0.1076489851158349,56,-0.10760335964241032,MAP_PMU,67,4.5625473424584784e-05
1,B_svc,2,0.17802438716045085,56,0.17762558640633208,MAP_PMU,67,0.00039880075411877214
2,UPFC_Vsh,5-15,1.1083867709910886,56,1.1094904477156968,MAP_PMU,67,0.0011036767246082047
3,UPFC_tsh,5-15,-0.23488731619462466,56,-0.2347478553483812,MAP_PMU,67,0.0001394608462434721
4,UPFC_Vse,5-15,0.06317296178326608,56,0.06396008063161161,MAP_PMU,67,0.000787118848345536
5,UPFC_tse,5-15,-2.186572139205882,56,-2.1660245224103103,MAP_PMU,67,0.0205476167955716
0,x_tcsc,1-14,-0.10769661005502537,57,-0.10760335964241032,MAP_PMU,67,9.325041261505629e-05
1,B_svc,2,0.17784036935015896,57,0.17762558640633208,MAP_PMU,67,0.00021478294382687446
2,UPFC_Vsh,5-15,1.1086635395337265,57,1.1094904477156968,MAP_PMU,67,0.0008269081819702873
3,UPFC_tsh,5-15,-0.23474973565061125,57,-0.2347478553483812,MAP_PMU,67,1.8803022300561967e-06
4,UPFC_Vse,5-15,0.06299015519479549,57,0.06396008063161161,MAP_PMU,67,0.0009699254368161214
5,UPFC_tse,5-15,-2.1825154988372177,57,-2.1660245224103103,MAP_PMU,67,0.016490976426907444
0,x_tcsc,1-14,-0.10766018925269796,58,-0.10760335964241032,MAP_PMU,67,5.68296102876481e-05
1,B_svc,2,0.17751146927109637,58,0.17762558640633208,MAP_PMU,67,0.00011411713523570843
2,UPFC_Vsh,5-15,1.108668561767219,58,1.1094904477156968,MAP_PMU,67,0.000821885948477874
3,UPFC_tsh,5-15,-0.23479702418097503,58,-0.2347478553483812,MAP_PMU,67,4.9168832593843304e-05
4,UPFC_Vse,5-15,0.06344293352980084,58,0.06396008063161161,MAP_PMU,67,0.0005171471018107776
5,UPFC_tse,5-15,-2.186282688342043,58,-2.1660245224103103,MAP_PMU,67,0.020258165931732908
0,x_tcsc,1-14,-0.10765503073685108,59,-0.10760335964241032,MAP_PMU,67,5.16710944407639e-05
1,B_svc,2,0.1774446302851219,59,0.17762558640633208,MAP_PMU,67,0.00018095612121019067
2,UPFC_Vsh,5-15,1.1085108022019985,59,1.1094904477156968,MAP_PMU,67,0.000979645513698335
3,UPFC_tsh,5-15,-0.23486129031220596,59,-0.2347478553483812,MAP_PMU,67,0.00011343496382476559
4,UPFC_Vse,5-15,0.06314053669488959,59,0.06396008063161161,MAP_PMU,67,0.0008195439367220253
5,UPFC_tse,5-15,-2.1741178006501665,59,-2.1660245224103103,MAP_PMU,67,0.008093278239856172
0,x_tcsc,1-14,-0.10770395482163013,60,-0.10760335964241032,MAP_PMU,67,0.00010059517921981453
1,B_svc,2,0.17803394485515406,60,0.17762558640633208,MAP_PMU,67,0.00040835844882197714
2,UPFC_Vsh,5-15,1.1087550553872372,60,1.1094904477156968,MAP_PMU,67,0.0007353923284596497
3,UPFC_tsh,5-15,-0.23474638519253846,60,-0.2347478553483812,MAP_PMU,67,1.4701558427310246e-06
4,UPFC_Vse,5-15,0.06299966634947682,60,0.06396008063161161,MAP_PMU,67,0.0009604142821347944
5,UPFC_tse,5-15,-2.183555347041142,60,-2.1660245224103103,MAP_PMU,67,0.017530824630831887
0,x_tcsc,1-14,-0.10765291920022606,61,-0.10760335964241032,MAP_PMU,67,4.9559557815742616e-05
1,B_svc,2,0.17747891231940371,61,0.17762558640633208,MAP_PMU,67,0.0001466740869283667
2,UPFC_Vsh,5-15,1.1085208010276042,61,1.1094904477156968,MAP_PMU,67,0.0009696466880926291
3,UPFC_tsh,5-15,-0.23486869662544368,61,-0.2347478553483812,MAP_PMU,67,0.00012084127706249448
4,UPFC_Vse,5-15,0.06350813552633439,61,0.06396008063161161,MAP_PMU,67,0.00045194510527722664
5,UPFC_tse,5-15,-2.181858674086943,61,-2.1660245224103103,MAP_PMU,67,0.01583415167663249
0,x_tcsc,1-14,-0.10772156128495512,62,-0.10760335964241032,MAP_PMU,67,0.00011820164254480736
1,B_svc,2,0.17731410140433634,62,0.17762558640633208,MAP_PMU,67,0.00031148500199573714
2,UPFC_Vsh,5-15,1.1089214693094518,62,1.1094904477156968,MAP_PMU,67,0.0005689784062450354
3,UPFC_tsh,5-15,-0.23481542814193582,62,-0.2347478553483812,MAP_PMU,67,6.757279355462664e-05
4,UPFC_Vse,5-15,0.0632315965665676,62,0.06396008063161161,MAP_PMU,67,0.0007284840650440133
5,UPFC_tse,5-15,-2.1866350435161674,62,-2.1660245224103103,MAP_PMU,67,0.02061052110585715
0,x_tcsc,1-14,-0.10767661873252399,63,-0.10760335964241032,MAP_PMU,67,7.32590901136726e-05
1,B_svc,2,0.17742030646085608,63,0.17762558640633208,MAP_PMU,67,0.0002052799454760057
2,UPFC_Vsh,5-15,1.108311887015438,63,1.1094904477156968,MAP_PMU,67,0.0011785607002587906
3,UPFC_tsh,5-15,-0.23485688130364965,63,-0.2347478553483812,MAP_PMU,67,0.00010902595526846026
4,UPFC_Vse,5-15,0.0630788071031469,63,0.06396008063161161,MAP_PMU,67,0.0008812735284647183
5,UPFC_tse,5-15,-2.1842596149085223,63,-2.1660245224103103,MAP_PMU,67,0.01823509249821198
0,x_tcsc,1-14,-0.10778433131913577,64,-0.10760335964241032,MAP_PMU,67,0.00018097167672545544
1,B_svc,2,0.17761980019007834,64,0.17762558640633208,MAP_PMU,67,5.786216253744758e-06
2,UPFC_Vsh,5-15,1.10820364298948,64,1.1094904477156968,MAP_PMU,67,0.0012868047262168947
3,UPFC_tsh,5-15,-0.23482741094997997,64,-0.2347478553483812,MAP_PMU,67,7.955560159877972e-05
4,UPFC_Vse,5-15,0.0631952305931407,64,0.06396008063161161,MAP_PMU,67,0.0007648500384709184
5,UPFC_tse,5-15,-2.1798592858378845,64,-2.1660245224103103,MAP_PMU,67,0.01383476342757417
0,x_tcsc,1-14,-0.10770184162085372,65,-0.10760335964241032,MAP_PMU,67,9.848197844340711e-05
1,B_svc,2,0.17806648190030885,65,0.17762558640633208,MAP_PMU,67,0.00044089549397677286
2,UPFC_Vsh,5-15,1.1083152927089885,65,1.1094904477156968,MAP_PMU,67,0.0011751550067082839
3,UPFC_tsh,5-15,-0.23491330578274985,65,-0.2347478553483812,MAP_PMU,67,0.00016545043436866358
4,UPFC_Vse,5-15,0.06360874463541273,65,0.06396008063161161,MAP_PMU,67,0.00035133599619888156
5,UPFC_tse,5-15,-2.192817523622829,65,-2.1660245224103103,MAP_PMU,67,0.026793001212518597
0,x_tcsc,1-14,-0.107716274573382,66,-0.10760335964241032,MAP_PMU,67,0.00011291493097168037
1,B_svc,2,0.1779046446181277,66,0.17762558640633208,MAP_PMU,67,0.0002790582117956075
2,UPFC_Vsh,5-15,1.108424214594731,66,1.1094904477156968,MAP_PMU,67,0.001066233120965876
3,UPFC_tsh,5-15,-0.23486235607690545,66,-0.2347478553483812,MAP_PMU,67,0.0001145007285242583
4,UPFC_Vse,5-15,0.06350145837202148,66,0.06396008063161161,MAP_PMU,67,0.0004586222595901329
5,UPFC_tse,5-15,-2.181582858846826,66,-2.1660245224103103,MAP_PMU,67,0.015558336436515496
0,x_tcsc,1-14,-0.1077011843232236,67,-0.10760335964241032,MAP_PMU,67,9.782468081329099e-05
1,B_svc,2,0.17773989459553247,67,0.17762558640633208,MAP_PMU,67,0.00011430818920038499
2,UPFC_Vsh,5-15,1.1087246838872178,67,1.1094904477156968,MAP_PMU,67,0.000765763828479038
3,UPFC_tsh,5-15,-0.2348006636570844,67,-0.2347478553483812,MAP_PMU,67,5.280830870321718e-05
4,UPFC_Vse,5-15,0.06341433811409943,67,0.06396008063161161,MAP_PMU,67,0.0005457425175121877
5,UPFC_tse,5-15,-2.178074559847882,67,-2.1660245224103103,MAP_PMU,67,0.012050037437571604
0,x_tcsc,1-14,-0.10773888654926783,68,-0.10760335964241032,MAP_PMU,67,0.00013552690685751656
1,B_svc,2,0.17776699965436646,68,0.17762558640633208,MAP_PMU,67,0.00014141324803437771
2,UPFC_Vsh,5-15,1.1087163104507904,68,1.1094904477156968,MAP_PMU,67,0.0007741372649063827
3,UPFC_tsh,5-15,-0.23479514087720704,68,-0.2347478553483812,MAP_PMU,67,4.728552882585224e-05
4,UPFC_Vse,5-15,0.06270480025118694,68,0.06396008063161161,MAP_PMU,67,0.0012552803804246754
5,UPFC_tse,5-15,-2.17632835547888,68,-2.1660245224103103,MAP_PMU,67,0.010303833068569634
0,x_tcsc,1-14,-0.10770391576146747,69,-0.10760335964241032,MAP_PMU,67,0.00010055611905715467
1,B_svc,2,0.17757762348180403,69,0.17762558640633208,MAP_PMU,67,4.7962924528049955e-05
2,UPFC_Vsh,5-15,1.1085793627518532,69,1.1094904477156968,MAP_PMU,67,0.0009110849638436225
3,UPFC_tsh,5-15,-0.23475327312550065,69,-0.2347478553483812,MAP_PMU,67,5.417777119459677e-06
4,UPFC_Vse,5-15,0.06258602296613258,69,0.06396008063161161,MAP_PMU,67,0.001374057665479031
5,UPFC_tse,5-15,-2.1749708988547414,69,-2.1660245224103103,MAP_PMU,67,0.008946376444431081
0,x_tcsc,1-14,-0.10773627099903524,70,-0.10760335964241032,MAP_PMU,67,0.00013291135662492348
1,B_svc,2,0.17714775140972572,70,0.17762558640633208,MAP_PMU,67,0.0004778349966063633
2,UPFC_Vsh,5-15,1.1093159896782878,70,1.1094904477156968,MAP_PMU,67,0.00017445803740900878
3,UPFC_tsh,5-15,-0.23468739761432225,70,-0.2347478553483812,MAP_PMU,67,6.0457734058938506e-05
4,UPFC_Vse,5-15,0.0628290902840562,70,0.06396008063161161,MAP_PMU,67,0.0011309903475554134
5,UPFC_tse,5-15,-2.1687051180373684,70,-2.1660245224103103,MAP_PMU,67,0.0026805956270581355
0,x_tcsc,1-14,-0.1076653422314609,71,-0.10760335964241032,MAP_PMU,67,6.198258905058818e-05
1,B_svc,2,0.17774422915451185,71,0.17762558640633208,MAP_PMU,67,0.00011864274817977027
2,UPFC_Vsh,5-15,1.1087825926153363,71,1.1094904477156968,MAP_PMU,67,0.0007078551003605327
3,UPFC_tsh,5-15,-0.2347551543487606,71,-0.2347478553483812,MAP_PMU,67,7.299000379407117e-06
4,UPFC_Vse,5-15,0.06353072907483988,71,0.06396008063161161,MAP_PMU,67,0.0004293515567717343
5,UPFC_tse,5-15,-2.1727137066355953,71,-2.1660245224103103,MAP_PMU,67,0.006689184225284972
0,x_tcsc,1-14,-0.1076994839686542,72,-0.10760335964241032,MAP_PMU,67,9.612432624388212e-05
1,B_svc,2,0.1773384986093781,72,0.17762558640633208,MAP_PMU,67,0.0002870877969539942
2,UPFC_Vsh,5-15,1.1087921420616578,72,1.1094904477156968,MAP_PMU,67,0.0006983056540390553
3,UPFC_tsh,5-15,-0.23478767124489813,72,-0.2347478553483812,MAP_PMU,67,3.981589651694262e-05
4,UPFC_Vse,5-15,0.0632128007719926,72,0.06396008063161161,MAP_PMU,67,0.0007472798596190183
5,UPFC_tse,5-15,-2.1859321690021445,72,-2.1660245224103103,MAP_PMU,67,0.019907646591834194
0,x_tcsc,1-14,-0.10771745267264314,73,-0.10760335964241032,MAP_PMU,67,0.0001140930302328258
1,B_svc,2,0.178064891295432,73,0.17762558640633208,MAP_PMU,67,0.0004393048890999063
2,UPFC_Vsh,5-15,1.109251216561147,73,1.1094904477156968,MAP_PMU,67,0.0002392311545498238
3,UPFC_tsh,5-15,-0.23473192531337558,73,-0.2347478553483812,MAP_PMU,67,1.5930035005606857e-05
4,UPFC_Vse,5-15,0.0633398081410536,73,0.06396008063161161,MAP_PMU,67,0.0006202724905580159
5,UPFC_tse,5-15,-2.1779786343320127,73,-2.1660245224103103,MAP_PMU,67,0.01195411192170237
0,x_tcsc,1-14,-0.10764931946580603,74,-0.10760335964241032,MAP_PMU,67,4.595982339571092e-05
1,B_svc,2,0.17798798476617808,74,0.17762558640633208,MAP_PMU,67,0.0003623983598460001
2,UPFC_Vsh,5-15,1.1084276454525241,74,1.1094904477156968,MAP_PMU,67,0.0010628022631726797
3,UPFC_tsh,5-15,-0.23477368325569756,74,-0.2347478553483812,MAP_PMU,67,2.582790731636697e-05
4,UPFC_Vse,5-15,0.06303446796703345,74,0.06396008063161161,MAP_PMU,67,0.0009256126645781626
5,UPFC_tse,5-15,-2.1754066225222846,74,-2.1660245224103103,MAP_PMU,67,0.009382100111974268
0,x_tcsc,1-14,-0.10772013488812343,75,-0.10760335964241032,MAP_PMU,67,0.00011677524571311604
1,B_svc,2,0.177930137366895,75,0.17762558640633208,MAP_PMU,67,0.0003045509605629215
2,UPFC_Vsh,5-15,1.1084128414662253,75,1.1094904477156968,MAP_PMU,67,0.0010776062494715077
3,UPFC_tsh,5-15,-0.23488300871539972,75,-0.2347478553483812,MAP_PMU,67,0.00013515336701852565
4,UPFC_Vse,5-15,0.06361439529003479,75,0.06396008063161161,MAP_PMU,67,0.00034568534157682074
5,UPFC_tse,5-15,-2.1895474113736695,75,-2.1660245224103103,MAP_PMU,67,0.02352288896335919
0,x_tcsc,1-14,-0.10769431738985559,76,-0.10760335964241032,MAP_PMU,67,9.095774744527496e-05
1,B_svc,2,0.17831816418684232,76,0.17762558640633208,MAP_PMU,67,0.0006925777805102395
2,UPFC_Vsh,5-15,1.1085971277299913,76,1.1094904477156968,MAP_PMU,67,0.0008933199857055207
3,UPFC_tsh,5-15,-0.2347368998914265,76,-0.2347478553483812,MAP_PMU,67,1.0955456954703235e-05
4,UPFC_Vse,5-15,0.06306490215987325,76,0.06396008063161161,MAP_PMU,67,0.0008951784717383671
5,UPFC_tse,5-15,-2.175395976014225,76,-2.1660245224103103,MAP_PMU,67,0.00937145360391467
0,x_tcsc,1-14,-0.10771011621080424,77,-0.10760335964241032,MAP_PMU,67,0.00010675656839392866
1,B_svc,2,0.17741522823642542,77,0.17762558640633208,MAP_PMU,67,0.0002103581699066659
2,UPFC_Vsh,5-15,1.10839477109438,77,1.1094904477156968,MAP_PMU,67,0.0010956766213168212
3,UPFC_tsh,5-15,-0.23486563508484726,77,-0.2347478553483812,MAP_PMU,67,0.0001177797364660671
4,UPFC_Vse,5-15,0.06390891303142156,77,0.06396008063161161,MAP_PMU,67,5.1167600190055174e-05
5,UPFC_tse,5-15,-2.1890690407872007,77,-2.1660245224103103,MAP_PMU,67,0.023044518376890366
0,x_tcsc,1-14,-0.10776549852404543,78,-0.10760335964241032,MAP_PMU,67,0.00016213888163511825
1,B_svc,2,0.17748075687091494,78,0.17762558640633208,MAP_PMU,67,0.00014482953541714028
2,UPFC_Vsh,5-15,1.108715916976727,78,1.1094904477156968,MAP_PMU,67,0.0007745307389699363
3,UPFC_tsh,5-15,-0.23477632892824116,78,-0.2347478553483812,MAP_PMU,67,2.847357985996668e-05
4,UPFC_Vse,5-15,0.06352262697969499,78,0.06396008063161161,MAP_PMU,67,0.0004374536519166222
5,UPFC_tse,5-15,-2.1702343896157896,78,-2.1660245224103103,MAP_PMU,67,0.004209867205479334
0,x_tcsc,1-14,-0.10773332720164229,79,-0.10760335964241032,MAP_PMU,67,0.0001299675592319749
1,B_svc,2,0.17794887653987224,79,0.17762558640633208,MAP_PMU,67,0.000323290133540155
2,UPFC_Vsh,5-15,1.1087101331706626,79,1.1094904477156968,MAP_PMU,67,0.0007803145450342441
3,UPFC_tsh,5-15,-0.23475937903781668,79,-0.2347478553483812,MAP_PMU,67,1.15236894354942e-05
4,UPFC_Vse,5-15,0.062828457053396,79,0.06396008063161161,MAP_PMU,67,0.0011316235782156125
5,UPFC_tse,5-15,-2.1887396132401036,79,-2.1660245224103103,MAP_PMU,67,0.022715090829793283
0,x_tcsc,1-14,-0.10770956693432229,80,-0.10760335964241032,MAP_PMU,67,0.00010620729191197775
1,B_svc,2,0.17801971406762518,80,0.17762558640633208,MAP_PMU,67,0.00039412766129309773
2,UPFC_Vsh,5-15,1.1091167407226017,80,1.1094904477156968,MAP_PMU,67,0.00037370699309513533
3,UPFC_tsh,5-15,-0.23475455837651985,80,-0.2347478553483812,MAP_PMU,67,6.703028138654865e-06
4,UPFC_Vse,5-15,0.06318646706152871,80,0.06396008063161161,MAP_PMU,67,0.0007736135700829039
5,UPFC_tse,5-15,-2.1769894924683726,80,-2.1660245224103103,MAP_PMU,67,0.010964970058062296
0,x_tcsc,1-14,-0.1076845720884523,81,-0.10760335964241032,MAP_PMU,67,8.12124460419783e-05
1,B_svc,2,0.1777551875674279,81,0.17762558640633208,MAP_PMU,67,0.00012960116109581032
2,UPFC_Vsh,5-15,1.1088725293999613,81,1.1094904477156968,MAP_PMU,67,0.0006179183157355439
3,UPFC_tsh,5-15,-0.23479811571690634,81,-0.2347478553483812,MAP_PMU,67,5.0260368525151256e-05
4,UPFC_Vse,5-15,0.06292611074434036,81,0.06396008063161161,MAP_PMU,67,0.0010339698872712522
5,UPFC_tse,5-15,-2.185856314409309,81,-2.1660245224103103,MAP_PMU,67,0.01983179199899876
0,x_tcsc,1-14,-0.10766443254175721,82,-0.10760335964241032,MAP_PMU,67,6.107289934689786e-05
1,B_svc,2,0.1778964621778134,82,0.17762558640633208,MAP_PMU,67,0.000270875771481327
2,UPFC_Vsh,5-15,1.108895256600113,82,1.1094904477156968,MAP_PMU,67,0.0005951911155839262
3,UPFC_tsh,5-15,-0.23477065769564393,82,-0.2347478553483812,MAP_PMU,67,2.280234726273478e-05
4,UPFC_Vse,5-15,0.06394431744485851,82,0.06396008063161161,MAP_PMU,67,1.5763186753101066e-05
5,UPFC_tse,5-15,-2.1896422987551802,82,-2.1660245224103103,MAP_PMU,67,0.023617776344869945
0,x_tcsc,1-14,-0.10765407593919978,83,-0.10760335964241032,MAP_PMU,67,5.0716296789460324e-05
1,B_svc,2,0.17820445420163444,83,0.17762558640633208,MAP_PMU,67,0.0005788677953023624
2,UPFC_Vsh,5-15,1.1089472069947548,83,1.1094904477156968,MAP_PMU,67,0.0005432407209420287
3,UPFC_tsh,5-15,-0.23480794269001637,83,-0.2347478553483812,MAP_PMU,67,6.0087341635178815e-05
4,UPFC_Vse,5-15,0.06332742596954741,83,0.06396008063161161,MAP_PMU,67,0.0006326546620642054
5,UPFC_tse,5-15,-2.1810717986983827,83,-2.1660245224103103,MAP_PMU,67,0.015047276288072453
0,x_tcsc,1-14,-0.10771098702420082,84,-0.10760335964241032,MAP_PMU,67,0.00010762738179050102
1,B_svc,2,0.17752036229427276,84,0.17762558640633208,MAP_PMU,67,0.00010522411205932114
2,UPFC_Vsh,5-15,1.1086690951109432,84,1.1094904477156968,MAP_PMU,67,0.000821352604753578
3,UPFC_tsh,5-15,-0.23473470279794473,84,-0.2347478553483812,MAP_PMU,67,1.3152550436462684e-05
4,UPFC_Vse,5-15,0.06367523029582439,84,0.06396008063161161,MAP_PMU,67,0.00028485033578722063
5,UPFC_tse,5-15,-2.1796536714551307,84,-2.1660245224103103,MAP_PMU,67,0.013629149044820377
0,x_tcsc,1-14,-0.10774160469455836,85,-0.10760335964241032,MAP_PMU,67,0.00013824505214804494
1,B_svc,2,0.17802132308390636,85,0.17762558640633208,MAP_PMU,67,0.0003957366775742821
2,UPFC_Vsh,5-15,1.1086095055572949,85,1.1094904477156968,MAP_PMU,67,0.0008809421584019539
3,UPFC_tsh,5-15,-0.23474934571598088,85,-0.2347478553483812,MAP_PMU,67,1.490367599693565e-06
4,UPFC_Vse,5-15,0.06276449310439024,85,0.06396008063161161,MAP_PMU,67,0.0011955875272213756
5,UPFC_tse,5-15,-2.1729707132052076,85,-2.1660245224103103,MAP_PMU,67,0.006946190794897333
0,x_tcsc,1-14,-0.10768191463652066,86,-0.10760335964241032,MAP_PMU,67,7.855499411034417e-05
1,B_svc,2,0.1779298473676844,86,0.17762558640633208,MAP_PMU,67,0.0003042609613523317
2,UPFC_Vsh,5-15,1.1089827112924753,86,1.1094904477156968,MAP_PMU,67,0.0005077364232215498
3,UPFC_tsh,5-15,-0.23478252051656784,86,-0.2347478553483812,MAP_PMU,67,3.466516818664833e-05
4,UPFC_Vse,5-15,0.06289328619289655,86,0.06396008063161161,MAP_PMU,67,0.0010667944387150602
5,UPFC_tse,5-15,-2.183662683712364,86,-2.1660245224103103,MAP_PMU,67,0.017638161302053756
0,x_tcsc,1-14,-0.10772539370960892,87,-0.10760335964241032,MAP_PMU,67,0.00012203406719860088
1,B_svc,2,0.17778497967650883,87,0.17762558640633208,MAP_PMU,67,0.00015939327017674976
2,UPFC_Vsh,5-15,1.1088419115093908,87,1.1094904477156968,MAP_PMU,67,0.0006485362063060052
3,UPFC_tsh,5-15,-0.23488872321996515,87,-0.2347478553483812,MAP_PMU,67,0.00014086787158396064
4,UPFC_Vse,5-15,0.06394385048775804,87,0.06396008063161161,MAP_PMU,67,1.623014385357391e-05
5,UPFC_tse,5-15,-2.191346235879257,87,-2.1660245224103103,MAP_PMU,67,0.025321713468946516
0,x_tcsc,1-14,-0.10767337208696678,88,-0.10760335964241032,MAP_PMU,67,7.001244455646927e-05
1,B_svc,2,0.1779945031829145,88,0.17762558640633208,MAP_PMU,67,0.0003689167765824064
2,UPFC_Vsh,5-15,1.1086725991815265,88,1.1094904477156968,MAP_PMU,67,0.000817848534170329
3,UPFC_tsh,5-15,-0.23483576872465756,88,-0.2347478553483812,MAP_PMU,67,8.79133762763662e-05
4,UPFC_Vse,5-15,0.06312614271431946,88,0.06396008063161161,MAP_PMU,67,0.0008339379172921518
5,UPFC_tse,5-15,-2.1780982436233867,88,-2.1660245224103103,MAP_PMU,67,0.012073721213076372
0,x_tcsc,1-14,-0.1077239375504766,89,-0.10760335964241032,MAP_PMU,67,0.00012057790806628554
1,B_svc,2,0.17769504149236545,89,0.17762558640633208,MAP_PMU,67,6.945508603337092e-05
2,UPFC_Vsh,5-15,1.1086405950924882,89,1.1094904477156968,MAP_PMU,67,0.0008498526232085801
3,UPFC_tsh,5-15,-0.23483851097608183,89,-0.2347478553483812,MAP_PMU,67,9.065562770063651e-05
4,UPFC_Vse,5-15,0.06295732412727995,89,0.06396008063161161,MAP_PMU,67,0.0010027565043316672
5,UPFC_tse,5-15,-2.175253937779502,89,-2.1660245224103103,MAP_PMU,67,0.009229415369191862
0,x_tcsc,1-14,-0.10764440556527081,90,-0.10760335964241032,MAP_PMU,67,4.1045922860499795e-05
1,B_svc,2,0.17745065436087284,90,0.17762558640633208,MAP_PMU,67,0.00017493204545923624
2,UPFC_Vsh,5-15,1.10895631554092,90,1.1094904477156968,MAP_PMU,67,0.0005341321747769356
3,UPFC_tsh,5-15,-0.2347740686076823,90,-0.2347478553483812,MAP_PMU,67,2.6213259301105518e-05
4,UPFC_Vse,5-15,0.06308806461280615,90,0.06396008063161161,MAP_PMU,67,0.0008720160188054604
5,UPFC_tse,5-15,-2.1743188362262202,90,-2.1660245224103103,MAP_PMU,67,0.008294313815909948
0,x_tcsc,1-14,-0.1077274636458198,91,-0.10760335964241032,MAP_PMU,67,0.0001241040034094809
1,B_svc,2,0.17810748680959593,91,0.17762558640633208,MAP_PMU,67,0.0004819004032638463
2,UPFC_Vsh,5-15,1.1091144341491692,91,1.1094904477156968,MAP_PMU,67,0.000376013566527611
3,UPFC_tsh,5-15,-0.2347095818216308,91,-0.2347478553483812,MAP_PMU,67,3.8273526750398634e-05
4,UPFC_Vse,5-15,0.06310126895096178,91,0.06396008063161161,MAP_PMU,67,0.0008588116806498292
5,UPFC_tse,5-15,-2.1691998159489665,91,-2.1660245224103103,MAP_PMU,67,0.0031752935386561987
0,x_tcsc,1-14,-0.10765230791308539,92,-0.10760335964241032,MAP_PMU,67,4.894827067507268e-05
1,B_svc,2,0.17785603748738213,92,0.17762558640633208,MAP_PMU,67,0.0002304510810500482
2,UPFC_Vsh,5-15,1.1086336260711946,92,1.1094904477156968,MAP_PMU,67,0.0008568216445021815
3,UPFC_tsh,5-15,-0.23480176702995242,92,-0.2347478553483812,MAP_PMU,67,5.3911681571233716e-05
4,UPFC_Vse,5-15,0.06356482304301984,92,0.06396008063161161,MAP_PMU,67,0.00039525758859176863
5,UPFC_tse,5-15,-2.1733274494317922,92,-2.1660245224103103,MAP_PMU,67,0.007302927021481942
0,x_tcsc,1-14,-0.10772307569741059,93,-0.10760335964241032,MAP_PMU,67,0.00011971605500027405
1,B_svc,2,0.17733526290082716,93,0.17762558640633208,MAP_PMU,67,0.0002903235055049247
2,UPFC_Vsh,5-15,1.1089207501731742,93,1.1094904477156968,MAP_PMU,67,0.0005696975425226736
3,UPFC_tsh,5-15,-0.23482660494428245,93,-0.2347478553483812,MAP_PMU,67,7.874959590126185e-05
4,UPFC_Vse,5-15,0.06315862589174634,93,0.06396008063161161,MAP_PMU,67,0.0008014547398652733
5,UPFC_tse,5-15,-2.1927656752360485,93,-2.1660245224103103,MAP_PMU,67,0.02674115282573819
0,x_tcsc,1-14,-0.10771529749886846,94,-0.10760335964241032,MAP_PMU,67,0.00011193785645814691
1,B_svc,2,0.17790800727099332,94,0.17762558640633208,MAP_PMU,67,0.00028242086466123695
2,UPFC_Vsh,5-15,1.1084791164078702,94,1.1094904477156968,MAP_PMU,67,0.0010113313078266017
3,UPFC_tsh,5-15,-0.23485708151946283,94,-0.2347478553483812,MAP_PMU,67,0.0001092261710816389
4,UPFC_Vse,5-15,0.0633257180719174,94,0.06396008063161161,MAP_PMU,67,0.0006343625596942071
5,UPFC_tse,5-15,-2.1752426939446736,94,-2.1660245224103103,MAP_PMU,67,0.009218171534363329
0,x_tcsc,1-14,-0.10774825262194457,95,-0.10760335964241032,MAP_PMU,67,0.00014489297953425295
1,B_svc,2,0.17788456122707846,95,0.17762558640633208,MAP_PMU,67,0.00025897482074638267
2,UPFC_Vsh,5-15,1.1084335981091893,95,1.1094904477156968,MAP_PMU,67,0.0010568496065075372
3,UPFC_tsh,5-15,-0.23482222703857844,95,-0.2347478553483812,MAP_PMU,67,7.43716901972502e-05
4,UPFC_Vse,5-15,0.0635736834525775,95,0.06396008063161161,MAP_PMU,67,0.0003863971790341175
5,UPFC_tse,5-15,-2.189675727164597,95,-2.1660245224103103,MAP_PMU,67,0.023651204754286503
0,x_tcsc,1-14,-0.107696090189318,96,-0.10760335964241032,MAP_PMU,67,9.273054690768501e-05
1,B_svc,2,0.17760086419448223,96,0.17762558640633208,MAP_PMU,67,2.472221184984802e-05
2,UPFC_Vsh,5-15,1.1088809718244381,96,1.1094904477156968,MAP_PMU,67,0.0006094758912587039
3,UPFC_tsh,5-15,-0.23477421312295904,96,-0.2347478553483812,MAP_PMU,67,2.6357774577850934e-05
4,UPFC_Vse,5-15,0.06315721042564724,96,0.06396008063161161,MAP_PMU,67,0.0008028702059643678
5,UPFC_tse,5-15,-2.1782439401582283,96,-2.1660245224103103,MAP_PMU,67,0.012219417747918015
0,x_tcsc,1-14,-0.10770567382495051,97,-0.10760335964241032,MAP_PMU,67,0.00010231418254019742
1,B_svc,2,0.17780463397356705,97,0.17762558640633208,MAP_PMU,67,0.00017904756723496895
2,UPFC_Vsh,5-15,1.1091173030539807,97,1.1094904477156968,MAP_PMU,67,0.00037314466171611826
3,UPFC_tsh,5-15,-0.23476848473265044,97,-0.2347478553483812,MAP_PMU,67,2.062938426924954e-05
4,UPFC_Vse,5-15,0.06401696156024596,97,0.06396008063161161,MAP_PMU,67,5.688092863434524e-05
5,UPFC_tse,5-15,-2.177424201305697,97,-2.1660245224103103,MAP_PMU,67,0.011399678895386511
0,x_tcsc,1-14,-0.10768447089710304,98,-0.10760335964241032,MAP_PMU,67,8.111125469272007e-05
1,B_svc,2,0.17788716748273556,98,0.17762558640633208,MAP_PMU,67,0.0002615810764034776
2,UPFC_Vsh,5-15,1.1086359745366892,98,1.1094904477156968,MAP_PMU,67,0.0008544731790076643
3,UPFC_tsh,5-15,-0.23486682241330378,98,-0.2347478553483812,MAP_PMU,67,0.00011896706492259268
4,UPFC_Vse,5-15,0.063471227900447,98,0.06396008063161161,MAP_PMU,67,0.0004888527311646129
5,UPFC_tse,5-15,-2.1884053259201943,98,-2.1660245224103103,MAP_PMU,67,0.02238080350988403
0,x_tcsc,1-14,-0.10770131410685185,99,-0.10760335964241032,MAP_PMU,67,9.79544644415381e-05
1,B_svc,2,0.17791341523326645,99,0.17762558640633208,MAP_PMU,67,0.00028782882693437206
2,UPFC_Vsh,5-15,1.1084070337509675,99,1.1094904477156968,MAP_PMU,67,0.0010834139647293295
3,UPFC_tsh,5-15,-0.2347626061591456,99,-0.2347478553483812,MAP_PMU,67,1.4750810764407873e-05
4,UPFC_Vse,5-15,0.06315031961962315,99,0.06396008063161161,MAP_PMU,67,0.000809761011988458
5,UPFC_tse,5-15,-2.183627945752574,99,-2.1660245224103103,MAP_PMU,67,0.017603423342263724
0,x_tcsc,1-14,-0.10996398738000189,0,-0.10971657447857194,MAP_PMU,69,0.000247412901429947
1,B_svc,2,0.1802767755410302,0,0.18049206410506405,MAP_PMU,69,0.00021528856403385532
2,UPFC_Vsh,5-15,1.1085823619682313,0,1.1087171548126495,MAP_PMU,69,0.00013479284441819672
3,UPFC_tsh,5-15,-0.23344032759247973,0,-0.23335359963122154,MAP_PMU,69,8.672796125819282e-05
4,UPFC_Vse,5-15,0.06299319982208267,0,0.06278924275775702,MAP_PMU,69,0.00020395706432564664
5,UPFC_tse,5-15,-2.1861457891192853,0,-2.1617267210585682,MAP_PMU,69,0.02441906806071703
0,x_tcsc,1-14,-0.10990094634263232,1,-0.10971657447857194,MAP_PMU,69,0.00018437186406038142
1,B_svc,2,0.18044109926204543,1,0.18049206410506405,MAP_PMU,69,5.0964843018613815e-05
2,UPFC_Vsh,5-15,1.108600378065181,1,1.1087171548126495,MAP_PMU,69,0.00011677674746857214
3,UPFC_tsh,5-15,-0.23344005924255837,1,-0.23335359963122154,MAP_PMU,69,8.645961133682545e-05
4,UPFC_Vse,5-15,0.0632875729068603,1,0.06278924275775702,MAP_PMU,69,0.0004983301491032766
5,UPFC_tse,5-15,-2.175745545324821,1,-2.1617267210585682,MAP_PMU,69,0.014018824266252672
0,x_tcsc,1-14,-0.10992672882237223,2,-0.10971657447857194,MAP_PMU,69,0.00021015434380028397
1,B_svc,2,0.18052050632774203,2,0.18049206410506405,MAP_PMU,69,2.8442222677976803e-05
2,UPFC_Vsh,5-15,1.1088216148973886,2,1.1087171548126495,MAP_PMU,69,0.00010446008473907753
3,UPFC_tsh,5-15,-0.23344072959113696,2,-0.23335359963122154,MAP_PMU,69,8.712995991541628e-05
4,UPFC_Vse,5-15,0.06314191970075592,2,0.06278924275775702,MAP_PMU,69,0.0003526769429988974
5,UPFC_tse,5-15,-2.17281797348693,2,-2.1617267210585682,MAP_PMU,69,0.01109125242836173
0,x_tcsc,1-14,-0.10992219548658994,3,-0.10971657447857194,MAP_PMU,69,0.0002056210080179921
1,B_svc,2,0.1810960988316655,3,0.18049206410506405,MAP_PMU,69,0.000604034726601449
2,UPFC_Vsh,5-15,1.108366123874173,3,1.1087171548126495,MAP_PMU,69,0.0003510309384764376
3,UPFC_tsh,5-15,-0.23346729311850808,3,-0.23335359963122154,MAP_PMU,69,0.0001136934872865425
4,UPFC_Vse,5-15,0.06373745687457862,3,0.06278924275775702,MAP_PMU,69,0.0009482141168215968
5,UPFC_tse,5-15,-2.183527456712198,3,-2.1617267210585682,MAP_PMU,69,0.021800735653629832
0,x_tcsc,1-14,-0.10982345618421972,4,-0.10971657447857194,MAP_PMU,69,0.00010688170564777943
1,B_svc,2,0.1808345758061048,4,0.18049206410506405,MAP_PMU,69,0.000342511701040743
2,UPFC_Vsh,5-15,1.1086491518033332,4,1.1087171548126495,MAP_PMU,69,6.800300931630865e-05
3,UPFC_tsh,5-15,-0.23339441282302117,4,-0.23335359963122154,MAP_PMU,69,4.081319179963239e-05
4,UPFC_Vse,5-15,0.06262745469614488,4,0.06278924275775702,MAP_PMU,69,0.000161788061612142
5,UPFC_tse,5-15,-2.1678781568604255,4,-2.1617267210585682,MAP_PMU,69,0.006151435801857286
0,x_tcsc,1-14,-0.10993416781471362,5,-0.10971657447857194,MAP_PMU,69,0.0002175933361416721
1,B_svc,2,0.18061741660888653,5,0.18049206410506405,MAP_PMU,69,0.00012535250382247898
2,UPFC_Vsh,5-15,1.1082633512930393,5,1.1087171548126495,MAP_PMU,69,0.0004538035196102186
3,UPFC_tsh,5-15,-0.2335345455804182,5,-0.23335359963122154,MAP_PMU,69,0.00018094594919665363
4,UPFC_Vse,5-15,0.06363600815017953,5,0.06278924275775702,MAP_PMU,69,0.0008467653924225105
5,UPFC_tse,5-15,-2.19111850265018,5,-2.1617267210585682,MAP_PMU,69,0.02939178159161182
0,x_tcsc,1-14,-0.10990891992907492,6,-0.10971657447857194,MAP_PMU,69,0.0001923454505029787
1,B_svc,2,0.18046548096629328,6,0.18049206410506405,MAP_PMU,69,2.6583138770769343e-05
2,UPFC_Vsh,5-15,1.108272441444827,6,1.1087171548126495,MAP_PMU,69,0.00044471336782248017
3,UPFC_tsh,5-15,-0.23348299400264483,6,-0.23335359963122154,MAP_PMU,69,0.00012939437142328591
4,UPFC_Vse,5-15,0.06305497343729949,6,0.06278924275775702,MAP_PMU,69,0.00026573067954246965
5,UPFC_tse,5-15,-2.1894108468728923,6,-2.1617267210585682,MAP_PMU,69,0.027684125814324112
0,x_tcsc,1-14,-0.11002401872198946,7,-0.10971657447857194,MAP_PMU,69,0.0003074442434175123
1,B_svc,2,0.18058568773284522,7,0.18049206410506405,MAP_PMU,69,9.362362778117528e-05
2,UPFC_Vsh,5-15,1.1084379352129172,7,1.1087171548126495,MAP_PMU,69,0.0002792195997323166
3,UPFC_tsh,5-15,-0.233446794816164,7,-0.23335359963122154,MAP_PMU,69,9.319518494246837e-05
4,UPFC_Vse,5-15,0.06289323794223672,7,0.06278924275775702,MAP_PMU,69,0.0001039951844797049
5,UPFC_tse,5-15,-2.179705465517566,7,-2.1617267210585682,MAP_PMU,69,0.01797874445899783
0,x_tcsc,1-14,-0.1098425830998206,8,-0.10971657447857194,MAP_PMU,69,0.00012600862124866052
1,B_svc,2,0.18050450373220364,8,0.18049206410506405,MAP_PMU,69,1.2439627139593235e-05
2,UPFC_Vsh,5-15,1.1088026853319455,8,1.1087171548126495,MAP_PMU,69,8.553051929593991e-05
3,UPFC_tsh,5-15,-0.23338974443448107,8,-0.23335359963122154,MAP_PMU,69,3.614480325953018e-05
4,UPFC_Vse,5-15,0.06340579988898944,8,0.06278924275775702,MAP_PMU,69,0.0006165571312324175
5,UPFC_tse,5-15,-2.1687242526782677,8,-2.1617267210585682,MAP_PMU,69,0.006997531619699515
0,x_tcsc,1-14,-0.10997296346581442,9,-0.10971657447857194,MAP_PMU,69,0.0002563889872424785
1,B_svc,2,0.18050972742861388,9,0.18049206410506405,MAP_PMU,69,1.7663323549826915e-05
2,UPFC_Vsh,5-15,1.1086895723180896,9,1.1087171548126495,MAP_PMU,69,2.7582494559919013e-05
3,UPFC_tsh,5-15,-0.233440222522551,9,-0.23335359963122154,MAP_PMU,69,8.66228913294631e-05
4,UPFC_Vse,5-15,0.06301234720421689,9,0.06278924275775702,MAP_PMU,69,0.00022310444645987082
5,UPFC_tse,5-15,-2.1765386519032086,9,-2.1617267210585682,MAP_PMU,69,0.014811930844640386
0,x_tcsc,1-14,-0.10989196446304976,10,-0.10971657447857194,MAP_PMU,69,0.00017538998447781673
1,B_svc,2,0.1806345528938968,10,0.18049206410506405,MAP_PMU,69,0.0001424887888327453
2,UPFC_Vsh,5-15,1.1084512888841958,10,1.1087171548126495,MAP_PMU,69,0.0002658659284537901
3,UPFC_tsh,5-15,-0.23346997449545798,10,-0.23335359963122154,MAP_PMU,69,0.00011637486423643484
4,UPFC_Vse,5-15,0.06342916329874204,10,0.06278924275775702,MAP_PMU,69,0.0006399205409850228
5,UPFC_tse,5-15,-2.1851474559600765,10,-2.1617267210585682,MAP_PMU,69,0.02342073490150831
0,x_tcsc,1-14,-0.109919949123332,11,-0.10971657447857194,MAP_PMU,69,0.00020337464476005707
1,B_svc,2,0.18099775197366041,11,0.18049206410506405,MAP_PMU,69,0.0005056878685963662
2,UPFC_Vsh,5-15,1.1086956297037514,11,1.1087171548126495,MAP_PMU,69,2.152510889819048e-05
3,UPFC_tsh,5-15,-0.23342892516575028,11,-0.23335359963122154,MAP_PMU,69,7.53255345287418e-05
4,UPFC_Vse,5-15,0.06291771773045382,11,0.06278924275775702,MAP_PMU,69,0.00012847497269680153
5,UPFC_tse,5-15,-2.1785382501207238,11,-2.1617267210585682,MAP_PMU,69,0.01681152906215555
0,x_tcsc,1-14,-0.10986180608993379,12,-0.10971657447857194,MAP_PMU,69,0.0001452316113618457
1,B_svc,2,0.18045129007315197,12,0.18049206410506405,MAP_PMU,69,4.077403191207751e-05
2,UPFC_Vsh,5-15,1.1084156618678636,12,1.1087171548126495,MAP_PMU,69,0.000301492944785986
3,UPFC_tsh,5-15,-0.2334947743114801,12,-0.23335359963122154,MAP_PMU,69,0.0001411746802585656
4,UPFC_Vse,5-15,0.06384823301678189,12,0.06278924275775702,MAP_PMU,69,0.0010589902590248668
5,UPFC_tse,5-15,-2.1809829811019417,12,-2.1617267210585682,MAP_PMU,69,0.01925626004337344
0,x_tcsc,1-14,-0.1099074404192221,13,-0.10971657447857194,MAP_PMU,69,0.0001908659406501534
1,B_svc,2,0.1806924552226441,13,0.18049206410506405,MAP_PMU,69,0.00020039111758005101
2,UPFC_Vsh,5-15,1.108736441154296,13,1.1087171548126495,MAP_PMU,69,1.9286341646385097e-05
3,UPFC_tsh,5-15,-0.2333201374933654,13,-0.23335359963122154,MAP_PMU,69,3.346213785615504e-05
4,UPFC_Vse,5-15,0.062639789934376,13,0.06278924275775702,MAP_PMU,69,0.0001494528233810244
5,UPFC_tse,5-15,-2.1850218655516143,13,-2.1617267210585682,MAP_PMU,69,0.02329514449304604
0,x_tcsc,1-14,-0.1099375426013344,14,-0.10971657447857194,MAP_PMU,69,0.00022096812276245492
1,B_svc,2,0.18040355714839695,14,0.18049206410506405,MAP_PMU,69,8.850695666709485e-05
2,UPFC_Vsh,5-15,1.108624104564927,14,1.1087171548126495,MAP_PMU,69,9.305024772254811e-05
3,UPFC_tsh,5-15,-0.2334180725247014,14,-0.23335359963122154,MAP_PMU,69,6.447289347985552e-05
4,UPFC_Vse,5-15,0.06285418066020658,14,0.06278924275775702,MAP_PMU,69,6.493790244956055e-05
5,UPFC_tse,5-15,-2.179742334829186,14,-2.1617267210585682,MAP_PMU,69,0.018015613770617556
0,x_tcsc,1-14,-0.10999205356108796,15,-0.10971657447857194,MAP_PMU,69,0.00027547908251601694
1,B_svc,2,0.18027903807097384,15,0.18049206410506405,MAP_PMU,69,0.00021302603409020793
2,UPFC_Vsh,5-15,1.1087737374293276,15,1.1087171548126495,MAP_PMU,69,5.6582616678069186e-05
3,UPFC_tsh,5-15,-0.23340496755046536,15,-0.23335359963122154,MAP_PMU,69,5.136791924381656e-05
4,UPFC_Vse,5-15,0.06288235916777146,15,0.06278924275775702,MAP_PMU,69,9.311641001444326e-05
5,UPFC_tse,5-15,-2.168308811453151,15,-2.1617267210585682,MAP_PMU,69,0.006582090394582796
0,x_tcsc,1-14,-0.10994702115685394,16,-0.10971657447857194,MAP_PMU,69,0.00023044667828199528
1,B_svc,2,0.1807084018538369,16,0.18049206410506405,MAP_PMU,69,0.00021633774877286016
2,UPFC_Vsh,5-15,1.1089349956389045,16,1.1087171548126495,MAP_PMU,69,0.00021784082625497803
3,UPFC_tsh,5-15,-0.2334008477684805,16,-0.23335359963122154,MAP_PMU,69,4.724813725895394e-05
4,UPFC_Vse,5-15,0.0626000183061231,16,0.06278924275775702,MAP_PMU,69,0.00018922445163391255
5,UPFC_tse,5-15,-2.18596972457062,16,-2.1617267210585682,MAP_PMU,69,0.024243003512051775
0,x_tcsc,1-14,-0.10988835933619379,17,-0.10971657447857194,MAP_PMU,69,0.0001717848576218428
1,B_svc,2,0.18069904138885517,17,0.18049206410506405,MAP_PMU,69,0.00020697728379112657
2,UPFC_Vsh,5-15,1.1089736783804276,17,1.1087171548126495,MAP_PMU,69,0.0002565235677780553
3,UPFC_tsh,5-15,-0.23340281533018634,17,-0.23335359963122154,MAP_PMU,69,4.921569896479405e-05
4,UPFC_Vse,5-15,0.06344692987440238,17,0.06278924275775702,MAP_PMU,69,0.0006576871166453641
5,UPFC_tse,5-15,-2.17666621028342,17,-2.1617267210585682,MAP_PMU,69,0.014939489224851776
0,x_tcsc,1-14,-0.10997931028621438,18,-0.10971657447857194,MAP_PMU,69,0.0002627358076424391
1,B_svc,2,0.1803312842215441,18,0.18049206410506405,MAP_PMU,69,0.00016077988351995143
2,UPFC_Vsh,5-15,1.1088925211181806,18,1.1087171548126495,MAP_PMU,69,0.00017536630553105503
3,UPFC_tsh,5-15,-0.23349868809531923,18,-0.23335359963122154,MAP_PMU,69,0.00014508846409769238
4,UPFC_Vse,5-15,0.06326359662150745,18,0.06278924275775702,MAP_PMU,69,0.0004743538637504291
5,UPFC_tse,5-15,-2.1886576946633105,18,-2.1617267210585682,MAP_PMU,69,0.02693097360474228
0,x_tcsc,1-14,-0.10995161831305739,19,-0.10971657447857194,MAP_PMU,69,0.0002350438344854433
1,B_svc,2,0.1801011530099038,19,0.18049206410506405,MAP_PMU,69,0.0003909110951602346
2,UPFC_Vsh,5-15,1.1085074228905205,19,1.1087171548126495,MAP_PMU,69,0.00020973192212903058
3,UPFC_tsh,5-15,-0.23351242263604574,19,-0.23335359963122154,MAP_PMU,69,0.00015882300482419898
4,UPFC_Vse,5-15,0.06338761397858299,19,0.06278924275775702,MAP_PMU,69,0.0005983712208259689
5,UPFC_tse,5-15,-2.1849020157995263,19,-2.1617267210585682,MAP_PMU,69,0.02317529474095803
0,x_tcsc,1-14,-0.10994339025822293,20,-0.10971657447857194,MAP_PMU,69,0.00022681577965098787
1,B_svc,2,0.18072923062329754,20,0.18049206410506405,MAP_PMU,69,0.00023716651823349477
2,UPFC_Vsh,5-15,1.108767827408652,20,1.1087171548126495,MAP_PMU,69,5.067259600255447e-05
3,UPFC_tsh,5-15,-0.23346478122971207,20,-0.23335359963122154,MAP_PMU,69,0.00011118159849052289
4,UPFC_Vse,5-15,0.06277285208347551,20,0.06278924275775702,MAP_PMU,69,1.6390674281510642e-05
5,UPFC_tse,5-15,-2.1824517710363693,20,-2.1617267210585682,MAP_PMU,69,0.020725049977801113
0,x_tcsc,1-14,-0.10992067585593682,21,-0.10971657447857194,MAP_PMU,69,0.00020410137736487366
1,B_svc,2,0.18102248571682183,21,0.18049206410506405,MAP_PMU,69,0.0005304216117577865
2,UPFC_Vsh,5-15,1.1085011942890555,21,1.1087171548126495,MAP_PMU,69,0.00021596052359407203
3,UPFC_tsh,5-15,-0.23347739724762773,21,-0.23335359963122154,MAP_PMU,69,0.00012379761640618492
4,UPFC_Vse,5-15,0.06332800690797674,21,0.06278924275775702,MAP_PMU,69,0.0005387641502197227
5,UPFC_tse,5-15,-2.1852563472300788,21,-2.1617267210585682,MAP_PMU,69,0.023529626171510554
0,x_tcsc,1-14,-0.11002703902286859,22,-0.10971657447857194,MAP_PMU,69,0.00031046454429664583
1,B_svc,2,0.1803702989976714,22,0.18049206410506405,MAP_PMU,69,0.00012176510739264623
2,UPFC_Vsh,5-15,1.108445263441963,22,1.1087171548126495,MAP_PMU,69,0.0002718913706865056
3,UPFC_tsh,5-15,-0.23346862411883512,22,-0.23335359963122154,MAP_PMU,69,0.00011502448761357975
4,UPFC_Vse,5-15,0.06309766656391809,22,0.06278924275775702,MAP_PMU,69,0.00030842380616107057
5,UPFC_tse,5-15,-2.1753194469215944,22,-2.1617267210585682,MAP_PMU,69,0.013592725863026178
0,x_tcsc,1-14,-0.10985075725012837,23,-0.10971657447857194,MAP_PMU,69,0.00013418277155642644
1,B_svc,2,0.18094235350023366,23,0.18049206410506405,MAP_PMU,69,0.00045028939516961186
2,UPFC_Vsh,5-15,1.1090338295627649,23,1.1087171548126495,MAP_PMU,69,0.00031667475011532
3,UPFC_tsh,5-15,-0.2333383707479395,23,-0.23335359963122154,MAP_PMU,69,1.5228883282036865e-05
4,UPFC_Vse,5-15,0.0627041748973333,23,0.06278924275775702,MAP_PMU,69,8.506786042371262e-05
5,UPFC_tse,5-15,-2.1700940683838414,23,-2.1617267210585682,MAP_PMU,69,0.008367347325273222
0,x_tcsc,1-14,-0.10988149270548178,24,-0.10971657447857194,MAP_PMU,69,0.00016491822690983815
1,B_svc,2,0.1808041784836588,24,0.18049206410506405,MAP_PMU,69,0.0003121143785947411
2,UPFC_Vsh,5-15,1.1090914488516532,24,1.1087171548126495,MAP_PMU,69,0.0003742940390036864
3,UPFC_tsh,5-15,-0.2333946750082851,24,-0.23335359963122154,MAP_PMU,69,4.107537706354858e-05
4,UPFC_Vse,5-15,0.0631459226372276,24,0.06278924275775702,MAP_PMU,69,0.00035667987947057833
5,UPFC_tse,5-15,-2.172598705817864,24,-2.1617267210585682,MAP_PMU,69,0.010871984759295739
0,x_tcsc,1-14,-0.10993940017187924,25,-0.10971657447857194,MAP_PMU,69,0.0002228256933072964
1,B_svc,2,0.18084977082382597,25,0.18049206410506405,MAP_PMU,69,0.0003577067187619243
2,UPFC_Vsh,5-15,1.109141956876956,25,1.1087171548126495,MAP_PMU,69,0.00042480206430650647
3,UPFC_tsh,5-15,-0.23334868622568136,25,-0.23335359963122154,MAP_PMU,69,4.913405540180049e-06
4,UPFC_Vse,5-15,0.06286172767046742,25,0.06278924275775702,MAP_PMU,69,7.248491271040491e-05
5,UPFC_tse,5-15,-2.174206177372832,25,-2.1617267210585682,MAP_PMU,69,0.012479456314263615
0,x_tcsc,1-14,-0.10996760173841158,26,-0.10971657447857194,MAP_PMU,69,0.0002510272598396368
1,B_svc,2,0.180664954410888,26,0.18049206410506405,MAP_PMU,69,0.00017289030582395837
2,UPFC_Vsh,5-15,1.1089359472076665,26,1.1087171548126495,MAP_PMU,69,0.00021879239501698677
3,UPFC_tsh,5-15,-0.2333179936945676,26,-0.23335359963122154,MAP_PMU,69,3.560593665394296e-05
4,UPFC_Vse,5-15,0.06260207995278078,26,0.06278924275775702,MAP_PMU,69,0.00018716280497624305
5,UPFC_tse,5-15,-2.167438599476224,26,-2.1617267210585682,MAP_PMU,69,0.005711878417655747
0,x_tcsc,1-14,-0.10996938160398756,27,-0.10971657447857194,MAP_PMU,69,0.0002528071254156161
1,B_svc,2,0.1806602153741678,27,0.18049206410506405,MAP_PMU,69,0.00016815126910374456
2,UPFC_Vsh,5-15,1.1090622648266157,27,1.1087171548126495,MAP_PMU,69,0.0003451100139661989
3,UPFC_tsh,5-15,-0.23339254905949303,27,-0.23335359963122154,MAP_PMU,69,3.894942827148418e-05
4,UPFC_Vse,5-15,0.06266515920811884,27,0.06278924275775702,MAP_PMU,69,0.00012408354963817925
5,UPFC_tse,5-15,-2.17783978563959,27,-2.1617267210585682,MAP_PMU,69,0.016113064581021685
0,x_tcsc,1-14,-0.10996599156891333,28,-0.10971657447857194,MAP_PMU,69,0.0002494170903413889
1,B_svc,2,0.1806343816456592,28,0.18049206410506405,MAP_PMU,69,0.0001423175405951549
2,UPFC_Vsh,5-15,1.1084713734859895,28,1.1087171548126495,MAP_PMU,69,0.00024578132666008834
3,UPFC_tsh,5-15,-0.23342926881836293,28,-0.23335359963122154,MAP_PMU,69,7.566918714138615e-05
4,UPFC_Vse,5-15,0.06309415581291722,28,0.06278924275775702,MAP_PMU,69,0.00030491305516019973
5,UPFC_tse,5-15,-2.18959661648011,28,-2.1617267210585682,MAP_PMU,69,0.027869895421541724
0,x_tcsc,1-14,-0.1098442730975351,29,-0.10971657447857194,MAP_PMU,69,0.00012769861896315404
1,B_svc,2,0.1804308851073437,29,0.18049206410506405,MAP_PMU,69,6.117899772034585e-05
2,UPFC_Vsh,5-15,1.1085185558011925,29,1.1087171548126495,MAP_PMU,69,0.00019859901145702352
3,UPFC_tsh,5-15,-0.23345215342165798,29,-0.23335359963122154,MAP_PMU,69,9.855379043643975e-05
4,UPFC_Vse,5-15,0.0627861839310439,29,0.06278924275775702,MAP_PMU,69,3.0588267131148594e-06
5,UPFC_tse,5-15,-2.1857859065535448,29,-2.1617267210585682,MAP_PMU,69,0.024059185494976543
0,x_tcsc,1-14,-0.10997751696303593,30,-0.10971657447857194,MAP_PMU,69,0.00026094248446398294
1,B_svc,2,0.18066162070493405,30,0.18049206410506405,MAP_PMU,69,0.00016955659987000216
2,UPFC_Vsh,5-15,1.1085146081980632,30,1.1087171548126495,MAP_PMU,69,0.00020254661458629641
3,UPFC_tsh,5-15,-0.2334465641498051,30,-0.23335359963122154,MAP_PMU,69,9.296451858356591e-05
4,UPFC_Vse,5-15,0.06320520708539429,30,0.06278924275775702,MAP_PMU,69,0.0004159643276372693
5,UPFC_tse,5-15,-2.1733822238708305,30,-2.1617267210585682,MAP_PMU,69,0.011655502812262242
0,x_tcsc,1-14,-0.1100094889493171,31,-0.10971657447857194,MAP_PMU,69,0.0002929144707451564
1,B_svc,2,0.1804368981546243,31,0.18049206410506405,MAP_PMU,69,5.516595043975059e-05
2,UPFC_Vsh,5-15,1.1087701346658556,31,1.1087171548126495,MAP_PMU,69,5.2979853206069905e-05
3,UPFC_tsh,5-15,-0.23341679029738785,31,-0.23335359963122154,MAP_PMU,69,6.319066616630731e-05
4,UPFC_Vse,5-15,0.06312735178857547,31,0.06278924275775702,MAP_PMU,69,0.0003381090308184481
5,UPFC_tse,5-15,-2.180462903099789,31,-2.1617267210585682,MAP_PMU,69,0.01873618204122085
0,x_tcsc,1-14,-0.10993823616832392,32,-0.10971657447857194,MAP_PMU,69,0.00022166168975197575
1,B_svc,2,0.18069694654341192,32,0.18049206410506405,MAP_PMU,69,0.00020488243834787534
2,UPFC_Vsh,5-15,1.1092045161872701,32,1.1087171548126495,MAP_PMU,69,0.00048736137462057627
3,UPFC_tsh,5-15,-0.23334286004047014,32,-0.23335359963122154,MAP_PMU,69,1.073959075140185e-05
4,UPFC_Vse,5-15,0.06308019753737483,32,0.06278924275775702,MAP_PMU,69,0.0002909547796178108
5,UPFC_tse,5-15,-2.176340770031498,32,-2.1617267210585682,MAP_PMU,69,0.014614048972929616
0,x_tcsc,1-14,-0.10995575987152117,33,-0.10971657447857194,MAP_PMU,69,0.00023918539294923158
1,B_svc,2,0.18023474532174907,33,0.18049206410506405,MAP_PMU,69,0.0002573187833149748
2,UPFC_Vsh,5-15,1.1089021667036902,33,1.1087171548126495,MAP_PMU,69,0.00018501189104069837
3,UPFC_tsh,5-15,-0.23337276857159078,33,-0.23335359963122154,MAP_PMU,69,1.9168940369240772e-05
4,UPFC_Vse,5-15,0.06273283457974096,33,0.06278924275775702,MAP_PMU,69,5.6408178016054134e-05
5,UPFC_tse,5-15,-2.1767647545870688,33,-2.1617267210585682,MAP_PMU,69,0.015038033528500527
0,x_tcsc,1-14,-0.10995701792774311,34,-0.10971657447857194,MAP_PMU,69,0.00024044344917116545
1,B_svc,2,0.18070837746637777,34,0.18049206410506405,MAP_PMU,69,0.0002163133613137247
2,UPFC_Vsh,5-15,1.1087673085305298,34,1.1087171548126495,MAP_PMU,69,5.015371788030798e-05
3,UPFC_tsh,5-15,-0.23342540852637522,34,-0.23335359963122154,MAP_PMU,69,7.180889515367994e-05
4,UPFC_Vse,5-15,0.06329637032502534,34,0.06278924275775702,MAP_PMU,69,0.0005071275672683256
5,UPFC_tse,5-15,-2.167021322546526,34,-2.1617267210585682,MAP_PMU,69,0.005294601487957795
0,x_tcsc,1-14,-0.10996648445596227,35,-0.10971657447857194,MAP_PMU,69,0.00024990997739032794
1,B_svc,2,0.18084862046279274,35,0.18049206410506405,MAP_PMU,69,0.0003565563577286879
2,UPFC_Vsh,5-15,1.1091081321746858,35,1.1087171548126495,MAP_PMU,69,0.0003909773620363044
3,UPFC_tsh,5-15,-0.23338759959935199,35,-0.23335359963122154,MAP_PMU,69,3.39999681304437e-05
4,UPFC_Vse,5-15,0.06320595634995091,35,0.06278924275775702,MAP_PMU,69,0.00041671359219389026
5,UPFC_tse,5-15,-2.174759904229056,35,-2.1617267210585682,MAP_PMU,69,0.013033183170487739
0,x_tcsc,1-14,-0.10990108513979703,36,-0.10971657447857194,MAP_PMU,69,0.0001845106612250874
1,B_svc,2,0.18055167673539146,36,0.18049206410506405,MAP_PMU,69,5.9612630327415816e-05
2,UPFC_Vsh,5-15,1.1088497170886964,36,1.1087171548126495,MAP_PMU,69,0.00013256227604685478
3,UPFC_tsh,5-15,-0.23339538737396942,36,-0.23335359963122154,MAP_PMU,69,4.1787742747878553e-05
4,UPFC_Vse,5-15,0.06268763519936298,36,0.06278924275775702,MAP_PMU,69,0.0001016075583940429
5,UPFC_tse,5-15,-2.1712702842332865,36,-2.1617267210585682,MAP_PMU,69,0.009543563174718273
0,x_tcsc,1-14,-0.10992501089146513,37,-0.10971657447857194,MAP_PMU,69,0.00020843641289318426
1,B_svc,2,0.1801946699967412,37,0.18049206410506405,MAP_PMU,69,0.00029739410832285706
2,UPFC_Vsh,5-15,1.1086820512966338,37,1.1087171548126495,MAP_PMU,69,3.5103516015766445e-05
3,UPFC_tsh,5-15,-0.23340661898703885,37,-0.23335359963122154,MAP_PMU,69,5.3019355817307545e-05
4,UPFC_Vse,5-15,0.0627608110388587,37,0.06278924275775702,MAP_PMU,69,2.8431718898325187e-05
5,UPFC_tse,5-15,-2.1869649928359323,37,-2.1617267210585682,MAP_PMU,69,0.02523827177736404
0,x_tcsc,1-14,-0.10987394783540196,38,-0.10971657447857194,MAP_PMU,69,0.0001573733568300123
1,B_svc,2,0.17992764125898336,38,0.18049206410506405,MAP_PMU,69,0.0005644228460806866
2,UPFC_Vsh,5-15,1.1086340506991463,38,1.1087171548126495,MAP_PMU,69,8.310411350320734e-05
3,UPFC_tsh,5-15,-0.23349119494638026,38,-0.23335359963122154,MAP_PMU,69,0.0001375953151587228
4,UPFC_Vse,5-15,0.06299272434085905,38,0.06278924275775702,MAP_PMU,69,0.00020348158310203035
5,UPFC_tse,5-15,-2.1826427640551698,38,-2.1617267210585682,MAP_PMU,69,0.020916042996601547
0,x_tcsc,1-14,-0.10980538927901529,39,-0.10971657447857194,MAP_PMU,69,8.881480044334311e-05
1,B_svc,2,0.18056543546497564,39,0.18049206410506405,MAP_PMU,69,7.337135991158927e-05
2,UPFC_Vsh,5-15,1.1087539466234695,39,1.1087171548126495,MAP_PMU,69,3.67918108199472e-05
3,UPFC_tsh,5-15,-0.23338812161295167,39,-0.23335359963122154,MAP_PMU,69,3.452198173012344e-05
4,UPFC_Vse,5-15,0.06281643580407749,39,0.06278924275775702,MAP_PMU,69,2.7193046320470038e-05
5,UPFC_tse,5-15,-2.1736196568765065,39,-2.1617267210585682,MAP_PMU,69,0.011892935817938266
0,x_tcsc,1-14,-0.10993237872926807,40,-0.10971657447857194,MAP_PMU,69,0.00021580425069613052
1,B_svc,2,0.17991279555804118,40,0.18049206410506405,MAP_PMU,69,0.0005792685470228653
2,UPFC_Vsh,5-15,1.1088029557326917,40,1.1087171548126495,MAP_PMU,69,8.580092004217832e-05
3,UPFC_tsh,5-15,-0.23341771294849475,40,-0.23335359963122154,MAP_PMU,69,6.411331727321223e-05
4,UPFC_Vse,5-15,0.06274679820299789,40,0.06278924275775702,MAP_PMU,69,4.2444554759130115e-05
5,UPFC_tse,5-15,-2.1769540001602112,40,-2.1617267210585682,MAP_PMU,69,0.01522727910164301
0,x_tcsc,1-14,-0.10990320765068325,41,-0.10971657447857194,MAP_PMU,69,0.00018663317211130293
1,B_svc,2,0.1806694740882165,41,0.18049206410506405,MAP_PMU,69,0.00017740998315243783
2,UPFC_Vsh,5-15,1.1090446223278472,41,1.1087171548126495,MAP_PMU,69,0.0003274675151976325
3,UPFC_tsh,5-15,-0.2334246644276634,41,-0.23335359963122154,MAP_PMU,69,7.106479644186647e-05
4,UPFC_Vse,5-15,0.06347017899761233,41,0.06278924275775702,MAP_PMU,69,0.0006809362398553093
5,UPFC_tse,5-15,-2.1838090399620667,41,-2.1617267210585682,MAP_PMU,69,0.022082318903498432
0,x_tcsc,1-14,-0.10994241934126943,42,-0.10971657447857194,MAP_PMU,69,0.00022584486269748572
1,B_svc,2,0.18060943017179798,42,0.18049206410506405,MAP_PMU,69,0.00011736606673393157
2,UPFC_Vsh,5-15,1.1086936213772436,42,1.1087171548126495,MAP_PMU,69,2.353343540595354e-05
3,UPFC_tsh,5-15,-0.23344593032476113,42,-0.23335359963122154,MAP_PMU,69,9.233069353958845e-05
4,UPFC_Vse,5-15,0.06279316417659667,42,0.06278924275775702,MAP_PMU,69,3.9214188396474725e-06
5,UPFC_tse,5-15,-2.1787352168806575,42,-2.1617267210585682,MAP_PMU,69,0.017008495822089298
0,x_tcsc,1-14,-0.10992535206815009,43,-0.10971657447857194,MAP_PMU,69,0.00020877758957814352
1,B_svc,2,0.18067501613486142,43,0.18049206410506405,MAP_PMU,69,0.00018295202979737302
2,UPFC_Vsh,5-15,1.1086638544540472,43,1.1087171548126495,MAP_PMU,69,5.3300358602292874e-05
3,UPFC_tsh,5-15,-0.2334081875903982,43,-0.23335359963122154,MAP_PMU,69,5.45879591766496e-05
4,UPFC_Vse,5-15,0.06326883847137971,43,0.06278924275775702,MAP_PMU,69,0.00047959571362268805
5,UPFC_tse,5-15,-2.173207261989954,43,-2.1617267210585682,MAP_PMU,69,0.011480540931385619
0,x_tcsc,1-14,-0.10997492893996551,44,-0.10971657447857194,MAP_PMU,69,0.00025835446139356455
1,B_svc,2,0.1810408637147468,44,0.18049206410506405,MAP_PMU,69,0.0005487996096827652
2,UPFC_Vsh,5-15,1.108994613252622,44,1.1087171548126495,MAP_PMU,69,0.00027745843997251107
3,UPFC_tsh,5-15,-0.23345139422433983,44,-0.23335359963122154,MAP_PMU,69,9.779459311828886e-05
4,UPFC_Vse,5-15,0.06372870758660928,44,0.06278924275775702,MAP_PMU,69,0.0009394648288522656
5,UPFC_tse,5-15,-2.1735986506442275,44,-2.1617267210585682,MAP_PMU,69,0.011871929585659302
0,x_tcsc,1-14,-0.10991949635921373,45,-0.10971657447857194,MAP_PMU,69,0.0002029218806417904
1,B_svc,2,0.1808122692542563,45,0.18049206410506405,MAP_PMU,69,0.00032020514919225973
2,UPFC_Vsh,5-15,1.1089081973195156,45,1.1087171548126495,MAP_PMU,69,0.00019104250686607926
3,UPFC_tsh,5-15,-0.23344690579612115,45,-0.23335359963122154,MAP_PMU,69,9.330616489960919e-05
4,UPFC_Vse,5-15,0.06309545614519903,45,0.06278924275775702,MAP_PMU,69,0.00030621338744200866
5,UPFC_tse,5-15,-2.1742952281266756,45,-2.1617267210585682,MAP_PMU,69,0.012568507068107415
0,x_tcsc,1-14,-0.10993145509944248,46,-0.10971657447857194,MAP_PMU,69,0.00021488062087053617
1,B_svc,2,0.18061944830760154,46,0.18049206410506405,MAP_PMU,69,0.00012738420253749494
2,UPFC_Vsh,5-15,1.1086846320078645,46,1.1087171548126495,MAP_PMU,69,3.252280478505121e-05
3,UPFC_tsh,5-15,-0.2333917298842831,46,-0.23335359963122154,MAP_PMU,69,3.813025306156903e-05
4,UPFC_Vse,5-15,0.06339206667974677,46,0.06278924275775702,MAP_PMU,69,0.0006028239219897508
5,UPFC_tse,5-15,-2.1772343385335327,46,-2.1617267210585682,MAP_PMU,69,0.01550761747496443
0,x_tcsc,1-14,-0.10988643445390965,47,-0.10971657447857194,MAP_PMU,69,0.0001698599753377078
1,B_svc,2,0.18033217308054716,47,0.18049206410506405,MAP_PMU,69,0.00015989102451688386
2,UPFC_Vsh,5-15,1.108977199903319,47,1.1087171548126495,MAP_PMU,69,0.0002600450906695695
3,UPFC_tsh,5-15,-0.23336289116949024,47,-0.23335359963122154,MAP_PMU,69,9.291538268701993e-06
4,UPFC_Vse,5-15,0.06314010199441188,47,0.06278924275775702,MAP_PMU,69,0.0003508592366548574
5,UPFC_tse,5-15,-2.1804832730766095,47,-2.1617267210585682,MAP_PMU,69,0.018756552018041273
0,x_tcsc,1-14,-0.10986666567295161,48,-0.10971657447857194,MAP_PMU,69,0.0001500911943796701
1,B_svc,2,0.1803920488508134,48,0.18049206410506405,MAP_PMU,69,0.00010001525425065716
2,UPFC_Vsh,5-15,1.108807275065564,48,1.1087171548126495,MAP_PMU,69,9.012025291443848e-05
3,UPFC_tsh,5-15,-0.23336677684821255,48,-0.23335359963122154,MAP_PMU,69,1.3177216991011598e-05
4,UPFC_Vse,5-15,0.0626850228345145,48,0.06278924275775702,MAP_PMU,69,0.00010421992324251284
5,UPFC_tse,5-15,-2.178396870522515,48,-2.1617267210585682,MAP_PMU,69,0.01667014946394696
0,x_tcsc,1-14,-0.10993115818849704,49,-0.10971657447857194,MAP_PMU,69,0.00021458370992509523
1,B_svc,2,0.18098281991664802,49,0.18049206410506405,MAP_PMU,69,0.0004907558115839761
2,UPFC_Vsh,5-15,1.108793104355711,49,1.1087171548126495,MAP_PMU,69,7.594954306155977e-05
3,UPFC_tsh,5-15,-0.2334074435730665,49,-0.23335359963122154,MAP_PMU,69,5.3843941844960996e-05
4,UPFC_Vse,5-15,0.06266252529193478,49,0.06278924275775702,MAP_PMU,69,0.0001267174658222403
5,UPFC_tse,5-15,-2.176282845458574,49,-2.1617267210585682,MAP_PMU,69,0.014556124400005643
0,x_tcsc,1-14,-0.10995254259855063,50,-0.10971657447857194,MAP_PMU,69,0.00023596811997868283
1,B_svc,2,0.1803993686044528,50,0.18049206410506405,MAP_PMU,69,9.269550061125065e-05
2,UPFC_Vsh,5-15,1.1087506627962416,50,1.1087171548126495,MAP_PMU,69,3.3507983592029333e-05
3,UPFC_tsh,5-15,-0.23335175987603446,50,-0.23335359963122154,MAP_PMU,69,1.8397551870830142e-06
4,UPFC_Vse,5-15,0.06322261736360346,50,0.06278924275775702,MAP_PMU,69,0.0004333746058464427
5,UPFC_tse,5-15,-2.174023463823807,50,-2.1617267210585682,MAP_PMU,69,0.012296742765238733
0,x_tcsc,1-14,-0.10991145799741135,51,-0.10971657447857194,MAP_PMU,69,0.0001948835188394088
1,B_svc,2,0.18076522016344043,51,0.18049206410506405,MAP_PMU,69,0.0002731560583763837
2,UPFC_Vsh,5-15,1.1086428611183867,51,1.1087171548126495,MAP_PMU,69,7.429369426281696e-05
3,UPFC_tsh,5-15,-0.23350152778132494,51,-0.23335359963122154,MAP_PMU,69,0.00014792815010339355
4,UPFC_Vse,5-15,0.06327131419939497,51,0.06278924275775702,MAP_PMU,69,0.000482071441637949
5,UPFC_tse,5-15,-2.1880760110854616,51,-2.1617267210585682,MAP_PMU,69,0.026349290026893346
0,x_tcsc,1-14,-0.10993665932976063,52,-0.10971657447857194,MAP_PMU,69,0.00022008485118868437
1,B_svc,2,0.1809331346105088,52,0.18049206410506405,MAP_PMU,69,0.00044107050544475723
2,UPFC_Vsh,5-15,1.108898561183134,52,1.1087171548126495,MAP_PMU,69,0.00018140637048436048
3,UPFC_tsh,5-15,-0.23340674872811076,52,-0.23335359963122154,MAP_PMU,69,5.3149096889221203e-05
4,UPFC_Vse,5-15,0.06329522677894389,52,0.06278924275775702,MAP_PMU,69,0.0005059840211868727
5,UPFC_tse,5-15,-2.1760802547590634,52,-2.1617267210585682,MAP_PMU,69,0.014353533700495191
0,x_tcsc,1-14,-0.10997174002507601,53,-0.10971657447857194,MAP_PMU,69,0.00025516554650406587
1,B_svc,2,0.18041699171363595,53,0.18049206410506405,MAP_PMU,69,7.507239142809374e-05
2,UPFC_Vsh,5-15,1.1090863606917545,53,1.1087171548126495,MAP_PMU,69,0.00036920587910493907
3,UPFC_tsh,5-15,-0.23337370767512108,53,-0.23335359963122154,MAP_PMU,69,2.0108043899541572e-05
4,UPFC_Vse,5-15,0.06322331794653117,53,0.06278924275775702,MAP_PMU,69,0.0004340751887741551
5,UPFC_tse,5-15,-2.1790280864268756,53,-2.1617267210585682,MAP_PMU,69,0.017301365368307398
0,x_tcsc,1-14,-0.10986758311292072,54,-0.10971657447857194,MAP_PMU,69,0.00015100863434877598
1,B_svc,2,0.1807775688032546,54,0.18049206410506405,MAP_PMU,69,0.0002855046981905529
2,UPFC_Vsh,5-15,1.1090802163838234,54,1.1087171548126495,MAP_PMU,69,0.0003630615711738283
3,UPFC_tsh,5-15,-0.2334602817200882,54,-0.23335359963122154,MAP_PMU,69,0.00010668208886666086
4,UPFC_Vse,5-15,0.06316201096111752,54,0.06278924275775702,MAP_PMU,69,0.00037276820336050454
5,UPFC_tse,5-15,-2.1730817887705953,54,-2.1617267210585682,MAP_PMU,69,0.0113550677120271
0,x_tcsc,1-14,-0.10992378378471071,55,-0.10971657447857194,MAP_PMU,69,0.00020720930613876698
1,B_svc,2,0.180972303552515,55,0.18049206410506405,MAP_PMU,69,0.0004802394474509586
2,UPFC_Vsh,5-15,1.1090271591888312,55,1.1087171548126495,MAP_PMU,69,0.00031000437618167176
3,UPFC_tsh,5-15,-0.23344081915693835,55,-0.23335359963122154,MAP_PMU,69,8.721952571680291e-05
4,UPFC_Vse,5-15,0.06326512990675326,55,0.06278924275775702,MAP_PMU,69,0.0004758871489962402
5,UPFC_tse,5-15,-2.1689762889389494,55,-2.1617267210585682,MAP_PMU,69,0.007249567880381225
0,x_tcsc,1-14,-0.10983405722368697,56,-0.10971657447857194,MAP_PMU,69,0.00011748274511502732
1,B_svc,2,0.1809197717597589,56,0.18049206410506405,MAP_PMU,69,0.0004277076546948533
2,UPFC_Vsh,5-15,1.1085245824666405,56,1.1087171548126495,MAP_PMU,69,0.0001925723460090012
3,UPFC_tsh,5-15,-0.23346456534688695,56,-0.23335359963122154,MAP_PMU,69,0.00011096571566540647
4,UPFC_Vse,5-15,0.06269462941443808,56,0.06278924275775702,MAP_PMU,69,9.461334331893612e-05
5,UPFC_tse,5-15,-2.1806515272292404,56,-2.1617267210585682,MAP_PMU,69,0.01892480617067216
0,x_tcsc,1-14,-0.10993118078319045,57,-0.10971657447857194,MAP_PMU,69,0.00021460630461850316
1,B_svc,2,0.180824684123622,57,0.18049206410506405,MAP_PMU,69,0.00033262001855793866
2,UPFC_Vsh,5-15,1.1087128789130882,57,1.1087171548126495,MAP_PMU,69,4.275899561312357e-06
3,UPFC_tsh,5-15,-0.23342589416320803,57,-0.23335359963122154,MAP_PMU,69,7.229453198648317e-05
4,UPFC_Vse,5-15,0.0627767796663639,57,0.06278924275775702,MAP_PMU,69,1.2463091393119519e-05
5,UPFC_tse,5-15,-2.1870761987049487,57,-2.1617267210585682,MAP_PMU,69,0.025349477646380514
0,x_tcsc,1-14,-0.10986980688148008,58,-0.10971657447857194,MAP_PMU,69,0.00015323240290814055
1,B_svc,2,0.1804227983390513,58,0.18049206410506405,MAP_PMU,69,6.926576601273826e-05
2,UPFC_Vsh,5-15,1.1087227158407937,58,1.1087171548126495,MAP_PMU,69,5.561028144196456e-06
3,UPFC_tsh,5-15,-0.23338047520475394,58,-0.23335359963122154,MAP_PMU,69,2.687557353239778e-05
4,UPFC_Vse,5-15,0.06298555880286259,58,0.06278924275775702,MAP_PMU,69,0.000196316045105574
5,UPFC_tse,5-15,-2.176900495806936,58,-2.1617267210585682,MAP_PMU,69,0.015173774748367563
0,x_tcsc,1-14,-0.10985547933643618,59,-0.10971657447857194,MAP_PMU,69,0.00013890485786423323
1,B_svc,2,0.1805383035281265,59,0.18049206410506405,MAP_PMU,69,4.623942306244966e-05
2,UPFC_Vsh,5-15,1.1087010623131648,59,1.1087171548126495,MAP_PMU,69,1.609249948475444e-05
3,UPFC_tsh,5-15,-0.23345497377899538,59,-0.23335359963122154,MAP_PMU,69,0.00010137414777383613
4,UPFC_Vse,5-15,0.06297331440152876,59,0.06278924275775702,MAP_PMU,69,0.00018407164377173824
5,UPFC_tse,5-15,-2.1788927362225956,59,-2.1617267210585682,MAP_PMU,69,0.01716601516402738
0,x_tcsc,1-14,-0.1099359833804998,60,-0.10971657447857194,MAP_PMU,69,0.00021940890192785611
1,B_svc,2,0.18109202167930796,60,0.18049206410506405,MAP_PMU,69,0.0005999575742439145
2,UPFC_Vsh,5-15,1.1085036152385517,60,1.1087171548126495,MAP_PMU,69,0.00021353957409786517
3,UPFC_tsh,5-15,-0.2334628449449677,60,-0.23335359963122154,MAP_PMU,69,0.00010924531374614799
4,UPFC_Vse,5-15,0.06288297145778833,60,0.06278924275775702,MAP_PMU,69,9.372870003131195e-05
5,UPFC_tse,5-15,-2.183951969836288,60,-2.1617267210585682,MAP_PMU,69,0.02222524877771992
0,x_tcsc,1-14,-0.10986726060521848,61,-0.10971657447857194,MAP_PMU,69,0.00015068612664653758
1,B_svc,2,0.18045872279808936,61,0.18049206410506405,MAP_PMU,69,3.3341306974687956e-05
2,UPFC_Vsh,5-15,1.1088325717202956,61,1.1087171548126495,MAP_PMU,69,0.00011541690764604873
3,UPFC_tsh,5-15,-0.2333348655669842,61,-0.23335359963122154,MAP_PMU,69,1.873406423733015e-05
4,UPFC_Vse,5-15,0.06310765468018567,61,0.06278924275775702,MAP_PMU,69,0.0003184119224286519
5,UPFC_tse,5-15,-2.1702037335743607,61,-2.1617267210585682,MAP_PMU,69,0.00847701251579247
0,x_tcsc,1-14,-0.1099572325978086,62,-0.10971657447857194,MAP_PMU,69,0.00024065811923665303
1,B_svc,2,0.1802677952527641,62,0.18049206410506405,MAP_PMU,69,0.00022426885229995253
2,UPFC_Vsh,5-15,1.1086737730216865,62,1.1087171548126495,MAP_PMU,69,4.338179096308181e-05
3,UPFC_tsh,5-15,-0.23340980532687838,62,-0.23335359963122154,MAP_PMU,69,5.6205695656841304e-05
4,UPFC_Vse,5-15,0.06309642033831594,62,0.06278924275775702,MAP_PMU,69,0.0003071775805589261
5,UPFC_tse,5-15,-2.189163351108144,62,-2.1617267210585682,MAP_PMU,69,0.02743663004957586
0,x_tcsc,1-14,-0.10987694732707376,63,-0.10971657447857194,MAP_PMU,69,0.00016037284850181632
1,B_svc,2,0.1803633158473361,63,0.18049206410506405,MAP_PMU,69,0.00012874825772796195
2,UPFC_Vsh,5-15,1.108728212004248,63,1.1087171548126495,MAP_PMU,69,1.1057191598551341e-05
3,UPFC_tsh,5-15,-0.23343016967933433,63,-0.23335359963122154,MAP_PMU,69,7.657004811278956e-05
4,UPFC_Vse,5-15,0.06275807666365751,63,0.06278924275775702,MAP_PMU,69,3.1166094099505104e-05
5,UPFC_tse,5-15,-2.178263601707496,63,-2.1617267210585682,MAP_PMU,69,0.016536880648927887
0,x_tcsc,1-14,-0.11003666982864162,64,-0.10971657447857194,MAP_PMU,69,0.00032009535006967405
1,B_svc,2,0.18055752950262127,64,0.18049206410506405,MAP_PMU,69,6.546539755722391e-05
2,UPFC_Vsh,5-15,1.1083466700931912,64,1.1087171548126495,MAP_PMU,69,0.0003704847194583305
3,UPFC_tsh,5-15,-0.23349861714864528,64,-0.23335359963122154,MAP_PMU,69,0.00014501751742374003
4,UPFC_Vse,5-15,0.06315745376439368,64,0.06278924275775702,MAP_PMU,69,0.00036821100663665673
5,UPFC_tse,5-15,-2.186988857676129,64,-2.1617267210585682,MAP_PMU,69,0.025262136617560937
0,x_tcsc,1-14,-0.10992522501873367,65,-0.10971657447857194,MAP_PMU,69,0.00020865054016172557
1,B_svc,2,0.1809118539535987,65,0.18049206410506405,MAP_PMU,69,0.00041978984853466295
2,UPFC_Vsh,5-15,1.1089029486386657,65,1.1087171548126495,MAP_PMU,69,0.00018579382601613403
3,UPFC_tsh,5-15,-0.23347775236249407,65,-0.23335359963122154,MAP_PMU,69,0.00012415273127253101
4,UPFC_Vse,5-15,0.06309588183663174,65,0.06278924275775702,MAP_PMU,69,0.00030663907887472364
5,UPFC_tse,5-15,-2.182241805709341,65,-2.1617267210585682,MAP_PMU,69,0.020515084650772675
0,x_tcsc,1-14,-0.10994544899441326,66,-0.10971657447857194,MAP_PMU,69,0.00022887451584131802
1,B_svc,2,0.18085686531672168,66,0.18049206410506405,MAP_PMU,69,0.0003648012116576338
2,UPFC_Vsh,5-15,1.108377480033477,66,1.1087171548126495,MAP_PMU,69,0.00033967477917262734
3,UPFC_tsh,5-15,-0.2334637072450483,66,-0.23335359963122154,MAP_PMU,69,0.00011010761382676537
4,UPFC_Vse,5-15,0.0633794886487141,66,0.06278924275775702,MAP_PMU,69,0.0005902458909570751
5,UPFC_tse,5-15,-2.1822649012570876,66,-2.1617267210585682,MAP_PMU,69,0.020538180198519385
0,x_tcsc,1-14,-0.10991543021700907,67,-0.10971657447857194,MAP_PMU,69,0.00019885573843712867
1,B_svc,2,0.1807659803021508,67,0.18049206410506405,MAP_PMU,69,0.00027391619708674875
2,UPFC_Vsh,5-15,1.1088987837724833,67,1.1087171548126495,MAP_PMU,69,0.00018162895983375726
3,UPFC_tsh,5-15,-0.23335204825310535,67,-0.23335359963122154,MAP_PMU,69,1.551378116193547e-06
4,UPFC_Vse,5-15,0.0630410807997765,67,0.06278924275775702,MAP_PMU,69,0.00025183804201947546
5,UPFC_tse,5-15,-2.171357365699595,67,-2.1617267210585682,MAP_PMU,69,0.009630644641026809
0,x_tcsc,1-14,-0.10996524846320403,68,-0.10971657447857194,MAP_PMU,69,0.000248673984632089
1,B_svc,2,0.18075106310814393,68,0.18049206410506405,MAP_PMU,69,0.00025899900307987944
2,UPFC_Vsh,5-15,1.1086628362789437,68,1.1087171548126495,MAP_PMU,69,5.431853370585493e-05
3,UPFC_tsh,5-15,-0.23342380773576354,68,-0.23335359963122154,MAP_PMU,69,7.020810454200221e-05
4,UPFC_Vse,5-15,0.06270705732006966,68,0.06278924275775702,MAP_PMU,69,8.218543768735709e-05
5,UPFC_tse,5-15,-2.18642055127003,68,-2.1617267210585682,MAP_PMU,69,0.024693830211461876
0,x_tcsc,1-14,-0.10994584284786256,69,-0.10971657447857194,MAP_PMU,69,0.00022926836929061667
1,B_svc,2,0.18055843434245838,69,0.18049206410506405,MAP_PMU,69,6.637023739433645e-05
2,UPFC_Vsh,5-15,1.1083022869518513,69,1.1087171548126495,MAP_PMU,69,0.00041486786079825144
3,UPFC_tsh,5-15,-0.23352203379342726,69,-0.23335359963122154,MAP_PMU,69,0.00016843416220571616
4,UPFC_Vse,5-15,0.06283696900518436,69,0.06278924275775702,MAP_PMU,69,4.772624742734044e-05
5,UPFC_tse,5-15,-2.189370822439771,69,-2.1617267210585682,MAP_PMU,69,0.02764410138120299
0,x_tcsc,1-14,-0.10998257741000698,70,-0.10971657447857194,MAP_PMU,69,0.0002660029314350415
1,B_svc,2,0.18022301902240925,70,0.18049206410506405,MAP_PMU,69,0.0002690450826547952
2,UPFC_Vsh,5-15,1.1089949318817849,70,1.1087171548126495,MAP_PMU,69,0.00027777706913534317
3,UPFC_tsh,5-15,-0.2334040904654103,70,-0.23335359963122154,MAP_PMU,69,5.049083418875999e-05
4,UPFC_Vse,5-15,0.06252177922377364,70,0.06278924275775702,MAP_PMU,69,0.00026746353398338085
5,UPFC_tse,5-15,-2.175256102673851,70,-2.1617267210585682,MAP_PMU,69,0.01352938161528261
0,x_tcsc,1-14,-0.10986558778179827,71,-0.10971657447857194,MAP_PMU,69,0.00014901330322632245
1,B_svc,2,0.1807307311408738,71,0.18049206410506405,MAP_PMU,69,0.00023866703580974202
2,UPFC_Vsh,5-15,1.108885217604952,71,1.1087171548126495,MAP_PMU,69,0.00016806279230241472
3,UPFC_tsh,5-15,-0.23340042182265178,71,-0.23335359963122154,MAP_PMU,69,4.6822191430234694e-05
4,UPFC_Vse,5-15,0.06348711501139884,71,0.06278924275775702,MAP_PMU,69,0.000697872253641818
5,UPFC_tse,5-15,-2.1721921559503428,71,-2.1617267210585682,MAP_PMU,69,0.010465434891774539
0,x_tcsc,1-14,-0.1099463767302101,72,-0.10971657447857194,MAP_PMU,69,0.00022980225163815593
1,B_svc,2,0.18028803971132953,72,0.18049206410506405,MAP_PMU,69,0.0002040243937345143
2,UPFC_Vsh,5-15,1.108631683794839,72,1.1087171548126495,MAP_PMU,69,8.547101781064548e-05
3,UPFC_tsh,5-15,-0.23341221559186545,72,-0.23335359963122154,MAP_PMU,69,5.8615960643909615e-05
4,UPFC_Vse,5-15,0.06299841140002187,72,0.06278924275775702,MAP_PMU,69,0.0002091686422648481
5,UPFC_tse,5-15,-2.1808645176198205,72,-2.1617267210585682,MAP_PMU,69,0.01913779656125225
0,x_tcsc,1-14,-0.10997197878178941,73,-0.10971657447857194,MAP_PMU,69,0.00025540430321746577
1,B_svc,2,0.18110034515726944,73,0.18049206410506405,MAP_PMU,69,0.000608281052205395
2,UPFC_Vsh,5-15,1.1088822767270596,73,1.1087171548126495,MAP_PMU,69,0.0001651219144100935
3,UPFC_tsh,5-15,-0.23344455458269153,73,-0.23335359963122154,MAP_PMU,69,9.095495146999033e-05
4,UPFC_Vse,5-15,0.0630699665607667,73,0.06278924275775702,MAP_PMU,69,0.00028072380300968314
5,UPFC_tse,5-15,-2.1791663337002354,73,-2.1617267210585682,MAP_PMU,69,0.017439612641667157
0,x_tcsc,1-14,-0.10984171811445266,74,-0.10971657447857194,MAP_PMU,69,0.0001251436358807173
1,B_svc,2,0.18085031236226262,74,0.18049206410506405,MAP_PMU,69,0.00035824825719857345
2,UPFC_Vsh,5-15,1.1085229678268356,74,1.1087171548126495,MAP_PMU,69,0.0001941869858139711
3,UPFC_tsh,5-15,-0.2333688884029776,74,-0.23335359963122154,MAP_PMU,69,1.5288771756050146e-05
4,UPFC_Vse,5-15,0.06269786467512262,74,0.06278924275775702,MAP_PMU,69,9.137808263440239e-05
5,UPFC_tse,5-15,-2.17619712282493,74,-2.1617267210585682,MAP_PMU,69,0.014470401766361718
0,x_tcsc,1-14,-0.10994696625513763,75,-0.10971657447857194,MAP_PMU,69,0.00023039177656568322
1,B_svc,2,0.1808215951137001,75,0.18049206410506405,MAP_PMU,69,0.0003295310086360581
2,UPFC_Vsh,5-15,1.1088234071790763,75,1.1087171548126495,MAP_PMU,69,0.00010625236642680669
3,UPFC_tsh,5-15,-0.23344553967744808,75,-0.23335359963122154,MAP_PMU,69,9.194004622653518e-05
4,UPFC_Vse,5-15,0.06301119084269499,75,0.06278924275775702,MAP_PMU,69,0.0002219480849379729
5,UPFC_tse,5-15,-2.1822511128378066,75,-2.1617267210585682,MAP_PMU,69,0.02052439177923837
0,x_tcsc,1-14,-0.10995226559533901,76,-0.10971657447857194,MAP_PMU,69,0.00023569111676706445
1,B_svc,2,0.18132139155538932,76,0.18049206410506405,MAP_PMU,69,0.0008293274503252679
2,UPFC_Vsh,5-15,1.1088160032178396,76,1.1087171548126495,MAP_PMU,69,9.88484051900329e-05
3,UPFC_tsh,5-15,-0.23334750128147055,76,-0.23335359963122154,MAP_PMU,69,6.098349750988108e-06
4,UPFC_Vse,5-15,0.06272111327869953,76,0.06278924275775702,MAP_PMU,69,6.812947905748823e-05
5,UPFC_tse,5-15,-2.173940050276315,76,-2.1617267210585682,MAP_PMU,69,0.012213329217746871
0,x_tcsc,1-14,-0.10995136988707063,77,-0.10971657447857194,MAP_PMU,69,0.00023479540849868918
1,B_svc,2,0.1803136246562133,77,0.18049206410506405,MAP_PMU,69,0.00017843944885073681
2,UPFC_Vsh,5-15,1.1087552878935671,77,1.1087171548126495,MAP_PMU,69,3.81330809176017e-05
3,UPFC_tsh,5-15,-0.23344416454944555,77,-0.23335359963122154,MAP_PMU,69,9.056491822401203e-05
4,UPFC_Vse,5-15,0.06332813219103564,77,0.06278924275775702,MAP_PMU,69,0.000538889433278622
5,UPFC_tse,5-15,-2.174362755351113,77,-2.1617267210585682,MAP_PMU,69,0.012636034292544895
0,x_tcsc,1-14,-0.11002379491842405,78,-0.10971657447857194,MAP_PMU,69,0.00030722043985211
1,B_svc,2,0.1804179787012945,78,0.18049206410506405,MAP_PMU,69,7.408540376954709e-05
2,UPFC_Vsh,5-15,1.108878679317805,78,1.1087171548126495,MAP_PMU,69,0.00016152450515538597
3,UPFC_tsh,5-15,-0.23339336416199022,78,-0.23335359963122154,MAP_PMU,69,3.97645307686767e-05
4,UPFC_Vse,5-15,0.06331274696272228,78,0.06278924275775702,MAP_PMU,69,0.0005235042049652611
5,UPFC_tse,5-15,-2.172065795787659,78,-2.1617267210585682,MAP_PMU,69,0.01033907472909057
0,x_tcsc,1-14,-0.10998631265279256,79,-0.10971657447857194,MAP_PMU,69,0.00026973817422061563
1,B_svc,2,0.18094217661477477,79,0.18049206410506405,MAP_PMU,69,0.0004501125097107206
2,UPFC_Vsh,5-15,1.1086916532988986,79,1.1087171548126495,MAP_PMU,69,2.550151375091403e-05
3,UPFC_tsh,5-15,-0.2334196121750793,79,-0.23335359963122154,MAP_PMU,69,6.601254385776856e-05
4,UPFC_Vse,5-15,0.06245171322915461,79,0.06278924275775702,MAP_PMU,69,0.000337529528602408
5,UPFC_tse,5-15,-2.1823552378071307,79,-2.1617267210585682,MAP_PMU,69,0.020628516748562475
0,x_tcsc,1-14,-0.1099436335039672,80,-0.10971657447857194,MAP_PMU,69,0.00022705902539525702
1,B_svc,2,0.1809604727309872,80,0.18049206410506405,MAP_PMU,69,0.00046840862592315013
2,UPFC_Vsh,5-15,1.1087659055743404,80,1.1087171548126495,MAP_PMU,69,4.875076169086334e-05
3,UPFC_tsh,5-15,-0.23343891917145865,80,-0.23335359963122154,MAP_PMU,69,8.531954023710542e-05
4,UPFC_Vse,5-15,0.06307854247511924,80,0.06278924275775702,MAP_PMU,69,0.00028929971736221805
5,UPFC_tse,5-15,-2.182888276943865,80,-2.1617267210585682,MAP_PMU,69,0.021161555885296668
0,x_tcsc,1-14,-0.10992393097674834,81,-0.10971657447857194,MAP_PMU,69,0.0002073564981763948
1,B_svc,2,0.18054047037377888,81,0.18049206410506405,MAP_PMU,69,4.8406268714829004e-05
2,UPFC_Vsh,5-15,1.1091815836866525,81,1.1087171548126495,MAP_PMU,69,0.0004644288740029978
3,UPFC_tsh,5-15,-0.233277492624302,81,-0.23335359963122154,MAP_PMU,69,7.61070069195402e-05
4,UPFC_Vse,5-15,0.06194721101183011,81,0.06278924275775702,MAP_PMU,69,0.0008420317459269105
5,UPFC_tse,5-15,-2.1740911355463903,81,-2.1617267210585682,MAP_PMU,69,0.012364414487822106
0,x_tcsc,1-14,-0.10987269579116034,82,-0.10971657447857194,MAP_PMU,69,0.0001561213125883948
1,B_svc,2,0.18094271142183163,82,0.18049206410506405,MAP_PMU,69,0.00045064731676758285
2,UPFC_Vsh,5-15,1.108725709215483,82,1.1087171548126495,MAP_PMU,69,8.554402833427233e-06
3,UPFC_tsh,5-15,-0.23343579991533803,82,-0.23335359963122154,MAP_PMU,69,8.220028411648483e-05
4,UPFC_Vse,5-15,0.06377244814134507,82,0.06278924275775702,MAP_PMU,69,0.000983205383588051
5,UPFC_tse,5-15,-2.189883023062458,82,-2.1617267210585682,MAP_PMU,69,0.028156302003889966
0,x_tcsc,1-14,-0.10988092083968956,83,-0.10971657447857194,MAP_PMU,69,0.0001643463611176177
1,B_svc,2,0.18111464423583198,83,0.18049206410506405,MAP_PMU,69,0.0006225801307679357
2,UPFC_Vsh,5-15,1.1090587570545567,83,1.1087171548126495,MAP_PMU,69,0.0003416022419071574
3,UPFC_tsh,5-15,-0.233395234103106,83,-0.23335359963122154,MAP_PMU,69,4.163447188446079e-05
4,UPFC_Vse,5-15,0.06307909036437909,83,0.06278924275775702,MAP_PMU,69,0.0002898476066220679
5,UPFC_tse,5-15,-2.1724685737256584,83,-2.1617267210585682,MAP_PMU,69,0.010741852667090157
0,x_tcsc,1-14,-0.10994087918118726,84,-0.10971657447857194,MAP_PMU,69,0.00022430470261532165
1,B_svc,2,0.18058977091193293,84,0.18049206410506405,MAP_PMU,69,9.770680686888022e-05
2,UPFC_Vsh,5-15,1.1087396185507425,84,1.1087171548126495,MAP_PMU,69,2.2463738093003727e-05
3,UPFC_tsh,5-15,-0.23344539516281768,84,-0.23335359963122154,MAP_PMU,69,9.179553159613385e-05
4,UPFC_Vse,5-15,0.06349788662831896,84,0.06278924275775702,MAP_PMU,69,0.0007086438705619369
5,UPFC_tse,5-15,-2.177677114760485,84,-2.1617267210585682,MAP_PMU,69,0.015950393701916976
0,x_tcsc,1-14,-0.11000375279830563,85,-0.10971657447857194,MAP_PMU,69,0.000287178319733683
1,B_svc,2,0.18085084395955958,85,0.18049206410506405,MAP_PMU,69,0.0003587798544955334
2,UPFC_Vsh,5-15,1.1087564949765856,85,1.1087171548126495,MAP_PMU,69,3.934016393603024e-05
3,UPFC_tsh,5-15,-0.23346813307999767,85,-0.23335359963122154,MAP_PMU,69,0.00011453344877612737
4,UPFC_Vse,5-15,0.06276029395589884,85,0.06278924275775702,MAP_PMU,69,2.894880185817794e-05
5,UPFC_tse,5-15,-2.1751056962333566,85,-2.1617267210585682,MAP_PMU,69,0.013378975174788366
0,x_tcsc,1-14,-0.10989172406259148,86,-0.10971657447857194,MAP_PMU,69,0.0001751495840195405
1,B_svc,2,0.18082440848423487,86,0.18049206410506405,MAP_PMU,69,0.00033234437917081805
2,UPFC_Vsh,5-15,1.108752380430303,86,1.1087171548126495,MAP_PMU,69,3.5225617653456e-05
3,UPFC_tsh,5-15,-0.23338719872608982,86,-0.23335359963122154,MAP_PMU,69,3.359909486827517e-05
4,UPFC_Vse,5-15,0.06251751883201269,86,0.06278924275775702,MAP_PMU,69,0.0002717239257443299
5,UPFC_tse,5-15,-2.1840977835008095,86,-2.1617267210585682,MAP_PMU,69,0.022371062442241296
0,x_tcsc,1-14,-0.10996308595958396,87,-0.10971657447857194,MAP_PMU,69,0.0002465114810120128
1,B_svc,2,0.1806136727660729,87,0.18049206410506405,MAP_PMU,69,0.00012160866100885404
2,UPFC_Vsh,5-15,1.1088911304689681,87,1.1087171548126495,MAP_PMU,69,0.00017397565631860346
3,UPFC_tsh,5-15,-0.23342919455047578,87,-0.23335359963122154,MAP_PMU,69,7.559491925424044e-05
4,UPFC_Vse,5-15,0.06339940954192226,87,0.06278924275775702,MAP_PMU,69,0.000610166784165242
5,UPFC_tse,5-15,-2.184003586163856,87,-2.1617267210585682,MAP_PMU,69,0.02227686510528759
0,x_tcsc,1-14,-0.1098800045949675,88,-0.10971657447857194,MAP_PMU,69,0.00016343011639555205
1,B_svc,2,0.18101203132946472,88,0.18049206410506405,MAP_PMU,69,0.0005199672244006748
2,UPFC_Vsh,5-15,1.1085785904793228,88,1.1087171548126495,MAP_PMU,69,0.00013856433332670726
3,UPFC_tsh,5-15,-0.23337388423736907,88,-0.23335359963122154,MAP_PMU,69,2.028460614753036e-05
4,UPFC_Vse,5-15,0.06256084688860455,88,0.06278924275775702,MAP_PMU,69,0.00022839586915246457
5,UPFC_tse,5-15,-2.1791698891272016,88,-2.1617267210585682,MAP_PMU,69,0.01744316806863333
0,x_tcsc,1-14,-0.10999519246097336,89,-0.10971657447857194,MAP_PMU,69,0.000278617982401419
1,B_svc,2,0.1805536780094086,89,0.18049206410506405,MAP_PMU,69,6.16139043445596e-05
2,UPFC_Vsh,5-15,1.1088254913063575,89,1.1087171548126495,MAP_PMU,69,0.00010833649370800558
3,UPFC_tsh,5-15,-0.23338090150262322,89,-0.23335359963122154,MAP_PMU,69,2.730187140168039e-05
4,UPFC_Vse,5-15,0.06256538391592482,89,0.06278924275775702,MAP_PMU,69,0.00022385884183219462
5,UPFC_tse,5-15,-2.168759760989505,89,-2.1617267210585682,MAP_PMU,69,0.007033039930936624
0,x_tcsc,1-14,-0.10983897736407076,90,-0.10971657447857194,MAP_PMU,69,0.00012240288549882072
1,B_svc,2,0.1805571296190654,90,0.18049206410506405,MAP_PMU,69,6.506551400134453e-05
2,UPFC_Vsh,5-15,1.1088222980815334,90,1.1087171548126495,MAP_PMU,69,0.00010514326888388936
3,UPFC_tsh,5-15,-0.23341235055543927,90,-0.23335359963122154,MAP_PMU,69,5.875092421772643e-05
4,UPFC_Vse,5-15,0.06291575417083566,90,0.06278924275775702,MAP_PMU,69,0.00012651141307863656
5,UPFC_tse,5-15,-2.1774128461377953,90,-2.1617267210585682,MAP_PMU,69,0.015686125079227065
0,x_tcsc,1-14,-0.10995847206953364,91,-0.10971657447857194,MAP_PMU,69,0.00024189759096170105
1,B_svc,2,0.18111534936156048,91,0.18049206410506405,MAP_PMU,69,0.0006232852564964364
2,UPFC_Vsh,5-15,1.1087977646021794,91,1.1087171548126495,MAP_PMU,69,8.060978952983966e-05
3,UPFC_tsh,5-15,-0.2334370786669249,91,-0.23335359963122154,MAP_PMU,69,8.347903570335435e-05
4,UPFC_Vse,5-15,0.06323260404628527,91,0.06278924275775702,MAP_PMU,69,0.0004433612885282462
5,UPFC_tse,5-15,-2.176267595462715,91,-2.1617267210585682,MAP_PMU,69,0.014540874404146642
0,x_tcsc,1-14,-0.10984512498496307,92,-0.10971657447857194,MAP_PMU,69,0.00012855050639112853
1,B_svc,2,0.180811473510127,92,0.18049206410506405,MAP_PMU,69,0.0003194094050629481
2,UPFC_Vsh,5-15,1.1090321970677974,92,1.1087171548126495,MAP_PMU,69,0.0003150422551478904
3,UPFC_tsh,5-15,-0.23340625989987804,92,-0.23335359963122154,MAP_PMU,69,5.266026865649587e-05
4,UPFC_Vse,5-15,0.06332090428433011,92,0.06278924275775702,MAP_PMU,69,0.0005316615265730934
5,UPFC_tse,5-15,-2.1784374928355654,92,-2.1617267210585682,MAP_PMU,69,0.016710771776997202
0,x_tcsc,1-14,-0.10998184912359933,93,-0.10971657447857194,MAP_PMU,69,0.0002652746450273885
1,B_svc,2,0.18034873197084092,93,0.18049206410506405,MAP_PMU,69,0.00014333213422312863
2,UPFC_Vsh,5-15,1.1085498356718637,93,1.1087171548126495,MAP_PMU,69,0.00016731914078582655
3,UPFC_tsh,5-15,-0.23346047489203572,93,-0.23335359963122154,MAP_PMU,69,0.00010687526081418208
4,UPFC_Vse,5-15,0.06285757599821798,93,0.06278924275775702,MAP_PMU,69,6.833324046096045e-05
5,UPFC_tse,5-15,-2.1830900783798723,93,-2.1617267210585682,MAP_PMU,69,0.02136335732130412
0,x_tcsc,1-14,-0.10995800908583488,94,-0.10971657447857194,MAP_PMU,69,0.0002414346072629331
1,B_svc,2,0.18086660567708007,94,0.18049206410506405,MAP_PMU,69,0.0003745415720160239
2,UPFC_Vsh,5-15,1.10861638703427,94,1.1087171548126495,MAP_PMU,69,0.0001007677783795291
3,UPFC_tsh,5-15,-0.2333830278964109,94,-0.23335359963122154,MAP_PMU,69,2.9428265189368474e-05
4,UPFC_Vse,5-15,0.06312489903633642,94,0.06278924275775702,MAP_PMU,69,0.0003356562785793993
5,UPFC_tse,5-15,-2.1894862552423966,94,-2.1617267210585682,MAP_PMU,69,0.02775953418382837
0,x_tcsc,1-14,-0.10997932012089319,95,-0.10971657447857194,MAP_PMU,69,0.00026274564232124653
1,B_svc,2,0.1809889974702257,95,0.18049206410506405,MAP_PMU,69,0.0004969333651616559
2,UPFC_Vsh,5-15,1.1086025089590044,95,1.1087171548126495,MAP_PMU,69,0.00011464585364517887
3,UPFC_tsh,5-15,-0.23348409838944384,95,-0.23335359963122154,MAP_PMU,69,0.00013049875822229717
4,UPFC_Vse,5-15,0.0632814357667421,95,0.06278924275775702,MAP_PMU,69,0.0004921930089850785
5,UPFC_tse,5-15,-2.1759029192324433,95,-2.1617267210585682,MAP_PMU,69,0.014176198173875054
0,x_tcsc,1-14,-0.10990900805335393,96,-0.10971657447857194,MAP_PMU,69,0.00019243357478199163
1,B_svc,2,0.18055756178425256,96,0.18049206410506405,MAP_PMU,69,6.549767918850868e-05
2,UPFC_Vsh,5-15,1.1089113655800436,96,1.1087171548126495,MAP_PMU,69,0.00019421076739400966
3,UPFC_tsh,5-15,-0.2333452676814315,96,-0.23335359963122154,MAP_PMU,69,8.331949790052473e-06
4,UPFC_Vse,5-15,0.063072254629143,96,0.06278924275775702,MAP_PMU,69,0.00028301187138597694
5,UPFC_tse,5-15,-2.1822299071177613,96,-2.1617267210585682,MAP_PMU,69,0.0205031860591931
0,x_tcsc,1-14,-0.1099170518980507,97,-0.10971657447857194,MAP_PMU,69,0.00020047741947876174
1,B_svc,2,0.18083465881643765,97,0.18049206410506405,MAP_PMU,69,0.00034259471137360054
2,UPFC_Vsh,5-15,1.1090583182250917,97,1.1087171548126495,MAP_PMU,69,0.0003411634124421692
3,UPFC_tsh,5-15,-0.23345236925628535,97,-0.23335359963122154,MAP_PMU,69,9.876962506380482e-05
4,UPFC_Vse,5-15,0.06356555555944099,97,0.06278924275775702,MAP_PMU,69,0.0007763128016839704
5,UPFC_tse,5-15,-2.1830242063055865,97,-2.1617267210585682,MAP_PMU,69,0.021297485247018244
0,x_tcsc,1-14,-0.10987582950626172,98,-0.10971657447857194,MAP_PMU,69,0.00015925502768977806
1,B_svc,2,0.18086479786292364,98,0.18049206410506405,MAP_PMU,69,0.0003727337578595946
2,UPFC_Vsh,5-15,1.1084020578056246,98,1.1087171548126495,MAP_PMU,69,0.0003150970070249226
3,UPFC_tsh,5-15,-0.23338204008137384,98,-0.23335359963122154,MAP_PMU,69,2.8440450152295016e-05
4,UPFC_Vse,5-15,0.0630562619690108,98,0.06278924275775702,MAP_PMU,69,0.0002670192112537856
5,UPFC_tse,5-15,-2.183115189875778,98,-2.1617267210585682,MAP_PMU,69,0.021388468817209905
0,x_tcsc,1-14,-0.1099532004868159,99,-0.10971657447857194,MAP_PMU,69,0.00023662600824395086
1,B_svc,2,0.18076707232307712,99,0.18049206410506405,MAP_PMU,69,0.00027500821801307307
2,UPFC_Vsh,5-15,1.1087045447923687,99,1.1087171548126495,MAP_PMU,69,1.261002028085656e-05
3,UPFC_tsh,5-15,-0.2334013112484235,99,-0.23335359963122154,MAP_PMU,69,4.771161720196204e-05
4,UPFC_Vse,5-15,0.06282464203254123,99,0.06278924275775702,MAP_PMU,69,3.5399274784214674e-05
5,UPFC_tse,5-15,-2.1759075210580057,99,-2.1617267210585682,MAP_PMU,69,0.014180799999437443
0,x_tcsc,1-14,-0.11165789525092353,0,-0.11129447036771614,MAP_PMU,71,0.0003634248832073833
1,B_svc,2,0.18271623100845577,0,0.18295019278546595,MAP_PMU,71,0.00023396177701018317
2,UPFC_Vsh,5-15,1.1090998797596179,0,1.1082410611427627,MAP_PMU,71,0.000858818616855217
3,UPFC_tsh,5-15,-0.23224943212846857,0,-0.23218607058732396,MAP_PMU,71,6.336154114461312e-05
4,UPFC_Vse,5-15,0.0626760450626526,0,0.061824962390014566,MAP_PMU,71,0.0008510826726380386
5,UPFC_tse,5-15,-2.179735246128949,0,-2.1562100234144017,MAP_PMU,71,0.02352522271454749
0,x_tcsc,1-14,-0.11158091383958055,1,-0.11129447036771614,MAP_PMU,71,0.000286443471864406
1,B_svc,2,0.1828506582105191,1,0.18295019278546595,MAP_PMU,71,9.953457494685236e-05
2,UPFC_Vsh,5-15,1.1088518202312858,1,1.1082410611427627,MAP_PMU,71,0.0006107590885231495
3,UPFC_tsh,5-15,-0.23224774876032356,1,-0.23218607058732396,MAP_PMU,71,6.167817299959633e-05
4,UPFC_Vse,5-15,0.06295915695435565,1,0.061824962390014566,MAP_PMU,71,0.0011341945643410858
5,UPFC_tse,5-15,-2.176575688762262,1,-2.1562100234144017,MAP_PMU,71,0.02036566534786033
0,x_tcsc,1-14,-0.11163786048128715,2,-0.11129447036771614,MAP_PMU,71,0.0003433901135710127
1,B_svc,2,0.1830017114153439,2,0.18295019278546595,MAP_PMU,71,5.1518629877955746e-05
2,UPFC_Vsh,5-15,1.108567948993872,2,1.1082410611427627,MAP_PMU,71,0.0003268878511093476
3,UPFC_tsh,5-15,-0.2323268355572619,2,-0.23218607058732396,MAP_PMU,71,0.00014076496993795096
4,UPFC_Vse,5-15,0.06316266923687117,2,0.061824962390014566,MAP_PMU,71,0.0013377068468565997
5,UPFC_tse,5-15,-2.186255142309712,2,-2.1562100234144017,MAP_PMU,71,0.030045118895310363
0,x_tcsc,1-14,-0.11163178630915252,3,-0.11129447036771614,MAP_PMU,71,0.000337315941436378
1,B_svc,2,0.18346182730492464,3,0.18295019278546595,MAP_PMU,71,0.0005116345194586813
2,UPFC_Vsh,5-15,1.1086576095285785,3,1.1082410611427627,MAP_PMU,71,0.0004165483858158403
3,UPFC_tsh,5-15,-0.23229145825631267,3,-0.23218607058732396,MAP_PMU,71,0.0001053876689887101
4,UPFC_Vse,5-15,0.0631912635995632,3,0.061824962390014566,MAP_PMU,71,0.0013663012095486357
5,UPFC_tse,5-15,-2.1753475453168836,3,-2.1562100234144017,MAP_PMU,71,0.019137521902481858
0,x_tcsc,1-14,-0.11152264366754693,4,-0.11129447036771614,MAP_PMU,71,0.00022817329983078338
1,B_svc,2,0.18323563600596068,4,0.18295019278546595,MAP_PMU,71,0.0002854432204947299
2,UPFC_Vsh,5-15,1.108619613951601,4,1.1082410611427627,MAP_PMU,71,0.0003785528088382506
3,UPFC_tsh,5-15,-0.23220468347727327,4,-0.23218607058732396,MAP_PMU,71,1.8612889949309874e-05
4,UPFC_Vse,5-15,0.06256397247543319,4,0.061824962390014566,MAP_PMU,71,0.0007390100854186218
5,UPFC_tse,5-15,-2.1845535778627645,4,-2.1562100234144017,MAP_PMU,71,0.028343554448362784
0,x_tcsc,1-14,-0.11161827897261074,5,-0.11129447036771614,MAP_PMU,71,0.0003238086048946015
1,B_svc,2,0.18294067178507828,5,0.18295019278546595,MAP_PMU,71,9.52100038767445e-06
2,UPFC_Vsh,5-15,1.1089376107475368,5,1.1082410611427627,MAP_PMU,71,0.0006965496047741659
3,UPFC_tsh,5-15,-0.23228544158456466,5,-0.23218607058732396,MAP_PMU,71,9.93709972406942e-05
4,UPFC_Vse,5-15,0.06304652939035299,5,0.061824962390014566,MAP_PMU,71,0.0012215670003384235
5,UPFC_tse,5-15,-2.1797614124991123,5,-2.1562100234144017,MAP_PMU,71,0.02355138908471055
0,x_tcsc,1-14,-0.11162452822499722,6,-0.11129447036771614,MAP_PMU,71,0.0003300578572810742
1,B_svc,2,0.18291297980860208,6,0.18295019278546595,MAP_PMU,71,3.721297686387626e-05
2,UPFC_Vsh,5-15,1.1085877893708087,6,1.1082410611427627,MAP_PMU,71,0.00034672822804604486
3,UPFC_tsh,5-15,-0.23235625358050335,6,-0.23218607058732396,MAP_PMU,71,0.00017018299317939078
4,UPFC_Vse,5-15,0.06270363438031577,6,0.061824962390014566,MAP_PMU,71,0.0008786719903012066
5,UPFC_tse,5-15,-2.186867006658029,6,-2.1562100234144017,MAP_PMU,71,0.030656983243627423
0,x_tcsc,1-14,-0.11171553951038055,7,-0.11129447036771614,MAP_PMU,71,0.0004210691426644042
1,B_svc,2,0.18330073041069317,7,0.18295019278546595,MAP_PMU,71,0.0003505376252272152
2,UPFC_Vsh,5-15,1.1086872779325043,7,1.1082410611427627,MAP_PMU,71,0.00044621678974166024
3,UPFC_tsh,5-15,-0.23227312803498132,7,-0.23218607058732396,MAP_PMU,71,8.705744765735712e-05
4,UPFC_Vse,5-15,0.0626189647958124,7,0.061824962390014566,MAP_PMU,71,0.0007940024057978348
5,UPFC_tse,5-15,-2.1711991248403466,7,-2.1562100234144017,MAP_PMU,71,0.014989101425944895
0,x_tcsc,1-14,-0.11154557094461387,8,-0.11129447036771614,MAP_PMU,71,0.00025110057689772813
1,B_svc,2,0.18307522407793356,8,0.18295019278546595,MAP_PMU,71,0.00012503129246760336
2,UPFC_Vsh,5-15,1.1087637310957634,8,1.1082410611427627,MAP_PMU,71,0.000522669953000765
3,UPFC_tsh,5-15,-0.23231656033918568,8,-0.23218607058732396,MAP_PMU,71,0.00013048975186172318
4,UPFC_Vse,5-15,0.06314708904778396,8,0.061824962390014566,MAP_PMU,71,0.0013221266577693944
5,UPFC_tse,5-15,-2.1745905304300357,8,-2.1562100234144017,MAP_PMU,71,0.018380507015633984
0,x_tcsc,1-14,-0.11170066761812673,9,-0.11129447036771614,MAP_PMU,71,0.00040619725041059207
1,B_svc,2,0.18307192050499685,9,0.18295019278546595,MAP_PMU,71,0.00012172771953089523
2,UPFC_Vsh,5-15,1.1086995836186777,9,1.1082410611427627,MAP_PMU,71,0.00045852247591504636
3,UPFC_tsh,5-15,-0.23227775101430825,9,-0.23218607058732396,MAP_PMU,71,9.168042698429191e-05
4,UPFC_Vse,5-15,0.062451006243648466,9,0.061824962390014566,MAP_PMU,71,0.0006260438536338994
5,UPFC_tse,5-15,-2.1774488831052143,9,-2.1562100234144017,MAP_PMU,71,0.021238859690812628
0,x_tcsc,1-14,-0.11160058148335605,10,-0.11129447036771614,MAP_PMU,71,0.0003061111156399121
1,B_svc,2,0.18307831769836175,10,0.18295019278546595,MAP_PMU,71,0.00012812491289579397
2,UPFC_Vsh,5-15,1.108878604040963,10,1.1082410611427627,MAP_PMU,71,0.0006375428982003939
3,UPFC_tsh,5-15,-0.2322114663111469,10,-0.23218607058732396,MAP_PMU,71,2.539572382292965e-05
4,UPFC_Vse,5-15,0.06287381830457192,10,0.061824962390014566,MAP_PMU,71,0.0010488559145573548
5,UPFC_tse,5-15,-2.1678954885760877,10,-2.1562100234144017,MAP_PMU,71,0.011685465161686004
0,x_tcsc,1-14,-0.1116208418894462,11,-0.11129447036771614,MAP_PMU,71,0.0003263715217300539
1,B_svc,2,0.18346090178722235,11,0.18295019278546595,MAP_PMU,71,0.0005107090017563987
2,UPFC_Vsh,5-15,1.1085119234400913,11,1.1082410611427627,MAP_PMU,71,0.00027086229732864453
3,UPFC_tsh,5-15,-0.232272650930612,11,-0.23218607058732396,MAP_PMU,71,8.658034328803965e-05
4,UPFC_Vse,5-15,0.06289485683027517,11,0.061824962390014566,MAP_PMU,71,0.0010698944402606006
5,UPFC_tse,5-15,-2.1723456104516345,11,-2.1562100234144017,MAP_PMU,71,0.016135587037232835
0,x_tcsc,1-14,-0.11154724224603761,12,-0.11129447036771614,MAP_PMU,71,0.00025277187832146997
1,B_svc,2,0.18284114121023098,12,0.18295019278546595,MAP_PMU,71,0.00010905157523496967
2,UPFC_Vsh,5-15,1.1083175232577565,12,1.1082410611427627,MAP_PMU,71,7.646211499379163e-05
3,UPFC_tsh,5-15,-0.2323390681476267,12,-0.23218607058732396,MAP_PMU,71,0.0001529975603027367
4,UPFC_Vse,5-15,0.06363635505367547,12,0.061824962390014566,MAP_PMU,71,0.001811392663660906
5,UPFC_tse,5-15,-2.176915844532276,12,-2.1562100234144017,MAP_PMU,71,0.020705821117874113
0,x_tcsc,1-14,-0.111598066985262,13,-0.11129447036771614,MAP_PMU,71,0.00030359661754586487
1,B_svc,2,0.18329613874497475,13,0.18295019278546595,MAP_PMU,71,0.00034594595950879214
2,UPFC_Vsh,5-15,1.108711636369644,13,1.1082410611427627,MAP_PMU,71,0.00047057522688143116
3,UPFC_tsh,5-15,-0.23222270687287963,13,-0.23218607058732396,MAP_PMU,71,3.6636285555669e-05
4,UPFC_Vse,5-15,0.0623665681240571,13,0.061824962390014566,MAP_PMU,71,0.0005416057340425356
5,UPFC_tse,5-15,-2.18242890821828,13,-2.1562100234144017,MAP_PMU,71,0.02621888480387824
0,x_tcsc,1-14,-0.11162235806426365,14,-0.11129447036771614,MAP_PMU,71,0.00032788769654751304
1,B_svc,2,0.18289459215797516,14,0.18295019278546595,MAP_PMU,71,5.5600627490798304e-05
2,UPFC_Vsh,5-15,1.1087765950677784,14,1.1082410611427627,MAP_PMU,71,0.0005355339250157076
3,UPFC_tsh,5-15,-0.23221677675572847,14,-0.23218607058732396,MAP_PMU,71,3.070616840450402e-05
4,UPFC_Vse,5-15,0.06256428320140195,14,0.061824962390014566,MAP_PMU,71,0.0007393208113873825
5,UPFC_tse,5-15,-2.17110520840193,14,-2.1562100234144017,MAP_PMU,71,0.01489518498752851
0,x_tcsc,1-14,-0.11169877770663678,15,-0.11129447036771614,MAP_PMU,71,0.0004043073389206342
1,B_svc,2,0.18275656278582575,15,0.18295019278546595,MAP_PMU,71,0.00019362999964020466
2,UPFC_Vsh,5-15,1.1087753134479965,15,1.1082410611427627,MAP_PMU,71,0.000534252305233851
3,UPFC_tsh,5-15,-0.23229395911855724,15,-0.23218607058732396,MAP_PMU,71,0.00010788853123328002
4,UPFC_Vse,5-15,0.06286041194768185,15,0.061824962390014566,MAP_PMU,71,0.0010354495576672881
5,UPFC_tse,5-15,-2.174131332439653,15,-2.1562100234144017,MAP_PMU,71,0.017921309025251464
0,x_tcsc,1-14,-0.11164552032319335,16,-0.11129447036771614,MAP_PMU,71,0.0003510499554772034
1,B_svc,2,0.18324124782080764,16,0.18295019278546595,MAP_PMU,71,0.0002910550353416863
2,UPFC_Vsh,5-15,1.108956977211261,16,1.1082410611427627,MAP_PMU,71,0.0007159160684984123
3,UPFC_tsh,5-15,-0.23229321572788417,16,-0.23218607058732396,MAP_PMU,71,0.0001071451405602053
4,UPFC_Vse,5-15,0.06208873008198522,16,0.061824962390014566,MAP_PMU,71,0.0002637676919706525
5,UPFC_tse,5-15,-2.1717227290042325,16,-2.1562100234144017,MAP_PMU,71,0.015512705589830755
0,x_tcsc,1-14,-0.11157662357674664,17,-0.11129447036771614,MAP_PMU,71,0.00028215320903049457
1,B_svc,2,0.1832712675319934,17,0.18295019278546595,MAP_PMU,71,0.0003210747465274555
2,UPFC_Vsh,5-15,1.1086775673328244,17,1.1082410611427627,MAP_PMU,71,0.0004365061900617473
3,UPFC_tsh,5-15,-0.23224999979301597,17,-0.23218607058732396,MAP_PMU,71,6.392920569200933e-05
4,UPFC_Vse,5-15,0.06330720707582392,17,0.061824962390014566,MAP_PMU,71,0.0014822446858093544
5,UPFC_tse,5-15,-2.167800813616362,17,-2.1562100234144017,MAP_PMU,71,0.0115907902019603
0,x_tcsc,1-14,-0.1116860716151236,18,-0.11129447036771614,MAP_PMU,71,0.00039160124740746094
1,B_svc,2,0.18287541923575967,18,0.18295019278546595,MAP_PMU,71,7.47735497062807e-05
2,UPFC_Vsh,5-15,1.1086940845250788,18,1.1082410611427627,MAP_PMU,71,0.00045302338231612005
3,UPFC_tsh,5-15,-0.23226093174858511,18,-0.23218607058732396,MAP_PMU,71,7.486116126115272e-05
4,UPFC_Vse,5-15,0.0628686048417235,18,0.061824962390014566,MAP_PMU,71,0.0010436424517089385
5,UPFC_tse,5-15,-2.174698536025753,18,-2.1562100234144017,MAP_PMU,71,0.018488512611351204
0,x_tcsc,1-14,-0.11164094371057788,19,-0.11129447036771614,MAP_PMU,71,0.0003464733428617389
1,B_svc,2,0.18266825077783488,19,0.18295019278546595,MAP_PMU,71,0.0002819420076310697
2,UPFC_Vsh,5-15,1.1086610251624167,19,1.1082410611427627,MAP_PMU,71,0.00041996401965405106
3,UPFC_tsh,5-15,-0.23222022010042181,19,-0.23218607058732396,MAP_PMU,71,3.414951309785308e-05
4,UPFC_Vse,5-15,0.06280370554856664,19,0.061824962390014566,MAP_PMU,71,0.0009787431585520714
5,UPFC_tse,5-15,-2.179373607136134,19,-2.1562100234144017,MAP_PMU,71,0.023163583721732106
0,x_tcsc,1-14,-0.11163791953137714,20,-0.11129447036771614,MAP_PMU,71,0.0003434491636609971
1,B_svc,2,0.1834625459961481,20,0.18295019278546595,MAP_PMU,71,0.0005123532106821593
2,UPFC_Vsh,5-15,1.108576972933123,20,1.1082410611427627,MAP_PMU,71,0.0003359117903602993
3,UPFC_tsh,5-15,-0.23230012477183698,20,-0.23218607058732396,MAP_PMU,71,0.0001140541845130183
4,UPFC_Vse,5-15,0.062644855402552,20,0.061824962390014566,MAP_PMU,71,0.0008198930125374385
5,UPFC_tse,5-15,-2.1869666978156586,20,-2.1562100234144017,MAP_PMU,71,0.030756674401256845
0,x_tcsc,1-14,-0.11160581341656432,21,-0.11129447036771614,MAP_PMU,71,0.0003113430488481811
1,B_svc,2,0.18357144497548236,21,0.18295019278546595,MAP_PMU,71,0.0006212521900164081
2,UPFC_Vsh,5-15,1.1088284018469583,21,1.1082410611427627,MAP_PMU,71,0.000587340704195638
3,UPFC_tsh,5-15,-0.23225507482252433,21,-0.23218607058732396,MAP_PMU,71,6.900423520037058e-05
4,UPFC_Vse,5-15,0.0629987488732742,21,0.061824962390014566,MAP_PMU,71,0.0011737864832596298
5,UPFC_tse,5-15,-2.18736003396701,21,-2.1562100234144017,MAP_PMU,71,0.031150010552608354
0,x_tcsc,1-14,-0.1117377648950561,22,-0.11129447036771614,MAP_PMU,71,0.0004432945273399602
1,B_svc,2,0.18286862627358613,22,0.18295019278546595,MAP_PMU,71,8.156651187982145e-05
2,UPFC_Vsh,5-15,1.1086917427656933,22,1.1082410611427627,MAP_PMU,71,0.0004506816229306043
3,UPFC_tsh,5-15,-0.23230157634917975,22,-0.23218607058732396,MAP_PMU,71,0.00011550576185578865
4,UPFC_Vse,5-15,0.06275576097777251,22,0.061824962390014566,MAP_PMU,71,0.000930798587757943
5,UPFC_tse,5-15,-2.1765772230586107,22,-2.1562100234144017,MAP_PMU,71,0.020367199644208966
0,x_tcsc,1-14,-0.1115427703000646,23,-0.11129447036771614,MAP_PMU,71,0.0002482999323484558
1,B_svc,2,0.18350104314372598,23,0.18295019278546595,MAP_PMU,71,0.0005508503582600244
2,UPFC_Vsh,5-15,1.1088721749041002,23,1.1082410611427627,MAP_PMU,71,0.0006311137613375095
3,UPFC_tsh,5-15,-0.2322739062640355,23,-0.23218607058732396,MAP_PMU,71,8.783567671152848e-05
4,UPFC_Vse,5-15,0.06274668793993796,23,0.061824962390014566,MAP_PMU,71,0.0009217255499233898
5,UPFC_tse,5-15,-2.1804462478961937,23,-2.1562100234144017,MAP_PMU,71,0.024236224481791968
0,x_tcsc,1-14,-0.11157370320372655,24,-0.11129447036771614,MAP_PMU,71,0.00027923283601040405
1,B_svc,2,0.18346941143206907,24,0.18295019278546595,MAP_PMU,71,0.0005192186466031201
2,UPFC_Vsh,5-15,1.108971397338395,24,1.1082410611427627,MAP_PMU,71,0.0007303361956323418
3,UPFC_tsh,5-15,-0.2321808630811753,24,-0.23218607058732396,MAP_PMU,71,5.207506148657837e-06
4,UPFC_Vse,5-15,0.06273731741047202,24,0.061824962390014566,MAP_PMU,71,0.0009123550204574518
5,UPFC_tse,5-15,-2.168657174587678,24,-2.1562100234144017,MAP_PMU,71,0.012447151173276438
0,x_tcsc,1-14,-0.11162671488982633,25,-0.11129447036771614,MAP_PMU,71,0.00033224452211018385
1,B_svc,2,0.1835212189985583,25,0.18295019278546595,MAP_PMU,71,0.0005710262130923516
2,UPFC_Vsh,5-15,1.1090900991007873,25,1.1082410611427627,MAP_PMU,71,0.000849037958024601
3,UPFC_tsh,5-15,-0.2322093397539424,25,-0.23218607058732396,MAP_PMU,71,2.32691666184337e-05
4,UPFC_Vse,5-15,0.06249065770602817,25,0.061824962390014566,MAP_PMU,71,0.000665695316013605
5,UPFC_tse,5-15,-2.1821976938182535,25,-2.1562100234144017,MAP_PMU,71,0.025987670403851748
0,x_tcsc,1-14,-0.11166949787886171,26,-0.11129447036771614,MAP_PMU,71,0.0003750275111455703
1,B_svc,2,0.18320533307520398,26,0.18295019278546595,MAP_PMU,71,0.00025514028973802616
2,UPFC_Vsh,5-15,1.10875506124811,26,1.1082410611427627,MAP_PMU,71,0.0005140001053474119
3,UPFC_tsh,5-15,-0.23229749954728232,26,-0.23218607058732396,MAP_PMU,71,0.00011142895995835955
4,UPFC_Vse,5-15,0.06275212269637198,26,0.061824962390014566,MAP_PMU,71,0.0009271603063574149
5,UPFC_tse,5-15,-2.1799280457587984,26,-2.1562100234144017,MAP_PMU,71,0.023718022344396683
0,x_tcsc,1-14,-0.11168381591165816,27,-0.11129447036771614,MAP_PMU,71,0.0003893455439420157
1,B_svc,2,0.1831360142741321,27,0.18295019278546595,MAP_PMU,71,0.000185821488666138
2,UPFC_Vsh,5-15,1.1083484800482406,27,1.1082410611427627,MAP_PMU,71,0.00010741890547794064
3,UPFC_tsh,5-15,-0.2323062552284135,27,-0.23218607058732396,MAP_PMU,71,0.00012018464108953797
4,UPFC_Vse,5-15,0.0625337878551365,27,0.061824962390014566,MAP_PMU,71,0.0007088254651219303
5,UPFC_tse,5-15,-2.1853014707731417,27,-2.1562100234144017,MAP_PMU,71,0.02909144735874003
0,x_tcsc,1-14,-0.11166839166079573,28,-0.11129447036771614,MAP_PMU,71,0.00037392129307958766
1,B_svc,2,0.18310070426252953,28,0.18295019278546595,MAP_PMU,71,0.00015051147706357515
2,UPFC_Vsh,5-15,1.1086907852449803,28,1.1082410611427627,MAP_PMU,71,0.00044972410221766346
3,UPFC_tsh,5-15,-0.23227781080660628,28,-0.23218607058732396,MAP_PMU,71,9.174021928232134e-05
4,UPFC_Vse,5-15,0.06277346121769642,28,0.061824962390014566,MAP_PMU,71,0.0009484988276818526
5,UPFC_tse,5-15,-2.178411404528254,28,-2.1562100234144017,MAP_PMU,71,0.022201381113852392
0,x_tcsc,1-14,-0.11152901789896646,29,-0.11129447036771614,MAP_PMU,71,0.00023454753125032313
1,B_svc,2,0.18308493957644464,29,0.18295019278546595,MAP_PMU,71,0.00013474679097869036
2,UPFC_Vsh,5-15,1.1084471186774412,29,1.1082410611427627,MAP_PMU,71,0.0002060575346785054
3,UPFC_tsh,5-15,-0.23231363202121358,29,-0.23218607058732396,MAP_PMU,71,0.00012756143388961694
4,UPFC_Vse,5-15,0.06278724109990486,29,0.061824962390014566,MAP_PMU,71,0.0009622787098902894
5,UPFC_tse,5-15,-2.17576550563056,29,-2.1562100234144017,MAP_PMU,71,0.019555482216158104
0,x_tcsc,1-14,-0.11167850799863761,30,-0.11129447036771614,MAP_PMU,71,0.0003840376309214716
1,B_svc,2,0.18322667125514358,30,0.18295019278546595,MAP_PMU,71,0.0002764784696776268
2,UPFC_Vsh,5-15,1.1085533668668963,30,1.1082410611427627,MAP_PMU,71,0.00031230572413365465
3,UPFC_tsh,5-15,-0.2322490104057351,30,-0.23218607058732396,MAP_PMU,71,6.29398184111285e-05
4,UPFC_Vse,5-15,0.06298866171942191,30,0.061824962390014566,MAP_PMU,71,0.0011636993294073458
5,UPFC_tse,5-15,-2.1729191083349706,30,-2.1562100234144017,MAP_PMU,71,0.016709084920568884
0,x_tcsc,1-14,-0.11170438765617471,31,-0.11129447036771614,MAP_PMU,71,0.0004099172884585722
1,B_svc,2,0.18298315514278804,31,0.18295019278546595,MAP_PMU,71,3.296235732208608e-05
2,UPFC_Vsh,5-15,1.1085571739845939,31,1.1082410611427627,MAP_PMU,71,0.00031611284183119537
3,UPFC_tsh,5-15,-0.23221787186203413,31,-0.23218607058732396,MAP_PMU,71,3.180127471016925e-05
4,UPFC_Vse,5-15,0.06273303787063063,31,0.061824962390014566,MAP_PMU,71,0.0009080754806160621
5,UPFC_tse,5-15,-2.182489934805226,31,-2.1562100234144017,MAP_PMU,71,0.026279911390824306
0,x_tcsc,1-14,-0.11166462835003861,32,-0.11129447036771614,MAP_PMU,71,0.0003701579823224693
1,B_svc,2,0.18323176168958039,32,0.18295019278546595,MAP_PMU,71,0.00028156890411443203
2,UPFC_Vsh,5-15,1.1087872658794575,32,1.1082410611427627,MAP_PMU,71,0.0005462047366948664
3,UPFC_tsh,5-15,-0.2322668130327546,32,-0.23218607058732396,MAP_PMU,71,8.074244543063158e-05
4,UPFC_Vse,5-15,0.06289618383772867,32,0.061824962390014566,MAP_PMU,71,0.001071221447714106
5,UPFC_tse,5-15,-2.1806378070056143,32,-2.1562100234144017,MAP_PMU,71,0.02442778359121256
0,x_tcsc,1-14,-0.11162750621042052,33,-0.11129447036771614,MAP_PMU,71,0.0003330358427043739
1,B_svc,2,0.182908263827683,33,0.18295019278546595,MAP_PMU,71,4.1928957782960685e-05
2,UPFC_Vsh,5-15,1.108538470251785,33,1.1082410611427627,MAP_PMU,71,0.00029740910902242845
3,UPFC_tsh,5-15,-0.23229892392545343,33,-0.23218607058732396,MAP_PMU,71,0.00011285333812946496
4,UPFC_Vse,5-15,0.06256536374188858,33,0.061824962390014566,MAP_PMU,71,0.0007404013518740107
5,UPFC_tse,5-15,-2.1814018201220158,33,-2.1562100234144017,MAP_PMU,71,0.025191796707614067
0,x_tcsc,1-14,-0.111661747393573,34,-0.11129447036771614,MAP_PMU,71,0.0003672770258568575
1,B_svc,2,0.18319050838063647,34,0.18295019278546595,MAP_PMU,71,0.00024031559517051493
2,UPFC_Vsh,5-15,1.108895816171624,34,1.1082410611427627,MAP_PMU,71,0.0006547550288613646
3,UPFC_tsh,5-15,-0.232242200786535,34,-0.23218607058732396,MAP_PMU,71,5.613019921105189e-05
4,UPFC_Vse,5-15,0.06296250944063898,34,0.061824962390014566,MAP_PMU,71,0.001137547050624417
5,UPFC_tse,5-15,-2.1705779340575146,34,-2.1562100234144017,MAP_PMU,71,0.014367910643112936
0,x_tcsc,1-14,-0.11165391255091645,35,-0.11129447036771614,MAP_PMU,71,0.00035944218320030363
1,B_svc,2,0.1833644057786112,35,0.18295019278546595,MAP_PMU,71,0.0004142129931452576
2,UPFC_Vsh,5-15,1.108733524942284,35,1.1082410611427627,MAP_PMU,71,0.0004924637995213921
3,UPFC_tsh,5-15,-0.23221794512603702,35,-0.23218607058732396,MAP_PMU,71,3.187453871306145e-05
4,UPFC_Vse,5-15,0.06286771994932298,35,0.061824962390014566,MAP_PMU,71,0.0010427575593084173
5,UPFC_tse,5-15,-2.1733674973753123,35,-2.1562100234144017,MAP_PMU,71,0.017157473960910608
0,x_tcsc,1-14,-0.11159112182969814,36,-0.11129447036771614,MAP_PMU,71,0.0002966514619820032
1,B_svc,2,0.18311114239493337,36,0.18295019278546595,MAP_PMU,71,0.00016094960946741454
2,UPFC_Vsh,5-15,1.1086791247356667,36,1.1082410611427627,MAP_PMU,71,0.0004380635929039922
3,UPFC_tsh,5-15,-0.23227067467694626,36,-0.23218607058732396,MAP_PMU,71,8.460408962229771e-05
4,UPFC_Vse,5-15,0.06255341972624644,36,0.061824962390014566,MAP_PMU,71,0.0007284573362318705
5,UPFC_tse,5-15,-2.1839446860186067,36,-2.1562100234144017,MAP_PMU,71,0.027734662604204985
0,x_tcsc,1-14,-0.11164040634161991,37,-0.11129447036771614,MAP_PMU,71,0.00034593597390376873
1,B_svc,2,0.18264712671381772,37,0.18295019278546595,MAP_PMU,71,0.0003030660716482336
2,UPFC_Vsh,5-15,1.1090907068374396,37,1.1082410611427627,MAP_PMU,71,0.0008496456946769371
3,UPFC_tsh,5-15,-0.2322612597170719,37,-0.23218607058732396,MAP_PMU,71,7.51891297479379e-05
4,UPFC_Vse,5-15,0.06229380008468187,37,0.061824962390014566,MAP_PMU,71,0.0004688376946673026
5,UPFC_tse,5-15,-2.1730350842391677,37,-2.1562100234144017,MAP_PMU,71,0.01682506082476598
0,x_tcsc,1-14,-0.11153236315261975,38,-0.11129447036771614,MAP_PMU,71,0.00023789278490360388
1,B_svc,2,0.18240000760246444,38,0.18295019278546595,MAP_PMU,71,0.0005501851830015114
2,UPFC_Vsh,5-15,1.1087564863745736,38,1.1082410611427627,MAP_PMU,71,0.0005154252318109176
3,UPFC_tsh,5-15,-0.23228784250971182,38,-0.23218607058732396,MAP_PMU,71,0.00010177192238786104
4,UPFC_Vse,5-15,0.0626563019265344,38,0.061824962390014566,MAP_PMU,71,0.0008313395365198359
5,UPFC_tse,5-15,-2.1774038225576478,38,-2.1562100234144017,MAP_PMU,71,0.02119379914324604
0,x_tcsc,1-14,-0.1114961038282189,39,-0.11129447036771614,MAP_PMU,71,0.00020163346050275366
1,B_svc,2,0.18297280501159063,39,0.18295019278546595,MAP_PMU,71,2.2612226124679724e-05
2,UPFC_Vsh,5-15,1.1086293181403089,39,1.1082410611427627,MAP_PMU,71,0.00038825699754618803
3,UPFC_tsh,5-15,-0.23227493850050035,39,-0.23218607058732396,MAP_PMU,71,8.886791317638809e-05
4,UPFC_Vse,5-15,0.06286370417648941,39,0.061824962390014566,MAP_PMU,71,0.0010387417864748463
5,UPFC_tse,5-15,-2.1858261768161307,39,-2.1562100234144017,MAP_PMU,71,0.029616153401728962
0,x_tcsc,1-14,-0.11162921912175296,40,-0.11129447036771614,MAP_PMU,71,0.0003347487540368149
1,B_svc,2,0.18252165598076509,40,0.18295019278546595,MAP_PMU,71,0.00042853680470086863
2,UPFC_Vsh,5-15,1.108383579370574,40,1.1082410611427627,MAP_PMU,71,0.00014251822781141676
3,UPFC_tsh,5-15,-0.23229766821484155,40,-0.23218607058732396,MAP_PMU,71,0.00011159762751758451
4,UPFC_Vse,5-15,0.06291577845425157,40,0.061824962390014566,MAP_PMU,71,0.001090816064237006
5,UPFC_tse,5-15,-2.179601619654942,40,-2.1562100234144017,MAP_PMU,71,0.023391596240540213
0,x_tcsc,1-14,-0.11161153463228095,41,-0.11129447036771614,MAP_PMU,71,0.0003170642645648064
1,B_svc,2,0.183136300321712,41,0.18295019278546595,MAP_PMU,71,0.00018610753624603849
2,UPFC_Vsh,5-15,1.109167556319554,41,1.1082410611427627,MAP_PMU,71,0.000926495176791331
3,UPFC_tsh,5-15,-0.2322334732783469,41,-0.23218607058732396,MAP_PMU,71,4.740269102293526e-05
4,UPFC_Vse,5-15,0.06292972763388506,41,0.061824962390014566,MAP_PMU,71,0.0011047652438704939
5,UPFC_tse,5-15,-2.1777076828880197,41,-2.1562100234144017,MAP_PMU,71,0.021497659473618036
0,x_tcsc,1-14,-0.11159966869999026,42,-0.11129447036771614,MAP_PMU,71,0.0003051983322741175
1,B_svc,2,0.18302289022918342,42,0.18295019278546595,MAP_PMU,71,7.269744371746212e-05
2,UPFC_Vsh,5-15,1.1087418250271694,42,1.1082410611427627,MAP_PMU,71,0.0005007638844067852
3,UPFC_tsh,5-15,-0.23224341211556582,42,-0.23218607058732396,MAP_PMU,71,5.7341528241855455e-05
4,UPFC_Vse,5-15,0.06253606586057077,42,0.061824962390014566,MAP_PMU,71,0.0007111034705562028
5,UPFC_tse,5-15,-2.176552987483223,42,-2.1562100234144017,MAP_PMU,71,0.02034296406882108
0,x_tcsc,1-14,-0.11160827472033896,43,-0.11129447036771614,MAP_PMU,71,0.0003138043526228207
1,B_svc,2,0.18299127623511746,43,0.18295019278546595,MAP_PMU,71,4.1083449651507786e-05
2,UPFC_Vsh,5-15,1.1088723102454,43,1.1082410611427627,MAP_PMU,71,0.0006312491026372324
3,UPFC_tsh,5-15,-0.23230319348325185,43,-0.23218607058732396,MAP_PMU,71,0.00011712289592788472
4,UPFC_Vse,5-15,0.06328282903280921,43,0.061824962390014566,MAP_PMU,71,0.001457866642794646
5,UPFC_tse,5-15,-2.1889306151705656,43,-2.1562100234144017,MAP_PMU,71,0.03272059175616393
0,x_tcsc,1-14,-0.11167307918675813,44,-0.11129447036771614,MAP_PMU,71,0.0003786088190419895
1,B_svc,2,0.18356908984102113,44,0.18295019278546595,MAP_PMU,71,0.0006188970555551787
2,UPFC_Vsh,5-15,1.1085067626431877,44,1.1082410611427627,MAP_PMU,71,0.0002657015004250418
3,UPFC_tsh,5-15,-0.2322783017196237,44,-0.23218607058732396,MAP_PMU,71,9.22311322997249e-05
4,UPFC_Vse,5-15,0.0635215797097814,44,0.061824962390014566,MAP_PMU,71,0.0016966173197668286
5,UPFC_tse,5-15,-2.1708419111830377,44,-2.1562100234144017,MAP_PMU,71,0.014631887768635998
0,x_tcsc,1-14,-0.11161331536651979,45,-0.11129447036771614,MAP_PMU,71,0.0003188449988036496
1,B_svc,2,0.183336879018983,45,0.18295019278546595,MAP_PMU,71,0.00038668623351703624
2,UPFC_Vsh,5-15,1.1087568707300601,45,1.1082410611427627,MAP_PMU,71,0.0005158095872974666
3,UPFC_tsh,5-15,-0.23231268595898488,45,-0.23218607058732396,MAP_PMU,71,0.00012661537166092085
4,UPFC_Vse,5-15,0.06318766297526883,45,0.061824962390014566,MAP_PMU,71,0.0013627005852542631
5,UPFC_tse,5-15,-2.1833029308873493,45,-2.1562100234144017,MAP_PMU,71,0.02709290747294757
0,x_tcsc,1-14,-0.11162223560761328,46,-0.11129447036771614,MAP_PMU,71,0.00032776523989713757
1,B_svc,2,0.18310342881335331,46,0.18295019278546595,MAP_PMU,71,0.00015323602788736013
2,UPFC_Vsh,5-15,1.1086015808273462,46,1.1082410611427627,MAP_PMU,71,0.0003605196845835046
3,UPFC_tsh,5-15,-0.2322937647531447,46,-0.23218607058732396,MAP_PMU,71,0.00010769416582073754
4,UPFC_Vse,5-15,0.06285932479360319,46,0.061824962390014566,MAP_PMU,71,0.0010343624035886248
5,UPFC_tse,5-15,-2.171173991428989,46,-2.1562100234144017,MAP_PMU,71,0.014963968014587437
0,x_tcsc,1-14,-0.11158740862597585,47,-0.11129447036771614,MAP_PMU,71,0.00029293825825971176
1,B_svc,2,0.1827741483439933,47,0.18295019278546595,MAP_PMU,71,0.0001760444414726503
2,UPFC_Vsh,5-15,1.1091822809957648,47,1.1082410611427627,MAP_PMU,71,0.0009412198530021065
3,UPFC_tsh,5-15,-0.23228424235536818,47,-0.23218607058732396,MAP_PMU,71,9.817176804421957e-05
4,UPFC_Vse,5-15,0.06258433053564612,47,0.061824962390014566,MAP_PMU,71,0.0007593681456315518
5,UPFC_tse,5-15,-2.177430475671114,47,-2.1562100234144017,MAP_PMU,71,0.021220452256712097
0,x_tcsc,1-14,-0.11153029807548803,48,-0.11129447036771614,MAP_PMU,71,0.00023582770777189066
1,B_svc,2,0.18302114978008785,48,0.18295019278546595,MAP_PMU,71,7.095699462189575e-05
2,UPFC_Vsh,5-15,1.10881969557588,48,1.1082410611427627,MAP_PMU,71,0.0005786344331173421
3,UPFC_tsh,5-15,-0.23224187505341096,48,-0.23218607058732396,MAP_PMU,71,5.5804466086994964e-05
4,UPFC_Vse,5-15,0.06239916165322535,48,0.061824962390014566,MAP_PMU,71,0.000574199263210784
5,UPFC_tse,5-15,-2.1732516064099348,48,-2.1562100234144017,MAP_PMU,71,0.017041582995533044
0,x_tcsc,1-14,-0.11164127313563567,49,-0.11129447036771614,MAP_PMU,71,0.0003468027679195268
1,B_svc,2,0.1836800155789149,49,0.18295019278546595,MAP_PMU,71,0.0007298227934489365
2,UPFC_Vsh,5-15,1.1080612160330074,49,1.1082410611427627,MAP_PMU,71,0.00017984510975521673
3,UPFC_tsh,5-15,-0.2323945510043593,49,-0.23218607058732396,MAP_PMU,71,0.00020848041703533382
4,UPFC_Vse,5-15,0.06295184956747323,49,0.061824962390014566,MAP_PMU,71,0.001126887177458659
5,UPFC_tse,5-15,-2.1919520314575007,49,-2.1562100234144017,MAP_PMU,71,0.035742008043099016
0,x_tcsc,1-14,-0.11165141769680142,50,-0.11129447036771614,MAP_PMU,71,0.00035694732908528315
1,B_svc,2,0.18295937796964964,50,0.18295019278546595,MAP_PMU,71,9.185184183690964e-06
2,UPFC_Vsh,5-15,1.1080103099276375,50,1.1082410611427627,MAP_PMU,71,0.00023075121512516894
3,UPFC_tsh,5-15,-0.23231735956453478,50,-0.23218607058732396,MAP_PMU,71,0.00013128897721081945
4,UPFC_Vse,5-15,0.06320136011318607,50,0.061824962390014566,MAP_PMU,71,0.0013763977231715033
5,UPFC_tse,5-15,-2.18064870886053,50,-2.1562100234144017,MAP_PMU,71,0.02443868544612826
0,x_tcsc,1-14,-0.1116159508966524,51,-0.11129447036771614,MAP_PMU,71,0.0003214805289362549
1,B_svc,2,0.18318823298668788,51,0.18295019278546595,MAP_PMU,71,0.00023804020122192293
2,UPFC_Vsh,5-15,1.1087604809384204,51,1.1082410611427627,MAP_PMU,71,0.0005194197956577273
3,UPFC_tsh,5-15,-0.23227836873621682,51,-0.23218607058732396,MAP_PMU,71,9.229814889286092e-05
4,UPFC_Vse,5-15,0.06308570049850105,51,0.061824962390014566,MAP_PMU,71,0.001260738108486488
5,UPFC_tse,5-15,-2.1801397138247394,51,-2.1562100234144017,MAP_PMU,71,0.023929690410337656
0,x_tcsc,1-14,-0.1116178167584829,52,-0.11129447036771614,MAP_PMU,71,0.0003233463907667544
1,B_svc,2,0.18355835546724683,52,0.18295019278546595,MAP_PMU,71,0.0006081626817808772
2,UPFC_Vsh,5-15,1.108821077575429,52,1.1082410611427627,MAP_PMU,71,0.0005800164326663637
3,UPFC_tsh,5-15,-0.23228794919978887,52,-0.23218607058732396,MAP_PMU,71,0.00010187861246491181
4,UPFC_Vse,5-15,0.06315315951781392,52,0.061824962390014566,MAP_PMU,71,0.0013281971277993507
5,UPFC_tse,5-15,-2.176160096085485,52,-2.1562100234144017,MAP_PMU,71,0.019950072671083507
0,x_tcsc,1-14,-0.1116889456813386,53,-0.11129447036771614,MAP_PMU,71,0.0003944753136224527
1,B_svc,2,0.18301496191334815,53,0.18295019278546595,MAP_PMU,71,6.476912788219713e-05
2,UPFC_Vsh,5-15,1.108892821437444,53,1.1082410611427627,MAP_PMU,71,0.0006517602946813916
3,UPFC_tsh,5-15,-0.23229976150352377,53,-0.23218607058732396,MAP_PMU,71,0.00011369091619981009
4,UPFC_Vse,5-15,0.0627066174757396,53,0.061824962390014566,MAP_PMU,71,0.0008816550857250402
5,UPFC_tse,5-15,-2.1763856509732737,53,-2.1562100234144017,MAP_PMU,71,0.020175627558872034
0,x_tcsc,1-14,-0.11158799829001116,54,-0.11129447036771614,MAP_PMU,71,0.0002935279222950199
1,B_svc,2,0.1833476782186484,54,0.18295019278546595,MAP_PMU,71,0.00039748543318243734
2,UPFC_Vsh,5-15,1.1084070647396629,54,1.1082410611427627,MAP_PMU,71,0.0001660035969002216
3,UPFC_tsh,5-15,-0.23231913365094378,54,-0.23218607058732396,MAP_PMU,71,0.00013306306361982045
4,UPFC_Vse,5-15,0.06337787091781683,54,0.061824962390014566,MAP_PMU,71,0.001552908527802259
5,UPFC_tse,5-15,-2.1842621312508816,54,-2.1562100234144017,MAP_PMU,71,0.028052107836479934
0,x_tcsc,1-14,-0.11160334312523522,55,-0.11129447036771614,MAP_PMU,71,0.00030887275751907695
1,B_svc,2,0.18360767998365674,55,0.18295019278546595,MAP_PMU,71,0.0006574871981907815
2,UPFC_Vsh,5-15,1.1090416999047965,55,1.1082410611427627,MAP_PMU,71,0.0008006387620338451
3,UPFC_tsh,5-15,-0.2322439799750872,55,-0.23218607058732396,MAP_PMU,71,5.790938776323307e-05
4,UPFC_Vse,5-15,0.06320054021533497,55,0.061824962390014566,MAP_PMU,71,0.0013755778253204051
5,UPFC_tse,5-15,-2.1726399866791297,55,-2.1562100234144017,MAP_PMU,71,0.01642996326472801
0,x_tcsc,1-14,-0.11151459242514378,56,-0.11129447036771614,MAP_PMU,71,0.00022012205742763524
1,B_svc,2,0.183459407511523,56,0.18295019278546595,MAP_PMU,71,0.0005092147260570556
2,UPFC_Vsh,5-15,1.108569827820791,56,1.1082410611427627,MAP_PMU,71,0.0003287666780282805
3,UPFC_tsh,5-15,-0.232184482353532,56,-0.23218607058732396,MAP_PMU,71,1.5882337919548295e-06
4,UPFC_Vse,5-15,0.062330133527040005,56,0.061824962390014566,MAP_PMU,71,0.0005051711370254383
5,UPFC_tse,5-15,-2.173952505249242,56,-2.1562100234144017,MAP_PMU,71,0.017742481834840174
0,x_tcsc,1-14,-0.11161836485667619,57,-0.11129447036771614,MAP_PMU,71,0.00032389448896004425
1,B_svc,2,0.18345030967949316,57,0.18295019278546595,MAP_PMU,71,0.0005001168940272083
2,UPFC_Vsh,5-15,1.1085823756666102,57,1.1082410611427627,MAP_PMU,71,0.0003413145238475579
3,UPFC_tsh,5-15,-0.2322281851877978,57,-0.23218607058732396,MAP_PMU,71,4.2114600473847075e-05
4,UPFC_Vse,5-15,0.0626160713852903,57,0.061824962390014566,MAP_PMU,71,0.0007911089952757286
5,UPFC_tse,5-15,-2.1842126654426783,57,-2.1562100234144017,MAP_PMU,71,0.028002642028276625
0,x_tcsc,1-14,-0.11154069614850255,58,-0.11129447036771614,MAP_PMU,71,0.00024622578078641044
1,B_svc,2,0.18300522721751916,58,0.18295019278546595,MAP_PMU,71,5.5034432053208127e-05
2,UPFC_Vsh,5-15,1.1087206904371705,58,1.1082410611427627,MAP_PMU,71,0.0004796292944078129
3,UPFC_tsh,5-15,-0.23221133774514408,58,-0.23218607058732396,MAP_PMU,71,2.5267157820113573e-05
4,UPFC_Vse,5-15,0.06287106736308379,58,0.061824962390014566,MAP_PMU,71,0.0010461049730692215
5,UPFC_tse,5-15,-2.1734910142387625,58,-2.1562100234144017,MAP_PMU,71,0.017280990824360742
0,x_tcsc,1-14,-0.11151492806672396,59,-0.11129447036771614,MAP_PMU,71,0.0002204576990078172
1,B_svc,2,0.18286818859052228,59,0.18295019278546595,MAP_PMU,71,8.200419494366895e-05
2,UPFC_Vsh,5-15,1.1089344984818865,59,1.1082410611427627,MAP_PMU,71,0.0006934373391238591
3,UPFC_tsh,5-15,-0.23220234247782817,59,-0.23218607058732396,MAP_PMU,71,1.6271890504210296e-05
4,UPFC_Vse,5-15,0.06273445260879935,59,0.061824962390014566,MAP_PMU,71,0.0009094902187847878
5,UPFC_tse,5-15,-2.1754783029561455,59,-2.1562100234144017,MAP_PMU,71,0.019268279541743816
0,x_tcsc,1-14,-0.11162614177308401,60,-0.11129447036771614,MAP_PMU,71,0.0003316714053678699
1,B_svc,2,0.18362868955941866,60,0.18295019278546595,MAP_PMU,71,0.0006784967739527081
2,UPFC_Vsh,5-15,1.1085917796510991,60,1.1082410611427627,MAP_PMU,71,0.0003507185083364561
3,UPFC_tsh,5-15,-0.23225153767361434,60,-0.23218607058732396,MAP_PMU,71,6.546708629037723e-05
4,UPFC_Vse,5-15,0.06255854035717363,60,0.061824962390014566,MAP_PMU,71,0.0007335779671590673
5,UPFC_tse,5-15,-2.182504963729364,60,-2.1562100234144017,MAP_PMU,71,0.02629494031496238
0,x_tcsc,1-14,-0.111551140594111,61,-0.11129447036771614,MAP_PMU,71,0.0002566702263948617
1,B_svc,2,0.18301106264553366,61,0.18295019278546595,MAP_PMU,71,6.0869860067702675e-05
2,UPFC_Vsh,5-15,1.1084861968928184,61,1.1082410611427627,MAP_PMU,71,0.00024513575005569166
3,UPFC_tsh,5-15,-0.23227254707753509,61,-0.23218607058732396,MAP_PMU,71,8.647649021112369e-05
4,UPFC_Vse,5-15,0.06320869005257931,61,0.061824962390014566,MAP_PMU,71,0.0013837276625647474
5,UPFC_tse,5-15,-2.1823839341745197,61,-2.1562100234144017,MAP_PMU,71,0.02617391076011799
0,x_tcsc,1-14,-0.1116639570181929,62,-0.11129447036771614,MAP_PMU,71,0.000369486650476758
1,B_svc,2,0.18285948563521498,62,0.18295019278546595,MAP_PMU,71,9.070715025097376e-05
2,UPFC_Vsh,5-15,1.108824760398942,62,1.1082410611427627,MAP_PMU,71,0.0005836992561794041
3,UPFC_tsh,5-15,-0.2322233152466857,62,-0.23218607058732396,MAP_PMU,71,3.7244659361751475e-05
4,UPFC_Vse,5-15,0.06245984576662107,62,0.061824962390014566,MAP_PMU,71,0.0006348833766065057
5,UPFC_tse,5-15,-2.1812010015959347,62,-2.1562100234144017,MAP_PMU,71,0.024990978181532952
0,x_tcsc,1-14,-0.11157383943873264,63,-0.11129447036771614,MAP_PMU,71,0.00027936907101649977
1,B_svc,2,0.18271454979286114,63,0.18295019278546595,MAP_PMU,71,0.00023564299260481203
2,UPFC_Vsh,5-15,1.1088732471343876,63,1.1082410611427627,MAP_PMU,71,0.0006321859916249561
3,UPFC_tsh,5-15,-0.2322633245722678,63,-0.23218607058732396,MAP_PMU,71,7.725398494384805e-05
4,UPFC_Vse,5-15,0.0623743522386153,63,0.061824962390014566,MAP_PMU,71,0.0005493898486007356
5,UPFC_tse,5-15,-2.1748877708181737,63,-2.1562100234144017,MAP_PMU,71,0.018677747403772038
0,x_tcsc,1-14,-0.11176759465411117,64,-0.11129447036771614,MAP_PMU,71,0.00047312428639502413
1,B_svc,2,0.18310956289957636,64,0.18295019278546595,MAP_PMU,71,0.00015937011411040758
2,UPFC_Vsh,5-15,1.1083756348503406,64,1.1082410611427627,MAP_PMU,71,0.00013457370757796738
3,UPFC_tsh,5-15,-0.232266402299063,64,-0.23218607058732396,MAP_PMU,71,8.033171173904563e-05
4,UPFC_Vse,5-15,0.06270679366123154,64,0.061824962390014566,MAP_PMU,71,0.0008818312712169721
5,UPFC_tse,5-15,-2.1822139638707037,64,-2.1562100234144017,MAP_PMU,71,0.026003940456301944
0,x_tcsc,1-14,-0.11159697843600701,65,-0.11129447036771614,MAP_PMU,71,0.00030250806829086596
1,B_svc,2,0.1834814915818539,65,0.18295019278546595,MAP_PMU,71,0.0005312987963879412
2,UPFC_Vsh,5-15,1.1088333684352816,65,1.1082410611427627,MAP_PMU,71,0.0005923072925189121
3,UPFC_tsh,5-15,-0.2322189363575943,65,-0.23218607058732396,MAP_PMU,71,3.2865770270340544e-05
4,UPFC_Vse,5-15,0.0626614060441297,65,0.061824962390014566,MAP_PMU,71,0.0008364436541151363
5,UPFC_tse,5-15,-2.179415989490692,65,-2.1562100234144017,MAP_PMU,71,0.02320596607629044
0,x_tcsc,1-14,-0.11164932447522889,66,-0.11129447036771614,MAP_PMU,71,0.00035485410751275037
1,B_svc,2,0.1833707655608569,66,0.18295019278546595,MAP_PMU,71,0.00042057277539095383
2,UPFC_Vsh,5-15,1.108221435546645,66,1.1082410611427627,MAP_PMU,71,1.9625596117567312e-05
3,UPFC_tsh,5-15,-0.23226412033877972,66,-0.23218607058732396,MAP_PMU,71,7.804975145575543e-05
4,UPFC_Vse,5-15,0.06301498007596848,66,0.061824962390014566,MAP_PMU,71,0.0011900176859539133
5,UPFC_tse,5-15,-2.1844860050831447,66,-2.1562100234144017,MAP_PMU,71,0.02827598166874301
0,x_tcsc,1-14,-0.11160924499665624,67,-0.11129447036771614,MAP_PMU,71,0.0003147746289400982
1,B_svc,2,0.1832504372917248,67,0.18295019278546595,MAP_PMU,71,0.00030024450625884547
2,UPFC_Vsh,5-15,1.1086301534694523,67,1.1082410611427627,MAP_PMU,71,0.0003890923266895996
3,UPFC_tsh,5-15,-0.23230242439331927,67,-0.23218607058732396,MAP_PMU,71,0.00011635380599531175
4,UPFC_Vse,5-15,0.06295644005679688,67,0.061824962390014566,MAP_PMU,71,0.0011314776667823087
5,UPFC_tse,5-15,-2.1799906416219486,67,-2.1562100234144017,MAP_PMU,71,0.023780618207546844
0,x_tcsc,1-14,-0.11167815840362234,68,-0.11129447036771614,MAP_PMU,71,0.0003836880359062017
1,B_svc,2,0.18335016767579082,68,0.18295019278546595,MAP_PMU,71,0.00039997489032486677
2,UPFC_Vsh,5-15,1.1087595836756003,68,1.1082410611427627,MAP_PMU,71,0.0005185225328376841
3,UPFC_tsh,5-15,-0.23213582380090264,68,-0.23218607058732396,MAP_PMU,71,5.0246786421320744e-05
4,UPFC_Vse,5-15,0.06212484814464712,68,0.061824962390014566,MAP_PMU,71,0.00029988575463255063
5,UPFC_tse,5-15,-2.1787462278466343,68,-2.1562100234144017,MAP_PMU,71,0.022536204432232587
0,x_tcsc,1-14,-0.11165035683778081,69,-0.11129447036771614,MAP_PMU,71,0.00035588647006466745
1,B_svc,2,0.18307719914939627,69,0.18295019278546595,MAP_PMU,71,0.0001270063639303154
2,UPFC_Vsh,5-15,1.1083502780100736,69,1.1082410611427627,MAP_PMU,71,0.00010921686731091285
3,UPFC_tsh,5-15,-0.23226705936687078,69,-0.23218607058732396,MAP_PMU,71,8.098877954682004e-05
4,UPFC_Vse,5-15,0.06237274065433501,69,0.061824962390014566,MAP_PMU,71,0.0005477782643204462
5,UPFC_tse,5-15,-2.1884908454455116,69,-2.1562100234144017,MAP_PMU,71,0.032280822031109935
0,x_tcsc,1-14,-0.11170440399658552,70,-0.11129447036771614,MAP_PMU,71,0.00040993362886937446
1,B_svc,2,0.1827796644435944,70,0.18295019278546595,MAP_PMU,71,0.00017052834187156196
2,UPFC_Vsh,5-15,1.1084849078126522,70,1.1082410611427627,MAP_PMU,71,0.00024384666988952475
3,UPFC_tsh,5-15,-0.23222420276189856,70,-0.23218607058732396,MAP_PMU,71,3.813217457460105e-05
4,UPFC_Vse,5-15,0.0625169677495652,70,0.061824962390014566,MAP_PMU,71,0.0006920053595506279
5,UPFC_tse,5-15,-2.1774750067600923,70,-2.1562100234144017,MAP_PMU,71,0.021264983345690602
0,x_tcsc,1-14,-0.11153174554796352,71,-0.11129447036771614,MAP_PMU,71,0.0002372751802473816
1,B_svc,2,0.1831574148024221,71,0.18295019278546595,MAP_PMU,71,0.00020722201695613784
2,UPFC_Vsh,5-15,1.1089731799925704,71,1.1082410611427627,MAP_PMU,71,0.000732118849807728
3,UPFC_tsh,5-15,-0.2322867084181809,71,-0.23218607058732396,MAP_PMU,71,0.00010063783085692557
4,UPFC_Vse,5-15,0.06318649835577612,71,0.061824962390014566,MAP_PMU,71,0.001361535965761558
5,UPFC_tse,5-15,-2.169695977664985,71,-2.1562100234144017,MAP_PMU,71,0.013485954250583188
0,x_tcsc,1-14,-0.11164799271562285,72,-0.11129447036771614,MAP_PMU,71,0.00035352234790671233
1,B_svc,2,0.18277786887497857,72,0.18295019278546595,MAP_PMU,71,0.00017232391048738194
2,UPFC_Vsh,5-15,1.1091784715776989,72,1.1082410611427627,MAP_PMU,71,0.0009374104349362256
3,UPFC_tsh,5-15,-0.23222886511871246,72,-0.23218607058732396,MAP_PMU,71,4.279453138850142e-05
4,UPFC_Vse,5-15,0.06252466670714954,72,0.061824962390014566,MAP_PMU,71,0.0006997043171349734
5,UPFC_tse,5-15,-2.169209224746166,72,-2.1562100234144017,MAP_PMU,71,0.012999201331764354
0,x_tcsc,1-14,-0.11166045254937046,73,-0.11129447036771614,MAP_PMU,71,0.0003659821816543174
1,B_svc,2,0.18356435603602542,73,0.18295019278546595,MAP_PMU,71,0.000614163250559463
2,UPFC_Vsh,5-15,1.1092902687907864,73,1.1082410611427627,MAP_PMU,71,0.0010492076480237422
3,UPFC_tsh,5-15,-0.23221179718696958,73,-0.23218607058732396,MAP_PMU,71,2.5726599645614634e-05
4,UPFC_Vse,5-15,0.06266920611288589,73,0.061824962390014566,MAP_PMU,71,0.0008442437228713198
5,UPFC_tse,5-15,-2.1712111808293924,73,-2.1562100234144017,MAP_PMU,71,0.01500115741499064
0,x_tcsc,1-14,-0.11152502370295479,74,-0.11129447036771614,MAP_PMU,71,0.00023055333523865074
1,B_svc,2,0.18355628960663398,74,0.18295019278546595,MAP_PMU,71,0.0006060968211680229
2,UPFC_Vsh,5-15,1.1083452604362576,74,1.1082410611427627,MAP_PMU,71,0.00010419929349492207
3,UPFC_tsh,5-15,-0.2322803329782809,74,-0.23218607058732396,MAP_PMU,71,9.426239095694511e-05
4,UPFC_Vse,5-15,0.06259847004817594,74,0.061824962390014566,MAP_PMU,71,0.0007735076581613723
5,UPFC_tse,5-15,-2.176819822639863,74,-2.1562100234144017,MAP_PMU,71,0.020609799225461245
0,x_tcsc,1-14,-0.1116626929526027,75,-0.11129447036771614,MAP_PMU,71,0.00036822258488655724
1,B_svc,2,0.18348356610984606,75,0.18295019278546595,MAP_PMU,71,0.0005333733243801098
2,UPFC_Vsh,5-15,1.1086495191800014,75,1.1082410611427627,MAP_PMU,71,0.00040845803723876806
3,UPFC_tsh,5-15,-0.23233588658098897,75,-0.23218607058732396,MAP_PMU,71,0.00014981599366500897
4,UPFC_Vse,5-15,0.06302233431761596,75,0.061824962390014566,MAP_PMU,71,0.0011973719276013942
5,UPFC_tse,5-15,-2.1863579068904757,75,-2.1562100234144017,MAP_PMU,71,0.030147883476074
0,x_tcsc,1-14,-0.11164714710341983,76,-0.11129447036771614,MAP_PMU,71,0.0003526767357036886
1,B_svc,2,0.18383474683601214,76,0.18295019278546595,MAP_PMU,71,0.000884554050546188
2,UPFC_Vsh,5-15,1.1087515824202094,76,1.1082410611427627,MAP_PMU,71,0.0005105212774467738
3,UPFC_tsh,5-15,-0.2322554919976448,76,-0.23218607058732396,MAP_PMU,71,6.942141032084681e-05
4,UPFC_Vse,5-15,0.062439612410869205,76,0.061824962390014566,MAP_PMU,71,0.0006146500208546388
5,UPFC_tse,5-15,-2.169399403137427,76,-2.1562100234144017,MAP_PMU,71,0.01318937972302514
0,x_tcsc,1-14,-0.11165239796730626,77,-0.11129447036771614,MAP_PMU,71,0.00035792759959012155
1,B_svc,2,0.18278454566688546,77,0.18295019278546595,MAP_PMU,71,0.00016564711858049752
2,UPFC_Vsh,5-15,1.1088122430885454,77,1.1082410611427627,MAP_PMU,71,0.0005711819457827616
3,UPFC_tsh,5-15,-0.23223371773603035,77,-0.23218607058732396,MAP_PMU,71,4.7647148706392306e-05
4,UPFC_Vse,5-15,0.06315821577101803,77,0.061824962390014566,MAP_PMU,71,0.0013332533810034644
5,UPFC_tse,5-15,-2.179676269099262,77,-2.1562100234144017,MAP_PMU,71,0.023466245684860443
0,x_tcsc,1-14,-0.1117471342651418,78,-0.11129447036771614,MAP_PMU,71,0.0004526638974256536
1,B_svc,2,0.18292178229143413,78,0.18295019278546595,MAP_PMU,71,2.8410494031821942e-05
2,UPFC_Vsh,5-15,1.1083725409161682,78,1.1082410611427627,MAP_PMU,71,0.00013147977340555173
3,UPFC_tsh,5-15,-0.23234276463970108,78,-0.23218607058732396,MAP_PMU,71,0.00015669405237711542
4,UPFC_Vse,5-15,0.06331426317140884,78,0.061824962390014566,MAP_PMU,71,0.0014893007813942746
5,UPFC_tse,5-15,-2.184585653071743,78,-2.1562100234144017,MAP_PMU,71,0.028375629657341417
0,x_tcsc,1-14,-0.11169730880827322,79,-0.11129447036771614,MAP_PMU,71,0.0004028384405570795
1,B_svc,2,0.18350846499011136,79,0.18295019278546595,MAP_PMU,71,0.0005582722046454103
2,UPFC_Vsh,5-15,1.108413529902131,79,1.1082410611427627,MAP_PMU,71,0.00017246875936827166
3,UPFC_tsh,5-15,-0.23230131052126715,79,-0.23218607058732396,MAP_PMU,71,0.00011523993394318977
4,UPFC_Vse,5-15,0.06240585391857967,79,0.061824962390014566,MAP_PMU,71,0.0005808915285651015
5,UPFC_tse,5-15,-2.1806284464842354,79,-2.1562100234144017,MAP_PMU,71,0.02441842306983366
0,x_tcsc,1-14,-0.1116269385426474,80,-0.11129447036771614,MAP_PMU,71,0.00033246817493125247
1,B_svc,2,0.18354692625502572,80,0.18295019278546595,MAP_PMU,71,0.0005967334695597681
2,UPFC_Vsh,5-15,1.1089432774059729,80,1.1082410611427627,MAP_PMU,71,0.0007022162632102091
3,UPFC_tsh,5-15,-0.2323044841358073,80,-0.23218607058732396,MAP_PMU,71,0.00011841354848332597
4,UPFC_Vse,5-15,0.06293602862469921,80,0.061824962390014566,MAP_PMU,71,0.0011110662346846475
5,UPFC_tse,5-15,-2.1906971450160997,80,-2.1562100234144017,MAP_PMU,71,0.03448712160169798
0,x_tcsc,1-14,-0.11161980290728662,81,-0.11129447036771614,MAP_PMU,71,0.00032533253957048314
1,B_svc,2,0.1832932163037989,81,0.18295019278546595,MAP_PMU,71,0.00034302351833295774
2,UPFC_Vsh,5-15,1.108539232606356,81,1.1082410611427627,MAP_PMU,71,0.0002981714635932331
3,UPFC_tsh,5-15,-0.23221105747932666,81,-0.23218607058732396,MAP_PMU,71,2.4986892002698546e-05
4,UPFC_Vse,5-15,0.06214112342416589,81,0.061824962390014566,MAP_PMU,71,0.00031616103415132296
5,UPFC_tse,5-15,-2.1811028320340036,81,-2.1562100234144017,MAP_PMU,71,0.02489280861960186
0,x_tcsc,1-14,-0.11155963211505249,82,-0.11129447036771614,MAP_PMU,71,0.00026516174733634545
1,B_svc,2,0.18352909672985815,82,0.18295019278546595,MAP_PMU,71,0.0005789039443921951
2,UPFC_Vsh,5-15,1.1086784729920205,82,1.1082410611427627,MAP_PMU,71,0.0004374118492578294
3,UPFC_tsh,5-15,-0.23233371292957966,82,-0.23218607058732396,MAP_PMU,71,0.0001476423422556994
4,UPFC_Vse,5-15,0.06325346125972724,82,0.061824962390014566,MAP_PMU,71,0.0014284988697126702
5,UPFC_tse,5-15,-2.1735864485130656,82,-2.1562100234144017,MAP_PMU,71,0.017376425098663884
0,x_tcsc,1-14,-0.111547201298093,83,-0.11129447036771614,MAP_PMU,71,0.00025273093037685157
1,B_svc,2,0.18370935834529753,83,0.18295019278546595,MAP_PMU,71,0.0007591655598315761
2,UPFC_Vsh,5-15,1.10914149919055,83,1.1082410611427627,MAP_PMU,71,0.0009004380477872775
3,UPFC_tsh,5-15,-0.23224347528604436,83,-0.23218607058732396,MAP_PMU,71,5.7404698720397995e-05
4,UPFC_Vse,5-15,0.06248205119649729,83,0.061824962390014566,MAP_PMU,71,0.000657088806482721
5,UPFC_tse,5-15,-2.167894652344563,83,-2.1562100234144017,MAP_PMU,71,0.01168462893016109
0,x_tcsc,1-14,-0.11165844021614386,84,-0.11129447036771614,MAP_PMU,71,0.0003639698484277226
1,B_svc,2,0.18306763898313685,84,0.18295019278546595,MAP_PMU,71,0.0001174461976709007
2,UPFC_Vsh,5-15,1.1088631962477957,84,1.1082410611427627,MAP_PMU,71,0.0006221351050330615
3,UPFC_tsh,5-15,-0.23227181978334233,84,-0.23218607058732396,MAP_PMU,71,8.574919601836428e-05
4,UPFC_Vse,5-15,0.062993139996613,84,0.061824962390014566,MAP_PMU,71,0.0011681776065984376
5,UPFC_tse,5-15,-2.180741054542111,84,-2.1562100234144017,MAP_PMU,71,0.02453103112770938
0,x_tcsc,1-14,-0.11170460641743188,85,-0.11129447036771614,MAP_PMU,71,0.0004101360497157369
1,B_svc,2,0.1834825607480694,85,0.18295019278546595,MAP_PMU,71,0.0005323679626034472
2,UPFC_Vsh,5-15,1.1085195179462413,85,1.1082410611427627,MAP_PMU,71,0.00027845680347859947
3,UPFC_tsh,5-15,-0.2322311060855378,85,-0.23218607058732396,MAP_PMU,71,4.503549821383013e-05
4,UPFC_Vse,5-15,0.06244685781421912,85,0.061824962390014566,MAP_PMU,71,0.0006218954242045507
5,UPFC_tse,5-15,-2.1794383361531966,85,-2.1562100234144017,MAP_PMU,71,0.023228312738794887
0,x_tcsc,1-14,-0.11159137528646326,86,-0.11129447036771614,MAP_PMU,71,0.00029690491874712066
1,B_svc,2,0.18339622739523523,86,0.18295019278546595,MAP_PMU,71,0.00044603460976927467
2,UPFC_Vsh,5-15,1.1091451376447388,86,1.1082410611427627,MAP_PMU,71,0.0009040765019761032
3,UPFC_tsh,5-15,-0.23219168630214768,86,-0.23218607058732396,MAP_PMU,71,5.61571482371459e-06
4,UPFC_Vse,5-15,0.06214835100694088,86,0.061824962390014566,MAP_PMU,71,0.00032338861692631643
5,UPFC_tse,5-15,-2.1745066560475834,86,-2.1562100234144017,MAP_PMU,71,0.01829663263318171
0,x_tcsc,1-14,-0.11166543730290994,87,-0.11129447036771614,MAP_PMU,71,0.00037096693519379775
1,B_svc,2,0.18318095531696144,87,0.18295019278546595,MAP_PMU,71,0.00023076253149548198
2,UPFC_Vsh,5-15,1.10844433671741,87,1.1082410611427627,MAP_PMU,71,0.00020327557464727697
3,UPFC_tsh,5-15,-0.23233300680296548,87,-0.23218607058732396,MAP_PMU,71,0.00014693621564151882
4,UPFC_Vse,5-15,0.06335516525447583,87,0.061824962390014566,MAP_PMU,71,0.0015302028644612678
5,UPFC_tse,5-15,-2.1874638339574832,87,-2.1562100234144017,MAP_PMU,71,0.03125381054308152
0,x_tcsc,1-14,-0.11155059058909966,88,-0.11129447036771614,MAP_PMU,71,0.0002561202213835212
1,B_svc,2,0.18348375474514805,88,0.18295019278546595,MAP_PMU,71,0.0005335619596820995
2,UPFC_Vsh,5-15,1.1085336454373511,88,1.1082410611427627,MAP_PMU,71,0.00029258429458844937
3,UPFC_tsh,5-15,-0.23219654495085443,88,-0.23218607058732396,MAP_PMU,71,1.0474363530466047e-05
4,UPFC_Vse,5-15,0.06229184707263345,88,0.061824962390014566,MAP_PMU,71,0.00046688468261888577
5,UPFC_tse,5-15,-2.1790392146660027,88,-2.1562100234144017,MAP_PMU,71,0.02282919125160099
0,x_tcsc,1-14,-0.11169605875916,89,-0.11129447036771614,MAP_PMU,71,0.00040158839144385783
1,B_svc,2,0.18301528642244416,89,0.18295019278546595,MAP_PMU,71,6.509363697820847e-05
2,UPFC_Vsh,5-15,1.1086165656523763,89,1.1082410611427627,MAP_PMU,71,0.00037550450961365556
3,UPFC_tsh,5-15,-0.23222575401143844,89,-0.23218607058732396,MAP_PMU,71,3.968342411447834e-05
4,UPFC_Vse,5-15,0.06238308789342424,89,0.061824962390014566,MAP_PMU,71,0.0005581255034096747
5,UPFC_tse,5-15,-2.181014173649604,89,-2.1562100234144017,MAP_PMU,71,0.024804150235202105
0,x_tcsc,1-14,-0.11153046415707543,90,-0.11129447036771614,MAP_PMU,71,0.00023599378935929005
1,B_svc,2,0.18302875509623107,90,0.18295019278546595,MAP_PMU,71,7.856231076511233e-05
2,UPFC_Vsh,5-15,1.1086929302688138,90,1.1082410611427627,MAP_PMU,71,0.00045186912605110763
3,UPFC_tsh,5-15,-0.2323693835826634,90,-0.23218607058732396,MAP_PMU,71,0.0001833129953394408
4,UPFC_Vse,5-15,0.06290832096877823,90,0.061824962390014566,MAP_PMU,71,0.0010833585787636615
5,UPFC_tse,5-15,-2.1853960025206405,90,-2.1562100234144017,MAP_PMU,71,0.02918597910623877
0,x_tcsc,1-14,-0.11166254607414604,91,-0.11129447036771614,MAP_PMU,71,0.0003680757064298962
1,B_svc,2,0.18365963525564122,91,0.18295019278546595,MAP_PMU,71,0.0007094424701752644
2,UPFC_Vsh,5-15,1.1085570772236555,91,1.1082410611427627,MAP_PMU,71,0.0003160160808928225
3,UPFC_tsh,5-15,-0.2323162186784864,91,-0.23218607058732396,MAP_PMU,71,0.0001301480911624353
4,UPFC_Vse,5-15,0.06313971001971276,91,0.061824962390014566,MAP_PMU,71,0.0013147476296981944
5,UPFC_tse,5-15,-2.1842406123697757,91,-2.1562100234144017,MAP_PMU,71,0.028030588955374025
0,x_tcsc,1-14,-0.1115381829616845,92,-0.11129447036771614,MAP_PMU,71,0.00024371259396835376
1,B_svc,2,0.18335502157833997,92,0.18295019278546595,MAP_PMU,71,0.0004048287928740124
2,UPFC_Vsh,5-15,1.1085926467737495,92,1.1082410611427627,MAP_PMU,71,0.00035158563098680595
3,UPFC_tsh,5-15,-0.23222984099727634,92,-0.23218607058732396,MAP_PMU,71,4.377040995237613e-05
4,UPFC_Vse,5-15,0.06320258212244874,92,0.061824962390014566,MAP_PMU,71,0.0013776197324341724
5,UPFC_tse,5-15,-2.1819689319893323,92,-2.1562100234144017,MAP_PMU,71,0.025758908574930572
0,x_tcsc,1-14,-0.11166193001630041,93,-0.11129447036771614,MAP_PMU,71,0.00036745964858427016
1,B_svc,2,0.18278425440401416,93,0.18295019278546595,MAP_PMU,71,0.00016593838145179118
2,UPFC_Vsh,5-15,1.1092194045950035,93,1.1082410611427627,MAP_PMU,71,0.000978343452240793
3,UPFC_tsh,5-15,-0.23217903229546794,93,-0.23218607058732396,MAP_PMU,71,7.038291856026335e-06
4,UPFC_Vse,5-15,0.06214887438699476,93,0.061824962390014566,MAP_PMU,71,0.00032391199698019596
5,UPFC_tse,5-15,-2.1666244708383857,93,-2.1562100234144017,MAP_PMU,71,0.010414447423984008
0,x_tcsc,1-14,-0.11165770950784376,94,-0.11129447036771614,MAP_PMU,71,0.00036323914012761915
1,B_svc,2,0.1833816124666817,94,0.18295019278546595,MAP_PMU,71,0.0004314196812157389
2,UPFC_Vsh,5-15,1.1082929652133335,94,1.1082410611427627,MAP_PMU,71,5.1904070570873984e-05
3,UPFC_tsh,5-15,-0.23232694926699046,94,-0.23218607058732396,MAP_PMU,71,0.0001408786796665007
4,UPFC_Vse,5-15,0.0630542460673178,94,0.061824962390014566,MAP_PMU,71,0.001229283677303232
5,UPFC_tse,5-15,-2.1844792560867337,94,-2.1562100234144017,MAP_PMU,71,0.028269232672331945
0,x_tcsc,1-14,-0.11169405721977024,95,-0.11129447036771614,MAP_PMU,71,0.00039958685205410127
1,B_svc,2,0.1834667980738313,95,0.18295019278546595,MAP_PMU,71,0.0005166052883653349
2,UPFC_Vsh,5-15,1.1087403504684556,95,1.1082410611427627,MAP_PMU,71,0.0004992893256929865
3,UPFC_tsh,5-15,-0.23225489446703873,95,-0.23218607058732396,MAP_PMU,71,6.882387971476889e-05
4,UPFC_Vse,5-15,0.06299303787650404,95,0.061824962390014566,MAP_PMU,71,0.0011680754864894713
5,UPFC_tse,5-15,-2.1848067219477594,95,-2.1562100234144017,MAP_PMU,71,0.028596698533357667
0,x_tcsc,1-14,-0.11162196301955953,96,-0.11129447036771614,MAP_PMU,71,0.0003274926518433835
1,B_svc,2,0.1832668881073776,96,0.18295019278546595,MAP_PMU,71,0.00031669532191164196
2,UPFC_Vsh,5-15,1.1086199878561513,96,1.1082410611427627,MAP_PMU,71,0.0003789267133886831
3,UPFC_tsh,5-15,-0.23225859008972702,96,-0.23218607058732396,MAP_PMU,71,7.251950240305671e-05
4,UPFC_Vse,5-15,0.06278450582363,96,0.061824962390014566,MAP_PMU,71,0.0009595434336154354
5,UPFC_tse,5-15,-2.1775421342186942,96,-2.1562100234144017,MAP_PMU,71,0.021332110804292537
0,x_tcsc,1-14,-0.1116054043021032,97,-0.11129447036771614,MAP_PMU,71,0.0003109339343870532
1,B_svc,2,0.18339928523980847,97,0.18295019278546595,MAP_PMU,71,0.0004490924543425201
2,UPFC_Vsh,5-15,1.108440791960369,97,1.1082410611427627,MAP_PMU,71,0.00019973081760626954
3,UPFC_tsh,5-15,-0.23230976819175228,97,-0.23218607058732396,MAP_PMU,71,0.0001236976044283189
4,UPFC_Vse,5-15,0.06350762466691838,97,0.061824962390014566,MAP_PMU,71,0.0016826622769038138
5,UPFC_tse,5-15,-2.1842068277955784,97,-2.1562100234144017,MAP_PMU,71,0.027996804381176688
0,x_tcsc,1-14,-0.11153961767483574,98,-0.11129447036771614,MAP_PMU,71,0.00024514730711959476
1,B_svc,2,0.18331348092660749,98,0.18295019278546595,MAP_PMU,71,0.0003632881411415323
2,UPFC_Vsh,5-15,1.1088161128076381,98,1.1082410611427627,MAP_PMU,71,0.0005750516648754811
3,UPFC_tsh,5-15,-0.23221163739914666,98,-0.23218607058732396,MAP_PMU,71,2.5566811822697044e-05
4,UPFC_Vse,5-15,0.06255105174424616,98,0.061824962390014566,MAP_PMU,71,0.0007260893542315947
5,UPFC_tse,5-15,-2.184213872679903,98,-2.1562100234144017,MAP_PMU,71,0.02800384926550148
0,x_tcsc,1-14,-0.11163231885164925,99,-0.11129447036771614,MAP_PMU,71,0.00033784848393310363
1,B_svc,2,0.1833641475771088,99,0.18295019278546595,MAP_PMU,71,0.00041395479164285653
2,UPFC_Vsh,5-15,1.1085326425611566,99,1.1082410611427627,MAP_PMU,71,0.0002915814183939158
3,UPFC_tsh,5-15,-0.23233028890436844,99,-0.23218607058732396,MAP_PMU,71,0.00014421831704447552
4,UPFC_Vse,5-15,0.06262763907448646,99,0.061824962390014566,MAP_PMU,71,0.0008026766844718911
5,UPFC_tse,5-15,-2.1795568596379944,99,-2.1562100234144017,MAP_PMU,71,0.023346836223592682
0,x_tcsc,1-14,-0.11295105081538542,0,-0.11247909888789781,MAP_PMU,73,0.0004719519274876127
1,B_svc,2,0.18450049153704082,0,0.18460197219577024,MAP_PMU,73,0.00010148065872941925
2,UPFC_Vsh,5-15,1.1088808506969097,0,1.107778348469771,MAP_PMU,73,0.001102502227138702
3,UPFC_tsh,5-15,-0.23163404061489726,0,-0.23155308022393659,MAP_PMU,73,8.096039096067154e-05
4,UPFC_Vse,5-15,0.06232623375059313,0,0.06077036664881224,MAP_PMU,73,0.0015558671017808917
5,UPFC_tse,5-15,-2.1716863390226475,0,-2.1517179547855125,MAP_PMU,73,0.019968384237134984
0,x_tcsc,1-14,-0.11287651992197364,1,-0.11247909888789781,MAP_PMU,73,0.0003974210340758344
1,B_svc,2,0.1845844918189356,1,0.18460197219577024,MAP_PMU,73,1.7480376834633216e-05
2,UPFC_Vsh,5-15,1.1090021027258978,1,1.107778348469771,MAP_PMU,73,0.0012237542561268633
3,UPFC_tsh,5-15,-0.23158394603804805,1,-0.23155308022393659,MAP_PMU,73,3.086581411146372e-05
4,UPFC_Vse,5-15,0.06269392263442085,1,0.06077036664881224,MAP_PMU,73,0.001923555985608609
5,UPFC_tse,5-15,-2.171371147667458,1,-2.1517179547855125,MAP_PMU,73,0.019653192881945447
0,x_tcsc,1-14,-0.11293444842859353,2,-0.11247909888789781,MAP_PMU,73,0.0004553495406957181
1,B_svc,2,0.1848172834253873,2,0.18460197219577024,MAP_PMU,73,0.00021531122961707116
2,UPFC_Vsh,5-15,1.1085626925949847,2,1.107778348469771,MAP_PMU,73,0.0007843441252137762
3,UPFC_tsh,5-15,-0.23171727140648105,2,-0.23155308022393659,MAP_PMU,73,0.00016419118254445975
4,UPFC_Vse,5-15,0.06265302217811552,2,0.06077036664881224,MAP_PMU,73,0.0018826555293032857
5,UPFC_tse,5-15,-2.1832645480209183,2,-2.1517179547855125,MAP_PMU,73,0.03154659323540576
0,x_tcsc,1-14,-0.11290990945212988,3,-0.11247909888789781,MAP_PMU,73,0.00043081056423206754
1,B_svc,2,0.18528117929428656,3,0.18460197219577024,MAP_PMU,73,0.0006792070985163212
2,UPFC_Vsh,5-15,1.1085240405742123,3,1.107778348469771,MAP_PMU,73,0.000745692104441309
3,UPFC_tsh,5-15,-0.2316172023677641,3,-0.23155308022393659,MAP_PMU,73,6.412214382750525e-05
4,UPFC_Vse,5-15,0.06297051480014187,3,0.06077036664881224,MAP_PMU,73,0.0022001481513296353
5,UPFC_tse,5-15,-2.1750597337860063,3,-2.1517179547855125,MAP_PMU,73,0.023341779000493723
0,x_tcsc,1-14,-0.11280797322155547,4,-0.11247909888789781,MAP_PMU,73,0.00032887433365766383
1,B_svc,2,0.18512980702021012,4,0.18460197219577024,MAP_PMU,73,0.0005278348244398823
2,UPFC_Vsh,5-15,1.1082979433196687,4,1.107778348469771,MAP_PMU,73,0.0005195948498977199
3,UPFC_tsh,5-15,-0.2316599659697231,4,-0.23155308022393659,MAP_PMU,73,0.00010688574578651688
4,UPFC_Vse,5-15,0.06241279852738453,4,0.06077036664881224,MAP_PMU,73,0.001642431878572291
5,UPFC_tse,5-15,-2.184653659177637,4,-2.1517179547855125,MAP_PMU,73,0.03293570439212434
0,x_tcsc,1-14,-0.11291180086320922,5,-0.11247909888789781,MAP_PMU,73,0.00043270197531140864
1,B_svc,2,0.18473004247098226,5,0.18460197219577024,MAP_PMU,73,0.00012807027521202774
2,UPFC_Vsh,5-15,1.109199725315978,5,1.107778348469771,MAP_PMU,73,0.001421376846207023
3,UPFC_tsh,5-15,-0.23165280583427322,5,-0.23155308022393659,MAP_PMU,73,9.97256103366373e-05
4,UPFC_Vse,5-15,0.06267018814518109,5,0.06077036664881224,MAP_PMU,73,0.0018998214963688517
5,UPFC_tse,5-15,-2.1892506940837797,5,-2.1517179547855125,MAP_PMU,73,0.03753273929826717
0,x_tcsc,1-14,-0.112899537913249,6,-0.11247909888789781,MAP_PMU,73,0.00042043902535118804
1,B_svc,2,0.18469280532818408,6,0.18460197219577024,MAP_PMU,73,9.083313241384228e-05
2,UPFC_Vsh,5-15,1.1088942839836755,6,1.107778348469771,MAP_PMU,73,0.0011159355139045424
3,UPFC_tsh,5-15,-0.23155457550918607,6,-0.23155308022393659,MAP_PMU,73,1.4952852494809488e-06
4,UPFC_Vse,5-15,0.062107594311923565,6,0.06077036664881224,MAP_PMU,73,0.0013372276631113261
5,UPFC_tse,5-15,-2.1787452762996384,6,-2.1517179547855125,MAP_PMU,73,0.0270273215141259
0,x_tcsc,1-14,-0.11301601528878853,7,-0.11247909888789781,MAP_PMU,73,0.0005369164008907218
1,B_svc,2,0.18495566001568314,7,0.18460197219577024,MAP_PMU,73,0.00035368781991290676
2,UPFC_Vsh,5-15,1.1082945797228265,7,1.107778348469771,MAP_PMU,73,0.0005162312530555546
3,UPFC_tsh,5-15,-0.23174747873292417,7,-0.23155308022393659,MAP_PMU,73,0.0001943985089875866
4,UPFC_Vse,5-15,0.06245310638765565,7,0.06077036664881224,MAP_PMU,73,0.0016827397388434126
5,UPFC_tse,5-15,-2.1736754075212366,7,-2.1517179547855125,MAP_PMU,73,0.021957452735724026
0,x_tcsc,1-14,-0.11281570138506984,8,-0.11247909888789781,MAP_PMU,73,0.00033660249717203106
1,B_svc,2,0.18479729836103867,8,0.18460197219577024,MAP_PMU,73,0.0001953261652684335
2,UPFC_Vsh,5-15,1.108609510708774,8,1.107778348469771,MAP_PMU,73,0.000831162239002925
3,UPFC_tsh,5-15,-0.23167357848587122,8,-0.23155308022393659,MAP_PMU,73,0.00012049826193463731
4,UPFC_Vse,5-15,0.06275489905475307,8,0.06077036664881224,MAP_PMU,73,0.0019845324059408267
5,UPFC_tse,5-15,-2.166556566729775,8,-2.1517179547855125,MAP_PMU,73,0.014838611944262503
0,x_tcsc,1-14,-0.11298247280956966,9,-0.11247909888789781,MAP_PMU,73,0.0005033739216718514
1,B_svc,2,0.18470819071782624,9,0.18460197219577024,MAP_PMU,73,0.0001062185220560008
2,UPFC_Vsh,5-15,1.108499664051785,9,1.107778348469771,MAP_PMU,73,0.0007213155820140482
3,UPFC_tsh,5-15,-0.2316348504425363,9,-0.23155308022393659,MAP_PMU,73,8.177021859970268e-05
4,UPFC_Vse,5-15,0.0624200589102352,9,0.06077036664881224,MAP_PMU,73,0.0016496922614229609
5,UPFC_tse,5-15,-2.176364648447374,9,-2.1517179547855125,MAP_PMU,73,0.024646693661861452
0,x_tcsc,1-14,-0.11289423637006465,10,-0.11247909888789781,MAP_PMU,73,0.0004151374821668441
1,B_svc,2,0.1848648351153067,10,0.18460197219577024,MAP_PMU,73,0.00026286291953647734
2,UPFC_Vsh,5-15,1.1082624486845998,10,1.107778348469771,MAP_PMU,73,0.0004841002148288087
3,UPFC_tsh,5-15,-0.2317849827646623,10,-0.23155308022393659,MAP_PMU,73,0.00023190254072572025
4,UPFC_Vse,5-15,0.06303176529734919,10,0.06077036664881224,MAP_PMU,73,0.002261398648536951
5,UPFC_tse,5-15,-2.186935022357182,10,-2.1517179547855125,MAP_PMU,73,0.035217067571669425
0,x_tcsc,1-14,-0.11290331039008705,11,-0.11247909888789781,MAP_PMU,73,0.0004242115021892423
1,B_svc,2,0.18526588562397356,11,0.18460197219577024,MAP_PMU,73,0.0006639134282033221
2,UPFC_Vsh,5-15,1.1084159381721055,11,1.107778348469771,MAP_PMU,73,0.0006375897023345178
3,UPFC_tsh,5-15,-0.23169811380598757,11,-0.23155308022393659,MAP_PMU,73,0.0001450335820509796
4,UPFC_Vse,5-15,0.06281881179104014,11,0.06077036664881224,MAP_PMU,73,0.002048445142227899
5,UPFC_tse,5-15,-2.182490574300156,11,-2.1517179547855125,MAP_PMU,73,0.030772619514643385
0,x_tcsc,1-14,-0.11282748843310267,12,-0.11247909888789781,MAP_PMU,73,0.000348389545204858
1,B_svc,2,0.18452867418812743,12,0.18460197219577024,MAP_PMU,73,7.329800764280248e-05
2,UPFC_Vsh,5-15,1.108563278219121,12,1.107778348469771,MAP_PMU,73,0.0007849297493500718
3,UPFC_tsh,5-15,-0.23175147601618548,12,-0.23155308022393659,MAP_PMU,73,0.00019839579224889548
4,UPFC_Vse,5-15,0.06347984005662743,12,0.06077036664881224,MAP_PMU,73,0.0027094734078151952
5,UPFC_tse,5-15,-2.1760192237988796,12,-2.1517179547855125,MAP_PMU,73,0.024301269013367044
0,x_tcsc,1-14,-0.11288080335967776,13,-0.11247909888789781,MAP_PMU,73,0.00040170447177995117
1,B_svc,2,0.18500420250072147,13,0.18460197219577024,MAP_PMU,73,0.00040223030495123435
2,UPFC_Vsh,5-15,1.1085451340473238,13,1.107778348469771,MAP_PMU,73,0.0007667855775528309
3,UPFC_tsh,5-15,-0.23165358468492467,13,-0.23155308022393659,MAP_PMU,73,0.0001005044609880823
4,UPFC_Vse,5-15,0.0622582060699026,13,0.06077036664881224,MAP_PMU,73,0.0014878394210903617
5,UPFC_tse,5-15,-2.1890132516571073,13,-2.1517179547855125,MAP_PMU,73,0.03729529687159472
0,x_tcsc,1-14,-0.11290863127771807,14,-0.11247909888789781,MAP_PMU,73,0.00042953238982025577
1,B_svc,2,0.18464664922630486,14,0.18460197219577024,MAP_PMU,73,4.467703053462335e-05
2,UPFC_Vsh,5-15,1.1083651474000604,14,1.107778348469771,MAP_PMU,73,0.0005867989302894561
3,UPFC_tsh,5-15,-0.23175508537548178,14,-0.23155308022393659,MAP_PMU,73,0.00020200515154519816
4,UPFC_Vse,5-15,0.06261592168687359,14,0.06077036664881224,MAP_PMU,73,0.0018455550380613514
5,UPFC_tse,5-15,-2.191011628259535,14,-2.1517179547855125,MAP_PMU,73,0.03929367347402257
0,x_tcsc,1-14,-0.11299357509674793,15,-0.11247909888789781,MAP_PMU,73,0.0005144762088501176
1,B_svc,2,0.1846316511367974,15,0.18460197219577024,MAP_PMU,73,2.9678941027150296e-05
2,UPFC_Vsh,5-15,1.1084680249099703,15,1.107778348469771,MAP_PMU,73,0.0006896764401993494
3,UPFC_tsh,5-15,-0.2317346367674697,15,-0.23155308022393659,MAP_PMU,73,0.0001815565435331068
4,UPFC_Vse,5-15,0.06287642004710191,15,0.06077036664881224,MAP_PMU,73,0.0021060533982896687
5,UPFC_tse,5-15,-2.1869689209202465,15,-2.1517179547855125,MAP_PMU,73,0.035250966134733996
0,x_tcsc,1-14,-0.11292583113783718,16,-0.11247909888789781,MAP_PMU,73,0.0004467322499393661
1,B_svc,2,0.18497383677459428,16,0.18460197219577024,MAP_PMU,73,0.0003718645788240438
2,UPFC_Vsh,5-15,1.1086681384902495,16,1.107778348469771,MAP_PMU,73,0.0008897900204785092
3,UPFC_tsh,5-15,-0.23172559772834372,16,-0.23155308022393659,MAP_PMU,73,0.0001725175044071381
4,UPFC_Vse,5-15,0.06207490403599157,16,0.06077036664881224,MAP_PMU,73,0.0013045373871793317
5,UPFC_tse,5-15,-2.1894502329579026,16,-2.1517179547855125,MAP_PMU,73,0.03773227817239011
0,x_tcsc,1-14,-0.11285909484796709,17,-0.11247909888789781,MAP_PMU,73,0.00037999596006928205
1,B_svc,2,0.18500022248902995,17,0.18460197219577024,MAP_PMU,73,0.00039825029325971095
2,UPFC_Vsh,5-15,1.1087271137092307,17,1.107778348469771,MAP_PMU,73,0.0009487652394597479
3,UPFC_tsh,5-15,-0.23166742617500172,17,-0.23155308022393659,MAP_PMU,73,0.00011434595106513123
4,UPFC_Vse,5-15,0.06289813324020106,17,0.06077036664881224,MAP_PMU,73,0.002127766591388823
5,UPFC_tse,5-15,-2.1691021568084605,17,-2.1517179547855125,MAP_PMU,73,0.017384202022947992
0,x_tcsc,1-14,-0.11298646253867041,18,-0.11247909888789781,MAP_PMU,73,0.0005073636507725993
1,B_svc,2,0.18467641999104972,18,0.18460197219577024,MAP_PMU,73,7.444779527948642e-05
2,UPFC_Vsh,5-15,1.1085362096500544,18,1.107778348469771,MAP_PMU,73,0.0007578611802834256
3,UPFC_tsh,5-15,-0.2316543572645564,18,-0.23155308022393659,MAP_PMU,73,0.00010127704061982379
4,UPFC_Vse,5-15,0.06255962797860071,18,0.06077036664881224,MAP_PMU,73,0.0017892613297884677
5,UPFC_tse,5-15,-2.186020532426652,18,-2.1517179547855125,MAP_PMU,73,0.03430257764113964
0,x_tcsc,1-14,-0.11290835801148971,19,-0.11247909888789781,MAP_PMU,73,0.0004292591235919019
1,B_svc,2,0.18444269630051088,19,0.18460197219577024,MAP_PMU,73,0.00015927589525935315
2,UPFC_Vsh,5-15,1.108386152045782,19,1.107778348469771,MAP_PMU,73,0.00060780357601109
3,UPFC_tsh,5-15,-0.2316070428582267,19,-0.23155308022393659,MAP_PMU,73,5.396263429011117e-05
4,UPFC_Vse,5-15,0.0624596418307543,19,0.06077036664881224,MAP_PMU,73,0.0016892751819420626
5,UPFC_tse,5-15,-2.1756667210588727,19,-2.1517179547855125,MAP_PMU,73,0.023948766273360178
0,x_tcsc,1-14,-0.11294675664772445,20,-0.11247909888789781,MAP_PMU,73,0.00046765775982664237
1,B_svc,2,0.1849900945750175,20,0.18460197219577024,MAP_PMU,73,0.00038812237924726323
2,UPFC_Vsh,5-15,1.1090922665669842,20,1.107778348469771,MAP_PMU,73,0.0013139180972132625
3,UPFC_tsh,5-15,-0.2317013034954762,20,-0.23155308022393659,MAP_PMU,73,0.000148223271539627
4,UPFC_Vse,5-15,0.062157599591572466,20,0.06077036664881224,MAP_PMU,73,0.0013872329427602262
5,UPFC_tse,5-15,-2.1895120220111965,20,-2.1517179547855125,MAP_PMU,73,0.037794067225684014
0,x_tcsc,1-14,-0.11288170936848724,21,-0.11247909888789781,MAP_PMU,73,0.00040261048058942706
1,B_svc,2,0.1852744203408785,21,0.18460197219577024,MAP_PMU,73,0.0006724481451082509
2,UPFC_Vsh,5-15,1.108884899793802,21,1.107778348469771,MAP_PMU,73,0.0011065513240309244
3,UPFC_tsh,5-15,-0.23169748163966258,21,-0.23155308022393659,MAP_PMU,73,0.00014440141572599763
4,UPFC_Vse,5-15,0.06250651854260571,21,0.06077036664881224,MAP_PMU,73,0.001736151893793468
5,UPFC_tse,5-15,-2.1798722824827337,21,-2.1517179547855125,MAP_PMU,73,0.02815432769722115
0,x_tcsc,1-14,-0.11304572459599943,22,-0.11247909888789781,MAP_PMU,73,0.0005666257081016202
1,B_svc,2,0.18462580322034777,22,0.18460197219577024,MAP_PMU,73,2.3831024577536386e-05
2,UPFC_Vsh,5-15,1.1086505129716928,22,1.107778348469771,MAP_PMU,73,0.000872164501921846
3,UPFC_tsh,5-15,-0.23163406977807885,22,-0.23155308022393659,MAP_PMU,73,8.098955414226339e-05
4,UPFC_Vse,5-15,0.06265624369207963,22,0.06077036664881224,MAP_PMU,73,0.0018858770432673908
5,UPFC_tse,5-15,-2.1819536536670654,22,-2.1517179547855125,MAP_PMU,73,0.030235698881552864
0,x_tcsc,1-14,-0.11278454122850103,23,-0.11247909888789781,MAP_PMU,73,0.0003054423406032153
1,B_svc,2,0.18527609635495873,23,0.18460197219577024,MAP_PMU,73,0.0006741241591884939
2,UPFC_Vsh,5-15,1.1086838786007378,23,1.107778348469771,MAP_PMU,73,0.0009055301309668362
3,UPFC_tsh,5-15,-0.2316526664654128,23,-0.23155308022393659,MAP_PMU,73,9.958624147621276e-05
4,UPFC_Vse,5-15,0.06254824234966973,23,0.06077036664881224,MAP_PMU,73,0.0017778757008574883
5,UPFC_tse,5-15,-2.1811426735509563,23,-2.1517179547855125,MAP_PMU,73,0.029424718765443725
0,x_tcsc,1-14,-0.11287069814781092,24,-0.11247909888789781,MAP_PMU,73,0.0003915992599131113
1,B_svc,2,0.18530129631414247,24,0.18460197219577024,MAP_PMU,73,0.0006993241183722299
2,UPFC_Vsh,5-15,1.1086134711844586,24,1.107778348469771,MAP_PMU,73,0.0008351227146876639
3,UPFC_tsh,5-15,-0.23172695228017395,24,-0.23155308022393659,MAP_PMU,73,0.00017387205623736746
4,UPFC_Vse,5-15,0.06286704598822251,24,0.06077036664881224,MAP_PMU,73,0.002096679339410275
5,UPFC_tse,5-15,-2.187585272231897,24,-2.1517179547855125,MAP_PMU,73,0.035867317446384384
0,x_tcsc,1-14,-0.1129201103957688,25,-0.11247909888789781,MAP_PMU,73,0.0004410115078709864
1,B_svc,2,0.18525795142357035,25,0.18460197219577024,MAP_PMU,73,0.0006559792278001131
2,UPFC_Vsh,5-15,1.1086574708302703,25,1.107778348469771,MAP_PMU,73,0.0008791223604993625
3,UPFC_tsh,5-15,-0.2317367322145914,25,-0.23155308022393659,MAP_PMU,73,0.00018365199065481508
4,UPFC_Vse,5-15,0.06262416367824328,25,0.06077036664881224,MAP_PMU,73,0.0018537970294310382
5,UPFC_tse,5-15,-2.187538663624443,25,-2.1517179547855125,MAP_PMU,73,0.035820708838930404
0,x_tcsc,1-14,-0.11295910081882479,26,-0.11247909888789781,MAP_PMU,73,0.00048000193092698207
1,B_svc,2,0.18500980051632934,26,0.18460197219577024,MAP_PMU,73,0.000407828320559106
2,UPFC_Vsh,5-15,1.1086968861581494,26,1.107778348469771,MAP_PMU,73,0.0009185376883784624
3,UPFC_tsh,5-15,-0.23156842926236912,26,-0.23155308022393659,MAP_PMU,73,1.534903843253277e-05
4,UPFC_Vse,5-15,0.06212593285569273,26,0.06077036664881224,MAP_PMU,73,0.0013555662068804875
5,UPFC_tse,5-15,-2.169066969115929,26,-2.1517179547855125,MAP_PMU,73,0.017349014330416246
0,x_tcsc,1-14,-0.1129819099721679,27,-0.11247909888789781,MAP_PMU,73,0.0005028110842700828
1,B_svc,2,0.18500158833819152,27,0.18460197219577024,MAP_PMU,73,0.0003996161424212885
2,UPFC_Vsh,5-15,1.1086710480937394,27,1.107778348469771,MAP_PMU,73,0.0008926996239684293
3,UPFC_tsh,5-15,-0.2317925949195501,27,-0.23155308022393659,MAP_PMU,73,0.00023951469561350747
4,UPFC_Vse,5-15,0.06251918170251691,27,0.06077036664881224,MAP_PMU,73,0.0017488150537046734
5,UPFC_tse,5-15,-2.182588229833626,27,-2.1517179547855125,MAP_PMU,73,0.03087027504811335
0,x_tcsc,1-14,-0.11297217994692445,28,-0.11247909888789781,MAP_PMU,73,0.0004930810590266371
1,B_svc,2,0.18490124592763654,28,0.18460197219577024,MAP_PMU,73,0.00029927373186630635
2,UPFC_Vsh,5-15,1.1086458466032145,28,1.107778348469771,MAP_PMU,73,0.0008674981334435561
3,UPFC_tsh,5-15,-0.2317102252534149,28,-0.23155308022393659,MAP_PMU,73,0.0001571450294783061
4,UPFC_Vse,5-15,0.06278257356020998,28,0.06077036664881224,MAP_PMU,73,0.0020122069113977445
5,UPFC_tse,5-15,-2.1807668889623533,28,-2.1517179547855125,MAP_PMU,73,0.029048934176840735
0,x_tcsc,1-14,-0.11277131878690619,29,-0.11247909888789781,MAP_PMU,73,0.00029221989900837797
1,B_svc,2,0.1846976700607918,29,0.18460197219577024,MAP_PMU,73,9.569786502156008e-05
2,UPFC_Vsh,5-15,1.1085694351319604,29,1.107778348469771,MAP_PMU,73,0.0007910866621894108
3,UPFC_tsh,5-15,-0.2316099185173882,29,-0.23155308022393659,MAP_PMU,73,5.683829345162761e-05
4,UPFC_Vse,5-15,0.06227057746235397,29,0.06077036664881224,MAP_PMU,73,0.0015002108135417289
5,UPFC_tse,5-15,-2.1677276159199113,29,-2.1517179547855125,MAP_PMU,73,0.016009661134398723
0,x_tcsc,1-14,-0.1129695718670297,30,-0.11247909888789781,MAP_PMU,73,0.0004904729791318924
1,B_svc,2,0.18491111716178701,30,0.18460197219577024,MAP_PMU,73,0.00030914496601677777
2,UPFC_Vsh,5-15,1.1086463906499342,30,1.107778348469771,MAP_PMU,73,0.000868042180163231
3,UPFC_tsh,5-15,-0.23169362291073325,30,-0.23155308022393659,MAP_PMU,73,0.0001405426867966686
4,UPFC_Vse,5-15,0.06292389135178292,30,0.06077036664881224,MAP_PMU,73,0.0021535247029706786
5,UPFC_tse,5-15,-2.1773084081572316,30,-2.1517179547855125,MAP_PMU,73,0.025590453371719057
0,x_tcsc,1-14,-0.11300524855767363,31,-0.11247909888789781,MAP_PMU,73,0.0005261496697758217
1,B_svc,2,0.18480194590540513,31,0.18460197219577024,MAP_PMU,73,0.00019997370963489858
2,UPFC_Vsh,5-15,1.1087226799773002,31,1.107778348469771,MAP_PMU,73,0.0009443315075292613
3,UPFC_tsh,5-15,-0.23162604808251333,31,-0.23155308022393659,MAP_PMU,73,7.296785857674459e-05
4,UPFC_Vse,5-15,0.06264052967187252,31,0.06077036664881224,MAP_PMU,73,0.001870163023060277
5,UPFC_tse,5-15,-2.1847635152001748,31,-2.1517179547855125,MAP_PMU,73,0.03304556041466222
0,x_tcsc,1-14,-0.11294152653275569,32,-0.11247909888789781,MAP_PMU,73,0.0004624276448578768
1,B_svc,2,0.18493948662088305,32,0.18460197219577024,MAP_PMU,73,0.00033751442511281704
2,UPFC_Vsh,5-15,1.108936469744345,32,1.107778348469771,MAP_PMU,73,0.001158121274573931
3,UPFC_tsh,5-15,-0.231598855768576,32,-0.23155308022393659,MAP_PMU,73,4.57755446394148e-05
4,UPFC_Vse,5-15,0.06250134174101585,32,0.06077036664881224,MAP_PMU,73,0.0017309750922036085
5,UPFC_tse,5-15,-2.175948305282967,32,-2.1517179547855125,MAP_PMU,73,0.024230350497454367
0,x_tcsc,1-14,-0.112929150719747,33,-0.11247909888789781,MAP_PMU,73,0.0004500518318491936
1,B_svc,2,0.18468548015518127,33,0.18460197219577024,MAP_PMU,73,8.350795941103328e-05
2,UPFC_Vsh,5-15,1.108683189972335,33,1.107778348469771,MAP_PMU,73,0.000904841502564091
3,UPFC_tsh,5-15,-0.231701832516919,33,-0.23155308022393659,MAP_PMU,73,0.0001487522929824181
4,UPFC_Vse,5-15,0.06247743869347739,33,0.06077036664881224,MAP_PMU,73,0.0017070720446651505
5,UPFC_tse,5-15,-2.1828353725991607,33,-2.1517179547855125,MAP_PMU,73,0.031117417813648185
0,x_tcsc,1-14,-0.11296817046024642,34,-0.11247909888789781,MAP_PMU,73,0.0004890715723486067
1,B_svc,2,0.1849289350973827,34,0.18460197219577024,MAP_PMU,73,0.00032696290161246533
2,UPFC_Vsh,5-15,1.1087069012300235,34,1.107778348469771,MAP_PMU,73,0.000928552760252499
3,UPFC_tsh,5-15,-0.23170427073780248,34,-0.23155308022393659,MAP_PMU,73,0.00015119051386588978
4,UPFC_Vse,5-15,0.06294455607462977,34,0.06077036664881224,MAP_PMU,73,0.002174189425817534
5,UPFC_tse,5-15,-2.178560943046467,34,-2.1517179547855125,MAP_PMU,73,0.02684298826095466
0,x_tcsc,1-14,-0.1129806800651603,35,-0.11247909888789781,MAP_PMU,73,0.0005015811772624834
1,B_svc,2,0.1850960759910239,35,0.18460197219577024,MAP_PMU,73,0.0004941037952536642
2,UPFC_Vsh,5-15,1.10831907298759,35,1.107778348469771,MAP_PMU,73,0.0005407245178190578
3,UPFC_tsh,5-15,-0.23172771485076424,35,-0.23155308022393659,MAP_PMU,73,0.00017463462682765218
4,UPFC_Vse,5-15,0.06285935971811109,35,0.06077036664881224,MAP_PMU,73,0.0020889930692988487
5,UPFC_tse,5-15,-2.1797291087096182,35,-2.1517179547855125,MAP_PMU,73,0.02801115392410569
0,x_tcsc,1-14,-0.11288907825174155,36,-0.11247909888789781,MAP_PMU,73,0.0004099793638437377
1,B_svc,2,0.18489411137375686,36,0.18460197219577024,MAP_PMU,73,0.00029213917798662226
2,UPFC_Vsh,5-15,1.1087986989864054,36,1.107778348469771,MAP_PMU,73,0.0010203505166344051
3,UPFC_tsh,5-15,-0.2316471822664903,36,-0.23155308022393659,MAP_PMU,73,9.410204255372312e-05
4,UPFC_Vse,5-15,0.062252218478186454,36,0.06077036664881224,MAP_PMU,73,0.0014818518293742144
5,UPFC_tse,5-15,-2.173319340682709,36,-2.1517179547855125,MAP_PMU,73,0.0216013858971964
0,x_tcsc,1-14,-0.11291702200805935,37,-0.11247909888789781,MAP_PMU,73,0.0004379231201615402
1,B_svc,2,0.18448164859257446,37,0.18460197219577024,MAP_PMU,73,0.00012032360319577662
2,UPFC_Vsh,5-15,1.1089938324864934,37,1.107778348469771,MAP_PMU,73,0.0012154840167224457
3,UPFC_tsh,5-15,-0.23155304791692322,37,-0.23155308022393659,MAP_PMU,73,3.230701337009201e-08
4,UPFC_Vse,5-15,0.06189708457992259,37,0.06077036664881224,MAP_PMU,73,0.0011267179311103478
5,UPFC_tse,5-15,-2.181181035598518,37,-2.1517179547855125,MAP_PMU,73,0.029463080813005416
0,x_tcsc,1-14,-0.11281585228756093,38,-0.11247909888789781,MAP_PMU,73,0.00033675339966311724
1,B_svc,2,0.18405069819003986,38,0.18460197219577024,MAP_PMU,73,0.0005512740057303789
2,UPFC_Vsh,5-15,1.1086979540655375,38,1.107778348469771,MAP_PMU,73,0.0009196055957665372
3,UPFC_tsh,5-15,-0.23164270754122204,38,-0.23155308022393659,MAP_PMU,73,8.96273172854567e-05
4,UPFC_Vse,5-15,0.06254302439292705,38,0.06077036664881224,MAP_PMU,73,0.0017726577441148153
5,UPFC_tse,5-15,-2.1789332229489897,38,-2.1517179547855125,MAP_PMU,73,0.02721526816347719
0,x_tcsc,1-14,-0.11275224593058615,39,-0.11247909888789781,MAP_PMU,73,0.00027314704268834034
1,B_svc,2,0.18486882450334757,39,0.18460197219577024,MAP_PMU,73,0.0002668523075773366
2,UPFC_Vsh,5-15,1.1085453595404084,39,1.107778348469771,MAP_PMU,73,0.00076701107063748
3,UPFC_tsh,5-15,-0.23165421472767544,39,-0.23155308022393659,MAP_PMU,73,0.0001011345037388589
4,UPFC_Vse,5-15,0.0625169584938513,39,0.06077036664881224,MAP_PMU,73,0.0017465918450390652
5,UPFC_tse,5-15,-2.1788162205918145,39,-2.1517179547855125,MAP_PMU,73,0.027098265806301924
0,x_tcsc,1-14,-0.1129035850568556,40,-0.11247909888789781,MAP_PMU,73,0.0004244861689577939
1,B_svc,2,0.18421835874150289,40,0.18460197219577024,MAP_PMU,73,0.00038361345426735083
2,UPFC_Vsh,5-15,1.1085907580588814,40,1.107778348469771,MAP_PMU,73,0.000812409589110441
3,UPFC_tsh,5-15,-0.23164760938786874,40,-0.23155308022393659,MAP_PMU,73,9.452916393215549e-05
4,UPFC_Vse,5-15,0.062373535740273336,40,0.06077036664881224,MAP_PMU,73,0.0016031690914610972
5,UPFC_tse,5-15,-2.1775122232345767,40,-2.1517179547855125,MAP_PMU,73,0.025794268449064184
0,x_tcsc,1-14,-0.11288027903227169,41,-0.11247909888789781,MAP_PMU,73,0.00040118014437387495
1,B_svc,2,0.18482319958899396,41,0.18460197219577024,MAP_PMU,73,0.00022122739322372187
2,UPFC_Vsh,5-15,1.1089908798084076,41,1.107778348469771,MAP_PMU,73,0.0012125313386366354
3,UPFC_tsh,5-15,-0.23159960829815673,41,-0.23155308022393659,MAP_PMU,73,4.652807422014793e-05
4,UPFC_Vse,5-15,0.06251878695492556,41,0.06077036664881224,MAP_PMU,73,0.0017484203061133227
5,UPFC_tse,5-15,-2.179170386227972,41,-2.1517179547855125,MAP_PMU,73,0.027452431442459346
0,x_tcsc,1-14,-0.11290920140806412,42,-0.11247909888789781,MAP_PMU,73,0.00043010252016631445
1,B_svc,2,0.18476930990929818,42,0.18460197219577024,MAP_PMU,73,0.00016733771352794857
2,UPFC_Vsh,5-15,1.10858900194438,42,1.107778348469771,MAP_PMU,73,0.0008106534746090688
3,UPFC_tsh,5-15,-0.23169289481239289,42,-0.23155308022393659,MAP_PMU,73,0.00013981458845629957
4,UPFC_Vse,5-15,0.062284925489054274,42,0.06077036664881224,MAP_PMU,73,0.0015145588402420349
5,UPFC_tse,5-15,-2.179711117875247,42,-2.1517179547855125,MAP_PMU,73,0.02799316308973454
0,x_tcsc,1-14,-0.11291253855631203,43,-0.11247909888789781,MAP_PMU,73,0.00043343966841422055
1,B_svc,2,0.18499964997418408,43,0.18460197219577024,MAP_PMU,73,0.00039767777841384633
2,UPFC_Vsh,5-15,1.1083542066369945,43,1.107778348469771,MAP_PMU,73,0.0005758581672234975
3,UPFC_tsh,5-15,-0.23177184503576762,43,-0.23155308022393659,MAP_PMU,73,0.00021876481183102925
4,UPFC_Vse,5-15,0.06308018858219566,43,0.06077036664881224,MAP_PMU,73,0.0023098219333834227
5,UPFC_tse,5-15,-2.1799791370737047,43,-2.1517179547855125,MAP_PMU,73,0.028261182288192188
0,x_tcsc,1-14,-0.11298535487164128,44,-0.11247909888789781,MAP_PMU,73,0.0005062559837434727
1,B_svc,2,0.18529098454859094,44,0.18460197219577024,MAP_PMU,73,0.0006890123528207059
2,UPFC_Vsh,5-15,1.1089577886936863,44,1.107778348469771,MAP_PMU,73,0.0011794402239153623
3,UPFC_tsh,5-15,-0.2316006325311185,44,-0.23155308022393659,MAP_PMU,73,4.7552307181925046e-05
4,UPFC_Vse,5-15,0.06299383976433932,44,0.06077036664881224,MAP_PMU,73,0.0022234731155270845
5,UPFC_tse,5-15,-2.1682882501721337,44,-2.1517179547855125,MAP_PMU,73,0.016570295386621137
0,x_tcsc,1-14,-0.11290380698549125,45,-0.11247909888789781,MAP_PMU,73,0.0004247080975934431
1,B_svc,2,0.18503918399680808,45,0.18460197219577024,MAP_PMU,73,0.0004372118010378401
2,UPFC_Vsh,5-15,1.1088685307008448,45,1.107778348469771,MAP_PMU,73,0.0010901822310738218
3,UPFC_tsh,5-15,-0.23161072570407232,45,-0.23155308022393659,MAP_PMU,73,5.7645480135731786e-05
4,UPFC_Vse,5-15,0.06295231840329744,45,0.06077036664881224,MAP_PMU,73,0.002181951754485205
5,UPFC_tse,5-15,-2.1812892729774345,45,-2.1517179547855125,MAP_PMU,73,0.029571318191921936
0,x_tcsc,1-14,-0.11293171727711465,46,-0.11247909888789781,MAP_PMU,73,0.00045261838921684117
1,B_svc,2,0.18491581943780544,46,0.18460197219577024,MAP_PMU,73,0.0003138472420352034
2,UPFC_Vsh,5-15,1.1088648342932175,46,1.107778348469771,MAP_PMU,73,0.0010864858234465036
3,UPFC_tsh,5-15,-0.23163567132433366,46,-0.23155308022393659,MAP_PMU,73,8.259110039707251e-05
4,UPFC_Vse,5-15,0.06265067673912048,46,0.06077036664881224,MAP_PMU,73,0.0018803100903082362
5,UPFC_tse,5-15,-2.178422602549368,46,-2.1517179547855125,MAP_PMU,73,0.026704647763855505
0,x_tcsc,1-14,-0.11287485118218318,47,-0.11247909888789781,MAP_PMU,73,0.00039575229428537306
1,B_svc,2,0.18463356448745058,47,0.18460197219577024,MAP_PMU,73,3.15922916803435e-05
2,UPFC_Vsh,5-15,1.1085764827786204,47,1.107778348469771,MAP_PMU,73,0.0007981343088494519
3,UPFC_tsh,5-15,-0.23166737913468777,47,-0.23155308022393659,MAP_PMU,73,0.00011429891075118159
4,UPFC_Vse,5-15,0.06237824670243529,47,0.06077036664881224,MAP_PMU,73,0.0016078800536230495
5,UPFC_tse,5-15,-2.1819843512690507,47,-2.1517179547855125,MAP_PMU,73,0.030266396483538127
0,x_tcsc,1-14,-0.11279989966937011,48,-0.11247909888789781,MAP_PMU,73,0.0003208007814722996
1,B_svc,2,0.18460318081697574,48,0.18460197219577024,MAP_PMU,73,1.208621205506244e-06
2,UPFC_Vsh,5-15,1.1091524138427027,48,1.107778348469771,MAP_PMU,73,0.001374065372931721
3,UPFC_tsh,5-15,-0.23158940704606223,48,-0.23155308022393659,MAP_PMU,73,3.632682212564853e-05
4,UPFC_Vse,5-15,0.06204247030060445,48,0.06077036664881224,MAP_PMU,73,0.001272103651792214
5,UPFC_tse,5-15,-2.1716113689996375,48,-2.1517179547855125,MAP_PMU,73,0.019893414214124938
0,x_tcsc,1-14,-0.1129293848064191,49,-0.11247909888789781,MAP_PMU,73,0.0004502859185212954
1,B_svc,2,0.18532814856406854,49,0.18460197219577024,MAP_PMU,73,0.0007261763682983036
2,UPFC_Vsh,5-15,1.1082805012926102,49,1.107778348469771,MAP_PMU,73,0.0005021528228392746
3,UPFC_tsh,5-15,-0.23172218083719007,49,-0.23155308022393659,MAP_PMU,73,0.00016910061325348114
4,UPFC_Vse,5-15,0.0626024137167535,49,0.06077036664881224,MAP_PMU,73,0.00183204706794126
5,UPFC_tse,5-15,-2.1892191052808747,49,-2.1517179547855125,MAP_PMU,73,0.03750115049536218
0,x_tcsc,1-14,-0.11291963543977387,50,-0.11247909888789781,MAP_PMU,73,0.000440536551876064
1,B_svc,2,0.18465163860854283,50,0.18460197219577024,MAP_PMU,73,4.9666412772597646e-05
2,UPFC_Vsh,5-15,1.1085399659891162,50,1.107778348469771,MAP_PMU,73,0.0007616175193452257
3,UPFC_tsh,5-15,-0.23162970236996513,50,-0.23155308022393659,MAP_PMU,73,7.662214602854878e-05
4,UPFC_Vse,5-15,0.0630768016594349,50,0.06077036664881224,MAP_PMU,73,0.002306435010622658
5,UPFC_tse,5-15,-2.176229695747562,50,-2.1517179547855125,MAP_PMU,73,0.024511740962049444
0,x_tcsc,1-14,-0.11288058945066176,51,-0.11247909888789781,MAP_PMU,73,0.0004014905627639509
1,B_svc,2,0.184986843117012,51,0.18460197219577024,MAP_PMU,73,0.0003848709212417589
2,UPFC_Vsh,5-15,1.1087620435767196,51,1.107778348469771,MAP_PMU,73,0.0009836951069486233
3,UPFC_tsh,5-15,-0.23170171315608676,51,-0.23155308022393659,MAP_PMU,73,0.00014863293215017226
4,UPFC_Vse,5-15,0.06283786279441103,51,0.06077036664881224,MAP_PMU,73,0.002067496145598792
5,UPFC_tse,5-15,-2.1865240506548687,51,-2.1517179547855125,MAP_PMU,73,0.034806095869356124
0,x_tcsc,1-14,-0.11292390922276639,52,-0.11247909888789781,MAP_PMU,73,0.0004448103348685811
1,B_svc,2,0.18524400281499395,52,0.18460197219577024,MAP_PMU,73,0.0006420306192237157
2,UPFC_Vsh,5-15,1.1086103732677242,52,1.107778348469771,MAP_PMU,73,0.0008320247979531903
3,UPFC_tsh,5-15,-0.2317514840666487,52,-0.23155308022393659,MAP_PMU,73,0.0001984038427121082
4,UPFC_Vse,5-15,0.06309271664978172,52,0.06077036664881224,MAP_PMU,73,0.0023223500009694822
5,UPFC_tse,5-15,-2.18484500874113,52,-2.1517179547855125,MAP_PMU,73,0.03312705395561766
0,x_tcsc,1-14,-0.11298497943358593,53,-0.11247909888789781,MAP_PMU,73,0.0005058805456881199
1,B_svc,2,0.18481294833219183,53,0.18460197219577024,MAP_PMU,73,0.00021097613642159785
2,UPFC_Vsh,5-15,1.1085072268981313,53,1.107778348469771,MAP_PMU,73,0.0007288784283603356
3,UPFC_tsh,5-15,-0.23165588894077363,53,-0.23155308022393659,MAP_PMU,73,0.00010280871683704396
4,UPFC_Vse,5-15,0.06275583448086186,53,0.06077036664881224,MAP_PMU,73,0.0019854678320496214
5,UPFC_tse,5-15,-2.1831893371275304,53,-2.1517179547855125,MAP_PMU,73,0.03147138234201785
0,x_tcsc,1-14,-0.11285124545386349,54,-0.11247909888789781,MAP_PMU,73,0.00037214656596568085
1,B_svc,2,0.1850667243097166,54,0.18460197219577024,MAP_PMU,73,0.00046475211394636506
2,UPFC_Vsh,5-15,1.1089891593539265,54,1.107778348469771,MAP_PMU,73,0.0012108108841555332
3,UPFC_tsh,5-15,-0.23169847091491286,54,-0.23155308022393659,MAP_PMU,73,0.00014539069097627144
4,UPFC_Vse,5-15,0.06281857403193461,54,0.06077036664881224,MAP_PMU,73,0.0020482073831223704
5,UPFC_tse,5-15,-2.1849831711719183,54,-2.1517179547855125,MAP_PMU,73,0.03326521638640578
0,x_tcsc,1-14,-0.11287534685795145,55,-0.11247909888789781,MAP_PMU,73,0.000396247970053637
1,B_svc,2,0.1854411666317818,55,0.18460197219577024,MAP_PMU,73,0.0008391944360115755
2,UPFC_Vsh,5-15,1.1087867302202066,55,1.107778348469771,MAP_PMU,73,0.0010083817504356052
3,UPFC_tsh,5-15,-0.23164473282525253,55,-0.23155308022393659,MAP_PMU,73,9.165260131593911e-05
4,UPFC_Vse,5-15,0.06273606911221939,55,0.06077036664881224,MAP_PMU,73,0.0019657024634071527
5,UPFC_tse,5-15,-2.1817012938532523,55,-2.1517179547855125,MAP_PMU,73,0.029983339067739756
0,x_tcsc,1-14,-0.1127690628782698,56,-0.11247909888789781,MAP_PMU,73,0.00028996399037198306
1,B_svc,2,0.1851130648348735,56,0.18460197219577024,MAP_PMU,73,0.0005110926391032611
2,UPFC_Vsh,5-15,1.1082629266598714,56,1.107778348469771,MAP_PMU,73,0.00048457819010039316
3,UPFC_tsh,5-15,-0.2316935969080724,56,-0.23155308022393659,MAP_PMU,73,0.00014051668413581075
4,UPFC_Vse,5-15,0.062198036785207814,56,0.06077036664881224,MAP_PMU,73,0.0014276701363955743
5,UPFC_tse,5-15,-2.180664852016785,56,-2.1517179547855125,MAP_PMU,73,0.028946897231272306
0,x_tcsc,1-14,-0.11290163656129705,57,-0.11247909888789781,MAP_PMU,73,0.00042253767339923975
1,B_svc,2,0.1851254249710562,57,0.18460197219577024,MAP_PMU,73,0.0005234527752859541
2,UPFC_Vsh,5-15,1.1084945641525956,57,1.107778348469771,MAP_PMU,73,0.0007162156828246502
3,UPFC_tsh,5-15,-0.2316618314048863,57,-0.23155308022393659,MAP_PMU,73,0.0001087511809497177
4,UPFC_Vse,5-15,0.06220828781471625,57,0.06077036664881224,MAP_PMU,73,0.0014379211659040075
5,UPFC_tse,5-15,-2.1789499272526944,57,-2.1517179547855125,MAP_PMU,73,0.027231972467181897
0,x_tcsc,1-14,-0.1128096763367442,58,-0.11247909888789781,MAP_PMU,73,0.0003305774488463892
1,B_svc,2,0.1847599304228653,58,0.18460197219577024,MAP_PMU,73,0.0001579582270950508
2,UPFC_Vsh,5-15,1.1086731083040606,58,1.107778348469771,MAP_PMU,73,0.0008947598342896601
3,UPFC_tsh,5-15,-0.23176326123428057,58,-0.23155308022393659,MAP_PMU,73,0.0002101810103439794
4,UPFC_Vse,5-15,0.06274289124028508,58,0.06077036664881224,MAP_PMU,73,0.0019725245914728393
5,UPFC_tse,5-15,-2.187664668941874,58,-2.1517179547855125,MAP_PMU,73,0.03594671415636164
0,x_tcsc,1-14,-0.11279152194443101,59,-0.11247909888789781,MAP_PMU,73,0.0003124230565332009
1,B_svc,2,0.18480501574936609,59,0.18460197219577024,MAP_PMU,73,0.0002030435535958497
2,UPFC_Vsh,5-15,1.1088001278342992,59,1.107778348469771,MAP_PMU,73,0.0010217793645281859
3,UPFC_tsh,5-15,-0.23165690706954964,59,-0.23155308022393659,MAP_PMU,73,0.00010382684561305311
4,UPFC_Vse,5-15,0.062464428623769684,59,0.06077036664881224,MAP_PMU,73,0.0016940619749574448
5,UPFC_tse,5-15,-2.1816427604191646,59,-2.1517179547855125,MAP_PMU,73,0.029924805633652074
0,x_tcsc,1-14,-0.11292734187835117,60,-0.11247909888789781,MAP_PMU,73,0.0004482429904533597
1,B_svc,2,0.18531758438156226,60,0.18460197219577024,MAP_PMU,73,0.000715612185792025
2,UPFC_Vsh,5-15,1.108551179743499,60,1.107778348469771,MAP_PMU,73,0.0007728312737280696
3,UPFC_tsh,5-15,-0.23164931566385988,60,-0.23155308022393659,MAP_PMU,73,9.623543992329231e-05
4,UPFC_Vse,5-15,0.062214590065229225,60,0.06077036664881224,MAP_PMU,73,0.0014442234164169857
5,UPFC_tse,5-15,-2.1788658461141552,60,-2.1517179547855125,MAP_PMU,73,0.027147891328642704
0,x_tcsc,1-14,-0.11283447298897621,61,-0.11247909888789781,MAP_PMU,73,0.00035537410107840117
1,B_svc,2,0.1847011953905914,61,0.18460197219577024,MAP_PMU,73,9.922319482116859e-05
2,UPFC_Vsh,5-15,1.10870096487118,61,1.107778348469771,MAP_PMU,73,0.0009226164014091154
3,UPFC_tsh,5-15,-0.23167974648088135,61,-0.23155308022393659,MAP_PMU,73,0.00012666625694476852
4,UPFC_Vse,5-15,0.062444777064444894,61,0.06077036664881224,MAP_PMU,73,0.0016744104156326545
5,UPFC_tse,5-15,-2.17412335902433,61,-2.1517179547855125,MAP_PMU,73,0.02240540423881754
0,x_tcsc,1-14,-0.11294582591620403,62,-0.11247909888789781,MAP_PMU,73,0.0004667270283062186
1,B_svc,2,0.1845487771249335,62,0.18460197219577024,MAP_PMU,73,5.319507083673125e-05
2,UPFC_Vsh,5-15,1.108654573942818,62,1.107778348469771,MAP_PMU,73,0.0008762254730469987
3,UPFC_tsh,5-15,-0.23169610687875516,62,-0.23155308022393659,MAP_PMU,73,0.0001430266548185788
4,UPFC_Vse,5-15,0.06269261527790553,62,0.06077036664881224,MAP_PMU,73,0.0019222486290932858
5,UPFC_tse,5-15,-2.1834378287898795,62,-2.1517179547855125,MAP_PMU,73,0.03171987400436693
0,x_tcsc,1-14,-0.11285198700349092,63,-0.11247909888789781,MAP_PMU,73,0.0003728881155931063
1,B_svc,2,0.18444243459396087,63,0.18460197219577024,MAP_PMU,73,0.0001595376018093675
2,UPFC_Vsh,5-15,1.1085728089640332,63,1.107778348469771,MAP_PMU,73,0.0007944604942622391
3,UPFC_tsh,5-15,-0.2316302676618429,63,-0.23155308022393659,MAP_PMU,73,7.718743790630089e-05
4,UPFC_Vse,5-15,0.06215503704335913,63,0.06077036664881224,MAP_PMU,73,0.0013846703945468927
5,UPFC_tse,5-15,-2.175000413951365,63,-2.1517179547855125,MAP_PMU,73,0.023282459165852476
0,x_tcsc,1-14,-0.11308086137515927,64,-0.11247909888789781,MAP_PMU,73,0.0006017624872614591
1,B_svc,2,0.1848064638030577,64,0.18460197219577024,MAP_PMU,73,0.0002044916072874714
2,UPFC_Vsh,5-15,1.1084898506756538,64,1.107778348469771,MAP_PMU,73,0.0007115022058827858
3,UPFC_tsh,5-15,-0.23166618527639674,64,-0.23155308022393659,MAP_PMU,73,0.00011310505246014957
4,UPFC_Vse,5-15,0.062346812992967446,64,0.06077036664881224,MAP_PMU,73,0.0015764463441552065
5,UPFC_tse,5-15,-2.174106950765008,64,-2.1517179547855125,MAP_PMU,73,0.02238899597949562
0,x_tcsc,1-14,-0.11289375505760665,65,-0.11247909888789781,MAP_PMU,73,0.00041465616970884356
1,B_svc,2,0.18522641273306853,65,0.18460197219577024,MAP_PMU,73,0.0006244405372982931
2,UPFC_Vsh,5-15,1.1085183790222533,65,1.107778348469771,MAP_PMU,73,0.0007400305524822848
3,UPFC_tsh,5-15,-0.23170624733098125,65,-0.23155308022393659,MAP_PMU,73,0.00015316710704466052
4,UPFC_Vse,5-15,0.06253166575792062,65,0.06077036664881224,MAP_PMU,73,0.001761299109108376
5,UPFC_tse,5-15,-2.187370990894972,65,-2.1517179547855125,MAP_PMU,73,0.03565303610945936
0,x_tcsc,1-14,-0.11294638188863698,66,-0.11247909888789781,MAP_PMU,73,0.0004672830007391715
1,B_svc,2,0.1850825886174661,66,0.18460197219577024,MAP_PMU,73,0.00048061642169586194
2,UPFC_Vsh,5-15,1.1083667403792294,66,1.107778348469771,MAP_PMU,73,0.0005883919094584744
3,UPFC_tsh,5-15,-0.23162482896510575,66,-0.23155308022393659,MAP_PMU,73,7.174874116916419e-05
4,UPFC_Vse,5-15,0.06274730546695953,66,0.06077036664881224,MAP_PMU,73,0.0019769388181472905
5,UPFC_tse,5-15,-2.178907446037837,66,-2.1517179547855125,MAP_PMU,73,0.027189491252324505
0,x_tcsc,1-14,-0.11288163236516936,67,-0.11247909888789781,MAP_PMU,73,0.0004025334772715522
1,B_svc,2,0.18508142960589444,67,0.18460197219577024,MAP_PMU,73,0.00047945741012420107
2,UPFC_Vsh,5-15,1.1083924462126602,67,1.107778348469771,MAP_PMU,73,0.0006140977428892302
3,UPFC_tsh,5-15,-0.23165303747066812,67,-0.23155308022393659,MAP_PMU,73,9.995724673153572e-05
4,UPFC_Vse,5-15,0.0628204520524629,67,0.06077036664881224,MAP_PMU,73,0.0020500854036506547
5,UPFC_tse,5-15,-2.18874370469562,67,-2.1517179547855125,MAP_PMU,73,0.03702574991010765
0,x_tcsc,1-14,-0.1129812656552062,68,-0.11247909888789781,MAP_PMU,73,0.0005021667673083957
1,B_svc,2,0.18502879930518076,68,0.18460197219577024,MAP_PMU,73,0.00042682710941052693
2,UPFC_Vsh,5-15,1.1088311807761464,68,1.107778348469771,MAP_PMU,73,0.0010528323063754286
3,UPFC_tsh,5-15,-0.23166778198763113,68,-0.23155308022393659,MAP_PMU,73,0.00011470176369454688
4,UPFC_Vse,5-15,0.0621399183771073,68,0.06077036664881224,MAP_PMU,73,0.0013695517282950598
5,UPFC_tse,5-15,-2.180943900819355,68,-2.1517179547855125,MAP_PMU,73,0.029225946033842654
0,x_tcsc,1-14,-0.11295017536392775,69,-0.11247909888789781,MAP_PMU,73,0.0004710764760299385
1,B_svc,2,0.18472656072486018,69,0.18460197219577024,MAP_PMU,73,0.00012458852908994733
2,UPFC_Vsh,5-15,1.1087707634588109,69,1.107778348469771,MAP_PMU,73,0.0009924149890399026
3,UPFC_tsh,5-15,-0.23161817827417164,69,-0.23155308022393659,MAP_PMU,73,6.509805023505177e-05
4,UPFC_Vse,5-15,0.06191065175703083,69,0.06077036664881224,MAP_PMU,73,0.0011402851082185916
5,UPFC_tse,5-15,-2.172710309819141,69,-2.1517179547855125,MAP_PMU,73,0.020992355033628396
0,x_tcsc,1-14,-0.11299795617435394,70,-0.11247909888789781,MAP_PMU,73,0.0005188572864561342
1,B_svc,2,0.18456736206827545,70,0.18460197219577024,MAP_PMU,73,3.461012749478298e-05
2,UPFC_Vsh,5-15,1.1084535690697392,70,1.107778348469771,MAP_PMU,73,0.0006752205999682737
3,UPFC_tsh,5-15,-0.2316437401420698,70,-0.23155308022393659,MAP_PMU,73,9.065991813320129e-05
4,UPFC_Vse,5-15,0.0625595709453112,70,0.06077036664881224,MAP_PMU,73,0.00178920429649896
5,UPFC_tse,5-15,-2.188181008920424,70,-2.1517179547855125,MAP_PMU,73,0.03646305413491158
0,x_tcsc,1-14,-0.11279355697853138,71,-0.11247909888789781,MAP_PMU,73,0.00031445809063357366
1,B_svc,2,0.18488914488965394,71,0.18460197219577024,MAP_PMU,73,0.0002871726938837027
2,UPFC_Vsh,5-15,1.108883627183045,71,1.107778348469771,MAP_PMU,73,0.0011052787132739272
3,UPFC_tsh,5-15,-0.23163399361975504,71,-0.23155308022393659,MAP_PMU,73,8.091339581844936e-05
4,UPFC_Vse,5-15,0.06301347736781578,71,0.06077036664881224,MAP_PMU,73,0.002243110719003537
5,UPFC_tse,5-15,-2.1747762411884186,71,-2.1517179547855125,MAP_PMU,73,0.02305828640290608
0,x_tcsc,1-14,-0.11295058520175522,72,-0.11247909888789781,MAP_PMU,73,0.00047148631385740547
1,B_svc,2,0.18447469792415142,72,0.18460197219577024,MAP_PMU,73,0.00012727427161882132
2,UPFC_Vsh,5-15,1.1089939465412082,72,1.107778348469771,MAP_PMU,73,0.0012155980714372294
3,UPFC_tsh,5-15,-0.2315902452525779,72,-0.23155308022393659,MAP_PMU,73,3.716502864131721e-05
4,UPFC_Vse,5-15,0.06216968430641649,72,0.06077036664881224,MAP_PMU,73,0.001399317657604253
5,UPFC_tse,5-15,-2.1808171977360877,72,-2.1517179547855125,MAP_PMU,73,0.0290992429505752
0,x_tcsc,1-14,-0.11294358370581976,73,-0.11247909888789781,MAP_PMU,73,0.0004644848179219535
1,B_svc,2,0.18527922896785026,73,0.18460197219577024,MAP_PMU,73,0.000677256772080026
2,UPFC_Vsh,5-15,1.1090844224948524,73,1.107778348469771,MAP_PMU,73,0.0013060740250814273
3,UPFC_tsh,5-15,-0.23162742075392034,73,-0.23155308022393659,MAP_PMU,73,7.43405299837574e-05
4,UPFC_Vse,5-15,0.06224131770817568,73,0.06077036664881224,MAP_PMU,73,0.0014709510593634428
5,UPFC_tse,5-15,-2.169249292692962,73,-2.1517179547855125,MAP_PMU,73,0.01753133790744954
0,x_tcsc,1-14,-0.11281155439708188,74,-0.11247909888789781,MAP_PMU,73,0.0003324555091840653
1,B_svc,2,0.18514606515203735,74,0.18460197219577024,MAP_PMU,73,0.0005440929562671171
2,UPFC_Vsh,5-15,1.108534285909124,74,1.107778348469771,MAP_PMU,73,0.0007559374393530938
3,UPFC_tsh,5-15,-0.23177231187994796,74,-0.23155308022393659,MAP_PMU,73,0.0002192316560113705
4,UPFC_Vse,5-15,0.06271628549359745,74,0.06077036664881224,MAP_PMU,73,0.0019459188447852119
5,UPFC_tse,5-15,-2.187481445028658,74,-2.1517179547855125,MAP_PMU,73,0.0357634902431454
0,x_tcsc,1-14,-0.11295110074277928,75,-0.11247909888789781,MAP_PMU,73,0.00047200185488147084
1,B_svc,2,0.18518314104725406,75,0.18460197219577024,MAP_PMU,73,0.0005811688514838209
2,UPFC_Vsh,5-15,1.108346112216851,75,1.107778348469771,MAP_PMU,73,0.0005677637470800079
3,UPFC_tsh,5-15,-0.23174711854214808,75,-0.23155308022393659,MAP_PMU,73,0.00019403831821149242
4,UPFC_Vse,5-15,0.06274476549989154,75,0.06077036664881224,MAP_PMU,73,0.0019743988510792995
5,UPFC_tse,5-15,-2.184204658530159,75,-2.1517179547855125,MAP_PMU,73,0.03248670374464657
0,x_tcsc,1-14,-0.11293938130788522,76,-0.11247909888789781,MAP_PMU,73,0.00046028241998741226
1,B_svc,2,0.1855361751762456,76,0.18460197219577024,MAP_PMU,73,0.0009342029804753627
2,UPFC_Vsh,5-15,1.1089697428521303,76,1.107778348469771,MAP_PMU,73,0.0011913943823593787
3,UPFC_tsh,5-15,-0.23165016164098906,76,-0.23155308022393659,MAP_PMU,73,9.708141705247475e-05
4,UPFC_Vse,5-15,0.062348665201224764,76,0.06077036664881224,MAP_PMU,73,0.0015782985524125243
5,UPFC_tse,5-15,-2.177661445484918,76,-2.1517179547855125,MAP_PMU,73,0.02594349069940538
0,x_tcsc,1-14,-0.11294687869992694,77,-0.11247909888789781,MAP_PMU,73,0.000467779812029126
1,B_svc,2,0.184539757396808,77,0.18460197219577024,MAP_PMU,73,6.221479896223459e-05
2,UPFC_Vsh,5-15,1.1084865119532175,77,1.107778348469771,MAP_PMU,73,0.0007081634834464889
3,UPFC_tsh,5-15,-0.231663016205385,77,-0.23155308022393659,MAP_PMU,73,0.00010993598144840022
4,UPFC_Vse,5-15,0.06282800730155791,77,0.06077036664881224,MAP_PMU,73,0.0020576406527456695
5,UPFC_tse,5-15,-2.1779709054996417,77,-2.1517179547855125,MAP_PMU,73,0.026252950714129142
0,x_tcsc,1-14,-0.11304148107975655,78,-0.11247909888789781,MAP_PMU,73,0.0005623821918587374
1,B_svc,2,0.1847081813120444,78,0.18460197219577024,MAP_PMU,73,0.00010620911627415297
2,UPFC_Vsh,5-15,1.1085217045063738,78,1.107778348469771,MAP_PMU,73,0.0007433560366028047
3,UPFC_tsh,5-15,-0.23171520080633828,78,-0.23155308022393659,MAP_PMU,73,0.00016212058240169802
4,UPFC_Vse,5-15,0.06287569344191057,78,0.06077036664881224,MAP_PMU,73,0.0021053267930983346
5,UPFC_tse,5-15,-2.176608039908599,78,-2.1517179547855125,MAP_PMU,73,0.024890085123086436
0,x_tcsc,1-14,-0.11299706569228847,79,-0.11247909888789781,MAP_PMU,73,0.0005179668043906599
1,B_svc,2,0.18512502000173683,79,0.18460197219577024,MAP_PMU,73,0.0005230478059665977
2,UPFC_Vsh,5-15,1.1086839812193428,79,1.107778348469771,MAP_PMU,73,0.0009056327495717831
3,UPFC_tsh,5-15,-0.23164257809165137,79,-0.23155308022393659,MAP_PMU,73,8.949786771478285e-05
4,UPFC_Vse,5-15,0.06185644420478111,79,0.06077036664881224,MAP_PMU,73,0.001086077555968873
5,UPFC_tse,5-15,-2.18353309450856,79,-2.1517179547855125,MAP_PMU,73,0.03181513972304728
0,x_tcsc,1-14,-0.1129211844508024,80,-0.11247909888789781,MAP_PMU,73,0.0004420855629045928
1,B_svc,2,0.18522957442565055,80,0.18460197219577024,MAP_PMU,73,0.0006276022298803141
2,UPFC_Vsh,5-15,1.1087417231837544,80,1.107778348469771,MAP_PMU,73,0.0009633747139834448
3,UPFC_tsh,5-15,-0.23168398642387616,80,-0.23155308022393659,MAP_PMU,73,0.00013090619993957886
4,UPFC_Vse,5-15,0.06264496533744719,80,0.06077036664881224,MAP_PMU,73,0.0018745986886349528
5,UPFC_tse,5-15,-2.1820669960182277,80,-2.1517179547855125,MAP_PMU,73,0.0303490412327152
0,x_tcsc,1-14,-0.11292154022938895,81,-0.11247909888789781,MAP_PMU,73,0.00044244134149114267
1,B_svc,2,0.1850475589907025,81,0.18460197219577024,MAP_PMU,73,0.0004455867949322567
2,UPFC_Vsh,5-15,1.1082956758907974,81,1.107778348469771,MAP_PMU,73,0.0005173274210263923
3,UPFC_tsh,5-15,-0.23166403432825408,81,-0.23155308022393659,MAP_PMU,73,0.00011095410431749553
4,UPFC_Vse,5-15,0.06194711653835046,81,0.06077036664881224,MAP_PMU,73,0.0011767498895382186
5,UPFC_tse,5-15,-2.179515092456148,81,-2.1517179547855125,MAP_PMU,73,0.027797137670635408
0,x_tcsc,1-14,-0.11284075297585547,82,-0.11247909888789781,MAP_PMU,73,0.00036165408795765797
1,B_svc,2,0.1851268361784829,82,0.18460197219577024,MAP_PMU,73,0.0005248639827126755
2,UPFC_Vsh,5-15,1.1087017784494144,82,1.107778348469771,MAP_PMU,73,0.0009234299796434531
3,UPFC_tsh,5-15,-0.23166468624570732,82,-0.23155308022393659,MAP_PMU,73,0.0001116060217707382
4,UPFC_Vse,5-15,0.06297268580878594,82,0.06077036664881224,MAP_PMU,73,0.002202319159973702
5,UPFC_tse,5-15,-2.1780727117821668,82,-2.1517179547855125,MAP_PMU,73,0.02635475699665424
0,x_tcsc,1-14,-0.11281188817404222,83,-0.11247909888789781,MAP_PMU,73,0.0003327892861444137
1,B_svc,2,0.18537255815980386,83,0.18460197219577024,MAP_PMU,73,0.000770585964033621
2,UPFC_Vsh,5-15,1.1089228883088225,83,1.107778348469771,MAP_PMU,73,0.001144539839051495
3,UPFC_tsh,5-15,-0.2316600914128455,83,-0.23155308022393659,MAP_PMU,73,0.00010701118890890648
4,UPFC_Vse,5-15,0.06248684586662114,83,0.06077036664881224,MAP_PMU,73,0.0017164792178089028
5,UPFC_tse,5-15,-2.1788955877305316,83,-2.1517179547855125,MAP_PMU,73,0.02717763294501907
0,x_tcsc,1-14,-0.11293941897707055,84,-0.11247909888789781,MAP_PMU,73,0.0004603200891727388
1,B_svc,2,0.1847114191782694,84,0.18460197219577024,MAP_PMU,73,0.00010944698249915064
2,UPFC_Vsh,5-15,1.108607497768835,84,1.107778348469771,MAP_PMU,73,0.0008291492990639693
3,UPFC_tsh,5-15,-0.23166577250802112,84,-0.23155308022393659,MAP_PMU,73,0.00011269228408453125
4,UPFC_Vse,5-15,0.06292993909372002,84,0.06077036664881224,MAP_PMU,73,0.0021595724449077827
5,UPFC_tse,5-15,-2.1832766870325857,84,-2.1517179547855125,MAP_PMU,73,0.031558732247073173
0,x_tcsc,1-14,-0.1129997161265001,85,-0.11247909888789781,MAP_PMU,73,0.0005206172386022917
1,B_svc,2,0.18513042264061255,85,0.18460197219577024,MAP_PMU,73,0.0005284504448423155
2,UPFC_Vsh,5-15,1.1089600923441734,85,1.107778348469771,MAP_PMU,73,0.0011817438744023967
3,UPFC_tsh,5-15,-0.23165920463740317,85,-0.23155308022393659,MAP_PMU,73,0.00010612441346657953
4,UPFC_Vse,5-15,0.06210074784695954,85,0.06077036664881224,MAP_PMU,73,0.0013303811981473027
5,UPFC_tse,5-15,-2.1789662225397524,85,-2.1517179547855125,MAP_PMU,73,0.02724826775423983
0,x_tcsc,1-14,-0.11286521641813349,86,-0.11247909888789781,MAP_PMU,73,0.0003861175302356801
1,B_svc,2,0.18519718062063226,86,0.18460197219577024,MAP_PMU,73,0.0005952084248620204
2,UPFC_Vsh,5-15,1.1086950441189118,86,1.107778348469771,MAP_PMU,73,0.0009166956491408751
3,UPFC_tsh,5-15,-0.2316338736150443,86,-0.23155308022393659,MAP_PMU,73,8.079339110772521e-05
4,UPFC_Vse,5-15,0.062202630058119844,86,0.06077036664881224,MAP_PMU,73,0.0014322634093076048
5,UPFC_tse,5-15,-2.1734749511923406,86,-2.1517179547855125,MAP_PMU,73,0.021756996406828044
0,x_tcsc,1-14,-0.11295709605947926,87,-0.11247909888789781,MAP_PMU,73,0.0004779971715814513
1,B_svc,2,0.18492191561548013,87,0.18460197219577024,MAP_PMU,73,0.00031994341970989493
2,UPFC_Vsh,5-15,1.1084733002094247,87,1.107778348469771,MAP_PMU,73,0.0006949517396537264
3,UPFC_tsh,5-15,-0.2316863161903966,87,-0.23155308022393659,MAP_PMU,73,0.00013323596646000468
4,UPFC_Vse,5-15,0.06297557594647168,87,0.06077036664881224,MAP_PMU,73,0.0022052092976594453
5,UPFC_tse,5-15,-2.1887826070762104,87,-2.1517179547855125,MAP_PMU,73,0.037064652290697886
0,x_tcsc,1-14,-0.11282801898748282,88,-0.11247909888789781,MAP_PMU,73,0.00034892009958500947
1,B_svc,2,0.18532537132435542,88,0.18460197219577024,MAP_PMU,73,0.0007233991285851837
2,UPFC_Vsh,5-15,1.1089869759949456,88,1.107778348469771,MAP_PMU,73,0.0012086275251745882
3,UPFC_tsh,5-15,-0.23158989832901877,88,-0.23155308022393659,MAP_PMU,73,3.681810508218697e-05
4,UPFC_Vse,5-15,0.06181587514242081,88,0.06077036664881224,MAP_PMU,73,0.0010455084936085712
5,UPFC_tse,5-15,-2.1709608801267675,88,-2.1517179547855125,MAP_PMU,73,0.019242925341254935
0,x_tcsc,1-14,-0.11298597825443725,89,-0.11247909888789781,MAP_PMU,73,0.0005068793665394394
1,B_svc,2,0.18478353916232845,89,0.18460197219577024,MAP_PMU,73,0.00018156696655821647
2,UPFC_Vsh,5-15,1.1088908671822608,89,1.107778348469771,MAP_PMU,73,0.0011125187124898517
3,UPFC_tsh,5-15,-0.23163071971398352,89,-0.23155308022393659,MAP_PMU,73,7.763949004693793e-05
4,UPFC_Vse,5-15,0.0619489753042709,89,0.06077036664881224,MAP_PMU,73,0.0011786086554586572
5,UPFC_tse,5-15,-2.1761115203657257,89,-2.1517179547855125,MAP_PMU,73,0.024393565580213217
0,x_tcsc,1-14,-0.11280234383058292,90,-0.11247909888789781,MAP_PMU,73,0.00032324494268511084
1,B_svc,2,0.18474424983717302,90,0.18460197219577024,MAP_PMU,73,0.0001422776414027882
2,UPFC_Vsh,5-15,1.1087873815621707,90,1.107778348469771,MAP_PMU,73,0.001009033092399747
3,UPFC_tsh,5-15,-0.23170981927245018,90,-0.23155308022393659,MAP_PMU,73,0.00015673904851359888
4,UPFC_Vse,5-15,0.0622638765185584,90,0.06077036664881224,MAP_PMU,73,0.001493509869746161
5,UPFC_tse,5-15,-2.176424562805059,90,-2.1517179547855125,MAP_PMU,73,0.024706608019546383
0,x_tcsc,1-14,-0.11295158650291427,91,-0.11247909888789781,MAP_PMU,73,0.00047248761501646197
1,B_svc,2,0.18543041088713033,91,0.18460197219577024,MAP_PMU,73,0.000828438691360095
2,UPFC_Vsh,5-15,1.1086497132427549,91,1.107778348469771,MAP_PMU,73,0.0008713647729838847
3,UPFC_tsh,5-15,-0.2316925045217865,91,-0.23155308022393659,MAP_PMU,73,0.0001394242978499105
4,UPFC_Vse,5-15,0.06275032627284964,91,0.06077036664881224,MAP_PMU,73,0.0019799596240374015
5,UPFC_tse,5-15,-2.179727397345092,91,-2.1517179547855125,MAP_PMU,73,0.0280094425595796
0,x_tcsc,1-14,-0.11282233353539,92,-0.11247909888789781,MAP_PMU,73,0.0003432346474921827
1,B_svc,2,0.18497571944011085,92,0.18460197219577024,MAP_PMU,73,0.0003737472443406109
2,UPFC_Vsh,5-15,1.108730271297965,92,1.107778348469771,MAP_PMU,73,0.0009519228281940073
3,UPFC_tsh,5-15,-0.23167963558229568,92,-0.23155308022393659,MAP_PMU,73,0.00012655535835909282
4,UPFC_Vse,5-15,0.06271279087070203,92,0.06077036664881224,MAP_PMU,73,0.0019424242218897894
5,UPFC_tse,5-15,-2.1790139733617293,92,-2.1517179547855125,MAP_PMU,73,0.027296018576216774
0,x_tcsc,1-14,-0.11296641666279725,93,-0.11247909888789781,MAP_PMU,73,0.0004873177748994373
1,B_svc,2,0.1846411176125388,93,0.18460197219577024,MAP_PMU,73,3.914541676855454e-05
2,UPFC_Vsh,5-15,1.1085798145568397,93,1.107778348469771,MAP_PMU,73,0.0008014660870687695
3,UPFC_tsh,5-15,-0.23164555003791534,93,-0.23155308022393659,MAP_PMU,73,9.24698139787572e-05
4,UPFC_Vse,5-15,0.06227943743629973,93,0.06077036664881224,MAP_PMU,73,0.0015090707874874931
5,UPFC_tse,5-15,-2.1779664477272953,93,-2.1517179547855125,MAP_PMU,73,0.026248492941782775
0,x_tcsc,1-14,-0.11295344808465597,94,-0.11247909888789781,MAP_PMU,73,0.0004743491967581642
1,B_svc,2,0.18506737740474152,94,0.18460197219577024,MAP_PMU,73,0.0004654052089712868
2,UPFC_Vsh,5-15,1.1085843266371511,94,1.107778348469771,MAP_PMU,73,0.0008059781673801503
3,UPFC_tsh,5-15,-0.23169084758135505,94,-0.23155308022393659,MAP_PMU,73,0.0001377673574184668
4,UPFC_Vse,5-15,0.06257226058250094,94,0.06077036664881224,MAP_PMU,73,0.0018018939336887016
5,UPFC_tse,5-15,-2.1801844126476757,94,-2.1517179547855125,MAP_PMU,73,0.028466457862163175
0,x_tcsc,1-14,-0.11299960180747518,95,-0.11247909888789781,MAP_PMU,73,0.0005205029195773647
1,B_svc,2,0.1851600383318202,95,0.18460197219577024,MAP_PMU,73,0.0005580661360499728
2,UPFC_Vsh,5-15,1.1085544035419357,95,1.107778348469771,MAP_PMU,73,0.0007760550721647164
3,UPFC_tsh,5-15,-0.2316274214233761,95,-0.23155308022393659,MAP_PMU,73,7.4341199439526e-05
4,UPFC_Vse,5-15,0.06274459593641683,95,0.06077036664881224,MAP_PMU,73,0.001974229287604594
5,UPFC_tse,5-15,-2.184847374225069,95,-2.1517179547855125,MAP_PMU,73,0.03312941943955661
0,x_tcsc,1-14,-0.1129038554955171,96,-0.11247909888789781,MAP_PMU,73,0.0004247566076192866
1,B_svc,2,0.18491531901837188,96,0.18460197219577024,MAP_PMU,73,0.0003133468226016456
2,UPFC_Vsh,5-15,1.1088434067064679,96,1.107778348469771,MAP_PMU,73,0.001065058236696892
3,UPFC_tsh,5-15,-0.23168764995046742,96,-0.23155308022393659,MAP_PMU,73,0.00013456972653083654
4,UPFC_Vse,5-15,0.06263894639715277,96,0.06077036664881224,MAP_PMU,73,0.0018685797483405306
5,UPFC_tse,5-15,-2.1849822081220274,96,-2.1517179547855125,MAP_PMU,73,0.03326425333651484
0,x_tcsc,1-14,-0.11289604433715819,97,-0.11247909888789781,MAP_PMU,73,0.0004169454492603808
1,B_svc,2,0.18522669867425237,97,0.18460197219577024,MAP_PMU,73,0.0006247264784821349
2,UPFC_Vsh,5-15,1.1084390619810045,97,1.107778348469771,MAP_PMU,73,0.0006607135112335349
3,UPFC_tsh,5-15,-0.2317247268280306,97,-0.23155308022393659,MAP_PMU,73,0.00017164660409402233
4,UPFC_Vse,5-15,0.06312124339877781,97,0.06077036664881224,MAP_PMU,73,0.0023508767499655706
5,UPFC_tse,5-15,-2.1778931040955625,97,-2.1517179547855125,MAP_PMU,73,0.02617514931004994
0,x_tcsc,1-14,-0.1128302106221967,98,-0.11247909888789781,MAP_PMU,73,0.00035111173429888676
1,B_svc,2,0.18502408816382668,98,0.18460197219577024,MAP_PMU,73,0.00042211596805644125
2,UPFC_Vsh,5-15,1.1090757949347052,98,1.107778348469771,MAP_PMU,73,0.0012974464649342377
3,UPFC_tsh,5-15,-0.23163150944316732,98,-0.23155308022393659,MAP_PMU,73,7.842921923073565e-05
4,UPFC_Vse,5-15,0.06234421858729278,98,0.06077036664881224,MAP_PMU,73,0.0015738519384805374
5,UPFC_tse,5-15,-2.18333243401367,98,-2.1517179547855125,MAP_PMU,73,0.03161447922815741
0,x_tcsc,1-14,-0.1129151719262933,99,-0.11247909888789781,MAP_PMU,73,0.0004360730383954903
1,B_svc,2,0.18522740626172934,99,0.18460197219577024,MAP_PMU,73,0.0006254340659591073
2,UPFC_Vsh,5-15,1.1084545377438462,99,1.107778348469771,MAP_PMU,73,0.0006761892740752007
3,UPFC_tsh,5-15,-0.23171515334663645,99,-0.23155308022393659,MAP_PMU,73,0.00016207312269986285
4,UPFC_Vse,5-15,0.06252106057857691,99,0.06077036664881224,MAP_PMU,73,0.0017506939297646726
5,UPFC_tse,5-15,-2.174504757994794,99,-2.1517179547855125,MAP_PMU,73,0.02278680320928128
0,x_tcsc,1-14,-0.11387614121433165,0,-0.11330319200886299,MAP_PMU,75,0.0005729492054686591
1,B_svc,2,0.18572674165251946,0,0.18573876621990773,MAP_PMU,75,1.202456738827462e-05
2,UPFC_Vsh,5-15,1.1085114107923253,0,1.1071370504650786,MAP_PMU,75,0.001374360327246693
3,UPFC_tsh,5-15,-0.23093638040564549,0,-0.23076214785449695,MAP_PMU,75,0.00017423255114853986
4,UPFC_Vse,5-15,0.06278560415001888,0,0.06081851734233769,MAP_PMU,75,0.0019670868076811926
5,UPFC_tse,5-15,-2.184036248953411,0,-2.1524546571618854,MAP_PMU,75,0.03158159179152564
0,x_tcsc,1-14,-0.11378551846590025,1,-0.11330319200886299,MAP_PMU,75,0.0004823264570372604
1,B_svc,2,0.18578492965523444,1,0.18573876621990773,MAP_PMU,75,4.616343532670708e-05
2,UPFC_Vsh,5-15,1.1086693085512866,1,1.1071370504650786,MAP_PMU,75,0.0015322580862080493
3,UPFC_tsh,5-15,-0.23090639551658204,1,-0.23076214785449695,MAP_PMU,75,0.0001442476620850952
4,UPFC_Vse,5-15,0.06292038534853621,1,0.06081851734233769,MAP_PMU,75,0.0021018680061985207
5,UPFC_tse,5-15,-2.1814225954396873,1,-2.1524546571618854,MAP_PMU,75,0.028967938277801863
0,x_tcsc,1-14,-0.11382755713121559,2,-0.11330319200886299,MAP_PMU,75,0.0005243651223525991
1,B_svc,2,0.1859381880985299,2,0.18573876621990773,MAP_PMU,75,0.0001994218786221802
2,UPFC_Vsh,5-15,1.1084882383839418,2,1.1071370504650786,MAP_PMU,75,0.0013511879188632392
3,UPFC_tsh,5-15,-0.23086151017957302,2,-0.23076214785449695,MAP_PMU,75,9.93623250760689e-05
4,UPFC_Vse,5-15,0.06265862325831836,2,0.06081851734233769,MAP_PMU,75,0.0018401059159806749
5,UPFC_tse,5-15,-2.179910398970862,2,-2.1524546571618854,MAP_PMU,75,0.027455741808976697
0,x_tcsc,1-14,-0.11383912599189512,3,-0.11330319200886299,MAP_PMU,75,0.0005359339830321302
1,B_svc,2,0.18633711751447363,3,0.18573876621990773,MAP_PMU,75,0.0005983512945658964
2,UPFC_Vsh,5-15,1.1088690185988277,3,1.1071370504650786,MAP_PMU,75,0.0017319681337490955
3,UPFC_tsh,5-15,-0.23082417689635742,3,-0.23076214785449695,MAP_PMU,75,6.202904186047853e-05
4,UPFC_Vse,5-15,0.063007925113699,3,0.06081851734233769,MAP_PMU,75,0.0021894077713613125
5,UPFC_tse,5-15,-2.178100475230738,3,-2.1524546571618854,MAP_PMU,75,0.025645818068852577
0,x_tcsc,1-14,-0.11369123521396528,4,-0.11330319200886299,MAP_PMU,75,0.00038804320510228696
1,B_svc,2,0.18623825844916686,4,0.18573876621990773,MAP_PMU,75,0.0004994922292591297
2,UPFC_Vsh,5-15,1.1085180735419524,4,1.1071370504650786,MAP_PMU,75,0.0013810230768738219
3,UPFC_tsh,5-15,-0.2308651529877861,4,-0.23076214785449695,MAP_PMU,75,0.00010300513328914684
4,UPFC_Vse,5-15,0.0624324224449852,4,0.06081851734233769,MAP_PMU,75,0.0016139051026475143
5,UPFC_tse,5-15,-2.1781814052917703,4,-2.1524546571618854,MAP_PMU,75,0.025726748129884847
0,x_tcsc,1-14,-0.11379822177070438,5,-0.11330319200886299,MAP_PMU,75,0.0004950297618413896
1,B_svc,2,0.18605991034213315,5,0.18573876621990773,MAP_PMU,75,0.00032114412222541966
2,UPFC_Vsh,5-15,1.108595681700623,5,1.1071370504650786,MAP_PMU,75,0.0014586312355444608
3,UPFC_tsh,5-15,-0.23088670470369704,5,-0.23076214785449695,MAP_PMU,75,0.00012455684920009702
4,UPFC_Vse,5-15,0.06294002140256195,5,0.06081851734233769,MAP_PMU,75,0.0021215040602242663
5,UPFC_tse,5-15,-2.189971637786984,5,-2.1524546571618854,MAP_PMU,75,0.03751698062509856
0,x_tcsc,1-14,-0.11382994533761456,6,-0.11330319200886299,MAP_PMU,75,0.0005267533287515724
1,B_svc,2,0.1858687134422548,6,0.18573876621990773,MAP_PMU,75,0.00012994722234707656
2,UPFC_Vsh,5-15,1.108354520607861,6,1.1071370504650786,MAP_PMU,75,0.0012174701427825063
3,UPFC_tsh,5-15,-0.23090431887561796,6,-0.23076214785449695,MAP_PMU,75,0.0001421710211210181
4,UPFC_Vse,5-15,0.06206780537072454,6,0.06081851734233769,MAP_PMU,75,0.0012492880283868496
5,UPFC_tse,5-15,-2.175368366578975,6,-2.1524546571618854,MAP_PMU,75,0.02291370941708948
0,x_tcsc,1-14,-0.11394303760369653,7,-0.11330319200886299,MAP_PMU,75,0.0006398455948335435
1,B_svc,2,0.18619496259188315,7,0.18573876621990773,MAP_PMU,75,0.00045619637197541474
2,UPFC_Vsh,5-15,1.108329587989147,7,1.1071370504650786,MAP_PMU,75,0.0011925375240684488
3,UPFC_tsh,5-15,-0.23097586702189615,7,-0.23076214785449695,MAP_PMU,75,0.0002137191673992067
4,UPFC_Vse,5-15,0.06264069280550258,7,0.06081851734233769,MAP_PMU,75,0.0018221754631648907
5,UPFC_tse,5-15,-2.178878192134674,7,-2.1524546571618854,MAP_PMU,75,0.026423534972788598
0,x_tcsc,1-14,-0.11370579090100531,8,-0.11330319200886299,MAP_PMU,75,0.00040259889214232236
1,B_svc,2,0.18598629657285712,8,0.18573876621990773,MAP_PMU,75,0.00024753035294938774
2,UPFC_Vsh,5-15,1.1084651256405662,8,1.1071370504650786,MAP_PMU,75,0.0013280751754876086
3,UPFC_tsh,5-15,-0.23083482353856055,8,-0.23076214785449695,MAP_PMU,75,7.267568406360558e-05
4,UPFC_Vse,5-15,0.06287831461480854,8,0.06081851734233769,MAP_PMU,75,0.0020597972724708535
5,UPFC_tse,5-15,-2.174151819170245,8,-2.1524546571618854,MAP_PMU,75,0.021697162008359694
0,x_tcsc,1-14,-0.1139045317527653,9,-0.11330319200886299,MAP_PMU,75,0.0006013397439023072
1,B_svc,2,0.18596441784686188,9,0.18573876621990773,MAP_PMU,75,0.00022565162695414864
2,UPFC_Vsh,5-15,1.108856194464938,9,1.1071370504650786,MAP_PMU,75,0.001719143999859396
3,UPFC_tsh,5-15,-0.23086182601202124,9,-0.23076214785449695,MAP_PMU,75,9.96781575242911e-05
4,UPFC_Vse,5-15,0.06236925160275109,9,0.06081851734233769,MAP_PMU,75,0.0015507342604134042
5,UPFC_tse,5-15,-2.1736232142543805,9,-2.1524546571618854,MAP_PMU,75,0.0211685570924951
0,x_tcsc,1-14,-0.11380339281477408,10,-0.11330319200886299,MAP_PMU,75,0.0005002008059110941
1,B_svc,2,0.18599753466185742,10,0.18573876621990773,MAP_PMU,75,0.0002587684419496916
2,UPFC_Vsh,5-15,1.1083114383551984,10,1.1071370504650786,MAP_PMU,75,0.0011743878901198102
3,UPFC_tsh,5-15,-0.2309114725098657,10,-0.23076214785449695,MAP_PMU,75,0.0001493246553687655
4,UPFC_Vse,5-15,0.06310141615325639,10,0.06081851734233769,MAP_PMU,75,0.0022828988109186987
5,UPFC_tse,5-15,-2.192936821299073,10,-2.1524546571618854,MAP_PMU,75,0.04048216413718775
0,x_tcsc,1-14,-0.11380088744894783,11,-0.11330319200886299,MAP_PMU,75,0.000497695440084836
1,B_svc,2,0.18651692646563717,11,0.18573876621990773,MAP_PMU,75,0.0007781602457294368
2,UPFC_Vsh,5-15,1.1083506300050534,11,1.1071370504650786,MAP_PMU,75,0.0012135795399748073
3,UPFC_tsh,5-15,-0.23092791553520658,11,-0.23076214785449695,MAP_PMU,75,0.00016576768070963865
4,UPFC_Vse,5-15,0.06279975302252132,11,0.06081851734233769,MAP_PMU,75,0.0019812356801836295
5,UPFC_tse,5-15,-2.1796522524717363,11,-2.1524546571618854,MAP_PMU,75,0.027197595309850886
0,x_tcsc,1-14,-0.11371096150336418,12,-0.11330319200886299,MAP_PMU,75,0.00040776949450119226
1,B_svc,2,0.18574563987539533,12,0.18573876621990773,MAP_PMU,75,6.873655487599217e-06
2,UPFC_Vsh,5-15,1.1087502690193416,12,1.1071370504650786,MAP_PMU,75,0.0016132185542629962
3,UPFC_tsh,5-15,-0.23087288677258425,12,-0.23076214785449695,MAP_PMU,75,0.00011073891808729974
4,UPFC_Vse,5-15,0.06323804960532398,12,0.06081851734233769,MAP_PMU,75,0.0024195322629862875
5,UPFC_tse,5-15,-2.1770085652691242,12,-2.1524546571618854,MAP_PMU,75,0.024553908107238787
0,x_tcsc,1-14,-0.11375957132377634,13,-0.11330319200886299,MAP_PMU,75,0.00045637931491335215
1,B_svc,2,0.18626004425981482,13,0.18573876621990773,MAP_PMU,75,0.0005212780399070915
2,UPFC_Vsh,5-15,1.1086843318793025,13,1.1071370504650786,MAP_PMU,75,0.0015472814142238889
3,UPFC_tsh,5-15,-0.23082529881612177,13,-0.23076214785449695,MAP_PMU,75,6.315096162481937e-05
4,UPFC_Vse,5-15,0.0621786927011674,13,0.06081851734233769,MAP_PMU,75,0.0013601753588297141
5,UPFC_tse,5-15,-2.1829356520331835,13,-2.1524546571618854,MAP_PMU,75,0.030480994871298073
0,x_tcsc,1-14,-0.1138240454360102,14,-0.11330319200886299,MAP_PMU,75,0.0005208534271472082
1,B_svc,2,0.18583107813673272,14,0.18573876621990773,MAP_PMU,75,9.231191682498863e-05
2,UPFC_Vsh,5-15,1.1085388420581752,14,1.1071370504650786,MAP_PMU,75,0.001401791593096613
3,UPFC_tsh,5-15,-0.23093097559300038,14,-0.23076214785449695,MAP_PMU,75,0.00016882773850343535
4,UPFC_Vse,5-15,0.06259459790121165,14,0.06081851734233769,MAP_PMU,75,0.0017760805588739603
5,UPFC_tse,5-15,-2.1919265677263504,14,-2.1524546571618854,MAP_PMU,75,0.039471910564464974
0,x_tcsc,1-14,-0.113922961404281,15,-0.11330319200886299,MAP_PMU,75,0.00061976939541801
1,B_svc,2,0.18577282693664243,15,0.18573876621990773,MAP_PMU,75,3.406071673470179e-05
2,UPFC_Vsh,5-15,1.1085156838473655,15,1.1071370504650786,MAP_PMU,75,0.0013786333822869423
3,UPFC_tsh,5-15,-0.2308908496561613,15,-0.23076214785449695,MAP_PMU,75,0.00012870180166435485
4,UPFC_Vse,5-15,0.06273707701832014,15,0.06081851734233769,MAP_PMU,75,0.0019185596759824508
5,UPFC_tse,5-15,-2.190514788586162,15,-2.1524546571618854,MAP_PMU,75,0.038060131424276555
0,x_tcsc,1-14,-0.11385338610957575,16,-0.11330319200886299,MAP_PMU,75,0.0005501941007127614
1,B_svc,2,0.1861323587904532,16,0.18573876621990773,MAP_PMU,75,0.00039359257054547014
2,UPFC_Vsh,5-15,1.108961015885235,16,1.1071370504650786,MAP_PMU,75,0.0018239654201563926
3,UPFC_tsh,5-15,-0.23094752194847698,16,-0.23076214785449695,MAP_PMU,75,0.00018537409398003413
4,UPFC_Vse,5-15,0.0620525940060625,16,0.06081851734233769,MAP_PMU,75,0.0012340766637248118
5,UPFC_tse,5-15,-2.180736952371025,16,-2.1524546571618854,MAP_PMU,75,0.02828229520913972
0,x_tcsc,1-14,-0.11375921767947439,17,-0.11330319200886299,MAP_PMU,75,0.00045602567061139854
1,B_svc,2,0.18616270439488652,17,0.18573876621990773,MAP_PMU,75,0.00042393817497879405
2,UPFC_Vsh,5-15,1.1090048701287991,17,1.1071370504650786,MAP_PMU,75,0.0018678196637205158
3,UPFC_tsh,5-15,-0.23080978860468299,17,-0.23076214785449695,MAP_PMU,75,4.764075018603986e-05
4,UPFC_Vse,5-15,0.06305978968872822,17,0.06081851734233769,MAP_PMU,75,0.00224127234639053
5,UPFC_tse,5-15,-2.1771796458152997,17,-2.1524546571618854,MAP_PMU,75,0.024724988653414215
0,x_tcsc,1-14,-0.1138957436342177,18,-0.11330319200886299,MAP_PMU,75,0.0005925516253547092
1,B_svc,2,0.1857374468476985,18,0.18573876621990773,MAP_PMU,75,1.319372209235281e-06
2,UPFC_Vsh,5-15,1.1087716388821003,18,1.1071370504650786,MAP_PMU,75,0.0016345884170216873
3,UPFC_tsh,5-15,-0.23089394870212476,18,-0.23076214785449695,MAP_PMU,75,0.00013180084762781652
4,UPFC_Vse,5-15,0.06284215565902833,18,0.06081851734233769,MAP_PMU,75,0.00202363831669064
5,UPFC_tse,5-15,-2.1781161686720614,18,-2.1524546571618854,MAP_PMU,75,0.025661511510175927
0,x_tcsc,1-14,-0.11383146118484493,19,-0.11330319200886299,MAP_PMU,75,0.0005282691759819352
1,B_svc,2,0.18566184727948137,19,0.18573876621990773,MAP_PMU,75,7.691894042635705e-05
2,UPFC_Vsh,5-15,1.1082492226126814,19,1.1071370504650786,MAP_PMU,75,0.0011121721476028412
3,UPFC_tsh,5-15,-0.23091791825842092,19,-0.23076214785449695,MAP_PMU,75,0.00015577040392397712
4,UPFC_Vse,5-15,0.06283859583667388,19,0.06081851734233769,MAP_PMU,75,0.0020200784943361916
5,UPFC_tse,5-15,-2.179227823737746,19,-2.1524546571618854,MAP_PMU,75,0.026773166575860596
0,x_tcsc,1-14,-0.1138594135566554,20,-0.11330319200886299,MAP_PMU,75,0.0005562215477924043
1,B_svc,2,0.1862117751111348,20,0.18573876621990773,MAP_PMU,75,0.00047300889122706136
2,UPFC_Vsh,5-15,1.1085930998277382,20,1.1071370504650786,MAP_PMU,75,0.0014560493626596394
3,UPFC_tsh,5-15,-0.2309280649345569,20,-0.23076214785449695,MAP_PMU,75,0.00016591708005994632
4,UPFC_Vse,5-15,0.06245169540292534,20,0.06081851734233769,MAP_PMU,75,0.001633178060587652
5,UPFC_tse,5-15,-2.187879909224544,20,-2.1524546571618854,MAP_PMU,75,0.03542525206265834
0,x_tcsc,1-14,-0.1137801112591474,21,-0.11330319200886299,MAP_PMU,75,0.0004769192502844105
1,B_svc,2,0.18649544615245578,21,0.18573876621990773,MAP_PMU,75,0.0007566799325480489
2,UPFC_Vsh,5-15,1.1089252336234585,21,1.1071370504650786,MAP_PMU,75,0.001788183158379919
3,UPFC_tsh,5-15,-0.23087620342883536,21,-0.23076214785449695,MAP_PMU,75,0.00011405557433841196
4,UPFC_Vse,5-15,0.0625017943718311,21,0.06081851734233769,MAP_PMU,75,0.0016832770294934046
5,UPFC_tse,5-15,-2.1810246343105812,21,-2.1524546571618854,MAP_PMU,75,0.028569977148695802
0,x_tcsc,1-14,-0.1139560955642394,22,-0.11330319200886299,MAP_PMU,75,0.0006529035553764079
1,B_svc,2,0.18586218861313575,22,0.18573876621990773,MAP_PMU,75,0.00012342239322801762
2,UPFC_Vsh,5-15,1.108364872587539,22,1.1071370504650786,MAP_PMU,75,0.0012278221224604202
3,UPFC_tsh,5-15,-0.23092464037148225,22,-0.23076214785449695,MAP_PMU,75,0.00016249251698530198
4,UPFC_Vse,5-15,0.06292252614949306,22,0.06081851734233769,MAP_PMU,75,0.0021040088071553747
5,UPFC_tse,5-15,-2.1823086718487095,22,-2.1524546571618854,MAP_PMU,75,0.029854014686824026
0,x_tcsc,1-14,-0.1136867673829253,23,-0.11330319200886299,MAP_PMU,75,0.000383575374062306
1,B_svc,2,0.1864078474265862,23,0.18573876621990773,MAP_PMU,75,0.0006690812066784679
2,UPFC_Vsh,5-15,1.1088501345354937,23,1.1071370504650786,MAP_PMU,75,0.0017130840704151495
3,UPFC_tsh,5-15,-0.2309353943892182,23,-0.23076214785449695,MAP_PMU,75,0.00017324653472125529
4,UPFC_Vse,5-15,0.06258860173364494,23,0.06081851734233769,MAP_PMU,75,0.0017700843913072556
5,UPFC_tse,5-15,-2.180537569014808,23,-2.1524546571618854,MAP_PMU,75,0.028082911852922443
0,x_tcsc,1-14,-0.11376453825058298,24,-0.11330319200886299,MAP_PMU,75,0.0004613462417199926
1,B_svc,2,0.18645742859645847,24,0.18573876621990773,MAP_PMU,75,0.0007186623765507438
2,UPFC_Vsh,5-15,1.108534715356181,24,1.1071370504650786,MAP_PMU,75,0.0013976648911024903
3,UPFC_tsh,5-15,-0.23088012793968113,24,-0.23076214785449695,MAP_PMU,75,0.00011798008518418279
4,UPFC_Vse,5-15,0.06305088973110091,24,0.06081851734233769,MAP_PMU,75,0.0022323723887632263
5,UPFC_tse,5-15,-2.1811517452944247,24,-2.1524546571618854,MAP_PMU,75,0.02869708813253924
0,x_tcsc,1-14,-0.11381350381047446,25,-0.11330319200886299,MAP_PMU,75,0.000510311801611471
1,B_svc,2,0.18631913333535338,25,0.18573876621990773,MAP_PMU,75,0.0005803671154456513
2,UPFC_Vsh,5-15,1.1090135850666958,25,1.1071370504650786,MAP_PMU,75,0.0018765346016171858
3,UPFC_tsh,5-15,-0.23078515605368996,25,-0.23076214785449695,MAP_PMU,75,2.3008199193014223e-05
4,UPFC_Vse,5-15,0.06242385275736253,25,0.06081851734233769,MAP_PMU,75,0.0016053354150248403
5,UPFC_tse,5-15,-2.1773201369187474,25,-2.1524546571618854,MAP_PMU,75,0.02486547975686193
0,x_tcsc,1-14,-0.11388418379197399,26,-0.11330319200886299,MAP_PMU,75,0.0005809917831109956
1,B_svc,2,0.1861245414525338,26,0.18573876621990773,MAP_PMU,75,0.00038577523262606217
2,UPFC_Vsh,5-15,1.1087975357560347,26,1.1071370504650786,MAP_PMU,75,0.0016604852909560819
3,UPFC_tsh,5-15,-0.23085948374187393,26,-0.23076214785449695,MAP_PMU,75,9.73358873769814e-05
4,UPFC_Vse,5-15,0.062373510229027894,26,0.06081851734233769,MAP_PMU,75,0.0015549928866902055
5,UPFC_tse,5-15,-2.185388972653928,26,-2.1524546571618854,MAP_PMU,75,0.03293431549204273
0,x_tcsc,1-14,-0.1139037017966071,27,-0.11330319200886299,MAP_PMU,75,0.0006005097877441051
1,B_svc,2,0.18597627020574373,27,0.18573876621990773,MAP_PMU,75,0.0002375039858359962
2,UPFC_Vsh,5-15,1.1088760490120113,27,1.1071370504650786,MAP_PMU,75,0.001738998546932713
3,UPFC_tsh,5-15,-0.23079802551467593,27,-0.23076214785449695,MAP_PMU,75,3.587766017898453e-05
4,UPFC_Vse,5-15,0.062064388439354336,27,0.06081851734233769,MAP_PMU,75,0.0012458710970166473
5,UPFC_tse,5-15,-2.179612493408596,27,-2.1524546571618854,MAP_PMU,75,0.02715783624671042
0,x_tcsc,1-14,-0.11388458750892792,28,-0.11330319200886299,MAP_PMU,75,0.0005813955000649323
1,B_svc,2,0.1859961876361653,28,0.18573876621990773,MAP_PMU,75,0.0002574214162575639
2,UPFC_Vsh,5-15,1.1085414761581416,28,1.1071370504650786,MAP_PMU,75,0.0014044256930629828
3,UPFC_tsh,5-15,-0.230853953172968,28,-0.23076214785449695,MAP_PMU,75,9.180531847105544e-05
4,UPFC_Vse,5-15,0.06259852304799031,28,0.06081851734233769,MAP_PMU,75,0.0017800057056526208
5,UPFC_tse,5-15,-2.1811604321579066,28,-2.1524546571618854,MAP_PMU,75,0.028705774996021116
0,x_tcsc,1-14,-0.11366418417138843,29,-0.11330319200886299,MAP_PMU,75,0.000360992162525442
1,B_svc,2,0.18593298370633884,29,0.18573876621990773,MAP_PMU,75,0.00019421748643111414
2,UPFC_Vsh,5-15,1.1086283489892392,29,1.1071370504650786,MAP_PMU,75,0.0014912985241606336
3,UPFC_tsh,5-15,-0.23090734450746306,29,-0.23076214785449695,MAP_PMU,75,0.00014519665296611195
4,UPFC_Vse,5-15,0.0625269502970707,29,0.06081851734233769,MAP_PMU,75,0.0017084329547330107
5,UPFC_tse,5-15,-2.1886645433086582,29,-2.1524546571618854,MAP_PMU,75,0.036209886146772785
0,x_tcsc,1-14,-0.113874896184544,30,-0.11330319200886299,MAP_PMU,75,0.0005717041756810037
1,B_svc,2,0.18613036565272145,30,0.18573876621990773,MAP_PMU,75,0.0003915994328137218
2,UPFC_Vsh,5-15,1.1085125423247342,30,1.1071370504650786,MAP_PMU,75,0.0013754918596555754
3,UPFC_tsh,5-15,-0.23092667310202805,30,-0.23076214785449695,MAP_PMU,75,0.00016452524753110542
4,UPFC_Vse,5-15,0.0631272430670985,30,0.06081851734233769,MAP_PMU,75,0.0023087257247608184
5,UPFC_tse,5-15,-2.1871768334265567,30,-2.1524546571618854,MAP_PMU,75,0.03472217626467122
0,x_tcsc,1-14,-0.11392698382964835,31,-0.11330319200886299,MAP_PMU,75,0.0006237918207853549
1,B_svc,2,0.18585423767689077,31,0.18573876621990773,MAP_PMU,75,0.00011547145698304062
2,UPFC_Vsh,5-15,1.1090871209382596,31,1.1071370504650786,MAP_PMU,75,0.0019500704731809648
3,UPFC_tsh,5-15,-0.23080960204742634,31,-0.23076214785449695,MAP_PMU,75,4.745419292939701e-05
4,UPFC_Vse,5-15,0.06241417645765023,31,0.06081851734233769,MAP_PMU,75,0.0015956591153125435
5,UPFC_tse,5-15,-2.1751174416401,31,-2.1524546571618854,MAP_PMU,75,0.02266278447821435
0,x_tcsc,1-14,-0.11386585002999737,32,-0.11330319200886299,MAP_PMU,75,0.0005626580211343796
1,B_svc,2,0.18621326711111108,32,0.18573876621990773,MAP_PMU,75,0.00047450089120334993
2,UPFC_Vsh,5-15,1.108499186016736,32,1.1071370504650786,MAP_PMU,75,0.0013621355516573175
3,UPFC_tsh,5-15,-0.23091541322455233,32,-0.23076214785449695,MAP_PMU,75,0.00015326537005538876
4,UPFC_Vse,5-15,0.062785842316854,32,0.06081851734233769,MAP_PMU,75,0.0019673249745163074
5,UPFC_tse,5-15,-2.189205605349397,32,-2.1524546571618854,MAP_PMU,75,0.03675094818751168
0,x_tcsc,1-14,-0.11383677193861062,33,-0.11330319200886299,MAP_PMU,75,0.0005335799297476324
1,B_svc,2,0.18576666851749532,33,0.18573876621990773,MAP_PMU,75,2.7902297587589775e-05
2,UPFC_Vsh,5-15,1.1089157907068474,33,1.1071370504650786,MAP_PMU,75,0.001778740241768828
3,UPFC_tsh,5-15,-0.2308677157754649,33,-0.23076214785449695,MAP_PMU,75,0.00010556792096794165
4,UPFC_Vse,5-15,0.062329329380453845,33,0.06081851734233769,MAP_PMU,75,0.0015108120381161563
5,UPFC_tse,5-15,-2.1723011912819654,33,-2.1524546571618854,MAP_PMU,75,0.019846534120079973
0,x_tcsc,1-14,-0.11389198923309107,34,-0.11330319200886299,MAP_PMU,75,0.0005887972242280826
1,B_svc,2,0.1861191594959663,34,0.18573876621990773,MAP_PMU,75,0.00038039327605857154
2,UPFC_Vsh,5-15,1.1082415202269578,34,1.1071370504650786,MAP_PMU,75,0.0011044697618791677
3,UPFC_tsh,5-15,-0.230955691918805,34,-0.23076214785449695,MAP_PMU,75,0.00019354406430804882
4,UPFC_Vse,5-15,0.06335716720718695,34,0.06081851734233769,MAP_PMU,75,0.0025386498648492656
5,UPFC_tse,5-15,-2.1786365980132936,34,-2.1524546571618854,MAP_PMU,75,0.026181940851408125
0,x_tcsc,1-14,-0.11387480196084786,35,-0.11330319200886299,MAP_PMU,75,0.0005716099519848666
1,B_svc,2,0.18629021639486107,35,0.18573876621990773,MAP_PMU,75,0.0005514501749533385
2,UPFC_Vsh,5-15,1.108711312916754,35,1.1071370504650786,MAP_PMU,75,0.0015742624516754677
3,UPFC_tsh,5-15,-0.23084313215038368,35,-0.23076214785449695,MAP_PMU,75,8.098429588673794e-05
4,UPFC_Vse,5-15,0.06286975775345396,35,0.06081851734233769,MAP_PMU,75,0.0020512404111162758
5,UPFC_tse,5-15,-2.1893619751572566,35,-2.1524546571618854,MAP_PMU,75,0.03690731799537117
0,x_tcsc,1-14,-0.11378568600565492,36,-0.11330319200886299,MAP_PMU,75,0.0004824939967919273
1,B_svc,2,0.18611401130722688,36,0.18573876621990773,MAP_PMU,75,0.0003752450873191482
2,UPFC_Vsh,5-15,1.1085146237854713,36,1.1071370504650786,MAP_PMU,75,0.0013775733203926777
3,UPFC_tsh,5-15,-0.23101450954280034,36,-0.23076214785449695,MAP_PMU,75,0.000252361688303393
4,UPFC_Vse,5-15,0.0625979752036556,36,0.06081851734233769,MAP_PMU,75,0.001779457861317918
5,UPFC_tse,5-15,-2.182857563393307,36,-2.1524546571618854,MAP_PMU,75,0.0304029062314215
0,x_tcsc,1-14,-0.11382562138332145,37,-0.11330319200886299,MAP_PMU,75,0.0005224293744584552
1,B_svc,2,0.1857153700173018,37,0.18573876621990773,MAP_PMU,75,2.3396202605940886e-05
2,UPFC_Vsh,5-15,1.1083486051653288,37,1.1071370504650786,MAP_PMU,75,0.0012115547002502502
3,UPFC_tsh,5-15,-0.23095137435903973,37,-0.23076214785449695,MAP_PMU,75,0.00018922650454278322
4,UPFC_Vse,5-15,0.062460006250217755,37,0.06081851734233769,MAP_PMU,75,0.0016414889078800662
5,UPFC_tse,5-15,-2.189200994766336,37,-2.1524546571618854,MAP_PMU,75,0.03674633760445056
0,x_tcsc,1-14,-0.11371044773822923,38,-0.11330319200886299,MAP_PMU,75,0.0004072557293662432
1,B_svc,2,0.18535483857769727,38,0.18573876621990773,MAP_PMU,75,0.0003839276422104576
2,UPFC_Vsh,5-15,1.108447606823696,38,1.1071370504650786,MAP_PMU,75,0.0013105563586173208
3,UPFC_tsh,5-15,-0.23092163072662866,38,-0.23076214785449695,MAP_PMU,75,0.00015948287213171652
4,UPFC_Vse,5-15,0.06269533045381515,38,0.06081851734233769,MAP_PMU,75,0.0018768131114774572
5,UPFC_tse,5-15,-2.183230658421758,38,-2.1524546571618854,MAP_PMU,75,0.030776001259872565
0,x_tcsc,1-14,-0.1136340206498661,39,-0.11330319200886299,MAP_PMU,75,0.00033082864100310305
1,B_svc,2,0.18598148183975707,39,0.18573876621990773,MAP_PMU,75,0.00024271561984934298
2,UPFC_Vsh,5-15,1.1085557532354584,39,1.1071370504650786,MAP_PMU,75,0.0014187027703798094
3,UPFC_tsh,5-15,-0.23079106211068243,39,-0.23076214785449695,MAP_PMU,75,2.891425618548049e-05
4,UPFC_Vse,5-15,0.06227173833179027,39,0.06081851734233769,MAP_PMU,75,0.0014532209894525805
5,UPFC_tse,5-15,-2.1763829327626363,39,-2.1524546571618854,MAP_PMU,75,0.023928275600750837
0,x_tcsc,1-14,-0.1138364074562388,40,-0.11330319200886299,MAP_PMU,75,0.0005332154473758066
1,B_svc,2,0.1853564871175243,40,0.18573876621990773,MAP_PMU,75,0.00038227910238342044
2,UPFC_Vsh,5-15,1.108478945892951,40,1.1071370504650786,MAP_PMU,75,0.0013418954278723305
3,UPFC_tsh,5-15,-0.23092157516356385,40,-0.23076214785449695,MAP_PMU,75,0.00015942730906690072
4,UPFC_Vse,5-15,0.06274964708260845,40,0.06081851734233769,MAP_PMU,75,0.001931129740270765
5,UPFC_tse,5-15,-2.183100967765777,40,-2.1524546571618854,MAP_PMU,75,0.030646310603891447
0,x_tcsc,1-14,-0.11378625432924157,41,-0.11330319200886299,MAP_PMU,75,0.0004830623203785772
1,B_svc,2,0.1860331889905628,41,0.18573876621990773,MAP_PMU,75,0.0002944227706550562
2,UPFC_Vsh,5-15,1.1087127289203238,41,1.1071370504650786,MAP_PMU,75,0.0015756784552451997
3,UPFC_tsh,5-15,-0.23088863436740542,41,-0.23076214785449695,MAP_PMU,75,0.00012648651290847468
4,UPFC_Vse,5-15,0.06273994905623961,41,0.06081851734233769,MAP_PMU,75,0.001921431713901925
5,UPFC_tse,5-15,-2.172166628547933,41,-2.1524546571618854,MAP_PMU,75,0.019711971386047633
0,x_tcsc,1-14,-0.11380989461246988,42,-0.11330319200886299,MAP_PMU,75,0.0005067026036068845
1,B_svc,2,0.1860179860729374,42,0.18573876621990773,MAP_PMU,75,0.0002792198530296719
2,UPFC_Vsh,5-15,1.108788794338332,42,1.1071370504650786,MAP_PMU,75,0.0016517438732535084
3,UPFC_tsh,5-15,-0.2309003991355485,42,-0.23076214785449695,MAP_PMU,75,0.00013825128105154905
4,UPFC_Vse,5-15,0.06228393905108346,42,0.06081851734233769,MAP_PMU,75,0.0014654217087457719
5,UPFC_tse,5-15,-2.1837054236608653,42,-2.1524546571618854,MAP_PMU,75,0.03125076649897984
0,x_tcsc,1-14,-0.11380576244297248,43,-0.11330319200886299,MAP_PMU,75,0.0005025704341094922
1,B_svc,2,0.18611849550145107,43,0.18573876621990773,MAP_PMU,75,0.0003797292815433395
2,UPFC_Vsh,5-15,1.1090491710732777,43,1.1071370504650786,MAP_PMU,75,0.0019121206081991193
3,UPFC_tsh,5-15,-0.23080956328357458,43,-0.23076214785449695,MAP_PMU,75,4.7415429077629634e-05
4,UPFC_Vse,5-15,0.06265404926722269,43,0.06081851734233769,MAP_PMU,75,0.0018355319248850033
5,UPFC_tse,5-15,-2.1726196892670147,43,-2.1524546571618854,MAP_PMU,75,0.02016503210512921
0,x_tcsc,1-14,-0.11388875517114051,44,-0.11330319200886299,MAP_PMU,75,0.000585563162277522
1,B_svc,2,0.1864444423996239,44,0.18573876621990773,MAP_PMU,75,0.0007056761797161748
2,UPFC_Vsh,5-15,1.1089750214747662,44,1.1071370504650786,MAP_PMU,75,0.0018379710096876334
3,UPFC_tsh,5-15,-0.2308472677515611,44,-0.23076214785449695,MAP_PMU,75,8.511989706416756e-05
4,UPFC_Vse,5-15,0.06323869141019166,44,0.06081851734233769,MAP_PMU,75,0.0024201740678539696
5,UPFC_tse,5-15,-2.175796835661358,44,-2.1524546571618854,MAP_PMU,75,0.02334217849947251
0,x_tcsc,1-14,-0.11381664445748445,45,-0.11330319200886299,MAP_PMU,75,0.000513452448621457
1,B_svc,2,0.1862582237622486,45,0.18573876621990773,MAP_PMU,75,0.0005194575423408676
2,UPFC_Vsh,5-15,1.1088129417177213,45,1.1071370504650786,MAP_PMU,75,0.0016758912526426695
3,UPFC_tsh,5-15,-0.23090393167864642,45,-0.23076214785449695,MAP_PMU,75,0.00014178382414947732
4,UPFC_Vse,5-15,0.06303002290803217,45,0.06081851734233769,MAP_PMU,75,0.00221150556569448
5,UPFC_tse,5-15,-2.181511197353369,45,-2.1524546571618854,MAP_PMU,75,0.029056540191483737
0,x_tcsc,1-14,-0.11382207130119995,46,-0.11330319200886299,MAP_PMU,75,0.0005188792923369601
1,B_svc,2,0.18617832580726373,46,0.18573876621990773,MAP_PMU,75,0.0004395595873560032
2,UPFC_Vsh,5-15,1.1083486568206244,46,1.1071370504650786,MAP_PMU,75,0.0012116063555458467
3,UPFC_tsh,5-15,-0.23093523743619548,46,-0.23076214785449695,MAP_PMU,75,0.00017308958169853783
4,UPFC_Vse,5-15,0.06295001470733708,46,0.06081851734233769,MAP_PMU,75,0.002131497364999388
5,UPFC_tse,5-15,-2.1844981780337296,46,-2.1524546571618854,MAP_PMU,75,0.032043520871844144
0,x_tcsc,1-14,-0.1137955671997973,47,-0.11330319200886299,MAP_PMU,75,0.0004923751909343133
1,B_svc,2,0.18580587236865645,47,0.18573876621990773,MAP_PMU,75,6.710614874871901e-05
2,UPFC_Vsh,5-15,1.108222239416196,47,1.1071370504650786,MAP_PMU,75,0.0010851889511174218
3,UPFC_tsh,5-15,-0.23096797031771404,47,-0.23076214785449695,MAP_PMU,75,0.00020582246321709796
4,UPFC_Vse,5-15,0.06290448517966879,47,0.06081851734233769,MAP_PMU,75,0.0020859678373311014
5,UPFC_tse,5-15,-2.19539071270437,47,-2.1524546571618854,MAP_PMU,75,0.042936055542484475
0,x_tcsc,1-14,-0.11370774222112717,48,-0.11330319200886299,MAP_PMU,75,0.000404550212264182
1,B_svc,2,0.18587773157693716,48,0.18573876621990773,MAP_PMU,75,0.0001389653570294247
2,UPFC_Vsh,5-15,1.1085570654873926,48,1.1071370504650786,MAP_PMU,75,0.0014200150223140362
3,UPFC_tsh,5-15,-0.23085799600908077,48,-0.23076214785449695,MAP_PMU,75,9.584815458382745e-05
4,UPFC_Vse,5-15,0.06226256920727776,48,0.06081851734233769,MAP_PMU,75,0.0014440518649400727
5,UPFC_tse,5-15,-2.182430722820503,48,-2.1524546571618854,MAP_PMU,75,0.029976065658617657
0,x_tcsc,1-14,-0.11385048777962271,49,-0.11330319200886299,MAP_PMU,75,0.0005472957707597231
1,B_svc,2,0.18642005210667034,49,0.18573876621990773,MAP_PMU,75,0.0006812858867626115
2,UPFC_Vsh,5-15,1.1085018734464802,49,1.1071370504650786,MAP_PMU,75,0.0013648229814016144
3,UPFC_tsh,5-15,-0.23094118075983622,49,-0.23076214785449695,MAP_PMU,75,0.0001790329053392714
4,UPFC_Vse,5-15,0.062413261044957445,49,0.06081851734233769,MAP_PMU,75,0.0015947437026197567
5,UPFC_tse,5-15,-2.180690863937035,49,-2.1524546571618854,MAP_PMU,75,0.028236206775149597
0,x_tcsc,1-14,-0.11384811032519018,50,-0.11330319200886299,MAP_PMU,75,0.000544918316327192
1,B_svc,2,0.1858496466311205,50,0.18573876621990773,MAP_PMU,75,0.00011088041121276593
2,UPFC_Vsh,5-15,1.1084865490262585,50,1.1071370504650786,MAP_PMU,75,0.0013494985611799404
3,UPFC_tsh,5-15,-0.2308829557242309,50,-0.23076214785449695,MAP_PMU,75,0.00012080786973395208
4,UPFC_Vse,5-15,0.06295829956831785,50,0.06081851734233769,MAP_PMU,75,0.002139782225980158
5,UPFC_tse,5-15,-2.1859437924250376,50,-2.1524546571618854,MAP_PMU,75,0.033489135263152114
0,x_tcsc,1-14,-0.11379759861416715,51,-0.11330319200886299,MAP_PMU,75,0.0004944066053041568
1,B_svc,2,0.18620742839319923,51,0.18573876621990773,MAP_PMU,75,0.00046866217329150084
2,UPFC_Vsh,5-15,1.1084018836439082,51,1.1071370504650786,MAP_PMU,75,0.0012648331788296385
3,UPFC_tsh,5-15,-0.23090135731531924,51,-0.23076214785449695,MAP_PMU,75,0.00013920946082229824
4,UPFC_Vse,5-15,0.06299656807984456,51,0.06081851734233769,MAP_PMU,75,0.002178050737506876
5,UPFC_tse,5-15,-2.1846454754323643,51,-2.1524546571618854,MAP_PMU,75,0.03219081827047887
0,x_tcsc,1-14,-0.11381912868116613,52,-0.11330319200886299,MAP_PMU,75,0.0005159366723031383
1,B_svc,2,0.18635221624481635,52,0.18573876621990773,MAP_PMU,75,0.0006134500249086183
2,UPFC_Vsh,5-15,1.1088351772359417,52,1.1071370504650786,MAP_PMU,75,0.0016981267708631176
3,UPFC_tsh,5-15,-0.23085781582203727,52,-0.23076214785449695,MAP_PMU,75,9.566796754031937e-05
4,UPFC_Vse,5-15,0.06289574366486889,52,0.06081851734233769,MAP_PMU,75,0.0020772263225311977
5,UPFC_tse,5-15,-2.177011293220106,52,-2.1524546571618854,MAP_PMU,75,0.024556636058220338
0,x_tcsc,1-14,-0.11388933084697594,53,-0.11330319200886299,MAP_PMU,75,0.000586138838112954
1,B_svc,2,0.1858066724833377,53,0.18573876621990773,MAP_PMU,75,6.790626342997874e-05
2,UPFC_Vsh,5-15,1.108633324915377,53,1.1071370504650786,MAP_PMU,75,0.0014962744502984293
3,UPFC_tsh,5-15,-0.23087334602086756,53,-0.23076214785449695,MAP_PMU,75,0.00011119816637061852
4,UPFC_Vse,5-15,0.06284504721023625,53,0.06081851734233769,MAP_PMU,75,0.0020265298678985577
5,UPFC_tse,5-15,-2.1833604014753276,53,-2.1524546571618854,MAP_PMU,75,0.030905744313442174
0,x_tcsc,1-14,-0.11374712059529142,54,-0.11330319200886299,MAP_PMU,75,0.0004439285864284298
1,B_svc,2,0.18630605514139698,54,0.18573876621990773,MAP_PMU,75,0.0005672889214892451
2,UPFC_Vsh,5-15,1.108764164703199,54,1.1071370504650786,MAP_PMU,75,0.0016271142381203418
3,UPFC_tsh,5-15,-0.23083072492152004,54,-0.23076214785449695,MAP_PMU,75,6.857706702309563e-05
4,UPFC_Vse,5-15,0.06274537464770676,54,0.06081851734233769,MAP_PMU,75,0.0019268573053690674
5,UPFC_tse,5-15,-2.1715812420902063,54,-2.1524546571618854,MAP_PMU,75,0.019126584928320867
0,x_tcsc,1-14,-0.11379292065043405,55,-0.11330319200886299,MAP_PMU,75,0.000489728641571055
1,B_svc,2,0.18670149171053937,55,0.18573876621990773,MAP_PMU,75,0.000962725490631644
2,UPFC_Vsh,5-15,1.1085324305452118,55,1.1071370504650786,MAP_PMU,75,0.0013953800801331795
3,UPFC_tsh,5-15,-0.23087890998448793,55,-0.23076214785449695,MAP_PMU,75,0.00011676212999098268
4,UPFC_Vse,5-15,0.06299276596354063,55,0.06081851734233769,MAP_PMU,75,0.00217424862120294
5,UPFC_tse,5-15,-2.1837171200045917,55,-2.1524546571618854,MAP_PMU,75,0.031262462842706285
0,x_tcsc,1-14,-0.11367147590499467,56,-0.11330319200886299,MAP_PMU,75,0.0003682838961316798
1,B_svc,2,0.18637432163536283,56,0.18573876621990773,MAP_PMU,75,0.0006355554154550969
2,UPFC_Vsh,5-15,1.108382100891612,56,1.1071370504650786,MAP_PMU,75,0.001245050426533334
3,UPFC_tsh,5-15,-0.23085603309195113,56,-0.23076214785449695,MAP_PMU,75,9.38852374541832e-05
4,UPFC_Vse,5-15,0.06222907015814951,56,0.06081851734233769,MAP_PMU,75,0.0014105528158118233
5,UPFC_tse,5-15,-2.181290507051679,56,-2.1524546571618854,MAP_PMU,75,0.028835849889793597
0,x_tcsc,1-14,-0.11382263071165163,57,-0.11330319200886299,MAP_PMU,75,0.0005194387027886438
1,B_svc,2,0.18624778073574602,57,0.18573876621990773,MAP_PMU,75,0.0005090145158382908
2,UPFC_Vsh,5-15,1.1083825615520124,57,1.1071370504650786,MAP_PMU,75,0.001245511086933826
3,UPFC_tsh,5-15,-0.2308780671597988,57,-0.23076214785449695,MAP_PMU,75,0.00011591930530185923
4,UPFC_Vse,5-15,0.06242135652709453,57,0.06081851734233769,MAP_PMU,75,0.0016028391847568435
5,UPFC_tse,5-15,-2.1870309750781423,57,-2.1524546571618854,MAP_PMU,75,0.034576317916256816
0,x_tcsc,1-14,-0.11369699208053546,58,-0.11330319200886299,MAP_PMU,75,0.0003938000716724732
1,B_svc,2,0.18590844027706915,58,0.18573876621990773,MAP_PMU,75,0.00016967405716142303
2,UPFC_Vsh,5-15,1.1084436216366875,58,1.1071370504650786,MAP_PMU,75,0.0013065711716089279
3,UPFC_tsh,5-15,-0.23090429041663607,58,-0.23076214785449695,MAP_PMU,75,0.0001421425621391248
4,UPFC_Vse,5-15,0.06275184207307377,58,0.06081851734233769,MAP_PMU,75,0.001933324730736083
5,UPFC_tse,5-15,-2.1824343141706386,58,-2.1524546571618854,MAP_PMU,75,0.029979657008753158
0,x_tcsc,1-14,-0.11368575573206541,59,-0.11330319200886299,MAP_PMU,75,0.00038256372320241705
1,B_svc,2,0.1858983167689841,59,0.18573876621990773,MAP_PMU,75,0.000159550549076376
2,UPFC_Vsh,5-15,1.1086128808707256,59,1.1071370504650786,MAP_PMU,75,0.0014758304056470273
3,UPFC_tsh,5-15,-0.23088603252253698,59,-0.23076214785449695,MAP_PMU,75,0.00012388466804003073
4,UPFC_Vse,5-15,0.0624751599469386,59,0.06081851734233769,MAP_PMU,75,0.0016566426046009108
5,UPFC_tse,5-15,-2.177605782854196,59,-2.1524546571618854,MAP_PMU,75,0.025151125692310483
0,x_tcsc,1-14,-0.11382577424755767,60,-0.11330319200886299,MAP_PMU,75,0.0005225822386946827
1,B_svc,2,0.18655730793789976,60,0.18573876621990773,MAP_PMU,75,0.0008185417179920329
2,UPFC_Vsh,5-15,1.108243687432837,60,1.1071370504650786,MAP_PMU,75,0.0011066369677583676
3,UPFC_tsh,5-15,-0.23093000760270221,60,-0.23076214785449695,MAP_PMU,75,0.00016785974820526794
4,UPFC_Vse,5-15,0.06236925153804318,60,0.06081851734233769,MAP_PMU,75,0.0015507341957054915
5,UPFC_tse,5-15,-2.189752941807901,60,-2.1524546571618854,MAP_PMU,75,0.03729828464601548
0,x_tcsc,1-14,-0.11372000271645703,61,-0.11330319200886299,MAP_PMU,75,0.0004168107075940425
1,B_svc,2,0.1858754237545047,61,0.18573876621990773,MAP_PMU,75,0.00013665753459696228
2,UPFC_Vsh,5-15,1.1088051138848658,61,1.1071370504650786,MAP_PMU,75,0.0016680634197872024
3,UPFC_tsh,5-15,-0.23081788407404574,61,-0.23076214785449695,MAP_PMU,75,5.5736219548796484e-05
4,UPFC_Vse,5-15,0.06250197771336666,61,0.06081851734233769,MAP_PMU,75,0.0016834603710289692
5,UPFC_tse,5-15,-2.1707378829500965,61,-2.1524546571618854,MAP_PMU,75,0.018283225788211066
0,x_tcsc,1-14,-0.11383777277929522,62,-0.11330319200886299,MAP_PMU,75,0.0005345807704322247
1,B_svc,2,0.18563751435840325,62,0.18573876621990773,MAP_PMU,75,0.00010125186150447552
2,UPFC_Vsh,5-15,1.1089100573337405,62,1.1071370504650786,MAP_PMU,75,0.001773006868661886
3,UPFC_tsh,5-15,-0.23079683256973627,62,-0.23076214785449695,MAP_PMU,75,3.4684715239319264e-05
4,UPFC_Vse,5-15,0.06229555486263779,62,0.06081851734233769,MAP_PMU,75,0.001477037520300102
5,UPFC_tse,5-15,-2.175606489482014,62,-2.1524546571618854,MAP_PMU,75,0.02315183232012874
0,x_tcsc,1-14,-0.11376438707149276,63,-0.11330319200886299,MAP_PMU,75,0.00046119506262977394
1,B_svc,2,0.185862902113036,63,0.18573876621990773,MAP_PMU,75,0.00012413589312826323
2,UPFC_Vsh,5-15,1.1083291079307112,63,1.1071370504650786,MAP_PMU,75,0.0011920574656325567
3,UPFC_tsh,5-15,-0.23097437667706822,63,-0.23076214785449695,MAP_PMU,75,0.00021222882257126985
4,UPFC_Vse,5-15,0.06250912052895728,63,0.06081851734233769,MAP_PMU,75,0.0016906031866195936
5,UPFC_tse,5-15,-2.1934828142006917,63,-2.1524546571618854,MAP_PMU,75,0.041028157038806246
0,x_tcsc,1-14,-0.11400469473515992,64,-0.11330319200886299,MAP_PMU,75,0.000701502726296932
1,B_svc,2,0.18601506604719362,64,0.18573876621990773,MAP_PMU,75,0.0002762998272858863
2,UPFC_Vsh,5-15,1.1082565960897146,64,1.1071370504650786,MAP_PMU,75,0.0011195456246360092
3,UPFC_tsh,5-15,-0.23089485481903635,64,-0.23076214785449695,MAP_PMU,75,0.000132706964539403
4,UPFC_Vse,5-15,0.062373095869894875,64,0.06081851734233769,MAP_PMU,75,0.0015545785275571863
5,UPFC_tse,5-15,-2.1759911970723533,64,-2.1524546571618854,MAP_PMU,75,0.02353653991046789
0,x_tcsc,1-14,-0.11378515959799944,65,-0.11330319200886299,MAP_PMU,75,0.00048196758913644777
1,B_svc,2,0.18645375642600825,65,0.18573876621990773,MAP_PMU,75,0.0007149902061005242
2,UPFC_Vsh,5-15,1.1087818519613482,65,1.1071370504650786,MAP_PMU,75,0.0016448014962695545
3,UPFC_tsh,5-15,-0.2308534935096359,65,-0.23076214785449695,MAP_PMU,75,9.134565513896353e-05
4,UPFC_Vse,5-15,0.062489950029534766,65,0.06081851734233769,MAP_PMU,75,0.0016714326871970775
5,UPFC_tse,5-15,-2.18549234585651,65,-2.1524546571618854,MAP_PMU,75,0.033037688694624645
0,x_tcsc,1-14,-0.11385923002038759,66,-0.11330319200886299,MAP_PMU,75,0.0005560380115245955
1,B_svc,2,0.18624452832356087,66,0.18573876621990773,MAP_PMU,75,0.0005057621036531346
2,UPFC_Vsh,5-15,1.108331684828116,66,1.1071370504650786,MAP_PMU,75,0.0011946343630373502
3,UPFC_tsh,5-15,-0.2308763387526671,66,-0.23076214785449695,MAP_PMU,75,0.00011419089817016337
4,UPFC_Vse,5-15,0.06284652338938203,66,0.06081851734233769,MAP_PMU,75,0.0020280060470443395
5,UPFC_tse,5-15,-2.1771196203686753,66,-2.1524546571618854,MAP_PMU,75,0.024664963206789903
0,x_tcsc,1-14,-0.11381248902739419,67,-0.11330319200886299,MAP_PMU,75,0.0005092970185311962
1,B_svc,2,0.1863281591921093,67,0.18573876621990773,MAP_PMU,75,0.0005893929722015634
2,UPFC_Vsh,5-15,1.1086457586300802,67,1.1071370504650786,MAP_PMU,75,0.0015087081650015932
3,UPFC_tsh,5-15,-0.23086685464475018,67,-0.23076214785449695,MAP_PMU,75,0.00010470679025323393
4,UPFC_Vse,5-15,0.06274712321760037,67,0.06081851734233769,MAP_PMU,75,0.0019286058752626817
5,UPFC_tse,5-15,-2.179948354409792,67,-2.1524546571618854,MAP_PMU,75,0.027493697247906734
0,x_tcsc,1-14,-0.11389860980609404,68,-0.11330319200886299,MAP_PMU,75,0.0005954177972310459
1,B_svc,2,0.1862679046064389,68,0.18573876621990773,MAP_PMU,75,0.0005291383865311805
2,UPFC_Vsh,5-15,1.1085979102611598,68,1.1071370504650786,MAP_PMU,75,0.0014608597960812375
3,UPFC_tsh,5-15,-0.23095850281076372,68,-0.23076214785449695,MAP_PMU,75,0.0001963549562667699
4,UPFC_Vse,5-15,0.06234743701571426,68,0.06081851734233769,MAP_PMU,75,0.0015289196733765734
5,UPFC_tse,5-15,-2.187038678328865,68,-2.1524546571618854,MAP_PMU,75,0.03458402116697945
0,x_tcsc,1-14,-0.11385595046564823,69,-0.11330319200886299,MAP_PMU,75,0.000552758456785235
1,B_svc,2,0.1859944742615313,69,0.18573876621990773,MAP_PMU,75,0.0002557080416235591
2,UPFC_Vsh,5-15,1.1086150436131117,69,1.1071370504650786,MAP_PMU,75,0.0014779931480330966
3,UPFC_tsh,5-15,-0.23090362815956728,69,-0.23076214785449695,MAP_PMU,75,0.0001414803050703295
4,UPFC_Vse,5-15,0.06211319368068156,69,0.06081851734233769,MAP_PMU,75,0.0012946763383438684
5,UPFC_tse,5-15,-2.1756611389503995,69,-2.1524546571618854,MAP_PMU,75,0.023206481788514033
0,x_tcsc,1-14,-0.11390974933033539,70,-0.11330319200886299,MAP_PMU,75,0.0006065573214723979
1,B_svc,2,0.18579811741666077,70,0.18573876621990773,MAP_PMU,75,5.935119675304357e-05
2,UPFC_Vsh,5-15,1.108670072065788,70,1.1071370504650786,MAP_PMU,75,0.00153302160070945
3,UPFC_tsh,5-15,-0.2308893498987215,70,-0.23076214785449695,MAP_PMU,75,0.00012720204422456138
4,UPFC_Vse,5-15,0.0622375298993053,70,0.06081851734233769,MAP_PMU,75,0.0014190125569676082
5,UPFC_tse,5-15,-2.183772387037653,70,-2.1524546571618854,MAP_PMU,75,0.03131772987576742
0,x_tcsc,1-14,-0.11369711052999107,71,-0.11330319200886299,MAP_PMU,75,0.00039391852112807824
1,B_svc,2,0.18615327207265625,71,0.18573876621990773,MAP_PMU,75,0.00041450585274852014
2,UPFC_Vsh,5-15,1.108494111951731,71,1.1071370504650786,MAP_PMU,75,0.0013570614866524888
3,UPFC_tsh,5-15,-0.2308638386509277,71,-0.23076214785449695,MAP_PMU,75,0.0001016907964307423
4,UPFC_Vse,5-15,0.06306138469146445,71,0.06081851734233769,MAP_PMU,75,0.0022428673491267648
5,UPFC_tse,5-15,-2.1776336613739,71,-2.1524546571618854,MAP_PMU,75,0.025179004212014355
0,x_tcsc,1-14,-0.11385808776422794,72,-0.11330319200886299,MAP_PMU,75,0.0005548957553649508
1,B_svc,2,0.18562170470909942,72,0.18573876621990773,MAP_PMU,75,0.00011706151080831395
2,UPFC_Vsh,5-15,1.108969071790471,72,1.1071370504650786,MAP_PMU,75,0.0018320213253923967
3,UPFC_tsh,5-15,-0.23081080413305316,72,-0.23076214785449695,MAP_PMU,75,4.8656278556213906e-05
4,UPFC_Vse,5-15,0.06232710989779314,72,0.06081851734233769,MAP_PMU,75,0.0015085925554554486
5,UPFC_tse,5-15,-2.1747882186592546,72,-2.1524546571618854,MAP_PMU,75,0.022333561497369203
0,x_tcsc,1-14,-0.11383709750141907,73,-0.11330319200886299,MAP_PMU,75,0.0005339054925560804
1,B_svc,2,0.1865796738184121,73,0.18573876621990773,MAP_PMU,75,0.000840907598504359
2,UPFC_Vsh,5-15,1.1087864118270665,73,1.1071370504650786,MAP_PMU,75,0.0016493613619879
3,UPFC_tsh,5-15,-0.23089299833375926,73,-0.23076214785449695,MAP_PMU,75,0.0001308504792623122
4,UPFC_Vse,5-15,0.0625407307239863,73,0.06081851734233769,MAP_PMU,75,0.0017222133816486157
5,UPFC_tse,5-15,-2.1751229991696053,73,-2.1524546571618854,MAP_PMU,75,0.022668342007719833
0,x_tcsc,1-14,-0.11369982421933572,74,-0.11330319200886299,MAP_PMU,75,0.00039663221047273045
1,B_svc,2,0.18629246372669492,74,0.18573876621990773,MAP_PMU,75,0.0005536975067871874
2,UPFC_Vsh,5-15,1.1086585661857344,74,1.1071370504650786,MAP_PMU,75,0.0015215157206558416
3,UPFC_tsh,5-15,-0.23085685436809283,74,-0.23076214785449695,MAP_PMU,75,9.4706513595888e-05
4,UPFC_Vse,5-15,0.06228872115440748,74,0.06081851734233769,MAP_PMU,75,0.0014702038120697897
5,UPFC_tse,5-15,-2.166617483589358,74,-2.1524546571618854,MAP_PMU,75,0.014162826427472464
0,x_tcsc,1-14,-0.11384322096681938,75,-0.11330319200886299,MAP_PMU,75,0.0005400289579563927
1,B_svc,2,0.18631121865864392,75,0.18573876621990773,MAP_PMU,75,0.0005724524387361873
2,UPFC_Vsh,5-15,1.108977726981109,75,1.1071370504650786,MAP_PMU,75,0.0018406765160303706
3,UPFC_tsh,5-15,-0.23086128968832875,75,-0.23076214785449695,MAP_PMU,75,9.914183383180619e-05
4,UPFC_Vse,5-15,0.06250801518841757,75,0.06081851734233769,MAP_PMU,75,0.0016894978460798848
5,UPFC_tse,5-15,-2.1749141658068027,75,-2.1524546571618854,MAP_PMU,75,0.022459508644917303
0,x_tcsc,1-14,-0.11385930027200755,76,-0.11330319200886299,MAP_PMU,75,0.0005561082631445613
1,B_svc,2,0.18689812553466373,76,0.18573876621990773,MAP_PMU,75,0.0011593593147559977
2,UPFC_Vsh,5-15,1.1085289530868954,76,1.1071370504650786,MAP_PMU,75,0.0013919026218167652
3,UPFC_tsh,5-15,-0.23086455955601706,76,-0.23076214785449695,MAP_PMU,75,0.00010241170152011647
4,UPFC_Vse,5-15,0.06246514444531256,76,0.06081851734233769,MAP_PMU,75,0.0016466271029748694
5,UPFC_tse,5-15,-2.178974671019581,76,-2.1524546571618854,MAP_PMU,75,0.026520013857695535
0,x_tcsc,1-14,-0.11385885273015893,77,-0.11330319200886299,MAP_PMU,75,0.0005556607212959391
1,B_svc,2,0.18583122774285782,77,0.18573876621990773,MAP_PMU,75,9.246152295008803e-05
2,UPFC_Vsh,5-15,1.1085156274723051,77,1.1071370504650786,MAP_PMU,75,0.0013785770072265446
3,UPFC_tsh,5-15,-0.23085981820325438,77,-0.23076214785449695,MAP_PMU,75,9.767034875743374e-05
4,UPFC_Vse,5-15,0.06292650186994163,77,0.06081851734233769,MAP_PMU,75,0.00210798452760394
5,UPFC_tse,5-15,-2.1758841045018396,77,-2.1524546571618854,MAP_PMU,75,0.023429447339954113
0,x_tcsc,1-14,-0.11397611552321747,78,-0.11330319200886299,MAP_PMU,75,0.0006729235143544815
1,B_svc,2,0.1859328995631888,78,0.18573876621990773,MAP_PMU,75,0.00019413334328108323
2,UPFC_Vsh,5-15,1.1084768605643907,78,1.1071370504650786,MAP_PMU,75,0.0013398100993120554
3,UPFC_tsh,5-15,-0.23091478102158405,78,-0.23076214785449695,MAP_PMU,75,0.00015263316708710728
4,UPFC_Vse,5-15,0.06312685288709403,78,0.06081851734233769,MAP_PMU,75,0.002308335544756346
5,UPFC_tse,5-15,-2.178156852794092,78,-2.1524546571618854,MAP_PMU,75,0.02570219563220677
0,x_tcsc,1-14,-0.1139159760141273,79,-0.11330319200886299,MAP_PMU,75,0.000612784005264308
1,B_svc,2,0.18642578534674492,79,0.18573876621990773,MAP_PMU,75,0.0006870191268371906
2,UPFC_Vsh,5-15,1.1084918530251133,79,1.1071370504650786,MAP_PMU,75,0.001354802560034729
3,UPFC_tsh,5-15,-0.23093714572692745,79,-0.23076214785449695,MAP_PMU,75,0.00017499787243049902
4,UPFC_Vse,5-15,0.06223533280642469,79,0.06081851734233769,MAP_PMU,75,0.0014168154640869998
5,UPFC_tse,5-15,-2.18238046352689,79,-2.1524546571618854,MAP_PMU,75,0.029925806365004526
0,x_tcsc,1-14,-0.11381875885852538,80,-0.11330319200886299,MAP_PMU,75,0.0005155668496623911
1,B_svc,2,0.18650588854701053,80,0.18573876621990773,MAP_PMU,75,0.0007671223271027983
2,UPFC_Vsh,5-15,1.1085071164949563,80,1.1071370504650786,MAP_PMU,75,0.001370066029877659
3,UPFC_tsh,5-15,-0.23091562319779976,80,-0.23076214785449695,MAP_PMU,75,0.00015347534330281687
4,UPFC_Vse,5-15,0.06299042043846088,80,0.06081851734233769,MAP_PMU,75,0.0021719030961231955
5,UPFC_tse,5-15,-2.192599261131519,80,-2.1524546571618854,MAP_PMU,75,0.0401446039696336
0,x_tcsc,1-14,-0.1138271638597926,81,-0.11330319200886299,MAP_PMU,75,0.0005239718509296026
1,B_svc,2,0.1862221452673899,81,0.18573876621990773,MAP_PMU,75,0.0004833790474821631
2,UPFC_Vsh,5-15,1.108388576749922,81,1.1071370504650786,MAP_PMU,75,0.001251526284843374
3,UPFC_tsh,5-15,-0.2309622254868396,81,-0.23076214785449695,MAP_PMU,75,0.00020007763234264342
4,UPFC_Vse,5-15,0.06232476285866183,81,0.06081851734233769,MAP_PMU,75,0.0015062455163241395
5,UPFC_tse,5-15,-2.1850558116201206,81,-2.1524546571618854,MAP_PMU,75,0.03260115445823519
0,x_tcsc,1-14,-0.11373764672003982,82,-0.11330319200886299,MAP_PMU,75,0.00043445471117682655
1,B_svc,2,0.18642193852783223,82,0.18573876621990773,MAP_PMU,75,0.0006831723079245011
2,UPFC_Vsh,5-15,1.1084846114524913,82,1.1071370504650786,MAP_PMU,75,0.0013475609874127326
3,UPFC_tsh,5-15,-0.23093952572541665,82,-0.23076214785449695,MAP_PMU,75,0.0001773778709197038
4,UPFC_Vse,5-15,0.06325623004434297,82,0.06081851734233769,MAP_PMU,75,0.002437712702005282
5,UPFC_tse,5-15,-2.182298258769982,82,-2.1524546571618854,MAP_PMU,75,0.029843601608096737
0,x_tcsc,1-14,-0.11371639654264444,83,-0.11330319200886299,MAP_PMU,75,0.00041320453378144995
1,B_svc,2,0.1866181610863571,83,0.18573876621990773,MAP_PMU,75,0.0008793948664493623
2,UPFC_Vsh,5-15,1.1089954466298646,83,1.1071370504650786,MAP_PMU,75,0.0018583961647860026
3,UPFC_tsh,5-15,-0.23088938040813586,83,-0.23076214785449695,MAP_PMU,75,0.0001272325536389174
4,UPFC_Vse,5-15,0.06248222125504335,83,0.06081851734233769,MAP_PMU,75,0.0016637039127056635
5,UPFC_tse,5-15,-2.174999425284634,83,-2.1524546571618854,MAP_PMU,75,0.022544768122748415
0,x_tcsc,1-14,-0.11386630792824612,84,-0.11330319200886299,MAP_PMU,75,0.0005631159193831281
1,B_svc,2,0.18602422457236836,84,0.18573876621990773,MAP_PMU,75,0.00028545835246063245
2,UPFC_Vsh,5-15,1.10850684345349,84,1.1071370504650786,MAP_PMU,75,0.0013697929884113336
3,UPFC_tsh,5-15,-0.2309504532975147,84,-0.23076214785449695,MAP_PMU,75,0.0001883054430177611
4,UPFC_Vse,5-15,0.06313670383294126,84,0.06081851734233769,MAP_PMU,75,0.0023181864906035715
5,UPFC_tse,5-15,-2.186622833546263,84,-2.1524546571618854,MAP_PMU,75,0.034168176384377524
0,x_tcsc,1-14,-0.11389414904246034,85,-0.11330319200886299,MAP_PMU,75,0.0005909570335973502
1,B_svc,2,0.18626952943856398,85,0.18573876621990773,MAP_PMU,75,0.0005307632186562494
2,UPFC_Vsh,5-15,1.1087694876679925,85,1.1071370504650786,MAP_PMU,75,0.00163243720291395
3,UPFC_tsh,5-15,-0.23087830208241714,85,-0.23076214785449695,MAP_PMU,75,0.00011615422792018992
4,UPFC_Vse,5-15,0.06226268429035018,85,0.06081851734233769,MAP_PMU,75,0.0014441669480124916
5,UPFC_tse,5-15,-2.1815364417876486,85,-2.1524546571618854,MAP_PMU,75,0.029081784625763163
0,x_tcsc,1-14,-0.11375913983861546,86,-0.11330319200886299,MAP_PMU,75,0.0004559478297524733
1,B_svc,2,0.18634918770731576,86,0.18573876621990773,MAP_PMU,75,0.0006104214874080305
2,UPFC_Vsh,5-15,1.1088844085335923,86,1.1071370504650786,MAP_PMU,75,0.0017473580685136714
3,UPFC_tsh,5-15,-0.230871102160665,86,-0.23076214785449695,MAP_PMU,75,0.00010895430616805757
4,UPFC_Vse,5-15,0.062018133558275824,86,0.06081851734233769,MAP_PMU,75,0.001199616215938136
5,UPFC_tse,5-15,-2.1802915571261217,86,-2.1524546571618854,MAP_PMU,75,0.027836899964236217
0,x_tcsc,1-14,-0.1138670893071647,87,-0.11330319200886299,MAP_PMU,75,0.0005638972983017104
1,B_svc,2,0.18611892028167568,87,0.18573876621990773,MAP_PMU,75,0.00038015406176794553
2,UPFC_Vsh,5-15,1.1085183265242426,87,1.1071370504650786,MAP_PMU,75,0.0013812760591640494
3,UPFC_tsh,5-15,-0.23093663372631446,87,-0.23076214785449695,MAP_PMU,75,0.00017448587181750908
4,UPFC_Vse,5-15,0.06296107701684615,87,0.06081851734233769,MAP_PMU,75,0.002142559674508465
5,UPFC_tse,5-15,-2.1812415156318568,87,-2.1524546571618854,MAP_PMU,75,0.02878685846997131
0,x_tcsc,1-14,-0.11375668171052218,88,-0.11330319200886299,MAP_PMU,75,0.00045348970165919045
1,B_svc,2,0.18653794808648894,88,0.18573876621990773,MAP_PMU,75,0.0007991818665812056
2,UPFC_Vsh,5-15,1.108239888664745,88,1.1071370504650786,MAP_PMU,75,0.0011028381996665004
3,UPFC_tsh,5-15,-0.23094276958106072,88,-0.23076214785449695,MAP_PMU,75,0.0001806217265637733
4,UPFC_Vse,5-15,0.0624980936160322,88,0.06081851734233769,MAP_PMU,75,0.0016795762736945136
5,UPFC_tse,5-15,-2.1871730130411624,88,-2.1524546571618854,MAP_PMU,75,0.03471835587927696
0,x_tcsc,1-14,-0.11389955011309327,89,-0.11330319200886299,MAP_PMU,75,0.0005963581042302823
1,B_svc,2,0.18609631463392687,89,0.18573876621990773,MAP_PMU,75,0.0003575484140191376
2,UPFC_Vsh,5-15,1.1085513494640733,89,1.1071370504650786,MAP_PMU,75,0.0014142989989947008
3,UPFC_tsh,5-15,-0.23092305856900533,89,-0.23076214785449695,MAP_PMU,75,0.00016091071450838323
4,UPFC_Vse,5-15,0.06246869438517791,89,0.06081851734233769,MAP_PMU,75,0.0016501770428402202
5,UPFC_tse,5-15,-2.1849040347480693,89,-2.1524546571618854,MAP_PMU,75,0.032449377586183825
0,x_tcsc,1-14,-0.11371089245542076,90,-0.11330319200886299,MAP_PMU,75,0.0004077004465577738
1,B_svc,2,0.18593487459817232,90,0.18573876621990773,MAP_PMU,75,0.0001961083782645867
2,UPFC_Vsh,5-15,1.1087777881983878,90,1.1071370504650786,MAP_PMU,75,0.0016407377333091944
3,UPFC_tsh,5-15,-0.23088676648135717,90,-0.23076214785449695,MAP_PMU,75,0.0001246186268602234
4,UPFC_Vse,5-15,0.06255415075588384,90,0.06081851734233769,MAP_PMU,75,0.001735633413546156
5,UPFC_tse,5-15,-2.1825444860078957,90,-2.1524546571618854,MAP_PMU,75,0.030089828846010302
0,x_tcsc,1-14,-0.11387147873843352,91,-0.11330319200886299,MAP_PMU,75,0.0005682867295705302
1,B_svc,2,0.18665854649189312,91,0.18573876621990773,MAP_PMU,75,0.0009197802719853876
2,UPFC_Vsh,5-15,1.108528787481326,91,1.1071370504650786,MAP_PMU,75,0.0013917370162475073
3,UPFC_tsh,5-15,-0.2309274070403539,91,-0.23076214785449695,MAP_PMU,75,0.00016525918585694188
4,UPFC_Vse,5-15,0.06275172013228399,91,0.06081851734233769,MAP_PMU,75,0.0019332027899462978
5,UPFC_tse,5-15,-2.179058725226587,91,-2.1524546571618854,MAP_PMU,75,0.026604068064701725
0,x_tcsc,1-14,-0.11371876119630248,92,-0.11330319200886299,MAP_PMU,75,0.0004155691874394851
1,B_svc,2,0.18625245512323918,92,0.18573876621990773,MAP_PMU,75,0.0005136889033314496
2,UPFC_Vsh,5-15,1.1086094449140382,92,1.1071370504650786,MAP_PMU,75,0.0014723944489596352
3,UPFC_tsh,5-15,-0.23083489635324078,92,-0.23076214785449695,MAP_PMU,75,7.274849874383538e-05
4,UPFC_Vse,5-15,0.06288723057580253,92,0.06081851734233769,MAP_PMU,75,0.0020687132334648445
5,UPFC_tse,5-15,-2.181328138339019,92,-2.1524546571618854,MAP_PMU,75,0.02887348117713362
0,x_tcsc,1-14,-0.11387564379881121,93,-0.11330319200886299,MAP_PMU,75,0.0005724517899482195
1,B_svc,2,0.18581090287408336,93,0.18573876621990773,MAP_PMU,75,7.213665417563075e-05
2,UPFC_Vsh,5-15,1.1085567050395093,93,1.1071370504650786,MAP_PMU,75,0.0014196545744307176
3,UPFC_tsh,5-15,-0.23096417997933774,93,-0.23076214785449695,MAP_PMU,75,0.00020203212484079525
4,UPFC_Vse,5-15,0.062402536485852304,93,0.06081851734233769,MAP_PMU,75,0.0015840191435146159
5,UPFC_tse,5-15,-2.1820384217482283,93,-2.1524546571618854,MAP_PMU,75,0.02958376458634282
0,x_tcsc,1-14,-0.11387103324737403,94,-0.11330319200886299,MAP_PMU,75,0.0005678412385110437
1,B_svc,2,0.18628178930521452,94,0.18573876621990773,MAP_PMU,75,0.000543023085306793
2,UPFC_Vsh,5-15,1.108436367189159,94,1.1071370504650786,MAP_PMU,75,0.001299316724080457
3,UPFC_tsh,5-15,-0.230954381976079,94,-0.23076214785449695,MAP_PMU,75,0.00019223412158206332
4,UPFC_Vse,5-15,0.06288543469570082,94,0.06081851734233769,MAP_PMU,75,0.002066917353363132
5,UPFC_tse,5-15,-2.1853191659747266,94,-2.1524546571618854,MAP_PMU,75,0.0328645088128412
0,x_tcsc,1-14,-0.11391301122476967,95,-0.11330319200886299,MAP_PMU,75,0.000609819215906679
1,B_svc,2,0.18628181351446377,95,0.18573876621990773,MAP_PMU,75,0.0005430472945560372
2,UPFC_Vsh,5-15,1.10878330014273,95,1.1071370504650786,MAP_PMU,75,0.001646249677651479
3,UPFC_tsh,5-15,-0.23087200761571097,95,-0.23076214785449695,MAP_PMU,75,0.00010985976121402619
4,UPFC_Vse,5-15,0.06278269709524315,95,0.06081851734233769,MAP_PMU,75,0.0019641797529054567
5,UPFC_tse,5-15,-2.1766478893218144,95,-2.1524546571618854,MAP_PMU,75,0.024193232159928968
0,x_tcsc,1-14,-0.11382228697702906,96,-0.11330319200886299,MAP_PMU,75,0.0005190949681660728
1,B_svc,2,0.1861135769751588,96,0.18573876621990773,MAP_PMU,75,0.00037481075525105934
2,UPFC_Vsh,5-15,1.1086043114752646,96,1.1071370504650786,MAP_PMU,75,0.0014672610101860162
3,UPFC_tsh,5-15,-0.2308203190133216,96,-0.23076214785449695,MAP_PMU,75,5.817115882464363e-05
4,UPFC_Vse,5-15,0.06247449148168335,96,0.06081851734233769,MAP_PMU,75,0.0016559741393456645
5,UPFC_tse,5-15,-2.1808263316081424,96,-2.1524546571618854,MAP_PMU,75,0.02837167444625699
0,x_tcsc,1-14,-0.11380514732076875,97,-0.11330319200886299,MAP_PMU,75,0.0005019553119057635
1,B_svc,2,0.18630402574644575,97,0.18573876621990773,MAP_PMU,75,0.00056525952653802
2,UPFC_Vsh,5-15,1.1088185403252055,97,1.1071370504650786,MAP_PMU,75,0.0016814898601269501
3,UPFC_tsh,5-15,-0.23088295067924341,97,-0.23076214785449695,MAP_PMU,75,0.00012080282474646875
4,UPFC_Vse,5-15,0.06332013040143371,97,0.06081851734233769,MAP_PMU,75,0.0025016130590960195
5,UPFC_tse,5-15,-2.183742761191986,97,-2.1524546571618854,MAP_PMU,75,0.031288104030100516
0,x_tcsc,1-14,-0.11371734849397591,98,-0.11330319200886299,MAP_PMU,75,0.0004141564851129209
1,B_svc,2,0.18631169186819702,98,0.18573876621990773,MAP_PMU,75,0.0005729256482892853
2,UPFC_Vsh,5-15,1.1085765425329117,98,1.1071370504650786,MAP_PMU,75,0.0014394920678331147
3,UPFC_tsh,5-15,-0.2309095816142509,98,-0.23076214785449695,MAP_PMU,75,0.00014743375975395656
4,UPFC_Vse,5-15,0.06237752313334304,98,0.06081851734233769,MAP_PMU,75,0.0015590057910053537
5,UPFC_tse,5-15,-2.179726587373596,98,-2.1524546571618854,MAP_PMU,75,0.027271930211710593
0,x_tcsc,1-14,-0.11383102136786837,99,-0.11330319200886299,MAP_PMU,75,0.0005278293590053745
1,B_svc,2,0.18620898472230146,99,0.18573876621990773,MAP_PMU,75,0.0004702185023937322
2,UPFC_Vsh,5-15,1.108397045631582,99,1.1071370504650786,MAP_PMU,75,0.0012599951665033249
3,UPFC_tsh,5-15,-0.23093007052042958,99,-0.23076214785449695,MAP_PMU,75,0.0001679226659326294
4,UPFC_Vse,5-15,0.06248391951598469,99,0.06081851734233769,MAP_PMU,75,0.0016654021736470029
5,UPFC_tse,5-15,-2.1874457407566448,99,-2.1524546571618854,MAP_PMU,75,0.03499108359475933
0,x_tcsc,1-14,-0.1129122544615148,0,-0.11244102989906583,MAP_PMU,77,0.0004712245624489686
1,B_svc,2,0.18431855730698202,0,0.18447772456321931,MAP_PMU,77,0.000159167256237297
2,UPFC_Vsh,5-15,1.1090545583556388,0,1.1078041107142318,MAP_PMU,77,0.0012504476414070265
3,UPFC_tsh,5-15,-0.2318475291180759,0,-0.23183980163822235,MAP_PMU,77,7.727479853558705e-06
4,UPFC_Vse,5-15,0.062166060804375624,0,0.0606352827826857,MAP_PMU,77,0.0015307780216899242
5,UPFC_tse,5-15,-2.1739714758827056,0,-2.153210255987545,MAP_PMU,77,0.020761219895160554
0,x_tcsc,1-14,-0.11282371015718325,1,-0.11244102989906583,MAP_PMU,77,0.0003826802581174127
1,B_svc,2,0.18464784313031507,1,0.18447772456321931,MAP_PMU,77,0.00017011856709575612
2,UPFC_Vsh,5-15,1.1084895540489506,1,1.1078041107142318,MAP_PMU,77,0.0006854433347187605
3,UPFC_tsh,5-15,-0.2320094975357509,1,-0.23183980163822235,MAP_PMU,77,0.00016969589752854897
4,UPFC_Vse,5-15,0.06276916476372267,1,0.0606352827826857,MAP_PMU,77,0.002133881981036971
5,UPFC_tse,5-15,-2.175277937010345,1,-2.153210255987545,MAP_PMU,77,0.022067681022800212
0,x_tcsc,1-14,-0.11289547152288473,2,-0.11244102989906583,MAP_PMU,77,0.0004544416238188992
1,B_svc,2,0.18455880241397404,2,0.18447772456321931,MAP_PMU,77,8.10778507547294e-05
2,UPFC_Vsh,5-15,1.108783156008973,2,1.1078041107142318,MAP_PMU,77,0.0009790452947411321
3,UPFC_tsh,5-15,-0.23182093693693825,2,-0.23183980163822235,MAP_PMU,77,1.8864701284093677e-05
4,UPFC_Vse,5-15,0.0625730847424546,2,0.0606352827826857,MAP_PMU,77,0.0019378019597688992
5,UPFC_tse,5-15,-2.17295960790895,2,-2.153210255987545,MAP_PMU,77,0.019749351921404923
0,x_tcsc,1-14,-0.1128875487043562,3,-0.11244102989906583,MAP_PMU,77,0.000446518805290369
1,B_svc,2,0.18513764461380916,3,0.18447772456321931,MAP_PMU,77,0.0006599200505898462
2,UPFC_Vsh,5-15,1.1082647682415627,3,1.1078041107142318,MAP_PMU,77,0.0004606575273309321
3,UPFC_tsh,5-15,-0.2320209791127581,3,-0.23183980163822235,MAP_PMU,77,0.00018117747453574862
4,UPFC_Vse,5-15,0.06319689126912736,3,0.0606352827826857,MAP_PMU,77,0.0025616084864416647
5,UPFC_tse,5-15,-2.189198443316325,3,-2.153210255987545,MAP_PMU,77,0.035988187328780175
0,x_tcsc,1-14,-0.11275646867584536,4,-0.11244102989906583,MAP_PMU,77,0.0003154387767795308
1,B_svc,2,0.18489147656200414,4,0.18447772456321931,MAP_PMU,77,0.0004137519987848226
2,UPFC_Vsh,5-15,1.1084861081243949,4,1.1078041107142318,MAP_PMU,77,0.0006819974101630599
3,UPFC_tsh,5-15,-0.23191737071180388,4,-0.23183980163822235,MAP_PMU,77,7.756907358152931e-05
4,UPFC_Vse,5-15,0.062189776991824534,4,0.0606352827826857,MAP_PMU,77,0.0015544942091388347
5,UPFC_tse,5-15,-2.185181299149972,4,-2.153210255987545,MAP_PMU,77,0.03197104316242694
0,x_tcsc,1-14,-0.11286072470134698,5,-0.11244102989906583,MAP_PMU,77,0.00041969480228114253
1,B_svc,2,0.18463447583375478,5,0.18447772456321931,MAP_PMU,77,0.00015675127053546567
2,UPFC_Vsh,5-15,1.1086914094789684,5,1.1078041107142318,MAP_PMU,77,0.0008872987647365882
3,UPFC_tsh,5-15,-0.23193238886323764,5,-0.23183980163822235,MAP_PMU,77,9.258722501528927e-05
4,UPFC_Vse,5-15,0.06252044797855481,5,0.0606352827826857,MAP_PMU,77,0.0018851651958691137
5,UPFC_tse,5-15,-2.1786036853540343,5,-2.153210255987545,MAP_PMU,77,0.02539342936648925
0,x_tcsc,1-14,-0.11287615533679389,6,-0.11244102989906583,MAP_PMU,77,0.0004351254377280567
1,B_svc,2,0.18447771640228708,6,0.18447772456321931,MAP_PMU,77,8.160932235545815e-09
2,UPFC_Vsh,5-15,1.1087769191311656,6,1.1078041107142318,MAP_PMU,77,0.0009728084169338125
3,UPFC_tsh,5-15,-0.2319947550241954,6,-0.23183980163822235,MAP_PMU,77,0.00015495338597304453
4,UPFC_Vse,5-15,0.06217341517658752,6,0.0606352827826857,MAP_PMU,77,0.0015381323939018185
5,UPFC_tse,5-15,-2.1820231789279276,6,-2.153210255987545,MAP_PMU,77,0.028812922940382624
0,x_tcsc,1-14,-0.11298337834438514,7,-0.11244102989906583,MAP_PMU,77,0.0005423484453193073
1,B_svc,2,0.18480501468034635,7,0.18447772456321931,MAP_PMU,77,0.00032729011712703815
2,UPFC_Vsh,5-15,1.1084758348447616,7,1.1078041107142318,MAP_PMU,77,0.0006717241305298494
3,UPFC_tsh,5-15,-0.23195337684718617,7,-0.23183980163822235,MAP_PMU,77,0.00011357520896382312
4,UPFC_Vse,5-15,0.06241536200282372,7,0.0606352827826857,MAP_PMU,77,0.0017800792201380228
5,UPFC_tse,5-15,-2.1813680618950335,7,-2.153210255987545,MAP_PMU,77,0.02815780590748851
0,x_tcsc,1-14,-0.1127627765543274,8,-0.11244102989906583,MAP_PMU,77,0.000321746655261565
1,B_svc,2,0.18478941394238313,8,0.18447772456321931,MAP_PMU,77,0.00031168937916381534
2,UPFC_Vsh,5-15,1.1085908755242428,8,1.1078041107142318,MAP_PMU,77,0.0007867648100110536
3,UPFC_tsh,5-15,-0.2319538825920699,8,-0.23183980163822235,MAP_PMU,77,0.00011408095384754513
4,UPFC_Vse,5-15,0.06298700980818156,8,0.0606352827826857,MAP_PMU,77,0.0023517270254958603
5,UPFC_tse,5-15,-2.1823889967958894,8,-2.153210255987545,MAP_PMU,77,0.029178740808344372
0,x_tcsc,1-14,-0.11296160717959351,9,-0.11244102989906583,MAP_PMU,77,0.0005205772805276787
1,B_svc,2,0.184553669309577,9,0.18447772456321931,MAP_PMU,77,7.594474635769233e-05
2,UPFC_Vsh,5-15,1.109183695380116,9,1.1078041107142318,MAP_PMU,77,0.0013795846658841704
3,UPFC_tsh,5-15,-0.2319263247331433,9,-0.23183980163822235,MAP_PMU,77,8.6523094920965e-05
4,UPFC_Vse,5-15,0.06235307534563565,9,0.0606352827826857,MAP_PMU,77,0.0017177925629499533
5,UPFC_tse,5-15,-2.1746016512214204,9,-2.153210255987545,MAP_PMU,77,0.021391395233875343
0,x_tcsc,1-14,-0.11285815171435976,10,-0.11244102989906583,MAP_PMU,77,0.0004171218152939221
1,B_svc,2,0.18473568683318523,10,0.18447772456321931,MAP_PMU,77,0.0002579622699659112
2,UPFC_Vsh,5-15,1.1084403229639668,10,1.1078041107142318,MAP_PMU,77,0.0006362122497349798
3,UPFC_tsh,5-15,-0.23201357104545334,10,-0.23183980163822235,MAP_PMU,77,0.00017376940723098921
4,UPFC_Vse,5-15,0.06274555567588244,10,0.0606352827826857,MAP_PMU,77,0.002110272893196742
5,UPFC_tse,5-15,-2.1724299580939226,10,-2.153210255987545,MAP_PMU,77,0.01921970210637758
0,x_tcsc,1-14,-0.11286572332573093,11,-0.11244102989906583,MAP_PMU,77,0.0004246934266650959
1,B_svc,2,0.18507663992625217,11,0.18447772456321931,MAP_PMU,77,0.0005989153630328592
2,UPFC_Vsh,5-15,1.108882763803278,11,1.1078041107142318,MAP_PMU,77,0.0010786530890463109
3,UPFC_tsh,5-15,-0.2319770015816557,11,-0.23183980163822235,MAP_PMU,77,0.00013719994343336372
4,UPFC_Vse,5-15,0.06252402823822736,11,0.0606352827826857,MAP_PMU,77,0.0018887454555416641
5,UPFC_tse,5-15,-2.1761725213878242,11,-2.153210255987545,MAP_PMU,77,0.022962265400279236
0,x_tcsc,1-14,-0.11278929975325115,12,-0.11244102989906583,MAP_PMU,77,0.000348269854185318
1,B_svc,2,0.18438975094814594,12,0.18447772456321931,MAP_PMU,77,8.797361507337231e-05
2,UPFC_Vsh,5-15,1.1087966738932629,12,1.1078041107142318,MAP_PMU,77,0.0009925631790310696
3,UPFC_tsh,5-15,-0.23195768767597671,12,-0.23183980163822235,MAP_PMU,77,0.00011788603775436668
4,UPFC_Vse,5-15,0.06319230735294912,12,0.0606352827826857,MAP_PMU,77,0.002557024570263418
5,UPFC_tse,5-15,-2.1817080729766642,12,-2.153210255987545,MAP_PMU,77,0.02849781698911924
0,x_tcsc,1-14,-0.11281424525752416,13,-0.11244102989906583,MAP_PMU,77,0.00037321535845832865
1,B_svc,2,0.18502713646351313,13,0.18447772456321931,MAP_PMU,77,0.0005494119002938114
2,UPFC_Vsh,5-15,1.1084531607691672,13,1.1078041107142318,MAP_PMU,77,0.0006490500549354294
3,UPFC_tsh,5-15,-0.23205694852923894,13,-0.23183980163822235,MAP_PMU,77,0.00021714689101659523
4,UPFC_Vse,5-15,0.06244986055350311,13,0.0606352827826857,MAP_PMU,77,0.0018145777708174077
5,UPFC_tse,5-15,-2.1940668023557555,13,-2.153210255987545,MAP_PMU,77,0.040856546368210456
0,x_tcsc,1-14,-0.1128694351773659,14,-0.11244102989906583,MAP_PMU,77,0.00042840527830007025
1,B_svc,2,0.1845253258077324,14,0.18447772456321931,MAP_PMU,77,4.760124451308467e-05
2,UPFC_Vsh,5-15,1.1086473324695771,14,1.1078041107142318,MAP_PMU,77,0.0008432217553453469
3,UPFC_tsh,5-15,-0.23195706639444585,14,-0.23183980163822235,MAP_PMU,77,0.0001172647562235063
4,UPFC_Vse,5-15,0.06219704997270344,14,0.0606352827826857,MAP_PMU,77,0.0015617671900177432
5,UPFC_tse,5-15,-2.17683455689105,14,-2.153210255987545,MAP_PMU,77,0.02362430090350509
0,x_tcsc,1-14,-0.11294811296550766,15,-0.11244102989906583,MAP_PMU,77,0.0005070830664418297
1,B_svc,2,0.18460407962207526,15,0.18447772456321931,MAP_PMU,77,0.00012635505885594256
2,UPFC_Vsh,5-15,1.1083735481491832,15,1.1078041107142318,MAP_PMU,77,0.0005694374349514142
3,UPFC_tsh,5-15,-0.23192448791400547,15,-0.23183980163822235,MAP_PMU,77,8.468627578311905e-05
4,UPFC_Vse,5-15,0.0626389760140317,15,0.0606352827826857,MAP_PMU,77,0.0020036932313460057
5,UPFC_tse,5-15,-2.183657463009281,15,-2.153210255987545,MAP_PMU,77,0.030447207021735867
0,x_tcsc,1-14,-0.11291470069404984,16,-0.11244102989906583,MAP_PMU,77,0.00047367079498400466
1,B_svc,2,0.1847965121318026,16,0.18447772456321931,MAP_PMU,77,0.0003187875685832786
2,UPFC_Vsh,5-15,1.1087060667257818,16,1.1078041107142318,MAP_PMU,77,0.0009019560115499647
3,UPFC_tsh,5-15,-0.23208174454335045,16,-0.23183980163822235,MAP_PMU,77,0.00024194290512810634
4,UPFC_Vse,5-15,0.062163602829868714,16,0.0606352827826857,MAP_PMU,77,0.0015283200471830141
5,UPFC_tse,5-15,-2.188103640138852,16,-2.153210255987545,MAP_PMU,77,0.03489338415130705
0,x_tcsc,1-14,-0.11280528700796176,17,-0.11244102989906583,MAP_PMU,77,0.0003642571088959268
1,B_svc,2,0.18475361574739457,17,0.18447772456321931,MAP_PMU,77,0.0002758911841752587
2,UPFC_Vsh,5-15,1.1090539926828125,17,1.1078041107142318,MAP_PMU,77,0.0012498819685806684
3,UPFC_tsh,5-15,-0.23183311458286218,17,-0.23183980163822235,MAP_PMU,77,6.6870553601661165e-06
4,UPFC_Vse,5-15,0.0625821777137159,17,0.0606352827826857,MAP_PMU,77,0.001946894931030195
5,UPFC_tse,5-15,-2.1631731430794443,17,-2.153210255987545,MAP_PMU,77,0.009962887091899297
0,x_tcsc,1-14,-0.11293513962564605,18,-0.11244102989906583,MAP_PMU,77,0.0004941097265802191
1,B_svc,2,0.18445664458022884,18,0.18447772456321931,MAP_PMU,77,2.1079982990473978e-05
2,UPFC_Vsh,5-15,1.1088129303052745,18,1.1078041107142318,MAP_PMU,77,0.001008819591042709
3,UPFC_tsh,5-15,-0.23199751651463238,18,-0.23183980163822235,MAP_PMU,77,0.00015771487641003112
4,UPFC_Vse,5-15,0.06273514129412741,18,0.0606352827826857,MAP_PMU,77,0.0020998585114417115
5,UPFC_tse,5-15,-2.1870093200191443,18,-2.153210255987545,MAP_PMU,77,0.03379906403159927
0,x_tcsc,1-14,-0.11288265901429881,19,-0.11244102989906583,MAP_PMU,77,0.0004416291152329749
1,B_svc,2,0.18442341941298412,19,0.18447772456321931,MAP_PMU,77,5.430515023518989e-05
2,UPFC_Vsh,5-15,1.1083624203252962,19,1.1078041107142318,MAP_PMU,77,0.0005583096110644004
3,UPFC_tsh,5-15,-0.2319714780202227,19,-0.23183980163822235,MAP_PMU,77,0.00013167638200034526
4,UPFC_Vse,5-15,0.0626970892751125,19,0.0606352827826857,MAP_PMU,77,0.0020618064924268
5,UPFC_tse,5-15,-2.1797451821613016,19,-2.153210255987545,MAP_PMU,77,0.026534926173756634
0,x_tcsc,1-14,-0.11290129085856924,20,-0.11244102989906583,MAP_PMU,77,0.0004602609595034113
1,B_svc,2,0.18495690083866578,20,0.18447772456321931,MAP_PMU,77,0.000479176275446469
2,UPFC_Vsh,5-15,1.1087085798671452,20,1.1078041107142318,MAP_PMU,77,0.000904469152913423
3,UPFC_tsh,5-15,-0.23203015625740514,20,-0.23183980163822235,MAP_PMU,77,0.00019035461918279206
4,UPFC_Vse,5-15,0.06245000215061149,20,0.0606352827826857,MAP_PMU,77,0.0018147193679257934
5,UPFC_tse,5-15,-2.1840460745332777,20,-2.153210255987545,MAP_PMU,77,0.030835818545732696
0,x_tcsc,1-14,-0.11284415142844674,21,-0.11244102989906583,MAP_PMU,77,0.0004031215293809065
1,B_svc,2,0.18515102475454506,21,0.18447772456321931,MAP_PMU,77,0.0006733001913257486
2,UPFC_Vsh,5-15,1.1088519512791752,21,1.1078041107142318,MAP_PMU,77,0.0010478405649434475
3,UPFC_tsh,5-15,-0.23194999351408724,21,-0.23183980163822235,MAP_PMU,77,0.0001101918758648901
4,UPFC_Vse,5-15,0.06257807478577321,21,0.0606352827826857,MAP_PMU,77,0.0019427920030875082
5,UPFC_tse,5-15,-2.1810088230984186,21,-2.153210255987545,MAP_PMU,77,0.027798567110873584
0,x_tcsc,1-14,-0.11299562826576538,22,-0.11244102989906583,MAP_PMU,77,0.0005545983666995491
1,B_svc,2,0.18439082261254847,22,0.18447772456321931,MAP_PMU,77,8.690195067084794e-05
2,UPFC_Vsh,5-15,1.1088628907028477,22,1.1078041107142318,MAP_PMU,77,0.001058779988615921
3,UPFC_tsh,5-15,-0.23195718263783155,22,-0.23183980163822235,MAP_PMU,77,0.00011738099960920123
4,UPFC_Vse,5-15,0.0627464390432127,22,0.0606352827826857,MAP_PMU,77,0.0021111562605269987
5,UPFC_tse,5-15,-2.1876197659608168,22,-2.153210255987545,MAP_PMU,77,0.034409509973271746
0,x_tcsc,1-14,-0.11275292023113812,23,-0.11244102989906583,MAP_PMU,77,0.00031189033207228156
1,B_svc,2,0.18507001920190108,23,0.18447772456321931,MAP_PMU,77,0.0005922946386817673
2,UPFC_Vsh,5-15,1.108930137401727,23,1.1078041107142318,MAP_PMU,77,0.0011260266874952851
3,UPFC_tsh,5-15,-0.23190483250271005,23,-0.23183980163822235,MAP_PMU,77,6.503086448769735e-05
4,UPFC_Vse,5-15,0.0625346038759945,23,0.0606352827826857,MAP_PMU,77,0.0018993210933087937
5,UPFC_tse,5-15,-2.177802966783464,23,-2.153210255987545,MAP_PMU,77,0.02459271079591918
0,x_tcsc,1-14,-0.11282981833472844,24,-0.11244102989906583,MAP_PMU,77,0.00038878843566260424
1,B_svc,2,0.18505448631133478,24,0.18447772456321931,MAP_PMU,77,0.0005767617481154674
2,UPFC_Vsh,5-15,1.1085232416421171,24,1.1078041107142318,MAP_PMU,77,0.0007191309278853364
3,UPFC_tsh,5-15,-0.23196055378451785,24,-0.23183980163822235,MAP_PMU,77,0.00012075214629550524
4,UPFC_Vse,5-15,0.06285810398430153,24,0.0606352827826857,MAP_PMU,77,0.002222821201615828
5,UPFC_tse,5-15,-2.183323817851858,24,-2.153210255987545,MAP_PMU,77,0.03011356186431291
0,x_tcsc,1-14,-0.11287638582388804,25,-0.11244102989906583,MAP_PMU,77,0.0004353559248222033
1,B_svc,2,0.18520472663835524,25,0.18447772456321931,MAP_PMU,77,0.0007270020751359296
2,UPFC_Vsh,5-15,1.1083524135002718,25,1.1078041107142318,MAP_PMU,77,0.0005483027860400114
3,UPFC_tsh,5-15,-0.23196012022163903,25,-0.23183980163822235,MAP_PMU,77,0.00012031858341668422
4,UPFC_Vse,5-15,0.06274633035399524,25,0.0606352827826857,MAP_PMU,77,0.002111047571309539
5,UPFC_tse,5-15,-2.1900794901915868,25,-2.153210255987545,MAP_PMU,77,0.036869234204041756
0,x_tcsc,1-14,-0.11293268990387005,26,-0.11244102989906583,MAP_PMU,77,0.0004916600048042175
1,B_svc,2,0.18490123157155605,26,0.18447772456321931,MAP_PMU,77,0.0004235070083367376
2,UPFC_Vsh,5-15,1.1082676226786314,26,1.1078041107142318,MAP_PMU,77,0.00046351196439964326
3,UPFC_tsh,5-15,-0.23194030570220214,26,-0.23183980163822235,MAP_PMU,77,0.00010050406397979494
4,UPFC_Vse,5-15,0.06244273365946801,26,0.0606352827826857,MAP_PMU,77,0.0018074508767823086
5,UPFC_tse,5-15,-2.175395300256025,26,-2.153210255987545,MAP_PMU,77,0.022185044268479892
0,x_tcsc,1-14,-0.11294538958103907,27,-0.11244102989906583,MAP_PMU,77,0.0005043596819732377
1,B_svc,2,0.18488636071127262,27,0.18447772456321931,MAP_PMU,77,0.0004086361480533096
2,UPFC_Vsh,5-15,1.108714537377515,27,1.1078041107142318,MAP_PMU,77,0.0009104266632831148
3,UPFC_tsh,5-15,-0.23193811711637646,27,-0.23183980163822235,MAP_PMU,77,9.831547815411512e-05
4,UPFC_Vse,5-15,0.062210344884427886,27,0.0606352827826857,MAP_PMU,77,0.0015750621017421862
5,UPFC_tse,5-15,-2.1762314403179785,27,-2.153210255987545,MAP_PMU,77,0.02302118433043354
0,x_tcsc,1-14,-0.112942649967399,28,-0.11244102989906583,MAP_PMU,77,0.0005016200683331667
1,B_svc,2,0.18459603443508735,28,0.18447772456321931,MAP_PMU,77,0.0001183098718680331
2,UPFC_Vsh,5-15,1.1087195074147975,28,1.1078041107142318,MAP_PMU,77,0.0009153967005657293
3,UPFC_tsh,5-15,-0.2318724912207744,28,-0.23183980163822235,MAP_PMU,77,3.2689582552064556e-05
4,UPFC_Vse,5-15,0.06248187803695474,28,0.0606352827826857,MAP_PMU,77,0.0018465952542690428
5,UPFC_tse,5-15,-2.1834433045643373,28,-2.153210255987545,MAP_PMU,77,0.03023304857679232
0,x_tcsc,1-14,-0.11274017170487727,29,-0.11244102989906583,MAP_PMU,77,0.00029914180581143424
1,B_svc,2,0.18456244164925634,29,0.18447772456321931,MAP_PMU,77,8.471708603702277e-05
2,UPFC_Vsh,5-15,1.1086265417171597,29,1.1078041107142318,MAP_PMU,77,0.0008224310029278925
3,UPFC_tsh,5-15,-0.23197864055872938,29,-0.23183980163822235,MAP_PMU,77,0.00013883892050703395
4,UPFC_Vse,5-15,0.06242103108745244,29,0.0606352827826857,MAP_PMU,77,0.0017857483047667433
5,UPFC_tse,5-15,-2.182330520096948,29,-2.153210255987545,MAP_PMU,77,0.02912026410940305
0,x_tcsc,1-14,-0.1129278756002772,30,-0.11244102989906583,MAP_PMU,77,0.0004868457012113664
1,B_svc,2,0.18481417522336066,30,0.18447772456321931,MAP_PMU,77,0.0003364506601413464
2,UPFC_Vsh,5-15,1.108669806929579,30,1.1078041107142318,MAP_PMU,77,0.0008656962153472669
3,UPFC_tsh,5-15,-0.23204208936239526,30,-0.23183980163822235,MAP_PMU,77,0.00020228772417291152
4,UPFC_Vse,5-15,0.06292638569801857,30,0.0606352827826857,MAP_PMU,77,0.002291102915332875
5,UPFC_tse,5-15,-2.1843386911370675,30,-2.153210255987545,MAP_PMU,77,0.03112843514952246
0,x_tcsc,1-14,-0.11296808848585356,31,-0.11244102989906583,MAP_PMU,77,0.0005270585867877264
1,B_svc,2,0.18466794881101128,31,0.18447772456321931,MAP_PMU,77,0.00019022424779197022
2,UPFC_Vsh,5-15,1.1085916391780255,31,1.1078041107142318,MAP_PMU,77,0.0007875284637937074
3,UPFC_tsh,5-15,-0.2320797787468808,31,-0.23183980163822235,MAP_PMU,77,0.00023997710865844568
4,UPFC_Vse,5-15,0.06288028686006221,31,0.0606352827826857,MAP_PMU,77,0.00224500407737651
5,UPFC_tse,5-15,-2.1827862015950292,31,-2.153210255987545,MAP_PMU,77,0.029575945607484222
0,x_tcsc,1-14,-0.11291267437812863,32,-0.11244102989906583,MAP_PMU,77,0.0004716444790627966
1,B_svc,2,0.18499584187289658,32,0.18447772456321931,MAP_PMU,77,0.0005181173096772684
2,UPFC_Vsh,5-15,1.108295398488804,32,1.1078041107142318,MAP_PMU,77,0.0004912877745721911
3,UPFC_tsh,5-15,-0.23206834938520118,32,-0.23183980163822235,MAP_PMU,77,0.0002285477469788355
4,UPFC_Vse,5-15,0.06301560676718561,32,0.0606352827826857,MAP_PMU,77,0.002380323984499909
5,UPFC_tse,5-15,-2.186431880404264,32,-2.153210255987545,MAP_PMU,77,0.03322162441671894
0,x_tcsc,1-14,-0.11288729473204044,33,-0.11244102989906583,MAP_PMU,77,0.00044626483297460773
1,B_svc,2,0.18451311740553855,33,0.18447772456321931,MAP_PMU,77,3.539284231923734e-05
2,UPFC_Vsh,5-15,1.108722546991638,33,1.1078041107142318,MAP_PMU,77,0.0009184362774061761
3,UPFC_tsh,5-15,-0.23194097202926353,33,-0.23183980163822235,MAP_PMU,77,0.0001011703910411832
4,UPFC_Vse,5-15,0.06221187719242646,33,0.0606352827826857,MAP_PMU,77,0.0015765944097407628
5,UPFC_tse,5-15,-2.175448688509436,33,-2.153210255987545,MAP_PMU,77,0.02223843252189095
0,x_tcsc,1-14,-0.11293591419434772,34,-0.11244102989906583,MAP_PMU,77,0.0004948842952818833
1,B_svc,2,0.18484587826783336,34,0.18447772456321931,MAP_PMU,77,0.00036815370461404373
2,UPFC_Vsh,5-15,1.1087031446005928,34,1.1078041107142318,MAP_PMU,77,0.0008990338863610337
3,UPFC_tsh,5-15,-0.2319712174769889,34,-0.23183980163822235,MAP_PMU,77,0.00013141583876655205
4,UPFC_Vse,5-15,0.06288044924375677,34,0.0606352827826857,MAP_PMU,77,0.00224516646107107
5,UPFC_tse,5-15,-2.177654619451651,34,-2.153210255987545,MAP_PMU,77,0.024444363464105834
0,x_tcsc,1-14,-0.11293521876251593,35,-0.11244102989906583,MAP_PMU,77,0.0004941888634500957
1,B_svc,2,0.18502453152878545,35,0.18447772456321931,MAP_PMU,77,0.0005468069655661378
2,UPFC_Vsh,5-15,1.1087406228068364,35,1.1078041107142318,MAP_PMU,77,0.0009365120926045911
3,UPFC_tsh,5-15,-0.23196999986957986,35,-0.23183980163822235,MAP_PMU,77,0.00013019823135751452
4,UPFC_Vse,5-15,0.06288702986332895,35,0.0606352827826857,MAP_PMU,77,0.0022517470806432474
5,UPFC_tse,5-15,-2.175513480459539,35,-2.153210255987545,MAP_PMU,77,0.022303224471993843
0,x_tcsc,1-14,-0.11283807702840165,36,-0.11244102989906583,MAP_PMU,77,0.00039704712933581743
1,B_svc,2,0.1847760882681431,36,0.18447772456321931,MAP_PMU,77,0.00029836370492378195
2,UPFC_Vsh,5-15,1.108677286463773,36,1.1078041107142318,MAP_PMU,77,0.0008731757495412662
3,UPFC_tsh,5-15,-0.2320157776191305,36,-0.23183980163822235,MAP_PMU,77,0.00017597598090815514
4,UPFC_Vse,5-15,0.06252560349275352,36,0.0606352827826857,MAP_PMU,77,0.001890320710067818
5,UPFC_tse,5-15,-2.185173257500594,36,-2.153210255987545,MAP_PMU,77,0.03196300151304898
0,x_tcsc,1-14,-0.1128773923591654,37,-0.11244102989906583,MAP_PMU,77,0.00043636246009956525
1,B_svc,2,0.18429245012648804,37,0.18447772456321931,MAP_PMU,77,0.0001852744367312753
2,UPFC_Vsh,5-15,1.108686838115441,37,1.1078041107142318,MAP_PMU,77,0.0008827274012093156
3,UPFC_tsh,5-15,-0.2319861481860336,37,-0.23183980163822235,MAP_PMU,77,0.00014634654781126022
4,UPFC_Vse,5-15,0.062336317620014035,37,0.0606352827826857,MAP_PMU,77,0.0017010348373283357
5,UPFC_tse,5-15,-2.1938512487986706,37,-2.153210255987545,MAP_PMU,77,0.04064099281112554
0,x_tcsc,1-14,-0.11276932032596962,38,-0.11244102989906583,MAP_PMU,77,0.00032829042690378507
1,B_svc,2,0.18397571360093534,38,0.18447772456321931,MAP_PMU,77,0.0005020109622839719
2,UPFC_Vsh,5-15,1.108610943390789,38,1.1078041107142318,MAP_PMU,77,0.0008068326765571232
3,UPFC_tsh,5-15,-0.23198674217252332,38,-0.23183980163822235,MAP_PMU,77,0.00014694053430097664
4,UPFC_Vse,5-15,0.0624771329245594,38,0.0606352827826857,MAP_PMU,77,0.0018418501418736993
5,UPFC_tse,5-15,-2.1757636350657523,38,-2.153210255987545,MAP_PMU,77,0.022553379078207314
0,x_tcsc,1-14,-0.11269535117817203,39,-0.11244102989906583,MAP_PMU,77,0.0002543212791061983
1,B_svc,2,0.18463438144524671,39,0.18447772456321931,MAP_PMU,77,0.00015665688202740058
2,UPFC_Vsh,5-15,1.1085920858637028,39,1.1078041107142318,MAP_PMU,77,0.000787975149471043
3,UPFC_tsh,5-15,-0.23200118926323776,39,-0.23183980163822235,MAP_PMU,77,0.00016138762501541337
4,UPFC_Vse,5-15,0.062405799108671695,39,0.0606352827826857,MAP_PMU,77,0.001770516325985995
5,UPFC_tse,5-15,-2.1714213917480283,39,-2.153210255987545,MAP_PMU,77,0.018211135760483277
0,x_tcsc,1-14,-0.11288135754899047,40,-0.11244102989906583,MAP_PMU,77,0.00044032764992463225
1,B_svc,2,0.18399867856021176,40,0.18447772456321931,MAP_PMU,77,0.0004790460030075494
2,UPFC_Vsh,5-15,1.1082270440007598,40,1.1078041107142318,MAP_PMU,77,0.00042293328652798223
3,UPFC_tsh,5-15,-0.23195296791606526,40,-0.23183980163822235,MAP_PMU,77,0.00011316627784291322
4,UPFC_Vse,5-15,0.06238972386924443,40,0.0606352827826857,MAP_PMU,77,0.0017544410865587279
5,UPFC_tse,5-15,-2.176630480320114,40,-2.153210255987545,MAP_PMU,77,0.023420224332569184
0,x_tcsc,1-14,-0.11285731418005235,41,-0.11244102989906583,MAP_PMU,77,0.0004162842809865147
1,B_svc,2,0.18482447403843671,41,0.18447772456321931,MAP_PMU,77,0.0003467494752174005
2,UPFC_Vsh,5-15,1.1084237607996332,41,1.1078041107142318,MAP_PMU,77,0.0006196500854014353
3,UPFC_tsh,5-15,-0.2320240619318294,41,-0.23183980163822235,MAP_PMU,77,0.000184260293607047
4,UPFC_Vse,5-15,0.0629344404972525,41,0.0606352827826857,MAP_PMU,77,0.0022991577145667977
5,UPFC_tse,5-15,-2.1968821969768246,41,-2.153210255987545,MAP_PMU,77,0.04367194098927962
0,x_tcsc,1-14,-0.11286013522292666,42,-0.11244102989906583,MAP_PMU,77,0.00041910532386083
1,B_svc,2,0.18472836451828853,42,0.18447772456321931,MAP_PMU,77,0.0002506399550692151
2,UPFC_Vsh,5-15,1.1083228515442467,42,1.1078041107142318,MAP_PMU,77,0.0005187408300149077
3,UPFC_tsh,5-15,-0.23205918650072063,42,-0.23183980163822235,MAP_PMU,77,0.00021938486249828415
4,UPFC_Vse,5-15,0.062479940193293435,42,0.0606352827826857,MAP_PMU,77,0.0018446574106077349
5,UPFC_tse,5-15,-2.187818424296866,42,-2.153210255987545,MAP_PMU,77,0.03460816830932112
0,x_tcsc,1-14,-0.11285036447889955,43,-0.11244102989906583,MAP_PMU,77,0.00040933457983372
1,B_svc,2,0.18488014013731918,43,0.18447772456321931,MAP_PMU,77,0.00040241557409986806
2,UPFC_Vsh,5-15,1.1088970924717703,43,1.1078041107142318,MAP_PMU,77,0.0010929817575384693
3,UPFC_tsh,5-15,-0.2319726050775337,43,-0.23183980163822235,MAP_PMU,77,0.00013280343931135197
4,UPFC_Vse,5-15,0.0629190391412016,43,0.0606352827826857,MAP_PMU,77,0.0022837563585159024
5,UPFC_tse,5-15,-2.1851632253687314,43,-2.153210255987545,MAP_PMU,77,0.031952969381186414
0,x_tcsc,1-14,-0.11293764280409026,44,-0.11244102989906583,MAP_PMU,77,0.0004966129050244239
1,B_svc,2,0.1851385247944648,44,0.18447772456321931,MAP_PMU,77,0.0006608002312454841
2,UPFC_Vsh,5-15,1.1092046677491973,44,1.1078041107142318,MAP_PMU,77,0.001400557034965555
3,UPFC_tsh,5-15,-0.23189231076524996,44,-0.23183980163822235,MAP_PMU,77,5.2509127027616787e-05
4,UPFC_Vse,5-15,0.06287082469409576,44,0.0606352827826857,MAP_PMU,77,0.002235541911410059
5,UPFC_tse,5-15,-2.164201659110688,44,-2.153210255987545,MAP_PMU,77,0.010991403123143062
0,x_tcsc,1-14,-0.11285445293220411,45,-0.11244102989906583,MAP_PMU,77,0.0004134230331382799
1,B_svc,2,0.18485699832719202,45,0.18447772456321931,MAP_PMU,77,0.00037927376397270396
2,UPFC_Vsh,5-15,1.1086902697280143,45,1.1078041107142318,MAP_PMU,77,0.0008861590137825281
3,UPFC_tsh,5-15,-0.23194184980160273,45,-0.23183980163822235,MAP_PMU,77,0.00010204816338038603
4,UPFC_Vse,5-15,0.06292378274842954,45,0.0606352827826857,MAP_PMU,77,0.0022884999657438385
5,UPFC_tse,5-15,-2.1838214124874886,45,-2.153210255987545,MAP_PMU,77,0.030611156499943615
0,x_tcsc,1-14,-0.11287776806676077,46,-0.11244102989906583,MAP_PMU,77,0.00043673816769493334
1,B_svc,2,0.18476449895737074,46,0.18447772456321931,MAP_PMU,77,0.00028677439415142336
2,UPFC_Vsh,5-15,1.1086304119784218,46,1.1078041107142318,MAP_PMU,77,0.0008263012641900325
3,UPFC_tsh,5-15,-0.2319493002784747,46,-0.23183980163822235,MAP_PMU,77,0.00010949864025236455
4,UPFC_Vse,5-15,0.06271259639301724,46,0.0606352827826857,MAP_PMU,77,0.0020773136103315396
5,UPFC_tse,5-15,-2.1754401069538734,46,-2.153210255987545,MAP_PMU,77,0.022229850966328346
0,x_tcsc,1-14,-0.11283945287295578,47,-0.11244102989906583,MAP_PMU,77,0.0003984229738899503
1,B_svc,2,0.18446787316404123,47,0.18447772456321931,MAP_PMU,77,9.851399178084641e-06
2,UPFC_Vsh,5-15,1.1090392963914484,47,1.1078041107142318,MAP_PMU,77,0.0012351856772165881
3,UPFC_tsh,5-15,-0.23188762260093349,47,-0.23183980163822235,MAP_PMU,77,4.7820962711137005e-05
4,UPFC_Vse,5-15,0.0622703599498041,47,0.0606352827826857,MAP_PMU,77,0.0016350771671184011
5,UPFC_tse,5-15,-2.1756530045667803,47,-2.153210255987545,MAP_PMU,77,0.02244274857923534
0,x_tcsc,1-14,-0.11276256378395175,48,-0.11244102989906583,MAP_PMU,77,0.0003215338848859134
1,B_svc,2,0.18466503135382473,48,0.18447772456321931,MAP_PMU,77,0.00018730679060541267
2,UPFC_Vsh,5-15,1.1083681268540149,48,1.1078041107142318,MAP_PMU,77,0.0005640161397830745
3,UPFC_tsh,5-15,-0.23197389606296526,48,-0.23183980163822235,MAP_PMU,77,0.00013409442474290878
4,UPFC_Vse,5-15,0.0621984256574118,48,0.0606352827826857,MAP_PMU,77,0.0015631428747261006
5,UPFC_tse,5-15,-2.188142574295319,48,-2.153210255987545,MAP_PMU,77,0.03493231830777388
0,x_tcsc,1-14,-0.11289715806707068,49,-0.11244102989906583,MAP_PMU,77,0.00045612816800484624
1,B_svc,2,0.18518941076104534,49,0.18447772456321931,MAP_PMU,77,0.0007116861978260225
2,UPFC_Vsh,5-15,1.1084033397222632,49,1.1078041107142318,MAP_PMU,77,0.0005992290080314433
3,UPFC_tsh,5-15,-0.2319707024437618,49,-0.23183980163822235,MAP_PMU,77,0.00013090080553945782
4,UPFC_Vse,5-15,0.062217784992613316,49,0.0606352827826857,MAP_PMU,77,0.0015825022099276165
5,UPFC_tse,5-15,-2.1808763177444592,49,-2.153210255987545,MAP_PMU,77,0.027666061756914218
0,x_tcsc,1-14,-0.11289706371538999,50,-0.11244102989906583,MAP_PMU,77,0.00045603381632415563
1,B_svc,2,0.18457891384811512,50,0.18447772456321931,MAP_PMU,77,0.00010118928489580292
2,UPFC_Vsh,5-15,1.1086757140420296,50,1.1078041107142318,MAP_PMU,77,0.0008716033277977875
3,UPFC_tsh,5-15,-0.23196145438282492,50,-0.23183980163822235,MAP_PMU,77,0.00012165274460257391
4,UPFC_Vse,5-15,0.06286904416549007,50,0.0606352827826857,MAP_PMU,77,0.0022337613828043654
5,UPFC_tse,5-15,-2.1812024497329547,50,-2.153210255987545,MAP_PMU,77,0.027992193745409732
0,x_tcsc,1-14,-0.11285794461411167,51,-0.11244102989906583,MAP_PMU,77,0.00041691471504583244
1,B_svc,2,0.1848004988859289,51,0.18447772456321931,MAP_PMU,77,0.0003227743227095792
2,UPFC_Vsh,5-15,1.1088328457589232,51,1.1078041107142318,MAP_PMU,77,0.0010287350446913646
3,UPFC_tsh,5-15,-0.23194507585121374,51,-0.23183980163822235,MAP_PMU,77,0.00010527421299139084
4,UPFC_Vse,5-15,0.06263100259387785,51,0.0606352827826857,MAP_PMU,77,0.001995719811192155
5,UPFC_tse,5-15,-2.1772844469263757,51,-2.153210255987545,MAP_PMU,77,0.024074190938830675
0,x_tcsc,1-14,-0.11288408422669063,52,-0.11244102989906583,MAP_PMU,77,0.00044305432762480057
1,B_svc,2,0.18505872529193942,52,0.18447772456321931,MAP_PMU,77,0.0005810007287201102
2,UPFC_Vsh,5-15,1.1088361480892854,52,1.1078041107142318,MAP_PMU,77,0.0010320373750536405
3,UPFC_tsh,5-15,-0.23192465846221932,52,-0.23183980163822235,MAP_PMU,77,8.485682399697603e-05
4,UPFC_Vse,5-15,0.06288001026788152,52,0.0606352827826857,MAP_PMU,77,0.002244727485195823
5,UPFC_tse,5-15,-2.1807894912918013,52,-2.153210255987545,MAP_PMU,77,0.027579235304256322
0,x_tcsc,1-14,-0.11294712734966117,53,-0.11244102989906583,MAP_PMU,77,0.0005060974505953358
1,B_svc,2,0.18455886619316833,53,0.18447772456321931,MAP_PMU,77,8.114162994901641e-05
2,UPFC_Vsh,5-15,1.1085600278363417,53,1.1078041107142318,MAP_PMU,77,0.0007559171221098726
3,UPFC_tsh,5-15,-0.23200007643844087,53,-0.23183980163822235,MAP_PMU,77,0.00016027480021851837
4,UPFC_Vse,5-15,0.06290795124065998,53,0.0606352827826857,MAP_PMU,77,0.002272668457974282
5,UPFC_tse,5-15,-2.1887085485983633,53,-2.153210255987545,MAP_PMU,77,0.03549829261081827
0,x_tcsc,1-14,-0.1128037030839269,54,-0.11244102989906583,MAP_PMU,77,0.0003626731848610648
1,B_svc,2,0.18498258534685003,54,0.18447772456321931,MAP_PMU,77,0.0005048607836307117
2,UPFC_Vsh,5-15,1.1089121697074944,54,1.1078041107142318,MAP_PMU,77,0.0011080589932626062
3,UPFC_tsh,5-15,-0.23194121096283093,54,-0.23183980163822235,MAP_PMU,77,0.00010140932460858676
4,UPFC_Vse,5-15,0.06258506907070137,54,0.0606352827826857,MAP_PMU,77,0.0019497862880156688
5,UPFC_tse,5-15,-2.1700253757521333,54,-2.153210255987545,MAP_PMU,77,0.01681511976458827
0,x_tcsc,1-14,-0.11283940290897818,55,-0.11244102989906583,MAP_PMU,77,0.00039837300991234226
1,B_svc,2,0.1852520785390674,55,0.18447772456321931,MAP_PMU,77,0.0007743539758480744
2,UPFC_Vsh,5-15,1.1089724536936825,55,1.1078041107142318,MAP_PMU,77,0.0011683429794506761
3,UPFC_tsh,5-15,-0.23195067386685508,55,-0.23183980163822235,MAP_PMU,77,0.00011087222863273571
4,UPFC_Vse,5-15,0.06280049037264011,55,0.0606352827826857,MAP_PMU,77,0.002165207589954414
5,UPFC_tse,5-15,-2.185471820364469,55,-2.153210255987545,MAP_PMU,77,0.03226156437692396
0,x_tcsc,1-14,-0.11274107025550767,56,-0.11244102989906583,MAP_PMU,77,0.0003000403564418358
1,B_svc,2,0.1850553354138215,56,0.18447772456321931,MAP_PMU,77,0.0005776108506021782
2,UPFC_Vsh,5-15,1.108542325479221,56,1.1078041107142318,MAP_PMU,77,0.0007382147649892534
3,UPFC_tsh,5-15,-0.23191933431811285,56,-0.23183980163822235,MAP_PMU,77,7.953267989049828e-05
4,UPFC_Vse,5-15,0.06198049646966293,56,0.0606352827826857,MAP_PMU,77,0.00134521368697723
5,UPFC_tse,5-15,-2.1762385725433013,56,-2.153210255987545,MAP_PMU,77,0.023028316555756323
0,x_tcsc,1-14,-0.1128465065871342,57,-0.11244102989906583,MAP_PMU,77,0.000405476688068368
1,B_svc,2,0.184923465262517,57,0.18447772456321931,MAP_PMU,77,0.00044574069929767535
2,UPFC_Vsh,5-15,1.1087692519012224,57,1.1078041107142318,MAP_PMU,77,0.0009651411869906479
3,UPFC_tsh,5-15,-0.23188752542656146,57,-0.23183980163822235,MAP_PMU,77,4.7723788339115725e-05
4,UPFC_Vse,5-15,0.062142282791332944,57,0.0606352827826857,MAP_PMU,77,0.001507000008647244
5,UPFC_tse,5-15,-2.1817302158169793,57,-2.153210255987545,MAP_PMU,77,0.028519959829434338
0,x_tcsc,1-14,-0.11277616252015447,58,-0.11244102989906583,MAP_PMU,77,0.0003351326210886407
1,B_svc,2,0.18462936962742563,58,0.18447772456321931,MAP_PMU,77,0.00015164506420631274
2,UPFC_Vsh,5-15,1.1084806568809134,58,1.1078041107142318,MAP_PMU,77,0.0006765461666815575
3,UPFC_tsh,5-15,-0.23197089760355905,58,-0.23183980163822235,MAP_PMU,77,0.0001310959653366972
4,UPFC_Vse,5-15,0.0624879451616102,58,0.0606352827826857,MAP_PMU,77,0.0018526623789245009
5,UPFC_tse,5-15,-2.18420559572314,58,-2.153210255987545,MAP_PMU,77,0.030995339735595095
0,x_tcsc,1-14,-0.11275178743950809,59,-0.11244102989906583,MAP_PMU,77,0.00031075754044225523
1,B_svc,2,0.1845603873024912,59,0.18447772456321931,MAP_PMU,77,8.266273927187706e-05
2,UPFC_Vsh,5-15,1.1088807761686346,59,1.1078041107142318,MAP_PMU,77,0.0010766654544027698
3,UPFC_tsh,5-15,-0.23187470846697797,59,-0.23183980163822235,MAP_PMU,77,3.49068287556209e-05
4,UPFC_Vse,5-15,0.06244560411400485,59,0.0606352827826857,MAP_PMU,77,0.0018103213313191494
5,UPFC_tse,5-15,-2.1777554823961918,59,-2.153210255987545,MAP_PMU,77,0.02454522640864676
0,x_tcsc,1-14,-0.11288209493449423,60,-0.11244102989906583,MAP_PMU,77,0.0004410650354284007
1,B_svc,2,0.1851068286598426,60,0.18447772456321931,MAP_PMU,77,0.0006291040966232841
2,UPFC_Vsh,5-15,1.1088093860017512,60,1.1078041107142318,MAP_PMU,77,0.0010052752875193693
3,UPFC_tsh,5-15,-0.23198279476671055,60,-0.23183980163822235,MAP_PMU,77,0.00014299312848820023
4,UPFC_Vse,5-15,0.062373316687520185,60,0.0606352827826857,MAP_PMU,77,0.001738033904834485
5,UPFC_tse,5-15,-2.1881932889483706,60,-2.153210255987545,MAP_PMU,77,0.03498303296082561
0,x_tcsc,1-14,-0.11278877715037983,61,-0.11244102989906583,MAP_PMU,77,0.00034774725131399287
1,B_svc,2,0.18468148686349564,61,0.18447772456321931,MAP_PMU,77,0.0002037623002763278
2,UPFC_Vsh,5-15,1.108135627551153,61,1.1078041107142318,MAP_PMU,77,0.00033151683692111966
3,UPFC_tsh,5-15,-0.2320101087342211,61,-0.23183980163822235,MAP_PMU,77,0.00017030709599874516
4,UPFC_Vse,5-15,0.06307618827722387,61,0.0606352827826857,MAP_PMU,77,0.0024409054945381745
5,UPFC_tse,5-15,-2.194706519058243,61,-2.153210255987545,MAP_PMU,77,0.04149626307069809
0,x_tcsc,1-14,-0.11291923265830864,62,-0.11244102989906583,MAP_PMU,77,0.00047820275924280453
1,B_svc,2,0.1844068844818929,62,0.18447772456321931,MAP_PMU,77,7.084008132640651e-05
2,UPFC_Vsh,5-15,1.1087096131238279,62,1.1078041107142318,MAP_PMU,77,0.0009055024095960817
3,UPFC_tsh,5-15,-0.2319033765270694,62,-0.23183980163822235,MAP_PMU,77,6.35748888470622e-05
4,UPFC_Vse,5-15,0.06214018288818522,62,0.0606352827826857,MAP_PMU,77,0.0015049001054995223
5,UPFC_tse,5-15,-2.176613066939874,62,-2.153210255987545,MAP_PMU,77,0.02340281095232921
0,x_tcsc,1-14,-0.11280622422812438,63,-0.11244102989906583,MAP_PMU,77,0.00036519432905854354
1,B_svc,2,0.18447757101381404,63,0.18447772456321931,MAP_PMU,77,1.5354940527401162e-07
2,UPFC_Vsh,5-15,1.1083752824873383,63,1.1078041107142318,MAP_PMU,77,0.0005711717731065047
3,UPFC_tsh,5-15,-0.2319530184176093,63,-0.23183980163822235,MAP_PMU,77,0.00011321677938694319
4,UPFC_Vse,5-15,0.062330691449259866,63,0.0606352827826857,MAP_PMU,77,0.0016954086665741663
5,UPFC_tse,5-15,-2.191581591264641,63,-2.153210255987545,MAP_PMU,77,0.03837133527709602
0,x_tcsc,1-14,-0.11302858395794851,64,-0.11244102989906583,MAP_PMU,77,0.0005875540588826805
1,B_svc,2,0.18467689990622255,64,0.18447772456321931,MAP_PMU,77,0.0001991753430032328
2,UPFC_Vsh,5-15,1.108482635304374,64,1.1078041107142318,MAP_PMU,77,0.000678524590142171
3,UPFC_tsh,5-15,-0.231957721984921,64,-0.23183980163822235,MAP_PMU,77,0.00011792034669866336
4,UPFC_Vse,5-15,0.06246252172138366,64,0.0606352827826857,MAP_PMU,77,0.0018272389386979615
5,UPFC_tse,5-15,-2.1792531874328582,64,-2.153210255987545,MAP_PMU,77,0.026042931445313222
0,x_tcsc,1-14,-0.11285397873814561,65,-0.11244102989906583,MAP_PMU,77,0.0004129488390797742
1,B_svc,2,0.18501409515446995,65,0.18447772456321931,MAP_PMU,77,0.00053637059125064
2,UPFC_Vsh,5-15,1.1086467331605139,65,1.1078041107142318,MAP_PMU,77,0.0008426224462820819
3,UPFC_tsh,5-15,-0.23198811781844025,65,-0.23183980163822235,MAP_PMU,77,0.0001483161802179056
4,UPFC_Vse,5-15,0.0626114438572272,65,0.0606352827826857,MAP_PMU,77,0.001976161074541495
5,UPFC_tse,5-15,-2.1848653689081696,65,-2.153210255987545,MAP_PMU,77,0.03165511292062462
0,x_tcsc,1-14,-0.11291242146538076,66,-0.11244102989906583,MAP_PMU,77,0.00047139156631492707
1,B_svc,2,0.18496808102382237,66,0.18447772456321931,MAP_PMU,77,0.000490356460603053
2,UPFC_Vsh,5-15,1.108652388021121,66,1.1078041107142318,MAP_PMU,77,0.0008482773068891891
3,UPFC_tsh,5-15,-0.23193777302348895,66,-0.23183980163822235,MAP_PMU,77,9.797138526659865e-05
4,UPFC_Vse,5-15,0.06265643321548876,66,0.0606352827826857,MAP_PMU,77,0.0020211504328030636
5,UPFC_tse,5-15,-2.1750766421734604,66,-2.153210255987545,MAP_PMU,77,0.02186638618591541
0,x_tcsc,1-14,-0.11285746716761748,67,-0.11244102989906583,MAP_PMU,77,0.00041643726855164487
1,B_svc,2,0.18488273633717298,67,0.18447772456321931,MAP_PMU,77,0.00040501177395366184
2,UPFC_Vsh,5-15,1.1083645963698707,67,1.1078041107142318,MAP_PMU,77,0.0005604856556389315
3,UPFC_tsh,5-15,-0.23200627956635347,67,-0.23183980163822235,MAP_PMU,77,0.00016647792813112572
4,UPFC_Vse,5-15,0.06262018884097406,67,0.0606352827826857,MAP_PMU,77,0.001984906058288362
5,UPFC_tse,5-15,-2.1798555149086276,67,-2.153210255987545,MAP_PMU,77,0.026645258921082604
0,x_tcsc,1-14,-0.11292601363383635,68,-0.11244102989906583,MAP_PMU,77,0.0004849837347705166
1,B_svc,2,0.1849527969722934,68,0.18447772456321931,MAP_PMU,77,0.0004750724090740732
2,UPFC_Vsh,5-15,1.1084905053956229,68,1.1078041107142318,MAP_PMU,77,0.0006863946813910893
3,UPFC_tsh,5-15,-0.231930674160614,68,-0.23183980163822235,MAP_PMU,77,9.087252239164956e-05
4,UPFC_Vse,5-15,0.06213762235591689,68,0.0606352827826857,MAP_PMU,77,0.00150233957323119
5,UPFC_tse,5-15,-2.1758134698958194,68,-2.153210255987545,MAP_PMU,77,0.022603213908274356
0,x_tcsc,1-14,-0.11289245157761936,69,-0.11244102989906583,MAP_PMU,77,0.00045142167855352633
1,B_svc,2,0.18461990113762067,69,0.18447772456321931,MAP_PMU,77,0.00014217657440135367
2,UPFC_Vsh,5-15,1.1083401205122636,69,1.1078041107142318,MAP_PMU,77,0.0005360097980318113
3,UPFC_tsh,5-15,-0.23193756977187802,69,-0.23183980163822235,MAP_PMU,77,9.776813365566794e-05
4,UPFC_Vse,5-15,0.0619270723369979,69,0.0606352827826857,MAP_PMU,77,0.0012917895543122018
5,UPFC_tse,5-15,-2.181272848040282,69,-2.153210255987545,MAP_PMU,77,0.028062592052736868
0,x_tcsc,1-14,-0.11294772344505549,70,-0.11244102989906583,MAP_PMU,77,0.0005066935459896588
1,B_svc,2,0.18448929331194966,70,0.18447772456321931,MAP_PMU,77,1.156874873034508e-05
2,UPFC_Vsh,5-15,1.108678087778504,70,1.1078041107142318,MAP_PMU,77,0.00087397706427228
3,UPFC_tsh,5-15,-0.23197050407527503,70,-0.23183980163822235,MAP_PMU,77,0.00013070243705268214
4,UPFC_Vse,5-15,0.06207516124850625,70,0.0606352827826857,MAP_PMU,77,0.0014398784658205474
5,UPFC_tse,5-15,-2.1834591096255993,70,-2.153210255987545,MAP_PMU,77,0.030248853638054296
0,x_tcsc,1-14,-0.1127587076248625,71,-0.11244102989906583,MAP_PMU,77,0.0003176777257966612
1,B_svc,2,0.18486895000837353,71,0.18447772456321931,MAP_PMU,77,0.0003912254451542141
2,UPFC_Vsh,5-15,1.108446940729484,71,1.1078041107142318,MAP_PMU,77,0.000642830015252116
3,UPFC_tsh,5-15,-0.2320070607521782,71,-0.23183980163822235,MAP_PMU,77,0.0001672591139558477
4,UPFC_Vse,5-15,0.06331931122805973,71,0.0606352827826857,MAP_PMU,77,0.0026840284453740273
5,UPFC_tse,5-15,-2.1889652639547195,71,-2.153210255987545,MAP_PMU,77,0.03575500796717446
0,x_tcsc,1-14,-0.11290885815168526,72,-0.11244102989906583,MAP_PMU,77,0.00046782825261942884
1,B_svc,2,0.18441017921645766,72,0.18447772456321931,MAP_PMU,77,6.754534676164936e-05
2,UPFC_Vsh,5-15,1.108692474178037,72,1.1078041107142318,MAP_PMU,77,0.0008883634638052751
3,UPFC_tsh,5-15,-0.2319930895935665,72,-0.23183980163822235,MAP_PMU,77,0.00015328795534413908
4,UPFC_Vse,5-15,0.062468582374447065,72,0.0606352827826857,MAP_PMU,77,0.0018332995917613656
5,UPFC_tse,5-15,-2.177930420549866,72,-2.153210255987545,MAP_PMU,77,0.024720164562320956
0,x_tcsc,1-14,-0.11290825806501613,73,-0.11244102989906583,MAP_PMU,77,0.00046722816595029526
1,B_svc,2,0.1850472584547814,73,0.18447772456321931,MAP_PMU,77,0.0005695338915620851
2,UPFC_Vsh,5-15,1.1089318919341875,73,1.1078041107142318,MAP_PMU,77,0.0011277812199557147
3,UPFC_tsh,5-15,-0.23189860052450229,73,-0.23183980163822235,MAP_PMU,77,5.8798886279937124e-05
4,UPFC_Vse,5-15,0.06232742945803778,73,0.0606352827826857,MAP_PMU,77,0.0016921466753520784
5,UPFC_tse,5-15,-2.1746125667692784,73,-2.153210255987545,MAP_PMU,77,0.02140231078173338
0,x_tcsc,1-14,-0.1127698093507979,74,-0.11244102989906583,MAP_PMU,77,0.0003287794517320697
1,B_svc,2,0.18497682807972649,74,0.18447772456321931,MAP_PMU,77,0.0004991035165071711
2,UPFC_Vsh,5-15,1.1087955768861522,74,1.1078041107142318,MAP_PMU,77,0.0009914661719203632
3,UPFC_tsh,5-15,-0.23189806294546936,74,-0.23183980163822235,MAP_PMU,77,5.826130724700951e-05
4,UPFC_Vse,5-15,0.062365786771229385,74,0.0606352827826857,MAP_PMU,77,0.0017305039885436857
5,UPFC_tse,5-15,-2.1751870078732547,74,-2.153210255987545,MAP_PMU,77,0.02197675188570969
0,x_tcsc,1-14,-0.11290166684539406,75,-0.11244102989906583,MAP_PMU,77,0.0004606369463282245
1,B_svc,2,0.18500554972033514,75,0.18447772456321931,MAP_PMU,77,0.0005278251571158299
2,UPFC_Vsh,5-15,1.108631683610309,75,1.1078041107142318,MAP_PMU,77,0.0008275728960771556
3,UPFC_tsh,5-15,-0.23195580556301576,75,-0.23183980163822235,MAP_PMU,77,0.00011600392479341193
4,UPFC_Vse,5-15,0.06240084065844487,75,0.0606352827826857,MAP_PMU,77,0.0017655578757591675
5,UPFC_tse,5-15,-2.1725365796246785,75,-2.153210255987545,MAP_PMU,77,0.01932632363713349
0,x_tcsc,1-14,-0.11288133247583967,76,-0.11244102989906583,MAP_PMU,77,0.00044030257677384055
1,B_svc,2,0.18534870502851453,76,0.18447772456321931,MAP_PMU,77,0.0008709804652952124
2,UPFC_Vsh,5-15,1.1090811006723496,76,1.1078041107142318,MAP_PMU,77,0.001276989958117758
3,UPFC_tsh,5-15,-0.23181821315063939,76,-0.23183980163822235,MAP_PMU,77,2.1588487582963056e-05
4,UPFC_Vse,5-15,0.061963396903857146,76,0.0606352827826857,MAP_PMU,77,0.0013281141211714462
5,UPFC_tse,5-15,-2.167664868496208,76,-2.153210255987545,MAP_PMU,77,0.01445461250866309
0,x_tcsc,1-14,-0.11289793744607333,77,-0.11244102989906583,MAP_PMU,77,0.00045690754700750125
1,B_svc,2,0.18443321776333824,77,0.18447772456321931,MAP_PMU,77,4.450679988107775e-05
2,UPFC_Vsh,5-15,1.1084237476625056,77,1.1078041107142318,MAP_PMU,77,0.0006196369482738273
3,UPFC_tsh,5-15,-0.23200014003349975,77,-0.23183980163822235,MAP_PMU,77,0.000160338395277404
4,UPFC_Vse,5-15,0.06291131364998379,77,0.0606352827826857,MAP_PMU,77,0.002276030867298086
5,UPFC_tse,5-15,-2.1826804215338664,77,-2.153210255987545,MAP_PMU,77,0.029470165546321425
0,x_tcsc,1-14,-0.11301382932659515,78,-0.11244102989906583,MAP_PMU,77,0.0005727994275293163
1,B_svc,2,0.18476870311542598,78,0.18447772456321931,MAP_PMU,77,0.0002909785522066666
2,UPFC_Vsh,5-15,1.1082176941907902,78,1.1078041107142318,MAP_PMU,77,0.000413583476558399
3,UPFC_tsh,5-15,-0.23202529994531068,78,-0.23183980163822235,MAP_PMU,77,0.00018549830708833315
4,UPFC_Vse,5-15,0.06312078768362658,78,0.0606352827826857,MAP_PMU,77,0.002485504900940884
5,UPFC_tse,5-15,-2.187280979295214,78,-2.153210255987545,MAP_PMU,77,0.03407072330766914
0,x_tcsc,1-14,-0.11296227765060848,79,-0.11244102989906583,MAP_PMU,77,0.00052124775154265
1,B_svc,2,0.18498420495771797,79,0.18447772456321931,MAP_PMU,77,0.0005064803944986596
2,UPFC_Vsh,5-15,1.1086974287907805,79,1.1078041107142318,MAP_PMU,77,0.0008933180765486881
3,UPFC_tsh,5-15,-0.23191792521342705,79,-0.23183980163822235,MAP_PMU,77,7.81235752047027e-05
4,UPFC_Vse,5-15,0.0619834884811796,79,0.0606352827826857,MAP_PMU,77,0.0013482056984938998
5,UPFC_tse,5-15,-2.184040313164658,79,-2.153210255987545,MAP_PMU,77,0.03083005717711318
0,x_tcsc,1-14,-0.11289395175628196,80,-0.11244102989906583,MAP_PMU,77,0.00045292185721612643
1,B_svc,2,0.18522675981299558,80,0.18447772456321931,MAP_PMU,77,0.0007490352497762642
2,UPFC_Vsh,5-15,1.1087222344321064,80,1.1078041107142318,MAP_PMU,77,0.000918123717874586
3,UPFC_tsh,5-15,-0.23200629316072574,80,-0.23183980163822235,MAP_PMU,77,0.0001664915225033925
4,UPFC_Vse,5-15,0.06246230518385169,80,0.0606352827826857,MAP_PMU,77,0.001827022401165987
5,UPFC_tse,5-15,-2.1829244578296767,80,-2.153210255987545,MAP_PMU,77,0.029714201842131693
0,x_tcsc,1-14,-0.11288776150551483,81,-0.11244102989906583,MAP_PMU,77,0.000446731606448994
1,B_svc,2,0.18479706743628405,81,0.18447772456321931,MAP_PMU,77,0.00031934287306473186
2,UPFC_Vsh,5-15,1.1086649185750692,81,1.1078041107142318,MAP_PMU,77,0.0008608078608374203
3,UPFC_tsh,5-15,-0.23197642113575453,81,-0.23183980163822235,MAP_PMU,77,0.0001366194975321866
4,UPFC_Vse,5-15,0.06190957087154608,81,0.0606352827826857,MAP_PMU,77,0.0012742880888603828
5,UPFC_tse,5-15,-2.1838707842322695,81,-2.153210255987545,MAP_PMU,77,0.03066052824472454
0,x_tcsc,1-14,-0.11279500919904248,82,-0.11244102989906583,MAP_PMU,77,0.000353979299976645
1,B_svc,2,0.18498976093603162,82,0.18447772456321931,MAP_PMU,77,0.0005120363728123023
2,UPFC_Vsh,5-15,1.1087755286000167,82,1.1078041107142318,MAP_PMU,77,0.0009714178857849198
3,UPFC_tsh,5-15,-0.23195225015273963,82,-0.23183980163822235,MAP_PMU,77,0.00011244851451727711
4,UPFC_Vse,5-15,0.06323650268223788,82,0.0606352827826857,MAP_PMU,77,0.0026012198995521776
5,UPFC_tse,5-15,-2.1832398213803414,82,-2.153210255987545,MAP_PMU,77,0.030029565392796442
0,x_tcsc,1-14,-0.11277024954019031,83,-0.11244102989906583,MAP_PMU,77,0.00032921964112447855
1,B_svc,2,0.18540043551963076,83,0.18447772456321931,MAP_PMU,77,0.0009227109564114433
2,UPFC_Vsh,5-15,1.1087977529398743,83,1.1078041107142318,MAP_PMU,77,0.000993642225642466
3,UPFC_tsh,5-15,-0.23199561701385327,83,-0.23183980163822235,MAP_PMU,77,0.00015581537563091885
4,UPFC_Vse,5-15,0.06254542379067661,83,0.0606352827826857,MAP_PMU,77,0.0019101410079909106
5,UPFC_tse,5-15,-2.1826026895079687,83,-2.153210255987545,MAP_PMU,77,0.029392433520423644
0,x_tcsc,1-14,-0.11289057471937895,84,-0.11244102989906583,MAP_PMU,77,0.00044954482031311915
1,B_svc,2,0.1846455448012892,84,0.18447772456321931,MAP_PMU,77,0.00016782023806988233
2,UPFC_Vsh,5-15,1.1086488522691382,84,1.1078041107142318,MAP_PMU,77,0.0008447415549064363
3,UPFC_tsh,5-15,-0.23193936572494442,84,-0.23183980163822235,MAP_PMU,77,9.95640867220704e-05
4,UPFC_Vse,5-15,0.06304166144955406,84,0.0606352827826857,MAP_PMU,77,0.00240637866686836
5,UPFC_tse,5-15,-2.190578745767855,84,-2.153210255987545,MAP_PMU,77,0.03736848978030993
0,x_tcsc,1-14,-0.11297029541400945,85,-0.11244102989906583,MAP_PMU,77,0.0005292655149436165
1,B_svc,2,0.18508561087458314,85,0.18447772456321931,MAP_PMU,77,0.0006078863113638255
2,UPFC_Vsh,5-15,1.108154743913574,85,1.1078041107142318,MAP_PMU,77,0.000350633199342143
3,UPFC_tsh,5-15,-0.23198031122120383,85,-0.23183980163822235,MAP_PMU,77,0.00014050958298147953
4,UPFC_Vse,5-15,0.06210461385903727,85,0.0606352827826857,MAP_PMU,77,0.0014693310763515682
5,UPFC_tse,5-15,-2.181468795756337,85,-2.153210255987545,MAP_PMU,77,0.028258539768792
0,x_tcsc,1-14,-0.1128177236779192,86,-0.11244102989906583,MAP_PMU,77,0.0003766937788533681
1,B_svc,2,0.18494670444933772,86,0.18447772456321931,MAP_PMU,77,0.00046897988611840913
2,UPFC_Vsh,5-15,1.1090758495788027,86,1.1078041107142318,MAP_PMU,77,0.0012717388645708816
3,UPFC_tsh,5-15,-0.23190740830431344,86,-0.23183980163822235,MAP_PMU,77,6.760666609109678e-05
4,UPFC_Vse,5-15,0.061961586188873166,86,0.0606352827826857,MAP_PMU,77,0.0013263034061874665
5,UPFC_tse,5-15,-2.179105856200767,86,-2.153210255987545,MAP_PMU,77,0.025895600213222014
0,x_tcsc,1-14,-0.11290282964649151,87,-0.11244102989906583,MAP_PMU,77,0.00046179974742567576
1,B_svc,2,0.18479754897376036,87,0.18447772456321931,MAP_PMU,77,0.00031982441054104194
2,UPFC_Vsh,5-15,1.1086628626618118,87,1.1078041107142318,MAP_PMU,77,0.0008587519475800054
3,UPFC_tsh,5-15,-0.23192417454166586,87,-0.23183980163822235,MAP_PMU,77,8.437290344351367e-05
4,UPFC_Vse,5-15,0.062799756888848,87,0.0606352827826857,MAP_PMU,77,0.002164474106162294
5,UPFC_tse,5-15,-2.174022993689065,87,-2.153210255987545,MAP_PMU,77,0.020812737701520145
0,x_tcsc,1-14,-0.11281644075992346,88,-0.11244102989906583,MAP_PMU,77,0.00037541086085762787
1,B_svc,2,0.18516494570364023,88,0.18447772456321931,MAP_PMU,77,0.0006872211404209128
2,UPFC_Vsh,5-15,1.108505296380838,88,1.1078041107142318,MAP_PMU,77,0.0007011856666061522
3,UPFC_tsh,5-15,-0.23194947603907012,88,-0.23183980163822235,MAP_PMU,77,0.00010967440084777569
4,UPFC_Vse,5-15,0.062261978618194484,88,0.0606352827826857,MAP_PMU,77,0.0016266958355087846
5,UPFC_tse,5-15,-2.188311688258055,88,-2.153210255987545,MAP_PMU,77,0.0351014322705101
0,x_tcsc,1-14,-0.11296318303649172,89,-0.11244102989906583,MAP_PMU,77,0.0005221531374258875
1,B_svc,2,0.18474867459731925,89,0.18447772456321931,MAP_PMU,77,0.0002709500340999371
2,UPFC_Vsh,5-15,1.1084838942547268,89,1.1078041107142318,MAP_PMU,77,0.000679783540495027
3,UPFC_tsh,5-15,-0.2319631227608604,89,-0.23183980163822235,MAP_PMU,77,0.00012332112263804818
4,UPFC_Vse,5-15,0.06210284075653201,89,0.0606352827826857,MAP_PMU,77,0.0014675579738463104
5,UPFC_tse,5-15,-2.179460438248397,89,-2.153210255987545,MAP_PMU,77,0.02625018226085185
0,x_tcsc,1-14,-0.11275347649962819,90,-0.11244102989906583,MAP_PMU,77,0.00031244660056235773
1,B_svc,2,0.18454171919431994,90,0.18447772456321931,MAP_PMU,77,6.399463110062786e-05
2,UPFC_Vsh,5-15,1.1090060859878994,90,1.1078041107142318,MAP_PMU,77,0.0012019752736676104
3,UPFC_tsh,5-15,-0.23194529473383582,90,-0.23183980163822235,MAP_PMU,77,0.00010549309561347364
4,UPFC_Vse,5-15,0.062411463210110575,90,0.0606352827826857,MAP_PMU,77,0.0017761804274248755
5,UPFC_tse,5-15,-2.1768263903976823,90,-2.153210255987545,MAP_PMU,77,0.023616134410137324
0,x_tcsc,1-14,-0.11290504965478791,91,-0.11244102989906583,MAP_PMU,77,0.0004640197557220782
1,B_svc,2,0.1851318946052406,91,0.18447772456321931,MAP_PMU,77,0.0006541700420212848
2,UPFC_Vsh,5-15,1.1090404354354102,91,1.1078041107142318,MAP_PMU,77,0.0012363247211784056
3,UPFC_tsh,5-15,-0.23191978164215615,91,-0.23183980163822235,MAP_PMU,77,7.9980003933805e-05
4,UPFC_Vse,5-15,0.06244170535731994,91,0.0606352827826857,MAP_PMU,77,0.001806422574634238
5,UPFC_tse,5-15,-2.164658445224581,91,-2.153210255987545,MAP_PMU,77,0.011448189237035944
0,x_tcsc,1-14,-0.11276157560732984,92,-0.11244102989906583,MAP_PMU,77,0.0003205457082640084
1,B_svc,2,0.18492378228170744,92,0.18447772456321931,MAP_PMU,77,0.0004460577184881298
2,UPFC_Vsh,5-15,1.1088413744805132,92,1.1078041107142318,MAP_PMU,77,0.0010372637662814377
3,UPFC_tsh,5-15,-0.23191558342160143,92,-0.23183980163822235,MAP_PMU,77,7.578178337908081e-05
4,UPFC_Vse,5-15,0.062435767489714605,92,0.0606352827826857,MAP_PMU,77,0.0018004847070289057
5,UPFC_tse,5-15,-2.1711233180650504,92,-2.153210255987545,MAP_PMU,77,0.017913062077505426
0,x_tcsc,1-14,-0.11292586889347789,93,-0.11244102989906583,MAP_PMU,77,0.000484838994412054
1,B_svc,2,0.1844224998140221,93,0.18447772456321931,MAP_PMU,77,5.522474919722464e-05
2,UPFC_Vsh,5-15,1.10900932772159,93,1.1078041107142318,MAP_PMU,77,0.0012052170073582058
3,UPFC_tsh,5-15,-0.23194073436299795,93,-0.23183980163822235,MAP_PMU,77,0.00010093272477559867
4,UPFC_Vse,5-15,0.0620649695574286,93,0.0606352827826857,MAP_PMU,77,0.0014296867747429012
5,UPFC_tse,5-15,-2.180418783429488,93,-2.153210255987545,MAP_PMU,77,0.02720852744194291
0,x_tcsc,1-14,-0.11291319556248819,94,-0.11244102989906583,MAP_PMU,77,0.00047216566342235533
1,B_svc,2,0.18498570372439208,94,0.18447772456321931,MAP_PMU,77,0.0005079791611727613
2,UPFC_Vsh,5-15,1.1087279372557428,94,1.1078041107142318,MAP_PMU,77,0.0009238265415110192
3,UPFC_tsh,5-15,-0.23192160642884083,94,-0.23183980163822235,MAP_PMU,77,8.180479061847823e-05
4,UPFC_Vse,5-15,0.06269899911442306,94,0.0606352827826857,MAP_PMU,77,0.00206371633173736
5,UPFC_tse,5-15,-2.1855830672135217,94,-2.153210255987545,MAP_PMU,77,0.03237281122597668
0,x_tcsc,1-14,-0.11297127068672434,95,-0.11244102989906583,MAP_PMU,77,0.0005302407876585091
1,B_svc,2,0.18505296744408306,95,0.18447772456321931,MAP_PMU,77,0.0005752428808637466
2,UPFC_Vsh,5-15,1.1085419470691693,95,1.1078041107142318,MAP_PMU,77,0.0007378363549375155
3,UPFC_tsh,5-15,-0.23197124961720253,95,-0.23183980163822235,MAP_PMU,77,0.00013144797898018146
4,UPFC_Vse,5-15,0.06290501749280927,95,0.0606352827826857,MAP_PMU,77,0.0022697347101235735
5,UPFC_tse,5-15,-2.1888705880305714,95,-2.153210255987545,MAP_PMU,77,0.03566033204302643
0,x_tcsc,1-14,-0.11286173735769013,96,-0.11244102989906583,MAP_PMU,77,0.0004207074586242976
1,B_svc,2,0.18476284749628732,96,0.18447772456321931,MAP_PMU,77,0.0002851229330680105
2,UPFC_Vsh,5-15,1.1085408837300947,96,1.1078041107142318,MAP_PMU,77,0.000736773015862946
3,UPFC_tsh,5-15,-0.23199135534098958,96,-0.23183980163822235,MAP_PMU,77,0.000151553702767232
4,UPFC_Vse,5-15,0.0626029586372384,96,0.0606352827826857,MAP_PMU,77,0.0019676758545527015
5,UPFC_tse,5-15,-2.190704717266669,96,-2.153210255987545,MAP_PMU,77,0.037494461279123925
0,x_tcsc,1-14,-0.11284801686714378,97,-0.11244102989906583,MAP_PMU,77,0.0004069869680779492
1,B_svc,2,0.18495478917248773,97,0.18447772456321931,MAP_PMU,77,0.00047706460926841276
2,UPFC_Vsh,5-15,1.1088900178031256,97,1.1078041107142318,MAP_PMU,77,0.0010859070888937783
3,UPFC_tsh,5-15,-0.2319316281962134,97,-0.23183980163822235,MAP_PMU,77,9.182655799105932e-05
4,UPFC_Vse,5-15,0.06319769024029116,97,0.0606352827826857,MAP_PMU,77,0.002562407457605463
5,UPFC_tse,5-15,-2.1868772905286615,97,-2.153210255987545,MAP_PMU,77,0.033667034541116525
0,x_tcsc,1-14,-0.11280417817713485,98,-0.11244102989906583,MAP_PMU,77,0.00036314827806901984
1,B_svc,2,0.1848825931708704,98,0.18447772456321931,MAP_PMU,77,0.0004048686076510988
2,UPFC_Vsh,5-15,1.109075122059902,98,1.1078041107142318,MAP_PMU,77,0.0012710113456702032
3,UPFC_tsh,5-15,-0.2319348171969707,98,-0.23183980163822235,MAP_PMU,77,9.501555874835699e-05
4,UPFC_Vse,5-15,0.06228091826548735,98,0.0606352827826857,MAP_PMU,77,0.0016456354828016523
5,UPFC_tse,5-15,-2.1843876017408634,98,-2.153210255987545,MAP_PMU,77,0.03117734575331843
0,x_tcsc,1-14,-0.11286381794799474,99,-0.11244102989906583,MAP_PMU,77,0.00042278804892890987
1,B_svc,2,0.1849879822845363,99,0.18447772456321931,MAP_PMU,77,0.0005102577213169923
2,UPFC_Vsh,5-15,1.108750497730515,99,1.1078041107142318,MAP_PMU,77,0.0009463870162831345
3,UPFC_tsh,5-15,-0.23194594068417296,99,-0.23183980163822235,MAP_PMU,77,0.00010613904595060952
4,UPFC_Vse,5-15,0.06207715713863777,99,0.0606352827826857,MAP_PMU,77,0.0014418743559520691
5,UPFC_tse,5-15,-2.1685265245625636,99,-2.153210255987545,MAP_PMU,77,0.015316268575018555
0,x_tcsc,1-14,-0.11196965330392324,0,-0.11156647763395859,MAP_PMU,79,0.00040317566996464493
1,B_svc,2,0.18255924506999133,0,0.18271560126173608,MAP_PMU,79,0.00015635619174475535
2,UPFC_Vsh,5-15,1.1086292690711512,0,1.1078640799983066,MAP_PMU,79,0.0007651890728446187
3,UPFC_tsh,5-15,-0.2331493418655035,0,-0.23298489358677693,MAP_PMU,79,0.00016444827872658108
4,UPFC_Vse,5-15,0.06244235008180423,0,0.060276025885051515,MAP_PMU,79,0.0021663241967527155
5,UPFC_tse,5-15,-2.194800759569431,0,-2.1574181522568168,MAP_PMU,79,0.037382607312614446
0,x_tcsc,1-14,-0.11188238134852214,1,-0.11156647763395859,MAP_PMU,79,0.0003159037145635535
1,B_svc,2,0.18269918480685332,1,0.18271560126173608,MAP_PMU,79,1.6416454882761666e-05
2,UPFC_Vsh,5-15,1.1088457047786435,1,1.1078640799983066,MAP_PMU,79,0.0009816247803369205
3,UPFC_tsh,5-15,-0.23307805416748403,1,-0.23298489358677693,MAP_PMU,79,9.316058070710231e-05
4,UPFC_Vse,5-15,0.06265816591506525,1,0.060276025885051515,MAP_PMU,79,0.0023821400300137324
5,UPFC_tse,5-15,-2.180830355899289,1,-2.1574181522568168,MAP_PMU,79,0.023412203642472207
0,x_tcsc,1-14,-0.1119305375738609,2,-0.11156647763395859,MAP_PMU,79,0.00036405993990230867
1,B_svc,2,0.18285645305935497,2,0.18271560126173608,MAP_PMU,79,0.000140851797618885
2,UPFC_Vsh,5-15,1.108603193571287,2,1.1078640799983066,MAP_PMU,79,0.0007391135729803988
3,UPFC_tsh,5-15,-0.2331115660612218,2,-0.23298489358677693,MAP_PMU,79,0.00012667247444486662
4,UPFC_Vse,5-15,0.06280749515534578,2,0.060276025885051515,MAP_PMU,79,0.0025314692702942676
5,UPFC_tse,5-15,-2.19420645781513,2,-2.1574181522568168,MAP_PMU,79,0.03678830555831336
0,x_tcsc,1-14,-0.11193372110046076,3,-0.11156647763395859,MAP_PMU,79,0.00036724346650217343
1,B_svc,2,0.18315855993054464,3,0.18271560126173608,MAP_PMU,79,0.0004429586688085574
2,UPFC_Vsh,5-15,1.108585207848313,3,1.1078640799983066,MAP_PMU,79,0.0007211278500063312
3,UPFC_tsh,5-15,-0.23306593862408354,3,-0.23298489358677693,MAP_PMU,79,8.104503730660406e-05
4,UPFC_Vse,5-15,0.06295374461418947,3,0.060276025885051515,MAP_PMU,79,0.002677718729137954
5,UPFC_tse,5-15,-2.179535397467587,3,-2.1574181522568168,MAP_PMU,79,0.022117245210770076
0,x_tcsc,1-14,-0.11180153450430907,4,-0.11156647763395859,MAP_PMU,79,0.0002350568703504835
1,B_svc,2,0.18305140670164838,4,0.18271560126173608,MAP_PMU,79,0.0003358054399122956
2,UPFC_Vsh,5-15,1.1085074912160426,4,1.1078640799983066,MAP_PMU,79,0.000643411217736034
3,UPFC_tsh,5-15,-0.23304154463156038,4,-0.23298489358677693,MAP_PMU,79,5.6651044783445625e-05
4,UPFC_Vse,5-15,0.06195628354739634,4,0.060276025885051515,MAP_PMU,79,0.0016802576623448223
5,UPFC_tse,5-15,-2.172623699490796,4,-2.1574181522568168,MAP_PMU,79,0.015205547233979377
0,x_tcsc,1-14,-0.11191364566326378,5,-0.11156647763395859,MAP_PMU,79,0.0003471680293051921
1,B_svc,2,0.18274501900362183,5,0.18271560126173608,MAP_PMU,79,2.941774188575108e-05
2,UPFC_Vsh,5-15,1.1087922234742809,5,1.1078640799983066,MAP_PMU,79,0.0009281434759742524
3,UPFC_tsh,5-15,-0.2331348817324126,5,-0.23298489358677693,MAP_PMU,79,0.00014998814563565999
4,UPFC_Vse,5-15,0.06266823661775901,5,0.060276025885051515,MAP_PMU,79,0.0023922107327074976
5,UPFC_tse,5-15,-2.1846962485463997,5,-2.1574181522568168,MAP_PMU,79,0.027278096289582887
0,x_tcsc,1-14,-0.11190353095296804,6,-0.11156647763395859,MAP_PMU,79,0.0003370533190094477
1,B_svc,2,0.182683550215057,6,0.18271560126173608,MAP_PMU,79,3.205104667908243e-05
2,UPFC_Vsh,5-15,1.1086155752054834,6,1.1078640799983066,MAP_PMU,79,0.0007514952071767667
3,UPFC_tsh,5-15,-0.23309220555045954,6,-0.23298489358677693,MAP_PMU,79,0.00010731196368260476
4,UPFC_Vse,5-15,0.062363183695973365,6,0.060276025885051515,MAP_PMU,79,0.0020871578109218497
5,UPFC_tse,5-15,-2.199123670684959,6,-2.1574181522568168,MAP_PMU,79,0.041705518428142074
0,x_tcsc,1-14,-0.11201080693929362,7,-0.11156647763395859,MAP_PMU,79,0.00044432930533502835
1,B_svc,2,0.1830129514570013,7,0.18271560126173608,MAP_PMU,79,0.00029735019526522244
2,UPFC_Vsh,5-15,1.108535359487184,7,1.1078640799983066,MAP_PMU,79,0.0006712794888774631
3,UPFC_tsh,5-15,-0.2331256604358418,7,-0.23298489358677693,MAP_PMU,79,0.0001407668490648606
4,UPFC_Vse,5-15,0.06219561562673584,7,0.060276025885051515,MAP_PMU,79,0.0019195897416843244
5,UPFC_tse,5-15,-2.1858091184312345,7,-2.1574181522568168,MAP_PMU,79,0.02839096617441772
0,x_tcsc,1-14,-0.1118109309344766,8,-0.11156647763395859,MAP_PMU,79,0.00024445330051800496
1,B_svc,2,0.18286054033099594,8,0.18271560126173608,MAP_PMU,79,0.00014493906925985844
2,UPFC_Vsh,5-15,1.1087706054610924,8,1.1078640799983066,MAP_PMU,79,0.000906525462785801
3,UPFC_tsh,5-15,-0.23311048470876095,8,-0.23298489358677693,MAP_PMU,79,0.00012559112198401445
4,UPFC_Vse,5-15,0.06292947459330343,8,0.060276025885051515,MAP_PMU,79,0.002653448708251918
5,UPFC_tse,5-15,-2.180637700246911,8,-2.1574181522568168,MAP_PMU,79,0.02321954799009429
0,x_tcsc,1-14,-0.11199322013074453,9,-0.11156647763395859,MAP_PMU,79,0.00042674249678593956
1,B_svc,2,0.18295470306750292,9,0.18271560126173608,MAP_PMU,79,0.0002391018057668337
2,UPFC_Vsh,5-15,1.1084917842231319,9,1.1078640799983066,MAP_PMU,79,0.0006277042248252762
3,UPFC_tsh,5-15,-0.23312667656953343,9,-0.23298489358677693,MAP_PMU,79,0.00014178298275649426
4,UPFC_Vse,5-15,0.062353256545929374,9,0.060276025885051515,MAP_PMU,79,0.0020772306608778587
5,UPFC_tse,5-15,-2.1807750614014205,9,-2.1574181522568168,MAP_PMU,79,0.023356909144603755
0,x_tcsc,1-14,-0.11190539494749499,10,-0.11156647763395859,MAP_PMU,79,0.0003389173135363993
1,B_svc,2,0.1829537838970631,10,0.18271560126173608,MAP_PMU,79,0.00023818263532701667
2,UPFC_Vsh,5-15,1.108366919721954,10,1.1078640799983066,MAP_PMU,79,0.0005028397236472859
3,UPFC_tsh,5-15,-0.23315314511604465,10,-0.23298489358677693,MAP_PMU,79,0.00016825152926772113
4,UPFC_Vse,5-15,0.06287058954454011,10,0.060276025885051515,MAP_PMU,79,0.002594563659488597
5,UPFC_tse,5-15,-2.188293771024506,10,-2.1574181522568168,MAP_PMU,79,0.030875618767689073
0,x_tcsc,1-14,-0.11191531609641914,11,-0.11156647763395859,MAP_PMU,79,0.00034883846246054617
1,B_svc,2,0.18328699663198295,11,0.18271560126173608,MAP_PMU,79,0.0005713953702468633
2,UPFC_Vsh,5-15,1.1084870312626107,11,1.1078640799983066,MAP_PMU,79,0.0006229512643041168
3,UPFC_tsh,5-15,-0.23309108024567896,11,-0.23298489358677693,MAP_PMU,79,0.00010618665890202439
4,UPFC_Vse,5-15,0.06255251813952781,11,0.060276025885051515,MAP_PMU,79,0.0022764922544762922
5,UPFC_tse,5-15,-2.185274379025423,11,-2.1574181522568168,MAP_PMU,79,0.02785622676860644
0,x_tcsc,1-14,-0.11182695979555057,12,-0.11156647763395859,MAP_PMU,79,0.00026048216159198223
1,B_svc,2,0.1826927691140419,12,0.18271560126173608,MAP_PMU,79,2.283214769419062e-05
2,UPFC_Vsh,5-15,1.1087945916686504,12,1.1078640799983066,MAP_PMU,79,0.0009305116703437477
3,UPFC_tsh,5-15,-0.2330737343605474,12,-0.23298489358677693,MAP_PMU,79,8.884077377047106e-05
4,UPFC_Vse,5-15,0.06299957601414866,12,0.060276025885051515,MAP_PMU,79,0.002723550129097141
5,UPFC_tse,5-15,-2.1827300448580167,12,-2.1574181522568168,MAP_PMU,79,0.025311892601199926
0,x_tcsc,1-14,-0.1118838383628496,13,-0.11156647763395859,MAP_PMU,79,0.00031736072889100575
1,B_svc,2,0.18304485293717898,13,0.18271560126173608,MAP_PMU,79,0.0003292516754428987
2,UPFC_Vsh,5-15,1.1089991074435486,13,1.1078640799983066,MAP_PMU,79,0.001135027445241965
3,UPFC_tsh,5-15,-0.2330071393279362,13,-0.23298489358677693,MAP_PMU,79,2.224574115927691e-05
4,UPFC_Vse,5-15,0.0619332565881508,13,0.060276025885051515,MAP_PMU,79,0.0016572307030992828
5,UPFC_tse,5-15,-2.1768884748326744,13,-2.1574181522568168,MAP_PMU,79,0.01947032257585768
0,x_tcsc,1-14,-0.1119103471213117,14,-0.11156647763395859,MAP_PMU,79,0.00034386948735311285
1,B_svc,2,0.18261782700526827,14,0.18271560126173608,MAP_PMU,79,9.777425646781412e-05
2,UPFC_Vsh,5-15,1.1092423691906976,14,1.1078640799983066,MAP_PMU,79,0.0013782891923910245
3,UPFC_tsh,5-15,-0.23302390815872376,14,-0.23298489358677693,MAP_PMU,79,3.9014571946827115e-05
4,UPFC_Vse,5-15,0.06213287654078664,14,0.060276025885051515,MAP_PMU,79,0.001856850655735126
5,UPFC_tse,5-15,-2.181665726734792,14,-2.1574181522568168,MAP_PMU,79,0.02424757447797532
0,x_tcsc,1-14,-0.11199467164263274,15,-0.11156647763395859,MAP_PMU,79,0.00042819400867415147
1,B_svc,2,0.18256088220604313,15,0.18271560126173608,MAP_PMU,79,0.00015471905569294786
2,UPFC_Vsh,5-15,1.1085260296814632,15,1.1078640799983066,MAP_PMU,79,0.0006619496831565819
3,UPFC_tsh,5-15,-0.23310185169344444,15,-0.23298489358677693,MAP_PMU,79,0.0001169581066675085
4,UPFC_Vse,5-15,0.06255594792868815,15,0.060276025885051515,MAP_PMU,79,0.0022799220436366396
5,UPFC_tse,5-15,-2.1906721165303424,15,-2.1574181522568168,MAP_PMU,79,0.03325396427352567
0,x_tcsc,1-14,-0.1119531011994234,16,-0.11156647763395859,MAP_PMU,79,0.0003866235654648026
1,B_svc,2,0.18297030967461575,16,0.18271560126173608,MAP_PMU,79,0.0002547084128796673
2,UPFC_Vsh,5-15,1.1088391836928946,16,1.1078640799983066,MAP_PMU,79,0.0009751036945879754
3,UPFC_tsh,5-15,-0.23305481162515476,16,-0.23298489358677693,MAP_PMU,79,6.991803837783084e-05
4,UPFC_Vse,5-15,0.061853238012067636,16,0.060276025885051515,MAP_PMU,79,0.0015772121270161213
5,UPFC_tse,5-15,-2.1786178793920654,16,-2.1574181522568168,MAP_PMU,79,0.021199727135248647
0,x_tcsc,1-14,-0.1118641513559092,17,-0.11156647763395859,MAP_PMU,79,0.0002976737219506087
1,B_svc,2,0.18294893567281997,17,0.18271560126173608,MAP_PMU,79,0.00023333441108389086
2,UPFC_Vsh,5-15,1.1088503251134423,17,1.1078640799983066,MAP_PMU,79,0.0009862451151356755
3,UPFC_tsh,5-15,-0.2329741405324107,17,-0.23298489358677693,MAP_PMU,79,1.075305436623597e-05
4,UPFC_Vse,5-15,0.06283620228458629,17,0.060276025885051515,MAP_PMU,79,0.0025601763995347776
5,UPFC_tse,5-15,-2.1853987120607283,17,-2.1574181522568168,MAP_PMU,79,0.027980559803911564
0,x_tcsc,1-14,-0.11197884878913028,18,-0.11156647763395859,MAP_PMU,79,0.00041237115517168965
1,B_svc,2,0.18260163305168778,18,0.18271560126173608,MAP_PMU,79,0.00011396821004830415
2,UPFC_Vsh,5-15,1.1085519334039216,18,1.1078640799983066,MAP_PMU,79,0.0006878534056149466
3,UPFC_tsh,5-15,-0.23305826650910857,18,-0.23298489358677693,MAP_PMU,79,7.337292233164372e-05
4,UPFC_Vse,5-15,0.06242825915692388,18,0.060276025885051515,MAP_PMU,79,0.0021522332718723683
5,UPFC_tse,5-15,-2.183277734454927,18,-2.1574181522568168,MAP_PMU,79,0.025859582198110243
0,x_tcsc,1-14,-0.111915164448837,19,-0.11156647763395859,MAP_PMU,79,0.0003486868148784156
1,B_svc,2,0.18258219227273775,19,0.18271560126173608,MAP_PMU,79,0.0001334089889983292
2,UPFC_Vsh,5-15,1.1086649556925954,19,1.1078640799983066,MAP_PMU,79,0.0008008756942887718
3,UPFC_tsh,5-15,-0.23308363501385398,19,-0.23298489358677693,MAP_PMU,79,9.874142707705369e-05
4,UPFC_Vse,5-15,0.062404988699460436,19,0.060276025885051515,MAP_PMU,79,0.0021289628144089204
5,UPFC_tse,5-15,-2.1827190300559804,19,-2.1574181522568168,MAP_PMU,79,0.02530087779916368
0,x_tcsc,1-14,-0.11194844199251347,20,-0.11156647763395859,MAP_PMU,79,0.00038196435855487876
1,B_svc,2,0.18310829823833888,20,0.18271560126173608,MAP_PMU,79,0.00039269697660279657
2,UPFC_Vsh,5-15,1.1091080909854618,20,1.1078640799983066,MAP_PMU,79,0.0012440109871552085
3,UPFC_tsh,5-15,-0.2330124957490109,20,-0.23298489358677693,MAP_PMU,79,2.7602162233963945e-05
4,UPFC_Vse,5-15,0.06197719702778173,20,0.060276025885051515,MAP_PMU,79,0.0017011711427302179
5,UPFC_tse,5-15,-2.1767917532195686,20,-2.1574181522568168,MAP_PMU,79,0.01937360096275187
0,x_tcsc,1-14,-0.11188060016156434,21,-0.11156647763395859,MAP_PMU,79,0.00031412252760575077
1,B_svc,2,0.1834133190322186,21,0.18271560126173608,MAP_PMU,79,0.0006977177704825255
2,UPFC_Vsh,5-15,1.1085943203130166,21,1.1078640799983066,MAP_PMU,79,0.0007302403147100289
3,UPFC_tsh,5-15,-0.23316942381758546,21,-0.23298489358677693,MAP_PMU,79,0.00018453023080852726
4,UPFC_Vse,5-15,0.06268560043422958,21,0.060276025885051515,MAP_PMU,79,0.002409574549178062
5,UPFC_tse,5-15,-2.1873033655711906,21,-2.1574181522568168,MAP_PMU,79,0.029885213314373882
0,x_tcsc,1-14,-0.11205359240857303,22,-0.11156647763395859,MAP_PMU,79,0.00048711477461443886
1,B_svc,2,0.18257882318439,22,0.18271560126173608,MAP_PMU,79,0.00013677807734607805
2,UPFC_Vsh,5-15,1.108392507035792,22,1.1078640799983066,MAP_PMU,79,0.0005284270374854572
3,UPFC_tsh,5-15,-0.23310383369298007,22,-0.23298489358677693,MAP_PMU,79,0.00011894010620314144
4,UPFC_Vse,5-15,0.062411126573400415,22,0.060276025885051515,MAP_PMU,79,0.0021351006883488996
5,UPFC_tse,5-15,-2.1837748852737087,22,-2.1574181522568168,MAP_PMU,79,0.026356733016891898
0,x_tcsc,1-14,-0.11181048244920526,23,-0.11156647763395859,MAP_PMU,79,0.00024400481524666784
1,B_svc,2,0.18317508504435237,23,0.18271560126173608,MAP_PMU,79,0.00045948378261628786
2,UPFC_Vsh,5-15,1.1088334908324755,23,1.1078640799983066,MAP_PMU,79,0.0009694108341689045
3,UPFC_tsh,5-15,-0.23303774787723713,23,-0.23298489358677693,MAP_PMU,79,5.285429046020251e-05
4,UPFC_Vse,5-15,0.06247888214296088,23,0.060276025885051515,MAP_PMU,79,0.0022028562579093636
5,UPFC_tse,5-15,-2.1872788386251503,23,-2.1574181522568168,MAP_PMU,79,0.0298606863683335
0,x_tcsc,1-14,-0.11187667895829778,24,-0.11156647763395859,MAP_PMU,79,0.00031020132433919045
1,B_svc,2,0.18316810767463954,24,0.18271560126173608,MAP_PMU,79,0.00045250641290345284
2,UPFC_Vsh,5-15,1.1086011734216772,24,1.1078640799983066,MAP_PMU,79,0.0007370934233705828
3,UPFC_tsh,5-15,-0.2330826762481023,24,-0.23298489358677693,MAP_PMU,79,9.778266132537405e-05
4,UPFC_Vse,5-15,0.06283940057129934,24,0.060276025885051515,MAP_PMU,79,0.0025633746862478296
5,UPFC_tse,5-15,-2.1846964857380673,24,-2.1574181522568168,MAP_PMU,79,0.027278333481250527
0,x_tcsc,1-14,-0.11192883873315114,25,-0.11156647763395859,MAP_PMU,79,0.00036236109919254855
1,B_svc,2,0.18327406469132704,25,0.18271560126173608,MAP_PMU,79,0.0005584634295909552
2,UPFC_Vsh,5-15,1.1091834752783518,25,1.1078640799983066,MAP_PMU,79,0.0013193952800452102
3,UPFC_tsh,5-15,-0.2330325525724483,25,-0.23298489358677693,MAP_PMU,79,4.765898567135607e-05
4,UPFC_Vse,5-15,0.06244461998861519,25,0.060276025885051515,MAP_PMU,79,0.0021685941035636744
5,UPFC_tse,5-15,-2.1839279618501415,25,-2.1574181522568168,MAP_PMU,79,0.026509809593324718
0,x_tcsc,1-14,-0.11196903016078293,26,-0.11156647763395859,MAP_PMU,79,0.0004025525268243346
1,B_svc,2,0.18302676016944208,26,0.18271560126173608,MAP_PMU,79,0.0003111589077059995
2,UPFC_Vsh,5-15,1.1087129067709844,26,1.1078640799983066,MAP_PMU,79,0.0008488267726778354
3,UPFC_tsh,5-15,-0.2330938362871577,26,-0.23298489358677693,MAP_PMU,79,0.00010894270038078191
4,UPFC_Vse,5-15,0.06225722835479837,26,0.060276025885051515,MAP_PMU,79,0.001981202469746854
5,UPFC_tse,5-15,-2.189204007057499,26,-2.1574181522568168,MAP_PMU,79,0.03178585480068241
0,x_tcsc,1-14,-0.11197634774478171,27,-0.11156647763395859,MAP_PMU,79,0.0004098701108231212
1,B_svc,2,0.18292406295491315,27,0.18271560126173608,MAP_PMU,79,0.00020846169317706442
2,UPFC_Vsh,5-15,1.1085793307190983,27,1.1078640799983066,MAP_PMU,79,0.0007152507207917047
3,UPFC_tsh,5-15,-0.23308823358650538,27,-0.23298489358677693,MAP_PMU,79,0.00010333999972844676
4,UPFC_Vse,5-15,0.06237043113827942,27,0.060276025885051515,MAP_PMU,79,0.0020944052532279045
5,UPFC_tse,5-15,-2.194543994203939,27,-2.1574181522568168,MAP_PMU,79,0.03712584194712232
0,x_tcsc,1-14,-0.11197963092828639,28,-0.11156647763395859,MAP_PMU,79,0.0004131532943277977
1,B_svc,2,0.18280385595300408,28,0.18271560126173608,MAP_PMU,79,8.825469126799712e-05
2,UPFC_Vsh,5-15,1.1086464879229905,28,1.1078640799983066,MAP_PMU,79,0.00078240792468387
3,UPFC_tsh,5-15,-0.23303842042302372,28,-0.23298489358677693,MAP_PMU,79,5.352683624679222e-05
4,UPFC_Vse,5-15,0.06258392021598523,28,0.060276025885051515,MAP_PMU,79,0.0023078943309337158
5,UPFC_tse,5-15,-2.1848337882567708,28,-2.1574181522568168,MAP_PMU,79,0.027415635999954002
0,x_tcsc,1-14,-0.1118063747527333,29,-0.11156647763395859,MAP_PMU,79,0.0002398971187747151
1,B_svc,2,0.1827194846255785,29,0.18271560126173608,MAP_PMU,79,3.883363842410725e-06
2,UPFC_Vsh,5-15,1.1082711603507864,29,1.1078640799983066,MAP_PMU,79,0.0004070803524798272
3,UPFC_tsh,5-15,-0.2331386631690807,29,-0.23298489358677693,MAP_PMU,79,0.0001537695823037588
4,UPFC_Vse,5-15,0.06243552879828224,29,0.060276025885051515,MAP_PMU,79,0.002159502913230728
5,UPFC_tse,5-15,-2.19217803747329,29,-2.1574181522568168,MAP_PMU,79,0.03475988521647322
0,x_tcsc,1-14,-0.11196994561939688,30,-0.11156647763395859,MAP_PMU,79,0.0004034679854382911
1,B_svc,2,0.18305867961804173,30,0.18271560126173608,MAP_PMU,79,0.0003430783563056483
2,UPFC_Vsh,5-15,1.1086259670552407,30,1.1078640799983066,MAP_PMU,79,0.0007618870569341407
3,UPFC_tsh,5-15,-0.2330842510920258,30,-0.23298489358677693,MAP_PMU,79,9.935750524886489e-05
4,UPFC_Vse,5-15,0.06291311665943554,30,0.060276025885051515,MAP_PMU,79,0.002637090774384024
5,UPFC_tse,5-15,-2.191943541468262,30,-2.1574181522568168,MAP_PMU,79,0.03452538921144521
0,x_tcsc,1-14,-0.11198521319346713,31,-0.11156647763395859,MAP_PMU,79,0.00041873555950854013
1,B_svc,2,0.1827397672851849,31,0.18271560126173608,MAP_PMU,79,2.4166023448818352e-05
2,UPFC_Vsh,5-15,1.108669269716727,31,1.1078640799983066,MAP_PMU,79,0.0008051897184204737
3,UPFC_tsh,5-15,-0.2330759879323433,31,-0.23298489358677693,MAP_PMU,79,9.109434556636709e-05
4,UPFC_Vse,5-15,0.062352095374503924,31,0.060276025885051515,MAP_PMU,79,0.002076069489452409
5,UPFC_tse,5-15,-2.1757871926458665,31,-2.1574181522568168,MAP_PMU,79,0.01836904038904974
0,x_tcsc,1-14,-0.11194368228553028,32,-0.11156647763395859,MAP_PMU,79,0.0003772046515716915
1,B_svc,2,0.18317015283635732,32,0.18271560126173608,MAP_PMU,79,0.00045455157462123696
2,UPFC_Vsh,5-15,1.1087773998857837,32,1.1078640799983066,MAP_PMU,79,0.0009133198874771153
3,UPFC_tsh,5-15,-0.2331803296188966,32,-0.23298489358677693,MAP_PMU,79,0.00019543603211966132
4,UPFC_Vse,5-15,0.06277719562153997,32,0.060276025885051515,MAP_PMU,79,0.002501169736488451
5,UPFC_tse,5-15,-2.1803346153342327,32,-2.1574181522568168,MAP_PMU,79,0.022916463077415905
0,x_tcsc,1-14,-0.11192107089090118,33,-0.11156647763395859,MAP_PMU,79,0.00035459325694259247
1,B_svc,2,0.1827268895050277,33,0.18271560126173608,MAP_PMU,79,1.128824329160727e-05
2,UPFC_Vsh,5-15,1.1086396250399535,33,1.1078640799983066,MAP_PMU,79,0.0007755450416468967
3,UPFC_tsh,5-15,-0.2331278212803172,33,-0.23298489358677693,MAP_PMU,79,0.0001429276935402679
4,UPFC_Vse,5-15,0.06236459573648861,33,0.060276025885051515,MAP_PMU,79,0.002088569851437093
5,UPFC_tse,5-15,-2.178815172883371,33,-2.1574181522568168,MAP_PMU,79,0.02139702062655413
0,x_tcsc,1-14,-0.11196158848607399,34,-0.11156647763395859,MAP_PMU,79,0.0003951108521153962
1,B_svc,2,0.18311114622396205,34,0.18271560126173608,MAP_PMU,79,0.00039554496222596325
2,UPFC_Vsh,5-15,1.108802767387075,34,1.1078640799983066,MAP_PMU,79,0.0009386873887684555
3,UPFC_tsh,5-15,-0.23310264492054292,34,-0.23298489358677693,MAP_PMU,79,0.00011775133376598634
4,UPFC_Vse,5-15,0.0627810105584441,34,0.060276025885051515,MAP_PMU,79,0.0025049846733925796
5,UPFC_tse,5-15,-2.176220285853489,34,-2.1574181522568168,MAP_PMU,79,0.018802133596672377
0,x_tcsc,1-14,-0.11196922831308138,35,-0.11156647763395859,MAP_PMU,79,0.00040275067912279305
1,B_svc,2,0.18319132960832818,35,0.18271560126173608,MAP_PMU,79,0.00047572834659209695
2,UPFC_Vsh,5-15,1.1086790379008753,35,1.1078640799983066,MAP_PMU,79,0.0008149579025686915
3,UPFC_tsh,5-15,-0.2331017314805445,35,-0.23298489358677693,MAP_PMU,79,0.00011683789376756848
4,UPFC_Vse,5-15,0.06278306845009043,35,0.060276025885051515,MAP_PMU,79,0.0025070425650389194
5,UPFC_tse,5-15,-2.1819881719424394,35,-2.1574181522568168,MAP_PMU,79,0.024570019685622668
0,x_tcsc,1-14,-0.11190221831646578,36,-0.11156647763395859,MAP_PMU,79,0.0003357406825071907
1,B_svc,2,0.18296799925157628,36,0.18271560126173608,MAP_PMU,79,0.00025239798984019735
2,UPFC_Vsh,5-15,1.108875415903682,36,1.1078640799983066,MAP_PMU,79,0.0010113359053753879
3,UPFC_tsh,5-15,-0.23305871205126205,36,-0.23298489358677693,MAP_PMU,79,7.38184644851203e-05
4,UPFC_Vse,5-15,0.06206758906055645,36,0.060276025885051515,MAP_PMU,79,0.001791563175504933
5,UPFC_tse,5-15,-2.1853888016708325,36,-2.1574181522568168,MAP_PMU,79,0.027970649414015725
0,x_tcsc,1-14,-0.11191834610924285,37,-0.11156647763395859,MAP_PMU,79,0.00035186847528426157
1,B_svc,2,0.1825320707826898,37,0.18271560126173608,MAP_PMU,79,0.00018353047904628994
2,UPFC_Vsh,5-15,1.1086859538721554,37,1.1078640799983066,MAP_PMU,79,0.0008218738738487996
3,UPFC_tsh,5-15,-0.23313844054051575,37,-0.23298489358677693,MAP_PMU,79,0.00015354695373881455
4,UPFC_Vse,5-15,0.062058693039162095,37,0.060276025885051515,MAP_PMU,79,0.0017826671541105801
5,UPFC_tse,5-15,-2.184176696001754,37,-2.1574181522568168,MAP_PMU,79,0.026758543744937136
0,x_tcsc,1-14,-0.11183532839279632,38,-0.11156647763395859,MAP_PMU,79,0.0002688507588377298
1,B_svc,2,0.18215361204279687,38,0.18271560126173608,MAP_PMU,79,0.0005619892189392128
2,UPFC_Vsh,5-15,1.1087045147591141,38,1.1078640799983066,MAP_PMU,79,0.0008404347608075291
3,UPFC_tsh,5-15,-0.23312911248222903,38,-0.23298489358677693,MAP_PMU,79,0.00014421889545210287
4,UPFC_Vse,5-15,0.062485895702367095,38,0.060276025885051515,MAP_PMU,79,0.0022098698173155795
5,UPFC_tse,5-15,-2.1851691371742894,38,-2.1574181522568168,MAP_PMU,79,0.027750984917472632
0,x_tcsc,1-14,-0.11176677567656389,39,-0.11156647763395859,MAP_PMU,79,0.00020029804260529582
1,B_svc,2,0.1829145832333834,39,0.18271560126173608,MAP_PMU,79,0.00019898197164730513
2,UPFC_Vsh,5-15,1.1084846436925684,39,1.1078640799983066,MAP_PMU,79,0.0006205636942617776
3,UPFC_tsh,5-15,-0.23314715810228617,39,-0.23298489358677693,MAP_PMU,79,0.0001622645155092417
4,UPFC_Vse,5-15,0.06228726508404818,39,0.060276025885051515,MAP_PMU,79,0.0020112391989966644
5,UPFC_tse,5-15,-2.1919233788959867,39,-2.1574181522568168,MAP_PMU,79,0.034505226639169884
0,x_tcsc,1-14,-0.11191162183165845,40,-0.11156647763395859,MAP_PMU,79,0.00034514419769986204
1,B_svc,2,0.182254874139711,40,0.18271560126173608,MAP_PMU,79,0.0004607271220250786
2,UPFC_Vsh,5-15,1.108619033621497,40,1.1078640799983066,MAP_PMU,79,0.0007549536231903353
3,UPFC_tsh,5-15,-0.23305843525191283,40,-0.23298489358677693,MAP_PMU,79,7.35416651359011e-05
4,UPFC_Vse,5-15,0.06230754162342224,40,0.060276025885051515,MAP_PMU,79,0.0020315157383707233
5,UPFC_tse,5-15,-2.186824931271479,40,-2.1574181522568168,MAP_PMU,79,0.029406779014662376
0,x_tcsc,1-14,-0.11190126863858138,41,-0.11156647763395859,MAP_PMU,79,0.0003347910046227892
1,B_svc,2,0.18307238538745157,41,0.18271560126173608,MAP_PMU,79,0.00035678412571549245
2,UPFC_Vsh,5-15,1.1084316805851313,41,1.1078640799983066,MAP_PMU,79,0.0005676005868247014
3,UPFC_tsh,5-15,-0.2331589987330655,41,-0.23298489358677693,MAP_PMU,79,0.00017410514628857232
4,UPFC_Vse,5-15,0.06287578145876548,41,0.060276025885051515,MAP_PMU,79,0.0025997555737139605
5,UPFC_tse,5-15,-2.18854656120952,41,-2.1574181522568168,MAP_PMU,79,0.03112840895270308
0,x_tcsc,1-14,-0.11191332583833434,42,-0.11156647763395859,MAP_PMU,79,0.00034684820437574926
1,B_svc,2,0.18279341256494896,42,0.18271560126173608,MAP_PMU,79,7.781130321288243e-05
2,UPFC_Vsh,5-15,1.1086300661132868,42,1.1078640799983066,MAP_PMU,79,0.0007659861149802438
3,UPFC_tsh,5-15,-0.2330918576669483,42,-0.23298489358677693,MAP_PMU,79,0.00010696408017135672
4,UPFC_Vse,5-15,0.06217894028573738,42,0.060276025885051515,MAP_PMU,79,0.001902914400685865
5,UPFC_tse,5-15,-2.1823776411184523,42,-2.1574181522568168,MAP_PMU,79,0.02495948886163557
0,x_tcsc,1-14,-0.11189512386722385,43,-0.11156647763395859,MAP_PMU,79,0.0003286462332652562
1,B_svc,2,0.1830425546679914,43,0.18271560126173608,MAP_PMU,79,0.0003269534062553259
2,UPFC_Vsh,5-15,1.1090169778394687,43,1.1078640799983066,MAP_PMU,79,0.001152897841162126
3,UPFC_tsh,5-15,-0.23299289055663996,43,-0.23298489358677693,MAP_PMU,79,7.996969863033332e-06
4,UPFC_Vse,5-15,0.06255803317230435,43,0.060276025885051515,MAP_PMU,79,0.002282007287252835
5,UPFC_tse,5-15,-2.1747105595592067,43,-2.1574181522568168,MAP_PMU,79,0.0172924073023899
0,x_tcsc,1-14,-0.11196703605815385,44,-0.11156647763395859,MAP_PMU,79,0.00040055842419525756
1,B_svc,2,0.18337123748152004,44,0.18271560126173608,MAP_PMU,79,0.000655636219783956
2,UPFC_Vsh,5-15,1.1085809045062731,44,1.1078640799983066,MAP_PMU,79,0.000716824507966507
3,UPFC_tsh,5-15,-0.2330488965230361,44,-0.23298489358677693,MAP_PMU,79,6.400293625916098e-05
4,UPFC_Vse,5-15,0.06298113671205756,44,0.060276025885051515,MAP_PMU,79,0.0027051108270060437
5,UPFC_tse,5-15,-2.178145191295524,44,-2.1574181522568168,MAP_PMU,79,0.020727039038707318
0,x_tcsc,1-14,-0.11191156388436939,45,-0.11156647763395859,MAP_PMU,79,0.00034508625041079766
1,B_svc,2,0.1830924853090886,45,0.18271560126173608,MAP_PMU,79,0.0003768840473525048
2,UPFC_Vsh,5-15,1.1090357974162148,45,1.1078640799983066,MAP_PMU,79,0.0011717174179082246
3,UPFC_tsh,5-15,-0.23306486359744094,45,-0.23298489358677693,MAP_PMU,79,7.997001066401e-05
4,UPFC_Vse,5-15,0.06260162245585357,45,0.060276025885051515,MAP_PMU,79,0.0023255965708020576
5,UPFC_tse,5-15,-2.1751105996230704,45,-2.1574181522568168,MAP_PMU,79,0.01769244736625364
0,x_tcsc,1-14,-0.11192899949613427,46,-0.11156647763395859,MAP_PMU,79,0.0003625218621756826
1,B_svc,2,0.18294712005795224,46,0.18271560126173608,MAP_PMU,79,0.00023151879621616245
2,UPFC_Vsh,5-15,1.1086710169309044,46,1.1078640799983066,MAP_PMU,79,0.0008069369325978126
3,UPFC_tsh,5-15,-0.2330793962515157,46,-0.23298489358677693,MAP_PMU,79,9.450266473876034e-05
4,UPFC_Vse,5-15,0.06246123002466027,46,0.060276025885051515,MAP_PMU,79,0.002185204139608758
5,UPFC_tse,5-15,-2.184029439198979,46,-2.1574181522568168,MAP_PMU,79,0.026611286942162415
0,x_tcsc,1-14,-0.11188707065126925,47,-0.11156647763395859,MAP_PMU,79,0.0003205930173106608
1,B_svc,2,0.18269857893412575,47,0.18271560126173608,MAP_PMU,79,1.7022327610333177e-05
2,UPFC_Vsh,5-15,1.1089817581934078,47,1.1078640799983066,MAP_PMU,79,0.0011176781951012238
3,UPFC_tsh,5-15,-0.23310560423201665,47,-0.23298489358677693,MAP_PMU,79,0.00012071064523971886
4,UPFC_Vse,5-15,0.06241999658443115,47,0.060276025885051515,MAP_PMU,79,0.0021439706993796326
5,UPFC_tse,5-15,-2.1793356767309033,47,-2.1574181522568168,MAP_PMU,79,0.02191752447408657
0,x_tcsc,1-14,-0.11181301638966268,48,-0.11156647763395859,MAP_PMU,79,0.0002465387557040871
1,B_svc,2,0.18282929141136195,48,0.18271560126173608,MAP_PMU,79,0.00011369014962586688
2,UPFC_Vsh,5-15,1.108330512166345,48,1.1078640799983066,MAP_PMU,79,0.0004664321680383221
3,UPFC_tsh,5-15,-0.23312996612344936,48,-0.23298489358677693,MAP_PMU,79,0.0001450725366724248
4,UPFC_Vse,5-15,0.06223745449419197,48,0.060276025885051515,MAP_PMU,79,0.0019614286091404545
5,UPFC_tse,5-15,-2.1922779917280972,48,-2.1574181522568168,MAP_PMU,79,0.03485983947128046
0,x_tcsc,1-14,-0.11192678621244097,49,-0.11156647763395859,MAP_PMU,79,0.00036030857848237674
1,B_svc,2,0.18342308765639567,49,0.18271560126173608,MAP_PMU,79,0.00070748639465959
2,UPFC_Vsh,5-15,1.10830273358777,49,1.1078640799983066,MAP_PMU,79,0.00043865358946337807
3,UPFC_tsh,5-15,-0.23315359216647488,49,-0.23298489358677693,MAP_PMU,79,0.0001686985796979512
4,UPFC_Vse,5-15,0.06233120141008329,49,0.060276025885051515,MAP_PMU,79,0.0020551755250317744
5,UPFC_tse,5-15,-2.19224170834328,49,-2.1574181522568168,MAP_PMU,79,0.03482355608646337
0,x_tcsc,1-14,-0.11195542508359702,50,-0.11156647763395859,MAP_PMU,79,0.0003889474496384243
1,B_svc,2,0.18269861811274524,50,0.18271560126173608,MAP_PMU,79,1.698314899084563e-05
2,UPFC_Vsh,5-15,1.1085745326606116,50,1.1078640799983066,MAP_PMU,79,0.0007104526623049612
3,UPFC_tsh,5-15,-0.23311952366392832,50,-0.23298489358677693,MAP_PMU,79,0.00013463007715139308
4,UPFC_Vse,5-15,0.06291917035629269,50,0.060276025885051515,MAP_PMU,79,0.002643144471241171
5,UPFC_tse,5-15,-2.176680268294313,50,-2.1574181522568168,MAP_PMU,79,0.01926211603749639
0,x_tcsc,1-14,-0.111900642147314,51,-0.11156647763395859,MAP_PMU,79,0.00033416451335541164
1,B_svc,2,0.18300520357976613,51,0.18271560126173608,MAP_PMU,79,0.00028960231803004666
2,UPFC_Vsh,5-15,1.1084200041563366,51,1.1078640799983066,MAP_PMU,79,0.0005559241580299634
3,UPFC_tsh,5-15,-0.23316738272759902,51,-0.23298489358677693,MAP_PMU,79,0.00018248914082208412
4,UPFC_Vse,5-15,0.06294411438318707,51,0.060276025885051515,MAP_PMU,79,0.0026680884981355596
5,UPFC_tse,5-15,-2.1862242989194045,51,-2.1574181522568168,MAP_PMU,79,0.02880614666258774
0,x_tcsc,1-14,-0.11192771238230188,52,-0.11156647763395859,MAP_PMU,79,0.00036123474834329206
1,B_svc,2,0.18328657355769606,52,0.18271560126173608,MAP_PMU,79,0.0005709722959599817
2,UPFC_Vsh,5-15,1.1090502694730102,52,1.1078640799983066,MAP_PMU,79,0.001186189474703614
3,UPFC_tsh,5-15,-0.2330755457061195,52,-0.23298489358677693,MAP_PMU,79,9.065211934256023e-05
4,UPFC_Vse,5-15,0.06258223248065928,52,0.060276025885051515,MAP_PMU,79,0.0023062065956077626
5,UPFC_tse,5-15,-2.1830974333386175,52,-2.1574181522568168,MAP_PMU,79,0.02567928108180073
0,x_tcsc,1-14,-0.1119812086184476,53,-0.11156647763395859,MAP_PMU,79,0.00041473098448900625
1,B_svc,2,0.18278954118195498,53,0.18271560126173608,MAP_PMU,79,7.393992021889617e-05
2,UPFC_Vsh,5-15,1.108710011108067,53,1.1078640799983066,MAP_PMU,79,0.0008459311097603894
3,UPFC_tsh,5-15,-0.23312234502745188,53,-0.23298489358677693,MAP_PMU,79,0.00013745144067495163
4,UPFC_Vse,5-15,0.06255228432597643,53,0.060276025885051515,MAP_PMU,79,0.002276258440924911
5,UPFC_tse,5-15,-2.179935591435706,53,-2.1574181522568168,MAP_PMU,79,0.022517439178889376
0,x_tcsc,1-14,-0.11183822154967449,54,-0.11156647763395859,MAP_PMU,79,0.00027174391571589684
1,B_svc,2,0.18311154427458204,54,0.18271560126173608,MAP_PMU,79,0.00039594301284595623
2,UPFC_Vsh,5-15,1.1091461779842093,54,1.1078640799983066,MAP_PMU,79,0.0012820979859027304
3,UPFC_tsh,5-15,-0.23300368177680542,54,-0.23298489358677693,MAP_PMU,79,1.8788190028484753e-05
4,UPFC_Vse,5-15,0.062476603812847566,54,0.060276025885051515,MAP_PMU,79,0.0022005779277960505
5,UPFC_tse,5-15,-2.181334102740428,54,-2.1574181522568168,MAP_PMU,79,0.02391595048361106
0,x_tcsc,1-14,-0.11188455522989349,55,-0.11156647763395859,MAP_PMU,79,0.0003180775959348986
1,B_svc,2,0.18334991794320174,55,0.18271560126173608,MAP_PMU,79,0.0006343166814656576
2,UPFC_Vsh,5-15,1.108801467640729,55,1.1078640799983066,MAP_PMU,79,0.0009373876424223493
3,UPFC_tsh,5-15,-0.23306148077517297,55,-0.23298489358677693,MAP_PMU,79,7.658718839603784e-05
4,UPFC_Vse,5-15,0.06266327379162907,55,0.060276025885051515,MAP_PMU,79,0.002387247906577558
5,UPFC_tse,5-15,-2.1800948590502744,55,-2.1574181522568168,MAP_PMU,79,0.02267670679345768
0,x_tcsc,1-14,-0.11179366698738605,56,-0.11156647763395859,MAP_PMU,79,0.0002271893534274566
1,B_svc,2,0.18317375265881986,56,0.18271560126173608,MAP_PMU,79,0.0004581513970837725
2,UPFC_Vsh,5-15,1.1083633865131504,56,1.1078640799983066,MAP_PMU,79,0.0004993065148437559
3,UPFC_tsh,5-15,-0.23307812113499132,56,-0.23298489358677693,MAP_PMU,79,9.322754821439183e-05
4,UPFC_Vse,5-15,0.06196784863076016,56,0.060276025885051515,MAP_PMU,79,0.0016918227457086432
5,UPFC_tse,5-15,-2.1772187292346037,56,-2.1574181522568168,MAP_PMU,79,0.01980057697778692
0,x_tcsc,1-14,-0.11190525473375225,57,-0.11156647763395859,MAP_PMU,79,0.0003387770997936579
1,B_svc,2,0.18316548432099364,57,0.18271560126173608,MAP_PMU,79,0.00044988305925755534
2,UPFC_Vsh,5-15,1.1087115535950067,57,1.1078640799983066,MAP_PMU,79,0.0008474735967001212
3,UPFC_tsh,5-15,-0.23307440563243462,57,-0.23298489358677693,MAP_PMU,79,8.951204565768589e-05
4,UPFC_Vse,5-15,0.06230093904775633,57,0.060276025885051515,MAP_PMU,79,0.002024913162704818
5,UPFC_tse,5-15,-2.184898509226019,57,-2.1574181522568168,MAP_PMU,79,0.02748035696920237
0,x_tcsc,1-14,-0.1118315934036375,58,-0.11156647763395859,MAP_PMU,79,0.00026511576967891415
1,B_svc,2,0.18277181777594143,58,0.18271560126173608,MAP_PMU,79,5.6216514205342794e-05
2,UPFC_Vsh,5-15,1.1086808386739604,58,1.1078640799983066,MAP_PMU,79,0.0008167586756537837
3,UPFC_tsh,5-15,-0.23308733992341787,58,-0.23298489358677693,MAP_PMU,79,0.00010244633664094338
4,UPFC_Vse,5-15,0.0624594101492677,58,0.060276025885051515,MAP_PMU,79,0.002183384264216187
5,UPFC_tse,5-15,-2.1819812769249953,58,-2.1574181522568168,MAP_PMU,79,0.02456312466817856
0,x_tcsc,1-14,-0.11182892610868066,59,-0.11156647763395859,MAP_PMU,79,0.00026244847472206567
1,B_svc,2,0.18280298048949048,59,0.18271560126173608,MAP_PMU,79,8.737922775439722e-05
2,UPFC_Vsh,5-15,1.108703638280646,59,1.1078640799983066,MAP_PMU,79,0.0008395582823395031
3,UPFC_tsh,5-15,-0.23313581377939038,59,-0.23298489358677693,MAP_PMU,79,0.0001509201926134518
4,UPFC_Vse,5-15,0.06239049211981538,59,0.060276025885051515,MAP_PMU,79,0.0021144662347638635
5,UPFC_tse,5-15,-2.181632182158918,59,-2.1574181522568168,MAP_PMU,79,0.02421402990210142
0,x_tcsc,1-14,-0.11192970131423362,60,-0.11156647763395859,MAP_PMU,79,0.0003632236802750266
1,B_svc,2,0.18329964594073936,60,0.18271560126173608,MAP_PMU,79,0.0005840446790032761
2,UPFC_Vsh,5-15,1.1086741727411982,60,1.1078640799983066,MAP_PMU,79,0.0008100927428915661
3,UPFC_tsh,5-15,-0.23305187388173756,60,-0.23298489358677693,MAP_PMU,79,6.698029496063351e-05
4,UPFC_Vse,5-15,0.06236089922948134,60,0.060276025885051515,MAP_PMU,79,0.002084873344429826
5,UPFC_tse,5-15,-2.186130772470831,60,-2.1574181522568168,MAP_PMU,79,0.02871262021401444
0,x_tcsc,1-14,-0.11183828809217536,61,-0.11156647763395859,MAP_PMU,79,0.0002718104582167674
1,B_svc,2,0.18278148489114912,61,0.18271560126173608,MAP_PMU,79,6.588362941303827e-05
2,UPFC_Vsh,5-15,1.1085304842602994,61,1.1078640799983066,MAP_PMU,79,0.0006664042619928257
3,UPFC_tsh,5-15,-0.23309125746714196,61,-0.23298489358677693,MAP_PMU,79,0.00010636388036502908
4,UPFC_Vse,5-15,0.0626886874923444,61,0.060276025885051515,MAP_PMU,79,0.002412661607292879
5,UPFC_tse,5-15,-2.1754522559163703,61,-2.1574181522568168,MAP_PMU,79,0.01803410365955349
0,x_tcsc,1-14,-0.11194730046607139,62,-0.11156647763395859,MAP_PMU,79,0.0003808228321127982
1,B_svc,2,0.1825235395579192,62,0.18271560126173608,MAP_PMU,79,0.00019206170381688703
2,UPFC_Vsh,5-15,1.1085500970152016,62,1.1078640799983066,MAP_PMU,79,0.0006860170168949686
3,UPFC_tsh,5-15,-0.23307490247529516,62,-0.23298489358677693,MAP_PMU,79,9.000888851823374e-05
4,UPFC_Vse,5-15,0.06244297061617151,62,0.060276025885051515,MAP_PMU,79,0.002166944731119995
5,UPFC_tse,5-15,-2.19112378881329,62,-2.1574181522568168,MAP_PMU,79,0.033705636556473184
0,x_tcsc,1-14,-0.11186502591179336,63,-0.11156647763395859,MAP_PMU,79,0.0002985482778347648
1,B_svc,2,0.1826796077655315,63,0.18271560126173608,MAP_PMU,79,3.599349620458936e-05
2,UPFC_Vsh,5-15,1.108584705866723,63,1.1078640799983066,MAP_PMU,79,0.0007206258684164801
3,UPFC_tsh,5-15,-0.23311008723412038,63,-0.23298489358677693,MAP_PMU,79,0.00012519364734345229
4,UPFC_Vse,5-15,0.06192964045731507,63,0.060276025885051515,MAP_PMU,79,0.0016536145722635537
5,UPFC_tse,5-15,-2.1798943842941756,63,-2.1574181522568168,MAP_PMU,79,0.022476232037358823
0,x_tcsc,1-14,-0.11208650020413287,64,-0.11156647763395859,MAP_PMU,79,0.0005200225701742778
1,B_svc,2,0.18292573665380332,64,0.18271560126173608,MAP_PMU,79,0.00021013539206723997
2,UPFC_Vsh,5-15,1.108160504997767,64,1.1078640799983066,MAP_PMU,79,0.00029642499946036516
3,UPFC_tsh,5-15,-0.233153307594257,64,-0.23298489358677693,MAP_PMU,79,0.00016841400748007773
4,UPFC_Vse,5-15,0.06229187439699661,64,0.060276025885051515,MAP_PMU,79,0.002015848511945098
5,UPFC_tse,5-15,-2.1782395436929898,64,-2.1574181522568168,MAP_PMU,79,0.02082139143617301
0,x_tcsc,1-14,-0.11191509643170798,65,-0.11156647763395859,MAP_PMU,79,0.0003486187977493893
1,B_svc,2,0.1832780892182991,65,0.18271560126173608,MAP_PMU,79,0.0005624879565630236
2,UPFC_Vsh,5-15,1.109081540003531,65,1.1078640799983066,MAP_PMU,79,0.00121746000522438
3,UPFC_tsh,5-15,-0.23304400972542152,65,-0.23298489358677693,MAP_PMU,79,5.911613864459375e-05
4,UPFC_Vse,5-15,0.06205890143642896,65,0.060276025885051515,MAP_PMU,79,0.001782875551377447
5,UPFC_tse,5-15,-2.1832419643213905,65,-2.1574181522568168,MAP_PMU,79,0.025823812064573737
0,x_tcsc,1-14,-0.11195240675724492,66,-0.11156647763395859,MAP_PMU,79,0.00038592912328633266
1,B_svc,2,0.18308112875016833,66,0.18271560126173608,MAP_PMU,79,0.0003655274884322435
2,UPFC_Vsh,5-15,1.1088098031056315,66,1.1078640799983066,MAP_PMU,79,0.0009457231073248806
3,UPFC_tsh,5-15,-0.23305161997850687,66,-0.23298489358677693,MAP_PMU,79,6.672639172994321e-05
4,UPFC_Vse,5-15,0.06271922966744285,66,0.060276025885051515,MAP_PMU,79,0.002443203782391337
5,UPFC_tse,5-15,-2.1840223094817204,66,-2.1574181522568168,MAP_PMU,79,0.026604157224903613
0,x_tcsc,1-14,-0.11191547146170538,67,-0.11156647763395859,MAP_PMU,79,0.00034899382774679355
1,B_svc,2,0.18314461167714466,67,0.18271560126173608,MAP_PMU,79,0.0004290104154085761
2,UPFC_Vsh,5-15,1.108597518385653,67,1.1078640799983066,MAP_PMU,79,0.0007334383873462968
3,UPFC_tsh,5-15,-0.23311243688934027,67,-0.23298489358677693,MAP_PMU,79,0.00012754330256334323
4,UPFC_Vse,5-15,0.06276257917420133,67,0.060276025885051515,MAP_PMU,79,0.0024865532891498177
5,UPFC_tse,5-15,-2.180008741041651,67,-2.1574181522568168,MAP_PMU,79,0.02259058878483433
0,x_tcsc,1-14,-0.1119554115718201,68,-0.11156647763395859,MAP_PMU,79,0.00038893393786150476
1,B_svc,2,0.18314073013639784,68,0.18271560126173608,MAP_PMU,79,0.00042512887466175653
2,UPFC_Vsh,5-15,1.1086861317203538,68,1.1078640799983066,MAP_PMU,79,0.0008220517220471901
3,UPFC_tsh,5-15,-0.23309809523186414,68,-0.23298489358677693,MAP_PMU,79,0.00011320164508721309
4,UPFC_Vse,5-15,0.06200478167037548,68,0.060276025885051515,MAP_PMU,79,0.001728755785323964
5,UPFC_tse,5-15,-2.184223067882832,68,-2.1574181522568168,MAP_PMU,79,0.02680491562601528
0,x_tcsc,1-14,-0.11195254447166031,69,-0.11156647763395859,MAP_PMU,79,0.0003860668377017179
1,B_svc,2,0.1828349089297762,69,0.18271560126173608,MAP_PMU,79,0.0001193076680401084
2,UPFC_Vsh,5-15,1.1083256559581993,69,1.1078640799983066,MAP_PMU,79,0.0004615759598927127
3,UPFC_tsh,5-15,-0.23311927773373017,69,-0.23298489358677693,MAP_PMU,79,0.00013438414695324252
4,UPFC_Vse,5-15,0.06213090230265759,69,0.060276025885051515,MAP_PMU,79,0.001854876417606073
5,UPFC_tse,5-15,-2.1930272265884323,69,-2.1574181522568168,MAP_PMU,79,0.03560907433161553
0,x_tcsc,1-14,-0.11200595842807101,70,-0.11156647763395859,MAP_PMU,79,0.0004394807941124207
1,B_svc,2,0.18271195411865454,70,0.18271560126173608,MAP_PMU,79,3.6471430815421257e-06
2,UPFC_Vsh,5-15,1.1084861471217033,70,1.1078640799983066,MAP_PMU,79,0.0006220671233967412
3,UPFC_tsh,5-15,-0.2330628634618957,70,-0.23298489358677693,MAP_PMU,79,7.79698751187663e-05
4,UPFC_Vse,5-15,0.0619412899532405,70,0.060276025885051515,MAP_PMU,79,0.0016652640681889819
5,UPFC_tse,5-15,-2.1818302100016163,70,-2.1574181522568168,MAP_PMU,79,0.024412057744799487
0,x_tcsc,1-14,-0.1118330003717841,71,-0.11156647763395859,MAP_PMU,79,0.00026652273782551417
1,B_svc,2,0.18296155649735785,71,0.18271560126173608,MAP_PMU,79,0.00024595523562176425
2,UPFC_Vsh,5-15,1.1089810588213993,71,1.1078640799983066,MAP_PMU,79,0.0011169788230926958
3,UPFC_tsh,5-15,-0.23305436086345055,71,-0.23298489358677693,MAP_PMU,79,6.946727667361818e-05
4,UPFC_Vse,5-15,0.06269876731155583,71,0.060276025885051515,MAP_PMU,79,0.00242274142650431
5,UPFC_tse,5-15,-2.170655492647553,71,-2.1574181522568168,MAP_PMU,79,0.013237340390736207
0,x_tcsc,1-14,-0.11194268622721326,72,-0.11156647763395859,MAP_PMU,79,0.0003762085932546705
1,B_svc,2,0.18252404938136943,72,0.18271560126173608,MAP_PMU,79,0.00019155188036665272
2,UPFC_Vsh,5-15,1.1089063119568032,72,1.1078640799983066,MAP_PMU,79,0.00104223195849662
3,UPFC_tsh,5-15,-0.233094448409051,72,-0.23298489358677693,MAP_PMU,79,0.0001095548222740661
4,UPFC_Vse,5-15,0.06214575195093363,72,0.060276025885051515,MAP_PMU,79,0.0018697260658821144
5,UPFC_tse,5-15,-2.1776630478655945,72,-2.1574181522568168,MAP_PMU,79,0.020244895608777735
0,x_tcsc,1-14,-0.11194720257110814,73,-0.11156647763395859,MAP_PMU,79,0.00038072493714955136
1,B_svc,2,0.1833501452332026,73,0.18271560126173608,MAP_PMU,79,0.0006345439714665058
2,UPFC_Vsh,5-15,1.1087267770331477,73,1.1078640799983066,MAP_PMU,79,0.0008626970348410978
3,UPFC_tsh,5-15,-0.23306359608021504,73,-0.23298489358677693,MAP_PMU,79,7.870249343810976e-05
4,UPFC_Vse,5-15,0.06254200333350338,73,0.060276025885051515,MAP_PMU,79,0.0022659774484518613
5,UPFC_tse,5-15,-2.179488492363035,73,-2.1574181522568168,MAP_PMU,79,0.02207034010621811
0,x_tcsc,1-14,-0.1118214051845389,74,-0.11156647763395859,MAP_PMU,79,0.0002549275505803056
1,B_svc,2,0.18329711173629923,74,0.18271560126173608,MAP_PMU,79,0.0005815104745631461
2,UPFC_Vsh,5-15,1.108745406523323,74,1.1078640799983066,MAP_PMU,79,0.0008813265250164903
3,UPFC_tsh,5-15,-0.23308058906462373,74,-0.23298489358677693,MAP_PMU,79,9.569547784679666e-05
4,UPFC_Vse,5-15,0.06256895007539366,74,0.060276025885051515,MAP_PMU,79,0.0022929241903421466
5,UPFC_tse,5-15,-2.1857282731396714,74,-2.1574181522568168,MAP_PMU,79,0.028310120882854672
0,x_tcsc,1-14,-0.11194933256579914,75,-0.11156647763395859,MAP_PMU,79,0.0003828549318405511
1,B_svc,2,0.18322978584799074,75,0.18271560126173608,MAP_PMU,79,0.0005141845862546568
2,UPFC_Vsh,5-15,1.1085962694345315,75,1.1078640799983066,MAP_PMU,79,0.0007321894362248837
3,UPFC_tsh,5-15,-0.23313172679981592,75,-0.23298489358677693,MAP_PMU,79,0.00014683321303898822
4,UPFC_Vse,5-15,0.06262404477527464,75,0.060276025885051515,MAP_PMU,79,0.0023480188902231247
5,UPFC_tse,5-15,-2.191961447482775,75,-2.1574181522568168,MAP_PMU,79,0.034543295225958115
0,x_tcsc,1-14,-0.1119336962664595,76,-0.11156647763395859,MAP_PMU,79,0.00036721863250091524
1,B_svc,2,0.18355661316346045,76,0.18271560126173608,MAP_PMU,79,0.0008410119017243645
2,UPFC_Vsh,5-15,1.108503302522798,76,1.1078640799983066,MAP_PMU,79,0.0006392225244913341
3,UPFC_tsh,5-15,-0.23319595764028123,76,-0.23298489358677693,MAP_PMU,79,0.00021106405350429513
4,UPFC_Vse,5-15,0.06257062017223367,76,0.060276025885051515,MAP_PMU,79,0.00229459428718215
5,UPFC_tse,5-15,-2.1852208260741004,76,-2.1574181522568168,MAP_PMU,79,0.02780267381728363
0,x_tcsc,1-14,-0.11194580489245838,77,-0.11156647763395859,MAP_PMU,79,0.00037932725849978977
1,B_svc,2,0.18264894465296938,77,0.18271560126173608,MAP_PMU,79,6.665660876670199e-05
2,UPFC_Vsh,5-15,1.1088620234870048,77,1.1078640799983066,MAP_PMU,79,0.0009979434886981942
3,UPFC_tsh,5-15,-0.23303537100623142,77,-0.23298489358677693,MAP_PMU,79,5.0477419454492134e-05
4,UPFC_Vse,5-15,0.06258704535176059,77,0.060276025885051515,MAP_PMU,79,0.0023110194667090717
5,UPFC_tse,5-15,-2.1785790592548926,77,-2.1574181522568168,MAP_PMU,79,0.021160906998075824
0,x_tcsc,1-14,-0.1120321830004066,78,-0.11156647763395859,MAP_PMU,79,0.00046570536644800764
1,B_svc,2,0.18281407779060063,78,0.18271560126173608,MAP_PMU,79,9.84765288645495e-05
2,UPFC_Vsh,5-15,1.1085763552622525,78,1.1078640799983066,MAP_PMU,79,0.0007122752639459051
3,UPFC_tsh,5-15,-0.23310439273850372,78,-0.23298489358677693,MAP_PMU,79,0.00011949915172679293
4,UPFC_Vse,5-15,0.06283823942587614,78,0.060276025885051515,MAP_PMU,79,0.002562213540824629
5,UPFC_tse,5-15,-2.1784470978029997,78,-2.1574181522568168,MAP_PMU,79,0.021028945546182953
0,x_tcsc,1-14,-0.1119917206352773,79,-0.11156647763395859,MAP_PMU,79,0.00042524300131871473
1,B_svc,2,0.18312085904232808,79,0.18271560126173608,MAP_PMU,79,0.0004052577805919999
2,UPFC_Vsh,5-15,1.1085264909999961,79,1.1078640799983066,MAP_PMU,79,0.0006624110016895113
3,UPFC_tsh,5-15,-0.23301436904763084,79,-0.23298489358677693,MAP_PMU,79,2.9475460853911617e-05
4,UPFC_Vse,5-15,0.06197650795536045,79,0.060276025885051515,MAP_PMU,79,0.0017004820703089354
5,UPFC_tse,5-15,-2.1839608192003435,79,-2.1574181522568168,MAP_PMU,79,0.026542666943526694
0,x_tcsc,1-14,-0.11192853006721357,80,-0.11156647763395859,MAP_PMU,79,0.00036205243325497516
1,B_svc,2,0.18335030542509798,80,0.18271560126173608,MAP_PMU,79,0.0006347041633618933
2,UPFC_Vsh,5-15,1.109147835908246,80,1.1078640799983066,MAP_PMU,79,0.0012837559099394547
3,UPFC_tsh,5-15,-0.23303368674892588,80,-0.23298489358677693,MAP_PMU,79,4.879316214895235e-05
4,UPFC_Vse,5-15,0.06229919154202569,80,0.060276025885051515,MAP_PMU,79,0.002023165656974177
5,UPFC_tse,5-15,-2.179007212508111,80,-2.1574181522568168,MAP_PMU,79,0.021589060251294256
0,x_tcsc,1-14,-0.11193507885005968,81,-0.11156647763395859,MAP_PMU,79,0.00036860121610109153
1,B_svc,2,0.18313241563082966,81,0.18271560126173608,MAP_PMU,79,0.0004168143690935766
2,UPFC_Vsh,5-15,1.1085618063296991,81,1.1078640799983066,MAP_PMU,79,0.0006977263313925341
3,UPFC_tsh,5-15,-0.23310087306118632,81,-0.23298489358677693,MAP_PMU,79,0.00011597947440938894
4,UPFC_Vse,5-15,0.061774886332317425,81,0.060276025885051515,MAP_PMU,79,0.0014988604472659095
5,UPFC_tse,5-15,-2.1894334093840557,81,-2.1574181522568168,MAP_PMU,79,0.03201525712723896
0,x_tcsc,1-14,-0.11184366261935537,82,-0.11156647763395859,MAP_PMU,79,0.00027718498539677783
1,B_svc,2,0.18321659788109437,82,0.18271560126173608,MAP_PMU,79,0.0005009966193582904
2,UPFC_Vsh,5-15,1.1087378161391088,82,1.1078640799983066,MAP_PMU,79,0.0008737361408022171
3,UPFC_tsh,5-15,-0.2330891716837678,82,-0.23298489358677693,MAP_PMU,79,0.00010427809699087298
4,UPFC_Vse,5-15,0.06306916763052263,82,0.060276025885051515,MAP_PMU,79,0.0027931417454711144
5,UPFC_tse,5-15,-2.180445204422977,82,-2.1574181522568168,MAP_PMU,79,0.02302705216616019
0,x_tcsc,1-14,-0.11185179607642212,83,-0.11156647763395859,MAP_PMU,79,0.0002853184424635308
1,B_svc,2,0.18332575428692696,83,0.18271560126173608,MAP_PMU,79,0.0006101530251908793
2,UPFC_Vsh,5-15,1.1089692921636587,83,1.1078640799983066,MAP_PMU,79,0.0011052121653520874
3,UPFC_tsh,5-15,-0.2330717898736238,83,-0.23298489358677693,MAP_PMU,79,8.689628684688255e-05
4,UPFC_Vse,5-15,0.06234460915941517,83,0.060276025885051515,MAP_PMU,79,0.0020685832743636556
5,UPFC_tse,5-15,-2.182695565030791,83,-2.1574181522568168,MAP_PMU,79,0.025277412773974106
0,x_tcsc,1-14,-0.11194088512486448,84,-0.11156647763395859,MAP_PMU,79,0.00037440749090589254
1,B_svc,2,0.18291239121318612,84,0.18271560126173608,MAP_PMU,79,0.00019678995145003264
2,UPFC_Vsh,5-15,1.108698483318899,84,1.1078640799983066,MAP_PMU,79,0.0008344033205924806
3,UPFC_tsh,5-15,-0.23309521477078388,84,-0.23298489358677693,MAP_PMU,79,0.00011032118400694513
4,UPFC_Vse,5-15,0.06277434325389779,84,0.060276025885051515,MAP_PMU,79,0.002498317368846273
5,UPFC_tse,5-15,-2.1879931098239576,84,-2.1574181522568168,MAP_PMU,79,0.030574957567140792
0,x_tcsc,1-14,-0.11200301332646409,85,-0.11156647763395859,MAP_PMU,79,0.0004365356925054992
1,B_svc,2,0.18320496664308444,85,0.18271560126173608,MAP_PMU,79,0.0004893653813483612
2,UPFC_Vsh,5-15,1.1085075125405768,85,1.1078640799983066,MAP_PMU,79,0.0006434325422701725
3,UPFC_tsh,5-15,-0.23308800422815165,85,-0.23298489358677693,MAP_PMU,79,0.0001031106413747207
4,UPFC_Vse,5-15,0.062195884934967235,85,0.060276025885051515,MAP_PMU,79,0.0019198590499157203
5,UPFC_tse,5-15,-2.1904069632759495,85,-2.1574181522568168,MAP_PMU,79,0.03298881101913276
0,x_tcsc,1-14,-0.11187478415825053,86,-0.11156647763395859,MAP_PMU,79,0.0003083065242919375
1,B_svc,2,0.18318170061475464,86,0.18271560126173608,MAP_PMU,79,0.00046609935301855643
2,UPFC_Vsh,5-15,1.1085618275803684,86,1.1078640799983066,MAP_PMU,79,0.0006977475820617585
3,UPFC_tsh,5-15,-0.23313177623767062,86,-0.23298489358677693,MAP_PMU,79,0.00014688265089368713
4,UPFC_Vse,5-15,0.06226419089167511,86,0.060276025885051515,MAP_PMU,79,0.0019881650066235976
5,UPFC_tse,5-15,-2.184026316653895,86,-2.1574181522568168,MAP_PMU,79,0.026608164397078138
0,x_tcsc,1-14,-0.11195278108074623,87,-0.11156647763395859,MAP_PMU,79,0.00038630344678763917
1,B_svc,2,0.18302646639354025,87,0.18271560126173608,MAP_PMU,79,0.0003108651318041722
2,UPFC_Vsh,5-15,1.1089053590094498,87,1.1078640799983066,MAP_PMU,79,0.001041279011143148
3,UPFC_tsh,5-15,-0.23301495184795712,87,-0.23298489358677693,MAP_PMU,79,3.0058261180188062e-05
4,UPFC_Vse,5-15,0.06263001018735458,87,0.060276025885051515,MAP_PMU,79,0.002353984302303061
5,UPFC_tse,5-15,-2.183232409200357,87,-2.1574181522568168,MAP_PMU,79,0.025814256943540226
0,x_tcsc,1-14,-0.11185964570852884,88,-0.11156647763395859,MAP_PMU,79,0.0002931680745702492
1,B_svc,2,0.1833007075038327,88,0.18271560126173608,MAP_PMU,79,0.0005851062420966224
2,UPFC_Vsh,5-15,1.1088604351287907,88,1.1078640799983066,MAP_PMU,79,0.0009963551304841278
3,UPFC_tsh,5-15,-0.23306318462901804,88,-0.23298489358677693,MAP_PMU,79,7.829104224110761e-05
4,UPFC_Vse,5-15,0.062091747883293524,88,0.060276025885051515,MAP_PMU,79,0.0018157219982420092
5,UPFC_tse,5-15,-2.1781634317109533,88,-2.1574181522568168,MAP_PMU,79,0.02074527945413651
0,x_tcsc,1-14,-0.11199918134352804,89,-0.11156647763395859,MAP_PMU,79,0.00043270370956945137
1,B_svc,2,0.18281186194011767,89,0.18271560126173608,MAP_PMU,79,9.62606783815878e-05
2,UPFC_Vsh,5-15,1.108682877941671,89,1.1078640799983066,MAP_PMU,79,0.0008187979433644799
3,UPFC_tsh,5-15,-0.2330562832842655,89,-0.23298489358677693,MAP_PMU,79,7.138969748857193e-05
4,UPFC_Vse,5-15,0.06197772242322841,89,0.060276025885051515,MAP_PMU,79,0.0017016965381768945
5,UPFC_tse,5-15,-2.1821963343351256,89,-2.1574181522568168,MAP_PMU,79,0.02477818207830884
0,x_tcsc,1-14,-0.1118129194355327,90,-0.11156647763395859,MAP_PMU,79,0.00024644180157411266
1,B_svc,2,0.1827655287254754,90,0.18271560126173608,MAP_PMU,79,4.992746373932988e-05
2,UPFC_Vsh,5-15,1.1087658135165777,90,1.1078640799983066,MAP_PMU,79,0.0009017335182710529
3,UPFC_tsh,5-15,-0.23304904361346807,90,-0.23298489358677693,MAP_PMU,79,6.415002669113434e-05
4,UPFC_Vse,5-15,0.06241683216279307,90,0.060276025885051515,MAP_PMU,79,0.002140806277741554
5,UPFC_tse,5-15,-2.1910688824760522,90,-2.1574181522568168,MAP_PMU,79,0.03365073021923548
0,x_tcsc,1-14,-0.11195134519125784,91,-0.11156647763395859,MAP_PMU,79,0.0003848675572992455
1,B_svc,2,0.18341067946595907,91,0.18271560126173608,MAP_PMU,79,0.0006950782042229875
2,UPFC_Vsh,5-15,1.1087325958005483,91,1.1078640799983066,MAP_PMU,79,0.0008685158022416761
3,UPFC_tsh,5-15,-0.23308382494967578,91,-0.23298489358677693,MAP_PMU,79,9.893136289884641e-05
4,UPFC_Vse,5-15,0.06244504673768483,91,0.060276025885051515,MAP_PMU,79,0.002169020852633312
5,UPFC_tse,5-15,-2.1779418991893067,91,-2.1574181522568168,MAP_PMU,79,0.020523746932489928
0,x_tcsc,1-14,-0.11182365183762637,92,-0.11156647763395859,MAP_PMU,79,0.000257174203667776
1,B_svc,2,0.18317372790587125,92,0.18271560126173608,MAP_PMU,79,0.000458126644135165
2,UPFC_Vsh,5-15,1.108590885601348,92,1.1078640799983066,MAP_PMU,79,0.0007268056030413916
3,UPFC_tsh,5-15,-0.23309397214851477,92,-0.23298489358677693,MAP_PMU,79,0.00010907856173783537
4,UPFC_Vse,5-15,0.06264432678535202,92,0.060276025885051515,MAP_PMU,79,0.0023683009003005046
5,UPFC_tse,5-15,-2.176509335375501,92,-2.1574181522568168,MAP_PMU,79,0.019091183118684185
0,x_tcsc,1-14,-0.11198626123840447,93,-0.11156647763395859,MAP_PMU,79,0.00041978360444587526
1,B_svc,2,0.1825887840534535,93,0.18271560126173608,MAP_PMU,79,0.0001268172082825869
2,UPFC_Vsh,5-15,1.108729683204059,93,1.1078640799983066,MAP_PMU,79,0.0008656032057523522
3,UPFC_tsh,5-15,-0.23312100566321098,93,-0.23298489358677693,MAP_PMU,79,0.00013611207643404732
4,UPFC_Vse,5-15,0.062225353200107185,93,0.060276025885051515,MAP_PMU,79,0.0019493273150556698
5,UPFC_tse,5-15,-2.178440088585334,93,-2.1574181522568168,MAP_PMU,79,0.02102193632851712
0,x_tcsc,1-14,-0.11196605444221919,94,-0.11156647763395859,MAP_PMU,79,0.00039957680826059605
1,B_svc,2,0.1832877810847443,94,0.18271560126173608,MAP_PMU,79,0.0005721798230082231
2,UPFC_Vsh,5-15,1.1082935381551438,94,1.1078640799983066,MAP_PMU,79,0.00042945815683714805
3,UPFC_tsh,5-15,-0.23308659143362145,94,-0.23298489358677693,MAP_PMU,79,0.00010169784684452288
4,UPFC_Vse,5-15,0.06267254897065323,94,0.060276025885051515,MAP_PMU,79,0.002396523085601718
5,UPFC_tse,5-15,-2.185636911193852,94,-2.1574181522568168,MAP_PMU,79,0.028218758937035293
0,x_tcsc,1-14,-0.11199041137639407,95,-0.11156647763395859,MAP_PMU,79,0.00042393374243547555
1,B_svc,2,0.18314258187040283,95,0.18271560126173608,MAP_PMU,79,0.00042698060866674936
2,UPFC_Vsh,5-15,1.1089717607239549,95,1.1078640799983066,MAP_PMU,79,0.0011076807256482635
3,UPFC_tsh,5-15,-0.23308558182682917,95,-0.23298489358677693,MAP_PMU,79,0.00010068824005224353
4,UPFC_Vse,5-15,0.06254859390206444,95,0.060276025885051515,MAP_PMU,79,0.0022725680170129214
5,UPFC_tse,5-15,-2.178735116853375,95,-2.1574181522568168,MAP_PMU,79,0.021316964596558297
0,x_tcsc,1-14,-0.1119300048525723,96,-0.11156647763395859,MAP_PMU,79,0.00036352721861371284
1,B_svc,2,0.1828991233833167,96,0.18271560126173608,MAP_PMU,79,0.00018352212158062597
2,UPFC_Vsh,5-15,1.1087245575567504,96,1.1078640799983066,MAP_PMU,79,0.0008604775584437618
3,UPFC_tsh,5-15,-0.23306877352947283,96,-0.23298489358677693,MAP_PMU,79,8.387994269590249e-05
4,UPFC_Vse,5-15,0.062351504315200125,96,0.060276025885051515,MAP_PMU,79,0.00207547843014861
5,UPFC_tse,5-15,-2.1752858717619263,96,-2.1574181522568168,MAP_PMU,79,0.01786771950510957
0,x_tcsc,1-14,-0.11191811840214733,97,-0.11156647763395859,MAP_PMU,79,0.00035164076818873513
1,B_svc,2,0.18312253342259177,97,0.18271560126173608,MAP_PMU,79,0.0004069321608556886
2,UPFC_Vsh,5-15,1.1088732106368697,97,1.1078640799983066,MAP_PMU,79,0.001009130638563116
3,UPFC_tsh,5-15,-0.2331412924225549,97,-0.23298489358677693,MAP_PMU,79,0.00015639883577797664
4,UPFC_Vse,5-15,0.06297174281769305,97,0.060276025885051515,MAP_PMU,79,0.0026957169326415342
5,UPFC_tse,5-15,-2.179324997529995,97,-2.1574181522568168,MAP_PMU,79,0.0219068452731781
0,x_tcsc,1-14,-0.1118443466007319,98,-0.11156647763395859,MAP_PMU,79,0.00027786896677331474
1,B_svc,2,0.1831169019344395,98,0.18271560126173608,MAP_PMU,79,0.0004013006727034141
2,UPFC_Vsh,5-15,1.1089068440559835,98,1.1078640799983066,MAP_PMU,79,0.0010427640576768926
3,UPFC_tsh,5-15,-0.23309588401210535,98,-0.23298489358677693,MAP_PMU,79,0.00011099042532841663
4,UPFC_Vse,5-15,0.062281220068203975,98,0.060276025885051515,MAP_PMU,79,0.0020051941831524603
5,UPFC_tse,5-15,-2.1786675520115364,98,-2.1574181522568168,MAP_PMU,79,0.021249399754719622
0,x_tcsc,1-14,-0.11191564782007885,99,-0.11156647763395859,MAP_PMU,79,0.00034917018612025397
1,B_svc,2,0.18315933028887854,99,0.18271560126173608,MAP_PMU,79,0.00044372902714245877
2,UPFC_Vsh,5-15,1.1087173987642165,99,1.1078640799983066,MAP_PMU,79,0.0008533187659098829
3,UPFC_tsh,5-15,-0.23306973446369186,99,-0.23298489358677693,MAP_PMU,79,8.484087691493225e-05
4,UPFC_Vse,5-15,0.06217739185550111,99,0.060276025885051515,MAP_PMU,79,0.0019013659704495978
5,UPFC_tse,5-15,-2.1836025908016863,99,-2.1574181522568168,MAP_PMU,79,0.026184438544869515
0,x_tcsc,1-14,-0.11199312096560687,0,-0.11197782552629418,MAP_PMU,81,1.5295439312695835e-05
1,B_svc,2,0.18339316838262096,0,0.18327189465115296,MAP_PMU,81,0.00012127373146800235
2,UPFC_Vsh,5-15,1.1074018554327891,0,1.1082248726377468,MAP_PMU,81,0.0008230172049576989
3,UPFC_tsh,5-15,-0.23300621563787366,0,-0.23293119280704588,MAP_PMU,81,7.502283082777561e-05
4,UPFC_Vse,5-15,0.05985385783851769,0,0.05985422912105352,MAP_PMU,81,3.712825358340166e-07
5,UPFC_tse,5-15,-2.1605721271295932,0,-2.1509630278139777,MAP_PMU,81,0.009609099315615488
0,x_tcsc,1-14,-0.11198790381423213,1,-0.11197782552629418,MAP_PMU,81,1.007828793794796e-05
1,B_svc,2,0.1833059283255702,1,0.18327189465115296,MAP_PMU,81,3.403367441723315e-05
2,UPFC_Vsh,5-15,1.1076278336095848,1,1.1082248726377468,MAP_PMU,81,0.0005970390281619942
3,UPFC_tsh,5-15,-0.23293265589729964,1,-0.23293119280704588,MAP_PMU,81,1.4630902537560164e-06
4,UPFC_Vse,5-15,0.06042846357056394,1,0.05985422912105352,MAP_PMU,81,0.0005742344495104149
5,UPFC_tse,5-15,-2.160324779103332,1,-2.1509630278139777,MAP_PMU,81,0.009361751289354459
0,x_tcsc,1-14,-0.111978989057528,2,-0.11197782552629418,MAP_PMU,81,1.1635312338192927e-06
1,B_svc,2,0.18304399299992383,2,0.18327189465115296,MAP_PMU,81,0.00022790165122912875
2,UPFC_Vsh,5-15,1.1073919832035966,2,1.1082248726377468,MAP_PMU,81,0.0008328894341502746
3,UPFC_tsh,5-15,-0.2329288169339538,2,-0.23293119280704588,MAP_PMU,81,2.3758730920975246e-06
4,UPFC_Vse,5-15,0.06058767578055187,2,0.05985422912105352,MAP_PMU,81,0.0007334466594983435
5,UPFC_tse,5-15,-2.1575995118086815,2,-2.1509630278139777,MAP_PMU,81,0.006636483994703735
0,x_tcsc,1-14,-0.11197943319478997,3,-0.11197782552629418,MAP_PMU,81,1.6076684957871956e-06
1,B_svc,2,0.18354081639238082,3,0.18327189465115296,MAP_PMU,81,0.00026892174122786217
2,UPFC_Vsh,5-15,1.1074108485458485,3,1.1082248726377468,MAP_PMU,81,0.0008140240918983466
3,UPFC_tsh,5-15,-0.23291992357234145,3,-0.23293119280704588,MAP_PMU,81,1.1269234704430753e-05
4,UPFC_Vse,5-15,0.06026882221006282,3,0.05985422912105352,MAP_PMU,81,0.00041459308900929775
5,UPFC_tse,5-15,-2.1576226351078502,3,-2.1509630278139777,MAP_PMU,81,0.006659607293872494
0,x_tcsc,1-14,-0.11198184939084205,4,-0.11197782552629418,MAP_PMU,81,4.023864547869627e-06
1,B_svc,2,0.18387052452186667,4,0.18327189465115296,MAP_PMU,81,0.0005986298707137128
2,UPFC_Vsh,5-15,1.1075680901904537,4,1.1082248726377468,MAP_PMU,81,0.0006567824472931694
3,UPFC_tsh,5-15,-0.2329673764647466,4,-0.23293119280704588,MAP_PMU,81,3.6183657700722405e-05
4,UPFC_Vse,5-15,0.06006002073360326,4,0.05985422912105352,MAP_PMU,81,0.00020579161254973694
5,UPFC_tse,5-15,-2.160726162763812,4,-2.1509630278139777,MAP_PMU,81,0.009763134949834384
0,x_tcsc,1-14,-0.11196300056277635,5,-0.11197782552629418,MAP_PMU,81,1.482496351783158e-05
1,B_svc,2,0.18306719427205911,5,0.18327189465115296,MAP_PMU,81,0.00020470037909384176
2,UPFC_Vsh,5-15,1.1075828260262577,5,1.1082248726377468,MAP_PMU,81,0.0006420466114891443
3,UPFC_tsh,5-15,-0.23303870297113707,5,-0.23293119280704588,MAP_PMU,81,0.00010751016409119019
4,UPFC_Vse,5-15,0.060622687469298234,5,0.05985422912105352,MAP_PMU,81,0.0007684583482447105
5,UPFC_tse,5-15,-2.1676774568413304,5,-2.1509630278139777,MAP_PMU,81,0.01671442902735265
0,x_tcsc,1-14,-0.11198089598057423,6,-0.11197782552629418,MAP_PMU,81,3.0704542800519263e-06
1,B_svc,2,0.18312752917106878,6,0.18327189465115296,MAP_PMU,81,0.00014436548008417427
2,UPFC_Vsh,5-15,1.1076456719296162,6,1.1082248726377468,MAP_PMU,81,0.0005792007081306672
3,UPFC_tsh,5-15,-0.23298834056073145,6,-0.23293119280704588,MAP_PMU,81,5.7147753685565794e-05
4,UPFC_Vse,5-15,0.05999710051954677,6,0.05985422912105352,MAP_PMU,81,0.0001428713984932481
5,UPFC_tse,5-15,-2.159793321645776,6,-2.1509630278139777,MAP_PMU,81,0.00883029383179812
0,x_tcsc,1-14,-0.1119747667254169,7,-0.11197782552629418,MAP_PMU,81,3.058800877281387e-06
1,B_svc,2,0.18329944006708646,7,0.18327189465115296,MAP_PMU,81,2.7545415933499795e-05
2,UPFC_Vsh,5-15,1.1077078950637123,7,1.1082248726377468,MAP_PMU,81,0.0005169775740345717
3,UPFC_tsh,5-15,-0.23290594302340697,7,-0.23293119280704588,MAP_PMU,81,2.524978363890873e-05
4,UPFC_Vse,5-15,0.060052797530771494,7,0.05985422912105352,MAP_PMU,81,0.00019856840971797102
5,UPFC_tse,5-15,-2.1550919764296252,7,-2.1509630278139777,MAP_PMU,81,0.004128948615647499
0,x_tcsc,1-14,-0.1119992806036064,8,-0.11197782552629418,MAP_PMU,81,2.1455077312215742e-05
1,B_svc,2,0.1832546921692367,8,0.18327189465115296,MAP_PMU,81,1.7202481916250845e-05
2,UPFC_Vsh,5-15,1.1075897268993988,8,1.1082248726377468,MAP_PMU,81,0.0006351457383479975
3,UPFC_tsh,5-15,-0.23296688680481087,8,-0.23293119280704588,MAP_PMU,81,3.569399776498505e-05
4,UPFC_Vse,5-15,0.05989088387608618,8,0.05985422912105352,MAP_PMU,81,3.665475503265847e-05
5,UPFC_tse,5-15,-2.1510241908028584,8,-2.1509630278139777,MAP_PMU,81,6.116298888070304e-05
0,x_tcsc,1-14,-0.11198376588234737,9,-0.11197782552629418,MAP_PMU,81,5.94035605319676e-06
1,B_svc,2,0.1831417235208881,9,0.18327189465115296,MAP_PMU,81,0.0001301711302648667
2,UPFC_Vsh,5-15,1.1076167709071103,9,1.1082248726377468,MAP_PMU,81,0.0006081017306365233
3,UPFC_tsh,5-15,-0.2328933899334547,9,-0.23293119280704588,MAP_PMU,81,3.780287359117507e-05
4,UPFC_Vse,5-15,0.060262277136038225,9,0.05985422912105352,MAP_PMU,81,0.0004080480149847021
5,UPFC_tse,5-15,-2.1514349585037484,9,-2.1509630278139777,MAP_PMU,81,0.0004719306897706943
0,x_tcsc,1-14,-0.11198081686652199,10,-0.11197782552629418,MAP_PMU,81,2.9913402278120005e-06
1,B_svc,2,0.18318924692980765,10,0.18327189465115296,MAP_PMU,81,8.264772134530807e-05
2,UPFC_Vsh,5-15,1.1078426149826044,10,1.1082248726377468,MAP_PMU,81,0.00038225765514243726
3,UPFC_tsh,5-15,-0.23290860360668772,10,-0.23293119280704588,MAP_PMU,81,2.258920035816403e-05
4,UPFC_Vse,5-15,0.06068590364894721,10,0.05985422912105352,MAP_PMU,81,0.0008316745278936846
5,UPFC_tse,5-15,-2.1459230547704546,10,-2.1509630278139777,MAP_PMU,81,0.005039973043523105
0,x_tcsc,1-14,-0.1119677857937114,11,-0.11197782552629418,MAP_PMU,81,1.0039732582775573e-05
1,B_svc,2,0.18340885275245855,11,0.18327189465115296,MAP_PMU,81,0.00013695810130559538
2,UPFC_Vsh,5-15,1.107572738608835,11,1.1082248726377468,MAP_PMU,81,0.0006521340289118438
3,UPFC_tsh,5-15,-0.23292881906546634,11,-0.23293119280704588,MAP_PMU,81,2.373741579547728e-06
4,UPFC_Vse,5-15,0.06042565700511485,11,0.05985422912105352,MAP_PMU,81,0.0005714278840613235
5,UPFC_tse,5-15,-2.1570626571864016,11,-2.1509630278139777,MAP_PMU,81,0.006099629372423809
0,x_tcsc,1-14,-0.11197733296805389,12,-0.11197782552629418,MAP_PMU,81,4.925582402920403e-07
1,B_svc,2,0.18277452561549798,12,0.18327189465115296,MAP_PMU,81,0.0004973690356549765
2,UPFC_Vsh,5-15,1.1074276181401927,12,1.1082248726377468,MAP_PMU,81,0.0007972544975540785
3,UPFC_tsh,5-15,-0.23291174293655856,12,-0.23293119280704588,MAP_PMU,81,1.9449870487325827e-05
4,UPFC_Vse,5-15,0.0605333609444491,12,0.05985422912105352,MAP_PMU,81,0.0006791318233955734
5,UPFC_tse,5-15,-2.1462674411870393,12,-2.1509630278139777,MAP_PMU,81,0.004695586626938475
0,x_tcsc,1-14,-0.11198914037935345,13,-0.11197782552629418,MAP_PMU,81,1.1314853059274377e-05
1,B_svc,2,0.18313227453702935,13,0.18327189465115296,MAP_PMU,81,0.00013962011412360642
2,UPFC_Vsh,5-15,1.1075791468183998,13,1.1082248726377468,MAP_PMU,81,0.0006457258193470761
3,UPFC_tsh,5-15,-0.23294951944563003,13,-0.23293119280704588,MAP_PMU,81,1.8326638584142962e-05
4,UPFC_Vse,5-15,0.059948347208677345,13,0.05985422912105352,MAP_PMU,81,9.411808762382207e-05
5,UPFC_tse,5-15,-2.157065374511007,13,-2.1509630278139777,MAP_PMU,81,0.006102346697029137
0,x_tcsc,1-14,-0.1120018807219814,14,-0.11197782552629418,MAP_PMU,81,2.405519568722536e-05
1,B_svc,2,0.1834280578087238,14,0.18327189465115296,MAP_PMU,81,0.0001561631575708322
2,UPFC_Vsh,5-15,1.1077458898655141,14,1.1082248726377468,MAP_PMU,81,0.0004789827722326834
3,UPFC_tsh,5-15,-0.23297577601980501,14,-0.23293119280704588,MAP_PMU,81,4.4583212759130575e-05
4,UPFC_Vse,5-15,0.0602081112164795,14,0.05985422912105352,MAP_PMU,81,0.0003538820954259794
5,UPFC_tse,5-15,-2.1530884458255204,14,-2.1509630278139777,MAP_PMU,81,0.0021254180115426458
0,x_tcsc,1-14,-0.11198913006102641,15,-0.11197782552629418,MAP_PMU,81,1.1304534732234361e-05
1,B_svc,2,0.18302776178736943,15,0.18327189465115296,MAP_PMU,81,0.00024413286378352494
2,UPFC_Vsh,5-15,1.1074583460264094,15,1.1082248726377468,MAP_PMU,81,0.0007665266113374702
3,UPFC_tsh,5-15,-0.2330393059228366,15,-0.23293119280704588,MAP_PMU,81,0.00010811311579070337
4,UPFC_Vse,5-15,0.060107016268998795,15,0.05985422912105352,MAP_PMU,81,0.00025278714794527146
5,UPFC_tse,5-15,-2.161250437630597,15,-2.1509630278139777,MAP_PMU,81,0.010287409816619242
0,x_tcsc,1-14,-0.1119761035858261,16,-0.11197782552629418,MAP_PMU,81,1.721940468074612e-06
1,B_svc,2,0.1834741334797395,16,0.18327189465115296,MAP_PMU,81,0.00020223882858655395
2,UPFC_Vsh,5-15,1.1071072207221002,16,1.1082248726377468,MAP_PMU,81,0.0011176519156466114
3,UPFC_tsh,5-15,-0.23301495997617688,16,-0.23293119280704588,MAP_PMU,81,8.376716913099935e-05
4,UPFC_Vse,5-15,0.06070082084203885,16,0.05985422912105352,MAP_PMU,81,0.0008465917209853277
5,UPFC_tse,5-15,-2.1610562634239248,16,-2.1509630278139777,MAP_PMU,81,0.010093235609947016
0,x_tcsc,1-14,-0.11198959242279832,17,-0.11197782552629418,MAP_PMU,81,1.1766896504145086e-05
1,B_svc,2,0.18327307276320276,17,0.18327189465115296,MAP_PMU,81,1.1781120498044473e-06
2,UPFC_Vsh,5-15,1.1075824328050934,17,1.1082248726377468,MAP_PMU,81,0.0006424398326534408
3,UPFC_tsh,5-15,-0.2329760859829555,17,-0.23293119280704588,MAP_PMU,81,4.4893175909610505e-05
4,UPFC_Vse,5-15,0.060214495330372944,17,0.05985422912105352,MAP_PMU,81,0.0003602662093194209
5,UPFC_tse,5-15,-2.1521223653562904,17,-2.1509630278139777,MAP_PMU,81,0.0011593375423126773
0,x_tcsc,1-14,-0.11197083653091895,18,-0.11197782552629418,MAP_PMU,81,6.988995375226126e-06
1,B_svc,2,0.1833645911979799,18,0.18327189465115296,MAP_PMU,81,9.269654682694806e-05
2,UPFC_Vsh,5-15,1.1075405392710693,18,1.1082248726377468,MAP_PMU,81,0.0006843333666775031
3,UPFC_tsh,5-15,-0.232927341809284,18,-0.23293119280704588,MAP_PMU,81,3.85099776187281e-06
4,UPFC_Vse,5-15,0.06024968075716139,18,0.05985422912105352,MAP_PMU,81,0.0003954516361078658
5,UPFC_tse,5-15,-2.1585771206636095,18,-2.1509630278139777,MAP_PMU,81,0.007614092849631771
0,x_tcsc,1-14,-0.11197809161194064,19,-0.11197782552629418,MAP_PMU,81,2.660856464609118e-07
1,B_svc,2,0.18304438795973274,19,0.18327189465115296,MAP_PMU,81,0.00022750669142021507
2,UPFC_Vsh,5-15,1.107886605819029,19,1.1082248726377468,MAP_PMU,81,0.00033826681871773623
3,UPFC_tsh,5-15,-0.23289518979064325,19,-0.23293119280704588,MAP_PMU,81,3.6003016402635923e-05
4,UPFC_Vse,5-15,0.060323303947183354,19,0.05985422912105352,MAP_PMU,81,0.0004690748261298311
5,UPFC_tse,5-15,-2.144307171286728,19,-2.1509630278139777,MAP_PMU,81,0.00665585652724987
0,x_tcsc,1-14,-0.11199073031461931,20,-0.11197782552629418,MAP_PMU,81,1.2904788325135419e-05
1,B_svc,2,0.18314914295519702,20,0.18327189465115296,MAP_PMU,81,0.00012275169595593605
2,UPFC_Vsh,5-15,1.1078620653340603,20,1.1082248726377468,MAP_PMU,81,0.0003628073036865409
3,UPFC_tsh,5-15,-0.23296832215197497,20,-0.23293119280704588,MAP_PMU,81,3.712934492908215e-05
4,UPFC_Vse,5-15,0.060375446361471984,20,0.05985422912105352,MAP_PMU,81,0.0005212172404184603
5,UPFC_tse,5-15,-2.155853975772927,20,-2.1509630278139777,MAP_PMU,81,0.004890947958949177
0,x_tcsc,1-14,-0.1119863612868844,21,-0.11197782552629418,MAP_PMU,81,8.535760590219765e-06
1,B_svc,2,0.18307320297826613,21,0.18327189465115296,MAP_PMU,81,0.00019869167288683043
2,UPFC_Vsh,5-15,1.107661155248406,21,1.1082248726377468,MAP_PMU,81,0.000563717389340912
3,UPFC_tsh,5-15,-0.2328695495777988,21,-0.23293119280704588,MAP_PMU,81,6.164322924709364e-05
4,UPFC_Vse,5-15,0.05978920879912356,21,0.05985422912105352,MAP_PMU,81,6.502032192996082e-05
5,UPFC_tse,5-15,-2.1472997966313088,21,-2.1509630278139777,MAP_PMU,81,0.00366323118266898
0,x_tcsc,1-14,-0.11197506884881941,22,-0.11197782552629418,MAP_PMU,81,2.7566774747633804e-06
1,B_svc,2,0.18324532053367487,22,0.18327189465115296,MAP_PMU,81,2.6574117478084247e-05
2,UPFC_Vsh,5-15,1.1076165266376392,22,1.1082248726377468,MAP_PMU,81,0.000608346000107618
3,UPFC_tsh,5-15,-0.23294882977970746,22,-0.23293119280704588,MAP_PMU,81,1.763697266157771e-05
4,UPFC_Vse,5-15,0.06008064181895502,22,0.05985422912105352,MAP_PMU,81,0.00022641269790149576
5,UPFC_tse,5-15,-2.15620868050424,22,-2.1509630278139777,MAP_PMU,81,0.005245652690262226
0,x_tcsc,1-14,-0.11197922618531077,23,-0.11197782552629418,MAP_PMU,81,1.4006590165899224e-06
1,B_svc,2,0.1831108435447962,23,0.18327189465115296,MAP_PMU,81,0.00016105110635675213
2,UPFC_Vsh,5-15,1.1077646490519812,23,1.1082248726377468,MAP_PMU,81,0.00046022358576558453
3,UPFC_tsh,5-15,-0.23297290382524435,23,-0.23293119280704588,MAP_PMU,81,4.171101819847034e-05
4,UPFC_Vse,5-15,0.060295231551827345,23,0.05985422912105352,MAP_PMU,81,0.00044100243077382223
5,UPFC_tse,5-15,-2.1595764204640844,23,-2.1509630278139777,MAP_PMU,81,0.008613392650106633
0,x_tcsc,1-14,-0.1119653665842616,24,-0.11197782552629418,MAP_PMU,81,1.2458942032583797e-05
1,B_svc,2,0.18333407781617714,24,0.18327189465115296,MAP_PMU,81,6.21831650241822e-05
2,UPFC_Vsh,5-15,1.107335355707217,24,1.1082248726377468,MAP_PMU,81,0.0008895169305298545
3,UPFC_tsh,5-15,-0.23292558006766903,24,-0.23293119280704588,MAP_PMU,81,5.6127393768534706e-06
4,UPFC_Vse,5-15,0.060303996258883816,24,0.05985422912105352,MAP_PMU,81,0.00044976713783029254
5,UPFC_tse,5-15,-2.1647917357638367,24,-2.1509630278139777,MAP_PMU,81,0.01382870794985891
0,x_tcsc,1-14,-0.11198720445845148,25,-0.11197782552629418,MAP_PMU,81,9.378932157300124e-06
1,B_svc,2,0.1831266445360214,25,0.18327189465115296,MAP_PMU,81,0.0001452501151315566
2,UPFC_Vsh,5-15,1.1079233259053411,25,1.1082248726377468,MAP_PMU,81,0.00030154673240567753
3,UPFC_tsh,5-15,-0.2329158353447237,25,-0.23293119280704588,MAP_PMU,81,1.5357462322174165e-05
4,UPFC_Vse,5-15,0.060110662895861096,25,0.05985422912105352,MAP_PMU,81,0.0002564337748075726
5,UPFC_tse,5-15,-2.1566203684421636,25,-2.1509630278139777,MAP_PMU,81,0.005657340628185903
0,x_tcsc,1-14,-0.11196651493226091,26,-0.11197782552629418,MAP_PMU,81,1.1310594033267507e-05
1,B_svc,2,0.18350814895693346,26,0.18327189465115296,MAP_PMU,81,0.00023625430578050333
2,UPFC_Vsh,5-15,1.1074720367235638,26,1.1082248726377468,MAP_PMU,81,0.0007528359141830698
3,UPFC_tsh,5-15,-0.23298811667367791,26,-0.23293119280704588,MAP_PMU,81,5.692386663203042e-05
4,UPFC_Vse,5-15,0.0604185954269762,26,0.05985422912105352,MAP_PMU,81,0.0005643663059226797
5,UPFC_tse,5-15,-2.1600508242569534,26,-2.1509630278139777,MAP_PMU,81,0.009087796442975637
0,x_tcsc,1-14,-0.11198968889019295,27,-0.11197782552629418,MAP_PMU,81,1.1863363898773072e-05
1,B_svc,2,0.18339354527196278,27,0.18327189465115296,MAP_PMU,81,0.00012165062080982114
2,UPFC_Vsh,5-15,1.1076486242877037,27,1.1082248726377468,MAP_PMU,81,0.000576248350043107
3,UPFC_tsh,5-15,-0.23291661539958475,27,-0.23293119280704588,MAP_PMU,81,1.4577407461136005e-05
4,UPFC_Vse,5-15,0.060282558459421674,27,0.05985422912105352,MAP_PMU,81,0.00042832933836815107
5,UPFC_tse,5-15,-2.1546904122929478,27,-2.1509630278139777,MAP_PMU,81,0.0037273844789700306
0,x_tcsc,1-14,-0.11197918629444073,28,-0.11197782552629418,MAP_PMU,81,1.3607681465521715e-06
1,B_svc,2,0.182925946960118,28,0.18327189465115296,MAP_PMU,81,0.0003459476910349646
2,UPFC_Vsh,5-15,1.107974414059183,28,1.1082248726377468,MAP_PMU,81,0.00025045857856387244
3,UPFC_tsh,5-15,-0.23292211048216643,28,-0.23293119280704588,MAP_PMU,81,9.082324879450265e-06
4,UPFC_Vse,5-15,0.060104608983418406,28,0.05985422912105352,MAP_PMU,81,0.00025037986236488285
5,UPFC_tse,5-15,-2.154511563076767,28,-2.1509630278139777,MAP_PMU,81,0.0035485352627890876
0,x_tcsc,1-14,-0.1119778623938717,29,-0.11197782552629418,MAP_PMU,81,3.6867577518640005e-08
1,B_svc,2,0.18303828129342967,29,0.18327189465115296,MAP_PMU,81,0.00023361335772328906
2,UPFC_Vsh,5-15,1.1072984289598957,29,1.1082248726377468,MAP_PMU,81,0.0009264436778511076
3,UPFC_tsh,5-15,-0.2330168108335204,29,-0.23293119280704588,MAP_PMU,81,8.561802647452654e-05
4,UPFC_Vse,5-15,0.060731329660700356,29,0.05985422912105352,MAP_PMU,81,0.0008771005396468329
5,UPFC_tse,5-15,-2.1561589868509965,29,-2.1509630278139777,MAP_PMU,81,0.005195959037018749
0,x_tcsc,1-14,-0.11198381225860762,30,-0.11197782552629418,MAP_PMU,81,5.986732313445486e-06
1,B_svc,2,0.18255095373694866,30,0.18327189465115296,MAP_PMU,81,0.0007209409142042988
2,UPFC_Vsh,5-15,1.1079830026641224,30,1.1082248726377468,MAP_PMU,81,0.00024186997362440898
3,UPFC_tsh,5-15,-0.2328154001965381,30,-0.23293119280704588,MAP_PMU,81,0.00011579261050778666
4,UPFC_Vse,5-15,0.059471157074057396,30,0.05985422912105352,MAP_PMU,81,0.0003830720469961274
5,UPFC_tse,5-15,-2.14221786609947,30,-2.1509630278139777,MAP_PMU,81,0.008745161714507788
0,x_tcsc,1-14,-0.11198255339562964,31,-0.11197782552629418,MAP_PMU,81,4.727869335460766e-06
1,B_svc,2,0.1832677106148797,31,0.18327189465115296,MAP_PMU,81,4.184036273252589e-06
2,UPFC_Vsh,5-15,1.1073374499097997,31,1.1082248726377468,MAP_PMU,81,0.0008874227279471736
3,UPFC_tsh,5-15,-0.232977043248469,31,-0.23293119280704588,MAP_PMU,81,4.585044142310646e-05
4,UPFC_Vse,5-15,0.060272574810334434,31,0.05985422912105352,MAP_PMU,81,0.00041834568928091065
5,UPFC_tse,5-15,-2.1620565697899607,31,-2.1509630278139777,MAP_PMU,81,0.011093541975983001
0,x_tcsc,1-14,-0.11197805095367731,32,-0.11197782552629418,MAP_PMU,81,2.2542738313535704e-07
1,B_svc,2,0.18307278165721616,32,0.18327189465115296,MAP_PMU,81,0.00019911299393679527
2,UPFC_Vsh,5-15,1.1077851553376274,32,1.1082248726377468,MAP_PMU,81,0.00043971730011937993
3,UPFC_tsh,5-15,-0.2329362952583575,32,-0.23293119280704588,MAP_PMU,81,5.102451311606027e-06
4,UPFC_Vse,5-15,0.059772453209863616,32,0.05985422912105352,MAP_PMU,81,8.177591118990746e-05
5,UPFC_tse,5-15,-2.1598340593571907,32,-2.1509630278139777,MAP_PMU,81,0.008871031543213004
0,x_tcsc,1-14,-0.11200011408553405,33,-0.11197782552629418,MAP_PMU,81,2.228855923987194e-05
1,B_svc,2,0.18343967128141458,33,0.18327189465115296,MAP_PMU,81,0.00016777663026162903
2,UPFC_Vsh,5-15,1.107547198977962,33,1.1082248726377468,MAP_PMU,81,0.0006776736597848831
3,UPFC_tsh,5-15,-0.23294121764113043,33,-0.23293119280704588,MAP_PMU,81,1.0024834084548795e-05
4,UPFC_Vse,5-15,0.060238428018201444,33,0.05985422912105352,MAP_PMU,81,0.0003841988971479207
5,UPFC_tse,5-15,-2.163142092311947,33,-2.1509630278139777,MAP_PMU,81,0.01217906449796935
0,x_tcsc,1-14,-0.11198037772076071,34,-0.11197782552629418,MAP_PMU,81,2.5521944665291008e-06
1,B_svc,2,0.1828962861282692,34,0.18327189465115296,MAP_PMU,81,0.00037560852288376356
2,UPFC_Vsh,5-15,1.1077408760931726,34,1.1082248726377468,MAP_PMU,81,0.0004839965445742056
3,UPFC_tsh,5-15,-0.23292675217357348,34,-0.23293119280704588,MAP_PMU,81,4.440633472407862e-06
4,UPFC_Vse,5-15,0.06015075948093752,34,0.05985422912105352,MAP_PMU,81,0.00029653035988399384
5,UPFC_tse,5-15,-2.1524743279402494,34,-2.1509630278139777,MAP_PMU,81,0.001511300126271653
0,x_tcsc,1-14,-0.11198623220561,35,-0.11197782552629418,MAP_PMU,81,8.40667931582828e-06
1,B_svc,2,0.18349479553367334,35,0.18327189465115296,MAP_PMU,81,0.0002229008825203882
2,UPFC_Vsh,5-15,1.1075726854387338,35,1.1082248726377468,MAP_PMU,81,0.0006521871990130546
3,UPFC_tsh,5-15,-0.23298352385263274,35,-0.23293119280704588,MAP_PMU,81,5.233104558685642e-05
4,UPFC_Vse,5-15,0.060336817498177014,35,0.05985422912105352,MAP_PMU,81,0.00048258837712349123
5,UPFC_tse,5-15,-2.1600121654175988,35,-2.1509630278139777,MAP_PMU,81,0.009049137603621027
0,x_tcsc,1-14,-0.11198389419836567,36,-0.11197782552629418,MAP_PMU,81,6.0686720714936415e-06
1,B_svc,2,0.18312832153136943,36,0.18327189465115296,MAP_PMU,81,0.00014357311978352438
2,UPFC_Vsh,5-15,1.1077028330326029,36,1.1082248726377468,MAP_PMU,81,0.0005220396051439646
3,UPFC_tsh,5-15,-0.2329409026858831,36,-0.23293119280704588,MAP_PMU,81,9.709878837221853e-06
4,UPFC_Vse,5-15,0.06030717394173149,36,0.05985422912105352,MAP_PMU,81,0.0004529448206779668
5,UPFC_tse,5-15,-2.158451921246096,36,-2.1509630278139777,MAP_PMU,81,0.007488893432118449
0,x_tcsc,1-14,-0.11198094044794442,37,-0.11197782552629418,MAP_PMU,81,3.114921650240743e-06
1,B_svc,2,0.1835659969582664,37,0.18327189465115296,MAP_PMU,81,0.0002941023071134363
2,UPFC_Vsh,5-15,1.1078135612953623,37,1.1082248726377468,MAP_PMU,81,0.0004113113423844794
3,UPFC_tsh,5-15,-0.23288595672453788,37,-0.23293119280704588,MAP_PMU,81,4.523608250800448e-05
4,UPFC_Vse,5-15,0.05935294245937613,37,0.05985422912105352,MAP_PMU,81,0.0005012866616773901
5,UPFC_tse,5-15,-2.153255008265374,37,-2.1509630278139777,MAP_PMU,81,0.002291980451396114
0,x_tcsc,1-14,-0.11198652234224206,38,-0.11197782552629418,MAP_PMU,81,8.696815947881187e-06
1,B_svc,2,0.183072253784727,38,0.18327189465115296,MAP_PMU,81,0.00019964086642595968
2,UPFC_Vsh,5-15,1.107446789015129,38,1.1082248726377468,MAP_PMU,81,0.0007780836226178867
3,UPFC_tsh,5-15,-0.23296393835993284,38,-0.23293119280704588,MAP_PMU,81,3.274555288695913e-05
4,UPFC_Vse,5-15,0.060206994185663026,38,0.05985422912105352,MAP_PMU,81,0.0003527650646095032
5,UPFC_tse,5-15,-2.154380038233581,38,-2.1509630278139777,MAP_PMU,81,0.0034170104196031836
0,x_tcsc,1-14,-0.11198609080644523,39,-0.11197782552629418,MAP_PMU,81,8.265280151048549e-06
1,B_svc,2,0.1835198171219189,39,0.18327189465115296,MAP_PMU,81,0.00024792247076593776
2,UPFC_Vsh,5-15,1.1079254145357338,39,1.1082248726377468,MAP_PMU,81,0.00029945810201303935
3,UPFC_tsh,5-15,-0.2328801989880738,39,-0.23293119280704588,MAP_PMU,81,5.099381897208377e-05
4,UPFC_Vse,5-15,0.059990955588549624,39,0.05985422912105352,MAP_PMU,81,0.00013672646749610107
5,UPFC_tse,5-15,-2.1505040780381273,39,-2.1509630278139777,MAP_PMU,81,0.00045894977585048125
0,x_tcsc,1-14,-0.11198912820943331,40,-0.11197782552629418,MAP_PMU,81,1.1302683139133296e-05
1,B_svc,2,0.18314434728557968,40,0.18327189465115296,MAP_PMU,81,0.00012754736557327173
2,UPFC_Vsh,5-15,1.1075190000961797,40,1.1082248726377468,MAP_PMU,81,0.0007058725415671763
3,UPFC_tsh,5-15,-0.23293311523985297,40,-0.23293119280704588,MAP_PMU,81,1.922432807083263e-06
4,UPFC_Vse,5-15,0.06040463043809444,40,0.05985422912105352,MAP_PMU,81,0.0005504013170409133
5,UPFC_tse,5-15,-2.1560650194576336,40,-2.1509630278139777,MAP_PMU,81,0.005101991643655879
0,x_tcsc,1-14,-0.11198641776854985,41,-0.11197782552629418,MAP_PMU,81,8.592242255675564e-06
1,B_svc,2,0.1837354476347212,41,0.18327189465115296,MAP_PMU,81,0.0004635529835682328
2,UPFC_Vsh,5-15,1.107639514508864,41,1.1082248726377468,MAP_PMU,81,0.0005853581288828291
3,UPFC_tsh,5-15,-0.23287480200404054,41,-0.23293119280704588,MAP_PMU,81,5.639080300534616e-05
4,UPFC_Vse,5-15,0.06027020175748932,41,0.05985422912105352,MAP_PMU,81,0.0004159726364357935
5,UPFC_tse,5-15,-2.1603478955145325,41,-2.1509630278139777,MAP_PMU,81,0.0093848677005548
0,x_tcsc,1-14,-0.11196992121020563,42,-0.11197782552629418,MAP_PMU,81,7.904316088547247e-06
1,B_svc,2,0.18308041685861828,42,0.18327189465115296,MAP_PMU,81,0.00019147779253467223
2,UPFC_Vsh,5-15,1.1076938601389497,42,1.1082248726377468,MAP_PMU,81,0.0005310124987971676
3,UPFC_tsh,5-15,-0.23287849188916981,42,-0.23293119280704588,MAP_PMU,81,5.2700917876069564e-05
4,UPFC_Vse,5-15,0.05999594689861566,42,0.05985422912105352,MAP_PMU,81,0.0001417177775621392
5,UPFC_tse,5-15,-2.1448245699977777,42,-2.1509630278139777,MAP_PMU,81,0.006138457816200038
0,x_tcsc,1-14,-0.1119684797212551,43,-0.11197782552629418,MAP_PMU,81,9.345805039084887e-06
1,B_svc,2,0.18305008523730842,43,0.18327189465115296,MAP_PMU,81,0.00022180941384453146
2,UPFC_Vsh,5-15,1.1077652131941989,43,1.1082248726377468,MAP_PMU,81,0.0004596594435479773
3,UPFC_tsh,5-15,-0.23297845294645264,43,-0.23293119280704588,MAP_PMU,81,4.726013940675733e-05
4,UPFC_Vse,5-15,0.06033234867154565,43,0.05985422912105352,MAP_PMU,81,0.0004781195504921301
5,UPFC_tse,5-15,-2.1569482456258307,43,-2.1509630278139777,MAP_PMU,81,0.005985217811852905
0,x_tcsc,1-14,-0.11196336834633701,44,-0.11197782552629418,MAP_PMU,81,1.4457179957169664e-05
1,B_svc,2,0.18292830931720047,44,0.18327189465115296,MAP_PMU,81,0.00034358533395248414
2,UPFC_Vsh,5-15,1.1076745652079012,44,1.1082248726377468,MAP_PMU,81,0.0005503074298456312
3,UPFC_tsh,5-15,-0.23293372972967571,44,-0.23293119280704588,MAP_PMU,81,2.536922629831073e-06
4,UPFC_Vse,5-15,0.059856999527727626,44,0.05985422912105352,MAP_PMU,81,2.7704066741032762e-06
5,UPFC_tse,5-15,-2.1513425744289703,44,-2.1509630278139777,MAP_PMU,81,0.00037954661499250975
0,x_tcsc,1-14,-0.11197054292926714,45,-0.11197782552629418,MAP_PMU,81,7.282597027036264e-06
1,B_svc,2,0.18318926116235598,45,0.18327189465115296,MAP_PMU,81,8.263348879697374e-05
2,UPFC_Vsh,5-15,1.1076838437909438,45,1.1082248726377468,MAP_PMU,81,0.0005410288468030711
3,UPFC_tsh,5-15,-0.2330488853155371,45,-0.23293119280704588,MAP_PMU,81,0.00011769250849122392
4,UPFC_Vse,5-15,0.06020189804107887,45,0.05985422912105352,MAP_PMU,81,0.00034766892002534994
5,UPFC_tse,5-15,-2.1559406403346864,45,-2.1509630278139777,MAP_PMU,81,0.0049776125207086075
0,x_tcsc,1-14,-0.11196829938957593,46,-0.11197782552629418,MAP_PMU,81,9.52613671824365e-06
1,B_svc,2,0.18348349739031727,46,0.18327189465115296,MAP_PMU,81,0.00021160273916431827
2,UPFC_Vsh,5-15,1.1077071860889802,46,1.1082248726377468,MAP_PMU,81,0.0005176865487666049
3,UPFC_tsh,5-15,-0.2329071054539177,46,-0.23293119280704588,MAP_PMU,81,2.4087353128171562e-05
4,UPFC_Vse,5-15,0.06029347300359062,46,0.05985422912105352,MAP_PMU,81,0.00043924388253709784
5,UPFC_tse,5-15,-2.1571211788923867,46,-2.1509630278139777,MAP_PMU,81,0.006158151078409002
0,x_tcsc,1-14,-0.11198913228635751,47,-0.11197782552629418,MAP_PMU,81,1.1306760063334309e-05
1,B_svc,2,0.18292181426137347,47,0.18327189465115296,MAP_PMU,81,0.0003500803897794891
2,UPFC_Vsh,5-15,1.107873567219155,47,1.1082248726377468,MAP_PMU,81,0.0003513054185917408
3,UPFC_tsh,5-15,-0.23285751598946053,47,-0.23293119280704588,MAP_PMU,81,7.367681758535527e-05
4,UPFC_Vse,5-15,0.05979169623481955,47,0.05985422912105352,MAP_PMU,81,6.253288623397218e-05
5,UPFC_tse,5-15,-2.148934242549945,47,-2.1509630278139777,MAP_PMU,81,0.0020287852640326065
0,x_tcsc,1-14,-0.11197686425833323,48,-0.11197782552629418,MAP_PMU,81,9.612679609527497e-07
1,B_svc,2,0.18303787306173375,48,0.18327189465115296,MAP_PMU,81,0.0002340215894192088
2,UPFC_Vsh,5-15,1.1078668886490177,48,1.1082248726377468,MAP_PMU,81,0.00035798398872910475
3,UPFC_tsh,5-15,-0.23289245561434255,48,-0.23293119280704588,MAP_PMU,81,3.873719270333642e-05
4,UPFC_Vse,5-15,0.06003643372744796,48,0.05985422912105352,MAP_PMU,81,0.00018220460639443992
5,UPFC_tse,5-15,-2.152604741766248,48,-2.1509630278139777,MAP_PMU,81,0.0016417139522704183
0,x_tcsc,1-14,-0.1119794400742527,49,-0.11197782552629418,MAP_PMU,81,1.6145479585227829e-06
1,B_svc,2,0.182830498466747,49,0.18327189465115296,MAP_PMU,81,0.0004413961844059455
2,UPFC_Vsh,5-15,1.107594656177597,49,1.1082248726377468,MAP_PMU,81,0.0006302164601499349
3,UPFC_tsh,5-15,-0.23297781632495385,49,-0.23293119280704588,MAP_PMU,81,4.662351790796215e-05
4,UPFC_Vse,5-15,0.06057013525071456,49,0.05985422912105352,MAP_PMU,81,0.0007159061296610342
5,UPFC_tse,5-15,-2.1640810929468115,49,-2.1509630278139777,MAP_PMU,81,0.013118065132833756
0,x_tcsc,1-14,-0.1119810451950998,50,-0.11197782552629418,MAP_PMU,81,3.2196688056207456e-06
1,B_svc,2,0.18298755350974047,50,0.18327189465115296,MAP_PMU,81,0.00028434114141248634
2,UPFC_Vsh,5-15,1.107733511920705,50,1.1082248726377468,MAP_PMU,81,0.0004913607170418111
3,UPFC_tsh,5-15,-0.23297226278504468,50,-0.23293119280704588,MAP_PMU,81,4.1069977998797746e-05
4,UPFC_Vse,5-15,0.060348876002752024,50,0.05985422912105352,MAP_PMU,81,0.0004946468816985003
5,UPFC_tse,5-15,-2.1568628633127727,50,-2.1509630278139777,MAP_PMU,81,0.005899835498794914
0,x_tcsc,1-14,-0.11197690253974603,51,-0.11197782552629418,MAP_PMU,81,9.229865481491517e-07
1,B_svc,2,0.18308763623745883,51,0.18327189465115296,MAP_PMU,81,0.0001842584136941272
2,UPFC_Vsh,5-15,1.1075451689433082,51,1.1082248726377468,MAP_PMU,81,0.0006797036944385937
3,UPFC_tsh,5-15,-0.23294816228851667,51,-0.23293119280704588,MAP_PMU,81,1.6969481470785475e-05
4,UPFC_Vse,5-15,0.06016904646886693,51,0.05985422912105352,MAP_PMU,81,0.00031481734781340504
5,UPFC_tse,5-15,-2.150741390856521,51,-2.1509630278139777,MAP_PMU,81,0.00022163695745680556
0,x_tcsc,1-14,-0.11192858399219587,52,-0.11197782552629418,MAP_PMU,81,4.924153409831267e-05
1,B_svc,2,0.18350715985642926,52,0.18327189465115296,MAP_PMU,81,0.00023526520527630823
2,UPFC_Vsh,5-15,1.1074366923338275,52,1.1082248726377468,MAP_PMU,81,0.0007881803039193613
3,UPFC_tsh,5-15,-0.2329850284018307,52,-0.23293119280704588,MAP_PMU,81,5.383559478480682e-05
4,UPFC_Vse,5-15,0.060367089825938504,52,0.05985422912105352,MAP_PMU,81,0.0005128607048849806
5,UPFC_tse,5-15,-2.160229395963997,52,-2.1509630278139777,MAP_PMU,81,0.009266368150019133
0,x_tcsc,1-14,-0.11198739901975267,53,-0.11197782552629418,MAP_PMU,81,9.57349345849512e-06
1,B_svc,2,0.18358042263419969,53,0.18327189465115296,MAP_PMU,81,0.00030852798304673024
2,UPFC_Vsh,5-15,1.107723989444809,53,1.1082248726377468,MAP_PMU,81,0.0005008831929378399
3,UPFC_tsh,5-15,-0.23290824686189024,53,-0.23293119280704588,MAP_PMU,81,2.294594515564463e-05
4,UPFC_Vse,5-15,0.06008114734391903,53,0.05985422912105352,MAP_PMU,81,0.0002269182228655034
5,UPFC_tse,5-15,-2.1429381131544205,53,-2.1509630278139777,MAP_PMU,81,0.008024914659557236
0,x_tcsc,1-14,-0.11196336147082508,54,-0.11197782552629418,MAP_PMU,81,1.4464055469093351e-05
1,B_svc,2,0.18349220580848677,54,0.18327189465115296,MAP_PMU,81,0.00022031115733381346
2,UPFC_Vsh,5-15,1.1077718781183443,54,1.1082248726377468,MAP_PMU,81,0.00045299451940250535
3,UPFC_tsh,5-15,-0.23296064460545546,54,-0.23293119280704588,MAP_PMU,81,2.9451798409574348e-05
4,UPFC_Vse,5-15,0.060511463436150666,54,0.05985422912105352,MAP_PMU,81,0.0006572343150971424
5,UPFC_tse,5-15,-2.1576506913042297,54,-2.1509630278139777,MAP_PMU,81,0.0066876634902519605
0,x_tcsc,1-14,-0.11198162361772655,55,-0.11197782552629418,MAP_PMU,81,3.7980914323748616e-06
1,B_svc,2,0.18364170474718813,55,0.18327189465115296,MAP_PMU,81,0.000369810096035178
2,UPFC_Vsh,5-15,1.1072686176679327,55,1.1082248726377468,MAP_PMU,81,0.0009562549698141076
3,UPFC_tsh,5-15,-0.23293916051418728,55,-0.23293119280704588,MAP_PMU,81,7.967707141398606e-06
4,UPFC_Vse,5-15,0.060209918854236086,55,0.05985422912105352,MAP_PMU,81,0.0003556897331825626
5,UPFC_tse,5-15,-2.1588176572732594,55,-2.1509630278139777,MAP_PMU,81,0.007854629459281615
0,x_tcsc,1-14,-0.11197675116388414,56,-0.11197782552629418,MAP_PMU,81,1.0743624100362226e-06
1,B_svc,2,0.18337964241804017,56,0.18327189465115296,MAP_PMU,81,0.00010774776688721177
2,UPFC_Vsh,5-15,1.1073967805496525,56,1.1082248726377468,MAP_PMU,81,0.0008280920880943121
3,UPFC_tsh,5-15,-0.2330063875391841,56,-0.23293119280704588,MAP_PMU,81,7.519473213821182e-05
4,UPFC_Vse,5-15,0.06038112816709218,56,0.05985422912105352,MAP_PMU,81,0.0005268990460386563
5,UPFC_tse,5-15,-2.160542733549785,56,-2.1509630278139777,MAP_PMU,81,0.009579705735807131
0,x_tcsc,1-14,-0.11197364597351346,57,-0.11197782552629418,MAP_PMU,81,4.179552780717022e-06
1,B_svc,2,0.18307195281019528,57,0.18327189465115296,MAP_PMU,81,0.00019994184095767364
2,UPFC_Vsh,5-15,1.1075594230975616,57,1.1082248726377468,MAP_PMU,81,0.0006654495401852145
3,UPFC_tsh,5-15,-0.2330502010200359,57,-0.23293119280704588,MAP_PMU,81,0.00011900821299001829
4,UPFC_Vse,5-15,0.05987359101662653,57,0.05985422912105352,MAP_PMU,81,1.9361895573007104e-05
5,UPFC_tse,5-15,-2.152902134094715,57,-2.1509630278139777,MAP_PMU,81,0.001939106280737235
0,x_tcsc,1-14,-0.11197092712989981,58,-0.11197782552629418,MAP_PMU,81,6.898396394366957e-06
1,B_svc,2,0.1830022765454245,58,0.18327189465115296,MAP_PMU,81,0.000269618105728453
2,UPFC_Vsh,5-15,1.1079695116637058,58,1.1082248726377468,MAP_PMU,81,0.0002553609740409968
3,UPFC_tsh,5-15,-0.2328932934510108,58,-0.23293119280704588,MAP_PMU,81,3.789935603507044e-05
4,UPFC_Vse,5-15,0.059856080239654975,58,0.05985422912105352,MAP_PMU,81,1.8511186014522063e-06
5,UPFC_tse,5-15,-2.1475354132546833,58,-2.1509630278139777,MAP_PMU,81,0.003427614559294412
0,x_tcsc,1-14,-0.11198568930879214,59,-0.11197782552629418,MAP_PMU,81,7.863782497966043e-06
1,B_svc,2,0.18285012284713198,59,0.18327189465115296,MAP_PMU,81,0.00042177180402097614
2,UPFC_Vsh,5-15,1.107692370726619,59,1.1082248726377468,MAP_PMU,81,0.0005325019111277474
3,UPFC_tsh,5-15,-0.2329899616813433,59,-0.23293119280704588,MAP_PMU,81,5.876887429742683e-05
4,UPFC_Vse,5-15,0.06023008919472334,59,0.05985422912105352,MAP_PMU,81,0.00037586007366981894
5,UPFC_tse,5-15,-2.1559529709043397,59,-2.1509630278139777,MAP_PMU,81,0.004989943090361937
0,x_tcsc,1-14,-0.11198315565640661,60,-0.11197782552629418,MAP_PMU,81,5.330130112432552e-06
1,B_svc,2,0.18360381353992722,60,0.18327189465115296,MAP_PMU,81,0.000331918888774263
2,UPFC_Vsh,5-15,1.107165654942575,60,1.1082248726377468,MAP_PMU,81,0.0010592176951718102
3,UPFC_tsh,5-15,-0.23294581938111297,60,-0.23293119280704588,MAP_PMU,81,1.4626574067089226e-05
4,UPFC_Vse,5-15,0.06033505856767623,60,0.05985422912105352,MAP_PMU,81,0.00048082944662270616
5,UPFC_tse,5-15,-2.1547035115935533,60,-2.1509630278139777,MAP_PMU,81,0.0037404837795755874
0,x_tcsc,1-14,-0.11198236235697176,61,-0.11197782552629418,MAP_PMU,81,4.536830677581705e-06
1,B_svc,2,0.18346972202995082,61,0.18327189465115296,MAP_PMU,81,0.00019782737879786572
2,UPFC_Vsh,5-15,1.1077361221540323,61,1.1082248726377468,MAP_PMU,81,0.0004887504837145507
3,UPFC_tsh,5-15,-0.2329401553760787,61,-0.23293119280704588,MAP_PMU,81,8.96256903282211e-06
4,UPFC_Vse,5-15,0.06016824794317848,61,0.05985422912105352,MAP_PMU,81,0.00031401882212495763
5,UPFC_tse,5-15,-2.157052147384398,61,-2.1509630278139777,MAP_PMU,81,0.006089119570420465
0,x_tcsc,1-14,-0.11196945044071227,62,-0.11197782552629418,MAP_PMU,81,8.375085581907582e-06
1,B_svc,2,0.1833894915553629,62,0.18327189465115296,MAP_PMU,81,0.0001175969042099545
2,UPFC_Vsh,5-15,1.1073422226653373,62,1.1082248726377468,MAP_PMU,81,0.0008826499724094994
3,UPFC_tsh,5-15,-0.23297641161724933,62,-0.23293119280704588,MAP_PMU,81,4.521881020344565e-05
4,UPFC_Vse,5-15,0.059800765244441216,62,0.05985422912105352,MAP_PMU,81,5.346387661230717e-05
5,UPFC_tse,5-15,-2.166555412299817,62,-2.1509630278139777,MAP_PMU,81,0.015592384485839439
0,x_tcsc,1-14,-0.11197764772337268,63,-0.11197782552629418,MAP_PMU,81,1.7780292149716104e-07
1,B_svc,2,0.18340602319575314,63,0.18327189465115296,MAP_PMU,81,0.00013412854460018164
2,UPFC_Vsh,5-15,1.1076540903356027,63,1.1082248726377468,MAP_PMU,81,0.0005707823021441349
3,UPFC_tsh,5-15,-0.23293489436797418,63,-0.23293119280704588,MAP_PMU,81,3.701560928298653e-06
4,UPFC_Vse,5-15,0.05969264322338918,63,0.05985422912105352,MAP_PMU,81,0.00016158589766434445
5,UPFC_tse,5-15,-2.1474857077635217,63,-2.1509630278139777,MAP_PMU,81,0.0034773200504560897
0,x_tcsc,1-14,-0.11198361682815493,64,-0.11197782552629418,MAP_PMU,81,5.79130186074972e-06
1,B_svc,2,0.18295357392867084,64,0.18327189465115296,MAP_PMU,81,0.00031832072248211274
2,UPFC_Vsh,5-15,1.1076097962654532,64,1.1082248726377468,MAP_PMU,81,0.0006150763722936325
3,UPFC_tsh,5-15,-0.23294366067932784,64,-0.23293119280704588,MAP_PMU,81,1.2467872281957115e-05
4,UPFC_Vse,5-15,0.060099214879556974,64,0.05985422912105352,MAP_PMU,81,0.00024498575850345067
5,UPFC_tse,5-15,-2.1537405969282295,64,-2.1509630278139777,MAP_PMU,81,0.0027775691142517545
0,x_tcsc,1-14,-0.11196303782206538,65,-0.11197782552629418,MAP_PMU,81,1.478770422880249e-05
1,B_svc,2,0.18318670876083115,65,0.18327189465115296,MAP_PMU,81,8.51858903218039e-05
2,UPFC_Vsh,5-15,1.1076318062618289,65,1.1082248726377468,MAP_PMU,81,0.0005930663759179389
3,UPFC_tsh,5-15,-0.2329746929474774,65,-0.23293119280704588,MAP_PMU,81,4.350014043152939e-05
4,UPFC_Vse,5-15,0.06035902025789851,65,0.05985422912105352,MAP_PMU,81,0.0005047911368449842
5,UPFC_tse,5-15,-2.158788145088206,65,-2.1509630278139777,MAP_PMU,81,0.007825117274228077
0,x_tcsc,1-14,-0.11197498999893905,66,-0.11197782552629418,MAP_PMU,81,2.8355273551244897e-06
1,B_svc,2,0.18338231858634385,66,0.18327189465115296,MAP_PMU,81,0.00011042393519089533
2,UPFC_Vsh,5-15,1.1079011515580293,66,1.1082248726377468,MAP_PMU,81,0.0003237210797175649
3,UPFC_tsh,5-15,-0.2329409022483565,66,-0.23293119280704588,MAP_PMU,81,9.709441310623568e-06
4,UPFC_Vse,5-15,0.06015026397502125,66,0.05985422912105352,MAP_PMU,81,0.0002960348539677235
5,UPFC_tse,5-15,-2.145929987037366,66,-2.1509630278139777,MAP_PMU,81,0.00503304077661193
0,x_tcsc,1-14,-0.11199217444845067,67,-0.11197782552629418,MAP_PMU,81,1.434892215648742e-05
1,B_svc,2,0.1832422132005019,67,0.18327189465115296,MAP_PMU,81,2.968145065104788e-05
2,UPFC_Vsh,5-15,1.1076811907751904,67,1.1082248726377468,MAP_PMU,81,0.0005436818625563777
3,UPFC_tsh,5-15,-0.23291514608743438,67,-0.23293119280704588,MAP_PMU,81,1.604671961150106e-05
4,UPFC_Vse,5-15,0.06032351854072267,67,0.05985422912105352,MAP_PMU,81,0.0004692894196691444
5,UPFC_tse,5-15,-2.1468926481082784,67,-2.1509630278139777,MAP_PMU,81,0.004070379705699345
0,x_tcsc,1-14,-0.11199328592635,68,-0.11197782552629418,MAP_PMU,81,1.5460400055816725e-05
1,B_svc,2,0.18353032393750504,68,0.18327189465115296,MAP_PMU,81,0.0002584292863520854
2,UPFC_Vsh,5-15,1.1075369228626983,68,1.1082248726377468,MAP_PMU,81,0.0006879497750484909
3,UPFC_tsh,5-15,-0.23291421860452768,68,-0.23293119280704588,MAP_PMU,81,1.6974202518199588e-05
4,UPFC_Vse,5-15,0.06023680303106037,68,0.05985422912105352,MAP_PMU,81,0.0003825739100068448
5,UPFC_tse,5-15,-2.1476614760591155,68,-2.1509630278139777,MAP_PMU,81,0.003301551754862242
0,x_tcsc,1-14,-0.11196795229095383,69,-0.11197782552629418,MAP_PMU,81,9.873235340351894e-06
1,B_svc,2,0.18362743362745892,69,0.18327189465115296,MAP_PMU,81,0.0003555389763059691
2,UPFC_Vsh,5-15,1.1075339976937986,69,1.1082248726377468,MAP_PMU,81,0.0006908749439482609
3,UPFC_tsh,5-15,-0.23293291496816174,69,-0.23293119280704588,MAP_PMU,81,1.7221611158524386e-06
4,UPFC_Vse,5-15,0.059872750407272274,69,0.05985422912105352,MAP_PMU,81,1.85212862187506e-05
5,UPFC_tse,5-15,-2.1624011103412064,69,-2.1509630278139777,MAP_PMU,81,0.011438082527228666
0,x_tcsc,1-14,-0.11196430705770247,70,-0.11197782552629418,MAP_PMU,81,1.351846859171113e-05
1,B_svc,2,0.18375092969444642,70,0.18327189465115296,MAP_PMU,81,0.0004790350432934687
2,UPFC_Vsh,5-15,1.1076397841533212,70,1.1082248726377468,MAP_PMU,81,0.0005850884844256221
3,UPFC_tsh,5-15,-0.23291851808135652,70,-0.23293119280704588,MAP_PMU,81,1.2674725689360011e-05
4,UPFC_Vse,5-15,0.06018379784969899,70,0.05985422912105352,MAP_PMU,81,0.0003295687286454657
5,UPFC_tse,5-15,-2.150995326660759,70,-2.1509630278139777,MAP_PMU,81,3.2298846781131374e-05
0,x_tcsc,1-14,-0.11198949991335946,71,-0.11197782552629418,MAP_PMU,81,1.1674387065285785e-05
1,B_svc,2,0.18325113439089186,71,0.18327189465115296,MAP_PMU,81,2.0760260261099006e-05
2,UPFC_Vsh,5-15,1.1076302548002765,71,1.1082248726377468,MAP_PMU,81,0.0005946178374702793
3,UPFC_tsh,5-15,-0.23302590969735282,71,-0.23293119280704588,MAP_PMU,81,9.471689030693398e-05
4,UPFC_Vse,5-15,0.0598204217390761,71,0.05985422912105352,MAP_PMU,81,3.3807381977425666e-05
5,UPFC_tse,5-15,-2.16439940772051,71,-2.1509630278139777,MAP_PMU,81,0.013436379906532459
0,x_tcsc,1-14,-0.11197072061374455,72,-0.11197782552629418,MAP_PMU,81,7.104912549626974e-06
1,B_svc,2,0.18314178760734642,72,0.18327189465115296,MAP_PMU,81,0.00013010704380653215
2,UPFC_Vsh,5-15,1.1074214289417932,72,1.1082248726377468,MAP_PMU,81,0.0008034436959536428
3,UPFC_tsh,5-15,-0.232952773313117,72,-0.23293119280704588,MAP_PMU,81,2.1580506071122718e-05
4,UPFC_Vse,5-15,0.05999324508606601,72,0.05985422912105352,MAP_PMU,81,0.00013901596501248586
5,UPFC_tse,5-15,-2.161441547901898,72,-2.1509630278139777,MAP_PMU,81,0.010478520087920273
0,x_tcsc,1-14,-0.11198272130464737,73,-0.11197782552629418,MAP_PMU,81,4.895778353192215e-06
1,B_svc,2,0.1830162054827156,73,0.18327189465115296,MAP_PMU,81,0.0002556891684373508
2,UPFC_Vsh,5-15,1.1073728454442844,73,1.1082248726377468,MAP_PMU,81,0.0008520271934624457
3,UPFC_tsh,5-15,-0.23295885589387397,73,-0.23293119280704588,MAP_PMU,81,2.7663086828083605e-05
4,UPFC_Vse,5-15,0.060448097920050084,73,0.05985422912105352,MAP_PMU,81,0.0005938687989965608
5,UPFC_tse,5-15,-2.154936554957761,73,-2.1509630278139777,MAP_PMU,81,0.003973527143783073
0,x_tcsc,1-14,-0.11199276808296843,74,-0.11197782552629418,MAP_PMU,81,1.4942556674252261e-05
1,B_svc,2,0.18306113592030718,74,0.18327189465115296,MAP_PMU,81,0.00021075873084577812
2,UPFC_Vsh,5-15,1.1075253718754736,74,1.1082248726377468,MAP_PMU,81,0.0006995007622732086
3,UPFC_tsh,5-15,-0.232988866823017,74,-0.23293119280704588,MAP_PMU,81,5.767401597112087e-05
4,UPFC_Vse,5-15,0.06040796149347076,74,0.05985422912105352,MAP_PMU,81,0.0005537323724172372
5,UPFC_tse,5-15,-2.1608301194247184,74,-2.1509630278139777,MAP_PMU,81,0.00986709161074062
0,x_tcsc,1-14,-0.11197246424019551,75,-0.11197782552629418,MAP_PMU,81,5.361286098667928e-06
1,B_svc,2,0.18372589881070925,75,0.18327189465115296,MAP_PMU,81,0.0004540041595562927
2,UPFC_Vsh,5-15,1.1074095926992886,75,1.1082248726377468,MAP_PMU,81,0.0008152799384582021
3,UPFC_tsh,5-15,-0.23299579996253153,75,-0.23293119280704588,MAP_PMU,81,6.460715548564644e-05
4,UPFC_Vse,5-15,0.06013377214825755,75,0.05985422912105352,MAP_PMU,81,0.0002795430272040239
5,UPFC_tse,5-15,-2.159115808519814,75,-2.1509630278139777,MAP_PMU,81,0.00815278070583636
0,x_tcsc,1-14,-0.11197316712864745,76,-0.11197782552629418,MAP_PMU,81,4.658397646725709e-06
1,B_svc,2,0.1833976692872649,76,0.18327189465115296,MAP_PMU,81,0.00012577463611193607
2,UPFC_Vsh,5-15,1.1076445261588304,76,1.1082248726377468,MAP_PMU,81,0.0005803464789164714
3,UPFC_tsh,5-15,-0.23293449341458017,76,-0.23293119280704588,MAP_PMU,81,3.3006075342845165e-06
4,UPFC_Vse,5-15,0.06060041524327248,76,0.05985422912105352,MAP_PMU,81,0.00074618612221896
5,UPFC_tse,5-15,-2.1598127222988484,76,-2.1509630278139777,MAP_PMU,81,0.008849694484870607
0,x_tcsc,1-14,-0.1119839155946949,77,-0.11197782552629418,MAP_PMU,81,6.090068400715909e-06
1,B_svc,2,0.18326017369141595,77,0.18327189465115296,MAP_PMU,81,1.1720959737004932e-05
2,UPFC_Vsh,5-15,1.107531871933008,77,1.1082248726377468,MAP_PMU,81,0.0006930007047387665
3,UPFC_tsh,5-15,-0.23293977948960123,77,-0.23293119280704588,MAP_PMU,81,8.586682555350444e-06
4,UPFC_Vse,5-15,0.06027285034245898,77,0.05985422912105352,MAP_PMU,81,0.00041862122140545743
5,UPFC_tse,5-15,-2.1554605561539537,77,-2.1509630278139777,MAP_PMU,81,0.004497528339975965
0,x_tcsc,1-14,-0.1119959650470741,78,-0.11197782552629418,MAP_PMU,81,1.8139520779919538e-05
1,B_svc,2,0.18296942554822065,78,0.18327189465115296,MAP_PMU,81,0.0003024691029323012
2,UPFC_Vsh,5-15,1.107504612217271,78,1.1082248726377468,MAP_PMU,81,0.0007202604204759044
3,UPFC_tsh,5-15,-0.23286688060085414,78,-0.23293119280704588,MAP_PMU,81,6.431220619174116e-05
4,UPFC_Vse,5-15,0.060178192147498026,78,0.05985422912105352,MAP_PMU,81,0.00032396302644450287
5,UPFC_tse,5-15,-2.156818793822888,78,-2.1509630278139777,MAP_PMU,81,0.005855766008910468
0,x_tcsc,1-14,-0.1119869616783967,79,-0.11197782552629418,MAP_PMU,81,9.136152102517947e-06
1,B_svc,2,0.18332361922486576,79,0.18327189465115296,MAP_PMU,81,5.172457371280248e-05
2,UPFC_Vsh,5-15,1.1077051277885834,79,1.1082248726377468,MAP_PMU,81,0.0005197448491633949
3,UPFC_tsh,5-15,-0.2329683636846656,79,-0.23293119280704588,MAP_PMU,81,3.7170877619729925e-05
4,UPFC_Vse,5-15,0.05996125332759206,79,0.05985422912105352,MAP_PMU,81,0.0001070242065385335
5,UPFC_tse,5-15,-2.1600112143446615,79,-2.1509630278139777,MAP_PMU,81,0.009048186530683733
0,x_tcsc,1-14,-0.11197712233118985,80,-0.11197782552629418,MAP_PMU,81,7.031951043262596e-07
1,B_svc,2,0.18312916304709823,80,0.18327189465115296,MAP_PMU,81,0.00014273160405472995
2,UPFC_Vsh,5-15,1.1075555882835215,80,1.1082248726377468,MAP_PMU,81,0.000669284354225308
3,UPFC_tsh,5-15,-0.23299466558417833,80,-0.23293119280704588,MAP_PMU,81,6.347277713245059e-05
4,UPFC_Vse,5-15,0.05998893480180157,80,0.05985422912105352,MAP_PMU,81,0.00013470568074804706
5,UPFC_tse,5-15,-2.156587123885423,80,-2.1509630278139777,MAP_PMU,81,0.005624096071445095
0,x_tcsc,1-14,-0.11197377467109877,81,-0.11197782552629418,MAP_PMU,81,4.0508551954060446e-06
1,B_svc,2,0.1827747872368863,81,0.18327189465115296,MAP_PMU,81,0.0004971074142666454
2,UPFC_Vsh,5-15,1.1075035751076794,81,1.1082248726377468,MAP_PMU,81,0.000721297530067444
3,UPFC_tsh,5-15,-0.2329515285998595,81,-0.23293119280704588,MAP_PMU,81,2.033579281360276e-05
4,UPFC_Vse,5-15,0.06067928610295585,81,0.05985422912105352,MAP_PMU,81,0.0008250569819023279
5,UPFC_tse,5-15,-2.1598906305875993,81,-2.1509630278139777,MAP_PMU,81,0.00892760277362159
0,x_tcsc,1-14,-0.11198145017045631,82,-0.11197782552629418,MAP_PMU,81,3.6246441621340386e-06
1,B_svc,2,0.18310076782527115,82,0.18327189465115296,MAP_PMU,81,0.00017112682588180106
2,UPFC_Vsh,5-15,1.1079458106910578,82,1.1082248726377468,MAP_PMU,81,0.00027906194668902984
3,UPFC_tsh,5-15,-0.23289487487547414,82,-0.23293119280704588,MAP_PMU,81,3.6317931571744344e-05
4,UPFC_Vse,5-15,0.059939018354149685,82,0.05985422912105352,MAP_PMU,81,8.478923309616221e-05
5,UPFC_tse,5-15,-2.145474434369234,82,-2.1509630278139777,MAP_PMU,81,0.005488593444743728
0,x_tcsc,1-14,-0.11196500235600512,83,-0.11197782552629418,MAP_PMU,81,1.2823170289055774e-05
1,B_svc,2,0.1832350974575562,83,0.18327189465115296,MAP_PMU,81,3.679719359675482e-05
2,UPFC_Vsh,5-15,1.107958151466297,83,1.1082248726377468,MAP_PMU,81,0.0002667211714497686
3,UPFC_tsh,5-15,-0.23295985624698884,83,-0.23293119280704588,MAP_PMU,81,2.8663439942955282e-05
4,UPFC_Vse,5-15,0.0605201639832981,83,0.05985422912105352,MAP_PMU,81,0.0006659348622445743
5,UPFC_tse,5-15,-2.162413190142315,83,-2.1509630278139777,MAP_PMU,81,0.011450162328337399
0,x_tcsc,1-14,-0.11197861140694874,84,-0.11197782552629418,MAP_PMU,81,7.858806545663066e-07
1,B_svc,2,0.18332049552141128,84,0.18327189465115296,MAP_PMU,81,4.8600870258319606e-05
2,UPFC_Vsh,5-15,1.107492590972094,84,1.1082248726377468,MAP_PMU,81,0.0007322816656527564
3,UPFC_tsh,5-15,-0.23292509885243778,84,-0.23293119280704588,MAP_PMU,81,6.093954608099583e-06
4,UPFC_Vse,5-15,0.060098060952501864,84,0.05985422912105352,MAP_PMU,81,0.00024383183144834064
5,UPFC_tse,5-15,-2.1620642786383235,84,-2.1509630278139777,MAP_PMU,81,0.011101250824345765
0,x_tcsc,1-14,-0.11198290189365444,85,-0.11197782552629418,MAP_PMU,81,5.076367360259959e-06
1,B_svc,2,0.18302282020330976,85,0.18327189465115296,MAP_PMU,81,0.000249074447843195
2,UPFC_Vsh,5-15,1.1077700316079344,85,1.1082248726377468,MAP_PMU,81,0.0004548410298124139
3,UPFC_tsh,5-15,-0.23293345745440092,85,-0.23293119280704588,MAP_PMU,81,2.264647355032512e-06
4,UPFC_Vse,5-15,0.06008853344760083,85,0.05985422912105352,MAP_PMU,81,0.0002343043265473077
5,UPFC_tse,5-15,-2.1446809842958063,85,-2.1509630278139777,MAP_PMU,81,0.00628204351817141
0,x_tcsc,1-14,-0.11197263170443023,86,-0.11197782552629418,MAP_PMU,81,5.1938218639524525e-06
1,B_svc,2,0.18310644732727943,86,0.18327189465115296,MAP_PMU,81,0.00016544732387352434
2,UPFC_Vsh,5-15,1.107445601431889,86,1.1082248726377468,MAP_PMU,81,0.0007792712058578566
3,UPFC_tsh,5-15,-0.2329609660573914,86,-0.23293119280704588,MAP_PMU,81,2.9773250345505042e-05
4,UPFC_Vse,5-15,0.06054214756658414,86,0.05985422912105352,MAP_PMU,81,0.000687918445530615
5,UPFC_tse,5-15,-2.1608329622218987,86,-2.1509630278139777,MAP_PMU,81,0.009869934407920944
0,x_tcsc,1-14,-0.11197953752368989,87,-0.11197782552629418,MAP_PMU,81,1.7119973957091528e-06
1,B_svc,2,0.1829926452075066,87,0.18327189465115296,MAP_PMU,81,0.00027924944364635107
2,UPFC_Vsh,5-15,1.1076898174908283,87,1.1082248726377468,MAP_PMU,81,0.0005350551469185394
3,UPFC_tsh,5-15,-0.23296646490612674,87,-0.23293119280704588,MAP_PMU,81,3.527209908085749e-05
4,UPFC_Vse,5-15,0.060366989724664366,87,0.05985422912105352,MAP_PMU,81,0.0005127606036108429
5,UPFC_tse,5-15,-2.158148447481464,87,-2.1509630278139777,MAP_PMU,81,0.007185419667486315
0,x_tcsc,1-14,-0.11198296991843487,88,-0.11197782552629418,MAP_PMU,81,5.14439214069351e-06
1,B_svc,2,0.18297966736540175,88,0.18327189465115296,MAP_PMU,81,0.0002922272857512065
2,UPFC_Vsh,5-15,1.1072223760501227,88,1.1082248726377468,MAP_PMU,81,0.00100249658762408
3,UPFC_tsh,5-15,-0.23305207880233042,88,-0.23293119280704588,MAP_PMU,81,0.00012088599528453647
4,UPFC_Vse,5-15,0.05989730904327088,88,0.05985422912105352,MAP_PMU,81,4.3079922217359456e-05
5,UPFC_tse,5-15,-2.165328827993336,88,-2.1509630278139777,MAP_PMU,81,0.014365800179358068
0,x_tcsc,1-14,-0.11199289246833147,89,-0.11197782552629418,MAP_PMU,81,1.5066942037289532e-05
1,B_svc,2,0.18288062193567942,89,0.18327189465115296,MAP_PMU,81,0.0003912727154735396
2,UPFC_Vsh,5-15,1.107633191907283,89,1.1082248726377468,MAP_PMU,81,0.0005916807304637839
3,UPFC_tsh,5-15,-0.2329756879209158,89,-0.23293119280704588,MAP_PMU,81,4.4495113869919e-05
4,UPFC_Vse,5-15,0.05992078056926392,89,0.05985422912105352,MAP_PMU,81,6.655144821039738e-05
5,UPFC_tse,5-15,-2.1496455286270653,89,-2.1509630278139777,MAP_PMU,81,0.0013174991869124852
0,x_tcsc,1-14,-0.1119799962355167,90,-0.11197782552629418,MAP_PMU,81,2.1707092225237146e-06
1,B_svc,2,0.18351779550298863,90,0.18327189465115296,MAP_PMU,81,0.00024590085183567867
2,UPFC_Vsh,5-15,1.1078792911887978,90,1.1082248726377468,MAP_PMU,81,0.0003455814489490283
3,UPFC_tsh,5-15,-0.23295070602369772,90,-0.23293119280704588,MAP_PMU,81,1.9513216651834142e-05
4,UPFC_Vse,5-15,0.05950126325826247,90,0.05985422912105352,MAP_PMU,81,0.00035296586279105063
5,UPFC_tse,5-15,-2.1459653696961523,90,-2.1509630278139777,MAP_PMU,81,0.0049976581178254875
0,x_tcsc,1-14,-0.11197657143074576,91,-0.11197782552629418,MAP_PMU,81,1.2540955484224847e-06
1,B_svc,2,0.18278062243487167,91,0.18327189465115296,MAP_PMU,81,0.0004912722162812855
2,UPFC_Vsh,5-15,1.1077176890002078,91,1.1082248726377468,MAP_PMU,81,0.0005071836375389882
3,UPFC_tsh,5-15,-0.2329882068639925,91,-0.23293119280704588,MAP_PMU,81,5.7014056946608216e-05
4,UPFC_Vse,5-15,0.06047166241058803,91,0.05985422912105352,MAP_PMU,81,0.000617433289534508
5,UPFC_tse,5-15,-2.156928070750037,91,-2.1509630278139777,MAP_PMU,81,0.005965042936059373
0,x_tcsc,1-14,-0.11196931273678372,92,-0.11197782552629418,MAP_PMU,81,8.512789510459196e-06
1,B_svc,2,0.1832384017381296,92,0.18327189465115296,MAP_PMU,81,3.349291302334745e-05
2,UPFC_Vsh,5-15,1.107711980466245,92,1.1082248726377468,MAP_PMU,81,0.0005128921715018553
3,UPFC_tsh,5-15,-0.2329415355087977,92,-0.23293119280704588,MAP_PMU,81,1.0342701751819838e-05
4,UPFC_Vse,5-15,0.0602468578135431,92,0.05985422912105352,MAP_PMU,81,0.0003926286924895786
5,UPFC_tse,5-15,-2.150047745960463,92,-2.1509630278139777,MAP_PMU,81,0.0009152818535147489
0,x_tcsc,1-14,-0.1119867181425123,93,-0.11197782552629418,MAP_PMU,81,8.892616218128535e-06
1,B_svc,2,0.1828218907208137,93,0.18327189465115296,MAP_PMU,81,0.00045000393033925445
2,UPFC_Vsh,5-15,1.107337814987014,93,1.1082248726377468,MAP_PMU,81,0.0008870576507329364
3,UPFC_tsh,5-15,-0.2330144139677096,93,-0.23293119280704588,MAP_PMU,81,8.322116066372676e-05
4,UPFC_Vse,5-15,0.06070696856103042,93,0.05985422912105352,MAP_PMU,81,0.0008527394399768934
5,UPFC_tse,5-15,-2.154361732702488,93,-2.1509630278139777,MAP_PMU,81,0.003398704888510462
0,x_tcsc,1-14,-0.11199164582777706,94,-0.11197782552629418,MAP_PMU,81,1.382030148287805e-05
1,B_svc,2,0.18294831369802692,94,0.18327189465115296,MAP_PMU,81,0.0003235809531260403
2,UPFC_Vsh,5-15,1.107738844345589,94,1.1082248726377468,MAP_PMU,81,0.0004860282921579362
3,UPFC_tsh,5-15,-0.2328612651208448,94,-0.23293119280704588,MAP_PMU,81,6.992768620109335e-05
4,UPFC_Vse,5-15,0.05960825863210468,94,0.05985422912105352,MAP_PMU,81,0.0002459704889488448
5,UPFC_tse,5-15,-2.1520953968758114,94,-2.1509630278139777,MAP_PMU,81,0.0011323690618336713
0,x_tcsc,1-14,-0.11196934113304241,95,-0.11197782552629418,MAP_PMU,81,8.48439325176753e-06
1,B_svc,2,0.18335736750267217,95,0.18327189465115296,MAP_PMU,81,8.547285151921935e-05
2,UPFC_Vsh,5-15,1.1077786961853473,95,1.1082248726377468,MAP_PMU,81,0.0004461764523995271
3,UPFC_tsh,5-15,-0.23286917504885338,95,-0.23293119280704588,MAP_PMU,81,6.201775819250632e-05
4,UPFC_Vse,5-15,0.05982795670932105,95,0.05985422912105352,MAP_PMU,81,2.6272411732475298e-05
5,UPFC_tse,5-15,-2.145745496057396,95,-2.1509630278139777,MAP_PMU,81,0.005217531756581906
0,x_tcsc,1-14,-0.11196270901656163,96,-0.11197782552629418,MAP_PMU,81,1.5116509732543415e-05
1,B_svc,2,0.18388130918502094,96,0.18327189465115296,MAP_PMU,81,0.0006094145338679802
2,UPFC_Vsh,5-15,1.1071305914230531,96,1.1082248726377468,MAP_PMU,81,0.001094281214693682
3,UPFC_tsh,5-15,-0.2329799015029527,96,-0.23293119280704588,MAP_PMU,81,4.8708695906812816e-05
4,UPFC_Vse,5-15,0.06004687604021309,96,0.05985422912105352,MAP_PMU,81,0.0001926469191595656
5,UPFC_tse,5-15,-2.1542557343583937,96,-2.1509630278139777,MAP_PMU,81,0.0032927065444159354
0,x_tcsc,1-14,-0.11198345600558368,97,-0.11197782552629418,MAP_PMU,81,5.630479289503443e-06
1,B_svc,2,0.18341339322203798,97,0.18327189465115296,MAP_PMU,81,0.0001414985708850236
2,UPFC_Vsh,5-15,1.1076497826223257,97,1.1082248726377468,MAP_PMU,81,0.0005750900154211092
3,UPFC_tsh,5-15,-0.23293465239620534,97,-0.23293119280704588,MAP_PMU,81,3.459589159454657e-06
4,UPFC_Vse,5-15,0.059789613556755765,97,0.05985422912105352,MAP_PMU,81,6.461556429775833e-05
5,UPFC_tse,5-15,-2.1509609700682923,97,-2.1509630278139777,MAP_PMU,81,2.057745685402068e-06
0,x_tcsc,1-14,-0.11199372067299239,98,-0.11197782552629418,MAP_PMU,81,1.5895146698211016e-05
1,B_svc,2,0.18336645916610061,98,0.18327189465115296,MAP_PMU,81,9.456451494765927e-05
2,UPFC_Vsh,5-15,1.1077052086266157,98,1.1082248726377468,MAP_PMU,81,0.0005196640111311268
3,UPFC_tsh,5-15,-0.23287387635828322,98,-0.23293119280704588,MAP_PMU,81,5.7316448762667616e-05
4,UPFC_Vse,5-15,0.05976608199546027,98,0.05985422912105352,MAP_PMU,81,8.814712559325477e-05
5,UPFC_tse,5-15,-2.152993543895684,98,-2.1509630278139777,MAP_PMU,81,0.002030516081706235
0,x_tcsc,1-14,-0.11197184726272275,99,-0.11197782552629418,MAP_PMU,81,5.978263571432274e-06
1,B_svc,2,0.18314989451420058,99,0.18327189465115296,MAP_PMU,81,0.0001220001369523771
2,UPFC_Vsh,5-15,1.1075772100638674,99,1.1082248726377468,MAP_PMU,81,0.0006476625738793818
3,UPFC_tsh,5-15,-0.232969071272974,99,-0.23293119280704588,MAP_PMU,81,3.787846592812061e-05
4,UPFC_Vse,5-15,0.06037974590100032,99,0.05985422912105352,MAP_PMU,81,0.0005255167799467983
5,UPFC_tse,5-15,-2.1622670731084193,99,-2.1509630278139777,MAP_PMU,81,0.011304045294441512
0,x_tcsc,1-14,-0.1134714066674117,0,-0.11343766201860646,MAP_PMU,83,3.3744648805247857e-05
1,B_svc,2,0.18582315764160995,0,0.18585459451092773,MAP_PMU,83,3.1436869317780225e-05
2,UPFC_Vsh,5-15,1.1077827988625966,0,1.107960640615965,MAP_PMU,83,0.0001778417533684351
3,UPFC_tsh,5-15,-0.23184380460132883,0,-0.23175616849637212,MAP_PMU,83,8.763610495671204e-05
4,UPFC_Vse,5-15,0.059991697016011286,0,0.05934732149219731,MAP_PMU,83,0.000644375523813974
5,UPFC_tse,5-15,-2.1632098108873423,0,-2.14593070102627,MAP_PMU,83,0.017279109861072506
0,x_tcsc,1-14,-0.1134590819913911,1,-0.11343766201860646,MAP_PMU,83,2.1419972784639252e-05
1,B_svc,2,0.18581879433905557,1,0.18585459451092773,MAP_PMU,83,3.580017187215789e-05
2,UPFC_Vsh,5-15,1.1074767554413345,1,1.107960640615965,MAP_PMU,83,0.00048388517463049396
3,UPFC_tsh,5-15,-0.23184466605356277,1,-0.23175616849637212,MAP_PMU,83,8.849755719064767e-05
4,UPFC_Vse,5-15,0.060535640427009034,1,0.05934732149219731,MAP_PMU,83,0.0011883189348117218
5,UPFC_tse,5-15,-2.161522486004749,1,-2.14593070102627,MAP_PMU,83,0.01559178497847924
0,x_tcsc,1-14,-0.11344137472113078,2,-0.11343766201860646,MAP_PMU,83,3.7127025243194334e-06
1,B_svc,2,0.1857122886254467,2,0.18585459451092773,MAP_PMU,83,0.00014230588548103107
2,UPFC_Vsh,5-15,1.1075104173455863,2,1.107960640615965,MAP_PMU,83,0.00045022327037869125
3,UPFC_tsh,5-15,-0.23178829088663824,2,-0.23175616849637212,MAP_PMU,83,3.2122390266120515e-05
4,UPFC_Vse,5-15,0.06053585033459193,2,0.05934732149219731,MAP_PMU,83,0.0011885288423946205
5,UPFC_tse,5-15,-2.151727437503775,2,-2.14593070102627,MAP_PMU,83,0.005796736477505338
0,x_tcsc,1-14,-0.11344756804881795,3,-0.11343766201860646,MAP_PMU,83,9.906030211490058e-06
1,B_svc,2,0.18621572492489208,3,0.18585459451092773,MAP_PMU,83,0.0003611304139643501
2,UPFC_Vsh,5-15,1.107636751086187,3,1.107960640615965,MAP_PMU,83,0.00032388952977790986
3,UPFC_tsh,5-15,-0.2317932362496691,3,-0.23175616849637212,MAP_PMU,83,3.706775329698209e-05
4,UPFC_Vse,5-15,0.060209296602404545,3,0.05934732149219731,MAP_PMU,83,0.0008619751102072332
5,UPFC_tse,5-15,-2.157568137167754,3,-2.14593070102627,MAP_PMU,83,0.011637436141484159
0,x_tcsc,1-14,-0.11344512962545654,4,-0.11343766201860646,MAP_PMU,83,7.467606850081188e-06
1,B_svc,2,0.18651236198101012,4,0.18585459451092773,MAP_PMU,83,0.0006577674700823932
2,UPFC_Vsh,5-15,1.1074231657720615,4,1.107960640615965,MAP_PMU,83,0.0005374748439035404
3,UPFC_tsh,5-15,-0.2317630737685908,4,-0.23175616849637212,MAP_PMU,83,6.90527221866577e-06
4,UPFC_Vse,5-15,0.060079157962493655,4,0.05934732149219731,MAP_PMU,83,0.0007318364702963431
5,UPFC_tse,5-15,-2.168178278359451,4,-2.14593070102627,MAP_PMU,83,0.02224757733318139
0,x_tcsc,1-14,-0.11345861174059399,5,-0.11343766201860646,MAP_PMU,83,2.0949721987531533e-05
1,B_svc,2,0.18562229396259597,5,0.18585459451092773,MAP_PMU,83,0.00023230054833175973
2,UPFC_Vsh,5-15,1.1076173069992648,5,1.107960640615965,MAP_PMU,83,0.00034333361670024765
3,UPFC_tsh,5-15,-0.23180675845411144,5,-0.23175616849637212,MAP_PMU,83,5.058995773932207e-05
4,UPFC_Vse,5-15,0.060273528026242494,5,0.05934732149219731,MAP_PMU,83,0.0009262065340451819
5,UPFC_tse,5-15,-2.149444298701612,5,-2.14593070102627,MAP_PMU,83,0.003513597675341984
0,x_tcsc,1-14,-0.11344875168205185,6,-0.11343766201860646,MAP_PMU,83,1.1089663445387754e-05
1,B_svc,2,0.1857961788311267,6,0.18585459451092773,MAP_PMU,83,5.841567980102713e-05
2,UPFC_Vsh,5-15,1.1073958611283803,6,1.107960640615965,MAP_PMU,83,0.0005647794875847101
3,UPFC_tsh,5-15,-0.2318314827286255,6,-0.23175616849637212,MAP_PMU,83,7.531423225337619e-05
4,UPFC_Vse,5-15,0.059942547481716464,6,0.05934732149219731,MAP_PMU,83,0.000595225989519152
5,UPFC_tse,5-15,-2.1628217155297254,6,-2.14593070102627,MAP_PMU,83,0.016891014503455537
0,x_tcsc,1-14,-0.11342032338398403,7,-0.11343766201860646,MAP_PMU,83,1.7338634622429683e-05
1,B_svc,2,0.1858669907944672,7,0.18585459451092773,MAP_PMU,83,1.2396283539467534e-05
2,UPFC_Vsh,5-15,1.107544810178157,7,1.107960640615965,MAP_PMU,83,0.00041583043780790696
3,UPFC_tsh,5-15,-0.23179683963637768,7,-0.23175616849637212,MAP_PMU,83,4.067114000555483e-05
4,UPFC_Vse,5-15,0.0600999942033075,7,0.05934732149219731,MAP_PMU,83,0.0007526727111101875
5,UPFC_tse,5-15,-2.1543781699121705,7,-2.14593070102627,MAP_PMU,83,0.008447468885900644
0,x_tcsc,1-14,-0.11342261683638992,8,-0.11343766201860646,MAP_PMU,83,1.5045182216538722e-05
1,B_svc,2,0.1857749509984365,8,0.18585459451092773,MAP_PMU,83,7.964351249123425e-05
2,UPFC_Vsh,5-15,1.1079202016653857,8,1.107960640615965,MAP_PMU,83,4.043895057925795e-05
3,UPFC_tsh,5-15,-0.23173710361944075,8,-0.23175616849637212,MAP_PMU,83,1.906487693137393e-05
4,UPFC_Vse,5-15,0.059752952980295655,8,0.05934732149219731,MAP_PMU,83,0.00040563148809834304
5,UPFC_tse,5-15,-2.149419205679352,8,-2.14593070102627,MAP_PMU,83,0.0034885046530823693
0,x_tcsc,1-14,-0.11345504542766487,9,-0.11343766201860646,MAP_PMU,83,1.738340905840796e-05
1,B_svc,2,0.18585451083718463,9,0.18585459451092773,MAP_PMU,83,8.367374310092046e-08
2,UPFC_Vsh,5-15,1.1075435614756823,9,1.107960640615965,MAP_PMU,83,0.00041707914028266124
3,UPFC_tsh,5-15,-0.23174663158576417,9,-0.23175616849637212,MAP_PMU,83,9.536910607954585e-06
4,UPFC_Vse,5-15,0.05997808013632779,9,0.05934732149219731,MAP_PMU,83,0.0006307586441304802
5,UPFC_tse,5-15,-2.139354792044531,9,-2.14593070102627,MAP_PMU,83,0.006575908981738987
0,x_tcsc,1-14,-0.11345986000365307,10,-0.11343766201860646,MAP_PMU,83,2.21979850466153e-05
1,B_svc,2,0.1857245347630639,10,0.18585459451092773,MAP_PMU,83,0.0001300597478638421
2,UPFC_Vsh,5-15,1.1078105170092691,10,1.107960640615965,MAP_PMU,83,0.00015012360669586222
3,UPFC_tsh,5-15,-0.2317660047977844,10,-0.23175616849637212,MAP_PMU,83,9.836301412269322e-06
4,UPFC_Vse,5-15,0.06062772074208761,10,0.05934732149219731,MAP_PMU,83,0.0012803992498902975
5,UPFC_tse,5-15,-2.1423066311570538,10,-2.14593070102627,MAP_PMU,83,0.00362406986921604
0,x_tcsc,1-14,-0.1134461017599364,11,-0.11343766201860646,MAP_PMU,83,8.439741329940853e-06
1,B_svc,2,0.18593397566812508,11,0.18585459451092773,MAP_PMU,83,7.938115719735572e-05
2,UPFC_Vsh,5-15,1.1076341498581501,11,1.107960640615965,MAP_PMU,83,0.000326490757814879
3,UPFC_tsh,5-15,-0.23176994106652724,11,-0.23175616849637212,MAP_PMU,83,1.3772570155112795e-05
4,UPFC_Vse,5-15,0.06005503781701399,11,0.05934732149219731,MAP_PMU,83,0.0007077163248166776
5,UPFC_tse,5-15,-2.154551583907707,11,-2.14593070102627,MAP_PMU,83,0.008620882881437364
0,x_tcsc,1-14,-0.11343321781259444,12,-0.11343766201860646,MAP_PMU,83,4.444206012019225e-06
1,B_svc,2,0.1855412799687345,12,0.18585459451092773,MAP_PMU,83,0.00031331454219321597
2,UPFC_Vsh,5-15,1.1074540801109956,12,1.107960640615965,MAP_PMU,83,0.0005065605049694444
3,UPFC_tsh,5-15,-0.23177503264659646,12,-0.23175616849637212,MAP_PMU,83,1.8864150224340293e-05
4,UPFC_Vse,5-15,0.0606311667595781,12,0.05934732149219731,MAP_PMU,83,0.0012838452673807899
5,UPFC_tse,5-15,-2.150445953282037,12,-2.14593070102627,MAP_PMU,83,0.004515252255766988
0,x_tcsc,1-14,-0.11343251250084159,13,-0.11343766201860646,MAP_PMU,83,5.149517764868605e-06
1,B_svc,2,0.18566371278666785,13,0.18585459451092773,MAP_PMU,83,0.00019088172425987815
2,UPFC_Vsh,5-15,1.10775228597947,13,1.107960640615965,MAP_PMU,83,0.00020835463649504504
3,UPFC_tsh,5-15,-0.23170361272180978,13,-0.23175616849637212,MAP_PMU,83,5.255577456234062e-05
4,UPFC_Vse,5-15,0.05953497986400099,13,0.05934732149219731,MAP_PMU,83,0.0001876583718036784
5,UPFC_tse,5-15,-2.1408754276460042,13,-2.14593070102627,MAP_PMU,83,0.005055273380265568
0,x_tcsc,1-14,-0.11344362567087439,14,-0.11343766201860646,MAP_PMU,83,5.963652267931829e-06
1,B_svc,2,0.1860997123782634,14,0.18585459451092773,MAP_PMU,83,0.00024511786733566465
2,UPFC_Vsh,5-15,1.1076806321226413,14,1.107960640615965,MAP_PMU,83,0.00028000849332365796
3,UPFC_tsh,5-15,-0.2317812731106433,14,-0.23175616849637212,MAP_PMU,83,2.5104614271187486e-05
4,UPFC_Vse,5-15,0.060039808023786646,14,0.05934732149219731,MAP_PMU,83,0.0006924865315893342
5,UPFC_tse,5-15,-2.1505711407119694,14,-2.14593070102627,MAP_PMU,83,0.004640439685699604
0,x_tcsc,1-14,-0.11343386128589432,15,-0.11343766201860646,MAP_PMU,83,3.80073271213921e-06
1,B_svc,2,0.18545151714055916,15,0.18585459451092773,MAP_PMU,83,0.00040307737036857083
2,UPFC_Vsh,5-15,1.1076322297577554,15,1.107960640615965,MAP_PMU,83,0.0003284108582095602
3,UPFC_tsh,5-15,-0.23180706171847854,15,-0.23175616849637212,MAP_PMU,83,5.0893222106412894e-05
4,UPFC_Vse,5-15,0.059778658272026365,15,0.05934732149219731,MAP_PMU,83,0.00043133677982905294
5,UPFC_tse,5-15,-2.1514589905967534,15,-2.14593070102627,MAP_PMU,83,0.005528289570483569
0,x_tcsc,1-14,-0.11345717474655444,16,-0.11343766201860646,MAP_PMU,83,1.951272794797898e-05
1,B_svc,2,0.18606685218989763,16,0.18585459451092773,MAP_PMU,83,0.00021225767896990155
2,UPFC_Vsh,5-15,1.1074889983836063,16,1.107960640615965,MAP_PMU,83,0.0004716422323587377
3,UPFC_tsh,5-15,-0.2318245264463751,16,-0.23175616849637212,MAP_PMU,83,6.835795000298406e-05
4,UPFC_Vse,5-15,0.060587415474433734,16,0.05934732149219731,MAP_PMU,83,0.0012400939822364218
5,UPFC_tse,5-15,-2.154691768528481,16,-2.14593070102627,MAP_PMU,83,0.008761067502211173
0,x_tcsc,1-14,-0.11344548191755169,17,-0.11343766201860646,MAP_PMU,83,7.819898945229942e-06
1,B_svc,2,0.18593115713303424,17,0.18585459451092773,MAP_PMU,83,7.656262210650744e-05
2,UPFC_Vsh,5-15,1.1071405156156244,17,1.107960640615965,MAP_PMU,83,0.0008201250003405658
3,UPFC_tsh,5-15,-0.23181563019263923,17,-0.23175616849637212,MAP_PMU,83,5.9461696267110176e-05
4,UPFC_Vse,5-15,0.06011830004891079,17,0.05934732149219731,MAP_PMU,83,0.0007709785567134794
5,UPFC_tse,5-15,-2.15499119830014,17,-2.14593070102627,MAP_PMU,83,0.009060497273870372
0,x_tcsc,1-14,-0.11344434286380166,18,-0.11343766201860646,MAP_PMU,83,6.680845195200513e-06
1,B_svc,2,0.18599882031646625,18,0.18585459451092773,MAP_PMU,83,0.0001442258055385226
2,UPFC_Vsh,5-15,1.1074031346177993,18,1.107960640615965,MAP_PMU,83,0.0005575059981657304
3,UPFC_tsh,5-15,-0.23178725938104364,18,-0.23175616849637212,MAP_PMU,83,3.109088467151411e-05
4,UPFC_Vse,5-15,0.05987579836688292,18,0.05934732149219731,MAP_PMU,83,0.0005284768746856086
5,UPFC_tse,5-15,-2.1549879933165283,18,-2.14593070102627,MAP_PMU,83,0.009057292290258534
0,x_tcsc,1-14,-0.11346104885662,19,-0.11343766201860646,MAP_PMU,83,2.3386838013547684e-05
1,B_svc,2,0.18562830027229787,19,0.18585459451092773,MAP_PMU,83,0.00022629423862985387
2,UPFC_Vsh,5-15,1.107798923097296,19,1.107960640615965,MAP_PMU,83,0.0001617175186690023
3,UPFC_tsh,5-15,-0.23173402534350687,19,-0.23175616849637212,MAP_PMU,83,2.214315286525048e-05
4,UPFC_Vse,5-15,0.06000033247734013,19,0.05934732149219731,MAP_PMU,83,0.000653010985142817
5,UPFC_tse,5-15,-2.1510166896633383,19,-2.14593070102627,MAP_PMU,83,0.005085988637068439
0,x_tcsc,1-14,-0.11343063772716419,20,-0.11343766201860646,MAP_PMU,83,7.024291442267461e-06
1,B_svc,2,0.18574697141514554,20,0.18585459451092773,MAP_PMU,83,0.00010762309578218887
2,UPFC_Vsh,5-15,1.1077727251099803,20,1.107960640615965,MAP_PMU,83,0.00018791550598473705
3,UPFC_tsh,5-15,-0.23179213928659723,20,-0.23175616849637212,MAP_PMU,83,3.5970790225103855e-05
4,UPFC_Vse,5-15,0.05996172067554613,20,0.05934732149219731,MAP_PMU,83,0.0006143991833488169
5,UPFC_tse,5-15,-2.1548961546891907,20,-2.14593070102627,MAP_PMU,83,0.008965453662920897
0,x_tcsc,1-14,-0.11345461370769443,21,-0.11343766201860646,MAP_PMU,83,1.6951689087968402e-05
1,B_svc,2,0.18566816276082868,21,0.18585459451092773,MAP_PMU,83,0.0001864317500990531
2,UPFC_Vsh,5-15,1.1077842057316893,21,1.107960640615965,MAP_PMU,83,0.0001764348842756558
3,UPFC_tsh,5-15,-0.23173430289216188,21,-0.23175616849637212,MAP_PMU,83,2.186560421024719e-05
4,UPFC_Vse,5-15,0.05990317102711164,21,0.05934732149219731,MAP_PMU,83,0.0005558495349143253
5,UPFC_tse,5-15,-2.1503684063700788,21,-2.14593070102627,MAP_PMU,83,0.00443770534380894
0,x_tcsc,1-14,-0.11344675581743441,22,-0.11343766201860646,MAP_PMU,83,9.093798827949917e-06
1,B_svc,2,0.1858626278512137,22,0.18585459451092773,MAP_PMU,83,8.033340285984458e-06
2,UPFC_Vsh,5-15,1.1073241866147139,22,1.107960640615965,MAP_PMU,83,0.0006364540012511188
3,UPFC_tsh,5-15,-0.23185148807147715,22,-0.23175616849637212,MAP_PMU,83,9.531957510502953e-05
4,UPFC_Vse,5-15,0.05974646605315267,22,0.05934732149219731,MAP_PMU,83,0.00039914456095535567
5,UPFC_tse,5-15,-2.155051945016,22,-2.14593070102627,MAP_PMU,83,0.009121243989730132
0,x_tcsc,1-14,-0.11344907822073488,23,-0.11343766201860646,MAP_PMU,83,1.1416202128425312e-05
1,B_svc,2,0.18580552396703448,23,0.18585459451092773,MAP_PMU,83,4.9070543893248164e-05
2,UPFC_Vsh,5-15,1.1075334239298673,23,1.107960640615965,MAP_PMU,83,0.0004272166860976867
3,UPFC_tsh,5-15,-0.23181088606707345,23,-0.23175616849637212,MAP_PMU,83,5.471757070132921e-05
4,UPFC_Vse,5-15,0.060143319594466824,23,0.05934732149219731,MAP_PMU,83,0.0007959981022695115
5,UPFC_tse,5-15,-2.147766469592316,23,-2.14593070102627,MAP_PMU,83,0.0018357685660461698
0,x_tcsc,1-14,-0.1134235781605429,24,-0.11343766201860646,MAP_PMU,83,1.4083858063562715e-05
1,B_svc,2,0.18570900367954155,24,0.18585459451092773,MAP_PMU,83,0.00014559083138618312
2,UPFC_Vsh,5-15,1.1076637824543618,24,1.107960640615965,MAP_PMU,83,0.00029685816160318623
3,UPFC_tsh,5-15,-0.2317776620089072,24,-0.23175616849637212,MAP_PMU,83,2.149351253508125e-05
4,UPFC_Vse,5-15,0.05990361893153018,24,0.05934732149219731,MAP_PMU,83,0.000556297439332866
5,UPFC_tse,5-15,-2.159303382662469,24,-2.14593070102627,MAP_PMU,83,0.01337268163619898
0,x_tcsc,1-14,-0.1134324774157252,25,-0.11343766201860646,MAP_PMU,83,5.1846028812641e-06
1,B_svc,2,0.18579049479584298,25,0.18585459451092773,MAP_PMU,83,6.409971508475332e-05
2,UPFC_Vsh,5-15,1.1078561039971635,25,1.107960640615965,MAP_PMU,83,0.00010453661880149845
3,UPFC_tsh,5-15,-0.23176436252608745,25,-0.23175616849637212,MAP_PMU,83,8.194029715330453e-06
4,UPFC_Vse,5-15,0.06004558807022045,25,0.05934732149219731,MAP_PMU,83,0.0006982665780231392
5,UPFC_tse,5-15,-2.1499283410189958,25,-2.14593070102627,MAP_PMU,83,0.003997639992725954
0,x_tcsc,1-14,-0.11343434297797782,26,-0.11343766201860646,MAP_PMU,83,3.319040628640968e-06
1,B_svc,2,0.18598980951181676,26,0.18585459451092773,MAP_PMU,83,0.00013521500088903293
2,UPFC_Vsh,5-15,1.1075651614643953,26,1.107960640615965,MAP_PMU,83,0.0003954791515696776
3,UPFC_tsh,5-15,-0.23178084606196714,26,-0.23175616849637212,MAP_PMU,83,2.4677565595015993e-05
4,UPFC_Vse,5-15,0.060306956506060466,26,0.05934732149219731,MAP_PMU,83,0.000959635013863154
5,UPFC_tse,5-15,-2.164076003282012,26,-2.14593070102627,MAP_PMU,83,0.01814530225574229
0,x_tcsc,1-14,-0.11344880334572133,27,-0.11343766201860646,MAP_PMU,83,1.1141327114869148e-05
1,B_svc,2,0.18627536781401252,27,0.18585459451092773,MAP_PMU,83,0.00042077330308479266
2,UPFC_Vsh,5-15,1.1074422488125109,27,1.107960640615965,MAP_PMU,83,0.0005183918034541435
3,UPFC_tsh,5-15,-0.2318474162141289,27,-0.23175616849637212,MAP_PMU,83,9.12477177567872e-05
4,UPFC_Vse,5-15,0.060397287942767885,27,0.05934732149219731,MAP_PMU,83,0.0010499664505705733
5,UPFC_tse,5-15,-2.156540985865419,27,-2.14593070102627,MAP_PMU,83,0.010610284839149386
0,x_tcsc,1-14,-0.11345461270422079,28,-0.11343766201860646,MAP_PMU,83,1.6950685614330885e-05
1,B_svc,2,0.1855563887544899,28,0.18585459451092773,MAP_PMU,83,0.0002982057564378249
2,UPFC_Vsh,5-15,1.107850695052656,28,1.107960640615965,MAP_PMU,83,0.00010994556330889971
3,UPFC_tsh,5-15,-0.23180628619265392,28,-0.23175616849637212,MAP_PMU,83,5.011769628179841e-05
4,UPFC_Vse,5-15,0.05992491522478654,28,0.05934732149219731,MAP_PMU,83,0.0005775937325892266
5,UPFC_tse,5-15,-2.1452873569621205,28,-2.14593070102627,MAP_PMU,83,0.0006433440641493426
0,x_tcsc,1-14,-0.11346946117087471,29,-0.11343766201860646,MAP_PMU,83,3.1799152268252584e-05
1,B_svc,2,0.18546663059598337,29,0.18585459451092773,MAP_PMU,83,0.00038796391494436144
2,UPFC_Vsh,5-15,1.1074534416689428,29,1.107960640615965,MAP_PMU,83,0.0005071989470222249
3,UPFC_tsh,5-15,-0.23173367280898693,29,-0.23175616849637212,MAP_PMU,83,2.2495687385187813e-05
4,UPFC_Vse,5-15,0.060351410576241965,29,0.05934732149219731,MAP_PMU,83,0.0010040890840446529
5,UPFC_tse,5-15,-2.1482793774467215,29,-2.14593070102627,MAP_PMU,83,0.0023486764204516675
0,x_tcsc,1-14,-0.11345848006619634,30,-0.11343766201860646,MAP_PMU,83,2.081804758988226e-05
1,B_svc,2,0.18537208465671184,30,0.18585459451092773,MAP_PMU,83,0.00048250985421588455
2,UPFC_Vsh,5-15,1.1072028435966716,30,1.107960640615965,MAP_PMU,83,0.0007577970192933492
3,UPFC_tsh,5-15,-0.231928128540456,30,-0.23175616849637212,MAP_PMU,83,0.00017196004408387422
4,UPFC_Vse,5-15,0.06039966592917862,30,0.05934732149219731,MAP_PMU,83,0.001052344436981309
5,UPFC_tse,5-15,-2.158269033982908,30,-2.14593070102627,MAP_PMU,83,0.012338332956637998
0,x_tcsc,1-14,-0.1134533400712619,31,-0.11343766201860646,MAP_PMU,83,1.5678052655440644e-05
1,B_svc,2,0.185734122895399,31,0.18585459451092773,MAP_PMU,83,0.00012047161552872221
2,UPFC_Vsh,5-15,1.1076369967744248,31,1.107960640615965,MAP_PMU,83,0.00032364384154015546
3,UPFC_tsh,5-15,-0.231727846360143,31,-0.23175616849637212,MAP_PMU,83,2.832213622910862e-05
4,UPFC_Vse,5-15,0.05994769463494767,31,0.05934732149219731,MAP_PMU,83,0.0006003731427503545
5,UPFC_tse,5-15,-2.1539961954217586,31,-2.14593070102627,MAP_PMU,83,0.00806549439548876
0,x_tcsc,1-14,-0.11348059100215149,32,-0.11343766201860646,MAP_PMU,83,4.2928983545034716e-05
1,B_svc,2,0.18570961688779694,32,0.18585459451092773,MAP_PMU,83,0.00014497762313078755
2,UPFC_Vsh,5-15,1.1081535748424725,32,1.107960640615965,MAP_PMU,83,0.0001929342265074574
3,UPFC_tsh,5-15,-0.2317192169449786,32,-0.23175616849637212,MAP_PMU,83,3.6951551393521465e-05
4,UPFC_Vse,5-15,0.05962103431380257,32,0.05934732149219731,MAP_PMU,83,0.0002737128216052584
5,UPFC_tse,5-15,-2.152222301670617,32,-2.14593070102627,MAP_PMU,83,0.006291600644347195
0,x_tcsc,1-14,-0.11346377405046255,33,-0.11343766201860646,MAP_PMU,83,2.6112031856095896e-05
1,B_svc,2,0.18603461785311481,33,0.18585459451092773,MAP_PMU,83,0.0001800233421870856
2,UPFC_Vsh,5-15,1.1076322236509617,33,1.107960640615965,MAP_PMU,83,0.00032841696500329753
3,UPFC_tsh,5-15,-0.23174261934470572,33,-0.23175616849637212,MAP_PMU,83,1.3549151666403247e-05
4,UPFC_Vse,5-15,0.060037532820180234,33,0.05934732149219731,MAP_PMU,83,0.0006902113279829217
5,UPFC_tse,5-15,-2.155512072504378,33,-2.14593070102627,MAP_PMU,83,0.009581371478108114
0,x_tcsc,1-14,-0.11346150406736151,34,-0.11343766201860646,MAP_PMU,83,2.3842048755051692e-05
1,B_svc,2,0.18548539001101946,34,0.18585459451092773,MAP_PMU,83,0.00036920449990826554
2,UPFC_Vsh,5-15,1.1074263084360245,34,1.107960640615965,MAP_PMU,83,0.0005343321799404777
3,UPFC_tsh,5-15,-0.23182789770985418,34,-0.23175616849637212,MAP_PMU,83,7.172921348205796e-05
4,UPFC_Vse,5-15,0.06005961413718258,34,0.05934732149219731,MAP_PMU,83,0.0007122926449852698
5,UPFC_tse,5-15,-2.1563782420697732,34,-2.14593070102627,MAP_PMU,83,0.010447541043503428
0,x_tcsc,1-14,-0.11343021675206652,35,-0.11343766201860646,MAP_PMU,83,7.445266539937712e-06
1,B_svc,2,0.18614247584849064,35,0.18585459451092773,MAP_PMU,83,0.0002878813375629119
2,UPFC_Vsh,5-15,1.1078785098745951,35,1.107960640615965,MAP_PMU,83,8.213074136986798e-05
3,UPFC_tsh,5-15,-0.23173808000879076,35,-0.23175616849637212,MAP_PMU,83,1.808848758136361e-05
4,UPFC_Vse,5-15,0.05998577112176617,35,0.05934732149219731,MAP_PMU,83,0.0006384496295688546
5,UPFC_tse,5-15,-2.1490288083996782,35,-2.14593070102627,MAP_PMU,83,0.003098107373408432
0,x_tcsc,1-14,-0.11343187128369965,36,-0.11343766201860646,MAP_PMU,83,5.790734906807593e-06
1,B_svc,2,0.18574788905187126,36,0.18585459451092773,MAP_PMU,83,0.000106705459056472
2,UPFC_Vsh,5-15,1.107589473110396,36,1.107960640615965,MAP_PMU,83,0.00037116750556909217
3,UPFC_tsh,5-15,-0.23175864901386586,36,-0.23175616849637212,MAP_PMU,83,2.480517493741452e-06
4,UPFC_Vse,5-15,0.06032614848269569,36,0.05934732149219731,MAP_PMU,83,0.0009788269904983798
5,UPFC_tse,5-15,-2.1548661415293977,36,-2.14593070102627,MAP_PMU,83,0.00893544050312789
0,x_tcsc,1-14,-0.1134236536727892,37,-0.11343766201860646,MAP_PMU,83,1.4008345817259626e-05
1,B_svc,2,0.18621654874507187,37,0.18585459451092773,MAP_PMU,83,0.0003619542341441462
2,UPFC_Vsh,5-15,1.1078463546900663,37,1.107960640615965,MAP_PMU,83,0.0001142859258986828
3,UPFC_tsh,5-15,-0.23179253492649962,37,-0.23175616849637212,MAP_PMU,83,3.636643012749907e-05
4,UPFC_Vse,5-15,0.05957695720094429,37,0.05934732149219731,MAP_PMU,83,0.00022963570874697664
5,UPFC_tse,5-15,-2.1652151238936463,37,-2.14593070102627,MAP_PMU,83,0.019284422867376527
0,x_tcsc,1-14,-0.1134454255335636,38,-0.11343766201860646,MAP_PMU,83,7.763514957140338e-06
1,B_svc,2,0.18565187098480634,38,0.18585459451092773,MAP_PMU,83,0.00020272352612138445
2,UPFC_Vsh,5-15,1.1077731823713726,38,1.107960640615965,MAP_PMU,83,0.0001874582445924311
3,UPFC_tsh,5-15,-0.23174102749194384,38,-0.23175616849637212,MAP_PMU,83,1.5141004428287363e-05
4,UPFC_Vse,5-15,0.06016406628888412,38,0.05934732149219731,MAP_PMU,83,0.000816744796686808
5,UPFC_tse,5-15,-2.146065105443466,38,-2.14593070102627,MAP_PMU,83,0.0001344044171962544
0,x_tcsc,1-14,-0.11344651952250681,39,-0.11343766201860646,MAP_PMU,83,8.857503900353003e-06
1,B_svc,2,0.1860887072721349,39,0.18585459451092773,MAP_PMU,83,0.0002341127612071614
2,UPFC_Vsh,5-15,1.1079622933716013,39,1.107960640615965,MAP_PMU,83,1.652755636349923e-06
3,UPFC_tsh,5-15,-0.23179264027426302,39,-0.23175616849637212,MAP_PMU,83,3.6471777890900725e-05
4,UPFC_Vse,5-15,0.05989677689123127,39,0.05934732149219731,MAP_PMU,83,0.000549455399033956
5,UPFC_tse,5-15,-2.1534556548481056,39,-2.14593070102627,MAP_PMU,83,0.0075249538218358225
0,x_tcsc,1-14,-0.11344540836747352,40,-0.11343766201860646,MAP_PMU,83,7.746348867063158e-06
1,B_svc,2,0.18572436294882105,40,0.18585459451092773,MAP_PMU,83,0.0001302315621066752
2,UPFC_Vsh,5-15,1.107628253011867,40,1.107960640615965,MAP_PMU,83,0.0003323876040979279
3,UPFC_tsh,5-15,-0.23173350051945454,40,-0.23175616849637212,MAP_PMU,83,2.2667976917578603e-05
4,UPFC_Vse,5-15,0.06029465031667559,40,0.05934732149219731,MAP_PMU,83,0.0009473288244782746
5,UPFC_tse,5-15,-2.154874781680053,40,-2.14593070102627,MAP_PMU,83,0.00894408065378327
0,x_tcsc,1-14,-0.11345692961617132,41,-0.11343766201860646,MAP_PMU,83,1.926759756486207e-05
1,B_svc,2,0.18636358217949203,41,0.18585459451092773,MAP_PMU,83,0.0005089876685643036
2,UPFC_Vsh,5-15,1.1075639393137842,41,1.107960640615965,MAP_PMU,83,0.0003967013021808352
3,UPFC_tsh,5-15,-0.23175793047927482,41,-0.23175616849637212,MAP_PMU,83,1.7619829026926936e-06
4,UPFC_Vse,5-15,0.06013010529396647,41,0.05934732149219731,MAP_PMU,83,0.0007827838017691602
5,UPFC_tse,5-15,-2.1463209861244246,41,-2.14593070102627,MAP_PMU,83,0.0003902850981547523
0,x_tcsc,1-14,-0.11344906400099523,42,-0.11343766201860646,MAP_PMU,83,1.1401982388775656e-05
1,B_svc,2,0.18575355027714913,42,0.18585459451092773,MAP_PMU,83,0.00010104423377860217
2,UPFC_Vsh,5-15,1.1075672704346282,42,1.107960640615965,MAP_PMU,83,0.0003933701813367829
3,UPFC_tsh,5-15,-0.23176356950959143,42,-0.23175616849637212,MAP_PMU,83,7.401013219304753e-06
4,UPFC_Vse,5-15,0.05992325707116991,42,0.05934732149219731,MAP_PMU,83,0.0005759355789725987
5,UPFC_tse,5-15,-2.145915690567965,42,-2.14593070102627,MAP_PMU,83,1.5010458304764995e-05
0,x_tcsc,1-14,-0.11343207129932777,43,-0.11343766201860646,MAP_PMU,83,5.590719278691925e-06
1,B_svc,2,0.1856382371042314,43,0.18585459451092773,MAP_PMU,83,0.00021635740669631587
2,UPFC_Vsh,5-15,1.1078957440882697,43,1.107960640615965,MAP_PMU,83,6.489652769525733e-05
3,UPFC_tsh,5-15,-0.23183497510052023,43,-0.23175616849637212,MAP_PMU,83,7.880660414810725e-05
4,UPFC_Vse,5-15,0.06006058936927356,43,0.05934732149219731,MAP_PMU,83,0.0007132678770762485
5,UPFC_tse,5-15,-2.1504283047119777,43,-2.14593070102627,MAP_PMU,83,0.0044976036857078405
0,x_tcsc,1-14,-0.11344812946714802,44,-0.11343766201860646,MAP_PMU,83,1.0467448541565116e-05
1,B_svc,2,0.18551937348952963,44,0.18585459451092773,MAP_PMU,83,0.00033522102139810217
2,UPFC_Vsh,5-15,1.1077659030916793,44,1.107960640615965,MAP_PMU,83,0.00019473752428567082
3,UPFC_tsh,5-15,-0.2317209248498475,44,-0.23175616849637212,MAP_PMU,83,3.5243646524629746e-05
4,UPFC_Vse,5-15,0.05971626386721889,44,0.05934732149219731,MAP_PMU,83,0.00036894237502158034
5,UPFC_tse,5-15,-2.138518497158705,44,-2.14593070102627,MAP_PMU,83,0.007412203867565026
0,x_tcsc,1-14,-0.11344548702507311,45,-0.11343766201860646,MAP_PMU,83,7.825006466649631e-06
1,B_svc,2,0.1857234630849626,45,0.18585459451092773,MAP_PMU,83,0.00013113142596513083
2,UPFC_Vsh,5-15,1.107837698633011,45,1.107960640615965,MAP_PMU,83,0.00012294198295403902
3,UPFC_tsh,5-15,-0.23171143160488608,45,-0.23175616849637212,MAP_PMU,83,4.473689148604132e-05
4,UPFC_Vse,5-15,0.05957758856521999,45,0.05934732149219731,MAP_PMU,83,0.00023026707302267746
5,UPFC_tse,5-15,-2.146253004940512,45,-2.14593070102627,MAP_PMU,83,0.00032230391424237226
0,x_tcsc,1-14,-0.11344300991000056,46,-0.11343766201860646,MAP_PMU,83,5.3478913941001904e-06
1,B_svc,2,0.18614174852883442,46,0.18585459451092773,MAP_PMU,83,0.0002871540179066878
2,UPFC_Vsh,5-15,1.1076406334380942,46,1.107960640615965,MAP_PMU,83,0.0003200071778708402
3,UPFC_tsh,5-15,-0.23173787442400762,46,-0.23175616849637212,MAP_PMU,83,1.829407236450531e-05
4,UPFC_Vse,5-15,0.06032912231624733,46,0.05934732149219731,MAP_PMU,83,0.0009818008240500206
5,UPFC_tse,5-15,-2.1542164378146413,46,-2.14593070102627,MAP_PMU,83,0.008285736788371523
0,x_tcsc,1-14,-0.11344028301652669,47,-0.11343766201860646,MAP_PMU,83,2.620997920227408e-06
1,B_svc,2,0.18564654324668634,47,0.18585459451092773,MAP_PMU,83,0.00020805126424139342
2,UPFC_Vsh,5-15,1.1076252453136888,47,1.107960640615965,MAP_PMU,83,0.00033539530227622016
3,UPFC_tsh,5-15,-0.23174471731553553,47,-0.23175616849637212,MAP_PMU,83,1.1451180836591357e-05
4,UPFC_Vse,5-15,0.05984886430248856,47,0.05934732149219731,MAP_PMU,83,0.0005015428102912445
5,UPFC_tse,5-15,-2.151821828996327,47,-2.14593070102627,MAP_PMU,83,0.005891127970057308
0,x_tcsc,1-14,-0.11344885452572553,48,-0.11343766201860646,MAP_PMU,83,1.1192507119076045e-05
1,B_svc,2,0.18583930728147344,48,0.18585459451092773,MAP_PMU,83,1.5287229454291618e-05
2,UPFC_Vsh,5-15,1.107274416752238,48,1.107960640615965,MAP_PMU,83,0.0006862238637270757
3,UPFC_tsh,5-15,-0.23181277801721914,48,-0.23175616849637212,MAP_PMU,83,5.6609520847017425e-05
4,UPFC_Vse,5-15,0.05994864396552294,48,0.05934732149219731,MAP_PMU,83,0.00060132247332563
5,UPFC_tse,5-15,-2.156890090687662,48,-2.14593070102627,MAP_PMU,83,0.010959389661392205
0,x_tcsc,1-14,-0.11345638422059372,49,-0.11343766201860646,MAP_PMU,83,1.8722201987259046e-05
1,B_svc,2,0.18531788825508463,49,0.18585459451092773,MAP_PMU,83,0.0005367062558430946
2,UPFC_Vsh,5-15,1.107859072586848,49,1.107960640615965,MAP_PMU,83,0.00010156802911698293
3,UPFC_tsh,5-15,-0.23179644204809993,49,-0.23175616849637212,MAP_PMU,83,4.0273551727809664e-05
4,UPFC_Vse,5-15,0.060154813534772186,49,0.05934732149219731,MAP_PMU,83,0.0008074920425748741
5,UPFC_tse,5-15,-2.152329937330031,49,-2.14593070102627,MAP_PMU,83,0.006399236303761047
0,x_tcsc,1-14,-0.11344258070006866,50,-0.11343766201860646,MAP_PMU,83,4.9186814621987596e-06
1,B_svc,2,0.18554352963938653,50,0.18585459451092773,MAP_PMU,83,0.0003110648715412001
2,UPFC_Vsh,5-15,1.1077653433702448,50,1.107960640615965,MAP_PMU,83,0.00019529724572020513
3,UPFC_tsh,5-15,-0.23176235074930104,50,-0.23175616849637212,MAP_PMU,83,6.1822529289212724e-06
4,UPFC_Vse,5-15,0.060115977764827175,50,0.05934732149219731,MAP_PMU,83,0.0007686562726298626
5,UPFC_tse,5-15,-2.152396276067964,50,-2.14593070102627,MAP_PMU,83,0.006465575041694205
0,x_tcsc,1-14,-0.11344983567150616,51,-0.11343766201860646,MAP_PMU,83,1.2173652899696852e-05
1,B_svc,2,0.18575575042083847,51,0.18585459451092773,MAP_PMU,83,9.884409008925621e-05
2,UPFC_Vsh,5-15,1.1074982233866608,51,1.107960640615965,MAP_PMU,83,0.0004624172293041795
3,UPFC_tsh,5-15,-0.2317796654275993,51,-0.23175616849637212,MAP_PMU,83,2.3496931227190432e-05
4,UPFC_Vse,5-15,0.06005347000225393,51,0.05934732149219731,MAP_PMU,83,0.0007061485100566187
5,UPFC_tse,5-15,-2.1481044453956475,51,-2.14593070102627,MAP_PMU,83,0.0021737443693776726
0,x_tcsc,1-14,-0.11343250817944381,52,-0.11343766201860646,MAP_PMU,83,5.153839162649887e-06
1,B_svc,2,0.18601649549346708,52,0.18585459451092773,MAP_PMU,83,0.00016190098253934804
2,UPFC_Vsh,5-15,1.1074632918653002,52,1.107960640615965,MAP_PMU,83,0.0004973487506647611
3,UPFC_tsh,5-15,-0.23182132380157744,52,-0.23175616849637212,MAP_PMU,83,6.515530520531665e-05
4,UPFC_Vse,5-15,0.06027640011378553,52,0.05934732149219731,MAP_PMU,83,0.0009290786215882182
5,UPFC_tse,5-15,-2.163949785207922,52,-2.14593070102627,MAP_PMU,83,0.0180190841816521
0,x_tcsc,1-14,-0.11344222976526543,53,-0.11343766201860646,MAP_PMU,83,4.567746658967753e-06
1,B_svc,2,0.18619868757205146,53,0.18585459451092773,MAP_PMU,83,0.0003440930611237347
2,UPFC_Vsh,5-15,1.1074752876470826,53,1.107960640615965,MAP_PMU,83,0.0004853529688824132
3,UPFC_tsh,5-15,-0.2317770972560241,53,-0.23175616849637212,MAP_PMU,83,2.0928759651983597e-05
4,UPFC_Vse,5-15,0.06026744219186032,53,0.05934732149219731,MAP_PMU,83,0.0009201206996630046
5,UPFC_tse,5-15,-2.1530172434483035,53,-2.14593070102627,MAP_PMU,83,0.007086542422033659
0,x_tcsc,1-14,-0.11345519454805707,54,-0.11343766201860646,MAP_PMU,83,1.7532529450609013e-05
1,B_svc,2,0.18610575632613466,54,0.18585459451092773,MAP_PMU,83,0.0002511618152069295
2,UPFC_Vsh,5-15,1.1074345367944074,54,1.107960640615965,MAP_PMU,83,0.0005261038215575997
3,UPFC_tsh,5-15,-0.2317525021552578,54,-0.23175616849637212,MAP_PMU,83,3.66634111431674e-06
4,UPFC_Vse,5-15,0.060253531686444615,54,0.05934732149219731,MAP_PMU,83,0.0009062101942473033
5,UPFC_tse,5-15,-2.1489472117043964,54,-2.14593070102627,MAP_PMU,83,0.0030165106781265827
0,x_tcsc,1-14,-0.11345188939371054,55,-0.11343766201860646,MAP_PMU,83,1.4227375104078344e-05
1,B_svc,2,0.18630927226711744,55,0.18585459451092773,MAP_PMU,83,0.0004546777561897086
2,UPFC_Vsh,5-15,1.1076652211012472,55,1.107960640615965,MAP_PMU,83,0.0002954195147177874
3,UPFC_tsh,5-15,-0.2318382217253224,55,-0.23175616849637212,MAP_PMU,83,8.2053228950274e-05
4,UPFC_Vse,5-15,0.059968176219977326,55,0.05934732149219731,MAP_PMU,83,0.0006208547277800139
5,UPFC_tse,5-15,-2.156291635188614,55,-2.14593070102627,MAP_PMU,83,0.010360934162344293
0,x_tcsc,1-14,-0.11344424008054503,56,-0.11343766201860646,MAP_PMU,83,6.578061938572466e-06
1,B_svc,2,0.18581678962898107,56,0.18585459451092773,MAP_PMU,83,3.780488194665699e-05
2,UPFC_Vsh,5-15,1.1072988133505217,56,1.107960640615965,MAP_PMU,83,0.0006618272654432822
3,UPFC_tsh,5-15,-0.23186429131481032,56,-0.23175616849637212,MAP_PMU,83,0.00010812281843819438
4,UPFC_Vse,5-15,0.06041096000264933,56,0.05934732149219731,MAP_PMU,83,0.0010636385104520196
5,UPFC_tse,5-15,-2.1598538215012137,56,-2.14593070102627,MAP_PMU,83,0.013923120474943929
0,x_tcsc,1-14,-0.11344253892658433,57,-0.11343766201860646,MAP_PMU,83,4.876907977874323e-06
1,B_svc,2,0.18568485667117496,57,0.18585459451092773,MAP_PMU,83,0.00016973783975277046
2,UPFC_Vsh,5-15,1.107833016221665,57,1.107960640615965,MAP_PMU,83,0.00012762439430002992
3,UPFC_tsh,5-15,-0.23179678559165906,57,-0.23175616849637212,MAP_PMU,83,4.06170952869378e-05
4,UPFC_Vse,5-15,0.05973485577986294,57,0.05934732149219731,MAP_PMU,83,0.0003875342876656293
5,UPFC_tse,5-15,-2.1560650200139397,57,-2.14593070102627,MAP_PMU,83,0.010134318987669921
0,x_tcsc,1-14,-0.11344519750865326,58,-0.11343766201860646,MAP_PMU,83,7.535490046797766e-06
1,B_svc,2,0.1856803314379643,58,0.18585459451092773,MAP_PMU,83,0.00017426307296342092
2,UPFC_Vsh,5-15,1.1077806965440253,58,1.107960640615965,MAP_PMU,83,0.00017994407193966389
3,UPFC_tsh,5-15,-0.23183543316029986,58,-0.23175616849637212,MAP_PMU,83,7.926466392774167e-05
4,UPFC_Vse,5-15,0.06024568653435731,58,0.05934732149219731,MAP_PMU,83,0.0008983650421599959
5,UPFC_tse,5-15,-2.160953192911674,58,-2.14593070102627,MAP_PMU,83,0.015022491885404055
0,x_tcsc,1-14,-0.11344410906128957,59,-0.11343766201860646,MAP_PMU,83,6.447042683113691e-06
1,B_svc,2,0.18554750466349043,59,0.18585459451092773,MAP_PMU,83,0.0003070898474372974
2,UPFC_Vsh,5-15,1.1075750620018752,59,1.107960640615965,MAP_PMU,83,0.00038557861408983207
3,UPFC_tsh,5-15,-0.23177856156361673,59,-0.23175616849637212,MAP_PMU,83,2.239306724460821e-05
4,UPFC_Vse,5-15,0.060280867319784645,59,0.05934732149219731,MAP_PMU,83,0.0009335458275873329
5,UPFC_tse,5-15,-2.150382349124297,59,-2.14593070102627,MAP_PMU,83,0.004451648098027228
0,x_tcsc,1-14,-0.11344617475697985,60,-0.11343766201860646,MAP_PMU,83,8.512738373392392e-06
1,B_svc,2,0.1860295118767205,60,0.18585459451092773,MAP_PMU,83,0.0001749173657927816
2,UPFC_Vsh,5-15,1.1077864025749973,60,1.107960640615965,MAP_PMU,83,0.00017423804096772244
3,UPFC_tsh,5-15,-0.23182435066432241,60,-0.23175616849637212,MAP_PMU,83,6.818216795029253e-05
4,UPFC_Vse,5-15,0.060235159457309735,60,0.05934732149219731,MAP_PMU,83,0.000887837965112423
5,UPFC_tse,5-15,-2.160865619404037,60,-2.14593070102627,MAP_PMU,83,0.014934918377767392
0,x_tcsc,1-14,-0.11343629575298864,61,-0.11343766201860646,MAP_PMU,83,1.366265617822049e-06
1,B_svc,2,0.18595773578823743,61,0.18585459451092773,MAP_PMU,83,0.00010314127730970402
2,UPFC_Vsh,5-15,1.1078447557790647,61,1.107960640615965,MAP_PMU,83,0.00011588483690028184
3,UPFC_tsh,5-15,-0.23170619195027228,61,-0.23175616849637212,MAP_PMU,83,4.997654609983915e-05
4,UPFC_Vse,5-15,0.05994537862508425,61,0.05934732149219731,MAP_PMU,83,0.0005980571328869366
5,UPFC_tse,5-15,-2.158674503002666,61,-2.14593070102627,MAP_PMU,83,0.012743801976396352
0,x_tcsc,1-14,-0.1134577950401805,62,-0.11343766201860646,MAP_PMU,83,2.0133021574039733e-05
1,B_svc,2,0.18590508498810282,62,0.18585459451092773,MAP_PMU,83,5.0490477175091364e-05
2,UPFC_Vsh,5-15,1.1074832465820883,62,1.107960640615965,MAP_PMU,83,0.0004773940338766991
3,UPFC_tsh,5-15,-0.23177619166929386,62,-0.23175616849637212,MAP_PMU,83,2.0023172921740384e-05
4,UPFC_Vse,5-15,0.05945716744320939,62,0.05934732149219731,MAP_PMU,83,0.00010984595101207889
5,UPFC_tse,5-15,-2.158688528724788,62,-2.14593070102627,MAP_PMU,83,0.012757827698518298
0,x_tcsc,1-14,-0.11343069119160491,63,-0.11343766201860646,MAP_PMU,83,6.97082700154561e-06
1,B_svc,2,0.18606572487595785,63,0.18585459451092773,MAP_PMU,83,0.00021113036503012106
2,UPFC_Vsh,5-15,1.107716216698132,63,1.107960640615965,MAP_PMU,83,0.0002444239178329699
3,UPFC_tsh,5-15,-0.23178152817780293,63,-0.23175616849637212,MAP_PMU,83,2.535968143080325e-05
4,UPFC_Vse,5-15,0.05967666889063912,63,0.05934732149219731,MAP_PMU,83,0.000329347398441808
5,UPFC_tse,5-15,-2.1529444167062666,63,-2.14593070102627,MAP_PMU,83,0.007013715679996757
0,x_tcsc,1-14,-0.11344659285635826,64,-0.11343766201860646,MAP_PMU,83,8.9308377518027e-06
1,B_svc,2,0.1857047476699429,64,0.18585459451092773,MAP_PMU,83,0.0001498468409848186
2,UPFC_Vsh,5-15,1.1074919597416963,64,1.107960640615965,MAP_PMU,83,0.00046868087426865657
3,UPFC_tsh,5-15,-0.23185842235619533,64,-0.23175616849637212,MAP_PMU,83,0.00010225385982320923
4,UPFC_Vse,5-15,0.060132843762370464,64,0.05934732149219731,MAP_PMU,83,0.0007855222701731515
5,UPFC_tse,5-15,-2.1594150758445214,64,-2.14593070102627,MAP_PMU,83,0.013484374818251599
0,x_tcsc,1-14,-0.1134432260537763,65,-0.11343766201860646,MAP_PMU,83,5.564035169838832e-06
1,B_svc,2,0.18568370298960896,65,0.18585459451092773,MAP_PMU,83,0.00017089152131877228
2,UPFC_Vsh,5-15,1.1079134675705327,65,1.107960640615965,MAP_PMU,83,4.7173045432336025e-05
3,UPFC_tsh,5-15,-0.23174744137859707,65,-0.23175616849637212,MAP_PMU,83,8.727117775053639e-06
4,UPFC_Vse,5-15,0.0601180091873133,65,0.05934732149219731,MAP_PMU,83,0.0007706876951159847
5,UPFC_tse,5-15,-2.149216903208258,65,-2.14593070102627,MAP_PMU,83,0.0032862021819881626
0,x_tcsc,1-14,-0.11344236858525636,66,-0.11343766201860646,MAP_PMU,83,4.7065666499007675e-06
1,B_svc,2,0.1860562095927566,66,0.18585459451092773,MAP_PMU,83,0.00020161508182886534
2,UPFC_Vsh,5-15,1.1074840324133939,66,1.107960640615965,MAP_PMU,83,0.000476608202571116
3,UPFC_tsh,5-15,-0.23180145792569545,66,-0.23175616849637212,MAP_PMU,83,4.52894293233308e-05
4,UPFC_Vse,5-15,0.06018536981178327,66,0.05934732149219731,MAP_PMU,83,0.0008380483195859559
5,UPFC_tse,5-15,-2.1608980522945074,66,-2.14593070102627,MAP_PMU,83,0.014967351268237561
0,x_tcsc,1-14,-0.11345116993684062,67,-0.11343766201860646,MAP_PMU,83,1.3507918234165195e-05
1,B_svc,2,0.18601172582587872,67,0.18585459451092773,MAP_PMU,83,0.00015713131495098676
2,UPFC_Vsh,5-15,1.107713040062428,67,1.107960640615965,MAP_PMU,83,0.0002476005535370085
3,UPFC_tsh,5-15,-0.23168409207485777,67,-0.23175616849637212,MAP_PMU,83,7.207642151435545e-05
4,UPFC_Vse,5-15,0.05998828751351831,67,0.05934732149219731,MAP_PMU,83,0.0006409660213210003
5,UPFC_tse,5-15,-2.1474750251975956,67,-2.14593070102627,MAP_PMU,83,0.0015443241713257727
0,x_tcsc,1-14,-0.11342740325571805,68,-0.11343766201860646,MAP_PMU,83,1.0258762888404327e-05
1,B_svc,2,0.18608550571336724,68,0.18585459451092773,MAP_PMU,83,0.0002309112024395099
2,UPFC_Vsh,5-15,1.1076531700341374,68,1.107960640615965,MAP_PMU,83,0.0003074705818275625
3,UPFC_tsh,5-15,-0.2317769786263096,68,-0.23175616849637212,MAP_PMU,83,2.081012993748743e-05
4,UPFC_Vse,5-15,0.06018011443773513,68,0.05934732149219731,MAP_PMU,83,0.0008327929455378205
5,UPFC_tse,5-15,-2.1625103701459194,68,-2.14593070102627,MAP_PMU,83,0.016579669119649587
0,x_tcsc,1-14,-0.11345361310202538,69,-0.11343766201860646,MAP_PMU,83,1.5951083418924705e-05
1,B_svc,2,0.1862249341548353,69,0.18585459451092773,MAP_PMU,83,0.00037033964390756346
2,UPFC_Vsh,5-15,1.1077278374969504,69,1.107960640615965,MAP_PMU,83,0.00023280311901463513
3,UPFC_tsh,5-15,-0.23176200611529957,69,-0.23175616849637212,MAP_PMU,83,5.837618927445609e-06
4,UPFC_Vse,5-15,0.05961525877567847,69,0.05934732149219731,MAP_PMU,83,0.00026793728348115803
5,UPFC_tse,5-15,-2.158957112798654,69,-2.14593070102627,MAP_PMU,83,0.013026411772384172
0,x_tcsc,1-14,-0.11345437125090005,70,-0.11343766201860646,MAP_PMU,83,1.670923229359078e-05
1,B_svc,2,0.1863072148012408,70,0.18585459451092773,MAP_PMU,83,0.00045262029031306605
2,UPFC_Vsh,5-15,1.1074966711350944,70,1.107960640615965,MAP_PMU,83,0.0004639694808705741
3,UPFC_tsh,5-15,-0.23185488548013825,70,-0.23175616849637212,MAP_PMU,83,9.871698376612281e-05
4,UPFC_Vse,5-15,0.06038252752466738,70,0.05934732149219731,MAP_PMU,83,0.0010352060324700652
5,UPFC_tse,5-15,-2.1615973431857265,70,-2.14593070102627,MAP_PMU,83,0.01566664215945668
0,x_tcsc,1-14,-0.11348618417518137,71,-0.11343766201860646,MAP_PMU,83,4.852215657491499e-05
1,B_svc,2,0.18586709579715996,71,0.18585459451092773,MAP_PMU,83,1.2501286232230457e-05
2,UPFC_Vsh,5-15,1.1075865871079165,71,1.107960640615965,MAP_PMU,83,0.000374053508048533
3,UPFC_tsh,5-15,-0.23171980803564335,71,-0.23175616849637212,MAP_PMU,83,3.636046072877375e-05
4,UPFC_Vse,5-15,0.05955848178163609,71,0.05934732149219731,MAP_PMU,83,0.0002111602894387804
5,UPFC_tse,5-15,-2.153655302441199,71,-2.14593070102627,MAP_PMU,83,0.007724601414929033
0,x_tcsc,1-14,-0.11342817433675143,72,-0.11343766201860646,MAP_PMU,83,9.487681855033236e-06
1,B_svc,2,0.18567195644526344,72,0.18585459451092773,MAP_PMU,83,0.0001826380656642923
2,UPFC_Vsh,5-15,1.1075037144972981,72,1.107960640615965,MAP_PMU,83,0.00045692611866687827
3,UPFC_tsh,5-15,-0.23182712648896917,72,-0.23175616849637212,MAP_PMU,83,7.095799259704272e-05
4,UPFC_Vse,5-15,0.059874603554031944,72,0.05934732149219731,MAP_PMU,83,0.0005272820618346316
5,UPFC_tse,5-15,-2.1637091834434683,72,-2.14593070102627,MAP_PMU,83,0.017778482417198482
0,x_tcsc,1-14,-0.11344883848610898,73,-0.11343766201860646,MAP_PMU,83,1.1176467502524434e-05
1,B_svc,2,0.18561620497063902,73,0.18585459451092773,MAP_PMU,83,0.00023838954028870818
2,UPFC_Vsh,5-15,1.1076112744320663,73,1.107960640615965,MAP_PMU,83,0.0003493661838986917
3,UPFC_tsh,5-15,-0.23174736420128425,73,-0.23175616849637212,MAP_PMU,83,8.80429508787195e-06
4,UPFC_Vse,5-15,0.060113980377266785,73,0.05934732149219731,MAP_PMU,83,0.0007666588850694725
5,UPFC_tse,5-15,-2.154193717897375,73,-2.14593070102627,MAP_PMU,83,0.008263016871105311
0,x_tcsc,1-14,-0.1134396222458199,74,-0.11343766201860646,MAP_PMU,83,1.960227213437804e-06
1,B_svc,2,0.18561344974990748,74,0.18585459451092773,MAP_PMU,83,0.0002411447610202455
2,UPFC_Vsh,5-15,1.1076172759363812,74,1.107960640615965,MAP_PMU,83,0.0003433646795838463
3,UPFC_tsh,5-15,-0.23172403750483855,74,-0.23175616849637212,MAP_PMU,83,3.21309915335688e-05
4,UPFC_Vse,5-15,0.06003705514681638,74,0.05934732149219731,MAP_PMU,83,0.0006897336546190652
5,UPFC_tse,5-15,-2.151390679443853,74,-2.14593070102627,MAP_PMU,83,0.005459978417583056
0,x_tcsc,1-14,-0.11344163265154177,75,-0.11343766201860646,MAP_PMU,83,3.9706329353073055e-06
1,B_svc,2,0.1862978346615874,75,0.18585459451092773,MAP_PMU,83,0.0004432401506596628
2,UPFC_Vsh,5-15,1.1073928341537647,75,1.107960640615965,MAP_PMU,83,0.0005678064622003376
3,UPFC_tsh,5-15,-0.23184774155370705,75,-0.23175616849637212,MAP_PMU,83,9.157305733492604e-05
4,UPFC_Vse,5-15,0.06022486478334173,75,0.05934732149219731,MAP_PMU,83,0.0008775432911444156
5,UPFC_tse,5-15,-2.1621450843524754,75,-2.14593070102627,MAP_PMU,83,0.016214383326205617
0,x_tcsc,1-14,-0.11343405333052231,76,-0.11343766201860646,MAP_PMU,83,3.6086880841473823e-06
1,B_svc,2,0.18595012401031466,76,0.18585459451092773,MAP_PMU,83,9.552949938693156e-05
2,UPFC_Vsh,5-15,1.1078368185611889,76,1.107960640615965,MAP_PMU,83,0.00012382205477612374
3,UPFC_tsh,5-15,-0.23172193233891644,76,-0.23175616849637212,MAP_PMU,83,3.423615745568043e-05
4,UPFC_Vse,5-15,0.06046466400285585,76,0.05934732149219731,MAP_PMU,83,0.0011173425106585366
5,UPFC_tse,5-15,-2.154172738409341,76,-2.14593070102627,MAP_PMU,83,0.008242037383071388
0,x_tcsc,1-14,-0.11344434003255446,77,-0.11343766201860646,MAP_PMU,83,6.67801394800549e-06
1,B_svc,2,0.1859344046438967,77,0.18585459451092773,MAP_PMU,83,7.981013296898265e-05
2,UPFC_Vsh,5-15,1.1079561435485665,77,1.107960640615965,MAP_PMU,83,4.497067398467891e-06
3,UPFC_tsh,5-15,-0.2317937233457871,77,-0.23175616849637212,MAP_PMU,83,3.7554849414978e-05
4,UPFC_Vse,5-15,0.06031697872941901,77,0.05934732149219731,MAP_PMU,83,0.0009696572372216994
5,UPFC_tse,5-15,-2.1544257045172914,77,-2.14593070102627,MAP_PMU,83,0.008495003491021613
0,x_tcsc,1-14,-0.11343044308041422,78,-0.11343766201860646,MAP_PMU,83,7.218938192235513e-06
1,B_svc,2,0.18553748567809297,78,0.18585459451092773,MAP_PMU,83,0.000317108832834756
2,UPFC_Vsh,5-15,1.1077494947633173,78,1.107960640615965,MAP_PMU,83,0.00021114585264769836
3,UPFC_tsh,5-15,-0.23179496232603014,78,-0.23175616849637212,MAP_PMU,83,3.879382965801814e-05
4,UPFC_Vse,5-15,0.059912505706894804,78,0.05934732149219731,MAP_PMU,83,0.0005651842146974922
5,UPFC_tse,5-15,-2.151514935269038,78,-2.14593070102627,MAP_PMU,83,0.005584234242768105
0,x_tcsc,1-14,-0.11344838322447046,79,-0.11343766201860646,MAP_PMU,83,1.0721205863997718e-05
1,B_svc,2,0.18592496055765692,79,0.18585459451092773,MAP_PMU,83,7.036604672919222e-05
2,UPFC_Vsh,5-15,1.1077521718297958,79,1.107960640615965,MAP_PMU,83,0.0002084687861692025
3,UPFC_tsh,5-15,-0.23179695537451922,79,-0.23175616849637212,MAP_PMU,83,4.0786878147097694e-05
4,UPFC_Vse,5-15,0.059696565714091473,79,0.05934732149219731,MAP_PMU,83,0.0003492442218941613
5,UPFC_tse,5-15,-2.160924071446256,79,-2.14593070102627,MAP_PMU,83,0.014993370419986274
0,x_tcsc,1-14,-0.11346940205648727,80,-0.11343766201860646,MAP_PMU,83,3.174003788081192e-05
1,B_svc,2,0.1856466784880032,80,0.18585459451092773,MAP_PMU,83,0.00020791602292452582
2,UPFC_Vsh,5-15,1.1077591044116082,80,1.107960640615965,MAP_PMU,83,0.0002015362043568114
3,UPFC_tsh,5-15,-0.23170894594157718,80,-0.23175616849637212,MAP_PMU,83,4.722255479494564e-05
4,UPFC_Vse,5-15,0.05969245165862775,80,0.05934732149219731,MAP_PMU,83,0.0003451301664304379
5,UPFC_tse,5-15,-2.143601046683759,80,-2.14593070102627,MAP_PMU,83,0.0023296543425108673
0,x_tcsc,1-14,-0.11342576950298706,81,-0.11343766201860646,MAP_PMU,83,1.1892515619393862e-05
1,B_svc,2,0.18534019712522046,81,0.18585459451092773,MAP_PMU,83,0.0005143973857072714
2,UPFC_Vsh,5-15,1.1079291159946305,81,1.107960640615965,MAP_PMU,83,3.1524621334488856e-05
3,UPFC_tsh,5-15,-0.23175555333577594,81,-0.23175616849637212,MAP_PMU,83,6.151605961846052e-07
4,UPFC_Vse,5-15,0.0602820235613881,81,0.05934732149219731,MAP_PMU,83,0.0009347020691907876
5,UPFC_tse,5-15,-2.151642996670883,81,-2.14593070102627,MAP_PMU,83,0.0057122956446131745
0,x_tcsc,1-14,-0.1134690177918177,82,-0.11343766201860646,MAP_PMU,83,3.135577321124183e-05
1,B_svc,2,0.18559075087002352,82,0.18585459451092773,MAP_PMU,83,0.0002638436409042044
2,UPFC_Vsh,5-15,1.1078183594928757,82,1.107960640615965,MAP_PMU,83,0.00014228112308933838
3,UPFC_tsh,5-15,-0.23184144638752063,82,-0.23175616849637212,MAP_PMU,83,8.527789114851081e-05
4,UPFC_Vse,5-15,0.060103777687313696,82,0.05934732149219731,MAP_PMU,83,0.000756456195116384
5,UPFC_tse,5-15,-2.1614986161679366,82,-2.14593070102627,MAP_PMU,83,0.015567915141666777
0,x_tcsc,1-14,-0.11345451437756031,83,-0.11343766201860646,MAP_PMU,83,1.685235895385051e-05
1,B_svc,2,0.18590930009107942,83,0.18585459451092773,MAP_PMU,83,5.470558015169269e-05
2,UPFC_Vsh,5-15,1.107926335347932,83,1.107960640615965,MAP_PMU,83,3.430526803294143e-05
3,UPFC_tsh,5-15,-0.23176437838951544,83,-0.23175616849637212,MAP_PMU,83,8.209893143318325e-06
4,UPFC_Vse,5-15,0.05990865452739651,83,0.05934732149219731,MAP_PMU,83,0.0005613330351991949
5,UPFC_tse,5-15,-2.1438048534299563,83,-2.14593070102627,MAP_PMU,83,0.0021258475963135126
0,x_tcsc,1-14,-0.11344843809284201,84,-0.11343766201860646,MAP_PMU,83,1.0776074235552269e-05
1,B_svc,2,0.18600670362478797,84,0.18585459451092773,MAP_PMU,83,0.00015210911386023818
2,UPFC_Vsh,5-15,1.107450993408229,84,1.107960640615965,MAP_PMU,83,0.0005096472077359415
3,UPFC_tsh,5-15,-0.23178688650752838,84,-0.23175616849637212,MAP_PMU,83,3.07180111562555e-05
4,UPFC_Vse,5-15,0.059961886437545214,84,0.05934732149219731,MAP_PMU,83,0.0006145649453479021
5,UPFC_tse,5-15,-2.1477760003954085,84,-2.14593070102627,MAP_PMU,83,0.0018452993691386865
0,x_tcsc,1-14,-0.11343584232125643,85,-0.11343766201860646,MAP_PMU,83,1.8196973500250735e-06
1,B_svc,2,0.18566877441241697,85,0.18585459451092773,MAP_PMU,83,0.00018582009851075831
2,UPFC_Vsh,5-15,1.1075619695814298,85,1.107960640615965,MAP_PMU,83,0.0003986710345351696
3,UPFC_tsh,5-15,-0.2317986639177609,85,-0.23175616849637212,MAP_PMU,83,4.249542138878848e-05
4,UPFC_Vse,5-15,0.060092165928350455,85,0.05934732149219731,MAP_PMU,83,0.0007448444361531428
5,UPFC_tse,5-15,-2.154898086331986,85,-2.14593070102627,MAP_PMU,83,0.008967385305716391
0,x_tcsc,1-14,-0.11343456361018317,86,-0.11343766201860646,MAP_PMU,83,3.0984084232882347e-06
1,B_svc,2,0.1857516016189302,86,0.18585459451092773,MAP_PMU,83,0.00010299289199752759
2,UPFC_Vsh,5-15,1.1072690584014049,86,1.107960640615965,MAP_PMU,83,0.0006915822145601158
3,UPFC_tsh,5-15,-0.2318295499287839,86,-0.23175616849637212,MAP_PMU,83,7.33814324117843e-05
4,UPFC_Vse,5-15,0.060366479125041415,86,0.05934732149219731,MAP_PMU,83,0.0010191576328441032
5,UPFC_tse,5-15,-2.147553270048527,86,-2.14593070102627,MAP_PMU,83,0.0016225690222571032
0,x_tcsc,1-14,-0.11343720442120432,87,-0.11343766201860646,MAP_PMU,83,4.5759740213702216e-07
1,B_svc,2,0.18567767817862627,87,0.18585459451092773,MAP_PMU,83,0.0001769163323014633
2,UPFC_Vsh,5-15,1.1075876714532316,87,1.107960640615965,MAP_PMU,83,0.0003729691627334386
3,UPFC_tsh,5-15,-0.23177923994131958,87,-0.23175616849637212,MAP_PMU,83,2.307144494745339e-05
4,UPFC_Vse,5-15,0.06006452404636312,87,0.05934732149219731,MAP_PMU,83,0.0007172025541658106
5,UPFC_tse,5-15,-2.1487112777652264,87,-2.14593070102627,MAP_PMU,83,0.002780576738956597
0,x_tcsc,1-14,-0.11345051769480155,88,-0.11343766201860646,MAP_PMU,83,1.2855676195092092e-05
1,B_svc,2,0.18547244583032224,88,0.18585459451092773,MAP_PMU,83,0.00038214868060548746
2,UPFC_Vsh,5-15,1.1078128953451425,88,1.107960640615965,MAP_PMU,83,0.000147745270822508
3,UPFC_tsh,5-15,-0.23178018442677284,88,-0.23175616849637212,MAP_PMU,83,2.4015930400717034e-05
4,UPFC_Vse,5-15,0.05942063188072044,88,0.05934732149219731,MAP_PMU,83,7.331038852313038e-05
5,UPFC_tse,5-15,-2.161572893674607,88,-2.14593070102627,MAP_PMU,83,0.015642192648336994
0,x_tcsc,1-14,-0.1134378405796445,89,-0.11343766201860646,MAP_PMU,83,1.7856103803892687e-07
1,B_svc,2,0.1854982971474739,89,0.18585459451092773,MAP_PMU,83,0.000356297363453828
2,UPFC_Vsh,5-15,1.1078333164485346,89,1.107960640615965,MAP_PMU,83,0.00012732416743044261
3,UPFC_tsh,5-15,-0.23174375696493965,89,-0.23175616849637212,MAP_PMU,83,1.2411531432471312e-05
4,UPFC_Vse,5-15,0.059718574559445355,89,0.05934732149219731,MAP_PMU,83,0.0003712530672480424
5,UPFC_tse,5-15,-2.152295677660396,89,-2.14593070102627,MAP_PMU,83,0.006364976634126052
0,x_tcsc,1-14,-0.11345641863416321,90,-0.11343766201860646,MAP_PMU,83,1.875661555675312e-05
1,B_svc,2,0.18608057738664735,90,0.18585459451092773,MAP_PMU,83,0.0002259828757196214
2,UPFC_Vsh,5-15,1.1078135538441383,90,1.107960640615965,MAP_PMU,83,0.00014708677182673213
3,UPFC_tsh,5-15,-0.23173620224948763,90,-0.23175616849637212,MAP_PMU,83,1.996624688449522e-05
4,UPFC_Vse,5-15,0.0596558380811754,90,0.05934732149219731,MAP_PMU,83,0.00030851658897809026
5,UPFC_tse,5-15,-2.1582215036829764,90,-2.14593070102627,MAP_PMU,83,0.012290802656706568
0,x_tcsc,1-14,-0.11344933074436904,91,-0.11343766201860646,MAP_PMU,83,1.1668725762581378e-05
1,B_svc,2,0.1854269738349273,91,0.18585459451092773,MAP_PMU,83,0.00042762067600043974
2,UPFC_Vsh,5-15,1.1073881803246335,91,1.107960640615965,MAP_PMU,83,0.0005724602913315113
3,UPFC_tsh,5-15,-0.23171530757289088,91,-0.23175616849637212,MAP_PMU,83,4.08609234812396e-05
4,UPFC_Vse,5-15,0.06008997834972248,91,0.05934732149219731,MAP_PMU,83,0.0007426568575251702
5,UPFC_tse,5-15,-2.1437839694112837,91,-2.14593070102627,MAP_PMU,83,0.0021467316149861304
0,x_tcsc,1-14,-0.11343319071586257,92,-0.11343766201860646,MAP_PMU,83,4.471302743891403e-06
1,B_svc,2,0.18593069967991782,92,0.18585459451092773,MAP_PMU,83,7.610516899009268e-05
2,UPFC_Vsh,5-15,1.1073442728884442,92,1.107960640615965,MAP_PMU,83,0.0006163677275208279
3,UPFC_tsh,5-15,-0.23179050044147986,92,-0.23175616849637212,MAP_PMU,83,3.4331945107740625e-05
4,UPFC_Vse,5-15,0.0602454242413245,92,0.05934732149219731,MAP_PMU,83,0.0008981027491271887
5,UPFC_tse,5-15,-2.157242127906157,92,-2.14593070102627,MAP_PMU,83,0.011311426879887065
0,x_tcsc,1-14,-0.11345114487076924,93,-0.11343766201860646,MAP_PMU,83,1.3482852162780001e-05
1,B_svc,2,0.1852388714835592,93,0.18585459451092773,MAP_PMU,83,0.0006157230273685366
2,UPFC_Vsh,5-15,1.1080187223096893,93,1.107960640615965,MAP_PMU,83,5.808169372434335e-05
3,UPFC_tsh,5-15,-0.2318199605171021,93,-0.23175616849637212,MAP_PMU,83,6.379202072998025e-05
4,UPFC_Vse,5-15,0.06054809985532854,93,0.05934732149219731,MAP_PMU,83,0.001200778363131226
5,UPFC_tse,5-15,-2.155828915038608,93,-2.14593070102627,MAP_PMU,83,0.009898214012338258
0,x_tcsc,1-14,-0.1134287428984052,94,-0.11343766201860646,MAP_PMU,83,8.919120201261732e-06
1,B_svc,2,0.18554719683063978,94,0.18585459451092773,MAP_PMU,83,0.0003073976802879519
2,UPFC_Vsh,5-15,1.1075923182458214,94,1.107960640615965,MAP_PMU,83,0.00036832237014361446
3,UPFC_tsh,5-15,-0.23175115828923182,94,-0.23175616849637212,MAP_PMU,83,5.0102071403046455e-06
4,UPFC_Vse,5-15,0.059632858656809784,94,0.05934732149219731,MAP_PMU,83,0.00028553716461247186
5,UPFC_tse,5-15,-2.157345466348218,94,-2.14593070102627,MAP_PMU,83,0.011414765321948295
0,x_tcsc,1-14,-0.11342090796167192,95,-0.11343766201860646,MAP_PMU,83,1.6754056934534245e-05
1,B_svc,2,0.186065731799181,95,0.18585459451092773,MAP_PMU,83,0.00021113728825328248
2,UPFC_Vsh,5-15,1.1074712829005684,95,1.107960640615965,MAP_PMU,83,0.0004893577153965989
3,UPFC_tsh,5-15,-0.23177456081904255,95,-0.23175616849637212,MAP_PMU,83,1.839232267042412e-05
4,UPFC_Vse,5-15,0.06012316552541758,95,0.05934732149219731,MAP_PMU,83,0.0007758440332202646
5,UPFC_tse,5-15,-2.1618636727062968,95,-2.14593070102627,MAP_PMU,83,0.01593297168002694
0,x_tcsc,1-14,-0.11345270957772935,96,-0.11343766201860646,MAP_PMU,83,1.5047559122891019e-05
1,B_svc,2,0.18631454509225417,96,0.18585459451092773,MAP_PMU,83,0.00045995058132644595
2,UPFC_Vsh,5-15,1.1076024436688798,96,1.107960640615965,MAP_PMU,83,0.00035819694708516536
3,UPFC_tsh,5-15,-0.23180101628700303,96,-0.23175616849637212,MAP_PMU,83,4.48477906309086e-05
4,UPFC_Vse,5-15,0.059815340759423644,96,0.05934732149219731,MAP_PMU,83,0.0004680192672263314
5,UPFC_tse,5-15,-2.154186356950335,96,-2.14593070102627,MAP_PMU,83,0.008255655924064964
0,x_tcsc,1-14,-0.11345376851574229,97,-0.11343766201860646,MAP_PMU,83,1.610649713583434e-05
1,B_svc,2,0.18597816113504134,97,0.18585459451092773,MAP_PMU,83,0.00012356662411361352
2,UPFC_Vsh,5-15,1.1074271785486596,97,1.107960640615965,MAP_PMU,83,0.0005334620673054236
3,UPFC_tsh,5-15,-0.23180626338847937,97,-0.23175616849637212,MAP_PMU,83,5.009489210724971e-05
4,UPFC_Vse,5-15,0.05940278535473523,97,0.05934732149219731,MAP_PMU,83,5.546386253791474e-05
5,UPFC_tse,5-15,-2.1506921954581455,97,-2.14593070102627,MAP_PMU,83,0.004761494431875679
0,x_tcsc,1-14,-0.11343673810249652,98,-0.11343766201860646,MAP_PMU,83,9.239161099378057e-07
1,B_svc,2,0.18606490754137786,98,0.18585459451092773,MAP_PMU,83,0.00021031303045013217
2,UPFC_Vsh,5-15,1.1075035162225446,98,1.107960640615965,MAP_PMU,83,0.0004571243934203828
3,UPFC_tsh,5-15,-0.23177489819525957,98,-0.23175616849637212,MAP_PMU,83,1.8729698887443025e-05
4,UPFC_Vse,5-15,0.059944407300628014,98,0.05934732149219731,MAP_PMU,83,0.0005970858084307015
5,UPFC_tse,5-15,-2.1561043519620453,98,-2.14593070102627,MAP_PMU,83,0.010173650935775491
0,x_tcsc,1-14,-0.11343817495540226,99,-0.11343766201860646,MAP_PMU,83,5.129367958017772e-07
1,B_svc,2,0.18586586541378922,99,0.18585459451092773,MAP_PMU,83,1.1270902861487686e-05
2,UPFC_Vsh,5-15,1.1073163518057458,99,1.107960640615965,MAP_PMU,83,0.0006442888102191624
3,UPFC_tsh,5-15,-0.23175497708230913,99,-0.23175616849637212,MAP_PMU,83,1.1914140629898373e-06
4,UPFC_Vse,5-15,0.06014712887320743,99,0.05934732149219731,MAP_PMU,83,0.0007998073810101189
5,UPFC_tse,5-15,-2.160402747222513,99,-2.14593070102627,MAP_PMU,83,0.014472046196243316
0,x_tcsc,1-14,-0.11040738644212204,0,-0.11040985282864853,MAP_PMU,85,2.46638652648401e-06
1,B_svc,2,0.18119190623675238,0,0.18126553449427296,MAP_PMU,85,7.362825752058044e-05
2,UPFC_Vsh,5-15,1.1082063306019008,0,1.1098607262901983,MAP_PMU,85,0.0016543956882975053
3,UPFC_tsh,5-15,-0.23532423668163066,0,-0.23533904091090277,MAP_PMU,85,1.4804229272108449e-05
4,UPFC_Vse,5-15,0.05923907392293279,0,0.058148021648923076,MAP_PMU,85,0.0010910522740097128
5,UPFC_tse,5-15,-2.1574253129611347,0,-2.1452626109895707,MAP_PMU,85,0.012162701971563994
0,x_tcsc,1-14,-0.11042573914702776,1,-0.11040985282864853,MAP_PMU,85,1.5886318379232378e-05
1,B_svc,2,0.18130086150234348,1,0.18126553449427296,MAP_PMU,85,3.532700807051814e-05
2,UPFC_Vsh,5-15,1.1074827401099663,1,1.1098607262901983,MAP_PMU,85,0.0023779861802319946
3,UPFC_tsh,5-15,-0.23534291597523246,1,-0.23533904091090277,MAP_PMU,85,3.875064329694755e-06
4,UPFC_Vse,5-15,0.059894416475059345,1,0.058148021648923076,MAP_PMU,85,0.0017463948261362688
5,UPFC_tse,5-15,-2.1531853648000894,1,-2.1452626109895707,MAP_PMU,85,0.007922753810518657
0,x_tcsc,1-14,-0.11043599643280096,2,-0.11040985282864853,MAP_PMU,85,2.614360415242878e-05
1,B_svc,2,0.18092800532964787,2,0.18126553449427296,MAP_PMU,85,0.0003375291646250944
2,UPFC_Vsh,5-15,1.1077474924957316,2,1.1098607262901983,MAP_PMU,85,0.0021132337944667068
3,UPFC_tsh,5-15,-0.23530147898844056,2,-0.23533904091090277,MAP_PMU,85,3.756192246220924e-05
4,UPFC_Vse,5-15,0.05985037250903214,2,0.058148021648923076,MAP_PMU,85,0.0017023508601090656
5,UPFC_tse,5-15,-2.1491143451506556,2,-2.1452626109895707,MAP_PMU,85,0.0038517341610848632
0,x_tcsc,1-14,-0.11045080386423893,3,-0.11040985282864853,MAP_PMU,85,4.095103559040303e-05
1,B_svc,2,0.18148298383867925,3,0.18126553449427296,MAP_PMU,85,0.0002174493444062897
2,UPFC_Vsh,5-15,1.108088436160345,3,1.1098607262901983,MAP_PMU,85,0.00177229012985336
3,UPFC_tsh,5-15,-0.2353409963235936,3,-0.23533904091090277,MAP_PMU,85,1.955412690823888e-06
4,UPFC_Vse,5-15,0.059514999182454946,3,0.058148021648923076,MAP_PMU,85,0.0013669775335318698
5,UPFC_tse,5-15,-2.1455578555252846,3,-2.1452626109895707,MAP_PMU,85,0.00029524453571383447
0,x_tcsc,1-14,-0.110441545360033,4,-0.11040985282864853,MAP_PMU,85,3.169253138447792e-05
1,B_svc,2,0.18188816168218197,4,0.18126553449427296,MAP_PMU,85,0.0006226271879090084
2,UPFC_Vsh,5-15,1.1075996949079747,4,1.1098607262901983,MAP_PMU,85,0.002261031382223555
3,UPFC_tsh,5-15,-0.23541189604434112,4,-0.23533904091090277,MAP_PMU,85,7.285513343835426e-05
4,UPFC_Vse,5-15,0.05969763411210523,4,0.058148021648923076,MAP_PMU,85,0.0015496124631821512
5,UPFC_tse,5-15,-2.163141891583025,4,-2.1452626109895707,MAP_PMU,85,0.01787928059345445
0,x_tcsc,1-14,-0.11041184219344838,5,-0.11040985282864853,MAP_PMU,85,1.989364799850901e-06
1,B_svc,2,0.1811455874320393,5,0.18126553449427296,MAP_PMU,85,0.0001199470622336718
2,UPFC_Vsh,5-15,1.1075316294524755,5,1.1098607262901983,MAP_PMU,85,0.002329096837722755
3,UPFC_tsh,5-15,-0.23544322151203612,5,-0.23533904091090277,MAP_PMU,85,0.00010418060113334682
4,UPFC_Vse,5-15,0.060047229817658775,5,0.058148021648923076,MAP_PMU,85,0.0018992081687356985
5,UPFC_tse,5-15,-2.1670363060311746,5,-2.1452626109895707,MAP_PMU,85,0.02177369504160387
0,x_tcsc,1-14,-0.11042431737553912,6,-0.11040985282864853,MAP_PMU,85,1.4464546890594066e-05
1,B_svc,2,0.18123836093374537,6,0.18126553449427296,MAP_PMU,85,2.7173560527588014e-05
2,UPFC_Vsh,5-15,1.1078908709367634,6,1.1098607262901983,MAP_PMU,85,0.0019698553534348573
3,UPFC_tsh,5-15,-0.23534438817146067,6,-0.23533904091090277,MAP_PMU,85,5.347260557897471e-06
4,UPFC_Vse,5-15,0.05929009236554668,6,0.058148021648923076,MAP_PMU,85,0.0011420707166236027
5,UPFC_tse,5-15,-2.156103794094228,6,-2.1452626109895707,MAP_PMU,85,0.010841183104657315
0,x_tcsc,1-14,-0.11044748302060409,7,-0.11040985282864853,MAP_PMU,85,3.763019195555939e-05
1,B_svc,2,0.1813279921210708,7,0.18126553449427296,MAP_PMU,85,6.24576267978516e-05
2,UPFC_Vsh,5-15,1.107507378083365,7,1.1098607262901983,MAP_PMU,85,0.0023533482068331946
3,UPFC_tsh,5-15,-0.2354559779604217,7,-0.23533904091090277,MAP_PMU,85,0.00011693704951892814
4,UPFC_Vse,5-15,0.05979184624834777,7,0.058148021648923076,MAP_PMU,85,0.0016438245994246925
5,UPFC_tse,5-15,-2.163086412787938,7,-2.1452626109895707,MAP_PMU,85,0.017823801798367178
0,x_tcsc,1-14,-0.11043715644847518,8,-0.11040985282864853,MAP_PMU,85,2.7303619826654635e-05
1,B_svc,2,0.18117827773162554,8,0.18126553449427296,MAP_PMU,85,8.725676264742521e-05
2,UPFC_Vsh,5-15,1.1075928970482325,8,1.1098607262901983,MAP_PMU,85,0.0022678292419657797
3,UPFC_tsh,5-15,-0.2353636741027264,8,-0.23533904091090277,MAP_PMU,85,2.4633191823636436e-05
4,UPFC_Vse,5-15,0.0597320872603284,8,0.058148021648923076,MAP_PMU,85,0.0015840656114053248
5,UPFC_tse,5-15,-2.1658838031409964,8,-2.1452626109895707,MAP_PMU,85,0.02062119215142566
0,x_tcsc,1-14,-0.11043808853114961,9,-0.11040985282864853,MAP_PMU,85,2.8235702501086535e-05
1,B_svc,2,0.18117849604094916,9,0.18126553449427296,MAP_PMU,85,8.703845332380666e-05
2,UPFC_Vsh,5-15,1.1072283429884662,9,1.1098607262901983,MAP_PMU,85,0.0026323833017320997
3,UPFC_tsh,5-15,-0.23540201320652138,9,-0.23533904091090277,MAP_PMU,85,6.29722956186074e-05
4,UPFC_Vse,5-15,0.05984790675467249,9,0.058148021648923076,MAP_PMU,85,0.0016998851057494144
5,UPFC_tse,5-15,-2.146841511853201,9,-2.1452626109895707,MAP_PMU,85,0.001578900863630217
0,x_tcsc,1-14,-0.11040614711471618,10,-0.11040985282864853,MAP_PMU,85,3.7057139323504185e-06
1,B_svc,2,0.18123269184394356,10,0.18126553449427296,MAP_PMU,85,3.2842650329406586e-05
2,UPFC_Vsh,5-15,1.1075234377134904,10,1.1098607262901983,MAP_PMU,85,0.0023372885767078966
3,UPFC_tsh,5-15,-0.23540100502580075,10,-0.23533904091090277,MAP_PMU,85,6.19641148979777e-05
4,UPFC_Vse,5-15,0.06053621865706392,10,0.058148021648923076,MAP_PMU,85,0.002388197008140844
5,UPFC_tse,5-15,-2.1648775601876418,10,-2.1452626109895707,MAP_PMU,85,0.019614949198071052
0,x_tcsc,1-14,-0.11042125218645157,11,-0.11040985282864853,MAP_PMU,85,1.139935780304635e-05
1,B_svc,2,0.18135561124542118,11,0.18126553449427296,MAP_PMU,85,9.007675114822145e-05
2,UPFC_Vsh,5-15,1.1076374186458262,11,1.1098607262901983,MAP_PMU,85,0.0022233076443720634
3,UPFC_tsh,5-15,-0.2353769353192173,11,-0.23533904091090277,MAP_PMU,85,3.7894408314531614e-05
4,UPFC_Vse,5-15,0.059758901899629256,11,0.058148021648923076,MAP_PMU,85,0.00161088025070618
5,UPFC_tse,5-15,-2.1624267682758105,11,-2.1452626109895707,MAP_PMU,85,0.017164157286239767
0,x_tcsc,1-14,-0.1104479918465883,12,-0.11040985282864853,MAP_PMU,85,3.813901793976726e-05
1,B_svc,2,0.1807207423714615,12,0.18126553449427296,MAP_PMU,85,0.0005447921228114716
2,UPFC_Vsh,5-15,1.1077621648926899,12,1.1098607262901983,MAP_PMU,85,0.002098561397508414
3,UPFC_tsh,5-15,-0.23530615548432587,12,-0.23533904091090277,MAP_PMU,85,3.2885426576895194e-05
4,UPFC_Vse,5-15,0.06003285838306083,12,0.058148021648923076,MAP_PMU,85,0.0018848367341377514
5,UPFC_tse,5-15,-2.152754872192788,12,-2.1452626109895707,MAP_PMU,85,0.007492261203217332
0,x_tcsc,1-14,-0.11044219352972234,13,-0.11040985282864853,MAP_PMU,85,3.2340701073815814e-05
1,B_svc,2,0.18115104788214126,13,0.18126553449427296,MAP_PMU,85,0.00011448661213170341
2,UPFC_Vsh,5-15,1.1075745673424755,13,1.1098607262901983,MAP_PMU,85,0.0022861589477227717
3,UPFC_tsh,5-15,-0.2354091404355213,13,-0.23533904091090277,MAP_PMU,85,7.00995246185332e-05
4,UPFC_Vse,5-15,0.05955104184222952,13,0.058148021648923076,MAP_PMU,85,0.0014030201933064451
5,UPFC_tse,5-15,-2.1620745509784047,13,-2.1452626109895707,MAP_PMU,85,0.016811939988834013
0,x_tcsc,1-14,-0.11045599112735378,14,-0.11040985282864853,MAP_PMU,85,4.61382987052561e-05
1,B_svc,2,0.18152551649896378,14,0.18126553449427296,MAP_PMU,85,0.000259982004690823
2,UPFC_Vsh,5-15,1.1074413183363274,14,1.1098607262901983,MAP_PMU,85,0.0024194079538708557
3,UPFC_tsh,5-15,-0.2353568672406969,14,-0.23533904091090277,MAP_PMU,85,1.782632979413501e-05
4,UPFC_Vse,5-15,0.059779690645114895,14,0.058148021648923076,MAP_PMU,85,0.0016316689961918193
5,UPFC_tse,5-15,-2.155638492814789,14,-2.1452626109895707,MAP_PMU,85,0.010375881825218425
0,x_tcsc,1-14,-0.11045373497770093,15,-0.11040985282864853,MAP_PMU,85,4.3882149052404396e-05
1,B_svc,2,0.18099241602047678,15,0.18126553449427296,MAP_PMU,85,0.0002731184737961856
2,UPFC_Vsh,5-15,1.1075351573612071,15,1.1098607262901983,MAP_PMU,85,0.002325568928991162
3,UPFC_tsh,5-15,-0.23535471823331278,15,-0.23533904091090277,MAP_PMU,85,1.5677322410007077e-05
4,UPFC_Vse,5-15,0.059374783280753955,15,0.058148021648923076,MAP_PMU,85,0.001226761631830879
5,UPFC_tse,5-15,-2.1593928422166413,15,-2.1452626109895707,MAP_PMU,85,0.014130231227070578
0,x_tcsc,1-14,-0.11042636188712475,16,-0.11040985282864853,MAP_PMU,85,1.650905847622175e-05
1,B_svc,2,0.18140176981679482,16,0.18126553449427296,MAP_PMU,85,0.00013623532252185488
2,UPFC_Vsh,5-15,1.1075328475108093,16,1.1098607262901983,MAP_PMU,85,0.0023278787793890032
3,UPFC_tsh,5-15,-0.23546222032488195,16,-0.23533904091090277,MAP_PMU,85,0.0001231794139791853
4,UPFC_Vse,5-15,0.06017351461142567,16,0.058148021648923076,MAP_PMU,85,0.0020254929625025953
5,UPFC_tse,5-15,-2.156134811919107,16,-2.1452626109895707,MAP_PMU,85,0.010872200929536113
0,x_tcsc,1-14,-0.11043957540912028,17,-0.11040985282864853,MAP_PMU,85,2.9722580471749915e-05
1,B_svc,2,0.18136375629088383,17,0.18126553449427296,MAP_PMU,85,9.822179661087005e-05
2,UPFC_Vsh,5-15,1.107496684040678,17,1.1098607262901983,MAP_PMU,85,0.0023640422495203595
3,UPFC_tsh,5-15,-0.23535391344637244,17,-0.23533904091090277,MAP_PMU,85,1.4872535469667714e-05
4,UPFC_Vse,5-15,0.05936045436743779,17,0.058148021648923076,MAP_PMU,85,0.0012124327185147124
5,UPFC_tse,5-15,-2.1405593950915285,17,-2.1452626109895707,MAP_PMU,85,0.0047032158980422345
0,x_tcsc,1-14,-0.11040809120760448,18,-0.11040985282864853,MAP_PMU,85,1.7616210440524194e-06
1,B_svc,2,0.18146606837731502,18,0.18126553449427296,MAP_PMU,85,0.00020053388304205888
2,UPFC_Vsh,5-15,1.107427988085435,18,1.1098607262901983,MAP_PMU,85,0.0024327382047633073
3,UPFC_tsh,5-15,-0.235350742655753,18,-0.23533904091090277,MAP_PMU,85,1.1701744850239892e-05
4,UPFC_Vse,5-15,0.0595860288236379,18,0.058148021648923076,MAP_PMU,85,0.001438007174714824
5,UPFC_tse,5-15,-2.162120661110176,18,-2.1452626109895707,MAP_PMU,85,0.016858050120605483
0,x_tcsc,1-14,-0.11040790398828294,19,-0.11040985282864853,MAP_PMU,85,1.9488403655842923e-06
1,B_svc,2,0.18119364263629537,19,0.18126553449427296,MAP_PMU,85,7.189185797759623e-05
2,UPFC_Vsh,5-15,1.107333496490408,19,1.1098607262901983,MAP_PMU,85,0.0025272297997902538
3,UPFC_tsh,5-15,-0.23544200924089648,19,-0.23533904091090277,MAP_PMU,85,0.00010296832999370786
4,UPFC_Vse,5-15,0.060148341905853844,19,0.058148021648923076,MAP_PMU,85,0.002000320256930768
5,UPFC_tse,5-15,-2.158418224903223,19,-2.1452626109895707,MAP_PMU,85,0.013155613913652164
0,x_tcsc,1-14,-0.11044679154262217,20,-0.11040985282864853,MAP_PMU,85,3.6938713973644344e-05
1,B_svc,2,0.18115776691429394,20,0.18126553449427296,MAP_PMU,85,0.00010776757997901787
2,UPFC_Vsh,5-15,1.1074720242071954,20,1.1098607262901983,MAP_PMU,85,0.0023887020830029027
3,UPFC_tsh,5-15,-0.23542511432477642,20,-0.23533904091090277,MAP_PMU,85,8.607341387364964e-05
4,UPFC_Vse,5-15,0.05988863764352313,20,0.058148021648923076,MAP_PMU,85,0.001740615994600056
5,UPFC_tse,5-15,-2.1642992620140733,20,-2.1452626109895707,MAP_PMU,85,0.019036651024502582
0,x_tcsc,1-14,-0.11042082173431553,21,-0.11040985282864853,MAP_PMU,85,1.0968905666999818e-05
1,B_svc,2,0.18106230782197916,21,0.18126553449427296,MAP_PMU,85,0.00020322667229380476
2,UPFC_Vsh,5-15,1.1077411613623447,21,1.1098607262901983,MAP_PMU,85,0.00211956492785359
3,UPFC_tsh,5-15,-0.2353576934229541,21,-0.23533904091090277,MAP_PMU,85,1.8652512051325898e-05
4,UPFC_Vse,5-15,0.05928814187632924,21,0.058148021648923076,MAP_PMU,85,0.0011401202274061648
5,UPFC_tse,5-15,-2.1506099413568527,21,-2.1452626109895707,MAP_PMU,85,0.005347330367281966
0,x_tcsc,1-14,-0.11041366321945073,22,-0.11040985282864853,MAP_PMU,85,3.810390802203023e-06
1,B_svc,2,0.18135040659559343,22,0.18126553449427296,MAP_PMU,85,8.487210132046563e-05
2,UPFC_Vsh,5-15,1.1074869910338545,22,1.1098607262901983,MAP_PMU,85,0.0023737352563437675
3,UPFC_tsh,5-15,-0.23542780152166776,22,-0.23533904091090277,MAP_PMU,85,8.876061076498742e-05
4,UPFC_Vse,5-15,0.05962533161509709,22,0.058148021648923076,MAP_PMU,85,0.0014773099661740119
5,UPFC_tse,5-15,-2.16521448601752,22,-2.1452626109895707,MAP_PMU,85,0.019951875027949484
0,x_tcsc,1-14,-0.11038211988939815,23,-0.11040985282864853,MAP_PMU,85,2.7732939250374455e-05
1,B_svc,2,0.1812660043341291,23,0.18126553449427296,MAP_PMU,85,4.6983985613202606e-07
2,UPFC_Vsh,5-15,1.1076032057347953,23,1.1098607262901983,MAP_PMU,85,0.0022575205554029587
3,UPFC_tsh,5-15,-0.23537191618289555,23,-0.23533904091090277,MAP_PMU,85,3.287527199277718e-05
4,UPFC_Vse,5-15,0.059838400959028905,23,0.058148021648923076,MAP_PMU,85,0.0016903793101058287
5,UPFC_tse,5-15,-2.1596882556174517,23,-2.1452626109895707,MAP_PMU,85,0.014425644627880985
0,x_tcsc,1-14,-0.11042557008599233,24,-0.11040985282864853,MAP_PMU,85,1.5717257343797475e-05
1,B_svc,2,0.18128269294307292,24,0.18126553449427296,MAP_PMU,85,1.715844879995876e-05
2,UPFC_Vsh,5-15,1.1076855368673504,24,1.1098607262901983,MAP_PMU,85,0.0021751894228478896
3,UPFC_tsh,5-15,-0.23539717805887392,24,-0.23533904091090277,MAP_PMU,85,5.8137147971148995e-05
4,UPFC_Vse,5-15,0.05957804050664738,24,0.058148021648923076,MAP_PMU,85,0.0014300188577243064
5,UPFC_tse,5-15,-2.155886271897343,24,-2.1452626109895707,MAP_PMU,85,0.010623660907772337
0,x_tcsc,1-14,-0.11040807709392861,25,-0.11040985282864853,MAP_PMU,85,1.7757347199193196e-06
1,B_svc,2,0.18119753690928286,25,0.18126553449427296,MAP_PMU,85,6.799758499009823e-05
2,UPFC_Vsh,5-15,1.1078760214642598,25,1.1098607262901983,MAP_PMU,85,0.001984704825938488
3,UPFC_tsh,5-15,-0.23540857190776232,25,-0.23533904091090277,MAP_PMU,85,6.953099685955144e-05
4,UPFC_Vse,5-15,0.059908614187994536,25,0.058148021648923076,MAP_PMU,85,0.0017605925390714594
5,UPFC_tse,5-15,-2.1629258312089266,25,-2.1452626109895707,MAP_PMU,85,0.017663220219355846
0,x_tcsc,1-14,-0.11041405020951363,26,-0.11040985282864853,MAP_PMU,85,4.197380865100797e-06
1,B_svc,2,0.18143417900980902,26,0.18126553449427296,MAP_PMU,85,0.00016864451553605386
2,UPFC_Vsh,5-15,1.1077129487050061,26,1.1098607262901983,MAP_PMU,85,0.0021477775851921344
3,UPFC_tsh,5-15,-0.2353594056646801,26,-0.23533904091090277,MAP_PMU,85,2.0364753777341038e-05
4,UPFC_Vse,5-15,0.06002962376916201,26,0.058148021648923076,MAP_PMU,85,0.001881602120238933
5,UPFC_tse,5-15,-2.1524878475027003,26,-2.1452626109895707,MAP_PMU,85,0.007225236513129563
0,x_tcsc,1-14,-0.11040321015873562,27,-0.11040985282864853,MAP_PMU,85,6.642669912904076e-06
1,B_svc,2,0.18144952971434575,27,0.18126553449427296,MAP_PMU,85,0.00018399522007278568
2,UPFC_Vsh,5-15,1.1073020576899215,27,1.1098607262901983,MAP_PMU,85,0.002558668600276759
3,UPFC_tsh,5-15,-0.23534370647849712,27,-0.23533904091090277,MAP_PMU,85,4.665567594347442e-06
4,UPFC_Vse,5-15,0.059736814499998105,27,0.058148021648923076,MAP_PMU,85,0.0015887928510750285
5,UPFC_tse,5-15,-2.1518163601041436,27,-2.1452626109895707,MAP_PMU,85,0.006553749114572849
0,x_tcsc,1-14,-0.11040725544035243,28,-0.11040985282864853,MAP_PMU,85,2.597388296096681e-06
1,B_svc,2,0.18089573729955288,28,0.18126553449427296,MAP_PMU,85,0.00036979719472007844
2,UPFC_Vsh,5-15,1.1078373031394588,28,1.1098607262901983,MAP_PMU,85,0.002023423150739445
3,UPFC_tsh,5-15,-0.2353241398269617,28,-0.23533904091090277,MAP_PMU,85,1.4901083941060156e-05
4,UPFC_Vse,5-15,0.05953691837077107,28,0.058148021648923076,MAP_PMU,85,0.0013888967218479917
5,UPFC_tse,5-15,-2.1584547794330247,28,-2.1452626109895707,MAP_PMU,85,0.013192168443453944
0,x_tcsc,1-14,-0.11041806082360654,29,-0.11040985282864853,MAP_PMU,85,8.207994958014941e-06
1,B_svc,2,0.18094190636518354,29,0.18126553449427296,MAP_PMU,85,0.00032362812908942606
2,UPFC_Vsh,5-15,1.10756138738213,29,1.1098607262901983,MAP_PMU,85,0.002299338908068327
3,UPFC_tsh,5-15,-0.23546569891992467,29,-0.23533904091090277,MAP_PMU,85,0.00012665800902189606
4,UPFC_Vse,5-15,0.05992113514463406,29,0.058148021648923076,MAP_PMU,85,0.001773113495710986
5,UPFC_tse,5-15,-2.1538055899552053,29,-2.1452626109895707,MAP_PMU,85,0.008542978965634607
0,x_tcsc,1-14,-0.11040936596194467,30,-0.11040985282864853,MAP_PMU,85,4.868667038554486e-07
1,B_svc,2,0.1807660014465574,30,0.18126553449427296,MAP_PMU,85,0.0004995330477155502
2,UPFC_Vsh,5-15,1.1073477532132356,30,1.1098607262901983,MAP_PMU,85,0.0025129730769626324
3,UPFC_tsh,5-15,-0.23535345162976343,30,-0.23533904091090277,MAP_PMU,85,1.4410718860657923e-05
4,UPFC_Vse,5-15,0.0595963748718877,30,0.058148021648923076,MAP_PMU,85,0.0014483532229646254
5,UPFC_tse,5-15,-2.156597012027277,30,-2.1452626109895707,MAP_PMU,85,0.011334401037706332
0,x_tcsc,1-14,-0.11044164098444269,31,-0.11040985282864853,MAP_PMU,85,3.178815579416017e-05
1,B_svc,2,0.18124899933491517,31,0.18126553449427296,MAP_PMU,85,1.653515935778893e-05
2,UPFC_Vsh,5-15,1.1074633085494594,31,1.1098607262901983,MAP_PMU,85,0.002397417740738872
3,UPFC_tsh,5-15,-0.23546451351956904,31,-0.23533904091090277,MAP_PMU,85,0.00012547260866627163
4,UPFC_Vse,5-15,0.05995282609348766,31,0.058148021648923076,MAP_PMU,85,0.0018048044445645867
5,UPFC_tse,5-15,-2.164072374696804,31,-2.1452626109895707,MAP_PMU,85,0.018809763707233085
0,x_tcsc,1-14,-0.11039832116759778,32,-0.11040985282864853,MAP_PMU,85,1.1531661050750985e-05
1,B_svc,2,0.18116527631652268,32,0.18126553449427296,MAP_PMU,85,0.00010025817775027868
2,UPFC_Vsh,5-15,1.1077733501914178,32,1.1098607262901983,MAP_PMU,85,0.0020873760987805134
3,UPFC_tsh,5-15,-0.23539491604576623,32,-0.23533904091090277,MAP_PMU,85,5.5875134863464515e-05
4,UPFC_Vse,5-15,0.059275117448668944,32,0.058148021648923076,MAP_PMU,85,0.0011270957997458683
5,UPFC_tse,5-15,-2.1521838942364346,32,-2.1452626109895707,MAP_PMU,85,0.0069212832468639185
0,x_tcsc,1-14,-0.110427342011894,33,-0.11040985282864853,MAP_PMU,85,1.7489183245469886e-05
1,B_svc,2,0.18140957635540775,33,0.18126553449427296,MAP_PMU,85,0.000144041861134786
2,UPFC_Vsh,5-15,1.1078060179182716,33,1.1098607262901983,MAP_PMU,85,0.0020547083719266723
3,UPFC_tsh,5-15,-0.2353844941707928,33,-0.23533904091090277,MAP_PMU,85,4.545325989002702e-05
4,UPFC_Vse,5-15,0.05953346968398656,33,0.058148021648923076,MAP_PMU,85,0.0013854480350634843
5,UPFC_tse,5-15,-2.1510757527284285,33,-2.1452626109895707,MAP_PMU,85,0.00581314173885783
0,x_tcsc,1-14,-0.11040205246733686,34,-0.11040985282864853,MAP_PMU,85,7.800361311663395e-06
1,B_svc,2,0.18073785160690556,34,0.18126553449427296,MAP_PMU,85,0.0005276828873674033
2,UPFC_Vsh,5-15,1.107718331785241,34,1.1098607262901983,MAP_PMU,85,0.0021423945049572346
3,UPFC_tsh,5-15,-0.23536336474643907,34,-0.23533904091090277,MAP_PMU,85,2.4323835536299576e-05
4,UPFC_Vse,5-15,0.05952297368960622,34,0.058148021648923076,MAP_PMU,85,0.001374952040683143
5,UPFC_tse,5-15,-2.14913306062135,34,-2.1452626109895707,MAP_PMU,85,0.0038704496317794046
0,x_tcsc,1-14,-0.11043446635306632,35,-0.11040985282864853,MAP_PMU,85,2.461352441779363e-05
1,B_svc,2,0.18162441285711398,35,0.18126553449427296,MAP_PMU,85,0.00035887836284101415
2,UPFC_Vsh,5-15,1.1078092764432834,35,1.1098607262901983,MAP_PMU,85,0.0020514498469148545
3,UPFC_tsh,5-15,-0.23535188065350507,35,-0.23533904091090277,MAP_PMU,85,1.2839742602299697e-05
4,UPFC_Vse,5-15,0.05961674498534836,35,0.058148021648923076,MAP_PMU,85,0.0014687233364252816
5,UPFC_tse,5-15,-2.1556541714775204,35,-2.1452626109895707,MAP_PMU,85,0.010391560487949647
0,x_tcsc,1-14,-0.11045189752771453,36,-0.11040985282864853,MAP_PMU,85,4.20446990660045e-05
1,B_svc,2,0.18111913174546543,36,0.18126553449427296,MAP_PMU,85,0.00014640274880753368
2,UPFC_Vsh,5-15,1.1080019697494123,36,1.1098607262901983,MAP_PMU,85,0.001858756540785933
3,UPFC_tsh,5-15,-0.23541001264421632,36,-0.23533904091090277,MAP_PMU,85,7.097173331355178e-05
4,UPFC_Vse,5-15,0.059935039958520966,36,0.058148021648923076,MAP_PMU,85,0.0017870183095978903
5,UPFC_tse,5-15,-2.157240884893243,36,-2.1452626109895707,MAP_PMU,85,0.011978273903672232
0,x_tcsc,1-14,-0.11043473298800503,37,-0.11040985282864853,MAP_PMU,85,2.4880159356505116e-05
1,B_svc,2,0.18156682116256267,37,0.18126553449427296,MAP_PMU,85,0.00030128666828971307
2,UPFC_Vsh,5-15,1.1079980796173934,37,1.1098607262901983,MAP_PMU,85,0.0018626466728048907
3,UPFC_tsh,5-15,-0.2353171895359985,37,-0.23533904091090277,MAP_PMU,85,2.18513749042637e-05
4,UPFC_Vse,5-15,0.058685877381762425,37,0.058148021648923076,MAP_PMU,85,0.0005378557328393485
5,UPFC_tse,5-15,-2.1518249641587004,37,-2.1452626109895707,MAP_PMU,85,0.0065623531691296755
0,x_tcsc,1-14,-0.11042336218126753,38,-0.11040985282864853,MAP_PMU,85,1.3509352618998327e-05
1,B_svc,2,0.1810961565354956,38,0.18126553449427296,MAP_PMU,85,0.0001693779587773614
2,UPFC_Vsh,5-15,1.1077088747071389,38,1.1098607262901983,MAP_PMU,85,0.0021518515830594165
3,UPFC_tsh,5-15,-0.23532367412179592,38,-0.23533904091090277,MAP_PMU,85,1.5366789106852075e-05
4,UPFC_Vse,5-15,0.05987747636037022,38,0.058148021648923076,MAP_PMU,85,0.0017294547114471426
5,UPFC_tse,5-15,-2.1659726995277304,38,-2.1452626109895707,MAP_PMU,85,0.0207100885381597
0,x_tcsc,1-14,-0.11045140638812975,39,-0.11040985282864853,MAP_PMU,85,4.1553559481224966e-05
1,B_svc,2,0.18168959506437873,39,0.18126553449427296,MAP_PMU,85,0.00042406057010577203
2,UPFC_Vsh,5-15,1.1076809516462798,39,1.1098607262901983,MAP_PMU,85,0.0021797746439184973
3,UPFC_tsh,5-15,-0.23535787174830128,39,-0.23533904091090277,MAP_PMU,85,1.8830837398509104e-05
4,UPFC_Vse,5-15,0.05975686390007978,39,0.058148021648923076,MAP_PMU,85,0.0016088422511567058
5,UPFC_tse,5-15,-2.1529986289273135,39,-2.1452626109895707,MAP_PMU,85,0.007736017937742812
0,x_tcsc,1-14,-0.11043005390564078,40,-0.11040985282864853,MAP_PMU,85,2.020107699225726e-05
1,B_svc,2,0.18115450154878246,40,0.18126553449427296,MAP_PMU,85,0.00011103294549050235
2,UPFC_Vsh,5-15,1.1077654966842432,40,1.1098607262901983,MAP_PMU,85,0.0020952296059550957
3,UPFC_tsh,5-15,-0.2353219762200498,40,-0.23533904091090277,MAP_PMU,85,1.7064690852969244e-05
4,UPFC_Vse,5-15,0.059604767988027225,40,0.058148021648923076,MAP_PMU,85,0.0014567463391041494
5,UPFC_tse,5-15,-2.1514675796253444,40,-2.1452626109895707,MAP_PMU,85,0.006204968635773689
0,x_tcsc,1-14,-0.11040298259045632,41,-0.11040985282864853,MAP_PMU,85,6.870238192208111e-06
1,B_svc,2,0.18179531284741593,41,0.18126553449427296,MAP_PMU,85,0.0005297783531429678
2,UPFC_Vsh,5-15,1.1074315765777143,41,1.1098607262901983,MAP_PMU,85,0.00242914971248398
3,UPFC_tsh,5-15,-0.23531683876615167,41,-0.23533904091090277,MAP_PMU,85,2.220214475109894e-05
4,UPFC_Vse,5-15,0.05994970444123924,41,0.058148021648923076,MAP_PMU,85,0.001801682792316163
5,UPFC_tse,5-15,-2.1575082064746263,41,-2.1452626109895707,MAP_PMU,85,0.01224559548505555
0,x_tcsc,1-14,-0.11043036715398663,42,-0.11040985282864853,MAP_PMU,85,2.0514325338102934e-05
1,B_svc,2,0.1811698718824672,42,0.18126553449427296,MAP_PMU,85,9.566261180576907e-05
2,UPFC_Vsh,5-15,1.1078022794795237,42,1.1098607262901983,MAP_PMU,85,0.0020584468106745746
3,UPFC_tsh,5-15,-0.23537509342964041,42,-0.23533904091090277,MAP_PMU,85,3.605251873764481e-05
4,UPFC_Vse,5-15,0.05952033423117367,42,0.058148021648923076,MAP_PMU,85,0.0013723125822505955
5,UPFC_tse,5-15,-2.146584698244753,42,-2.1452626109895707,MAP_PMU,85,0.001322087255182236
0,x_tcsc,1-14,-0.11040447562355778,43,-0.11040985282864853,MAP_PMU,85,5.377205090750792e-06
1,B_svc,2,0.18106454799083024,43,0.18126553449427296,MAP_PMU,85,0.0002009865034427183
2,UPFC_Vsh,5-15,1.1075545938643487,43,1.1098607262901983,MAP_PMU,85,0.0023061324258495386
3,UPFC_tsh,5-15,-0.23537448642375502,43,-0.23533904091090277,MAP_PMU,85,3.544551285225572e-05
4,UPFC_Vse,5-15,0.059824179891961884,43,0.058148021648923076,MAP_PMU,85,0.0016761582430388083
5,UPFC_tse,5-15,-2.1610674632764293,43,-2.1452626109895707,MAP_PMU,85,0.015804852286858573
0,x_tcsc,1-14,-0.11042474402295921,44,-0.11040985282864853,MAP_PMU,85,1.4891194310681644e-05
1,B_svc,2,0.1809481574826186,44,0.18126553449427296,MAP_PMU,85,0.0003173770116543517
2,UPFC_Vsh,5-15,1.1074143250535422,44,1.1098607262901983,MAP_PMU,85,0.0024464012366560706
3,UPFC_tsh,5-15,-0.23535502767100558,44,-0.23533904091090277,MAP_PMU,85,1.598676010280964e-05
4,UPFC_Vse,5-15,0.05944901040446464,44,0.058148021648923076,MAP_PMU,85,0.0013009887555415628
5,UPFC_tse,5-15,-2.1578381837193543,44,-2.1452626109895707,MAP_PMU,85,0.012575572729783602
0,x_tcsc,1-14,-0.11041427895718318,45,-0.11040985282864853,MAP_PMU,85,4.426128534656959e-06
1,B_svc,2,0.18133120930057045,45,0.18126553449427296,MAP_PMU,85,6.567480629748879e-05
2,UPFC_Vsh,5-15,1.1073229434961405,45,1.1098607262901983,MAP_PMU,85,0.002537782794057808
3,UPFC_tsh,5-15,-0.235472000709451,45,-0.23533904091090277,MAP_PMU,85,0.00013295979854824336
4,UPFC_Vse,5-15,0.05993117194502616,45,0.058148021648923076,MAP_PMU,85,0.0017831502961030837
5,UPFC_tse,5-15,-2.1684565622163996,45,-2.1452626109895707,MAP_PMU,85,0.02319395122682888
0,x_tcsc,1-14,-0.11042232429191283,46,-0.11040985282864853,MAP_PMU,85,1.247146326430193e-05
1,B_svc,2,0.1815778119431232,46,0.18126553449427296,MAP_PMU,85,0.00031227744885023445
2,UPFC_Vsh,5-15,1.1073964627979191,46,1.1098607262901983,MAP_PMU,85,0.0024642634922791284
3,UPFC_tsh,5-15,-0.23541888914977255,46,-0.23533904091090277,MAP_PMU,85,7.984823886977854e-05
4,UPFC_Vse,5-15,0.05998274380198633,46,0.058148021648923076,MAP_PMU,85,0.0018347221530632535
5,UPFC_tse,5-15,-2.176076162555715,46,-2.1452626109895707,MAP_PMU,85,0.03081355156614407
0,x_tcsc,1-14,-0.11044033075495735,47,-0.11040985282864853,MAP_PMU,85,3.047792630882229e-05
1,B_svc,2,0.18107949530563597,47,0.18126553449427296,MAP_PMU,85,0.00018603918863699387
2,UPFC_Vsh,5-15,1.1071595727188266,47,1.1098607262901983,MAP_PMU,85,0.002701153571371684
3,UPFC_tsh,5-15,-0.23539036500868585,47,-0.23533904091090277,MAP_PMU,85,5.132409778307867e-05
4,UPFC_Vse,5-15,0.0597006179826477,47,0.058148021648923076,MAP_PMU,85,0.0015525963337246207
5,UPFC_tse,5-15,-2.1519841492654903,47,-2.1452626109895707,MAP_PMU,85,0.006721538275919592
0,x_tcsc,1-14,-0.11042042859002958,48,-0.11040985282864853,MAP_PMU,85,1.0575761381054205e-05
1,B_svc,2,0.18100213860692552,48,0.18126553449427296,MAP_PMU,85,0.0002633958873474451
2,UPFC_Vsh,5-15,1.107945990933264,48,1.1098607262901983,MAP_PMU,85,0.0019147353569342052
3,UPFC_tsh,5-15,-0.23531855195760704,48,-0.23533904091090277,MAP_PMU,85,2.048895329573308e-05
4,UPFC_Vse,5-15,0.0595487532894101,48,0.058148021648923076,MAP_PMU,85,0.0014007316404870268
5,UPFC_tse,5-15,-2.155960347332065,48,-2.1452626109895707,MAP_PMU,85,0.01069773634249449
0,x_tcsc,1-14,-0.11043894593650538,49,-0.11040985282864853,MAP_PMU,85,2.909310785685626e-05
1,B_svc,2,0.18085594718427375,49,0.18126553449427296,MAP_PMU,85,0.0004095873099992098
2,UPFC_Vsh,5-15,1.107723949349029,49,1.1098607262901983,MAP_PMU,85,0.002136776941169316
3,UPFC_tsh,5-15,-0.23532184831577388,49,-0.23533904091090277,MAP_PMU,85,1.719259512888982e-05
4,UPFC_Vse,5-15,0.05975060704984511,49,0.058148021648923076,MAP_PMU,85,0.0016025854009220353
5,UPFC_tse,5-15,-2.155237492366844,49,-2.1452626109895707,MAP_PMU,85,0.009974881377273093
0,x_tcsc,1-14,-0.11041190836835128,50,-0.11040985282864853,MAP_PMU,85,2.0555397027555156e-06
1,B_svc,2,0.18099429386512178,50,0.18126553449427296,MAP_PMU,85,0.0002712406291511815
2,UPFC_Vsh,5-15,1.1076982532235324,50,1.1098607262901983,MAP_PMU,85,0.0021624730666658376
3,UPFC_tsh,5-15,-0.23541226773600932,50,-0.23533904091090277,MAP_PMU,85,7.322682510654821e-05
4,UPFC_Vse,5-15,0.0597385001302103,50,0.058148021648923076,MAP_PMU,85,0.0015904784812872247
5,UPFC_tse,5-15,-2.1602319577942866,50,-2.1452626109895707,MAP_PMU,85,0.014969346804715844
0,x_tcsc,1-14,-0.11042399539250841,51,-0.11040985282864853,MAP_PMU,85,1.4142563859884105e-05
1,B_svc,2,0.1811921487944073,51,0.18126553449427296,MAP_PMU,85,7.338569986567456e-05
2,UPFC_Vsh,5-15,1.10740469248537,51,1.1098607262901983,MAP_PMU,85,0.0024560338048282837
3,UPFC_tsh,5-15,-0.23543014048401514,51,-0.23533904091090277,MAP_PMU,85,9.109957311237427e-05
4,UPFC_Vse,5-15,0.05987474379852369,51,0.058148021648923076,MAP_PMU,85,0.0017267221496006166
5,UPFC_tse,5-15,-2.1608547682442616,51,-2.1452626109895707,MAP_PMU,85,0.015592157254690875
0,x_tcsc,1-14,-0.11039162045000676,52,-0.11040985282864853,MAP_PMU,85,1.8232378641763747e-05
1,B_svc,2,0.18135563354663756,52,0.18126553449427296,MAP_PMU,85,9.009905236459503e-05
2,UPFC_Vsh,5-15,1.1072734862085778,52,1.1098607262901983,MAP_PMU,85,0.002587240081620479
3,UPFC_tsh,5-15,-0.23539167226737354,52,-0.23533904091090277,MAP_PMU,85,5.2631356470767e-05
4,UPFC_Vse,5-15,0.05983890471321346,52,0.058148021648923076,MAP_PMU,85,0.0016908830642903827
5,UPFC_tse,5-15,-2.1594481781464365,52,-2.1452626109895707,MAP_PMU,85,0.014185567156865808
0,x_tcsc,1-14,-0.11046258632218896,53,-0.11040985282864853,MAP_PMU,85,5.273349354043e-05
1,B_svc,2,0.1816002376531677,53,0.18126553449427296,MAP_PMU,85,0.0003347031588947502
2,UPFC_Vsh,5-15,1.107832064599296,53,1.1098607262901983,MAP_PMU,85,0.0020286616909022115
3,UPFC_tsh,5-15,-0.23532406289104985,53,-0.23533904091090277,MAP_PMU,85,1.4978019852923685e-05
4,UPFC_Vse,5-15,0.05951591489423277,53,0.058148021648923076,MAP_PMU,85,0.0013678932453096912
5,UPFC_tse,5-15,-2.151227852473535,53,-2.1452626109895707,MAP_PMU,85,0.0059652414839641565
0,x_tcsc,1-14,-0.11040193252471318,54,-0.11040985282864853,MAP_PMU,85,7.920303935343709e-06
1,B_svc,2,0.18153481571800015,54,0.18126553449427296,MAP_PMU,85,0.00026928122372718577
2,UPFC_Vsh,5-15,1.1074066495614132,54,1.1098607262901983,MAP_PMU,85,0.0024540767287850596
3,UPFC_tsh,5-15,-0.23543002260966828,54,-0.23533904091090277,MAP_PMU,85,9.098169876550766e-05
4,UPFC_Vse,5-15,0.05999668096686045,54,0.058148021648923076,MAP_PMU,85,0.0018486593179373734
5,UPFC_tse,5-15,-2.1540607864186194,54,-2.1452626109895707,MAP_PMU,85,0.008798175429048705
0,x_tcsc,1-14,-0.11041234247120182,55,-0.11040985282864853,MAP_PMU,85,2.489642553296645e-06
1,B_svc,2,0.1816850763315176,55,0.18126553449427296,MAP_PMU,85,0.00041954183724463023
2,UPFC_Vsh,5-15,1.1073040485688999,55,1.1098607262901983,MAP_PMU,85,0.002556677721298417
3,UPFC_tsh,5-15,-0.23540634015959636,55,-0.23533904091090277,MAP_PMU,85,6.729924869358639e-05
4,UPFC_Vse,5-15,0.05969400683255089,55,0.058148021648923076,MAP_PMU,85,0.001545985183627814
5,UPFC_tse,5-15,-2.160367225019387,55,-2.1452626109895707,MAP_PMU,85,0.015104614029816332
0,x_tcsc,1-14,-0.1104420179028205,56,-0.11040985282864853,MAP_PMU,85,3.2165074171974783e-05
1,B_svc,2,0.18121290240341414,56,0.18126553449427296,MAP_PMU,85,5.263209085881737e-05
2,UPFC_Vsh,5-15,1.107848871790764,56,1.1098607262901983,MAP_PMU,85,0.002011854499434307
3,UPFC_tsh,5-15,-0.23531052296234636,56,-0.23533904091090277,MAP_PMU,85,2.851794855640577e-05
4,UPFC_Vse,5-15,0.05970850748143709,56,0.058148021648923076,MAP_PMU,85,0.0015604858325140164
5,UPFC_tse,5-15,-2.152959459550311,56,-2.1452626109895707,MAP_PMU,85,0.007696848560740488
0,x_tcsc,1-14,-0.11042799289271371,57,-0.11040985282864853,MAP_PMU,85,1.8140064065183537e-05
1,B_svc,2,0.1809058326920375,57,0.18126553449427296,MAP_PMU,85,0.00035970180223546255
2,UPFC_Vsh,5-15,1.1078681034775164,57,1.1098607262901983,MAP_PMU,85,0.0019926228126818657
3,UPFC_tsh,5-15,-0.23530710264553514,57,-0.23533904091090277,MAP_PMU,85,3.1938265367625895e-05
4,UPFC_Vse,5-15,0.0592998855350788,57,0.058148021648923076,MAP_PMU,85,0.0011518638861557212
5,UPFC_tse,5-15,-2.1602373717226784,57,-2.1452626109895707,MAP_PMU,85,0.014974760733107662
0,x_tcsc,1-14,-0.1104350654868885,58,-0.11040985282864853,MAP_PMU,85,2.5212658239973096e-05
1,B_svc,2,0.18103269863726743,58,0.18126553449427296,MAP_PMU,85,0.00023283585700553666
2,UPFC_Vsh,5-15,1.1076981562245687,58,1.1098607262901983,MAP_PMU,85,0.0021625700656295876
3,UPFC_tsh,5-15,-0.23536249058009834,58,-0.23533904091090277,MAP_PMU,85,2.344966919556879e-05
4,UPFC_Vse,5-15,0.05995657764865832,58,0.058148021648923076,MAP_PMU,85,0.0018085559997352424
5,UPFC_tse,5-15,-2.156342394350952,58,-2.1452626109895707,MAP_PMU,85,0.011079783361381157
0,x_tcsc,1-14,-0.11043539433011888,59,-0.11040985282864853,MAP_PMU,85,2.5541501470355277e-05
1,B_svc,2,0.18089669935655153,59,0.18126553449427296,MAP_PMU,85,0.0003688351377214294
2,UPFC_Vsh,5-15,1.1073867797367907,59,1.1098607262901983,MAP_PMU,85,0.002473946553407602
3,UPFC_tsh,5-15,-0.23532518339878272,59,-0.23533904091090277,MAP_PMU,85,1.3857512120046822e-05
4,UPFC_Vse,5-15,0.05997444184987787,59,0.058148021648923076,MAP_PMU,85,0.0018264202009547967
5,UPFC_tse,5-15,-2.1657494203308003,59,-2.1452626109895707,MAP_PMU,85,0.020486809341229595
0,x_tcsc,1-14,-0.11040868773783842,60,-0.11040985282864853,MAP_PMU,85,1.1650908101068502e-06
1,B_svc,2,0.18156845995840726,60,0.18126553449427296,MAP_PMU,85,0.000302925464134296
2,UPFC_Vsh,5-15,1.1078088320218116,60,1.1098607262901983,MAP_PMU,85,0.0020518942683867003
3,UPFC_tsh,5-15,-0.23545173088295496,60,-0.23533904091090277,MAP_PMU,85,0.00011268997205218789
4,UPFC_Vse,5-15,0.05976301380033398,60,0.058148021648923076,MAP_PMU,85,0.0016149921514109072
5,UPFC_tse,5-15,-2.1602791579265785,60,-2.1452626109895707,MAP_PMU,85,0.015016546937007824
0,x_tcsc,1-14,-0.11044312106126218,61,-0.11040985282864853,MAP_PMU,85,3.3268232613653526e-05
1,B_svc,2,0.18146333877539902,61,0.18126553449427296,MAP_PMU,85,0.00019780428112606274
2,UPFC_Vsh,5-15,1.1077940454468995,61,1.1098607262901983,MAP_PMU,85,0.0020666808432987516
3,UPFC_tsh,5-15,-0.23531071880673374,61,-0.23533904091090277,MAP_PMU,85,2.8322104169031803e-05
4,UPFC_Vse,5-15,0.059637800748348076,61,0.058148021648923076,MAP_PMU,85,0.0014897790994249996
5,UPFC_tse,5-15,-2.1532653467959952,61,-2.1452626109895707,MAP_PMU,85,0.008002735806424521
0,x_tcsc,1-14,-0.11040316174260377,62,-0.11040985282864853,MAP_PMU,85,6.691086044757766e-06
1,B_svc,2,0.18131296738969663,62,0.18126553449427296,MAP_PMU,85,4.74328954236658e-05
2,UPFC_Vsh,5-15,1.1073073375071065,62,1.1098607262901983,MAP_PMU,85,0.002553388783091748
3,UPFC_tsh,5-15,-0.23538523700533312,62,-0.23533904091090277,MAP_PMU,85,4.6196094430350776e-05
4,UPFC_Vse,5-15,0.05941946479401383,62,0.058148021648923076,MAP_PMU,85,0.001271443145090756
5,UPFC_tse,5-15,-2.162569579116916,62,-2.1452626109895707,MAP_PMU,85,0.017306968127345446
0,x_tcsc,1-14,-0.11041634876082902,63,-0.11040985282864853,MAP_PMU,85,6.495932180494712e-06
1,B_svc,2,0.1814445030720956,63,0.18126553449427296,MAP_PMU,85,0.00017896857782262465
2,UPFC_Vsh,5-15,1.1076642614956975,63,1.1098607262901983,MAP_PMU,85,0.002196464794500752
3,UPFC_tsh,5-15,-0.23536736439594805,63,-0.23533904091090277,MAP_PMU,85,2.8323485045278485e-05
4,UPFC_Vse,5-15,0.05912095380821102,63,0.058148021648923076,MAP_PMU,85,0.0009729321592879467
5,UPFC_tse,5-15,-2.15731716272505,63,-2.1452626109895707,MAP_PMU,85,0.012054551735479091
0,x_tcsc,1-14,-0.11043136469493924,64,-0.11040985282864853,MAP_PMU,85,2.151186629070767e-05
1,B_svc,2,0.18105846652191238,64,0.18126553449427296,MAP_PMU,85,0.00020706797236058616
2,UPFC_Vsh,5-15,1.1075918167681031,64,1.1098607262901983,MAP_PMU,85,0.0022689095220951305
3,UPFC_tsh,5-15,-0.23536744632123782,64,-0.23533904091090277,MAP_PMU,85,2.840541033505284e-05
4,UPFC_Vse,5-15,0.05975717616295458,64,0.058148021648923076,MAP_PMU,85,0.0016091545140315064
5,UPFC_tse,5-15,-2.154627677899108,64,-2.1452626109895707,MAP_PMU,85,0.009365066909537312
0,x_tcsc,1-14,-0.11043744098713676,65,-0.11040985282864853,MAP_PMU,85,2.7588158488231485e-05
1,B_svc,2,0.18111443064228908,65,0.18126553449427296,MAP_PMU,85,0.00015110385198388587
2,UPFC_Vsh,5-15,1.107887391104239,65,1.1098607262901983,MAP_PMU,85,0.001973335185959213
3,UPFC_tsh,5-15,-0.23537173486610743,65,-0.23533904091090277,MAP_PMU,85,3.269395520466567e-05
4,UPFC_Vse,5-15,0.05965553238814953,65,0.058148021648923076,MAP_PMU,85,0.0015075107392264545
5,UPFC_tse,5-15,-2.1507812833479503,65,-2.1452626109895707,MAP_PMU,85,0.0055186723583795505
0,x_tcsc,1-14,-0.11039785484885627,66,-0.11040985282864853,MAP_PMU,85,1.1997979792260915e-05
1,B_svc,2,0.18151805817957758,66,0.18126553449427296,MAP_PMU,85,0.0002525236853046231
2,UPFC_Vsh,5-15,1.1075989238166206,66,1.1098607262901983,MAP_PMU,85,0.0022618024735776565
3,UPFC_tsh,5-15,-0.23539359331966914,66,-0.23533904091090277,MAP_PMU,85,5.4552408766367355e-05
4,UPFC_Vse,5-15,0.05987720536241645,66,0.058148021648923076,MAP_PMU,85,0.0017291837134933707
5,UPFC_tse,5-15,-2.1587760465450363,66,-2.1452626109895707,MAP_PMU,85,0.01351343555546558
0,x_tcsc,1-14,-0.11042406871620004,67,-0.11040985282864853,MAP_PMU,85,1.421588755151637e-05
1,B_svc,2,0.18128132955305962,67,0.18126553449427296,MAP_PMU,85,1.5795058786655103e-05
2,UPFC_Vsh,5-15,1.1077487835907158,67,1.1098607262901983,MAP_PMU,85,0.0021119426994824497
3,UPFC_tsh,5-15,-0.2353249996574964,67,-0.23533904091090277,MAP_PMU,85,1.4041253406371634e-05
4,UPFC_Vse,5-15,0.059821586070706964,67,0.058148021648923076,MAP_PMU,85,0.001673564421783888
5,UPFC_tse,5-15,-2.155797802108518,67,-2.1452626109895707,MAP_PMU,85,0.010535191118947296
0,x_tcsc,1-14,-0.11046018524909425,68,-0.11040985282864853,MAP_PMU,85,5.033242044572006e-05
1,B_svc,2,0.18156087672498478,68,0.18126553449427296,MAP_PMU,85,0.00029534223071181476
2,UPFC_Vsh,5-15,1.107525672520735,68,1.1098607262901983,MAP_PMU,85,0.0023350537694633022
3,UPFC_tsh,5-15,-0.23535854028984554,68,-0.23533904091090277,MAP_PMU,85,1.9499378942772205e-05
4,UPFC_Vse,5-15,0.059913245912860257,68,0.058148021648923076,MAP_PMU,85,0.0017652242639371804
5,UPFC_tse,5-15,-2.1602219747895104,68,-2.1452626109895707,MAP_PMU,85,0.014959363799939673
0,x_tcsc,1-14,-0.11042655614418351,69,-0.11040985282864853,MAP_PMU,85,1.6703315534979946e-05
1,B_svc,2,0.18149350550417892,69,0.18126553449427296,MAP_PMU,85,0.00022797100990595842
2,UPFC_Vsh,5-15,1.1078809852052747,69,1.1098607262901983,MAP_PMU,85,0.001979741084923603
3,UPFC_tsh,5-15,-0.2354388531273535,69,-0.23533904091090277,MAP_PMU,85,9.981221645072313e-05
4,UPFC_Vse,5-15,0.059256900308348875,69,0.058148021648923076,MAP_PMU,85,0.0011088786594257993
5,UPFC_tse,5-15,-2.1680628028990574,69,-2.1452626109895707,MAP_PMU,85,0.022800191909486678
0,x_tcsc,1-14,-0.11042766507930768,70,-0.11040985282864853,MAP_PMU,85,1.781225065915215e-05
1,B_svc,2,0.18163593173895232,70,0.18126553449427296,MAP_PMU,85,0.00037039724467935464
2,UPFC_Vsh,5-15,1.1082049302631556,70,1.1098607262901983,MAP_PMU,85,0.0016557960270426886
3,UPFC_tsh,5-15,-0.23538748800544237,70,-0.23533904091090277,MAP_PMU,85,4.8447094539605384e-05
4,UPFC_Vse,5-15,0.059757070086349284,70,0.058148021648923076,MAP_PMU,85,0.0016090484374262082
5,UPFC_tse,5-15,-2.15881901185705,70,-2.1452626109895707,MAP_PMU,85,0.013556400867479113
0,x_tcsc,1-14,-0.11040603975210446,71,-0.11040985282864853,MAP_PMU,85,3.813076544068039e-06
1,B_svc,2,0.18120127132791225,71,0.18126553449427296,MAP_PMU,85,6.426316636071183e-05
2,UPFC_Vsh,5-15,1.1075859411794466,71,1.1098607262901983,MAP_PMU,85,0.0022747851107516315
3,UPFC_tsh,5-15,-0.2353057254786304,71,-0.23533904091090277,MAP_PMU,85,3.331543227236278e-05
4,UPFC_Vse,5-15,0.05918346370568659,71,0.058148021648923076,MAP_PMU,85,0.001035442056763515
5,UPFC_tse,5-15,-2.1555855259266132,71,-2.1452626109895707,MAP_PMU,85,0.010322914937042516
0,x_tcsc,1-14,-0.11043012168788527,72,-0.11040985282864853,MAP_PMU,85,2.0268859236741155e-05
1,B_svc,2,0.18113392853082894,72,0.18126553449427296,MAP_PMU,85,0.00013160596344402586
2,UPFC_Vsh,5-15,1.1078722405352066,72,1.1098607262901983,MAP_PMU,85,0.0019884857549916646
3,UPFC_tsh,5-15,-0.23536176220169616,72,-0.23533904091090277,MAP_PMU,85,2.272129079339269e-05
4,UPFC_Vse,5-15,0.05934797851261922,72,0.058148021648923076,MAP_PMU,85,0.0011999568636961444
5,UPFC_tse,5-15,-2.1577162672534915,72,-2.1452626109895707,MAP_PMU,85,0.01245365626392081
0,x_tcsc,1-14,-0.11041847117854132,73,-0.11040985282864853,MAP_PMU,85,8.618349892797195e-06
1,B_svc,2,0.1809430704959089,73,0.18126553449427296,MAP_PMU,85,0.00032246399836405315
2,UPFC_Vsh,5-15,1.1075747680153627,73,1.1098607262901983,MAP_PMU,85,0.0022859582748355756
3,UPFC_tsh,5-15,-0.2353260152691135,73,-0.23533904091090277,MAP_PMU,85,1.3025641789260467e-05
4,UPFC_Vse,5-15,0.059664307830947685,73,0.058148021648923076,MAP_PMU,85,0.0015162861820246093
5,UPFC_tse,5-15,-2.156260058711414,73,-2.1452626109895707,MAP_PMU,85,0.010997447721843301
0,x_tcsc,1-14,-0.11041808313673486,74,-0.11040985282864853,MAP_PMU,85,8.230308086332183e-06
1,B_svc,2,0.1809672476527696,74,0.18126553449427296,MAP_PMU,85,0.0002982868415033757
2,UPFC_Vsh,5-15,1.107956004026981,74,1.1098607262901983,MAP_PMU,85,0.0019047222632173622
3,UPFC_tsh,5-15,-0.23529161286452954,74,-0.23533904091090277,MAP_PMU,85,4.742804637322684e-05
4,UPFC_Vse,5-15,0.059488486053079374,74,0.058148021648923076,MAP_PMU,85,0.0013404644041562983
5,UPFC_tse,5-15,-2.1466461894536986,74,-2.1452626109895707,MAP_PMU,85,0.0013835784641278437
0,x_tcsc,1-14,-0.11042075487582508,75,-0.11040985282864853,MAP_PMU,85,1.0902047176547525e-05
1,B_svc,2,0.18178139533949841,75,0.18126553449427296,MAP_PMU,85,0.0005158608452254521
2,UPFC_Vsh,5-15,1.107075176467987,75,1.1098607262901983,MAP_PMU,85,0.002785549822211353
3,UPFC_tsh,5-15,-0.23537674999783698,75,-0.23533904091090277,MAP_PMU,85,3.7709086934206715e-05
4,UPFC_Vse,5-15,0.05971513518263984,75,0.058148021648923076,MAP_PMU,85,0.0015671135337167671
5,UPFC_tse,5-15,-2.1633017741460097,75,-2.1452626109895707,MAP_PMU,85,0.018039163156438942
0,x_tcsc,1-14,-0.11043749461162716,76,-0.11040985282864853,MAP_PMU,85,2.7641782978635177e-05
1,B_svc,2,0.18127172075485865,76,0.18126553449427296,MAP_PMU,85,6.186260585683279e-06
2,UPFC_Vsh,5-15,1.1080037695597411,76,1.1098607262901983,MAP_PMU,85,0.00185695673045716
3,UPFC_tsh,5-15,-0.23532735426483917,76,-0.23533904091090277,MAP_PMU,85,1.1686646063602257e-05
4,UPFC_Vse,5-15,0.059847929937443596,76,0.058148021648923076,MAP_PMU,85,0.00169990828852052
5,UPFC_tse,5-15,-2.1521949168734107,76,-2.1452626109895707,MAP_PMU,85,0.006932305883839973
0,x_tcsc,1-14,-0.1104068224036335,77,-0.11040985282864853,MAP_PMU,85,3.030425015024263e-06
1,B_svc,2,0.1813556622254468,77,0.18126553449427296,MAP_PMU,85,9.01277311738391e-05
2,UPFC_Vsh,5-15,1.107414564010375,77,1.1098607262901983,MAP_PMU,85,0.002446162279823305
3,UPFC_tsh,5-15,-0.23543989079204933,77,-0.23533904091090277,MAP_PMU,85,0.00010084988114655857
4,UPFC_Vse,5-15,0.06021483870194492,77,0.058148021648923076,MAP_PMU,85,0.0020668170530218424
5,UPFC_tse,5-15,-2.170560243896345,77,-2.1452626109895707,MAP_PMU,85,0.025297632906774226
0,x_tcsc,1-14,-0.11043321009597348,78,-0.11040985282864853,MAP_PMU,85,2.3357267324955466e-05
1,B_svc,2,0.18097181069310828,78,0.18126553449427296,MAP_PMU,85,0.0002937238011646859
2,UPFC_Vsh,5-15,1.107816532552949,78,1.1098607262901983,MAP_PMU,85,0.002044193737249289
3,UPFC_tsh,5-15,-0.23534842231539552,78,-0.23533904091090277,MAP_PMU,85,9.381404492747603e-06
4,UPFC_Vse,5-15,0.059493852267533426,78,0.058148021648923076,MAP_PMU,85,0.0013458306186103497
5,UPFC_tse,5-15,-2.153756042590338,78,-2.1452626109895707,MAP_PMU,85,0.00849343160076721
0,x_tcsc,1-14,-0.11040235199142384,79,-0.11040985282864853,MAP_PMU,85,7.5008372246859745e-06
1,B_svc,2,0.1813072571586411,79,0.18126553449427296,MAP_PMU,85,4.1722664368137874e-05
2,UPFC_Vsh,5-15,1.1077669843057136,79,1.1098607262901983,MAP_PMU,85,0.0020937419844846428
3,UPFC_tsh,5-15,-0.23537611064548558,79,-0.23533904091090277,MAP_PMU,85,3.706973458281193e-05
4,UPFC_Vse,5-15,0.05946554251993049,79,0.058148021648923076,MAP_PMU,85,0.0013175208710074146
5,UPFC_tse,5-15,-2.160332578271896,79,-2.1452626109895707,MAP_PMU,85,0.015069967282325347
0,x_tcsc,1-14,-0.11040585660718227,80,-0.11040985282864853,MAP_PMU,85,3.996221466254224e-06
1,B_svc,2,0.18113461875598755,80,0.18126553449427296,MAP_PMU,85,0.00013091573828541425
2,UPFC_Vsh,5-15,1.107306127525355,80,1.1098607262901983,MAP_PMU,85,0.002554598764843208
3,UPFC_tsh,5-15,-0.2354445903143668,80,-0.23533904091090277,MAP_PMU,85,0.00010554940346402253
4,UPFC_Vse,5-15,0.059848788720451705,80,0.058148021648923076,MAP_PMU,85,0.001700767071528629
5,UPFC_tse,5-15,-2.16637765776768,80,-2.1452626109895707,MAP_PMU,85,0.02111504677810938
0,x_tcsc,1-14,-0.11043197306314012,81,-0.11040985282864853,MAP_PMU,85,2.2120234491593282e-05
1,B_svc,2,0.18076638799245368,81,0.18126553449427296,MAP_PMU,85,0.0004991465018192864
2,UPFC_Vsh,5-15,1.1077453342127352,81,1.1098607262901983,MAP_PMU,85,0.0021153920774630297
3,UPFC_tsh,5-15,-0.23539554325465456,81,-0.23533904091090277,MAP_PMU,85,5.650234375179086e-05
4,UPFC_Vse,5-15,0.06018833383891103,81,0.058148021648923076,MAP_PMU,85,0.0020403121899879514
5,UPFC_tse,5-15,-2.1645204442421555,81,-2.1452626109895707,MAP_PMU,85,0.01925783325258479
0,x_tcsc,1-14,-0.11041359847227142,82,-0.11040985282864853,MAP_PMU,85,3.7456436228905376e-06
1,B_svc,2,0.18117533736537567,82,0.18126553449427296,MAP_PMU,85,9.019712889729581e-05
2,UPFC_Vsh,5-15,1.1075521893938918,82,1.1098607262901983,MAP_PMU,85,0.002308536896306501
3,UPFC_tsh,5-15,-0.23540939977324682,82,-0.23533904091090277,MAP_PMU,85,7.035886234404987e-05
4,UPFC_Vse,5-15,0.05975283042188931,82,0.058148021648923076,MAP_PMU,85,0.001604808772966232
5,UPFC_tse,5-15,-2.160363756183788,82,-2.1452626109895707,MAP_PMU,85,0.015101145194217125
0,x_tcsc,1-14,-0.11041421454403882,83,-0.11040985282864853,MAP_PMU,85,4.36171539029695e-06
1,B_svc,2,0.18130351143590087,83,0.18126553449427296,MAP_PMU,85,3.7976941627909655e-05
2,UPFC_Vsh,5-15,1.1076750193608216,83,1.1098607262901983,MAP_PMU,85,0.002185706929376696
3,UPFC_tsh,5-15,-0.23544303107381817,83,-0.23533904091090277,MAP_PMU,85,0.00010399016291540164
4,UPFC_Vse,5-15,0.05991220319721206,83,0.058148021648923076,MAP_PMU,85,0.0017641815482889872
5,UPFC_tse,5-15,-2.161586606374278,83,-2.1452626109895707,MAP_PMU,85,0.016323995384707413
0,x_tcsc,1-14,-0.11043275059380117,84,-0.11040985282864853,MAP_PMU,85,2.2897765152643523e-05
1,B_svc,2,0.18141253817854835,84,0.18126553449427296,MAP_PMU,85,0.000147003684275393
2,UPFC_Vsh,5-15,1.1076182430650685,84,1.1098607262901983,MAP_PMU,85,0.0022424832251297655
3,UPFC_tsh,5-15,-0.2353313004253846,84,-0.23533904091090277,MAP_PMU,85,7.740485518159534e-06
4,UPFC_Vse,5-15,0.05960007677791876,84,0.058148021648923076,MAP_PMU,85,0.001452055128995683
5,UPFC_tse,5-15,-2.1548733779007265,84,-2.1452626109895707,MAP_PMU,85,0.00961076691115581
0,x_tcsc,1-14,-0.11042639203227513,85,-0.11040985282864853,MAP_PMU,85,1.6539203626597665e-05
1,B_svc,2,0.180914125458549,85,0.18126553449427296,MAP_PMU,85,0.00035140903572394855
2,UPFC_Vsh,5-15,1.1077213529417727,85,1.1098607262901983,MAP_PMU,85,0.0021393733484256217
3,UPFC_tsh,5-15,-0.2353495087078256,85,-0.23533904091090277,MAP_PMU,85,1.0467796922819517e-05
4,UPFC_Vse,5-15,0.05975886079493217,85,0.058148021648923076,MAP_PMU,85,0.0016108391460090965
5,UPFC_tse,5-15,-2.1538754316695985,85,-2.1452626109895707,MAP_PMU,85,0.008612820680027777
0,x_tcsc,1-14,-0.11043000006031875,86,-0.11040985282864853,MAP_PMU,85,2.014723167022281e-05
1,B_svc,2,0.18108702575611163,86,0.18126553449427296,MAP_PMU,85,0.0001785087381613315
2,UPFC_Vsh,5-15,1.107709784161083,86,1.1098607262901983,MAP_PMU,85,0.002150942129115263
3,UPFC_tsh,5-15,-0.23534322994400028,86,-0.23533904091090277,MAP_PMU,85,4.189033097512507e-06
4,UPFC_Vse,5-15,0.05994749085428777,86,0.058148021648923076,MAP_PMU,85,0.0017994692053646955
5,UPFC_tse,5-15,-2.1646192931660453,86,-2.1452626109895707,MAP_PMU,85,0.01935668217647457
0,x_tcsc,1-14,-0.11040957100035909,87,-0.11040985282864853,MAP_PMU,85,2.8182828944178784e-07
1,B_svc,2,0.18105496564115137,87,0.18126553449427296,MAP_PMU,85,0.00021056885312159546
2,UPFC_Vsh,5-15,1.1075814780307645,87,1.1098607262901983,MAP_PMU,85,0.0022792482594338193
3,UPFC_tsh,5-15,-0.2353829219954329,87,-0.23533904091090277,MAP_PMU,85,4.388108453012851e-05
4,UPFC_Vse,5-15,0.06000267913429436,87,0.058148021648923076,MAP_PMU,85,0.0018546574853712805
5,UPFC_tse,5-15,-2.1644839615803932,87,-2.1452626109895707,MAP_PMU,85,0.019221350590822528
0,x_tcsc,1-14,-0.11040569258152436,88,-0.11040985282864853,MAP_PMU,85,4.160247124171401e-06
1,B_svc,2,0.18097301749576694,88,0.18126553449427296,MAP_PMU,85,0.00029251699850602053
2,UPFC_Vsh,5-15,1.1078093641541356,88,1.1098607262901983,MAP_PMU,85,0.0020513621360627177
3,UPFC_tsh,5-15,-0.23540624775740454,88,-0.23533904091090277,MAP_PMU,85,6.720684650177167e-05
4,UPFC_Vse,5-15,0.05923732048048938,88,0.058148021648923076,MAP_PMU,85,0.0010892988315663044
5,UPFC_tse,5-15,-2.161995544047714,88,-2.1452626109895707,MAP_PMU,85,0.016732933058143384
0,x_tcsc,1-14,-0.11043242256756304,89,-0.11040985282864853,MAP_PMU,85,2.256973891451297e-05
1,B_svc,2,0.18098192807701108,89,0.18126553449427296,MAP_PMU,85,0.0002836064172618835
2,UPFC_Vsh,5-15,1.1076975117787835,89,1.1098607262901983,MAP_PMU,85,0.0021632145114147683
3,UPFC_tsh,5-15,-0.23537006954817863,89,-0.23533904091090277,MAP_PMU,85,3.102863727585947e-05
4,UPFC_Vse,5-15,0.059514180855435764,89,0.058148021648923076,MAP_PMU,85,0.0013661592065126876
5,UPFC_tse,5-15,-2.158939009390014,89,-2.1452626109895707,MAP_PMU,85,0.013676398400443102
0,x_tcsc,1-14,-0.11043536106932118,90,-0.11040985282864853,MAP_PMU,85,2.550824067265589e-05
1,B_svc,2,0.18158052486989448,90,0.18126553449427296,MAP_PMU,85,0.0003149903756215211
2,UPFC_Vsh,5-15,1.1079571452325963,90,1.1098607262901983,MAP_PMU,85,0.0019035810576020218
3,UPFC_tsh,5-15,-0.23532021529224384,90,-0.23533904091090277,MAP_PMU,85,1.8825618658929733e-05
4,UPFC_Vse,5-15,0.05928760328939097,90,0.058148021648923076,MAP_PMU,85,0.0011395816404678946
5,UPFC_tse,5-15,-2.154119047158665,90,-2.1452626109895707,MAP_PMU,85,0.008856436169094373
0,x_tcsc,1-14,-0.11042142115481045,91,-0.11040985282864853,MAP_PMU,85,1.1568326161920384e-05
1,B_svc,2,0.18086492056892914,91,0.18126553449427296,MAP_PMU,85,0.00040061392534382345
2,UPFC_Vsh,5-15,1.1079055137916032,91,1.1098607262901983,MAP_PMU,85,0.0019552124985950936
3,UPFC_tsh,5-15,-0.23532202437012553,91,-0.23533904091090277,MAP_PMU,85,1.7016540777237132e-05
4,UPFC_Vse,5-15,0.05971069945452448,91,0.058148021648923076,MAP_PMU,85,0.0015626778056014035
5,UPFC_tse,5-15,-2.1557577159946404,91,-2.1452626109895707,MAP_PMU,85,0.010495105005069671
0,x_tcsc,1-14,-0.11044023860433444,92,-0.11040985282864853,MAP_PMU,85,3.0385775685912164e-05
1,B_svc,2,0.18113636347030548,92,0.18126553449427296,MAP_PMU,85,0.00012917102396747815
2,UPFC_Vsh,5-15,1.107956300987055,92,1.1098607262901983,MAP_PMU,85,0.0019044253031432756
3,UPFC_tsh,5-15,-0.2353552446912157,92,-0.23533904091090277,MAP_PMU,85,1.6203780312917804e-05
4,UPFC_Vse,5-15,0.059671611545082916,92,0.058148021648923076,MAP_PMU,85,0.0015235898961598396
5,UPFC_tse,5-15,-2.159573075981067,92,-2.1452626109895707,MAP_PMU,85,0.014310464991496463
0,x_tcsc,1-14,-0.11040410652361532,93,-0.11040985282864853,MAP_PMU,85,5.7463050332079435e-06
1,B_svc,2,0.180640560897946,93,0.18126553449427296,MAP_PMU,85,0.0006249735963269609
2,UPFC_Vsh,5-15,1.1077831505090636,93,1.1098607262901983,MAP_PMU,85,0.002077575781134655
3,UPFC_tsh,5-15,-0.2353867982328446,93,-0.23533904091090277,MAP_PMU,85,4.775732194184368e-05
4,UPFC_Vse,5-15,0.0600223293326724,93,0.058148021648923076,MAP_PMU,85,0.0018743076837493267
5,UPFC_tse,5-15,-2.154759247941258,93,-2.1452626109895707,MAP_PMU,85,0.009496636951687343
0,x_tcsc,1-14,-0.1104316947730581,94,-0.11040985282864853,MAP_PMU,85,2.184194440957299e-05
1,B_svc,2,0.18083730388415475,94,0.18126553449427296,MAP_PMU,85,0.0004282306101182076
2,UPFC_Vsh,5-15,1.1077362678428389,94,1.1098607262901983,MAP_PMU,85,0.002124458447359423
3,UPFC_tsh,5-15,-0.23537924853524675,94,-0.23533904091090277,MAP_PMU,85,4.020762434397973e-05
4,UPFC_Vse,5-15,0.059257227160224066,94,0.058148021648923076,MAP_PMU,85,0.0011092055113009897
5,UPFC_tse,5-15,-2.1622647329273694,94,-2.1452626109895707,MAP_PMU,85,0.01700212193779871
0,x_tcsc,1-14,-0.11041875061624104,95,-0.11040985282864853,MAP_PMU,85,8.897787592512807e-06
1,B_svc,2,0.18133771962884088,95,0.18126553449427296,MAP_PMU,85,7.218513456791475e-05
2,UPFC_Vsh,5-15,1.1076509539462696,95,1.1098607262901983,MAP_PMU,85,0.0022097723439287176
3,UPFC_tsh,5-15,-0.2353896293956899,95,-0.23533904091090277,MAP_PMU,85,5.0588484787117416e-05
4,UPFC_Vse,5-15,0.05976825146390587,95,0.058148021648923076,MAP_PMU,85,0.0016202298149827973
5,UPFC_tse,5-15,-2.153678649417918,95,-2.1452626109895707,MAP_PMU,85,0.00841603842834715
0,x_tcsc,1-14,-0.11043493906762138,96,-0.11040985282864853,MAP_PMU,85,2.5086238972849007e-05
1,B_svc,2,0.18187971760695695,96,0.18126553449427296,MAP_PMU,85,0.0006141831126839914
2,UPFC_Vsh,5-15,1.107415049635004,96,1.1098607262901983,MAP_PMU,85,0.002445676655194351
3,UPFC_tsh,5-15,-0.23538776366214353,96,-0.23533904091090277,MAP_PMU,85,4.872275124076508e-05
4,UPFC_Vse,5-15,0.05969332076381943,96,0.058148021648923076,MAP_PMU,85,0.0015452991148963563
5,UPFC_tse,5-15,-2.159913117271094,96,-2.1452626109895707,MAP_PMU,85,0.014650506281523423
0,x_tcsc,1-14,-0.11043096002336414,97,-0.11040985282864853,MAP_PMU,85,2.1107194715611066e-05
1,B_svc,2,0.18129688907807043,97,0.18126553449427296,MAP_PMU,85,3.135458379746603e-05
2,UPFC_Vsh,5-15,1.1074704462373732,97,1.1098607262901983,MAP_PMU,85,0.0023902800528250445
3,UPFC_tsh,5-15,-0.23534763140845782,97,-0.23533904091090277,MAP_PMU,85,8.590497555055476e-06
4,UPFC_Vse,5-15,0.05917206786491522,97,0.058148021648923076,MAP_PMU,85,0.0010240462159921415
5,UPFC_tse,5-15,-2.153817068972391,97,-2.1452626109895707,MAP_PMU,85,0.008554457982820285
0,x_tcsc,1-14,-0.11042216107274623,98,-0.11040985282864853,MAP_PMU,85,1.2308244097702925e-05
1,B_svc,2,0.1813165388746212,98,0.18126553449427296,MAP_PMU,85,5.100438034824628e-05
2,UPFC_Vsh,5-15,1.108050938680243,98,1.1098607262901983,MAP_PMU,85,0.0018097876099552046
3,UPFC_tsh,5-15,-0.23529547662380584,98,-0.23533904091090277,MAP_PMU,85,4.35642870969255e-05
4,UPFC_Vse,5-15,0.05953172199673541,98,0.058148021648923076,MAP_PMU,85,0.001383700347812336
5,UPFC_tse,5-15,-2.1580414677553788,98,-2.1452626109895707,MAP_PMU,85,0.012778856765808033
0,x_tcsc,1-14,-0.11043493732999986,99,-0.11040985282864853,MAP_PMU,85,2.5084501351330113e-05
1,B_svc,2,0.18127776887533656,99,0.18126553449427296,MAP_PMU,85,1.22343810635972e-05
2,UPFC_Vsh,5-15,1.1075165973198464,99,1.1098607262901983,MAP_PMU,85,0.0023441289703518553
3,UPFC_tsh,5-15,-0.23540613059265642,99,-0.23533904091090277,MAP_PMU,85,6.708968175364594e-05
4,UPFC_Vse,5-15,0.05988473669146646,99,0.058148021648923076,MAP_PMU,85,0.0017367150425433853
5,UPFC_tse,5-15,-2.157821070348865,99,-2.1452626109895707,MAP_PMU,85,0.01255845935929445
0,x_tcsc,1-14,-0.10865721337654485,0,-0.10863950296660514,MAP_PMU,87,1.771040993971129e-05
1,B_svc,2,0.17882332002291337,0,0.1788025528505323,MAP_PMU,87,2.0767172381086496e-05
2,UPFC_Vsh,5-15,1.1076821014400513,0,1.109897460726115,MAP_PMU,87,0.002215359286063645
3,UPFC_tsh,5-15,-0.2366152954359449,0,-0.23659579559985702,MAP_PMU,87,1.9499836087871758e-05
4,UPFC_Vse,5-15,0.05948324723498635,0,0.058716662229647276,MAP_PMU,87,0.0007665850053390766
5,UPFC_tse,5-15,-2.1634022126932586,0,-2.1554567290017665,MAP_PMU,87,0.007945483691492061
0,x_tcsc,1-14,-0.10870017511336184,1,-0.10863950296660514,MAP_PMU,87,6.067214675670174e-05
1,B_svc,2,0.17885880262647638,1,0.1788025528505323,MAP_PMU,87,5.624977594409497e-05
2,UPFC_Vsh,5-15,1.1074804220959449,1,1.109897460726115,MAP_PMU,87,0.0024170386301700653
3,UPFC_tsh,5-15,-0.2366014114031454,1,-0.23659579559985702,MAP_PMU,87,5.615803288366861e-06
4,UPFC_Vse,5-15,0.06001561615519204,1,0.058716662229647276,MAP_PMU,87,0.0012989539255447644
5,UPFC_tse,5-15,-2.1693993734495978,1,-2.1554567290017665,MAP_PMU,87,0.01394264444783122
0,x_tcsc,1-14,-0.1087066663584643,2,-0.10863950296660514,MAP_PMU,87,6.716339185915132e-05
1,B_svc,2,0.17849751470462863,2,0.1788025528505323,MAP_PMU,87,0.00030503814590365774
2,UPFC_Vsh,5-15,1.1077428326115295,2,1.109897460726115,MAP_PMU,87,0.002154628114585444
3,UPFC_tsh,5-15,-0.23655844410198018,2,-0.23659579559985702,MAP_PMU,87,3.735149787684189e-05
4,UPFC_Vse,5-15,0.060052749763102264,2,0.058716662229647276,MAP_PMU,87,0.0013360875334549882
5,UPFC_tse,5-15,-2.1559739096812742,2,-2.1554567290017665,MAP_PMU,87,0.0005171806795076783
0,x_tcsc,1-14,-0.10873348732400738,3,-0.10863950296660514,MAP_PMU,87,9.39843574022381e-05
1,B_svc,2,0.17921667070390407,3,0.1788025528505323,MAP_PMU,87,0.00041411785337178153
2,UPFC_Vsh,5-15,1.1075491044473456,3,1.109897460726115,MAP_PMU,87,0.0023483562787693923
3,UPFC_tsh,5-15,-0.2366452675685925,3,-0.23659579559985702,MAP_PMU,87,4.94719687354761e-05
4,UPFC_Vse,5-15,0.06020442058368153,3,0.058716662229647276,MAP_PMU,87,0.001487758354034252
5,UPFC_tse,5-15,-2.1706447717215482,3,-2.1554567290017665,MAP_PMU,87,0.015188042719781691
0,x_tcsc,1-14,-0.10871105615757747,4,-0.10863950296660514,MAP_PMU,87,7.155319097232327e-05
1,B_svc,2,0.17955430970187453,4,0.1788025528505323,MAP_PMU,87,0.000751756851342239
2,UPFC_Vsh,5-15,1.107005321062985,4,1.109897460726115,MAP_PMU,87,0.0028921396631298446
3,UPFC_tsh,5-15,-0.23667841457158503,4,-0.23659579559985702,MAP_PMU,87,8.261897172801014e-05
4,UPFC_Vse,5-15,0.05988059253592961,4,0.058716662229647276,MAP_PMU,87,0.0011639303062823333
5,UPFC_tse,5-15,-2.1661647509672455,4,-2.1554567290017665,MAP_PMU,87,0.010708021965478931
0,x_tcsc,1-14,-0.10869303212213058,5,-0.10863950296660514,MAP_PMU,87,5.3529155525436356e-05
1,B_svc,2,0.17845050476930666,5,0.1788025528505323,MAP_PMU,87,0.000352048081225631
2,UPFC_Vsh,5-15,1.1081347796614167,5,1.109897460726115,MAP_PMU,87,0.001762681064698235
3,UPFC_tsh,5-15,-0.23662234491545317,5,-0.23659579559985702,MAP_PMU,87,2.654931559614715e-05
4,UPFC_Vse,5-15,0.060042320220353836,5,0.058716662229647276,MAP_PMU,87,0.0013256579907065594
5,UPFC_tse,5-15,-2.160406502576064,5,-2.1554567290017665,MAP_PMU,87,0.004949773574297378
0,x_tcsc,1-14,-0.10874252938390884,6,-0.10863950296660514,MAP_PMU,87,0.00010302641730369766
1,B_svc,2,0.1788032936702102,6,0.1788025528505323,MAP_PMU,87,7.408196779079557e-07
2,UPFC_Vsh,5-15,1.1074934221023551,6,1.109897460726115,MAP_PMU,87,0.002404038623759819
3,UPFC_tsh,5-15,-0.23665244010381306,6,-0.23659579559985702,MAP_PMU,87,5.664450395603815e-05
4,UPFC_Vse,5-15,0.05949802898451469,6,0.058716662229647276,MAP_PMU,87,0.0007813667548674172
5,UPFC_tse,5-15,-2.1626180566099324,6,-2.1554567290017665,MAP_PMU,87,0.007161327608165902
0,x_tcsc,1-14,-0.10872122399293728,7,-0.10863950296660514,MAP_PMU,87,8.172102633213774e-05
1,B_svc,2,0.17895074976030562,7,0.1788025528505323,MAP_PMU,87,0.00014819690977332933
2,UPFC_Vsh,5-15,1.1076566334262945,7,1.109897460726115,MAP_PMU,87,0.002240827299820447
3,UPFC_tsh,5-15,-0.2366153773125325,7,-0.23659579559985702,MAP_PMU,87,1.9581712675464935e-05
4,UPFC_Vse,5-15,0.059650531159295965,7,0.058716662229647276,MAP_PMU,87,0.0009338689296486888
5,UPFC_tse,5-15,-2.1507786533624196,7,-2.1554567290017665,MAP_PMU,87,0.004678075639346968
0,x_tcsc,1-14,-0.10873801699242268,8,-0.10863950296660514,MAP_PMU,87,9.851402581753654e-05
1,B_svc,2,0.17876836624129766,8,0.1788025528505323,MAP_PMU,87,3.4186609234626575e-05
2,UPFC_Vsh,5-15,1.1076733347786234,8,1.109897460726115,MAP_PMU,87,0.002224125947491551
3,UPFC_tsh,5-15,-0.23659930913029026,8,-0.23659579559985702,MAP_PMU,87,3.5135304332356565e-06
4,UPFC_Vse,5-15,0.05969740010332647,8,0.058716662229647276,MAP_PMU,87,0.0009807378736791939
5,UPFC_tse,5-15,-2.1561969286410094,8,-2.1554567290017665,MAP_PMU,87,0.0007401996392428778
0,x_tcsc,1-14,-0.10870469053302163,9,-0.10863950296660514,MAP_PMU,87,6.518756641649137e-05
1,B_svc,2,0.17876667835331828,9,0.1788025528505323,MAP_PMU,87,3.587449721401126e-05
2,UPFC_Vsh,5-15,1.1073434673815612,9,1.109897460726115,MAP_PMU,87,0.002553993344553751
3,UPFC_tsh,5-15,-0.23662660151868575,9,-0.23659579559985702,MAP_PMU,87,3.080591882873018e-05
4,UPFC_Vse,5-15,0.059888407113141064,9,0.058716662229647276,MAP_PMU,87,0.0011717448834937874
5,UPFC_tse,5-15,-2.1591616958560804,9,-2.1554567290017665,MAP_PMU,87,0.0037049668543138736
0,x_tcsc,1-14,-0.10869152106341089,10,-0.10863950296660514,MAP_PMU,87,5.201809680574487e-05
1,B_svc,2,0.17878907135456806,10,0.1788025528505323,MAP_PMU,87,1.3481495964223766e-05
2,UPFC_Vsh,5-15,1.1076565833608552,10,1.109897460726115,MAP_PMU,87,0.002240877365259797
3,UPFC_tsh,5-15,-0.23660007863186525,10,-0.23659579559985702,MAP_PMU,87,4.28303200822322e-06
4,UPFC_Vse,5-15,0.060756967872885356,10,0.058716662229647276,MAP_PMU,87,0.00204030564323808
5,UPFC_tse,5-15,-2.162726110209839,10,-2.1554567290017665,MAP_PMU,87,0.007269381208072634
0,x_tcsc,1-14,-0.1087126094158755,11,-0.10863950296660514,MAP_PMU,87,7.310644927036036e-05
1,B_svc,2,0.17891541138002065,11,0.1788025528505323,MAP_PMU,87,0.00011285852948836328
2,UPFC_Vsh,5-15,1.1078543057072194,11,1.109897460726115,MAP_PMU,87,0.002043155018895515
3,UPFC_tsh,5-15,-0.23658375484404348,11,-0.23659579559985702,MAP_PMU,87,1.2040755813541582e-05
4,UPFC_Vse,5-15,0.05989524727368769,11,0.058716662229647276,MAP_PMU,87,0.001178585044040413
5,UPFC_tse,5-15,-2.155719046986561,11,-2.1554567290017665,MAP_PMU,87,0.00026231798479425805
0,x_tcsc,1-14,-0.10871552843508314,12,-0.10863950296660514,MAP_PMU,87,7.602546847799985e-05
1,B_svc,2,0.17834413133332788,12,0.1788025528505323,MAP_PMU,87,0.0004584215172044048
2,UPFC_Vsh,5-15,1.1080438419849616,12,1.109897460726115,MAP_PMU,87,0.0018536187411533067
3,UPFC_tsh,5-15,-0.2365384909594208,12,-0.23659579559985702,MAP_PMU,87,5.7304640436212084e-05
4,UPFC_Vse,5-15,0.06027940925385446,12,0.058716662229647276,MAP_PMU,87,0.0015627470242071811
5,UPFC_tse,5-15,-2.1540379065040103,12,-2.1554567290017665,MAP_PMU,87,0.001418822497756267
0,x_tcsc,1-14,-0.10872130718952656,13,-0.10863950296660514,MAP_PMU,87,8.18042229214222e-05
1,B_svc,2,0.1787097754576336,13,0.1788025528505323,MAP_PMU,87,9.277739289867415e-05
2,UPFC_Vsh,5-15,1.1074762005111716,13,1.109897460726115,MAP_PMU,87,0.002421260214943377
3,UPFC_tsh,5-15,-0.2365977898588689,13,-0.23659579559985702,MAP_PMU,87,1.9942590118726677e-06
4,UPFC_Vse,5-15,0.05964612986594481,13,0.058716662229647276,MAP_PMU,87,0.0009294676362975318
5,UPFC_tse,5-15,-2.1624636886770885,13,-2.1554567290017665,MAP_PMU,87,0.007006959675321944
0,x_tcsc,1-14,-0.1087488733513314,14,-0.10863950296660514,MAP_PMU,87,0.00010937038472626226
1,B_svc,2,0.17904209043088581,14,0.1788025528505323,MAP_PMU,87,0.00023953758035352712
2,UPFC_Vsh,5-15,1.1075846809764454,14,1.109897460726115,MAP_PMU,87,0.002312779749669591
3,UPFC_tsh,5-15,-0.2366473600745539,14,-0.23659579559985702,MAP_PMU,87,5.156447469686909e-05
4,UPFC_Vse,5-15,0.059847215561178314,14,0.058716662229647276,MAP_PMU,87,0.0011305533315310382
5,UPFC_tse,5-15,-2.1496783721873194,14,-2.1554567290017665,MAP_PMU,87,0.005778356814447161
0,x_tcsc,1-14,-0.10872448992895592,15,-0.10863950296660514,MAP_PMU,87,8.498696235077763e-05
1,B_svc,2,0.17852614358232602,15,0.1788025528505323,MAP_PMU,87,0.000276409268206268
2,UPFC_Vsh,5-15,1.107606525976467,15,1.109897460726115,MAP_PMU,87,0.0022909347496480326
3,UPFC_tsh,5-15,-0.23665452664245962,15,-0.23659579559985702,MAP_PMU,87,5.873104260259443e-05
4,UPFC_Vse,5-15,0.05931653460271086,15,0.058716662229647276,MAP_PMU,87,0.0005998723730635813
5,UPFC_tse,5-15,-2.151265448404854,15,-2.1554567290017665,MAP_PMU,87,0.004191280596912428
0,x_tcsc,1-14,-0.10874252138324085,16,-0.10863950296660514,MAP_PMU,87,0.00010301841663570843
1,B_svc,2,0.17909406154562174,16,0.1788025528505323,MAP_PMU,87,0.0002915086950894541
2,UPFC_Vsh,5-15,1.107515206273204,16,1.109897460726115,MAP_PMU,87,0.002382254452910848
3,UPFC_tsh,5-15,-0.23671301427282088,16,-0.23659579559985702,MAP_PMU,87,0.00011721867296385358
4,UPFC_Vse,5-15,0.06033796620116742,16,0.058716662229647276,MAP_PMU,87,0.0016213039715201466
5,UPFC_tse,5-15,-2.157045708729569,16,-2.1554567290017665,MAP_PMU,87,0.0015889797278023643
0,x_tcsc,1-14,-0.10870714717644865,17,-0.10863950296660514,MAP_PMU,87,6.764420984350927e-05
1,B_svc,2,0.17884145128584772,17,0.1788025528505323,MAP_PMU,87,3.889843531543202e-05
2,UPFC_Vsh,5-15,1.1075583020231803,17,1.109897460726115,MAP_PMU,87,0.0023391587029346628
3,UPFC_tsh,5-15,-0.23655684855594578,17,-0.23659579559985702,MAP_PMU,87,3.894704391124715e-05
4,UPFC_Vse,5-15,0.0595766653375966,17,0.058716662229647276,MAP_PMU,87,0.0008600031079493212
5,UPFC_tse,5-15,-2.146214907526023,17,-2.1554567290017665,MAP_PMU,87,0.009241821475743706
0,x_tcsc,1-14,-0.10868651912558372,18,-0.10863950296660514,MAP_PMU,87,4.701615897857725e-05
1,B_svc,2,0.17893878714685835,18,0.1788025528505323,MAP_PMU,87,0.00013623429632605988
2,UPFC_Vsh,5-15,1.107565683164678,18,1.109897460726115,MAP_PMU,87,0.0023317775614368763
3,UPFC_tsh,5-15,-0.23662590952258045,18,-0.23659579559985702,MAP_PMU,87,3.0113922723423725e-05
4,UPFC_Vse,5-15,0.05972624429478697,18,0.058716662229647276,MAP_PMU,87,0.0010095820651396942
5,UPFC_tse,5-15,-2.1591158659851875,18,-2.1554567290017665,MAP_PMU,87,0.0036591369834209075
0,x_tcsc,1-14,-0.10866456276804419,19,-0.10863950296660514,MAP_PMU,87,2.5059801439047957e-05
1,B_svc,2,0.17872382879984322,19,0.1788025528505323,MAP_PMU,87,7.87240506890663e-05
2,UPFC_Vsh,5-15,1.107191277167432,19,1.109897460726115,MAP_PMU,87,0.0027061835586830174
3,UPFC_tsh,5-15,-0.2366700619793837,19,-0.23659579559985702,MAP_PMU,87,7.426637952667736e-05
4,UPFC_Vse,5-15,0.0602303722409819,19,0.058716662229647276,MAP_PMU,87,0.0015137100113346222
5,UPFC_tse,5-15,-2.1697945177608724,19,-2.1554567290017665,MAP_PMU,87,0.014337788759105852
0,x_tcsc,1-14,-0.10871506066212767,20,-0.10863950296660514,MAP_PMU,87,7.555769552253233e-05
1,B_svc,2,0.17880095075637384,20,0.1788025528505323,MAP_PMU,87,1.6020941584482529e-06
2,UPFC_Vsh,5-15,1.1081500475533137,20,1.109897460726115,MAP_PMU,87,0.0017474131728012487
3,UPFC_tsh,5-15,-0.23654631410185323,20,-0.23659579559985702,MAP_PMU,87,4.948149800379498e-05
4,UPFC_Vse,5-15,0.0596811921454528,20,0.058716662229647276,MAP_PMU,87,0.0009645299158055204
5,UPFC_tse,5-15,-2.1537510712928447,20,-2.1554567290017665,MAP_PMU,87,0.0017056577089218372
0,x_tcsc,1-14,-0.10869413950119583,21,-0.10863950296660514,MAP_PMU,87,5.463653459068796e-05
1,B_svc,2,0.178774571692506,21,0.1788025528505323,MAP_PMU,87,2.798115802629675e-05
2,UPFC_Vsh,5-15,1.1078176055378501,21,1.109897460726115,MAP_PMU,87,0.002079855188264812
3,UPFC_tsh,5-15,-0.23661853695636753,21,-0.23659579559985702,MAP_PMU,87,2.2741356510508348e-05
4,UPFC_Vse,5-15,0.059814793649130615,21,0.058716662229647276,MAP_PMU,87,0.0010981314194833391
5,UPFC_tse,5-15,-2.16094590056979,21,-2.1554567290017665,MAP_PMU,87,0.005489171568023643
0,x_tcsc,1-14,-0.10871110246826718,22,-0.10863950296660514,MAP_PMU,87,7.159950166203688e-05
1,B_svc,2,0.17880103502647368,22,0.1788025528505323,MAP_PMU,87,1.5178240586055658e-06
2,UPFC_Vsh,5-15,1.1076777453226763,22,1.109897460726115,MAP_PMU,87,0.0022197154034386823
3,UPFC_tsh,5-15,-0.2366173058704255,22,-0.23659579559985702,MAP_PMU,87,2.1510270568486645e-05
4,UPFC_Vse,5-15,0.05970863535474261,22,0.058716662229647276,MAP_PMU,87,0.000991973125095337
5,UPFC_tse,5-15,-2.1588347667355854,22,-2.1554567290017665,MAP_PMU,87,0.0033780377338188394
0,x_tcsc,1-14,-0.10862660633683599,23,-0.10863950296660514,MAP_PMU,87,1.2896629769151846e-05
1,B_svc,2,0.17868067836421317,23,0.1788025528505323,MAP_PMU,87,0.0001218744863191179
2,UPFC_Vsh,5-15,1.1078311171700355,23,1.109897460726115,MAP_PMU,87,0.0020663435560794863
3,UPFC_tsh,5-15,-0.2366630252409397,23,-0.23659579559985702,MAP_PMU,87,6.722964108268892e-05
4,UPFC_Vse,5-15,0.059934127474545,23,0.058716662229647276,MAP_PMU,87,0.001217465244897721
5,UPFC_tse,5-15,-2.1586302197720246,23,-2.1554567290017665,MAP_PMU,87,0.0031734907702580806
0,x_tcsc,1-14,-0.10871234298607259,24,-0.10863950296660514,MAP_PMU,87,7.284001946744612e-05
1,B_svc,2,0.17877356181895898,24,0.1788025528505323,MAP_PMU,87,2.8991031573305515e-05
2,UPFC_Vsh,5-15,1.1077763866477959,24,1.109897460726115,MAP_PMU,87,0.002121074078319074
3,UPFC_tsh,5-15,-0.23660937983824756,24,-0.23659579559985702,MAP_PMU,87,1.358423839054046e-05
4,UPFC_Vse,5-15,0.05969805041374044,24,0.058716662229647276,MAP_PMU,87,0.000981388184093164
5,UPFC_tse,5-15,-2.1641340752835103,24,-2.1554567290017665,MAP_PMU,87,0.00867734628174377
0,x_tcsc,1-14,-0.10870761353642494,25,-0.10863950296660514,MAP_PMU,87,6.811056981979868e-05
1,B_svc,2,0.17880875281187594,25,0.1788025528505323,MAP_PMU,87,6.199961343655858e-06
2,UPFC_Vsh,5-15,1.1071522602715504,25,1.109897460726115,MAP_PMU,87,0.0027452004545645003
3,UPFC_tsh,5-15,-0.23668779023948036,25,-0.23659579559985702,MAP_PMU,87,9.199463962333843e-05
4,UPFC_Vse,5-15,0.06016047204261787,25,0.058716662229647276,MAP_PMU,87,0.001443809812970591
5,UPFC_tse,5-15,-2.171557148665328,25,-2.1554567290017665,MAP_PMU,87,0.01610041966356146
0,x_tcsc,1-14,-0.10869913265455505,26,-0.10863950296660514,MAP_PMU,87,5.962968794991086e-05
1,B_svc,2,0.17886753863457489,26,0.1788025528505323,MAP_PMU,87,6.498578404259825e-05
2,UPFC_Vsh,5-15,1.1081709333064145,26,1.109897460726115,MAP_PMU,87,0.0017265274197004743
3,UPFC_tsh,5-15,-0.2365888525874841,26,-0.23659579559985702,MAP_PMU,87,6.943012372917501e-06
4,UPFC_Vse,5-15,0.05989744628553924,26,0.058716662229647276,MAP_PMU,87,0.001180784055891962
5,UPFC_tse,5-15,-2.1582932731964726,26,-2.1554567290017665,MAP_PMU,87,0.0028365441947060255
0,x_tcsc,1-14,-0.10869487797499675,27,-0.10863950296660514,MAP_PMU,87,5.537500839160325e-05
1,B_svc,2,0.1789314865392745,27,0.1788025528505323,MAP_PMU,87,0.0001289336887421999
2,UPFC_Vsh,5-15,1.1078582604459788,27,1.109897460726115,MAP_PMU,87,0.0020392002801361553
3,UPFC_tsh,5-15,-0.2366109314539401,27,-0.23659579559985702,MAP_PMU,87,1.513585408308149e-05
4,UPFC_Vse,5-15,0.05982556024239802,27,0.058716662229647276,MAP_PMU,87,0.001108898012750742
5,UPFC_tse,5-15,-2.1525267870730618,27,-2.1554567290017665,MAP_PMU,87,0.002929941928704771
0,x_tcsc,1-14,-0.10866354865289513,28,-0.10863950296660514,MAP_PMU,87,2.4045686289983492e-05
1,B_svc,2,0.17852296094577882,28,0.1788025528505323,MAP_PMU,87,0.0002795919047534623
2,UPFC_Vsh,5-15,1.1075163129992003,28,1.109897460726115,MAP_PMU,87,0.0023811477269146675
3,UPFC_tsh,5-15,-0.2366847431061738,28,-0.23659579559985702,MAP_PMU,87,8.894750631677217e-05
4,UPFC_Vse,5-15,0.05983907689825458,28,0.058716662229647276,MAP_PMU,87,0.0011224146686073036
5,UPFC_tse,5-15,-2.173292367935382,28,-2.1554567290017665,MAP_PMU,87,0.017835638933615616
0,x_tcsc,1-14,-0.10868000886076118,29,-0.10863950296660514,MAP_PMU,87,4.0505894156037114e-05
1,B_svc,2,0.17854391254508703,29,0.1788025528505323,MAP_PMU,87,0.00025864030544525685
2,UPFC_Vsh,5-15,1.107668500112217,29,1.109897460726115,MAP_PMU,87,0.002228960613897879
3,UPFC_tsh,5-15,-0.23667819992577604,29,-0.23659579559985702,MAP_PMU,87,8.240432591902214e-05
4,UPFC_Vse,5-15,0.060055770595265165,29,0.058716662229647276,MAP_PMU,87,0.0013391083656178887
5,UPFC_tse,5-15,-2.1646858183665576,29,-2.1554567290017665,MAP_PMU,87,0.009229089364791054
0,x_tcsc,1-14,-0.1086717204602905,30,-0.10863950296660514,MAP_PMU,87,3.2217493685357534e-05
1,B_svc,2,0.1782567357565561,30,0.1788025528505323,MAP_PMU,87,0.0005458170939761919
2,UPFC_Vsh,5-15,1.1074888099252005,30,1.109897460726115,MAP_PMU,87,0.002408650800914458
3,UPFC_tsh,5-15,-0.23659864716824378,30,-0.23659579559985702,MAP_PMU,87,2.85156838675249e-06
4,UPFC_Vse,5-15,0.05973890333161765,30,0.058716662229647276,MAP_PMU,87,0.0010222411019703767
5,UPFC_tse,5-15,-2.1610102445203148,30,-2.1554567290017665,MAP_PMU,87,0.005553515518548213
0,x_tcsc,1-14,-0.10871640813917728,31,-0.10863950296660514,MAP_PMU,87,7.690517257213925e-05
1,B_svc,2,0.1787496259696176,31,0.1788025528505323,MAP_PMU,87,5.292688091468323e-05
2,UPFC_Vsh,5-15,1.1077504913222127,31,1.109897460726115,MAP_PMU,87,0.0021469694039022436
3,UPFC_tsh,5-15,-0.23654448353698992,31,-0.23659579559985702,MAP_PMU,87,5.131206286709822e-05
4,UPFC_Vse,5-15,0.06011595080860278,31,0.058716662229647276,MAP_PMU,87,0.001399288578955507
5,UPFC_tse,5-15,-2.1651258170447245,31,-2.1554567290017665,MAP_PMU,87,0.009669088042957963
0,x_tcsc,1-14,-0.10864899145813789,32,-0.10863950296660514,MAP_PMU,87,9.488491532747001e-06
1,B_svc,2,0.17864551669792852,32,0.1788025528505323,MAP_PMU,87,0.00015703615260376225
2,UPFC_Vsh,5-15,1.107870833478277,32,1.109897460726115,MAP_PMU,87,0.0020266272478379754
3,UPFC_tsh,5-15,-0.23658175112553734,32,-0.23659579559985702,MAP_PMU,87,1.4044474319685474e-05
4,UPFC_Vse,5-15,0.059453789818043244,32,0.058716662229647276,MAP_PMU,87,0.000737127588395968
5,UPFC_tse,5-15,-2.1581025569746943,32,-2.1554567290017665,MAP_PMU,87,0.0026458279729277834
0,x_tcsc,1-14,-0.10869323612932281,33,-0.10863950296660514,MAP_PMU,87,5.373316271767292e-05
1,B_svc,2,0.17901343927470822,33,0.1788025528505323,MAP_PMU,87,0.00021088642417593784
2,UPFC_Vsh,5-15,1.1074739532526199,33,1.109897460726115,MAP_PMU,87,0.002423507473495068
3,UPFC_tsh,5-15,-0.23658793740865888,33,-0.23659579559985702,MAP_PMU,87,7.85819119814013e-06
4,UPFC_Vse,5-15,0.05977474279355489,33,0.058716662229647276,MAP_PMU,87,0.001058080563907611
5,UPFC_tse,5-15,-2.1596245756357253,33,-2.1554567290017665,MAP_PMU,87,0.0041678466339587494
0,x_tcsc,1-14,-0.10866144822547777,34,-0.10863950296660514,MAP_PMU,87,2.1945258872627105e-05
1,B_svc,2,0.17841046697418955,34,0.1788025528505323,MAP_PMU,87,0.00039208587634273484
2,UPFC_Vsh,5-15,1.10747898012803,34,1.109897460726115,MAP_PMU,87,0.0024184805980849156
3,UPFC_tsh,5-15,-0.23662403153153147,34,-0.23659579559985702,MAP_PMU,87,2.823593167444738e-05
4,UPFC_Vse,5-15,0.0601052528946122,34,0.058716662229647276,MAP_PMU,87,0.0013885906649649254
5,UPFC_tse,5-15,-2.1587092551324085,34,-2.1554567290017665,MAP_PMU,87,0.003252526130641975
0,x_tcsc,1-14,-0.10870589940715272,35,-0.10863950296660514,MAP_PMU,87,6.639644054758087e-05
1,B_svc,2,0.1792129672181249,35,0.1788025528505323,MAP_PMU,87,0.00041041436759262084
2,UPFC_Vsh,5-15,1.10770626128747,35,1.109897460726115,MAP_PMU,87,0.0021911994386449862
3,UPFC_tsh,5-15,-0.23665492020855286,35,-0.23659579559985702,MAP_PMU,87,5.9124608695837466e-05
4,UPFC_Vse,5-15,0.06011870793977974,35,0.058716662229647276,MAP_PMU,87,0.0014020457101324643
5,UPFC_tse,5-15,-2.1665018626686043,35,-2.1554567290017665,MAP_PMU,87,0.011045133666837792
0,x_tcsc,1-14,-0.1087384544730702,36,-0.10863950296660514,MAP_PMU,87,9.895150646506423e-05
1,B_svc,2,0.17882471076964604,36,0.1788025528505323,MAP_PMU,87,2.21579191137522e-05
2,UPFC_Vsh,5-15,1.1072483441452596,36,1.109897460726115,MAP_PMU,87,0.002649116580855315
3,UPFC_tsh,5-15,-0.23672973908179937,36,-0.23659579559985702,MAP_PMU,87,0.00013394348194234462
4,UPFC_Vse,5-15,0.06026453982558172,36,0.058716662229647276,MAP_PMU,87,0.0015478775959344437
5,UPFC_tse,5-15,-2.1716499268860447,36,-2.1554567290017665,MAP_PMU,87,0.0161931978842782
0,x_tcsc,1-14,-0.10871055133093602,37,-0.10863950296660514,MAP_PMU,87,7.104836433087514e-05
1,B_svc,2,0.17927838152391729,37,0.1788025528505323,MAP_PMU,87,0.0004758286733849981
2,UPFC_Vsh,5-15,1.1077557485674314,37,1.109897460726115,MAP_PMU,87,0.0021417121586835286
3,UPFC_tsh,5-15,-0.23669041318266743,37,-0.23659579559985702,MAP_PMU,87,9.461758281040233e-05
4,UPFC_Vse,5-15,0.05921016512018908,37,0.058716662229647276,MAP_PMU,87,0.0004935028905418068
5,UPFC_tse,5-15,-2.164573760046702,37,-2.1554567290017665,MAP_PMU,87,0.009117031044935331
0,x_tcsc,1-14,-0.10869575865515743,38,-0.10863950296660514,MAP_PMU,87,5.6255688552289684e-05
1,B_svc,2,0.17875265141663288,38,0.1788025528505323,MAP_PMU,87,4.990143389940749e-05
2,UPFC_Vsh,5-15,1.1072469960927978,38,1.109897460726115,MAP_PMU,87,0.0026504646333171955
3,UPFC_tsh,5-15,-0.23666370354686603,38,-0.23659579559985702,MAP_PMU,87,6.790794700900493e-05
4,UPFC_Vse,5-15,0.06006181694911314,38,0.058716662229647276,MAP_PMU,87,0.001345154719465863
5,UPFC_tse,5-15,-2.1570155809074927,38,-2.1554567290017665,MAP_PMU,87,0.001558851905726133
0,x_tcsc,1-14,-0.1087344155439281,39,-0.10863950296660514,MAP_PMU,87,9.491257732295588e-05
1,B_svc,2,0.17915683872347035,39,0.1788025528505323,MAP_PMU,87,0.0003542858729380649
2,UPFC_Vsh,5-15,1.1079571686142577,39,1.109897460726115,MAP_PMU,87,0.0019402921118572003
3,UPFC_tsh,5-15,-0.23652730709153283,39,-0.23659579559985702,MAP_PMU,87,6.848850832419373e-05
4,UPFC_Vse,5-15,0.05956995169310621,39,0.058716662229647276,MAP_PMU,87,0.0008532894634589311
5,UPFC_tse,5-15,-2.145181715095094,39,-2.1554567290017665,MAP_PMU,87,0.010275013906672736
0,x_tcsc,1-14,-0.10873396774477337,40,-0.10863950296660514,MAP_PMU,87,9.446477816822674e-05
1,B_svc,2,0.1787841475832864,40,0.1788025528505323,MAP_PMU,87,1.84052672458912e-05
2,UPFC_Vsh,5-15,1.1074169120248127,40,1.109897460726115,MAP_PMU,87,0.00248054870130221
3,UPFC_tsh,5-15,-0.23666667185333476,40,-0.23659579559985702,MAP_PMU,87,7.08762534777363e-05
4,UPFC_Vse,5-15,0.06025674283340088,40,0.058716662229647276,MAP_PMU,87,0.001540080603753602
5,UPFC_tse,5-15,-2.1670509154587214,40,-2.1554567290017665,MAP_PMU,87,0.01159418645695487
0,x_tcsc,1-14,-0.10866734608926598,41,-0.10863950296660514,MAP_PMU,87,2.7843122660839437e-05
1,B_svc,2,0.17936138717434394,41,0.1788025528505323,MAP_PMU,87,0.0005588343238116522
2,UPFC_Vsh,5-15,1.1079119238740214,41,1.109897460726115,MAP_PMU,87,0.0019855368520935723
3,UPFC_tsh,5-15,-0.23654357573795098,41,-0.23659579559985702,MAP_PMU,87,5.221986190603878e-05
4,UPFC_Vse,5-15,0.059833965124089464,41,0.058716662229647276,MAP_PMU,87,0.0011173028944421876
5,UPFC_tse,5-15,-2.156151137201469,41,-2.1554567290017665,MAP_PMU,87,0.0006944081997022344
0,x_tcsc,1-14,-0.10868870967620155,42,-0.10863950296660514,MAP_PMU,87,4.9206709596405496e-05
1,B_svc,2,0.17876547688332783,42,0.1788025528505323,MAP_PMU,87,3.707596720445294e-05
2,UPFC_Vsh,5-15,1.1073756828793075,42,1.109897460726115,MAP_PMU,87,0.002521777846807405
3,UPFC_tsh,5-15,-0.2366300525854703,42,-0.23659579559985702,MAP_PMU,87,3.4256985613267954e-05
4,UPFC_Vse,5-15,0.06018552800745337,42,0.058716662229647276,MAP_PMU,87,0.001468865777806097
5,UPFC_tse,5-15,-2.163844173234121,42,-2.1554567290017665,MAP_PMU,87,0.00838744423235438
0,x_tcsc,1-14,-0.10869778112618782,43,-0.10863950296660514,MAP_PMU,87,5.827815958267535e-05
1,B_svc,2,0.17872436283372475,43,0.1788025528505323,MAP_PMU,87,7.819001680753335e-05
2,UPFC_Vsh,5-15,1.1071100245840093,43,1.109897460726115,MAP_PMU,87,0.002787436142105637
3,UPFC_tsh,5-15,-0.23667811033793096,43,-0.23659579559985702,MAP_PMU,87,8.23147380739353e-05
4,UPFC_Vse,5-15,0.06025426823419162,43,0.058716662229647276,MAP_PMU,87,0.001537606004544341
5,UPFC_tse,5-15,-2.169094824793717,43,-2.1554567290017665,MAP_PMU,87,0.013638095791950633
0,x_tcsc,1-14,-0.10872274493690418,44,-0.10863950296660514,MAP_PMU,87,8.324197029903335e-05
1,B_svc,2,0.1784723283264915,44,0.1788025528505323,MAP_PMU,87,0.0003302245240408008
2,UPFC_Vsh,5-15,1.1075778123319848,44,1.109897460726115,MAP_PMU,87,0.002319648394130125
3,UPFC_tsh,5-15,-0.23658233532908537,44,-0.23659579559985702,MAP_PMU,87,1.346027077164802e-05
4,UPFC_Vse,5-15,0.059694055102038145,44,0.058716662229647276,MAP_PMU,87,0.0009773928723908684
5,UPFC_tse,5-15,-2.1550025187714517,44,-2.1554567290017665,MAP_PMU,87,0.0004542102303148887
0,x_tcsc,1-14,-0.10869206712229826,45,-0.10863950296660514,MAP_PMU,87,5.256415569311612e-05
1,B_svc,2,0.17876426298827117,45,0.1788025528505323,MAP_PMU,87,3.828986226112052e-05
2,UPFC_Vsh,5-15,1.107761911109409,45,1.109897460726115,MAP_PMU,87,0.002135549616705923
3,UPFC_tsh,5-15,-0.23658866534923104,45,-0.23659579559985702,MAP_PMU,87,7.1302506259862675e-06
4,UPFC_Vse,5-15,0.059518101818714975,45,0.058716662229647276,MAP_PMU,87,0.0008014395890676984
5,UPFC_tse,5-15,-2.1523000342185554,45,-2.1554567290017665,MAP_PMU,87,0.0031566947832111225
0,x_tcsc,1-14,-0.10870060436125914,46,-0.10863950296660514,MAP_PMU,87,6.110139465399789e-05
1,B_svc,2,0.17923712452073168,46,0.1788025528505323,MAP_PMU,87,0.0004345716701993907
2,UPFC_Vsh,5-15,1.107549401993611,46,1.109897460726115,MAP_PMU,87,0.002348058732503988
3,UPFC_tsh,5-15,-0.23666497365132438,46,-0.23659579559985702,MAP_PMU,87,6.917805146736122e-05
4,UPFC_Vse,5-15,0.05999802855389444,46,0.058716662229647276,MAP_PMU,87,0.001281366324247163
5,UPFC_tse,5-15,-2.1583947071109977,46,-2.1554567290017665,MAP_PMU,87,0.002937978109231132
0,x_tcsc,1-14,-0.10871858673803264,47,-0.10863950296660514,MAP_PMU,87,7.90837714274989e-05
1,B_svc,2,0.17865731141810645,47,0.1788025528505323,MAP_PMU,87,0.00014524143242583554
2,UPFC_Vsh,5-15,1.1073116594507129,47,1.109897460726115,MAP_PMU,87,0.0025858012754020887
3,UPFC_tsh,5-15,-0.23664614940990925,47,-0.23659579559985702,MAP_PMU,87,5.0353810052222725e-05
4,UPFC_Vse,5-15,0.05993052306843872,47,0.058716662229647276,MAP_PMU,87,0.0012138608387914432
5,UPFC_tse,5-15,-2.1622985697511967,47,-2.1554567290017665,MAP_PMU,87,0.0068418407494301725
0,x_tcsc,1-14,-0.10869104539803205,48,-0.10863950296660514,MAP_PMU,87,5.154243142690973e-05
1,B_svc,2,0.17871702803719627,48,0.1788025528505323,MAP_PMU,87,8.552481333601314e-05
2,UPFC_Vsh,5-15,1.107773725127131,48,1.109897460726115,MAP_PMU,87,0.0021237355989840445
3,UPFC_tsh,5-15,-0.23662584260054728,48,-0.23659579559985702,MAP_PMU,87,3.0047000690258674e-05
4,UPFC_Vse,5-15,0.0596403209901882,48,0.058716662229647276,MAP_PMU,87,0.0009236587605409227
5,UPFC_tse,5-15,-2.1587250861095226,48,-2.1554567290017665,MAP_PMU,87,0.0032683571077560813
0,x_tcsc,1-14,-0.1087160048923082,49,-0.10863950296660514,MAP_PMU,87,7.650192570306247e-05
1,B_svc,2,0.1784285041654913,49,0.1788025528505323,MAP_PMU,87,0.0003740486850409841
2,UPFC_Vsh,5-15,1.1075465950471821,49,1.109897460726115,MAP_PMU,87,0.002350865678932834
3,UPFC_tsh,5-15,-0.2366318536014695,49,-0.23659579559985702,MAP_PMU,87,3.605800161246564e-05
4,UPFC_Vse,5-15,0.05999824836536873,49,0.058716662229647276,MAP_PMU,87,0.0012815861357214561
5,UPFC_tse,5-15,-2.1681816804269047,49,-2.1554567290017665,MAP_PMU,87,0.012724951425138187
0,x_tcsc,1-14,-0.1086911897743834,50,-0.10863950296660514,MAP_PMU,87,5.168680777825618e-05
1,B_svc,2,0.17856373166441866,50,0.1788025528505323,MAP_PMU,87,0.00023882118611362468
2,UPFC_Vsh,5-15,1.1076747272580265,50,1.109897460726115,MAP_PMU,87,0.0022227334680884336
3,UPFC_tsh,5-15,-0.23666388788969842,50,-0.23659579559985702,MAP_PMU,87,6.80922898413927e-05
4,UPFC_Vse,5-15,0.060119249384408775,50,0.058716662229647276,MAP_PMU,87,0.001402587154761499
5,UPFC_tse,5-15,-2.1633358032082692,50,-2.1554567290017665,MAP_PMU,87,0.00787907420650269
0,x_tcsc,1-14,-0.10870322555690401,51,-0.10863950296660514,MAP_PMU,87,6.372259029886751e-05
1,B_svc,2,0.17863802361871536,51,0.1788025528505323,MAP_PMU,87,0.00016452923181692336
2,UPFC_Vsh,5-15,1.1075875276438154,51,1.109897460726115,MAP_PMU,87,0.0023099330822995423
3,UPFC_tsh,5-15,-0.23657664437508547,51,-0.23659579559985702,MAP_PMU,87,1.9151224771557507e-05
4,UPFC_Vse,5-15,0.059608249641534286,51,0.058716662229647276,MAP_PMU,87,0.0008915874118870099
5,UPFC_tse,5-15,-2.1450458408767235,51,-2.1554567290017665,MAP_PMU,87,0.010410888125043094
0,x_tcsc,1-14,-0.10862011755472957,52,-0.10863950296660514,MAP_PMU,87,1.938541187557208e-05
1,B_svc,2,0.17911155026226405,52,0.1788025528505323,MAP_PMU,87,0.0003089974117317651
2,UPFC_Vsh,5-15,1.107156037155184,52,1.109897460726115,MAP_PMU,87,0.0027414235709308787
3,UPFC_tsh,5-15,-0.236678675026547,52,-0.23659579559985702,MAP_PMU,87,8.287942668996906e-05
4,UPFC_Vse,5-15,0.06015962490421077,52,0.058716662229647276,MAP_PMU,87,0.0014429626745634944
5,UPFC_tse,5-15,-2.1622882074910477,52,-2.1554567290017665,MAP_PMU,87,0.0068314784892811176
0,x_tcsc,1-14,-0.10874437288268714,53,-0.10863950296660514,MAP_PMU,87,0.00010486991608199547
1,B_svc,2,0.17913682340406875,53,0.1788025528505323,MAP_PMU,87,0.0003342705535364643
2,UPFC_Vsh,5-15,1.1075762244239853,53,1.109897460726115,MAP_PMU,87,0.002321236302129659
3,UPFC_tsh,5-15,-0.23655390934319656,53,-0.23659579559985702,MAP_PMU,87,4.188625666046164e-05
4,UPFC_Vse,5-15,0.05989956880682747,53,0.058716662229647276,MAP_PMU,87,0.001182906577180197
5,UPFC_tse,5-15,-2.154940588369532,53,-2.1554567290017665,MAP_PMU,87,0.0005161406322344853
0,x_tcsc,1-14,-0.10865571432267328,54,-0.10863950296660514,MAP_PMU,87,1.6211356068135396e-05
1,B_svc,2,0.1789154012689926,54,0.1788025528505323,MAP_PMU,87,0.00011284841846032068
2,UPFC_Vsh,5-15,1.1080474730041734,54,1.109897460726115,MAP_PMU,87,0.0018499877219415595
3,UPFC_tsh,5-15,-0.23657768525497833,54,-0.23659579559985702,MAP_PMU,87,1.8110344878696782e-05
4,UPFC_Vse,5-15,0.059942272149617615,54,0.058716662229647276,MAP_PMU,87,0.0012256099199703385
5,UPFC_tse,5-15,-2.154154925335899,54,-2.1554567290017665,MAP_PMU,87,0.001301803665867407
0,x_tcsc,1-14,-0.10867860694848953,55,-0.10863950296660514,MAP_PMU,87,3.91039818843919e-05
1,B_svc,2,0.17919744348665276,55,0.1788025528505323,MAP_PMU,87,0.0003948906361204707
2,UPFC_Vsh,5-15,1.1074578002000874,55,1.109897460726115,MAP_PMU,87,0.0024396605260275095
3,UPFC_tsh,5-15,-0.2366191293255621,55,-0.23659579559985702,MAP_PMU,87,2.3333725705065866e-05
4,UPFC_Vse,5-15,0.059834190853912506,55,0.058716662229647276,MAP_PMU,87,0.0011175286242652294
5,UPFC_tse,5-15,-2.160177636991092,55,-2.1554567290017665,MAP_PMU,87,0.00472090798932534
0,x_tcsc,1-14,-0.10871375108835225,56,-0.10863950296660514,MAP_PMU,87,7.424812174711137e-05
1,B_svc,2,0.17885046968081775,56,0.1788025528505323,MAP_PMU,87,4.7916830285460454e-05
2,UPFC_Vsh,5-15,1.1074750617247229,56,1.109897460726115,MAP_PMU,87,0.0024223990013920726
3,UPFC_tsh,5-15,-0.2366134046488321,56,-0.23659579559985702,MAP_PMU,87,1.760904897507576e-05
4,UPFC_Vse,5-15,0.06007906455927445,56,0.058716662229647276,MAP_PMU,87,0.0013624023296271714
5,UPFC_tse,5-15,-2.15638096758799,56,-2.1554567290017665,MAP_PMU,87,0.0009242385862235913
0,x_tcsc,1-14,-0.10872589076981798,57,-0.10863950296660514,MAP_PMU,87,8.638780321283679e-05
1,B_svc,2,0.17864758348792675,57,0.1788025528505323,MAP_PMU,87,0.00015496936260553373
2,UPFC_Vsh,5-15,1.107631156814075,57,1.109897460726115,MAP_PMU,87,0.0022663039120398576
3,UPFC_tsh,5-15,-0.236643600570907,57,-0.23659579559985702,MAP_PMU,87,4.7804971049975054e-05
4,UPFC_Vse,5-15,0.059687963785502056,57,0.058716662229647276,MAP_PMU,87,0.0009713015558547797
5,UPFC_tse,5-15,-2.1637086876263436,57,-2.1554567290017665,MAP_PMU,87,0.00825195862457706
0,x_tcsc,1-14,-0.10871522371192287,58,-0.10863950296660514,MAP_PMU,87,7.572074531772555e-05
1,B_svc,2,0.17864426604373698,58,0.1788025528505323,MAP_PMU,87,0.0001582868067953047
2,UPFC_Vsh,5-15,1.1076326988025167,58,1.109897460726115,MAP_PMU,87,0.0022647619235982575
3,UPFC_tsh,5-15,-0.23660226589438907,58,-0.23659579559985702,MAP_PMU,87,6.470294532046061e-06
4,UPFC_Vse,5-15,0.05963296814873486,58,0.058716662229647276,MAP_PMU,87,0.000916305919087583
5,UPFC_tse,5-15,-2.1573266325251,58,-2.1554567290017665,MAP_PMU,87,0.0018699035233336048
0,x_tcsc,1-14,-0.1087287840406278,59,-0.10863950296660514,MAP_PMU,87,8.928107402265961e-05
1,B_svc,2,0.17842249608020908,59,0.1788025528505323,MAP_PMU,87,0.0003800567703232116
2,UPFC_Vsh,5-15,1.1076670729096225,59,1.109897460726115,MAP_PMU,87,0.0022303878164924296
3,UPFC_tsh,5-15,-0.2365332214932232,59,-0.23659579559985702,MAP_PMU,87,6.257410663382257e-05
4,UPFC_Vse,5-15,0.05967961873740036,59,0.058716662229647276,MAP_PMU,87,0.0009629565077530836
5,UPFC_tse,5-15,-2.1474125496502507,59,-2.1554567290017665,MAP_PMU,87,0.008044179351515801
0,x_tcsc,1-14,-0.10872520452214263,60,-0.10863950296660514,MAP_PMU,87,8.57015555374846e-05
1,B_svc,2,0.17895405899713016,60,0.1788025528505323,MAP_PMU,87,0.00015150614659786843
2,UPFC_Vsh,5-15,1.1078565429603717,60,1.109897460726115,MAP_PMU,87,0.002040917765743222
3,UPFC_tsh,5-15,-0.2366095428878496,60,-0.23659579559985702,MAP_PMU,87,1.3747287992582624e-05
4,UPFC_Vse,5-15,0.05997708591697204,60,0.058716662229647276,MAP_PMU,87,0.0012604236873247632
5,UPFC_tse,5-15,-2.16706472831933,60,-2.1554567290017665,MAP_PMU,87,0.011607999317563511
0,x_tcsc,1-14,-0.10874491328233281,61,-0.10863950296660514,MAP_PMU,87,0.00010541031572766646
1,B_svc,2,0.17913201826991157,61,0.1788025528505323,MAP_PMU,87,0.0003294654193792823
2,UPFC_Vsh,5-15,1.1075424169742834,61,1.109897460726115,MAP_PMU,87,0.002355043751831598
3,UPFC_tsh,5-15,-0.23661285062859744,61,-0.23659579559985702,MAP_PMU,87,1.7055028740414757e-05
4,UPFC_Vse,5-15,0.05995179442097959,61,0.058716662229647276,MAP_PMU,87,0.001235132191332311
5,UPFC_tse,5-15,-2.1589680367225497,61,-2.1554567290017665,MAP_PMU,87,0.003511307720783119
0,x_tcsc,1-14,-0.10869277598972796,62,-0.10863950296660514,MAP_PMU,87,5.327302312281568e-05
1,B_svc,2,0.1787860754590504,62,0.1788025528505323,MAP_PMU,87,1.6477391481889425e-05
2,UPFC_Vsh,5-15,1.1076315732073663,62,1.109897460726115,MAP_PMU,87,0.002265887518748677
3,UPFC_tsh,5-15,-0.23663157877633284,62,-0.23659579559985702,MAP_PMU,87,3.5783176475817635e-05
4,UPFC_Vse,5-15,0.05947097345197947,62,0.058716662229647276,MAP_PMU,87,0.0007543112223321949
5,UPFC_tse,5-15,-2.1679648731814267,62,-2.1554567290017665,MAP_PMU,87,0.012508144179660174
0,x_tcsc,1-14,-0.10869324831937233,63,-0.10863950296660514,MAP_PMU,87,5.3745352767184396e-05
1,B_svc,2,0.1790084082945569,63,0.1788025528505323,MAP_PMU,87,0.00020585544402459965
2,UPFC_Vsh,5-15,1.1072876012168518,63,1.109897460726115,MAP_PMU,87,0.0026098595092631793
3,UPFC_tsh,5-15,-0.23666735330914926,63,-0.23659579559985702,MAP_PMU,87,7.155770929223593e-05
4,UPFC_Vse,5-15,0.05942956797176929,63,0.058716662229647276,MAP_PMU,87,0.0007129057421220164
5,UPFC_tse,5-15,-2.169376190765615,63,-2.1554567290017665,MAP_PMU,87,0.013919461763848506
0,x_tcsc,1-14,-0.10869629978238662,64,-0.10863950296660514,MAP_PMU,87,5.679681578148188e-05
1,B_svc,2,0.17865494780747027,64,0.1788025528505323,MAP_PMU,87,0.00014760504306202127
2,UPFC_Vsh,5-15,1.107674182112922,64,1.109897460726115,MAP_PMU,87,0.002223278613193047
3,UPFC_tsh,5-15,-0.23654012926821208,64,-0.23659579559985702,MAP_PMU,87,5.56663316449435e-05
4,UPFC_Vse,5-15,0.05950978133021983,64,0.058716662229647276,MAP_PMU,87,0.0007931191005725521
5,UPFC_tse,5-15,-2.157895232950038,64,-2.1554567290017665,MAP_PMU,87,0.0024385039482712756
0,x_tcsc,1-14,-0.10869402045629951,65,-0.10863950296660514,MAP_PMU,87,5.451748969437231e-05
1,B_svc,2,0.17879572909627328,65,0.1788025528505323,MAP_PMU,87,6.823754259005499e-06
2,UPFC_Vsh,5-15,1.1076159417609224,65,1.109897460726115,MAP_PMU,87,0.002281518965192575
3,UPFC_tsh,5-15,-0.2366272791560585,65,-0.23659579559985702,MAP_PMU,87,3.1483556201472584e-05
4,UPFC_Vse,5-15,0.059890547124107636,65,0.058716662229647276,MAP_PMU,87,0.00117388489446036
5,UPFC_tse,5-15,-2.160811043170319,65,-2.1554567290017665,MAP_PMU,87,0.0053543141685525875
0,x_tcsc,1-14,-0.10867021337640206,66,-0.10863950296660514,MAP_PMU,87,3.0710409796921856e-05
1,B_svc,2,0.17902562298406213,66,0.1788025528505323,MAP_PMU,87,0.00022307013352984573
2,UPFC_Vsh,5-15,1.1077167247472193,66,1.109897460726115,MAP_PMU,87,0.002180735978895676
3,UPFC_tsh,5-15,-0.23664045945231096,66,-0.23659579559985702,MAP_PMU,87,4.466385245394111e-05
4,UPFC_Vse,5-15,0.05983360394098903,66,0.058716662229647276,MAP_PMU,87,0.0011169417113417526
5,UPFC_tse,5-15,-2.1504470241876414,66,-2.1554567290017665,MAP_PMU,87,0.005009704814125104
0,x_tcsc,1-14,-0.10869311775488048,67,-0.10863950296660514,MAP_PMU,87,5.3614788275341274e-05
1,B_svc,2,0.17877889608010572,67,0.1788025528505323,MAP_PMU,87,2.3656770426566665e-05
2,UPFC_Vsh,5-15,1.1076635491631777,67,1.109897460726115,MAP_PMU,87,0.002233911562937285
3,UPFC_tsh,5-15,-0.23655089318408623,67,-0.23659579559985702,MAP_PMU,87,4.490241577079224e-05
4,UPFC_Vse,5-15,0.0600365118617912,67,0.058716662229647276,MAP_PMU,87,0.0013198496321439254
5,UPFC_tse,5-15,-2.1608587050067802,67,-2.1554567290017665,MAP_PMU,87,0.005401976005013687
0,x_tcsc,1-14,-0.10878147891780024,68,-0.10863950296660514,MAP_PMU,87,0.00014197595119509743
1,B_svc,2,0.1790521750628556,68,0.1788025528505323,MAP_PMU,87,0.00024962221232330273
2,UPFC_Vsh,5-15,1.107282259458717,68,1.109897460726115,MAP_PMU,87,0.002615201267397893
3,UPFC_tsh,5-15,-0.2366629399991622,68,-0.23659579559985702,MAP_PMU,87,6.714439930516347e-05
4,UPFC_Vse,5-15,0.06020600084943898,68,0.058716662229647276,MAP_PMU,87,0.0014893386197917038
5,UPFC_tse,5-15,-2.1650538507298838,68,-2.1554567290017665,MAP_PMU,87,0.00959712172811722
0,x_tcsc,1-14,-0.1087024320959596,69,-0.10863950296660514,MAP_PMU,87,6.292912935446093e-05
1,B_svc,2,0.17914573966868874,69,0.1788025528505323,MAP_PMU,87,0.0003431868181564546
2,UPFC_Vsh,5-15,1.1077378971497922,69,1.109897460726115,MAP_PMU,87,0.0021595635763227428
3,UPFC_tsh,5-15,-0.23660337657489164,69,-0.23659579559985702,MAP_PMU,87,7.5809750346156335e-06
4,UPFC_Vse,5-15,0.059386767635567037,69,0.058716662229647276,MAP_PMU,87,0.0006701054059197603
5,UPFC_tse,5-15,-2.1658149138680893,69,-2.1554567290017665,MAP_PMU,87,0.010358184866322784
0,x_tcsc,1-14,-0.10868953241086134,70,-0.10863950296660514,MAP_PMU,87,5.002944425619438e-05
1,B_svc,2,0.17932639551531898,70,0.1788025528505323,MAP_PMU,87,0.0005238426647866945
2,UPFC_Vsh,5-15,1.1076096019605388,70,1.109897460726115,MAP_PMU,87,0.002287858765576134
3,UPFC_tsh,5-15,-0.23662573367190812,70,-0.23659579559985702,MAP_PMU,87,2.9938072051094444e-05
4,UPFC_Vse,5-15,0.05994251696256786,70,0.058716662229647276,MAP_PMU,87,0.0012258547329205838
5,UPFC_tse,5-15,-2.1553791650963547,70,-2.1554567290017665,MAP_PMU,87,7.75639054118038e-05
0,x_tcsc,1-14,-0.10866933227669587,71,-0.10863950296660514,MAP_PMU,87,2.982931009072598e-05
1,B_svc,2,0.17865984144316965,71,0.1788025528505323,MAP_PMU,87,0.00014271140736263344
2,UPFC_Vsh,5-15,1.1079682516282425,71,1.109897460726115,MAP_PMU,87,0.0019292090978724197
3,UPFC_tsh,5-15,-0.23659373542094822,71,-0.23659579559985702,MAP_PMU,87,2.0601789088026123e-06
4,UPFC_Vse,5-15,0.05931758084144741,71,0.058716662229647276,MAP_PMU,87,0.0006009186118001372
5,UPFC_tse,5-15,-2.1638812429478897,71,-2.1554567290017665,MAP_PMU,87,0.008424513946123202
0,x_tcsc,1-14,-0.10872923181031675,72,-0.10863950296660514,MAP_PMU,87,8.972884371161172e-05
1,B_svc,2,0.17865585385953625,72,0.1788025528505323,MAP_PMU,87,0.0001466989909960359
2,UPFC_Vsh,5-15,1.107467520146194,72,1.109897460726115,MAP_PMU,87,0.002429940579920853
3,UPFC_tsh,5-15,-0.23657870110697343,72,-0.23659579559985702,MAP_PMU,87,1.709449288359033e-05
4,UPFC_Vse,5-15,0.05953684980154874,72,0.058716662229647276,MAP_PMU,87,0.0008201875719014637
5,UPFC_tse,5-15,-2.1709338162505727,72,-2.1554567290017665,MAP_PMU,87,0.015477087248806143
0,x_tcsc,1-14,-0.10865817086148534,73,-0.10863950296660514,MAP_PMU,87,1.866789488019771e-05
1,B_svc,2,0.17846795421376127,73,0.1788025528505323,MAP_PMU,87,0.0003345986367710163
2,UPFC_Vsh,5-15,1.1076674914696918,73,1.109897460726115,MAP_PMU,87,0.002229969256423159
3,UPFC_tsh,5-15,-0.23658168677676408,73,-0.23659579559985702,MAP_PMU,87,1.4108823092939815e-05
4,UPFC_Vse,5-15,0.06021523464524158,73,0.058716662229647276,MAP_PMU,87,0.0014985724155943056
5,UPFC_tse,5-15,-2.166015667648455,73,-2.1554567290017665,MAP_PMU,87,0.010558938646688443
0,x_tcsc,1-14,-0.10871742212349546,74,-0.10863950296660514,MAP_PMU,87,7.791915689031592e-05
1,B_svc,2,0.17870541307216845,74,0.1788025528505323,MAP_PMU,87,9.713977836384169e-05
2,UPFC_Vsh,5-15,1.1074399598923546,74,1.109897460726115,MAP_PMU,87,0.0024575008337603954
3,UPFC_tsh,5-15,-0.23667296023068635,74,-0.23659579559985702,MAP_PMU,87,7.71646308293239e-05
4,UPFC_Vse,5-15,0.06015711494308309,74,0.058716662229647276,MAP_PMU,87,0.0014404527134358122
5,UPFC_tse,5-15,-2.1696622952307667,74,-2.1554567290017665,MAP_PMU,87,0.014205566229000155
0,x_tcsc,1-14,-0.10868088057732474,75,-0.10863950296660514,MAP_PMU,87,4.1377610719595115e-05
1,B_svc,2,0.17935894088160464,75,0.1788025528505323,MAP_PMU,87,0.0005563880310723579
2,UPFC_Vsh,5-15,1.1075409541662515,75,1.109897460726115,MAP_PMU,87,0.002356506559863414
3,UPFC_tsh,5-15,-0.23672414357500882,75,-0.23659579559985702,MAP_PMU,87,0.00012834797515179353
4,UPFC_Vse,5-15,0.05986250649035767,75,0.058716662229647276,MAP_PMU,87,0.0011458442607103908
5,UPFC_tse,5-15,-2.1689043614010126,75,-2.1554567290017665,MAP_PMU,87,0.013447632399246068
0,x_tcsc,1-14,-0.10870294264730206,76,-0.10863950296660514,MAP_PMU,87,6.343968069691397e-05
1,B_svc,2,0.17902068879101593,76,0.1788025528505323,MAP_PMU,87,0.0002181359404836436
2,UPFC_Vsh,5-15,1.1076619143140856,76,1.109897460726115,MAP_PMU,87,0.0022355464120293878
3,UPFC_tsh,5-15,-0.23664266754537516,76,-0.23659579559985702,MAP_PMU,87,4.687194551813989e-05
4,UPFC_Vse,5-15,0.0603056264282652,76,0.058716662229647276,MAP_PMU,87,0.001588964198617926
5,UPFC_tse,5-15,-2.1640565885490313,76,-2.1554567290017665,MAP_PMU,87,0.008599859547264721
0,x_tcsc,1-14,-0.10867896209735574,77,-0.10863950296660514,MAP_PMU,87,3.945913075059648e-05
1,B_svc,2,0.1788160175377367,77,0.1788025528505323,MAP_PMU,87,1.3464687204423065e-05
2,UPFC_Vsh,5-15,1.1077633425335722,77,1.109897460726115,MAP_PMU,87,0.002134118192542722
3,UPFC_tsh,5-15,-0.23661172102019362,77,-0.23659579559985702,MAP_PMU,87,1.5925420336598828e-05
4,UPFC_Vse,5-15,0.06000687673347596,77,0.058716662229647276,MAP_PMU,87,0.001290214503828685
5,UPFC_tse,5-15,-2.1637908194307203,77,-2.1554567290017665,MAP_PMU,87,0.008334090428953722
0,x_tcsc,1-14,-0.10872349195508113,78,-0.10863950296660514,MAP_PMU,87,8.398898847598868e-05
1,B_svc,2,0.1784329459145171,78,0.1788025528505323,MAP_PMU,87,0.0003696069360151766
2,UPFC_Vsh,5-15,1.1078655559375434,78,1.109897460726115,MAP_PMU,87,0.0020319047885715147
3,UPFC_tsh,5-15,-0.2365129214589588,78,-0.23659579559985702,MAP_PMU,87,8.287414089822032e-05
4,UPFC_Vse,5-15,0.059633572020116155,78,0.058716662229647276,MAP_PMU,87,0.0009169097904688783
5,UPFC_tse,5-15,-2.153262656814985,78,-2.1554567290017665,MAP_PMU,87,0.0021940721867816926
0,x_tcsc,1-14,-0.1086603707020284,79,-0.10863950296660514,MAP_PMU,87,2.0867735423257816e-05
1,B_svc,2,0.1789552493892432,79,0.1788025528505323,MAP_PMU,87,0.00015269653871091693
2,UPFC_Vsh,5-15,1.1078662460829682,79,1.109897460726115,MAP_PMU,87,0.002031214643146706
3,UPFC_tsh,5-15,-0.23658653103127988,79,-0.23659579559985702,MAP_PMU,87,9.264568577138643e-06
4,UPFC_Vse,5-15,0.05933653407956599,79,0.058716662229647276,MAP_PMU,87,0.0006198718499187128
5,UPFC_tse,5-15,-2.1608511414718765,79,-2.1554567290017665,MAP_PMU,87,0.005394412470109966
0,x_tcsc,1-14,-0.1086803554435609,80,-0.10863950296660514,MAP_PMU,87,4.085247695576055e-05
1,B_svc,2,0.1786951694080795,80,0.1788025528505323,MAP_PMU,87,0.0001073834424527853
2,UPFC_Vsh,5-15,1.1074883199758079,80,1.109897460726115,MAP_PMU,87,0.0024091407503070705
3,UPFC_tsh,5-15,-0.2366053227718703,80,-0.23659579559985702,MAP_PMU,87,9.52717201327391e-06
4,UPFC_Vse,5-15,0.05987791382881418,80,0.058716662229647276,MAP_PMU,87,0.0011612515991669056
5,UPFC_tse,5-15,-2.161941983558863,80,-2.1554567290017665,MAP_PMU,87,0.006485254557096365
0,x_tcsc,1-14,-0.10872306856721752,81,-0.10863950296660514,MAP_PMU,87,8.356560061237306e-05
1,B_svc,2,0.17835099735805207,81,0.1788025528505323,MAP_PMU,87,0.00045155549248021565
2,UPFC_Vsh,5-15,1.10747170371082,81,1.109897460726115,MAP_PMU,87,0.002425757015295016
3,UPFC_tsh,5-15,-0.23658073200778929,81,-0.23659579559985702,MAP_PMU,87,1.5063592067737774e-05
4,UPFC_Vse,5-15,0.06030685684845404,81,0.058716662229647276,MAP_PMU,87,0.0015901946188067659
5,UPFC_tse,5-15,-2.162804092303459,81,-2.1554567290017665,MAP_PMU,87,0.0073473633016925
0,x_tcsc,1-14,-0.10868861553802853,82,-0.10863950296660514,MAP_PMU,87,4.9112571423384765e-05
1,B_svc,2,0.17865631601083323,82,0.1788025528505323,MAP_PMU,87,0.00014623683969905432
2,UPFC_Vsh,5-15,1.1074287396030882,82,1.109897460726115,MAP_PMU,87,0.0024687211230267625
3,UPFC_tsh,5-15,-0.23660226373149265,82,-0.23659579559985702,MAP_PMU,87,6.468131635628538e-06
4,UPFC_Vse,5-15,0.059629221442415135,82,0.058716662229647276,MAP_PMU,87,0.0009125592127678592
5,UPFC_tse,5-15,-2.1584452335454443,82,-2.1554567290017665,MAP_PMU,87,0.002988504543677717
0,x_tcsc,1-14,-0.10870781922879452,83,-0.10863950296660514,MAP_PMU,87,6.831626218938014e-05
1,B_svc,2,0.1789069850944048,83,0.1788025528505323,MAP_PMU,87,0.00010443224387252092
2,UPFC_Vsh,5-15,1.1078248513392353,83,1.109897460726115,MAP_PMU,87,0.002072609386879698
3,UPFC_tsh,5-15,-0.23662867988639272,83,-0.23659579559985702,MAP_PMU,87,3.288428653569486e-05
4,UPFC_Vse,5-15,0.060092100288773716,83,0.058716662229647276,MAP_PMU,87,0.0013754380591264395
5,UPFC_tse,5-15,-2.169641986862748,83,-2.1554567290017665,MAP_PMU,87,0.014185257860981348
0,x_tcsc,1-14,-0.10868175901268907,84,-0.10863950296660514,MAP_PMU,87,4.225604608393274e-05
1,B_svc,2,0.1790411242914348,84,0.1788025528505323,MAP_PMU,87,0.00023857144090250193
2,UPFC_Vsh,5-15,1.1074753758393532,84,1.109897460726115,MAP_PMU,87,0.002422084886761766
3,UPFC_tsh,5-15,-0.23669702637900533,84,-0.23659579559985702,MAP_PMU,87,0.00010123077914830914
4,UPFC_Vse,5-15,0.05994180193658927,84,0.058716662229647276,MAP_PMU,87,0.0012251397069419911
5,UPFC_tse,5-15,-2.1605457681326077,84,-2.1554567290017665,MAP_PMU,87,0.005089039130841133
0,x_tcsc,1-14,-0.10869643055181993,85,-0.10863950296660514,MAP_PMU,87,5.6927585214791576e-05
1,B_svc,2,0.1785729818029743,85,0.1788025528505323,MAP_PMU,87,0.00022957104755799707
2,UPFC_Vsh,5-15,1.1074098062141586,85,1.109897460726115,MAP_PMU,87,0.0024876545119563165
3,UPFC_tsh,5-15,-0.23665942946530807,85,-0.23659579559985702,MAP_PMU,87,6.363386545105154e-05
4,UPFC_Vse,5-15,0.059994273070230086,85,0.058716662229647276,MAP_PMU,87,0.0012776108405828102
5,UPFC_tse,5-15,-2.1713813696980853,85,-2.1554567290017665,MAP_PMU,87,0.015924640696318715
0,x_tcsc,1-14,-0.10874630260134686,86,-0.10863950296660514,MAP_PMU,87,0.00010679963474172216
1,B_svc,2,0.17867029600401846,86,0.1788025528505323,MAP_PMU,87,0.00013225684651382852
2,UPFC_Vsh,5-15,1.1078169117653789,86,1.109897460726115,MAP_PMU,87,0.0020805489607360617
3,UPFC_tsh,5-15,-0.23660523541777345,86,-0.23659579559985702,MAP_PMU,87,9.439817916429005e-06
4,UPFC_Vse,5-15,0.05990527265603791,86,0.058716662229647276,MAP_PMU,87,0.0011886104263906308
5,UPFC_tse,5-15,-2.1616659872815203,86,-2.1554567290017665,MAP_PMU,87,0.0062092582797537155
0,x_tcsc,1-14,-0.10870260255682881,87,-0.10863950296660514,MAP_PMU,87,6.309959022367251e-05
1,B_svc,2,0.1786884131547946,87,0.1788025528505323,MAP_PMU,87,0.00011413969573767502
2,UPFC_Vsh,5-15,1.107502907330597,87,1.109897460726115,MAP_PMU,87,0.002394553395517862
3,UPFC_tsh,5-15,-0.23664605398705674,87,-0.23659579559985702,MAP_PMU,87,5.0258387199714205e-05
4,UPFC_Vse,5-15,0.06003057931662046,87,0.058716662229647276,MAP_PMU,87,0.0013139170869731834
5,UPFC_tse,5-15,-2.1517949614337697,87,-2.1554567290017665,MAP_PMU,87,0.003661767567996854
0,x_tcsc,1-14,-0.10867460613034614,88,-0.10863950296660514,MAP_PMU,87,3.510316374100153e-05
1,B_svc,2,0.17847260189105527,88,0.1788025528505323,MAP_PMU,87,0.00032995095947702113
2,UPFC_Vsh,5-15,1.1074322346673755,88,1.109897460726115,MAP_PMU,87,0.0024652260587394448
3,UPFC_tsh,5-15,-0.2366687959169841,88,-0.23659579559985702,MAP_PMU,87,7.300031712706434e-05
4,UPFC_Vse,5-15,0.05935804699964551,88,0.058716662229647276,MAP_PMU,87,0.0006413847699982336
5,UPFC_tse,5-15,-2.1723970489574627,88,-2.1554567290017665,MAP_PMU,87,0.016940319955696115
0,x_tcsc,1-14,-0.10872346809234618,89,-0.10863950296660514,MAP_PMU,87,8.396512574103399e-05
1,B_svc,2,0.17846074765450853,89,0.1788025528505323,MAP_PMU,87,0.00034180519602375337
2,UPFC_Vsh,5-15,1.1077654217294504,89,1.109897460726115,MAP_PMU,87,0.002132038996664587
3,UPFC_tsh,5-15,-0.23669730337255077,89,-0.23659579559985702,MAP_PMU,87,0.000101507772693743
4,UPFC_Vse,5-15,0.059660738902595115,89,0.058716662229647276,MAP_PMU,87,0.0009440766729478384
5,UPFC_tse,5-15,-2.170684331896615,89,-2.1554567290017665,MAP_PMU,87,0.01522760289484859
0,x_tcsc,1-14,-0.10869678405503365,90,-0.10863950296660514,MAP_PMU,87,5.728108842850688e-05
1,B_svc,2,0.1791920316790909,90,0.1788025528505323,MAP_PMU,87,0.00038947882855860927
2,UPFC_Vsh,5-15,1.1076408837272447,90,1.109897460726115,MAP_PMU,87,0.0022565769988702744
3,UPFC_tsh,5-15,-0.23662045909285775,90,-0.23659579559985702,MAP_PMU,87,2.4663493000731673e-05
4,UPFC_Vse,5-15,0.059564109882172936,90,0.058716662229647276,MAP_PMU,87,0.0008474476525256597
5,UPFC_tse,5-15,-2.1632739643504393,90,-2.1554567290017665,MAP_PMU,87,0.007817235348672735
0,x_tcsc,1-14,-0.10870219705031874,91,-0.10863950296660514,MAP_PMU,87,6.269408371359364e-05
1,B_svc,2,0.17833155817280763,91,0.1788025528505323,MAP_PMU,87,0.00047099467772465653
2,UPFC_Vsh,5-15,1.107575054134442,91,1.109897460726115,MAP_PMU,87,0.002322406591672932
3,UPFC_tsh,5-15,-0.23665257744432774,91,-0.23659579559985702,MAP_PMU,87,5.678184447072132e-05
4,UPFC_Vse,5-15,0.05995243333353588,91,0.058716662229647276,MAP_PMU,87,0.0012357711038886027
5,UPFC_tse,5-15,-2.160692600044359,91,-2.1554567290017665,MAP_PMU,87,0.005235871042592599
0,x_tcsc,1-14,-0.10871234501502952,92,-0.10863950296660514,MAP_PMU,87,7.284204842437914e-05
1,B_svc,2,0.17878154076414612,92,0.1788025528505323,MAP_PMU,87,2.101208638616292e-05
2,UPFC_Vsh,5-15,1.1076182614372863,92,1.109897460726115,MAP_PMU,87,0.0022791992888286927
3,UPFC_tsh,5-15,-0.23665398894288633,92,-0.23659579559985702,MAP_PMU,87,5.819334302931134e-05
4,UPFC_Vse,5-15,0.06008667093052341,92,0.058716662229647276,MAP_PMU,87,0.0013700087008761339
5,UPFC_tse,5-15,-2.169128765511385,92,-2.1554567290017665,MAP_PMU,87,0.013672036509618568
0,x_tcsc,1-14,-0.1086252461837705,93,-0.10863950296660514,MAP_PMU,87,1.4256782834648485e-05
1,B_svc,2,0.17832764891204236,93,0.1788025528505323,MAP_PMU,87,0.0004749039384899234
2,UPFC_Vsh,5-15,1.1076182896674498,93,1.109897460726115,MAP_PMU,87,0.0022791710586651526
3,UPFC_tsh,5-15,-0.2366204805218714,93,-0.23659579559985702,MAP_PMU,87,2.4684922014378552e-05
4,UPFC_Vse,5-15,0.060463419448332945,93,0.058716662229647276,MAP_PMU,87,0.0017467572186856684
5,UPFC_tse,5-15,-2.1586432690258954,93,-2.1554567290017665,MAP_PMU,87,0.003186540024128881
0,x_tcsc,1-14,-0.1086861712764836,94,-0.10863950296660514,MAP_PMU,87,4.666830987845594e-05
1,B_svc,2,0.17861097991671035,94,0.1788025528505323,MAP_PMU,87,0.0001915729338219374
2,UPFC_Vsh,5-15,1.107639036598975,94,1.109897460726115,MAP_PMU,87,0.0022584241271399463
3,UPFC_tsh,5-15,-0.23657991041389412,94,-0.23659579559985702,MAP_PMU,87,1.5885185962905002e-05
4,UPFC_Vse,5-15,0.05935861971575236,94,0.058716662229647276,MAP_PMU,87,0.0006419574861050853
5,UPFC_tse,5-15,-2.162064555632123,94,-2.1554567290017665,MAP_PMU,87,0.006607826630356417
0,x_tcsc,1-14,-0.10867549241118682,95,-0.10863950296660514,MAP_PMU,87,3.598944458167719e-05
1,B_svc,2,0.17891714897369118,95,0.1788025528505323,MAP_PMU,87,0.00011459612315889434
2,UPFC_Vsh,5-15,1.1079565009478372,95,1.109897460726115,MAP_PMU,87,0.0019409597782777954
3,UPFC_tsh,5-15,-0.23658597750024307,95,-0.23659579559985702,MAP_PMU,87,9.818099613950748e-06
4,UPFC_Vse,5-15,0.0597510029348661,95,0.058716662229647276,MAP_PMU,87,0.0010343407052188225
5,UPFC_tse,5-15,-2.1592019259305997,95,-2.1554567290017665,MAP_PMU,87,0.0037451969288331277
0,x_tcsc,1-14,-0.1087160609568212,96,-0.10863950296660514,MAP_PMU,87,7.655799021605292e-05
1,B_svc,2,0.179446561720751,96,0.1788025528505323,MAP_PMU,87,0.0006440088702187041
2,UPFC_Vsh,5-15,1.1073359503874496,96,1.109897460726115,MAP_PMU,87,0.0025615103386653626
3,UPFC_tsh,5-15,-0.23661846134115347,96,-0.23659579559985702,MAP_PMU,87,2.266574129644594e-05
4,UPFC_Vse,5-15,0.059695451229768194,96,0.058716662229647276,MAP_PMU,87,0.000978789000120918
5,UPFC_tse,5-15,-2.1535171532607778,96,-2.1554567290017665,MAP_PMU,87,0.001939575740988797
0,x_tcsc,1-14,-0.10866240738940083,97,-0.10863950296660514,MAP_PMU,87,2.2904422795691493e-05
1,B_svc,2,0.17894287329152497,97,0.1788025528505323,MAP_PMU,87,0.00014032044099268615
2,UPFC_Vsh,5-15,1.107319161458559,97,1.109897460726115,MAP_PMU,87,0.002578299267556039
3,UPFC_tsh,5-15,-0.23656921989175284,97,-0.23659579559985702,MAP_PMU,87,2.65757081041873e-05
4,UPFC_Vse,5-15,0.05951599216889923,97,0.058716662229647276,MAP_PMU,87,0.0007993299392519554
5,UPFC_tse,5-15,-2.1662263919179985,97,-2.1554567290017665,MAP_PMU,87,0.010769662916231937
0,x_tcsc,1-14,-0.10869526521627369,98,-0.10863950296660514,MAP_PMU,87,5.576224966855059e-05
1,B_svc,2,0.17903238030222995,98,0.1788025528505323,MAP_PMU,87,0.00022982745169766727
2,UPFC_Vsh,5-15,1.1078547743778728,98,1.109897460726115,MAP_PMU,87,0.0020426863482421176
3,UPFC_tsh,5-15,-0.23655935619322183,98,-0.23659579559985702,MAP_PMU,87,3.643940663519696e-05
4,UPFC_Vse,5-15,0.0594950528766441,98,0.058716662229647276,MAP_PMU,87,0.000778390646996821
5,UPFC_tse,5-15,-2.1619152219112396,98,-2.1554567290017665,MAP_PMU,87,0.00645849290947309
0,x_tcsc,1-14,-0.10871299278268626,99,-0.10863950296660514,MAP_PMU,87,7.348981608111538e-05
1,B_svc,2,0.1788348356863211,99,0.1788025528505323,MAP_PMU,87,3.228283578882163e-05
2,UPFC_Vsh,5-15,1.1074086114609933,99,1.109897460726115,MAP_PMU,87,0.0024888492651216065
3,UPFC_tsh,5-15,-0.23667655912267752,99,-0.23659579559985702,MAP_PMU,87,8.076352282049282e-05
4,UPFC_Vse,5-15,0.06000752044449944,99,0.058716662229647276,MAP_PMU,87,0.0012908582148521627
5,UPFC_tse,5-15,-2.171319796801248,99,-2.1554567290017665,MAP_PMU,87,0.015863067799481545
0,x_tcsc,1-14,-0.10804853299775165,0,-0.10803233126886942,MAP_PMU,89,1.620172888222582e-05
1,B_svc,2,0.17806860864267873,0,0.17804581008833067,MAP_PMU,89,2.2798554348057998e-05
2,UPFC_Vsh,5-15,1.107300428751476,0,1.1094139934513632,MAP_PMU,89,0.002113564699887105
3,UPFC_tsh,5-15,-0.2370879382376932,0,-0.23699861086862142,MAP_PMU,89,8.93273690717733e-05
4,UPFC_Vse,5-15,0.05987640613078894,0,0.059055680618561764,MAP_PMU,89,0.0008207255122271787
5,UPFC_tse,5-15,-2.172390805103817,0,-2.166415390085353,MAP_PMU,89,0.005975415018463881
0,x_tcsc,1-14,-0.1081041085412203,1,-0.10803233126886942,MAP_PMU,89,7.177727235087306e-05
1,B_svc,2,0.17792068330833724,1,0.17804581008833067,MAP_PMU,89,0.00012512677999343413
2,UPFC_Vsh,5-15,1.1078381406168414,1,1.1094139934513632,MAP_PMU,89,0.0015758528345217737
3,UPFC_tsh,5-15,-0.2368908900553106,1,-0.23699861086862142,MAP_PMU,89,0.00010772081331081318
4,UPFC_Vse,5-15,0.06003843042347784,1,0.059055680618561764,MAP_PMU,89,0.0009827498049160763
5,UPFC_tse,5-15,-2.1555005162205347,1,-2.166415390085353,MAP_PMU,89,0.010914873864818375
0,x_tcsc,1-14,-0.10811825467807541,2,-0.10803233126886942,MAP_PMU,89,8.592340920599018e-05
1,B_svc,2,0.1778902397172739,2,0.17804581008833067,MAP_PMU,89,0.0001555703710567624
2,UPFC_Vsh,5-15,1.1074806833766333,2,1.1094139934513632,MAP_PMU,89,0.0019333100747298548
3,UPFC_tsh,5-15,-0.23695961760932355,2,-0.23699861086862142,MAP_PMU,89,3.899325929787589e-05
4,UPFC_Vse,5-15,0.0603553822969593,2,0.059055680618561764,MAP_PMU,89,0.0012997016783975399
5,UPFC_tse,5-15,-2.160556984137834,2,-2.166415390085353,MAP_PMU,89,0.005858405947519074
0,x_tcsc,1-14,-0.10815577569959785,3,-0.10803233126886942,MAP_PMU,89,0.00012344443072842548
1,B_svc,2,0.17838874182554681,3,0.17804581008833067,MAP_PMU,89,0.00034293173721614
2,UPFC_Vsh,5-15,1.1076361381197386,3,1.1094139934513632,MAP_PMU,89,0.001777855331624556
3,UPFC_tsh,5-15,-0.23697720601656935,3,-0.23699861086862142,MAP_PMU,89,2.1404852052070433e-05
4,UPFC_Vse,5-15,0.059964930149678124,3,0.059055680618561764,MAP_PMU,89,0.0009092495311163601
5,UPFC_tse,5-15,-2.16024599348924,3,-2.166415390085353,MAP_PMU,89,0.0061693965961131525
0,x_tcsc,1-14,-0.10813296599217749,4,-0.10803233126886942,MAP_PMU,89,0.00010063472330806844
1,B_svc,2,0.17865704952355124,4,0.17804581008833067,MAP_PMU,89,0.0006112394352205675
2,UPFC_Vsh,5-15,1.107530709641705,4,1.1094139934513632,MAP_PMU,89,0.0018832838096580762
3,UPFC_tsh,5-15,-0.237014730244607,4,-0.23699861086862142,MAP_PMU,89,1.6119375985584883e-05
4,UPFC_Vse,5-15,0.06004040745184365,4,0.059055680618561764,MAP_PMU,89,0.0009847268332818862
5,UPFC_tse,5-15,-2.1558631265366897,4,-2.166415390085353,MAP_PMU,89,0.010552263548663454
0,x_tcsc,1-14,-0.108095998713327,5,-0.10803233126886942,MAP_PMU,89,6.366744445757133e-05
1,B_svc,2,0.1777900128391074,5,0.17804581008833067,MAP_PMU,89,0.00025579724922328295
2,UPFC_Vsh,5-15,1.1077447769721873,5,1.1094139934513632,MAP_PMU,89,0.001669216479175839
3,UPFC_tsh,5-15,-0.23702510716820113,5,-0.23699861086862142,MAP_PMU,89,2.6496299579709115e-05
4,UPFC_Vse,5-15,0.0604155712074438,5,0.059055680618561764,MAP_PMU,89,0.001359890588882036
5,UPFC_tse,5-15,-2.1660823503716116,5,-2.166415390085353,MAP_PMU,89,0.0003330397137415453
0,x_tcsc,1-14,-0.10814632485704376,6,-0.10803233126886942,MAP_PMU,89,0.00011399358817433536
1,B_svc,2,0.17811195278664982,6,0.17804581008833067,MAP_PMU,89,6.614269831914377e-05
2,UPFC_Vsh,5-15,1.1074024611277944,6,1.1094139934513632,MAP_PMU,89,0.0020115323235687654
3,UPFC_tsh,5-15,-0.23696955149984886,6,-0.23699861086862142,MAP_PMU,89,2.9059368772565985e-05
4,UPFC_Vse,5-15,0.059885320557223176,6,0.059055680618561764,MAP_PMU,89,0.0008296399386614126
5,UPFC_tse,5-15,-2.1674399993506674,6,-2.166415390085353,MAP_PMU,89,0.0010246092653143357
0,x_tcsc,1-14,-0.10815979501891382,7,-0.10803233126886942,MAP_PMU,89,0.00012746375004439592
1,B_svc,2,0.17814869016369902,7,0.17804581008833067,MAP_PMU,89,0.00010288007536835009
2,UPFC_Vsh,5-15,1.107376442247589,7,1.1094139934513632,MAP_PMU,89,0.002037551203774246
3,UPFC_tsh,5-15,-0.23702410223200962,7,-0.23699861086862142,MAP_PMU,89,2.549136338819702e-05
4,UPFC_Vse,5-15,0.06002251142189513,7,0.059055680618561764,MAP_PMU,89,0.000966830803333367
5,UPFC_tse,5-15,-2.1629483009755655,7,-2.166415390085353,MAP_PMU,89,0.0034670891097876577
0,x_tcsc,1-14,-0.10815199013264927,8,-0.10803233126886942,MAP_PMU,89,0.00011965886377984791
1,B_svc,2,0.17806352035974282,8,0.17804581008833067,MAP_PMU,89,1.7710271412146872e-05
2,UPFC_Vsh,5-15,1.1076463776112466,8,1.1094139934513632,MAP_PMU,89,0.001767615840116532
3,UPFC_tsh,5-15,-0.23699830621549617,8,-0.23699861086862142,MAP_PMU,89,3.046531252548501e-07
4,UPFC_Vse,5-15,0.05981172031094289,8,0.059055680618561764,MAP_PMU,89,0.0007560396923811247
5,UPFC_tse,5-15,-2.1646029508294125,8,-2.166415390085353,MAP_PMU,89,0.0018124392559406566
0,x_tcsc,1-14,-0.10810812816501268,9,-0.10803233126886942,MAP_PMU,89,7.57968961432598e-05
1,B_svc,2,0.17806476079701725,9,0.17804581008833067,MAP_PMU,89,1.895070868657145e-05
2,UPFC_Vsh,5-15,1.107447660864335,9,1.1094139934513632,MAP_PMU,89,0.0019663325870280524
3,UPFC_tsh,5-15,-0.23699469946799867,9,-0.23699861086862142,MAP_PMU,89,3.9114006227525255e-06
4,UPFC_Vse,5-15,0.06005161495242978,9,0.059055680618561764,MAP_PMU,89,0.0009959343338680135
5,UPFC_tse,5-15,-2.1668596692972097,9,-2.166415390085353,MAP_PMU,89,0.0004442792118566352
0,x_tcsc,1-14,-0.10810333338125112,10,-0.10803233126886942,MAP_PMU,89,7.100211238170173e-05
1,B_svc,2,0.1781390261208477,10,0.17804581008833067,MAP_PMU,89,9.321603251702393e-05
2,UPFC_Vsh,5-15,1.1074232373721373,10,1.1094139934513632,MAP_PMU,89,0.0019907560792258305
3,UPFC_tsh,5-15,-0.2371128584543905,10,-0.23699861086862142,MAP_PMU,89,0.00011424758576908389
4,UPFC_Vse,5-15,0.06086078773145103,10,0.059055680618561764,MAP_PMU,89,0.0018051071128892676
5,UPFC_tse,5-15,-2.169343143514661,10,-2.166415390085353,MAP_PMU,89,0.0029277534293079555
0,x_tcsc,1-14,-0.10811181908936729,11,-0.10803233126886942,MAP_PMU,89,7.948782049786718e-05
1,B_svc,2,0.1781347282603935,11,0.17804581008833067,MAP_PMU,89,8.891817206282959e-05
2,UPFC_Vsh,5-15,1.107728640897985,11,1.1094139934513632,MAP_PMU,89,0.0016853525533782054
3,UPFC_tsh,5-15,-0.23695649832569723,11,-0.23699861086862142,MAP_PMU,89,4.2112542924188645e-05
4,UPFC_Vse,5-15,0.06006060810438001,11,0.059055680618561764,MAP_PMU,89,0.0010049274858182494
5,UPFC_tse,5-15,-2.1671302819295617,11,-2.166415390085353,MAP_PMU,89,0.0007148918442085872
0,x_tcsc,1-14,-0.10816163813676004,12,-0.10803233126886942,MAP_PMU,89,0.00012930686789061618
1,B_svc,2,0.17767715370048048,12,0.17804581008833067,MAP_PMU,89,0.0003686563878501914
2,UPFC_Vsh,5-15,1.1074093078237603,12,1.1094139934513632,MAP_PMU,89,0.002004685627602809
3,UPFC_tsh,5-15,-0.23701942310776952,12,-0.23699861086862142,MAP_PMU,89,2.0812239148099154e-05
4,UPFC_Vse,5-15,0.06056987212628293,12,0.059055680618561764,MAP_PMU,89,0.0015141915077211687
5,UPFC_tse,5-15,-2.161853524340922,12,-2.166415390085353,MAP_PMU,89,0.004561865744431071
0,x_tcsc,1-14,-0.10814166792768666,13,-0.10803233126886942,MAP_PMU,89,0.00010933665881723842
1,B_svc,2,0.1780201445325982,13,0.17804581008833067,MAP_PMU,89,2.5665555732468093e-05
2,UPFC_Vsh,5-15,1.107330229978975,13,1.1094139934513632,MAP_PMU,89,0.002083763472388256
3,UPFC_tsh,5-15,-0.23703123062656165,13,-0.23699861086862142,MAP_PMU,89,3.2619757940222094e-05
4,UPFC_Vse,5-15,0.059786873504069554,13,0.059055680618561764,MAP_PMU,89,0.0007311928855077907
5,UPFC_tse,5-15,-2.154028810946409,13,-2.166415390085353,MAP_PMU,89,0.012386579138944143
0,x_tcsc,1-14,-0.10817197792576039,14,-0.10803233126886942,MAP_PMU,89,0.00013964665689096545
1,B_svc,2,0.17842428465994487,14,0.17804581008833067,MAP_PMU,89,0.0003784745716141902
2,UPFC_Vsh,5-15,1.107544782608551,14,1.1094139934513632,MAP_PMU,89,0.001869210842812219
3,UPFC_tsh,5-15,-0.2370235203273371,14,-0.23699861086862142,MAP_PMU,89,2.490945871566619e-05
4,UPFC_Vse,5-15,0.060091258988338676,14,0.059055680618561764,MAP_PMU,89,0.0010355783697769128
5,UPFC_tse,5-15,-2.167613689152548,14,-2.166415390085353,MAP_PMU,89,0.001198299067195041
0,x_tcsc,1-14,-0.10816349015335577,15,-0.10803233126886942,MAP_PMU,89,0.0001311588844863515
1,B_svc,2,0.17783086333046302,15,0.17804581008833067,MAP_PMU,89,0.00021494675786765116
2,UPFC_Vsh,5-15,1.107147035538613,15,1.1094139934513632,MAP_PMU,89,0.0022669579127501116
3,UPFC_tsh,5-15,-0.2370727095062826,15,-0.23699861086862142,MAP_PMU,89,7.409863766116853e-05
4,UPFC_Vse,5-15,0.0598014163199283,15,0.059055680618561764,MAP_PMU,89,0.0007457357013665386
5,UPFC_tse,5-15,-2.172295289054653,15,-2.166415390085353,MAP_PMU,89,0.005879898969300079
0,x_tcsc,1-14,-0.10816057452168476,16,-0.10803233126886942,MAP_PMU,89,0.00012824325281533822
1,B_svc,2,0.17832125919730651,16,0.17804581008833067,MAP_PMU,89,0.0002754491089758393
2,UPFC_Vsh,5-15,1.1073797715228761,16,1.1094139934513632,MAP_PMU,89,0.0020342219284870122
3,UPFC_tsh,5-15,-0.2369840286963149,16,-0.23699861086862142,MAP_PMU,89,1.4582172306515373e-05
4,UPFC_Vse,5-15,0.06037044654248912,16,0.059055680618561764,MAP_PMU,89,0.0013147659239273538
5,UPFC_tse,5-15,-2.1531291428940844,16,-2.166415390085353,MAP_PMU,89,0.013286247191268696
0,x_tcsc,1-14,-0.1081021588175769,17,-0.10803233126886942,MAP_PMU,89,6.982754870747676e-05
1,B_svc,2,0.17818146207404126,17,0.17804581008833067,MAP_PMU,89,0.00013565198571058312
2,UPFC_Vsh,5-15,1.1076318277685953,17,1.1094139934513632,MAP_PMU,89,0.0017821656827679
3,UPFC_tsh,5-15,-0.23703569214313253,17,-0.23699861086862142,MAP_PMU,89,3.708127451110266e-05
4,UPFC_Vse,5-15,0.05994187050972525,17,0.059055680618561764,MAP_PMU,89,0.0008861898911634858
5,UPFC_tse,5-15,-2.1560679080693372,17,-2.166415390085353,MAP_PMU,89,0.010347482016015874
0,x_tcsc,1-14,-0.10808581762487533,18,-0.10803233126886942,MAP_PMU,89,5.3486356005910674e-05
1,B_svc,2,0.17847318912094387,18,0.17804581008833067,MAP_PMU,89,0.00042737903261319543
2,UPFC_Vsh,5-15,1.1070660096863818,18,1.1094139934513632,MAP_PMU,89,0.002347983764981354
3,UPFC_tsh,5-15,-0.23701269816170342,18,-0.23699861086862142,MAP_PMU,89,1.4087293081999075e-05
4,UPFC_Vse,5-15,0.05989581801338186,18,0.059055680618561764,MAP_PMU,89,0.000840137394820098
5,UPFC_tse,5-15,-2.1678185592948185,18,-2.166415390085353,MAP_PMU,89,0.0014031692094653714
0,x_tcsc,1-14,-0.10806909502683551,19,-0.10803233126886942,MAP_PMU,89,3.6763757966087884e-05
1,B_svc,2,0.17785241300273041,19,0.17804581008833067,MAP_PMU,89,0.00019339708560026092
2,UPFC_Vsh,5-15,1.107463855926234,19,1.1094139934513632,MAP_PMU,89,0.0019501375251291808
3,UPFC_tsh,5-15,-0.2369417716463957,19,-0.23699861086862142,MAP_PMU,89,5.6839222225713026e-05
4,UPFC_Vse,5-15,0.06035820008380284,19,0.059055680618561764,MAP_PMU,89,0.0013025194652410768
5,UPFC_tse,5-15,-2.1657005863142347,19,-2.166415390085353,MAP_PMU,89,0.000714803771118433
0,x_tcsc,1-14,-0.10816305626409374,20,-0.10803233126886942,MAP_PMU,89,0.00013072499522431835
1,B_svc,2,0.1779811335425973,20,0.17804581008833067,MAP_PMU,89,6.467654573338866e-05
2,UPFC_Vsh,5-15,1.1079017103015247,20,1.1094139934513632,MAP_PMU,89,0.0015122831498384226
3,UPFC_tsh,5-15,-0.23702783092288648,20,-0.23699861086862142,MAP_PMU,89,2.9220054265061135e-05
4,UPFC_Vse,5-15,0.059861458166105684,20,0.059055680618561764,MAP_PMU,89,0.0008057775475439205
5,UPFC_tse,5-15,-2.1567818725163117,20,-2.166415390085353,MAP_PMU,89,0.009633517569041405
0,x_tcsc,1-14,-0.10810214974286135,21,-0.10803233126886942,MAP_PMU,89,6.981847399192831e-05
1,B_svc,2,0.17801300078931898,21,0.17804581008833067,MAP_PMU,89,3.2809299011699045e-05
2,UPFC_Vsh,5-15,1.107876468038622,21,1.1094139934513632,MAP_PMU,89,0.0015375254127412141
3,UPFC_tsh,5-15,-0.23705310490701897,21,-0.23699861086862142,MAP_PMU,89,5.449403839755118e-05
4,UPFC_Vse,5-15,0.059974477634274,21,0.059055680618561764,MAP_PMU,89,0.000918797015712236
5,UPFC_tse,5-15,-2.162422209305677,21,-2.166415390085353,MAP_PMU,89,0.003993180779676031
0,x_tcsc,1-14,-0.10811650907822853,22,-0.10803233126886942,MAP_PMU,89,8.417780935911223e-05
1,B_svc,2,0.1781062536496628,22,0.17804581008833067,MAP_PMU,89,6.044356133211304e-05
2,UPFC_Vsh,5-15,1.1073538748627545,22,1.1094139934513632,MAP_PMU,89,0.0020601185886086615
3,UPFC_tsh,5-15,-0.23704442055893943,22,-0.23699861086862142,MAP_PMU,89,4.580969031800497e-05
4,UPFC_Vse,5-15,0.05983730273913899,22,0.059055680618561764,MAP_PMU,89,0.0007816221205772245
5,UPFC_tse,5-15,-2.1679962313442878,22,-2.166415390085353,MAP_PMU,89,0.001580841258934651
0,x_tcsc,1-14,-0.10806493127318764,23,-0.10803233126886942,MAP_PMU,89,3.260000431822008e-05
1,B_svc,2,0.1779380772183827,23,0.17804581008833067,MAP_PMU,89,0.00010773286994797404
2,UPFC_Vsh,5-15,1.107556135930562,23,1.1094139934513632,MAP_PMU,89,0.0018578575208012538
3,UPFC_tsh,5-15,-0.23697145488780125,23,-0.23699861086862142,MAP_PMU,89,2.7155980820176007e-05
4,UPFC_Vse,5-15,0.06008347281219481,23,0.059055680618561764,MAP_PMU,89,0.0010277921936330467
5,UPFC_tse,5-15,-2.1667173061745686,23,-2.166415390085353,MAP_PMU,89,0.0003019160892154815
0,x_tcsc,1-14,-0.10814299489044875,24,-0.10803233126886942,MAP_PMU,89,0.00011066362157932663
1,B_svc,2,0.17811748225511587,24,0.17804581008833067,MAP_PMU,89,7.167216678519162e-05
2,UPFC_Vsh,5-15,1.1076032533581526,24,1.1094139934513632,MAP_PMU,89,0.0018107400932105833
3,UPFC_tsh,5-15,-0.23701867393469603,24,-0.23699861086862142,MAP_PMU,89,2.006306607460484e-05
4,UPFC_Vse,5-15,0.05973214693647637,24,0.059055680618561764,MAP_PMU,89,0.0006764663179146049
5,UPFC_tse,5-15,-2.159458288038445,24,-2.166415390085353,MAP_PMU,89,0.006957102046908137
0,x_tcsc,1-14,-0.10811708845259926,25,-0.10803233126886942,MAP_PMU,89,8.475718372984165e-05
1,B_svc,2,0.1781548028943879,25,0.17804581008833067,MAP_PMU,89,0.00010899280605722317
2,UPFC_Vsh,5-15,1.1075124479700313,25,1.1094139934513632,MAP_PMU,89,0.0019015454813318122
3,UPFC_tsh,5-15,-0.23700864825584,25,-0.23699861086862142,MAP_PMU,89,1.0037387218581051e-05
4,UPFC_Vse,5-15,0.060013712746193194,25,0.059055680618561764,MAP_PMU,89,0.0009580321276314308
5,UPFC_tse,5-15,-2.16448938389955,25,-2.166415390085353,MAP_PMU,89,0.0019260061858030753
0,x_tcsc,1-14,-0.10809072823605437,26,-0.10803233126886942,MAP_PMU,89,5.839696718494547e-05
1,B_svc,2,0.17841989586896925,26,0.17804581008833067,MAP_PMU,89,0.0003740857806385778
2,UPFC_Vsh,5-15,1.1078348765406603,26,1.1094139934513632,MAP_PMU,89,0.0015791169107028935
3,UPFC_tsh,5-15,-0.23712738755699148,26,-0.23699861086862142,MAP_PMU,89,0.00012877668837005252
4,UPFC_Vse,5-15,0.060197983756434356,26,0.059055680618561764,MAP_PMU,89,0.0011423031378725926
5,UPFC_tse,5-15,-2.1677406824179544,26,-2.166415390085353,MAP_PMU,89,0.0013252923326012578
0,x_tcsc,1-14,-0.10809059332096413,27,-0.10803233126886942,MAP_PMU,89,5.826205209470692e-05
1,B_svc,2,0.1782672020747433,27,0.17804581008833067,MAP_PMU,89,0.00022139198641263347
2,UPFC_Vsh,5-15,1.1075311098839533,27,1.1094139934513632,MAP_PMU,89,0.0018828835674098432
3,UPFC_tsh,5-15,-0.23702188409000433,27,-0.23699861086862142,MAP_PMU,89,2.327322138290233e-05
4,UPFC_Vse,5-15,0.06021506686689597,27,0.059055680618561764,MAP_PMU,89,0.0011593862483342057
5,UPFC_tse,5-15,-2.1662767865534938,27,-2.166415390085353,MAP_PMU,89,0.00013860353185934926
0,x_tcsc,1-14,-0.10809652442346734,28,-0.10803233126886942,MAP_PMU,89,6.419315459792185e-05
1,B_svc,2,0.177588937516276,28,0.17804581008833067,MAP_PMU,89,0.00045687257205467846
2,UPFC_Vsh,5-15,1.108116630301045,28,1.1094139934513632,MAP_PMU,89,0.0012973631503181426
3,UPFC_tsh,5-15,-0.23691022754009913,28,-0.23699861086862142,MAP_PMU,89,8.838332852229014e-05
4,UPFC_Vse,5-15,0.05983900866724598,28,0.059055680618561764,MAP_PMU,89,0.0007833280486842162
5,UPFC_tse,5-15,-2.167367070428749,28,-2.166415390085353,MAP_PMU,89,0.0009516803433959886
0,x_tcsc,1-14,-0.10810547126621838,29,-0.10803233126886942,MAP_PMU,89,7.313999734895327e-05
1,B_svc,2,0.1777006287018319,29,0.17804581008833067,MAP_PMU,89,0.0003451813864987774
2,UPFC_Vsh,5-15,1.1076551257087226,29,1.1094139934513632,MAP_PMU,89,0.0017588677426405575
3,UPFC_tsh,5-15,-0.2369513375701118,29,-0.23699861086862142,MAP_PMU,89,4.7273298509620254e-05
4,UPFC_Vse,5-15,0.06013214597279254,29,0.059055680618561764,MAP_PMU,89,0.0010764653542307753
5,UPFC_tse,5-15,-2.1493511988541205,29,-2.166415390085353,MAP_PMU,89,0.017064191231232595
0,x_tcsc,1-14,-0.10807098808528906,30,-0.10803233126886942,MAP_PMU,89,3.865681641963825e-05
1,B_svc,2,0.17760127785015162,30,0.17804581008833067,MAP_PMU,89,0.0004445322381790573
2,UPFC_Vsh,5-15,1.1074732663048361,30,1.1094139934513632,MAP_PMU,89,0.0019407271465270437
3,UPFC_tsh,5-15,-0.23704960524500826,30,-0.23699861086862142,MAP_PMU,89,5.0994376386837015e-05
4,UPFC_Vse,5-15,0.06013387786293499,30,0.059055680618561764,MAP_PMU,89,0.001078197244373226
5,UPFC_tse,5-15,-2.1607655500187755,30,-2.166415390085353,MAP_PMU,89,0.005649840066577649
0,x_tcsc,1-14,-0.10813948659200494,31,-0.10803233126886942,MAP_PMU,89,0.00010715532313551601
1,B_svc,2,0.17802594736647373,31,0.17804581008833067,MAP_PMU,89,1.986272185694471e-05
2,UPFC_Vsh,5-15,1.1076756194553985,31,1.1094139934513632,MAP_PMU,89,0.0017383739959646594
3,UPFC_tsh,5-15,-0.23698438189326215,31,-0.23699861086862142,MAP_PMU,89,1.422897535927059e-05
4,UPFC_Vse,5-15,0.060220014690968784,31,0.059055680618561764,MAP_PMU,89,0.0011643340724070209
5,UPFC_tse,5-15,-2.161954927987525,31,-2.166415390085353,MAP_PMU,89,0.004460462097827911
0,x_tcsc,1-14,-0.10804923360713484,32,-0.10803233126886942,MAP_PMU,89,1.6902338265414873e-05
1,B_svc,2,0.17789017563865372,32,0.17804581008833067,MAP_PMU,89,0.00015563444967695017
2,UPFC_Vsh,5-15,1.1075703068784495,32,1.1094139934513632,MAP_PMU,89,0.001843686572913672
3,UPFC_tsh,5-15,-0.2369661835050589,32,-0.23699861086862142,MAP_PMU,89,3.2427363562514966e-05
4,UPFC_Vse,5-15,0.059565759859250916,32,0.059055680618561764,MAP_PMU,89,0.0005100792406891527
5,UPFC_tse,5-15,-2.1659876825995386,32,-2.166415390085353,MAP_PMU,89,0.00042770748581455464
0,x_tcsc,1-14,-0.108101852704894,33,-0.10803233126886942,MAP_PMU,89,6.95214360245805e-05
1,B_svc,2,0.17835062695705917,33,0.17804581008833067,MAP_PMU,89,0.00030481686872849134
2,UPFC_Vsh,5-15,1.1075951760649618,33,1.1094139934513632,MAP_PMU,89,0.001818817386401328
3,UPFC_tsh,5-15,-0.23701188458071049,33,-0.23699861086862142,MAP_PMU,89,1.3273712089062473e-05
4,UPFC_Vse,5-15,0.05985116226378761,33,0.059055680618561764,MAP_PMU,89,0.0007954816452258456
5,UPFC_tse,5-15,-2.154534280582299,33,-2.166415390085353,MAP_PMU,89,0.011881109503053988
0,x_tcsc,1-14,-0.10806225745192707,34,-0.10803233126886942,MAP_PMU,89,2.9926183057651934e-05
1,B_svc,2,0.17774877212707926,34,0.17804581008833067,MAP_PMU,89,0.0002970379612514118
2,UPFC_Vsh,5-15,1.1078040364953836,34,1.1094139934513632,MAP_PMU,89,0.0016099569559795412
3,UPFC_tsh,5-15,-0.23700358989928724,34,-0.23699861086862142,MAP_PMU,89,4.979030665819284e-06
4,UPFC_Vse,5-15,0.059802112814597484,34,0.059055680618561764,MAP_PMU,89,0.0007464321960357206
5,UPFC_tse,5-15,-2.155295051202425,34,-2.166415390085353,MAP_PMU,89,0.01112033888292796
0,x_tcsc,1-14,-0.10814968046571663,35,-0.10803233126886942,MAP_PMU,89,0.0001173491968472079
1,B_svc,2,0.17839959215278928,35,0.17804581008833067,MAP_PMU,89,0.00035378206445860205
2,UPFC_Vsh,5-15,1.1079639548937328,35,1.1094139934513632,MAP_PMU,89,0.0014500385576303731
3,UPFC_tsh,5-15,-0.23701118806182245,35,-0.23699861086862142,MAP_PMU,89,1.257719320102435e-05
4,UPFC_Vse,5-15,0.06002606629456792,35,0.059055680618561764,MAP_PMU,89,0.000970385676006158
5,UPFC_tse,5-15,-2.1650587717648477,35,-2.166415390085353,MAP_PMU,89,0.0013566183205053761
0,x_tcsc,1-14,-0.10815617932367874,36,-0.10803233126886942,MAP_PMU,89,0.0001238480548093196
1,B_svc,2,0.17798991637298547,36,0.17804581008833067,MAP_PMU,89,5.5893715345201045e-05
2,UPFC_Vsh,5-15,1.1079451921277212,36,1.1094139934513632,MAP_PMU,89,0.0014688013236419106
3,UPFC_tsh,5-15,-0.2369298565735369,36,-0.23699861086862142,MAP_PMU,89,6.875429508451658e-05
4,UPFC_Vse,5-15,0.05991661937623541,36,0.059055680618561764,MAP_PMU,89,0.0008609387576736446
5,UPFC_tse,5-15,-2.1565879014808242,36,-2.166415390085353,MAP_PMU,89,0.009827488604528867
0,x_tcsc,1-14,-0.10813298869367487,37,-0.10803233126886942,MAP_PMU,89,0.00010065742480544482
1,B_svc,2,0.17837955771523548,37,0.17804581008833067,MAP_PMU,89,0.0003337476269048012
2,UPFC_Vsh,5-15,1.1078421784014783,37,1.1094139934513632,MAP_PMU,89,0.001571815049884906
3,UPFC_tsh,5-15,-0.2370035978745318,37,-0.23699861086862142,MAP_PMU,89,4.987005910367381e-06
4,UPFC_Vse,5-15,0.059357142301688814,37,0.059055680618561764,MAP_PMU,89,0.00030146168312705085
5,UPFC_tse,5-15,-2.1638512324019303,37,-2.166415390085353,MAP_PMU,89,0.002564157683422774
0,x_tcsc,1-14,-0.10809368068853559,38,-0.10803233126886942,MAP_PMU,89,6.134941966616514e-05
1,B_svc,2,0.17806094438659636,38,0.17804581008833067,MAP_PMU,89,1.5134298265689905e-05
2,UPFC_Vsh,5-15,1.107574716093249,38,1.1094139934513632,MAP_PMU,89,0.0018392773581141775
3,UPFC_tsh,5-15,-0.23694011908278848,38,-0.23699861086862142,MAP_PMU,89,5.849178583294812e-05
4,UPFC_Vse,5-15,0.06004640213627607,38,0.059055680618561764,MAP_PMU,89,0.0009907215177143089
5,UPFC_tse,5-15,-2.156619107649697,38,-2.166415390085353,MAP_PMU,89,0.00979628243565589
0,x_tcsc,1-14,-0.1081525896776474,39,-0.10803233126886942,MAP_PMU,89,0.00012025840877798177
1,B_svc,2,0.17859772533044757,39,0.17804581008833067,MAP_PMU,89,0.000551915242116896
2,UPFC_Vsh,5-15,1.1077164211362192,39,1.1094139934513632,MAP_PMU,89,0.0016975723151440025
3,UPFC_tsh,5-15,-0.23693635105256164,39,-0.23699861086862142,MAP_PMU,89,6.225981605978426e-05
4,UPFC_Vse,5-15,0.0597930463123623,39,0.059055680618561764,MAP_PMU,89,0.0007373656938005346
5,UPFC_tse,5-15,-2.152924566471451,39,-2.166415390085353,MAP_PMU,89,0.01349082361390197
0,x_tcsc,1-14,-0.1081476590761785,40,-0.10803233126886942,MAP_PMU,89,0.0001153278073090791
1,B_svc,2,0.17800709173508833,40,0.17804581008833067,MAP_PMU,89,3.871835324234518e-05
2,UPFC_Vsh,5-15,1.1077601182143637,40,1.1094139934513632,MAP_PMU,89,0.001653875236999447
3,UPFC_tsh,5-15,-0.23697346662066077,40,-0.23699861086862142,MAP_PMU,89,2.514424796065673e-05
4,UPFC_Vse,5-15,0.06003980381072947,40,0.059055680618561764,MAP_PMU,89,0.0009841231921677088
5,UPFC_tse,5-15,-2.1546270011815154,40,-2.166415390085353,MAP_PMU,89,0.01178838890383771
0,x_tcsc,1-14,-0.10808113991283201,41,-0.10803233126886942,MAP_PMU,89,4.8808643962588993e-05
1,B_svc,2,0.17850737753945417,41,0.17804581008833067,MAP_PMU,89,0.00046156745112349573
2,UPFC_Vsh,5-15,1.107524782103549,41,1.1094139934513632,MAP_PMU,89,0.001889211347814168
3,UPFC_tsh,5-15,-0.2370481653622244,41,-0.23699861086862142,MAP_PMU,89,4.955449360297126e-05
4,UPFC_Vse,5-15,0.06037137833797913,41,0.059055680618561764,MAP_PMU,89,0.0013156977194173636
5,UPFC_tse,5-15,-2.1718341584741547,41,-2.166415390085353,MAP_PMU,89,0.00541876838880162
0,x_tcsc,1-14,-0.10810986258487496,42,-0.10803233126886942,MAP_PMU,89,7.753131600553298e-05
1,B_svc,2,0.17800078061470806,42,0.17804581008833067,MAP_PMU,89,4.5029473622615335e-05
2,UPFC_Vsh,5-15,1.1073862758117,42,1.1094139934513632,MAP_PMU,89,0.0020277176396632512
3,UPFC_tsh,5-15,-0.23698763654472904,42,-0.23699861086862142,MAP_PMU,89,1.0974323892382065e-05
4,UPFC_Vse,5-15,0.06006372849352758,42,0.059055680618561764,MAP_PMU,89,0.001008047874965813
5,UPFC_tse,5-15,-2.1565060229181103,42,-2.166415390085353,MAP_PMU,89,0.009909367167242777
0,x_tcsc,1-14,-0.10810031875315172,43,-0.10803233126886942,MAP_PMU,89,6.798748428230028e-05
1,B_svc,2,0.1780259903459166,43,0.17804581008833067,MAP_PMU,89,1.981974241407891e-05
2,UPFC_Vsh,5-15,1.1074321008887014,43,1.1094139934513632,MAP_PMU,89,0.001981892562661791
3,UPFC_tsh,5-15,-0.23703376212113483,43,-0.23699861086862142,MAP_PMU,89,3.5151252513410114e-05
4,UPFC_Vse,5-15,0.06008353873377831,43,0.059055680618561764,MAP_PMU,89,0.0010278581152165442
5,UPFC_tse,5-15,-2.1641914266670454,43,-2.166415390085353,MAP_PMU,89,0.0022239634183076618
0,x_tcsc,1-14,-0.1081163126101077,44,-0.10803233126886942,MAP_PMU,89,8.398134123828449e-05
1,B_svc,2,0.17777102343749263,44,0.17804581008833067,MAP_PMU,89,0.0002747866508380492
2,UPFC_Vsh,5-15,1.1074455212278662,44,1.1094139934513632,MAP_PMU,89,0.001968472223496942
3,UPFC_tsh,5-15,-0.23702725179728926,44,-0.23699861086862142,MAP_PMU,89,2.864092866783352e-05
4,UPFC_Vse,5-15,0.05997911381523817,44,0.059055680618561764,MAP_PMU,89,0.0009234331966764056
5,UPFC_tse,5-15,-2.1646312187252708,44,-2.166415390085353,MAP_PMU,89,0.0017841713600823539
0,x_tcsc,1-14,-0.10811057925589107,45,-0.10803233126886942,MAP_PMU,89,7.824798702164848e-05
1,B_svc,2,0.17800202310653734,45,0.17804581008833067,MAP_PMU,89,4.378698179333118e-05
2,UPFC_Vsh,5-15,1.1077984100333145,45,1.1094139934513632,MAP_PMU,89,0.0016155834180486828
3,UPFC_tsh,5-15,-0.23697046211121991,45,-0.23699861086862142,MAP_PMU,89,2.814875740150824e-05
4,UPFC_Vse,5-15,0.059767225303540304,45,0.059055680618561764,MAP_PMU,89,0.0007115446849785406
5,UPFC_tse,5-15,-2.1607860594476542,45,-2.166415390085353,MAP_PMU,89,0.005629330637698882
0,x_tcsc,1-14,-0.1081186366052909,46,-0.10803233126886942,MAP_PMU,89,8.630533642148275e-05
1,B_svc,2,0.17847564480901493,46,0.17804581008833067,MAP_PMU,89,0.0004298347206842523
2,UPFC_Vsh,5-15,1.1075945423519977,46,1.1094139934513632,MAP_PMU,89,0.0018194510993654323
3,UPFC_tsh,5-15,-0.23697878730459895,46,-0.23699861086862142,MAP_PMU,89,1.9823564022469764e-05
4,UPFC_Vse,5-15,0.060070681064230774,46,0.059055680618561764,MAP_PMU,89,0.0010150004456690107
5,UPFC_tse,5-15,-2.1686121307453505,46,-2.166415390085353,MAP_PMU,89,0.0021967406599974204
0,x_tcsc,1-14,-0.1081325786053927,47,-0.10803233126886942,MAP_PMU,89,0.00010024733652327922
1,B_svc,2,0.17789619553082608,47,0.17804581008833067,MAP_PMU,89,0.0001496145575045904
2,UPFC_Vsh,5-15,1.1071033360141849,47,1.1094139934513632,MAP_PMU,89,0.0023106574371782873
3,UPFC_tsh,5-15,-0.23711528574252938,47,-0.23699861086862142,MAP_PMU,89,0.00011667487390795706
4,UPFC_Vse,5-15,0.0602164560981722,47,0.059055680618561764,MAP_PMU,89,0.0011607754796104375
5,UPFC_tse,5-15,-2.17133446834583,47,-2.166415390085353,MAP_PMU,89,0.0049190782604768835
0,x_tcsc,1-14,-0.10809713303860477,48,-0.10803233126886942,MAP_PMU,89,6.480176973534812e-05
1,B_svc,2,0.17814389976933775,48,0.17804581008833067,MAP_PMU,89,9.808968100707971e-05
2,UPFC_Vsh,5-15,1.1074033312354383,48,1.1094139934513632,MAP_PMU,89,0.00201066221592483
3,UPFC_tsh,5-15,-0.2370483899931224,48,-0.23699861086862142,MAP_PMU,89,4.977912450096489e-05
4,UPFC_Vse,5-15,0.060071357108504614,48,0.059055680618561764,MAP_PMU,89,0.0010156764899428503
5,UPFC_tse,5-15,-2.170190046107331,48,-2.166415390085353,MAP_PMU,89,0.003774656021978018
0,x_tcsc,1-14,-0.10814814776303051,49,-0.10803233126886942,MAP_PMU,89,0.00011581649416109174
1,B_svc,2,0.1774964142637747,49,0.17804581008833067,MAP_PMU,89,0.0005493958245559871
2,UPFC_Vsh,5-15,1.107872667320546,49,1.1094139934513632,MAP_PMU,89,0.0015413261308172554
3,UPFC_tsh,5-15,-0.23701513182858272,49,-0.23699861086862142,MAP_PMU,89,1.6520959961296988e-05
4,UPFC_Vse,5-15,0.06016997279295969,49,0.059055680618561764,MAP_PMU,89,0.0011142921743979295
5,UPFC_tse,5-15,-2.165202773793597,49,-2.166415390085353,MAP_PMU,89,0.0012126162917560634
0,x_tcsc,1-14,-0.10809788445339137,50,-0.10803233126886942,MAP_PMU,89,6.555318452194925e-05
1,B_svc,2,0.17784572190195172,50,0.17804581008833067,MAP_PMU,89,0.00020008818637895498
2,UPFC_Vsh,5-15,1.1073802452784989,50,1.1094139934513632,MAP_PMU,89,0.0020337481728642803
3,UPFC_tsh,5-15,-0.23703713340051283,50,-0.23699861086862142,MAP_PMU,89,3.852253189140509e-05
4,UPFC_Vse,5-15,0.060177191084120916,50,0.059055680618561764,MAP_PMU,89,0.001121510465559153
5,UPFC_tse,5-15,-2.1735888202043574,50,-2.166415390085353,MAP_PMU,89,0.007173430119004287
0,x_tcsc,1-14,-0.10811726724583534,51,-0.10803233126886942,MAP_PMU,89,8.493597696591915e-05
1,B_svc,2,0.177981727118882,51,0.17804581008833067,MAP_PMU,89,6.408296944868108e-05
2,UPFC_Vsh,5-15,1.1073598579837933,51,1.1094139934513632,MAP_PMU,89,0.0020541354675698287
3,UPFC_tsh,5-15,-0.23705085212242366,51,-0.23699861086862142,MAP_PMU,89,5.224125380223765e-05
4,UPFC_Vse,5-15,0.060203815378451764,51,0.059055680618561764,MAP_PMU,89,0.0011481347598900002
5,UPFC_tse,5-15,-2.1661489913415903,51,-2.166415390085353,MAP_PMU,89,0.0002663987437627746
0,x_tcsc,1-14,-0.10804300561635746,52,-0.10803233126886942,MAP_PMU,89,1.0674347488040525e-05
1,B_svc,2,0.17811122097020152,52,0.17804581008833067,MAP_PMU,89,6.54108818708421e-05
2,UPFC_Vsh,5-15,1.1079609433297994,52,1.1094139934513632,MAP_PMU,89,0.0014530501215637148
3,UPFC_tsh,5-15,-0.2370034418311785,52,-0.23699861086862142,MAP_PMU,89,4.8309625570730486e-06
4,UPFC_Vse,5-15,0.05981729000704454,52,0.059055680618561764,MAP_PMU,89,0.0007616093884827771
5,UPFC_tse,5-15,-2.1535883607362556,52,-2.166415390085353,MAP_PMU,89,0.012827029349097518
0,x_tcsc,1-14,-0.10816418606050167,53,-0.10803233126886942,MAP_PMU,89,0.00013185479163224656
1,B_svc,2,0.1784463862800842,53,0.17804581008833067,MAP_PMU,89,0.00040057619175351555
2,UPFC_Vsh,5-15,1.1077099373564525,53,1.1094139934513632,MAP_PMU,89,0.0017040560949106442
3,UPFC_tsh,5-15,-0.23697226087882212,53,-0.23699861086862142,MAP_PMU,89,2.6349989799306917e-05
4,UPFC_Vse,5-15,0.05992045120368763,53,0.059055680618561764,MAP_PMU,89,0.0008647705851258652
5,UPFC_tse,5-15,-2.15775726970834,53,-2.166415390085353,MAP_PMU,89,0.0086581203770133
0,x_tcsc,1-14,-0.10807083729640221,54,-0.10803233126886942,MAP_PMU,89,3.85060275327892e-05
1,B_svc,2,0.178289199581058,54,0.17804581008833067,MAP_PMU,89,0.00024338949272731392
2,UPFC_Vsh,5-15,1.107420994831228,54,1.1094139934513632,MAP_PMU,89,0.0019929986201352445
3,UPFC_tsh,5-15,-0.2371069643279954,54,-0.23699861086862142,MAP_PMU,89,0.00010835345937398877
4,UPFC_Vse,5-15,0.0605910779495471,54,0.059055680618561764,MAP_PMU,89,0.0015353973309853372
5,UPFC_tse,5-15,-2.1710205940729352,54,-2.166415390085353,MAP_PMU,89,0.004605203987582129
0,x_tcsc,1-14,-0.10807127419403605,55,-0.10803233126886942,MAP_PMU,89,3.894292516662401e-05
1,B_svc,2,0.17843523129899808,55,0.17804581008833067,MAP_PMU,89,0.0003894212106674011
2,UPFC_Vsh,5-15,1.1077640620292757,55,1.1094139934513632,MAP_PMU,89,0.0016499314220874695
3,UPFC_tsh,5-15,-0.23700542886322426,55,-0.23699861086862142,MAP_PMU,89,6.81799460283683e-06
4,UPFC_Vse,5-15,0.06015590038663761,55,0.059055680618561764,MAP_PMU,89,0.0011002197680758455
5,UPFC_tse,5-15,-2.1679298709293673,55,-2.166415390085353,MAP_PMU,89,0.0015144808440141766
0,x_tcsc,1-14,-0.10813751727837889,56,-0.10803233126886942,MAP_PMU,89,0.00010518600950946977
1,B_svc,2,0.17817893285754327,56,0.17804581008833067,MAP_PMU,89,0.0001331227692125958
2,UPFC_Vsh,5-15,1.1073243735025997,56,1.1094139934513632,MAP_PMU,89,0.0020896199487634437
3,UPFC_tsh,5-15,-0.23705476839584147,56,-0.23699861086862142,MAP_PMU,89,5.615752722004652e-05
4,UPFC_Vse,5-15,0.06027354872521348,56,0.059055680618561764,MAP_PMU,89,0.0012178681066517191
5,UPFC_tse,5-15,-2.169387159412985,56,-2.166415390085353,MAP_PMU,89,0.002971769327631879
0,x_tcsc,1-14,-0.10814811619755572,57,-0.10803233126886942,MAP_PMU,89,0.00011578492868630219
1,B_svc,2,0.1778517545875406,57,0.17804581008833067,MAP_PMU,89,0.0001940555007900746
2,UPFC_Vsh,5-15,1.1077046363886442,57,1.1094139934513632,MAP_PMU,89,0.001709357062718908
3,UPFC_tsh,5-15,-0.23708673475014552,57,-0.23699861086862142,MAP_PMU,89,8.812388152409922e-05
4,UPFC_Vse,5-15,0.059705403977535584,57,0.059055680618561764,MAP_PMU,89,0.0006497233589738208
5,UPFC_tse,5-15,-2.161522301741887,57,-2.166415390085353,MAP_PMU,89,0.004893088343465912
0,x_tcsc,1-14,-0.10812165371930861,58,-0.10803233126886942,MAP_PMU,89,8.932245043918874e-05
1,B_svc,2,0.17795031215116855,58,0.17804581008833067,MAP_PMU,89,9.549793716212562e-05
2,UPFC_Vsh,5-15,1.1076157949256191,58,1.1094139934513632,MAP_PMU,89,0.0017981985257440325
3,UPFC_tsh,5-15,-0.23704376709989253,58,-0.23699861086862142,MAP_PMU,89,4.515623127110402e-05
4,UPFC_Vse,5-15,0.06008426475309314,58,0.059055680618561764,MAP_PMU,89,0.0010285841345313781
5,UPFC_tse,5-15,-2.151876553716062,58,-2.166415390085353,MAP_PMU,89,0.014538836369291097
0,x_tcsc,1-14,-0.10814242699644147,59,-0.10803233126886942,MAP_PMU,89,0.00011009572757204877
1,B_svc,2,0.1777428312041037,59,0.17804581008833067,MAP_PMU,89,0.0003029788842269787
2,UPFC_Vsh,5-15,1.1073939391419507,59,1.1094139934513632,MAP_PMU,89,0.0020200543094124335
3,UPFC_tsh,5-15,-0.23699737505375126,59,-0.23699861086862142,MAP_PMU,89,1.2358148701596683e-06
4,UPFC_Vse,5-15,0.06013607431259635,59,0.059055680618561764,MAP_PMU,89,0.0010803936940345857
5,UPFC_tse,5-15,-2.163983747335234,59,-2.166415390085353,MAP_PMU,89,0.0024316427501189786
0,x_tcsc,1-14,-0.10813357421514082,60,-0.10803233126886942,MAP_PMU,89,0.00010124294627139596
1,B_svc,2,0.17836996229910806,60,0.17804581008833067,MAP_PMU,89,0.00032415221077738976
2,UPFC_Vsh,5-15,1.1075223305211281,60,1.1094139934513632,MAP_PMU,89,0.0018916629302350163
3,UPFC_tsh,5-15,-0.23704430050809755,60,-0.23699861086862142,MAP_PMU,89,4.5689639476126365e-05
4,UPFC_Vse,5-15,0.06038316422773396,60,0.059055680618561764,MAP_PMU,89,0.0013274836091721962
5,UPFC_tse,5-15,-2.1724121307239925,60,-2.166415390085353,MAP_PMU,89,0.0059967406386394195
0,x_tcsc,1-14,-0.1081440082563285,61,-0.10803233126886942,MAP_PMU,89,0.00011167698745907784
1,B_svc,2,0.17845913607741368,61,0.17804581008833067,MAP_PMU,89,0.0004133259890830021
2,UPFC_Vsh,5-15,1.1074154811477421,61,1.1094139934513632,MAP_PMU,89,0.001998512303621025
3,UPFC_tsh,5-15,-0.23701451869673731,61,-0.23699861086862142,MAP_PMU,89,1.5907828115890865e-05
4,UPFC_Vse,5-15,0.06003254683222465,61,0.059055680618561764,MAP_PMU,89,0.0009768662136628858
5,UPFC_tse,5-15,-2.1634334977120324,61,-2.166415390085353,MAP_PMU,89,0.0029818923733206937
0,x_tcsc,1-14,-0.10808239254937853,62,-0.10803233126886942,MAP_PMU,89,5.0061280509106076e-05
1,B_svc,2,0.17829076855417303,62,0.17804581008833067,MAP_PMU,89,0.00024495846584235426
2,UPFC_Vsh,5-15,1.1072593501404193,62,1.1094139934513632,MAP_PMU,89,0.002154643310943838
3,UPFC_tsh,5-15,-0.23707894565954654,62,-0.23699861086862142,MAP_PMU,89,8.033479092511842e-05
4,UPFC_Vse,5-15,0.05962266199103902,62,0.059055680618561764,MAP_PMU,89,0.0005669813724772585
5,UPFC_tse,5-15,-2.1669688309796222,62,-2.166415390085353,MAP_PMU,89,0.0005534408942691194
0,x_tcsc,1-14,-0.10809175953589052,63,-0.10803233126886942,MAP_PMU,89,5.9428267021099934e-05
1,B_svc,2,0.17836763726721766,63,0.17804581008833067,MAP_PMU,89,0.0003218271788869853
2,UPFC_Vsh,5-15,1.1075653316727017,63,1.1094139934513632,MAP_PMU,89,0.0018486617786614978
3,UPFC_tsh,5-15,-0.23698071373200802,63,-0.23699861086862142,MAP_PMU,89,1.7897136613403974e-05
4,UPFC_Vse,5-15,0.059550442330757444,63,0.059055680618561764,MAP_PMU,89,0.0004947617121956807
5,UPFC_tse,5-15,-2.156502549397785,63,-2.166415390085353,MAP_PMU,89,0.009912840687567925
0,x_tcsc,1-14,-0.10812195239908981,64,-0.10803233126886942,MAP_PMU,89,8.962113022038809e-05
1,B_svc,2,0.17795175961509313,64,0.17804581008833067,MAP_PMU,89,9.405047323754467e-05
2,UPFC_Vsh,5-15,1.1074344811677628,64,1.1094139934513632,MAP_PMU,89,0.001979512283600382
3,UPFC_tsh,5-15,-0.2370837771449775,64,-0.23699861086862142,MAP_PMU,89,8.516627635607454e-05
4,UPFC_Vse,5-15,0.06012058468265773,64,0.059055680618561764,MAP_PMU,89,0.0010649040640959631
5,UPFC_tse,5-15,-2.1588888377849536,64,-2.166415390085353,MAP_PMU,89,0.007526552300399558
0,x_tcsc,1-14,-0.10811430216053185,65,-0.10803233126886942,MAP_PMU,89,8.19708916624251e-05
1,B_svc,2,0.1778462877292487,65,0.17804581008833067,MAP_PMU,89,0.00019952235908196614
2,UPFC_Vsh,5-15,1.1080560234493035,65,1.1094139934513632,MAP_PMU,89,0.0013579700020596164
3,UPFC_tsh,5-15,-0.23694622747293653,65,-0.23699861086862142,MAP_PMU,89,5.23833956848907e-05
4,UPFC_Vse,5-15,0.05997937461779141,65,0.059055680618561764,MAP_PMU,89,0.0009236939992296467
5,UPFC_tse,5-15,-2.159483814916097,65,-2.166415390085353,MAP_PMU,89,0.006931575169256021
0,x_tcsc,1-14,-0.10809008788567939,66,-0.10803233126886942,MAP_PMU,89,5.775661680997024e-05
1,B_svc,2,0.1783055200486568,66,0.17804581008833067,MAP_PMU,89,0.00025970996032612104
2,UPFC_Vsh,5-15,1.1077289523106304,66,1.1094139934513632,MAP_PMU,89,0.001685041140732757
3,UPFC_tsh,5-15,-0.23695640893429434,66,-0.23699861086862142,MAP_PMU,89,4.220193432707964e-05
4,UPFC_Vse,5-15,0.059956841072644866,66,0.059055680618561764,MAP_PMU,89,0.0009011604540831025
5,UPFC_tse,5-15,-2.162019628551292,66,-2.166415390085353,MAP_PMU,89,0.004395761534061293
0,x_tcsc,1-14,-0.108114408363617,67,-0.10803233126886942,MAP_PMU,89,8.207709474758462e-05
1,B_svc,2,0.1781735227643299,67,0.17804581008833067,MAP_PMU,89,0.00012771267599923086
2,UPFC_Vsh,5-15,1.1074167837968305,67,1.1094139934513632,MAP_PMU,89,0.00199720965453265
3,UPFC_tsh,5-15,-0.23705318996036662,67,-0.23699861086862142,MAP_PMU,89,5.457909174519382e-05
4,UPFC_Vse,5-15,0.060376342178855166,67,0.059055680618561764,MAP_PMU,89,0.0013206615602934027
5,UPFC_tse,5-15,-2.1612487891106515,67,-2.166415390085353,MAP_PMU,89,0.005166600974701563
0,x_tcsc,1-14,-0.10818661989370561,68,-0.10803233126886942,MAP_PMU,89,0.00015428862483618522
1,B_svc,2,0.17838509362656152,68,0.17804581008833067,MAP_PMU,89,0.00033928353823084456
2,UPFC_Vsh,5-15,1.1078237068960048,68,1.1094139934513632,MAP_PMU,89,0.0015902865553583112
3,UPFC_tsh,5-15,-0.2369153992201359,68,-0.23699861086862142,MAP_PMU,89,8.321164848551499e-05
4,UPFC_Vse,5-15,0.060031496924842276,68,0.059055680618561764,MAP_PMU,89,0.0009758163062805122
5,UPFC_tse,5-15,-2.1588167196960772,68,-2.166415390085353,MAP_PMU,89,0.007598670389275863
0,x_tcsc,1-14,-0.10810351388858432,69,-0.10803233126886942,MAP_PMU,89,7.118261971489348e-05
1,B_svc,2,0.1785087859170433,69,0.17804581008833067,MAP_PMU,89,0.00046297582871263065
2,UPFC_Vsh,5-15,1.1072266679361182,69,1.1094139934513632,MAP_PMU,89,0.00218732551524492
3,UPFC_tsh,5-15,-0.2371598940606952,69,-0.23699861086862142,MAP_PMU,89,0.0001612831920737856
4,UPFC_Vse,5-15,0.059686084608340954,69,0.059055680618561764,MAP_PMU,89,0.0006304039897791908
5,UPFC_tse,5-15,-2.173846359746345,69,-2.166415390085353,MAP_PMU,89,0.007430969660991771
0,x_tcsc,1-14,-0.1081110015705335,70,-0.10803233126886942,MAP_PMU,89,7.867030166407163e-05
1,B_svc,2,0.1785767772759663,70,0.17804581008833067,MAP_PMU,89,0.0005309671876356226
2,UPFC_Vsh,5-15,1.1077193895871935,70,1.1094139934513632,MAP_PMU,89,0.0016946038641696415
3,UPFC_tsh,5-15,-0.23706075688711098,70,-0.23699861086862142,MAP_PMU,89,6.214601848955614e-05
4,UPFC_Vse,5-15,0.06014080409575521,70,0.059055680618561764,MAP_PMU,89,0.0010851234771934448
5,UPFC_tse,5-15,-2.170270805851972,70,-2.166415390085353,MAP_PMU,89,0.0038554157666190747
0,x_tcsc,1-14,-0.1080470716505819,71,-0.10803233126886942,MAP_PMU,89,1.4740381712480266e-05
1,B_svc,2,0.17808265346663701,71,0.17804581008833067,MAP_PMU,89,3.6843378306339325e-05
2,UPFC_Vsh,5-15,1.1075123467681345,71,1.1094139934513632,MAP_PMU,89,0.001901646683228675
3,UPFC_tsh,5-15,-0.23703091437836557,71,-0.23699861086862142,MAP_PMU,89,3.2303509744147085e-05
4,UPFC_Vse,5-15,0.059664109719622174,71,0.059055680618561764,MAP_PMU,89,0.0006084291010604106
5,UPFC_tse,5-15,-2.1735485747351917,71,-2.166415390085353,MAP_PMU,89,0.0071331846498385865
0,x_tcsc,1-14,-0.1081298153354067,72,-0.10803233126886942,MAP_PMU,89,9.748406653728448e-05
1,B_svc,2,0.17799971005297846,72,0.17804581008833067,MAP_PMU,89,4.610003535221452e-05
2,UPFC_Vsh,5-15,1.1073734806461493,72,1.1094139934513632,MAP_PMU,89,0.00204051280521389
3,UPFC_tsh,5-15,-0.2369836100387823,72,-0.23699861086862142,MAP_PMU,89,1.5000829839129093e-05
4,UPFC_Vse,5-15,0.059656533861884416,72,0.059055680618561764,MAP_PMU,89,0.0006008532433226521
5,UPFC_tse,5-15,-2.1599646519042426,72,-2.166415390085353,MAP_PMU,89,0.006450738181110527
0,x_tcsc,1-14,-0.10808057332400517,73,-0.10803233126886942,MAP_PMU,89,4.8242055135747086e-05
1,B_svc,2,0.17783969289212342,73,0.17804581008833067,MAP_PMU,89,0.00020611719620725055
2,UPFC_Vsh,5-15,1.107404275960153,73,1.1094139934513632,MAP_PMU,89,0.00200971749121015
3,UPFC_tsh,5-15,-0.23706342469803263,73,-0.23699861086862142,MAP_PMU,89,6.481382941120328e-05
4,UPFC_Vse,5-15,0.06040717399584447,73,0.059055680618561764,MAP_PMU,89,0.0013514933772827073
5,UPFC_tse,5-15,-2.170713198964295,73,-2.166415390085353,MAP_PMU,89,0.004297808878941822
0,x_tcsc,1-14,-0.10812706878628611,74,-0.10803233126886942,MAP_PMU,89,9.473751741669034e-05
1,B_svc,2,0.1778674124198269,74,0.17804581008833067,MAP_PMU,89,0.00017839766850377692
2,UPFC_Vsh,5-15,1.1073839761292006,74,1.1094139934513632,MAP_PMU,89,0.0020300173221625695
3,UPFC_tsh,5-15,-0.23703200402029456,74,-0.23699861086862142,MAP_PMU,89,3.339315167313894e-05
4,UPFC_Vse,5-15,0.06024006231976749,74,0.059055680618561764,MAP_PMU,89,0.0011843817012057237
5,UPFC_tse,5-15,-2.168611241300186,74,-2.166415390085353,MAP_PMU,89,0.002195851214832789
0,x_tcsc,1-14,-0.10810727678287387,75,-0.10803233126886942,MAP_PMU,89,7.494551400444305e-05
1,B_svc,2,0.17859563704658254,75,0.17804581008833067,MAP_PMU,89,0.00054982695825187
2,UPFC_Vsh,5-15,1.1075029552057232,75,1.1094139934513632,MAP_PMU,89,0.0019110382456399844
3,UPFC_tsh,5-15,-0.23699500758501493,75,-0.23699861086862142,MAP_PMU,89,3.603283606490315e-06
4,UPFC_Vse,5-15,0.05996203693210202,75,0.059055680618561764,MAP_PMU,89,0.0009063563135402533
5,UPFC_tse,5-15,-2.1699168508724007,75,-2.166415390085353,MAP_PMU,89,0.0035014607870476055
0,x_tcsc,1-14,-0.10814422519101141,76,-0.10803233126886942,MAP_PMU,89,0.00011189392214198957
1,B_svc,2,0.1780636008916861,76,0.17804581008833067,MAP_PMU,89,1.7790803355427487e-05
2,UPFC_Vsh,5-15,1.1077989557426866,76,1.1094139934513632,MAP_PMU,89,0.0016150377086765477
3,UPFC_tsh,5-15,-0.23693169825375154,76,-0.23699861086862142,MAP_PMU,89,6.691261486987954e-05
4,UPFC_Vse,5-15,0.06015613848459587,76,0.059055680618561764,MAP_PMU,89,0.0011004578660341047
5,UPFC_tse,5-15,-2.154119737447085,76,-2.166415390085353,MAP_PMU,89,0.012295652638268262
0,x_tcsc,1-14,-0.10808172052160178,77,-0.10803233126886942,MAP_PMU,89,4.938925273235972e-05
1,B_svc,2,0.1781618023229748,77,0.17804581008833067,MAP_PMU,89,0.0001159922346441189
2,UPFC_Vsh,5-15,1.107725475669127,77,1.1094139934513632,MAP_PMU,89,0.0016885177822361097
3,UPFC_tsh,5-15,-0.23700950054657471,77,-0.23699861086862142,MAP_PMU,89,1.0889677953290766e-05
4,UPFC_Vse,5-15,0.060048610801037045,77,0.059055680618561764,MAP_PMU,89,0.000992930182475281
5,UPFC_tse,5-15,-2.1589965602398458,77,-2.166415390085353,MAP_PMU,89,0.0074188298455073465
0,x_tcsc,1-14,-0.10814437377223769,78,-0.10803233126886942,MAP_PMU,89,0.00011204250336827037
1,B_svc,2,0.1777943769194436,78,0.17804581008833067,MAP_PMU,89,0.00025143316888706635
2,UPFC_Vsh,5-15,1.1077606448287942,78,1.1094139934513632,MAP_PMU,89,0.0016533486225689398
3,UPFC_tsh,5-15,-0.23695191556788436,78,-0.23699861086862142,MAP_PMU,89,4.669530073705963e-05
4,UPFC_Vse,5-15,0.05979766058844024,78,0.059055680618561764,MAP_PMU,89,0.0007419799698784799
5,UPFC_tse,5-15,-2.1600674121307724,78,-2.166415390085353,MAP_PMU,89,0.006347977954580752
0,x_tcsc,1-14,-0.10806783987173721,79,-0.10803233126886942,MAP_PMU,89,3.550860286778701e-05
1,B_svc,2,0.17817949890871204,79,0.17804581008833067,MAP_PMU,89,0.00013368882038136687
2,UPFC_Vsh,5-15,1.1079065894452214,79,1.1094139934513632,MAP_PMU,89,0.0015074040061417993
3,UPFC_tsh,5-15,-0.2369512739665435,79,-0.23699861086862142,MAP_PMU,89,4.7336902077921295e-05
4,UPFC_Vse,5-15,0.05948985134440128,79,0.059055680618561764,MAP_PMU,89,0.00043417072583951805
5,UPFC_tse,5-15,-2.1555036673946097,79,-2.166415390085353,MAP_PMU,89,0.010911722690743364
0,x_tcsc,1-14,-0.10806417083859349,80,-0.10803233126886942,MAP_PMU,89,3.183956972406532e-05
1,B_svc,2,0.1779922908397316,80,0.17804581008833067,MAP_PMU,89,5.351924859908763e-05
2,UPFC_Vsh,5-15,1.1073725303909163,80,1.1094139934513632,MAP_PMU,89,0.0020414630604468353
3,UPFC_tsh,5-15,-0.23702755890162103,80,-0.23699861086862142,MAP_PMU,89,2.8948032999603912e-05
4,UPFC_Vse,5-15,0.05983292339675402,80,0.059055680618561764,MAP_PMU,89,0.0007772427781922581
5,UPFC_tse,5-15,-2.164370586167025,80,-2.166415390085353,MAP_PMU,89,0.002044803918328064
0,x_tcsc,1-14,-0.10813126317387692,81,-0.10803233126886942,MAP_PMU,89,9.893190500749605e-05
1,B_svc,2,0.17769185226619677,81,0.17804581008833067,MAP_PMU,89,0.0003539578221339046
2,UPFC_Vsh,5-15,1.1076513341590932,81,1.1094139934513632,MAP_PMU,89,0.0017626592922699302
3,UPFC_tsh,5-15,-0.23698400524229912,81,-0.23699861086862142,MAP_PMU,89,1.4605626322300447e-05
4,UPFC_Vse,5-15,0.060367885092644874,81,0.059055680618561764,MAP_PMU,89,0.0013122044740831104
5,UPFC_tse,5-15,-2.1652760758395275,81,-2.166415390085353,MAP_PMU,89,0.0011393142458255845
0,x_tcsc,1-14,-0.10807215514273594,82,-0.10803233126886942,MAP_PMU,89,3.98238738665152e-05
1,B_svc,2,0.1780138205534779,82,0.17804581008833067,MAP_PMU,89,3.198953485278322e-05
2,UPFC_Vsh,5-15,1.107609530003666,82,1.1094139934513632,MAP_PMU,89,0.0018044634476972465
3,UPFC_tsh,5-15,-0.23702690774898003,82,-0.23699861086862142,MAP_PMU,89,2.829688035860256e-05
4,UPFC_Vse,5-15,0.05995335529177234,82,0.059055680618561764,MAP_PMU,89,0.0008976746732105786
5,UPFC_tse,5-15,-2.170671539684605,82,-2.166415390085353,MAP_PMU,89,0.004256149599251913
0,x_tcsc,1-14,-0.10811514242331169,83,-0.10803233126886942,MAP_PMU,89,8.281115444226661e-05
1,B_svc,2,0.17829511042005253,83,0.17804581008833067,MAP_PMU,89,0.0002493003317218523
2,UPFC_Vsh,5-15,1.1074098463932178,83,1.1094139934513632,MAP_PMU,89,0.0020041470581453336
3,UPFC_tsh,5-15,-0.23711593881741386,83,-0.23699861086862142,MAP_PMU,89,0.00011732794879243391
4,UPFC_Vse,5-15,0.06037956843002193,83,0.059055680618561764,MAP_PMU,89,0.0013238878114601657
5,UPFC_tse,5-15,-2.1741052726003947,83,-2.166415390085353,MAP_PMU,89,0.007689882515041546
0,x_tcsc,1-14,-0.10809541536181363,84,-0.10803233126886942,MAP_PMU,89,6.30840929442128e-05
1,B_svc,2,0.17823056434464363,84,0.17804581008833067,MAP_PMU,89,0.00018475425631295228
2,UPFC_Vsh,5-15,1.107854275883183,84,1.1094139934513632,MAP_PMU,89,0.0015597175681800746
3,UPFC_tsh,5-15,-0.23695270395831072,84,-0.23699861086862142,MAP_PMU,89,4.5906910310700155e-05
4,UPFC_Vse,5-15,0.0597493796547278,84,0.059055680618561764,MAP_PMU,89,0.0006936990361660345
5,UPFC_tse,5-15,-2.1582288762483532,84,-2.166415390085353,MAP_PMU,89,0.008186513836999865
0,x_tcsc,1-14,-0.10812617731857159,85,-0.10803233126886942,MAP_PMU,89,9.384604970216759e-05
1,B_svc,2,0.17780934529368644,85,0.17804581008833067,MAP_PMU,89,0.0002364647946442311
2,UPFC_Vsh,5-15,1.107214167248907,85,1.1094139934513632,MAP_PMU,89,0.0021998262024560677
3,UPFC_tsh,5-15,-0.23705812201227403,85,-0.23699861086862142,MAP_PMU,89,5.9511143652601906e-05
4,UPFC_Vse,5-15,0.060028605522840436,85,0.059055680618561764,MAP_PMU,89,0.0009729249042786728
5,UPFC_tse,5-15,-2.1666800787166953,85,-2.166415390085353,MAP_PMU,89,0.00026468863134221365
0,x_tcsc,1-14,-0.10817383038458302,86,-0.10803233126886942,MAP_PMU,89,0.00014149911571359475
1,B_svc,2,0.17785694213847195,86,0.17804581008833067,MAP_PMU,89,0.00018886794985872868
2,UPFC_Vsh,5-15,1.1080657125540625,86,1.1094139934513632,MAP_PMU,89,0.0013482808973006577
3,UPFC_tsh,5-15,-0.23697251294961444,86,-0.23699861086862142,MAP_PMU,89,2.6097919006984327e-05
4,UPFC_Vse,5-15,0.05998378128351092,86,0.059055680618561764,MAP_PMU,89,0.0009281006649491594
5,UPFC_tse,5-15,-2.156269477469138,86,-2.166415390085353,MAP_PMU,89,0.010145912616215114
0,x_tcsc,1-14,-0.10810379404420349,87,-0.10803233126886942,MAP_PMU,89,7.146277533406908e-05
1,B_svc,2,0.17786163867286073,87,0.17804581008833067,MAP_PMU,89,0.00018417141546994698
2,UPFC_Vsh,5-15,1.1077249386039054,87,1.1094139934513632,MAP_PMU,89,0.0016890548474577383
3,UPFC_tsh,5-15,-0.23700174216680892,87,-0.23699861086862142,MAP_PMU,89,3.1312981874920265e-06
4,UPFC_Vse,5-15,0.060109838371754244,87,0.059055680618561764,MAP_PMU,89,0.0010541577531924806
5,UPFC_tse,5-15,-2.1600881827598335,87,-2.166415390085353,MAP_PMU,89,0.006327207325519613
0,x_tcsc,1-14,-0.10807605331432726,88,-0.10803233126886942,MAP_PMU,89,4.372204545784186e-05
1,B_svc,2,0.17787313546808198,88,0.17804581008833067,MAP_PMU,89,0.00017267462024869729
2,UPFC_Vsh,5-15,1.1076422961988828,88,1.1094139934513632,MAP_PMU,89,0.0017716972524803865
3,UPFC_tsh,5-15,-0.23704640922775455,88,-0.23699861086862142,MAP_PMU,89,4.779835913312769e-05
4,UPFC_Vse,5-15,0.0595811354144839,88,0.059055680618561764,MAP_PMU,89,0.0005254547959221353
5,UPFC_tse,5-15,-2.1696498809744686,88,-2.166415390085353,MAP_PMU,89,0.0032344908891155377
0,x_tcsc,1-14,-0.10815517423915,89,-0.10803233126886942,MAP_PMU,89,0.00012284297028057611
1,B_svc,2,0.17775342272558403,89,0.17804581008833067,MAP_PMU,89,0.00029238736274664334
2,UPFC_Vsh,5-15,1.1076632268795614,89,1.1094139934513632,MAP_PMU,89,0.0017507665718017318
3,UPFC_tsh,5-15,-0.23701272822301608,89,-0.23699861086862142,MAP_PMU,89,1.4117354394660442e-05
4,UPFC_Vse,5-15,0.05966815462088193,89,0.059055680618561764,MAP_PMU,89,0.0006124740023201666
5,UPFC_tse,5-15,-2.1614022091789646,89,-2.166415390085353,MAP_PMU,89,0.00501318090638847
0,x_tcsc,1-14,-0.10812840253969117,90,-0.10803233126886942,MAP_PMU,89,9.607127082174316e-05
1,B_svc,2,0.1784128660647209,90,0.17804581008833067,MAP_PMU,89,0.0003670559763902237
2,UPFC_Vsh,5-15,1.107660502477331,90,1.1094139934513632,MAP_PMU,89,0.0017534909740322124
3,UPFC_tsh,5-15,-0.23706649801633706,90,-0.23699861086862142,MAP_PMU,89,6.788714771563398e-05
4,UPFC_Vse,5-15,0.059603851653227034,90,0.059055680618561764,MAP_PMU,89,0.0005481710346652707
5,UPFC_tse,5-15,-2.166189014058958,90,-2.166415390085353,MAP_PMU,89,0.0002263760263949699
0,x_tcsc,1-14,-0.10811934800851612,91,-0.10803233126886942,MAP_PMU,89,8.701673964670031e-05
1,B_svc,2,0.17758459858408582,91,0.17804581008833067,MAP_PMU,89,0.00046121150424485724
2,UPFC_Vsh,5-15,1.1073967685792687,91,1.1094139934513632,MAP_PMU,89,0.0020172248720944363
3,UPFC_tsh,5-15,-0.2369303576557902,91,-0.23699861086862142,MAP_PMU,89,6.825321283121522e-05
4,UPFC_Vse,5-15,0.060217775445747974,91,0.059055680618561764,MAP_PMU,89,0.0011620948271862108
5,UPFC_tse,5-15,-2.1637080303936584,91,-2.166415390085353,MAP_PMU,89,0.0027073596916946663
0,x_tcsc,1-14,-0.10812174464763402,92,-0.10803233126886942,MAP_PMU,89,8.941337876459954e-05
1,B_svc,2,0.17817789839737866,92,0.17804581008833067,MAP_PMU,89,0.00013208830904798408
2,UPFC_Vsh,5-15,1.1076802837110784,92,1.1094139934513632,MAP_PMU,89,0.0017337097402847501
3,UPFC_tsh,5-15,-0.23698178810405732,92,-0.23699861086862142,MAP_PMU,89,1.682276456410614e-05
4,UPFC_Vse,5-15,0.06007201789248397,92,0.059055680618561764,MAP_PMU,89,0.0010163372739222035
5,UPFC_tse,5-15,-2.1594830527215585,92,-2.166415390085353,MAP_PMU,89,0.006932337363794616
0,x_tcsc,1-14,-0.10806958890956692,93,-0.10803233126886942,MAP_PMU,89,3.725764069749393e-05
1,B_svc,2,0.17742788635909074,93,0.17804581008833067,MAP_PMU,89,0.0006179237292399387
2,UPFC_Vsh,5-15,1.1077538415529327,93,1.1094139934513632,MAP_PMU,89,0.0016601518984304953
3,UPFC_tsh,5-15,-0.2369985901860877,93,-0.23699861086862142,MAP_PMU,89,2.0682533713456408e-08
4,UPFC_Vse,5-15,0.060343125859857495,93,0.059055680618561764,MAP_PMU,89,0.0012874452412957316
5,UPFC_tse,5-15,-2.158770489398381,93,-2.166415390085353,MAP_PMU,89,0.0076449006869721
0,x_tcsc,1-14,-0.10812857321576548,94,-0.10803233126886942,MAP_PMU,89,9.624194689605847e-05
1,B_svc,2,0.1777729343304366,94,0.17804581008833067,MAP_PMU,89,0.0002728757578940866
2,UPFC_Vsh,5-15,1.1075394162827696,94,1.1094139934513632,MAP_PMU,89,0.0018745771685935164
3,UPFC_tsh,5-15,-0.23693696474694004,94,-0.23699861086862142,MAP_PMU,89,6.164612168138572e-05
4,UPFC_Vse,5-15,0.059471585226627266,94,0.059055680618561764,MAP_PMU,89,0.0004159046080655024
5,UPFC_tse,5-15,-2.1645992167190795,94,-2.166415390085353,MAP_PMU,89,0.001816173366273599
0,x_tcsc,1-14,-0.10810163342263322,95,-0.10803233126886942,MAP_PMU,89,6.930215376380056e-05
1,B_svc,2,0.17824346516930073,95,0.17804581008833067,MAP_PMU,89,0.00019765508097005502
2,UPFC_Vsh,5-15,1.1073673007686222,95,1.1094139934513632,MAP_PMU,89,0.002046692682740936
3,UPFC_tsh,5-15,-0.23707227524922728,95,-0.23699861086862142,MAP_PMU,89,7.366438060585345e-05
4,UPFC_Vse,5-15,0.05999147443023975,95,0.059055680618561764,MAP_PMU,89,0.000935793811677986
5,UPFC_tse,5-15,-2.1674751301557698,95,-2.166415390085353,MAP_PMU,89,0.0010597400704166482
0,x_tcsc,1-14,-0.10813426723318732,96,-0.10803233126886942,MAP_PMU,89,0.00010193596431790075
1,B_svc,2,0.17856805423666924,96,0.17804581008833067,MAP_PMU,89,0.0005222441483385687
2,UPFC_Vsh,5-15,1.1076890836543059,96,1.1094139934513632,MAP_PMU,89,0.0017249097970573057
3,UPFC_tsh,5-15,-0.2369978790246641,96,-0.23699861086862142,MAP_PMU,89,7.318439573245072e-07
4,UPFC_Vse,5-15,0.059902289569193835,96,0.059055680618561764,MAP_PMU,89,0.0008466089506320718
5,UPFC_tse,5-15,-2.1657796812367303,96,-2.166415390085353,MAP_PMU,89,0.0006357088486228513
0,x_tcsc,1-14,-0.10808795804795962,97,-0.10803233126886942,MAP_PMU,89,5.56267790901982e-05
1,B_svc,2,0.17828291625365764,97,0.17804581008833067,MAP_PMU,89,0.00023710616532696127
2,UPFC_Vsh,5-15,1.1074833746390045,97,1.1094139934513632,MAP_PMU,89,0.0019306188123586754
3,UPFC_tsh,5-15,-0.23699859917159882,97,-0.23699861086862142,MAP_PMU,89,1.1697022600509754e-08
4,UPFC_Vse,5-15,0.05953730138767124,97,0.059055680618561764,MAP_PMU,89,0.00048162076910947954
5,UPFC_tse,5-15,-2.1687449545070745,97,-2.166415390085353,MAP_PMU,89,0.0023295644217213862
0,x_tcsc,1-14,-0.1081169409212083,98,-0.10803233126886942,MAP_PMU,89,8.460965233887674e-05
1,B_svc,2,0.17826005423780764,98,0.17804581008833067,MAP_PMU,89,0.0002142441494769609
2,UPFC_Vsh,5-15,1.10789473139346,98,1.1094139934513632,MAP_PMU,89,0.0015192620579032035
3,UPFC_tsh,5-15,-0.23700732894069737,98,-0.23699861086862142,MAP_PMU,89,8.718072075947214e-06
4,UPFC_Vse,5-15,0.05996999544134965,98,0.059055680618561764,MAP_PMU,89,0.0009143148227878858
5,UPFC_tse,5-15,-2.1670117479944686,98,-2.166415390085353,MAP_PMU,89,0.0005963579091154969
0,x_tcsc,1-14,-0.10813107895580945,99,-0.10803233126886942,MAP_PMU,89,9.874768694002889e-05
1,B_svc,2,0.17805213632448735,99,0.17804581008833067,MAP_PMU,89,6.326236156678489e-06
2,UPFC_Vsh,5-15,1.1072148415572731,99,1.1094139934513632,MAP_PMU,89,0.0021991518940900345
3,UPFC_tsh,5-15,-0.23702822541753002,99,-0.23699861086862142,MAP_PMU,89,2.9614548908596383e-05
4,UPFC_Vse,5-15,0.06027772151409528,99,0.059055680618561764,MAP_PMU,89,0.001222040895533516
5,UPFC_tse,5-15,-2.1697087606303085,99,-2.166415390085353,MAP_PMU,89,0.0032933705449553763
0,x_tcsc,1-14,-0.13146643837787514,0,-0.12818513286485486,MAP_PMU,91,0.0032813055130202773
1,B_svc,2,0.25454505739385624,0,0.25379756329672293,MAP_PMU,91,0.0007474940971333166
2,UPFC_Vsh,5-15,1.106500108812679,0,1.1103345310958304,MAP_PMU,91,0.0038344222831514507
3,UPFC_tsh,5-15,-0.23663797401244935,0,-0.23642426888243573,MAP_PMU,91,0.00021370513001361946
4,UPFC_Vse,5-15,0.060162474597769064,0,0.05904097727578136,MAP_PMU,91,0.0011214973219877064
5,UPFC_tse,5-15,-2.180258340310345,0,-2.163233929222754,MAP_PMU,91,0.01702441108759123
0,x_tcsc,1-14,-0.1309292135571105,1,-0.12818513286485486,MAP_PMU,91,0.0027440806922556515
1,B_svc,2,0.25475187004045907,1,0.25379756329672293,MAP_PMU,91,0.0009543067437361441
2,UPFC_Vsh,5-15,1.106844461906151,1,1.1103345310958304,MAP_PMU,91,0.0034900691896793123
3,UPFC_tsh,5-15,-0.23660340804880128,1,-0.23642426888243573,MAP_PMU,91,0.00017913916636555505
4,UPFC_Vse,5-15,0.06079987992770739,1,0.05904097727578136,MAP_PMU,91,0.0017589026519260337
5,UPFC_tse,5-15,-2.173623616517981,1,-2.163233929222754,MAP_PMU,91,0.010389687295227379
0,x_tcsc,1-14,-0.13078440114294954,2,-0.12818513286485486,MAP_PMU,91,0.002599268278094674
1,B_svc,2,0.2543328960384981,2,0.25379756329672293,MAP_PMU,91,0.0005353327417751963
2,UPFC_Vsh,5-15,1.1067787038452106,2,1.1103345310958304,MAP_PMU,91,0.0035558272506197586
3,UPFC_tsh,5-15,-0.23658549420932845,2,-0.23642426888243573,MAP_PMU,91,0.00016122532689272218
4,UPFC_Vse,5-15,0.060815799072435006,2,0.05904097727578136,MAP_PMU,91,0.0017748217966536486
5,UPFC_tse,5-15,-2.167484619558943,2,-2.163233929222754,MAP_PMU,91,0.004250690336188967
0,x_tcsc,1-14,-0.13062020539028482,3,-0.12818513286485486,MAP_PMU,91,0.00243507252542996
1,B_svc,2,0.25483874085434205,3,0.25379756329672293,MAP_PMU,91,0.0010411775576191218
2,UPFC_Vsh,5-15,1.1066371268094144,3,1.1103345310958304,MAP_PMU,91,0.0036974042864159617
3,UPFC_tsh,5-15,-0.23663196399195957,3,-0.23642426888243573,MAP_PMU,91,0.00020769510952384218
4,UPFC_Vse,5-15,0.06061729210112406,3,0.05904097727578136,MAP_PMU,91,0.0015763148253426992
5,UPFC_tse,5-15,-2.1734892111375075,3,-2.163233929222754,MAP_PMU,91,0.010255281914753667
0,x_tcsc,1-14,-0.13075696280000523,4,-0.12818513286485486,MAP_PMU,91,0.0025718299351503715
1,B_svc,2,0.25530692389061765,4,0.25379756329672293,MAP_PMU,91,0.0015093605938947263
2,UPFC_Vsh,5-15,1.1068255212201377,4,1.1103345310958304,MAP_PMU,91,0.0035090098756926924
3,UPFC_tsh,5-15,-0.23663755403792183,4,-0.23642426888243573,MAP_PMU,91,0.00021328515548610372
4,UPFC_Vse,5-15,0.06031209895882463,4,0.05904097727578136,MAP_PMU,91,0.0012711216830432748
5,UPFC_tse,5-15,-2.174965983541732,4,-2.163233929222754,MAP_PMU,91,0.011732054318978058
0,x_tcsc,1-14,-0.13088569940027298,5,-0.12818513286485486,MAP_PMU,91,0.002700566535418114
1,B_svc,2,0.2543307367838951,5,0.25379756329672293,MAP_PMU,91,0.0005331734871721894
2,UPFC_Vsh,5-15,1.1069436633034848,5,1.1103345310958304,MAP_PMU,91,0.003390867792345542
3,UPFC_tsh,5-15,-0.23661062278367048,5,-0.23642426888243573,MAP_PMU,91,0.0001863539012347537
4,UPFC_Vse,5-15,0.0605799315962304,5,0.05904097727578136,MAP_PMU,91,0.0015389543204490444
5,UPFC_tse,5-15,-2.174162702718957,5,-2.163233929222754,MAP_PMU,91,0.010928773496203359
0,x_tcsc,1-14,-0.13059865159829184,6,-0.12818513286485486,MAP_PMU,91,0.002413518733436981
1,B_svc,2,0.25452497256607065,6,0.25379756329672293,MAP_PMU,91,0.000727409269347723
2,UPFC_Vsh,5-15,1.1069349850031593,6,1.1103345310958304,MAP_PMU,91,0.003399546092671013
3,UPFC_tsh,5-15,-0.2365178362530724,6,-0.23642426888243573,MAP_PMU,91,9.356737063667686e-05
4,UPFC_Vse,5-15,0.05992496953881229,6,0.05904097727578136,MAP_PMU,91,0.0008839922630309305
5,UPFC_tse,5-15,-2.1739691704654005,6,-2.163233929222754,MAP_PMU,91,0.010735241242646687
0,x_tcsc,1-14,-0.13045059358634217,7,-0.12818513286485486,MAP_PMU,91,0.0022654607214873113
1,B_svc,2,0.2544543224607903,7,0.25379756329672293,MAP_PMU,91,0.0006567591640673776
2,UPFC_Vsh,5-15,1.1071319616938442,7,1.1103345310958304,MAP_PMU,91,0.003202569401986155
3,UPFC_tsh,5-15,-0.23657964327534303,7,-0.23642426888243573,MAP_PMU,91,0.0001553743929073037
4,UPFC_Vse,5-15,0.06039934671458849,7,0.05904097727578136,MAP_PMU,91,0.0013583694388071346
5,UPFC_tse,5-15,-2.1623800768858334,7,-2.163233929222754,MAP_PMU,91,0.0008538523369203688
0,x_tcsc,1-14,-0.13054735011398036,8,-0.12818513286485486,MAP_PMU,91,0.002362217249125498
1,B_svc,2,0.2545495644234862,8,0.25379756329672293,MAP_PMU,91,0.0007520011267632687
2,UPFC_Vsh,5-15,1.1068825460146199,8,1.1103345310958304,MAP_PMU,91,0.0034519850812104735
3,UPFC_tsh,5-15,-0.23659166550447522,8,-0.23642426888243573,MAP_PMU,91,0.00016739662203948957
4,UPFC_Vse,5-15,0.06013431285203225,8,0.05904097727578136,MAP_PMU,91,0.001093335576250895
5,UPFC_tse,5-15,-2.173528728441534,8,-2.163233929222754,MAP_PMU,91,0.01029479921878007
0,x_tcsc,1-14,-0.1308450238451029,9,-0.12818513286485486,MAP_PMU,91,0.0026598909802480475
1,B_svc,2,0.2547888348341627,9,0.25379756329672293,MAP_PMU,91,0.0009912715374397751
2,UPFC_Vsh,5-15,1.1065983308888296,9,1.1103345310958304,MAP_PMU,91,0.003736200207000717
3,UPFC_tsh,5-15,-0.23660771018406718,9,-0.23642426888243573,MAP_PMU,91,0.00018344130163144845
4,UPFC_Vse,5-15,0.06041559596659666,9,0.05904097727578136,MAP_PMU,91,0.0013746186908153019
5,UPFC_tse,5-15,-2.1672899282562685,9,-2.163233929222754,MAP_PMU,91,0.004055999033514723
0,x_tcsc,1-14,-0.1308294637772209,10,-0.12818513286485486,MAP_PMU,91,0.002644330912366044
1,B_svc,2,0.2544612511877651,10,0.25379756329672293,MAP_PMU,91,0.0006636878910421529
2,UPFC_Vsh,5-15,1.106776228616472,10,1.1103345310958304,MAP_PMU,91,0.0035583024793583995
3,UPFC_tsh,5-15,-0.23668659015492727,10,-0.23642426888243573,MAP_PMU,91,0.00026232127249153914
4,UPFC_Vse,5-15,0.06103615375858184,10,0.05904097727578136,MAP_PMU,91,0.0019951764828004814
5,UPFC_tse,5-15,-2.1635962456316604,10,-2.163233929222754,MAP_PMU,91,0.00036231640890660444
0,x_tcsc,1-14,-0.13080656878102473,11,-0.12818513286485486,MAP_PMU,91,0.0026214359161698675
1,B_svc,2,0.25489720266772337,11,0.25379756329672293,MAP_PMU,91,0.0010996393710004382
2,UPFC_Vsh,5-15,1.1069951996690823,11,1.1103345310958304,MAP_PMU,91,0.0033393314267480267
3,UPFC_tsh,5-15,-0.23661683499454456,11,-0.23642426888243573,MAP_PMU,91,0.00019256611210882735
4,UPFC_Vse,5-15,0.06042855507929667,11,0.05904097727578136,MAP_PMU,91,0.0013875778035153108
5,UPFC_tse,5-15,-2.171061273545781,11,-2.163233929222754,MAP_PMU,91,0.00782734432302723
0,x_tcsc,1-14,-0.13057267775351222,12,-0.12818513286485486,MAP_PMU,91,0.0023875448886573614
1,B_svc,2,0.2541148152073251,12,0.25379756329672293,MAP_PMU,91,0.0003172519106021676
2,UPFC_Vsh,5-15,1.1069334914719982,12,1.1103345310958304,MAP_PMU,91,0.0034010396238322027
3,UPFC_tsh,5-15,-0.23652444320260158,12,-0.23642426888243573,MAP_PMU,91,0.00010017432016584671
4,UPFC_Vse,5-15,0.0608512785657267,12,0.05904097727578136,MAP_PMU,91,0.0018103012899453458
5,UPFC_tse,5-15,-2.1619048625315265,12,-2.163233929222754,MAP_PMU,91,0.001329066691227343
0,x_tcsc,1-14,-0.13071106776269975,13,-0.12818513286485486,MAP_PMU,91,0.0025259348978448892
1,B_svc,2,0.2545099266377178,13,0.25379756329672293,MAP_PMU,91,0.0007123633409948926
2,UPFC_Vsh,5-15,1.1067051557671541,13,1.1103345310958304,MAP_PMU,91,0.003629375328676243
3,UPFC_tsh,5-15,-0.2365865928243427,13,-0.23642426888243573,MAP_PMU,91,0.0001623239419069611
4,UPFC_Vse,5-15,0.060025644139108,13,0.05904097727578136,MAP_PMU,91,0.0009846668633266414
5,UPFC_tse,5-15,-2.1626564997028517,13,-2.163233929222754,MAP_PMU,91,0.0005774295199021395
0,x_tcsc,1-14,-0.13050651869350618,14,-0.12818513286485486,MAP_PMU,91,0.0023213858286513234
1,B_svc,2,0.2547416168925533,14,0.25379756329672293,MAP_PMU,91,0.0009440535958303853
2,UPFC_Vsh,5-15,1.1070348522407547,14,1.1103345310958304,MAP_PMU,91,0.0032996788550756495
3,UPFC_tsh,5-15,-0.23654277124139245,14,-0.23642426888243573,MAP_PMU,91,0.00011850235895671801
4,UPFC_Vse,5-15,0.06017717358477624,14,0.05904097727578136,MAP_PMU,91,0.0011361963089948843
5,UPFC_tse,5-15,-2.169024899925522,14,-2.163233929222754,MAP_PMU,91,0.005790970702768128
0,x_tcsc,1-14,-0.1305417415062271,15,-0.12818513286485486,MAP_PMU,91,0.002356608641372243
1,B_svc,2,0.2544304788247701,15,0.25379756329672293,MAP_PMU,91,0.0006329155280471732
2,UPFC_Vsh,5-15,1.1069415524358803,15,1.1103345310958304,MAP_PMU,91,0.00339297865995003
3,UPFC_tsh,5-15,-0.2366001949685908,15,-0.23642426888243573,MAP_PMU,91,0.000175926086155076
4,UPFC_Vse,5-15,0.059995319698409974,15,0.05904097727578136,MAP_PMU,91,0.0009543424226286165
5,UPFC_tse,5-15,-2.1634478134165294,15,-2.163233929222754,MAP_PMU,91,0.00021388419377554868
0,x_tcsc,1-14,-0.13068517334824267,16,-0.12818513286485486,MAP_PMU,91,0.002500040483387811
1,B_svc,2,0.2548579454842044,16,0.25379756329672293,MAP_PMU,91,0.0010603821874814456
2,UPFC_Vsh,5-15,1.1065475901335238,16,1.1103345310958304,MAP_PMU,91,0.003786940962306584
3,UPFC_tsh,5-15,-0.2366173621317221,16,-0.23642426888243573,MAP_PMU,91,0.0001930932492863746
4,UPFC_Vse,5-15,0.06085716365851045,16,0.05904097727578136,MAP_PMU,91,0.0018161863827290958
5,UPFC_tse,5-15,-2.175132082833574,16,-2.163233929222754,MAP_PMU,91,0.011898153610820028
0,x_tcsc,1-14,-0.13073763538424016,17,-0.12818513286485486,MAP_PMU,91,0.002552502519385297
1,B_svc,2,0.25455042597312477,17,0.25379756329672293,MAP_PMU,91,0.0007528626764018442
2,UPFC_Vsh,5-15,1.1070482939123807,17,1.1103345310958304,MAP_PMU,91,0.0032862371834496695
3,UPFC_tsh,5-15,-0.2365469691058768,17,-0.23642426888243573,MAP_PMU,91,0.00012270022344107456
4,UPFC_Vse,5-15,0.06019612928257138,17,0.05904097727578136,MAP_PMU,91,0.0011551520067900195
5,UPFC_tse,5-15,-2.169952256300291,17,-2.163233929222754,MAP_PMU,91,0.006718327077537278
0,x_tcsc,1-14,-0.13085716628179792,18,-0.12818513286485486,MAP_PMU,91,0.0026720334169430537
1,B_svc,2,0.25473484695082677,18,0.25379756329672293,MAP_PMU,91,0.0009372836541038376
2,UPFC_Vsh,5-15,1.1066658859551515,18,1.1103345310958304,MAP_PMU,91,0.0036686451406788834
3,UPFC_tsh,5-15,-0.23660895992227135,18,-0.23642426888243573,MAP_PMU,91,0.00018469103983562163
4,UPFC_Vse,5-15,0.06034666860818352,18,0.05904097727578136,MAP_PMU,91,0.001305691332402159
5,UPFC_tse,5-15,-2.178054649137135,18,-2.163233929222754,MAP_PMU,91,0.014820719914381275
0,x_tcsc,1-14,-0.13106564263024667,19,-0.12818513286485486,MAP_PMU,91,0.002880509765391809
1,B_svc,2,0.25417942137866084,19,0.25379756329672293,MAP_PMU,91,0.0003818580819379136
2,UPFC_Vsh,5-15,1.1065901980124777,19,1.1103345310958304,MAP_PMU,91,0.0037443330833526467
3,UPFC_tsh,5-15,-0.23662605317434135,19,-0.23642426888243573,MAP_PMU,91,0.0002017842919056212
4,UPFC_Vse,5-15,0.06075017650290019,19,0.05904097727578136,MAP_PMU,91,0.0017091992271188322
5,UPFC_tse,5-15,-2.1741539639098884,19,-2.163233929222754,MAP_PMU,91,0.010920034687134539
0,x_tcsc,1-14,-0.13062627985392863,20,-0.12818513286485486,MAP_PMU,91,0.0024411469890737725
1,B_svc,2,0.25451776853030866,20,0.25379756329672293,MAP_PMU,91,0.0007202052335857356
2,UPFC_Vsh,5-15,1.1069617102381266,20,1.1103345310958304,MAP_PMU,91,0.00337282085770374
3,UPFC_tsh,5-15,-0.23662500246001428,20,-0.23642426888243573,MAP_PMU,91,0.00020073357757854904
4,UPFC_Vse,5-15,0.06055234062570415,20,0.05904097727578136,MAP_PMU,91,0.0015113633499227938
5,UPFC_tse,5-15,-2.1769585278759793,20,-2.163233929222754,MAP_PMU,91,0.013724598653225506
0,x_tcsc,1-14,-0.13085860615048062,21,-0.12818513286485486,MAP_PMU,91,0.002673473285625755
1,B_svc,2,0.2545173908330952,21,0.25379756329672293,MAP_PMU,91,0.0007198275363722861
2,UPFC_Vsh,5-15,1.106748438328686,21,1.1103345310958304,MAP_PMU,91,0.0035860927671442777
3,UPFC_tsh,5-15,-0.23652428766087996,21,-0.23642426888243573,MAP_PMU,91,0.00010001877844423301
4,UPFC_Vse,5-15,0.060140570856561104,21,0.05904097727578136,MAP_PMU,91,0.0010995935807797466
5,UPFC_tse,5-15,-2.161526652930781,21,-2.163233929222754,MAP_PMU,91,0.0017072762919729811
0,x_tcsc,1-14,-0.130741180709333,22,-0.12818513286485486,MAP_PMU,91,0.002556047844478132
1,B_svc,2,0.25460244010455146,22,0.25379756329672293,MAP_PMU,91,0.0008048768078285362
2,UPFC_Vsh,5-15,1.1068821166924847,22,1.1103345310958304,MAP_PMU,91,0.0034524144033456494
3,UPFC_tsh,5-15,-0.23657187477651204,22,-0.23642426888243573,MAP_PMU,91,0.00014760589407630809
4,UPFC_Vse,5-15,0.0602925685851884,22,0.05904097727578136,MAP_PMU,91,0.001251591309407045
5,UPFC_tse,5-15,-2.1772844878888895,22,-2.163233929222754,MAP_PMU,91,0.014050558666135693
0,x_tcsc,1-14,-0.13133668675514087,23,-0.12818513286485486,MAP_PMU,91,0.003151553890286013
1,B_svc,2,0.2546608250848939,23,0.25379756329672293,MAP_PMU,91,0.000863261788170977
2,UPFC_Vsh,5-15,1.1066385885953103,23,1.1103345310958304,MAP_PMU,91,0.0036959425005200774
3,UPFC_tsh,5-15,-0.23662508659440928,23,-0.23642426888243573,MAP_PMU,91,0.00020081771197355547
4,UPFC_Vse,5-15,0.0604489848972882,23,0.05904097727578136,MAP_PMU,91,0.0014080076215068418
5,UPFC_tse,5-15,-2.1694301835579073,23,-2.163233929222754,MAP_PMU,91,0.006196254335153473
0,x_tcsc,1-14,-0.13058423236350494,24,-0.12818513286485486,MAP_PMU,91,0.0023990994986500813
1,B_svc,2,0.2547105140698555,24,0.25379756329672293,MAP_PMU,91,0.0009129507731325814
2,UPFC_Vsh,5-15,1.1064211123855512,24,1.1103345310958304,MAP_PMU,91,0.003913418710279171
3,UPFC_tsh,5-15,-0.23676460189392554,24,-0.23642426888243573,MAP_PMU,91,0.0003403330114898073
4,UPFC_Vse,5-15,0.06047639865703678,24,0.05904097727578136,MAP_PMU,91,0.0014354213812554223
5,UPFC_tse,5-15,-2.1783434657633336,24,-2.163233929222754,MAP_PMU,91,0.015109536540579782
0,x_tcsc,1-14,-0.1306683413834902,25,-0.12818513286485486,MAP_PMU,91,0.0024832085186353436
1,B_svc,2,0.2543206966826487,25,0.25379756329672293,MAP_PMU,91,0.0005231333859257448
2,UPFC_Vsh,5-15,1.1069991427959658,25,1.1103345310958304,MAP_PMU,91,0.0033353882998645723
3,UPFC_tsh,5-15,-0.23656839779710137,25,-0.23642426888243573,MAP_PMU,91,0.00014412891466564215
4,UPFC_Vse,5-15,0.0603469621104402,25,0.05904097727578136,MAP_PMU,91,0.0013059848346588451
5,UPFC_tse,5-15,-2.1699128659500153,25,-2.163233929222754,MAP_PMU,91,0.0066789367272614975
0,x_tcsc,1-14,-0.13083978713898164,26,-0.12818513286485486,MAP_PMU,91,0.002654654274126783
1,B_svc,2,0.2545859628753355,26,0.25379756329672293,MAP_PMU,91,0.0007883995786125975
2,UPFC_Vsh,5-15,1.1070060716217143,26,1.1103345310958304,MAP_PMU,91,0.0033284594741160856
3,UPFC_tsh,5-15,-0.23658882035616471,26,-0.23642426888243573,MAP_PMU,91,0.0001645514737289855
4,UPFC_Vse,5-15,0.06071619187612677,26,0.05904097727578136,MAP_PMU,91,0.0016752146003454135
5,UPFC_tse,5-15,-2.1753078545193762,26,-2.163233929222754,MAP_PMU,91,0.012073925296622434
0,x_tcsc,1-14,-0.13104059090199424,27,-0.12818513286485486,MAP_PMU,91,0.00285545803713938
1,B_svc,2,0.2549399086358973,27,0.25379756329672293,MAP_PMU,91,0.0011423453391743998
2,UPFC_Vsh,5-15,1.1068274498395951,27,1.1103345310958304,MAP_PMU,91,0.0035070812562352227
3,UPFC_tsh,5-15,-0.23665532232868644,27,-0.23642426888243573,MAP_PMU,91,0.0002310534462507119
4,UPFC_Vse,5-15,0.06056721030363886,27,0.05904097727578136,MAP_PMU,91,0.0015262330278575029
5,UPFC_tse,5-15,-2.178951934727096,27,-2.163233929222754,MAP_PMU,91,0.015718005504341992
0,x_tcsc,1-14,-0.13105532728043398,28,-0.12818513286485486,MAP_PMU,91,0.0028701944155791193
1,B_svc,2,0.2544501555704745,28,0.25379756329672293,MAP_PMU,91,0.0006525922737515844
2,UPFC_Vsh,5-15,1.1065519401199226,28,1.1103345310958304,MAP_PMU,91,0.003782590975907718
3,UPFC_tsh,5-15,-0.23663218603603547,28,-0.23642426888243573,MAP_PMU,91,0.00020791715359974594
4,UPFC_Vse,5-15,0.06028215994227867,28,0.05904097727578136,MAP_PMU,91,0.0012411826664973091
5,UPFC_tse,5-15,-2.1761133730482976,28,-2.163233929222754,MAP_PMU,91,0.012879443825543735
0,x_tcsc,1-14,-0.1309583818062222,29,-0.12818513286485486,MAP_PMU,91,0.002773248941367351
1,B_svc,2,0.25423044998872213,29,0.25379756329672293,MAP_PMU,91,0.0004328866919992014
2,UPFC_Vsh,5-15,1.106897895191203,29,1.1103345310958304,MAP_PMU,91,0.003436635904627394
3,UPFC_tsh,5-15,-0.2365930489339517,29,-0.23642426888243573,MAP_PMU,91,0.00016878005151596542
4,UPFC_Vse,5-15,0.06050576462024292,29,0.05904097727578136,MAP_PMU,91,0.0014647873444615656
5,UPFC_tse,5-15,-2.1704465738315517,29,-2.163233929222754,MAP_PMU,91,0.007212644608797891
0,x_tcsc,1-14,-0.1309876755462101,30,-0.12818513286485486,MAP_PMU,91,0.002802542681355241
1,B_svc,2,0.25398580214066835,30,0.25379756329672293,MAP_PMU,91,0.00018823884394542079
2,UPFC_Vsh,5-15,1.1065747574491704,30,1.1103345310958304,MAP_PMU,91,0.003759773646659914
3,UPFC_tsh,5-15,-0.23663416724204125,30,-0.23642426888243573,MAP_PMU,91,0.00020989835960552594
4,UPFC_Vse,5-15,0.060400018629918596,30,0.05904097727578136,MAP_PMU,91,0.0013590413541372387
5,UPFC_tse,5-15,-2.1758886629657006,30,-2.163233929222754,MAP_PMU,91,0.012654733742946789
0,x_tcsc,1-14,-0.13069643747189585,31,-0.12818513286485486,MAP_PMU,91,0.002511304607040993
1,B_svc,2,0.25452155014535455,31,0.25379756329672293,MAP_PMU,91,0.0007239868486316192
2,UPFC_Vsh,5-15,1.106771016411253,31,1.1103345310958304,MAP_PMU,91,0.0035635146845773846
3,UPFC_tsh,5-15,-0.23659927897615468,31,-0.23642426888243573,MAP_PMU,91,0.00017501009371895249
4,UPFC_Vse,5-15,0.060381588552101226,31,0.05904097727578136,MAP_PMU,91,0.0013406112763198683
5,UPFC_tse,5-15,-2.1683896134500453,31,-2.163233929222754,MAP_PMU,91,0.005155684227291513
0,x_tcsc,1-14,-0.1313391495490396,32,-0.12818513286485486,MAP_PMU,91,0.003154016684184746
1,B_svc,2,0.254574474045363,32,0.25379756329672293,MAP_PMU,91,0.0007769107486400584
2,UPFC_Vsh,5-15,1.107106575608742,32,1.1103345310958304,MAP_PMU,91,0.0032279554870884297
3,UPFC_tsh,5-15,-0.23659573345055415,32,-0.23642426888243573,MAP_PMU,91,0.00017146456811842348
4,UPFC_Vse,5-15,0.05986277598814206,32,0.05904097727578136,MAP_PMU,91,0.0008217987123607037
5,UPFC_tse,5-15,-2.1692620041093673,32,-2.163233929222754,MAP_PMU,91,0.006028074886613499
0,x_tcsc,1-14,-0.1309398685492467,33,-0.12818513286485486,MAP_PMU,91,0.002754735684391829
1,B_svc,2,0.25493802799989096,33,0.25379756329672293,MAP_PMU,91,0.0011404647031680315
2,UPFC_Vsh,5-15,1.1064604014678365,33,1.1103345310958304,MAP_PMU,91,0.0038741296279938275
3,UPFC_tsh,5-15,-0.23669580298967427,33,-0.23642426888243573,MAP_PMU,91,0.0002715341072385413
4,UPFC_Vse,5-15,0.06060385672841147,33,0.05904097727578136,MAP_PMU,91,0.0015628794526301101
5,UPFC_tse,5-15,-2.172478478767995,33,-2.163233929222754,MAP_PMU,91,0.00924454954524112
0,x_tcsc,1-14,-0.13122062412936655,34,-0.12818513286485486,MAP_PMU,91,0.0030354912645116916
1,B_svc,2,0.25423381301625436,34,0.25379756329672293,MAP_PMU,91,0.0004362497195314341
2,UPFC_Vsh,5-15,1.1059418853369967,34,1.1103345310958304,MAP_PMU,91,0.004392645758833691
3,UPFC_tsh,5-15,-0.23673252978005388,34,-0.23642426888243573,MAP_PMU,91,0.0003082608976181511
4,UPFC_Vse,5-15,0.06089965293562763,34,0.05904097727578136,MAP_PMU,91,0.001858675659846272
5,UPFC_tse,5-15,-2.1907669779718564,34,-2.163233929222754,MAP_PMU,91,0.027533048749102562
0,x_tcsc,1-14,-0.13059980354718873,35,-0.12818513286485486,MAP_PMU,91,0.0024146706823338637
1,B_svc,2,0.2546734498595794,35,0.25379756329672293,MAP_PMU,91,0.000875886562856476
2,UPFC_Vsh,5-15,1.1069086903307568,35,1.1103345310958304,MAP_PMU,91,0.0034258407650735734
3,UPFC_tsh,5-15,-0.23657111217161145,35,-0.23642426888243573,MAP_PMU,91,0.00014684328917571876
4,UPFC_Vse,5-15,0.06038529254741441,35,0.05904097727578136,MAP_PMU,91,0.001344315271633055
5,UPFC_tse,5-15,-2.168211680144688,35,-2.163233929222754,MAP_PMU,91,0.004977750921934199
0,x_tcsc,1-14,-0.13034548836079704,36,-0.12818513286485486,MAP_PMU,91,0.002160355495942179
1,B_svc,2,0.2542117657213671,36,0.25379756329672293,MAP_PMU,91,0.00041420242464418333
2,UPFC_Vsh,5-15,1.1070022639199728,36,1.1103345310958304,MAP_PMU,91,0.0033322671758575506
3,UPFC_tsh,5-15,-0.2365813693155316,36,-0.23642426888243573,MAP_PMU,91,0.00015710043309585808
4,UPFC_Vse,5-15,0.06068729839011029,36,0.05904097727578136,MAP_PMU,91,0.0016463211143289344
5,UPFC_tse,5-15,-2.1724230586364124,36,-2.163233929222754,MAP_PMU,91,0.00918912941365857
0,x_tcsc,1-14,-0.13061031301599257,37,-0.12818513286485486,MAP_PMU,91,0.0024251801511377125
1,B_svc,2,0.25479438580947056,37,0.25379756329672293,MAP_PMU,91,0.0009968225127476305
2,UPFC_Vsh,5-15,1.1067884229250406,37,1.1103345310958304,MAP_PMU,91,0.003546108170789708
3,UPFC_tsh,5-15,-0.23662497014054246,37,-0.23642426888243573,MAP_PMU,91,0.000200701258106728
4,UPFC_Vse,5-15,0.059928790663128444,37,0.05904097727578136,MAP_PMU,91,0.0008878133873470861
5,UPFC_tse,5-15,-2.18369216226587,37,-2.163233929222754,MAP_PMU,91,0.020458233043116003
0,x_tcsc,1-14,-0.1308361139430026,38,-0.12818513286485486,MAP_PMU,91,0.002650981078147735
1,B_svc,2,0.2543768463930285,38,0.25379756329672293,MAP_PMU,91,0.0005792830963055606
2,UPFC_Vsh,5-15,1.1068602818068924,38,1.1103345310958304,MAP_PMU,91,0.003474249288937914
3,UPFC_tsh,5-15,-0.23657700655593447,38,-0.23642426888243573,MAP_PMU,91,0.0001527376734987429
4,UPFC_Vse,5-15,0.060589219394875125,38,0.05904097727578136,MAP_PMU,91,0.0015482421190937679
5,UPFC_tse,5-15,-2.171229235493207,38,-2.163233929222754,MAP_PMU,91,0.007995306270453195
0,x_tcsc,1-14,-0.1305466441739442,39,-0.12818513286485486,MAP_PMU,91,0.002361511309089348
1,B_svc,2,0.25471381670925064,39,0.25379756329672293,MAP_PMU,91,0.0009162534125277122
2,UPFC_Vsh,5-15,1.1069074309772682,39,1.1103345310958304,MAP_PMU,91,0.0034271001185621763
3,UPFC_tsh,5-15,-0.23661805107493583,39,-0.23642426888243573,MAP_PMU,91,0.00019378219250010265
4,UPFC_Vse,5-15,0.06051821019833673,39,0.05904097727578136,MAP_PMU,91,0.0014772329225553743
5,UPFC_tse,5-15,-2.1799445653556866,39,-2.163233929222754,MAP_PMU,91,0.016710636132932777
0,x_tcsc,1-14,-0.13041677555462433,40,-0.12818513286485486,MAP_PMU,91,0.0022316426897694697
1,B_svc,2,0.25422029302528754,40,0.25379756329672293,MAP_PMU,91,0.0004227297285646081
2,UPFC_Vsh,5-15,1.1072041768141403,40,1.1103345310958304,MAP_PMU,91,0.003130354281690062
3,UPFC_tsh,5-15,-0.23649157435647886,40,-0.23642426888243573,MAP_PMU,91,6.730547404312781e-05
4,UPFC_Vse,5-15,0.06050106750423011,40,0.05904097727578136,MAP_PMU,91,0.0014600902284487502
5,UPFC_tse,5-15,-2.16930581689941,40,-2.163233929222754,MAP_PMU,91,0.006071887676656118
0,x_tcsc,1-14,-0.1311335956765917,41,-0.12818513286485486,MAP_PMU,91,0.0029484628117368294
1,B_svc,2,0.2550259202571068,41,0.25379756329672293,MAP_PMU,91,0.0012283569603838695
2,UPFC_Vsh,5-15,1.106701585636905,41,1.1103345310958304,MAP_PMU,91,0.0036329454589254517
3,UPFC_tsh,5-15,-0.23665833900870417,41,-0.23642426888243573,MAP_PMU,91,0.00023407012626844304
4,UPFC_Vse,5-15,0.06078615547001758,41,0.05904097727578136,MAP_PMU,91,0.0017451781942362243
5,UPFC_tse,5-15,-2.1726995174871946,41,-2.163233929222754,MAP_PMU,91,0.009465588264440772
0,x_tcsc,1-14,-0.13087821756888424,42,-0.12818513286485486,MAP_PMU,91,0.002693084704029375
1,B_svc,2,0.2544798318224854,42,0.25379756329672293,MAP_PMU,91,0.000682268525762475
2,UPFC_Vsh,5-15,1.1066703985073403,42,1.1103345310958304,MAP_PMU,91,0.0036641325884900766
3,UPFC_tsh,5-15,-0.23665766853526007,42,-0.23642426888243573,MAP_PMU,91,0.00023339965282434538
4,UPFC_Vse,5-15,0.060561522113780665,42,0.05904097727578136,MAP_PMU,91,0.0015205448379993075
5,UPFC_tse,5-15,-2.1691957381064833,42,-2.163233929222754,MAP_PMU,91,0.005961808883729436
0,x_tcsc,1-14,-0.13069278954819566,43,-0.12818513286485486,MAP_PMU,91,0.0025076566833407976
1,B_svc,2,0.25415141586830287,43,0.25379756329672293,MAP_PMU,91,0.0003538525715799379
2,UPFC_Vsh,5-15,1.1069888682352187,43,1.1103345310958304,MAP_PMU,91,0.0033456628606116645
3,UPFC_tsh,5-15,-0.23659289745519357,43,-0.23642426888243573,MAP_PMU,91,0.00016862857275784515
4,UPFC_Vse,5-15,0.060515906432711694,43,0.05904097727578136,MAP_PMU,91,0.0014749291569303366
5,UPFC_tse,5-15,-2.1722511070924106,43,-2.163233929222754,MAP_PMU,91,0.009017177869656834
0,x_tcsc,1-14,-0.13077671512193673,44,-0.12818513286485486,MAP_PMU,91,0.0025915822570818647
1,B_svc,2,0.2541473442698978,44,0.25379756329672293,MAP_PMU,91,0.00034978097317489576
2,UPFC_Vsh,5-15,1.1070326063585043,44,1.1103345310958304,MAP_PMU,91,0.003301924737326045
3,UPFC_tsh,5-15,-0.23656177353583144,44,-0.23642426888243573,MAP_PMU,91,0.00013750465339570916
4,UPFC_Vse,5-15,0.05990495685551834,44,0.05904097727578136,MAP_PMU,91,0.0008639795797369815
5,UPFC_tse,5-15,-2.154516708053104,44,-2.163233929222754,MAP_PMU,91,0.008717221169650013
0,x_tcsc,1-14,-0.13061529789814671,45,-0.12818513286485486,MAP_PMU,91,0.0024301650332918534
1,B_svc,2,0.2544848917102398,45,0.25379756329672293,MAP_PMU,91,0.0006873284135168745
2,UPFC_Vsh,5-15,1.1069654118656644,45,1.1103345310958304,MAP_PMU,91,0.003369119230165918
3,UPFC_tsh,5-15,-0.2365824697565135,45,-0.23642426888243573,MAP_PMU,91,0.0001582008740777796
4,UPFC_Vse,5-15,0.06008485781140413,45,0.05904097727578136,MAP_PMU,91,0.0010438805356227723
5,UPFC_tse,5-15,-2.170186838951146,45,-2.163233929222754,MAP_PMU,91,0.0069529097283922425
0,x_tcsc,1-14,-0.1306646538652065,46,-0.12818513286485486,MAP_PMU,91,0.0024795210003516477
1,B_svc,2,0.2547800428333159,46,0.25379756329672293,MAP_PMU,91,0.0009824795365929728
2,UPFC_Vsh,5-15,1.1072421634745284,46,1.1103345310958304,MAP_PMU,91,0.003092367621301939
3,UPFC_tsh,5-15,-0.23651359855626541,46,-0.23642426888243573,MAP_PMU,91,8.93296738296856e-05
4,UPFC_Vse,5-15,0.06053617195740797,46,0.05904097727578136,MAP_PMU,91,0.0014951946816266146
5,UPFC_tse,5-15,-2.164608864368294,46,-2.163233929222754,MAP_PMU,91,0.0013749351455403236
0,x_tcsc,1-14,-0.13067205626417588,47,-0.12818513286485486,MAP_PMU,91,0.0024869233993210227
1,B_svc,2,0.2542924502380487,47,0.25379756329672293,MAP_PMU,91,0.0004948869413257673
2,UPFC_Vsh,5-15,1.1064033890734466,47,1.1103345310958304,MAP_PMU,91,0.00393114202238376
3,UPFC_tsh,5-15,-0.23659238457130263,47,-0.23642426888243573,MAP_PMU,91,0.00016811568886690442
4,UPFC_Vse,5-15,0.060378228412593146,47,0.05904097727578136,MAP_PMU,91,0.0013372511368117887
5,UPFC_tse,5-15,-2.1751698337289866,47,-2.163233929222754,MAP_PMU,91,0.01193590450623283
0,x_tcsc,1-14,-0.13084356871525263,48,-0.12818513286485486,MAP_PMU,91,0.0026584358503977668
1,B_svc,2,0.25454656930317393,48,0.25379756329672293,MAP_PMU,91,0.0007490060064510029
2,UPFC_Vsh,5-15,1.1064294875557963,48,1.1103345310958304,MAP_PMU,91,0.00390504354003407
3,UPFC_tsh,5-15,-0.23662486172862457,48,-0.23642426888243573,MAP_PMU,91,0.00020059284618884066
4,UPFC_Vse,5-15,0.06043461191034393,48,0.05904097727578136,MAP_PMU,91,0.0013936346345625739
5,UPFC_tse,5-15,-2.174926746106244,48,-2.163233929222754,MAP_PMU,91,0.01169281688349022
0,x_tcsc,1-14,-0.13063307837836013,49,-0.12818513286485486,MAP_PMU,91,0.002447945513505273
1,B_svc,2,0.25399000042187725,49,0.25379756329672293,MAP_PMU,91,0.0001924371251543211
2,UPFC_Vsh,5-15,1.107121826590782,49,1.1103345310958304,MAP_PMU,91,0.0032127045050482916
3,UPFC_tsh,5-15,-0.23658971764708045,49,-0.23642426888243573,MAP_PMU,91,0.00016544876464472114
4,UPFC_Vse,5-15,0.06032804696100623,49,0.05904097727578136,MAP_PMU,91,0.0012870696852248717
5,UPFC_tse,5-15,-2.1594908846102707,49,-2.163233929222754,MAP_PMU,91,0.003743044612483093
0,x_tcsc,1-14,-0.13085493743431287,50,-0.12818513286485486,MAP_PMU,91,0.0026698045694580064
1,B_svc,2,0.2541460095129618,50,0.25379756329672293,MAP_PMU,91,0.0003484462162388624
2,UPFC_Vsh,5-15,1.1064159901136288,50,1.1103345310958304,MAP_PMU,91,0.003918540982201568
3,UPFC_tsh,5-15,-0.23669692228687558,50,-0.23642426888243573,MAP_PMU,91,0.0002726534044398543
4,UPFC_Vse,5-15,0.060635120435374126,50,0.05904097727578136,MAP_PMU,91,0.0015941431595927688
5,UPFC_tse,5-15,-2.1862085456146856,50,-2.163233929222754,MAP_PMU,91,0.022974616391931768
0,x_tcsc,1-14,-0.13062288630356042,51,-0.12818513286485486,MAP_PMU,91,0.002437753438705559
1,B_svc,2,0.25434937350605513,51,0.25379756329672293,MAP_PMU,91,0.0005518102093322041
2,UPFC_Vsh,5-15,1.1070979193257644,51,1.1103345310958304,MAP_PMU,91,0.003236611770065956
3,UPFC_tsh,5-15,-0.2365335052396635,51,-0.23642426888243573,MAP_PMU,91,0.00010923635722775993
4,UPFC_Vse,5-15,0.06025302081543787,51,0.05904097727578136,MAP_PMU,91,0.00121204353965651
5,UPFC_tse,5-15,-2.1701132261042098,51,-2.163233929222754,MAP_PMU,91,0.006879296881455943
0,x_tcsc,1-14,-0.13130198137569893,52,-0.12818513286485486,MAP_PMU,91,0.003116848510844067
1,B_svc,2,0.25476544457964523,52,0.25379756329672293,MAP_PMU,91,0.0009678812829223005
2,UPFC_Vsh,5-15,1.1066840449342286,52,1.1103345310958304,MAP_PMU,91,0.003650486161601796
3,UPFC_tsh,5-15,-0.23669024892207494,52,-0.23642426888243573,MAP_PMU,91,0.0002659800396392076
4,UPFC_Vse,5-15,0.06065801271159999,52,0.05904097727578136,MAP_PMU,91,0.001617035435818634
5,UPFC_tse,5-15,-2.1709868192736703,52,-2.163233929222754,MAP_PMU,91,0.0077528900509165055
0,x_tcsc,1-14,-0.13055528889698836,53,-0.12818513286485486,MAP_PMU,91,0.0023701560321335025
1,B_svc,2,0.25502878883261937,53,0.25379756329672293,MAP_PMU,91,0.0012312255358964408
2,UPFC_Vsh,5-15,1.106684565455395,53,1.1103345310958304,MAP_PMU,91,0.003649965640435404
3,UPFC_tsh,5-15,-0.23657912619258656,53,-0.23642426888243573,MAP_PMU,91,0.00015485731015082993
4,UPFC_Vse,5-15,0.060581426803473,53,0.05904097727578136,MAP_PMU,91,0.0015404495276916397
5,UPFC_tse,5-15,-2.1695102922060423,53,-2.163233929222754,MAP_PMU,91,0.006276362983288486
0,x_tcsc,1-14,-0.13122217705862516,54,-0.12818513286485486,MAP_PMU,91,0.003037044193770294
1,B_svc,2,0.25499219393611416,54,0.25379756329672293,MAP_PMU,91,0.0011946306393912365
2,UPFC_Vsh,5-15,1.106643486737812,54,1.1103345310958304,MAP_PMU,91,0.0036910443580182584
3,UPFC_tsh,5-15,-0.2366055536589331,54,-0.23642426888243573,MAP_PMU,91,0.00018128477649737018
4,UPFC_Vse,5-15,0.060843043888432397,54,0.05904097727578136,MAP_PMU,91,0.001802066612651039
5,UPFC_tse,5-15,-2.1767886224836404,54,-2.163233929222754,MAP_PMU,91,0.013554693260886541
0,x_tcsc,1-14,-0.1310891712773641,55,-0.12818513286485486,MAP_PMU,91,0.0029040384125092467
1,B_svc,2,0.25523414413822915,55,0.25379756329672293,MAP_PMU,91,0.0014365808415062187
2,UPFC_Vsh,5-15,1.106850167287542,55,1.1103345310958304,MAP_PMU,91,0.0034843638082884265
3,UPFC_tsh,5-15,-0.2366896455929659,55,-0.23642426888243573,MAP_PMU,91,0.0002653767105301741
4,UPFC_Vse,5-15,0.06060948850581578,55,0.05904097727578136,MAP_PMU,91,0.0015685112300344237
5,UPFC_tse,5-15,-2.1725238761736416,55,-2.163233929222754,MAP_PMU,91,0.009289946950887806
0,x_tcsc,1-14,-0.13067075002816703,56,-0.12818513286485486,MAP_PMU,91,0.002485617163312165
1,B_svc,2,0.25457701674262195,56,0.25379756329672293,MAP_PMU,91,0.0007794534458990254
2,UPFC_Vsh,5-15,1.1066394576389966,56,1.1103345310958304,MAP_PMU,91,0.0036950734568337307
3,UPFC_tsh,5-15,-0.23664013783111887,56,-0.23642426888243573,MAP_PMU,91,0.00021586894868314
4,UPFC_Vse,5-15,0.06051986608253949,56,0.05904097727578136,MAP_PMU,91,0.0014788888067581302
5,UPFC_tse,5-15,-2.174820269003468,56,-2.163233929222754,MAP_PMU,91,0.011586339780714106
0,x_tcsc,1-14,-0.1306131009044853,57,-0.12818513286485486,MAP_PMU,91,0.0024279680396304404
1,B_svc,2,0.25433996848515217,57,0.25379756329672293,MAP_PMU,91,0.0005424051884292402
2,UPFC_Vsh,5-15,1.1068940978388582,57,1.1103345310958304,MAP_PMU,91,0.0034404332569721863
3,UPFC_tsh,5-15,-0.23662821071693896,57,-0.23642426888243573,MAP_PMU,91,0.00020394183450322956
4,UPFC_Vse,5-15,0.06009141659999203,57,0.05904097727578136,MAP_PMU,91,0.0010504393242106724
5,UPFC_tse,5-15,-2.1719703899950593,57,-2.163233929222754,MAP_PMU,91,0.008736460772305499
0,x_tcsc,1-14,-0.13068288348812637,58,-0.12818513286485486,MAP_PMU,91,0.0024977506232715108
1,B_svc,2,0.2547012605373714,58,0.25379756329672293,MAP_PMU,91,0.0009036972406484822
2,UPFC_Vsh,5-15,1.1067977950141652,58,1.1103345310958304,MAP_PMU,91,0.0035367360816651594
3,UPFC_tsh,5-15,-0.23651980086569244,58,-0.23642426888243573,MAP_PMU,91,9.553198325670809e-05
4,UPFC_Vse,5-15,0.06041550410412956,58,0.05904097727578136,MAP_PMU,91,0.0013745268283482034
5,UPFC_tse,5-15,-2.168327719852737,58,-2.163233929222754,MAP_PMU,91,0.005093790629983275
0,x_tcsc,1-14,-0.1306814986108413,59,-0.12818513286485486,MAP_PMU,91,0.0024963657459864397
1,B_svc,2,0.25414520004802654,59,0.25379756329672293,MAP_PMU,91,0.00034763675130361493
2,UPFC_Vsh,5-15,1.1066705670936894,59,1.1103345310958304,MAP_PMU,91,0.0036639640021409736
3,UPFC_tsh,5-15,-0.2366329637706198,59,-0.23642426888243573,MAP_PMU,91,0.00020869488818406334
4,UPFC_Vse,5-15,0.06067871152335055,59,0.05904097727578136,MAP_PMU,91,0.0016377342475691892
5,UPFC_tse,5-15,-2.1795589513590827,59,-2.163233929222754,MAP_PMU,91,0.016325022136328915
0,x_tcsc,1-14,-0.13072250030502075,60,-0.12818513286485486,MAP_PMU,91,0.0025373674401658886
1,B_svc,2,0.25477663817293256,60,0.25379756329672293,MAP_PMU,91,0.000979074876209629
2,UPFC_Vsh,5-15,1.1067101744480456,60,1.1103345310958304,MAP_PMU,91,0.00362435664778471
3,UPFC_tsh,5-15,-0.2366111711722742,60,-0.23642426888243573,MAP_PMU,91,0.00018690228983847534
4,UPFC_Vse,5-15,0.06054515601885264,60,0.05904097727578136,MAP_PMU,91,0.00150417874307128
5,UPFC_tse,5-15,-2.1778841312861252,60,-2.163233929222754,MAP_PMU,91,0.01465020206337142
0,x_tcsc,1-14,-0.13046571325247522,61,-0.12818513286485486,MAP_PMU,91,0.0022805803876203568
1,B_svc,2,0.254793084925446,61,0.25379756329672293,MAP_PMU,91,0.0009955216287230728
2,UPFC_Vsh,5-15,1.107152623624361,61,1.1103345310958304,MAP_PMU,91,0.003181907471469403
3,UPFC_tsh,5-15,-0.23655122096753245,61,-0.23642426888243573,MAP_PMU,91,0.00012695208509672096
4,UPFC_Vse,5-15,0.060353408028514306,61,0.05904097727578136,MAP_PMU,91,0.0013124307527329487
5,UPFC_tse,5-15,-2.170556431109626,61,-2.163233929222754,MAP_PMU,91,0.007322501886872335
0,x_tcsc,1-14,-0.13098159626576678,62,-0.12818513286485486,MAP_PMU,91,0.002796463400911914
1,B_svc,2,0.25439151035206536,62,0.25379756329672293,MAP_PMU,91,0.0005939470553424364
2,UPFC_Vsh,5-15,1.106962643506055,62,1.1103345310958304,MAP_PMU,91,0.0033718875897752465
3,UPFC_tsh,5-15,-0.23650678682577642,62,-0.23642426888243573,MAP_PMU,91,8.251794334068752e-05
4,UPFC_Vse,5-15,0.05984529491824345,62,0.05904097727578136,MAP_PMU,91,0.0008043176424620893
5,UPFC_tse,5-15,-2.1751952316759264,62,-2.163233929222754,MAP_PMU,91,0.011961302453172618
0,x_tcsc,1-14,-0.13087696410648503,63,-0.12818513286485486,MAP_PMU,91,0.002691831241630166
1,B_svc,2,0.2546425999991521,63,0.25379756329672293,MAP_PMU,91,0.0008450367024291916
2,UPFC_Vsh,5-15,1.1069194711321058,63,1.1103345310958304,MAP_PMU,91,0.003415059963724598
3,UPFC_tsh,5-15,-0.236509271908277,63,-0.23642426888243573,MAP_PMU,91,8.500302584127373e-05
4,UPFC_Vse,5-15,0.0597767851949375,63,0.05904097727578136,MAP_PMU,91,0.0007358079191561451
5,UPFC_tse,5-15,-2.1654106321374877,63,-2.163233929222754,MAP_PMU,91,0.00217670291473393
0,x_tcsc,1-14,-0.13078076995723428,64,-0.12818513286485486,MAP_PMU,91,0.0025956370923794214
1,B_svc,2,0.25449268800095803,64,0.25379756329672293,MAP_PMU,91,0.0006951247042351061
2,UPFC_Vsh,5-15,1.1069716025289604,64,1.1103345310958304,MAP_PMU,91,0.003362928566869927
3,UPFC_tsh,5-15,-0.2365717649199503,64,-0.23642426888243573,MAP_PMU,91,0.00014749603751457174
4,UPFC_Vse,5-15,0.06034479467686585,64,0.05904097727578136,MAP_PMU,91,0.0013038174010844908
5,UPFC_tse,5-15,-2.167093060106188,64,-2.163233929222754,MAP_PMU,91,0.0038591308834341476
0,x_tcsc,1-14,-0.13073938738123103,65,-0.12818513286485486,MAP_PMU,91,0.00255425451637617
1,B_svc,2,0.25435804245318516,65,0.25379756329672293,MAP_PMU,91,0.0005604791564622347
2,UPFC_Vsh,5-15,1.1072808697895171,65,1.1103345310958304,MAP_PMU,91,0.003053661306313238
3,UPFC_tsh,5-15,-0.2365174357746764,65,-0.23642426888243573,MAP_PMU,91,9.316689224067587e-05
4,UPFC_Vse,5-15,0.06009983325758078,65,0.05904097727578136,MAP_PMU,91,0.001058855981799424
5,UPFC_tse,5-15,-2.1606745325390015,65,-2.163233929222754,MAP_PMU,91,0.0025593966837522686
0,x_tcsc,1-14,-0.13102103065384946,66,-0.12818513286485486,MAP_PMU,91,0.0028358977889945958
1,B_svc,2,0.2546496721111816,66,0.25379756329672293,MAP_PMU,91,0.0008521088144586852
2,UPFC_Vsh,5-15,1.1069367001273391,66,1.1103345310958304,MAP_PMU,91,0.0033978309684912222
3,UPFC_tsh,5-15,-0.23657433878294135,66,-0.23642426888243573,MAP_PMU,91,0.0001500699005056172
4,UPFC_Vse,5-15,0.06056365326959055,66,0.05904097727578136,MAP_PMU,91,0.0015226759938091958
5,UPFC_tse,5-15,-2.168421452687154,66,-2.163233929222754,MAP_PMU,91,0.005187523464400101
0,x_tcsc,1-14,-0.13092985881233488,67,-0.12818513286485486,MAP_PMU,91,0.0027447259474800145
1,B_svc,2,0.25477382688553096,67,0.25379756329672293,MAP_PMU,91,0.0009762635888080351
2,UPFC_Vsh,5-15,1.1070465413539676,67,1.1103345310958304,MAP_PMU,91,0.003287989741862729
3,UPFC_tsh,5-15,-0.23656956056432682,67,-0.23642426888243573,MAP_PMU,91,0.00014529168189109098
4,UPFC_Vse,5-15,0.060313319892201435,67,0.05904097727578136,MAP_PMU,91,0.0012723426164200774
5,UPFC_tse,5-15,-2.165906474691463,67,-2.163233929222754,MAP_PMU,91,0.0026725454687093197
0,x_tcsc,1-14,-0.13029911579269263,68,-0.12818513286485486,MAP_PMU,91,0.0021139829278377653
1,B_svc,2,0.2549046308728995,68,0.25379756329672293,MAP_PMU,91,0.001107067576176568
2,UPFC_Vsh,5-15,1.1068304057481462,68,1.1103345310958304,MAP_PMU,91,0.003504125347684184
3,UPFC_tsh,5-15,-0.2365865864030217,68,-0.23642426888243573,MAP_PMU,91,0.00016231752058595839
4,UPFC_Vse,5-15,0.06042587553027816,68,0.05904097727578136,MAP_PMU,91,0.001384898254496801
5,UPFC_tse,5-15,-2.167343968169856,68,-2.163233929222754,MAP_PMU,91,0.004110038947102268
0,x_tcsc,1-14,-0.13088365340793123,69,-0.12818513286485486,MAP_PMU,91,0.0026985205430763715
1,B_svc,2,0.25489890965827244,69,0.25379756329672293,MAP_PMU,91,0.0011013463615495156
2,UPFC_Vsh,5-15,1.1069375270882993,69,1.1103345310958304,MAP_PMU,91,0.003397004007531068
3,UPFC_tsh,5-15,-0.23656130047017196,69,-0.23642426888243573,MAP_PMU,91,0.00013703158773623048
4,UPFC_Vse,5-15,0.059970061073994996,69,0.05904097727578136,MAP_PMU,91,0.0009290837982136382
5,UPFC_tse,5-15,-2.1831345599217875,69,-2.163233929222754,MAP_PMU,91,0.019900630699033695
0,x_tcsc,1-14,-0.13086879749903282,70,-0.12818513286485486,MAP_PMU,91,0.0026836646341779624
1,B_svc,2,0.2548397267172999,70,0.25379756329672293,MAP_PMU,91,0.001042163420576947
2,UPFC_Vsh,5-15,1.106900380589731,70,1.1103345310958304,MAP_PMU,91,0.0034341505060992983
3,UPFC_tsh,5-15,-0.23655434321705285,70,-0.23642426888243573,MAP_PMU,91,0.0001300743346171196
4,UPFC_Vse,5-15,0.06042323784806996,70,0.05904097727578136,MAP_PMU,91,0.0013822605722886017
5,UPFC_tse,5-15,-2.1713627347174698,70,-2.163233929222754,MAP_PMU,91,0.008128805494715952
0,x_tcsc,1-14,-0.13133351359702955,71,-0.12818513286485486,MAP_PMU,91,0.003148380732174688
1,B_svc,2,0.2544475146274922,71,0.25379756329672293,MAP_PMU,91,0.0006499513307692828
2,UPFC_Vsh,5-15,1.1068762252812927,71,1.1103345310958304,MAP_PMU,91,0.0034583058145376544
3,UPFC_tsh,5-15,-0.2366181095752879,71,-0.23642426888243573,MAP_PMU,91,0.0001938406928521652
4,UPFC_Vse,5-15,0.06017143937711394,71,0.05904097727578136,MAP_PMU,91,0.00113046210133258
5,UPFC_tse,5-15,-2.1791067466353757,71,-2.163233929222754,MAP_PMU,91,0.01587281741262192
0,x_tcsc,1-14,-0.1303875033323549,72,-0.12818513286485486,MAP_PMU,91,0.0022023704675000477
1,B_svc,2,0.2543332071422542,72,0.25379756329672293,MAP_PMU,91,0.0005356438455312862
2,UPFC_Vsh,5-15,1.1067057101183402,72,1.1103345310958304,MAP_PMU,91,0.003628820977490177
3,UPFC_tsh,5-15,-0.23667968333416764,72,-0.23642426888243573,MAP_PMU,91,0.00025541445173191124
4,UPFC_Vse,5-15,0.060310769419215385,72,0.05904097727578136,MAP_PMU,91,0.0012697921434340273
5,UPFC_tse,5-15,-2.1820713925784574,72,-2.163233929222754,MAP_PMU,91,0.018837463355703576
0,x_tcsc,1-14,-0.13107640914735919,73,-0.12818513286485486,MAP_PMU,91,0.0028912762825043237
1,B_svc,2,0.2542387297438951,73,0.25379756329672293,MAP_PMU,91,0.000441166447172181
2,UPFC_Vsh,5-15,1.106711120402895,73,1.1103345310958304,MAP_PMU,91,0.0036234106929353693
3,UPFC_tsh,5-15,-0.23662222307506978,73,-0.23642426888243573,MAP_PMU,91,0.0001979541926340478
4,UPFC_Vse,5-15,0.06055144313226772,73,0.05904097727578136,MAP_PMU,91,0.0015104658564863635
5,UPFC_tse,5-15,-2.1757748588605015,73,-2.163233929222754,MAP_PMU,91,0.012540929637747666
0,x_tcsc,1-14,-0.1306878724470485,74,-0.12818513286485486,MAP_PMU,91,0.0025027395821936305
1,B_svc,2,0.254393122982933,74,0.25379756329672293,MAP_PMU,91,0.0005955596862100565
2,UPFC_Vsh,5-15,1.106690086763632,74,1.1103345310958304,MAP_PMU,91,0.003644444332198349
3,UPFC_tsh,5-15,-0.2366624729567837,74,-0.23642426888243573,MAP_PMU,91,0.0002382040743479641
4,UPFC_Vse,5-15,0.06049629547523899,74,0.05904097727578136,MAP_PMU,91,0.001455318199457635
5,UPFC_tse,5-15,-2.165735942520806,74,-2.163233929222754,MAP_PMU,91,0.002502013298052219
0,x_tcsc,1-14,-0.13079821340360628,75,-0.12818513286485486,MAP_PMU,91,0.002613080538751422
1,B_svc,2,0.25533527396089617,75,0.25379756329672293,MAP_PMU,91,0.0015377106641732419
2,UPFC_Vsh,5-15,1.1066063992235133,75,1.1103345310958304,MAP_PMU,91,0.00372813187231702
3,UPFC_tsh,5-15,-0.23666330935352645,75,-0.23642426888243573,MAP_PMU,91,0.0002390404710907179
4,UPFC_Vse,5-15,0.060381398853757866,75,0.05904097727578136,MAP_PMU,91,0.0013404215779765083
5,UPFC_tse,5-15,-2.178569317176384,75,-2.163233929222754,MAP_PMU,91,0.015335387953629986
0,x_tcsc,1-14,-0.13066427435742778,76,-0.12818513286485486,MAP_PMU,91,0.002479141492572917
1,B_svc,2,0.2547453422825545,76,0.25379756329672293,MAP_PMU,91,0.0009477789858315933
2,UPFC_Vsh,5-15,1.1071508070340992,76,1.1103345310958304,MAP_PMU,91,0.0031837240617311746
3,UPFC_tsh,5-15,-0.23658107867674608,76,-0.23642426888243573,MAP_PMU,91,0.00015680979431034747
4,UPFC_Vse,5-15,0.060473271550972534,76,0.05904097727578136,MAP_PMU,91,0.001432294275191176
5,UPFC_tse,5-15,-2.170645923813317,76,-2.163233929222754,MAP_PMU,91,0.007411994590563076
0,x_tcsc,1-14,-0.13107708096989767,77,-0.12818513286485486,MAP_PMU,91,0.002891948105042813
1,B_svc,2,0.25476224740641545,77,0.25379756329672293,MAP_PMU,91,0.0009646841096925263
2,UPFC_Vsh,5-15,1.107021682142282,77,1.1103345310958304,MAP_PMU,91,0.0033128489535483308
3,UPFC_tsh,5-15,-0.2365820852676805,77,-0.23642426888243573,MAP_PMU,91,0.00015781638524475783
4,UPFC_Vse,5-15,0.06055116996230423,77,0.05904097727578136,MAP_PMU,91,0.0015101926865228738
5,UPFC_tse,5-15,-2.1738106794322647,77,-2.163233929222754,MAP_PMU,91,0.010576750209510877
0,x_tcsc,1-14,-0.13068013309779655,78,-0.12818513286485486,MAP_PMU,91,0.002495000232941691
1,B_svc,2,0.25439404948459154,78,0.25379756329672293,MAP_PMU,91,0.0005964861878686167
2,UPFC_Vsh,5-15,1.1071220841838953,78,1.1103345310958304,MAP_PMU,91,0.0032124469119350074
3,UPFC_tsh,5-15,-0.23656253161199378,78,-0.23642426888243573,MAP_PMU,91,0.00013826272955805297
4,UPFC_Vse,5-15,0.06021734195029089,78,0.05904097727578136,MAP_PMU,91,0.0011763646745095307
5,UPFC_tse,5-15,-2.171362716807621,78,-2.163233929222754,MAP_PMU,91,0.008128787584867236
0,x_tcsc,1-14,-0.13093802874766988,79,-0.12818513286485486,MAP_PMU,91,0.0027528958828150207
1,B_svc,2,0.2546997098671081,79,0.25379756329672293,MAP_PMU,91,0.0009021465703851761
2,UPFC_Vsh,5-15,1.1069493371651298,79,1.1103345310958304,MAP_PMU,91,0.0033851939307005807
3,UPFC_tsh,5-15,-0.23651842625864355,79,-0.23642426888243573,MAP_PMU,91,9.415737620782627e-05
4,UPFC_Vse,5-15,0.06009227937293385,79,0.05904097727578136,MAP_PMU,91,0.0010513020971524914
5,UPFC_tse,5-15,-2.178786964470486,79,-2.163233929222754,MAP_PMU,91,0.015553035247731994
0,x_tcsc,1-14,-0.13118675424020748,80,-0.12818513286485486,MAP_PMU,91,0.00300162137535262
1,B_svc,2,0.2545073408997595,80,0.25379756329672293,MAP_PMU,91,0.0007097776030365877
2,UPFC_Vsh,5-15,1.1063796147705744,80,1.1103345310958304,MAP_PMU,91,0.003954916325255908
3,UPFC_tsh,5-15,-0.23671667236992242,80,-0.23642426888243573,MAP_PMU,91,0.00029240348748668654
4,UPFC_Vse,5-15,0.060571446634366186,80,0.05904097727578136,MAP_PMU,91,0.001530469358584828
5,UPFC_tse,5-15,-2.1894227667021924,80,-2.163233929222754,MAP_PMU,91,0.026188837479438565
0,x_tcsc,1-14,-0.13043563817516987,81,-0.12818513286485486,MAP_PMU,91,0.0022505053103150097
1,B_svc,2,0.25410688387530234,81,0.25379756329672293,MAP_PMU,91,0.0003093205785794084
2,UPFC_Vsh,5-15,1.1070191285645772,81,1.1103345310958304,MAP_PMU,91,0.0033154025312531754
3,UPFC_tsh,5-15,-0.23658033239239634,81,-0.23642426888243573,MAP_PMU,91,0.00015606350996061336
4,UPFC_Vse,5-15,0.0606014607597599,81,0.05904097727578136,MAP_PMU,91,0.0015604834839785392
5,UPFC_tse,5-15,-2.1622916889386077,81,-2.163233929222754,MAP_PMU,91,0.0009422402841461341
0,x_tcsc,1-14,-0.13094410242349144,82,-0.12818513286485486,MAP_PMU,91,0.0027589695586365814
1,B_svc,2,0.25427994083346334,82,0.25379756329672293,MAP_PMU,91,0.0004823775367404082
2,UPFC_Vsh,5-15,1.10695510643153,82,1.1103345310958304,MAP_PMU,91,0.0033794246643004122
3,UPFC_tsh,5-15,-0.23654777960506893,82,-0.23642426888243573,MAP_PMU,91,0.00012351072263319662
4,UPFC_Vse,5-15,0.0602342064817039,82,0.05904097727578136,MAP_PMU,91,0.00119322920592254
5,UPFC_tse,5-15,-2.1688907689154777,82,-2.163233929222754,MAP_PMU,91,0.005656839692723903
0,x_tcsc,1-14,-0.13086615070263546,83,-0.12818513286485486,MAP_PMU,91,0.0026810178377806027
1,B_svc,2,0.25476542031091504,83,0.25379756329672293,MAP_PMU,91,0.0009678570141921083
2,UPFC_Vsh,5-15,1.1070192119286668,83,1.1103345310958304,MAP_PMU,91,0.003315319167163544
3,UPFC_tsh,5-15,-0.23665275896406174,83,-0.23642426888243573,MAP_PMU,91,0.00022849008162600937
4,UPFC_Vse,5-15,0.06052887746550276,83,0.05904097727578136,MAP_PMU,91,0.0014879001897214056
5,UPFC_tse,5-15,-2.177649479560177,83,-2.163233929222754,MAP_PMU,91,0.014415550337423255
0,x_tcsc,1-14,-0.13085101060547982,84,-0.12818513286485486,MAP_PMU,91,0.002665877740624961
1,B_svc,2,0.25476077510414236,84,0.25379756329672293,MAP_PMU,91,0.0009632118074194285
2,UPFC_Vsh,5-15,1.106918100229452,84,1.1103345310958304,MAP_PMU,91,0.0034164308663784393
3,UPFC_tsh,5-15,-0.2366033188271557,84,-0.23642426888243573,MAP_PMU,91,0.00017904994471998337
4,UPFC_Vse,5-15,0.06018428591351666,84,0.05904097727578136,MAP_PMU,91,0.0011433086377353047
5,UPFC_tse,5-15,-2.168345218711819,84,-2.163233929222754,MAP_PMU,91,0.0051112894890650296
0,x_tcsc,1-14,-0.13080269295034466,85,-0.12818513286485486,MAP_PMU,91,0.0026175600854898007
1,B_svc,2,0.25440413535149015,85,0.25379756329672293,MAP_PMU,91,0.0006065720547672182
2,UPFC_Vsh,5-15,1.1066966107182856,85,1.1103345310958304,MAP_PMU,91,0.0036379203775447344
3,UPFC_tsh,5-15,-0.23664340102111522,85,-0.23642426888243573,MAP_PMU,91,0.00021913213867949533
4,UPFC_Vse,5-15,0.06049511817012914,85,0.05904097727578136,MAP_PMU,91,0.001454140894347783
5,UPFC_tse,5-15,-2.175982094783696,85,-2.163233929222754,MAP_PMU,91,0.012748165560942049
0,x_tcsc,1-14,-0.13052674772118517,86,-0.12818513286485486,MAP_PMU,91,0.002341614856330304
1,B_svc,2,0.2543267140555352,86,0.25379756329672293,MAP_PMU,91,0.000529150758812269
2,UPFC_Vsh,5-15,1.1069649398746486,86,1.1103345310958304,MAP_PMU,91,0.0033695912211817447
3,UPFC_tsh,5-15,-0.23655040188174825,86,-0.23642426888243573,MAP_PMU,91,0.00012613299931252264
4,UPFC_Vse,5-15,0.06052994531088593,86,0.05904097727578136,MAP_PMU,91,0.0014889680351045723
5,UPFC_tse,5-15,-2.1715814411057632,86,-2.163233929222754,MAP_PMU,91,0.008347511883009417
0,x_tcsc,1-14,-0.13079145863486177,87,-0.12818513286485486,MAP_PMU,91,0.002606325770006912
1,B_svc,2,0.2541353167778688,87,0.25379756329672293,MAP_PMU,91,0.0003377534811458971
2,UPFC_Vsh,5-15,1.106995792416813,87,1.1103345310958304,MAP_PMU,91,0.00333873867901735
3,UPFC_tsh,5-15,-0.23656001360749665,87,-0.23642426888243573,MAP_PMU,91,0.00013574472506092117
4,UPFC_Vse,5-15,0.060205155089540906,87,0.05904097727578136,MAP_PMU,91,0.0011641778137595482
5,UPFC_tse,5-15,-2.1636632536104634,87,-2.163233929222754,MAP_PMU,91,0.00042932438770959536
0,x_tcsc,1-14,-0.13103278213719202,88,-0.12818513286485486,MAP_PMU,91,0.0028476492723371605
1,B_svc,2,0.25405325207526014,88,0.25379756329672293,MAP_PMU,91,0.00025568877853721084
2,UPFC_Vsh,5-15,1.106896980290883,88,1.1103345310958304,MAP_PMU,91,0.0034375508049473424
3,UPFC_tsh,5-15,-0.23656365517314673,88,-0.23642426888243573,MAP_PMU,91,0.00013938629071100217
4,UPFC_Vse,5-15,0.05973155212910762,88,0.05904097727578136,MAP_PMU,91,0.0006905748533262632
5,UPFC_tse,5-15,-2.1772637283026848,88,-2.163233929222754,MAP_PMU,91,0.01402979907993096
0,x_tcsc,1-14,-0.13053657777322156,89,-0.12818513286485486,MAP_PMU,91,0.0023514449083666955
1,B_svc,2,0.25401940780649995,89,0.25379756329672293,MAP_PMU,91,0.00022184450977702497
2,UPFC_Vsh,5-15,1.1068269394006842,89,1.1103345310958304,MAP_PMU,91,0.0035075916951461394
3,UPFC_tsh,5-15,-0.23660557036026186,89,-0.23642426888243573,MAP_PMU,91,0.0001813014778261346
4,UPFC_Vse,5-15,0.06018088407723363,89,0.05904097727578136,MAP_PMU,91,0.0011399068014522756
5,UPFC_tse,5-15,-2.1781124275172346,89,-2.163233929222754,MAP_PMU,91,0.014878498294480735
0,x_tcsc,1-14,-0.13071407494645243,90,-0.12818513286485486,MAP_PMU,91,0.0025289420815975683
1,B_svc,2,0.25521192193545694,90,0.25379756329672293,MAP_PMU,91,0.0014143586387340146
2,UPFC_Vsh,5-15,1.106709214861213,90,1.1103345310958304,MAP_PMU,91,0.0036253162346173706
3,UPFC_tsh,5-15,-0.23666564382528613,90,-0.23642426888243573,MAP_PMU,91,0.0002413749428503975
4,UPFC_Vse,5-15,0.060179170397133074,90,0.05904097727578136,MAP_PMU,91,0.001138193121351716
5,UPFC_tse,5-15,-2.1786200292668774,90,-2.163233929222754,MAP_PMU,91,0.015386100044123552
0,x_tcsc,1-14,-0.130817449735654,91,-0.12818513286485486,MAP_PMU,91,0.0026323168707991507
1,B_svc,2,0.2540562519242623,91,0.25379756329672293,MAP_PMU,91,0.0002586886275393607
2,UPFC_Vsh,5-15,1.106933982917929,91,1.1103345310958304,MAP_PMU,91,0.0034005481779013635
3,UPFC_tsh,5-15,-0.2365807395818429,91,-0.23642426888243573,MAP_PMU,91,0.00015647069940716296
4,UPFC_Vse,5-15,0.06060917497260888,91,0.05904097727578136,MAP_PMU,91,0.0015681976968275196
5,UPFC_tse,5-15,-2.1647728438975005,91,-2.163233929222754,MAP_PMU,91,0.0015389146747466498
0,x_tcsc,1-14,-0.13063792186252335,92,-0.12818513286485486,MAP_PMU,91,0.002452788997668487
1,B_svc,2,0.2544282424433972,92,0.25379756329672293,MAP_PMU,91,0.0006306791466742512
2,UPFC_Vsh,5-15,1.1069370589466214,92,1.1103345310958304,MAP_PMU,91,0.0033974721492089355
3,UPFC_tsh,5-15,-0.23664812978064756,92,-0.23642426888243573,MAP_PMU,91,0.00022386089821183064
4,UPFC_Vse,5-15,0.06035239283042468,92,0.05904097727578136,MAP_PMU,91,0.0013114155546433207
5,UPFC_tse,5-15,-2.1686287299806275,92,-2.163233929222754,MAP_PMU,91,0.005394800757873686
0,x_tcsc,1-14,-0.13134082163576122,93,-0.12818513286485486,MAP_PMU,91,0.0031556887709063564
1,B_svc,2,0.2542509081941298,93,0.25379756329672293,MAP_PMU,91,0.0004533448974068932
2,UPFC_Vsh,5-15,1.1062361138991865,93,1.1103345310958304,MAP_PMU,91,0.004098417196643833
3,UPFC_tsh,5-15,-0.23674649675263726,93,-0.23642426888243573,MAP_PMU,91,0.0003222278702015302
4,UPFC_Vse,5-15,0.061190756688784556,93,0.05904097727578136,MAP_PMU,91,0.0021497794130031986
5,UPFC_tse,5-15,-2.1788811114828137,93,-2.163233929222754,MAP_PMU,91,0.0156471822600599
0,x_tcsc,1-14,-0.1308051109571163,94,-0.12818513286485486,MAP_PMU,91,0.0026199780922614435
1,B_svc,2,0.2541755826218344,94,0.25379756329672293,MAP_PMU,91,0.000378019325111445
2,UPFC_Vsh,5-15,1.106704407444343,94,1.1103345310958304,MAP_PMU,91,0.0036301236514872937
3,UPFC_tsh,5-15,-0.23665562126461512,94,-0.23642426888243573,MAP_PMU,91,0.00023135238217938947
4,UPFC_Vse,5-15,0.060068393180993884,94,0.05904097727578136,MAP_PMU,91,0.0010274159052125267
5,UPFC_tse,5-15,-2.1820585466510023,94,-2.163233929222754,MAP_PMU,91,0.01882461742824848
0,x_tcsc,1-14,-0.13078703128184532,95,-0.12818513286485486,MAP_PMU,91,0.0026018984169904613
1,B_svc,2,0.25439264158253383,95,0.25379756329672293,MAP_PMU,91,0.0005950782858109016
2,UPFC_Vsh,5-15,1.107027482231101,95,1.1103345310958304,MAP_PMU,91,0.003307048864729323
3,UPFC_tsh,5-15,-0.2365322939416165,95,-0.23642426888243573,MAP_PMU,91,0.00010802505918078298
4,UPFC_Vse,5-15,0.06019152397096315,95,0.05904097727578136,MAP_PMU,91,0.0011505466951817894
5,UPFC_tse,5-15,-2.166223911496158,95,-2.163233929222754,MAP_PMU,91,0.0029899822734043013
0,x_tcsc,1-14,-0.1307610036741084,96,-0.12818513286485486,MAP_PMU,91,0.002575870809253533
1,B_svc,2,0.2550883956588638,96,0.25379756329672293,MAP_PMU,91,0.0012908323621408924
2,UPFC_Vsh,5-15,1.1066003661276793,96,1.1103345310958304,MAP_PMU,91,0.0037341649681510436
3,UPFC_tsh,5-15,-0.2366110640451837,96,-0.23642426888243573,MAP_PMU,91,0.00018679516274797137
4,UPFC_Vse,5-15,0.060311214824959776,96,0.05904097727578136,MAP_PMU,91,0.0012702375491784185
5,UPFC_tse,5-15,-2.167825817822179,96,-2.163233929222754,MAP_PMU,91,0.004591888599425165
0,x_tcsc,1-14,-0.13092215376664978,97,-0.12818513286485486,MAP_PMU,91,0.002737020901794923
1,B_svc,2,0.2546317699055899,97,0.25379756329672293,MAP_PMU,91,0.0008342066088669609
2,UPFC_Vsh,5-15,1.106759296262152,97,1.1103345310958304,MAP_PMU,91,0.003575234833678387
3,UPFC_tsh,5-15,-0.23656283974110343,97,-0.23642426888243573,MAP_PMU,91,0.00013857085866769703
4,UPFC_Vse,5-15,0.05977518333962272,97,0.05904097727578136,MAP_PMU,91,0.0007342060638413639
5,UPFC_tse,5-15,-2.17032947778078,97,-2.163233929222754,MAP_PMU,91,0.007095548558026188
0,x_tcsc,1-14,-0.13077143644441555,98,-0.12818513286485486,MAP_PMU,91,0.0025863035795606892
1,B_svc,2,0.2547110467177727,98,0.25379756329672293,MAP_PMU,91,0.0009134834210497988
2,UPFC_Vsh,5-15,1.1070133860488802,98,1.1103345310958304,MAP_PMU,91,0.003321145046950136
3,UPFC_tsh,5-15,-0.23660927560093015,98,-0.23642426888243573,MAP_PMU,91,0.0001850067184944182
4,UPFC_Vse,5-15,0.060385367765056076,98,0.05904097727578136,MAP_PMU,91,0.0013443904892747188
5,UPFC_tse,5-15,-2.179531912411831,98,-2.163233929222754,MAP_PMU,91,0.016297983189077048
0,x_tcsc,1-14,-0.13057859926568596,99,-0.12818513286485486,MAP_PMU,91,0.0023934664008311013
1,B_svc,2,0.2544765246397275,99,0.25379756329672293,MAP_PMU,91,0.0006789613430045471
2,UPFC_Vsh,5-15,1.1068586054144103,99,1.1103345310958304,MAP_PMU,91,0.003475925681420078
3,UPFC_tsh,5-15,-0.2365254675934143,99,-0.23642426888243573,MAP_PMU,91,0.00010119871097857835
4,UPFC_Vse,5-15,0.060211673216943505,99,0.05904097727578136,MAP_PMU,91,0.0011706959411621476
5,UPFC_tse,5-15,-2.1615423036559323,99,-2.163233929222754,MAP_PMU,91,0.001691625566821564
0,x_tcsc,1-14,-0.13220002193430988,0,-0.1287438860906417,MAP_PMU,93,0.00345613584366819
1,B_svc,2,0.2558996804037743,0,0.2549623147102216,MAP_PMU,93,0.0009373656935526831
2,UPFC_Vsh,5-15,1.1069478172866432,0,1.1096338312405822,MAP_PMU,93,0.0026860139539390815
3,UPFC_tsh,5-15,-0.23611903264768672,0,-0.23592061381037074,MAP_PMU,93,0.00019841883731597232
4,UPFC_Vse,5-15,0.06032891000301765,0,0.05929998376082983,MAP_PMU,93,0.0010289262421878179
5,UPFC_tse,5-15,-2.175857775516149,0,-2.1655459086518336,MAP_PMU,93,0.010311866864315178
0,x_tcsc,1-14,-0.13164233309488085,1,-0.1287438860906417,MAP_PMU,93,0.002898447004239163
1,B_svc,2,0.2559127364793063,1,0.2549623147102216,MAP_PMU,93,0.0009504217690846639
2,UPFC_Vsh,5-15,1.1066021625769156,1,1.1096338312405822,MAP_PMU,93,0.0030316686636666645
3,UPFC_tsh,5-15,-0.23610961441054512,1,-0.23592061381037074,MAP_PMU,93,0.00018900060017437714
4,UPFC_Vse,5-15,0.06084010127445406,1,0.05929998376082983,MAP_PMU,93,0.001540117513624227
5,UPFC_tse,5-15,-2.1711366021692853,1,-2.1655459086518336,MAP_PMU,93,0.0055906935174516725
0,x_tcsc,1-14,-0.13149722388617852,2,-0.1287438860906417,MAP_PMU,93,0.0027533377955368254
1,B_svc,2,0.255596473803776,2,0.2549623147102216,MAP_PMU,93,0.000634159093554354
2,UPFC_Vsh,5-15,1.10650830371733,2,1.1096338312405822,MAP_PMU,93,0.003125527523252236
3,UPFC_tsh,5-15,-0.23618276668560056,2,-0.23592061381037074,MAP_PMU,93,0.0002621528752298208
4,UPFC_Vse,5-15,0.061053913109129845,2,0.05929998376082983,MAP_PMU,93,0.0017539293483000151
5,UPFC_tse,5-15,-2.1749219927629935,2,-2.1655459086518336,MAP_PMU,93,0.009376084111159866
0,x_tcsc,1-14,-0.1313297454979912,3,-0.1287438860906417,MAP_PMU,93,0.002585859407349511
1,B_svc,2,0.2560399796740034,3,0.2549623147102216,MAP_PMU,93,0.0010776649637817548
2,UPFC_Vsh,5-15,1.107130575405776,3,1.1096338312405822,MAP_PMU,93,0.0025032558348061507
3,UPFC_tsh,5-15,-0.2359897538401365,3,-0.23592061381037074,MAP_PMU,93,6.91400297657685e-05
4,UPFC_Vse,5-15,0.06036507031408459,3,0.05929998376082983,MAP_PMU,93,0.0010650865532547613
5,UPFC_tse,5-15,-2.1593465748537146,3,-2.1655459086518336,MAP_PMU,93,0.006199333798118989
0,x_tcsc,1-14,-0.13145058153222597,4,-0.1287438860906417,MAP_PMU,93,0.002706695441584278
1,B_svc,2,0.2564297598833692,4,0.2549623147102216,MAP_PMU,93,0.0014674451731475635
2,UPFC_Vsh,5-15,1.1068260761304818,4,1.1096338312405822,MAP_PMU,93,0.0028077551101004516
3,UPFC_tsh,5-15,-0.23609254079287828,4,-0.23592061381037074,MAP_PMU,93,0.00017192698250753646
4,UPFC_Vse,5-15,0.06041008833471261,4,0.05929998376082983,MAP_PMU,93,0.0011101045738827822
5,UPFC_tse,5-15,-2.1738179978843566,4,-2.1655459086518336,MAP_PMU,93,0.008272089232522983
0,x_tcsc,1-14,-0.13162131553407158,5,-0.1287438860906417,MAP_PMU,93,0.002877429443429891
1,B_svc,2,0.25542598095768404,5,0.2549623147102216,MAP_PMU,93,0.00046366624746241314
2,UPFC_Vsh,5-15,1.1071310321669217,5,1.1096338312405822,MAP_PMU,93,0.0025027990736605776
3,UPFC_tsh,5-15,-0.23607289968717546,5,-0.23592061381037074,MAP_PMU,93,0.00015228587680471417
4,UPFC_Vse,5-15,0.06073677256412475,5,0.05929998376082983,MAP_PMU,93,0.001436788803294918
5,UPFC_tse,5-15,-2.1753385275016863,5,-2.1655459086518336,MAP_PMU,93,0.009792618849852719
0,x_tcsc,1-14,-0.13130234517298425,6,-0.1287438860906417,MAP_PMU,93,0.0025584590823425624
1,B_svc,2,0.25574979744219883,6,0.2549623147102216,MAP_PMU,93,0.0007874827319772071
2,UPFC_Vsh,5-15,1.106820622632892,6,1.1096338312405822,MAP_PMU,93,0.0028132086076901874
3,UPFC_tsh,5-15,-0.23612502002915772,6,-0.23592061381037074,MAP_PMU,93,0.00020440621878697884
4,UPFC_Vse,5-15,0.060213313373229306,6,0.05929998376082983,MAP_PMU,93,0.0009133296123994758
5,UPFC_tse,5-15,-2.182096080195953,6,-2.1655459086518336,MAP_PMU,93,0.01655017154411942
0,x_tcsc,1-14,-0.13116232369106712,7,-0.1287438860906417,MAP_PMU,93,0.002418437600425427
1,B_svc,2,0.2557086983900301,7,0.2549623147102216,MAP_PMU,93,0.0007463836798084489
2,UPFC_Vsh,5-15,1.1070159537654982,7,1.1096338312405822,MAP_PMU,93,0.0026178774750840184
3,UPFC_tsh,5-15,-0.23606493040189255,7,-0.23592061381037074,MAP_PMU,93,0.0001443165915218092
4,UPFC_Vse,5-15,0.06051638333700727,7,0.05929998376082983,MAP_PMU,93,0.001216399576177439
5,UPFC_tse,5-15,-2.17144457185788,7,-2.1655459086518336,MAP_PMU,93,0.005898663206046262
0,x_tcsc,1-14,-0.13127022340090655,8,-0.1287438860906417,MAP_PMU,93,0.002526337310264859
1,B_svc,2,0.2557359732918482,8,0.2549623147102216,MAP_PMU,93,0.0007736585816265906
2,UPFC_Vsh,5-15,1.1069688088341838,8,1.1096338312405822,MAP_PMU,93,0.002665022406398432
3,UPFC_tsh,5-15,-0.23598662607107618,8,-0.23592061381037074,MAP_PMU,93,6.601226070543365e-05
4,UPFC_Vse,5-15,0.05987116724126932,8,0.05929998376082983,MAP_PMU,93,0.0005711834804394897
5,UPFC_tse,5-15,-2.1656026269962023,8,-2.1655459086518336,MAP_PMU,93,5.671834436871137e-05
0,x_tcsc,1-14,-0.1315564862128993,9,-0.1287438860906417,MAP_PMU,93,0.002812600122257619
1,B_svc,2,0.25606619712651063,9,0.2549623147102216,MAP_PMU,93,0.0011038824162890037
2,UPFC_Vsh,5-15,1.106988338968601,9,1.1096338312405822,MAP_PMU,93,0.002645492271981187
3,UPFC_tsh,5-15,-0.23606525898387215,9,-0.23592061381037074,MAP_PMU,93,0.0001446451735014065
4,UPFC_Vse,5-15,0.06059215998334801,9,0.05929998376082983,MAP_PMU,93,0.0012921762225181765
5,UPFC_tse,5-15,-2.164091084935219,9,-2.1655459086518336,MAP_PMU,93,0.0014548237166147615
0,x_tcsc,1-14,-0.1315594265334502,10,-0.1287438860906417,MAP_PMU,93,0.0028155404428085173
1,B_svc,2,0.2557200633790497,10,0.2549623147102216,MAP_PMU,93,0.000757748668828051
2,UPFC_Vsh,5-15,1.1068476430509693,10,1.1096338312405822,MAP_PMU,93,0.0027861881896129592
3,UPFC_tsh,5-15,-0.23613582435261918,10,-0.23592061381037074,MAP_PMU,93,0.00021521054224843406
4,UPFC_Vse,5-15,0.061201676005989865,10,0.05929998376082983,MAP_PMU,93,0.0019016922451600346
5,UPFC_tse,5-15,-2.1687913052206667,10,-2.1655459086518336,MAP_PMU,93,0.0032453965688330477
0,x_tcsc,1-14,-0.13152710397426295,11,-0.1287438860906417,MAP_PMU,93,0.002783217883621264
1,B_svc,2,0.2560069836290498,11,0.2549623147102216,MAP_PMU,93,0.001044668918828151
2,UPFC_Vsh,5-15,1.1067248382977273,11,1.1096338312405822,MAP_PMU,93,0.00290899294285496
3,UPFC_tsh,5-15,-0.23609290399176866,11,-0.23592061381037074,MAP_PMU,93,0.00017229018139791608
4,UPFC_Vse,5-15,0.06063805135134049,11,0.05929998376082983,MAP_PMU,93,0.0013380675905106595
5,UPFC_tse,5-15,-2.170132813305916,11,-2.1655459086518336,MAP_PMU,93,0.004586904654082513
0,x_tcsc,1-14,-0.13125702286990754,12,-0.1287438860906417,MAP_PMU,93,0.0025131367792658454
1,B_svc,2,0.2554401959229481,12,0.2549623147102216,MAP_PMU,93,0.0004778812127264609
2,UPFC_Vsh,5-15,1.1066948041731581,12,1.1096338312405822,MAP_PMU,93,0.002939027067424105
3,UPFC_tsh,5-15,-0.23612123049756756,12,-0.23592061381037074,MAP_PMU,93,0.00020061668719681403
4,UPFC_Vse,5-15,0.06105622335250986,12,0.05929998376082983,MAP_PMU,93,0.001756239591680031
5,UPFC_tse,5-15,-2.1699161217520695,12,-2.1655459086518336,MAP_PMU,93,0.004370213100235887
0,x_tcsc,1-14,-0.13142274011744948,13,-0.1287438860906417,MAP_PMU,93,0.0026788540268077865
1,B_svc,2,0.2557428062921067,13,0.2549623147102216,MAP_PMU,93,0.0007804915818850899
2,UPFC_Vsh,5-15,1.1065706607778127,13,1.1096338312405822,MAP_PMU,93,0.0030631704627694933
3,UPFC_tsh,5-15,-0.23608740916195553,13,-0.23592061381037074,MAP_PMU,93,0.00016679535158478642
4,UPFC_Vse,5-15,0.06014706543516595,13,0.05929998376082983,MAP_PMU,93,0.0008470816743361212
5,UPFC_tse,5-15,-2.166970420047165,13,-2.1655459086518336,MAP_PMU,93,0.001424511395331507
0,x_tcsc,1-14,-0.13121310868646385,14,-0.1287438860906417,MAP_PMU,93,0.0024692225958221625
1,B_svc,2,0.2559277318295772,14,0.2549623147102216,MAP_PMU,93,0.0009654171193555494
2,UPFC_Vsh,5-15,1.1068305780956689,14,1.1096338312405822,MAP_PMU,93,0.0028032531449133646
3,UPFC_tsh,5-15,-0.23611280758203007,14,-0.23592061381037074,MAP_PMU,93,0.00019219377165932694
4,UPFC_Vse,5-15,0.06047959652887259,14,0.05929998376082983,MAP_PMU,93,0.0011796127680427579
5,UPFC_tse,5-15,-2.167584036169717,14,-2.1655459086518336,MAP_PMU,93,0.00203812751788357
0,x_tcsc,1-14,-0.1312604145997752,15,-0.1287438860906417,MAP_PMU,93,0.0025165285091335032
1,B_svc,2,0.25566175194010193,15,0.2549623147102216,MAP_PMU,93,0.0006994372298803064
2,UPFC_Vsh,5-15,1.1063880792019838,15,1.1096338312405822,MAP_PMU,93,0.0032457520385984484
3,UPFC_tsh,5-15,-0.23613674037046006,15,-0.23592061381037074,MAP_PMU,93,0.00021612656008931919
4,UPFC_Vse,5-15,0.06025982398887096,15,0.05929998376082983,MAP_PMU,93,0.0009598402280411311
5,UPFC_tse,5-15,-2.183209588344615,15,-2.1655459086518336,MAP_PMU,93,0.017663679692781376
0,x_tcsc,1-14,-0.13138603248572495,16,-0.1287438860906417,MAP_PMU,93,0.0026421463950832558
1,B_svc,2,0.256087480957968,16,0.2549623147102216,MAP_PMU,93,0.0011251662477463897
2,UPFC_Vsh,5-15,1.1067172994648988,16,1.1096338312405822,MAP_PMU,93,0.0029165317756834064
3,UPFC_tsh,5-15,-0.2360596836109594,16,-0.23592061381037074,MAP_PMU,93,0.0001390698005886426
4,UPFC_Vse,5-15,0.060965524206353094,16,0.05929998376082983,MAP_PMU,93,0.0016655404455232642
5,UPFC_tse,5-15,-2.181603305271738,16,-2.1655459086518336,MAP_PMU,93,0.016057396619904463
0,x_tcsc,1-14,-0.13145485364247592,17,-0.1287438860906417,MAP_PMU,93,0.0027109675518342258
1,B_svc,2,0.25595745021724653,17,0.2549623147102216,MAP_PMU,93,0.0009951355070249024
2,UPFC_Vsh,5-15,1.1062218663174264,17,1.1096338312405822,MAP_PMU,93,0.0034119649231558746
3,UPFC_tsh,5-15,-0.23615242166624564,17,-0.23592061381037074,MAP_PMU,93,0.00023180785587489927
4,UPFC_Vse,5-15,0.0605934424606236,17,0.05929998376082983,MAP_PMU,93,0.0012934586997937689
5,UPFC_tse,5-15,-2.182798584151795,17,-2.1655459086518336,MAP_PMU,93,0.017252675499961345
0,x_tcsc,1-14,-0.13156447524848638,18,-0.1287438860906417,MAP_PMU,93,0.002820589157844694
1,B_svc,2,0.2558296363553344,18,0.2549623147102216,MAP_PMU,93,0.000867321645112773
2,UPFC_Vsh,5-15,1.1069045100400559,18,1.1096338312405822,MAP_PMU,93,0.00272932120052638
3,UPFC_tsh,5-15,-0.23606578883552837,18,-0.23592061381037074,MAP_PMU,93,0.00014517502515762337
4,UPFC_Vse,5-15,0.06021849950159446,18,0.05929998376082983,MAP_PMU,93,0.0009185157407646319
5,UPFC_tse,5-15,-2.1654687358673375,18,-2.1655459086518336,MAP_PMU,93,7.717278449614895e-05
0,x_tcsc,1-14,-0.13178335008291808,19,-0.1287438860906417,MAP_PMU,93,0.003039463992276392
1,B_svc,2,0.2555145233446392,19,0.2549623147102216,MAP_PMU,93,0.0005522086344175725
2,UPFC_Vsh,5-15,1.1062722266165526,19,1.1096338312405822,MAP_PMU,93,0.0033616046240296793
3,UPFC_tsh,5-15,-0.2360797103665731,19,-0.23592061381037074,MAP_PMU,93,0.0001590965562023594
4,UPFC_Vse,5-15,0.06064535796864913,19,0.05929998376082983,MAP_PMU,93,0.0013453742078192998
5,UPFC_tse,5-15,-2.167669837287185,19,-2.1655459086518336,MAP_PMU,93,0.0021239286353513798
0,x_tcsc,1-14,-0.13131695781406758,20,-0.1287438860906417,MAP_PMU,93,0.002573071723425885
1,B_svc,2,0.25559695530892035,20,0.2549623147102216,MAP_PMU,93,0.0006346405986987214
2,UPFC_Vsh,5-15,1.1072016733194787,20,1.1096338312405822,MAP_PMU,93,0.002432157921103517
3,UPFC_tsh,5-15,-0.23612262247374796,20,-0.23592061381037074,MAP_PMU,93,0.0002020086633772178
4,UPFC_Vse,5-15,0.060384573194953696,20,0.05929998376082983,MAP_PMU,93,0.0010845894341238657
5,UPFC_tse,5-15,-2.174162751341697,20,-2.1655459086518336,MAP_PMU,93,0.00861684268986318
0,x_tcsc,1-14,-0.1315764486164814,21,-0.1287438860906417,MAP_PMU,93,0.002832562525839716
1,B_svc,2,0.2556829763987371,21,0.2549623147102216,MAP_PMU,93,0.0007206616885154782
2,UPFC_Vsh,5-15,1.106826857196196,21,1.1096338312405822,MAP_PMU,93,0.0028069740443863456
3,UPFC_tsh,5-15,-0.2361105327224946,21,-0.23592061381037074,MAP_PMU,93,0.0001899189121238598
4,UPFC_Vse,5-15,0.06037630393751044,21,0.05929998376082983,MAP_PMU,93,0.0010763201766806063
5,UPFC_tse,5-15,-2.172677253480418,21,-2.1655459086518336,MAP_PMU,93,0.007131344828584574
0,x_tcsc,1-14,-0.13149571189784742,22,-0.1287438860906417,MAP_PMU,93,0.0027518258072057322
1,B_svc,2,0.25597869866977113,22,0.2549623147102216,MAP_PMU,93,0.001016383959549505
2,UPFC_Vsh,5-15,1.1066251291205065,22,1.1096338312405822,MAP_PMU,93,0.003008702120075757
3,UPFC_tsh,5-15,-0.23614381104075582,22,-0.23592061381037074,MAP_PMU,93,0.00022319723038508044
4,UPFC_Vse,5-15,0.06029928106020959,22,0.05929998376082983,MAP_PMU,93,0.0009992972993797603
5,UPFC_tse,5-15,-2.1775651174600954,22,-2.1655459086518336,MAP_PMU,93,0.012019208808261794
0,x_tcsc,1-14,-0.1320783753853282,23,-0.1287438860906417,MAP_PMU,93,0.0033344892946865212
1,B_svc,2,0.2560918389792097,23,0.2549623147102216,MAP_PMU,93,0.001129524268988047
2,UPFC_Vsh,5-15,1.106835750244436,23,1.1096338312405822,MAP_PMU,93,0.0027980809961463127
3,UPFC_tsh,5-15,-0.23616639498332972,23,-0.23592061381037074,MAP_PMU,93,0.00024578117295898094
4,UPFC_Vse,5-15,0.060749562581484395,23,0.05929998376082983,MAP_PMU,93,0.0014495788206545651
5,UPFC_tse,5-15,-2.1769617568802393,23,-2.1655459086518336,MAP_PMU,93,0.01141584822840569
0,x_tcsc,1-14,-0.13127272375927934,24,-0.1287438860906417,MAP_PMU,93,0.0025288376686376512
1,B_svc,2,0.2557737046471178,24,0.2549623147102216,MAP_PMU,93,0.0008113899368961675
2,UPFC_Vsh,5-15,1.1069889341772905,24,1.1096338312405822,MAP_PMU,93,0.00264489706329174
3,UPFC_tsh,5-15,-0.23603099190420998,24,-0.23592061381037074,MAP_PMU,93,0.00011037809383923625
4,UPFC_Vse,5-15,0.060221483940672386,24,0.05929998376082983,MAP_PMU,93,0.0009215001798425562
5,UPFC_tse,5-15,-2.1789602240467993,24,-2.1655459086518336,MAP_PMU,93,0.013414315394965737
0,x_tcsc,1-14,-0.13138570840552094,25,-0.1287438860906417,MAP_PMU,93,0.0026418223148792497
1,B_svc,2,0.2555365232948031,25,0.2549623147102216,MAP_PMU,93,0.0005742085845814593
2,UPFC_Vsh,5-15,1.1068677444279615,25,1.1096338312405822,MAP_PMU,93,0.002766086812620694
3,UPFC_tsh,5-15,-0.2360954314947687,25,-0.23592061381037074,MAP_PMU,93,0.00017481768439794876
4,UPFC_Vse,5-15,0.06058655903614775,25,0.05929998376082983,MAP_PMU,93,0.0012865752753179194
5,UPFC_tse,5-15,-2.182956840957904,25,-2.1655459086518336,MAP_PMU,93,0.017410932306070492
0,x_tcsc,1-14,-0.13161080760674562,26,-0.1287438860906417,MAP_PMU,93,0.002866921516103932
1,B_svc,2,0.2560765895595899,26,0.2549623147102216,MAP_PMU,93,0.0011142748493682686
2,UPFC_Vsh,5-15,1.1069742913232672,26,1.1096338312405822,MAP_PMU,93,0.002659539917315046
3,UPFC_tsh,5-15,-0.23609887447664524,26,-0.23592061381037074,MAP_PMU,93,0.00017826066627449344
4,UPFC_Vse,5-15,0.06081002990184127,26,0.05929998376082983,MAP_PMU,93,0.0015100461410114396
5,UPFC_tse,5-15,-2.1723466926319883,26,-2.1655459086518336,MAP_PMU,93,0.006800783980154712
0,x_tcsc,1-14,-0.13174744283245177,27,-0.1287438860906417,MAP_PMU,93,0.003003556741810076
1,B_svc,2,0.2561694362937133,27,0.2549623147102216,MAP_PMU,93,0.001207121583491677
2,UPFC_Vsh,5-15,1.1066871781893297,27,1.1096338312405822,MAP_PMU,93,0.0029466530512525235
3,UPFC_tsh,5-15,-0.23615515310992125,27,-0.23592061381037074,MAP_PMU,93,0.00023453929955050135
4,UPFC_Vse,5-15,0.06081081081385114,27,0.05929998376082983,MAP_PMU,93,0.0015108270530213089
5,UPFC_tse,5-15,-2.1766153021360575,27,-2.1655459086518336,MAP_PMU,93,0.011069393484223866
0,x_tcsc,1-14,-0.1317943653739708,28,-0.1287438860906417,MAP_PMU,93,0.003050479283329105
1,B_svc,2,0.2557003920265279,28,0.2549623147102216,MAP_PMU,93,0.0007380773163062626
2,UPFC_Vsh,5-15,1.106936867335592,28,1.1096338312405822,MAP_PMU,93,0.0026969639049903016
3,UPFC_tsh,5-15,-0.23618456765493034,28,-0.23592061381037074,MAP_PMU,93,0.00026395384455960014
4,UPFC_Vse,5-15,0.060598272719880344,28,0.05929998376082983,MAP_PMU,93,0.0012982889590505142
5,UPFC_tse,5-15,-2.178987024707017,28,-2.1655459086518336,MAP_PMU,93,0.0134411160551835
0,x_tcsc,1-14,-0.1317048075610873,29,-0.1287438860906417,MAP_PMU,93,0.0029609214704456044
1,B_svc,2,0.25559761982061563,29,0.2549623147102216,MAP_PMU,93,0.0006353051103940022
2,UPFC_Vsh,5-15,1.106370526244738,29,1.1096338312405822,MAP_PMU,93,0.003263304995844152
3,UPFC_tsh,5-15,-0.23614669135196278,29,-0.23592061381037074,MAP_PMU,93,0.0002260775415920402
4,UPFC_Vse,5-15,0.06101467517667617,29,0.05929998376082983,MAP_PMU,93,0.0017146914158463408
5,UPFC_tse,5-15,-2.18059924621662,29,-2.1655459086518336,MAP_PMU,93,0.015053337564786329
0,x_tcsc,1-14,-0.1316946153569083,30,-0.1287438860906417,MAP_PMU,93,0.002950729266266605
1,B_svc,2,0.25524335990803587,30,0.2549623147102216,MAP_PMU,93,0.00028104519781424475
2,UPFC_Vsh,5-15,1.1063891721552856,30,1.1096338312405822,MAP_PMU,93,0.003244659085296586
3,UPFC_tsh,5-15,-0.23623952817809066,30,-0.23592061381037074,MAP_PMU,93,0.00031891436771991355
4,UPFC_Vse,5-15,0.060593718669553334,30,0.05929998376082983,MAP_PMU,93,0.001293734908723504
5,UPFC_tse,5-15,-2.178230303994908,30,-2.1655459086518336,MAP_PMU,93,0.012684395343074417
0,x_tcsc,1-14,-0.131436777502375,31,-0.1287438860906417,MAP_PMU,93,0.002692891411733317
1,B_svc,2,0.2557522679658791,31,0.2549623147102216,MAP_PMU,93,0.0007899532556574496
2,UPFC_Vsh,5-15,1.1065501939037061,31,1.1096338312405822,MAP_PMU,93,0.0030836373368761105
3,UPFC_tsh,5-15,-0.23618759692205202,31,-0.23592061381037074,MAP_PMU,93,0.00026698311168127375
4,UPFC_Vse,5-15,0.060791999082724694,31,0.05929998376082983,MAP_PMU,93,0.0014920153218948642
5,UPFC_tse,5-15,-2.1841552681493837,31,-2.1655459086518336,MAP_PMU,93,0.01860935949755005
0,x_tcsc,1-14,-0.13208056480348057,32,-0.1287438860906417,MAP_PMU,93,0.003336678712838881
1,B_svc,2,0.25564258944358276,32,0.2549623147102216,MAP_PMU,93,0.0006802747333611303
2,UPFC_Vsh,5-15,1.106599114247667,32,1.1096338312405822,MAP_PMU,93,0.003034716992915243
3,UPFC_tsh,5-15,-0.2361356225635852,32,-0.23592061381037074,MAP_PMU,93,0.0002150087532144518
4,UPFC_Vse,5-15,0.060168664842972786,32,0.05929998376082983,MAP_PMU,93,0.0008686810821429553
5,UPFC_tse,5-15,-2.1733219433151527,32,-2.1655459086518336,MAP_PMU,93,0.007776034663319109
0,x_tcsc,1-14,-0.13164519320550733,33,-0.1287438860906417,MAP_PMU,93,0.0029013071148656366
1,B_svc,2,0.25614761070396525,33,0.2549623147102216,MAP_PMU,93,0.001185295993743618
2,UPFC_Vsh,5-15,1.1066494991360663,33,1.1096338312405822,MAP_PMU,93,0.0029843321045159854
3,UPFC_tsh,5-15,-0.23612131934143524,33,-0.23592061381037074,MAP_PMU,93,0.0002007055310644934
4,UPFC_Vse,5-15,0.060375850715895706,33,0.05929998376082983,MAP_PMU,93,0.0010758669550658753
5,UPFC_tse,5-15,-2.1771188829980748,33,-2.1655459086518336,MAP_PMU,93,0.01157297434624116
0,x_tcsc,1-14,-0.13196279474579325,34,-0.1287438860906417,MAP_PMU,93,0.0032189086551515644
1,B_svc,2,0.2553133970371524,34,0.2549623147102216,MAP_PMU,93,0.0003510823269307628
2,UPFC_Vsh,5-15,1.106222501372155,34,1.1096338312405822,MAP_PMU,93,0.003411329868427293
3,UPFC_tsh,5-15,-0.2362090059899681,34,-0.23592061381037074,MAP_PMU,93,0.0002883921795973632
4,UPFC_Vse,5-15,0.060775267541514646,34,0.05929998376082983,MAP_PMU,93,0.0014752837806848162
5,UPFC_tse,5-15,-2.1863141906681776,34,-2.1655459086518336,MAP_PMU,93,0.020768282016343953
0,x_tcsc,1-14,-0.13133622576370804,35,-0.1287438860906417,MAP_PMU,93,0.0025923396730663517
1,B_svc,2,0.255818646307408,35,0.2549623147102216,MAP_PMU,93,0.0008563315971863994
2,UPFC_Vsh,5-15,1.1068638879571473,35,1.1096338312405822,MAP_PMU,93,0.002769943283434939
3,UPFC_tsh,5-15,-0.23607488298761212,35,-0.23592061381037074,MAP_PMU,93,0.0001542691772413729
4,UPFC_Vse,5-15,0.06065836312511894,35,0.05929998376082983,MAP_PMU,93,0.0013583793642891126
5,UPFC_tse,5-15,-2.1749751106477024,35,-2.1655459086518336,MAP_PMU,93,0.00942920199586883
0,x_tcsc,1-14,-0.13105619372306412,36,-0.1287438860906417,MAP_PMU,93,0.0023123076324224334
1,B_svc,2,0.2555008489753798,36,0.2549623147102216,MAP_PMU,93,0.0005385342651581526
2,UPFC_Vsh,5-15,1.107039437222729,36,1.1096338312405822,MAP_PMU,93,0.0025943940178532188
3,UPFC_tsh,5-15,-0.23611935966472078,36,-0.23592061381037074,MAP_PMU,93,0.00019874585435003533
4,UPFC_Vse,5-15,0.060652067135243425,36,0.05929998376082983,MAP_PMU,93,0.0013520833744135943
5,UPFC_tse,5-15,-2.1761490957425025,36,-2.1655459086518336,MAP_PMU,93,0.010603187090668875
0,x_tcsc,1-14,-0.1313089688552045,37,-0.1287438860906417,MAP_PMU,93,0.0025650827645627983
1,B_svc,2,0.25576606211258784,37,0.2549623147102216,MAP_PMU,93,0.0008037474023662172
2,UPFC_Vsh,5-15,1.1068658600890182,37,1.1096338312405822,MAP_PMU,93,0.0027679711515640193
3,UPFC_tsh,5-15,-0.23606577140872703,37,-0.23592061381037074,MAP_PMU,93,0.00014515759835628805
4,UPFC_Vse,5-15,0.05983937875318818,37,0.05929998376082983,MAP_PMU,93,0.0005393949923583469
5,UPFC_tse,5-15,-2.1899142208780122,37,-2.1655459086518336,MAP_PMU,93,0.024368312226178634
0,x_tcsc,1-14,-0.1315606563832218,38,-0.1287438860906417,MAP_PMU,93,0.002816770292580123
1,B_svc,2,0.2555327165652182,38,0.2549623147102216,MAP_PMU,93,0.0005704018549965717
2,UPFC_Vsh,5-15,1.1067163426776332,38,1.1096338312405822,MAP_PMU,93,0.0029174885629490444
3,UPFC_tsh,5-15,-0.23606760143977928,38,-0.23592061381037074,MAP_PMU,93,0.00014698762940854038
4,UPFC_Vse,5-15,0.060656058367999865,38,0.05929998376082983,MAP_PMU,93,0.0013560746071700353
5,UPFC_tse,5-15,-2.176054992121273,38,-2.1655459086518336,MAP_PMU,93,0.01050908346943924
0,x_tcsc,1-14,-0.13127650714090097,39,-0.1287438860906417,MAP_PMU,93,0.0025326210502592816
1,B_svc,2,0.255970519645536,39,0.2549623147102216,MAP_PMU,93,0.001008204935314394
2,UPFC_Vsh,5-15,1.106904376986493,39,1.1096338312405822,MAP_PMU,93,0.002729454254089214
3,UPFC_tsh,5-15,-0.23606736265230358,39,-0.23592061381037074,MAP_PMU,93,0.0001467488419328311
4,UPFC_Vse,5-15,0.060452854684430284,39,0.05929998376082983,MAP_PMU,93,0.0011528709236004533
5,UPFC_tse,5-15,-2.1646073915668818,39,-2.1655459086518336,MAP_PMU,93,0.0009385170849518509
0,x_tcsc,1-14,-0.13111118948913453,40,-0.1287438860906417,MAP_PMU,93,0.002367303398492837
1,B_svc,2,0.25546468954840174,40,0.2549623147102216,MAP_PMU,93,0.0005023748381801085
2,UPFC_Vsh,5-15,1.1068147782511175,40,1.1096338312405822,MAP_PMU,93,0.002819052989464721
3,UPFC_tsh,5-15,-0.2360516942921214,40,-0.23592061381037074,MAP_PMU,93,0.00013108048175064502
4,UPFC_Vse,5-15,0.060485508199487684,40,0.05929998376082983,MAP_PMU,93,0.0011855244386578534
5,UPFC_tse,5-15,-2.169303119635004,40,-2.1655459086518336,MAP_PMU,93,0.0037572109831702782
0,x_tcsc,1-14,-0.13185568981508633,41,-0.1287438860906417,MAP_PMU,93,0.0031118037244446395
1,B_svc,2,0.2560996459048909,41,0.2549623147102216,MAP_PMU,93,0.0011373311946692999
2,UPFC_Vsh,5-15,1.1067507297595722,41,1.1096338312405822,MAP_PMU,93,0.0028831014810100086
3,UPFC_tsh,5-15,-0.23615769025703312,41,-0.23592061381037074,MAP_PMU,93,0.00023707644666237648
4,UPFC_Vse,5-15,0.061032685527845555,41,0.05929998376082983,MAP_PMU,93,0.001732701767015725
5,UPFC_tse,5-15,-2.1863093127400144,41,-2.1655459086518336,MAP_PMU,93,0.02076340408818078
0,x_tcsc,1-14,-0.13158990733342266,42,-0.1287438860906417,MAP_PMU,93,0.002846021242780966
1,B_svc,2,0.25574325233175127,42,0.2549623147102216,MAP_PMU,93,0.0007809376215296426
2,UPFC_Vsh,5-15,1.106458089847028,42,1.1096338312405822,MAP_PMU,93,0.0031757413935542544
3,UPFC_tsh,5-15,-0.2361244716858899,42,-0.23592061381037074,MAP_PMU,93,0.0002038578755191589
4,UPFC_Vse,5-15,0.06069034821614466,42,0.05929998376082983,MAP_PMU,93,0.0013903644553148325
5,UPFC_tse,5-15,-2.174476994317284,42,-2.1655459086518336,MAP_PMU,93,0.008931085665450311
0,x_tcsc,1-14,-0.13142411334249093,43,-0.1287438860906417,MAP_PMU,93,0.002680227251849243
1,B_svc,2,0.25539058040425816,43,0.2549623147102216,MAP_PMU,93,0.0004282656940365337
2,UPFC_Vsh,5-15,1.1069237216389036,43,1.1096338312405822,MAP_PMU,93,0.002710109601678612
3,UPFC_tsh,5-15,-0.23609546726245026,43,-0.23592061381037074,MAP_PMU,93,0.0001748534520795153
4,UPFC_Vse,5-15,0.060721717544533434,43,0.05929998376082983,MAP_PMU,93,0.0014217337837036034
5,UPFC_tse,5-15,-2.174241160870402,43,-2.1655459086518336,MAP_PMU,93,0.008695252218568594
0,x_tcsc,1-14,-0.13152499704176937,44,-0.1287438860906417,MAP_PMU,93,0.00278111095112768
1,B_svc,2,0.2556679900814159,44,0.2549623147102216,MAP_PMU,93,0.0007056753711942587
2,UPFC_Vsh,5-15,1.106209883614885,44,1.1096338312405822,MAP_PMU,93,0.003423947625697199
3,UPFC_tsh,5-15,-0.23621066040125438,44,-0.23592061381037074,MAP_PMU,93,0.0002900465908836358
4,UPFC_Vse,5-15,0.060561998282519604,44,0.05929998376082983,MAP_PMU,93,0.0012620145216897735
5,UPFC_tse,5-15,-2.170165220987201,44,-2.1655459086518336,MAP_PMU,93,0.004619312335367276
0,x_tcsc,1-14,-0.13135474898888577,45,-0.1287438860906417,MAP_PMU,93,0.002610862898244082
1,B_svc,2,0.2557598687804837,45,0.2549623147102216,MAP_PMU,93,0.000797554070262052
2,UPFC_Vsh,5-15,1.1066630448642933,45,1.1096338312405822,MAP_PMU,93,0.002970786376288892
3,UPFC_tsh,5-15,-0.23616224754670018,45,-0.23592061381037074,MAP_PMU,93,0.00024163373632943297
4,UPFC_Vse,5-15,0.06039300578820404,45,0.05929998376082983,MAP_PMU,93,0.001093022027374213
5,UPFC_tse,5-15,-2.177745211214323,45,-2.1655459086518336,MAP_PMU,93,0.012199302562489578
0,x_tcsc,1-14,-0.13141924087742726,46,-0.1287438860906417,MAP_PMU,93,0.002675354786785572
1,B_svc,2,0.25621300690737303,46,0.2549623147102216,MAP_PMU,93,0.001250692197151404
2,UPFC_Vsh,5-15,1.1066307148782188,46,1.1096338312405822,MAP_PMU,93,0.0030031163623633894
3,UPFC_tsh,5-15,-0.2361670056080538,46,-0.23592061381037074,MAP_PMU,93,0.0002463917976830432
4,UPFC_Vse,5-15,0.061049861409659616,46,0.05929998376082983,MAP_PMU,93,0.0017498776488297854
5,UPFC_tse,5-15,-2.1814062596972175,46,-2.1655459086518336,MAP_PMU,93,0.015860351045383858
0,x_tcsc,1-14,-0.13140251149085438,47,-0.1287438860906417,MAP_PMU,93,0.002658625400212694
1,B_svc,2,0.2555692382587105,47,0.2549623147102216,MAP_PMU,93,0.0006069235484888469
2,UPFC_Vsh,5-15,1.1064266118541066,47,1.1096338312405822,MAP_PMU,93,0.0032072193864756127
3,UPFC_tsh,5-15,-0.23613392602506744,47,-0.23592061381037074,MAP_PMU,93,0.00021331221469669814
4,UPFC_Vse,5-15,0.06045374806158293,47,0.05929998376082983,MAP_PMU,93,0.0011537643007530976
5,UPFC_tse,5-15,-2.167040272320612,47,-2.1655459086518336,MAP_PMU,93,0.001494363668778309
0,x_tcsc,1-14,-0.13157979861130775,48,-0.1287438860906417,MAP_PMU,93,0.002835912520666062
1,B_svc,2,0.25559361420497895,48,0.2549623147102216,MAP_PMU,93,0.0006312994947573203
2,UPFC_Vsh,5-15,1.1067344260739347,48,1.1096338312405822,MAP_PMU,93,0.0028994051666475507
3,UPFC_tsh,5-15,-0.23606402595259343,48,-0.23592061381037074,MAP_PMU,93,0.0001434121422226875
4,UPFC_Vse,5-15,0.06043299367060961,48,0.05929998376082983,MAP_PMU,93,0.0011330099097797766
5,UPFC_tse,5-15,-2.182228234673619,48,-2.1655459086518336,MAP_PMU,93,0.016682326021785432
0,x_tcsc,1-14,-0.13132486470602034,49,-0.1287438860906417,MAP_PMU,93,0.0025809786153786485
1,B_svc,2,0.2551732163351359,49,0.2549623147102216,MAP_PMU,93,0.00021090162491427256
2,UPFC_Vsh,5-15,1.1070771198436686,49,1.1096338312405822,MAP_PMU,93,0.0025567113969136024
3,UPFC_tsh,5-15,-0.23612396978736233,49,-0.23592061381037074,MAP_PMU,93,0.00020335597699158714
4,UPFC_Vse,5-15,0.06059652844947655,49,0.05929998376082983,MAP_PMU,93,0.0012965446886467197
5,UPFC_tse,5-15,-2.1742110177920035,49,-2.1655459086518336,MAP_PMU,93,0.008665109140169935
0,x_tcsc,1-14,-0.13159134149454627,50,-0.1287438860906417,MAP_PMU,93,0.002847455403904575
1,B_svc,2,0.2554873573244641,50,0.2549623147102216,MAP_PMU,93,0.0005250426142424658
2,UPFC_Vsh,5-15,1.106646680603967,50,1.1096338312405822,MAP_PMU,93,0.0029871506366152545
3,UPFC_tsh,5-15,-0.2360866354615754,50,-0.23592061381037074,MAP_PMU,93,0.00016602165120466195
4,UPFC_Vse,5-15,0.06071253503408627,50,0.05929998376082983,MAP_PMU,93,0.0014125512732564363
5,UPFC_tse,5-15,-2.169796420303474,50,-2.1655459086518336,MAP_PMU,93,0.004250511651640476
0,x_tcsc,1-14,-0.13131024589653606,51,-0.1287438860906417,MAP_PMU,93,0.0025663598058943693
1,B_svc,2,0.25570168785049247,51,0.2549623147102216,MAP_PMU,93,0.0007393731402708381
2,UPFC_Vsh,5-15,1.1068207191252288,51,1.1096338312405822,MAP_PMU,93,0.0028131121153534
3,UPFC_tsh,5-15,-0.23609503565542891,51,-0.23592061381037074,MAP_PMU,93,0.00017442184505817027
4,UPFC_Vse,5-15,0.06051423579427879,51,0.05929998376082983,MAP_PMU,93,0.0012142520334489579
5,UPFC_tse,5-15,-2.1690225534450214,51,-2.1655459086518336,MAP_PMU,93,0.0034766447931877664
0,x_tcsc,1-14,-0.13204199973051992,52,-0.1287438860906417,MAP_PMU,93,0.003298113639878225
1,B_svc,2,0.25606018622913607,52,0.2549623147102216,MAP_PMU,93,0.0010978715189144395
2,UPFC_Vsh,5-15,1.1067550830522916,52,1.1096338312405822,MAP_PMU,93,0.002878748188290592
3,UPFC_tsh,5-15,-0.23611371192379224,52,-0.23592061381037074,MAP_PMU,93,0.00019309811342149708
4,UPFC_Vse,5-15,0.0605565741235306,52,0.05929998376082983,MAP_PMU,93,0.0012565903627007671
5,UPFC_tse,5-15,-2.1675671888991395,52,-2.1655459086518336,MAP_PMU,93,0.0020212802473058566
0,x_tcsc,1-14,-0.13126055027871827,53,-0.1287438860906417,MAP_PMU,93,0.002516664188076584
1,B_svc,2,0.2562886099013663,53,0.2549623147102216,MAP_PMU,93,0.0013262951911446885
2,UPFC_Vsh,5-15,1.1067388143997097,53,1.1096338312405822,MAP_PMU,93,0.0028950168408725663
3,UPFC_tsh,5-15,-0.23614709222643104,53,-0.23592061381037074,MAP_PMU,93,0.0002264784160602995
4,UPFC_Vse,5-15,0.060653981071860034,53,0.05929998376082983,MAP_PMU,93,0.0013539973110302042
5,UPFC_tse,5-15,-2.1684516669510354,53,-2.1655459086518336,MAP_PMU,93,0.0029057582992018105
0,x_tcsc,1-14,-0.13192646020054552,54,-0.1287438860906417,MAP_PMU,93,0.0031825741099038296
1,B_svc,2,0.2559973614687592,54,0.2549623147102216,MAP_PMU,93,0.00103504675853755
2,UPFC_Vsh,5-15,1.1065103052346303,54,1.1096338312405822,MAP_PMU,93,0.0031235260059518932
3,UPFC_tsh,5-15,-0.23608537836331564,54,-0.23592061381037074,MAP_PMU,93,0.000164764552944896
4,UPFC_Vse,5-15,0.060865950285595806,54,0.05929998376082983,MAP_PMU,93,0.0015659665247659757
5,UPFC_tse,5-15,-2.1761410357628725,54,-2.1655459086518336,MAP_PMU,93,0.010595127111038938
0,x_tcsc,1-14,-0.13181621500397833,55,-0.1287438860906417,MAP_PMU,93,0.0030723289133366416
1,B_svc,2,0.2566190565727396,55,0.2549623147102216,MAP_PMU,93,0.001656741862517963
2,UPFC_Vsh,5-15,1.1065709043886507,55,1.1096338312405822,MAP_PMU,93,0.0030629268519315467
3,UPFC_tsh,5-15,-0.2360782096052855,55,-0.23592061381037074,MAP_PMU,93,0.0001575957949147555
4,UPFC_Vse,5-15,0.06081620410714121,55,0.05929998376082983,MAP_PMU,93,0.001516220346311381
5,UPFC_tse,5-15,-2.175156229544546,55,-2.1655459086518336,MAP_PMU,93,0.009610320892712299
0,x_tcsc,1-14,-0.13138253680413312,56,-0.1287438860906417,MAP_PMU,93,0.002638650713491425
1,B_svc,2,0.2558069124733504,56,0.2549623147102216,MAP_PMU,93,0.0008445977631287849
2,UPFC_Vsh,5-15,1.1066451089288474,56,1.1096338312405822,MAP_PMU,93,0.0029887223117348594
3,UPFC_tsh,5-15,-0.23610634174074527,56,-0.23592061381037074,MAP_PMU,93,0.00018572793037452406
4,UPFC_Vse,5-15,0.060800336535249466,56,0.05929998376082983,MAP_PMU,93,0.001500352774419636
5,UPFC_tse,5-15,-2.1799840352723017,56,-2.1655459086518336,MAP_PMU,93,0.014438126620468061
0,x_tcsc,1-14,-0.13130264709024314,57,-0.1287438860906417,MAP_PMU,93,0.0025587609996014504
1,B_svc,2,0.25532266195066483,57,0.2549623147102216,MAP_PMU,93,0.000360347240443204
2,UPFC_Vsh,5-15,1.107139605954292,57,1.1096338312405822,MAP_PMU,93,0.002494225286290286
3,UPFC_tsh,5-15,-0.23604360879764905,57,-0.23592061381037074,MAP_PMU,93,0.00012299498727830205
4,UPFC_Vse,5-15,0.06017967637682183,57,0.05929998376082983,MAP_PMU,93,0.0008796926159920018
5,UPFC_tse,5-15,-2.1673750667330984,57,-2.1655459086518336,MAP_PMU,93,0.0018291580812648256
0,x_tcsc,1-14,-0.13136946002273883,58,-0.1287438860906417,MAP_PMU,93,0.0026255739320971416
1,B_svc,2,0.2556851482988393,58,0.2549623147102216,MAP_PMU,93,0.0007228335886176884
2,UPFC_Vsh,5-15,1.1065459922755283,58,1.1096338312405822,MAP_PMU,93,0.003087838965053935
3,UPFC_tsh,5-15,-0.23610952039682834,58,-0.23592061381037074,MAP_PMU,93,0.0001889065864575934
4,UPFC_Vse,5-15,0.06060175199159004,58,0.05929998376082983,MAP_PMU,93,0.0013017682307602113
5,UPFC_tse,5-15,-2.1809389093038556,58,-2.1655459086518336,MAP_PMU,93,0.015393000652021982
0,x_tcsc,1-14,-0.13136395295254472,59,-0.1287438860906417,MAP_PMU,93,0.0026200668619030254
1,B_svc,2,0.2553849235624189,59,0.2549623147102216,MAP_PMU,93,0.0004226088521972482
2,UPFC_Vsh,5-15,1.1067112926636833,59,1.1096338312405822,MAP_PMU,93,0.0029225385768989476
3,UPFC_tsh,5-15,-0.23609093867613568,59,-0.23592061381037074,MAP_PMU,93,0.00017032486576493144
4,UPFC_Vse,5-15,0.060846562247590046,59,0.05929998376082983,MAP_PMU,93,0.0015465784867602153
5,UPFC_tse,5-15,-2.176850689080952,59,-2.1655459086518336,MAP_PMU,93,0.0113047804291182
0,x_tcsc,1-14,-0.13145673710774014,60,-0.1287438860906417,MAP_PMU,93,0.00271285101709845
1,B_svc,2,0.25612745117492036,60,0.2549623147102216,MAP_PMU,93,0.001165136464698735
2,UPFC_Vsh,5-15,1.1066319958530286,60,1.1096338312405822,MAP_PMU,93,0.0030018353875536086
3,UPFC_tsh,5-15,-0.23607976189252294,60,-0.23592061381037074,MAP_PMU,93,0.00015914808215219955
4,UPFC_Vse,5-15,0.060747257212928875,60,0.05929998376082983,MAP_PMU,93,0.0014472734520990446
5,UPFC_tse,5-15,-2.17033970207713,60,-2.1655459086518336,MAP_PMU,93,0.0047937934252964
0,x_tcsc,1-14,-0.13116513580142877,61,-0.1287438860906417,MAP_PMU,93,0.0024212497107870823
1,B_svc,2,0.256191980975707,61,0.2549623147102216,MAP_PMU,93,0.001229666265485374
2,UPFC_Vsh,5-15,1.1070844526515942,61,1.1096338312405822,MAP_PMU,93,0.0025493785889880716
3,UPFC_tsh,5-15,-0.23605031463968487,61,-0.23592061381037074,MAP_PMU,93,0.00012970082931412774
4,UPFC_Vse,5-15,0.06026938531274952,61,0.05929998376082983,MAP_PMU,93,0.0009694015519196922
5,UPFC_tse,5-15,-2.168334388921501,61,-2.1655459086518336,MAP_PMU,93,0.0027884802696673816
0,x_tcsc,1-14,-0.1317066221997821,62,-0.1287438860906417,MAP_PMU,93,0.0029627361091404125
1,B_svc,2,0.25585745589766595,62,0.2549623147102216,MAP_PMU,93,0.000895141187444326
2,UPFC_Vsh,5-15,1.1067099656091826,62,1.1096338312405822,MAP_PMU,93,0.0029238656313996803
3,UPFC_tsh,5-15,-0.2361143077189987,62,-0.23592061381037074,MAP_PMU,93,0.00019369390862794544
4,UPFC_Vse,5-15,0.06018372617507953,62,0.05929998376082983,MAP_PMU,93,0.0008837424142496969
5,UPFC_tse,5-15,-2.1723481369048305,62,-2.1655459086518336,MAP_PMU,93,0.0068022282529969225
0,x_tcsc,1-14,-0.13163799111722552,63,-0.1287438860906417,MAP_PMU,93,0.0028941050265838264
1,B_svc,2,0.25609266316860824,63,0.2549623147102216,MAP_PMU,93,0.0011303484583866097
2,UPFC_Vsh,5-15,1.1068173754446449,63,1.1096338312405822,MAP_PMU,93,0.002816455795937367
3,UPFC_tsh,5-15,-0.2361107018112798,63,-0.23592061381037074,MAP_PMU,93,0.00019008800090905553
4,UPFC_Vse,5-15,0.06002110649142134,63,0.05929998376082983,MAP_PMU,93,0.0007211227305915086
5,UPFC_tse,5-15,-2.1749704856074596,63,-2.1655459086518336,MAP_PMU,93,0.00942457695562604
0,x_tcsc,1-14,-0.13150232763873845,64,-0.1287438860906417,MAP_PMU,93,0.002758441548096763
1,B_svc,2,0.2558353128460514,64,0.2549623147102216,MAP_PMU,93,0.0008729981358297501
2,UPFC_Vsh,5-15,1.1066092184158403,64,1.1096338312405822,MAP_PMU,93,0.003024612824741979
3,UPFC_tsh,5-15,-0.23611094021570297,64,-0.23592061381037074,MAP_PMU,93,0.00019032640533223066
4,UPFC_Vse,5-15,0.06035683945354529,64,0.05929998376082983,MAP_PMU,93,0.0010568556927154568
5,UPFC_tse,5-15,-2.1647193890866303,64,-2.1655459086518336,MAP_PMU,93,0.0008265195652032986
0,x_tcsc,1-14,-0.13144478272569335,65,-0.1287438860906417,MAP_PMU,93,0.0027008966350516583
1,B_svc,2,0.25572262263184775,65,0.2549623147102216,MAP_PMU,93,0.0007603079216261244
2,UPFC_Vsh,5-15,1.1068024668478573,65,1.1096338312405822,MAP_PMU,93,0.002831364392724911
3,UPFC_tsh,5-15,-0.23616324543957098,65,-0.23592061381037074,MAP_PMU,93,0.00024263162920024062
4,UPFC_Vse,5-15,0.06065628888906106,65,0.05929998376082983,MAP_PMU,93,0.0013563051282312263
5,UPFC_tse,5-15,-2.179822889079534,65,-2.1655459086518336,MAP_PMU,93,0.014276980427700536
0,x_tcsc,1-14,-0.131743776215334,66,-0.1287438860906417,MAP_PMU,93,0.002999890124692317
1,B_svc,2,0.2559573458432435,66,0.2549623147102216,MAP_PMU,93,0.0009950311330218509
2,UPFC_Vsh,5-15,1.1064446336573808,66,1.1096338312405822,MAP_PMU,93,0.003189197583201464
3,UPFC_tsh,5-15,-0.23615940584728698,66,-0.23592061381037074,MAP_PMU,93,0.00023879203691623552
4,UPFC_Vse,5-15,0.06090984994437613,66,0.05929998376082983,MAP_PMU,93,0.0016098661835462977
5,UPFC_tse,5-15,-2.1725727451773675,66,-2.1655459086518336,MAP_PMU,93,0.0070268365255339305
0,x_tcsc,1-14,-0.1316779004364456,67,-0.1287438860906417,MAP_PMU,93,0.002934014345803898
1,B_svc,2,0.25615571796566083,67,0.2549623147102216,MAP_PMU,93,0.0011934032554392071
2,UPFC_Vsh,5-15,1.1069424904222556,67,1.1096338312405822,MAP_PMU,93,0.0026913408183266707
3,UPFC_tsh,5-15,-0.2362081368177026,67,-0.23592061381037074,MAP_PMU,93,0.0002875230073318691
4,UPFC_Vse,5-15,0.06094392551155133,67,0.05929998376082983,MAP_PMU,93,0.0016439417507215018
5,UPFC_tse,5-15,-2.1697789169405186,67,-2.1655459086518336,MAP_PMU,93,0.004233008288685003
0,x_tcsc,1-14,-0.13099534919039124,68,-0.1287438860906417,MAP_PMU,93,0.002251463099749551
1,B_svc,2,0.2559489837588269,68,0.2549623147102216,MAP_PMU,93,0.000986669048605282
2,UPFC_Vsh,5-15,1.1072237680880004,68,1.1096338312405822,MAP_PMU,93,0.002410063152581854
3,UPFC_tsh,5-15,-0.2360671261215894,68,-0.23592061381037074,MAP_PMU,93,0.0001465123112186495
4,UPFC_Vse,5-15,0.060399567077482466,68,0.05929998376082983,MAP_PMU,93,0.0010995833166526359
5,UPFC_tse,5-15,-2.159210808201015,68,-2.1655459086518336,MAP_PMU,93,0.006335100450818754
0,x_tcsc,1-14,-0.13161860069820083,69,-0.1287438860906417,MAP_PMU,93,0.0028747146075591423
1,B_svc,2,0.2560918328806228,69,0.2549623147102216,MAP_PMU,93,0.0011295181704011892
2,UPFC_Vsh,5-15,1.1069932406254268,69,1.1096338312405822,MAP_PMU,93,0.002640590615155425
3,UPFC_tsh,5-15,-0.2360443090854414,69,-0.23592061381037074,MAP_PMU,93,0.0001236952750706677
4,UPFC_Vse,5-15,0.05986189419696996,69,0.05929998376082983,MAP_PMU,93,0.0005619104361401298
5,UPFC_tse,5-15,-2.17343388694136,69,-2.1655459086518336,MAP_PMU,93,0.007887978289526476
0,x_tcsc,1-14,-0.13161995026192488,70,-0.1287438860906417,MAP_PMU,93,0.0028760641712831936
1,B_svc,2,0.25621199581460147,70,0.2549623147102216,MAP_PMU,93,0.0012496811043798406
2,UPFC_Vsh,5-15,1.1068399062311551,70,1.1096338312405822,MAP_PMU,93,0.0027939250094271006
3,UPFC_tsh,5-15,-0.23610692388170115,70,-0.23592061381037074,MAP_PMU,93,0.0001863100713304089
4,UPFC_Vse,5-15,0.06061674693819916,70,0.05929998376082983,MAP_PMU,93,0.001316763177369333
5,UPFC_tse,5-15,-2.166762452576375,70,-2.1655459086518336,MAP_PMU,93,0.0012165439245412912
0,x_tcsc,1-14,-0.1320822842220408,71,-0.1287438860906417,MAP_PMU,93,0.0033383981313991062
1,B_svc,2,0.2558120777327212,71,0.2549623147102216,MAP_PMU,93,0.0008497630224995611
2,UPFC_Vsh,5-15,1.1065706666555823,71,1.1096338312405822,MAP_PMU,93,0.003063164584999889
3,UPFC_tsh,5-15,-0.23622826147156276,71,-0.23592061381037074,MAP_PMU,93,0.00030764766119201203
4,UPFC_Vse,5-15,0.060403927079692714,71,0.05929998376082983,MAP_PMU,93,0.0011039433188628836
5,UPFC_tse,5-15,-2.1866669914174395,71,-2.1655459086518336,MAP_PMU,93,0.02112108276560587
0,x_tcsc,1-14,-0.13111264289901534,72,-0.1287438860906417,MAP_PMU,93,0.0023687568083736454
1,B_svc,2,0.2554773014455112,72,0.2549623147102216,MAP_PMU,93,0.0005149867352895465
2,UPFC_Vsh,5-15,1.1066595535624293,72,1.1096338312405822,MAP_PMU,93,0.002974277678152948
3,UPFC_tsh,5-15,-0.23606027610956248,72,-0.23592061381037074,MAP_PMU,93,0.00013966229919173956
4,UPFC_Vse,5-15,0.06012896295657948,72,0.05929998376082983,MAP_PMU,93,0.0008289791957496531
5,UPFC_tse,5-15,-2.1675518571254897,72,-2.1655459086518336,MAP_PMU,93,0.002005948473656094
0,x_tcsc,1-14,-0.13179582349662547,73,-0.1287438860906417,MAP_PMU,93,0.003051937405983779
1,B_svc,2,0.25552320791039945,73,0.2549623147102216,MAP_PMU,93,0.0005608932001778255
2,UPFC_Vsh,5-15,1.1065235945542546,73,1.1096338312405822,MAP_PMU,93,0.0031102366863275943
3,UPFC_tsh,5-15,-0.2361979334686762,73,-0.23592061381037074,MAP_PMU,93,0.0002773196583054638
4,UPFC_Vse,5-15,0.0608640792482188,73,0.05929998376082983,MAP_PMU,93,0.001564095487388971
5,UPFC_tse,5-15,-2.1792022758243323,73,-2.1655459086518336,MAP_PMU,93,0.01365636717249874
0,x_tcsc,1-14,-0.13142818728206715,74,-0.1287438860906417,MAP_PMU,93,0.002684301191425459
1,B_svc,2,0.2559276720755085,74,0.2549623147102216,MAP_PMU,93,0.0009653573652868563
2,UPFC_Vsh,5-15,1.106437478509879,74,1.1096338312405822,MAP_PMU,93,0.003196352730703289
3,UPFC_tsh,5-15,-0.23614996964154086,74,-0.23592061381037074,MAP_PMU,93,0.00022935583117011937
4,UPFC_Vse,5-15,0.06068107691465028,74,0.05929998376082983,MAP_PMU,93,0.0013810931538204493
5,UPFC_tse,5-15,-2.1790685597974764,74,-2.1655459086518336,MAP_PMU,93,0.013522651145642772
0,x_tcsc,1-14,-0.13149678141433022,75,-0.1287438860906417,MAP_PMU,93,0.0027528953236885256
1,B_svc,2,0.2563636404224654,75,0.2549623147102216,MAP_PMU,93,0.0014013257122437728
2,UPFC_Vsh,5-15,1.1064828888329128,75,1.1096338312405822,MAP_PMU,93,0.0031509424076694437
3,UPFC_tsh,5-15,-0.23614870293184367,75,-0.23592061381037074,MAP_PMU,93,0.0002280891214729297
4,UPFC_Vse,5-15,0.06043147570312236,75,0.05929998376082983,MAP_PMU,93,0.001131491942292527
5,UPFC_tse,5-15,-2.174147243486304,75,-2.1655459086518336,MAP_PMU,93,0.008601334834470453
0,x_tcsc,1-14,-0.13134235583902104,76,-0.1287438860906417,MAP_PMU,93,0.0025984697483793506
1,B_svc,2,0.2559074427018993,76,0.2549623147102216,MAP_PMU,93,0.0009451279916776745
2,UPFC_Vsh,5-15,1.1070933973315533,76,1.1096338312405822,MAP_PMU,93,0.0025404339090289163
3,UPFC_tsh,5-15,-0.23607495288761193,76,-0.23592061381037074,MAP_PMU,93,0.000154339077241189
4,UPFC_Vse,5-15,0.06072822051850147,76,0.05929998376082983,MAP_PMU,93,0.00142823675767164
5,UPFC_tse,5-15,-2.1623959084489495,76,-2.1655459086518336,MAP_PMU,93,0.00315000020288414
0,x_tcsc,1-14,-0.13181118060969643,77,-0.1287438860906417,MAP_PMU,93,0.003067294519054742
1,B_svc,2,0.25608976851698934,77,0.2549623147102216,MAP_PMU,93,0.0011274538067677087
2,UPFC_Vsh,5-15,1.1065295452136383,77,1.1096338312405822,MAP_PMU,93,0.003104286026943903
3,UPFC_tsh,5-15,-0.236146242844675,77,-0.23592061381037074,MAP_PMU,93,0.00022562903430425885
4,UPFC_Vse,5-15,0.06087478847861015,77,0.05929998376082983,MAP_PMU,93,0.0015748047177803204
5,UPFC_tse,5-15,-2.1799307770059455,77,-2.1655459086518336,MAP_PMU,93,0.014384868354111902
0,x_tcsc,1-14,-0.13141906666352451,78,-0.1287438860906417,MAP_PMU,93,0.0026751805728828237
1,B_svc,2,0.2556746553234154,78,0.2549623147102216,MAP_PMU,93,0.0007123406131937515
2,UPFC_Vsh,5-15,1.1068409341291732,78,1.1096338312405822,MAP_PMU,93,0.002792897111409065
3,UPFC_tsh,5-15,-0.23611904571824166,78,-0.23592061381037074,MAP_PMU,93,0.00019843190787091625
4,UPFC_Vse,5-15,0.060286261421629746,78,0.05929998376082983,MAP_PMU,93,0.0009862776607999155
5,UPFC_tse,5-15,-2.172058485035631,78,-2.1655459086518336,MAP_PMU,93,0.00651257638379743
0,x_tcsc,1-14,-0.1316728149396615,79,-0.1287438860906417,MAP_PMU,93,0.0029289288490197962
1,B_svc,2,0.2558920715448586,79,0.2549623147102216,MAP_PMU,93,0.0009297568346369744
2,UPFC_Vsh,5-15,1.106829619642714,79,1.1096338312405822,MAP_PMU,93,0.0028042115978681448
3,UPFC_tsh,5-15,-0.23617141055022392,79,-0.23592061381037074,MAP_PMU,93,0.0002507967398531763
4,UPFC_Vse,5-15,0.060214620767430845,79,0.05929998376082983,MAP_PMU,93,0.0009146370066010143
5,UPFC_tse,5-15,-2.1716936662228203,79,-2.1655459086518336,MAP_PMU,93,0.006147757570986734
0,x_tcsc,1-14,-0.13193075191042736,80,-0.1287438860906417,MAP_PMU,93,0.003186865819785667
1,B_svc,2,0.2557608737070059,80,0.2549623147102216,MAP_PMU,93,0.000798558996784271
2,UPFC_Vsh,5-15,1.1065538387325555,80,1.1096338312405822,MAP_PMU,93,0.0030799925080267077
3,UPFC_tsh,5-15,-0.23614806047670917,80,-0.23592061381037074,MAP_PMU,93,0.00022744666633842114
4,UPFC_Vse,5-15,0.06066302848971426,80,0.05929998376082983,MAP_PMU,93,0.0013630447288844327
5,UPFC_tse,5-15,-2.1809376654601023,80,-2.1655459086518336,MAP_PMU,93,0.015391756808268653
0,x_tcsc,1-14,-0.13112934590831057,81,-0.1287438860906417,MAP_PMU,93,0.0023854598176688835
1,B_svc,2,0.25524285842684075,81,0.2549623147102216,MAP_PMU,93,0.00028054371661911937
2,UPFC_Vsh,5-15,1.107041945741015,81,1.1096338312405822,MAP_PMU,93,0.002591885499567237
3,UPFC_tsh,5-15,-0.23604624002685778,81,-0.23592061381037074,MAP_PMU,93,0.0001256262164870403
4,UPFC_Vse,5-15,0.06096060266801914,81,0.05929998376082983,MAP_PMU,93,0.0016606189071893124
5,UPFC_tse,5-15,-2.1743746953141554,81,-2.1655459086518336,MAP_PMU,93,0.008828786662321786
0,x_tcsc,1-14,-0.13166828015339802,82,-0.1287438860906417,MAP_PMU,93,0.0029243940627563247
1,B_svc,2,0.25560304293453273,82,0.2549623147102216,MAP_PMU,93,0.0006407282243111045
2,UPFC_Vsh,5-15,1.1067368991319992,82,1.1096338312405822,MAP_PMU,93,0.0028969321085829947
3,UPFC_tsh,5-15,-0.2361149710553761,82,-0.23592061381037074,MAP_PMU,93,0.00019435724500535545
4,UPFC_Vse,5-15,0.06039729598668259,82,0.05929998376082983,MAP_PMU,93,0.0010973122258527632
5,UPFC_tse,5-15,-2.1759127121475026,82,-2.1655459086518336,MAP_PMU,93,0.010366803495668986
0,x_tcsc,1-14,-0.13157532623543483,83,-0.1287438860906417,MAP_PMU,93,0.0028314401447931403
1,B_svc,2,0.2560193902706395,83,0.2549623147102216,MAP_PMU,93,0.0010570755604178972
2,UPFC_Vsh,5-15,1.1067197920051308,83,1.1096338312405822,MAP_PMU,93,0.0029140392354514155
3,UPFC_tsh,5-15,-0.23612205709779419,83,-0.23592061381037074,MAP_PMU,93,0.00020144328742344175
4,UPFC_Vse,5-15,0.060958485024221194,83,0.05929998376082983,MAP_PMU,93,0.001658501263391364
5,UPFC_tse,5-15,-2.181962663299528,83,-2.1655459086518336,MAP_PMU,93,0.016416754647694543
0,x_tcsc,1-14,-0.13155791315740328,84,-0.1287438860906417,MAP_PMU,93,0.002814027066761593
1,B_svc,2,0.2559825325077057,84,0.2549623147102216,MAP_PMU,93,0.0010202177974840687
2,UPFC_Vsh,5-15,1.1061125800099882,84,1.1096338312405822,MAP_PMU,93,0.0035212512305939914
3,UPFC_tsh,5-15,-0.23619544149880226,84,-0.23592061381037074,MAP_PMU,93,0.0002748276884315115
4,UPFC_Vse,5-15,0.06073339819030429,84,0.05929998376082983,MAP_PMU,93,0.001433414429474457
5,UPFC_tse,5-15,-2.1769775347908795,84,-2.1655459086518336,MAP_PMU,93,0.011431626139045914
0,x_tcsc,1-14,-0.13156305704748827,85,-0.1287438860906417,MAP_PMU,93,0.002819170956846584
1,B_svc,2,0.2557747827304966,85,0.2549623147102216,MAP_PMU,93,0.000812468020274959
2,UPFC_Vsh,5-15,1.1064269770092459,85,1.1096338312405822,MAP_PMU,93,0.0032068542313363757
3,UPFC_tsh,5-15,-0.2360971995425199,85,-0.23592061381037074,MAP_PMU,93,0.00017658573214915374
4,UPFC_Vse,5-15,0.06062235252854905,85,0.05929998376082983,MAP_PMU,93,0.001322368767719219
5,UPFC_tse,5-15,-2.174029573280341,85,-2.1655459086518336,MAP_PMU,93,0.00848366462850736
0,x_tcsc,1-14,-0.13122456837971405,86,-0.1287438860906417,MAP_PMU,93,0.002480682289072361
1,B_svc,2,0.2555436442749813,86,0.2549623147102216,MAP_PMU,93,0.0005813295647596473
2,UPFC_Vsh,5-15,1.1069937569734365,86,1.1096338312405822,MAP_PMU,93,0.0026400742671457422
3,UPFC_tsh,5-15,-0.23612756478987365,86,-0.23592061381037074,MAP_PMU,93,0.00020695097950290675
4,UPFC_Vse,5-15,0.06090622688866609,86,0.05929998376082983,MAP_PMU,93,0.0016062431278362627
5,UPFC_tse,5-15,-2.1783448532649534,86,-2.1655459086518336,MAP_PMU,93,0.012798944613119811
0,x_tcsc,1-14,-0.13149608288853115,87,-0.1287438860906417,MAP_PMU,93,0.0027521967978894613
1,B_svc,2,0.25544699701731893,87,0.2549623147102216,MAP_PMU,93,0.0004846823070973061
2,UPFC_Vsh,5-15,1.1067213668143383,87,1.1096338312405822,MAP_PMU,93,0.0029124644262439325
3,UPFC_tsh,5-15,-0.2361019520373034,87,-0.23592061381037074,MAP_PMU,93,0.00018133822693264245
4,UPFC_Vse,5-15,0.060744162908526994,87,0.05929998376082983,MAP_PMU,93,0.0014441791476971638
5,UPFC_tse,5-15,-2.174261047461428,87,-2.1655459086518336,MAP_PMU,93,0.008715138809594514
0,x_tcsc,1-14,-0.13173691973314497,88,-0.1287438860906417,MAP_PMU,93,0.002993033642503279
1,B_svc,2,0.25533736939522245,88,0.2549623147102216,MAP_PMU,93,0.0003750546850008196
2,UPFC_Vsh,5-15,1.106680600909711,88,1.1096338312405822,MAP_PMU,93,0.002953230330871248
3,UPFC_tsh,5-15,-0.23612714663331347,88,-0.23592061381037074,MAP_PMU,93,0.00020653282294272324
4,UPFC_Vse,5-15,0.05992629572313101,88,0.05929998376082983,MAP_PMU,93,0.0006263119623011806
5,UPFC_tse,5-15,-2.181384933024902,88,-2.1655459086518336,MAP_PMU,93,0.01583902437306861
0,x_tcsc,1-14,-0.1312463954826231,89,-0.1287438860906417,MAP_PMU,93,0.0025025093919814057
1,B_svc,2,0.25540173319905185,89,0.2549623147102216,MAP_PMU,93,0.0004394184888302233
2,UPFC_Vsh,5-15,1.1069775575333074,89,1.1096338312405822,MAP_PMU,93,0.0026562737072748366
3,UPFC_tsh,5-15,-0.23607079969124015,89,-0.23592061381037074,MAP_PMU,93,0.00015018588086940232
4,UPFC_Vse,5-15,0.060077542332972016,89,0.05929998376082983,MAP_PMU,93,0.0007775585721421854
5,UPFC_tse,5-15,-2.166148067685795,89,-2.1655459086518336,MAP_PMU,93,0.0006021590339613248
0,x_tcsc,1-14,-0.13143944854439332,90,-0.1287438860906417,MAP_PMU,93,0.002695562453751632
1,B_svc,2,0.256402107174916,90,0.2549623147102216,MAP_PMU,93,0.0014397924646943894
2,UPFC_Vsh,5-15,1.1065443147360055,90,1.1096338312405822,MAP_PMU,93,0.0030895165045767836
3,UPFC_tsh,5-15,-0.2361923326983637,90,-0.23592061381037074,MAP_PMU,93,0.00027171888799296107
4,UPFC_Vse,5-15,0.060265697165616104,90,0.05929998376082983,MAP_PMU,93,0.0009657134047862739
5,UPFC_tse,5-15,-2.1889689507972028,90,-2.1655459086518336,MAP_PMU,93,0.023423042145369166
0,x_tcsc,1-14,-0.13154191497207815,91,-0.1287438860906417,MAP_PMU,93,0.0027980288814364596
1,B_svc,2,0.2554337493839383,91,0.2549623147102216,MAP_PMU,93,0.00047143467371668635
2,UPFC_Vsh,5-15,1.1065601924057784,91,1.1096338312405822,MAP_PMU,93,0.003073638834803827
3,UPFC_tsh,5-15,-0.23615567376275115,91,-0.23592061381037074,MAP_PMU,93,0.00023505995238040645
4,UPFC_Vse,5-15,0.060739533217113006,91,0.05929998376082983,MAP_PMU,93,0.0014395494562831762
5,UPFC_tse,5-15,-2.171930258463443,91,-2.1655459086518336,MAP_PMU,93,0.00638434981160918
0,x_tcsc,1-14,-0.1313741459897286,92,-0.1287438860906417,MAP_PMU,93,0.002630259899086912
1,B_svc,2,0.2555244192131564,92,0.2549623147102216,MAP_PMU,93,0.0005621045029347571
2,UPFC_Vsh,5-15,1.1070028007156405,92,1.1096338312405822,MAP_PMU,93,0.0026310305249417354
3,UPFC_tsh,5-15,-0.23611298018396457,92,-0.23592061381037074,MAP_PMU,93,0.00019236637359382192
4,UPFC_Vse,5-15,0.060551540219537875,92,0.05929998376082983,MAP_PMU,93,0.0012515564587080447
5,UPFC_tse,5-15,-2.1724671719422672,92,-2.1655459086518336,MAP_PMU,93,0.006921263290433632
0,x_tcsc,1-14,-0.13209535436865433,93,-0.1287438860906417,MAP_PMU,93,0.003351468278012637
1,B_svc,2,0.2555967456687631,93,0.2549623147102216,MAP_PMU,93,0.0006344309585414876
2,UPFC_Vsh,5-15,1.1064065368052136,93,1.1096338312405822,MAP_PMU,93,0.0032272944353686217
3,UPFC_tsh,5-15,-0.23611418066907322,93,-0.23592061381037074,MAP_PMU,93,0.00019356685870247636
4,UPFC_Vse,5-15,0.0609454073047668,93,0.05929998376082983,MAP_PMU,93,0.0016454235439369719
5,UPFC_tse,5-15,-2.1672301650441437,93,-2.1655459086518336,MAP_PMU,93,0.0016842563923100684
0,x_tcsc,1-14,-0.13153483749120476,94,-0.1287438860906417,MAP_PMU,93,0.0027909514005630687
1,B_svc,2,0.2554588465530341,94,0.2549623147102216,MAP_PMU,93,0.0004965318428124532
2,UPFC_Vsh,5-15,1.1066350886921048,94,1.1096338312405822,MAP_PMU,93,0.002998742548477429
3,UPFC_tsh,5-15,-0.2361206640210611,94,-0.23592061381037074,MAP_PMU,93,0.00020005021069036122
4,UPFC_Vse,5-15,0.060132548935251336,94,0.05929998376082983,MAP_PMU,93,0.0008325651744215054
5,UPFC_tse,5-15,-2.177760961778718,94,-2.1655459086518336,MAP_PMU,93,0.012215053126884534
0,x_tcsc,1-14,-0.1315023174752315,95,-0.1287438860906417,MAP_PMU,93,0.00275843138458981
1,B_svc,2,0.25572382794464527,95,0.2549623147102216,MAP_PMU,93,0.0007615132344236386
2,UPFC_Vsh,5-15,1.106779664610273,95,1.1096338312405822,MAP_PMU,93,0.0028541666303092406
3,UPFC_tsh,5-15,-0.2361304575982185,95,-0.23592061381037074,MAP_PMU,93,0.0002098437878477466
4,UPFC_Vse,5-15,0.06042566585918666,95,0.05929998376082983,MAP_PMU,93,0.0011256820983568325
5,UPFC_tse,5-15,-2.1721436532050684,95,-2.1655459086518336,MAP_PMU,93,0.006597744553234808
0,x_tcsc,1-14,-0.1314867063357062,96,-0.1287438860906417,MAP_PMU,93,0.0027428202450645034
1,B_svc,2,0.2563467694987537,96,0.2549623147102216,MAP_PMU,93,0.0013844547885320524
2,UPFC_Vsh,5-15,1.1064417226289247,96,1.1096338312405822,MAP_PMU,93,0.0031921086116575292
3,UPFC_tsh,5-15,-0.23614307402829546,96,-0.23592061381037074,MAP_PMU,93,0.0002224602179247137
4,UPFC_Vse,5-15,0.060282962366213916,96,0.05929998376082983,MAP_PMU,93,0.0009829786053840855
5,UPFC_tse,5-15,-2.179091743785814,96,-2.1655459086518336,MAP_PMU,93,0.013545835133980333
0,x_tcsc,1-14,-0.1316415473952671,97,-0.1287438860906417,MAP_PMU,93,0.002897661304625404
1,B_svc,2,0.2557329230999914,97,0.2549623147102216,MAP_PMU,93,0.000770608389769778
2,UPFC_Vsh,5-15,1.106948688164894,97,1.1096338312405822,MAP_PMU,93,0.0026851430756882344
3,UPFC_tsh,5-15,-0.23602152466806395,97,-0.23592061381037074,MAP_PMU,93,0.00010091085769320385
4,UPFC_Vse,5-15,0.059990855788357646,97,0.05929998376082983,MAP_PMU,93,0.0006908720275278155
5,UPFC_tse,5-15,-2.1720068838888,97,-2.1655459086518336,MAP_PMU,93,0.006460975236966426
0,x_tcsc,1-14,-0.13147802484838214,98,-0.1287438860906417,MAP_PMU,93,0.002734138757740451
1,B_svc,2,0.2559073230076066,98,0.2549623147102216,MAP_PMU,93,0.0009450082973849749
2,UPFC_Vsh,5-15,1.1068463423245642,98,1.1096338312405822,MAP_PMU,93,0.0027874889160179883
3,UPFC_tsh,5-15,-0.23615236977878976,98,-0.23592061381037074,MAP_PMU,93,0.0002317559684190118
4,UPFC_Vse,5-15,0.06035767825813445,98,0.05929998376082983,MAP_PMU,93,0.001057694497304619
5,UPFC_tse,5-15,-2.1814666604379225,98,-2.1655459086518336,MAP_PMU,93,0.01592075178608887
0,x_tcsc,1-14,-0.13130441879024962,99,-0.1287438860906417,MAP_PMU,93,0.0025605326996079314
1,B_svc,2,0.25569470227643676,99,0.2549623147102216,MAP_PMU,93,0.0007323875662151313
2,UPFC_Vsh,5-15,1.1069618478302754,99,1.1096338312405822,MAP_PMU,93,0.002671983410306833
3,UPFC_tsh,5-15,-0.23604343192258248,99,-0.23592061381037074,MAP_PMU,93,0.00012281811221173666
4,UPFC_Vse,5-15,0.06030878314272214,99,0.05929998376082983,MAP_PMU,93,0.0010087993818923072
5,UPFC_tse,5-15,-2.1716628816596644,99,-2.1655459086518336,MAP_PMU,93,0.006116973007830762
0,x_tcsc,1-14,-0.13209566991337038,0,-0.12867605302507776,MAP_PMU,95,0.0034196168882926203
1,B_svc,2,0.2557786015215974,0,0.2549563532351921,MAP_PMU,95,0.0008222482864053138
2,UPFC_Vsh,5-15,1.1064269665796684,0,1.109770147574064,MAP_PMU,95,0.003343180994395567
3,UPFC_tsh,5-15,-0.2355038011034249,0,-0.23526927092129804,MAP_PMU,95,0.00023453018212685195
4,UPFC_Vse,5-15,0.06043559566043503,0,0.06024939015131792,MAP_PMU,95,0.00018620550911710443
5,UPFC_tse,5-15,-2.1843133817304925,0,-2.162688233567831,MAP_PMU,95,0.02162514816266148
0,x_tcsc,1-14,-0.1315875607420695,1,-0.12867605302507776,MAP_PMU,95,0.0029115077169917514
1,B_svc,2,0.2559703108665169,1,0.2549563532351921,MAP_PMU,95,0.00101395763132478
2,UPFC_Vsh,5-15,1.1067327633792075,1,1.109770147574064,MAP_PMU,95,0.0030373841948565516
3,UPFC_tsh,5-15,-0.23552092791262594,1,-0.23526927092129804,MAP_PMU,95,0.00025165699132789765
4,UPFC_Vse,5-15,0.061183832390725175,1,0.06024939015131792,MAP_PMU,95,0.0009344422394072516
5,UPFC_tse,5-15,-2.1743746285112406,1,-2.162688233567831,MAP_PMU,95,0.011686394943409617
0,x_tcsc,1-14,-0.13141858450333047,2,-0.12867605302507776,MAP_PMU,95,0.0027425314782527077
1,B_svc,2,0.2556464449226104,2,0.2549563532351921,MAP_PMU,95,0.0006900916874182927
2,UPFC_Vsh,5-15,1.106557079120095,2,1.109770147574064,MAP_PMU,95,0.00321306845396907
3,UPFC_tsh,5-15,-0.23552243123473618,2,-0.23526927092129804,MAP_PMU,95,0.00025316031343813883
4,UPFC_Vse,5-15,0.061341024923512406,2,0.06024939015131792,MAP_PMU,95,0.001091634772194483
5,UPFC_tse,5-15,-2.1666759682059396,2,-2.162688233567831,MAP_PMU,95,0.003987734638108531
0,x_tcsc,1-14,-0.13123526264032123,3,-0.12867605302507776,MAP_PMU,95,0.002559209615243474
1,B_svc,2,0.2561027578867316,3,0.2549563532351921,MAP_PMU,95,0.0011464046515394788
2,UPFC_Vsh,5-15,1.1067415753639136,3,1.109770147574064,MAP_PMU,95,0.0030285722101504042
3,UPFC_tsh,5-15,-0.23547499119690854,3,-0.23526927092129804,MAP_PMU,95,0.00020572027561049921
4,UPFC_Vse,5-15,0.06113808381613477,3,0.06024939015131792,MAP_PMU,95,0.0008886936648168434
5,UPFC_tse,5-15,-2.167608273614985,3,-2.162688233567831,MAP_PMU,95,0.004920040047153851
0,x_tcsc,1-14,-0.1313408847155005,4,-0.12867605302507776,MAP_PMU,95,0.002664831690422753
1,B_svc,2,0.25644195082664045,4,0.2549563532351921,MAP_PMU,95,0.00148559759144834
2,UPFC_Vsh,5-15,1.1065206800757437,4,1.109770147574064,MAP_PMU,95,0.0032494674983203353
3,UPFC_tsh,5-15,-0.2354446989255927,4,-0.23526927092129804,MAP_PMU,95,0.00017542800429465322
4,UPFC_Vse,5-15,0.060671537330029196,4,0.06024939015131792,MAP_PMU,95,0.00042214717871127266
5,UPFC_tse,5-15,-2.1762454539526503,4,-2.162688233567831,MAP_PMU,95,0.013557220384819324
0,x_tcsc,1-14,-0.13153018271421085,5,-0.12867605302507776,MAP_PMU,95,0.0028541296891330947
1,B_svc,2,0.2553638635208447,5,0.2549563532351921,MAP_PMU,95,0.0004075102856526125
2,UPFC_Vsh,5-15,1.106660358095231,5,1.109770147574064,MAP_PMU,95,0.0031097894788330027
3,UPFC_tsh,5-15,-0.23543807922638355,5,-0.23526927092129804,MAP_PMU,95,0.00016880830508550493
4,UPFC_Vse,5-15,0.06094457901919485,5,0.06024939015131792,MAP_PMU,95,0.0006951888678769294
5,UPFC_tse,5-15,-2.1666285928600133,5,-2.162688233567831,MAP_PMU,95,0.003940359292182283
0,x_tcsc,1-14,-0.13123448466801943,6,-0.12867605302507776,MAP_PMU,95,0.002558431642941672
1,B_svc,2,0.2557113856598579,6,0.2549563532351921,MAP_PMU,95,0.0007550324246657913
2,UPFC_Vsh,5-15,1.1068677086233079,6,1.109770147574064,MAP_PMU,95,0.0029024389507561477
3,UPFC_tsh,5-15,-0.23540112347397432,6,-0.23526927092129804,MAP_PMU,95,0.0001318525526762815
4,UPFC_Vse,5-15,0.06055882365400566,6,0.06024939015131792,MAP_PMU,95,0.0003094335026877365
5,UPFC_tse,5-15,-2.172602581731245,6,-2.162688233567831,MAP_PMU,95,0.009914348163413855
0,x_tcsc,1-14,-0.13105377345154415,7,-0.12867605302507776,MAP_PMU,95,0.00237772042646639
1,B_svc,2,0.25585115030601274,7,0.2549563532351921,MAP_PMU,95,0.0008947970708206299
2,UPFC_Vsh,5-15,1.1065318589050304,7,1.109770147574064,MAP_PMU,95,0.00323828866903364
3,UPFC_tsh,5-15,-0.23546647812046798,7,-0.23526927092129804,MAP_PMU,95,0.00019720719916993534
4,UPFC_Vse,5-15,0.06068340726864732,7,0.06024939015131792,MAP_PMU,95,0.000434017117329398
5,UPFC_tse,5-15,-2.1699133764722656,7,-2.162688233567831,MAP_PMU,95,0.007225142904434545
0,x_tcsc,1-14,-0.13119648516938165,8,-0.12867605302507776,MAP_PMU,95,0.0025204321443038913
1,B_svc,2,0.255635728792657,8,0.2549563532351921,MAP_PMU,95,0.0006793755574648896
2,UPFC_Vsh,5-15,1.1070246702274202,8,1.109770147574064,MAP_PMU,95,0.0027454773466437654
3,UPFC_tsh,5-15,-0.23541487617145843,8,-0.23526927092129804,MAP_PMU,95,0.0001456052501603855
4,UPFC_Vse,5-15,0.06050977024448364,8,0.06024939015131792,MAP_PMU,95,0.00026038009316571575
5,UPFC_tse,5-15,-2.1660177798765825,8,-2.162688233567831,MAP_PMU,95,0.0033295463087514854
0,x_tcsc,1-14,-0.1314538954331077,9,-0.12867605302507776,MAP_PMU,95,0.0027778424080299458
1,B_svc,2,0.255868141724111,9,0.2549563532351921,MAP_PMU,95,0.0009117884889188743
2,UPFC_Vsh,5-15,1.1067801887356659,9,1.109770147574064,MAP_PMU,95,0.0029899588383981435
3,UPFC_tsh,5-15,-0.23540081983964234,9,-0.23526927092129804,MAP_PMU,95,0.0001315489183442986
4,UPFC_Vse,5-15,0.06080948938826318,9,0.06024939015131792,MAP_PMU,95,0.0005600992369452565
5,UPFC_tse,5-15,-2.1650833470724256,9,-2.162688233567831,MAP_PMU,95,0.002395113504594537
0,x_tcsc,1-14,-0.1314863349435055,10,-0.12867605302507776,MAP_PMU,95,0.0028102819184277483
1,B_svc,2,0.2556437594642305,10,0.2549563532351921,MAP_PMU,95,0.0006874062290384009
2,UPFC_Vsh,5-15,1.106935269311967,10,1.109770147574064,MAP_PMU,95,0.0028348782620970514
3,UPFC_tsh,5-15,-0.23538212228747943,10,-0.23526927092129804,MAP_PMU,95,0.00011285136618138791
4,UPFC_Vse,5-15,0.06135326071579699,10,0.06024939015131792,MAP_PMU,95,0.0011038705644790675
5,UPFC_tse,5-15,-2.1629238965216073,10,-2.162688233567831,MAP_PMU,95,0.00023566295377630553
0,x_tcsc,1-14,-0.13145177113568882,11,-0.12867605302507776,MAP_PMU,95,0.0027757181106110584
1,B_svc,2,0.25627428558410115,11,0.2549563532351921,MAP_PMU,95,0.0013179323489090344
2,UPFC_Vsh,5-15,1.1066054147709463,11,1.109770147574064,MAP_PMU,95,0.003164732803117687
3,UPFC_tsh,5-15,-0.23542802754440942,11,-0.23526927092129804,MAP_PMU,95,0.00015875662311137795
4,UPFC_Vse,5-15,0.06075081814121132,11,0.06024939015131792,MAP_PMU,95,0.0005014279898933952
5,UPFC_tse,5-15,-2.1740932369934347,11,-2.162688233567831,MAP_PMU,95,0.011405003425603688
0,x_tcsc,1-14,-0.13117717500927092,12,-0.12867605302507776,MAP_PMU,95,0.0025011219841931664
1,B_svc,2,0.2554640297477103,12,0.2549563532351921,MAP_PMU,95,0.000507676512518207
2,UPFC_Vsh,5-15,1.1064348456239106,12,1.109770147574064,MAP_PMU,95,0.003335301950153413
3,UPFC_tsh,5-15,-0.2354585062935289,12,-0.23526927092129804,MAP_PMU,95,0.00018923537223086706
4,UPFC_Vse,5-15,0.06146353292380281,12,0.06024939015131792,MAP_PMU,95,0.00121414277248489
5,UPFC_tse,5-15,-2.1711883964695633,12,-2.162688233567831,MAP_PMU,95,0.008500162901732278
0,x_tcsc,1-14,-0.131354340894121,13,-0.12867605302507776,MAP_PMU,95,0.0026782878690432554
1,B_svc,2,0.255878946591788,13,0.2549563532351921,MAP_PMU,95,0.000922593356595891
2,UPFC_Vsh,5-15,1.1064532994405734,13,1.109770147574064,MAP_PMU,95,0.0033168481334906463
3,UPFC_tsh,5-15,-0.2355331150361688,13,-0.23526927092129804,MAP_PMU,95,0.00026384411487076487
4,UPFC_Vse,5-15,0.060626699728564874,13,0.06024939015131792,MAP_PMU,95,0.0003773095772469509
5,UPFC_tse,5-15,-2.174838088354674,13,-2.162688233567831,MAP_PMU,95,0.01214985478684305
0,x_tcsc,1-14,-0.13112415314370252,14,-0.12867605302507776,MAP_PMU,95,0.0024481001186247575
1,B_svc,2,0.25586777179009923,14,0.2549563532351921,MAP_PMU,95,0.0009114185549071174
2,UPFC_Vsh,5-15,1.1068459658300664,14,1.109770147574064,MAP_PMU,95,0.002924181743997556
3,UPFC_tsh,5-15,-0.23537142435429284,14,-0.23526927092129804,MAP_PMU,95,0.0001021534329948004
4,UPFC_Vse,5-15,0.06068772858892963,14,0.06024939015131792,MAP_PMU,95,0.0004383384376117072
5,UPFC_tse,5-15,-2.1711917347822687,14,-2.162688233567831,MAP_PMU,95,0.008503501214437659
0,x_tcsc,1-14,-0.13118790437559452,15,-0.12867605302507776,MAP_PMU,95,0.002511851350516764
1,B_svc,2,0.2555941619811448,15,0.2549563532351921,MAP_PMU,95,0.000637808745952706
2,UPFC_Vsh,5-15,1.1067967077331242,15,1.109770147574064,MAP_PMU,95,0.0029734398409397844
3,UPFC_tsh,5-15,-0.2354288071668574,15,-0.23526927092129804,MAP_PMU,95,0.0001595362455593663
4,UPFC_Vse,5-15,0.06030857503291574,15,0.06024939015131792,MAP_PMU,95,5.918488159781937e-05
5,UPFC_tse,5-15,-2.165435880430958,15,-2.162688233567831,MAP_PMU,95,0.0027476468631268958
0,x_tcsc,1-14,-0.13128999429882066,16,-0.12867605302507776,MAP_PMU,95,0.002613941273742898
1,B_svc,2,0.2560327691748915,16,0.2549563532351921,MAP_PMU,95,0.001076415939699371
2,UPFC_Vsh,5-15,1.1070597810880316,16,1.109770147574064,MAP_PMU,95,0.0027103664860324006
3,UPFC_tsh,5-15,-0.235329341900809,16,-0.23526927092129804,MAP_PMU,95,6.007097951096774e-05
4,UPFC_Vse,5-15,0.060755054823677435,16,0.06024939015131792,MAP_PMU,95,0.0005056646723595112
5,UPFC_tse,5-15,-2.1642662658245646,16,-2.162688233567831,MAP_PMU,95,0.0015780322567335858
0,x_tcsc,1-14,-0.1313605636888214,17,-0.12867605302507776,MAP_PMU,95,0.0026845106637436444
1,B_svc,2,0.2557514127945088,17,0.2549563532351921,MAP_PMU,95,0.0007950595593166909
2,UPFC_Vsh,5-15,1.106767844852843,17,1.109770147574064,MAP_PMU,95,0.0030023027212209286
3,UPFC_tsh,5-15,-0.23537540560830197,17,-0.23526927092129804,MAP_PMU,95,0.00010613468700393369
4,UPFC_Vse,5-15,0.06057804857806688,17,0.06024939015131792,MAP_PMU,95,0.0003286584267489581
5,UPFC_tse,5-15,-2.1629927823865605,17,-2.162688233567831,MAP_PMU,95,0.0003045488187294332
0,x_tcsc,1-14,-0.13149407945543817,18,-0.12867605302507776,MAP_PMU,95,0.0028180264303604152
1,B_svc,2,0.25587706624105155,18,0.2549563532351921,MAP_PMU,95,0.0009207130058594415
2,UPFC_Vsh,5-15,1.1064051620468855,18,1.109770147574064,MAP_PMU,95,0.0033649855271784546
3,UPFC_tsh,5-15,-0.23545334269837853,18,-0.23526927092129804,MAP_PMU,95,0.00018407177708049116
4,UPFC_Vse,5-15,0.06065045766924433,18,0.06024939015131792,MAP_PMU,95,0.0004010675179264081
5,UPFC_tse,5-15,-2.1648138276941156,18,-2.162688233567831,MAP_PMU,95,0.002125594126284547
0,x_tcsc,1-14,-0.13171530101336976,19,-0.12867605302507776,MAP_PMU,95,0.0030392479882919987
1,B_svc,2,0.2554643982375733,19,0.2549563532351921,MAP_PMU,95,0.0005080450023811633
2,UPFC_Vsh,5-15,1.106365356089419,19,1.109770147574064,MAP_PMU,95,0.003404791484644898
3,UPFC_tsh,5-15,-0.23550729685233893,19,-0.23526927092129804,MAP_PMU,95,0.0002380259310408861
4,UPFC_Vse,5-15,0.06106418206158654,19,0.06024939015131792,MAP_PMU,95,0.0008147919102686196
5,UPFC_tse,5-15,-2.1754195604749778,19,-2.162688233567831,MAP_PMU,95,0.012731326907146734
0,x_tcsc,1-14,-0.1312408215078116,20,-0.12867605302507776,MAP_PMU,95,0.002564768482733848
1,B_svc,2,0.25571300271904784,20,0.2549563532351921,MAP_PMU,95,0.0007566494838557314
2,UPFC_Vsh,5-15,1.1073059333693838,20,1.109770147574064,MAP_PMU,95,0.0024642142046802373
3,UPFC_tsh,5-15,-0.2354997407866098,20,-0.23526927092129804,MAP_PMU,95,0.00023046986531174984
4,UPFC_Vse,5-15,0.060594570090059675,20,0.06024939015131792,MAP_PMU,95,0.000345179938741752
5,UPFC_tse,5-15,-2.170535547439144,20,-2.162688233567831,MAP_PMU,95,0.007847313871312878
0,x_tcsc,1-14,-0.13148895364964486,21,-0.12867605302507776,MAP_PMU,95,0.0028129006245670996
1,B_svc,2,0.2556499906033117,21,0.2549563532351921,MAP_PMU,95,0.0006936373681196151
2,UPFC_Vsh,5-15,1.106638994786375,21,1.109770147574064,MAP_PMU,95,0.00313115278768894
3,UPFC_tsh,5-15,-0.23545169452683098,21,-0.23526927092129804,MAP_PMU,95,0.00018242360553294423
4,UPFC_Vse,5-15,0.06061156869802298,21,0.06024939015131792,MAP_PMU,95,0.00036217854670505395
5,UPFC_tse,5-15,-2.1744768702160564,21,-2.162688233567831,MAP_PMU,95,0.011788636648225381
0,x_tcsc,1-14,-0.1313574317713934,22,-0.12867605302507776,MAP_PMU,95,0.0026813787463156324
1,B_svc,2,0.255802956938496,22,0.2549563532351921,MAP_PMU,95,0.0008466037033038609
2,UPFC_Vsh,5-15,1.1066760371298074,22,1.109770147574064,MAP_PMU,95,0.0030941104442565592
3,UPFC_tsh,5-15,-0.23552203488853674,22,-0.23526927092129804,MAP_PMU,95,0.000252763967238695
4,UPFC_Vse,5-15,0.06053638497806524,22,0.06024939015131792,MAP_PMU,95,0.0002869948267473152
5,UPFC_tse,5-15,-2.170836471433455,22,-2.162688233567831,MAP_PMU,95,0.008148237865623909
0,x_tcsc,1-14,-0.13200577904501465,23,-0.12867605302507776,MAP_PMU,95,0.0033297260199368905
1,B_svc,2,0.25606265903406106,23,0.2549563532351921,MAP_PMU,95,0.001106305798868945
2,UPFC_Vsh,5-15,1.1065852063405701,23,1.109770147574064,MAP_PMU,95,0.0031849412334938876
3,UPFC_tsh,5-15,-0.23558781706673762,23,-0.23526927092129804,MAP_PMU,95,0.00031854614543957993
4,UPFC_Vse,5-15,0.061004367801631536,23,0.06024939015131792,MAP_PMU,95,0.0007549776503136124
5,UPFC_tse,5-15,-2.1750947157289797,23,-2.162688233567831,MAP_PMU,95,0.012406482161148702
0,x_tcsc,1-14,-0.13122052022921527,24,-0.12867605302507776,MAP_PMU,95,0.002544467204137507
1,B_svc,2,0.25595353404058246,24,0.2549563532351921,MAP_PMU,95,0.000997180805390352
2,UPFC_Vsh,5-15,1.1067044292252617,24,1.109770147574064,MAP_PMU,95,0.0030657183488023154
3,UPFC_tsh,5-15,-0.23537317961017426,24,-0.23526927092129804,MAP_PMU,95,0.00010390868887621973
4,UPFC_Vse,5-15,0.0603542274794699,24,0.06024939015131792,MAP_PMU,95,0.00010483732815197433
5,UPFC_tse,5-15,-2.1664331930536673,24,-2.162688233567831,MAP_PMU,95,0.0037449594858363078
0,x_tcsc,1-14,-0.13128642868709137,25,-0.12867605302507776,MAP_PMU,95,0.0026103756620136087
1,B_svc,2,0.25557891914540964,25,0.2549563532351921,MAP_PMU,95,0.0006225659102175318
2,UPFC_Vsh,5-15,1.106823854819495,25,1.109770147574064,MAP_PMU,95,0.0029462927545689244
3,UPFC_tsh,5-15,-0.2353810081391897,25,-0.23526927092129804,MAP_PMU,95,0.00011173721789164981
4,UPFC_Vse,5-15,0.060526137931406994,25,0.06024939015131792,MAP_PMU,95,0.00027674778008907053
5,UPFC_tse,5-15,-2.1625413451841164,25,-2.162688233567831,MAP_PMU,95,0.0001468883837145718
0,x_tcsc,1-14,-0.1315033349020826,26,-0.12867605302507776,MAP_PMU,95,0.0028272818770048447
1,B_svc,2,0.2559223665812255,26,0.2549563532351921,MAP_PMU,95,0.0009660133460334119
2,UPFC_Vsh,5-15,1.1071194552551473,26,1.109770147574064,MAP_PMU,95,0.002650692318916681
3,UPFC_tsh,5-15,-0.2354044569711233,26,-0.23526927092129804,MAP_PMU,95,0.0001351860498252644
4,UPFC_Vse,5-15,0.06080653293423455,26,0.06024939015131792,MAP_PMU,95,0.000557142782916624
5,UPFC_tse,5-15,-2.17175715228511,26,-2.162688233567831,MAP_PMU,95,0.009068918717278773
0,x_tcsc,1-14,-0.13165311860552786,27,-0.12867605302507776,MAP_PMU,95,0.0029770655804501056
1,B_svc,2,0.2561597337171726,27,0.2549563532351921,MAP_PMU,95,0.0012033804819804872
2,UPFC_Vsh,5-15,1.1066434118305837,27,1.109770147574064,MAP_PMU,95,0.0031267357434803245
3,UPFC_tsh,5-15,-0.23551325369433457,27,-0.23526927092129804,MAP_PMU,95,0.00024398277303652738
4,UPFC_Vse,5-15,0.06086320705690824,27,0.06024939015131792,MAP_PMU,95,0.0006138169055903142
5,UPFC_tse,5-15,-2.168510874772162,27,-2.162688233567831,MAP_PMU,95,0.00582264120433118
0,x_tcsc,1-14,-0.13172555446728426,28,-0.12867605302507776,MAP_PMU,95,0.0030495014422065037
1,B_svc,2,0.2557424225199,28,0.2549563532351921,MAP_PMU,95,0.0007860692847078687
2,UPFC_Vsh,5-15,1.106841116530809,28,1.109770147574064,MAP_PMU,95,0.002929031043255037
3,UPFC_tsh,5-15,-0.23547899771744385,28,-0.23526927092129804,MAP_PMU,95,0.00020972679614580936
4,UPFC_Vse,5-15,0.06072784321551691,28,0.06024939015131792,MAP_PMU,95,0.0004784530641989901
5,UPFC_tse,5-15,-2.1776022274550852,28,-2.162688233567831,MAP_PMU,95,0.014913993887254229
0,x_tcsc,1-14,-0.13160061774074525,29,-0.12867605302507776,MAP_PMU,95,0.002924564715667488
1,B_svc,2,0.25552379742541764,29,0.2549563532351921,MAP_PMU,95,0.00056744419022553
2,UPFC_Vsh,5-15,1.106368677090508,29,1.109770147574064,MAP_PMU,95,0.0034014704835561016
3,UPFC_tsh,5-15,-0.23546423969105998,29,-0.23526927092129804,MAP_PMU,95,0.00019496876976193844
4,UPFC_Vse,5-15,0.06084040673019908,29,0.06024939015131792,MAP_PMU,95,0.000591016578881158
5,UPFC_tse,5-15,-2.1738175128183004,29,-2.162688233567831,MAP_PMU,95,0.01112927925046936
0,x_tcsc,1-14,-0.13160529854545658,30,-0.12867605302507776,MAP_PMU,95,0.0029292455203788204
1,B_svc,2,0.2551303328791719,30,0.2549563532351921,MAP_PMU,95,0.0001739796439798047
2,UPFC_Vsh,5-15,1.1067163956069872,30,1.109770147574064,MAP_PMU,95,0.003053751967076801
3,UPFC_tsh,5-15,-0.23548570928050733,30,-0.23526927092129804,MAP_PMU,95,0.00021643835920928667
4,UPFC_Vse,5-15,0.06060374993173327,30,0.06024939015131792,MAP_PMU,95,0.00035435978041534894
5,UPFC_tse,5-15,-2.1694863052320694,30,-2.162688233567831,MAP_PMU,95,0.006798071664238403
0,x_tcsc,1-14,-0.1313219297400945,31,-0.12867605302507776,MAP_PMU,95,0.0026458767150167317
1,B_svc,2,0.25564865541786813,31,0.2549563532351921,MAP_PMU,95,0.000692302182676019
2,UPFC_Vsh,5-15,1.107019431786179,31,1.109770147574064,MAP_PMU,95,0.002750715787884994
3,UPFC_tsh,5-15,-0.2354728041737171,31,-0.23526927092129804,MAP_PMU,95,0.00020353325241906361
4,UPFC_Vse,5-15,0.0607952621554495,31,0.06024939015131792,MAP_PMU,95,0.0005458720041315798
5,UPFC_tse,5-15,-2.1682282184260164,31,-2.162688233567831,MAP_PMU,95,0.005539984858185409
0,x_tcsc,1-14,-0.13198932379141312,32,-0.12867605302507776,MAP_PMU,95,0.0033132707663353633
1,B_svc,2,0.2557387692516376,32,0.2549563532351921,MAP_PMU,95,0.0007824160164454641
2,UPFC_Vsh,5-15,1.1065401022949894,32,1.109770147574064,MAP_PMU,95,0.003230045279074556
3,UPFC_tsh,5-15,-0.2354971494828249,32,-0.23526927092129804,MAP_PMU,95,0.00022787856152686747
4,UPFC_Vse,5-15,0.060505183089354396,32,0.06024939015131792,MAP_PMU,95,0.00025579293803647263
5,UPFC_tse,5-15,-2.1743396591144397,32,-2.162688233567831,MAP_PMU,95,0.011651425546608696
0,x_tcsc,1-14,-0.13158154813311757,33,-0.12867605302507776,MAP_PMU,95,0.0029054951080398073
1,B_svc,2,0.25594194849146557,33,0.2549563532351921,MAP_PMU,95,0.0009855952562734527
2,UPFC_Vsh,5-15,1.1068143973618254,33,1.109770147574064,MAP_PMU,95,0.002955750212238595
3,UPFC_tsh,5-15,-0.23549688785625997,33,-0.23526927092129804,MAP_PMU,95,0.00022761693496192725
4,UPFC_Vse,5-15,0.06051193956863224,33,0.06024939015131792,MAP_PMU,95,0.00026254941731431586
5,UPFC_tse,5-15,-2.162897534949358,33,-2.162688233567831,MAP_PMU,95,0.0002093013815271938
0,x_tcsc,1-14,-0.13188023287208858,34,-0.12867605302507776,MAP_PMU,95,0.003204179847010824
1,B_svc,2,0.2552329854000331,34,0.2549563532351921,MAP_PMU,95,0.0002766321648409731
2,UPFC_Vsh,5-15,1.1064735668231482,34,1.109770147574064,MAP_PMU,95,0.0032965807509157674
3,UPFC_tsh,5-15,-0.23546892058197003,34,-0.23526927092129804,MAP_PMU,95,0.00019964966067198553
4,UPFC_Vse,5-15,0.06098531782610212,34,0.06024939015131792,MAP_PMU,95,0.0007359276747841981
5,UPFC_tse,5-15,-2.180568850492232,34,-2.162688233567831,MAP_PMU,95,0.017880616924400794
0,x_tcsc,1-14,-0.13124966802017127,35,-0.12867605302507776,MAP_PMU,95,0.0025736149950935094
1,B_svc,2,0.25590097998393735,35,0.2549563532351921,MAP_PMU,95,0.0009446267487452364
2,UPFC_Vsh,5-15,1.1068452704515908,35,1.109770147574064,MAP_PMU,95,0.002924877122473246
3,UPFC_tsh,5-15,-0.23553965583920644,35,-0.23526927092129804,MAP_PMU,95,0.0002703849179084006
4,UPFC_Vse,5-15,0.06087462253265137,35,0.06024939015131792,MAP_PMU,95,0.0006252323813334473
5,UPFC_tse,5-15,-2.1777883629004955,35,-2.162688233567831,MAP_PMU,95,0.01510012933266447
0,x_tcsc,1-14,-0.13097133190612525,36,-0.12867605302507776,MAP_PMU,95,0.0022952788810474967
1,B_svc,2,0.255506829706295,36,0.2549563532351921,MAP_PMU,95,0.0005504764711029009
2,UPFC_Vsh,5-15,1.1071475775675323,36,1.109770147574064,MAP_PMU,95,0.002622570006531655
3,UPFC_tsh,5-15,-0.2354576140673916,36,-0.23526927092129804,MAP_PMU,95,0.0001883431460935614
4,UPFC_Vse,5-15,0.06084363148718547,36,0.06024939015131792,MAP_PMU,95,0.0005942413358675444
5,UPFC_tse,5-15,-2.1683701029838,36,-2.162688233567831,MAP_PMU,95,0.005681869415969043
0,x_tcsc,1-14,-0.13124998129635568,37,-0.12867605302507776,MAP_PMU,95,0.00257392827127792
1,B_svc,2,0.25579592788872024,37,0.2549563532351921,MAP_PMU,95,0.0008395746535281301
2,UPFC_Vsh,5-15,1.1071162294201662,37,1.109770147574064,MAP_PMU,95,0.0026539181538978163
3,UPFC_tsh,5-15,-0.2354204526857458,37,-0.23526927092129804,MAP_PMU,95,0.00015118176444775533
4,UPFC_Vse,5-15,0.05997977241247453,37,0.06024939015131792,MAP_PMU,95,0.00026961773884339596
5,UPFC_tse,5-15,-2.178074974133466,37,-2.162688233567831,MAP_PMU,95,0.015386740565634938
0,x_tcsc,1-14,-0.13146124994162062,38,-0.12867605302507776,MAP_PMU,95,0.002785196916542859
1,B_svc,2,0.25545191770461556,38,0.2549563532351921,MAP_PMU,95,0.0004955644694234485
2,UPFC_Vsh,5-15,1.1070757427382933,38,1.109770147574064,MAP_PMU,95,0.0026944048357706585
3,UPFC_tsh,5-15,-0.23533641216936385,38,-0.23526927092129804,MAP_PMU,95,6.714124806581068e-05
4,UPFC_Vse,5-15,0.06044958786672547,38,0.06024939015131792,MAP_PMU,95,0.00020019771540754489
5,UPFC_tse,5-15,-2.1561048749499307,38,-2.162688233567831,MAP_PMU,95,0.00658335861790027
0,x_tcsc,1-14,-0.13117228552630364,39,-0.12867605302507776,MAP_PMU,95,0.0024962325012258813
1,B_svc,2,0.2559792087627941,39,0.2549563532351921,MAP_PMU,95,0.0010228555276020068
2,UPFC_Vsh,5-15,1.1069191198984072,39,1.109770147574064,MAP_PMU,95,0.0028510276756568143
3,UPFC_tsh,5-15,-0.2354062403159346,39,-0.23526927092129804,MAP_PMU,95,0.00013696939463656022
4,UPFC_Vse,5-15,0.06074244036556197,39,0.06024939015131792,MAP_PMU,95,0.0004930502142440479
5,UPFC_tse,5-15,-2.1736726763457135,39,-2.162688233567831,MAP_PMU,95,0.010984442777882464
0,x_tcsc,1-14,-0.13103869430485873,40,-0.12867605302507776,MAP_PMU,95,0.002362641279780975
1,B_svc,2,0.2553790086805687,40,0.2549563532351921,MAP_PMU,95,0.00042265544537656297
2,UPFC_Vsh,5-15,1.1068955635736488,40,1.109770147574064,MAP_PMU,95,0.0028745840004151813
3,UPFC_tsh,5-15,-0.2353586771269116,40,-0.23526927092129804,MAP_PMU,95,8.940620561356805e-05
4,UPFC_Vse,5-15,0.06080407115773493,40,0.06024939015131792,MAP_PMU,95,0.0005546810064170071
5,UPFC_tse,5-15,-2.166819846859805,40,-2.162688233567831,MAP_PMU,95,0.004131613291974201
0,x_tcsc,1-14,-0.1317915087362519,41,-0.12867605302507776,MAP_PMU,95,0.0031154557111741366
1,B_svc,2,0.256277659155796,41,0.2549563532351921,MAP_PMU,95,0.0013213059206038658
2,UPFC_Vsh,5-15,1.1063625075652141,41,1.109770147574064,MAP_PMU,95,0.003407640008849855
3,UPFC_tsh,5-15,-0.2355364771996439,41,-0.23526927092129804,MAP_PMU,95,0.0002672062783458662
4,UPFC_Vse,5-15,0.06121383434045502,41,0.06024939015131792,MAP_PMU,95,0.0009644441891370967
5,UPFC_tse,5-15,-2.1807376832879592,41,-2.162688233567831,MAP_PMU,95,0.01804944972012823
0,x_tcsc,1-14,-0.13149670974822017,42,-0.12867605302507776,MAP_PMU,95,0.0028206567231424118
1,B_svc,2,0.25564739146874615,42,0.2549563532351921,MAP_PMU,95,0.0006910382335540421
2,UPFC_Vsh,5-15,1.1064343858765957,42,1.109770147574064,MAP_PMU,95,0.003335761697468298
3,UPFC_tsh,5-15,-0.2354999325671064,42,-0.23526927092129804,MAP_PMU,95,0.00023066164580837212
4,UPFC_Vse,5-15,0.0610853333004985,42,0.06024939015131792,MAP_PMU,95,0.0008359431491805763
5,UPFC_tse,5-15,-2.173934508806002,42,-2.162688233567831,MAP_PMU,95,0.011246275238170789
0,x_tcsc,1-14,-0.13130939906175962,43,-0.12867605302507776,MAP_PMU,95,0.0026333460366818606
1,B_svc,2,0.25530030890497557,43,0.2549563532351921,MAP_PMU,95,0.0003439556697834578
2,UPFC_Vsh,5-15,1.107286270828621,43,1.109770147574064,MAP_PMU,95,0.0024838767454429256
3,UPFC_tsh,5-15,-0.23536761516998225,43,-0.23526927092129804,MAP_PMU,95,9.834424868421232e-05
4,UPFC_Vse,5-15,0.060674660332368555,43,0.06024939015131792,MAP_PMU,95,0.00042527018105063125
5,UPFC_tse,5-15,-2.1586102351843164,43,-2.162688233567831,MAP_PMU,95,0.004077998383514636
0,x_tcsc,1-14,-0.1314027803910368,44,-0.12867605302507776,MAP_PMU,95,0.002726727365959053
1,B_svc,2,0.2554256913848505,44,0.2549563532351921,MAP_PMU,95,0.0004693381496583826
2,UPFC_Vsh,5-15,1.1064926762194862,44,1.109770147574064,MAP_PMU,95,0.003277471354577788
3,UPFC_tsh,5-15,-0.2354414095978464,44,-0.23526927092129804,MAP_PMU,95,0.00017213867654836124
4,UPFC_Vse,5-15,0.06069482746529456,44,0.06024939015131792,MAP_PMU,95,0.0004454373139766363
5,UPFC_tse,5-15,-2.177086741898859,44,-2.162688233567831,MAP_PMU,95,0.014398508331027848
0,x_tcsc,1-14,-0.13123428039561613,45,-0.12867605302507776,MAP_PMU,95,0.002558227370538374
1,B_svc,2,0.2555789097591792,45,0.2549563532351921,MAP_PMU,95,0.0006225565239870723
2,UPFC_Vsh,5-15,1.1069495790249648,45,1.109770147574064,MAP_PMU,95,0.0028205685490991783
3,UPFC_tsh,5-15,-0.2354088190869967,45,-0.23526927092129804,MAP_PMU,95,0.00013954816569866635
4,UPFC_Vse,5-15,0.060586501361579975,45,0.06024939015131792,MAP_PMU,95,0.0003371112102620519
5,UPFC_tse,5-15,-2.1641423332583534,45,-2.162688233567831,MAP_PMU,95,0.001454099690522348
0,x_tcsc,1-14,-0.13132388744034929,46,-0.12867605302507776,MAP_PMU,95,0.002647834415271527
1,B_svc,2,0.2561413129279771,46,0.2549563532351921,MAP_PMU,95,0.0011849596927849815
2,UPFC_Vsh,5-15,1.1070247075329191,46,1.109770147574064,MAP_PMU,95,0.002745440041144853
3,UPFC_tsh,5-15,-0.2354086114094233,46,-0.23526927092129804,MAP_PMU,95,0.00013934048812525024
4,UPFC_Vse,5-15,0.06083370058305461,46,0.06024939015131792,MAP_PMU,95,0.0005843104317366857
5,UPFC_tse,5-15,-2.1653260596810444,46,-2.162688233567831,MAP_PMU,95,0.002637826113213393
0,x_tcsc,1-14,-0.13133876089519403,47,-0.12867605302507776,MAP_PMU,95,0.002662707870116271
1,B_svc,2,0.25546415588601823,47,0.2549563532351921,MAP_PMU,95,0.0005078026508261169
2,UPFC_Vsh,5-15,1.1068818937723093,47,1.109770147574064,MAP_PMU,95,0.0028882538017547255
3,UPFC_tsh,5-15,-0.23538866738861164,47,-0.23526927092129804,MAP_PMU,95,0.00011939646731359832
4,UPFC_Vse,5-15,0.06056005425411093,47,0.06024939015131792,MAP_PMU,95,0.00031066410279300544
5,UPFC_tse,5-15,-2.155599296375626,47,-2.162688233567831,MAP_PMU,95,0.007088937192205158
0,x_tcsc,1-14,-0.13150097636427324,48,-0.12867605302507776,MAP_PMU,95,0.0028249233391954842
1,B_svc,2,0.2558211176867484,48,0.2549563532351921,MAP_PMU,95,0.0008647644515563102
2,UPFC_Vsh,5-15,1.106795662919542,48,1.109770147574064,MAP_PMU,95,0.0029744846545221026
3,UPFC_tsh,5-15,-0.23552698535407887,48,-0.23526927092129804,MAP_PMU,95,0.00025771443278083117
4,UPFC_Vse,5-15,0.06095210061329914,48,0.06024939015131792,MAP_PMU,95,0.0007027104619812194
5,UPFC_tse,5-15,-2.1795982746205955,48,-2.162688233567831,MAP_PMU,95,0.016910041052764502
0,x_tcsc,1-14,-0.13123332904382629,49,-0.12867605302507776,MAP_PMU,95,0.0025572760187485277
1,B_svc,2,0.25500043627915064,49,0.2549563532351921,MAP_PMU,95,4.4083043958531576e-05
2,UPFC_Vsh,5-15,1.1071417618325852,49,1.109770147574064,MAP_PMU,95,0.0026283857414788336
3,UPFC_tsh,5-15,-0.23539555185580918,49,-0.23526927092129804,MAP_PMU,95,0.00012628093451114153
4,UPFC_Vse,5-15,0.0607984277563043,49,0.06024939015131792,MAP_PMU,95,0.0005490376049863757
5,UPFC_tse,5-15,-2.1639227453125995,49,-2.162688233567831,MAP_PMU,95,0.0012345117447685183
0,x_tcsc,1-14,-0.1314972824103691,50,-0.12867605302507776,MAP_PMU,95,0.002821229385291335
1,B_svc,2,0.2554888300784638,50,0.2549563532351921,MAP_PMU,95,0.0005324768432716787
2,UPFC_Vsh,5-15,1.1067961742145205,50,1.109770147574064,MAP_PMU,95,0.0029739733595435247
3,UPFC_tsh,5-15,-0.23540274838329608,50,-0.23526927092129804,MAP_PMU,95,0.0001334774619980439
4,UPFC_Vse,5-15,0.060881141190604914,50,0.06024939015131792,MAP_PMU,95,0.0006317510392869902
5,UPFC_tse,5-15,-2.1831787145391144,50,-2.162688233567831,MAP_PMU,95,0.020490480971283365
0,x_tcsc,1-14,-0.13123995769138516,51,-0.12867605302507776,MAP_PMU,95,0.002563904666307404
1,B_svc,2,0.2555790610980521,51,0.2549563532351921,MAP_PMU,95,0.0006227078628600058
2,UPFC_Vsh,5-15,1.1065940038153002,51,1.109770147574064,MAP_PMU,95,0.0031761437587638497
3,UPFC_tsh,5-15,-0.23542729092624798,51,-0.23526927092129804,MAP_PMU,95,0.00015802000494993806
4,UPFC_Vse,5-15,0.060757307383297605,51,0.06024939015131792,MAP_PMU,95,0.0005079172319796821
5,UPFC_tse,5-15,-2.177268019188612,51,-2.162688233567831,MAP_PMU,95,0.014579785620780772
0,x_tcsc,1-14,-0.13194854632796876,52,-0.12867605302507776,MAP_PMU,95,0.0032724933028910053
1,B_svc,2,0.2560440828363927,52,0.2549563532351921,MAP_PMU,95,0.001087729601200571
2,UPFC_Vsh,5-15,1.1065133067399153,52,1.109770147574064,MAP_PMU,95,0.0032568408341486776
3,UPFC_tsh,5-15,-0.23547780324159193,52,-0.23526927092129804,MAP_PMU,95,0.00020853232029388602
4,UPFC_Vse,5-15,0.06078146036127046,52,0.06024939015131792,MAP_PMU,95,0.0005320702099525371
5,UPFC_tse,5-15,-2.1710180317698353,52,-2.162688233567831,MAP_PMU,95,0.008329798202004302
0,x_tcsc,1-14,-0.13120005682044275,53,-0.12867605302507776,MAP_PMU,95,0.002524003795364993
1,B_svc,2,0.2561610890005455,53,0.2549563532351921,MAP_PMU,95,0.001204735765353404
2,UPFC_Vsh,5-15,1.1067636294750007,53,1.109770147574064,MAP_PMU,95,0.003006518099063271
3,UPFC_tsh,5-15,-0.23537477732449347,53,-0.23526927092129804,MAP_PMU,95,0.0001055064031954267
4,UPFC_Vse,5-15,0.06056731898835505,53,0.06024939015131792,MAP_PMU,95,0.00031792883703712915
5,UPFC_tse,5-15,-2.157637817291591,53,-2.162688233567831,MAP_PMU,95,0.005050416276239922
0,x_tcsc,1-14,-0.13186634546234408,54,-0.12867605302507776,MAP_PMU,95,0.0031902924372663177
1,B_svc,2,0.25604367666839956,54,0.2549563532351921,MAP_PMU,95,0.0010873234332074433
2,UPFC_Vsh,5-15,1.1063568408763484,54,1.109770147574064,MAP_PMU,95,0.003413306697715557
3,UPFC_tsh,5-15,-0.23553535265078582,54,-0.23526927092129804,MAP_PMU,95,0.0002660817294877771
4,UPFC_Vse,5-15,0.06134192634002457,54,0.06024939015131792,MAP_PMU,95,0.0010925361887066457
5,UPFC_tse,5-15,-2.174569125455362,54,-2.162688233567831,MAP_PMU,95,0.011880891887531053
0,x_tcsc,1-14,-0.1317374777635083,55,-0.12867605302507776,MAP_PMU,95,0.003061424738430546
1,B_svc,2,0.2565016913362119,55,0.2549563532351921,MAP_PMU,95,0.0015453381010198108
2,UPFC_Vsh,5-15,1.1067415036626451,55,1.109770147574064,MAP_PMU,95,0.0030286439114188823
3,UPFC_tsh,5-15,-0.23545682528364242,55,-0.23526927092129804,MAP_PMU,95,0.00018755436234438316
4,UPFC_Vse,5-15,0.06052855497449167,55,0.06024939015131792,MAP_PMU,95,0.0002791648231737498
5,UPFC_tse,5-15,-2.1653637951932145,55,-2.162688233567831,MAP_PMU,95,0.0026755616253835157
0,x_tcsc,1-14,-0.13128071612888134,56,-0.12867605302507776,MAP_PMU,95,0.002604663103803584
1,B_svc,2,0.25577572643395335,56,0.2549563532351921,MAP_PMU,95,0.0008193731987612418
2,UPFC_Vsh,5-15,1.1068866225069258,56,1.109770147574064,MAP_PMU,95,0.002883525067138182
3,UPFC_tsh,5-15,-0.2354234297956333,56,-0.23526927092129804,MAP_PMU,95,0.00015415887433525843
4,UPFC_Vse,5-15,0.06079670649202281,56,0.06024939015131792,MAP_PMU,95,0.000547316340704887
5,UPFC_tse,5-15,-2.169504965392803,56,-2.162688233567831,MAP_PMU,95,0.006816731824971889
0,x_tcsc,1-14,-0.1312176834165368,57,-0.12867605302507776,MAP_PMU,95,0.002541630391459049
1,B_svc,2,0.2554490521295311,57,0.2549563532351921,MAP_PMU,95,0.0004926988943390054
2,UPFC_Vsh,5-15,1.1070441204793118,57,1.109770147574064,MAP_PMU,95,0.002726027094752226
3,UPFC_tsh,5-15,-0.23543709665826543,57,-0.23526927092129804,MAP_PMU,95,0.00016782573696738634
4,UPFC_Vse,5-15,0.06038467068219585,57,0.06024939015131792,MAP_PMU,95,0.00013528053087792646
5,UPFC_tse,5-15,-2.171810140138253,57,-2.162688233567831,MAP_PMU,95,0.009121906570421778
0,x_tcsc,1-14,-0.1313237237540681,58,-0.12867605302507776,MAP_PMU,95,0.002647670728990331
1,B_svc,2,0.25591706326308333,58,0.2549563532351921,MAP_PMU,95,0.0009607100278912206
2,UPFC_Vsh,5-15,1.1063209513491645,58,1.109770147574064,MAP_PMU,95,0.0034491962248994756
3,UPFC_tsh,5-15,-0.23540416503553646,58,-0.23526927092129804,MAP_PMU,95,0.0001348941142384208
4,UPFC_Vse,5-15,0.06075860627116651,58,0.06024939015131792,MAP_PMU,95,0.0005092161198485892
5,UPFC_tse,5-15,-2.1609570542251944,58,-2.162688233567831,MAP_PMU,95,0.0017311793426366684
0,x_tcsc,1-14,-0.13130289013909704,59,-0.12867605302507776,MAP_PMU,95,0.002626837114019287
1,B_svc,2,0.2555092322393263,59,0.2549563532351921,MAP_PMU,95,0.0005528790041341991
2,UPFC_Vsh,5-15,1.1062257057307139,59,1.109770147574064,MAP_PMU,95,0.0035444418433501212
3,UPFC_tsh,5-15,-0.23553191775697657,59,-0.23526927092129804,MAP_PMU,95,0.00026264683567853164
4,UPFC_Vse,5-15,0.061258790433891874,59,0.06024939015131792,MAP_PMU,95,0.001009400282573951
5,UPFC_tse,5-15,-2.1866812395785,59,-2.162688233567831,MAP_PMU,95,0.023993006010668783
0,x_tcsc,1-14,-0.13138118864629283,60,-0.12867605302507776,MAP_PMU,95,0.0027051356212150768
1,B_svc,2,0.25615006809032087,60,0.2549563532351921,MAP_PMU,95,0.001193714855128758
2,UPFC_Vsh,5-15,1.1066875579564537,60,1.109770147574064,MAP_PMU,95,0.0030825896176103207
3,UPFC_tsh,5-15,-0.23542311154238457,60,-0.23526927092129804,MAP_PMU,95,0.00015384062108653174
4,UPFC_Vse,5-15,0.060974165300335906,60,0.06024939015131792,MAP_PMU,95,0.0007247751490179824
5,UPFC_tse,5-15,-2.1804893599525412,60,-2.162688233567831,MAP_PMU,95,0.01780112638471021
0,x_tcsc,1-14,-0.13109626998458818,61,-0.12867605302507776,MAP_PMU,95,0.0024202169595104184
1,B_svc,2,0.2561642483471328,61,0.2549563532351921,MAP_PMU,95,0.0012078951119406933
2,UPFC_Vsh,5-15,1.106650208777116,61,1.109770147574064,MAP_PMU,95,0.003119938796948052
3,UPFC_tsh,5-15,-0.23545994958668487,61,-0.23526927092129804,MAP_PMU,95,0.00019067866538682865
4,UPFC_Vse,5-15,0.06090220519773959,61,0.06024939015131792,MAP_PMU,95,0.0006528150464216662
5,UPFC_tse,5-15,-2.1739566074584684,61,-2.162688233567831,MAP_PMU,95,0.011268373890637395
0,x_tcsc,1-14,-0.13161416012914293,62,-0.12867605302507776,MAP_PMU,95,0.0029381071040651685
1,B_svc,2,0.25599160585189906,62,0.2549563532351921,MAP_PMU,95,0.0010352526167069498
2,UPFC_Vsh,5-15,1.106772059743944,62,1.109770147574064,MAP_PMU,95,0.0029980878301199
3,UPFC_tsh,5-15,-0.23547138714350418,62,-0.23526927092129804,MAP_PMU,95,0.00020211622220614456
4,UPFC_Vse,5-15,0.06039785382825922,62,0.06024939015131792,MAP_PMU,95,0.00014846367694129614
5,UPFC_tse,5-15,-2.171084290546947,62,-2.162688233567831,MAP_PMU,95,0.00839605697911594
0,x_tcsc,1-14,-0.1315301321666656,63,-0.12867605302507776,MAP_PMU,95,0.002854079141587834
1,B_svc,2,0.25597152014404156,63,0.2549563532351921,MAP_PMU,95,0.001015166908849452
2,UPFC_Vsh,5-15,1.1069738649440708,63,1.109770147574064,MAP_PMU,95,0.0027962826299932075
3,UPFC_tsh,5-15,-0.23538926181562414,63,-0.23526927092129804,MAP_PMU,95,0.00011999089432609966
4,UPFC_Vse,5-15,0.060079041632600215,63,0.06024939015131792,MAP_PMU,95,0.0001703485187177084
5,UPFC_tse,5-15,-2.167272040338371,63,-2.162688233567831,MAP_PMU,95,0.004583806770539933
0,x_tcsc,1-14,-0.1314014900527085,64,-0.12867605302507776,MAP_PMU,95,0.0027254370276307283
1,B_svc,2,0.2557862827022734,64,0.2549563532351921,MAP_PMU,95,0.0008299294670812696
2,UPFC_Vsh,5-15,1.10667415101471,64,1.109770147574064,MAP_PMU,95,0.0030959965593539973
3,UPFC_tsh,5-15,-0.23546819954974643,64,-0.23526927092129804,MAP_PMU,95,0.00019892862844839154
4,UPFC_Vse,5-15,0.06077302620601142,64,0.06024939015131792,MAP_PMU,95,0.0005236360546934937
5,UPFC_tse,5-15,-2.1625584635319357,64,-2.162688233567831,MAP_PMU,95,0.00012977003589531577
0,x_tcsc,1-14,-0.13138884382403385,65,-0.12867605302507776,MAP_PMU,95,0.0027127907989560884
1,B_svc,2,0.2556797715414292,65,0.2549563532351921,MAP_PMU,95,0.0007234183062370669
2,UPFC_Vsh,5-15,1.1068762181877947,65,1.109770147574064,MAP_PMU,95,0.0028939293862693116
3,UPFC_tsh,5-15,-0.23547439284566615,65,-0.23526927092129804,MAP_PMU,95,0.00020512192436811238
4,UPFC_Vse,5-15,0.06091233077525258,65,0.06024939015131792,MAP_PMU,95,0.0006629406239346547
5,UPFC_tse,5-15,-2.168931330324354,65,-2.162688233567831,MAP_PMU,95,0.006243096756522792
0,x_tcsc,1-14,-0.13167642978413707,66,-0.12867605302507776,MAP_PMU,95,0.0030003767590593144
1,B_svc,2,0.2560942185062749,66,0.2549563532351921,MAP_PMU,95,0.001137865271082783
2,UPFC_Vsh,5-15,1.1064414900592086,66,1.109770147574064,MAP_PMU,95,0.0033286575148554487
3,UPFC_tsh,5-15,-0.23550913956828962,66,-0.23526927092129804,MAP_PMU,95,0.00023986864699157562
4,UPFC_Vse,5-15,0.061005492077926875,66,0.06024939015131792,MAP_PMU,95,0.0007561019266089514
5,UPFC_tse,5-15,-2.1746924359903086,66,-2.162688233567831,MAP_PMU,95,0.012004202422477572
0,x_tcsc,1-14,-0.13156473381338296,67,-0.12867605302507776,MAP_PMU,95,0.0028886807883052035
1,B_svc,2,0.25604314602514666,67,0.2549563532351921,MAP_PMU,95,0.0010867927899545493
2,UPFC_Vsh,5-15,1.106636631538915,67,1.109770147574064,MAP_PMU,95,0.0031335160351491087
3,UPFC_tsh,5-15,-0.2354320263440946,67,-0.23526927092129804,MAP_PMU,95,0.0001627554227965622
4,UPFC_Vse,5-15,0.06088034753172153,67,0.06024939015131792,MAP_PMU,95,0.0006309573804036059
5,UPFC_tse,5-15,-2.16714936535004,67,-2.162688233567831,MAP_PMU,95,0.004461131782209193
0,x_tcsc,1-14,-0.1309256326352911,68,-0.12867605302507776,MAP_PMU,95,0.0022495796102133536
1,B_svc,2,0.2561550136279921,68,0.2549563532351921,MAP_PMU,95,0.0011986603927999773
2,UPFC_Vsh,5-15,1.1064360519423262,68,1.109770147574064,MAP_PMU,95,0.00333409563173781
3,UPFC_tsh,5-15,-0.23550289743263011,68,-0.23526927092129804,MAP_PMU,95,0.00023362651133207457
4,UPFC_Vse,5-15,0.06107936804966809,68,0.06024939015131792,MAP_PMU,95,0.0008299778983501677
5,UPFC_tse,5-15,-2.173719074309495,68,-2.162688233567831,MAP_PMU,95,0.01103084074166416
0,x_tcsc,1-14,-0.13150594049679032,69,-0.12867605302507776,MAP_PMU,95,0.002829887471712561
1,B_svc,2,0.25635056145491447,69,0.2549563532351921,MAP_PMU,95,0.0013942082197223593
2,UPFC_Vsh,5-15,1.1066505671505653,69,1.109770147574064,MAP_PMU,95,0.0031195804234986912
3,UPFC_tsh,5-15,-0.23545887783766029,69,-0.23526927092129804,MAP_PMU,95,0.00018960691636224491
4,UPFC_Vse,5-15,0.06034076637507046,69,0.06024939015131792,MAP_PMU,95,9.137622375253451e-05
5,UPFC_tse,5-15,-2.175658114321544,69,-2.162688233567831,MAP_PMU,95,0.012969880753713081
0,x_tcsc,1-14,-0.131517941679668,70,-0.12867605302507776,MAP_PMU,95,0.00284188865459023
1,B_svc,2,0.2562242263940976,70,0.2549563532351921,MAP_PMU,95,0.0012678731589054748
2,UPFC_Vsh,5-15,1.1067729051906592,70,1.109770147574064,MAP_PMU,95,0.002997242383404819
3,UPFC_tsh,5-15,-0.23542417163161727,70,-0.23526927092129804,MAP_PMU,95,0.00015490071031923347
4,UPFC_Vse,5-15,0.06093293013392385,70,0.06024939015131792,MAP_PMU,95,0.0006835399826059241
5,UPFC_tse,5-15,-2.1761128520360535,70,-2.162688233567831,MAP_PMU,95,0.013424618468222516
0,x_tcsc,1-14,-0.13199979919896468,71,-0.12867605302507776,MAP_PMU,95,0.003323746173886921
1,B_svc,2,0.2557500705696488,71,0.2549563532351921,MAP_PMU,95,0.0007937173344567117
2,UPFC_Vsh,5-15,1.1069628121044468,71,1.109770147574064,MAP_PMU,95,0.0028073354696172004
3,UPFC_tsh,5-15,-0.23546714909261368,71,-0.23526927092129804,MAP_PMU,95,0.00019787817131564078
4,UPFC_Vse,5-15,0.06050669403074414,71,0.06024939015131792,MAP_PMU,95,0.00025730387942621974
5,UPFC_tse,5-15,-2.170880894016277,71,-2.162688233567831,MAP_PMU,95,0.00819266044844591
0,x_tcsc,1-14,-0.1310236559808944,72,-0.12867605302507776,MAP_PMU,95,0.0023476029558166522
1,B_svc,2,0.25534894203227576,72,0.2549563532351921,MAP_PMU,95,0.00039258879708364836
2,UPFC_Vsh,5-15,1.1071748590295678,72,1.109770147574064,MAP_PMU,95,0.0025952885444961993
3,UPFC_tsh,5-15,-0.23540892626687335,72,-0.23526927092129804,MAP_PMU,95,0.0001396553455753069
4,UPFC_Vse,5-15,0.06021178539057691,72,0.06024939015131792,MAP_PMU,95,3.760476074101543e-05
5,UPFC_tse,5-15,-2.1622174357528765,72,-2.162688233567831,MAP_PMU,95,0.00047079781495451556
0,x_tcsc,1-14,-0.1316976808713774,73,-0.12867605302507776,MAP_PMU,95,0.0030216278462996404
1,B_svc,2,0.25558018198719945,73,0.2549563532351921,MAP_PMU,95,0.0006238287520073382
2,UPFC_Vsh,5-15,1.106623165809692,73,1.109770147574064,MAP_PMU,95,0.0031469817643718923
3,UPFC_tsh,5-15,-0.23547313897813943,73,-0.23526927092129804,MAP_PMU,95,0.00020386805684138865
4,UPFC_Vse,5-15,0.0611780813814556,73,0.06024939015131792,MAP_PMU,95,0.0009286912301376751
5,UPFC_tse,5-15,-2.172446731719471,73,-2.162688233567831,MAP_PMU,95,0.009758498151640094
0,x_tcsc,1-14,-0.13131486855056296,74,-0.12867605302507776,MAP_PMU,95,0.0026388155254851997
1,B_svc,2,0.2558525034339876,74,0.2549563532351921,MAP_PMU,95,0.0008961501987954645
2,UPFC_Vsh,5-15,1.1068480904098017,74,1.109770147574064,MAP_PMU,95,0.002922057164262304
3,UPFC_tsh,5-15,-0.2354952670936045,74,-0.23526927092129804,MAP_PMU,95,0.00022599617230645297
4,UPFC_Vse,5-15,0.06090922131529332,74,0.06024939015131792,MAP_PMU,95,0.0006598311639753954
5,UPFC_tse,5-15,-2.164769543428198,74,-2.162688233567831,MAP_PMU,95,0.002081309860367142
0,x_tcsc,1-14,-0.13141833063441588,75,-0.12867605302507776,MAP_PMU,95,0.002742277609338123
1,B_svc,2,0.25647944720379817,75,0.2549563532351921,MAP_PMU,95,0.0015230939686060596
2,UPFC_Vsh,5-15,1.1065648156142143,75,1.109770147574064,MAP_PMU,95,0.003205331959849733
3,UPFC_tsh,5-15,-0.2354863778655443,75,-0.23526927092129804,MAP_PMU,95,0.0002171069442462592
4,UPFC_Vse,5-15,0.060757192801719144,75,0.06024939015131792,MAP_PMU,95,0.0005078026504012206
5,UPFC_tse,5-15,-2.176671766221858,75,-2.162688233567831,MAP_PMU,95,0.013983532654027186
0,x_tcsc,1-14,-0.13129456866531972,76,-0.12867605302507776,MAP_PMU,95,0.0026185156402419585
1,B_svc,2,0.2559983049967849,76,0.2549563532351921,MAP_PMU,95,0.0010419517615927743
2,UPFC_Vsh,5-15,1.1067351124529985,76,1.109770147574064,MAP_PMU,95,0.00303503512106551
3,UPFC_tsh,5-15,-0.23548207506434482,76,-0.23526927092129804,MAP_PMU,95,0.00021280414304677975
4,UPFC_Vse,5-15,0.061185232649973484,76,0.06024939015131792,MAP_PMU,95,0.0009358424986555605
5,UPFC_tse,5-15,-2.1736030537467728,76,-2.162688233567831,MAP_PMU,95,0.010914820178941742
0,x_tcsc,1-14,-0.13171410174929532,77,-0.12867605302507776,MAP_PMU,95,0.0030380487242175624
1,B_svc,2,0.25602176076562033,77,0.2549563532351921,MAP_PMU,95,0.0010654075304282196
2,UPFC_Vsh,5-15,1.1066562634730326,77,1.109770147574064,MAP_PMU,95,0.0031138841010314167
3,UPFC_tsh,5-15,-0.23549138903846037,77,-0.23526927092129804,MAP_PMU,95,0.00022211811716232877
4,UPFC_Vse,5-15,0.06103207527789029,77,0.06024939015131792,MAP_PMU,95,0.0007826851265723689
5,UPFC_tse,5-15,-2.1641969436761785,77,-2.162688233567831,MAP_PMU,95,0.0015087101083475218
0,x_tcsc,1-14,-0.13132021605927002,78,-0.12867605302507776,MAP_PMU,95,0.002644163034192265
1,B_svc,2,0.2556365224146263,78,0.2549563532351921,MAP_PMU,95,0.000680169179434198
2,UPFC_Vsh,5-15,1.1068893987016573,78,1.109770147574064,MAP_PMU,95,0.0028807488724067465
3,UPFC_tsh,5-15,-0.23542805746293272,78,-0.23526927092129804,MAP_PMU,95,0.00015878654163467565
4,UPFC_Vse,5-15,0.06079554836834434,78,0.06024939015131792,MAP_PMU,95,0.0005461582170264156
5,UPFC_tse,5-15,-2.163577242593515,78,-2.162688233567831,MAP_PMU,95,0.0008890090256841177
0,x_tcsc,1-14,-0.13156851628592128,79,-0.12867605302507776,MAP_PMU,95,0.0028924632608435252
1,B_svc,2,0.2556000312968866,79,0.2549563532351921,MAP_PMU,95,0.0006436780616944637
2,UPFC_Vsh,5-15,1.1070134164655352,79,1.109770147574064,MAP_PMU,95,0.0027567311085288093
3,UPFC_tsh,5-15,-0.23549483177270253,79,-0.23526927092129804,MAP_PMU,95,0.00022556085140448823
4,UPFC_Vse,5-15,0.06041653222253686,79,0.06024939015131792,MAP_PMU,95,0.0001671420712189356
5,UPFC_tse,5-15,-2.1795065520195207,79,-2.162688233567831,MAP_PMU,95,0.016818318451689684
0,x_tcsc,1-14,-0.13182292631077874,80,-0.12867605302507776,MAP_PMU,95,0.003146873285700985
1,B_svc,2,0.25553817132220685,80,0.2549563532351921,MAP_PMU,95,0.0005818180870147405
2,UPFC_Vsh,5-15,1.1069772961674347,80,1.109770147574064,MAP_PMU,95,0.0027928514066293264
3,UPFC_tsh,5-15,-0.23539208162105704,80,-0.23526927092129804,MAP_PMU,95,0.00012281069975900172
4,UPFC_Vse,5-15,0.060345702527532845,80,0.06024939015131792,MAP_PMU,95,9.63123762149215e-05
5,UPFC_tse,5-15,-2.166135284539354,80,-2.162688233567831,MAP_PMU,95,0.0034470509715229802
0,x_tcsc,1-14,-0.13102577402804236,81,-0.12867605302507776,MAP_PMU,95,0.0023497210029646
1,B_svc,2,0.25533950175527315,81,0.2549563532351921,MAP_PMU,95,0.0003831485200810336
2,UPFC_Vsh,5-15,1.1066884940280226,81,1.109770147574064,MAP_PMU,95,0.0030816535460413963
3,UPFC_tsh,5-15,-0.2355063963324172,81,-0.23526927092129804,MAP_PMU,95,0.00023712541111917118
4,UPFC_Vse,5-15,0.06129877811551525,81,0.06024939015131792,MAP_PMU,95,0.001049387964197325
5,UPFC_tse,5-15,-2.1707958113680297,81,-2.162688233567831,MAP_PMU,95,0.008107577800198662
0,x_tcsc,1-14,-0.1315859183565315,82,-0.12867605302507776,MAP_PMU,95,0.002909865331453737
1,B_svc,2,0.2554913063928406,82,0.2549563532351921,MAP_PMU,95,0.00053495315764851
2,UPFC_Vsh,5-15,1.1066513787309569,82,1.109770147574064,MAP_PMU,95,0.0031187688431071336
3,UPFC_tsh,5-15,-0.2355201516857992,82,-0.23526927092129804,MAP_PMU,95,0.0002508807645011657
4,UPFC_Vse,5-15,0.06092284938945944,82,0.06024939015131792,MAP_PMU,95,0.0006734592381415147
5,UPFC_tse,5-15,-2.187083408538879,82,-2.162688233567831,MAP_PMU,95,0.02439517497104804
0,x_tcsc,1-14,-0.13150607774169554,83,-0.12867605302507776,MAP_PMU,95,0.0028300247166177794
1,B_svc,2,0.25599262755702396,83,0.2549563532351921,MAP_PMU,95,0.0010362743218318426
2,UPFC_Vsh,5-15,1.1068505805368973,83,1.109770147574064,MAP_PMU,95,0.0029195670371666704
3,UPFC_tsh,5-15,-0.23547257728264018,83,-0.23526927092129804,MAP_PMU,95,0.0002033063613421371
4,UPFC_Vse,5-15,0.06086148028049521,83,0.06024939015131792,MAP_PMU,95,0.0006120901291772896
5,UPFC_tse,5-15,-2.1682016958537953,83,-2.162688233567831,MAP_PMU,95,0.005513462285964277
0,x_tcsc,1-14,-0.1314691568139195,84,-0.12867605302507776,MAP_PMU,95,0.002793103788841733
1,B_svc,2,0.2559160659376084,84,0.2549563532351921,MAP_PMU,95,0.0009597127024162933
2,UPFC_Vsh,5-15,1.1070676495243355,84,1.109770147574064,MAP_PMU,95,0.0027024980497285522
3,UPFC_tsh,5-15,-0.2353625517681241,84,-0.23526927092129804,MAP_PMU,95,9.328084682605486e-05
4,UPFC_Vse,5-15,0.06035733395058522,84,0.06024939015131792,MAP_PMU,95,0.00010794379926729741
5,UPFC_tse,5-15,-2.1619213407638105,84,-2.162688233567831,MAP_PMU,95,0.0007668928040205358
0,x_tcsc,1-14,-0.13142965967794001,85,-0.12867605302507776,MAP_PMU,95,0.002753606652862256
1,B_svc,2,0.255708634113828,85,0.2549563532351921,MAP_PMU,95,0.0007522808786358803
2,UPFC_Vsh,5-15,1.1066565472837677,85,1.109770147574064,MAP_PMU,95,0.003113600290296281
3,UPFC_tsh,5-15,-0.23544666730742705,85,-0.23526927092129804,MAP_PMU,95,0.00017739638612901398
4,UPFC_Vse,5-15,0.06071153410853638,85,0.06024939015131792,MAP_PMU,95,0.00046214395721845547
5,UPFC_tse,5-15,-2.1619882152270296,85,-2.162688233567831,MAP_PMU,95,0.0007000183408014671
0,x_tcsc,1-14,-0.1311367634387388,86,-0.12867605302507776,MAP_PMU,95,0.0024607104136610547
1,B_svc,2,0.25539660081579774,86,0.2549563532351921,MAP_PMU,95,0.00044024758060562386
2,UPFC_Vsh,5-15,1.1070391475165522,86,1.109770147574064,MAP_PMU,95,0.002731000057511812
3,UPFC_tsh,5-15,-0.23539823807739002,86,-0.23526927092129804,MAP_PMU,95,0.00012896715609198028
4,UPFC_Vse,5-15,0.06090017240942617,86,0.06024939015131792,MAP_PMU,95,0.0006507822581082456
5,UPFC_tse,5-15,-2.1667804295042328,86,-2.162688233567831,MAP_PMU,95,0.004092195936401755
0,x_tcsc,1-14,-0.13142082777445635,87,-0.12867605302507776,MAP_PMU,95,0.0027447747493785923
1,B_svc,2,0.2555797936436159,87,0.2549563532351921,MAP_PMU,95,0.0006234404084237699
2,UPFC_Vsh,5-15,1.1065807252516235,87,1.109770147574064,MAP_PMU,95,0.0031894223224404605
3,UPFC_tsh,5-15,-0.23542305113539158,87,-0.23526927092129804,MAP_PMU,95,0.0001537802140935407
4,UPFC_Vse,5-15,0.06108206299728201,87,0.06024939015131792,MAP_PMU,95,0.00083267284596409
5,UPFC_tse,5-15,-2.167818804217957,87,-2.162688233567831,MAP_PMU,95,0.005130570650126121
0,x_tcsc,1-14,-0.13163224798064674,88,-0.12867605302507776,MAP_PMU,95,0.0029561949555689804
1,B_svc,2,0.25526494700478847,88,0.2549563532351921,MAP_PMU,95,0.00030859376959635476
2,UPFC_Vsh,5-15,1.1067405670068895,88,1.109770147574064,MAP_PMU,95,0.0030295805671745057
3,UPFC_tsh,5-15,-0.23544323752727273,88,-0.23526927092129804,MAP_PMU,95,0.00017396660597468472
4,UPFC_Vse,5-15,0.060068506654045686,88,0.06024939015131792,MAP_PMU,95,0.00018088349727223701
5,UPFC_tse,5-15,-2.175529289164736,88,-2.162688233567831,MAP_PMU,95,0.012841055596905182
0,x_tcsc,1-14,-0.13115987132431361,89,-0.12867605302507776,MAP_PMU,95,0.002483818299235857
1,B_svc,2,0.25538218358770065,89,0.2549563532351921,MAP_PMU,95,0.0004258303525085383
2,UPFC_Vsh,5-15,1.1067388690628863,89,1.109770147574064,MAP_PMU,95,0.003031278511177682
3,UPFC_tsh,5-15,-0.23549419357742993,89,-0.23526927092129804,MAP_PMU,95,0.00022492265613188733
4,UPFC_Vse,5-15,0.06055411594760508,89,0.06024939015131792,MAP_PMU,95,0.00030472579628715996
5,UPFC_tse,5-15,-2.180104728116821,89,-2.162688233567831,MAP_PMU,95,0.01741649454899008
0,x_tcsc,1-14,-0.13133559489611515,90,-0.12867605302507776,MAP_PMU,95,0.0026595418710373964
1,B_svc,2,0.25639574987976627,90,0.2549563532351921,MAP_PMU,95,0.0014393966445741535
2,UPFC_Vsh,5-15,1.1065583711780262,90,1.109770147574064,MAP_PMU,95,0.0032117763960377577
3,UPFC_tsh,5-15,-0.23548754467439667,90,-0.23526927092129804,MAP_PMU,95,0.00021827375309863006
4,UPFC_Vse,5-15,0.060663743051582335,90,0.06024939015131792,MAP_PMU,95,0.0004143529002644114
5,UPFC_tse,5-15,-2.185450030863287,90,-2.162688233567831,MAP_PMU,95,0.02276179729545591
0,x_tcsc,1-14,-0.1314593669868512,91,-0.12867605302507776,MAP_PMU,95,0.002783313961773448
1,B_svc,2,0.2554223187984252,91,0.2549563532351921,MAP_PMU,95,0.0004659655632330839
2,UPFC_Vsh,5-15,1.1066190054241443,91,1.109770147574064,MAP_PMU,95,0.003151142149919739
3,UPFC_tsh,5-15,-0.23552369420153357,91,-0.23526927092129804,MAP_PMU,95,0.00025442328023553284
4,UPFC_Vse,5-15,0.06120009293958119,91,0.06024939015131792,MAP_PMU,95,0.0009507027882632649
5,UPFC_tse,5-15,-2.17189962944317,91,-2.162688233567831,MAP_PMU,95,0.009211395875338813
0,x_tcsc,1-14,-0.131283455439467,92,-0.12867605302507776,MAP_PMU,95,0.002607402414389254
1,B_svc,2,0.25581127059719244,92,0.2549563532351921,MAP_PMU,95,0.0008549173620003292
2,UPFC_Vsh,5-15,1.1067736478560661,92,1.109770147574064,MAP_PMU,95,0.002996499717997869
3,UPFC_tsh,5-15,-0.23546218884534498,92,-0.23526927092129804,MAP_PMU,95,0.00019291792404693697
4,UPFC_Vse,5-15,0.06079734878156942,92,0.06024939015131792,MAP_PMU,95,0.000547958630251498
5,UPFC_tse,5-15,-2.1600082370632956,92,-2.162688233567831,MAP_PMU,95,0.0026799965045354313
0,x_tcsc,1-14,-0.13197292862033794,93,-0.12867605302507776,MAP_PMU,95,0.003296875595260179
1,B_svc,2,0.2554282590988839,93,0.2549563532351921,MAP_PMU,95,0.00047190586369177945
2,UPFC_Vsh,5-15,1.106452104656176,93,1.109770147574064,MAP_PMU,95,0.0033180429178880644
3,UPFC_tsh,5-15,-0.23546055250820905,93,-0.23526927092129804,MAP_PMU,95,0.00019128158691100738
4,UPFC_Vse,5-15,0.06120930968837463,93,0.06024939015131792,MAP_PMU,95,0.0009599195370567082
5,UPFC_tse,5-15,-2.1676191655141834,93,-2.162688233567831,MAP_PMU,95,0.004930931946352413
0,x_tcsc,1-14,-0.13144431215902083,94,-0.12867605302507776,MAP_PMU,95,0.002768259133943074
1,B_svc,2,0.2554671361241805,94,0.2549563532351921,MAP_PMU,95,0.0005107828889883703
2,UPFC_Vsh,5-15,1.1068500678175424,94,1.109770147574064,MAP_PMU,95,0.002920079756521643
3,UPFC_tsh,5-15,-0.23548335411829782,94,-0.23526927092129804,MAP_PMU,95,0.0002140831969997814
4,UPFC_Vse,5-15,0.060329290111557916,94,0.06024939015131792,MAP_PMU,95,7.989996023999302e-05
5,UPFC_tse,5-15,-2.1746910738665437,94,-2.162688233567831,MAP_PMU,95,0.01200284029871268
0,x_tcsc,1-14,-0.13142415715325845,95,-0.12867605302507776,MAP_PMU,95,0.0027481041281806895
1,B_svc,2,0.25559428758392655,95,0.2549563532351921,MAP_PMU,95,0.0006379343487344369
2,UPFC_Vsh,5-15,1.106891119494094,95,1.109770147574064,MAP_PMU,95,0.0028790280799699808
3,UPFC_tsh,5-15,-0.2353754948341233,95,-0.23526927092129804,MAP_PMU,95,0.00010622391282524846
4,UPFC_Vse,5-15,0.06067210060982146,95,0.06024939015131792,MAP_PMU,95,0.0004227104585035335
5,UPFC_tse,5-15,-2.1730695774516815,95,-2.162688233567831,MAP_PMU,95,0.01038134388385048
0,x_tcsc,1-14,-0.13139803611707632,96,-0.12867605302507776,MAP_PMU,95,0.002721983091998559
1,B_svc,2,0.25625802370020145,96,0.2549563532351921,MAP_PMU,95,0.0013016704650093414
2,UPFC_Vsh,5-15,1.1064523077146076,96,1.109770147574064,MAP_PMU,95,0.0033178398594564396
3,UPFC_tsh,5-15,-0.2354202048529252,96,-0.23526927092129804,MAP_PMU,95,0.0001509339316271563
4,UPFC_Vse,5-15,0.06042282750963286,96,0.06024939015131792,MAP_PMU,95,0.00017343735831493873
5,UPFC_tse,5-15,-2.1706009132103197,96,-2.162688233567831,MAP_PMU,95,0.007912679642488651
0,x_tcsc,1-14,-0.13158358397090497,97,-0.12867605302507776,MAP_PMU,95,0.0029075309458272136
1,B_svc,2,0.2560316221183837,97,0.2549563532351921,MAP_PMU,95,0.0010752688831915935
2,UPFC_Vsh,5-15,1.1064438855591254,97,1.109770147574064,MAP_PMU,95,0.0033262620149385747
3,UPFC_tsh,5-15,-0.2355753617445809,97,-0.23526927092129804,MAP_PMU,95,0.0003060908232828674
4,UPFC_Vse,5-15,0.06066636639565182,97,0.06024939015131792,MAP_PMU,95,0.0004169762443338998
5,UPFC_tse,5-15,-2.183820883320221,97,-2.162688233567831,MAP_PMU,95,0.02113264975238982
0,x_tcsc,1-14,-0.13138718232147456,98,-0.12867605302507776,MAP_PMU,95,0.0027111292963968026
1,B_svc,2,0.25587823948736815,98,0.2549563532351921,MAP_PMU,95,0.0009218862521760407
2,UPFC_Vsh,5-15,1.1066234362055734,98,1.109770147574064,MAP_PMU,95,0.003146711368490651
3,UPFC_tsh,5-15,-0.23548414573589174,98,-0.23526927092129804,MAP_PMU,95,0.00021487481459370184
4,UPFC_Vse,5-15,0.0609156711493838,98,0.06024939015131792,MAP_PMU,95,0.0006662809980658782
5,UPFC_tse,5-15,-2.184197025515308,98,-2.162688233567831,MAP_PMU,95,0.02150879194747679
0,x_tcsc,1-14,-0.1312111757435261,99,-0.12867605302507776,MAP_PMU,95,0.0025351227184483294
1,B_svc,2,0.255530602825868,99,0.2549563532351921,MAP_PMU,95,0.0005742495906758682
2,UPFC_Vsh,5-15,1.1067227416072332,99,1.109770147574064,MAP_PMU,95,0.0030474059668308406
3,UPFC_tsh,5-15,-0.2354576533309452,99,-0.23526927092129804,MAP_PMU,95,0.00018838240964716424
4,UPFC_Vse,5-15,0.06084592370938095,99,0.06024939015131792,MAP_PMU,95,0.0005965335580630296
5,UPFC_tse,5-15,-2.170608856585444,99,-2.162688233567831,MAP_PMU,95,0.007920623017612982
0,x_tcsc,1-14,-0.1363834846308029,0,-0.1318415748844933,MAP_PMU,97,0.004541909746309608
1,B_svc,2,0.26803802340505006,0,0.2667130168128401,MAP_PMU,97,0.0013250065922099652
2,UPFC_Vsh,5-15,1.106097295051402,0,1.1082618909809656,MAP_PMU,97,0.0021645959295635286
3,UPFC_tsh,5-15,-0.23247084478896687,0,-0.2321895694025061,MAP_PMU,97,0.00028127538646077754
4,UPFC_Vse,5-15,0.06098342956561222,0,0.06083974456658839,MAP_PMU,97,0.00014368499902383397
5,UPFC_tse,5-15,-2.1876994704193624,0,-2.162680516533116,MAP_PMU,97,0.025018953886246198
0,x_tcsc,1-14,-0.1357115703114026,1,-0.1318415748844933,MAP_PMU,97,0.0038699954269093007
1,B_svc,2,0.2679770787588159,1,0.2667130168128401,MAP_PMU,97,0.0012640619459757807
2,UPFC_Vsh,5-15,1.1064295646988664,1,1.1082618909809656,MAP_PMU,97,0.0018323262820991726
3,UPFC_tsh,5-15,-0.23242367819055748,1,-0.2321895694025061,MAP_PMU,97,0.0002341087880513848
4,UPFC_Vse,5-15,0.06153467795523541,1,0.06083974456658839,MAP_PMU,97,0.0006949333886470191
5,UPFC_tse,5-15,-2.173464902681162,1,-2.162680516533116,MAP_PMU,97,0.010784386148045666
0,x_tcsc,1-14,-0.13551226322134047,2,-0.1318415748844933,MAP_PMU,97,0.0036706883368471666
1,B_svc,2,0.2675291753739258,2,0.2667130168128401,MAP_PMU,97,0.0008161585610856892
2,UPFC_Vsh,5-15,1.1062898240790895,2,1.1082618909809656,MAP_PMU,97,0.001972066901876124
3,UPFC_tsh,5-15,-0.2323190699536944,2,-0.2321895694025061,MAP_PMU,97,0.00012950055118829407
4,UPFC_Vse,5-15,0.06133071188994267,2,0.06083974456658839,MAP_PMU,97,0.0004909673233542827
5,UPFC_tse,5-15,-2.165590496231212,2,-2.162680516533116,MAP_PMU,97,0.0029099796980958104
0,x_tcsc,1-14,-0.13532007353646064,3,-0.1318415748844933,MAP_PMU,97,0.0034784986519673378
1,B_svc,2,0.26805662000978253,3,0.2667130168128401,MAP_PMU,97,0.0013436031969424334
2,UPFC_Vsh,5-15,1.106300010156058,3,1.1082618909809656,MAP_PMU,97,0.001961880824907558
3,UPFC_tsh,5-15,-0.2325041876525532,3,-0.2321895694025061,MAP_PMU,97,0.00031461825004711064
4,UPFC_Vse,5-15,0.061420586934906755,3,0.06083974456658839,MAP_PMU,97,0.0005808423683183669
5,UPFC_tse,5-15,-2.172591479082302,3,-2.162680516533116,MAP_PMU,97,0.009910962549185776
0,x_tcsc,1-14,-0.13552552893870717,4,-0.1318415748844933,MAP_PMU,97,0.0036839540542138727
1,B_svc,2,0.26881934865873713,4,0.2667130168128401,MAP_PMU,97,0.002106331845897036
2,UPFC_Vsh,5-15,1.105861262883469,4,1.1082618909809656,MAP_PMU,97,0.0024006280974966376
3,UPFC_tsh,5-15,-0.2324464567132254,4,-0.2321895694025061,MAP_PMU,97,0.0002568873107192948
4,UPFC_Vse,5-15,0.0615111854074306,4,0.06083974456658839,MAP_PMU,97,0.0006714408408422107
5,UPFC_tse,5-15,-2.191554605214116,4,-2.162680516533116,MAP_PMU,97,0.028874088680999943
0,x_tcsc,1-14,-0.1357317325345668,5,-0.1318415748844933,MAP_PMU,97,0.0038901576500735002
1,B_svc,2,0.26760475098975883,5,0.2667130168128401,MAP_PMU,97,0.0008917341769187348
2,UPFC_Vsh,5-15,1.1060233915121924,5,1.1082618909809656,MAP_PMU,97,0.002238499468773192
3,UPFC_tsh,5-15,-0.23252943835970802,5,-0.2321895694025061,MAP_PMU,97,0.000339868957201922
4,UPFC_Vse,5-15,0.06160219062080301,5,0.06083974456658839,MAP_PMU,97,0.0007624460542146189
5,UPFC_tse,5-15,-2.1905368187322676,5,-2.162680516533116,MAP_PMU,97,0.02785630219915136
0,x_tcsc,1-14,-0.13535401319934298,6,-0.1318415748844933,MAP_PMU,97,0.0035124383148496807
1,B_svc,2,0.26792619062503137,6,0.2667130168128401,MAP_PMU,97,0.0012131738121912705
2,UPFC_Vsh,5-15,1.1066405587764472,6,1.1082618909809656,MAP_PMU,97,0.001621332204518433
3,UPFC_tsh,5-15,-0.23238241996874953,6,-0.2321895694025061,MAP_PMU,97,0.00019285056624343544
4,UPFC_Vse,5-15,0.06063919703866818,6,0.06083974456658839,MAP_PMU,97,0.00020054752792020986
5,UPFC_tse,5-15,-2.174970231058262,6,-2.162680516533116,MAP_PMU,97,0.012289714525145712
0,x_tcsc,1-14,-0.13516920898013712,7,-0.1318415748844933,MAP_PMU,97,0.003327634095643822
1,B_svc,2,0.26780783552018594,7,0.2667130168128401,MAP_PMU,97,0.001094818707345846
2,UPFC_Vsh,5-15,1.106604398024179,7,1.1082618909809656,MAP_PMU,97,0.0016574929567865215
3,UPFC_tsh,5-15,-0.2323831114262008,7,-0.2321895694025061,MAP_PMU,97,0.00019354202369470386
4,UPFC_Vse,5-15,0.06118524277680316,7,0.06083974456658839,MAP_PMU,97,0.00034549821021476884
5,UPFC_tse,5-15,-2.1728976303288006,7,-2.162680516533116,MAP_PMU,97,0.010217113795684352
0,x_tcsc,1-14,-0.13529514164675172,8,-0.1318415748844933,MAP_PMU,97,0.0034535667622584143
1,B_svc,2,0.26788865862596917,8,0.2667130168128401,MAP_PMU,97,0.0011756418131290691
2,UPFC_Vsh,5-15,1.1063637608315067,8,1.1082618909809656,MAP_PMU,97,0.001898130149458943
3,UPFC_tsh,5-15,-0.23242253497036794,8,-0.2321895694025061,MAP_PMU,97,0.00023296556786184253
4,UPFC_Vse,5-15,0.060880359211342265,8,0.06083974456658839,MAP_PMU,97,4.0614644753876605e-05
5,UPFC_tse,5-15,-2.175267915442196,8,-2.162680516533116,MAP_PMU,97,0.012587398909079894
0,x_tcsc,1-14,-0.13562049276200497,9,-0.1318415748844933,MAP_PMU,97,0.003778917877511667
1,B_svc,2,0.26810987191493435,9,0.2667130168128401,MAP_PMU,97,0.0013968551020942521
2,UPFC_Vsh,5-15,1.105931966423187,9,1.1082618909809656,MAP_PMU,97,0.0023299245577785843
3,UPFC_tsh,5-15,-0.23242189115426082,9,-0.2321895694025061,MAP_PMU,97,0.00023232175175472158
4,UPFC_Vse,5-15,0.06159239141582739,9,0.06083974456658839,MAP_PMU,97,0.0007526468492390012
5,UPFC_tse,5-15,-2.173341506973588,9,-2.162680516533116,MAP_PMU,97,0.010660990440471974
0,x_tcsc,1-14,-0.1356241805288126,10,-0.1318415748844933,MAP_PMU,97,0.003782605644319287
1,B_svc,2,0.2676721568691411,10,0.2667130168128401,MAP_PMU,97,0.0009591400563009889
2,UPFC_Vsh,5-15,1.1065448821019883,10,1.1082618909809656,MAP_PMU,97,0.0017170088789772997
3,UPFC_tsh,5-15,-0.23241493906023758,10,-0.2321895694025061,MAP_PMU,97,0.00022536965773148343
4,UPFC_Vse,5-15,0.06162459711195366,10,0.06083974456658839,MAP_PMU,97,0.0007848525453652694
5,UPFC_tse,5-15,-2.1670287007188316,10,-2.162680516533116,MAP_PMU,97,0.004348184185715365
0,x_tcsc,1-14,-0.13557624873511095,11,-0.1318415748844933,MAP_PMU,97,0.0037346738506176536
1,B_svc,2,0.2684178319009876,11,0.2667130168128401,MAP_PMU,97,0.0017048150881475155
2,UPFC_Vsh,5-15,1.106099806551336,11,1.1082618909809656,MAP_PMU,97,0.002162084429629507
3,UPFC_tsh,5-15,-0.2325395923761469,11,-0.2321895694025061,MAP_PMU,97,0.00035002297364081225
4,UPFC_Vse,5-15,0.061485252277670245,11,0.06083974456658839,MAP_PMU,97,0.0006455077110818566
5,UPFC_tse,5-15,-2.181458006204943,11,-2.162680516533116,MAP_PMU,97,0.018777489671826686
0,x_tcsc,1-14,-0.13525447604599608,12,-0.1318415748844933,MAP_PMU,97,0.0034129011615027793
1,B_svc,2,0.2673993822265154,12,0.2667130168128401,MAP_PMU,97,0.0006863654136752828
2,UPFC_Vsh,5-15,1.1065462026793058,12,1.1082618909809656,MAP_PMU,97,0.0017156883016598012
3,UPFC_tsh,5-15,-0.2323953615090183,12,-0.2321895694025061,MAP_PMU,97,0.00020579210651219815
4,UPFC_Vse,5-15,0.061697698060441855,12,0.06083974456658839,MAP_PMU,97,0.0008579534938534666
5,UPFC_tse,5-15,-2.1678595680895127,12,-2.162680516533116,MAP_PMU,97,0.00517905155639653
0,x_tcsc,1-14,-0.13545787412820065,13,-0.1318415748844933,MAP_PMU,97,0.0036162992437073493
1,B_svc,2,0.26791556888519924,13,0.2667130168128401,MAP_PMU,97,0.001202552072359142
2,UPFC_Vsh,5-15,1.1062661241895393,13,1.1082618909809656,MAP_PMU,97,0.0019957667914263233
3,UPFC_tsh,5-15,-0.2324070948226075,13,-0.2321895694025061,MAP_PMU,97,0.0002175254201013943
4,UPFC_Vse,5-15,0.06086093178816382,13,0.06083974456658839,MAP_PMU,97,2.1187221575430515e-05
5,UPFC_tse,5-15,-2.1722334212548895,13,-2.162680516533116,MAP_PMU,97,0.009552904721773281
0,x_tcsc,1-14,-0.1352253164079918,14,-0.1318415748844933,MAP_PMU,97,0.0033837415234984902
1,B_svc,2,0.2679960654807017,14,0.2667130168128401,MAP_PMU,97,0.0012830486678616082
2,UPFC_Vsh,5-15,1.106268087814261,14,1.1082618909809656,MAP_PMU,97,0.0019938031667046108
3,UPFC_tsh,5-15,-0.2324756348137411,14,-0.2321895694025061,MAP_PMU,97,0.0002860654112349925
4,UPFC_Vse,5-15,0.06133757029125079,14,0.06083974456658839,MAP_PMU,97,0.0004978257246623999
5,UPFC_tse,5-15,-2.1831483156303277,14,-2.162680516533116,MAP_PMU,97,0.020467799097211525
0,x_tcsc,1-14,-0.13526979895792224,15,-0.1318415748844933,MAP_PMU,97,0.003428224073428937
1,B_svc,2,0.26767949216894527,15,0.2667130168128401,MAP_PMU,97,0.0009664753561051675
2,UPFC_Vsh,5-15,1.1062597032837416,15,1.1082618909809656,MAP_PMU,97,0.002002187697224045
3,UPFC_tsh,5-15,-0.23238616696241668,15,-0.2321895694025061,MAP_PMU,97,0.00019659755991058292
4,UPFC_Vse,5-15,0.06079102217961275,15,0.06083974456658839,MAP_PMU,97,4.8722386975640075e-05
5,UPFC_tse,5-15,-2.175945389644059,15,-2.162680516533116,MAP_PMU,97,0.013264873110942599
0,x_tcsc,1-14,-0.13540510522665403,16,-0.1318415748844933,MAP_PMU,97,0.0035635303421607256
1,B_svc,2,0.268180899414391,16,0.2667130168128401,MAP_PMU,97,0.0014678826015508961
2,UPFC_Vsh,5-15,1.1061555623155717,16,1.1082618909809656,MAP_PMU,97,0.002106328665393953
3,UPFC_tsh,5-15,-0.23241638648704643,16,-0.2321895694025061,MAP_PMU,97,0.00022681708454033722
4,UPFC_Vse,5-15,0.061427644413375455,16,0.06083974456658839,MAP_PMU,97,0.0005878998467870669
5,UPFC_tse,5-15,-2.1765246762249184,16,-2.162680516533116,MAP_PMU,97,0.013844159691802194
0,x_tcsc,1-14,-0.13551177883397367,17,-0.1318415748844933,MAP_PMU,97,0.003670203949480366
1,B_svc,2,0.26789522595299325,17,0.2667130168128401,MAP_PMU,97,0.0011822091401531565
2,UPFC_Vsh,5-15,1.1063910101869385,17,1.1082618909809656,MAP_PMU,97,0.0018708807940270855
3,UPFC_tsh,5-15,-0.2324306591719206,17,-0.2321895694025061,MAP_PMU,97,0.00024108976941450422
4,UPFC_Vse,5-15,0.061029811926952865,17,0.06083974456658839,MAP_PMU,97,0.00019006736036447647
5,UPFC_tse,5-15,-2.1631442509154666,17,-2.162680516533116,MAP_PMU,97,0.000463734382350367
0,x_tcsc,1-14,-0.13567711113719275,18,-0.1318415748844933,MAP_PMU,97,0.003835536252699445
1,B_svc,2,0.2680449790062085,18,0.2667130168128401,MAP_PMU,97,0.0013319621933683967
2,UPFC_Vsh,5-15,1.1064401483965403,18,1.1082618909809656,MAP_PMU,97,0.0018217425844253565
3,UPFC_tsh,5-15,-0.2324341480800499,18,-0.2321895694025061,MAP_PMU,97,0.00024457867754379414
4,UPFC_Vse,5-15,0.061043240485871786,18,0.06083974456658839,MAP_PMU,97,0.00020349591928339739
5,UPFC_tse,5-15,-2.175153623113442,18,-2.162680516533116,MAP_PMU,97,0.012473106580325855
0,x_tcsc,1-14,-0.1358940653210755,19,-0.1318415748844933,MAP_PMU,97,0.004052490436582207
1,B_svc,2,0.26745755807901,19,0.2667130168128401,MAP_PMU,97,0.0007445412661699069
2,UPFC_Vsh,5-15,1.1063113969467426,19,1.1082618909809656,MAP_PMU,97,0.0019504940342229826
3,UPFC_tsh,5-15,-0.23242566349863736,19,-0.2321895694025061,MAP_PMU,97,0.00023609409613126187
4,UPFC_Vse,5-15,0.061307833985497724,19,0.06083974456658839,MAP_PMU,97,0.0004680894189093357
5,UPFC_tse,5-15,-2.1733429111291707,19,-2.162680516533116,MAP_PMU,97,0.010662394596054448
0,x_tcsc,1-14,-0.13532525488691433,20,-0.1318415748844933,MAP_PMU,97,0.0034836800024210246
1,B_svc,2,0.2677216548171424,20,0.2667130168128401,MAP_PMU,97,0.001008638004302287
2,UPFC_Vsh,5-15,1.1068617092254365,20,1.1082618909809656,MAP_PMU,97,0.0014001817555291396
3,UPFC_tsh,5-15,-0.23236893332353273,20,-0.2321895694025061,MAP_PMU,97,0.0001793639210266318
4,UPFC_Vse,5-15,0.060847961335766185,20,0.06083974456658839,MAP_PMU,97,8.216769177796235e-06
5,UPFC_tse,5-15,-2.1613728797425136,20,-2.162680516533116,MAP_PMU,97,0.0013076367906026398
0,x_tcsc,1-14,-0.13564641214084677,21,-0.1318415748844933,MAP_PMU,97,0.0038048372563534716
1,B_svc,2,0.2677967606530238,21,0.2667130168128401,MAP_PMU,97,0.0010837438401837263
2,UPFC_Vsh,5-15,1.1062256151871408,21,1.1082618909809656,MAP_PMU,97,0.0020362757938248155
3,UPFC_tsh,5-15,-0.2324440565183894,21,-0.2321895694025061,MAP_PMU,97,0.00025448711588330064
4,UPFC_Vse,5-15,0.06093884681355464,21,0.06083974456658839,MAP_PMU,97,9.910224696624975e-05
5,UPFC_tse,5-15,-2.1794410799982145,21,-2.162680516533116,MAP_PMU,97,0.016760563465098244
0,x_tcsc,1-14,-0.13548799792004937,22,-0.1318415748844933,MAP_PMU,97,0.003646423035556068
1,B_svc,2,0.2680960390595976,22,0.2667130168128401,MAP_PMU,97,0.0013830222467575148
2,UPFC_Vsh,5-15,1.1064853096262877,22,1.1082618909809656,MAP_PMU,97,0.001776581354677953
3,UPFC_tsh,5-15,-0.23237577484111133,22,-0.2321895694025061,MAP_PMU,97,0.0001862054386052303
4,UPFC_Vse,5-15,0.06087264935335565,22,0.06083974456658839,MAP_PMU,97,3.290478676726272e-05
5,UPFC_tse,5-15,-2.177628086787807,22,-2.162680516533116,MAP_PMU,97,0.014947570254690845
0,x_tcsc,1-14,-0.13621120122317382,23,-0.1318415748844933,MAP_PMU,97,0.004369626338680516
1,B_svc,2,0.2681808540005703,23,0.2667130168128401,MAP_PMU,97,0.0014678371877301921
2,UPFC_Vsh,5-15,1.1059773193318787,23,1.1082618909809656,MAP_PMU,97,0.0022845716490869084
3,UPFC_tsh,5-15,-0.23249313630068683,23,-0.2321895694025061,MAP_PMU,97,0.00030356689818072935
4,UPFC_Vse,5-15,0.06126444989269759,23,0.06083974456658839,MAP_PMU,97,0.0004247053261091996
5,UPFC_tse,5-15,-2.1810776763506814,23,-2.162680516533116,MAP_PMU,97,0.01839715981756518
0,x_tcsc,1-14,-0.13528496717004013,24,-0.1318415748844933,MAP_PMU,97,0.0034433922855468257
1,B_svc,2,0.26788707377885357,24,0.2667130168128401,MAP_PMU,97,0.0011740569660134703
2,UPFC_Vsh,5-15,1.1065525827471419,24,1.1082618909809656,MAP_PMU,97,0.0017093082338237586
3,UPFC_tsh,5-15,-0.23241429675231287,24,-0.2321895694025061,MAP_PMU,97,0.00022472734980677478
4,UPFC_Vse,5-15,0.06102762097838073,24,0.06083974456658839,MAP_PMU,97,0.00018787641179233983
5,UPFC_tse,5-15,-2.1771608812455208,24,-2.162680516533116,MAP_PMU,97,0.014480364712404548
0,x_tcsc,1-14,-0.13541080410165593,25,-0.1318415748844933,MAP_PMU,97,0.0035692292171626283
1,B_svc,2,0.2676754289220416,25,0.2667130168128401,MAP_PMU,97,0.0009624121092015048
2,UPFC_Vsh,5-15,1.1063750576592382,25,1.1082618909809656,MAP_PMU,97,0.0018868333217274547
3,UPFC_tsh,5-15,-0.23247654910854856,25,-0.2321895694025061,MAP_PMU,97,0.00028697970604246725
4,UPFC_Vse,5-15,0.06112829358400528,25,0.06083974456658839,MAP_PMU,97,0.00028854901741689337
5,UPFC_tse,5-15,-2.1690575366939524,25,-2.162680516533116,MAP_PMU,97,0.006377020160836189
0,x_tcsc,1-14,-0.1356540955097159,26,-0.1318415748844933,MAP_PMU,97,0.0038125206252226096
1,B_svc,2,0.26810705500463544,26,0.2667130168128401,MAP_PMU,97,0.0013940381917953437
2,UPFC_Vsh,5-15,1.1061830168062086,26,1.1082618909809656,MAP_PMU,97,0.0020788741747570505
3,UPFC_tsh,5-15,-0.23248032658066622,26,-0.2321895694025061,MAP_PMU,97,0.00029075717816012814
4,UPFC_Vse,5-15,0.06157646090962649,26,0.06083974456658839,MAP_PMU,97,0.0007367163430381032
5,UPFC_tse,5-15,-2.1798885406987023,26,-2.162680516533116,MAP_PMU,97,0.01720802416558609
0,x_tcsc,1-14,-0.13583731097875154,27,-0.1318415748844933,MAP_PMU,97,0.00399573609425824
1,B_svc,2,0.2683136832247922,27,0.2667130168128401,MAP_PMU,97,0.001600666411952112
2,UPFC_Vsh,5-15,1.1062684877920574,27,1.1082618909809656,MAP_PMU,97,0.0019934031889081716
3,UPFC_tsh,5-15,-0.23242535714596765,27,-0.2321895694025061,MAP_PMU,97,0.0002357877434615574
4,UPFC_Vse,5-15,0.061602045986307544,27,0.06083974456658839,MAP_PMU,97,0.0007623014197191552
5,UPFC_tse,5-15,-2.185685593900701,27,-2.162680516533116,MAP_PMU,97,0.023005077367584725
0,x_tcsc,1-14,-0.13587162158709196,28,-0.1318415748844933,MAP_PMU,97,0.004030046702598655
1,B_svc,2,0.26781694821476093,28,0.2667130168128401,MAP_PMU,97,0.0011039314019208324
2,UPFC_Vsh,5-15,1.1062873951224077,28,1.1082618909809656,MAP_PMU,97,0.001974495858557912
3,UPFC_tsh,5-15,-0.2324944614525162,28,-0.2321895694025061,MAP_PMU,97,0.0003048920500101082
4,UPFC_Vse,5-15,0.06131172475981714,28,0.06083974456658839,MAP_PMU,97,0.0004719801932287493
5,UPFC_tse,5-15,-2.1765052329181134,28,-2.162680516533116,MAP_PMU,97,0.01382471638499716
0,x_tcsc,1-14,-0.1357720293427734,29,-0.1318415748844933,MAP_PMU,97,0.003930454458280108
1,B_svc,2,0.2676720622463846,29,0.2667130168128401,MAP_PMU,97,0.0009590454335445253
2,UPFC_Vsh,5-15,1.106052883635335,29,1.1082618909809656,MAP_PMU,97,0.002209007345630676
3,UPFC_tsh,5-15,-0.23245223312369406,29,-0.2321895694025061,MAP_PMU,97,0.00026266372118796677
4,UPFC_Vse,5-15,0.061462469546593484,29,0.06083974456658839,MAP_PMU,97,0.000622724980005096
5,UPFC_tse,5-15,-2.1717443404695858,29,-2.162680516533116,MAP_PMU,97,0.00906382393646954
0,x_tcsc,1-14,-0.13576767525976477,30,-0.1318415748844933,MAP_PMU,97,0.0039261003752714685
1,B_svc,2,0.26729804534537543,30,0.2667130168128401,MAP_PMU,97,0.0005850285325353366
2,UPFC_Vsh,5-15,1.1062877992329248,30,1.1082618909809656,MAP_PMU,97,0.0019740917480408626
3,UPFC_tsh,5-15,-0.2324199462142916,30,-0.2321895694025061,MAP_PMU,97,0.0002303768117855043
4,UPFC_Vse,5-15,0.060937016886940115,30,0.06083974456658839,MAP_PMU,97,9.727232035172673e-05
5,UPFC_tse,5-15,-2.175919887791517,30,-2.162680516533116,MAP_PMU,97,0.013239371258400912
0,x_tcsc,1-14,-0.1354765876167683,31,-0.1318415748844933,MAP_PMU,97,0.0036350127322750114
1,B_svc,2,0.26808390128384263,31,0.2667130168128401,MAP_PMU,97,0.0013708844710025314
2,UPFC_Vsh,5-15,1.1062600306381183,31,1.1082618909809656,MAP_PMU,97,0.002001860342847328
3,UPFC_tsh,5-15,-0.2324390905888999,31,-0.2321895694025061,MAP_PMU,97,0.00024952118639379184
4,UPFC_Vse,5-15,0.06096952717943325,31,0.06083974456658839,MAP_PMU,97,0.0001297826128448601
5,UPFC_tse,5-15,-2.168887781658827,31,-2.162680516533116,MAP_PMU,97,0.00620726512571057
0,x_tcsc,1-14,-0.13621665283931728,32,-0.1318415748844933,MAP_PMU,97,0.004375077954823975
1,B_svc,2,0.26783092200243513,32,0.2667130168128401,MAP_PMU,97,0.0011179051895950365
2,UPFC_Vsh,5-15,1.1060886826507075,32,1.1082618909809656,MAP_PMU,97,0.002173208330258136
3,UPFC_tsh,5-15,-0.23253856642294451,32,-0.2321895694025061,MAP_PMU,97,0.0003489970204384185
4,UPFC_Vse,5-15,0.06120982617911753,32,0.06083974456658839,MAP_PMU,97,0.0003700816125291398
5,UPFC_tse,5-15,-2.1803135901351705,32,-2.162680516533116,MAP_PMU,97,0.01763307360205424
0,x_tcsc,1-14,-0.13573393277332713,33,-0.1318415748844933,MAP_PMU,97,0.003892357888833825
1,B_svc,2,0.26818635393780943,33,0.2667130168128401,MAP_PMU,97,0.0014733371249693317
2,UPFC_Vsh,5-15,1.10633115998745,33,1.1082618909809656,MAP_PMU,97,0.0019307309935157058
3,UPFC_tsh,5-15,-0.2324693115885845,33,-0.2321895694025061,MAP_PMU,97,0.0002797421860784022
4,UPFC_Vse,5-15,0.06117154816879654,33,0.06083974456658839,MAP_PMU,97,0.00033180360220814997
5,UPFC_tse,5-15,-2.178660255872035,33,-2.162680516533116,MAP_PMU,97,0.01597973933891872
0,x_tcsc,1-14,-0.1360749327872564,34,-0.1318415748844933,MAP_PMU,97,0.004233357902763107
1,B_svc,2,0.2672513347598215,34,0.2667130168128401,MAP_PMU,97,0.0005383179469813926
2,UPFC_Vsh,5-15,1.1061938533119866,34,1.1082618909809656,MAP_PMU,97,0.002068037668979006
3,UPFC_tsh,5-15,-0.2324361848474593,34,-0.2321895694025061,MAP_PMU,97,0.000246615444953191
4,UPFC_Vse,5-15,0.06113572611750504,34,0.06083974456658839,MAP_PMU,97,0.0002959815509166533
5,UPFC_tse,5-15,-2.1732235516014033,34,-2.162680516533116,MAP_PMU,97,0.010543035068287132
0,x_tcsc,1-14,-0.13534036142549977,35,-0.1318415748844933,MAP_PMU,97,0.0034987865410064656
1,B_svc,2,0.267889374195703,35,0.2667130168128401,MAP_PMU,97,0.0011763573828629248
2,UPFC_Vsh,5-15,1.106616030336034,35,1.1082618909809656,MAP_PMU,97,0.0016458606449316626
3,UPFC_tsh,5-15,-0.23241775049295085,35,-0.2321895694025061,MAP_PMU,97,0.00022818109044475676
4,UPFC_Vse,5-15,0.06119897018869472,35,0.06083974456658839,MAP_PMU,97,0.00035922562210632947
5,UPFC_tse,5-15,-2.1710040118190608,35,-2.162680516533116,MAP_PMU,97,0.00832349528594456
0,x_tcsc,1-14,-0.13503324057891272,36,-0.1318415748844933,MAP_PMU,97,0.003191665694419421
1,B_svc,2,0.2675982462545388,36,0.2667130168128401,MAP_PMU,97,0.0008852294416987205
2,UPFC_Vsh,5-15,1.1069166140966242,36,1.1082618909809656,MAP_PMU,97,0.0013452768843413843
3,UPFC_tsh,5-15,-0.23243088860988406,36,-0.2321895694025061,MAP_PMU,97,0.00024131920737796575
4,UPFC_Vse,5-15,0.061252771998220275,36,0.06083974456658839,MAP_PMU,97,0.0004130274316318863
5,UPFC_tse,5-15,-2.166326995593438,36,-2.162680516533116,MAP_PMU,97,0.0036464790603218944
0,x_tcsc,1-14,-0.13537851083342414,37,-0.1318415748844933,MAP_PMU,97,0.0035369359489308416
1,B_svc,2,0.2679999800899811,37,0.2667130168128401,MAP_PMU,97,0.0012869632771410067
2,UPFC_Vsh,5-15,1.1064778281547205,37,1.1082618909809656,MAP_PMU,97,0.001784062826245103
3,UPFC_tsh,5-15,-0.2324162306637489,37,-0.2321895694025061,MAP_PMU,97,0.0002266612612427943
4,UPFC_Vse,5-15,0.06045686685735318,37,0.06083974456658839,MAP_PMU,97,0.000382877709235209
5,UPFC_tse,5-15,-2.17984693090377,37,-2.162680516533116,MAP_PMU,97,0.017166414370653804
0,x_tcsc,1-14,-0.1356204935605252,38,-0.1318415748844933,MAP_PMU,97,0.0037789186760318894
1,B_svc,2,0.26752521781734867,38,0.2667130168128401,MAP_PMU,97,0.0008122010045085726
2,UPFC_Vsh,5-15,1.1066158194542184,38,1.1082618909809656,MAP_PMU,97,0.0016460715267472281
3,UPFC_tsh,5-15,-0.23238340084062004,38,-0.2321895694025061,MAP_PMU,97,0.00019383143811393944
4,UPFC_Vse,5-15,0.0613267244862076,38,0.06083974456658839,MAP_PMU,97,0.0004869799196192126
5,UPFC_tse,5-15,-2.174350377582335,38,-2.162680516533116,MAP_PMU,97,0.011669861049218966
0,x_tcsc,1-14,-0.13529574199682906,39,-0.1318415748844933,MAP_PMU,97,0.00345416711233576
1,B_svc,2,0.26821945133072195,39,0.2667130168128401,MAP_PMU,97,0.0015064345178818495
2,UPFC_Vsh,5-15,1.1062998628854912,39,1.1082618909809656,MAP_PMU,97,0.0019620280954744107
3,UPFC_tsh,5-15,-0.23238342943215745,39,-0.2321895694025061,MAP_PMU,97,0.00019386002965135485
4,UPFC_Vse,5-15,0.061156101016464494,39,0.06083974456658839,MAP_PMU,97,0.0003163564498761054
5,UPFC_tse,5-15,-2.174988543122922,39,-2.162680516533116,MAP_PMU,97,0.012308026589805898
0,x_tcsc,1-14,-0.13513861687195095,40,-0.1318415748844933,MAP_PMU,97,0.003297041987457644
1,B_svc,2,0.2675773566210995,40,0.2667130168128401,MAP_PMU,97,0.0008643398082593956
2,UPFC_Vsh,5-15,1.1065651364009566,40,1.1082618909809656,MAP_PMU,97,0.0016967545800090633
3,UPFC_tsh,5-15,-0.23230873289589363,40,-0.2321895694025061,MAP_PMU,97,0.00011916349338753074
4,UPFC_Vse,5-15,0.061017653139331406,40,0.06083974456658839,MAP_PMU,97,0.00017790857274301713
5,UPFC_tse,5-15,-2.160906503467072,40,-2.162680516533116,MAP_PMU,97,0.0017740130660444109
0,x_tcsc,1-14,-0.13600603339904196,41,-0.1318415748844933,MAP_PMU,97,0.0041644585145486634
1,B_svc,2,0.2683326290820836,41,0.2667130168128401,MAP_PMU,97,0.0016196122692435089
2,UPFC_Vsh,5-15,1.1063812116239655,41,1.1082618909809656,MAP_PMU,97,0.0018806793570000924
3,UPFC_tsh,5-15,-0.23248743566884028,41,-0.2321895694025061,MAP_PMU,97,0.00029786626633418467
4,UPFC_Vse,5-15,0.06122263275870375,41,0.06083974456658839,MAP_PMU,97,0.0003828881921153632
5,UPFC_tse,5-15,-2.1732029868719076,41,-2.162680516533116,MAP_PMU,97,0.01052247033879139
0,x_tcsc,1-14,-0.13567169891374023,42,-0.1318415748844933,MAP_PMU,97,0.0038301240292469285
1,B_svc,2,0.26799638817436994,42,0.2667130168128401,MAP_PMU,97,0.0012833713615298392
2,UPFC_Vsh,5-15,1.1058339351198427,42,1.1082618909809656,MAP_PMU,97,0.002427955861122877
3,UPFC_tsh,5-15,-0.23246717107810017,42,-0.2321895694025061,MAP_PMU,97,0.0002776016755940691
4,UPFC_Vse,5-15,0.06119004345956117,42,0.06083974456658839,MAP_PMU,97,0.0003502988929727849
5,UPFC_tse,5-15,-2.1676707278336464,42,-2.162680516533116,MAP_PMU,97,0.004990211300530234
0,x_tcsc,1-14,-0.13545265183089672,43,-0.1318415748844933,MAP_PMU,97,0.0036110769464034187
1,B_svc,2,0.26746836736839696,43,0.2667130168128401,MAP_PMU,97,0.0007553505555568663
2,UPFC_Vsh,5-15,1.1061576409976983,43,1.1082618909809656,MAP_PMU,97,0.0021042499832673034
3,UPFC_tsh,5-15,-0.23244630431317592,43,-0.2321895694025061,MAP_PMU,97,0.0002567349106698258
4,UPFC_Vse,5-15,0.06130220296582829,43,0.06083974456658839,MAP_PMU,97,0.00046245839923990395
5,UPFC_tse,5-15,-2.175078524802025,43,-2.162680516533116,MAP_PMU,97,0.0123980082689088
0,x_tcsc,1-14,-0.13553903361314457,44,-0.1318415748844933,MAP_PMU,97,0.003697458728651265
1,B_svc,2,0.2676217587820289,44,0.2667130168128401,MAP_PMU,97,0.0009087419691887755
2,UPFC_Vsh,5-15,1.106340793233477,44,1.1082618909809656,MAP_PMU,97,0.0019210977474886093
3,UPFC_tsh,5-15,-0.23245932230519692,44,-0.2321895694025061,MAP_PMU,97,0.00026975290269082297
4,UPFC_Vse,5-15,0.06095526505721892,44,0.06083974456658839,MAP_PMU,97,0.00011552049063053016
5,UPFC_tse,5-15,-2.186590104407332,44,-2.162680516533116,MAP_PMU,97,0.02390958787421571
0,x_tcsc,1-14,-0.13535980285826657,45,-0.1318415748844933,MAP_PMU,97,0.003518227973773269
1,B_svc,2,0.2677773104027658,45,0.2667130168128401,MAP_PMU,97,0.0010642935899257133
2,UPFC_Vsh,5-15,1.1064869593187816,45,1.1082618909809656,MAP_PMU,97,0.0017749316621840094
3,UPFC_tsh,5-15,-0.2324295485668061,45,-0.2321895694025061,MAP_PMU,97,0.00023997916429999155
4,UPFC_Vse,5-15,0.06105853806659572,45,0.06083974456658839,MAP_PMU,97,0.00021879350000732906
5,UPFC_tse,5-15,-2.173241833624122,45,-2.162680516533116,MAP_PMU,97,0.01056131709100594
0,x_tcsc,1-14,-0.13546724254427356,46,-0.1318415748844933,MAP_PMU,97,0.0036256676597802573
1,B_svc,2,0.2681533927283579,46,0.2667130168128401,MAP_PMU,97,0.001440375915517822
2,UPFC_Vsh,5-15,1.1063821561713492,46,1.1082618909809656,MAP_PMU,97,0.0018797348096164512
3,UPFC_tsh,5-15,-0.23251058370312766,46,-0.2321895694025061,MAP_PMU,97,0.0003210143006215638
4,UPFC_Vse,5-15,0.06167793862537656,46,0.06083974456658839,MAP_PMU,97,0.0008381940587881692
5,UPFC_tse,5-15,-2.1875834365990334,46,-2.162680516533116,MAP_PMU,97,0.02490292006591721
0,x_tcsc,1-14,-0.13544735420766701,47,-0.1318415748844933,MAP_PMU,97,0.0036057793231737134
1,B_svc,2,0.2677966206825777,47,0.2667130168128401,MAP_PMU,97,0.0010836038697376038
2,UPFC_Vsh,5-15,1.1059888085761438,47,1.1082618909809656,MAP_PMU,97,0.0022730824048218246
3,UPFC_tsh,5-15,-0.23236972885021306,47,-0.2321895694025061,MAP_PMU,97,0.0001801594477069679
4,UPFC_Vse,5-15,0.06122460694495934,47,0.06083974456658839,MAP_PMU,97,0.00038486237837095233
5,UPFC_tse,5-15,-2.1820890443614056,47,-2.162680516533116,MAP_PMU,97,0.01940852782828939
0,x_tcsc,1-14,-0.1356357480677001,48,-0.1318415748844933,MAP_PMU,97,0.003794173183206795
1,B_svc,2,0.26776217175485467,48,0.2667130168128401,MAP_PMU,97,0.001049154942014574
2,UPFC_Vsh,5-15,1.1063270696519327,48,1.1082618909809656,MAP_PMU,97,0.0019348213290328875
3,UPFC_tsh,5-15,-0.23247766654008076,48,-0.2321895694025061,MAP_PMU,97,0.00028809713757466104
4,UPFC_Vse,5-15,0.06126227543604954,48,0.06083974456658839,MAP_PMU,97,0.0004225308694611532
5,UPFC_tse,5-15,-2.183680333512639,48,-2.162680516533116,MAP_PMU,97,0.02099981697952291
0,x_tcsc,1-14,-0.13533261020786322,49,-0.1318415748844933,MAP_PMU,97,0.0034910353233699176
1,B_svc,2,0.2674554956482747,49,0.2667130168128401,MAP_PMU,97,0.0007424788354346012
2,UPFC_Vsh,5-15,1.106271828142888,49,1.1082618909809656,MAP_PMU,97,0.0019900628380775665
3,UPFC_tsh,5-15,-0.2324890248805569,49,-0.2321895694025061,MAP_PMU,97,0.0002994554780507974
4,UPFC_Vse,5-15,0.06140367113911971,49,0.06083974456658839,MAP_PMU,97,0.0005639265725313203
5,UPFC_tse,5-15,-2.18286790132236,49,-2.162680516533116,MAP_PMU,97,0.02018738478924398
0,x_tcsc,1-14,-0.13567169240361351,50,-0.1318415748844933,MAP_PMU,97,0.003830117519120213
1,B_svc,2,0.2676603099415767,50,0.2667130168128401,MAP_PMU,97,0.0009472931287365927
2,UPFC_Vsh,5-15,1.1064044839231395,50,1.1082618909809656,MAP_PMU,97,0.0018574070578261104
3,UPFC_tsh,5-15,-0.23245618698900733,50,-0.2321895694025061,MAP_PMU,97,0.00026661758650123324
4,UPFC_Vse,5-15,0.06134876657369195,50,0.06083974456658839,MAP_PMU,97,0.0005090220071035587
5,UPFC_tse,5-15,-2.181174531976528,50,-2.162680516533116,MAP_PMU,97,0.018494015443411893
0,x_tcsc,1-14,-0.1353528947598899,51,-0.1318415748844933,MAP_PMU,97,0.0035113198753966013
1,B_svc,2,0.2676747692505962,51,0.2667130168128401,MAP_PMU,97,0.0009617524377560915
2,UPFC_Vsh,5-15,1.106456637223282,51,1.1082618909809656,MAP_PMU,97,0.0018052537576835892
3,UPFC_tsh,5-15,-0.23236515625908696,51,-0.2321895694025061,MAP_PMU,97,0.00017558685658086715
4,UPFC_Vse,5-15,0.06086326366587967,51,0.06083974456658839,MAP_PMU,97,2.3519099291283152e-05
5,UPFC_tse,5-15,-2.1749055577854564,51,-2.162680516533116,MAP_PMU,97,0.01222504125234014
0,x_tcsc,1-14,-0.13615905381985002,52,-0.1318415748844933,MAP_PMU,97,0.004317478935356722
1,B_svc,2,0.2682313418704595,52,0.2667130168128401,MAP_PMU,97,0.0015183250576193963
2,UPFC_Vsh,5-15,1.105857271618705,52,1.1082618909809656,MAP_PMU,97,0.0024046193622606626
3,UPFC_tsh,5-15,-0.23257143628256807,52,-0.2321895694025061,MAP_PMU,97,0.0003818668800619762
4,UPFC_Vse,5-15,0.06132020690994502,52,0.06083974456658839,MAP_PMU,97,0.0004804623433566288
5,UPFC_tse,5-15,-2.174506486445123,52,-2.162680516533116,MAP_PMU,97,0.011825969912006684
0,x_tcsc,1-14,-0.13526696521171042,53,-0.1318415748844933,MAP_PMU,97,0.003425390327217115
1,B_svc,2,0.2682762434490868,53,0.2667130168128401,MAP_PMU,97,0.0015632266362466951
2,UPFC_Vsh,5-15,1.106343557495532,53,1.1082618909809656,MAP_PMU,97,0.0019183334854335765
3,UPFC_tsh,5-15,-0.2324072277053964,53,-0.2321895694025061,MAP_PMU,97,0.00021765830289030563
4,UPFC_Vse,5-15,0.06115495491614478,53,0.06083974456658839,MAP_PMU,97,0.00031521034955639404
5,UPFC_tse,5-15,-2.1655371332551363,53,-2.162680516533116,MAP_PMU,97,0.002856616722020089
0,x_tcsc,1-14,-0.13609919483565716,54,-0.1318415748844933,MAP_PMU,97,0.00425761995116386
1,B_svc,2,0.26815833850712434,54,0.2667130168128401,MAP_PMU,97,0.0014453216942842406
2,UPFC_Vsh,5-15,1.1059688180119533,54,1.1082618909809656,MAP_PMU,97,0.0022930729690122664
3,UPFC_tsh,5-15,-0.2325690137303657,54,-0.2321895694025061,MAP_PMU,97,0.00037944432785960713
4,UPFC_Vse,5-15,0.0616987992133679,54,0.06083974456658839,MAP_PMU,97,0.0008590546467795099
5,UPFC_tse,5-15,-2.1879450477087747,54,-2.162680516533116,MAP_PMU,97,0.025264531175658522
0,x_tcsc,1-14,-0.13594074814050974,55,-0.1318415748844933,MAP_PMU,97,0.004099173256016442
1,B_svc,2,0.26867903273265553,55,0.2667130168128401,MAP_PMU,97,0.0019660159198154337
2,UPFC_Vsh,5-15,1.106385547466083,55,1.1082618909809656,MAP_PMU,97,0.001876343514882528
3,UPFC_tsh,5-15,-0.23252553154483543,55,-0.2321895694025061,MAP_PMU,97,0.00033596214232933796
4,UPFC_Vse,5-15,0.06126716569163507,55,0.06083974456658839,MAP_PMU,97,0.0004274211250466786
5,UPFC_tse,5-15,-2.1722537547821497,55,-2.162680516533116,MAP_PMU,97,0.009573238249033444
0,x_tcsc,1-14,-0.1354188602276148,56,-0.1318415748844933,MAP_PMU,97,0.003577285343121489
1,B_svc,2,0.26794592520926525,56,0.2667130168128401,MAP_PMU,97,0.0012329083964251475
2,UPFC_Vsh,5-15,1.1058763178358217,56,1.1082618909809656,MAP_PMU,97,0.002385573145143871
3,UPFC_tsh,5-15,-0.23249679152640704,56,-0.2321895694025061,MAP_PMU,97,0.00030722212390094095
4,UPFC_Vse,5-15,0.06137638033623951,56,0.06083974456658839,MAP_PMU,97,0.0005366357696511212
5,UPFC_tse,5-15,-2.1795787456299154,56,-2.162680516533116,MAP_PMU,97,0.016898229096799167
0,x_tcsc,1-14,-0.13535313108847707,57,-0.1318415748844933,MAP_PMU,97,0.0035115562039837733
1,B_svc,2,0.26762565992851756,57,0.2667130168128401,MAP_PMU,97,0.0009126431156774584
2,UPFC_Vsh,5-15,1.106276922482491,57,1.1082618909809656,MAP_PMU,97,0.0019849684984745153
3,UPFC_tsh,5-15,-0.23243730084275832,57,-0.2321895694025061,MAP_PMU,97,0.0002477314402522246
4,UPFC_Vse,5-15,0.060926937160177594,57,0.06083974456658839,MAP_PMU,97,8.719259358920539e-05
5,UPFC_tse,5-15,-2.177571851047832,57,-2.162680516533116,MAP_PMU,97,0.014891334514715915
0,x_tcsc,1-14,-0.13543173416676824,58,-0.1318415748844933,MAP_PMU,97,0.003590159282274935
1,B_svc,2,0.2679713341572294,58,0.2667130168128401,MAP_PMU,97,0.0012583173443893036
2,UPFC_Vsh,5-15,1.1059646468400162,58,1.1082618909809656,MAP_PMU,97,0.0022972441409494504
3,UPFC_tsh,5-15,-0.2324885570612447,58,-0.2321895694025061,MAP_PMU,97,0.000298987658738592
4,UPFC_Vse,5-15,0.06134400703929121,58,0.06083974456658839,MAP_PMU,97,0.0005042624727028197
5,UPFC_tse,5-15,-2.1690623706526235,58,-2.162680516533116,MAP_PMU,97,0.006381854119507313
0,x_tcsc,1-14,-0.13545241230335803,59,-0.1318415748844933,MAP_PMU,97,0.0036108374188647263
1,B_svc,2,0.26763609747886064,59,0.2667130168128401,MAP_PMU,97,0.0009230806660205371
2,UPFC_Vsh,5-15,1.1062449560991952,59,1.1082618909809656,MAP_PMU,97,0.00201693488177046
3,UPFC_tsh,5-15,-0.23252060735516328,59,-0.2321895694025061,MAP_PMU,97,0.0003310379526571816
4,UPFC_Vse,5-15,0.06139630557599759,59,0.06083974456658839,MAP_PMU,97,0.0005565610094091997
5,UPFC_tse,5-15,-2.174233749854097,59,-2.162680516533116,MAP_PMU,97,0.011553233320980905
0,x_tcsc,1-14,-0.13549465139605862,60,-0.1318415748844933,MAP_PMU,97,0.003653076511565323
1,B_svc,2,0.2680837740425237,60,0.2667130168128401,MAP_PMU,97,0.0013707572296836057
2,UPFC_Vsh,5-15,1.10625317205294,60,1.1082618909809656,MAP_PMU,97,0.0020087189280255657
3,UPFC_tsh,5-15,-0.23247021415982008,60,-0.2321895694025061,MAP_PMU,97,0.00028064475731398586
4,UPFC_Vse,5-15,0.06123834444084789,60,0.06083974456658839,MAP_PMU,97,0.00039859987425950455
5,UPFC_tse,5-15,-2.1752534823458474,60,-2.162680516533116,MAP_PMU,97,0.012572965812731152
0,x_tcsc,1-14,-0.13517475985331676,61,-0.1318415748844933,MAP_PMU,97,0.003333184968823455
1,B_svc,2,0.2681967377823299,61,0.2667130168128401,MAP_PMU,97,0.001483720969489788
2,UPFC_Vsh,5-15,1.1067228383660326,61,1.1082618909809656,MAP_PMU,97,0.0015390526149330341
3,UPFC_tsh,5-15,-0.23240095845856104,61,-0.2321895694025061,MAP_PMU,97,0.00021138905605494474
4,UPFC_Vse,5-15,0.06108246192059793,61,0.06083974456658839,MAP_PMU,97,0.00024271735400954036
5,UPFC_tse,5-15,-2.1695148861083275,61,-2.162680516533116,MAP_PMU,97,0.00683436957521133
0,x_tcsc,1-14,-0.13578359478727683,62,-0.1318415748844933,MAP_PMU,97,0.003942019902783533
1,B_svc,2,0.2679560207075556,62,0.2667130168128401,MAP_PMU,97,0.0012430038947154887
2,UPFC_Vsh,5-15,1.106413380777892,62,1.1082618909809656,MAP_PMU,97,0.0018485102030736389
3,UPFC_tsh,5-15,-0.23233555942257877,62,-0.2321895694025061,MAP_PMU,97,0.00014599002007267825
4,UPFC_Vse,5-15,0.06042374485090485,62,0.06083974456658839,MAP_PMU,97,0.00041599971568354044
5,UPFC_tse,5-15,-2.1648006362891805,62,-2.162680516533116,MAP_PMU,97,0.002120119756064298
0,x_tcsc,1-14,-0.13568471494099238,63,-0.1318415748844933,MAP_PMU,97,0.003843140056499078
1,B_svc,2,0.2680773777080498,63,0.2667130168128401,MAP_PMU,97,0.001364360895209693
2,UPFC_Vsh,5-15,1.1060364365443094,63,1.1082618909809656,MAP_PMU,97,0.0022254544366562268
3,UPFC_tsh,5-15,-0.2324378205934955,63,-0.2321895694025061,MAP_PMU,97,0.00024825119098939585
4,UPFC_Vse,5-15,0.060825828759542816,63,0.06083974456658839,MAP_PMU,97,1.3915807045572492e-05
5,UPFC_tse,5-15,-2.1746370676414166,63,-2.162680516533116,MAP_PMU,97,0.011956551108300406
0,x_tcsc,1-14,-0.13556244895592903,64,-0.1318415748844933,MAP_PMU,97,0.0037208740714357313
1,B_svc,2,0.26803727143400613,64,0.2667130168128401,MAP_PMU,97,0.0013242546211660322
2,UPFC_Vsh,5-15,1.1063708676879578,64,1.1082618909809656,MAP_PMU,97,0.001891023293007832
3,UPFC_tsh,5-15,-0.2324318298398226,64,-0.2321895694025061,MAP_PMU,97,0.00024226043731651048
4,UPFC_Vse,5-15,0.06098900124978783,64,0.06083974456658839,MAP_PMU,97,0.00014925668319944185
5,UPFC_tse,5-15,-2.165721153986919,64,-2.162680516533116,MAP_PMU,97,0.003040637453802564
0,x_tcsc,1-14,-0.13548133514873814,65,-0.1318415748844933,MAP_PMU,97,0.00363976026424484
1,B_svc,2,0.267782991493184,65,0.2667130168128401,MAP_PMU,97,0.0010699746803439214
2,UPFC_Vsh,5-15,1.1067375838871338,65,1.1082618909809656,MAP_PMU,97,0.0015243070938317782
3,UPFC_tsh,5-15,-0.23238704980933048,65,-0.2321895694025061,MAP_PMU,97,0.00019748040682437962
4,UPFC_Vse,5-15,0.06103558326153549,65,0.06083974456658839,MAP_PMU,97,0.0001958386949471036
5,UPFC_tse,5-15,-2.16358804553322,65,-2.162680516533116,MAP_PMU,97,0.0009075290001039349
0,x_tcsc,1-14,-0.13585088878623336,66,-0.1318415748844933,MAP_PMU,97,0.004009313901740058
1,B_svc,2,0.26802339604506364,66,0.2667130168128401,MAP_PMU,97,0.0013103792322235464
2,UPFC_Vsh,5-15,1.1059770670896605,66,1.1082618909809656,MAP_PMU,97,0.002284823891305132
3,UPFC_tsh,5-15,-0.23248893022259431,66,-0.2321895694025061,MAP_PMU,97,0.00029936082008821807
4,UPFC_Vse,5-15,0.061322686461632324,66,0.06083974456658839,MAP_PMU,97,0.0004829418950439354
5,UPFC_tse,5-15,-2.1691341904527834,66,-2.162680516533116,MAP_PMU,97,0.006453673919667224
0,x_tcsc,1-14,-0.13573829002596188,67,-0.1318415748844933,MAP_PMU,97,0.003896715141468582
1,B_svc,2,0.26831210157890883,67,0.2667130168128401,MAP_PMU,97,0.0015990847660687368
2,UPFC_Vsh,5-15,1.10601044253994,67,1.1082618909809656,MAP_PMU,97,0.0022514484410256497
3,UPFC_tsh,5-15,-0.23253947587090007,67,-0.2321895694025061,MAP_PMU,97,0.00034990646839397344
4,UPFC_Vse,5-15,0.06161385917445371,67,0.06083974456658839,MAP_PMU,97,0.0007741146078653199
5,UPFC_tse,5-15,-2.1820105291215897,67,-2.162680516533116,MAP_PMU,97,0.019330012588473444
0,x_tcsc,1-14,-0.13500504730776147,68,-0.1318415748844933,MAP_PMU,97,0.003163472423268171
1,B_svc,2,0.26828531189204863,68,0.2667130168128401,MAP_PMU,97,0.00157229507920853
2,UPFC_Vsh,5-15,1.1066522505399812,68,1.1082618909809656,MAP_PMU,97,0.001609640440984439
3,UPFC_tsh,5-15,-0.2323935608222779,68,-0.2321895694025061,MAP_PMU,97,0.00020399141977181512
4,UPFC_Vse,5-15,0.06114418564904604,68,0.06083974456658839,MAP_PMU,97,0.00030444108245765433
5,UPFC_tse,5-15,-2.1648088270303614,68,-2.162680516533116,MAP_PMU,97,0.002128310497245156
0,x_tcsc,1-14,-0.13569417511445606,69,-0.1318415748844933,MAP_PMU,97,0.003852600229962755
1,B_svc,2,0.2684254030734018,69,0.2667130168128401,MAP_PMU,97,0.0017123862605616935
2,UPFC_Vsh,5-15,1.1063509417111022,69,1.1082618909809656,MAP_PMU,97,0.00191094926986346
3,UPFC_tsh,5-15,-0.23247380192102232,69,-0.2321895694025061,MAP_PMU,97,0.00028423251851622533
4,UPFC_Vse,5-15,0.0606278002953313,69,0.06083974456658839,MAP_PMU,97,0.0002119442712570918
5,UPFC_tse,5-15,-2.177035571013158,69,-2.162680516533116,MAP_PMU,97,0.014355054480041929
0,x_tcsc,1-14,-0.1356929682885111,70,-0.1318415748844933,MAP_PMU,97,0.0038513934040178
1,B_svc,2,0.2684735440213625,70,0.2667130168128401,MAP_PMU,97,0.0017605272085223778
2,UPFC_Vsh,5-15,1.1062477708194547,70,1.1082618909809656,MAP_PMU,97,0.002014120161510924
3,UPFC_tsh,5-15,-0.2324734682345812,70,-0.2321895694025061,MAP_PMU,97,0.0002838988320751079
4,UPFC_Vse,5-15,0.06121839369124735,70,0.06083974456658839,MAP_PMU,97,0.0003786491246589585
5,UPFC_tse,5-15,-2.1743776242411674,70,-2.162680516533116,MAP_PMU,97,0.011697107708051213
0,x_tcsc,1-14,-0.1362241373378355,71,-0.1318415748844933,MAP_PMU,97,0.004382562453342204
1,B_svc,2,0.267707482045112,71,0.2667130168128401,MAP_PMU,97,0.0009944652322719238
2,UPFC_Vsh,5-15,1.105977370964185,71,1.1082618909809656,MAP_PMU,97,0.0022845200167807
3,UPFC_tsh,5-15,-0.23253879614682912,71,-0.2321895694025061,MAP_PMU,97,0.0003492267443230279
4,UPFC_Vse,5-15,0.06089740940790796,71,0.06083974456658839,MAP_PMU,97,5.7664841319568505e-05
5,UPFC_tse,5-15,-2.1834703552844807,71,-2.162680516533116,MAP_PMU,97,0.02078983875136453
0,x_tcsc,1-14,-0.1351320174521785,72,-0.1318415748844933,MAP_PMU,97,0.003290442567685209
1,B_svc,2,0.2677330429520577,72,0.2667130168128401,MAP_PMU,97,0.0010200261392175891
2,UPFC_Vsh,5-15,1.1063051289719152,72,1.1082618909809656,MAP_PMU,97,0.0019567620090503723
3,UPFC_tsh,5-15,-0.23255784918851932,72,-0.2321895694025061,MAP_PMU,97,0.00036827978601322586
4,UPFC_Vse,5-15,0.06096547440821392,72,0.06083974456658839,MAP_PMU,97,0.0001257298416255312
5,UPFC_tse,5-15,-2.1801309025237394,72,-2.162680516533116,MAP_PMU,97,0.017450385990623207
0,x_tcsc,1-14,-0.1359241389930429,73,-0.1318415748844933,MAP_PMU,97,0.004082564108549597
1,B_svc,2,0.2678982327711366,73,0.2667130168128401,MAP_PMU,97,0.001185215958296515
2,UPFC_Vsh,5-15,1.1060228543633646,73,1.1082618909809656,MAP_PMU,97,0.0022390366176010534
3,UPFC_tsh,5-15,-0.2324917299683777,73,-0.2321895694025061,MAP_PMU,97,0.00030216056587159534
4,UPFC_Vse,5-15,0.06137791599070579,73,0.06083974456658839,MAP_PMU,97,0.0005381714241174049
5,UPFC_tse,5-15,-2.1820606718714153,73,-2.162680516533116,MAP_PMU,97,0.019380155338299065
0,x_tcsc,1-14,-0.13545327403206786,74,-0.1318415748844933,MAP_PMU,97,0.0036116991475745597
1,B_svc,2,0.2679492426425693,74,0.2667130168128401,MAP_PMU,97,0.0012362258297292095
2,UPFC_Vsh,5-15,1.1060415134614254,74,1.1082618909809656,MAP_PMU,97,0.0022203775195401843
3,UPFC_tsh,5-15,-0.23239956227318942,74,-0.2321895694025061,MAP_PMU,97,0.00020999287068332317
4,UPFC_Vse,5-15,0.06122495650463083,74,0.06083974456658839,MAP_PMU,97,0.00038521193804243875
5,UPFC_tse,5-15,-2.174547740555289,74,-2.162680516533116,MAP_PMU,97,0.011867224022172884
0,x_tcsc,1-14,-0.13555610983014424,75,-0.1318415748844933,MAP_PMU,97,0.003714534945650938
1,B_svc,2,0.26846878438454264,75,0.2667130168128401,MAP_PMU,97,0.0017557675717025378
2,UPFC_Vsh,5-15,1.1060354675221271,75,1.1082618909809656,MAP_PMU,97,0.0022264234588385
3,UPFC_tsh,5-15,-0.23245505682839834,75,-0.2321895694025061,MAP_PMU,97,0.00026548742589224683
4,UPFC_Vse,5-15,0.061270258941103,75,0.06083974456658839,MAP_PMU,97,0.00043051437451461366
5,UPFC_tse,5-15,-2.1780069044426837,75,-2.162680516533116,MAP_PMU,97,0.01532638790956753
0,x_tcsc,1-14,-0.1353884386605927,76,-0.1318415748844933,MAP_PMU,97,0.0035468637760993904
1,B_svc,2,0.2681540660440927,76,0.2667130168128401,MAP_PMU,97,0.0014410492312526002
2,UPFC_Vsh,5-15,1.1064863845480037,76,1.1082618909809656,MAP_PMU,97,0.0017755064329618708
3,UPFC_tsh,5-15,-0.2324903834851808,76,-0.2321895694025061,MAP_PMU,97,0.00030081408267471077
4,UPFC_Vse,5-15,0.06142872450321878,76,0.06083974456658839,MAP_PMU,97,0.0005889799366303947
5,UPFC_tse,5-15,-2.172943546532194,76,-2.162680516533116,MAP_PMU,97,0.010263029999077578
0,x_tcsc,1-14,-0.13589767220618226,77,-0.1318415748844933,MAP_PMU,97,0.004056097321688962
1,B_svc,2,0.26804185528668867,77,0.2667130168128401,MAP_PMU,97,0.0013288384738485703
2,UPFC_Vsh,5-15,1.1061908908148101,77,1.1082618909809656,MAP_PMU,97,0.0020710001661554678
3,UPFC_tsh,5-15,-0.23245534483882083,77,-0.2321895694025061,MAP_PMU,97,0.0002657754363147302
4,UPFC_Vse,5-15,0.06150117632120957,77,0.06083974456658839,MAP_PMU,97,0.000661431754621182
5,UPFC_tse,5-15,-2.1796401348554357,77,-2.162680516533116,MAP_PMU,97,0.016959618322319514
0,x_tcsc,1-14,-0.1354237780069035,78,-0.1318415748844933,MAP_PMU,97,0.003582203122410199
1,B_svc,2,0.2677055563645744,78,0.2667130168128401,MAP_PMU,97,0.0009925395517342839
2,UPFC_Vsh,5-15,1.1065762105308996,78,1.1082618909809656,MAP_PMU,97,0.0016856804500660072
3,UPFC_tsh,5-15,-0.23242244127161193,78,-0.2321895694025061,MAP_PMU,97,0.00023287186910583846
4,UPFC_Vse,5-15,0.06114368139047016,78,0.06083974456658839,MAP_PMU,97,0.000303936823881773
5,UPFC_tse,5-15,-2.18072989553963,78,-2.162680516533116,MAP_PMU,97,0.01804937900651371
0,x_tcsc,1-14,-0.13575224095250396,79,-0.1318415748844933,MAP_PMU,97,0.00391066606801066
1,B_svc,2,0.26795463915028767,79,0.2667130168128401,MAP_PMU,97,0.0012416223374475677
2,UPFC_Vsh,5-15,1.106007788124656,79,1.1082618909809656,MAP_PMU,97,0.00225410285630967
3,UPFC_tsh,5-15,-0.23247575297662826,79,-0.2321895694025061,MAP_PMU,97,0.0002861835741221619
4,UPFC_Vse,5-15,0.06116549488451981,79,0.06083974456658839,MAP_PMU,97,0.0003257503179314239
5,UPFC_tse,5-15,-2.192806765524594,79,-2.162680516533116,MAP_PMU,97,0.030126248991477755
0,x_tcsc,1-14,-0.13609346082029744,80,-0.1318415748844933,MAP_PMU,97,0.004251885935804139
1,B_svc,2,0.2680082637188164,80,0.2667130168128401,MAP_PMU,97,0.0012952469059763216
2,UPFC_Vsh,5-15,1.1056783193568027,80,1.1082618909809656,MAP_PMU,97,0.0025835716241628948
3,UPFC_tsh,5-15,-0.23251036682203494,80,-0.2321895694025061,MAP_PMU,97,0.0003207974195288399
4,UPFC_Vse,5-15,0.06122913902566582,80,0.06083974456658839,MAP_PMU,97,0.0003893944590774301
5,UPFC_tse,5-15,-2.191612953597967,80,-2.162680516533116,MAP_PMU,97,0.028932437064850713
0,x_tcsc,1-14,-0.13512470972846866,81,-0.1318415748844933,MAP_PMU,97,0.003283134843975355
1,B_svc,2,0.26742888183333996,81,0.2667130168128401,MAP_PMU,97,0.0007158650204998618
2,UPFC_Vsh,5-15,1.1064878882545655,81,1.1082618909809656,MAP_PMU,97,0.001774002726400159
3,UPFC_tsh,5-15,-0.23239231738312388,81,-0.2321895694025061,MAP_PMU,97,0.00020274798061778454
4,UPFC_Vse,5-15,0.06143845894588879,81,0.06083974456658839,MAP_PMU,97,0.0005987143793004038
5,UPFC_tse,5-15,-2.167980846646697,81,-2.162680516533116,MAP_PMU,97,0.005300330113580998
0,x_tcsc,1-14,-0.13578364286594932,82,-0.1318415748844933,MAP_PMU,97,0.003942067981456021
1,B_svc,2,0.2678046180809509,82,0.2667130168128401,MAP_PMU,97,0.001091601268110809
2,UPFC_Vsh,5-15,1.1059268411709124,82,1.1082618909809656,MAP_PMU,97,0.002335049810053169
3,UPFC_tsh,5-15,-0.23253585975776234,82,-0.2321895694025061,MAP_PMU,97,0.0003462903552562402
4,UPFC_Vse,5-15,0.06135409581240458,82,0.06083974456658839,MAP_PMU,97,0.00051435124581619
5,UPFC_tse,5-15,-2.1946221842660183,82,-2.162680516533116,MAP_PMU,97,0.03194166773290208
0,x_tcsc,1-14,-0.135660843729147,83,-0.1318415748844933,MAP_PMU,97,0.003819268844653695
1,B_svc,2,0.2683558927221478,83,0.2667130168128401,MAP_PMU,97,0.0016428759093077283
2,UPFC_Vsh,5-15,1.10641127691736,83,1.1082618909809656,MAP_PMU,97,0.001850614063605649
3,UPFC_tsh,5-15,-0.23253548056820675,83,-0.2321895694025061,MAP_PMU,97,0.00034591116570065195
4,UPFC_Vse,5-15,0.06117985384287366,83,0.06083974456658839,MAP_PMU,97,0.0003401092762852706
5,UPFC_tse,5-15,-2.1641540527420373,83,-2.162680516533116,MAP_PMU,97,0.0014735362089211002
0,x_tcsc,1-14,-0.1356611223366013,84,-0.1318415748844933,MAP_PMU,97,0.0038195474521079964
1,B_svc,2,0.26814334392911116,84,0.2667130168128401,MAP_PMU,97,0.0014303271162710574
2,UPFC_Vsh,5-15,1.1057844047808398,84,1.1082618909809656,MAP_PMU,97,0.002477486200125778
3,UPFC_tsh,5-15,-0.23253432541183805,84,-0.2321895694025061,MAP_PMU,97,0.0003447560093319535
4,UPFC_Vse,5-15,0.06139326694575769,84,0.06083974456658839,MAP_PMU,97,0.0005535223791693009
5,UPFC_tse,5-15,-2.1793673257687924,84,-2.162680516533116,MAP_PMU,97,0.016686809235676225
0,x_tcsc,1-14,-0.13557980775994027,85,-0.1318415748844933,MAP_PMU,97,0.003738232875446973
1,B_svc,2,0.2677431587952603,85,0.2667130168128401,MAP_PMU,97,0.0010301419824201852
2,UPFC_Vsh,5-15,1.106374429445566,85,1.1082618909809656,MAP_PMU,97,0.0018874615353996482
3,UPFC_tsh,5-15,-0.23238199419801508,85,-0.2321895694025061,MAP_PMU,97,0.0001924247955089886
4,UPFC_Vse,5-15,0.06085326977970354,85,0.06083974456658839,MAP_PMU,97,1.352521311515087e-05
5,UPFC_tse,5-15,-2.1669462656669056,85,-2.162680516533116,MAP_PMU,97,0.004265749133789409
0,x_tcsc,1-14,-0.13523019160246977,86,-0.1318415748844933,MAP_PMU,97,0.003388616717976467
1,B_svc,2,0.2676669635787534,86,0.2667130168128401,MAP_PMU,97,0.0009539467659133161
2,UPFC_Vsh,5-15,1.106317135302385,86,1.1082618909809656,MAP_PMU,97,0.0019447556785805453
3,UPFC_tsh,5-15,-0.23238555758347917,86,-0.2321895694025061,MAP_PMU,97,0.0001959881809730779
4,UPFC_Vse,5-15,0.061246792749050226,86,0.06083974456658839,MAP_PMU,97,0.00040704818246183744
5,UPFC_tse,5-15,-2.166682383572862,86,-2.162680516533116,MAP_PMU,97,0.004001867039745921
0,x_tcsc,1-14,-0.1355547176924576,87,-0.1318415748844933,MAP_PMU,97,0.003713142807964309
1,B_svc,2,0.2676046280511766,87,0.2667130168128401,MAP_PMU,97,0.000891611238336476
2,UPFC_Vsh,5-15,1.1058881176224817,87,1.1082618909809656,MAP_PMU,97,0.002373773358483877
3,UPFC_tsh,5-15,-0.2324995291046558,87,-0.2321895694025061,MAP_PMU,97,0.00030995970214969804
4,UPFC_Vse,5-15,0.06148993749530333,87,0.06083974456658839,MAP_PMU,97,0.0006501929287149391
5,UPFC_tse,5-15,-2.1883935918261734,87,-2.162680516533116,MAP_PMU,97,0.02571307529305722
0,x_tcsc,1-14,-0.13581902404190718,88,-0.1318415748844933,MAP_PMU,97,0.0039774491574138815
1,B_svc,2,0.2673794810987017,88,0.2667130168128401,MAP_PMU,97,0.0006664642858615899
2,UPFC_Vsh,5-15,1.1063351333485487,88,1.1082618909809656,MAP_PMU,97,0.0019267576324168978
3,UPFC_tsh,5-15,-0.23240128998682907,88,-0.2321895694025061,MAP_PMU,97,0.00021172058432297747
4,UPFC_Vse,5-15,0.06061108586010603,88,0.06083974456658839,MAP_PMU,97,0.00022865870648235836
5,UPFC_tse,5-15,-2.1797339121801937,88,-2.162680516533116,MAP_PMU,97,0.01705339564707753
0,x_tcsc,1-14,-0.13527724320188309,89,-0.1318415748844933,MAP_PMU,97,0.003435668317389784
1,B_svc,2,0.2674785793689258,89,0.2667130168128401,MAP_PMU,97,0.0007655625560856749
2,UPFC_Vsh,5-15,1.1062410734329522,89,1.1082618909809656,MAP_PMU,97,0.0020208175480134205
3,UPFC_tsh,5-15,-0.23242403783554047,89,-0.2321895694025061,MAP_PMU,97,0.0002344684330343738
4,UPFC_Vse,5-15,0.060954114224833246,89,0.06083974456658839,MAP_PMU,97,0.00011436965824485751
5,UPFC_tse,5-15,-2.1734455695426305,89,-2.162680516533116,MAP_PMU,97,0.010765053009514247
0,x_tcsc,1-14,-0.1354828745042067,90,-0.1318415748844933,MAP_PMU,97,0.003641299619713406
1,B_svc,2,0.2684836201593918,90,0.2667130168128401,MAP_PMU,97,0.0017706033465517135
2,UPFC_Vsh,5-15,1.106292118272906,90,1.1082618909809656,MAP_PMU,97,0.001969772708059647
3,UPFC_tsh,5-15,-0.23242687749775456,90,-0.2321895694025061,MAP_PMU,97,0.0002373080952484674
4,UPFC_Vse,5-15,0.060859373838476206,90,0.06083974456658839,MAP_PMU,97,1.962927188781799e-05
5,UPFC_tse,5-15,-2.1829773635925225,90,-2.162680516533116,MAP_PMU,97,0.020296847059406264
0,x_tcsc,1-14,-0.13560202883343558,91,-0.1318415748844933,MAP_PMU,97,0.003760453948942283
1,B_svc,2,0.2675440433421666,91,0.2667130168128401,MAP_PMU,97,0.000831026529326484
2,UPFC_Vsh,5-15,1.106241186032658,91,1.1082618909809656,MAP_PMU,97,0.002020704948307639
3,UPFC_tsh,5-15,-0.23248064244283193,91,-0.2321895694025061,MAP_PMU,97,0.0002910730403258288
4,UPFC_Vse,5-15,0.061423395060910865,91,0.06083974456658839,MAP_PMU,97,0.0005836504943224768
5,UPFC_tse,5-15,-2.174162794200833,91,-2.162680516533116,MAP_PMU,97,0.011482277667716811
0,x_tcsc,1-14,-0.1354028787809901,92,-0.1318415748844933,MAP_PMU,97,0.003561303896496809
1,B_svc,2,0.2677350290994208,92,0.2667130168128401,MAP_PMU,97,0.0010220122865807202
2,UPFC_Vsh,5-15,1.1062535838027825,92,1.1082618909809656,MAP_PMU,97,0.002008307178183122
3,UPFC_tsh,5-15,-0.232433741103348,92,-0.2321895694025061,MAP_PMU,97,0.00024417170084189976
4,UPFC_Vse,5-15,0.06117425371787633,92,0.06083974456658839,MAP_PMU,97,0.0003345091512879442
5,UPFC_tse,5-15,-2.1746191856152723,92,-2.162680516533116,MAP_PMU,97,0.011938669082156128
0,x_tcsc,1-14,-0.1362056121712596,93,-0.1318415748844933,MAP_PMU,97,0.0043640372867662924
1,B_svc,2,0.2676613345511554,93,0.2667130168128401,MAP_PMU,97,0.0009483177383153296
2,UPFC_Vsh,5-15,1.1061839164868055,93,1.1082618909809656,MAP_PMU,97,0.0020779744941601397
3,UPFC_tsh,5-15,-0.23244699030213964,93,-0.2321895694025061,MAP_PMU,97,0.00025742089963354253
4,UPFC_Vse,5-15,0.06167896192100376,93,0.06083974456658839,MAP_PMU,97,0.0008392173544153683
5,UPFC_tse,5-15,-2.177976233057545,93,-2.162680516533116,MAP_PMU,97,0.015295716524428737
0,x_tcsc,1-14,-0.13562586203447757,94,-0.1318415748844933,MAP_PMU,97,0.0037842871499842723
1,B_svc,2,0.26766244571149456,94,0.2667130168128401,MAP_PMU,97,0.0009494288986544586
2,UPFC_Vsh,5-15,1.1064636942359283,94,1.1082618909809656,MAP_PMU,97,0.0017981967450373393
3,UPFC_tsh,5-15,-0.2324239094446234,94,-0.2321895694025061,MAP_PMU,97,0.0002343400421173092
4,UPFC_Vse,5-15,0.06069046482341191,94,0.06083974456658839,MAP_PMU,97,0.00014927974317648085
5,UPFC_tse,5-15,-2.186082053736258,94,-2.162680516533116,MAP_PMU,97,0.023401537203141753
0,x_tcsc,1-14,-0.13558969691212644,95,-0.1318415748844933,MAP_PMU,97,0.0037481220276331384
1,B_svc,2,0.26762600446909646,95,0.2667130168128401,MAP_PMU,97,0.0009129876562563588
2,UPFC_Vsh,5-15,1.1065756719826028,95,1.1082618909809656,MAP_PMU,97,0.001686218998362854
3,UPFC_tsh,5-15,-0.23243746534602577,95,-0.2321895694025061,MAP_PMU,97,0.00024789594351967703
4,UPFC_Vse,5-15,0.061001628856851356,95,0.06083974456658839,MAP_PMU,97,0.00016188429026296747
5,UPFC_tse,5-15,-2.162709682869848,95,-2.162680516533116,MAP_PMU,97,2.916633673200053e-05
0,x_tcsc,1-14,-0.1355462380849496,96,-0.1318415748844933,MAP_PMU,97,0.0037046632004562874
1,B_svc,2,0.26834247530232036,96,0.2667130168128401,MAP_PMU,97,0.0016294584894802622
2,UPFC_Vsh,5-15,1.1061037474596653,96,1.1082618909809656,MAP_PMU,97,0.002158143521300282
3,UPFC_tsh,5-15,-0.23238295495972328,96,-0.2321895694025061,MAP_PMU,97,0.00019338555721717943
4,UPFC_Vse,5-15,0.06088565970354061,96,0.06083974456658839,MAP_PMU,97,4.5915136952220936e-05
5,UPFC_tse,5-15,-2.1658112469344553,96,-2.162680516533116,MAP_PMU,97,0.0031307304013390436
0,x_tcsc,1-14,-0.1357279410405433,97,-0.1318415748844933,MAP_PMU,97,0.0038863661560500085
1,B_svc,2,0.26803167311703147,97,0.2667130168128401,MAP_PMU,97,0.001318656304191368
2,UPFC_Vsh,5-15,1.106321106087787,97,1.1082618909809656,MAP_PMU,97,0.0019407848931785043
3,UPFC_tsh,5-15,-0.23236786957502775,97,-0.2321895694025061,MAP_PMU,97,0.00017830017252165598
4,UPFC_Vse,5-15,0.06063962164535101,97,0.06083974456658839,MAP_PMU,97,0.00020012292123737507
5,UPFC_tse,5-15,-2.175905537363513,97,-2.162680516533116,MAP_PMU,97,0.013225020830396783
0,x_tcsc,1-14,-0.1355327727203668,98,-0.1318415748844933,MAP_PMU,97,0.0036911978358734887
1,B_svc,2,0.2680286540244061,98,0.2667130168128401,MAP_PMU,97,0.001315637211566023
2,UPFC_Vsh,5-15,1.106306419505509,98,1.1082618909809656,MAP_PMU,97,0.001955471475456605
3,UPFC_tsh,5-15,-0.23244754542784365,98,-0.2321895694025061,MAP_PMU,97,0.0002579760253375585
4,UPFC_Vse,5-15,0.06096262905883776,98,0.06083974456658839,MAP_PMU,97,0.00012288449224936993
5,UPFC_tse,5-15,-2.180177606923777,98,-2.162680516533116,MAP_PMU,97,0.01749709039066083
0,x_tcsc,1-14,-0.1353236443123312,99,-0.1318415748844933,MAP_PMU,97,0.0034820694278379083
1,B_svc,2,0.26771652143325836,99,0.2667130168128401,MAP_PMU,97,0.0010035046204182607
2,UPFC_Vsh,5-15,1.1064712215542298,99,1.1082618909809656,MAP_PMU,97,0.0017906694267357803
3,UPFC_tsh,5-15,-0.23243442340122103,99,-0.2321895694025061,MAP_PMU,97,0.0002448539987149334
4,UPFC_Vse,5-15,0.061219676469294285,99,0.06083974456658839,MAP_PMU,97,0.00037993190270589616
5,UPFC_tse,5-15,-2.179439472814229,99,-2.162680516533116,MAP_PMU,97,0.01675895628111279
0,x_tcsc,1-14,-0.1413438711161683,0,-0.13539067744855354,MAP_PMU,99,0.0059531936676147645
1,B_svc,2,0.2831790944161183,0,0.2815732902354433,MAP_PMU,99,0.001605804180675019
2,UPFC_Vsh,5-15,1.1052038525920724,0,1.1071861365154951,MAP_PMU,99,0.0019822839234227008
3,UPFC_tsh,5-15,-0.22981531590493895,0,-0.22936906308085359,MAP_PMU,99,0.0004462528240853636
4,UPFC_Vse,5-15,0.0612268806273203,0,0.06027927656029769,MAP_PMU,99,0.0009476040670226074
5,UPFC_tse,5-15,-2.188597070995381,0,-2.153859444240261,MAP_PMU,99,0.0347376267551196
0,x_tcsc,1-14,-0.14063571721954585,1,-0.13539067744855354,MAP_PMU,99,0.005245039770992305
1,B_svc,2,0.2833989464377931,1,0.2815732902354433,MAP_PMU,99,0.0018256562023498124
2,UPFC_Vsh,5-15,1.1052774361600044,1,1.1071861365154951,MAP_PMU,99,0.0019087003554907334
3,UPFC_tsh,5-15,-0.2298082897646548,1,-0.22936906308085359,MAP_PMU,99,0.00043922668380122487
4,UPFC_Vse,5-15,0.06173328016288136,1,0.06027927656029769,MAP_PMU,99,0.0014540036025836728
5,UPFC_tse,5-15,-2.1846087276418653,1,-2.153859444240261,MAP_PMU,99,0.0307492834016041
0,x_tcsc,1-14,-0.1403782877379411,2,-0.13539067744855354,MAP_PMU,99,0.004987610289387545
1,B_svc,2,0.28304119944751116,2,0.2815732902354433,MAP_PMU,99,0.0014679092120678527
2,UPFC_Vsh,5-15,1.1055471549861213,2,1.1071861365154951,MAP_PMU,99,0.0016389815293738064
3,UPFC_tsh,5-15,-0.2298028230316316,2,-0.22936906308085359,MAP_PMU,99,0.00043375995077801766
4,UPFC_Vse,5-15,0.06180435598884812,2,0.06027927656029769,MAP_PMU,99,0.0015250794285504299
5,UPFC_tse,5-15,-2.1835002650405606,2,-2.153859444240261,MAP_PMU,99,0.029640820800299394
0,x_tcsc,1-14,-0.14016381952297907,3,-0.13539067744855354,MAP_PMU,99,0.004773142074425529
1,B_svc,2,0.2835442765785244,3,0.2815732902354433,MAP_PMU,99,0.0019709863430810715
2,UPFC_Vsh,5-15,1.1053762729027385,3,1.1071861365154951,MAP_PMU,99,0.0018098636127565904
3,UPFC_tsh,5-15,-0.22976338667124963,3,-0.22936906308085359,MAP_PMU,99,0.0003943235903960396
4,UPFC_Vse,5-15,0.0615925321479311,3,0.06027927656029769,MAP_PMU,99,0.0013132555876334134
5,UPFC_tse,5-15,-2.186297732727857,3,-2.153859444240261,MAP_PMU,99,0.032438288487596
0,x_tcsc,1-14,-0.14035020268049275,4,-0.13539067744855354,MAP_PMU,99,0.00495952523193921
1,B_svc,2,0.284002790835136,4,0.2815732902354433,MAP_PMU,99,0.0024295005996927133
2,UPFC_Vsh,5-15,1.1055456043445966,4,1.1071861365154951,MAP_PMU,99,0.0016405321708985454
3,UPFC_tsh,5-15,-0.2298117889645728,4,-0.22936906308085359,MAP_PMU,99,0.00044272588371921384
4,UPFC_Vse,5-15,0.061277102232098965,4,0.06027927656029769,MAP_PMU,99,0.0009978256718012751
5,UPFC_tse,5-15,-2.18550837208138,4,-2.153859444240261,MAP_PMU,99,0.031648927841118724
0,x_tcsc,1-14,-0.1405766601539626,5,-0.13539067744855354,MAP_PMU,99,0.00518598270540907
1,B_svc,2,0.28263572447354235,5,0.2815732902354433,MAP_PMU,99,0.0010624342380990415
2,UPFC_Vsh,5-15,1.1056041220878128,5,1.1071861365154951,MAP_PMU,99,0.0015820144276823545
3,UPFC_tsh,5-15,-0.22983337546908833,5,-0.22936906308085359,MAP_PMU,99,0.0004643123882347444
4,UPFC_Vse,5-15,0.061858272473704436,5,0.06027927656029769,MAP_PMU,99,0.0015789959134067458
5,UPFC_tse,5-15,-2.195426861127174,5,-2.153859444240261,MAP_PMU,99,0.04156741688691268
0,x_tcsc,1-14,-0.140178270872463,6,-0.13539067744855354,MAP_PMU,99,0.00478759342390947
1,B_svc,2,0.28341705288012353,6,0.2815732902354433,MAP_PMU,99,0.0018437626446802247
2,UPFC_Vsh,5-15,1.1058738292222254,6,1.1071861365154951,MAP_PMU,99,0.0013123072932696989
3,UPFC_tsh,5-15,-0.22976032602484162,6,-0.22936906308085359,MAP_PMU,99,0.00039126294398802997
4,UPFC_Vse,5-15,0.061021467798493594,6,0.06027927656029769,MAP_PMU,99,0.0007421912381959037
5,UPFC_tse,5-15,-2.178541040189244,6,-2.153859444240261,MAP_PMU,99,0.024681595948982782
0,x_tcsc,1-14,-0.1399708558977548,7,-0.13539067744855354,MAP_PMU,99,0.00458017844920125
1,B_svc,2,0.28315463022786014,7,0.2815732902354433,MAP_PMU,99,0.0015813399924168303
2,UPFC_Vsh,5-15,1.105765042312143,7,1.1071861365154951,MAP_PMU,99,0.0014210942033521246
3,UPFC_tsh,5-15,-0.22974550417957024,7,-0.22936906308085359,MAP_PMU,99,0.0003764410987166511
4,UPFC_Vse,5-15,0.06117685875412179,7,0.06027927656029769,MAP_PMU,99,0.0008975821938241035
5,UPFC_tse,5-15,-2.176730101970386,7,-2.153859444240261,MAP_PMU,99,0.022870657730124755
0,x_tcsc,1-14,-0.14010606743175058,8,-0.13539067744855354,MAP_PMU,99,0.004715389983197038
1,B_svc,2,0.2830242143451654,8,0.2815732902354433,MAP_PMU,99,0.0014509241097220849
2,UPFC_Vsh,5-15,1.10555344730945,8,1.1071861365154951,MAP_PMU,99,0.0016326892060452014
3,UPFC_tsh,5-15,-0.22972084831318618,8,-0.22936906308085359,MAP_PMU,99,0.00035178523233259096
4,UPFC_Vse,5-15,0.061166741438640794,8,0.06027927656029769,MAP_PMU,99,0.0008874648783431041
5,UPFC_tse,5-15,-2.18373126041209,8,-2.153859444240261,MAP_PMU,99,0.02987181617182877
0,x_tcsc,1-14,-0.14049102212342818,9,-0.13539067744855354,MAP_PMU,99,0.005100344674874635
1,B_svc,2,0.2834940627032754,9,0.2815732902354433,MAP_PMU,99,0.001920772467832066
2,UPFC_Vsh,5-15,1.105588040617037,9,1.1071861365154951,MAP_PMU,99,0.0015980958984580518
3,UPFC_tsh,5-15,-0.22980189052991665,9,-0.22936906308085359,MAP_PMU,99,0.00043282744906306125
4,UPFC_Vse,5-15,0.06171748590955455,9,0.06027927656029769,MAP_PMU,99,0.0014382093492568623
5,UPFC_tse,5-15,-2.1822610303422545,9,-2.153859444240261,MAP_PMU,99,0.02840158610199328
0,x_tcsc,1-14,-0.14049647449490416,10,-0.13539067744855354,MAP_PMU,99,0.005105797046350613
1,B_svc,2,0.2831031911647515,10,0.2815732902354433,MAP_PMU,99,0.0015299009293082144
2,UPFC_Vsh,5-15,1.105387073567932,10,1.1071861365154951,MAP_PMU,99,0.001799062947563046
3,UPFC_tsh,5-15,-0.22975095205892035,10,-0.22936906308085359,MAP_PMU,99,0.00038188897806676336
4,UPFC_Vse,5-15,0.062136116302784816,10,0.06027927656029769,MAP_PMU,99,0.0018568397424871264
5,UPFC_tse,5-15,-2.1760245996255914,10,-2.153859444240261,MAP_PMU,99,0.02216515538533015
0,x_tcsc,1-14,-0.14044222400096357,11,-0.13539067744855354,MAP_PMU,99,0.0050515465524100245
1,B_svc,2,0.28357704199626727,11,0.2815732902354433,MAP_PMU,99,0.0020037517608239575
2,UPFC_Vsh,5-15,1.1054909437863036,11,1.1071861365154951,MAP_PMU,99,0.001695192729191497
3,UPFC_tsh,5-15,-0.22977141272735283,11,-0.22936906308085359,MAP_PMU,99,0.0004023496464992393
4,UPFC_Vse,5-15,0.06145493503660499,11,0.06027927656029769,MAP_PMU,99,0.0011756584763073022
5,UPFC_tse,5-15,-2.1782194387149416,11,-2.153859444240261,MAP_PMU,99,0.024359994474680402
0,x_tcsc,1-14,-0.14010712969324574,12,-0.13539067744855354,MAP_PMU,99,0.004716452244692193
1,B_svc,2,0.28290065304421613,12,0.2815732902354433,MAP_PMU,99,0.001327362808772825
2,UPFC_Vsh,5-15,1.105482108514613,12,1.1071861365154951,MAP_PMU,99,0.0017040280008822073
3,UPFC_tsh,5-15,-0.22978795064221819,12,-0.22936906308085359,MAP_PMU,99,0.00041888756136460037
4,UPFC_Vse,5-15,0.061843185533717884,12,0.06027927656029769,MAP_PMU,99,0.0015639089734201944
5,UPFC_tse,5-15,-2.1748580031064377,12,-2.153859444240261,MAP_PMU,99,0.02099855886617652
0,x_tcsc,1-14,-0.1403020897323233,13,-0.13539067744855354,MAP_PMU,99,0.004911412283769762
1,B_svc,2,0.283219384630709,13,0.2815732902354433,MAP_PMU,99,0.001646094395265696
2,UPFC_Vsh,5-15,1.1052964983905267,13,1.1071861365154951,MAP_PMU,99,0.0018896381249684513
3,UPFC_tsh,5-15,-0.2298184757838999,13,-0.22936906308085359,MAP_PMU,99,0.00044941270304632575
4,UPFC_Vse,5-15,0.06114773070106033,13,0.06027927656029769,MAP_PMU,99,0.0008684541407626423
5,UPFC_tse,5-15,-2.1808577178458664,13,-2.153859444240261,MAP_PMU,99,0.02699827360560514
0,x_tcsc,1-14,-0.1400412522690337,14,-0.13539067744855354,MAP_PMU,99,0.004650574820480147
1,B_svc,2,0.28334155110586184,14,0.2815732902354433,MAP_PMU,99,0.0017682608704185365
2,UPFC_Vsh,5-15,1.1053639669969715,14,1.1071861365154951,MAP_PMU,99,0.001822169518523653
3,UPFC_tsh,5-15,-0.22977270479909356,14,-0.22936906308085359,MAP_PMU,99,0.00040364171823997763
4,UPFC_Vse,5-15,0.061583651982196994,14,0.06027927656029769,MAP_PMU,99,0.0013043754218993037
5,UPFC_tse,5-15,-2.1834438062461157,14,-2.153859444240261,MAP_PMU,99,0.02958436200585446
0,x_tcsc,1-14,-0.1400586689309763,15,-0.13539067744855354,MAP_PMU,99,0.004667991482422751
1,B_svc,2,0.28303095768150743,15,0.2815732902354433,MAP_PMU,99,0.001457667446064126
2,UPFC_Vsh,5-15,1.1057521189000552,15,1.1071861365154951,MAP_PMU,99,0.001434017615439931
3,UPFC_tsh,5-15,-0.22972642820091613,15,-0.22936906308085359,MAP_PMU,99,0.0003573651200625416
4,UPFC_Vse,5-15,0.061066504214440306,15,0.06027927656029769,MAP_PMU,99,0.0007872276541426165
5,UPFC_tse,5-15,-2.178199990795792,15,-2.153859444240261,MAP_PMU,99,0.02434054655553064
0,x_tcsc,1-14,-0.14025360604695647,16,-0.13539067744855354,MAP_PMU,99,0.004862928598402927
1,B_svc,2,0.2836460883242189,16,0.2815732902354433,MAP_PMU,99,0.002072798088775585
2,UPFC_Vsh,5-15,1.105130337029538,16,1.1071861365154951,MAP_PMU,99,0.0020557994859571327
3,UPFC_tsh,5-15,-0.2297768106750737,16,-0.22936906308085359,MAP_PMU,99,0.00040774759422010365
4,UPFC_Vse,5-15,0.062008611487010236,16,0.06027927656029769,MAP_PMU,99,0.001729334926712546
5,UPFC_tse,5-15,-2.1914619868808036,16,-2.153859444240261,MAP_PMU,99,0.03760254264054241
0,x_tcsc,1-14,-0.14036017917859928,17,-0.13539067744855354,MAP_PMU,99,0.004969501730045733
1,B_svc,2,0.2831380479841819,17,0.2815732902354433,MAP_PMU,99,0.0015647577487385989
2,UPFC_Vsh,5-15,1.1053601978085867,17,1.1071861365154951,MAP_PMU,99,0.001825938706908392
3,UPFC_tsh,5-15,-0.22977731751320443,17,-0.22936906308085359,MAP_PMU,99,0.00040825443235084635
4,UPFC_Vse,5-15,0.061280830657294665,17,0.06027927656029769,MAP_PMU,99,0.0010015540969969747
5,UPFC_tse,5-15,-2.1882527980140942,17,-2.153859444240261,MAP_PMU,99,0.03439335377383301
0,x_tcsc,1-14,-0.14054491754386914,18,-0.13539067744855354,MAP_PMU,99,0.005154240095315593
1,B_svc,2,0.2833054191511267,18,0.2815732902354433,MAP_PMU,99,0.0017321289156834174
2,UPFC_Vsh,5-15,1.1054564953214323,18,1.1071861365154951,MAP_PMU,99,0.0017296411940628253
3,UPFC_tsh,5-15,-0.22975090241076443,18,-0.22936906308085359,MAP_PMU,99,0.00038183932991084357
4,UPFC_Vse,5-15,0.06114590234487613,18,0.06027927656029769,MAP_PMU,99,0.0008666257845784398
5,UPFC_tse,5-15,-2.179292461233869,18,-2.153859444240261,MAP_PMU,99,0.025433016993607893
0,x_tcsc,1-14,-0.1408312913181736,19,-0.13539067744855354,MAP_PMU,99,0.0054406138696200534
1,B_svc,2,0.28287181844160386,19,0.2815732902354433,MAP_PMU,99,0.001298528206160554
2,UPFC_Vsh,5-15,1.1053398245219992,19,1.1071861365154951,MAP_PMU,99,0.0018463119934959416
3,UPFC_tsh,5-15,-0.22974151823114836,19,-0.22936906308085359,MAP_PMU,99,0.0003724551502947704
4,UPFC_Vse,5-15,0.06143689288994311,19,0.06027927656029769,MAP_PMU,99,0.0011576163296454223
5,UPFC_tse,5-15,-2.181830398497865,19,-2.153859444240261,MAP_PMU,99,0.027970954257603875
0,x_tcsc,1-14,-0.14017679880847647,20,-0.13539067744855354,MAP_PMU,99,0.004786121359922929
1,B_svc,2,0.2831959402759662,20,0.2815732902354433,MAP_PMU,99,0.001622650040522866
2,UPFC_Vsh,5-15,1.1063197918121959,20,1.1071861365154951,MAP_PMU,99,0.000866344703299271
3,UPFC_tsh,5-15,-0.22972640322022503,20,-0.22936906308085359,MAP_PMU,99,0.0003573401393714426
4,UPFC_Vse,5-15,0.06111840507612645,20,0.06027927656029769,MAP_PMU,99,0.0008391285158287631
5,UPFC_tse,5-15,-2.171662666311083,20,-2.153859444240261,MAP_PMU,99,0.017803222070821967
0,x_tcsc,1-14,-0.1405156955381682,21,-0.13539067744855354,MAP_PMU,99,0.005125018089614658
1,B_svc,2,0.2830442016230998,21,0.2815732902354433,MAP_PMU,99,0.0014709113876564817
2,UPFC_Vsh,5-15,1.105816755913443,21,1.1071861365154951,MAP_PMU,99,0.0013693806020520505
3,UPFC_tsh,5-15,-0.22975857058029633,21,-0.22936906308085359,MAP_PMU,99,0.0003895074994427483
4,UPFC_Vse,5-15,0.06140778274708857,21,0.06027927656029769,MAP_PMU,99,0.0011285061867908827
5,UPFC_tse,5-15,-2.185961331897828,21,-2.153859444240261,MAP_PMU,99,0.03210188765756694
0,x_tcsc,1-14,-0.14037649327030624,22,-0.13539067744855354,MAP_PMU,99,0.004985815821752698
1,B_svc,2,0.2833050127688349,22,0.2815732902354433,MAP_PMU,99,0.0017317225333915998
2,UPFC_Vsh,5-15,1.1056094833436392,22,1.1071861365154951,MAP_PMU,99,0.0015766531718559573
3,UPFC_tsh,5-15,-0.22977526532526987,22,-0.22936906308085359,MAP_PMU,99,0.00040620224441628716
4,UPFC_Vse,5-15,0.06118679020156979,22,0.06027927656029769,MAP_PMU,99,0.0009075136412721035
5,UPFC_tse,5-15,-2.1770747857009223,22,-2.153859444240261,MAP_PMU,99,0.023215341460661065
0,x_tcsc,1-14,-0.1411683177658484,23,-0.13539067744855354,MAP_PMU,99,0.005777640317294858
1,B_svc,2,0.28344174330358823,23,0.2815732902354433,MAP_PMU,99,0.0018684530681449263
2,UPFC_Vsh,5-15,1.1051858650813016,23,1.1071861365154951,MAP_PMU,99,0.002000271434193568
3,UPFC_tsh,5-15,-0.22985632041751008,23,-0.22936906308085359,MAP_PMU,99,0.0004872573366564992
4,UPFC_Vse,5-15,0.061924991609180836,23,0.06027927656029769,MAP_PMU,99,0.0016457150488831465
5,UPFC_tse,5-15,-2.192913587294864,23,-2.153859444240261,MAP_PMU,99,0.039054143054602974
0,x_tcsc,1-14,-0.14013564748069943,24,-0.13539067744855354,MAP_PMU,99,0.004744970032145884
1,B_svc,2,0.2832627773029351,24,0.2815732902354433,MAP_PMU,99,0.0016894870674917795
2,UPFC_Vsh,5-15,1.1057010935830887,24,1.1071861365154951,MAP_PMU,99,0.0014850429324064773
3,UPFC_tsh,5-15,-0.2296732159499434,24,-0.22936906308085359,MAP_PMU,99,0.0003041528690898021
4,UPFC_Vse,5-15,0.060970576782054094,24,0.06027927656029769,MAP_PMU,99,0.0006913002217564038
5,UPFC_tse,5-15,-2.183562349225236,24,-2.153859444240261,MAP_PMU,99,0.029702904984974854
0,x_tcsc,1-14,-0.14026773214826424,25,-0.13539067744855354,MAP_PMU,99,0.004877054699710698
1,B_svc,2,0.2831181319694243,25,0.2815732902354433,MAP_PMU,99,0.001544841733981006
2,UPFC_Vsh,5-15,1.105772630437453,25,1.1071861365154951,MAP_PMU,99,0.001413506078042026
3,UPFC_tsh,5-15,-0.22978885755139378,25,-0.22936906308085359,MAP_PMU,99,0.00041979447054019126
4,UPFC_Vse,5-15,0.06132953899430296,25,0.06027927656029769,MAP_PMU,99,0.0010502624340052724
5,UPFC_tse,5-15,-2.1869135748078414,25,-2.153859444240261,MAP_PMU,99,0.03305413056758022
0,x_tcsc,1-14,-0.14053622872787988,26,-0.13539067744855354,MAP_PMU,99,0.005145551279326338
1,B_svc,2,0.2834135434913318,26,0.2815732902354433,MAP_PMU,99,0.001840253255888491
2,UPFC_Vsh,5-15,1.1056560662511734,26,1.1071861365154951,MAP_PMU,99,0.0015300702643217257
3,UPFC_tsh,5-15,-0.22977273996805525,26,-0.22936906308085359,MAP_PMU,99,0.00040367688720166495
4,UPFC_Vse,5-15,0.0616102267902,26,0.06027927656029769,MAP_PMU,99,0.0013309502299023099
5,UPFC_tse,5-15,-2.180316661464252,26,-2.153859444240261,MAP_PMU,99,0.02645721722399097
0,x_tcsc,1-14,-0.14075281289815322,27,-0.13539067744855354,MAP_PMU,99,0.005362135449599681
1,B_svc,2,0.28360352740544253,27,0.2815732902354433,MAP_PMU,99,0.002030237169999227
2,UPFC_Vsh,5-15,1.1054537168150742,27,1.1071861365154951,MAP_PMU,99,0.0017324197004209285
3,UPFC_tsh,5-15,-0.229723772167263,27,-0.22936906308085359,MAP_PMU,99,0.000354709086409416
4,UPFC_Vse,5-15,0.0614432596795923,27,0.06027927656029769,MAP_PMU,99,0.0011639831192946093
5,UPFC_tse,5-15,-2.1804333251972796,27,-2.153859444240261,MAP_PMU,99,0.026573880957018403
0,x_tcsc,1-14,-0.14080680522054795,28,-0.13539067744855354,MAP_PMU,99,0.005416127771994406
1,B_svc,2,0.28304677766329106,28,0.2815732902354433,MAP_PMU,99,0.0014734874278477528
2,UPFC_Vsh,5-15,1.105459633241669,28,1.1071861365154951,MAP_PMU,99,0.0017265032738260633
3,UPFC_tsh,5-15,-0.22975532467661733,28,-0.22936906308085359,MAP_PMU,99,0.00038626159576374275
4,UPFC_Vse,5-15,0.06139429846542122,28,0.06027927656029769,MAP_PMU,99,0.0011150219051235324
5,UPFC_tse,5-15,-2.1796312461624057,28,-2.153859444240261,MAP_PMU,99,0.025771801922144455
0,x_tcsc,1-14,-0.1406969642937665,29,-0.13539067744855354,MAP_PMU,99,0.005306286845212949
1,B_svc,2,0.28292393075814815,29,0.2815732902354433,MAP_PMU,99,0.001350640522704838
2,UPFC_Vsh,5-15,1.105313209961495,29,1.1071861365154951,MAP_PMU,99,0.001872926554000065
3,UPFC_tsh,5-15,-0.22971416273976134,29,-0.22936906308085359,MAP_PMU,99,0.0003450996589077493
4,UPFC_Vse,5-15,0.06170813208253281,29,0.06027927656029769,MAP_PMU,99,0.001428855522235123
5,UPFC_tse,5-15,-2.1795067697483,29,-2.153859444240261,MAP_PMU,99,0.025647325508038943
0,x_tcsc,1-14,-0.1406709592511486,30,-0.13539067744855354,MAP_PMU,99,0.005280281802595044
1,B_svc,2,0.2826175087099285,30,0.2815732902354433,MAP_PMU,99,0.0010442184744852145
2,UPFC_Vsh,5-15,1.1054552926938086,30,1.1071861365154951,MAP_PMU,99,0.001730843821686534
3,UPFC_tsh,5-15,-0.22977685394083358,30,-0.22936906308085359,MAP_PMU,99,0.0004077908599799951
4,UPFC_Vse,5-15,0.06137416324050785,30,0.06027927656029769,MAP_PMU,99,0.0010948866802101623
5,UPFC_tse,5-15,-2.1845821816997746,30,-2.153859444240261,MAP_PMU,99,0.030722737459513372
0,x_tcsc,1-14,-0.1403182709961812,31,-0.13539067744855354,MAP_PMU,99,0.0049275935476276456
1,B_svc,2,0.2831681177731075,31,0.2815732902354433,MAP_PMU,99,0.0015948275376642118
2,UPFC_Vsh,5-15,1.1054333304230777,31,1.1071861365154951,MAP_PMU,99,0.0017528060924174582
3,UPFC_tsh,5-15,-0.22983303571511698,31,-0.22936906308085359,MAP_PMU,99,0.00046397263426339874
4,UPFC_Vse,5-15,0.061626987792384784,31,0.06027927656029769,MAP_PMU,99,0.001347711232087094
5,UPFC_tse,5-15,-2.1857531576005313,31,-2.153859444240261,MAP_PMU,99,0.03189371336027014
0,x_tcsc,1-14,-0.14115216235474148,32,-0.13539067744855354,MAP_PMU,99,0.005761484906187941
1,B_svc,2,0.28301074581524643,32,0.2815732902354433,MAP_PMU,99,0.0014374555798031263
2,UPFC_Vsh,5-15,1.1055147095990643,32,1.1071861365154951,MAP_PMU,99,0.0016714269164308515
3,UPFC_tsh,5-15,-0.22979037651982062,32,-0.22936906308085359,MAP_PMU,99,0.0004213134389670359
4,UPFC_Vse,5-15,0.06103426902398963,32,0.06027927656029769,MAP_PMU,99,0.000754992463691942
5,UPFC_tse,5-15,-2.1840313069698345,32,-2.153859444240261,MAP_PMU,99,0.030171862729573284
0,x_tcsc,1-14,-0.14063716931640352,33,-0.13539067744855354,MAP_PMU,99,0.005246491867849978
1,B_svc,2,0.28349130840416764,33,0.2815732902354433,MAP_PMU,99,0.0019180181687243336
2,UPFC_Vsh,5-15,1.1050456118486665,33,1.1071861365154951,MAP_PMU,99,0.0021405246668286804
3,UPFC_tsh,5-15,-0.22985462414166632,33,-0.22936906308085359,MAP_PMU,99,0.0004855610608127392
4,UPFC_Vse,5-15,0.06157603435268059,33,0.06027927656029769,MAP_PMU,99,0.001296757792382898
5,UPFC_tse,5-15,-2.191122652018001,33,-2.153859444240261,MAP_PMU,99,0.037263207777739726
0,x_tcsc,1-14,-0.14106101870198304,34,-0.13539067744855354,MAP_PMU,99,0.005670341253429495
1,B_svc,2,0.2827047565980421,34,0.2815732902354433,MAP_PMU,99,0.0011314663625988097
2,UPFC_Vsh,5-15,1.1050962272082105,34,1.1071861365154951,MAP_PMU,99,0.0020899093072845876
3,UPFC_tsh,5-15,-0.22989442103300584,34,-0.22936906308085359,MAP_PMU,99,0.00052535795215225
4,UPFC_Vse,5-15,0.06175194424417944,34,0.06027927656029769,MAP_PMU,99,0.0014726676838817468
5,UPFC_tse,5-15,-2.190665700720257,34,-2.153859444240261,MAP_PMU,99,0.0368062564799958
0,x_tcsc,1-14,-0.14019272512198372,35,-0.13539067744855354,MAP_PMU,99,0.0048020476734301765
1,B_svc,2,0.28332134757037636,35,0.2815732902354433,MAP_PMU,99,0.0017480573349330508
2,UPFC_Vsh,5-15,1.1056207236751014,35,1.1071861365154951,MAP_PMU,99,0.0015654128403936873
3,UPFC_tsh,5-15,-0.22977042221453153,35,-0.22936906308085359,MAP_PMU,99,0.0004013591336779476
4,UPFC_Vse,5-15,0.06135276456323324,35,0.06027927656029769,MAP_PMU,99,0.001073488002935552
5,UPFC_tse,5-15,-2.182377348238511,35,-2.153859444240261,MAP_PMU,99,0.02851790399824994
0,x_tcsc,1-14,-0.13979522637682296,36,-0.13539067744855354,MAP_PMU,99,0.004404548928269414
1,B_svc,2,0.2829523800516192,36,0.2815732902354433,MAP_PMU,99,0.0013790898161759046
2,UPFC_Vsh,5-15,1.1058780201789045,36,1.1071861365154951,MAP_PMU,99,0.00130811633659067
3,UPFC_tsh,5-15,-0.22969265918649887,36,-0.22936906308085359,MAP_PMU,99,0.00032359610564527963
4,UPFC_Vse,5-15,0.06151289597276889,36,0.06027927656029769,MAP_PMU,99,0.0012336194124712013
5,UPFC_tse,5-15,-2.1762949995936567,36,-2.153859444240261,MAP_PMU,99,0.022435555353395475
0,x_tcsc,1-14,-0.14019353687746516,37,-0.13539067744855354,MAP_PMU,99,0.004802859428911621
1,B_svc,2,0.2830587720415885,37,0.2815732902354433,MAP_PMU,99,0.0014854818061452169
2,UPFC_Vsh,5-15,1.1063729324555205,37,1.1071861365154951,MAP_PMU,99,0.0008132040599746482
3,UPFC_tsh,5-15,-0.22963136496258463,37,-0.22936906308085359,MAP_PMU,99,0.00026230188173104185
4,UPFC_Vse,5-15,0.060215571029161835,37,0.06027927656029769,MAP_PMU,99,6.370553113585475e-05
5,UPFC_tse,5-15,-2.1723057792987492,37,-2.153859444240261,MAP_PMU,99,0.018446335058488028
0,x_tcsc,1-14,-0.14050388979091552,38,-0.13539067744855354,MAP_PMU,99,0.005113212342361978
1,B_svc,2,0.28293458267289817,38,0.2815732902354433,MAP_PMU,99,0.001361292437454864
2,UPFC_Vsh,5-15,1.1056455348669685,38,1.1071861365154951,MAP_PMU,99,0.0015406016485266516
3,UPFC_tsh,5-15,-0.22977485228445987,38,-0.22936906308085359,MAP_PMU,99,0.00040578920360628823
4,UPFC_Vse,5-15,0.061477409231211796,38,0.06027927656029769,MAP_PMU,99,0.0011981326709141066
5,UPFC_tse,5-15,-2.1794297735710884,38,-2.153859444240261,MAP_PMU,99,0.025570329330827146
0,x_tcsc,1-14,-0.14015101369242097,39,-0.13539067744855354,MAP_PMU,99,0.00476033624386743
1,B_svc,2,0.2835633631911436,39,0.2815732902354433,MAP_PMU,99,0.001990072955700306
2,UPFC_Vsh,5-15,1.105439748845736,39,1.1071861365154951,MAP_PMU,99,0.0017463876697592084
3,UPFC_tsh,5-15,-0.2297627745855271,39,-0.22936906308085359,MAP_PMU,99,0.00039371150467351623
4,UPFC_Vse,5-15,0.06144316850268038,39,0.06027927656029769,MAP_PMU,99,0.001163891942382693
5,UPFC_tse,5-15,-2.181688180360347,39,-2.153859444240261,MAP_PMU,99,0.02782873612008574
0,x_tcsc,1-14,-0.13997418905105152,40,-0.13539067744855354,MAP_PMU,99,0.0045835116024979805
1,B_svc,2,0.2829467526942487,40,0.2815732902354433,MAP_PMU,99,0.0013734624588053745
2,UPFC_Vsh,5-15,1.105932835734135,40,1.1071861365154951,MAP_PMU,99,0.0012533007813602115
3,UPFC_tsh,5-15,-0.22974439057727133,40,-0.22936906308085359,MAP_PMU,99,0.0003753274964177489
4,UPFC_Vse,5-15,0.06122678939831289,40,0.06027927656029769,MAP_PMU,99,0.0009475128380152034
5,UPFC_tse,5-15,-2.174850721465064,40,-2.153859444240261,MAP_PMU,99,0.02099127722480265
0,x_tcsc,1-14,-0.14093480834372082,41,-0.13539067744855354,MAP_PMU,99,0.005544130895167282
1,B_svc,2,0.28351209339352546,41,0.2815732902354433,MAP_PMU,99,0.0019388031580821474
2,UPFC_Vsh,5-15,1.1053740458928616,41,1.1071861365154951,MAP_PMU,99,0.0018120906226335443
3,UPFC_tsh,5-15,-0.22980755799222594,41,-0.22936906308085359,MAP_PMU,99,0.0004384949113723502
4,UPFC_Vse,5-15,0.061520783626555296,41,0.06027927656029769,MAP_PMU,99,0.0012415070662576064
5,UPFC_tse,5-15,-2.1824538278274255,41,-2.153859444240261,MAP_PMU,99,0.028594383587164263
0,x_tcsc,1-14,-0.14051201567967345,42,-0.13539067744855354,MAP_PMU,99,0.005121338231119904
1,B_svc,2,0.2830226365229927,42,0.2815732902354433,MAP_PMU,99,0.0014493462875493912
2,UPFC_Vsh,5-15,1.1052350079589142,42,1.1071861365154951,MAP_PMU,99,0.0019511285565809722
3,UPFC_tsh,5-15,-0.22973392450663618,42,-0.22936906308085359,MAP_PMU,99,0.0003648614257825977
4,UPFC_Vse,5-15,0.06158394203680454,42,0.06027927656029769,MAP_PMU,99,0.0013046654765068513
5,UPFC_tse,5-15,-2.1739187223717926,42,-2.153859444240261,MAP_PMU,99,0.02005927813153141
0,x_tcsc,1-14,-0.14031023843829907,43,-0.13539067744855354,MAP_PMU,99,0.004919560989745525
1,B_svc,2,0.282782384749802,43,0.2815732902354433,MAP_PMU,99,0.0012090945143586884
2,UPFC_Vsh,5-15,1.1059897970161658,43,1.1071861365154951,MAP_PMU,99,0.0011963394993292908
3,UPFC_tsh,5-15,-0.22972694749419512,43,-0.22936906308085359,MAP_PMU,99,0.00035788441334153043
4,UPFC_Vse,5-15,0.061242815020334254,43,0.06027927656029769,MAP_PMU,99,0.0009635384600365643
5,UPFC_tse,5-15,-2.175667446313837,43,-2.153859444240261,MAP_PMU,99,0.021808002073575583
0,x_tcsc,1-14,-0.14039010321029627,44,-0.13539067744855354,MAP_PMU,99,0.004999425761742726
1,B_svc,2,0.2829330036651165,44,0.2815732902354433,MAP_PMU,99,0.0013597134296731705
2,UPFC_Vsh,5-15,1.104963266972256,44,1.1071861365154951,MAP_PMU,99,0.0022228695432391365
3,UPFC_tsh,5-15,-0.22981019647137804,44,-0.22936906308085359,MAP_PMU,99,0.0004411333905244563
4,UPFC_Vse,5-15,0.061334242911288334,44,0.06027927656029769,MAP_PMU,99,0.0010549663509906437
5,UPFC_tse,5-15,-2.1896560863965404,44,-2.153859444240261,MAP_PMU,99,0.0357966421562792
0,x_tcsc,1-14,-0.14021291147398837,45,-0.13539067744855354,MAP_PMU,99,0.0048222340254348295
1,B_svc,2,0.2832603696069252,45,0.2815732902354433,MAP_PMU,99,0.001687079371481881
2,UPFC_Vsh,5-15,1.1054315899233345,45,1.1071861365154951,MAP_PMU,99,0.0017545465921606773
3,UPFC_tsh,5-15,-0.22985546755127043,45,-0.22936906308085359,MAP_PMU,99,0.0004864044704168402
4,UPFC_Vse,5-15,0.06131261678271955,45,0.06027927656029769,MAP_PMU,99,0.0010333402224218594
5,UPFC_tse,5-15,-2.1852564748556382,45,-2.153859444240261,MAP_PMU,99,0.03139703061537702
0,x_tcsc,1-14,-0.14029335224940062,46,-0.13539067744855354,MAP_PMU,99,0.004902674800847079
1,B_svc,2,0.28344145339975546,46,0.2815732902354433,MAP_PMU,99,0.0018681631643121532
2,UPFC_Vsh,5-15,1.1054614972293264,46,1.1071861365154951,MAP_PMU,99,0.0017246392861687276
3,UPFC_tsh,5-15,-0.2297632097193072,46,-0.22936906308085359,MAP_PMU,99,0.0003941466384536074
4,UPFC_Vse,5-15,0.06147562176806447,46,0.06027927656029769,MAP_PMU,99,0.0011963452077667774
5,UPFC_tse,5-15,-2.1799325291205554,46,-2.153859444240261,MAP_PMU,99,0.02607308488029414
0,x_tcsc,1-14,-0.14031441570665826,47,-0.13539067744855354,MAP_PMU,99,0.004923738258104715
1,B_svc,2,0.283033567223674,47,0.2815732902354433,MAP_PMU,99,0.001460276988230702
2,UPFC_Vsh,5-15,1.1054623190312503,47,1.1071861365154951,MAP_PMU,99,0.0017238174842448828
3,UPFC_tsh,5-15,-0.22978260321677527,47,-0.22936906308085359,MAP_PMU,99,0.0004135401359216806
4,UPFC_Vse,5-15,0.061388242308798566,47,0.06027927656029769,MAP_PMU,99,0.0011089657485008758
5,UPFC_tse,5-15,-2.1770983813969083,47,-2.153859444240261,MAP_PMU,99,0.023238937156647044
0,x_tcsc,1-14,-0.14056056197704117,48,-0.13539067744855354,MAP_PMU,99,0.005169884528487628
1,B_svc,2,0.2831170594033337,48,0.2815732902354433,MAP_PMU,99,0.0015437691678903964
2,UPFC_Vsh,5-15,1.1057609348295914,48,1.1071861365154951,MAP_PMU,99,0.0014252016859037653
3,UPFC_tsh,5-15,-0.22972520754323794,48,-0.22936906308085359,MAP_PMU,99,0.0003561444623843557
4,UPFC_Vse,5-15,0.061252841788506394,48,0.06027927656029769,MAP_PMU,99,0.0009735652282087046
5,UPFC_tse,5-15,-2.1809772536289573,48,-2.153859444240261,MAP_PMU,99,0.027117809388696124
0,x_tcsc,1-14,-0.14017027462357018,49,-0.13539067744855354,MAP_PMU,99,0.004779597175016637
1,B_svc,2,0.2826852563236673,49,0.2815732902354433,MAP_PMU,99,0.0011119660882240034
2,UPFC_Vsh,5-15,1.1058072535157797,49,1.1071861365154951,MAP_PMU,99,0.0013788829997154473
3,UPFC_tsh,5-15,-0.229670681904042,49,-0.22936906308085359,MAP_PMU,99,0.0003016188231884098
4,UPFC_Vse,5-15,0.06120767753990911,49,0.06027927656029769,MAP_PMU,99,0.0009284009796114226
5,UPFC_tse,5-15,-2.172889354673858,49,-2.153859444240261,MAP_PMU,99,0.019029910433596697
0,x_tcsc,1-14,-0.1405595648939961,50,-0.13539067744855354,MAP_PMU,99,0.005168887445442555
1,B_svc,2,0.2828330011426941,50,0.2815732902354433,MAP_PMU,99,0.0012597109072507995
2,UPFC_Vsh,5-15,1.1057447531600098,50,1.1071861365154951,MAP_PMU,99,0.0014413833554853817
3,UPFC_tsh,5-15,-0.2298098866404754,50,-0.22936906308085359,MAP_PMU,99,0.00044082355962182795
4,UPFC_Vse,5-15,0.0615788713100305,50,0.06027927656029769,MAP_PMU,99,0.0012995947497328117
5,UPFC_tse,5-15,-2.1897613069946886,50,-2.153859444240261,MAP_PMU,99,0.035901862754427416
0,x_tcsc,1-14,-0.1402166532040129,51,-0.13539067744855354,MAP_PMU,99,0.004825975755459344
1,B_svc,2,0.28315061846148093,51,0.2815732902354433,MAP_PMU,99,0.001577328226037622
2,UPFC_Vsh,5-15,1.1054005011968069,51,1.1071861365154951,MAP_PMU,99,0.00178563531868825
3,UPFC_tsh,5-15,-0.22979544115025577,51,-0.22936906308085359,MAP_PMU,99,0.0004263780694021835
4,UPFC_Vse,5-15,0.06142603900806603,51,0.06027927656029769,MAP_PMU,99,0.0011467624477683389
5,UPFC_tse,5-15,-2.173554813023863,51,-2.153859444240261,MAP_PMU,99,0.019695368783601896
0,x_tcsc,1-14,-0.1411435347375801,52,-0.13539067744855354,MAP_PMU,99,0.005752857289026553
1,B_svc,2,0.2835824007521174,52,0.2815732902354433,MAP_PMU,99,0.002009110516674073
2,UPFC_Vsh,5-15,1.104982649104346,52,1.1071861365154951,MAP_PMU,99,0.0022034874111491742
3,UPFC_tsh,5-15,-0.22989248379080218,52,-0.22936906308085359,MAP_PMU,99,0.0005234207099485966
4,UPFC_Vse,5-15,0.06163846453530588,52,0.06027927656029769,MAP_PMU,99,0.00135918797500819
5,UPFC_tse,5-15,-2.177799969320776,52,-2.153859444240261,MAP_PMU,99,0.023940525080514696
0,x_tcsc,1-14,-0.14013091320335005,53,-0.13539067744855354,MAP_PMU,99,0.004740235754796512
1,B_svc,2,0.28381795730719145,53,0.2815732902354433,MAP_PMU,99,0.002244667071748141
2,UPFC_Vsh,5-15,1.1054706797991263,53,1.1071861365154951,MAP_PMU,99,0.0017154567163688572
3,UPFC_tsh,5-15,-0.22972865651821128,53,-0.22936906308085359,MAP_PMU,99,0.000359593437357697
4,UPFC_Vse,5-15,0.06172795440943909,53,0.06027927656029769,MAP_PMU,99,0.0014486778491413985
5,UPFC_tse,5-15,-2.1891858526841976,53,-2.153859444240261,MAP_PMU,99,0.03532640844393642
0,x_tcsc,1-14,-0.14101237118827725,54,-0.13539067744855354,MAP_PMU,99,0.00562169373972371
1,B_svc,2,0.28344876805551367,54,0.2815732902354433,MAP_PMU,99,0.0018754778200703592
2,UPFC_Vsh,5-15,1.1051359861941397,54,1.1071861365154951,MAP_PMU,99,0.0020501503213554706
3,UPFC_tsh,5-15,-0.2298071208553483,54,-0.22936906308085359,MAP_PMU,99,0.00043805777449471006
4,UPFC_Vse,5-15,0.06190182846084663,54,0.06027927656029769,MAP_PMU,99,0.0016225519005489408
5,UPFC_tse,5-15,-2.188002712948347,54,-2.153859444240261,MAP_PMU,99,0.03414326870808582
0,x_tcsc,1-14,-0.1408529740464077,55,-0.13539067744855354,MAP_PMU,99,0.0054622965978541604
1,B_svc,2,0.2839739666650048,55,0.2815732902354433,MAP_PMU,99,0.002400676429561488
2,UPFC_Vsh,5-15,1.105385265530277,55,1.1071861365154951,MAP_PMU,99,0.0018008709852181948
3,UPFC_tsh,5-15,-0.22990803068107002,55,-0.22936906308085359,MAP_PMU,99,0.0005389676002164334
4,UPFC_Vse,5-15,0.061608984850845115,55,0.06027927656029769,MAP_PMU,99,0.0013297082905474253
5,UPFC_tse,5-15,-2.1800631612652115,55,-2.153859444240261,MAP_PMU,99,0.02620371702495028
0,x_tcsc,1-14,-0.14028131864249108,56,-0.13539067744855354,MAP_PMU,99,0.004890641193937534
1,B_svc,2,0.2831355275937037,56,0.2815732902354433,MAP_PMU,99,0.0015622373582603877
2,UPFC_Vsh,5-15,1.1057567514780164,56,1.1071861365154951,MAP_PMU,99,0.001429385037478692
3,UPFC_tsh,5-15,-0.2297289192518189,56,-0.22936906308085359,MAP_PMU,99,0.00035985617096531697
4,UPFC_Vse,5-15,0.06126253923920017,56,0.06027927656029769,MAP_PMU,99,0.0009832626789024815
5,UPFC_tse,5-15,-2.1773416189138177,56,-2.153859444240261,MAP_PMU,99,0.02348217467355651
0,x_tcsc,1-14,-0.14019995149431355,57,-0.13539067744855354,MAP_PMU,99,0.004809274045760009
1,B_svc,2,0.28289329977096345,57,0.2815732902354433,MAP_PMU,99,0.0013200095355201391
2,UPFC_Vsh,5-15,1.1058145034994955,57,1.1071861365154951,MAP_PMU,99,0.0013716330159996293
3,UPFC_tsh,5-15,-0.22969661363809252,57,-0.22936906308085359,MAP_PMU,99,0.00032755055723893145
4,UPFC_Vse,5-15,0.06104390283305718,57,0.06027927656029769,MAP_PMU,99,0.000764626272759493
5,UPFC_tse,5-15,-2.1770885927942834,57,-2.153859444240261,MAP_PMU,99,0.02322914855402214
0,x_tcsc,1-14,-0.14027030848120808,58,-0.13539067744855354,MAP_PMU,99,0.004879631032654541
1,B_svc,2,0.28325915585937395,58,0.2815732902354433,MAP_PMU,99,0.001685865623930638
2,UPFC_Vsh,5-15,1.1055670631567924,58,1.1071861365154951,MAP_PMU,99,0.001619073358702705
3,UPFC_tsh,5-15,-0.22980795980857183,58,-0.22936906308085359,MAP_PMU,99,0.00043889672771824095
4,UPFC_Vse,5-15,0.06164451400662957,58,0.06027927656029769,MAP_PMU,99,0.0013652374463318795
5,UPFC_tse,5-15,-2.1879915926305076,58,-2.153859444240261,MAP_PMU,99,0.034132148390246364
0,x_tcsc,1-14,-0.14023739649165667,59,-0.13539067744855354,MAP_PMU,99,0.0048467190431031315
1,B_svc,2,0.2825882966391592,59,0.2815732902354433,MAP_PMU,99,0.001015006403715879
2,UPFC_Vsh,5-15,1.1054532488332385,59,1.1071861365154951,MAP_PMU,99,0.0017328876822566563
3,UPFC_tsh,5-15,-0.22974250725624373,59,-0.22936906308085359,MAP_PMU,99,0.0003734441753901474
4,UPFC_Vse,5-15,0.06162771985753777,59,0.06027927656029769,MAP_PMU,99,0.0013484432972400776
5,UPFC_tse,5-15,-2.1858169542028882,59,-2.153859444240261,MAP_PMU,99,0.03195750996262703
0,x_tcsc,1-14,-0.14036032770271045,60,-0.13539067744855354,MAP_PMU,99,0.00496965025415691
1,B_svc,2,0.28345422128155706,60,0.2815732902354433,MAP_PMU,99,0.001880931046113754
2,UPFC_Vsh,5-15,1.1056145231020165,60,1.1071861365154951,MAP_PMU,99,0.0015716134134786675
3,UPFC_tsh,5-15,-0.22979682436393503,60,-0.22936906308085359,MAP_PMU,99,0.0004277612830814459
4,UPFC_Vse,5-15,0.06165226074432403,60,0.06027927656029769,MAP_PMU,99,0.0013729841840263435
5,UPFC_tse,5-15,-2.188808220374933,60,-2.153859444240261,MAP_PMU,99,0.03494877613467162
0,x_tcsc,1-14,-0.1399892901166483,61,-0.13539067744855354,MAP_PMU,99,0.004598612668094748
1,B_svc,2,0.28352041134864925,61,0.2815732902354433,MAP_PMU,99,0.0019471211132059407
2,UPFC_Vsh,5-15,1.105924596078091,61,1.1071861365154951,MAP_PMU,99,0.0012615404374041184
3,UPFC_tsh,5-15,-0.2297481169023093,61,-0.22936906308085359,MAP_PMU,99,0.0003790538214557271
4,UPFC_Vse,5-15,0.06123848305777683,61,0.06027927656029769,MAP_PMU,99,0.0009592064974791384
5,UPFC_tse,5-15,-2.1746036782362475,61,-2.153859444240261,MAP_PMU,99,0.02074423399598624
0,x_tcsc,1-14,-0.1406626534073723,62,-0.13539067744855354,MAP_PMU,99,0.005271975958818759
1,B_svc,2,0.2832308944586977,62,0.2815732902354433,MAP_PMU,99,0.0016576042232543942
2,UPFC_Vsh,5-15,1.105328369221107,62,1.1071861365154951,MAP_PMU,99,0.0018577672943880241
3,UPFC_tsh,5-15,-0.22974677143493635,62,-0.22936906308085359,MAP_PMU,99,0.0003777083540827675
4,UPFC_Vse,5-15,0.06111589396293193,62,0.06027927656029769,MAP_PMU,99,0.0008366174026342432
5,UPFC_tse,5-15,-2.193050062061736,62,-2.153859444240261,MAP_PMU,99,0.03919061782147493
0,x_tcsc,1-14,-0.14056826282480298,63,-0.13539067744855354,MAP_PMU,99,0.005177585376249433
1,B_svc,2,0.2834930053887636,63,0.2815732902354433,MAP_PMU,99,0.0019197151533202894
2,UPFC_Vsh,5-15,1.1056629650402152,63,1.1071861365154951,MAP_PMU,99,0.0015231714752799164
3,UPFC_tsh,5-15,-0.22971803514282918,63,-0.22936906308085359,MAP_PMU,99,0.00034897206197559427
4,UPFC_Vse,5-15,0.060834251607456306,63,0.06027927656029769,MAP_PMU,99,0.0005549750471586165
5,UPFC_tse,5-15,-2.1806128373117377,63,-2.153859444240261,MAP_PMU,99,0.026753393071476506
0,x_tcsc,1-14,-0.14039015341220906,64,-0.13539067744855354,MAP_PMU,99,0.00499947596365552
1,B_svc,2,0.28310580680003217,64,0.2815732902354433,MAP_PMU,99,0.0015325165645888594
2,UPFC_Vsh,5-15,1.1058892588385016,64,1.1071861365154951,MAP_PMU,99,0.0012968776769934909
3,UPFC_tsh,5-15,-0.22970707812990104,64,-0.22936906308085359,MAP_PMU,99,0.0003380150490474576
4,UPFC_Vse,5-15,0.061186950308403126,64,0.06027927656029769,MAP_PMU,99,0.0009076737481054364
5,UPFC_tse,5-15,-2.1656071760624527,64,-2.153859444240261,MAP_PMU,99,0.011747731822191465
0,x_tcsc,1-14,-0.14032721615073676,65,-0.13539067744855354,MAP_PMU,99,0.0049365387021832186
1,B_svc,2,0.28293472815836884,65,0.2815732902354433,MAP_PMU,99,0.0013614379229255347
2,UPFC_Vsh,5-15,1.1058560965126925,65,1.1071861365154951,MAP_PMU,99,0.0013300400028026793
3,UPFC_tsh,5-15,-0.22971853317633065,65,-0.22936906308085359,MAP_PMU,99,0.0003494700954770613
4,UPFC_Vse,5-15,0.061336383522895846,65,0.06027927656029769,MAP_PMU,99,0.001057106962598156
5,UPFC_tse,5-15,-2.1741972259633697,65,-2.153859444240261,MAP_PMU,99,0.020337781723108517
0,x_tcsc,1-14,-0.1407617115157537,66,-0.13539067744855354,MAP_PMU,99,0.005371034067200159
1,B_svc,2,0.28322942091793685,66,0.2815732902354433,MAP_PMU,99,0.0016561306824935396
2,UPFC_Vsh,5-15,1.1052974518758707,66,1.1071861365154951,MAP_PMU,99,0.0018886846396244383
3,UPFC_tsh,5-15,-0.22976117846003238,66,-0.22936906308085359,MAP_PMU,99,0.0003921153791787979
4,UPFC_Vse,5-15,0.06160905841532811,66,0.06027927656029769,MAP_PMU,99,0.0013297818550304236
5,UPFC_tse,5-15,-2.189046893038205,66,-2.153859444240261,MAP_PMU,99,0.03518744879794378
0,x_tcsc,1-14,-0.14059155906621784,67,-0.13539067744855354,MAP_PMU,99,0.005200881617664299
1,B_svc,2,0.2835583403863199,67,0.2815732902354433,MAP_PMU,99,0.001985050150876577
2,UPFC_Vsh,5-15,1.1052443807366255,67,1.1071861365154951,MAP_PMU,99,0.0019417557788696804
3,UPFC_tsh,5-15,-0.22980460565866434,67,-0.22936906308085359,MAP_PMU,99,0.00043554257781075467
4,UPFC_Vse,5-15,0.06187005677169763,67,0.06027927656029769,MAP_PMU,99,0.0015907802113999392
5,UPFC_tse,5-15,-2.18262426568481,67,-2.153859444240261,MAP_PMU,99,0.028764821444548616
0,x_tcsc,1-14,-0.13977039853745482,68,-0.13539067744855354,MAP_PMU,99,0.004379721088901278
1,B_svc,2,0.2835589454435634,68,0.2815732902354433,MAP_PMU,99,0.0019856552081201073
2,UPFC_Vsh,5-15,1.1058476344220978,68,1.1071861365154951,MAP_PMU,99,0.0013385020933973646
3,UPFC_tsh,5-15,-0.2297673621700525,68,-0.22936906308085359,MAP_PMU,99,0.0003982990891989169
4,UPFC_Vse,5-15,0.06170415095338923,68,0.06027927656029769,MAP_PMU,99,0.001424874393091538
5,UPFC_tse,5-15,-2.1763286785920863,68,-2.153859444240261,MAP_PMU,99,0.02246923435182513
0,x_tcsc,1-14,-0.1405581679612415,69,-0.13539067744855354,MAP_PMU,99,0.0051674905126879445
1,B_svc,2,0.2837231278964625,69,0.2815732902354433,MAP_PMU,99,0.0021498376610191716
2,UPFC_Vsh,5-15,1.1056125525073186,69,1.1071861365154951,MAP_PMU,99,0.0015735840081765318
3,UPFC_tsh,5-15,-0.2298160863109689,69,-0.22936906308085359,MAP_PMU,99,0.00044702323011530654
4,UPFC_Vse,5-15,0.060943177999642204,69,0.06027927656029769,MAP_PMU,99,0.0006639014393445136
5,UPFC_tse,5-15,-2.1858905188032396,69,-2.153859444240261,MAP_PMU,99,0.03203107456297838
0,x_tcsc,1-14,-0.14056116421839843,70,-0.13539067744855354,MAP_PMU,99,0.005170486769844884
1,B_svc,2,0.28351135859160675,70,0.2815732902354433,MAP_PMU,99,0.001938068356163447
2,UPFC_Vsh,5-15,1.1060170637969176,70,1.1071861365154951,MAP_PMU,99,0.0011690727185775796
3,UPFC_tsh,5-15,-0.22975047389312223,70,-0.22936906308085359,MAP_PMU,99,0.00038141081226863993
4,UPFC_Vse,5-15,0.06131705521819388,70,0.06027927656029769,MAP_PMU,99,0.001037778657896192
5,UPFC_tse,5-15,-2.177989196817816,70,-2.153859444240261,MAP_PMU,99,0.024129752577554786
0,x_tcsc,1-14,-0.14121782620605208,71,-0.13539067744855354,MAP_PMU,99,0.00582714875749854
1,B_svc,2,0.2831241316146811,71,0.2815732902354433,MAP_PMU,99,0.0015508413792377773
2,UPFC_Vsh,5-15,1.1055230247833656,71,1.1071861365154951,MAP_PMU,99,0.0016631117321295186
3,UPFC_tsh,5-15,-0.22977461765306378,71,-0.22936906308085359,MAP_PMU,99,0.0004055545722101983
4,UPFC_Vse,5-15,0.060932712060733814,71,0.06027927656029769,MAP_PMU,99,0.0006534355004361239
5,UPFC_tse,5-15,-2.189444849334203,71,-2.153859444240261,MAP_PMU,99,0.0355854050939417
0,x_tcsc,1-14,-0.13993407759513252,72,-0.13539067744855354,MAP_PMU,99,0.004543400146578974
1,B_svc,2,0.28294095160248167,72,0.2815732902354433,MAP_PMU,99,0.0013676613670383642
2,UPFC_Vsh,5-15,1.1058153288174113,72,1.1071861365154951,MAP_PMU,99,0.0013708076980838424
3,UPFC_tsh,5-15,-0.22978361128755165,72,-0.22936906308085359,MAP_PMU,99,0.00041454820669806214
4,UPFC_Vse,5-15,0.06094262494119539,72,0.06027927656029769,MAP_PMU,99,0.0006633483808977034
5,UPFC_tse,5-15,-2.17783767510553,72,-2.153859444240261,MAP_PMU,99,0.023978230865268735
0,x_tcsc,1-14,-0.1408228828277459,73,-0.13539067744855354,MAP_PMU,99,0.0054322053791923675
1,B_svc,2,0.2829412279489955,73,0.2815732902354433,MAP_PMU,99,0.001367937713552203
2,UPFC_Vsh,5-15,1.1053121739631682,73,1.1071861365154951,MAP_PMU,99,0.0018739625523269687
3,UPFC_tsh,5-15,-0.22977440395164067,73,-0.22936906308085359,MAP_PMU,99,0.00040534087078708536
4,UPFC_Vse,5-15,0.061554979373620075,73,0.06027927656029769,MAP_PMU,99,0.0012757028133223852
5,UPFC_tse,5-15,-2.1885033649737236,73,-2.153859444240261,MAP_PMU,99,0.03464392073346234
0,x_tcsc,1-14,-0.14029966778379724,74,-0.13539067744855354,MAP_PMU,99,0.004908990335243696
1,B_svc,2,0.2833098876745035,74,0.2815732902354433,MAP_PMU,99,0.0017365974390601835
2,UPFC_Vsh,5-15,1.1055318777129417,74,1.1071861365154951,MAP_PMU,99,0.0016542588025534322
3,UPFC_tsh,5-15,-0.22976707601307322,74,-0.22936906308085359,MAP_PMU,99,0.00039801293221963796
4,UPFC_Vse,5-15,0.06155460515331055,74,0.06027927656029769,MAP_PMU,99,0.0012753285930128602
5,UPFC_tse,5-15,-2.184571801386205,74,-2.153859444240261,MAP_PMU,99,0.03071235714594378
0,x_tcsc,1-14,-0.1404299778058904,75,-0.13539067744855354,MAP_PMU,99,0.005039300357336851
1,B_svc,2,0.2838200677686645,75,0.2815732902354433,MAP_PMU,99,0.002246777533221167
2,UPFC_Vsh,5-15,1.105338706580127,75,1.1071861365154951,MAP_PMU,99,0.0018474299353681278
3,UPFC_tsh,5-15,-0.2298055860087458,75,-0.22936906308085359,MAP_PMU,99,0.00043652292789220226
4,UPFC_Vse,5-15,0.06155333734004023,75,0.06027927656029769,MAP_PMU,99,0.0012740607797425418
5,UPFC_tse,5-15,-2.1886002323938984,75,-2.153859444240261,MAP_PMU,99,0.034740788153637236
0,x_tcsc,1-14,-0.1402301913798785,76,-0.13539067744855354,MAP_PMU,99,0.004839513931324951
1,B_svc,2,0.28326863899415144,76,0.2815732902354433,MAP_PMU,99,0.0016953487587081373
2,UPFC_Vsh,5-15,1.106103938276737,76,1.1071861365154951,MAP_PMU,99,0.001082198238758103
3,UPFC_tsh,5-15,-0.22972525237748154,76,-0.22936906308085359,MAP_PMU,99,0.0003561892966279512
4,UPFC_Vse,5-15,0.06170863486628064,76,0.06027927656029769,MAP_PMU,99,0.0014293583059829529
5,UPFC_tse,5-15,-2.1730646144298644,76,-2.153859444240261,MAP_PMU,99,0.019205170189603216
0,x_tcsc,1-14,-0.1408422766454201,77,-0.13539067744855354,MAP_PMU,99,0.005451599196866552
1,B_svc,2,0.2833968643292583,77,0.2815732902354433,MAP_PMU,99,0.0018235740938150058
2,UPFC_Vsh,5-15,1.1051152153709267,77,1.1071861365154951,MAP_PMU,99,0.002070921144568416
3,UPFC_tsh,5-15,-0.2298169448059186,77,-0.22936906308085359,MAP_PMU,99,0.0004478817250650191
4,UPFC_Vse,5-15,0.061694169832786715,77,0.06027927656029769,MAP_PMU,99,0.0014148932724890248
5,UPFC_tse,5-15,-2.182978319716882,77,-2.153859444240261,MAP_PMU,99,0.029118875476620953
0,x_tcsc,1-14,-0.14025800638255642,78,-0.13539067744855354,MAP_PMU,99,0.004867328934002879
1,B_svc,2,0.283120568210016,78,0.2815732902354433,MAP_PMU,99,0.0015472779745727139
2,UPFC_Vsh,5-15,1.1056464280800118,78,1.1071861365154951,MAP_PMU,99,0.0015397084354833446
3,UPFC_tsh,5-15,-0.22973473644398815,78,-0.22936906308085359,MAP_PMU,99,0.000365673363134561
4,UPFC_Vse,5-15,0.061174874986606065,78,0.06027927656029769,MAP_PMU,99,0.0008955984263083749
5,UPFC_tse,5-15,-2.179448189665849,78,-2.153859444240261,MAP_PMU,99,0.025588745425587867
0,x_tcsc,1-14,-0.140650147203169,79,-0.13539067744855354,MAP_PMU,99,0.00525946975461547
1,B_svc,2,0.2832052282320141,79,0.2815732902354433,MAP_PMU,99,0.001631937996570798
2,UPFC_Vsh,5-15,1.1051472528485322,79,1.1071861365154951,MAP_PMU,99,0.0020388836669629207
3,UPFC_tsh,5-15,-0.22985063435405254,79,-0.22936906308085359,MAP_PMU,99,0.00048157127319894966
4,UPFC_Vse,5-15,0.06130859662180014,79,0.06027927656029769,MAP_PMU,99,0.0010293200615024492
5,UPFC_tse,5-15,-2.197166811090467,79,-2.153859444240261,MAP_PMU,99,0.04330736685020575
0,x_tcsc,1-14,-0.1410118322442459,80,-0.13539067744855354,MAP_PMU,99,0.005621154795692362
1,B_svc,2,0.28314826927433684,80,0.2815732902354433,MAP_PMU,99,0.0015749790388935314
2,UPFC_Vsh,5-15,1.1053543977610603,80,1.1071861365154951,MAP_PMU,99,0.001831738754434875
3,UPFC_tsh,5-15,-0.22971334196034898,80,-0.22936906308085359,MAP_PMU,99,0.0003442788794953966
4,UPFC_Vse,5-15,0.06132815728314206,80,0.06027927656029769,MAP_PMU,99,0.0010488807228443697
5,UPFC_tse,5-15,-2.1837289436756007,80,-2.153859444240261,MAP_PMU,99,0.029869499435339453
0,x_tcsc,1-14,-0.13994244411498796,81,-0.13539067744855354,MAP_PMU,99,0.00455176666643442
1,B_svc,2,0.2827640232373662,81,0.2815732902354433,MAP_PMU,99,0.0011907330019229057
2,UPFC_Vsh,5-15,1.1058610218543403,81,1.1071861365154951,MAP_PMU,99,0.0013251146611548137
3,UPFC_tsh,5-15,-0.22977749449990606,81,-0.22936906308085359,MAP_PMU,99,0.00040843141905247404
4,UPFC_Vse,5-15,0.061735938568736416,81,0.06027927656029769,MAP_PMU,99,0.0014566620084387263
5,UPFC_tse,5-15,-2.184938293411024,81,-2.153859444240261,MAP_PMU,99,0.03107884917076298
0,x_tcsc,1-14,-0.14067389883007947,82,-0.13539067744855354,MAP_PMU,99,0.005283221381525927
1,B_svc,2,0.28289502981173587,82,0.2815732902354433,MAP_PMU,99,0.0013217395762925577
2,UPFC_Vsh,5-15,1.105802924378687,82,1.1071861365154951,MAP_PMU,99,0.001383212136808032
3,UPFC_tsh,5-15,-0.22969974899553378,82,-0.22936906308085359,MAP_PMU,99,0.00033068591468018993
4,UPFC_Vse,5-15,0.06111718017656896,82,0.06027927656029769,MAP_PMU,99,0.0008379036162712711
5,UPFC_tse,5-15,-2.181734079170013,82,-2.153859444240261,MAP_PMU,99,0.02787463492975162
0,x_tcsc,1-14,-0.14054331281142923,83,-0.13539067744855354,MAP_PMU,99,0.0051526353628756905
1,B_svc,2,0.28356907178518986,83,0.2815732902354433,MAP_PMU,99,0.001995781549746556
2,UPFC_Vsh,5-15,1.105440093509753,83,1.1071861365154951,MAP_PMU,99,0.001746043005742104
3,UPFC_tsh,5-15,-0.22982721957734226,83,-0.22936906308085359,MAP_PMU,99,0.00045815649648867085
4,UPFC_Vse,5-15,0.06159411266205162,83,0.06027927656029769,MAP_PMU,99,0.0013148361017539315
5,UPFC_tse,5-15,-2.189617262257035,83,-2.153859444240261,MAP_PMU,99,0.03575781801677369
0,x_tcsc,1-14,-0.1405150380316716,84,-0.13539067744855354,MAP_PMU,99,0.005124360583118048
1,B_svc,2,0.2833844011124333,84,0.2815732902354433,MAP_PMU,99,0.0018111108769899853
2,UPFC_Vsh,5-15,1.1053224594516418,84,1.1071861365154951,MAP_PMU,99,0.001863677063853375
3,UPFC_tsh,5-15,-0.22977011796317331,84,-0.22936906308085359,MAP_PMU,99,0.0004010548823197291
4,UPFC_Vse,5-15,0.061325836192878534,84,0.06027927656029769,MAP_PMU,99,0.0010465596325808443
5,UPFC_tse,5-15,-2.184416656540313,84,-2.153859444240261,MAP_PMU,99,0.030557212300051706
0,x_tcsc,1-14,-0.14042932128847535,85,-0.13539067744855354,MAP_PMU,99,0.005038643839921808
1,B_svc,2,0.28287519027621805,85,0.2815732902354433,MAP_PMU,99,0.0013019000407747394
2,UPFC_Vsh,5-15,1.1054833446998797,85,1.1071861365154951,MAP_PMU,99,0.0017027918156153898
3,UPFC_tsh,5-15,-0.22971113145084243,85,-0.22936906308085359,MAP_PMU,99,0.00034206836998884604
4,UPFC_Vse,5-15,0.06140570834390245,85,0.06027927656029769,MAP_PMU,99,0.0011264317836047616
5,UPFC_tse,5-15,-2.180740864476353,85,-2.153859444240261,MAP_PMU,99,0.026881420236091635
0,x_tcsc,1-14,-0.14004053617282217,86,-0.13539067744855354,MAP_PMU,99,0.004649858724268624
1,B_svc,2,0.283027024571675,86,0.2815732902354433,MAP_PMU,99,0.0014537343362316935
2,UPFC_Vsh,5-15,1.1058350335710245,86,1.1071861365154951,MAP_PMU,99,0.0013511029444706057
3,UPFC_tsh,5-15,-0.22968695030071448,86,-0.22936906308085359,MAP_PMU,99,0.0003178872198608962
4,UPFC_Vse,5-15,0.06151288752977426,86,0.06027927656029769,MAP_PMU,99,0.0012336109694765715
5,UPFC_tse,5-15,-2.1740318075676917,86,-2.153859444240261,MAP_PMU,99,0.020172363327430443
0,x_tcsc,1-14,-0.14040565898194085,87,-0.13539067744855354,MAP_PMU,99,0.005014981533387308
1,B_svc,2,0.28290731305514016,87,0.2815732902354433,MAP_PMU,99,0.0013340228196968562
2,UPFC_Vsh,5-15,1.1056678559888722,87,1.1071861365154951,MAP_PMU,99,0.0015182805266229504
3,UPFC_tsh,5-15,-0.22974674221494512,87,-0.22936906308085359,MAP_PMU,99,0.0003776791340915353
4,UPFC_Vse,5-15,0.061278045146280574,87,0.06027927656029769,MAP_PMU,99,0.0009987685859828843
5,UPFC_tse,5-15,-2.1700383872778373,87,-2.153859444240261,MAP_PMU,99,0.016178943037576055
0,x_tcsc,1-14,-0.14075674207807296,88,-0.13539067744855354,MAP_PMU,99,0.0053660646295194125
1,B_svc,2,0.28259873906027877,88,0.2815732902354433,MAP_PMU,99,0.001025448824835462
2,UPFC_Vsh,5-15,1.1054040412545143,88,1.1071861365154951,MAP_PMU,99,0.0017820952609808316
3,UPFC_tsh,5-15,-0.2297315345626747,88,-0.22936906308085359,MAP_PMU,99,0.0003624714818211139
4,UPFC_Vse,5-15,0.06074506248754051,88,0.06027927656029769,MAP_PMU,99,0.00046578592724282053
5,UPFC_tse,5-15,-2.1846171673525574,88,-2.153859444240261,MAP_PMU,99,0.030757723112296187
0,x_tcsc,1-14,-0.14006167720140417,89,-0.13539067744855354,MAP_PMU,99,0.004670999752850624
1,B_svc,2,0.2826736650316344,89,0.2815732902354433,MAP_PMU,99,0.0011003747961910726
2,UPFC_Vsh,5-15,1.1058250873980278,89,1.1071861365154951,MAP_PMU,99,0.0013610491174673722
3,UPFC_tsh,5-15,-0.22978720284201523,89,-0.22936906308085359,MAP_PMU,99,0.00041813976116164553
4,UPFC_Vse,5-15,0.0609942907588194,89,0.06027927656029769,MAP_PMU,99,0.0007150141985217129
5,UPFC_tse,5-15,-2.1807059271507394,89,-2.153859444240261,MAP_PMU,99,0.026846482910478198
0,x_tcsc,1-14,-0.14029839265746272,90,-0.13539067744855354,MAP_PMU,99,0.004907715208909175
1,B_svc,2,0.2837557183738109,90,0.2815732902354433,MAP_PMU,99,0.002182428138367609
2,UPFC_Vsh,5-15,1.1053295128997476,90,1.1071861365154951,MAP_PMU,99,0.0018566236157475657
3,UPFC_tsh,5-15,-0.22981797519929503,90,-0.22936906308085359,MAP_PMU,99,0.00044891211844144685
4,UPFC_Vse,5-15,0.06097451247347985,90,0.06027927656029769,MAP_PMU,99,0.0006952359131821573
5,UPFC_tse,5-15,-2.1853688360177776,90,-2.153859444240261,MAP_PMU,99,0.03150939177751644
0,x_tcsc,1-14,-0.14048080720999825,91,-0.13539067744855354,MAP_PMU,99,0.005090129761444712
1,B_svc,2,0.2829177489826684,91,0.2815732902354433,MAP_PMU,99,0.001344458747225108
2,UPFC_Vsh,5-15,1.105396407281777,91,1.1071861365154951,MAP_PMU,99,0.001789729233718118
3,UPFC_tsh,5-15,-0.22982205876523262,91,-0.22936906308085359,MAP_PMU,99,0.00045299568437903726
4,UPFC_Vse,5-15,0.06163435470603692,91,0.06027927656029769,MAP_PMU,99,0.0013550781457392289
5,UPFC_tse,5-15,-2.1829182663386604,91,-2.153859444240261,MAP_PMU,99,0.029058822098399162
0,x_tcsc,1-14,-0.14025663760305357,92,-0.13539067744855354,MAP_PMU,99,0.004865960154500026
1,B_svc,2,0.2831125526321486,92,0.2815732902354433,MAP_PMU,99,0.0015392623967052654
2,UPFC_Vsh,5-15,1.1053794576306042,92,1.1071861365154951,MAP_PMU,99,0.0018066788848909443
3,UPFC_tsh,5-15,-0.22975224407136977,92,-0.22936906308085359,MAP_PMU,99,0.0003831809905161798
4,UPFC_Vse,5-15,0.06151774999696468,92,0.06027927656029769,MAP_PMU,99,0.0012384734366669911
5,UPFC_tse,5-15,-2.1779280130183674,92,-2.153859444240261,MAP_PMU,99,0.024068568778106147
0,x_tcsc,1-14,-0.14114961488770106,93,-0.13539067744855354,MAP_PMU,99,0.005758937439147516
1,B_svc,2,0.2829428423812485,93,0.2815732902354433,MAP_PMU,99,0.0013695521458051974
2,UPFC_Vsh,5-15,1.1050591967685197,93,1.1071861365154951,MAP_PMU,99,0.0021269397469754203
3,UPFC_tsh,5-15,-0.22981880861478765,93,-0.22936906308085359,MAP_PMU,99,0.000449745533934065
4,UPFC_Vse,5-15,0.062129423751375264,93,0.06027927656029769,MAP_PMU,99,0.0018501471910775738
5,UPFC_tse,5-15,-2.186368522512601,93,-2.153859444240261,MAP_PMU,99,0.03250907827233984
0,x_tcsc,1-14,-0.14048634432107476,94,-0.13539067744855354,MAP_PMU,99,0.005095666872521221
1,B_svc,2,0.2828619857637752,94,0.2815732902354433,MAP_PMU,99,0.0012886955283318846
2,UPFC_Vsh,5-15,1.1057126316684567,94,1.1071861365154951,MAP_PMU,99,0.0014735048470384537
3,UPFC_tsh,5-15,-0.2297207503142701,94,-0.22936906308085359,MAP_PMU,99,0.0003516872334165255
4,UPFC_Vse,5-15,0.06079696959260657,94,0.06027927656029769,MAP_PMU,99,0.0005176930323088774
5,UPFC_tse,5-15,-2.1817374833022867,94,-2.153859444240261,MAP_PMU,99,0.02787803906202546
0,x_tcsc,1-14,-0.14049859128457304,95,-0.13539067744855354,MAP_PMU,99,0.005107913836019495
1,B_svc,2,0.2830573810529435,95,0.2815732902354433,MAP_PMU,99,0.0014840908175001721
2,UPFC_Vsh,5-15,1.1053188223342296,95,1.1071861365154951,MAP_PMU,99,0.0018673141812655114
3,UPFC_tsh,5-15,-0.2297948966000856,95,-0.22936906308085359,MAP_PMU,99,0.0004258335192320051
4,UPFC_Vse,5-15,0.06122056816306897,95,0.06027927656029769,MAP_PMU,99,0.0009412916027712812
5,UPFC_tse,5-15,-2.178175172151625,95,-2.153859444240261,MAP_PMU,99,0.024315727911363716
0,x_tcsc,1-14,-0.14040682903046503,96,-0.13539067744855354,MAP_PMU,99,0.005016151581911488
1,B_svc,2,0.2836247780177444,96,0.2815732902354433,MAP_PMU,99,0.0020514877823010758
2,UPFC_Vsh,5-15,1.105158122089108,96,1.1071861365154951,MAP_PMU,99,0.0020280144263871147
3,UPFC_tsh,5-15,-0.2297725349082638,96,-0.22936906308085359,MAP_PMU,99,0.00040347182741021226
4,UPFC_Vse,5-15,0.0613754287414999,96,0.06027927656029769,MAP_PMU,99,0.001096152181202209
5,UPFC_tse,5-15,-2.1850776135964654,96,-2.153859444240261,MAP_PMU,99,0.03121816935620414
0,x_tcsc,1-14,-0.14061353838318216,97,-0.13539067744855354,MAP_PMU,99,0.00522286093462862
1,B_svc,2,0.28334457714277506,97,0.2815732902354433,MAP_PMU,99,0.0017712869073317483
2,UPFC_Vsh,5-15,1.1050799995295733,97,1.1071861365154951,MAP_PMU,99,0.0021061369859218804
3,UPFC_tsh,5-15,-0.22975999041994968,97,-0.22936906308085359,MAP_PMU,99,0.00039092733909609767
4,UPFC_Vse,5-15,0.06101387012131889,97,0.06027927656029769,MAP_PMU,99,0.0007345935610212004
5,UPFC_tse,5-15,-2.1792014090573737,97,-2.153859444240261,MAP_PMU,99,0.025341964817112483
0,x_tcsc,1-14,-0.14039855469057255,98,-0.13539067744855354,MAP_PMU,99,0.00500787724201901
1,B_svc,2,0.2833467418451936,98,0.2815732902354433,MAP_PMU,99,0.0017734516097502873
2,UPFC_Vsh,5-15,1.1056496614102151,98,1.1071861365154951,MAP_PMU,99,0.0015364751052799885
3,UPFC_tsh,5-15,-0.22984392539975243,98,-0.22936906308085359,MAP_PMU,99,0.00047486231889884434
4,UPFC_Vse,5-15,0.06128862995738886,98,0.06027927656029769,MAP_PMU,99,0.00100935339709117
5,UPFC_tse,5-15,-2.185928902088582,98,-2.153859444240261,MAP_PMU,99,0.03206945784832094
0,x_tcsc,1-14,-0.14017600669321542,99,-0.13539067744855354,MAP_PMU,99,0.004785329244661879
1,B_svc,2,0.2830473648435188,99,0.2815732902354433,MAP_PMU,99,0.0014740746080754707
2,UPFC_Vsh,5-15,1.105614756373268,99,1.1071861365154951,MAP_PMU,99,0.001571380142227241
3,UPFC_tsh,5-15,-0.22973710827907576,99,-0.22936906308085359,MAP_PMU,99,0.0003680451982221722
4,UPFC_Vse,5-15,0.06110269181796585,99,0.06027927656029769,MAP_PMU,99,0.0008234152576681586
5,UPFC_tse,5-15,-2.1762785391898487,99,-2.153859444240261,MAP_PMU,99,0.022419094949587492
0,x_tcsc,1-14,-0.14164976395122073,0,-0.13557893144042785,MAP_PMU,101,0.0060708325107928784
1,B_svc,2,0.28383223880414254,0,0.2821765872626029,MAP_PMU,101,0.0016556515415396267
2,UPFC_Vsh,5-15,1.1050815695682485,0,1.1069766100842786,MAP_PMU,101,0.0018950405160300665
3,UPFC_tsh,5-15,-0.22939238370162338,0,-0.22891919748685946,MAP_PMU,101,0.0004731862147639154
4,UPFC_Vse,5-15,0.061305003614982784,0,0.06113448962428777,MAP_PMU,101,0.00017051399069501622
5,UPFC_tse,5-15,-2.184199538498066,0,-2.1549397282416796,MAP_PMU,101,0.029259810256386576
0,x_tcsc,1-14,-0.14087208368868523,1,-0.13557893144042785,MAP_PMU,101,0.005293152248257382
1,B_svc,2,0.283979133003487,1,0.2821765872626029,MAP_PMU,101,0.001802545740884065
2,UPFC_Vsh,5-15,1.1053115376788307,1,1.1069766100842786,MAP_PMU,101,0.0016650724054478871
3,UPFC_tsh,5-15,-0.2293088801392216,1,-0.22891919748685946,MAP_PMU,101,0.00038968265236213884
4,UPFC_Vse,5-15,0.061975194867795506,1,0.06113448962428777,MAP_PMU,101,0.0008407052435077389
5,UPFC_tse,5-15,-2.1916666718259115,1,-2.1549397282416796,MAP_PMU,101,0.0367269435842319
0,x_tcsc,1-14,-0.14066838456482214,2,-0.13557893144042785,MAP_PMU,101,0.005089453124394294
1,B_svc,2,0.2836361758065809,2,0.2821765872626029,MAP_PMU,101,0.0014595885439779854
2,UPFC_Vsh,5-15,1.105476588730466,2,1.1069766100842786,MAP_PMU,101,0.0015000213538125529
3,UPFC_tsh,5-15,-0.22926958375482656,2,-0.22891919748685946,MAP_PMU,101,0.00035038626796710104
4,UPFC_Vse,5-15,0.0619717766227873,2,0.06113448962428777,MAP_PMU,101,0.0008372869984995326
5,UPFC_tse,5-15,-2.1718191109637033,2,-2.1549397282416796,MAP_PMU,101,0.016879382722023717
0,x_tcsc,1-14,-0.14044719736350003,3,-0.13557893144042785,MAP_PMU,101,0.004868265923072185
1,B_svc,2,0.2842656634129936,3,0.2821765872626029,MAP_PMU,101,0.0020890761503906674
2,UPFC_Vsh,5-15,1.105689250299073,3,1.1069766100842786,MAP_PMU,101,0.0012873597852056662
3,UPFC_tsh,5-15,-0.22924425582334998,3,-0.22891919748685946,MAP_PMU,101,0.0003250583364905191
4,UPFC_Vse,5-15,0.061860587832701264,3,0.06113448962428777,MAP_PMU,101,0.0007260982084134962
5,UPFC_tse,5-15,-2.1860759201438977,3,-2.1549397282416796,MAP_PMU,101,0.03113619190221817
0,x_tcsc,1-14,-0.14062571165721163,4,-0.13557893144042785,MAP_PMU,101,0.005046780216783786
1,B_svc,2,0.28471296170781857,4,0.2821765872626029,MAP_PMU,101,0.00253637444521565
2,UPFC_Vsh,5-15,1.1053072858581214,4,1.1069766100842786,MAP_PMU,101,0.0016693242261571761
3,UPFC_tsh,5-15,-0.2293131532841744,4,-0.22891919748685946,MAP_PMU,101,0.0003939557973149377
4,UPFC_Vse,5-15,0.061632791536670915,4,0.06113448962428777,MAP_PMU,101,0.0004983019123831478
5,UPFC_tse,5-15,-2.1855683379274304,4,-2.1549397282416796,MAP_PMU,101,0.030628609685750874
0,x_tcsc,1-14,-0.14086242159531845,5,-0.13557893144042785,MAP_PMU,101,0.005283490154890602
1,B_svc,2,0.28359255774153613,5,0.2821765872626029,MAP_PMU,101,0.001415970478933215
2,UPFC_Vsh,5-15,1.1054143513944172,5,1.1069766100842786,MAP_PMU,101,0.0015622586898613733
3,UPFC_tsh,5-15,-0.22936571539331554,5,-0.22891919748685946,MAP_PMU,101,0.00044651790645608425
4,UPFC_Vse,5-15,0.06192077573157088,5,0.06113448962428777,MAP_PMU,101,0.0007862861072831101
5,UPFC_tse,5-15,-2.1861527291406655,5,-2.1549397282416796,MAP_PMU,101,0.031213000898985932
0,x_tcsc,1-14,-0.1404375225605117,6,-0.13557893144042785,MAP_PMU,101,0.004858591120083855
1,B_svc,2,0.283898534617532,6,0.2821765872626029,MAP_PMU,101,0.0017219473549290876
2,UPFC_Vsh,5-15,1.1054399788801514,6,1.1069766100842786,MAP_PMU,101,0.0015366312041271701
3,UPFC_tsh,5-15,-0.2293867713985243,6,-0.22891919748685946,MAP_PMU,101,0.00046757391166482587
4,UPFC_Vse,5-15,0.061478281781135916,6,0.06113448962428777,MAP_PMU,101,0.00034379215684814807
5,UPFC_tse,5-15,-2.1849558544985235,6,-2.1549397282416796,MAP_PMU,101,0.03001612625684391
0,x_tcsc,1-14,-0.14021501675187262,7,-0.13557893144042785,MAP_PMU,101,0.004636085311444771
1,B_svc,2,0.2836667491188921,7,0.2821765872626029,MAP_PMU,101,0.001490161856289196
2,UPFC_Vsh,5-15,1.1060612125223739,7,1.1069766100842786,MAP_PMU,101,0.0009153975619047294
3,UPFC_tsh,5-15,-0.22926905185479615,7,-0.22891919748685946,MAP_PMU,101,0.00034985436793669167
4,UPFC_Vse,5-15,0.06162084317342123,7,0.06113448962428777,MAP_PMU,101,0.0004863535491334628
5,UPFC_tse,5-15,-2.1856526017336533,7,-2.1549397282416796,MAP_PMU,101,0.030712873491973713
0,x_tcsc,1-14,-0.14036788386544186,8,-0.13557893144042785,MAP_PMU,101,0.004788952425014009
1,B_svc,2,0.28380090050514784,8,0.2821765872626029,MAP_PMU,101,0.001624313242544917
2,UPFC_Vsh,5-15,1.105974621054244,8,1.1069766100842786,MAP_PMU,101,0.0010019890300345669
3,UPFC_tsh,5-15,-0.22929073458184926,8,-0.22891919748685946,MAP_PMU,101,0.0003715370949897989
4,UPFC_Vse,5-15,0.061391737208690206,8,0.06113448962428777,MAP_PMU,101,0.0002572475844024383
5,UPFC_tse,5-15,-2.184973061046875,8,-2.1549397282416796,MAP_PMU,101,0.03003333280519538
0,x_tcsc,1-14,-0.14077817832290854,9,-0.13557893144042785,MAP_PMU,101,0.00519924688248069
1,B_svc,2,0.28416608170559365,9,0.2821765872626029,MAP_PMU,101,0.0019894944429907357
2,UPFC_Vsh,5-15,1.105646101225677,9,1.1069766100842786,MAP_PMU,101,0.0013305088586015312
3,UPFC_tsh,5-15,-0.22931216732171159,9,-0.22891919748685946,MAP_PMU,101,0.0003929698348521249
4,UPFC_Vse,5-15,0.06159564646252617,9,0.06113448962428777,MAP_PMU,101,0.0004611568382383996
5,UPFC_tse,5-15,-2.1667779236550206,9,-2.1549397282416796,MAP_PMU,101,0.01183819541334108
0,x_tcsc,1-14,-0.14077145734873486,10,-0.13557893144042785,MAP_PMU,101,0.005192525908307016
1,B_svc,2,0.283742717048865,10,0.2821765872626029,MAP_PMU,101,0.0015661297862620827
2,UPFC_Vsh,5-15,1.1054123597460668,10,1.1069766100842786,MAP_PMU,101,0.0015642503382118367
3,UPFC_tsh,5-15,-0.2294241220087807,10,-0.22891919748685946,MAP_PMU,101,0.0005049245219212461
4,UPFC_Vse,5-15,0.06244647741352321,10,0.06113448962428777,MAP_PMU,101,0.0013119877892354415
5,UPFC_tse,5-15,-2.1797614293365735,10,-2.1549397282416796,MAP_PMU,101,0.0248217010948939
0,x_tcsc,1-14,-0.14070402907424204,11,-0.13557893144042785,MAP_PMU,101,0.005125097633814191
1,B_svc,2,0.28417482444138187,11,0.2821765872626029,MAP_PMU,101,0.00199823717877895
2,UPFC_Vsh,5-15,1.1052886044080659,11,1.1069766100842786,MAP_PMU,101,0.0016880056762127449
3,UPFC_tsh,5-15,-0.2293005008231627,11,-0.22891919748685946,MAP_PMU,101,0.00038130333630323476
4,UPFC_Vse,5-15,0.06209877963516832,11,0.06113448962428777,MAP_PMU,101,0.000964290010880553
5,UPFC_tse,5-15,-2.193788133001253,11,-2.1549397282416796,MAP_PMU,101,0.03884840475957363
0,x_tcsc,1-14,-0.14035864029964712,12,-0.13557893144042785,MAP_PMU,101,0.004779708859219273
1,B_svc,2,0.28349477846435905,12,0.2821765872626029,MAP_PMU,101,0.001318191201756136
2,UPFC_Vsh,5-15,1.105626016115934,12,1.1069766100842786,MAP_PMU,101,0.0013505939683446933
3,UPFC_tsh,5-15,-0.22926871056826206,12,-0.22891919748685946,MAP_PMU,101,0.0003495130814026026
4,UPFC_Vse,5-15,0.06216349386706892,12,0.06113448962428777,MAP_PMU,101,0.0010290042427811494
5,UPFC_tse,5-15,-2.166307655923923,12,-2.1549397282416796,MAP_PMU,101,0.011367927682243373
0,x_tcsc,1-14,-0.14059056197188885,13,-0.13557893144042785,MAP_PMU,101,0.005011630531461003
1,B_svc,2,0.28391925383978966,13,0.2821765872626029,MAP_PMU,101,0.0017426665771867467
2,UPFC_Vsh,5-15,1.1053422797945316,13,1.1069766100842786,MAP_PMU,101,0.0016343302897470213
3,UPFC_tsh,5-15,-0.229307629623609,13,-0.22891919748685946,MAP_PMU,101,0.00038843213674955024
4,UPFC_Vse,5-15,0.06144160085988732,13,0.06113448962428777,MAP_PMU,101,0.00030711123559955256
5,UPFC_tse,5-15,-2.1816022882974755,13,-2.1549397282416796,MAP_PMU,101,0.026662560055795925
0,x_tcsc,1-14,-0.14030324985561526,14,-0.13557893144042785,MAP_PMU,101,0.004724318415187417
1,B_svc,2,0.2838391101614409,14,0.2821765872626029,MAP_PMU,101,0.0016625228988380036
2,UPFC_Vsh,5-15,1.1055440008295174,14,1.1069766100842786,MAP_PMU,101,0.0014326092547611857
3,UPFC_tsh,5-15,-0.22922801619533462,14,-0.22891919748685946,MAP_PMU,101,0.0003088187084751559
4,UPFC_Vse,5-15,0.06168162064027269,14,0.06113448962428777,MAP_PMU,101,0.000547131015984921
5,UPFC_tse,5-15,-2.1876086325046376,14,-2.1549397282416796,MAP_PMU,101,0.03266890426295799
0,x_tcsc,1-14,-0.1403150598227657,15,-0.13557893144042785,MAP_PMU,101,0.004736128382337862
1,B_svc,2,0.283741875164533,15,0.2821765872626029,MAP_PMU,101,0.001565287901930057
2,UPFC_Vsh,5-15,1.1058600059902057,15,1.1069766100842786,MAP_PMU,101,0.0011166040940728816
3,UPFC_tsh,5-15,-0.2291845749706218,15,-0.22891919748685946,MAP_PMU,101,0.0002653774837623468
4,UPFC_Vse,5-15,0.061056389784155105,15,0.06113448962428777,MAP_PMU,101,7.809984013266297e-05
5,UPFC_tse,5-15,-2.173587698709697,15,-2.1549397282416796,MAP_PMU,101,0.018647970468017583
0,x_tcsc,1-14,-0.1405221907228779,16,-0.13557893144042785,MAP_PMU,101,0.004943259282450041
1,B_svc,2,0.28430305924929866,16,0.2821765872626029,MAP_PMU,101,0.0021264719866957438
2,UPFC_Vsh,5-15,1.1054642588103314,16,1.1069766100842786,MAP_PMU,101,0.0015123512739472211
3,UPFC_tsh,5-15,-0.22931885204066435,16,-0.22891919748685946,MAP_PMU,101,0.0003996545538048901
4,UPFC_Vse,5-15,0.062054303162381495,16,0.06113448962428777,MAP_PMU,101,0.0009198135380937278
5,UPFC_tse,5-15,-2.176780555519549,16,-2.1549397282416796,MAP_PMU,101,0.0218408272778694
0,x_tcsc,1-14,-0.14063364734431097,17,-0.13557893144042785,MAP_PMU,101,0.005054715903883122
1,B_svc,2,0.28395186770503017,17,0.2821765872626029,MAP_PMU,101,0.0017752804424272517
2,UPFC_Vsh,5-15,1.1052724238000047,17,1.1069766100842786,MAP_PMU,101,0.0017041862842739341
3,UPFC_tsh,5-15,-0.22938039584327757,17,-0.22891919748685946,MAP_PMU,101,0.00046119835641811324
4,UPFC_Vse,5-15,0.06177464610787165,17,0.06113448962428777,MAP_PMU,101,0.0006401564835838841
5,UPFC_tse,5-15,-2.1806703083324686,17,-2.1549397282416796,MAP_PMU,101,0.02573058009078899
0,x_tcsc,1-14,-0.14080722029871745,18,-0.13557893144042785,MAP_PMU,101,0.005228288858289604
1,B_svc,2,0.28393450184704994,18,0.2821765872626029,MAP_PMU,101,0.0017579145844470179
2,UPFC_Vsh,5-15,1.1052530594175396,18,1.1069766100842786,MAP_PMU,101,0.0017235506667390155
3,UPFC_tsh,5-15,-0.22933002839310784,18,-0.22891919748685946,MAP_PMU,101,0.0004108309062483828
4,UPFC_Vse,5-15,0.06169230139011215,18,0.06113448962428777,MAP_PMU,101,0.0005578117658243814
5,UPFC_tse,5-15,-2.185240225966134,18,-2.1549397282416796,MAP_PMU,101,0.030300497724454534
0,x_tcsc,1-14,-0.14110049650170503,19,-0.13557893144042785,MAP_PMU,101,0.005521565061277184
1,B_svc,2,0.28351796798790085,19,0.2821765872626029,MAP_PMU,101,0.001341380725297936
2,UPFC_Vsh,5-15,1.1054634289258505,19,1.1069766100842786,MAP_PMU,101,0.001513181158428134
3,UPFC_tsh,5-15,-0.2293238108796098,19,-0.22891919748685946,MAP_PMU,101,0.00040461339275033037
4,UPFC_Vse,5-15,0.061882428446458713,19,0.06113448962428777,MAP_PMU,101,0.000747938822170946
5,UPFC_tse,5-15,-2.1845988573064234,19,-2.1549397282416796,MAP_PMU,101,0.029659129064743883
0,x_tcsc,1-14,-0.1404226551338913,20,-0.13557893144042785,MAP_PMU,101,0.0048437236934634476
1,B_svc,2,0.28370460552441584,20,0.2821765872626029,MAP_PMU,101,0.0015280182618129245
2,UPFC_Vsh,5-15,1.105904078259898,20,1.1069766100842786,MAP_PMU,101,0.001072531824380718
3,UPFC_tsh,5-15,-0.22924954289041374,20,-0.22891919748685946,MAP_PMU,101,0.000330345403554283
4,UPFC_Vse,5-15,0.06153104340160952,20,0.06113448962428777,MAP_PMU,101,0.0003965537773217495
5,UPFC_tse,5-15,-2.1800527376892838,20,-2.1549397282416796,MAP_PMU,101,0.025113009447604195
0,x_tcsc,1-14,-0.14079123362283058,21,-0.13557893144042785,MAP_PMU,101,0.005212302182402734
1,B_svc,2,0.283731255775831,21,0.2821765872626029,MAP_PMU,101,0.001554668513228108
2,UPFC_Vsh,5-15,1.1053630448631888,21,1.1069766100842786,MAP_PMU,101,0.0016135652210897966
3,UPFC_tsh,5-15,-0.22928748634312587,21,-0.22891919748685946,MAP_PMU,101,0.0003682888562664133
4,UPFC_Vse,5-15,0.06134300899479395,21,0.06113448962428777,MAP_PMU,101,0.00020851937050618552
5,UPFC_tse,5-15,-2.180228877824649,21,-2.1549397282416796,MAP_PMU,101,0.02528914958296946
0,x_tcsc,1-14,-0.14060421850798555,22,-0.13557893144042785,MAP_PMU,101,0.005025287067557699
1,B_svc,2,0.2839739838528736,22,0.2821765872626029,MAP_PMU,101,0.0017973965902706723
2,UPFC_Vsh,5-15,1.1055792458010867,22,1.1069766100842786,MAP_PMU,101,0.0013973642831919264
3,UPFC_tsh,5-15,-0.22935563629984537,22,-0.22891919748685946,MAP_PMU,101,0.00043643881298591203
4,UPFC_Vse,5-15,0.06148136603330249,22,0.06113448962428777,MAP_PMU,101,0.00034687640901472083
5,UPFC_tse,5-15,-2.1798523350825105,22,-2.1549397282416796,MAP_PMU,101,0.024912606840830964
0,x_tcsc,1-14,-0.1414331527227414,23,-0.13557893144042785,MAP_PMU,101,0.005854221282313554
1,B_svc,2,0.2840896825678552,23,0.2821765872626029,MAP_PMU,101,0.0019130953052522992
2,UPFC_Vsh,5-15,1.1048042244276186,23,1.1069766100842786,MAP_PMU,101,0.002172385656660003
3,UPFC_tsh,5-15,-0.22946998210951225,23,-0.22891919748685946,MAP_PMU,101,0.000550784622652789
4,UPFC_Vse,5-15,0.062055631006085805,23,0.06113448962428777,MAP_PMU,101,0.000921141381798038
5,UPFC_tse,5-15,-2.1913431992715546,23,-2.1549397282416796,MAP_PMU,101,0.03640347102987507
0,x_tcsc,1-14,-0.14036622462906473,24,-0.13557893144042785,MAP_PMU,101,0.004787293188636882
1,B_svc,2,0.28371668124782656,24,0.2821765872626029,MAP_PMU,101,0.001540093985223645
2,UPFC_Vsh,5-15,1.1060629991931126,24,1.1069766100842786,MAP_PMU,101,0.000913610891166039
3,UPFC_tsh,5-15,-0.22923513958487732,24,-0.22891919748685946,MAP_PMU,101,0.00031594209801785733
4,UPFC_Vse,5-15,0.061185081467942715,24,0.06113448962428777,MAP_PMU,101,5.059184365494712e-05
5,UPFC_tse,5-15,-2.1730180364207805,24,-2.1549397282416796,MAP_PMU,101,0.018078308179100944
0,x_tcsc,1-14,-0.14052451901348423,25,-0.13557893144042785,MAP_PMU,101,0.004945587573056381
1,B_svc,2,0.28348607616764504,25,0.2821765872626029,MAP_PMU,101,0.0013094889050421221
2,UPFC_Vsh,5-15,1.105418695084086,25,1.1069766100842786,MAP_PMU,101,0.0015579150001925335
3,UPFC_tsh,5-15,-0.22937683273522827,25,-0.22891919748685946,MAP_PMU,101,0.00045763524836880953
4,UPFC_Vse,5-15,0.0617956800432488,25,0.06113448962428777,MAP_PMU,101,0.0006611904189610315
5,UPFC_tse,5-15,-2.1889505121101913,25,-2.1549397282416796,MAP_PMU,101,0.03401078386851175
0,x_tcsc,1-14,-0.1407744424745355,26,-0.13557893144042785,MAP_PMU,101,0.005195511034107647
1,B_svc,2,0.2840891207156882,26,0.2821765872626029,MAP_PMU,101,0.0019125334530852856
2,UPFC_Vsh,5-15,1.1052098754455435,26,1.1069766100842786,MAP_PMU,101,0.0017667346387351124
3,UPFC_tsh,5-15,-0.22943135046768148,26,-0.22891919748685946,MAP_PMU,101,0.0005121529808220227
4,UPFC_Vse,5-15,0.06212589617347298,26,0.06113448962428777,MAP_PMU,101,0.0009914065491852114
5,UPFC_tse,5-15,-2.186956138007129,26,-2.1549397282416796,MAP_PMU,101,0.032016409765449616
0,x_tcsc,1-14,-0.14101931127343084,27,-0.13557893144042785,MAP_PMU,101,0.005440379833002995
1,B_svc,2,0.284266532633297,27,0.2821765872626029,MAP_PMU,101,0.0020899453706940685
2,UPFC_Vsh,5-15,1.1054579727397236,27,1.1069766100842786,MAP_PMU,101,0.0015186373445550405
3,UPFC_tsh,5-15,-0.22925529535573622,27,-0.22891919748685946,MAP_PMU,101,0.00033609786887675575
4,UPFC_Vse,5-15,0.06175861198353233,27,0.06113448962428777,MAP_PMU,101,0.0006241223592445624
5,UPFC_tse,5-15,-2.184367607522598,27,-2.1549397282416796,MAP_PMU,101,0.02942787928091839
0,x_tcsc,1-14,-0.1410709339923477,28,-0.13557893144042785,MAP_PMU,101,0.005492002551919867
1,B_svc,2,0.28385496233640894,28,0.2821765872626029,MAP_PMU,101,0.0016783750738060266
2,UPFC_Vsh,5-15,1.105394788569508,28,1.1069766100842786,MAP_PMU,101,0.0015818215147707093
3,UPFC_tsh,5-15,-0.22931474102731142,28,-0.22891919748685946,MAP_PMU,101,0.00039554354045195916
4,UPFC_Vse,5-15,0.06174178193521484,28,0.06113448962428777,MAP_PMU,101,0.0006072923109270711
5,UPFC_tse,5-15,-2.1944516178593556,28,-2.1549397282416796,MAP_PMU,101,0.039511889617676044
0,x_tcsc,1-14,-0.1409578924368118,29,-0.13557893144042785,MAP_PMU,101,0.0053789609963839635
1,B_svc,2,0.2835836709282736,29,0.2821765872626029,MAP_PMU,101,0.001407083665670661
2,UPFC_Vsh,5-15,1.1050932207224395,29,1.1069766100842786,MAP_PMU,101,0.0018833893618390718
3,UPFC_tsh,5-15,-0.22930604617705744,29,-0.22891919748685946,MAP_PMU,101,0.0003868486901979773
4,UPFC_Vse,5-15,0.06212061242066017,29,0.06113448962428777,MAP_PMU,101,0.0009861227963724045
5,UPFC_tse,5-15,-2.185563896680001,29,-2.1549397282416796,MAP_PMU,101,0.030624168438321497
0,x_tcsc,1-14,-0.14096545913665953,30,-0.13557893144042785,MAP_PMU,101,0.0053865276962316855
1,B_svc,2,0.28323915096915925,30,0.2821765872626029,MAP_PMU,101,0.0010625637065563298
2,UPFC_Vsh,5-15,1.1052244508665225,30,1.1069766100842786,MAP_PMU,101,0.0017521592177560663
3,UPFC_tsh,5-15,-0.2293662575542216,30,-0.22891919748685946,MAP_PMU,101,0.00044706006736214277
4,UPFC_Vse,5-15,0.06154773994896205,30,0.06113448962428777,MAP_PMU,101,0.0004132503246742844
5,UPFC_tse,5-15,-2.1752013787099327,30,-2.1549397282416796,MAP_PMU,101,0.020261650468253123
0,x_tcsc,1-14,-0.14053189732790422,31,-0.13557893144042785,MAP_PMU,101,0.004952965887476374
1,B_svc,2,0.28360917736503427,31,0.2821765872626029,MAP_PMU,101,0.0014325901024313525
2,UPFC_Vsh,5-15,1.1056253085314927,31,1.1069766100842786,MAP_PMU,101,0.001351301552785955
3,UPFC_tsh,5-15,-0.22933048477993576,31,-0.22891919748685946,MAP_PMU,101,0.00041128729307629563
4,UPFC_Vse,5-15,0.06177930450500666,31,0.06113448962428777,MAP_PMU,101,0.0006448148807188941
5,UPFC_tse,5-15,-2.177772805992322,31,-2.1549397282416796,MAP_PMU,101,0.02283307775064225
0,x_tcsc,1-14,-0.14144395176286945,32,-0.13557893144042785,MAP_PMU,101,0.0058650203224416
1,B_svc,2,0.2837398359026385,32,0.2821765872626029,MAP_PMU,101,0.0015632486400355972
2,UPFC_Vsh,5-15,1.105064839446215,32,1.1069766100842786,MAP_PMU,101,0.0019117706380635813
3,UPFC_tsh,5-15,-0.2293313208787689,32,-0.22891919748685946,MAP_PMU,101,0.0004121233919094358
4,UPFC_Vse,5-15,0.0613442900136866,32,0.06113448962428777,MAP_PMU,101,0.00020980038939883566
5,UPFC_tse,5-15,-2.1942929404515388,32,-2.1549397282416796,MAP_PMU,101,0.03935321220985921
0,x_tcsc,1-14,-0.14093921212578062,33,-0.13557893144042785,MAP_PMU,101,0.00536028068535277
1,B_svc,2,0.28429330157539007,33,0.2821765872626029,MAP_PMU,101,0.002116714312787149
2,UPFC_Vsh,5-15,1.105278633862268,33,1.1069766100842786,MAP_PMU,101,0.001697976222010622
3,UPFC_tsh,5-15,-0.22928298145047388,33,-0.22891919748685946,MAP_PMU,101,0.0003637839636144169
4,UPFC_Vse,5-15,0.06185068337852412,33,0.06113448962428777,MAP_PMU,101,0.0007161937542363508
5,UPFC_tse,5-15,-2.188830524623878,33,-2.1549397282416796,MAP_PMU,101,0.033890796382198385
0,x_tcsc,1-14,-0.1413146071955445,34,-0.13557893144042785,MAP_PMU,101,0.005735675755116659
1,B_svc,2,0.2834017910304947,34,0.2821765872626029,MAP_PMU,101,0.0012252037678917582
2,UPFC_Vsh,5-15,1.105228004770252,34,1.1069766100842786,MAP_PMU,101,0.0017486053140265412
3,UPFC_tsh,5-15,-0.22937472298660466,34,-0.22891919748685946,MAP_PMU,101,0.00045552549974520185
4,UPFC_Vse,5-15,0.0618445914411775,34,0.06113448962428777,MAP_PMU,101,0.0007101018168897341
5,UPFC_tse,5-15,-2.178962953708138,34,-2.1549397282416796,MAP_PMU,101,0.02402322546645852
0,x_tcsc,1-14,-0.14044232166705092,35,-0.13557893144042785,MAP_PMU,101,0.004863390226623077
1,B_svc,2,0.2836383207870277,35,0.2821765872626029,MAP_PMU,101,0.001461733524424802
2,UPFC_Vsh,5-15,1.1056831324099161,35,1.1069766100842786,MAP_PMU,101,0.0012934776743624976
3,UPFC_tsh,5-15,-0.22929936972275983,35,-0.22891919748685946,MAP_PMU,101,0.00038017223590036675
4,UPFC_Vse,5-15,0.061649026781853966,35,0.06113448962428777,MAP_PMU,101,0.0005145371575661986
5,UPFC_tse,5-15,-2.1796815403050425,35,-2.1549397282416796,MAP_PMU,101,0.0247418120633629
0,x_tcsc,1-14,-0.14011369874168175,36,-0.13557893144042785,MAP_PMU,101,0.004534767301253906
1,B_svc,2,0.2836585708285928,36,0.2821765872626029,MAP_PMU,101,0.0014819835659898861
2,UPFC_Vsh,5-15,1.105666531190754,36,1.1069766100842786,MAP_PMU,101,0.0013100788935245244
3,UPFC_tsh,5-15,-0.2293152602179361,36,-0.22891919748685946,MAP_PMU,101,0.00039606273107664625
4,UPFC_Vse,5-15,0.06169283205366138,36,0.06113448962428777,MAP_PMU,101,0.0005583424293736095
5,UPFC_tse,5-15,-2.186644685187764,36,-2.1549397282416796,MAP_PMU,101,0.03170495694608455
0,x_tcsc,1-14,-0.14047096143278368,37,-0.13557893144042785,MAP_PMU,101,0.004892029992355829
1,B_svc,2,0.2836775978499105,37,0.2821765872626029,MAP_PMU,101,0.0015010105873075608
2,UPFC_Vsh,5-15,1.105796183640734,37,1.1069766100842786,MAP_PMU,101,0.0011804264435446576
3,UPFC_tsh,5-15,-0.22935864504432565,37,-0.22891919748685946,MAP_PMU,101,0.0004394475574661938
4,UPFC_Vse,5-15,0.06112440964299193,37,0.06113448962428777,MAP_PMU,101,1.0079981295839369e-05
5,UPFC_tse,5-15,-2.1867129165392414,37,-2.1549397282416796,MAP_PMU,101,0.031773188297561816
0,x_tcsc,1-14,-0.14077843668095694,38,-0.13557893144042785,MAP_PMU,101,0.00519950524052909
1,B_svc,2,0.28348731799524346,38,0.2821765872626029,MAP_PMU,101,0.0013107307326405415
2,UPFC_Vsh,5-15,1.1054026178929168,38,1.1069766100842786,MAP_PMU,101,0.0015739921913617838
3,UPFC_tsh,5-15,-0.22935833461914515,38,-0.22891919748685946,MAP_PMU,101,0.0004391371322856885
4,UPFC_Vse,5-15,0.06189713440786224,38,0.06113448962428777,MAP_PMU,101,0.000762644783574476
5,UPFC_tse,5-15,-2.1832562421401094,38,-2.1549397282416796,MAP_PMU,101,0.028316513898429818
0,x_tcsc,1-14,-0.14038250890109757,39,-0.13557893144042785,MAP_PMU,101,0.004803577460669728
1,B_svc,2,0.28392422002272827,39,0.2821765872626029,MAP_PMU,101,0.0017476327601253505
2,UPFC_Vsh,5-15,1.1058831079179274,39,1.1069766100842786,MAP_PMU,101,0.001093502166351179
3,UPFC_tsh,5-15,-0.2293296759473284,39,-0.22891919748685946,MAP_PMU,101,0.00041047846046893266
4,UPFC_Vse,5-15,0.06140167498356081,39,0.06113448962428777,MAP_PMU,101,0.000267185359273045
5,UPFC_tse,5-15,-2.1775689389391744,39,-2.1549397282416796,MAP_PMU,101,0.022629210697494795
0,x_tcsc,1-14,-0.1402007745746779,40,-0.13557893144042785,MAP_PMU,101,0.004621843134250042
1,B_svc,2,0.28332935358534095,40,0.2821765872626029,MAP_PMU,101,0.0011527663227380303
2,UPFC_Vsh,5-15,1.1060974707637234,40,1.1069766100842786,MAP_PMU,101,0.0008791393205551667
3,UPFC_tsh,5-15,-0.2292038545806375,40,-0.22891919748685946,MAP_PMU,101,0.0002846570937780346
4,UPFC_Vse,5-15,0.0612695363932061,40,0.06113448962428777,MAP_PMU,101,0.00013504676891833156
5,UPFC_tse,5-15,-2.1654813381969835,40,-2.1549397282416796,MAP_PMU,101,0.010541609955303954
0,x_tcsc,1-14,-0.14118737177539217,41,-0.13557893144042785,MAP_PMU,101,0.005608440334964326
1,B_svc,2,0.2840416115775247,41,0.2821765872626029,MAP_PMU,101,0.0018650243149218038
2,UPFC_Vsh,5-15,1.1056804561644062,41,1.1069766100842786,MAP_PMU,101,0.001296153919872367
3,UPFC_tsh,5-15,-0.22937481738236218,41,-0.22891919748685946,MAP_PMU,101,0.000455619895502718
4,UPFC_Vse,5-15,0.061626401593597675,41,0.06113448962428777,MAP_PMU,101,0.0004919119693099078
5,UPFC_tse,5-15,-2.182306761738214,41,-2.1549397282416796,MAP_PMU,101,0.027367033496534354
0,x_tcsc,1-14,-0.14083932786129089,42,-0.13557893144042785,MAP_PMU,101,0.005260396420863039
1,B_svc,2,0.2838340856822171,42,0.2821765872626029,MAP_PMU,101,0.0016574984196141562
2,UPFC_Vsh,5-15,1.1051587473117972,42,1.1069766100842786,MAP_PMU,101,0.0018178627724814156
3,UPFC_tsh,5-15,-0.22936461978109915,42,-0.22891919748685946,MAP_PMU,101,0.00044542229423968904
4,UPFC_Vse,5-15,0.061859848613415806,42,0.06113448962428777,MAP_PMU,101,0.0007253589891280388
5,UPFC_tse,5-15,-2.180948401914024,42,-2.1549397282416796,MAP_PMU,101,0.026008673672344607
0,x_tcsc,1-14,-0.14056647964473679,43,-0.13557893144042785,MAP_PMU,101,0.004987548204308939
1,B_svc,2,0.2834997789890665,43,0.2821765872626029,MAP_PMU,101,0.0013231917264635573
2,UPFC_Vsh,5-15,1.1057462908111413,43,1.1069766100842786,MAP_PMU,101,0.0012303192731373258
3,UPFC_tsh,5-15,-0.22928285665559534,43,-0.22891919748685946,MAP_PMU,101,0.0003636591687358748
4,UPFC_Vse,5-15,0.06162231497137376,43,0.06113448962428777,MAP_PMU,101,0.0004878253470859892
5,UPFC_tse,5-15,-2.176623519230119,43,-2.1549397282416796,MAP_PMU,101,0.021683790988439533
0,x_tcsc,1-14,-0.1406547909227267,44,-0.13557893144042785,MAP_PMU,101,0.005075859482298856
1,B_svc,2,0.2835591246829649,44,0.2821765872626029,MAP_PMU,101,0.0013825374203619845
2,UPFC_Vsh,5-15,1.1055416472749435,44,1.1069766100842786,MAP_PMU,101,0.001434962809335083
3,UPFC_tsh,5-15,-0.22921961601936944,44,-0.22891919748685946,MAP_PMU,101,0.0003004185325099773
4,UPFC_Vse,5-15,0.06141757517602167,44,0.06113448962428777,MAP_PMU,101,0.000283085551733904
5,UPFC_tse,5-15,-2.172949397102129,44,-2.1549397282416796,MAP_PMU,101,0.018009668860449413
0,x_tcsc,1-14,-0.14051117377744227,45,-0.13557893144042785,MAP_PMU,101,0.00493224233701442
1,B_svc,2,0.283851999482101,45,0.2821765872626029,MAP_PMU,101,0.0016754122194980736
2,UPFC_Vsh,5-15,1.1054640871828478,45,1.1069766100842786,MAP_PMU,101,0.0015125229014307795
3,UPFC_tsh,5-15,-0.22938936303256124,45,-0.22891919748685946,MAP_PMU,101,0.0004701655457017839
4,UPFC_Vse,5-15,0.061616099782108275,45,0.06113448962428777,MAP_PMU,101,0.00048161015782050703
5,UPFC_tse,5-15,-2.1918300197531972,45,-2.1549397282416796,MAP_PMU,101,0.03689029151151768
0,x_tcsc,1-14,-0.14054899538425178,46,-0.13557893144042785,MAP_PMU,101,0.0049700639438239325
1,B_svc,2,0.2840009420966873,46,0.2821765872626029,MAP_PMU,101,0.0018243548340843851
2,UPFC_Vsh,5-15,1.105569924088654,46,1.1069766100842786,MAP_PMU,101,0.0014066859956245459
3,UPFC_tsh,5-15,-0.22932023560524137,46,-0.22891919748685946,MAP_PMU,101,0.00040103811838190784
4,UPFC_Vse,5-15,0.06182119385140197,46,0.06113448962428777,MAP_PMU,101,0.0006867042271142057
5,UPFC_tse,5-15,-2.182383135168654,46,-2.1549397282416796,MAP_PMU,101,0.027443406926974223
0,x_tcsc,1-14,-0.1405853782257611,47,-0.13557893144042785,MAP_PMU,101,0.005006446785333241
1,B_svc,2,0.2837501841529592,47,0.2821765872626029,MAP_PMU,101,0.0015735968903562991
2,UPFC_Vsh,5-15,1.1052840687235232,47,1.1069766100842786,MAP_PMU,101,0.0016925413607553619
3,UPFC_tsh,5-15,-0.22928311303799187,47,-0.22891919748685946,MAP_PMU,101,0.0003639155511324099
4,UPFC_Vse,5-15,0.061713909271669365,47,0.06113448962428777,MAP_PMU,101,0.0005794196473815974
5,UPFC_tse,5-15,-2.1845890402187136,47,-2.1549397282416796,MAP_PMU,101,0.02964931197703402
0,x_tcsc,1-14,-0.14079582632960297,48,-0.13557893144042785,MAP_PMU,101,0.005216894889175122
1,B_svc,2,0.2838074536332469,48,0.2821765872626029,MAP_PMU,101,0.0016308663706439686
2,UPFC_Vsh,5-15,1.1053904818019769,48,1.1069766100842786,MAP_PMU,101,0.0015861282823017575
3,UPFC_tsh,5-15,-0.22939465016584384,48,-0.22891919748685946,MAP_PMU,101,0.0004754526789843838
4,UPFC_Vse,5-15,0.06170515667871352,48,0.06113448962428777,MAP_PMU,101,0.0005706670544257525
5,UPFC_tse,5-15,-2.1843951772938803,48,-2.1549397282416796,MAP_PMU,101,0.029455449052200766
0,x_tcsc,1-14,-0.14042323489220312,49,-0.13557893144042785,MAP_PMU,101,0.004844303451775278
1,B_svc,2,0.2831557976361533,49,0.2821765872626029,MAP_PMU,101,0.0009792103735503654
2,UPFC_Vsh,5-15,1.1054805416565883,49,1.1069766100842786,MAP_PMU,101,0.0014960684276903446
3,UPFC_tsh,5-15,-0.22937414064958378,49,-0.22891919748685946,MAP_PMU,101,0.00045494316272431945
4,UPFC_Vse,5-15,0.061881775326447806,49,0.06113448962428777,MAP_PMU,101,0.0007472857021600388
5,UPFC_tse,5-15,-2.179875752262198,49,-2.1549397282416796,MAP_PMU,101,0.02493602402051831
0,x_tcsc,1-14,-0.14080847805468213,50,-0.13557893144042785,MAP_PMU,101,0.005229546614254288
1,B_svc,2,0.28348773706773944,50,0.2821765872626029,MAP_PMU,101,0.0013111498051365245
2,UPFC_Vsh,5-15,1.1058709244591196,50,1.1069766100842786,MAP_PMU,101,0.001105685625159003
3,UPFC_tsh,5-15,-0.22932344221898388,50,-0.22891919748685946,MAP_PMU,101,0.0004042447321244147
4,UPFC_Vse,5-15,0.06164712826162378,50,0.06113448962428777,MAP_PMU,101,0.0005126386373360131
5,UPFC_tse,5-15,-2.180458038018866,50,-2.1549397282416796,MAP_PMU,101,0.0255183097771865
0,x_tcsc,1-14,-0.14044884994906884,51,-0.13557893144042785,MAP_PMU,101,0.004869918508640991
1,B_svc,2,0.2836585355109511,51,0.2821765872626029,MAP_PMU,101,0.001481948248348186
2,UPFC_Vsh,5-15,1.105335428887594,51,1.1069766100842786,MAP_PMU,101,0.001641181196684549
3,UPFC_tsh,5-15,-0.22940312496360152,51,-0.22891919748685946,MAP_PMU,101,0.0004839274767420576
4,UPFC_Vse,5-15,0.061910154839452655,51,0.06113448962428777,MAP_PMU,101,0.0007756652151648877
5,UPFC_tse,5-15,-2.1771717166636915,51,-2.1549397282416796,MAP_PMU,101,0.022231988422011906
0,x_tcsc,1-14,-0.14140239200300983,52,-0.13557893144042785,MAP_PMU,101,0.0058234605625819835
1,B_svc,2,0.2839894584412152,52,0.2821765872626029,MAP_PMU,101,0.0018128711786122853
2,UPFC_Vsh,5-15,1.1055250564596746,52,1.1069766100842786,MAP_PMU,101,0.0014515536246040295
3,UPFC_tsh,5-15,-0.22933378048333475,52,-0.22891919748685946,MAP_PMU,101,0.00041458299647528785
4,UPFC_Vse,5-15,0.06165733386819018,52,0.06113448962428777,MAP_PMU,101,0.0005228442439024136
5,UPFC_tse,5-15,-2.1764023703393316,52,-2.1549397282416796,MAP_PMU,101,0.02146264209765203
0,x_tcsc,1-14,-0.1403733788095876,53,-0.13557893144042785,MAP_PMU,101,0.0047944473691597655
1,B_svc,2,0.2844162883902531,53,0.2821765872626029,MAP_PMU,101,0.0022397011276502066
2,UPFC_Vsh,5-15,1.105395399659172,53,1.1069766100842786,MAP_PMU,101,0.0015812104251065051
3,UPFC_tsh,5-15,-0.22934856068018497,53,-0.22891919748685946,MAP_PMU,101,0.00042936319332551043
4,UPFC_Vse,5-15,0.06201497667443226,53,0.06113448962428777,MAP_PMU,101,0.000880487050144492
5,UPFC_tse,5-15,-2.186095240976052,53,-2.1549397282416796,MAP_PMU,101,0.031155512734372337
0,x_tcsc,1-14,-0.14128470536127152,54,-0.13557893144042785,MAP_PMU,101,0.005705773920843676
1,B_svc,2,0.28399399518433366,54,0.2821765872626029,MAP_PMU,101,0.0018174079217307404
2,UPFC_Vsh,5-15,1.105221613744191,54,1.1069766100842786,MAP_PMU,101,0.0017549963400875779
3,UPFC_tsh,5-15,-0.22932714470319693,54,-0.22891919748685946,MAP_PMU,101,0.00040794721633746756
4,UPFC_Vse,5-15,0.062037645286358516,54,0.06113448962428777,MAP_PMU,101,0.0009031556620707482
5,UPFC_tse,5-15,-2.185972604927103,54,-2.1549397282416796,MAP_PMU,101,0.03103287668542354
0,x_tcsc,1-14,-0.14109564212582404,55,-0.13557893144042785,MAP_PMU,101,0.005516710685396192
1,B_svc,2,0.28449307347215735,55,0.2821765872626029,MAP_PMU,101,0.002316486209554436
2,UPFC_Vsh,5-15,1.1052682783238892,55,1.1069766100842786,MAP_PMU,101,0.0017083317603894255
3,UPFC_tsh,5-15,-0.2293352386359242,55,-0.22891919748685946,MAP_PMU,101,0.00041604114906473866
4,UPFC_Vse,5-15,0.061993093610395573,55,0.06113448962428777,MAP_PMU,101,0.000858603986107806
5,UPFC_tse,5-15,-2.1849118577335824,55,-2.1549397282416796,MAP_PMU,101,0.029972129491902866
0,x_tcsc,1-14,-0.1405206199253767,56,-0.13557893144042785,MAP_PMU,101,0.0049416884849488585
1,B_svc,2,0.2837916369027632,56,0.2821765872626029,MAP_PMU,101,0.0016150496401602932
2,UPFC_Vsh,5-15,1.1054231460478556,56,1.1069766100842786,MAP_PMU,101,0.0015534640364229801
3,UPFC_tsh,5-15,-0.22927764010991805,56,-0.22891919748685946,MAP_PMU,101,0.0003584426230585913
4,UPFC_Vse,5-15,0.061731306512176114,56,0.06113448962428777,MAP_PMU,101,0.0005968168878883462
5,UPFC_tse,5-15,-2.1871456521036765,56,-2.1549397282416796,MAP_PMU,101,0.03220592386199694
0,x_tcsc,1-14,-0.14041675449267965,57,-0.13557893144042785,MAP_PMU,101,0.004837823052251805
1,B_svc,2,0.2834554871990985,57,0.2821765872626029,MAP_PMU,101,0.0012788999364956033
2,UPFC_Vsh,5-15,1.1057173452284579,57,1.1069766100842786,MAP_PMU,101,0.0012592648558207298
3,UPFC_tsh,5-15,-0.22928368358959755,57,-0.22891919748685946,MAP_PMU,101,0.000364486102738093
4,UPFC_Vse,5-15,0.06151183492844604,57,0.06113448962428777,MAP_PMU,101,0.00037734530415826917
5,UPFC_tse,5-15,-2.1812600390707186,57,-2.1549397282416796,MAP_PMU,101,0.026320310829039073
0,x_tcsc,1-14,-0.1404858240978642,58,-0.13557893144042785,MAP_PMU,101,0.004906892657436351
1,B_svc,2,0.2837831993728653,58,0.2821765872626029,MAP_PMU,101,0.001606612110262362
2,UPFC_Vsh,5-15,1.1055847385548518,58,1.1069766100842786,MAP_PMU,101,0.0013918715294267692
3,UPFC_tsh,5-15,-0.22922163897955075,58,-0.22891919748685946,MAP_PMU,101,0.00030244149269129106
4,UPFC_Vse,5-15,0.06152841633593399,58,0.06113448962428777,MAP_PMU,101,0.0003939267116462239
5,UPFC_tse,5-15,-2.173663891596167,58,-2.1549397282416796,MAP_PMU,101,0.018724163354487455
0,x_tcsc,1-14,-0.14052972102304748,59,-0.13557893144042785,MAP_PMU,101,0.00495078958261963
1,B_svc,2,0.28344500459014615,59,0.2821765872626029,MAP_PMU,101,0.0012684173275432364
2,UPFC_Vsh,5-15,1.1058865758193093,59,1.1069766100842786,MAP_PMU,101,0.0010900342649693417
3,UPFC_tsh,5-15,-0.22926710548390614,59,-0.22891919748685946,MAP_PMU,101,0.00034790799704667585
4,UPFC_Vse,5-15,0.06158768103402485,59,0.06113448962428777,MAP_PMU,101,0.00045319140973708316
5,UPFC_tse,5-15,-2.1724555004941037,59,-2.1549397282416796,MAP_PMU,101,0.017515772252424178
0,x_tcsc,1-14,-0.1406323161885779,60,-0.13557893144042785,MAP_PMU,101,0.005053384748150064
1,B_svc,2,0.2841365567853228,60,0.2821765872626029,MAP_PMU,101,0.0019599695227198732
2,UPFC_Vsh,5-15,1.105637579791267,60,1.1069766100842786,MAP_PMU,101,0.0013390302930116338
3,UPFC_tsh,5-15,-0.2293462159886069,60,-0.22891919748685946,MAP_PMU,101,0.0004270185017474504
4,UPFC_Vse,5-15,0.06170377074774206,60,0.06113448962428777,MAP_PMU,101,0.0005692811234542933
5,UPFC_tse,5-15,-2.179167856166658,60,-2.1549397282416796,MAP_PMU,101,0.024228127924978526
0,x_tcsc,1-14,-0.14023310944667225,61,-0.13557893144042785,MAP_PMU,101,0.004654178006244403
1,B_svc,2,0.28411125755303585,61,0.2821765872626029,MAP_PMU,101,0.0019346702904329272
2,UPFC_Vsh,5-15,1.1055751730689405,61,1.1069766100842786,MAP_PMU,101,0.001401437015338125
3,UPFC_tsh,5-15,-0.2292356334403217,61,-0.22891919748685946,MAP_PMU,101,0.00031643595346222964
4,UPFC_Vse,5-15,0.06153625298782517,61,0.06113448962428777,MAP_PMU,101,0.000401763363537401
5,UPFC_tse,5-15,-2.1723494626560136,61,-2.1549397282416796,MAP_PMU,101,0.01740973441433402
0,x_tcsc,1-14,-0.1409748915869734,62,-0.13557893144042785,MAP_PMU,101,0.005395960146545559
1,B_svc,2,0.28391857197391096,62,0.2821765872626029,MAP_PMU,101,0.0017419847113080422
2,UPFC_Vsh,5-15,1.1053227596797757,62,1.1069766100842786,MAP_PMU,101,0.0016538504045029434
3,UPFC_tsh,5-15,-0.22936583867296131,62,-0.22891919748685946,MAP_PMU,101,0.00044664118610185377
4,UPFC_Vse,5-15,0.061288474049829525,62,0.06113448962428777,MAP_PMU,101,0.00015398442554175745
5,UPFC_tse,5-15,-2.1865605974285347,62,-2.1549397282416796,MAP_PMU,101,0.03162086918685514
0,x_tcsc,1-14,-0.14086894573682535,63,-0.13557893144042785,MAP_PMU,101,0.005290014296397499
1,B_svc,2,0.283996388214744,63,0.2821765872626029,MAP_PMU,101,0.0018198009521410707
2,UPFC_Vsh,5-15,1.10557551455736,63,1.1069766100842786,MAP_PMU,101,0.0014010955269185832
3,UPFC_tsh,5-15,-0.22927623035786462,63,-0.22891919748685946,MAP_PMU,101,0.000357032871005164
4,UPFC_Vse,5-15,0.061100407137973003,63,0.06113448962428777,MAP_PMU,101,3.4082486314764016e-05
5,UPFC_tse,5-15,-2.185168719875123,63,-2.1549397282416796,MAP_PMU,101,0.030228991633443503
0,x_tcsc,1-14,-0.14066582984313422,64,-0.13557893144042785,MAP_PMU,101,0.005086898402706375
1,B_svc,2,0.28375751528437076,64,0.2821765872626029,MAP_PMU,101,0.0015809280217678467
2,UPFC_Vsh,5-15,1.105507528078445,64,1.1069766100842786,MAP_PMU,101,0.0014690820058336218
3,UPFC_tsh,5-15,-0.2292952628472897,64,-0.22891919748685946,MAP_PMU,101,0.00037606536043024996
4,UPFC_Vse,5-15,0.06173935903541466,64,0.06113448962428777,MAP_PMU,101,0.0006048694111268904
5,UPFC_tse,5-15,-2.180201196099967,64,-2.1549397282416796,MAP_PMU,101,0.025261467858287645
0,x_tcsc,1-14,-0.1406291045590091,65,-0.13557893144042785,MAP_PMU,101,0.005050173118581247
1,B_svc,2,0.28361745153782403,65,0.2821765872626029,MAP_PMU,101,0.0014408642752211098
2,UPFC_Vsh,5-15,1.1053343106502067,65,1.1069766100842786,MAP_PMU,101,0.0016422994340719033
3,UPFC_tsh,5-15,-0.22946447809323536,65,-0.22891919748685946,MAP_PMU,101,0.000545280606375903
4,UPFC_Vse,5-15,0.06213154897588739,65,0.06113448962428777,MAP_PMU,101,0.000997059351599626
5,UPFC_tse,5-15,-2.190814442549729,65,-2.1549397282416796,MAP_PMU,101,0.03587471430804934
0,x_tcsc,1-14,-0.1410450925485626,66,-0.13557893144042785,MAP_PMU,101,0.005466161108134748
1,B_svc,2,0.283949380797937,66,0.2821765872626029,MAP_PMU,101,0.001772793535334105
2,UPFC_Vsh,5-15,1.1054170371816445,66,1.1069766100842786,MAP_PMU,101,0.0015595729026340877
3,UPFC_tsh,5-15,-0.22930367981269284,66,-0.22891919748685946,MAP_PMU,101,0.0003844823258333796
4,UPFC_Vse,5-15,0.06163728707793454,66,0.06113448962428777,MAP_PMU,101,0.0005027974536467722
5,UPFC_tse,5-15,-2.184417386680739,66,-2.1549397282416796,MAP_PMU,101,0.02947765843905925
0,x_tcsc,1-14,-0.14090312445092698,67,-0.13557893144042785,MAP_PMU,101,0.005324193010499134
1,B_svc,2,0.2843250238000368,67,0.2821765872626029,MAP_PMU,101,0.0021484365374339065
2,UPFC_Vsh,5-15,1.1050290654080257,67,1.1069766100842786,MAP_PMU,101,0.0019475446762529103
3,UPFC_tsh,5-15,-0.22943925308096946,67,-0.22891919748685946,MAP_PMU,101,0.0005200555941100027
4,UPFC_Vse,5-15,0.06218294053535013,67,0.06113448962428777,MAP_PMU,101,0.0010484509110623638
5,UPFC_tse,5-15,-2.1911919482210616,67,-2.1549397282416796,MAP_PMU,101,0.036252219979381994
0,x_tcsc,1-14,-0.14001585525387036,68,-0.13557893144042785,MAP_PMU,101,0.004436923813442517
1,B_svc,2,0.2842589270186097,68,0.2821765872626029,MAP_PMU,101,0.0020823397560068013
2,UPFC_Vsh,5-15,1.1054736922111497,68,1.1069766100842786,MAP_PMU,101,0.0015029178731289505
3,UPFC_tsh,5-15,-0.22934630848010298,68,-0.22891919748685946,MAP_PMU,101,0.00042711099324352353
4,UPFC_Vse,5-15,0.061784179190808246,68,0.06113448962428777,MAP_PMU,101,0.0006496895665204783
5,UPFC_tse,5-15,-2.176088072465899,68,-2.1549397282416796,MAP_PMU,101,0.021148344224219517
0,x_tcsc,1-14,-0.14080439186340288,69,-0.13557893144042785,MAP_PMU,101,0.005225460422975031
1,B_svc,2,0.2842267888262134,69,0.2821765872626029,MAP_PMU,101,0.0020502015636104653
2,UPFC_Vsh,5-15,1.1058713912902802,69,1.1069766100842786,MAP_PMU,101,0.001105218793998386
3,UPFC_tsh,5-15,-0.22926917960950438,69,-0.22891919748685946,MAP_PMU,101,0.0003499821226449207
4,UPFC_Vse,5-15,0.06107719129782832,69,0.06113448962428777,MAP_PMU,101,5.7298326459447046e-05
5,UPFC_tse,5-15,-2.1841080610083474,69,-2.1549397282416796,MAP_PMU,101,0.02916833276666786
0,x_tcsc,1-14,-0.140845852418646,70,-0.13557893144042785,MAP_PMU,101,0.005266920978218154
1,B_svc,2,0.2843928514059033,70,0.2821765872626029,MAP_PMU,101,0.002216264143300395
2,UPFC_Vsh,5-15,1.105412745552169,70,1.1069766100842786,MAP_PMU,101,0.00156386453210966
3,UPFC_tsh,5-15,-0.2293357387525866,70,-0.22891919748685946,MAP_PMU,101,0.00041654126572712724
4,UPFC_Vse,5-15,0.061706852113776654,70,0.06113448962428777,MAP_PMU,101,0.0005723624894888868
5,UPFC_tse,5-15,-2.1750783342388864,70,-2.1549397282416796,MAP_PMU,101,0.02013860599720685
0,x_tcsc,1-14,-0.1414510042589814,71,-0.13557893144042785,MAP_PMU,101,0.005872072818553564
1,B_svc,2,0.2836451448969561,71,0.2821765872626029,MAP_PMU,101,0.0014685576343531626
2,UPFC_Vsh,5-15,1.1054302075413258,71,1.1069766100842786,MAP_PMU,101,0.0015464025429527961
3,UPFC_tsh,5-15,-0.22930646618952313,71,-0.22891919748685946,MAP_PMU,101,0.0003872687026636734
4,UPFC_Vse,5-15,0.06136325822810772,71,0.06113448962428777,MAP_PMU,101,0.00022876860381994962
5,UPFC_tse,5-15,-2.1881989384134366,71,-2.1549397282416796,MAP_PMU,101,0.03325921017175704
0,x_tcsc,1-14,-0.14015986809280745,72,-0.13557893144042785,MAP_PMU,101,0.0045809366523796025
1,B_svc,2,0.2834762529859274,72,0.2821765872626029,MAP_PMU,101,0.0012996657233244613
2,UPFC_Vsh,5-15,1.1060213706957824,72,1.1069766100842786,MAP_PMU,101,0.0009552393884961763
3,UPFC_tsh,5-15,-0.22921525408818563,72,-0.22891919748685946,MAP_PMU,101,0.0002960566013261723
4,UPFC_Vse,5-15,0.061308259622060934,72,0.06113448962428777,MAP_PMU,101,0.00017376999777316687
5,UPFC_tse,5-15,-2.1871134997738007,72,-2.1549397282416796,MAP_PMU,101,0.03217377153212109
0,x_tcsc,1-14,-0.1411075519098089,73,-0.13557893144042785,MAP_PMU,101,0.005528620469381046
1,B_svc,2,0.2836378160694722,73,0.2821765872626029,MAP_PMU,101,0.0014612288068692747
2,UPFC_Vsh,5-15,1.1051477295839636,73,1.1069766100842786,MAP_PMU,101,0.0018288805003150443
3,UPFC_tsh,5-15,-0.22941478069309323,73,-0.22891919748685946,MAP_PMU,101,0.0004955832062337739
4,UPFC_Vse,5-15,0.06192467464280786,73,0.06113448962428777,MAP_PMU,101,0.000790185018520094
5,UPFC_tse,5-15,-2.1858678038724997,73,-2.1549397282416796,MAP_PMU,101,0.030928075630820118
0,x_tcsc,1-14,-0.140550222161941,74,-0.13557893144042785,MAP_PMU,101,0.004971290721513144
1,B_svc,2,0.2839818370322484,74,0.2821765872626029,MAP_PMU,101,0.0018052497696454672
2,UPFC_Vsh,5-15,1.1055084009186051,74,1.1069766100842786,MAP_PMU,101,0.001468209165673473
3,UPFC_tsh,5-15,-0.22929444047265943,74,-0.22891919748685946,MAP_PMU,101,0.0003752429857999673
4,UPFC_Vse,5-15,0.06173179880935564,74,0.06113448962428777,MAP_PMU,101,0.000597309185067875
5,UPFC_tse,5-15,-2.1796779794796084,74,-2.1549397282416796,MAP_PMU,101,0.024738251237928832
0,x_tcsc,1-14,-0.14068269129691113,75,-0.13557893144042785,MAP_PMU,101,0.0051037598564832865
1,B_svc,2,0.28434922467008295,75,0.2821765872626029,MAP_PMU,101,0.002172637407480027
2,UPFC_Vsh,5-15,1.1055912541000166,75,1.1069766100842786,MAP_PMU,101,0.0013853559842620378
3,UPFC_tsh,5-15,-0.22928138173205323,75,-0.22891919748685946,MAP_PMU,101,0.00036218424519376957
4,UPFC_Vse,5-15,0.06120592676886584,75,0.06113448962428777,MAP_PMU,101,7.143714457807232e-05
5,UPFC_tse,5-15,-2.1715887907751497,75,-2.1549397282416796,MAP_PMU,101,0.016649062533470094
0,x_tcsc,1-14,-0.14051070836388374,76,-0.13557893144042785,MAP_PMU,101,0.004931776923455894
1,B_svc,2,0.2840344569896888,76,0.2821765872626029,MAP_PMU,101,0.0018578697270859035
2,UPFC_Vsh,5-15,1.1057949393660211,76,1.1069766100842786,MAP_PMU,101,0.001181670718257477
3,UPFC_tsh,5-15,-0.22929019579558882,76,-0.22891919748685946,MAP_PMU,101,0.0003709983087293589
4,UPFC_Vse,5-15,0.06215083662246226,76,0.06113448962428777,MAP_PMU,101,0.0010163469981744958
5,UPFC_tse,5-15,-2.1761099557030077,76,-2.1549397282416796,MAP_PMU,101,0.02117022746132813
0,x_tcsc,1-14,-0.14109172553896768,77,-0.13557893144042785,MAP_PMU,101,0.0055127940985398305
1,B_svc,2,0.2841006826214095,77,0.2821765872626029,MAP_PMU,101,0.0019240953588065546
2,UPFC_Vsh,5-15,1.1051056824257786,77,1.1069766100842786,MAP_PMU,101,0.0018709276585000545
3,UPFC_tsh,5-15,-0.22942162154523388,77,-0.22891919748685946,MAP_PMU,101,0.0005024240583744177
4,UPFC_Vse,5-15,0.06220986597499916,77,0.06113448962428777,MAP_PMU,101,0.0010753763507113934
5,UPFC_tse,5-15,-2.195950119063607,77,-2.1549397282416796,MAP_PMU,101,0.041010390821927256
0,x_tcsc,1-14,-0.14053454072924357,78,-0.13557893144042785,MAP_PMU,101,0.004955609288815721
1,B_svc,2,0.2837400753214179,78,0.2821765872626029,MAP_PMU,101,0.0015634880588149547
2,UPFC_Vsh,5-15,1.105800310004792,78,1.1069766100842786,MAP_PMU,101,0.0011763000794866585
3,UPFC_tsh,5-15,-0.22926127576765282,78,-0.22891919748685946,MAP_PMU,101,0.00034207828079335645
4,UPFC_Vse,5-15,0.06147487959334232,78,0.06113448962428777,MAP_PMU,101,0.0003403899690545553
5,UPFC_tse,5-15,-2.176555678794701,78,-2.1549397282416796,MAP_PMU,101,0.021615950553021346
0,x_tcsc,1-14,-0.1409239146282846,79,-0.13557893144042785,MAP_PMU,101,0.0053449831878567555
1,B_svc,2,0.2839167506539523,79,0.2821765872626029,MAP_PMU,101,0.0017401633913493586
2,UPFC_Vsh,5-15,1.1055729675513413,79,1.1069766100842786,MAP_PMU,101,0.0014036425329373436
3,UPFC_tsh,5-15,-0.22936958103182803,79,-0.22891919748685946,MAP_PMU,101,0.0004503835449685689
4,UPFC_Vse,5-15,0.06129144477471536,79,0.06113448962428777,MAP_PMU,101,0.00015695515042759428
5,UPFC_tse,5-15,-2.178837945197734,79,-2.1549397282416796,MAP_PMU,101,0.02389821695605443
0,x_tcsc,1-14,-0.14128835193450448,80,-0.13557893144042785,MAP_PMU,101,0.0057094204940766335
1,B_svc,2,0.2838047000654724,80,0.2821765872626029,MAP_PMU,101,0.001628112802869508
2,UPFC_Vsh,5-15,1.10530190367399,80,1.1069766100842786,MAP_PMU,101,0.0016747064102886622
3,UPFC_tsh,5-15,-0.22929490816040113,80,-0.22891919748685946,MAP_PMU,101,0.0003757106735416682
4,UPFC_Vse,5-15,0.06162422662485222,80,0.06113448962428777,MAP_PMU,101,0.0004897370005644552
5,UPFC_tse,5-15,-2.1819175531284225,80,-2.1549397282416796,MAP_PMU,101,0.02697782488674294
0,x_tcsc,1-14,-0.14016656726060747,81,-0.13557893144042785,MAP_PMU,101,0.004587635820179625
1,B_svc,2,0.28322567170449514,81,0.2821765872626029,MAP_PMU,101,0.001049084441892223
2,UPFC_Vsh,5-15,1.1056645474474103,81,1.1069766100842786,MAP_PMU,101,0.0013120626368683386
3,UPFC_tsh,5-15,-0.22932847346285004,81,-0.22891919748685946,MAP_PMU,101,0.00040927597599058063
4,UPFC_Vse,5-15,0.06214630683556313,81,0.06113448962428777,MAP_PMU,101,0.0010118172112753634
5,UPFC_tse,5-15,-2.187182860767576,81,-2.1549397282416796,MAP_PMU,101,0.03224313252589628
0,x_tcsc,1-14,-0.14092187374942455,82,-0.13557893144042785,MAP_PMU,101,0.0053429423089967065
1,B_svc,2,0.2835057765124404,82,0.2821765872626029,MAP_PMU,101,0.0013291892498374924
2,UPFC_Vsh,5-15,1.1055287589250054,82,1.1069766100842786,MAP_PMU,101,0.0014478511592732612
3,UPFC_tsh,5-15,-0.22926810851375984,82,-0.22891919748685946,MAP_PMU,101,0.0003489110269003781
4,UPFC_Vse,5-15,0.06157473310101814,82,0.06113448962428777,MAP_PMU,101,0.00044024347673037034
5,UPFC_tse,5-15,-2.184322342280248,82,-2.1549397282416796,MAP_PMU,101,0.029382614038568455
0,x_tcsc,1-14,-0.14080423205352055,83,-0.13557893144042785,MAP_PMU,101,0.005225300613092704
1,B_svc,2,0.2841269369213905,83,0.2821765872626029,MAP_PMU,101,0.001950349658787598
2,UPFC_Vsh,5-15,1.1054323831487536,83,1.1069766100842786,MAP_PMU,101,0.0015442269355250282
3,UPFC_tsh,5-15,-0.22934864109411104,83,-0.22891919748685946,MAP_PMU,101,0.0004294436072515839
4,UPFC_Vse,5-15,0.06206675587769085,83,0.06113448962428777,MAP_PMU,101,0.0009322662534030843
5,UPFC_tse,5-15,-2.1899601354503644,83,-2.1549397282416796,MAP_PMU,101,0.03502040720868482
0,x_tcsc,1-14,-0.14077971014495994,84,-0.13557893144042785,MAP_PMU,101,0.005200778704532089
1,B_svc,2,0.28405730022735187,84,0.2821765872626029,MAP_PMU,101,0.001880712964748954
2,UPFC_Vsh,5-15,1.1051656055678398,84,1.1069766100842786,MAP_PMU,101,0.0018110045164387856
3,UPFC_tsh,5-15,-0.2294376497233784,84,-0.22891919748685946,MAP_PMU,101,0.0005184522365189459
4,UPFC_Vse,5-15,0.0617475277522796,84,0.06113448962428777,MAP_PMU,101,0.0006130381279918357
5,UPFC_tse,5-15,-2.181587090859234,84,-2.1549397282416796,MAP_PMU,101,0.026647362617554293
0,x_tcsc,1-14,-0.14070723655707582,85,-0.13557893144042785,MAP_PMU,101,0.005128305116647969
1,B_svc,2,0.28371451047602886,85,0.2821765872626029,MAP_PMU,101,0.0015379232134259402
2,UPFC_Vsh,5-15,1.1053516323273638,85,1.1069766100842786,MAP_PMU,101,0.001624977756914836
3,UPFC_tsh,5-15,-0.2294155444129405,85,-0.22891919748685946,MAP_PMU,101,0.000496346926081026
4,UPFC_Vse,5-15,0.061961829764600115,85,0.06113448962428777,MAP_PMU,101,0.0008273401403123479
5,UPFC_tse,5-15,-2.191483303569818,85,-2.1549397282416796,MAP_PMU,101,0.036543575328138456
0,x_tcsc,1-14,-0.14029133399909646,86,-0.13557893144042785,MAP_PMU,101,0.004712402558668616
1,B_svc,2,0.283499481778509,86,0.2821765872626029,MAP_PMU,101,0.001322894515906059
2,UPFC_Vsh,5-15,1.1058146450890152,86,1.1069766100842786,MAP_PMU,101,0.0011619649952634425
3,UPFC_tsh,5-15,-0.22923537244197098,86,-0.22891919748685946,MAP_PMU,101,0.00031617495511152005
4,UPFC_Vse,5-15,0.061622387595800944,86,0.06113448962428777,MAP_PMU,101,0.0004878979715131765
5,UPFC_tse,5-15,-2.171178777880956,86,-2.1549397282416796,MAP_PMU,101,0.01623904963927636
0,x_tcsc,1-14,-0.1406945164204753,87,-0.13557893144042785,MAP_PMU,101,0.005115584980047466
1,B_svc,2,0.2834267594951976,87,0.2821765872626029,MAP_PMU,101,0.0012501722325946596
2,UPFC_Vsh,5-15,1.1051530172083128,87,1.1069766100842786,MAP_PMU,101,0.001823592875965785
3,UPFC_tsh,5-15,-0.22933849167252185,87,-0.22891919748685946,MAP_PMU,101,0.00041929418566238885
4,UPFC_Vse,5-15,0.06186259408932716,87,0.06113448962428777,MAP_PMU,101,0.0007281044650393892
5,UPFC_tse,5-15,-2.1919097946988866,87,-2.1549397282416796,MAP_PMU,101,0.03697006645720702
0,x_tcsc,1-14,-0.14100953867787444,88,-0.13557893144042785,MAP_PMU,101,0.005430607237446594
1,B_svc,2,0.28315147664397955,88,0.2821765872626029,MAP_PMU,101,0.0009748893813766313
2,UPFC_Vsh,5-15,1.1056372877089693,88,1.1069766100842786,MAP_PMU,101,0.0013393223753093153
3,UPFC_tsh,5-15,-0.2293704466426563,88,-0.22891919748685946,MAP_PMU,101,0.00045124915579683456
4,UPFC_Vse,5-15,0.06117655020162622,88,0.06113448962428777,MAP_PMU,101,4.2060577338451366e-05
5,UPFC_tse,5-15,-2.190399681580964,88,-2.1549397282416796,MAP_PMU,101,0.03545995333928431
0,x_tcsc,1-14,-0.14035541009784658,89,-0.13557893144042785,MAP_PMU,101,0.004776478657418731
1,B_svc,2,0.2831491332817573,89,0.2821765872626029,MAP_PMU,101,0.0009725460191543633
2,UPFC_Vsh,5-15,1.1060339035833162,89,1.1069766100842786,MAP_PMU,101,0.000942706500962398
3,UPFC_tsh,5-15,-0.22927730439390015,89,-0.22891919748685946,MAP_PMU,101,0.0003581069070406895
4,UPFC_Vse,5-15,0.06122918565509852,89,0.06113448962428777,MAP_PMU,101,9.4696030810755e-05
5,UPFC_tse,5-15,-2.1846049485714447,89,-2.1549397282416796,MAP_PMU,101,0.029665220329765152
0,x_tcsc,1-14,-0.1405582081066817,90,-0.13557893144042785,MAP_PMU,101,0.004979276666253862
1,B_svc,2,0.2844120908147498,90,0.2821765872626029,MAP_PMU,101,0.002235503552146856
2,UPFC_Vsh,5-15,1.10570938480198,90,1.1069766100842786,MAP_PMU,101,0.0012672252822985008
3,UPFC_tsh,5-15,-0.22934385055618917,90,-0.22891919748685946,MAP_PMU,101,0.0004246530693297057
4,UPFC_Vse,5-15,0.061287113109505964,90,0.06113448962428777,MAP_PMU,101,0.00015262348521819652
5,UPFC_tse,5-15,-2.1843979080519405,90,-2.1549397282416796,MAP_PMU,101,0.029458179810260887
0,x_tcsc,1-14,-0.14073371877120022,91,-0.13557893144042785,MAP_PMU,101,0.005154787330772376
1,B_svc,2,0.28363399567026676,91,0.2821765872626029,MAP_PMU,101,0.0014574084076638405
2,UPFC_Vsh,5-15,1.1051965121006784,91,1.1069766100842786,MAP_PMU,101,0.0017800979836002373
3,UPFC_tsh,5-15,-0.22931997389921968,91,-0.22891919748685946,MAP_PMU,101,0.0004007764123602209
4,UPFC_Vse,5-15,0.06189713642962251,91,0.06113448962428777,MAP_PMU,101,0.0007626468053347421
5,UPFC_tse,5-15,-2.181921284462278,91,-2.1549397282416796,MAP_PMU,101,0.026981556220598613
0,x_tcsc,1-14,-0.14051141441769677,92,-0.13557893144042785,MAP_PMU,101,0.0049324829772689205
1,B_svc,2,0.28385038176706195,92,0.2821765872626029,MAP_PMU,101,0.0016737945044590363
2,UPFC_Vsh,5-15,1.1052389839629453,92,1.1069766100842786,MAP_PMU,101,0.0017376261213333244
3,UPFC_tsh,5-15,-0.2294333293807454,92,-0.22891919748685946,MAP_PMU,101,0.0005141318938859385
4,UPFC_Vse,5-15,0.062031400836115316,92,0.06113448962428777,MAP_PMU,101,0.0008969112118275488
5,UPFC_tse,5-15,-2.183759945699188,92,-2.1549397282416796,MAP_PMU,101,0.028820217457508512
0,x_tcsc,1-14,-0.1414570046622038,93,-0.13557893144042785,MAP_PMU,101,0.005878073221775942
1,B_svc,2,0.2835289878542272,93,0.2821765872626029,MAP_PMU,101,0.001352400591624281
2,UPFC_Vsh,5-15,1.1050160678907384,93,1.1069766100842786,MAP_PMU,101,0.001960542193540249
3,UPFC_tsh,5-15,-0.22937201244245434,93,-0.22891919748685946,MAP_PMU,101,0.00045281495559487683
4,UPFC_Vse,5-15,0.06232909239494395,93,0.06113448962428777,MAP_PMU,101,0.0011946027706561807
5,UPFC_tse,5-15,-2.190763119056668,93,-2.1549397282416796,MAP_PMU,101,0.03582339081498853
0,x_tcsc,1-14,-0.14074727297093342,94,-0.13557893144042785,MAP_PMU,101,0.005168341530505577
1,B_svc,2,0.28354189569240773,94,0.2821765872626029,MAP_PMU,101,0.0013653084298048124
2,UPFC_Vsh,5-15,1.1055292322695802,94,1.1069766100842786,MAP_PMU,101,0.0014473778146983918
3,UPFC_tsh,5-15,-0.22934089027128526,94,-0.22891919748685946,MAP_PMU,101,0.0004216927844258034
4,UPFC_Vse,5-15,0.06122122316734394,94,0.06113448962428777,MAP_PMU,101,8.673354305617498e-05
5,UPFC_tse,5-15,-2.175732493714927,94,-2.1549397282416796,MAP_PMU,101,0.0207927654732476
0,x_tcsc,1-14,-0.14075217537868193,95,-0.13557893144042785,MAP_PMU,101,0.00517324393825408
1,B_svc,2,0.2835450020507679,95,0.2821765872626029,MAP_PMU,101,0.0013684147881649622
2,UPFC_Vsh,5-15,1.1059509911338978,95,1.1069766100842786,MAP_PMU,101,0.00102561895038078
3,UPFC_tsh,5-15,-0.22922634443677167,95,-0.22891919748685946,MAP_PMU,101,0.0003071469499122126
4,UPFC_Vse,5-15,0.06131353276355988,95,0.06113448962428777,MAP_PMU,101,0.00017904313927211146
5,UPFC_tse,5-15,-2.180038338666877,95,-2.1549397282416796,MAP_PMU,101,0.025098610425197343
0,x_tcsc,1-14,-0.14067773118470098,96,-0.13557893144042785,MAP_PMU,101,0.00509879974427313
1,B_svc,2,0.2842123445852873,96,0.2821765872626029,MAP_PMU,101,0.002035757322684406
2,UPFC_Vsh,5-15,1.105287033711316,96,1.1069766100842786,MAP_PMU,101,0.0016895763729625202
3,UPFC_tsh,5-15,-0.22931107420674207,96,-0.22891919748685946,MAP_PMU,101,0.0003918767198826112
4,UPFC_Vse,5-15,0.061506345916273596,96,0.06113448962428777,MAP_PMU,101,0.00037185629198582815
5,UPFC_tse,5-15,-2.1835693372538465,96,-2.1549397282416796,MAP_PMU,101,0.028629609012166934
0,x_tcsc,1-14,-0.14088958031221163,97,-0.13557893144042785,MAP_PMU,101,0.005310648871783785
1,B_svc,2,0.28377962236181253,97,0.2821765872626029,MAP_PMU,101,0.0016030350992096154
2,UPFC_Vsh,5-15,1.105191350762328,97,1.1069766100842786,MAP_PMU,101,0.0017852593219505053
3,UPFC_tsh,5-15,-0.22930094340968712,97,-0.22891919748685946,MAP_PMU,101,0.0003817459228276643
4,UPFC_Vse,5-15,0.06108598222681962,97,0.06113448962428777,MAP_PMU,101,4.850739746814492e-05
5,UPFC_tse,5-15,-2.1864461671719466,97,-2.1549397282416796,MAP_PMU,101,0.031506438930267056
0,x_tcsc,1-14,-0.1406464364405103,98,-0.13557893144042785,MAP_PMU,101,0.005067505000082462
1,B_svc,2,0.28387775547638133,98,0.2821765872626029,MAP_PMU,101,0.0017011682137784145
2,UPFC_Vsh,5-15,1.1057434218926738,98,1.1069766100842786,MAP_PMU,101,0.0012331881916047838
3,UPFC_tsh,5-15,-0.22932701748755915,98,-0.22891919748685946,MAP_PMU,101,0.0004078200006996935
4,UPFC_Vse,5-15,0.06137590940212429,98,0.06113448962428777,MAP_PMU,101,0.00024141977783652402
5,UPFC_tse,5-15,-2.1883543641646166,98,-2.1549397282416796,MAP_PMU,101,0.03341463592293703
0,x_tcsc,1-14,-0.14040049574365285,99,-0.13557893144042785,MAP_PMU,101,0.004821564303225001
1,B_svc,2,0.28346685009014083,99,0.2821765872626029,MAP_PMU,101,0.0012902628275379135
2,UPFC_Vsh,5-15,1.1057368969826882,99,1.1069766100842786,MAP_PMU,101,0.001239713101590434
3,UPFC_tsh,5-15,-0.22925243720452348,99,-0.22891919748685946,MAP_PMU,101,0.0003332397176640245
4,UPFC_Vse,5-15,0.06146296438469448,99,0.06113448962428777,MAP_PMU,101,0.00032847476040671203
5,UPFC_tse,5-15,-2.173347317591589,99,-2.1549397282416796,MAP_PMU,101,0.018407589349909603
0,x_tcsc,1-14,-0.14566690832179524,0,-0.1383357958634321,MAP_PMU,103,0.007331112458363154
1,B_svc,2,0.29739957745693263,0,0.29581570606898044,MAP_PMU,103,0.0015838713879521849
2,UPFC_Vsh,5-15,1.104632893316773,0,1.1064113634065675,MAP_PMU,103,0.0017784700897944816
3,UPFC_tsh,5-15,-0.22725301576207455,0,-0.2266328116375553,MAP_PMU,103,0.0006202041245192413
4,UPFC_Vse,5-15,0.06155541573173132,0,0.06066135188340235,MAP_PMU,103,0.0008940638483289701
5,UPFC_tse,5-15,-2.1843513660061764,0,-2.144813432235368,MAP_PMU,103,0.03953793377080839
0,x_tcsc,1-14,-0.14484794063307885,1,-0.1383357958634321,MAP_PMU,103,0.0065121447696467605
1,B_svc,2,0.29779181270859034,1,0.29581570606898044,MAP_PMU,103,0.001976106639609898
2,UPFC_Vsh,5-15,1.1047106310059496,1,1.1064113634065675,MAP_PMU,103,0.0017007324006179658
3,UPFC_tsh,5-15,-0.22715000977173494,1,-0.2266328116375553,MAP_PMU,103,0.0005171981341796361
4,UPFC_Vse,5-15,0.061974980219601565,1,0.06066135188340235,MAP_PMU,103,0.0013136283361992185
5,UPFC_tse,5-15,-2.1785877235508817,1,-2.144813432235368,MAP_PMU,103,0.03377429131551368
0,x_tcsc,1-14,-0.1445907792035289,2,-0.1383357958634321,MAP_PMU,103,0.006254983340096804
1,B_svc,2,0.29745967063318635,2,0.29581570606898044,MAP_PMU,103,0.001643964564205902
2,UPFC_Vsh,5-15,1.1043567225315385,2,1.1064113634065675,MAP_PMU,103,0.0020546408750290457
3,UPFC_tsh,5-15,-0.2271750409637197,2,-0.2266328116375553,MAP_PMU,103,0.0005422293261644062
4,UPFC_Vse,5-15,0.062373751067238484,2,0.06066135188340235,MAP_PMU,103,0.0017123991838361372
5,UPFC_tse,5-15,-2.192640950784125,2,-2.144813432235368,MAP_PMU,103,0.04782751854875711
0,x_tcsc,1-14,-0.14432200000450504,3,-0.1383357958634321,MAP_PMU,103,0.005986204141072954
1,B_svc,2,0.2979522070168733,3,0.29581570606898044,MAP_PMU,103,0.002136500947892861
2,UPFC_Vsh,5-15,1.104769764405975,3,1.1064113634065675,MAP_PMU,103,0.001641599000592464
3,UPFC_tsh,5-15,-0.227149596653232,3,-0.2266328116375553,MAP_PMU,103,0.0005167850156767018
4,UPFC_Vse,5-15,0.062010186213645326,3,0.06066135188340235,MAP_PMU,103,0.001348834330242979
5,UPFC_tse,5-15,-2.1897091800803907,3,-2.144813432235368,MAP_PMU,103,0.044895747845022704
0,x_tcsc,1-14,-0.14454520177616792,4,-0.1383357958634321,MAP_PMU,103,0.0062094059127358325
1,B_svc,2,0.2984582046724202,4,0.29581570606898044,MAP_PMU,103,0.0026424986034397357
2,UPFC_Vsh,5-15,1.1047104654044964,4,1.1064113634065675,MAP_PMU,103,0.0017008980020711828
3,UPFC_tsh,5-15,-0.2271873671845664,4,-0.2266328116375553,MAP_PMU,103,0.0005545555470110874
4,UPFC_Vse,5-15,0.06172003099792724,4,0.06066135188340235,MAP_PMU,103,0.0010586791145248964
5,UPFC_tse,5-15,-2.192763322111397,4,-2.144813432235368,MAP_PMU,103,0.047949889876028884
0,x_tcsc,1-14,-0.144844756303925,5,-0.1383357958634321,MAP_PMU,103,0.0065089604404929
1,B_svc,2,0.29750580727875364,5,0.29581570606898044,MAP_PMU,103,0.0016901012097731982
2,UPFC_Vsh,5-15,1.1048092669422,5,1.1064113634065675,MAP_PMU,103,0.0016020964643674862
3,UPFC_tsh,5-15,-0.22721486691177428,5,-0.2266328116375553,MAP_PMU,103,0.0005820552742189788
4,UPFC_Vse,5-15,0.06196846745199364,5,0.06066135188340235,MAP_PMU,103,0.0013071155685912966
5,UPFC_tse,5-15,-2.188574554607623,5,-2.144813432235368,MAP_PMU,103,0.043761122372254935
0,x_tcsc,1-14,-0.1443889559562142,6,-0.1383357958634321,MAP_PMU,103,0.006053160092782117
1,B_svc,2,0.297904989849365,6,0.29581570606898044,MAP_PMU,103,0.002089283780384532
2,UPFC_Vsh,5-15,1.1049572309879412,6,1.1064113634065675,MAP_PMU,103,0.0014541324186263527
3,UPFC_tsh,5-15,-0.22711433730401,6,-0.2266328116375553,MAP_PMU,103,0.0004815256664547074
4,UPFC_Vse,5-15,0.061573978868745285,6,0.06066135188340235,MAP_PMU,103,0.0009126269853429389
5,UPFC_tse,5-15,-2.188217195927041,6,-2.144813432235368,MAP_PMU,103,0.04340376369167309
0,x_tcsc,1-14,-0.14412705385605887,7,-0.1383357958634321,MAP_PMU,103,0.00579125799262678
1,B_svc,2,0.2977963343546441,7,0.29581570606898044,MAP_PMU,103,0.0019806282856636437
2,UPFC_Vsh,5-15,1.105327050357564,7,1.1064113634065675,MAP_PMU,103,0.0010843130490034714
3,UPFC_tsh,5-15,-0.22716192083257952,7,-0.2266328116375553,MAP_PMU,103,0.0005291091950242188
4,UPFC_Vse,5-15,0.061819087534059604,7,0.06066135188340235,MAP_PMU,103,0.0011577356506572573
5,UPFC_tse,5-15,-2.1818450389978152,7,-2.144813432235368,MAP_PMU,103,0.03703160676244721
0,x_tcsc,1-14,-0.14426370376592343,8,-0.1383357958634321,MAP_PMU,103,0.005927907902491342
1,B_svc,2,0.2975990256299273,8,0.29581570606898044,MAP_PMU,103,0.00178331956094685
2,UPFC_Vsh,5-15,1.105247459650482,8,1.1064113634065675,MAP_PMU,103,0.0011639037560855492
3,UPFC_tsh,5-15,-0.22714635710956244,8,-0.2266328116375553,MAP_PMU,103,0.000513545472007132
4,UPFC_Vse,5-15,0.061702994531702415,8,0.06066135188340235,MAP_PMU,103,0.0010416426483000688
5,UPFC_tse,5-15,-2.1955334411658844,8,-2.144813432235368,MAP_PMU,103,0.050720008930516425
0,x_tcsc,1-14,-0.14470703345933175,9,-0.1383357958634321,MAP_PMU,103,0.006371237595899665
1,B_svc,2,0.29802034377648773,9,0.29581570606898044,MAP_PMU,103,0.0022046377075072843
2,UPFC_Vsh,5-15,1.104377682208318,9,1.1064113634065675,MAP_PMU,103,0.0020336811982495373
3,UPFC_tsh,5-15,-0.22718318425042475,9,-0.2266328116375553,MAP_PMU,103,0.0005503726128694431
4,UPFC_Vse,5-15,0.061808719939841675,9,0.06066135188340235,MAP_PMU,103,0.0011473680564393282
5,UPFC_tse,5-15,-2.180134254994785,9,-2.144813432235368,MAP_PMU,103,0.03532082275941706
0,x_tcsc,1-14,-0.14471859078802865,10,-0.1383357958634321,MAP_PMU,103,0.006382794924596563
1,B_svc,2,0.29749296693300337,10,0.29581570606898044,MAP_PMU,103,0.0016772608640229225
2,UPFC_Vsh,5-15,1.1047150921642608,10,1.1064113634065675,MAP_PMU,103,0.0016962712423067572
3,UPFC_tsh,5-15,-0.22708848517573105,10,-0.2266328116375553,MAP_PMU,103,0.00045567353817574374
4,UPFC_Vse,5-15,0.06235644301433042,10,0.06066135188340235,MAP_PMU,103,0.0016950911309280767
5,UPFC_tse,5-15,-2.1854277831777975,10,-2.144813432235368,MAP_PMU,103,0.04061435094242949
0,x_tcsc,1-14,-0.1446507692690944,11,-0.1383357958634321,MAP_PMU,103,0.006314973405662311
1,B_svc,2,0.29810874555155104,11,0.29581570606898044,MAP_PMU,103,0.0022930394825705913
2,UPFC_Vsh,5-15,1.104581361977503,11,1.1064113634065675,MAP_PMU,103,0.0018300014290646427
3,UPFC_tsh,5-15,-0.22714180467305028,11,-0.2266328116375553,MAP_PMU,103,0.0005089930354949812
4,UPFC_Vse,5-15,0.06193623797501371,11,0.06066135188340235,MAP_PMU,103,0.0012748860916113602
5,UPFC_tse,5-15,-2.1819414841258045,11,-2.144813432235368,MAP_PMU,103,0.03712805189043644
0,x_tcsc,1-14,-0.1442747674850299,12,-0.1383357958634321,MAP_PMU,103,0.005938971621597816
1,B_svc,2,0.29755059923893074,12,0.29581570606898044,MAP_PMU,103,0.0017348931699502912
2,UPFC_Vsh,5-15,1.1048994060488255,12,1.1064113634065675,MAP_PMU,103,0.001511957357742011
3,UPFC_tsh,5-15,-0.22710047049801807,12,-0.2266328116375553,MAP_PMU,103,0.0004676588604627663
4,UPFC_Vse,5-15,0.06222136826082419,12,0.06066135188340235,MAP_PMU,103,0.0015600163774218412
5,UPFC_tse,5-15,-2.170851857407796,12,-2.144813432235368,MAP_PMU,103,0.02603842517242816
0,x_tcsc,1-14,-0.1444856214186545,13,-0.1383357958634321,MAP_PMU,103,0.006149825555222421
1,B_svc,2,0.29780337189563355,13,0.29581570606898044,MAP_PMU,103,0.0019876658266531066
2,UPFC_Vsh,5-15,1.1047164394142088,13,1.1064113634065675,MAP_PMU,103,0.00169492399235871
3,UPFC_tsh,5-15,-0.22715905708008555,13,-0.2266328116375553,MAP_PMU,103,0.0005262454425302432
4,UPFC_Vse,5-15,0.06158250745681065,13,0.06066135188340235,MAP_PMU,103,0.0009211555734083068
5,UPFC_tse,5-15,-2.182203449379636,13,-2.144813432235368,MAP_PMU,103,0.03739001714426804
0,x_tcsc,1-14,-0.14418676011773598,14,-0.1383357958634321,MAP_PMU,103,0.0058509642543038975
1,B_svc,2,0.2976547494494123,14,0.29581570606898044,MAP_PMU,103,0.0018390433804318373
2,UPFC_Vsh,5-15,1.1049348087589381,14,1.1064113634065675,MAP_PMU,103,0.0014765546476294134
3,UPFC_tsh,5-15,-0.22718044130117007,14,-0.2266328116375553,MAP_PMU,103,0.0005476296636147682
4,UPFC_Vse,5-15,0.06187828862700768,14,0.06066135188340235,MAP_PMU,103,0.0012169367436053319
5,UPFC_tse,5-15,-2.1905354137125754,14,-2.144813432235368,MAP_PMU,103,0.04572198147720741
0,x_tcsc,1-14,-0.1442419384120705,15,-0.1383357958634321,MAP_PMU,103,0.005906142548638416
1,B_svc,2,0.29766261905772734,15,0.29581570606898044,MAP_PMU,103,0.001846912988746896
2,UPFC_Vsh,5-15,1.1049052019463972,15,1.1064113634065675,MAP_PMU,103,0.0015061614601703521
3,UPFC_tsh,5-15,-0.22714637164486298,15,-0.2266328116375553,MAP_PMU,103,0.0005135600073076785
4,UPFC_Vse,5-15,0.06159056388481799,15,0.06066135188340235,MAP_PMU,103,0.0009292120014156441
5,UPFC_tse,5-15,-2.1886048149115265,15,-2.144813432235368,MAP_PMU,103,0.04379138267615845
0,x_tcsc,1-14,-0.1444724525437332,16,-0.1383357958634321,MAP_PMU,103,0.006136656680301111
1,B_svc,2,0.2982985451840929,16,0.29581570606898044,MAP_PMU,103,0.002482839115112434
2,UPFC_Vsh,5-15,1.1045685198874713,16,1.1064113634065675,MAP_PMU,103,0.0018428435190962489
3,UPFC_tsh,5-15,-0.22720817467986795,16,-0.2266328116375553,MAP_PMU,103,0.0005753630423126488
4,UPFC_Vse,5-15,0.062485106933898166,16,0.06066135188340235,MAP_PMU,103,0.0018237550504958192
5,UPFC_tse,5-15,-2.1959318800730596,16,-2.144813432235368,MAP_PMU,103,0.051118447837691594
0,x_tcsc,1-14,-0.1445558529098768,17,-0.1383357958634321,MAP_PMU,103,0.00622005704644471
1,B_svc,2,0.2977328930717587,17,0.29581570606898044,MAP_PMU,103,0.0019171870027782645
2,UPFC_Vsh,5-15,1.1050382625460204,17,1.1064113634065675,MAP_PMU,103,0.001373100860547094
3,UPFC_tsh,5-15,-0.2271331824436631,17,-0.2266328116375553,MAP_PMU,103,0.0005003708061077916
4,UPFC_Vse,5-15,0.06162648107434083,17,0.06066135188340235,MAP_PMU,103,0.0009651291909384824
5,UPFC_tse,5-15,-2.183588898282704,17,-2.144813432235368,MAP_PMU,103,0.03877546604733606
0,x_tcsc,1-14,-0.14478584762634117,18,-0.1383357958634321,MAP_PMU,103,0.0064500517629090814
1,B_svc,2,0.2977104017463693,18,0.29581570606898044,MAP_PMU,103,0.001894695677388869
2,UPFC_Vsh,5-15,1.1048153905334255,18,1.1064113634065675,MAP_PMU,103,0.0015959728731420597
3,UPFC_tsh,5-15,-0.22713639193198115,18,-0.2266328116375553,MAP_PMU,103,0.0005035802944258483
4,UPFC_Vse,5-15,0.061571880297443676,18,0.06066135188340235,MAP_PMU,103,0.0009105284140413297
5,UPFC_tse,5-15,-2.180251984208798,18,-2.144813432235368,MAP_PMU,103,0.035438551973430155
0,x_tcsc,1-14,-0.14511053100141294,19,-0.1383357958634321,MAP_PMU,103,0.006774735137980853
1,B_svc,2,0.29747583960615287,19,0.29581570606898044,MAP_PMU,103,0.0016601335371724257
2,UPFC_Vsh,5-15,1.104947555451307,19,1.1064113634065675,MAP_PMU,103,0.0014638079552604655
3,UPFC_tsh,5-15,-0.2270927474996256,19,-0.2266328116375553,MAP_PMU,103,0.0004599358620702987
4,UPFC_Vse,5-15,0.06171432486807284,19,0.06066135188340235,MAP_PMU,103,0.0010529729846704902
5,UPFC_tse,5-15,-2.177518536240257,19,-2.144813432235368,MAP_PMU,103,0.03270510400488913
0,x_tcsc,1-14,-0.14434981823989854,20,-0.1383357958634321,MAP_PMU,103,0.006014022376466449
1,B_svc,2,0.29784277028077577,20,0.29581570606898044,MAP_PMU,103,0.0020270642117953264
2,UPFC_Vsh,5-15,1.1048427682197337,20,1.1064113634065675,MAP_PMU,103,0.0015685951868338321
3,UPFC_tsh,5-15,-0.22717539164569406,20,-0.2266328116375553,MAP_PMU,103,0.0005425800081387544
4,UPFC_Vse,5-15,0.06181896004172455,20,0.06066135188340235,MAP_PMU,103,0.0011576081583222
5,UPFC_tse,5-15,-2.1946121523973616,20,-2.144813432235368,MAP_PMU,103,0.049798720161993604
0,x_tcsc,1-14,-0.1447582370642039,21,-0.1383357958634321,MAP_PMU,103,0.006422441200771817
1,B_svc,2,0.29759029846667423,21,0.29581570606898044,MAP_PMU,103,0.001774592397693786
2,UPFC_Vsh,5-15,1.104547755907102,21,1.1064113634065675,MAP_PMU,103,0.0018636074994655694
3,UPFC_tsh,5-15,-0.22718862367869838,21,-0.2266328116375553,MAP_PMU,103,0.0005558120411430778
4,UPFC_Vse,5-15,0.06172345958178126,21,0.06066135188340235,MAP_PMU,103,0.0010621076983789168
5,UPFC_tse,5-15,-2.190036638002916,21,-2.144813432235368,MAP_PMU,103,0.0452232057675479
0,x_tcsc,1-14,-0.14456348127058027,22,-0.1383357958634321,MAP_PMU,103,0.006227685407148187
1,B_svc,2,0.29792021690304554,22,0.29581570606898044,MAP_PMU,103,0.0021045108340650986
2,UPFC_Vsh,5-15,1.1046383025340742,22,1.1064113634065675,MAP_PMU,103,0.0017730608724932928
3,UPFC_tsh,5-15,-0.22720616251304587,22,-0.2266328116375553,MAP_PMU,103,0.0005733508754905692
4,UPFC_Vse,5-15,0.06182178460048466,22,0.06066135188340235,MAP_PMU,103,0.001160432717082313
5,UPFC_tse,5-15,-2.1927709712434686,22,-2.144813432235368,MAP_PMU,103,0.047957539008100625
0,x_tcsc,1-14,-0.1454905275534283,23,-0.1383357958634321,MAP_PMU,103,0.007154731689996224
1,B_svc,2,0.2978667785982741,23,0.29581570606898044,MAP_PMU,103,0.0020510725292936516
2,UPFC_Vsh,5-15,1.1044789662385261,23,1.1064113634065675,MAP_PMU,103,0.0019323971680413887
3,UPFC_tsh,5-15,-0.22725149384473128,23,-0.2266328116375553,MAP_PMU,103,0.0006186822071759801
4,UPFC_Vse,5-15,0.062347407142960685,23,0.06066135188340235,MAP_PMU,103,0.001686055259558339
5,UPFC_tse,5-15,-2.2001271407120857,23,-2.144813432235368,MAP_PMU,103,0.05531370847671768
0,x_tcsc,1-14,-0.14431730002030027,24,-0.1383357958634321,MAP_PMU,103,0.005981504156868184
1,B_svc,2,0.2978485891656113,24,0.29581570606898044,MAP_PMU,103,0.0020328830966308553
2,UPFC_Vsh,5-15,1.1048061552090702,24,1.1064113634065675,MAP_PMU,103,0.001605208197497321
3,UPFC_tsh,5-15,-0.22717721074271077,24,-0.2266328116375553,MAP_PMU,103,0.0005443991051554686
4,UPFC_Vse,5-15,0.06171805981795799,24,0.06066135188340235,MAP_PMU,103,0.0010567079345556452
5,UPFC_tse,5-15,-2.186234432214301,24,-2.144813432235368,MAP_PMU,103,0.041420999978933004
0,x_tcsc,1-14,-0.14445194399950392,25,-0.1383357958634321,MAP_PMU,103,0.006116148136071836
1,B_svc,2,0.2974984379665722,25,0.29581570606898044,MAP_PMU,103,0.0016827318975917716
2,UPFC_Vsh,5-15,1.1049187111775731,25,1.1064113634065675,MAP_PMU,103,0.0014926522289944177
3,UPFC_tsh,5-15,-0.2271094544005984,25,-0.2266328116375553,MAP_PMU,103,0.00047664276304310027
4,UPFC_Vse,5-15,0.06176857180220547,25,0.06066135188340235,MAP_PMU,103,0.0011072199188031234
5,UPFC_tse,5-15,-2.187640204131733,25,-2.144813432235368,MAP_PMU,103,0.04282677189636486
0,x_tcsc,1-14,-0.1447763669063953,26,-0.1383357958634321,MAP_PMU,103,0.006440571042963222
1,B_svc,2,0.2980446781266623,26,0.29581570606898044,MAP_PMU,103,0.002228972057681855
2,UPFC_Vsh,5-15,1.1047209738589743,26,1.1064113634065675,MAP_PMU,103,0.0016903895475932629
3,UPFC_tsh,5-15,-0.2271998661068773,26,-0.2266328116375553,MAP_PMU,103,0.0005670544693220092
4,UPFC_Vse,5-15,0.062081866251604785,26,0.06066135188340235,MAP_PMU,103,0.0014205143682024385
5,UPFC_tse,5-15,-2.193699103359332,26,-2.144813432235368,MAP_PMU,103,0.0488856711239638
0,x_tcsc,1-14,-0.14501488128762607,27,-0.1383357958634321,MAP_PMU,103,0.006679085424193987
1,B_svc,2,0.2982683430816067,27,0.29581570606898044,MAP_PMU,103,0.0024526370126262687
2,UPFC_Vsh,5-15,1.1044870869065417,27,1.1064113634065675,MAP_PMU,103,0.001924276500025801
3,UPFC_tsh,5-15,-0.2272426032690065,27,-0.2266328116375553,MAP_PMU,103,0.0006097916314511953
4,UPFC_Vse,5-15,0.062107251499977374,27,0.06066135188340235,MAP_PMU,103,0.0014458996165750276
5,UPFC_tse,5-15,-2.184545328594611,27,-2.144813432235368,MAP_PMU,103,0.03973189635924301
0,x_tcsc,1-14,-0.14508606682738778,28,-0.1383357958634321,MAP_PMU,103,0.006750270963955696
1,B_svc,2,0.29762749287728335,28,0.29581570606898044,MAP_PMU,103,0.0018117868083029065
2,UPFC_Vsh,5-15,1.1044842106811257,28,1.1064113634065675,MAP_PMU,103,0.0019271527254418608
3,UPFC_tsh,5-15,-0.22725004551724215,28,-0.2266328116375553,MAP_PMU,103,0.000617233879686846
4,UPFC_Vse,5-15,0.061961619991026486,28,0.06066135188340235,MAP_PMU,103,0.001300268107624139
5,UPFC_tse,5-15,-2.2018369592255196,28,-2.144813432235368,MAP_PMU,103,0.05702352699015156
0,x_tcsc,1-14,-0.14494138423119868,29,-0.1383357958634321,MAP_PMU,103,0.0066055883677665905
1,B_svc,2,0.2976849299032967,29,0.29581570606898044,MAP_PMU,103,0.0018692238343162582
2,UPFC_Vsh,5-15,1.1044391828840394,29,1.1064113634065675,MAP_PMU,103,0.001972180522528122
3,UPFC_tsh,5-15,-0.22718587327563283,29,-0.2266328116375553,MAP_PMU,103,0.0005530616380775288
4,UPFC_Vse,5-15,0.0621450566793561,29,0.06066135188340235,MAP_PMU,103,0.0014837047959537566
5,UPFC_tse,5-15,-2.1892668812222666,29,-2.144813432235368,MAP_PMU,103,0.044453448986898625
0,x_tcsc,1-14,-0.14495950307483654,30,-0.1383357958634321,MAP_PMU,103,0.006623707211404456
1,B_svc,2,0.2972597412250198,30,0.29581570606898044,MAP_PMU,103,0.0014440351560393583
2,UPFC_Vsh,5-15,1.1043065135112722,30,1.1064113634065675,MAP_PMU,103,0.0021048498952953576
3,UPFC_tsh,5-15,-0.22722632604925835,30,-0.2266328116375553,MAP_PMU,103,0.00059351441170305
4,UPFC_Vse,5-15,0.061792914203906125,30,0.06066135188340235,MAP_PMU,103,0.001131562320503779
5,UPFC_tse,5-15,-2.1961921219762566,30,-2.144813432235368,MAP_PMU,103,0.05137868974088855
0,x_tcsc,1-14,-0.14451072279906496,31,-0.1383357958634321,MAP_PMU,103,0.006174926935632874
1,B_svc,2,0.29772607771331167,31,0.29581570606898044,MAP_PMU,103,0.0019103716443312213
2,UPFC_Vsh,5-15,1.1047100156294944,31,1.1064113634065675,MAP_PMU,103,0.0017013477770730923
3,UPFC_tsh,5-15,-0.2271760810785641,31,-0.2266328116375553,MAP_PMU,103,0.0005432694410087979
4,UPFC_Vse,5-15,0.06209123060321031,31,0.06066135188340235,MAP_PMU,103,0.0014298787198079657
5,UPFC_tse,5-15,-2.1967287738682715,31,-2.144813432235368,MAP_PMU,103,0.051915341632903456
0,x_tcsc,1-14,-0.14546197329275165,32,-0.1383357958634321,MAP_PMU,103,0.0071261774293195634
1,B_svc,2,0.29749337219019695,32,0.29581570606898044,MAP_PMU,103,0.0016776661212165034
2,UPFC_Vsh,5-15,1.1043243361096637,32,1.1064113634065675,MAP_PMU,103,0.0020870272969037984
3,UPFC_tsh,5-15,-0.22720817047076458,32,-0.2266328116375553,MAP_PMU,103,0.0005753588332092774
4,UPFC_Vse,5-15,0.06162822952322706,32,0.06066135188340235,MAP_PMU,103,0.000966877639824712
5,UPFC_tse,5-15,-2.189327310452895,32,-2.144813432235368,MAP_PMU,103,0.04451387821752695
0,x_tcsc,1-14,-0.14489347345388817,33,-0.1383357958634321,MAP_PMU,103,0.006557677590456085
1,B_svc,2,0.2979955124526417,33,0.29581570606898044,MAP_PMU,103,0.0021798063836612758
2,UPFC_Vsh,5-15,1.104544640046939,33,1.1064113634065675,MAP_PMU,103,0.0018667233596285637
3,UPFC_tsh,5-15,-0.22718096258762374,33,-0.2266328116375553,MAP_PMU,103,0.0005481509500684378
4,UPFC_Vse,5-15,0.06188676970958903,33,0.06066135188340235,MAP_PMU,103,0.001225417826186681
5,UPFC_tse,5-15,-2.196032191596514,33,-2.144813432235368,MAP_PMU,103,0.05121875936114595
0,x_tcsc,1-14,-0.14533984814816556,34,-0.1383357958634321,MAP_PMU,103,0.00700405228473347
1,B_svc,2,0.29715009559768973,34,0.29581570606898044,MAP_PMU,103,0.00133438952870929
2,UPFC_Vsh,5-15,1.104284053751052,34,1.1064113634065675,MAP_PMU,103,0.0021273096555154414
3,UPFC_tsh,5-15,-0.22723453069918584,34,-0.2266328116375553,MAP_PMU,103,0.0006017190616305346
4,UPFC_Vse,5-15,0.06223972583004985,34,0.06066135188340235,MAP_PMU,103,0.0015783739466475044
5,UPFC_tse,5-15,-2.1962510959537225,34,-2.144813432235368,MAP_PMU,103,0.051437663718354454
0,x_tcsc,1-14,-0.14435240843559735,35,-0.1383357958634321,MAP_PMU,103,0.006016612572165264
1,B_svc,2,0.29778829333792406,35,0.29581570606898044,MAP_PMU,103,0.0019725872689436152
2,UPFC_Vsh,5-15,1.1047278223454708,35,1.1064113634065675,MAP_PMU,103,0.0016835410610966939
3,UPFC_tsh,5-15,-0.22712834850978825,35,-0.2266328116375553,MAP_PMU,103,0.0004955368722329434
4,UPFC_Vse,5-15,0.062006811508415235,35,0.06066135188340235,MAP_PMU,103,0.001345459625012889
5,UPFC_tse,5-15,-2.1985074751194356,35,-2.144813432235368,MAP_PMU,103,0.05369404288406754
0,x_tcsc,1-14,-0.14396974649675628,36,-0.1383357958634321,MAP_PMU,103,0.005633950633324197
1,B_svc,2,0.29738344854551574,36,0.29581570606898044,MAP_PMU,103,0.0015677424765352943
2,UPFC_Vsh,5-15,1.1053927804833188,36,1.1064113634065675,MAP_PMU,103,0.0010185829232487453
3,UPFC_tsh,5-15,-0.2270839293139211,36,-0.2266328116375553,MAP_PMU,103,0.0004511176763657976
4,UPFC_Vse,5-15,0.061706669738747506,36,0.06066135188340235,MAP_PMU,103,0.0010453178553451598
5,UPFC_tse,5-15,-2.184610869159041,36,-2.144813432235368,MAP_PMU,103,0.03979743692367288
0,x_tcsc,1-14,-0.1444134277767344,37,-0.1383357958634321,MAP_PMU,103,0.006077631913302323
1,B_svc,2,0.2977318898248787,37,0.29581570606898044,MAP_PMU,103,0.0019161837558982486
2,UPFC_Vsh,5-15,1.104703684973739,37,1.1064113634065675,MAP_PMU,103,0.0017076784328284855
3,UPFC_tsh,5-15,-0.2271958684017793,37,-0.2266328116375553,MAP_PMU,103,0.0005630567642239959
4,UPFC_Vse,5-15,0.061191751803380164,37,0.06066135188340235,MAP_PMU,103,0.000530399919977817
5,UPFC_tse,5-15,-2.199571443835307,37,-2.144813432235368,MAP_PMU,103,0.05475801159993887
0,x_tcsc,1-14,-0.14475598204760962,38,-0.1383357958634321,MAP_PMU,103,0.006420186184177529
1,B_svc,2,0.29751299478730525,38,0.29581570606898044,MAP_PMU,103,0.0016972887183248075
2,UPFC_Vsh,5-15,1.1043415391074212,38,1.1064113634065675,MAP_PMU,103,0.0020698242991463722
3,UPFC_tsh,5-15,-0.22727212214576217,38,-0.2266328116375553,MAP_PMU,103,0.0006393105082068695
4,UPFC_Vse,5-15,0.06222109973278645,38,0.06066135188340235,MAP_PMU,103,0.001559747849384105
5,UPFC_tse,5-15,-2.189285072817154,38,-2.144813432235368,MAP_PMU,103,0.04447164058178599
0,x_tcsc,1-14,-0.1442977659080837,39,-0.1383357958634321,MAP_PMU,103,0.005961970044651627
1,B_svc,2,0.2979678498273432,39,0.29581570606898044,MAP_PMU,103,0.0021521437583627567
2,UPFC_Vsh,5-15,1.1050515285305247,39,1.1064113634065675,MAP_PMU,103,0.0013598348760428536
3,UPFC_tsh,5-15,-0.2270917055656394,39,-0.2266328116375553,MAP_PMU,103,0.00045889392808409757
4,UPFC_Vse,5-15,0.061752023301801205,39,0.06066135188340235,MAP_PMU,103,0.0010906714183988586
5,UPFC_tse,5-15,-2.190798677847539,39,-2.144813432235368,MAP_PMU,103,0.04598524561217099
0,x_tcsc,1-14,-0.1440821893358868,40,-0.1383357958634321,MAP_PMU,103,0.005746393472454703
1,B_svc,2,0.2973499922265085,40,0.29581570606898044,MAP_PMU,103,0.001534286157528042
2,UPFC_Vsh,5-15,1.1049318317333836,40,1.1064113634065675,MAP_PMU,103,0.0014795316731839314
3,UPFC_tsh,5-15,-0.2271252544523825,40,-0.2266328116375553,MAP_PMU,103,0.0004924428148271875
4,UPFC_Vse,5-15,0.06161078584216768,40,0.06066135188340235,MAP_PMU,103,0.0009494339587653305
5,UPFC_tse,5-15,-2.1792296532527113,40,-2.144813432235368,MAP_PMU,103,0.03441622101734332
0,x_tcsc,1-14,-0.14521952989499365,41,-0.1383357958634321,MAP_PMU,103,0.006883734031561561
1,B_svc,2,0.2978907773280576,41,0.29581570606898044,MAP_PMU,103,0.0020750712590771325
2,UPFC_Vsh,5-15,1.1045396681212523,41,1.1064113634065675,MAP_PMU,103,0.001871695285315278
3,UPFC_tsh,5-15,-0.22721379077555554,41,-0.2266328116375553,MAP_PMU,103,0.0005809791380002316
4,UPFC_Vse,5-15,0.06205982930887742,41,0.06066135188340235,MAP_PMU,103,0.001398477425475074
5,UPFC_tse,5-15,-2.19469281064124,41,-2.144813432235368,MAP_PMU,103,0.0498793784058722
0,x_tcsc,1-14,-0.14475656139728207,42,-0.1383357958634321,MAP_PMU,103,0.006420765533849987
1,B_svc,2,0.2976631064600672,42,0.29581570606898044,MAP_PMU,103,0.0018474003910867731
2,UPFC_Vsh,5-15,1.1046968700113098,42,1.1064113634065675,MAP_PMU,103,0.0017144933952577546
3,UPFC_tsh,5-15,-0.22715561078516092,42,-0.2266328116375553,MAP_PMU,103,0.0005227991476056126
4,UPFC_Vse,5-15,0.06184560420747991,42,0.06066135188340235,MAP_PMU,103,0.0011842523240775601
5,UPFC_tse,5-15,-2.1798146304537434,42,-2.144813432235368,MAP_PMU,103,0.03500119821837533
0,x_tcsc,1-14,-0.14452351752490758,43,-0.1383357958634321,MAP_PMU,103,0.006187721661475493
1,B_svc,2,0.29741332956231614,43,0.29581570606898044,MAP_PMU,103,0.001597623493335698
2,UPFC_Vsh,5-15,1.105003814226949,43,1.1064113634065675,MAP_PMU,103,0.0014075491796186057
3,UPFC_tsh,5-15,-0.22716788475760022,43,-0.2266328116375553,MAP_PMU,103,0.0005350731200449155
4,UPFC_Vse,5-15,0.06187720748513381,43,0.06066135188340235,MAP_PMU,103,0.001215855601731465
5,UPFC_tse,5-15,-2.1866687931678235,43,-2.144813432235368,MAP_PMU,103,0.041855360932455454
0,x_tcsc,1-14,-0.1446000466905392,44,-0.1383357958634321,MAP_PMU,103,0.006264250827107104
1,B_svc,2,0.2972928287668197,44,0.29581570606898044,MAP_PMU,103,0.0014771226978392282
2,UPFC_Vsh,5-15,1.1047039276730393,44,1.1064113634065675,MAP_PMU,103,0.001707435733528273
3,UPFC_tsh,5-15,-0.22718984033796819,44,-0.2266328116375553,MAP_PMU,103,0.0005570287004128816
4,UPFC_Vse,5-15,0.061714653385506336,44,0.06066135188340235,MAP_PMU,103,0.0010533015021039899
5,UPFC_tse,5-15,-2.18879712445992,44,-2.144813432235368,MAP_PMU,103,0.043983692224551785
0,x_tcsc,1-14,-0.14439957478255605,45,-0.1383357958634321,MAP_PMU,103,0.006063778919123963
1,B_svc,2,0.29763187434466826,45,0.29581570606898044,MAP_PMU,103,0.0018161682756878128
2,UPFC_Vsh,5-15,1.1047891279158066,45,1.1064113634065675,MAP_PMU,103,0.0016222354907609038
3,UPFC_tsh,5-15,-0.22720205054515236,45,-0.2266328116375553,MAP_PMU,103,0.0005692389075970528
4,UPFC_Vse,5-15,0.0618868298243725,45,0.06066135188340235,MAP_PMU,103,0.0012254779409701516
5,UPFC_tse,5-15,-2.187708831749481,45,-2.144813432235368,MAP_PMU,103,0.04289539951411303
0,x_tcsc,1-14,-0.1444800461721432,46,-0.1383357958634321,MAP_PMU,103,0.006144250308711102
1,B_svc,2,0.2980013232791858,46,0.29581570606898044,MAP_PMU,103,0.0021856172102053817
2,UPFC_Vsh,5-15,1.1048384095002326,46,1.1064113634065675,MAP_PMU,103,0.0015729539063349396
3,UPFC_tsh,5-15,-0.22717810550370088,46,-0.2266328116375553,MAP_PMU,103,0.0005452938661455742
4,UPFC_Vse,5-15,0.06200261866912305,46,0.06066135188340235,MAP_PMU,103,0.0013412667857207045
5,UPFC_tse,5-15,-2.1846142438501794,46,-2.144813432235368,MAP_PMU,103,0.039800811614811415
0,x_tcsc,1-14,-0.14450773557708482,47,-0.1383357958634321,MAP_PMU,103,0.006171939713652735
1,B_svc,2,0.2974935119360406,47,0.29581570606898044,MAP_PMU,103,0.001677805867060178
2,UPFC_Vsh,5-15,1.1044661069769688,47,1.1064113634065675,MAP_PMU,103,0.0019452564295987518
3,UPFC_tsh,5-15,-0.22721094157215754,47,-0.2266328116375553,MAP_PMU,103,0.0005781299346022395
4,UPFC_Vse,5-15,0.061899902083164024,47,0.06066135188340235,MAP_PMU,103,0.0012385501997616774
5,UPFC_tse,5-15,-2.1911506361690076,47,-2.144813432235368,MAP_PMU,103,0.046337203933639604
0,x_tcsc,1-14,-0.14475845369170914,48,-0.1383357958634321,MAP_PMU,103,0.006422657828277056
1,B_svc,2,0.29768449439871125,48,0.29581570606898044,MAP_PMU,103,0.0018687883297308083
2,UPFC_Vsh,5-15,1.1046800720454055,48,1.1064113634065675,MAP_PMU,103,0.0017312913611620129
3,UPFC_tsh,5-15,-0.2271996046010252,48,-0.2266328116375553,MAP_PMU,103,0.0005667929634698976
4,UPFC_Vse,5-15,0.06177389946854403,48,0.06066135188340235,MAP_PMU,103,0.0011125475851416836
5,UPFC_tse,5-15,-2.191815047181577,48,-2.144813432235368,MAP_PMU,103,0.047001614946208914
0,x_tcsc,1-14,-0.144396787503846,49,-0.1383357958634321,MAP_PMU,103,0.006060991640413904
1,B_svc,2,0.29719921781564096,49,0.29581570606898044,MAP_PMU,103,0.0013835117466605151
2,UPFC_Vsh,5-15,1.1050730326728762,49,1.1064113634065675,MAP_PMU,103,0.0013383307336913841
3,UPFC_tsh,5-15,-0.2271587425142921,49,-0.2266328116375553,MAP_PMU,103,0.0005259308767368021
4,UPFC_Vse,5-15,0.06193097001208505,49,0.06066135188340235,MAP_PMU,103,0.0012696181286827035
5,UPFC_tse,5-15,-2.201739821115777,49,-2.144813432235368,MAP_PMU,103,0.05692638888040902
0,x_tcsc,1-14,-0.14477806129215162,50,-0.1383357958634321,MAP_PMU,103,0.006442265428719535
1,B_svc,2,0.2974591759958644,50,0.29581570606898044,MAP_PMU,103,0.001643469926883967
2,UPFC_Vsh,5-15,1.1050811086636096,50,1.1064113634065675,MAP_PMU,103,0.0013302547429578926
3,UPFC_tsh,5-15,-0.22715097952621327,50,-0.2266328116375553,MAP_PMU,103,0.0005181678886579666
4,UPFC_Vse,5-15,0.061696366111584806,50,0.06066135188340235,MAP_PMU,103,0.0010350142281824598
5,UPFC_tse,5-15,-2.1890484162810795,50,-2.144813432235368,MAP_PMU,103,0.04423498404571147
0,x_tcsc,1-14,-0.14439510127189653,51,-0.1383357958634321,MAP_PMU,103,0.006059305408464444
1,B_svc,2,0.29760470945904977,51,0.29581570606898044,MAP_PMU,103,0.0017890033900693214
2,UPFC_Vsh,5-15,1.1047060807547688,51,1.1064113634065675,MAP_PMU,103,0.0017052826517987008
3,UPFC_tsh,5-15,-0.2271098481266533,51,-0.2266328116375553,MAP_PMU,103,0.00047703648909799834
4,UPFC_Vse,5-15,0.061691961017549736,51,0.06066135188340235,MAP_PMU,103,0.0010306091341473894
5,UPFC_tse,5-15,-2.1768018090991013,51,-2.144813432235368,MAP_PMU,103,0.03198837686373324
0,x_tcsc,1-14,-0.14545474544110337,52,-0.1383357958634321,MAP_PMU,103,0.007118949577671285
1,B_svc,2,0.29808480308406593,52,0.29581570606898044,MAP_PMU,103,0.002269097015085486
2,UPFC_Vsh,5-15,1.1040899259953232,52,1.1064113634065675,MAP_PMU,103,0.0023214374112443537
3,UPFC_tsh,5-15,-0.22726723419863407,52,-0.2266328116375553,MAP_PMU,103,0.0006344225610787624
4,UPFC_Vse,5-15,0.0622743024189078,52,0.06066135188340235,MAP_PMU,103,0.0016129505355054544
5,UPFC_tse,5-15,-2.198638564806093,52,-2.144813432235368,MAP_PMU,103,0.053825132570724854
0,x_tcsc,1-14,-0.14423673859539662,53,-0.1383357958634321,MAP_PMU,103,0.005900942731964537
1,B_svc,2,0.29803360753659447,53,0.29581570606898044,MAP_PMU,103,0.002217901467614025
2,UPFC_Vsh,5-15,1.1052037905313203,53,1.1064113634065675,MAP_PMU,103,0.0012075728752471981
3,UPFC_tsh,5-15,-0.22708456646876563,53,-0.2266328116375553,MAP_PMU,103,0.00045175483121032145
4,UPFC_Vse,5-15,0.06199958435010166,53,0.06066135188340235,MAP_PMU,103,0.0013382324666993128
5,UPFC_tse,5-15,-2.182742949712836,53,-2.144813432235368,MAP_PMU,103,0.03792951747746809
0,x_tcsc,1-14,-0.14532048877769457,54,-0.1383357958634321,MAP_PMU,103,0.006984692914262486
1,B_svc,2,0.2979548925262563,54,0.29581570606898044,MAP_PMU,103,0.0021391864572758434
2,UPFC_Vsh,5-15,1.1043008532819458,54,1.1064113634065675,MAP_PMU,103,0.0021105101246217117
3,UPFC_tsh,5-15,-0.22728761686649565,54,-0.2266328116375553,MAP_PMU,103,0.0006548052289403472
4,UPFC_Vse,5-15,0.062456130003766715,54,0.06066135188340235,MAP_PMU,103,0.0017947781203643681
5,UPFC_tse,5-15,-2.1975230634051335,54,-2.144813432235368,MAP_PMU,103,0.05270963116976546
0,x_tcsc,1-14,-0.1451192171894432,55,-0.1383357958634321,MAP_PMU,103,0.006783421326011119
1,B_svc,2,0.29862766512791955,55,0.29581570606898044,MAP_PMU,103,0.0028119590589391064
2,UPFC_Vsh,5-15,1.1042896176350616,55,1.1064113634065675,MAP_PMU,103,0.002121745771505923
3,UPFC_tsh,5-15,-0.22723125086342155,55,-0.2266328116375553,MAP_PMU,103,0.0005984392258662485
4,UPFC_Vse,5-15,0.06240937935647995,55,0.06066135188340235,MAP_PMU,103,0.001748027473077604
5,UPFC_tse,5-15,-2.2021937005800774,55,-2.144813432235368,MAP_PMU,103,0.05738026834470933
0,x_tcsc,1-14,-0.14443800010837185,56,-0.1383357958634321,MAP_PMU,103,0.006102204244939763
1,B_svc,2,0.29774005087635874,56,0.29581570606898044,MAP_PMU,103,0.0019243448073782976
2,UPFC_Vsh,5-15,1.1048117249577887,56,1.1064113634065675,MAP_PMU,103,0.0015996384487788617
3,UPFC_tsh,5-15,-0.22711964192388556,56,-0.2266328116375553,MAP_PMU,103,0.0004868302863302587
4,UPFC_Vse,5-15,0.06175465823076831,56,0.06066135188340235,MAP_PMU,103,0.0010933063473659646
5,UPFC_tse,5-15,-2.176717307582072,56,-2.144813432235368,MAP_PMU,103,0.0319038753467038
0,x_tcsc,1-14,-0.1443420594458465,57,-0.1383357958634321,MAP_PMU,103,0.006006263582414406
1,B_svc,2,0.29735481054443746,57,0.29581570606898044,MAP_PMU,103,0.0015391044754570204
2,UPFC_Vsh,5-15,1.1049777510901806,57,1.1064113634065675,MAP_PMU,103,0.0014336123163869452
3,UPFC_tsh,5-15,-0.22716567324091627,57,-0.2266328116375553,MAP_PMU,103,0.0005328616033609679
4,UPFC_Vse,5-15,0.06156395506873522,57,0.06066135188340235,MAP_PMU,103,0.0009026031853328759
5,UPFC_tse,5-15,-2.1902334650116364,57,-2.144813432235368,MAP_PMU,103,0.04542003277626838
0,x_tcsc,1-14,-0.14447445283970148,58,-0.1383357958634321,MAP_PMU,103,0.006138656976269391
1,B_svc,2,0.29779526533203865,58,0.29581570606898044,MAP_PMU,103,0.001979559263058206
2,UPFC_Vsh,5-15,1.1048483582640534,58,1.1064113634065675,MAP_PMU,103,0.0015630051425141733
3,UPFC_tsh,5-15,-0.2271859528634108,58,-0.2266328116375553,MAP_PMU,103,0.000553141225855508
4,UPFC_Vse,5-15,0.061943797051693165,58,0.06066135188340235,MAP_PMU,103,0.001282445168290819
5,UPFC_tse,5-15,-2.1827854159922166,58,-2.144813432235368,MAP_PMU,103,0.037971983756848626
0,x_tcsc,1-14,-0.14446664288621056,59,-0.1383357958634321,MAP_PMU,103,0.006130847022778468
1,B_svc,2,0.29712647196931297,59,0.29581570606898044,MAP_PMU,103,0.0013107659003325223
2,UPFC_Vsh,5-15,1.104663485246994,59,1.1064113634065675,MAP_PMU,103,0.001747878159573446
3,UPFC_tsh,5-15,-0.2271744444368191,59,-0.2266328116375553,MAP_PMU,103,0.0005416327992638081
4,UPFC_Vse,5-15,0.06195591194717248,59,0.06066135188340235,MAP_PMU,103,0.0012945600637701352
5,UPFC_tse,5-15,-2.1860829627397944,59,-2.144813432235368,MAP_PMU,103,0.04126953050442639
0,x_tcsc,1-14,-0.14458977883434315,60,-0.1383357958634321,MAP_PMU,103,0.006253982970911065
1,B_svc,2,0.2980405066543166,60,0.29581570606898044,MAP_PMU,103,0.0022248005853361397
2,UPFC_Vsh,5-15,1.1050246104391412,60,1.1064113634065675,MAP_PMU,103,0.0013867529674262968
3,UPFC_tsh,5-15,-0.22721966385542844,60,-0.2266328116375553,MAP_PMU,103,0.000586852217873135
4,UPFC_Vse,5-15,0.06199030023546383,60,0.06066135188340235,MAP_PMU,103,0.0013289483520614806
5,UPFC_tse,5-15,-2.1917221571082375,60,-2.144813432235368,MAP_PMU,103,0.046908724872869456
0,x_tcsc,1-14,-0.1441297064714778,61,-0.1383357958634321,MAP_PMU,103,0.00579391060804571
1,B_svc,2,0.2980765063383362,61,0.29581570606898044,MAP_PMU,103,0.002260800269355767
2,UPFC_Vsh,5-15,1.1054126550637717,61,1.1064113634065675,MAP_PMU,103,0.0009987083427958066
3,UPFC_tsh,5-15,-0.22709991759069895,61,-0.2266328116375553,MAP_PMU,103,0.0004671059531436428
4,UPFC_Vse,5-15,0.06156087839040048,61,0.06066135188340235,MAP_PMU,103,0.0008995265069981356
5,UPFC_tse,5-15,-2.1753794833814903,61,-2.144813432235368,MAP_PMU,103,0.03056605114612232
0,x_tcsc,1-14,-0.1449635848690123,62,-0.1383357958634321,MAP_PMU,103,0.006627789005580226
1,B_svc,2,0.2978005288745139,62,0.29581570606898044,MAP_PMU,103,0.0019848228055334705
2,UPFC_Vsh,5-15,1.1043434261352638,62,1.1064113634065675,MAP_PMU,103,0.0020679372713037214
3,UPFC_tsh,5-15,-0.22721419283544278,62,-0.2266328116375553,MAP_PMU,103,0.0005813811978874761
4,UPFC_Vse,5-15,0.06150704739193793,62,0.06066135188340235,MAP_PMU,103,0.0008456955085355822
5,UPFC_tse,5-15,-2.1929441298430863,62,-2.144813432235368,MAP_PMU,103,0.048130697607718265
0,x_tcsc,1-14,-0.14479565453349477,63,-0.1383357958634321,MAP_PMU,103,0.006459858670062685
1,B_svc,2,0.2979079027556149,63,0.29581570606898044,MAP_PMU,103,0.002092196686634462
2,UPFC_Vsh,5-15,1.104725271735912,63,1.1064113634065675,MAP_PMU,103,0.0016860916706555873
3,UPFC_tsh,5-15,-0.22721641545830348,63,-0.2266328116375553,MAP_PMU,103,0.0005836038207481797
4,UPFC_Vse,5-15,0.06144925913003994,63,0.06066135188340235,MAP_PMU,103,0.0007879072466375966
5,UPFC_tse,5-15,-2.1942920997011455,63,-2.144813432235368,MAP_PMU,103,0.04947866746577745
0,x_tcsc,1-14,-0.14461115553940984,64,-0.1383357958634321,MAP_PMU,103,0.006275359675977754
1,B_svc,2,0.29766435010456166,64,0.29581570606898044,MAP_PMU,103,0.001848644035581215
2,UPFC_Vsh,5-15,1.1047845018235292,64,1.1064113634065675,MAP_PMU,103,0.0016268615830383748
3,UPFC_tsh,5-15,-0.2271796843768239,64,-0.2266328116375553,MAP_PMU,103,0.0005468727392685946
4,UPFC_Vse,5-15,0.06197015255207937,64,0.06066135188340235,MAP_PMU,103,0.0013088006686770223
5,UPFC_tse,5-15,-2.1859702816724687,64,-2.144813432235368,MAP_PMU,103,0.04115684943710063
0,x_tcsc,1-14,-0.14455210238793614,65,-0.1383357958634321,MAP_PMU,103,0.006216306524504056
1,B_svc,2,0.29766308609784253,65,0.29581570606898044,MAP_PMU,103,0.001847380028862089
2,UPFC_Vsh,5-15,1.104804607620387,65,1.1064113634065675,MAP_PMU,103,0.0016067557861805248
3,UPFC_tsh,5-15,-0.22723297363628758,65,-0.2266328116375553,MAP_PMU,103,0.0006001619987322793
4,UPFC_Vse,5-15,0.06216717881924912,65,0.06066135188340235,MAP_PMU,103,0.0015058269358467768
5,UPFC_tse,5-15,-2.190824545592146,65,-2.144813432235368,MAP_PMU,103,0.046011113356777766
0,x_tcsc,1-14,-0.14500197372017198,66,-0.1383357958634321,MAP_PMU,103,0.006666177856739897
1,B_svc,2,0.2978011752043805,66,0.29581570606898044,MAP_PMU,103,0.001985469135400042
2,UPFC_Vsh,5-15,1.1044633039727816,66,1.1064113634065675,MAP_PMU,103,0.0019480594337859536
3,UPFC_tsh,5-15,-0.2272476236777231,66,-0.2266328116375553,MAP_PMU,103,0.0006148120401678059
4,UPFC_Vse,5-15,0.06222439274239165,66,0.06066135188340235,MAP_PMU,103,0.001563040858989305
5,UPFC_tse,5-15,-2.1944083446838287,66,-2.144813432235368,MAP_PMU,103,0.049594912448460704
0,x_tcsc,1-14,-0.1448598259325066,67,-0.1383357958634321,MAP_PMU,103,0.00652403006907451
1,B_svc,2,0.2980902507291528,67,0.29581570606898044,MAP_PMU,103,0.0022745446601723507
2,UPFC_Vsh,5-15,1.1047287872855511,67,1.1064113634065675,MAP_PMU,103,0.0016825761210164103
3,UPFC_tsh,5-15,-0.22721965525810808,67,-0.2266328116375553,MAP_PMU,103,0.0005868436205527794
4,UPFC_Vse,5-15,0.0621811297736608,67,0.06066135188340235,MAP_PMU,103,0.0015197778902584502
5,UPFC_tse,5-15,-2.1889703849189384,67,-2.144813432235368,MAP_PMU,103,0.04415695268357034
0,x_tcsc,1-14,-0.14387395014734972,68,-0.1383357958634321,MAP_PMU,103,0.005538154283917629
1,B_svc,2,0.2982433809283404,68,0.29581570606898044,MAP_PMU,103,0.002427674859359963
2,UPFC_Vsh,5-15,1.1050085300640937,68,1.1064113634065675,MAP_PMU,103,0.0014028333424738193
3,UPFC_tsh,5-15,-0.22712433757868727,68,-0.2266328116375553,MAP_PMU,103,0.0004915259411319706
4,UPFC_Vse,5-15,0.06197981559784734,68,0.06066135188340235,MAP_PMU,103,0.001318463714444995
5,UPFC_tse,5-15,-2.1836250041300294,68,-2.144813432235368,MAP_PMU,103,0.038811571894661334
0,x_tcsc,1-14,-0.1447752524630243,69,-0.1383357958634321,MAP_PMU,103,0.006439456599592219
1,B_svc,2,0.2982810014199609,69,0.29581570606898044,MAP_PMU,103,0.0024652953509804454
2,UPFC_Vsh,5-15,1.1048662449586943,69,1.1064113634065675,MAP_PMU,103,0.001545118447873195
3,UPFC_tsh,5-15,-0.2272021069340232,69,-0.2266328116375553,MAP_PMU,103,0.0005692952964679032
4,UPFC_Vse,5-15,0.06145688582639422,69,0.06066135188340235,MAP_PMU,103,0.0007955339429918731
5,UPFC_tse,5-15,-2.192106027224279,69,-2.144813432235368,MAP_PMU,103,0.04729259498891114
0,x_tcsc,1-14,-0.14480365954581056,70,-0.1383357958634321,MAP_PMU,103,0.006467863682378477
1,B_svc,2,0.2981334494311601,70,0.29581570606898044,MAP_PMU,103,0.0023177433621796584
2,UPFC_Vsh,5-15,1.1049899052506358,70,1.1064113634065675,MAP_PMU,103,0.001421458155931754
3,UPFC_tsh,5-15,-0.2271549593693321,70,-0.2266328116375553,MAP_PMU,103,0.0005221477317768064
4,UPFC_Vse,5-15,0.061950206147535186,70,0.06066135188340235,MAP_PMU,103,0.0012888542641328396
5,UPFC_tse,5-15,-2.1893018465052676,70,-2.144813432235368,MAP_PMU,103,0.04448841426989958
0,x_tcsc,1-14,-0.1455237192609927,71,-0.1383357958634321,MAP_PMU,103,0.007187923397560608
1,B_svc,2,0.2975480846476517,71,0.29581570606898044,MAP_PMU,103,0.0017323785786712564
2,UPFC_Vsh,5-15,1.104373017302133,71,1.1064113634065675,MAP_PMU,103,0.0020383461044344298
3,UPFC_tsh,5-15,-0.2272256751726778,71,-0.2266328116375553,MAP_PMU,103,0.0005928635351225009
4,UPFC_Vse,5-15,0.06154894821648084,71,0.06066135188340235,MAP_PMU,103,0.0008875963330784928
5,UPFC_tse,5-15,-2.201046607087882,71,-2.144813432235368,MAP_PMU,103,0.056233174852514
0,x_tcsc,1-14,-0.14405085717543512,72,-0.1383357958634321,MAP_PMU,103,0.005715061312003028
1,B_svc,2,0.2973867874940312,72,0.29581570606898044,MAP_PMU,103,0.0015710814250507465
2,UPFC_Vsh,5-15,1.1050087126654478,72,1.1064113634065675,MAP_PMU,103,0.001402650741119782
3,UPFC_tsh,5-15,-0.22716437757589045,72,-0.2266328116375553,MAP_PMU,103,0.0005315659383351434
4,UPFC_Vse,5-15,0.06150149081188529,72,0.06066135188340235,MAP_PMU,103,0.0008401389284829405
5,UPFC_tse,5-15,-2.18439986811189,72,-2.144813432235368,MAP_PMU,103,0.039586435876521886
0,x_tcsc,1-14,-0.14510977770033293,73,-0.1383357958634321,MAP_PMU,103,0.006773981836900839
1,B_svc,2,0.2975581840848553,73,0.29581570606898044,MAP_PMU,103,0.0017424780158748487
2,UPFC_Vsh,5-15,1.104342510176289,73,1.1064113634065675,MAP_PMU,103,0.002068853230278611
3,UPFC_tsh,5-15,-0.22723655055800876,73,-0.2266328116375553,MAP_PMU,103,0.000603738920453456
4,UPFC_Vse,5-15,0.06217356065775949,73,0.06066135188340235,MAP_PMU,103,0.001512208774357142
5,UPFC_tse,5-15,-2.1892401876682195,73,-2.144813432235368,MAP_PMU,103,0.04442675543285146
0,x_tcsc,1-14,-0.14447022489685227,74,-0.1383357958634321,MAP_PMU,103,0.00613442903342018
1,B_svc,2,0.2977784987590322,74,0.29581570606898044,MAP_PMU,103,0.001962792690051729
2,UPFC_Vsh,5-15,1.1047389905145486,74,1.1064113634065675,MAP_PMU,103,0.0016723728920189362
3,UPFC_tsh,5-15,-0.22718283080137128,74,-0.2266328116375553,MAP_PMU,103,0.0005500191638159735
4,UPFC_Vse,5-15,0.06207221457625813,74,0.06066135188340235,MAP_PMU,103,0.0014108626928557855
5,UPFC_tse,5-15,-2.1874240159960956,74,-2.144813432235368,MAP_PMU,103,0.04261058376072757
0,x_tcsc,1-14,-0.14466818250177937,75,-0.1383357958634321,MAP_PMU,103,0.006332386638347287
1,B_svc,2,0.2985046147868671,75,0.29581570606898044,MAP_PMU,103,0.002688908717886629
2,UPFC_Vsh,5-15,1.1044841731075832,75,1.1064113634065675,MAP_PMU,103,0.0019271902989843603
3,UPFC_tsh,5-15,-0.22716146309887178,75,-0.2266328116375553,MAP_PMU,103,0.0005286514613164761
4,UPFC_Vse,5-15,0.061930342209179014,75,0.06066135188340235,MAP_PMU,103,0.0012689903257766671
5,UPFC_tse,5-15,-2.1915535729462716,75,-2.144813432235368,MAP_PMU,103,0.0467401407109036
0,x_tcsc,1-14,-0.14445890265415268,76,-0.1383357958634321,MAP_PMU,103,0.006123106790720589
1,B_svc,2,0.2981245645250434,76,0.29581570606898044,MAP_PMU,103,0.0023088584560629344
2,UPFC_Vsh,5-15,1.1050050041206205,76,1.1064113634065675,MAP_PMU,103,0.001406359285947012
3,UPFC_tsh,5-15,-0.22722475009027174,76,-0.2266328116375553,MAP_PMU,103,0.000591938452716434
4,UPFC_Vse,5-15,0.062283061809183436,76,0.06066135188340235,MAP_PMU,103,0.0016217099257810896
5,UPFC_tse,5-15,-2.1882117819799904,76,-2.144813432235368,MAP_PMU,103,0.04339834974462242
0,x_tcsc,1-14,-0.14511036747169664,77,-0.1383357958634321,MAP_PMU,103,0.006774571608264557
1,B_svc,2,0.2980204057630071,77,0.29581570606898044,MAP_PMU,103,0.002204699694026646
2,UPFC_Vsh,5-15,1.104276994072351,77,1.1064113634065675,MAP_PMU,103,0.0021343693342166237
3,UPFC_tsh,5-15,-0.22725438148677624,77,-0.2266328116375553,MAP_PMU,103,0.0006215698492209321
4,UPFC_Vse,5-15,0.06231263651885538,77,0.06066135188340235,MAP_PMU,103,0.0016512846354530333
5,UPFC_tse,5-15,-2.200915801106383,77,-2.144813432235368,MAP_PMU,103,0.05610236887101516
0,x_tcsc,1-14,-0.14444866370943685,78,-0.1383357958634321,MAP_PMU,103,0.00611286784600476
1,B_svc,2,0.29781245785046534,78,0.29581570606898044,MAP_PMU,103,0.0019967517814848956
2,UPFC_Vsh,5-15,1.1049131561652623,78,1.1064113634065675,MAP_PMU,103,0.0014982072413052272
3,UPFC_tsh,5-15,-0.22720861945689494,78,-0.2266328116375553,MAP_PMU,103,0.0005758078193396354
4,UPFC_Vse,5-15,0.06201708635591674,78,0.06066135188340235,MAP_PMU,103,0.001355734472514393
5,UPFC_tse,5-15,-2.2002184594664302,78,-2.144813432235368,MAP_PMU,103,0.05540502723106222
0,x_tcsc,1-14,-0.14490741210771593,79,-0.1383357958634321,MAP_PMU,103,0.0065716162442838455
1,B_svc,2,0.29778038187528194,79,0.29581570606898044,MAP_PMU,103,0.001964675806301497
2,UPFC_Vsh,5-15,1.1048123599959143,79,1.1064113634065675,MAP_PMU,103,0.0015990034106532214
3,UPFC_tsh,5-15,-0.22717893766572153,79,-0.2266328116375553,MAP_PMU,103,0.0005461260281662272
4,UPFC_Vse,5-15,0.06143848732032506,79,0.06066135188340235,MAP_PMU,103,0.0007771354369227115
5,UPFC_tse,5-15,-2.19571502337499,79,-2.144813432235368,MAP_PMU,103,0.05090159113962178
0,x_tcsc,1-14,-0.14528767867274542,80,-0.1383357958634321,MAP_PMU,103,0.006951882809313331
1,B_svc,2,0.29743956091349116,80,0.29581570606898044,MAP_PMU,103,0.0016238548445107193
2,UPFC_Vsh,5-15,1.104355904802581,80,1.1064113634065675,MAP_PMU,103,0.002055458603986482
3,UPFC_tsh,5-15,-0.2271989279452742,80,-0.2266328116375553,MAP_PMU,103,0.0005661163077188835
4,UPFC_Vse,5-15,0.061907567202510026,80,0.06066135188340235,MAP_PMU,103,0.0012462153191076797
5,UPFC_tse,5-15,-2.206121767927907,80,-2.144813432235368,MAP_PMU,103,0.06130833569253902
0,x_tcsc,1-14,-0.14409620474870052,81,-0.1383357958634321,MAP_PMU,103,0.0057604088852684365
1,B_svc,2,0.2972577716942851,81,0.29581570606898044,MAP_PMU,103,0.0014420656253046338
2,UPFC_Vsh,5-15,1.1052288801986518,81,1.1064113634065675,MAP_PMU,103,0.0011824832079156966
3,UPFC_tsh,5-15,-0.22712949708766178,81,-0.2266328116375553,MAP_PMU,103,0.0004966854501064766
4,UPFC_Vse,5-15,0.06199084900757476,81,0.06066135188340235,MAP_PMU,103,0.0013294971241724143
5,UPFC_tse,5-15,-2.1836800226160267,81,-2.144813432235368,MAP_PMU,103,0.03886659038065865
0,x_tcsc,1-14,-0.14493263035828674,82,-0.1383357958634321,MAP_PMU,103,0.006596834494854653
1,B_svc,2,0.29743326644281237,82,0.29581570606898044,MAP_PMU,103,0.0016175603738319277
2,UPFC_Vsh,5-15,1.1049055575643918,82,1.1064113634065675,MAP_PMU,103,0.0015058058421757448
3,UPFC_tsh,5-15,-0.22711546548002887,82,-0.2266328116375553,MAP_PMU,103,0.0004826538424735627
4,UPFC_Vse,5-15,0.061501329987863854,82,0.06066135188340235,MAP_PMU,103,0.0008399781044615071
5,UPFC_tse,5-15,-2.1834206564243024,82,-2.144813432235368,MAP_PMU,103,0.038607224188934364
0,x_tcsc,1-14,-0.1447513045551473,83,-0.1383357958634321,MAP_PMU,103,0.006415508691715199
1,B_svc,2,0.2979749585075282,83,0.29581570606898044,MAP_PMU,103,0.002159252438547754
2,UPFC_Vsh,5-15,1.1048344295545218,83,1.1064113634065675,MAP_PMU,103,0.0015769338520457143
3,UPFC_tsh,5-15,-0.22725318253518814,83,-0.2266328116375553,MAP_PMU,103,0.0006203708976328381
4,UPFC_Vse,5-15,0.06209124044864084,83,0.06066135188340235,MAP_PMU,103,0.0014298885652384921
5,UPFC_tse,5-15,-2.188091059969554,83,-2.144813432235368,MAP_PMU,103,0.0432776277341862
0,x_tcsc,1-14,-0.14476116287669172,84,-0.1383357958634321,MAP_PMU,103,0.006425367013259631
1,B_svc,2,0.2978439478384352,84,0.29581570606898044,MAP_PMU,103,0.002028241769454764
2,UPFC_Vsh,5-15,1.1048389173206181,84,1.1064113634065675,MAP_PMU,103,0.0015724460859494194
3,UPFC_tsh,5-15,-0.2271586301337772,84,-0.2266328116375553,MAP_PMU,103,0.0005258184962219081
4,UPFC_Vse,5-15,0.06169078767998438,84,0.06066135188340235,MAP_PMU,103,0.0010294357965820317
5,UPFC_tse,5-15,-2.1858669340888515,84,-2.144813432235368,MAP_PMU,103,0.04105350185348344
0,x_tcsc,1-14,-0.14469400551665892,85,-0.1383357958634321,MAP_PMU,103,0.006358209653226837
1,B_svc,2,0.29760067391951556,85,0.29581570606898044,MAP_PMU,103,0.001784967850535113
2,UPFC_Vsh,5-15,1.1045310417280563,85,1.1064113634065675,MAP_PMU,103,0.0018803216785112653
3,UPFC_tsh,5-15,-0.22717932609536323,85,-0.2266328116375553,MAP_PMU,103,0.0005465144578079284
4,UPFC_Vse,5-15,0.061854777973369336,85,0.06066135188340235,MAP_PMU,103,0.0011934260899669896
5,UPFC_tse,5-15,-2.1852236497673183,85,-2.144813432235368,MAP_PMU,103,0.04041021753195029
0,x_tcsc,1-14,-0.144218987064926,86,-0.1383357958634321,MAP_PMU,103,0.005883191201493915
1,B_svc,2,0.2974969582226991,86,0.29581570606898044,MAP_PMU,103,0.0016812521537186709
2,UPFC_Vsh,5-15,1.1049743955554403,86,1.1064113634065675,MAP_PMU,103,0.0014369678511272355
3,UPFC_tsh,5-15,-0.22711783165100882,86,-0.2266328116375553,MAP_PMU,103,0.00048502001345351875
4,UPFC_Vse,5-15,0.06211514295343256,86,0.06066135188340235,MAP_PMU,103,0.0014537910700302137
5,UPFC_tse,5-15,-2.1872088279322193,86,-2.144813432235368,MAP_PMU,103,0.042395395696851246
0,x_tcsc,1-14,-0.14465111403262967,87,-0.1383357958634321,MAP_PMU,103,0.006315318169197587
1,B_svc,2,0.2974035860780873,87,0.29581570606898044,MAP_PMU,103,0.0015878800091068679
2,UPFC_Vsh,5-15,1.1044791540734518,87,1.1064113634065675,MAP_PMU,103,0.0019322093331157753
3,UPFC_tsh,5-15,-0.2272390162152104,87,-0.2266328116375553,MAP_PMU,103,0.0006062045776550895
4,UPFC_Vse,5-15,0.06212075579032423,87,0.06066135188340235,MAP_PMU,103,0.0014594039069218828
5,UPFC_tse,5-15,-2.1940564178877655,87,-2.144813432235368,MAP_PMU,103,0.049242985652397486
0,x_tcsc,1-14,-0.14499432900147757,88,-0.1383357958634321,MAP_PMU,103,0.006658533138045486
1,B_svc,2,0.29711585524122347,88,0.29581570606898044,MAP_PMU,103,0.0013001491722430258
2,UPFC_Vsh,5-15,1.1048806105774185,88,1.1064113634065675,MAP_PMU,103,0.0015307528291490513
3,UPFC_tsh,5-15,-0.2271758437691297,88,-0.2266328116375553,MAP_PMU,103,0.0005430321315743891
4,UPFC_Vse,5-15,0.06107547810748012,88,0.06066135188340235,MAP_PMU,103,0.000414126224077771
5,UPFC_tse,5-15,-2.189645024460155,88,-2.144813432235368,MAP_PMU,103,0.04483159222478683
0,x_tcsc,1-14,-0.14426388190187264,89,-0.1383357958634321,MAP_PMU,103,0.005928086038440555
1,B_svc,2,0.29722499413985376,89,0.29581570606898044,MAP_PMU,103,0.0014092880708733158
2,UPFC_Vsh,5-15,1.1054576732047474,89,1.1064113634065675,MAP_PMU,103,0.0009536902018201232
3,UPFC_tsh,5-15,-0.22712595479442813,89,-0.2266328116375553,MAP_PMU,103,0.0004931431568728217
4,UPFC_Vse,5-15,0.061376769424227026,89,0.06066135188340235,MAP_PMU,103,0.0007154175408246796
5,UPFC_tse,5-15,-2.183123551830375,89,-2.144813432235368,MAP_PMU,103,0.03831011959500685
0,x_tcsc,1-14,-0.14451288096711767,90,-0.1383357958634321,MAP_PMU,103,0.006177085103685587
1,B_svc,2,0.2983011940947583,90,0.29581570606898044,MAP_PMU,103,0.00248548802577786
2,UPFC_Vsh,5-15,1.104931308909261,90,1.1064113634065675,MAP_PMU,103,0.0014800544973065932
3,UPFC_tsh,5-15,-0.22716239234388894,90,-0.2266328116375553,MAP_PMU,103,0.0005295807063336322
4,UPFC_Vse,5-15,0.061516871303167985,90,0.06066135188340235,MAP_PMU,103,0.0008555194197656379
5,UPFC_tse,5-15,-2.1876004110054614,90,-2.144813432235368,MAP_PMU,103,0.04278697877009341
0,x_tcsc,1-14,-0.14468681036684786,91,-0.1383357958634321,MAP_PMU,103,0.0063510145034157695
1,B_svc,2,0.29745746551235863,91,0.29581570606898044,MAP_PMU,103,0.001641759443378188
2,UPFC_Vsh,5-15,1.1046692634897235,91,1.1064113634065675,MAP_PMU,103,0.001742099916844042
3,UPFC_tsh,5-15,-0.22716263150914942,91,-0.2266328116375553,MAP_PMU,103,0.0005298198715941171
4,UPFC_Vse,5-15,0.06214745292816093,91,0.06066135188340235,MAP_PMU,103,0.0014861010447585823
5,UPFC_tse,5-15,-2.1925530940882947,91,-2.144813432235368,MAP_PMU,103,0.04773966185292666
0,x_tcsc,1-14,-0.14443237463391237,92,-0.1383357958634321,MAP_PMU,103,0.006096578770480282
1,B_svc,2,0.2975783214634811,92,0.29581570606898044,MAP_PMU,103,0.0017626153945006773
2,UPFC_Vsh,5-15,1.1050178954562584,92,1.1064113634065675,MAP_PMU,103,0.0013934679503091463
3,UPFC_tsh,5-15,-0.22717956849168358,92,-0.2266328116375553,MAP_PMU,103,0.0005467568541282775
4,UPFC_Vse,5-15,0.06195869619804793,92,0.06066135188340235,MAP_PMU,103,0.0012973443146455862
5,UPFC_tse,5-15,-2.1843132350118117,92,-2.144813432235368,MAP_PMU,103,0.039499802776443715
0,x_tcsc,1-14,-0.14547903968423964,93,-0.1383357958634321,MAP_PMU,103,0.007143243820807554
1,B_svc,2,0.29752915822831544,93,0.29581570606898044,MAP_PMU,103,0.0017134521593349938
2,UPFC_Vsh,5-15,1.103985994064644,93,1.1064113634065675,MAP_PMU,103,0.002425369341923611
3,UPFC_tsh,5-15,-0.2272606941389629,93,-0.2266328116375553,MAP_PMU,103,0.0006278825014076062
4,UPFC_Vse,5-15,0.062652101834157,93,0.06066135188340235,MAP_PMU,103,0.0019907499507546486
5,UPFC_tse,5-15,-2.199095381065854,93,-2.144813432235368,MAP_PMU,103,0.05428194883048576
0,x_tcsc,1-14,-0.14467554293484156,94,-0.1383357958634321,MAP_PMU,103,0.006339747071409468
1,B_svc,2,0.2973608436668308,94,0.29581570606898044,MAP_PMU,103,0.0015451375978503545
2,UPFC_Vsh,5-15,1.1047393260296845,94,1.1064113634065675,MAP_PMU,103,0.0016720373768830399
3,UPFC_tsh,5-15,-0.22717437121508496,94,-0.2266328116375553,MAP_PMU,103,0.00054155957752966
4,UPFC_Vse,5-15,0.06135840982348163,94,0.06066135188340235,MAP_PMU,103,0.0006970579400792862
5,UPFC_tse,5-15,-2.189321047170436,94,-2.144813432235368,MAP_PMU,103,0.04450761493506805
0,x_tcsc,1-14,-0.14474979292080542,95,-0.1383357958634321,MAP_PMU,103,0.006413997057373333
1,B_svc,2,0.2974718040689889,95,0.29581570606898044,MAP_PMU,103,0.0016560980000084324
2,UPFC_Vsh,5-15,1.104776085706702,95,1.1064113634065675,MAP_PMU,103,0.0016352776998656005
3,UPFC_tsh,5-15,-0.2271982918391326,95,-0.2266328116375553,MAP_PMU,103,0.0005654802015772897
4,UPFC_Vse,5-15,0.06168015819246922,95,0.06066135188340235,MAP_PMU,103,0.0010188063090668734
5,UPFC_tse,5-15,-2.1977445062274032,95,-2.144813432235368,MAP_PMU,103,0.05293107399203523
0,x_tcsc,1-14,-0.144617162413516,96,-0.1383357958634321,MAP_PMU,103,0.0062813665500839055
1,B_svc,2,0.2980876735167408,96,0.29581570606898044,MAP_PMU,103,0.00227196744776037
2,UPFC_Vsh,5-15,1.1045843736121779,96,1.1064113634065675,MAP_PMU,103,0.0018269897943896662
3,UPFC_tsh,5-15,-0.22716175631327726,96,-0.2266328116375553,MAP_PMU,103,0.000528944675721954
4,UPFC_Vse,5-15,0.06168295491063947,96,0.06066135188340235,MAP_PMU,103,0.0010216030272371251
5,UPFC_tse,5-15,-2.1925792330940315,96,-2.144813432235368,MAP_PMU,103,0.04776580085866344
0,x_tcsc,1-14,-0.14487753554555496,97,-0.1383357958634321,MAP_PMU,103,0.006541739682122877
1,B_svc,2,0.2977474206095624,97,0.29581570606898044,MAP_PMU,103,0.0019317145405819414
2,UPFC_Vsh,5-15,1.1043503113011102,97,1.1064113634065675,MAP_PMU,103,0.0020610521054573727
3,UPFC_tsh,5-15,-0.22717279338598365,97,-0.2266328116375553,MAP_PMU,103,0.000539981748428342
4,UPFC_Vse,5-15,0.06152047628631439,97,0.06066135188340235,MAP_PMU,103,0.0008591244029120468
5,UPFC_tse,5-15,-2.190658479806455,97,-2.144813432235368,MAP_PMU,103,0.04584504757108698
0,x_tcsc,1-14,-0.14458575212102545,98,-0.1383357958634321,MAP_PMU,103,0.006249956257593364
1,B_svc,2,0.29764339939240203,98,0.29581570606898044,MAP_PMU,103,0.0018276933234215864
2,UPFC_Vsh,5-15,1.1051323257676853,98,1.1064113634065675,MAP_PMU,103,0.0012790376388822633
3,UPFC_tsh,5-15,-0.22710890739449738,98,-0.2266328116375553,MAP_PMU,103,0.0004760957569420743
4,UPFC_Vse,5-15,0.06138708483491049,98,0.06066135188340235,MAP_PMU,103,0.0007257329515081429
5,UPFC_tse,5-15,-2.1860395594025777,98,-2.144813432235368,MAP_PMU,103,0.041226127167209636
0,x_tcsc,1-14,-0.14433886295372628,99,-0.1383357958634321,MAP_PMU,103,0.00600306709029419
1,B_svc,2,0.29757593164018037,99,0.29581570606898044,MAP_PMU,103,0.0017602255711999248
2,UPFC_Vsh,5-15,1.1047375098773564,99,1.1064113634065675,MAP_PMU,103,0.0016738535292111223
3,UPFC_tsh,5-15,-0.22720434347960605,99,-0.2266328116375553,MAP_PMU,103,0.0005715318420507487
4,UPFC_Vse,5-15,0.06209701521610162,99,0.06066135188340235,MAP_PMU,103,0.0014356633326992746
5,UPFC_tse,5-15,-2.195611700286837,99,-2.144813432235368,MAP_PMU,103,0.05079826805146892
0,x_tcsc,1-14,-0.1465565569231641,0,-0.1389065981423208,MAP_PMU,105,0.007649958780843319
1,B_svc,2,0.30043626936545187,0,0.2986171371240459,MAP_PMU,105,0.0018191322414059519
2,UPFC_Vsh,5-15,1.1043419204788036,0,1.105798506802651,MAP_PMU,105,0.0014565863238473753
3,UPFC_tsh,5-15,-0.226839646421793,0,-0.2262354727467334,MAP_PMU,105,0.000604173675059605
4,UPFC_Vse,5-15,0.061856436879759925,0,0.06078399023278652,MAP_PMU,105,0.0010724466469734031
5,UPFC_tse,5-15,-2.2015008545530277,0,-2.150275100586329,MAP_PMU,105,0.051225753966698484
0,x_tcsc,1-14,-0.14571303563618954,1,-0.1389065981423208,MAP_PMU,105,0.00680643749386875
1,B_svc,2,0.3007960818369732,1,0.2986171371240459,MAP_PMU,105,0.0021789447129272888
2,UPFC_Vsh,5-15,1.104502726587954,1,1.105798506802651,MAP_PMU,105,0.0012957802146971176
3,UPFC_tsh,5-15,-0.22679761042463953,1,-0.2262354727467334,MAP_PMU,105,0.0005621376779061382
4,UPFC_Vse,5-15,0.06216118907217209,1,0.06078399023278652,MAP_PMU,105,0.001377198839385571
5,UPFC_tse,5-15,-2.1960679967191266,1,-2.150275100586329,MAP_PMU,105,0.045792896132797356
0,x_tcsc,1-14,-0.1454448842928081,2,-0.1389065981423208,MAP_PMU,105,0.006538286150487321
1,B_svc,2,0.30027403742080594,2,0.2986171371240459,MAP_PMU,105,0.0016569002967600222
2,UPFC_Vsh,5-15,1.1044522871686377,2,1.105798506802651,MAP_PMU,105,0.0013462196340132682
3,UPFC_tsh,5-15,-0.22671591067816071,2,-0.2262354727467334,MAP_PMU,105,0.0004804379314273244
4,UPFC_Vse,5-15,0.06239853860204753,2,0.06078399023278652,MAP_PMU,105,0.001614548369261011
5,UPFC_tse,5-15,-2.185698141510335,2,-2.150275100586329,MAP_PMU,105,0.03542304092400572
0,x_tcsc,1-14,-0.14517598068428006,3,-0.1389065981423208,MAP_PMU,105,0.006269382541959273
1,B_svc,2,0.3007366898314287,3,0.2986171371240459,MAP_PMU,105,0.002119552707382788
2,UPFC_Vsh,5-15,1.1046137332088777,3,1.105798506802651,MAP_PMU,105,0.0011847735937733361
3,UPFC_tsh,5-15,-0.22674841080470945,3,-0.2262354727467334,MAP_PMU,105,0.000512938057976059
4,UPFC_Vse,5-15,0.06205044563887413,3,0.06078399023278652,MAP_PMU,105,0.0012664554060876076
5,UPFC_tse,5-15,-2.185242595128441,3,-2.150275100586329,MAP_PMU,105,0.03496749454211168
0,x_tcsc,1-14,-0.14539204202905975,4,-0.1389065981423208,MAP_PMU,105,0.0064854438867389674
1,B_svc,2,0.3014437576655857,4,0.2986171371240459,MAP_PMU,105,0.0028266205415397594
2,UPFC_Vsh,5-15,1.1042961753618332,4,1.105798506802651,MAP_PMU,105,0.0015023314408177946
3,UPFC_tsh,5-15,-0.22684941272346854,4,-0.2262354727467334,MAP_PMU,105,0.000613939976735145
4,UPFC_Vse,5-15,0.06209890261768535,4,0.06078399023278652,MAP_PMU,105,0.0013149123848988295
5,UPFC_tse,5-15,-2.1997290600924875,4,-2.150275100586329,MAP_PMU,105,0.049453959506158274
0,x_tcsc,1-14,-0.14564856580482283,5,-0.1389065981423208,MAP_PMU,105,0.006741967662502041
1,B_svc,2,0.300020756008028,5,0.2986171371240459,MAP_PMU,105,0.001403618883982105
2,UPFC_Vsh,5-15,1.1047137756211596,5,1.105798506802651,MAP_PMU,105,0.0010847311814914384
3,UPFC_tsh,5-15,-0.22678556747790282,5,-0.2262354727467334,MAP_PMU,105,0.0005500947311694315
4,UPFC_Vse,5-15,0.062018824098350994,5,0.06078399023278652,MAP_PMU,105,0.001234833865564472
5,UPFC_tse,5-15,-2.1897321362800395,5,-2.150275100586329,MAP_PMU,105,0.039457035693710285
0,x_tcsc,1-14,-0.14516556033541853,6,-0.1389065981423208,MAP_PMU,105,0.006258962193097739
1,B_svc,2,0.30057573749571354,6,0.2986171371240459,MAP_PMU,105,0.001958600371667618
2,UPFC_Vsh,5-15,1.10517718843967,6,1.105798506802651,MAP_PMU,105,0.0006213183629810715
3,UPFC_tsh,5-15,-0.22675702061738803,6,-0.2262354727467334,MAP_PMU,105,0.0005215478706546428
4,UPFC_Vse,5-15,0.061660399742354266,6,0.06078399023278652,MAP_PMU,105,0.0008764095095677438
5,UPFC_tse,5-15,-2.1920530752802354,6,-2.150275100586329,MAP_PMU,105,0.041777974693906206
0,x_tcsc,1-14,-0.1449815381135636,7,-0.1389065981423208,MAP_PMU,105,0.00607493997124281
1,B_svc,2,0.30065813607988773,7,0.2986171371240459,MAP_PMU,105,0.0020409989558418107
2,UPFC_Vsh,5-15,1.1048882722122408,7,1.105798506802651,MAP_PMU,105,0.000910234590410175
3,UPFC_tsh,5-15,-0.2267289131367448,7,-0.2262354727467334,MAP_PMU,105,0.000493440390011396
4,UPFC_Vse,5-15,0.06183660625007332,7,0.06078399023278652,MAP_PMU,105,0.0010526160172867963
5,UPFC_tse,5-15,-2.18857789485338,7,-2.150275100586329,MAP_PMU,105,0.03830279426705063
0,x_tcsc,1-14,-0.14511884872384245,8,-0.1389065981423208,MAP_PMU,105,0.006212250581521667
1,B_svc,2,0.30059779683045723,8,0.2986171371240459,MAP_PMU,105,0.001980659706411314
2,UPFC_Vsh,5-15,1.1048869240325956,8,1.105798506802651,MAP_PMU,105,0.0009115827700554302
3,UPFC_tsh,5-15,-0.2266834015048315,8,-0.2262354727467334,MAP_PMU,105,0.0004479287580980984
4,UPFC_Vse,5-15,0.0616587856505745,8,0.06078399023278652,MAP_PMU,105,0.0008747954177879755
5,UPFC_tse,5-15,-2.1907381746019223,8,-2.150275100586329,MAP_PMU,105,0.040463074015593126
0,x_tcsc,1-14,-0.14552831449007775,9,-0.1389065981423208,MAP_PMU,105,0.006621716347756962
1,B_svc,2,0.30072800031736246,9,0.2986171371240459,MAP_PMU,105,0.002110863193316548
2,UPFC_Vsh,5-15,1.1044635462351868,9,1.105798506802651,MAP_PMU,105,0.001334960567464183
3,UPFC_tsh,5-15,-0.22679148534633967,9,-0.2262354727467334,MAP_PMU,105,0.0005560125996062759
4,UPFC_Vse,5-15,0.06238022541622163,9,0.06078399023278652,MAP_PMU,105,0.0015962351834351088
5,UPFC_tse,5-15,-2.1910698027285203,9,-2.150275100586329,MAP_PMU,105,0.04079470214219105
0,x_tcsc,1-14,-0.145547225939337,10,-0.1389065981423208,MAP_PMU,105,0.006640627797016213
1,B_svc,2,0.3002903018562235,10,0.2986171371240459,MAP_PMU,105,0.001673164732177601
2,UPFC_Vsh,5-15,1.104548731704334,10,1.105798506802651,MAP_PMU,105,0.0012497750983169187
3,UPFC_tsh,5-15,-0.2268093525301213,10,-0.2262354727467334,MAP_PMU,105,0.0005738797833879095
4,UPFC_Vse,5-15,0.06260286090162508,10,0.06078399023278652,MAP_PMU,105,0.0018188706688385542
5,UPFC_tse,5-15,-2.1958829979850885,10,-2.150275100586329,MAP_PMU,105,0.045607897398759256
0,x_tcsc,1-14,-0.14547817015597714,11,-0.1389065981423208,MAP_PMU,105,0.006571572013656352
1,B_svc,2,0.30090338654027193,11,0.2986171371240459,MAP_PMU,105,0.002286249416226016
2,UPFC_Vsh,5-15,1.1046058213620857,11,1.105798506802651,MAP_PMU,105,0.0011926854405652776
3,UPFC_tsh,5-15,-0.22676267386064755,11,-0.2262354727467334,MAP_PMU,105,0.0005272011139141608
4,UPFC_Vse,5-15,0.06197815343844952,11,0.06078399023278652,MAP_PMU,105,0.0011941632056629986
5,UPFC_tse,5-15,-2.18714053507319,11,-2.150275100586329,MAP_PMU,105,0.03686543448686086
0,x_tcsc,1-14,-0.14507656308135866,12,-0.1389065981423208,MAP_PMU,105,0.006169964939037875
1,B_svc,2,0.30016833076517174,12,0.2986171371240459,MAP_PMU,105,0.0015511936411258254
2,UPFC_Vsh,5-15,1.1049086721786412,12,1.105798506802651,MAP_PMU,105,0.000889834624009822
3,UPFC_tsh,5-15,-0.22669689759182352,12,-0.2262354727467334,MAP_PMU,105,0.0004614248450901248
4,UPFC_Vse,5-15,0.062231435592192845,12,0.06078399023278652,MAP_PMU,105,0.0014474453594063227
5,UPFC_tse,5-15,-2.1775204651331554,12,-2.150275100586329,MAP_PMU,105,0.027245364546826245
0,x_tcsc,1-14,-0.1453476965070885,13,-0.1389065981423208,MAP_PMU,105,0.006441098364767722
1,B_svc,2,0.30073104269364953,13,0.2986171371240459,MAP_PMU,105,0.0021139055696036135
2,UPFC_Vsh,5-15,1.1042926117714327,13,1.105798506802651,MAP_PMU,105,0.0015058950312183406
3,UPFC_tsh,5-15,-0.2268254858321783,13,-0.2262354727467334,MAP_PMU,105,0.0005900130854449015
4,UPFC_Vse,5-15,0.061984721893718064,13,0.06078399023278652,MAP_PMU,105,0.0012007316609315422
5,UPFC_tse,5-15,-2.1961470857573913,13,-2.150275100586329,MAP_PMU,105,0.04587198517106206
0,x_tcsc,1-14,-0.1450242343921941,14,-0.1389065981423208,MAP_PMU,105,0.006117636249873326
1,B_svc,2,0.30066663039049996,14,0.2986171371240459,MAP_PMU,105,0.002049493266454039
2,UPFC_Vsh,5-15,1.1047550377761581,14,1.105798506802651,MAP_PMU,105,0.0010434690264928825
3,UPFC_tsh,5-15,-0.2267665169844384,14,-0.2262354727467334,MAP_PMU,105,0.0005310442377050029
4,UPFC_Vse,5-15,0.0620948482266578,14,0.06078399023278652,MAP_PMU,105,0.0013108579938712756
5,UPFC_tse,5-15,-2.193449724207435,14,-2.150275100586329,MAP_PMU,105,0.04317462362110591
0,x_tcsc,1-14,-0.14506085541629274,15,-0.1389065981423208,MAP_PMU,105,0.0061542572739719525
1,B_svc,2,0.3005725446747353,15,0.2986171371240459,MAP_PMU,105,0.001955407550689403
2,UPFC_Vsh,5-15,1.1043982966052077,15,1.105798506802651,MAP_PMU,105,0.0014002101974432968
3,UPFC_tsh,5-15,-0.22686957021024098,15,-0.2262354727467334,MAP_PMU,105,0.0006340974635075936
4,UPFC_Vse,5-15,0.06175089963578327,15,0.06078399023278652,MAP_PMU,105,0.000966909402996749
5,UPFC_tse,5-15,-2.1909284356024283,15,-2.150275100586329,MAP_PMU,105,0.040653335016099135
0,x_tcsc,1-14,-0.1452652619167072,16,-0.1389065981423208,MAP_PMU,105,0.006358663774386403
1,B_svc,2,0.30107616170819024,16,0.2986171371240459,MAP_PMU,105,0.0024590245841443203
2,UPFC_Vsh,5-15,1.1044405630430976,16,1.105798506802651,MAP_PMU,105,0.0013579437595534483
3,UPFC_tsh,5-15,-0.22672294378871152,16,-0.2262354727467334,MAP_PMU,105,0.0004874710419781325
4,UPFC_Vse,5-15,0.06266145559196003,16,0.06078399023278652,MAP_PMU,105,0.0018774653591735052
5,UPFC_tse,5-15,-2.203010301354515,16,-2.150275100586329,MAP_PMU,105,0.05273520076818583
0,x_tcsc,1-14,-0.1453902987173447,17,-0.1389065981423208,MAP_PMU,105,0.006483700575023926
1,B_svc,2,0.30044078166137245,17,0.2986171371240459,MAP_PMU,105,0.0018236445373265298
2,UPFC_Vsh,5-15,1.1044672861600238,17,1.105798506802651,MAP_PMU,105,0.001331220642627251
3,UPFC_tsh,5-15,-0.22683816836399145,17,-0.2262354727467334,MAP_PMU,105,0.0006026956172580644
4,UPFC_Vse,5-15,0.06173690953506173,17,0.06078399023278652,MAP_PMU,105,0.0009529193022752083
5,UPFC_tse,5-15,-2.1890698618988114,17,-2.150275100586329,MAP_PMU,105,0.03879476131248216
0,x_tcsc,1-14,-0.14559895306527376,18,-0.1389065981423208,MAP_PMU,105,0.0066923549229529755
1,B_svc,2,0.30053558072507025,18,0.2986171371240459,MAP_PMU,105,0.0019184436010243333
2,UPFC_Vsh,5-15,1.104257354271271,18,1.105798506802651,MAP_PMU,105,0.0015411525313799856
3,UPFC_tsh,5-15,-0.22683641985922562,18,-0.2262354727467334,MAP_PMU,105,0.0006009471124922283
4,UPFC_Vse,5-15,0.06206638462311693,18,0.06078399023278652,MAP_PMU,105,0.001282394390330406
5,UPFC_tse,5-15,-2.2031213984332934,18,-2.150275100586329,MAP_PMU,105,0.05284629784696415
0,x_tcsc,1-14,-0.1459488744047596,19,-0.1389065981423208,MAP_PMU,105,0.007042276262438807
1,B_svc,2,0.3002360776257741,19,0.2986171371240459,MAP_PMU,105,0.0016189405017281722
2,UPFC_Vsh,5-15,1.10429949728809,19,1.105798506802651,MAP_PMU,105,0.001499009514561056
3,UPFC_tsh,5-15,-0.2268220491662332,19,-0.2262354727467334,MAP_PMU,105,0.0005865764194998013
4,UPFC_Vse,5-15,0.06239215249444269,19,0.06078399023278652,MAP_PMU,105,0.0016081622616561653
5,UPFC_tse,5-15,-2.1946499685917713,19,-2.150275100586329,MAP_PMU,105,0.0443748680054421
0,x_tcsc,1-14,-0.1451590452746941,20,-0.1389065981423208,MAP_PMU,105,0.006252447132373301
1,B_svc,2,0.3004570058323375,20,0.2986171371240459,MAP_PMU,105,0.0018398687082915588
2,UPFC_Vsh,5-15,1.1047059998206663,20,1.105798506802651,MAP_PMU,105,0.0010925069819847089
3,UPFC_tsh,5-15,-0.22679718901073495,20,-0.2262354727467334,MAP_PMU,105,0.0005617162640015605
4,UPFC_Vse,5-15,0.06182835533530214,20,0.06078399023278652,MAP_PMU,105,0.0010443651025156195
5,UPFC_tse,5-15,-2.192128689893946,20,-2.150275100586329,MAP_PMU,105,0.04185358930761662
0,x_tcsc,1-14,-0.14561434923497152,21,-0.1389065981423208,MAP_PMU,105,0.006707751092650732
1,B_svc,2,0.3003512267948035,21,0.2986171371240459,MAP_PMU,105,0.0017340896707576103
2,UPFC_Vsh,5-15,1.104843897889033,21,1.105798506802651,MAP_PMU,105,0.0009546089136180935
3,UPFC_tsh,5-15,-0.2266997938218569,21,-0.2262354727467334,MAP_PMU,105,0.0004643210751235083
4,UPFC_Vse,5-15,0.06161912381344889,21,0.06078399023278652,MAP_PMU,105,0.0008351335806623672
5,UPFC_tse,5-15,-2.1889505566542367,21,-2.150275100586329,MAP_PMU,105,0.038675456067907454
0,x_tcsc,1-14,-0.14539134039960883,22,-0.1389065981423208,MAP_PMU,105,0.00648474225728804
1,B_svc,2,0.30052177555387555,22,0.2986171371240459,MAP_PMU,105,0.0019046384298296304
2,UPFC_Vsh,5-15,1.1047494049446938,22,1.105798506802651,MAP_PMU,105,0.0010491018579572575
3,UPFC_tsh,5-15,-0.22680633710941614,22,-0.2262354727467334,MAP_PMU,105,0.0005708643626827492
4,UPFC_Vse,5-15,0.06175117281470345,22,0.06078399023278652,MAP_PMU,105,0.0009671825819169283
5,UPFC_tse,5-15,-2.189966434718462,22,-2.150275100586329,MAP_PMU,105,0.039691334132132994
0,x_tcsc,1-14,-0.14631868731170167,23,-0.1389065981423208,MAP_PMU,105,0.007412089169380881
1,B_svc,2,0.3007288598231811,23,0.2986171371240459,MAP_PMU,105,0.0021117226991351767
2,UPFC_Vsh,5-15,1.104364040138147,23,1.105798506802651,MAP_PMU,105,0.001434466664504086
3,UPFC_tsh,5-15,-0.2269166963546676,23,-0.2262354727467334,MAP_PMU,105,0.0006812236079342116
4,UPFC_Vse,5-15,0.06254757394501725,23,0.06078399023278652,MAP_PMU,105,0.0017635837122307318
5,UPFC_tse,5-15,-2.2027059528441706,23,-2.150275100586329,MAP_PMU,105,0.05243085225784139
0,x_tcsc,1-14,-0.14514190969081553,24,-0.1389065981423208,MAP_PMU,105,0.006235311548494743
1,B_svc,2,0.30054292131814836,24,0.2986171371240459,MAP_PMU,105,0.0019257841941024423
2,UPFC_Vsh,5-15,1.1048790423026424,24,1.105798506802651,MAP_PMU,105,0.000919464500008571
3,UPFC_tsh,5-15,-0.2267632227139467,24,-0.2262354727467334,MAP_PMU,105,0.0005277499672133035
4,UPFC_Vse,5-15,0.061866458648604086,24,0.06078399023278652,MAP_PMU,105,0.001082468415817564
5,UPFC_tse,5-15,-2.1975286381530488,24,-2.150275100586329,MAP_PMU,105,0.04725353756671957
0,x_tcsc,1-14,-0.1453087242195199,25,-0.1389065981423208,MAP_PMU,105,0.006402126077199116
1,B_svc,2,0.30022127820738204,25,0.2986171371240459,MAP_PMU,105,0.0016041410833361192
2,UPFC_Vsh,5-15,1.1048018273108864,25,1.105798506802651,MAP_PMU,105,0.0009966794917646293
3,UPFC_tsh,5-15,-0.2268202740031306,25,-0.2262354727467334,MAP_PMU,105,0.0005848012563972049
4,UPFC_Vse,5-15,0.06197379427402974,25,0.06078399023278652,MAP_PMU,105,0.0011898040412432198
5,UPFC_tse,5-15,-2.191909660894861,25,-2.150275100586329,MAP_PMU,105,0.04163456030853174
0,x_tcsc,1-14,-0.14563652397745003,26,-0.1389065981423208,MAP_PMU,105,0.006729925835129241
1,B_svc,2,0.30091212830228264,26,0.2986171371240459,MAP_PMU,105,0.002294991178236727
2,UPFC_Vsh,5-15,1.104872505379594,26,1.105798506802651,MAP_PMU,105,0.000926001423056988
3,UPFC_tsh,5-15,-0.2267942498234543,26,-0.2262354727467334,MAP_PMU,105,0.0005587770767209177
4,UPFC_Vse,5-15,0.062312948950065866,26,0.06078399023278652,MAP_PMU,105,0.001528958717279344
5,UPFC_tse,5-15,-2.1957582458159606,26,-2.150275100586329,MAP_PMU,105,0.04548314522963137
0,x_tcsc,1-14,-0.1458810072035856,27,-0.1389065981423208,MAP_PMU,105,0.0069744090612648135
1,B_svc,2,0.3010782387483532,27,0.2986171371240459,MAP_PMU,105,0.0024611016243072936
2,UPFC_Vsh,5-15,1.1044252856335122,27,1.105798506802651,MAP_PMU,105,0.0013732211691388496
3,UPFC_tsh,5-15,-0.22681886715884533,27,-0.2262354727467334,MAP_PMU,105,0.0005833944121119428
4,UPFC_Vse,5-15,0.062401149609725204,27,0.06078399023278652,MAP_PMU,105,0.0016171593769386816
5,UPFC_tse,5-15,-2.1939913806084226,27,-2.150275100586329,MAP_PMU,105,0.04371628002209338
0,x_tcsc,1-14,-0.14591347782795885,28,-0.1389065981423208,MAP_PMU,105,0.007006879685638068
1,B_svc,2,0.300483674051164,28,0.2986171371240459,MAP_PMU,105,0.0018665369271180787
2,UPFC_Vsh,5-15,1.1046540204899715,28,1.105798506802651,MAP_PMU,105,0.0011444863126794935
3,UPFC_tsh,5-15,-0.22680107357100146,28,-0.2262354727467334,MAP_PMU,105,0.0005656008242680699
4,UPFC_Vse,5-15,0.06216606308886761,28,0.06078399023278652,MAP_PMU,105,0.001382072856081086
5,UPFC_tse,5-15,-2.1973554815681386,28,-2.150275100586329,MAP_PMU,105,0.047080380981809444
0,x_tcsc,1-14,-0.145742979165521,29,-0.1389065981423208,MAP_PMU,105,0.006836381023200222
1,B_svc,2,0.3002229474057197,29,0.2986171371240459,MAP_PMU,105,0.0016058102816737807
2,UPFC_Vsh,5-15,1.1041288612864852,29,1.105798506802651,MAP_PMU,105,0.0016696455161657742
3,UPFC_tsh,5-15,-0.22677904646511776,29,-0.2262354727467334,MAP_PMU,105,0.0005435737183843714
4,UPFC_Vse,5-15,0.06257495341582016,29,0.06078399023278652,MAP_PMU,105,0.0017909631830336364
5,UPFC_tse,5-15,-2.1981539969756745,29,-2.150275100586329,MAP_PMU,105,0.04787889638934528
0,x_tcsc,1-14,-0.14579240742393865,30,-0.1389065981423208,MAP_PMU,105,0.006885809281617861
1,B_svc,2,0.2999557106287982,30,0.2986171371240459,MAP_PMU,105,0.001338573504752305
2,UPFC_Vsh,5-15,1.1045245963598322,30,1.105798506802651,MAP_PMU,105,0.0012739104428187709
3,UPFC_tsh,5-15,-0.22679216834815613,30,-0.2262354727467334,MAP_PMU,105,0.0005566956014227409
4,UPFC_Vse,5-15,0.061670168965758505,30,0.06078399023278652,MAP_PMU,105,0.0008861787329719831
5,UPFC_tse,5-15,-2.1835415038110075,30,-2.150275100586329,MAP_PMU,105,0.03326640322467833
0,x_tcsc,1-14,-0.14533320009171619,31,-0.1389065981423208,MAP_PMU,105,0.0064266019493954
1,B_svc,2,0.30063197308363065,31,0.2986171371240459,MAP_PMU,105,0.0020148359595847376
2,UPFC_Vsh,5-15,1.1048422483786877,31,1.105798506802651,MAP_PMU,105,0.0009562584239632965
3,UPFC_tsh,5-15,-0.22681470818980043,31,-0.2262354727467334,MAP_PMU,105,0.0005792354430670388
4,UPFC_Vse,5-15,0.06210558349998944,31,0.06078399023278652,MAP_PMU,105,0.0013215932672029154
5,UPFC_tse,5-15,-2.1916194626750416,31,-2.150275100586329,MAP_PMU,105,0.041344362088712394
0,x_tcsc,1-14,-0.1463711662743144,32,-0.1389065981423208,MAP_PMU,105,0.007464568131993615
1,B_svc,2,0.3004702209292065,32,0.2986171371240459,MAP_PMU,105,0.0018530838051605825
2,UPFC_Vsh,5-15,1.1040788467743168,32,1.105798506802651,MAP_PMU,105,0.0017196600283342356
3,UPFC_tsh,5-15,-0.22687487510810703,32,-0.2262354727467334,MAP_PMU,105,0.0006394023613736366
4,UPFC_Vse,5-15,0.06179902858141579,32,0.06078399023278652,MAP_PMU,105,0.0010150383486292672
5,UPFC_tse,5-15,-2.193910591478878,32,-2.150275100586329,MAP_PMU,105,0.04363549089254892
0,x_tcsc,1-14,-0.14571146973081098,33,-0.1389065981423208,MAP_PMU,105,0.006804871588490191
1,B_svc,2,0.3007183626009824,33,0.2986171371240459,MAP_PMU,105,0.0021012254769364747
2,UPFC_Vsh,5-15,1.104309485359704,33,1.105798506802651,MAP_PMU,105,0.0014890214429470472
3,UPFC_tsh,5-15,-0.2268821324934673,33,-0.2262354727467334,MAP_PMU,105,0.0006466597467339186
4,UPFC_Vse,5-15,0.06222126997359926,33,0.06078399023278652,MAP_PMU,105,0.0014372797408127372
5,UPFC_tse,5-15,-2.2040777070341555,33,-2.150275100586329,MAP_PMU,105,0.05380260644782631
0,x_tcsc,1-14,-0.14616395547371888,34,-0.1389065981423208,MAP_PMU,105,0.0072573573313980955
1,B_svc,2,0.29998823942493913,34,0.2986171371240459,MAP_PMU,105,0.0013711023008932122
2,UPFC_Vsh,5-15,1.104025530634683,34,1.105798506802651,MAP_PMU,105,0.001772976167968121
3,UPFC_tsh,5-15,-0.22689572420613682,34,-0.2262354727467334,MAP_PMU,105,0.0006602514594034326
4,UPFC_Vse,5-15,0.06246683166830197,34,0.06078399023278652,MAP_PMU,105,0.0016828414355154475
5,UPFC_tse,5-15,-2.208219430362652,34,-2.150275100586329,MAP_PMU,105,0.05794432977632269
0,x_tcsc,1-14,-0.1452147151810459,35,-0.1389065981423208,MAP_PMU,105,0.006308117038725108
1,B_svc,2,0.3006220312567102,35,0.2986171371240459,MAP_PMU,105,0.0020048941326643033
2,UPFC_Vsh,5-15,1.1047149091346635,35,1.105798506802651,MAP_PMU,105,0.0010835976679874904
3,UPFC_tsh,5-15,-0.22676267352513374,35,-0.2262354727467334,MAP_PMU,105,0.0005272007784003496
4,UPFC_Vse,5-15,0.06182934669451878,35,0.06078399023278652,MAP_PMU,105,0.0010453564617322608
5,UPFC_tse,5-15,-2.1826658646897763,35,-2.150275100586329,MAP_PMU,105,0.0323907641034471
0,x_tcsc,1-14,-0.14476704641007532,36,-0.1389065981423208,MAP_PMU,105,0.005860448267754531
1,B_svc,2,0.30020022543290026,36,0.2986171371240459,MAP_PMU,105,0.0015830883088543413
2,UPFC_Vsh,5-15,1.104855337273852,36,1.105798506802651,MAP_PMU,105,0.000943169528798915
3,UPFC_tsh,5-15,-0.22677214123658154,36,-0.2262354727467334,MAP_PMU,105,0.0005366684898481522
4,UPFC_Vse,5-15,0.062106904205705166,36,0.06078399023278652,MAP_PMU,105,0.0013229139729186434
5,UPFC_tse,5-15,-2.19268184569944,36,-2.150275100586329,MAP_PMU,105,0.04240674511311093
0,x_tcsc,1-14,-0.14525395533749208,37,-0.1389065981423208,MAP_PMU,105,0.006347357195171294
1,B_svc,2,0.3005755446616811,37,0.2986171371240459,MAP_PMU,105,0.0019584075376352095
2,UPFC_Vsh,5-15,1.104886443789683,37,1.105798506802651,MAP_PMU,105,0.0009120630129679785
3,UPFC_tsh,5-15,-0.2267607660879157,37,-0.2262354727467334,MAP_PMU,105,0.0005252933411823146
4,UPFC_Vse,5-15,0.06116235183593194,37,0.06078399023278652,MAP_PMU,105,0.0003783616031454162
5,UPFC_tse,5-15,-2.2016369445570514,37,-2.150275100586329,MAP_PMU,105,0.05136184397072219
0,x_tcsc,1-14,-0.14558993238154033,38,-0.1389065981423208,MAP_PMU,105,0.006683334239219546
1,B_svc,2,0.30032135825590833,38,0.2986171371240459,MAP_PMU,105,0.0017042211318624156
2,UPFC_Vsh,5-15,1.1044170612649282,38,1.105798506802651,MAP_PMU,105,0.0013814455377227919
3,UPFC_tsh,5-15,-0.22681490641147084,38,-0.2262354727467334,MAP_PMU,105,0.0005794336647374498
4,UPFC_Vse,5-15,0.062278885990801815,38,0.06078399023278652,MAP_PMU,105,0.0014948957580152925
5,UPFC_tse,5-15,-2.1934975288322036,38,-2.150275100586329,MAP_PMU,105,0.04322242824587441
0,x_tcsc,1-14,-0.14514673137097794,39,-0.1389065981423208,MAP_PMU,105,0.006240133228657158
1,B_svc,2,0.3008092417760478,39,0.2986171371240459,MAP_PMU,105,0.0021921046520018694
2,UPFC_Vsh,5-15,1.1051355173514552,39,1.105798506802651,MAP_PMU,105,0.0006629894511958057
3,UPFC_tsh,5-15,-0.22667656694411684,39,-0.2262354727467334,MAP_PMU,105,0.0004410941973834459
4,UPFC_Vse,5-15,0.061526188155965625,39,0.06078399023278652,MAP_PMU,105,0.0007421979231791026
5,UPFC_tse,5-15,-2.1824092920979714,39,-2.150275100586329,MAP_PMU,105,0.03213419151164221
0,x_tcsc,1-14,-0.14492282103455825,40,-0.1389065981423208,MAP_PMU,105,0.006016222892237466
1,B_svc,2,0.3002266930432805,40,0.2986171371240459,MAP_PMU,105,0.001609555919234562
2,UPFC_Vsh,5-15,1.1046873724102801,40,1.105798506802651,MAP_PMU,105,0.0011111343923708716
3,UPFC_tsh,5-15,-0.22671262204206374,40,-0.2262354727467334,MAP_PMU,105,0.00047714929533035355
4,UPFC_Vse,5-15,0.061952855670740645,40,0.06078399023278652,MAP_PMU,105,0.0011688654379541225
5,UPFC_tse,5-15,-2.195541750473629,40,-2.150275100586329,MAP_PMU,105,0.04526664988729978
0,x_tcsc,1-14,-0.14605466789974444,41,-0.1389065981423208,MAP_PMU,105,0.0071480697574236585
1,B_svc,2,0.3008708862115026,41,0.2986171371240459,MAP_PMU,105,0.00225374908745668
2,UPFC_Vsh,5-15,1.1045355297018082,41,1.105798506802651,MAP_PMU,105,0.001262977100842777
3,UPFC_tsh,5-15,-0.22683791005126572,41,-0.2262354727467334,MAP_PMU,105,0.0006024373045323272
4,UPFC_Vse,5-15,0.062303227405163475,41,0.06078399023278652,MAP_PMU,105,0.0015192371723769527
5,UPFC_tse,5-15,-2.19686506541237,41,-2.150275100586329,MAP_PMU,105,0.04658996482604083
0,x_tcsc,1-14,-0.1455861970761493,42,-0.1389065981423208,MAP_PMU,105,0.006679598933828523
1,B_svc,2,0.3002368496517337,42,0.2986171371240459,MAP_PMU,105,0.0016197125276877777
2,UPFC_Vsh,5-15,1.1043440872067416,42,1.105798506802651,MAP_PMU,105,0.0014544195959094175
3,UPFC_tsh,5-15,-0.2267626327808482,42,-0.2262354727467334,MAP_PMU,105,0.0005271600341148208
4,UPFC_Vse,5-15,0.06184710101574011,42,0.06078399023278652,MAP_PMU,105,0.00106311078295359
5,UPFC_tse,5-15,-2.1868221990224774,42,-2.150275100586329,MAP_PMU,105,0.03654709843614823
0,x_tcsc,1-14,-0.14534729672966604,43,-0.1389065981423208,MAP_PMU,105,0.0064406985873452505
1,B_svc,2,0.30006326320201027,43,0.2986171371240459,MAP_PMU,105,0.0014461260779643492
2,UPFC_Vsh,5-15,1.104662343030582,43,1.105798506802651,MAP_PMU,105,0.0011361637720690432
3,UPFC_tsh,5-15,-0.2267146212936163,43,-0.2262354727467334,MAP_PMU,105,0.00047914854688291264
4,UPFC_Vse,5-15,0.061938140064154636,43,0.06078399023278652,MAP_PMU,105,0.0011541498313681134
5,UPFC_tse,5-15,-2.1893342554355693,43,-2.150275100586329,MAP_PMU,105,0.03905915484924005
0,x_tcsc,1-14,-0.14545853949204554,44,-0.1389065981423208,MAP_PMU,105,0.006551941349724755
1,B_svc,2,0.3003927002750774,44,0.2986171371240459,MAP_PMU,105,0.0017755631510315006
2,UPFC_Vsh,5-15,1.104566276634855,44,1.105798506802651,MAP_PMU,105,0.0012322301677960557
3,UPFC_tsh,5-15,-0.22681947586043777,44,-0.2262354727467334,MAP_PMU,105,0.0005840031137043789
4,UPFC_Vse,5-15,0.06178402031135768,44,0.06078399023278652,MAP_PMU,105,0.0010000300785711555
5,UPFC_tse,5-15,-2.1887595013612433,44,-2.150275100586329,MAP_PMU,105,0.03848440077491411
0,x_tcsc,1-14,-0.14522861311640461,45,-0.1389065981423208,MAP_PMU,105,0.006322014974083828
1,B_svc,2,0.30044821035288655,45,0.2986171371240459,MAP_PMU,105,0.0018310732288406295
2,UPFC_Vsh,5-15,1.1047858719847963,45,1.105798506802651,MAP_PMU,105,0.0010126348178547406
3,UPFC_tsh,5-15,-0.22670892616802188,45,-0.2262354727467334,MAP_PMU,105,0.0004734534212884889
4,UPFC_Vse,5-15,0.0615790911292788,45,0.06078399023278652,MAP_PMU,105,0.0007951008964922762
5,UPFC_tse,5-15,-2.185914150936754,45,-2.150275100586329,MAP_PMU,105,0.03563905035042492
0,x_tcsc,1-14,-0.1453204739773671,46,-0.1389065981423208,MAP_PMU,105,0.006413875835046323
1,B_svc,2,0.300876827990951,46,0.2986171371240459,MAP_PMU,105,0.002259690866905084
2,UPFC_Vsh,5-15,1.1043359313369279,46,1.105798506802651,MAP_PMU,105,0.0014625754657231482
3,UPFC_tsh,5-15,-0.22683080828011115,46,-0.2262354727467334,MAP_PMU,105,0.000595335533377761
4,UPFC_Vse,5-15,0.06236944519252023,46,0.06078399023278652,MAP_PMU,105,0.0015854549597337092
5,UPFC_tse,5-15,-2.21195164899154,46,-2.150275100586329,MAP_PMU,105,0.06167654840521086
0,x_tcsc,1-14,-0.1453493987328319,47,-0.1389065981423208,MAP_PMU,105,0.006442800590511111
1,B_svc,2,0.30049086800302777,47,0.2986171371240459,MAP_PMU,105,0.0018737308789818496
2,UPFC_Vsh,5-15,1.1042674871610116,47,1.105798506802651,MAP_PMU,105,0.001531019641639375
3,UPFC_tsh,5-15,-0.22682305012205026,47,-0.2262354727467334,MAP_PMU,105,0.0005875773753168667
4,UPFC_Vse,5-15,0.06197508431488386,47,0.06078399023278652,MAP_PMU,105,0.0011910940820973395
5,UPFC_tse,5-15,-2.1923728487442995,47,-2.150275100586329,MAP_PMU,105,0.042097748157970294
0,x_tcsc,1-14,-0.14557239822388923,48,-0.1389065981423208,MAP_PMU,105,0.006665800081568446
1,B_svc,2,0.3003872802578015,48,0.2986171371240459,MAP_PMU,105,0.001770143133755564
2,UPFC_Vsh,5-15,1.1047892951622136,48,1.105798506802651,MAP_PMU,105,0.0010092116404374352
3,UPFC_tsh,5-15,-0.22678476125116723,48,-0.2262354727467334,MAP_PMU,105,0.0005492885044338369
4,UPFC_Vse,5-15,0.062062199839420074,48,0.06078399023278652,MAP_PMU,105,0.0012782096066335513
5,UPFC_tse,5-15,-2.189799723449832,48,-2.150275100586329,MAP_PMU,105,0.03952462286350267
0,x_tcsc,1-14,-0.14520038749290057,49,-0.1389065981423208,MAP_PMU,105,0.0062937893505797815
1,B_svc,2,0.2998947958477401,49,0.2986171371240459,MAP_PMU,105,0.001277658723694175
2,UPFC_Vsh,5-15,1.1047718301743035,49,1.105798506802651,MAP_PMU,105,0.0010266766283475448
3,UPFC_tsh,5-15,-0.22674191037844732,49,-0.2262354727467334,MAP_PMU,105,0.0005064376317139296
4,UPFC_Vse,5-15,0.062101553233768744,49,0.06078399023278652,MAP_PMU,105,0.001317563000982222
5,UPFC_tse,5-15,-2.200574276613313,49,-2.150275100586329,MAP_PMU,105,0.05029917602698397
0,x_tcsc,1-14,-0.14562334792275464,50,-0.1389065981423208,MAP_PMU,105,0.0067167497804338505
1,B_svc,2,0.3002357219770513,50,0.2986171371240459,MAP_PMU,105,0.001618584853005367
2,UPFC_Vsh,5-15,1.1045701814363722,50,1.105798506802651,MAP_PMU,105,0.0012283253662788152
3,UPFC_tsh,5-15,-0.22682906303172098,50,-0.2262354727467334,MAP_PMU,105,0.000593590284987594
4,UPFC_Vse,5-15,0.06204857542773197,50,0.06078399023278652,MAP_PMU,105,0.0012645851949454473
5,UPFC_tse,5-15,-2.182422869572823,50,-2.150275100586329,MAP_PMU,105,0.03214776898649374
0,x_tcsc,1-14,-0.14522741373710413,51,-0.1389065981423208,MAP_PMU,105,0.006320815594783341
1,B_svc,2,0.3002975435381524,51,0.2986171371240459,MAP_PMU,105,0.0016804064141064945
2,UPFC_Vsh,5-15,1.104817941013437,51,1.105798506802651,MAP_PMU,105,0.0009805657892139052
3,UPFC_tsh,5-15,-0.22679179391806806,51,-0.2262354727467334,MAP_PMU,105,0.0005563211713346672
4,UPFC_Vse,5-15,0.06199440459060268,51,0.06078399023278652,MAP_PMU,105,0.0012104143578161586
5,UPFC_tse,5-15,-2.186238241825591,51,-2.150275100586329,MAP_PMU,105,0.03596314123926181
0,x_tcsc,1-14,-0.14630571608753176,52,-0.1389065981423208,MAP_PMU,105,0.007399117945210976
1,B_svc,2,0.3008082411902803,52,0.2986171371240459,MAP_PMU,105,0.002191104066234406
2,UPFC_Vsh,5-15,1.103887082852562,52,1.105798506802651,MAP_PMU,105,0.0019114239500890307
3,UPFC_tsh,5-15,-0.22687581757093658,52,-0.2262354727467334,MAP_PMU,105,0.0006403448242031928
4,UPFC_Vse,5-15,0.06250542553619709,52,0.06078399023278652,MAP_PMU,105,0.0017214353034105678
5,UPFC_tse,5-15,-2.203238663489185,52,-2.150275100586329,MAP_PMU,105,0.052963562902855976
0,x_tcsc,1-14,-0.145058811837623,53,-0.1389065981423208,MAP_PMU,105,0.006152213695302222
1,B_svc,2,0.30096622437347936,53,0.2986171371240459,MAP_PMU,105,0.002349087249433446
2,UPFC_Vsh,5-15,1.1046262632731942,53,1.105798506802651,MAP_PMU,105,0.0011722435294567735
3,UPFC_tsh,5-15,-0.22678460606468437,53,-0.2262354727467334,MAP_PMU,105,0.0005491333179509783
4,UPFC_Vse,5-15,0.062173669684853806,53,0.06078399023278652,MAP_PMU,105,0.0013896794520672842
5,UPFC_tse,5-15,-2.198693443352876,53,-2.150275100586329,MAP_PMU,105,0.048418342766546996
0,x_tcsc,1-14,-0.1461436203445143,54,-0.1389065981423208,MAP_PMU,105,0.0072370222021935215
1,B_svc,2,0.3006527342179267,54,0.2986171371240459,MAP_PMU,105,0.002035597093880792
2,UPFC_Vsh,5-15,1.104619048151806,54,1.105798506802651,MAP_PMU,105,0.0011794586508451221
3,UPFC_tsh,5-15,-0.22674885384286853,54,-0.2262354727467334,MAP_PMU,105,0.0005133810961351348
4,UPFC_Vse,5-15,0.0622550882274161,54,0.06078399023278652,MAP_PMU,105,0.0014710979946295777
5,UPFC_tse,5-15,-2.195585371688743,54,-2.150275100586329,MAP_PMU,105,0.04531027110241359
0,x_tcsc,1-14,-0.1459633577924559,55,-0.1389065981423208,MAP_PMU,105,0.007056759650135108
1,B_svc,2,0.30122685276085853,55,0.2986171371240459,MAP_PMU,105,0.002609715636812615
2,UPFC_Vsh,5-15,1.104336595958641,55,1.105798506802651,MAP_PMU,105,0.0014619108440099282
3,UPFC_tsh,5-15,-0.22681524972332356,55,-0.2262354727467334,MAP_PMU,105,0.0005797769765901739
4,UPFC_Vse,5-15,0.06227036404932922,55,0.06078399023278652,MAP_PMU,105,0.0014863738165427007
5,UPFC_tse,5-15,-2.196064113133574,55,-2.150275100586329,MAP_PMU,105,0.045789012547244656
0,x_tcsc,1-14,-0.14527297119273813,56,-0.1389065981423208,MAP_PMU,105,0.0063663730504173455
1,B_svc,2,0.30051716384044735,56,0.2986171371240459,MAP_PMU,105,0.0019000267164014373
2,UPFC_Vsh,5-15,1.1044673830410245,56,1.105798506802651,MAP_PMU,105,0.0013311237616264737
3,UPFC_tsh,5-15,-0.22682125377760443,56,-0.2262354727467334,MAP_PMU,105,0.0005857810308710354
4,UPFC_Vse,5-15,0.062000054772981386,56,0.06078399023278652,MAP_PMU,105,0.0012160645401948639
5,UPFC_tse,5-15,-2.1927073380839834,56,-2.150275100586329,MAP_PMU,105,0.042432237497654235
0,x_tcsc,1-14,-0.145184286132916,57,-0.1389065981423208,MAP_PMU,105,0.006277687990595221
1,B_svc,2,0.30027217403084594,57,0.2986171371240459,MAP_PMU,105,0.0016550369068000226
2,UPFC_Vsh,5-15,1.104710765206934,57,1.105798506802651,MAP_PMU,105,0.0010877415957171177
3,UPFC_tsh,5-15,-0.22678429411009593,57,-0.2262354727467334,MAP_PMU,105,0.0005488213633625394
4,UPFC_Vse,5-15,0.06168086426829206,57,0.06078399023278652,MAP_PMU,105,0.0008968740355055349
5,UPFC_tse,5-15,-2.18768295742459,57,-2.150275100586329,MAP_PMU,105,0.037407856838260756
0,x_tcsc,1-14,-0.14528718018078393,58,-0.1389065981423208,MAP_PMU,105,0.006380582038463145
1,B_svc,2,0.30062348442913955,58,0.2986171371240459,MAP_PMU,105,0.0020063473050936365
2,UPFC_Vsh,5-15,1.1045451857679105,58,1.105798506802651,MAP_PMU,105,0.0012533210347405177
3,UPFC_tsh,5-15,-0.22677951365363144,58,-0.2262354727467334,MAP_PMU,105,0.0005440409068980523
4,UPFC_Vse,5-15,0.062195746483991315,58,0.06078399023278652,MAP_PMU,105,0.0014117562512047932
5,UPFC_tse,5-15,-2.1939330693692365,58,-2.150275100586329,MAP_PMU,105,0.043657968782907286
0,x_tcsc,1-14,-0.14528837985588083,59,-0.1389065981423208,MAP_PMU,105,0.006381781713560047
1,B_svc,2,0.29999024873192204,59,0.2986171371240459,MAP_PMU,105,0.0013731116078761207
2,UPFC_Vsh,5-15,1.1044590910661443,59,1.105798506802651,MAP_PMU,105,0.001339415736506755
3,UPFC_tsh,5-15,-0.22674286451862183,59,-0.2262354727467334,MAP_PMU,105,0.000507391771888438
4,UPFC_Vse,5-15,0.06203931117211226,59,0.06078399023278652,MAP_PMU,105,0.0012553209393257395
5,UPFC_tse,5-15,-2.192957216975548,59,-2.150275100586329,MAP_PMU,105,0.042682116389218816
0,x_tcsc,1-14,-0.14539303803886758,60,-0.1389065981423208,MAP_PMU,105,0.006486439896546792
1,B_svc,2,0.30071551481450604,60,0.2986171371240459,MAP_PMU,105,0.002098377690460118
2,UPFC_Vsh,5-15,1.104945972475598,60,1.105798506802651,MAP_PMU,105,0.0008525343270531227
3,UPFC_tsh,5-15,-0.22675185413442242,60,-0.2262354727467334,MAP_PMU,105,0.00051638138768903
4,UPFC_Vse,5-15,0.06199831380191152,60,0.06078399023278652,MAP_PMU,105,0.0012143235691250004
5,UPFC_tse,5-15,-2.1926087547456876,60,-2.150275100586329,MAP_PMU,105,0.042333654159358414
0,x_tcsc,1-14,-0.14496560980893416,61,-0.1389065981423208,MAP_PMU,105,0.006059011666613379
1,B_svc,2,0.3009022941206112,61,0.2986171371240459,MAP_PMU,105,0.002285156996565285
2,UPFC_Vsh,5-15,1.1050563023565234,61,1.105798506802651,MAP_PMU,105,0.0007422044461276034
3,UPFC_tsh,5-15,-0.22669851546298067,61,-0.2262354727467334,MAP_PMU,105,0.00046304271624728055
4,UPFC_Vse,5-15,0.0617343177227603,61,0.06078399023278652,MAP_PMU,105,0.0009503274899737776
5,UPFC_tse,5-15,-2.1809800419455754,61,-2.150275100586329,MAP_PMU,105,0.030704941359246174
0,x_tcsc,1-14,-0.14578040551376914,62,-0.1389065981423208,MAP_PMU,105,0.006873807371448354
1,B_svc,2,0.3005087051310514,62,0.2986171371240459,MAP_PMU,105,0.001891568007005462
2,UPFC_Vsh,5-15,1.1043609688168412,62,1.105798506802651,MAP_PMU,105,0.0014375379858098114
3,UPFC_tsh,5-15,-0.22677100309028764,62,-0.2262354727467334,MAP_PMU,105,0.0005355303435542469
4,UPFC_Vse,5-15,0.061529985738745935,62,0.06078399023278652,MAP_PMU,105,0.0007459955059594126
5,UPFC_tse,5-15,-2.198722109608594,62,-2.150275100586329,MAP_PMU,105,0.04844700902226462
0,x_tcsc,1-14,-0.14566179303960267,63,-0.1389065981423208,MAP_PMU,105,0.00675519489728188
1,B_svc,2,0.30072105104135866,63,0.2986171371240459,MAP_PMU,105,0.0021039139173127386
2,UPFC_Vsh,5-15,1.104674951415066,63,1.105798506802651,MAP_PMU,105,0.001123555387585018
3,UPFC_tsh,5-15,-0.22679107198721885,63,-0.2262354727467334,MAP_PMU,105,0.0005555992404854548
4,UPFC_Vse,5-15,0.06156170503100146,63,0.06078399023278652,MAP_PMU,105,0.0007777147982149374
5,UPFC_tse,5-15,-2.1904462063011145,63,-2.150275100586329,MAP_PMU,105,0.04017110571478533
0,x_tcsc,1-14,-0.14545632713983037,64,-0.1389065981423208,MAP_PMU,105,0.00654972899750958
1,B_svc,2,0.3006999746803889,64,0.2986171371240459,MAP_PMU,105,0.0020828375563429757
2,UPFC_Vsh,5-15,1.104296638882456,64,1.105798506802651,MAP_PMU,105,0.0015018679201950214
3,UPFC_tsh,5-15,-0.22689733819446972,64,-0.2262354727467334,MAP_PMU,105,0.0006618654477363317
4,UPFC_Vse,5-15,0.062363959513007314,64,0.06078399023278652,MAP_PMU,105,0.0015799692802207915
5,UPFC_tse,5-15,-2.2003434605243597,64,-2.150275100586329,MAP_PMU,105,0.05006835993803049
0,x_tcsc,1-14,-0.14542503903398651,65,-0.1389065981423208,MAP_PMU,105,0.006518440891665728
1,B_svc,2,0.3005218322827342,65,0.2986171371240459,MAP_PMU,105,0.0019046951586882965
2,UPFC_Vsh,5-15,1.1045744298243467,65,1.105798506802651,MAP_PMU,105,0.0012240769783042893
3,UPFC_tsh,5-15,-0.2267805863191306,65,-0.2262354727467334,MAP_PMU,105,0.0005451135723971989
4,UPFC_Vse,5-15,0.062016086738739686,65,0.06078399023278652,MAP_PMU,105,0.0012320965059531633
5,UPFC_tse,5-15,-2.1887989896777285,65,-2.150275100586329,MAP_PMU,105,0.038523889091399255
0,x_tcsc,1-14,-0.14585240520695014,66,-0.1389065981423208,MAP_PMU,105,0.006945807064629356
1,B_svc,2,0.30063562465481886,66,0.2986171371240459,MAP_PMU,105,0.002018487530772939
2,UPFC_Vsh,5-15,1.104233711395843,66,1.105798506802651,MAP_PMU,105,0.001564795406808095
3,UPFC_tsh,5-15,-0.22674630485402417,66,-0.2262354727467334,MAP_PMU,105,0.0005108321072907762
4,UPFC_Vse,5-15,0.06210336452432396,66,0.06078399023278652,MAP_PMU,105,0.0013193742915374382
5,UPFC_tse,5-15,-2.191278437449919,66,-2.150275100586329,MAP_PMU,105,0.04100333686358981
0,x_tcsc,1-14,-0.14570485192944607,67,-0.1389065981423208,MAP_PMU,105,0.006798253787125286
1,B_svc,2,0.3010220835336884,67,0.2986171371240459,MAP_PMU,105,0.0024049464096425055
2,UPFC_Vsh,5-15,1.1039337954524329,67,1.105798506802651,MAP_PMU,105,0.0018647113502181512
3,UPFC_tsh,5-15,-0.22688523176896677,67,-0.2262354727467334,MAP_PMU,105,0.0006497590222333816
4,UPFC_Vse,5-15,0.06261945285377372,67,0.06078399023278652,MAP_PMU,105,0.0018354626209872021
5,UPFC_tse,5-15,-2.20442720596748,67,-2.150275100586329,MAP_PMU,105,0.05415210538115067
0,x_tcsc,1-14,-0.14468306112367676,68,-0.1389065981423208,MAP_PMU,105,0.005776462981355979
1,B_svc,2,0.30099494309664965,68,0.2986171371240459,MAP_PMU,105,0.0023778059726037304
2,UPFC_Vsh,5-15,1.104674560383806,68,1.105798506802651,MAP_PMU,105,0.0011239464188450565
3,UPFC_tsh,5-15,-0.2268593127242216,68,-0.2262354727467334,MAP_PMU,105,0.0006238399774882164
4,UPFC_Vse,5-15,0.06236966111885506,68,0.06078399023278652,MAP_PMU,105,0.0015856708860685353
5,UPFC_tse,5-15,-2.1975068553896526,68,-2.150275100586329,MAP_PMU,105,0.04723175480332342
0,x_tcsc,1-14,-0.14558919620985475,69,-0.1389065981423208,MAP_PMU,105,0.0066825980675339625
1,B_svc,2,0.3009787047042521,69,0.2986171371240459,MAP_PMU,105,0.0023615675802061697
2,UPFC_Vsh,5-15,1.1044880732184186,69,1.105798506802651,MAP_PMU,105,0.00131043358423244
3,UPFC_tsh,5-15,-0.226774337386483,69,-0.2262354727467334,MAP_PMU,105,0.0005388646397496144
4,UPFC_Vse,5-15,0.061648119614626025,69,0.06078399023278652,MAP_PMU,105,0.0008641293818395027
5,UPFC_tse,5-15,-2.194754224292929,69,-2.150275100586329,MAP_PMU,105,0.04447912370660001
0,x_tcsc,1-14,-0.14563845103128392,70,-0.1389065981423208,MAP_PMU,105,0.006731852888963136
1,B_svc,2,0.3009663468345488,70,0.2986171371240459,MAP_PMU,105,0.0023492097105028975
2,UPFC_Vsh,5-15,1.1042969499719901,70,1.105798506802651,MAP_PMU,105,0.0015015568306608884
3,UPFC_tsh,5-15,-0.22674816445324344,70,-0.2262354727467334,MAP_PMU,105,0.0005126917065100545
4,UPFC_Vse,5-15,0.06211031849969841,70,0.06078399023278652,MAP_PMU,105,0.00132632826691189
5,UPFC_tse,5-15,-2.194362155358015,70,-2.150275100586329,MAP_PMU,105,0.04408705477168562
0,x_tcsc,1-14,-0.14640003899456017,71,-0.1389065981423208,MAP_PMU,105,0.00749344085223938
1,B_svc,2,0.3003133997629487,71,0.2986171371240459,MAP_PMU,105,0.001696262638902768
2,UPFC_Vsh,5-15,1.1044517249645407,71,1.105798506802651,MAP_PMU,105,0.0013467818381103225
3,UPFC_tsh,5-15,-0.2267223212242095,71,-0.2262354727467334,MAP_PMU,105,0.0004868484774760984
4,UPFC_Vse,5-15,0.061637137690876205,71,0.06078399023278652,MAP_PMU,105,0.0008531474580896828
5,UPFC_tse,5-15,-2.2007362914700637,71,-2.150275100586329,MAP_PMU,105,0.050461190883734464
0,x_tcsc,1-14,-0.1448946200235423,72,-0.1389065981423208,MAP_PMU,105,0.0059880218812215225
1,B_svc,2,0.3004272400907252,72,0.2986171371240459,MAP_PMU,105,0.0018101029666792723
2,UPFC_Vsh,5-15,1.1045756226174097,72,1.105798506802651,MAP_PMU,105,0.001222884185241302
3,UPFC_tsh,5-15,-0.22680635769640956,72,-0.2262354727467334,MAP_PMU,105,0.0005708849496761648
4,UPFC_Vse,5-15,0.06165822317561736,72,0.06078399023278652,MAP_PMU,105,0.0008742329428308368
5,UPFC_tse,5-15,-2.192693035605431,72,-2.150275100586329,MAP_PMU,105,0.04241793501910163
0,x_tcsc,1-14,-0.14595675280101184,73,-0.1389065981423208,MAP_PMU,105,0.007050154658691049
1,B_svc,2,0.3004496954497205,73,0.2986171371240459,MAP_PMU,105,0.0018325583256745825
2,UPFC_Vsh,5-15,1.1038722725737784,73,1.105798506802651,MAP_PMU,105,0.0019262342288726142
3,UPFC_tsh,5-15,-0.22692463510926372,73,-0.2262354727467334,MAP_PMU,105,0.0006891623625303323
4,UPFC_Vse,5-15,0.06228661013089112,73,0.06078399023278652,MAP_PMU,105,0.0015026198981045943
5,UPFC_tse,5-15,-2.203053424728328,73,-2.150275100586329,MAP_PMU,105,0.05277832414199901
0,x_tcsc,1-14,-0.14531110359703367,74,-0.1389065981423208,MAP_PMU,105,0.006404505454712883
1,B_svc,2,0.30074013347520884,74,0.2986171371240459,MAP_PMU,105,0.00212299635116292
2,UPFC_Vsh,5-15,1.1040667272133322,74,1.105798506802651,MAP_PMU,105,0.0017317795893188048
3,UPFC_tsh,5-15,-0.2268525697886666,74,-0.2262354727467334,MAP_PMU,105,0.0006170970419332178
4,UPFC_Vse,5-15,0.06244022937104691,74,0.06078399023278652,MAP_PMU,105,0.001656239138260386
5,UPFC_tse,5-15,-2.2050181586227855,74,-2.150275100586329,MAP_PMU,105,0.054743058036456294
0,x_tcsc,1-14,-0.14550369182225395,75,-0.1389065981423208,MAP_PMU,105,0.006597093679933164
1,B_svc,2,0.30128821138280354,75,0.2986171371240459,MAP_PMU,105,0.002671074258757622
2,UPFC_Vsh,5-15,1.1042032550575924,75,1.105798506802651,MAP_PMU,105,0.0015952517450585901
3,UPFC_tsh,5-15,-0.22685049340189298,75,-0.2262354727467334,MAP_PMU,105,0.0006150206551595871
4,UPFC_Vse,5-15,0.06188592841492461,75,0.06078399023278652,MAP_PMU,105,0.001101938182138086
5,UPFC_tse,5-15,-2.1968246949593255,75,-2.150275100586329,MAP_PMU,105,0.04654959437299633
0,x_tcsc,1-14,-0.14524675033871498,76,-0.1389065981423208,MAP_PMU,105,0.006340152196394194
1,B_svc,2,0.30070404760131175,76,0.2986171371240459,MAP_PMU,105,0.0020869104772658353
2,UPFC_Vsh,5-15,1.1046574750500835,76,1.105798506802651,MAP_PMU,105,0.0011410317525675229
3,UPFC_tsh,5-15,-0.22681101984046345,76,-0.2262354727467334,MAP_PMU,105,0.0005755470937300611
4,UPFC_Vse,5-15,0.06251822576046673,76,0.06078399023278652,MAP_PMU,105,0.0017342355276802057
5,UPFC_tse,5-15,-2.192446385681612,76,-2.150275100586329,MAP_PMU,105,0.04217128509528267
0,x_tcsc,1-14,-0.14592964753063675,77,-0.1389065981423208,MAP_PMU,105,0.007023049388315966
1,B_svc,2,0.3008604595549966,77,0.2986171371240459,MAP_PMU,105,0.002243322430950656
2,UPFC_Vsh,5-15,1.104363389539377,77,1.105798506802651,MAP_PMU,105,0.001435117263274055
3,UPFC_tsh,5-15,-0.2268714733233892,77,-0.2262354727467334,MAP_PMU,105,0.0006360005766558041
4,UPFC_Vse,5-15,0.06254232545218731,77,0.06078399023278652,MAP_PMU,105,0.001758335219400789
5,UPFC_tse,5-15,-2.204409114659365,77,-2.150275100586329,MAP_PMU,105,0.054134014073035974
0,x_tcsc,1-14,-0.1452688231933177,78,-0.1389065981423208,MAP_PMU,105,0.0063622250509969
1,B_svc,2,0.30044559719696884,78,0.2986171371240459,MAP_PMU,105,0.0018284600729229217
2,UPFC_Vsh,5-15,1.1045745854793736,78,1.105798506802651,MAP_PMU,105,0.0012239213232774215
3,UPFC_tsh,5-15,-0.226808132053255,78,-0.2262354727467334,MAP_PMU,105,0.0005726593065216168
4,UPFC_Vse,5-15,0.06227704596011935,78,0.06078399023278652,MAP_PMU,105,0.001493055727332826
5,UPFC_tse,5-15,-2.1961257711826474,78,-2.150275100586329,MAP_PMU,105,0.0458506705963182
0,x_tcsc,1-14,-0.14577357308215413,79,-0.1389065981423208,MAP_PMU,105,0.006866974939833348
1,B_svc,2,0.300598065045382,79,0.2986171371240459,MAP_PMU,105,0.001980927921336084
2,UPFC_Vsh,5-15,1.10472010520115,79,1.105798506802651,MAP_PMU,105,0.0010784016015010778
3,UPFC_tsh,5-15,-0.22677337025639538,79,-0.2262354727467334,MAP_PMU,105,0.0005378975096619887
4,UPFC_Vse,5-15,0.0616594266801092,79,0.06078399023278652,MAP_PMU,105,0.0008754364473226792
5,UPFC_tse,5-15,-2.1977256917630017,79,-2.150275100586329,MAP_PMU,105,0.047450591176672496
0,x_tcsc,1-14,-0.14618370007733997,80,-0.1389065981423208,MAP_PMU,105,0.007277101935019181
1,B_svc,2,0.3005480865740329,80,0.2986171371240459,MAP_PMU,105,0.0019309494499870072
2,UPFC_Vsh,5-15,1.104189641151924,80,1.105798506802651,MAP_PMU,105,0.0016088656507269317
3,UPFC_tsh,5-15,-0.22681010313312247,80,-0.2262354727467334,MAP_PMU,105,0.00057463038638908
4,UPFC_Vse,5-15,0.06189242069104504,80,0.06078399023278652,MAP_PMU,105,0.001108430458258515
5,UPFC_tse,5-15,-2.194825122636181,80,-2.150275100586329,MAP_PMU,105,0.04455002204985181
0,x_tcsc,1-14,-0.14491939722110841,81,-0.1389065981423208,MAP_PMU,105,0.006012799078787628
1,B_svc,2,0.30002956870155445,81,0.2986171371240459,MAP_PMU,105,0.0014124315775085328
2,UPFC_Vsh,5-15,1.1050412524119677,81,1.105798506802651,MAP_PMU,105,0.000757254390683304
3,UPFC_tsh,5-15,-0.2266764433978037,81,-0.2262354727467334,MAP_PMU,105,0.0004409706510703215
4,UPFC_Vse,5-15,0.0622064606176287,81,0.06078399023278652,MAP_PMU,105,0.001422470384842181
5,UPFC_tse,5-15,-2.18345458064093,81,-2.150275100586329,MAP_PMU,105,0.033179480054600585
0,x_tcsc,1-14,-0.14577730921072843,82,-0.1389065981423208,MAP_PMU,105,0.006870711068407642
1,B_svc,2,0.300353620548092,82,0.2986171371240459,MAP_PMU,105,0.001736483424046087
2,UPFC_Vsh,5-15,1.1047994792273732,82,1.105798506802651,MAP_PMU,105,0.000999027575277811
3,UPFC_tsh,5-15,-0.22670396232554074,82,-0.2262354727467334,MAP_PMU,105,0.00046848957880735176
4,UPFC_Vse,5-15,0.06155287901491659,82,0.06078399023278652,MAP_PMU,105,0.0007688887821300644
5,UPFC_tse,5-15,-2.178805871232416,82,-2.150275100586329,MAP_PMU,105,0.02853077064608689
0,x_tcsc,1-14,-0.14559513634525623,83,-0.1389065981423208,MAP_PMU,105,0.00668853820293544
1,B_svc,2,0.3007103810699139,83,0.2986171371240459,MAP_PMU,105,0.002093243945867962
2,UPFC_Vsh,5-15,1.1049835706046374,83,1.105798506802651,MAP_PMU,105,0.0008149361980136494
3,UPFC_tsh,5-15,-0.22672959509176624,83,-0.2262354727467334,MAP_PMU,105,0.0004941223450328491
4,UPFC_Vse,5-15,0.062075713135685155,83,0.06078399023278652,MAP_PMU,105,0.001291722902898633
5,UPFC_tse,5-15,-2.1897842005551222,83,-2.150275100586329,MAP_PMU,105,0.03950909996879304
0,x_tcsc,1-14,-0.1455769709258369,84,-0.1389065981423208,MAP_PMU,105,0.006670372783516121
1,B_svc,2,0.3007145528117415,84,0.2986171371240459,MAP_PMU,105,0.0020974156876955585
2,UPFC_Vsh,5-15,1.1045708911317333,84,1.105798506802651,MAP_PMU,105,0.00122761567091767
3,UPFC_tsh,5-15,-0.22676722740416136,84,-0.2262354727467334,MAP_PMU,105,0.0005317546574279686
4,UPFC_Vse,5-15,0.06178225166858273,84,0.06078399023278652,MAP_PMU,105,0.000998261435796205
5,UPFC_tse,5-15,-2.189794430441875,84,-2.150275100586329,MAP_PMU,105,0.03951932985554585
0,x_tcsc,1-14,-0.145505340401529,85,-0.1389065981423208,MAP_PMU,105,0.006598742259208201
1,B_svc,2,0.30040190826821717,85,0.2986171371240459,MAP_PMU,105,0.0017847711441712488
2,UPFC_Vsh,5-15,1.104729458094632,85,1.105798506802651,MAP_PMU,105,0.0010690487080189381
3,UPFC_tsh,5-15,-0.2267699238564334,85,-0.2262354727467334,MAP_PMU,105,0.0005344511097000182
4,UPFC_Vse,5-15,0.06202689428857128,85,0.06078399023278652,MAP_PMU,105,0.0012429040557847548
5,UPFC_tse,5-15,-2.191162126422617,85,-2.150275100586329,MAP_PMU,105,0.040887025836287894
0,x_tcsc,1-14,-0.14504795590642747,86,-0.1389065981423208,MAP_PMU,105,0.006141357764106681
1,B_svc,2,0.3004168839347198,86,0.2986171371240459,MAP_PMU,105,0.0017997468106739078
2,UPFC_Vsh,5-15,1.1045955060727648,86,1.105798506802651,MAP_PMU,105,0.0012030007298862166
3,UPFC_tsh,5-15,-0.22678690717248426,86,-0.2262354727467334,MAP_PMU,105,0.0005514344257508685
4,UPFC_Vse,5-15,0.062380866475037086,86,0.06078399023278652,MAP_PMU,105,0.001596876242250564
5,UPFC_tse,5-15,-2.1919726436222757,86,-2.150275100586329,MAP_PMU,105,0.04169754303594653
0,x_tcsc,1-14,-0.14549530545273684,87,-0.1389065981423208,MAP_PMU,105,0.006588707310416053
1,B_svc,2,0.3001829245427253,87,0.2986171371240459,MAP_PMU,105,0.0015657874186794096
2,UPFC_Vsh,5-15,1.1045593336207808,87,1.105798506802651,MAP_PMU,105,0.001239173181870168
3,UPFC_tsh,5-15,-0.2267665620585562,87,-0.2262354727467334,MAP_PMU,105,0.0005310893118228022
4,UPFC_Vse,5-15,0.062029232740093684,87,0.06078399023278652,MAP_PMU,105,0.0012452425073071621
5,UPFC_tse,5-15,-2.1903098380874133,87,-2.150275100586329,MAP_PMU,105,0.040034737501084106
0,x_tcsc,1-14,-0.14586389146242498,88,-0.1389065981423208,MAP_PMU,105,0.006957293320104196
1,B_svc,2,0.29997146886555875,88,0.2986171371240459,MAP_PMU,105,0.0013543317415128375
2,UPFC_Vsh,5-15,1.104437913339803,88,1.105798506802651,MAP_PMU,105,0.0013605934628480032
3,UPFC_tsh,5-15,-0.22684796511957545,88,-0.2262354727467334,MAP_PMU,105,0.000612492372842055
4,UPFC_Vse,5-15,0.06169951209169627,88,0.06078399023278652,MAP_PMU,105,0.0009155218589097444
5,UPFC_tse,5-15,-2.2053534535297445,88,-2.150275100586329,MAP_PMU,105,0.05507835294341534
0,x_tcsc,1-14,-0.1450838405769655,89,-0.1389065981423208,MAP_PMU,105,0.006177242434644709
1,B_svc,2,0.3000920550210851,89,0.2986171371240459,MAP_PMU,105,0.0014749178970391852
2,UPFC_Vsh,5-15,1.105004259498591,89,1.105798506802651,MAP_PMU,105,0.0007942473040600806
3,UPFC_tsh,5-15,-0.22671336047453208,89,-0.2262354727467334,MAP_PMU,105,0.0004778877277986926
4,UPFC_Vse,5-15,0.0613327333195861,89,0.06078399023278652,MAP_PMU,105,0.0005487430867995788
5,UPFC_tse,5-15,-2.182486643824866,89,-2.150275100586329,MAP_PMU,105,0.03221154323853659
0,x_tcsc,1-14,-0.14535720809725078,90,-0.1389065981423208,MAP_PMU,105,0.006450609954929992
1,B_svc,2,0.3010908619860623,90,0.2986171371240459,MAP_PMU,105,0.0024737248620163577
2,UPFC_Vsh,5-15,1.1046222612897991,90,1.105798506802651,MAP_PMU,105,0.0011762455128518923
3,UPFC_tsh,5-15,-0.22676725299236175,90,-0.2262354727467334,MAP_PMU,105,0.0005317802456283605
4,UPFC_Vse,5-15,0.06139398916206112,90,0.06078399023278652,MAP_PMU,105,0.0006099989292745953
5,UPFC_tse,5-15,-2.1839119977039183,90,-2.150275100586329,MAP_PMU,105,0.033636897117589104
0,x_tcsc,1-14,-0.14551096661419977,91,-0.1389065981423208,MAP_PMU,105,0.00660436847187898
1,B_svc,2,0.3002152595018271,91,0.2986171371240459,MAP_PMU,105,0.0015981223777811748
2,UPFC_Vsh,5-15,1.1042863333001811,91,1.105798506802651,MAP_PMU,105,0.0015121735024699046
3,UPFC_tsh,5-15,-0.22681796161637136,91,-0.2262354727467334,MAP_PMU,105,0.0005824888696379649
4,UPFC_Vse,5-15,0.06237050011740435,91,0.06078399023278652,MAP_PMU,105,0.0015865098846178302
5,UPFC_tse,5-15,-2.1931708341237286,91,-2.150275100586329,MAP_PMU,105,0.042895733537399394
0,x_tcsc,1-14,-0.14526340487843312,92,-0.1389065981423208,MAP_PMU,105,0.00635680673611233
1,B_svc,2,0.3004588843471914,92,0.2986171371240459,MAP_PMU,105,0.0018417472231455068
2,UPFC_Vsh,5-15,1.104585024126244,92,1.105798506802651,MAP_PMU,105,0.001213482676406974
3,UPFC_tsh,5-15,-0.22677937114896962,92,-0.2262354727467334,MAP_PMU,105,0.0005438984022362314
4,UPFC_Vse,5-15,0.0621171117861528,92,0.06078399023278652,MAP_PMU,105,0.001333121553366276
5,UPFC_tse,5-15,-2.1954678301673693,92,-2.150275100586329,MAP_PMU,105,0.04519272958104015
0,x_tcsc,1-14,-0.14633784980685052,93,-0.1389065981423208,MAP_PMU,105,0.007431251664529737
1,B_svc,2,0.3003388441580616,93,0.2986171371240459,MAP_PMU,105,0.001721707034015696
2,UPFC_Vsh,5-15,1.103657214173117,93,1.105798506802651,MAP_PMU,105,0.0021412926295341084
3,UPFC_tsh,5-15,-0.2269041452717761,93,-0.2262354727467334,MAP_PMU,105,0.0006686725250427128
4,UPFC_Vse,5-15,0.06286749436928453,93,0.06078399023278652,MAP_PMU,105,0.0020835041364980073
5,UPFC_tse,5-15,-2.203950333941497,93,-2.150275100586329,MAP_PMU,105,0.05367523335516777
0,x_tcsc,1-14,-0.14552871716481208,94,-0.1389065981423208,MAP_PMU,105,0.006622119022491296
1,B_svc,2,0.3002437689490103,94,0.2986171371240459,MAP_PMU,105,0.001626631824964364
2,UPFC_Vsh,5-15,1.104600163304998,94,1.105798506802651,MAP_PMU,105,0.0011983434976530205
3,UPFC_tsh,5-15,-0.22681018721744842,94,-0.2262354727467334,MAP_PMU,105,0.0005747144707150265
4,UPFC_Vse,5-15,0.06179516528527524,94,0.06078399023278652,MAP_PMU,105,0.0010111750524887178
5,UPFC_tse,5-15,-2.1941791591639017,94,-2.150275100586329,MAP_PMU,105,0.04390405857757251
0,x_tcsc,1-14,-0.14555209430712673,95,-0.1389065981423208,MAP_PMU,105,0.006645496164805947
1,B_svc,2,0.30025040870111697,95,0.2986171371240459,MAP_PMU,105,0.0016332715770710493
2,UPFC_Vsh,5-15,1.1047157877345553,95,1.105798506802651,MAP_PMU,105,0.001082719068095761
3,UPFC_tsh,5-15,-0.22675971847732174,95,-0.2262354727467334,MAP_PMU,105,0.0005242457305883463
4,UPFC_Vse,5-15,0.06180738331873987,95,0.06078399023278652,MAP_PMU,105,0.001023393085953346
5,UPFC_tse,5-15,-2.1882659625504925,95,-2.150275100586329,MAP_PMU,105,0.03799086196416335
0,x_tcsc,1-14,-0.14544872685638865,96,-0.1389065981423208,MAP_PMU,105,0.0065421287140678686
1,B_svc,2,0.3010489297573642,96,0.2986171371240459,MAP_PMU,105,0.002431792633318275
2,UPFC_Vsh,5-15,1.104639540346132,96,1.105798506802651,MAP_PMU,105,0.0011589664565190283
3,UPFC_tsh,5-15,-0.22671687435456564,96,-0.2262354727467334,MAP_PMU,105,0.00048140160783224917
4,UPFC_Vse,5-15,0.06156548082665428,96,0.06078399023278652,MAP_PMU,105,0.0007814905938677563
5,UPFC_tse,5-15,-2.1870833329181596,96,-2.150275100586329,MAP_PMU,105,0.03680823233183039
0,x_tcsc,1-14,-0.14573741305158083,97,-0.1389065981423208,MAP_PMU,105,0.006830814909260047
1,B_svc,2,0.30059988827446726,97,0.2986171371240459,MAP_PMU,105,0.001982751150421347
2,UPFC_Vsh,5-15,1.1043639810794312,97,1.105798506802651,MAP_PMU,105,0.0014345257232197817
3,UPFC_tsh,5-15,-0.2267483095076148,97,-0.2262354727467334,MAP_PMU,105,0.0005128367608814022
4,UPFC_Vse,5-15,0.061322070280524374,97,0.06078399023278652,MAP_PMU,105,0.0005380800477378517
5,UPFC_tse,5-15,-2.191853385180099,97,-2.150275100586329,MAP_PMU,105,0.041578284593769776
0,x_tcsc,1-14,-0.1454551128331451,98,-0.1389065981423208,MAP_PMU,105,0.00654851469082432
1,B_svc,2,0.3007254942332592,98,0.2986171371240459,MAP_PMU,105,0.00210835710921331
2,UPFC_Vsh,5-15,1.104799506994556,98,1.105798506802651,MAP_PMU,105,0.0009989998080950357
3,UPFC_tsh,5-15,-0.22679202448096827,98,-0.2262354727467334,MAP_PMU,105,0.0005565517342348836
4,UPFC_Vse,5-15,0.06162375237892183,98,0.06078399023278652,MAP_PMU,105,0.0008397621461353061
5,UPFC_tse,5-15,-2.19435227107967,98,-2.150275100586329,MAP_PMU,105,0.04407717049334092
0,x_tcsc,1-14,-0.14519040854816098,99,-0.1389065981423208,MAP_PMU,105,0.006283810405840196
1,B_svc,2,0.30034743731808805,99,0.2986171371240459,MAP_PMU,105,0.0017303001940421336
2,UPFC_Vsh,5-15,1.1047609555862181,99,1.105798506802651,MAP_PMU,105,0.001037551216432897
3,UPFC_tsh,5-15,-0.22673888434686248,99,-0.2262354727467334,MAP_PMU,105,0.0005034116001290945
4,UPFC_Vse,5-15,0.06179296051129275,99,0.06078399023278652,MAP_PMU,105,0.0010089702785062299
5,UPFC_tse,5-15,-2.1826113450976283,99,-2.150275100586329,MAP_PMU,105,0.03233624451129913
0,x_tcsc,1-14,-0.14866049784899885,0,-0.14029589612584978,MAP_PMU,107,0.008364601723149068
1,B_svc,2,0.30778458202405307,0,0.30588198279745255,MAP_PMU,107,0.001902599226600521
2,UPFC_Vsh,5-15,1.1035096927615655,0,1.1048533329991541,MAP_PMU,107,0.0013436402375885947
3,UPFC_tsh,5-15,-0.22537245650273208,0,-0.2247138887988874,MAP_PMU,107,0.0006585677038446758
4,UPFC_Vse,5-15,0.06236376831770242,0,0.06154906690260654,MAP_PMU,107,0.0008147014150958823
5,UPFC_tse,5-15,-2.2115237474309515,0,-2.152467191160125,MAP_PMU,107,0.05905655627082629
0,x_tcsc,1-14,-0.14777284687939612,1,-0.14029589612584978,MAP_PMU,107,0.007476950753546346
1,B_svc,2,0.30796802978246546,1,0.30588198279745255,MAP_PMU,107,0.0020860469850129126
2,UPFC_Vsh,5-15,1.1038436376219427,1,1.1048533329991541,MAP_PMU,107,0.001009695377211406
3,UPFC_tsh,5-15,-0.22531506848272675,1,-0.2247138887988874,MAP_PMU,107,0.0006011796838393535
4,UPFC_Vse,5-15,0.0626690588304137,1,0.06154906690260654,MAP_PMU,107,0.0011199919278071582
5,UPFC_tse,5-15,-2.1872858439973033,1,-2.152467191160125,MAP_PMU,107,0.03481865283717811
0,x_tcsc,1-14,-0.14751564345950574,2,-0.14029589612584978,MAP_PMU,107,0.0072197473336559626
1,B_svc,2,0.3075960914576091,2,0.30588198279745255,MAP_PMU,107,0.0017141086601565325
2,UPFC_Vsh,5-15,1.103922261429564,2,1.1048533329991541,MAP_PMU,107,0.0009310715695900473
3,UPFC_tsh,5-15,-0.22533797560542856,2,-0.2247138887988874,MAP_PMU,107,0.0006240868065411631
4,UPFC_Vse,5-15,0.06289253432982014,2,0.06154906690260654,MAP_PMU,107,0.0013434674272136057
5,UPFC_tse,5-15,-2.1957294215888616,2,-2.152467191160125,MAP_PMU,107,0.04326223042873645
0,x_tcsc,1-14,-0.14720563804895598,3,-0.14029589612584978,MAP_PMU,107,0.0069097419231062
1,B_svc,2,0.3080141118129776,3,0.30588198279745255,MAP_PMU,107,0.002132129015525064
2,UPFC_Vsh,5-15,1.1040273124902629,3,1.1048533329991541,MAP_PMU,107,0.0008260205088912453
3,UPFC_tsh,5-15,-0.22530966629841237,3,-0.2247138887988874,MAP_PMU,107,0.0005957774995249687
4,UPFC_Vse,5-15,0.06264626284278281,3,0.06154906690260654,MAP_PMU,107,0.0010971959401762724
5,UPFC_tse,5-15,-2.1975208868485003,3,-2.152467191160125,MAP_PMU,107,0.04505369568837514
0,x_tcsc,1-14,-0.14742035900503223,4,-0.14029589612584978,MAP_PMU,107,0.007124462879182447
1,B_svc,2,0.3085944573840992,4,0.30588198279745255,MAP_PMU,107,0.0027124745866466404
2,UPFC_Vsh,5-15,1.1045480620563686,4,1.1048533329991541,MAP_PMU,107,0.00030527094278554046
3,UPFC_tsh,5-15,-0.22524218704041046,4,-0.2247138887988874,MAP_PMU,107,0.0005282982415230619
4,UPFC_Vse,5-15,0.06201337014151308,4,0.06154906690260654,MAP_PMU,107,0.00046430323890653963
5,UPFC_tse,5-15,-2.1875526825724343,4,-2.152467191160125,MAP_PMU,107,0.0350854914123091
0,x_tcsc,1-14,-0.14774269430265688,5,-0.14029589612584978,MAP_PMU,107,0.007446798176807101
1,B_svc,2,0.30757682120486224,5,0.30588198279745255,MAP_PMU,107,0.0016948384074096934
2,UPFC_Vsh,5-15,1.104227614962886,5,1.1048533329991541,MAP_PMU,107,0.000625718036268097
3,UPFC_tsh,5-15,-0.2253752998413967,5,-0.2247138887988874,MAP_PMU,107,0.0006614110425093023
4,UPFC_Vse,5-15,0.06274954827685865,5,0.06154906690260654,MAP_PMU,107,0.0012004813742521117
5,UPFC_tse,5-15,-2.20351437263982,5,-2.152467191160125,MAP_PMU,107,0.05104718147969489
0,x_tcsc,1-14,-0.14723167635960194,6,-0.14029589612584978,MAP_PMU,107,0.006935780233752159
1,B_svc,2,0.30795253765703273,6,0.30588198279745255,MAP_PMU,107,0.002070554859580187
2,UPFC_Vsh,5-15,1.1039817327309474,6,1.1048533329991541,MAP_PMU,107,0.0008716002682067625
3,UPFC_tsh,5-15,-0.22533607730596245,6,-0.2247138887988874,MAP_PMU,107,0.0006221885070750444
4,UPFC_Vse,5-15,0.06218708328530426,6,0.06154906690260654,MAP_PMU,107,0.0006380163826977189
5,UPFC_tse,5-15,-2.199470262298998,6,-2.152467191160125,MAP_PMU,107,0.0470030711388727
0,x_tcsc,1-14,-0.1469598466831993,7,-0.14029589612584978,MAP_PMU,107,0.0066639505573495295
1,B_svc,2,0.30786161313205257,7,0.30588198279745255,MAP_PMU,107,0.0019796303346000244
2,UPFC_Vsh,5-15,1.1042430642103434,7,1.1048533329991541,MAP_PMU,107,0.0006102687888107639
3,UPFC_tsh,5-15,-0.22530370038983052,7,-0.2247138887988874,MAP_PMU,107,0.0005898115909431234
4,UPFC_Vse,5-15,0.06261214751156438,7,0.06154906690260654,MAP_PMU,107,0.0010630806089578435
5,UPFC_tse,5-15,-2.2025160498522873,7,-2.152467191160125,MAP_PMU,107,0.050048858692162135
0,x_tcsc,1-14,-0.14718149473966943,8,-0.14029589612584978,MAP_PMU,107,0.0068855986138196545
1,B_svc,2,0.3079053505772904,8,0.30588198279745255,MAP_PMU,107,0.002023367779837859
2,UPFC_Vsh,5-15,1.1041632175977427,8,1.1048533329991541,MAP_PMU,107,0.0006901154014113953
3,UPFC_tsh,5-15,-0.2253003250235231,8,-0.2247138887988874,MAP_PMU,107,0.0005864362246356947
4,UPFC_Vse,5-15,0.06233872142300539,8,0.06154906690260654,MAP_PMU,107,0.0007896545203988498
5,UPFC_tse,5-15,-2.1932849923306046,8,-2.152467191160125,MAP_PMU,107,0.040817801170479395
0,x_tcsc,1-14,-0.1475974020458183,9,-0.14029589612584978,MAP_PMU,107,0.007301505919968532
1,B_svc,2,0.3081470886739442,9,0.30588198279745255,MAP_PMU,107,0.0022651058764916465
2,UPFC_Vsh,5-15,1.1039574833885644,9,1.1048533329991541,MAP_PMU,107,0.0008958496105897495
3,UPFC_tsh,5-15,-0.22531859972455534,9,-0.2247138887988874,MAP_PMU,107,0.0006047109256679395
4,UPFC_Vse,5-15,0.06277284803637885,9,0.06154906690260654,MAP_PMU,107,0.0012237811337723128
5,UPFC_tse,5-15,-2.1971463887219085,9,-2.152467191160125,MAP_PMU,107,0.04467919756178329
0,x_tcsc,1-14,-0.1476241101313243,10,-0.14029589612584978,MAP_PMU,107,0.007328214005474509
1,B_svc,2,0.3076759224624341,10,0.30588198279745255,MAP_PMU,107,0.0017939396649815365
2,UPFC_Vsh,5-15,1.1042217889155228,10,1.1048533329991541,MAP_PMU,107,0.000631544083631308
3,UPFC_tsh,5-15,-0.2253444669988492,10,-0.2247138887988874,MAP_PMU,107,0.0006305781999617899
4,UPFC_Vse,5-15,0.06313020984442642,10,0.06154906690260654,MAP_PMU,107,0.0015811429418198866
5,UPFC_tse,5-15,-2.196505036335321,10,-2.152467191160125,MAP_PMU,107,0.04403784517519593
0,x_tcsc,1-14,-0.14754409856880377,11,-0.14029589612584978,MAP_PMU,107,0.007248202442953988
1,B_svc,2,0.3083598860973226,11,0.30588198279745255,MAP_PMU,107,0.0024779032998700767
2,UPFC_Vsh,5-15,1.1036419252864833,11,1.1048533329991541,MAP_PMU,107,0.001211407712670809
3,UPFC_tsh,5-15,-0.22544851686891956,11,-0.2247138887988874,MAP_PMU,107,0.0007346280700321617
4,UPFC_Vse,5-15,0.06306249582637304,11,0.06154906690260654,MAP_PMU,107,0.001513428923766498
5,UPFC_tse,5-15,-2.204858173153277,11,-2.152467191160125,MAP_PMU,107,0.05239098199315162
0,x_tcsc,1-14,-0.1471259652293677,12,-0.14029589612584978,MAP_PMU,107,0.006830069103517911
1,B_svc,2,0.30747404645849113,12,0.30588198279745255,MAP_PMU,107,0.0015920636610385897
2,UPFC_Vsh,5-15,1.1042058230650742,12,1.1048533329991541,MAP_PMU,107,0.0006475099340799151
3,UPFC_tsh,5-15,-0.22530064882704742,12,-0.2247138887988874,MAP_PMU,107,0.0005867600281600216
4,UPFC_Vse,5-15,0.06277553322700462,12,0.06154906690260654,MAP_PMU,107,0.0012264663243980803
5,UPFC_tse,5-15,-2.1914454728387387,12,-2.152467191160125,MAP_PMU,107,0.0389782816786135
0,x_tcsc,1-14,-0.14737205804279155,13,-0.14029589612584978,MAP_PMU,107,0.00707616191694177
1,B_svc,2,0.307865541725392,13,0.30588198279745255,MAP_PMU,107,0.001983558927939444
2,UPFC_Vsh,5-15,1.1040089561270268,13,1.1048533329991541,MAP_PMU,107,0.0008443768721273504
3,UPFC_tsh,5-15,-0.22537151979935593,13,-0.2247138887988874,MAP_PMU,107,0.0006576310004685337
4,UPFC_Vse,5-15,0.06251104993504665,13,0.06154906690260654,MAP_PMU,107,0.0009619830324401127
5,UPFC_tse,5-15,-2.205888354486678,13,-2.152467191160125,MAP_PMU,107,0.05342116332655289
0,x_tcsc,1-14,-0.14711599509232784,14,-0.14029589612584978,MAP_PMU,107,0.006820098966478061
1,B_svc,2,0.3080635067176959,14,0.30588198279745255,MAP_PMU,107,0.0021815239202433445
2,UPFC_Vsh,5-15,1.1044637314791705,14,1.1048533329991541,MAP_PMU,107,0.0003896015199835734
3,UPFC_tsh,5-15,-0.22529924932018142,14,-0.2247138887988874,MAP_PMU,107,0.000585360521294015
4,UPFC_Vse,5-15,0.06248540586532945,14,0.06154906690260654,MAP_PMU,107,0.0009363389627229102
5,UPFC_tse,5-15,-2.1983786768698073,14,-2.152467191160125,MAP_PMU,107,0.045911485709682065
0,x_tcsc,1-14,-0.1470787369365414,15,-0.14029589612584978,MAP_PMU,107,0.006782840810691609
1,B_svc,2,0.30788013201250114,15,0.30588198279745255,MAP_PMU,107,0.0019981492150485947
2,UPFC_Vsh,5-15,1.1040994637202164,15,1.1048533329991541,MAP_PMU,107,0.0007538692789377244
3,UPFC_tsh,5-15,-0.22529037515255645,15,-0.2247138887988874,MAP_PMU,107,0.0005764863536690534
4,UPFC_Vse,5-15,0.06209422944295463,15,0.06154906690260654,MAP_PMU,107,0.0005451625403480945
5,UPFC_tse,5-15,-2.2006092390366963,15,-2.152467191160125,MAP_PMU,107,0.04814204787657106
0,x_tcsc,1-14,-0.14732448131415843,16,-0.14029589612584978,MAP_PMU,107,0.00702858518830865
1,B_svc,2,0.3083400072655478,16,0.30588198279745255,MAP_PMU,107,0.0024580244680952323
2,UPFC_Vsh,5-15,1.1038362493361895,16,1.1048533329991541,MAP_PMU,107,0.0010170836629646018
3,UPFC_tsh,5-15,-0.22540782067984388,16,-0.2247138887988874,MAP_PMU,107,0.0006939318809564832
4,UPFC_Vse,5-15,0.06324220952836047,16,0.06154906690260654,MAP_PMU,107,0.0016931426257539364
5,UPFC_tse,5-15,-2.199328667803364,16,-2.152467191160125,MAP_PMU,107,0.04686147664323892
0,x_tcsc,1-14,-0.14747193540429035,17,-0.14029589612584978,MAP_PMU,107,0.007176039278440571
1,B_svc,2,0.3079304014459834,17,0.30588198279745255,MAP_PMU,107,0.0020484186485308364
2,UPFC_Vsh,5-15,1.1038855680749484,17,1.1048533329991541,MAP_PMU,107,0.000967764924205694
3,UPFC_tsh,5-15,-0.22533911397980688,17,-0.2247138887988874,MAP_PMU,107,0.0006252251809194809
4,UPFC_Vse,5-15,0.06221823877039161,17,0.06154906690260654,MAP_PMU,107,0.0006691718677850692
5,UPFC_tse,5-15,-2.198079784674281,17,-2.152467191160125,MAP_PMU,107,0.04561259351415581
0,x_tcsc,1-14,-0.1477092362567574,18,-0.14029589612584978,MAP_PMU,107,0.007413340130907609
1,B_svc,2,0.30814685802318503,18,0.30588198279745255,MAP_PMU,107,0.002264875225732488
2,UPFC_Vsh,5-15,1.1035901161452013,18,1.1048533329991541,MAP_PMU,107,0.0012632168539528088
3,UPFC_tsh,5-15,-0.22536686371613132,18,-0.2247138887988874,MAP_PMU,107,0.0006529749172439203
4,UPFC_Vse,5-15,0.06257417931432285,18,0.06154906690260654,MAP_PMU,107,0.0010251124117163155
5,UPFC_tse,5-15,-2.211732041108332,18,-2.152467191160125,MAP_PMU,107,0.05926484994820669
0,x_tcsc,1-14,-0.14803893176150934,19,-0.14029589612584978,MAP_PMU,107,0.007743035635659562
1,B_svc,2,0.30745442824084934,19,0.30588198279745255,MAP_PMU,107,0.0015724454433967971
2,UPFC_Vsh,5-15,1.1038450383164178,19,1.1048533329991541,MAP_PMU,107,0.0010082946827363326
3,UPFC_tsh,5-15,-0.22534408768321235,19,-0.2247138887988874,MAP_PMU,107,0.0006301988843249451
4,UPFC_Vse,5-15,0.06273880900379618,19,0.06154906690260654,MAP_PMU,107,0.0011897421011896406
5,UPFC_tse,5-15,-2.203263445998597,19,-2.152467191160125,MAP_PMU,107,0.05079625483847172
0,x_tcsc,1-14,-0.14723342650413296,20,-0.14029589612584978,MAP_PMU,107,0.00693753037828318
1,B_svc,2,0.3077746038917744,20,0.30588198279745255,MAP_PMU,107,0.0018926210943218669
2,UPFC_Vsh,5-15,1.1047284016754662,20,1.1048533329991541,MAP_PMU,107,0.00012493132368796012
3,UPFC_tsh,5-15,-0.2252474345879045,20,-0.2247138887988874,MAP_PMU,107,0.000533545789017098
4,UPFC_Vse,5-15,0.0622205153008053,20,0.06154906690260654,MAP_PMU,107,0.0006714483981987637
5,UPFC_tse,5-15,-2.189834301063287,20,-2.152467191160125,MAP_PMU,107,0.03736710990316183
0,x_tcsc,1-14,-0.147645821111244,21,-0.14029589612584978,MAP_PMU,107,0.007349924985394218
1,B_svc,2,0.3076208981836779,21,0.30588198279745255,MAP_PMU,107,0.001738915386225337
2,UPFC_Vsh,5-15,1.1040720777581403,21,1.1048533329991541,MAP_PMU,107,0.0007812552410138007
3,UPFC_tsh,5-15,-0.22541472450957378,21,-0.2247138887988874,MAP_PMU,107,0.0007008357106863816
4,UPFC_Vse,5-15,0.06254395445086558,21,0.06154906690260654,MAP_PMU,107,0.0009948875482590422
5,UPFC_tse,5-15,-2.207522467500861,21,-2.152467191160125,MAP_PMU,107,0.055055276340735926
0,x_tcsc,1-14,-0.1474437463462345,22,-0.14029589612584978,MAP_PMU,107,0.007147850220384722
1,B_svc,2,0.30803611421210797,22,0.30588198279745255,MAP_PMU,107,0.0021541314146554247
2,UPFC_Vsh,5-15,1.1040059417718435,22,1.1048533329991541,MAP_PMU,107,0.0008473912273105899
3,UPFC_tsh,5-15,-0.22532826836714095,22,-0.2247138887988874,MAP_PMU,107,0.0006143795682535536
4,UPFC_Vse,5-15,0.062380335531578374,22,0.06154906690260654,MAP_PMU,107,0.000831268628971836
5,UPFC_tse,5-15,-2.1971016692713836,22,-2.152467191160125,MAP_PMU,107,0.044634478111258424
0,x_tcsc,1-14,-0.14842652735156192,23,-0.14029589612584978,MAP_PMU,107,0.008130631225712143
1,B_svc,2,0.30785075537262396,23,0.30588198279745255,MAP_PMU,107,0.001968772575171418
2,UPFC_Vsh,5-15,1.1035404241899076,23,1.1048533329991541,MAP_PMU,107,0.0013129088092465047
3,UPFC_tsh,5-15,-0.2253588591583731,23,-0.2247138887988874,MAP_PMU,107,0.0006449703594856859
4,UPFC_Vse,5-15,0.06292965170271336,23,0.06154906690260654,MAP_PMU,107,0.0013805848001068252
5,UPFC_tse,5-15,-2.202956098748978,23,-2.152467191160125,MAP_PMU,107,0.050488907588852605
0,x_tcsc,1-14,-0.14716704930187458,24,-0.14029589612584978,MAP_PMU,107,0.006871153176024797
1,B_svc,2,0.30793821885182154,24,0.30588198279745255,MAP_PMU,107,0.0020562360543689984
2,UPFC_Vsh,5-15,1.1039641556670783,24,1.1048533329991541,MAP_PMU,107,0.00088917733207583
3,UPFC_tsh,5-15,-0.22537936078070783,24,-0.2247138887988874,MAP_PMU,107,0.0006654719818204313
4,UPFC_Vse,5-15,0.06237969871141199,24,0.06154906690260654,MAP_PMU,107,0.0008306318088054515
5,UPFC_tse,5-15,-2.200894979000825,24,-2.152467191160125,MAP_PMU,107,0.04842778784070001
0,x_tcsc,1-14,-0.14734339824482232,25,-0.14029589612584978,MAP_PMU,107,0.007047502118972537
1,B_svc,2,0.30761698392646003,25,0.30588198279745255,MAP_PMU,107,0.0017350011290074852
2,UPFC_Vsh,5-15,1.1040954900212236,25,1.1048533329991541,MAP_PMU,107,0.0007578429779304674
3,UPFC_tsh,5-15,-0.22528096415442503,25,-0.2247138887988874,MAP_PMU,107,0.0005670753555376273
4,UPFC_Vse,5-15,0.06234456645607812,25,0.06154906690260654,MAP_PMU,107,0.0007954995534715792
5,UPFC_tse,5-15,-2.1956542909894794,25,-2.152467191160125,MAP_PMU,107,0.0431870998293542
0,x_tcsc,1-14,-0.1476881976531043,26,-0.14029589612584978,MAP_PMU,107,0.007392301527254508
1,B_svc,2,0.3081037381646565,26,0.30588198279745255,MAP_PMU,107,0.0022217553672039814
2,UPFC_Vsh,5-15,1.1041356124157669,26,1.1048533329991541,MAP_PMU,107,0.0007177205833872602
3,UPFC_tsh,5-15,-0.2253495243527579,26,-0.2247138887988874,MAP_PMU,107,0.0006356355538705005
4,UPFC_Vse,5-15,0.06248686132125325,26,0.06154906690260654,MAP_PMU,107,0.0009377944186467133
5,UPFC_tse,5-15,-2.197575367994104,26,-2.152467191160125,MAP_PMU,107,0.04510817683397894
0,x_tcsc,1-14,-0.14794491271426635,27,-0.14029589612584978,MAP_PMU,107,0.007649016588416574
1,B_svc,2,0.30833441871380945,27,0.30588198279745255,MAP_PMU,107,0.00245243591635691
2,UPFC_Vsh,5-15,1.1038894694277266,27,1.1048533329991541,MAP_PMU,107,0.0009638635714275257
3,UPFC_tsh,5-15,-0.22538494615921426,27,-0.2247138887988874,MAP_PMU,107,0.0006710573603268544
4,UPFC_Vse,5-15,0.06299192516936519,27,0.06154906690260654,MAP_PMU,107,0.001442858266758655
5,UPFC_tse,5-15,-2.203309639974545,27,-2.152467191160125,MAP_PMU,107,0.05084244881441968
0,x_tcsc,1-14,-0.14801258240352744,28,-0.14029589612584978,MAP_PMU,107,0.007716686277677659
1,B_svc,2,0.30774134639101763,28,0.30588198279745255,MAP_PMU,107,0.0018593635935650887
2,UPFC_Vsh,5-15,1.1037204751177927,28,1.1048533329991541,MAP_PMU,107,0.0011328578813614154
3,UPFC_tsh,5-15,-0.2254042559121899,28,-0.2247138887988874,MAP_PMU,107,0.0006903671133025036
4,UPFC_Vse,5-15,0.06287064523604922,28,0.06154906690260654,MAP_PMU,107,0.001321578333442687
5,UPFC_tse,5-15,-2.2081774879412115,28,-2.152467191160125,MAP_PMU,107,0.0557102967810863
0,x_tcsc,1-14,-0.14783205379762487,29,-0.14029589612584978,MAP_PMU,107,0.0075361576717750955
1,B_svc,2,0.30751319502388064,29,0.30588198279745255,MAP_PMU,107,0.0016312122264280915
2,UPFC_Vsh,5-15,1.103764356189758,29,1.1048533329991541,MAP_PMU,107,0.001088976809396014
3,UPFC_tsh,5-15,-0.22541807616918805,29,-0.2247138887988874,MAP_PMU,107,0.0007041873703006463
4,UPFC_Vse,5-15,0.06290206178905129,29,0.06154906690260654,MAP_PMU,107,0.0013529948864447541
5,UPFC_tse,5-15,-2.212908910852338,29,-2.152467191160125,MAP_PMU,107,0.0604417196922129
0,x_tcsc,1-14,-0.14786795793139618,30,-0.14029589612584978,MAP_PMU,107,0.007572061805546398
1,B_svc,2,0.30713292661254193,30,0.30588198279745255,MAP_PMU,107,0.0012509438150893892
2,UPFC_Vsh,5-15,1.1039293980267595,30,1.1048533329991541,MAP_PMU,107,0.0009239349723946244
3,UPFC_tsh,5-15,-0.22534451980049597,30,-0.2247138887988874,MAP_PMU,107,0.000630631001608567
4,UPFC_Vse,5-15,0.062316241080524644,30,0.06154906690260654,MAP_PMU,107,0.0007671741779181063
5,UPFC_tse,5-15,-2.1974880720583028,30,-2.152467191160125,MAP_PMU,107,0.04502088089817757
0,x_tcsc,1-14,-0.14742245027098097,31,-0.14029589612584978,MAP_PMU,107,0.007126554145131192
1,B_svc,2,0.3079286281669756,31,0.30588198279745255,MAP_PMU,107,0.002046645369523037
2,UPFC_Vsh,5-15,1.1041491588537082,31,1.1048533329991541,MAP_PMU,107,0.0007041741454458794
3,UPFC_tsh,5-15,-0.22532186255303546,31,-0.2247138887988874,MAP_PMU,107,0.0006079737541480612
4,UPFC_Vse,5-15,0.062388838998963685,31,0.06154906690260654,MAP_PMU,107,0.000839772096357147
5,UPFC_tse,5-15,-2.19977850392377,31,-2.152467191160125,MAP_PMU,107,0.047311312763644864
0,x_tcsc,1-14,-0.14845727959836466,32,-0.14029589612584978,MAP_PMU,107,0.008161383472514883
1,B_svc,2,0.30747638213025213,32,0.30588198279745255,MAP_PMU,107,0.0015943993327995898
2,UPFC_Vsh,5-15,1.1037871019631051,32,1.1048533329991541,MAP_PMU,107,0.0010662310360489702
3,UPFC_tsh,5-15,-0.22536841384037418,32,-0.2247138887988874,MAP_PMU,107,0.0006545250414867754
4,UPFC_Vse,5-15,0.06217294125707155,32,0.06154906690260654,MAP_PMU,107,0.0006238743544650094
5,UPFC_tse,5-15,-2.204401869052185,32,-2.152467191160125,MAP_PMU,107,0.051934677892059966
0,x_tcsc,1-14,-0.14778548950414777,33,-0.14029589612584978,MAP_PMU,107,0.007489593378297993
1,B_svc,2,0.3080944464050944,33,0.30588198279745255,MAP_PMU,107,0.002212463607641879
2,UPFC_Vsh,5-15,1.1037622649065388,33,1.1048533329991541,MAP_PMU,107,0.0010910680926152772
3,UPFC_tsh,5-15,-0.22531587119425178,33,-0.2247138887988874,MAP_PMU,107,0.000601982395364381
4,UPFC_Vse,5-15,0.062448811220320914,33,0.06154906690260654,MAP_PMU,107,0.0008997443177143766
5,UPFC_tse,5-15,-2.207290753001505,33,-2.152467191160125,MAP_PMU,107,0.05482356184137993
0,x_tcsc,1-14,-0.14830084214876124,34,-0.14029589612584978,MAP_PMU,107,0.008004946022911463
1,B_svc,2,0.3073546098796724,34,0.30588198279745255,MAP_PMU,107,0.0014726270822198462
2,UPFC_Vsh,5-15,1.103706351766955,34,1.1048533329991541,MAP_PMU,107,0.0011469812321991402
3,UPFC_tsh,5-15,-0.2253180724511748,34,-0.2247138887988874,MAP_PMU,107,0.0006041836522873989
4,UPFC_Vse,5-15,0.062330565985948064,34,0.06154906690260654,MAP_PMU,107,0.0007814990833415261
5,UPFC_tse,5-15,-2.1987536378874153,34,-2.152467191160125,MAP_PMU,107,0.0462864467272901
0,x_tcsc,1-14,-0.14725618176896088,35,-0.14029589612584978,MAP_PMU,107,0.006960285643111103
1,B_svc,2,0.3078708767211713,35,0.30588198279745255,MAP_PMU,107,0.0019888939237187597
2,UPFC_Vsh,5-15,1.1046169445518474,35,1.1048533329991541,MAP_PMU,107,0.00023638844730666797
3,UPFC_tsh,5-15,-0.22527448980869627,35,-0.2247138887988874,MAP_PMU,107,0.0005606010098088698
4,UPFC_Vse,5-15,0.062343517260027896,35,0.06154906690260654,MAP_PMU,107,0.0007944503574213585
5,UPFC_tse,5-15,-2.2052194176563287,35,-2.152467191160125,MAP_PMU,107,0.05275222649620348
0,x_tcsc,1-14,-0.14681627026663058,36,-0.14029589612584978,MAP_PMU,107,0.006520374140780799
1,B_svc,2,0.3075636550270023,36,0.30588198279745255,MAP_PMU,107,0.0016816722295497355
2,UPFC_Vsh,5-15,1.1044093473383805,36,1.1048533329991541,MAP_PMU,107,0.0004439856607736381
3,UPFC_tsh,5-15,-0.2252790360787774,36,-0.2247138887988874,MAP_PMU,107,0.0005651472798899881
4,UPFC_Vse,5-15,0.0624712149537724,36,0.06154906690260654,MAP_PMU,107,0.0009221480511658608
5,UPFC_tse,5-15,-2.198667619709682,36,-2.152467191160125,MAP_PMU,107,0.04620042854955697
0,x_tcsc,1-14,-0.14729313002486896,37,-0.14029589612584978,MAP_PMU,107,0.006997233899019184
1,B_svc,2,0.3077641489383561,37,0.30588198279745255,MAP_PMU,107,0.0018821661409035295
2,UPFC_Vsh,5-15,1.1048137802784592,37,1.1048533329991541,MAP_PMU,107,3.955272069489091e-05
3,UPFC_tsh,5-15,-0.22523472237904216,37,-0.2247138887988874,MAP_PMU,107,0.0005208335801547559
4,UPFC_Vse,5-15,0.06155316701837855,37,0.06154906690260654,MAP_PMU,107,4.100115772009971e-06
5,UPFC_tse,5-15,-2.187086116286837,37,-2.152467191160125,MAP_PMU,107,0.03461892512671172
0,x_tcsc,1-14,-0.14767246499575556,38,-0.14029589612584978,MAP_PMU,107,0.007376568869905786
1,B_svc,2,0.307761972890557,38,0.30588198279745255,MAP_PMU,107,0.0018799900931044666
2,UPFC_Vsh,5-15,1.1042999672457918,38,1.1048533329991541,MAP_PMU,107,0.0005533657533622893
3,UPFC_tsh,5-15,-0.22532340149929392,38,-0.2247138887988874,MAP_PMU,107,0.0006095127004065171
4,UPFC_Vse,5-15,0.062382504000548074,38,0.06154906690260654,MAP_PMU,107,0.0008334370979415362
5,UPFC_tse,5-15,-2.195947373038353,38,-2.152467191160125,MAP_PMU,107,0.043480181878227775
0,x_tcsc,1-14,-0.1471759228496017,39,-0.14029589612584978,MAP_PMU,107,0.006880026723751931
1,B_svc,2,0.3081778907137519,39,0.30588198279745255,MAP_PMU,107,0.0022959079162993556
2,UPFC_Vsh,5-15,1.104313266364424,39,1.1048533329991541,MAP_PMU,107,0.000540066634730163
3,UPFC_tsh,5-15,-0.22527243375356512,39,-0.2247138887988874,MAP_PMU,107,0.0005585449546777199
4,UPFC_Vse,5-15,0.06192051355276411,39,0.06154906690260654,MAP_PMU,107,0.0003714466501575711
5,UPFC_tse,5-15,-2.1880273733149895,39,-2.152467191160125,MAP_PMU,107,0.03556018215486434
0,x_tcsc,1-14,-0.1469889633232667,40,-0.14029589612584978,MAP_PMU,107,0.006693067197416913
1,B_svc,2,0.3076216030071102,40,0.30588198279745255,MAP_PMU,107,0.0017396202096576774
2,UPFC_Vsh,5-15,1.1040282410979558,40,1.1048533329991541,MAP_PMU,107,0.0008250919011982827
3,UPFC_tsh,5-15,-0.2252824706353723,40,-0.2247138887988874,MAP_PMU,107,0.0005685818364848938
4,UPFC_Vse,5-15,0.06261283048947279,40,0.06154906690260654,MAP_PMU,107,0.0010637635868662523
5,UPFC_tse,5-15,-2.2060175371846955,40,-2.152467191160125,MAP_PMU,107,0.05355034602457032
0,x_tcsc,1-14,-0.14816220863774582,41,-0.14029589612584978,MAP_PMU,107,0.00786631251189604
1,B_svc,2,0.3082169410177934,41,0.30588198279745255,MAP_PMU,107,0.0023349582203408548
2,UPFC_Vsh,5-15,1.103789320311914,41,1.1048533329991541,MAP_PMU,107,0.0010640126872401012
3,UPFC_tsh,5-15,-0.2254130879416663,41,-0.2247138887988874,MAP_PMU,107,0.0006991991427789113
4,UPFC_Vse,5-15,0.06269083300586034,41,0.06154906690260654,MAP_PMU,107,0.0011417661032538037
5,UPFC_tse,5-15,-2.210040103185505,41,-2.152467191160125,MAP_PMU,107,0.05757291202537962
0,x_tcsc,1-14,-0.1476712448781049,42,-0.14029589612584978,MAP_PMU,107,0.007375348752255123
1,B_svc,2,0.30770649796583693,42,0.30588198279745255,MAP_PMU,107,0.0018245151683843885
2,UPFC_Vsh,5-15,1.1040245407970442,42,1.1048533329991541,MAP_PMU,107,0.0008287922021099625
3,UPFC_tsh,5-15,-0.22532251639380443,42,-0.2247138887988874,MAP_PMU,107,0.0006086275949170328
4,UPFC_Vse,5-15,0.06248699818262126,42,0.06154906690260654,MAP_PMU,107,0.0009379312800147227
5,UPFC_tse,5-15,-2.196080346123375,42,-2.152467191160125,MAP_PMU,107,0.04361315496324991
0,x_tcsc,1-14,-0.14738517347341354,43,-0.14029589612584978,MAP_PMU,107,0.0070892773475637605
1,B_svc,2,0.30732710723445195,43,0.30588198279745255,MAP_PMU,107,0.001445124436999401
2,UPFC_Vsh,5-15,1.1042028534183865,43,1.1048533329991541,MAP_PMU,107,0.0006504795807675823
3,UPFC_tsh,5-15,-0.22527533788192736,43,-0.2247138887988874,MAP_PMU,107,0.0005614490830399554
4,UPFC_Vse,5-15,0.06241011965815201,43,0.06154906690260654,MAP_PMU,107,0.0008610527555454744
5,UPFC_tse,5-15,-2.19193172598356,43,-2.152467191160125,MAP_PMU,107,0.039464534823434594
0,x_tcsc,1-14,-0.14751268806281187,44,-0.14029589612584978,MAP_PMU,107,0.007216791936962091
1,B_svc,2,0.3075819324976629,44,0.30588198279745255,MAP_PMU,107,0.001699949700210368
2,UPFC_Vsh,5-15,1.1040453469800509,44,1.1048533329991541,MAP_PMU,107,0.0008079860191032573
3,UPFC_tsh,5-15,-0.2253657423924008,44,-0.2247138887988874,MAP_PMU,107,0.0006518535935133851
4,UPFC_Vse,5-15,0.06240329636971814,44,0.06154906690260654,MAP_PMU,107,0.0008542294671116044
5,UPFC_tse,5-15,-2.200472597584907,44,-2.152467191160125,MAP_PMU,107,0.04800540642478168
0,x_tcsc,1-14,-0.14731212487136827,45,-0.14029589612584978,MAP_PMU,107,0.0070162287455184935
1,B_svc,2,0.30796817491547035,45,0.30588198279745255,MAP_PMU,107,0.0020861921180178045
2,UPFC_Vsh,5-15,1.1044548202524616,45,1.1048533329991541,MAP_PMU,107,0.00039851274669255865
3,UPFC_tsh,5-15,-0.2252745474851662,45,-0.2247138887988874,MAP_PMU,107,0.0005606586862788032
4,UPFC_Vse,5-15,0.06203639359411346,45,0.06154906690260654,MAP_PMU,107,0.00048732669150692437
5,UPFC_tse,5-15,-2.188565496514071,45,-2.152467191160125,MAP_PMU,107,0.03609830535394565
0,x_tcsc,1-14,-0.14735798270099257,46,-0.14029589612584978,MAP_PMU,107,0.00706208657514279
1,B_svc,2,0.3079140453930685,46,0.30588198279745255,MAP_PMU,107,0.0020320625956159466
2,UPFC_Vsh,5-15,1.1044993835075112,46,1.1048533329991541,MAP_PMU,107,0.0003539494916429131
3,UPFC_tsh,5-15,-0.2251750303175148,46,-0.2247138887988874,MAP_PMU,107,0.0004611415186273893
4,UPFC_Vse,5-15,0.06217588208304004,46,0.06154906690260654,MAP_PMU,107,0.0006268151804335043
5,UPFC_tse,5-15,-2.187541875840025,46,-2.152467191160125,MAP_PMU,107,0.035074684679899715
0,x_tcsc,1-14,-0.14738626379090872,47,-0.14029589612584978,MAP_PMU,107,0.007090367665058939
1,B_svc,2,0.30785111220488914,47,0.30588198279745255,MAP_PMU,107,0.0019691294074365984
2,UPFC_Vsh,5-15,1.103870716445412,47,1.1048533329991541,MAP_PMU,107,0.0009826165537420994
3,UPFC_tsh,5-15,-0.2252722492633392,47,-0.2247138887988874,MAP_PMU,107,0.0005583604644517903
4,UPFC_Vse,5-15,0.062187486379820606,47,0.06154906690260654,MAP_PMU,107,0.000638419477214068
5,UPFC_tse,5-15,-2.1870632066213926,47,-2.152467191160125,MAP_PMU,107,0.03459601546126745
0,x_tcsc,1-14,-0.14768667118049073,48,-0.14029589612584978,MAP_PMU,107,0.007390775054640947
1,B_svc,2,0.30776216969432013,48,0.30588198279745255,MAP_PMU,107,0.0018801868968675861
2,UPFC_Vsh,5-15,1.1036369211771817,48,1.1048533329991541,MAP_PMU,107,0.0012164118219724074
3,UPFC_tsh,5-15,-0.2254742212177032,48,-0.2247138887988874,MAP_PMU,107,0.0007603324188157901
4,UPFC_Vse,5-15,0.06266573142271867,48,0.06154906690260654,MAP_PMU,107,0.0011166645201121303
5,UPFC_tse,5-15,-2.206709342578992,48,-2.152467191160125,MAP_PMU,107,0.05424215141886668
0,x_tcsc,1-14,-0.1472488105027358,49,-0.14029589612584978,MAP_PMU,107,0.006952914376886027
1,B_svc,2,0.30722823209949446,49,0.30588198279745255,MAP_PMU,107,0.001346249302041913
2,UPFC_Vsh,5-15,1.104451696216705,49,1.1048533329991541,MAP_PMU,107,0.0004016367824490885
3,UPFC_tsh,5-15,-0.22529791463740015,49,-0.2247138887988874,MAP_PMU,107,0.0005840258385127473
4,UPFC_Vse,5-15,0.06246394490853426,49,0.06154906690260654,MAP_PMU,107,0.0009148780059277245
5,UPFC_tse,5-15,-2.2002578617636352,49,-2.152467191160125,MAP_PMU,107,0.047790670603510055
0,x_tcsc,1-14,-0.14772106986184944,50,-0.14029589612584978,MAP_PMU,107,0.007425173735999657
1,B_svc,2,0.3076391922197373,50,0.30588198279745255,MAP_PMU,107,0.0017572094222847445
2,UPFC_Vsh,5-15,1.1043720968267285,50,1.1048533329991541,MAP_PMU,107,0.0004812361724255698
3,UPFC_tsh,5-15,-0.22531961774250492,50,-0.2247138887988874,MAP_PMU,107,0.0006057289436175173
4,UPFC_Vse,5-15,0.062308514998333675,50,0.06154906690260654,MAP_PMU,107,0.0007594480957271374
5,UPFC_tse,5-15,-2.192187873034326,50,-2.152467191160125,MAP_PMU,107,0.039720681874200636
0,x_tcsc,1-14,-0.14728689840746248,51,-0.14029589612584978,MAP_PMU,107,0.0069910022816127015
1,B_svc,2,0.3079405558642999,51,0.30588198279745255,MAP_PMU,107,0.002058573066847369
2,UPFC_Vsh,5-15,1.103997398245015,51,1.1048533329991541,MAP_PMU,107,0.0008559347541390316
3,UPFC_tsh,5-15,-0.22527900973082518,51,-0.2247138887988874,MAP_PMU,107,0.0005651209319377792
4,UPFC_Vse,5-15,0.06251475019003495,51,0.06154906690260654,MAP_PMU,107,0.0009656832874284163
5,UPFC_tse,5-15,-2.1959744777687997,51,-2.152467191160125,MAP_PMU,107,0.043507286608674534
0,x_tcsc,1-14,-0.14838834720858476,52,-0.14029589612584978,MAP_PMU,107,0.008092451082734986
1,B_svc,2,0.3081960093761997,52,0.30588198279745255,MAP_PMU,107,0.0023140265787471304
2,UPFC_Vsh,5-15,1.1030488480625444,52,1.1048533329991541,MAP_PMU,107,0.0018044849366096738
3,UPFC_tsh,5-15,-0.2254632177364132,52,-0.2247138887988874,MAP_PMU,107,0.0007493289375258005
4,UPFC_Vse,5-15,0.06295574402168017,52,0.06154906690260654,MAP_PMU,107,0.001406677119073628
5,UPFC_tse,5-15,-2.2152027091166953,52,-2.152467191160125,MAP_PMU,107,0.06273551795657006
0,x_tcsc,1-14,-0.14712045290806527,53,-0.14029589612584978,MAP_PMU,107,0.006824556782215496
1,B_svc,2,0.30827185697933857,53,0.30588198279745255,MAP_PMU,107,0.0023898741818860203
2,UPFC_Vsh,5-15,1.1042994903261445,53,1.1048533329991541,MAP_PMU,107,0.0005538426730096191
3,UPFC_tsh,5-15,-0.22537598043904478,53,-0.2247138887988874,MAP_PMU,107,0.0006620916401573751
4,UPFC_Vse,5-15,0.06280498776580959,53,0.06154906690260654,MAP_PMU,107,0.0012559208632030514
5,UPFC_tse,5-15,-2.202575794630633,53,-2.152467191160125,MAP_PMU,107,0.05010860347050761
0,x_tcsc,1-14,-0.14826214003666402,54,-0.14029589612584978,MAP_PMU,107,0.007966243910814241
1,B_svc,2,0.30808622908943833,54,0.30588198279745255,MAP_PMU,107,0.0022042462919857897
2,UPFC_Vsh,5-15,1.1036726157758792,54,1.1048533329991541,MAP_PMU,107,0.0011807172232749519
3,UPFC_tsh,5-15,-0.225410722293129,54,-0.2247138887988874,MAP_PMU,107,0.0006968334942415999
4,UPFC_Vse,5-15,0.06279553505573762,54,0.06154906690260654,MAP_PMU,107,0.0012464681531310848
5,UPFC_tse,5-15,-2.20024120147007,54,-2.152467191160125,MAP_PMU,107,0.04777401030994488
0,x_tcsc,1-14,-0.14800043778471275,55,-0.14029589612584978,MAP_PMU,107,0.007704541658862973
1,B_svc,2,0.3083907286185058,55,0.30588198279745255,MAP_PMU,107,0.00250874582105326
2,UPFC_Vsh,5-15,1.1037242515491128,55,1.1048533329991541,MAP_PMU,107,0.0011290814500413138
3,UPFC_tsh,5-15,-0.22544226518234922,55,-0.2247138887988874,MAP_PMU,107,0.0007283763834618207
4,UPFC_Vse,5-15,0.06278404708124502,55,0.06154906690260654,MAP_PMU,107,0.0012349801786384826
5,UPFC_tse,5-15,-2.199870851494331,55,-2.152467191160125,MAP_PMU,107,0.04740366033420562
0,x_tcsc,1-14,-0.1473305240957621,56,-0.14029589612584978,MAP_PMU,107,0.007034627969912333
1,B_svc,2,0.30787257627276604,56,0.30588198279745255,MAP_PMU,107,0.0019905934753134957
2,UPFC_Vsh,5-15,1.1040975922381868,56,1.1048533329991541,MAP_PMU,107,0.0007557407609672939
3,UPFC_tsh,5-15,-0.22528988415871487,56,-0.2247138887988874,MAP_PMU,107,0.0005759953598274692
4,UPFC_Vse,5-15,0.062443872939557075,56,0.06154906690260654,MAP_PMU,107,0.0008948060369505378
5,UPFC_tse,5-15,-2.1951686429563204,56,-2.152467191160125,MAP_PMU,107,0.04270145179619522
0,x_tcsc,1-14,-0.1472291772636384,57,-0.14029589612584978,MAP_PMU,107,0.006933281137788627
1,B_svc,2,0.3074791152835142,57,0.30588198279745255,MAP_PMU,107,0.0015971324860616365
2,UPFC_Vsh,5-15,1.1042947923595154,57,1.1048533329991541,MAP_PMU,107,0.0005585406396386716
3,UPFC_tsh,5-15,-0.2252498321624477,57,-0.2247138887988874,MAP_PMU,107,0.0005359433635603039
4,UPFC_Vse,5-15,0.06193146311759626,57,0.06154906690260654,MAP_PMU,107,0.0003823962149897206
5,UPFC_tse,5-15,-2.194067025368252,57,-2.152467191160125,MAP_PMU,107,0.04159983420812674
0,x_tcsc,1-14,-0.14736021494874224,58,-0.14029589612584978,MAP_PMU,107,0.0070643188228924625
1,B_svc,2,0.30803679707748605,58,0.30588198279745255,MAP_PMU,107,0.0021548142800335013
2,UPFC_Vsh,5-15,1.1036981871242246,58,1.1048533329991541,MAP_PMU,107,0.0011551458749294863
3,UPFC_tsh,5-15,-0.22535596584981768,58,-0.2247138887988874,MAP_PMU,107,0.0006420770509302787
4,UPFC_Vse,5-15,0.06302402929785282,58,0.06154906690260654,MAP_PMU,107,0.0014749623952462834
5,UPFC_tse,5-15,-2.198711597713642,58,-2.152467191160125,MAP_PMU,107,0.046244406553516804
0,x_tcsc,1-14,-0.1473453788409917,59,-0.14029589612584978,MAP_PMU,107,0.007049482715141914
1,B_svc,2,0.30739896677081113,59,0.30588198279745255,MAP_PMU,107,0.0015169839733585877
2,UPFC_Vsh,5-15,1.1039273210415173,59,1.1048533329991541,MAP_PMU,107,0.0009260119576368631
3,UPFC_tsh,5-15,-0.22538105778790457,59,-0.2247138887988874,MAP_PMU,107,0.0006671689890171695
4,UPFC_Vse,5-15,0.06252191142590363,59,0.06154906690260654,MAP_PMU,107,0.0009728445232970936
5,UPFC_tse,5-15,-2.194564389611298,59,-2.152467191160125,MAP_PMU,107,0.04209719845117288
0,x_tcsc,1-14,-0.1474660243176749,60,-0.14029589612584978,MAP_PMU,107,0.007170128191825109
1,B_svc,2,0.3080595183949643,60,0.30588198279745255,MAP_PMU,107,0.0021775355975117705
2,UPFC_Vsh,5-15,1.1039513541341612,60,1.1048533329991541,MAP_PMU,107,0.0009019788649928806
3,UPFC_tsh,5-15,-0.2252652428973587,60,-0.2247138887988874,MAP_PMU,107,0.0005513540984712906
4,UPFC_Vse,5-15,0.0624400696979565,60,0.06154906690260654,MAP_PMU,107,0.0008910027953499614
5,UPFC_tse,5-15,-2.1951740454923665,60,-2.152467191160125,MAP_PMU,107,0.042706854332241306
0,x_tcsc,1-14,-0.14702269429184336,61,-0.14029589612584978,MAP_PMU,107,0.006726798165993586
1,B_svc,2,0.3084423490508989,61,0.30588198279745255,MAP_PMU,107,0.0025603662534463556
2,UPFC_Vsh,5-15,1.1042163229943878,61,1.1048533329991541,MAP_PMU,107,0.0006370100047663474
3,UPFC_tsh,5-15,-0.2254064949944799,61,-0.2247138887988874,MAP_PMU,107,0.0006926061955924989
4,UPFC_Vse,5-15,0.06277768267637333,61,0.06154906690260654,MAP_PMU,107,0.001228615773766796
5,UPFC_tse,5-15,-2.2058067001849553,61,-2.152467191160125,MAP_PMU,107,0.05333950902483009
0,x_tcsc,1-14,-0.14787403957537223,62,-0.14029589612584978,MAP_PMU,107,0.0075781434495224564
1,B_svc,2,0.3079819035247391,62,0.30588198279745255,MAP_PMU,107,0.0020999207272865417
2,UPFC_Vsh,5-15,1.1042995975107917,62,1.1048533329991541,MAP_PMU,107,0.0005537354883624612
3,UPFC_tsh,5-15,-0.22527957364201368,62,-0.2247138887988874,MAP_PMU,107,0.000565684843126274
4,UPFC_Vse,5-15,0.06177202611995341,62,0.06154906690260654,MAP_PMU,107,0.0002229592173468714
5,UPFC_tse,5-15,-2.197737900669979,62,-2.152467191160125,MAP_PMU,107,0.0452707095098539
0,x_tcsc,1-14,-0.1477635848432171,63,-0.14029589612584978,MAP_PMU,107,0.007467688717367332
1,B_svc,2,0.3081602841840712,63,0.30588198279745255,MAP_PMU,107,0.002278301386618664
2,UPFC_Vsh,5-15,1.1039987475691002,63,1.1048533329991541,MAP_PMU,107,0.0008545854300539002
3,UPFC_tsh,5-15,-0.22531152686702957,63,-0.2247138887988874,MAP_PMU,107,0.00059763806814217
4,UPFC_Vse,5-15,0.06215334365310543,63,0.06154906690260654,MAP_PMU,107,0.000604276750498893
5,UPFC_tse,5-15,-2.2071536926998285,63,-2.152467191160125,MAP_PMU,107,0.054686501539703336
0,x_tcsc,1-14,-0.14752089442159086,64,-0.14029589612584978,MAP_PMU,107,0.007224998295741081
1,B_svc,2,0.3079248063427942,64,0.30588198279745255,MAP_PMU,107,0.002042823545341632
2,UPFC_Vsh,5-15,1.1039176348150348,64,1.1048533329991541,MAP_PMU,107,0.0009356981841193157
3,UPFC_tsh,5-15,-0.22537179848605973,64,-0.2247138887988874,MAP_PMU,107,0.0006579096871723311
4,UPFC_Vse,5-15,0.0627197491853314,64,0.06154906690260654,MAP_PMU,107,0.0011706822827248567
5,UPFC_tse,5-15,-2.2029995632333472,64,-2.152467191160125,MAP_PMU,107,0.05053237207322203
0,x_tcsc,1-14,-0.1474777824743014,65,-0.14029589612584978,MAP_PMU,107,0.007181886348451627
1,B_svc,2,0.307735855526064,65,0.30588198279745255,MAP_PMU,107,0.0018538727286114276
2,UPFC_Vsh,5-15,1.1042846284508416,65,1.1048533329991541,MAP_PMU,107,0.000568704548312482
3,UPFC_tsh,5-15,-0.22527456646701155,65,-0.2247138887988874,MAP_PMU,107,0.0005606776681241488
4,UPFC_Vse,5-15,0.06239717246179515,65,0.06154906690260654,MAP_PMU,107,0.0008481055591886139
5,UPFC_tse,5-15,-2.1935127311131977,65,-2.152467191160125,MAP_PMU,107,0.041045539953072474
0,x_tcsc,1-14,-0.14795880259615315,66,-0.14029589612584978,MAP_PMU,107,0.007662906470303377
1,B_svc,2,0.3080348970368433,66,0.30588198279745255,MAP_PMU,107,0.0021529142393907352
2,UPFC_Vsh,5-15,1.1037777979218761,66,1.1048533329991541,MAP_PMU,107,0.0010755350772779781
3,UPFC_tsh,5-15,-0.22536427173927667,66,-0.2247138887988874,MAP_PMU,107,0.0006503829403892714
4,UPFC_Vse,5-15,0.06263758912833216,66,0.06154906690260654,MAP_PMU,107,0.0010885222257256202
5,UPFC_tse,5-15,-2.1980867233417927,66,-2.152467191160125,MAP_PMU,107,0.04561953218166748
0,x_tcsc,1-14,-0.1477404208546773,67,-0.14029589612584978,MAP_PMU,107,0.007444524728827534
1,B_svc,2,0.30816587493857767,67,0.30588198279745255,MAP_PMU,107,0.002283892141125121
2,UPFC_Vsh,5-15,1.1039608136162438,67,1.1048533329991541,MAP_PMU,107,0.0008925193829103506
3,UPFC_tsh,5-15,-0.2254176489437714,67,-0.2247138887988874,MAP_PMU,107,0.0007037601448839914
4,UPFC_Vse,5-15,0.06319323895893506,67,0.06154906690260654,MAP_PMU,107,0.0016441720563285175
5,UPFC_tse,5-15,-2.2116940006763954,67,-2.152467191160125,MAP_PMU,107,0.05922680951627024
0,x_tcsc,1-14,-0.1467319671630067,68,-0.14029589612584978,MAP_PMU,107,0.006436071037156932
1,B_svc,2,0.3084483990086022,68,0.30588198279745255,MAP_PMU,107,0.002566416211149669
2,UPFC_Vsh,5-15,1.1043300833447687,68,1.1048533329991541,MAP_PMU,107,0.0005232496543854381
3,UPFC_tsh,5-15,-0.22528680975967932,68,-0.2247138887988874,MAP_PMU,107,0.0005729209607919228
4,UPFC_Vse,5-15,0.06270666018529698,68,0.06154906690260654,MAP_PMU,107,0.0011575932826904459
5,UPFC_tse,5-15,-2.1963320398437234,68,-2.152467191160125,MAP_PMU,107,0.04386484868359819
0,x_tcsc,1-14,-0.14769572844734527,69,-0.14029589612584978,MAP_PMU,107,0.007399832321495492
1,B_svc,2,0.308377430139169,69,0.30588198279745255,MAP_PMU,107,0.0024954473417164724
2,UPFC_Vsh,5-15,1.103868939741515,69,1.1048533329991541,MAP_PMU,107,0.0009843932576392156
3,UPFC_tsh,5-15,-0.22535879906103318,69,-0.2247138887988874,MAP_PMU,107,0.0006449102621457758
4,UPFC_Vse,5-15,0.062170153624829166,69,0.06154906690260654,MAP_PMU,107,0.0006210867222226288
5,UPFC_tse,5-15,-2.196740010259367,69,-2.152467191160125,MAP_PMU,107,0.044272819099241634
0,x_tcsc,1-14,-0.14774058403025525,70,-0.14029589612584978,MAP_PMU,107,0.007444687904405473
1,B_svc,2,0.30836456670110673,70,0.30588198279745255,MAP_PMU,107,0.0024825839036541897
2,UPFC_Vsh,5-15,1.1041000474845402,70,1.1048533329991541,MAP_PMU,107,0.000753285514613955
3,UPFC_tsh,5-15,-0.2253660811710185,70,-0.2247138887988874,MAP_PMU,107,0.0006521923721310996
4,UPFC_Vse,5-15,0.06252666913653747,70,0.06154906690260654,MAP_PMU,107,0.0009776022339309312
5,UPFC_tse,5-15,-2.200003802240928,70,-2.152467191160125,MAP_PMU,107,0.04753661108080287
0,x_tcsc,1-14,-0.14850449705020577,71,-0.14029589612584978,MAP_PMU,107,0.008208600924355991
1,B_svc,2,0.3076135025037794,71,0.30588198279745255,MAP_PMU,107,0.001731519706326845
2,UPFC_Vsh,5-15,1.1040286581272116,71,1.1048533329991541,MAP_PMU,107,0.0008246748719424879
3,UPFC_tsh,5-15,-0.22537193656040425,71,-0.2247138887988874,MAP_PMU,107,0.0006580477615168445
4,UPFC_Vse,5-15,0.06224825405889077,71,0.06154906690260654,MAP_PMU,107,0.0006991871562842325
5,UPFC_tse,5-15,-2.2025852128807397,71,-2.152467191160125,MAP_PMU,107,0.050118021720614525
0,x_tcsc,1-14,-0.14692330444460727,72,-0.14029589612584978,MAP_PMU,107,0.006627408318757494
1,B_svc,2,0.30774147142071917,72,0.30588198279745255,MAP_PMU,107,0.0018594886232666252
2,UPFC_Vsh,5-15,1.1045988750446172,72,1.1048533329991541,MAP_PMU,107,0.0002544579545369352
3,UPFC_tsh,5-15,-0.22519153439369202,72,-0.2247138887988874,MAP_PMU,107,0.000477645594804621
4,UPFC_Vse,5-15,0.061957832638176905,72,0.06154906690260654,MAP_PMU,107,0.00040876573557036694
5,UPFC_tse,5-15,-2.1898935731247153,72,-2.152467191160125,MAP_PMU,107,0.03742638196459014
0,x_tcsc,1-14,-0.14806615921224073,73,-0.14029589612584978,MAP_PMU,107,0.007770263086390949
1,B_svc,2,0.3076730675464847,73,0.30588198279745255,MAP_PMU,107,0.001791084749032168
2,UPFC_Vsh,5-15,1.1037866260795468,73,1.1048533329991541,MAP_PMU,107,0.0010667069196073076
3,UPFC_tsh,5-15,-0.22537942417229367,73,-0.2247138887988874,MAP_PMU,107,0.000665535373406273
4,UPFC_Vse,5-15,0.0627656450112704,73,0.06154906690260654,MAP_PMU,107,0.0012165781086638586
5,UPFC_tse,5-15,-2.1988687103840454,73,-2.152467191160125,MAP_PMU,107,0.04640151922392022
0,x_tcsc,1-14,-0.1473599975667439,74,-0.14029589612584978,MAP_PMU,107,0.007064101440894116
1,B_svc,2,0.30798101386144805,74,0.30588198279745255,MAP_PMU,107,0.0020990310639955045
2,UPFC_Vsh,5-15,1.1037440085433974,74,1.1048533329991541,MAP_PMU,107,0.0011093244557567328
3,UPFC_tsh,5-15,-0.22535413564609774,74,-0.2247138887988874,MAP_PMU,107,0.0006402468472103406
4,UPFC_Vse,5-15,0.0629240381394411,74,0.06154906690260654,MAP_PMU,107,0.0013749712368345615
5,UPFC_tse,5-15,-2.2087816930117192,74,-2.152467191160125,MAP_PMU,107,0.056314501851594034
0,x_tcsc,1-14,-0.14757052676783816,75,-0.14029589612584978,MAP_PMU,107,0.007274630641988383
1,B_svc,2,0.30862770595595435,75,0.30588198279745255,MAP_PMU,107,0.0027457231585018005
2,UPFC_Vsh,5-15,1.1039907040281438,75,1.1048533329991541,MAP_PMU,107,0.0008626289710103041
3,UPFC_tsh,5-15,-0.22536133798651098,75,-0.2247138887988874,MAP_PMU,107,0.0006474491876235777
4,UPFC_Vse,5-15,0.06250663763884877,75,0.06154906690260654,MAP_PMU,107,0.0009575707362422317
5,UPFC_tse,5-15,-2.2053833422411784,75,-2.152467191160125,MAP_PMU,107,0.05291615108105319
0,x_tcsc,1-14,-0.1473197231343625,76,-0.14029589612584978,MAP_PMU,107,0.0070238270085127286
1,B_svc,2,0.30804583061939134,76,0.30588198279745255,MAP_PMU,107,0.0021638478219387913
2,UPFC_Vsh,5-15,1.1043896552119274,76,1.1048533329991541,MAP_PMU,107,0.0004636777872266684
3,UPFC_tsh,5-15,-0.22532224134969625,76,-0.2247138887988874,MAP_PMU,107,0.0006083525508088494
4,UPFC_Vse,5-15,0.06281030423702975,76,0.06154906690260654,MAP_PMU,107,0.0012612373344232167
5,UPFC_tse,5-15,-2.192126680734325,76,-2.152467191160125,MAP_PMU,107,0.039659489574199736
0,x_tcsc,1-14,-0.1480263020424907,77,-0.14029589612584978,MAP_PMU,107,0.007730405916640926
1,B_svc,2,0.3080614745368419,77,0.30588198279745255,MAP_PMU,107,0.002179491739389361
2,UPFC_Vsh,5-15,1.1037575816661567,77,1.1048533329991541,MAP_PMU,107,0.001095751332997441
3,UPFC_tsh,5-15,-0.22540520429660538,77,-0.2247138887988874,MAP_PMU,107,0.0006913154977179758
4,UPFC_Vse,5-15,0.06300500939551465,77,0.06154906690260654,MAP_PMU,107,0.001455942492908112
5,UPFC_tse,5-15,-2.2123589277891473,77,-2.152467191160125,MAP_PMU,107,0.05989173662902214
0,x_tcsc,1-14,-0.14733097805112522,78,-0.14029589612584978,MAP_PMU,107,0.007035081925275438
1,B_svc,2,0.30780436888261176,78,0.30588198279745255,MAP_PMU,107,0.0019223860851592112
2,UPFC_Vsh,5-15,1.10416345946658,78,1.1048533329991541,MAP_PMU,107,0.0006898735325742145
3,UPFC_tsh,5-15,-0.2253302527620561,78,-0.2247138887988874,MAP_PMU,107,0.0006163639631686924
4,UPFC_Vse,5-15,0.0625925701615612,78,0.06154906690260654,MAP_PMU,107,0.0010435032589546575
5,UPFC_tse,5-15,-2.204568355267782,78,-2.152467191160125,MAP_PMU,107,0.05210116410765675
0,x_tcsc,1-14,-0.14783764688038561,79,-0.14029589612584978,MAP_PMU,107,0.007541750754535836
1,B_svc,2,0.3078396146796671,79,0.30588198279745255,MAP_PMU,107,0.001957631882214539
2,UPFC_Vsh,5-15,1.1037972662074127,79,1.1048533329991541,MAP_PMU,107,0.0010560667917414168
3,UPFC_tsh,5-15,-0.22539710488267628,79,-0.2247138887988874,MAP_PMU,107,0.000683216083788879
4,UPFC_Vse,5-15,0.06223349629102345,79,0.06154906690260654,MAP_PMU,107,0.00068442938841691
5,UPFC_tse,5-15,-2.204379645337634,79,-2.152467191160125,MAP_PMU,107,0.05191245417750867
0,x_tcsc,1-14,-0.14823839176024275,80,-0.14029589612584978,MAP_PMU,107,0.007942495634392976
1,B_svc,2,0.30764625011878416,80,0.30588198279745255,MAP_PMU,107,0.001764267321331614
2,UPFC_Vsh,5-15,1.1035835676797563,80,1.1048533329991541,MAP_PMU,107,0.0012697653193978198
3,UPFC_tsh,5-15,-0.22536773081745487,80,-0.2247138887988874,MAP_PMU,107,0.0006538420185674687
4,UPFC_Vse,5-15,0.06265246561221256,80,0.06154906690260654,MAP_PMU,107,0.0011033987096060252
5,UPFC_tse,5-15,-2.2089596607726594,80,-2.152467191160125,MAP_PMU,107,0.05649246961253418
0,x_tcsc,1-14,-0.14696920141493308,81,-0.14029589612584978,MAP_PMU,107,0.006673305289083303
1,B_svc,2,0.3074434357866334,81,0.30588198279745255,MAP_PMU,107,0.001561452989180867
2,UPFC_Vsh,5-15,1.1044731930876448,81,1.1048533329991541,MAP_PMU,107,0.00038013991150931403
3,UPFC_tsh,5-15,-0.2253035635720351,81,-0.2247138887988874,MAP_PMU,107,0.000589674773147697
4,UPFC_Vse,5-15,0.06253894796667156,81,0.06154906690260654,MAP_PMU,107,0.0009898810640650221
5,UPFC_tse,5-15,-2.1874954208820396,81,-2.152467191160125,MAP_PMU,107,0.03502822972191444
0,x_tcsc,1-14,-0.1478589736251706,82,-0.14029589612584978,MAP_PMU,107,0.007563077499320808
1,B_svc,2,0.3076524018583849,82,0.30588198279745255,MAP_PMU,107,0.0017704190609323378
2,UPFC_Vsh,5-15,1.1038912344684912,82,1.1048533329991541,MAP_PMU,107,0.0009620985306628693
3,UPFC_tsh,5-15,-0.2254050202312238,82,-0.2247138887988874,MAP_PMU,107,0.0006911314323364004
4,UPFC_Vse,5-15,0.06242457437929758,82,0.06154906690260654,MAP_PMU,107,0.0008755074766910453
5,UPFC_tse,5-15,-2.2064211524475335,82,-2.152467191160125,MAP_PMU,107,0.05395396128740826
0,x_tcsc,1-14,-0.14769247614719258,83,-0.14029589612584978,MAP_PMU,107,0.007396580021342802
1,B_svc,2,0.30822052240839765,83,0.30588198279745255,MAP_PMU,107,0.0023385396109451007
2,UPFC_Vsh,5-15,1.104215892749153,83,1.1048533329991541,MAP_PMU,107,0.00063744025000112
3,UPFC_tsh,5-15,-0.22531308520228074,83,-0.2247138887988874,MAP_PMU,107,0.0005991964033933428
4,UPFC_Vse,5-15,0.06285749097662487,83,0.06154906690260654,MAP_PMU,107,0.0013084240740183287
5,UPFC_tse,5-15,-2.2054578959593267,83,-2.152467191160125,MAP_PMU,107,0.05299070479920154
0,x_tcsc,1-14,-0.14767259852679246,84,-0.14029589612584978,MAP_PMU,107,0.007376702400942681
1,B_svc,2,0.3079927369406934,84,0.30588198279745255,MAP_PMU,107,0.002110754143240856
2,UPFC_Vsh,5-15,1.1040542179812702,84,1.1048533329991541,MAP_PMU,107,0.000799115017883878
3,UPFC_tsh,5-15,-0.22539903634790015,84,-0.2247138887988874,MAP_PMU,107,0.000685147549012749
4,UPFC_Vse,5-15,0.06235244049366975,84,0.06154906690260654,MAP_PMU,107,0.0008033735910632153
5,UPFC_tse,5-15,-2.2032720362391767,84,-2.152467191160125,MAP_PMU,107,0.050804845079051475
0,x_tcsc,1-14,-0.14760071796967866,85,-0.14029589612584978,MAP_PMU,107,0.007304821843828885
1,B_svc,2,0.3078151753964512,85,0.30588198279745255,MAP_PMU,107,0.0019331925989986565
2,UPFC_Vsh,5-15,1.1038704180514416,85,1.1048533329991541,MAP_PMU,107,0.000982914947712521
3,UPFC_tsh,5-15,-0.22527886025128302,85,-0.2247138887988874,MAP_PMU,107,0.0005649714523956184
4,UPFC_Vse,5-15,0.062468533299888725,85,0.06154906690260654,MAP_PMU,107,0.000919466397282187
5,UPFC_tse,5-15,-2.192407015634294,85,-2.152467191160125,MAP_PMU,107,0.039939824474168883
0,x_tcsc,1-14,-0.14707020290969547,86,-0.14029589612584978,MAP_PMU,107,0.0067743067838456905
1,B_svc,2,0.30768841529791313,86,0.30588198279745255,MAP_PMU,107,0.0018064325004605863
2,UPFC_Vsh,5-15,1.1042773192080064,86,1.1048533329991541,MAP_PMU,107,0.0005760137911476892
3,UPFC_tsh,5-15,-0.225293919959419,86,-0.2247138887988874,MAP_PMU,107,0.0005800311605315966
4,UPFC_Vse,5-15,0.06269833711476089,86,0.06154906690260654,MAP_PMU,107,0.0011492702121543505
5,UPFC_tse,5-15,-2.19700066560834,86,-2.152467191160125,MAP_PMU,107,0.04453347444821487
0,x_tcsc,1-14,-0.1475663215556957,87,-0.14029589612584978,MAP_PMU,107,0.007270425429845934
1,B_svc,2,0.3077328186883866,87,0.30588198279745255,MAP_PMU,107,0.0018508358909340439
2,UPFC_Vsh,5-15,1.1036943141204076,87,1.1048533329991541,MAP_PMU,107,0.0011590188787464761
3,UPFC_tsh,5-15,-0.22540747978517559,87,-0.2247138887988874,MAP_PMU,107,0.0006935909862881839
4,UPFC_Vse,5-15,0.06273485258501581,87,0.06154906690260654,MAP_PMU,107,0.0011857856824092697
5,UPFC_tse,5-15,-2.2015642349725635,87,-2.152467191160125,MAP_PMU,107,0.04909704381243829
0,x_tcsc,1-14,-0.14795097443518207,88,-0.14029589612584978,MAP_PMU,107,0.007655078309332292
1,B_svc,2,0.3074301594484933,88,0.30588198279745255,MAP_PMU,107,0.0015481766510407335
2,UPFC_Vsh,5-15,1.1038573382771701,88,1.1048533329991541,MAP_PMU,107,0.0009959947219839727
3,UPFC_tsh,5-15,-0.2254043314574336,88,-0.2247138887988874,MAP_PMU,107,0.0006904426585462031
4,UPFC_Vse,5-15,0.06201943271516472,88,0.06154906690260654,MAP_PMU,107,0.00047036581255818083
5,UPFC_tse,5-15,-2.2095080272513217,88,-2.152467191160125,MAP_PMU,107,0.05704083609119648
0,x_tcsc,1-14,-0.14715697230073743,89,-0.14029589612584978,MAP_PMU,107,0.006861076174887654
1,B_svc,2,0.30738925696628755,89,0.30588198279745255,MAP_PMU,107,0.0015072741688350044
2,UPFC_Vsh,5-15,1.104508422936377,89,1.1048533329991541,MAP_PMU,107,0.0003449100627770374
3,UPFC_tsh,5-15,-0.22525988551218706,89,-0.2247138887988874,MAP_PMU,107,0.0005459967132996624
4,UPFC_Vse,5-15,0.06192196494582414,89,0.06154906690260654,MAP_PMU,107,0.0003728980432175996
5,UPFC_tse,5-15,-2.1944171233826837,89,-2.152467191160125,MAP_PMU,107,0.041949932222558495
0,x_tcsc,1-14,-0.14739768032068282,90,-0.14029589612584978,MAP_PMU,107,0.0071017841948330385
1,B_svc,2,0.30852107031135423,90,0.30588198279745255,MAP_PMU,107,0.0026390875139016834
2,UPFC_Vsh,5-15,1.1040605616015737,90,1.1048533329991541,MAP_PMU,107,0.000792771397580383
3,UPFC_tsh,5-15,-0.22524917568092445,90,-0.2247138887988874,MAP_PMU,107,0.0005352868820370504
4,UPFC_Vse,5-15,0.061920230600148986,90,0.06154906690260654,MAP_PMU,107,0.00037116369754244816
5,UPFC_tse,5-15,-2.1976647019674087,90,-2.152467191160125,MAP_PMU,107,0.045197510807283514
0,x_tcsc,1-14,-0.14756740178353317,91,-0.14029589612584978,MAP_PMU,107,0.007271505657683391
1,B_svc,2,0.3076037911882265,91,0.30588198279745255,MAP_PMU,107,0.00172180839077396
2,UPFC_Vsh,5-15,1.1038878402340382,91,1.1048533329991541,MAP_PMU,107,0.0009654927651159273
3,UPFC_tsh,5-15,-0.22529417053340836,91,-0.2247138887988874,MAP_PMU,107,0.0005802817345209599
4,UPFC_Vse,5-15,0.06272432514523672,91,0.06154906690260654,MAP_PMU,107,0.0011752582426301852
5,UPFC_tse,5-15,-2.1957920596932228,91,-2.152467191160125,MAP_PMU,107,0.04332486853309758
0,x_tcsc,1-14,-0.14732995715738162,92,-0.14029589612584978,MAP_PMU,107,0.007034061031531841
1,B_svc,2,0.3077968389003806,92,0.30588198279745255,MAP_PMU,107,0.0019148561029280753
2,UPFC_Vsh,5-15,1.1045014743098747,92,1.1048533329991541,MAP_PMU,107,0.0003518586892794495
3,UPFC_tsh,5-15,-0.22518930091173942,92,-0.2247138887988874,MAP_PMU,107,0.0004754121128520139
4,UPFC_Vse,5-15,0.06217916593886681,92,0.06154906690260654,MAP_PMU,107,0.0006300990362602746
5,UPFC_tse,5-15,-2.186030669353715,92,-2.152467191160125,MAP_PMU,107,0.033563478193589624
0,x_tcsc,1-14,-0.1484225071598296,93,-0.14029589612584978,MAP_PMU,107,0.008126611033979825
1,B_svc,2,0.3075988708525827,93,0.30588198279745255,MAP_PMU,107,0.0017168880551301502
2,UPFC_Vsh,5-15,1.1031850816489475,93,1.1048533329991541,MAP_PMU,107,0.001668251350206651
3,UPFC_tsh,5-15,-0.2254273633886352,93,-0.2247138887988874,MAP_PMU,107,0.0007134745897477979
4,UPFC_Vse,5-15,0.06322743693183597,93,0.06154906690260654,MAP_PMU,107,0.0016783700292294298
5,UPFC_tse,5-15,-2.204922871104733,93,-2.152467191160125,MAP_PMU,107,0.05245567994460787
0,x_tcsc,1-14,-0.14758602621458244,94,-0.14029589612584978,MAP_PMU,107,0.007290130088732666
1,B_svc,2,0.3075032308690406,94,0.30588198279745255,MAP_PMU,107,0.0016212480715880329
2,UPFC_Vsh,5-15,1.104049220499441,94,1.1048533329991541,MAP_PMU,107,0.0008041124997131277
3,UPFC_tsh,5-15,-0.22528797293265498,94,-0.2247138887988874,MAP_PMU,107,0.0005740841337675828
4,UPFC_Vse,5-15,0.061930542770890114,94,0.06154906690260654,MAP_PMU,107,0.00038147586828357616
5,UPFC_tse,5-15,-2.2017674600708297,94,-2.152467191160125,MAP_PMU,107,0.04930026891070449
0,x_tcsc,1-14,-0.14762140839553192,95,-0.14029589612584978,MAP_PMU,107,0.007325512269682144
1,B_svc,2,0.30769195340297784,95,0.30588198279745255,MAP_PMU,107,0.0018099706055252907
2,UPFC_Vsh,5-15,1.104119857908221,95,1.1048533329991541,MAP_PMU,107,0.0007334750909331333
3,UPFC_tsh,5-15,-0.22527980367474132,95,-0.2247138887988874,MAP_PMU,107,0.0005659148758539179
4,UPFC_Vse,5-15,0.061996450649228124,95,0.06154906690260654,MAP_PMU,107,0.0004473837466215866
5,UPFC_tse,5-15,-2.1894796652718096,95,-2.152467191160125,MAP_PMU,107,0.0370124741116844
0,x_tcsc,1-14,-0.147505043968626,96,-0.14029589612584978,MAP_PMU,107,0.007209147842776209
1,B_svc,2,0.3082497171180384,96,0.30588198279745255,MAP_PMU,107,0.002367734320585846
2,UPFC_Vsh,5-15,1.1039389096441576,96,1.1048533329991541,MAP_PMU,107,0.0009144233549964742
3,UPFC_tsh,5-15,-0.2253006434951476,96,-0.2247138887988874,MAP_PMU,107,0.000586754696260211
4,UPFC_Vse,5-15,0.06218595280874376,96,0.06154906690260654,MAP_PMU,107,0.0006368859061372245
5,UPFC_tse,5-15,-2.200003016119956,96,-2.152467191160125,MAP_PMU,107,0.047535824959831
0,x_tcsc,1-14,-0.14776231940337486,97,-0.14029589612584978,MAP_PMU,107,0.007466423277525086
1,B_svc,2,0.3077218972780133,97,0.30588198279745255,MAP_PMU,107,0.001839914480560756
2,UPFC_Vsh,5-15,1.1041619420048447,97,1.1048533329991541,MAP_PMU,107,0.000691390994309371
3,UPFC_tsh,5-15,-0.22524595754792442,97,-0.2247138887988874,MAP_PMU,107,0.0005320687490370235
4,UPFC_Vse,5-15,0.06194461208748845,97,0.06154906690260654,MAP_PMU,107,0.0003955451848819125
5,UPFC_tse,5-15,-2.203032337521946,97,-2.152467191160125,MAP_PMU,107,0.050565146361820634
0,x_tcsc,1-14,-0.14748163974967443,98,-0.14029589612584978,MAP_PMU,107,0.007185743623824653
1,B_svc,2,0.30797346655121594,98,0.30588198279745255,MAP_PMU,107,0.00209148375376339
2,UPFC_Vsh,5-15,1.1038974714097367,98,1.1048533329991541,MAP_PMU,107,0.0009558615894174061
3,UPFC_tsh,5-15,-0.22541624466909077,98,-0.2247138887988874,MAP_PMU,107,0.0007023558702033694
4,UPFC_Vse,5-15,0.06233976174415581,98,0.06154906690260654,MAP_PMU,107,0.0007906948415492693
5,UPFC_tse,5-15,-2.1944529620996294,98,-2.152467191160125,MAP_PMU,107,0.041985770939504174
0,x_tcsc,1-14,-0.14723326447657953,99,-0.14029589612584978,MAP_PMU,107,0.00693736835072975
1,B_svc,2,0.3078034317473429,99,0.30588198279745255,MAP_PMU,107,0.0019214489498903808
2,UPFC_Vsh,5-15,1.1041032479360111,99,1.1048533329991541,MAP_PMU,107,0.0007500850631430023
3,UPFC_tsh,5-15,-0.22527554056999452,99,-0.2247138887988874,MAP_PMU,107,0.000561651771107119
4,UPFC_Vse,5-15,0.06228922651675686,99,0.06154906690260654,MAP_PMU,107,0.000740159614150325
5,UPFC_tse,5-15,-2.195123006824645,99,-2.152467191160125,MAP_PMU,107,0.042655815664519814
0,x_tcsc,1-14,-0.14703570825320467,0,-0.1392478924651935,MAP_PMU,109,0.00778781578801116
1,B_svc,2,0.3019570977280822,0,0.30020249469835686,MAP_PMU,109,0.0017546030297253545
2,UPFC_Vsh,5-15,1.1041325384211402,0,1.1049876864946313,MAP_PMU,109,0.0008551480734910744
3,UPFC_tsh,5-15,-0.22624696599474065,0,-0.22556986877005308,MAP_PMU,109,0.0006770972246875617
4,UPFC_Vse,5-15,0.06236606426454327,0,0.061639541583382286,MAP_PMU,109,0.0007265226811609821
5,UPFC_tse,5-15,-2.2127397839542873,0,-2.1573456201497017,MAP_PMU,109,0.05539416380458562
0,x_tcsc,1-14,-0.14618969199785972,1,-0.1392478924651935,MAP_PMU,109,0.006941799532666215
1,B_svc,2,0.3021871451831099,1,0.30020249469835686,MAP_PMU,109,0.0019846504847530477
2,UPFC_Vsh,5-15,1.1043016492997304,1,1.1049876864946313,MAP_PMU,109,0.0006860371949009014
3,UPFC_tsh,5-15,-0.22615556508772044,1,-0.22556986877005308,MAP_PMU,109,0.0005856963176673613
4,UPFC_Vse,5-15,0.0625566279097959,1,0.061639541583382286,MAP_PMU,109,0.0009170863264136089
5,UPFC_tse,5-15,-2.201524632579664,1,-2.1573456201497017,MAP_PMU,109,0.04417901242996214
0,x_tcsc,1-14,-0.14594594662176547,2,-0.1392478924651935,MAP_PMU,109,0.006698054156571959
1,B_svc,2,0.30200946325533606,2,0.30020249469835686,MAP_PMU,109,0.0018069685569792049
2,UPFC_Vsh,5-15,1.1040423380102051,2,1.1049876864946313,MAP_PMU,109,0.0009453484844261784
3,UPFC_tsh,5-15,-0.22612787325891165,2,-0.22556986877005308,MAP_PMU,109,0.0005580044888585656
4,UPFC_Vse,5-15,0.0628925008676199,2,0.061639541583382286,MAP_PMU,109,0.0012529592842376105
5,UPFC_tse,5-15,-2.1965446980565346,2,-2.1573456201497017,MAP_PMU,109,0.03919907790683297
0,x_tcsc,1-14,-0.145678661043079,3,-0.1392478924651935,MAP_PMU,109,0.006430768577885493
1,B_svc,2,0.3024878310521801,3,0.30020249469835686,MAP_PMU,109,0.0022853363538232196
2,UPFC_Vsh,5-15,1.103995723123136,3,1.1049876864946313,MAP_PMU,109,0.000991963371495208
3,UPFC_tsh,5-15,-0.22617404109389797,3,-0.22556986877005308,MAP_PMU,109,0.0006041723238448815
4,UPFC_Vse,5-15,0.06267470436851923,3,0.061639541583382286,MAP_PMU,109,0.0010351627851369408
5,UPFC_tse,5-15,-2.195391940097252,3,-2.1573456201497017,MAP_PMU,109,0.038046319947550256
0,x_tcsc,1-14,-0.14587320507828783,4,-0.1392478924651935,MAP_PMU,109,0.00662531261309432
1,B_svc,2,0.30293814270724206,4,0.30020249469835686,MAP_PMU,109,0.0027356480088852053
2,UPFC_Vsh,5-15,1.1042687389068793,4,1.1049876864946313,MAP_PMU,109,0.000718947587752039
3,UPFC_tsh,5-15,-0.2261365920092208,4,-0.22556986877005308,MAP_PMU,109,0.0005667232391677046
4,UPFC_Vse,5-15,0.06230400286837193,4,0.061639541583382286,MAP_PMU,109,0.0006644612849896411
5,UPFC_tse,5-15,-2.198074590603905,4,-2.1573456201497017,MAP_PMU,109,0.04072897045420332
0,x_tcsc,1-14,-0.1461785570373045,5,-0.1392478924651935,MAP_PMU,109,0.0069306645721110005
1,B_svc,2,0.30168788484174314,5,0.30020249469835686,MAP_PMU,109,0.0014853901433862782
2,UPFC_Vsh,5-15,1.1044813529778754,5,1.1049876864946313,MAP_PMU,109,0.0005063335167558858
3,UPFC_tsh,5-15,-0.2261069072837916,5,-0.22556986877005308,MAP_PMU,109,0.0005370385137385136
4,UPFC_Vse,5-15,0.06252592304281836,5,0.061639541583382286,MAP_PMU,109,0.0008863814594360711
5,UPFC_tse,5-15,-2.199987959984466,5,-2.1573456201497017,MAP_PMU,109,0.042642339834764176
0,x_tcsc,1-14,-0.14568325935038753,6,-0.1392478924651935,MAP_PMU,109,0.006435366885194027
1,B_svc,2,0.3021027885857488,6,0.30020249469835686,MAP_PMU,109,0.001900293887391935
2,UPFC_Vsh,5-15,1.1047545439774054,6,1.1049876864946313,MAP_PMU,109,0.00023314251722594825
3,UPFC_tsh,5-15,-0.2260495076525435,6,-0.22556986877005308,MAP_PMU,109,0.00047963888249041853
4,UPFC_Vse,5-15,0.062007686391284754,6,0.061639541583382286,MAP_PMU,109,0.00036814480790246795
5,UPFC_tse,5-15,-2.1926317256878187,6,-2.1573456201497017,MAP_PMU,109,0.03528610553811706
0,x_tcsc,1-14,-0.14544875068743682,7,-0.1392478924651935,MAP_PMU,109,0.006200858222243311
1,B_svc,2,0.30206085225587664,7,0.30020249469835686,MAP_PMU,109,0.0018583575575197853
2,UPFC_Vsh,5-15,1.1046674221955861,7,1.1049876864946313,MAP_PMU,109,0.00032026429904519205
3,UPFC_tsh,5-15,-0.22614519810940137,7,-0.22556986877005308,MAP_PMU,109,0.000575329339348285
4,UPFC_Vse,5-15,0.06245041355118234,7,0.061639541583382286,MAP_PMU,109,0.0008108719678000531
5,UPFC_tse,5-15,-2.19562838116612,7,-2.1573456201497017,MAP_PMU,109,0.038282761016418476
0,x_tcsc,1-14,-0.14562164903957714,8,-0.1392478924651935,MAP_PMU,109,0.006373756574383632
1,B_svc,2,0.3021669228085556,8,0.30020249469835686,MAP_PMU,109,0.001964428110198757
2,UPFC_Vsh,5-15,1.1045370490889659,8,1.1049876864946313,MAP_PMU,109,0.00045063740566542165
3,UPFC_tsh,5-15,-0.22614845450239568,8,-0.22556986877005308,MAP_PMU,109,0.0005785857323425958
4,UPFC_Vse,5-15,0.06221700276421159,8,0.061639541583382286,MAP_PMU,109,0.0005774611808293043
5,UPFC_tse,5-15,-2.193759323657694,8,-2.1573456201497017,MAP_PMU,109,0.036413703507992334
0,x_tcsc,1-14,-0.1460559668120479,9,-0.1392478924651935,MAP_PMU,109,0.006808074346854404
1,B_svc,2,0.30238859333239276,9,0.30020249469835686,MAP_PMU,109,0.0021860986340359045
2,UPFC_Vsh,5-15,1.1044899885334947,9,1.1049876864946313,MAP_PMU,109,0.0004976979611366339
3,UPFC_tsh,5-15,-0.22605849349100499,9,-0.22556986877005308,MAP_PMU,109,0.0004886247209519023
4,UPFC_Vse,5-15,0.06275634742976545,9,0.061639541583382286,MAP_PMU,109,0.0011168058463831634
5,UPFC_tse,5-15,-2.1904207749242826,9,-2.1573456201497017,MAP_PMU,109,0.033075154774580895
0,x_tcsc,1-14,-0.14607206401357864,10,-0.1392478924651935,MAP_PMU,109,0.006824171548385133
1,B_svc,2,0.30200579609924744,10,0.30020249469835686,MAP_PMU,109,0.0018033014008905779
2,UPFC_Vsh,5-15,1.1043051442559062,10,1.1049876864946313,MAP_PMU,109,0.0006825422387251034
3,UPFC_tsh,5-15,-0.2261254090381155,10,-0.22556986877005308,MAP_PMU,109,0.0005555402680624266
4,UPFC_Vse,5-15,0.06308936067779097,10,0.061639541583382286,MAP_PMU,109,0.0014498190944086872
5,UPFC_tse,5-15,-2.193977917205844,10,-2.1573456201497017,MAP_PMU,109,0.03663229705614235
0,x_tcsc,1-14,-0.1459913179273265,11,-0.1392478924651935,MAP_PMU,109,0.006743425462132996
1,B_svc,2,0.30262747718974736,11,0.30020249469835686,MAP_PMU,109,0.002424982491390504
2,UPFC_Vsh,5-15,1.1042577197169818,11,1.1049876864946313,MAP_PMU,109,0.0007299667776494712
3,UPFC_tsh,5-15,-0.22617754214600674,11,-0.22556986877005308,MAP_PMU,109,0.0006076733759536601
4,UPFC_Vse,5-15,0.06275868850630781,11,0.061639541583382286,MAP_PMU,109,0.0011191469229255221
5,UPFC_tse,5-15,-2.2013997819593523,11,-2.1573456201497017,MAP_PMU,109,0.044054161809650605
0,x_tcsc,1-14,-0.14559086791012252,12,-0.1392478924651935,MAP_PMU,109,0.006342975444929011
1,B_svc,2,0.30177836456407103,12,0.30020249469835686,MAP_PMU,109,0.0015758698657141745
2,UPFC_Vsh,5-15,1.1045977204986497,12,1.1049876864946313,MAP_PMU,109,0.0003899659959816226
3,UPFC_tsh,5-15,-0.22607978013403635,12,-0.22556986877005308,MAP_PMU,109,0.000509911363983262
4,UPFC_Vse,5-15,0.06281977052895077,12,0.061639541583382286,MAP_PMU,109,0.001180228945568483
5,UPFC_tse,5-15,-2.1901666975463847,12,-2.1573456201497017,MAP_PMU,109,0.03282107739668305
0,x_tcsc,1-14,-0.14584559709641098,13,-0.1392478924651935,MAP_PMU,109,0.006597704631217477
1,B_svc,2,0.30225881162308116,13,0.30020249469835686,MAP_PMU,109,0.0020563169247242996
2,UPFC_Vsh,5-15,1.1043397534767392,13,1.1049876864946313,MAP_PMU,109,0.0006479330178921217
3,UPFC_tsh,5-15,-0.2261035819193413,13,-0.22556986877005308,MAP_PMU,109,0.0005337131492882119
4,UPFC_Vse,5-15,0.06220658721080966,13,0.061639541583382286,MAP_PMU,109,0.0005670456274273761
5,UPFC_tse,5-15,-2.192120612563409,13,-2.1573456201497017,MAP_PMU,109,0.034774992413707295
0,x_tcsc,1-14,-0.14553685840178246,14,-0.1392478924651935,MAP_PMU,109,0.006288965936588953
1,B_svc,2,0.30218618668649033,14,0.30020249469835686,MAP_PMU,109,0.0019836919881334736
2,UPFC_Vsh,5-15,1.1045301324321106,14,1.1049876864946313,MAP_PMU,109,0.000457554062520682
3,UPFC_tsh,5-15,-0.2260654899438985,14,-0.22556986877005308,MAP_PMU,109,0.0004956211738454119
4,UPFC_Vse,5-15,0.06228595432208164,14,0.061639541583382286,MAP_PMU,109,0.0006464127386993507
5,UPFC_tse,5-15,-2.19062512659743,14,-2.1573456201497017,MAP_PMU,109,0.03327950644772848
0,x_tcsc,1-14,-0.1455597337334404,15,-0.1392478924651935,MAP_PMU,109,0.006311841268246882
1,B_svc,2,0.3019706535397156,15,0.30020249469835686,MAP_PMU,109,0.0017681588413587246
2,UPFC_Vsh,5-15,1.1042923375004239,15,1.1049876864946313,MAP_PMU,109,0.0006953489942074231
3,UPFC_tsh,5-15,-0.2261419410337371,15,-0.22556986877005308,MAP_PMU,109,0.0005720722636840259
4,UPFC_Vse,5-15,0.0621326383207695,15,0.061639541583382286,MAP_PMU,109,0.0004930967373872122
5,UPFC_tse,5-15,-2.204341571462995,15,-2.1573456201497017,MAP_PMU,109,0.04699595131329337
0,x_tcsc,1-14,-0.14577931419290996,16,-0.1392478924651935,MAP_PMU,109,0.006531421727716452
1,B_svc,2,0.30270242891764343,16,0.30020249469835686,MAP_PMU,109,0.0024999342192865703
2,UPFC_Vsh,5-15,1.1043631016614504,16,1.1049876864946313,MAP_PMU,109,0.0006245848331809523
3,UPFC_tsh,5-15,-0.22609579691034387,16,-0.22556986877005308,MAP_PMU,109,0.0005259281402907878
4,UPFC_Vse,5-15,0.06280466731200986,16,0.061639541583382286,MAP_PMU,109,0.001165125728627571
5,UPFC_tse,5-15,-2.1999031355196164,16,-2.1573456201497017,MAP_PMU,109,0.0425575153699147
0,x_tcsc,1-14,-0.14588556384787457,17,-0.1392478924651935,MAP_PMU,109,0.006637671382681065
1,B_svc,2,0.30221762141327413,17,0.30020249469835686,MAP_PMU,109,0.0020151267149172702
2,UPFC_Vsh,5-15,1.1039364787063337,17,1.1049876864946313,MAP_PMU,109,0.0010512077882975923
3,UPFC_tsh,5-15,-0.22621169037676864,17,-0.22556986877005308,MAP_PMU,109,0.0006418216067155535
4,UPFC_Vse,5-15,0.06252760611475203,17,0.061639541583382286,MAP_PMU,109,0.0008880645313697408
5,UPFC_tse,5-15,-2.198233736199335,17,-2.1573456201497017,MAP_PMU,109,0.04088811604963327
0,x_tcsc,1-14,-0.1461282250681455,18,-0.1392478924651935,MAP_PMU,109,0.006880332602951983
1,B_svc,2,0.3022543128859777,18,0.30020249469835686,MAP_PMU,109,0.0020518181876208463
2,UPFC_Vsh,5-15,1.1047758194039927,18,1.1049876864946313,MAP_PMU,109,0.00021186709063858444
3,UPFC_tsh,5-15,-0.22606432750965957,18,-0.22556986877005308,MAP_PMU,109,0.0004944587396064903
4,UPFC_Vse,5-15,0.06211969800547416,18,0.061639541583382286,MAP_PMU,109,0.0004801564220918708
5,UPFC_tse,5-15,-2.199297387015802,18,-2.1573456201497017,MAP_PMU,109,0.04195176686610047
0,x_tcsc,1-14,-0.14643551188696619,19,-0.1392478924651935,MAP_PMU,109,0.0071876194217726785
1,B_svc,2,0.3016788496570492,19,0.30020249469835686,MAP_PMU,109,0.0014763549586923608
2,UPFC_Vsh,5-15,1.1043672219342637,19,1.1049876864946313,MAP_PMU,109,0.0006204645603675729
3,UPFC_tsh,5-15,-0.22604362416505674,19,-0.22556986877005308,MAP_PMU,109,0.00047375539500366104
4,UPFC_Vse,5-15,0.062332696637341825,19,0.061639541583382286,MAP_PMU,109,0.0006931550539595391
5,UPFC_tse,5-15,-2.193379682372842,19,-2.1573456201497017,MAP_PMU,109,0.03603406222314032
0,x_tcsc,1-14,-0.14567189681912282,20,-0.1392478924651935,MAP_PMU,109,0.0064240043539293135
1,B_svc,2,0.3020466848638636,20,0.30020249469835686,MAP_PMU,109,0.0018441901655067428
2,UPFC_Vsh,5-15,1.1045494773584765,20,1.1049876864946313,MAP_PMU,109,0.00043820913615477686
3,UPFC_tsh,5-15,-0.22611754587133198,20,-0.22556986877005308,MAP_PMU,109,0.0005476771012788983
4,UPFC_Vse,5-15,0.062334865516175876,20,0.061639541583382286,MAP_PMU,109,0.0006953239327935901
5,UPFC_tse,5-15,-2.1999209995252516,20,-2.1573456201497017,MAP_PMU,109,0.04257537937554989
0,x_tcsc,1-14,-0.14608502065450302,21,-0.1392478924651935,MAP_PMU,109,0.00683712818930951
1,B_svc,2,0.30192860306117975,21,0.30020249469835686,MAP_PMU,109,0.0017261083628228868
2,UPFC_Vsh,5-15,1.104265895452194,21,1.1049876864946313,MAP_PMU,109,0.0007217910424373031
3,UPFC_tsh,5-15,-0.22616733234410452,21,-0.22556986877005308,MAP_PMU,109,0.0005974635740514378
4,UPFC_Vse,5-15,0.06235884136610451,21,0.061639541583382286,MAP_PMU,109,0.0007192997827222269
5,UPFC_tse,5-15,-2.202217554288182,21,-2.1573456201497017,MAP_PMU,109,0.04487193413848045
0,x_tcsc,1-14,-0.14591603389569752,22,-0.1392478924651935,MAP_PMU,109,0.00666814143050401
1,B_svc,2,0.3024612486517682,22,0.30020249469835686,MAP_PMU,109,0.002258753953411352
2,UPFC_Vsh,5-15,1.1045041800928035,22,1.1049876864946313,MAP_PMU,109,0.0004835064018278157
3,UPFC_tsh,5-15,-0.22616154505210756,22,-0.22556986877005308,MAP_PMU,109,0.0005916762820544763
4,UPFC_Vse,5-15,0.062448632786843164,22,0.061639541583382286,MAP_PMU,109,0.000809091203460878
5,UPFC_tse,5-15,-2.195390338299395,22,-2.1573456201497017,MAP_PMU,109,0.038044718149693235
0,x_tcsc,1-14,-0.1468737616088676,23,-0.1392478924651935,MAP_PMU,109,0.00762586914367408
1,B_svc,2,0.3025184536125506,23,0.30020249469835686,MAP_PMU,109,0.0023159589141937276
2,UPFC_Vsh,5-15,1.1038575269055844,23,1.1049876864946313,MAP_PMU,109,0.0011301595890469418
3,UPFC_tsh,5-15,-0.22621373499990213,23,-0.22556986877005308,MAP_PMU,109,0.0006438662298490494
4,UPFC_Vse,5-15,0.06282668132437161,23,0.061639541583382286,MAP_PMU,109,0.0011871397409893222
5,UPFC_tse,5-15,-2.20897342598656,23,-2.1573456201497017,MAP_PMU,109,0.05162780583685844
0,x_tcsc,1-14,-0.1456365654452169,24,-0.1392478924651935,MAP_PMU,109,0.00638867298002338
1,B_svc,2,0.30225364259686016,24,0.30020249469835686,MAP_PMU,109,0.0020511478985033027
2,UPFC_Vsh,5-15,1.1049141662131126,24,1.1049876864946313,MAP_PMU,109,7.352028151874634e-05
3,UPFC_tsh,5-15,-0.22606534495969044,24,-0.22556986877005308,MAP_PMU,109,0.0004954761896373561
4,UPFC_Vse,5-15,0.06194597545952688,24,0.061639541583382286,MAP_PMU,109,0.00030643387614459616
5,UPFC_tse,5-15,-2.1880038477162738,24,-2.1573456201497017,MAP_PMU,109,0.030658227566572105
0,x_tcsc,1-14,-0.14580571800814277,25,-0.1392478924651935,MAP_PMU,109,0.006557825542949258
1,B_svc,2,0.3019441414450474,25,0.30020249469835686,MAP_PMU,109,0.0017416467466905283
2,UPFC_Vsh,5-15,1.1044915649046594,25,1.1049876864946313,MAP_PMU,109,0.0004961215899719207
3,UPFC_tsh,5-15,-0.22618374155771695,25,-0.22556986877005308,MAP_PMU,109,0.0006138727876638661
4,UPFC_Vse,5-15,0.06250023068612608,25,0.061639541583382286,MAP_PMU,109,0.0008606891027437905
5,UPFC_tse,5-15,-2.2039383101791903,25,-2.1573456201497017,MAP_PMU,109,0.046592690029488626
0,x_tcsc,1-14,-0.14612505942347606,26,-0.1392478924651935,MAP_PMU,109,0.0068771669582825545
1,B_svc,2,0.3024917169758807,26,0.30020249469835686,MAP_PMU,109,0.002289222277523817
2,UPFC_Vsh,5-15,1.1042991932537944,26,1.1049876864946313,MAP_PMU,109,0.0006884932408368627
3,UPFC_tsh,5-15,-0.22616765474053704,26,-0.22556986877005308,MAP_PMU,109,0.0005977859704839605
4,UPFC_Vse,5-15,0.06269790831132592,26,0.061639541583382286,MAP_PMU,109,0.001058366727943634
5,UPFC_tse,5-15,-2.1987192099096196,26,-2.1573456201497017,MAP_PMU,109,0.041373589759917895
0,x_tcsc,1-14,-0.14637468044819443,27,-0.1392478924651935,MAP_PMU,109,0.007126787983000926
1,B_svc,2,0.3025280554728481,27,0.30020249469835686,MAP_PMU,109,0.002325560774491253
2,UPFC_Vsh,5-15,1.1039535156892013,27,1.1049876864946313,MAP_PMU,109,0.0010341708054300014
3,UPFC_tsh,5-15,-0.226235200899131,27,-0.22556986877005308,MAP_PMU,109,0.0006653321290779057
4,UPFC_Vse,5-15,0.06279631433776107,27,0.061639541583382286,MAP_PMU,109,0.001156772754378789
5,UPFC_tse,5-15,-2.204692922980454,27,-2.1573456201497017,MAP_PMU,109,0.04734730283075228
0,x_tcsc,1-14,-0.1464239714823674,28,-0.1392478924651935,MAP_PMU,109,0.007176079017173903
1,B_svc,2,0.3022308613544891,28,0.30020249469835686,MAP_PMU,109,0.0020283666561322633
2,UPFC_Vsh,5-15,1.104511005586456,28,1.1049876864946313,MAP_PMU,109,0.00047668090817531983
3,UPFC_tsh,5-15,-0.2260892369718106,28,-0.22556986877005308,MAP_PMU,109,0.0005193682017575196
4,UPFC_Vse,5-15,0.062268736930682855,28,0.061639541583382286,MAP_PMU,109,0.0006291953473005693
5,UPFC_tse,5-15,-2.2013632441678683,28,-2.1573456201497017,MAP_PMU,109,0.04401762401816667
0,x_tcsc,1-14,-0.14625742584098309,29,-0.1392478924651935,MAP_PMU,109,0.007009533375789578
1,B_svc,2,0.30186390940930835,29,0.30020249469835686,MAP_PMU,109,0.001661414710951492
2,UPFC_Vsh,5-15,1.1042286793163327,29,1.1049876864946313,MAP_PMU,109,0.0007590071782985763
3,UPFC_tsh,5-15,-0.22618039879106727,29,-0.22556986877005308,MAP_PMU,109,0.0006105300210141884
4,UPFC_Vse,5-15,0.06260313405386067,29,0.061639541583382286,MAP_PMU,109,0.0009635924704783846
5,UPFC_tse,5-15,-2.1975176360914324,29,-2.1573456201497017,MAP_PMU,109,0.0401720159417307
0,x_tcsc,1-14,-0.1463044682658784,30,-0.1392478924651935,MAP_PMU,109,0.007056575800684889
1,B_svc,2,0.30162604815684196,30,0.30020249469835686,MAP_PMU,109,0.001423553458485105
2,UPFC_Vsh,5-15,1.1042456679072359,30,1.1049876864946313,MAP_PMU,109,0.000742018587395421
3,UPFC_tsh,5-15,-0.2260994105515582,30,-0.22556986877005308,MAP_PMU,109,0.0005295417815051051
4,UPFC_Vse,5-15,0.06208224644287385,30,0.061639541583382286,MAP_PMU,109,0.00044270485949156335
5,UPFC_tse,5-15,-2.1940295770542098,30,-2.1573456201497017,MAP_PMU,109,0.0366839569045081
0,x_tcsc,1-14,-0.145825287696114,31,-0.1392478924651935,MAP_PMU,109,0.006577395230920491
1,B_svc,2,0.30193767631181334,31,0.30020249469835686,MAP_PMU,109,0.0017351816134564824
2,UPFC_Vsh,5-15,1.1045061788183748,31,1.1049876864946313,MAP_PMU,109,0.0004815076762565429
3,UPFC_tsh,5-15,-0.2260616877425794,31,-0.22556986877005308,MAP_PMU,109,0.0004918189725263145
4,UPFC_Vse,5-15,0.062420958956603274,31,0.061639541583382286,MAP_PMU,109,0.0007814173732209884
5,UPFC_tse,5-15,-2.194272227544312,31,-2.1573456201497017,MAP_PMU,109,0.0369266073946104
0,x_tcsc,1-14,-0.14690534720289766,32,-0.1392478924651935,MAP_PMU,109,0.007657454737704156
1,B_svc,2,0.3021486537694201,32,0.30020249469835686,MAP_PMU,109,0.0019461590710632137
2,UPFC_Vsh,5-15,1.1040117204623574,32,1.1049876864946313,MAP_PMU,109,0.0009759660322739006
3,UPFC_tsh,5-15,-0.22623532536333985,32,-0.22556986877005308,MAP_PMU,109,0.0006654565932867618
4,UPFC_Vse,5-15,0.062242209003665554,32,0.061639541583382286,MAP_PMU,109,0.0006026674202832677
5,UPFC_tse,5-15,-2.198052459967679,32,-2.1573456201497017,MAP_PMU,109,0.040706839817977514
0,x_tcsc,1-14,-0.1462301715938692,33,-0.1392478924651935,MAP_PMU,109,0.006982279128675689
1,B_svc,2,0.3024793891128796,33,0.30020249469835686,MAP_PMU,109,0.0022768944145227232
2,UPFC_Vsh,5-15,1.1040296066589192,33,1.1049876864946313,MAP_PMU,109,0.0009580798357120557
3,UPFC_tsh,5-15,-0.22619070597651245,33,-0.22556986877005308,MAP_PMU,109,0.0006208372064593626
4,UPFC_Vse,5-15,0.06244265784929504,33,0.061639541583382286,MAP_PMU,109,0.0008031162659127566
5,UPFC_tse,5-15,-2.2093191065419844,33,-2.1573456201497017,MAP_PMU,109,0.05197348639228272
0,x_tcsc,1-14,-0.1466857167863672,34,-0.1392478924651935,MAP_PMU,109,0.0074378243211736805
1,B_svc,2,0.3015300516367158,34,0.30020249469835686,MAP_PMU,109,0.0013275569383589536
2,UPFC_Vsh,5-15,1.1042964250075786,34,1.1049876864946313,MAP_PMU,109,0.0006912614870526745
3,UPFC_tsh,5-15,-0.226042454897298,34,-0.22556986877005308,MAP_PMU,109,0.0004725861272449061
4,UPFC_Vse,5-15,0.06231586756835029,34,0.061639541583382286,MAP_PMU,109,0.0006763259849680014
5,UPFC_tse,5-15,-2.191392046779275,34,-2.1573456201497017,MAP_PMU,109,0.03404642662957347
0,x_tcsc,1-14,-0.14571382176299466,35,-0.1392478924651935,MAP_PMU,109,0.006465929297801154
1,B_svc,2,0.302257203227041,35,0.30020249469835686,MAP_PMU,109,0.002054708528684168
2,UPFC_Vsh,5-15,1.1046131080011583,35,1.1049876864946313,MAP_PMU,109,0.000374578493472999
3,UPFC_tsh,5-15,-0.22606032939998472,35,-0.22556986877005308,MAP_PMU,109,0.0004904606299316328
4,UPFC_Vse,5-15,0.06228120884767355,35,0.061639541583382286,MAP_PMU,109,0.000641667264291261
5,UPFC_tse,5-15,-2.198947904296994,35,-2.1573456201497017,MAP_PMU,109,0.0416022841472925
0,x_tcsc,1-14,-0.14525326977461683,36,-0.1392478924651935,MAP_PMU,109,0.0060053773094233265
1,B_svc,2,0.30169669125352927,36,0.30020249469835686,MAP_PMU,109,0.0014941965551724112
2,UPFC_Vsh,5-15,1.105172614479729,36,1.1049876864946313,MAP_PMU,109,0.000184927985097616
3,UPFC_tsh,5-15,-0.2260392981605418,36,-0.22556986877005308,MAP_PMU,109,0.0004694293904887181
4,UPFC_Vse,5-15,0.062105850581909185,36,0.061639541583382286,MAP_PMU,109,0.00046630899852689867
5,UPFC_tse,5-15,-2.1896133306773664,36,-2.1573456201497017,MAP_PMU,109,0.03226771052766475
0,x_tcsc,1-14,-0.14577659672371773,37,-0.1392478924651935,MAP_PMU,109,0.006528704258524226
1,B_svc,2,0.3023990773416625,37,0.30020249469835686,MAP_PMU,109,0.0021965826433056335
2,UPFC_Vsh,5-15,1.1047152906698159,37,1.1049876864946313,MAP_PMU,109,0.000272395824815419
3,UPFC_tsh,5-15,-0.22608260125489388,37,-0.22556986877005308,MAP_PMU,109,0.0005127324848407944
4,UPFC_Vse,5-15,0.0614541996822363,37,0.061639541583382286,MAP_PMU,109,0.0001853419011459828
5,UPFC_tse,5-15,-2.2004081332229637,37,-2.1573456201497017,MAP_PMU,109,0.04306251307326203
0,x_tcsc,1-14,-0.14611607331052204,38,-0.1392478924651935,MAP_PMU,109,0.006868180845328531
1,B_svc,2,0.3020718423797795,38,0.30020249469835686,MAP_PMU,109,0.0018693476814226617
2,UPFC_Vsh,5-15,1.1041949884520887,38,1.1049876864946313,MAP_PMU,109,0.0007926980425425612
3,UPFC_tsh,5-15,-0.22615584350313153,38,-0.22556986877005308,MAP_PMU,109,0.0005859747330784482
4,UPFC_Vse,5-15,0.06259232413986782,38,0.061639541583382286,MAP_PMU,109,0.0009527825564855305
5,UPFC_tse,5-15,-2.2004584762673445,38,-2.1573456201497017,MAP_PMU,109,0.04311285611764282
0,x_tcsc,1-14,-0.1456352909194181,39,-0.1392478924651935,MAP_PMU,109,0.006387398454224591
1,B_svc,2,0.3025865874843338,39,0.30020249469835686,MAP_PMU,109,0.0023840927859769545
2,UPFC_Vsh,5-15,1.104451853390471,39,1.1049876864946313,MAP_PMU,109,0.0005358331041602771
3,UPFC_tsh,5-15,-0.22609722034413188,39,-0.22556986877005308,MAP_PMU,109,0.0005273515740787937
4,UPFC_Vse,5-15,0.06206878515044513,39,0.061639541583382286,MAP_PMU,109,0.0004292435670628439
5,UPFC_tse,5-15,-2.1943541270115294,39,-2.1573456201497017,MAP_PMU,109,0.03700850686182777
0,x_tcsc,1-14,-0.14539584191183974,40,-0.1392478924651935,MAP_PMU,109,0.006147949446646234
1,B_svc,2,0.301769722342717,40,0.30020249469835686,MAP_PMU,109,0.0015672276443601252
2,UPFC_Vsh,5-15,1.104752043997071,40,1.1049876864946313,MAP_PMU,109,0.00023564249756025113
3,UPFC_tsh,5-15,-0.22612784938017522,40,-0.22556986877005308,MAP_PMU,109,0.000557980610122133
4,UPFC_Vse,5-15,0.062221282553688376,40,0.061639541583382286,MAP_PMU,109,0.0005817409703060897
5,UPFC_tse,5-15,-2.1870514959596408,40,-2.1573456201497017,MAP_PMU,109,0.02970587580993911
0,x_tcsc,1-14,-0.1465951480200551,41,-0.1392478924651935,MAP_PMU,109,0.007347255554861598
1,B_svc,2,0.3025517218318536,41,0.30020249469835686,MAP_PMU,109,0.002349227133496723
2,UPFC_Vsh,5-15,1.10417974781333,41,1.1049876864946313,MAP_PMU,109,0.0008079386813013567
3,UPFC_tsh,5-15,-0.22616523582133866,41,-0.22556986877005308,MAP_PMU,109,0.0005953670512855724
4,UPFC_Vse,5-15,0.06244060814423609,41,0.061639541583382286,MAP_PMU,109,0.000801066560853804
5,UPFC_tse,5-15,-2.2031908420267006,41,-2.1573456201497017,MAP_PMU,109,0.04584522187699891
0,x_tcsc,1-14,-0.14613112758954924,42,-0.1392478924651935,MAP_PMU,109,0.0068832351243557355
1,B_svc,2,0.30229496002064465,42,0.30020249469835686,MAP_PMU,109,0.0020924653222877954
2,UPFC_Vsh,5-15,1.1040769737367773,42,1.1049876864946313,MAP_PMU,109,0.0009107127578540375
3,UPFC_tsh,5-15,-0.22613679923544971,42,-0.22556986877005308,MAP_PMU,109,0.0005669304653966312
4,UPFC_Vse,5-15,0.062420078258906865,42,0.061639541583382286,MAP_PMU,109,0.0007805366755245791
5,UPFC_tse,5-15,-2.197108897149354,42,-2.1573456201497017,MAP_PMU,109,0.03976327699965232
0,x_tcsc,1-14,-0.14582527198639805,43,-0.1392478924651935,MAP_PMU,109,0.006577379521204546
1,B_svc,2,0.3016532966832255,43,0.30020249469835686,MAP_PMU,109,0.0014508019848686327
2,UPFC_Vsh,5-15,1.104640147865122,43,1.1049876864946313,MAP_PMU,109,0.00034753862950931413
3,UPFC_tsh,5-15,-0.22608548329378578,43,-0.22556986877005308,MAP_PMU,109,0.0005156145237326937
4,UPFC_Vse,5-15,0.06224751743829937,43,0.061639541583382286,MAP_PMU,109,0.0006079758549170852
5,UPFC_tse,5-15,-2.194853178803374,43,-2.1573456201497017,MAP_PMU,109,0.03750755865367239
0,x_tcsc,1-14,-0.1459292450131999,44,-0.1392478924651935,MAP_PMU,109,0.006681352548006392
1,B_svc,2,0.3018185589336567,44,0.30020249469835686,MAP_PMU,109,0.0016160642352998633
2,UPFC_Vsh,5-15,1.1042354557636422,44,1.1049876864946313,MAP_PMU,109,0.0007522307309890675
3,UPFC_tsh,5-15,-0.2261516269480653,44,-0.22556986877005308,MAP_PMU,109,0.0005817581780122039
4,UPFC_Vse,5-15,0.06220771291085959,44,0.061639541583382286,MAP_PMU,109,0.0005681713274773015
5,UPFC_tse,5-15,-2.1951572094826246,44,-2.1573456201497017,MAP_PMU,109,0.037811589332922946
0,x_tcsc,1-14,-0.1457162323478553,45,-0.1392478924651935,MAP_PMU,109,0.006468339882661794
1,B_svc,2,0.3019468174901823,45,0.30020249469835686,MAP_PMU,109,0.001744322791825459
2,UPFC_Vsh,5-15,1.1049390094524008,45,1.1049876864946313,MAP_PMU,109,4.867704223054936e-05
3,UPFC_tsh,5-15,-0.22605795726288877,45,-0.22556986877005308,MAP_PMU,109,0.00048808849283568656
4,UPFC_Vse,5-15,0.06203169826561754,45,0.061639541583382286,MAP_PMU,109,0.0003921566822352521
5,UPFC_tse,5-15,-2.1964044657577038,45,-2.1573456201497017,MAP_PMU,109,0.0390588456080021
0,x_tcsc,1-14,-0.14579767233355287,46,-0.1392478924651935,MAP_PMU,109,0.006549779868359362
1,B_svc,2,0.302373391044728,46,0.30020249469835686,MAP_PMU,109,0.0021708963463711317
2,UPFC_Vsh,5-15,1.1049090263459238,46,1.1049876864946313,MAP_PMU,109,7.866014870749893e-05
3,UPFC_tsh,5-15,-0.22599894023471384,46,-0.22556986877005308,MAP_PMU,109,0.0004290714646607574
4,UPFC_Vse,5-15,0.06211479054111149,46,0.061639541583382286,MAP_PMU,109,0.000475248957729206
5,UPFC_tse,5-15,-2.1835101302388384,46,-2.1573456201497017,MAP_PMU,109,0.026164510089136783
0,x_tcsc,1-14,-0.14583383280467707,47,-0.1392478924651935,MAP_PMU,109,0.006585940339483565
1,B_svc,2,0.301902002699228,47,0.30020249469835686,MAP_PMU,109,0.0016995080008711527
2,UPFC_Vsh,5-15,1.1043898367938236,47,1.1049876864946313,MAP_PMU,109,0.0005978497008076733
3,UPFC_tsh,5-15,-0.2261035655720229,47,-0.22556986877005308,MAP_PMU,109,0.000533696801969824
4,UPFC_Vse,5-15,0.062376840075852466,47,0.061639541583382286,MAP_PMU,109,0.00073729849247018
5,UPFC_tse,5-15,-2.194150470513279,47,-2.1573456201497017,MAP_PMU,109,0.03680485036357739
0,x_tcsc,1-14,-0.1461027035922678,48,-0.1392478924651935,MAP_PMU,109,0.006854811127074284
1,B_svc,2,0.30212284881249307,48,0.30020249469835686,MAP_PMU,109,0.0019203541141362135
2,UPFC_Vsh,5-15,1.1042311816301582,48,1.1049876864946313,MAP_PMU,109,0.0007565048644730954
3,UPFC_tsh,5-15,-0.22616025535157191,48,-0.22556986877005308,MAP_PMU,109,0.0005903865815188314
4,UPFC_Vse,5-15,0.06229830639590102,48,0.061639541583382286,MAP_PMU,109,0.000658764812518732
5,UPFC_tse,5-15,-2.196487274479306,48,-2.1573456201497017,MAP_PMU,109,0.03914165432960415
0,x_tcsc,1-14,-0.14572994771450168,49,-0.1392478924651935,MAP_PMU,109,0.006482055249308172
1,B_svc,2,0.3016878745596539,49,0.30020249469835686,MAP_PMU,109,0.0014853798612970426
2,UPFC_Vsh,5-15,1.1047398027427475,49,1.1049876864946313,MAP_PMU,109,0.00024788375188378176
3,UPFC_tsh,5-15,-0.2261164996287379,49,-0.22556986877005308,MAP_PMU,109,0.0005466308586848101
4,UPFC_Vse,5-15,0.062344043101366445,49,0.061639541583382286,MAP_PMU,109,0.0007045015179841588
5,UPFC_tse,5-15,-2.1926465852743777,49,-2.1573456201497017,MAP_PMU,109,0.035300965124676065
0,x_tcsc,1-14,-0.14614494029034636,50,-0.1392478924651935,MAP_PMU,109,0.006897047825152852
1,B_svc,2,0.3019361918960898,50,0.30020249469835686,MAP_PMU,109,0.0017336971977329196
2,UPFC_Vsh,5-15,1.1045671376463082,50,1.1049876864946313,MAP_PMU,109,0.000420548848323099
3,UPFC_tsh,5-15,-0.22618333135412827,50,-0.22556986877005308,MAP_PMU,109,0.0006134625840751862
4,UPFC_Vse,5-15,0.06238559040661479,50,0.061639541583382286,MAP_PMU,109,0.0007460488232325022
5,UPFC_tse,5-15,-2.1978629456670467,50,-2.1573456201497017,MAP_PMU,109,0.04051732551734499
0,x_tcsc,1-14,-0.1457545532487572,51,-0.1392478924651935,MAP_PMU,109,0.006506660783563684
1,B_svc,2,0.301947064974438,51,0.30020249469835686,MAP_PMU,109,0.0017445702760811588
2,UPFC_Vsh,5-15,1.104494745389925,51,1.1049876864946313,MAP_PMU,109,0.0004929411047063237
3,UPFC_tsh,5-15,-0.2260828458715158,51,-0.22556986877005308,MAP_PMU,109,0.0005129771014627249
4,UPFC_Vse,5-15,0.0623550744643959,51,0.061639541583382286,MAP_PMU,109,0.0007155328810136141
5,UPFC_tse,5-15,-2.1881481737967095,51,-2.1573456201497017,MAP_PMU,109,0.03080255364700779
0,x_tcsc,1-14,-0.1468230091211218,52,-0.1392478924651935,MAP_PMU,109,0.0075751166559283045
1,B_svc,2,0.3023727380191109,52,0.30020249469835686,MAP_PMU,109,0.0021702433207540506
2,UPFC_Vsh,5-15,1.1039686020417663,52,1.1049876864946313,MAP_PMU,109,0.0010190844528650267
3,UPFC_tsh,5-15,-0.22620911409583286,52,-0.22556986877005308,MAP_PMU,109,0.0006392453257797748
4,UPFC_Vse,5-15,0.06263297398451602,52,0.061639541583382286,MAP_PMU,109,0.0009934324011337328
5,UPFC_tse,5-15,-2.1932593758520826,52,-2.1573456201497017,MAP_PMU,109,0.03591375570238098
0,x_tcsc,1-14,-0.14561033895609976,53,-0.1392478924651935,MAP_PMU,109,0.006362446490906254
1,B_svc,2,0.3027859062994779,53,0.30020249469835686,MAP_PMU,109,0.0025834116011210218
2,UPFC_Vsh,5-15,1.1047247569953984,53,1.1049876864946313,MAP_PMU,109,0.0002629294992329001
3,UPFC_tsh,5-15,-0.22606247840203844,53,-0.22556986877005308,MAP_PMU,109,0.0004926096319853579
4,UPFC_Vse,5-15,0.06244724403748411,53,0.061639541583382286,MAP_PMU,109,0.000807702454101826
5,UPFC_tse,5-15,-2.189931652463517,53,-2.1573456201497017,MAP_PMU,109,0.032586032313815405
0,x_tcsc,1-14,-0.14668757603973157,54,-0.1392478924651935,MAP_PMU,109,0.0074396835745380585
1,B_svc,2,0.3023545090775355,54,0.30020249469835686,MAP_PMU,109,0.0021520143791786683
2,UPFC_Vsh,5-15,1.1041929615779555,54,1.1049876864946313,MAP_PMU,109,0.0007947249166757597
3,UPFC_tsh,5-15,-0.22615844432395665,54,-0.22556986877005308,MAP_PMU,109,0.0005885755539035697
4,UPFC_Vse,5-15,0.06291297229943772,54,0.061639541583382286,MAP_PMU,109,0.0012734307160554362
5,UPFC_tse,5-15,-2.207108732749046,54,-2.1573456201497017,MAP_PMU,109,0.04976311259934452
0,x_tcsc,1-14,-0.1464559517733895,55,-0.1392478924651935,MAP_PMU,109,0.007208059308195985
1,B_svc,2,0.3028850277057719,55,0.30020249469835686,MAP_PMU,109,0.0026825330074150555
2,UPFC_Vsh,5-15,1.1040454583201813,55,1.1049876864946313,MAP_PMU,109,0.0009422281744499994
3,UPFC_tsh,5-15,-0.22613064843228253,55,-0.22556986877005308,MAP_PMU,109,0.0005607796622294492
4,UPFC_Vse,5-15,0.06273347863245911,55,0.061639541583382286,MAP_PMU,109,0.0010939370490768222
5,UPFC_tse,5-15,-2.203150597831165,55,-2.1573456201497017,MAP_PMU,109,0.0458049776814633
0,x_tcsc,1-14,-0.14580933014990435,56,-0.1392478924651935,MAP_PMU,109,0.006561437684710847
1,B_svc,2,0.302253557489553,56,0.30020249469835686,MAP_PMU,109,0.0020510627911961565
2,UPFC_Vsh,5-15,1.1045127981528338,56,1.1049876864946313,MAP_PMU,109,0.00047488834179754136
3,UPFC_tsh,5-15,-0.22614337511619065,56,-0.22556986877005308,MAP_PMU,109,0.0005735063461375645
4,UPFC_Vse,5-15,0.0626605203869039,56,0.061639541583382286,MAP_PMU,109,0.0010209788035216091
5,UPFC_tse,5-15,-2.193620484175662,56,-2.1573456201497017,MAP_PMU,109,0.03627486402596025
0,x_tcsc,1-14,-0.145698126771611,57,-0.1392478924651935,MAP_PMU,109,0.006450234306417502
1,B_svc,2,0.30180046467359867,57,0.30020249469835686,MAP_PMU,109,0.0015979699752418086
2,UPFC_Vsh,5-15,1.104670726971241,57,1.1049876864946313,MAP_PMU,109,0.0003169595233902811
3,UPFC_tsh,5-15,-0.2260821216996682,57,-0.22556986877005308,MAP_PMU,109,0.0005122529296151257
4,UPFC_Vse,5-15,0.06191288692493015,57,0.061639541583382286,MAP_PMU,109,0.00027334534154786067
5,UPFC_tse,5-15,-2.1908026813524617,57,-2.1573456201497017,MAP_PMU,109,0.03345706120276004
0,x_tcsc,1-14,-0.14579795004184448,58,-0.1392478924651935,MAP_PMU,109,0.006550057576650975
1,B_svc,2,0.30230861473144993,58,0.30020249469835686,MAP_PMU,109,0.002106120033093073
2,UPFC_Vsh,5-15,1.104136136734182,58,1.1049876864946313,MAP_PMU,109,0.0008515497604493216
3,UPFC_tsh,5-15,-0.22618588880571194,58,-0.22556986877005308,MAP_PMU,109,0.0006160200356588597
4,UPFC_Vse,5-15,0.06261612235527117,58,0.061639541583382286,MAP_PMU,109,0.0009765807718888839
5,UPFC_tse,5-15,-2.193290104365673,58,-2.1573456201497017,MAP_PMU,109,0.03594448421597152
0,x_tcsc,1-14,-0.1458145281878442,59,-0.1392478924651935,MAP_PMU,109,0.006566635722650704
1,B_svc,2,0.3017967416382679,59,0.30020249469835686,MAP_PMU,109,0.0015942469399110593
2,UPFC_Vsh,5-15,1.1044235323562224,59,1.1049876864946313,MAP_PMU,109,0.0005641541384089344
3,UPFC_tsh,5-15,-0.22612336082129644,59,-0.22556986877005308,MAP_PMU,109,0.0005534920512433594
4,UPFC_Vse,5-15,0.06245560366203499,59,0.061639541583382286,MAP_PMU,109,0.0008160620786527018
5,UPFC_tse,5-15,-2.1940541923038244,59,-2.1573456201497017,MAP_PMU,109,0.03670857215412271
0,x_tcsc,1-14,-0.14587813895148086,60,-0.1392478924651935,MAP_PMU,109,0.00663024648628735
1,B_svc,2,0.30228905717435894,60,0.30020249469835686,MAP_PMU,109,0.002086562476002085
2,UPFC_Vsh,5-15,1.104543251696322,60,1.1049876864946313,MAP_PMU,109,0.0004444347983092456
3,UPFC_tsh,5-15,-0.2260182412618435,60,-0.22556986877005308,MAP_PMU,109,0.0004483724917904164
4,UPFC_Vse,5-15,0.062210345658417786,60,0.061639541583382286,MAP_PMU,109,0.0005708040750354998
5,UPFC_tse,5-15,-2.1963789363013504,60,-2.1573456201497017,MAP_PMU,109,0.039033316151648734
0,x_tcsc,1-14,-0.14547606902737756,61,-0.1392478924651935,MAP_PMU,109,0.006228176562184051
1,B_svc,2,0.30243466651540735,61,0.30020249469835686,MAP_PMU,109,0.002232171817050488
2,UPFC_Vsh,5-15,1.1049702400877053,61,1.1049876864946313,MAP_PMU,109,1.744640692602495e-05
3,UPFC_tsh,5-15,-0.22599319978046253,61,-0.22556986877005308,MAP_PMU,109,0.0004233310104094501
4,UPFC_Vse,5-15,0.06207515267320311,61,0.061639541583382286,MAP_PMU,109,0.0004356110898208268
5,UPFC_tse,5-15,-2.1840747622190353,61,-2.1573456201497017,MAP_PMU,109,0.026729142069333633
0,x_tcsc,1-14,-0.14629812990682986,62,-0.1392478924651935,MAP_PMU,109,0.007050237441636353
1,B_svc,2,0.3021573256515788,62,0.30020249469835686,MAP_PMU,109,0.0019548309532219643
2,UPFC_Vsh,5-15,1.1043006655024887,62,1.1049876864946313,MAP_PMU,109,0.000687020992142573
3,UPFC_tsh,5-15,-0.22606065192383473,62,-0.22556986877005308,MAP_PMU,109,0.0004907831537816487
4,UPFC_Vse,5-15,0.06190423458234203,62,0.061639541583382286,MAP_PMU,109,0.0002646929989597452
5,UPFC_tse,5-15,-2.188947746591942,62,-2.1573456201497017,MAP_PMU,109,0.03160212644224014
0,x_tcsc,1-14,-0.14614097695260422,63,-0.1392478924651935,MAP_PMU,109,0.006893084487410717
1,B_svc,2,0.30210045949918113,63,0.30020249469835686,MAP_PMU,109,0.00189796480082427
2,UPFC_Vsh,5-15,1.1046648314814784,63,1.1049876864946313,MAP_PMU,109,0.00032285501315287846
3,UPFC_tsh,5-15,-0.22607873439766446,63,-0.22556986877005308,MAP_PMU,109,0.0005088656276113768
4,UPFC_Vse,5-15,0.061654044025172855,63,0.061639541583382286,MAP_PMU,109,1.4502441790568976e-05
5,UPFC_tse,5-15,-2.180397694170141,63,-2.1573456201497017,MAP_PMU,109,0.023052074020439406
0,x_tcsc,1-14,-0.14593158867350117,64,-0.1392478924651935,MAP_PMU,109,0.006683696208307666
1,B_svc,2,0.3020911783224804,64,0.30020249469835686,MAP_PMU,109,0.0018886836241235327
2,UPFC_Vsh,5-15,1.104283590669268,64,1.1049876864946313,MAP_PMU,109,0.0007040958253632379
3,UPFC_tsh,5-15,-0.226136123727212,64,-0.22556986877005308,MAP_PMU,109,0.0005662549571589237
4,UPFC_Vse,5-15,0.06249962122627047,64,0.061639541583382286,MAP_PMU,109,0.0008600796428881868
5,UPFC_tse,5-15,-2.197614889987628,64,-2.1573456201497017,MAP_PMU,109,0.04026926983792656
0,x_tcsc,1-14,-0.1459063613428496,65,-0.1392478924651935,MAP_PMU,109,0.006658468877656087
1,B_svc,2,0.30186554377766517,65,0.30020249469835686,MAP_PMU,109,0.0016630490793083097
2,UPFC_Vsh,5-15,1.104875886428792,65,1.1049876864946313,MAP_PMU,109,0.00011180006583932922
3,UPFC_tsh,5-15,-0.2260211563273962,65,-0.22556986877005308,MAP_PMU,109,0.00045128755734311077
4,UPFC_Vse,5-15,0.06228684724088693,65,0.061639541583382286,MAP_PMU,109,0.0006473056575046418
5,UPFC_tse,5-15,-2.1943129120529563,65,-2.1573456201497017,MAP_PMU,109,0.03696729190325465
0,x_tcsc,1-14,-0.14637739885937345,66,-0.1392478924651935,MAP_PMU,109,0.007129506394179946
1,B_svc,2,0.30221934286261726,66,0.30020249469835686,MAP_PMU,109,0.0020168481642603986
2,UPFC_Vsh,5-15,1.1042711967931058,66,1.1049876864946313,MAP_PMU,109,0.0007164897015254912
3,UPFC_tsh,5-15,-0.22610954671276826,66,-0.22556986877005308,MAP_PMU,109,0.0005396779427151721
4,UPFC_Vse,5-15,0.06248808762827931,66,0.061639541583382286,MAP_PMU,109,0.0008485460448970222
5,UPFC_tse,5-15,-2.1947320053525186,66,-2.1573456201497017,MAP_PMU,109,0.037386385202816896
0,x_tcsc,1-14,-0.1461658537131411,67,-0.1392478924651935,MAP_PMU,109,0.006917961247947579
1,B_svc,2,0.302400706173309,67,0.30020249469835686,MAP_PMU,109,0.0021982114749521386
2,UPFC_Vsh,5-15,1.1041977415690185,67,1.1049876864946313,MAP_PMU,109,0.0007899449256127955
3,UPFC_tsh,5-15,-0.22609590153353856,67,-0.22556986877005308,MAP_PMU,109,0.0005260327634854789
4,UPFC_Vse,5-15,0.062455671691875166,67,0.061639541583382286,MAP_PMU,109,0.0008161301084928796
5,UPFC_tse,5-15,-2.1959513632588603,67,-2.1573456201497017,MAP_PMU,109,0.03860574310915865
0,x_tcsc,1-14,-0.14519334287539315,68,-0.1392478924651935,MAP_PMU,109,0.005945450410199643
1,B_svc,2,0.30260531229973686,68,0.30020249469835686,MAP_PMU,109,0.002402817601380003
2,UPFC_Vsh,5-15,1.1046185695247204,68,1.1049876864946313,MAP_PMU,109,0.000369116969910932
3,UPFC_tsh,5-15,-0.22607531212637316,68,-0.22556986877005308,MAP_PMU,109,0.0005054433563200789
4,UPFC_Vse,5-15,0.06254051241163282,68,0.061639541583382286,MAP_PMU,109,0.0009009708282505316
5,UPFC_tse,5-15,-2.188309986847062,68,-2.1573456201497017,MAP_PMU,109,0.030964366697360468
0,x_tcsc,1-14,-0.14614007152626607,69,-0.1392478924651935,MAP_PMU,109,0.006892179061072562
1,B_svc,2,0.3026398209572084,69,0.30020249469835686,MAP_PMU,109,0.0024373262588515687
2,UPFC_Vsh,5-15,1.1046430248638814,69,1.1049876864946313,MAP_PMU,109,0.0003446616307498651
3,UPFC_tsh,5-15,-0.22610013948177354,69,-0.22556986877005308,MAP_PMU,109,0.0005302707117204597
4,UPFC_Vse,5-15,0.06176649315540729,69,0.061639541583382286,MAP_PMU,109,0.0001269515720250039
5,UPFC_tse,5-15,-2.198545308844975,69,-2.1573456201497017,MAP_PMU,109,0.04119968869527346
0,x_tcsc,1-14,-0.14614882258017842,70,-0.1392478924651935,MAP_PMU,109,0.00690093011498491
1,B_svc,2,0.3026429111704862,70,0.30020249469835686,MAP_PMU,109,0.0024404164721293364
2,UPFC_Vsh,5-15,1.1040457080469437,70,1.1049876864946313,MAP_PMU,109,0.0009419784476876192
3,UPFC_tsh,5-15,-0.22620262622827708,70,-0.22556986877005308,MAP_PMU,109,0.0006327574582239981
4,UPFC_Vse,5-15,0.06271042397248903,70,0.061639541583382286,MAP_PMU,109,0.001070882389106749
5,UPFC_tse,5-15,-2.201456951460588,70,-2.1573456201497017,MAP_PMU,109,0.04411133131088629
0,x_tcsc,1-14,-0.14688844901938472,71,-0.1392478924651935,MAP_PMU,109,0.0076405565541912135
1,B_svc,2,0.30186583268144795,71,0.30020249469835686,MAP_PMU,109,0.0016633379830910955
2,UPFC_Vsh,5-15,1.1041399988759244,71,1.1049876864946313,MAP_PMU,109,0.0008476876187069049
3,UPFC_tsh,5-15,-0.22617472074215092,71,-0.22556986877005308,MAP_PMU,109,0.0006048519720978363
4,UPFC_Vse,5-15,0.06227795975351537,71,0.061639541583382286,MAP_PMU,109,0.0006384181701330829
5,UPFC_tse,5-15,-2.203759144061815,71,-2.1573456201497017,MAP_PMU,109,0.04641352391211351
0,x_tcsc,1-14,-0.14535354308851978,72,-0.1392478924651935,MAP_PMU,109,0.00610565062332627
1,B_svc,2,0.30170230454100566,72,0.30020249469835686,MAP_PMU,109,0.0014998098426488027
2,UPFC_Vsh,5-15,1.104722228706014,72,1.1049876864946313,MAP_PMU,109,0.00026545778861719604
3,UPFC_tsh,5-15,-0.2261001483765271,72,-0.22556986877005308,MAP_PMU,109,0.0005302796064740045
4,UPFC_Vse,5-15,0.061904324086131175,72,0.061639541583382286,MAP_PMU,109,0.00026478250274888926
5,UPFC_tse,5-15,-2.1949765768021257,72,-2.1573456201497017,MAP_PMU,109,0.037630956652424
0,x_tcsc,1-14,-0.14647400139788075,73,-0.1392478924651935,MAP_PMU,109,0.007226108932687242
1,B_svc,2,0.30185495203857005,73,0.30020249469835686,MAP_PMU,109,0.001652457340213187
2,UPFC_Vsh,5-15,1.104259414702295,73,1.1049876864946313,MAP_PMU,109,0.0007282717923362547
3,UPFC_tsh,5-15,-0.22611506161799577,73,-0.22556986877005308,MAP_PMU,109,0.0005451928479426882
4,UPFC_Vse,5-15,0.0625974578525474,73,0.061639541583382286,MAP_PMU,109,0.0009579162691651169
5,UPFC_tse,5-15,-2.197543748353384,73,-2.1573456201497017,MAP_PMU,109,0.040198128203682515
0,x_tcsc,1-14,-0.14580897213011787,74,-0.1392478924651935,MAP_PMU,109,0.006561079664924363
1,B_svc,2,0.3022325556160799,74,0.30020249469835686,MAP_PMU,109,0.0020300609177230644
2,UPFC_Vsh,5-15,1.1043134698356876,74,1.1049876864946313,MAP_PMU,109,0.0006742166589437382
3,UPFC_tsh,5-15,-0.22617171901795402,74,-0.22556986877005308,MAP_PMU,109,0.0006018502479009369
4,UPFC_Vse,5-15,0.06236490042362297,74,0.061639541583382286,MAP_PMU,109,0.0007253588402406849
5,UPFC_tse,5-15,-2.1861578930073104,74,-2.1573456201497017,MAP_PMU,109,0.02881227285760879
0,x_tcsc,1-14,-0.1459722712440439,75,-0.1392478924651935,MAP_PMU,109,0.006724378778850404
1,B_svc,2,0.3028164669790416,75,0.30020249469835686,MAP_PMU,109,0.0026139722806847177
2,UPFC_Vsh,5-15,1.1046630292830943,75,1.1049876864946313,MAP_PMU,109,0.0003246572115369606
3,UPFC_tsh,5-15,-0.22603270075081724,75,-0.22556986877005308,MAP_PMU,109,0.0004628319807641612
4,UPFC_Vse,5-15,0.062059295827421576,75,0.061639541583382286,MAP_PMU,109,0.0004197542440392901
5,UPFC_tse,5-15,-2.1862154198496437,75,-2.1573456201497017,MAP_PMU,109,0.028869799699942078
0,x_tcsc,1-14,-0.14577518366961567,76,-0.1392478924651935,MAP_PMU,109,0.006527291204422164
1,B_svc,2,0.3024161133671805,76,0.30020249469835686,MAP_PMU,109,0.002213618668823636
2,UPFC_Vsh,5-15,1.1045383171327658,76,1.1049876864946313,MAP_PMU,109,0.0004493693618654593
3,UPFC_tsh,5-15,-0.22610974073453935,76,-0.22556986877005308,MAP_PMU,109,0.000539871964486266
4,UPFC_Vse,5-15,0.06270082659029531,76,0.061639541583382286,MAP_PMU,109,0.0010612850069130278
5,UPFC_tse,5-15,-2.1923317925011854,76,-2.1573456201497017,MAP_PMU,109,0.03498617235148371
0,x_tcsc,1-14,-0.1464533038686037,77,-0.1392478924651935,MAP_PMU,109,0.007205411403410189
1,B_svc,2,0.302549725132755,77,0.30020249469835686,MAP_PMU,109,0.002347230434398162
2,UPFC_Vsh,5-15,1.1042244180027325,77,1.1049876864946313,MAP_PMU,109,0.0007632684918987831
3,UPFC_tsh,5-15,-0.22622845721134338,77,-0.22556986877005308,MAP_PMU,109,0.0006585884412902976
4,UPFC_Vse,5-15,0.06289229434046976,77,0.061639541583382286,MAP_PMU,109,0.0012527527570874789
5,UPFC_tse,5-15,-2.199869024964968,77,-2.1573456201497017,MAP_PMU,109,0.042523404815266286
0,x_tcsc,1-14,-0.14579897512642612,78,-0.1392478924651935,MAP_PMU,109,0.00655108266123261
1,B_svc,2,0.3021325930775653,78,0.30020249469835686,MAP_PMU,109,0.0019300983792084336
2,UPFC_Vsh,5-15,1.1050073467089019,78,1.1049876864946313,MAP_PMU,109,1.966021427057818e-05
3,UPFC_tsh,5-15,-0.2260048480851065,78,-0.22556986877005308,MAP_PMU,109,0.0004349793150534298
4,UPFC_Vse,5-15,0.062061987210669634,78,0.061639541583382286,MAP_PMU,109,0.0004224456272873475
5,UPFC_tse,5-15,-2.18447042471804,78,-2.1573456201497017,MAP_PMU,109,0.027124804568338323
0,x_tcsc,1-14,-0.14625751640996876,79,-0.1392478924651935,MAP_PMU,109,0.007009623944775251
1,B_svc,2,0.30207910089385975,79,0.30020249469835686,MAP_PMU,109,0.0018766061955028945
2,UPFC_Vsh,5-15,1.1045560241103762,79,1.1049876864946313,MAP_PMU,109,0.00043166238425507153
3,UPFC_tsh,5-15,-0.22610320655397348,79,-0.22556986877005308,MAP_PMU,109,0.0005333377839203957
4,UPFC_Vse,5-15,0.061873630341134515,79,0.061639541583382286,MAP_PMU,109,0.00023408875775222937
5,UPFC_tse,5-15,-2.1959381672343725,79,-2.1573456201497017,MAP_PMU,109,0.03859254708467086
0,x_tcsc,1-14,-0.14667143475111238,80,-0.1392478924651935,MAP_PMU,109,0.007423542285918877
1,B_svc,2,0.3018425522368391,80,0.30020249469835686,MAP_PMU,109,0.0016400575384822313
2,UPFC_Vsh,5-15,1.1041795745563356,80,1.1049876864946313,MAP_PMU,109,0.0008081119382956636
3,UPFC_tsh,5-15,-0.22618373384351492,80,-0.22556986877005308,MAP_PMU,109,0.0006138650734618389
4,UPFC_Vse,5-15,0.06254646584436092,80,0.061639541583382286,MAP_PMU,109,0.0009069242609786379
5,UPFC_tse,5-15,-2.2020508776066863,80,-2.1573456201497017,MAP_PMU,109,0.044705257456984615
0,x_tcsc,1-14,-0.14538739654298988,81,-0.1392478924651935,MAP_PMU,109,0.0061395040777963705
1,B_svc,2,0.3016410451580767,81,0.30020249469835686,MAP_PMU,109,0.0014385504597198562
2,UPFC_Vsh,5-15,1.1047069343766096,81,1.1049876864946313,MAP_PMU,109,0.00028075211802169875
3,UPFC_tsh,5-15,-0.22605217247091186,81,-0.22556986877005308,MAP_PMU,109,0.00048230370085877716
4,UPFC_Vse,5-15,0.06251821975782004,81,0.061639541583382286,MAP_PMU,109,0.0008786781744377567
5,UPFC_tse,5-15,-2.191989821669877,81,-2.1573456201497017,MAP_PMU,109,0.03464420152017533
0,x_tcsc,1-14,-0.14627039850483795,82,-0.1392478924651935,MAP_PMU,109,0.007022506039644438
1,B_svc,2,0.30185694892262555,82,0.30020249469835686,MAP_PMU,109,0.0016544542242686866
2,UPFC_Vsh,5-15,1.10445183526756,82,1.1049876864946313,MAP_PMU,109,0.0005358512270712268
3,UPFC_tsh,5-15,-0.22612006153070635,82,-0.22556986877005308,MAP_PMU,109,0.0005501927606532675
4,UPFC_Vse,5-15,0.06224750333829726,82,0.061639541583382286,MAP_PMU,109,0.0006079617549149749
5,UPFC_tse,5-15,-2.201622899509918,82,-2.1573456201497017,MAP_PMU,109,0.044277279360216415
0,x_tcsc,1-14,-0.1461041263871737,83,-0.1392478924651935,MAP_PMU,109,0.006856233921980204
1,B_svc,2,0.30241595723122333,83,0.30020249469835686,MAP_PMU,109,0.0022134625328664725
2,UPFC_Vsh,5-15,1.1045798090000416,83,1.1049876864946313,MAP_PMU,109,0.00040787749458970346
3,UPFC_tsh,5-15,-0.22607174548464604,83,-0.22556986877005308,MAP_PMU,109,0.0005018767145929526
4,UPFC_Vse,5-15,0.06247248431096705,83,0.061639541583382286,MAP_PMU,109,0.0008329427275847665
5,UPFC_tse,5-15,-2.1903548220089535,83,-2.1573456201497017,MAP_PMU,109,0.033009201859251824
0,x_tcsc,1-14,-0.14607017243993017,84,-0.1392478924651935,MAP_PMU,109,0.006822279974736667
1,B_svc,2,0.3020358199876237,84,0.30020249469835686,MAP_PMU,109,0.0018333252892668295
2,UPFC_Vsh,5-15,1.104818356487635,84,1.1049876864946313,MAP_PMU,109,0.00016933000699626
3,UPFC_tsh,5-15,-0.22601149954513303,84,-0.22556986877005308,MAP_PMU,109,0.0004416307750799431
4,UPFC_Vse,5-15,0.06192791355590894,84,0.061639541583382286,MAP_PMU,109,0.00028837197252665203
5,UPFC_tse,5-15,-2.1787156817986744,84,-2.1573456201497017,MAP_PMU,109,0.021370061648972705
0,x_tcsc,1-14,-0.1460016462660028,85,-0.1392478924651935,MAP_PMU,109,0.006753753800809281
1,B_svc,2,0.30203564571679303,85,0.30020249469835686,MAP_PMU,109,0.0018331510184361743
2,UPFC_Vsh,5-15,1.104451214431927,85,1.1049876864946313,MAP_PMU,109,0.0005364720627043518
3,UPFC_tsh,5-15,-0.22614161236342362,85,-0.22556986877005308,MAP_PMU,109,0.0005717435933705328
4,UPFC_Vse,5-15,0.06230048694654449,85,0.061639541583382286,MAP_PMU,109,0.0006609453631622048
5,UPFC_tse,5-15,-2.1976191033725185,85,-2.1573456201497017,MAP_PMU,109,0.040273483222816875
0,x_tcsc,1-14,-0.14552496213397412,86,-0.1392478924651935,MAP_PMU,109,0.0062770696687806105
1,B_svc,2,0.3016610115799173,86,0.30020249469835686,MAP_PMU,109,0.0014585168815604566
2,UPFC_Vsh,5-15,1.105125061111535,86,1.1049876864946313,MAP_PMU,109,0.00013737461690377373
3,UPFC_tsh,5-15,-0.2260122274441124,86,-0.22556986877005308,MAP_PMU,109,0.0004423586740593122
4,UPFC_Vse,5-15,0.062461910623539826,86,0.061639541583382286,MAP_PMU,109,0.0008223690401575404
5,UPFC_tse,5-15,-2.1928955540952484,86,-2.1573456201497017,MAP_PMU,109,0.03554993394554673
0,x_tcsc,1-14,-0.14599241730063595,87,-0.1392478924651935,MAP_PMU,109,0.006744524835442439
1,B_svc,2,0.30184284092570907,87,0.30020249469835686,MAP_PMU,109,0.0016403462273522074
2,UPFC_Vsh,5-15,1.1038095583924992,87,1.1049876864946313,MAP_PMU,109,0.0011781281021321366
3,UPFC_tsh,5-15,-0.22615179921308615,87,-0.22556986877005308,MAP_PMU,109,0.000581930443033063
4,UPFC_Vse,5-15,0.06264975970373313,87,0.061639541583382286,MAP_PMU,109,0.0010102181203508406
5,UPFC_tse,5-15,-2.2029496705369653,87,-2.1573456201497017,MAP_PMU,109,0.04560405038726367
0,x_tcsc,1-14,-0.1463807739357109,88,-0.1392478924651935,MAP_PMU,109,0.007132881470517383
1,B_svc,2,0.30162717767247665,88,0.30020249469835686,MAP_PMU,109,0.0014246829741197953
2,UPFC_Vsh,5-15,1.1044929248501905,88,1.1049876864946313,MAP_PMU,109,0.0004947616444408443
3,UPFC_tsh,5-15,-0.22616741942212873,88,-0.22556986877005308,MAP_PMU,109,0.0005975506520756457
4,UPFC_Vse,5-15,0.06183391911657852,88,0.061639541583382286,MAP_PMU,109,0.00019437753319623274
5,UPFC_tse,5-15,-2.203593263993471,88,-2.1573456201497017,MAP_PMU,109,0.04624764384376956
0,x_tcsc,1-14,-0.14560259555090468,89,-0.1392478924651935,MAP_PMU,109,0.0063547030857111775
1,B_svc,2,0.3017629382165028,89,0.30020249469835686,MAP_PMU,109,0.0015604435181459375
2,UPFC_Vsh,5-15,1.104709966323057,89,1.1049876864946313,MAP_PMU,109,0.0002777201715742361
3,UPFC_tsh,5-15,-0.2261362447798013,89,-0.22556986877005308,MAP_PMU,109,0.0005663760097482096
4,UPFC_Vse,5-15,0.061906131232836045,89,0.061639541583382286,MAP_PMU,109,0.00026658964945375924
5,UPFC_tse,5-15,-2.1879154612583807,89,-2.1573456201497017,MAP_PMU,109,0.030569841108678997
0,x_tcsc,1-14,-0.14580386509263638,90,-0.1392478924651935,MAP_PMU,109,0.006555972627442869
1,B_svc,2,0.30257992891138463,90,0.30020249469835686,MAP_PMU,109,0.0023774342130277737
2,UPFC_Vsh,5-15,1.1044740611845332,90,1.1049876864946313,MAP_PMU,109,0.0005136253100981314
3,UPFC_tsh,5-15,-0.22611851135315655,90,-0.22556986877005308,MAP_PMU,109,0.0005486425831034702
4,UPFC_Vse,5-15,0.061977659567959406,90,0.061639541583382286,MAP_PMU,109,0.0003381179845771201
5,UPFC_tse,5-15,-2.1964216048132887,90,-2.1573456201497017,MAP_PMU,109,0.03907598466358708
0,x_tcsc,1-14,-0.14602580864353448,91,-0.1392478924651935,MAP_PMU,109,0.006777916178340976
1,B_svc,2,0.30191434357285385,91,0.30020249469835686,MAP_PMU,109,0.0017118488744969906
2,UPFC_Vsh,5-15,1.1041046091580595,91,1.1049876864946313,MAP_PMU,109,0.0008830773365717803
3,UPFC_tsh,5-15,-0.2261810165147104,91,-0.22556986877005308,MAP_PMU,109,0.0006111477446573144
4,UPFC_Vse,5-15,0.06261775546268614,91,0.061639541583382286,MAP_PMU,109,0.0009782138793038506
5,UPFC_tse,5-15,-2.1992939826130224,91,-2.1573456201497017,MAP_PMU,109,0.04194836246332079
0,x_tcsc,1-14,-0.14578948306929812,92,-0.1392478924651935,MAP_PMU,109,0.0065415906041046135
1,B_svc,2,0.3020395155756921,92,0.30020249469835686,MAP_PMU,109,0.001837020877335227
2,UPFC_Vsh,5-15,1.1045939584332993,92,1.1049876864946313,MAP_PMU,109,0.00039372806133197713
3,UPFC_tsh,5-15,-0.2260811460584723,92,-0.22556986877005308,MAP_PMU,109,0.0005112772884192096
4,UPFC_Vse,5-15,0.06245220230858834,92,0.061639541583382286,MAP_PMU,109,0.0008126607252060547
5,UPFC_tse,5-15,-2.193563259104298,92,-2.1573456201497017,MAP_PMU,109,0.03621763895459651
0,x_tcsc,1-14,-0.1468503088902041,93,-0.1392478924651935,MAP_PMU,109,0.007602416425010583
1,B_svc,2,0.3019803005945138,93,0.30020249469835686,MAP_PMU,109,0.0017778058961569476
2,UPFC_Vsh,5-15,1.1039904533177634,93,1.1049876864946313,MAP_PMU,109,0.000997233176867951
3,UPFC_tsh,5-15,-0.22616024613394758,93,-0.22556986877005308,MAP_PMU,109,0.0005903773638945009
4,UPFC_Vse,5-15,0.06307652933742336,93,0.061639541583382286,MAP_PMU,109,0.0014369877540410733
5,UPFC_tse,5-15,-2.198390299551016,93,-2.1573456201497017,MAP_PMU,109,0.04104467940131418
0,x_tcsc,1-14,-0.1460247801229604,94,-0.1392478924651935,MAP_PMU,109,0.006776887657766906
1,B_svc,2,0.3018685030422607,94,0.30020249469835686,MAP_PMU,109,0.0016660083439038464
2,UPFC_Vsh,5-15,1.1044186239284697,94,1.1049876864946313,MAP_PMU,109,0.0005690625661616266
3,UPFC_tsh,5-15,-0.22615898240062093,94,-0.22556986877005308,MAP_PMU,109,0.0005891136305678502
4,UPFC_Vse,5-15,0.06212588567446371,94,0.061639541583382286,MAP_PMU,109,0.0004863440910814268
5,UPFC_tse,5-15,-2.1973429574417436,94,-2.1573456201497017,MAP_PMU,109,0.03999733729204191
0,x_tcsc,1-14,-0.1460688786719375,95,-0.1392478924651935,MAP_PMU,109,0.006820986206743984
1,B_svc,2,0.301892144173829,95,0.30020249469835686,MAP_PMU,109,0.0016896494754721214
2,UPFC_Vsh,5-15,1.104711702065999,95,1.1049876864946313,MAP_PMU,109,0.00027598442863241424
3,UPFC_tsh,5-15,-0.22614576481436177,95,-0.22556986877005308,MAP_PMU,109,0.000575896044308688
4,UPFC_Vse,5-15,0.06195250353380719,95,0.061639541583382286,MAP_PMU,109,0.00031296195042490593
5,UPFC_tse,5-15,-2.192870581105254,95,-2.1573456201497017,MAP_PMU,109,0.03552496095555213
0,x_tcsc,1-14,-0.14594774006816916,96,-0.1392478924651935,MAP_PMU,109,0.00669984760297565
1,B_svc,2,0.3027191440566913,96,0.30020249469835686,MAP_PMU,109,0.002516649358334455
2,UPFC_Vsh,5-15,1.1040019957535854,96,1.1049876864946313,MAP_PMU,109,0.0009856907410459304
3,UPFC_tsh,5-15,-0.22618025497186797,96,-0.22556986877005308,MAP_PMU,109,0.0006103862018148887
4,UPFC_Vse,5-15,0.06232381094410589,96,0.061639541583382286,MAP_PMU,109,0.000684269360723605
5,UPFC_tse,5-15,-2.200756149752566,96,-2.1573456201497017,MAP_PMU,109,0.0434105296028644
0,x_tcsc,1-14,-0.1462250544045631,97,-0.1392478924651935,MAP_PMU,109,0.006977161939369592
1,B_svc,2,0.30220762605830515,97,0.30020249469835686,MAP_PMU,109,0.0020051313599482867
2,UPFC_Vsh,5-15,1.1042215410529628,97,1.1049876864946313,MAP_PMU,109,0.0007661454416685309
3,UPFC_tsh,5-15,-0.22609291066230003,97,-0.22556986877005308,MAP_PMU,109,0.0005230418922469449
4,UPFC_Vse,5-15,0.06187346939126329,97,0.061639541583382286,MAP_PMU,109,0.00023392780788100698
5,UPFC_tse,5-15,-2.1983137011691967,97,-2.1573456201497017,MAP_PMU,109,0.040968081019495006
0,x_tcsc,1-14,-0.14594274335220456,98,-0.1392478924651935,MAP_PMU,109,0.00669485088701105
1,B_svc,2,0.30220412202985664,98,0.30020249469835686,MAP_PMU,109,0.002001627331499778
2,UPFC_Vsh,5-15,1.10469415795463,98,1.1049876864946313,MAP_PMU,109,0.00029352854000119777
3,UPFC_tsh,5-15,-0.22609897961933148,98,-0.22556986877005308,MAP_PMU,109,0.0005291108492783969
4,UPFC_Vse,5-15,0.06214261341458292,98,0.061639541583382286,MAP_PMU,109,0.0005030718312006369
5,UPFC_tse,5-15,-2.1932449626776327,98,-2.1573456201497017,MAP_PMU,109,0.03589934252793103
0,x_tcsc,1-14,-0.14567325527444347,99,-0.1392478924651935,MAP_PMU,109,0.006425362809249963
1,B_svc,2,0.3020372969555824,99,0.30020249469835686,MAP_PMU,109,0.001834802257225543
2,UPFC_Vsh,5-15,1.1044982911444183,99,1.1049876864946313,MAP_PMU,109,0.0004893953502129733
3,UPFC_tsh,5-15,-0.2261401153219581,99,-0.22556986877005308,MAP_PMU,109,0.0005702465519050182
4,UPFC_Vse,5-15,0.06211833215078375,99,0.061639541583382286,MAP_PMU,109,0.00047879056740146586
5,UPFC_tse,5-15,-2.1964903915254075,99,-2.1573456201497017,MAP_PMU,109,0.03914477137570582
0,x_tcsc,1-14,-0.14759770717076726,0,-0.13958563120612696,MAP_PMU,111,0.008012075964640292
1,B_svc,2,0.3039962801682344,0,0.30203519384382976,MAP_PMU,111,0.001961086324404615
2,UPFC_Vsh,5-15,1.1035405084618373,0,1.1053100449312332,MAP_PMU,111,0.001769536469395927
3,UPFC_tsh,5-15,-0.22633984906431637,0,-0.2256470553684916,MAP_PMU,111,0.000692793695824756
4,UPFC_Vse,5-15,0.062150305876427794,0,0.06071664889130474,MAP_PMU,111,0.001433656985123051
5,UPFC_tse,5-15,-2.208391578023195,0,-2.1499013915528056,MAP_PMU,111,0.05849018647038928
0,x_tcsc,1-14,-0.14671175073494894,1,-0.13958563120612696,MAP_PMU,111,0.0071261195288219725
1,B_svc,2,0.30414262390914437,1,0.30203519384382976,MAP_PMU,111,0.0021074300653146083
2,UPFC_Vsh,5-15,1.1041201256632998,1,1.1053100449312332,MAP_PMU,111,0.001189919267933437
3,UPFC_tsh,5-15,-0.2262946443456894,1,-0.2256470553684916,MAP_PMU,111,0.0006475889771977994
4,UPFC_Vse,5-15,0.06253725332015136,1,0.06071664889130474,MAP_PMU,111,0.0018206044288466214
5,UPFC_tse,5-15,-2.202652113038809,1,-2.1499013915528056,MAP_PMU,111,0.05275072148600346
0,x_tcsc,1-14,-0.14643655800798194,2,-0.13958563120612696,MAP_PMU,111,0.0068509268018549785
1,B_svc,2,0.303927188463558,2,0.30203519384382976,MAP_PMU,111,0.0018919946197282211
2,UPFC_Vsh,5-15,1.1040936009811297,2,1.1053100449312332,MAP_PMU,111,0.0012164439501034519
3,UPFC_tsh,5-15,-0.2262562192572454,2,-0.2256470553684916,MAP_PMU,111,0.0006091638887537887
4,UPFC_Vse,5-15,0.06275386646103635,2,0.06071664889130474,MAP_PMU,111,0.00203721756973161
5,UPFC_tse,5-15,-2.1983073069595225,2,-2.1499013915528056,MAP_PMU,111,0.048405915406716904
0,x_tcsc,1-14,-0.14618416303461929,3,-0.13958563120612696,MAP_PMU,111,0.006598531828492321
1,B_svc,2,0.3044170322679288,3,0.30203519384382976,MAP_PMU,111,0.0023818384240990587
2,UPFC_Vsh,5-15,1.1042233762112248,3,1.1053100449312332,MAP_PMU,111,0.001086668720008399
3,UPFC_tsh,5-15,-0.2262554458801981,3,-0.2256470553684916,MAP_PMU,111,0.0006083905117064969
4,UPFC_Vse,5-15,0.06228019109276488,3,0.06071664889130474,MAP_PMU,111,0.0015635422014601344
5,UPFC_tse,5-15,-2.1970704927543228,3,-2.1499013915528056,MAP_PMU,111,0.04716910120151718
0,x_tcsc,1-14,-0.14636008979173254,4,-0.13958563120612696,MAP_PMU,111,0.006774458585605575
1,B_svc,2,0.30471583769192856,4,0.30203519384382976,MAP_PMU,111,0.002680643848098796
2,UPFC_Vsh,5-15,1.1044111958483778,4,1.1053100449312332,MAP_PMU,111,0.0008988490828554241
3,UPFC_tsh,5-15,-0.22631434107211154,4,-0.2256470553684916,MAP_PMU,111,0.0006672857036199298
4,UPFC_Vse,5-15,0.06214215670128605,4,0.06071664889130474,MAP_PMU,111,0.0014255078099813037
5,UPFC_tse,5-15,-2.1983751716719486,4,-2.1499013915528056,MAP_PMU,111,0.04847378011914305
0,x_tcsc,1-14,-0.14666978529647884,5,-0.13958563120612696,MAP_PMU,111,0.007084154090351874
1,B_svc,2,0.30354158582200413,5,0.30203519384382976,MAP_PMU,111,0.0015063919781743706
2,UPFC_Vsh,5-15,1.1042278012763826,5,1.1053100449312332,MAP_PMU,111,0.0010822436548505454
3,UPFC_tsh,5-15,-0.2262377066651388,5,-0.2256470553684916,MAP_PMU,111,0.0005906512966471766
4,UPFC_Vse,5-15,0.062232945807858396,5,0.06071664889130474,MAP_PMU,111,0.0015162969165536527
5,UPFC_tse,5-15,-2.1935025901738356,5,-2.1499013915528056,MAP_PMU,111,0.04360119862103007
0,x_tcsc,1-14,-0.1461775889600767,6,-0.13958563120612696,MAP_PMU,111,0.006591957753949745
1,B_svc,2,0.304145314276987,6,0.30203519384382976,MAP_PMU,111,0.0021101204331572254
2,UPFC_Vsh,5-15,1.1046617697273637,6,1.1053100449312332,MAP_PMU,111,0.0006482752038694528
3,UPFC_tsh,5-15,-0.2262014986673841,6,-0.2256470553684916,MAP_PMU,111,0.0005544432988924819
4,UPFC_Vse,5-15,0.06161888612156981,6,0.06071664889130474,MAP_PMU,111,0.0009022372302650641
5,UPFC_tse,5-15,-2.185546451915553,6,-2.1499013915528056,MAP_PMU,111,0.035645060362747394
0,x_tcsc,1-14,-0.14594129855287918,7,-0.13958563120612696,MAP_PMU,111,0.0063556673467522196
1,B_svc,2,0.3040076881644082,7,0.30203519384382976,MAP_PMU,111,0.001972494320578444
2,UPFC_Vsh,5-15,1.1047583633666516,7,1.1053100449312332,MAP_PMU,111,0.0005516815645816298
3,UPFC_tsh,5-15,-0.22610205002681183,7,-0.2256470553684916,MAP_PMU,111,0.000454994658320218
4,UPFC_Vse,5-15,0.061791085885479,7,0.06071664889130474,MAP_PMU,111,0.0010744369941742549
5,UPFC_tse,5-15,-2.1893400320418905,7,-2.1499013915528056,MAP_PMU,111,0.039438640489084964
0,x_tcsc,1-14,-0.14613431172537705,8,-0.13958563120612696,MAP_PMU,111,0.0065486805192500885
1,B_svc,2,0.3041258506058754,8,0.30203519384382976,MAP_PMU,111,0.0020906567620456173
2,UPFC_Vsh,5-15,1.104412050832971,8,1.1053100449312332,MAP_PMU,111,0.0008979940982623003
3,UPFC_tsh,5-15,-0.2262401228454948,8,-0.2256470553684916,MAP_PMU,111,0.0005930674770031896
4,UPFC_Vse,5-15,0.06192938087649489,8,0.06071664889130474,MAP_PMU,111,0.0012127319851901464
5,UPFC_tse,5-15,-2.1995556311982227,8,-2.1499013915528056,MAP_PMU,111,0.04965423964541715
0,x_tcsc,1-14,-0.1465394072278436,9,-0.13958563120612696,MAP_PMU,111,0.006953776021716623
1,B_svc,2,0.3041942678295316,9,0.30203519384382976,MAP_PMU,111,0.0021590739857018093
2,UPFC_Vsh,5-15,1.1042750287978882,9,1.1053100449312332,MAP_PMU,111,0.0010350161333450014
3,UPFC_tsh,5-15,-0.22621969373199685,9,-0.2256470553684916,MAP_PMU,111,0.0005726383635052401
4,UPFC_Vse,5-15,0.06223388931581513,9,0.06071664889130474,MAP_PMU,111,0.0015172404245103882
5,UPFC_tse,5-15,-2.185321857813786,9,-2.1499013915528056,MAP_PMU,111,0.03542046626098028
0,x_tcsc,1-14,-0.14656830216742425,10,-0.13958563120612696,MAP_PMU,111,0.006982670961297288
1,B_svc,2,0.30369361090134783,10,0.30203519384382976,MAP_PMU,111,0.001658417057518069
2,UPFC_Vsh,5-15,1.1044721010502832,10,1.1053100449312332,MAP_PMU,111,0.0008379438809500428
3,UPFC_tsh,5-15,-0.22620594045667114,10,-0.2256470553684916,MAP_PMU,111,0.0005588850881795282
4,UPFC_Vse,5-15,0.06281504649510035,10,0.06071664889130474,MAP_PMU,111,0.0020983976037956056
5,UPFC_tse,5-15,-2.1946572069345693,10,-2.1499013915528056,MAP_PMU,111,0.044755815381763764
0,x_tcsc,1-14,-0.14647596350987097,11,-0.13958563120612696,MAP_PMU,111,0.006890332303744001
1,B_svc,2,0.3045190224465885,11,0.30203519384382976,MAP_PMU,111,0.002483828602758753
2,UPFC_Vsh,5-15,1.1045099863159793,11,1.1053100449312332,MAP_PMU,111,0.0008000586152538958
3,UPFC_tsh,5-15,-0.22615689013753976,11,-0.2256470553684916,MAP_PMU,111,0.0005098347690481453
4,UPFC_Vse,5-15,0.061989733924672503,11,0.06071664889130474,MAP_PMU,111,0.0012730850333677601
5,UPFC_tse,5-15,-2.183523926492793,11,-2.1499013915528056,MAP_PMU,111,0.033622534939987236
0,x_tcsc,1-14,-0.14609354222936372,12,-0.13958563120612696,MAP_PMU,111,0.006507911023236751
1,B_svc,2,0.303691032526386,12,0.30203519384382976,MAP_PMU,111,0.0016558386825562543
2,UPFC_Vsh,5-15,1.1044961848419526,12,1.1053100449312332,MAP_PMU,111,0.000813860089280638
3,UPFC_tsh,5-15,-0.22617994594047877,12,-0.2256470553684916,MAP_PMU,111,0.0005328905719871602
4,UPFC_Vse,5-15,0.06240986635756356,12,0.06071664889130474,MAP_PMU,111,0.00169321746625882
5,UPFC_tse,5-15,-2.1843422188958113,12,-2.1499013915528056,MAP_PMU,111,0.03444082734300569
0,x_tcsc,1-14,-0.14630589081844547,13,-0.13958563120612696,MAP_PMU,111,0.006720259612318508
1,B_svc,2,0.3040370496991941,13,0.30203519384382976,MAP_PMU,111,0.0020018558553643317
2,UPFC_Vsh,5-15,1.1042721960069593,13,1.1053100449312332,MAP_PMU,111,0.001037848924273943
3,UPFC_tsh,5-15,-0.2262851436247776,13,-0.2256470553684916,MAP_PMU,111,0.0006380882562860013
4,UPFC_Vse,5-15,0.062032170344551225,13,0.06071664889130474,MAP_PMU,111,0.001315521453246482
5,UPFC_tse,5-15,-2.1958681433415927,13,-2.1499013915528056,MAP_PMU,111,0.045966751788787175
0,x_tcsc,1-14,-0.14602047217655512,14,-0.13958563120612696,MAP_PMU,111,0.006434840970428152
1,B_svc,2,0.3039994289861824,14,0.30203519384382976,MAP_PMU,111,0.0019642351423526105
2,UPFC_Vsh,5-15,1.1046270316077451,14,1.1053100449312332,MAP_PMU,111,0.0006830133234880797
3,UPFC_tsh,5-15,-0.22615938934225135,14,-0.2256470553684916,MAP_PMU,111,0.0005123339737597432
4,UPFC_Vse,5-15,0.0618663504498129,14,0.06071664889130474,MAP_PMU,111,0.0011497015585081594
5,UPFC_tse,5-15,-2.1891591740767447,14,-2.1499013915528056,MAP_PMU,111,0.03925778252393908
0,x_tcsc,1-14,-0.14606973764671596,15,-0.13958563120612696,MAP_PMU,111,0.006484106440588999
1,B_svc,2,0.3040594693689025,15,0.30203519384382976,MAP_PMU,111,0.0020242755250727273
2,UPFC_Vsh,5-15,1.104158622225971,15,1.1053100449312332,MAP_PMU,111,0.0011514227052622505
3,UPFC_tsh,5-15,-0.22623783338196088,15,-0.2256470553684916,MAP_PMU,111,0.0005907780134692675
4,UPFC_Vse,5-15,0.06177670300820595,15,0.06071664889130474,MAP_PMU,111,0.0010600541169012087
5,UPFC_tse,5-15,-2.1909399948660817,15,-2.1499013915528056,MAP_PMU,111,0.041038603313276134
0,x_tcsc,1-14,-0.14628126571079259,16,-0.13958563120612696,MAP_PMU,111,0.006695634504665621
1,B_svc,2,0.3044586425188417,16,0.30203519384382976,MAP_PMU,111,0.00242344867501193
2,UPFC_Vsh,5-15,1.1042364146084986,16,1.1053100449312332,MAP_PMU,111,0.0010736303227345534
3,UPFC_tsh,5-15,-0.22628183389340534,16,-0.2256470553684916,MAP_PMU,111,0.0006347785249137261
4,UPFC_Vse,5-15,0.06270621400098027,16,0.06071664889130474,MAP_PMU,111,0.0019895651096755243
5,UPFC_tse,5-15,-2.197404764732884,16,-2.1499013915528056,MAP_PMU,111,0.047503373180078245
0,x_tcsc,1-14,-0.1463950316357913,17,-0.13958563120612696,MAP_PMU,111,0.006809400429664325
1,B_svc,2,0.30383558332234756,17,0.30203519384382976,MAP_PMU,111,0.0018003894785177943
2,UPFC_Vsh,5-15,1.1044006722618076,17,1.1053100449312332,MAP_PMU,111,0.0009093726694255899
3,UPFC_tsh,5-15,-0.22623719880404877,17,-0.2256470553684916,MAP_PMU,111,0.0005901434355571611
4,UPFC_Vse,5-15,0.062011007476220965,17,0.06071664889130474,MAP_PMU,111,0.001294358584916222
5,UPFC_tse,5-15,-2.196530445067445,17,-2.1499013915528056,MAP_PMU,111,0.04662905351463964
0,x_tcsc,1-14,-0.14662045831662146,18,-0.13958563120612696,MAP_PMU,111,0.007034827110494496
1,B_svc,2,0.3040138254159585,18,0.30203519384382976,MAP_PMU,111,0.0019786315721287417
2,UPFC_Vsh,5-15,1.1047403812702756,18,1.1053100449312332,MAP_PMU,111,0.0005696636609575645
3,UPFC_tsh,5-15,-0.226142208139978,18,-0.2256470553684916,MAP_PMU,111,0.0004951527714864012
4,UPFC_Vse,5-15,0.06177038831454259,18,0.06071664889130474,MAP_PMU,111,0.0010537394232378455
5,UPFC_tse,5-15,-2.1905500509530955,18,-2.1499013915528056,MAP_PMU,111,0.040648659400289944
0,x_tcsc,1-14,-0.1469771582296546,19,-0.13958563120612696,MAP_PMU,111,0.007391527023527633
1,B_svc,2,0.30363671785615937,19,0.30203519384382976,MAP_PMU,111,0.0016015240123296026
2,UPFC_Vsh,5-15,1.1042450778362483,19,1.1053100449312332,MAP_PMU,111,0.0010649670949849366
3,UPFC_tsh,5-15,-0.226289252170527,19,-0.2256470553684916,MAP_PMU,111,0.0006421968020353941
4,UPFC_Vse,5-15,0.062318769760399295,19,0.06071664889130474,MAP_PMU,111,0.0016021208690945518
5,UPFC_tse,5-15,-2.1895568274995902,19,-2.1499013915528056,MAP_PMU,111,0.03965543594678467
0,x_tcsc,1-14,-0.1461586001554918,20,-0.13958563120612696,MAP_PMU,111,0.006572968949364849
1,B_svc,2,0.30388028683331564,20,0.30203519384382976,MAP_PMU,111,0.0018450929894858747
2,UPFC_Vsh,5-15,1.1048524285079158,20,1.1053100449312332,MAP_PMU,111,0.0004576164233174307
3,UPFC_tsh,5-15,-0.2262233092666952,20,-0.2256470553684916,MAP_PMU,111,0.0005762538982035936
4,UPFC_Vse,5-15,0.06191837337268548,20,0.06071664889130474,MAP_PMU,111,0.0012017244813807351
5,UPFC_tse,5-15,-2.1964529379697373,20,-2.1499013915528056,MAP_PMU,111,0.04655154641693171
0,x_tcsc,1-14,-0.1466124771492599,21,-0.13958563120612696,MAP_PMU,111,0.007026845943132937
1,B_svc,2,0.30376196190468,21,0.30203519384382976,MAP_PMU,111,0.001726768060850259
2,UPFC_Vsh,5-15,1.1042040983793806,21,1.1053100449312332,MAP_PMU,111,0.001105946551852588
3,UPFC_tsh,5-15,-0.2262426469054275,21,-0.2256470553684916,MAP_PMU,111,0.0005955915369358911
4,UPFC_Vse,5-15,0.06197701141332051,21,0.06071664889130474,MAP_PMU,111,0.001260362522015765
5,UPFC_tse,5-15,-2.200080913910726,21,-2.1499013915528056,MAP_PMU,111,0.05017952235792045
0,x_tcsc,1-14,-0.1464049012685384,22,-0.13958563120612696,MAP_PMU,111,0.0068192700624114255
1,B_svc,2,0.3042296582045274,22,0.30203519384382976,MAP_PMU,111,0.0021944643606976455
2,UPFC_Vsh,5-15,1.1040441776577907,22,1.1053100449312332,MAP_PMU,111,0.001265867273442467
3,UPFC_tsh,5-15,-0.22627417594037205,22,-0.2256470553684916,MAP_PMU,111,0.0006271205718804407
4,UPFC_Vse,5-15,0.0622061502176042,22,0.06071664889130474,MAP_PMU,111,0.001489501326299457
5,UPFC_tse,5-15,-2.19583295802827,22,-2.1499013915528056,MAP_PMU,111,0.04593156647546426
0,x_tcsc,1-14,-0.14737956197452665,23,-0.13958563120612696,MAP_PMU,111,0.007793930768399682
1,B_svc,2,0.30431793221184356,23,0.30203519384382976,MAP_PMU,111,0.0022827383680137925
2,UPFC_Vsh,5-15,1.1035297789077185,23,1.1053100449312332,MAP_PMU,111,0.001780266023514665
3,UPFC_tsh,5-15,-0.22633423876194692,23,-0.2256470553684916,MAP_PMU,111,0.000687183393455304
4,UPFC_Vse,5-15,0.06270853296682279,23,0.06071664889130474,MAP_PMU,111,0.0019918840755180425
5,UPFC_tse,5-15,-2.2097166723469637,23,-2.1499013915528056,MAP_PMU,111,0.0598152807941581
0,x_tcsc,1-14,-0.14613960387267397,24,-0.13958563120612696,MAP_PMU,111,0.006553972666547003
1,B_svc,2,0.3040118582667521,24,0.30203519384382976,MAP_PMU,111,0.001976664422922325
2,UPFC_Vsh,5-15,1.1045771589249158,24,1.1053100449312332,MAP_PMU,111,0.0007328860063173792
3,UPFC_tsh,5-15,-0.22615645647616173,24,-0.2256470553684916,MAP_PMU,111,0.0005094011076701155
4,UPFC_Vse,5-15,0.061790998424505146,24,0.06071664889130474,MAP_PMU,111,0.0010743495332004027
5,UPFC_tse,5-15,-2.1878409589849253,24,-2.1499013915528056,MAP_PMU,111,0.03793956743211968
0,x_tcsc,1-14,-0.14626300794729036,25,-0.13958563120612696,MAP_PMU,111,0.006677376741163393
1,B_svc,2,0.30363816082619255,25,0.30203519384382976,MAP_PMU,111,0.0016029669823627857
2,UPFC_Vsh,5-15,1.1046995852208714,25,1.1053100449312332,MAP_PMU,111,0.000610459710361777
3,UPFC_tsh,5-15,-0.22620784009425512,25,-0.2256470553684916,MAP_PMU,111,0.0005607847257635135
4,UPFC_Vse,5-15,0.06210008376065023,25,0.06071664889130474,MAP_PMU,111,0.0013834348693454873
5,UPFC_tse,5-15,-2.1991332131065233,25,-2.1499013915528056,MAP_PMU,111,0.04923182155371775
0,x_tcsc,1-14,-0.14662050652469896,26,-0.13958563120612696,MAP_PMU,111,0.007034875318571998
1,B_svc,2,0.3042930748036984,26,0.30203519384382976,MAP_PMU,111,0.002257880959868619
2,UPFC_Vsh,5-15,1.1041857380145077,26,1.1053100449312332,MAP_PMU,111,0.0011243069167254927
3,UPFC_tsh,5-15,-0.22632023795238287,26,-0.2256470553684916,MAP_PMU,111,0.0006731825838912631
4,UPFC_Vse,5-15,0.06260861662735777,26,0.06071664889130474,MAP_PMU,111,0.0018919677360530254
5,UPFC_tse,5-15,-2.2135775736314565,26,-2.1499013915528056,MAP_PMU,111,0.06367618207865089
0,x_tcsc,1-14,-0.1468473543241416,27,-0.13958563120612696,MAP_PMU,111,0.0072617231180146236
1,B_svc,2,0.3044965200152208,27,0.30203519384382976,MAP_PMU,111,0.002461326171391054
2,UPFC_Vsh,5-15,1.1038107197129452,27,1.1053100449312332,MAP_PMU,111,0.0014993252182879946
3,UPFC_tsh,5-15,-0.2262461842173978,27,-0.2256470553684916,MAP_PMU,111,0.0005991288489061997
4,UPFC_Vse,5-15,0.06236902720789977,27,0.06071664889130474,MAP_PMU,111,0.001652378316595024
5,UPFC_tse,5-15,-2.2058709782455486,27,-2.1499013915528056,MAP_PMU,111,0.05596958669274299
0,x_tcsc,1-14,-0.14690719936054808,28,-0.13958563120612696,MAP_PMU,111,0.007321568154421115
1,B_svc,2,0.3038008247242878,28,0.30203519384382976,MAP_PMU,111,0.0017656308804580578
2,UPFC_Vsh,5-15,1.1042788907061363,28,1.1053100449312332,MAP_PMU,111,0.0010311542250969197
3,UPFC_tsh,5-15,-0.2262062735402264,28,-0.2256470553684916,MAP_PMU,111,0.0005592181717347933
4,UPFC_Vse,5-15,0.06218563843674116,28,0.06071664889130474,MAP_PMU,111,0.0014689895454364152
5,UPFC_tse,5-15,-2.1964866220843815,28,-2.1499013915528056,MAP_PMU,111,0.04658523053157593
0,x_tcsc,1-14,-0.14679360680584766,29,-0.13958563120612696,MAP_PMU,111,0.007207975599720695
1,B_svc,2,0.3039458977926952,29,0.30203519384382976,MAP_PMU,111,0.0019107039488654443
2,UPFC_Vsh,5-15,1.1039314343371127,29,1.1053100449312332,MAP_PMU,111,0.0013786105941204774
3,UPFC_tsh,5-15,-0.2262469030814116,29,-0.2256470553684916,MAP_PMU,111,0.0005998477129199875
4,UPFC_Vse,5-15,0.0623614336256795,29,0.06071664889130474,MAP_PMU,111,0.0016447847343747588
5,UPFC_tse,5-15,-2.195863068233081,29,-2.1499013915528056,MAP_PMU,111,0.04596167668027551
0,x_tcsc,1-14,-0.1467949739918586,30,-0.13958563120612696,MAP_PMU,111,0.007209342785731626
1,B_svc,2,0.3033652662793859,30,0.30203519384382976,MAP_PMU,111,0.0013300724355561622
2,UPFC_Vsh,5-15,1.1038514364123617,30,1.1053100449312332,MAP_PMU,111,0.0014586085188714737
3,UPFC_tsh,5-15,-0.2262570339495174,30,-0.2256470553684916,MAP_PMU,111,0.000609978581025794
4,UPFC_Vse,5-15,0.062017146075632794,30,0.06071664889130474,MAP_PMU,111,0.0013004971843280505
5,UPFC_tse,5-15,-2.193970247752368,30,-2.1499013915528056,MAP_PMU,111,0.04406885619956258
0,x_tcsc,1-14,-0.14633362303284714,31,-0.13958563120612696,MAP_PMU,111,0.006747991826720173
1,B_svc,2,0.30394879622818954,31,0.30203519384382976,MAP_PMU,111,0.0019136023843597805
2,UPFC_Vsh,5-15,1.1046250269716413,31,1.1053100449312332,MAP_PMU,111,0.0006850179595918604
3,UPFC_tsh,5-15,-0.2262768899553768,31,-0.2256470553684916,MAP_PMU,111,0.0006298345868851751
4,UPFC_Vse,5-15,0.062219164533378654,31,0.06071664889130474,MAP_PMU,111,0.0015025156420739108
5,UPFC_tse,5-15,-2.2008288615764053,31,-2.1499013915528056,MAP_PMU,111,0.050927470023599763
0,x_tcsc,1-14,-0.14739455060737583,32,-0.13958563120612696,MAP_PMU,111,0.007808919401248865
1,B_svc,2,0.30393783717539474,32,0.30203519384382976,MAP_PMU,111,0.0019026433315649793
2,UPFC_Vsh,5-15,1.1038408237179491,32,1.1053100449312332,MAP_PMU,111,0.0014692212132840776
3,UPFC_tsh,5-15,-0.226320304863027,32,-0.2256470553684916,MAP_PMU,111,0.0006732494945353995
4,UPFC_Vse,5-15,0.061700243669348655,32,0.06071664889130474,MAP_PMU,111,0.0009835947780439114
5,UPFC_tse,5-15,-2.2038473825510936,32,-2.1499013915528056,MAP_PMU,111,0.05394599099828801
0,x_tcsc,1-14,-0.14670821510810952,33,-0.13958563120612696,MAP_PMU,111,0.00712258390198256
1,B_svc,2,0.30425760974990207,33,0.30203519384382976,MAP_PMU,111,0.002222415906072306
2,UPFC_Vsh,5-15,1.1042980708182972,33,1.1053100449312332,MAP_PMU,111,0.001011974112935965
3,UPFC_tsh,5-15,-0.22628085459319433,33,-0.2256470553684916,MAP_PMU,111,0.0006337992247027191
4,UPFC_Vse,5-15,0.06224465435492085,33,0.06071664889130474,MAP_PMU,111,0.0015280054636161097
5,UPFC_tse,5-15,-2.1993913508045084,33,-2.1499013915528056,MAP_PMU,111,0.04948995925170285
0,x_tcsc,1-14,-0.14723957254545006,34,-0.13958563120612696,MAP_PMU,111,0.007653941339323095
1,B_svc,2,0.3036018703759878,34,0.30203519384382976,MAP_PMU,111,0.001566676532158029
2,UPFC_Vsh,5-15,1.103758645971701,34,1.1053100449312332,MAP_PMU,111,0.0015513989595321576
3,UPFC_tsh,5-15,-0.22629618095325052,34,-0.2256470553684916,MAP_PMU,111,0.0006491255847589084
4,UPFC_Vse,5-15,0.06237714250454323,34,0.06071664889130474,MAP_PMU,111,0.0016604936132384868
5,UPFC_tse,5-15,-2.205459155900494,34,-2.1499013915528056,MAP_PMU,111,0.055557764347688554
0,x_tcsc,1-14,-0.14621062415106104,35,-0.13958563120612696,MAP_PMU,111,0.006624992944934072
1,B_svc,2,0.3040980384038485,35,0.30203519384382976,MAP_PMU,111,0.0020628445600187617
2,UPFC_Vsh,5-15,1.1045517738411705,35,1.1053100449312332,MAP_PMU,111,0.0007582710900626566
3,UPFC_tsh,5-15,-0.22621475446773912,35,-0.2256470553684916,MAP_PMU,111,0.000567699099247504
4,UPFC_Vse,5-15,0.061852680067332175,35,0.06071664889130474,MAP_PMU,111,0.0011360311760274314
5,UPFC_tse,5-15,-2.189379183780056,35,-2.1499013915528056,MAP_PMU,111,0.03947779222725023
0,x_tcsc,1-14,-0.14579587954848772,36,-0.13958563120612696,MAP_PMU,111,0.006210248342360752
1,B_svc,2,0.30378476107788965,36,0.30203519384382976,MAP_PMU,111,0.00174956723405989
2,UPFC_Vsh,5-15,1.1047426696418483,36,1.1053100449312332,MAP_PMU,111,0.000567375289384886
3,UPFC_tsh,5-15,-0.22619722472437126,36,-0.2256470553684916,MAP_PMU,111,0.0005501693558796483
4,UPFC_Vse,5-15,0.06209832511567072,36,0.06071664889130474,MAP_PMU,111,0.0013816762243659755
5,UPFC_tse,5-15,-2.2003472123625643,36,-2.1499013915528056,MAP_PMU,111,0.05044582080975868
0,x_tcsc,1-14,-0.14623053319840737,37,-0.13958563120612696,MAP_PMU,111,0.006644901992280405
1,B_svc,2,0.3037856724415767,37,0.30203519384382976,MAP_PMU,111,0.0017504785977469628
2,UPFC_Vsh,5-15,1.1047296588090663,37,1.1053100449312332,MAP_PMU,111,0.0005803861221669315
3,UPFC_tsh,5-15,-0.22613296206213382,37,-0.2256470553684916,MAP_PMU,111,0.0004859066936422074
4,UPFC_Vse,5-15,0.06122966280100569,37,0.06071664889130474,MAP_PMU,111,0.0005130139097009462
5,UPFC_tse,5-15,-2.1939304072110466,37,-2.1499013915528056,MAP_PMU,111,0.04402901565824102
0,x_tcsc,1-14,-0.14659788378839197,38,-0.13958563120612696,MAP_PMU,111,0.007012252582265011
1,B_svc,2,0.303657840566336,38,0.30203519384382976,MAP_PMU,111,0.0016226467225062269
2,UPFC_Vsh,5-15,1.1043970667380723,38,1.1053100449312332,MAP_PMU,111,0.0009129781931609404
3,UPFC_tsh,5-15,-0.22621846455919065,38,-0.2256470553684916,MAP_PMU,111,0.0005714091906990348
4,UPFC_Vse,5-15,0.062310617452341815,38,0.06071664889130474,MAP_PMU,111,0.0015939685610370721
5,UPFC_tse,5-15,-2.197077295332576,38,-2.1499013915528056,MAP_PMU,111,0.04717590377977032
0,x_tcsc,1-14,-0.14613769010872124,39,-0.13958563120612696,MAP_PMU,111,0.006552058902594277
1,B_svc,2,0.3042749725002554,39,0.30203519384382976,MAP_PMU,111,0.0022397786564256617
2,UPFC_Vsh,5-15,1.1046548495459527,39,1.1053100449312332,MAP_PMU,111,0.0006551953852804715
3,UPFC_tsh,5-15,-0.2261991276350084,39,-0.2256470553684916,MAP_PMU,111,0.0005520722665167954
4,UPFC_Vse,5-15,0.06199688839095082,39,0.06071664889130474,MAP_PMU,111,0.001280239499646077
5,UPFC_tse,5-15,-2.1865005864294247,39,-2.1499013915528056,MAP_PMU,111,0.03659919487661911
0,x_tcsc,1-14,-0.14591740105207987,40,-0.13958563120612696,MAP_PMU,111,0.006331769845952906
1,B_svc,2,0.3036768969828439,40,0.30203519384382976,MAP_PMU,111,0.001641703139014128
2,UPFC_Vsh,5-15,1.1047519651617574,40,1.1053100449312332,MAP_PMU,111,0.00055807976947575
3,UPFC_tsh,5-15,-0.22620384302295982,40,-0.2256470553684916,MAP_PMU,111,0.0005567876544682049
4,UPFC_Vse,5-15,0.06204263666127356,40,0.06071664889130474,MAP_PMU,111,0.0013259877699688186
5,UPFC_tse,5-15,-2.19384911391191,40,-2.1499013915528056,MAP_PMU,111,0.04394772235910427
0,x_tcsc,1-14,-0.14709006986409742,41,-0.13958563120612696,MAP_PMU,111,0.007504438657970458
1,B_svc,2,0.3043863313440065,41,0.30203519384382976,MAP_PMU,111,0.0023511375001767365
2,UPFC_Vsh,5-15,1.1041665409878443,41,1.1053100449312332,MAP_PMU,111,0.0011435039433889127
3,UPFC_tsh,5-15,-0.22625975334011678,41,-0.2256470553684916,MAP_PMU,111,0.0006126979716251646
4,UPFC_Vse,5-15,0.06225249674986134,41,0.06071664889130474,MAP_PMU,111,0.0015358478585565938
5,UPFC_tse,5-15,-2.1924827161411744,41,-2.1499013915528056,MAP_PMU,111,0.04258132458836883
0,x_tcsc,1-14,-0.14662882535656144,42,-0.13958563120612696,MAP_PMU,111,0.007043194150434473
1,B_svc,2,0.30389165432417664,42,0.30203519384382976,MAP_PMU,111,0.0018564604803468776
2,UPFC_Vsh,5-15,1.1039683368979174,42,1.1053100449312332,MAP_PMU,111,0.0013417080333157916
3,UPFC_tsh,5-15,-0.22626767823100147,42,-0.2256470553684916,MAP_PMU,111,0.0006206228625098564
4,UPFC_Vse,5-15,0.06214902559881244,42,0.06071664889130474,MAP_PMU,111,0.0014323767075076974
5,UPFC_tse,5-15,-2.1933628328225567,42,-2.1499013915528056,MAP_PMU,111,0.043461441269751155
0,x_tcsc,1-14,-0.1463408039133625,43,-0.13958563120612696,MAP_PMU,111,0.006755172707235524
1,B_svc,2,0.30344518768714007,43,0.30203519384382976,MAP_PMU,111,0.0014099938433103087
2,UPFC_Vsh,5-15,1.1045320233148943,43,1.1053100449312332,MAP_PMU,111,0.0007780216163388864
3,UPFC_tsh,5-15,-0.22627822476963502,43,-0.2256470553684916,MAP_PMU,111,0.000631169401143411
4,UPFC_Vse,5-15,0.062183330853894755,43,0.06071664889130474,MAP_PMU,111,0.001466681962590012
5,UPFC_tse,5-15,-2.195156253098198,43,-2.1499013915528056,MAP_PMU,111,0.045254861545392266
0,x_tcsc,1-14,-0.14642191434723373,44,-0.13958563120612696,MAP_PMU,111,0.006836283141106764
1,B_svc,2,0.30355374546658137,44,0.30203519384382976,MAP_PMU,111,0.0015185516227516072
2,UPFC_Vsh,5-15,1.1040586744778491,44,1.1053100449312332,MAP_PMU,111,0.001251370453384082
3,UPFC_tsh,5-15,-0.22627363967464967,44,-0.2256470553684916,MAP_PMU,111,0.0006265843061580567
4,UPFC_Vse,5-15,0.06210421030213104,44,0.06071664889130474,MAP_PMU,111,0.001387561410826299
5,UPFC_tse,5-15,-2.2040234025580765,44,-2.1499013915528056,MAP_PMU,111,0.05412201100527092
0,x_tcsc,1-14,-0.14621916618156258,45,-0.13958563120612696,MAP_PMU,111,0.006633534975435618
1,B_svc,2,0.3038955412554251,45,0.30203519384382976,MAP_PMU,111,0.0018603474115953533
2,UPFC_Vsh,5-15,1.1045610178569796,45,1.1053100449312332,MAP_PMU,111,0.0007490270742536165
3,UPFC_tsh,5-15,-0.22622140031485632,45,-0.2256470553684916,MAP_PMU,111,0.0005743449463647132
4,UPFC_Vse,5-15,0.061771598438960025,45,0.06071664889130474,MAP_PMU,111,0.0010549495476552817
5,UPFC_tse,5-15,-2.1885881036697548,45,-2.1499013915528056,MAP_PMU,111,0.038686712116949185
0,x_tcsc,1-14,-0.1463336135547593,46,-0.13958563120612696,MAP_PMU,111,0.006747982348632331
1,B_svc,2,0.3042559715993226,46,0.30203519384382976,MAP_PMU,111,0.002220777755492842
2,UPFC_Vsh,5-15,1.1046735547819342,46,1.1053100449312332,MAP_PMU,111,0.0006364901492990072
3,UPFC_tsh,5-15,-0.22617272192191365,46,-0.2256470553684916,MAP_PMU,111,0.0005256665534220384
4,UPFC_Vse,5-15,0.0619877306725331,46,0.06071664889130474,MAP_PMU,111,0.00127108178122836
5,UPFC_tse,5-15,-2.1899461501644337,46,-2.1499013915528056,MAP_PMU,111,0.04004475861162815
0,x_tcsc,1-14,-0.1463276587814624,47,-0.13958563120612696,MAP_PMU,111,0.00674202757533543
1,B_svc,2,0.3037812993342468,47,0.30203519384382976,MAP_PMU,111,0.0017461054904170381
2,UPFC_Vsh,5-15,1.1044330140125809,47,1.1053100449312332,MAP_PMU,111,0.0008770309186523217
3,UPFC_tsh,5-15,-0.22621286239191446,47,-0.2256470553684916,MAP_PMU,111,0.0005658070234228485
4,UPFC_Vse,5-15,0.06197750859064463,47,0.06071664889130474,MAP_PMU,111,0.0012608596993398877
5,UPFC_tse,5-15,-2.1918108181054325,47,-2.1499013915528056,MAP_PMU,111,0.04190942655262697
0,x_tcsc,1-14,-0.14660428467514303,48,-0.13958563120612696,MAP_PMU,111,0.007018653469016062
1,B_svc,2,0.303733366904196,48,0.30203519384382976,MAP_PMU,111,0.001698173060366237
2,UPFC_Vsh,5-15,1.1041394838266012,48,1.1053100449312332,MAP_PMU,111,0.0011705611046319842
3,UPFC_tsh,5-15,-0.22627330972429796,48,-0.2256470553684916,MAP_PMU,111,0.0006262543558063494
4,UPFC_Vse,5-15,0.06213279871379727,48,0.06071664889130474,MAP_PMU,111,0.001416149822492524
5,UPFC_tse,5-15,-2.2103825170152516,48,-2.1499013915528056,MAP_PMU,111,0.060481125462445995
0,x_tcsc,1-14,-0.14619157159617602,49,-0.13958563120612696,MAP_PMU,111,0.006605940390049053
1,B_svc,2,0.30345438079041975,49,0.30203519384382976,MAP_PMU,111,0.0014191869465899898
2,UPFC_Vsh,5-15,1.1046612554453743,49,1.1053100449312332,MAP_PMU,111,0.0006487894858588916
3,UPFC_tsh,5-15,-0.22620232461194645,49,-0.2256470553684916,MAP_PMU,111,0.0005552692434548367
4,UPFC_Vse,5-15,0.06205077364079895,49,0.06071664889130474,MAP_PMU,111,0.0013341247494942088
5,UPFC_tse,5-15,-2.196734971150014,49,-2.1499013915528056,MAP_PMU,111,0.04683357959720835
0,x_tcsc,1-14,-0.1466283344270702,50,-0.13958563120612696,MAP_PMU,111,0.007042703220943247
1,B_svc,2,0.3037521231424181,50,0.30203519384382976,MAP_PMU,111,0.0017169292985883544
2,UPFC_Vsh,5-15,1.103878690925435,50,1.1053100449312332,MAP_PMU,111,0.001431354005798191
3,UPFC_tsh,5-15,-0.2263039603501644,50,-0.2256470553684916,MAP_PMU,111,0.0006569049816727845
4,UPFC_Vse,5-15,0.0623827062288695,50,0.06071664889130474,MAP_PMU,111,0.0016660573375647594
5,UPFC_tse,5-15,-2.201427115282161,50,-2.1499013915528056,MAP_PMU,111,0.05152572372935538
0,x_tcsc,1-14,-0.14622057066201555,51,-0.13958563120612696,MAP_PMU,111,0.006634939455888583
1,B_svc,2,0.30382819457322985,51,0.30203519384382976,MAP_PMU,111,0.001793000729400085
2,UPFC_Vsh,5-15,1.1043419039784859,51,1.1053100449312332,MAP_PMU,111,0.0009681409527473317
3,UPFC_tsh,5-15,-0.2262656652407532,51,-0.2256470553684916,MAP_PMU,111,0.0006186098722615885
4,UPFC_Vse,5-15,0.06211103263497142,51,0.06071664889130474,MAP_PMU,111,0.0013943837436666759
5,UPFC_tse,5-15,-2.191532401143554,51,-2.1499013915528056,MAP_PMU,111,0.04163100959074839
0,x_tcsc,1-14,-0.1473118159917649,52,-0.13958563120612696,MAP_PMU,111,0.007726184785637941
1,B_svc,2,0.3042534022116101,52,0.30203519384382976,MAP_PMU,111,0.002218208367780361
2,UPFC_Vsh,5-15,1.103358461648124,52,1.1053100449312332,MAP_PMU,111,0.0019515832831091817
3,UPFC_tsh,5-15,-0.22635179523138002,52,-0.2256470553684916,MAP_PMU,111,0.0007047398628884094
4,UPFC_Vse,5-15,0.06257017467732513,52,0.06071664889130474,MAP_PMU,111,0.0018535257860203894
5,UPFC_tse,5-15,-2.2116731382443544,52,-2.1499013915528056,MAP_PMU,111,0.061771746691548834
0,x_tcsc,1-14,-0.14609950252315465,53,-0.13958563120612696,MAP_PMU,111,0.006513871317027686
1,B_svc,2,0.3044925308120584,53,0.30203519384382976,MAP_PMU,111,0.0024573369682286406
2,UPFC_Vsh,5-15,1.1044418989359959,53,1.1053100449312332,MAP_PMU,111,0.0008681459952373238
3,UPFC_tsh,5-15,-0.22617397345785456,53,-0.2256470553684916,MAP_PMU,111,0.0005269180893629488
4,UPFC_Vse,5-15,0.06190700954486991,53,0.06071664889130474,MAP_PMU,111,0.0011903606535651687
5,UPFC_tse,5-15,-2.188050074017376,53,-2.1499013915528056,MAP_PMU,111,0.03814868246457026
0,x_tcsc,1-14,-0.14721551227641716,54,-0.13958563120612696,MAP_PMU,111,0.007629881070290195
1,B_svc,2,0.30434983959627937,54,0.30203519384382976,MAP_PMU,111,0.0023146457524496067
2,UPFC_Vsh,5-15,1.1035767751676577,54,1.1053100449312332,MAP_PMU,111,0.0017332697635754624
3,UPFC_tsh,5-15,-0.22630244576591876,54,-0.2256470553684916,MAP_PMU,111,0.0006553903974271524
4,UPFC_Vse,5-15,0.06253958202385143,54,0.06071664889130474,MAP_PMU,111,0.0018229331325466877
5,UPFC_tse,5-15,-2.206527558859534,54,-2.1499013915528056,MAP_PMU,111,0.056626167306728536
0,x_tcsc,1-14,-0.1469428201704988,55,-0.13958563120612696,MAP_PMU,111,0.007357188964371847
1,B_svc,2,0.30462304515185484,55,0.30203519384382976,MAP_PMU,111,0.00258785130802508
2,UPFC_Vsh,5-15,1.103982260970121,55,1.1053100449312332,MAP_PMU,111,0.0013277839611121056
3,UPFC_tsh,5-15,-0.22631261085540852,55,-0.2256470553684916,MAP_PMU,111,0.0006655554869169078
4,UPFC_Vse,5-15,0.06243665989592601,55,0.06071664889130474,MAP_PMU,111,0.001720011004621269
5,UPFC_tse,5-15,-2.204064187235623,55,-2.1499013915528056,MAP_PMU,111,0.05416279568281723
0,x_tcsc,1-14,-0.14627918136669057,56,-0.13958563120612696,MAP_PMU,111,0.0066935501605636105
1,B_svc,2,0.304148351828553,56,0.30203519384382976,MAP_PMU,111,0.002113157984723224
2,UPFC_Vsh,5-15,1.104291970406958,56,1.1053100449312332,MAP_PMU,111,0.0010180745242751588
3,UPFC_tsh,5-15,-0.22624701612890394,56,-0.2256470553684916,MAP_PMU,111,0.0005999607604123269
4,UPFC_Vse,5-15,0.06239352223592539,56,0.06071664889130474,MAP_PMU,111,0.0016768733446206469
5,UPFC_tse,5-15,-2.1977597723988165,56,-2.1499013915528056,MAP_PMU,111,0.047858380846010906
0,x_tcsc,1-14,-0.1462121158789416,57,-0.13958563120612696,MAP_PMU,111,0.006626484672814625
1,B_svc,2,0.3036445234855019,57,0.30203519384382976,MAP_PMU,111,0.0016093296416721525
2,UPFC_Vsh,5-15,1.1045359618007553,57,1.1053100449312332,MAP_PMU,111,0.0007740831304778872
3,UPFC_tsh,5-15,-0.22623741588528506,57,-0.2256470553684916,MAP_PMU,111,0.0005903605167934534
4,UPFC_Vse,5-15,0.061878463854646085,57,0.06071664889130474,MAP_PMU,111,0.0011618149633413413
5,UPFC_tse,5-15,-2.201917653458353,57,-2.1499013915528056,MAP_PMU,111,0.052016261905547534
0,x_tcsc,1-14,-0.1462771512379723,58,-0.13958563120612696,MAP_PMU,111,0.006691520031845338
1,B_svc,2,0.3039890201885892,58,0.30203519384382976,MAP_PMU,111,0.001953826344759435
2,UPFC_Vsh,5-15,1.1044555636339661,58,1.1053100449312332,MAP_PMU,111,0.0008544812972670623
3,UPFC_tsh,5-15,-0.2261630230501415,58,-0.2256470553684916,MAP_PMU,111,0.0005159676816498815
4,UPFC_Vse,5-15,0.06204592193692397,58,0.06071664889130474,MAP_PMU,111,0.0013292730456192295
5,UPFC_tse,5-15,-2.188721875836805,58,-2.1499013915528056,MAP_PMU,111,0.038820484283999424
0,x_tcsc,1-14,-0.14628010419586548,59,-0.13958563120612696,MAP_PMU,111,0.00669447298973852
1,B_svc,2,0.30352592903865966,59,0.30203519384382976,MAP_PMU,111,0.0014907351948298952
2,UPFC_Vsh,5-15,1.1044594030007377,59,1.1053100449312332,MAP_PMU,111,0.0008506419304954438
3,UPFC_tsh,5-15,-0.22631231401519503,59,-0.2256470553684916,MAP_PMU,111,0.000665258646703415
4,UPFC_Vse,5-15,0.062261519984597766,59,0.06071664889130474,MAP_PMU,111,0.0015448710932930224
5,UPFC_tse,5-15,-2.194525118381432,59,-2.1499013915528056,MAP_PMU,111,0.04462372682862625
0,x_tcsc,1-14,-0.14640151868667226,60,-0.13958563120612696,MAP_PMU,111,0.006815887480545291
1,B_svc,2,0.3041940424536783,60,0.30203519384382976,MAP_PMU,111,0.0021588486098485515
2,UPFC_Vsh,5-15,1.1044362649328143,60,1.1053100449312332,MAP_PMU,111,0.0008737799984188666
3,UPFC_tsh,5-15,-0.22623873325462068,60,-0.2256470553684916,MAP_PMU,111,0.0005916778861290717
4,UPFC_Vse,5-15,0.06219330763631909,60,0.06071664889130474,MAP_PMU,111,0.0014766587450143476
5,UPFC_tse,5-15,-2.1987616870583855,60,-2.1499013915528056,MAP_PMU,111,0.04886029550557991
0,x_tcsc,1-14,-0.14595389906400247,61,-0.13958563120612696,MAP_PMU,111,0.006368267857875504
1,B_svc,2,0.3042559724146661,61,0.30203519384382976,MAP_PMU,111,0.002220778570836357
2,UPFC_Vsh,5-15,1.1052099954476589,61,1.1053100449312332,MAP_PMU,111,0.00010004948357433818
3,UPFC_tsh,5-15,-0.22614617628548114,61,-0.2256470553684916,MAP_PMU,111,0.0004991209169895316
4,UPFC_Vse,5-15,0.06187866608623574,61,0.06071664889130474,MAP_PMU,111,0.0011620171949309963
5,UPFC_tse,5-15,-2.1958673093580514,61,-2.1499013915528056,MAP_PMU,111,0.04596591780524584
0,x_tcsc,1-14,-0.14679399181136157,62,-0.13958563120612696,MAP_PMU,111,0.007208360605234609
1,B_svc,2,0.30400759319735016,62,0.30203519384382976,MAP_PMU,111,0.001972399353520393
2,UPFC_Vsh,5-15,1.1039318023160805,62,1.1053100449312332,MAP_PMU,111,0.001378242615152736
3,UPFC_tsh,5-15,-0.226191623953,62,-0.2256470553684916,MAP_PMU,111,0.0005445685845083814
4,UPFC_Vse,5-15,0.06171347199473138,62,0.06071664889130474,MAP_PMU,111,0.0009968231034266362
5,UPFC_tse,5-15,-2.203269552584112,62,-2.1499013915528056,MAP_PMU,111,0.05336816103130637
0,x_tcsc,1-14,-0.14668515940937465,63,-0.13958563120612696,MAP_PMU,111,0.00709952820324769
1,B_svc,2,0.3042577773095825,63,0.30203519384382976,MAP_PMU,111,0.0022225834657527144
2,UPFC_Vsh,5-15,1.104205137755366,63,1.1053100449312332,MAP_PMU,111,0.001104907175867087
3,UPFC_tsh,5-15,-0.22626244422948363,63,-0.2256470553684916,MAP_PMU,111,0.0006153888609920222
4,UPFC_Vse,5-15,0.06189221623063568,63,0.06071664889130474,MAP_PMU,111,0.0011755673393309338
5,UPFC_tse,5-15,-2.198420056249673,63,-2.1499013915528056,MAP_PMU,111,0.048518664696867386
0,x_tcsc,1-14,-0.14649676200970846,64,-0.13958563120612696,MAP_PMU,111,0.0069111308035814945
1,B_svc,2,0.3042614738966873,64,0.30203519384382976,MAP_PMU,111,0.002226280052857521
2,UPFC_Vsh,5-15,1.1038594063117726,64,1.1053100449312332,MAP_PMU,111,0.001450638619460598
3,UPFC_tsh,5-15,-0.2263427615888047,64,-0.2256470553684916,MAP_PMU,111,0.0006957062203130915
4,UPFC_Vse,5-15,0.06238634479490294,64,0.06071664889130474,MAP_PMU,111,0.001669695903598195
5,UPFC_tse,5-15,-2.203196389661807,64,-2.1499013915528056,MAP_PMU,111,0.0532949981090014
0,x_tcsc,1-14,-0.14644170867034956,65,-0.13958563120612696,MAP_PMU,111,0.006856077464222593
1,B_svc,2,0.30406878666684767,65,0.30203519384382976,MAP_PMU,111,0.0020335928230179046
2,UPFC_Vsh,5-15,1.1042255869928865,65,1.1053100449312332,MAP_PMU,111,0.0010844579383466613
3,UPFC_tsh,5-15,-0.2262292589945901,65,-0.2256470553684916,MAP_PMU,111,0.000582203626098482
4,UPFC_Vse,5-15,0.06225933879362524,65,0.06071664889130474,MAP_PMU,111,0.001542689902320496
5,UPFC_tse,5-15,-2.1992251212512532,65,-2.1499013915528056,MAP_PMU,111,0.04932372969844767
0,x_tcsc,1-14,-0.14685490655673025,66,-0.13958563120612696,MAP_PMU,111,0.007269275350603288
1,B_svc,2,0.3039726893175091,66,0.30203519384382976,MAP_PMU,111,0.0019374954736793293
2,UPFC_Vsh,5-15,1.1046371753454782,66,1.1053100449312332,MAP_PMU,111,0.0006728695857549649
3,UPFC_tsh,5-15,-0.22614476423969151,66,-0.2256470553684916,MAP_PMU,111,0.0004977088711999034
4,UPFC_Vse,5-15,0.06197945082691379,66,0.06071664889130474,MAP_PMU,111,0.0012628019356090495
5,UPFC_tse,5-15,-2.190760651463996,66,-2.1499013915528056,MAP_PMU,111,0.04085925991119055
0,x_tcsc,1-14,-0.14670586769138366,67,-0.13958563120612696,MAP_PMU,111,0.007120236485256698
1,B_svc,2,0.304288358334606,67,0.30203519384382976,MAP_PMU,111,0.002253164490776227
2,UPFC_Vsh,5-15,1.1042399715829727,67,1.1053100449312332,MAP_PMU,111,0.0010700733482604807
3,UPFC_tsh,5-15,-0.22625730685250922,67,-0.2256470553684916,MAP_PMU,111,0.0006102514840176099
4,UPFC_Vse,5-15,0.06267973206197043,67,0.06071664889130474,MAP_PMU,111,0.0019630831706656873
5,UPFC_tse,5-15,-2.2011121990548523,67,-2.1499013915528056,MAP_PMU,111,0.05121080750204676
0,x_tcsc,1-14,-0.14565601142886395,68,-0.13958563120612696,MAP_PMU,111,0.006070380222736982
1,B_svc,2,0.30440332030824885,68,0.30203519384382976,MAP_PMU,111,0.0023681264644190847
2,UPFC_Vsh,5-15,1.1043762302362576,68,1.1053100449312332,MAP_PMU,111,0.0009338146949755544
3,UPFC_tsh,5-15,-0.22622192598300872,68,-0.2256470553684916,MAP_PMU,111,0.000574870614517109
4,UPFC_Vse,5-15,0.0621706184171208,68,0.06071664889130474,MAP_PMU,111,0.0014539695258160568
5,UPFC_tse,5-15,-2.1926519964594355,68,-2.1499013915528056,MAP_PMU,111,0.04275060490662996
0,x_tcsc,1-14,-0.14662552560637154,69,-0.13958563120612696,MAP_PMU,111,0.0070398944002445785
1,B_svc,2,0.30449817613505015,69,0.30203519384382976,MAP_PMU,111,0.0024629822912203836
2,UPFC_Vsh,5-15,1.1044742518195034,69,1.1053100449312332,MAP_PMU,111,0.0008357931117297657
3,UPFC_tsh,5-15,-0.22616157235387016,69,-0.2256470553684916,MAP_PMU,111,0.0005145169853785492
4,UPFC_Vse,5-15,0.061677276914934555,69,0.06071664889130474,MAP_PMU,111,0.0009606280236298115
5,UPFC_tse,5-15,-2.200377701234058,69,-2.1499013915528056,MAP_PMU,111,0.050476309681252385
0,x_tcsc,1-14,-0.14668001718159074,70,-0.13958563120612696,MAP_PMU,111,0.007094385975463774
1,B_svc,2,0.3044458200620167,70,0.30203519384382976,MAP_PMU,111,0.00241062621818694
2,UPFC_Vsh,5-15,1.1042489614752578,70,1.1053100449312332,MAP_PMU,111,0.0010610834559754423
3,UPFC_tsh,5-15,-0.22622967303877123,70,-0.2256470553684916,MAP_PMU,111,0.0005826176702796171
4,UPFC_Vse,5-15,0.062260377825753756,70,0.06071664889130474,MAP_PMU,111,0.0015437289344490124
5,UPFC_tse,5-15,-2.2022946604356326,70,-2.1499013915528056,MAP_PMU,111,0.05239326888282703
0,x_tcsc,1-14,-0.14739518693621917,71,-0.13958563120612696,MAP_PMU,111,0.007809555730092205
1,B_svc,2,0.3037399523773822,71,0.30203519384382976,MAP_PMU,111,0.0017047585335524529
2,UPFC_Vsh,5-15,1.1040480664616896,71,1.1053100449312332,MAP_PMU,111,0.0012619784695435676
3,UPFC_tsh,5-15,-0.22624803141981395,71,-0.2256470553684916,MAP_PMU,111,0.0006009760513223383
4,UPFC_Vse,5-15,0.061545134003883985,71,0.06071664889130474,MAP_PMU,111,0.0008284851125792414
5,UPFC_tse,5-15,-2.2006532659301903,71,-2.1499013915528056,MAP_PMU,111,0.05075187437738471
0,x_tcsc,1-14,-0.14585559182908425,72,-0.13958563120612696,MAP_PMU,111,0.006269960622957288
1,B_svc,2,0.3035333533738245,72,0.30203519384382976,MAP_PMU,111,0.0014981595299947137
2,UPFC_Vsh,5-15,1.1046457478728715,72,1.1053100449312332,MAP_PMU,111,0.0006642970583616847
3,UPFC_tsh,5-15,-0.22620607091242392,72,-0.2256470553684916,MAP_PMU,111,0.0005590155439323119
4,UPFC_Vse,5-15,0.061525734823373826,72,0.06071664889130474,MAP_PMU,111,0.0008090859320690827
5,UPFC_tse,5-15,-2.1915773795381277,72,-2.1499013915528056,MAP_PMU,111,0.04167598798532213
0,x_tcsc,1-14,-0.14697358528386498,73,-0.13958563120612696,MAP_PMU,111,0.007387954077738013
1,B_svc,2,0.30387352907747855,73,0.30203519384382976,MAP_PMU,111,0.0018383352336487913
2,UPFC_Vsh,5-15,1.1039366431675268,73,1.1053100449312332,MAP_PMU,111,0.0013734017637063722
3,UPFC_tsh,5-15,-0.22632074606976868,73,-0.2256470553684916,MAP_PMU,111,0.0006736907012770688
4,UPFC_Vse,5-15,0.0626243605631145,73,0.06071664889130474,MAP_PMU,111,0.00190771167180976
5,UPFC_tse,5-15,-2.2022414516822972,73,-2.1499013915528056,MAP_PMU,111,0.05234006012949166
0,x_tcsc,1-14,-0.14631223439494756,74,-0.13958563120612696,MAP_PMU,111,0.006726603188820596
1,B_svc,2,0.30415524602459554,74,0.30203519384382976,MAP_PMU,111,0.0021200521807657746
2,UPFC_Vsh,5-15,1.1041283773602808,74,1.1053100449312332,MAP_PMU,111,0.0011816675709523938
3,UPFC_tsh,5-15,-0.2263075920422288,74,-0.2256470553684916,MAP_PMU,111,0.0006605366737371943
4,UPFC_Vse,5-15,0.06252838034950757,74,0.06071664889130474,MAP_PMU,111,0.0018117314582028268
5,UPFC_tse,5-15,-2.1983293672754756,74,-2.1499013915528056,MAP_PMU,111,0.04842797572266999
0,x_tcsc,1-14,-0.14646960509742055,75,-0.13958563120612696,MAP_PMU,111,0.006883973891293582
1,B_svc,2,0.30470189546200177,75,0.30203519384382976,MAP_PMU,111,0.002666701618172007
2,UPFC_Vsh,5-15,1.1045332010600428,75,1.1053100449312332,MAP_PMU,111,0.0007768438711903691
3,UPFC_tsh,5-15,-0.22625649179229074,75,-0.2256470553684916,MAP_PMU,111,0.0006094364237991257
4,UPFC_Vse,5-15,0.06211677227952686,75,0.06071664889130474,MAP_PMU,111,0.0014001233882221173
5,UPFC_tse,5-15,-2.1999893300800433,75,-2.1499013915528056,MAP_PMU,111,0.050087938527237696
0,x_tcsc,1-14,-0.14626970926114652,76,-0.13958563120612696,MAP_PMU,111,0.006684078055019554
1,B_svc,2,0.30442394969701053,76,0.30203519384382976,MAP_PMU,111,0.0023887558531807684
2,UPFC_Vsh,5-15,1.1042731071978402,76,1.1053100449312332,MAP_PMU,111,0.001036937733392973
3,UPFC_tsh,5-15,-0.22627272826699732,76,-0.2256470553684916,MAP_PMU,111,0.0006256728985057081
4,UPFC_Vse,5-15,0.06278709577521746,76,0.06071664889130474,MAP_PMU,111,0.0020704468839127174
5,UPFC_tse,5-15,-2.200226246011779,76,-2.1499013915528056,MAP_PMU,111,0.05032485445897361
0,x_tcsc,1-14,-0.14694977404459575,77,-0.13958563120612696,MAP_PMU,111,0.007364142838468785
1,B_svc,2,0.3041754302143832,77,0.30203519384382976,MAP_PMU,111,0.002140236370553439
2,UPFC_Vsh,5-15,1.1039187543481448,77,1.1053100449312332,MAP_PMU,111,0.0013912905830884004
3,UPFC_tsh,5-15,-0.22628875561473857,77,-0.2256470553684916,MAP_PMU,111,0.0006417002462469623
4,UPFC_Vse,5-15,0.06253164220017725,77,0.06071664889130474,MAP_PMU,111,0.0018149933088725048
5,UPFC_tse,5-15,-2.1989393655904848,77,-2.1499013915528056,MAP_PMU,111,0.04903797403767918
0,x_tcsc,1-14,-0.1462807953370724,78,-0.13958563120612696,MAP_PMU,111,0.006695164130945425
1,B_svc,2,0.3038921258825253,78,0.30203519384382976,MAP_PMU,111,0.0018569320386955246
2,UPFC_Vsh,5-15,1.1045376222707077,78,1.1053100449312332,MAP_PMU,111,0.0007724226605254625
3,UPFC_tsh,5-15,-0.22622427211509447,78,-0.2256470553684916,MAP_PMU,111,0.0005772167466028544
4,UPFC_Vse,5-15,0.06205549798186442,78,0.06071664889130474,MAP_PMU,111,0.001338849090559674
5,UPFC_tse,5-15,-2.191674393793033,78,-2.1499013915528056,MAP_PMU,111,0.04177300224022762
0,x_tcsc,1-14,-0.14676909019795875,79,-0.13958563120612696,MAP_PMU,111,0.007183458991831787
1,B_svc,2,0.3039157248769024,79,0.30203519384382976,MAP_PMU,111,0.0018805310330726188
2,UPFC_Vsh,5-15,1.1045977330713121,79,1.1053100449312332,MAP_PMU,111,0.0007123118599210443
3,UPFC_tsh,5-15,-0.22614923466270623,79,-0.2256470553684916,MAP_PMU,111,0.0005021792942146164
4,UPFC_Vse,5-15,0.061649488872721064,79,0.06071664889130474,MAP_PMU,111,0.000932839981416321
5,UPFC_tse,5-15,-2.2028909569110438,79,-2.1499013915528056,MAP_PMU,111,0.05298956535823818
0,x_tcsc,1-14,-0.14719412542433713,80,-0.13958563120612696,MAP_PMU,111,0.007608494218210166
1,B_svc,2,0.3039470319561846,80,0.30203519384382976,MAP_PMU,111,0.0019118381123548467
2,UPFC_Vsh,5-15,1.1041946640861944,80,1.1053100449312332,MAP_PMU,111,0.0011153808450388158
3,UPFC_tsh,5-15,-0.22628737328717066,80,-0.2256470553684916,MAP_PMU,111,0.0006403179186790509
4,UPFC_Vse,5-15,0.061963034797416196,80,0.06071664889130474,MAP_PMU,111,0.0012463859061114524
5,UPFC_tse,5-15,-2.199452815863341,80,-2.1499013915528056,MAP_PMU,111,0.049551424310535275
0,x_tcsc,1-14,-0.1459015258372029,81,-0.13958563120612696,MAP_PMU,111,0.00631589463107593
1,B_svc,2,0.3033920367594999,81,0.30203519384382976,MAP_PMU,111,0.00135684291567012
2,UPFC_Vsh,5-15,1.104712899575058,81,1.1053100449312332,MAP_PMU,111,0.0005971453561752771
3,UPFC_tsh,5-15,-0.2261218292271836,81,-0.2256470553684916,MAP_PMU,111,0.0004747738586919903
4,UPFC_Vse,5-15,0.062192765935655724,81,0.06071664889130474,MAP_PMU,111,0.0014761170443509802
5,UPFC_tse,5-15,-2.18143693878261,81,-2.1499013915528056,MAP_PMU,111,0.03153554722980445
0,x_tcsc,1-14,-0.14678468540846568,82,-0.13958563120612696,MAP_PMU,111,0.007199054202338712
1,B_svc,2,0.3037876955553954,82,0.30203519384382976,MAP_PMU,111,0.0017525017115656571
2,UPFC_Vsh,5-15,1.1042422042322386,82,1.1053100449312332,MAP_PMU,111,0.001067840698994571
3,UPFC_tsh,5-15,-0.22626571221343064,82,-0.2256470553684916,MAP_PMU,111,0.0006186568449390306
4,UPFC_Vse,5-15,0.061967178712977355,82,0.06071664889130474,MAP_PMU,111,0.0012505298216726121
5,UPFC_tse,5-15,-2.2080257322866066,82,-2.1499013915528056,MAP_PMU,111,0.058124340733801017
0,x_tcsc,1-14,-0.1466146310985439,83,-0.13958563120612696,MAP_PMU,111,0.007028999892416926
1,B_svc,2,0.30411452384426335,83,0.30203519384382976,MAP_PMU,111,0.002079330000433588
2,UPFC_Vsh,5-15,1.104583458979105,83,1.1053100449312332,MAP_PMU,111,0.0007265859521281559
3,UPFC_tsh,5-15,-0.22622997509127266,83,-0.2256470553684916,MAP_PMU,111,0.0005829197227810445
4,UPFC_Vse,5-15,0.062282451831411595,83,0.06071664889130474,MAP_PMU,111,0.0015658029401068516
5,UPFC_tse,5-15,-2.194071785436373,83,-2.1499013915528056,MAP_PMU,111,0.04417039388356736
0,x_tcsc,1-14,-0.1466031785043944,84,-0.13958563120612696,MAP_PMU,111,0.007017547298267424
1,B_svc,2,0.30421099276155944,84,0.30203519384382976,MAP_PMU,111,0.0021757989177296766
2,UPFC_Vsh,5-15,1.104423575231224,84,1.1053100449312332,MAP_PMU,111,0.0008864697000092736
3,UPFC_tsh,5-15,-0.22625580790825858,84,-0.2256470553684916,MAP_PMU,111,0.0006087525397669713
4,UPFC_Vse,5-15,0.06221613741863222,84,0.06071664889130474,MAP_PMU,111,0.0014994885273274736
5,UPFC_tse,5-15,-2.199622363503216,84,-2.1499013915528056,MAP_PMU,111,0.049720971950410586
0,x_tcsc,1-14,-0.14650913376002145,85,-0.13958563120612696,MAP_PMU,111,0.006923502553894484
1,B_svc,2,0.3037984778015725,85,0.30203519384382976,MAP_PMU,111,0.0017632839577427228
2,UPFC_Vsh,5-15,1.104358327617892,85,1.1053100449312332,MAP_PMU,111,0.0009517173133410939
3,UPFC_tsh,5-15,-0.226359072704752,85,-0.2256470553684916,MAP_PMU,111,0.0007120173362603899
4,UPFC_Vse,5-15,0.0626015921730835,85,0.06071664889130474,MAP_PMU,111,0.00188494328177876
5,UPFC_tse,5-15,-2.1997571008428833,85,-2.1499013915528056,MAP_PMU,111,0.049855709290077765
0,x_tcsc,1-14,-0.1460064509089052,86,-0.13958563120612696,MAP_PMU,111,0.0064208197027782465
1,B_svc,2,0.3036335413332661,86,0.30203519384382976,MAP_PMU,111,0.0015983474894363248
2,UPFC_Vsh,5-15,1.1046584762287357,86,1.1053100449312332,MAP_PMU,111,0.0006515687024974959
3,UPFC_tsh,5-15,-0.22619152152585226,86,-0.2256470553684916,MAP_PMU,111,0.0005444661573606457
4,UPFC_Vse,5-15,0.06229360839775839,86,0.06071664889130474,MAP_PMU,111,0.0015769595064536457
5,UPFC_tse,5-15,-2.1884830460226166,86,-2.1499013915528056,MAP_PMU,111,0.03858165446981099
0,x_tcsc,1-14,-0.14649538084940497,87,-0.13958563120612696,MAP_PMU,111,0.006909749643278007
1,B_svc,2,0.30375634397012974,87,0.30203519384382976,MAP_PMU,111,0.001721150126299975
2,UPFC_Vsh,5-15,1.103934227613759,87,1.1053100449312332,MAP_PMU,111,0.0013758173174742705
3,UPFC_tsh,5-15,-0.22621675788057252,87,-0.2256470553684916,MAP_PMU,111,0.0005697025120809107
4,UPFC_Vse,5-15,0.062181063067011474,87,0.06071664889130474,MAP_PMU,111,0.001464414175706731
5,UPFC_tse,5-15,-2.1874896214998287,87,-2.1499013915528056,MAP_PMU,111,0.037588229947023155
0,x_tcsc,1-14,-0.14688830631635474,88,-0.13958563120612696,MAP_PMU,111,0.00730267511022778
1,B_svc,2,0.30359150168143795,88,0.30203519384382976,MAP_PMU,111,0.001556307837608184
2,UPFC_Vsh,5-15,1.104149897614601,88,1.1053100449312332,MAP_PMU,111,0.0011601473166322762
3,UPFC_tsh,5-15,-0.22627928025957084,88,-0.2256470553684916,MAP_PMU,111,0.000632224891079225
4,UPFC_Vse,5-15,0.06151489545466856,88,0.06071664889130474,MAP_PMU,111,0.0007982465633638164
5,UPFC_tse,5-15,-2.1962433157732133,88,-2.1499013915528056,MAP_PMU,111,0.046341924220407726
0,x_tcsc,1-14,-0.14608919421516947,89,-0.13958563120612696,MAP_PMU,111,0.006503563009042507
1,B_svc,2,0.3034731754135469,89,0.30203519384382976,MAP_PMU,111,0.0014379815697171394
2,UPFC_Vsh,5-15,1.1047863533569986,89,1.1053100449312332,MAP_PMU,111,0.0005236915742345971
3,UPFC_tsh,5-15,-0.22617825177223433,89,-0.2256470553684916,MAP_PMU,111,0.0005311964037427175
4,UPFC_Vse,5-15,0.06175855548753672,89,0.06071664889130474,MAP_PMU,111,0.0010419065962319757
5,UPFC_tse,5-15,-2.1951079649696155,89,-2.1499013915528056,MAP_PMU,111,0.04520657341680989
0,x_tcsc,1-14,-0.1463522441022455,90,-0.13958563120612696,MAP_PMU,111,0.006766612896118546
1,B_svc,2,0.3047632984922753,90,0.30203519384382976,MAP_PMU,111,0.0027281046484455285
2,UPFC_Vsh,5-15,1.1042355469891536,90,1.1053100449312332,MAP_PMU,111,0.0010744979420795886
3,UPFC_tsh,5-15,-0.2262545545332745,90,-0.2256470553684916,MAP_PMU,111,0.0006074991647828931
4,UPFC_Vse,5-15,0.06199760683351275,90,0.06071664889130474,MAP_PMU,111,0.0012809579422080053
5,UPFC_tse,5-15,-2.200436726076485,90,-2.1499013915528056,MAP_PMU,111,0.05053533452367942
0,x_tcsc,1-14,-0.14651784938063617,91,-0.13958563120612696,MAP_PMU,111,0.006932218174509203
1,B_svc,2,0.30364054154946046,91,0.30203519384382976,MAP_PMU,111,0.0016053477056306997
2,UPFC_Vsh,5-15,1.1041853943484548,91,1.1053100449312332,MAP_PMU,111,0.0011246505827784414
3,UPFC_tsh,5-15,-0.22631808125605637,91,-0.2256470553684916,MAP_PMU,111,0.0006710258875647634
4,UPFC_Vse,5-15,0.06242600889212862,91,0.06071664889130474,MAP_PMU,111,0.0017093600008238757
5,UPFC_tse,5-15,-2.1960476874957746,91,-2.1499013915528056,MAP_PMU,111,0.04614629594296904
0,x_tcsc,1-14,-0.14627032212225843,92,-0.13958563120612696,MAP_PMU,111,0.006684690916131469
1,B_svc,2,0.30388590165921736,92,0.30203519384382976,MAP_PMU,111,0.0018507078153875978
2,UPFC_Vsh,5-15,1.1046293471577622,92,1.1053100449312332,MAP_PMU,111,0.0006806977734710173
3,UPFC_tsh,5-15,-0.22619487584809514,92,-0.2256470553684916,MAP_PMU,111,0.000547820479603528
4,UPFC_Vse,5-15,0.0619239816241939,92,0.06071664889130474,MAP_PMU,111,0.0012073327328891575
5,UPFC_tse,5-15,-2.194153631201871,92,-2.1499013915528056,MAP_PMU,111,0.04425223964906522
0,x_tcsc,1-14,-0.14735380908228762,93,-0.13958563120612696,MAP_PMU,111,0.007768177876160659
1,B_svc,2,0.3036970852735818,93,0.30203519384382976,MAP_PMU,111,0.0016618914297520382
2,UPFC_Vsh,5-15,1.103928087367704,93,1.1053100449312332,MAP_PMU,111,0.0013819575635292125
3,UPFC_tsh,5-15,-0.22627036495829525,93,-0.2256470553684916,MAP_PMU,111,0.0006233095898036389
4,UPFC_Vse,5-15,0.06296076387396601,93,0.06071664889130474,MAP_PMU,111,0.0022441149826612702
5,UPFC_tse,5-15,-2.206823222893799,93,-2.1499013915528056,MAP_PMU,111,0.05692183134099338
0,x_tcsc,1-14,-0.1465199655946244,94,-0.13958563120612696,MAP_PMU,111,0.006934334388497443
1,B_svc,2,0.3037016627984964,94,0.30203519384382976,MAP_PMU,111,0.0016664689546666556
2,UPFC_Vsh,5-15,1.1043795298402932,94,1.1053100449312332,MAP_PMU,111,0.0009305150909399984
3,UPFC_tsh,5-15,-0.22626127626288314,94,-0.2256470553684916,MAP_PMU,111,0.0006142208943915317
4,UPFC_Vse,5-15,0.06176418139907063,94,0.06071664889130474,MAP_PMU,111,0.0010475325077658887
5,UPFC_tse,5-15,-2.1949063954650443,94,-2.1499013915528056,MAP_PMU,111,0.04500500391223872
0,x_tcsc,1-14,-0.14658073718377437,95,-0.13958563120612696,MAP_PMU,111,0.006995105977647409
1,B_svc,2,0.3038733410592667,95,0.30203519384382976,MAP_PMU,111,0.0018381472154369582
2,UPFC_Vsh,5-15,1.1047115502552591,95,1.1053100449312332,MAP_PMU,111,0.0005984946759740595
3,UPFC_tsh,5-15,-0.22614135665302218,95,-0.2256470553684916,MAP_PMU,111,0.0004943012845305683
4,UPFC_Vse,5-15,0.06165934289298985,95,0.06071664889130474,MAP_PMU,111,0.0009426940016851043
5,UPFC_tse,5-15,-2.1836373233442457,95,-2.1499013915528056,MAP_PMU,111,0.03373593179144008
0,x_tcsc,1-14,-0.14647113246100865,96,-0.13958563120612696,MAP_PMU,111,0.006885501254881687
1,B_svc,2,0.30446299615703376,96,0.30203519384382976,MAP_PMU,111,0.002427802313203997
2,UPFC_Vsh,5-15,1.104225758247449,96,1.1053100449312332,MAP_PMU,111,0.0010842866837841303
3,UPFC_tsh,5-15,-0.22621964267691896,96,-0.2256470553684916,MAP_PMU,111,0.0005725873084273525
4,UPFC_Vse,5-15,0.061937756217391886,96,0.06071664889130474,MAP_PMU,111,0.0012211073260871425
5,UPFC_tse,5-15,-2.1950627166728243,96,-2.1499013915528056,MAP_PMU,111,0.04516132512001869
0,x_tcsc,1-14,-0.14674946285040327,97,-0.13958563120612696,MAP_PMU,111,0.007163831644276308
1,B_svc,2,0.3039877877264211,97,0.30203519384382976,MAP_PMU,111,0.0019525938825913358
2,UPFC_Vsh,5-15,1.1040394187072335,97,1.1053100449312332,MAP_PMU,111,0.001270626223999649
3,UPFC_tsh,5-15,-0.22632779779439252,97,-0.2256470553684916,MAP_PMU,111,0.0006807424259009098
4,UPFC_Vse,5-15,0.061779616670358174,97,0.06071664889130474,MAP_PMU,111,0.0010629677790534309
5,UPFC_tse,5-15,-2.2064926414793655,97,-2.1499013915528056,MAP_PMU,111,0.05659124992655995
0,x_tcsc,1-14,-0.14642008616889093,98,-0.13958563120612696,MAP_PMU,111,0.0068344549627639695
1,B_svc,2,0.30403992273030866,98,0.30203519384382976,MAP_PMU,111,0.0020047288864789015
2,UPFC_Vsh,5-15,1.1047503854600407,98,1.1053100449312332,MAP_PMU,111,0.0005596594711925196
3,UPFC_tsh,5-15,-0.226220788839742,98,-0.2256470553684916,MAP_PMU,111,0.0005737334712503928
4,UPFC_Vse,5-15,0.061893376205498916,98,0.06071664889130474,MAP_PMU,111,0.001176727314194173
5,UPFC_tse,5-15,-2.1975853995664933,98,-2.1499013915528056,MAP_PMU,111,0.04768400801368777
0,x_tcsc,1-14,-0.14618432860921451,99,-0.13958563120612696,MAP_PMU,111,0.00659869740308755
1,B_svc,2,0.30371990558078604,99,0.30203519384382976,MAP_PMU,111,0.0016847117369562792
2,UPFC_Vsh,5-15,1.1048723096498703,99,1.1053100449312332,MAP_PMU,111,0.0004377352813629276
3,UPFC_tsh,5-15,-0.22618080762319645,99,-0.2256470553684916,MAP_PMU,111,0.000533752254704839
4,UPFC_Vse,5-15,0.061938261378707914,99,0.06071664889130474,MAP_PMU,111,0.0012216124874031703
5,UPFC_tse,5-15,-2.196524765888455,99,-2.1499013915528056,MAP_PMU,111,0.04662337433564945
0,x_tcsc,1-14,-0.144841787257895,0,-0.1377663416495161,MAP_PMU,113,0.007075445608378916
1,B_svc,2,0.2938510452327871,0,0.29204395471658073,MAP_PMU,113,0.0018070905162063666
2,UPFC_Vsh,5-15,1.104618475946454,0,1.1060163735848434,MAP_PMU,113,0.0013978976383894892
3,UPFC_tsh,5-15,-0.2282876860073961,0,-0.22768882679917213,MAP_PMU,113,0.000598859208223973
4,UPFC_Vse,5-15,0.06112108005721064,0,0.05916909112830997,MAP_PMU,113,0.0019519889289006734
5,UPFC_tse,5-15,-2.1989330938153033,0,-2.1447867333164643,MAP_PMU,113,0.05414636049883903
0,x_tcsc,1-14,-0.14403643349871315,1,-0.1377663416495161,MAP_PMU,113,0.006270091849197051
1,B_svc,2,0.29405899800337687,1,0.29204395471658073,MAP_PMU,113,0.0020150432867961365
2,UPFC_Vsh,5-15,1.1045418521786077,1,1.1060163735848434,MAP_PMU,113,0.0014745214062357181
3,UPFC_tsh,5-15,-0.22827220284248612,1,-0.22768882679917213,MAP_PMU,113,0.0005833760433139878
4,UPFC_Vse,5-15,0.061733190822675504,1,0.05916909112830997,MAP_PMU,113,0.0025640996943655375
5,UPFC_tse,5-15,-2.1918266617542836,1,-2.1447867333164643,MAP_PMU,113,0.047039928437819345
0,x_tcsc,1-14,-0.14377534182260107,2,-0.1377663416495161,MAP_PMU,113,0.006009000173084977
1,B_svc,2,0.2937891716762527,2,0.29204395471658073,MAP_PMU,113,0.001745216959671947
2,UPFC_Vsh,5-15,1.1046545731669428,2,1.1060163735848434,MAP_PMU,113,0.0013618004179005716
3,UPFC_tsh,5-15,-0.22823644170562485,2,-0.22768882679917213,MAP_PMU,113,0.0005476149064527203
4,UPFC_Vse,5-15,0.06197956740002275,2,0.05916909112830997,MAP_PMU,113,0.0028104762717127835
5,UPFC_tse,5-15,-2.1927403067127393,2,-2.1447867333164643,MAP_PMU,113,0.04795357339627504
0,x_tcsc,1-14,-0.14349995747467445,3,-0.1377663416495161,MAP_PMU,113,0.005733615825158356
1,B_svc,2,0.29396324226530735,3,0.29204395471658073,MAP_PMU,113,0.0019192875487266114
2,UPFC_Vsh,5-15,1.1051347662353517,3,1.1060163735848434,MAP_PMU,113,0.0008816073494917198
3,UPFC_tsh,5-15,-0.2281580158284932,3,-0.22768882679917213,MAP_PMU,113,0.0004691890293210821
4,UPFC_Vse,5-15,0.061415268144576554,3,0.05916909112830997,MAP_PMU,113,0.0022461770162665873
5,UPFC_tse,5-15,-2.1848192279971874,3,-2.1447867333164643,MAP_PMU,113,0.04003249468072312
0,x_tcsc,1-14,-0.14372234387217933,4,-0.1377663416495161,MAP_PMU,113,0.005956002222663237
1,B_svc,2,0.29475208560968597,4,0.29204395471658073,MAP_PMU,113,0.0027081308931052317
2,UPFC_Vsh,5-15,1.1048372904436985,4,1.1060163735848434,MAP_PMU,113,0.0011790831411448988
3,UPFC_tsh,5-15,-0.22824295433728267,4,-0.22768882679917213,MAP_PMU,113,0.0005541275381105437
4,UPFC_Vse,5-15,0.06137053862743923,4,0.05916909112830997,MAP_PMU,113,0.002201447499129261
5,UPFC_tse,5-15,-2.1903004090839775,4,-2.1447867333164643,MAP_PMU,113,0.045513675767513195
0,x_tcsc,1-14,-0.1439915667844239,5,-0.1377663416495161,MAP_PMU,113,0.006225225134907808
1,B_svc,2,0.2936121600923777,5,0.29204395471658073,MAP_PMU,113,0.0015682053757969938
2,UPFC_Vsh,5-15,1.1048914179704898,5,1.1060163735848434,MAP_PMU,113,0.001124955614353551
3,UPFC_tsh,5-15,-0.22827110696652972,5,-0.22768882679917213,MAP_PMU,113,0.0005822801673575906
4,UPFC_Vse,5-15,0.06154220260786184,5,0.05916909112830997,MAP_PMU,113,0.0023731114795518746
5,UPFC_tse,5-15,-2.198502784792588,5,-2.1447867333164643,MAP_PMU,113,0.053716051476123905
0,x_tcsc,1-14,-0.14351899173758592,6,-0.1377663416495161,MAP_PMU,113,0.005752650088069827
1,B_svc,2,0.29383614584343604,6,0.29204395471658073,MAP_PMU,113,0.0017921911268553026
2,UPFC_Vsh,5-15,1.1052289840015819,6,1.1060163735848434,MAP_PMU,113,0.0007873895832615219
3,UPFC_tsh,5-15,-0.22811291440617917,6,-0.22768882679917213,MAP_PMU,113,0.0004240876070070454
4,UPFC_Vse,5-15,0.06083557269647586,6,0.05916909112830997,MAP_PMU,113,0.0016664815681658937
5,UPFC_tse,5-15,-2.1832822608562164,6,-2.1447867333164643,MAP_PMU,113,0.03849552753975205
0,x_tcsc,1-14,-0.14328177197811065,7,-0.1377663416495161,MAP_PMU,113,0.005515430328594556
1,B_svc,2,0.2937439444647355,7,0.29204395471658073,MAP_PMU,113,0.0016999897481547732
2,UPFC_Vsh,5-15,1.1050767412783598,7,1.1060163735848434,MAP_PMU,113,0.0009396323064836398
3,UPFC_tsh,5-15,-0.22825989674254227,7,-0.22768882679917213,MAP_PMU,113,0.0005710699433701394
4,UPFC_Vse,5-15,0.06160844380076038,7,0.05916909112830997,MAP_PMU,113,0.0024393526724504136
5,UPFC_tse,5-15,-2.193372900125013,7,-2.1447867333164643,MAP_PMU,113,0.04858616680854855
0,x_tcsc,1-14,-0.14348230399900078,8,-0.1377663416495161,MAP_PMU,113,0.005715962349484682
1,B_svc,2,0.2938231841655433,8,0.29204395471658073,MAP_PMU,113,0.0017792294489625826
2,UPFC_Vsh,5-15,1.1049790668745723,8,1.1060163735848434,MAP_PMU,113,0.0010373067102711353
3,UPFC_tsh,5-15,-0.22814246234229904,8,-0.22768882679917213,MAP_PMU,113,0.00045363554312691234
4,UPFC_Vse,5-15,0.061045756318694196,8,0.05916909112830997,MAP_PMU,113,0.0018766651903842288
5,UPFC_tse,5-15,-2.1833824817104417,8,-2.1447867333164643,MAP_PMU,113,0.03859574839397739
0,x_tcsc,1-14,-0.14385743573781998,9,-0.1377663416495161,MAP_PMU,113,0.006091094088303883
1,B_svc,2,0.2942104175944596,9,0.29204395471658073,MAP_PMU,113,0.002166462877878861
2,UPFC_Vsh,5-15,1.1049651145613102,9,1.1060163735848434,MAP_PMU,113,0.001051259023533202
3,UPFC_tsh,5-15,-0.22819671047212126,9,-0.22768882679917213,MAP_PMU,113,0.0005078836729491276
4,UPFC_Vse,5-15,0.06149700774484395,9,0.05916909112830997,MAP_PMU,113,0.002327916616533983
5,UPFC_tse,5-15,-2.180517451464096,9,-2.1447867333164643,MAP_PMU,113,0.035730718147631624
0,x_tcsc,1-14,-0.1439185305726068,10,-0.1377663416495161,MAP_PMU,113,0.006152188923090718
1,B_svc,2,0.29381993274153306,10,0.29204395471658073,MAP_PMU,113,0.0017759780249523294
2,UPFC_Vsh,5-15,1.1047709786028403,10,1.1060163735848434,MAP_PMU,113,0.0012453949820030452
3,UPFC_tsh,5-15,-0.22828258497516762,10,-0.22768882679917213,MAP_PMU,113,0.0005937581759954957
4,UPFC_Vse,5-15,0.062204418038447756,10,0.05916909112830997,MAP_PMU,113,0.0030353269101377894
5,UPFC_tse,5-15,-2.1896722691293724,10,-2.1447867333164643,MAP_PMU,113,0.044885535812908106
0,x_tcsc,1-14,-0.14382529091887616,11,-0.1377663416495161,MAP_PMU,113,0.00605894926936007
1,B_svc,2,0.2943971974348812,11,0.29204395471658073,MAP_PMU,113,0.0023532427183004523
2,UPFC_Vsh,5-15,1.1048045397710553,11,1.1060163735848434,MAP_PMU,113,0.001211833813788088
3,UPFC_tsh,5-15,-0.2282353907505229,11,-0.22768882679917213,MAP_PMU,113,0.0005465639513507758
4,UPFC_Vse,5-15,0.06183291003807427,11,0.05916909112830997,MAP_PMU,113,0.002663818909764304
5,UPFC_tse,5-15,-2.200295945310755,11,-2.1447867333164643,MAP_PMU,113,0.05550921199429082
0,x_tcsc,1-14,-0.14342980537183944,12,-0.1377663416495161,MAP_PMU,113,0.0056634637223233475
1,B_svc,2,0.2934187644998609,12,0.29204395471658073,MAP_PMU,113,0.0013748097832801398
2,UPFC_Vsh,5-15,1.1052343189894067,12,1.1060163735848434,MAP_PMU,113,0.0007820545954366764
3,UPFC_tsh,5-15,-0.22816004193058823,12,-0.22768882679917213,MAP_PMU,113,0.0004712151314160973
4,UPFC_Vse,5-15,0.06153341243853071,12,0.05916909112830997,MAP_PMU,113,0.0023643213102207405
5,UPFC_tse,5-15,-2.170585719709881,12,-2.1447867333164643,MAP_PMU,113,0.025798986393416712
0,x_tcsc,1-14,-0.14364770719891815,13,-0.1377663416495161,MAP_PMU,113,0.005881365549402051
1,B_svc,2,0.29393621039174317,13,0.29204395471658073,MAP_PMU,113,0.0018922556751624353
2,UPFC_Vsh,5-15,1.1048546677138245,13,1.1060163735848434,MAP_PMU,113,0.0011617058710189365
3,UPFC_tsh,5-15,-0.2282600837691881,13,-0.22768882679917213,MAP_PMU,113,0.0005712569700159764
4,UPFC_Vse,5-15,0.061190886880377944,13,0.05916909112830997,MAP_PMU,113,0.002021795752067977
5,UPFC_tse,5-15,-2.189989251343845,13,-2.1447867333164643,MAP_PMU,113,0.045202518027380734
0,x_tcsc,1-14,-0.14338999579302208,14,-0.1377663416495161,MAP_PMU,113,0.005623654143505991
1,B_svc,2,0.29386525839138605,14,0.29204395471658073,MAP_PMU,113,0.001821303674805319
2,UPFC_Vsh,5-15,1.1051257704658102,14,1.1060163735848434,MAP_PMU,113,0.0008906031190332175
3,UPFC_tsh,5-15,-0.228168506238998,14,-0.22768882679917213,MAP_PMU,113,0.0004796794398258808
4,UPFC_Vse,5-15,0.06148564005634686,14,0.05916909112830997,MAP_PMU,113,0.002316548928036892
5,UPFC_tse,5-15,-2.191371921882037,14,-2.1447867333164643,MAP_PMU,113,0.04658518856557281
0,x_tcsc,1-14,-0.1434186721152202,15,-0.1377663416495161,MAP_PMU,113,0.005652330465704097
1,B_svc,2,0.29388283399524273,15,0.29204395471658073,MAP_PMU,113,0.0018388792786619979
2,UPFC_Vsh,5-15,1.1050571912207485,15,1.1060163735848434,MAP_PMU,113,0.0009591823640948682
3,UPFC_tsh,5-15,-0.22817513593055622,15,-0.22768882679917213,MAP_PMU,113,0.0004863091313840884
4,UPFC_Vse,5-15,0.0610731210250191,15,0.05916909112830997,MAP_PMU,113,0.001904029896709132
5,UPFC_tse,5-15,-2.1936278819317643,15,-2.1447867333164643,MAP_PMU,113,0.04884114861529998
0,x_tcsc,1-14,-0.1436042132653249,16,-0.1377663416495161,MAP_PMU,113,0.005837871615808815
1,B_svc,2,0.2942922536740242,16,0.29204395471658073,MAP_PMU,113,0.0022482989574434398
2,UPFC_Vsh,5-15,1.1048929497573317,16,1.1060163735848434,MAP_PMU,113,0.001123423827511738
3,UPFC_tsh,5-15,-0.22816983927872533,16,-0.22768882679917213,MAP_PMU,113,0.0004810124795532056
4,UPFC_Vse,5-15,0.06195607033191922,16,0.05916909112830997,MAP_PMU,113,0.0027869792036092564
5,UPFC_tse,5-15,-2.1829253836551863,16,-2.1447867333164643,MAP_PMU,113,0.03813865033872199
0,x_tcsc,1-14,-0.1437383058919809,17,-0.1377663416495161,MAP_PMU,113,0.0059719642424647945
1,B_svc,2,0.2939310803921462,17,0.29204395471658073,MAP_PMU,113,0.001887125675565482
2,UPFC_Vsh,5-15,1.1049159368380856,17,1.1060163735848434,MAP_PMU,113,0.0011004367467577492
3,UPFC_tsh,5-15,-0.22829830633375703,17,-0.22768882679917213,MAP_PMU,113,0.0006094795345849002
4,UPFC_Vse,5-15,0.061250970411375984,17,0.05916909112830997,MAP_PMU,113,0.002081879283066017
5,UPFC_tse,5-15,-2.19588446941062,17,-2.1447867333164643,MAP_PMU,113,0.0510977360941558
0,x_tcsc,1-14,-0.1439504324727226,18,-0.1377663416495161,MAP_PMU,113,0.006184090823206506
1,B_svc,2,0.2940627869773954,18,0.29204395471658073,MAP_PMU,113,0.0020188322608146736
2,UPFC_Vsh,5-15,1.1049012139202674,18,1.1060163735848434,MAP_PMU,113,0.001115159664575982
3,UPFC_tsh,5-15,-0.2282218990706126,18,-0.22768882679917213,MAP_PMU,113,0.0005330722714404768
4,UPFC_Vse,5-15,0.06121710710134592,18,0.05916909112830997,MAP_PMU,113,0.0020480159730359507
5,UPFC_tse,5-15,-2.197701532196117,18,-2.1447867333164643,MAP_PMU,113,0.05291479887965256
0,x_tcsc,1-14,-0.1442888546816292,19,-0.1377663416495161,MAP_PMU,113,0.0065225130321130975
1,B_svc,2,0.29351007148018854,19,0.29204395471658073,MAP_PMU,113,0.0014661167636078054
2,UPFC_Vsh,5-15,1.104612774958323,19,1.1060163735848434,MAP_PMU,113,0.001403598626520397
3,UPFC_tsh,5-15,-0.2281864390638165,19,-0.22768882679917213,MAP_PMU,113,0.0004976122646443704
4,UPFC_Vse,5-15,0.06182008686688175,19,0.05916909112830997,MAP_PMU,113,0.0026509957385717833
5,UPFC_tse,5-15,-2.1941935059221773,19,-2.1447867333164643,MAP_PMU,113,0.04940677260571302
0,x_tcsc,1-14,-0.14351679701539885,20,-0.1377663416495161,MAP_PMU,113,0.005750455365882756
1,B_svc,2,0.2937235990442482,20,0.29204395471658073,MAP_PMU,113,0.0016796443276674844
2,UPFC_Vsh,5-15,1.105286808482619,20,1.1060163735848434,MAP_PMU,113,0.0007295651022243277
3,UPFC_tsh,5-15,-0.22818174443739953,20,-0.22768882679917213,MAP_PMU,113,0.000492917638227397
4,UPFC_Vse,5-15,0.06141974173504725,20,0.05916909112830997,MAP_PMU,113,0.0022506506067372853
5,UPFC_tse,5-15,-2.185198080964103,20,-2.1447867333164643,MAP_PMU,113,0.04041134764763887
0,x_tcsc,1-14,-0.1439237169931933,21,-0.1377663416495161,MAP_PMU,113,0.006157375343677218
1,B_svc,2,0.2937285220008299,21,0.29204395471658073,MAP_PMU,113,0.00168456728424915
2,UPFC_Vsh,5-15,1.1049709166776787,21,1.1060163735848434,MAP_PMU,113,0.0010454569071647324
3,UPFC_tsh,5-15,-0.22822719017158152,21,-0.22768882679917213,MAP_PMU,113,0.000538363372409395
4,UPFC_Vse,5-15,0.061122949852860625,21,0.05916909112830997,MAP_PMU,113,0.0019538587245506583
5,UPFC_tse,5-15,-2.1833398563576725,21,-2.1447867333164643,MAP_PMU,113,0.03855312304120817
0,x_tcsc,1-14,-0.14373293312079036,22,-0.1377663416495161,MAP_PMU,113,0.005966591471274263
1,B_svc,2,0.2942028955041377,22,0.29204395471658073,MAP_PMU,113,0.002158940787556962
2,UPFC_Vsh,5-15,1.10459692654247,22,1.1060163735848434,MAP_PMU,113,0.0014194470423734007
3,UPFC_tsh,5-15,-0.2282376507106336,22,-0.22768882679917213,MAP_PMU,113,0.0005488239114614657
4,UPFC_Vse,5-15,0.0614629540793383,22,0.05916909112830997,MAP_PMU,113,0.002293862951028333
5,UPFC_tse,5-15,-2.18862212498402,22,-2.1447867333164643,MAP_PMU,113,0.04383539166755579
0,x_tcsc,1-14,-0.14462640668387888,23,-0.1377663416495161,MAP_PMU,113,0.006860065034362789
1,B_svc,2,0.29420100093854046,23,0.29204395471658073,MAP_PMU,113,0.002157046221959724
2,UPFC_Vsh,5-15,1.1043144762379637,23,1.1060163735848434,MAP_PMU,113,0.0017018973468796439
3,UPFC_tsh,5-15,-0.2283052270541589,23,-0.22768882679917213,MAP_PMU,113,0.0006164002549867709
4,UPFC_Vse,5-15,0.06190337120877884,23,0.05916909112830997,MAP_PMU,113,0.0027342800804688733
5,UPFC_tse,5-15,-2.2010881111605753,23,-2.1447867333164643,MAP_PMU,113,0.056301377844111045
0,x_tcsc,1-14,-0.14350926984514692,24,-0.1377663416495161,MAP_PMU,113,0.005742928195630825
1,B_svc,2,0.2939976172974107,24,0.29204395471658073,MAP_PMU,113,0.0019536625808299624
2,UPFC_Vsh,5-15,1.1050095433913985,24,1.1060163735848434,MAP_PMU,113,0.0010068301934449408
3,UPFC_tsh,5-15,-0.22823053938811821,24,-0.22768882679917213,MAP_PMU,113,0.0005417125889460861
4,UPFC_Vse,5-15,0.061178115892625715,24,0.05916909112830997,MAP_PMU,113,0.0020090247643157477
5,UPFC_tse,5-15,-2.1885398483549685,24,-2.1447867333164643,MAP_PMU,113,0.04375311503850421
0,x_tcsc,1-14,-0.14361592348470406,25,-0.1377663416495161,MAP_PMU,113,0.005849581835187967
1,B_svc,2,0.2936258806420282,25,0.29204395471658073,MAP_PMU,113,0.0015819259254474805
2,UPFC_Vsh,5-15,1.1054942706422521,25,1.1060163735848434,MAP_PMU,113,0.0005221029425912516
3,UPFC_tsh,5-15,-0.2281242922806138,25,-0.22768882679917213,MAP_PMU,113,0.0004354654814416603
4,UPFC_Vse,5-15,0.060906359764132285,25,0.05916909112830997,MAP_PMU,113,0.0017372686358223186
5,UPFC_tse,5-15,-2.171941812747125,25,-2.1447867333164643,MAP_PMU,113,0.027155079430660756
0,x_tcsc,1-14,-0.14390678967102036,26,-0.1377663416495161,MAP_PMU,113,0.006140448021504263
1,B_svc,2,0.2940138891539636,26,0.29204395471658073,MAP_PMU,113,0.0019699344373828587
2,UPFC_Vsh,5-15,1.1051015985652755,26,1.1060163735848434,MAP_PMU,113,0.0009147750195679372
3,UPFC_tsh,5-15,-0.22813711592082142,26,-0.22768882679917213,MAP_PMU,113,0.00044828912164929235
4,UPFC_Vse,5-15,0.06147872294473733,26,0.05916909112830997,MAP_PMU,113,0.0023096318164273627
5,UPFC_tse,5-15,-2.1871794441251633,26,-2.1447867333164643,MAP_PMU,113,0.042392710808699
0,x_tcsc,1-14,-0.14420278541195328,27,-0.1377663416495161,MAP_PMU,113,0.006436443762437183
1,B_svc,2,0.29444014319552925,27,0.29204395471658073,MAP_PMU,113,0.0023961884789485133
2,UPFC_Vsh,5-15,1.1045071886268745,27,1.1060163735848434,MAP_PMU,113,0.0015091849579689232
3,UPFC_tsh,5-15,-0.22832378398992287,27,-0.22768882679917213,MAP_PMU,113,0.0006349571907507401
4,UPFC_Vse,5-15,0.061721941616240776,27,0.05916909112830997,MAP_PMU,113,0.002552850487930809
5,UPFC_tse,5-15,-2.1954922837046844,27,-2.1447867333164643,MAP_PMU,113,0.05070555038822011
0,x_tcsc,1-14,-0.1442042205008377,28,-0.1377663416495161,MAP_PMU,113,0.0064378788513216045
1,B_svc,2,0.2937437064572866,28,0.29204395471658073,MAP_PMU,113,0.001699751740705857
2,UPFC_Vsh,5-15,1.1048104152289837,28,1.1060163735848434,MAP_PMU,113,0.001205958355859682
3,UPFC_tsh,5-15,-0.22828438154940198,28,-0.22768882679917213,MAP_PMU,113,0.0005955547502298486
4,UPFC_Vse,5-15,0.06145462343495224,28,0.05916909112830997,MAP_PMU,113,0.002285532306642274
5,UPFC_tse,5-15,-2.1971746510550667,28,-2.1447867333164643,MAP_PMU,113,0.05238791773860241
0,x_tcsc,1-14,-0.14410806380714278,29,-0.1377663416495161,MAP_PMU,113,0.0063417221576266836
1,B_svc,2,0.29369393461557197,29,0.29204395471658073,MAP_PMU,113,0.0016499798989912384
2,UPFC_Vsh,5-15,1.1044509769529227,29,1.1060163735848434,MAP_PMU,113,0.0015653966319206791
3,UPFC_tsh,5-15,-0.22819348395243416,29,-0.22768882679917213,MAP_PMU,113,0.0005046571532620336
4,UPFC_Vse,5-15,0.061517653791994524,29,0.05916909112830997,MAP_PMU,113,0.002348562663684557
5,UPFC_tse,5-15,-2.1879887938860727,29,-2.1447867333164643,MAP_PMU,113,0.0432020605696084
0,x_tcsc,1-14,-0.14409995221249677,30,-0.1377663416495161,MAP_PMU,113,0.006333610562980679
1,B_svc,2,0.29314039992514035,30,0.29204395471658073,MAP_PMU,113,0.0010964452085596155
2,UPFC_Vsh,5-15,1.1048164920755303,30,1.1060163735848434,MAP_PMU,113,0.00119988150931305
3,UPFC_tsh,5-15,-0.2281834447330803,30,-0.22768882679917213,MAP_PMU,113,0.0004946179339081758
4,UPFC_Vse,5-15,0.06118990017380666,30,0.05916909112830997,MAP_PMU,113,0.002020809045496695
5,UPFC_tse,5-15,-2.1969909791230195,30,-2.1447867333164643,MAP_PMU,113,0.05220424580655525
0,x_tcsc,1-14,-0.143670780971366,31,-0.1377663416495161,MAP_PMU,113,0.005904439321849919
1,B_svc,2,0.2938100059759562,31,0.29204395471658073,MAP_PMU,113,0.0017660512593754563
2,UPFC_Vsh,5-15,1.1049888023807692,31,1.1060163735848434,MAP_PMU,113,0.0010275712040741514
3,UPFC_tsh,5-15,-0.22831147982395358,31,-0.22768882679917213,MAP_PMU,113,0.0006226530247814555
4,UPFC_Vse,5-15,0.061471523650319486,31,0.05916909112830997,MAP_PMU,113,0.002302432522009519
5,UPFC_tse,5-15,-2.1923296507263736,31,-2.1447867333164643,MAP_PMU,113,0.04754291740990935
0,x_tcsc,1-14,-0.1446223799327351,32,-0.1377663416495161,MAP_PMU,113,0.0068560382832190125
1,B_svc,2,0.29372304718344894,32,0.29204395471658073,MAP_PMU,113,0.001679092466868204
2,UPFC_Vsh,5-15,1.1048003969125753,32,1.1060163735848434,MAP_PMU,113,0.0012159766722681375
3,UPFC_tsh,5-15,-0.2283078690244676,32,-0.22768882679917213,MAP_PMU,113,0.000619042225295463
4,UPFC_Vse,5-15,0.061008021326608555,32,0.05916909112830997,MAP_PMU,113,0.0018389301982985884
5,UPFC_tse,5-15,-2.2018807786002053,32,-2.1447867333164643,MAP_PMU,113,0.05709404528374096
0,x_tcsc,1-14,-0.14405733894451958,33,-0.1377663416495161,MAP_PMU,113,0.0062909972950034865
1,B_svc,2,0.2941769000972997,33,0.29204395471658073,MAP_PMU,113,0.0021329453807189536
2,UPFC_Vsh,5-15,1.1048370964845977,33,1.1060163735848434,MAP_PMU,113,0.0011792771002456792
3,UPFC_tsh,5-15,-0.22826535942799805,33,-0.22768882679917213,MAP_PMU,113,0.0005765326288259265
4,UPFC_Vse,5-15,0.06142046497397138,33,0.05916909112830997,MAP_PMU,113,0.00225137384566141
5,UPFC_tse,5-15,-2.1961139297900125,33,-2.1447867333164643,MAP_PMU,113,0.05132719647354822
0,x_tcsc,1-14,-0.1444873879253662,34,-0.1377663416495161,MAP_PMU,113,0.006721046275850101
1,B_svc,2,0.2933714227722378,34,0.29204395471658073,MAP_PMU,113,0.0013274680556570884
2,UPFC_Vsh,5-15,1.1049074507005663,34,1.1060163735848434,MAP_PMU,113,0.0011089228842771082
3,UPFC_tsh,5-15,-0.22830723546046786,34,-0.22768882679917213,MAP_PMU,113,0.0006184086612957274
4,UPFC_Vse,5-15,0.061571379418595404,34,0.05916909112830997,MAP_PMU,113,0.002402288290285437
5,UPFC_tse,5-15,-2.198217931611902,34,-2.1447867333164643,MAP_PMU,113,0.05343119829543763
0,x_tcsc,1-14,-0.14356643461081584,35,-0.1377663416495161,MAP_PMU,113,0.005800092961299741
1,B_svc,2,0.2940283487615516,35,0.29204395471658073,MAP_PMU,113,0.001984394044970861
2,UPFC_Vsh,5-15,1.1052555544455307,35,1.1060163735848434,MAP_PMU,113,0.0007608191393126962
3,UPFC_tsh,5-15,-0.22822713757074184,35,-0.22768882679917213,MAP_PMU,113,0.0005383107715697111
4,UPFC_Vse,5-15,0.06128278814347543,35,0.05916909112830997,MAP_PMU,113,0.002113697015165464
5,UPFC_tse,5-15,-2.1882570101776255,35,-2.1447867333164643,MAP_PMU,113,0.04347027686116123
0,x_tcsc,1-14,-0.14315467674723195,36,-0.1377663416495161,MAP_PMU,113,0.005388335097715857
1,B_svc,2,0.2936435495407053,36,0.29204395471658073,MAP_PMU,113,0.0015995948241245839
2,UPFC_Vsh,5-15,1.1050532673389883,36,1.1060163735848434,MAP_PMU,113,0.0009631062458550499
3,UPFC_tsh,5-15,-0.22819790721044242,36,-0.22768882679917213,MAP_PMU,113,0.0005090804112702907
4,UPFC_Vse,5-15,0.06138977173203214,36,0.05916909112830997,MAP_PMU,113,0.002220680603722172
5,UPFC_tse,5-15,-2.193963678441355,36,-2.1447867333164643,MAP_PMU,113,0.0491769451248909
0,x_tcsc,1-14,-0.14358374899797757,37,-0.1377663416495161,MAP_PMU,113,0.0058174073484614786
1,B_svc,2,0.29373216878953545,37,0.29204395471658073,MAP_PMU,113,0.001688214072954719
2,UPFC_Vsh,5-15,1.1058093730108882,37,1.1060163735848434,MAP_PMU,113,0.0002070005739551739
3,UPFC_tsh,5-15,-0.22797957139572259,37,-0.22768882679917213,MAP_PMU,113,0.00029074459655045737
4,UPFC_Vse,5-15,0.06043694416593188,37,0.05916909112830997,MAP_PMU,113,0.0012678530376219119
5,UPFC_tse,5-15,-2.188878869961034,37,-2.1447867333164643,MAP_PMU,113,0.0440921366445699
0,x_tcsc,1-14,-0.14389342734410795,38,-0.1377663416495161,MAP_PMU,113,0.006127085694591861
1,B_svc,2,0.29340396555189363,38,0.29204395471658073,MAP_PMU,113,0.001360010835312897
2,UPFC_Vsh,5-15,1.1048078997563255,38,1.1060163735848434,MAP_PMU,113,0.0012084738285178531
3,UPFC_tsh,5-15,-0.22827340048615527,38,-0.22768882679917213,MAP_PMU,113,0.0005845736869831419
4,UPFC_Vse,5-15,0.06147086689726878,38,0.05916909112830997,MAP_PMU,113,0.0023017757689588123
5,UPFC_tse,5-15,-2.196431452096354,38,-2.1447867333164643,MAP_PMU,113,0.05164471877988985
0,x_tcsc,1-14,-0.14348368367157519,39,-0.1377663416495161,MAP_PMU,113,0.005717342022059091
1,B_svc,2,0.29400497915327867,39,0.29204395471658073,MAP_PMU,113,0.0019610244366979335
2,UPFC_Vsh,5-15,1.1052580325479255,39,1.1060163735848434,MAP_PMU,113,0.0007583410369178534
3,UPFC_tsh,5-15,-0.22814419098774807,39,-0.22768882679917213,MAP_PMU,113,0.0004553641885759463
4,UPFC_Vse,5-15,0.06096054106417948,39,0.05916909112830997,MAP_PMU,113,0.0017914499358695143
5,UPFC_tse,5-15,-2.1860892717361096,39,-2.1447867333164643,MAP_PMU,113,0.04130253841964526
0,x_tcsc,1-14,-0.1432722055386712,40,-0.1377663416495161,MAP_PMU,113,0.00550586388915511
1,B_svc,2,0.29340060021989356,40,0.29204395471658073,MAP_PMU,113,0.0013566455033128255
2,UPFC_Vsh,5-15,1.1052078612699139,40,1.1060163735848434,MAP_PMU,113,0.0008085123149295104
3,UPFC_tsh,5-15,-0.22818128477390653,40,-0.22768882679917213,MAP_PMU,113,0.000492457974734406
4,UPFC_Vse,5-15,0.06133337073284809,40,0.05916909112830997,MAP_PMU,113,0.002164279604538126
5,UPFC_tse,5-15,-2.18350517636015,40,-2.1447867333164643,MAP_PMU,113,0.038718443043685546
0,x_tcsc,1-14,-0.14436687247378438,41,-0.1377663416495161,MAP_PMU,113,0.006600530824268286
1,B_svc,2,0.294229467642547,41,0.29204395471658073,MAP_PMU,113,0.0021855129259662487
2,UPFC_Vsh,5-15,1.1046364485002662,41,1.1060163735848434,MAP_PMU,113,0.0013799250845771827
3,UPFC_tsh,5-15,-0.22818260976274463,41,-0.22768882679917213,MAP_PMU,113,0.0004937829635724977
4,UPFC_Vse,5-15,0.061455121561831146,41,0.05916909112830997,MAP_PMU,113,0.0022860304335211787
5,UPFC_tse,5-15,-2.189111747083381,41,-2.1447867333164643,MAP_PMU,113,0.044325013766916666
0,x_tcsc,1-14,-0.14394958471536115,42,-0.1377663416495161,MAP_PMU,113,0.0061832430658450566
1,B_svc,2,0.2939035564567843,42,0.29204395471658073,MAP_PMU,113,0.0018596017402035536
2,UPFC_Vsh,5-15,1.1044649335813834,42,1.1060163735848434,MAP_PMU,113,0.0015514400034599696
3,UPFC_tsh,5-15,-0.22824714556449927,42,-0.22768882679917213,MAP_PMU,113,0.0005583187653271371
4,UPFC_Vse,5-15,0.06145820538833328,42,0.05916909112830997,MAP_PMU,113,0.0022891142600233103
5,UPFC_tse,5-15,-2.1920933364360256,42,-2.1447867333164643,MAP_PMU,113,0.04730660311956125
0,x_tcsc,1-14,-0.14367601796356888,43,-0.1377663416495161,MAP_PMU,113,0.005909676314052786
1,B_svc,2,0.2933479600956488,43,0.29204395471658073,MAP_PMU,113,0.0013040053790680517
2,UPFC_Vsh,5-15,1.1053731140364613,43,1.1060163735848434,MAP_PMU,113,0.0006432595483820691
3,UPFC_tsh,5-15,-0.22815389186306576,43,-0.22768882679917213,MAP_PMU,113,0.0004650650638936271
4,UPFC_Vse,5-15,0.06112524602111955,43,0.05916909112830997,MAP_PMU,113,0.001956154892809585
5,UPFC_tse,5-15,-2.185966941103795,43,-2.1447867333164643,MAP_PMU,113,0.04118020778733067
0,x_tcsc,1-14,-0.14377454107603904,44,-0.1377663416495161,MAP_PMU,113,0.006008199426522948
1,B_svc,2,0.29363540305924474,44,0.29204395471658073,MAP_PMU,113,0.0015914483426640036
2,UPFC_Vsh,5-15,1.1047014408481362,44,1.1060163735848434,MAP_PMU,113,0.0013149327367072416
3,UPFC_tsh,5-15,-0.2281991129190074,44,-0.22768882679917213,MAP_PMU,113,0.0005102861198352793
4,UPFC_Vse,5-15,0.061341080934775846,44,0.05916909112830997,MAP_PMU,113,0.0021719898064658794
5,UPFC_tse,5-15,-2.1919573126866214,44,-2.1447867333164643,MAP_PMU,113,0.04717057937015712
0,x_tcsc,1-14,-0.14358832220084658,45,-0.1377663416495161,MAP_PMU,113,0.005821980551330486
1,B_svc,2,0.2938016320402778,45,0.29204395471658073,MAP_PMU,113,0.0017576773236970822
2,UPFC_Vsh,5-15,1.1049076947301915,45,1.1060163735848434,MAP_PMU,113,0.0011086788546519344
3,UPFC_tsh,5-15,-0.22821780340723216,45,-0.22768882679917213,MAP_PMU,113,0.0005289766080600333
4,UPFC_Vse,5-15,0.06137008737630822,45,0.05916909112830997,MAP_PMU,113,0.0022009962479982506
5,UPFC_tse,5-15,-2.1914710405082425,45,-2.1447867333164643,MAP_PMU,113,0.046684307191778185
0,x_tcsc,1-14,-0.14366194009566882,46,-0.1377663416495161,MAP_PMU,113,0.005895598446152728
1,B_svc,2,0.29431306848381067,46,0.29204395471658073,MAP_PMU,113,0.0022691137672299355
2,UPFC_Vsh,5-15,1.1048063696598134,46,1.1060163735848434,MAP_PMU,113,0.001210003925030012
3,UPFC_tsh,5-15,-0.22824185354072465,46,-0.22768882679917213,MAP_PMU,113,0.0005530267415525258
4,UPFC_Vse,5-15,0.06178353897368417,46,0.05916909112830997,MAP_PMU,113,0.0026144478453742
5,UPFC_tse,5-15,-2.2071102484226475,46,-2.1447867333164643,MAP_PMU,113,0.06232351510618317
0,x_tcsc,1-14,-0.1436971916107312,47,-0.1377663416495161,MAP_PMU,113,0.0059308499612150956
1,B_svc,2,0.293868264523607,47,0.29204395471658073,MAP_PMU,113,0.0018243098070262476
2,UPFC_Vsh,5-15,1.1048577905885373,47,1.1060163735848434,MAP_PMU,113,0.0011585829963061123
3,UPFC_tsh,5-15,-0.22817554004095145,47,-0.22768882679917213,MAP_PMU,113,0.0004867132417793185
4,UPFC_Vse,5-15,0.06119291348629352,47,0.05916909112830997,MAP_PMU,113,0.002023822357983554
5,UPFC_tse,5-15,-2.1782336337767805,47,-2.1447867333164643,MAP_PMU,113,0.033446900460316176
0,x_tcsc,1-14,-0.143938635020771,48,-0.1377663416495161,MAP_PMU,113,0.006172293371254911
1,B_svc,2,0.2938626408192588,48,0.29204395471658073,MAP_PMU,113,0.0018186861026780465
2,UPFC_Vsh,5-15,1.1046482702745812,48,1.1060163735848434,MAP_PMU,113,0.0013681033102621587
3,UPFC_tsh,5-15,-0.22828155982185155,48,-0.22768882679917213,MAP_PMU,113,0.0005927330226794258
4,UPFC_Vse,5-15,0.06146814114548487,48,0.05916909112830997,MAP_PMU,113,0.0022990500171749043
5,UPFC_tse,5-15,-2.1947019931970737,48,-2.1447867333164643,MAP_PMU,113,0.04991525988060941
0,x_tcsc,1-14,-0.14354402197996766,49,-0.1377663416495161,MAP_PMU,113,0.005777680330451562
1,B_svc,2,0.29316637421126435,49,0.29204395471658073,MAP_PMU,113,0.001122419494683613
2,UPFC_Vsh,5-15,1.1053073022756064,49,1.1060163735848434,MAP_PMU,113,0.0007090713092370304
3,UPFC_tsh,5-15,-0.22818302626057765,49,-0.22768882679917213,MAP_PMU,113,0.0004941994614055256
4,UPFC_Vse,5-15,0.06132973289563488,49,0.05916909112830997,MAP_PMU,113,0.00216064176732491
5,UPFC_tse,5-15,-2.1880498845097662,49,-2.1447867333164643,MAP_PMU,113,0.04326315119330193
0,x_tcsc,1-14,-0.1439493391085613,50,-0.1377663416495161,MAP_PMU,113,0.006182997459045214
1,B_svc,2,0.29351280225207327,50,0.29204395471658073,MAP_PMU,113,0.0014688475354925346
2,UPFC_Vsh,5-15,1.1051968061281285,50,1.1060163735848434,MAP_PMU,113,0.0008195674567148536
3,UPFC_tsh,5-15,-0.22818935038472968,50,-0.22768882679917213,MAP_PMU,113,0.0005005235855575496
4,UPFC_Vse,5-15,0.0613771184790089,50,0.05916909112830997,MAP_PMU,113,0.0022080273506989365
5,UPFC_tse,5-15,-2.19187908004204,50,-2.1447867333164643,MAP_PMU,113,0.047092346725575496
0,x_tcsc,1-14,-0.14354492564386828,51,-0.1377663416495161,MAP_PMU,113,0.005778583994352188
1,B_svc,2,0.2936072979837896,51,0.29204395471658073,MAP_PMU,113,0.001563343267208861
2,UPFC_Vsh,5-15,1.1050179903478543,51,1.1060163735848434,MAP_PMU,113,0.0009983832369890866
3,UPFC_tsh,5-15,-0.22816573935149703,51,-0.22768882679917213,MAP_PMU,113,0.00047691255232490404
4,UPFC_Vse,5-15,0.06130260817854039,51,0.05916909112830997,MAP_PMU,113,0.0021335170502304254
5,UPFC_tse,5-15,-2.189696721865725,51,-2.1447867333164643,MAP_PMU,113,0.04490998854926076
0,x_tcsc,1-14,-0.14455292046376292,52,-0.1377663416495161,MAP_PMU,113,0.006786578814246824
1,B_svc,2,0.2939464951634767,52,0.29204395471658073,MAP_PMU,113,0.0019025404468959728
2,UPFC_Vsh,5-15,1.1045500287300376,52,1.1060163735848434,MAP_PMU,113,0.00146634485480579
3,UPFC_tsh,5-15,-0.2282820155171795,52,-0.22768882679917213,MAP_PMU,113,0.0005931887180073703
4,UPFC_Vse,5-15,0.06145597609490037,52,0.05916909112830997,MAP_PMU,113,0.002286884966590401
5,UPFC_tse,5-15,-2.197569926194311,52,-2.1447867333164643,MAP_PMU,113,0.05278319287784683
0,x_tcsc,1-14,-0.14347860601222712,53,-0.1377663416495161,MAP_PMU,113,0.0057122643627110226
1,B_svc,2,0.29432107872486035,53,0.29204395471658073,MAP_PMU,113,0.0022771240082796185
2,UPFC_Vsh,5-15,1.10543638493476,53,1.1060163735848434,MAP_PMU,113,0.0005799886500834628
3,UPFC_tsh,5-15,-0.22817538694246578,53,-0.22768882679917213,MAP_PMU,113,0.0004865601432936517
4,UPFC_Vse,5-15,0.061261649733129434,53,0.05916909112830997,MAP_PMU,113,0.0020925586048194666
5,UPFC_tse,5-15,-2.179629658449131,53,-2.1447867333164643,MAP_PMU,113,0.034842925132666736
0,x_tcsc,1-14,-0.14447062605301175,54,-0.1377663416495161,MAP_PMU,113,0.006704284403495658
1,B_svc,2,0.2941272477255995,54,0.29204395471658073,MAP_PMU,113,0.002083293009018772
2,UPFC_Vsh,5-15,1.1047031073985292,54,1.1060163735848434,MAP_PMU,113,0.0013132661863142214
3,UPFC_tsh,5-15,-0.22824269816548362,54,-0.22768882679917213,MAP_PMU,113,0.0005538713663114925
4,UPFC_Vse,5-15,0.06189044734390357,54,0.05916909112830997,MAP_PMU,113,0.0027213562155935997
5,UPFC_tse,5-15,-2.201564159246892,54,-2.1447867333164643,MAP_PMU,113,0.05677742593042767
0,x_tcsc,1-14,-0.14424033266310157,55,-0.1377663416495161,MAP_PMU,113,0.006473991013585478
1,B_svc,2,0.29460114427220796,55,0.29204395471658073,MAP_PMU,113,0.002557189555627226
2,UPFC_Vsh,5-15,1.1049178780219233,55,1.1060163735848434,MAP_PMU,113,0.0010984955629200766
3,UPFC_tsh,5-15,-0.22832574277920792,55,-0.22768882679917213,MAP_PMU,113,0.0006369159800357904
4,UPFC_Vse,5-15,0.06168150576639869,55,0.05916909112830997,MAP_PMU,113,0.0025124146380887252
5,UPFC_tse,5-15,-2.1892829874576085,55,-2.1447867333164643,MAP_PMU,113,0.04449625414114422
0,x_tcsc,1-14,-0.1436361732778408,56,-0.1377663416495161,MAP_PMU,113,0.005869831628324718
1,B_svc,2,0.2940257640661361,56,0.29204395471658073,MAP_PMU,113,0.0019818093495553857
2,UPFC_Vsh,5-15,1.1047973939570495,56,1.1060163735848434,MAP_PMU,113,0.0012189796277939369
3,UPFC_tsh,5-15,-0.22828054102983422,56,-0.22768882679917213,MAP_PMU,113,0.0005917142306620937
4,UPFC_Vse,5-15,0.06154142724452867,56,0.05916909112830997,MAP_PMU,113,0.002372336116218704
5,UPFC_tse,5-15,-2.1881041094361255,56,-2.1447867333164643,MAP_PMU,113,0.043317376119661244
0,x_tcsc,1-14,-0.1435552623325855,57,-0.1377663416495161,MAP_PMU,113,0.0057889206830694095
1,B_svc,2,0.29353762260656613,57,0.29204395471658073,MAP_PMU,113,0.001493667889985395
2,UPFC_Vsh,5-15,1.1054681603199543,57,1.1060163735848434,MAP_PMU,113,0.0005482132648890747
3,UPFC_tsh,5-15,-0.2281660238482825,57,-0.22768882679917213,MAP_PMU,113,0.0004771970491103672
4,UPFC_Vse,5-15,0.061117949852538135,57,0.05916909112830997,MAP_PMU,113,0.0019488587242281682
5,UPFC_tse,5-15,-2.190778096233297,57,-2.1447867333164643,MAP_PMU,113,0.04599136291683248
0,x_tcsc,1-14,-0.14363276454369123,58,-0.1377663416495161,MAP_PMU,113,0.005866422894175133
1,B_svc,2,0.29389846609787107,58,0.29204395471658073,MAP_PMU,113,0.0018545113812903358
2,UPFC_Vsh,5-15,1.1053760099298633,58,1.1060163735848434,MAP_PMU,113,0.0006403636549801028
3,UPFC_tsh,5-15,-0.22820628639083795,58,-0.22768882679917213,MAP_PMU,113,0.0005174595916658253
4,UPFC_Vse,5-15,0.06115752236732998,58,0.05916909112830997,MAP_PMU,113,0.001988431239020011
5,UPFC_tse,5-15,-2.1707571420502076,58,-2.1447867333164643,MAP_PMU,113,0.025970408733743344
0,x_tcsc,1-14,-0.14367681640698324,59,-0.1377663416495161,MAP_PMU,113,0.0059104747574671435
1,B_svc,2,0.29368674398754613,59,0.29204395471658073,MAP_PMU,113,0.0016427892709653946
2,UPFC_Vsh,5-15,1.1049427943263006,59,1.1060163735848434,MAP_PMU,113,0.0010735792585427895
3,UPFC_tsh,5-15,-0.22822086515280163,59,-0.22768882679917213,MAP_PMU,113,0.0005320383536294992
4,UPFC_Vse,5-15,0.06127057657942733,59,0.05916909112830997,MAP_PMU,113,0.002101485451117366
5,UPFC_tse,5-15,-2.18377824912448,59,-2.1447867333164643,MAP_PMU,113,0.03899151580801563
0,x_tcsc,1-14,-0.14374278183714176,60,-0.1377663416495161,MAP_PMU,113,0.0059764401876256645
1,B_svc,2,0.29401084177035003,60,0.29204395471658073,MAP_PMU,113,0.001966887053769295
2,UPFC_Vsh,5-15,1.1053033536566903,60,1.1060163735848434,MAP_PMU,113,0.0007130199281530913
3,UPFC_tsh,5-15,-0.22816567613014727,60,-0.22768882679917213,MAP_PMU,113,0.0004768493309751376
4,UPFC_Vse,5-15,0.06128723588244293,60,0.05916909112830997,MAP_PMU,113,0.00211814475413296
5,UPFC_tse,5-15,-2.182984598873747,60,-2.1447867333164643,MAP_PMU,113,0.03819786555728255
0,x_tcsc,1-14,-0.14333428026682785,61,-0.1377663416495161,MAP_PMU,113,0.005567938617311752
1,B_svc,2,0.29416506587778274,61,0.29204395471658073,MAP_PMU,113,0.002121111161202005
2,UPFC_Vsh,5-15,1.1052526556192726,61,1.1060163735848434,MAP_PMU,113,0.0007637179655708426
3,UPFC_tsh,5-15,-0.22814288477430333,61,-0.22768882679917213,MAP_PMU,113,0.0004540579751312057
4,UPFC_Vse,5-15,0.06115003040684067,61,0.05916909112830997,MAP_PMU,113,0.0019809392785307064
5,UPFC_tse,5-15,-2.1794607418572873,61,-2.1447867333164643,MAP_PMU,113,0.03467400854082303
0,x_tcsc,1-14,-0.14411206951940492,62,-0.1377663416495161,MAP_PMU,113,0.006345727869888823
1,B_svc,2,0.2939333381712411,62,0.29204395471658073,MAP_PMU,113,0.0018893834546603872
2,UPFC_Vsh,5-15,1.1047196252545852,62,1.1060163735848434,MAP_PMU,113,0.0012967483302581684
3,UPFC_tsh,5-15,-0.22820963626043803,62,-0.22768882679917213,MAP_PMU,113,0.0005208094612658976
4,UPFC_Vse,5-15,0.06080523156797724,62,0.05916909112830997,MAP_PMU,113,0.001636140439667276
5,UPFC_tse,5-15,-2.189253718340159,62,-2.1447867333164643,MAP_PMU,113,0.044466985023694505
0,x_tcsc,1-14,-0.14401784381497812,63,-0.1377663416495161,MAP_PMU,113,0.006251502165462025
1,B_svc,2,0.29415004432100683,63,0.29204395471658073,MAP_PMU,113,0.002106089604426098
2,UPFC_Vsh,5-15,1.1047456917585512,63,1.1060163735848434,MAP_PMU,113,0.001270681826292197
3,UPFC_tsh,5-15,-0.22815517461855078,63,-0.22768882679917213,MAP_PMU,113,0.0004663478193786541
4,UPFC_Vse,5-15,0.060852861317401176,63,0.05916909112830997,MAP_PMU,113,0.001683770189091209
5,UPFC_tse,5-15,-2.1949294925356675,63,-2.1447867333164643,MAP_PMU,113,0.05014275921920319
0,x_tcsc,1-14,-0.14379087889513772,64,-0.1377663416495161,MAP_PMU,113,0.006024537245621631
1,B_svc,2,0.2939087357163272,64,0.29204395471658073,MAP_PMU,113,0.0018647809997464626
2,UPFC_Vsh,5-15,1.1051347840074905,64,1.1060163735848434,MAP_PMU,113,0.0008815895773528482
3,UPFC_tsh,5-15,-0.22821262888583274,64,-0.22768882679917213,MAP_PMU,113,0.000523802086660613
4,UPFC_Vse,5-15,0.06145824604942932,64,0.05916909112830997,MAP_PMU,113,0.002289154921119356
5,UPFC_tse,5-15,-2.1941060810053177,64,-2.1447867333164643,MAP_PMU,113,0.04931934768885338
0,x_tcsc,1-14,-0.14375947998561184,65,-0.1377663416495161,MAP_PMU,113,0.0059931383360957435
1,B_svc,2,0.293758131263788,65,0.29204395471658073,MAP_PMU,113,0.0017141765472072912
2,UPFC_Vsh,5-15,1.1051785619196577,65,1.1060163735848434,MAP_PMU,113,0.0008378116651857059
3,UPFC_tsh,5-15,-0.22824113615835617,65,-0.22768882679917213,MAP_PMU,113,0.0005523093591840444
4,UPFC_Vse,5-15,0.061309729982085386,65,0.05916909112830997,MAP_PMU,113,0.0021406388537754187
5,UPFC_tse,5-15,-2.181705758171009,65,-2.1447867333164643,MAP_PMU,113,0.03691902485454479
0,x_tcsc,1-14,-0.1441832107871739,66,-0.1377663416495161,MAP_PMU,113,0.0064168691376577935
1,B_svc,2,0.2939202494020415,66,0.29204395471658073,MAP_PMU,113,0.0018762946854607443
2,UPFC_Vsh,5-15,1.105139474894278,66,1.1060163735848434,MAP_PMU,113,0.0008768986905653975
3,UPFC_tsh,5-15,-0.22819497223859384,66,-0.22768882679917213,MAP_PMU,113,0.0005061454394217069
4,UPFC_Vse,5-15,0.06162049745226632,66,0.05916909112830997,MAP_PMU,113,0.002451406323956351
5,UPFC_tse,5-15,-2.1904106012525917,66,-2.1447867333164643,MAP_PMU,113,0.04562386793612738
0,x_tcsc,1-14,-0.14401029049935016,67,-0.1377663416495161,MAP_PMU,113,0.006243948849834063
1,B_svc,2,0.2941174998248177,67,0.29204395471658073,MAP_PMU,113,0.002073545108236985
2,UPFC_Vsh,5-15,1.104767327663805,67,1.1060163735848434,MAP_PMU,113,0.0012490459210383609
3,UPFC_tsh,5-15,-0.2282615765530717,67,-0.22768882679917213,MAP_PMU,113,0.0005727497538995652
4,UPFC_Vse,5-15,0.06180594056083397,67,0.05916909112830997,MAP_PMU,113,0.0026368494325240063
5,UPFC_tse,5-15,-2.192184449919298,67,-2.1447867333164643,MAP_PMU,113,0.04739771660283365
0,x_tcsc,1-14,-0.14307629929985885,68,-0.1377663416495161,MAP_PMU,113,0.005309957650342756
1,B_svc,2,0.294353434215713,68,0.29204395471658073,MAP_PMU,113,0.0023094794991322387
2,UPFC_Vsh,5-15,1.1051462821070663,68,1.1060163735848434,MAP_PMU,113,0.0008700914777770574
3,UPFC_tsh,5-15,-0.2283087693658111,68,-0.22768882679917213,MAP_PMU,113,0.0006199425666389702
4,UPFC_Vse,5-15,0.06164077524828746,68,0.05916909112830997,MAP_PMU,113,0.002471684119977495
5,UPFC_tse,5-15,-2.1840099360064515,68,-2.1447867333164643,MAP_PMU,113,0.03922320268998725
0,x_tcsc,1-14,-0.14394482975320483,69,-0.1377663416495161,MAP_PMU,113,0.006178488103688734
1,B_svc,2,0.2943960481548107,69,0.29204395471658073,MAP_PMU,113,0.002352093438229952
2,UPFC_Vsh,5-15,1.1045326581083599,69,1.1060163735848434,MAP_PMU,113,0.0014837154764835159
3,UPFC_tsh,5-15,-0.22823770433657867,69,-0.22768882679917213,MAP_PMU,113,0.0005488775374065391
4,UPFC_Vse,5-15,0.061089239674815,69,0.05916909112830997,MAP_PMU,113,0.0019201485465050322
5,UPFC_tse,5-15,-2.1954897939137314,69,-2.1447867333164643,MAP_PMU,113,0.05070306059726715
0,x_tcsc,1-14,-0.14394114057477914,70,-0.1377663416495161,MAP_PMU,113,0.006174798925263042
1,B_svc,2,0.2941906523241697,70,0.29204395471658073,MAP_PMU,113,0.0021466976075889543
2,UPFC_Vsh,5-15,1.1051017774641028,70,1.1060163735848434,MAP_PMU,113,0.0009145961207406295
3,UPFC_tsh,5-15,-0.22823635849788523,70,-0.22768882679917213,MAP_PMU,113,0.0005475316987131051
4,UPFC_Vse,5-15,0.061643696478701444,70,0.05916909112830997,MAP_PMU,113,0.0024746053503914775
5,UPFC_tse,5-15,-2.191338320448441,70,-2.1447867333164643,MAP_PMU,113,0.046551587131976824
0,x_tcsc,1-14,-0.1446815168318601,71,-0.1377663416495161,MAP_PMU,113,0.006915175182343997
1,B_svc,2,0.2937853439702221,71,0.29204395471658073,MAP_PMU,113,0.0017413892536413678
2,UPFC_Vsh,5-15,1.1046074520891034,71,1.1060163735848434,MAP_PMU,113,0.001408921495740012
3,UPFC_tsh,5-15,-0.22830154907272665,71,-0.22768882679917213,MAP_PMU,113,0.0006127222735545224
4,UPFC_Vse,5-15,0.061202102185383474,71,0.05916909112830997,MAP_PMU,113,0.002033011057073507
5,UPFC_tse,5-15,-2.1952065601515107,71,-2.1447867333164643,MAP_PMU,113,0.05041982683504642
0,x_tcsc,1-14,-0.1432319093304828,72,-0.1377663416495161,MAP_PMU,113,0.005465567680966704
1,B_svc,2,0.2934245606950486,72,0.29204395471658073,MAP_PMU,113,0.0013806059784678415
2,UPFC_Vsh,5-15,1.105295966733293,72,1.1060163735848434,MAP_PMU,113,0.0007204068515505035
3,UPFC_tsh,5-15,-0.22814776495047018,72,-0.22768882679917213,MAP_PMU,113,0.0004589381512980495
4,UPFC_Vse,5-15,0.06097330408353099,72,0.05916909112830997,MAP_PMU,113,0.0018042129552210198
5,UPFC_tse,5-15,-2.1887862681287196,72,-2.1447867333164643,MAP_PMU,113,0.04399953481225527
0,x_tcsc,1-14,-0.1442645908973648,73,-0.1377663416495161,MAP_PMU,113,0.0064982492478486975
1,B_svc,2,0.2936994148210104,73,0.29204395471658073,MAP_PMU,113,0.0016554601044296846
2,UPFC_Vsh,5-15,1.104475653984096,73,1.1060163735848434,MAP_PMU,113,0.001540719600747309
3,UPFC_tsh,5-15,-0.22826397283544364,73,-0.22768882679917213,MAP_PMU,113,0.0005751460362715122
4,UPFC_Vse,5-15,0.061628787014545154,73,0.05916909112830997,MAP_PMU,113,0.0024596958862351873
5,UPFC_tse,5-15,-2.1967825108167554,73,-2.1447867333164643,MAP_PMU,113,0.05199577750029105
0,x_tcsc,1-14,-0.1436635130218603,74,-0.1377663416495161,MAP_PMU,113,0.005897171372344218
1,B_svc,2,0.29398895137852676,74,0.29204395471658073,MAP_PMU,113,0.0019449966619460302
2,UPFC_Vsh,5-15,1.1050827299118233,74,1.1060163735848434,MAP_PMU,113,0.0009336436730200681
3,UPFC_tsh,5-15,-0.22821792419533066,74,-0.22768882679917213,MAP_PMU,113,0.0005290973961585288
4,UPFC_Vse,5-15,0.06148496049247505,74,0.05916909112830997,MAP_PMU,113,0.002315869364165085
5,UPFC_tse,5-15,-2.1892803899925632,74,-2.1447867333164643,MAP_PMU,113,0.04449365667609895
0,x_tcsc,1-14,-0.14381568987087948,75,-0.1377663416495161,MAP_PMU,113,0.006049348221363382
1,B_svc,2,0.2945593720518072,75,0.29204395471658073,MAP_PMU,113,0.0025154173352264775
2,UPFC_Vsh,5-15,1.1049690317454823,75,1.1060163735848434,MAP_PMU,113,0.00104734183936106
3,UPFC_tsh,5-15,-0.2282155050693615,75,-0.22768882679917213,MAP_PMU,113,0.0005266782701893735
4,UPFC_Vse,5-15,0.06124978001379196,75,0.05916909112830997,MAP_PMU,113,0.0020806888854819905
5,UPFC_tse,5-15,-2.1849821194173784,75,-2.1447867333164643,MAP_PMU,113,0.04019538610091411
0,x_tcsc,1-14,-0.14360292469155705,76,-0.1377663416495161,MAP_PMU,113,0.00583658304204096
1,B_svc,2,0.29418400096311675,76,0.29204395471658073,MAP_PMU,113,0.0021400462465360204
2,UPFC_Vsh,5-15,1.1052144066524212,76,1.1060163735848434,MAP_PMU,113,0.0008019669324221823
3,UPFC_tsh,5-15,-0.22811689312717706,76,-0.22768882679917213,MAP_PMU,113,0.0004280663280049335
4,UPFC_Vse,5-15,0.061585709388164656,76,0.05916909112830997,MAP_PMU,113,0.0024166182598546887
5,UPFC_tse,5-15,-2.190521560416825,76,-2.1447867333164643,MAP_PMU,113,0.04573482710036059
0,x_tcsc,1-14,-0.14423155116472086,77,-0.1377663416495161,MAP_PMU,113,0.006465209515204767
1,B_svc,2,0.29397839439459267,77,0.29204395471658073,MAP_PMU,113,0.0019344396780119344
2,UPFC_Vsh,5-15,1.1047577291301391,77,1.1060163735848434,MAP_PMU,113,0.0012586444547042497
3,UPFC_tsh,5-15,-0.22824231641506418,77,-0.22768882679917213,MAP_PMU,113,0.0005534896158920499
4,UPFC_Vse,5-15,0.061704074161365884,77,0.05916909112830997,MAP_PMU,113,0.0025349830330559167
5,UPFC_tse,5-15,-2.1991276448357246,77,-2.1447867333164643,MAP_PMU,113,0.05434091151926035
0,x_tcsc,1-14,-0.143655627708219,78,-0.1377663416495161,MAP_PMU,113,0.005889286058702897
1,B_svc,2,0.2939384597836035,78,0.29204395471658073,MAP_PMU,113,0.001894505067022767
2,UPFC_Vsh,5-15,1.1050701340113682,78,1.1060163735848434,MAP_PMU,113,0.0009462395734751716
3,UPFC_tsh,5-15,-0.22822218994138588,78,-0.22768882679917213,MAP_PMU,113,0.0005333631422137497
4,UPFC_Vse,5-15,0.06130353073795197,78,0.05916909112830997,MAP_PMU,113,0.0021344396096420054
5,UPFC_tse,5-15,-2.1863517378875184,78,-2.1447867333164643,MAP_PMU,113,0.041565004571054054
0,x_tcsc,1-14,-0.14408507293195794,79,-0.1377663416495161,MAP_PMU,113,0.006318731282441842
1,B_svc,2,0.29405228096727554,79,0.29204395471658073,MAP_PMU,113,0.002008326250694803
2,UPFC_Vsh,5-15,1.1048363180831944,79,1.1060163735848434,MAP_PMU,113,0.0011800555016490133
3,UPFC_tsh,5-15,-0.22829635338781018,79,-0.22768882679917213,MAP_PMU,113,0.0006075265886380521
4,UPFC_Vse,5-15,0.061132765408057066,79,0.05916909112830997,MAP_PMU,113,0.001963674279747099
5,UPFC_tse,5-15,-2.203256730077413,79,-2.1447867333164643,MAP_PMU,113,0.05846999676094855
0,x_tcsc,1-14,-0.1444590290803842,80,-0.1377663416495161,MAP_PMU,113,0.006692687430868094
1,B_svc,2,0.2937443340030133,80,0.29204395471658073,MAP_PMU,113,0.001700379286432574
2,UPFC_Vsh,5-15,1.1046356835000544,80,1.1060163735848434,MAP_PMU,113,0.0013806900847890269
3,UPFC_tsh,5-15,-0.22823876094791087,80,-0.22768882679917213,MAP_PMU,113,0.0005499341487387455
4,UPFC_Vse,5-15,0.06141308799594122,80,0.05916909112830997,MAP_PMU,113,0.0022439968676312497
5,UPFC_tse,5-15,-2.198894008184625,80,-2.1447867333164643,MAP_PMU,113,0.054107274868160804
0,x_tcsc,1-14,-0.14327871629930408,81,-0.1377663416495161,MAP_PMU,113,0.005512374649787988
1,B_svc,2,0.2934526012139074,81,0.29204395471658073,MAP_PMU,113,0.0014086464973266932
2,UPFC_Vsh,5-15,1.1051851507865271,81,1.1060163735848434,MAP_PMU,113,0.0008312227983162668
3,UPFC_tsh,5-15,-0.2282198898712522,81,-0.22768882679917213,MAP_PMU,113,0.0005310630720800624
4,UPFC_Vse,5-15,0.061449120981144884,81,0.05916909112830997,MAP_PMU,113,0.0022800298528349167
5,UPFC_tse,5-15,-2.1854654315120525,81,-2.1447867333164643,MAP_PMU,113,0.040678698195588225
0,x_tcsc,1-14,-0.14409886523006668,82,-0.1377663416495161,MAP_PMU,113,0.006332523580550586
1,B_svc,2,0.29362072486063046,82,0.29204395471658073,MAP_PMU,113,0.0015767701440497217
2,UPFC_Vsh,5-15,1.1049236572790406,82,1.1060163735848434,MAP_PMU,113,0.0010927163058027656
3,UPFC_tsh,5-15,-0.2283147104377472,82,-0.22768882679917213,MAP_PMU,113,0.0006258836385750755
4,UPFC_Vse,5-15,0.061742630710087947,82,0.05916909112830997,MAP_PMU,113,0.0025735395817779796
5,UPFC_tse,5-15,-2.202306781646076,82,-2.1447867333164643,MAP_PMU,113,0.05752004832961166
0,x_tcsc,1-14,-0.14390222203824204,83,-0.1377663416495161,MAP_PMU,113,0.0061358803887259505
1,B_svc,2,0.2940752260976168,83,0.29204395471658073,MAP_PMU,113,0.0020312713810360927
2,UPFC_Vsh,5-15,1.1050846365097682,83,1.1060163735848434,MAP_PMU,113,0.0009317370750752119
3,UPFC_tsh,5-15,-0.22830062952705107,83,-0.22768882679917213,MAP_PMU,113,0.0006118027278789462
4,UPFC_Vse,5-15,0.06164229446230611,83,0.05916909112830997,MAP_PMU,113,0.0024732033339961434
5,UPFC_tse,5-15,-2.1933384291003204,83,-2.1447867333164643,MAP_PMU,113,0.0485516957838561
0,x_tcsc,1-14,-0.14390314415283942,84,-0.1377663416495161,MAP_PMU,113,0.006136802503323324
1,B_svc,2,0.29393645900753296,84,0.29204395471658073,MAP_PMU,113,0.0018925042909522238
2,UPFC_Vsh,5-15,1.1051360655543694,84,1.1060163735848434,MAP_PMU,113,0.0008803080304740085
3,UPFC_tsh,5-15,-0.2281892466567987,84,-0.22768882679917213,MAP_PMU,113,0.0005004198576265828
4,UPFC_Vse,5-15,0.06132723542547739,84,0.05916909112830997,MAP_PMU,113,0.0021581442971674233
5,UPFC_tse,5-15,-2.1897168023502247,84,-2.1447867333164643,MAP_PMU,113,0.0449300690337604
0,x_tcsc,1-14,-0.14384198217455046,85,-0.1377663416495161,MAP_PMU,113,0.00607564052503437
1,B_svc,2,0.2937900670202781,85,0.29204395471658073,MAP_PMU,113,0.001746112303697367
2,UPFC_Vsh,5-15,1.1051364211294195,85,1.1060163735848434,MAP_PMU,113,0.000879952455423938
3,UPFC_tsh,5-15,-0.22815348569034186,85,-0.22768882679917213,MAP_PMU,113,0.00046465889116972803
4,UPFC_Vse,5-15,0.06121021805234264,85,0.05916909112830997,MAP_PMU,113,0.002041126924032674
5,UPFC_tse,5-15,-2.1814148980732653,85,-2.1447867333164643,MAP_PMU,113,0.036628164756800974
0,x_tcsc,1-14,-0.143384768404149,86,-0.1377663416495161,MAP_PMU,113,0.005618426754632894
1,B_svc,2,0.2935953121655644,86,0.29204395471658073,MAP_PMU,113,0.001551357448983659
2,UPFC_Vsh,5-15,1.1050202933351023,86,1.1060163735848434,MAP_PMU,113,0.0009960802497410715
3,UPFC_tsh,5-15,-0.2282105474739326,86,-0.22768882679917213,MAP_PMU,113,0.000521720674760473
4,UPFC_Vse,5-15,0.06133130560974543,86,0.05916909112830997,MAP_PMU,113,0.0021622144814354635
5,UPFC_tse,5-15,-2.1768986989148136,86,-2.1447867333164643,MAP_PMU,113,0.03211196559834928
0,x_tcsc,1-14,-0.1438023028297764,87,-0.1377663416495161,MAP_PMU,113,0.006035961180260313
1,B_svc,2,0.29347016384924524,87,0.29204395471658073,MAP_PMU,113,0.0014262091326645021
2,UPFC_Vsh,5-15,1.1052090708213056,87,1.1060163735848434,MAP_PMU,113,0.0008073027635377983
3,UPFC_tsh,5-15,-0.22812528035754343,87,-0.22768882679917213,MAP_PMU,113,0.00043645355837129696
4,UPFC_Vse,5-15,0.06136846455242209,87,0.05916909112830997,MAP_PMU,113,0.002199373424112125
5,UPFC_tse,5-15,-2.1829879265417245,87,-2.1447867333164643,MAP_PMU,113,0.038201193225260166
0,x_tcsc,1-14,-0.14418519136296143,88,-0.1377663416495161,MAP_PMU,113,0.006418849713445335
1,B_svc,2,0.29351333314497235,88,0.29204395471658073,MAP_PMU,113,0.0014693784283916211
2,UPFC_Vsh,5-15,1.1046105096428298,88,1.1060163735848434,MAP_PMU,113,0.0014058639420135854
3,UPFC_tsh,5-15,-0.22825249049297963,88,-0.22768882679917213,MAP_PMU,113,0.0005636636938075035
4,UPFC_Vse,5-15,0.060847292023843425,88,0.05916909112830997,MAP_PMU,113,0.0016782008955334576
5,UPFC_tse,5-15,-2.196683062522612,88,-2.1447867333164643,MAP_PMU,113,0.05189632920614784
0,x_tcsc,1-14,-0.14344716820023817,89,-0.1377663416495161,MAP_PMU,113,0.005680826550722079
1,B_svc,2,0.2933627193740152,89,0.29204395471658073,MAP_PMU,113,0.001318764657434468
2,UPFC_Vsh,5-15,1.1050949115949225,89,1.1060163735848434,MAP_PMU,113,0.0009214619899209353
3,UPFC_tsh,5-15,-0.22819400227072856,89,-0.22768882679917213,MAP_PMU,113,0.0005051754715564294
4,UPFC_Vse,5-15,0.061026977964565216,89,0.05916909112830997,MAP_PMU,113,0.0018578868362552486
5,UPFC_tse,5-15,-2.1918978457041325,89,-2.1447867333164643,MAP_PMU,113,0.047111112387668186
0,x_tcsc,1-14,-0.14367813254899792,90,-0.1377663416495161,MAP_PMU,113,0.0059117908994818225
1,B_svc,2,0.2944379361920067,90,0.29204395471658073,MAP_PMU,113,0.002393981475425966
2,UPFC_Vsh,5-15,1.1048005177985183,90,1.1060163735848434,MAP_PMU,113,0.001215855786325104
3,UPFC_tsh,5-15,-0.22828925954847118,90,-0.22768882679917213,MAP_PMU,113,0.0006004327492990513
4,UPFC_Vse,5-15,0.06113587902503707,90,0.05916909112830997,MAP_PMU,113,0.0019667878967271
5,UPFC_tse,5-15,-2.197842157100117,90,-2.1447867333164643,MAP_PMU,113,0.05305542378365269
0,x_tcsc,1-14,-0.14383482385338978,91,-0.1377663416495161,MAP_PMU,113,0.006068482203873682
1,B_svc,2,0.29357000047233517,91,0.29204395471658073,MAP_PMU,113,0.001526045755754435
2,UPFC_Vsh,5-15,1.1047729219421325,91,1.1060163735848434,MAP_PMU,113,0.001243451642710891
3,UPFC_tsh,5-15,-0.2283207451606961,91,-0.22768882679917213,MAP_PMU,113,0.0006319183615239587
4,UPFC_Vse,5-15,0.06194868601486002,91,0.05916909112830997,MAP_PMU,113,0.002779594886550052
5,UPFC_tse,5-15,-2.1985152019106575,91,-2.1447867333164643,MAP_PMU,113,0.053728468594193224
0,x_tcsc,1-14,-0.14358029128949054,92,-0.1377663416495161,MAP_PMU,113,0.005813949639974447
1,B_svc,2,0.2937075358868036,92,0.29204395471658073,MAP_PMU,113,0.001663581170222861
2,UPFC_Vsh,5-15,1.105096859435368,92,1.1060163735848434,MAP_PMU,113,0.0009195141494753312
3,UPFC_tsh,5-15,-0.2281412035777465,92,-0.22768882679917213,MAP_PMU,113,0.00045237677857437597
4,UPFC_Vse,5-15,0.061440000008161376,92,0.05916909112830997,MAP_PMU,113,0.002270908879851409
5,UPFC_tse,5-15,-2.188165465053361,92,-2.1447867333164643,MAP_PMU,113,0.04337873173689655
0,x_tcsc,1-14,-0.14461982932576642,93,-0.1377663416495161,MAP_PMU,113,0.006853487676250325
1,B_svc,2,0.29356564377544453,93,0.29204395471658073,MAP_PMU,113,0.0015216890588637955
2,UPFC_Vsh,5-15,1.1041290567185278,93,1.1060163735848434,MAP_PMU,113,0.0018873168663156026
3,UPFC_tsh,5-15,-0.22834649658604025,93,-0.22768882679917213,MAP_PMU,113,0.0006576697868681258
4,UPFC_Vse,5-15,0.06219416535098943,93,0.05916909112830997,MAP_PMU,113,0.003025074222679461
5,UPFC_tse,5-15,-2.2052504952508936,93,-2.1447867333164643,MAP_PMU,113,0.06046376193442926
0,x_tcsc,1-14,-0.1438505465691511,94,-0.1377663416495161,MAP_PMU,113,0.006084204919635017
1,B_svc,2,0.2936491096382271,94,0.29204395471658073,MAP_PMU,113,0.0016051549216463679
2,UPFC_Vsh,5-15,1.1049515032754877,94,1.1060163735848434,MAP_PMU,113,0.0010648703093556477
3,UPFC_tsh,5-15,-0.2282018096241134,94,-0.22768882679917213,MAP_PMU,113,0.0005129828249412771
4,UPFC_Vse,5-15,0.06087567618792372,94,0.05916909112830997,MAP_PMU,113,0.001706585059613755
5,UPFC_tse,5-15,-2.1969942127374793,94,-2.1447867333164643,MAP_PMU,113,0.052207479421015
0,x_tcsc,1-14,-0.14387719427926585,95,-0.1377663416495161,MAP_PMU,113,0.006110852629749752
1,B_svc,2,0.2936680747902965,95,0.29204395471658073,MAP_PMU,113,0.0016241200737157624
2,UPFC_Vsh,5-15,1.105198787777143,95,1.1060163735848434,MAP_PMU,113,0.0008175858077004161
3,UPFC_tsh,5-15,-0.22822503590260773,95,-0.22768882679917213,MAP_PMU,113,0.0005362091034356031
4,UPFC_Vse,5-15,0.061004627076779304,95,0.05916909112830997,MAP_PMU,113,0.001835535948469337
5,UPFC_tse,5-15,-2.1841313860320266,95,-2.1447867333164643,MAP_PMU,113,0.03934465271556231
0,x_tcsc,1-14,-0.14376464466722466,96,-0.1377663416495161,MAP_PMU,113,0.005998303017708567
1,B_svc,2,0.2942534019912024,96,0.29204395471658073,MAP_PMU,113,0.0022094472746216898
2,UPFC_Vsh,5-15,1.1047130169525574,96,1.1060163735848434,MAP_PMU,113,0.001303356632285979
3,UPFC_tsh,5-15,-0.22829107476457658,96,-0.22768882679917213,MAP_PMU,113,0.000602247965404451
4,UPFC_Vse,5-15,0.06140070479725902,96,0.05916909112830997,MAP_PMU,113,0.0022316136689490562
5,UPFC_tse,5-15,-2.1977113843641964,96,-2.1447867333164643,MAP_PMU,113,0.05292465104773214
0,x_tcsc,1-14,-0.14403691264647128,97,-0.1377663416495161,MAP_PMU,113,0.006270570996955188
1,B_svc,2,0.2937927408375478,97,0.29204395471658073,MAP_PMU,113,0.0017487861209670719
2,UPFC_Vsh,5-15,1.1050587765780981,97,1.1060163735848434,MAP_PMU,113,0.0009575970067452477
3,UPFC_tsh,5-15,-0.22819229677532846,97,-0.22768882679917213,MAP_PMU,113,0.0005034699761563288
4,UPFC_Vse,5-15,0.06097718886008755,97,0.05916909112830997,MAP_PMU,113,0.0018080977317775845
5,UPFC_tse,5-15,-2.1969651657208367,97,-2.1447867333164643,MAP_PMU,113,0.052178432404372366
0,x_tcsc,1-14,-0.14376387379423727,98,-0.1377663416495161,MAP_PMU,113,0.005997532144721179
1,B_svc,2,0.2939280597788526,98,0.29204395471658073,MAP_PMU,113,0.0018841050622718791
2,UPFC_Vsh,5-15,1.104923280778932,98,1.1060163735848434,MAP_PMU,113,0.001093092805911411
3,UPFC_tsh,5-15,-0.22828036001280824,98,-0.22768882679917213,MAP_PMU,113,0.000591533213636114
4,UPFC_Vse,5-15,0.061166749563023766,98,0.05916909112830997,MAP_PMU,113,0.001997658434713799
5,UPFC_tse,5-15,-2.20402985271767,98,-2.1447867333164643,MAP_PMU,113,0.059243119401205746
0,x_tcsc,1-14,-0.1435299353849286,99,-0.1377663416495161,MAP_PMU,113,0.005763593735412492
1,B_svc,2,0.29377987989653837,99,0.29204395471658073,MAP_PMU,113,0.0017359251799576314
2,UPFC_Vsh,5-15,1.1052844919211389,99,1.1060163735848434,MAP_PMU,113,0.0007318816637045256
3,UPFC_tsh,5-15,-0.22819048718990248,99,-0.22768882679917213,MAP_PMU,113,0.0005016603907303518
4,UPFC_Vse,5-15,0.06130752021714052,99,0.05916909112830997,MAP_PMU,113,0.0021384290888305513
5,UPFC_tse,5-15,-2.182196909635843,99,-2.1447867333164643,MAP_PMU,113,0.037410176319378596
0,x_tcsc,1-14,-0.14470796659486415,0,-0.1376757391913022,MAP_PMU,115,0.007032227403561964
1,B_svc,2,0.2931633043279228,0,0.2913753703762746,MAP_PMU,115,0.001787933951648224
2,UPFC_Vsh,5-15,1.104567954558276,0,1.105819733629388,MAP_PMU,115,0.001251779071111958
3,UPFC_tsh,5-15,-0.22815668347930707,0,-0.22760568204206996,MAP_PMU,115,0.000551001437237103
4,UPFC_Vse,5-15,0.06125528088693395,0,0.05914467745826208,MAP_PMU,115,0.0021106034286718714
5,UPFC_tse,5-15,-2.2088097163168614,0,-2.1440623659195452,MAP_PMU,115,0.06474735039731616
0,x_tcsc,1-14,-0.1438967875551183,1,-0.1376757391913022,MAP_PMU,115,0.006221048363816123
1,B_svc,2,0.2935032849870005,1,0.2913753703762746,MAP_PMU,115,0.002127914610725923
2,UPFC_Vsh,5-15,1.10446103335791,1,1.105819733629388,MAP_PMU,115,0.0013587002714781082
3,UPFC_tsh,5-15,-0.22818247820729023,1,-0.22760568204206996,MAP_PMU,115,0.0005767961652202724
4,UPFC_Vse,5-15,0.06151733275060698,1,0.05914467745826208,MAP_PMU,115,0.0023726552923448996
5,UPFC_tse,5-15,-2.186789288427267,1,-2.1440623659195452,MAP_PMU,115,0.04272692250772181
0,x_tcsc,1-14,-0.1436295694857664,2,-0.1376757391913022,MAP_PMU,115,0.005953830294464224
1,B_svc,2,0.2929889322589894,2,0.2913753703762746,MAP_PMU,115,0.0016135618827148313
2,UPFC_Vsh,5-15,1.105075175817312,2,1.105819733629388,MAP_PMU,115,0.0007445578120759411
3,UPFC_tsh,5-15,-0.22808373677588634,2,-0.22760568204206996,MAP_PMU,115,0.0004780547338163743
4,UPFC_Vse,5-15,0.061716533850288836,2,0.05914467745826208,MAP_PMU,115,0.0025718563920267556
5,UPFC_tse,5-15,-2.184830072126774,2,-2.1440623659195452,MAP_PMU,115,0.040767706207228915
0,x_tcsc,1-14,-0.14339822465486224,3,-0.1376757391913022,MAP_PMU,115,0.005722485463560051
1,B_svc,2,0.29351348222279733,3,0.2913753703762746,MAP_PMU,115,0.002138111846522739
2,UPFC_Vsh,5-15,1.1047349507400352,3,1.105819733629388,MAP_PMU,115,0.0010847828893527645
3,UPFC_tsh,5-15,-0.22819127588757346,3,-0.22760568204206996,MAP_PMU,115,0.0005855938455034959
4,UPFC_Vse,5-15,0.061637788235662946,3,0.05914467745826208,MAP_PMU,115,0.0024931107774008657
5,UPFC_tse,5-15,-2.1967784738479494,3,-2.1440623659195452,MAP_PMU,115,0.0527161079284042
0,x_tcsc,1-14,-0.143588871117351,4,-0.1376757391913022,MAP_PMU,115,0.005913131926048809
1,B_svc,2,0.29407264587520593,4,0.2913753703762746,MAP_PMU,115,0.0026972754989313397
2,UPFC_Vsh,5-15,1.1047206322691319,4,1.105819733629388,MAP_PMU,115,0.0010991013602561495
3,UPFC_tsh,5-15,-0.22820675167797652,4,-0.22760568204206996,MAP_PMU,115,0.0006010696359065593
4,UPFC_Vse,5-15,0.061533566939911376,4,0.05914467745826208,MAP_PMU,115,0.002388889481649295
5,UPFC_tse,5-15,-2.2020340574898305,4,-2.1440623659195452,MAP_PMU,115,0.057971691570285255
0,x_tcsc,1-14,-0.14386060613094012,5,-0.1376757391913022,MAP_PMU,115,0.006184866939637934
1,B_svc,2,0.2927537226966161,5,0.2913753703762746,MAP_PMU,115,0.0013783523203415027
2,UPFC_Vsh,5-15,1.1050347547604393,5,1.105819733629388,MAP_PMU,115,0.0007849788689486825
3,UPFC_tsh,5-15,-0.22814705137884286,5,-0.22760568204206996,MAP_PMU,115,0.0005413693367729011
4,UPFC_Vse,5-15,0.0615859126722861,5,0.05914467745826208,MAP_PMU,115,0.0024412352140240207
5,UPFC_tse,5-15,-2.1951173472534276,5,-2.1440623659195452,MAP_PMU,115,0.05105498133388231
0,x_tcsc,1-14,-0.1434049151176062,6,-0.1376757391913022,MAP_PMU,115,0.005729175926304009
1,B_svc,2,0.29338366811956945,6,0.2913753703762746,MAP_PMU,115,0.0020082977432948623
2,UPFC_Vsh,5-15,1.1052898828396511,6,1.105819733629388,MAP_PMU,115,0.0005298507897368854
3,UPFC_tsh,5-15,-0.2280603691047414,6,-0.22760568204206996,MAP_PMU,115,0.0004546870626714328
4,UPFC_Vse,5-15,0.0609319740217079,6,0.05914467745826208,MAP_PMU,115,0.0017872965634458185
5,UPFC_tse,5-15,-2.182751143185517,6,-2.1440623659195452,MAP_PMU,115,0.03868877726597164
0,x_tcsc,1-14,-0.14315000203328015,7,-0.1376757391913022,MAP_PMU,115,0.005474262841977967
1,B_svc,2,0.29300450399568556,7,0.2913753703762746,MAP_PMU,115,0.0016291336194109718
2,UPFC_Vsh,5-15,1.1053582820368697,7,1.105819733629388,MAP_PMU,115,0.0004614515925183138
3,UPFC_tsh,5-15,-0.2280906730972822,7,-0.22760568204206996,MAP_PMU,115,0.0004849910552122416
4,UPFC_Vse,5-15,0.06119319440676084,7,0.05914467745826208,MAP_PMU,115,0.002048516948498759
5,UPFC_tse,5-15,-2.1860103242443283,7,-2.1440623659195452,MAP_PMU,115,0.04194795832478304
0,x_tcsc,1-14,-0.14331060487732752,8,-0.1376757391913022,MAP_PMU,115,0.0056348656860253366
1,B_svc,2,0.293234061301931,8,0.2913753703762746,MAP_PMU,115,0.0018586909256564366
2,UPFC_Vsh,5-15,1.1048038893140786,8,1.105819733629388,MAP_PMU,115,0.0010158443153094332
3,UPFC_tsh,5-15,-0.22808201336334427,8,-0.22760568204206996,MAP_PMU,115,0.0004763313212743092
4,UPFC_Vse,5-15,0.06109944852758866,8,0.05914467745826208,MAP_PMU,115,0.00195477106932658
5,UPFC_tse,5-15,-2.1892720995244743,8,-2.1440623659195452,MAP_PMU,115,0.04520973360492908
0,x_tcsc,1-14,-0.14375550768556222,9,-0.1376757391913022,MAP_PMU,115,0.006079768494260035
1,B_svc,2,0.2935829863629147,9,0.2913753703762746,MAP_PMU,115,0.002207615986640099
2,UPFC_Vsh,5-15,1.1048376225334264,9,1.105819733629388,MAP_PMU,115,0.0009821110959615797
3,UPFC_tsh,5-15,-0.22808636841377442,9,-0.22760568204206996,MAP_PMU,115,0.00048068637170445294
4,UPFC_Vse,5-15,0.061468148540900304,9,0.05914467745826208,MAP_PMU,115,0.0023234710826382232
5,UPFC_tse,5-15,-2.1844951644534976,9,-2.1440623659195452,MAP_PMU,115,0.04043279853395232
0,x_tcsc,1-14,-0.14374558161483417,10,-0.1376757391913022,MAP_PMU,115,0.006069842423531979
1,B_svc,2,0.29293461918085617,10,0.2913753703762746,MAP_PMU,115,0.001559248804581581
2,UPFC_Vsh,5-15,1.105040124707761,10,1.105819733629388,MAP_PMU,115,0.0007796089216269841
3,UPFC_tsh,5-15,-0.22807929653601688,10,-0.22760568204206996,MAP_PMU,115,0.00047361449394692223
4,UPFC_Vse,5-15,0.06188095867401216,10,0.05914467745826208,MAP_PMU,115,0.0027362812157500777
5,UPFC_tse,5-15,-2.1882493745920746,10,-2.1440623659195452,MAP_PMU,115,0.04418700867252934
0,x_tcsc,1-14,-0.1436994567042353,11,-0.1376757391913022,MAP_PMU,115,0.006023717512933124
1,B_svc,2,0.293643993655852,11,0.2913753703762746,MAP_PMU,115,0.0022686232795773864
2,UPFC_Vsh,5-15,1.104825452749192,11,1.105819733629388,MAP_PMU,115,0.0009942808801959302
3,UPFC_tsh,5-15,-0.2281077860486911,11,-0.22760568204206996,MAP_PMU,115,0.0005021040066211513
4,UPFC_Vse,5-15,0.06150461328220886,11,0.05914467745826208,MAP_PMU,115,0.0023599358239467794
5,UPFC_tse,5-15,-2.18672477424967,11,-2.1440623659195452,MAP_PMU,115,0.0426624083301248
0,x_tcsc,1-14,-0.14330453640613514,12,-0.1376757391913022,MAP_PMU,115,0.005628797214832948
1,B_svc,2,0.2925979638500518,12,0.2913753703762746,MAP_PMU,115,0.0012225934737772337
2,UPFC_Vsh,5-15,1.1053002838265247,12,1.105819733629388,MAP_PMU,115,0.0005194498028633365
3,UPFC_tsh,5-15,-0.22804548570545044,12,-0.22760568204206996,MAP_PMU,115,0.00043980366338047805
4,UPFC_Vse,5-15,0.06162004434750515,12,0.05914467745826208,MAP_PMU,115,0.0024753668892430677
5,UPFC_tse,5-15,-2.176276739944848,12,-2.1440623659195452,MAP_PMU,115,0.032214374025302916
0,x_tcsc,1-14,-0.1435337618401334,13,-0.1376757391913022,MAP_PMU,115,0.0058580226488312015
1,B_svc,2,0.29344808418916934,13,0.2913753703762746,MAP_PMU,115,0.0020727138128947553
2,UPFC_Vsh,5-15,1.104645267083179,13,1.105819733629388,MAP_PMU,115,0.0011744665462090076
3,UPFC_tsh,5-15,-0.22813481339224723,13,-0.22760568204206996,MAP_PMU,115,0.0005291313501772643
4,UPFC_Vse,5-15,0.06100245542037561,13,0.05914467745826208,MAP_PMU,115,0.0018577779621135326
5,UPFC_tse,5-15,-2.192260002984551,13,-2.1440623659195452,MAP_PMU,115,0.04819763706500568
0,x_tcsc,1-14,-0.1432462074303951,14,-0.1376757391913022,MAP_PMU,115,0.005570468239092907
1,B_svc,2,0.2932506492062758,14,0.2913753703762746,MAP_PMU,115,0.0018752788300012146
2,UPFC_Vsh,5-15,1.1052660215953227,14,1.105819733629388,MAP_PMU,115,0.0005537120340652901
3,UPFC_tsh,5-15,-0.2280997106890357,14,-0.22760568204206996,MAP_PMU,115,0.0004940286469657384
4,UPFC_Vse,5-15,0.06134985335367515,14,0.05914467745826208,MAP_PMU,115,0.002205175895413067
5,UPFC_tse,5-15,-2.1868061750342274,14,-2.1440623659195452,MAP_PMU,115,0.04274380911468212
0,x_tcsc,1-14,-0.14330641867107394,15,-0.1376757391913022,MAP_PMU,115,0.00563067947977175
1,B_svc,2,0.29323975711276623,15,0.2913753703762746,MAP_PMU,115,0.001864386736491641
2,UPFC_Vsh,5-15,1.104937914549026,15,1.105819733629388,MAP_PMU,115,0.0008818190803621118
3,UPFC_tsh,5-15,-0.2280515935857451,15,-0.22760568204206996,MAP_PMU,115,0.000445911543675126
4,UPFC_Vse,5-15,0.0609044568126104,15,0.05914467745826208,MAP_PMU,115,0.0017597793543483176
5,UPFC_tse,5-15,-2.184591750698413,15,-2.1440623659195452,MAP_PMU,115,0.040529384778867694
0,x_tcsc,1-14,-0.14347893019635322,16,-0.1376757391913022,MAP_PMU,115,0.005803191005051028
1,B_svc,2,0.29360509699048726,16,0.2913753703762746,MAP_PMU,115,0.002229726614212668
2,UPFC_Vsh,5-15,1.1051318709381406,16,1.105819733629388,MAP_PMU,115,0.0006878626912474317
3,UPFC_tsh,5-15,-0.2280839968135472,16,-0.22760568204206996,MAP_PMU,115,0.00047831477147725066
4,UPFC_Vse,5-15,0.06164619462916369,16,0.05914467745826208,MAP_PMU,115,0.002501517170901607
5,UPFC_tse,5-15,-2.1808924500880718,16,-2.1440623659195452,MAP_PMU,115,0.03683008416852651
0,x_tcsc,1-14,-0.14359662138448823,17,-0.1376757391913022,MAP_PMU,115,0.005920882193186039
1,B_svc,2,0.2933829359615794,17,0.2913753703762746,MAP_PMU,115,0.0020075655853047936
2,UPFC_Vsh,5-15,1.1047898256280866,17,1.105819733629388,MAP_PMU,115,0.0010299080013014272
3,UPFC_tsh,5-15,-0.22810265362292712,17,-0.22760568204206996,MAP_PMU,115,0.0004969715808571529
4,UPFC_Vse,5-15,0.061188297349876186,17,0.05914467745826208,MAP_PMU,115,0.0020436198916141055
5,UPFC_tse,5-15,-2.1776171106940585,17,-2.1440623659195452,MAP_PMU,115,0.03355474477451326
0,x_tcsc,1-14,-0.14383255244895776,18,-0.1376757391913022,MAP_PMU,115,0.0061568132576555745
1,B_svc,2,0.2933760612585327,18,0.2913753703762746,MAP_PMU,115,0.002000690882258127
2,UPFC_Vsh,5-15,1.1049094688029315,18,1.105819733629388,MAP_PMU,115,0.0009102648264565083
3,UPFC_tsh,5-15,-0.22818207732925416,18,-0.22760568204206996,MAP_PMU,115,0.0005763952871842004
4,UPFC_Vse,5-15,0.061134046029109074,18,0.05914467745826208,MAP_PMU,115,0.001989368570846993
5,UPFC_tse,5-15,-2.1914503304741184,18,-2.1440623659195452,MAP_PMU,115,0.04738796455457317
0,x_tcsc,1-14,-0.1441191986262516,19,-0.1376757391913022,MAP_PMU,115,0.006443459434949422
1,B_svc,2,0.2927707393820651,19,0.2913753703762746,MAP_PMU,115,0.0013953690057905144
2,UPFC_Vsh,5-15,1.104857059151592,19,1.105819733629388,MAP_PMU,115,0.0009626744777959662
3,UPFC_tsh,5-15,-0.22813445084337156,19,-0.22760568204206996,MAP_PMU,115,0.0005287688013015934
4,UPFC_Vse,5-15,0.06169456360680351,19,0.05914467745826208,MAP_PMU,115,0.0025498861485414304
5,UPFC_tse,5-15,-2.189859595531874,19,-2.1440623659195452,MAP_PMU,115,0.04579722961232857
0,x_tcsc,1-14,-0.14338689696342546,20,-0.1376757391913022,MAP_PMU,115,0.0057111577721232765
1,B_svc,2,0.2932015440796624,20,0.2913753703762746,MAP_PMU,115,0.0018261737033878345
2,UPFC_Vsh,5-15,1.104985235864151,20,1.105819733629388,MAP_PMU,115,0.00083449776523703
3,UPFC_tsh,5-15,-0.22818619084498418,20,-0.22760568204206996,MAP_PMU,115,0.0005805088029142147
4,UPFC_Vse,5-15,0.06135612185473052,20,0.05914467745826208,MAP_PMU,115,0.0022114443964684413
5,UPFC_tse,5-15,-2.195361213838659,20,-2.1440623659195452,MAP_PMU,115,0.051298847919113655
0,x_tcsc,1-14,-0.14378679202830189,21,-0.1376757391913022,MAP_PMU,115,0.0061110528369996975
1,B_svc,2,0.29306858018182613,21,0.2913753703762746,MAP_PMU,115,0.0016932098055515432
2,UPFC_Vsh,5-15,1.1051499275085335,21,1.105819733629388,MAP_PMU,115,0.0006698061208545436
3,UPFC_tsh,5-15,-0.22810010655105967,21,-0.22760568204206996,MAP_PMU,115,0.0004944245089897048
4,UPFC_Vse,5-15,0.0610357011324809,21,0.05914467745826208,MAP_PMU,115,0.0018910236742188183
5,UPFC_tse,5-15,-2.182846729427927,21,-2.1440623659195452,MAP_PMU,115,0.03878436350838177
0,x_tcsc,1-14,-0.1436162631560918,22,-0.1376757391913022,MAP_PMU,115,0.005940523964789612
1,B_svc,2,0.2933324189196526,22,0.2913753703762746,MAP_PMU,115,0.001957048543378026
2,UPFC_Vsh,5-15,1.104956993551492,22,1.105819733629388,MAP_PMU,115,0.0008627400778959959
3,UPFC_tsh,5-15,-0.22813679187802824,22,-0.22760568204206996,MAP_PMU,115,0.0005311098359582767
4,UPFC_Vse,5-15,0.06135158248638752,22,0.05914467745826208,MAP_PMU,115,0.0022069050281254415
5,UPFC_tse,5-15,-2.1961368433849326,22,-2.1440623659195452,MAP_PMU,115,0.0520744774653874
0,x_tcsc,1-14,-0.14447401516054095,23,-0.1376757391913022,MAP_PMU,115,0.006798275969238765
1,B_svc,2,0.2933580945119001,23,0.2913753703762746,MAP_PMU,115,0.001982724135625502
2,UPFC_Vsh,5-15,1.1043498658097757,23,1.105819733629388,MAP_PMU,115,0.001469867819612336
3,UPFC_tsh,5-15,-0.22818147889439036,23,-0.22760568204206996,MAP_PMU,115,0.0005757968523203982
4,UPFC_Vse,5-15,0.06188237480649275,23,0.05914467745826208,MAP_PMU,115,0.0027376973482306707
5,UPFC_tse,5-15,-2.196690677131111,23,-2.1440623659195452,MAP_PMU,115,0.05262831121156575
0,x_tcsc,1-14,-0.14335031147808003,24,-0.1376757391913022,MAP_PMU,115,0.00567457228677784
1,B_svc,2,0.2933813498468778,24,0.2913753703762746,MAP_PMU,115,0.002005979470603214
2,UPFC_Vsh,5-15,1.104761406114278,24,1.105819733629388,MAP_PMU,115,0.0010583275151099247
3,UPFC_tsh,5-15,-0.22814293475876382,24,-0.22760568204206996,MAP_PMU,115,0.000537252716693859
4,UPFC_Vse,5-15,0.06117165041959804,24,0.05914467745826208,MAP_PMU,115,0.002026972961335957
5,UPFC_tse,5-15,-2.19561507783288,24,-2.1440623659195452,MAP_PMU,115,0.05155271191333455
0,x_tcsc,1-14,-0.14351191423045553,25,-0.1376757391913022,MAP_PMU,115,0.005836175039153346
1,B_svc,2,0.2928729638741726,25,0.2913753703762746,MAP_PMU,115,0.0014975934978980199
2,UPFC_Vsh,5-15,1.105058731075043,25,1.105819733629388,MAP_PMU,115,0.0007610025543449694
3,UPFC_tsh,5-15,-0.22812726111725354,25,-0.22760568204206996,MAP_PMU,115,0.0005215790751835758
4,UPFC_Vse,5-15,0.06134696774120096,25,0.05914467745826208,MAP_PMU,115,0.0022022902829388763
5,UPFC_tse,5-15,-2.194461668047453,25,-2.1440623659195452,MAP_PMU,115,0.050399302127907664
0,x_tcsc,1-14,-0.14379734128656865,26,-0.1376757391913022,MAP_PMU,115,0.006121602095266465
1,B_svc,2,0.2935725535462538,26,0.2913753703762746,MAP_PMU,115,0.002197183169979189
2,UPFC_Vsh,5-15,1.1048238217422026,26,1.105819733629388,MAP_PMU,115,0.0009959118871853967
3,UPFC_tsh,5-15,-0.2282152144255432,26,-0.22760568204206996,MAP_PMU,115,0.0006095323834732491
4,UPFC_Vse,5-15,0.06181024842141865,26,0.05914467745826208,MAP_PMU,115,0.0026655709631565674
5,UPFC_tse,5-15,-2.2010035634999547,26,-2.1440623659195452,MAP_PMU,115,0.0569411975804095
0,x_tcsc,1-14,-0.1440343557117629,27,-0.1376757391913022,MAP_PMU,115,0.006358616520460714
1,B_svc,2,0.2935422610778293,27,0.2913753703762746,MAP_PMU,115,0.0021668907015547356
2,UPFC_Vsh,5-15,1.1048493247306104,27,1.105819733629388,MAP_PMU,115,0.0009704088987776416
3,UPFC_tsh,5-15,-0.22819368842915932,27,-0.22760568204206996,MAP_PMU,115,0.0005880063870893626
4,UPFC_Vse,5-15,0.061585446201584106,27,0.05914467745826208,MAP_PMU,115,0.002440768743322025
5,UPFC_tse,5-15,-2.195676870743987,27,-2.1440623659195452,MAP_PMU,115,0.05161450482444163
0,x_tcsc,1-14,-0.14411316385005188,28,-0.1376757391913022,MAP_PMU,115,0.006437424658749691
1,B_svc,2,0.2932752627525351,28,0.2913753703762746,MAP_PMU,115,0.0018998923762605369
2,UPFC_Vsh,5-15,1.1044517610984619,28,1.105819733629388,MAP_PMU,115,0.0013679725309261315
3,UPFC_tsh,5-15,-0.2282373493112075,28,-0.22760568204206996,MAP_PMU,115,0.000631667269137548
4,UPFC_Vse,5-15,0.06152459948629902,28,0.05914467745826208,MAP_PMU,115,0.0023799220280369404
5,UPFC_tse,5-15,-2.2009215808049873,28,-2.1440623659195452,MAP_PMU,115,0.0568592148854421
0,x_tcsc,1-14,-0.14394081022429875,29,-0.1376757391913022,MAP_PMU,115,0.006265071032996561
1,B_svc,2,0.2929180876913571,29,0.2913753703762746,MAP_PMU,115,0.0015427173150824869
2,UPFC_Vsh,5-15,1.1046032222383007,29,1.105819733629388,MAP_PMU,115,0.0012165113910873604
3,UPFC_tsh,5-15,-0.22815506424014373,29,-0.22760568204206996,MAP_PMU,115,0.0005493821980737668
4,UPFC_Vse,5-15,0.06164660107815027,29,0.05914467745826208,MAP_PMU,115,0.0025019236198881925
5,UPFC_tse,5-15,-2.1915222244881547,29,-2.1440623659195452,MAP_PMU,115,0.04745985856860946
0,x_tcsc,1-14,-0.14396297760532684,30,-0.1376757391913022,MAP_PMU,115,0.0062872384140246484
1,B_svc,2,0.29264011009182533,30,0.2913753703762746,MAP_PMU,115,0.0012647397155507445
2,UPFC_Vsh,5-15,1.104710396929262,30,1.105819733629388,MAP_PMU,115,0.001109336700126029
3,UPFC_tsh,5-15,-0.22810307211427003,30,-0.22760568204206996,MAP_PMU,115,0.0004973900722000657
4,UPFC_Vse,5-15,0.06119947287554457,30,0.05914467745826208,MAP_PMU,115,0.0020547954172824914
5,UPFC_tse,5-15,-2.1892343593423647,30,-2.1440623659195452,MAP_PMU,115,0.04517199342281941
0,x_tcsc,1-14,-0.14354117048527584,31,-0.1376757391913022,MAP_PMU,115,0.005865431293973655
1,B_svc,2,0.29333989175544606,31,0.2913753703762746,MAP_PMU,115,0.001964521379171469
2,UPFC_Vsh,5-15,1.1047580894024467,31,1.105819733629388,MAP_PMU,115,0.0010616442269413273
3,UPFC_tsh,5-15,-0.22815409087637978,31,-0.22760568204206996,MAP_PMU,115,0.0005484088343098159
4,UPFC_Vse,5-15,0.06160382506716803,31,0.05914467745826208,MAP_PMU,115,0.0024591476089059483
5,UPFC_tse,5-15,-2.1938625559109077,31,-2.1440623659195452,MAP_PMU,115,0.04980018999136249
0,x_tcsc,1-14,-0.14452480831457018,32,-0.1376757391913022,MAP_PMU,115,0.006849069123267992
1,B_svc,2,0.29318449635587734,32,0.2913753703762746,MAP_PMU,115,0.0018091259796027548
2,UPFC_Vsh,5-15,1.1046932567213485,32,1.105819733629388,MAP_PMU,115,0.0011264769080394643
3,UPFC_tsh,5-15,-0.22822699060226706,32,-0.22760568204206996,MAP_PMU,115,0.000621308560197098
4,UPFC_Vse,5-15,0.061393285969958224,32,0.05914467745826208,MAP_PMU,115,0.002248608511696143
5,UPFC_tse,5-15,-2.19627263951012,32,-2.1440623659195452,MAP_PMU,115,0.05221027359057473
0,x_tcsc,1-14,-0.14391400352480468,33,-0.1376757391913022,MAP_PMU,115,0.006238264333502497
1,B_svc,2,0.29347838823293604,33,0.2913753703762746,MAP_PMU,115,0.002103017856661449
2,UPFC_Vsh,5-15,1.105237729773079,33,1.105819733629388,MAP_PMU,115,0.0005820038563089103
3,UPFC_tsh,5-15,-0.22813430104591245,33,-0.22760568204206996,MAP_PMU,115,0.0005286190038424898
4,UPFC_Vse,5-15,0.06125381068067189,33,0.05914467745826208,MAP_PMU,115,0.002109133222409812
5,UPFC_tse,5-15,-2.1910812773725685,33,-2.1440623659195452,MAP_PMU,115,0.04701891145302328
0,x_tcsc,1-14,-0.14434294555014965,34,-0.1376757391913022,MAP_PMU,115,0.006667206358847461
1,B_svc,2,0.2925247841300259,34,0.2913753703762746,MAP_PMU,115,0.0011494137537513271
2,UPFC_Vsh,5-15,1.1052283083518373,34,1.105819733629388,MAP_PMU,115,0.0005914252775507389
3,UPFC_tsh,5-15,-0.22811102191509178,34,-0.22760568204206996,MAP_PMU,115,0.000505339873021815
4,UPFC_Vse,5-15,0.06114438454695572,34,0.05914467745826208,MAP_PMU,115,0.001999707088693639
5,UPFC_tse,5-15,-2.1833460471910913,34,-2.1440623659195452,MAP_PMU,115,0.03928368127154602
0,x_tcsc,1-14,-0.1433992847790426,35,-0.1376757391913022,MAP_PMU,115,0.0057235455877404084
1,B_svc,2,0.2931935604159382,35,0.2913753703762746,MAP_PMU,115,0.001818190039663603
2,UPFC_Vsh,5-15,1.1052300437922078,35,1.105819733629388,MAP_PMU,115,0.0005896898371802184
3,UPFC_tsh,5-15,-0.2280440182843353,35,-0.22760568204206996,MAP_PMU,115,0.0004383362422653303
4,UPFC_Vse,5-15,0.061075523003517984,35,0.05914467745826208,MAP_PMU,115,0.0019308455452559034
5,UPFC_tse,5-15,-2.1905469429535387,35,-2.1440623659195452,MAP_PMU,115,0.046484577033993446
0,x_tcsc,1-14,-0.1430200639373799,36,-0.1376757391913022,MAP_PMU,115,0.005344324746077711
1,B_svc,2,0.29284760679072813,36,0.2913753703762746,MAP_PMU,115,0.0014722364144535427
2,UPFC_Vsh,5-15,1.1055413695934921,36,1.105819733629388,MAP_PMU,115,0.0002783640358958728
3,UPFC_tsh,5-15,-0.22809238593042103,36,-0.22760568204206996,MAP_PMU,115,0.0004867038883510644
4,UPFC_Vse,5-15,0.06122216937563173,36,0.05914467745826208,MAP_PMU,115,0.0020774919173696463
5,UPFC_tse,5-15,-2.1777223931966714,36,-2.1440623659195452,MAP_PMU,115,0.03366002727712614
0,x_tcsc,1-14,-0.1434594547782495,37,-0.1376757391913022,MAP_PMU,115,0.005783715586947319
1,B_svc,2,0.2931029397234454,37,0.2913753703762746,MAP_PMU,115,0.001727569347170832
2,UPFC_Vsh,5-15,1.1054217008653355,37,1.105819733629388,MAP_PMU,115,0.00039803276405248056
3,UPFC_tsh,5-15,-0.22810840728730683,37,-0.22760568204206996,MAP_PMU,115,0.000502725245236868
4,UPFC_Vse,5-15,0.06051479506132565,37,0.05914467745826208,MAP_PMU,115,0.0013701176030635684
5,UPFC_tse,5-15,-2.1947395256992976,37,-2.1440623659195452,MAP_PMU,115,0.0506771597797524
0,x_tcsc,1-14,-0.14376258488382945,38,-0.1376757391913022,MAP_PMU,115,0.006086845692527265
1,B_svc,2,0.2928198722903525,38,0.2913753703762746,MAP_PMU,115,0.0014445019140779114
2,UPFC_Vsh,5-15,1.1051822173074408,38,1.105819733629388,MAP_PMU,115,0.0006375163219471958
3,UPFC_tsh,5-15,-0.22810322370680486,38,-0.22760568204206996,MAP_PMU,115,0.0004975416647348962
4,UPFC_Vse,5-15,0.06147983915600177,38,0.05914467745826208,MAP_PMU,115,0.0023351616977396877
5,UPFC_tse,5-15,-2.185185200525884,38,-2.1440623659195452,MAP_PMU,115,0.04112283460633881
0,x_tcsc,1-14,-0.14334846881801405,39,-0.1376757391913022,MAP_PMU,115,0.005672729626711864
1,B_svc,2,0.29340286933495496,39,0.2913753703762746,MAP_PMU,115,0.0020274989586803738
2,UPFC_Vsh,5-15,1.105321680992271,39,1.105819733629388,MAP_PMU,115,0.0004980526371169969
3,UPFC_tsh,5-15,-0.2281267815988664,39,-0.22760568204206996,MAP_PMU,115,0.0005210995567964394
4,UPFC_Vse,5-15,0.0610043864452162,39,0.05914467745826208,MAP_PMU,115,0.0018597089869541172
5,UPFC_tse,5-15,-2.1866527731774985,39,-2.1440623659195452,MAP_PMU,115,0.04259040725795327
0,x_tcsc,1-14,-0.14316493843175965,40,-0.1376757391913022,MAP_PMU,115,0.00548919924045746
1,B_svc,2,0.2930821255292832,40,0.2913753703762746,MAP_PMU,115,0.00170675515300861
2,UPFC_Vsh,5-15,1.1049046409303438,40,1.105819733629388,MAP_PMU,115,0.0009150926990442176
3,UPFC_tsh,5-15,-0.22810863609987994,40,-0.22760568204206996,MAP_PMU,115,0.0005029540578099789
4,UPFC_Vse,5-15,0.06119238150229101,40,0.05914467745826208,MAP_PMU,115,0.0020477040440289307
5,UPFC_tse,5-15,-2.1793439196073825,40,-2.1440623659195452,MAP_PMU,115,0.03528155368783725
0,x_tcsc,1-14,-0.144240472782147,41,-0.1376757391913022,MAP_PMU,115,0.006564733590844807
1,B_svc,2,0.29360477093016274,41,0.2913753703762746,MAP_PMU,115,0.00222940055388815
2,UPFC_Vsh,5-15,1.1047039713761335,41,1.105819733629388,MAP_PMU,115,0.001115762253254493
3,UPFC_tsh,5-15,-0.2281480332824284,41,-0.22760568204206996,MAP_PMU,115,0.0005423512403584241
4,UPFC_Vse,5-15,0.06149177516639662,41,0.05914467745826208,MAP_PMU,115,0.0023470977081345365
5,UPFC_tse,5-15,-2.1966288415654542,41,-2.1440623659195452,MAP_PMU,115,0.052566475645908994
0,x_tcsc,1-14,-0.14382167535060908,42,-0.1376757391913022,MAP_PMU,115,0.006145936159306892
1,B_svc,2,0.29324471533417706,42,0.2913753703762746,MAP_PMU,115,0.0018693449579024746
2,UPFC_Vsh,5-15,1.104452745488518,42,1.105819733629388,MAP_PMU,115,0.0013669881408699958
3,UPFC_tsh,5-15,-0.2281478261009523,42,-0.22760568204206996,MAP_PMU,115,0.0005421440588823379
4,UPFC_Vse,5-15,0.061443167070421786,42,0.05914467745826208,MAP_PMU,115,0.0022984896121597057
5,UPFC_tse,5-15,-2.1857614187551797,42,-2.1440623659195452,MAP_PMU,115,0.041699052835634465
0,x_tcsc,1-14,-0.14354632688303162,43,-0.1376757391913022,MAP_PMU,115,0.005870587691729434
1,B_svc,2,0.29276930599600903,43,0.2913753703762746,MAP_PMU,115,0.0013939356197344432
2,UPFC_Vsh,5-15,1.1051257087000306,43,1.105819733629388,MAP_PMU,115,0.0006940249293574396
3,UPFC_tsh,5-15,-0.2280256848210845,43,-0.22760568204206996,MAP_PMU,115,0.00042000277901454997
4,UPFC_Vse,5-15,0.06114438856512101,43,0.05914467745826208,MAP_PMU,115,0.0019997111068589327
5,UPFC_tse,5-15,-2.179559415768255,43,-2.1440623659195452,MAP_PMU,115,0.03549704984870994
0,x_tcsc,1-14,-0.14363571292538158,44,-0.1376757391913022,MAP_PMU,115,0.005959973734079388
1,B_svc,2,0.29289305092281676,44,0.2913753703762746,MAP_PMU,115,0.0015176805465421661
2,UPFC_Vsh,5-15,1.1048797305472697,44,1.105819733629388,MAP_PMU,115,0.0009400030821182792
3,UPFC_tsh,5-15,-0.22808486780595283,44,-0.22760568204206996,MAP_PMU,115,0.0004791857638828667
4,UPFC_Vse,5-15,0.06122218889574613,44,0.05914467745826208,MAP_PMU,115,0.002077511437484046
5,UPFC_tse,5-15,-2.1839871914541304,44,-2.1440623659195452,MAP_PMU,115,0.03992482553458521
0,x_tcsc,1-14,-0.1434369423929598,45,-0.1376757391913022,MAP_PMU,115,0.0057612032016576
1,B_svc,2,0.29304023106035393,45,0.2913753703762746,MAP_PMU,115,0.001664860684079339
2,UPFC_Vsh,5-15,1.1055770090677042,45,1.105819733629388,MAP_PMU,115,0.00024272456168383805
3,UPFC_tsh,5-15,-0.2280648522081575,45,-0.22760568204206996,MAP_PMU,115,0.00045917016608754135
4,UPFC_Vse,5-15,0.06103082277632998,45,0.05914467745826208,MAP_PMU,115,0.0018861453180678972
5,UPFC_tse,5-15,-2.1907886031558537,45,-2.1440623659195452,MAP_PMU,115,0.04672623723630842
0,x_tcsc,1-14,-0.143520278619936,46,-0.1376757391913022,MAP_PMU,115,0.005844539428633805
1,B_svc,2,0.29357326089015323,46,0.2913753703762746,MAP_PMU,115,0.002197890513878642
2,UPFC_Vsh,5-15,1.1049789353017385,46,1.105819733629388,MAP_PMU,115,0.0008407983276494946
3,UPFC_tsh,5-15,-0.2280846284020246,46,-0.22760568204206996,MAP_PMU,115,0.00047894635995462953
4,UPFC_Vse,5-15,0.06143780438436854,46,0.05914467745826208,MAP_PMU,115,0.002293126926106462
5,UPFC_tse,5-15,-2.1851057724170295,46,-2.1440623659195452,MAP_PMU,115,0.04104340649748428
0,x_tcsc,1-14,-0.1435652333121199,47,-0.1376757391913022,MAP_PMU,115,0.005889494120817712
1,B_svc,2,0.29301135393420047,47,0.2913753703762746,MAP_PMU,115,0.0016359835579258797
2,UPFC_Vsh,5-15,1.104863002257494,47,1.105819733629388,MAP_PMU,115,0.0009567313718941151
3,UPFC_tsh,5-15,-0.2281114060183554,47,-0.22760568204206996,MAP_PMU,115,0.0005057239762854271
4,UPFC_Vse,5-15,0.06132284722950721,47,0.05914467745826208,MAP_PMU,115,0.002178169771245131
5,UPFC_tse,5-15,-2.1866096378117525,47,-2.1440623659195452,MAP_PMU,115,0.042547271892207306
0,x_tcsc,1-14,-0.14375702316220074,48,-0.1376757391913022,MAP_PMU,115,0.006081283970898549
1,B_svc,2,0.29306244302702256,48,0.2913753703762746,MAP_PMU,115,0.0016870726507479672
2,UPFC_Vsh,5-15,1.1050039462719266,48,1.105819733629388,MAP_PMU,115,0.0008157873574614616
3,UPFC_tsh,5-15,-0.22810758459432082,48,-0.22760568204206996,MAP_PMU,115,0.0005019025522508547
4,UPFC_Vse,5-15,0.06131004652691236,48,0.05914467745826208,MAP_PMU,115,0.0021653690686502802
5,UPFC_tse,5-15,-2.1857599069708558,48,-2.1440623659195452,MAP_PMU,115,0.041697541051310516
0,x_tcsc,1-14,-0.14340070562529622,49,-0.1376757391913022,MAP_PMU,115,0.005724966433994033
1,B_svc,2,0.29257044093511614,49,0.2913753703762746,MAP_PMU,115,0.0011950705588415489
2,UPFC_Vsh,5-15,1.105476423756158,49,1.105819733629388,MAP_PMU,115,0.00034330987322994666
3,UPFC_tsh,5-15,-0.22802045576774785,49,-0.22760568204206996,MAP_PMU,115,0.00041477372567788606
4,UPFC_Vse,5-15,0.0612430023831,49,0.05914467745826208,MAP_PMU,115,0.00209832492483792
5,UPFC_tse,5-15,-2.1884527517341192,49,-2.1440623659195452,MAP_PMU,115,0.044390385814573996
0,x_tcsc,1-14,-0.14380297090122862,50,-0.1376757391913022,MAP_PMU,115,0.006127231709926434
1,B_svc,2,0.29291105169540316,50,0.2913753703762746,MAP_PMU,115,0.0015356813191285679
2,UPFC_Vsh,5-15,1.1051248799543574,50,1.105819733629388,MAP_PMU,115,0.0006948536750306378
3,UPFC_tsh,5-15,-0.22810490574329398,50,-0.22760568204206996,MAP_PMU,115,0.0004992237012240164
4,UPFC_Vse,5-15,0.06153221611204508,50,0.05914467745826208,MAP_PMU,115,0.0023875386537830015
5,UPFC_tse,5-15,-2.198346379995213,50,-2.1440623659195452,MAP_PMU,115,0.05428401407566774
0,x_tcsc,1-14,-0.14343677385868908,51,-0.1376757391913022,MAP_PMU,115,0.005761034667386894
1,B_svc,2,0.29303479597924237,51,0.2913753703762746,MAP_PMU,115,0.001659425602967779
2,UPFC_Vsh,5-15,1.105005308015138,51,1.105819733629388,MAP_PMU,115,0.0008144256142499362
3,UPFC_tsh,5-15,-0.2280637780672675,51,-0.22760568204206996,MAP_PMU,115,0.0004580960251975297
4,UPFC_Vse,5-15,0.061063814498928635,51,0.05914467745826208,MAP_PMU,115,0.0019191370406665548
5,UPFC_tse,5-15,-2.189332088914963,51,-2.1440623659195452,MAP_PMU,115,0.04526972299541754
0,x_tcsc,1-14,-0.14445896308099662,52,-0.1376757391913022,MAP_PMU,115,0.006783223889694434
1,B_svc,2,0.2934330467563996,52,0.2913753703762746,MAP_PMU,115,0.0020576763801249953
2,UPFC_Vsh,5-15,1.10441649738355,52,1.105819733629388,MAP_PMU,115,0.0014032362458380465
3,UPFC_tsh,5-15,-0.22820681851736552,52,-0.22760568204206996,MAP_PMU,115,0.000601136475295555
4,UPFC_Vse,5-15,0.06175416174622505,52,0.05914467745826208,MAP_PMU,115,0.002609484287962968
5,UPFC_tse,5-15,-2.207689238492444,52,-2.1440623659195452,MAP_PMU,115,0.06362687257289856
0,x_tcsc,1-14,-0.14333018419508936,53,-0.1376757391913022,MAP_PMU,115,0.005654445003787173
1,B_svc,2,0.29364993022778735,53,0.2913753703762746,MAP_PMU,115,0.0022745598515127585
2,UPFC_Vsh,5-15,1.1051092759935435,53,1.105819733629388,MAP_PMU,115,0.0007104576358445414
3,UPFC_tsh,5-15,-0.22809136287742707,53,-0.22760568204206996,MAP_PMU,115,0.00048568083535710516
4,UPFC_Vse,5-15,0.06139169060778806,53,0.05914467745826208,MAP_PMU,115,0.002247013149525981
5,UPFC_tse,5-15,-2.185680587432932,53,-2.1440623659195452,MAP_PMU,115,0.0416182215133869
0,x_tcsc,1-14,-0.14432219189334156,54,-0.1376757391913022,MAP_PMU,115,0.006646452702039368
1,B_svc,2,0.29335316590271066,54,0.2913753703762746,MAP_PMU,115,0.001977795526436066
2,UPFC_Vsh,5-15,1.1045670344271799,54,1.105819733629388,MAP_PMU,115,0.0012526992022081629
3,UPFC_tsh,5-15,-0.2282399676458565,54,-0.22760568204206996,MAP_PMU,115,0.000634285603786533
4,UPFC_Vse,5-15,0.06178086221047283,54,0.05914467745826208,MAP_PMU,115,0.0026361847522107518
5,UPFC_tse,5-15,-2.1911552800976692,54,-2.1440623659195452,MAP_PMU,115,0.047092914178124
0,x_tcsc,1-14,-0.14409193941106066,55,-0.1376757391913022,MAP_PMU,115,0.006416200219758472
1,B_svc,2,0.2938627263572937,55,0.2913753703762746,MAP_PMU,115,0.0024873559810191237
2,UPFC_Vsh,5-15,1.1046310920109352,55,1.105819733629388,MAP_PMU,115,0.0011886416184527793
3,UPFC_tsh,5-15,-0.22828018714561096,55,-0.22760568204206996,MAP_PMU,115,0.000674505103541001
4,UPFC_Vse,5-15,0.061860497805725445,55,0.05914467745826208,MAP_PMU,115,0.0027158203474633644
5,UPFC_tse,5-15,-2.195902850000074,55,-2.1440623659195452,MAP_PMU,115,0.05184048408052888
0,x_tcsc,1-14,-0.14347909195777378,56,-0.1376757391913022,MAP_PMU,115,0.005803352766471592
1,B_svc,2,0.29320933340633526,56,0.2913753703762746,MAP_PMU,115,0.0018339630300606702
2,UPFC_Vsh,5-15,1.105376249266994,56,1.105819733629388,MAP_PMU,115,0.0004434843623939422
3,UPFC_tsh,5-15,-0.2280424151303977,56,-0.22760568204206996,MAP_PMU,115,0.0004367330883277287
4,UPFC_Vse,5-15,0.06105906743184599,56,0.05914467745826208,MAP_PMU,115,0.0019143899735839104
5,UPFC_tse,5-15,-2.182688130293437,56,-2.1440623659195452,MAP_PMU,115,0.03862576437389187
0,x_tcsc,1-14,-0.14340671282930093,57,-0.1376757391913022,MAP_PMU,115,0.0057309736379987375
1,B_svc,2,0.29275191604844514,57,0.2913753703762746,MAP_PMU,115,0.0013765456721705482
2,UPFC_Vsh,5-15,1.1048279490950637,57,1.105819733629388,MAP_PMU,115,0.000991784534324358
3,UPFC_tsh,5-15,-0.2281052385709421,57,-0.22760568204206996,MAP_PMU,115,0.0004995565288721249
4,UPFC_Vse,5-15,0.06124536466083647,57,0.05914467745826208,MAP_PMU,115,0.0021006872025743917
5,UPFC_tse,5-15,-2.1941695824654905,57,-2.1440623659195452,MAP_PMU,115,0.0501072165459453
0,x_tcsc,1-14,-0.14350632710971412,58,-0.1376757391913022,MAP_PMU,115,0.005830587918411928
1,B_svc,2,0.29315110044763315,58,0.2913753703762746,MAP_PMU,115,0.001775730071358561
2,UPFC_Vsh,5-15,1.1053030457990258,58,1.105819733629388,MAP_PMU,115,0.0005166878303621836
3,UPFC_tsh,5-15,-0.22807708629571727,58,-0.22760568204206996,MAP_PMU,115,0.0004714042536473062
4,UPFC_Vse,5-15,0.06120651405963534,58,0.05914467745826208,MAP_PMU,115,0.002061836601373261
5,UPFC_tse,5-15,-2.1767109306908576,58,-2.1440623659195452,MAP_PMU,115,0.032648564771312394
0,x_tcsc,1-14,-0.1434980758264093,59,-0.1376757391913022,MAP_PMU,115,0.005822336635107117
1,B_svc,2,0.29275256914983083,59,0.2913753703762746,MAP_PMU,115,0.001377198773556243
2,UPFC_Vsh,5-15,1.1048763045934489,59,1.105819733629388,MAP_PMU,115,0.0009434290359391362
3,UPFC_tsh,5-15,-0.2281422557179473,59,-0.22760568204206996,MAP_PMU,115,0.0005365736758773387
4,UPFC_Vse,5-15,0.0616273389368273,59,0.05914467745826208,MAP_PMU,115,0.0024826614785652193
5,UPFC_tse,5-15,-2.190474926366585,59,-2.1440623659195452,MAP_PMU,115,0.046412560447039564
0,x_tcsc,1-14,-0.14360266083438777,60,-0.1376757391913022,MAP_PMU,115,0.0059269216430855864
1,B_svc,2,0.2935660654440025,60,0.2913753703762746,MAP_PMU,115,0.002190695067727899
2,UPFC_Vsh,5-15,1.104803397711302,60,1.105819733629388,MAP_PMU,115,0.00101633591808592
3,UPFC_tsh,5-15,-0.22819623182934853,60,-0.22760568204206996,MAP_PMU,115,0.0005905497872785714
4,UPFC_Vse,5-15,0.06159552324839345,60,0.05914467745826208,MAP_PMU,115,0.00245084579013137
5,UPFC_tse,5-15,-2.1940590533739446,60,-2.1440623659195452,MAP_PMU,115,0.049996687454399336
0,x_tcsc,1-14,-0.14319245087814,61,-0.1376757391913022,MAP_PMU,115,0.005516711686837816
1,B_svc,2,0.29368905943765716,61,0.2913753703762746,MAP_PMU,115,0.0023136890613825734
2,UPFC_Vsh,5-15,1.105166726305332,61,1.105819733629388,MAP_PMU,115,0.000653007324056043
3,UPFC_tsh,5-15,-0.2281568733567499,61,-0.22760568204206996,MAP_PMU,115,0.0005511913146799274
4,UPFC_Vse,5-15,0.061331750322089595,61,0.05914467745826208,MAP_PMU,115,0.0021870728638275147
5,UPFC_tse,5-15,-2.1863857718389528,61,-2.1440623659195452,MAP_PMU,115,0.04232340591940753
0,x_tcsc,1-14,-0.1439654609323812,62,-0.1376757391913022,MAP_PMU,115,0.006289721741079002
1,B_svc,2,0.2933030896050692,62,0.2913753703762746,MAP_PMU,115,0.0019277192287945888
2,UPFC_Vsh,5-15,1.1047135120499252,62,1.105819733629388,MAP_PMU,115,0.0011062215794628294
3,UPFC_tsh,5-15,-0.22816665380669707,62,-0.22760568204206996,MAP_PMU,115,0.0005609717646271051
4,UPFC_Vse,5-15,0.06097241801175376,62,0.05914467745826208,MAP_PMU,115,0.0018277405534916774
5,UPFC_tse,5-15,-2.193135766699053,62,-2.1440623659195452,MAP_PMU,115,0.049073400779507725
0,x_tcsc,1-14,-0.14383293632374777,63,-0.1376757391913022,MAP_PMU,115,0.006157197132445585
1,B_svc,2,0.2933921015432677,63,0.2913753703762746,MAP_PMU,115,0.0020167311669931354
2,UPFC_Vsh,5-15,1.105187517123417,63,1.105819733629388,MAP_PMU,115,0.0006322165059711171
3,UPFC_tsh,5-15,-0.22803978406433012,63,-0.22760568204206996,MAP_PMU,115,0.0004341020222601577
4,UPFC_Vse,5-15,0.06057162323899063,63,0.05914467745826208,MAP_PMU,115,0.0014269457807285502
5,UPFC_tse,5-15,-2.1856016166346013,63,-2.1440623659195452,MAP_PMU,115,0.04153925071505604
0,x_tcsc,1-14,-0.14364498437826936,64,-0.1376757391913022,MAP_PMU,115,0.005969245186967176
1,B_svc,2,0.2932015841194886,64,0.2913753703762746,MAP_PMU,115,0.0018262137432140113
2,UPFC_Vsh,5-15,1.10455864113251,64,1.105819733629388,MAP_PMU,115,0.0012610924968781134
3,UPFC_tsh,5-15,-0.22825604432903332,64,-0.22760568204206996,MAP_PMU,115,0.0006503622869633574
4,UPFC_Vse,5-15,0.06154991949422526,64,0.05914467745826208,MAP_PMU,115,0.0024052420359631788
5,UPFC_tse,5-15,-2.193625187641008,64,-2.1440623659195452,MAP_PMU,115,0.04956282172146276
0,x_tcsc,1-14,-0.14360382495233284,65,-0.1376757391913022,MAP_PMU,115,0.005928085761030655
1,B_svc,2,0.293083444069829,65,0.2913753703762746,MAP_PMU,115,0.0017080736935544127
2,UPFC_Vsh,5-15,1.105054855404255,65,1.105819733629388,MAP_PMU,115,0.0007648782251330477
3,UPFC_tsh,5-15,-0.22817002398945632,65,-0.22760568204206996,MAP_PMU,115,0.0005643419473863598
4,UPFC_Vse,5-15,0.06148779286630092,65,0.05914467745826208,MAP_PMU,115,0.0023431154080388386
5,UPFC_tse,5-15,-2.197445375953904,65,-2.1440623659195452,MAP_PMU,115,0.05338301003435886
0,x_tcsc,1-14,-0.1440884608648966,66,-0.1376757391913022,MAP_PMU,115,0.006412721673594413
1,B_svc,2,0.2934808473814344,66,0.2913753703762746,MAP_PMU,115,0.0021054770051597838
2,UPFC_Vsh,5-15,1.1049453915825678,66,1.105819733629388,MAP_PMU,115,0.0008743420468202423
3,UPFC_tsh,5-15,-0.2281635757500173,66,-0.22760568204206996,MAP_PMU,115,0.0005578937079473434
4,UPFC_Vse,5-15,0.06130069942635676,66,0.05914467745826208,MAP_PMU,115,0.002156021968094682
5,UPFC_tse,5-15,-2.187919665456485,66,-2.1440623659195452,MAP_PMU,115,0.04385729953693973
0,x_tcsc,1-14,-0.14385352926149347,67,-0.1376757391913022,MAP_PMU,115,0.006177790070191286
1,B_svc,2,0.29343784303443293,67,0.2913753703762746,MAP_PMU,115,0.002062472658158343
2,UPFC_Vsh,5-15,1.1050433334652312,67,1.105819733629388,MAP_PMU,115,0.0007764001641568097
3,UPFC_tsh,5-15,-0.2280824623309651,67,-0.22760568204206996,MAP_PMU,115,0.00047678028889514
4,UPFC_Vse,5-15,0.0617659842585299,67,0.05914467745826208,MAP_PMU,115,0.002621306800267821
5,UPFC_tse,5-15,-2.193580001993337,67,-2.1440623659195452,MAP_PMU,115,0.04951763607379167
0,x_tcsc,1-14,-0.14291974421113326,68,-0.1376757391913022,MAP_PMU,115,0.005244005019831077
1,B_svc,2,0.29367790551027595,68,0.2913753703762746,MAP_PMU,115,0.00230253513400136
2,UPFC_Vsh,5-15,1.105338824403504,68,1.105819733629388,MAP_PMU,115,0.000480909225883952
3,UPFC_tsh,5-15,-0.22806825115081109,68,-0.22760568204206996,MAP_PMU,115,0.0004625691087411232
4,UPFC_Vse,5-15,0.06141429324906149,68,0.05914467745826208,MAP_PMU,115,0.0022696157907994077
5,UPFC_tse,5-15,-2.186169608165964,68,-2.1440623659195452,MAP_PMU,115,0.0421072422464186
0,x_tcsc,1-14,-0.1438053551838606,69,-0.1376757391913022,MAP_PMU,115,0.0061296159925584015
1,B_svc,2,0.2934747325072853,69,0.2913753703762746,MAP_PMU,115,0.002099362131010696
2,UPFC_Vsh,5-15,1.1049466944137358,69,1.105819733629388,MAP_PMU,115,0.0008730392156521827
3,UPFC_tsh,5-15,-0.2281408872763438,69,-0.22760568204206996,MAP_PMU,115,0.0005352052342738334
4,UPFC_Vse,5-15,0.06102329839981343,69,0.05914467745826208,MAP_PMU,115,0.0018786209415513483
5,UPFC_tse,5-15,-2.205606367658621,69,-2.1440623659195452,MAP_PMU,115,0.06154400173907559
0,x_tcsc,1-14,-0.1438301217884736,70,-0.1376757391913022,MAP_PMU,115,0.0061543825971714095
1,B_svc,2,0.2936659049170658,70,0.2913753703762746,MAP_PMU,115,0.0022905345407912003
2,UPFC_Vsh,5-15,1.1048766656291051,70,1.105819733629388,MAP_PMU,115,0.0009430680002828762
3,UPFC_tsh,5-15,-0.22807691305758418,70,-0.22760568204206996,MAP_PMU,115,0.0004712310155142174
4,UPFC_Vse,5-15,0.06134695348436636,70,0.05914467745826208,MAP_PMU,115,0.0022022760261042815
5,UPFC_tse,5-15,-2.1901558755370396,70,-2.1440623659195452,MAP_PMU,115,0.046093509617494366
0,x_tcsc,1-14,-0.1445579117634138,71,-0.1376757391913022,MAP_PMU,115,0.0068821725721116
1,B_svc,2,0.29321575747136575,71,0.2913753703762746,MAP_PMU,115,0.001840387095091156
2,UPFC_Vsh,5-15,1.104516062798533,71,1.105819733629388,MAP_PMU,115,0.0013036708308549194
3,UPFC_tsh,5-15,-0.22820123423744348,71,-0.22760568204206996,MAP_PMU,115,0.0005955521953735221
4,UPFC_Vse,5-15,0.061098313413169854,71,0.05914467745826208,MAP_PMU,115,0.001953635954907773
5,UPFC_tse,5-15,-2.195201359432289,71,-2.1440623659195452,MAP_PMU,115,0.051138993512743536
0,x_tcsc,1-14,-0.14310139328989638,72,-0.1376757391913022,MAP_PMU,115,0.00542565409859419
1,B_svc,2,0.29291881464904795,72,0.2913753703762746,MAP_PMU,115,0.0015434442727733644
2,UPFC_Vsh,5-15,1.1052090162777024,72,1.105819733629388,MAP_PMU,115,0.0006107173516856079
3,UPFC_tsh,5-15,-0.22811061020420287,72,-0.22760568204206996,MAP_PMU,115,0.000504928162132906
4,UPFC_Vse,5-15,0.06081600797087835,72,0.05914467745826208,MAP_PMU,115,0.0016713305126162675
5,UPFC_tse,5-15,-2.1855554857805717,72,-2.1440623659195452,MAP_PMU,115,0.04149311986102644
0,x_tcsc,1-14,-0.1441189595356987,73,-0.1376757391913022,MAP_PMU,115,0.006443220344396511
1,B_svc,2,0.2929871150982998,73,0.2913753703762746,MAP_PMU,115,0.001611744722025188
2,UPFC_Vsh,5-15,1.1046944749722851,73,1.105819733629388,MAP_PMU,115,0.00112525865710289
3,UPFC_tsh,5-15,-0.22814821476353472,73,-0.22760568204206996,MAP_PMU,115,0.0005425327214647613
4,UPFC_Vse,5-15,0.061440774066811234,73,0.05914467745826208,MAP_PMU,115,0.002296096608549153
5,UPFC_tse,5-15,-2.186404973521259,73,-2.1440623659195452,MAP_PMU,115,0.04234260760171393
0,x_tcsc,1-14,-0.14354256035792784,74,-0.1376757391913022,MAP_PMU,115,0.005866821166625652
1,B_svc,2,0.2934879799880121,74,0.2913753703762746,MAP_PMU,115,0.002112609611737537
2,UPFC_Vsh,5-15,1.1049552471865607,74,1.105819733629388,MAP_PMU,115,0.000864486442827328
3,UPFC_tsh,5-15,-0.22807125141046122,74,-0.22760568204206996,MAP_PMU,115,0.00046556936839126095
4,UPFC_Vse,5-15,0.061514434842590865,74,0.05914467745826208,MAP_PMU,115,0.002369757384328784
5,UPFC_tse,5-15,-2.186182675604509,74,-2.1440623659195452,MAP_PMU,115,0.04212030968496361
0,x_tcsc,1-14,-0.14370163374452316,75,-0.1376757391913022,MAP_PMU,115,0.006025894553220973
1,B_svc,2,0.2940302913972682,75,0.2913753703762746,MAP_PMU,115,0.002654921020993628
2,UPFC_Vsh,5-15,1.1047641955549827,75,1.105819733629388,MAP_PMU,115,0.0010555380744052822
3,UPFC_tsh,5-15,-0.2280785026310581,75,-0.22760568204206996,MAP_PMU,115,0.0004728205889881487
4,UPFC_Vse,5-15,0.0613605699166254,75,0.05914467745826208,MAP_PMU,115,0.0022158924583633166
5,UPFC_tse,5-15,-2.18499873432499,75,-2.1440623659195452,MAP_PMU,115,0.04093636840544468
0,x_tcsc,1-14,-0.14346703270897412,76,-0.1376757391913022,MAP_PMU,115,0.005791293517671936
1,B_svc,2,0.2933274655687678,76,0.2913753703762746,MAP_PMU,115,0.0019520951924932306
2,UPFC_Vsh,5-15,1.104826567321644,76,1.105819733629388,MAP_PMU,115,0.0009931663077440422
3,UPFC_tsh,5-15,-0.22812660395614695,76,-0.22760568204206996,MAP_PMU,115,0.0005209219140769883
4,UPFC_Vse,5-15,0.061694903826628594,76,0.05914467745826208,MAP_PMU,115,0.0025502263683665136
5,UPFC_tse,5-15,-2.1875049479664312,76,-2.1440623659195452,MAP_PMU,115,0.043442582046886
0,x_tcsc,1-14,-0.14410272827910656,77,-0.1376757391913022,MAP_PMU,115,0.006426989087804369
1,B_svc,2,0.29336147449207783,77,0.2913753703762746,MAP_PMU,115,0.0019861041158032444
2,UPFC_Vsh,5-15,1.1049527609397103,77,1.105819733629388,MAP_PMU,115,0.0008669726896777252
3,UPFC_tsh,5-15,-0.22814675266064066,77,-0.22760568204206996,MAP_PMU,115,0.0005410706185706993
4,UPFC_Vse,5-15,0.06161938279354243,77,0.05914467745826208,MAP_PMU,115,0.002474705335280346
5,UPFC_tse,5-15,-2.1878439214513397,77,-2.1440623659195452,MAP_PMU,115,0.043781555531794414
0,x_tcsc,1-14,-0.14350220351795148,78,-0.1376757391913022,MAP_PMU,115,0.005826464326649294
1,B_svc,2,0.29333216286921154,78,0.2913753703762746,MAP_PMU,115,0.001956792492936954
2,UPFC_Vsh,5-15,1.105047933911975,78,1.105819733629388,MAP_PMU,115,0.0007717997174130353
3,UPFC_tsh,5-15,-0.22815222685449163,78,-0.22760568204206996,MAP_PMU,115,0.0005465448124216676
4,UPFC_Vse,5-15,0.061696897846595176,78,0.05914467745826208,MAP_PMU,115,0.0025522203883330957
5,UPFC_tse,5-15,-2.196229430513796,78,-2.1440623659195452,MAP_PMU,115,0.05216706459425069
0,x_tcsc,1-14,-0.14395318449092037,79,-0.1376757391913022,MAP_PMU,115,0.006277445299618184
1,B_svc,2,0.2931652328129482,79,0.2913753703762746,MAP_PMU,115,0.001789862436673617
2,UPFC_Vsh,5-15,1.1051237301105727,79,1.105819733629388,MAP_PMU,115,0.0006960035188152691
3,UPFC_tsh,5-15,-0.2280937054854967,79,-0.22760568204206996,MAP_PMU,115,0.00048802344342674386
4,UPFC_Vse,5-15,0.06098028648708838,79,0.05914467745826208,MAP_PMU,115,0.0018356090288262975
5,UPFC_tse,5-15,-2.2001599877025257,79,-2.1440623659195452,MAP_PMU,115,0.0560976217829805
0,x_tcsc,1-14,-0.14434766536054222,80,-0.1376757391913022,MAP_PMU,115,0.006671926169240033
1,B_svc,2,0.293184996577649,80,0.2913753703762746,MAP_PMU,115,0.0018096262013744258
2,UPFC_Vsh,5-15,1.1045262565463059,80,1.105819733629388,MAP_PMU,115,0.0012934770830821396
3,UPFC_tsh,5-15,-0.22824116337894237,80,-0.22760568204206996,MAP_PMU,115,0.0006354813368724122
4,UPFC_Vse,5-15,0.061520167602697365,80,0.05914467745826208,MAP_PMU,115,0.002375490144435284
5,UPFC_tse,5-15,-2.204815232839102,80,-2.1440623659195452,MAP_PMU,115,0.06075286691955695
0,x_tcsc,1-14,-0.14314875306750258,81,-0.1376757391913022,MAP_PMU,115,0.005473013876200389
1,B_svc,2,0.2928022349884641,81,0.2913753703762746,MAP_PMU,115,0.0014268646121894935
2,UPFC_Vsh,5-15,1.1052949630585256,81,1.105819733629388,MAP_PMU,115,0.0005247705708624206
3,UPFC_tsh,5-15,-0.22801743706453634,81,-0.22760568204206996,MAP_PMU,115,0.00041175502246637574
4,UPFC_Vse,5-15,0.06154969608686359,81,0.05914467745826208,MAP_PMU,115,0.002405018628601506
5,UPFC_tse,5-15,-2.1799560846698416,81,-2.1440623659195452,MAP_PMU,115,0.035893718750296344
0,x_tcsc,1-14,-0.14394689786988363,82,-0.1376757391913022,MAP_PMU,115,0.00627115867858144
1,B_svc,2,0.2929091487441434,82,0.2913753703762746,MAP_PMU,115,0.0015337783678688321
2,UPFC_Vsh,5-15,1.1049263989944516,82,1.105819733629388,MAP_PMU,115,0.0008933346349364601
3,UPFC_tsh,5-15,-0.22811426496880213,82,-0.22760568204206996,MAP_PMU,115,0.0005085829267321706
4,UPFC_Vse,5-15,0.06131601308741654,82,0.05914467745826208,MAP_PMU,115,0.002171335629154461
5,UPFC_tse,5-15,-2.2022125029574,82,-2.1440623659195452,MAP_PMU,115,0.058150137037854766
0,x_tcsc,1-14,-0.14379005811019765,83,-0.1376757391913022,MAP_PMU,115,0.006114318918895467
1,B_svc,2,0.2935094841802343,83,0.2913753703762746,MAP_PMU,115,0.002134113803959725
2,UPFC_Vsh,5-15,1.1050458934444278,83,1.105819733629388,MAP_PMU,115,0.0007738401849601839
3,UPFC_tsh,5-15,-0.22813075616195921,83,-0.22760568204206996,MAP_PMU,115,0.0005250741198892517
4,UPFC_Vse,5-15,0.06130507850298897,83,0.05914467745826208,MAP_PMU,115,0.002160401044726888
5,UPFC_tse,5-15,-2.1892073504110594,83,-2.1440623659195452,MAP_PMU,115,0.04514498449151416
0,x_tcsc,1-14,-0.14379752470352458,84,-0.1376757391913022,MAP_PMU,115,0.006121785512222394
1,B_svc,2,0.29336838721074693,84,0.2913753703762746,MAP_PMU,115,0.0019930168344723387
2,UPFC_Vsh,5-15,1.1049811920485895,84,1.105819733629388,MAP_PMU,115,0.0008385415807985463
3,UPFC_tsh,5-15,-0.22816009350083954,84,-0.22760568204206996,MAP_PMU,115,0.0005544114587695825
4,UPFC_Vse,5-15,0.06149066298512501,84,0.05914467745826208,MAP_PMU,115,0.00234598552686293
5,UPFC_tse,5-15,-2.1948915261301805,84,-2.1440623659195452,MAP_PMU,115,0.050829160210635216
0,x_tcsc,1-14,-0.14370585970839445,85,-0.1376757391913022,MAP_PMU,115,0.006030120517092258
1,B_svc,2,0.2928513197410059,85,0.2913753703762746,MAP_PMU,115,0.0014759493647313326
2,UPFC_Vsh,5-15,1.1052379353448951,85,1.105819733629388,MAP_PMU,115,0.0005817982844928959
3,UPFC_tsh,5-15,-0.22812547772762978,85,-0.22760568204206996,MAP_PMU,115,0.0005197956855598207
4,UPFC_Vse,5-15,0.06134709291018009,85,0.05914467745826208,MAP_PMU,115,0.002202415451918009
5,UPFC_tse,5-15,-2.1844303092465855,85,-2.1440623659195452,MAP_PMU,115,0.0403679433270403
0,x_tcsc,1-14,-0.14325568802783642,86,-0.1376757391913022,MAP_PMU,115,0.005579948836534232
1,B_svc,2,0.2929864684325919,86,0.2913753703762746,MAP_PMU,115,0.0016110980563173172
2,UPFC_Vsh,5-15,1.1050205863127849,86,1.105819733629388,MAP_PMU,115,0.0007991473166031327
3,UPFC_tsh,5-15,-0.22807556412440166,86,-0.22760568204206996,MAP_PMU,115,0.0004698820823317018
4,UPFC_Vse,5-15,0.06153822594206545,86,0.05914467745826208,MAP_PMU,115,0.0023935484838033677
5,UPFC_tse,5-15,-2.1883852695705954,86,-2.1440623659195452,MAP_PMU,115,0.04432290365105018
0,x_tcsc,1-14,-0.14367265807457014,87,-0.1376757391913022,MAP_PMU,115,0.005996918883267949
1,B_svc,2,0.29283096877484827,87,0.2913753703762746,MAP_PMU,115,0.0014555983985736765
2,UPFC_Vsh,5-15,1.1050085941240666,87,1.105819733629388,MAP_PMU,115,0.0008111395053214121
3,UPFC_tsh,5-15,-0.22804410186885848,87,-0.22760568204206996,MAP_PMU,115,0.000438419826788522
4,UPFC_Vse,5-15,0.06119706040257566,87,0.05914467745826208,MAP_PMU,115,0.002052382944313577
5,UPFC_tse,5-15,-2.188917206036351,87,-2.1440623659195452,MAP_PMU,115,0.04485484011680585
0,x_tcsc,1-14,-0.1440425855161694,88,-0.1376757391913022,MAP_PMU,115,0.006366846324867226
1,B_svc,2,0.29272690557200254,88,0.2913753703762746,MAP_PMU,115,0.0013515351957279487
2,UPFC_Vsh,5-15,1.1051194176255825,88,1.105819733629388,MAP_PMU,115,0.0007003160038054901
3,UPFC_tsh,5-15,-0.2281397612925396,88,-0.22760568204206996,MAP_PMU,115,0.0005340792504696379
4,UPFC_Vse,5-15,0.06058345793519085,88,0.05914467745826208,MAP_PMU,115,0.001438780476928768
5,UPFC_tse,5-15,-2.1899664329539696,88,-2.1440623659195452,MAP_PMU,115,0.0459040670344244
0,x_tcsc,1-14,-0.14330482255883606,89,-0.1376757391913022,MAP_PMU,115,0.005629083367533871
1,B_svc,2,0.2926746222342737,89,0.2913753703762746,MAP_PMU,115,0.0012992518579991175
2,UPFC_Vsh,5-15,1.105288945536836,89,1.105819733629388,MAP_PMU,115,0.0005307880925520259
3,UPFC_tsh,5-15,-0.22807478533771647,89,-0.22760568204206996,MAP_PMU,115,0.00046910329564650577
4,UPFC_Vse,5-15,0.06101411998100112,89,0.05914467745826208,MAP_PMU,115,0.0018694425227390385
5,UPFC_tse,5-15,-2.1892597365768602,89,-2.1440623659195452,MAP_PMU,115,0.045197370657314995
0,x_tcsc,1-14,-0.14350515554966098,90,-0.1376757391913022,MAP_PMU,115,0.005829416358358791
1,B_svc,2,0.2935906850678993,90,0.2913753703762746,MAP_PMU,115,0.0022153146916247257
2,UPFC_Vsh,5-15,1.1050412301334063,90,1.105819733629388,MAP_PMU,115,0.0007785034959817416
3,UPFC_tsh,5-15,-0.22815216793749804,90,-0.22760568204206996,MAP_PMU,115,0.0005464858954280782
4,UPFC_Vse,5-15,0.06112718232363328,90,0.05914467745826208,MAP_PMU,115,0.0019825048653712013
5,UPFC_tse,5-15,-2.193207568511063,90,-2.1440623659195452,MAP_PMU,115,0.049145202591517556
0,x_tcsc,1-14,-0.14370718287808715,91,-0.1376757391913022,MAP_PMU,115,0.00603144368678496
1,B_svc,2,0.2928094465459368,91,0.2913753703762746,MAP_PMU,115,0.001434076169662235
2,UPFC_Vsh,5-15,1.104974612633603,91,1.105819733629388,MAP_PMU,115,0.0008451209957849315
3,UPFC_tsh,5-15,-0.22807969768589936,91,-0.22760568204206996,MAP_PMU,115,0.00047401564382940076
4,UPFC_Vse,5-15,0.06165625571102566,91,0.05914467745826208,MAP_PMU,115,0.0025115782527635813
5,UPFC_tse,5-15,-2.1890883765301283,91,-2.1440623659195452,MAP_PMU,115,0.04502601061058309
0,x_tcsc,1-14,-0.143478221480781,92,-0.1376757391913022,MAP_PMU,115,0.0058024822894788
1,B_svc,2,0.2930505162412104,92,0.2913753703762746,MAP_PMU,115,0.0016751458649358342
2,UPFC_Vsh,5-15,1.105181170181007,92,1.105819733629388,MAP_PMU,115,0.0006385634483809799
3,UPFC_tsh,5-15,-0.22809109589843385,92,-0.22760568204206996,MAP_PMU,115,0.00048541385636388656
4,UPFC_Vse,5-15,0.061480657789961424,92,0.05914467745826208,MAP_PMU,115,0.002335980331699343
5,UPFC_tse,5-15,-2.184789272857465,92,-2.1440623659195452,MAP_PMU,115,0.040726906937919694
0,x_tcsc,1-14,-0.14450676857795025,93,-0.1376757391913022,MAP_PMU,115,0.006831029386648063
1,B_svc,2,0.29279871620846154,93,0.2913753703762746,MAP_PMU,115,0.0014233458321869508
2,UPFC_Vsh,5-15,1.104327696366333,93,1.105819733629388,MAP_PMU,115,0.0014920372630549128
3,UPFC_tsh,5-15,-0.2281808458885061,93,-0.22760568204206996,MAP_PMU,115,0.000575163846436133
4,UPFC_Vse,5-15,0.061892935072829565,93,0.05914467745826208,MAP_PMU,115,0.002748257614567484
5,UPFC_tse,5-15,-2.1890725543436322,93,-2.1440623659195452,MAP_PMU,115,0.045010188424086994
0,x_tcsc,1-14,-0.14372340138203843,94,-0.1376757391913022,MAP_PMU,115,0.0060476621907362416
1,B_svc,2,0.29293808448950764,94,0.2913753703762746,MAP_PMU,115,0.0015627141132330546
2,UPFC_Vsh,5-15,1.1052345058663453,94,1.105819733629388,MAP_PMU,115,0.0005852277630427061
3,UPFC_tsh,5-15,-0.22812639160031692,94,-0.22760568204206996,MAP_PMU,115,0.0005207095582469567
4,UPFC_Vse,5-15,0.061016309759618595,94,0.05914467745826208,MAP_PMU,115,0.0018716323013565142
5,UPFC_tse,5-15,-2.1827618630918346,94,-2.1440623659195452,MAP_PMU,115,0.03869949717228938
0,x_tcsc,1-14,-0.1437497318079023,95,-0.1376757391913022,MAP_PMU,115,0.006073992616600105
1,B_svc,2,0.2930995691787637,95,0.2913753703762746,MAP_PMU,115,0.0017241988024890853
2,UPFC_Vsh,5-15,1.1050993212738776,95,1.105819733629388,MAP_PMU,115,0.000720412355510458
3,UPFC_tsh,5-15,-0.22808381396919855,95,-0.22760568204206996,MAP_PMU,115,0.0004781319271285889
4,UPFC_Vse,5-15,0.06100872708943159,95,0.05914467745826208,MAP_PMU,115,0.001864049631169512
5,UPFC_tse,5-15,-2.178095651807331,95,-2.1440623659195452,MAP_PMU,115,0.03403328588778587
0,x_tcsc,1-14,-0.14363794418893291,96,-0.1376757391913022,MAP_PMU,115,0.005962204997630727
1,B_svc,2,0.2936159726551236,96,0.2913753703762746,MAP_PMU,115,0.0022406022788490354
2,UPFC_Vsh,5-15,1.1050120383340765,96,1.105819733629388,MAP_PMU,115,0.0008076952953115502
3,UPFC_tsh,5-15,-0.22811073874633628,96,-0.22760568204206996,MAP_PMU,115,0.0005050567042663157
4,UPFC_Vse,5-15,0.061041267235130967,96,0.05914467745826208,MAP_PMU,115,0.0018965897768688858
5,UPFC_tse,5-15,-2.1827010625879213,96,-2.1440623659195452,MAP_PMU,115,0.03863869666837605
0,x_tcsc,1-14,-0.14388829952006651,97,-0.1376757391913022,MAP_PMU,115,0.006212560328764327
1,B_svc,2,0.2932197604840456,97,0.2913753703762746,MAP_PMU,115,0.0018443901077709879
2,UPFC_Vsh,5-15,1.104680516755664,97,1.105819733629388,MAP_PMU,115,0.0011392168737240915
3,UPFC_tsh,5-15,-0.22811481476024667,97,-0.22760568204206996,MAP_PMU,115,0.000509132718176708
4,UPFC_Vse,5-15,0.06106078146854373,97,0.05914467745826208,MAP_PMU,115,0.0019161040102816523
5,UPFC_tse,5-15,-2.1983985312305525,97,-2.1440623659195452,MAP_PMU,115,0.05433616531100727
0,x_tcsc,1-14,-0.1436072532344589,98,-0.1376757391913022,MAP_PMU,115,0.005931514043156699
1,B_svc,2,0.29313271303840077,98,0.2913753703762746,MAP_PMU,115,0.0017573426621261823
2,UPFC_Vsh,5-15,1.105401463886632,98,1.105819733629388,MAP_PMU,115,0.000418269742755939
3,UPFC_tsh,5-15,-0.2281299027749399,98,-0.22760568204206996,MAP_PMU,115,0.0005242207328699511
4,UPFC_Vse,5-15,0.06096698180610436,98,0.05914467745826208,MAP_PMU,115,0.0018223043478422796
5,UPFC_tse,5-15,-2.1953592664612143,98,-2.1440623659195452,MAP_PMU,115,0.05129690054166902
0,x_tcsc,1-14,-0.14339990530624913,99,-0.1376757391913022,MAP_PMU,115,0.005724166114946944
1,B_svc,2,0.293060122056026,99,0.2913753703762746,MAP_PMU,115,0.0016847516797514062
2,UPFC_Vsh,5-15,1.10522513526928,99,1.105819733629388,MAP_PMU,115,0.0005945983601081117
3,UPFC_tsh,5-15,-0.2281361308760518,99,-0.22760568204206996,MAP_PMU,115,0.0005304488339818447
4,UPFC_Vse,5-15,0.06144248065627976,99,0.05914467745826208,MAP_PMU,115,0.0022978031980176797
5,UPFC_tse,5-15,-2.1969790867249968,99,-2.1440623659195452,MAP_PMU,115,0.05291672080545151
0,x_tcsc,1-14,-0.1434331838488881,0,-0.1368052845748615,MAP_PMU,117,0.0066278992740266
1,B_svc,2,0.2888276667869716,0,0.2870556937323049,MAP_PMU,117,0.0017719730546666979
2,UPFC_Vsh,5-15,1.1047281751072573,0,1.1069375195749371,MAP_PMU,117,0.0022093444676798413
3,UPFC_tsh,5-15,-0.22926570550556583,0,-0.22869827424353983,MAP_PMU,117,0.0005674312620259914
4,UPFC_Vse,5-15,0.0606927944752431,0,0.05842137802186497,MAP_PMU,117,0.002271416453378132
5,UPFC_tse,5-15,-2.191498299882449,0,-2.1349751449363463,MAP_PMU,117,0.056523154946102494
0,x_tcsc,1-14,-0.14261814978462126,1,-0.1368052845748615,MAP_PMU,117,0.0058128652097597655
1,B_svc,2,0.28894215644467813,1,0.2870556937323049,MAP_PMU,117,0.0018864627123732491
2,UPFC_Vsh,5-15,1.1053730154395696,1,1.1069375195749371,MAP_PMU,117,0.0015645041353675726
3,UPFC_tsh,5-15,-0.2291129764565096,1,-0.22869827424353983,MAP_PMU,117,0.0004147022129697697
4,UPFC_Vse,5-15,0.061168123431416935,1,0.05842137802186497,MAP_PMU,117,0.0027467454095519636
5,UPFC_tse,5-15,-2.191054918400076,1,-2.1349751449363463,MAP_PMU,117,0.0560797734637295
0,x_tcsc,1-14,-0.14240376394014206,2,-0.1368052845748615,MAP_PMU,117,0.005598479365280573
1,B_svc,2,0.28857374303991945,2,0.2870556937323049,MAP_PMU,117,0.0015180493076145662
2,UPFC_Vsh,5-15,1.1049794768099908,2,1.1069375195749371,MAP_PMU,117,0.001958042764946377
3,UPFC_tsh,5-15,-0.22922363653704222,2,-0.22869827424353983,MAP_PMU,117,0.0005253622935023905
4,UPFC_Vse,5-15,0.061552477294565686,2,0.05842137802186497,MAP_PMU,117,0.0031310992727007145
5,UPFC_tse,5-15,-2.1835753477408506,2,-2.1349751449363463,MAP_PMU,117,0.04860020280450428
0,x_tcsc,1-14,-0.14215588240908683,3,-0.1368052845748615,MAP_PMU,117,0.00535059783422534
1,B_svc,2,0.28910045763200914,3,0.2870556937323049,MAP_PMU,117,0.0020447638997042605
2,UPFC_Vsh,5-15,1.1052478843395517,3,1.1069375195749371,MAP_PMU,117,0.001689635235385456
3,UPFC_tsh,5-15,-0.22920156312934709,3,-0.22869827424353983,MAP_PMU,117,0.0005032888858072515
4,UPFC_Vse,5-15,0.06096252571118703,3,0.05842137802186497,MAP_PMU,117,0.0025411476893220583
5,UPFC_tse,5-15,-2.183372426869979,3,-2.1349751449363463,MAP_PMU,117,0.04839728193363246
0,x_tcsc,1-14,-0.1423480599882594,4,-0.1368052845748615,MAP_PMU,117,0.005542775413397899
1,B_svc,2,0.2896104151408346,4,0.2870556937323049,MAP_PMU,117,0.002554721408529692
2,UPFC_Vsh,5-15,1.105139480990731,4,1.1069375195749371,MAP_PMU,117,0.0017980385842062407
3,UPFC_tsh,5-15,-0.22916826434675538,4,-0.22869827424353983,MAP_PMU,117,0.0004699901032155507
4,UPFC_Vse,5-15,0.06082925701479444,4,0.05842137802186497,MAP_PMU,117,0.00240787899292947
5,UPFC_tse,5-15,-2.1856552590351512,4,-2.1349751449363463,MAP_PMU,117,0.05068011409880491
0,x_tcsc,1-14,-0.1425944285213878,5,-0.1368052845748615,MAP_PMU,117,0.005789143946526298
1,B_svc,2,0.2884404992356647,5,0.2870556937323049,MAP_PMU,117,0.0013848055033598428
2,UPFC_Vsh,5-15,1.1054289694356412,5,1.1069375195749371,MAP_PMU,117,0.001508550139295961
3,UPFC_tsh,5-15,-0.2291719849351505,5,-0.22869827424353983,MAP_PMU,117,0.0004737106916106737
4,UPFC_Vse,5-15,0.060932263171196314,5,0.05842137802186497,MAP_PMU,117,0.0025108851493313433
5,UPFC_tse,5-15,-2.1823343116627876,5,-2.1349751449363463,MAP_PMU,117,0.04735916672644125
0,x_tcsc,1-14,-0.14215168969039182,6,-0.1368052845748615,MAP_PMU,117,0.005346405115530334
1,B_svc,2,0.28886141206729493,6,0.2870556937323049,MAP_PMU,117,0.0018057183349900474
2,UPFC_Vsh,5-15,1.1053884967342074,6,1.1069375195749371,MAP_PMU,117,0.0015490228407297746
3,UPFC_tsh,5-15,-0.2291287567928383,6,-0.22869827424353983,MAP_PMU,117,0.0004304825492984776
4,UPFC_Vse,5-15,0.06058609508254811,6,0.05842137802186497,MAP_PMU,117,0.0021647170606831356
5,UPFC_tse,5-15,-2.181954114748073,6,-2.1349751449363463,MAP_PMU,117,0.04697896981172667
0,x_tcsc,1-14,-0.14191230621079318,7,-0.1368052845748615,MAP_PMU,117,0.0051070216359316856
1,B_svc,2,0.2886386112143368,7,0.2870556937323049,MAP_PMU,117,0.0015829174820319314
2,UPFC_Vsh,5-15,1.1056169799568765,7,1.1069375195749371,MAP_PMU,117,0.0013205396180606677
3,UPFC_tsh,5-15,-0.2291447663822244,7,-0.22869827424353983,MAP_PMU,117,0.0004464921386845566
4,UPFC_Vse,5-15,0.060785935431855835,7,0.05842137802186497,MAP_PMU,117,0.002364557409990864
5,UPFC_tse,5-15,-2.1818227946725504,7,-2.1349751449363463,MAP_PMU,117,0.04684764973620403
0,x_tcsc,1-14,-0.1420789428695082,8,-0.1368052845748615,MAP_PMU,117,0.00527365829464671
1,B_svc,2,0.28872766967168667,8,0.2870556937323049,MAP_PMU,117,0.0016719759393817868
2,UPFC_Vsh,5-15,1.1054712090541436,8,1.1069375195749371,MAP_PMU,117,0.0014663105207934901
3,UPFC_tsh,5-15,-0.2291574084110013,8,-0.22869827424353983,MAP_PMU,117,0.0004591341674614613
4,UPFC_Vse,5-15,0.06067544198887487,8,0.05842137802186497,MAP_PMU,117,0.0022540639670098964
5,UPFC_tse,5-15,-2.174386872438557,8,-2.1349751449363463,MAP_PMU,117,0.03941172750221078
0,x_tcsc,1-14,-0.14248681746143257,9,-0.1368052845748615,MAP_PMU,117,0.0056815328865710835
1,B_svc,2,0.28925702237800716,9,0.2870556937323049,MAP_PMU,117,0.002201328645702272
2,UPFC_Vsh,5-15,1.1046440923816063,9,1.1069375195749371,MAP_PMU,117,0.0022934271933308104
3,UPFC_tsh,5-15,-0.22925234361521737,9,-0.22869827424353983,MAP_PMU,117,0.0005540693716775402
4,UPFC_Vse,5-15,0.06143743816419655,9,0.05842137802186497,MAP_PMU,117,0.003016060142331578
5,UPFC_tse,5-15,-2.1913943412301835,9,-2.1349751449363463,MAP_PMU,117,0.05641919629383718
0,x_tcsc,1-14,-0.1425151919921039,10,-0.1368052845748615,MAP_PMU,117,0.005709907417242421
1,B_svc,2,0.28866140348514613,10,0.2870556937323049,MAP_PMU,117,0.0016057097528412445
2,UPFC_Vsh,5-15,1.1055257388626343,10,1.1069375195749371,MAP_PMU,117,0.001411780712302857
3,UPFC_tsh,5-15,-0.2292340414176607,10,-0.22869827424353983,MAP_PMU,117,0.0005357671741208769
4,UPFC_Vse,5-15,0.061482602399274625,10,0.05842137802186497,MAP_PMU,117,0.0030612243774096534
5,UPFC_tse,5-15,-2.185279953432198,10,-2.1349751449363463,MAP_PMU,117,0.05030480849585173
0,x_tcsc,1-14,-0.14243476585555415,11,-0.1368052845748615,MAP_PMU,117,0.005629481280692655
1,B_svc,2,0.2891814365919607,11,0.2870556937323049,MAP_PMU,117,0.0021257428596558325
2,UPFC_Vsh,5-15,1.105113209319371,11,1.1069375195749371,MAP_PMU,117,0.001824310255566175
3,UPFC_tsh,5-15,-0.22925634911940018,11,-0.22869827424353983,MAP_PMU,117,0.0005580748758603482
4,UPFC_Vse,5-15,0.06126610853256902,11,0.05842137802186497,MAP_PMU,117,0.002844730510704052
5,UPFC_tse,5-15,-2.187440054252839,11,-2.1349751449363463,MAP_PMU,117,0.052464909316492836
0,x_tcsc,1-14,-0.1420761516849406,12,-0.1368052845748615,MAP_PMU,117,0.005270867110079097
1,B_svc,2,0.28839166312879627,12,0.2870556937323049,MAP_PMU,117,0.0013359693964913877
2,UPFC_Vsh,5-15,1.1051474562406471,12,1.1069375195749371,MAP_PMU,117,0.001790063334289993
3,UPFC_tsh,5-15,-0.22925212098582454,12,-0.22869827424353983,MAP_PMU,117,0.0005538467422847027
4,UPFC_Vse,5-15,0.06165645840134984,12,0.05842137802186497,MAP_PMU,117,0.0032350803794848684
5,UPFC_tse,5-15,-2.1795707629759216,12,-2.1349751449363463,MAP_PMU,117,0.044595618039575236
0,x_tcsc,1-14,-0.14232140903097026,13,-0.1368052845748615,MAP_PMU,117,0.005516124456108773
1,B_svc,2,0.2889336748521494,13,0.2870556937323049,MAP_PMU,117,0.0018779811198444962
2,UPFC_Vsh,5-15,1.1047394930600045,13,1.1069375195749371,MAP_PMU,117,0.002198026514932616
3,UPFC_tsh,5-15,-0.22925010501969717,13,-0.22869827424353983,MAP_PMU,117,0.000551830776157336
4,UPFC_Vse,5-15,0.06093005026755531,13,0.05842137802186497,MAP_PMU,117,0.0025086722456903396
5,UPFC_tse,5-15,-2.1957739245772463,13,-2.1349751449363463,MAP_PMU,117,0.06079877964089997
0,x_tcsc,1-14,-0.14202909223034912,14,-0.1368052845748615,MAP_PMU,117,0.005223807655487633
1,B_svc,2,0.2888895180255379,14,0.2870556937323049,MAP_PMU,117,0.0018338242932330329
2,UPFC_Vsh,5-15,1.1054599358994548,14,1.1069375195749371,MAP_PMU,117,0.0014775836754823413
3,UPFC_tsh,5-15,-0.22913203075787944,14,-0.22869827424353983,MAP_PMU,117,0.00043375651433960605
4,UPFC_Vse,5-15,0.060964504094114344,14,0.05842137802186497,MAP_PMU,117,0.002543126072249373
5,UPFC_tse,5-15,-2.1847682486115962,14,-2.1349751449363463,MAP_PMU,117,0.04979310367524992
0,x_tcsc,1-14,-0.14203409533394123,15,-0.1368052845748615,MAP_PMU,117,0.005228810759079744
1,B_svc,2,0.28872825355878157,15,0.2870556937323049,MAP_PMU,117,0.0016725598264766828
2,UPFC_Vsh,5-15,1.1055258927841454,15,1.1069375195749371,MAP_PMU,117,0.0014116267907917646
3,UPFC_tsh,5-15,-0.22915261679701382,15,-0.22869827424353983,MAP_PMU,117,0.00045434255347398533
4,UPFC_Vse,5-15,0.06058675518610223,15,0.05842137802186497,MAP_PMU,117,0.002165377164237259
5,UPFC_tse,5-15,-2.181121369782534,15,-2.1349751449363463,MAP_PMU,117,0.04614622484618769
0,x_tcsc,1-14,-0.14225599056133603,16,-0.1368052845748615,MAP_PMU,117,0.005450705986474541
1,B_svc,2,0.2893929120001723,16,0.2870556937323049,MAP_PMU,117,0.0023372182678674247
2,UPFC_Vsh,5-15,1.104861266363994,16,1.1069375195749371,MAP_PMU,117,0.0020762532109430687
3,UPFC_tsh,5-15,-0.22924250250610675,16,-0.22869827424353983,MAP_PMU,117,0.0005442282625669204
4,UPFC_Vse,5-15,0.061511429066561166,16,0.05842137802186497,MAP_PMU,117,0.0030900510446961946
5,UPFC_tse,5-15,-2.1769337761680965,16,-2.1349751449363463,MAP_PMU,117,0.04195863123175014
0,x_tcsc,1-14,-0.14235284308101162,17,-0.1368052845748615,MAP_PMU,117,0.00554755850615013
1,B_svc,2,0.288819882385674,17,0.2870556937323049,MAP_PMU,117,0.0017641886533691364
2,UPFC_Vsh,5-15,1.1052022576212936,17,1.1069375195749371,MAP_PMU,117,0.0017352619536434855
3,UPFC_tsh,5-15,-0.22918879535650158,17,-0.22869827424353983,MAP_PMU,117,0.0004905211129617448
4,UPFC_Vse,5-15,0.06084972104102261,17,0.05842137802186497,MAP_PMU,117,0.0024283430191576402
5,UPFC_tse,5-15,-2.178438496308989,17,-2.1349751449363463,MAP_PMU,117,0.04346335137264257
0,x_tcsc,1-14,-0.1425525710144246,18,-0.1368052845748615,MAP_PMU,117,0.0057472864395630985
1,B_svc,2,0.2887963131677282,18,0.2870556937323049,MAP_PMU,117,0.0017406194354233073
2,UPFC_Vsh,5-15,1.1053461403392129,18,1.1069375195749371,MAP_PMU,117,0.0015913792357242773
3,UPFC_tsh,5-15,-0.22919239611775627,18,-0.22869827424353983,MAP_PMU,117,0.0004941218742164355
4,UPFC_Vse,5-15,0.060790412850132786,18,0.05842137802186497,MAP_PMU,117,0.0023690348282678145
5,UPFC_tse,5-15,-2.186009871198576,18,-2.1349751449363463,MAP_PMU,117,0.05103472626222949
0,x_tcsc,1-14,-0.14289211879509708,19,-0.1368052845748615,MAP_PMU,117,0.006086834220235593
1,B_svc,2,0.2884938235426189,19,0.2870556937323049,MAP_PMU,117,0.0014381298103139928
2,UPFC_Vsh,5-15,1.105167870350099,19,1.1069375195749371,MAP_PMU,117,0.0017696492248382434
3,UPFC_tsh,5-15,-0.22916043199210215,19,-0.22869827424353983,MAP_PMU,117,0.00046215774856231406
4,UPFC_Vse,5-15,0.06117860927147435,19,0.05842137802186497,MAP_PMU,117,0.0027572312496093807
5,UPFC_tse,5-15,-2.1710204567955107,19,-2.1349751449363463,MAP_PMU,117,0.036045311859164375
0,x_tcsc,1-14,-0.14214823032277898,20,-0.1368052845748615,MAP_PMU,117,0.0053429457479174935
1,B_svc,2,0.28888559542999925,20,0.2870556937323049,MAP_PMU,117,0.0018299016976943694
2,UPFC_Vsh,5-15,1.1053009245930523,20,1.1069375195749371,MAP_PMU,117,0.0016365949818848424
3,UPFC_tsh,5-15,-0.2292298093633452,20,-0.22869827424353983,MAP_PMU,117,0.0005315351198053597
4,UPFC_Vse,5-15,0.0608699420988482,20,0.05842137802186497,MAP_PMU,117,0.0024485640769832256
5,UPFC_tse,5-15,-2.1904737329393567,20,-2.1349751449363463,MAP_PMU,117,0.05549858800301033
0,x_tcsc,1-14,-0.14255047286507883,21,-0.1368052845748615,MAP_PMU,117,0.005745188290217335
1,B_svc,2,0.28872978593403015,21,0.2870556937323049,MAP_PMU,117,0.0016740922017252635
2,UPFC_Vsh,5-15,1.1056013966715468,21,1.1069375195749371,MAP_PMU,117,0.0013361229033903577
3,UPFC_tsh,5-15,-0.22916476380747133,21,-0.22869827424353983,MAP_PMU,117,0.0004664895639314992
4,UPFC_Vse,5-15,0.0606077378480185,21,0.05842137802186497,MAP_PMU,117,0.0021863598261535264
5,UPFC_tse,5-15,-2.1804193474374785,21,-2.1349751449363463,MAP_PMU,117,0.045444202501132125
0,x_tcsc,1-14,-0.14234405984365106,22,-0.1368052845748615,MAP_PMU,117,0.00553877526878957
1,B_svc,2,0.2889321843159474,22,0.2870556937323049,MAP_PMU,117,0.0018764905836425316
2,UPFC_Vsh,5-15,1.1053945268094523,22,1.1069375195749371,MAP_PMU,117,0.001542992765484863
3,UPFC_tsh,5-15,-0.22922481555571675,22,-0.22869827424353983,MAP_PMU,117,0.0005265413121769147
4,UPFC_Vse,5-15,0.06079741611847168,22,0.05842137802186497,MAP_PMU,117,0.0023760380966067057
5,UPFC_tse,5-15,-2.181179629808569,22,-2.1349751449363463,MAP_PMU,117,0.04620448487222273
0,x_tcsc,1-14,-0.1432059569075811,23,-0.1368052845748615,MAP_PMU,117,0.006400672332719598
1,B_svc,2,0.2890318331955237,23,0.2870556937323049,MAP_PMU,117,0.00197613946321884
2,UPFC_Vsh,5-15,1.1049331547793002,23,1.1069375195749371,MAP_PMU,117,0.002004364795636926
3,UPFC_tsh,5-15,-0.229270279465062,23,-0.22869827424353983,MAP_PMU,117,0.000572005221522176
4,UPFC_Vse,5-15,0.061345935293761505,23,0.05842137802186497,MAP_PMU,117,0.0029245572718965343
5,UPFC_tse,5-15,-2.1942234410141417,23,-2.1349751449363463,MAP_PMU,117,0.05924829607779536
0,x_tcsc,1-14,-0.14211098726950394,24,-0.1368052845748615,MAP_PMU,117,0.00530570269464245
1,B_svc,2,0.28878164887405194,24,0.2870556937323049,MAP_PMU,117,0.0017259551417470598
2,UPFC_Vsh,5-15,1.1056056650589137,24,1.1069375195749371,MAP_PMU,117,0.0013318545160234674
3,UPFC_tsh,5-15,-0.2291105871121186,24,-0.22869827424353983,MAP_PMU,117,0.0004123128685787625
4,UPFC_Vse,5-15,0.060575867582278044,24,0.05842137802186497,MAP_PMU,117,0.0021544895604130726
5,UPFC_tse,5-15,-2.179435975720956,24,-2.1349751449363463,MAP_PMU,117,0.044460830784609495
0,x_tcsc,1-14,-0.14227269892110625,25,-0.1368052845748615,MAP_PMU,117,0.005467414346244759
1,B_svc,2,0.2886680180881497,25,0.2870556937323049,MAP_PMU,117,0.0016123243558447964
2,UPFC_Vsh,5-15,1.1052816710863362,25,1.1069375195749371,MAP_PMU,117,0.0016558484886008973
3,UPFC_tsh,5-15,-0.22922397304049155,25,-0.22869827424353983,MAP_PMU,117,0.000525698796951718
4,UPFC_Vse,5-15,0.060939568642412456,25,0.05842137802186497,MAP_PMU,117,0.002518190620547485
5,UPFC_tse,5-15,-2.182321853015926,25,-2.1349751449363463,MAP_PMU,117,0.047346708079579525
0,x_tcsc,1-14,-0.14254641153341516,26,-0.1368052845748615,MAP_PMU,117,0.005741126958553666
1,B_svc,2,0.2890671226140057,26,0.2870556937323049,MAP_PMU,117,0.0020114288817008052
2,UPFC_Vsh,5-15,1.1052333698559804,26,1.1069375195749371,MAP_PMU,117,0.0017041497189567156
3,UPFC_tsh,5-15,-0.22921985619966306,26,-0.22869827424353983,MAP_PMU,117,0.0005215819561232293
4,UPFC_Vse,5-15,0.061196161176012766,26,0.05842137802186497,MAP_PMU,117,0.0027747831541477946
5,UPFC_tse,5-15,-2.195069261730992,26,-2.1349751449363463,MAP_PMU,117,0.060094116794645824
0,x_tcsc,1-14,-0.14278076400814785,27,-0.1368052845748615,MAP_PMU,117,0.005975479433286357
1,B_svc,2,0.289186567546191,27,0.2870556937323049,MAP_PMU,117,0.0021308738138861028
2,UPFC_Vsh,5-15,1.1048847039383798,27,1.1069375195749371,MAP_PMU,117,0.002052815636557348
3,UPFC_tsh,5-15,-0.22924889764671189,27,-0.22869827424353983,MAP_PMU,117,0.0005506234031720514
4,UPFC_Vse,5-15,0.06093342281453197,27,0.05842137802186497,MAP_PMU,117,0.0025120447926669995
5,UPFC_tse,5-15,-2.1821045335952967,27,-2.1349751449363463,MAP_PMU,117,0.04712938865895033
0,x_tcsc,1-14,-0.1428437364568753,28,-0.1368052845748615,MAP_PMU,117,0.006038451882013796
1,B_svc,2,0.28878769584342834,28,0.2870556937323049,MAP_PMU,117,0.001732002111123454
2,UPFC_Vsh,5-15,1.1053653477070755,28,1.1069375195749371,MAP_PMU,117,0.001572171867861627
3,UPFC_tsh,5-15,-0.22921585988499318,28,-0.22869827424353983,MAP_PMU,117,0.0005175856414533497
4,UPFC_Vse,5-15,0.06094142588368236,28,0.05842137802186497,MAP_PMU,117,0.0025200478618173858
5,UPFC_tse,5-15,-2.188709698014246,28,-2.1349751449363463,MAP_PMU,117,0.05373455307789987
0,x_tcsc,1-14,-0.14270830306811239,29,-0.1368052845748615,MAP_PMU,117,0.0059030184932508944
1,B_svc,2,0.28882734304831686,29,0.2870556937323049,MAP_PMU,117,0.0017716493160119806
2,UPFC_Vsh,5-15,1.1048485030957653,29,1.1069375195749371,MAP_PMU,117,0.0020890164791718124
3,UPFC_tsh,5-15,-0.2292398740623742,29,-0.22869827424353983,MAP_PMU,117,0.0005415998188343651
4,UPFC_Vse,5-15,0.061095880927438624,29,0.05842137802186497,MAP_PMU,117,0.002674502905573653
5,UPFC_tse,5-15,-2.1794346698757243,29,-2.1349751449363463,MAP_PMU,117,0.04445952493937799
0,x_tcsc,1-14,-0.14270020645639103,30,-0.1368052845748615,MAP_PMU,117,0.005894921881529541
1,B_svc,2,0.28819027202804487,30,0.2870556937323049,MAP_PMU,117,0.0011345782957399853
2,UPFC_Vsh,5-15,1.1050086213409978,30,1.1069375195749371,MAP_PMU,117,0.00192889823393938
3,UPFC_tsh,5-15,-0.2292011436266464,30,-0.22869827424353983,MAP_PMU,117,0.0005028693831065634
4,UPFC_Vse,5-15,0.060712977308188004,30,0.05842137802186497,MAP_PMU,117,0.002291599286323033
5,UPFC_tse,5-15,-2.173903918343308,30,-2.1349751449363463,MAP_PMU,117,0.03892877340696188
0,x_tcsc,1-14,-0.14230222161437286,31,-0.1368052845748615,MAP_PMU,117,0.005496937039511374
1,B_svc,2,0.2888034234020766,31,0.2870556937323049,MAP_PMU,117,0.0017477296697717137
2,UPFC_Vsh,5-15,1.105423655249661,31,1.1069375195749371,MAP_PMU,117,0.0015138643252761153
3,UPFC_tsh,5-15,-0.22917546509301212,31,-0.22869827424353983,MAP_PMU,117,0.0004771908494722865
4,UPFC_Vse,5-15,0.06097993777710757,31,0.05842137802186497,MAP_PMU,117,0.0025585597552425995
5,UPFC_tse,5-15,-2.190127969631286,31,-2.1349751449363463,MAP_PMU,117,0.05515282469493954
0,x_tcsc,1-14,-0.14326292582574637,32,-0.1368052845748615,MAP_PMU,117,0.006457641250884882
1,B_svc,2,0.2888351649826478,32,0.2870556937323049,MAP_PMU,117,0.00177947125034289
2,UPFC_Vsh,5-15,1.104681160062459,32,1.1069375195749371,MAP_PMU,117,0.0022563595124780456
3,UPFC_tsh,5-15,-0.22932932483191512,32,-0.22869827424353983,MAP_PMU,117,0.000631050588375287
4,UPFC_Vse,5-15,0.06098268608832347,32,0.05842137802186497,MAP_PMU,117,0.0025613080664584967
5,UPFC_tse,5-15,-2.20455670717587,32,-2.1349751449363463,MAP_PMU,117,0.06958156223952372
0,x_tcsc,1-14,-0.1426447931107651,33,-0.1368052845748615,MAP_PMU,117,0.00583950853590362
1,B_svc,2,0.28905958062964315,33,0.2870556937323049,MAP_PMU,117,0.0020038868973382695
2,UPFC_Vsh,5-15,1.105153668724991,33,1.1069375195749371,MAP_PMU,117,0.0017838508499461447
3,UPFC_tsh,5-15,-0.22924858221451738,33,-0.22869827424353983,MAP_PMU,117,0.0005503079709775482
4,UPFC_Vse,5-15,0.061066469294774835,33,0.05842137802186497,MAP_PMU,117,0.0026450912729098636
5,UPFC_tse,5-15,-2.190982351772431,33,-2.1349751449363463,MAP_PMU,117,0.056007206836084844
0,x_tcsc,1-14,-0.14306781223477932,34,-0.1368052845748615,MAP_PMU,117,0.0062625276599178326
1,B_svc,2,0.2882203755562833,34,0.2870556937323049,MAP_PMU,117,0.0011646818239784418
2,UPFC_Vsh,5-15,1.1049492858870134,34,1.1069375195749371,MAP_PMU,117,0.0019882336879237794
3,UPFC_tsh,5-15,-0.2292738114791872,34,-0.22869827424353983,MAP_PMU,117,0.0005755372356473776
4,UPFC_Vse,5-15,0.06118130054246527,34,0.05842137802186497,MAP_PMU,117,0.002759922520600297
5,UPFC_tse,5-15,-2.1937070029248082,34,-2.1349751449363463,MAP_PMU,117,0.05873185798846192
0,x_tcsc,1-14,-0.1421635270780343,35,-0.1368052845748615,MAP_PMU,117,0.005358242503172822
1,B_svc,2,0.28877164033385705,35,0.2870556937323049,MAP_PMU,117,0.0017159466015521652
2,UPFC_Vsh,5-15,1.1055204679687116,35,1.1069375195749371,MAP_PMU,117,0.0014170516062255167
3,UPFC_tsh,5-15,-0.2291454477629825,35,-0.22869827424353983,MAP_PMU,117,0.00044717351944267847
4,UPFC_Vse,5-15,0.06080731532364116,35,0.05842137802186497,MAP_PMU,117,0.002385937301776192
5,UPFC_tse,5-15,-2.184945996637532,35,-2.1349751449363463,MAP_PMU,117,0.04997085170118565
0,x_tcsc,1-14,-0.14175982211192512,36,-0.1368052845748615,MAP_PMU,117,0.004954537537063625
1,B_svc,2,0.2884293736919282,36,0.2870556937323049,MAP_PMU,117,0.0013736799596233418
2,UPFC_Vsh,5-15,1.1056043377046012,36,1.1069375195749371,MAP_PMU,117,0.001333181870335931
3,UPFC_tsh,5-15,-0.22911450569855066,36,-0.22869827424353983,MAP_PMU,117,0.0004162314550108237
4,UPFC_Vse,5-15,0.06089437532909453,36,0.05842137802186497,MAP_PMU,117,0.002472997307229559
5,UPFC_tse,5-15,-2.1836761243210465,36,-2.1349751449363463,MAP_PMU,117,0.048700979384700194
0,x_tcsc,1-14,-0.14219973600561062,37,-0.1368052845748615,MAP_PMU,117,0.005394451430749125
1,B_svc,2,0.2886114706502842,37,0.2870556937323049,MAP_PMU,117,0.0015557769179793124
2,UPFC_Vsh,5-15,1.1057540728136395,37,1.1069375195749371,MAP_PMU,117,0.0011834467612976685
3,UPFC_tsh,5-15,-0.2292128380679784,37,-0.22869827424353983,MAP_PMU,117,0.0005145638244385686
4,UPFC_Vse,5-15,0.060249051202034824,37,0.05842137802186497,MAP_PMU,117,0.0018276731801698531
5,UPFC_tse,5-15,-2.1859849804815363,37,-2.1349751449363463,MAP_PMU,117,0.05100983554519001
0,x_tcsc,1-14,-0.14253482487675154,38,-0.1368052845748615,MAP_PMU,117,0.005729540301890046
1,B_svc,2,0.2886148835214015,38,0.2870556937323049,MAP_PMU,117,0.0015591897890966377
2,UPFC_Vsh,5-15,1.1051178320539403,38,1.1069375195749371,MAP_PMU,117,0.0018196875209968155
3,UPFC_tsh,5-15,-0.22926641625426267,38,-0.22869827424353983,MAP_PMU,117,0.000568142010722833
4,UPFC_Vse,5-15,0.06117749512420243,38,0.05842137802186497,MAP_PMU,117,0.0027561171023374603
5,UPFC_tse,5-15,-2.1889429005903067,38,-2.1349751449363463,MAP_PMU,117,0.05396775565396039
0,x_tcsc,1-14,-0.14211170178472735,39,-0.1368052845748615,MAP_PMU,117,0.005306417209865855
1,B_svc,2,0.28905821924609476,39,0.2870556937323049,MAP_PMU,117,0.0020025255137898768
2,UPFC_Vsh,5-15,1.1056563856201187,39,1.1069375195749371,MAP_PMU,117,0.0012811339548184364
3,UPFC_tsh,5-15,-0.2291988683840165,39,-0.22869827424353983,MAP_PMU,117,0.0005005941404766789
4,UPFC_Vse,5-15,0.06092608397681422,39,0.05842137802186497,MAP_PMU,117,0.0025047059549492476
5,UPFC_tse,5-15,-2.1808338435531605,39,-2.1349751449363463,MAP_PMU,117,0.04585869861681413
0,x_tcsc,1-14,-0.14191625904753352,40,-0.1368052845748615,MAP_PMU,117,0.005110974472672031
1,B_svc,2,0.2885660820873369,40,0.2870556937323049,MAP_PMU,117,0.001510388355032033
2,UPFC_Vsh,5-15,1.1050406380895768,40,1.1069375195749371,MAP_PMU,117,0.00189688148536038
3,UPFC_tsh,5-15,-0.22919030287105402,40,-0.22869827424353983,MAP_PMU,117,0.000492028627514185
4,UPFC_Vse,5-15,0.06087179831885197,40,0.05842137802186497,MAP_PMU,117,0.0024504202969869993
5,UPFC_tse,5-15,-2.1867180420853596,40,-2.1349751449363463,MAP_PMU,117,0.051742897149013256
0,x_tcsc,1-14,-0.14298271150486302,41,-0.1368052845748615,MAP_PMU,117,0.006177426930001534
1,B_svc,2,0.28927497953749093,41,0.2870556937323049,MAP_PMU,117,0.0022192858051860442
2,UPFC_Vsh,5-15,1.1050434330342511,41,1.1069375195749371,MAP_PMU,117,0.001894086540686013
3,UPFC_tsh,5-15,-0.229241803451647,41,-0.22869827424353983,MAP_PMU,117,0.0005435292081071574
4,UPFC_Vse,5-15,0.06116915544650044,41,0.05842137802186497,MAP_PMU,117,0.0027477774246354655
5,UPFC_tse,5-15,-2.1864823015822425,41,-2.1349751449363463,MAP_PMU,117,0.051507156645896224
0,x_tcsc,1-14,-0.14256177186860408,42,-0.1368052845748615,MAP_PMU,117,0.00575648729374259
1,B_svc,2,0.2889192326892526,42,0.2870556937323049,MAP_PMU,117,0.0018635389569477412
2,UPFC_Vsh,5-15,1.104850338238288,42,1.1069375195749371,MAP_PMU,117,0.002087181336649202
3,UPFC_tsh,5-15,-0.22916735307087147,42,-0.22869827424353983,MAP_PMU,117,0.00046907882733163153
4,UPFC_Vse,5-15,0.061043571516496524,42,0.05842137802186497,MAP_PMU,117,0.002622193494631553
5,UPFC_tse,5-15,-2.188663323728504,42,-2.1349751449363463,MAP_PMU,117,0.053688178792157704
0,x_tcsc,1-14,-0.1422799391602876,43,-0.1368052845748615,MAP_PMU,117,0.00547465458542612
1,B_svc,2,0.2884453262655861,43,0.2870556937323049,MAP_PMU,117,0.0013896325332812265
2,UPFC_Vsh,5-15,1.1053302502909172,43,1.1069375195749371,MAP_PMU,117,0.0016072692840198854
3,UPFC_tsh,5-15,-0.2291714454080449,43,-0.22869827424353983,MAP_PMU,117,0.0004731711645050707
4,UPFC_Vse,5-15,0.060882404113470553,43,0.05842137802186497,MAP_PMU,117,0.0024610260916055823
5,UPFC_tse,5-15,-2.1752506021969564,43,-2.1349751449363463,MAP_PMU,117,0.040275457260610104
0,x_tcsc,1-14,-0.14238750139793085,44,-0.1368052845748615,MAP_PMU,117,0.005582216823069364
1,B_svc,2,0.2885481761735393,44,0.2870556937323049,MAP_PMU,117,0.0014924824412343995
2,UPFC_Vsh,5-15,1.1051478791130833,44,1.1069375195749371,MAP_PMU,117,0.0017896404618538142
3,UPFC_tsh,5-15,-0.22916128796733146,44,-0.22869827424353983,MAP_PMU,117,0.0004630137237916221
4,UPFC_Vse,5-15,0.06057566141113207,44,0.05842137802186497,MAP_PMU,117,0.0021542833892670976
5,UPFC_tse,5-15,-2.182554350101515,44,-2.1349751449363463,MAP_PMU,117,0.04757920516516867
0,x_tcsc,1-14,-0.14219996556120018,45,-0.1368052845748615,MAP_PMU,117,0.00539468098633869
1,B_svc,2,0.28861112370948594,45,0.2870556937323049,MAP_PMU,117,0.0015554299771810554
2,UPFC_Vsh,5-15,1.10571089196971,45,1.1069375195749371,MAP_PMU,117,0.0012266276052270708
3,UPFC_tsh,5-15,-0.22913556330239507,45,-0.22869827424353983,MAP_PMU,117,0.0004372890588552336
4,UPFC_Vse,5-15,0.06080689765789348,45,0.05842137802186497,MAP_PMU,117,0.0023855196360285102
5,UPFC_tse,5-15,-2.1794529623292664,45,-2.1349751449363463,MAP_PMU,117,0.044477817392920116
0,x_tcsc,1-14,-0.14226480424677077,46,-0.1368052845748615,MAP_PMU,117,0.005459519671909274
1,B_svc,2,0.2891370965603014,46,0.2870556937323049,MAP_PMU,117,0.0020814028279965147
2,UPFC_Vsh,5-15,1.1052133779484983,46,1.1069375195749371,MAP_PMU,117,0.0017241416264388576
3,UPFC_tsh,5-15,-0.22920909497273018,46,-0.22869827424353983,MAP_PMU,117,0.0005108207291903422
4,UPFC_Vse,5-15,0.06093462541050648,46,0.05842137802186497,MAP_PMU,117,0.002513247388641511
5,UPFC_tse,5-15,-2.180308880622928,46,-2.1349751449363463,MAP_PMU,117,0.04533373568658172
0,x_tcsc,1-14,-0.14229764099975387,47,-0.1368052845748615,MAP_PMU,117,0.005492356424892375
1,B_svc,2,0.2885591486856192,47,0.2870556937323049,MAP_PMU,117,0.0015034549533143315
2,UPFC_Vsh,5-15,1.1053906286822028,47,1.1069375195749371,MAP_PMU,117,0.0015468908927342984
3,UPFC_tsh,5-15,-0.2292343989888301,47,-0.22869827424353983,MAP_PMU,117,0.0005361247452902729
4,UPFC_Vse,5-15,0.06103943702318992,47,0.05842137802186497,MAP_PMU,117,0.002618059001324946
5,UPFC_tse,5-15,-2.1857118370778803,47,-2.1349751449363463,MAP_PMU,117,0.05073669214153398
0,x_tcsc,1-14,-0.14254862355548312,48,-0.1368052845748615,MAP_PMU,117,0.005743338980621626
1,B_svc,2,0.28867082072437544,48,0.2870556937323049,MAP_PMU,117,0.001615126992070559
2,UPFC_Vsh,5-15,1.1053014433716062,48,1.1069375195749371,MAP_PMU,117,0.0016360762033309495
3,UPFC_tsh,5-15,-0.2291821501199913,48,-0.22869827424353983,MAP_PMU,117,0.0004838758764514617
4,UPFC_Vse,5-15,0.06080018858739055,48,0.05842137802186497,MAP_PMU,117,0.00237881056552558
5,UPFC_tse,5-15,-2.1816090304144584,48,-2.1349751449363463,MAP_PMU,117,0.04663388547811209
0,x_tcsc,1-14,-0.14218610292989264,49,-0.1368052845748615,MAP_PMU,117,0.005380818355031153
1,B_svc,2,0.28826580657149425,49,0.2870556937323049,MAP_PMU,117,0.00121011283918937
2,UPFC_Vsh,5-15,1.1052968518152853,49,1.1069375195749371,MAP_PMU,117,0.0016406677596518815
3,UPFC_tsh,5-15,-0.2292438280924675,49,-0.22869827424353983,MAP_PMU,117,0.0005455538489276546
4,UPFC_Vse,5-15,0.061081513460354044,49,0.05842137802186497,MAP_PMU,117,0.0026601354384890724
5,UPFC_tse,5-15,-2.1973585331680203,49,-2.1349751449363463,MAP_PMU,117,0.062383388231674
0,x_tcsc,1-14,-0.14254856869957952,50,-0.1368052845748615,MAP_PMU,117,0.005743284124718029
1,B_svc,2,0.28850205810283347,50,0.2870556937323049,MAP_PMU,117,0.0014463643705285856
2,UPFC_Vsh,5-15,1.105261411719961,50,1.1069375195749371,MAP_PMU,117,0.0016761078549760722
3,UPFC_tsh,5-15,-0.2292680961322831,50,-0.22869827424353983,MAP_PMU,117,0.0005698218887432716
4,UPFC_Vse,5-15,0.061256720626513536,50,0.05842137802186497,MAP_PMU,117,0.002835342604648565
5,UPFC_tse,5-15,-2.1889440705649186,50,-2.1349751449363463,MAP_PMU,117,0.05396892562857225
0,x_tcsc,1-14,-0.14218329795257084,51,-0.1368052845748615,MAP_PMU,117,0.005378013377709351
1,B_svc,2,0.28860306217167914,51,0.2870556937323049,MAP_PMU,117,0.0015473684393742526
2,UPFC_Vsh,5-15,1.1054877682080162,51,1.1069375195749371,MAP_PMU,117,0.0014497513669209372
3,UPFC_tsh,5-15,-0.2291426657652065,51,-0.22869827424353983,MAP_PMU,117,0.0004443915216666705
4,UPFC_Vse,5-15,0.06077387888149882,51,0.05842137802186497,MAP_PMU,117,0.0023525008596338506
5,UPFC_tse,5-15,-2.1762536496695533,51,-2.1349751449363463,MAP_PMU,117,0.04127850473320693
0,x_tcsc,1-14,-0.14314914004330512,52,-0.1368052845748615,MAP_PMU,117,0.006343855468443627
1,B_svc,2,0.28894295263143943,52,0.2870556937323049,MAP_PMU,117,0.0018872588991345474
2,UPFC_Vsh,5-15,1.1048821954684558,52,1.1069375195749371,MAP_PMU,117,0.0020553241064813488
3,UPFC_tsh,5-15,-0.22934178369684743,52,-0.22869827424353983,MAP_PMU,117,0.0006435094533076002
4,UPFC_Vse,5-15,0.06122680919118552,52,0.05842137802186497,MAP_PMU,117,0.0028054311693205478
5,UPFC_tse,5-15,-2.1829203904511956,52,-2.1349751449363463,MAP_PMU,117,0.047945245514849244
0,x_tcsc,1-14,-0.14209799247685417,53,-0.1368052845748615,MAP_PMU,117,0.005292707901992683
1,B_svc,2,0.28938260937164517,53,0.2870556937323049,MAP_PMU,117,0.002326915639340288
2,UPFC_Vsh,5-15,1.105392330348415,53,1.1069375195749371,MAP_PMU,117,0.0015451892265221367
3,UPFC_tsh,5-15,-0.22924163201133807,53,-0.22869827424353983,MAP_PMU,117,0.000543357767798236
4,UPFC_Vse,5-15,0.061190649181522457,53,0.05842137802186497,MAP_PMU,117,0.0027692711596574854
5,UPFC_tse,5-15,-2.182824347302856,53,-2.1349751449363463,MAP_PMU,117,0.04784920236650958
0,x_tcsc,1-14,-0.1430904712221065,54,-0.1368052845748615,MAP_PMU,117,0.006285186647245006
1,B_svc,2,0.28922706229126166,54,0.2870556937323049,MAP_PMU,117,0.0021713685589567766
2,UPFC_Vsh,5-15,1.1048259364299868,54,1.1069375195749371,MAP_PMU,117,0.002111583144950302
3,UPFC_tsh,5-15,-0.22934170124900632,54,-0.22869827424353983,MAP_PMU,117,0.0006434270054664903
4,UPFC_Vse,5-15,0.06164303377651032,54,0.05842137802186497,MAP_PMU,117,0.00322165575464535
5,UPFC_tse,5-15,-2.1952848425390763,54,-2.1349751449363463,MAP_PMU,117,0.06030969760272997
0,x_tcsc,1-14,-0.14285281815899645,55,-0.1368052845748615,MAP_PMU,117,0.0060475335841349565
1,B_svc,2,0.2895481239778357,55,0.2870556937323049,MAP_PMU,117,0.002492430245530808
2,UPFC_Vsh,5-15,1.1053216216635968,55,1.1069375195749371,MAP_PMU,117,0.0016158979113403138
3,UPFC_tsh,5-15,-0.22920792986834523,55,-0.22869827424353983,MAP_PMU,117,0.0005096556248053996
4,UPFC_Vse,5-15,0.0611514772054763,55,0.05842137802186497,MAP_PMU,117,0.0027300991836113273
5,UPFC_tse,5-15,-2.1786873235593918,55,-2.1349751449363463,MAP_PMU,117,0.04371217862304544
0,x_tcsc,1-14,-0.1422390904636619,56,-0.1368052845748615,MAP_PMU,117,0.005433805888800408
1,B_svc,2,0.2888171856124584,56,0.2870556937323049,MAP_PMU,117,0.0017614918801535095
2,UPFC_Vsh,5-15,1.1054527066072717,56,1.1069375195749371,MAP_PMU,117,0.0014848129676654498
3,UPFC_tsh,5-15,-0.22918266525931824,56,-0.22869827424353983,MAP_PMU,117,0.00048439101577840704
4,UPFC_Vse,5-15,0.06117500145371541,56,0.05842137802186497,MAP_PMU,117,0.002753623431850441
5,UPFC_tse,5-15,-2.1759398094868487,56,-2.1349751449363463,MAP_PMU,117,0.040964664550502405
0,x_tcsc,1-14,-0.14216814628314123,57,-0.1368052845748615,MAP_PMU,117,0.005362861708279737
1,B_svc,2,0.2884134733504822,57,0.2870556937323049,MAP_PMU,117,0.0013577796181772905
2,UPFC_Vsh,5-15,1.1052242804883838,57,1.1069375195749371,MAP_PMU,117,0.0017132390865532976
3,UPFC_tsh,5-15,-0.22919930986152912,57,-0.22869827424353983,MAP_PMU,117,0.0005010356179892816
4,UPFC_Vse,5-15,0.06080712040035275,57,0.05842137802186497,MAP_PMU,117,0.002385742378487779
5,UPFC_tse,5-15,-2.1881346487739703,57,-2.1349751449363463,MAP_PMU,117,0.05315950383762402
0,x_tcsc,1-14,-0.14225864077133937,58,-0.1368052845748615,MAP_PMU,117,0.005453356196477882
1,B_svc,2,0.28889296572441436,58,0.2870556937323049,MAP_PMU,117,0.0018372719921094793
2,UPFC_Vsh,5-15,1.1054350652525904,58,1.1069375195749371,MAP_PMU,117,0.0015024543223467468
3,UPFC_tsh,5-15,-0.22908513402894723,58,-0.22869827424353983,MAP_PMU,117,0.0003868597854073952
4,UPFC_Vse,5-15,0.06088387863235147,58,0.05842137802186497,MAP_PMU,117,0.002462500610486501
5,UPFC_tse,5-15,-2.1779127615015526,58,-2.1349751449363463,MAP_PMU,117,0.04293761656520623
0,x_tcsc,1-14,-0.1422626469288342,59,-0.1368052845748615,MAP_PMU,117,0.005457362353972706
1,B_svc,2,0.28833542862889194,59,0.2870556937323049,MAP_PMU,117,0.0012797348965870592
2,UPFC_Vsh,5-15,1.1053098807218569,59,1.1069375195749371,MAP_PMU,117,0.00162763885308026
3,UPFC_tsh,5-15,-0.22922360416351328,59,-0.22869827424353983,MAP_PMU,117,0.0005253299199734496
4,UPFC_Vse,5-15,0.060850359488821226,59,0.05842137802186497,MAP_PMU,117,0.002428981466956255
5,UPFC_tse,5-15,-2.1774242476199372,59,-2.1349751449363463,MAP_PMU,117,0.04244910268359092
0,x_tcsc,1-14,-0.14232304178753502,60,-0.1368052845748615,MAP_PMU,117,0.00551775721267353
1,B_svc,2,0.28898162800627,60,0.2870556937323049,MAP_PMU,117,0.0019259342739650909
2,UPFC_Vsh,5-15,1.1051387090703195,60,1.1069375195749371,MAP_PMU,117,0.0017988105046176095
3,UPFC_tsh,5-15,-0.22925218575580267,60,-0.22869827424353983,MAP_PMU,117,0.0005539115122628335
4,UPFC_Vse,5-15,0.06105966853384321,60,0.05842137802186497,MAP_PMU,117,0.002638290511978239
5,UPFC_tse,5-15,-2.1847941698282383,60,-2.1349751449363463,MAP_PMU,117,0.04981902489189194
0,x_tcsc,1-14,-0.14195093477207837,61,-0.1368052845748615,MAP_PMU,117,0.005145650197216883
1,B_svc,2,0.2891081898000114,61,0.2870556937323049,MAP_PMU,117,0.002052496067706522
2,UPFC_Vsh,5-15,1.105632763351215,61,1.1069375195749371,MAP_PMU,117,0.001304756223722059
3,UPFC_tsh,5-15,-0.22913475748545145,61,-0.22869827424353983,MAP_PMU,117,0.00043648324191161714
4,UPFC_Vse,5-15,0.06069959584604858,61,0.05842137802186497,MAP_PMU,117,0.0022782178241836093
5,UPFC_tse,5-15,-2.175752573729734,61,-2.1349751449363463,MAP_PMU,117,0.04077742879338775
0,x_tcsc,1-14,-0.14271538838729517,62,-0.1368052845748615,MAP_PMU,117,0.005910103812433676
1,B_svc,2,0.2888439652002602,62,0.2870556937323049,MAP_PMU,117,0.0017882714679552936
2,UPFC_Vsh,5-15,1.1052281541025235,62,1.1069375195749371,MAP_PMU,117,0.0017093654724136265
3,UPFC_tsh,5-15,-0.22919418311574347,62,-0.22869827424353983,MAP_PMU,117,0.000495908872203632
4,UPFC_Vse,5-15,0.06077601632594147,62,0.05842137802186497,MAP_PMU,117,0.0023546383040764993
5,UPFC_tse,5-15,-2.1983955127574526,62,-2.1349751449363463,MAP_PMU,117,0.06342036782110627
0,x_tcsc,1-14,-0.14259974887947974,63,-0.1368052845748615,MAP_PMU,117,0.0057944643046182465
1,B_svc,2,0.2890104940736863,63,0.2870556937323049,MAP_PMU,117,0.001954800341381402
2,UPFC_Vsh,5-15,1.1052456075322918,63,1.1069375195749371,MAP_PMU,117,0.0016919120426452938
3,UPFC_tsh,5-15,-0.22926748217797024,63,-0.22869827424353983,MAP_PMU,117,0.0005692079344304102
4,UPFC_Vse,5-15,0.06064632562842955,63,0.05842137802186497,MAP_PMU,117,0.0022249476065645812
5,UPFC_tse,5-15,-2.186148773388172,63,-2.1349751449363463,MAP_PMU,117,0.051173628451825603
0,x_tcsc,1-14,-0.14240425537431067,64,-0.1368052845748615,MAP_PMU,117,0.005598970799449182
1,B_svc,2,0.28879466423606726,64,0.2870556937323049,MAP_PMU,117,0.0017389705037623715
2,UPFC_Vsh,5-15,1.1053244554872064,64,1.1069375195749371,MAP_PMU,117,0.0016130640877307645
3,UPFC_tsh,5-15,-0.2291766047953255,64,-0.22869827424353983,MAP_PMU,117,0.00047833055178567174
4,UPFC_Vse,5-15,0.06107942918347955,64,0.05842137802186497,MAP_PMU,117,0.0026580511616145774
5,UPFC_tse,5-15,-2.186640317769789,64,-2.1349751449363463,MAP_PMU,117,0.05166517283344252
0,x_tcsc,1-14,-0.14235352130845716,65,-0.1368052845748615,MAP_PMU,117,0.005548236733595668
1,B_svc,2,0.2887039165834229,65,0.2870556937323049,MAP_PMU,117,0.001648222851118042
2,UPFC_Vsh,5-15,1.1052598769924658,65,1.1069375195749371,MAP_PMU,117,0.0016776425824713836
3,UPFC_tsh,5-15,-0.22915230367240028,65,-0.22869827424353983,MAP_PMU,117,0.00045402942886044184
4,UPFC_Vse,5-15,0.0608698756658104,65,0.05842137802186497,MAP_PMU,117,0.0024484976439454256
5,UPFC_tse,5-15,-2.182275233331304,65,-2.1349751449363463,MAP_PMU,117,0.047300088394957474
0,x_tcsc,1-14,-0.1427861360114972,66,-0.1368052845748615,MAP_PMU,117,0.005980851436635709
1,B_svc,2,0.28879943339791186,66,0.2870556937323049,MAP_PMU,117,0.0017437396656069803
2,UPFC_Vsh,5-15,1.1051638912422768,66,1.1069375195749371,MAP_PMU,117,0.0017736283326603708
3,UPFC_tsh,5-15,-0.22921312009425854,66,-0.22869827424353983,MAP_PMU,117,0.0005148458507187037
4,UPFC_Vse,5-15,0.06099115335705679,66,0.05842137802186497,MAP_PMU,117,0.002569775335191822
5,UPFC_tse,5-15,-2.1804971695282855,66,-2.1349751449363463,MAP_PMU,117,0.045522024591939214
0,x_tcsc,1-14,-0.14263533618031762,67,-0.1368052845748615,MAP_PMU,117,0.0058300516054561324
1,B_svc,2,0.2892187554304826,67,0.2870556937323049,MAP_PMU,117,0.002163061698177704
2,UPFC_Vsh,5-15,1.1050594962139197,67,1.1069375195749371,MAP_PMU,117,0.001878023361017389
3,UPFC_tsh,5-15,-0.22926241810360953,67,-0.22869827424353983,MAP_PMU,117,0.0005641438600696991
4,UPFC_Vse,5-15,0.06130612460441725,67,0.05842137802186497,MAP_PMU,117,0.0028847465825522778
5,UPFC_tse,5-15,-2.1895316579428092,67,-2.1349751449363463,MAP_PMU,117,0.054556513006462914
0,x_tcsc,1-14,-0.14168125955849806,68,-0.1368052845748615,MAP_PMU,117,0.004875974983636566
1,B_svc,2,0.2891319343752887,68,0.2870556937323049,MAP_PMU,117,0.00207624064298384
2,UPFC_Vsh,5-15,1.1052574787105454,68,1.1069375195749371,MAP_PMU,117,0.0016800408643917741
3,UPFC_tsh,5-15,-0.22913258070776518,68,-0.22869827424353983,MAP_PMU,117,0.000434306464225348
4,UPFC_Vse,5-15,0.06097666038125154,68,0.05842137802186497,MAP_PMU,117,0.002555282359386568
5,UPFC_tse,5-15,-2.178394741228781,68,-2.1349751449363463,MAP_PMU,117,0.04341959629243464
0,x_tcsc,1-14,-0.14256694660047586,69,-0.1368052845748615,MAP_PMU,117,0.0057616620256143725
1,B_svc,2,0.2893129346250969,69,0.2870556937323049,MAP_PMU,117,0.0022572408927920007
2,UPFC_Vsh,5-15,1.1052729406677892,69,1.1069375195749371,MAP_PMU,117,0.0016645789071478845
3,UPFC_tsh,5-15,-0.2291697813357909,69,-0.22869827424353983,MAP_PMU,117,0.0004715070922510778
4,UPFC_Vse,5-15,0.06038028838411961,69,0.05842137802186497,MAP_PMU,117,0.001958910362254637
5,UPFC_tse,5-15,-2.1777233778469243,69,-2.1349751449363463,MAP_PMU,117,0.042748232910577943
0,x_tcsc,1-14,-0.14257126582928853,70,-0.1368052845748615,MAP_PMU,117,0.005765981254427038
1,B_svc,2,0.28931127050173183,70,0.2870556937323049,MAP_PMU,117,0.002255576769426948
2,UPFC_Vsh,5-15,1.1049410276488902,70,1.1069375195749371,MAP_PMU,117,0.001996491926046895
3,UPFC_tsh,5-15,-0.22926875484615594,70,-0.22869827424353983,MAP_PMU,117,0.000570480602616108
4,UPFC_Vse,5-15,0.060984450294730784,70,0.05842137802186497,MAP_PMU,117,0.002563072272865813
5,UPFC_tse,5-15,-2.1823341575248496,70,-2.1349751449363463,MAP_PMU,117,0.04735901258850328
0,x_tcsc,1-14,-0.1432837012174413,71,-0.1368052845748615,MAP_PMU,117,0.0064784166425798095
1,B_svc,2,0.2886894590308155,71,0.2870556937323049,MAP_PMU,117,0.0016337652985106144
2,UPFC_Vsh,5-15,1.104832598646777,71,1.1069375195749371,MAP_PMU,117,0.002104920928160059
3,UPFC_tsh,5-15,-0.22924673173596188,71,-0.22869827424353983,MAP_PMU,117,0.0005484574924220498
4,UPFC_Vse,5-15,0.06072064891797682,71,0.05842137802186497,MAP_PMU,117,0.0022992708961118505
5,UPFC_tse,5-15,-2.19754656411659,71,-2.1349751449363463,MAP_PMU,117,0.06257141918024356
0,x_tcsc,1-14,-0.14188617263867245,72,-0.1368052845748615,MAP_PMU,117,0.005080888063810962
1,B_svc,2,0.288644920486357,72,0.2870556937323049,MAP_PMU,117,0.0015892267540520977
2,UPFC_Vsh,5-15,1.1056477475790945,72,1.1069375195749371,MAP_PMU,117,0.0012897719958426812
3,UPFC_tsh,5-15,-0.2291670459795442,72,-0.22869827424353983,MAP_PMU,117,0.00046877173600437527
4,UPFC_Vse,5-15,0.06046027578443137,72,0.05842137802186497,MAP_PMU,117,0.0020388977625663968
5,UPFC_tse,5-15,-2.1804552801852224,72,-2.1349751449363463,MAP_PMU,117,0.045480135248876064
0,x_tcsc,1-14,-0.14284533864060306,73,-0.1368052845748615,MAP_PMU,117,0.006040054065741568
1,B_svc,2,0.288506355368659,73,0.2870556937323049,MAP_PMU,117,0.0014506616363541003
2,UPFC_Vsh,5-15,1.1048351729320007,73,1.1069375195749371,MAP_PMU,117,0.0021023466429364035
3,UPFC_tsh,5-15,-0.22929041138849227,73,-0.22869827424353983,MAP_PMU,117,0.0005921371449524315
4,UPFC_Vse,5-15,0.06139158385436999,73,0.05842137802186497,MAP_PMU,117,0.00297020583250502
5,UPFC_tse,5-15,-2.192967761958454,73,-2.1349751449363463,MAP_PMU,117,0.05799261702210767
0,x_tcsc,1-14,-0.14227602387608054,74,-0.1368052845748615,MAP_PMU,117,0.005470739301219052
1,B_svc,2,0.2889310775695808,74,0.2870556937323049,MAP_PMU,117,0.0018753838372759235
2,UPFC_Vsh,5-15,1.104966712498884,74,1.1069375195749371,MAP_PMU,117,0.001970807076053127
3,UPFC_tsh,5-15,-0.2292147989273968,74,-0.22869827424353983,MAP_PMU,117,0.0005165246838569615
4,UPFC_Vse,5-15,0.06130645281111977,74,0.05842137802186497,MAP_PMU,117,0.0028850747892548018
5,UPFC_tse,5-15,-2.1871845262646756,74,-2.1349751449363463,MAP_PMU,117,0.05220938132832931
0,x_tcsc,1-14,-0.14243509563151646,75,-0.1368052845748615,MAP_PMU,117,0.005629811056654971
1,B_svc,2,0.28941299408374244,75,0.2870556937323049,MAP_PMU,117,0.0023573003514375523
2,UPFC_Vsh,5-15,1.1054016030896259,75,1.1069375195749371,MAP_PMU,117,0.0015359164853112617
3,UPFC_tsh,5-15,-0.22918731832763223,75,-0.22869827424353983,MAP_PMU,117,0.0004890440840923937
4,UPFC_Vse,5-15,0.06070817433372526,75,0.05842137802186497,MAP_PMU,117,0.0022867963118602883
5,UPFC_tse,5-15,-2.1816396446395117,75,-2.1349751449363463,MAP_PMU,117,0.04666449970316533
0,x_tcsc,1-14,-0.14224887348655949,76,-0.1368052845748615,MAP_PMU,117,0.005443588911697994
1,B_svc,2,0.28917680554915554,76,0.2870556937323049,MAP_PMU,117,0.0021211118168506515
2,UPFC_Vsh,5-15,1.1051184323731151,76,1.1069375195749371,MAP_PMU,117,0.0018190872018220006
3,UPFC_tsh,5-15,-0.22927003167870288,76,-0.22869827424353983,MAP_PMU,117,0.0005717574351630506
4,UPFC_Vse,5-15,0.061516831678827655,76,0.05842137802186497,MAP_PMU,117,0.0030954536569626837
5,UPFC_tse,5-15,-2.1876586023147966,76,-2.1349751449363463,MAP_PMU,117,0.05268345737845026
0,x_tcsc,1-14,-0.1428731038585277,77,-0.1368052845748615,MAP_PMU,117,0.006067819283666204
1,B_svc,2,0.28921547120758323,77,0.2870556937323049,MAP_PMU,117,0.002159777475278346
2,UPFC_Vsh,5-15,1.1050331565730234,77,1.1069375195749371,MAP_PMU,117,0.001904363001913767
3,UPFC_tsh,5-15,-0.22928728029767165,77,-0.22869827424353983,MAP_PMU,117,0.0005890060541318132
4,UPFC_Vse,5-15,0.06118785006718547,77,0.05842137802186497,MAP_PMU,117,0.0027664720453204963
5,UPFC_tse,5-15,-2.183501615914625,77,-2.1349751449363463,MAP_PMU,117,0.04852647097827889
0,x_tcsc,1-14,-0.14226460566923388,78,-0.1368052845748615,MAP_PMU,117,0.005459321094372388
1,B_svc,2,0.2887249720769025,78,0.2870556937323049,MAP_PMU,117,0.0016692783445976245
2,UPFC_Vsh,5-15,1.105494491874185,78,1.1069375195749371,MAP_PMU,117,0.0014430277007522196
3,UPFC_tsh,5-15,-0.22916027772597614,78,-0.22869827424353983,MAP_PMU,117,0.00046200348243630174
4,UPFC_Vse,5-15,0.06095172065676809,78,0.05842137802186497,MAP_PMU,117,0.002530342634903121
5,UPFC_tse,5-15,-2.1843606588334983,78,-2.1349751449363463,MAP_PMU,117,0.049385513897151956
0,x_tcsc,1-14,-0.14266885925006023,79,-0.1368052845748615,MAP_PMU,117,0.0058635746751987405
1,B_svc,2,0.2887305211361166,79,0.2870556937323049,MAP_PMU,117,0.0016748274038116961
2,UPFC_Vsh,5-15,1.1054108824104534,79,1.1069375195749371,MAP_PMU,117,0.0015266371644837573
3,UPFC_tsh,5-15,-0.22922813609365017,79,-0.22869827424353983,MAP_PMU,117,0.0005298618501103358
4,UPFC_Vse,5-15,0.06055211351183614,79,0.05842137802186497,MAP_PMU,117,0.0021307354899711695
5,UPFC_tse,5-15,-2.1915291786921127,79,-2.1349751449363463,MAP_PMU,117,0.0565540337557664
0,x_tcsc,1-14,-0.1430483641944548,80,-0.1368052845748615,MAP_PMU,117,0.006243079619593306
1,B_svc,2,0.28857938751719814,80,0.2870556937323049,MAP_PMU,117,0.0015236937848932541
2,UPFC_Vsh,5-15,1.1049670650643888,80,1.1069375195749371,MAP_PMU,117,0.001970454510548336
3,UPFC_tsh,5-15,-0.2291884272821807,80,-0.22869827424353983,MAP_PMU,117,0.0004901530386408615
4,UPFC_Vse,5-15,0.06088898064011745,80,0.05842137802186497,MAP_PMU,117,0.0024676026182524763
5,UPFC_tse,5-15,-2.1846961946329526,80,-2.1349751449363463,MAP_PMU,117,0.04972104969660629
0,x_tcsc,1-14,-0.14193805001663878,81,-0.1368052845748615,MAP_PMU,117,0.005132765441777293
1,B_svc,2,0.2883364553812607,81,0.2870556937323049,MAP_PMU,117,0.0012807616489557971
2,UPFC_Vsh,5-15,1.1058074830707771,81,1.1069375195749371,MAP_PMU,117,0.0011300365041599925
3,UPFC_tsh,5-15,-0.22914597264590034,81,-0.22869827424353983,MAP_PMU,117,0.0004476984023605024
4,UPFC_Vse,5-15,0.061009002269536344,81,0.05842137802186497,MAP_PMU,117,0.002587624247671373
5,UPFC_tse,5-15,-2.162046386165996,81,-2.1349751449363463,MAP_PMU,117,0.02707124122964988
0,x_tcsc,1-14,-0.14269233567114695,82,-0.1368052845748615,MAP_PMU,117,0.005887051096285456
1,B_svc,2,0.2885402571686431,82,0.2870556937323049,MAP_PMU,117,0.0014845634363382376
2,UPFC_Vsh,5-15,1.1050652715812996,82,1.1069375195749371,MAP_PMU,117,0.0018722479936374992
3,UPFC_tsh,5-15,-0.22921074605898542,82,-0.22869827424353983,MAP_PMU,117,0.0005124718154455865
4,UPFC_Vse,5-15,0.060596390297028284,82,0.05842137802186497,MAP_PMU,117,0.0021750122751633127
5,UPFC_tse,5-15,-2.1815447330405258,82,-2.1349751449363463,MAP_PMU,117,0.04656958810417944
0,x_tcsc,1-14,-0.14256246424810912,83,-0.1368052845748615,MAP_PMU,117,0.0057571796732476255
1,B_svc,2,0.2891543411835521,83,0.2870556937323049,MAP_PMU,117,0.0020986474512472153
2,UPFC_Vsh,5-15,1.1052796858850733,83,1.1069375195749371,MAP_PMU,117,0.0016578336898638302
3,UPFC_tsh,5-15,-0.22922815385381395,83,-0.22869827424353983,MAP_PMU,117,0.0005298796102741199
4,UPFC_Vse,5-15,0.06118422090899148,83,0.05842137802186497,MAP_PMU,117,0.0027628428871265057
5,UPFC_tse,5-15,-2.18359241707847,83,-2.1349751449363463,MAP_PMU,117,0.048617272142123635
0,x_tcsc,1-14,-0.14250550781958485,84,-0.1368052845748615,MAP_PMU,117,0.005700223244723357
1,B_svc,2,0.2888330811276337,84,0.2870556937323049,MAP_PMU,117,0.0017773873953287889
2,UPFC_Vsh,5-15,1.1055603091184902,84,1.1069375195749371,MAP_PMU,117,0.0013772104564468979
3,UPFC_tsh,5-15,-0.22912460692373438,84,-0.22869827424353983,MAP_PMU,117,0.00042633268019454107
4,UPFC_Vse,5-15,0.06072086080843171,84,0.05842137802186497,MAP_PMU,117,0.002299482786566741
5,UPFC_tse,5-15,-2.1765340689994197,84,-2.1349751449363463,MAP_PMU,117,0.04155892406307338
0,x_tcsc,1-14,-0.14247041429076787,85,-0.1368052845748615,MAP_PMU,117,0.005665129715906381
1,B_svc,2,0.2886736970645285,85,0.2870556937323049,MAP_PMU,117,0.0016180033322236165
2,UPFC_Vsh,5-15,1.105304192953343,85,1.1069375195749371,MAP_PMU,117,0.001633326621594211
3,UPFC_tsh,5-15,-0.22917966315215443,85,-0.22869827424353983,MAP_PMU,117,0.0004813889086145995
4,UPFC_Vse,5-15,0.060961801137864105,85,0.05842137802186497,MAP_PMU,117,0.002540423115999134
5,UPFC_tse,5-15,-2.184045113258996,85,-2.1349751449363463,MAP_PMU,117,0.04906996832264987
0,x_tcsc,1-14,-0.14199632039233528,86,-0.1368052845748615,MAP_PMU,117,0.005191035817473794
1,B_svc,2,0.2885012481481394,86,0.2870556937323049,MAP_PMU,117,0.0014455544158344935
2,UPFC_Vsh,5-15,1.1053824545314201,86,1.1069375195749371,MAP_PMU,117,0.00155506504351699
3,UPFC_tsh,5-15,-0.22918854897236457,86,-0.22869827424353983,MAP_PMU,117,0.0004902747288247356
4,UPFC_Vse,5-15,0.061215757204752794,86,0.05842137802186497,MAP_PMU,117,0.0027943791828878226
5,UPFC_tse,5-15,-2.1878026663005943,86,-2.1349751449363463,MAP_PMU,117,0.052827521364247954
0,x_tcsc,1-14,-0.14245127182448747,87,-0.1368052845748615,MAP_PMU,117,0.005645987249625978
1,B_svc,2,0.28856888854312807,87,0.2870556937323049,MAP_PMU,117,0.0015131948108231819
2,UPFC_Vsh,5-15,1.1052281118291047,87,1.1069375195749371,MAP_PMU,117,0.001709407745832392
3,UPFC_tsh,5-15,-0.22915118636351758,87,-0.22869827424353983,MAP_PMU,117,0.0004529121199777497
4,UPFC_Vse,5-15,0.06082856866945919,87,0.05842137802186497,MAP_PMU,117,0.002407190647594218
5,UPFC_tse,5-15,-2.182332218694916,87,-2.1349751449363463,MAP_PMU,117,0.04735707375856979
0,x_tcsc,1-14,-0.14278218627949396,88,-0.1368052845748615,MAP_PMU,117,0.00597690170463247
1,B_svc,2,0.288322729373202,88,0.2870556937323049,MAP_PMU,117,0.0012670356408971406
2,UPFC_Vsh,5-15,1.1053607161069396,88,1.1069375195749371,MAP_PMU,117,0.0015768034679974896
3,UPFC_tsh,5-15,-0.2292073648413166,88,-0.22869827424353983,MAP_PMU,117,0.0005090905977767624
4,UPFC_Vse,5-15,0.06029173844451392,88,0.05842137802186497,MAP_PMU,117,0.001870360422648952
5,UPFC_tse,5-15,-2.184531764423097,88,-2.1349751449363463,MAP_PMU,117,0.04955661948675072
0,x_tcsc,1-14,-0.1420584744407337,89,-0.1368052845748615,MAP_PMU,117,0.005253189865872199
1,B_svc,2,0.28835692190168577,89,0.2870556937323049,MAP_PMU,117,0.0013012281693808858
2,UPFC_Vsh,5-15,1.1056724177205774,89,1.1069375195749371,MAP_PMU,117,0.0012651018543596848
3,UPFC_tsh,5-15,-0.22913959064466008,89,-0.22869827424353983,MAP_PMU,117,0.0004413164011202453
4,UPFC_Vse,5-15,0.06049533346325478,89,0.05842137802186497,MAP_PMU,117,0.002073955441389809
5,UPFC_tse,5-15,-2.1818739497210777,89,-2.1349751449363463,MAP_PMU,117,0.04689880478473141
0,x_tcsc,1-14,-0.14229626935292808,90,-0.1368052845748615,MAP_PMU,117,0.005490984778066588
1,B_svc,2,0.2893268418130817,90,0.2870556937323049,MAP_PMU,117,0.0022711480807768303
2,UPFC_Vsh,5-15,1.1050871387704475,90,1.1069375195749371,MAP_PMU,117,0.0018503808044896264
3,UPFC_tsh,5-15,-0.2291664440433311,90,-0.22869827424353983,MAP_PMU,117,0.00046816979979127926
4,UPFC_Vse,5-15,0.06044408389843627,90,0.05842137802186497,MAP_PMU,117,0.0020227058765713013
5,UPFC_tse,5-15,-2.184188402322027,90,-2.1349751449363463,MAP_PMU,117,0.04921325738568072
0,x_tcsc,1-14,-0.1424486672259391,91,-0.1368052845748615,MAP_PMU,117,0.005643382651077611
1,B_svc,2,0.28846397371894206,91,0.2870556937323049,MAP_PMU,117,0.0014082799866371731
2,UPFC_Vsh,5-15,1.1050238520714357,91,1.1069375195749371,MAP_PMU,117,0.001913667503501415
3,UPFC_tsh,5-15,-0.22922727664734485,91,-0.22869827424353983,MAP_PMU,117,0.0005290024038050178
4,UPFC_Vse,5-15,0.06126554750929314,91,0.05842137802186497,MAP_PMU,117,0.002844169487428168
5,UPFC_tse,5-15,-2.186397251416907,91,-2.1349751449363463,MAP_PMU,117,0.05142210648056089
0,x_tcsc,1-14,-0.14221441519272932,92,-0.1368052845748615,MAP_PMU,117,0.0054091306178678245
1,B_svc,2,0.28859802347054003,92,0.2870556937323049,MAP_PMU,117,0.0015423297382351486
2,UPFC_Vsh,5-15,1.1056400747003414,92,1.1069375195749371,MAP_PMU,117,0.0012974448745957101
3,UPFC_tsh,5-15,-0.22909779908562353,92,-0.22869827424353983,MAP_PMU,117,0.00039952484208369277
4,UPFC_Vse,5-15,0.06080964071982626,92,0.05842137802186497,MAP_PMU,117,0.002388262697961288
5,UPFC_tse,5-15,-2.168857569579822,92,-2.1349751449363463,MAP_PMU,117,0.033882424643475684
0,x_tcsc,1-14,-0.14324120406438343,93,-0.1368052845748615,MAP_PMU,117,0.006435919489521935
1,B_svc,2,0.2886710792491444,93,0.2870556937323049,MAP_PMU,117,0.0016153855168395403
2,UPFC_Vsh,5-15,1.1047666096893811,93,1.1069375195749371,MAP_PMU,117,0.002170909885556016
3,UPFC_tsh,5-15,-0.22927266994224874,93,-0.22869827424353983,MAP_PMU,117,0.0005743956987089016
4,UPFC_Vse,5-15,0.06145154610184179,93,0.05842137802186497,MAP_PMU,117,0.0030301680799768166
5,UPFC_tse,5-15,-2.185497816016219,93,-2.1349751449363463,MAP_PMU,117,0.050522671079872516
0,x_tcsc,1-14,-0.14249483459756362,94,-0.1368052845748615,MAP_PMU,117,0.005689550022702133
1,B_svc,2,0.2886572362054131,94,0.2870556937323049,MAP_PMU,117,0.0016015424731082306
2,UPFC_Vsh,5-15,1.1049161638719038,94,1.1069375195749371,MAP_PMU,117,0.0020213557030333007
3,UPFC_tsh,5-15,-0.22925629471251327,94,-0.22869827424353983,MAP_PMU,117,0.0005580204689734358
4,UPFC_Vse,5-15,0.06065560481913596,94,0.05842137802186497,MAP_PMU,117,0.002234226797270991
5,UPFC_tse,5-15,-2.183294951908513,94,-2.1349751449363463,MAP_PMU,117,0.048319806972166646
0,x_tcsc,1-14,-0.14249035726410955,95,-0.1368052845748615,MAP_PMU,117,0.005685072689248061
1,B_svc,2,0.28856480116671945,95,0.2870556937323049,MAP_PMU,117,0.0015091074344145694
2,UPFC_Vsh,5-15,1.1053406338444758,95,1.1069375195749371,MAP_PMU,117,0.0015968857304613504
3,UPFC_tsh,5-15,-0.2292140504317372,95,-0.22869827424353983,MAP_PMU,117,0.0005157761881973699
4,UPFC_Vse,5-15,0.06089387739871163,95,0.05842137802186497,MAP_PMU,117,0.002472499376846661
5,UPFC_tse,5-15,-2.178636041556398,95,-2.1349751449363463,MAP_PMU,117,0.04366089662005157
0,x_tcsc,1-14,-0.14236248024977202,96,-0.1368052845748615,MAP_PMU,117,0.005557195674910531
1,B_svc,2,0.28914086622144747,96,0.2870556937323049,MAP_PMU,117,0.002085172489142584
2,UPFC_Vsh,5-15,1.1046594622616577,96,1.1069375195749371,MAP_PMU,117,0.002278057313279458
3,UPFC_tsh,5-15,-0.22923414824459834,96,-0.22869827424353983,MAP_PMU,117,0.0005358740010585061
4,UPFC_Vse,5-15,0.06094691909621277,96,0.05842137802186497,MAP_PMU,117,0.002525541074347798
5,UPFC_tse,5-15,-2.192856588066259,96,-2.1349751449363463,MAP_PMU,117,0.057881443129912835
0,x_tcsc,1-14,-0.1426655687813554,97,-0.1368052845748615,MAP_PMU,117,0.005860284206493899
1,B_svc,2,0.28891460386155027,97,0.2870556937323049,MAP_PMU,117,0.0018589101292453836
2,UPFC_Vsh,5-15,1.1048104373610332,97,1.1069375195749371,MAP_PMU,117,0.002127082213903897
3,UPFC_tsh,5-15,-0.22930659403905748,97,-0.22869827424353983,MAP_PMU,117,0.0006083197955176478
4,UPFC_Vse,5-15,0.06089907800668912,97,0.05842137802186497,MAP_PMU,117,0.0024776999848241457
5,UPFC_tse,5-15,-2.1954488552868,97,-2.1349751449363463,MAP_PMU,117,0.06047371035045357
0,x_tcsc,1-14,-0.14235816989171984,98,-0.1368052845748615,MAP_PMU,117,0.0055528853168583525
1,B_svc,2,0.28874197556569353,98,0.2870556937323049,MAP_PMU,117,0.0016862818333886476
2,UPFC_Vsh,5-15,1.1056230681716104,98,1.1069375195749371,MAP_PMU,117,0.0013144514033267551
3,UPFC_tsh,5-15,-0.22918486814039013,98,-0.22869827424353983,MAP_PMU,117,0.00048659389685029586
4,UPFC_Vse,5-15,0.06069857095786392,98,0.05842137802186497,MAP_PMU,117,0.0022771929359989493
5,UPFC_tse,5-15,-2.180606272790291,98,-2.1349751449363463,MAP_PMU,117,0.04563112785394452
0,x_tcsc,1-14,-0.14212598757090025,99,-0.1368052845748615,MAP_PMU,117,0.005320702996038762
1,B_svc,2,0.2885988305737532,99,0.2870556937323049,MAP_PMU,117,0.0015431368414483004
2,UPFC_Vsh,5-15,1.1053152375636,99,1.1069375195749371,MAP_PMU,117,0.0016222820113371839
3,UPFC_tsh,5-15,-0.22918039351450453,99,-0.22869827424353983,MAP_PMU,117,0.0004821192709646982
4,UPFC_Vse,5-15,0.06088219642594934,99,0.05842137802186497,MAP_PMU,117,0.0024608184040843667
5,UPFC_tse,5-15,-2.176392126686083,99,-2.1349751449363463,MAP_PMU,117,0.041416981749736514
0,x_tcsc,1-14,-0.14310681427627156,0,-0.13661769123123776,MAP_PMU,119,0.0064891230450337956
1,B_svc,2,0.28725845982029713,0,0.2855746346746997,MAP_PMU,119,0.0016838251455974507
2,UPFC_Vsh,5-15,1.1050105522959424,0,1.1057641959097058,MAP_PMU,119,0.0007536436137633995
3,UPFC_tsh,5-15,-0.22859574587504727,0,-0.2281284311092331,MAP_PMU,119,0.0004673147658141863
4,UPFC_Vse,5-15,0.061326836727336756,0,0.06021542330505817,MAP_PMU,119,0.0011114134222785857
5,UPFC_tse,5-15,-2.1889982277053583,0,-2.149220411745121,MAP_PMU,119,0.03977781596023755
0,x_tcsc,1-14,-0.1423617677402341,1,-0.13661769123123776,MAP_PMU,119,0.005744076508996332
1,B_svc,2,0.2874491430849023,1,0.2855746346746997,MAP_PMU,119,0.0018745084102026466
2,UPFC_Vsh,5-15,1.1049633560357852,1,1.1057641959097058,MAP_PMU,119,0.0008008398739205447
3,UPFC_tsh,5-15,-0.22861916830281329,1,-0.2281284311092331,MAP_PMU,119,0.0004907371935801985
4,UPFC_Vse,5-15,0.06186794717260985,1,0.06021542330505817,MAP_PMU,119,0.0016525238675516793
5,UPFC_tse,5-15,-2.1812254152200583,1,-2.149220411745121,MAP_PMU,119,0.03200500347493751
0,x_tcsc,1-14,-0.14213657674859417,2,-0.13661769123123776,MAP_PMU,119,0.005518885517356409
1,B_svc,2,0.28709483794745616,2,0.2855746346746997,MAP_PMU,119,0.0015202032727564818
2,UPFC_Vsh,5-15,1.105254842403636,2,1.1057641959097058,MAP_PMU,119,0.0005093535060698429
3,UPFC_tsh,5-15,-0.228599266283826,2,-0.2281284311092331,MAP_PMU,119,0.00047083517459292623
4,UPFC_Vse,5-15,0.061867080269463255,2,0.06021542330505817,MAP_PMU,119,0.001651656964405085
5,UPFC_tse,5-15,-2.1780292776397654,2,-2.149220411745121,MAP_PMU,119,0.028808865894644597
0,x_tcsc,1-14,-0.1419167906709968,3,-0.13661769123123776,MAP_PMU,119,0.005299099439759036
1,B_svc,2,0.2876384076743922,3,0.2855746346746997,MAP_PMU,119,0.0020637729996925147
2,UPFC_Vsh,5-15,1.1053802157975674,3,1.1057641959097058,MAP_PMU,119,0.00038398011213836014
3,UPFC_tsh,5-15,-0.22863841652447608,3,-0.2281284311092331,MAP_PMU,119,0.0005099854152429972
4,UPFC_Vse,5-15,0.06173749129313991,3,0.06021542330505817,MAP_PMU,119,0.0015220679880817364
5,UPFC_tse,5-15,-2.1900646201135925,3,-2.149220411745121,MAP_PMU,119,0.04084420836847169
0,x_tcsc,1-14,-0.14207795241956578,4,-0.13661769123123776,MAP_PMU,119,0.005460261188328014
1,B_svc,2,0.28808602498296887,4,0.2855746346746997,MAP_PMU,119,0.00251139030826919
2,UPFC_Vsh,5-15,1.1053448355188706,4,1.1057641959097058,MAP_PMU,119,0.0004193603908351218
3,UPFC_tsh,5-15,-0.2285671590798155,4,-0.2281284311092331,MAP_PMU,119,0.00043872797058241986
4,UPFC_Vse,5-15,0.061259793242297626,4,0.06021542330505817,MAP_PMU,119,0.001044369937239456
5,UPFC_tse,5-15,-2.1808150768393784,4,-2.149220411745121,MAP_PMU,119,0.03159466509425757
0,x_tcsc,1-14,-0.14236228116319247,5,-0.13661769123123776,MAP_PMU,119,0.005744589931954702
1,B_svc,2,0.2870335107242936,5,0.2855746346746997,MAP_PMU,119,0.001458876049593938
2,UPFC_Vsh,5-15,1.1053662784914298,5,1.1057641959097058,MAP_PMU,119,0.0003979174182759948
3,UPFC_tsh,5-15,-0.22861969264551413,5,-0.2281284311092331,MAP_PMU,119,0.0004912615362810402
4,UPFC_Vse,5-15,0.0617705949969307,5,0.06021542330505817,MAP_PMU,119,0.0015551716918725325
5,UPFC_tse,5-15,-2.1887146736851526,5,-2.149220411745121,MAP_PMU,119,0.039494261940031805
0,x_tcsc,1-14,-0.14188599118234896,6,-0.13661769123123776,MAP_PMU,119,0.005268299951111194
1,B_svc,2,0.2872427552250057,6,0.2855746346746997,MAP_PMU,119,0.0016681205503060181
2,UPFC_Vsh,5-15,1.1053862664619385,6,1.1057641959097058,MAP_PMU,119,0.0003779294477672668
3,UPFC_tsh,5-15,-0.22859184780598144,6,-0.2281284311092331,MAP_PMU,119,0.00046341669674834773
4,UPFC_Vse,5-15,0.06103019610898102,6,0.06021542330505817,MAP_PMU,119,0.0008147728039228502
5,UPFC_tse,5-15,-2.17769814688109,6,-2.149220411745121,MAP_PMU,119,0.028477735135969073
0,x_tcsc,1-14,-0.1416858278195039,7,-0.13661769123123776,MAP_PMU,119,0.005068136588266131
1,B_svc,2,0.2872664482680319,7,0.2855746346746997,MAP_PMU,119,0.0016918135933322032
2,UPFC_Vsh,5-15,1.1059214867305476,7,1.1057641959097058,MAP_PMU,119,0.00015729082084181556
3,UPFC_tsh,5-15,-0.22851197243320592,7,-0.2281284311092331,MAP_PMU,119,0.0003835413239728358
4,UPFC_Vse,5-15,0.06112381913254115,7,0.06021542330505817,MAP_PMU,119,0.0009083958274829773
5,UPFC_tse,5-15,-2.1774490326236937,7,-2.149220411745121,MAP_PMU,119,0.02822862087857292
0,x_tcsc,1-14,-0.1418348617927806,8,-0.13661769123123776,MAP_PMU,119,0.005217170561542833
1,B_svc,2,0.2873399021190388,8,0.2855746346746997,MAP_PMU,119,0.0017652674443391358
2,UPFC_Vsh,5-15,1.1055002972355792,8,1.1057641959097058,MAP_PMU,119,0.00026389867412657253
3,UPFC_tsh,5-15,-0.228551444828936,8,-0.2281284311092331,MAP_PMU,119,0.00042301371970290824
4,UPFC_Vse,5-15,0.06115629944292287,8,0.06021542330505817,MAP_PMU,119,0.000940876137864699
5,UPFC_tse,5-15,-2.1695781285341633,8,-2.149220411745121,MAP_PMU,119,0.020357716789042524
0,x_tcsc,1-14,-0.14223614252742525,9,-0.13661769123123776,MAP_PMU,119,0.005618451296187488
1,B_svc,2,0.2875236128203082,9,0.2855746346746997,MAP_PMU,119,0.0019489781456085153
2,UPFC_Vsh,5-15,1.1049579384657762,9,1.1057641959097058,MAP_PMU,119,0.0008062574439295922
3,UPFC_tsh,5-15,-0.22861429568628933,9,-0.2281284311092331,MAP_PMU,119,0.00048586457705623864
4,UPFC_Vse,5-15,0.06160763604153536,9,0.06021542330505817,MAP_PMU,119,0.0013922127364771886
5,UPFC_tse,5-15,-2.1786633299308398,9,-2.149220411745121,MAP_PMU,119,0.02944291818571898
0,x_tcsc,1-14,-0.14224782010620582,10,-0.13661769123123776,MAP_PMU,119,0.0056301288749680545
1,B_svc,2,0.2872814849496222,10,0.2855746346746997,MAP_PMU,119,0.0017068502749225112
2,UPFC_Vsh,5-15,1.1052070418343964,10,1.1057641959097058,MAP_PMU,119,0.0005571540753093185
3,UPFC_tsh,5-15,-0.22865549441033498,10,-0.2281284311092331,MAP_PMU,119,0.0005270633011018877
4,UPFC_Vse,5-15,0.062148272832518704,10,0.06021542330505817,MAP_PMU,119,0.001932849527460534
5,UPFC_tse,5-15,-2.184816091148132,10,-2.149220411745121,MAP_PMU,119,0.035595679403011005
0,x_tcsc,1-14,-0.1421429920847109,11,-0.13661769123123776,MAP_PMU,119,0.005525300853473136
1,B_svc,2,0.2878413073693935,11,0.2855746346746997,MAP_PMU,119,0.0022666726946938276
2,UPFC_Vsh,5-15,1.1051536176777266,11,1.1057641959097058,MAP_PMU,119,0.0006105782319791864
3,UPFC_tsh,5-15,-0.2286243381677634,11,-0.2281284311092331,MAP_PMU,119,0.0004959070585303094
4,UPFC_Vse,5-15,0.06170166439454325,11,0.06021542330505817,MAP_PMU,119,0.0014862410894850783
5,UPFC_tse,5-15,-2.180082631587502,11,-2.149220411745121,MAP_PMU,119,0.030862219842381133
0,x_tcsc,1-14,-0.1418209912275946,12,-0.13661769123123776,MAP_PMU,119,0.005203299996356825
1,B_svc,2,0.28695358150770156,12,0.2855746346746997,MAP_PMU,119,0.0013789468330018817
2,UPFC_Vsh,5-15,1.1055261566620647,12,1.1057641959097058,MAP_PMU,119,0.00023803924764109752
3,UPFC_tsh,5-15,-0.22861025868740653,12,-0.2281284311092331,MAP_PMU,119,0.0004818275781734438
4,UPFC_Vse,5-15,0.06208958482693941,12,0.06021542330505817,MAP_PMU,119,0.0018741615218812388
5,UPFC_tse,5-15,-2.17859269692007,12,-2.149220411745121,MAP_PMU,119,0.029372285174949386
0,x_tcsc,1-14,-0.14200016571717286,13,-0.13661769123123776,MAP_PMU,119,0.005382474485935096
1,B_svc,2,0.2872820598001626,13,0.2855746346746997,MAP_PMU,119,0.0017074251254629025
2,UPFC_Vsh,5-15,1.10500549774887,13,1.1057641959097058,MAP_PMU,119,0.0007586981608358467
3,UPFC_tsh,5-15,-0.22860486796138044,13,-0.2281284311092331,MAP_PMU,119,0.00047643685214734943
4,UPFC_Vse,5-15,0.0613691210554157,13,0.06021542330505817,MAP_PMU,119,0.0011536977503575283
5,UPFC_tse,5-15,-2.1863419491187597,13,-2.149220411745121,MAP_PMU,119,0.03712153737363888
0,x_tcsc,1-14,-0.14176681069266708,14,-0.13661769123123776,MAP_PMU,119,0.005149119461429319
1,B_svc,2,0.28732304492503113,14,0.2855746346746997,MAP_PMU,119,0.0017484102503314558
2,UPFC_Vsh,5-15,1.1053033881973375,14,1.1057641959097058,MAP_PMU,119,0.0004608077123682275
3,UPFC_tsh,5-15,-0.22860331255685845,14,-0.2281284311092331,MAP_PMU,119,0.00047488144762536377
4,UPFC_Vse,5-15,0.061691227863019095,14,0.06021542330505817,MAP_PMU,119,0.0014758045579609247
5,UPFC_tse,5-15,-2.1866276958173545,14,-2.149220411745121,MAP_PMU,119,0.037407284072233704
0,x_tcsc,1-14,-0.14177175659720417,15,-0.13661769123123776,MAP_PMU,119,0.005154065365966409
1,B_svc,2,0.2872453762869643,15,0.2855746346746997,MAP_PMU,119,0.0016707416122646035
2,UPFC_Vsh,5-15,1.1053366524613748,15,1.1057641959097058,MAP_PMU,119,0.00042754344833095814
3,UPFC_tsh,5-15,-0.228490657073808,15,-0.2281284311092331,MAP_PMU,119,0.00036222596457491374
4,UPFC_Vse,5-15,0.06107541470670081,15,0.06021542330505817,MAP_PMU,119,0.0008599914016426402
5,UPFC_tse,5-15,-2.1793361188923375,15,-2.149220411745121,MAP_PMU,119,0.030115707147216675
0,x_tcsc,1-14,-0.1419772314574312,16,-0.13661769123123776,MAP_PMU,119,0.005359540226193449
1,B_svc,2,0.2877231661621094,16,0.2855746346746997,MAP_PMU,119,0.0021485314874097328
2,UPFC_Vsh,5-15,1.105279419022605,16,1.1057641959097058,MAP_PMU,119,0.0004847768871008018
3,UPFC_tsh,5-15,-0.2285856504608594,16,-0.2281284311092331,MAP_PMU,119,0.0004572193516263201
4,UPFC_Vse,5-15,0.06193789653735655,16,0.06021542330505817,MAP_PMU,119,0.0017224732322983771
5,UPFC_tse,5-15,-2.181820122894814,16,-2.149220411745121,MAP_PMU,119,0.03259971114969318
0,x_tcsc,1-14,-0.14208449896121,17,-0.13661769123123776,MAP_PMU,119,0.0054668077299722395
1,B_svc,2,0.2872072848156275,17,0.2855746346746997,MAP_PMU,119,0.0016326501409278382
2,UPFC_Vsh,5-15,1.1052400064381245,17,1.1057641959097058,MAP_PMU,119,0.0005241894715812823
3,UPFC_tsh,5-15,-0.2285706110522567,17,-0.2281284311092331,MAP_PMU,119,0.0004421799430236184
4,UPFC_Vse,5-15,0.061224619638321646,17,0.06021542330505817,MAP_PMU,119,0.0010091963332634762
5,UPFC_tse,5-15,-2.170538981797017,17,-2.149220411745121,MAP_PMU,119,0.0213185700518963
0,x_tcsc,1-14,-0.14229120746990492,18,-0.13661769123123776,MAP_PMU,119,0.005673516238667159
1,B_svc,2,0.28739803830561655,18,0.2855746346746997,MAP_PMU,119,0.0018234036309168755
2,UPFC_Vsh,5-15,1.1049937546799646,18,1.1057641959097058,MAP_PMU,119,0.0007704412297411256
3,UPFC_tsh,5-15,-0.22856719700121478,18,-0.2281284311092331,MAP_PMU,119,0.0004387658919816906
4,UPFC_Vse,5-15,0.061301269396903044,18,0.06021542330505817,MAP_PMU,119,0.0010858460918448734
5,UPFC_tse,5-15,-2.1876628546475914,18,-2.149220411745121,MAP_PMU,119,0.038442442902470564
0,x_tcsc,1-14,-0.14258220848140468,19,-0.13661769123123776,MAP_PMU,119,0.0059645172501669175
1,B_svc,2,0.28684592648971446,19,0.2855746346746997,MAP_PMU,119,0.0012712918150147856
2,UPFC_Vsh,5-15,1.105217661593668,19,1.1057641959097058,MAP_PMU,119,0.0005465343160377945
3,UPFC_tsh,5-15,-0.22856727828836917,19,-0.2281284311092331,MAP_PMU,119,0.00043884717913608706
4,UPFC_Vse,5-15,0.06155233292866265,19,0.06021542330505817,MAP_PMU,119,0.0013369096236044778
5,UPFC_tse,5-15,-2.1746041098852356,19,-2.149220411745121,MAP_PMU,119,0.025383698140114763
0,x_tcsc,1-14,-0.14189470004026633,20,-0.13661769123123776,MAP_PMU,119,0.005277008809028566
1,B_svc,2,0.2874067369116964,20,0.2855746346746997,MAP_PMU,119,0.0018321022369967022
2,UPFC_Vsh,5-15,1.1054190030439826,20,1.1057641959097058,MAP_PMU,119,0.0003451928657232095
3,UPFC_tsh,5-15,-0.228590674129262,20,-0.2281284311092331,MAP_PMU,119,0.00046224302002892403
4,UPFC_Vse,5-15,0.061429407921395174,20,0.06021542330505817,MAP_PMU,119,0.0012139846163370036
5,UPFC_tse,5-15,-2.1952107211410685,20,-2.149220411745121,MAP_PMU,119,0.045990309395947726
0,x_tcsc,1-14,-0.14229195496737673,21,-0.13661769123123776,MAP_PMU,119,0.005674263736138968
1,B_svc,2,0.2871907540669715,21,0.2855746346746997,MAP_PMU,119,0.0016161193922717976
2,UPFC_Vsh,5-15,1.1053530436361367,21,1.1057641959097058,MAP_PMU,119,0.0004111522735690265
3,UPFC_tsh,5-15,-0.22859862258956484,21,-0.2281284311092331,MAP_PMU,119,0.0004701914803317553
4,UPFC_Vse,5-15,0.061296604572438476,21,0.06021542330505817,MAP_PMU,119,0.001081181267380306
5,UPFC_tse,5-15,-2.1835899407631576,21,-2.149220411745121,MAP_PMU,119,0.034369529018036804
0,x_tcsc,1-14,-0.14207108434238802,22,-0.13661769123123776,MAP_PMU,119,0.0054533931111502565
1,B_svc,2,0.287388508111453,22,0.2855746346746997,MAP_PMU,119,0.0018138734367533216
2,UPFC_Vsh,5-15,1.105222633167749,22,1.1057641959097058,MAP_PMU,119,0.0005415627419567137
3,UPFC_tsh,5-15,-0.22859513379280955,22,-0.2281284311092331,MAP_PMU,119,0.0004667026835764587
4,UPFC_Vse,5-15,0.06133656668569603,22,0.06021542330505817,MAP_PMU,119,0.0011211433806378596
5,UPFC_tse,5-15,-2.1890260466425984,22,-2.149220411745121,MAP_PMU,119,0.03980563489747757
0,x_tcsc,1-14,-0.14293915489644182,23,-0.13661769123123776,MAP_PMU,119,0.006321463665204058
1,B_svc,2,0.28758464670926726,23,0.2855746346746997,MAP_PMU,119,0.0020100120345675765
2,UPFC_Vsh,5-15,1.104536985891179,23,1.1057641959097058,MAP_PMU,119,0.0012272100185266588
3,UPFC_tsh,5-15,-0.2286675183229204,23,-0.2281284311092331,MAP_PMU,119,0.0005390872136873115
4,UPFC_Vse,5-15,0.06181994363679425,23,0.06021542330505817,MAP_PMU,119,0.0016045203317360812
5,UPFC_tse,5-15,-2.1927669855228054,23,-2.149220411745121,MAP_PMU,119,0.04354657377768456
0,x_tcsc,1-14,-0.14184714255711395,24,-0.13661769123123776,MAP_PMU,119,0.005229451325876183
1,B_svc,2,0.2873475696379264,24,0.2855746346746997,MAP_PMU,119,0.0017729349632267244
2,UPFC_Vsh,5-15,1.1053334558921373,24,1.1057641959097058,MAP_PMU,119,0.00043074001756848723
3,UPFC_tsh,5-15,-0.22859493722927332,24,-0.2281284311092331,MAP_PMU,119,0.0004665061200402332
4,UPFC_Vse,5-15,0.061324443040788885,24,0.06021542330505817,MAP_PMU,119,0.0011090197357307152
5,UPFC_tse,5-15,-2.1792679424552666,24,-2.149220411745121,MAP_PMU,119,0.030047530710145764
0,x_tcsc,1-14,-0.1419825016894886,25,-0.13661769123123776,MAP_PMU,119,0.005364810458250824
1,B_svc,2,0.2871361471925905,25,0.2855746346746997,MAP_PMU,119,0.0015615125178908285
2,UPFC_Vsh,5-15,1.1052722449329966,25,1.1057641959097058,MAP_PMU,119,0.0004919509767091768
3,UPFC_tsh,5-15,-0.22862107789979003,25,-0.2281284311092331,MAP_PMU,119,0.0004926467905569387
4,UPFC_Vse,5-15,0.06159296545730048,25,0.06021542330505817,MAP_PMU,119,0.0013775421522423115
5,UPFC_tse,5-15,-2.182928866814354,25,-2.149220411745121,MAP_PMU,119,0.033708455069233256
0,x_tcsc,1-14,-0.14228610521442073,26,-0.13661769123123776,MAP_PMU,119,0.005668413983182963
1,B_svc,2,0.2876238995915449,26,0.2855746346746997,MAP_PMU,119,0.002049264916845206
2,UPFC_Vsh,5-15,1.105033526740126,26,1.1057641959097058,MAP_PMU,119,0.0007306691695798673
3,UPFC_tsh,5-15,-0.22864671212840787,26,-0.2281284311092331,MAP_PMU,119,0.0005182810191747822
4,UPFC_Vse,5-15,0.06170605690681725,26,0.06021542330505817,MAP_PMU,119,0.0014906336017590782
5,UPFC_tse,5-15,-2.185398805600318,26,-2.149220411745121,MAP_PMU,119,0.03617839385519739
0,x_tcsc,1-14,-0.14251211494210225,27,-0.13661769123123776,MAP_PMU,119,0.005894423710864488
1,B_svc,2,0.2877176473718767,27,0.2855746346746997,MAP_PMU,119,0.002143012697177038
2,UPFC_Vsh,5-15,1.1052129752519526,27,1.1057641959097058,MAP_PMU,119,0.0005512206577531487
3,UPFC_tsh,5-15,-0.22864817206766103,27,-0.2281284311092331,MAP_PMU,119,0.0005197409584279389
4,UPFC_Vse,5-15,0.06188549063355009,27,0.06021542330505817,MAP_PMU,119,0.0016700673284919185
5,UPFC_tse,5-15,-2.191213619311929,27,-2.149220411745121,MAP_PMU,119,0.041993207566808355
0,x_tcsc,1-14,-0.14255885929103315,28,-0.13661769123123776,MAP_PMU,119,0.0059411680597953875
1,B_svc,2,0.28721651480836924,28,0.2855746346746997,MAP_PMU,119,0.0016418801336695599
2,UPFC_Vsh,5-15,1.1050431366931908,28,1.1057641959097058,MAP_PMU,119,0.0007210592165149965
3,UPFC_tsh,5-15,-0.22869235097692242,28,-0.2281284311092331,MAP_PMU,119,0.0005639198676893331
4,UPFC_Vse,5-15,0.06178243248668055,28,0.06021542330505817,MAP_PMU,119,0.001567009181622378
5,UPFC_tse,5-15,-2.202148112298834,28,-2.149220411745121,MAP_PMU,119,0.05292770055371321
0,x_tcsc,1-14,-0.14241996962030387,29,-0.13661769123123776,MAP_PMU,119,0.005802278389066107
1,B_svc,2,0.28716270442219144,29,0.2855746346746997,MAP_PMU,119,0.0015880697474917604
2,UPFC_Vsh,5-15,1.1050984807495585,29,1.1057641959097058,MAP_PMU,119,0.00066571516014724
3,UPFC_tsh,5-15,-0.22854970313974557,29,-0.2281284311092331,MAP_PMU,119,0.00042127203051248174
4,UPFC_Vse,5-15,0.061617415615449866,29,0.06021542330505817,MAP_PMU,119,0.0014019923103916962
5,UPFC_tse,5-15,-2.176040081431877,29,-2.149220411745121,MAP_PMU,119,0.02681966968675642
0,x_tcsc,1-14,-0.14243710297906526,30,-0.13661769123123776,MAP_PMU,119,0.005819411747827491
1,B_svc,2,0.2868502344815216,30,0.2855746346746997,MAP_PMU,119,0.0012755998068219032
2,UPFC_Vsh,5-15,1.104813231490131,30,1.1057641959097058,MAP_PMU,119,0.0009509644195746514
3,UPFC_tsh,5-15,-0.22859341621155102,30,-0.2281284311092331,MAP_PMU,119,0.000464985102317933
4,UPFC_Vse,5-15,0.06149245537309871,30,0.06021542330505817,MAP_PMU,119,0.0012770320680405428
5,UPFC_tse,5-15,-2.1857367820241898,30,-2.149220411745121,MAP_PMU,119,0.036516370279068955
0,x_tcsc,1-14,-0.14205398049979368,31,-0.13661769123123776,MAP_PMU,119,0.0054362892685559105
1,B_svc,2,0.28742784160631224,31,0.2855746346746997,MAP_PMU,119,0.001853206931612561
2,UPFC_Vsh,5-15,1.105426096673935,31,1.1057641959097058,MAP_PMU,119,0.00033809923577066137
3,UPFC_tsh,5-15,-0.2285376065041403,31,-0.2281284311092331,MAP_PMU,119,0.0004091753949072019
4,UPFC_Vse,5-15,0.06147487617129453,31,0.06021542330505817,MAP_PMU,119,0.0012594528662363616
5,UPFC_tse,5-15,-2.1761314676417167,31,-2.149220411745121,MAP_PMU,119,0.026911055896595926
0,x_tcsc,1-14,-0.1429889492078424,32,-0.13661769123123776,MAP_PMU,119,0.006371257976604622
1,B_svc,2,0.28747307471597766,32,0.2855746346746997,MAP_PMU,119,0.0018984400412779823
2,UPFC_Vsh,5-15,1.104485779834777,32,1.1057641959097058,MAP_PMU,119,0.0012784160749288453
3,UPFC_tsh,5-15,-0.2286822269689722,32,-0.2281284311092331,MAP_PMU,119,0.000553795859739109
4,UPFC_Vse,5-15,0.06140846112039604,32,0.06021542330505817,MAP_PMU,119,0.0011930378153378676
5,UPFC_tse,5-15,-2.1995750016647113,32,-2.149220411745121,MAP_PMU,119,0.05035458991959052
0,x_tcsc,1-14,-0.14239750657907224,33,-0.13661769123123776,MAP_PMU,119,0.005779815347834477
1,B_svc,2,0.28774410298596925,33,0.2855746346746997,MAP_PMU,119,0.0021694683112695734
2,UPFC_Vsh,5-15,1.10522478982524,33,1.1057641959097058,MAP_PMU,119,0.0005394060844656767
3,UPFC_tsh,5-15,-0.22865540961321723,33,-0.2281284311092331,MAP_PMU,119,0.0005269785039841435
4,UPFC_Vse,5-15,0.061691312903629225,33,0.06021542330505817,MAP_PMU,119,0.001475889598571055
5,UPFC_tse,5-15,-2.1982117599958615,33,-2.149220411745121,MAP_PMU,119,0.048991348250740696
0,x_tcsc,1-14,-0.14281124235586987,34,-0.13661769123123776,MAP_PMU,119,0.006193551124632102
1,B_svc,2,0.2867842114409827,34,0.2855746346746997,MAP_PMU,119,0.001209576766283027
2,UPFC_Vsh,5-15,1.1050470735246463,34,1.1057641959097058,MAP_PMU,119,0.0007171223850594988
3,UPFC_tsh,5-15,-0.22862775013276634,34,-0.2281284311092331,MAP_PMU,119,0.0004993190235332567
4,UPFC_Vse,5-15,0.0617514906145516,34,0.06021542330505817,MAP_PMU,119,0.001536067309493433
5,UPFC_tse,5-15,-2.194324930811714,34,-2.149220411745121,MAP_PMU,119,0.045104519066593074
0,x_tcsc,1-14,-0.1419199751951551,35,-0.13661769123123776,MAP_PMU,119,0.005302283963917326
1,B_svc,2,0.2873119574629087,35,0.2855746346746997,MAP_PMU,119,0.0017373227882090392
2,UPFC_Vsh,5-15,1.105554715193153,35,1.1057641959097058,MAP_PMU,119,0.00020948071655269018
3,UPFC_tsh,5-15,-0.2285160369022989,35,-0.2281284311092331,MAP_PMU,119,0.00038760579306582055
4,UPFC_Vse,5-15,0.06147710055316106,35,0.06021542330505817,MAP_PMU,119,0.0012616772481028882
5,UPFC_tse,5-15,-2.1863769100874895,35,-2.149220411745121,MAP_PMU,119,0.03715649834236867
0,x_tcsc,1-14,-0.1415344035951634,36,-0.13661769123123776,MAP_PMU,119,0.004916712363925629
1,B_svc,2,0.28717790108249625,36,0.2855746346746997,MAP_PMU,119,0.0016032664077965664
2,UPFC_Vsh,5-15,1.1055445092557417,36,1.1057641959097058,MAP_PMU,119,0.0002196866539641018
3,UPFC_tsh,5-15,-0.228592636678395,36,-0.2281284311092331,MAP_PMU,119,0.00046420556916190736
4,UPFC_Vse,5-15,0.06162101082064066,36,0.06021542330505817,MAP_PMU,119,0.0014055875155824932
5,UPFC_tse,5-15,-2.1916244968384406,36,-2.149220411745121,MAP_PMU,119,0.04240408509331983
0,x_tcsc,1-14,-0.14196266048347883,37,-0.13661769123123776,MAP_PMU,119,0.005344969252241066
1,B_svc,2,0.2873538555635857,37,0.2855746346746997,MAP_PMU,119,0.0017792208888860461
2,UPFC_Vsh,5-15,1.105737434007699,37,1.1057641959097058,MAP_PMU,119,2.676190200667783e-05
3,UPFC_tsh,5-15,-0.2285264761850626,37,-0.2281284311092331,MAP_PMU,119,0.00039804507582952287
4,UPFC_Vse,5-15,0.06064164720791623,37,0.06021542330505817,MAP_PMU,119,0.0004262239028580625
5,UPFC_tse,5-15,-2.190019412467209,37,-2.149220411745121,MAP_PMU,119,0.04079900072208842
0,x_tcsc,1-14,-0.1422403039376626,38,-0.13661769123123776,MAP_PMU,119,0.005622612706424834
1,B_svc,2,0.2870309339781391,38,0.2855746346746997,MAP_PMU,119,0.0014562993034394345
2,UPFC_Vsh,5-15,1.1049576242627257,38,1.1057641959097058,MAP_PMU,119,0.0008065716469800588
3,UPFC_tsh,5-15,-0.22865297302711224,38,-0.2281284311092331,MAP_PMU,119,0.000524541917879151
4,UPFC_Vse,5-15,0.06176594968353042,38,0.06021542330505817,MAP_PMU,119,0.00155052637847225
5,UPFC_tse,5-15,-2.184233680548774,38,-2.149220411745121,MAP_PMU,119,0.0350132688036533
0,x_tcsc,1-14,-0.14183391795693137,39,-0.13661769123123776,MAP_PMU,119,0.005216226725693607
1,B_svc,2,0.28742666601462025,39,0.2855746346746997,MAP_PMU,119,0.001852031339920568
2,UPFC_Vsh,5-15,1.1053087206730337,39,1.1057641959097058,MAP_PMU,119,0.0004554752366721093
3,UPFC_tsh,5-15,-0.2285662225344647,39,-0.2281284311092331,MAP_PMU,119,0.0004377914252316206
4,UPFC_Vse,5-15,0.06140521884525364,39,0.06021542330505817,MAP_PMU,119,0.0011897955401954721
5,UPFC_tse,5-15,-2.18958782884402,39,-2.149220411745121,MAP_PMU,119,0.04036741709889924
0,x_tcsc,1-14,-0.14163239206833458,40,-0.13661769123123776,MAP_PMU,119,0.005014700837096819
1,B_svc,2,0.28680792638530456,40,0.2855746346746997,MAP_PMU,119,0.001233291710604878
2,UPFC_Vsh,5-15,1.105351336471845,40,1.1057641959097058,MAP_PMU,119,0.0004128594378607353
3,UPFC_tsh,5-15,-0.2286028232158659,40,-0.2281284311092331,MAP_PMU,119,0.00047439210663280384
4,UPFC_Vse,5-15,0.061609684134259934,40,0.06021542330505817,MAP_PMU,119,0.0013942608292017641
5,UPFC_tse,5-15,-2.1951344337179464,40,-2.149220411745121,MAP_PMU,119,0.04591402197282557
0,x_tcsc,1-14,-0.14268838309969795,41,-0.13661769123123776,MAP_PMU,119,0.006070691868460182
1,B_svc,2,0.28762751666991876,41,0.2855746346746997,MAP_PMU,119,0.00205288199521908
2,UPFC_Vsh,5-15,1.1053717824130862,41,1.1057641959097058,MAP_PMU,119,0.00039241349661955915
3,UPFC_tsh,5-15,-0.22857228434080634,41,-0.2281284311092331,MAP_PMU,119,0.0004438532315732546
4,UPFC_Vse,5-15,0.06147757418915267,41,0.06021542330505817,MAP_PMU,119,0.0012621508840945025
5,UPFC_tse,5-15,-2.1788446875569143,41,-2.149220411745121,MAP_PMU,119,0.0296242758117935
0,x_tcsc,1-14,-0.14226566115605896,42,-0.13661769123123776,MAP_PMU,119,0.0056479699248211945
1,B_svc,2,0.2871799477820122,42,0.2855746346746997,MAP_PMU,119,0.0016053131073125448
2,UPFC_Vsh,5-15,1.105086078642702,42,1.1057641959097058,MAP_PMU,119,0.0006781172670038416
3,UPFC_tsh,5-15,-0.22860795705630488,42,-0.2281284311092331,MAP_PMU,119,0.0004795259470717905
4,UPFC_Vse,5-15,0.06162174549351871,42,0.06021542330505817,MAP_PMU,119,0.0014063221884605404
5,UPFC_tse,5-15,-2.189063844695768,42,-2.149220411745121,MAP_PMU,119,0.039843432950647184
0,x_tcsc,1-14,-0.14204136522446362,43,-0.13661769123123776,MAP_PMU,119,0.005423673993225853
1,B_svc,2,0.28672314019616846,43,0.2855746346746997,MAP_PMU,119,0.001148505521468779
2,UPFC_Vsh,5-15,1.10565856806771,43,1.1057641959097058,MAP_PMU,119,0.00010562784199574793
3,UPFC_tsh,5-15,-0.22852600105175253,43,-0.2281284311092331,MAP_PMU,119,0.0003975699425194379
4,UPFC_Vse,5-15,0.06136559736607449,43,0.06021542330505817,MAP_PMU,119,0.0011501740610163208
5,UPFC_tse,5-15,-2.171717511326041,43,-2.149220411745121,MAP_PMU,119,0.022497099580920388
0,x_tcsc,1-14,-0.14216702549002688,44,-0.13661769123123776,MAP_PMU,119,0.005549334258789118
1,B_svc,2,0.2871885798479472,44,0.2855746346746997,MAP_PMU,119,0.001613945173247533
2,UPFC_Vsh,5-15,1.1051557287220612,44,1.1057641959097058,MAP_PMU,119,0.0006084671876445125
3,UPFC_tsh,5-15,-0.2285835051780729,44,-0.2281284311092331,MAP_PMU,119,0.0004550740688398225
4,UPFC_Vse,5-15,0.06136543892578148,44,0.06021542330505817,MAP_PMU,119,0.0011500156207233103
5,UPFC_tse,5-15,-2.177178153101852,44,-2.149220411745121,MAP_PMU,119,0.027957741356731347
0,x_tcsc,1-14,-0.14193333920080586,45,-0.13661769123123776,MAP_PMU,119,0.005315647969568099
1,B_svc,2,0.28716806150859087,45,0.2855746346746997,MAP_PMU,119,0.0015934268338911872
2,UPFC_Vsh,5-15,1.105255639500472,45,1.1057641959097058,MAP_PMU,119,0.0005085564092337513
3,UPFC_tsh,5-15,-0.22847553250359337,45,-0.2281284311092331,MAP_PMU,119,0.000347101394360283
4,UPFC_Vse,5-15,0.06119180095069548,45,0.06021542330505817,MAP_PMU,119,0.000976377645637308
5,UPFC_tse,5-15,-2.1793296514568508,45,-2.149220411745121,MAP_PMU,119,0.030109239711729963
0,x_tcsc,1-14,-0.14202948802892637,46,-0.13661769123123776,MAP_PMU,119,0.005411796797688606
1,B_svc,2,0.2875451970678336,46,0.2855746346746997,MAP_PMU,119,0.0019705623931339233
2,UPFC_Vsh,5-15,1.1056134563366027,46,1.1057641959097058,MAP_PMU,119,0.00015073957310307584
3,UPFC_tsh,5-15,-0.22853590254801126,46,-0.2281284311092331,MAP_PMU,119,0.00040747143877817305
4,UPFC_Vse,5-15,0.06133615602315527,46,0.06021542330505817,MAP_PMU,119,0.001120732718097102
5,UPFC_tse,5-15,-2.183252991128325,46,-2.149220411745121,MAP_PMU,119,0.034032579383204364
0,x_tcsc,1-14,-0.14201155623367706,47,-0.13661769123123776,MAP_PMU,119,0.0053938650024392965
1,B_svc,2,0.287048970939872,47,0.2855746346746997,MAP_PMU,119,0.0014743362651722935
2,UPFC_Vsh,5-15,1.1051985348159554,47,1.1057641959097058,MAP_PMU,119,0.0005656610937503359
3,UPFC_tsh,5-15,-0.22860574488624127,47,-0.2281284311092331,MAP_PMU,119,0.000477313777008187
4,UPFC_Vse,5-15,0.061463088935863004,47,0.06021542330505817,MAP_PMU,119,0.001247665630804834
5,UPFC_tse,5-15,-2.1891362083023673,47,-2.149220411745121,MAP_PMU,119,0.03991579655724653
0,x_tcsc,1-14,-0.14224364076387735,48,-0.13661769123123776,MAP_PMU,119,0.00562594953263959
1,B_svc,2,0.28720340450546655,48,0.2855746346746997,MAP_PMU,119,0.001628769830766874
2,UPFC_Vsh,5-15,1.1054122749311415,48,1.1057641959097058,MAP_PMU,119,0.0003519209785642907
3,UPFC_tsh,5-15,-0.22853554774057513,48,-0.2281284311092331,MAP_PMU,119,0.0004071166313420471
4,UPFC_Vse,5-15,0.06138834130058079,48,0.06021542330505817,MAP_PMU,119,0.0011729179955226182
5,UPFC_tse,5-15,-2.1826152461837474,48,-2.149220411745121,MAP_PMU,119,0.033394834438626564
0,x_tcsc,1-14,-0.14189813784259062,49,-0.13661769123123776,MAP_PMU,119,0.005280446611352851
1,B_svc,2,0.2867552367515526,49,0.2855746346746997,MAP_PMU,119,0.0011806020768529435
2,UPFC_Vsh,5-15,1.1057570619590842,49,1.1057641959097058,MAP_PMU,119,7.133950621573959e-06
3,UPFC_tsh,5-15,-0.22844648233178186,49,-0.2281284311092331,MAP_PMU,119,0.00031805122254877083
4,UPFC_Vse,5-15,0.0612558330277195,49,0.06021542330505817,MAP_PMU,119,0.0010404097226613326
5,UPFC_tse,5-15,-2.1730555880742646,49,-2.149220411745121,MAP_PMU,119,0.02383517632914378
0,x_tcsc,1-14,-0.14229031791946448,50,-0.13661769123123776,MAP_PMU,119,0.005672626688226712
1,B_svc,2,0.2870714130263592,50,0.2855746346746997,MAP_PMU,119,0.0014967783516595112
2,UPFC_Vsh,5-15,1.1053630689511837,50,1.1057641959097058,MAP_PMU,119,0.0004011269585220134
3,UPFC_tsh,5-15,-0.22852732106292495,50,-0.2281284311092331,MAP_PMU,119,0.0003988899536918611
4,UPFC_Vse,5-15,0.061518630782064695,50,0.06021542330505817,MAP_PMU,119,0.0013032074770065252
5,UPFC_tse,5-15,-2.179766432592424,50,-2.149220411745121,MAP_PMU,119,0.03054602084730318
0,x_tcsc,1-14,-0.14192734060733742,51,-0.13661769123123776,MAP_PMU,119,0.005309649376099651
1,B_svc,2,0.2870726059992977,51,0.2855746346746997,MAP_PMU,119,0.001497971324598002
2,UPFC_Vsh,5-15,1.1052582822005899,51,1.1057641959097058,MAP_PMU,119,0.0005059137091159016
3,UPFC_tsh,5-15,-0.2285565393869521,51,-0.2281284311092331,MAP_PMU,119,0.0004281082777190248
4,UPFC_Vse,5-15,0.06134729849333014,51,0.06021542330505817,MAP_PMU,119,0.0011318751882719719
5,UPFC_tse,5-15,-2.180426965949327,51,-2.149220411745121,MAP_PMU,119,0.03120655420420615
0,x_tcsc,1-14,-0.1428728078518005,52,-0.13661769123123776,MAP_PMU,119,0.006255116620562745
1,B_svc,2,0.2874947998558541,52,0.2855746346746997,MAP_PMU,119,0.0019201651811543985
2,UPFC_Vsh,5-15,1.10500155400126,52,1.1057641959097058,MAP_PMU,119,0.0007626419084456604
3,UPFC_tsh,5-15,-0.2286254003960282,52,-0.2281284311092331,MAP_PMU,119,0.0004969692867951014
4,UPFC_Vse,5-15,0.06160281896835403,52,0.06021542330505817,MAP_PMU,119,0.0013873956632958623
5,UPFC_tse,5-15,-2.1886159879120544,52,-2.149220411745121,MAP_PMU,119,0.039395576166933566
0,x_tcsc,1-14,-0.14181977565306148,53,-0.13661769123123776,MAP_PMU,119,0.0052020844218237106
1,B_svc,2,0.28780545156692927,53,0.2855746346746997,MAP_PMU,119,0.0022308168922295923
2,UPFC_Vsh,5-15,1.1056753795723597,53,1.1057641959097058,MAP_PMU,119,8.881633734603156e-05
3,UPFC_tsh,5-15,-0.22857285180178855,53,-0.2281284311092331,MAP_PMU,119,0.00044442069255545835
4,UPFC_Vse,5-15,0.06143848255752565,53,0.06021542330505817,MAP_PMU,119,0.001223059252467483
5,UPFC_tse,5-15,-2.1869738568346686,53,-2.149220411745121,MAP_PMU,119,0.03775344508954781
0,x_tcsc,1-14,-0.1427835862974185,54,-0.13661769123123776,MAP_PMU,119,0.006165895066180732
1,B_svc,2,0.28766214299065074,54,0.2855746346746997,MAP_PMU,119,0.002087508315951059
2,UPFC_Vsh,5-15,1.10445026495622,54,1.1057641959097058,MAP_PMU,119,0.0013139309534857535
3,UPFC_tsh,5-15,-0.22874058321593885,54,-0.2281284311092331,MAP_PMU,119,0.00061215210670576
4,UPFC_Vse,5-15,0.06226508929775916,54,0.06021542330505817,MAP_PMU,119,0.00204966599270099
5,UPFC_tse,5-15,-2.19913303219599,54,-2.149220411745121,MAP_PMU,119,0.049912620450869305
0,x_tcsc,1-14,-0.14261413522408758,55,-0.13661769123123776,MAP_PMU,119,0.00599644399284982
1,B_svc,2,0.28807044279052924,55,0.2855746346746997,MAP_PMU,119,0.0024958081158295564
2,UPFC_Vsh,5-15,1.1048103615403833,55,1.1057641959097058,MAP_PMU,119,0.0009538343693225038
3,UPFC_tsh,5-15,-0.22863783846814528,55,-0.2281284311092331,MAP_PMU,119,0.000509407358912195
4,UPFC_Vse,5-15,0.06162051279082566,55,0.06021542330505817,MAP_PMU,119,0.001405089485767487
5,UPFC_tse,5-15,-2.186385685090201,55,-2.149220411745121,MAP_PMU,119,0.03716527334508024
0,x_tcsc,1-14,-0.141962622832964,56,-0.13661769123123776,MAP_PMU,119,0.005344931601726249
1,B_svc,2,0.28739128313078566,56,0.2855746346746997,MAP_PMU,119,0.0018166484560859786
2,UPFC_Vsh,5-15,1.105069202332474,56,1.1057641959097058,MAP_PMU,119,0.000694993577231795
3,UPFC_tsh,5-15,-0.2286019848540623,56,-0.2281284311092331,MAP_PMU,119,0.00047355374482921375
4,UPFC_Vse,5-15,0.06186166681092837,56,0.06021542330505817,MAP_PMU,119,0.0016462435058701985
5,UPFC_tse,5-15,-2.1869488397706953,56,-2.149220411745121,MAP_PMU,119,0.03772842802557452
0,x_tcsc,1-14,-0.141886437365707,57,-0.13661769123123776,MAP_PMU,119,0.005268746134469232
1,B_svc,2,0.28693794705219056,57,0.2855746346746997,MAP_PMU,119,0.0013633123774908773
2,UPFC_Vsh,5-15,1.105539096421379,57,1.1057641959097058,MAP_PMU,119,0.0002250994883268298
3,UPFC_tsh,5-15,-0.22857598006914331,57,-0.2281284311092331,MAP_PMU,119,0.0004475489599102267
4,UPFC_Vse,5-15,0.06119303467988065,57,0.06021542330505817,MAP_PMU,119,0.0009776113748224818
5,UPFC_tse,5-15,-2.1803490575184945,57,-2.149220411745121,MAP_PMU,119,0.03112864577337371
0,x_tcsc,1-14,-0.14199994921493644,58,-0.13661769123123776,MAP_PMU,119,0.0053822579836986795
1,B_svc,2,0.287477527526738,58,0.2855746346746997,MAP_PMU,119,0.0019028928520383181
2,UPFC_Vsh,5-15,1.1050449367462396,58,1.1057641959097058,MAP_PMU,119,0.0007192591634661571
3,UPFC_tsh,5-15,-0.22854520020906946,58,-0.2281284311092331,MAP_PMU,119,0.00041676909983637267
4,UPFC_Vse,5-15,0.061722019280229246,58,0.06021542330505817,MAP_PMU,119,0.0015065959751710753
5,UPFC_tse,5-15,-2.1833188548834586,58,-2.149220411745121,MAP_PMU,119,0.034098443138337764
0,x_tcsc,1-14,-0.14201572022070102,59,-0.13661769123123776,MAP_PMU,119,0.0053980289894632605
1,B_svc,2,0.2869990493037999,59,0.2855746346746997,MAP_PMU,119,0.0014244146291002013
2,UPFC_Vsh,5-15,1.1051722499729628,59,1.1057641959097058,MAP_PMU,119,0.0005919459367429436
3,UPFC_tsh,5-15,-0.22854686154593434,59,-0.2281284311092331,MAP_PMU,119,0.0004184304367012559
4,UPFC_Vse,5-15,0.061755458288913316,59,0.06021542330505817,MAP_PMU,119,0.0015400349838551458
5,UPFC_tse,5-15,-2.188426352693792,59,-2.149220411745121,MAP_PMU,119,0.03920594094867136
0,x_tcsc,1-14,-0.14210327586788982,60,-0.13661769123123776,MAP_PMU,119,0.005485584636652052
1,B_svc,2,0.28747194178004404,60,0.2855746346746997,MAP_PMU,119,0.001897307105344359
2,UPFC_Vsh,5-15,1.1055514022295898,60,1.1057641959097058,MAP_PMU,119,0.00021279368011595245
3,UPFC_tsh,5-15,-0.2285372448263248,60,-0.2281284311092331,MAP_PMU,119,0.00040881371709169945
4,UPFC_Vse,5-15,0.06148042870743253,60,0.06021542330505817,MAP_PMU,119,0.0012650054023743626
5,UPFC_tse,5-15,-2.174335874316097,60,-2.149220411745121,MAP_PMU,119,0.025115462570976188
0,x_tcsc,1-14,-0.14167184167323166,61,-0.13661769123123776,MAP_PMU,119,0.005054150441993893
1,B_svc,2,0.2877331652452693,61,0.2855746346746997,MAP_PMU,119,0.002158530570569639
2,UPFC_Vsh,5-15,1.1057531840303192,61,1.1057641959097058,MAP_PMU,119,1.101187938656878e-05
3,UPFC_tsh,5-15,-0.22849889348483368,61,-0.2281284311092331,MAP_PMU,119,0.00037046237560059425
4,UPFC_Vse,5-15,0.06141001050238475,61,0.06021542330505817,MAP_PMU,119,0.0011945871973265826
5,UPFC_tse,5-15,-2.1764555553550866,61,-2.149220411745121,MAP_PMU,119,0.027235143609965817
0,x_tcsc,1-14,-0.14245868907200254,62,-0.13661769123123776,MAP_PMU,119,0.005840997840764778
1,B_svc,2,0.2875269070757366,62,0.2855746346746997,MAP_PMU,119,0.001952272401036903
2,UPFC_Vsh,5-15,1.1047104580052844,62,1.1057641959097058,MAP_PMU,119,0.0010537379044213147
3,UPFC_tsh,5-15,-0.22874552265124384,62,-0.2281284311092331,MAP_PMU,119,0.0006170915420107559
4,UPFC_Vse,5-15,0.06150845727479427,62,0.06021542330505817,MAP_PMU,119,0.001293033969736103
5,UPFC_tse,5-15,-2.1992852100424587,62,-2.149220411745121,MAP_PMU,119,0.0500647982973379
0,x_tcsc,1-14,-0.14232376866248983,63,-0.13661769123123776,MAP_PMU,119,0.005706077431252066
1,B_svc,2,0.28739541960912385,63,0.2855746346746997,MAP_PMU,119,0.0018207849344241689
2,UPFC_Vsh,5-15,1.1052929792695365,63,1.1057641959097058,MAP_PMU,119,0.00047121664016924747
3,UPFC_tsh,5-15,-0.22859170370012324,63,-0.2281284311092331,MAP_PMU,119,0.00046327259089015693
4,UPFC_Vse,5-15,0.06100646585790324,63,0.06021542330505817,MAP_PMU,119,0.0007910425528450671
5,UPFC_tse,5-15,-2.184964902132347,63,-2.149220411745121,MAP_PMU,119,0.03574449038722616
0,x_tcsc,1-14,-0.1421623727535514,64,-0.13661769123123776,MAP_PMU,119,0.0055446815223136325
1,B_svc,2,0.28746724922432976,64,0.2855746346746997,MAP_PMU,119,0.0018926145496300784
2,UPFC_Vsh,5-15,1.1050290819581168,64,1.1057641959097058,MAP_PMU,119,0.0007351139515889837
3,UPFC_tsh,5-15,-0.22865120257778235,64,-0.2281284311092331,MAP_PMU,119,0.0005227714685492602
4,UPFC_Vse,5-15,0.06145654653510753,64,0.06021542330505817,MAP_PMU,119,0.0012411232300493583
5,UPFC_tse,5-15,-2.1880433411659217,64,-2.149220411745121,MAP_PMU,119,0.0388229294208009
0,x_tcsc,1-14,-0.1420903176052029,65,-0.13661769123123776,MAP_PMU,119,0.005472626373965145
1,B_svc,2,0.2872188528013117,65,0.2855746346746997,MAP_PMU,119,0.0016442181266120293
2,UPFC_Vsh,5-15,1.105259512443946,65,1.1057641959097058,MAP_PMU,119,0.0005046834657598254
3,UPFC_tsh,5-15,-0.22863061859065065,65,-0.2281284311092331,MAP_PMU,119,0.0005021874814175598
4,UPFC_Vse,5-15,0.06181298453630587,65,0.06021542330505817,MAP_PMU,119,0.0015975612312476989
5,UPFC_tse,5-15,-2.1908990719773973,65,-2.149220411745121,MAP_PMU,119,0.04167866023227651
0,x_tcsc,1-14,-0.14252086738344763,66,-0.13661769123123776,MAP_PMU,119,0.005903176152209866
1,B_svc,2,0.2874661378652601,66,0.2855746346746997,MAP_PMU,119,0.0018915031905604174
2,UPFC_Vsh,5-15,1.1049187580561377,66,1.1057641959097058,MAP_PMU,119,0.000845437853568054
3,UPFC_tsh,5-15,-0.22861919771375877,66,-0.2281284311092331,MAP_PMU,119,0.0004907666045256831
4,UPFC_Vse,5-15,0.061572260513501176,66,0.06021542330505817,MAP_PMU,119,0.0013568372084430055
5,UPFC_tse,5-15,-2.1803165088430743,66,-2.149220411745121,MAP_PMU,119,0.031096097097953468
0,x_tcsc,1-14,-0.14234949033969985,67,-0.13661769123123776,MAP_PMU,119,0.005731799108462082
1,B_svc,2,0.28760596086894363,67,0.2855746346746997,MAP_PMU,119,0.0020313261942439542
2,UPFC_Vsh,5-15,1.1051092856406863,67,1.1057641959097058,MAP_PMU,119,0.0006549102690194264
3,UPFC_tsh,5-15,-0.22861971653557608,67,-0.2281284311092331,MAP_PMU,119,0.0004912854263429967
4,UPFC_Vse,5-15,0.061933736166139564,67,0.06021542330505817,MAP_PMU,119,0.0017183128610813933
5,UPFC_tse,5-15,-2.1862840369190057,67,-2.149220411745121,MAP_PMU,119,0.03706362517388495
0,x_tcsc,1-14,-0.14143261021593642,68,-0.13661769123123776,MAP_PMU,119,0.004814918984698657
1,B_svc,2,0.28771567326050823,68,0.2855746346746997,MAP_PMU,119,0.0021410385858085523
2,UPFC_Vsh,5-15,1.1056156687022467,68,1.1057641959097058,MAP_PMU,119,0.00014852720745905934
3,UPFC_tsh,5-15,-0.22850106985342822,68,-0.2281284311092331,MAP_PMU,119,0.00037263874419513066
4,UPFC_Vse,5-15,0.06147507059334455,68,0.06021542330505817,MAP_PMU,119,0.0012596472882863766
5,UPFC_tse,5-15,-2.1790963925492712,68,-2.149220411745121,MAP_PMU,119,0.029875980804150437
0,x_tcsc,1-14,-0.1422843366643485,69,-0.13661769123123776,MAP_PMU,119,0.00566664543311074
1,B_svc,2,0.28780049744608477,69,0.2855746346746997,MAP_PMU,119,0.00222586277138509
2,UPFC_Vsh,5-15,1.1052110408745317,69,1.1057641959097058,MAP_PMU,119,0.0005531550351740577
3,UPFC_tsh,5-15,-0.22866284283750132,69,-0.2281284311092331,MAP_PMU,119,0.0005344117282682359
4,UPFC_Vse,5-15,0.061141764461065826,69,0.06021542330505817,MAP_PMU,119,0.0009263411560076554
5,UPFC_tse,5-15,-2.1884159794864613,69,-2.149220411745121,MAP_PMU,119,0.039195567741340476
0,x_tcsc,1-14,-0.14232534582376274,70,-0.13661769123123776,MAP_PMU,119,0.00570765459252498
1,B_svc,2,0.28795812590010045,70,0.2855746346746997,MAP_PMU,119,0.002383491225400769
2,UPFC_Vsh,5-15,1.1050224250224019,70,1.1057641959097058,MAP_PMU,119,0.000741770887303872
3,UPFC_tsh,5-15,-0.22860961962156393,70,-0.2281284311092331,MAP_PMU,119,0.0004811885123308379
4,UPFC_Vse,5-15,0.061611919713771446,70,0.06021542330505817,MAP_PMU,119,0.0013964964087132756
5,UPFC_tse,5-15,-2.1845179081212063,70,-2.149220411745121,MAP_PMU,119,0.03529749637608548
0,x_tcsc,1-14,-0.1429828692596151,71,-0.13661769123123776,MAP_PMU,119,0.006365178028377327
1,B_svc,2,0.2871542683204971,71,0.2855746346746997,MAP_PMU,119,0.0015796336457974403
2,UPFC_Vsh,5-15,1.104892145678727,71,1.1057641959097058,MAP_PMU,119,0.0008720502309786937
3,UPFC_tsh,5-15,-0.22865488418273364,71,-0.2281284311092331,MAP_PMU,119,0.000526453073500549
4,UPFC_Vse,5-15,0.06120986899242207,71,0.06021542330505817,MAP_PMU,119,0.0009944456873638985
5,UPFC_tse,5-15,-2.1938995537544086,71,-2.149220411745121,MAP_PMU,119,0.0446791420092878
0,x_tcsc,1-14,-0.14161735468288447,72,-0.13661769123123776,MAP_PMU,119,0.0049996634516467076
1,B_svc,2,0.2870351818694169,72,0.2855746346746997,MAP_PMU,119,0.001460547194717221
2,UPFC_Vsh,5-15,1.1055511198815724,72,1.1057641959097058,MAP_PMU,119,0.00021307602813336324
3,UPFC_tsh,5-15,-0.22857421545037082,72,-0.2281284311092331,MAP_PMU,119,0.0004457843411377338
4,UPFC_Vse,5-15,0.06105599982363561,72,0.06021542330505817,MAP_PMU,119,0.0008405765185774405
5,UPFC_tse,5-15,-2.192427910540544,72,-2.149220411745121,MAP_PMU,119,0.043207498795423405
0,x_tcsc,1-14,-0.1425832396995633,73,-0.13661769123123776,MAP_PMU,119,0.005965548468325532
1,B_svc,2,0.2872115364659417,73,0.2855746346746997,MAP_PMU,119,0.0016369017912420403
2,UPFC_Vsh,5-15,1.1047978502800289,73,1.1057641959097058,MAP_PMU,119,0.0009663456296769013
3,UPFC_tsh,5-15,-0.22859613315039434,73,-0.2281284311092331,MAP_PMU,119,0.00046770204116125536
4,UPFC_Vse,5-15,0.0619025002601808,73,0.06021542330505817,MAP_PMU,119,0.0016870769551226295
5,UPFC_tse,5-15,-2.18973359475677,73,-2.149220411745121,MAP_PMU,119,0.04051318301164919
0,x_tcsc,1-14,-0.14199018342751724,74,-0.13661769123123776,MAP_PMU,119,0.005372492196279471
1,B_svc,2,0.28730495999699723,74,0.2855746346746997,MAP_PMU,119,0.0017303253222975545
2,UPFC_Vsh,5-15,1.1053668783712,74,1.1057641959097058,MAP_PMU,119,0.0003973175385056926
3,UPFC_tsh,5-15,-0.22858578398742732,74,-0.2281284311092331,MAP_PMU,119,0.00045735287819423376
4,UPFC_Vse,5-15,0.061504431448526485,74,0.06021542330505817,MAP_PMU,119,0.0012890081434683148
5,UPFC_tse,5-15,-2.180504331312539,74,-2.149220411745121,MAP_PMU,119,0.03128391956741838
0,x_tcsc,1-14,-0.14216183513304842,75,-0.13661769123123776,MAP_PMU,119,0.005544143901810655
1,B_svc,2,0.2880097318551029,75,0.2855746346746997,MAP_PMU,119,0.002435097180403245
2,UPFC_Vsh,5-15,1.1050856826848716,75,1.1057641959097058,MAP_PMU,119,0.000678513224834143
3,UPFC_tsh,5-15,-0.2285611973724148,75,-0.2281284311092331,MAP_PMU,119,0.00043276626318169975
4,UPFC_Vse,5-15,0.06152850751470071,75,0.06021542330505817,MAP_PMU,119,0.0013130842096425385
5,UPFC_tse,5-15,-2.178150645402434,75,-2.149220411745121,MAP_PMU,119,0.028930233657313398
0,x_tcsc,1-14,-0.1419403416471559,76,-0.13661769123123776,MAP_PMU,119,0.005322650415918145
1,B_svc,2,0.2874347467445904,76,0.2855746346746997,MAP_PMU,119,0.0018601120698907292
2,UPFC_Vsh,5-15,1.105616285374804,76,1.1057641959097058,MAP_PMU,119,0.00014791053490181838
3,UPFC_tsh,5-15,-0.22854408335891305,76,-0.2281284311092331,MAP_PMU,119,0.00041565224967995973
4,UPFC_Vse,5-15,0.06173482557664723,76,0.06021542330505817,MAP_PMU,119,0.0015194022715890598
5,UPFC_tse,5-15,-2.1786482522092094,76,-2.149220411745121,MAP_PMU,119,0.02942784046408864
0,x_tcsc,1-14,-0.14258379776446678,77,-0.13661769123123776,MAP_PMU,119,0.005966106533229015
1,B_svc,2,0.2876867622761555,77,0.2855746346746997,MAP_PMU,119,0.0021121276014558488
2,UPFC_Vsh,5-15,1.104828685218526,77,1.1057641959097058,MAP_PMU,119,0.0009355106911796973
3,UPFC_tsh,5-15,-0.22870028129216624,77,-0.2281284311092331,MAP_PMU,119,0.0005718501829331535
4,UPFC_Vse,5-15,0.06187273998376525,77,0.06021542330505817,MAP_PMU,119,0.0016573166787070825
5,UPFC_tse,5-15,-2.196846768469579,77,-2.149220411745121,MAP_PMU,119,0.04762635672445814
0,x_tcsc,1-14,-0.14200478182189163,78,-0.13661769123123776,MAP_PMU,119,0.00538709059065387
1,B_svc,2,0.287326501617902,78,0.2855746346746997,MAP_PMU,119,0.0017518669432023404
2,UPFC_Vsh,5-15,1.1055955572522445,78,1.1057641959097058,MAP_PMU,119,0.00016863865746130635
3,UPFC_tsh,5-15,-0.22855949826049896,78,-0.2281284311092331,MAP_PMU,119,0.00043106715126586814
4,UPFC_Vse,5-15,0.0614840924990719,78,0.06021542330505817,MAP_PMU,119,0.0012686691940137287
5,UPFC_tse,5-15,-2.1829130419543725,78,-2.149220411745121,MAP_PMU,119,0.03369263020925173
0,x_tcsc,1-14,-0.1423892588919616,79,-0.13661769123123776,MAP_PMU,119,0.005771567660723842
1,B_svc,2,0.28723465825970607,79,0.2855746346746997,MAP_PMU,119,0.0016600235850063871
2,UPFC_Vsh,5-15,1.1052016373340154,79,1.1057641959097058,MAP_PMU,119,0.0005625585756903195
3,UPFC_tsh,5-15,-0.22856505680182174,79,-0.2281284311092331,MAP_PMU,119,0.00043662569258864914
4,UPFC_Vse,5-15,0.06113495246535604,79,0.06021542330505817,MAP_PMU,119,0.0009195291602978675
5,UPFC_tse,5-15,-2.192286642445697,79,-2.149220411745121,MAP_PMU,119,0.043066230700576025
0,x_tcsc,1-14,-0.14276526617243485,80,-0.13661769123123776,MAP_PMU,119,0.0061475749411970815
1,B_svc,2,0.2872021499797226,80,0.2855746346746997,MAP_PMU,119,0.0016275153050229196
2,UPFC_Vsh,5-15,1.104940438256951,80,1.1057641959097058,MAP_PMU,119,0.0008237576527547752
3,UPFC_tsh,5-15,-0.2286577258366564,80,-0.2281284311092331,MAP_PMU,119,0.0005292947274233017
4,UPFC_Vse,5-15,0.06173318711446672,80,0.06021542330505817,MAP_PMU,119,0.0015177638094085524
5,UPFC_tse,5-15,-2.1983208889787718,80,-2.149220411745121,MAP_PMU,119,0.04910047723365096
0,x_tcsc,1-14,-0.14164802169085008,81,-0.13661769123123776,MAP_PMU,119,0.00503033045961232
1,B_svc,2,0.28683162463212636,81,0.2855746346746997,MAP_PMU,119,0.0012569899574266796
2,UPFC_Vsh,5-15,1.1055254950661262,81,1.1057641959097058,MAP_PMU,119,0.00023870084357957566
3,UPFC_tsh,5-15,-0.2285408699517922,81,-0.2281284311092331,MAP_PMU,119,0.0004124388425591208
4,UPFC_Vse,5-15,0.06160208837521854,81,0.06021542330505817,MAP_PMU,119,0.0013866650701603728
5,UPFC_tse,5-15,-2.179939018693335,81,-2.149220411745121,MAP_PMU,119,0.030718606948214155
0,x_tcsc,1-14,-0.14243265343332012,82,-0.13661769123123776,MAP_PMU,119,0.005814962202082358
1,B_svc,2,0.2872480391966247,82,0.2855746346746997,MAP_PMU,119,0.0016734045219250482
2,UPFC_Vsh,5-15,1.1051438957658961,82,1.1057641959097058,MAP_PMU,119,0.0006203001438096489
3,UPFC_tsh,5-15,-0.22864440801472882,82,-0.2281284311092331,MAP_PMU,119,0.0005159769054957353
4,UPFC_Vse,5-15,0.061576963384473014,82,0.06021542330505817,MAP_PMU,119,0.0013615400794148441
5,UPFC_tse,5-15,-2.191911847472425,82,-2.149220411745121,MAP_PMU,119,0.04269143572730405
0,x_tcsc,1-14,-0.1422643862895064,83,-0.13661769123123776,MAP_PMU,119,0.005646695058268647
1,B_svc,2,0.28750708336786174,83,0.2855746346746997,MAP_PMU,119,0.0019324486931620588
2,UPFC_Vsh,5-15,1.1057917765546235,83,1.1057641959097058,MAP_PMU,119,2.7580644917701846e-05
3,UPFC_tsh,5-15,-0.2286058171462932,83,-0.2281284311092331,MAP_PMU,119,0.0004773860370601013
4,UPFC_Vse,5-15,0.06164439369260549,83,0.06021542330505817,MAP_PMU,119,0.0014289703875473223
5,UPFC_tse,5-15,-2.1804147934412486,83,-2.149220411745121,MAP_PMU,119,0.03119438169612776
0,x_tcsc,1-14,-0.14224655827230148,84,-0.13661769123123776,MAP_PMU,119,0.005628867041063718
1,B_svc,2,0.28730814383740205,84,0.2855746346746997,MAP_PMU,119,0.0017335091627023735
2,UPFC_Vsh,5-15,1.1054357335604472,84,1.1057641959097058,MAP_PMU,119,0.00032846234925854034
3,UPFC_tsh,5-15,-0.2285089728024663,84,-0.2281284311092331,MAP_PMU,119,0.0003805416932332051
4,UPFC_Vse,5-15,0.061386443607047536,84,0.06021542330505817,MAP_PMU,119,0.0011710203019893659
5,UPFC_tse,5-15,-2.1824041015018394,84,-2.149220411745121,MAP_PMU,119,0.03318368975671859
0,x_tcsc,1-14,-0.1421734733757278,85,-0.13661769123123776,MAP_PMU,119,0.00555578214449004
1,B_svc,2,0.28713371133910104,85,0.2855746346746997,MAP_PMU,119,0.0015590766644013598
2,UPFC_Vsh,5-15,1.1051332212558216,85,1.1057641959097058,MAP_PMU,119,0.0006309746538841754
3,UPFC_tsh,5-15,-0.22859525169143333,85,-0.2281284311092331,MAP_PMU,119,0.00046682058220023914
4,UPFC_Vse,5-15,0.06144410858525991,85,0.06021542330505817,MAP_PMU,119,0.001228685280201737
5,UPFC_tse,5-15,-2.1842332584978355,85,-2.149220411745121,MAP_PMU,119,0.035012846752714655
0,x_tcsc,1-14,-0.1417341700058428,86,-0.13661769123123776,MAP_PMU,119,0.005116478774605027
1,B_svc,2,0.28701111542610896,86,0.2855746346746997,MAP_PMU,119,0.0014364807514092859
2,UPFC_Vsh,5-15,1.1055399249946003,86,1.1057641959097058,MAP_PMU,119,0.00022427091510546227
3,UPFC_tsh,5-15,-0.22852408502727398,86,-0.2281284311092331,MAP_PMU,119,0.0003956539180408891
4,UPFC_Vse,5-15,0.061359804864178163,86,0.06021542330505817,MAP_PMU,119,0.0011443815591199932
5,UPFC_tse,5-15,-2.180323766698873,86,-2.149220411745121,MAP_PMU,119,0.03110335495375205
0,x_tcsc,1-14,-0.14217329306820023,87,-0.13661769123123776,MAP_PMU,119,0.005555601836962465
1,B_svc,2,0.2869058502328313,87,0.2855746346746997,MAP_PMU,119,0.0013312155581316487
2,UPFC_Vsh,5-15,1.1049161319168674,87,1.1057641959097058,MAP_PMU,119,0.0008480639928383216
3,UPFC_tsh,5-15,-0.22854051405944104,87,-0.2281284311092331,MAP_PMU,119,0.00041208295020794816
4,UPFC_Vse,5-15,0.061468848220748946,87,0.06021542330505817,MAP_PMU,119,0.0012534249156907762
5,UPFC_tse,5-15,-2.1867397488303135,87,-2.149220411745121,MAP_PMU,119,0.03751933708519273
0,x_tcsc,1-14,-0.14249164840536255,88,-0.13661769123123776,MAP_PMU,119,0.005873957174124783
1,B_svc,2,0.28675497757233925,88,0.2855746346746997,MAP_PMU,119,0.0011803428976395747
2,UPFC_Vsh,5-15,1.1053619460910236,88,1.1057641959097058,MAP_PMU,119,0.0004022498186821988
3,UPFC_tsh,5-15,-0.22858001286581622,88,-0.2281284311092331,MAP_PMU,119,0.00045158175658313593
4,UPFC_Vse,5-15,0.060872377639958605,88,0.06021542330505817,MAP_PMU,119,0.000656954334900435
5,UPFC_tse,5-15,-2.1819796756974723,88,-2.149220411745121,MAP_PMU,119,0.032759263952351514
0,x_tcsc,1-14,-0.1418218425842091,89,-0.13661769123123776,MAP_PMU,119,0.005204151352971337
1,B_svc,2,0.2868158326590005,89,0.2855746346746997,MAP_PMU,119,0.0012411979843008347
2,UPFC_Vsh,5-15,1.1054264609901883,89,1.1057641959097058,MAP_PMU,119,0.0003377349195174961
3,UPFC_tsh,5-15,-0.22863058568104977,89,-0.2281284311092331,MAP_PMU,119,0.000502154571816682
4,UPFC_Vse,5-15,0.06127051905450226,89,0.06021542330505817,MAP_PMU,119,0.001055095749444089
5,UPFC_tse,5-15,-2.185837055805147,89,-2.149220411745121,MAP_PMU,119,0.03661664406002618
0,x_tcsc,1-14,-0.1420188296761328,90,-0.13661769123123776,MAP_PMU,119,0.005401138444895037
1,B_svc,2,0.2879336909227971,90,0.2855746346746997,MAP_PMU,119,0.002359056248097402
2,UPFC_Vsh,5-15,1.105298216267808,90,1.1057641959097058,MAP_PMU,119,0.0004659796418977624
3,UPFC_tsh,5-15,-0.22858102118285945,90,-0.2281284311092331,MAP_PMU,119,0.0004525900736263577
4,UPFC_Vse,5-15,0.06109056368803718,90,0.06021542330505817,MAP_PMU,119,0.000875140382979013
5,UPFC_tse,5-15,-2.178206821692476,90,-2.149220411745121,MAP_PMU,119,0.02898640994735535
0,x_tcsc,1-14,-0.142195400999026,91,-0.13661769123123776,MAP_PMU,119,0.005577709767788236
1,B_svc,2,0.2869596441537535,91,0.2855746346746997,MAP_PMU,119,0.0013850094790538447
2,UPFC_Vsh,5-15,1.1053614348907463,91,1.1057641959097058,MAP_PMU,119,0.00040276101895941885
3,UPFC_tsh,5-15,-0.2285252970409255,91,-0.2281284311092331,MAP_PMU,119,0.0003968659316924139
4,UPFC_Vse,5-15,0.061607224615073196,91,0.06021542330505817,MAP_PMU,119,0.0013918013100150256
5,UPFC_tse,5-15,-2.1741752259228733,91,-2.149220411745121,MAP_PMU,119,0.02495481417775247
0,x_tcsc,1-14,-0.14196755632451635,92,-0.13661769123123776,MAP_PMU,119,0.0053498650932785885
1,B_svc,2,0.28724351167048223,92,0.2855746346746997,MAP_PMU,119,0.0016688769957825533
2,UPFC_Vsh,5-15,1.1053891948340129,92,1.1057641959097058,MAP_PMU,119,0.0003750010756928823
3,UPFC_tsh,5-15,-0.22855872346508488,92,-0.2281284311092331,MAP_PMU,119,0.00043029235585179126
4,UPFC_Vse,5-15,0.061540214018676175,92,0.06021542330505817,MAP_PMU,119,0.0013247907136180043
5,UPFC_tse,5-15,-2.1768761248755033,92,-2.149220411745121,MAP_PMU,119,0.02765571313038251
0,x_tcsc,1-14,-0.14294730697124888,93,-0.13661769123123776,MAP_PMU,119,0.006329615740011119
1,B_svc,2,0.2872050074222494,93,0.2855746346746997,MAP_PMU,119,0.0016303727475497354
2,UPFC_Vsh,5-15,1.1047353084832623,93,1.1057641959097058,MAP_PMU,119,0.00102888742644347
3,UPFC_tsh,5-15,-0.22868307155158246,93,-0.2281284311092331,MAP_PMU,119,0.0005546404423493745
4,UPFC_Vse,5-15,0.06205350408807325,93,0.06021542330505817,MAP_PMU,119,0.0018380807830150822
5,UPFC_tse,5-15,-2.1890407234536147,93,-2.149220411745121,MAP_PMU,119,0.03982031170849387
0,x_tcsc,1-14,-0.14219785059114642,94,-0.13661769123123776,MAP_PMU,119,0.00558015935990866
1,B_svc,2,0.28709514763052846,94,0.2855746346746997,MAP_PMU,119,0.0015205129558287789
2,UPFC_Vsh,5-15,1.1052621180282263,94,1.1057641959097058,MAP_PMU,119,0.0005020778814794902
3,UPFC_tsh,5-15,-0.22865880558791132,94,-0.2281284311092331,MAP_PMU,119,0.0005303744786782361
4,UPFC_Vse,5-15,0.06110404704036976,94,0.06021542330505817,MAP_PMU,119,0.0008886237353115875
5,UPFC_tse,5-15,-2.188940734317384,94,-2.149220411745121,MAP_PMU,119,0.0397203225722631
0,x_tcsc,1-14,-0.14221049952047826,95,-0.13661769123123776,MAP_PMU,119,0.005592808289240497
1,B_svc,2,0.2870062829765576,95,0.2855746346746997,MAP_PMU,119,0.0014316483018579351
2,UPFC_Vsh,5-15,1.1056656193429157,95,1.1057641959097058,MAP_PMU,119,9.857656679002069e-05
3,UPFC_tsh,5-15,-0.22854752586878385,95,-0.2281284311092331,MAP_PMU,119,0.00041909475955076436
4,UPFC_Vse,5-15,0.06124116021058564,95,0.06021542330505817,MAP_PMU,119,0.0010257369055274718
5,UPFC_tse,5-15,-2.17922360545093,95,-2.149220411745121,MAP_PMU,119,0.030003193705809394
0,x_tcsc,1-14,-0.1421401683339776,96,-0.13661769123123776,MAP_PMU,119,0.005522477102739842
1,B_svc,2,0.28785974909361856,96,0.2855746346746997,MAP_PMU,119,0.0022851144189188766
2,UPFC_Vsh,5-15,1.1052433104694253,96,1.1057641959097058,MAP_PMU,119,0.0005208854402805052
3,UPFC_tsh,5-15,-0.22851062214951925,96,-0.2281284311092331,MAP_PMU,119,0.00038219104028616724
4,UPFC_Vse,5-15,0.06112187212671089,96,0.06021542330505817,MAP_PMU,119,0.0009064488216527222
5,UPFC_tse,5-15,-2.179056653909423,96,-2.149220411745121,MAP_PMU,119,0.029836242164302362
0,x_tcsc,1-14,-0.14239361109156037,97,-0.13661769123123776,MAP_PMU,119,0.005775919860322609
1,B_svc,2,0.28738800720970953,97,0.2855746346746997,MAP_PMU,119,0.0018133725350098495
2,UPFC_Vsh,5-15,1.1047846509967185,97,1.1057641959097058,MAP_PMU,119,0.0009795449129872402
3,UPFC_tsh,5-15,-0.22861463240823457,97,-0.2281284311092331,MAP_PMU,119,0.0004862012990014819
4,UPFC_Vse,5-15,0.06121885046371076,97,0.06021542330505817,MAP_PMU,119,0.0010034271586525922
5,UPFC_tse,5-15,-2.1971072449590316,97,-2.149220411745121,MAP_PMU,119,0.04788683321391085
0,x_tcsc,1-14,-0.1420881345611154,98,-0.13661769123123776,MAP_PMU,119,0.0054704433298776445
1,B_svc,2,0.28725027874752324,98,0.2855746346746997,MAP_PMU,119,0.0016756440728235567
2,UPFC_Vsh,5-15,1.105298338528692,98,1.1057641959097058,MAP_PMU,119,0.000465857381013679
3,UPFC_tsh,5-15,-0.2285270922561091,98,-0.2281284311092331,MAP_PMU,119,0.00039866114687600596
4,UPFC_Vse,5-15,0.06122457116778296,98,0.06021542330505817,MAP_PMU,119,0.0010091478627247893
5,UPFC_tse,5-15,-2.177882771557561,98,-2.149220411745121,MAP_PMU,119,0.02866235981244003
0,x_tcsc,1-14,-0.1418969030603608,99,-0.13661769123123776,MAP_PMU,119,0.005279211829123026
1,B_svc,2,0.2873647459597947,99,0.2855746346746997,MAP_PMU,119,0.0017901112850950418
2,UPFC_Vsh,5-15,1.104852769765211,99,1.1057641959097058,MAP_PMU,119,0.000911426144494687
3,UPFC_tsh,5-15,-0.22862978780991228,99,-0.2281284311092331,MAP_PMU,119,0.0005013567006791897
4,UPFC_Vse,5-15,0.06136565147271953,99,0.06021542330505817,MAP_PMU,119,0.0011502281676613602
5,UPFC_tse,5-15,-2.179599144329983,99,-2.149220411745121,MAP_PMU,119,0.030378732584862345
0,x_tcsc,1-14,-0.1391487182587512,0,-0.1391387913849911,MAP_PMU,121,9.926873760085497e-06
1,B_svc,2,0.29783126929713133,0,0.29799942444278277,MAP_PMU,121,0.00016815514565143852
2,UPFC_Vsh,5-15,1.1041964467660568,0,1.1049850763007163,MAP_PMU,121,0.000788629534659524
3,UPFC_tsh,5-15,-0.22601215253468074,0,-0.22595170388525204,MAP_PMU,121,6.044864942869599e-05
4,UPFC_Vse,5-15,0.060293470617880554,0,0.06005755428714987,MAP_PMU,121,0.00023591633073068163
5,UPFC_tse,5-15,-2.1548865418142524,0,-2.1404590999321895,MAP_PMU,121,0.014427441882062908
0,x_tcsc,1-14,-0.13913316934744124,1,-0.1391387913849911,MAP_PMU,121,5.622037549862791e-06
1,B_svc,2,0.2979014757378821,1,0.29799942444278277,MAP_PMU,121,9.794870490065222e-05
2,UPFC_Vsh,5-15,1.1041101961613908,1,1.1049850763007163,MAP_PMU,121,0.0008748801393254624
3,UPFC_tsh,5-15,-0.22597459958502258,1,-0.22595170388525204,MAP_PMU,121,2.2895699770542066e-05
4,UPFC_Vse,5-15,0.05964078672395338,1,0.06005755428714987,MAP_PMU,121,0.00041676756319649483
5,UPFC_tse,5-15,-2.1575636969746554,1,-2.1404590999321895,MAP_PMU,121,0.01710459704246592
0,x_tcsc,1-14,-0.1391127510907745,2,-0.1391387913849911,MAP_PMU,121,2.604029421660048e-05
1,B_svc,2,0.29818945333710606,2,0.29799942444278277,MAP_PMU,121,0.00019002889432329084
2,UPFC_Vsh,5-15,1.1042396167216888,2,1.1049850763007163,MAP_PMU,121,0.0007454595790274965
3,UPFC_tsh,5-15,-0.226053091627919,2,-0.22595170388525204,MAP_PMU,121,0.00010138774266696404
4,UPFC_Vse,5-15,0.06062004529178491,2,0.06005755428714987,MAP_PMU,121,0.0005624910046350406
5,UPFC_tse,5-15,-2.1539422618979573,2,-2.1404590999321895,MAP_PMU,121,0.01348316196576782
0,x_tcsc,1-14,-0.13914844248319386,3,-0.1391387913849911,MAP_PMU,121,9.651098202750896e-06
1,B_svc,2,0.2980196449227588,3,0.29799942444278277,MAP_PMU,121,2.0220479976018613e-05
2,UPFC_Vsh,5-15,1.1043104300538313,3,1.1049850763007163,MAP_PMU,121,0.0006746462468849579
3,UPFC_tsh,5-15,-0.2260362969892911,3,-0.22595170388525204,MAP_PMU,121,8.459310403904907e-05
4,UPFC_Vse,5-15,0.0605100741859601,3,0.06005755428714987,MAP_PMU,121,0.0004525198988102261
5,UPFC_tse,5-15,-2.147517462440328,3,-2.1404590999321895,MAP_PMU,121,0.007058362508138405
0,x_tcsc,1-14,-0.13915154234996208,4,-0.1391387913849911,MAP_PMU,121,1.2750964970970058e-05
1,B_svc,2,0.2977313181097641,4,0.29799942444278277,MAP_PMU,121,0.0002681063330186584
2,UPFC_Vsh,5-15,1.1040795878218397,4,1.1049850763007163,MAP_PMU,121,0.0009054884788766149
3,UPFC_tsh,5-15,-0.22603092371973932,4,-0.22595170388525204,MAP_PMU,121,7.921983448727632e-05
4,UPFC_Vse,5-15,0.06019474278488147,4,0.06005755428714987,MAP_PMU,121,0.00013718849773159542
5,UPFC_tse,5-15,-2.1482463303114465,4,-2.1404590999321895,MAP_PMU,121,0.007787230379256993
0,x_tcsc,1-14,-0.13912693668476633,5,-0.1391387913849911,MAP_PMU,121,1.185470022477264e-05
1,B_svc,2,0.2980038184922095,5,0.29799942444278277,MAP_PMU,121,4.394049426759139e-06
2,UPFC_Vsh,5-15,1.104269903232442,5,1.1049850763007163,MAP_PMU,121,0.0007151730682743995
3,UPFC_tsh,5-15,-0.22593652006908563,5,-0.22595170388525204,MAP_PMU,121,1.5183816166414177e-05
4,UPFC_Vse,5-15,0.06026880230508601,5,0.06005755428714987,MAP_PMU,121,0.0002112480179361359
5,UPFC_tse,5-15,-2.1365490280930417,5,-2.1404590999321895,MAP_PMU,121,0.003910071839147822
0,x_tcsc,1-14,-0.13914807277265062,6,-0.1391387913849911,MAP_PMU,121,9.281387659515472e-06
1,B_svc,2,0.29781667997729916,6,0.29799942444278277,MAP_PMU,121,0.00018274446548360856
2,UPFC_Vsh,5-15,1.1045866567630391,6,1.1049850763007163,MAP_PMU,121,0.00039841953767716376
3,UPFC_tsh,5-15,-0.22605374879702111,6,-0.22595170388525204,MAP_PMU,121,0.00010204491176907249
4,UPFC_Vse,5-15,0.060284208676644926,6,0.06005755428714987,MAP_PMU,121,0.000226654389495054
5,UPFC_tse,5-15,-2.1452110271585725,6,-2.1404590999321895,MAP_PMU,121,0.004751927226382957
0,x_tcsc,1-14,-0.13915140075211493,7,-0.1391387913849911,MAP_PMU,121,1.2609367123828097e-05
1,B_svc,2,0.29803667905096154,7,0.29799942444278277,MAP_PMU,121,3.7254608178771687e-05
2,UPFC_Vsh,5-15,1.1047957308598808,7,1.1049850763007163,MAP_PMU,121,0.00018934544083548666
3,UPFC_tsh,5-15,-0.22595799156155852,7,-0.22595170388525204,MAP_PMU,121,6.287676306476753e-06
4,UPFC_Vse,5-15,0.06008421882889095,7,0.06005755428714987,MAP_PMU,121,2.666454174107824e-05
5,UPFC_tse,5-15,-2.1464675833053692,7,-2.1404590999321895,MAP_PMU,121,0.006008483373179718
0,x_tcsc,1-14,-0.13914150894274524,8,-0.1391387913849911,MAP_PMU,121,2.717557754133848e-06
1,B_svc,2,0.2980535163583225,8,0.29799942444278277,MAP_PMU,121,5.409191553973347e-05
2,UPFC_Vsh,5-15,1.1042787396487757,8,1.1049850763007163,MAP_PMU,121,0.0007063366519406422
3,UPFC_tsh,5-15,-0.22605527002297948,8,-0.22595170388525204,MAP_PMU,121,0.00010356613772743994
4,UPFC_Vse,5-15,0.0602360743575412,8,0.06005755428714987,MAP_PMU,121,0.00017852007039132617
5,UPFC_tse,5-15,-2.1473943184072724,8,-2.1404590999321895,MAP_PMU,121,0.006935218475082827
0,x_tcsc,1-14,-0.13915072323742225,9,-0.1391387913849911,MAP_PMU,121,1.193185243114625e-05
1,B_svc,2,0.29771987189548055,9,0.29799942444278277,MAP_PMU,121,0.0002795525473022198
2,UPFC_Vsh,5-15,1.1043946610154396,9,1.1049850763007163,MAP_PMU,121,0.000590415285276702
3,UPFC_tsh,5-15,-0.22595884297715155,9,-0.22595170388525204,MAP_PMU,121,7.139091899505123e-06
4,UPFC_Vse,5-15,0.06020495214423375,9,0.06005755428714987,MAP_PMU,121,0.0001473978570838766
5,UPFC_tse,5-15,-2.147348407268435,9,-2.1404590999321895,MAP_PMU,121,0.006889307336245487
0,x_tcsc,1-14,-0.13914549261382161,10,-0.1391387913849911,MAP_PMU,121,6.701228830507944e-06
1,B_svc,2,0.2983208548433225,10,0.29799942444278277,MAP_PMU,121,0.00032143040053972394
2,UPFC_Vsh,5-15,1.1047436873368035,10,1.1049850763007163,MAP_PMU,121,0.00024138896391279197
3,UPFC_tsh,5-15,-0.22598703894694416,10,-0.22595170388525204,MAP_PMU,121,3.5335061692121084e-05
4,UPFC_Vse,5-15,0.060235665914725275,10,0.06005755428714987,MAP_PMU,121,0.000178111627575403
5,UPFC_tse,5-15,-2.140556213511525,10,-2.1404590999321895,MAP_PMU,121,9.711357933550602e-05
0,x_tcsc,1-14,-0.13914752196710103,11,-0.1391387913849911,MAP_PMU,121,8.730582109928164e-06
1,B_svc,2,0.2977059192877486,11,0.29799942444278277,MAP_PMU,121,0.0002935051550341794
2,UPFC_Vsh,5-15,1.1042993314575524,11,1.1049850763007163,MAP_PMU,121,0.0006857448431638602
3,UPFC_tsh,5-15,-0.22601794697275357,11,-0.22595170388525204,MAP_PMU,121,6.624308750152741e-05
4,UPFC_Vse,5-15,0.06013178862140914,11,0.06005755428714987,MAP_PMU,121,7.423433425926551e-05
5,UPFC_tse,5-15,-2.150412142500411,11,-2.1404590999321895,MAP_PMU,121,0.009953042568221271
0,x_tcsc,1-14,-0.1391473490022144,12,-0.1391387913849911,MAP_PMU,121,8.557617223292624e-06
1,B_svc,2,0.29850023796247793,12,0.29799942444278277,MAP_PMU,121,0.0005008135196951646
2,UPFC_Vsh,5-15,1.1044199195779671,12,1.1049850763007163,MAP_PMU,121,0.0005651567227491494
3,UPFC_tsh,5-15,-0.2259883394870315,12,-0.22595170388525204,MAP_PMU,121,3.6635601779466676e-05
4,UPFC_Vse,5-15,0.05944670176523452,12,0.06005755428714987,MAP_PMU,121,0.0006108525219153532
5,UPFC_tse,5-15,-2.1503186787650486,12,-2.1404590999321895,MAP_PMU,121,0.00985957883285904
0,x_tcsc,1-14,-0.1391259519221129,13,-0.1391387913849911,MAP_PMU,121,1.2839462878194707e-05
1,B_svc,2,0.2984076890488807,13,0.29799942444278277,MAP_PMU,121,0.00040826460609794113
2,UPFC_Vsh,5-15,1.104355665313177,13,1.1049850763007163,MAP_PMU,121,0.000629410987539325
3,UPFC_tsh,5-15,-0.22601673874445727,13,-0.22595170388525204,MAP_PMU,121,6.503485920522634e-05
4,UPFC_Vse,5-15,0.05996260569826197,13,0.06005755428714987,MAP_PMU,121,9.49485888879012e-05
5,UPFC_tse,5-15,-2.1525719848835108,13,-2.1404590999321895,MAP_PMU,121,0.012112884951321234
0,x_tcsc,1-14,-0.13915326732273697,14,-0.1391387913849911,MAP_PMU,121,1.4475937745866974e-05
1,B_svc,2,0.2980574887175716,14,0.29799942444278277,MAP_PMU,121,5.806427478882714e-05
2,UPFC_Vsh,5-15,1.1042081596981617,14,1.1049850763007163,MAP_PMU,121,0.0007769166025546337
3,UPFC_tsh,5-15,-0.22592703344512233,14,-0.22595170388525204,MAP_PMU,121,2.4670440129714866e-05
4,UPFC_Vse,5-15,0.060131224290333046,14,0.06005755428714987,MAP_PMU,121,7.367000318317385e-05
5,UPFC_tse,5-15,-2.1488076449941262,14,-2.1404590999321895,MAP_PMU,121,0.008348545061936719
0,x_tcsc,1-14,-0.13914673694244095,15,-0.1391387913849911,MAP_PMU,121,7.945557449845486e-06
1,B_svc,2,0.29772205503278304,15,0.29799942444278277,MAP_PMU,121,0.00027736940999972814
2,UPFC_Vsh,5-15,1.1043410164782475,15,1.1049850763007163,MAP_PMU,121,0.0006440598224688454
3,UPFC_tsh,5-15,-0.22598614485887938,15,-0.22595170388525204,MAP_PMU,121,3.444097362734211e-05
4,UPFC_Vse,5-15,0.06015884694407564,15,0.06005755428714987,MAP_PMU,121,0.00010129265692576661
5,UPFC_tse,5-15,-2.1401785721018127,15,-2.1404590999321895,MAP_PMU,121,0.00028052783037679774
0,x_tcsc,1-14,-0.13912017780966285,16,-0.1391387913849911,MAP_PMU,121,1.8613575328257914e-05
1,B_svc,2,0.29816784782929273,16,0.29799942444278277,MAP_PMU,121,0.0001684233865099638
2,UPFC_Vsh,5-15,1.1045660934847104,16,1.1049850763007163,MAP_PMU,121,0.00041898281600594167
3,UPFC_tsh,5-15,-0.2259072607088195,16,-0.22595170388525204,MAP_PMU,121,4.4443176432540366e-05
4,UPFC_Vse,5-15,0.0598420982281659,16,0.06005755428714987,MAP_PMU,121,0.00021545605898397324
5,UPFC_tse,5-15,-2.146102413417274,16,-2.1404590999321895,MAP_PMU,121,0.005643313485084622
0,x_tcsc,1-14,-0.13912968586051225,17,-0.1391387913849911,MAP_PMU,121,9.105524478858484e-06
1,B_svc,2,0.2984311652289192,17,0.29799942444278277,MAP_PMU,121,0.0004317407861364475
2,UPFC_Vsh,5-15,1.1041553903480468,17,1.1049850763007163,MAP_PMU,121,0.0008296859526695233
3,UPFC_tsh,5-15,-0.2259820832406812,17,-0.22595170388525204,MAP_PMU,121,3.0379355429155375e-05
4,UPFC_Vse,5-15,0.06014149621637144,17,0.06005755428714987,MAP_PMU,121,8.394192922156485e-05
5,UPFC_tse,5-15,-2.1474630417649365,17,-2.1404590999321895,MAP_PMU,121,0.007003941832746996
0,x_tcsc,1-14,-0.13913857526284554,18,-0.1391387913849911,MAP_PMU,121,2.1612214556876452e-07
1,B_svc,2,0.2983900752639473,18,0.29799942444278277,MAP_PMU,121,0.00039065082116451766
2,UPFC_Vsh,5-15,1.1045316139850363,18,1.1049850763007163,MAP_PMU,121,0.00045346231567999773
3,UPFC_tsh,5-15,-0.2259458790808796,18,-0.22595170388525204,MAP_PMU,121,5.824804372445147e-06
4,UPFC_Vse,5-15,0.060267116541478434,18,0.06005755428714987,MAP_PMU,121,0.00020956225432856163
5,UPFC_tse,5-15,-2.135085344792098,18,-2.1404590999321895,MAP_PMU,121,0.0053737551400914185
0,x_tcsc,1-14,-0.13915386611116234,19,-0.1391387913849911,MAP_PMU,121,1.5074726171238062e-05
1,B_svc,2,0.2980930924145788,19,0.29799942444278277,MAP_PMU,121,9.366797179605202e-05
2,UPFC_Vsh,5-15,1.1044724075346868,19,1.1049850763007163,MAP_PMU,121,0.0005126687660295115
3,UPFC_tsh,5-15,-0.22592300753077718,19,-0.22595170388525204,MAP_PMU,121,2.8696354474860852e-05
4,UPFC_Vse,5-15,0.06007477218991038,19,0.06005755428714987,MAP_PMU,121,1.7217902760505166e-05
5,UPFC_tse,5-15,-2.1439799286978003,19,-2.1404590999321895,MAP_PMU,121,0.003520828765610773
0,x_tcsc,1-14,-0.1391411886685298,20,-0.1391387913849911,MAP_PMU,121,2.3972835387076064e-06
1,B_svc,2,0.29847642923575285,20,0.29799942444278277,MAP_PMU,121,0.0004770047929700816
2,UPFC_Vsh,5-15,1.1043973442214652,20,1.1049850763007163,MAP_PMU,121,0.0005877320792511131
3,UPFC_tsh,5-15,-0.2259702941980872,20,-0.22595170388525204,MAP_PMU,121,1.859031283515944e-05
4,UPFC_Vse,5-15,0.060504648292988475,20,0.06005755428714987,MAP_PMU,121,0.0004470940058386025
5,UPFC_tse,5-15,-2.145877602027766,20,-2.1404590999321895,MAP_PMU,121,0.005418502095576372
0,x_tcsc,1-14,-0.1391459203117984,21,-0.1391387913849911,MAP_PMU,121,7.1289268072927126e-06
1,B_svc,2,0.2981024374495797,21,0.29799942444278277,MAP_PMU,121,0.00010301300679693703
2,UPFC_Vsh,5-15,1.1044568617602968,21,1.1049850763007163,MAP_PMU,121,0.0005282145404195138
3,UPFC_tsh,5-15,-0.22590609467457634,21,-0.22595170388525204,MAP_PMU,121,4.560921067570112e-05
4,UPFC_Vse,5-15,0.06036017946113726,21,0.06005755428714987,MAP_PMU,121,0.0003026251739873878
5,UPFC_tse,5-15,-2.14648888121534,21,-2.1404590999321895,MAP_PMU,121,0.006029781283150459
0,x_tcsc,1-14,-0.13913521220729363,22,-0.1391387913849911,MAP_PMU,121,3.579177697471403e-06
1,B_svc,2,0.2984199643085464,22,0.29799942444278277,MAP_PMU,121,0.000420539865763625
2,UPFC_Vsh,5-15,1.104433035726966,22,1.1049850763007163,MAP_PMU,121,0.0005520405737502454
3,UPFC_tsh,5-15,-0.22601312068776644,22,-0.22595170388525204,MAP_PMU,121,6.141680251439685e-05
4,UPFC_Vse,5-15,0.05990499013596182,22,0.06005755428714987,MAP_PMU,121,0.00015256415118804906
5,UPFC_tse,5-15,-2.149860458739494,22,-2.1404590999321895,MAP_PMU,121,0.009401358807304305
0,x_tcsc,1-14,-0.13914989760937718,23,-0.1391387913849911,MAP_PMU,121,1.1106224386076002e-05
1,B_svc,2,0.298062210246674,23,0.29799942444278277,MAP_PMU,121,6.2785803891241e-05
2,UPFC_Vsh,5-15,1.10451228751763,23,1.1049850763007163,MAP_PMU,121,0.00047278878308620875
3,UPFC_tsh,5-15,-0.22596938841517542,23,-0.22595170388525204,MAP_PMU,121,1.7684529923372994e-05
4,UPFC_Vse,5-15,0.060062560514918296,23,0.06005755428714987,MAP_PMU,121,5.006227768424021e-06
5,UPFC_tse,5-15,-2.1458134934876316,23,-2.1404590999321895,MAP_PMU,121,0.005354393555442094
0,x_tcsc,1-14,-0.13914584261258778,24,-0.1391387913849911,MAP_PMU,121,7.05122759667165e-06
1,B_svc,2,0.2982171046457614,24,0.29799942444278277,MAP_PMU,121,0.00021768020297863178
2,UPFC_Vsh,5-15,1.1040425987051377,24,1.1049850763007163,MAP_PMU,121,0.0009424775955786391
3,UPFC_tsh,5-15,-0.22597136035889825,24,-0.22595170388525204,MAP_PMU,121,1.965647364621237e-05
4,UPFC_Vse,5-15,0.06057545371390666,24,0.06005755428714987,MAP_PMU,121,0.0005178994267567849
5,UPFC_tse,5-15,-2.146986875526361,24,-2.1404590999321895,MAP_PMU,121,0.006527775594171281
0,x_tcsc,1-14,-0.13913680288663288,25,-0.1391387913849911,MAP_PMU,121,1.9884983582241222e-06
1,B_svc,2,0.2973530739994052,25,0.29799942444278277,MAP_PMU,121,0.0006463504433775746
2,UPFC_Vsh,5-15,1.1044846593493598,25,1.1049850763007163,MAP_PMU,121,0.0005004169513564971
3,UPFC_tsh,5-15,-0.22592455775843429,25,-0.22595170388525204,MAP_PMU,121,2.714612681775641e-05
4,UPFC_Vse,5-15,0.05988850038423655,25,0.06005755428714987,MAP_PMU,121,0.00016905390291332284
5,UPFC_tse,5-15,-2.1416342357998492,25,-2.1404590999321895,MAP_PMU,121,0.0011751358676597157
0,x_tcsc,1-14,-0.13913672485305284,26,-0.1391387913849911,MAP_PMU,121,2.066531938266225e-06
1,B_svc,2,0.2977619319393305,26,0.29799942444278277,MAP_PMU,121,0.00023749250345228567
2,UPFC_Vsh,5-15,1.1047925190136374,26,1.1049850763007163,MAP_PMU,121,0.0001925572870788983
3,UPFC_tsh,5-15,-0.22597034160091514,26,-0.22595170388525204,MAP_PMU,121,1.863771566310013e-05
4,UPFC_Vse,5-15,0.05999432563102097,26,0.06005755428714987,MAP_PMU,121,6.322865612889972e-05
5,UPFC_tse,5-15,-2.1415362456844487,26,-2.1404590999321895,MAP_PMU,121,0.0010771457522591454
0,x_tcsc,1-14,-0.1391306572311174,27,-0.1391387913849911,MAP_PMU,121,8.134153873712302e-06
1,B_svc,2,0.2982431297808404,27,0.29799942444278277,MAP_PMU,121,0.0002437053380576204
2,UPFC_Vsh,5-15,1.1042187161899792,27,1.1049850763007163,MAP_PMU,121,0.0007663601107370521
3,UPFC_tsh,5-15,-0.22600973098982757,27,-0.22595170388525204,MAP_PMU,121,5.802710457553095e-05
4,UPFC_Vse,5-15,0.05980139381022654,27,0.06005755428714987,MAP_PMU,121,0.0002561604769233325
5,UPFC_tse,5-15,-2.1448610251738702,27,-2.1404590999321895,MAP_PMU,121,0.004401925241680704
0,x_tcsc,1-14,-0.13912055787961458,28,-0.1391387913849911,MAP_PMU,121,1.8233505376524795e-05
1,B_svc,2,0.29791744448189805,28,0.29799942444278277,MAP_PMU,121,8.197996088471493e-05
2,UPFC_Vsh,5-15,1.1044876262892318,28,1.1049850763007163,MAP_PMU,121,0.0004974500114844904
3,UPFC_tsh,5-15,-0.2259158703352894,28,-0.22595170388525204,MAP_PMU,121,3.5833549962643874e-05
4,UPFC_Vse,5-15,0.060487804962995405,28,0.06005755428714987,MAP_PMU,121,0.0004302506758455324
5,UPFC_tse,5-15,-2.1458138262889763,28,-2.1404590999321895,MAP_PMU,121,0.005354726356786799
0,x_tcsc,1-14,-0.13917649068726864,29,-0.1391387913849911,MAP_PMU,121,3.769930227753848e-05
1,B_svc,2,0.29813959277079605,29,0.29799942444278277,MAP_PMU,121,0.00014016832801327928
2,UPFC_Vsh,5-15,1.1044191260974914,29,1.1049850763007163,MAP_PMU,121,0.0005659502032249186
3,UPFC_tsh,5-15,-0.22597299885096317,29,-0.22595170388525204,MAP_PMU,121,2.1294965711127212e-05
4,UPFC_Vse,5-15,0.06023490369416059,29,0.06005755428714987,MAP_PMU,121,0.00017734940701071705
5,UPFC_tse,5-15,-2.1399282461271874,29,-2.1404590999321895,MAP_PMU,121,0.0005308538050021738
0,x_tcsc,1-14,-0.13914581470290252,30,-0.1391387913849911,MAP_PMU,121,7.023317911414306e-06
1,B_svc,2,0.29838248631992015,30,0.29799942444278277,MAP_PMU,121,0.0003830618771373806
2,UPFC_Vsh,5-15,1.1042243702953476,30,1.1049850763007163,MAP_PMU,121,0.0007607060053687054
3,UPFC_tsh,5-15,-0.22601730523413716,30,-0.22595170388525204,MAP_PMU,121,6.560134888511371e-05
4,UPFC_Vse,5-15,0.06006656777619964,30,0.06005755428714987,MAP_PMU,121,9.01348904976812e-06
5,UPFC_tse,5-15,-2.162541804051091,30,-2.1404590999321895,MAP_PMU,121,0.022082704118901564
0,x_tcsc,1-14,-0.13911975496912451,31,-0.1391387913849911,MAP_PMU,121,1.9036415866591216e-05
1,B_svc,2,0.29774187406783287,31,0.29799942444278277,MAP_PMU,121,0.00025755037494989974
2,UPFC_Vsh,5-15,1.1044791639017084,31,1.1049850763007163,MAP_PMU,121,0.0005059123990078795
3,UPFC_tsh,5-15,-0.22596443442485026,31,-0.22595170388525204,MAP_PMU,121,1.2730539598215795e-05
4,UPFC_Vse,5-15,0.06035585714564072,31,0.06005755428714987,MAP_PMU,121,0.00029830285849084814
5,UPFC_tse,5-15,-2.1404321757337903,31,-2.1404590999321895,MAP_PMU,121,2.692419839922522e-05
0,x_tcsc,1-14,-0.13913379505904439,32,-0.1391387913849911,MAP_PMU,121,4.99632594672117e-06
1,B_svc,2,0.2979139226031129,32,0.29799942444278277,MAP_PMU,121,8.550183966987701e-05
2,UPFC_Vsh,5-15,1.1043713672940139,32,1.1049850763007163,MAP_PMU,121,0.0006137090067024342
3,UPFC_tsh,5-15,-0.22598153177857042,32,-0.22595170388525204,MAP_PMU,121,2.9827893318373766e-05
4,UPFC_Vse,5-15,0.06024344481759295,32,0.06005755428714987,MAP_PMU,121,0.0001858905304430794
5,UPFC_tse,5-15,-2.1501181779285665,32,-2.1404590999321895,MAP_PMU,121,0.009659077996376997
0,x_tcsc,1-14,-0.13912525936501063,33,-0.1391387913849911,MAP_PMU,121,1.3532019980472265e-05
1,B_svc,2,0.2979560504659253,33,0.29799942444278277,MAP_PMU,121,4.337397685744149e-05
2,UPFC_Vsh,5-15,1.1044700962433414,33,1.1049850763007163,MAP_PMU,121,0.0005149800573749364
3,UPFC_tsh,5-15,-0.22599129665854584,33,-0.22595170388525204,MAP_PMU,121,3.959277329379507e-05
4,UPFC_Vse,5-15,0.05985273024126276,33,0.06005755428714987,MAP_PMU,121,0.00020482404588711284
5,UPFC_tse,5-15,-2.1492460800202813,33,-2.1404590999321895,MAP_PMU,121,0.008786980088091756
0,x_tcsc,1-14,-0.13915384619084023,34,-0.1391387913849911,MAP_PMU,121,1.5054805849123998e-05
1,B_svc,2,0.29842141175511444,34,0.29799942444278277,MAP_PMU,121,0.0004219873123316731
2,UPFC_Vsh,5-15,1.1042384218550199,34,1.1049850763007163,MAP_PMU,121,0.0007466544456964375
3,UPFC_tsh,5-15,-0.22601626249888926,34,-0.22595170388525204,MAP_PMU,121,6.455861363721671e-05
4,UPFC_Vse,5-15,0.0600212219621501,34,0.06005755428714987,MAP_PMU,121,3.633232499977018e-05
5,UPFC_tse,5-15,-2.1427297484727874,34,-2.1404590999321895,MAP_PMU,121,0.002270648540597886
0,x_tcsc,1-14,-0.1391312252132675,35,-0.1391387913849911,MAP_PMU,121,7.566171723594195e-06
1,B_svc,2,0.2979637206583481,35,0.29799942444278277,MAP_PMU,121,3.570378443468192e-05
2,UPFC_Vsh,5-15,1.104313464255575,35,1.1049850763007163,MAP_PMU,121,0.0006716120451413232
3,UPFC_tsh,5-15,-0.22596443346125206,35,-0.22595170388525204,MAP_PMU,121,1.2729576000014564e-05
4,UPFC_Vse,5-15,0.0599865513200572,35,0.06005755428714987,MAP_PMU,121,7.10029670926704e-05
5,UPFC_tse,5-15,-2.147406104825866,35,-2.1404590999321895,MAP_PMU,121,0.0069470048936763895
0,x_tcsc,1-14,-0.13912229540479193,36,-0.1391387913849911,MAP_PMU,121,1.6495980199177085e-05
1,B_svc,2,0.2978884402668865,36,0.29799942444278277,MAP_PMU,121,0.00011098417589627818
2,UPFC_Vsh,5-15,1.1043015403071224,36,1.1049850763007163,MAP_PMU,121,0.0006835359935939422
3,UPFC_tsh,5-15,-0.22594843483846305,36,-0.22595170388525204,MAP_PMU,121,3.269046788989538e-06
4,UPFC_Vse,5-15,0.059819160171930036,36,0.06005755428714987,MAP_PMU,121,0.00023839411521983656
5,UPFC_tse,5-15,-2.1559436713395472,36,-2.1404590999321895,MAP_PMU,121,0.015484571407357706
0,x_tcsc,1-14,-0.13914294152324264,37,-0.1391387913849911,MAP_PMU,121,4.150138251529656e-06
1,B_svc,2,0.2978069204191039,37,0.29799942444278277,MAP_PMU,121,0.00019250402367887443
2,UPFC_Vsh,5-15,1.104541219859044,37,1.1049850763007163,MAP_PMU,121,0.00044385644167221905
3,UPFC_tsh,5-15,-0.225937965332294,37,-0.22595170388525204,MAP_PMU,121,1.3738552958053596e-05
4,UPFC_Vse,5-15,0.060131392246030736,37,0.06005755428714987,MAP_PMU,121,7.383795888086381e-05
5,UPFC_tse,5-15,-2.1460421317554292,37,-2.1404590999321895,MAP_PMU,121,0.005583031823239715
0,x_tcsc,1-14,-0.13914302016597338,38,-0.1391387913849911,MAP_PMU,121,4.228780982273861e-06
1,B_svc,2,0.2980971621499146,38,0.29799942444278277,MAP_PMU,121,9.773770713183971e-05
2,UPFC_Vsh,5-15,1.1042368919560912,38,1.1049850763007163,MAP_PMU,121,0.0007481843446250913
3,UPFC_tsh,5-15,-0.22598751696609096,38,-0.22595170388525204,MAP_PMU,121,3.5813080838914546e-05
4,UPFC_Vse,5-15,0.06020846752996728,38,0.06005755428714987,MAP_PMU,121,0.0001509132428174076
5,UPFC_tse,5-15,-2.1464095744021736,38,-2.1404590999321895,MAP_PMU,121,0.005950474469984091
0,x_tcsc,1-14,-0.1391436590282669,39,-0.1391387913849911,MAP_PMU,121,4.867643275785483e-06
1,B_svc,2,0.29751530111665786,39,0.29799942444278277,MAP_PMU,121,0.0004841233261249078
2,UPFC_Vsh,5-15,1.1043289776621361,39,1.1049850763007163,MAP_PMU,121,0.0006560986385801826
3,UPFC_tsh,5-15,-0.2259302992229647,39,-0.22595170388525204,MAP_PMU,121,2.1404662287338727e-05
4,UPFC_Vse,5-15,0.05997138444143332,39,0.06005755428714987,MAP_PMU,121,8.61698457165494e-05
5,UPFC_tse,5-15,-2.1441308579395866,39,-2.1404590999321895,MAP_PMU,121,0.0036717580073970524
0,x_tcsc,1-14,-0.1391286520435675,40,-0.1391387913849911,MAP_PMU,121,1.0139341423603954e-05
1,B_svc,2,0.29798093814040383,40,0.29799942444278277,MAP_PMU,121,1.8486302378939445e-05
2,UPFC_Vsh,5-15,1.104109962467343,40,1.1049850763007163,MAP_PMU,121,0.0008751138333733532
3,UPFC_tsh,5-15,-0.22599129269698534,40,-0.22595170388525204,MAP_PMU,121,3.9588811733298757e-05
4,UPFC_Vse,5-15,0.06040887159073956,40,0.06005755428714987,MAP_PMU,121,0.00035131730358968494
5,UPFC_tse,5-15,-2.1492291287314034,40,-2.1404590999321895,MAP_PMU,121,0.008770028799213847
0,x_tcsc,1-14,-0.1391232609438952,41,-0.1391387913849911,MAP_PMU,121,1.553044109589563e-05
1,B_svc,2,0.29781233173493377,41,0.29799942444278277,MAP_PMU,121,0.00018709270784900145
2,UPFC_Vsh,5-15,1.1047353365212251,41,1.1049850763007163,MAP_PMU,121,0.0002497397794911649
3,UPFC_tsh,5-15,-0.22582858791365487,41,-0.22595170388525204,MAP_PMU,121,0.0001231159715971708
4,UPFC_Vse,5-15,0.0596500408929588,41,0.06005755428714987,MAP_PMU,121,0.00040751339419107385
5,UPFC_tse,5-15,-2.132328763539727,41,-2.1404590999321895,MAP_PMU,121,0.008130336392462745
0,x_tcsc,1-14,-0.13914601454804124,42,-0.1391387913849911,MAP_PMU,121,7.2231630501296e-06
1,B_svc,2,0.2981063494765091,42,0.29799942444278277,MAP_PMU,121,0.000106925033726335
2,UPFC_Vsh,5-15,1.104551365921879,42,1.1049850763007163,MAP_PMU,121,0.0004337103788372154
3,UPFC_tsh,5-15,-0.2259259137814763,42,-0.22595170388525204,MAP_PMU,121,2.5790103775735762e-05
4,UPFC_Vse,5-15,0.060037002030610215,42,0.06005755428714987,MAP_PMU,121,2.0552256539657643e-05
5,UPFC_tse,5-15,-2.1376720650071257,42,-2.1404590999321895,MAP_PMU,121,0.002787034925063825
0,x_tcsc,1-14,-0.13913570761001154,43,-0.1391387913849911,MAP_PMU,121,3.0837749795675773e-06
1,B_svc,2,0.2982725747346026,43,0.29799942444278277,MAP_PMU,121,0.00027315029181984585
2,UPFC_Vsh,5-15,1.1047137519854124,43,1.1049850763007163,MAP_PMU,121,0.0002713243153038558
3,UPFC_tsh,5-15,-0.22596130746658924,43,-0.22595170388525204,MAP_PMU,121,9.60358133719752e-06
4,UPFC_Vse,5-15,0.05979144607648214,43,0.06005755428714987,MAP_PMU,121,0.00026610821066773427
5,UPFC_tse,5-15,-2.1443943238015417,43,-2.1404590999321895,MAP_PMU,121,0.003935223869352189
0,x_tcsc,1-14,-0.13915120569752615,44,-0.1391387913849911,MAP_PMU,121,1.2414312535041772e-05
1,B_svc,2,0.29802355806778746,44,0.29799942444278277,MAP_PMU,121,2.4133625004696402e-05
2,UPFC_Vsh,5-15,1.1042335367240352,44,1.1049850763007163,MAP_PMU,121,0.0007515395766810595
3,UPFC_tsh,5-15,-0.2259343251291884,44,-0.22595170388525204,MAP_PMU,121,1.73787560636407e-05
4,UPFC_Vse,5-15,0.06026361585850299,44,0.06005755428714987,MAP_PMU,121,0.00020606157135311803
5,UPFC_tse,5-15,-2.145964477635665,44,-2.1404590999321895,MAP_PMU,121,0.005505377703475478
0,x_tcsc,1-14,-0.13914801105683994,45,-0.1391387913849911,MAP_PMU,121,9.219671848831323e-06
1,B_svc,2,0.29790601259073846,45,0.29799942444278277,MAP_PMU,121,9.341185204431168e-05
2,UPFC_Vsh,5-15,1.104434628299914,45,1.1049850763007163,MAP_PMU,121,0.0005504480008022838
3,UPFC_tsh,5-15,-0.2259945013284388,45,-0.22595170388525204,MAP_PMU,121,4.2797443186748385e-05
4,UPFC_Vse,5-15,0.05982855752046759,45,0.06005755428714987,MAP_PMU,121,0.0002289967666822823
5,UPFC_tse,5-15,-2.15109800501957,45,-2.1404590999321895,MAP_PMU,121,0.010638905087380301
0,x_tcsc,1-14,-0.13915587845027128,46,-0.1391387913849911,MAP_PMU,121,1.7087065280169123e-05
1,B_svc,2,0.2979149547945839,46,0.29799942444278277,MAP_PMU,121,8.446964819885938e-05
2,UPFC_Vsh,5-15,1.1047382230500338,46,1.1049850763007163,MAP_PMU,121,0.0002468532506825216
3,UPFC_tsh,5-15,-0.22585183746720883,46,-0.22595170388525204,MAP_PMU,121,9.986641804321517e-05
4,UPFC_Vse,5-15,0.06015436660551365,46,0.06005755428714987,MAP_PMU,121,9.681231836377452e-05
5,UPFC_tse,5-15,-2.1422772592485027,46,-2.1404590999321895,MAP_PMU,121,0.0018181593163131282
0,x_tcsc,1-14,-0.1391392048638887,47,-0.1391387913849911,MAP_PMU,121,4.1347889759291157e-07
1,B_svc,2,0.2980762599582348,47,0.29799942444278277,MAP_PMU,121,7.683551545201173e-05
2,UPFC_Vsh,5-15,1.1043416818525031,47,1.1049850763007163,MAP_PMU,121,0.0006433944482131526
3,UPFC_tsh,5-15,-0.22594644900503766,47,-0.22595170388525204,MAP_PMU,121,5.254880214383695e-06
4,UPFC_Vse,5-15,0.059474326022133955,47,0.06005755428714987,MAP_PMU,121,0.0005832282650159171
5,UPFC_tse,5-15,-2.14901840310499,47,-2.1404590999321895,MAP_PMU,121,0.008559303172800625
0,x_tcsc,1-14,-0.13914164850911245,48,-0.1391387913849911,MAP_PMU,121,2.8571241213470877e-06
1,B_svc,2,0.29815359892452376,48,0.29799942444278277,MAP_PMU,121,0.00015417448174098736
2,UPFC_Vsh,5-15,1.104238733795814,48,1.1049850763007163,MAP_PMU,121,0.0007463425049023531
3,UPFC_tsh,5-15,-0.22596067143531517,48,-0.22595170388525204,MAP_PMU,121,8.967550063132546e-06
4,UPFC_Vse,5-15,0.060368683357877234,48,0.06005755428714987,MAP_PMU,121,0.00031112907072736173
5,UPFC_tse,5-15,-2.1476739734705776,48,-2.1404590999321895,MAP_PMU,121,0.007214873538388122
0,x_tcsc,1-14,-0.13913123454927692,49,-0.1391387913849911,MAP_PMU,121,7.556835714184196e-06
1,B_svc,2,0.29761571088479516,49,0.29799942444278277,MAP_PMU,121,0.0003837135579876083
2,UPFC_Vsh,5-15,1.1044362958333809,49,1.1049850763007163,MAP_PMU,121,0.0005487804673354191
3,UPFC_tsh,5-15,-0.22585746907600643,49,-0.22595170388525204,MAP_PMU,121,9.423480924561356e-05
4,UPFC_Vse,5-15,0.06015140898012576,49,0.06005755428714987,MAP_PMU,121,9.385469297588933e-05
5,UPFC_tse,5-15,-2.1407657197773355,49,-2.1404590999321895,MAP_PMU,121,0.0003066198451460167
0,x_tcsc,1-14,-0.13914978514671675,50,-0.1391387913849911,MAP_PMU,121,1.0993761725641704e-05
1,B_svc,2,0.2982377321015447,50,0.29799942444278277,MAP_PMU,121,0.00023830765876192705
2,UPFC_Vsh,5-15,1.1047394835540325,50,1.1049850763007163,MAP_PMU,121,0.00024559274668378706
3,UPFC_tsh,5-15,-0.22597514482839884,50,-0.22595170388525204,MAP_PMU,121,2.3440943146796345e-05
4,UPFC_Vse,5-15,0.06024458561986853,50,0.06005755428714987,MAP_PMU,121,0.0001870313327186554
5,UPFC_tse,5-15,-2.1499571101309063,50,-2.1404590999321895,MAP_PMU,121,0.009498010198716766
0,x_tcsc,1-14,-0.139151061774744,51,-0.1391387913849911,MAP_PMU,121,1.2270389752905286e-05
1,B_svc,2,0.2981705124571406,51,0.29799942444278277,MAP_PMU,121,0.00017108801435783416
2,UPFC_Vsh,5-15,1.1041921644873394,51,1.1049850763007163,MAP_PMU,121,0.0007929118133769286
3,UPFC_tsh,5-15,-0.22589529841847916,51,-0.22595170388525204,MAP_PMU,121,5.640546677287972e-05
4,UPFC_Vse,5-15,0.05986088743219516,51,0.06005755428714987,MAP_PMU,121,0.00019666685495470931
5,UPFC_tse,5-15,-2.1349042215150456,51,-2.1404590999321895,MAP_PMU,121,0.005554878417143971
0,x_tcsc,1-14,-0.13914711378351882,52,-0.1391387913849911,MAP_PMU,121,8.32239852771588e-06
1,B_svc,2,0.2985392109942558,52,0.29799942444278277,MAP_PMU,121,0.0005397865514730205
2,UPFC_Vsh,5-15,1.1044384778001266,52,1.1049850763007163,MAP_PMU,121,0.0005465985005896901
3,UPFC_tsh,5-15,-0.22603660773752574,52,-0.22595170388525204,MAP_PMU,121,8.490385227369335e-05
4,UPFC_Vse,5-15,0.06001871073341793,52,0.06005755428714987,MAP_PMU,121,3.8843553731938985e-05
5,UPFC_tse,5-15,-2.15409614963442,52,-2.1404590999321895,MAP_PMU,121,0.013637049702230453
0,x_tcsc,1-14,-0.13915070699834722,53,-0.1391387913849911,MAP_PMU,121,1.1915613356117127e-05
1,B_svc,2,0.29814505795868457,53,0.29799942444278277,MAP_PMU,121,0.00014563351590179963
2,UPFC_Vsh,5-15,1.1043449585338219,53,1.1049850763007163,MAP_PMU,121,0.0006401177668944324
3,UPFC_tsh,5-15,-0.22595937624320334,53,-0.22595170388525204,MAP_PMU,121,7.67235795129384e-06
4,UPFC_Vse,5-15,0.059898426340695546,53,0.06005755428714987,MAP_PMU,121,0.0001591279464543266
5,UPFC_tse,5-15,-2.1438491266959225,53,-2.1404590999321895,MAP_PMU,121,0.0033900267637330117
0,x_tcsc,1-14,-0.1391394804419715,54,-0.1391387913849911,MAP_PMU,121,6.890569803907898e-07
1,B_svc,2,0.29800537935212645,54,0.29799942444278277,MAP_PMU,121,5.954909343686143e-06
2,UPFC_Vsh,5-15,1.1045241937178647,54,1.1049850763007163,MAP_PMU,121,0.0004608825828515961
3,UPFC_tsh,5-15,-0.2259504447576564,54,-0.22595170388525204,MAP_PMU,121,1.2591275956319592e-06
4,UPFC_Vse,5-15,0.060066965266450695,54,0.06005755428714987,MAP_PMU,121,9.410979300822353e-06
5,UPFC_tse,5-15,-2.1419684010485422,54,-2.1404590999321895,MAP_PMU,121,0.0015093011163527237
0,x_tcsc,1-14,-0.13913150735951457,55,-0.1391387913849911,MAP_PMU,121,7.28402547653384e-06
1,B_svc,2,0.2981034260653098,55,0.29799942444278277,MAP_PMU,121,0.00010400162252705014
2,UPFC_Vsh,5-15,1.1048996990170306,55,1.1049850763007163,MAP_PMU,121,8.537728368573916e-05
3,UPFC_tsh,5-15,-0.22597867046233938,55,-0.22595170388525204,MAP_PMU,121,2.6966577087339516e-05
4,UPFC_Vse,5-15,0.060358703529928885,55,0.06005755428714987,MAP_PMU,121,0.0003011492427790127
5,UPFC_tse,5-15,-2.1516457972650205,55,-2.1404590999321895,MAP_PMU,121,0.011186697332830953
0,x_tcsc,1-14,-0.139140325749673,56,-0.1391387913849911,MAP_PMU,121,1.5343646818932744e-06
1,B_svc,2,0.29784667796054387,56,0.29799942444278277,MAP_PMU,121,0.00015274648223889686
2,UPFC_Vsh,5-15,1.1044388923683734,56,1.1049850763007163,MAP_PMU,121,0.0005461839323428475
3,UPFC_tsh,5-15,-0.22593363916077727,56,-0.22595170388525204,MAP_PMU,121,1.8064724474770033e-05
4,UPFC_Vse,5-15,0.05994831265626782,56,0.06005755428714987,MAP_PMU,121,0.00010924163088205097
5,UPFC_tse,5-15,-2.1441505734935724,56,-2.1404590999321895,MAP_PMU,121,0.0036914735613828853
0,x_tcsc,1-14,-0.13915134383551642,57,-0.1391387913849911,MAP_PMU,121,1.255245052531051e-05
1,B_svc,2,0.2979257975059949,57,0.29799942444278277,MAP_PMU,121,7.36269367878628e-05
2,UPFC_Vsh,5-15,1.1043449919532005,57,1.1049850763007163,MAP_PMU,121,0.0006400843475158347
3,UPFC_tsh,5-15,-0.22596389144561274,57,-0.22595170388525204,MAP_PMU,121,1.2187560360699123e-05
4,UPFC_Vse,5-15,0.06026594622333875,57,0.06005755428714987,MAP_PMU,121,0.00020839193618887863
5,UPFC_tse,5-15,-2.1506423813240594,57,-2.1404590999321895,MAP_PMU,121,0.010183281391869858
0,x_tcsc,1-14,-0.13914044093375533,58,-0.1391387913849911,MAP_PMU,121,1.649548764220965e-06
1,B_svc,2,0.2975545109083181,58,0.29799942444278277,MAP_PMU,121,0.00044491353446468596
2,UPFC_Vsh,5-15,1.1045203882434091,58,1.1049850763007163,MAP_PMU,121,0.0004646880573071499
3,UPFC_tsh,5-15,-0.22594780455510666,58,-0.22595170388525204,MAP_PMU,121,3.899330145384905e-06
4,UPFC_Vse,5-15,0.05948943955006625,58,0.06005755428714987,MAP_PMU,121,0.0005681147370836248
5,UPFC_tse,5-15,-2.14320098911836,58,-2.1404590999321895,MAP_PMU,121,0.0027418891861703543
0,x_tcsc,1-14,-0.13913550777987954,59,-0.1391387913849911,MAP_PMU,121,3.28360511156478e-06
1,B_svc,2,0.2981253496463149,59,0.29799942444278277,MAP_PMU,121,0.0001259252035321068
2,UPFC_Vsh,5-15,1.1048642851155024,59,1.1049850763007163,MAP_PMU,121,0.00012079118521390875
3,UPFC_tsh,5-15,-0.22593754112625417,59,-0.22595170388525204,MAP_PMU,121,1.4162758997876557e-05
4,UPFC_Vse,5-15,0.06007486006969376,59,0.06005755428714987,MAP_PMU,121,1.730578254388604e-05
5,UPFC_tse,5-15,-2.1466795578807676,59,-2.1404590999321895,MAP_PMU,121,0.006220457948578062
0,x_tcsc,1-14,-0.13911710808901626,60,-0.1391387913849911,MAP_PMU,121,2.1683295974850303e-05
1,B_svc,2,0.29795187689880687,60,0.29799942444278277,MAP_PMU,121,4.7547543975900997e-05
2,UPFC_Vsh,5-15,1.104641472402455,60,1.1049850763007163,MAP_PMU,121,0.0003436038982613798
3,UPFC_tsh,5-15,-0.22599497920044906,60,-0.22595170388525204,MAP_PMU,121,4.327531519701666e-05
4,UPFC_Vse,5-15,0.06024070180275502,60,0.06005755428714987,MAP_PMU,121,0.0001831475156051504
5,UPFC_tse,5-15,-2.1555322392605403,60,-2.1404590999321895,MAP_PMU,121,0.015073139328350749
0,x_tcsc,1-14,-0.1391369906967322,61,-0.1391387913849911,MAP_PMU,121,1.800688258918326e-06
1,B_svc,2,0.2980803614501665,61,0.29799942444278277,MAP_PMU,121,8.09370073837079e-05
2,UPFC_Vsh,5-15,1.1044376372640636,61,1.1049850763007163,MAP_PMU,121,0.0005474390366526638
3,UPFC_tsh,5-15,-0.22602834560758966,61,-0.22595170388525204,MAP_PMU,121,7.664172233762256e-05
4,UPFC_Vse,5-15,0.06000536356086151,61,0.06005755428714987,MAP_PMU,121,5.2190726288363354e-05
5,UPFC_tse,5-15,-2.1512300937915056,61,-2.1404590999321895,MAP_PMU,121,0.010770993859316125
0,x_tcsc,1-14,-0.13913201543901071,62,-0.1391387913849911,MAP_PMU,121,6.775945980391773e-06
1,B_svc,2,0.29828081243760424,62,0.29799942444278277,MAP_PMU,121,0.00028138799482146926
2,UPFC_Vsh,5-15,1.1042255076638907,62,1.1049850763007163,MAP_PMU,121,0.0007595686368255805
3,UPFC_tsh,5-15,-0.22600535894644055,62,-0.22595170388525204,MAP_PMU,121,5.3655061188512265e-05
4,UPFC_Vse,5-15,0.060129991558329404,62,0.06005755428714987,MAP_PMU,121,7.24372711795318e-05
5,UPFC_tse,5-15,-2.149029962921753,62,-2.1404590999321895,MAP_PMU,121,0.008570862989563555
0,x_tcsc,1-14,-0.13912779118554464,63,-0.1391387913849911,MAP_PMU,121,1.1000199446470349e-05
1,B_svc,2,0.2980635527576357,63,0.29799942444278277,MAP_PMU,121,6.412831485291814e-05
2,UPFC_Vsh,5-15,1.1045246296056535,63,1.1049850763007163,MAP_PMU,121,0.00046044669506284386
3,UPFC_tsh,5-15,-0.22593200335530292,63,-0.22595170388525204,MAP_PMU,121,1.9700529949123746e-05
4,UPFC_Vse,5-15,0.06012457221445005,63,0.06005755428714987,MAP_PMU,121,6.70179273001767e-05
5,UPFC_tse,5-15,-2.131252465987306,63,-2.1404590999321895,MAP_PMU,121,0.009206633944883524
0,x_tcsc,1-14,-0.1391561108329512,64,-0.1391387913849911,MAP_PMU,121,1.731944796010132e-05
1,B_svc,2,0.29834296995494225,64,0.29799942444278277,MAP_PMU,121,0.00034354551215948215
2,UPFC_Vsh,5-15,1.1041447908123747,64,1.1049850763007163,MAP_PMU,121,0.0008402854883415856
3,UPFC_tsh,5-15,-0.22599373473222073,64,-0.22595170388525204,MAP_PMU,121,4.2030846968688085e-05
4,UPFC_Vse,5-15,0.060168939259929645,64,0.06005755428714987,MAP_PMU,121,0.0001113849727797725
5,UPFC_tse,5-15,-2.1448882219743743,64,-2.1404590999321895,MAP_PMU,121,0.004429122042184819
0,x_tcsc,1-14,-0.13913656430957033,65,-0.1391387913849911,MAP_PMU,121,2.2270754207742716e-06
1,B_svc,2,0.2982718521302388,65,0.29799942444278277,MAP_PMU,121,0.00027242768745605606
2,UPFC_Vsh,5-15,1.1039975731866558,65,1.1049850763007163,MAP_PMU,121,0.000987503114060484
3,UPFC_tsh,5-15,-0.22609440283735233,65,-0.22595170388525204,MAP_PMU,121,0.00014269895210028416
4,UPFC_Vse,5-15,0.06029090231994833,65,0.06005755428714987,MAP_PMU,121,0.00023334803279845967
5,UPFC_tse,5-15,-2.152269352013119,65,-2.1404590999321895,MAP_PMU,121,0.011810252080929562
0,x_tcsc,1-14,-0.13913986327396327,66,-0.1391387913849911,MAP_PMU,121,1.071888972165036e-06
1,B_svc,2,0.298541013135512,66,0.29799942444278277,MAP_PMU,121,0.0005415886927292446
2,UPFC_Vsh,5-15,1.1046279129907868,66,1.1049850763007163,MAP_PMU,121,0.00035716330992952017
3,UPFC_tsh,5-15,-0.22591570965054597,66,-0.22595170388525204,MAP_PMU,121,3.599423470607155e-05
4,UPFC_Vse,5-15,0.059395456360143796,66,0.06005755428714987,MAP_PMU,121,0.0006620979270060764
5,UPFC_tse,5-15,-2.1365636173583824,66,-2.1404590999321895,MAP_PMU,121,0.0038954825738071186
0,x_tcsc,1-14,-0.13914271380280155,67,-0.1391387913849911,MAP_PMU,121,3.922417810442447e-06
1,B_svc,2,0.2984542587852085,67,0.29799942444278277,MAP_PMU,121,0.00045483434242571397
2,UPFC_Vsh,5-15,1.1044566031423115,67,1.1049850763007163,MAP_PMU,121,0.0005284731584047631
3,UPFC_tsh,5-15,-0.2258950299957564,67,-0.22595170388525204,MAP_PMU,121,5.6673889495650887e-05
4,UPFC_Vse,5-15,0.05978363663049655,67,0.06005755428714987,MAP_PMU,121,0.0002739176566533205
5,UPFC_tse,5-15,-2.1346495901010116,67,-2.1404590999321895,MAP_PMU,121,0.005809509831177895
0,x_tcsc,1-14,-0.1391310278128646,68,-0.1391387913849911,MAP_PMU,121,7.763572126506801e-06
1,B_svc,2,0.29800506329110826,68,0.29799942444278277,MAP_PMU,121,5.638848325495438e-06
2,UPFC_Vsh,5-15,1.1044596989597755,68,1.1049850763007163,MAP_PMU,121,0.0005253773409408247
3,UPFC_tsh,5-15,-0.22598566369765835,68,-0.22595170388525204,MAP_PMU,121,3.3959812406308965e-05
4,UPFC_Vse,5-15,0.0602013262489483,68,0.06005755428714987,MAP_PMU,121,0.0001437719617984265
5,UPFC_tse,5-15,-2.1490486545505716,68,-2.1404590999321895,MAP_PMU,121,0.008589554618382067
0,x_tcsc,1-14,-0.13914098865525834,69,-0.1391387913849911,MAP_PMU,121,2.1972702672345967e-06
1,B_svc,2,0.2976026210437309,69,0.29799942444278277,MAP_PMU,121,0.00039680339905184825
2,UPFC_Vsh,5-15,1.104329282748218,69,1.1049850763007163,MAP_PMU,121,0.0006557935524982295
3,UPFC_tsh,5-15,-0.22601269489519957,69,-0.22595170388525204,MAP_PMU,121,6.0991009947525265e-05
4,UPFC_Vse,5-15,0.06056908044257484,69,0.06005755428714987,MAP_PMU,121,0.0005115261554249698
5,UPFC_tse,5-15,-2.1511173225055438,69,-2.1404590999321895,MAP_PMU,121,0.010658222573354248
0,x_tcsc,1-14,-0.13912856964867173,70,-0.1391387913849911,MAP_PMU,121,1.0221736319371288e-05
1,B_svc,2,0.29777071046187786,70,0.29799942444278277,MAP_PMU,121,0.00022871398090490436
2,UPFC_Vsh,5-15,1.1044955241077392,70,1.1049850763007163,MAP_PMU,121,0.000489552192977083
3,UPFC_tsh,5-15,-0.22590544301747342,70,-0.22595170388525204,MAP_PMU,121,4.626086777861915e-05
4,UPFC_Vse,5-15,0.05940481592021589,70,0.06005755428714987,MAP_PMU,121,0.0006527383669339831
5,UPFC_tse,5-15,-2.144862567047899,70,-2.1404590999321895,MAP_PMU,121,0.004403467115709603
0,x_tcsc,1-14,-0.13913792898573327,71,-0.1391387913849911,MAP_PMU,121,8.623992578393747e-07
1,B_svc,2,0.29787755448849207,71,0.29799942444278277,MAP_PMU,121,0.00012186995429069869
2,UPFC_Vsh,5-15,1.1040840942882364,71,1.1049850763007163,MAP_PMU,121,0.0009009820124799006
3,UPFC_tsh,5-15,-0.2259972619856795,71,-0.22595170388525204,MAP_PMU,121,4.5558100427445236e-05
4,UPFC_Vse,5-15,0.060137361114656236,71,0.06005755428714987,MAP_PMU,121,7.980682750636375e-05
5,UPFC_tse,5-15,-2.1480932662532206,71,-2.1404590999321895,MAP_PMU,121,0.007634166321031088
0,x_tcsc,1-14,-0.13915097819952688,72,-0.1391387913849911,MAP_PMU,121,1.218681453576953e-05
1,B_svc,2,0.29837323757951967,72,0.29799942444278277,MAP_PMU,121,0.0003738131367369002
2,UPFC_Vsh,5-15,1.1044939987921845,72,1.1049850763007163,MAP_PMU,121,0.0004910775085318342
3,UPFC_tsh,5-15,-0.22598788784891863,72,-0.22595170388525204,MAP_PMU,121,3.618396366658616e-05
4,UPFC_Vse,5-15,0.06000856488302587,72,0.06005755428714987,MAP_PMU,121,4.8989404124004376e-05
5,UPFC_tse,5-15,-2.1522555634665794,72,-2.1404590999321895,MAP_PMU,121,0.0117964635343899
0,x_tcsc,1-14,-0.13914147684997932,73,-0.1391387913849911,MAP_PMU,121,2.685464988216868e-06
1,B_svc,2,0.2977824927982427,73,0.29799942444278277,MAP_PMU,121,0.00021693164454006375
2,UPFC_Vsh,5-15,1.1048474450994676,73,1.1049850763007163,MAP_PMU,121,0.0001376312012486558
3,UPFC_tsh,5-15,-0.22597251576117575,73,-0.22595170388525204,MAP_PMU,121,2.081187592370415e-05
4,UPFC_Vse,5-15,0.05993667709982997,73,0.06005755428714987,MAP_PMU,121,0.00012087718731990105
5,UPFC_tse,5-15,-2.1455347579866215,73,-2.1404590999321895,MAP_PMU,121,0.005075658054431997
0,x_tcsc,1-14,-0.1391455524962051,74,-0.1391387913849911,MAP_PMU,121,6.761111214004245e-06
1,B_svc,2,0.2985293989696979,74,0.29799942444278277,MAP_PMU,121,0.0005299745269151113
2,UPFC_Vsh,5-15,1.1043340637920198,74,1.1049850763007163,MAP_PMU,121,0.0006510125086964802
3,UPFC_tsh,5-15,-0.22593350403951956,74,-0.22595170388525204,MAP_PMU,121,1.819984573248057e-05
4,UPFC_Vse,5-15,0.060320167766285966,74,0.06005755428714987,MAP_PMU,121,0.00026261347913609373
5,UPFC_tse,5-15,-2.1406813007996845,74,-2.1404590999321895,MAP_PMU,121,0.000222200867495026
0,x_tcsc,1-14,-0.1391649843043108,75,-0.1391387913849911,MAP_PMU,121,2.619291931968415e-05
1,B_svc,2,0.29786658883779005,75,0.29799942444278277,MAP_PMU,121,0.0001328356049927204
2,UPFC_Vsh,5-15,1.1044232522393347,75,1.1049850763007163,MAP_PMU,121,0.0005618240613816106
3,UPFC_tsh,5-15,-0.22596793691695624,75,-0.22595170388525204,MAP_PMU,121,1.6233031704199208e-05
4,UPFC_Vse,5-15,0.060508614883010556,75,0.06005755428714987,MAP_PMU,121,0.00045106059586068337
5,UPFC_tse,5-15,-2.143587088962352,75,-2.1404590999321895,MAP_PMU,121,0.0031279890301623148
0,x_tcsc,1-14,-0.13915436696945785,76,-0.1391387913849911,MAP_PMU,121,1.5575584466742676e-05
1,B_svc,2,0.2983068641862068,76,0.29799942444278277,MAP_PMU,121,0.0003074397434240095
2,UPFC_Vsh,5-15,1.1046410936912026,76,1.1049850763007163,MAP_PMU,121,0.0003439826095137377
3,UPFC_tsh,5-15,-0.225994928162978,76,-0.22595170388525204,MAP_PMU,121,4.322427772596171e-05
4,UPFC_Vse,5-15,0.0604822651864483,76,0.06005755428714987,MAP_PMU,121,0.00042471089929842915
5,UPFC_tse,5-15,-2.151930523040609,76,-2.1404590999321895,MAP_PMU,121,0.011471423108419643
0,x_tcsc,1-14,-0.13912799599831155,77,-0.1391387913849911,MAP_PMU,121,1.0795386679557373e-05
1,B_svc,2,0.29779111174306677,77,0.29799942444278277,MAP_PMU,121,0.00020831269971599564
2,UPFC_Vsh,5-15,1.1042335982774256,77,1.1049850763007163,MAP_PMU,121,0.0007514780232906748
3,UPFC_tsh,5-15,-0.22601881084451078,77,-0.22595170388525204,MAP_PMU,121,6.710695925873922e-05
4,UPFC_Vse,5-15,0.05966123716477683,77,0.06005755428714987,MAP_PMU,121,0.00039631712237304245
5,UPFC_tse,5-15,-2.1436594847752537,77,-2.1404590999321895,MAP_PMU,121,0.0032003848430641746
0,x_tcsc,1-14,-0.13912707029092675,78,-0.1391387913849911,MAP_PMU,121,1.1721094064359727e-05
1,B_svc,2,0.29763910287840023,78,0.29799942444278277,MAP_PMU,121,0.0003603215643825375
2,UPFC_Vsh,5-15,1.104686360328298,78,1.1049850763007163,MAP_PMU,121,0.000298715972418373
3,UPFC_tsh,5-15,-0.22587697095643527,78,-0.22595170388525204,MAP_PMU,121,7.473292881676752e-05
4,UPFC_Vse,5-15,0.05974857485396755,78,0.06005755428714987,MAP_PMU,121,0.00030897943318232424
5,UPFC_tse,5-15,-2.1394545530472415,78,-2.1404590999321895,MAP_PMU,121,0.0010045468849479988
0,x_tcsc,1-14,-0.13913521987055935,79,-0.1391387913849911,MAP_PMU,121,3.571514431754963e-06
1,B_svc,2,0.2978439544488932,79,0.29799942444278277,MAP_PMU,121,0.0001554699938895454
2,UPFC_Vsh,5-15,1.104401778027148,79,1.1049850763007163,MAP_PMU,121,0.000583298273568289
3,UPFC_tsh,5-15,-0.22596502214251374,79,-0.22595170388525204,MAP_PMU,121,1.3318257261696331e-05
4,UPFC_Vse,5-15,0.0601523466660128,79,0.06005755428714987,MAP_PMU,121,9.47923788629304e-05
5,UPFC_tse,5-15,-2.1480534174391095,79,-2.1404590999321895,MAP_PMU,121,0.0075943175069199675
0,x_tcsc,1-14,-0.13914358870916857,80,-0.1391387913849911,MAP_PMU,121,4.79732417746348e-06
1,B_svc,2,0.2979952970628438,80,0.29799942444278277,MAP_PMU,121,4.127379938989595e-06
2,UPFC_Vsh,5-15,1.1047106193312348,80,1.1049850763007163,MAP_PMU,121,0.0002744569694814736
3,UPFC_tsh,5-15,-0.2259512856761538,80,-0.22595170388525204,MAP_PMU,121,4.182090982407516e-07
4,UPFC_Vse,5-15,0.05982190252742726,80,0.06005755428714987,MAP_PMU,121,0.0002356517597226146
5,UPFC_tse,5-15,-2.1521034953492952,80,-2.1404590999321895,MAP_PMU,121,0.011644395417105713
0,x_tcsc,1-14,-0.13912998201372417,81,-0.1391387913849911,MAP_PMU,121,8.809371266932375e-06
1,B_svc,2,0.29773765486652987,81,0.29799942444278277,MAP_PMU,121,0.00026176957625290154
2,UPFC_Vsh,5-15,1.104307033639295,81,1.1049850763007163,MAP_PMU,121,0.0006780426614212409
3,UPFC_tsh,5-15,-0.22592285289401676,81,-0.22595170388525204,MAP_PMU,121,2.8850991235285228e-05
4,UPFC_Vse,5-15,0.06031926712760184,81,0.06005755428714987,MAP_PMU,121,0.0002617128404519692
5,UPFC_tse,5-15,-2.14078640120677,81,-2.1404590999321895,MAP_PMU,121,0.0003273012745803605
0,x_tcsc,1-14,-0.13913432910132612,82,-0.1391387913849911,MAP_PMU,121,4.462283664991018e-06
1,B_svc,2,0.29807760223099417,82,0.29799942444278277,MAP_PMU,121,7.817778821139765e-05
2,UPFC_Vsh,5-15,1.104413024883277,82,1.1049850763007163,MAP_PMU,121,0.0005720514174392122
3,UPFC_tsh,5-15,-0.22596535262040943,82,-0.22595170388525204,MAP_PMU,121,1.3648735157384406e-05
4,UPFC_Vse,5-15,0.05988105960354128,82,0.06005755428714987,MAP_PMU,121,0.0001764946836085926
5,UPFC_tse,5-15,-2.141151266337967,82,-2.1404590999321895,MAP_PMU,121,0.0006921664057775168
0,x_tcsc,1-14,-0.13914033525774194,83,-0.1391387913849911,MAP_PMU,121,1.5438727508365613e-06
1,B_svc,2,0.29782663200666587,83,0.29799942444278277,MAP_PMU,121,0.00017279243611689754
2,UPFC_Vsh,5-15,1.104643893096372,83,1.1049850763007163,MAP_PMU,121,0.0003411832043442864
3,UPFC_tsh,5-15,-0.22589527014057495,83,-0.22595170388525204,MAP_PMU,121,5.643374467709239e-05
4,UPFC_Vse,5-15,0.059739476691262325,83,0.06005755428714987,MAP_PMU,121,0.0003180775958875476
5,UPFC_tse,5-15,-2.1468185808916247,83,-2.1404590999321895,MAP_PMU,121,0.006359480959435171
0,x_tcsc,1-14,-0.13915668238051854,84,-0.1391387913849911,MAP_PMU,121,1.7890995527430897e-05
1,B_svc,2,0.29837960335621627,84,0.29799942444278277,MAP_PMU,121,0.0003801789134335043
2,UPFC_Vsh,5-15,1.1041716230417955,84,1.1049850763007163,MAP_PMU,121,0.0008134532589207932
3,UPFC_tsh,5-15,-0.22599468112045976,84,-0.22595170388525204,MAP_PMU,121,4.2977235207714015e-05
4,UPFC_Vse,5-15,0.060097092117298065,84,0.06005755428714987,MAP_PMU,121,3.9537830148192454e-05
5,UPFC_tse,5-15,-2.142355828324871,84,-2.1404590999321895,MAP_PMU,121,0.0018967283926816236
0,x_tcsc,1-14,-0.1391240278279711,85,-0.1391387913849911,MAP_PMU,121,1.4763557020014417e-05
1,B_svc,2,0.297663353475677,85,0.29799942444278277,MAP_PMU,121,0.00033607096710575046
2,UPFC_Vsh,5-15,1.1044042362422801,85,1.1049850763007163,MAP_PMU,121,0.0005808400584361717
3,UPFC_tsh,5-15,-0.22595141700771426,85,-0.22595170388525204,MAP_PMU,121,2.8687753778067204e-07
4,UPFC_Vse,5-15,0.059996329993006664,85,0.06005755428714987,MAP_PMU,121,6.12242941432084e-05
5,UPFC_tse,5-15,-2.1589989911690926,85,-2.1404590999321895,MAP_PMU,121,0.018539891236903028
0,x_tcsc,1-14,-0.13915071661003117,86,-0.1391387913849911,MAP_PMU,121,1.1925225040065879e-05
1,B_svc,2,0.29816040622546736,86,0.29799942444278277,MAP_PMU,121,0.0001609817826845883
2,UPFC_Vsh,5-15,1.1043299326024876,86,1.1049850763007163,MAP_PMU,121,0.0006551436982287218
3,UPFC_tsh,5-15,-0.22605613990398984,86,-0.22595170388525204,MAP_PMU,121,0.0001044360187378024
4,UPFC_Vse,5-15,0.060707927789539554,86,0.06005755428714987,MAP_PMU,121,0.0006503735023896812
5,UPFC_tse,5-15,-2.1500122280498126,86,-2.1404590999321895,MAP_PMU,121,0.0095531281176231
0,x_tcsc,1-14,-0.1391686664290269,87,-0.1391387913849911,MAP_PMU,121,2.9875044035787557e-05
1,B_svc,2,0.2977621650633321,87,0.29799942444278277,MAP_PMU,121,0.00023725937945068276
2,UPFC_Vsh,5-15,1.10470633363134,87,1.1049850763007163,MAP_PMU,121,0.0002787426693762196
3,UPFC_tsh,5-15,-0.22587512087567294,87,-0.22595170388525204,MAP_PMU,121,7.658300957910646e-05
4,UPFC_Vse,5-15,0.059631878369259476,87,0.06005755428714987,MAP_PMU,121,0.000425675917890396
5,UPFC_tse,5-15,-2.1383429679757215,87,-2.1404590999321895,MAP_PMU,121,0.0021161319564679815
0,x_tcsc,1-14,-0.13913278563673426,88,-0.1391387913849911,MAP_PMU,121,6.005748256848742e-06
1,B_svc,2,0.29792316217935877,88,0.29799942444278277,MAP_PMU,121,7.626226342399844e-05
2,UPFC_Vsh,5-15,1.1044129948868162,88,1.1049850763007163,MAP_PMU,121,0.0005720814139000829
3,UPFC_tsh,5-15,-0.22599465033842467,88,-0.22595170388525204,MAP_PMU,121,4.2946453172626464e-05
4,UPFC_Vse,5-15,0.060085503704115126,88,0.06005755428714987,MAP_PMU,121,2.7949416965253326e-05
5,UPFC_tse,5-15,-2.1462798784891755,88,-2.1404590999321895,MAP_PMU,121,0.005820778556985928
0,x_tcsc,1-14,-0.13913938953878432,89,-0.1391387913849911,MAP_PMU,121,5.981537932187031e-07
1,B_svc,2,0.2981521506095046,89,0.29799942444278277,MAP_PMU,121,0.00015272616672185046
2,UPFC_Vsh,5-15,1.104070716407264,89,1.1049850763007163,MAP_PMU,121,0.0009143598934522323
3,UPFC_tsh,5-15,-0.22603228031265837,89,-0.22595170388525204,MAP_PMU,121,8.057642740633142e-05
4,UPFC_Vse,5-15,0.0604342837159459,89,0.06005755428714987,MAP_PMU,121,0.0003767294287960257
5,UPFC_tse,5-15,-2.15530688841919,89,-2.1404590999321895,MAP_PMU,121,0.014847788487000635
0,x_tcsc,1-14,-0.13912013163942274,90,-0.1391387913849911,MAP_PMU,121,1.8659745568361252e-05
1,B_svc,2,0.2980886360328271,90,0.29799942444278277,MAP_PMU,121,8.921159004432466e-05
2,UPFC_Vsh,5-15,1.1043986746377186,90,1.1049850763007163,MAP_PMU,121,0.0005864016629977264
3,UPFC_tsh,5-15,-0.22599648297785566,90,-0.22595170388525204,MAP_PMU,121,4.477909260361401e-05
4,UPFC_Vse,5-15,0.06036449230763911,90,0.06005755428714987,MAP_PMU,121,0.00030693802048923496
5,UPFC_tse,5-15,-2.1455298913317993,90,-2.1404590999321895,MAP_PMU,121,0.005070791399609753
0,x_tcsc,1-14,-0.13915063900108582,91,-0.1391387913849911,MAP_PMU,121,1.1847616094712299e-05
1,B_svc,2,0.29794849593536815,91,0.29799942444278277,MAP_PMU,121,5.0928507414615964e-05
2,UPFC_Vsh,5-15,1.104489731261482,91,1.1049850763007163,MAP_PMU,121,0.0004953450392342074
3,UPFC_tsh,5-15,-0.2259054430153209,91,-0.22595170388525204,MAP_PMU,121,4.626086993114731e-05
4,UPFC_Vse,5-15,0.05981759807510586,91,0.06005755428714987,MAP_PMU,121,0.0002399562120440138
5,UPFC_tse,5-15,-2.146357753185253,91,-2.1404590999321895,MAP_PMU,121,0.0058986532530633795
0,x_tcsc,1-14,-0.13912021297539712,92,-0.1391387913849911,MAP_PMU,121,1.857840959398893e-05
1,B_svc,2,0.2975215398082885,92,0.29799942444278277,MAP_PMU,121,0.00047788463449427443
2,UPFC_Vsh,5-15,1.1040578149922144,92,1.1049850763007163,MAP_PMU,121,0.0009272613085018477
3,UPFC_tsh,5-15,-0.2259621949954223,92,-0.22595170388525204,MAP_PMU,121,1.0491110170263163e-05
4,UPFC_Vse,5-15,0.05980328728776055,92,0.06005755428714987,MAP_PMU,121,0.0002542669993893243
5,UPFC_tse,5-15,-2.1488904116622574,92,-2.1404590999321895,MAP_PMU,121,0.008431311730067836
0,x_tcsc,1-14,-0.13915740026668094,93,-0.1391387913849911,MAP_PMU,121,1.8608881689835544e-05
1,B_svc,2,0.298360435306821,93,0.29799942444278277,MAP_PMU,121,0.0003610108640382248
2,UPFC_Vsh,5-15,1.1045262999329872,93,1.1049850763007163,MAP_PMU,121,0.0004587763677290635
3,UPFC_tsh,5-15,-0.2259644223209553,93,-0.22595170388525204,MAP_PMU,121,1.2718435703246156e-05
4,UPFC_Vse,5-15,0.05994974518178236,93,0.06005755428714987,MAP_PMU,121,0.0001078091053675137
5,UPFC_tse,5-15,-2.1502475713414233,93,-2.1404590999321895,MAP_PMU,121,0.009788471409233779
0,x_tcsc,1-14,-0.13915128572207414,94,-0.1391387913849911,MAP_PMU,121,1.2494337083029938e-05
1,B_svc,2,0.2985079962663738,94,0.29799942444278277,MAP_PMU,121,0.0005085718235910419
2,UPFC_Vsh,5-15,1.1042866298683272,94,1.1049850763007163,MAP_PMU,121,0.0006984464323891437
3,UPFC_tsh,5-15,-0.2260581838645786,94,-0.22595170388525204,MAP_PMU,121,0.00010647997932655695
4,UPFC_Vse,5-15,0.06003382763958383,94,0.06005755428714987,MAP_PMU,121,2.3726647566044146e-05
5,UPFC_tse,5-15,-2.1527920687912663,94,-2.1404590999321895,MAP_PMU,121,0.012332968859076754
0,x_tcsc,1-14,-0.1391067210147597,95,-0.1391387913849911,MAP_PMU,121,3.207037023139625e-05
1,B_svc,2,0.2983864772923033,95,0.29799942444278277,MAP_PMU,121,0.00038705284952050834
2,UPFC_Vsh,5-15,1.1042739816360825,95,1.1049850763007163,MAP_PMU,121,0.0007110946646338157
3,UPFC_tsh,5-15,-0.2260140965349383,95,-0.22595170388525204,MAP_PMU,121,6.239264968627145e-05
4,UPFC_Vse,5-15,0.06000172094221544,95,0.06005755428714987,MAP_PMU,121,5.583334493443337e-05
5,UPFC_tse,5-15,-2.147948969837583,95,-2.1404590999321895,MAP_PMU,121,0.007489869905393576
0,x_tcsc,1-14,-0.1391360774462535,96,-0.1391387913849911,MAP_PMU,121,2.71393873760295e-06
1,B_svc,2,0.2975166137683876,96,0.29799942444278277,MAP_PMU,121,0.000482810674395151
2,UPFC_Vsh,5-15,1.1045785641987027,96,1.1049850763007163,MAP_PMU,121,0.0004065121020135898
3,UPFC_tsh,5-15,-0.22596438911377578,96,-0.22595170388525204,MAP_PMU,121,1.2685228523739989e-05
4,UPFC_Vse,5-15,0.05975072394085817,96,0.06005755428714987,MAP_PMU,121,0.00030683034629170464
5,UPFC_tse,5-15,-2.14297552592655,96,-2.1404590999321895,MAP_PMU,121,0.002516425994360638
0,x_tcsc,1-14,-0.13912247117758292,97,-0.1391387913849911,MAP_PMU,121,1.632020740818807e-05
1,B_svc,2,0.29719537841334925,97,0.29799942444278277,MAP_PMU,121,0.0008040460294335139
2,UPFC_Vsh,5-15,1.1041644925208565,97,1.1049850763007163,MAP_PMU,121,0.0008205837798598292
3,UPFC_tsh,5-15,-0.22604928133335056,97,-0.22595170388525204,MAP_PMU,121,9.75774480985181e-05
4,UPFC_Vse,5-15,0.06024688406363953,97,0.06005755428714987,MAP_PMU,121,0.00018932977648965926
5,UPFC_tse,5-15,-2.1524198002064643,97,-2.1404590999321895,MAP_PMU,121,0.01196070027427476
0,x_tcsc,1-14,-0.1391452129397785,98,-0.1391387913849911,MAP_PMU,121,6.42155478738915e-06
1,B_svc,2,0.29787085457486384,98,0.29799942444278277,MAP_PMU,121,0.00012856986791892622
2,UPFC_Vsh,5-15,1.1040924498256326,98,1.1049850763007163,MAP_PMU,121,0.0008926264750837021
3,UPFC_tsh,5-15,-0.22599845623974624,98,-0.22595170388525204,MAP_PMU,121,4.6752354494195014e-05
4,UPFC_Vse,5-15,0.06036277465599066,98,0.06005755428714987,MAP_PMU,121,0.0003052203688407862
5,UPFC_tse,5-15,-2.147823992569445,98,-2.1404590999321895,MAP_PMU,121,0.007364892637255593
0,x_tcsc,1-14,-0.13914321597738935,99,-0.1391387913849911,MAP_PMU,121,4.424592398244442e-06
1,B_svc,2,0.2974742631722991,99,0.29799942444278277,MAP_PMU,121,0.0005251612704836872
2,UPFC_Vsh,5-15,1.1043694755172522,99,1.1049850763007163,MAP_PMU,121,0.0006156007834641208
3,UPFC_tsh,5-15,-0.2260103733010355,99,-0.22595170388525204,MAP_PMU,121,5.8669415783446643e-05
4,UPFC_Vse,5-15,0.06001647237282474,99,0.06005755428714987,MAP_PMU,121,4.1081914325134805e-05
5,UPFC_tse,5-15,-2.147940302977624,99,-2.1404590999321895,MAP_PMU,121,0.007481203045434537
0,x_tcsc,1-14,-0.13625816307486616,0,-0.1362085007118137,MAP_PMU,123,4.966236305245508e-05
1,B_svc,2,0.2832436030803952,0,0.2834171441114096,MAP_PMU,123,0.00017354103101441254
2,UPFC_Vsh,5-15,1.1046118602167536,0,1.1061144614829181,MAP_PMU,123,0.0015026012661645272
3,UPFC_tsh,5-15,-0.22819013645326042,0,-0.22820827284701373,MAP_PMU,123,1.8136393753309665e-05
4,UPFC_Vse,5-15,0.0600923125499391,0,0.06039227665787877,MAP_PMU,123,0.00029996410793966394
5,UPFC_tse,5-15,-2.1477338166606894,0,-2.1428035663817044,MAP_PMU,123,0.004930250278984971
0,x_tcsc,1-14,-0.13629775142270373,1,-0.1362085007118137,MAP_PMU,123,8.925071089002645e-05
1,B_svc,2,0.2831503841188147,1,0.2834171441114096,MAP_PMU,123,0.00026675999259490046
2,UPFC_Vsh,5-15,1.1043951105554142,1,1.1061144614829181,MAP_PMU,123,0.001719350927503971
3,UPFC_tsh,5-15,-0.22823640639513157,1,-0.22820827284701373,MAP_PMU,123,2.813354811784241e-05
4,UPFC_Vse,5-15,0.0596461819147651,1,0.06039227665787877,MAP_PMU,123,0.0007460947431136636
5,UPFC_tse,5-15,-2.1447468023055567,1,-2.1428035663817044,MAP_PMU,123,0.00194323592385226
0,x_tcsc,1-14,-0.13625614560541394,2,-0.1362085007118137,MAP_PMU,123,4.764489360023494e-05
1,B_svc,2,0.2836129525670005,2,0.2834171441114096,MAP_PMU,123,0.00019580845559086235
2,UPFC_Vsh,5-15,1.104544730350327,2,1.1061144614829181,MAP_PMU,123,0.0015697311325910679
3,UPFC_tsh,5-15,-0.2282117130879334,2,-0.22820827284701373,MAP_PMU,123,3.4402409196665484e-06
4,UPFC_Vse,5-15,0.060373436401988334,2,0.06039227665787877,MAP_PMU,123,1.8840255890432978e-05
5,UPFC_tse,5-15,-2.149842634496098,2,-2.1428035663817044,MAP_PMU,123,0.007039068114393476
0,x_tcsc,1-14,-0.1362248872563382,3,-0.1362085007118137,MAP_PMU,123,1.6386544524488178e-05
1,B_svc,2,0.2832954507669278,3,0.2834171441114096,MAP_PMU,123,0.00012169334448181024
2,UPFC_Vsh,5-15,1.104382783492621,3,1.1061144614829181,MAP_PMU,123,0.0017316779902971646
3,UPFC_tsh,5-15,-0.22818098869469933,3,-0.22820827284701373,MAP_PMU,123,2.7284152314399623e-05
4,UPFC_Vse,5-15,0.06045051603035742,3,0.06039227665787877,MAP_PMU,123,5.8239372478653684e-05
5,UPFC_tse,5-15,-2.148293247821288,3,-2.1428035663817044,MAP_PMU,123,0.005489681439583727
0,x_tcsc,1-14,-0.13627791633832284,4,-0.1362085007118137,MAP_PMU,123,6.941562650913946e-05
1,B_svc,2,0.2830492666906139,4,0.2834171441114096,MAP_PMU,123,0.0003678774207956925
2,UPFC_Vsh,5-15,1.1044153256572364,4,1.1061144614829181,MAP_PMU,123,0.001699135825681708
3,UPFC_tsh,5-15,-0.22824304895746203,4,-0.22820827284701373,MAP_PMU,123,3.477611044830353e-05
4,UPFC_Vse,5-15,0.06019230454055091,4,0.06039227665787877,MAP_PMU,123,0.00019997211732785541
5,UPFC_tse,5-15,-2.1503157289565893,4,-2.1428035663817044,MAP_PMU,123,0.007512162574884851
0,x_tcsc,1-14,-0.13622619613539066,5,-0.1362085007118137,MAP_PMU,123,1.76954235769633e-05
1,B_svc,2,0.28332671881909965,5,0.2834171441114096,MAP_PMU,123,9.04252923099591e-05
2,UPFC_Vsh,5-15,1.1041722390709368,5,1.1061144614829181,MAP_PMU,123,0.001942222411981387
3,UPFC_tsh,5-15,-0.22825325929543677,5,-0.22820827284701373,MAP_PMU,123,4.4986448423045555e-05
4,UPFC_Vse,5-15,0.06042176505505995,5,0.06039227665787877,MAP_PMU,123,2.94883971811849e-05
5,UPFC_tse,5-15,-2.14193316168161,5,-2.1428035663817044,MAP_PMU,123,0.0008704047000942516
0,x_tcsc,1-14,-0.13627985179932162,6,-0.1362085007118137,MAP_PMU,123,7.135108750791486e-05
1,B_svc,2,0.28360846197437567,6,0.2834171441114096,MAP_PMU,123,0.00019131786296605613
2,UPFC_Vsh,5-15,1.1041322702352123,6,1.1061144614829181,MAP_PMU,123,0.0019821912477058223
3,UPFC_tsh,5-15,-0.2283133767773156,6,-0.22820827284701373,MAP_PMU,123,0.00010510393030188636
4,UPFC_Vse,5-15,0.06027912669139669,6,0.06039227665787877,MAP_PMU,123,0.00011314996648207482
5,UPFC_tse,5-15,-2.1497074334718467,6,-2.1428035663817044,MAP_PMU,123,0.006903867090142235
0,x_tcsc,1-14,-0.1362364920788514,7,-0.1362085007118137,MAP_PMU,123,2.7991367037710768e-05
1,B_svc,2,0.2833407081648955,7,0.2834171441114096,MAP_PMU,123,7.643594651413066e-05
2,UPFC_Vsh,5-15,1.1044903018926404,7,1.1061144614829181,MAP_PMU,123,0.0016241595902777295
3,UPFC_tsh,5-15,-0.2281733476525141,7,-0.22820827284701373,MAP_PMU,123,3.492519449962983e-05
4,UPFC_Vse,5-15,0.0600177289179753,7,0.06039227665787877,MAP_PMU,123,0.00037454773990346774
5,UPFC_tse,5-15,-2.14443513943341,7,-2.1428035663817044,MAP_PMU,123,0.0016315730517053595
0,x_tcsc,1-14,-0.1362500702812461,8,-0.1362085007118137,MAP_PMU,123,4.156956943240919e-05
1,B_svc,2,0.28348035590956117,8,0.2834171441114096,MAP_PMU,123,6.321179815155231e-05
2,UPFC_Vsh,5-15,1.1043680070765542,8,1.1061144614829181,MAP_PMU,123,0.0017464544063638954
3,UPFC_tsh,5-15,-0.22827335507781824,8,-0.22820827284701373,MAP_PMU,123,6.508223080450848e-05
4,UPFC_Vse,5-15,0.060292871209132695,8,0.06039227665787877,MAP_PMU,123,9.940544874607188e-05
5,UPFC_tse,5-15,-2.1562986311401566,8,-2.1428035663817044,MAP_PMU,123,0.013495064758452191
0,x_tcsc,1-14,-0.13625278523612358,9,-0.1362085007118137,MAP_PMU,123,4.4284524309878837e-05
1,B_svc,2,0.2831598301585219,9,0.2834171441114096,MAP_PMU,123,0.00025731395288769443
2,UPFC_Vsh,5-15,1.1047607649105446,9,1.1061144614829181,MAP_PMU,123,0.0013536965723734973
3,UPFC_tsh,5-15,-0.22819431986147667,9,-0.22820827284701373,MAP_PMU,123,1.3952985537052376e-05
4,UPFC_Vse,5-15,0.06012756191406381,9,0.06039227665787877,MAP_PMU,123,0.00026471474381496024
5,UPFC_tse,5-15,-2.141699924086121,9,-2.1428035663817044,MAP_PMU,123,0.0011036422955834624
0,x_tcsc,1-14,-0.13629570430712434,10,-0.1362085007118137,MAP_PMU,123,8.720359531064203e-05
1,B_svc,2,0.2837651894445089,10,0.2834171441114096,MAP_PMU,123,0.0003480453330992894
2,UPFC_Vsh,5-15,1.1043803593827188,10,1.1061144614829181,MAP_PMU,123,0.0017341021001993084
3,UPFC_tsh,5-15,-0.2282551875140514,10,-0.22820827284701373,MAP_PMU,123,4.69146670376841e-05
4,UPFC_Vse,5-15,0.060255122780747364,10,0.06039227665787877,MAP_PMU,123,0.0001371538771314032
5,UPFC_tse,5-15,-2.1408767327250646,10,-2.1428035663817044,MAP_PMU,123,0.0019268336566398148
0,x_tcsc,1-14,-0.13631703589565897,11,-0.1362085007118137,MAP_PMU,123,0.00010853518384526528
1,B_svc,2,0.2832898168943426,11,0.2834171441114096,MAP_PMU,123,0.0001273272170669859
2,UPFC_Vsh,5-15,1.10419714322894,11,1.1061144614829181,MAP_PMU,123,0.0019173182539782285
3,UPFC_tsh,5-15,-0.22830622500706804,11,-0.22820827284701373,MAP_PMU,123,9.79521600543154e-05
4,UPFC_Vse,5-15,0.06026285883131642,11,0.06039227665787877,MAP_PMU,123,0.00012941782656234607
5,UPFC_tse,5-15,-2.1498754440769403,11,-2.1428035663817044,MAP_PMU,123,0.007071877695235873
0,x_tcsc,1-14,-0.13627987138996445,12,-0.1362085007118137,MAP_PMU,123,7.137067815074505e-05
1,B_svc,2,0.2837482166665624,12,0.2834171441114096,MAP_PMU,123,0.00033107255515280043
2,UPFC_Vsh,5-15,1.1047500635408023,12,1.1061144614829181,MAP_PMU,123,0.001364397942115847
3,UPFC_tsh,5-15,-0.22815206728174423,12,-0.22820827284701373,MAP_PMU,123,5.620556526950149e-05
4,UPFC_Vse,5-15,0.059225018917894556,12,0.06039227665787877,MAP_PMU,123,0.0011672577399842107
5,UPFC_tse,5-15,-2.1422722228366875,12,-2.1428035663817044,MAP_PMU,123,0.0005313435450169379
0,x_tcsc,1-14,-0.1362236133870189,13,-0.1362085007118137,MAP_PMU,123,1.511267520520887e-05
1,B_svc,2,0.28378324880960654,13,0.2834171441114096,MAP_PMU,123,0.00036610469819692293
2,UPFC_Vsh,5-15,1.1047644460260642,13,1.1061144614829181,MAP_PMU,123,0.0013500154568539813
3,UPFC_tsh,5-15,-0.22826055510824175,13,-0.22820827284701373,MAP_PMU,123,5.228226122802604e-05
4,UPFC_Vse,5-15,0.05998315717737226,13,0.06039227665787877,MAP_PMU,123,0.00040911948050650904
5,UPFC_tse,5-15,-2.1465856039800206,13,-2.1428035663817044,MAP_PMU,123,0.0037820375983161902
0,x_tcsc,1-14,-0.13625339237457768,14,-0.1362085007118137,MAP_PMU,123,4.489166276397394e-05
1,B_svc,2,0.28345408678854606,14,0.2834171441114096,MAP_PMU,123,3.694267713644228e-05
2,UPFC_Vsh,5-15,1.10381630450236,14,1.1061144614829181,MAP_PMU,123,0.0022981569805582414
3,UPFC_tsh,5-15,-0.2283267529603748,14,-0.22820827284701373,MAP_PMU,123,0.00011848011336107467
4,UPFC_Vse,5-15,0.06045526913057226,14,0.06039227665787877,MAP_PMU,123,6.299247269349328e-05
5,UPFC_tse,5-15,-2.156540983286402,14,-2.1428035663817044,MAP_PMU,123,0.013737416904697763
0,x_tcsc,1-14,-0.13627794666854012,15,-0.1362085007118137,MAP_PMU,123,6.944595672642162e-05
1,B_svc,2,0.283273431283919,15,0.2834171441114096,MAP_PMU,123,0.0001437128274905941
2,UPFC_Vsh,5-15,1.1040906325822344,15,1.1061144614829181,MAP_PMU,123,0.002023828900683755
3,UPFC_tsh,5-15,-0.22821391851793463,15,-0.22820827284701373,MAP_PMU,123,5.645670920900736e-06
4,UPFC_Vse,5-15,0.06031429496778715,15,0.06039227665787877,MAP_PMU,123,7.79816900916136e-05
5,UPFC_tse,5-15,-2.1394861061608195,15,-2.1428035663817044,MAP_PMU,123,0.0033174602208849713
0,x_tcsc,1-14,-0.13622555380194537,16,-0.1362085007118137,MAP_PMU,123,1.7053090131669002e-05
1,B_svc,2,0.28382167403659947,16,0.2834171441114096,MAP_PMU,123,0.000404529925189856
2,UPFC_Vsh,5-15,1.1044782442249574,16,1.1061144614829181,MAP_PMU,123,0.0016362172579607037
3,UPFC_tsh,5-15,-0.22822915726566312,16,-0.22820827284701373,MAP_PMU,123,2.0884418649391723e-05
4,UPFC_Vse,5-15,0.06013504711750197,16,0.06039227665787877,MAP_PMU,123,0.00025722954037679657
5,UPFC_tse,5-15,-2.1517231731003634,16,-2.1428035663817044,MAP_PMU,123,0.00891960671865899
0,x_tcsc,1-14,-0.13628165163487785,17,-0.1362085007118137,MAP_PMU,123,7.315092306414694e-05
1,B_svc,2,0.28381852349767583,17,0.2834171441114096,MAP_PMU,123,0.0004013793862662207
2,UPFC_Vsh,5-15,1.10424417531998,17,1.1061144614829181,MAP_PMU,123,0.0018702861629380507
3,UPFC_tsh,5-15,-0.22820418135936985,17,-0.22820827284701373,MAP_PMU,123,4.091487643881342e-06
4,UPFC_Vse,5-15,0.06015091435076766,17,0.06039227665787877,MAP_PMU,123,0.0002413623071111093
5,UPFC_tse,5-15,-2.154496403446534,17,-2.1428035663817044,MAP_PMU,123,0.011692837064829487
0,x_tcsc,1-14,-0.13628034496927324,18,-0.1362085007118137,MAP_PMU,123,7.184425745954126e-05
1,B_svc,2,0.2838678457046288,18,0.2834171441114096,MAP_PMU,123,0.0004507015932191938
2,UPFC_Vsh,5-15,1.1042265959847712,18,1.1061144614829181,MAP_PMU,123,0.0018878654981469012
3,UPFC_tsh,5-15,-0.22824808962267373,18,-0.22820827284701373,MAP_PMU,123,3.981677566000652e-05
4,UPFC_Vse,5-15,0.060641187046037465,18,0.06039227665787877,MAP_PMU,123,0.00024891038815869765
5,UPFC_tse,5-15,-2.145478403803732,18,-2.1428035663817044,MAP_PMU,123,0.002674837422027565
0,x_tcsc,1-14,-0.13629292294929213,19,-0.1362085007118137,MAP_PMU,123,8.442223747842648e-05
1,B_svc,2,0.2835183100405265,19,0.2834171441114096,MAP_PMU,123,0.00010116592911690869
2,UPFC_Vsh,5-15,1.1043682764241343,19,1.1061144614829181,MAP_PMU,123,0.0017461850587838779
3,UPFC_tsh,5-15,-0.22821849500017455,19,-0.22820827284701373,MAP_PMU,123,1.0222153160821534e-05
4,UPFC_Vse,5-15,0.06008376478724692,19,0.06039227665787877,MAP_PMU,123,0.00030851187063184876
5,UPFC_tse,5-15,-2.151391573935207,19,-2.1428035663817044,MAP_PMU,123,0.008588007553502752
0,x_tcsc,1-14,-0.13628886953053762,20,-0.1362085007118137,MAP_PMU,123,8.036881872391932e-05
1,B_svc,2,0.28389615387082057,20,0.2834171441114096,MAP_PMU,123,0.00047900975941095325
2,UPFC_Vsh,5-15,1.1042484013738878,20,1.1061144614829181,MAP_PMU,123,0.001866060109030343
3,UPFC_tsh,5-15,-0.22827081912891167,20,-0.22820827284701373,MAP_PMU,123,6.254628189794609e-05
4,UPFC_Vse,5-15,0.06044344490396095,20,0.06039227665787877,MAP_PMU,123,5.116824608217968e-05
5,UPFC_tse,5-15,-2.1493841913716674,20,-2.1428035663817044,MAP_PMU,123,0.006580624989962924
0,x_tcsc,1-14,-0.13625149086993457,21,-0.1362085007118137,MAP_PMU,123,4.299015812087026e-05
1,B_svc,2,0.2835664077165637,21,0.2834171441114096,MAP_PMU,123,0.00014926360515410408
2,UPFC_Vsh,5-15,1.1042107252957445,21,1.1061144614829181,MAP_PMU,123,0.0019037361871736547
3,UPFC_tsh,5-15,-0.22825045529533045,21,-0.22820827284701373,MAP_PMU,123,4.21824483167188e-05
4,UPFC_Vse,5-15,0.06046771314271382,21,0.06039227665787877,MAP_PMU,123,7.543648483505222e-05
5,UPFC_tse,5-15,-2.1487174616654543,21,-2.1428035663817044,MAP_PMU,123,0.005913895283749859
0,x_tcsc,1-14,-0.13626052263004146,22,-0.1362085007118137,MAP_PMU,123,5.2021918227757036e-05
1,B_svc,2,0.2834963713078365,22,0.2834171441114096,MAP_PMU,123,7.92271964268898e-05
2,UPFC_Vsh,5-15,1.1047854185217405,22,1.1061144614829181,MAP_PMU,123,0.00132904296117764
3,UPFC_tsh,5-15,-0.22815649263102195,22,-0.22820827284701373,MAP_PMU,123,5.1780215991781287e-05
4,UPFC_Vse,5-15,0.05972585535735194,22,0.06039227665787877,MAP_PMU,123,0.000666421300526826
5,UPFC_tse,5-15,-2.1353927466535563,22,-2.1428035663817044,MAP_PMU,123,0.007410819728148166
0,x_tcsc,1-14,-0.13626495144087883,23,-0.1362085007118137,MAP_PMU,123,5.645072906512727e-05
1,B_svc,2,0.28358908838153324,23,0.2834171441114096,MAP_PMU,123,0.00017194427012362512
2,UPFC_Vsh,5-15,1.1044482652822492,23,1.1061144614829181,MAP_PMU,123,0.00166619620066899
3,UPFC_tsh,5-15,-0.22825903982573384,23,-0.22820827284701373,MAP_PMU,123,5.07669787201126e-05
4,UPFC_Vse,5-15,0.06015460526696716,23,0.06039227665787877,MAP_PMU,123,0.00023767139091161044
5,UPFC_tse,5-15,-2.1483287352098426,23,-2.1428035663817044,MAP_PMU,123,0.005525168828138138
0,x_tcsc,1-14,-0.1362724469800697,24,-0.1362085007118137,MAP_PMU,123,6.394626825600991e-05
1,B_svc,2,0.28349751541917806,24,0.2834171441114096,MAP_PMU,123,8.037130776844537e-05
2,UPFC_Vsh,5-15,1.1044289145070016,24,1.1061144614829181,MAP_PMU,123,0.0016855469759164965
3,UPFC_tsh,5-15,-0.2281748545546999,24,-0.22820827284701373,MAP_PMU,123,3.341829231381932e-05
4,UPFC_Vse,5-15,0.06037427719716766,24,0.06039227665787877,MAP_PMU,123,1.7999460711105864e-05
5,UPFC_tse,5-15,-2.1419954997276314,24,-2.1428035663817044,MAP_PMU,123,0.0008080666540730697
0,x_tcsc,1-14,-0.1362535454771284,25,-0.1362085007118137,MAP_PMU,123,4.504476531469459e-05
1,B_svc,2,0.28301662755474566,25,0.2834171441114096,MAP_PMU,123,0.0004005165566639546
2,UPFC_Vsh,5-15,1.1041010790589678,25,1.1061144614829181,MAP_PMU,123,0.0020133824239503273
3,UPFC_tsh,5-15,-0.2282200870874161,25,-0.22820827284701373,MAP_PMU,123,1.1814240402363563e-05
4,UPFC_Vse,5-15,0.06010773234345468,25,0.06039227665787877,MAP_PMU,123,0.0002845443144240886
5,UPFC_tse,5-15,-2.1548843793183905,25,-2.1428035663817044,MAP_PMU,123,0.012080812936686058
0,x_tcsc,1-14,-0.1362766221065016,26,-0.1362085007118137,MAP_PMU,123,6.81213946878978e-05
1,B_svc,2,0.2833303837355768,26,0.2834171441114096,MAP_PMU,123,8.676037583282836e-05
2,UPFC_Vsh,5-15,1.104522095521341,26,1.1061144614829181,MAP_PMU,123,0.0015923659615770802
3,UPFC_tsh,5-15,-0.22815189120372886,26,-0.22820827284701373,MAP_PMU,123,5.638164328486406e-05
4,UPFC_Vse,5-15,0.06000687307851123,26,0.06039227665787877,MAP_PMU,123,0.0003854035793675395
5,UPFC_tse,5-15,-2.1399494654741673,26,-2.1428035663817044,MAP_PMU,123,0.002854100907537127
0,x_tcsc,1-14,-0.13623985863851698,27,-0.1362085007118137,MAP_PMU,123,3.1357926703279304e-05
1,B_svc,2,0.28350515301583723,27,0.2834171441114096,MAP_PMU,123,8.800890442761666e-05
2,UPFC_Vsh,5-15,1.10436504248383,27,1.1061144614829181,MAP_PMU,123,0.0017494189990880926
3,UPFC_tsh,5-15,-0.2282513962438874,27,-0.22820827284701373,MAP_PMU,123,4.312339687367883e-05
4,UPFC_Vse,5-15,0.059979919823435035,27,0.06039227665787877,MAP_PMU,123,0.000412356834443732
5,UPFC_tse,5-15,-2.1511276208828423,27,-2.1428035663817044,MAP_PMU,123,0.008324054501137823
0,x_tcsc,1-14,-0.1362588137209466,28,-0.1362085007118137,MAP_PMU,123,5.031300913288517e-05
1,B_svc,2,0.2835533878761159,28,0.2834171441114096,MAP_PMU,123,0.00013624376470627864
2,UPFC_Vsh,5-15,1.1037991960491271,28,1.1061144614829181,MAP_PMU,123,0.002315265433791014
3,UPFC_tsh,5-15,-0.2283376528052812,28,-0.22820827284701373,MAP_PMU,123,0.00012937995826747817
4,UPFC_Vse,5-15,0.060635891640077925,28,0.06039227665787877,MAP_PMU,123,0.00024361498219915845
5,UPFC_tse,5-15,-2.1473277897715572,28,-2.1428035663817044,MAP_PMU,123,0.004524223389852811
0,x_tcsc,1-14,-0.13626931731254494,29,-0.1362085007118137,MAP_PMU,123,6.081660073123385e-05
1,B_svc,2,0.2836015887337345,29,0.2834171441114096,MAP_PMU,123,0.00018444462232486414
2,UPFC_Vsh,5-15,1.10418714807791,29,1.1061144614829181,MAP_PMU,123,0.0019273134050081797
3,UPFC_tsh,5-15,-0.22827376002422303,29,-0.22820827284701373,MAP_PMU,123,6.548717720930575e-05
4,UPFC_Vse,5-15,0.060413135201916976,29,0.06039227665787877,MAP_PMU,123,2.0858544038208915e-05
5,UPFC_tse,5-15,-2.1554011581316743,29,-2.1428035663817044,MAP_PMU,123,0.012597591749969883
0,x_tcsc,1-14,-0.13626595150769172,30,-0.1362085007118137,MAP_PMU,123,5.7450795878016825e-05
1,B_svc,2,0.283678551316477,30,0.2834171441114096,MAP_PMU,123,0.0002614072050673988
2,UPFC_Vsh,5-15,1.1042693269390247,30,1.1061144614829181,MAP_PMU,123,0.0018451345438934563
3,UPFC_tsh,5-15,-0.22820682305442355,30,-0.22820827284701373,MAP_PMU,123,1.4497925901746367e-06
4,UPFC_Vse,5-15,0.06014953412567256,30,0.06039227665787877,MAP_PMU,123,0.00024274253220620684
5,UPFC_tse,5-15,-2.155404786149353,30,-2.1428035663817044,MAP_PMU,123,0.012601219767648608
0,x_tcsc,1-14,-0.1362896082077079,31,-0.1362085007118137,MAP_PMU,123,8.110749589421151e-05
1,B_svc,2,0.2832632214761368,31,0.2834171441114096,MAP_PMU,123,0.00015392263527280736
2,UPFC_Vsh,5-15,1.1046328538613894,31,1.1061144614829181,MAP_PMU,123,0.0014816076215287133
3,UPFC_tsh,5-15,-0.2282407554205145,31,-0.22820827284701373,MAP_PMU,123,3.248257350077499e-05
4,UPFC_Vse,5-15,0.06051872040257892,31,0.06039227665787877,MAP_PMU,123,0.00012644374470015263
5,UPFC_tse,5-15,-2.15141888728325,31,-2.1428035663817044,MAP_PMU,123,0.008615320901545598
0,x_tcsc,1-14,-0.1362221929125773,32,-0.1362085007118137,MAP_PMU,123,1.3692200763609774e-05
1,B_svc,2,0.2833274696235219,32,0.2834171441114096,MAP_PMU,123,8.967448788771426e-05
2,UPFC_Vsh,5-15,1.104375829027749,32,1.1061144614829181,MAP_PMU,123,0.0017386324551691423
3,UPFC_tsh,5-15,-0.22822929790346508,32,-0.22820827284701373,MAP_PMU,123,2.1025056451351443e-05
4,UPFC_Vse,5-15,0.06019287267192639,32,0.06039227665787877,MAP_PMU,123,0.00019940398595237607
5,UPFC_tse,5-15,-2.144511074605835,32,-2.1428035663817044,MAP_PMU,123,0.0017075082241304607
0,x_tcsc,1-14,-0.1362694305381632,33,-0.1362085007118137,MAP_PMU,123,6.0929826349503946e-05
1,B_svc,2,0.2832695628728444,33,0.2834171441114096,MAP_PMU,123,0.00014758123856523087
2,UPFC_Vsh,5-15,1.1045781653021167,33,1.1061144614829181,MAP_PMU,123,0.001536296180801422
3,UPFC_tsh,5-15,-0.22815486098434018,33,-0.22820827284701373,MAP_PMU,123,5.341186267354692e-05
4,UPFC_Vse,5-15,0.05985700108559162,33,0.06039227665787877,MAP_PMU,123,0.00053527557228715
5,UPFC_tse,5-15,-2.144989093889255,33,-2.1428035663817044,MAP_PMU,123,0.002185527507550411
0,x_tcsc,1-14,-0.1362644063776329,34,-0.1362085007118137,MAP_PMU,123,5.590566581920031e-05
1,B_svc,2,0.28391190956205314,34,0.2834171441114096,MAP_PMU,123,0.0004947654506435306
2,UPFC_Vsh,5-15,1.104228140717421,34,1.1061144614829181,MAP_PMU,123,0.001886320765497107
3,UPFC_tsh,5-15,-0.22825999340229486,34,-0.22820827284701373,MAP_PMU,123,5.172055528113173e-05
4,UPFC_Vse,5-15,0.06014793265813829,34,0.06039227665787877,MAP_PMU,123,0.00024434399974047893
5,UPFC_tse,5-15,-2.150834372384578,34,-2.1428035663817044,MAP_PMU,123,0.008030806002873536
0,x_tcsc,1-14,-0.1362327362858249,35,-0.1362085007118137,MAP_PMU,123,2.4235574011211014e-05
1,B_svc,2,0.28343320722286147,35,0.2834171441114096,MAP_PMU,123,1.6063111451858347e-05
2,UPFC_Vsh,5-15,1.1043807599017603,35,1.1061144614829181,MAP_PMU,123,0.0017337015811578205
3,UPFC_tsh,5-15,-0.22816345105158353,35,-0.22820827284701373,MAP_PMU,123,4.482179543019438e-05
4,UPFC_Vse,5-15,0.059903313537979466,35,0.06039227665787877,MAP_PMU,123,0.0004889631198993008
5,UPFC_tse,5-15,-2.140115617899764,35,-2.1428035663817044,MAP_PMU,123,0.0026879484819404276
0,x_tcsc,1-14,-0.13628720720609877,36,-0.1362085007118137,MAP_PMU,123,7.870649428506904e-05
1,B_svc,2,0.28362463524428516,36,0.2834171441114096,MAP_PMU,123,0.000207491132875548
2,UPFC_Vsh,5-15,1.1039569326458865,36,1.1061144614829181,MAP_PMU,123,0.002157528837031686
3,UPFC_tsh,5-15,-0.22828604406096137,36,-0.22820827284701373,MAP_PMU,123,7.777121394764164e-05
4,UPFC_Vse,5-15,0.06007573816511026,36,0.06039227665787877,MAP_PMU,123,0.0003165384927685047
5,UPFC_tse,5-15,-2.1516921335537096,36,-2.1428035663817044,MAP_PMU,123,0.008888567172005146
0,x_tcsc,1-14,-0.1362527422874661,37,-0.1362085007118137,MAP_PMU,123,4.424157565238729e-05
1,B_svc,2,0.2830940972273975,37,0.2834171441114096,MAP_PMU,123,0.00032304688401213477
2,UPFC_Vsh,5-15,1.1046076445082857,37,1.1061144614829181,MAP_PMU,123,0.0015068169746323967
3,UPFC_tsh,5-15,-0.228240506661411,37,-0.22820827284701373,MAP_PMU,123,3.223381439726447e-05
4,UPFC_Vse,5-15,0.06024999991976004,37,0.06039227665787877,MAP_PMU,123,0.00014227673811872954
5,UPFC_tse,5-15,-2.146308150411281,37,-2.1428035663817044,MAP_PMU,123,0.0035045840295766517
0,x_tcsc,1-14,-0.136233570658928,38,-0.1362085007118137,MAP_PMU,123,2.5069947114292335e-05
1,B_svc,2,0.2834072600318457,38,0.2834171441114096,MAP_PMU,123,9.884079563926562e-06
2,UPFC_Vsh,5-15,1.1042851411466406,38,1.1061144614829181,MAP_PMU,123,0.0018293203362775845
3,UPFC_tsh,5-15,-0.2282216276577523,38,-0.22820827284701373,MAP_PMU,123,1.335481073858058e-05
4,UPFC_Vse,5-15,0.06033177849760948,38,0.06039227665787877,MAP_PMU,123,6.049816026929e-05
5,UPFC_tse,5-15,-2.15314640828001,38,-2.1428035663817044,MAP_PMU,123,0.010342841898305366
0,x_tcsc,1-14,-0.1362913540819076,39,-0.1362085007118137,MAP_PMU,123,8.285337009389382e-05
1,B_svc,2,0.282882243512943,39,0.2834171441114096,MAP_PMU,123,0.0005349005984666144
2,UPFC_Vsh,5-15,1.1045562240157467,39,1.1061144614829181,MAP_PMU,123,0.0015582374671714305
3,UPFC_tsh,5-15,-0.2282235856238302,39,-0.22820827284701373,MAP_PMU,123,1.5312776816461815e-05
4,UPFC_Vse,5-15,0.060287382051688744,39,0.06039227665787877,MAP_PMU,123,0.000104894606190023
5,UPFC_tse,5-15,-2.147512492054282,39,-2.1428035663817044,MAP_PMU,123,0.004708925672577635
0,x_tcsc,1-14,-0.1362289786670551,40,-0.1362085007118137,MAP_PMU,123,2.047795524140472e-05
1,B_svc,2,0.2832489461164763,40,0.2834171441114096,MAP_PMU,123,0.00016819799493333898
2,UPFC_Vsh,5-15,1.104011657581036,40,1.1061144614829181,MAP_PMU,123,0.002102803901882222
3,UPFC_tsh,5-15,-0.22830120402099338,40,-0.22820827284701373,MAP_PMU,123,9.293117397965456e-05
4,UPFC_Vse,5-15,0.060647903237562056,40,0.06039227665787877,MAP_PMU,123,0.00025562657968328933
5,UPFC_tse,5-15,-2.1569345025033915,40,-2.1428035663817044,MAP_PMU,123,0.014130936121687032
0,x_tcsc,1-14,-0.13624610383100708,41,-0.1362085007118137,MAP_PMU,123,3.760311919337456e-05
1,B_svc,2,0.28349330766441544,41,0.2834171441114096,MAP_PMU,123,7.616355300582578e-05
2,UPFC_Vsh,5-15,1.1042945214819693,41,1.1061144614829181,MAP_PMU,123,0.001819940000948872
3,UPFC_tsh,5-15,-0.2281795847147915,41,-0.22820827284701373,MAP_PMU,123,2.86881322222321e-05
4,UPFC_Vse,5-15,0.06002452787501072,41,0.06039227665787877,MAP_PMU,123,0.00036774878286804924
5,UPFC_tse,5-15,-2.1444574009182267,41,-2.1428035663817044,MAP_PMU,123,0.0016538345365222362
0,x_tcsc,1-14,-0.13629880546278036,42,-0.1362085007118137,MAP_PMU,123,9.030475096666324e-05
1,B_svc,2,0.28343219847114554,42,0.2834171441114096,MAP_PMU,123,1.5054359735922063e-05
2,UPFC_Vsh,5-15,1.104658130082951,42,1.1061144614829181,MAP_PMU,123,0.0014563313999671479
3,UPFC_tsh,5-15,-0.2281970206140067,42,-0.22820827284701373,MAP_PMU,123,1.1252233007019719e-05
4,UPFC_Vse,5-15,0.06005236642008942,42,0.06039227665787877,MAP_PMU,123,0.00033991023778934953
5,UPFC_tse,5-15,-2.1422048014056037,42,-2.1428035663817044,MAP_PMU,123,0.0005987649761007852
0,x_tcsc,1-14,-0.1362541395679009,43,-0.1362085007118137,MAP_PMU,123,4.5638856087187873e-05
1,B_svc,2,0.2837567905462248,43,0.2834171441114096,MAP_PMU,123,0.0003396464348152106
2,UPFC_Vsh,5-15,1.1044002387262004,43,1.1061144614829181,MAP_PMU,123,0.0017142227567177315
3,UPFC_tsh,5-15,-0.22821338583158887,43,-0.22820827284701373,MAP_PMU,123,5.112984575145196e-06
4,UPFC_Vse,5-15,0.059674039812597515,43,0.06039227665787877,MAP_PMU,123,0.0007182368452812518
5,UPFC_tse,5-15,-2.142093485561644,43,-2.1428035663817044,MAP_PMU,123,0.0007100808200606323
0,x_tcsc,1-14,-0.1362889598208298,44,-0.1362085007118137,MAP_PMU,123,8.045910901610664e-05
1,B_svc,2,0.2833236937572607,44,0.2834171441114096,MAP_PMU,123,9.345035414892733e-05
2,UPFC_Vsh,5-15,1.104549619972257,44,1.1061144614829181,MAP_PMU,123,0.0015648415106610525
3,UPFC_tsh,5-15,-0.22817028249863036,44,-0.22820827284701373,MAP_PMU,123,3.799034838336546e-05
4,UPFC_Vse,5-15,0.059889232893604386,44,0.06039227665787877,MAP_PMU,123,0.0005030437642743815
5,UPFC_tse,5-15,-2.1391101990125154,44,-2.1428035663817044,MAP_PMU,123,0.0036933673691890156
0,x_tcsc,1-14,-0.13630026247682978,45,-0.1362085007118137,MAP_PMU,123,9.176176501607403e-05
1,B_svc,2,0.28321212110108,45,0.2834171441114096,MAP_PMU,123,0.0002050230103295969
2,UPFC_Vsh,5-15,1.1045617833681465,45,1.1061144614829181,MAP_PMU,123,0.0015526781147716662
3,UPFC_tsh,5-15,-0.22817827412333672,45,-0.22820827284701373,MAP_PMU,123,2.9998723677010508e-05
4,UPFC_Vse,5-15,0.05973826046537476,45,0.06039227665787877,MAP_PMU,123,0.0006540161925040061
5,UPFC_tse,5-15,-2.147776939173608,45,-2.1428035663817044,MAP_PMU,123,0.004973372791903685
0,x_tcsc,1-14,-0.13627502314518744,46,-0.1362085007118137,MAP_PMU,123,6.652243337373909e-05
1,B_svc,2,0.2835075970018677,46,0.2834171441114096,MAP_PMU,123,9.045289045805927e-05
2,UPFC_Vsh,5-15,1.1044523600657383,46,1.1061144614829181,MAP_PMU,123,0.0016621014171798176
3,UPFC_tsh,5-15,-0.22824538263016214,46,-0.22820827284701373,MAP_PMU,123,3.710978314841462e-05
4,UPFC_Vse,5-15,0.06028843055574261,46,0.06039227665787877,MAP_PMU,123,0.00010384610213615836
5,UPFC_tse,5-15,-2.1462494187495293,46,-2.1428035663817044,MAP_PMU,123,0.0034458523678249087
0,x_tcsc,1-14,-0.13625832211501532,47,-0.1362085007118137,MAP_PMU,123,4.982140320161643e-05
1,B_svc,2,0.28353431979622434,47,0.2834171441114096,MAP_PMU,123,0.00011717568481472984
2,UPFC_Vsh,5-15,1.1047183633299078,47,1.1061144614829181,MAP_PMU,123,0.001396098153010339
3,UPFC_tsh,5-15,-0.22814226570857213,47,-0.22820827284701373,MAP_PMU,123,6.600713844159833e-05
4,UPFC_Vse,5-15,0.059462828392405354,47,0.06039227665787877,MAP_PMU,123,0.0009294482654734135
5,UPFC_tse,5-15,-2.1441487347055075,47,-2.1428035663817044,MAP_PMU,123,0.0013451683238030476
0,x_tcsc,1-14,-0.13625964920080863,48,-0.1362085007118137,MAP_PMU,123,5.114848899492874e-05
1,B_svc,2,0.28358988655263473,48,0.2834171441114096,MAP_PMU,123,0.0001727424412251155
2,UPFC_Vsh,5-15,1.1043039356984612,48,1.1061144614829181,MAP_PMU,123,0.0018105257844569511
3,UPFC_tsh,5-15,-0.2283110304206828,48,-0.22820827284701373,MAP_PMU,123,0.00010275757366906557
4,UPFC_Vse,5-15,0.06055047877428745,48,0.06039227665787877,MAP_PMU,123,0.00015820211640868442
5,UPFC_tse,5-15,-2.1556023090939926,48,-2.1428035663817044,MAP_PMU,123,0.012798742712288202
0,x_tcsc,1-14,-0.1362315684783855,49,-0.1362085007118137,MAP_PMU,123,2.306776657179377e-05
1,B_svc,2,0.2831196788198695,49,0.2834171441114096,MAP_PMU,123,0.00029746529154012213
2,UPFC_Vsh,5-15,1.1044244173915068,49,1.1061144614829181,MAP_PMU,123,0.0016900440914113801
3,UPFC_tsh,5-15,-0.22820873367286298,49,-0.22820827284701373,MAP_PMU,123,4.6082584925777326e-07
4,UPFC_Vse,5-15,0.06021158578108331,49,0.06039227665787877,MAP_PMU,123,0.00018069087679545986
5,UPFC_tse,5-15,-2.141850449951928,49,-2.1428035663817044,MAP_PMU,123,0.0009531164297764683
0,x_tcsc,1-14,-0.13622723682659724,50,-0.1362085007118137,MAP_PMU,123,1.8736114783535207e-05
1,B_svc,2,0.28352161959662586,50,0.2834171441114096,MAP_PMU,123,0.00010447548521624883
2,UPFC_Vsh,5-15,1.1046804944840858,50,1.1061144614829181,MAP_PMU,123,0.001433966998832359
3,UPFC_tsh,5-15,-0.22818967927470477,50,-0.22820827284701373,MAP_PMU,123,1.8593572308961415e-05
4,UPFC_Vse,5-15,0.060300073680630915,50,0.06039227665787877,MAP_PMU,123,9.220297724785165e-05
5,UPFC_tse,5-15,-2.1495351098240527,50,-2.1428035663817044,MAP_PMU,123,0.006731543442348276
0,x_tcsc,1-14,-0.1362500858230322,51,-0.1362085007118137,MAP_PMU,123,4.158511121848951e-05
1,B_svc,2,0.2834431307875757,51,0.2834171441114096,MAP_PMU,123,2.5986676166100953e-05
2,UPFC_Vsh,5-15,1.1042604023610125,51,1.1061144614829181,MAP_PMU,123,0.0018540591219056157
3,UPFC_tsh,5-15,-0.2282044945207116,51,-0.22820827284701373,MAP_PMU,123,3.7783263021340385e-06
4,UPFC_Vse,5-15,0.06024626288793107,51,0.06039227665787877,MAP_PMU,123,0.00014601376994769627
5,UPFC_tse,5-15,-2.1411142819710314,51,-2.1428035663817044,MAP_PMU,123,0.0016892844106730642
0,x_tcsc,1-14,-0.13625745309499165,52,-0.1362085007118137,MAP_PMU,123,4.8952383177952585e-05
1,B_svc,2,0.28388611852598283,52,0.2834171441114096,MAP_PMU,123,0.00046897441457322
2,UPFC_Vsh,5-15,1.104599575066536,52,1.1061144614829181,MAP_PMU,123,0.0015148864163820885
3,UPFC_tsh,5-15,-0.22815787633522097,52,-0.22820827284701373,MAP_PMU,123,5.039651179275517e-05
4,UPFC_Vse,5-15,0.05991170173463883,52,0.06039227665787877,MAP_PMU,123,0.00048057492323994033
5,UPFC_tse,5-15,-2.1579969401245442,52,-2.1428035663817044,MAP_PMU,123,0.0151933737428398
0,x_tcsc,1-14,-0.1362239723929431,53,-0.1362085007118137,MAP_PMU,123,1.5471681129392012e-05
1,B_svc,2,0.28353811417529207,53,0.2834171441114096,MAP_PMU,123,0.0001209700638824529
2,UPFC_Vsh,5-15,1.1042884018840804,53,1.1061144614829181,MAP_PMU,123,0.0018260595988377482
3,UPFC_tsh,5-15,-0.22827116245212042,53,-0.22820827284701373,MAP_PMU,123,6.288960510669739e-05
4,UPFC_Vse,5-15,0.060013279504495774,53,0.06039227665787877,MAP_PMU,123,0.0003789971533829928
5,UPFC_tse,5-15,-2.1490934549544307,53,-2.1428035663817044,MAP_PMU,123,0.0062898885727262765
0,x_tcsc,1-14,-0.13624113868513046,54,-0.1362085007118137,MAP_PMU,123,3.263797331676255e-05
1,B_svc,2,0.28363280235444377,54,0.2834171441114096,MAP_PMU,123,0.00021565824303415582
2,UPFC_Vsh,5-15,1.104459309034998,54,1.1061144614829181,MAP_PMU,123,0.0016551524479202495
3,UPFC_tsh,5-15,-0.22823538645792577,54,-0.22820827284701373,MAP_PMU,123,2.7113610912038455e-05
4,UPFC_Vse,5-15,0.06044622334914849,54,0.06039227665787877,MAP_PMU,123,5.394669126972118e-05
5,UPFC_tse,5-15,-2.1452955076993416,54,-2.1428035663817044,MAP_PMU,123,0.002491941317637192
0,x_tcsc,1-14,-0.13626550373878735,55,-0.1362085007118137,MAP_PMU,123,5.7003026973645454e-05
1,B_svc,2,0.28337656505784903,55,0.2834171441114096,MAP_PMU,123,4.057905356058544e-05
2,UPFC_Vsh,5-15,1.1048168392870739,55,1.1061144614829181,MAP_PMU,123,0.0012976221958442835
3,UPFC_tsh,5-15,-0.22817568948713035,55,-0.22820827284701373,MAP_PMU,123,3.2583359883375795e-05
4,UPFC_Vse,5-15,0.060249175829677364,55,0.06039227665787877,MAP_PMU,123,0.00014310082820140346
5,UPFC_tse,5-15,-2.1475668980944635,55,-2.1428035663817044,MAP_PMU,123,0.004763331712759111
0,x_tcsc,1-14,-0.13624949618659263,56,-0.1362085007118137,MAP_PMU,123,4.099547477892651e-05
1,B_svc,2,0.28342533887219157,56,0.2834171441114096,MAP_PMU,123,8.194760781954358e-06
2,UPFC_Vsh,5-15,1.104364520957368,56,1.1061144614829181,MAP_PMU,123,0.0017499405255501088
3,UPFC_tsh,5-15,-0.228179727730161,56,-0.22820827284701373,MAP_PMU,123,2.8545116852712882e-05
4,UPFC_Vse,5-15,0.06000845832046858,56,0.06039227665787877,MAP_PMU,123,0.0003838183374101842
5,UPFC_tse,5-15,-2.1419457111064184,56,-2.1428035663817044,MAP_PMU,123,0.0008578552752860347
0,x_tcsc,1-14,-0.13622426684535924,57,-0.1362085007118137,MAP_PMU,123,1.5766133545536132e-05
1,B_svc,2,0.28350598611044026,57,0.2834171441114096,MAP_PMU,123,8.884199903064216e-05
2,UPFC_Vsh,5-15,1.1041066282608838,57,1.1061144614829181,MAP_PMU,123,0.0020078332220343498
3,UPFC_tsh,5-15,-0.22832607259335752,57,-0.22820827284701373,MAP_PMU,123,0.00011779974634379409
4,UPFC_Vse,5-15,0.06048125720757121,57,0.06039227665787877,MAP_PMU,123,8.898054969243979e-05
5,UPFC_tse,5-15,-2.1460849637914836,57,-2.1428035663817044,MAP_PMU,123,0.0032813974097791743
0,x_tcsc,1-14,-0.13629527701904676,58,-0.1362085007118137,MAP_PMU,123,8.677630723305518e-05
1,B_svc,2,0.2830695677431575,58,0.2834171441114096,MAP_PMU,123,0.0003475763682521116
2,UPFC_Vsh,5-15,1.104852183941437,58,1.1061144614829181,MAP_PMU,123,0.001262277541481227
3,UPFC_tsh,5-15,-0.22816921004585972,58,-0.22820827284701373,MAP_PMU,123,3.906280115401062e-05
4,UPFC_Vse,5-15,0.059476679106696406,58,0.06039227665787877,MAP_PMU,123,0.0009155975511823608
5,UPFC_tse,5-15,-2.136151957065972,58,-2.1428035663817044,MAP_PMU,123,0.006651609315732276
0,x_tcsc,1-14,-0.136259370241944,59,-0.1362085007118137,MAP_PMU,123,5.0869530130309704e-05
1,B_svc,2,0.28376273716251255,59,0.2834171441114096,MAP_PMU,123,0.0003455930511029326
2,UPFC_Vsh,5-15,1.104676203146602,59,1.1061144614829181,MAP_PMU,123,0.0014382583363161672
3,UPFC_tsh,5-15,-0.22820843191040466,59,-0.22820827284701373,MAP_PMU,123,1.590633909309691e-07
4,UPFC_Vse,5-15,0.06031946034919534,59,0.06039227665787877,MAP_PMU,123,7.281630868342936e-05
5,UPFC_tse,5-15,-2.14721285663883,59,-2.1428035663817044,MAP_PMU,123,0.004409290257125775
0,x_tcsc,1-14,-0.13622255510716408,60,-0.1362085007118137,MAP_PMU,123,1.4054395350376891e-05
1,B_svc,2,0.2834145687034221,60,0.2834171441114096,MAP_PMU,123,2.5754079875373037e-06
2,UPFC_Vsh,5-15,1.1046802467284447,60,1.1061144614829181,MAP_PMU,123,0.001434214754473473
3,UPFC_tsh,5-15,-0.2282087744763442,60,-0.22820827284701373,MAP_PMU,123,5.016293304627162e-07
4,UPFC_Vse,5-15,0.06014046340126857,60,0.06039227665787877,MAP_PMU,123,0.00025181325661019494
5,UPFC_tse,5-15,-2.156490775762084,60,-2.1428035663817044,MAP_PMU,123,0.013687209380379706
0,x_tcsc,1-14,-0.1362764078215041,61,-0.1362085007118137,MAP_PMU,123,6.790710969040159e-05
1,B_svc,2,0.2835704559097354,61,0.2834171441114096,MAP_PMU,123,0.00015331179832578368
2,UPFC_Vsh,5-15,1.1044065975995572,61,1.1061144614829181,MAP_PMU,123,0.0017078638833609716
3,UPFC_tsh,5-15,-0.22831006409919757,61,-0.22820827284701373,MAP_PMU,123,0.0001017912521838471
4,UPFC_Vse,5-15,0.05987782422463293,61,0.06039227665787877,MAP_PMU,123,0.0005144524332458336
5,UPFC_tse,5-15,-2.1562671147441366,61,-2.1428035663817044,MAP_PMU,123,0.013463548362432132
0,x_tcsc,1-14,-0.13629251381583224,62,-0.1362085007118137,MAP_PMU,123,8.401310401853768e-05
1,B_svc,2,0.28381833306656185,62,0.2834171441114096,MAP_PMU,123,0.00040118895515223185
2,UPFC_Vsh,5-15,1.1041125170743296,62,1.1061144614829181,MAP_PMU,123,0.002001944408588585
3,UPFC_tsh,5-15,-0.22828865178688035,62,-0.22820827284701373,MAP_PMU,123,8.037893986662104e-05
4,UPFC_Vse,5-15,0.06018914236608396,62,0.06039227665787877,MAP_PMU,123,0.00020313429179480424
5,UPFC_tse,5-15,-2.1440729228893805,62,-2.1428035663817044,MAP_PMU,123,0.0012693565076760116
0,x_tcsc,1-14,-0.1362159705504004,63,-0.1362085007118137,MAP_PMU,123,7.46983858671002e-06
1,B_svc,2,0.28335958837844333,63,0.2834171441114096,MAP_PMU,123,5.755573296628569e-05
2,UPFC_Vsh,5-15,1.104405660912911,63,1.1061144614829181,MAP_PMU,123,0.0017088005700072184
3,UPFC_tsh,5-15,-0.228207526471467,63,-0.22820827284701373,MAP_PMU,123,7.463755467285171e-07
4,UPFC_Vse,5-15,0.06035318368678722,63,0.06039227665787877,MAP_PMU,123,3.909297109154497e-05
5,UPFC_tse,5-15,-2.1502601044483667,63,-2.1428035663817044,MAP_PMU,123,0.007456538066662244
0,x_tcsc,1-14,-0.1362766959604815,64,-0.1362085007118137,MAP_PMU,123,6.819524866780169e-05
1,B_svc,2,0.2835629103442855,64,0.2834171441114096,MAP_PMU,123,0.00014576623287587687
2,UPFC_Vsh,5-15,1.1043656852704993,64,1.1061144614829181,MAP_PMU,123,0.0017487762124188677
3,UPFC_tsh,5-15,-0.22818797699905022,64,-0.22820827284701373,MAP_PMU,123,2.0295847963508473e-05
4,UPFC_Vse,5-15,0.06019326550409485,64,0.06039227665787877,MAP_PMU,123,0.0001990111537839151
5,UPFC_tse,5-15,-2.1481123090617493,64,-2.1428035663817044,MAP_PMU,123,0.005308742680044887
0,x_tcsc,1-14,-0.1362285058740854,65,-0.1362085007118137,MAP_PMU,123,2.0005162271685695e-05
1,B_svc,2,0.28353748168337456,65,0.2834171441114096,MAP_PMU,123,0.00012033757196494577
2,UPFC_Vsh,5-15,1.1043677857770269,65,1.1061144614829181,MAP_PMU,123,0.0017466757058912652
3,UPFC_tsh,5-15,-0.22820011638132495,65,-0.22820827284701373,MAP_PMU,123,8.156465688774484e-06
4,UPFC_Vse,5-15,0.060017201044257375,65,0.06039227665787877,MAP_PMU,123,0.0003750756136213923
5,UPFC_tse,5-15,-2.146116973475304,65,-2.1428035663817044,MAP_PMU,123,0.0033134070935996185
0,x_tcsc,1-14,-0.13626071140705223,66,-0.1362085007118137,MAP_PMU,123,5.221069523853039e-05
1,B_svc,2,0.28410897902592225,66,0.2834171441114096,MAP_PMU,123,0.0006918349145126346
2,UPFC_Vsh,5-15,1.1043251705121664,66,1.1061144614829181,MAP_PMU,123,0.0017892909707517557
3,UPFC_tsh,5-15,-0.22821006917667716,66,-0.22820827284701373,MAP_PMU,123,1.7963296634337933e-06
4,UPFC_Vse,5-15,0.05964564566249351,66,0.06039227665787877,MAP_PMU,123,0.0007466309953852585
5,UPFC_tse,5-15,-2.1514191542884316,66,-2.1428035663817044,MAP_PMU,123,0.008615587906727118
0,x_tcsc,1-14,-0.1362623722764574,67,-0.1362085007118137,MAP_PMU,123,5.3871564643703795e-05
1,B_svc,2,0.28401164725389955,67,0.2834171441114096,MAP_PMU,123,0.0005945031424899327
2,UPFC_Vsh,5-15,1.1042165574109868,67,1.1061144614829181,MAP_PMU,123,0.0018979040719313556
3,UPFC_tsh,5-15,-0.22819987440352218,67,-0.22820827284701373,MAP_PMU,123,8.39844349154184e-06
4,UPFC_Vse,5-15,0.06012821153696036,67,0.06039227665787877,MAP_PMU,123,0.00026406512091840806
5,UPFC_tse,5-15,-2.151853359486263,67,-2.1428035663817044,MAP_PMU,123,0.009049793104558557
0,x_tcsc,1-14,-0.1362415220124353,68,-0.1362085007118137,MAP_PMU,123,3.302130062160513e-05
1,B_svc,2,0.28364514380708133,68,0.2834171441114096,MAP_PMU,123,0.00022799969567172118
2,UPFC_Vsh,5-15,1.1045062720243781,68,1.1061144614829181,MAP_PMU,123,0.0016081894585400214
3,UPFC_tsh,5-15,-0.22827562033797075,68,-0.22820827284701373,MAP_PMU,123,6.734749095702042e-05
4,UPFC_Vse,5-15,0.06037820270478166,68,0.06039227665787877,MAP_PMU,123,1.4073953097104575e-05
5,UPFC_tse,5-15,-2.1439421047337346,68,-2.1428035663817044,MAP_PMU,123,0.0011385383520301495
0,x_tcsc,1-14,-0.13626987728616569,69,-0.1362085007118137,MAP_PMU,123,6.137657435198451e-05
1,B_svc,2,0.2829948621692902,69,0.2834171441114096,MAP_PMU,123,0.00042228194211940684
2,UPFC_Vsh,5-15,1.1045734122297695,69,1.1061144614829181,MAP_PMU,123,0.0015410492531486852
3,UPFC_tsh,5-15,-0.228211625793043,69,-0.22820827284701373,MAP_PMU,123,3.3529460292669455e-06
4,UPFC_Vse,5-15,0.06037568667189082,69,0.06039227665787877,MAP_PMU,123,1.658998598794842e-05
5,UPFC_tse,5-15,-2.1426907663209955,69,-2.1428035663817044,MAP_PMU,123,0.00011280006070890636
0,x_tcsc,1-14,-0.1362585966048306,70,-0.1362085007118137,MAP_PMU,123,5.009589301691042e-05
1,B_svc,2,0.2830785885995246,70,0.2834171441114096,MAP_PMU,123,0.000338555511884997
2,UPFC_Vsh,5-15,1.1047445207611017,70,1.1061144614829181,MAP_PMU,123,0.0013699407218163984
3,UPFC_tsh,5-15,-0.22817678158401256,70,-0.22820827284701373,MAP_PMU,123,3.1491263001171e-05
4,UPFC_Vse,5-15,0.059694819625775206,70,0.06039227665787877,MAP_PMU,123,0.0006974570321035614
5,UPFC_tse,5-15,-2.1421860217165154,70,-2.1428035663817044,MAP_PMU,123,0.0006175446651890404
0,x_tcsc,1-14,-0.13627198689918563,71,-0.1362085007118137,MAP_PMU,123,6.348618737192502e-05
1,B_svc,2,0.28346056471656195,71,0.2834171441114096,MAP_PMU,123,4.342060515233337e-05
2,UPFC_Vsh,5-15,1.104657393548527,71,1.1061144614829181,MAP_PMU,123,0.001457067934391043
3,UPFC_tsh,5-15,-0.22824755273912614,71,-0.22820827284701373,MAP_PMU,123,3.9279892112414894e-05
4,UPFC_Vse,5-15,0.0600351699299746,71,0.06039227665787877,MAP_PMU,123,0.00035710672790417036
5,UPFC_tse,5-15,-2.1419095807890285,71,-2.1428035663817044,MAP_PMU,123,0.0008939855926759499
0,x_tcsc,1-14,-0.13631086242440857,72,-0.1362085007118137,MAP_PMU,123,0.00010236171259486726
1,B_svc,2,0.2837785722622669,72,0.2834171441114096,MAP_PMU,123,0.0003614281508572681
2,UPFC_Vsh,5-15,1.1043284829221258,72,1.1061144614829181,MAP_PMU,123,0.0017859785607923229
3,UPFC_tsh,5-15,-0.22828648618944183,72,-0.22820827284701373,MAP_PMU,123,7.821334242810729e-05
4,UPFC_Vse,5-15,0.06036957796696503,72,0.06039227665787877,MAP_PMU,123,2.2698690913737496e-05
5,UPFC_tse,5-15,-2.1581702390637365,72,-2.1428035663817044,MAP_PMU,123,0.015366672682032068
0,x_tcsc,1-14,-0.13623676216977307,73,-0.1362085007118137,MAP_PMU,123,2.826145795936652e-05
1,B_svc,2,0.2832860982347175,73,0.2834171441114096,MAP_PMU,123,0.0001310458766921041
2,UPFC_Vsh,5-15,1.104573545625154,73,1.1061144614829181,MAP_PMU,123,0.001540915857764169
3,UPFC_tsh,5-15,-0.22820810946725714,73,-0.22820827284701373,MAP_PMU,123,1.6337975658475834e-07
4,UPFC_Vse,5-15,0.06011500765983105,73,0.06039227665787877,MAP_PMU,123,0.00027726899804771804
5,UPFC_tse,5-15,-2.1571516116072553,73,-2.1428035663817044,MAP_PMU,123,0.014348045225550887
0,x_tcsc,1-14,-0.13628524680167925,74,-0.1362085007118137,MAP_PMU,123,7.67460898655481e-05
1,B_svc,2,0.2839126215644311,74,0.2834171441114096,MAP_PMU,123,0.0004954774530214756
2,UPFC_Vsh,5-15,1.1045372390443697,74,1.1061144614829181,MAP_PMU,123,0.001577222438548409
3,UPFC_tsh,5-15,-0.22814951793702284,74,-0.22820827284701373,MAP_PMU,123,5.87549099908824e-05
4,UPFC_Vse,5-15,0.06030476535090001,74,0.06039227665787877,MAP_PMU,123,8.75113069787603e-05
5,UPFC_tse,5-15,-2.13558655893274,74,-2.1428035663817044,MAP_PMU,123,0.007217007448964363
0,x_tcsc,1-14,-0.13629192801004059,75,-0.1362085007118137,MAP_PMU,123,8.342729822688466e-05
1,B_svc,2,0.2835242898565285,75,0.2834171441114096,MAP_PMU,123,0.00010714574511888619
2,UPFC_Vsh,5-15,1.1039782029264393,75,1.1061144614829181,MAP_PMU,123,0.0021362585564788095
3,UPFC_tsh,5-15,-0.22829769402467653,75,-0.22820827284701373,MAP_PMU,123,8.942117766280733e-05
4,UPFC_Vse,5-15,0.060557284783575874,75,0.06039227665787877,MAP_PMU,123,0.0001650081256971067
5,UPFC_tse,5-15,-2.1495460938950197,75,-2.1428035663817044,MAP_PMU,123,0.006742527513315277
0,x_tcsc,1-14,-0.1362413357668172,76,-0.1362085007118137,MAP_PMU,123,3.283505500351058e-05
1,B_svc,2,0.283834760873917,76,0.2834171441114096,MAP_PMU,123,0.0004176167625074001
2,UPFC_Vsh,5-15,1.104395773383242,76,1.1061144614829181,MAP_PMU,123,0.0017186880996762355
3,UPFC_tsh,5-15,-0.22822639723486488,76,-0.22820827284701373,MAP_PMU,123,1.8124387851148338e-05
4,UPFC_Vse,5-15,0.06037189742960875,76,0.06039227665787877,MAP_PMU,123,2.0379228270014926e-05
5,UPFC_tse,5-15,-2.148688286573086,76,-2.1428035663817044,MAP_PMU,123,0.005884720191381643
0,x_tcsc,1-14,-0.13623175844298654,77,-0.1362085007118137,MAP_PMU,123,2.3257731172843243e-05
1,B_svc,2,0.2831925981055446,77,0.2834171441114096,MAP_PMU,123,0.00022454600586502282
2,UPFC_Vsh,5-15,1.104482958408851,77,1.1061144614829181,MAP_PMU,123,0.001631503074067231
3,UPFC_tsh,5-15,-0.22819571888712764,77,-0.22820827284701373,MAP_PMU,123,1.2553959886085764e-05
4,UPFC_Vse,5-15,0.05965175146542164,77,0.06039227665787877,MAP_PMU,123,0.0007405251924571254
5,UPFC_tse,5-15,-2.133707239324864,77,-2.1428035663817044,MAP_PMU,123,0.00909632705684027
0,x_tcsc,1-14,-0.13629105189816929,78,-0.1362085007118137,MAP_PMU,123,8.25511863555839e-05
1,B_svc,2,0.28323014953208486,78,0.2834171441114096,MAP_PMU,123,0.00018699457932475072
2,UPFC_Vsh,5-15,1.1045475057949843,78,1.1061144614829181,MAP_PMU,123,0.0015669556879338575
3,UPFC_tsh,5-15,-0.2282207907886432,78,-0.22820827284701373,MAP_PMU,123,1.2517941629486273e-05
4,UPFC_Vse,5-15,0.05998768528235693,78,0.06039227665787877,MAP_PMU,123,0.0004045913755218386
5,UPFC_tse,5-15,-2.140860740169782,78,-2.1428035663817044,MAP_PMU,123,0.0019428262119225437
0,x_tcsc,1-14,-0.13625520124081664,79,-0.1362085007118137,MAP_PMU,123,4.670052900293542e-05
1,B_svc,2,0.2832914226391463,79,0.2834171441114096,MAP_PMU,123,0.0001257214722633071
2,UPFC_Vsh,5-15,1.1045942667916846,79,1.1061144614829181,MAP_PMU,123,0.0015201946912335451
3,UPFC_tsh,5-15,-0.2281794329855218,79,-0.22820827284701373,MAP_PMU,123,2.883986149193607e-05
4,UPFC_Vse,5-15,0.05998076472004164,79,0.06039227665787877,MAP_PMU,123,0.00041151193783712375
5,UPFC_tse,5-15,-2.148016036364362,79,-2.1428035663817044,MAP_PMU,123,0.005212469982657453
0,x_tcsc,1-14,-0.13621488501857087,80,-0.1362085007118137,MAP_PMU,123,6.384306757173386e-06
1,B_svc,2,0.28341672189447287,80,0.2834171441114096,MAP_PMU,123,4.222169367462669e-07
2,UPFC_Vsh,5-15,1.1043192283426457,80,1.1061144614829181,MAP_PMU,123,0.001795233140272412
3,UPFC_tsh,5-15,-0.2282840620010722,80,-0.22820827284701373,MAP_PMU,123,7.578915405848097e-05
4,UPFC_Vse,5-15,0.06018880596714337,80,0.06039227665787877,MAP_PMU,123,0.0002034706907353967
5,UPFC_tse,5-15,-2.1511681597298216,80,-2.1428035663817044,MAP_PMU,123,0.008364593348117122
0,x_tcsc,1-14,-0.13623604301039197,81,-0.1362085007118137,MAP_PMU,123,2.7542298578264734e-05
1,B_svc,2,0.2831322528413753,81,0.2834171441114096,MAP_PMU,123,0.00028489127003433756
2,UPFC_Vsh,5-15,1.104404659434705,81,1.1061144614829181,MAP_PMU,123,0.0017098020482131382
3,UPFC_tsh,5-15,-0.22827000654423335,81,-0.22820827284701373,MAP_PMU,123,6.173369721962363e-05
4,UPFC_Vse,5-15,0.06049747602829893,81,0.06039227665787877,MAP_PMU,123,0.00010519937042016009
5,UPFC_tse,5-15,-2.1430890624855903,81,-2.1428035663817044,MAP_PMU,123,0.00028549610388584057
0,x_tcsc,1-14,-0.13628870588575873,82,-0.1362085007118137,MAP_PMU,123,8.020517394502491e-05
1,B_svc,2,0.28341747204247353,82,0.2834171441114096,MAP_PMU,123,3.279310639148214e-07
2,UPFC_Vsh,5-15,1.1048819983444564,82,1.1061144614829181,MAP_PMU,123,0.0012324631384617035
3,UPFC_tsh,5-15,-0.22817477688928553,82,-0.22820827284701373,MAP_PMU,123,3.34959577281968e-05
4,UPFC_Vse,5-15,0.059853931789814276,82,0.06039227665787877,MAP_PMU,123,0.0005383448680644914
5,UPFC_tse,5-15,-2.133721298673314,82,-2.1428035663817044,MAP_PMU,123,0.009082267708390379
0,x_tcsc,1-14,-0.13625230447596237,83,-0.1362085007118137,MAP_PMU,123,4.380376414866993e-05
1,B_svc,2,0.2832890209967599,83,0.2834171441114096,MAP_PMU,123,0.00012812311464971415
2,UPFC_Vsh,5-15,1.104254315807179,83,1.1061144614829181,MAP_PMU,123,0.001860145675739222
3,UPFC_tsh,5-15,-0.2283244890005692,83,-0.22820827284701373,MAP_PMU,123,0.00011621615355547621
4,UPFC_Vse,5-15,0.0602763630746261,83,0.06039227665787877,MAP_PMU,123,0.00011591358325266365
5,UPFC_tse,5-15,-2.1553436682590306,83,-2.1428035663817044,MAP_PMU,123,0.012540101877326126
0,x_tcsc,1-14,-0.13620822697389295,84,-0.1362085007118137,MAP_PMU,123,2.7373792074736336e-07
1,B_svc,2,0.28359018965611,84,0.2834171441114096,MAP_PMU,123,0.0001730455447003787
2,UPFC_Vsh,5-15,1.104406835220467,84,1.1061144614829181,MAP_PMU,123,0.001707626262451134
3,UPFC_tsh,5-15,-0.22818473191280855,84,-0.22820827284701373,MAP_PMU,123,2.3540934205174002e-05
4,UPFC_Vse,5-15,0.06001023801670126,84,0.06039227665787877,MAP_PMU,123,0.00038203864117750813
5,UPFC_tse,5-15,-2.142879205422706,84,-2.1428035663817044,MAP_PMU,123,7.563904100171825e-05
0,x_tcsc,1-14,-0.13622256099467142,85,-0.1362085007118137,MAP_PMU,123,1.4060282857719653e-05
1,B_svc,2,0.2829485519696282,85,0.2834171441114096,MAP_PMU,123,0.00046859214178140984
2,UPFC_Vsh,5-15,1.1046095777411733,85,1.1061144614829181,MAP_PMU,123,0.0015048837417448446
3,UPFC_tsh,5-15,-0.22825296146684962,85,-0.22820827284701373,MAP_PMU,123,4.468861983589201e-05
4,UPFC_Vse,5-15,0.06007082054593607,85,0.06039227665787877,MAP_PMU,123,0.0003214561119426959
5,UPFC_tse,5-15,-2.1432258905331154,85,-2.1428035663817044,MAP_PMU,123,0.0004223241514109688
0,x_tcsc,1-14,-0.13626156849898874,86,-0.1362085007118137,MAP_PMU,123,5.306778717503735e-05
1,B_svc,2,0.28350893566644014,86,0.2834171441114096,MAP_PMU,123,9.179155503052927e-05
2,UPFC_Vsh,5-15,1.104521374212751,86,1.1061144614829181,MAP_PMU,123,0.0015930872701670484
3,UPFC_tsh,5-15,-0.228219941174958,86,-0.22820827284701373,MAP_PMU,123,1.1668327944275303e-05
4,UPFC_Vse,5-15,0.06044908962679015,86,0.06039227665787877,MAP_PMU,123,5.681296891138499e-05
5,UPFC_tse,5-15,-2.147566482637288,86,-2.1428035663817044,MAP_PMU,123,0.004762916255583782
0,x_tcsc,1-14,-0.136264909029918,87,-0.1362085007118137,MAP_PMU,123,5.640831810430069e-05
1,B_svc,2,0.28315989178217527,87,0.2834171441114096,MAP_PMU,123,0.0002572523292343476
2,UPFC_Vsh,5-15,1.1043925756558814,87,1.1061144614829181,MAP_PMU,123,0.0017218858270366955
3,UPFC_tsh,5-15,-0.22820134505853176,87,-0.22820827284701373,MAP_PMU,123,6.92778848196407e-06
4,UPFC_Vse,5-15,0.060051866052362755,87,0.06039227665787877,MAP_PMU,123,0.00034041060551601166
5,UPFC_tse,5-15,-2.151022056670672,87,-2.1428035663817044,MAP_PMU,123,0.008218490288967484
0,x_tcsc,1-14,-0.13625920248174356,88,-0.1362085007118137,MAP_PMU,123,5.07017699298562e-05
1,B_svc,2,0.2830582477076066,88,0.2834171441114096,MAP_PMU,123,0.0003588964038029885
2,UPFC_Vsh,5-15,1.1045545185137342,88,1.1061144614829181,MAP_PMU,123,0.0015599429691839362
3,UPFC_tsh,5-15,-0.2281418033968664,88,-0.22820827284701373,MAP_PMU,123,6.646945014732175e-05
4,UPFC_Vse,5-15,0.05968383458345389,88,0.06039227665787877,MAP_PMU,123,0.0007084420744248796
5,UPFC_tse,5-15,-2.144076683663537,88,-2.1428035663817044,MAP_PMU,123,0.0012731172818325476
0,x_tcsc,1-14,-0.13624128605145114,89,-0.1362085007118137,MAP_PMU,123,3.2785339637436683e-05
1,B_svc,2,0.2835981669946508,89,0.2834171441114096,MAP_PMU,123,0.00018102288324117755
2,UPFC_Vsh,5-15,1.1044598267518115,89,1.1061144614829181,MAP_PMU,123,0.0016546347311066079
3,UPFC_tsh,5-15,-0.22822091493240138,89,-0.22820827284701373,MAP_PMU,123,1.264208538764855e-05
4,UPFC_Vse,5-15,0.060106245558510324,89,0.06039227665787877,MAP_PMU,123,0.0002860310993684431
5,UPFC_tse,5-15,-2.1358138049778215,89,-2.1428035663817044,MAP_PMU,123,0.006989761403882966
0,x_tcsc,1-14,-0.1362557460207628,90,-0.1362085007118137,MAP_PMU,123,4.724530894908985e-05
1,B_svc,2,0.28357102147563096,90,0.2834171441114096,MAP_PMU,123,0.00015387736422134424
2,UPFC_Vsh,5-15,1.104343048400543,90,1.1061144614829181,MAP_PMU,123,0.0017714130823751617
3,UPFC_tsh,5-15,-0.22825757771557956,90,-0.22820827284701373,MAP_PMU,123,4.9304868565830384e-05
4,UPFC_Vse,5-15,0.06037606579006677,90,0.06039227665787877,MAP_PMU,123,1.6210867811998486e-05
5,UPFC_tse,5-15,-2.14697055207765,90,-2.1428035663817044,MAP_PMU,123,0.004166985695945424
0,x_tcsc,1-14,-0.1362672931869409,91,-0.1362085007118137,MAP_PMU,123,5.879247512718955e-05
1,B_svc,2,0.28337653526034806,91,0.2834171441114096,MAP_PMU,123,4.06088510615521e-05
2,UPFC_Vsh,5-15,1.1045249167185198,91,1.1061144614829181,MAP_PMU,123,0.0015895447643983207
3,UPFC_tsh,5-15,-0.2281741441050269,91,-0.22820827284701373,MAP_PMU,123,3.412874198682747e-05
4,UPFC_Vse,5-15,0.059947118512533065,91,0.06039227665787877,MAP_PMU,123,0.0004451581453457018
5,UPFC_tse,5-15,-2.1407509539313647,91,-2.1428035663817044,MAP_PMU,123,0.002052612450339719
0,x_tcsc,1-14,-0.13629984144294177,92,-0.1362085007118137,MAP_PMU,123,9.134073112807006e-05
1,B_svc,2,0.28280020493435853,92,0.2834171441114096,MAP_PMU,123,0.000616939177051079
2,UPFC_Vsh,5-15,1.1042533225451692,92,1.1061144614829181,MAP_PMU,123,0.001861138937748974
3,UPFC_tsh,5-15,-0.22825635537084554,92,-0.22820827284701373,MAP_PMU,123,4.8082523831816104e-05
4,UPFC_Vse,5-15,0.05985163589773983,92,0.06039227665787877,MAP_PMU,123,0.0005406407601389399
5,UPFC_tse,5-15,-2.152511682148114,92,-2.1428035663817044,MAP_PMU,123,0.00970811576640962
0,x_tcsc,1-14,-0.13624618831030913,93,-0.1362085007118137,MAP_PMU,123,3.7687598495428354e-05
1,B_svc,2,0.2838175219079771,93,0.2834171441114096,MAP_PMU,123,0.00040037779656748596
2,UPFC_Vsh,5-15,1.1041903770462482,93,1.1061144614829181,MAP_PMU,123,0.001924084436669915
3,UPFC_tsh,5-15,-0.22825391860306468,93,-0.22820827284701373,MAP_PMU,123,4.564575605095489e-05
4,UPFC_Vse,5-15,0.06002824522482998,93,0.06039227665787877,MAP_PMU,123,0.0003640314330487851
5,UPFC_tse,5-15,-2.1557739148779302,93,-2.1428035663817044,MAP_PMU,123,0.012970348496225803
0,x_tcsc,1-14,-0.13629571288557524,94,-0.1362085007118137,MAP_PMU,123,8.721217376153612e-05
1,B_svc,2,0.28404903206696747,94,0.2834171441114096,MAP_PMU,123,0.0006318879555578527
2,UPFC_Vsh,5-15,1.1045036791317393,94,1.1061144614829181,MAP_PMU,123,0.001610782351178841
3,UPFC_tsh,5-15,-0.22823223466929787,94,-0.22820827284701373,MAP_PMU,123,2.396182228414645e-05
4,UPFC_Vse,5-15,0.059937471853386354,94,0.06039227665787877,MAP_PMU,123,0.0004548048044924133
5,UPFC_tse,5-15,-2.143407856285802,94,-2.1428035663817044,MAP_PMU,123,0.0006042899040976657
0,x_tcsc,1-14,-0.1362610686914256,95,-0.1362085007118137,MAP_PMU,123,5.2567979611894966e-05
1,B_svc,2,0.2837579625160963,95,0.2834171441114096,MAP_PMU,123,0.00034081840468669355
2,UPFC_Vsh,5-15,1.104471701488284,95,1.1061144614829181,MAP_PMU,123,0.0016427599946340354
3,UPFC_tsh,5-15,-0.22814605779754915,95,-0.22820827284701373,MAP_PMU,123,6.221504946457568e-05
4,UPFC_Vse,5-15,0.060045799571601555,95,0.06039227665787877,MAP_PMU,123,0.00034647708627721235
5,UPFC_tse,5-15,-2.1543490814249004,95,-2.1428035663817044,MAP_PMU,123,0.011545515043196009
0,x_tcsc,1-14,-0.13624607664817764,96,-0.1362085007118137,MAP_PMU,123,3.757593636394274e-05
1,B_svc,2,0.2830085589117043,96,0.2834171441114096,MAP_PMU,123,0.0004085851997053247
2,UPFC_Vsh,5-15,1.104761436458716,96,1.1061144614829181,MAP_PMU,123,0.0013530250242022035
3,UPFC_tsh,5-15,-0.22816344162433091,96,-0.22820827284701373,MAP_PMU,123,4.483122268281181e-05
4,UPFC_Vse,5-15,0.05969309349124932,96,0.06039227665787877,MAP_PMU,123,0.0006991831666294454
5,UPFC_tse,5-15,-2.1389934968048214,96,-2.1428035663817044,MAP_PMU,123,0.003810069576883013
0,x_tcsc,1-14,-0.13628087498010244,97,-0.1362085007118137,MAP_PMU,123,7.23742682887385e-05
1,B_svc,2,0.2828444532080417,97,0.2834171441114096,MAP_PMU,123,0.0005726909033679228
2,UPFC_Vsh,5-15,1.1043973776696665,97,1.1061144614829181,MAP_PMU,123,0.0017170838132516408
3,UPFC_tsh,5-15,-0.22820304359078047,97,-0.22820827284701373,MAP_PMU,123,5.229256233252322e-06
4,UPFC_Vse,5-15,0.06029301878965726,97,0.06039227665787877,MAP_PMU,123,9.9257868221507e-05
5,UPFC_tse,5-15,-2.1551392841813595,97,-2.1428035663817044,MAP_PMU,123,0.012335717799655033
0,x_tcsc,1-14,-0.13622739690150845,98,-0.1362085007118137,MAP_PMU,123,1.8896189694750376e-05
1,B_svc,2,0.28342722752040733,98,0.2834171441114096,MAP_PMU,123,1.0083408997718646e-05
2,UPFC_Vsh,5-15,1.103874884003887,98,1.1061144614829181,MAP_PMU,123,0.0022395774790311407
3,UPFC_tsh,5-15,-0.22828602722994726,98,-0.22820827284701373,MAP_PMU,123,7.775438293353143e-05
4,UPFC_Vse,5-15,0.06036271702343038,98,0.06039227665787877,MAP_PMU,123,2.9559634448388106e-05
5,UPFC_tse,5-15,-2.1492028351827885,98,-2.1428035663817044,MAP_PMU,123,0.0063992688010841015
0,x_tcsc,1-14,-0.13629263884358278,99,-0.1362085007118137,MAP_PMU,123,8.413813176907925e-05
1,B_svc,2,0.2828969006804889,99,0.2834171441114096,MAP_PMU,123,0.0005202434309207193
2,UPFC_Vsh,5-15,1.1040228443461428,99,1.1061144614829181,MAP_PMU,123,0.0020916171367753034
3,UPFC_tsh,5-15,-0.22829640819721791,99,-0.22820827284701373,MAP_PMU,123,8.813535020418817e-05
4,UPFC_Vse,5-15,0.0601300651559992,99,0.06039227665787877,MAP_PMU,123,0.000262211501879564
5,UPFC_tse,5-15,-2.162876854774181,99,-2.1428035663817044,MAP_PMU,123,0.020073288392476574
0,x_tcsc,1-14,-0.13459021913780753,0,-0.13445121833610535,MAP_PMU,125,0.0001390008017021771
1,B_svc,2,0.2755846931669819,0,0.27562818382803894,MAP_PMU,125,4.349066105702182e-05
2,UPFC_Vsh,5-15,1.104277356316541,0,1.1066600468225636,MAP_PMU,125,0.002382690506022689
3,UPFC_tsh,5-15,-0.2298354488507629,0,-0.2297887409663522,MAP_PMU,125,4.6707884410690514e-05
4,UPFC_Vse,5-15,0.060356900143963874,0,0.060121673512357886,MAP_PMU,125,0.00023522663160598783
5,UPFC_tse,5-15,-2.1615934652962534,0,-2.146270606769335,MAP_PMU,125,0.015322858526918282
0,x_tcsc,1-14,-0.13464845480869814,1,-0.13445121833610535,MAP_PMU,125,0.00019723647259278776
1,B_svc,2,0.2753591416257068,1,0.27562818382803894,MAP_PMU,125,0.00026904220233214815
2,UPFC_Vsh,5-15,1.1044564312809408,1,1.1066600468225636,MAP_PMU,125,0.0022036155416227388
3,UPFC_tsh,5-15,-0.2297662987984701,1,-0.2297887409663522,MAP_PMU,125,2.244216788210851e-05
4,UPFC_Vse,5-15,0.05927467320290433,1,0.060121673512357886,MAP_PMU,125,0.0008470003094535536
5,UPFC_tse,5-15,-2.146936107608826,1,-2.146270606769335,MAP_PMU,125,0.0006655008394909068
0,x_tcsc,1-14,-0.13459517868625936,2,-0.13445121833610535,MAP_PMU,125,0.00014396035015401543
1,B_svc,2,0.2761457358922842,2,0.27562818382803894,MAP_PMU,125,0.0005175520642452525
2,UPFC_Vsh,5-15,1.1040808680650782,2,1.1066600468225636,MAP_PMU,125,0.0025791787574853675
3,UPFC_tsh,5-15,-0.22987863420300045,2,-0.2297887409663522,MAP_PMU,125,8.989323664823634e-05
4,UPFC_Vse,5-15,0.0604445474850766,2,0.060121673512357886,MAP_PMU,125,0.00032287397271871243
5,UPFC_tse,5-15,-2.164835073550313,2,-2.146270606769335,MAP_PMU,125,0.018564466780977895
0,x_tcsc,1-14,-0.1345584634782386,3,-0.13445121833610535,MAP_PMU,125,0.00010724514213325542
1,B_svc,2,0.27557525297407287,3,0.27562818382803894,MAP_PMU,125,5.293085396607111e-05
2,UPFC_Vsh,5-15,1.1044180985917145,3,1.1066600468225636,MAP_PMU,125,0.002241948230849111
3,UPFC_tsh,5-15,-0.22983052520871874,3,-0.2297887409663522,MAP_PMU,125,4.1784242366532665e-05
4,UPFC_Vse,5-15,0.06043762500039347,3,0.060121673512357886,MAP_PMU,125,0.000315951488035586
5,UPFC_tse,5-15,-2.1588928820634905,3,-2.146270606769335,MAP_PMU,125,0.012622275294155383
0,x_tcsc,1-14,-0.13464590803667154,4,-0.13445121833610535,MAP_PMU,125,0.00019468970056618629
1,B_svc,2,0.2753358445777546,4,0.27562818382803894,MAP_PMU,125,0.0002923392502843236
2,UPFC_Vsh,5-15,1.1044215564457713,4,1.1066600468225636,MAP_PMU,125,0.002238490376792246
3,UPFC_tsh,5-15,-0.22983248961539993,4,-0.2297887409663522,MAP_PMU,125,4.374864904771458e-05
4,UPFC_Vse,5-15,0.060005350307704146,4,0.060121673512357886,MAP_PMU,125,0.00011632320465373991
5,UPFC_tse,5-15,-2.1599190332724576,4,-2.146270606769335,MAP_PMU,125,0.01364842650312248
0,x_tcsc,1-14,-0.13456189126383108,5,-0.13445121833610535,MAP_PMU,125,0.00011067292772573567
1,B_svc,2,0.2755109679641978,5,0.27562818382803894,MAP_PMU,125,0.00011721586384116911
2,UPFC_Vsh,5-15,1.1045166827819377,5,1.1066600468225636,MAP_PMU,125,0.0021433640406258725
3,UPFC_tsh,5-15,-0.22976527152004558,5,-0.2297887409663522,MAP_PMU,125,2.3469446306628727e-05
4,UPFC_Vse,5-15,0.06021489343245479,5,0.060121673512357886,MAP_PMU,125,9.321992009690694e-05
5,UPFC_tse,5-15,-2.142321573908647,5,-2.146270606769335,MAP_PMU,125,0.003949032860687929
0,x_tcsc,1-14,-0.13461679809451757,6,-0.13445121833610535,MAP_PMU,125,0.00016557975841222095
1,B_svc,2,0.27583349624720876,6,0.27562818382803894,MAP_PMU,125,0.000205312419169823
2,UPFC_Vsh,5-15,1.1041022766328026,6,1.1066600468225636,MAP_PMU,125,0.0025577701897609995
3,UPFC_tsh,5-15,-0.22986760783702614,6,-0.2297887409663522,MAP_PMU,125,7.886687067393261e-05
4,UPFC_Vse,5-15,0.06015050751292475,6,0.060121673512357886,MAP_PMU,125,2.8834000566864415e-05
5,UPFC_tse,5-15,-2.1569190620032086,6,-2.146270606769335,MAP_PMU,125,0.010648455233873477
0,x_tcsc,1-14,-0.1345731461650705,7,-0.13445121833610535,MAP_PMU,125,0.00012192782896514043
1,B_svc,2,0.27552979892480617,7,0.27562818382803894,MAP_PMU,125,9.838490323277327e-05
2,UPFC_Vsh,5-15,1.1044256858404453,7,1.1066600468225636,MAP_PMU,125,0.0022343609821182664
3,UPFC_tsh,5-15,-0.22986036858311645,7,-0.2297887409663522,MAP_PMU,125,7.162761676424156e-05
4,UPFC_Vse,5-15,0.060209510254982695,7,0.060121673512357886,MAP_PMU,125,8.783674262480973e-05
5,UPFC_tse,5-15,-2.153173924664971,7,-2.146270606769335,MAP_PMU,125,0.006903317895635919
0,x_tcsc,1-14,-0.13458638970024348,8,-0.13445121833610535,MAP_PMU,125,0.0001351713641381258
1,B_svc,2,0.27557058648719845,8,0.27562818382803894,MAP_PMU,125,5.759734084048729e-05
2,UPFC_Vsh,5-15,1.1047383182851438,8,1.1066600468225636,MAP_PMU,125,0.0019217285374197868
3,UPFC_tsh,5-15,-0.22978483406180072,8,-0.2297887409663522,MAP_PMU,125,3.906904551487234e-06
4,UPFC_Vse,5-15,0.06000334229304581,8,0.060121673512357886,MAP_PMU,125,0.00011833121931207474
5,UPFC_tse,5-15,-2.1494192986905283,8,-2.146270606769335,MAP_PMU,125,0.0031486919211931585
0,x_tcsc,1-14,-0.13458428895378155,9,-0.13445121833610535,MAP_PMU,125,0.00013307061767620088
1,B_svc,2,0.2755143172843042,9,0.27562818382803894,MAP_PMU,125,0.00011386654373474192
2,UPFC_Vsh,5-15,1.1041672683979302,9,1.1066600468225636,MAP_PMU,125,0.0024927784246333573
3,UPFC_tsh,5-15,-0.22981615168641983,9,-0.2297887409663522,MAP_PMU,125,2.741072006762213e-05
4,UPFC_Vse,5-15,0.06022057974287227,9,0.060121673512357886,MAP_PMU,125,9.890623051438119e-05
5,UPFC_tse,5-15,-2.15437625412708,9,-2.146270606769335,MAP_PMU,125,0.008105647357744772
0,x_tcsc,1-14,-0.13467793549779236,10,-0.13445121833610535,MAP_PMU,125,0.00022671716168701228
1,B_svc,2,0.27623419642187913,10,0.27562818382803894,MAP_PMU,125,0.0006060125938401884
2,UPFC_Vsh,5-15,1.104435467509714,10,1.1066600468225636,MAP_PMU,125,0.002224579312849473
3,UPFC_tsh,5-15,-0.2298562685874797,10,-0.2297887409663522,MAP_PMU,125,6.752762112749444e-05
4,UPFC_Vse,5-15,0.060257437208493095,10,0.060121673512357886,MAP_PMU,125,0.00013576369613520906
5,UPFC_tse,5-15,-2.15222916777093,10,-2.146270606769335,MAP_PMU,125,0.005958561001595086
0,x_tcsc,1-14,-0.1346523300057307,11,-0.13445121833610535,MAP_PMU,125,0.00020111166962535898
1,B_svc,2,0.2755414802120443,11,0.27562818382803894,MAP_PMU,125,8.670361599466547e-05
2,UPFC_Vsh,5-15,1.1045174473867365,11,1.1066600468225636,MAP_PMU,125,0.002142599435827064
3,UPFC_tsh,5-15,-0.22978229248483825,11,-0.2297887409663522,MAP_PMU,125,6.448481513959825e-06
4,UPFC_Vse,5-15,0.06008830601563648,11,0.060121673512357886,MAP_PMU,125,3.3367496721406487e-05
5,UPFC_tse,5-15,-2.14603654992935,11,-2.146270606769335,MAP_PMU,125,0.00023405683998500848
0,x_tcsc,1-14,-0.13461789628879864,12,-0.13445121833610535,MAP_PMU,125,0.00016667795269328933
1,B_svc,2,0.27605693788291946,12,0.27562818382803894,MAP_PMU,125,0.0004287540548805202
2,UPFC_Vsh,5-15,1.104503406517419,12,1.1066600468225636,MAP_PMU,125,0.0021566403051445082
3,UPFC_tsh,5-15,-0.22974900303693624,12,-0.2297887409663522,MAP_PMU,125,3.973792941597276e-05
4,UPFC_Vse,5-15,0.0591368324119856,12,0.060121673512357886,MAP_PMU,125,0.000984841100372287
5,UPFC_tse,5-15,-2.1434396884031455,12,-2.146270606769335,MAP_PMU,125,0.0028309183661896498
0,x_tcsc,1-14,-0.13455814811683467,13,-0.13445121833610535,MAP_PMU,125,0.00010692978072932013
1,B_svc,2,0.2762209851660219,13,0.27562818382803894,MAP_PMU,125,0.0005928013379829511
2,UPFC_Vsh,5-15,1.1044196987680834,13,1.1066600468225636,MAP_PMU,125,0.0022403480544801457
3,UPFC_tsh,5-15,-0.2298673325094507,13,-0.2297887409663522,MAP_PMU,125,7.859154309849958e-05
4,UPFC_Vse,5-15,0.06012607703518238,13,0.060121673512357886,MAP_PMU,125,4.403522824492079e-06
5,UPFC_tse,5-15,-2.162871684954041,13,-2.146270606769335,MAP_PMU,125,0.01660107818470591
0,x_tcsc,1-14,-0.1345771187468402,14,-0.13445121833610535,MAP_PMU,125,0.00012590041073484715
1,B_svc,2,0.27567995214271435,14,0.27562818382803894,MAP_PMU,125,5.1768314675404437e-05
2,UPFC_Vsh,5-15,1.1042324022421932,14,1.1066600468225636,MAP_PMU,125,0.0024276445803703695
3,UPFC_tsh,5-15,-0.22971476033644844,14,-0.2297887409663522,MAP_PMU,125,7.39806299037693e-05
4,UPFC_Vse,5-15,0.060013755938538894,14,0.060121673512357886,MAP_PMU,125,0.00010791757381899136
5,UPFC_tse,5-15,-2.1409969811036524,14,-2.146270606769335,MAP_PMU,125,0.00527362566568268
0,x_tcsc,1-14,-0.1346530671780736,15,-0.13445121833610535,MAP_PMU,125,0.0002018488419682496
1,B_svc,2,0.2754153910899726,15,0.27562818382803894,MAP_PMU,125,0.00021279273806634746
2,UPFC_Vsh,5-15,1.1040473517749099,15,1.1066600468225636,MAP_PMU,125,0.0026126950476537125
3,UPFC_tsh,5-15,-0.22983406344299934,15,-0.2297887409663522,MAP_PMU,125,4.5322476647124965e-05
4,UPFC_Vse,5-15,0.06021136088119349,15,0.060121673512357886,MAP_PMU,125,8.968736883560591e-05
5,UPFC_tse,5-15,-2.152764350128916,15,-2.146270606769335,MAP_PMU,125,0.006493743359580861
0,x_tcsc,1-14,-0.13453261350355034,16,-0.13445121833610535,MAP_PMU,125,8.139516744498643e-05
1,B_svc,2,0.2761015892340341,16,0.27562818382803894,MAP_PMU,125,0.00047340540599516423
2,UPFC_Vsh,5-15,1.1043138309994633,16,1.1066600468225636,MAP_PMU,125,0.0023462158231002395
3,UPFC_tsh,5-15,-0.22985585165462313,16,-0.2297887409663522,MAP_PMU,125,6.711068827092159e-05
4,UPFC_Vse,5-15,0.05999898126508847,16,0.060121673512357886,MAP_PMU,125,0.0001226922472694139
5,UPFC_tse,5-15,-2.1545702280501757,16,-2.146270606769335,MAP_PMU,125,0.008299621280840608
0,x_tcsc,1-14,-0.134648991092353,17,-0.13445121833610535,MAP_PMU,125,0.00019777275624766055
1,B_svc,2,0.2761412781170234,17,0.27562818382803894,MAP_PMU,125,0.0005130942889844392
2,UPFC_Vsh,5-15,1.1042060851470725,17,1.1066600468225636,MAP_PMU,125,0.0024539616754910565
3,UPFC_tsh,5-15,-0.2298396851461541,17,-0.2297887409663522,MAP_PMU,125,5.094417980189281e-05
4,UPFC_Vse,5-15,0.06013600210173652,17,0.060121673512357886,MAP_PMU,125,1.4328589378637124e-05
5,UPFC_tse,5-15,-2.149389574337542,17,-2.146270606769335,MAP_PMU,125,0.003118967568207065
0,x_tcsc,1-14,-0.13461848583962163,18,-0.13445121833610535,MAP_PMU,125,0.00016726750351628294
1,B_svc,2,0.2760537028919413,18,0.27562818382803894,MAP_PMU,125,0.0004255190639023687
2,UPFC_Vsh,5-15,1.1043095955660662,18,1.1066600468225636,MAP_PMU,125,0.0023504512564973545
3,UPFC_tsh,5-15,-0.22983541008644315,18,-0.2297887409663522,MAP_PMU,125,4.666912009093638e-05
4,UPFC_Vse,5-15,0.06055685473666741,18,0.060121673512357886,MAP_PMU,125,0.0004351812243095221
5,UPFC_tse,5-15,-2.1437832762688083,18,-2.146270606769335,MAP_PMU,125,0.002487330500526852
0,x_tcsc,1-14,-0.13463886527645866,19,-0.13445121833610535,MAP_PMU,125,0.00018764694035330876
1,B_svc,2,0.27585250879423223,19,0.27562818382803894,MAP_PMU,125,0.00022432496619329
2,UPFC_Vsh,5-15,1.1042717814014857,19,1.1066600468225636,MAP_PMU,125,0.00238826542107784
3,UPFC_tsh,5-15,-0.22983117122819768,19,-0.2297887409663522,MAP_PMU,125,4.243026184547194e-05
4,UPFC_Vse,5-15,0.0602498669018803,19,0.060121673512357886,MAP_PMU,125,0.000128193389522413
5,UPFC_tse,5-15,-2.1485558790732613,19,-2.146270606769335,MAP_PMU,125,0.002285272303926167
0,x_tcsc,1-14,-0.13462569185943105,20,-0.13445121833610535,MAP_PMU,125,0.00017447352332569666
1,B_svc,2,0.27608905385551535,20,0.27562818382803894,MAP_PMU,125,0.00046087002747641215
2,UPFC_Vsh,5-15,1.1044328629240951,20,1.1066600468225636,MAP_PMU,125,0.0022271838984684322
3,UPFC_tsh,5-15,-0.2297417296320771,20,-0.2297887409663522,MAP_PMU,125,4.701133427512105e-05
4,UPFC_Vse,5-15,0.06016557447248748,20,0.060121673512357886,MAP_PMU,125,4.390096012959338e-05
5,UPFC_tse,5-15,-2.14920301276778,20,-2.146270606769335,MAP_PMU,125,0.00293240599844502
0,x_tcsc,1-14,-0.1345666242070057,21,-0.13445121833610535,MAP_PMU,125,0.00011540587090033694
1,B_svc,2,0.2758335902733869,21,0.27562818382803894,MAP_PMU,125,0.00020540644534794428
2,UPFC_Vsh,5-15,1.104441440367186,21,1.1066600468225636,MAP_PMU,125,0.0022186064553775253
3,UPFC_tsh,5-15,-0.2297444552728622,21,-0.2297887409663522,MAP_PMU,125,4.428569349002043e-05
4,UPFC_Vse,5-15,0.060383197568221116,21,0.060121673512357886,MAP_PMU,125,0.0002615240558632298
5,UPFC_tse,5-15,-2.1502242436700523,21,-2.146270606769335,MAP_PMU,125,0.00395363690071715
0,x_tcsc,1-14,-0.13458691843799367,22,-0.13445121833610535,MAP_PMU,125,0.0001357001018883197
1,B_svc,2,0.2760592337973939,22,0.27562818382803894,MAP_PMU,125,0.00043104996935494633
2,UPFC_Vsh,5-15,1.1041621438510731,22,1.1066600468225636,MAP_PMU,125,0.00249790297149044
3,UPFC_tsh,5-15,-0.22979566424990258,22,-0.2297887409663522,MAP_PMU,125,6.923283550369641e-06
4,UPFC_Vse,5-15,0.059766967845371013,22,0.060121673512357886,MAP_PMU,125,0.0003547056669868723
5,UPFC_tse,5-15,-2.154989406588447,22,-2.146270606769335,MAP_PMU,125,0.008718799819111833
0,x_tcsc,1-14,-0.13462268490705534,23,-0.13445121833610535,MAP_PMU,125,0.00017146657094999074
1,B_svc,2,0.2758992845986055,23,0.27562818382803894,MAP_PMU,125,0.0002711007705665791
2,UPFC_Vsh,5-15,1.1047788487129548,23,1.1066600468225636,MAP_PMU,125,0.0018811981096087393
3,UPFC_tsh,5-15,-0.2297847489620497,23,-0.2297887409663522,MAP_PMU,125,3.99200430251101e-06
4,UPFC_Vse,5-15,0.0599452520481433,23,0.060121673512357886,MAP_PMU,125,0.00017642146421458643
5,UPFC_tse,5-15,-2.1463185695099716,23,-2.146270606769335,MAP_PMU,125,4.796274063645356e-05
0,x_tcsc,1-14,-0.1346027793810943,24,-0.13445121833610535,MAP_PMU,125,0.0001515610449889515
1,B_svc,2,0.27602254261708614,24,0.27562818382803894,MAP_PMU,125,0.0003943587890472
2,UPFC_Vsh,5-15,1.104325673817099,24,1.1066600468225636,MAP_PMU,125,0.002334373005464574
3,UPFC_tsh,5-15,-0.22981195338282853,24,-0.2297887409663522,MAP_PMU,125,2.321241647632033e-05
4,UPFC_Vse,5-15,0.06044554279967213,24,0.060121673512357886,MAP_PMU,125,0.00032386928731424625
5,UPFC_tse,5-15,-2.1484131136146565,24,-2.146270606769335,MAP_PMU,125,0.002142506845321357
0,x_tcsc,1-14,-0.1345935203854013,25,-0.13445121833610535,MAP_PMU,125,0.00014230204929593926
1,B_svc,2,0.2753949788504173,25,0.27562818382803894,MAP_PMU,125,0.00023320497762163717
2,UPFC_Vsh,5-15,1.1038829020259173,25,1.1066600468225636,MAP_PMU,125,0.002777144796646258
3,UPFC_tsh,5-15,-0.22991559310374504,25,-0.2297887409663522,MAP_PMU,125,0.00012685213739282997
4,UPFC_Vse,5-15,0.060221380631652055,25,0.060121673512357886,MAP_PMU,125,9.970711929416926e-05
5,UPFC_tse,5-15,-2.15505080545052,25,-2.146270606769335,MAP_PMU,125,0.00878019868118507
0,x_tcsc,1-14,-0.13461228758530866,26,-0.13445121833610535,MAP_PMU,125,0.00016106924920331056
1,B_svc,2,0.27581310826319727,26,0.27562818382803894,MAP_PMU,125,0.00018492443515832901
2,UPFC_Vsh,5-15,1.1041910237435142,26,1.1066600468225636,MAP_PMU,125,0.0024690230790493928
3,UPFC_tsh,5-15,-0.2298785793178794,26,-0.2297887409663522,MAP_PMU,125,8.983835152717723e-05
4,UPFC_Vse,5-15,0.06033473591112367,26,0.060121673512357886,MAP_PMU,125,0.00021306239876578426
5,UPFC_tse,5-15,-2.1684315804051457,26,-2.146270606769335,MAP_PMU,125,0.0221609736358106
0,x_tcsc,1-14,-0.1345518797614921,27,-0.13445121833610535,MAP_PMU,125,0.00010066142538675549
1,B_svc,2,0.275902715699133,27,0.27562818382803894,MAP_PMU,125,0.0002745318710940525
2,UPFC_Vsh,5-15,1.1040039228609735,27,1.1066600468225636,MAP_PMU,125,0.0026561239615900956
3,UPFC_tsh,5-15,-0.2299371199577786,27,-0.2297887409663522,MAP_PMU,125,0.00014837899142639
4,UPFC_Vse,5-15,0.060142862268729794,27,0.060121673512357886,MAP_PMU,125,2.1188756371907924e-05
5,UPFC_tse,5-15,-2.1573770977967994,27,-2.146270606769335,MAP_PMU,125,0.011106491027464305
0,x_tcsc,1-14,-0.13458421439534074,28,-0.13445121833610535,MAP_PMU,125,0.0001329960592353907
1,B_svc,2,0.27575289425351246,28,0.27562818382803894,MAP_PMU,125,0.00012471042547351763
2,UPFC_Vsh,5-15,1.104453951359872,28,1.1066600468225636,MAP_PMU,125,0.0022060954626916818
3,UPFC_tsh,5-15,-0.22978954941472848,28,-0.2297887409663522,MAP_PMU,125,8.084483762715866e-07
4,UPFC_Vse,5-15,0.06039070198814642,28,0.060121673512357886,MAP_PMU,125,0.0002690284757885311
5,UPFC_tse,5-15,-2.141463355564894,28,-2.146270606769335,MAP_PMU,125,0.004807251204441254
0,x_tcsc,1-14,-0.1346040876175782,29,-0.13445121833610535,MAP_PMU,125,0.00015286928147284495
1,B_svc,2,0.27581916923998573,29,0.27562818382803894,MAP_PMU,125,0.00019098541194678686
2,UPFC_Vsh,5-15,1.104362199855779,29,1.1066600468225636,MAP_PMU,125,0.002297846966784478
3,UPFC_tsh,5-15,-0.22977684080195432,29,-0.2297887409663522,MAP_PMU,125,1.190016439789332e-05
4,UPFC_Vse,5-15,0.06025853516326593,29,0.060121673512357886,MAP_PMU,125,0.00013686165090804475
5,UPFC_tse,5-15,-2.153103068756107,29,-2.146270606769335,MAP_PMU,125,0.006832461986771676
0,x_tcsc,1-14,-0.13460467472622065,30,-0.13445121833610535,MAP_PMU,125,0.00015345639011529744
1,B_svc,2,0.2760712210304944,30,0.27562818382803894,MAP_PMU,125,0.0004430372024554763
2,UPFC_Vsh,5-15,1.1041024068499703,30,1.1066600468225636,MAP_PMU,125,0.002557639972593284
3,UPFC_tsh,5-15,-0.22986463857369951,30,-0.2297887409663522,MAP_PMU,125,7.589760734730278e-05
4,UPFC_Vse,5-15,0.059972836817424165,30,0.060121673512357886,MAP_PMU,125,0.0001488366949337211
5,UPFC_tse,5-15,-2.161969176626492,30,-2.146270606769335,MAP_PMU,125,0.015698569857157008
0,x_tcsc,1-14,-0.1346397663896089,31,-0.13445121833610535,MAP_PMU,125,0.00018854805350354553
1,B_svc,2,0.275684938325362,31,0.27562818382803894,MAP_PMU,125,5.675449732306381e-05
2,UPFC_Vsh,5-15,1.1043238580256847,31,1.1066600468225636,MAP_PMU,125,0.002336188796878913
3,UPFC_tsh,5-15,-0.22990482128189574,31,-0.2297887409663522,MAP_PMU,125,0.00011608031554352638
4,UPFC_Vse,5-15,0.06039795525823512,31,0.060121673512357886,MAP_PMU,125,0.00027628174587723126
5,UPFC_tse,5-15,-2.151372437281461,31,-2.146270606769335,MAP_PMU,125,0.005101830512125982
0,x_tcsc,1-14,-0.1345706954516095,32,-0.13445121833610535,MAP_PMU,125,0.00011947711550414075
1,B_svc,2,0.27568627672015233,32,0.27562818382803894,MAP_PMU,125,5.809289211339275e-05
2,UPFC_Vsh,5-15,1.1043464667984666,32,1.1066600468225636,MAP_PMU,125,0.002313580024096984
3,UPFC_tsh,5-15,-0.2299029910787287,32,-0.2297887409663522,MAP_PMU,125,0.00011425011237647942
4,UPFC_Vse,5-15,0.060609986679934544,32,0.060121673512357886,MAP_PMU,125,0.000488313167576658
5,UPFC_tse,5-15,-2.1561962816173157,32,-2.146270606769335,MAP_PMU,125,0.00992567484798057
0,x_tcsc,1-14,-0.1346062326719803,33,-0.13445121833610535,MAP_PMU,125,0.00015501433587494784
1,B_svc,2,0.27572486429122295,33,0.27562818382803894,MAP_PMU,125,9.66804631840068e-05
2,UPFC_Vsh,5-15,1.1045228051221327,33,1.1066600468225636,MAP_PMU,125,0.0021372417004308364
3,UPFC_tsh,5-15,-0.22990085404585164,33,-0.2297887409663522,MAP_PMU,125,0.00011211307949943183
4,UPFC_Vse,5-15,0.06004348069773944,33,0.060121673512357886,MAP_PMU,125,7.819281461844685e-05
5,UPFC_tse,5-15,-2.15240971806214,33,-2.146270606769335,MAP_PMU,125,0.006139111292804866
0,x_tcsc,1-14,-0.1346025798748908,34,-0.13445121833610535,MAP_PMU,125,0.00015136153878544945
1,B_svc,2,0.27613639980361143,34,0.27562818382803894,MAP_PMU,125,0.0005082159755724902
2,UPFC_Vsh,5-15,1.1045592217145812,34,1.1066600468225636,MAP_PMU,125,0.0021008251079823737
3,UPFC_tsh,5-15,-0.2297895426299881,34,-0.2297887409663522,MAP_PMU,125,8.01663635890959e-07
4,UPFC_Vse,5-15,0.05988327995786215,34,0.060121673512357886,MAP_PMU,125,0.00023839355449573746
5,UPFC_tse,5-15,-2.1519706693918095,34,-2.146270606769335,MAP_PMU,125,0.005700062622474356
0,x_tcsc,1-14,-0.1345302302404786,35,-0.13445121833610535,MAP_PMU,125,7.901190437326067e-05
1,B_svc,2,0.2756551060814063,35,0.27562818382803894,MAP_PMU,125,2.692225336736742e-05
2,UPFC_Vsh,5-15,1.1043873251775693,35,1.1066600468225636,MAP_PMU,125,0.0022727216449942578
3,UPFC_tsh,5-15,-0.22981704964807986,35,-0.2297887409663522,MAP_PMU,125,2.830868172765122e-05
4,UPFC_Vse,5-15,0.05990559161336491,35,0.060121673512357886,MAP_PMU,125,0.0002160818989929772
5,UPFC_tse,5-15,-2.1502257283297577,35,-2.146270606769335,MAP_PMU,125,0.003955121560422548
0,x_tcsc,1-14,-0.13462295003869154,36,-0.13445121833610535,MAP_PMU,125,0.00017173170258619197
1,B_svc,2,0.2757636001680973,36,0.27562818382803894,MAP_PMU,125,0.00013541634005836967
2,UPFC_Vsh,5-15,1.1041226121223953,36,1.1066600468225636,MAP_PMU,125,0.0025374347001683173
3,UPFC_tsh,5-15,-0.22980246303758145,36,-0.2297887409663522,MAP_PMU,125,1.372207122923852e-05
4,UPFC_Vse,5-15,0.05991474642555496,36,0.060121673512357886,MAP_PMU,125,0.00020692708680292854
5,UPFC_tse,5-15,-2.1597143256127285,36,-2.146270606769335,MAP_PMU,125,0.013443718843393349
0,x_tcsc,1-14,-0.13457701540961137,37,-0.13445121833610535,MAP_PMU,125,0.00012579707350601765
1,B_svc,2,0.27547457233541756,37,0.27562818382803894,MAP_PMU,125,0.00015361149262138607
2,UPFC_Vsh,5-15,1.1043708134378292,37,1.1066600468225636,MAP_PMU,125,0.0022892333847344126
3,UPFC_tsh,5-15,-0.22980688678054118,37,-0.2297887409663522,MAP_PMU,125,1.814581418896344e-05
4,UPFC_Vse,5-15,0.060012106171386456,37,0.060121673512357886,MAP_PMU,125,0.00010956734097142956
5,UPFC_tse,5-15,-2.1481948055216002,37,-2.146270606769335,MAP_PMU,125,0.0019241987522651272
0,x_tcsc,1-14,-0.1345819811821947,38,-0.13445121833610535,MAP_PMU,125,0.00013076284608934396
1,B_svc,2,0.2759216090599271,38,0.27562818382803894,MAP_PMU,125,0.00029342523188813363
2,UPFC_Vsh,5-15,1.1043229221715734,38,1.1066600468225636,MAP_PMU,125,0.00233712465099023
3,UPFC_tsh,5-15,-0.2298473030791856,38,-0.2297887409663522,MAP_PMU,125,5.856211283339352e-05
4,UPFC_Vse,5-15,0.060366935210659396,38,0.060121673512357886,MAP_PMU,125,0.00024526169830151046
5,UPFC_tse,5-15,-2.152505086440319,38,-2.146270606769335,MAP_PMU,125,0.0062344796709838946
0,x_tcsc,1-14,-0.1346109884537519,39,-0.13445121833610535,MAP_PMU,125,0.00015977011764656268
1,B_svc,2,0.27521858684909184,39,0.27562818382803894,MAP_PMU,125,0.0004095969789471021
2,UPFC_Vsh,5-15,1.104399413112207,39,1.1066600468225636,MAP_PMU,125,0.0022606337103565632
3,UPFC_tsh,5-15,-0.22983872991626206,39,-0.2297887409663522,MAP_PMU,125,4.9988949909846037e-05
4,UPFC_Vse,5-15,0.06000390565979902,39,0.060121673512357886,MAP_PMU,125,0.00011776785255886851
5,UPFC_tse,5-15,-2.147366557834317,39,-2.146270606769335,MAP_PMU,125,0.0010959510649817261
0,x_tcsc,1-14,-0.13457944014866197,40,-0.13445121833610535,MAP_PMU,125,0.00012822181255661702
1,B_svc,2,0.2754298613227806,40,0.27562818382803894,MAP_PMU,125,0.0001983225052583637
2,UPFC_Vsh,5-15,1.1045268908510917,40,1.1066600468225636,MAP_PMU,125,0.0021331559714719006
3,UPFC_tsh,5-15,-0.22973571592391828,40,-0.2297887409663522,MAP_PMU,125,5.302504243392958e-05
4,UPFC_Vse,5-15,0.06004596222942492,40,0.060121673512357886,MAP_PMU,125,7.571128293296786e-05
5,UPFC_tse,5-15,-2.1479525617532174,40,-2.146270606769335,MAP_PMU,125,0.001681954983882239
0,x_tcsc,1-14,-0.13455253626126557,41,-0.13445121833610535,MAP_PMU,125,0.00010131792516021587
1,B_svc,2,0.2757876151260731,41,0.27562818382803894,MAP_PMU,125,0.00015943129803414058
2,UPFC_Vsh,5-15,1.1042299703416314,41,1.1066600468225636,MAP_PMU,125,0.002430076480932186
3,UPFC_tsh,5-15,-0.2298628837935482,41,-0.2297887409663522,MAP_PMU,125,7.414282719597765e-05
4,UPFC_Vse,5-15,0.06012017944110516,41,0.060121673512357886,MAP_PMU,125,1.494071252723661e-06
5,UPFC_tse,5-15,-2.1620884965080394,41,-2.146270606769335,MAP_PMU,125,0.01581788973870424
0,x_tcsc,1-14,-0.13462749147809921,42,-0.13445121833610535,MAP_PMU,125,0.00017627314199386568
1,B_svc,2,0.2758057252313082,42,0.27562818382803894,MAP_PMU,125,0.0001775414032692546
2,UPFC_Vsh,5-15,1.1045138432801467,42,1.1066600468225636,MAP_PMU,125,0.0021462035424169024
3,UPFC_tsh,5-15,-0.22981917200951496,42,-0.2297887409663522,MAP_PMU,125,3.0431043162748583e-05
4,UPFC_Vse,5-15,0.060233458589770104,42,0.060121673512357886,MAP_PMU,125,0.00011178507741221866
5,UPFC_tse,5-15,-2.145352763331456,42,-2.146270606769335,MAP_PMU,125,0.0009178434378789291
0,x_tcsc,1-14,-0.13458391896631894,43,-0.13445121833610535,MAP_PMU,125,0.00013270063021358913
1,B_svc,2,0.2760908963102155,43,0.27562818382803894,MAP_PMU,125,0.0004627124821765527
2,UPFC_Vsh,5-15,1.1041696892596764,43,1.1066600468225636,MAP_PMU,125,0.00249035756288718
3,UPFC_tsh,5-15,-0.22983252264562445,43,-0.2297887409663522,MAP_PMU,125,4.37816792722423e-05
4,UPFC_Vse,5-15,0.05983533165699011,43,0.060121673512357886,MAP_PMU,125,0.00028634185536777906
5,UPFC_tse,5-15,-2.1578928653069,43,-2.146270606769335,MAP_PMU,125,0.011622258537564711
0,x_tcsc,1-14,-0.13462420596270475,44,-0.13445121833610535,MAP_PMU,125,0.00017298762659939682
1,B_svc,2,0.27594383878100576,44,0.27562818382803894,MAP_PMU,125,0.0003156549529668151
2,UPFC_Vsh,5-15,1.1041266602177344,44,1.1066600468225636,MAP_PMU,125,0.0025333866048291576
3,UPFC_tsh,5-15,-0.22984877005623153,44,-0.2297887409663522,MAP_PMU,125,6.0029089879315434e-05
4,UPFC_Vse,5-15,0.0602779030557823,44,0.060121673512357886,MAP_PMU,125,0.00015622954342441736
5,UPFC_tse,5-15,-2.1593516410324183,44,-2.146270606769335,MAP_PMU,125,0.013081034263083158
0,x_tcsc,1-14,-0.1346838389159798,45,-0.13445121833610535,MAP_PMU,125,0.00023262057987444296
1,B_svc,2,0.27570959292800745,45,0.27562818382803894,MAP_PMU,125,8.14090999685102e-05
2,UPFC_Vsh,5-15,1.1042452679543406,45,1.1066600468225636,MAP_PMU,125,0.0024147788682229443
3,UPFC_tsh,5-15,-0.22986590103537097,45,-0.2297887409663522,MAP_PMU,125,7.716006901875572e-05
4,UPFC_Vse,5-15,0.05982886804528444,45,0.060121673512357886,MAP_PMU,125,0.00029280546707344257
5,UPFC_tse,5-15,-2.151353119431514,45,-2.146270606769335,MAP_PMU,125,0.00508251266217874
0,x_tcsc,1-14,-0.1346060467130079,46,-0.13445121833610535,MAP_PMU,125,0.00015482837690256046
1,B_svc,2,0.27589223802759555,46,0.27562818382803894,MAP_PMU,125,0.00026405419955660703
2,UPFC_Vsh,5-15,1.104241187022561,46,1.1066600468225636,MAP_PMU,125,0.0024188598000025596
3,UPFC_tsh,5-15,-0.22985492865822818,46,-0.2297887409663522,MAP_PMU,125,6.618769187596851e-05
4,UPFC_Vse,5-15,0.06031611544557803,46,0.060121673512357886,MAP_PMU,125,0.00019444193322014358
5,UPFC_tse,5-15,-2.1496973346136627,46,-2.146270606769335,MAP_PMU,125,0.003426727844327626
0,x_tcsc,1-14,-0.13460971583727835,47,-0.13445121833610535,MAP_PMU,125,0.00015849750117299943
1,B_svc,2,0.2759152179243818,47,0.27562818382803894,MAP_PMU,125,0.00028703409634284194
2,UPFC_Vsh,5-15,1.104263265615278,47,1.1066600468225636,MAP_PMU,125,0.002396781207285592
3,UPFC_tsh,5-15,-0.22982147522576424,47,-0.2297887409663522,MAP_PMU,125,3.273425941202612e-05
4,UPFC_Vse,5-15,0.059582293789837315,47,0.060121673512357886,MAP_PMU,125,0.0005393797225205707
5,UPFC_tse,5-15,-2.1560310310796855,47,-2.146270606769335,MAP_PMU,125,0.009760424310350402
0,x_tcsc,1-14,-0.13460132450130827,48,-0.13445121833610535,MAP_PMU,125,0.00015010616520291786
1,B_svc,2,0.27567992398062646,48,0.27562818382803894,MAP_PMU,125,5.1740152587520516e-05
2,UPFC_Vsh,5-15,1.1045846329127658,48,1.1066600468225636,MAP_PMU,125,0.0020754139097978186
3,UPFC_tsh,5-15,-0.22978633722755526,48,-0.2297887409663522,MAP_PMU,125,2.403738796952215e-06
4,UPFC_Vse,5-15,0.060215363657237696,48,0.060121673512357886,MAP_PMU,125,9.369014487980998e-05
5,UPFC_tse,5-15,-2.141235063851654,48,-2.146270606769335,MAP_PMU,125,0.005035542917680935
0,x_tcsc,1-14,-0.13453540348165943,49,-0.13445121833610535,MAP_PMU,125,8.418514555408319e-05
1,B_svc,2,0.2752202663711616,49,0.27562818382803894,MAP_PMU,125,0.00040791745687734915
2,UPFC_Vsh,5-15,1.1047294183377354,49,1.1066600468225636,MAP_PMU,125,0.0019306284848281674
3,UPFC_tsh,5-15,-0.2297959497624367,49,-0.2297887409663522,MAP_PMU,125,7.208796084484659e-06
4,UPFC_Vse,5-15,0.05993060644845787,49,0.060121673512357886,MAP_PMU,125,0.00019106706390001338
5,UPFC_tse,5-15,-2.138829923946484,49,-2.146270606769335,MAP_PMU,125,0.007440682822851041
0,x_tcsc,1-14,-0.13456063088263218,50,-0.13445121833610535,MAP_PMU,125,0.00010941254652682697
1,B_svc,2,0.27587513888381227,50,0.27562818382803894,MAP_PMU,125,0.00024695505577332355
2,UPFC_Vsh,5-15,1.1046942867533085,50,1.1066600468225636,MAP_PMU,125,0.0019657600692550847
3,UPFC_tsh,5-15,-0.22972439938863567,50,-0.2297887409663522,MAP_PMU,125,6.434157771653681e-05
4,UPFC_Vse,5-15,0.059857902651145524,50,0.060121673512357886,MAP_PMU,125,0.0002637708612123618
5,UPFC_tse,5-15,-2.1440204138913876,50,-2.146270606769335,MAP_PMU,125,0.0022501928779474767
0,x_tcsc,1-14,-0.13458412336716388,51,-0.13445121833610535,MAP_PMU,125,0.00013290503105853335
1,B_svc,2,0.27581306897326924,51,0.27562818382803894,MAP_PMU,125,0.00018488514523029576
2,UPFC_Vsh,5-15,1.1044545434330137,51,1.1066600468225636,MAP_PMU,125,0.0022055033895498344
3,UPFC_tsh,5-15,-0.2297987584670642,51,-0.2297887409663522,MAP_PMU,125,1.0017500712000693e-05
4,UPFC_Vse,5-15,0.06024393975566075,51,0.060121673512357886,MAP_PMU,125,0.00012226624330286678
5,UPFC_tse,5-15,-2.1569392129818334,51,-2.146270606769335,MAP_PMU,125,0.010668606212498322
0,x_tcsc,1-14,-0.1345927599216079,52,-0.13445121833610535,MAP_PMU,125,0.00014154158550255813
1,B_svc,2,0.27620750546381445,52,0.27562818382803894,MAP_PMU,125,0.0005793216357755093
2,UPFC_Vsh,5-15,1.104351115471952,52,1.1066600468225636,MAP_PMU,125,0.0023089313506114983
3,UPFC_tsh,5-15,-0.22982462886101668,52,-0.2297887409663522,MAP_PMU,125,3.588789466446585e-05
4,UPFC_Vse,5-15,0.060059766390673335,52,0.060121673512357886,MAP_PMU,125,6.190712168455126e-05
5,UPFC_tse,5-15,-2.1545894625103377,52,-2.146270606769335,MAP_PMU,125,0.008318855741002551
0,x_tcsc,1-14,-0.13453086644452586,53,-0.13445121833610535,MAP_PMU,125,7.964810842051029e-05
1,B_svc,2,0.2758175232192076,53,0.27562818382803894,MAP_PMU,125,0.0001893393911686636
2,UPFC_Vsh,5-15,1.1042212451190137,53,1.1066600468225636,MAP_PMU,125,0.002438801703549931
3,UPFC_tsh,5-15,-0.2298294271583386,53,-0.2297887409663522,MAP_PMU,125,4.0686191986383236e-05
4,UPFC_Vse,5-15,0.060018516180272485,53,0.060121673512357886,MAP_PMU,125,0.0001031573320854004
5,UPFC_tse,5-15,-2.1546545810365076,53,-2.146270606769335,MAP_PMU,125,0.008383974267172523
0,x_tcsc,1-14,-0.13455785413328367,54,-0.13445121833610535,MAP_PMU,125,0.00010663579717831717
1,B_svc,2,0.27580079274151126,54,0.27562818382803894,MAP_PMU,125,0.00017260891347231633
2,UPFC_Vsh,5-15,1.1046433260508854,54,1.1066600468225636,MAP_PMU,125,0.0020167207716781377
3,UPFC_tsh,5-15,-0.22982939153155432,54,-0.2297887409663522,MAP_PMU,125,4.065056520211052e-05
4,UPFC_Vse,5-15,0.06034299903371248,54,0.060121673512357886,MAP_PMU,125,0.00022132552135459282
5,UPFC_tse,5-15,-2.146987762438595,54,-2.146270606769335,MAP_PMU,125,0.0007171556692600056
0,x_tcsc,1-14,-0.13459653651096198,55,-0.13445121833610535,MAP_PMU,125,0.00014531817485663456
1,B_svc,2,0.27582465445313814,55,0.27562818382803894,MAP_PMU,125,0.00019647062509919877
2,UPFC_Vsh,5-15,1.1045275241845256,55,1.1066600468225636,MAP_PMU,125,0.0021325226380379814
3,UPFC_tsh,5-15,-0.22983138381081258,55,-0.2297887409663522,MAP_PMU,125,4.264284446037214e-05
4,UPFC_Vse,5-15,0.06017365628931935,55,0.060121673512357886,MAP_PMU,125,5.1982776961466415e-05
5,UPFC_tse,5-15,-2.149329219300324,55,-2.146270606769335,MAP_PMU,125,0.0030586125309888246
0,x_tcsc,1-14,-0.13458539541429942,56,-0.13445121833610535,MAP_PMU,125,0.00013417707819407543
1,B_svc,2,0.2756531296749151,56,0.27562818382803894,MAP_PMU,125,2.4945846876178734e-05
2,UPFC_Vsh,5-15,1.1042296943077698,56,1.1066600468225636,MAP_PMU,125,0.002430352514793732
3,UPFC_tsh,5-15,-0.2297963673171528,56,-0.2297887409663522,MAP_PMU,125,7.626350800593595e-06
4,UPFC_Vse,5-15,0.06002146247498206,56,0.060121673512357886,MAP_PMU,125,0.00010021103737582748
5,UPFC_tse,5-15,-2.1482654597361917,56,-2.146270606769335,MAP_PMU,125,0.0019948529668565307
0,x_tcsc,1-14,-0.13455323762689328,57,-0.13445121833610535,MAP_PMU,125,0.00010201929078793026
1,B_svc,2,0.2756639469862776,57,0.27562818382803894,MAP_PMU,125,3.576315823866638e-05
2,UPFC_Vsh,5-15,1.1044890133688436,57,1.1066600468225636,MAP_PMU,125,0.0021710334537199394
3,UPFC_tsh,5-15,-0.2297938449051792,57,-0.2297887409663522,MAP_PMU,125,5.1039388269946695e-06
4,UPFC_Vse,5-15,0.05994526190988566,57,0.060121673512357886,MAP_PMU,125,0.0001764116024722262
5,UPFC_tse,5-15,-2.142752205187178,57,-2.146270606769335,MAP_PMU,125,0.0035184015821569936
0,x_tcsc,1-14,-0.13464955406778104,58,-0.13445121833610535,MAP_PMU,125,0.0001983357316756862
1,B_svc,2,0.2754838614552434,58,0.27562818382803894,MAP_PMU,125,0.00014432237279554672
2,UPFC_Vsh,5-15,1.1045338398889912,58,1.1066600468225636,MAP_PMU,125,0.00212620693357235
3,UPFC_tsh,5-15,-0.2297750193513095,58,-0.2297887409663522,MAP_PMU,125,1.3721615042705526e-05
4,UPFC_Vse,5-15,0.059430813842957675,58,0.060121673512357886,MAP_PMU,125,0.0006908596694002109
5,UPFC_tse,5-15,-2.1481371595835217,58,-2.146270606769335,MAP_PMU,125,0.0018665528141865728
0,x_tcsc,1-14,-0.13459028796947245,59,-0.13445121833610535,MAP_PMU,125,0.00013906963336710043
1,B_svc,2,0.2758689723299665,59,0.27562818382803894,MAP_PMU,125,0.00024078850192754686
2,UPFC_Vsh,5-15,1.1047523398108319,59,1.1066600468225636,MAP_PMU,125,0.0019077070117317074
3,UPFC_tsh,5-15,-0.2297494415678222,59,-0.2297887409663522,MAP_PMU,125,3.929939853000719e-05
4,UPFC_Vse,5-15,0.06004603603371123,59,0.060121673512357886,MAP_PMU,125,7.563747864665349e-05
5,UPFC_tse,5-15,-2.1443064684272892,59,-2.146270606769335,MAP_PMU,125,0.0019641383420458958
0,x_tcsc,1-14,-0.13456811799451432,60,-0.13445121833610535,MAP_PMU,125,0.00011689965840896988
1,B_svc,2,0.27562520183435146,60,0.27562818382803894,MAP_PMU,125,2.9819936874786457e-06
2,UPFC_Vsh,5-15,1.104353654121727,60,1.1066600468225636,MAP_PMU,125,0.002306392700836657
3,UPFC_tsh,5-15,-0.22982263896177926,60,-0.2297887409663522,MAP_PMU,125,3.38979954270513e-05
4,UPFC_Vse,5-15,0.060198792137147426,60,0.060121673512357886,MAP_PMU,125,7.711862478954057e-05
5,UPFC_tse,5-15,-2.1585304084949275,60,-2.146270606769335,MAP_PMU,125,0.012259801725592379
0,x_tcsc,1-14,-0.13463504921451305,61,-0.13445121833610535,MAP_PMU,125,0.00018383087840770362
1,B_svc,2,0.2758538451668238,61,0.27562818382803894,MAP_PMU,125,0.00022566133878487715
2,UPFC_Vsh,5-15,1.1047854916691475,61,1.1066600468225636,MAP_PMU,125,0.0018745551534160576
3,UPFC_tsh,5-15,-0.22974512142437437,61,-0.2297887409663522,MAP_PMU,125,4.361954197784623e-05
4,UPFC_Vse,5-15,0.05957778541170228,61,0.060121673512357886,MAP_PMU,125,0.0005438881006556082
5,UPFC_tse,5-15,-2.149034994000579,61,-2.146270606769335,MAP_PMU,125,0.0027643872312439477
0,x_tcsc,1-14,-0.1346395254606364,62,-0.13445121833610535,MAP_PMU,125,0.0001883071245310508
1,B_svc,2,0.2759187649391359,62,0.27562818382803894,MAP_PMU,125,0.00029058111109697693
2,UPFC_Vsh,5-15,1.1043769976500784,62,1.1066600468225636,MAP_PMU,125,0.0022830491724852298
3,UPFC_tsh,5-15,-0.2297866963078275,62,-0.2297887409663522,MAP_PMU,125,2.044658524713583e-06
4,UPFC_Vse,5-15,0.05983188622847189,62,0.060121673512357886,MAP_PMU,125,0.0002897872838859977
5,UPFC_tse,5-15,-2.1440670196510623,62,-2.146270606769335,MAP_PMU,125,0.002203587118272843
0,x_tcsc,1-14,-0.13455319855734485,63,-0.13445121833610535,MAP_PMU,125,0.00010198022123950046
1,B_svc,2,0.2757884491903856,63,0.27562818382803894,MAP_PMU,125,0.00016026536234664546
2,UPFC_Vsh,5-15,1.1046123217241544,63,1.1066600468225636,MAP_PMU,125,0.0020477250984092255
3,UPFC_tsh,5-15,-0.22972925817002357,63,-0.2297887409663522,MAP_PMU,125,5.948279632864151e-05
4,UPFC_Vse,5-15,0.0603113880854334,63,0.060121673512357886,MAP_PMU,125,0.0001897145730755112
5,UPFC_tse,5-15,-2.1450939975616055,63,-2.146270606769335,MAP_PMU,125,0.001176609207729662
0,x_tcsc,1-14,-0.13463244753623585,64,-0.13445121833610535,MAP_PMU,125,0.00018122920013050048
1,B_svc,2,0.27581512850239787,64,0.27562818382803894,MAP_PMU,125,0.00018694467435892426
2,UPFC_Vsh,5-15,1.1049276027457704,64,1.1066600468225636,MAP_PMU,125,0.0017324440767931826
3,UPFC_tsh,5-15,-0.22969849241616974,64,-0.2297887409663522,MAP_PMU,125,9.024855018247013e-05
4,UPFC_Vse,5-15,0.05967395198135536,64,0.060121673512357886,MAP_PMU,125,0.0004477215310025248
5,UPFC_tse,5-15,-2.130231076143958,64,-2.146270606769335,MAP_PMU,125,0.016039530625377107
0,x_tcsc,1-14,-0.13452916154325506,65,-0.13445121833610535,MAP_PMU,125,7.794320714971104e-05
1,B_svc,2,0.2758731737368035,65,0.27562818382803894,MAP_PMU,125,0.00024498990876453686
2,UPFC_Vsh,5-15,1.1043702905495443,65,1.1066600468225636,MAP_PMU,125,0.0022897562730193055
3,UPFC_tsh,5-15,-0.2298656757281827,65,-0.2297887409663522,MAP_PMU,125,7.693476183048831e-05
4,UPFC_Vse,5-15,0.06012743303848001,65,0.060121673512357886,MAP_PMU,125,5.759526122126046e-06
5,UPFC_tse,5-15,-2.157748188133601,65,-2.146270606769335,MAP_PMU,125,0.011477581364265799
0,x_tcsc,1-14,-0.13458171987303968,66,-0.13445121833610535,MAP_PMU,125,0.00013050153693433542
1,B_svc,2,0.27637382661190824,66,0.27562818382803894,MAP_PMU,125,0.0007456427838692936
2,UPFC_Vsh,5-15,1.1042106736093302,66,1.1066600468225636,MAP_PMU,125,0.0024493732132333523
3,UPFC_tsh,5-15,-0.22981267336162714,66,-0.2297887409663522,MAP_PMU,125,2.3932395274928187e-05
4,UPFC_Vse,5-15,0.0594134856518032,66,0.060121673512357886,MAP_PMU,125,0.000708187860554689
5,UPFC_tse,5-15,-2.1421976914549146,66,-2.146270606769335,MAP_PMU,125,0.004072915314420555
0,x_tcsc,1-14,-0.1345861202044861,67,-0.13445121833610535,MAP_PMU,125,0.00013490186838074902
1,B_svc,2,0.2763888851823811,67,0.27562818382803894,MAP_PMU,125,0.0007607013543421415
2,UPFC_Vsh,5-15,1.1041852974307014,67,1.1066600468225636,MAP_PMU,125,0.0024747493918622077
3,UPFC_tsh,5-15,-0.22981845893444777,67,-0.2297887409663522,MAP_PMU,125,2.97179680955606e-05
4,UPFC_Vse,5-15,0.059959384511920316,67,0.060121673512357886,MAP_PMU,125,0.0001622890004375696
5,UPFC_tse,5-15,-2.1484146834423146,67,-2.146270606769335,MAP_PMU,125,0.0021440766729794447
0,x_tcsc,1-14,-0.1345916528380282,68,-0.13445121833610535,MAP_PMU,125,0.00014043450192285922
1,B_svc,2,0.2760617078931636,68,0.27562818382803894,MAP_PMU,125,0.00043352406512464636
2,UPFC_Vsh,5-15,1.1046718922569152,68,1.1066600468225636,MAP_PMU,125,0.0019881545656483812
3,UPFC_tsh,5-15,-0.22972463058752549,68,-0.2297887409663522,MAP_PMU,125,6.41103788267261e-05
4,UPFC_Vse,5-15,0.060091458992539745,68,0.060121673512357886,MAP_PMU,125,3.021451981814055e-05
5,UPFC_tse,5-15,-2.1433353261451185,68,-2.146270606769335,MAP_PMU,125,0.002935280624216663
0,x_tcsc,1-14,-0.13459802987159308,69,-0.13445121833610535,MAP_PMU,125,0.00014681153548773418
1,B_svc,2,0.27514968690599434,69,0.27562818382803894,MAP_PMU,125,0.00047849692204460226
2,UPFC_Vsh,5-15,1.1046258747567341,69,1.1066600468225636,MAP_PMU,125,0.0020341720658294538
3,UPFC_tsh,5-15,-0.2297895773421325,69,-0.2297887409663522,MAP_PMU,125,8.363757802998251e-07
4,UPFC_Vse,5-15,0.060174068141078896,69,0.060121673512357886,MAP_PMU,125,5.239462872101003e-05
5,UPFC_tse,5-15,-2.143572975992181,69,-2.146270606769335,MAP_PMU,125,0.0026976307771540142
0,x_tcsc,1-14,-0.13459306024692208,70,-0.13445121833610535,MAP_PMU,125,0.00014184191081673125
1,B_svc,2,0.27557947591599985,70,0.27562818382803894,MAP_PMU,125,4.870791203909208e-05
2,UPFC_Vsh,5-15,1.1042138164896336,70,1.1066600468225636,MAP_PMU,125,0.0024462303329300106
3,UPFC_tsh,5-15,-0.2298220910516745,70,-0.2297887409663522,MAP_PMU,125,3.335008532229233e-05
4,UPFC_Vse,5-15,0.05965192262220204,70,0.060121673512357886,MAP_PMU,125,0.0004697508901558428
5,UPFC_tse,5-15,-2.151459363019906,70,-2.146270606769335,MAP_PMU,125,0.005188756250571025
0,x_tcsc,1-14,-0.13457751155932102,71,-0.13445121833610535,MAP_PMU,125,0.00012629322321566772
1,B_svc,2,0.27571661991283214,71,0.27562818382803894,MAP_PMU,125,8.843608479319753e-05
2,UPFC_Vsh,5-15,1.1044347917759454,71,1.1066600468225636,MAP_PMU,125,0.002225255046618191
3,UPFC_tsh,5-15,-0.22984425900210623,71,-0.2297887409663522,MAP_PMU,125,5.551803575401526e-05
4,UPFC_Vse,5-15,0.0600244599794585,71,0.060121673512357886,MAP_PMU,125,9.721353289938311e-05
5,UPFC_tse,5-15,-2.1506627984550364,71,-2.146270606769335,MAP_PMU,125,0.004392191685701263
0,x_tcsc,1-14,-0.1346439684868524,72,-0.13445121833610535,MAP_PMU,125,0.00019275015074704527
1,B_svc,2,0.27597354481484804,72,0.27562818382803894,MAP_PMU,125,0.00034536098680909566
2,UPFC_Vsh,5-15,1.1046403220074135,72,1.1066600468225636,MAP_PMU,125,0.0020197248151501146
3,UPFC_tsh,5-15,-0.22967599405393205,72,-0.2297887409663522,MAP_PMU,125,0.0001127469124201641
4,UPFC_Vse,5-15,0.05982438330233651,72,0.060121673512357886,MAP_PMU,125,0.00029729021002137396
5,UPFC_tse,5-15,-2.1514724354220744,72,-2.146270606769335,MAP_PMU,125,0.0052018286527393265
0,x_tcsc,1-14,-0.13457320909959428,73,-0.13445121833610535,MAP_PMU,125,0.00012199076348892723
1,B_svc,2,0.27553819195363555,73,0.27562818382803894,MAP_PMU,125,8.999187440339451e-05
2,UPFC_Vsh,5-15,1.104510886316118,73,1.1066600468225636,MAP_PMU,125,0.0021491605064456465
3,UPFC_tsh,5-15,-0.22969859605688595,73,-0.2297887409663522,MAP_PMU,125,9.014490946626652e-05
4,UPFC_Vse,5-15,0.05962113061457151,73,0.060121673512357886,MAP_PMU,125,0.0005005428977863727
5,UPFC_tse,5-15,-2.147525955719665,73,-2.146270606769335,MAP_PMU,125,0.0012553489503299708
0,x_tcsc,1-14,-0.13461257871206161,74,-0.13445121833610535,MAP_PMU,125,0.0001613603759562654
1,B_svc,2,0.2760715144137155,74,0.27562818382803894,MAP_PMU,125,0.00044333058567658234
2,UPFC_Vsh,5-15,1.1044211158098542,74,1.1066600468225636,MAP_PMU,125,0.002238931012709333
3,UPFC_tsh,5-15,-0.2298000200282088,74,-0.2297887409663522,MAP_PMU,125,1.1279061856578343e-05
4,UPFC_Vse,5-15,0.06046649938859398,74,0.060121673512357886,MAP_PMU,125,0.00034482587623609756
5,UPFC_tse,5-15,-2.1487267713593785,74,-2.146270606769335,MAP_PMU,125,0.002456164590043386
0,x_tcsc,1-14,-0.13461329928298174,75,-0.13445121833610535,MAP_PMU,125,0.00016208094687639174
1,B_svc,2,0.2757058601771395,75,0.27562818382803894,MAP_PMU,125,7.767634910055277e-05
2,UPFC_Vsh,5-15,1.104373060816998,75,1.1066600468225636,MAP_PMU,125,0.00228698600556565
3,UPFC_tsh,5-15,-0.22979614567913279,75,-0.2297887409663522,MAP_PMU,125,7.404712780573197e-06
4,UPFC_Vse,5-15,0.060407493980096004,75,0.060121673512357886,MAP_PMU,125,0.0002858204677381182
5,UPFC_tse,5-15,-2.148425410587942,75,-2.146270606769335,MAP_PMU,125,0.0021548038186067764
0,x_tcsc,1-14,-0.1345980357893287,76,-0.13445121833610535,MAP_PMU,125,0.00014681745322334128
1,B_svc,2,0.2759709073081386,76,0.27562818382803894,MAP_PMU,125,0.00034272348009967146
2,UPFC_Vsh,5-15,1.1043632881585004,76,1.1066600468225636,MAP_PMU,125,0.002296758664063203
3,UPFC_tsh,5-15,-0.22981839207404592,76,-0.2297887409663522,MAP_PMU,125,2.9651107693706713e-05
4,UPFC_Vse,5-15,0.060303878408949296,76,0.060121673512357886,MAP_PMU,125,0.00018220489659141054
5,UPFC_tse,5-15,-2.1484956086773708,76,-2.146270606769335,MAP_PMU,125,0.002225001908035651
0,x_tcsc,1-14,-0.13459038336572265,77,-0.13445121833610535,MAP_PMU,125,0.00013916502961730526
1,B_svc,2,0.2757730429826766,77,0.27562818382803894,MAP_PMU,125,0.00014485915463763321
2,UPFC_Vsh,5-15,1.1042273216866412,77,1.1066600468225636,MAP_PMU,125,0.002432725135922409
3,UPFC_tsh,5-15,-0.22980531243972258,77,-0.2297887409663522,MAP_PMU,125,1.6571473370363687e-05
4,UPFC_Vse,5-15,0.05985502539006686,77,0.060121673512357886,MAP_PMU,125,0.0002666481222910258
5,UPFC_tse,5-15,-2.1460245374957574,77,-2.146270606769335,MAP_PMU,125,0.00024606927357773145
0,x_tcsc,1-14,-0.1346551104069388,78,-0.13445121833610535,MAP_PMU,125,0.00020389207083346128
1,B_svc,2,0.275482197601044,78,0.27562818382803894,MAP_PMU,125,0.00014598622699496522
2,UPFC_Vsh,5-15,1.1044188592207,78,1.1066600468225636,MAP_PMU,125,0.002241187601863537
3,UPFC_tsh,5-15,-0.22985164007380213,78,-0.2297887409663522,MAP_PMU,125,6.289910744991523e-05
4,UPFC_Vse,5-15,0.06000651716908291,78,0.060121673512357886,MAP_PMU,125,0.00011515634327497609
5,UPFC_tse,5-15,-2.1590140186702524,78,-2.146270606769335,MAP_PMU,125,0.012743411900917323
0,x_tcsc,1-14,-0.13456706972249396,79,-0.13445121833610535,MAP_PMU,125,0.0001158513863886157
1,B_svc,2,0.2755680030032509,79,0.27562818382803894,MAP_PMU,125,6.0180824788036436e-05
2,UPFC_Vsh,5-15,1.1048913055607246,79,1.1066600468225636,MAP_PMU,125,0.001768741261839013
3,UPFC_tsh,5-15,-0.22976157385466348,79,-0.2297887409663522,MAP_PMU,125,2.71671116887362e-05
4,UPFC_Vse,5-15,0.05971217556179065,79,0.060121673512357886,MAP_PMU,125,0.00040949795056723776
5,UPFC_tse,5-15,-2.1437079846806295,79,-2.146270606769335,MAP_PMU,125,0.002562622088705613
0,x_tcsc,1-14,-0.13454414539142848,80,-0.13445121833610535,MAP_PMU,125,9.292705532312762e-05
1,B_svc,2,0.27582342554238504,80,0.27562818382803894,MAP_PMU,125,0.00019524171434609494
2,UPFC_Vsh,5-15,1.1046209711724317,80,1.1066600468225636,MAP_PMU,125,0.0020390756501318386
3,UPFC_tsh,5-15,-0.22974925943840777,80,-0.2297887409663522,MAP_PMU,125,3.948152794444604e-05
4,UPFC_Vse,5-15,0.05976157250169427,80,0.060121673512357886,MAP_PMU,125,0.0003601010106636174
5,UPFC_tse,5-15,-2.143163811339841,80,-2.146270606769335,MAP_PMU,125,0.0031067954294941025
0,x_tcsc,1-14,-0.1345660428137381,81,-0.13445121833610535,MAP_PMU,125,0.00011482447763275228
1,B_svc,2,0.2754975910288213,81,0.27562818382803894,MAP_PMU,125,0.00013059279921762146
2,UPFC_Vsh,5-15,1.1045727217379193,81,1.1066600468225636,MAP_PMU,125,0.002087325084644265
3,UPFC_tsh,5-15,-0.22968980371549289,81,-0.2297887409663522,MAP_PMU,125,9.89372508593267e-05
4,UPFC_Vse,5-15,0.060185292317406706,81,0.060121673512357886,MAP_PMU,125,6.361880504882067e-05
5,UPFC_tse,5-15,-2.135687722048923,81,-2.146270606769335,MAP_PMU,125,0.010582884720411911
0,x_tcsc,1-14,-0.1346173163965038,82,-0.13445121833610535,MAP_PMU,125,0.00016609806039843966
1,B_svc,2,0.2758726091749062,82,0.27562818382803894,MAP_PMU,125,0.0002444253468672497
2,UPFC_Vsh,5-15,1.1042873525293317,82,1.1066600468225636,MAP_PMU,125,0.0023726942932318362
3,UPFC_tsh,5-15,-0.22984847964627264,82,-0.2297887409663522,MAP_PMU,125,5.973867992042914e-05
4,UPFC_Vse,5-15,0.059946449638024576,82,0.060121673512357886,MAP_PMU,125,0.00017522387433330927
5,UPFC_tse,5-15,-2.149381803273318,82,-2.146270606769335,MAP_PMU,125,0.0031111965039829492
0,x_tcsc,1-14,-0.13455538009826995,83,-0.13445121833610535,MAP_PMU,125,0.00010416176216460071
1,B_svc,2,0.27552163636388954,83,0.27562818382803894,MAP_PMU,125,0.00010654746414939797
2,UPFC_Vsh,5-15,1.1041472002498225,83,1.1066600468225636,MAP_PMU,125,0.00251284657274109
3,UPFC_tsh,5-15,-0.2298952655247838,83,-0.2297887409663522,MAP_PMU,125,0.00010652455843157549
4,UPFC_Vse,5-15,0.06037632223283943,83,0.060121673512357886,MAP_PMU,125,0.00025464872048154563
5,UPFC_tse,5-15,-2.1587696781307066,83,-2.146270606769335,MAP_PMU,125,0.012499071361371517
0,x_tcsc,1-14,-0.13448027854401842,84,-0.13445121833610535,MAP_PMU,125,2.9060207913073066e-05
1,B_svc,2,0.27587733047836427,84,0.27562818382803894,MAP_PMU,125,0.000249146650325327
2,UPFC_Vsh,5-15,1.1043272702914,84,1.1066600468225636,MAP_PMU,125,0.002332776531163594
3,UPFC_tsh,5-15,-0.22985022949798728,84,-0.2297887409663522,MAP_PMU,125,6.148853163506773e-05
4,UPFC_Vse,5-15,0.060036602953404225,84,0.060121673512357886,MAP_PMU,125,8.507055895366072e-05
5,UPFC_tse,5-15,-2.1592358080987295,84,-2.146270606769335,MAP_PMU,125,0.012965201329394382
0,x_tcsc,1-14,-0.13451156381249896,85,-0.13445121833610535,MAP_PMU,125,6.034547639360843e-05
1,B_svc,2,0.2753224396496092,85,0.27562818382803894,MAP_PMU,125,0.00030574417842976764
2,UPFC_Vsh,5-15,1.1045313255055005,85,1.1066600468225636,MAP_PMU,125,0.002128721317063098
3,UPFC_tsh,5-15,-0.22980192634436453,85,-0.2297887409663522,MAP_PMU,125,1.3185378012314786e-05
4,UPFC_Vse,5-15,0.05981177636685757,85,0.060121673512357886,MAP_PMU,125,0.0003098971455003166
5,UPFC_tse,5-15,-2.142122388997507,85,-2.146270606769335,MAP_PMU,125,0.0041482177718279445
0,x_tcsc,1-14,-0.1345778150484086,86,-0.13445121833610535,MAP_PMU,125,0.00012659671230325076
1,B_svc,2,0.275849289725989,86,0.27562818382803894,MAP_PMU,125,0.00022110589795004687
2,UPFC_Vsh,5-15,1.1044596136267668,86,1.1066600468225636,MAP_PMU,125,0.0022004331957967693
3,UPFC_tsh,5-15,-0.2298559723189329,86,-0.2297887409663522,MAP_PMU,125,6.72313525806878e-05
4,UPFC_Vse,5-15,0.060483762612048096,86,0.060121673512357886,MAP_PMU,125,0.0003620890996902104
5,UPFC_tse,5-15,-2.149247413140407,86,-2.146270606769335,MAP_PMU,125,0.002976806371072005
0,x_tcsc,1-14,-0.1346146465231427,87,-0.13445121833610535,MAP_PMU,125,0.00016342818703735107
1,B_svc,2,0.2753943380616171,87,0.27562818382803894,MAP_PMU,125,0.0002338457664218252
2,UPFC_Vsh,5-15,1.104374097610933,87,1.1066600468225636,MAP_PMU,125,0.0022859492116305002
3,UPFC_tsh,5-15,-0.22979153625393386,87,-0.2297887409663522,MAP_PMU,125,2.7952875816528167e-06
4,UPFC_Vse,5-15,0.05975859539842049,87,0.060121673512357886,MAP_PMU,125,0.00036307811393739703
5,UPFC_tse,5-15,-2.1453260837202164,87,-2.146270606769335,MAP_PMU,125,0.0009445230491187395
0,x_tcsc,1-14,-0.13462572433723588,88,-0.13445121833610535,MAP_PMU,125,0.00017450600113053105
1,B_svc,2,0.2755586063812146,88,0.27562818382803894,MAP_PMU,125,6.957744682434264e-05
2,UPFC_Vsh,5-15,1.104557632218481,88,1.1066600468225636,MAP_PMU,125,0.0021024146040826697
3,UPFC_tsh,5-15,-0.2297839521861961,88,-0.2297887409663522,MAP_PMU,125,4.788780156111949e-06
4,UPFC_Vse,5-15,0.05954517325687231,88,0.060121673512357886,MAP_PMU,125,0.0005765002554855778
5,UPFC_tse,5-15,-2.143161706986591,88,-2.146270606769335,MAP_PMU,125,0.003108899782743979
0,x_tcsc,1-14,-0.1345496251683126,89,-0.13445121833610535,MAP_PMU,125,9.840683220724289e-05
1,B_svc,2,0.2757224801351288,89,0.27562818382803894,MAP_PMU,125,9.429630708984726e-05
2,UPFC_Vsh,5-15,1.1040968061382874,89,1.1066600468225636,MAP_PMU,125,0.002563240684276158
3,UPFC_tsh,5-15,-0.2298235075118843,89,-0.2297887409663522,MAP_PMU,125,3.476654553208336e-05
4,UPFC_Vse,5-15,0.06028741608493666,89,0.060121673512357886,MAP_PMU,125,0.00016574257257877256
5,UPFC_tse,5-15,-2.155554748379282,89,-2.146270606769335,MAP_PMU,125,0.00928414160994695
0,x_tcsc,1-14,-0.13459999874956216,90,-0.13445121833610535,MAP_PMU,125,0.0001487804134568116
1,B_svc,2,0.2757414134907712,90,0.27562818382803894,MAP_PMU,125,0.00011322966273225044
2,UPFC_Vsh,5-15,1.104242479281653,90,1.1066600468225636,MAP_PMU,125,0.0024175675409106034
3,UPFC_tsh,5-15,-0.22986382939453262,90,-0.2297887409663522,MAP_PMU,125,7.508842818040873e-05
4,UPFC_Vse,5-15,0.060447317172543286,90,0.060121673512357886,MAP_PMU,125,0.00032564366018539986
5,UPFC_tse,5-15,-2.154167098319394,90,-2.146270606769335,MAP_PMU,125,0.007896491550059004
0,x_tcsc,1-14,-0.13461311924439814,91,-0.13445121833610535,MAP_PMU,125,0.0001619009082927947
1,B_svc,2,0.27566705951735726,91,0.27562818382803894,MAP_PMU,125,3.887568931831842e-05
2,UPFC_Vsh,5-15,1.1040653978496875,91,1.1066600468225636,MAP_PMU,125,0.00259464897287609
3,UPFC_tsh,5-15,-0.22989166535865638,91,-0.2297887409663522,MAP_PMU,125,0.00010292439230416561
4,UPFC_Vse,5-15,0.06006992259564953,91,0.060121673512357886,MAP_PMU,125,5.175091670835824e-05
5,UPFC_tse,5-15,-2.15987046859396,91,-2.146270606769335,MAP_PMU,125,0.013599861824624693
0,x_tcsc,1-14,-0.13465113075699678,92,-0.13445121833610535,MAP_PMU,125,0.00019991242089142935
1,B_svc,2,0.2751216841865377,92,0.27562818382803894,MAP_PMU,125,0.0005064996415012346
2,UPFC_Vsh,5-15,1.104785432646125,92,1.1066600468225636,MAP_PMU,125,0.0018746141764385271
3,UPFC_tsh,5-15,-0.22980846746297737,92,-0.2297887409663522,MAP_PMU,125,1.9726496625155354e-05
4,UPFC_Vse,5-15,0.05977889543210588,92,0.060121673512357886,MAP_PMU,125,0.00034277808025200834
5,UPFC_tse,5-15,-2.149338580401328,92,-2.146270606769335,MAP_PMU,125,0.0030679736319929596
0,x_tcsc,1-14,-0.1345598785195074,93,-0.13445121833610535,MAP_PMU,125,0.00010866018340205397
1,B_svc,2,0.27611096729838236,93,0.27562818382803894,MAP_PMU,125,0.0004827834703434175
2,UPFC_Vsh,5-15,1.1040891420479093,93,1.1066600468225636,MAP_PMU,125,0.00257090477465427
3,UPFC_tsh,5-15,-0.22984965749500277,93,-0.2297887409663522,MAP_PMU,125,6.091652865056196e-05
4,UPFC_Vse,5-15,0.06001580661974293,93,0.060121673512357886,MAP_PMU,125,0.00010586689261495724
5,UPFC_tse,5-15,-2.1513015164041187,93,-2.146270606769335,MAP_PMU,125,0.005030909634783587
0,x_tcsc,1-14,-0.13461769566083437,94,-0.13445121833610535,MAP_PMU,125,0.00016647732472901966
1,B_svc,2,0.2762259905157954,94,0.27562818382803894,MAP_PMU,125,0.0005978066877564414
2,UPFC_Vsh,5-15,1.1045071775015625,94,1.1066600468225636,MAP_PMU,125,0.0021528693210011163
3,UPFC_tsh,5-15,-0.22977097519722703,94,-0.2297887409663522,MAP_PMU,125,1.776576912518313e-05
4,UPFC_Vse,5-15,0.059680489622893414,94,0.060121673512357886,MAP_PMU,125,0.00044118388946447207
5,UPFC_tse,5-15,-2.151237215396365,94,-2.146270606769335,MAP_PMU,125,0.004966608627029689
0,x_tcsc,1-14,-0.13461338292415054,95,-0.13445121833610535,MAP_PMU,125,0.0001621645880451883
1,B_svc,2,0.2761537066119787,95,0.27562818382803894,MAP_PMU,125,0.0005255227839397469
2,UPFC_Vsh,5-15,1.1042198874870064,95,1.1066600468225636,MAP_PMU,125,0.0024401593355571904
3,UPFC_tsh,5-15,-0.22986128011135176,95,-0.2297887409663522,MAP_PMU,125,7.25391449995505e-05
4,UPFC_Vse,5-15,0.060016761214585504,95,0.060121673512357886,MAP_PMU,125,0.00010491229777238181
5,UPFC_tse,5-15,-2.1511449063013868,95,-2.146270606769335,MAP_PMU,125,0.004874299532051651
0,x_tcsc,1-14,-0.1345736376349006,96,-0.13445121833610535,MAP_PMU,125,0.00012241929879525104
1,B_svc,2,0.27523698511759603,96,0.27562818382803894,MAP_PMU,125,0.0003911987104429082
2,UPFC_Vsh,5-15,1.104484218449836,96,1.1066600468225636,MAP_PMU,125,0.002175828372727562
3,UPFC_tsh,5-15,-0.229867974203636,96,-0.2297887409663522,MAP_PMU,125,7.923323728378784e-05
4,UPFC_Vse,5-15,0.059995021909140196,96,0.060121673512357886,MAP_PMU,125,0.00012665160321768953
5,UPFC_tse,5-15,-2.1466865388543415,96,-2.146270606769335,MAP_PMU,125,0.00041593208500634304
0,x_tcsc,1-14,-0.1346497982682313,97,-0.13445121833610535,MAP_PMU,125,0.00019857993212596403
1,B_svc,2,0.27534862678351213,97,0.27562818382803894,MAP_PMU,125,0.0002795570445268125
2,UPFC_Vsh,5-15,1.1041892555841921,97,1.1066600468225636,MAP_PMU,125,0.0024707912383714614
3,UPFC_tsh,5-15,-0.22991317146394952,97,-0.2297887409663522,MAP_PMU,125,0.0001244304975973054
4,UPFC_Vse,5-15,0.06019798425875849,97,0.060121673512357886,MAP_PMU,125,7.631074640060409e-05
5,UPFC_tse,5-15,-2.14943470398674,97,-2.146270606769335,MAP_PMU,125,0.0031640972174047377
0,x_tcsc,1-14,-0.13457708236300878,98,-0.13445121833610535,MAP_PMU,125,0.00012586402690342724
1,B_svc,2,0.2753692398055674,98,0.27562818382803894,MAP_PMU,125,0.00025894402247156334
2,UPFC_Vsh,5-15,1.1044386346358732,98,1.1066600468225636,MAP_PMU,125,0.0022214121866903636
3,UPFC_tsh,5-15,-0.22984908104989202,98,-0.2297887409663522,MAP_PMU,125,6.034008353980602e-05
4,UPFC_Vse,5-15,0.06039177047129228,98,0.060121673512357886,MAP_PMU,125,0.0002700969589343946
5,UPFC_tse,5-15,-2.1445546330598164,98,-2.146270606769335,MAP_PMU,125,0.0017159737095187033
0,x_tcsc,1-14,-0.13461053871995093,99,-0.13445121833610535,MAP_PMU,125,0.00015932038384558478
1,B_svc,2,0.27496746347734735,99,0.27562818382803894,MAP_PMU,125,0.0006607203506915904
2,UPFC_Vsh,5-15,1.1047163192184328,99,1.1066600468225636,MAP_PMU,125,0.0019437276041307516
3,UPFC_tsh,5-15,-0.22975606800636772,99,-0.2297887409663522,MAP_PMU,125,3.2672959984492156e-05
4,UPFC_Vse,5-15,0.05981586801161956,99,0.060121673512357886,MAP_PMU,125,0.0003058055007383251
5,UPFC_tse,5-15,-2.1479761566483906,99,-2.146270606769335,MAP_PMU,125,0.001705549879055468
0,x_tcsc,1-14,-0.1344854169014611,0,-0.13433821545917096,MAP_PMU,127,0.00014720144229013465
1,B_svc,2,0.27517921365373177,0,0.27506949632831795,MAP_PMU,127,0.00010971732541381618
2,UPFC_Vsh,5-15,1.1044346224218287,0,1.1067658160001017,MAP_PMU,127,0.0023311935782730497
3,UPFC_tsh,5-15,-0.22960552441280588,0,-0.22954725017367336,MAP_PMU,127,5.827423913251639e-05
4,UPFC_Vse,5-15,0.060289054891476714,0,0.06084087486785218,MAP_PMU,127,0.0005518199763754686
5,UPFC_tse,5-15,-2.156239931828509,0,-2.145496246489067,MAP_PMU,127,0.01074368533944181
0,x_tcsc,1-14,-0.13454885837507413,1,-0.13433821545917096,MAP_PMU,127,0.00021064291590316975
1,B_svc,2,0.27493841087438814,1,0.27506949632831795,MAP_PMU,127,0.0001310854539298134
2,UPFC_Vsh,5-15,1.1043010898546755,1,1.1067658160001017,MAP_PMU,127,0.002464726145426255
3,UPFC_tsh,5-15,-0.22954497839322577,1,-0.22954725017367336,MAP_PMU,127,2.2717804475935743e-06
4,UPFC_Vse,5-15,0.05947626268157872,1,0.06084087486785218,MAP_PMU,127,0.001364612186273463
5,UPFC_tse,5-15,-2.140996359894352,1,-2.145496246489067,MAP_PMU,127,0.004499886594715008
0,x_tcsc,1-14,-0.1345065537322715,2,-0.13433821545917096,MAP_PMU,127,0.0001683382731005323
1,B_svc,2,0.27553652719964145,2,0.27506949632831795,MAP_PMU,127,0.00046703087132349275
2,UPFC_Vsh,5-15,1.1043061353012567,2,1.1067658160001017,MAP_PMU,127,0.002459680698845057
3,UPFC_tsh,5-15,-0.22961459556946806,2,-0.22954725017367336,MAP_PMU,127,6.7345395794699e-05
4,UPFC_Vse,5-15,0.06054682325093671,2,0.06084087486785218,MAP_PMU,127,0.0002940516169154736
5,UPFC_tse,5-15,-2.146661514467848,2,-2.145496246489067,MAP_PMU,127,0.001165267978780804
0,x_tcsc,1-14,-0.13441891165845665,3,-0.13433821545917096,MAP_PMU,127,8.069619928569027e-05
1,B_svc,2,0.27487577972222604,3,0.27506949632831795,MAP_PMU,127,0.00019371660609190933
2,UPFC_Vsh,5-15,1.1045804940449875,3,1.1067658160001017,MAP_PMU,127,0.0021853219551142278
3,UPFC_tsh,5-15,-0.22954601067700456,3,-0.22954725017367336,MAP_PMU,127,1.2394966688034081e-06
4,UPFC_Vse,5-15,0.0606146902914806,3,0.06084087486785218,MAP_PMU,127,0.00022618457637157974
5,UPFC_tse,5-15,-2.1553852045863326,3,-2.145496246489067,MAP_PMU,127,0.009888958097265643
0,x_tcsc,1-14,-0.13453712064572346,4,-0.13433821545917096,MAP_PMU,127,0.0001989051865524949
1,B_svc,2,0.2748256240711546,4,0.27506949632831795,MAP_PMU,127,0.00024387225716338
2,UPFC_Vsh,5-15,1.104444416396204,4,1.1067658160001017,MAP_PMU,127,0.002321399603897767
3,UPFC_tsh,5-15,-0.22957854780548204,4,-0.22954725017367336,MAP_PMU,127,3.12976318086744e-05
4,UPFC_Vse,5-15,0.0602168394131457,4,0.06084087486785218,MAP_PMU,127,0.0006240354547064828
5,UPFC_tse,5-15,-2.1463738740689418,4,-2.145496246489067,MAP_PMU,127,0.0008776275798747513
0,x_tcsc,1-14,-0.13445064237832807,5,-0.13433821545917096,MAP_PMU,127,0.00011242691915711034
1,B_svc,2,0.275068590852354,5,0.27506949632831795,MAP_PMU,127,9.054759639304244e-07
2,UPFC_Vsh,5-15,1.1044959898515698,5,1.1067658160001017,MAP_PMU,127,0.002269826148531884
3,UPFC_tsh,5-15,-0.22952041024738828,5,-0.22954725017367336,MAP_PMU,127,2.6839926285077143e-05
4,UPFC_Vse,5-15,0.060389665147418226,5,0.06084087486785218,MAP_PMU,127,0.0004512097204339566
5,UPFC_tse,5-15,-2.140449481184973,5,-2.145496246489067,MAP_PMU,127,0.005046765304093981
0,x_tcsc,1-14,-0.13453568844854924,6,-0.13433821545917096,MAP_PMU,127,0.00019747298937827784
1,B_svc,2,0.2751845424486804,6,0.27506949632831795,MAP_PMU,127,0.00011504612036244977
2,UPFC_Vsh,5-15,1.1043854584525057,6,1.1067658160001017,MAP_PMU,127,0.0023803575475960237
3,UPFC_tsh,5-15,-0.2295608136181554,6,-0.22954725017367336,MAP_PMU,127,1.356344448202873e-05
4,UPFC_Vse,5-15,0.06048374407002119,6,0.06084087486785218,MAP_PMU,127,0.0003571307978309929
5,UPFC_tse,5-15,-2.1542905459757327,6,-2.145496246489067,MAP_PMU,127,0.008794299486665658
0,x_tcsc,1-14,-0.1344595549733771,7,-0.13433821545917096,MAP_PMU,127,0.00012133951420614797
1,B_svc,2,0.2751456970808984,7,0.27506949632831795,MAP_PMU,127,7.620075258046866e-05
2,UPFC_Vsh,5-15,1.1044274241214447,7,1.1067658160001017,MAP_PMU,127,0.0023383918786570312
3,UPFC_tsh,5-15,-0.22958089086649122,7,-0.22954725017367336,MAP_PMU,127,3.3640692817860085e-05
4,UPFC_Vse,5-15,0.06017835379501666,7,0.06084087486785218,MAP_PMU,127,0.0006625210728355216
5,UPFC_tse,5-15,-2.1467029718634127,7,-2.145496246489067,MAP_PMU,127,0.0012067253743457407
0,x_tcsc,1-14,-0.1344430279390575,8,-0.13433821545917096,MAP_PMU,127,0.00010481247988652909
1,B_svc,2,0.2750155044431713,8,0.27506949632831795,MAP_PMU,127,5.399188514665365e-05
2,UPFC_Vsh,5-15,1.1048222372593013,8,1.1067658160001017,MAP_PMU,127,0.0019435787408004224
3,UPFC_tsh,5-15,-0.22952790823454722,8,-0.22954725017367336,MAP_PMU,127,1.9341939126144014e-05
4,UPFC_Vse,5-15,0.060162913398657016,8,0.06084087486785218,MAP_PMU,127,0.0006779614691951666
5,UPFC_tse,5-15,-2.1459113707832387,8,-2.145496246489067,MAP_PMU,127,0.00041512429417167596
0,x_tcsc,1-14,-0.13446888275045835,9,-0.13433821545917096,MAP_PMU,127,0.00013066729128738408
1,B_svc,2,0.2749813888206934,9,0.27506949632831795,MAP_PMU,127,8.810750762455744e-05
2,UPFC_Vsh,5-15,1.1041849675992905,9,1.1067658160001017,MAP_PMU,127,0.0025808484008111865
3,UPFC_tsh,5-15,-0.22955418746513798,9,-0.22954725017367336,MAP_PMU,127,6.937291464614859e-06
4,UPFC_Vse,5-15,0.06058293767611704,9,0.06084087486785218,MAP_PMU,127,0.0002579371917351414
5,UPFC_tse,5-15,-2.1493222207619063,9,-2.145496246489067,MAP_PMU,127,0.003825974272839261
0,x_tcsc,1-14,-0.13457743460272883,10,-0.13433821545917096,MAP_PMU,127,0.00023921914355787277
1,B_svc,2,0.27544639337682403,10,0.27506949632831795,MAP_PMU,127,0.0003768970485060752
2,UPFC_Vsh,5-15,1.1046314103905304,10,1.1067658160001017,MAP_PMU,127,0.0021344056095713437
3,UPFC_tsh,5-15,-0.22959495877568736,10,-0.22954725017367336,MAP_PMU,127,4.770860201400162e-05
4,UPFC_Vse,5-15,0.06042112381412085,10,0.06084087486785218,MAP_PMU,127,0.0004197510537313348
5,UPFC_tse,5-15,-2.1544228244816552,10,-2.145496246489067,MAP_PMU,127,0.008926577992588225
0,x_tcsc,1-14,-0.1345363324216246,11,-0.13433821545917096,MAP_PMU,127,0.00019811696245364274
1,B_svc,2,0.2748737731394085,11,0.27506949632831795,MAP_PMU,127,0.00019572318890948015
2,UPFC_Vsh,5-15,1.1045011353674696,11,1.1067658160001017,MAP_PMU,127,0.0022646806326320768
3,UPFC_tsh,5-15,-0.2295638503232147,11,-0.22954725017367336,MAP_PMU,127,1.6600149541329268e-05
4,UPFC_Vse,5-15,0.06018544209062965,11,0.06084087486785218,MAP_PMU,127,0.0006554327772225338
5,UPFC_tse,5-15,-2.145027130845575,11,-2.145496246489067,MAP_PMU,127,0.00046911564349194634
0,x_tcsc,1-14,-0.13451376544994234,12,-0.13433821545917096,MAP_PMU,127,0.00017554999077137867
1,B_svc,2,0.2755056768637781,12,0.27506949632831795,MAP_PMU,127,0.0004361805354601289
2,UPFC_Vsh,5-15,1.1044333884483273,12,1.1067658160001017,MAP_PMU,127,0.0023324275517744297
3,UPFC_tsh,5-15,-0.22957529503387805,12,-0.22954725017367336,MAP_PMU,127,2.8044860204690103e-05
4,UPFC_Vse,5-15,0.05957598546622235,12,0.06084087486785218,MAP_PMU,127,0.0012648894016298318
5,UPFC_tse,5-15,-2.143966891149597,12,-2.145496246489067,MAP_PMU,127,0.0015293553394699622
0,x_tcsc,1-14,-0.1344376275060149,13,-0.13433821545917096,MAP_PMU,127,9.941204684393856e-05
1,B_svc,2,0.2755545983745343,13,0.27506949632831795,MAP_PMU,127,0.0004851020462163236
2,UPFC_Vsh,5-15,1.1042961665216136,13,1.1067658160001017,MAP_PMU,127,0.002469649478488156
3,UPFC_tsh,5-15,-0.2296233242870002,13,-0.22954725017367336,MAP_PMU,127,7.607411332682945e-05
4,UPFC_Vse,5-15,0.05996473178860006,13,0.06084087486785218,MAP_PMU,127,0.0008761430792521216
5,UPFC_tse,5-15,-2.1519210802436475,13,-2.145496246489067,MAP_PMU,127,0.006424833754580472
0,x_tcsc,1-14,-0.13448409227511982,14,-0.13433821545917096,MAP_PMU,127,0.00014587681594885327
1,B_svc,2,0.27517856744354807,14,0.27506949632831795,MAP_PMU,127,0.00010907111523011936
2,UPFC_Vsh,5-15,1.1041377239081427,14,1.1067658160001017,MAP_PMU,127,0.0026280920919590223
3,UPFC_tsh,5-15,-0.22957270919767278,14,-0.22954725017367336,MAP_PMU,127,2.5459023999419017e-05
4,UPFC_Vse,5-15,0.06029373537225027,14,0.06084087486785218,MAP_PMU,127,0.0005471394956019088
5,UPFC_tse,5-15,-2.14054807614407,14,-2.145496246489067,MAP_PMU,127,0.004948170344996949
0,x_tcsc,1-14,-0.13451035732553088,15,-0.13433821545917096,MAP_PMU,127,0.00017214186635991502
1,B_svc,2,0.2750876334410012,15,0.27506949632831795,MAP_PMU,127,1.8137112683225265e-05
2,UPFC_Vsh,5-15,1.1043861609958627,15,1.1067658160001017,MAP_PMU,127,0.0023796550042389786
3,UPFC_tsh,5-15,-0.22953039031488315,15,-0.22954725017367336,MAP_PMU,127,1.6859858790213567e-05
4,UPFC_Vse,5-15,0.06059964472908516,15,0.06084087486785218,MAP_PMU,127,0.0002412301387670207
5,UPFC_tse,5-15,-2.1526259864369313,15,-2.145496246489067,MAP_PMU,127,0.007129739947864255
0,x_tcsc,1-14,-0.13442317327888603,16,-0.13433821545917096,MAP_PMU,127,8.495781971507022e-05
1,B_svc,2,0.27551880674629625,16,0.27506949632831795,MAP_PMU,127,0.0004493104179782992
2,UPFC_Vsh,5-15,1.1044652541581699,16,1.1067658160001017,MAP_PMU,127,0.0023005618419318363
3,UPFC_tsh,5-15,-0.22958967441891415,16,-0.22954725017367336,MAP_PMU,127,4.242424524078525e-05
4,UPFC_Vse,5-15,0.059973072616183905,16,0.06084087486785218,MAP_PMU,127,0.0008678022516682773
5,UPFC_tse,5-15,-2.1446177586352677,16,-2.145496246489067,MAP_PMU,127,0.0008784878537992924
0,x_tcsc,1-14,-0.13455784115319502,17,-0.13433821545917096,MAP_PMU,127,0.0002196256940240615
1,B_svc,2,0.27573795614402463,17,0.27506949632831795,MAP_PMU,127,0.000668459815706679
2,UPFC_Vsh,5-15,1.1040560761028322,17,1.1067658160001017,MAP_PMU,127,0.0027097398972695252
3,UPFC_tsh,5-15,-0.22962833598458582,17,-0.22954725017367336,MAP_PMU,127,8.108581091245681e-05
4,UPFC_Vse,5-15,0.06030423364957381,17,0.06084087486785218,MAP_PMU,127,0.000536641218278372
5,UPFC_tse,5-15,-2.15587005487808,17,-2.145496246489067,MAP_PMU,127,0.010373808389013028
0,x_tcsc,1-14,-0.13449957462080248,18,-0.13433821545917096,MAP_PMU,127,0.00016135916163151354
1,B_svc,2,0.2753884749433667,18,0.27506949632831795,MAP_PMU,127,0.00031897861504875946
2,UPFC_Vsh,5-15,1.10477822288857,18,1.1067658160001017,MAP_PMU,127,0.001987593111531627
3,UPFC_tsh,5-15,-0.2294712775510765,18,-0.22954725017367336,MAP_PMU,127,7.597262259687043e-05
4,UPFC_Vse,5-15,0.0604745738096796,18,0.06084087486785218,MAP_PMU,127,0.00036630105817258424
5,UPFC_tse,5-15,-2.1442437221703528,18,-2.145496246489067,MAP_PMU,127,0.0012525243187142543
0,x_tcsc,1-14,-0.13452303454566725,19,-0.13433821545917096,MAP_PMU,127,0.0001848190864962851
1,B_svc,2,0.2753551976730444,19,0.27506949632831795,MAP_PMU,127,0.00028570134472644115
2,UPFC_Vsh,5-15,1.104037123434945,19,1.1067658160001017,MAP_PMU,127,0.0027286925651566207
3,UPFC_tsh,5-15,-0.2296116317311369,19,-0.22954725017367336,MAP_PMU,127,6.438155746354979e-05
4,UPFC_Vse,5-15,0.060404992648466806,19,0.06084087486785218,MAP_PMU,127,0.00043588221938537647
5,UPFC_tse,5-15,-2.1555764029869953,19,-2.145496246489067,MAP_PMU,127,0.010080156497928261
0,x_tcsc,1-14,-0.1345203925817016,20,-0.13433821545917096,MAP_PMU,127,0.00018217712253063012
1,B_svc,2,0.27572059323706427,20,0.27506949632831795,MAP_PMU,127,0.0006510969087463181
2,UPFC_Vsh,5-15,1.104326213901599,20,1.1067658160001017,MAP_PMU,127,0.002439602098502691
3,UPFC_tsh,5-15,-0.2296090645592112,20,-0.22954725017367336,MAP_PMU,127,6.181438553784502e-05
4,UPFC_Vse,5-15,0.06029335269175292,20,0.06084087486785218,MAP_PMU,127,0.0005475221760992618
5,UPFC_tse,5-15,-2.1414711102354604,20,-2.145496246489067,MAP_PMU,127,0.004025136253606565
0,x_tcsc,1-14,-0.13444710616454664,21,-0.13433821545917096,MAP_PMU,127,0.00010889070537567491
1,B_svc,2,0.2754154882183779,21,0.27506949632831795,MAP_PMU,127,0.0003459918900599601
2,UPFC_Vsh,5-15,1.1039215020277466,21,1.1067658160001017,MAP_PMU,127,0.0028443139723550726
3,UPFC_tsh,5-15,-0.22965991985300846,21,-0.22954725017367336,MAP_PMU,127,0.00011266967933509786
4,UPFC_Vse,5-15,0.06097503230815674,21,0.06084087486785218,MAP_PMU,127,0.0001341574403045595
5,UPFC_tse,5-15,-2.1684172782130924,21,-2.145496246489067,MAP_PMU,127,0.022921031724025376
0,x_tcsc,1-14,-0.13447906288348288,22,-0.13433821545917096,MAP_PMU,127,0.00014084742431191843
1,B_svc,2,0.27536938407089595,22,0.27506949632831795,MAP_PMU,127,0.0002998877425779978
2,UPFC_Vsh,5-15,1.104457268698604,22,1.1067658160001017,MAP_PMU,127,0.0023085473014976543
3,UPFC_tsh,5-15,-0.22956675208818378,22,-0.22954725017367336,MAP_PMU,127,1.950191451041694e-05
4,UPFC_Vse,5-15,0.060147055047215264,22,0.06084087486785218,MAP_PMU,127,0.0006938198206369178
5,UPFC_tse,5-15,-2.1596049997273288,22,-2.145496246489067,MAP_PMU,127,0.014108753238261773
0,x_tcsc,1-14,-0.13449579044673673,23,-0.13433821545917096,MAP_PMU,127,0.00015757498756577282
1,B_svc,2,0.2751619484543888,23,0.27506949632831795,MAP_PMU,127,9.245212607084108e-05
2,UPFC_Vsh,5-15,1.1045130714526985,23,1.1067658160001017,MAP_PMU,127,0.002252744547403207
3,UPFC_tsh,5-15,-0.22952399427034403,23,-0.22954725017367336,MAP_PMU,127,2.325590332932781e-05
4,UPFC_Vse,5-15,0.06020412671246308,23,0.06084087486785218,MAP_PMU,127,0.0006367481553891038
5,UPFC_tse,5-15,-2.147768433587125,23,-2.145496246489067,MAP_PMU,127,0.0022721870980579872
0,x_tcsc,1-14,-0.13450739622390906,24,-0.13433821545917096,MAP_PMU,127,0.00016918076473809718
1,B_svc,2,0.2754993126326756,24,0.27506949632831795,MAP_PMU,127,0.00042981630435762197
2,UPFC_Vsh,5-15,1.1039747313317925,24,1.1067658160001017,MAP_PMU,127,0.0027910846683092405
3,UPFC_tsh,5-15,-0.2296670276053291,24,-0.22954725017367336,MAP_PMU,127,0.00011977743165572652
4,UPFC_Vse,5-15,0.06067011521599997,24,0.06084087486785218,MAP_PMU,127,0.0001707596518522106
5,UPFC_tse,5-15,-2.149385713964313,24,-2.145496246489067,MAP_PMU,127,0.0038894674752461
0,x_tcsc,1-14,-0.134451639835944,25,-0.13433821545917096,MAP_PMU,127,0.0001134243767730303
1,B_svc,2,0.2746842996919338,25,0.27506949632831795,MAP_PMU,127,0.00038519663638414414
2,UPFC_Vsh,5-15,1.1042602617909365,25,1.1067658160001017,MAP_PMU,127,0.002505554209165206
3,UPFC_tsh,5-15,-0.22957997930026072,25,-0.22954725017367336,MAP_PMU,127,3.2729126587360824e-05
4,UPFC_Vse,5-15,0.060119668445183315,25,0.06084087486785218,MAP_PMU,127,0.0007212064226688672
5,UPFC_tse,5-15,-2.1484945492605734,25,-2.145496246489067,MAP_PMU,127,0.002998302771506367
0,x_tcsc,1-14,-0.13449068298898348,26,-0.13433821545917096,MAP_PMU,127,0.00015246752981251666
1,B_svc,2,0.27496927973825025,26,0.27506949632831795,MAP_PMU,127,0.00010021659006770323
2,UPFC_Vsh,5-15,1.1049507389006534,26,1.1067658160001017,MAP_PMU,127,0.0018150770994482812
3,UPFC_tsh,5-15,-0.2294902069589446,26,-0.22954725017367336,MAP_PMU,127,5.7043214728769165e-05
4,UPFC_Vse,5-15,0.060047109646343855,26,0.06084087486785218,MAP_PMU,127,0.0007937652215083274
5,UPFC_tse,5-15,-2.13894612808296,26,-2.145496246489067,MAP_PMU,127,0.006550118406106975
0,x_tcsc,1-14,-0.1344654990114759,27,-0.13433821545917096,MAP_PMU,127,0.00012728355230492983
1,B_svc,2,0.27524663589584963,27,0.27506949632831795,MAP_PMU,127,0.00017713956753168114
2,UPFC_Vsh,5-15,1.1044629114108204,27,1.1067658160001017,MAP_PMU,127,0.002302904589281285
3,UPFC_tsh,5-15,-0.2294674854023307,27,-0.22954725017367336,MAP_PMU,127,7.976477134266635e-05
4,UPFC_Vse,5-15,0.059806172678046804,27,0.06084087486785218,MAP_PMU,127,0.0010347021898053782
5,UPFC_tse,5-15,-2.136860041588683,27,-2.145496246489067,MAP_PMU,127,0.00863620490038386
0,x_tcsc,1-14,-0.13449413202101396,28,-0.13433821545917096,MAP_PMU,127,0.00015591656184299474
1,B_svc,2,0.27540554346145885,28,0.27506949632831795,MAP_PMU,127,0.0003360471331408932
2,UPFC_Vsh,5-15,1.1044110928197897,28,1.1067658160001017,MAP_PMU,127,0.002354723180312046
3,UPFC_tsh,5-15,-0.2295333632745963,28,-0.22954725017367336,MAP_PMU,127,1.3886899077053538e-05
4,UPFC_Vse,5-15,0.06061111440659771,28,0.06084087486785218,MAP_PMU,127,0.00022976046125447458
5,UPFC_tse,5-15,-2.152156848724047,28,-2.145496246489067,MAP_PMU,127,0.006660602234979773
0,x_tcsc,1-14,-0.13449246289923023,29,-0.13433821545917096,MAP_PMU,127,0.00015424744005926305
1,B_svc,2,0.27551435311248046,29,0.27506949632831795,MAP_PMU,127,0.0004448567841625062
2,UPFC_Vsh,5-15,1.1038503793009213,29,1.1067658160001017,MAP_PMU,127,0.0029154366991803737
3,UPFC_tsh,5-15,-0.22967557574963926,29,-0.22954725017367336,MAP_PMU,127,0.00012832557596589855
4,UPFC_Vse,5-15,0.06035682422262669,29,0.06084087486785218,MAP_PMU,127,0.00048405064522549085
5,UPFC_tse,5-15,-2.155906257830143,29,-2.145496246489067,MAP_PMU,127,0.010410011341075887
0,x_tcsc,1-14,-0.13448827609701816,30,-0.13433821545917096,MAP_PMU,127,0.00015006063784719914
1,B_svc,2,0.27537882082494936,30,0.27506949632831795,MAP_PMU,127,0.0003093244966314024
2,UPFC_Vsh,5-15,1.1047435498970928,30,1.1067658160001017,MAP_PMU,127,0.0020222661030089295
3,UPFC_tsh,5-15,-0.22955340145029332,30,-0.22954725017367336,MAP_PMU,127,6.151276619958956e-06
4,UPFC_Vse,5-15,0.06010291411298163,30,0.06084087486785218,MAP_PMU,127,0.0007379607548705508
5,UPFC_tse,5-15,-2.1543135568042726,30,-2.145496246489067,MAP_PMU,127,0.008817310315205606
0,x_tcsc,1-14,-0.13450652201270571,31,-0.13433821545917096,MAP_PMU,127,0.00016830655353475277
1,B_svc,2,0.27505471897329575,31,0.27506949632831795,MAP_PMU,127,1.4777355022199679e-05
2,UPFC_Vsh,5-15,1.1042553128311063,31,1.1067658160001017,MAP_PMU,127,0.0025105031689953705
3,UPFC_tsh,5-15,-0.2295827143669378,31,-0.22954725017367336,MAP_PMU,127,3.5464193264445054e-05
4,UPFC_Vse,5-15,0.060549027251793966,31,0.06084087486785218,MAP_PMU,127,0.0002918476160582162
5,UPFC_tse,5-15,-2.1543124706687107,31,-2.145496246489067,MAP_PMU,127,0.008816224179643672
0,x_tcsc,1-14,-0.13444933698852843,32,-0.13433821545917096,MAP_PMU,127,0.00011112152935746633
1,B_svc,2,0.2750389239747674,32,0.27506949632831795,MAP_PMU,127,3.0572353550528675e-05
2,UPFC_Vsh,5-15,1.1044640257128646,32,1.1067658160001017,MAP_PMU,127,0.0023017902872370932
3,UPFC_tsh,5-15,-0.22961784872287885,32,-0.22954725017367336,MAP_PMU,127,7.059854920549169e-05
4,UPFC_Vse,5-15,0.060327246854264036,32,0.06084087486785218,MAP_PMU,127,0.0005136280135881466
5,UPFC_tse,5-15,-2.1447944302084787,32,-2.145496246489067,MAP_PMU,127,0.0007018162805882966
0,x_tcsc,1-14,-0.1345293977859946,33,-0.13433821545917096,MAP_PMU,127,0.00019118232682363567
1,B_svc,2,0.2751055129410528,33,0.27506949632831795,MAP_PMU,127,3.601661273483492e-05
2,UPFC_Vsh,5-15,1.1043665805849232,33,1.1067658160001017,MAP_PMU,127,0.0023992354151785023
3,UPFC_tsh,5-15,-0.22962074338100064,33,-0.22954725017367336,MAP_PMU,127,7.349320732727427e-05
4,UPFC_Vse,5-15,0.06005347352638314,33,0.06084087486785218,MAP_PMU,127,0.0007874013414690406
5,UPFC_tse,5-15,-2.148013650608027,33,-2.145496246489067,MAP_PMU,127,0.002517404118960176
0,x_tcsc,1-14,-0.13450964957065853,34,-0.13433821545917096,MAP_PMU,127,0.00017143411148756726
1,B_svc,2,0.2755497100996838,34,0.27506949632831795,MAP_PMU,127,0.0004802137713658672
2,UPFC_Vsh,5-15,1.1046576318929204,34,1.1067658160001017,MAP_PMU,127,0.002108184107181277
3,UPFC_tsh,5-15,-0.2295724459682865,34,-0.22954725017367336,MAP_PMU,127,2.519579461313093e-05
4,UPFC_Vse,5-15,0.06016956121348054,34,0.06084087486785218,MAP_PMU,127,0.00067131365437164
5,UPFC_tse,5-15,-2.1438257360155704,34,-2.145496246489067,MAP_PMU,127,0.0016705104734966447
0,x_tcsc,1-14,-0.13440699950724086,35,-0.13433821545917096,MAP_PMU,127,6.878404806989757e-05
1,B_svc,2,0.2751404842323164,35,0.27506949632831795,MAP_PMU,127,7.0987903998454e-05
2,UPFC_Vsh,5-15,1.1041270546165534,35,1.1067658160001017,MAP_PMU,127,0.002638761383548349
3,UPFC_tsh,5-15,-0.22956857181390006,35,-0.22954725017367336,MAP_PMU,127,2.1321640226695804e-05
4,UPFC_Vse,5-15,0.0601082909351059,35,0.06084087486785218,MAP_PMU,127,0.0007325839327462849
5,UPFC_tse,5-15,-2.1593670218907026,35,-2.145496246489067,MAP_PMU,127,0.013870775401635616
0,x_tcsc,1-14,-0.1345405744094456,36,-0.13433821545917096,MAP_PMU,127,0.00020235895027465034
1,B_svc,2,0.27523117006238124,36,0.27506949632831795,MAP_PMU,127,0.00016167373406328345
2,UPFC_Vsh,5-15,1.1040025693839217,36,1.1067658160001017,MAP_PMU,127,0.002763246616179993
3,UPFC_tsh,5-15,-0.22956978010515747,36,-0.22954725017367336,MAP_PMU,127,2.2529931484105425e-05
4,UPFC_Vse,5-15,0.05994658176903915,36,0.06084087486785218,MAP_PMU,127,0.0008942930988130315
5,UPFC_tse,5-15,-2.1595953309930853,36,-2.145496246489067,MAP_PMU,127,0.014099084504018311
0,x_tcsc,1-14,-0.13449060084684225,37,-0.13433821545917096,MAP_PMU,127,0.00015238538767128884
1,B_svc,2,0.2749265739407731,37,0.27506949632831795,MAP_PMU,127,0.00014292238754487485
2,UPFC_Vsh,5-15,1.104258989458998,37,1.1067658160001017,MAP_PMU,127,0.0025068265411036794
3,UPFC_tsh,5-15,-0.22961402700180722,37,-0.22954725017367336,MAP_PMU,127,6.677682813385766e-05
4,UPFC_Vse,5-15,0.06044253196816703,37,0.06084087486785218,MAP_PMU,127,0.00039834289968514874
5,UPFC_tse,5-15,-2.156031701028226,37,-2.145496246489067,MAP_PMU,127,0.010535454539159161
0,x_tcsc,1-14,-0.13448518794293868,38,-0.13433821545917096,MAP_PMU,127,0.00014697248376771554
1,B_svc,2,0.27518736909706837,38,0.27506949632831795,MAP_PMU,127,0.00011787276875041552
2,UPFC_Vsh,5-15,1.1043476742023097,38,1.1067658160001017,MAP_PMU,127,0.002418141797791984
3,UPFC_tsh,5-15,-0.22956522691287273,38,-0.22954725017367336,MAP_PMU,127,1.797673919937126e-05
4,UPFC_Vse,5-15,0.06038080928061089,38,0.06084087486785218,MAP_PMU,127,0.00046006558724129287
5,UPFC_tse,5-15,-2.152124327674517,38,-2.145496246489067,MAP_PMU,127,0.006628081185449997
0,x_tcsc,1-14,-0.1345349860448446,39,-0.13433821545917096,MAP_PMU,127,0.00019677058567363348
1,B_svc,2,0.2747281582074564,39,0.27506949632831795,MAP_PMU,127,0.00034133812086156734
2,UPFC_Vsh,5-15,1.104461275892794,39,1.1067658160001017,MAP_PMU,127,0.002304540107307629
3,UPFC_tsh,5-15,-0.22961567887841228,39,-0.22954725017367336,MAP_PMU,127,6.842870473891538e-05
4,UPFC_Vse,5-15,0.0604373576029144,39,0.06084087486785218,MAP_PMU,127,0.0004035172649377791
5,UPFC_tse,5-15,-2.1509208514631064,39,-2.145496246489067,MAP_PMU,127,0.005424604974039404
0,x_tcsc,1-14,-0.13448220375015293,40,-0.13433821545917096,MAP_PMU,127,0.0001439882909819723
1,B_svc,2,0.2750267960760348,40,0.27506949632831795,MAP_PMU,127,4.2700252283145446e-05
2,UPFC_Vsh,5-15,1.104252718077693,40,1.1067658160001017,MAP_PMU,127,0.0025130979224086136
3,UPFC_tsh,5-15,-0.22956525875210332,40,-0.22954725017367336,MAP_PMU,127,1.8008578429956623e-05
4,UPFC_Vse,5-15,0.06045698112514265,40,0.06084087486785218,MAP_PMU,127,0.00038389374270952903
5,UPFC_tse,5-15,-2.153717144701364,40,-2.145496246489067,MAP_PMU,127,0.0082208982122971
0,x_tcsc,1-14,-0.13445679742946395,41,-0.13433821545917096,MAP_PMU,127,0.00011858197029299133
1,B_svc,2,0.27502962743026144,41,0.27506949632831795,MAP_PMU,127,3.98688980565165e-05
2,UPFC_Vsh,5-15,1.1044637458112152,41,1.1067658160001017,MAP_PMU,127,0.002302070188886507
3,UPFC_tsh,5-15,-0.22952091072072928,41,-0.22954725017367336,MAP_PMU,127,2.633945294408524e-05
4,UPFC_Vse,5-15,0.06001619692841122,41,0.06084087486785218,MAP_PMU,127,0.0008246779394409653
5,UPFC_tse,5-15,-2.1445238881460544,41,-2.145496246489067,MAP_PMU,127,0.0009723583430125693
0,x_tcsc,1-14,-0.1345309523900388,42,-0.13433821545917096,MAP_PMU,127,0.00019273693086782617
1,B_svc,2,0.27509797466174535,42,0.27506949632831795,MAP_PMU,127,2.8478333427395253e-05
2,UPFC_Vsh,5-15,1.1046006921923976,42,1.1067658160001017,MAP_PMU,127,0.0021651238077040613
3,UPFC_tsh,5-15,-0.22953239646951845,42,-0.22954725017367336,MAP_PMU,127,1.4853704154910163e-05
4,UPFC_Vse,5-15,0.060362201808594744,42,0.06084087486785218,MAP_PMU,127,0.00047867305925743814
5,UPFC_tse,5-15,-2.147137189590123,42,-2.145496246489067,MAP_PMU,127,0.0016409431010560027
0,x_tcsc,1-14,-0.13446942233543474,43,-0.13433821545917096,MAP_PMU,127,0.00013120687626377858
1,B_svc,2,0.2753099088179617,43,0.27506949632831795,MAP_PMU,127,0.00024041248964373763
2,UPFC_Vsh,5-15,1.104687786465624,43,1.1067658160001017,MAP_PMU,127,0.0020780295344777766
3,UPFC_tsh,5-15,-0.22953667675396688,43,-0.22954725017367336,MAP_PMU,127,1.0573419706477738e-05
4,UPFC_Vse,5-15,0.059865346022359156,43,0.06084087486785218,MAP_PMU,127,0.0009755288454930261
5,UPFC_tse,5-15,-2.144116776599725,43,-2.145496246489067,MAP_PMU,127,0.001379469889342122
0,x_tcsc,1-14,-0.13455283748202918,44,-0.13433821545917096,MAP_PMU,127,0.00021462202285821297
1,B_svc,2,0.2750818164951889,44,0.27506949632831795,MAP_PMU,127,1.2320166870971594e-05
2,UPFC_Vsh,5-15,1.1046293980578157,44,1.1067658160001017,MAP_PMU,127,0.0021364179422860285
3,UPFC_tsh,5-15,-0.22947700324937445,44,-0.22954725017367336,MAP_PMU,127,7.024692429891122e-05
4,UPFC_Vse,5-15,0.060165089837460425,44,0.06084087486785218,MAP_PMU,127,0.0006757850303917567
5,UPFC_tse,5-15,-2.1392711273807055,44,-2.145496246489067,MAP_PMU,127,0.006225119108361543
0,x_tcsc,1-14,-0.134575418687902,45,-0.13433821545917096,MAP_PMU,127,0.0002372032287310255
1,B_svc,2,0.2749501659839336,45,0.27506949632831795,MAP_PMU,127,0.00011933034438432744
2,UPFC_Vsh,5-15,1.1047016303775745,45,1.1067658160001017,MAP_PMU,127,0.0020641856225271926
3,UPFC_tsh,5-15,-0.22956328448718885,45,-0.22954725017367336,MAP_PMU,127,1.603431351548945e-05
4,UPFC_Vse,5-15,0.06001803056255245,45,0.06084087486785218,MAP_PMU,127,0.0008228443052997331
5,UPFC_tse,5-15,-2.1456504727104937,45,-2.145496246489067,MAP_PMU,127,0.00015422622142668985
0,x_tcsc,1-14,-0.13450528103129228,46,-0.13433821545917096,MAP_PMU,127,0.00016706557212131656
1,B_svc,2,0.2751666119747172,46,0.27506949632831795,MAP_PMU,127,9.711564639924841e-05
2,UPFC_Vsh,5-15,1.1042394705988143,46,1.1067658160001017,MAP_PMU,127,0.0025263454012873776
3,UPFC_tsh,5-15,-0.22955880178109198,46,-0.22954725017367336,MAP_PMU,127,1.155160741861394e-05
4,UPFC_Vse,5-15,0.060345193778974494,46,0.06084087486785218,MAP_PMU,127,0.0004956810888776877
5,UPFC_tse,5-15,-2.152178959047625,46,-2.145496246489067,MAP_PMU,127,0.006682712558558013
0,x_tcsc,1-14,-0.1344892947810535,47,-0.13433821545917096,MAP_PMU,127,0.0001510793218825468
1,B_svc,2,0.27510781995305184,47,0.27506949632831795,MAP_PMU,127,3.832362473388251e-05
2,UPFC_Vsh,5-15,1.1045176145291649,47,1.1067658160001017,MAP_PMU,127,0.0022482014709368503
3,UPFC_tsh,5-15,-0.22948489594459412,47,-0.22954725017367336,MAP_PMU,127,6.235422907924226e-05
4,UPFC_Vse,5-15,0.059696274988630275,47,0.06084087486785218,MAP_PMU,127,0.0011445998792219067
5,UPFC_tse,5-15,-2.1426460020380933,47,-2.145496246489067,MAP_PMU,127,0.0028502444509737046
0,x_tcsc,1-14,-0.13449261864436618,48,-0.13433821545917096,MAP_PMU,127,0.00015440318519521767
1,B_svc,2,0.2752292836514632,48,0.27506949632831795,MAP_PMU,127,0.00015978732314525512
2,UPFC_Vsh,5-15,1.1048494589992568,48,1.1067658160001017,MAP_PMU,127,0.001916357000844915
3,UPFC_tsh,5-15,-0.22956460904301387,48,-0.22954725017367336,MAP_PMU,127,1.735886934051134e-05
4,UPFC_Vse,5-15,0.06043716818686655,48,0.06084087486785218,MAP_PMU,127,0.00040370668098563267
5,UPFC_tse,5-15,-2.14305037778155,48,-2.145496246489067,MAP_PMU,127,0.0024458687075168406
0,x_tcsc,1-14,-0.13442364733542736,49,-0.13433821545917096,MAP_PMU,127,8.54318762563977e-05
1,B_svc,2,0.2749276320713219,49,0.27506949632831795,MAP_PMU,127,0.00014186425699602712
2,UPFC_Vsh,5-15,1.1041816337061292,49,1.1067658160001017,MAP_PMU,127,0.0025841822939725034
3,UPFC_tsh,5-15,-0.22961388971132382,49,-0.22954725017367336,MAP_PMU,127,6.663953765045916e-05
4,UPFC_Vse,5-15,0.06037447182298288,49,0.06084087486785218,MAP_PMU,127,0.0004664030448692999
5,UPFC_tse,5-15,-2.1505719922302373,49,-2.145496246489067,MAP_PMU,127,0.005075745741170312
0,x_tcsc,1-14,-0.13446784637983644,50,-0.13433821545917096,MAP_PMU,127,0.00012963092066548
1,B_svc,2,0.27530943752428366,50,0.27506949632831795,MAP_PMU,127,0.0002399411959657094
2,UPFC_Vsh,5-15,1.1043559316333886,50,1.1067658160001017,MAP_PMU,127,0.0024098843667130776
3,UPFC_tsh,5-15,-0.22962374308106975,50,-0.22954725017367336,MAP_PMU,127,7.649290739639159e-05
4,UPFC_Vse,5-15,0.060665182796432224,50,0.06084087486785218,MAP_PMU,127,0.00017569207141995835
5,UPFC_tse,5-15,-2.1630315280285077,50,-2.145496246489067,MAP_PMU,127,0.017535281539440728
0,x_tcsc,1-14,-0.13447325591413498,51,-0.13433821545917096,MAP_PMU,127,0.00013504045496401385
1,B_svc,2,0.27520616150519317,51,0.27506949632831795,MAP_PMU,127,0.00013666517687521695
2,UPFC_Vsh,5-15,1.1043118251619137,51,1.1067658160001017,MAP_PMU,127,0.0024539908381879805
3,UPFC_tsh,5-15,-0.2295473146232224,51,-0.22954725017367336,MAP_PMU,127,6.444954903095379e-08
4,UPFC_Vse,5-15,0.06029092093223078,51,0.06084087486785218,MAP_PMU,127,0.0005499539356213987
5,UPFC_tse,5-15,-2.1486472199809237,51,-2.145496246489067,MAP_PMU,127,0.003150973491856668
0,x_tcsc,1-14,-0.13447019607520566,52,-0.13433821545917096,MAP_PMU,127,0.00013198061603469924
1,B_svc,2,0.27569025816029424,52,0.27506949632831795,MAP_PMU,127,0.0006207618319762909
2,UPFC_Vsh,5-15,1.1044282689970026,52,1.1067658160001017,MAP_PMU,127,0.002337547003099072
3,UPFC_tsh,5-15,-0.22959378814428752,52,-0.22954725017367336,MAP_PMU,127,4.6537970614157764e-05
4,UPFC_Vse,5-15,0.060153467525129775,52,0.06084087486785218,MAP_PMU,127,0.000687407342722407
5,UPFC_tse,5-15,-2.1514446796840425,52,-2.145496246489067,MAP_PMU,127,0.005948433194975511
0,x_tcsc,1-14,-0.1344188069109981,53,-0.13433821545917096,MAP_PMU,127,8.059145182715e-05
1,B_svc,2,0.2751112567153706,53,0.27506949632831795,MAP_PMU,127,4.176038705266949e-05
2,UPFC_Vsh,5-15,1.1046148974928438,53,1.1067658160001017,MAP_PMU,127,0.002150918507257904
3,UPFC_tsh,5-15,-0.22950011432814124,53,-0.22954725017367336,MAP_PMU,127,4.7135845532120246e-05
4,UPFC_Vse,5-15,0.06004208745994775,53,0.06084087486785218,MAP_PMU,127,0.0007987874079044346
5,UPFC_tse,5-15,-2.14638850055485,53,-2.145496246489067,MAP_PMU,127,0.0008922540657829714
0,x_tcsc,1-14,-0.13444975262245917,54,-0.13433821545917096,MAP_PMU,127,0.00011153716328821117
1,B_svc,2,0.27548113147145986,54,0.27506949632831795,MAP_PMU,127,0.0004116351431419085
2,UPFC_Vsh,5-15,1.1039345061388466,54,1.1067658160001017,MAP_PMU,127,0.002831309861255127
3,UPFC_tsh,5-15,-0.2296692900179903,54,-0.22954725017367336,MAP_PMU,127,0.00012203984431694015
4,UPFC_Vse,5-15,0.06089870036083678,54,0.06084087486785218,MAP_PMU,127,5.782549298459505e-05
5,UPFC_tse,5-15,-2.1650734760120027,54,-2.145496246489067,MAP_PMU,127,0.019577229522935724
0,x_tcsc,1-14,-0.13450489246671538,55,-0.13433821545917096,MAP_PMU,127,0.0001666770075444135
1,B_svc,2,0.27525540958942213,55,0.27506949632831795,MAP_PMU,127,0.00018591326110417583
2,UPFC_Vsh,5-15,1.1045314950365974,55,1.1067658160001017,MAP_PMU,127,0.002234320963504288
3,UPFC_tsh,5-15,-0.2295096373725119,55,-0.22954725017367336,MAP_PMU,127,3.761280116146293e-05
4,UPFC_Vse,5-15,0.06013456611878645,55,0.06084087486785218,MAP_PMU,127,0.0007063087490657288
5,UPFC_tse,5-15,-2.142789767076041,55,-2.145496246489067,MAP_PMU,127,0.0027064794130260417
0,x_tcsc,1-14,-0.13448329274114534,56,-0.13433821545917096,MAP_PMU,127,0.00014507728197438174
1,B_svc,2,0.2751110528806136,56,0.27506949632831795,MAP_PMU,127,4.1556552295651805e-05
2,UPFC_Vsh,5-15,1.1047253220841233,56,1.1067658160001017,MAP_PMU,127,0.002040493915978381
3,UPFC_tsh,5-15,-0.22945058591455036,56,-0.22954725017367336,MAP_PMU,127,9.666425912299714e-05
4,UPFC_Vse,5-15,0.05985067778063442,56,0.06084087486785218,MAP_PMU,127,0.000990197087217759
5,UPFC_tse,5-15,-2.141047091719688,56,-2.145496246489067,MAP_PMU,127,0.004449154769378794
0,x_tcsc,1-14,-0.1344444170866806,57,-0.13433821545917096,MAP_PMU,127,0.0001062016275096278
1,B_svc,2,0.2751020633366807,57,0.27506949632831795,MAP_PMU,127,3.256700836273829e-05
2,UPFC_Vsh,5-15,1.1045624802841398,57,1.1067658160001017,MAP_PMU,127,0.002203335715961874
3,UPFC_tsh,5-15,-0.22956447985735073,57,-0.22954725017367336,MAP_PMU,127,1.722968367737221e-05
4,UPFC_Vse,5-15,0.06027916792992954,57,0.06084087486785218,MAP_PMU,127,0.0005617069379226444
5,UPFC_tse,5-15,-2.1538683636514655,57,-2.145496246489067,MAP_PMU,127,0.008372117162398496
0,x_tcsc,1-14,-0.1345147841351433,58,-0.13433821545917096,MAP_PMU,127,0.0001765686759723495
1,B_svc,2,0.27497103728512695,58,0.27506949632831795,MAP_PMU,127,9.845904319100152e-05
2,UPFC_Vsh,5-15,1.1044977592858236,58,1.1067658160001017,MAP_PMU,127,0.0022680567142780994
3,UPFC_tsh,5-15,-0.22958438500355272,58,-0.22954725017367336,MAP_PMU,127,3.71348298793539e-05
4,UPFC_Vse,5-15,0.059855593723264724,58,0.06084087486785218,MAP_PMU,127,0.0009852811445874576
5,UPFC_tse,5-15,-2.156043779446759,58,-2.145496246489067,MAP_PMU,127,0.010547532957692063
0,x_tcsc,1-14,-0.13450242451380698,59,-0.13433821545917096,MAP_PMU,127,0.00016420905463601643
1,B_svc,2,0.2752698609298574,59,0.27506949632831795,MAP_PMU,127,0.0002003646015394378
2,UPFC_Vsh,5-15,1.1046281120882293,59,1.1067658160001017,MAP_PMU,127,0.0021377039118724017
3,UPFC_tsh,5-15,-0.22959510163921856,59,-0.22954725017367336,MAP_PMU,127,4.7851465545201144e-05
4,UPFC_Vse,5-15,0.06058658867950314,59,0.06084087486785218,MAP_PMU,127,0.0002542861883490441
5,UPFC_tse,5-15,-2.164497613309076,59,-2.145496246489067,MAP_PMU,127,0.019001366820008858
0,x_tcsc,1-14,-0.1344352154505979,60,-0.13433821545917096,MAP_PMU,127,9.699999142692706e-05
1,B_svc,2,0.2750773854546671,60,0.27506949632831795,MAP_PMU,127,7.889126349136522e-06
2,UPFC_Vsh,5-15,1.104070310707386,60,1.1067658160001017,MAP_PMU,127,0.002695505292715783
3,UPFC_tsh,5-15,-0.22968011457963503,60,-0.22954725017367336,MAP_PMU,127,0.0001328644059616635
4,UPFC_Vse,5-15,0.0605537868857403,60,0.06084087486785218,MAP_PMU,127,0.00028708798211188324
5,UPFC_tse,5-15,-2.1537460009013243,60,-2.145496246489067,MAP_PMU,127,0.008249754412257282
0,x_tcsc,1-14,-0.1345398597861356,61,-0.13433821545917096,MAP_PMU,127,0.00020164432696465062
1,B_svc,2,0.275386334554859,61,0.27506949632831795,MAP_PMU,127,0.00031683822654104965
2,UPFC_Vsh,5-15,1.1042075507973297,61,1.1067658160001017,MAP_PMU,127,0.0025582652027720254
3,UPFC_tsh,5-15,-0.22962069054741388,61,-0.22954725017367336,MAP_PMU,127,7.34403737405187e-05
4,UPFC_Vse,5-15,0.06011730839966052,61,0.06084087486785218,MAP_PMU,127,0.0007235664681916609
5,UPFC_tse,5-15,-2.1536839384169557,61,-2.145496246489067,MAP_PMU,127,0.008187691927888707
0,x_tcsc,1-14,-0.13451624713563226,62,-0.13433821545917096,MAP_PMU,127,0.0001780316764612988
1,B_svc,2,0.27540850848563125,62,0.27506949632831795,MAP_PMU,127,0.0003390121573133009
2,UPFC_Vsh,5-15,1.1044506138070609,62,1.1067658160001017,MAP_PMU,127,0.0023152021930408218
3,UPFC_tsh,5-15,-0.22955636909652719,62,-0.22954725017367336,MAP_PMU,127,9.118922853823541e-06
4,UPFC_Vse,5-15,0.05987653614267136,62,0.06084087486785218,MAP_PMU,127,0.0009643387251808203
5,UPFC_tse,5-15,-2.1398894085869786,62,-2.145496246489067,MAP_PMU,127,0.00560683790208838
0,x_tcsc,1-14,-0.1344422203731238,63,-0.13433821545917096,MAP_PMU,127,0.00010400491395284872
1,B_svc,2,0.2751678456998316,63,0.27506949632831795,MAP_PMU,127,9.834937151365075e-05
2,UPFC_Vsh,5-15,1.104457218696941,63,1.1067658160001017,MAP_PMU,127,0.0023085973031606866
3,UPFC_tsh,5-15,-0.22963175944556652,63,-0.22954725017367336,MAP_PMU,127,8.450927189315727e-05
4,UPFC_Vse,5-15,0.06071478692573871,63,0.06084087486785218,MAP_PMU,127,0.00012608794211347446
5,UPFC_tse,5-15,-2.1589105987408033,63,-2.145496246489067,MAP_PMU,127,0.013414352251736261
0,x_tcsc,1-14,-0.13451843103678024,64,-0.13433821545917096,MAP_PMU,127,0.0001802155776092773
1,B_svc,2,0.2752161904200433,64,0.27506949632831795,MAP_PMU,127,0.0001466940917253523
2,UPFC_Vsh,5-15,1.1046499367277307,64,1.1067658160001017,MAP_PMU,127,0.002115879272371002
3,UPFC_tsh,5-15,-0.22954035492077265,64,-0.22954725017367336,MAP_PMU,127,6.895252900707138e-06
4,UPFC_Vse,5-15,0.060169655450977355,64,0.06084087486785218,MAP_PMU,127,0.000671219416874827
5,UPFC_tse,5-15,-2.137388056542815,64,-2.145496246489067,MAP_PMU,127,0.008108189946252065
0,x_tcsc,1-14,-0.13446323168701643,65,-0.13433821545917096,MAP_PMU,127,0.00012501622784547028
1,B_svc,2,0.27536980438238506,65,0.27506949632831795,MAP_PMU,127,0.00030030805406711103
2,UPFC_Vsh,5-15,1.104192654151177,65,1.1067658160001017,MAP_PMU,127,0.0025731618489246433
3,UPFC_tsh,5-15,-0.2296254823322786,65,-0.22954725017367336,MAP_PMU,127,7.823215860525146e-05
4,UPFC_Vse,5-15,0.06018859289081467,65,0.06084087486785218,MAP_PMU,127,0.000652281977037511
5,UPFC_tse,5-15,-2.150355926307463,65,-2.145496246489067,MAP_PMU,127,0.004859679818395968
0,x_tcsc,1-14,-0.1344861179161214,66,-0.13433821545917096,MAP_PMU,127,0.00014790245695042725
1,B_svc,2,0.2755933735208472,66,0.27506949632831795,MAP_PMU,127,0.0005238771925292207
2,UPFC_Vsh,5-15,1.1046244073110434,66,1.1067658160001017,MAP_PMU,127,0.0021414086890583217
3,UPFC_tsh,5-15,-0.229579975555037,66,-0.22954725017367336,MAP_PMU,127,3.272538136364633e-05
4,UPFC_Vse,5-15,0.05970566062816534,66,0.06084087486785218,MAP_PMU,127,0.0011352142396868423
5,UPFC_tse,5-15,-2.1374025764170486,66,-2.145496246489067,MAP_PMU,127,0.008093670072018444
0,x_tcsc,1-14,-0.13446493697599182,67,-0.13433821545917096,MAP_PMU,127,0.0001267215168208602
1,B_svc,2,0.27582486743546775,67,0.27506949632831795,MAP_PMU,127,0.0007553711071497937
2,UPFC_Vsh,5-15,1.1045366993219106,67,1.1067658160001017,MAP_PMU,127,0.0022291166781911453
3,UPFC_tsh,5-15,-0.22950600262750215,67,-0.22954725017367336,MAP_PMU,127,4.124754617121362e-05
4,UPFC_Vse,5-15,0.05989215545241345,67,0.06084087486785218,MAP_PMU,127,0.0009487194154387327
5,UPFC_tse,5-15,-2.1411313618629904,67,-2.145496246489067,MAP_PMU,127,0.004364884626076648
0,x_tcsc,1-14,-0.13447972621137885,68,-0.13433821545917096,MAP_PMU,127,0.00014151075220789067
1,B_svc,2,0.27547860316678485,68,0.27506949632831795,MAP_PMU,127,0.00040910683846689944
2,UPFC_Vsh,5-15,1.104443606394385,68,1.1067658160001017,MAP_PMU,127,0.0023222096057167185
3,UPFC_tsh,5-15,-0.22956202941682774,68,-0.22954725017367336,MAP_PMU,127,1.4779243154378063e-05
4,UPFC_Vse,5-15,0.06024859307728972,68,0.06084087486785218,MAP_PMU,127,0.0005922817905624628
5,UPFC_tse,5-15,-2.1486636603828404,68,-2.145496246489067,MAP_PMU,127,0.0031674138937733964
0,x_tcsc,1-14,-0.13450220224712767,69,-0.13433821545917096,MAP_PMU,127,0.00016398678795670474
1,B_svc,2,0.2747948086926045,69,0.27506949632831795,MAP_PMU,127,0.00027468763571347754
2,UPFC_Vsh,5-15,1.1043377609216674,69,1.1067658160001017,MAP_PMU,127,0.0024280550784343546
3,UPFC_tsh,5-15,-0.2295923604857944,69,-0.22954725017367336,MAP_PMU,127,4.511031212103833e-05
4,UPFC_Vse,5-15,0.0607336781422425,69,0.06084087486785218,MAP_PMU,127,0.00010719672560968035
5,UPFC_tse,5-15,-2.158353644786501,69,-2.145496246489067,MAP_PMU,127,0.012857398297434042
0,x_tcsc,1-14,-0.13449676372735106,70,-0.13433821545917096,MAP_PMU,127,0.0001585482681800976
1,B_svc,2,0.27496889618346765,70,0.27506949632831795,MAP_PMU,127,0.00010060014485030466
2,UPFC_Vsh,5-15,1.104423899079593,70,1.1067658160001017,MAP_PMU,127,0.0023419169205087798
3,UPFC_tsh,5-15,-0.22955297025912696,70,-0.22954725017367336,MAP_PMU,127,5.720085453603252e-06
4,UPFC_Vse,5-15,0.05992067879072384,70,0.06084087486785218,MAP_PMU,127,0.0009201960771283435
5,UPFC_tse,5-15,-2.1492323176665424,70,-2.145496246489067,MAP_PMU,127,0.0037360711774754307
0,x_tcsc,1-14,-0.13447475187911706,71,-0.13433821545917096,MAP_PMU,127,0.00013653641994609833
1,B_svc,2,0.27510665499135006,71,0.27506949632831795,MAP_PMU,127,3.7158663032110795e-05
2,UPFC_Vsh,5-15,1.1040630347779463,71,1.1067658160001017,MAP_PMU,127,0.0027027812221553926
3,UPFC_tsh,5-15,-0.2295532351930907,71,-0.22954725017367336,MAP_PMU,127,5.985019417342752e-06
4,UPFC_Vse,5-15,0.06013099432422965,71,0.06084087486785218,MAP_PMU,127,0.0007098805436225319
5,UPFC_tse,5-15,-2.152024370087105,71,-2.145496246489067,MAP_PMU,127,0.006528123598037894
0,x_tcsc,1-14,-0.1345528369839344,72,-0.13433821545917096,MAP_PMU,127,0.00021462152476342533
1,B_svc,2,0.2755807649795665,72,0.27506949632831795,MAP_PMU,127,0.0005112686512485642
2,UPFC_Vsh,5-15,1.1041705212782384,72,1.1067658160001017,MAP_PMU,127,0.0025952947218632616
3,UPFC_tsh,5-15,-0.2296091526204439,72,-0.22954725017367336,MAP_PMU,127,6.19024467705398e-05
4,UPFC_Vse,5-15,0.06031962093472478,72,0.06084087486785218,MAP_PMU,127,0.000521253933127401
5,UPFC_tse,5-15,-2.149401963014114,72,-2.145496246489067,MAP_PMU,127,0.0039057165250468984
0,x_tcsc,1-14,-0.13447573276886884,73,-0.13433821545917096,MAP_PMU,127,0.00013751730969788212
1,B_svc,2,0.2751486460963792,73,0.27506949632831795,MAP_PMU,127,7.914976806122631e-05
2,UPFC_Vsh,5-15,1.1044304907997775,73,1.1067658160001017,MAP_PMU,127,0.002335325200324201
3,UPFC_tsh,5-15,-0.2294583441752611,73,-0.22954725017367336,MAP_PMU,127,8.890599841226976e-05
4,UPFC_Vse,5-15,0.05987976111515391,73,0.06084087486785218,MAP_PMU,127,0.0009611137526982713
5,UPFC_tse,5-15,-2.1485863390252353,73,-2.145496246489067,MAP_PMU,127,0.0030900925361683207
0,x_tcsc,1-14,-0.13452069198253178,74,-0.13433821545917096,MAP_PMU,127,0.00018247652336081388
1,B_svc,2,0.27566914532341863,74,0.27506949632831795,MAP_PMU,127,0.0005996489951006767
2,UPFC_Vsh,5-15,1.1041560565309747,74,1.1067658160001017,MAP_PMU,127,0.0026097594691270043
3,UPFC_tsh,5-15,-0.22955987141400272,74,-0.22954725017367336,MAP_PMU,127,1.2621240329357963e-05
4,UPFC_Vse,5-15,0.06053764151162976,74,0.06084087486785218,MAP_PMU,127,0.0003032333562224196
5,UPFC_tse,5-15,-2.1465327070327676,74,-2.145496246489067,MAP_PMU,127,0.0010364605437005459
0,x_tcsc,1-14,-0.13453489272094102,75,-0.13433821545917096,MAP_PMU,127,0.0001966772617700563
1,B_svc,2,0.2752053862995021,75,0.27506949632831795,MAP_PMU,127,0.00013588997118413326
2,UPFC_Vsh,5-15,1.104400277766112,75,1.1067658160001017,MAP_PMU,127,0.0023655382339897724
3,UPFC_tsh,5-15,-0.2295393786501509,75,-0.22954725017367336,MAP_PMU,127,7.871523522468005e-06
4,UPFC_Vse,5-15,0.060587504154590834,75,0.06084087486785218,MAP_PMU,127,0.0002533707132613486
5,UPFC_tse,5-15,-2.1516959565915212,75,-2.145496246489067,MAP_PMU,127,0.006199710102454237
0,x_tcsc,1-14,-0.13447614835922259,76,-0.13433821545917096,MAP_PMU,127,0.00013793290005162384
1,B_svc,2,0.27530237105529787,76,0.27506949632831795,MAP_PMU,127,0.00023287472697991474
2,UPFC_Vsh,5-15,1.1046895482195238,76,1.1067658160001017,MAP_PMU,127,0.0020762677805779006
3,UPFC_tsh,5-15,-0.22961250844165537,76,-0.22954725017367336,MAP_PMU,127,6.525826798201018e-05
4,UPFC_Vse,5-15,0.06057399187747103,76,0.06084087486785218,MAP_PMU,127,0.0002668829903811551
5,UPFC_tse,5-15,-2.148102108922946,76,-2.145496246489067,MAP_PMU,127,0.002605862433878947
0,x_tcsc,1-14,-0.13447856801835803,77,-0.13433821545917096,MAP_PMU,127,0.00014035255918706802
1,B_svc,2,0.27501961722050533,77,0.27506949632831795,MAP_PMU,127,4.9879107812622614e-05
2,UPFC_Vsh,5-15,1.104423386425589,77,1.1067658160001017,MAP_PMU,127,0.0023424295745126944
3,UPFC_tsh,5-15,-0.22953955742639157,77,-0.22954725017367336,MAP_PMU,127,7.692747281795587e-06
4,UPFC_Vse,5-15,0.05978111861072485,77,0.06084087486785218,MAP_PMU,127,0.0010597562571273353
5,UPFC_tse,5-15,-2.1447894304540953,77,-2.145496246489067,MAP_PMU,127,0.0007068160349716912
0,x_tcsc,1-14,-0.13454308368333448,78,-0.13433821545917096,MAP_PMU,127,0.00020486822416351802
1,B_svc,2,0.274775749147148,78,0.27506949632831795,MAP_PMU,127,0.0002937471811699788
2,UPFC_Vsh,5-15,1.1047984668985629,78,1.1067658160001017,MAP_PMU,127,0.00196734910153884
3,UPFC_tsh,5-15,-0.22947199674172608,78,-0.22954725017367336,MAP_PMU,127,7.525343194728085e-05
4,UPFC_Vse,5-15,0.059683827906952244,78,0.06084087486785218,MAP_PMU,127,0.0011570469608999379
5,UPFC_tse,5-15,-2.1350323918960465,78,-2.145496246489067,MAP_PMU,127,0.01046385459302046
0,x_tcsc,1-14,-0.13447377770043786,79,-0.13433821545917096,MAP_PMU,127,0.00013556224126690108
1,B_svc,2,0.27504030977660654,79,0.27506949632831795,MAP_PMU,127,2.9186551711413156e-05
2,UPFC_Vsh,5-15,1.1045178545991536,79,1.1067658160001017,MAP_PMU,127,0.002247961400948073
3,UPFC_tsh,5-15,-0.22955435270095892,79,-0.22954725017367336,MAP_PMU,127,7.102527285557381e-06
4,UPFC_Vse,5-15,0.06013143089224069,79,0.06084087486785218,MAP_PMU,127,0.0007094439756114915
5,UPFC_tse,5-15,-2.1448127751968418,79,-2.145496246489067,MAP_PMU,127,0.0006834712922252351
0,x_tcsc,1-14,-0.13444666818059545,80,-0.13433821545917096,MAP_PMU,127,0.00010845272142448459
1,B_svc,2,0.2751173667672224,80,0.27506949632831795,MAP_PMU,127,4.787043890447373e-05
2,UPFC_Vsh,5-15,1.1044598694340508,80,1.1067658160001017,MAP_PMU,127,0.002305946566050876
3,UPFC_tsh,5-15,-0.22954498979563007,80,-0.22954725017367336,MAP_PMU,127,2.2603780432950416e-06
4,UPFC_Vse,5-15,0.060154843174563065,80,0.06084087486785218,MAP_PMU,127,0.0006860316932891172
5,UPFC_tse,5-15,-2.156626640393041,80,-2.145496246489067,MAP_PMU,127,0.011130393903973967
0,x_tcsc,1-14,-0.13447003831690788,81,-0.13433821545917096,MAP_PMU,127,0.00013182285773691294
1,B_svc,2,0.27501986320615557,81,0.27506949632831795,MAP_PMU,127,4.963312216238469e-05
2,UPFC_Vsh,5-15,1.1045774881947141,81,1.1067658160001017,MAP_PMU,127,0.00218832780538758
3,UPFC_tsh,5-15,-0.22951439547238472,81,-0.22954725017367336,MAP_PMU,127,3.28547012886371e-05
4,UPFC_Vse,5-15,0.060460536547568944,81,0.06084087486785218,MAP_PMU,127,0.00038033832028323833
5,UPFC_tse,5-15,-2.1402296675888195,81,-2.145496246489067,MAP_PMU,127,0.005266578900247509
0,x_tcsc,1-14,-0.1345122270596377,82,-0.13433821545917096,MAP_PMU,127,0.00017401160046673358
1,B_svc,2,0.27527307245874183,82,0.27506949632831795,MAP_PMU,127,0.000203576130423877
2,UPFC_Vsh,5-15,1.104572712303394,82,1.1067658160001017,MAP_PMU,127,0.0021931036967077766
3,UPFC_tsh,5-15,-0.22950260875460637,82,-0.22954725017367336,MAP_PMU,127,4.464141906698749e-05
4,UPFC_Vse,5-15,0.059957596778634985,82,0.06084087486785218,MAP_PMU,127,0.0008832780892171974
5,UPFC_tse,5-15,-2.1378694325061693,82,-2.145496246489067,MAP_PMU,127,0.007626813982897662
0,x_tcsc,1-14,-0.13445845074073173,83,-0.13433821545917096,MAP_PMU,127,0.00012023528156077101
1,B_svc,2,0.27487760608446554,83,0.27506949632831795,MAP_PMU,127,0.0001918902438524106
2,UPFC_Vsh,5-15,1.1045742390386457,83,1.1067658160001017,MAP_PMU,127,0.002191576961455999
3,UPFC_tsh,5-15,-0.22953299379403358,83,-0.22954725017367336,MAP_PMU,127,1.4256379639782102e-05
4,UPFC_Vse,5-15,0.060141159546165314,83,0.06084087486785218,MAP_PMU,127,0.0006997153216868682
5,UPFC_tse,5-15,-2.144651535749046,83,-2.145496246489067,MAP_PMU,127,0.0008447107400209042
0,x_tcsc,1-14,-0.13439879339894598,84,-0.13433821545917096,MAP_PMU,127,6.057793977501391e-05
1,B_svc,2,0.2754189253669454,84,0.27506949632831795,MAP_PMU,127,0.0003494290386274468
2,UPFC_Vsh,5-15,1.1043032478489894,84,1.1067658160001017,MAP_PMU,127,0.002462568151112343
3,UPFC_tsh,5-15,-0.22952482377567787,84,-0.22954725017367336,MAP_PMU,127,2.2426397995489733e-05
4,UPFC_Vse,5-15,0.06020116911715709,84,0.06084087486785218,MAP_PMU,127,0.0006397057506950937
5,UPFC_tse,5-15,-2.145532390582839,84,-2.145496246489067,MAP_PMU,127,3.6144093772172425e-05
0,x_tcsc,1-14,-0.13440132344246988,85,-0.13433821545917096,MAP_PMU,127,6.31079832989212e-05
1,B_svc,2,0.27468845235046646,85,0.27506949632831795,MAP_PMU,127,0.0003810439778514918
2,UPFC_Vsh,5-15,1.1046426587420874,85,1.1067658160001017,MAP_PMU,127,0.0021231572580142632
3,UPFC_tsh,5-15,-0.22949782846828987,85,-0.22954725017367336,MAP_PMU,127,4.942170538349555e-05
4,UPFC_Vse,5-15,0.059845094189412654,85,0.06084087486785218,MAP_PMU,127,0.0009957806784395284
5,UPFC_tse,5-15,-2.137393138308026,85,-2.145496246489067,MAP_PMU,127,0.008103108181041208
0,x_tcsc,1-14,-0.13446605404634057,86,-0.13433821545917096,MAP_PMU,127,0.00012783858716960972
1,B_svc,2,0.27529174622404023,86,0.27506949632831795,MAP_PMU,127,0.00022224989572228182
2,UPFC_Vsh,5-15,1.1045017344475754,86,1.1067658160001017,MAP_PMU,127,0.0022640815525263314
3,UPFC_tsh,5-15,-0.22957698962071155,86,-0.22954725017367336,MAP_PMU,127,2.9739447038185096e-05
4,UPFC_Vse,5-15,0.06073721221915304,86,0.06084087486785218,MAP_PMU,127,0.00010366264869914044
5,UPFC_tse,5-15,-2.152648052351823,86,-2.145496246489067,MAP_PMU,127,0.007151805862755989
0,x_tcsc,1-14,-0.1344979186389192,87,-0.13433821545917096,MAP_PMU,127,0.00015970317974822734
1,B_svc,2,0.27479775659446354,87,0.27506949632831795,MAP_PMU,127,0.00027173973385441474
2,UPFC_Vsh,5-15,1.1047138413261326,87,1.1067658160001017,MAP_PMU,127,0.0020519746739691147
3,UPFC_tsh,5-15,-0.22956257428587915,87,-0.22954725017367336,MAP_PMU,127,1.5324112205783447e-05
4,UPFC_Vse,5-15,0.06023652543571698,87,0.06084087486785218,MAP_PMU,127,0.0006043494321351997
5,UPFC_tse,5-15,-2.138871024078424,87,-2.145496246489067,MAP_PMU,127,0.006625222410642895
0,x_tcsc,1-14,-0.13451370496816806,88,-0.13433821545917096,MAP_PMU,127,0.00017548950899709537
1,B_svc,2,0.2750643229469075,88,0.27506949632831795,MAP_PMU,127,5.173381410428224e-06
2,UPFC_Vsh,5-15,1.1040680140206398,88,1.1067658160001017,MAP_PMU,127,0.0026978019794619
3,UPFC_tsh,5-15,-0.22957068802438152,88,-0.22954725017367336,MAP_PMU,127,2.3437850708157848e-05
4,UPFC_Vse,5-15,0.06007289861065209,88,0.06084087486785218,MAP_PMU,127,0.0007679762572000912
5,UPFC_tse,5-15,-2.1510268338305574,88,-2.145496246489067,MAP_PMU,127,0.005530587341490367
0,x_tcsc,1-14,-0.13444585030816877,89,-0.13433821545917096,MAP_PMU,127,0.00010763484899781184
1,B_svc,2,0.2752806703907487,89,0.27506949632831795,MAP_PMU,127,0.00021117406243076342
2,UPFC_Vsh,5-15,1.1045268669630948,89,1.1067658160001017,MAP_PMU,127,0.002238949037006943
3,UPFC_tsh,5-15,-0.22951899383323593,89,-0.22954725017367336,MAP_PMU,127,2.8256340437432526e-05
4,UPFC_Vse,5-15,0.060238475282818345,89,0.06084087486785218,MAP_PMU,127,0.0006023995850338373
5,UPFC_tse,5-15,-2.147614552348988,89,-2.145496246489067,MAP_PMU,127,0.0021183058599207882
0,x_tcsc,1-14,-0.13450861138773168,90,-0.13433821545917096,MAP_PMU,127,0.00017039592856071817
1,B_svc,2,0.27519265403597615,90,0.27506949632831795,MAP_PMU,127,0.00012315770765819467
2,UPFC_Vsh,5-15,1.1043858437954688,90,1.1067658160001017,MAP_PMU,127,0.0023799722046329297
3,UPFC_tsh,5-15,-0.22957989706294185,90,-0.22954725017367336,MAP_PMU,127,3.2646889268489465e-05
4,UPFC_Vse,5-15,0.06042310337674626,90,0.06084087486785218,MAP_PMU,127,0.0004177714911059241
5,UPFC_tse,5-15,-2.1457295972463064,90,-2.145496246489067,MAP_PMU,127,0.00023335075723940335
0,x_tcsc,1-14,-0.13449380843999603,91,-0.13433821545917096,MAP_PMU,127,0.00015559298082507
1,B_svc,2,0.27494299493313534,91,0.27506949632831795,MAP_PMU,127,0.00012650139518260994
2,UPFC_Vsh,5-15,1.1046396716633047,91,1.1067658160001017,MAP_PMU,127,0.002126144336797031
3,UPFC_tsh,5-15,-0.22947044161051092,91,-0.22954725017367336,MAP_PMU,127,7.680856316244489e-05
4,UPFC_Vse,5-15,0.05975701695071844,91,0.06084087486785218,MAP_PMU,127,0.0010838579171337445
5,UPFC_tse,5-15,-2.1423890068517073,91,-2.145496246489067,MAP_PMU,127,0.0031072396373597044
0,x_tcsc,1-14,-0.13454739852998732,92,-0.13433821545917096,MAP_PMU,127,0.00020918307081635445
1,B_svc,2,0.2745471535905035,92,0.27506949632831795,MAP_PMU,127,0.0005223427378144296
2,UPFC_Vsh,5-15,1.104253101669359,92,1.1067658160001017,MAP_PMU,127,0.002512714330742627
3,UPFC_tsh,5-15,-0.2295525649321625,92,-0.22954725017367336,MAP_PMU,127,5.314758489138871e-06
4,UPFC_Vse,5-15,0.05988958286301324,92,0.06084087486785218,MAP_PMU,127,0.0009512920048389412
5,UPFC_tse,5-15,-2.1458523557579197,92,-2.145496246489067,MAP_PMU,127,0.0003561092688526557
0,x_tcsc,1-14,-0.13443248997187687,93,-0.13433821545917096,MAP_PMU,127,9.427451270591081e-05
1,B_svc,2,0.2754237655221423,93,0.27506949632831795,MAP_PMU,127,0.0003542691938243636
2,UPFC_Vsh,5-15,1.1043313096450815,93,1.1067658160001017,MAP_PMU,127,0.002434506355020183
3,UPFC_tsh,5-15,-0.22957636895330186,93,-0.22954725017367336,MAP_PMU,127,2.9118779628495295e-05
4,UPFC_Vse,5-15,0.060169728512059116,93,0.06084087486785218,MAP_PMU,127,0.0006711463557930661
5,UPFC_tse,5-15,-2.153036281512904,93,-2.145496246489067,MAP_PMU,127,0.007540035023836822
0,x_tcsc,1-14,-0.1345029245046145,94,-0.13433821545917096,MAP_PMU,127,0.0001647090454435507
1,B_svc,2,0.2755864551183903,94,0.27506949632831795,MAP_PMU,127,0.0005169587900723527
2,UPFC_Vsh,5-15,1.1044880140607036,94,1.1067658160001017,MAP_PMU,127,0.002277801939398083
3,UPFC_tsh,5-15,-0.22960998127652438,94,-0.22954725017367336,MAP_PMU,127,6.27311028510158e-05
4,UPFC_Vse,5-15,0.05987245528261334,94,0.06084087486785218,MAP_PMU,127,0.0009684195852388416
5,UPFC_tse,5-15,-2.1455599738638806,94,-2.145496246489067,MAP_PMU,127,6.3727374813638e-05
0,x_tcsc,1-14,-0.1344854587847699,95,-0.13433821545917096,MAP_PMU,127,0.00014724332559892805
1,B_svc,2,0.2754445479889372,95,0.27506949632831795,MAP_PMU,127,0.0003750516606192411
2,UPFC_Vsh,5-15,1.1043810339677047,95,1.1067658160001017,MAP_PMU,127,0.0023847820323970037
3,UPFC_tsh,5-15,-0.22953062138675465,95,-0.22954725017367336,MAP_PMU,127,1.6628786918715388e-05
4,UPFC_Vse,5-15,0.05998618069587053,95,0.06084087486785218,MAP_PMU,127,0.0008546941719816542
5,UPFC_tse,5-15,-2.142870126992424,95,-2.145496246489067,MAP_PMU,127,0.0026261194966430423
0,x_tcsc,1-14,-0.13446635542417662,96,-0.13433821545917096,MAP_PMU,127,0.00012813996500565805
1,B_svc,2,0.27465161502094954,96,0.27506949632831795,MAP_PMU,127,0.00041788130736841733
2,UPFC_Vsh,5-15,1.1045525655216517,96,1.1067658160001017,MAP_PMU,127,0.0022132504784500018
3,UPFC_tsh,5-15,-0.22957116679806472,96,-0.22954725017367336,MAP_PMU,127,2.391662439135689e-05
4,UPFC_Vse,5-15,0.0600959081839946,96,0.06084087486785218,MAP_PMU,127,0.0007449666838575814
5,UPFC_tse,5-15,-2.147288257846329,96,-2.145496246489067,MAP_PMU,127,0.0017920113572618135
0,x_tcsc,1-14,-0.13457814169249116,97,-0.13433821545917096,MAP_PMU,127,0.0002399262333201979
1,B_svc,2,0.27463201604892856,97,0.27506949632831795,MAP_PMU,127,0.0004374802793893906
2,UPFC_Vsh,5-15,1.1042677129122747,97,1.1067658160001017,MAP_PMU,127,0.0024981030878270527
3,UPFC_tsh,5-15,-0.22955853926565273,97,-0.22954725017367336,MAP_PMU,127,1.1289091979366228e-05
4,UPFC_Vse,5-15,0.06025342909339282,97,0.06084087486785218,MAP_PMU,127,0.0005874457744593636
5,UPFC_tse,5-15,-2.145427071198122,97,-2.145496246489067,MAP_PMU,127,6.917529094518926e-05
0,x_tcsc,1-14,-0.13446285951579504,98,-0.13433821545917096,MAP_PMU,127,0.00012464405662407363
1,B_svc,2,0.2749742604045426,98,0.27506949632831795,MAP_PMU,127,9.523592377536083e-05
2,UPFC_Vsh,5-15,1.1041066228109941,98,1.1067658160001017,MAP_PMU,127,0.002659193189107567
3,UPFC_tsh,5-15,-0.2296500236150972,98,-0.22954725017367336,MAP_PMU,127,0.00010277344142384237
4,UPFC_Vse,5-15,0.06074308864258424,98,0.06084087486785218,MAP_PMU,127,9.778622526793873e-05
5,UPFC_tse,5-15,-2.1590584955109877,98,-2.145496246489067,MAP_PMU,127,0.013562249021920714
0,x_tcsc,1-14,-0.1345121623136831,99,-0.13433821545917096,MAP_PMU,127,0.00017394685451213587
1,B_svc,2,0.2747207818895011,99,0.27506949632831795,MAP_PMU,127,0.00034871443881684394
2,UPFC_Vsh,5-15,1.1042318416807702,99,1.1067658160001017,MAP_PMU,127,0.0025339743193315556
3,UPFC_tsh,5-15,-0.22956500508031094,99,-0.22954725017367336,MAP_PMU,127,1.7754906637579282e-05
4,UPFC_Vse,5-15,0.05999303752873572,99,0.06084087486785218,MAP_PMU,127,0.0008478373391164612
5,UPFC_tse,5-15,-2.1465884977313943,99,-2.145496246489067,MAP_PMU,127,0.001092251242327258
0,x_tcsc,1-14,-0.1334901133348948,0,-0.1332490083638837,MAP_PMU,129,0.00024110497101109685
1,B_svc,2,0.27035643884719496,0,0.2703561630907361,MAP_PMU,129,2.757564588340422e-07
2,UPFC_Vsh,5-15,1.104587939551025,0,1.1069990654632953,MAP_PMU,129,0.002411125912270329
3,UPFC_tsh,5-15,-0.23063357794196726,0,-0.23061415387708553,MAP_PMU,129,1.9424064881728986e-05
4,UPFC_Vse,5-15,0.06026750949385939,0,0.06069057235679877,MAP_PMU,129,0.0004230628629393815
5,UPFC_tse,5-15,-2.14541665409109,0,-2.148825704264385,MAP_PMU,129,0.0034090501732948475
0,x_tcsc,1-14,-0.1335396820883862,1,-0.1332490083638837,MAP_PMU,129,0.00029067372450250484
1,B_svc,2,0.2702491722331441,1,0.2703561630907361,MAP_PMU,129,0.00010699085759202642
2,UPFC_Vsh,5-15,1.1044178514618213,1,1.1069990654632953,MAP_PMU,129,0.0025812140014740415
3,UPFC_tsh,5-15,-0.23057656536713933,1,-0.23061415387708553,MAP_PMU,129,3.758850994620144e-05
4,UPFC_Vse,5-15,0.05965016922025827,1,0.06069057235679877,MAP_PMU,129,0.0010404031365404964
5,UPFC_tse,5-15,-2.1545013965222406,1,-2.148825704264385,MAP_PMU,129,0.00567569225785558
0,x_tcsc,1-14,-0.13348584794463234,2,-0.1332490083638837,MAP_PMU,129,0.00023683958074863232
1,B_svc,2,0.2707194630407788,2,0.2703561630907361,MAP_PMU,129,0.0003632999500426948
2,UPFC_Vsh,5-15,1.1045572657653169,2,1.1069990654632953,MAP_PMU,129,0.0024417996979784196
3,UPFC_tsh,5-15,-0.2306761087621267,2,-0.23061415387708553,MAP_PMU,129,6.195488504118218e-05
4,UPFC_Vse,5-15,0.06043294253659302,2,0.06069057235679877,MAP_PMU,129,0.0002576298202057459
5,UPFC_tse,5-15,-2.1541907727766443,2,-2.148825704264385,MAP_PMU,129,0.005365068512259263
0,x_tcsc,1-14,-0.13340961348841351,3,-0.1332490083638837,MAP_PMU,129,0.00016060512452981124
1,B_svc,2,0.2703428729477638,3,0.2703561630907361,MAP_PMU,129,1.3290142972299801e-05
2,UPFC_Vsh,5-15,1.1042571183357932,3,1.1069990654632953,MAP_PMU,129,0.002741947127502087
3,UPFC_tsh,5-15,-0.23071148307890085,3,-0.23061415387708553,MAP_PMU,129,9.732920181532156e-05
4,UPFC_Vse,5-15,0.06060826893872281,3,0.06069057235679877,MAP_PMU,129,8.230341807596159e-05
5,UPFC_tse,5-15,-2.1596458326818406,3,-2.148825704264385,MAP_PMU,129,0.01082012841745561
0,x_tcsc,1-14,-0.1335547290732971,4,-0.1332490083638837,MAP_PMU,129,0.00030572070941339846
1,B_svc,2,0.2702385034023476,4,0.2703561630907361,MAP_PMU,129,0.00011765968838850505
2,UPFC_Vsh,5-15,1.1040995860961733,4,1.1069990654632953,MAP_PMU,129,0.002899479367121982
3,UPFC_tsh,5-15,-0.23070455323620853,4,-0.23061415387708553,MAP_PMU,129,9.039935912300012e-05
4,UPFC_Vse,5-15,0.06032677498358688,4,0.06069057235679877,MAP_PMU,129,0.000363797373211891
5,UPFC_tse,5-15,-2.1530902543904396,4,-2.148825704264385,MAP_PMU,129,0.004264550126054534
0,x_tcsc,1-14,-0.1334301668062589,5,-0.1332490083638837,MAP_PMU,129,0.00018115844237520662
1,B_svc,2,0.2704959129438321,5,0.2703561630907361,MAP_PMU,129,0.00013974985309594956
2,UPFC_Vsh,5-15,1.1043043132495143,5,1.1069990654632953,MAP_PMU,129,0.0026947522137810154
3,UPFC_tsh,5-15,-0.23059654546723557,5,-0.23061415387708553,MAP_PMU,129,1.7608409849961815e-05
4,UPFC_Vse,5-15,0.060381880182434546,5,0.06069057235679877,MAP_PMU,129,0.00030869217436422375
5,UPFC_tse,5-15,-2.1410690486582666,5,-2.148825704264385,MAP_PMU,129,0.007756655606118379
0,x_tcsc,1-14,-0.13353431232828314,6,-0.1332490083638837,MAP_PMU,129,0.00028530396439943595
1,B_svc,2,0.27060773778241454,6,0.2703561630907361,MAP_PMU,129,0.0002515746916784134
2,UPFC_Vsh,5-15,1.1044667997349822,6,1.1069990654632953,MAP_PMU,129,0.00253226572831311
3,UPFC_tsh,5-15,-0.23063779918920066,6,-0.23061415387708553,MAP_PMU,129,2.3645312115128103e-05
4,UPFC_Vse,5-15,0.06033124862873448,6,0.06069057235679877,MAP_PMU,129,0.0003593237280642911
5,UPFC_tse,5-15,-2.1512661769377828,6,-2.148825704264385,MAP_PMU,129,0.0024404726733977533
0,x_tcsc,1-14,-0.1334258186797197,7,-0.1332490083638837,MAP_PMU,129,0.0001768103158359957
1,B_svc,2,0.2704538451599162,7,0.2703561630907361,MAP_PMU,129,9.768206918009392e-05
2,UPFC_Vsh,5-15,1.1041568769916552,7,1.1069990654632953,MAP_PMU,129,0.0028421884716400836
3,UPFC_tsh,5-15,-0.2307175999141766,7,-0.23061415387708553,MAP_PMU,129,0.00010344603709105948
4,UPFC_Vse,5-15,0.06036284599255845,7,0.06069057235679877,MAP_PMU,129,0.00032772636424031887
5,UPFC_tse,5-15,-2.1586419790749103,7,-2.148825704264385,MAP_PMU,129,0.009816274810525272
0,x_tcsc,1-14,-0.1334466991064734,8,-0.1332490083638837,MAP_PMU,129,0.00019769074258968455
1,B_svc,2,0.27045744837848296,8,0.2703561630907361,MAP_PMU,129,0.00010128528774683287
2,UPFC_Vsh,5-15,1.1043372224657504,8,1.1069990654632953,MAP_PMU,129,0.0026618429975449054
3,UPFC_tsh,5-15,-0.23064081178385845,8,-0.23061415387708553,MAP_PMU,129,2.6657906772920015e-05
4,UPFC_Vse,5-15,0.06022240312293163,8,0.06069057235679877,MAP_PMU,129,0.0004681692338671384
5,UPFC_tse,5-15,-2.1433779238546484,8,-2.148825704264385,MAP_PMU,129,0.005447780409736591
0,x_tcsc,1-14,-0.1334536023366834,9,-0.1332490083638837,MAP_PMU,129,0.00020459397279970482
1,B_svc,2,0.27023691318207127,9,0.2703561630907361,MAP_PMU,129,0.00011924990866485352
2,UPFC_Vsh,5-15,1.1043452513602219,9,1.1069990654632953,MAP_PMU,129,0.0026538141030734153
3,UPFC_tsh,5-15,-0.23062389710008585,9,-0.23061415387708553,MAP_PMU,129,9.743223000319157e-06
4,UPFC_Vse,5-15,0.06024975126861627,9,0.06069057235679877,MAP_PMU,129,0.000440821088182497
5,UPFC_tse,5-15,-2.1516780210419926,9,-2.148825704264385,MAP_PMU,129,0.0028523167776075553
0,x_tcsc,1-14,-0.13356509327994467,10,-0.1332490083638837,MAP_PMU,129,0.00031608491606097133
1,B_svc,2,0.27100074552967623,10,0.2703561630907361,MAP_PMU,129,0.0006445824389401111
2,UPFC_Vsh,5-15,1.1043457520469164,10,1.1069990654632953,MAP_PMU,129,0.0026533134163788663
3,UPFC_tsh,5-15,-0.23062797475505584,10,-0.23061415387708553,MAP_PMU,129,1.382087797030529e-05
4,UPFC_Vse,5-15,0.060399731283125015,10,0.06069057235679877,MAP_PMU,129,0.0002908410736737546
5,UPFC_tse,5-15,-2.152771742783968,10,-2.148825704264385,MAP_PMU,129,0.003946038519583084
0,x_tcsc,1-14,-0.1335406254595782,11,-0.1332490083638837,MAP_PMU,129,0.0002916170956945019
1,B_svc,2,0.2704105001036558,11,0.2703561630907361,MAP_PMU,129,5.433701291968074e-05
2,UPFC_Vsh,5-15,1.104218213961412,11,1.1069990654632953,MAP_PMU,129,0.0027808515018832303
3,UPFC_tsh,5-15,-0.23063356173577224,11,-0.23061415387708553,MAP_PMU,129,1.9407858686704138e-05
4,UPFC_Vse,5-15,0.06039437034588403,11,0.06069057235679877,MAP_PMU,129,0.00029620201091473675
5,UPFC_tse,5-15,-2.149859400370417,11,-2.148825704264385,MAP_PMU,129,0.0010336961060319894
0,x_tcsc,1-14,-0.13350796327699804,12,-0.1332490083638837,MAP_PMU,129,0.0002589549131143398
1,B_svc,2,0.27103702409022373,12,0.2703561630907361,MAP_PMU,129,0.0006808609994876091
2,UPFC_Vsh,5-15,1.104364581182375,12,1.1069990654632953,MAP_PMU,129,0.0026344842809202795
3,UPFC_tsh,5-15,-0.23067677180848134,12,-0.23061415387708553,MAP_PMU,129,6.261793139580862e-05
4,UPFC_Vse,5-15,0.05963897411748492,12,0.06069057235679877,MAP_PMU,129,0.0010515982393138473
5,UPFC_tse,5-15,-2.156075310721537,12,-2.148825704264385,MAP_PMU,129,0.0072496064571518914
0,x_tcsc,1-14,-0.13344019780840674,13,-0.1332490083638837,MAP_PMU,129,0.00019118944452303777
1,B_svc,2,0.27110980665026485,13,0.2703561630907361,MAP_PMU,129,0.0007536435595287272
2,UPFC_Vsh,5-15,1.1045240777488505,13,1.1069990654632953,MAP_PMU,129,0.002474987714444765
3,UPFC_tsh,5-15,-0.23068889909119414,13,-0.23061415387708553,MAP_PMU,129,7.47452141086069e-05
4,UPFC_Vse,5-15,0.06024275021562437,13,0.06069057235679877,MAP_PMU,129,0.00044782214117439906
5,UPFC_tse,5-15,-2.1546425011149952,13,-2.148825704264385,MAP_PMU,129,0.005816796850610206
0,x_tcsc,1-14,-0.13345601335823423,14,-0.1332490083638837,MAP_PMU,129,0.00020700499435052921
1,B_svc,2,0.27048584395461284,14,0.2703561630907361,MAP_PMU,129,0.0001296808638767133
2,UPFC_Vsh,5-15,1.1041682691475363,14,1.1069990654632953,MAP_PMU,129,0.002830796315758999
3,UPFC_tsh,5-15,-0.2306753087892352,14,-0.23061415387708553,MAP_PMU,129,6.115491214966906e-05
4,UPFC_Vse,5-15,0.060239656421085634,14,0.06069057235679877,MAP_PMU,129,0.0004509159357131351
5,UPFC_tse,5-15,-2.1460921422911485,14,-2.148825704264385,MAP_PMU,129,0.002733561973236487
0,x_tcsc,1-14,-0.13354299697060362,15,-0.1332490083638837,MAP_PMU,129,0.00029398860671991933
1,B_svc,2,0.27034383582082117,15,0.2703561630907361,MAP_PMU,129,1.2327269914957917e-05
2,UPFC_Vsh,5-15,1.1045719948959063,15,1.1069990654632953,MAP_PMU,129,0.0024270705673890003
3,UPFC_tsh,5-15,-0.2305402887132446,15,-0.23061415387708553,MAP_PMU,129,7.386516384091935e-05
4,UPFC_Vse,5-15,0.06019820935862883,15,0.06069057235679877,MAP_PMU,129,0.0004923629981699387
5,UPFC_tse,5-15,-2.1423383944274237,15,-2.148825704264385,MAP_PMU,129,0.00648730983696133
0,x_tcsc,1-14,-0.13338982640178845,16,-0.1332490083638837,MAP_PMU,129,0.00014081803790474967
1,B_svc,2,0.2706664157011703,16,0.2703561630907361,MAP_PMU,129,0.0003102526104341585
2,UPFC_Vsh,5-15,1.1043851211746885,16,1.1069990654632953,MAP_PMU,129,0.00261394428860684
3,UPFC_tsh,5-15,-0.23062289068031772,16,-0.23061415387708553,MAP_PMU,129,8.736803232184398e-06
4,UPFC_Vse,5-15,0.05982094881908907,16,0.06069057235679877,MAP_PMU,129,0.0008696235377096961
5,UPFC_tse,5-15,-2.158733596457536,16,-2.148825704264385,MAP_PMU,129,0.009907892193151024
0,x_tcsc,1-14,-0.13355402623091678,17,-0.1332490083638837,MAP_PMU,129,0.000305017867033075
1,B_svc,2,0.27092372354461325,17,0.2703561630907361,MAP_PMU,129,0.0005675604538771251
2,UPFC_Vsh,5-15,1.1044061072193436,17,1.1069990654632953,MAP_PMU,129,0.0025929582439516707
3,UPFC_tsh,5-15,-0.23065826424347238,17,-0.23061415387708553,MAP_PMU,129,4.4110366386851396e-05
4,UPFC_Vse,5-15,0.06008251785573514,17,0.06069057235679877,MAP_PMU,129,0.0006080545010636318
5,UPFC_tse,5-15,-2.145288861065011,17,-2.148825704264385,MAP_PMU,129,0.0035368431993738625
0,x_tcsc,1-14,-0.13348052084797224,18,-0.1332490083638837,MAP_PMU,129,0.0002315124840885363
1,B_svc,2,0.2708429889148601,18,0.2703561630907361,MAP_PMU,129,0.0004868258241239598
2,UPFC_Vsh,5-15,1.1044752422689,18,1.1069990654632953,MAP_PMU,129,0.0025238231943953693
3,UPFC_tsh,5-15,-0.23056739001455034,18,-0.23061415387708553,MAP_PMU,129,4.6763862535187384e-05
4,UPFC_Vse,5-15,0.06051928348190346,18,0.06069057235679877,MAP_PMU,129,0.00017128887489530759
5,UPFC_tse,5-15,-2.1327823343282337,18,-2.148825704264385,MAP_PMU,129,0.016043369936151297
0,x_tcsc,1-14,-0.13351725288567468,19,-0.1332490083638837,MAP_PMU,129,0.00026824452179097236
1,B_svc,2,0.2704813953053193,19,0.2703561630907361,MAP_PMU,129,0.0001252322145831597
2,UPFC_Vsh,5-15,1.104758195948318,19,1.1069990654632953,MAP_PMU,129,0.0022408695149773727
3,UPFC_tsh,5-15,-0.23061824434365621,19,-0.23061415387708553,MAP_PMU,129,4.090466570683127e-06
4,UPFC_Vse,5-15,0.0603384255258298,19,0.06069057235679877,MAP_PMU,129,0.0003521468309689718
5,UPFC_tse,5-15,-2.1494902497546344,19,-2.148825704264385,MAP_PMU,129,0.000664545490249413
0,x_tcsc,1-14,-0.1335130763187352,20,-0.1332490083638837,MAP_PMU,129,0.00026406795485151013
1,B_svc,2,0.2710224927588523,20,0.2703561630907361,MAP_PMU,129,0.0006663296681161945
2,UPFC_Vsh,5-15,1.103947603063846,20,1.1069990654632953,MAP_PMU,129,0.0030514623994493117
3,UPFC_tsh,5-15,-0.230705342292209,20,-0.23061415387708553,MAP_PMU,129,9.118841512345544e-05
4,UPFC_Vse,5-15,0.06052825748432827,20,0.06069057235679877,MAP_PMU,129,0.0001623148724705023
5,UPFC_tse,5-15,-2.1439638990059895,20,-2.148825704264385,MAP_PMU,129,0.004861805258395524
0,x_tcsc,1-14,-0.13342485907722806,21,-0.1332490083638837,MAP_PMU,129,0.00017585071334436098
1,B_svc,2,0.27042233940803234,21,0.2703561630907361,MAP_PMU,129,6.61763172962182e-05
2,UPFC_Vsh,5-15,1.1042628352359662,21,1.1069990654632953,MAP_PMU,129,0.0027362302273290506
3,UPFC_tsh,5-15,-0.23065345023924336,21,-0.23061415387708553,MAP_PMU,129,3.9296362157825726e-05
4,UPFC_Vse,5-15,0.06057168706190796,21,0.06069057235679877,MAP_PMU,129,0.00011888529489081229
5,UPFC_tse,5-15,-2.1575903959500247,21,-2.148825704264385,MAP_PMU,129,0.008764691685639647
0,x_tcsc,1-14,-0.13345531212225617,22,-0.1332490083638837,MAP_PMU,129,0.00020630375837246695
1,B_svc,2,0.27074370484556265,22,0.2703561630907361,MAP_PMU,129,0.00038754175482652586
2,UPFC_Vsh,5-15,1.1043884272632754,22,1.1069990654632953,MAP_PMU,129,0.0026106382000199435
3,UPFC_tsh,5-15,-0.23071069670753802,22,-0.23061415387708553,MAP_PMU,129,9.654283045248957e-05
4,UPFC_Vse,5-15,0.05995796019917293,22,0.06069057235679877,MAP_PMU,129,0.0007326121576258365
5,UPFC_tse,5-15,-2.150955762881123,22,-2.148825704264385,MAP_PMU,129,0.0021300586167378732
0,x_tcsc,1-14,-0.1335033665810565,23,-0.1332490083638837,MAP_PMU,129,0.00025435821717278984
1,B_svc,2,0.2705988195068316,23,0.2703561630907361,MAP_PMU,129,0.00024265641609549915
2,UPFC_Vsh,5-15,1.104229663573653,23,1.1069990654632953,MAP_PMU,129,0.0027694018896422534
3,UPFC_tsh,5-15,-0.23059645125949674,23,-0.23061415387708553,MAP_PMU,129,1.770261758879399e-05
4,UPFC_Vse,5-15,0.060074755405558906,23,0.06069057235679877,MAP_PMU,129,0.0006158169512398629
5,UPFC_tse,5-15,-2.144309935813303,23,-2.148825704264385,MAP_PMU,129,0.004515768451081925
0,x_tcsc,1-14,-0.1335008591658384,24,-0.1332490083638837,MAP_PMU,129,0.000251850801954695
1,B_svc,2,0.27079813389178975,24,0.2703561630907361,MAP_PMU,129,0.00044197080105362607
2,UPFC_Vsh,5-15,1.1044439660766843,24,1.1069990654632953,MAP_PMU,129,0.002555099386611026
3,UPFC_tsh,5-15,-0.23057946937544785,24,-0.23061415387708553,MAP_PMU,129,3.4684501637682885e-05
4,UPFC_Vse,5-15,0.06033792826725809,24,0.06069057235679877,MAP_PMU,129,0.0003526440895406796
5,UPFC_tse,5-15,-2.1520774033619423,24,-2.148825704264385,MAP_PMU,129,0.0032516990975572924
0,x_tcsc,1-14,-0.13343393495767805,25,-0.1332490083638837,MAP_PMU,129,0.00018492659379434895
1,B_svc,2,0.269873955137174,25,0.2703561630907361,MAP_PMU,129,0.0004822079535621304
2,UPFC_Vsh,5-15,1.1044901755369747,25,1.1069990654632953,MAP_PMU,129,0.00250888992632059
3,UPFC_tsh,5-15,-0.23053940281912247,25,-0.23061415387708553,MAP_PMU,129,7.47510579630628e-05
4,UPFC_Vse,5-15,0.0599514777358121,25,0.06069057235679877,MAP_PMU,129,0.0007390946209866675
5,UPFC_tse,5-15,-2.1467095011949433,25,-2.148825704264385,MAP_PMU,129,0.0021162030694417133
0,x_tcsc,1-14,-0.13351821523052884,26,-0.1332490083638837,MAP_PMU,129,0.0002692068666451386
1,B_svc,2,0.2704736245304157,26,0.2703561630907361,MAP_PMU,129,0.00011746143967955591
2,UPFC_Vsh,5-15,1.1044274712907978,26,1.1069990654632953,MAP_PMU,129,0.0025715941724975266
3,UPFC_tsh,5-15,-0.23069042568949785,26,-0.23061415387708553,MAP_PMU,129,7.627181241232073e-05
4,UPFC_Vse,5-15,0.06031432036988137,26,0.06069057235679877,MAP_PMU,129,0.0003762519869173961
5,UPFC_tse,5-15,-2.149131356446019,26,-2.148825704264385,MAP_PMU,129,0.00030565218163403074
0,x_tcsc,1-14,-0.13342887445975554,27,-0.1332490083638837,MAP_PMU,129,0.000179866095871839
1,B_svc,2,0.2706102966117654,27,0.2703561630907361,MAP_PMU,129,0.000254133521029265
2,UPFC_Vsh,5-15,1.1045303849973584,27,1.1069990654632953,MAP_PMU,129,0.0024686804659368455
3,UPFC_tsh,5-15,-0.23055648936053294,27,-0.23061415387708553,MAP_PMU,129,5.7664516552591305e-05
4,UPFC_Vse,5-15,0.05983546650320163,27,0.06069057235679877,MAP_PMU,129,0.0008551058535971393
5,UPFC_tse,5-15,-2.142085722031757,27,-2.148825704264385,MAP_PMU,129,0.006739982232628172
0,x_tcsc,1-14,-0.13343996376644832,28,-0.1332490083638837,MAP_PMU,129,0.00019095540256461319
1,B_svc,2,0.2705771139860951,28,0.2703561630907361,MAP_PMU,129,0.00022095089535895118
2,UPFC_Vsh,5-15,1.1042306719220762,28,1.1069990654632953,MAP_PMU,129,0.0027683935412190497
3,UPFC_tsh,5-15,-0.2306950583020705,28,-0.23061415387708553,MAP_PMU,129,8.090442498495665e-05
4,UPFC_Vse,5-15,0.060599322041497906,28,0.06069057235679877,MAP_PMU,129,9.125031530086286e-05
5,UPFC_tse,5-15,-2.1483985776589836,28,-2.148825704264385,MAP_PMU,129,0.0004271266054014511
0,x_tcsc,1-14,-0.1334704661814471,29,-0.1332490083638837,MAP_PMU,129,0.00022145781756338634
1,B_svc,2,0.2706652582898232,29,0.2703561630907361,MAP_PMU,129,0.0003090951990870616
2,UPFC_Vsh,5-15,1.1044543432062182,29,1.1069990654632953,MAP_PMU,129,0.0025447222570771366
3,UPFC_tsh,5-15,-0.23072782926450897,29,-0.23061415387708553,MAP_PMU,129,0.00011367538742343419
4,UPFC_Vse,5-15,0.06050849160969499,29,0.06069057235679877,MAP_PMU,129,0.0001820807471037758
5,UPFC_tse,5-15,-2.1556881267539043,29,-2.148825704264385,MAP_PMU,129,0.006862422489519293
0,x_tcsc,1-14,-0.133507696728057,30,-0.1332490083638837,MAP_PMU,129,0.00025868836417330954
1,B_svc,2,0.2706380970576707,30,0.2703561630907361,MAP_PMU,129,0.00028193396693459993
2,UPFC_Vsh,5-15,1.1044324942379604,30,1.1069990654632953,MAP_PMU,129,0.0025665712253348794
3,UPFC_tsh,5-15,-0.23063921682043614,30,-0.23061415387708553,MAP_PMU,129,2.506294335061221e-05
4,UPFC_Vse,5-15,0.060052022878815746,30,0.06069057235679877,MAP_PMU,129,0.0006385494779830234
5,UPFC_tse,5-15,-2.155153674378692,30,-2.148825704264385,MAP_PMU,129,0.006327970114306858
0,x_tcsc,1-14,-0.13351277733060773,31,-0.1332490083638837,MAP_PMU,129,0.0002637689667240317
1,B_svc,2,0.27038126247150424,31,0.2703561630907361,MAP_PMU,129,2.5099380768112134e-05
2,UPFC_Vsh,5-15,1.1044899862920154,31,1.1069990654632953,MAP_PMU,129,0.002509079171279849
3,UPFC_tsh,5-15,-0.23061112043189408,31,-0.23061415387708553,MAP_PMU,129,3.033445191452655e-06
4,UPFC_Vse,5-15,0.06052024488815381,31,0.06069057235679877,MAP_PMU,129,0.000170327468644961
5,UPFC_tse,5-15,-2.1492553719261505,31,-2.148825704264385,MAP_PMU,129,0.0004296676617654427
0,x_tcsc,1-14,-0.13342929167129225,32,-0.1332490083638837,MAP_PMU,129,0.00018028330740854637
1,B_svc,2,0.27034829194011145,32,0.2703561630907361,MAP_PMU,129,7.87115062467203e-06
2,UPFC_Vsh,5-15,1.104521679198186,32,1.1069990654632953,MAP_PMU,129,0.0024773862651092937
3,UPFC_tsh,5-15,-0.23058017890058896,32,-0.23061415387708553,MAP_PMU,129,3.397497649657022e-05
4,UPFC_Vse,5-15,0.06039205094178197,32,0.06069057235679877,MAP_PMU,129,0.0002985214150168017
5,UPFC_tse,5-15,-2.140566751107077,32,-2.148825704264385,MAP_PMU,129,0.008258953157307847
0,x_tcsc,1-14,-0.13350010137679844,33,-0.1332490083638837,MAP_PMU,129,0.00025109301291473263
1,B_svc,2,0.2704845813290746,33,0.2703561630907361,MAP_PMU,129,0.0001284182383384791
2,UPFC_Vsh,5-15,1.1043361513413095,33,1.1069990654632953,MAP_PMU,129,0.0026629141219858266
3,UPFC_tsh,5-15,-0.23057457656550134,33,-0.23061415387708553,MAP_PMU,129,3.957731158418798e-05
4,UPFC_Vse,5-15,0.059940559636963646,33,0.06069057235679877,MAP_PMU,129,0.0007500127198351234
5,UPFC_tse,5-15,-2.1490988817740315,33,-2.148825704264385,MAP_PMU,129,0.000273177509646505
0,x_tcsc,1-14,-0.13349707108076067,34,-0.1332490083638837,MAP_PMU,129,0.0002480627168769678
1,B_svc,2,0.27094077875009004,34,0.2703561630907361,MAP_PMU,129,0.0005846156593539154
2,UPFC_Vsh,5-15,1.104334375859532,34,1.1069990654632953,MAP_PMU,129,0.002664689603763204
3,UPFC_tsh,5-15,-0.2306322703780583,34,-0.23061415387708553,MAP_PMU,129,1.811650097277573e-05
4,UPFC_Vse,5-15,0.05995826599753661,34,0.06069057235679877,MAP_PMU,129,0.0007323063592621568
5,UPFC_tse,5-15,-2.150932392128048,34,-2.148825704264385,MAP_PMU,129,0.0021066878636628594
0,x_tcsc,1-14,-0.13339010683389285,35,-0.1332490083638837,MAP_PMU,129,0.00014109847000914888
1,B_svc,2,0.2703880618786321,35,0.2703561630907361,MAP_PMU,129,3.189878789600087e-05
2,UPFC_Vsh,5-15,1.1045821366233688,35,1.1069990654632953,MAP_PMU,129,0.002416928839926502
3,UPFC_tsh,5-15,-0.23065919944206878,35,-0.23061415387708553,MAP_PMU,129,4.504556498324819e-05
4,UPFC_Vse,5-15,0.060114306878488614,35,0.06069057235679877,MAP_PMU,129,0.0005762654783101548
5,UPFC_tse,5-15,-2.147652481119799,35,-2.148825704264385,MAP_PMU,129,0.0011732231445860108
0,x_tcsc,1-14,-0.13353182972188235,36,-0.1332490083638837,MAP_PMU,129,0.00028282135799864716
1,B_svc,2,0.270523804576116,36,0.2703561630907361,MAP_PMU,129,0.0001676414853798991
2,UPFC_Vsh,5-15,1.103928916480744,36,1.1069990654632953,MAP_PMU,129,0.003070148982551313
3,UPFC_tsh,5-15,-0.23074235177023222,36,-0.23061415387708553,MAP_PMU,129,0.00012819789314669205
4,UPFC_Vse,5-15,0.059927630841834,36,0.06069057235679877,MAP_PMU,129,0.0007629415149647684
5,UPFC_tse,5-15,-2.1522143932592015,36,-2.148825704264385,MAP_PMU,129,0.00338868899481648
0,x_tcsc,1-14,-0.13347889659666531,37,-0.1332490083638837,MAP_PMU,129,0.00022988823278161097
1,B_svc,2,0.2702830184624918,37,0.2703561630907361,MAP_PMU,129,7.314462824431489e-05
2,UPFC_Vsh,5-15,1.1046498783072778,37,1.1069990654632953,MAP_PMU,129,0.002349187156017507
3,UPFC_tsh,5-15,-0.23064288992466703,37,-0.23061415387708553,MAP_PMU,129,2.8736047581495727e-05
4,UPFC_Vse,5-15,0.060068376364141356,37,0.06069057235679877,MAP_PMU,129,0.0006221959926574136
5,UPFC_tse,5-15,-2.143640905960808,37,-2.148825704264385,MAP_PMU,129,0.005184798303576876
0,x_tcsc,1-14,-0.13347303847772415,38,-0.1332490083638837,MAP_PMU,129,0.00022403011384045102
1,B_svc,2,0.2705093647517868,38,0.2703561630907361,MAP_PMU,129,0.00015320166105065036
2,UPFC_Vsh,5-15,1.104290948397262,38,1.1069990654632953,MAP_PMU,129,0.0027081170660332443
3,UPFC_tsh,5-15,-0.23068643933044242,38,-0.23061415387708553,MAP_PMU,129,7.228545335688508e-05
4,UPFC_Vse,5-15,0.060378602783023594,38,0.06069057235679877,MAP_PMU,129,0.0003119695737751754
5,UPFC_tse,5-15,-2.151710046801165,38,-2.148825704264385,MAP_PMU,129,0.00288434253678016
0,x_tcsc,1-14,-0.13351191986264843,39,-0.1332490083638837,MAP_PMU,129,0.0002629114987647285
1,B_svc,2,0.269933763603029,39,0.2703561630907361,MAP_PMU,129,0.00042239948770711466
2,UPFC_Vsh,5-15,1.1046086885217536,39,1.1069990654632953,MAP_PMU,129,0.00239037694154165
3,UPFC_tsh,5-15,-0.23058336008033412,39,-0.23061415387708553,MAP_PMU,129,3.0793796751416025e-05
4,UPFC_Vse,5-15,0.06035384142768269,39,0.06069057235679877,MAP_PMU,129,0.0003367309291160761
5,UPFC_tse,5-15,-2.155540764262233,39,-2.148825704264385,MAP_PMU,129,0.006715059997847828
0,x_tcsc,1-14,-0.1334817401663564,40,-0.1332490083638837,MAP_PMU,129,0.00023273180247268543
1,B_svc,2,0.27031140330034625,40,0.2703561630907361,MAP_PMU,129,4.475979038986999e-05
2,UPFC_Vsh,5-15,1.1042715584930018,40,1.1069990654632953,MAP_PMU,129,0.0027275069702934474
3,UPFC_tsh,5-15,-0.23061371818632379,40,-0.23061415387708553,MAP_PMU,129,4.356907617464323e-07
4,UPFC_Vse,5-15,0.06059170687606588,40,0.06069057235679877,MAP_PMU,129,9.886548073288759e-05
5,UPFC_tse,5-15,-2.1456467034635214,40,-2.148825704264385,MAP_PMU,129,0.0031790008008636406
0,x_tcsc,1-14,-0.1334528588984648,41,-0.1332490083638837,MAP_PMU,129,0.00020385053458110702
1,B_svc,2,0.27046801669826004,41,0.2703561630907361,MAP_PMU,129,0.00011185360752391516
2,UPFC_Vsh,5-15,1.1044817842891654,41,1.1069990654632953,MAP_PMU,129,0.0025172811741298595
3,UPFC_tsh,5-15,-0.23055831297347834,41,-0.23061415387708553,MAP_PMU,129,5.584090360719052e-05
4,UPFC_Vse,5-15,0.05973592824765109,41,0.06069057235679877,MAP_PMU,129,0.0009546441091476815
5,UPFC_tse,5-15,-2.139053288312709,41,-2.148825704264385,MAP_PMU,129,0.009772415951676106
0,x_tcsc,1-14,-0.1335480148957999,42,-0.1332490083638837,MAP_PMU,129,0.0002990065319161961
1,B_svc,2,0.2707415746600611,42,0.2703561630907361,MAP_PMU,129,0.0003854115693249782
2,UPFC_Vsh,5-15,1.1041958581516964,42,1.1069990654632953,MAP_PMU,129,0.0028032073115988876
3,UPFC_tsh,5-15,-0.2306655549393874,42,-0.23061415387708553,MAP_PMU,129,5.1401062301864586e-05
4,UPFC_Vse,5-15,0.06053684239386059,42,0.06069057235679877,MAP_PMU,129,0.00015372996293817887
5,UPFC_tse,5-15,-2.160290893102225,42,-2.148825704264385,MAP_PMU,129,0.011465188837839868
0,x_tcsc,1-14,-0.1334821185310469,43,-0.1332490083638837,MAP_PMU,129,0.00023311016716320854
1,B_svc,2,0.27075632684123774,43,0.2703561630907361,MAP_PMU,129,0.00040016375050161423
2,UPFC_Vsh,5-15,1.104689469980085,43,1.1069990654632953,MAP_PMU,129,0.0023095954832101917
3,UPFC_tsh,5-15,-0.23054066049674818,43,-0.23061415387708553,MAP_PMU,129,7.349338033735275e-05
4,UPFC_Vse,5-15,0.05957829839522006,43,0.06069057235679877,MAP_PMU,129,0.0011122739615787094
5,UPFC_tse,5-15,-2.1403756525938546,43,-2.148825704264385,MAP_PMU,129,0.008450051670530367
0,x_tcsc,1-14,-0.13352490067214454,44,-0.1332490083638837,MAP_PMU,129,0.00027589230826083333
1,B_svc,2,0.2705479635492729,44,0.2703561630907361,MAP_PMU,129,0.00019180045853678385
2,UPFC_Vsh,5-15,1.1043029071901107,44,1.1069990654632953,MAP_PMU,129,0.00269615827318459
3,UPFC_tsh,5-15,-0.23062215928302024,44,-0.23061415387708553,MAP_PMU,129,8.005405934707888e-06
4,UPFC_Vse,5-15,0.060003163938631664,44,0.06069057235679877,MAP_PMU,129,0.0006874084181671056
5,UPFC_tse,5-15,-2.138558246904529,44,-2.148825704264385,MAP_PMU,129,0.010267457359856014
0,x_tcsc,1-14,-0.13356572999341287,45,-0.1332490083638837,MAP_PMU,129,0.0003167216295291708
1,B_svc,2,0.27033789003387426,45,0.2703561630907361,MAP_PMU,129,1.8273056861861647e-05
2,UPFC_Vsh,5-15,1.10429256227993,45,1.1069990654632953,MAP_PMU,129,0.002706503183365294
3,UPFC_tsh,5-15,-0.23063289032357914,45,-0.23061415387708553,MAP_PMU,129,1.873644649361128e-05
4,UPFC_Vse,5-15,0.05998825857223638,45,0.06069057235679877,MAP_PMU,129,0.0007023137845623903
5,UPFC_tse,5-15,-2.1545511699439053,45,-2.148825704264385,MAP_PMU,129,0.0057254656795202585
0,x_tcsc,1-14,-0.13348621395421678,46,-0.1332490083638837,MAP_PMU,129,0.0002372055903330783
1,B_svc,2,0.2703862789488447,46,0.2703561630907361,MAP_PMU,129,3.0115858108581417e-05
2,UPFC_Vsh,5-15,1.1041761727342907,46,1.1069990654632953,MAP_PMU,129,0.0028228927290046
3,UPFC_tsh,5-15,-0.2306899405940939,46,-0.23061415387708553,MAP_PMU,129,7.57867170083637e-05
4,UPFC_Vse,5-15,0.060599363541447446,46,0.06069057235679877,MAP_PMU,129,9.120881535132352e-05
5,UPFC_tse,5-15,-2.148365927395384,46,-2.148825704264385,MAP_PMU,129,0.0004597768690008941
0,x_tcsc,1-14,-0.13346953061346817,47,-0.1332490083638837,MAP_PMU,129,0.00022052224958446498
1,B_svc,2,0.27057889354208514,47,0.2703561630907361,MAP_PMU,129,0.00022273045134901803
2,UPFC_Vsh,5-15,1.1045109907766353,47,1.1069990654632953,MAP_PMU,129,0.0024880746866600134
3,UPFC_tsh,5-15,-0.23054626124558086,47,-0.23061415387708553,MAP_PMU,129,6.789263150466796e-05
4,UPFC_Vse,5-15,0.05960928684965949,47,0.06069057235679877,MAP_PMU,129,0.0010812855071392763
5,UPFC_tse,5-15,-2.149451799361475,47,-2.148825704264385,MAP_PMU,129,0.0006260950970897738
0,x_tcsc,1-14,-0.1334763079426223,48,-0.1332490083638837,MAP_PMU,129,0.00022729957873859896
1,B_svc,2,0.27070851942361457,48,0.2703561630907361,MAP_PMU,129,0.00035235633287844514
2,UPFC_Vsh,5-15,1.1044820681148726,48,1.1069990654632953,MAP_PMU,129,0.0025169973484227004
3,UPFC_tsh,5-15,-0.23063100452379523,48,-0.23061415387708553,MAP_PMU,129,1.685064670969849e-05
4,UPFC_Vse,5-15,0.06040847862425319,48,0.06069057235679877,MAP_PMU,129,0.0002820937325455769
5,UPFC_tse,5-15,-2.157832496631386,48,-2.148825704264385,MAP_PMU,129,0.009006792367001193
0,x_tcsc,1-14,-0.13339126008624247,49,-0.1332490083638837,MAP_PMU,129,0.00014225172235876604
1,B_svc,2,0.2701364553597476,49,0.2703561630907361,MAP_PMU,129,0.00021970773098850538
2,UPFC_Vsh,5-15,1.1041460892844932,49,1.1069990654632953,MAP_PMU,129,0.0028529761788020913
3,UPFC_tsh,5-15,-0.23066319281047656,49,-0.23061415387708553,MAP_PMU,129,4.903893339103238e-05
4,UPFC_Vse,5-15,0.06048676657055943,49,0.06069057235679877,MAP_PMU,129,0.00020380578623933887
5,UPFC_tse,5-15,-2.1528647558433622,49,-2.148825704264385,MAP_PMU,129,0.004039051578977215
0,x_tcsc,1-14,-0.13344904766298493,50,-0.1332490083638837,MAP_PMU,129,0.00020003929910122897
1,B_svc,2,0.2707208714086182,50,0.2703561630907361,MAP_PMU,129,0.0003647083178821009
2,UPFC_Vsh,5-15,1.1044785830294748,50,1.1069990654632953,MAP_PMU,129,0.0025204824338205256
3,UPFC_tsh,5-15,-0.2306750292289914,50,-0.23061415387708553,MAP_PMU,129,6.0875351905881336e-05
4,UPFC_Vse,5-15,0.06034154236272362,50,0.06069057235679877,MAP_PMU,129,0.0003490299940751493
5,UPFC_tse,5-15,-2.157609688737856,50,-2.148825704264385,MAP_PMU,129,0.008783984473470952
0,x_tcsc,1-14,-0.13347482875113773,51,-0.1332490083638837,MAP_PMU,129,0.0002258203872540221
1,B_svc,2,0.2706322497444774,51,0.2703561630907361,MAP_PMU,129,0.00027608665374129204
2,UPFC_Vsh,5-15,1.1043292940509475,51,1.1069990654632953,MAP_PMU,129,0.00266977141234781
3,UPFC_tsh,5-15,-0.23062556723812422,51,-0.23061415387708553,MAP_PMU,129,1.1413361038686842e-05
4,UPFC_Vse,5-15,0.06039049909295999,51,0.06069057235679877,MAP_PMU,129,0.0003000732638387821
5,UPFC_tse,5-15,-2.1432319163725526,51,-2.148825704264385,MAP_PMU,129,0.0055937878918324024
0,x_tcsc,1-14,-0.13345585598626272,52,-0.1332490083638837,MAP_PMU,129,0.00020684762237901944
1,B_svc,2,0.2710063771812935,52,0.2703561630907361,MAP_PMU,129,0.0006502140905573772
2,UPFC_Vsh,5-15,1.1043307282365795,52,1.1069990654632953,MAP_PMU,129,0.002668337226715778
3,UPFC_tsh,5-15,-0.230625385485605,52,-0.23061415387708553,MAP_PMU,129,1.1231608519457481e-05
4,UPFC_Vse,5-15,0.06018235247077308,52,0.06069057235679877,MAP_PMU,129,0.0005082198860256876
5,UPFC_tse,5-15,-2.15589928022625,52,-2.148825704264385,MAP_PMU,129,0.007073575961864975
0,x_tcsc,1-14,-0.13340137738884944,53,-0.1332490083638837,MAP_PMU,129,0.00015236902496573723
1,B_svc,2,0.27072851347939425,53,0.2703561630907361,MAP_PMU,129,0.000372350388658127
2,UPFC_Vsh,5-15,1.1043757233853047,53,1.1069990654632953,MAP_PMU,129,0.0026233420779906425
3,UPFC_tsh,5-15,-0.23064350164885836,53,-0.23061415387708553,MAP_PMU,129,2.9347771772825215e-05
4,UPFC_Vse,5-15,0.06034694168339732,53,0.06069057235679877,MAP_PMU,129,0.0003436306734014502
5,UPFC_tse,5-15,-2.152482893812348,53,-2.148825704264385,MAP_PMU,129,0.0036571895479631245
0,x_tcsc,1-14,-0.13344474175915505,54,-0.1332490083638837,MAP_PMU,129,0.00019573339527134692
1,B_svc,2,0.27070932137341885,54,0.2703561630907361,MAP_PMU,129,0.00035315828268273064
2,UPFC_Vsh,5-15,1.1045579676001427,54,1.1069990654632953,MAP_PMU,129,0.002441097863152608
3,UPFC_tsh,5-15,-0.23068764151138238,54,-0.23061415387708553,MAP_PMU,129,7.348763429684824e-05
4,UPFC_Vse,5-15,0.06052592081207868,54,0.06069057235679877,MAP_PMU,129,0.00016465154472009025
5,UPFC_tse,5-15,-2.1481951434489295,54,-2.148825704264385,MAP_PMU,129,0.0006305608154555387
0,x_tcsc,1-14,-0.13347887513260195,55,-0.1332490083638837,MAP_PMU,129,0.00022986676871825096
1,B_svc,2,0.2705985355503099,55,0.2703561630907361,MAP_PMU,129,0.00024237245957375864
2,UPFC_Vsh,5-15,1.1046302320660666,55,1.1069990654632953,MAP_PMU,129,0.002368833397228709
3,UPFC_tsh,5-15,-0.23063093347832797,55,-0.23061415387708553,MAP_PMU,129,1.6779601242439268e-05
4,UPFC_Vse,5-15,0.06012608129979919,55,0.06069057235679877,MAP_PMU,129,0.000564491056999579
5,UPFC_tse,5-15,-2.148168407432625,55,-2.148825704264385,MAP_PMU,129,0.0006572968317599681
0,x_tcsc,1-14,-0.13347924426564275,56,-0.1332490083638837,MAP_PMU,129,0.00023023590175905162
1,B_svc,2,0.2703815157920492,56,0.2703561630907361,MAP_PMU,129,2.5352701313097192e-05
2,UPFC_Vsh,5-15,1.1043720322091535,56,1.1069990654632953,MAP_PMU,129,0.0026270332541418195
3,UPFC_tsh,5-15,-0.23053247052129655,56,-0.23061415387708553,MAP_PMU,129,8.168335578898067e-05
4,UPFC_Vse,5-15,0.05978130640998129,56,0.06069057235679877,MAP_PMU,129,0.000909265946817478
5,UPFC_tse,5-15,-2.1469928098335918,56,-2.148825704264385,MAP_PMU,129,0.0018328944307932638
0,x_tcsc,1-14,-0.13341631081752722,57,-0.1332490083638837,MAP_PMU,129,0.0001673024536435197
1,B_svc,2,0.2707381859773689,57,0.2703561630907361,MAP_PMU,129,0.0003820228866327491
2,UPFC_Vsh,5-15,1.1044312670368832,57,1.1069990654632953,MAP_PMU,129,0.0025677984264120823
3,UPFC_tsh,5-15,-0.23067508453260246,57,-0.23061415387708553,MAP_PMU,129,6.093065551693311e-05
4,UPFC_Vse,5-15,0.06052282535653636,57,0.06069057235679877,MAP_PMU,129,0.00016774700026241096
5,UPFC_tse,5-15,-2.1470838856756935,57,-2.148825704264385,MAP_PMU,129,0.0017418185886914905
0,x_tcsc,1-14,-0.13353244117593938,58,-0.1332490083638837,MAP_PMU,129,0.00028343281205567283
1,B_svc,2,0.27037186135982355,58,0.2703561630907361,MAP_PMU,129,1.569826908742744e-05
2,UPFC_Vsh,5-15,1.1042510702387967,58,1.1069990654632953,MAP_PMU,129,0.002747995224498645
3,UPFC_tsh,5-15,-0.23068098440019202,58,-0.23061415387708553,MAP_PMU,129,6.683052310649251e-05
4,UPFC_Vse,5-15,0.05995057565876759,58,0.06069057235679877,MAP_PMU,129,0.0007399966980311812
5,UPFC_tse,5-15,-2.1500839630718516,58,-2.148825704264385,MAP_PMU,129,0.0012582588074665502
0,x_tcsc,1-14,-0.13348431318620924,59,-0.1332490083638837,MAP_PMU,129,0.00023530482232553274
1,B_svc,2,0.27067226329326827,59,0.2703561630907361,MAP_PMU,129,0.00031610020253214355
2,UPFC_Vsh,5-15,1.1045176973103796,59,1.1069990654632953,MAP_PMU,129,0.002481368152915664
3,UPFC_tsh,5-15,-0.23063804527184498,59,-0.23061415387708553,MAP_PMU,129,2.389139475944546e-05
4,UPFC_Vse,5-15,0.06040321321937221,59,0.06069057235679877,MAP_PMU,129,0.00028735913742655717
5,UPFC_tse,5-15,-2.151972729011258,59,-2.148825704264385,MAP_PMU,129,0.003147024746872784
0,x_tcsc,1-14,-0.13343390736257288,60,-0.1332490083638837,MAP_PMU,129,0.0001848989986891758
1,B_svc,2,0.2703581512788701,60,0.2703561630907361,MAP_PMU,129,1.9881881339611773e-06
2,UPFC_Vsh,5-15,1.104522903770585,60,1.1069990654632953,MAP_PMU,129,0.0024761616927102548
3,UPFC_tsh,5-15,-0.2307000767103122,60,-0.23061415387708553,MAP_PMU,129,8.592283322667038e-05
4,UPFC_Vse,5-15,0.060332563517469844,60,0.06069057235679877,MAP_PMU,129,0.00035800883932892574
5,UPFC_tse,5-15,-2.1576515600459,60,-2.148825704264385,MAP_PMU,129,0.008825855781514846
0,x_tcsc,1-14,-0.13350513893027688,61,-0.1332490083638837,MAP_PMU,129,0.00025613056639317566
1,B_svc,2,0.27065628797025315,61,0.2703561630907361,MAP_PMU,129,0.0003001248795170275
2,UPFC_Vsh,5-15,1.104559449559418,61,1.1069990654632953,MAP_PMU,129,0.0024396159038773124
3,UPFC_tsh,5-15,-0.23057750160234425,61,-0.23061415387708553,MAP_PMU,129,3.665227474128341e-05
4,UPFC_Vse,5-15,0.05982852355014827,61,0.06069057235679877,MAP_PMU,129,0.0008620488066505005
5,UPFC_tse,5-15,-2.1463491849000285,61,-2.148825704264385,MAP_PMU,129,0.0024765193643565553
0,x_tcsc,1-14,-0.13352469806399508,62,-0.1332490083638837,MAP_PMU,129,0.00027568970011138116
1,B_svc,2,0.27069233136717674,62,0.2703561630907361,MAP_PMU,129,0.0003361682764406182
2,UPFC_Vsh,5-15,1.1046622981941439,62,1.1069990654632953,MAP_PMU,129,0.0023367672691514407
3,UPFC_tsh,5-15,-0.2306106309713887,62,-0.23061415387708553,MAP_PMU,129,3.522905696828893e-06
4,UPFC_Vse,5-15,0.06004827355860418,62,0.06069057235679877,MAP_PMU,129,0.0006422987981945863
5,UPFC_tse,5-15,-2.1460475391168354,62,-2.148825704264385,MAP_PMU,129,0.0027781651475495828
0,x_tcsc,1-14,-0.13340518283091446,63,-0.1332490083638837,MAP_PMU,129,0.00015617446703075633
1,B_svc,2,0.27049293311140166,63,0.2703561630907361,MAP_PMU,129,0.00013677002066553312
2,UPFC_Vsh,5-15,1.1043218241885164,63,1.1069990654632953,MAP_PMU,129,0.002677241274778863
3,UPFC_tsh,5-15,-0.23057150985888042,63,-0.23061415387708553,MAP_PMU,129,4.264401820511243e-05
4,UPFC_Vse,5-15,0.06043597899236672,63,0.06069057235679877,MAP_PMU,129,0.0002545933644320514
5,UPFC_tse,5-15,-2.1474370509438443,63,-2.148825704264385,MAP_PMU,129,0.0013886533205407225
0,x_tcsc,1-14,-0.13351322173602803,64,-0.1332490083638837,MAP_PMU,129,0.0002642133721443285
1,B_svc,2,0.27066916125349605,64,0.2703561630907361,MAP_PMU,129,0.0003129981627599254
2,UPFC_Vsh,5-15,1.1040997403313204,64,1.1069990654632953,MAP_PMU,129,0.0028993251319748836
3,UPFC_tsh,5-15,-0.23058663114820796,64,-0.23061415387708553,MAP_PMU,129,2.7522728877571456e-05
4,UPFC_Vse,5-15,0.06033943179628864,64,0.06069057235679877,MAP_PMU,129,0.00035114056051013115
5,UPFC_tse,5-15,-2.1436524478722023,64,-2.148825704264385,MAP_PMU,129,0.00517325639218269
0,x_tcsc,1-14,-0.1334266538591243,65,-0.1332490083638837,MAP_PMU,129,0.00017764549524060258
1,B_svc,2,0.27073228844141844,65,0.2703561630907361,MAP_PMU,129,0.00037612535068232145
2,UPFC_Vsh,5-15,1.1043868723430128,65,1.1069990654632953,MAP_PMU,129,0.002612193120282491
3,UPFC_tsh,5-15,-0.2306416754807714,65,-0.23061415387708553,MAP_PMU,129,2.7521603685881635e-05
4,UPFC_Vse,5-15,0.06022779372023308,65,0.06069057235679877,MAP_PMU,129,0.0004627786365656861
5,UPFC_tse,5-15,-2.154406160629466,65,-2.148825704264385,MAP_PMU,129,0.005580456365080977
0,x_tcsc,1-14,-0.13347909893529658,66,-0.1332490083638837,MAP_PMU,129,0.0002300905714128776
1,B_svc,2,0.27084609165258383,66,0.2703561630907361,MAP_PMU,129,0.0004899285618477078
2,UPFC_Vsh,5-15,1.104479959886966,66,1.1069990654632953,MAP_PMU,129,0.0025191055763293946
3,UPFC_tsh,5-15,-0.23054792353418097,66,-0.23061415387708553,MAP_PMU,129,6.623034290456631e-05
4,UPFC_Vse,5-15,0.059558499020223594,66,0.06069057235679877,MAP_PMU,129,0.0011320733365751748
5,UPFC_tse,5-15,-2.1488172595993404,66,-2.148825704264385,MAP_PMU,129,8.444665044571309e-06
0,x_tcsc,1-14,-0.13345751605841952,67,-0.1332490083638837,MAP_PMU,129,0.00020850769453581441
1,B_svc,2,0.2713851544076927,67,0.2703561630907361,MAP_PMU,129,0.0010289913169565512
2,UPFC_Vsh,5-15,1.1039229871238616,67,1.1069990654632953,MAP_PMU,129,0.0030760783394336855
3,UPFC_tsh,5-15,-0.23071909629904833,67,-0.23061415387708553,MAP_PMU,129,0.0001049424219627948
4,UPFC_Vse,5-15,0.060246651165266916,67,0.06069057235679877,MAP_PMU,129,0.0004439211915318528
5,UPFC_tse,5-15,-2.1500832081294092,67,-2.148825704264385,MAP_PMU,129,0.001257503865024212
0,x_tcsc,1-14,-0.13343876213423575,68,-0.1332490083638837,MAP_PMU,129,0.00018975377035204688
1,B_svc,2,0.27076091608539565,68,0.2703561630907361,MAP_PMU,129,0.00040475299465952963
2,UPFC_Vsh,5-15,1.1043426120055795,68,1.1069990654632953,MAP_PMU,129,0.0026564534577158128
3,UPFC_tsh,5-15,-0.23067380704172208,68,-0.23061415387708553,MAP_PMU,129,5.965316463654724e-05
4,UPFC_Vse,5-15,0.06037990218385826,68,0.06069057235679877,MAP_PMU,129,0.00031067017294050814
5,UPFC_tse,5-15,-2.1491208922325056,68,-2.148825704264385,MAP_PMU,129,0.00029518796812055825
0,x_tcsc,1-14,-0.1334963246113859,69,-0.1332490083638837,MAP_PMU,129,0.0002473162475022106
1,B_svc,2,0.27016998320642427,69,0.2703561630907361,MAP_PMU,129,0.0001861798843118545
2,UPFC_Vsh,5-15,1.1042934549489614,69,1.1069990654632953,MAP_PMU,129,0.0027056105143339337
3,UPFC_tsh,5-15,-0.2306657191896352,69,-0.23061415387708553,MAP_PMU,129,5.156531254965624e-05
4,UPFC_Vse,5-15,0.060587582542595414,69,0.06069057235679877,MAP_PMU,129,0.00010298981420335529
5,UPFC_tse,5-15,-2.149596141783025,69,-2.148825704264385,MAP_PMU,129,0.0007704375186401435
0,x_tcsc,1-14,-0.13349214139548005,70,-0.1332490083638837,MAP_PMU,129,0.00024313303159634314
1,B_svc,2,0.2703106513273921,70,0.2703561630907361,MAP_PMU,129,4.55117633439972e-05
2,UPFC_Vsh,5-15,1.1040518432246051,70,1.1069990654632953,MAP_PMU,129,0.0029472222386901503
3,UPFC_tsh,5-15,-0.23067002631749595,70,-0.23061415387708553,MAP_PMU,129,5.587244041041495e-05
4,UPFC_Vse,5-15,0.05986627777180015,70,0.06069057235679877,MAP_PMU,129,0.0008242945849986222
5,UPFC_tse,5-15,-2.152811876297321,70,-2.148825704264385,MAP_PMU,129,0.003986172032936164
0,x_tcsc,1-14,-0.133486814833132,71,-0.1332490083638837,MAP_PMU,129,0.0002378064692482862
1,B_svc,2,0.2704963396581359,71,0.2703561630907361,MAP_PMU,129,0.00014017656739978568
2,UPFC_Vsh,5-15,1.104383891948805,71,1.1069990654632953,MAP_PMU,129,0.0026151735144903654
3,UPFC_tsh,5-15,-0.2306786904265651,71,-0.23061415387708553,MAP_PMU,129,6.453654947957688e-05
4,UPFC_Vse,5-15,0.060229261122780424,71,0.06069057235679877,MAP_PMU,129,0.00046131123401834534
5,UPFC_tse,5-15,-2.150766679581173,71,-2.148825704264385,MAP_PMU,129,0.0019409753167880517
0,x_tcsc,1-14,-0.13353843727509407,72,-0.1332490083638837,MAP_PMU,129,0.0002894289112103654
1,B_svc,2,0.2707575438043157,72,0.2703561630907361,MAP_PMU,129,0.00040138071357959104
2,UPFC_Vsh,5-15,1.1042765702897712,72,1.1069990654632953,MAP_PMU,129,0.0027224951735240754
3,UPFC_tsh,5-15,-0.23064935426824631,72,-0.23061415387708553,MAP_PMU,129,3.520039116078344e-05
4,UPFC_Vse,5-15,0.06029484084510819,72,0.06069057235679877,MAP_PMU,129,0.00039573151169058213
5,UPFC_tse,5-15,-2.154327990951354,72,-2.148825704264385,MAP_PMU,129,0.005502286686969171
0,x_tcsc,1-14,-0.1334650891224472,73,-0.1332490083638837,MAP_PMU,129,0.00021608075856349718
1,B_svc,2,0.27044842073276515,73,0.2703561630907361,MAP_PMU,129,9.225764202902553e-05
2,UPFC_Vsh,5-15,1.104349179415916,73,1.1069990654632953,MAP_PMU,129,0.0026498860473793684
3,UPFC_tsh,5-15,-0.23065600542499945,73,-0.23061415387708553,MAP_PMU,129,4.18515479139181e-05
4,UPFC_Vse,5-15,0.0601581659031322,73,0.06069057235679877,MAP_PMU,129,0.0005324064536665687
5,UPFC_tse,5-15,-2.157035727821767,73,-2.148825704264385,MAP_PMU,129,0.008210023557381874
0,x_tcsc,1-14,-0.1335000802250269,74,-0.1332490083638837,MAP_PMU,129,0.0002510718611432039
1,B_svc,2,0.27114210027846797,74,0.2703561630907361,MAP_PMU,129,0.0007859371877318444
2,UPFC_Vsh,5-15,1.1042692322210692,74,1.1069990654632953,MAP_PMU,129,0.0027298332422260874
3,UPFC_tsh,5-15,-0.23066831479449132,74,-0.23061415387708553,MAP_PMU,129,5.416091740578777e-05
4,UPFC_Vse,5-15,0.060637360563807766,74,0.06069057235679877,MAP_PMU,129,5.321179299100365e-05
5,UPFC_tse,5-15,-2.149403495533108,74,-2.148825704264385,MAP_PMU,129,0.0005777912687228159
0,x_tcsc,1-14,-0.13353342693632475,75,-0.1332490083638837,MAP_PMU,129,0.0002844185724410475
1,B_svc,2,0.2704809403260608,75,0.2703561630907361,MAP_PMU,129,0.000124777235324669
2,UPFC_Vsh,5-15,1.1046908619508553,75,1.1069990654632953,MAP_PMU,129,0.002308203512439988
3,UPFC_tsh,5-15,-0.23053215255154208,75,-0.23061415387708553,MAP_PMU,129,8.200132554345152e-05
4,UPFC_Vse,5-15,0.060152307834552124,75,0.06069057235679877,MAP_PMU,129,0.0005382645222466453
5,UPFC_tse,5-15,-2.133282120914359,75,-2.148825704264385,MAP_PMU,129,0.015543583350026147
0,x_tcsc,1-14,-0.133465405220407,76,-0.1332490083638837,MAP_PMU,129,0.00021639685652330432
1,B_svc,2,0.2708252375590424,76,0.2703561630907361,MAP_PMU,129,0.0004690744683062964
2,UPFC_Vsh,5-15,1.104721893232747,76,1.1069990654632953,MAP_PMU,129,0.002277172230548352
3,UPFC_tsh,5-15,-0.2305857173569631,76,-0.23061415387708553,MAP_PMU,129,2.8436520122437914e-05
4,UPFC_Vse,5-15,0.06027245645671883,76,0.06069057235679877,MAP_PMU,129,0.0004181159000799378
5,UPFC_tse,5-15,-2.1445218309309224,76,-2.148825704264385,MAP_PMU,129,0.0043038733334626045
0,x_tcsc,1-14,-0.13345531463909394,77,-0.1332490083638837,MAP_PMU,129,0.00020630627521023293
1,B_svc,2,0.27030157756249684,77,0.2703561630907361,MAP_PMU,129,5.458552823928153e-05
2,UPFC_Vsh,5-15,1.1041103989971506,77,1.1069990654632953,MAP_PMU,129,0.002888666466144718
3,UPFC_tsh,5-15,-0.23063749807243183,77,-0.23061415387708553,MAP_PMU,129,2.3344195346303165e-05
4,UPFC_Vse,5-15,0.059965082125798444,77,0.06069057235679877,MAP_PMU,129,0.0007254902310003253
5,UPFC_tse,5-15,-2.15236565545513,77,-2.148825704264385,MAP_PMU,129,0.0035399511907447945
0,x_tcsc,1-14,-0.1335561158801701,78,-0.1332490083638837,MAP_PMU,129,0.0003071075162864034
1,B_svc,2,0.2703911180083787,78,0.2703561630907361,MAP_PMU,129,3.495491764254899e-05
2,UPFC_Vsh,5-15,1.1045263527847942,78,1.1069990654632953,MAP_PMU,129,0.002472712678501132
3,UPFC_tsh,5-15,-0.23061074325939065,78,-0.23061415387708553,MAP_PMU,129,3.4106176948767164e-06
4,UPFC_Vse,5-15,0.0598939198659603,78,0.06069057235679877,MAP_PMU,129,0.000796652490838469
5,UPFC_tse,5-15,-2.1431834136730616,78,-2.148825704264385,MAP_PMU,129,0.005642290591323373
0,x_tcsc,1-14,-0.1334383964071931,79,-0.1332490083638837,MAP_PMU,129,0.0001893880433093964
1,B_svc,2,0.2703810013552774,79,0.2703561630907361,MAP_PMU,129,2.4838264541249266e-05
2,UPFC_Vsh,5-15,1.104417031640728,79,1.1069990654632953,MAP_PMU,129,0.0025820338225672756
3,UPFC_tsh,5-15,-0.23062216614693704,79,-0.23061415387708553,MAP_PMU,129,8.01226985150394e-06
4,UPFC_Vse,5-15,0.060254660473824884,79,0.06069057235679877,MAP_PMU,129,0.0004359118829738856
5,UPFC_tse,5-15,-2.151637135693962,79,-2.148825704264385,MAP_PMU,129,0.0028114314295768494
0,x_tcsc,1-14,-0.13341577985921513,80,-0.1332490083638837,MAP_PMU,129,0.00016677149533142477
1,B_svc,2,0.27047976296375364,80,0.2703561630907361,MAP_PMU,129,0.0001235998730175214
2,UPFC_Vsh,5-15,1.1046210862616919,80,1.1069990654632953,MAP_PMU,129,0.0023779792016034307
3,UPFC_tsh,5-15,-0.2306294920284778,80,-0.23061415387708553,MAP_PMU,129,1.5338151392263466e-05
4,UPFC_Vse,5-15,0.059927231180490766,80,0.06069057235679877,MAP_PMU,129,0.0007633411763080036
5,UPFC_tse,5-15,-2.148814276279431,80,-2.148825704264385,MAP_PMU,129,1.1427984953904513e-05
0,x_tcsc,1-14,-0.1334671744471939,81,-0.1332490083638837,MAP_PMU,129,0.00021816608331018394
1,B_svc,2,0.27052040006820643,81,0.2703561630907361,MAP_PMU,129,0.00016423697747031119
2,UPFC_Vsh,5-15,1.1042848270157761,81,1.1069990654632953,MAP_PMU,129,0.0027142384475191683
3,UPFC_tsh,5-15,-0.23062145430874031,81,-0.23061415387708553,MAP_PMU,129,7.300431654783113e-06
4,UPFC_Vse,5-15,0.06048703293089905,81,0.06069057235679877,MAP_PMU,129,0.00020353942589972085
5,UPFC_tse,5-15,-2.1519032795201727,81,-2.148825704264385,MAP_PMU,129,0.003077575255787668
0,x_tcsc,1-14,-0.13350802267607692,82,-0.1332490083638837,MAP_PMU,129,0.0002590143121932176
1,B_svc,2,0.27061600162039856,82,0.2703561630907361,MAP_PMU,129,0.00025983852966243726
2,UPFC_Vsh,5-15,1.104669460726434,82,1.1069990654632953,MAP_PMU,129,0.0023296047368612793
3,UPFC_tsh,5-15,-0.23060812861862112,82,-0.23061415387708553,MAP_PMU,129,6.025258464409378e-06
4,UPFC_Vse,5-15,0.06005019807166446,82,0.06069057235679877,MAP_PMU,129,0.0006403742851343111
5,UPFC_tse,5-15,-2.141850522580144,82,-2.148825704264385,MAP_PMU,129,0.006975181684241161
0,x_tcsc,1-14,-0.13341984259549355,83,-0.1332490083638837,MAP_PMU,129,0.000170834231609851
1,B_svc,2,0.2703838267810594,83,0.2703561630907361,MAP_PMU,129,2.766369032325411e-05
2,UPFC_Vsh,5-15,1.104241322313837,83,1.1069990654632953,MAP_PMU,129,0.0027577431494583138
3,UPFC_tsh,5-15,-0.23066598271449695,83,-0.23061415387708553,MAP_PMU,129,5.1828837411421746e-05
4,UPFC_Vse,5-15,0.060411221111707596,83,0.06069057235679877,MAP_PMU,129,0.00027935124509117365
5,UPFC_tse,5-15,-2.156623493670932,83,-2.148825704264385,MAP_PMU,129,0.007797789406546851
0,x_tcsc,1-14,-0.13336639775702522,84,-0.1332490083638837,MAP_PMU,129,0.00011738939314151486
1,B_svc,2,0.2708158191233074,84,0.2703561630907361,MAP_PMU,129,0.000459656032571254
2,UPFC_Vsh,5-15,1.1042306996948807,84,1.1069990654632953,MAP_PMU,129,0.002768365768414549
3,UPFC_tsh,5-15,-0.23064260638780812,84,-0.23061415387708553,MAP_PMU,129,2.8452510722587476e-05
4,UPFC_Vse,5-15,0.06031455270000586,84,0.06069057235679877,MAP_PMU,129,0.00037601965679291
5,UPFC_tse,5-15,-2.151141724065896,84,-2.148825704264385,MAP_PMU,129,0.0023160198015110822
0,x_tcsc,1-14,-0.13340533542146,85,-0.1332490083638837,MAP_PMU,129,0.00015632705757628873
1,B_svc,2,0.2702424446991199,85,0.2703561630907361,MAP_PMU,129,0.00011371839161622432
2,UPFC_Vsh,5-15,1.1045358328039854,85,1.1069990654632953,MAP_PMU,129,0.002463232659309922
3,UPFC_tsh,5-15,-0.230571254648283,85,-0.23061415387708553,MAP_PMU,129,4.289922880251762e-05
4,UPFC_Vse,5-15,0.05988038649785048,85,0.06069057235679877,MAP_PMU,129,0.0008101858589482924
5,UPFC_tse,5-15,-2.141641511168302,85,-2.148825704264385,MAP_PMU,129,0.007184193096083202
0,x_tcsc,1-14,-0.1334544675895697,86,-0.1332490083638837,MAP_PMU,129,0.00020545922568598884
1,B_svc,2,0.2707952872706498,86,0.2703561630907361,MAP_PMU,129,0.0004391241799136525
2,UPFC_Vsh,5-15,1.1041999656505734,86,1.1069990654632953,MAP_PMU,129,0.0027990998127218614
3,UPFC_tsh,5-15,-0.230740004702113,86,-0.23061415387708553,MAP_PMU,129,0.0001258508250274737
4,UPFC_Vse,5-15,0.060862277754631204,86,0.06069057235679877,MAP_PMU,129,0.00017170539783243483
5,UPFC_tse,5-15,-2.154172967254286,86,-2.148825704264385,MAP_PMU,129,0.005347262989900958
0,x_tcsc,1-14,-0.13349477139062957,87,-0.1332490083638837,MAP_PMU,129,0.0002457630267458655
1,B_svc,2,0.27014223257261843,87,0.2703561630907361,MAP_PMU,129,0.0002139305181176887
2,UPFC_Vsh,5-15,1.1047849132461984,87,1.1069990654632953,MAP_PMU,129,0.0022141522170968653
3,UPFC_tsh,5-15,-0.23060750632449495,87,-0.23061415387708553,MAP_PMU,129,6.647552590582917e-06
4,UPFC_Vse,5-15,0.0601289240967954,87,0.06069057235679877,MAP_PMU,129,0.0005616482600033709
5,UPFC_tse,5-15,-2.1444522270485216,87,-2.148825704264385,MAP_PMU,129,0.004373477215863453
0,x_tcsc,1-14,-0.13349929728467225,88,-0.1332490083638837,MAP_PMU,129,0.0002502889207885439
1,B_svc,2,0.2703857873458912,88,0.2703561630907361,MAP_PMU,129,2.9624255155069612e-05
2,UPFC_Vsh,5-15,1.104422960556912,88,1.1069990654632953,MAP_PMU,129,0.0025761049063832697
3,UPFC_tsh,5-15,-0.23063618160675306,88,-0.23061415387708553,MAP_PMU,129,2.202772966752864e-05
4,UPFC_Vse,5-15,0.05992644279637232,88,0.06069057235679877,MAP_PMU,129,0.0007641295604264506
5,UPFC_tse,5-15,-2.149184563377592,88,-2.148825704264385,MAP_PMU,129,0.0003588591132070995
0,x_tcsc,1-14,-0.13342802619068103,89,-0.1332490083638837,MAP_PMU,129,0.00017901782679732858
1,B_svc,2,0.27053157844724723,89,0.2703561630907361,MAP_PMU,129,0.0001754153565111105
2,UPFC_Vsh,5-15,1.1042527120004524,89,1.1069990654632953,MAP_PMU,129,0.00274635346284291
3,UPFC_tsh,5-15,-0.2306163392467569,89,-0.23061415387708553,MAP_PMU,129,2.185369671364734e-06
4,UPFC_Vse,5-15,0.06053003166832183,89,0.06069057235679877,MAP_PMU,129,0.00016054068847693587
5,UPFC_tse,5-15,-2.1585456972182437,89,-2.148825704264385,MAP_PMU,129,0.009719992953858725
0,x_tcsc,1-14,-0.1334966067417847,90,-0.1332490083638837,MAP_PMU,129,0.0002475983779010038
1,B_svc,2,0.27065898088760815,90,0.2703561630907361,MAP_PMU,129,0.0003028177968720236
2,UPFC_Vsh,5-15,1.103936429004883,90,1.1069990654632953,MAP_PMU,129,0.0030626364584123156
3,UPFC_tsh,5-15,-0.23072367195111296,90,-0.23061415387708553,MAP_PMU,129,0.00010951807402742597
4,UPFC_Vse,5-15,0.060690260143313975,90,0.06069057235679877,MAP_PMU,129,3.122134847946545e-07
5,UPFC_tse,5-15,-2.158284928667521,90,-2.148825704264385,MAP_PMU,129,0.00945922440313618
0,x_tcsc,1-14,-0.13349303215239164,91,-0.1332490083638837,MAP_PMU,129,0.0002440237885079355
1,B_svc,2,0.2703988728537331,91,0.2703561630907361,MAP_PMU,129,4.2709762996973044e-05
2,UPFC_Vsh,5-15,1.104411545607085,91,1.1069990654632953,MAP_PMU,129,0.0025875198562101964
3,UPFC_tsh,5-15,-0.23056087619185078,91,-0.23061415387708553,MAP_PMU,129,5.3277685234748295e-05
4,UPFC_Vse,5-15,0.0598987245694078,91,0.06069057235679877,MAP_PMU,129,0.0007918477873909702
5,UPFC_tse,5-15,-2.1504385723162067,91,-2.148825704264385,MAP_PMU,129,0.0016128680518217031
0,x_tcsc,1-14,-0.13352974572401174,92,-0.1332490083638837,MAP_PMU,129,0.0002807373601280416
1,B_svc,2,0.27015509485426664,92,0.2703561630907361,MAP_PMU,129,0.00020106823646948158
2,UPFC_Vsh,5-15,1.103960320055847,92,1.1069990654632953,MAP_PMU,129,0.0030387454074483067
3,UPFC_tsh,5-15,-0.23071214119881983,92,-0.23061415387708553,MAP_PMU,129,9.798732173429969e-05
4,UPFC_Vse,5-15,0.06003145799758017,92,0.06069057235679877,MAP_PMU,129,0.0006591143592186016
5,UPFC_tse,5-15,-2.1567293331881063,92,-2.148825704264385,MAP_PMU,129,0.007903628923721318
0,x_tcsc,1-14,-0.13343348389040974,93,-0.1332490083638837,MAP_PMU,129,0.0001844755265260345
1,B_svc,2,0.2707247778337558,93,0.2703561630907361,MAP_PMU,129,0.00036861474301969066
2,UPFC_Vsh,5-15,1.1045279632473537,93,1.1069990654632953,MAP_PMU,129,0.0024711022159416007
3,UPFC_tsh,5-15,-0.23058912318159538,93,-0.23061415387708553,MAP_PMU,129,2.5030695490146915e-05
4,UPFC_Vse,5-15,0.05994492566926583,93,0.06069057235679877,MAP_PMU,129,0.000745646687532936
5,UPFC_tse,5-15,-2.144277164060486,93,-2.148825704264385,MAP_PMU,129,0.004548540203899165
0,x_tcsc,1-14,-0.13352414965683604,94,-0.1332490083638837,MAP_PMU,129,0.0002751412929523356
1,B_svc,2,0.2712686558811066,94,0.2703561630907361,MAP_PMU,129,0.0009124927903704783
2,UPFC_Vsh,5-15,1.104078102546177,94,1.1069990654632953,MAP_PMU,129,0.002920962917118297
3,UPFC_tsh,5-15,-0.2307206364467872,94,-0.23061415387708553,MAP_PMU,129,0.00010648256970166581
4,UPFC_Vse,5-15,0.06012214772446613,94,0.06069057235679877,MAP_PMU,129,0.0005684246323326425
5,UPFC_tse,5-15,-2.157183367259361,94,-2.148825704264385,MAP_PMU,129,0.008357662994975978
0,x_tcsc,1-14,-0.1334957017646987,95,-0.1332490083638837,MAP_PMU,129,0.0002466934008149846
1,B_svc,2,0.27104394967183626,95,0.2703561630907361,MAP_PMU,129,0.000687786581100136
2,UPFC_Vsh,5-15,1.1042758745801684,95,1.1069990654632953,MAP_PMU,129,0.0027231908831268914
3,UPFC_tsh,5-15,-0.23064219836584807,95,-0.23061415387708553,MAP_PMU,129,2.804448876253529e-05
4,UPFC_Vse,5-15,0.06009138411168335,95,0.06069057235679877,MAP_PMU,129,0.0005991882451154215
5,UPFC_tse,5-15,-2.1535008332010346,95,-2.148825704264385,MAP_PMU,129,0.004675128936649564
0,x_tcsc,1-14,-0.1334359146731396,96,-0.1332490083638837,MAP_PMU,129,0.00018690630925588536
1,B_svc,2,0.27024842312002256,96,0.2703561630907361,MAP_PMU,129,0.00010773997071356067
2,UPFC_Vsh,5-15,1.1042833197975375,96,1.1069990654632953,MAP_PMU,129,0.0027157456657578294
3,UPFC_tsh,5-15,-0.23063986069303904,96,-0.23061415387708553,MAP_PMU,129,2.570681595351343e-05
4,UPFC_Vse,5-15,0.06004219246647144,96,0.06069057235679877,MAP_PMU,129,0.0006483798903273302
5,UPFC_tse,5-15,-2.1522545499249697,96,-2.148825704264385,MAP_PMU,129,0.0034288456605846562
0,x_tcsc,1-14,-0.13354205591328083,97,-0.1332490083638837,MAP_PMU,129,0.0002930475493971296
1,B_svc,2,0.2700625818178237,97,0.2703561630907361,MAP_PMU,129,0.0002935812729124021
2,UPFC_Vsh,5-15,1.1042975762866134,97,1.1069990654632953,MAP_PMU,129,0.0027014891766818927
3,UPFC_tsh,5-15,-0.23068864126090532,97,-0.23061415387708553,MAP_PMU,129,7.448738381979347e-05
4,UPFC_Vse,5-15,0.06029685636006578,97,0.06069057235679877,MAP_PMU,129,0.0003937159967329906
5,UPFC_tse,5-15,-2.150590774902159,97,-2.148825704264385,MAP_PMU,129,0.001765070637774091
0,x_tcsc,1-14,-0.13343301886944262,98,-0.1332490083638837,MAP_PMU,129,0.00018401050555891252
1,B_svc,2,0.2704356414516408,98,0.2703561630907361,MAP_PMU,129,7.94783609046612e-05
2,UPFC_Vsh,5-15,1.1039844972069048,98,1.1069990654632953,MAP_PMU,129,0.0030145682563904597
3,UPFC_tsh,5-15,-0.2306533963607583,98,-0.23061415387708553,MAP_PMU,129,3.9242483672763395e-05
4,UPFC_Vse,5-15,0.060515962126224725,98,0.06069057235679877,MAP_PMU,129,0.00017461023057404462
5,UPFC_tse,5-15,-2.15220365988863,98,-2.148825704264385,MAP_PMU,129,0.0033779556242450326
0,x_tcsc,1-14,-0.13350449688430885,99,-0.1332490083638837,MAP_PMU,129,0.0002554885204251456
1,B_svc,2,0.26999775066005577,99,0.2703561630907361,MAP_PMU,129,0.0003584124306803549
2,UPFC_Vsh,5-15,1.1045114642240712,99,1.1069990654632953,MAP_PMU,129,0.002487601239224091
3,UPFC_tsh,5-15,-0.23062326767469074,99,-0.23061415387708553,MAP_PMU,129,9.11379760520914e-06
4,UPFC_Vse,5-15,0.059949741135794044,99,0.06069057235679877,MAP_PMU,129,0.0007408312210047258
5,UPFC_tse,5-15,-2.14663125835789,99,-2.148825704264385,MAP_PMU,129,0.0021944459064950905
0,x_tcsc,1-14,-0.13473272527338023,0,-0.13460977774325864,MAP_PMU,131,0.00012294753012159765
1,B_svc,2,0.27616546435578326,0,0.2759202510778324,MAP_PMU,131,0.0002452132779508509
2,UPFC_Vsh,5-15,1.104418526054321,0,1.105896696978529,MAP_PMU,131,0.0014781709242082108
3,UPFC_tsh,5-15,-0.22899294332265838,0,-0.22899421706154588,MAP_PMU,131,1.2737388875028177e-06
4,UPFC_Vse,5-15,0.06040744754633501,0,0.0614292436929136,MAP_PMU,131,0.001021796146578595
5,UPFC_tse,5-15,-2.1445378180205625,0,-2.151988390805865,MAP_PMU,131,0.007450572785302256
0,x_tcsc,1-14,-0.13479379703728808,1,-0.13460977774325864,MAP_PMU,131,0.00018401929402944717
1,B_svc,2,0.27591539572285817,1,0.2759202510778324,MAP_PMU,131,4.855354974242498e-06
2,UPFC_Vsh,5-15,1.1042289714625189,1,1.105896696978529,MAP_PMU,131,0.0016677255160102433
3,UPFC_tsh,5-15,-0.2289542676097303,1,-0.22899421706154588,MAP_PMU,131,3.9949451815568526e-05
4,UPFC_Vse,5-15,0.05967482207560103,1,0.0614292436929136,MAP_PMU,131,0.0017544216173125751
5,UPFC_tse,5-15,-2.1429584645976494,1,-2.151988390805865,MAP_PMU,131,0.00902992620821541
0,x_tcsc,1-14,-0.13473958897100816,2,-0.13460977774325864,MAP_PMU,131,0.00012981122774952114
1,B_svc,2,0.27610353820795674,2,0.2759202510778324,MAP_PMU,131,0.00018328713012433218
2,UPFC_Vsh,5-15,1.1044595908429933,2,1.105896696978529,MAP_PMU,131,0.0014371061355358261
3,UPFC_tsh,5-15,-0.22897937472343305,2,-0.22899421706154588,MAP_PMU,131,1.4842338112830422e-05
4,UPFC_Vse,5-15,0.060765099322433666,2,0.0614292436929136,MAP_PMU,131,0.0006641443704799369
5,UPFC_tse,5-15,-2.1564022960811244,2,-2.151988390805865,MAP_PMU,131,0.004413905275259644
0,x_tcsc,1-14,-0.1347057676830744,3,-0.13460977774325864,MAP_PMU,131,9.598993981577153e-05
1,B_svc,2,0.27586414506383855,3,0.2759202510778324,MAP_PMU,131,5.6106013993861836e-05
2,UPFC_Vsh,5-15,1.104541172246409,3,1.105896696978529,MAP_PMU,131,0.0013555247321201946
3,UPFC_tsh,5-15,-0.22896737440099496,3,-0.22899421706154588,MAP_PMU,131,2.6842660550918662e-05
4,UPFC_Vse,5-15,0.06084864466671992,3,0.0614292436929136,MAP_PMU,131,0.0005805990261936803
5,UPFC_tse,5-15,-2.1531224962819033,3,-2.151988390805865,MAP_PMU,131,0.0011341054760385383
0,x_tcsc,1-14,-0.13478985470529076,4,-0.13460977774325864,MAP_PMU,131,0.00018007696203212187
1,B_svc,2,0.2755408856366862,4,0.2759202510778324,MAP_PMU,131,0.0003793654411461955
2,UPFC_Vsh,5-15,1.1044747307045553,4,1.105896696978529,MAP_PMU,131,0.0014219662739738403
3,UPFC_tsh,5-15,-0.22901645594486889,4,-0.22899421706154588,MAP_PMU,131,2.223888332300583e-05
4,UPFC_Vse,5-15,0.06036526788668392,4,0.0614292436929136,MAP_PMU,131,0.001063975806229682
5,UPFC_tse,5-15,-2.1563028009800393,4,-2.151988390805865,MAP_PMU,131,0.004314410174174554
0,x_tcsc,1-14,-0.1346883940083667,5,-0.13460977774325864,MAP_PMU,131,7.861626510807795e-05
1,B_svc,2,0.27598035956131534,5,0.2759202510778324,MAP_PMU,131,6.0108483482923525e-05
2,UPFC_Vsh,5-15,1.1043013392545,5,1.105896696978529,MAP_PMU,131,0.0015953577240290784
3,UPFC_tsh,5-15,-0.22910218747390607,5,-0.22899421706154588,MAP_PMU,131,0.00010797041236018656
4,UPFC_Vse,5-15,0.060863848299510324,5,0.0614292436929136,MAP_PMU,131,0.0005653953934032785
5,UPFC_tse,5-15,-2.147115225680072,5,-2.151988390805865,MAP_PMU,131,0.004873165125792944
0,x_tcsc,1-14,-0.13475796005905746,6,-0.13460977774325864,MAP_PMU,131,0.00014818231579882823
1,B_svc,2,0.27590009843739094,6,0.2759202510778324,MAP_PMU,131,2.0152640441473135e-05
2,UPFC_Vsh,5-15,1.105104058848323,6,1.105896696978529,MAP_PMU,131,0.0007926381302061358
3,UPFC_tsh,5-15,-0.2289566987403574,6,-0.22899421706154588,MAP_PMU,131,3.7518321188478865e-05
4,UPFC_Vse,5-15,0.060235594834817066,6,0.0614292436929136,MAP_PMU,131,0.0011936488580965368
5,UPFC_tse,5-15,-2.138721340152296,6,-2.151988390805865,MAP_PMU,131,0.013267050653568813
0,x_tcsc,1-14,-0.1347150802404,7,-0.13460977774325864,MAP_PMU,131,0.00010530249714135742
1,B_svc,2,0.2759777487668185,7,0.2759202510778324,MAP_PMU,131,5.749768898610785e-05
2,UPFC_Vsh,5-15,1.104360590543722,7,1.105896696978529,MAP_PMU,131,0.0015361064348071718
3,UPFC_tsh,5-15,-0.2290411027078989,7,-0.22899421706154588,MAP_PMU,131,4.688564635302317e-05
4,UPFC_Vse,5-15,0.06052191346454562,7,0.0614292436929136,MAP_PMU,131,0.0009073302283679821
5,UPFC_tse,5-15,-2.1545027367934773,7,-2.151988390805865,MAP_PMU,131,0.002514345987612465
0,x_tcsc,1-14,-0.1347123757729737,8,-0.13460977774325864,MAP_PMU,131,0.00010259802971507304
1,B_svc,2,0.27582773257197785,8,0.2759202510778324,MAP_PMU,131,9.251850585456634e-05
2,UPFC_Vsh,5-15,1.104566860320897,8,1.105896696978529,MAP_PMU,131,0.0013298366576321996
3,UPFC_tsh,5-15,-0.22898376361305953,8,-0.22899421706154588,MAP_PMU,131,1.0453448486352768e-05
4,UPFC_Vse,5-15,0.060621397718934635,8,0.0614292436929136,MAP_PMU,131,0.0008078459739789684
5,UPFC_tse,5-15,-2.1499055469792623,8,-2.151988390805865,MAP_PMU,131,0.0020828438266025096
0,x_tcsc,1-14,-0.13472183108185157,9,-0.13460977774325864,MAP_PMU,131,0.00011205333859293232
1,B_svc,2,0.27576578624911363,9,0.2759202510778324,MAP_PMU,131,0.0001544648287187811
2,UPFC_Vsh,5-15,1.1043648207833452,9,1.105896696978529,MAP_PMU,131,0.0015318761951839122
3,UPFC_tsh,5-15,-0.22894670092533484,9,-0.22899421706154588,MAP_PMU,131,4.7516136211039894e-05
4,UPFC_Vse,5-15,0.06040172121420995,9,0.0614292436929136,MAP_PMU,131,0.001027522478703656
5,UPFC_tse,5-15,-2.143347223073088,9,-2.151988390805865,MAP_PMU,131,0.0086411677327769
0,x_tcsc,1-14,-0.13480144475225975,10,-0.13460977774325864,MAP_PMU,131,0.0001916670090011119
1,B_svc,2,0.27652434855150093,10,0.2759202510778324,MAP_PMU,131,0.000604097473668519
2,UPFC_Vsh,5-15,1.1044622877632235,10,1.105896696978529,MAP_PMU,131,0.0014344092153055765
3,UPFC_tsh,5-15,-0.22900850285252725,10,-0.22899421706154588,MAP_PMU,131,1.4285790981366508e-05
4,UPFC_Vse,5-15,0.0606114200606019,10,0.0614292436929136,MAP_PMU,131,0.0008178236323117052
5,UPFC_tse,5-15,-2.159694441657315,10,-2.151988390805865,MAP_PMU,131,0.0077060508514503745
0,x_tcsc,1-14,-0.13476377073701348,11,-0.13460977774325864,MAP_PMU,131,0.00015399299375484787
1,B_svc,2,0.27573647401417045,11,0.2759202510778324,MAP_PMU,131,0.00018377706366196067
2,UPFC_Vsh,5-15,1.1047674929068243,11,1.105896696978529,MAP_PMU,131,0.0011292040717048035
3,UPFC_tsh,5-15,-0.228920785491126,11,-0.22899421706154588,MAP_PMU,131,7.343157041989068e-05
4,UPFC_Vse,5-15,0.06035514309404759,11,0.0614292436929136,MAP_PMU,131,0.0010741005988660138
5,UPFC_tse,5-15,-2.1409181951158653,11,-2.151988390805865,MAP_PMU,131,0.011070195689999451
0,x_tcsc,1-14,-0.1347724824116772,12,-0.13460977774325864,MAP_PMU,131,0.00016270466841855624
1,B_svc,2,0.27647206445193107,12,0.2759202510778324,MAP_PMU,131,0.000551813374098653
2,UPFC_Vsh,5-15,1.1044546119515597,12,1.105896696978529,MAP_PMU,131,0.0014420850269694085
3,UPFC_tsh,5-15,-0.2289991973816167,12,-0.22899421706154588,MAP_PMU,131,4.980320070818722e-06
4,UPFC_Vse,5-15,0.05974191927939736,12,0.0614292436929136,MAP_PMU,131,0.001687324413516246
5,UPFC_tse,5-15,-2.1513399485970712,12,-2.151988390805865,MAP_PMU,131,0.0006484422087935648
0,x_tcsc,1-14,-0.13468645714316868,13,-0.13460977774325864,MAP_PMU,131,7.667939991004569e-05
1,B_svc,2,0.27637154916486945,13,0.2759202510778324,MAP_PMU,131,0.0004512980870370331
2,UPFC_Vsh,5-15,1.1045736181281054,13,1.105896696978529,MAP_PMU,131,0.001323078850423709
3,UPFC_tsh,5-15,-0.22893500065563357,13,-0.22899421706154588,MAP_PMU,131,5.921640591230459e-05
4,UPFC_Vse,5-15,0.05991626216772046,13,0.0614292436929136,MAP_PMU,131,0.0015129815251931425
5,UPFC_tse,5-15,-2.1499301205446204,13,-2.151988390805865,MAP_PMU,131,0.002058270261244388
0,x_tcsc,1-14,-0.13473293023128444,14,-0.13460977774325864,MAP_PMU,131,0.0001231524880258017
1,B_svc,2,0.27611178137451975,14,0.2759202510778324,MAP_PMU,131,0.00019153029668733668
2,UPFC_Vsh,5-15,1.1040423427927726,14,1.105896696978529,MAP_PMU,131,0.0018543541857565238
3,UPFC_tsh,5-15,-0.2290119628294572,14,-0.22899421706154588,MAP_PMU,131,1.774576791133131e-05
4,UPFC_Vse,5-15,0.06046046497252538,14,0.0614292436929136,MAP_PMU,131,0.0009687787203882248
5,UPFC_tse,5-15,-2.143247822775115,14,-2.151988390805865,MAP_PMU,131,0.008740568030749962
0,x_tcsc,1-14,-0.1347714110903136,15,-0.13460977774325864,MAP_PMU,131,0.00016163334705496246
1,B_svc,2,0.2759439196927426,15,0.2759202510778324,MAP_PMU,131,2.366861491021055e-05
2,UPFC_Vsh,5-15,1.1042175997728847,15,1.105896696978529,MAP_PMU,131,0.0016790972056444087
3,UPFC_tsh,5-15,-0.22899284225801497,15,-0.22899421706154588,MAP_PMU,131,1.3748035309069095e-06
4,UPFC_Vse,5-15,0.06055453878024291,15,0.0614292436929136,MAP_PMU,131,0.000874704912670693
5,UPFC_tse,5-15,-2.1511961437386837,15,-2.151988390805865,MAP_PMU,131,0.0007922470671810622
0,x_tcsc,1-14,-0.1346935606972706,16,-0.13460977774325864,MAP_PMU,131,8.378295401195723e-05
1,B_svc,2,0.2762346506361676,16,0.2759202510778324,MAP_PMU,131,0.00031439955833517663
2,UPFC_Vsh,5-15,1.1043968935043822,16,1.105896696978529,MAP_PMU,131,0.0014998034741469102
3,UPFC_tsh,5-15,-0.2289243324785225,16,-0.22899421706154588,MAP_PMU,131,6.988458302337186e-05
4,UPFC_Vse,5-15,0.06004197117062502,16,0.0614292436929136,MAP_PMU,131,0.0013872725222885823
5,UPFC_tse,5-15,-2.1478316993546858,16,-2.151988390805865,MAP_PMU,131,0.004156691451179029
0,x_tcsc,1-14,-0.13480249625797802,17,-0.13460977774325864,MAP_PMU,131,0.0001927185147193866
1,B_svc,2,0.27653158660317234,17,0.2759202510778324,MAP_PMU,131,0.0006113355253399289
2,UPFC_Vsh,5-15,1.1039522696714514,17,1.105896696978529,MAP_PMU,131,0.0019444273070776674
3,UPFC_tsh,5-15,-0.228986666238279,17,-0.22899421706154588,MAP_PMU,131,7.550823266866402e-06
4,UPFC_Vse,5-15,0.06040615243393363,17,0.0614292436929136,MAP_PMU,131,0.0010230912589799732
5,UPFC_tse,5-15,-2.1472908739584535,17,-2.151988390805865,MAP_PMU,131,0.004697516847411265
0,x_tcsc,1-14,-0.13475472697248336,18,-0.13460977774325864,MAP_PMU,131,0.00014494922922472786
1,B_svc,2,0.27619095816524236,18,0.2759202510778324,MAP_PMU,131,0.0002707070874099493
2,UPFC_Vsh,5-15,1.1043853235903995,18,1.105896696978529,MAP_PMU,131,0.0015113733881295666
3,UPFC_tsh,5-15,-0.22900823753373387,18,-0.22899421706154588,MAP_PMU,131,1.4020472187986632e-05
4,UPFC_Vse,5-15,0.0609805317157815,18,0.0614292436929136,MAP_PMU,131,0.00044871197713210187
5,UPFC_tse,5-15,-2.1501465600749055,18,-2.151988390805865,MAP_PMU,131,0.0018418307309593374
0,x_tcsc,1-14,-0.13477922298322634,19,-0.13460977774325864,MAP_PMU,131,0.00016944523996770267
1,B_svc,2,0.27606018885433037,19,0.2759202510778324,MAP_PMU,131,0.0001399377764979559
2,UPFC_Vsh,5-15,1.1041651964192045,19,1.105896696978529,MAP_PMU,131,0.0017315005593245836
3,UPFC_tsh,5-15,-0.22901034777027712,19,-0.22899421706154588,MAP_PMU,131,1.6130708731243448e-05
4,UPFC_Vse,5-15,0.06047998059918757,19,0.0614292436929136,MAP_PMU,131,0.0009492630937260327
5,UPFC_tse,5-15,-2.1453804365713176,19,-2.151988390805865,MAP_PMU,131,0.0066079542345471864
0,x_tcsc,1-14,-0.13477086339250482,20,-0.13460977774325864,MAP_PMU,131,0.00016108564924618984
1,B_svc,2,0.2764640755483886,20,0.2759202510778324,MAP_PMU,131,0.0005438244705561757
2,UPFC_Vsh,5-15,1.1043598471731058,20,1.105896696978529,MAP_PMU,131,0.001536849805423346
3,UPFC_tsh,5-15,-0.2289535764123965,20,-0.22899421706154588,MAP_PMU,131,4.064064914938159e-05
4,UPFC_Vse,5-15,0.06040729294062656,20,0.0614292436929136,MAP_PMU,131,0.0010219507522870458
5,UPFC_tse,5-15,-2.136106507721511,20,-2.151988390805865,MAP_PMU,131,0.0158818830843539
0,x_tcsc,1-14,-0.1346994496666071,21,-0.13460977774325864,MAP_PMU,131,8.967192334846663e-05
1,B_svc,2,0.27601482645510683,21,0.2759202510778324,MAP_PMU,131,9.457537727441956e-05
2,UPFC_Vsh,5-15,1.1042962767341713,21,1.105896696978529,MAP_PMU,131,0.001600420244357803
3,UPFC_tsh,5-15,-0.22901113742961252,21,-0.22899421706154588,MAP_PMU,131,1.6920368066636327e-05
4,UPFC_Vse,5-15,0.06086555107581764,21,0.0614292436929136,MAP_PMU,131,0.0005636926170959622
5,UPFC_tse,5-15,-2.1549892970438904,21,-2.151988390805865,MAP_PMU,131,0.0030009062380256246
0,x_tcsc,1-14,-0.13472145749137066,22,-0.13460977774325864,MAP_PMU,131,0.0001116797481120202
1,B_svc,2,0.27631560469002425,22,0.2759202510778324,MAP_PMU,131,0.00039535361219183995
2,UPFC_Vsh,5-15,1.1042605713804075,22,1.105896696978529,MAP_PMU,131,0.0016361255981216516
3,UPFC_tsh,5-15,-0.22898428522394187,22,-0.22899421706154588,MAP_PMU,131,9.931837604004734e-06
4,UPFC_Vse,5-15,0.06018340857488103,22,0.0614292436929136,MAP_PMU,131,0.0012458351180325705
5,UPFC_tse,5-15,-2.1532781993779526,22,-2.151988390805865,MAP_PMU,131,0.001289808572087825
0,x_tcsc,1-14,-0.13477215754960006,23,-0.13460977774325864,MAP_PMU,131,0.00016237980634142835
1,B_svc,2,0.2763096766396011,23,0.2759202510778324,MAP_PMU,131,0.0003894255617686859
2,UPFC_Vsh,5-15,1.1040033676342729,23,1.105896696978529,MAP_PMU,131,0.0018933293442562338
3,UPFC_tsh,5-15,-0.2290395748710364,23,-0.22899421706154588,MAP_PMU,131,4.5357809490526035e-05
4,UPFC_Vse,5-15,0.06056499888045901,23,0.0614292436929136,MAP_PMU,131,0.0008642448124545898
5,UPFC_tse,5-15,-2.151055769953938,23,-2.151988390805865,MAP_PMU,131,0.000932620851926913
0,x_tcsc,1-14,-0.13475163816784091,24,-0.13460977774325864,MAP_PMU,131,0.00014186042458227965
1,B_svc,2,0.27633083850412127,24,0.2759202510778324,MAP_PMU,131,0.00041058742628885536
2,UPFC_Vsh,5-15,1.1041686965904154,24,1.105896696978529,MAP_PMU,131,0.0017280003881137151
3,UPFC_tsh,5-15,-0.22891198500033896,24,-0.22899421706154588,MAP_PMU,131,8.223206120691606e-05
4,UPFC_Vse,5-15,0.06040854119080556,24,0.0614292436929136,MAP_PMU,131,0.001020702502108041
5,UPFC_tse,5-15,-2.1349429433939844,24,-2.151988390805865,MAP_PMU,131,0.01704544741188041
0,x_tcsc,1-14,-0.13472221179858307,25,-0.13460977774325864,MAP_PMU,131,0.00011243405532443407
1,B_svc,2,0.2753716139465679,25,0.2759202510778324,MAP_PMU,131,0.0005486371312645177
2,UPFC_Vsh,5-15,1.10460612471143,25,1.105896696978529,MAP_PMU,131,0.001290572267099055
3,UPFC_tsh,5-15,-0.22894680959247146,25,-0.22899421706154588,MAP_PMU,131,4.740746907441751e-05
4,UPFC_Vse,5-15,0.06020009367672313,25,0.0614292436929136,MAP_PMU,131,0.0012291500161904709
5,UPFC_tse,5-15,-2.1425338920616084,25,-2.151988390805865,MAP_PMU,131,0.009454498744256412
0,x_tcsc,1-14,-0.13475672160120172,26,-0.13460977774325864,MAP_PMU,131,0.00014694385794308817
1,B_svc,2,0.27603309409986376,26,0.2759202510778324,MAP_PMU,131,0.00011284302203135033
2,UPFC_Vsh,5-15,1.104416604055507,26,1.105896696978529,MAP_PMU,131,0.0014800929230220916
3,UPFC_tsh,5-15,-0.22895976068109006,26,-0.22899421706154588,MAP_PMU,131,3.445638045582178e-05
4,UPFC_Vse,5-15,0.06032192183360527,26,0.0614292436929136,MAP_PMU,131,0.0011073218593083342
5,UPFC_tse,5-15,-2.1500410851653298,26,-2.151988390805865,MAP_PMU,131,0.0019473056405350242
0,x_tcsc,1-14,-0.13468337252381707,27,-0.13460977774325864,MAP_PMU,131,7.35947805584336e-05
1,B_svc,2,0.27607178323253234,27,0.2759202510778324,MAP_PMU,131,0.0001515321546999293
2,UPFC_Vsh,5-15,1.1042646150904833,27,1.105896696978529,MAP_PMU,131,0.0016320818880457555
3,UPFC_tsh,5-15,-0.22897799457901696,27,-0.22899421706154588,MAP_PMU,131,1.6222482528915894e-05
4,UPFC_Vse,5-15,0.060383417717737024,27,0.0614292436929136,MAP_PMU,131,0.0010458259751765786
5,UPFC_tse,5-15,-2.145345647438761,27,-2.151988390805865,MAP_PMU,131,0.006642743367103687
0,x_tcsc,1-14,-0.13473964897769822,28,-0.13460977774325864,MAP_PMU,131,0.00012987123443958248
1,B_svc,2,0.27598851262463814,28,0.2759202510778324,MAP_PMU,131,6.826154680572571e-05
2,UPFC_Vsh,5-15,1.1045821026390799,28,1.105896696978529,MAP_PMU,131,0.0013145943394492487
3,UPFC_tsh,5-15,-0.22898716162827312,28,-0.22899421706154588,MAP_PMU,131,7.055433272756817e-06
4,UPFC_Vse,5-15,0.0607607882649687,28,0.0614292436929136,MAP_PMU,131,0.0006684554279449001
5,UPFC_tse,5-15,-2.143154861303305,28,-2.151988390805865,MAP_PMU,131,0.008833529502559667
0,x_tcsc,1-14,-0.13474053111941975,29,-0.13460977774325864,MAP_PMU,131,0.0001307533761611135
1,B_svc,2,0.2761111961746061,29,0.2759202510778324,MAP_PMU,131,0.00019094509677369809
2,UPFC_Vsh,5-15,1.1044545847518716,29,1.105896696978529,MAP_PMU,131,0.001442112226657466
3,UPFC_tsh,5-15,-0.22894429132372,29,-0.22899421706154588,MAP_PMU,131,4.992573782588994e-05
4,UPFC_Vse,5-15,0.06050144690476302,29,0.0614292436929136,MAP_PMU,131,0.0009277967881505811
5,UPFC_tse,5-15,-2.147630760855878,29,-2.151988390805865,MAP_PMU,131,0.0043576299499870075
0,x_tcsc,1-14,-0.13473312223193953,30,-0.13460977774325864,MAP_PMU,131,0.00012334448868089876
1,B_svc,2,0.27619131814380893,30,0.2759202510778324,MAP_PMU,131,0.00027106706597651575
2,UPFC_Vsh,5-15,1.1044659738237586,30,1.105896696978529,MAP_PMU,131,0.0014307231547705523
3,UPFC_tsh,5-15,-0.22896036689897067,30,-0.22899421706154588,MAP_PMU,131,3.3850162575205234e-05
4,UPFC_Vse,5-15,0.0603574757003702,30,0.0614292436929136,MAP_PMU,131,0.0010717679925434029
5,UPFC_tse,5-15,-2.151818938696949,30,-2.151988390805865,MAP_PMU,131,0.00016945210891572415
0,x_tcsc,1-14,-0.1347737456084988,31,-0.13460977774325864,MAP_PMU,131,0.00016396786524017215
1,B_svc,2,0.2757795679476752,31,0.2759202510778324,MAP_PMU,131,0.00014068313015719314
2,UPFC_Vsh,5-15,1.1042470035704657,31,1.105896696978529,MAP_PMU,131,0.001649693408063424
3,UPFC_tsh,5-15,-0.22897959709621016,31,-0.22899421706154588,MAP_PMU,131,1.4619965335721519e-05
4,UPFC_Vse,5-15,0.06059445312579526,31,0.0614292436929136,MAP_PMU,131,0.0008347905671183403
5,UPFC_tse,5-15,-2.153836707286637,31,-2.151988390805865,MAP_PMU,131,0.0018483164807721053
0,x_tcsc,1-14,-0.1347018848397953,32,-0.13460977774325864,MAP_PMU,131,9.210709653667548e-05
1,B_svc,2,0.27609344213274656,32,0.2759202510778324,MAP_PMU,131,0.00017319105491414577
2,UPFC_Vsh,5-15,1.1040227032591363,32,1.105896696978529,MAP_PMU,131,0.0018739937193927858
3,UPFC_tsh,5-15,-0.22905868219243705,32,-0.22899421706154588,MAP_PMU,131,6.446513089117256e-05
4,UPFC_Vse,5-15,0.06073545680565623,32,0.0614292436929136,MAP_PMU,131,0.0006937868872573735
5,UPFC_tse,5-15,-2.149552357787038,32,-2.151988390805865,MAP_PMU,131,0.0024360330188266666
0,x_tcsc,1-14,-0.134759246454423,33,-0.13460977774325864,MAP_PMU,131,0.00014946871116436333
1,B_svc,2,0.2759977012648795,33,0.2759202510778324,MAP_PMU,131,7.745018704707896e-05
2,UPFC_Vsh,5-15,1.1044190710310655,33,1.105896696978529,MAP_PMU,131,0.00147762594746359
3,UPFC_tsh,5-15,-0.228980841571291,33,-0.22899421706154588,MAP_PMU,131,1.337549025487439e-05
4,UPFC_Vse,5-15,0.0600638977653602,33,0.0614292436929136,MAP_PMU,131,0.001365345927553406
5,UPFC_tse,5-15,-2.1509013481149983,33,-2.151988390805865,MAP_PMU,131,0.0010870426908664577
0,x_tcsc,1-14,-0.13477036748176305,34,-0.13460977774325864,MAP_PMU,131,0.00016058973850441305
1,B_svc,2,0.27649470138482624,34,0.2759202510778324,MAP_PMU,131,0.0005744503069938234
2,UPFC_Vsh,5-15,1.1041966886357677,34,1.105896696978529,MAP_PMU,131,0.0017000083427614054
3,UPFC_tsh,5-15,-0.22905181698651136,34,-0.22899421706154588,MAP_PMU,131,5.7599924965484606e-05
4,UPFC_Vse,5-15,0.06048621547904362,34,0.0614292436929136,MAP_PMU,131,0.0009430282138699828
5,UPFC_tse,5-15,-2.1568800209989805,34,-2.151988390805865,MAP_PMU,131,0.00489163019311567
0,x_tcsc,1-14,-0.13470231800316648,35,-0.13460977774325864,MAP_PMU,131,9.254025990784731e-05
1,B_svc,2,0.2760961220544721,35,0.2759202510778324,MAP_PMU,131,0.00017587097663968043
2,UPFC_Vsh,5-15,1.1043558978731205,35,1.105896696978529,MAP_PMU,131,0.0015407991054086079
3,UPFC_tsh,5-15,-0.22901641576129575,35,-0.22899421706154588,MAP_PMU,131,2.219869974987021e-05
4,UPFC_Vse,5-15,0.06039410895397284,35,0.0614292436929136,MAP_PMU,131,0.0010351347389407628
5,UPFC_tse,5-15,-2.1486675086779554,35,-2.151988390805865,MAP_PMU,131,0.0033208821279093748
0,x_tcsc,1-14,-0.13479110078837336,36,-0.13460977774325864,MAP_PMU,131,0.00018132304511472852
1,B_svc,2,0.2759368340154578,36,0.2759202510778324,MAP_PMU,131,1.6582937625408967e-05
2,UPFC_Vsh,5-15,1.1043013369525212,36,1.105896696978529,MAP_PMU,131,0.0015953600260079082
3,UPFC_tsh,5-15,-0.22901595150168022,36,-0.22899421706154588,MAP_PMU,131,2.1734440134341115e-05
4,UPFC_Vse,5-15,0.05999618030037094,36,0.0614292436929136,MAP_PMU,131,0.0014330633925426634
5,UPFC_tse,5-15,-2.140414137128869,36,-2.151988390805865,MAP_PMU,131,0.011574253676995827
0,x_tcsc,1-14,-0.1347451455072042,37,-0.13460977774325864,MAP_PMU,131,0.00013536776394557082
1,B_svc,2,0.2757910645127222,37,0.2759202510778324,MAP_PMU,131,0.00012918656511023974
2,UPFC_Vsh,5-15,1.1043203275096747,37,1.105896696978529,MAP_PMU,131,0.0015763694688544216
3,UPFC_tsh,5-15,-0.22895903879757865,37,-0.22899421706154588,MAP_PMU,131,3.517826396723378e-05
4,UPFC_Vse,5-15,0.06041370025825275,37,0.0614292436929136,MAP_PMU,131,0.0010155434346608497
5,UPFC_tse,5-15,-2.146303603836266,37,-2.151988390805865,MAP_PMU,131,0.005684786969598843
0,x_tcsc,1-14,-0.13472894422113443,38,-0.13460977774325864,MAP_PMU,131,0.00011916647787579837
1,B_svc,2,0.27611655886569064,38,0.2759202510778324,MAP_PMU,131,0.00019630778785822978
2,UPFC_Vsh,5-15,1.1041777661242786,38,1.105896696978529,MAP_PMU,131,0.0017189308542504556
3,UPFC_tsh,5-15,-0.22900194090628403,38,-0.22899421706154588,MAP_PMU,131,7.723844738155572e-06
4,UPFC_Vse,5-15,0.06059088120109171,38,0.0614292436929136,MAP_PMU,131,0.000838362491821891
5,UPFC_tse,5-15,-2.1532771477456625,38,-2.151988390805865,MAP_PMU,131,0.0012887569397976861
0,x_tcsc,1-14,-0.13476247530085642,39,-0.13460977774325864,MAP_PMU,131,0.0001526975575977807
1,B_svc,2,0.2756890388306732,39,0.2759202510778324,MAP_PMU,131,0.00023121224715921818
2,UPFC_Vsh,5-15,1.1043360291929964,39,1.105896696978529,MAP_PMU,131,0.0015606677855326545
3,UPFC_tsh,5-15,-0.22900122868750278,39,-0.22899421706154588,MAP_PMU,131,7.011625956898637e-06
4,UPFC_Vse,5-15,0.06057423662246157,39,0.0614292436929136,MAP_PMU,131,0.000855007070452031
5,UPFC_tse,5-15,-2.1558460149006904,39,-2.151988390805865,MAP_PMU,131,0.0038576240948255958
0,x_tcsc,1-14,-0.13475602736126216,40,-0.13460977774325864,MAP_PMU,131,0.00014624961800352443
1,B_svc,2,0.2759780441330023,40,0.2759202510778324,MAP_PMU,131,5.7793055169896856e-05
2,UPFC_Vsh,5-15,1.1044467287395618,40,1.105896696978529,MAP_PMU,131,0.0014499682389672586
3,UPFC_tsh,5-15,-0.2289859101799251,40,-0.22899421706154588,MAP_PMU,131,8.306881620789852e-06
4,UPFC_Vse,5-15,0.060405217465612594,40,0.0614292436929136,MAP_PMU,131,0.0010240262273010087
5,UPFC_tse,5-15,-2.1397252354667393,40,-2.151988390805865,MAP_PMU,131,0.012263155339125476
0,x_tcsc,1-14,-0.13469322700073605,41,-0.13460977774325864,MAP_PMU,131,8.344925747741372e-05
1,B_svc,2,0.2760568326465111,41,0.2759202510778324,MAP_PMU,131,0.0001365815686786842
2,UPFC_Vsh,5-15,1.1041442451626446,41,1.105896696978529,MAP_PMU,131,0.0017524518158844593
3,UPFC_tsh,5-15,-0.2290169269259638,41,-0.22899421706154588,MAP_PMU,131,2.270986441790801e-05
4,UPFC_Vse,5-15,0.06040573807332389,41,0.0614292436929136,MAP_PMU,131,0.0010235056195897138
5,UPFC_tse,5-15,-2.1508319714602737,41,-2.151988390805865,MAP_PMU,131,0.0011564193455910754
0,x_tcsc,1-14,-0.13479203519167443,42,-0.13460977774325864,MAP_PMU,131,0.00018225744841579572
1,B_svc,2,0.2762218662869585,42,0.2759202510778324,MAP_PMU,131,0.00030161520912608264
2,UPFC_Vsh,5-15,1.1043644328411257,42,1.105896696978529,MAP_PMU,131,0.0015322641374033719
3,UPFC_tsh,5-15,-0.2290212581623644,42,-0.22899421706154588,MAP_PMU,131,2.704110081852562e-05
4,UPFC_Vse,5-15,0.06061848245119522,42,0.0614292436929136,MAP_PMU,131,0.0008107612417183815
5,UPFC_tse,5-15,-2.1506730912322785,42,-2.151988390805865,MAP_PMU,131,0.001315299573586337
0,x_tcsc,1-14,-0.13474065981349367,43,-0.13460977774325864,MAP_PMU,131,0.00013088207023503884
1,B_svc,2,0.2764516614437749,43,0.2759202510778324,MAP_PMU,131,0.0005314103659425085
2,UPFC_Vsh,5-15,1.1041879250509057,43,1.105896696978529,MAP_PMU,131,0.0017087719276234203
3,UPFC_tsh,5-15,-0.22905226171198226,43,-0.22899421706154588,MAP_PMU,131,5.804465043637852e-05
4,UPFC_Vse,5-15,0.06017361319209231,43,0.0614292436929136,MAP_PMU,131,0.0012556305008212948
5,UPFC_tse,5-15,-2.155049718486011,43,-2.151988390805865,MAP_PMU,131,0.0030613276801463307
0,x_tcsc,1-14,-0.13477735950869815,44,-0.13460977774325864,MAP_PMU,131,0.0001675817654395173
1,B_svc,2,0.27605909970574133,44,0.2759202510778324,MAP_PMU,131,0.00013884862790891628
2,UPFC_Vsh,5-15,1.1046287175527147,44,1.105896696978529,MAP_PMU,131,0.0012679794258143584
3,UPFC_tsh,5-15,-0.22893066772947007,44,-0.22899421706154588,MAP_PMU,131,6.354933207580737e-05
4,UPFC_Vse,5-15,0.06016125419518907,44,0.0614292436929136,MAP_PMU,131,0.0012679894977245323
5,UPFC_tse,5-15,-2.138779762403865,44,-2.151988390805865,MAP_PMU,131,0.013208628401999878
0,x_tcsc,1-14,-0.13480172261570011,45,-0.13460977774325864,MAP_PMU,131,0.00019194487244147962
1,B_svc,2,0.2759389758625069,45,0.2759202510778324,MAP_PMU,131,1.8724784674462036e-05
2,UPFC_Vsh,5-15,1.1042932818071862,45,1.105896696978529,MAP_PMU,131,0.0016034151713428813
3,UPFC_tsh,5-15,-0.22906161001918104,45,-0.22899421706154588,MAP_PMU,131,6.739295763516506e-05
4,UPFC_Vse,5-15,0.06017145556480408,45,0.0614292436929136,MAP_PMU,131,0.0012577881281095257
5,UPFC_tse,5-15,-2.152830879727474,45,-2.151988390805865,MAP_PMU,131,0.0008424889216089859
0,x_tcsc,1-14,-0.13473208704001635,46,-0.13460977774325864,MAP_PMU,131,0.00012230929675771662
1,B_svc,2,0.2759152654953788,46,0.2759202510778324,MAP_PMU,131,4.9855824535982585e-06
2,UPFC_Vsh,5-15,1.1042852604559374,46,1.105896696978529,MAP_PMU,131,0.0016114365225916583
3,UPFC_tsh,5-15,-0.22896778803556084,46,-0.22899421706154588,MAP_PMU,131,2.6429025985041932e-05
4,UPFC_Vse,5-15,0.06054970140434065,46,0.0614292436929136,MAP_PMU,131,0.0008795422885729542
5,UPFC_tse,5-15,-2.1424644878522465,46,-2.151988390805865,MAP_PMU,131,0.009523902953618268
0,x_tcsc,1-14,-0.13476200223269527,47,-0.13460977774325864,MAP_PMU,131,0.00015222448943663647
1,B_svc,2,0.276075030281317,47,0.2759202510778324,MAP_PMU,131,0.00015477920348461183
2,UPFC_Vsh,5-15,1.104466141157722,47,1.105896696978529,MAP_PMU,131,0.0014305558208072
3,UPFC_tsh,5-15,-0.2290010739448619,47,-0.22899421706154588,MAP_PMU,131,6.8568833160309595e-06
4,UPFC_Vse,5-15,0.05974836198416937,47,0.0614292436929136,MAP_PMU,131,0.001680881708744232
5,UPFC_tse,5-15,-2.148283216588419,47,-2.151988390805865,MAP_PMU,131,0.0037051742174458724
0,x_tcsc,1-14,-0.13474744729004784,48,-0.13460977774325864,MAP_PMU,131,0.00013766954678920418
1,B_svc,2,0.2761161656176617,48,0.2759202510778324,MAP_PMU,131,0.00019591453982931162
2,UPFC_Vsh,5-15,1.1047304390087036,48,1.105896696978529,MAP_PMU,131,0.0011662579698255016
3,UPFC_tsh,5-15,-0.22895668062693014,48,-0.22899421706154588,MAP_PMU,131,3.753643461573697e-05
4,UPFC_Vse,5-15,0.06052492972546717,48,0.0614292436929136,MAP_PMU,131,0.0009043139674464323
5,UPFC_tse,5-15,-2.1442796369061874,48,-2.151988390805865,MAP_PMU,131,0.007708753899677401
0,x_tcsc,1-14,-0.13468615799076872,49,-0.13460977774325864,MAP_PMU,131,7.638024751008277e-05
1,B_svc,2,0.27570993834079915,49,0.2759202510778324,MAP_PMU,131,0.00021031273703325803
2,UPFC_Vsh,5-15,1.1044593047636433,49,1.105896696978529,MAP_PMU,131,0.0014373922148858131
3,UPFC_tsh,5-15,-0.229001515408593,49,-0.22899421706154588,MAP_PMU,131,7.298347047129949e-06
4,UPFC_Vse,5-15,0.060432673742660536,49,0.0614292436929136,MAP_PMU,131,0.0009965699502530664
5,UPFC_tse,5-15,-2.1438137350589836,49,-2.151988390805865,MAP_PMU,131,0.008174655746881143
0,x_tcsc,1-14,-0.1347172921129416,50,-0.13460977774325864,MAP_PMU,131,0.00010751436968295391
1,B_svc,2,0.2762432868812207,50,0.2759202510778324,MAP_PMU,131,0.00032303580338827187
2,UPFC_Vsh,5-15,1.1045137852652653,50,1.105896696978529,MAP_PMU,131,0.001382911713263768
3,UPFC_tsh,5-15,-0.22902345309308098,50,-0.22899421706154588,MAP_PMU,131,2.9236031535095908e-05
4,UPFC_Vse,5-15,0.0607547452696387,50,0.0614292436929136,MAP_PMU,131,0.0006744984232749038
5,UPFC_tse,5-15,-2.157558716704957,50,-2.151988390805865,MAP_PMU,131,0.005570325899092232
0,x_tcsc,1-14,-0.13474269197790112,51,-0.13460977774325864,MAP_PMU,131,0.00013291423464248386
1,B_svc,2,0.2759544681704696,51,0.2759202510778324,MAP_PMU,131,3.421709263717876e-05
2,UPFC_Vsh,5-15,1.1044285818314488,51,1.105896696978529,MAP_PMU,131,0.00146811514708034
3,UPFC_tsh,5-15,-0.2290390651932406,51,-0.22899421706154588,MAP_PMU,131,4.484813169472468e-05
4,UPFC_Vse,5-15,0.06045078489465646,51,0.0614292436929136,MAP_PMU,131,0.0009784587982571424
5,UPFC_tse,5-15,-2.140308824118749,51,-2.151988390805865,MAP_PMU,131,0.011679566687115894
0,x_tcsc,1-14,-0.13473326399671456,52,-0.13460977774325864,MAP_PMU,131,0.0001234862534559289
1,B_svc,2,0.2764312231477175,52,0.2759202510778324,MAP_PMU,131,0.0005109720698850961
2,UPFC_Vsh,5-15,1.1045102095116446,52,1.105896696978529,MAP_PMU,131,0.0013864874668845228
3,UPFC_tsh,5-15,-0.22902344338296304,52,-0.22899421706154588,MAP_PMU,131,2.922632141716397e-05
4,UPFC_Vse,5-15,0.060428670340995715,52,0.0614292436929136,MAP_PMU,131,0.0010005733519178883
5,UPFC_tse,5-15,-2.1529387901964268,52,-2.151988390805865,MAP_PMU,131,0.0009503993905619623
0,x_tcsc,1-14,-0.13466845614948783,53,-0.13460977774325864,MAP_PMU,131,5.867840622919562e-05
1,B_svc,2,0.27612901141420176,53,0.2759202510778324,MAP_PMU,131,0.00020876033636935132
2,UPFC_Vsh,5-15,1.1043356232447135,53,1.105896696978529,MAP_PMU,131,0.0015610737338156433
3,UPFC_tsh,5-15,-0.22907319222525502,53,-0.22899421706154588,MAP_PMU,131,7.897516370913849e-05
4,UPFC_Vse,5-15,0.060463488602410215,53,0.0614292436929136,MAP_PMU,131,0.0009657550905033882
5,UPFC_tse,5-15,-2.1440030920650086,53,-2.151988390805865,MAP_PMU,131,0.007985298740856184
0,x_tcsc,1-14,-0.1347313020307505,54,-0.13460977774325864,MAP_PMU,131,0.00012152428749187538
1,B_svc,2,0.2762008978738928,54,0.2759202510778324,MAP_PMU,131,0.0002806467960603798
2,UPFC_Vsh,5-15,1.104512638354381,54,1.105896696978529,MAP_PMU,131,0.0013840586241480324
3,UPFC_tsh,5-15,-0.22897425511783054,54,-0.22899421706154588,MAP_PMU,131,1.996194371534088e-05
4,UPFC_Vse,5-15,0.06054134912733557,54,0.0614292436929136,MAP_PMU,131,0.000887894565578036
5,UPFC_tse,5-15,-2.141939317216518,54,-2.151988390805865,MAP_PMU,131,0.010049073589346591
0,x_tcsc,1-14,-0.13473252764216861,55,-0.13460977774325864,MAP_PMU,131,0.00012274989890997956
1,B_svc,2,0.2761098408186152,55,0.2759202510778324,MAP_PMU,131,0.000189589740782814
2,UPFC_Vsh,5-15,1.1045114208803957,55,1.105896696978529,MAP_PMU,131,0.0013852760981334367
3,UPFC_tsh,5-15,-0.22893874592010616,55,-0.22899421706154588,MAP_PMU,131,5.547114143972243e-05
4,UPFC_Vse,5-15,0.06034849092430531,55,0.0614292436929136,MAP_PMU,131,0.0010807527686082924
5,UPFC_tse,5-15,-2.154888792028866,55,-2.151988390805865,MAP_PMU,131,0.002900401223001392
0,x_tcsc,1-14,-0.13474335241649615,56,-0.13460977774325864,MAP_PMU,131,0.0001335746732375187
1,B_svc,2,0.27591661246934485,56,0.2759202510778324,MAP_PMU,131,3.6386084875661417e-06
2,UPFC_Vsh,5-15,1.1044578646761094,56,1.105896696978529,MAP_PMU,131,0.0014388323024197014
3,UPFC_tsh,5-15,-0.22897916385510095,56,-0.22899421706154588,MAP_PMU,131,1.5053206444931577e-05
4,UPFC_Vse,5-15,0.060441954926949655,56,0.0614292436929136,MAP_PMU,131,0.0009872887659639479
5,UPFC_tse,5-15,-2.1507829503411813,56,-2.151988390805865,MAP_PMU,131,0.001205440464683516
0,x_tcsc,1-14,-0.1346811157661033,57,-0.13460977774325864,MAP_PMU,131,7.133802284467472e-05
1,B_svc,2,0.27615394376181374,57,0.2759202510778324,MAP_PMU,131,0.0002336926839813236
2,UPFC_Vsh,5-15,1.1039469478691442,57,1.105896696978529,MAP_PMU,131,0.0019497491093849462
3,UPFC_tsh,5-15,-0.22901734063061524,57,-0.22899421706154588,MAP_PMU,131,2.3123569069360972e-05
4,UPFC_Vse,5-15,0.06058171607919766,57,0.0614292436929136,MAP_PMU,131,0.0008475276137159399
5,UPFC_tse,5-15,-2.152000744974685,57,-2.151988390805865,MAP_PMU,131,1.2354168820394307e-05
0,x_tcsc,1-14,-0.13478744377591648,58,-0.13460977774325864,MAP_PMU,131,0.00017766603265784164
1,B_svc,2,0.276001142084973,58,0.2759202510778324,MAP_PMU,131,8.089100714059327e-05
2,UPFC_Vsh,5-15,1.104342253642211,58,1.105896696978529,MAP_PMU,131,0.0015544433363181565
3,UPFC_tsh,5-15,-0.2290138414804705,58,-0.22899421706154588,MAP_PMU,131,1.9624418924613085e-05
4,UPFC_Vse,5-15,0.06006086126976334,58,0.0614292436929136,MAP_PMU,131,0.0013683824231502661
5,UPFC_tse,5-15,-2.145831551226576,58,-2.151988390805865,MAP_PMU,131,0.006156839579288587
0,x_tcsc,1-14,-0.13475360309663909,59,-0.13460977774325864,MAP_PMU,131,0.0001438253533804501
1,B_svc,2,0.2762393607784876,59,0.2759202510778324,MAP_PMU,131,0.0003191097006551846
2,UPFC_Vsh,5-15,1.1046562983922161,59,1.105896696978529,MAP_PMU,131,0.001240398586312974
3,UPFC_tsh,5-15,-0.22892573442515332,59,-0.22899421706154588,MAP_PMU,131,6.848263639255836e-05
4,UPFC_Vse,5-15,0.06034979737075868,59,0.0614292436929136,MAP_PMU,131,0.0010794463221549255
5,UPFC_tse,5-15,-2.1499282068595655,59,-2.151988390805865,MAP_PMU,131,0.0020601839462992544
0,x_tcsc,1-14,-0.13470598535365436,60,-0.13460977774325864,MAP_PMU,131,9.620761039572101e-05
1,B_svc,2,0.2759269908594763,60,0.2759202510778324,MAP_PMU,131,6.739781643894105e-06
2,UPFC_Vsh,5-15,1.1044592156114943,60,1.105896696978529,MAP_PMU,131,0.0014374813670348097
3,UPFC_tsh,5-15,-0.2289779712605427,60,-0.22899421706154588,MAP_PMU,131,1.6245801003178517e-05
4,UPFC_Vse,5-15,0.06038027286630616,60,0.0614292436929136,MAP_PMU,131,0.0010489708266074455
5,UPFC_tse,5-15,-2.1457939784865196,60,-2.151988390805865,MAP_PMU,131,0.006194412319345144
0,x_tcsc,1-14,-0.13476365310274352,61,-0.13460977774325864,MAP_PMU,131,0.00015387535948488407
1,B_svc,2,0.2760413219235452,61,0.2759202510778324,MAP_PMU,131,0.00012107084571277849
2,UPFC_Vsh,5-15,1.1046160956084778,61,1.105896696978529,MAP_PMU,131,0.0012806013700512597
3,UPFC_tsh,5-15,-0.22898774945080974,61,-0.22899421706154588,MAP_PMU,131,6.4676107361383295e-06
4,UPFC_Vse,5-15,0.06016536334996163,61,0.0614292436929136,MAP_PMU,131,0.0012638803429519743
5,UPFC_tse,5-15,-2.152342279160918,61,-2.151988390805865,MAP_PMU,131,0.00035388835505312244
0,x_tcsc,1-14,-0.13480003758906242,62,-0.13460977774325864,MAP_PMU,131,0.0001902598458037863
1,B_svc,2,0.27637501816748766,62,0.2759202510778324,MAP_PMU,131,0.00045476708965525026
2,UPFC_Vsh,5-15,1.104608205495366,62,1.105896696978529,MAP_PMU,131,0.0012884914831630123
3,UPFC_tsh,5-15,-0.22903957184608392,62,-0.22899421706154588,MAP_PMU,131,4.535478453804309e-05
4,UPFC_Vse,5-15,0.06031525385608438,62,0.0614292436929136,MAP_PMU,131,0.0011139898368292198
5,UPFC_tse,5-15,-2.148276263567431,62,-2.151988390805865,MAP_PMU,131,0.0037121272384337267
0,x_tcsc,1-14,-0.1347160366530465,63,-0.13460977774325864,MAP_PMU,131,0.00010625890978785413
1,B_svc,2,0.2760192037374368,63,0.2759202510778324,MAP_PMU,131,9.895265960441213e-05
2,UPFC_Vsh,5-15,1.1044817671288254,63,1.105896696978529,MAP_PMU,131,0.0014149298497037055
3,UPFC_tsh,5-15,-0.22899190653745946,63,-0.22899421706154588,MAP_PMU,131,2.3105240864185195e-06
4,UPFC_Vse,5-15,0.06073682038401068,63,0.0614292436929136,MAP_PMU,131,0.0006924233089029216
5,UPFC_tse,5-15,-2.141141565306595,63,-2.151988390805865,MAP_PMU,131,0.010846825499269741
0,x_tcsc,1-14,-0.1347821262491075,64,-0.13460977774325864,MAP_PMU,131,0.00017234850584885164
1,B_svc,2,0.2762170526105775,64,0.2759202510778324,MAP_PMU,131,0.0002968015327450835
2,UPFC_Vsh,5-15,1.104367783567301,64,1.105896696978529,MAP_PMU,131,0.0015289134112281833
3,UPFC_tsh,5-15,-0.2289418294557115,64,-0.22899421706154588,MAP_PMU,131,5.2387605834369744e-05
4,UPFC_Vse,5-15,0.060473320059812145,64,0.0614292436929136,MAP_PMU,131,0.0009559236331014576
5,UPFC_tse,5-15,-2.147114250913134,64,-2.151988390805865,MAP_PMU,131,0.004874139892730778
0,x_tcsc,1-14,-0.13470230854528145,65,-0.13460977774325864,MAP_PMU,131,9.25308020228166e-05
1,B_svc,2,0.27622122030081026,65,0.2759202510778324,MAP_PMU,131,0.0003009692229778427
2,UPFC_Vsh,5-15,1.1043454703457154,65,1.105896696978529,MAP_PMU,131,0.001551226632813707
3,UPFC_tsh,5-15,-0.22899763907341347,65,-0.22899421706154588,MAP_PMU,131,3.4220118675931666e-06
4,UPFC_Vse,5-15,0.06026492274660663,65,0.0614292436929136,MAP_PMU,131,0.0011643209463069737
5,UPFC_tse,5-15,-2.142112608387232,65,-2.151988390805865,MAP_PMU,131,0.009875782418632628
0,x_tcsc,1-14,-0.13472465928382357,66,-0.13460977774325864,MAP_PMU,131,0.00011488154056493727
1,B_svc,2,0.2764049584318944,66,0.2759202510778324,MAP_PMU,131,0.00048470735406197507
2,UPFC_Vsh,5-15,1.1043206458712331,66,1.105896696978529,MAP_PMU,131,0.0015760511072959726
3,UPFC_tsh,5-15,-0.22907979689970806,66,-0.22899421706154588,MAP_PMU,131,8.557983816218084e-05
4,UPFC_Vse,5-15,0.06007108915844769,66,0.0614292436929136,MAP_PMU,131,0.0013581545344659163
5,UPFC_tse,5-15,-2.147623158722365,66,-2.151988390805865,MAP_PMU,131,0.004365232083499926
0,x_tcsc,1-14,-0.13470308420642596,67,-0.13460977774325864,MAP_PMU,131,9.330646316732527e-05
1,B_svc,2,0.2765781898796171,67,0.2759202510778324,MAP_PMU,131,0.0006579388017846632
2,UPFC_Vsh,5-15,1.1043727629755202,67,1.105896696978529,MAP_PMU,131,0.0015239340030088755
3,UPFC_tsh,5-15,-0.22894866766445152,67,-0.22899421706154588,MAP_PMU,131,4.554939709436323e-05
4,UPFC_Vse,5-15,0.06025710636633013,67,0.0614292436929136,MAP_PMU,131,0.0011721373265834722
5,UPFC_tse,5-15,-2.1458962318019936,67,-2.151988390805865,MAP_PMU,131,0.006092159003871167
0,x_tcsc,1-14,-0.13472537796707643,68,-0.13460977774325864,MAP_PMU,131,0.00011560022381779111
1,B_svc,2,0.2763972906018747,68,0.2759202510778324,MAP_PMU,131,0.00047703952404226646
2,UPFC_Vsh,5-15,1.1041516734673353,68,1.105896696978529,MAP_PMU,131,0.0017450235111937662
3,UPFC_tsh,5-15,-0.22904576992218662,68,-0.22899421706154588,MAP_PMU,131,5.155286064073561e-05
4,UPFC_Vse,5-15,0.060558468726869596,68,0.0614292436929136,MAP_PMU,131,0.0008707749660440064
5,UPFC_tse,5-15,-2.1566469156182224,68,-2.151988390805865,MAP_PMU,131,0.004658524812357623
0,x_tcsc,1-14,-0.1347379326876909,69,-0.13460977774325864,MAP_PMU,131,0.00012815494443227382
1,B_svc,2,0.2755808573113716,69,0.2759202510778324,MAP_PMU,131,0.0003393937664608049
2,UPFC_Vsh,5-15,1.1046431250333533,69,1.105896696978529,MAP_PMU,131,0.0012535719451758354
3,UPFC_tsh,5-15,-0.22900012132503905,69,-0.22899421706154588,MAP_PMU,131,5.9042634931727456e-06
4,UPFC_Vse,5-15,0.06063411225391885,69,0.0614292436929136,MAP_PMU,131,0.0007951314389947547
5,UPFC_tse,5-15,-2.142838430957993,69,-2.151988390805865,MAP_PMU,131,0.009149959847871703
0,x_tcsc,1-14,-0.13475707239636794,70,-0.13460977774325864,MAP_PMU,131,0.0001472946531093089
1,B_svc,2,0.2756346893136935,70,0.2759202510778324,MAP_PMU,131,0.00028556176413890855
2,UPFC_Vsh,5-15,1.1042806002417807,70,1.105896696978529,MAP_PMU,131,0.0016160967367484513
3,UPFC_tsh,5-15,-0.2289616894582518,70,-0.22899421706154588,MAP_PMU,131,3.252760329408577e-05
4,UPFC_Vse,5-15,0.060019486475116894,70,0.0614292436929136,MAP_PMU,131,0.0014097572177967088
5,UPFC_tse,5-15,-2.1462101849348802,70,-2.151988390805865,MAP_PMU,131,0.005778205870984543
0,x_tcsc,1-14,-0.134738017240265,71,-0.13460977774325864,MAP_PMU,131,0.00012823949700635495
1,B_svc,2,0.27592931906815316,71,0.2759202510778324,MAP_PMU,131,9.067990320743569e-06
2,UPFC_Vsh,5-15,1.10435568973214,71,1.105896696978529,MAP_PMU,131,0.001541007246389059
3,UPFC_tsh,5-15,-0.22896968315299834,71,-0.22899421706154588,MAP_PMU,131,2.453390854753601e-05
4,UPFC_Vse,5-15,0.060248852070389,71,0.0614292436929136,MAP_PMU,131,0.0011803916225246042
5,UPFC_tse,5-15,-2.1425894953226527,71,-2.151988390805865,MAP_PMU,131,0.009398895483212044
0,x_tcsc,1-14,-0.13480605903785609,72,-0.13460977774325864,MAP_PMU,131,0.00019628129459745014
1,B_svc,2,0.2763595903926651,72,0.2759202510778324,MAP_PMU,131,0.0004393393148326985
2,UPFC_Vsh,5-15,1.1043907118393668,72,1.105896696978529,MAP_PMU,131,0.0015059851391623358
3,UPFC_tsh,5-15,-0.22898279969773877,72,-0.22899421706154588,MAP_PMU,131,1.1417363807109115e-05
4,UPFC_Vse,5-15,0.060506264821951615,72,0.0614292436929136,MAP_PMU,131,0.0009229788709619879
5,UPFC_tse,5-15,-2.1504981459137293,72,-2.151988390805865,MAP_PMU,131,0.0014902448921354505
0,x_tcsc,1-14,-0.13473874005507225,73,-0.13460977774325864,MAP_PMU,131,0.00012896231181361295
1,B_svc,2,0.27604189321202466,73,0.2759202510778324,MAP_PMU,131,0.00012164213419224579
2,UPFC_Vsh,5-15,1.104389083427769,73,1.105896696978529,MAP_PMU,131,0.001507613550760123
3,UPFC_tsh,5-15,-0.22900273779234426,73,-0.22899421706154588,MAP_PMU,131,8.520730798378118e-06
4,UPFC_Vse,5-15,0.06025280603700431,73,0.0614292436929136,MAP_PMU,131,0.0011764376559092946
5,UPFC_tse,5-15,-2.1567725253567005,73,-2.151988390805865,MAP_PMU,131,0.004784134550835706
0,x_tcsc,1-14,-0.13478430641927347,74,-0.13460977774325864,MAP_PMU,131,0.00017452867601483457
1,B_svc,2,0.27673890762951403,74,0.2759202510778324,MAP_PMU,131,0.000818656551681618
2,UPFC_Vsh,5-15,1.104058441590745,74,1.105896696978529,MAP_PMU,131,0.001838255387784038
3,UPFC_tsh,5-15,-0.22903360187672922,74,-0.22899421706154588,MAP_PMU,131,3.9384815183340915e-05
4,UPFC_Vse,5-15,0.06094438291431581,74,0.0614292436929136,MAP_PMU,131,0.00048486077859779403
5,UPFC_tse,5-15,-2.1546513215714977,74,-2.151988390805865,MAP_PMU,131,0.0026629307656329537
0,x_tcsc,1-14,-0.1347909282813081,75,-0.13460977774325864,MAP_PMU,131,0.00018115053804945713
1,B_svc,2,0.2759983411496189,75,0.2759202510778324,MAP_PMU,131,7.80900717864963e-05
2,UPFC_Vsh,5-15,1.1042513211587104,75,1.105896696978529,MAP_PMU,131,0.0016453758198187174
3,UPFC_tsh,5-15,-0.22903119081675177,75,-0.22899421706154588,MAP_PMU,131,3.697375520589352e-05
4,UPFC_Vse,5-15,0.06094619161763819,75,0.0614292436929136,MAP_PMU,131,0.00048305207527541555
5,UPFC_tse,5-15,-2.1494795268056857,75,-2.151988390805865,MAP_PMU,131,0.002508864000179134
0,x_tcsc,1-14,-0.13474603551070216,76,-0.13460977774325864,MAP_PMU,131,0.00013625776744352613
1,B_svc,2,0.2762938614721939,76,0.2759202510778324,MAP_PMU,131,0.0003736103943615121
2,UPFC_Vsh,5-15,1.1043130012091844,76,1.105896696978529,MAP_PMU,131,0.0015836957693446951
3,UPFC_tsh,5-15,-0.22902347823448885,76,-0.22899421706154588,MAP_PMU,131,2.926117294296815e-05
4,UPFC_Vse,5-15,0.06089185392633145,76,0.0614292436929136,MAP_PMU,131,0.0005373897665821512
5,UPFC_tse,5-15,-2.157702731749845,76,-2.151988390805865,MAP_PMU,131,0.005714340943980378
0,x_tcsc,1-14,-0.1347390274224599,77,-0.13460977774325864,MAP_PMU,131,0.0001292496792012765
1,B_svc,2,0.2759491444501945,77,0.2759202510778324,MAP_PMU,131,2.889337236205991e-05
2,UPFC_Vsh,5-15,1.1044246852242228,77,1.105896696978529,MAP_PMU,131,0.001472011754306335
3,UPFC_tsh,5-15,-0.22901750325543177,77,-0.22899421706154588,MAP_PMU,131,2.3286193885890816e-05
4,UPFC_Vse,5-15,0.05999476777106981,77,0.0614292436929136,MAP_PMU,131,0.0014344759218437933
5,UPFC_tse,5-15,-2.1452837095596102,77,-2.151988390805865,MAP_PMU,131,0.006704681246254562
0,x_tcsc,1-14,-0.13480107028153301,78,-0.13460977774325864,MAP_PMU,131,0.0001912925382743791
1,B_svc,2,0.27570806867850445,78,0.2759202510778324,MAP_PMU,131,0.0002121823993279648
2,UPFC_Vsh,5-15,1.104394138164442,78,1.105896696978529,MAP_PMU,131,0.0015025588140871182
3,UPFC_tsh,5-15,-0.22896944490165738,78,-0.22899421706154588,MAP_PMU,131,2.477215988849757e-05
4,UPFC_Vse,5-15,0.060020726055059405,78,0.0614292436929136,MAP_PMU,131,0.001408517637854198
5,UPFC_tse,5-15,-2.1496260590451244,78,-2.151988390805865,MAP_PMU,131,0.0023623317607404104
0,x_tcsc,1-14,-0.13475120675526087,79,-0.13460977774325864,MAP_PMU,131,0.00014142901200223101
1,B_svc,2,0.27587247165148576,79,0.2759202510778324,MAP_PMU,131,4.777942634665022e-05
2,UPFC_Vsh,5-15,1.104125549258263,79,1.105896696978529,MAP_PMU,131,0.0017711477202662085
3,UPFC_tsh,5-15,-0.22901687215861433,79,-0.22899421706154588,MAP_PMU,131,2.2655097068446928e-05
4,UPFC_Vse,5-15,0.06042793455644451,79,0.0614292436929136,MAP_PMU,131,0.0010013091364690918
5,UPFC_tse,5-15,-2.159938612802745,79,-2.151988390805865,MAP_PMU,131,0.007950221996880114
0,x_tcsc,1-14,-0.13469314899865514,80,-0.13460977774325864,MAP_PMU,131,8.337125539650825e-05
1,B_svc,2,0.27613118569151013,80,0.2759202510778324,MAP_PMU,131,0.0002109346136777157
2,UPFC_Vsh,5-15,1.1041576287143733,80,1.105896696978529,MAP_PMU,131,0.0017390682641558186
3,UPFC_tsh,5-15,-0.22904533741711258,80,-0.22899421706154588,MAP_PMU,131,5.11203555667028e-05
4,UPFC_Vse,5-15,0.060308079328109665,80,0.0614292436929136,MAP_PMU,131,0.001121164364803938
5,UPFC_tse,5-15,-2.1509345263618767,80,-2.151988390805865,MAP_PMU,131,0.0010538644439881395
0,x_tcsc,1-14,-0.1347234621624857,81,-0.13460977774325864,MAP_PMU,131,0.00011368441922707251
1,B_svc,2,0.27593178431254184,81,0.2759202510778324,MAP_PMU,131,1.1533234709426576e-05
2,UPFC_Vsh,5-15,1.104073754636863,81,1.105896696978529,MAP_PMU,131,0.0018229423416660229
3,UPFC_tsh,5-15,-0.22906789007329562,81,-0.22899421706154588,MAP_PMU,131,7.36730117497364e-05
4,UPFC_Vse,5-15,0.06094860778690127,81,0.0614292436929136,MAP_PMU,131,0.0004806359060123347
5,UPFC_tse,5-15,-2.1564336840216023,81,-2.151988390805865,MAP_PMU,131,0.0044452932157375
0,x_tcsc,1-14,-0.13476215780676706,82,-0.13460977774325864,MAP_PMU,131,0.00015238006350842825
1,B_svc,2,0.276222443344588,82,0.2759202510778324,MAP_PMU,131,0.0003021922667555965
2,UPFC_Vsh,5-15,1.1041094858721707,82,1.105896696978529,MAP_PMU,131,0.0017872111063583773
3,UPFC_tsh,5-15,-0.22901452178685963,82,-0.22899421706154588,MAP_PMU,131,2.030472531375227e-05
4,UPFC_Vse,5-15,0.06042848248334187,82,0.0614292436929136,MAP_PMU,131,0.0010007612095717308
5,UPFC_tse,5-15,-2.153043209531963,82,-2.151988390805865,MAP_PMU,131,0.001054818726098361
0,x_tcsc,1-14,-0.134710131023598,83,-0.13460977774325864,MAP_PMU,131,0.00010035328033936031
1,B_svc,2,0.27577711441733116,83,0.2759202510778324,MAP_PMU,131,0.00014313666050125295
2,UPFC_Vsh,5-15,1.1042972838234744,83,1.105896696978529,MAP_PMU,131,0.0015994131550547408
3,UPFC_tsh,5-15,-0.22905040719418607,83,-0.22899421706154588,MAP_PMU,131,5.619013264018813e-05
4,UPFC_Vse,5-15,0.06056387001769833,83,0.0614292436929136,MAP_PMU,131,0.0008653736752152752
5,UPFC_tse,5-15,-2.153333965449949,83,-2.151988390805865,MAP_PMU,131,0.0013455746440840244
0,x_tcsc,1-14,-0.13464442286745745,84,-0.13460977774325864,MAP_PMU,131,3.464512419881771e-05
1,B_svc,2,0.2761402196319724,84,0.2759202510778324,MAP_PMU,131,0.00021996855413997096
2,UPFC_Vsh,5-15,1.1043170368684074,84,1.105896696978529,MAP_PMU,131,0.0015796601101216723
3,UPFC_tsh,5-15,-0.22898130106612735,84,-0.22899421706154588,MAP_PMU,131,1.2915995418527615e-05
4,UPFC_Vse,5-15,0.06045485662578094,84,0.0614292436929136,MAP_PMU,131,0.0009743870671326607
5,UPFC_tse,5-15,-2.1513130812050485,84,-2.151988390805865,MAP_PMU,131,0.0006753096008162984
0,x_tcsc,1-14,-0.13466774875554346,85,-0.13460977774325864,MAP_PMU,131,5.7971012284829815e-05
1,B_svc,2,0.2756797356496954,85,0.2759202510778324,MAP_PMU,131,0.00024051542813702254
2,UPFC_Vsh,5-15,1.104384633464883,85,1.105896696978529,MAP_PMU,131,0.001512063513646078
3,UPFC_tsh,5-15,-0.22897136426180328,85,-0.22899421706154588,MAP_PMU,131,2.2852799742595353e-05
4,UPFC_Vse,5-15,0.0604690564732252,85,0.0614292436929136,MAP_PMU,131,0.0009601872196884007
5,UPFC_tse,5-15,-2.1536914695774274,85,-2.151988390805865,MAP_PMU,131,0.0017030787715626161
0,x_tcsc,1-14,-0.134740923543024,86,-0.13460977774325864,MAP_PMU,131,0.00013114579976536422
1,B_svc,2,0.2762820565620079,86,0.2759202510778324,MAP_PMU,131,0.0003618054841754703
2,UPFC_Vsh,5-15,1.1043633263686423,86,1.105896696978529,MAP_PMU,131,0.001533370609886786
3,UPFC_tsh,5-15,-0.22895661487979097,86,-0.22899421706154588,MAP_PMU,131,3.7602181754914366e-05
4,UPFC_Vse,5-15,0.060879789822062186,86,0.0614292436929136,MAP_PMU,131,0.0005494538708514171
5,UPFC_tse,5-15,-2.1497192643357055,86,-2.151988390805865,MAP_PMU,131,0.0022691264701593106
0,x_tcsc,1-14,-0.13475951315459342,87,-0.13460977774325864,MAP_PMU,131,0.00014973541133478374
1,B_svc,2,0.2756803911847547,87,0.2759202510778324,MAP_PMU,131,0.0002398598930777318
2,UPFC_Vsh,5-15,1.1044169747922516,87,1.105896696978529,MAP_PMU,131,0.0014797221862774546
3,UPFC_tsh,5-15,-0.2290187147948466,87,-0.22899421706154588,MAP_PMU,131,2.4497733300710145e-05
4,UPFC_Vse,5-15,0.060303186942321126,87,0.0614292436929136,MAP_PMU,131,0.0011260567505924773
5,UPFC_tse,5-15,-2.1423341066631187,87,-2.151988390805865,MAP_PMU,131,0.00965428414274605
0,x_tcsc,1-14,-0.1347588571701108,88,-0.13460977774325864,MAP_PMU,131,0.00014907942685216113
1,B_svc,2,0.27587441699151743,88,0.2759202510778324,MAP_PMU,131,4.583408631497754e-05
2,UPFC_Vsh,5-15,1.1043044936423794,88,1.105896696978529,MAP_PMU,131,0.0015922033361497334
3,UPFC_tsh,5-15,-0.22893934061718535,88,-0.22899421706154588,MAP_PMU,131,5.487644436052985e-05
4,UPFC_Vse,5-15,0.06021725042385679,88,0.0614292436929136,MAP_PMU,131,0.001211993269056813
5,UPFC_tse,5-15,-2.1521689057955657,88,-2.151988390805865,MAP_PMU,131,0.0001805149897009528
0,x_tcsc,1-14,-0.13469215378117522,89,-0.13460977774325864,MAP_PMU,131,8.237603791658166e-05
1,B_svc,2,0.27606963859101263,89,0.2759202510778324,MAP_PMU,131,0.00014938751318022137
2,UPFC_Vsh,5-15,1.104259061017237,89,1.105896696978529,MAP_PMU,131,0.0016376359612921831
3,UPFC_tsh,5-15,-0.22898451335833736,89,-0.22899421706154588,MAP_PMU,131,9.703703208518988e-06
4,UPFC_Vse,5-15,0.06050404658258553,89,0.0614292436929136,MAP_PMU,131,0.0009251971103280757
5,UPFC_tse,5-15,-2.1426925548380167,89,-2.151988390805865,MAP_PMU,131,0.00929583596784811
0,x_tcsc,1-14,-0.13474461091292284,90,-0.13460977774325864,MAP_PMU,131,0.00013483316966420023
1,B_svc,2,0.27628098215330754,90,0.2759202510778324,MAP_PMU,131,0.00036073107547512917
2,UPFC_Vsh,5-15,1.1037854620186032,90,1.105896696978529,MAP_PMU,131,0.002111234959925934
3,UPFC_tsh,5-15,-0.22914061186950715,90,-0.22899421706154588,MAP_PMU,131,0.00014639480796127535
4,UPFC_Vse,5-15,0.061042022528543474,90,0.0614292436929136,MAP_PMU,131,0.0003872211643701287
5,UPFC_tse,5-15,-2.1594567154735715,90,-2.151988390805865,MAP_PMU,131,0.007468324667706749
0,x_tcsc,1-14,-0.13475641491975435,91,-0.13460977774325864,MAP_PMU,131,0.00014663717649571195
1,B_svc,2,0.2758936929422058,91,0.2759202510778324,MAP_PMU,131,2.6558135626630897e-05
2,UPFC_Vsh,5-15,1.1045305469719586,91,1.105896696978529,MAP_PMU,131,0.0013661500065704768
3,UPFC_tsh,5-15,-0.22894944540740514,91,-0.22899421706154588,MAP_PMU,131,4.477165414074058e-05
4,UPFC_Vse,5-15,0.06018317877353861,91,0.0614292436929136,MAP_PMU,131,0.001246064919374991
5,UPFC_tse,5-15,-2.1541371692899633,91,-2.151988390805865,MAP_PMU,131,0.002148778484098557
0,x_tcsc,1-14,-0.13478157339775917,92,-0.13460977774325864,MAP_PMU,131,0.00017179565450053946
1,B_svc,2,0.27559280191680896,92,0.2759202510778324,MAP_PMU,131,0.000327449161023452
2,UPFC_Vsh,5-15,1.1041975317686004,92,1.105896696978529,MAP_PMU,131,0.0016991652099287435
3,UPFC_tsh,5-15,-0.22899698390039533,92,-0.22899421706154588,MAP_PMU,131,2.7668388494495044e-06
4,UPFC_Vse,5-15,0.060019033816999606,92,0.0614292436929136,MAP_PMU,131,0.0014102098759139967
5,UPFC_tse,5-15,-2.140695556525935,92,-2.151988390805865,MAP_PMU,131,0.011292834279929664
0,x_tcsc,1-14,-0.1347150696347029,93,-0.13460977774325864,MAP_PMU,131,0.0001052918914442591
1,B_svc,2,0.2761903507767329,93,0.2759202510778324,MAP_PMU,131,0.00027009969890046115
2,UPFC_Vsh,5-15,1.1044481975920422,93,1.105896696978529,MAP_PMU,131,0.0014484993864869455
3,UPFC_tsh,5-15,-0.22891586533161698,93,-0.22899421706154588,MAP_PMU,131,7.835172992889938e-05
4,UPFC_Vse,5-15,0.06025514791867906,93,0.0614292436929136,MAP_PMU,131,0.0011740957742345445
5,UPFC_tse,5-15,-2.147925941782456,93,-2.151988390805865,MAP_PMU,131,0.0040624490234089095
0,x_tcsc,1-14,-0.13477051407209567,94,-0.13460977774325864,MAP_PMU,131,0.0001607363288370356
1,B_svc,2,0.2765380320862523,94,0.2759202510778324,MAP_PMU,131,0.0006177810084198598
2,UPFC_Vsh,5-15,1.104525747582601,94,1.105896696978529,MAP_PMU,131,0.0013709493959281893
3,UPFC_tsh,5-15,-0.2289570986192819,94,-0.22899421706154588,MAP_PMU,131,3.711844226397809e-05
4,UPFC_Vse,5-15,0.060232316158753935,94,0.0614292436929136,MAP_PMU,131,0.0011969275341596683
5,UPFC_tse,5-15,-2.142253661659917,94,-2.151988390805865,MAP_PMU,131,0.009734729145947973
0,x_tcsc,1-14,-0.13474431027518066,95,-0.13460977774325864,MAP_PMU,131,0.00013453253192202697
1,B_svc,2,0.27652304003832257,95,0.2759202510778324,MAP_PMU,131,0.0006027889604901526
2,UPFC_Vsh,5-15,1.1040838470881564,95,1.105896696978529,MAP_PMU,131,0.0018128498903726697
3,UPFC_tsh,5-15,-0.22900562467802335,95,-0.22899421706154588,MAP_PMU,131,1.1407616477471239e-05
4,UPFC_Vse,5-15,0.06035006450175752,95,0.0614292436929136,MAP_PMU,131,0.0010791791911560836
5,UPFC_tse,5-15,-2.1514542799894505,95,-2.151988390805865,MAP_PMU,131,0.0005341108164143016
0,x_tcsc,1-14,-0.1347236112035029,96,-0.13460977774325864,MAP_PMU,131,0.00011383346024426699
1,B_svc,2,0.2756122968852142,96,0.2759202510778324,MAP_PMU,131,0.00030795419261819834
2,UPFC_Vsh,5-15,1.1046322948209817,96,1.105896696978529,MAP_PMU,131,0.0012644021575474174
3,UPFC_tsh,5-15,-0.2289215168930417,96,-0.22899421706154588,MAP_PMU,131,7.27001685041917e-05
4,UPFC_Vse,5-15,0.05988611656253876,96,0.0614292436929136,MAP_PMU,131,0.0015431271303748412
5,UPFC_tse,5-15,-2.145558480919439,96,-2.151988390805865,MAP_PMU,131,0.006429909886426
0,x_tcsc,1-14,-0.13479790020151622,97,-0.13460977774325864,MAP_PMU,131,0.00018812245825758356
1,B_svc,2,0.2753832491252861,97,0.2759202510778324,MAP_PMU,131,0.000537001952546301
2,UPFC_Vsh,5-15,1.1044095284378452,97,1.105896696978529,MAP_PMU,131,0.0014871685406838697
3,UPFC_tsh,5-15,-0.2290486679542828,97,-0.22899421706154588,MAP_PMU,131,5.4450892736923606e-05
4,UPFC_Vse,5-15,0.06082344355462735,97,0.0614292436929136,MAP_PMU,131,0.0006058001382862541
5,UPFC_tse,5-15,-2.150197443054943,97,-2.151988390805865,MAP_PMU,131,0.001790947750921923
0,x_tcsc,1-14,-0.13471481903262808,98,-0.13460977774325864,MAP_PMU,131,0.00010504128936944523
1,B_svc,2,0.2758203603491599,98,0.2759202510778324,MAP_PMU,131,9.98907286725026e-05
2,UPFC_Vsh,5-15,1.104469006865643,98,1.105896696978529,MAP_PMU,131,0.0014276901128860153
3,UPFC_tsh,5-15,-0.22903530060432312,98,-0.22899421706154588,MAP_PMU,131,4.1083542777237136e-05
4,UPFC_Vse,5-15,0.060741702307061954,98,0.0614292436929136,MAP_PMU,131,0.0006875413858516491
5,UPFC_tse,5-15,-2.154179720238301,98,-2.151988390805865,MAP_PMU,131,0.002191329432436273
0,x_tcsc,1-14,-0.13478527263451984,99,-0.13460977774325864,MAP_PMU,131,0.000175494891261202
1,B_svc,2,0.2754943774028513,99,0.2759202510778324,MAP_PMU,131,0.0004258736749810921
2,UPFC_Vsh,5-15,1.104601601902832,99,1.105896696978529,MAP_PMU,131,0.0012950950756971391
3,UPFC_tsh,5-15,-0.22902109747234384,99,-0.22899421706154588,MAP_PMU,131,2.688041079795811e-05
4,UPFC_Vse,5-15,0.06020623936260172,99,0.0614292436929136,MAP_PMU,131,0.0012230043303118818
5,UPFC_tse,5-15,-2.143580898127519,99,-2.151988390805865,MAP_PMU,131,0.00840749267834573
0,x_tcsc,1-14,-0.13518412487166953,0,-0.1350911960720561,MAP_PMU,133,9.292879961342315e-05
1,B_svc,2,0.2780371117318282,0,0.278060811206263,MAP_PMU,133,2.3699474434812906e-05
2,UPFC_Vsh,5-15,1.1043155390752541,0,1.1052845868824175,MAP_PMU,133,0.0009690478071633368
3,UPFC_tsh,5-15,-0.2285597533214195,0,-0.22853748320535924,MAP_PMU,133,2.2270116060263412e-05
4,UPFC_Vse,5-15,0.06062856267386482,0,0.06138765196790871,MAP_PMU,133,0.0007590892940438909
5,UPFC_tse,5-15,-2.155340794408703,0,-2.156084319876311,MAP_PMU,133,0.0007435254676080305
0,x_tcsc,1-14,-0.13524324992383727,1,-0.1350911960720561,MAP_PMU,133,0.0001520538517811587
1,B_svc,2,0.27794191357883424,1,0.278060811206263,MAP_PMU,133,0.00011889762742878229
2,UPFC_Vsh,5-15,1.1041184445232104,1,1.1052845868824175,MAP_PMU,133,0.0011661423592070896
3,UPFC_tsh,5-15,-0.22854566908312546,1,-0.22853748320535924,MAP_PMU,133,8.185877766214711e-06
4,UPFC_Vse,5-15,0.059935758812623266,1,0.06138765196790871,MAP_PMU,133,0.001451893155285447
5,UPFC_tse,5-15,-2.156645195342925,1,-2.156084319876311,MAP_PMU,133,0.0005608754666139859
0,x_tcsc,1-14,-0.13520066238221232,2,-0.1350911960720561,MAP_PMU,133,0.00010946631015620878
1,B_svc,2,0.2784239265126525,2,0.278060811206263,MAP_PMU,133,0.0003631153063894943
2,UPFC_Vsh,5-15,1.10435046207392,2,1.1052845868824175,MAP_PMU,133,0.0009341248084975273
3,UPFC_tsh,5-15,-0.22855346829945894,2,-0.22853748320535924,MAP_PMU,133,1.5985094099696395e-05
4,UPFC_Vse,5-15,0.06080063508424084,2,0.06138765196790871,MAP_PMU,133,0.0005870168836678707
5,UPFC_tse,5-15,-2.1536842353041887,2,-2.156084319876311,MAP_PMU,133,0.002400084572122374
0,x_tcsc,1-14,-0.13515160297426312,3,-0.1350911960720561,MAP_PMU,133,6.040690220701639e-05
1,B_svc,2,0.27807586687538527,3,0.278060811206263,MAP_PMU,133,1.5055669122243653e-05
2,UPFC_Vsh,5-15,1.1043403511029104,3,1.1052845868824175,MAP_PMU,133,0.0009442357795070855
3,UPFC_tsh,5-15,-0.22855254428058222,3,-0.22853748320535924,MAP_PMU,133,1.5061075222977394e-05
4,UPFC_Vse,5-15,0.06088221518525818,3,0.06138765196790871,MAP_PMU,133,0.0005054367826505327
5,UPFC_tse,5-15,-2.1571372236425255,3,-2.156084319876311,MAP_PMU,133,0.0010529037662143637
0,x_tcsc,1-14,-0.135249121069655,4,-0.1350911960720561,MAP_PMU,133,0.0001579249975988961
1,B_svc,2,0.2776434851458654,4,0.278060811206263,MAP_PMU,133,0.000417326060397627
2,UPFC_Vsh,5-15,1.1046797646964144,4,1.1052845868824175,MAP_PMU,133,0.0006048221860031067
3,UPFC_tsh,5-15,-0.2285018371897494,4,-0.22853748320535924,MAP_PMU,133,3.564601560984704e-05
4,UPFC_Vse,5-15,0.06023864670207914,4,0.06138765196790871,MAP_PMU,133,0.0011490052658295752
5,UPFC_tse,5-15,-2.1424353773629177,4,-2.156084319876311,MAP_PMU,133,0.013648942513393436
0,x_tcsc,1-14,-0.13515525305754092,5,-0.1350911960720561,MAP_PMU,133,6.405698548481165e-05
1,B_svc,2,0.27820687401314687,5,0.278060811206263,MAP_PMU,133,0.00014606280688383988
2,UPFC_Vsh,5-15,1.1041898956359422,5,1.1052845868824175,MAP_PMU,133,0.0010946912464753211
3,UPFC_tsh,5-15,-0.22848811417521006,5,-0.22853748320535924,MAP_PMU,133,4.936903014918226e-05
4,UPFC_Vse,5-15,0.06068953909547828,5,0.06138765196790871,MAP_PMU,133,0.0006981128724304342
5,UPFC_tse,5-15,-2.1442233448219143,5,-2.156084319876311,MAP_PMU,133,0.01186097505439676
0,x_tcsc,1-14,-0.13522143889394023,6,-0.1350911960720561,MAP_PMU,133,0.00013024282188411895
1,B_svc,2,0.27807215197275037,6,0.278060811206263,MAP_PMU,133,1.134076648734439e-05
2,UPFC_Vsh,5-15,1.1043212818266177,6,1.1052845868824175,MAP_PMU,133,0.0009633050557997791
3,UPFC_tsh,5-15,-0.2285475426128475,6,-0.22853748320535924,MAP_PMU,133,1.0059407488244299e-05
4,UPFC_Vse,5-15,0.06050391247628046,6,0.06138765196790871,MAP_PMU,133,0.0008837394916282534
5,UPFC_tse,5-15,-2.156315002270884,6,-2.156084319876311,MAP_PMU,133,0.00023068239457302298
0,x_tcsc,1-14,-0.13517716959062456,7,-0.1350911960720561,MAP_PMU,133,8.597351856845514e-05
1,B_svc,2,0.2781739745178792,7,0.278060811206263,MAP_PMU,133,0.00011316331161614901
2,UPFC_Vsh,5-15,1.1041854439246244,7,1.1052845868824175,MAP_PMU,133,0.00109914295779312
3,UPFC_tsh,5-15,-0.22854634504743043,7,-0.22853748320535924,MAP_PMU,133,8.861842071189452e-06
4,UPFC_Vse,5-15,0.060486078339846754,7,0.06138765196790871,MAP_PMU,133,0.0009015736280619593
5,UPFC_tse,5-15,-2.1459241726585674,7,-2.156084319876311,MAP_PMU,133,0.01016014721774372
0,x_tcsc,1-14,-0.1351700515573207,8,-0.1350911960720561,MAP_PMU,133,7.885548526459507e-05
1,B_svc,2,0.2780605013131431,8,0.278060811206263,MAP_PMU,133,3.098931199430055e-07
2,UPFC_Vsh,5-15,1.1044253791235055,8,1.1052845868824175,MAP_PMU,133,0.0008592077589120173
3,UPFC_tsh,5-15,-0.2285188300732369,8,-0.22853748320535924,MAP_PMU,133,1.8653132122348204e-05
4,UPFC_Vse,5-15,0.06059264334065079,8,0.06138765196790871,MAP_PMU,133,0.000795008627257926
5,UPFC_tse,5-15,-2.1597961639793435,8,-2.156084319876311,MAP_PMU,133,0.00371184410303238
0,x_tcsc,1-14,-0.13516032914506526,9,-0.1350911960720561,MAP_PMU,133,6.913307300915328e-05
1,B_svc,2,0.277648048048818,9,0.278060811206263,MAP_PMU,133,0.00041276315744503966
2,UPFC_Vsh,5-15,1.1042265261403446,9,1.1052845868824175,MAP_PMU,133,0.0010580607420729304
3,UPFC_tsh,5-15,-0.22851109086822177,9,-0.22853748320535924,MAP_PMU,133,2.63923371374708e-05
4,UPFC_Vse,5-15,0.06054448952907149,9,0.06138765196790871,MAP_PMU,133,0.000843162438837225
5,UPFC_tse,5-15,-2.1519608267501527,9,-2.156084319876311,MAP_PMU,133,0.004123493126158451
0,x_tcsc,1-14,-0.13524601625047705,10,-0.1350911960720561,MAP_PMU,133,0.00015482017842094464
1,B_svc,2,0.2784209173377992,10,0.278060811206263,MAP_PMU,133,0.0003601061315361975
2,UPFC_Vsh,5-15,1.1046710499113668,10,1.1052845868824175,MAP_PMU,133,0.0006135369710507099
3,UPFC_tsh,5-15,-0.22852371943622393,10,-0.22853748320535924,MAP_PMU,133,1.3763769135310966e-05
4,UPFC_Vse,5-15,0.060527516487041404,10,0.06138765196790871,MAP_PMU,133,0.0008601354808673092
5,UPFC_tse,5-15,-2.1551561933440255,10,-2.156084319876311,MAP_PMU,133,0.0009281265322855781
0,x_tcsc,1-14,-0.13523640854460553,11,-0.1350911960720561,MAP_PMU,133,0.00014521247254942193
1,B_svc,2,0.2779582946860364,11,0.278060811206263,MAP_PMU,133,0.00010251652022663649
2,UPFC_Vsh,5-15,1.1043547482664728,11,1.1052845868824175,MAP_PMU,133,0.0009298386159446448
3,UPFC_tsh,5-15,-0.22855514361091492,11,-0.22853748320535924,MAP_PMU,133,1.766040555567505e-05
4,UPFC_Vse,5-15,0.060572439393148,11,0.06138765196790871,MAP_PMU,133,0.0008152125747607139
5,UPFC_tse,5-15,-2.1563874568221646,11,-2.156084319876311,MAP_PMU,133,0.00030313694585348827
0,x_tcsc,1-14,-0.135219540756701,12,-0.1350911960720561,MAP_PMU,133,0.0001283446846448988
1,B_svc,2,0.27842780936272515,12,0.278060811206263,MAP_PMU,133,0.0003669981564621283
2,UPFC_Vsh,5-15,1.1046602028625694,12,1.1052845868824175,MAP_PMU,133,0.000624384019848101
3,UPFC_tsh,5-15,-0.22848065525268935,12,-0.22853748320535924,MAP_PMU,133,5.682795266989671e-05
4,UPFC_Vse,5-15,0.05964776947914976,12,0.06138765196790871,MAP_PMU,133,0.001739882488758955
5,UPFC_tse,5-15,-2.147577034542169,12,-2.156084319876311,MAP_PMU,133,0.008507285334141912
0,x_tcsc,1-14,-0.13514995003233646,13,-0.1350911960720561,MAP_PMU,133,5.875396028034996e-05
1,B_svc,2,0.27844098651757176,13,0.278060811206263,MAP_PMU,133,0.00038017531130873916
2,UPFC_Vsh,5-15,1.1044287826429888,13,1.1052845868824175,MAP_PMU,133,0.0008558042394286591
3,UPFC_tsh,5-15,-0.22849885217286106,13,-0.22853748320535924,MAP_PMU,133,3.8631032498182005e-05
4,UPFC_Vse,5-15,0.06022919075774889,13,0.06138765196790871,MAP_PMU,133,0.0011584612101598196
5,UPFC_tse,5-15,-2.1552385301128827,13,-2.156084319876311,MAP_PMU,133,0.0008457897634284173
0,x_tcsc,1-14,-0.13518700755531465,14,-0.1350911960720561,MAP_PMU,133,9.58114832585455e-05
1,B_svc,2,0.2782129374508247,14,0.278060811206263,MAP_PMU,133,0.0001521262445616789
2,UPFC_Vsh,5-15,1.1042491071646172,14,1.1052845868824175,MAP_PMU,133,0.0010354797178002695
3,UPFC_tsh,5-15,-0.2285639850284695,14,-0.22853748320535924,MAP_PMU,133,2.6501823110258727e-05
4,UPFC_Vse,5-15,0.06047457554408215,14,0.06138765196790871,MAP_PMU,133,0.0009130764238265629
5,UPFC_tse,5-15,-2.1476127378332723,14,-2.156084319876311,MAP_PMU,133,0.008471582043038772
0,x_tcsc,1-14,-0.13523636456043917,15,-0.1350911960720561,MAP_PMU,133,0.0001451684883830573
1,B_svc,2,0.2780916643485653,15,0.278060811206263,MAP_PMU,133,3.0853142302278425e-05
2,UPFC_Vsh,5-15,1.1042572010594547,15,1.1052845868824175,MAP_PMU,133,0.0010273858229628008
3,UPFC_tsh,5-15,-0.22858816734220946,15,-0.22853748320535924,MAP_PMU,133,5.0684136850220884e-05
4,UPFC_Vse,5-15,0.060569646767598226,15,0.06138765196790871,MAP_PMU,133,0.0008180052003104871
5,UPFC_tse,5-15,-2.139435033472445,15,-2.156084319876311,MAP_PMU,133,0.016649286403866093
0,x_tcsc,1-14,-0.13513461530916765,16,-0.1350911960720561,MAP_PMU,133,4.341923711154161e-05
1,B_svc,2,0.27851119721984197,16,0.278060811206263,MAP_PMU,133,0.0004503860135789406
2,UPFC_Vsh,5-15,1.1041386900039183,16,1.1052845868824175,MAP_PMU,133,0.0011458968784991974
3,UPFC_tsh,5-15,-0.22849569949958587,16,-0.22853748320535924,MAP_PMU,133,4.178370577337387e-05
4,UPFC_Vse,5-15,0.06039854508525973,16,0.06138765196790871,MAP_PMU,133,0.0009891068826489852
5,UPFC_tse,5-15,-2.150839147944037,16,-2.156084319876311,MAP_PMU,133,0.00524517193227414
0,x_tcsc,1-14,-0.13525559098476114,17,-0.1350911960720561,MAP_PMU,133,0.0001643949127050348
1,B_svc,2,0.27869985367887695,17,0.278060811206263,MAP_PMU,133,0.0006390424726139265
2,UPFC_Vsh,5-15,1.1041606272207238,17,1.1052845868824175,MAP_PMU,133,0.001123959661693652
3,UPFC_tsh,5-15,-0.2285550052437708,17,-0.22853748320535924,MAP_PMU,133,1.752203841154376e-05
4,UPFC_Vse,5-15,0.06037950604552443,17,0.06138765196790871,MAP_PMU,133,0.001008145922384282
5,UPFC_tse,5-15,-2.1524888491856506,17,-2.156084319876311,MAP_PMU,133,0.0035954706906604628
0,x_tcsc,1-14,-0.1352128749677093,18,-0.1350911960720561,MAP_PMU,133,0.00012167889565320444
1,B_svc,2,0.27839188270175347,18,0.278060811206263,MAP_PMU,133,0.00033107149549044257
2,UPFC_Vsh,5-15,1.1044917060818118,18,1.1052845868824175,MAP_PMU,133,0.0007928808006056887
3,UPFC_tsh,5-15,-0.2285017647671311,18,-0.22853748320535924,MAP_PMU,133,3.571843822813836e-05
4,UPFC_Vse,5-15,0.06071575398066238,18,0.06138765196790871,MAP_PMU,133,0.000671897987246331
5,UPFC_tse,5-15,-2.148702783887476,18,-2.156084319876311,MAP_PMU,133,0.007381535988835175
0,x_tcsc,1-14,-0.13523952840952577,19,-0.1350911960720561,MAP_PMU,133,0.00014833233746966434
1,B_svc,2,0.27801325281428746,19,0.278060811206263,MAP_PMU,133,4.7558391975566217e-05
2,UPFC_Vsh,5-15,1.1045154064862817,19,1.1052845868824175,MAP_PMU,133,0.0007691803961358268
3,UPFC_tsh,5-15,-0.2284840379823365,19,-0.22853748320535924,MAP_PMU,133,5.344522302275223e-05
4,UPFC_Vse,5-15,0.06051685816732332,19,0.06138765196790871,MAP_PMU,133,0.0008707938005853913
5,UPFC_tse,5-15,-2.154111742549113,19,-2.156084319876311,MAP_PMU,133,0.001972577327197911
0,x_tcsc,1-14,-0.13519677106960898,20,-0.1350911960720561,MAP_PMU,133,0.00010557499755287081
1,B_svc,2,0.2785867878598459,20,0.278060811206263,MAP_PMU,133,0.0005259766535828936
2,UPFC_Vsh,5-15,1.1040588568932979,20,1.1052845868824175,MAP_PMU,133,0.0012257299891196283
3,UPFC_tsh,5-15,-0.22859030765650387,20,-0.22853748320535924,MAP_PMU,133,5.2824451144628526e-05
4,UPFC_Vse,5-15,0.060700486323288214,20,0.06138765196790871,MAP_PMU,133,0.0006871656446204993
5,UPFC_tse,5-15,-2.1542827147747103,20,-2.156084319876311,MAP_PMU,133,0.0018016051016007673
0,x_tcsc,1-14,-0.13516451728530182,21,-0.1350911960720561,MAP_PMU,133,7.332121324571395e-05
1,B_svc,2,0.27814844973939373,21,0.278060811206263,MAP_PMU,133,8.763853313070724e-05
2,UPFC_Vsh,5-15,1.1043976033266703,21,1.1052845868824175,MAP_PMU,133,0.0008869835557472339
3,UPFC_tsh,5-15,-0.22852633156716315,21,-0.22853748320535924,MAP_PMU,133,1.1151638196094105e-05
4,UPFC_Vse,5-15,0.060857934537123175,21,0.06138765196790871,MAP_PMU,133,0.0005297174307855382
5,UPFC_tse,5-15,-2.1524809712711104,21,-2.156084319876311,MAP_PMU,133,0.003603348605200729
0,x_tcsc,1-14,-0.13520401747820399,22,-0.1350911960720561,MAP_PMU,133,0.00011282140614787828
1,B_svc,2,0.27828012729483564,22,0.278060811206263,MAP_PMU,133,0.00021931608857261864
2,UPFC_Vsh,5-15,1.1044368887636502,22,1.1052845868824175,MAP_PMU,133,0.0008476981187672816
3,UPFC_tsh,5-15,-0.22857998463062057,22,-0.22853748320535924,MAP_PMU,133,4.25014252613265e-05
4,UPFC_Vse,5-15,0.06031159325957149,22,0.06138765196790871,MAP_PMU,133,0.00107605870833722
5,UPFC_tse,5-15,-2.1514019177933115,22,-2.156084319876311,MAP_PMU,133,0.004682402082999637
0,x_tcsc,1-14,-0.135208712487095,23,-0.1350911960720561,MAP_PMU,133,0.00011751641503890409
1,B_svc,2,0.2783752784831309,23,0.278060811206263,MAP_PMU,133,0.0003144672768678469
2,UPFC_Vsh,5-15,1.1040418194608241,23,1.1052845868824175,MAP_PMU,133,0.0012427674215933493
3,UPFC_tsh,5-15,-0.2285329607330985,23,-0.22853748320535924,MAP_PMU,133,4.52247226073732e-06
4,UPFC_Vse,5-15,0.06035722226095998,23,0.06138765196790871,MAP_PMU,133,0.001030429706948735
5,UPFC_tse,5-15,-2.151317146829201,23,-2.156084319876311,MAP_PMU,133,0.0047671730471101625
0,x_tcsc,1-14,-0.13519461435795702,24,-0.1350911960720561,MAP_PMU,133,0.00010341828590090807
1,B_svc,2,0.2783014174326849,24,0.278060811206263,MAP_PMU,133,0.0002406062264218578
2,UPFC_Vsh,5-15,1.1045108527140997,24,1.1052845868824175,MAP_PMU,133,0.00077373416831783
3,UPFC_tsh,5-15,-0.22854342966579558,24,-0.22853748320535924,MAP_PMU,133,5.946460436334622e-06
4,UPFC_Vse,5-15,0.06065975646636467,24,0.06138765196790871,MAP_PMU,133,0.0007278955015440416
5,UPFC_tse,5-15,-2.1397792993390112,24,-2.156084319876311,MAP_PMU,133,0.016305020537299875
0,x_tcsc,1-14,-0.1351904522056576,25,-0.1350911960720561,MAP_PMU,133,9.9256133601483e-05
1,B_svc,2,0.27763892015705083,25,0.278060811206263,MAP_PMU,133,0.00042189104921219744
2,UPFC_Vsh,5-15,1.1042625072652292,25,1.1052845868824175,MAP_PMU,133,0.001022079617188254
3,UPFC_tsh,5-15,-0.22847982522654278,25,-0.22853748320535924,MAP_PMU,133,5.7657978816461064e-05
4,UPFC_Vse,5-15,0.060272274970670385,25,0.06138765196790871,MAP_PMU,133,0.001115376997238328
5,UPFC_tse,5-15,-2.1443218526372227,25,-2.156084319876311,MAP_PMU,133,0.011762467239088359
0,x_tcsc,1-14,-0.13518462274061674,26,-0.1350911960720561,MAP_PMU,133,9.342666856063109e-05
1,B_svc,2,0.27804541221073453,26,0.278060811206263,MAP_PMU,133,1.5398995528492776e-05
2,UPFC_Vsh,5-15,1.104691584924512,26,1.1052845868824175,MAP_PMU,133,0.0005930019579054591
3,UPFC_tsh,5-15,-0.22847379186731742,26,-0.22853748320535924,MAP_PMU,133,6.369133804182137e-05
4,UPFC_Vse,5-15,0.06026280427867581,26,0.06138765196790871,MAP_PMU,133,0.0011248476892329051
5,UPFC_tse,5-15,-2.1430548132600586,26,-2.156084319876311,MAP_PMU,133,0.013029506616252462
0,x_tcsc,1-14,-0.13517690683769068,27,-0.1350911960720561,MAP_PMU,133,8.571076563457236e-05
1,B_svc,2,0.2781632734489622,27,0.278060811206263,MAP_PMU,133,0.00010246224269916393
2,UPFC_Vsh,5-15,1.1045690006537616,27,1.1052845868824175,MAP_PMU,133,0.0007155862286558623
3,UPFC_tsh,5-15,-0.22853061616690795,27,-0.22853748320535924,MAP_PMU,133,6.867038451291441e-06
4,UPFC_Vse,5-15,0.06027634822537094,27,0.06138765196790871,MAP_PMU,133,0.0011113037425377753
5,UPFC_tse,5-15,-2.147484206355591,27,-2.156084319876311,MAP_PMU,133,0.00860011352072032
0,x_tcsc,1-14,-0.13519230919083894,28,-0.1350911960720561,MAP_PMU,133,0.00010111311878283069
1,B_svc,2,0.2782533055689595,28,0.278060811206263,MAP_PMU,133,0.00019249436269647147
2,UPFC_Vsh,5-15,1.1044124020333714,28,1.1052845868824175,MAP_PMU,133,0.0008721848490460538
3,UPFC_tsh,5-15,-0.22854235191700348,28,-0.22853748320535924,MAP_PMU,133,4.868711644234747e-06
4,UPFC_Vse,5-15,0.060594566227424276,28,0.06138765196790871,MAP_PMU,133,0.0007930857404844366
5,UPFC_tse,5-15,-2.138204587008906,28,-2.156084319876311,MAP_PMU,133,0.017879732867405185
0,x_tcsc,1-14,-0.1352096826946474,29,-0.1350911960720561,MAP_PMU,133,0.00011848662259128506
1,B_svc,2,0.2783130508962598,29,0.278060811206263,MAP_PMU,133,0.0002522396899967694
2,UPFC_Vsh,5-15,1.1042032299454445,29,1.1052845868824175,MAP_PMU,133,0.001081356936972977
3,UPFC_tsh,5-15,-0.2285542442724984,29,-0.22853748320535924,MAP_PMU,133,1.676106713915937e-05
4,UPFC_Vse,5-15,0.06050650944181913,29,0.06138765196790871,MAP_PMU,133,0.000881142526089583
5,UPFC_tse,5-15,-2.15043815756743,29,-2.156084319876311,MAP_PMU,133,0.005646162308881042
0,x_tcsc,1-14,-0.1352211836058188,30,-0.1350911960720561,MAP_PMU,133,0.00012998753376269878
1,B_svc,2,0.2784249305785907,30,0.278060811206263,MAP_PMU,133,0.0003641193723276648
2,UPFC_Vsh,5-15,1.1044434098657867,30,1.1052845868824175,MAP_PMU,133,0.0008411770166307786
3,UPFC_tsh,5-15,-0.2285122377865195,30,-0.22853748320535924,MAP_PMU,133,2.5245418839747735e-05
4,UPFC_Vse,5-15,0.06033557986509249,30,0.06138765196790871,MAP_PMU,133,0.001052072102816222
5,UPFC_tse,5-15,-2.1544376490548607,30,-2.156084319876311,MAP_PMU,133,0.0016466708214504244
0,x_tcsc,1-14,-0.13524096954156936,31,-0.1350911960720561,MAP_PMU,133,0.00014977346951325354
1,B_svc,2,0.2781239200554222,31,0.278060811206263,MAP_PMU,133,6.310884915916581e-05
2,UPFC_Vsh,5-15,1.1043458705121034,31,1.1052845868824175,MAP_PMU,133,0.0009387163703140633
3,UPFC_tsh,5-15,-0.22858158417841606,31,-0.22853748320535924,MAP_PMU,133,4.4100973056820925e-05
4,UPFC_Vse,5-15,0.060870903363650926,31,0.06138765196790871,MAP_PMU,133,0.0005167486042577871
5,UPFC_tse,5-15,-2.163461513357923,31,-2.156084319876311,MAP_PMU,133,0.007377193481612032
0,x_tcsc,1-14,-0.1351629789146987,32,-0.1350911960720561,MAP_PMU,133,7.178284264258705e-05
1,B_svc,2,0.278279706717593,32,0.278060811206263,MAP_PMU,133,0.0002188955113299751
2,UPFC_Vsh,5-15,1.1043075003298766,32,1.1052845868824175,MAP_PMU,133,0.0009770865525409178
3,UPFC_tsh,5-15,-0.22854192073694457,32,-0.22853748320535924,MAP_PMU,133,4.437531585327337e-06
4,UPFC_Vse,5-15,0.06073386677061272,32,0.06138765196790871,MAP_PMU,133,0.000653785197295996
5,UPFC_tse,5-15,-2.1534922339650517,32,-2.156084319876311,MAP_PMU,133,0.0025920859112593675
0,x_tcsc,1-14,-0.1352178529233068,33,-0.1350911960720561,MAP_PMU,133,0.00012665685125068382
1,B_svc,2,0.27820561686635414,33,0.278060811206263,MAP_PMU,133,0.0001448056600911185
2,UPFC_Vsh,5-15,1.1045330408391625,33,1.1052845868824175,MAP_PMU,133,0.0007515460432550025
3,UPFC_tsh,5-15,-0.2284557188024179,33,-0.22853748320535924,MAP_PMU,133,8.176440294133114e-05
4,UPFC_Vse,5-15,0.06015395275914168,33,0.06138765196790871,MAP_PMU,133,0.0012336992087670362
5,UPFC_tse,5-15,-2.1462298747031427,33,-2.156084319876311,MAP_PMU,133,0.009854445173168358
0,x_tcsc,1-14,-0.13521180575898342,34,-0.1350911960720561,MAP_PMU,133,0.00012060968692731433
1,B_svc,2,0.2786236878637826,34,0.278060811206263,MAP_PMU,133,0.0005628766575195843
2,UPFC_Vsh,5-15,1.1041958326318746,34,1.1052845868824175,MAP_PMU,133,0.0010887542505428893
3,UPFC_tsh,5-15,-0.22852898150275974,34,-0.22853748320535924,MAP_PMU,133,8.50170259950045e-06
4,UPFC_Vse,5-15,0.060396146743798014,34,0.06138765196790871,MAP_PMU,133,0.000991505224110699
5,UPFC_tse,5-15,-2.1576763545797317,34,-2.156084319876311,MAP_PMU,133,0.0015920347034206195
0,x_tcsc,1-14,-0.13515622288540557,35,-0.1350911960720561,MAP_PMU,133,6.502681334946692e-05
1,B_svc,2,0.27826804791880944,35,0.278060811206263,MAP_PMU,133,0.0002072367125464103
2,UPFC_Vsh,5-15,1.1040897703044077,35,1.1052845868824175,MAP_PMU,133,0.0011948165780097941
3,UPFC_tsh,5-15,-0.22855400731435427,35,-0.22853748320535924,MAP_PMU,133,1.652410899502521e-05
4,UPFC_Vse,5-15,0.060432260019272134,35,0.06138765196790871,MAP_PMU,133,0.0009553919486365789
5,UPFC_tse,5-15,-2.1517845547433807,35,-2.156084319876311,MAP_PMU,133,0.0042997651329304
0,x_tcsc,1-14,-0.13524533912274858,36,-0.1350911960720561,MAP_PMU,133,0.00015414305069247347
1,B_svc,2,0.2780598927893754,36,0.278060811206263,MAP_PMU,133,9.184168876519294e-07
2,UPFC_Vsh,5-15,1.1045685149091418,36,1.1052845868824175,MAP_PMU,133,0.0007160719732757226
3,UPFC_tsh,5-15,-0.22850556424451643,36,-0.22853748320535924,MAP_PMU,133,3.191896084281387e-05
4,UPFC_Vse,5-15,0.05999281349336086,36,0.06138765196790871,MAP_PMU,133,0.0013948384745478548
5,UPFC_tse,5-15,-2.143443533188684,36,-2.156084319876311,MAP_PMU,133,0.012640786687627248
0,x_tcsc,1-14,-0.1352090714242009,37,-0.1350911960720561,MAP_PMU,133,0.00011787535214480283
1,B_svc,2,0.2779475018825283,37,0.278060811206263,MAP_PMU,133,0.00011330932373471159
2,UPFC_Vsh,5-15,1.10446353282703,37,1.1052845868824175,MAP_PMU,133,0.0008210540553874601
3,UPFC_tsh,5-15,-0.22856637379702216,37,-0.22853748320535924,MAP_PMU,133,2.8890591662916743e-05
4,UPFC_Vse,5-15,0.06048591971372418,37,0.06138765196790871,MAP_PMU,133,0.0009017322541845299
5,UPFC_tse,5-15,-2.1542477736076373,37,-2.156084319876311,MAP_PMU,133,0.0018365462686737999
0,x_tcsc,1-14,-0.13517576371103243,38,-0.1350911960720561,MAP_PMU,133,8.456763897632391e-05
1,B_svc,2,0.2779548424204529,38,0.278060811206263,MAP_PMU,133,0.00010596878581015101
2,UPFC_Vsh,5-15,1.1046482131665183,38,1.1052845868824175,MAP_PMU,133,0.0006363737158991967
3,UPFC_tsh,5-15,-0.22836841559640753,38,-0.22853748320535924,MAP_PMU,133,0.00016906760895171735
4,UPFC_Vse,5-15,0.06009508171499758,38,0.06138765196790871,MAP_PMU,133,0.0012925702529111363
5,UPFC_tse,5-15,-2.138160876530692,38,-2.156084319876311,MAP_PMU,133,0.017923443345619017
0,x_tcsc,1-14,-0.13521739432533098,39,-0.1350911960720561,MAP_PMU,133,0.00012619825327486733
1,B_svc,2,0.27754821984019534,39,0.278060811206263,MAP_PMU,133,0.0005125913660676829
2,UPFC_Vsh,5-15,1.1046062920739363,39,1.1052845868824175,MAP_PMU,133,0.0006782948084811391
3,UPFC_tsh,5-15,-0.22855068861476294,39,-0.22853748320535924,MAP_PMU,133,1.3205409403693746e-05
4,UPFC_Vse,5-15,0.06048878848033063,39,0.06138765196790871,MAP_PMU,133,0.0008988634875780818
5,UPFC_tse,5-15,-2.151559124452661,39,-2.156084319876311,MAP_PMU,133,0.004525195423650263
0,x_tcsc,1-14,-0.13519876064422634,40,-0.1350911960720561,MAP_PMU,133,0.0001075645721702323
1,B_svc,2,0.2781731787808333,40,0.278060811206263,MAP_PMU,133,0.00011236757457028235
2,UPFC_Vsh,5-15,1.1041515666686696,40,1.1052845868824175,MAP_PMU,133,0.0011330202137478373
3,UPFC_tsh,5-15,-0.22856409361949462,40,-0.22853748320535924,MAP_PMU,133,2.6610414135375127e-05
4,UPFC_Vse,5-15,0.06068014584871282,40,0.06138765196790871,MAP_PMU,133,0.0007075061191958928
5,UPFC_tse,5-15,-2.1523075935022664,40,-2.156084319876311,MAP_PMU,133,0.003776726374044692
0,x_tcsc,1-14,-0.13514951751219353,41,-0.1350911960720561,MAP_PMU,133,5.832144013742657e-05
1,B_svc,2,0.2779434211425001,41,0.278060811206263,MAP_PMU,133,0.00011739006376293437
2,UPFC_Vsh,5-15,1.1046086734842697,41,1.1052845868824175,MAP_PMU,133,0.000675913398147765
3,UPFC_tsh,5-15,-0.22843247063949762,41,-0.22853748320535924,MAP_PMU,133,0.000105012565861623
4,UPFC_Vse,5-15,0.060054221561204234,41,0.06138765196790871,MAP_PMU,133,0.0013334304067044792
5,UPFC_tse,5-15,-2.1477315790148546,41,-2.156084319876311,MAP_PMU,133,0.008352740861456542
0,x_tcsc,1-14,-0.13522792677455858,42,-0.1350911960720561,MAP_PMU,133,0.00013673070250247443
1,B_svc,2,0.2780119442682158,42,0.278060811206263,MAP_PMU,133,4.8866938047231745e-05
2,UPFC_Vsh,5-15,1.104391457377848,42,1.1052845868824175,MAP_PMU,133,0.0008931295045695453
3,UPFC_tsh,5-15,-0.22856945826340275,42,-0.22853748320535924,MAP_PMU,133,3.197505804350409e-05
4,UPFC_Vse,5-15,0.06045829311700115,42,0.06138765196790871,MAP_PMU,133,0.0009293588509075648
5,UPFC_tse,5-15,-2.149988831504244,42,-2.156084319876311,MAP_PMU,133,0.006095488372066971
0,x_tcsc,1-14,-0.13520574004223265,43,-0.1350911960720561,MAP_PMU,133,0.00011454397017654494
1,B_svc,2,0.2785162087598776,43,0.278060811206263,MAP_PMU,133,0.00045539755361456713
2,UPFC_Vsh,5-15,1.1043140295592948,43,1.1052845868824175,MAP_PMU,133,0.0009705573231226783
3,UPFC_tsh,5-15,-0.22856716111391562,43,-0.22853748320535924,MAP_PMU,133,2.9677908556374755e-05
4,UPFC_Vse,5-15,0.06023285548867211,43,0.06138765196790871,MAP_PMU,133,0.0011547964792366014
5,UPFC_tse,5-15,-2.150960453299826,43,-2.156084319876311,MAP_PMU,133,0.005123866576485003
0,x_tcsc,1-14,-0.13523232445047267,44,-0.1350911960720561,MAP_PMU,133,0.00014112837841656622
1,B_svc,2,0.2780994653259268,44,0.278060811206263,MAP_PMU,133,3.865411966375021e-05
2,UPFC_Vsh,5-15,1.104250039152393,44,1.1052845868824175,MAP_PMU,133,0.0010345477300244266
3,UPFC_tsh,5-15,-0.22854094344064346,44,-0.22853748320535924,MAP_PMU,133,3.4602352842194595e-06
4,UPFC_Vse,5-15,0.06084499202314919,44,0.06138765196790871,MAP_PMU,133,0.0005426599447595215
5,UPFC_tse,5-15,-2.1568740105436084,44,-2.156084319876311,MAP_PMU,133,0.0007896906672972825
0,x_tcsc,1-14,-0.135255266005472,45,-0.1350911960720561,MAP_PMU,133,0.00016406993341588905
1,B_svc,2,0.2780382717919547,45,0.278060811206263,MAP_PMU,133,2.2539414308297978e-05
2,UPFC_Vsh,5-15,1.1039784078159134,45,1.1052845868824175,MAP_PMU,133,0.0013061790665040984
3,UPFC_tsh,5-15,-0.22848026658484968,45,-0.22853748320535924,MAP_PMU,133,5.7216620509559224e-05
4,UPFC_Vse,5-15,0.06026153500121033,45,0.06138765196790871,MAP_PMU,133,0.0011261169666983845
5,UPFC_tse,5-15,-2.153998222524428,45,-2.156084319876311,MAP_PMU,133,0.0020860973518832537
0,x_tcsc,1-14,-0.1352112306372028,46,-0.1350911960720561,MAP_PMU,133,0.0001200345651466983
1,B_svc,2,0.27803184129220404,46,0.278060811206263,MAP_PMU,133,2.896991405898497e-05
2,UPFC_Vsh,5-15,1.1042611241616747,46,1.1052845868824175,MAP_PMU,133,0.0010234627207428293
3,UPFC_tsh,5-15,-0.22857776017131498,46,-0.22853748320535924,MAP_PMU,133,4.027696595573782e-05
4,UPFC_Vse,5-15,0.060694385934204544,46,0.06138765196790871,MAP_PMU,133,0.0006932660337041693
5,UPFC_tse,5-15,-2.1584015568263197,46,-2.156084319876311,MAP_PMU,133,0.0023172369500086276
0,x_tcsc,1-14,-0.13522472713518835,47,-0.1350911960720561,MAP_PMU,133,0.00013353106313224172
1,B_svc,2,0.2783610237098915,47,0.278060811206263,MAP_PMU,133,0.00030021250362849417
2,UPFC_Vsh,5-15,1.104373155043789,47,1.1052845868824175,MAP_PMU,133,0.0009114318386285181
3,UPFC_tsh,5-15,-0.2285208132478067,47,-0.22853748320535924,MAP_PMU,133,1.6669957552534198e-05
4,UPFC_Vse,5-15,0.05984341910766769,47,0.06138765196790871,MAP_PMU,133,0.0015442328602410238
5,UPFC_tse,5-15,-2.1508361608620605,47,-2.156084319876311,MAP_PMU,133,0.005248159014250575
0,x_tcsc,1-14,-0.13520615885816556,48,-0.1350911960720561,MAP_PMU,133,0.00011496278610945154
1,B_svc,2,0.27822012240279115,48,0.278060811206263,MAP_PMU,133,0.00015931119652812242
2,UPFC_Vsh,5-15,1.1044664878933237,48,1.1052845868824175,MAP_PMU,133,0.0008180989890937962
3,UPFC_tsh,5-15,-0.22838895888263105,48,-0.22853748320535924,MAP_PMU,133,0.0001485243227281885
4,UPFC_Vse,5-15,0.06024566691594147,48,0.06138765196790871,MAP_PMU,133,0.0011419850519672411
5,UPFC_tse,5-15,-2.140786686818161,48,-2.156084319876311,MAP_PMU,133,0.01529763305815024
0,x_tcsc,1-14,-0.13513503964697804,49,-0.1350911960720561,MAP_PMU,133,4.384357492193125e-05
1,B_svc,2,0.2777359374228557,49,0.278060811206263,MAP_PMU,133,0.0003248737834073423
2,UPFC_Vsh,5-15,1.1041716904651848,49,1.1052845868824175,MAP_PMU,133,0.0011128964172326672
3,UPFC_tsh,5-15,-0.22852072049218994,49,-0.22853748320535924,MAP_PMU,133,1.6762713169304888e-05
4,UPFC_Vse,5-15,0.060579433819182404,49,0.06138765196790871,MAP_PMU,133,0.0008082181487263085
5,UPFC_tse,5-15,-2.1545655212454,49,-2.156084319876311,MAP_PMU,133,0.001518798630911089
0,x_tcsc,1-14,-0.13515233343512736,50,-0.1350911960720561,MAP_PMU,133,6.113736307125639e-05
1,B_svc,2,0.278154093764506,50,0.278060811206263,MAP_PMU,133,9.328255824297971e-05
2,UPFC_Vsh,5-15,1.1044844390054385,50,1.1052845868824175,MAP_PMU,133,0.0008001478769790182
3,UPFC_tsh,5-15,-0.22850367208850061,50,-0.22853748320535924,MAP_PMU,133,3.381111685862859e-05
4,UPFC_Vse,5-15,0.06048934123517337,50,0.06138765196790871,MAP_PMU,133,0.000898310732735344
5,UPFC_tse,5-15,-2.156352951996365,50,-2.156084319876311,MAP_PMU,133,0.0002686321200537911
0,x_tcsc,1-14,-0.1352092333326363,51,-0.1350911960720561,MAP_PMU,133,0.00011803726058018382
1,B_svc,2,0.27824880206680497,51,0.278060811206263,MAP_PMU,133,0.00018799086054194225
2,UPFC_Vsh,5-15,1.103971694736432,51,1.1052845868824175,MAP_PMU,133,0.0013128921459855114
3,UPFC_tsh,5-15,-0.22860299276334015,51,-0.22853748320535924,MAP_PMU,133,6.550955798090285e-05
4,UPFC_Vse,5-15,0.0608163291779933,51,0.06138765196790871,MAP_PMU,133,0.00057132278991541
5,UPFC_tse,5-15,-2.157372614296067,51,-2.156084319876311,MAP_PMU,133,0.0012882944197558643
0,x_tcsc,1-14,-0.1351783047632508,52,-0.1350911960720561,MAP_PMU,133,8.710869119468723e-05
1,B_svc,2,0.27853225199051956,52,0.278060811206263,MAP_PMU,133,0.00047144078425653824
2,UPFC_Vsh,5-15,1.1046311527405377,52,1.1052845868824175,MAP_PMU,133,0.000653434141879794
3,UPFC_tsh,5-15,-0.22851717866843727,52,-0.22853748320535924,MAP_PMU,133,2.0304536921977867e-05
4,UPFC_Vse,5-15,0.06030950047997347,52,0.06138765196790871,MAP_PMU,133,0.0010781514879352402
5,UPFC_tse,5-15,-2.151719672287857,52,-2.156084319876311,MAP_PMU,133,0.004364647588454229
0,x_tcsc,1-14,-0.13515663441857892,53,-0.1350911960720561,MAP_PMU,133,6.543834652281144e-05
1,B_svc,2,0.27813912332434415,53,0.278060811206263,MAP_PMU,133,7.831211808112526e-05
2,UPFC_Vsh,5-15,1.1045863366898583,53,1.1052845868824175,MAP_PMU,133,0.0006982501925592022
3,UPFC_tsh,5-15,-0.2285175567945616,53,-0.22853748320535924,MAP_PMU,133,1.992641079764934e-05
4,UPFC_Vse,5-15,0.060248186858085244,53,0.06138765196790871,MAP_PMU,133,0.001139465109823469
5,UPFC_tse,5-15,-2.153064696755609,53,-2.156084319876311,MAP_PMU,133,0.003019623120702253
0,x_tcsc,1-14,-0.1351761708470934,54,-0.1350911960720561,MAP_PMU,133,8.497477503729978e-05
1,B_svc,2,0.27834113419265105,54,0.278060811206263,MAP_PMU,133,0.00028032298638802633
2,UPFC_Vsh,5-15,1.1042988468008483,54,1.1052845868824175,MAP_PMU,133,0.000985740081569153
3,UPFC_tsh,5-15,-0.22852216986519436,54,-0.22853748320535924,MAP_PMU,133,1.531334016488528e-05
4,UPFC_Vse,5-15,0.06058844262493045,54,0.06138765196790871,MAP_PMU,133,0.000799209342978266
5,UPFC_tse,5-15,-2.1478382189342775,54,-2.156084319876311,MAP_PMU,133,0.008246100942033596
0,x_tcsc,1-14,-0.1351874009322895,55,-0.1350911960720561,MAP_PMU,133,9.620486023340091e-05
1,B_svc,2,0.2781378896116195,55,0.278060811206263,MAP_PMU,133,7.707840535647881e-05
2,UPFC_Vsh,5-15,1.1048746834841414,55,1.1052845868824175,MAP_PMU,133,0.00040990339827606803
3,UPFC_tsh,5-15,-0.22845088724319101,55,-0.22853748320535924,MAP_PMU,133,8.659596216822885e-05
4,UPFC_Vse,5-15,0.06019155010918685,55,0.06138765196790871,MAP_PMU,133,0.0011961018587218625
5,UPFC_tse,5-15,-2.1436785792023327,55,-2.156084319876311,MAP_PMU,133,0.012405740673978372
0,x_tcsc,1-14,-0.13518520866013947,56,-0.1350911960720561,MAP_PMU,133,9.401258808336421e-05
1,B_svc,2,0.27794852175294865,56,0.278060811206263,MAP_PMU,133,0.00011228945331437368
2,UPFC_Vsh,5-15,1.1044654451797167,56,1.1052845868824175,MAP_PMU,133,0.0008191417027008097
3,UPFC_tsh,5-15,-0.228537794418617,56,-0.22853748320535924,MAP_PMU,133,3.112132577476334e-07
4,UPFC_Vse,5-15,0.060412570846161875,56,0.06138765196790871,MAP_PMU,133,0.0009750811217468375
5,UPFC_tse,5-15,-2.1523992099354907,56,-2.156084319876311,MAP_PMU,133,0.003685109940820386
0,x_tcsc,1-14,-0.13517723810916213,57,-0.1350911960720561,MAP_PMU,133,8.60420371060211e-05
1,B_svc,2,0.2784237041829345,57,0.278060811206263,MAP_PMU,133,0.00036289297667146947
2,UPFC_Vsh,5-15,1.1042959397224021,57,1.1052845868824175,MAP_PMU,133,0.0009886471600153435
3,UPFC_tsh,5-15,-0.22855138113424298,57,-0.22853748320535924,MAP_PMU,133,1.3897928883732646e-05
4,UPFC_Vse,5-15,0.06055665288749129,57,0.06138765196790871,MAP_PMU,133,0.0008309990804174217
5,UPFC_tse,5-15,-2.1520059599840815,57,-2.156084319876311,MAP_PMU,133,0.004078359892229599
0,x_tcsc,1-14,-0.1352407996291669,58,-0.1350911960720561,MAP_PMU,133,0.0001496035571108001
1,B_svc,2,0.27782070136095105,58,0.278060811206263,MAP_PMU,133,0.00024010984531197543
2,UPFC_Vsh,5-15,1.1044207395987138,58,1.1052845868824175,MAP_PMU,133,0.0008638472837037003
3,UPFC_tsh,5-15,-0.22857589057595767,58,-0.22853748320535924,MAP_PMU,133,3.8407370598431134e-05
4,UPFC_Vse,5-15,0.06014047529633606,58,0.06138765196790871,MAP_PMU,133,0.0012471766715726543
5,UPFC_tse,5-15,-2.155345607659502,58,-2.156084319876311,MAP_PMU,133,0.000738712216809212
0,x_tcsc,1-14,-0.13520690448597283,59,-0.1350911960720561,MAP_PMU,133,0.00011570841391672637
1,B_svc,2,0.2781929730435809,59,0.278060811206263,MAP_PMU,133,0.0001321618373179012
2,UPFC_Vsh,5-15,1.104480258599897,59,1.1052845868824175,MAP_PMU,133,0.0008043282825205278
3,UPFC_tsh,5-15,-0.2285614187663506,59,-0.22853748320535924,MAP_PMU,133,2.3935560991367177e-05
4,UPFC_Vse,5-15,0.060603524279698576,59,0.06138765196790871,MAP_PMU,133,0.0007841276882101372
5,UPFC_tse,5-15,-2.156468932165227,59,-2.156084319876311,MAP_PMU,133,0.0003846122889159531
0,x_tcsc,1-14,-0.1351641801105937,60,-0.1350911960720561,MAP_PMU,133,7.298403853758795e-05
1,B_svc,2,0.2780581944279444,60,0.278060811206263,MAP_PMU,133,2.6167783186425986e-06
2,UPFC_Vsh,5-15,1.1045389433648476,60,1.1052845868824175,MAP_PMU,133,0.0007456435175698939
3,UPFC_tsh,5-15,-0.22849517601666014,60,-0.22853748320535924,MAP_PMU,133,4.2307188699103326e-05
4,UPFC_Vse,5-15,0.06035694982129121,60,0.06138765196790871,MAP_PMU,133,0.0010307021466175043
5,UPFC_tse,5-15,-2.1483112087232286,60,-2.156084319876311,MAP_PMU,133,0.007773111153082546
0,x_tcsc,1-14,-0.13520548147474984,61,-0.1350911960720561,MAP_PMU,133,0.00011428540269373122
1,B_svc,2,0.27824874272243155,61,0.278060811206263,MAP_PMU,133,0.00018793151616852688
2,UPFC_Vsh,5-15,1.1043859524926343,61,1.1052845868824175,MAP_PMU,133,0.000898634389783215
3,UPFC_tsh,5-15,-0.2285489331506171,61,-0.22853748320535924,MAP_PMU,133,1.1449945257868688e-05
4,UPFC_Vse,5-15,0.060101698125619586,61,0.06138765196790871,MAP_PMU,133,0.0012859538422891267
5,UPFC_tse,5-15,-2.1555053572700675,61,-2.156084319876311,MAP_PMU,133,0.0005789626062435715
0,x_tcsc,1-14,-0.13523447970392835,62,-0.1350911960720561,MAP_PMU,133,0.00014328363187224302
1,B_svc,2,0.27822273971858624,62,0.278060811206263,MAP_PMU,133,0.00016192851232321726
2,UPFC_Vsh,5-15,1.1047525800536293,62,1.1052845868824175,MAP_PMU,133,0.0005320068287881785
3,UPFC_tsh,5-15,-0.22849127494690888,62,-0.22853748320535924,MAP_PMU,133,4.620825845036425e-05
4,UPFC_Vse,5-15,0.060398569244277354,62,0.06138765196790871,MAP_PMU,133,0.0009890827236313585
5,UPFC_tse,5-15,-2.1501840577480373,62,-2.156084319876311,MAP_PMU,133,0.00590026212827377
0,x_tcsc,1-14,-0.1351581092175172,63,-0.1350911960720561,MAP_PMU,133,6.69131454610894e-05
1,B_svc,2,0.27815205596112796,63,0.278060811206263,MAP_PMU,133,9.124475486493866e-05
2,UPFC_Vsh,5-15,1.1041447025975515,63,1.1052845868824175,MAP_PMU,133,0.0011398842848659996
3,UPFC_tsh,5-15,-0.22845113242131157,63,-0.22853748320535924,MAP_PMU,133,8.635078404767293e-05
4,UPFC_Vse,5-15,0.06065629111911676,63,0.06138765196790871,MAP_PMU,133,0.0007313608487919537
5,UPFC_tse,5-15,-2.1492768203407886,63,-2.156084319876311,MAP_PMU,133,0.00680749953552251
0,x_tcsc,1-14,-0.13521818338844466,64,-0.1350911960720561,MAP_PMU,133,0.00012698731638854932
1,B_svc,2,0.2784016219532968,64,0.278060811206263,MAP_PMU,133,0.0003408107470337929
2,UPFC_Vsh,5-15,1.1042788218219877,64,1.1052845868824175,MAP_PMU,133,0.0010057650604298196
3,UPFC_tsh,5-15,-0.22858206064599873,64,-0.22853748320535924,MAP_PMU,133,4.457744063948721e-05
4,UPFC_Vse,5-15,0.06058347385958215,64,0.06138765196790871,MAP_PMU,133,0.0008041781083265656
5,UPFC_tse,5-15,-2.154747756661401,64,-2.156084319876311,MAP_PMU,133,0.001336563214910047
0,x_tcsc,1-14,-0.1351650364591891,65,-0.1350911960720561,MAP_PMU,133,7.384038713298402e-05
1,B_svc,2,0.2784283473630053,65,0.278060811206263,MAP_PMU,133,0.00036753615674228746
2,UPFC_Vsh,5-15,1.1042214797088314,65,1.1052845868824175,MAP_PMU,133,0.001063107173586042
3,UPFC_tsh,5-15,-0.2285311383658483,65,-0.22853748320535924,MAP_PMU,133,6.344839510952216e-06
4,UPFC_Vse,5-15,0.06020987728224393,65,0.06138765196790871,MAP_PMU,133,0.0011777746856647814
5,UPFC_tse,5-15,-2.1411114036494383,65,-2.156084319876311,MAP_PMU,133,0.014972916226872801
0,x_tcsc,1-14,-0.1351893063035397,66,-0.1350911960720561,MAP_PMU,133,9.811023148359466e-05
1,B_svc,2,0.27857773776716765,66,0.278060811206263,MAP_PMU,133,0.0005169265609046292
2,UPFC_Vsh,5-15,1.104438662228632,66,1.1052845868824175,MAP_PMU,133,0.0008459246537855236
3,UPFC_tsh,5-15,-0.22849872738543506,66,-0.22853748320535924,MAP_PMU,133,3.875581992418553e-05
4,UPFC_Vse,5-15,0.05973613350722417,66,0.06138765196790871,MAP_PMU,133,0.0016515184606845437
5,UPFC_tse,5-15,-2.143554283478055,66,-2.156084319876311,MAP_PMU,133,0.012530036398255895
0,x_tcsc,1-14,-0.1351785795686728,67,-0.1350911960720561,MAP_PMU,133,8.738349661668865e-05
1,B_svc,2,0.2790853587161053,67,0.278060811206263,MAP_PMU,133,0.0010245475098422663
2,UPFC_Vsh,5-15,1.1037259036893914,67,1.1052845868824175,MAP_PMU,133,0.0015586831930261003
3,UPFC_tsh,5-15,-0.22851333594877082,67,-0.22853748320535924,MAP_PMU,133,2.414725658841932e-05
4,UPFC_Vse,5-15,0.060467462606982506,67,0.06138765196790871,MAP_PMU,133,0.0009201893609262074
5,UPFC_tse,5-15,-2.154087114687665,67,-2.156084319876311,MAP_PMU,133,0.0019972051886463227
0,x_tcsc,1-14,-0.13518471117116132,68,-0.1350911960720561,MAP_PMU,133,9.35150991052125e-05
1,B_svc,2,0.2784136438120439,68,0.278060811206263,MAP_PMU,133,0.00035283260578089504
2,UPFC_Vsh,5-15,1.1043345939526488,68,1.1052845868824175,MAP_PMU,133,0.0009499929297687171
3,UPFC_tsh,5-15,-0.22849333521683796,68,-0.22853748320535924,MAP_PMU,133,4.4147988521286985e-05
4,UPFC_Vse,5-15,0.0605751203618773,68,0.06138765196790871,MAP_PMU,133,0.0008125316060314108
5,UPFC_tse,5-15,-2.1599331891885143,68,-2.156084319876311,MAP_PMU,133,0.0038488693122031847
0,x_tcsc,1-14,-0.13522507922171326,69,-0.1350911960720561,MAP_PMU,133,0.0001338831496571491
1,B_svc,2,0.27764799649957345,69,0.278060811206263,MAP_PMU,133,0.0004128147066895793
2,UPFC_Vsh,5-15,1.1046398669846687,69,1.1052845868824175,MAP_PMU,133,0.0006447198977488355
3,UPFC_tsh,5-15,-0.22851267247302576,69,-0.22853748320535924,MAP_PMU,133,2.481073233348563e-05
4,UPFC_Vse,5-15,0.06092471247718892,69,0.06138765196790871,MAP_PMU,133,0.0004629394907197937
5,UPFC_tse,5-15,-2.155237950244578,69,-2.156084319876311,MAP_PMU,133,0.0008463696317329017
0,x_tcsc,1-14,-0.1352135817139349,70,-0.1350911960720561,MAP_PMU,133,0.00012238564187880274
1,B_svc,2,0.2779657488610553,70,0.278060811206263,MAP_PMU,133,9.506234520773038e-05
2,UPFC_Vsh,5-15,1.1042741705012662,70,1.1052845868824175,MAP_PMU,133,0.0010104163811512912
3,UPFC_tsh,5-15,-0.2284950761581127,70,-0.22853748320535924,MAP_PMU,133,4.2407047246534324e-05
4,UPFC_Vse,5-15,0.06005301405529318,70,0.06138765196790871,MAP_PMU,133,0.0013346379126155314
5,UPFC_tse,5-15,-2.151569846107579,70,-2.156084319876311,MAP_PMU,133,0.004514473768732152
0,x_tcsc,1-14,-0.13520693361039354,71,-0.1350911960720561,MAP_PMU,133,0.00011573753833743483
1,B_svc,2,0.2782491882755042,71,0.278060811206263,MAP_PMU,133,0.0001883770692411857
2,UPFC_Vsh,5-15,1.1042510510754517,71,1.1052845868824175,MAP_PMU,133,0.0010335358069657463
3,UPFC_tsh,5-15,-0.22850328983812318,71,-0.22853748320535924,MAP_PMU,133,3.419336723606281e-05
4,UPFC_Vse,5-15,0.06051608909959315,71,0.06138765196790871,MAP_PMU,133,0.0008715628683155646
5,UPFC_tse,5-15,-2.152386199183986,71,-2.156084319876311,MAP_PMU,133,0.003698120692325002
0,x_tcsc,1-14,-0.13523408933337036,72,-0.1350911960720561,MAP_PMU,133,0.00014289326131425306
1,B_svc,2,0.27860791291475784,72,0.278060811206263,MAP_PMU,133,0.0005471017084948127
2,UPFC_Vsh,5-15,1.1044169364082652,72,1.1052845868824175,MAP_PMU,133,0.0008676504741522706
3,UPFC_tsh,5-15,-0.22850623985455024,72,-0.22853748320535924,MAP_PMU,133,3.1243350809007087e-05
4,UPFC_Vse,5-15,0.06055831767906408,72,0.06138765196790871,MAP_PMU,133,0.0008293342888446298
5,UPFC_tse,5-15,-2.1478715536531787,72,-2.156084319876311,MAP_PMU,133,0.008212766223132384
0,x_tcsc,1-14,-0.13517891629608655,73,-0.1350911960720561,MAP_PMU,133,8.772022403044644e-05
1,B_svc,2,0.27826084692158,73,0.278060811206263,MAP_PMU,133,0.00020003571531695963
2,UPFC_Vsh,5-15,1.1041833647027137,73,1.1052845868824175,MAP_PMU,133,0.0011012221797037647
3,UPFC_tsh,5-15,-0.22858047934164086,73,-0.22853748320535924,MAP_PMU,133,4.299613628161447e-05
4,UPFC_Vse,5-15,0.06058952694667469,73,0.06138765196790871,MAP_PMU,133,0.0007981250212340252
5,UPFC_tse,5-15,-2.162825194609705,73,-2.156084319876311,MAP_PMU,133,0.006740874733393909
0,x_tcsc,1-14,-0.1352422024787439,74,-0.1350911960720561,MAP_PMU,133,0.00015100640668780363
1,B_svc,2,0.2786813491349609,74,0.278060811206263,MAP_PMU,133,0.0006205379286978729
2,UPFC_Vsh,5-15,1.104203191372964,74,1.1052845868824175,MAP_PMU,133,0.00108139550945352
3,UPFC_tsh,5-15,-0.22855808027043262,74,-0.22853748320535924,MAP_PMU,133,2.0597065073374443e-05
4,UPFC_Vse,5-15,0.06094510645702845,74,0.06138765196790871,MAP_PMU,133,0.0004425455108802642
5,UPFC_tse,5-15,-2.155668914928056,74,-2.156084319876311,MAP_PMU,133,0.0004154049482552047
0,x_tcsc,1-14,-0.13521661616628236,75,-0.1350911960720561,MAP_PMU,133,0.0001254200942262529
1,B_svc,2,0.27811411735559693,75,0.278060811206263,MAP_PMU,133,5.3306149333909314e-05
2,UPFC_Vsh,5-15,1.1044830640096945,75,1.1052845868824175,MAP_PMU,133,0.0008015228727229484
3,UPFC_tsh,5-15,-0.22852845227117563,75,-0.22853748320535924,MAP_PMU,133,9.03093418361256e-06
4,UPFC_Vse,5-15,0.06073233664162572,75,0.06138765196790871,MAP_PMU,133,0.0006553153262829903
5,UPFC_tse,5-15,-2.1443599636614374,75,-2.156084319876311,MAP_PMU,133,0.011724356214873666
0,x_tcsc,1-14,-0.13519473309704944,76,-0.1350911960720561,MAP_PMU,133,0.00010353702499332762
1,B_svc,2,0.2783583563195973,76,0.278060811206263,MAP_PMU,133,0.00029754511333429656
2,UPFC_Vsh,5-15,1.1042204519444887,76,1.1052845868824175,MAP_PMU,133,0.0010641349379287846
3,UPFC_tsh,5-15,-0.22850745710660678,76,-0.22853748320535924,MAP_PMU,133,3.002609875246698e-05
4,UPFC_Vse,5-15,0.06102329577366948,76,0.06138765196790871,MAP_PMU,133,0.00036435619423923205
5,UPFC_tse,5-15,-2.158204731727793,76,-2.156084319876311,MAP_PMU,133,0.0021204118514819292
0,x_tcsc,1-14,-0.13517296903408535,77,-0.1350911960720561,MAP_PMU,133,8.177296202924178e-05
1,B_svc,2,0.27780980113386566,77,0.278060811206263,MAP_PMU,133,0.00025101007239736184
2,UPFC_Vsh,5-15,1.1041647586706549,77,1.1052845868824175,MAP_PMU,133,0.0011198282117625968
3,UPFC_tsh,5-15,-0.22853467917124698,77,-0.22853748320535924,MAP_PMU,133,2.804034112263709e-06
4,UPFC_Vse,5-15,0.06024716251522666,77,0.06138765196790871,MAP_PMU,133,0.001140489452682053
5,UPFC_tse,5-15,-2.1545048583719417,77,-2.156084319876311,MAP_PMU,133,0.0015794615043693838
0,x_tcsc,1-14,-0.13522664878231172,78,-0.1350911960720561,MAP_PMU,133,0.00013545271025561245
1,B_svc,2,0.27781465366174474,78,0.278060811206263,MAP_PMU,133,0.0002461575445182884
2,UPFC_Vsh,5-15,1.1044601274763992,78,1.1052845868824175,MAP_PMU,133,0.0008244594060182742
3,UPFC_tsh,5-15,-0.22852785475683735,78,-0.22853748320535924,MAP_PMU,133,9.628448521897814e-06
4,UPFC_Vse,5-15,0.06007261437615997,78,0.06138765196790871,MAP_PMU,133,0.0013150375917487453
5,UPFC_tse,5-15,-2.153098936316583,78,-2.156084319876311,MAP_PMU,133,0.0029853835597282163
0,x_tcsc,1-14,-0.13518311074548756,79,-0.1350911960720561,MAP_PMU,133,9.191467343144799e-05
1,B_svc,2,0.2780119347389358,79,0.278060811206263,MAP_PMU,133,4.887646732720796e-05
2,UPFC_Vsh,5-15,1.1044525438271893,79,1.1052845868824175,MAP_PMU,133,0.0008320430552282154
3,UPFC_tsh,5-15,-0.22853373465946997,79,-0.22853748320535924,MAP_PMU,133,3.7485458892760892e-06
4,UPFC_Vse,5-15,0.06041757184120721,79,0.06138765196790871,MAP_PMU,133,0.0009700801267015016
5,UPFC_tse,5-15,-2.1518321157304445,79,-2.156084319876311,MAP_PMU,133,0.004252204145866578
0,x_tcsc,1-14,-0.1351611586011566,80,-0.1350911960720561,MAP_PMU,133,6.996252910049239e-05
1,B_svc,2,0.2780513601638473,80,0.278060811206263,MAP_PMU,133,9.451042415731248e-06
2,UPFC_Vsh,5-15,1.1042582127013265,80,1.1052845868824175,MAP_PMU,133,0.0010263741810909721
3,UPFC_tsh,5-15,-0.22850675484866886,80,-0.22853748320535924,MAP_PMU,133,3.072835669037932e-05
4,UPFC_Vse,5-15,0.06022804714740361,80,0.06138765196790871,MAP_PMU,133,0.001159604820505103
5,UPFC_tse,5-15,-2.1503190948263478,80,-2.156084319876311,MAP_PMU,133,0.005765225049963352
0,x_tcsc,1-14,-0.13517397638427817,81,-0.1350911960720561,MAP_PMU,133,8.278031222205828e-05
1,B_svc,2,0.2779868431773466,81,0.278060811206263,MAP_PMU,133,7.396802891640464e-05
2,UPFC_Vsh,5-15,1.1044394739001,81,1.1052845868824175,MAP_PMU,133,0.0008451129823174863
3,UPFC_tsh,5-15,-0.2285276441270656,81,-0.22853748320535924,MAP_PMU,133,9.839078293633063e-06
4,UPFC_Vse,5-15,0.06078790570439657,81,0.06138765196790871,MAP_PMU,133,0.0005997462635121409
5,UPFC_tse,5-15,-2.146936136404198,81,-2.156084319876311,MAP_PMU,133,0.009148183472113214
0,x_tcsc,1-14,-0.13518850043253555,82,-0.1350911960720561,MAP_PMU,133,9.730436047944435e-05
1,B_svc,2,0.27825226034976797,82,0.278060811206263,MAP_PMU,133,0.00019144914350494036
2,UPFC_Vsh,5-15,1.1044747558185266,82,1.1052845868824175,MAP_PMU,133,0.0008098310638908757
3,UPFC_tsh,5-15,-0.2285247609683643,82,-0.22853748320535924,MAP_PMU,133,1.2722236994944236e-05
4,UPFC_Vse,5-15,0.060236428353512804,82,0.06138765196790871,MAP_PMU,133,0.001151223614395909
5,UPFC_tse,5-15,-2.146180737377315,82,-2.156084319876311,MAP_PMU,133,0.009903582498996144
0,x_tcsc,1-14,-0.1351668218214527,83,-0.1350911960720561,MAP_PMU,133,7.562574939659616e-05
1,B_svc,2,0.2776924481545641,83,0.278060811206263,MAP_PMU,133,0.0003683630516989056
2,UPFC_Vsh,5-15,1.1048195680510162,83,1.1052845868824175,MAP_PMU,133,0.0004650188314012649
3,UPFC_tsh,5-15,-0.22848305463921226,83,-0.22853748320535924,MAP_PMU,133,5.442856614698566e-05
4,UPFC_Vse,5-15,0.06027935117383474,83,0.06138765196790871,MAP_PMU,133,0.0011083007940739728
5,UPFC_tse,5-15,-2.1446525450321055,83,-2.156084319876311,MAP_PMU,133,0.011431774844205655
0,x_tcsc,1-14,-0.13513221808964332,84,-0.1350911960720561,MAP_PMU,133,4.1022017587211135e-05
1,B_svc,2,0.2783586116194806,84,0.278060811206263,MAP_PMU,133,0.000297800413217586
2,UPFC_Vsh,5-15,1.104124059201313,84,1.1052845868824175,MAP_PMU,133,0.0011605276811044174
3,UPFC_tsh,5-15,-0.22863811937570086,84,-0.22853748320535924,MAP_PMU,133,0.00010063617034161698
4,UPFC_Vse,5-15,0.060502696319887556,84,0.06138765196790871,MAP_PMU,133,0.0008849556480211573
5,UPFC_tse,5-15,-2.1493993215600793,84,-2.156084319876311,MAP_PMU,133,0.006684998316231816
0,x_tcsc,1-14,-0.13513499184497668,85,-0.1350911960720561,MAP_PMU,133,4.3795772920574016e-05
1,B_svc,2,0.2776819481649327,85,0.278060811206263,MAP_PMU,133,0.0003788630413303351
2,UPFC_Vsh,5-15,1.1042325020711161,85,1.1052845868824175,MAP_PMU,133,0.001052084811301368
3,UPFC_tsh,5-15,-0.22855860493168903,85,-0.22853748320535924,MAP_PMU,133,2.1121726329786927e-05
4,UPFC_Vse,5-15,0.06027505203782775,85,0.06138765196790871,MAP_PMU,133,0.0011125999300809625
5,UPFC_tse,5-15,-2.1561733641464835,85,-2.156084319876311,MAP_PMU,133,8.904427017242256e-05
0,x_tcsc,1-14,-0.13515077640120088,86,-0.1350911960720561,MAP_PMU,133,5.9580329144770516e-05
1,B_svc,2,0.2781243586353151,86,0.278060811206263,MAP_PMU,133,6.354742905206878e-05
2,UPFC_Vsh,5-15,1.1047499032721422,86,1.1052845868824175,MAP_PMU,133,0.0005346836102753105
3,UPFC_tsh,5-15,-0.2284778982022573,86,-0.22853748320535924,MAP_PMU,133,5.958500310193626e-05
4,UPFC_Vse,5-15,0.06085126941166268,86,0.06138765196790871,MAP_PMU,133,0.0005363825562460303
5,UPFC_tse,5-15,-2.149108546608372,86,-2.156084319876311,MAP_PMU,133,0.006975773267939189
0,x_tcsc,1-14,-0.13521217438895822,87,-0.1350911960720561,MAP_PMU,133,0.00012097831690210947
1,B_svc,2,0.2776803260931438,87,0.278060811206263,MAP_PMU,133,0.0003804851131192222
2,UPFC_Vsh,5-15,1.1045672976381022,87,1.1052845868824175,MAP_PMU,133,0.0007172892443152445
3,UPFC_tsh,5-15,-0.22851065899278833,87,-0.22853748320535924,MAP_PMU,133,2.682421257091394e-05
4,UPFC_Vse,5-15,0.060305696630576486,87,0.06138765196790871,MAP_PMU,133,0.0010819553373322272
5,UPFC_tse,5-15,-2.1492243747446484,87,-2.156084319876311,MAP_PMU,133,0.006859945131662659
0,x_tcsc,1-14,-0.13521140781518406,88,-0.1350911960720561,MAP_PMU,133,0.00012021174312795702
1,B_svc,2,0.27791854931541193,88,0.278060811206263,MAP_PMU,133,0.00014226189085109198
2,UPFC_Vsh,5-15,1.1044286535437244,88,1.1052845868824175,MAP_PMU,133,0.000855933338693049
3,UPFC_tsh,5-15,-0.2285391673751352,88,-0.22853748320535924,MAP_PMU,133,1.684169775945099e-06
4,UPFC_Vse,5-15,0.06041894633166291,88,0.06138765196790871,MAP_PMU,133,0.0009687056362458063
5,UPFC_tse,5-15,-2.157932261292749,88,-2.156084319876311,MAP_PMU,133,0.0018479414164378483
0,x_tcsc,1-14,-0.13515887985537675,89,-0.1350911960720561,MAP_PMU,133,6.76837833206434e-05
1,B_svc,2,0.27825468062369874,89,0.278060811206263,MAP_PMU,133,0.0001938694174357103
2,UPFC_Vsh,5-15,1.104533655095062,89,1.1052845868824175,MAP_PMU,133,0.0007509317873555243
3,UPFC_tsh,5-15,-0.22854978374154006,89,-0.22853748320535924,MAP_PMU,133,1.2300536180814836e-05
4,UPFC_Vse,5-15,0.06046647570649797,89,0.06138765196790871,MAP_PMU,133,0.000921176261410743
5,UPFC_tse,5-15,-2.1548052396105883,89,-2.156084319876311,MAP_PMU,133,0.0012790802657227651
0,x_tcsc,1-14,-0.13523678027474104,90,-0.1350911960720561,MAP_PMU,133,0.00014558420268492855
1,B_svc,2,0.2782204842615906,90,0.278060811206263,MAP_PMU,133,0.00015967305532754716
2,UPFC_Vsh,5-15,1.1043299450337505,90,1.1052845868824175,MAP_PMU,133,0.0009546418486670039
3,UPFC_tsh,5-15,-0.22857896129884867,90,-0.22853748320535924,MAP_PMU,133,4.147809348942211e-05
4,UPFC_Vse,5-15,0.06074194333372233,90,0.06138765196790871,MAP_PMU,133,0.0006457086341863857
5,UPFC_tse,5-15,-2.1587778445792045,90,-2.156084319876311,MAP_PMU,133,0.002693524702893413
0,x_tcsc,1-14,-0.13520031840424718,91,-0.1350911960720561,MAP_PMU,133,0.00010912233219106948
1,B_svc,2,0.27796731272188846,91,0.278060811206263,MAP_PMU,133,9.349848437456565e-05
2,UPFC_Vsh,5-15,1.1044715563252372,91,1.1052845868824175,MAP_PMU,133,0.0008130305571802943
3,UPFC_tsh,5-15,-0.22847822667812126,91,-0.22853748320535924,MAP_PMU,133,5.9256527237983025e-05
4,UPFC_Vse,5-15,0.06007029159510448,91,0.06138765196790871,MAP_PMU,133,0.0013173603728042355
5,UPFC_tse,5-15,-2.1464331212463335,91,-2.156084319876311,MAP_PMU,133,0.009651198629977653
0,x_tcsc,1-14,-0.1352418825820338,92,-0.1350911960720561,MAP_PMU,133,0.00015068650997768218
1,B_svc,2,0.27777679009486095,92,0.278060811206263,MAP_PMU,133,0.0002840211114020774
2,UPFC_Vsh,5-15,1.1043234514192986,92,1.1052845868824175,MAP_PMU,133,0.0009611354631189339
3,UPFC_tsh,5-15,-0.22856115627582096,92,-0.22853748320535924,MAP_PMU,133,2.3673070461721624e-05
4,UPFC_Vse,5-15,0.060072805833936545,92,0.06138765196790871,MAP_PMU,133,0.0013148461339721682
5,UPFC_tse,5-15,-2.138725501793927,92,-2.156084319876311,MAP_PMU,133,0.017358818082384264
0,x_tcsc,1-14,-0.1351422618996858,93,-0.1350911960720561,MAP_PMU,133,5.10658276297038e-05
1,B_svc,2,0.2784791989740186,93,0.278060811206263,MAP_PMU,133,0.0004183877677556014
2,UPFC_Vsh,5-15,1.1044898794885578,93,1.1052845868824175,MAP_PMU,133,0.0007947073938596727
3,UPFC_tsh,5-15,-0.22854990507767228,93,-0.22853748320535924,MAP_PMU,133,1.2421872313039817e-05
4,UPFC_Vse,5-15,0.060194497566929524,93,0.06138765196790871,MAP_PMU,133,0.0011931544009791892
5,UPFC_tse,5-15,-2.150945335942254,93,-2.156084319876311,MAP_PMU,133,0.005138983934056984
0,x_tcsc,1-14,-0.13521290976904796,94,-0.1350911960720561,MAP_PMU,133,0.00012171369699184864
1,B_svc,2,0.2785966989795087,94,0.278060811206263,MAP_PMU,133,0.0005358877732456468
2,UPFC_Vsh,5-15,1.1041262949806692,94,1.1052845868824175,MAP_PMU,133,0.0011582919017483206
3,UPFC_tsh,5-15,-0.22858636229563756,94,-0.22853748320535924,MAP_PMU,133,4.8879090278314274e-05
4,UPFC_Vse,5-15,0.060447167800092565,94,0.06138765196790871,MAP_PMU,133,0.0009404841678161482
5,UPFC_tse,5-15,-2.1593540394492576,94,-2.156084319876311,MAP_PMU,133,0.003269719572946528
0,x_tcsc,1-14,-0.13520607303850316,95,-0.1350911960720561,MAP_PMU,133,0.00011487696644704726
1,B_svc,2,0.27864692272489633,95,0.278060811206263,MAP_PMU,133,0.0005861115186333032
2,UPFC_Vsh,5-15,1.1044857007441602,95,1.1052845868824175,MAP_PMU,133,0.0007988861382572932
3,UPFC_tsh,5-15,-0.22855719090893148,95,-0.22853748320535924,MAP_PMU,133,1.9707703572235946e-05
4,UPFC_Vse,5-15,0.06047998861503239,95,0.06138765196790871,MAP_PMU,133,0.0009076633528763214
5,UPFC_tse,5-15,-2.151377908395269,95,-2.156084319876311,MAP_PMU,133,0.0047064114810422275
0,x_tcsc,1-14,-0.13519711109229668,96,-0.1350911960720561,MAP_PMU,133,0.0001059150202405712
1,B_svc,2,0.2776539483122307,96,0.278060811206263,MAP_PMU,133,0.00040686289403230047
2,UPFC_Vsh,5-15,1.1043724317605899,96,1.1052845868824175,MAP_PMU,133,0.0009121551218276291
3,UPFC_tsh,5-15,-0.22857471244343286,96,-0.22853748320535924,MAP_PMU,133,3.722923807361611e-05
4,UPFC_Vse,5-15,0.06015949521294306,96,0.06138765196790871,MAP_PMU,133,0.0012281567549656536
5,UPFC_tse,5-15,-2.1527866778592513,96,-2.156084319876311,MAP_PMU,133,0.003297642017059843
0,x_tcsc,1-14,-0.13525345461873992,97,-0.1350911960720561,MAP_PMU,133,0.0001622585466838078
1,B_svc,2,0.27733884382286317,97,0.278060811206263,MAP_PMU,133,0.0007219673833998574
2,UPFC_Vsh,5-15,1.1045416709695035,97,1.1052845868824175,MAP_PMU,133,0.0007429159129139773
3,UPFC_tsh,5-15,-0.22843352613490908,97,-0.22853748320535924,MAP_PMU,133,0.00010395707045016134
4,UPFC_Vse,5-15,0.06038988837151129,97,0.06138765196790871,MAP_PMU,133,0.0009977635963974232
5,UPFC_tse,5-15,-2.1462954363428906,97,-2.156084319876311,MAP_PMU,133,0.009788883533420556
0,x_tcsc,1-14,-0.1351763812176174,98,-0.1350911960720561,MAP_PMU,133,8.518514556130063e-05
1,B_svc,2,0.27799606927022147,98,0.278060811206263,MAP_PMU,133,6.474193604155687e-05
2,UPFC_Vsh,5-15,1.1040557956933563,98,1.1052845868824175,MAP_PMU,133,0.0012287911890611625
3,UPFC_tsh,5-15,-0.22853276947756776,98,-0.22853748320535924,MAP_PMU,133,4.713727791483269e-06
4,UPFC_Vse,5-15,0.06080734417307266,98,0.06138765196790871,MAP_PMU,133,0.0005803077948360533
5,UPFC_tse,5-15,-2.1496698315726,98,-2.156084319876311,MAP_PMU,133,0.006414488303711163
0,x_tcsc,1-14,-0.13524762076071345,99,-0.1350911960720561,MAP_PMU,133,0.00015642468865734172
1,B_svc,2,0.2775481682153298,99,0.278060811206263,MAP_PMU,133,0.000512642990933232
2,UPFC_Vsh,5-15,1.104556676180487,99,1.1052845868824175,MAP_PMU,133,0.0007279107019304565
3,UPFC_tsh,5-15,-0.22858816447884525,99,-0.22853748320535924,MAP_PMU,133,5.068127348600848e-05
4,UPFC_Vse,5-15,0.060191413265713624,99,0.06138765196790871,MAP_PMU,133,0.001196238702195089
5,UPFC_tse,5-15,-2.152855427835046,99,-2.156084319876311,MAP_PMU,133,0.0032288920412653077
0,x_tcsc,1-14,-0.1347846262035944,0,-0.1346517936501981,MAP_PMU,135,0.0001328325533963004
1,B_svc,2,0.27576058622850114,0,0.2757002747100101,MAP_PMU,135,6.0311518491062976e-05
2,UPFC_Vsh,5-15,1.104367759505787,0,1.1052896437161124,MAP_PMU,135,0.0009218842103253522
3,UPFC_tsh,5-15,-0.22943044669733104,0,-0.2294291985876891,MAP_PMU,135,1.2481096419436621e-06
4,UPFC_Vse,5-15,0.06018230518259921,0,0.060485478662259694,MAP_PMU,135,0.0003031734796604818
5,UPFC_tse,5-15,-2.157830655336608,0,-2.1569582826184863,MAP_PMU,135,0.0008723727181214613
0,x_tcsc,1-14,-0.13483680380156135,1,-0.1346517936501981,MAP_PMU,135,0.00018501015136324073
1,B_svc,2,0.27572346811295134,1,0.2757002747100101,MAP_PMU,135,2.319340294126837e-05
2,UPFC_Vsh,5-15,1.1040121934358227,1,1.1052896437161124,MAP_PMU,135,0.0012774502802896937
3,UPFC_tsh,5-15,-0.22949371130213417,1,-0.2294291985876891,MAP_PMU,135,6.451271444507523e-05
4,UPFC_Vse,5-15,0.059593901913875744,1,0.060485478662259694,MAP_PMU,135,0.0008915767483839501
5,UPFC_tse,5-15,-2.158431673443159,1,-2.1569582826184863,MAP_PMU,135,0.0014733908246724603
0,x_tcsc,1-14,-0.13478260246658338,2,-0.1346517936501981,MAP_PMU,135,0.00013080881638527497
1,B_svc,2,0.276110971676486,2,0.2757002747100101,MAP_PMU,135,0.000410696966475943
2,UPFC_Vsh,5-15,1.1045461661917777,2,1.1052896437161124,MAP_PMU,135,0.0007434775243346792
3,UPFC_tsh,5-15,-0.2295321053941646,2,-0.2294291985876891,MAP_PMU,135,0.0001029068064755112
4,UPFC_Vse,5-15,0.060719645487830355,2,0.060485478662259694,MAP_PMU,135,0.00023416682557066137
5,UPFC_tse,5-15,-2.160182241617251,2,-2.1569582826184863,MAP_PMU,135,0.003223958998764598
0,x_tcsc,1-14,-0.13474358097628528,3,-0.1346517936501981,MAP_PMU,135,9.178732608716711e-05
1,B_svc,2,0.27571783126275634,3,0.2757002747100101,MAP_PMU,135,1.755655274626733e-05
2,UPFC_Vsh,5-15,1.1043563385614326,3,1.1052896437161124,MAP_PMU,135,0.0009333051546798199
3,UPFC_tsh,5-15,-0.2293946214143748,3,-0.2294291985876891,MAP_PMU,135,3.4577173314287446e-05
4,UPFC_Vse,5-15,0.060399307483723706,3,0.060485478662259694,MAP_PMU,135,8.617117853598755e-05
5,UPFC_tse,5-15,-2.1492121945966245,3,-2.1569582826184863,MAP_PMU,135,0.00774608802186183
0,x_tcsc,1-14,-0.13482782709202515,4,-0.1346517936501981,MAP_PMU,135,0.00017603344182703928
1,B_svc,2,0.2754049576190323,4,0.2757002747100101,MAP_PMU,135,0.000295317090977798
2,UPFC_Vsh,5-15,1.1046730669647942,4,1.1052896437161124,MAP_PMU,135,0.0006165767513182097
3,UPFC_tsh,5-15,-0.2294001595879994,4,-0.2294291985876891,MAP_PMU,135,2.903899968970114e-05
4,UPFC_Vse,5-15,0.06017073685534489,4,0.060485478662259694,MAP_PMU,135,0.00031474180691480613
5,UPFC_tse,5-15,-2.156063434840275,4,-2.1569582826184863,MAP_PMU,135,0.0008948477782113606
0,x_tcsc,1-14,-0.13473005776400074,5,-0.1346517936501981,MAP_PMU,135,7.826411380262854e-05
1,B_svc,2,0.27558501556179205,5,0.2757002747100101,MAP_PMU,135,0.00011525914821802763
2,UPFC_Vsh,5-15,1.1045030687321686,5,1.1052896437161124,MAP_PMU,135,0.0007865749839437441
3,UPFC_tsh,5-15,-0.22938651797254994,5,-0.2294291985876891,MAP_PMU,135,4.2680615139151223e-05
4,UPFC_Vse,5-15,0.06044459769155047,5,0.060485478662259694,MAP_PMU,135,4.088097070922142e-05
5,UPFC_tse,5-15,-2.1308823008586018,5,-2.1569582826184863,MAP_PMU,135,0.02607598175988457
0,x_tcsc,1-14,-0.134803873355629,6,-0.1346517936501981,MAP_PMU,135,0.00015207970543087979
1,B_svc,2,0.2757476419037668,6,0.2757002747100101,MAP_PMU,135,4.7367193756753245e-05
2,UPFC_Vsh,5-15,1.1042642380326186,6,1.1052896437161124,MAP_PMU,135,0.0010254056834937408
3,UPFC_tsh,5-15,-0.2294538767897553,6,-0.2294291985876891,MAP_PMU,135,2.4678202066197308e-05
4,UPFC_Vse,5-15,0.06016945874453329,6,0.060485478662259694,MAP_PMU,135,0.00031601991772640253
5,UPFC_tse,5-15,-2.1569745418250172,6,-2.1569582826184863,MAP_PMU,135,1.6259206530921944e-05
0,x_tcsc,1-14,-0.13475451583695874,7,-0.1346517936501981,MAP_PMU,135,0.00010272218676063427
1,B_svc,2,0.275666488137644,7,0.2757002747100101,MAP_PMU,135,3.378657236607907e-05
2,UPFC_Vsh,5-15,1.104483956648731,7,1.1052896437161124,MAP_PMU,135,0.0008056870673813776
3,UPFC_tsh,5-15,-0.2293932379129222,7,-0.2294291985876891,MAP_PMU,135,3.5960674766882805e-05
4,UPFC_Vse,5-15,0.06016944593727975,7,0.060485478662259694,MAP_PMU,135,0.00031603272497994495
5,UPFC_tse,5-15,-2.1485250465618173,7,-2.1569582826184863,MAP_PMU,135,0.008433236056669013
0,x_tcsc,1-14,-0.1347793458129047,8,-0.1346517936501981,MAP_PMU,135,0.0001275521627066012
1,B_svc,2,0.27577310083108936,8,0.2757002747100101,MAP_PMU,135,7.282612107928355e-05
2,UPFC_Vsh,5-15,1.1045064689678497,8,1.1052896437161124,MAP_PMU,135,0.0007831747482627271
3,UPFC_tsh,5-15,-0.22945588152863022,8,-0.2294291985876891,MAP_PMU,135,2.6682940941130662e-05
4,UPFC_Vse,5-15,0.06030396076703655,8,0.060485478662259694,MAP_PMU,135,0.0001815178952231447
5,UPFC_tse,5-15,-2.151099088252781,8,-2.1569582826184863,MAP_PMU,135,0.005859194365705367
0,x_tcsc,1-14,-0.13477017000384073,9,-0.1346517936501981,MAP_PMU,135,0.00011837635364261856
1,B_svc,2,0.2754376396694205,9,0.2757002747100101,MAP_PMU,135,0.0002626350405895983
2,UPFC_Vsh,5-15,1.1043541731442534,9,1.1052896437161124,MAP_PMU,135,0.0009354705718589429
3,UPFC_tsh,5-15,-0.22941033750111073,9,-0.2294291985876891,MAP_PMU,135,1.8861086578364494e-05
4,UPFC_Vse,5-15,0.06043499979820545,9,0.060485478662259694,MAP_PMU,135,5.0478864054244454e-05
5,UPFC_tse,5-15,-2.148938201035804,9,-2.1569582826184863,MAP_PMU,135,0.008020081582682526
0,x_tcsc,1-14,-0.13486688889372753,10,-0.1346517936501981,MAP_PMU,135,0.00021509524352941733
1,B_svc,2,0.27620268343847676,10,0.2757002747100101,MAP_PMU,135,0.0005024087284666856
2,UPFC_Vsh,5-15,1.104870509413483,10,1.1052896437161124,MAP_PMU,135,0.0004191343026294092
3,UPFC_tsh,5-15,-0.22934108439620715,10,-0.2294291985876891,MAP_PMU,135,8.811419148194166e-05
4,UPFC_Vse,5-15,0.06037410309968399,10,0.060485478662259694,MAP_PMU,135,0.00011137556257570513
5,UPFC_tse,5-15,-2.147759182858672,10,-2.1569582826184863,MAP_PMU,135,0.009199099759814366
0,x_tcsc,1-14,-0.1348281320458708,11,-0.1346517936501981,MAP_PMU,135,0.00017633839567268716
1,B_svc,2,0.2753486910902038,11,0.2757002747100101,MAP_PMU,135,0.0003515836198062505
2,UPFC_Vsh,5-15,1.104650688133648,11,1.1052896437161124,MAP_PMU,135,0.0006389555824644066
3,UPFC_tsh,5-15,-0.22938934264305677,11,-0.2294291985876891,MAP_PMU,135,3.9855944632322116e-05
4,UPFC_Vse,5-15,0.06012564977926249,11,0.060485478662259694,MAP_PMU,135,0.00035982888299720267
5,UPFC_tse,5-15,-2.1501323451635495,11,-2.1569582826184863,MAP_PMU,135,0.00682593745493687
0,x_tcsc,1-14,-0.13479999410950264,12,-0.1346517936501981,MAP_PMU,135,0.00014820045930452608
1,B_svc,2,0.27627731233085,12,0.2757002747100101,MAP_PMU,135,0.0005770376208399375
2,UPFC_Vsh,5-15,1.1045332345061099,12,1.1052896437161124,MAP_PMU,135,0.0007564092100025288
3,UPFC_tsh,5-15,-0.2293780308295947,12,-0.2294291985876891,MAP_PMU,135,5.1167758094383675e-05
4,UPFC_Vse,5-15,0.05943385567683546,12,0.060485478662259694,MAP_PMU,135,0.0010516229854242304
5,UPFC_tse,5-15,-2.142702658822773,12,-2.1569582826184863,MAP_PMU,135,0.014255623795713213
0,x_tcsc,1-14,-0.1347645663267817,13,-0.1346517936501981,MAP_PMU,135,0.00011277267658357792
1,B_svc,2,0.27611926224698824,13,0.2757002747100101,MAP_PMU,135,0.00041898753697816593
2,UPFC_Vsh,5-15,1.104746456356829,13,1.1052896437161124,MAP_PMU,135,0.0005431873592833814
3,UPFC_tsh,5-15,-0.22932997563779853,13,-0.2294291985876891,MAP_PMU,135,9.922294989056502e-05
4,UPFC_Vse,5-15,0.05977479741000043,13,0.060485478662259694,MAP_PMU,135,0.0007106812522592668
5,UPFC_tse,5-15,-2.1455390362946245,13,-2.1569582826184863,MAP_PMU,135,0.01141924632386182
0,x_tcsc,1-14,-0.13476255061544312,14,-0.1346517936501981,MAP_PMU,135,0.00011075696524501244
1,B_svc,2,0.27579160074864406,14,0.2757002747100101,MAP_PMU,135,9.132603863398758e-05
2,UPFC_Vsh,5-15,1.104251107874904,14,1.1052896437161124,MAP_PMU,135,0.0010385358412083878
3,UPFC_tsh,5-15,-0.2293922873430091,14,-0.2294291985876891,MAP_PMU,135,3.691124467999907e-05
4,UPFC_Vse,5-15,0.06031906728919096,14,0.060485478662259694,MAP_PMU,135,0.00016641137306873388
5,UPFC_tse,5-15,-2.150775770452164,14,-2.1569582826184863,MAP_PMU,135,0.006182512166322152
0,x_tcsc,1-14,-0.13482116578275452,15,-0.1346517936501981,MAP_PMU,135,0.00016937213255641126
1,B_svc,2,0.2757715869063125,15,0.2757002747100101,MAP_PMU,135,7.131219630240881e-05
2,UPFC_Vsh,5-15,1.1041006751994369,15,1.1052896437161124,MAP_PMU,135,0.0011889685166754926
3,UPFC_tsh,5-15,-0.22948109613506523,15,-0.2294291985876891,MAP_PMU,135,5.189754737613961e-05
4,UPFC_Vse,5-15,0.06036707645615388,15,0.060485478662259694,MAP_PMU,135,0.00011840220610581653
5,UPFC_tse,5-15,-2.150771550159146,15,-2.1569582826184863,MAP_PMU,135,0.006186732459340316
0,x_tcsc,1-14,-0.13471422249180398,16,-0.1346517936501981,MAP_PMU,135,6.242884160587159e-05
1,B_svc,2,0.27589524715177705,16,0.2757002747100101,MAP_PMU,135,0.00019497244176697182
2,UPFC_Vsh,5-15,1.1045767739718875,16,1.1052896437161124,MAP_PMU,135,0.0007128697442249088
3,UPFC_tsh,5-15,-0.22941391193517205,16,-0.2294291985876891,MAP_PMU,135,1.5286652517043642e-05
4,UPFC_Vse,5-15,0.05998731455184832,16,0.060485478662259694,MAP_PMU,135,0.0004981641104113768
5,UPFC_tse,5-15,-2.1541943442058837,16,-2.1569582826184863,MAP_PMU,135,0.0027639384126025845
0,x_tcsc,1-14,-0.13485533258329013,17,-0.1346517936501981,MAP_PMU,135,0.00020353893309202342
1,B_svc,2,0.27614119069279675,17,0.2757002747100101,MAP_PMU,135,0.00044091598278667155
2,UPFC_Vsh,5-15,1.1047393185880214,17,1.1052896437161124,MAP_PMU,135,0.0005503251280909449
3,UPFC_tsh,5-15,-0.22934876608518723,17,-0.2294291985876891,MAP_PMU,135,8.043250250186484e-05
4,UPFC_Vse,5-15,0.05990240347959639,17,0.060485478662259694,MAP_PMU,135,0.0005830751826633035
5,UPFC_tse,5-15,-2.1476985212448727,17,-2.1569582826184863,MAP_PMU,135,0.009259761373613618
0,x_tcsc,1-14,-0.13478161861967985,18,-0.1346517936501981,MAP_PMU,135,0.0001298249694817455
1,B_svc,2,0.27613624161049677,18,0.2757002747100101,MAP_PMU,135,0.00043596690048669506
2,UPFC_Vsh,5-15,1.1041952492276155,18,1.1052896437161124,MAP_PMU,135,0.0010943944884969081
3,UPFC_tsh,5-15,-0.22943259759576742,18,-0.2294291985876891,MAP_PMU,135,3.399008078330823e-06
4,UPFC_Vse,5-15,0.06058792181962223,18,0.060485478662259694,MAP_PMU,135,0.0001024431573625334
5,UPFC_tse,5-15,-2.153978233380986,18,-2.1569582826184863,MAP_PMU,135,0.002980049237500282
0,x_tcsc,1-14,-0.1348162264090238,19,-0.1346517936501981,MAP_PMU,135,0.00016443275882568886
1,B_svc,2,0.27567269318199245,19,0.2757002747100101,MAP_PMU,135,2.7581528017628365e-05
2,UPFC_Vsh,5-15,1.1047523102337813,19,1.1052896437161124,MAP_PMU,135,0.0005373334823310927
3,UPFC_tsh,5-15,-0.22937807831349272,19,-0.2294291985876891,MAP_PMU,135,5.112027419637566e-05
4,UPFC_Vse,5-15,0.06007372494133833,19,0.060485478662259694,MAP_PMU,135,0.0004117537209213651
5,UPFC_tse,5-15,-2.1530914950320788,19,-2.1569582826184863,MAP_PMU,135,0.003866787586407572
0,x_tcsc,1-14,-0.13479003506839715,20,-0.1346517936501981,MAP_PMU,135,0.00013824141819904212
1,B_svc,2,0.2762083216227366,20,0.2757002747100101,MAP_PMU,135,0.0005080469127265452
2,UPFC_Vsh,5-15,1.1042529279179247,20,1.1052896437161124,MAP_PMU,135,0.0010367157981876485
3,UPFC_tsh,5-15,-0.22941322819588583,20,-0.2294291985876891,MAP_PMU,135,1.5970391803260542e-05
4,UPFC_Vse,5-15,0.06053006113013185,20,0.060485478662259694,MAP_PMU,135,4.4582467872159026e-05
5,UPFC_tse,5-15,-2.157856627318907,20,-2.1569582826184863,MAP_PMU,135,0.0008983447004204947
0,x_tcsc,1-14,-0.13476072541437464,21,-0.1346517936501981,MAP_PMU,135,0.00010893176417653416
1,B_svc,2,0.275814130456674,21,0.2757002747100101,MAP_PMU,135,0.00011385574666394893
2,UPFC_Vsh,5-15,1.104396702188364,21,1.1052896437161124,MAP_PMU,135,0.0008929415277483255
3,UPFC_tsh,5-15,-0.2294411424610206,21,-0.2294291985876891,MAP_PMU,135,1.1943873331504706e-05
4,UPFC_Vse,5-15,0.06054724023203297,21,0.060485478662259694,MAP_PMU,135,6.176156977327762e-05
5,UPFC_tse,5-15,-2.1503006119331864,21,-2.1569582826184863,MAP_PMU,135,0.006657670685299877
0,x_tcsc,1-14,-0.13477674814706858,22,-0.1346517936501981,MAP_PMU,135,0.0001249544968704719
1,B_svc,2,0.27598055186935216,22,0.2757002747100101,MAP_PMU,135,0.0002802771593420905
2,UPFC_Vsh,5-15,1.1044123932337881,22,1.1052896437161124,MAP_PMU,135,0.0008772504823242322
3,UPFC_tsh,5-15,-0.22939376466553252,22,-0.2294291985876891,MAP_PMU,135,3.5433922156574704e-05
4,UPFC_Vse,5-15,0.06005247538440639,22,0.060485478662259694,MAP_PMU,135,0.0004330032778533041
5,UPFC_tse,5-15,-2.1539697966586897,22,-2.1569582826184863,MAP_PMU,135,0.0029884859597966162
0,x_tcsc,1-14,-0.1347877130206356,23,-0.1346517936501981,MAP_PMU,135,0.00013591937043749835
1,B_svc,2,0.276099485595792,23,0.2757002747100101,MAP_PMU,135,0.000399210885781931
2,UPFC_Vsh,5-15,1.1043204515530773,23,1.1052896437161124,MAP_PMU,135,0.0009691921630350375
3,UPFC_tsh,5-15,-0.22943358600504873,23,-0.2294291985876891,MAP_PMU,135,4.387417359641432e-06
4,UPFC_Vse,5-15,0.060295040783961855,23,0.060485478662259694,MAP_PMU,135,0.00019043787829783887
5,UPFC_tse,5-15,-2.1502050301036593,23,-2.1569582826184863,MAP_PMU,135,0.006753252514827057
0,x_tcsc,1-14,-0.13479059285534978,24,-0.1346517936501981,MAP_PMU,135,0.00013879920515166844
1,B_svc,2,0.2759061372450295,24,0.2757002747100101,MAP_PMU,135,0.00020586253501941876
2,UPFC_Vsh,5-15,1.1043723697540166,24,1.1052896437161124,MAP_PMU,135,0.0009172739620957326
3,UPFC_tsh,5-15,-0.22945969886573464,24,-0.2294291985876891,MAP_PMU,135,3.050027804554767e-05
4,UPFC_Vse,5-15,0.06046913702762004,24,0.060485478662259694,MAP_PMU,135,1.6341634639656377e-05
5,UPFC_tse,5-15,-2.1502316655108853,24,-2.1569582826184863,MAP_PMU,135,0.0067266171076010295
0,x_tcsc,1-14,-0.13476853482538126,25,-0.1346517936501981,MAP_PMU,135,0.0001167411751831493
1,B_svc,2,0.2751248523073181,25,0.2757002747100101,MAP_PMU,135,0.000575422402691983
2,UPFC_Vsh,5-15,1.1044772385813795,25,1.1052896437161124,MAP_PMU,135,0.0008124051347329075
3,UPFC_tsh,5-15,-0.22937598462447298,25,-0.2294291985876891,MAP_PMU,135,5.321396321611438e-05
4,UPFC_Vse,5-15,0.059882740126090954,25,0.060485478662259694,MAP_PMU,135,0.0006027385361687398
5,UPFC_tse,5-15,-2.149211425741375,25,-2.1569582826184863,MAP_PMU,135,0.007746856877111519
0,x_tcsc,1-14,-0.1347805441887173,26,-0.1346517936501981,MAP_PMU,135,0.0001287505385191845
1,B_svc,2,0.2757232461100431,26,0.2757002747100101,MAP_PMU,135,2.2971400033044986e-05
2,UPFC_Vsh,5-15,1.1046290541207768,26,1.1052896437161124,MAP_PMU,135,0.0006605895953355478
3,UPFC_tsh,5-15,-0.22938125117737068,26,-0.2294291985876891,MAP_PMU,135,4.7947410318410766e-05
4,UPFC_Vse,5-15,0.06009762640184666,26,0.060485478662259694,MAP_PMU,135,0.00038785226041303245
5,UPFC_tse,5-15,-2.1416700294978255,26,-2.1569582826184863,MAP_PMU,135,0.015288253120660844
0,x_tcsc,1-14,-0.13476070177676075,27,-0.1346517936501981,MAP_PMU,135,0.00010890812656264015
1,B_svc,2,0.27580624183757163,27,0.2757002747100101,MAP_PMU,135,0.00010596712756155702
2,UPFC_Vsh,5-15,1.1043962766667508,27,1.1052896437161124,MAP_PMU,135,0.0008933670493616042
3,UPFC_tsh,5-15,-0.22944609937057392,27,-0.2294291985876891,MAP_PMU,135,1.690078288482666e-05
4,UPFC_Vse,5-15,0.0600675609909121,27,0.060485478662259694,MAP_PMU,135,0.0004179176713475924
5,UPFC_tse,5-15,-2.151483659964084,27,-2.1569582826184863,MAP_PMU,135,0.005474622654402239
0,x_tcsc,1-14,-0.13477312409507744,28,-0.1346517936501981,MAP_PMU,135,0.00012133044487933065
1,B_svc,2,0.27582956963296323,28,0.2757002747100101,MAP_PMU,135,0.00012929492295316036
2,UPFC_Vsh,5-15,1.1043561904804386,28,1.1052896437161124,MAP_PMU,135,0.0009334532356737313
3,UPFC_tsh,5-15,-0.2294409687551682,28,-0.2294291985876891,MAP_PMU,135,1.1770167479108196e-05
4,UPFC_Vse,5-15,0.060684608168107786,28,0.060485478662259694,MAP_PMU,135,0.00019912950584809186
5,UPFC_tse,5-15,-2.150498399787815,28,-2.1569582826184863,MAP_PMU,135,0.006459882830671226
0,x_tcsc,1-14,-0.13479587139018415,29,-0.1346517936501981,MAP_PMU,135,0.00014407773998603712
1,B_svc,2,0.2759385726883714,29,0.2757002747100101,MAP_PMU,135,0.00023829797836133482
2,UPFC_Vsh,5-15,1.1045222607120821,29,1.1052896437161124,MAP_PMU,135,0.000767383004030231
3,UPFC_tsh,5-15,-0.2294077617206018,29,-0.2294291985876891,MAP_PMU,135,2.1436867087304412e-05
4,UPFC_Vse,5-15,0.060368773594134825,29,0.060485478662259694,MAP_PMU,135,0.00011670506812486853
5,UPFC_tse,5-15,-2.145823882929053,29,-2.1569582826184863,MAP_PMU,135,0.011134399689433305
0,x_tcsc,1-14,-0.1348140487373591,30,-0.1346517936501981,MAP_PMU,135,0.00016225508716100068
1,B_svc,2,0.27611907497492133,30,0.2757002747100101,MAP_PMU,135,0.00041880026491125655
2,UPFC_Vsh,5-15,1.1044415483308552,30,1.1052896437161124,MAP_PMU,135,0.0008480953852572082
3,UPFC_tsh,5-15,-0.2294094761682335,30,-0.2294291985876891,MAP_PMU,135,1.9722419455581175e-05
4,UPFC_Vse,5-15,0.060016562397850304,30,0.060485478662259694,MAP_PMU,135,0.00046891626440939
5,UPFC_tse,5-15,-2.158497022110967,30,-2.1569582826184863,MAP_PMU,135,0.001538739492480623
0,x_tcsc,1-14,-0.13478793934682193,31,-0.1346517936501981,MAP_PMU,135,0.00013614569662381837
1,B_svc,2,0.27557566014132373,31,0.2757002747100101,MAP_PMU,135,0.00012461456868634313
2,UPFC_Vsh,5-15,1.1042152722193923,31,1.1052896437161124,MAP_PMU,135,0.0010743714967200724
3,UPFC_tsh,5-15,-0.22950849747705093,31,-0.2294291985876891,MAP_PMU,135,7.92988893618396e-05
4,UPFC_Vse,5-15,0.06048542669895224,31,0.060485478662259694,MAP_PMU,135,5.1963307455549224e-08
5,UPFC_tse,5-15,-2.155743131288591,31,-2.1569582826184863,MAP_PMU,135,0.0012151513298954697
0,x_tcsc,1-14,-0.13473503239321455,32,-0.1346517936501981,MAP_PMU,135,8.323874301643941e-05
1,B_svc,2,0.2759217692414284,32,0.2757002747100101,MAP_PMU,135,0.00022149453141834252
2,UPFC_Vsh,5-15,1.1043233141279167,32,1.1052896437161124,MAP_PMU,135,0.0009663295881956468
3,UPFC_tsh,5-15,-0.22941536702596624,32,-0.2294291985876891,MAP_PMU,135,1.3831561722854602e-05
4,UPFC_Vse,5-15,0.060155696504981905,32,0.060485478662259694,MAP_PMU,135,0.0003297821572777887
5,UPFC_tse,5-15,-2.146083265697532,32,-2.1569582826184863,MAP_PMU,135,0.010875016920954383
0,x_tcsc,1-14,-0.13482581721707942,33,-0.1346517936501981,MAP_PMU,135,0.00017402356688131504
1,B_svc,2,0.2758812922275775,33,0.2757002747100101,MAP_PMU,135,0.0001810175175674389
2,UPFC_Vsh,5-15,1.1041982778284054,33,1.1052896437161124,MAP_PMU,135,0.0010913658877069743
3,UPFC_tsh,5-15,-0.22945749608081545,33,-0.2294291985876891,MAP_PMU,135,2.8297493126355766e-05
4,UPFC_Vse,5-15,0.06025825087670333,33,0.060485478662259694,MAP_PMU,135,0.00022722778555636647
5,UPFC_tse,5-15,-2.15774632605339,33,-2.1569582826184863,MAP_PMU,135,0.0007880434349036847
0,x_tcsc,1-14,-0.1348111752327429,34,-0.1346517936501981,MAP_PMU,135,0.00015938158254480417
1,B_svc,2,0.27621329777953735,34,0.2757002747100101,MAP_PMU,135,0.0005130230695272742
2,UPFC_Vsh,5-15,1.104394035237466,34,1.1052896437161124,MAP_PMU,135,0.000895608478646448
3,UPFC_tsh,5-15,-0.22940215646224377,34,-0.2294291985876891,MAP_PMU,135,2.7042125445325693e-05
4,UPFC_Vse,5-15,0.06010531649820789,34,0.060485478662259694,MAP_PMU,135,0.00038016216405180325
5,UPFC_tse,5-15,-2.1521361031556614,34,-2.1569582826184863,MAP_PMU,135,0.004822179462824927
0,x_tcsc,1-14,-0.13471526691918595,35,-0.1346517936501981,MAP_PMU,135,6.347326898784034e-05
1,B_svc,2,0.2757270428558226,35,0.2757002747100101,MAP_PMU,135,2.6768145812539057e-05
2,UPFC_Vsh,5-15,1.1043398451547037,35,1.1052896437161124,MAP_PMU,135,0.0009497985614086435
3,UPFC_tsh,5-15,-0.22944825064454855,35,-0.2294291985876891,MAP_PMU,135,1.9052056859453215e-05
4,UPFC_Vse,5-15,0.06014124352227061,35,0.060485478662259694,MAP_PMU,135,0.0003442351399890811
5,UPFC_tse,5-15,-2.152846761219048,35,-2.1569582826184863,MAP_PMU,135,0.004111521399438267
0,x_tcsc,1-14,-0.13483168051304933,36,-0.1346517936501981,MAP_PMU,135,0.00017988686285122513
1,B_svc,2,0.27602785020883325,36,0.2757002747100101,MAP_PMU,135,0.00032757549882317383
2,UPFC_Vsh,5-15,1.1040140456315657,36,1.1052896437161124,MAP_PMU,135,0.0012755980845466919
3,UPFC_tsh,5-15,-0.2295009899286648,36,-0.2294291985876891,MAP_PMU,135,7.179134097570761e-05
4,UPFC_Vse,5-15,0.06009005246320701,36,0.060485478662259694,MAP_PMU,135,0.0003954261990526814
5,UPFC_tse,5-15,-2.1596205641528066,36,-2.1569582826184863,MAP_PMU,135,0.0026622815343202433
0,x_tcsc,1-14,-0.1347935841058051,37,-0.1346517936501981,MAP_PMU,135,0.00014179045560699932
1,B_svc,2,0.27562252658422726,37,0.2757002747100101,MAP_PMU,135,7.77481257828172e-05
2,UPFC_Vsh,5-15,1.1044681732365182,37,1.1052896437161124,MAP_PMU,135,0.000821470479594133
3,UPFC_tsh,5-15,-0.22940858172206394,37,-0.2294291985876891,MAP_PMU,135,2.0616865625155967e-05
4,UPFC_Vse,5-15,0.060371113607297675,37,0.060485478662259694,MAP_PMU,135,0.00011436505496201926
5,UPFC_tse,5-15,-2.1619232530695043,37,-2.1569582826184863,MAP_PMU,135,0.004964970451017958
0,x_tcsc,1-14,-0.13476859337352748,38,-0.1346517936501981,MAP_PMU,135,0.00011679972332936939
1,B_svc,2,0.2758102574726309,38,0.2757002747100101,MAP_PMU,135,0.0001099827626208083
2,UPFC_Vsh,5-15,1.1042384041792095,38,1.1052896437161124,MAP_PMU,135,0.0010512395369028926
3,UPFC_tsh,5-15,-0.229532652119106,38,-0.2294291985876891,MAP_PMU,135,0.00010345353141691382
4,UPFC_Vse,5-15,0.0605172879809541,38,0.060485478662259694,MAP_PMU,135,3.18093186944049e-05
5,UPFC_tse,5-15,-2.1609334516056853,38,-2.1569582826184863,MAP_PMU,135,0.003975168987198963
0,x_tcsc,1-14,-0.13480888292695237,39,-0.1346517936501981,MAP_PMU,135,0.00015708927675425755
1,B_svc,2,0.27519668376471873,39,0.2757002747100101,MAP_PMU,135,0.0005035909452913434
2,UPFC_Vsh,5-15,1.1044035032460102,39,1.1052896437161124,MAP_PMU,135,0.0008861404701021591
3,UPFC_tsh,5-15,-0.22947233138783535,39,-0.2294291985876891,MAP_PMU,135,4.313280014625609e-05
4,UPFC_Vse,5-15,0.060523248517346244,39,0.060485478662259694,MAP_PMU,135,3.7769855086550175e-05
5,UPFC_tse,5-15,-2.1582084421695105,39,-2.1569582826184863,MAP_PMU,135,0.0012501595510241437
0,x_tcsc,1-14,-0.1347625738231782,40,-0.1346517936501981,MAP_PMU,135,0.00011078017298007947
1,B_svc,2,0.2755960117551291,40,0.2757002747100101,MAP_PMU,135,0.0001042629548809737
2,UPFC_Vsh,5-15,1.1044381950905588,40,1.1052896437161124,MAP_PMU,135,0.0008514486255535303
3,UPFC_tsh,5-15,-0.2293229210415124,40,-0.2294291985876891,MAP_PMU,135,0.00010627754617670293
4,UPFC_Vse,5-15,0.060038981169630745,40,0.060485478662259694,MAP_PMU,135,0.0004464974926289486
5,UPFC_tse,5-15,-2.1362631189130927,40,-2.1569582826184863,MAP_PMU,135,0.020695163705393593
0,x_tcsc,1-14,-0.13477827504842974,41,-0.1346517936501981,MAP_PMU,135,0.00012648139823162596
1,B_svc,2,0.27571595450494224,41,0.2757002747100101,MAP_PMU,135,1.5679794932166313e-05
2,UPFC_Vsh,5-15,1.1047179328971466,41,1.1052896437161124,MAP_PMU,135,0.0005717108189657871
3,UPFC_tsh,5-15,-0.2294001427995866,41,-0.2294291985876891,MAP_PMU,135,2.905578810249998e-05
4,UPFC_Vse,5-15,0.0599767276031777,41,0.060485478662259694,MAP_PMU,135,0.000508751059081991
5,UPFC_tse,5-15,-2.1489370330102906,41,-2.1569582826184863,MAP_PMU,135,0.008021249608195724
0,x_tcsc,1-14,-0.1348152179112376,42,-0.1346517936501981,MAP_PMU,135,0.00016342426103949093
1,B_svc,2,0.27602314461603483,42,0.2757002747100101,MAP_PMU,135,0.0003228699060247586
2,UPFC_Vsh,5-15,1.10430178413084,42,1.1052896437161124,MAP_PMU,135,0.000987859585272366
3,UPFC_tsh,5-15,-0.2294180049891133,42,-0.2294291985876891,MAP_PMU,135,1.1193598575792718e-05
4,UPFC_Vse,5-15,0.060258148536767274,42,0.060485478662259694,MAP_PMU,135,0.00022733012549241982
5,UPFC_tse,5-15,-2.1507378652945053,42,-2.1569582826184863,MAP_PMU,135,0.006220417323981042
0,x_tcsc,1-14,-0.13477993158174822,43,-0.1346517936501981,MAP_PMU,135,0.00012813793155011521
1,B_svc,2,0.27596274602371507,43,0.2757002747100101,MAP_PMU,135,0.00026247131370499277
2,UPFC_Vsh,5-15,1.1043318430527835,43,1.1052896437161124,MAP_PMU,135,0.000957800663328845
3,UPFC_tsh,5-15,-0.22947657210698544,43,-0.2294291985876891,MAP_PMU,135,4.737351929634537e-05
4,UPFC_Vse,5-15,0.06002714689173824,43,0.060485478662259694,MAP_PMU,135,0.0004583317705214515
5,UPFC_tse,5-15,-2.151740512240372,43,-2.1569582826184863,MAP_PMU,135,0.005217770378114217
0,x_tcsc,1-14,-0.13481286389399758,44,-0.1346517936501981,MAP_PMU,135,0.000161070243799466
1,B_svc,2,0.2757365397637138,44,0.2757002747100101,MAP_PMU,135,3.6265053703743444e-05
2,UPFC_Vsh,5-15,1.104005490671591,44,1.1052896437161124,MAP_PMU,135,0.0012841530445213412
3,UPFC_tsh,5-15,-0.22942340663520544,44,-0.2294291985876891,MAP_PMU,135,5.791952483652496e-06
4,UPFC_Vse,5-15,0.0604175582349699,44,0.060485478662259694,MAP_PMU,135,6.792042728979292e-05
5,UPFC_tse,5-15,-2.155666630859484,44,-2.1569582826184863,MAP_PMU,135,0.0012916517590024768
0,x_tcsc,1-14,-0.13487929220029632,45,-0.1346517936501981,MAP_PMU,135,0.00022749855009820963
1,B_svc,2,0.27570419223207354,45,0.2757002747100101,MAP_PMU,135,3.91752206346796e-06
2,UPFC_Vsh,5-15,1.1046840637699453,45,1.1052896437161124,MAP_PMU,135,0.0006055799461670563
3,UPFC_tsh,5-15,-0.22935947754014271,45,-0.2294291985876891,MAP_PMU,135,6.972104754637831e-05
4,UPFC_Vse,5-15,0.05962301571999123,45,0.060485478662259694,MAP_PMU,135,0.000862462942268466
5,UPFC_tse,5-15,-2.1489737084691667,45,-2.1569582826184863,MAP_PMU,135,0.007984574149319634
0,x_tcsc,1-14,-0.13476877884786326,46,-0.1346517936501981,MAP_PMU,135,0.00011698519766514814
1,B_svc,2,0.2757388322008747,46,0.2757002747100101,MAP_PMU,135,3.8557490864621347e-05
2,UPFC_Vsh,5-15,1.104200577401367,46,1.1052896437161124,MAP_PMU,135,0.0010890663147453683
3,UPFC_tsh,5-15,-0.22945916741015682,46,-0.2294291985876891,MAP_PMU,135,2.9968822467724143e-05
4,UPFC_Vse,5-15,0.06050705436077717,46,0.060485478662259694,MAP_PMU,135,2.1575698517475872e-05
5,UPFC_tse,5-15,-2.1537783974806195,46,-2.1569582826184863,MAP_PMU,135,0.0031798851378668225
0,x_tcsc,1-14,-0.13478965730689935,47,-0.1346517936501981,MAP_PMU,135,0.00013786365670123701
1,B_svc,2,0.276045602073917,47,0.2757002747100101,MAP_PMU,135,0.000345327363906911
2,UPFC_Vsh,5-15,1.1041066580499808,47,1.1052896437161124,MAP_PMU,135,0.0011829856661316196
3,UPFC_tsh,5-15,-0.22937506039956085,47,-0.2294291985876891,MAP_PMU,135,5.4138188128244336e-05
4,UPFC_Vse,5-15,0.059870991783914425,47,0.060485478662259694,MAP_PMU,135,0.0006144868783452689
5,UPFC_tse,5-15,-2.153091746907518,47,-2.1569582826184863,MAP_PMU,135,0.0038665357109683995
0,x_tcsc,1-14,-0.13477896854350402,48,-0.1346517936501981,MAP_PMU,135,0.00012717489330590914
1,B_svc,2,0.27598591821549967,48,0.2757002747100101,MAP_PMU,135,0.0002856435054895967
2,UPFC_Vsh,5-15,1.1045954849514468,48,1.1052896437161124,MAP_PMU,135,0.0006941587646656089
3,UPFC_tsh,5-15,-0.229393559695586,48,-0.2294291985876891,MAP_PMU,135,3.563889210309035e-05
4,UPFC_Vse,5-15,0.06041755643981481,48,0.060485478662259694,MAP_PMU,135,6.792222244488694e-05
5,UPFC_tse,5-15,-2.151869998038264,48,-2.1569582826184863,MAP_PMU,135,0.005088284580222258
0,x_tcsc,1-14,-0.1347179986971549,49,-0.1346517936501981,MAP_PMU,135,6.620504695678542e-05
1,B_svc,2,0.27543073852083083,49,0.2757002747100101,MAP_PMU,135,0.0002695361891792425
2,UPFC_Vsh,5-15,1.104046020258398,49,1.1052896437161124,MAP_PMU,135,0.001243623457714449
3,UPFC_tsh,5-15,-0.2294079873523895,49,-0.2294291985876891,MAP_PMU,135,2.1211235299606335e-05
4,UPFC_Vse,5-15,0.06041407411453735,49,0.060485478662259694,MAP_PMU,135,7.140454772234378e-05
5,UPFC_tse,5-15,-2.1543047194671923,49,-2.1569582826184863,MAP_PMU,135,0.0026535631512940583
0,x_tcsc,1-14,-0.13476382975195705,50,-0.1346517936501981,MAP_PMU,135,0.0001120361017589444
1,B_svc,2,0.27594766627310396,50,0.2757002747100101,MAP_PMU,135,0.00024739156309389054
2,UPFC_Vsh,5-15,1.104656453668029,50,1.1052896437161124,MAP_PMU,135,0.0006331900480833763
3,UPFC_tsh,5-15,-0.2293874269585712,50,-0.2294291985876891,MAP_PMU,135,4.177162911789267e-05
4,UPFC_Vse,5-15,0.06027338382084483,50,0.060485478662259694,MAP_PMU,135,0.00021209484141486434
5,UPFC_tse,5-15,-2.148377183879807,50,-2.1569582826184863,MAP_PMU,135,0.008581098738679405
0,x_tcsc,1-14,-0.1347779328995246,51,-0.1346517936501981,MAP_PMU,135,0.00012613924932650122
1,B_svc,2,0.27589241024858163,51,0.2757002747100101,MAP_PMU,135,0.0001921355385715584
2,UPFC_Vsh,5-15,1.104006221105146,51,1.1052896437161124,MAP_PMU,135,0.0012834226109663671
3,UPFC_tsh,5-15,-0.22943268482904536,51,-0.2294291985876891,MAP_PMU,135,3.486241356265296e-06
4,UPFC_Vse,5-15,0.06036588500730632,51,0.060485478662259694,MAP_PMU,135,0.00011959365495337049
5,UPFC_tse,5-15,-2.1520899303122794,51,-2.1569582826184863,MAP_PMU,135,0.004868352306206969
0,x_tcsc,1-14,-0.1347940084296541,52,-0.1346517936501981,MAP_PMU,135,0.00014221477945600136
1,B_svc,2,0.27633478850679516,52,0.2757002747100101,MAP_PMU,135,0.0006345137967850856
2,UPFC_Vsh,5-15,1.1044048652661655,52,1.1052896437161124,MAP_PMU,135,0.0008847784499468325
3,UPFC_tsh,5-15,-0.2294897102072708,52,-0.2294291985876891,MAP_PMU,135,6.051161958170459e-05
4,UPFC_Vse,5-15,0.06030278147417286,52,0.060485478662259694,MAP_PMU,135,0.00018269718808683333
5,UPFC_tse,5-15,-2.1643297980143847,52,-2.1569582826184863,MAP_PMU,135,0.00737151539589842
0,x_tcsc,1-14,-0.13471892756672765,53,-0.1346517936501981,MAP_PMU,135,6.71339165295437e-05
1,B_svc,2,0.2758724275668762,53,0.2757002747100101,MAP_PMU,135,0.0001721528568661146
2,UPFC_Vsh,5-15,1.104464997362715,53,1.1052896437161124,MAP_PMU,135,0.0008246463533974069
3,UPFC_tsh,5-15,-0.22947460416024099,53,-0.2294291985876891,MAP_PMU,135,4.540557255189315e-05
4,UPFC_Vse,5-15,0.06010700408679527,53,0.060485478662259694,MAP_PMU,135,0.0003784745754644228
5,UPFC_tse,5-15,-2.1523043455148008,53,-2.1569582826184863,MAP_PMU,135,0.004653937103685557
0,x_tcsc,1-14,-0.13475634516737026,54,-0.1346517936501981,MAP_PMU,135,0.00010455151717214672
1,B_svc,2,0.275898476786394,54,0.2757002747100101,MAP_PMU,135,0.0001982020763839354
2,UPFC_Vsh,5-15,1.1045405441497127,54,1.1052896437161124,MAP_PMU,135,0.0007490995663996802
3,UPFC_tsh,5-15,-0.22949867891031528,54,-0.2294291985876891,MAP_PMU,135,6.948032262618642e-05
4,UPFC_Vse,5-15,0.0604687213627749,54,0.060485478662259694,MAP_PMU,135,1.6757299484790322e-05
5,UPFC_tse,5-15,-2.151712946518486,54,-2.1569582826184863,MAP_PMU,135,0.00524533610000022
0,x_tcsc,1-14,-0.13480926872167256,55,-0.1346517936501981,MAP_PMU,135,0.0001574750714744555
1,B_svc,2,0.27594692546440175,55,0.2757002747100101,MAP_PMU,135,0.00024665075439167516
2,UPFC_Vsh,5-15,1.1048626150870489,55,1.1052896437161124,MAP_PMU,135,0.00042702862906351946
3,UPFC_tsh,5-15,-0.22941983434366883,55,-0.2294291985876891,MAP_PMU,135,9.364244020260148e-06
4,UPFC_Vse,5-15,0.0601009741684329,55,0.060485478662259694,MAP_PMU,135,0.00038450449382679275
5,UPFC_tse,5-15,-2.150585345463801,55,-2.1569582826184863,MAP_PMU,135,0.006372937154685232
0,x_tcsc,1-14,-0.13478758601616594,56,-0.1346517936501981,MAP_PMU,135,0.00013579236596783506
1,B_svc,2,0.2756251706306593,56,0.2757002747100101,MAP_PMU,135,7.510407935079622e-05
2,UPFC_Vsh,5-15,1.1044411144357407,56,1.1052896437161124,MAP_PMU,135,0.0008485292803717126
3,UPFC_tsh,5-15,-0.22941143299327713,56,-0.2294291985876891,MAP_PMU,135,1.7765594411967012e-05
4,UPFC_Vse,5-15,0.06027578571464348,56,0.060485478662259694,MAP_PMU,135,0.0002096929476162121
5,UPFC_tse,5-15,-2.154244799403372,56,-2.1569582826184863,MAP_PMU,135,0.0027134832151141097
0,x_tcsc,1-14,-0.13472436911175603,57,-0.1346517936501981,MAP_PMU,135,7.257546155792216e-05
1,B_svc,2,0.2756892508275135,57,0.2757002747100101,MAP_PMU,135,1.102388249657471e-05
2,UPFC_Vsh,5-15,1.1044424873932501,57,1.1052896437161124,MAP_PMU,135,0.0008471563228622525
3,UPFC_tsh,5-15,-0.22937107359752223,57,-0.2294291985876891,MAP_PMU,135,5.8124990166857904e-05
4,UPFC_Vse,5-15,0.060352710451077,57,0.060485478662259694,MAP_PMU,135,0.00013276821118269472
5,UPFC_tse,5-15,-2.153832230652318,57,-2.1569582826184863,MAP_PMU,135,0.0031260519661682196
0,x_tcsc,1-14,-0.13481872133706665,58,-0.1346517936501981,MAP_PMU,135,0.00016692768686854542
1,B_svc,2,0.27559044060650645,58,0.2757002747100101,MAP_PMU,135,0.00010983410350362544
2,UPFC_Vsh,5-15,1.1044617526035287,58,1.1052896437161124,MAP_PMU,135,0.0008278911125836341
3,UPFC_tsh,5-15,-0.22946369792293234,58,-0.2294291985876891,MAP_PMU,135,3.449933524324322e-05
4,UPFC_Vse,5-15,0.05974746700361764,58,0.060485478662259694,MAP_PMU,135,0.0007380116586420543
5,UPFC_tse,5-15,-2.1534058179991558,58,-2.1569582826184863,MAP_PMU,135,0.0035524646193305642
0,x_tcsc,1-14,-0.1348025567883541,59,-0.1346517936501981,MAP_PMU,135,0.00015076313815598485
1,B_svc,2,0.276087634543058,59,0.2757002747100101,MAP_PMU,135,0.00038735983304793997
2,UPFC_Vsh,5-15,1.1046917025956062,59,1.1052896437161124,MAP_PMU,135,0.0005979411205061513
3,UPFC_tsh,5-15,-0.22937377988953966,59,-0.2294291985876891,MAP_PMU,135,5.541869814942868e-05
4,UPFC_Vse,5-15,0.0603285618530709,59,0.060485478662259694,MAP_PMU,135,0.00015691680918879236
5,UPFC_tse,5-15,-2.1518371707572927,59,-2.1569582826184863,MAP_PMU,135,0.005121111861193572
0,x_tcsc,1-14,-0.13475487631964184,60,-0.1346517936501981,MAP_PMU,135,0.00010308266944372702
1,B_svc,2,0.27569191365233564,60,0.2757002747100101,MAP_PMU,135,8.36105767443307e-06
2,UPFC_Vsh,5-15,1.1042903844036358,60,1.1052896437161124,MAP_PMU,135,0.0009992593124765747
3,UPFC_tsh,5-15,-0.22940053779309444,60,-0.2294291985876891,MAP_PMU,135,2.866079459465376e-05
4,UPFC_Vse,5-15,0.0603463416533788,60,0.060485478662259694,MAP_PMU,135,0.00013913700888089353
5,UPFC_tse,5-15,-2.149838349511166,60,-2.1569582826184863,MAP_PMU,135,0.0071199331073201755
0,x_tcsc,1-14,-0.134805748549075,61,-0.1346517936501981,MAP_PMU,135,0.00015395489887690128
1,B_svc,2,0.27587809449822853,61,0.2757002747100101,MAP_PMU,135,0.00017781978821845845
2,UPFC_Vsh,5-15,1.1045085179771974,61,1.1052896437161124,MAP_PMU,135,0.0007811257389149784
3,UPFC_tsh,5-15,-0.22943201337188296,61,-0.2294291985876891,MAP_PMU,135,2.814784193866382e-06
4,UPFC_Vse,5-15,0.059924473768011494,61,0.060485478662259694,MAP_PMU,135,0.0005610048942482002
5,UPFC_tse,5-15,-2.1544872218333175,61,-2.1569582826184863,MAP_PMU,135,0.0024710607851687882
0,x_tcsc,1-14,-0.1348150947853862,62,-0.1346517936501981,MAP_PMU,135,0.00016330113518808753
1,B_svc,2,0.276043864898521,62,0.2757002747100101,MAP_PMU,135,0.0003435901885109338
2,UPFC_Vsh,5-15,1.1043918480041155,62,1.1052896437161124,MAP_PMU,135,0.0008977957119968849
3,UPFC_tsh,5-15,-0.2295266416676568,62,-0.2294291985876891,MAP_PMU,135,9.744307996770174e-05
4,UPFC_Vse,5-15,0.060445731078476776,62,0.060485478662259694,MAP_PMU,135,3.974758378291754e-05
5,UPFC_tse,5-15,-2.1565288272891836,62,-2.1569582826184863,MAP_PMU,135,0.00042945532930271924
0,x_tcsc,1-14,-0.1347384270573499,63,-0.1346517936501981,MAP_PMU,135,8.663340715178713e-05
1,B_svc,2,0.27575632922730053,63,0.2757002747100101,MAP_PMU,135,5.605451729046029e-05
2,UPFC_Vsh,5-15,1.1043979958573642,63,1.1052896437161124,MAP_PMU,135,0.0008916478587481791
3,UPFC_tsh,5-15,-0.22944388149437478,63,-0.2294291985876891,MAP_PMU,135,1.4682906685686836e-05
4,UPFC_Vse,5-15,0.060360501248497414,63,0.060485478662259694,MAP_PMU,135,0.00012497741376227972
5,UPFC_tse,5-15,-2.155701002151277,63,-2.1569582826184863,MAP_PMU,135,0.0012572804672092985
0,x_tcsc,1-14,-0.13482025311636894,64,-0.1346517936501981,MAP_PMU,135,0.00016845946617083385
1,B_svc,2,0.2760067640840324,64,0.2757002747100101,MAP_PMU,135,0.000306489374022334
2,UPFC_Vsh,5-15,1.1040545444229573,64,1.1052896437161124,MAP_PMU,135,0.0012350992931551286
3,UPFC_tsh,5-15,-0.22950045925789833,64,-0.2294291985876891,MAP_PMU,135,7.126067020923887e-05
4,UPFC_Vse,5-15,0.06048106477572152,64,0.060485478662259694,MAP_PMU,135,4.413886538170986e-06
5,UPFC_tse,5-15,-2.1579161892261247,64,-2.1569582826184863,MAP_PMU,135,0.0009579066076383924
0,x_tcsc,1-14,-0.13474698214835748,65,-0.1346517936501981,MAP_PMU,135,9.518849815937092e-05
1,B_svc,2,0.27592720432290974,65,0.2757002747100101,MAP_PMU,135,0.0002269296128996623
2,UPFC_Vsh,5-15,1.1046169447207168,65,1.1052896437161124,MAP_PMU,135,0.0006726989953955709
3,UPFC_tsh,5-15,-0.22938048299473765,65,-0.2294291985876891,MAP_PMU,135,4.871559295144268e-05
4,UPFC_Vse,5-15,0.06006903428153483,65,0.060485478662259694,MAP_PMU,135,0.0004164443807248633
5,UPFC_tse,5-15,-2.1454812110180788,65,-2.1569582826184863,MAP_PMU,135,0.011477071600407562
0,x_tcsc,1-14,-0.13476416047804288,66,-0.1346517936501981,MAP_PMU,135,0.00011236682784476759
1,B_svc,2,0.2761691094150579,66,0.2757002747100101,MAP_PMU,135,0.000468834705047827
2,UPFC_Vsh,5-15,1.1045922869432385,66,1.1052896437161124,MAP_PMU,135,0.0006973567728738583
3,UPFC_tsh,5-15,-0.22943859847647735,66,-0.2294291985876891,MAP_PMU,135,9.399888788258481e-06
4,UPFC_Vse,5-15,0.0596902090583477,66,0.060485478662259694,MAP_PMU,135,0.0007952696039119911
5,UPFC_tse,5-15,-2.1450018960649095,66,-2.1569582826184863,MAP_PMU,135,0.011956386553576781
0,x_tcsc,1-14,-0.1347698535014197,67,-0.1346517936501981,MAP_PMU,135,0.0001180598512215969
1,B_svc,2,0.27668150747237946,67,0.2757002747100101,MAP_PMU,135,0.0009812327623693884
2,UPFC_Vsh,5-15,1.104016351183238,67,1.1052896437161124,MAP_PMU,135,0.0012732925328744482
3,UPFC_tsh,5-15,-0.22944713740393866,67,-0.2294291985876891,MAP_PMU,135,1.793881624956306e-05
4,UPFC_Vse,5-15,0.06003534984612643,67,0.060485478662259694,MAP_PMU,135,0.00045012881613326616
5,UPFC_tse,5-15,-2.150703286911772,67,-2.1569582826184863,MAP_PMU,135,0.006254995706714173
0,x_tcsc,1-14,-0.13477243974203806,68,-0.1346517936501981,MAP_PMU,135,0.00012064609183995434
1,B_svc,2,0.276046862472317,68,0.2757002747100101,MAP_PMU,135,0.0003465877623069491
2,UPFC_Vsh,5-15,1.1045698475372259,68,1.1052896437161124,MAP_PMU,135,0.0007197961788865115
3,UPFC_tsh,5-15,-0.22939839691094993,68,-0.2294291985876891,MAP_PMU,135,3.0801676739161676e-05
4,UPFC_Vse,5-15,0.06004526502291851,68,0.060485478662259694,MAP_PMU,135,0.00044021363934118596
5,UPFC_tse,5-15,-2.1522077609519576,68,-2.1569582826184863,MAP_PMU,135,0.004750521666528673
0,x_tcsc,1-14,-0.134793549600508,69,-0.1346517936501981,MAP_PMU,135,0.00014175595030987975
1,B_svc,2,0.2754018775481344,69,0.2757002747100101,MAP_PMU,135,0.0002983971618756853
2,UPFC_Vsh,5-15,1.104460195912182,69,1.1052896437161124,MAP_PMU,135,0.0008294478039303499
3,UPFC_tsh,5-15,-0.22939152267774635,69,-0.2294291985876891,MAP_PMU,135,3.7675909942747055e-05
4,UPFC_Vse,5-15,0.060465499270394775,69,0.060485478662259694,MAP_PMU,135,1.9979391864918816e-05
5,UPFC_tse,5-15,-2.1541644069610704,69,-2.1569582826184863,MAP_PMU,135,0.0027938756574159562
0,x_tcsc,1-14,-0.13478200504191848,70,-0.1346517936501981,MAP_PMU,135,0.00013021139172036955
1,B_svc,2,0.2754261845959448,70,0.2757002747100101,MAP_PMU,135,0.00027409011406526185
2,UPFC_Vsh,5-15,1.1042464657085667,70,1.1052896437161124,MAP_PMU,135,0.0010431780075457198
3,UPFC_tsh,5-15,-0.2294599237127958,70,-0.2294291985876891,MAP_PMU,135,3.072512510671199e-05
4,UPFC_Vse,5-15,0.05989858489141767,70,0.060485478662259694,MAP_PMU,135,0.0005868937708420272
5,UPFC_tse,5-15,-2.160591014792325,70,-2.1569582826184863,MAP_PMU,135,0.0036327321738385265
0,x_tcsc,1-14,-0.13476411715576275,71,-0.1346517936501981,MAP_PMU,135,0.00011232350556464321
1,B_svc,2,0.27583423462236356,71,0.2757002747100101,MAP_PMU,135,0.00013395991235348736
2,UPFC_Vsh,5-15,1.1043818450586986,71,1.1052896437161124,MAP_PMU,135,0.0009077986574137498
3,UPFC_tsh,5-15,-0.22938529137695043,71,-0.2294291985876891,MAP_PMU,135,4.390721073865844e-05
4,UPFC_Vse,5-15,0.060185642628229265,71,0.060485478662259694,MAP_PMU,135,0.000299836034030429
5,UPFC_tse,5-15,-2.153063375378363,71,-2.1569582826184863,MAP_PMU,135,0.003894907240123313
0,x_tcsc,1-14,-0.1348366846404597,72,-0.1346517936501981,MAP_PMU,135,0.00018489099026158806
1,B_svc,2,0.27622714980190805,72,0.2757002747100101,MAP_PMU,135,0.0005268750918979714
2,UPFC_Vsh,5-15,1.104321778319345,72,1.1052896437161124,MAP_PMU,135,0.0009678653967672979
3,UPFC_tsh,5-15,-0.22949179859029972,72,-0.2294291985876891,MAP_PMU,135,6.260000261062992e-05
4,UPFC_Vse,5-15,0.0601894810812608,72,0.060485478662259694,MAP_PMU,135,0.00029599758099889406
5,UPFC_tse,5-15,-2.1504338684133475,72,-2.1569582826184863,MAP_PMU,135,0.006524414205138829
0,x_tcsc,1-14,-0.13475053695114428,73,-0.1346517936501981,MAP_PMU,135,9.874330094616912e-05
1,B_svc,2,0.27583999660395875,73,0.2757002747100101,MAP_PMU,135,0.0001397218939486744
2,UPFC_Vsh,5-15,1.1044700496175208,73,1.1052896437161124,MAP_PMU,135,0.0008195940985915584
3,UPFC_tsh,5-15,-0.2293042294606145,73,-0.2294291985876891,MAP_PMU,135,0.0001249691270746034
4,UPFC_Vse,5-15,0.05984218502266054,73,0.060485478662259694,MAP_PMU,135,0.0006432936395991545
5,UPFC_tse,5-15,-2.147391997749589,73,-2.1569582826184863,MAP_PMU,135,0.009566284868897323
0,x_tcsc,1-14,-0.13482251469127485,74,-0.1346517936501981,MAP_PMU,135,0.0001707210410767379
1,B_svc,2,0.2764365527729151,74,0.2757002747100101,MAP_PMU,135,0.0007362780629050492
2,UPFC_Vsh,5-15,1.1044512420974701,74,1.1052896437161124,MAP_PMU,135,0.0008384016186422372
3,UPFC_tsh,5-15,-0.22939956711311343,74,-0.2294291985876891,MAP_PMU,135,2.9631474575658734e-05
4,UPFC_Vse,5-15,0.060553733185884084,74,0.060485478662259694,MAP_PMU,135,6.82545236243906e-05
5,UPFC_tse,5-15,-2.1488533208079854,74,-2.1569582826184863,MAP_PMU,135,0.00810496181050091
0,x_tcsc,1-14,-0.13482350196225149,75,-0.1346517936501981,MAP_PMU,135,0.00017170831205337578
1,B_svc,2,0.2757813378920159,75,0.2757002747100101,MAP_PMU,135,8.106318200584717e-05
2,UPFC_Vsh,5-15,1.1043239180031021,75,1.1052896437161124,MAP_PMU,135,0.0009657257130102348
3,UPFC_tsh,5-15,-0.2294575245295597,75,-0.2294291985876891,MAP_PMU,135,2.8325941870604998e-05
4,UPFC_Vse,5-15,0.06063828283002326,75,0.060485478662259694,MAP_PMU,135,0.00015280416776356637
5,UPFC_tse,5-15,-2.1474849093793997,75,-2.1569582826184863,MAP_PMU,135,0.009473373239086591
0,x_tcsc,1-14,-0.13479267841304649,76,-0.1346517936501981,MAP_PMU,135,0.0001408847628483756
1,B_svc,2,0.2760748308491786,76,0.2757002747100101,MAP_PMU,135,0.0003745561391685359
2,UPFC_Vsh,5-15,1.1044070629274376,76,1.1052896437161124,MAP_PMU,135,0.0008825807886747583
3,UPFC_tsh,5-15,-0.22942371210332593,76,-0.2294291985876891,MAP_PMU,135,5.486484363159683e-06
4,UPFC_Vse,5-15,0.06065691873404958,76,0.060485478662259694,MAP_PMU,135,0.0001714400717898884
5,UPFC_tse,5-15,-2.157195644661074,76,-2.1569582826184863,MAP_PMU,135,0.00023736204258772986
0,x_tcsc,1-14,-0.1347806492150671,77,-0.1346517936501981,MAP_PMU,135,0.00012885556486899596
1,B_svc,2,0.27559375957486726,77,0.2757002747100101,MAP_PMU,135,0.00010651513514281508
2,UPFC_Vsh,5-15,1.1044102206405615,77,1.1052896437161124,MAP_PMU,135,0.0008794230755508892
3,UPFC_tsh,5-15,-0.22939879282783107,77,-0.2294291985876891,MAP_PMU,135,3.0405759858020964e-05
4,UPFC_Vse,5-15,0.05983265110917903,77,0.060485478662259694,MAP_PMU,135,0.0006528275530806663
5,UPFC_tse,5-15,-2.1519908334289566,77,-2.1569582826184863,MAP_PMU,135,0.004967449189529738
0,x_tcsc,1-14,-0.13483296534820619,78,-0.1346517936501981,MAP_PMU,135,0.00018117169800807575
1,B_svc,2,0.2755921883006314,78,0.2757002747100101,MAP_PMU,135,0.00010808640937864933
2,UPFC_Vsh,5-15,1.1041865034348397,78,1.1052896437161124,MAP_PMU,135,0.0011031402812726743
3,UPFC_tsh,5-15,-0.22942167282601467,78,-0.2294291985876891,MAP_PMU,135,7.525761674426201e-06
4,UPFC_Vse,5-15,0.06024135239721409,78,0.060485478662259694,MAP_PMU,135,0.0002441262650456008
5,UPFC_tse,5-15,-2.160065689724323,78,-2.1569582826184863,MAP_PMU,135,0.003107407105836568
0,x_tcsc,1-14,-0.1347862709357295,79,-0.1346517936501981,MAP_PMU,135,0.00013447728553139804
1,B_svc,2,0.27545849046292775,79,0.2757002747100101,MAP_PMU,135,0.0002417842470823217
2,UPFC_Vsh,5-15,1.1044588907852169,79,1.1052896437161124,MAP_PMU,135,0.0008307529308955175
3,UPFC_tsh,5-15,-0.22936771833157182,79,-0.2294291985876891,MAP_PMU,135,6.148025611726893e-05
4,UPFC_Vse,5-15,0.0601886694448431,79,0.060485478662259694,MAP_PMU,135,0.0002968092174165937
5,UPFC_tse,5-15,-2.1570795588600187,79,-2.1569582826184863,MAP_PMU,135,0.00012127624153235317
0,x_tcsc,1-14,-0.13473734679708307,80,-0.1346517936501981,MAP_PMU,135,8.555314688496463e-05
1,B_svc,2,0.27579741439972694,80,0.2757002747100101,MAP_PMU,135,9.713968971686304e-05
2,UPFC_Vsh,5-15,1.1048511928131879,80,1.1052896437161124,MAP_PMU,135,0.00043845090292449207
3,UPFC_tsh,5-15,-0.22943789681088214,80,-0.2294291985876891,MAP_PMU,135,8.698223193048804e-06
4,UPFC_Vse,5-15,0.05997700218906154,80,0.060485478662259694,MAP_PMU,135,0.000508476473198155
5,UPFC_tse,5-15,-2.1551357428196645,80,-2.1569582826184863,MAP_PMU,135,0.001822539798821854
0,x_tcsc,1-14,-0.13477541114267272,81,-0.1346517936501981,MAP_PMU,135,0.00012361749247460918
1,B_svc,2,0.27583375344803324,81,0.2757002747100101,MAP_PMU,135,0.0001334787380231628
2,UPFC_Vsh,5-15,1.1042130456332113,81,1.1052896437161124,MAP_PMU,135,0.001076598082901059
3,UPFC_tsh,5-15,-0.22943050061165216,81,-0.2294291985876891,MAP_PMU,135,1.3020239630623376e-06
4,UPFC_Vse,5-15,0.06060771064140702,81,0.060485478662259694,MAP_PMU,135,0.00012223197914732614
5,UPFC_tse,5-15,-2.148797480578439,81,-2.1569582826184863,MAP_PMU,135,0.008160802040047432
0,x_tcsc,1-14,-0.13480091132198793,82,-0.1346517936501981,MAP_PMU,135,0.00014911767178982238
1,B_svc,2,0.27585331919242717,82,0.2757002747100101,MAP_PMU,135,0.00015304448241709734
2,UPFC_Vsh,5-15,1.1043697864415005,82,1.1052896437161124,MAP_PMU,135,0.0009198572746118572
3,UPFC_tsh,5-15,-0.2294029910136775,82,-0.2294291985876891,MAP_PMU,135,2.6207574011588575e-05
4,UPFC_Vse,5-15,0.06021311410809624,82,0.060485478662259694,MAP_PMU,135,0.00027236455416345534
5,UPFC_tse,5-15,-2.16033312835507,82,-2.1569582826184863,MAP_PMU,135,0.0033748457365838647
0,x_tcsc,1-14,-0.1347571533892225,83,-0.1346517936501981,MAP_PMU,135,0.00010535973902439655
1,B_svc,2,0.275475630005968,83,0.2757002747100101,MAP_PMU,135,0.00022464470404209846
2,UPFC_Vsh,5-15,1.1043523662277823,83,1.1052896437161124,MAP_PMU,135,0.0009372774883300572
3,UPFC_tsh,5-15,-0.22944475197572495,83,-0.2294291985876891,MAP_PMU,135,1.555338803585493e-05
4,UPFC_Vse,5-15,0.060381759186289526,83,0.060485478662259694,MAP_PMU,135,0.00010371947597016817
5,UPFC_tse,5-15,-2.1577993953256445,83,-2.1569582826184863,MAP_PMU,135,0.0008411127071581426
0,x_tcsc,1-14,-0.13469176210838965,84,-0.1346517936501981,MAP_PMU,135,3.99684581915416e-05
1,B_svc,2,0.2759665024141499,84,0.2757002747100101,MAP_PMU,135,0.0002662277041398098
2,UPFC_Vsh,5-15,1.1041083580754216,84,1.1052896437161124,MAP_PMU,135,0.0011812856406907546
3,UPFC_tsh,5-15,-0.22948649402514007,84,-0.2294291985876891,MAP_PMU,135,5.7295437450977094e-05
4,UPFC_Vse,5-15,0.06037980185842046,84,0.060485478662259694,MAP_PMU,135,0.00010567680383923722
5,UPFC_tse,5-15,-2.1570024181571643,84,-2.1569582826184863,MAP_PMU,135,4.4135538677991804e-05
0,x_tcsc,1-14,-0.1347203175077593,85,-0.1346517936501981,MAP_PMU,135,6.85238575612035e-05
1,B_svc,2,0.27555908059619094,85,0.2757002747100101,MAP_PMU,135,0.00014119411381913194
2,UPFC_Vsh,5-15,1.10417283859539,85,1.1052896437161124,MAP_PMU,135,0.0011168051207224305
3,UPFC_tsh,5-15,-0.2293817650931776,85,-0.2294291985876891,MAP_PMU,135,4.7433494511500696e-05
4,UPFC_Vse,5-15,0.059890699816485135,85,0.060485478662259694,MAP_PMU,135,0.0005947788457745587
5,UPFC_tse,5-15,-2.144426369126037,85,-2.1569582826184863,MAP_PMU,135,0.01253191349244931
0,x_tcsc,1-14,-0.13475316242150265,86,-0.1346517936501981,MAP_PMU,135,0.00010136877130453859
1,B_svc,2,0.27589464875577113,86,0.2757002747100101,MAP_PMU,135,0.00019437404576105877
2,UPFC_Vsh,5-15,1.1046449241655267,86,1.1052896437161124,MAP_PMU,135,0.0006447195505856484
3,UPFC_tsh,5-15,-0.22933661521540374,86,-0.2294291985876891,MAP_PMU,135,9.258337228534863e-05
4,UPFC_Vse,5-15,0.060380218589560684,86,0.060485478662259694,MAP_PMU,135,0.00010526007269900939
5,UPFC_tse,5-15,-2.1399477836642324,86,-2.1569582826184863,MAP_PMU,135,0.017010498954253883
0,x_tcsc,1-14,-0.13478852156256527,87,-0.1346517936501981,MAP_PMU,135,0.0001367279123671572
1,B_svc,2,0.2754819021995575,87,0.2757002747100101,MAP_PMU,135,0.00021837251045259132
2,UPFC_Vsh,5-15,1.1044004668430478,87,1.1052896437161124,MAP_PMU,135,0.0008891768730645566
3,UPFC_tsh,5-15,-0.22943349037614721,87,-0.2294291985876891,MAP_PMU,135,4.291788458121726e-06
4,UPFC_Vse,5-15,0.060251152216773775,87,0.060485478662259694,MAP_PMU,135,0.00023432644548591897
5,UPFC_tse,5-15,-2.1527838343111214,87,-2.1569582826184863,MAP_PMU,135,0.004174448307364909
0,x_tcsc,1-14,-0.1347905064272738,88,-0.1346517936501981,MAP_PMU,135,0.00013871277707569463
1,B_svc,2,0.27562042212902554,88,0.2757002747100101,MAP_PMU,135,7.985258098452963e-05
2,UPFC_Vsh,5-15,1.1042403933802833,88,1.1052896437161124,MAP_PMU,135,0.0010492503358290328
3,UPFC_tsh,5-15,-0.22947688966780602,88,-0.2294291985876891,MAP_PMU,135,4.769108011692946e-05
4,UPFC_Vse,5-15,0.0601044973730043,88,0.060485478662259694,MAP_PMU,135,0.00038098128925539293
5,UPFC_tse,5-15,-2.1567142536788073,88,-2.1569582826184863,MAP_PMU,135,0.00024402893967900852
0,x_tcsc,1-14,-0.13475400173728244,89,-0.1346517936501981,MAP_PMU,135,0.00010220808708433227
1,B_svc,2,0.2758676846882932,89,0.2757002747100101,MAP_PMU,135,0.00016740997828312842
2,UPFC_Vsh,5-15,1.1043388826785083,89,1.1052896437161124,MAP_PMU,135,0.0009507610376040532
3,UPFC_tsh,5-15,-0.22943553418826582,89,-0.2294291985876891,MAP_PMU,135,6.3356005767234436e-06
4,UPFC_Vse,5-15,0.06041961172258156,89,0.060485478662259694,MAP_PMU,135,6.586693967813168e-05
5,UPFC_tse,5-15,-2.1599325259356306,89,-2.1569582826184863,MAP_PMU,135,0.002974243317144243
0,x_tcsc,1-14,-0.13480537884638363,90,-0.1346517936501981,MAP_PMU,135,0.0001535851961855239
1,B_svc,2,0.27580144505887144,90,0.2757002747100101,MAP_PMU,135,0.000101170348861368
2,UPFC_Vsh,5-15,1.1046863325790373,90,1.1052896437161124,MAP_PMU,135,0.0006033111370751243
3,UPFC_tsh,5-15,-0.2293945501933768,90,-0.2294291985876891,MAP_PMU,135,3.4648394312303266e-05
4,UPFC_Vse,5-15,0.06036161343591715,90,0.060485478662259694,MAP_PMU,135,0.0001238652263425427
5,UPFC_tse,5-15,-2.1514624553956385,90,-2.1569582826184863,MAP_PMU,135,0.0054958272228478044
0,x_tcsc,1-14,-0.13479445980960822,91,-0.1346517936501981,MAP_PMU,135,0.00014266615941010974
1,B_svc,2,0.2758924401939929,91,0.2757002747100101,MAP_PMU,135,0.00019216548398282018
2,UPFC_Vsh,5-15,1.1039803972148308,91,1.1052896437161124,MAP_PMU,135,0.0013092465012816135
3,UPFC_tsh,5-15,-0.2294936871596497,91,-0.2294291985876891,MAP_PMU,135,6.448857196061919e-05
4,UPFC_Vse,5-15,0.06020924301614151,91,0.060485478662259694,MAP_PMU,135,0.0002762356461181864
5,UPFC_tse,5-15,-2.158415576030841,91,-2.1569582826184863,MAP_PMU,135,0.0014572934123546766
0,x_tcsc,1-14,-0.13484016708622,92,-0.1346517936501981,MAP_PMU,135,0.00018837343602187695
1,B_svc,2,0.2752366168864013,92,0.2757002747100101,MAP_PMU,135,0.0004636578236087985
2,UPFC_Vsh,5-15,1.1040723248306932,92,1.1052896437161124,MAP_PMU,135,0.0012173188854192052
3,UPFC_tsh,5-15,-0.22954436833366682,92,-0.2294291985876891,MAP_PMU,135,0.00011516974597772234
4,UPFC_Vse,5-15,0.06012587596900664,92,0.060485478662259694,MAP_PMU,135,0.0003596026932530527
5,UPFC_tse,5-15,-2.156261760228447,92,-2.1569582826184863,MAP_PMU,135,0.0006965223900392559
0,x_tcsc,1-14,-0.13474181608696753,93,-0.1346517936501981,MAP_PMU,135,9.002243676942134e-05
1,B_svc,2,0.27611167562358874,93,0.2757002747100101,MAP_PMU,135,0.0004114009135786634
2,UPFC_Vsh,5-15,1.1046061409462151,93,1.1052896437161124,MAP_PMU,135,0.0006835027698972596
3,UPFC_tsh,5-15,-0.2294197152089812,93,-0.2294291985876891,MAP_PMU,135,9.483378707902945e-06
4,UPFC_Vse,5-15,0.060060916423343415,93,0.060485478662259694,MAP_PMU,135,0.000424562238916279
5,UPFC_tse,5-15,-2.156153104047183,93,-2.1569582826184863,MAP_PMU,135,0.0008051785713032444
0,x_tcsc,1-14,-0.1348006754251397,94,-0.1346517936501981,MAP_PMU,135,0.0001488817749416005
1,B_svc,2,0.2764415687310973,94,0.2757002747100101,MAP_PMU,135,0.0007412940210872465
2,UPFC_Vsh,5-15,1.1041410607797266,94,1.1052896437161124,MAP_PMU,135,0.0011485829363857558
3,UPFC_tsh,5-15,-0.2294731903666509,94,-0.2294291985876891,MAP_PMU,135,4.399177896180495e-05
4,UPFC_Vse,5-15,0.06031505912515492,94,0.060485478662259694,MAP_PMU,135,0.00017041953710477536
5,UPFC_tse,5-15,-2.1635081645047096,94,-2.1569582826184863,MAP_PMU,135,0.006549881886223297
0,x_tcsc,1-14,-0.13479127905116323,95,-0.1346517936501981,MAP_PMU,135,0.00013948540096511697
1,B_svc,2,0.2760684303865894,95,0.2757002747100101,MAP_PMU,135,0.00036815567657932924
2,UPFC_Vsh,5-15,1.1043678650430444,95,1.1052896437161124,MAP_PMU,135,0.0009217786730679745
3,UPFC_tsh,5-15,-0.22942709176173942,95,-0.2294291985876891,MAP_PMU,135,2.106825949671487e-06
4,UPFC_Vse,5-15,0.060015450527615824,95,0.060485478662259694,MAP_PMU,135,0.0004700281346438698
5,UPFC_tse,5-15,-2.1598957606508518,95,-2.1569582826184863,MAP_PMU,135,0.002937478032365437
0,x_tcsc,1-14,-0.13475517186182145,96,-0.1346517936501981,MAP_PMU,135,0.00010337821162334504
1,B_svc,2,0.27536044555882616,96,0.2757002747100101,MAP_PMU,135,0.00033982915118391244
2,UPFC_Vsh,5-15,1.104499641634503,96,1.1052896437161124,MAP_PMU,135,0.0007900020816093978
3,UPFC_tsh,5-15,-0.22937591916361957,96,-0.2294291985876891,MAP_PMU,135,5.327942406951891e-05
4,UPFC_Vse,5-15,0.05984328280165906,96,0.060485478662259694,MAP_PMU,135,0.0006421958606006306
5,UPFC_tse,5-15,-2.1487653087411793,96,-2.1569582826184863,MAP_PMU,135,0.008192973877306997
0,x_tcsc,1-14,-0.13484735673093262,97,-0.1346517936501981,MAP_PMU,135,0.00019556308073451212
1,B_svc,2,0.2750994675377271,97,0.2757002747100101,MAP_PMU,135,0.0006008071722829467
2,UPFC_Vsh,5-15,1.1042113553032353,97,1.1052896437161124,MAP_PMU,135,0.0010782884128770487
3,UPFC_tsh,5-15,-0.22941205232524522,97,-0.2294291985876891,MAP_PMU,135,1.7146262443867855e-05
4,UPFC_Vse,5-15,0.06028053685652181,97,0.060485478662259694,MAP_PMU,135,0.00020494180573788628
5,UPFC_tse,5-15,-2.152374708143845,97,-2.1569582826184863,MAP_PMU,135,0.004583574474641416
0,x_tcsc,1-14,-0.1347511905357742,98,-0.1346517936501981,MAP_PMU,135,9.939688557608628e-05
1,B_svc,2,0.27562463530647185,98,0.2757002747100101,MAP_PMU,135,7.563940353821907e-05
2,UPFC_Vsh,5-15,1.1045441561157479,98,1.1052896437161124,MAP_PMU,135,0.000745487600364525
3,UPFC_tsh,5-15,-0.22941425632424034,98,-0.2294291985876891,MAP_PMU,135,1.4942263448752824e-05
4,UPFC_Vse,5-15,0.060513715767420324,98,0.060485478662259694,MAP_PMU,135,2.8237105160630604e-05
5,UPFC_tse,5-15,-2.1492643922066916,98,-2.1569582826184863,MAP_PMU,135,0.0076938904117946905
0,x_tcsc,1-14,-0.134815244413646,99,-0.1346517936501981,MAP_PMU,135,0.00016345076344789766
1,B_svc,2,0.275234727258369,99,0.2757002747100101,MAP_PMU,135,0.0004655474516410685
2,UPFC_Vsh,5-15,1.1047328439281792,99,1.1052896437161124,MAP_PMU,135,0.0005567997879332154
3,UPFC_tsh,5-15,-0.22938795054901617,99,-0.2294291985876891,MAP_PMU,135,4.124803867291971e-05
4,UPFC_Vse,5-15,0.06009451306923807,99,0.060485478662259694,MAP_PMU,135,0.0003909655930216249
5,UPFC_tse,5-15,-2.15686834373054,99,-2.1569582826184863,MAP_PMU,135,8.993888794650573e-05
0,x_tcsc,1-14,-0.13431013868834682,0,-0.1341671230153775,MAP_PMU,137,0.0001430156729693155
1,B_svc,2,0.2736459951676286,0,0.2736347799611498,MAP_PMU,137,1.1215206478787376e-05
2,UPFC_Vsh,5-15,1.1043865922721583,0,1.1057908793825022,MAP_PMU,137,0.0014042871103439047
3,UPFC_tsh,5-15,-0.23001141412072237,0,-0.22999450803875432,MAP_PMU,137,1.690608196805443e-05
4,UPFC_Vse,5-15,0.060164065325460106,0,0.06040532681928308,MAP_PMU,137,0.00024126149382297513
5,UPFC_tse,5-15,-2.1497645228149587,0,-2.15455654822927,MAP_PMU,137,0.0047920254143112295
0,x_tcsc,1-14,-0.13438178095056827,1,-0.1341671230153775,MAP_PMU,137,0.00021465793519076515
1,B_svc,2,0.27371247591188197,1,0.2736347799611498,MAP_PMU,137,7.769595073214841e-05
2,UPFC_Vsh,5-15,1.104092138925209,1,1.1057908793825022,MAP_PMU,137,0.0016987404572932352
3,UPFC_tsh,5-15,-0.23004365120333276,1,-0.22999450803875432,MAP_PMU,137,4.9143164578435705e-05
4,UPFC_Vse,5-15,0.05952427935068238,1,0.06040532681928308,MAP_PMU,137,0.0008810474686007028
5,UPFC_tse,5-15,-2.1515017753995442,1,-2.15455654822927,MAP_PMU,137,0.0030547728297256604
0,x_tcsc,1-14,-0.13433162133899124,2,-0.1341671230153775,MAP_PMU,137,0.00016449832361373207
1,B_svc,2,0.27419077387876895,2,0.2736347799611498,MAP_PMU,137,0.0005559939176191242
2,UPFC_Vsh,5-15,1.1042151724393223,2,1.1057908793825022,MAP_PMU,137,0.0015757069431798776
3,UPFC_tsh,5-15,-0.23005644984621126,2,-0.22999450803875432,MAP_PMU,137,6.194180745694444e-05
4,UPFC_Vse,5-15,0.06064511279529428,2,0.06040532681928308,MAP_PMU,137,0.00023978597601120172
5,UPFC_tse,5-15,-2.1570361929303536,2,-2.15455654822927,MAP_PMU,137,0.0024796447010837497
0,x_tcsc,1-14,-0.13426672201927833,3,-0.1341671230153775,MAP_PMU,137,9.959900390082987e-05
1,B_svc,2,0.273488738513504,3,0.2736347799611498,MAP_PMU,137,0.00014604144764579496
2,UPFC_Vsh,5-15,1.1045008998627313,3,1.1057908793825022,MAP_PMU,137,0.0012899795197709452
3,UPFC_tsh,5-15,-0.22998109239273068,3,-0.22999450803875432,MAP_PMU,137,1.3415646023640093e-05
4,UPFC_Vse,5-15,0.060489534506969304,3,0.06040532681928308,MAP_PMU,137,8.420768768622328e-05
5,UPFC_tse,5-15,-2.1556061367435846,3,-2.15455654822927,MAP_PMU,137,0.0010495885143146921
0,x_tcsc,1-14,-0.13437238330956194,4,-0.1341671230153775,MAP_PMU,137,0.00020526029418443947
1,B_svc,2,0.2734646161967226,4,0.2736347799611498,MAP_PMU,137,0.00017016376442724468
2,UPFC_Vsh,5-15,1.1039719753940618,4,1.1057908793825022,MAP_PMU,137,0.0018189039884404234
3,UPFC_tsh,5-15,-0.23008379008772192,4,-0.22999450803875432,MAP_PMU,137,8.928204896760383e-05
4,UPFC_Vse,5-15,0.06039594729703005,4,0.06040532681928308,MAP_PMU,137,9.379522253029349e-06
5,UPFC_tse,5-15,-2.16565736477821,4,-2.15455654822927,MAP_PMU,137,0.011100816548939907
0,x_tcsc,1-14,-0.1343035230414152,5,-0.1341671230153775,MAP_PMU,137,0.0001364000260377085
1,B_svc,2,0.273723795721119,5,0.2736347799611498,MAP_PMU,137,8.901575996916877e-05
2,UPFC_Vsh,5-15,1.1043890687632218,5,1.1057908793825022,MAP_PMU,137,0.0014018106192803526
3,UPFC_tsh,5-15,-0.22989309395319626,5,-0.22999450803875432,MAP_PMU,137,0.00010141408555805476
4,UPFC_Vse,5-15,0.06031661658031761,5,0.06040532681928308,MAP_PMU,137,8.87102389654712e-05
5,UPFC_tse,5-15,-2.14139359438037,5,-2.15455654822927,MAP_PMU,137,0.013162953848899761
0,x_tcsc,1-14,-0.1343363004948288,6,-0.1341671230153775,MAP_PMU,137,0.00016917747945130457
1,B_svc,2,0.2738430539732764,6,0.2736347799611498,MAP_PMU,137,0.0002082740121265858
2,UPFC_Vsh,5-15,1.1044077398114662,6,1.1057908793825022,MAP_PMU,137,0.001383139571035974
3,UPFC_tsh,5-15,-0.23000340032447003,6,-0.22999450803875432,MAP_PMU,137,8.892285715711434e-06
4,UPFC_Vse,5-15,0.06011520384457445,6,0.06040532681928308,MAP_PMU,137,0.0002901229747086301
5,UPFC_tse,5-15,-2.1422031687952807,6,-2.15455654822927,MAP_PMU,137,0.012353379433989176
0,x_tcsc,1-14,-0.13428219029278943,7,-0.1341671230153775,MAP_PMU,137,0.00011506727741192324
1,B_svc,2,0.27368925015957274,7,0.2736347799611498,MAP_PMU,137,5.447019842291789e-05
2,UPFC_Vsh,5-15,1.1045107026076217,7,1.1057908793825022,MAP_PMU,137,0.0012801767748804593
3,UPFC_tsh,5-15,-0.2300514172009259,7,-0.22999450803875432,MAP_PMU,137,5.69091621715756e-05
4,UPFC_Vse,5-15,0.06008161787430278,7,0.06040532681928308,MAP_PMU,137,0.0003237089449803013
5,UPFC_tse,5-15,-2.1482532359394733,7,-2.15455654822927,MAP_PMU,137,0.0063033122897966365
0,x_tcsc,1-14,-0.13431648434950602,8,-0.1341671230153775,MAP_PMU,137,0.00014936133412851715
1,B_svc,2,0.2737358559566247,8,0.2736347799611498,MAP_PMU,137,0.00010107599547487522
2,UPFC_Vsh,5-15,1.1045304259096513,8,1.1057908793825022,MAP_PMU,137,0.0012604534728508643
3,UPFC_tsh,5-15,-0.23001940454218595,8,-0.22999450803875432,MAP_PMU,137,2.4896503431626194e-05
4,UPFC_Vse,5-15,0.06022460686341581,8,0.06040532681928308,MAP_PMU,137,0.00018071995586727008
5,UPFC_tse,5-15,-2.156956138171859,8,-2.15455654822927,MAP_PMU,137,0.002399589942589042
0,x_tcsc,1-14,-0.13430076243165354,9,-0.1341671230153775,MAP_PMU,137,0.00013363941627603237
1,B_svc,2,0.2734427219422781,9,0.2736347799611498,MAP_PMU,137,0.00019205801887173246
2,UPFC_Vsh,5-15,1.1045577628725591,9,1.1057908793825022,MAP_PMU,137,0.0012331165099430663
3,UPFC_tsh,5-15,-0.23004257266588474,9,-0.22999450803875432,MAP_PMU,137,4.806462713041748e-05
4,UPFC_Vse,5-15,0.060115706378919234,9,0.06040532681928308,MAP_PMU,137,0.00028962044036384693
5,UPFC_tse,5-15,-2.144995342675767,9,-2.15455654822927,MAP_PMU,137,0.009561205553502816
0,x_tcsc,1-14,-0.13439762017134405,10,-0.1341671230153775,MAP_PMU,137,0.0002304971559665414
1,B_svc,2,0.27420296192503335,10,0.2736347799611498,MAP_PMU,137,0.0005681819638835295
2,UPFC_Vsh,5-15,1.1044682294404369,10,1.1057908793825022,MAP_PMU,137,0.0013226499420653237
3,UPFC_tsh,5-15,-0.2299763504910034,10,-0.22999450803875432,MAP_PMU,137,1.8157547750918823e-05
4,UPFC_Vse,5-15,0.0603664562002802,10,0.06040532681928308,MAP_PMU,137,3.887061900288008e-05
5,UPFC_tse,5-15,-2.160510936985344,10,-2.15455654822927,MAP_PMU,137,0.005954388756074014
0,x_tcsc,1-14,-0.13439117894787314,11,-0.1341671230153775,MAP_PMU,137,0.00022405593249563704
1,B_svc,2,0.2734720166789491,11,0.2736347799611498,MAP_PMU,137,0.00016276328220071745
2,UPFC_Vsh,5-15,1.1045793031994549,11,1.1057908793825022,MAP_PMU,137,0.001211576183047347
3,UPFC_tsh,5-15,-0.23005320977070493,11,-0.22999450803875432,MAP_PMU,137,5.8701731950605573e-05
4,UPFC_Vse,5-15,0.060258632181629225,11,0.06040532681928308,MAP_PMU,137,0.0001466946376538561
5,UPFC_tse,5-15,-2.1505396753839214,11,-2.15455654822927,MAP_PMU,137,0.0040168728453484626
0,x_tcsc,1-14,-0.1343616166039146,12,-0.1341671230153775,MAP_PMU,137,0.00019449358853709797
1,B_svc,2,0.2742472363112701,12,0.2736347799611498,MAP_PMU,137,0.0006124563501203051
2,UPFC_Vsh,5-15,1.104446648773688,12,1.1057908793825022,MAP_PMU,137,0.0013442306088142786
3,UPFC_tsh,5-15,-0.23002636051175138,12,-0.22999450803875432,MAP_PMU,137,3.185247299705707e-05
4,UPFC_Vse,5-15,0.05951848599612504,12,0.06040532681928308,MAP_PMU,137,0.0008868408231580416
5,UPFC_tse,5-15,-2.1490148481758427,12,-2.15455654822927,MAP_PMU,137,0.005541700053427245
0,x_tcsc,1-14,-0.13427470332882013,13,-0.1341671230153775,MAP_PMU,137,0.00010758031344262897
1,B_svc,2,0.2741236429158516,13,0.2736347799611498,MAP_PMU,137,0.0004888629547017964
2,UPFC_Vsh,5-15,1.104485012954802,13,1.1057908793825022,MAP_PMU,137,0.001305866427700142
3,UPFC_tsh,5-15,-0.2300019748598937,13,-0.22999450803875432,MAP_PMU,137,7.466821139390234e-06
4,UPFC_Vse,5-15,0.06004059829808595,13,0.06040532681928308,MAP_PMU,137,0.0003647285211971288
5,UPFC_tse,5-15,-2.160244342031846,13,-2.15455654822927,MAP_PMU,137,0.005687793802576113
0,x_tcsc,1-14,-0.1343098689862376,14,-0.1341671230153775,MAP_PMU,137,0.00014274597086008645
1,B_svc,2,0.27374264563713496,14,0.2736347799611498,MAP_PMU,137,0.00010786567598514152
2,UPFC_Vsh,5-15,1.104099989616082,14,1.1057908793825022,MAP_PMU,137,0.0016908897664202893
3,UPFC_tsh,5-15,-0.23000541310215358,14,-0.22999450803875432,MAP_PMU,137,1.090506339926356e-05
4,UPFC_Vse,5-15,0.06035579148932861,14,0.06040532681928308,MAP_PMU,137,4.953532995446985e-05
5,UPFC_tse,5-15,-2.158098205365177,14,-2.15455654822927,MAP_PMU,137,0.0035416571359072613
0,x_tcsc,1-14,-0.13437486633254378,15,-0.1341671230153775,MAP_PMU,137,0.0002077433171662757
1,B_svc,2,0.27355717950087044,15,0.2736347799611498,MAP_PMU,137,7.760046027938117e-05
2,UPFC_Vsh,5-15,1.104253441006481,15,1.1057908793825022,MAP_PMU,137,0.0015374383760211607
3,UPFC_tsh,5-15,-0.22997823378121465,15,-0.22999450803875432,MAP_PMU,137,1.6274257539666825e-05
4,UPFC_Vse,5-15,0.060328553853206957,15,0.06040532681928308,MAP_PMU,137,7.67729660761246e-05
5,UPFC_tse,5-15,-2.1442826123997927,15,-2.15455654822927,MAP_PMU,137,0.010273935829477221
0,x_tcsc,1-14,-0.13425131610069546,16,-0.1341671230153775,MAP_PMU,137,8.419308531795733e-05
1,B_svc,2,0.2739486428504227,16,0.2736347799611498,MAP_PMU,137,0.00031386288927287564
2,UPFC_Vsh,5-15,1.1043748991986815,16,1.1057908793825022,MAP_PMU,137,0.0014159801838207198
3,UPFC_tsh,5-15,-0.2299602556624458,16,-0.22999450803875432,MAP_PMU,137,3.425237630852451e-05
4,UPFC_Vse,5-15,0.06004467498136561,16,0.06040532681928308,MAP_PMU,137,0.0003606518379174681
5,UPFC_tse,5-15,-2.155309982373057,16,-2.15455654822927,MAP_PMU,137,0.0007534341437871461
0,x_tcsc,1-14,-0.13439597204657758,17,-0.1341671230153775,MAP_PMU,137,0.0002288490312000735
1,B_svc,2,0.27396657031741756,17,0.2736347799611498,MAP_PMU,137,0.000331790356267736
2,UPFC_Vsh,5-15,1.104851372818328,17,1.1057908793825022,MAP_PMU,137,0.0009395065641741862
3,UPFC_tsh,5-15,-0.22997273532729307,17,-0.22999450803875432,MAP_PMU,137,2.1772711461254257e-05
4,UPFC_Vse,5-15,0.059897894003524375,17,0.06040532681928308,MAP_PMU,137,0.0005074328157587057
5,UPFC_tse,5-15,-2.142961901336636,17,-2.15455654822927,MAP_PMU,137,0.011594646892633786
0,x_tcsc,1-14,-0.13432524437948726,18,-0.1341671230153775,MAP_PMU,137,0.00015812136410975342
1,B_svc,2,0.27403354652587175,18,0.2736347799611498,MAP_PMU,137,0.00039876656472193073
2,UPFC_Vsh,5-15,1.1044983950041292,18,1.1057908793825022,MAP_PMU,137,0.0012924843783730378
3,UPFC_tsh,5-15,-0.22998127113573208,18,-0.22999450803875432,MAP_PMU,137,1.323690302224012e-05
4,UPFC_Vse,5-15,0.06048039601350818,18,0.06040532681928308,MAP_PMU,137,7.506919422509833e-05
5,UPFC_tse,5-15,-2.1440770871954786,18,-2.15455654822927,MAP_PMU,137,0.01047946103379127
0,x_tcsc,1-14,-0.13438282225047923,19,-0.1341671230153775,MAP_PMU,137,0.0002156992351017295
1,B_svc,2,0.2737187201803617,19,0.2736347799611498,MAP_PMU,137,8.394021921187544e-05
2,UPFC_Vsh,5-15,1.1043823890230668,19,1.1057908793825022,MAP_PMU,137,0.0014084903594353548
3,UPFC_tsh,5-15,-0.23002957428542564,19,-0.22999450803875432,MAP_PMU,137,3.506624667132252e-05
4,UPFC_Vse,5-15,0.06047501902808534,19,0.06040532681928308,MAP_PMU,137,6.96922088022564e-05
5,UPFC_tse,5-15,-2.162139397703726,19,-2.15455654822927,MAP_PMU,137,0.00758284947445631
0,x_tcsc,1-14,-0.13434333913551075,20,-0.1341671230153775,MAP_PMU,137,0.0001762161201332435
1,B_svc,2,0.2742546683725293,20,0.2736347799611498,MAP_PMU,137,0.0006198884113794989
2,UPFC_Vsh,5-15,1.104402522783272,20,1.1057908793825022,MAP_PMU,137,0.0013883565992303115
3,UPFC_tsh,5-15,-0.22996091967903987,20,-0.22999450803875432,MAP_PMU,137,3.358835971445373e-05
4,UPFC_Vse,5-15,0.06026497519906933,20,0.06040532681928308,MAP_PMU,137,0.00014035162021375225
5,UPFC_tse,5-15,-2.1513947705827468,20,-2.15455654822927,MAP_PMU,137,0.003161777646523145
0,x_tcsc,1-14,-0.13429649356702866,21,-0.1341671230153775,MAP_PMU,137,0.00012937055165115896
1,B_svc,2,0.2737237099851125,21,0.2736347799611498,MAP_PMU,137,8.893002396265226e-05
2,UPFC_Vsh,5-15,1.1044058703417199,21,1.1057908793825022,MAP_PMU,137,0.0013850090407823146
3,UPFC_tsh,5-15,-0.23000990779437494,21,-0.22999450803875432,MAP_PMU,137,1.5399755620620903e-05
4,UPFC_Vse,5-15,0.06049162769826293,21,0.06040532681928308,MAP_PMU,137,8.630087897985167e-05
5,UPFC_tse,5-15,-2.1491311339619816,21,-2.15455654822927,MAP_PMU,137,0.005425414267288264
0,x_tcsc,1-14,-0.1343267734130002,22,-0.1341671230153775,MAP_PMU,137,0.00015965039762269595
1,B_svc,2,0.27399351425619883,22,0.2736347799611498,MAP_PMU,137,0.00035873429504901244
2,UPFC_Vsh,5-15,1.1040602959812023,22,1.1057908793825022,MAP_PMU,137,0.0017305834012999455
3,UPFC_tsh,5-15,-0.23005137555314584,22,-0.22999450803875432,MAP_PMU,137,5.6867514391517604e-05
4,UPFC_Vse,5-15,0.059985869988430016,22,0.06040532681928308,MAP_PMU,137,0.0004194568308530655
5,UPFC_tse,5-15,-2.155046539589301,22,-2.15455654822927,MAP_PMU,137,0.0004899913600309169
0,x_tcsc,1-14,-0.13435975453333987,23,-0.1341671230153775,MAP_PMU,137,0.0001926315179623661
1,B_svc,2,0.2738388019028562,23,0.2736347799611498,MAP_PMU,137,0.00020402194170637822
2,UPFC_Vsh,5-15,1.1044222935879402,23,1.1057908793825022,MAP_PMU,137,0.001368585794562005
3,UPFC_tsh,5-15,-0.2299936787843165,23,-0.22999450803875432,MAP_PMU,137,8.292544378118993e-07
4,UPFC_Vse,5-15,0.06003984364937738,23,0.06040532681928308,MAP_PMU,137,0.0003654831699057004
5,UPFC_tse,5-15,-2.150872156007299,23,-2.15455654822927,MAP_PMU,137,0.0036843922219707004
0,x_tcsc,1-14,-0.13433560742905984,24,-0.1341671230153775,MAP_PMU,137,0.0001684844136823349
1,B_svc,2,0.27384328093880594,24,0.2736347799611498,MAP_PMU,137,0.00020850097765612308
2,UPFC_Vsh,5-15,1.1046090440440526,24,1.1057908793825022,MAP_PMU,137,0.0011818353384496216
3,UPFC_tsh,5-15,-0.2300062418887452,24,-0.22999450803875432,MAP_PMU,137,1.1733849990869238e-05
4,UPFC_Vse,5-15,0.06049659138621694,24,0.06040532681928308,MAP_PMU,137,9.126456693386159e-05
5,UPFC_tse,5-15,-2.1463837693088172,24,-2.15455654822927,MAP_PMU,137,0.00817277892045265
0,x_tcsc,1-14,-0.13431142918152983,25,-0.1341671230153775,MAP_PMU,137,0.00014430616615232483
1,B_svc,2,0.2734467888738905,25,0.2736347799611498,MAP_PMU,137,0.00018799108725930935
2,UPFC_Vsh,5-15,1.1040751469060615,25,1.1057908793825022,MAP_PMU,137,0.0017157324764407456
3,UPFC_tsh,5-15,-0.23007399346145568,25,-0.22999450803875432,MAP_PMU,137,7.948542270136416e-05
4,UPFC_Vse,5-15,0.06010946587048106,25,0.06040532681928308,MAP_PMU,137,0.0002958609488020181
5,UPFC_tse,5-15,-2.155178096622121,25,-2.15455654822927,MAP_PMU,137,0.0006215483928508903
0,x_tcsc,1-14,-0.13434002783957036,26,-0.1341671230153775,MAP_PMU,137,0.00017290482419285436
1,B_svc,2,0.2735953153176821,26,0.2736347799611498,MAP_PMU,137,3.946464346771261e-05
2,UPFC_Vsh,5-15,1.1046173964642476,26,1.1057908793825022,MAP_PMU,137,0.001173482918254587
3,UPFC_tsh,5-15,-0.2300137419358467,26,-0.22999450803875432,MAP_PMU,137,1.9233897092379992e-05
4,UPFC_Vse,5-15,0.06023526526435487,26,0.06040532681928308,MAP_PMU,137,0.00017006155492821362
5,UPFC_tse,5-15,-2.1602851919000603,26,-2.15455654822927,MAP_PMU,137,0.005728643670790401
0,x_tcsc,1-14,-0.13428896856420744,27,-0.1341671230153775,MAP_PMU,137,0.00012184554882993526
1,B_svc,2,0.27386119806841835,27,0.2736347799611498,MAP_PMU,137,0.0002264181072685334
2,UPFC_Vsh,5-15,1.1046157017865157,27,1.1057908793825022,MAP_PMU,137,0.0011751775959865096
3,UPFC_tsh,5-15,-0.2300456059449622,27,-0.22999450803875432,MAP_PMU,137,5.1097906207886457e-05
4,UPFC_Vse,5-15,0.060063500369902406,27,0.06040532681928308,MAP_PMU,137,0.00034182644938067497
5,UPFC_tse,5-15,-2.1480174294408068,27,-2.15455654822927,MAP_PMU,137,0.0065391187884631385
0,x_tcsc,1-14,-0.13431064768027332,28,-0.1341671230153775,MAP_PMU,137,0.00014352466489581106
1,B_svc,2,0.27379990664289655,28,0.2736347799611498,MAP_PMU,137,0.00016512668174673006
2,UPFC_Vsh,5-15,1.1044754142954412,28,1.1057908793825022,MAP_PMU,137,0.0013154650870610407
3,UPFC_tsh,5-15,-0.23000075323753244,28,-0.22999450803875432,MAP_PMU,137,6.245198778120908e-06
4,UPFC_Vse,5-15,0.060598913979314835,28,0.06040532681928308,MAP_PMU,137,0.00019358716003175375
5,UPFC_tse,5-15,-2.14433142388849,28,-2.15455654822927,MAP_PMU,137,0.010225124340780045
0,x_tcsc,1-14,-0.13432643275592354,29,-0.1341671230153775,MAP_PMU,137,0.00015930974054603753
1,B_svc,2,0.27398082716283345,29,0.2736347799611498,MAP_PMU,137,0.00034604720168363023
2,UPFC_Vsh,5-15,1.103954019815308,29,1.1057908793825022,MAP_PMU,137,0.00183685956719426
3,UPFC_tsh,5-15,-0.23007526381061807,29,-0.22999450803875432,MAP_PMU,137,8.075577186375527e-05
4,UPFC_Vse,5-15,0.06040746378483652,29,0.06040532681928308,MAP_PMU,137,2.1369655534356213e-06
5,UPFC_tse,5-15,-2.1633154339492293,29,-2.15455654822927,MAP_PMU,137,0.00875888571995942
0,x_tcsc,1-14,-0.13435721725882585,30,-0.1341671230153775,MAP_PMU,137,0.00019009424344834658
1,B_svc,2,0.27395951557458975,30,0.2736347799611498,MAP_PMU,137,0.0003247356134399304
2,UPFC_Vsh,5-15,1.104453145710958,30,1.1057908793825022,MAP_PMU,137,0.0013377336715441057
3,UPFC_tsh,5-15,-0.22999263290997948,30,-0.22999450803875432,MAP_PMU,137,1.875128774836421e-06
4,UPFC_Vse,5-15,0.05995025674184619,30,0.06040532681928308,MAP_PMU,137,0.0004550700774368921
5,UPFC_tse,5-15,-2.1510011454341162,30,-2.15455654822927,MAP_PMU,137,0.0035554027951536504
0,x_tcsc,1-14,-0.13437992278482694,31,-0.1341671230153775,MAP_PMU,137,0.00021279976944943435
1,B_svc,2,0.27343772914397657,31,0.2736347799611498,MAP_PMU,137,0.0001970508171732499
2,UPFC_Vsh,5-15,1.104607838300735,31,1.1057908793825022,MAP_PMU,137,0.0011830410817672554
3,UPFC_tsh,5-15,-0.22997561843095515,31,-0.22999450803875432,MAP_PMU,137,1.8889607799166264e-05
4,UPFC_Vse,5-15,0.060417548393711044,31,0.06040532681928308,MAP_PMU,137,1.2221574427963289e-05
5,UPFC_tse,5-15,-2.1517372925855747,31,-2.15455654822927,MAP_PMU,137,0.0028192556436952287
0,x_tcsc,1-14,-0.13430516480231358,32,-0.1341671230153775,MAP_PMU,137,0.00013804178693607727
1,B_svc,2,0.273734316500528,32,0.2736347799611498,MAP_PMU,137,9.953653937816442e-05
2,UPFC_Vsh,5-15,1.1041380067564361,32,1.1057908793825022,MAP_PMU,137,0.0016528726260660598
3,UPFC_tsh,5-15,-0.2300163610774523,32,-0.22999450803875432,MAP_PMU,137,2.185303869797761e-05
4,UPFC_Vse,5-15,0.06051720157149652,32,0.06040532681928308,MAP_PMU,137,0.00011187475221344223
5,UPFC_tse,5-15,-2.160368122230309,32,-2.15455654822927,MAP_PMU,137,0.005811574001039155
0,x_tcsc,1-14,-0.13434961143139612,33,-0.1341671230153775,MAP_PMU,137,0.00018248841601861687
1,B_svc,2,0.2737216687394903,33,0.2736347799611498,MAP_PMU,137,8.688877834045483e-05
2,UPFC_Vsh,5-15,1.1048140509078301,33,1.1057908793825022,MAP_PMU,137,0.0009768284746720646
3,UPFC_tsh,5-15,-0.22988817464969372,33,-0.22999450803875432,MAP_PMU,137,0.0001063333890606033
4,UPFC_Vse,5-15,0.05968535801264601,33,0.06040532681928308,MAP_PMU,137,0.000719968806637071
5,UPFC_tse,5-15,-2.142540010766133,33,-2.15455654822927,MAP_PMU,137,0.01201653746313669
0,x_tcsc,1-14,-0.1343454760669721,34,-0.1341671230153775,MAP_PMU,137,0.00017835305159460968
1,B_svc,2,0.2742324010565714,34,0.2736347799611498,MAP_PMU,137,0.0005976210954215522
2,UPFC_Vsh,5-15,1.1041791329575532,34,1.1057908793825022,MAP_PMU,137,0.00161174642494899
3,UPFC_tsh,5-15,-0.22999876236671737,34,-0.22999450803875432,MAP_PMU,137,4.254327963054694e-06
4,UPFC_Vse,5-15,0.06012147969115885,34,0.06040532681928308,MAP_PMU,137,0.00028384712812423024
5,UPFC_tse,5-15,-2.1550867402483598,34,-2.15455654822927,MAP_PMU,137,0.0005301920190898812
0,x_tcsc,1-14,-0.13426373157358903,35,-0.1341671230153775,MAP_PMU,137,9.660855821153058e-05
1,B_svc,2,0.2736553956383997,35,0.2736347799611498,MAP_PMU,137,2.0615677249868902e-05
2,UPFC_Vsh,5-15,1.1045349669371007,35,1.1057908793825022,MAP_PMU,137,0.0012559124454014636
3,UPFC_tsh,5-15,-0.22995448428053664,35,-0.22999450803875432,MAP_PMU,137,4.0023758217683225e-05
4,UPFC_Vse,5-15,0.059962531702123185,35,0.06040532681928308,MAP_PMU,137,0.00044279511715989567
5,UPFC_tse,5-15,-2.1568815034437945,35,-2.15455654822927,MAP_PMU,137,0.002324955214524582
0,x_tcsc,1-14,-0.1344001276176358,36,-0.1341671230153775,MAP_PMU,137,0.00023300460225830766
1,B_svc,2,0.2737925306697514,36,0.2736347799611498,MAP_PMU,137,0.00015775070860157836
2,UPFC_Vsh,5-15,1.1042664838371308,36,1.1057908793825022,MAP_PMU,137,0.0015243955453714264
3,UPFC_tsh,5-15,-0.23005428364809677,36,-0.22999450803875432,MAP_PMU,137,5.977560934244952e-05
4,UPFC_Vse,5-15,0.059928986187229825,36,0.06040532681928308,MAP_PMU,137,0.00047634063205325566
5,UPFC_tse,5-15,-2.1510758231586338,36,-2.15455654822927,MAP_PMU,137,0.003480725070636126
0,x_tcsc,1-14,-0.13434061036090814,37,-0.1341671230153775,MAP_PMU,137,0.00017348734553063183
1,B_svc,2,0.2735133475902034,37,0.2736347799611498,MAP_PMU,137,0.00012143237094641712
2,UPFC_Vsh,5-15,1.1041488421036731,37,1.1057908793825022,MAP_PMU,137,0.001642037278829056
3,UPFC_tsh,5-15,-0.23001707378400457,37,-0.22999450803875432,MAP_PMU,137,2.2565745250252567e-05
4,UPFC_Vse,5-15,0.060305176777710925,37,0.06040532681928308,MAP_PMU,137,0.00010015004157215568
5,UPFC_tse,5-15,-2.160463033671481,37,-2.15455654822927,MAP_PMU,137,0.0059064854422112845
0,x_tcsc,1-14,-0.13429680252936446,38,-0.1341671230153775,MAP_PMU,137,0.00012967951398695776
1,B_svc,2,0.2737513987137751,38,0.2736347799611498,MAP_PMU,137,0.00011661875262525268
2,UPFC_Vsh,5-15,1.1041603093599253,38,1.1057908793825022,MAP_PMU,137,0.0016305700225769382
3,UPFC_tsh,5-15,-0.23004446135444528,38,-0.22999450803875432,MAP_PMU,137,4.995331569096484e-05
4,UPFC_Vse,5-15,0.06035348572172004,38,0.06040532681928308,MAP_PMU,137,5.18410975630379e-05
5,UPFC_tse,5-15,-2.1637398747883405,38,-2.15455654822927,MAP_PMU,137,0.009183326559070615
0,x_tcsc,1-14,-0.1343572018094732,39,-0.1341671230153775,MAP_PMU,137,0.00019007879409568829
1,B_svc,2,0.2733026804424344,39,0.2736347799611498,MAP_PMU,137,0.0003320995187154341
2,UPFC_Vsh,5-15,1.1045129544124301,39,1.1057908793825022,MAP_PMU,137,0.001277924970072064
3,UPFC_tsh,5-15,-0.23000254238942214,39,-0.22999450803875432,MAP_PMU,137,8.034350667818213e-06
4,UPFC_Vse,5-15,0.060108274766866136,39,0.06040532681928308,MAP_PMU,137,0.0002970520524169448
5,UPFC_tse,5-15,-2.148017022610727,39,-2.15455654822927,MAP_PMU,137,0.006539525618542985
0,x_tcsc,1-14,-0.13432184136529884,40,-0.1341671230153775,MAP_PMU,137,0.00015471834992134004
1,B_svc,2,0.27348512034764777,40,0.2736347799611498,MAP_PMU,137,0.00014965961350205115
2,UPFC_Vsh,5-15,1.1043128677646512,40,1.1057908793825022,MAP_PMU,137,0.0014780116178509939
3,UPFC_tsh,5-15,-0.2299921577566701,40,-0.22999450803875432,MAP_PMU,137,2.3502820842291605e-06
4,UPFC_Vse,5-15,0.060491141184818804,40,0.06040532681928308,MAP_PMU,137,8.581436553572325e-05
5,UPFC_tse,5-15,-2.1582156456735455,40,-2.15455654822927,MAP_PMU,137,0.0036590974442756163
0,x_tcsc,1-14,-0.13430887376242384,41,-0.1341671230153775,MAP_PMU,137,0.0001417507470463375
1,B_svc,2,0.2739256060469369,41,0.2736347799611498,MAP_PMU,137,0.0002908260857870659
2,UPFC_Vsh,5-15,1.1046176801464798,41,1.1057908793825022,MAP_PMU,137,0.0011731992360224375
3,UPFC_tsh,5-15,-0.2299518531473769,41,-0.22999450803875432,MAP_PMU,137,4.26548913774194e-05
4,UPFC_Vse,5-15,0.059759736605498014,41,0.06040532681928308,MAP_PMU,137,0.0006455902137850675
5,UPFC_tse,5-15,-2.146434370010947,41,-2.15455654822927,MAP_PMU,137,0.00812217821832295
0,x_tcsc,1-14,-0.13437603759963532,42,-0.1341671230153775,MAP_PMU,137,0.00020891458425781329
1,B_svc,2,0.2738610497448436,42,0.2736347799611498,MAP_PMU,137,0.0002262697836937777
2,UPFC_Vsh,5-15,1.10437561517078,42,1.1057908793825022,MAP_PMU,137,0.0014152642117222225
3,UPFC_tsh,5-15,-0.22998442158687757,42,-0.22999450803875432,MAP_PMU,137,1.0086451876750724e-05
4,UPFC_Vse,5-15,0.060468024062114316,42,0.06040532681928308,MAP_PMU,137,6.269724283123473e-05
5,UPFC_tse,5-15,-2.1573985708358583,42,-2.15455654822927,MAP_PMU,137,0.0028420226065883902
0,x_tcsc,1-14,-0.13432455022178907,43,-0.1341671230153775,MAP_PMU,137,0.00015742720641157004
1,B_svc,2,0.27426347817051,43,0.2736347799611498,MAP_PMU,137,0.000628698209360179
2,UPFC_Vsh,5-15,1.1041001381903062,43,1.1057908793825022,MAP_PMU,137,0.0016907411921960325
3,UPFC_tsh,5-15,-0.2300366477736782,43,-0.22999450803875432,MAP_PMU,137,4.2139734923868355e-05
4,UPFC_Vse,5-15,0.059917393730042325,43,0.06040532681928308,MAP_PMU,137,0.00048793308924075657
5,UPFC_tse,5-15,-2.1521738686148093,43,-2.15455654822927,MAP_PMU,137,0.002382679614460592
0,x_tcsc,1-14,-0.1343811403620439,44,-0.1341671230153775,MAP_PMU,137,0.00021401734666640082
1,B_svc,2,0.27395581653065204,44,0.2736347799611498,MAP_PMU,137,0.0003210365695022199
2,UPFC_Vsh,5-15,1.1041239793713844,44,1.1057908793825022,MAP_PMU,137,0.0016669000111178
3,UPFC_tsh,5-15,-0.23005211476867726,44,-0.22999450803875432,MAP_PMU,137,5.7606729922943245e-05
4,UPFC_Vse,5-15,0.06029376520842489,44,0.06040532681928308,MAP_PMU,137,0.0001115616108581935
5,UPFC_tse,5-15,-2.153702719775425,44,-2.15455654822927,MAP_PMU,137,0.0008538284538448515
0,x_tcsc,1-14,-0.1344244385181025,45,-0.1341671230153775,MAP_PMU,137,0.00025731550272500847
1,B_svc,2,0.27372445145490615,45,0.2736347799611498,MAP_PMU,137,8.967149375632699e-05
2,UPFC_Vsh,5-15,1.1047543204584263,45,1.1057908793825022,MAP_PMU,137,0.0010365589240759476
3,UPFC_tsh,5-15,-0.2299252859855699,45,-0.22999450803875432,MAP_PMU,137,6.9222053184409e-05
4,UPFC_Vse,5-15,0.059801945432440565,45,0.06040532681928308,MAP_PMU,137,0.0006033813868425164
5,UPFC_tse,5-15,-2.14973820891299,45,-2.15455654822927,MAP_PMU,137,0.0048183393162797294
0,x_tcsc,1-14,-0.134328186370392,46,-0.1341671230153775,MAP_PMU,137,0.00016106335501450686
1,B_svc,2,0.2736784614898016,46,0.2736347799611498,MAP_PMU,137,4.3681528651806634e-05
2,UPFC_Vsh,5-15,1.1042408707291618,46,1.1057908793825022,MAP_PMU,137,0.001550008653340429
3,UPFC_tsh,5-15,-0.23001473658215554,46,-0.22999450803875432,MAP_PMU,137,2.022854340122393e-05
4,UPFC_Vse,5-15,0.0603735101374856,46,0.06040532681928308,MAP_PMU,137,3.181668179748354e-05
5,UPFC_tse,5-15,-2.1447176004852837,46,-2.15455654822927,MAP_PMU,137,0.009838947743986193
0,x_tcsc,1-14,-0.13433699582724243,47,-0.1341671230153775,MAP_PMU,137,0.00016987281186492398
1,B_svc,2,0.27404620027684784,47,0.2736347799611498,MAP_PMU,137,0.00041142031569801896
2,UPFC_Vsh,5-15,1.1041380962327092,47,1.1057908793825022,MAP_PMU,137,0.0016527831497930023
3,UPFC_tsh,5-15,-0.2300089588896219,47,-0.22999450803875432,MAP_PMU,137,1.4450850867570031e-05
4,UPFC_Vse,5-15,0.05960102204281622,47,0.06040532681928308,MAP_PMU,137,0.0008043047764668618
5,UPFC_tse,5-15,-2.156534523455848,47,-2.15455654822927,MAP_PMU,137,0.001977975226578277
0,x_tcsc,1-14,-0.1343202374680743,48,-0.1341671230153775,MAP_PMU,137,0.00015311445269680646
1,B_svc,2,0.27386930960568895,48,0.2736347799611498,MAP_PMU,137,0.0002345296445391276
2,UPFC_Vsh,5-15,1.1046320772300542,48,1.1057908793825022,MAP_PMU,137,0.001158802152448013
3,UPFC_tsh,5-15,-0.23004236404604778,48,-0.22999450803875432,MAP_PMU,137,4.7856007293456404e-05
4,UPFC_Vse,5-15,0.060606307842028265,48,0.06040532681928308,MAP_PMU,137,0.0002009810227451836
5,UPFC_tse,5-15,-2.1559665005036948,48,-2.15455654822927,MAP_PMU,137,0.0014099522744248638
0,x_tcsc,1-14,-0.13425226998376888,49,-0.1341671230153775,MAP_PMU,137,8.514696839137526e-05
1,B_svc,2,0.2732202888228172,49,0.2736347799611498,MAP_PMU,137,0.00041449113833263995
2,UPFC_Vsh,5-15,1.1045365530967681,49,1.1057908793825022,MAP_PMU,137,0.0012543262857340753
3,UPFC_tsh,5-15,-0.22999774134078912,49,-0.22999450803875432,MAP_PMU,137,3.2333020348052077e-06
4,UPFC_Vse,5-15,0.06023492427373179,49,0.06040532681928308,MAP_PMU,137,0.0001704025455512917
5,UPFC_tse,5-15,-2.140192145087309,49,-2.15455654822927,MAP_PMU,137,0.014364403141960747
0,x_tcsc,1-14,-0.13430214956136136,50,-0.1341671230153775,MAP_PMU,137,0.00013502654598385178
1,B_svc,2,0.27404377292380866,50,0.2736347799611498,MAP_PMU,137,0.00040899296265883844
2,UPFC_Vsh,5-15,1.1041996143994817,50,1.1057908793825022,MAP_PMU,137,0.001591264983020535
3,UPFC_tsh,5-15,-0.23004800151509172,50,-0.22999450803875432,MAP_PMU,137,5.349347633740176e-05
4,UPFC_Vse,5-15,0.06055682649951571,50,0.06040532681928308,MAP_PMU,137,0.00015149968023262655
5,UPFC_tse,5-15,-2.1593450681197384,50,-2.15455654822927,MAP_PMU,137,0.004788519890468468
0,x_tcsc,1-14,-0.13430392156665563,51,-0.1341671230153775,MAP_PMU,137,0.0001367985512781278
1,B_svc,2,0.2738692121894692,51,0.2736347799611498,MAP_PMU,137,0.00023443222831937005
2,UPFC_Vsh,5-15,1.10400728244939,51,1.1057908793825022,MAP_PMU,137,0.0017835969331121415
3,UPFC_tsh,5-15,-0.23008582923634902,51,-0.22999450803875432,MAP_PMU,137,9.132119759469592e-05
4,UPFC_Vse,5-15,0.060673824081385885,51,0.06040532681928308,MAP_PMU,137,0.0002684972621028042
5,UPFC_tse,5-15,-2.1608765956226934,51,-2.15455654822927,MAP_PMU,137,0.006320047393423511
0,x_tcsc,1-14,-0.13432563800269373,52,-0.1341671230153775,MAP_PMU,137,0.00015851498731622726
1,B_svc,2,0.2742026866440981,52,0.2736347799611498,MAP_PMU,137,0.0005679066829482604
2,UPFC_Vsh,5-15,1.1047438942916843,52,1.1057908793825022,MAP_PMU,137,0.001046985090817909
3,UPFC_tsh,5-15,-0.22994756148859075,52,-0.22999450803875432,MAP_PMU,137,4.694655016357352e-05
4,UPFC_Vse,5-15,0.059939202245621694,52,0.06040532681928308,MAP_PMU,137,0.00046612457366138754
5,UPFC_tse,5-15,-2.1539533971512674,52,-2.15455654822927,MAP_PMU,137,0.0006031510780024618
0,x_tcsc,1-14,-0.13425956119182764,53,-0.1341671230153775,MAP_PMU,137,9.243817645013253e-05
1,B_svc,2,0.27377275643627963,53,0.2736347799611498,MAP_PMU,137,0.00013797647512980848
2,UPFC_Vsh,5-15,1.1041843348451066,53,1.1057908793825022,MAP_PMU,137,0.0016065445373956155
3,UPFC_tsh,5-15,-0.22998164545562144,53,-0.22999450803875432,MAP_PMU,137,1.2862583132877692e-05
4,UPFC_Vse,5-15,0.059877581324830384,53,0.06040532681928308,MAP_PMU,137,0.0005277454944526971
5,UPFC_tse,5-15,-2.1505748880114783,53,-2.15455654822927,MAP_PMU,137,0.0039816602177915605
0,x_tcsc,1-14,-0.13429747097893677,54,-0.1341671230153775,MAP_PMU,137,0.00013034796355926304
1,B_svc,2,0.2738162199780425,54,0.2736347799611498,MAP_PMU,137,0.00018144001689268663
2,UPFC_Vsh,5-15,1.1046723930169244,54,1.1057908793825022,MAP_PMU,137,0.0011184863655777644
3,UPFC_tsh,5-15,-0.2299911026248272,54,-0.22999450803875432,MAP_PMU,137,3.405413927126677e-06
4,UPFC_Vse,5-15,0.06044407980061569,54,0.06040532681928308,MAP_PMU,137,3.875298133260846e-05
5,UPFC_tse,5-15,-2.1497969045523537,54,-2.15455654822927,MAP_PMU,137,0.00475964367691617
0,x_tcsc,1-14,-0.13433252161494855,55,-0.1341671230153775,MAP_PMU,137,0.00016539859957104275
1,B_svc,2,0.2738263612020206,55,0.2736347799611498,MAP_PMU,137,0.000191581240870764
2,UPFC_Vsh,5-15,1.1047857750438161,55,1.1057908793825022,MAP_PMU,137,0.001005104338686058
3,UPFC_tsh,5-15,-0.22996538165863478,55,-0.22999450803875432,MAP_PMU,137,2.9126380119537387e-05
4,UPFC_Vse,5-15,0.059911804294721295,55,0.06040532681928308,MAP_PMU,137,0.0004935225245617861
5,UPFC_tse,5-15,-2.146811234777523,55,-2.15455654822927,MAP_PMU,137,0.007745313451747116
0,x_tcsc,1-14,-0.1343161116510923,56,-0.1341671230153775,MAP_PMU,137,0.00014898863571480292
1,B_svc,2,0.27370472554323994,56,0.2736347799611498,MAP_PMU,137,6.994558209011403e-05
2,UPFC_Vsh,5-15,1.104594984715081,56,1.1057908793825022,MAP_PMU,137,0.0011958946674210935
3,UPFC_tsh,5-15,-0.22997927752050887,56,-0.22999450803875432,MAP_PMU,137,1.5230518245451519e-05
4,UPFC_Vse,5-15,0.060012739446177625,56,0.06040532681928308,MAP_PMU,137,0.00039258737310545605
5,UPFC_tse,5-15,-2.1442611656759047,56,-2.15455654822927,MAP_PMU,137,0.010295382553365151
0,x_tcsc,1-14,-0.13428811312656125,57,-0.1341671230153775,MAP_PMU,137,0.00012099011118374414
1,B_svc,2,0.27401179409191456,57,0.2736347799611498,MAP_PMU,137,0.0003770141307647412
2,UPFC_Vsh,5-15,1.1040779172107942,57,1.1057908793825022,MAP_PMU,137,0.0017129621717080212
3,UPFC_tsh,5-15,-0.2301324153048026,57,-0.22999450803875432,MAP_PMU,137,0.00013790726604828718
4,UPFC_Vse,5-15,0.06071633668233527,57,0.06040532681928308,MAP_PMU,137,0.00031100986305218625
5,UPFC_tse,5-15,-2.1555748006540383,57,-2.15455654822927,MAP_PMU,137,0.0010182524247683844
0,x_tcsc,1-14,-0.13437237164245341,58,-0.1341671230153775,MAP_PMU,137,0.00020524862707591018
1,B_svc,2,0.273611739763889,58,0.2736347799611498,MAP_PMU,137,2.3040197260848494e-05
2,UPFC_Vsh,5-15,1.1041052082154763,58,1.1057908793825022,MAP_PMU,137,0.0016856711670258928
3,UPFC_tsh,5-15,-0.22994592954157494,58,-0.22999450803875432,MAP_PMU,137,4.857849717937457e-05
4,UPFC_Vse,5-15,0.059747778397655285,58,0.06040532681928308,MAP_PMU,137,0.000657548421627796
5,UPFC_tse,5-15,-2.1459578394376178,58,-2.15455654822927,MAP_PMU,137,0.008598708791652143
0,x_tcsc,1-14,-0.1343408921295425,59,-0.1341671230153775,MAP_PMU,137,0.00017376911416500107
1,B_svc,2,0.27402208130382444,59,0.2736347799611498,MAP_PMU,137,0.00038730134267461747
2,UPFC_Vsh,5-15,1.1043873195248748,59,1.1057908793825022,MAP_PMU,137,0.0014035598576274122
3,UPFC_tsh,5-15,-0.23001811150643686,59,-0.22999450803875432,MAP_PMU,137,2.360346768254251e-05
4,UPFC_Vse,5-15,0.06032716934730563,59,0.06040532681928308,MAP_PMU,137,7.815747197745249e-05
5,UPFC_tse,5-15,-2.149081196931462,59,-2.15455654822927,MAP_PMU,137,0.005475351297807851
0,x_tcsc,1-14,-0.1342836520845078,60,-0.1341671230153775,MAP_PMU,137,0.00011652906913028893
1,B_svc,2,0.27373913457248883,60,0.2736347799611498,MAP_PMU,137,0.00010435461133900814
2,UPFC_Vsh,5-15,1.1044566867827137,60,1.1057908793825022,MAP_PMU,137,0.0013341925997885085
3,UPFC_tsh,5-15,-0.23004073596306243,60,-0.22999450803875432,MAP_PMU,137,4.622792430811207e-05
4,UPFC_Vse,5-15,0.06024166431259263,60,0.06040532681928308,MAP_PMU,137,0.00016366250669044846
5,UPFC_tse,5-15,-2.1517391410935374,60,-2.15455654822927,MAP_PMU,137,0.0028174071357325303
0,x_tcsc,1-14,-0.13436118154174317,61,-0.1341671230153775,MAP_PMU,137,0.00019405852636567023
1,B_svc,2,0.2740339308099905,61,0.2736347799611498,MAP_PMU,137,0.0003991508488406792
2,UPFC_Vsh,5-15,1.1045852966700784,61,1.1057908793825022,MAP_PMU,137,0.0012055827124237695
3,UPFC_tsh,5-15,-0.22999571746223688,61,-0.22999450803875432,MAP_PMU,137,1.209423482556593e-06
4,UPFC_Vse,5-15,0.059864320524020326,61,0.06040532681928308,MAP_PMU,137,0.0005410062952627553
5,UPFC_tse,5-15,-2.1631004479830347,61,-2.15455654822927,MAP_PMU,137,0.008543899753764794
0,x_tcsc,1-14,-0.13437374738850777,62,-0.1341671230153775,MAP_PMU,137,0.00020662437313026527
1,B_svc,2,0.2738421573062204,62,0.2736347799611498,MAP_PMU,137,0.0002073773450705918
2,UPFC_Vsh,5-15,1.104383684852159,62,1.1057908793825022,MAP_PMU,137,0.0014071945303431033
3,UPFC_tsh,5-15,-0.23008521241968796,62,-0.22999450803875432,MAP_PMU,137,9.070438093364275e-05
4,UPFC_Vse,5-15,0.06030717792341402,62,0.06040532681928308,MAP_PMU,137,9.814889586905878e-05
5,UPFC_tse,5-15,-2.157978661865637,62,-2.15455654822927,MAP_PMU,137,0.003422113636367019
0,x_tcsc,1-14,-0.13427368363551398,63,-0.1341671230153775,MAP_PMU,137,0.00010656062013647549
1,B_svc,2,0.273805648685503,63,0.2736347799611498,MAP_PMU,137,0.00017086872435317924
2,UPFC_Vsh,5-15,1.1043968352550912,63,1.1057908793825022,MAP_PMU,137,0.0013940441274109538
3,UPFC_tsh,5-15,-0.23003859258210138,63,-0.22999450803875432,MAP_PMU,137,4.408454334706158e-05
4,UPFC_Vse,5-15,0.06033951371905222,63,0.06040532681928308,MAP_PMU,137,6.581310023086318e-05
5,UPFC_tse,5-15,-2.148207782367113,63,-2.15455654822927,MAP_PMU,137,0.006348765862156824
0,x_tcsc,1-14,-0.13437222590499573,64,-0.1341671230153775,MAP_PMU,137,0.00020510288961822498
1,B_svc,2,0.2737905727532071,64,0.2736347799611498,MAP_PMU,137,0.00015579279205729657
2,UPFC_Vsh,5-15,1.1043597558535303,64,1.1057908793825022,MAP_PMU,137,0.0014311235289719004
3,UPFC_tsh,5-15,-0.23001958186574917,64,-0.22999450803875432,MAP_PMU,137,2.507382699484806e-05
4,UPFC_Vse,5-15,0.0602471051374024,64,0.06040532681928308,MAP_PMU,137,0.00015822168188068392
5,UPFC_tse,5-15,-2.146874636504339,64,-2.15455654822927,MAP_PMU,137,0.007681911724930934
0,x_tcsc,1-14,-0.13428883220556742,65,-0.1341671230153775,MAP_PMU,137,0.000121709190189917
1,B_svc,2,0.27385248586697764,65,0.2736347799611498,MAP_PMU,137,0.00021770590582781413
2,UPFC_Vsh,5-15,1.1045089816701885,65,1.1057908793825022,MAP_PMU,137,0.0012818977123136843
3,UPFC_tsh,5-15,-0.2299884124578571,65,-0.22999450803875432,MAP_PMU,137,6.0955808972307235e-06
4,UPFC_Vse,5-15,0.06002736778039245,65,0.06040532681928308,MAP_PMU,137,0.00037795903889063093
5,UPFC_tse,5-15,-2.1476106474404126,65,-2.15455654822927,MAP_PMU,137,0.006945900788857262
0,x_tcsc,1-14,-0.13431860664466508,66,-0.1341671230153775,MAP_PMU,137,0.0001514836292875743
1,B_svc,2,0.2744086795128539,66,0.2736347799611498,MAP_PMU,137,0.0007738995517040936
2,UPFC_Vsh,5-15,1.1039755786228838,66,1.1057908793825022,MAP_PMU,137,0.0018153007596184434
3,UPFC_tsh,5-15,-0.2300502883412064,66,-0.22999450803875432,MAP_PMU,137,5.5780302452068664e-05
4,UPFC_Vse,5-15,0.06001856273780769,66,0.06040532681928308,MAP_PMU,137,0.00038676408147539365
5,UPFC_tse,5-15,-2.166410229859368,66,-2.15455654822927,MAP_PMU,137,0.011853681630098034
0,x_tcsc,1-14,-0.13431242306541671,67,-0.1341671230153775,MAP_PMU,137,0.00014530005003920987
1,B_svc,2,0.2744963985510932,67,0.2736347799611498,MAP_PMU,137,0.0008616185899433804
2,UPFC_Vsh,5-15,1.1041135878355346,67,1.1057908793825022,MAP_PMU,137,0.0016772915469676075
3,UPFC_tsh,5-15,-0.229975608754724,67,-0.22999450803875432,MAP_PMU,137,1.8899284030315933e-05
4,UPFC_Vse,5-15,0.05995109798424106,67,0.06040532681928308,MAP_PMU,137,0.0004542288350420226
5,UPFC_tse,5-15,-2.1461591349988165,67,-2.15455654822927,MAP_PMU,137,0.008397413230453399
0,x_tcsc,1-14,-0.13429527227450885,68,-0.1341671230153775,MAP_PMU,137,0.00012814925913134934
1,B_svc,2,0.27408096499227375,68,0.2736347799611498,MAP_PMU,137,0.0004461850311239246
2,UPFC_Vsh,5-15,1.104501019112904,68,1.1057908793825022,MAP_PMU,137,0.0012898602695980976
3,UPFC_tsh,5-15,-0.23004173612268236,68,-0.22999450803875432,MAP_PMU,137,4.722808392804145e-05
4,UPFC_Vse,5-15,0.06015703526199483,68,0.06040532681928308,MAP_PMU,137,0.000248291557288248
5,UPFC_tse,5-15,-2.1538818760774583,68,-2.15455654822927,MAP_PMU,137,0.0006746721518116061
0,x_tcsc,1-14,-0.13435191966192755,69,-0.1341671230153775,MAP_PMU,137,0.00018479664655005057
1,B_svc,2,0.27325548699750984,69,0.2736347799611498,MAP_PMU,137,0.00037929296363997667
2,UPFC_Vsh,5-15,1.1043601700829062,69,1.1057908793825022,MAP_PMU,137,0.0014307092995959891
3,UPFC_tsh,5-15,-0.22995551583107865,69,-0.22999450803875432,MAP_PMU,137,3.899220767566991e-05
4,UPFC_Vse,5-15,0.060658046016880504,69,0.06040532681928308,MAP_PMU,137,0.000252719197597423
5,UPFC_tse,5-15,-2.1614260816783912,69,-2.15455654822927,MAP_PMU,137,0.0068695334491213345
0,x_tcsc,1-14,-0.13433746319662734,70,-0.1341671230153775,MAP_PMU,137,0.00017034018124983952
1,B_svc,2,0.27333723684046635,70,0.2736347799611498,MAP_PMU,137,0.00029754312068347444
2,UPFC_Vsh,5-15,1.104688676575484,70,1.1057908793825022,MAP_PMU,137,0.0011022028070182266
3,UPFC_tsh,5-15,-0.22991528051545715,70,-0.22999450803875432,MAP_PMU,137,7.922752329717064e-05
4,UPFC_Vse,5-15,0.05962146926328626,70,0.06040532681928308,MAP_PMU,137,0.0007838575559968239
5,UPFC_tse,5-15,-2.1408377485219883,70,-2.15455654822927,MAP_PMU,137,0.013718799707281626
0,x_tcsc,1-14,-0.13431286543287224,71,-0.1341671230153775,MAP_PMU,137,0.00014574241749473749
1,B_svc,2,0.2737685016627044,71,0.2736347799611498,MAP_PMU,137,0.00013372170155456775
2,UPFC_Vsh,5-15,1.1046282860427559,71,1.1057908793825022,MAP_PMU,137,0.0011625933397463317
3,UPFC_tsh,5-15,-0.22997311166901604,71,-0.22999450803875432,MAP_PMU,137,2.1396369738274634e-05
4,UPFC_Vse,5-15,0.06010126934759192,71,0.06040532681928308,MAP_PMU,137,0.00030405747169116176
5,UPFC_tse,5-15,-2.149673884337956,71,-2.15455654822927,MAP_PMU,137,0.004882663891313754
0,x_tcsc,1-14,-0.13438617198923622,72,-0.1341671230153775,MAP_PMU,137,0.00021904897385871536
1,B_svc,2,0.27415491955802646,72,0.2736347799611498,MAP_PMU,137,0.0005201395968766342
2,UPFC_Vsh,5-15,1.1041090928999637,72,1.1057908793825022,MAP_PMU,137,0.001681786482538472
3,UPFC_tsh,5-15,-0.22998869119637413,72,-0.22999450803875432,MAP_PMU,137,5.816842380185205e-06
4,UPFC_Vse,5-15,0.06023907962842312,72,0.06040532681928308,MAP_PMU,137,0.0001662471908599611
5,UPFC_tse,5-15,-2.1516220432253865,72,-2.15455654822927,MAP_PMU,137,0.0029345050038833698
0,x_tcsc,1-14,-0.13428964501431426,73,-0.1341671230153775,MAP_PMU,137,0.0001225219989367532
1,B_svc,2,0.2736859619000629,73,0.2736347799611498,MAP_PMU,137,5.118193891306966e-05
2,UPFC_Vsh,5-15,1.1045662955717466,73,1.1057908793825022,MAP_PMU,137,0.0012245838107556306
3,UPFC_tsh,5-15,-0.23000800630561954,73,-0.22999450803875432,MAP_PMU,137,1.349826686522504e-05
4,UPFC_Vse,5-15,0.05994613288930868,73,0.06040532681928308,MAP_PMU,137,0.00045919392997439967
5,UPFC_tse,5-15,-2.151831790274545,73,-2.15455654822927,MAP_PMU,137,0.0027247579547249323
0,x_tcsc,1-14,-0.13436956245585005,74,-0.1341671230153775,MAP_PMU,137,0.00020243944047254603
1,B_svc,2,0.27437466945891376,74,0.2736347799611498,MAP_PMU,137,0.0007398894977639348
2,UPFC_Vsh,5-15,1.104304117102474,74,1.1057908793825022,MAP_PMU,137,0.0014867622800283087
3,UPFC_tsh,5-15,-0.23007695488848337,74,-0.22999450803875432,MAP_PMU,137,8.244684972905092e-05
4,UPFC_Vse,5-15,0.06051355670352806,74,0.06040532681928308,MAP_PMU,137,0.0001082298842449772
5,UPFC_tse,5-15,-2.1563425752125425,74,-2.15455654822927,MAP_PMU,137,0.0017860269832725706
0,x_tcsc,1-14,-0.13435521754773067,75,-0.1341671230153775,MAP_PMU,137,0.00018809453235316131
1,B_svc,2,0.2739259825224364,75,0.2736347799611498,MAP_PMU,137,0.0002912025612865632
2,UPFC_Vsh,5-15,1.1040072183568406,75,1.1057908793825022,MAP_PMU,137,0.0017836610256616314
3,UPFC_tsh,5-15,-0.23003624460331346,75,-0.22999450803875432,MAP_PMU,137,4.17365645591361e-05
4,UPFC_Vse,5-15,0.06059883984474072,75,0.06040532681928308,MAP_PMU,137,0.00019351302545764226
5,UPFC_tse,5-15,-2.153620952404721,75,-2.15455654822927,MAP_PMU,137,0.0009355958245489404
0,x_tcsc,1-14,-0.1343294014413022,76,-0.1341671230153775,MAP_PMU,137,0.0001622784259247001
1,B_svc,2,0.2741792514852873,76,0.2736347799611498,MAP_PMU,137,0.000544471524137502
2,UPFC_Vsh,5-15,1.1042505183286349,76,1.1057908793825022,MAP_PMU,137,0.0015403610538673451
3,UPFC_tsh,5-15,-0.23002171603393137,76,-0.22999450803875432,MAP_PMU,137,2.720799517705319e-05
4,UPFC_Vse,5-15,0.06072701134097968,76,0.06040532681928308,MAP_PMU,137,0.0003216845216965983
5,UPFC_tse,5-15,-2.154025394842218,76,-2.15455654822927,MAP_PMU,137,0.000531153387052008
0,x_tcsc,1-14,-0.13432891115751794,77,-0.1341671230153775,MAP_PMU,137,0.00016178814214043435
1,B_svc,2,0.27365379815286855,77,0.2736347799611498,MAP_PMU,137,1.9018191718733757e-05
2,UPFC_Vsh,5-15,1.1044454290653065,77,1.1057908793825022,MAP_PMU,137,0.0013454503171956844
3,UPFC_tsh,5-15,-0.23005166690895354,77,-0.22999450803875432,MAP_PMU,137,5.7158870199219836e-05
4,UPFC_Vse,5-15,0.06013977109593732,77,0.06040532681928308,MAP_PMU,137,0.00026555572334575894
5,UPFC_tse,5-15,-2.1623571895530365,77,-2.15455654822927,MAP_PMU,137,0.007800641323766566
0,x_tcsc,1-14,-0.13438965183278584,78,-0.1341671230153775,MAP_PMU,137,0.00022252881740833508
1,B_svc,2,0.2735917535628181,78,0.2736347799611498,MAP_PMU,137,4.302639833170252e-05
2,UPFC_Vsh,5-15,1.1040639847483085,78,1.1057908793825022,MAP_PMU,137,0.001726894634193732
3,UPFC_tsh,5-15,-0.23007745976513144,78,-0.22999450803875432,MAP_PMU,137,8.295172637712289e-05
4,UPFC_Vse,5-15,0.06015400310314012,78,0.06040532681928308,MAP_PMU,137,0.0002513237161429621
5,UPFC_tse,5-15,-2.1568473942114097,78,-2.15455654822927,MAP_PMU,137,0.0022908459821397997
0,x_tcsc,1-14,-0.13431510147083103,79,-0.1341671230153775,MAP_PMU,137,0.00014797845545352906
1,B_svc,2,0.27351612328513353,79,0.2736347799611498,MAP_PMU,137,0.00011865667601629326
2,UPFC_Vsh,5-15,1.1044047164540205,79,1.1057908793825022,MAP_PMU,137,0.0013861629284817045
3,UPFC_tsh,5-15,-0.22997896094978176,79,-0.22999450803875432,MAP_PMU,137,1.554708897255619e-05
4,UPFC_Vse,5-15,0.060019054633691546,79,0.06040532681928308,MAP_PMU,137,0.0003862721855915352
5,UPFC_tse,5-15,-2.1514910322830327,79,-2.15455654822927,MAP_PMU,137,0.003065515946237163
0,x_tcsc,1-14,-0.13429959931135768,80,-0.1341671230153775,MAP_PMU,137,0.0001324762959801773
1,B_svc,2,0.27386021851850484,80,0.2736347799611498,MAP_PMU,137,0.00022543855735501772
2,UPFC_Vsh,5-15,1.1044874140861833,80,1.1057908793825022,MAP_PMU,137,0.001303465296318862
3,UPFC_tsh,5-15,-0.22991769162062797,80,-0.22999450803875432,MAP_PMU,137,7.681641812634643e-05
4,UPFC_Vse,5-15,0.05972932582482564,80,0.06040532681928308,MAP_PMU,137,0.000676000994457443
5,UPFC_tse,5-15,-2.145127528680434,80,-2.15455654822927,MAP_PMU,137,0.009429019548835793
0,x_tcsc,1-14,-0.13430029480518027,81,-0.1341671230153775,MAP_PMU,137,0.00013317178980276623
1,B_svc,2,0.2736921459000866,81,0.2736347799611498,MAP_PMU,137,5.736593893679309e-05
2,UPFC_Vsh,5-15,1.1043749397852527,81,1.1057908793825022,MAP_PMU,137,0.0014159395972495048
3,UPFC_tsh,5-15,-0.229983936914593,81,-0.22999450803875432,MAP_PMU,137,1.0571124161307122e-05
4,UPFC_Vse,5-15,0.060332775949800126,81,0.06040532681928308,MAP_PMU,137,7.255086948295547e-05
5,UPFC_tse,5-15,-2.141594639408532,81,-2.15455654822927,MAP_PMU,137,0.012961908820738
0,x_tcsc,1-14,-0.1343519999778561,82,-0.1341671230153775,MAP_PMU,137,0.0001848769624785973
1,B_svc,2,0.27393668790565,82,0.2736347799611498,MAP_PMU,137,0.00030190794450019043
2,UPFC_Vsh,5-15,1.1044057839132873,82,1.1057908793825022,MAP_PMU,137,0.0013850954692149475
3,UPFC_tsh,5-15,-0.22999064683462564,82,-0.22999450803875432,MAP_PMU,137,3.8612041286800736e-06
4,UPFC_Vse,5-15,0.06009349459450665,82,0.06040532681928308,MAP_PMU,137,0.0003118322247764316
5,UPFC_tse,5-15,-2.142812487994585,82,-2.15455654822927,MAP_PMU,137,0.011744060234684994
0,x_tcsc,1-14,-0.13428918437426668,83,-0.1341671230153775,MAP_PMU,137,0.00012206135888917502
1,B_svc,2,0.273590753409711,83,0.2736347799611498,MAP_PMU,137,4.4026551438813843e-05
2,UPFC_Vsh,5-15,1.104157291486257,83,1.1057908793825022,MAP_PMU,137,0.0016335878962452366
3,UPFC_tsh,5-15,-0.23001018020079494,83,-0.22999450803875432,MAP_PMU,137,1.567216204062527e-05
4,UPFC_Vse,5-15,0.06022417529642482,83,0.06040532681928308,MAP_PMU,137,0.00018115152285826108
5,UPFC_tse,5-15,-2.156142879623262,83,-2.15455654822927,MAP_PMU,137,0.001586331393991891
0,x_tcsc,1-14,-0.13423186802061687,84,-0.1341671230153775,MAP_PMU,137,6.474500523936944e-05
1,B_svc,2,0.27385625144910825,84,0.2736347799611498,MAP_PMU,137,0.00022147148795842453
2,UPFC_Vsh,5-15,1.1044910375242085,84,1.1057908793825022,MAP_PMU,137,0.0012998418582936822
3,UPFC_tsh,5-15,-0.2299598950223228,84,-0.22999450803875432,MAP_PMU,137,3.461301643151171e-05
4,UPFC_Vse,5-15,0.0599713558083938,84,0.06040532681928308,MAP_PMU,137,0.0004339710108892808
5,UPFC_tse,5-15,-2.148455606141298,84,-2.15455654822927,MAP_PMU,137,0.006100942087972072
0,x_tcsc,1-14,-0.13424923146771556,85,-0.1341671230153775,MAP_PMU,137,8.21084523380533e-05
1,B_svc,2,0.27320264493983687,85,0.2736347799611498,MAP_PMU,137,0.00043213502131295156
2,UPFC_Vsh,5-15,1.104475564286429,85,1.1057908793825022,MAP_PMU,137,0.0013153150960731885
3,UPFC_tsh,5-15,-0.230027918135102,85,-0.22999450803875432,MAP_PMU,137,3.341009634769132e-05
4,UPFC_Vse,5-15,0.06016968520653431,85,0.06040532681928308,MAP_PMU,137,0.0002356416127487701
5,UPFC_tse,5-15,-2.1565196112075853,85,-2.15455654822927,MAP_PMU,137,0.0019630629783153886
0,x_tcsc,1-14,-0.13431714023678576,86,-0.1341671230153775,MAP_PMU,137,0.00015001722140825513
1,B_svc,2,0.27398721812287574,86,0.2736347799611498,MAP_PMU,137,0.0003524381617259209
2,UPFC_Vsh,5-15,1.1045586182426015,86,1.1057908793825022,MAP_PMU,137,0.0012322611399007144
3,UPFC_tsh,5-15,-0.22997662069904862,86,-0.22999450803875432,MAP_PMU,137,1.788733970570222e-05
4,UPFC_Vse,5-15,0.06048021961701386,86,0.06040532681928308,MAP_PMU,137,7.489279773077728e-05
5,UPFC_tse,5-15,-2.1459627880117895,86,-2.15455654822927,MAP_PMU,137,0.008593760217480373
0,x_tcsc,1-14,-0.1343366320430821,87,-0.1341671230153775,MAP_PMU,137,0.00016950902770460075
1,B_svc,2,0.27345100887508167,87,0.2736347799611498,MAP_PMU,137,0.00018377108606815185
2,UPFC_Vsh,5-15,1.1045653142860674,87,1.1057908793825022,MAP_PMU,137,0.0012255650964347886
3,UPFC_tsh,5-15,-0.22999031546725077,87,-0.22999450803875432,MAP_PMU,137,4.1925715035529e-06
4,UPFC_Vse,5-15,0.0600421317399301,87,0.06040532681928308,MAP_PMU,137,0.00036319507935297923
5,UPFC_tse,5-15,-2.145467883659514,87,-2.15455654822927,MAP_PMU,137,0.009088664569755878
0,x_tcsc,1-14,-0.13434590689305703,88,-0.1341671230153775,MAP_PMU,137,0.00017878387767952808
1,B_svc,2,0.27373456803993146,88,0.2736347799611498,MAP_PMU,137,9.978807878163742e-05
2,UPFC_Vsh,5-15,1.1044082010221925,88,1.1057908793825022,MAP_PMU,137,0.001382678360309697
3,UPFC_tsh,5-15,-0.22993368777336398,88,-0.22999450803875432,MAP_PMU,137,6.08202653903378e-05
4,UPFC_Vse,5-15,0.05974449659015389,88,0.06040532681928308,MAP_PMU,137,0.000660830229129189
5,UPFC_tse,5-15,-2.1473716498790902,88,-2.15455654822927,MAP_PMU,137,0.007184898350179658
0,x_tcsc,1-14,-0.1342810663920911,89,-0.1341671230153775,MAP_PMU,137,0.00011394337671358223
1,B_svc,2,0.27380589787692694,89,0.2736347799611498,MAP_PMU,137,0.0001711179157771192
2,UPFC_Vsh,5-15,1.1045291780751443,89,1.1057908793825022,MAP_PMU,137,0.0012617013073579209
3,UPFC_tsh,5-15,-0.2299665162627565,89,-0.22999450803875432,MAP_PMU,137,2.799177599782654e-05
4,UPFC_Vse,5-15,0.06032320835000474,89,0.06040532681928308,MAP_PMU,137,8.211846927834443e-05
5,UPFC_tse,5-15,-2.1582214673528104,89,-2.15455654822927,MAP_PMU,137,0.0036649191235405
0,x_tcsc,1-14,-0.1343307274307346,90,-0.1341671230153775,MAP_PMU,137,0.0001636044153570937
1,B_svc,2,0.2736624954290238,90,0.2736347799611498,MAP_PMU,137,2.7715467874001032e-05
2,UPFC_Vsh,5-15,1.1048089855437118,90,1.1057908793825022,MAP_PMU,137,0.0009818938387904375
3,UPFC_tsh,5-15,-0.22995779351708948,90,-0.22999450803875432,MAP_PMU,137,3.671452166484346e-05
4,UPFC_Vse,5-15,0.060175026855112945,90,0.06040532681928308,MAP_PMU,137,0.00023029996417013587
5,UPFC_tse,5-15,-2.1417865634129223,90,-2.15455654822927,MAP_PMU,137,0.012769984816347613
0,x_tcsc,1-14,-0.13433519705078764,91,-0.1341671230153775,MAP_PMU,137,0.00016807403541013732
1,B_svc,2,0.2735354925548929,91,0.2736347799611498,MAP_PMU,137,9.928740625692045e-05
2,UPFC_Vsh,5-15,1.1041275921472955,91,1.1057908793825022,MAP_PMU,137,0.0016632872352067007
3,UPFC_tsh,5-15,-0.2300049219347443,91,-0.22999450803875432,MAP_PMU,137,1.0413895989991317e-05
4,UPFC_Vse,5-15,0.06010101579704636,91,0.06040532681928308,MAP_PMU,137,0.00030431102223672096
5,UPFC_tse,5-15,-2.16359067573087,91,-2.15455654822927,MAP_PMU,137,0.009034127501600153
0,x_tcsc,1-14,-0.13438116252780435,92,-0.1341671230153775,MAP_PMU,137,0.00021403951242685015
1,B_svc,2,0.27314571138810945,92,0.2736347799611498,MAP_PMU,137,0.0004890685730403743
2,UPFC_Vsh,5-15,1.1044911881069523,92,1.1057908793825022,MAP_PMU,137,0.0012996912755498524
3,UPFC_tsh,5-15,-0.22997789984108227,92,-0.22999450803875432,MAP_PMU,137,1.6608197672046687e-05
4,UPFC_Vse,5-15,0.05992145533937156,92,0.06040532681928308,MAP_PMU,137,0.000483871479911524
5,UPFC_tse,5-15,-2.147809126978068,92,-2.15455654822927,MAP_PMU,137,0.006747421251201757
0,x_tcsc,1-14,-0.13428311625747966,93,-0.1341671230153775,MAP_PMU,137,0.00011599324210215256
1,B_svc,2,0.27395982396226937,93,0.2736347799611498,MAP_PMU,137,0.00032504400111954546
2,UPFC_Vsh,5-15,1.1047612357258931,93,1.1057908793825022,MAP_PMU,137,0.0010296436566090694
3,UPFC_tsh,5-15,-0.22990087495845493,93,-0.22999450803875432,MAP_PMU,137,9.363308029938788e-05
4,UPFC_Vse,5-15,0.06003699164438229,93,0.06040532681928308,MAP_PMU,137,0.00036833517490079265
5,UPFC_tse,5-15,-2.150077803892507,93,-2.15455654822927,MAP_PMU,137,0.004478744336763096
0,x_tcsc,1-14,-0.13434914605908588,94,-0.1341671230153775,MAP_PMU,137,0.00018202304370837363
1,B_svc,2,0.27435991298981494,94,0.2736347799611498,MAP_PMU,137,0.0007251330286651148
2,UPFC_Vsh,5-15,1.104561216751391,94,1.1057908793825022,MAP_PMU,137,0.001229662631111239
3,UPFC_tsh,5-15,-0.22993781585161394,94,-0.22999450803875432,MAP_PMU,137,5.66921871403836e-05
4,UPFC_Vse,5-15,0.05960939046353722,94,0.06040532681928308,MAP_PMU,137,0.0007959363557458604
5,UPFC_tse,5-15,-2.148479779302341,94,-2.15455654822927,MAP_PMU,137,0.006076768926928988
0,x_tcsc,1-14,-0.13432847439783566,95,-0.1341671230153775,MAP_PMU,137,0.0001613513824581525
1,B_svc,2,0.27411334902689954,95,0.2736347799611498,MAP_PMU,137,0.00047856906574972324
2,UPFC_Vsh,5-15,1.104090721980275,95,1.1057908793825022,MAP_PMU,137,0.001700157402227287
3,UPFC_tsh,5-15,-0.23005953067414045,95,-0.22999450803875432,MAP_PMU,137,6.502263538613051e-05
4,UPFC_Vse,5-15,0.060315771288898194,95,0.06040532681928308,MAP_PMU,137,8.95555303848869e-05
5,UPFC_tse,5-15,-2.16377384484678,95,-2.15455654822927,MAP_PMU,137,0.00921729661751014
0,x_tcsc,1-14,-0.1342981929746878,96,-0.1341671230153775,MAP_PMU,137,0.0001310699593103093
1,B_svc,2,0.27325808306757593,96,0.2736347799611498,MAP_PMU,137,0.00037669689357389124
2,UPFC_Vsh,5-15,1.1046811750521761,96,1.1057908793825022,MAP_PMU,137,0.001109704330326089
3,UPFC_tsh,5-15,-0.22993179596064767,96,-0.22999450803875432,MAP_PMU,137,6.271207810665258e-05
4,UPFC_Vse,5-15,0.059983070528336804,96,0.06040532681928308,MAP_PMU,137,0.0004222562909462768
5,UPFC_tse,5-15,-2.151139245220721,96,-2.15455654822927,MAP_PMU,137,0.0034173030085487
0,x_tcsc,1-14,-0.1343930004166456,97,-0.1341671230153775,MAP_PMU,137,0.00022587740126808753
1,B_svc,2,0.27310755015152866,97,0.2736347799611498,MAP_PMU,137,0.0005272298096211658
2,UPFC_Vsh,5-15,1.1042667112298818,97,1.1057908793825022,MAP_PMU,137,0.0015241681526203532
3,UPFC_tsh,5-15,-0.23002647224950712,97,-0.22999450803875432,MAP_PMU,137,3.196421075279954e-05
4,UPFC_Vse,5-15,0.0602397385789223,97,0.06040532681928308,MAP_PMU,137,0.00016558824036078112
5,UPFC_tse,5-15,-2.149399761425707,97,-2.15455654822927,MAP_PMU,137,0.005156786803562685
0,x_tcsc,1-14,-0.13428809295212799,98,-0.1341671230153775,MAP_PMU,137,0.00012096993675048129
1,B_svc,2,0.27350795867056243,98,0.2736347799611498,MAP_PMU,137,0.00012682129058738667
2,UPFC_Vsh,5-15,1.1046068199723686,98,1.1057908793825022,MAP_PMU,137,0.0011840594101335533
3,UPFC_tsh,5-15,-0.22996549171629047,98,-0.22999450803875432,MAP_PMU,137,2.9016322463853994e-05
4,UPFC_Vse,5-15,0.060176244777595235,98,0.06040532681928308,MAP_PMU,137,0.00022908204168784613
5,UPFC_tse,5-15,-2.1319841081174093,98,-2.15455654822927,MAP_PMU,137,0.022572440111860548
0,x_tcsc,1-14,-0.13436343551347243,99,-0.1341671230153775,MAP_PMU,137,0.00019631249809493045
1,B_svc,2,0.27320184276014914,99,0.2736347799611498,MAP_PMU,137,0.00043293720100068267
2,UPFC_Vsh,5-15,1.1043003456533682,99,1.1057908793825022,MAP_PMU,137,0.0014905337291339915
3,UPFC_tsh,5-15,-0.23007666223038126,99,-0.22999450803875432,MAP_PMU,137,8.215419162693749e-05
4,UPFC_Vse,5-15,0.06020653412087152,99,0.06040532681928308,MAP_PMU,137,0.00019879269841156094
5,UPFC_tse,5-15,-2.1610454542365267,99,-2.15455654822927,MAP_PMU,137,0.006488906007256823
0,x_tcsc,1-14,-0.13405860001618633,0,-0.1338891558641217,MAP_PMU,139,0.00016944415206462948
1,B_svc,2,0.2729913328648159,0,0.27292537502293496,MAP_PMU,139,6.595784188095921e-05
2,UPFC_Vsh,5-15,1.1044285386835604,0,1.106739436282142,MAP_PMU,139,0.002310897598581718
3,UPFC_tsh,5-15,-0.23049676103149594,0,-0.23040778158594252,MAP_PMU,139,8.897944555341653e-05
4,UPFC_Vse,5-15,0.06020316937900331,0,0.05999213256364274,MAP_PMU,139,0.0002110368153605685
5,UPFC_tse,5-15,-2.157548016918346,0,-2.1468715306785127,MAP_PMU,139,0.010676486239833416
0,x_tcsc,1-14,-0.13414580527595754,1,-0.1338891558641217,MAP_PMU,139,0.0002566494118358409
1,B_svc,2,0.27285159898468553,1,0.27292537502293496,MAP_PMU,139,7.377603824942902e-05
2,UPFC_Vsh,5-15,1.1044732487498516,1,1.106739436282142,MAP_PMU,139,0.0022661875322904645
3,UPFC_tsh,5-15,-0.2303618095162621,1,-0.23040778158594252,MAP_PMU,139,4.5972069680433325e-05
4,UPFC_Vse,5-15,0.059198906368686854,1,0.05999213256364274,MAP_PMU,139,0.0007932261949558858
5,UPFC_tse,5-15,-2.148493826993212,1,-2.1468715306785127,MAP_PMU,139,0.0016222963146992342
0,x_tcsc,1-14,-0.13407660261782106,2,-0.1338891558641217,MAP_PMU,139,0.0001874467536993607
1,B_svc,2,0.27330054334890697,2,0.27292537502293496,MAP_PMU,139,0.00037516832597200844
2,UPFC_Vsh,5-15,1.1046615921910048,2,1.106739436282142,MAP_PMU,139,0.0020778440911373153
3,UPFC_tsh,5-15,-0.23042392660295993,2,-0.23040778158594252,MAP_PMU,139,1.6145017017410446e-05
4,UPFC_Vse,5-15,0.06012947500715064,2,0.05999213256364274,MAP_PMU,139,0.00013734244350790265
5,UPFC_tse,5-15,-2.1516649423023564,2,-2.1468715306785127,MAP_PMU,139,0.004793411623843724
0,x_tcsc,1-14,-0.13401558000198444,3,-0.1338891558641217,MAP_PMU,139,0.0001264241378627351
1,B_svc,2,0.27307780008317756,3,0.27292537502293496,MAP_PMU,139,0.00015242506024260027
2,UPFC_Vsh,5-15,1.104429236200267,3,1.106739436282142,MAP_PMU,139,0.0023102000818751023
3,UPFC_tsh,5-15,-0.23050479180477426,3,-0.23040778158594252,MAP_PMU,139,9.701021883173899e-05
4,UPFC_Vse,5-15,0.06040784921851192,3,0.05999213256364274,MAP_PMU,139,0.0004157166548691832
5,UPFC_tse,5-15,-2.1569101688510286,3,-2.1468715306785127,MAP_PMU,139,0.010038638172515935
0,x_tcsc,1-14,-0.134098525233628,4,-0.1338891558641217,MAP_PMU,139,0.00020936936950630147
1,B_svc,2,0.2727669429515643,4,0.27292537502293496,MAP_PMU,139,0.00015843207137067328
2,UPFC_Vsh,5-15,1.1042077851673284,4,1.106739436282142,MAP_PMU,139,0.002531651114813682
3,UPFC_tsh,5-15,-0.23047839072905216,4,-0.23040778158594252,MAP_PMU,139,7.060914310963451e-05
4,UPFC_Vse,5-15,0.06026836545683017,4,0.05999213256364274,MAP_PMU,139,0.00027623289318742805
5,UPFC_tse,5-15,-2.159840325475705,4,-2.1468715306785127,MAP_PMU,139,0.012968794797192373
0,x_tcsc,1-14,-0.13403301319528801,5,-0.1338891558641217,MAP_PMU,139,0.00014385733116631383
1,B_svc,2,0.27290794512087907,5,0.27292537502293496,MAP_PMU,139,1.742990205588768e-05
2,UPFC_Vsh,5-15,1.1042853898148994,5,1.106739436282142,MAP_PMU,139,0.0024540464672426765
3,UPFC_tsh,5-15,-0.23038773157848555,5,-0.23040778158594252,MAP_PMU,139,2.0050007456973162e-05
4,UPFC_Vse,5-15,0.0601196607717364,5,0.05999213256364274,MAP_PMU,139,0.0001275282080936621
5,UPFC_tse,5-15,-2.144053537660892,5,-2.1468715306785127,MAP_PMU,139,0.002817993017620868
0,x_tcsc,1-14,-0.1341030165846662,6,-0.1338891558641217,MAP_PMU,139,0.00021386072054449534
1,B_svc,2,0.273049147283462,6,0.27292537502293496,MAP_PMU,139,0.00012377226052706636
2,UPFC_Vsh,5-15,1.1043347640485757,6,1.106739436282142,MAP_PMU,139,0.0024046722335664406
3,UPFC_tsh,5-15,-0.23044992342142612,6,-0.23040778158594252,MAP_PMU,139,4.2141835483594514e-05
4,UPFC_Vse,5-15,0.05993573225787944,6,0.05999213256364274,MAP_PMU,139,5.6400305763301684e-05
5,UPFC_tse,5-15,-2.1474891933813924,6,-2.1468715306785127,MAP_PMU,139,0.0006176627028797732
0,x_tcsc,1-14,-0.13402404487428132,7,-0.1338891558641217,MAP_PMU,139,0.0001348890101596223
1,B_svc,2,0.2729985064624782,7,0.27292537502293496,MAP_PMU,139,7.31314395432392e-05
2,UPFC_Vsh,5-15,1.1045843652236444,7,1.106739436282142,MAP_PMU,139,0.0021550710584976596
3,UPFC_tsh,5-15,-0.2304061358681513,7,-0.23040778158594252,MAP_PMU,139,1.645717791209922e-06
4,UPFC_Vse,5-15,0.06002995889170456,7,0.05999213256364274,MAP_PMU,139,3.7826328061818515e-05
5,UPFC_tse,5-15,-2.1492369142761936,7,-2.1468715306785127,MAP_PMU,139,0.0023653835976809034
0,x_tcsc,1-14,-0.1340273997392684,8,-0.1338891558641217,MAP_PMU,139,0.00013824387514668746
1,B_svc,2,0.27293729683491774,8,0.27292537502293496,MAP_PMU,139,1.1921811982784636e-05
2,UPFC_Vsh,5-15,1.1047754408280528,8,1.106739436282142,MAP_PMU,139,0.001963995454089318
3,UPFC_tsh,5-15,-0.23036776739053855,8,-0.23040778158594252,MAP_PMU,139,4.001419540397566e-05
4,UPFC_Vse,5-15,0.05987588074266833,8,0.05999213256364274,MAP_PMU,139,0.00011625182097441122
5,UPFC_tse,5-15,-2.1453812646355797,8,-2.1468715306785127,MAP_PMU,139,0.0014902660429330084
0,x_tcsc,1-14,-0.1340314872971369,9,-0.1338891558641217,MAP_PMU,139,0.00014233143301520257
1,B_svc,2,0.2728153301687424,9,0.27292537502293496,MAP_PMU,139,0.00011004485419258137
2,UPFC_Vsh,5-15,1.1041507062077907,9,1.106739436282142,MAP_PMU,139,0.002588730074351453
3,UPFC_tsh,5-15,-0.23040186260670892,9,-0.23040778158594252,MAP_PMU,139,5.9189792336045155e-06
4,UPFC_Vse,5-15,0.06013378124212782,9,0.05999213256364274,MAP_PMU,139,0.00014164867848508178
5,UPFC_tse,5-15,-2.1463931810192127,9,-2.1468715306785127,MAP_PMU,139,0.000478349659299937
0,x_tcsc,1-14,-0.1341612565511372,10,-0.1338891558641217,MAP_PMU,139,0.0002721006870154974
1,B_svc,2,0.2733407661831023,10,0.27292537502293496,MAP_PMU,139,0.00041539116016736655
2,UPFC_Vsh,5-15,1.1046328370137444,10,1.106739436282142,MAP_PMU,139,0.0021065992683977353
3,UPFC_tsh,5-15,-0.23047695995709086,10,-0.23040778158594252,MAP_PMU,139,6.917837114833736e-05
4,UPFC_Vse,5-15,0.060177690673620984,10,0.05999213256364274,MAP_PMU,139,0.00018555810997824412
5,UPFC_tse,5-15,-2.152625556736976,10,-2.1468715306785127,MAP_PMU,139,0.005754026058463424
0,x_tcsc,1-14,-0.13411715576460542,11,-0.1338891558641217,MAP_PMU,139,0.00022799990048372187
1,B_svc,2,0.2727385085242302,11,0.27292537502293496,MAP_PMU,139,0.00018686649870475192
2,UPFC_Vsh,5-15,1.1045300607592345,11,1.106739436282142,MAP_PMU,139,0.002209375522907564
3,UPFC_tsh,5-15,-0.2304012242350134,11,-0.23040778158594252,MAP_PMU,139,6.557350929109473e-06
4,UPFC_Vse,5-15,0.06000780683339841,11,0.05999213256364274,MAP_PMU,139,1.5674269755669434e-05
5,UPFC_tse,5-15,-2.1474561372205607,11,-2.1468715306785127,MAP_PMU,139,0.0005846065420480606
0,x_tcsc,1-14,-0.13410547397617065,12,-0.1338891558641217,MAP_PMU,139,0.00021631811204894658
1,B_svc,2,0.27358435716814095,12,0.27292537502293496,MAP_PMU,139,0.0006589821452059885
2,UPFC_Vsh,5-15,1.1040359592343991,12,1.106739436282142,MAP_PMU,139,0.002703477047742986
3,UPFC_tsh,5-15,-0.23045744896644632,12,-0.23040778158594252,MAP_PMU,139,4.9667380503798375e-05
4,UPFC_Vse,5-15,0.05960720932138953,12,0.05999213256364274,MAP_PMU,139,0.00038492324225321284
5,UPFC_tse,5-15,-2.1600290315961286,12,-2.1468715306785127,MAP_PMU,139,0.013157500917615916
0,x_tcsc,1-14,-0.1340163941957861,13,-0.1338891558641217,MAP_PMU,139,0.00012723833166439213
1,B_svc,2,0.2733371863919205,13,0.27292537502293496,MAP_PMU,139,0.0004118113689855485
2,UPFC_Vsh,5-15,1.1046881885845041,13,1.106739436282142,MAP_PMU,139,0.002051247697637981
3,UPFC_tsh,5-15,-0.23041769091270575,13,-0.23040778158594252,MAP_PMU,139,9.909326763229975e-06
4,UPFC_Vse,5-15,0.05970235857568956,13,0.05999213256364274,MAP_PMU,139,0.0002897739879531777
5,UPFC_tse,5-15,-2.1575208673344943,13,-2.1468715306785127,MAP_PMU,139,0.010649336655981667
0,x_tcsc,1-14,-0.13405249006941575,14,-0.1338891558641217,MAP_PMU,139,0.00016333420529404674
1,B_svc,2,0.27300147077880005,14,0.27292537502293496,MAP_PMU,139,7.609575586509099e-05
2,UPFC_Vsh,5-15,1.1041581160299856,14,1.106739436282142,MAP_PMU,139,0.002581320252156516
3,UPFC_tsh,5-15,-0.2304121850675813,14,-0.23040778158594252,MAP_PMU,139,4.403481638770579e-06
4,UPFC_Vse,5-15,0.06003837666575749,14,0.05999213256364274,MAP_PMU,139,4.6244102114748054e-05
5,UPFC_tse,5-15,-2.154162946835489,14,-2.1468715306785127,MAP_PMU,139,0.007291416156976371
0,x_tcsc,1-14,-0.13412705856513105,15,-0.1338891558641217,MAP_PMU,139,0.00023790270100934596
1,B_svc,2,0.27298900883979316,15,0.27292537502293496,MAP_PMU,139,6.363381685819958e-05
2,UPFC_Vsh,5-15,1.1042324034953361,15,1.106739436282142,MAP_PMU,139,0.002507032786805974
3,UPFC_tsh,5-15,-0.23044557372974805,15,-0.23040778158594252,MAP_PMU,139,3.779214380553175e-05
4,UPFC_Vse,5-15,0.060126133993192894,15,0.05999213256364274,MAP_PMU,139,0.00013400142955015404
5,UPFC_tse,5-15,-2.149946639595805,15,-2.1468715306785127,MAP_PMU,139,0.0030751089172924573
0,x_tcsc,1-14,-0.13399430030109072,16,-0.1338891558641217,MAP_PMU,139,0.00010514443696901798
1,B_svc,2,0.2732585770143955,16,0.27292537502293496,MAP_PMU,139,0.00033320199146053
2,UPFC_Vsh,5-15,1.1041895340142438,16,1.106739436282142,MAP_PMU,139,0.0025499022678983074
3,UPFC_tsh,5-15,-0.23044268201276674,16,-0.23040778158594252,MAP_PMU,139,3.490042682421923e-05
4,UPFC_Vse,5-15,0.05979850173253014,16,0.05999213256364274,MAP_PMU,139,0.00019363083111260254
5,UPFC_tse,5-15,-2.144814872405669,16,-2.1468715306785127,MAP_PMU,139,0.0020566582728438476
0,x_tcsc,1-14,-0.134149190364359,17,-0.1338891558641217,MAP_PMU,139,0.00026003450023728836
1,B_svc,2,0.2736172363832126,17,0.27292537502293496,MAP_PMU,139,0.0006918613602776569
2,UPFC_Vsh,5-15,1.1042163510952878,17,1.106739436282142,MAP_PMU,139,0.0025230851868542903
3,UPFC_tsh,5-15,-0.2303969947193744,17,-0.23040778158594252,MAP_PMU,139,1.0786866568135434e-05
4,UPFC_Vse,5-15,0.059945395785495695,17,0.05999213256364274,MAP_PMU,139,4.673677814704541e-05
5,UPFC_tse,5-15,-2.145415493020348,17,-2.1468715306785127,MAP_PMU,139,0.0014560376581647105
0,x_tcsc,1-14,-0.13407365146135772,18,-0.1338891558641217,MAP_PMU,139,0.00018449559723601738
1,B_svc,2,0.27327299801385,18,0.27292537502293496,MAP_PMU,139,0.0003476229909150641
2,UPFC_Vsh,5-15,1.1045394156097488,18,1.106739436282142,MAP_PMU,139,0.0022000206723933324
3,UPFC_tsh,5-15,-0.23038453230937816,18,-0.23040778158594252,MAP_PMU,139,2.3249276564357713e-05
4,UPFC_Vse,5-15,0.06043951591550425,18,0.05999213256364274,MAP_PMU,139,0.0004473833518615078
5,UPFC_tse,5-15,-2.1499078275772323,18,-2.1468715306785127,MAP_PMU,139,0.003036296898719648
0,x_tcsc,1-14,-0.13409600590270507,19,-0.1338891558641217,MAP_PMU,139,0.00020685003858336715
1,B_svc,2,0.27291319514958273,19,0.27292537502293496,MAP_PMU,139,1.2179873352224924e-05
2,UPFC_Vsh,5-15,1.1047107185036251,19,1.106739436282142,MAP_PMU,139,0.0020287177785169863
3,UPFC_tsh,5-15,-0.23042258361382625,19,-0.23040778158594252,MAP_PMU,139,1.4802027883731306e-05
4,UPFC_Vse,5-15,0.06000125928771706,19,0.05999213256364274,MAP_PMU,139,9.126724074319525e-06
5,UPFC_tse,5-15,-2.1456320392575745,19,-2.1468715306785127,MAP_PMU,139,0.0012394914209381547
0,x_tcsc,1-14,-0.13408798607783357,20,-0.1338891558641217,MAP_PMU,139,0.0001988302137118647
1,B_svc,2,0.2736204010102528,20,0.27292537502293496,MAP_PMU,139,0.0006950259873178544
2,UPFC_Vsh,5-15,1.1042752670271074,20,1.106739436282142,MAP_PMU,139,0.002464169255034676
3,UPFC_tsh,5-15,-0.23053247773202845,20,-0.23040778158594252,MAP_PMU,139,0.0001246961460859286
4,UPFC_Vse,5-15,0.060461095628225735,20,0.05999213256364274,MAP_PMU,139,0.0004689630645829945
5,UPFC_tse,5-15,-2.151098194912891,20,-2.1468715306785127,MAP_PMU,139,0.00422666423437823
0,x_tcsc,1-14,-0.13403653753259953,21,-0.1338891558641217,MAP_PMU,139,0.00014738166847783063
1,B_svc,2,0.2730991540470018,21,0.27292537502293496,MAP_PMU,139,0.00017377902406684465
2,UPFC_Vsh,5-15,1.104513586611287,21,1.106739436282142,MAP_PMU,139,0.002225849670855151
3,UPFC_tsh,5-15,-0.23037410333876818,21,-0.23040778158594252,MAP_PMU,139,3.3678247174345755e-05
4,UPFC_Vse,5-15,0.06019800094445112,21,0.05999213256364274,MAP_PMU,139,0.00020586838080838277
5,UPFC_tse,5-15,-2.1407771085287277,21,-2.1468715306785127,MAP_PMU,139,0.0060944221497849504
0,x_tcsc,1-14,-0.1340667740325576,22,-0.1338891558641217,MAP_PMU,139,0.00017761816843589462
1,B_svc,2,0.2734804283710215,22,0.27292537502293496,MAP_PMU,139,0.0005550533480865316
2,UPFC_Vsh,5-15,1.1042207115880236,22,1.106739436282142,MAP_PMU,139,0.0025187246941185126
3,UPFC_tsh,5-15,-0.23044197281001758,22,-0.23040778158594252,MAP_PMU,139,3.419122407505304e-05
4,UPFC_Vse,5-15,0.05975425390194968,22,0.05999213256364274,MAP_PMU,139,0.00023787866169305838
5,UPFC_tse,5-15,-2.1518689647146396,22,-2.1468715306785127,MAP_PMU,139,0.004997434036126958
0,x_tcsc,1-14,-0.13407729198349586,23,-0.1338891558641217,MAP_PMU,139,0.00018813611937415486
1,B_svc,2,0.2731243011085242,23,0.27292537502293496,MAP_PMU,139,0.00019892608558924607
2,UPFC_Vsh,5-15,1.1042338976077364,23,1.106739436282142,MAP_PMU,139,0.0025055386744057273
3,UPFC_tsh,5-15,-0.23049714385029654,23,-0.23040778158594252,MAP_PMU,139,8.936226435402039e-05
4,UPFC_Vse,5-15,0.060039893307961986,23,0.05999213256364274,MAP_PMU,139,4.7760744319245985e-05
5,UPFC_tse,5-15,-2.1467644008907794,23,-2.1468715306785127,MAP_PMU,139,0.00010712978773330661
0,x_tcsc,1-14,-0.1340799092771867,24,-0.1338891558641217,MAP_PMU,139,0.00019075341306498683
1,B_svc,2,0.27325644443229036,24,0.27292537502293496,MAP_PMU,139,0.0003310694093554001
2,UPFC_Vsh,5-15,1.1041973934434004,24,1.106739436282142,MAP_PMU,139,0.0025420428387417093
3,UPFC_tsh,5-15,-0.23046515921453817,24,-0.23040778158594252,MAP_PMU,139,5.73776285956451e-05
4,UPFC_Vse,5-15,0.06027377250246478,24,0.05999213256364274,MAP_PMU,139,0.00028163993882204114
5,UPFC_tse,5-15,-2.1390085807944774,24,-2.1468715306785127,MAP_PMU,139,0.007862949884035242
0,x_tcsc,1-14,-0.13405165448829923,25,-0.1338891558641217,MAP_PMU,139,0.00016249862417752614
1,B_svc,2,0.2725272939191774,25,0.27292537502293496,MAP_PMU,139,0.0003980811037575527
2,UPFC_Vsh,5-15,1.1043407197899053,25,1.106739436282142,MAP_PMU,139,0.0023987164922367743
3,UPFC_tsh,5-15,-0.2304895752935846,25,-0.23040778158594252,MAP_PMU,139,8.179370764208049e-05
4,UPFC_Vse,5-15,0.05989917236629861,25,0.05999213256364274,MAP_PMU,139,9.296019734413019e-05
5,UPFC_tse,5-15,-2.146201676714382,25,-2.1468715306785127,MAP_PMU,139,0.0006698539641307732
0,x_tcsc,1-14,-0.1340931455496237,26,-0.1338891558641217,MAP_PMU,139,0.00020398968550200403
1,B_svc,2,0.272858089830792,26,0.27292537502293496,MAP_PMU,139,6.728519214294071e-05
2,UPFC_Vsh,5-15,1.104749885343169,26,1.106739436282142,MAP_PMU,139,0.001989550938973128
3,UPFC_tsh,5-15,-0.23039794748055903,26,-0.23040778158594252,MAP_PMU,139,9.83410538349383e-06
4,UPFC_Vse,5-15,0.06005335804627883,26,0.05999213256364274,MAP_PMU,139,6.12254826360889e-05
5,UPFC_tse,5-15,-2.1528426548677078,26,-2.1468715306785127,MAP_PMU,139,0.005971124189195098
0,x_tcsc,1-14,-0.1340375634569011,27,-0.1338891558641217,MAP_PMU,139,0.0001484075927793982
1,B_svc,2,0.27313538774650603,27,0.27292537502293496,MAP_PMU,139,0.0002100127235710736
2,UPFC_Vsh,5-15,1.104626924716798,27,1.106739436282142,MAP_PMU,139,0.0021125115653441995
3,UPFC_tsh,5-15,-0.23046725296935838,27,-0.23040778158594252,MAP_PMU,139,5.947138341586e-05
4,UPFC_Vse,5-15,0.05986814124129335,27,0.05999213256364274,MAP_PMU,139,0.00012399132234938715
5,UPFC_tse,5-15,-2.1449383132499316,27,-2.1468715306785127,MAP_PMU,139,0.0019332174285811021
0,x_tcsc,1-14,-0.13404774671394049,28,-0.1338891558641217,MAP_PMU,139,0.0001585908498187849
1,B_svc,2,0.27313190312285185,28,0.27292537502293496,MAP_PMU,139,0.0002065280999168917
2,UPFC_Vsh,5-15,1.1045468348752627,28,1.106739436282142,MAP_PMU,139,0.0021926014068793798
3,UPFC_tsh,5-15,-0.23039394112779193,28,-0.23040778158594252,MAP_PMU,139,1.3840458150587986e-05
4,UPFC_Vse,5-15,0.060313594621528986,28,0.05999213256364274,MAP_PMU,139,0.00032146205788624593
5,UPFC_tse,5-15,-2.1487610152699324,28,-2.1468715306785127,MAP_PMU,139,0.0018894845914196878
0,x_tcsc,1-14,-0.13405259871040928,29,-0.1338891558641217,MAP_PMU,139,0.00016344284628758143
1,B_svc,2,0.2731646886730804,29,0.27292537502293496,MAP_PMU,139,0.00023931365014545625
2,UPFC_Vsh,5-15,1.1043749248538275,29,1.106739436282142,MAP_PMU,139,0.0023645114283146196
3,UPFC_tsh,5-15,-0.23045216831265394,29,-0.23040778158594252,MAP_PMU,139,4.438672671142063e-05
4,UPFC_Vse,5-15,0.06011202341297983,29,0.05999213256364274,MAP_PMU,139,0.00011989084933709121
5,UPFC_tse,5-15,-2.1542271670243727,29,-2.1468715306785127,MAP_PMU,139,0.007355636345860006
0,x_tcsc,1-14,-0.134086359771883,30,-0.1338891558641217,MAP_PMU,139,0.0001972039077612897
1,B_svc,2,0.27342211779713094,30,0.27292537502293496,MAP_PMU,139,0.0004967427741959796
2,UPFC_Vsh,5-15,1.1044758268866597,30,1.106739436282142,MAP_PMU,139,0.0022636093954824243
3,UPFC_tsh,5-15,-0.23048971244739774,30,-0.23040778158594252,MAP_PMU,139,8.193086145522055e-05
4,UPFC_Vse,5-15,0.059965797317468886,30,0.05999213256364274,MAP_PMU,139,2.6335246173854465e-05
5,UPFC_tse,5-15,-2.147619369979776,30,-2.1468715306785127,MAP_PMU,139,0.000747839301263209
0,x_tcsc,1-14,-0.1340954271901692,31,-0.1338891558641217,MAP_PMU,139,0.00020627132604750242
1,B_svc,2,0.27290741993505957,31,0.27292537502293496,MAP_PMU,139,1.7955087875387576e-05
2,UPFC_Vsh,5-15,1.1044774867849836,31,1.106739436282142,MAP_PMU,139,0.002261949497158522
3,UPFC_tsh,5-15,-0.230399494361914,31,-0.23040778158594252,MAP_PMU,139,8.287224028513673e-06
4,UPFC_Vse,5-15,0.06023722674710779,31,0.05999213256364274,MAP_PMU,139,0.00024509418346504996
5,UPFC_tse,5-15,-2.1405106556865685,31,-2.1468715306785127,MAP_PMU,139,0.006360874991944154
0,x_tcsc,1-14,-0.134027052532796,32,-0.1338891558641217,MAP_PMU,139,0.00013789666867430883
1,B_svc,2,0.2731036337510129,32,0.27292537502293496,MAP_PMU,139,0.00017825872807791798
2,UPFC_Vsh,5-15,1.1043129936874672,32,1.106739436282142,MAP_PMU,139,0.002426442594674949
3,UPFC_tsh,5-15,-0.2304609136069403,32,-0.23040778158594252,MAP_PMU,139,5.313202099777037e-05
4,UPFC_Vse,5-15,0.06025117125846411,32,0.05999213256364274,MAP_PMU,139,0.0002590386948213702
5,UPFC_tse,5-15,-2.1559731397927058,32,-2.1468715306785127,MAP_PMU,139,0.00910160911419311
0,x_tcsc,1-14,-0.13410068338841497,33,-0.1338891558641217,MAP_PMU,139,0.0002115275242932646
1,B_svc,2,0.2731169526573282,33,0.27292537502293496,MAP_PMU,139,0.00019157763439325848
2,UPFC_Vsh,5-15,1.1040711101692118,33,1.106739436282142,MAP_PMU,139,0.0026683261129303304
3,UPFC_tsh,5-15,-0.23040870638101496,33,-0.23040778158594252,MAP_PMU,139,9.247950724378118e-07
4,UPFC_Vse,5-15,0.05991862542695313,33,0.05999213256364274,MAP_PMU,139,7.350713668961145e-05
5,UPFC_tse,5-15,-2.1612586649405636,33,-2.1468715306785127,MAP_PMU,139,0.01438713426205096
0,x_tcsc,1-14,-0.13408238211313905,34,-0.1338891558641217,MAP_PMU,139,0.00019322624901735308
1,B_svc,2,0.27362876339011877,34,0.27292537502293496,MAP_PMU,139,0.0007033883671838104
2,UPFC_Vsh,5-15,1.1042432832932867,34,1.106739436282142,MAP_PMU,139,0.0024961529888554157
3,UPFC_tsh,5-15,-0.23051640234442297,34,-0.23040778158594252,MAP_PMU,139,0.00010862075848044883
4,UPFC_Vse,5-15,0.060171548671112546,34,0.05999213256364274,MAP_PMU,139,0.00017941610746980557
5,UPFC_tse,5-15,-2.1594383946779656,34,-2.1468715306785127,MAP_PMU,139,0.012566863999452949
0,x_tcsc,1-14,-0.13401723539408103,35,-0.1338891558641217,MAP_PMU,139,0.00012807952995932959
1,B_svc,2,0.27308546745315304,35,0.27292537502293496,MAP_PMU,139,0.00016009243021808395
2,UPFC_Vsh,5-15,1.104182751004863,35,1.106739436282142,MAP_PMU,139,0.002556685277279147
3,UPFC_tsh,5-15,-0.23048550668667034,35,-0.23040778158594252,MAP_PMU,139,7.772510072781569e-05
4,UPFC_Vse,5-15,0.05993558734713346,35,0.05999213256364274,MAP_PMU,139,5.654521650928085e-05
5,UPFC_tse,5-15,-2.162276213234723,35,-2.1468715306785127,MAP_PMU,139,0.015404682556210414
0,x_tcsc,1-14,-0.1341448363174496,36,-0.1338891558641217,MAP_PMU,139,0.0002556804533279111
1,B_svc,2,0.27320345322960404,36,0.27292537502293496,MAP_PMU,139,0.00027807820666908567
2,UPFC_Vsh,5-15,1.104214176996277,36,1.106739436282142,MAP_PMU,139,0.0025252592858651113
3,UPFC_tsh,5-15,-0.2304905399139372,36,-0.23040778158594252,MAP_PMU,139,8.275832799467531e-05
4,UPFC_Vse,5-15,0.05972144349016243,36,0.05999213256364274,MAP_PMU,139,0.0002706890734803097
5,UPFC_tse,5-15,-2.1575806582859887,36,-2.1468715306785127,MAP_PMU,139,0.010709127607475999
0,x_tcsc,1-14,-0.13405367554521244,37,-0.1338891558641217,MAP_PMU,139,0.00016451968109074122
1,B_svc,2,0.27288210305602373,37,0.27292537502293496,MAP_PMU,139,4.327196691122914e-05
2,UPFC_Vsh,5-15,1.1041524530575326,37,1.106739436282142,MAP_PMU,139,0.002586983224609485
3,UPFC_tsh,5-15,-0.23046488909508667,37,-0.23040778158594252,MAP_PMU,139,5.71075091441442e-05
4,UPFC_Vse,5-15,0.06029935942222976,37,0.05999213256364274,MAP_PMU,139,0.00030722685858702165
5,UPFC_tse,5-15,-2.1688627959432227,37,-2.1468715306785127,MAP_PMU,139,0.02199126526471007
0,x_tcsc,1-14,-0.13405729687709209,38,-0.1338891558641217,MAP_PMU,139,0.0001681410129703853
1,B_svc,2,0.2729665181326348,38,0.27292537502293496,MAP_PMU,139,4.114310969982604e-05
2,UPFC_Vsh,5-15,1.1047079665140316,38,1.106739436282142,MAP_PMU,139,0.0020314697681105276
3,UPFC_tsh,5-15,-0.2303780038577924,38,-0.23040778158594252,MAP_PMU,139,2.9777728150132132e-05
4,UPFC_Vse,5-15,0.05999121555896646,38,0.05999213256364274,MAP_PMU,139,9.170046762832507e-07
5,UPFC_tse,5-15,-2.140467542595109,38,-2.1468715306785127,MAP_PMU,139,0.0064039880834037
0,x_tcsc,1-14,-0.13410023834532464,39,-0.1338891558641217,MAP_PMU,139,0.00021108248120293993
1,B_svc,2,0.2726495049149766,39,0.27292537502293496,MAP_PMU,139,0.00027587010795837585
2,UPFC_Vsh,5-15,1.1045492420181833,39,1.106739436282142,MAP_PMU,139,0.0021901942639588334
3,UPFC_tsh,5-15,-0.23042191741873866,39,-0.23040778158594252,MAP_PMU,139,1.413583279613606e-05
4,UPFC_Vse,5-15,0.0600161113745379,39,0.05999213256364274,MAP_PMU,139,2.3978810895157465e-05
5,UPFC_tse,5-15,-2.154716104450181,39,-2.1468715306785127,MAP_PMU,139,0.007844573771668362
0,x_tcsc,1-14,-0.13404883159890812,40,-0.1338891558641217,MAP_PMU,139,0.00015967573478642416
1,B_svc,2,0.2729776444967035,40,0.27292537502293496,MAP_PMU,139,5.226947376851809e-05
2,UPFC_Vsh,5-15,1.1039031369781238,40,1.106739436282142,MAP_PMU,139,0.002836299304018297
3,UPFC_tsh,5-15,-0.23048650374627602,40,-0.23040778158594252,MAP_PMU,139,7.872216033349977e-05
4,UPFC_Vse,5-15,0.060318831573380895,40,0.05999213256364274,MAP_PMU,139,0.00032669900973815447
5,UPFC_tse,5-15,-2.1583844404456363,40,-2.1468715306785127,MAP_PMU,139,0.011512909767123602
0,x_tcsc,1-14,-0.13404090541768637,41,-0.1338891558641217,MAP_PMU,139,0.0001517495535646729
1,B_svc,2,0.27311536575139145,41,0.27292537502293496,MAP_PMU,139,0.00018999072845649057
2,UPFC_Vsh,5-15,1.1045219207065884,41,1.106739436282142,MAP_PMU,139,0.002217515575553719
3,UPFC_tsh,5-15,-0.2304530446727576,41,-0.23040778158594252,MAP_PMU,139,4.526308681507274e-05
4,UPFC_Vse,5-15,0.05987324075311884,41,0.05999213256364274,MAP_PMU,139,0.00011889181052390091
5,UPFC_tse,5-15,-2.151323059676599,41,-2.1468715306785127,MAP_PMU,139,0.004451528998086207
0,x_tcsc,1-14,-0.13412246051597296,42,-0.1338891558641217,MAP_PMU,139,0.00023330465185125715
1,B_svc,2,0.27311263071735364,42,0.27292537502293496,MAP_PMU,139,0.0001872556944186865
2,UPFC_Vsh,5-15,1.104411240166703,42,1.106739436282142,MAP_PMU,139,0.0023281961154391073
3,UPFC_tsh,5-15,-0.23045371882684304,42,-0.23040778158594252,MAP_PMU,139,4.593724090051765e-05
4,UPFC_Vse,5-15,0.06017357557247267,42,0.05999213256364274,MAP_PMU,139,0.0001814430088299332
5,UPFC_tse,5-15,-2.151226064524072,42,-2.1468715306785127,MAP_PMU,139,0.004354533845559505
0,x_tcsc,1-14,-0.13405911127013256,43,-0.1338891558641217,MAP_PMU,139,0.00016995540601086323
1,B_svc,2,0.2732896998730381,43,0.27292537502293496,MAP_PMU,139,0.000364324850103126
2,UPFC_Vsh,5-15,1.1045437491874892,43,1.106739436282142,MAP_PMU,139,0.0021956870946528984
3,UPFC_tsh,5-15,-0.23041594707779792,43,-0.23040778158594252,MAP_PMU,139,8.165491855394169e-06
4,UPFC_Vse,5-15,0.05966348028481763,43,0.05999213256364274,MAP_PMU,139,0.00032865227882510756
5,UPFC_tse,5-15,-2.150224770727081,43,-2.1468715306785127,MAP_PMU,139,0.0033532400485682956
0,x_tcsc,1-14,-0.13411240934438057,44,-0.1338891558641217,MAP_PMU,139,0.00022325348025886704
1,B_svc,2,0.27294427777577057,44,0.27292537502293496,MAP_PMU,139,1.890275283561449e-05
2,UPFC_Vsh,5-15,1.1042262373635652,44,1.106739436282142,MAP_PMU,139,0.002513198918576931
3,UPFC_tsh,5-15,-0.23043436407411205,44,-0.23040778158594252,MAP_PMU,139,2.6582488169529794e-05
4,UPFC_Vse,5-15,0.06010307336142438,44,0.05999213256364274,MAP_PMU,139,0.00011094079778164317
5,UPFC_tse,5-15,-2.149787538815068,44,-2.1468715306785127,MAP_PMU,139,0.002916008136555348
0,x_tcsc,1-14,-0.13416609658495843,45,-0.1338891558641217,MAP_PMU,139,0.00027694072083672694
1,B_svc,2,0.2731879424925944,45,0.27292537502293496,MAP_PMU,139,0.0002625674696594693
2,UPFC_Vsh,5-15,1.1040984381685781,45,1.106739436282142,MAP_PMU,139,0.002640998113563997
3,UPFC_tsh,5-15,-0.23046352311859208,45,-0.23040778158594252,MAP_PMU,139,5.574153264956139e-05
4,UPFC_Vse,5-15,0.06015559711536927,45,0.05999213256364274,MAP_PMU,139,0.00016346455172652763
5,UPFC_tse,5-15,-2.1627530099345753,45,-2.1468715306785127,MAP_PMU,139,0.015881479256062647
0,x_tcsc,1-14,-0.13408630470457963,46,-0.1338891558641217,MAP_PMU,139,0.00019714884045793357
1,B_svc,2,0.2729303259234911,46,0.27292537502293496,MAP_PMU,139,4.950900556133231e-06
2,UPFC_Vsh,5-15,1.1046157625188333,46,1.106739436282142,MAP_PMU,139,0.0021236737633087976
3,UPFC_tsh,5-15,-0.2304659749196601,46,-0.23040778158594252,MAP_PMU,139,5.819333371756552e-05
4,UPFC_Vse,5-15,0.06034026268327297,46,0.05999213256364274,MAP_PMU,139,0.0003481301196302314
5,UPFC_tse,5-15,-2.145245476407147,46,-2.1468715306785127,MAP_PMU,139,0.001626054271365529
0,x_tcsc,1-14,-0.1340775600532544,47,-0.1338891558641217,MAP_PMU,139,0.00018840418913271262
1,B_svc,2,0.27320302489659737,47,0.27292537502293496,MAP_PMU,139,0.0002776498736624111
2,UPFC_Vsh,5-15,1.104290647127007,47,1.106739436282142,MAP_PMU,139,0.0024487891551350227
3,UPFC_tsh,5-15,-0.23048765935958201,47,-0.23040778158594252,MAP_PMU,139,7.987777363949178e-05
4,UPFC_Vse,5-15,0.059644326888522635,47,0.05999213256364274,MAP_PMU,139,0.0003478056751201053
5,UPFC_tse,5-15,-2.1587387595139296,47,-2.1468715306785127,MAP_PMU,139,0.01186722883541691
0,x_tcsc,1-14,-0.13407191109468494,48,-0.1338891558641217,MAP_PMU,139,0.00018275523056324183
1,B_svc,2,0.27327640797916475,48,0.27292537502293496,MAP_PMU,139,0.0003510329562297909
2,UPFC_Vsh,5-15,1.1044304505560614,48,1.106739436282142,MAP_PMU,139,0.0023089857260807367
3,UPFC_tsh,5-15,-0.2304157023926231,48,-0.23040778158594252,MAP_PMU,139,7.92080668057804e-06
4,UPFC_Vse,5-15,0.06032161380325479,48,0.05999213256364274,MAP_PMU,139,0.00032948123961205195
5,UPFC_tse,5-15,-2.1484115229496354,48,-2.1468715306785127,MAP_PMU,139,0.001539992271122781
0,x_tcsc,1-14,-0.13400230373069466,49,-0.1338891558641217,MAP_PMU,139,0.00011314786657296017
1,B_svc,2,0.27273015197224143,49,0.27292537502293496,MAP_PMU,139,0.00019522305069352708
2,UPFC_Vsh,5-15,1.1043497203869344,49,1.106739436282142,MAP_PMU,139,0.0023897158952077557
3,UPFC_tsh,5-15,-0.23043083949552284,49,-0.23040778158594252,MAP_PMU,139,2.3057909580320723e-05
4,UPFC_Vse,5-15,0.060055682652091956,49,0.05999213256364274,MAP_PMU,139,6.355008844921572e-05
5,UPFC_tse,5-15,-2.1390208144103733,49,-2.1468715306785127,MAP_PMU,139,0.00785071626813938
0,x_tcsc,1-14,-0.13403975198469967,50,-0.1338891558641217,MAP_PMU,139,0.00015059612057796712
1,B_svc,2,0.27324605135506574,50,0.27292537502293496,MAP_PMU,139,0.00032067633213078706
2,UPFC_Vsh,5-15,1.1043055606623169,50,1.106739436282142,MAP_PMU,139,0.002433875619825221
3,UPFC_tsh,5-15,-0.2304956255309609,50,-0.23040778158594252,MAP_PMU,139,8.784394501837323e-05
4,UPFC_Vse,5-15,0.06036547449910611,50,0.05999213256364274,MAP_PMU,139,0.0003733419354633727
5,UPFC_tse,5-15,-2.1597562328012305,50,-2.1468715306785127,MAP_PMU,139,0.012884702122717862
0,x_tcsc,1-14,-0.13406518695709646,51,-0.1338891558641217,MAP_PMU,139,0.00017603109297475994
1,B_svc,2,0.273148710808298,51,0.27292537502293496,MAP_PMU,139,0.00022333578536304355
2,UPFC_Vsh,5-15,1.104139242848014,51,1.106739436282142,MAP_PMU,139,0.0026001934341282062
3,UPFC_tsh,5-15,-0.23038179231263972,51,-0.23040778158594252,MAP_PMU,139,2.5989273302801097e-05
4,UPFC_Vse,5-15,0.060142374898505935,51,0.05999213256364274,MAP_PMU,139,0.00015024233486319455
5,UPFC_tse,5-15,-2.143961424953874,51,-2.1468715306785127,MAP_PMU,139,0.0029101057246387896
0,x_tcsc,1-14,-0.13405894445431657,52,-0.1338891558641217,MAP_PMU,139,0.00016978859019486925
1,B_svc,2,0.27363280441992277,52,0.27292537502293496,MAP_PMU,139,0.0007074293969878132
2,UPFC_Vsh,5-15,1.1043919774445985,52,1.106739436282142,MAP_PMU,139,0.0023474588375436145
3,UPFC_tsh,5-15,-0.2304455898507824,52,-0.23040778158594252,MAP_PMU,139,3.780826483987254e-05
4,UPFC_Vse,5-15,0.06005592395191069,52,0.05999213256364274,MAP_PMU,139,6.379138826795305e-05
5,UPFC_tse,5-15,-2.156499439189452,52,-2.1468715306785127,MAP_PMU,139,0.00962790851093942
0,x_tcsc,1-14,-0.13398944511098113,53,-0.1338891558641217,MAP_PMU,139,0.0001002892468594252
1,B_svc,2,0.27312915278742417,53,0.27292537502293496,MAP_PMU,139,0.00020377776448921026
2,UPFC_Vsh,5-15,1.104208350230702,53,1.106739436282142,MAP_PMU,139,0.0025310860514400346
3,UPFC_tsh,5-15,-0.23048119303618086,53,-0.23040778158594252,MAP_PMU,139,7.341145023834206e-05
4,UPFC_Vse,5-15,0.060239618502223986,53,0.05999213256364274,MAP_PMU,139,0.0002474859385812461
5,UPFC_tse,5-15,-2.1579188011702404,53,-2.1468715306785127,MAP_PMU,139,0.011047270491727712
0,x_tcsc,1-14,-0.13405064315851895,54,-0.1338891558641217,MAP_PMU,139,0.00016148729439724452
1,B_svc,2,0.27332829549805177,54,0.27292537502293496,MAP_PMU,139,0.00040292047511680806
2,UPFC_Vsh,5-15,1.1044383248880214,54,1.106739436282142,MAP_PMU,139,0.002301111394120703
3,UPFC_tsh,5-15,-0.23051646819955793,54,-0.23040778158594252,MAP_PMU,139,0.00010868661361540521
4,UPFC_Vse,5-15,0.06040075673541079,54,0.05999213256364274,MAP_PMU,139,0.0004086241717680475
5,UPFC_tse,5-15,-2.1586322578018144,54,-2.1468715306785127,MAP_PMU,139,0.011760727123301784
0,x_tcsc,1-14,-0.13406640159436709,55,-0.1338891558641217,MAP_PMU,139,0.00017724573024538448
1,B_svc,2,0.2731878736632646,55,0.27292537502293496,MAP_PMU,139,0.00026249864032962256
2,UPFC_Vsh,5-15,1.1043296147232795,55,1.106739436282142,MAP_PMU,139,0.0024098215588626015
3,UPFC_tsh,5-15,-0.23042963398394556,55,-0.23040778158594252,MAP_PMU,139,2.1852398003036066e-05
4,UPFC_Vse,5-15,0.06011021089324871,55,0.05999213256364274,MAP_PMU,139,0.00011807832960596815
5,UPFC_tse,5-15,-2.152504758739946,55,-2.1468715306785127,MAP_PMU,139,0.005633228061433293
0,x_tcsc,1-14,-0.13405938504012638,56,-0.1338891558641217,MAP_PMU,139,0.00017022917600467702
1,B_svc,2,0.27306526275424176,56,0.27292537502293496,MAP_PMU,139,0.0001398877313067981
2,UPFC_Vsh,5-15,1.1042461161798136,56,1.106739436282142,MAP_PMU,139,0.0024933201023285
3,UPFC_tsh,5-15,-0.230441343233704,56,-0.23040778158594252,MAP_PMU,139,3.356164776147086e-05
4,UPFC_Vse,5-15,0.06000727950651369,56,0.05999213256364274,MAP_PMU,139,1.5146942870948588e-05
5,UPFC_tse,5-15,-2.1585419979943077,56,-2.1468715306785127,MAP_PMU,139,0.011670467315795019
0,x_tcsc,1-14,-0.1339929268110517,57,-0.1338891558641217,MAP_PMU,139,0.00010377094693000966
1,B_svc,2,0.27326300626948197,57,0.27292537502293496,MAP_PMU,139,0.00033763124654700993
2,UPFC_Vsh,5-15,1.104157470158194,57,1.106739436282142,MAP_PMU,139,0.0025819661239481206
3,UPFC_tsh,5-15,-0.23039593448191872,57,-0.23040778158594252,MAP_PMU,139,1.1847104023798849e-05
4,UPFC_Vse,5-15,0.060163565516449136,57,0.05999213256364274,MAP_PMU,139,0.00017143295280639542
5,UPFC_tse,5-15,-2.153997636211792,57,-2.1468715306785127,MAP_PMU,139,0.007126105533279414
0,x_tcsc,1-14,-0.13411010520200117,58,-0.1338891558641217,MAP_PMU,139,0.00022094933787947246
1,B_svc,2,0.2730218763791893,58,0.27292537502293496,MAP_PMU,139,9.650135625433043e-05
2,UPFC_Vsh,5-15,1.104077865059941,58,1.106739436282142,MAP_PMU,139,0.00266157122220112
3,UPFC_tsh,5-15,-0.23051577888905775,58,-0.23040778158594252,MAP_PMU,139,0.00010799730311522593
4,UPFC_Vse,5-15,0.059818847243056826,58,0.05999213256364274,MAP_PMU,139,0.00017328532058591417
5,UPFC_tse,5-15,-2.1574084262151696,58,-2.1468715306785127,MAP_PMU,139,0.010536895536656932
0,x_tcsc,1-14,-0.13408553648404561,59,-0.1338891558641217,MAP_PMU,139,0.00019638061992391376
1,B_svc,2,0.2732622050173624,59,0.27292537502293496,MAP_PMU,139,0.00033682999442746775
2,UPFC_Vsh,5-15,1.1044123427720514,59,1.106739436282142,MAP_PMU,139,0.0023270935100907497
3,UPFC_tsh,5-15,-0.23044565960151583,59,-0.23040778158594252,MAP_PMU,139,3.787801557331161e-05
4,UPFC_Vse,5-15,0.060092229864460854,59,0.05999213256364274,MAP_PMU,139,0.00010009730081811385
5,UPFC_tse,5-15,-2.155530546191427,59,-2.1468715306785127,MAP_PMU,139,0.008659015512914259
0,x_tcsc,1-14,-0.13400262573805122,60,-0.1338891558641217,MAP_PMU,139,0.00011346987392951702
1,B_svc,2,0.27283831567851774,60,0.27292537502293496,MAP_PMU,139,8.705934441721741e-05
2,UPFC_Vsh,5-15,1.1047309756593602,60,1.106739436282142,MAP_PMU,139,0.002008460622781927
3,UPFC_tsh,5-15,-0.23039058574380492,60,-0.23040778158594252,MAP_PMU,139,1.7195842137607276e-05
4,UPFC_Vse,5-15,0.059776271256557226,60,0.05999213256364274,MAP_PMU,139,0.0002158613070855145
5,UPFC_tse,5-15,-2.136210534416099,60,-2.1468715306785127,MAP_PMU,139,0.010660996262413569
0,x_tcsc,1-14,-0.1340957765298798,61,-0.1338891558641217,MAP_PMU,139,0.000206620665758106
1,B_svc,2,0.2733930967415096,61,0.27292537502293496,MAP_PMU,139,0.00046772171857462075
2,UPFC_Vsh,5-15,1.104400671442134,61,1.106739436282142,MAP_PMU,139,0.0023387648400081673
3,UPFC_tsh,5-15,-0.2304644084670069,61,-0.23040778158594252,MAP_PMU,139,5.662688106436442e-05
4,UPFC_Vse,5-15,0.05993590945854939,61,0.05999213256364274,MAP_PMU,139,5.6223105093351766e-05
5,UPFC_tse,5-15,-2.1578323067539613,61,-2.1468715306785127,MAP_PMU,139,0.010960776075448653
0,x_tcsc,1-14,-0.13411984741020805,62,-0.1338891558641217,MAP_PMU,139,0.0002306915460863479
1,B_svc,2,0.27335725296595226,62,0.27292537502293496,MAP_PMU,139,0.0004318779430173003
2,UPFC_Vsh,5-15,1.10448018793934,62,1.106739436282142,MAP_PMU,139,0.0022592483428021115
3,UPFC_tsh,5-15,-0.23044719291649768,62,-0.23040778158594252,MAP_PMU,139,3.941133055515578e-05
4,UPFC_Vse,5-15,0.05992392570321072,62,0.05999213256364274,MAP_PMU,139,6.820686043201851e-05
5,UPFC_tse,5-15,-2.144824019869038,62,-2.1468715306785127,MAP_PMU,139,0.0020475108094748506
0,x_tcsc,1-14,-0.1340130432628452,63,-0.1338891558641217,MAP_PMU,139,0.00012388739872348786
1,B_svc,2,0.2730974372922838,63,0.27292537502293496,MAP_PMU,139,0.00017206226934884938
2,UPFC_Vsh,5-15,1.1042876719427577,63,1.106739436282142,MAP_PMU,139,0.0024517643393844324
3,UPFC_tsh,5-15,-0.23046482046861577,63,-0.23040778158594252,MAP_PMU,139,5.70388826732493e-05
4,UPFC_Vse,5-15,0.060376548311029773,63,0.05999213256364274,MAP_PMU,139,0.00038441574738703327
5,UPFC_tse,5-15,-2.1590699606319137,63,-2.1468715306785127,MAP_PMU,139,0.012198429953401035
0,x_tcsc,1-14,-0.13409986708976862,64,-0.1338891558641217,MAP_PMU,139,0.00021071122564692013
1,B_svc,2,0.27334718287996784,64,0.27292537502293496,MAP_PMU,139,0.00042180785703288537
2,UPFC_Vsh,5-15,1.1042514092331788,64,1.106739436282142,MAP_PMU,139,0.002488027048963337
3,UPFC_tsh,5-15,-0.23033904578683684,64,-0.23040778158594252,MAP_PMU,139,6.873579910568473e-05
4,UPFC_Vse,5-15,0.06005407245605231,64,0.05999213256364274,MAP_PMU,139,6.193989240956682e-05
5,UPFC_tse,5-15,-2.151154354998865,64,-2.1468715306785127,MAP_PMU,139,0.004282824320352319
0,x_tcsc,1-14,-0.13401155032246656,65,-0.1338891558641217,MAP_PMU,139,0.00012239445834485996
1,B_svc,2,0.273164992731605,65,0.27292537502293496,MAP_PMU,139,0.00023961770867003684
2,UPFC_Vsh,5-15,1.104547300797831,65,1.106739436282142,MAP_PMU,139,0.002192135484311075
3,UPFC_tsh,5-15,-0.23048321796385343,65,-0.23040778158594252,MAP_PMU,139,7.543637791090907e-05
4,UPFC_Vse,5-15,0.060119296045146944,65,0.05999213256364274,MAP_PMU,139,0.00012716348150420415
5,UPFC_tse,5-15,-2.1572791587490596,65,-2.1468715306785127,MAP_PMU,139,0.01040762807054696
0,x_tcsc,1-14,-0.13405225533892676,66,-0.1338891558641217,MAP_PMU,139,0.00016309947480505627
1,B_svc,2,0.2735660904684125,66,0.27292537502293496,MAP_PMU,139,0.0006407154454775577
2,UPFC_Vsh,5-15,1.104311930106866,66,1.106739436282142,MAP_PMU,139,0.002427506175276095
3,UPFC_tsh,5-15,-0.23039794712535,66,-0.23040778158594252,MAP_PMU,139,9.834460592522687e-06
4,UPFC_Vse,5-15,0.05950767010739621,66,0.05999213256364274,MAP_PMU,139,0.0004844624562465316
5,UPFC_tse,5-15,-2.14814427132292,66,-2.1468715306785127,MAP_PMU,139,0.0012727406444072997
0,x_tcsc,1-14,-0.13406097128306665,67,-0.1338891558641217,MAP_PMU,139,0.0001718154189449539
1,B_svc,2,0.2739346054965255,67,0.27292537502293496,MAP_PMU,139,0.0010092304735905278
2,UPFC_Vsh,5-15,1.1040271418532646,67,1.106739436282142,MAP_PMU,139,0.0027122944288775486
3,UPFC_tsh,5-15,-0.23042204332216853,67,-0.23040778158594252,MAP_PMU,139,1.4261736226012234e-05
4,UPFC_Vse,5-15,0.06001126524847807,67,0.05999213256364274,MAP_PMU,139,1.913268483533237e-05
5,UPFC_tse,5-15,-2.15564003817598,67,-2.1468715306785127,MAP_PMU,139,0.008768507497467493
0,x_tcsc,1-14,-0.13405739524942445,68,-0.1338891558641217,MAP_PMU,139,0.00016823938530274862
1,B_svc,2,0.2732603460929612,68,0.27292537502293496,MAP_PMU,139,0.0003349710700262243
2,UPFC_Vsh,5-15,1.1042535493009646,68,1.106739436282142,MAP_PMU,139,0.0024858869811774653
3,UPFC_tsh,5-15,-0.23047435543553313,68,-0.23040778158594252,MAP_PMU,139,6.657384959060653e-05
4,UPFC_Vse,5-15,0.0604537422315725,68,0.05999213256364274,MAP_PMU,139,0.0004616096679297618
5,UPFC_tse,5-15,-2.1667637864609133,68,-2.1468715306785127,MAP_PMU,139,0.019892255782400614
0,x_tcsc,1-14,-0.13407522770272146,69,-0.1338891558641217,MAP_PMU,139,0.00018607183859975507
1,B_svc,2,0.27261336604141034,69,0.27292537502293496,MAP_PMU,139,0.0003120089815246141
2,UPFC_Vsh,5-15,1.104347873599352,69,1.106739436282142,MAP_PMU,139,0.0023915626827901715
3,UPFC_tsh,5-15,-0.23047291430481756,69,-0.23040778158594252,MAP_PMU,139,6.513271887503835e-05
4,UPFC_Vse,5-15,0.0604737041260969,69,0.05999213256364274,MAP_PMU,139,0.0004815715624541597
5,UPFC_tse,5-15,-2.1563166438463552,69,-2.1468715306785127,MAP_PMU,139,0.009445113167842578
0,x_tcsc,1-14,-0.1340676317814251,70,-0.1338891558641217,MAP_PMU,139,0.00017847591730341117
1,B_svc,2,0.27271221051203276,70,0.27292537502293496,MAP_PMU,139,0.00021316451090219735
2,UPFC_Vsh,5-15,1.1044426323163603,70,1.106739436282142,MAP_PMU,139,0.002296803965781802
3,UPFC_tsh,5-15,-0.2304850593962725,70,-0.23040778158594252,MAP_PMU,139,7.727781032998426e-05
4,UPFC_Vse,5-15,0.059707757864837646,70,0.05999213256364274,MAP_PMU,139,0.0002843746988050941
5,UPFC_tse,5-15,-2.1568313471148772,70,-2.1468715306785127,MAP_PMU,139,0.009959816436364566
0,x_tcsc,1-14,-0.13405257295161588,71,-0.1338891558641217,MAP_PMU,139,0.0001634170874941776
1,B_svc,2,0.2730867100997877,71,0.27292537502293496,MAP_PMU,139,0.00016133507685273107
2,UPFC_Vsh,5-15,1.1039338467569078,71,1.106739436282142,MAP_PMU,139,0.0028055895252343532
3,UPFC_tsh,5-15,-0.23049224552358435,71,-0.23040778158594252,MAP_PMU,139,8.446393764183213e-05
4,UPFC_Vse,5-15,0.06018874063871263,71,0.05999213256364274,MAP_PMU,139,0.0001966080750698887
5,UPFC_tse,5-15,-2.153835399204426,71,-2.1468715306785127,MAP_PMU,139,0.006963868525913242
0,x_tcsc,1-14,-0.13412384595948584,72,-0.1338891558641217,MAP_PMU,139,0.00023469009536414287
1,B_svc,2,0.27341400735415555,72,0.27292537502293496,MAP_PMU,139,0.0004886323312205954
2,UPFC_Vsh,5-15,1.104458589244459,72,1.106739436282142,MAP_PMU,139,0.0022808470376831647
3,UPFC_tsh,5-15,-0.2303625031196732,72,-0.23040778158594252,MAP_PMU,139,4.5278466269310647e-05
4,UPFC_Vse,5-15,0.05992837458945311,72,0.05999213256364274,MAP_PMU,139,6.375797418962936e-05
5,UPFC_tse,5-15,-2.137238296187208,72,-2.1468715306785127,MAP_PMU,139,0.009633234491304599
0,x_tcsc,1-14,-0.13405139891872966,73,-0.1338891558641217,MAP_PMU,139,0.0001622430546079634
1,B_svc,2,0.272984007002117,73,0.27292537502293496,MAP_PMU,139,5.8631979182044436e-05
2,UPFC_Vsh,5-15,1.1045596347538285,73,1.106739436282142,MAP_PMU,139,0.002179801528313652
3,UPFC_tsh,5-15,-0.23036607821076222,73,-0.23040778158594252,MAP_PMU,139,4.1703375180307534e-05
4,UPFC_Vse,5-15,0.05967851507203713,73,0.05999213256364274,MAP_PMU,139,0.00031361749160561253
5,UPFC_tse,5-15,-2.1431704225728736,73,-2.1468715306785127,MAP_PMU,139,0.0037011081056390616
0,x_tcsc,1-14,-0.13411436251946848,74,-0.1338891558641217,MAP_PMU,139,0.00022520665534678241
1,B_svc,2,0.2735135738456762,74,0.27292537502293496,MAP_PMU,139,0.0005881988227412482
2,UPFC_Vsh,5-15,1.1045401460822883,74,1.106739436282142,MAP_PMU,139,0.002199290199853765
3,UPFC_tsh,5-15,-0.23040040341849327,74,-0.23040778158594252,MAP_PMU,139,7.378167449251238e-06
4,UPFC_Vse,5-15,0.060240165483572625,74,0.05999213256364274,MAP_PMU,139,0.00024803291992988447
5,UPFC_tse,5-15,-2.1465837297813612,74,-2.1468715306785127,MAP_PMU,139,0.00028780089715141344
0,x_tcsc,1-14,-0.13410995780305912,75,-0.1338891558641217,MAP_PMU,139,0.0002208019389374205
1,B_svc,2,0.27298507514143305,75,0.27292537502293496,MAP_PMU,139,5.970011849809609e-05
2,UPFC_Vsh,5-15,1.104330565310169,75,1.106739436282142,MAP_PMU,139,0.002408870971973176
3,UPFC_tsh,5-15,-0.2304057157253329,75,-0.23040778158594252,MAP_PMU,139,2.065860609634651e-06
4,UPFC_Vse,5-15,0.06021028664594296,75,0.05999213256364274,MAP_PMU,139,0.00021815408230022038
5,UPFC_tse,5-15,-2.142625377925796,75,-2.1468715306785127,MAP_PMU,139,0.004246152752716448
0,x_tcsc,1-14,-0.13406685206917568,76,-0.1338891558641217,MAP_PMU,139,0.00017769620505397876
1,B_svc,2,0.2733529711288797,76,0.27292537502293496,MAP_PMU,139,0.0004275961059447275
2,UPFC_Vsh,5-15,1.1044474314864219,76,1.106739436282142,MAP_PMU,139,0.002292004795720226
3,UPFC_tsh,5-15,-0.23042344426224654,76,-0.23040778158594252,MAP_PMU,139,1.5662676304012413e-05
4,UPFC_Vse,5-15,0.060428492240182416,76,0.05999213256364274,MAP_PMU,139,0.0004363596765396757
5,UPFC_tse,5-15,-2.150787422391206,76,-2.1468715306785127,MAP_PMU,139,0.003915891712693131
0,x_tcsc,1-14,-0.13402368776179882,77,-0.1338891558641217,MAP_PMU,139,0.00013453189767712037
1,B_svc,2,0.27294620245263645,77,0.27292537502293496,MAP_PMU,139,2.0827429701497646e-05
2,UPFC_Vsh,5-15,1.1040309501487766,77,1.106739436282142,MAP_PMU,139,0.0027084861333654953
3,UPFC_tsh,5-15,-0.23049881011226345,77,-0.23040778158594252,MAP_PMU,139,9.102852632092429e-05
4,UPFC_Vse,5-15,0.05977638734711525,77,0.05999213256364274,MAP_PMU,139,0.00021574521652749368
5,UPFC_tse,5-15,-2.146080824187111,77,-2.1468715306785127,MAP_PMU,139,0.0007907064914016715
0,x_tcsc,1-14,-0.13412094567491906,78,-0.1338891558641217,MAP_PMU,139,0.00023178981079735594
1,B_svc,2,0.2727472409796414,78,0.27292537502293496,MAP_PMU,139,0.00017813404329353189
2,UPFC_Vsh,5-15,1.1043447047813206,78,1.106739436282142,MAP_PMU,139,0.0023947315008214787
3,UPFC_tsh,5-15,-0.23039064166795506,78,-0.23040778158594252,MAP_PMU,139,1.713991798746317e-05
4,UPFC_Vse,5-15,0.059666770845188746,78,0.05999213256364274,MAP_PMU,139,0.0003253617184539939
5,UPFC_tse,5-15,-2.147996735684085,78,-2.1468715306785127,MAP_PMU,139,0.0011252050055721163
0,x_tcsc,1-14,-0.13404634093288034,79,-0.1338891558641217,MAP_PMU,139,0.0001571850687586418
1,B_svc,2,0.27281853209946977,79,0.27292537502293496,MAP_PMU,139,0.00010684292346518909
2,UPFC_Vsh,5-15,1.1047464014179411,79,1.106739436282142,MAP_PMU,139,0.001993034864200993
3,UPFC_tsh,5-15,-0.23040107333362625,79,-0.23040778158594252,MAP_PMU,139,6.7082523162731444e-06
4,UPFC_Vse,5-15,0.05985700640006444,79,0.05999213256364274,MAP_PMU,139,0.00013512616357830298
5,UPFC_tse,5-15,-2.1512800696440446,79,-2.1468715306785127,MAP_PMU,139,0.00440853896553195
0,x_tcsc,1-14,-0.13402304232450069,80,-0.1338891558641217,MAP_PMU,139,0.00013388646037898466
1,B_svc,2,0.27294548245959804,80,0.27292537502293496,MAP_PMU,139,2.010743666308601e-05
2,UPFC_Vsh,5-15,1.104498113546941,80,1.106739436282142,MAP_PMU,139,0.0022413227352011678
3,UPFC_tsh,5-15,-0.23042569683177172,80,-0.23040778158594252,MAP_PMU,139,1.7915245829197568e-05
4,UPFC_Vse,5-15,0.05984445854028035,80,0.05999213256364274,MAP_PMU,139,0.00014767402336238883
5,UPFC_tse,5-15,-2.1553320085612007,80,-2.1468715306785127,MAP_PMU,139,0.008460477882688
0,x_tcsc,1-14,-0.1340467473323961,81,-0.1338891558641217,MAP_PMU,139,0.00015759146827440396
1,B_svc,2,0.2731929302966712,81,0.27292537502293496,MAP_PMU,139,0.0002675552737362308
2,UPFC_Vsh,5-15,1.1040832438684192,81,1.106739436282142,MAP_PMU,139,0.0026561924137229465
3,UPFC_tsh,5-15,-0.23048704990641905,81,-0.23040778158594252,MAP_PMU,139,7.926832047652765e-05
4,UPFC_Vse,5-15,0.060533736291479866,81,0.05999213256364274,MAP_PMU,139,0.0005416037278371255
5,UPFC_tse,5-15,-2.1587491735028728,81,-2.1468715306785127,MAP_PMU,139,0.011877642824360102
0,x_tcsc,1-14,-0.1340869871549327,82,-0.1338891558641217,MAP_PMU,139,0.00019783129081099582
1,B_svc,2,0.27328479663286037,82,0.27292537502293496,MAP_PMU,139,0.0003594216099254144
2,UPFC_Vsh,5-15,1.1042363598818639,82,1.106739436282142,MAP_PMU,139,0.002503076400278248
3,UPFC_tsh,5-15,-0.23043218163479834,82,-0.23040778158594252,MAP_PMU,139,2.4400048855816037e-05
4,UPFC_Vse,5-15,0.05992278971323317,82,0.05999213256364274,MAP_PMU,139,6.934285040956917e-05
5,UPFC_tse,5-15,-2.1404914477466153,82,-2.1468715306785127,MAP_PMU,139,0.006380082931897402
0,x_tcsc,1-14,-0.13400939728209238,83,-0.1338891558641217,MAP_PMU,139,0.000120241417970679
1,B_svc,2,0.27276001008330275,83,0.27292537502293496,MAP_PMU,139,0.00016536493963220655
2,UPFC_Vsh,5-15,1.1044875128410365,83,1.106739436282142,MAP_PMU,139,0.0022519234411055855
3,UPFC_tsh,5-15,-0.23048434356429384,83,-0.23040778158594252,MAP_PMU,139,7.656197835131939e-05
4,UPFC_Vse,5-15,0.06014688265014905,83,0.05999213256364274,MAP_PMU,139,0.00015475008650631117
5,UPFC_tse,5-15,-2.15077316413027,83,-2.1468715306785127,MAP_PMU,139,0.0039016334517572027
0,x_tcsc,1-14,-0.13396371050145592,84,-0.1338891558641217,MAP_PMU,139,7.455463733421763e-05
1,B_svc,2,0.2730855080477394,84,0.27292537502293496,MAP_PMU,139,0.00016013302480444302
2,UPFC_Vsh,5-15,1.1043916377583762,84,1.106739436282142,MAP_PMU,139,0.002347798523765876
3,UPFC_tsh,5-15,-0.23043407775296726,84,-0.23040778158594252,MAP_PMU,139,2.629616702473636e-05
4,UPFC_Vse,5-15,0.060018787206070755,84,0.05999213256364274,MAP_PMU,139,2.665464242801452e-05
5,UPFC_tse,5-15,-2.1465992223114543,84,-2.1468715306785127,MAP_PMU,139,0.00027230836705838257
0,x_tcsc,1-14,-0.13401438423496564,85,-0.1338891558641217,MAP_PMU,139,0.0001252283708439439
1,B_svc,2,0.2726344255852326,85,0.27292537502293496,MAP_PMU,139,0.00029094943770235915
2,UPFC_Vsh,5-15,1.10477323694486,85,1.106739436282142,MAP_PMU,139,0.0019661993372821485
3,UPFC_tsh,5-15,-0.2304225208968965,85,-0.23040778158594252,MAP_PMU,139,1.473931095397063e-05
4,UPFC_Vse,5-15,0.05978006536209556,85,0.05999213256364274,MAP_PMU,139,0.00021206720154717806
5,UPFC_tse,5-15,-2.1485929896161617,85,-2.1468715306785127,MAP_PMU,139,0.0017214589376490785
0,x_tcsc,1-14,-0.13403648488438757,86,-0.1338891558641217,MAP_PMU,139,0.0001473290202658739
1,B_svc,2,0.27321253290189657,86,0.27292537502293496,MAP_PMU,139,0.00028715787896160805
2,UPFC_Vsh,5-15,1.1045666228750977,86,1.106739436282142,MAP_PMU,139,0.0021728134070444494
3,UPFC_tsh,5-15,-0.23044012919056778,86,-0.23040778158594252,MAP_PMU,139,3.2347604625254656e-05
4,UPFC_Vse,5-15,0.06075058600917321,86,0.05999213256364274,MAP_PMU,139,0.0007584534455304728
5,UPFC_tse,5-15,-2.152860152589772,86,-2.1468715306785127,MAP_PMU,139,0.005988621911259262
0,x_tcsc,1-14,-0.1340967509265832,87,-0.1338891558641217,MAP_PMU,139,0.00020759506246151305
1,B_svc,2,0.27273011461199476,87,0.27292537502293496,MAP_PMU,139,0.0001952604109402012
2,UPFC_Vsh,5-15,1.1044929399122663,87,1.106739436282142,MAP_PMU,139,0.002246496369875839
3,UPFC_tsh,5-15,-0.23039472399319375,87,-0.23040778158594252,MAP_PMU,139,1.3057592748777491e-05
4,UPFC_Vse,5-15,0.059877826019939025,87,0.05999213256364274,MAP_PMU,139,0.00011430654370371551
5,UPFC_tse,5-15,-2.1502756867855104,87,-2.1468715306785127,MAP_PMU,139,0.0034041561069977355
0,x_tcsc,1-14,-0.1340921279191275,88,-0.1338891558641217,MAP_PMU,139,0.00020297205500580118
1,B_svc,2,0.27288589075185393,88,0.27292537502293496,MAP_PMU,139,3.9484271081025035e-05
2,UPFC_Vsh,5-15,1.104559636884988,88,1.106739436282142,MAP_PMU,139,0.0021797993971541807
3,UPFC_tsh,5-15,-0.23035172585771535,88,-0.23040778158594252,MAP_PMU,139,5.605572822717231e-05
4,UPFC_Vse,5-15,0.059585527305149065,88,0.05999213256364274,MAP_PMU,139,0.00040660525849367524
5,UPFC_tse,5-15,-2.148672749923777,88,-2.1468715306785127,MAP_PMU,139,0.0018012192452645515
0,x_tcsc,1-14,-0.1340309286357481,89,-0.1338891558641217,MAP_PMU,139,0.00014177277162638613
1,B_svc,2,0.27316219840662503,89,0.27292537502293496,MAP_PMU,139,0.00023682338369007683
2,UPFC_Vsh,5-15,1.1045131754301833,89,1.106739436282142,MAP_PMU,139,0.0022262608519587612
3,UPFC_tsh,5-15,-0.23039635469776604,89,-0.23040778158594252,MAP_PMU,139,1.1426888176485628e-05
4,UPFC_Vse,5-15,0.05983260618405471,89,0.05999213256364274,MAP_PMU,139,0.0001595263795880278
5,UPFC_tse,5-15,-2.1458474066050823,89,-2.1468715306785127,MAP_PMU,139,0.0010241240734303325
0,x_tcsc,1-14,-0.13408441397568305,90,-0.1338891558641217,MAP_PMU,139,0.0001952581115613472
1,B_svc,2,0.2731775434862995,90,0.27292537502293496,MAP_PMU,139,0.000252168463364566
2,UPFC_Vsh,5-15,1.1042612966899439,90,1.106739436282142,MAP_PMU,139,0.002478139592198225
3,UPFC_tsh,5-15,-0.2304520881723373,90,-0.23040778158594252,MAP_PMU,139,4.4306586394787795e-05
4,UPFC_Vse,5-15,0.06024611877041117,90,0.05999213256364274,MAP_PMU,139,0.0002539862067684265
5,UPFC_tse,5-15,-2.148906275850773,90,-2.1468715306785127,MAP_PMU,139,0.0020347451722604326
0,x_tcsc,1-14,-0.13409001370214543,91,-0.1338891558641217,MAP_PMU,139,0.00020085783802373247
1,B_svc,2,0.2729278576748256,91,0.27292537502293496,MAP_PMU,139,2.482651890622911e-06
2,UPFC_Vsh,5-15,1.104189355871298,91,1.106739436282142,MAP_PMU,139,0.0025500804108440356
3,UPFC_tsh,5-15,-0.2304403648251627,91,-0.23040778158594252,MAP_PMU,139,3.258323922017414e-05
4,UPFC_Vse,5-15,0.05986657865048248,91,0.05999213256364274,MAP_PMU,139,0.00012555391316026315
5,UPFC_tse,5-15,-2.153531733635902,91,-2.1468715306785127,MAP_PMU,139,0.006660202957389227
0,x_tcsc,1-14,-0.13411948886661326,92,-0.1338891558641217,MAP_PMU,139,0.00023033300249156174
1,B_svc,2,0.2726134801202363,92,0.27292537502293496,MAP_PMU,139,0.0003118949026986728
2,UPFC_Vsh,5-15,1.1043289357111694,92,1.106739436282142,MAP_PMU,139,0.0024105005709726957
3,UPFC_tsh,5-15,-0.2305167652804117,92,-0.23040778158594252,MAP_PMU,139,0.00010898369446918355
4,UPFC_Vse,5-15,0.05980735555528196,92,0.05999213256364274,MAP_PMU,139,0.00018477700836078137
5,UPFC_tse,5-15,-2.150435493062348,92,-2.1468715306785127,MAP_PMU,139,0.003563962383835495
0,x_tcsc,1-14,-0.13403731774191363,93,-0.1338891558641217,MAP_PMU,139,0.00014816187779193024
1,B_svc,2,0.27324351518410417,93,0.27292537502293496,MAP_PMU,139,0.0003181401611692114
2,UPFC_Vsh,5-15,1.1047205137615463,93,1.106739436282142,MAP_PMU,139,0.0020189225205957673
3,UPFC_tsh,5-15,-0.2303533413047606,93,-0.23040778158594252,MAP_PMU,139,5.4440281181927785e-05
4,UPFC_Vse,5-15,0.059781181912575226,93,0.05999213256364274,MAP_PMU,139,0.00021095065106751382
5,UPFC_tse,5-15,-2.1475239307512237,93,-2.1468715306785127,MAP_PMU,139,0.0006524000727110568
0,x_tcsc,1-14,-0.1341148783356392,94,-0.1338891558641217,MAP_PMU,139,0.00022572247151750324
1,B_svc,2,0.2736011379111145,94,0.27292537502293496,MAP_PMU,139,0.0006757628881795541
2,UPFC_Vsh,5-15,1.1047227045908041,94,1.106739436282142,MAP_PMU,139,0.0020167316913379807
3,UPFC_tsh,5-15,-0.23034256863118088,94,-0.23040778158594252,MAP_PMU,139,6.52129547616398e-05
4,UPFC_Vse,5-15,0.05945790191860612,94,0.05999213256364274,MAP_PMU,139,0.000534230645036618
5,UPFC_tse,5-15,-2.1413837732125143,94,-2.1468715306785127,MAP_PMU,139,0.0054877574659983885
0,x_tcsc,1-14,-0.1340744343973919,95,-0.1338891558641217,MAP_PMU,139,0.00018527853327018895
1,B_svc,2,0.2735306752023079,95,0.27292537502293496,MAP_PMU,139,0.0006053001793729362
2,UPFC_Vsh,5-15,1.1041643987748264,95,1.106739436282142,MAP_PMU,139,0.0025750375073156917
3,UPFC_tsh,5-15,-0.23045470873559812,95,-0.23040778158594252,MAP_PMU,139,4.6927149655595635e-05
4,UPFC_Vse,5-15,0.059924194954688724,95,0.05999213256364274,MAP_PMU,139,6.793760895401624e-05
5,UPFC_tse,5-15,-2.1497628180445063,95,-2.1468715306785127,MAP_PMU,139,0.0028912873659936444
0,x_tcsc,1-14,-0.13405843446584884,96,-0.1338891558641217,MAP_PMU,139,0.00016927860172713527
1,B_svc,2,0.27257409545950845,96,0.27292537502293496,MAP_PMU,139,0.0003512795634265098
2,UPFC_Vsh,5-15,1.1047149595410215,96,1.106739436282142,MAP_PMU,139,0.0020244767411206066
3,UPFC_tsh,5-15,-0.23040199349361054,96,-0.23040778158594252,MAP_PMU,139,5.788092331981964e-06
4,UPFC_Vse,5-15,0.059670538062132954,96,0.05999213256364274,MAP_PMU,139,0.0003215945015097865
5,UPFC_tse,5-15,-2.1499729091984507,96,-2.1468715306785127,MAP_PMU,139,0.0031013785199380806
0,x_tcsc,1-14,-0.13413215318271735,97,-0.1338891558641217,MAP_PMU,139,0.00024299731859564466
1,B_svc,2,0.2723278732136494,97,0.27292537502293496,MAP_PMU,139,0.0005975018092855833
2,UPFC_Vsh,5-15,1.104319044107209,97,1.106739436282142,MAP_PMU,139,0.0024203921749330615
3,UPFC_tsh,5-15,-0.23046649048410467,97,-0.23040778158594252,MAP_PMU,139,5.870889816214642e-05
4,UPFC_Vse,5-15,0.060091866844374925,97,0.05999213256364274,MAP_PMU,139,9.973428073218465e-05
5,UPFC_tse,5-15,-2.145549856916864,97,-2.1468715306785127,MAP_PMU,139,0.0013216737616486007
0,x_tcsc,1-14,-0.1340513567398513,98,-0.1338891558641217,MAP_PMU,139,0.00016220087572960118
1,B_svc,2,0.272796104616066,98,0.27292537502293496,MAP_PMU,139,0.0001292704068689421
2,UPFC_Vsh,5-15,1.104293803560725,98,1.106739436282142,MAP_PMU,139,0.002445632721417068
3,UPFC_tsh,5-15,-0.23050615459181953,98,-0.23040778158594252,MAP_PMU,139,9.837300587700604e-05
4,UPFC_Vse,5-15,0.060228971649653726,98,0.05999213256364274,MAP_PMU,139,0.00023683908601098563
5,UPFC_tse,5-15,-2.1513564641637517,98,-2.1468715306785127,MAP_PMU,139,0.00448493348523904
0,x_tcsc,1-14,-0.1340887261351837,99,-0.1338891558641217,MAP_PMU,139,0.00019957027106198844
1,B_svc,2,0.2724814658146508,99,0.27292537502293496,MAP_PMU,139,0.00044390920828413227
2,UPFC_Vsh,5-15,1.1044965467557302,99,1.106739436282142,MAP_PMU,139,0.0022428895264119397
3,UPFC_tsh,5-15,-0.23038283390986186,99,-0.23040778158594252,MAP_PMU,139,2.4947676080661063e-05
4,UPFC_Vse,5-15,0.05980138518091665,99,0.05999213256364274,MAP_PMU,139,0.00019074738272609193
5,UPFC_tse,5-15,-2.1608308723572915,99,-2.1468715306785127,MAP_PMU,139,0.01395934167877888
0,x_tcsc,1-14,-0.13586860864392233,0,-0.13580661068184674,MAP_PMU,141,6.199796207559394e-05
1,B_svc,2,0.28116183745099316,0,0.2813444854182666,MAP_PMU,141,0.00018264796727346377
2,UPFC_Vsh,5-15,1.104174377340299,0,1.1056731534264512,MAP_PMU,141,0.0014987760861522315
3,UPFC_tsh,5-15,-0.22857451236669843,0,-0.22849412252952392,MAP_PMU,141,8.038983717451043e-05
4,UPFC_Vse,5-15,0.06063656181506015,0,0.06081571906829592,MAP_PMU,141,0.00017915725323577186
5,UPFC_tse,5-15,-2.161947621438759,0,-2.1498074184872142,MAP_PMU,141,0.012140202951544943
0,x_tcsc,1-14,-0.1359192662558685,1,-0.13580661068184674,MAP_PMU,141,0.00011265557402176385
1,B_svc,2,0.28121894407239695,1,0.2813444854182666,MAP_PMU,141,0.00012554134586967303
2,UPFC_Vsh,5-15,1.104237800953085,1,1.1056731534264512,MAP_PMU,141,0.001435352473366125
3,UPFC_tsh,5-15,-0.22845738319902295,1,-0.22849412252952392,MAP_PMU,141,3.673933050096778e-05
4,UPFC_Vse,5-15,0.0594939489206705,1,0.06081571906829592,MAP_PMU,141,0.0013217701476254187
5,UPFC_tse,5-15,-2.1455035449021813,1,-2.1498074184872142,MAP_PMU,141,0.004303873585032925
0,x_tcsc,1-14,-0.13587828383511308,2,-0.13580661068184674,MAP_PMU,141,7.167315326633839e-05
1,B_svc,2,0.28176342249203146,2,0.2813444854182666,MAP_PMU,141,0.0004189370737648357
2,UPFC_Vsh,5-15,1.1042036436000422,2,1.1056731534264512,MAP_PMU,141,0.0014695098264090323
3,UPFC_tsh,5-15,-0.22856733853070285,2,-0.22849412252952392,MAP_PMU,141,7.32160011789329e-05
4,UPFC_Vse,5-15,0.060679784953653254,2,0.06081571906829592,MAP_PMU,141,0.00013593411464266764
5,UPFC_tse,5-15,-2.1529952555711396,2,-2.1498074184872142,MAP_PMU,141,0.003187837083925338
0,x_tcsc,1-14,-0.13585376175890373,3,-0.13580661068184674,MAP_PMU,141,4.715107705699495e-05
1,B_svc,2,0.2813132359489555,3,0.2813444854182666,MAP_PMU,141,3.124946931110095e-05
2,UPFC_Vsh,5-15,1.1044607126169026,3,1.1056731534264512,MAP_PMU,141,0.0012124408095486316
3,UPFC_tsh,5-15,-0.2285285922961194,3,-0.22849412252952392,MAP_PMU,141,3.4469766595490725e-05
4,UPFC_Vse,5-15,0.060586232752444145,3,0.06081571906829592,MAP_PMU,141,0.00022948631585177626
5,UPFC_tse,5-15,-2.148841491335923,3,-2.1498074184872142,MAP_PMU,141,0.0009659271512911793
0,x_tcsc,1-14,-0.1359029651239842,4,-0.13580661068184674,MAP_PMU,141,9.635444213745847e-05
1,B_svc,2,0.2810003883109859,4,0.2813444854182666,MAP_PMU,141,0.0003440971072807275
2,UPFC_Vsh,5-15,1.1043218506646881,4,1.1056731534264512,MAP_PMU,141,0.0013513027617630957
3,UPFC_tsh,5-15,-0.2285096931757375,4,-0.22849412252952392,MAP_PMU,141,1.557064621357518e-05
4,UPFC_Vse,5-15,0.06031297570490185,4,0.06081571906829592,MAP_PMU,141,0.0005027433633940717
5,UPFC_tse,5-15,-2.1492120281155147,4,-2.1498074184872142,MAP_PMU,141,0.0005953903716995335
0,x_tcsc,1-14,-0.13586549836283357,5,-0.13580661068184674,MAP_PMU,141,5.888768098682995e-05
1,B_svc,2,0.2813535658902891,5,0.2813444854182666,MAP_PMU,141,9.080472022471309e-06
2,UPFC_Vsh,5-15,1.1042854638652437,5,1.1056731534264512,MAP_PMU,141,0.0013876895612074946
3,UPFC_tsh,5-15,-0.22846392870422788,5,-0.22849412252952392,MAP_PMU,141,3.0193825296037646e-05
4,UPFC_Vse,5-15,0.0604677969451194,5,0.06081571906829592,MAP_PMU,141,0.00034792212317652504
5,UPFC_tse,5-15,-2.1385550033163994,5,-2.1498074184872142,MAP_PMU,141,0.011252415170814878
0,x_tcsc,1-14,-0.135889629989928,6,-0.13580661068184674,MAP_PMU,141,8.301930808127245e-05
1,B_svc,2,0.28151061269968736,6,0.2813444854182666,MAP_PMU,141,0.00016612728142073596
2,UPFC_Vsh,5-15,1.104539019216928,6,1.1056731534264512,MAP_PMU,141,0.001134134209523241
3,UPFC_tsh,5-15,-0.22852089689010213,6,-0.22849412252952392,MAP_PMU,141,2.6774360578213363e-05
4,UPFC_Vse,5-15,0.06024898949271275,6,0.06081571906829592,MAP_PMU,141,0.0005667295755831733
5,UPFC_tse,5-15,-2.1510148372259383,6,-2.1498074184872142,MAP_PMU,141,0.0012074187387240976
0,x_tcsc,1-14,-0.13585148317933332,7,-0.13580661068184674,MAP_PMU,141,4.4872497486581064e-05
1,B_svc,2,0.28129970699461226,7,0.2813444854182666,MAP_PMU,141,4.4778423654356914e-05
2,UPFC_Vsh,5-15,1.1043234461526497,7,1.1056731534264512,MAP_PMU,141,0.0013497072738015703
3,UPFC_tsh,5-15,-0.2285155983534294,7,-0.22849412252952392,MAP_PMU,141,2.1475823905492408e-05
4,UPFC_Vse,5-15,0.06044526270882802,7,0.06081571906829592,MAP_PMU,141,0.000370456359467905
5,UPFC_tse,5-15,-2.1492706078401063,7,-2.1498074184872142,MAP_PMU,141,0.000536810647107977
0,x_tcsc,1-14,-0.13585290146069431,8,-0.13580661068184674,MAP_PMU,141,4.6290778847574154e-05
1,B_svc,2,0.28123453138324417,8,0.2813444854182666,MAP_PMU,141,0.0001099540350224526
2,UPFC_Vsh,5-15,1.104666353889331,8,1.1056731534264512,MAP_PMU,141,0.0010067995371201288
3,UPFC_tsh,5-15,-0.2285448497428122,8,-0.22849412252952392,MAP_PMU,141,5.072721328827634e-05
4,UPFC_Vse,5-15,0.06040602511259889,8,0.06081571906829592,MAP_PMU,141,0.0004096939556970311
5,UPFC_tse,5-15,-2.152137198762633,8,-2.1498074184872142,MAP_PMU,141,0.002329780275418969
0,x_tcsc,1-14,-0.1358862007622552,9,-0.13580661068184674,MAP_PMU,141,7.959008040844817e-05
1,B_svc,2,0.28115450603516157,9,0.2813444854182666,MAP_PMU,141,0.00018997938310505447
2,UPFC_Vsh,5-15,1.1045377743751157,9,1.1056731534264512,MAP_PMU,141,0.0011353790513355388
3,UPFC_tsh,5-15,-0.2284767194631873,9,-0.22849412252952392,MAP_PMU,141,1.7403066336629802e-05
4,UPFC_Vse,5-15,0.060413286840397595,9,0.06081571906829592,MAP_PMU,141,0.0004024322278983264
5,UPFC_tse,5-15,-2.152598132452854,9,-2.1498074184872142,MAP_PMU,141,0.0027907139656395685
0,x_tcsc,1-14,-0.1359144947157591,10,-0.13580661068184674,MAP_PMU,141,0.00010788403391234769
1,B_svc,2,0.2818542804420408,10,0.2813444854182666,MAP_PMU,141,0.0005097950237741844
2,UPFC_Vsh,5-15,1.1043443213635877,10,1.1056731534264512,MAP_PMU,141,0.0013288320628634942
3,UPFC_tsh,5-15,-0.22855324789760245,10,-0.22849412252952392,MAP_PMU,141,5.912536807853308e-05
4,UPFC_Vse,5-15,0.060645371158289205,10,0.06081571906829592,MAP_PMU,141,0.00017034791000671706
5,UPFC_tse,5-15,-2.1615982784288996,10,-2.1498074184872142,MAP_PMU,141,0.011790859941685383
0,x_tcsc,1-14,-0.13590115977209608,11,-0.13580661068184674,MAP_PMU,141,9.454909024933511e-05
1,B_svc,2,0.28112219143574474,11,0.2813444854182666,MAP_PMU,141,0.0002222939825218817
2,UPFC_Vsh,5-15,1.1043013878446952,11,1.1056731534264512,MAP_PMU,141,0.0013717655817560015
3,UPFC_tsh,5-15,-0.2285768040645589,11,-0.22849412252952392,MAP_PMU,141,8.268153503498965e-05
4,UPFC_Vse,5-15,0.06036835284678927,11,0.06081571906829592,MAP_PMU,141,0.00044736622150665095
5,UPFC_tse,5-15,-2.148035455804934,11,-2.1498074184872142,MAP_PMU,141,0.0017719626822803036
0,x_tcsc,1-14,-0.13590612813801575,12,-0.13580661068184674,MAP_PMU,141,9.951745616901264e-05
1,B_svc,2,0.2819103907789748,12,0.2813444854182666,MAP_PMU,141,0.0005659053607081632
2,UPFC_Vsh,5-15,1.104227373672491,12,1.1056731534264512,MAP_PMU,141,0.001445779753960208
3,UPFC_tsh,5-15,-0.22852583394930323,12,-0.22849412252952392,MAP_PMU,141,3.1711419779312244e-05
4,UPFC_Vse,5-15,0.05967012495418781,12,0.06081571906829592,MAP_PMU,141,0.0011455941141081116
5,UPFC_tse,5-15,-2.1554845124982553,12,-2.1498074184872142,MAP_PMU,141,0.005677094011041106
0,x_tcsc,1-14,-0.13584598294815614,13,-0.13580661068184674,MAP_PMU,141,3.937226630940094e-05
1,B_svc,2,0.2817782207778117,13,0.2813444854182666,MAP_PMU,141,0.00043373535954510656
2,UPFC_Vsh,5-15,1.1048075496267538,13,1.1056731534264512,MAP_PMU,141,0.0008656037996974675
3,UPFC_tsh,5-15,-0.22849334026031184,13,-0.22849412252952392,MAP_PMU,141,7.822692120740271e-07
4,UPFC_Vse,5-15,0.059981574223878883,13,0.06081571906829592,MAP_PMU,141,0.0008341448444170382
5,UPFC_tse,5-15,-2.1429157709358053,13,-2.1498074184872142,MAP_PMU,141,0.006891647551408919
0,x_tcsc,1-14,-0.13586994144293513,14,-0.13580661068184674,MAP_PMU,141,6.333076108838709e-05
1,B_svc,2,0.2814611954699122,14,0.2813444854182666,MAP_PMU,141,0.00011671005164559656
2,UPFC_Vsh,5-15,1.104345804889865,14,1.1056731534264512,MAP_PMU,141,0.0013273485365863369
3,UPFC_tsh,5-15,-0.2285095587268611,14,-0.22849412252952392,MAP_PMU,141,1.5436197337181934e-05
4,UPFC_Vse,5-15,0.060506404284138046,14,0.06081571906829592,MAP_PMU,141,0.00030931478415787556
5,UPFC_tse,5-15,-2.1469527718185892,14,-2.1498074184872142,MAP_PMU,141,0.002854646668625005
0,x_tcsc,1-14,-0.1359016608910304,15,-0.13580661068184674,MAP_PMU,141,9.505020918365581e-05
1,B_svc,2,0.28128174662031236,15,0.2813444854182666,MAP_PMU,141,6.273879795426485e-05
2,UPFC_Vsh,5-15,1.1043150064616387,15,1.1056731534264512,MAP_PMU,141,0.0013581469648125122
3,UPFC_tsh,5-15,-0.22846032120565338,15,-0.22849412252952392,MAP_PMU,141,3.3801323870541466e-05
4,UPFC_Vse,5-15,0.06047892828256726,15,0.06081571906829592,MAP_PMU,141,0.0003367907857286592
5,UPFC_tse,5-15,-2.148111875139919,15,-2.1498074184872142,MAP_PMU,141,0.0016955433472953807
0,x_tcsc,1-14,-0.13583250349331474,16,-0.13580661068184674,MAP_PMU,141,2.5892811468003485e-05
1,B_svc,2,0.2817075404429941,16,0.2813444854182666,MAP_PMU,141,0.00036305502472749884
2,UPFC_Vsh,5-15,1.104282366518374,16,1.1056731534264512,MAP_PMU,141,0.0013907869080771462
3,UPFC_tsh,5-15,-0.22858585583700458,16,-0.22849412252952392,MAP_PMU,141,9.173330748066255e-05
4,UPFC_Vse,5-15,0.060352077912020505,16,0.06081571906829592,MAP_PMU,141,0.00046364115627541697
5,UPFC_tse,5-15,-2.1641334225844955,16,-2.1498074184872142,MAP_PMU,141,0.014326004097281242
0,x_tcsc,1-14,-0.1359079244405552,17,-0.13580661068184674,MAP_PMU,141,0.00010131375870844894
1,B_svc,2,0.28187713125500297,17,0.2813444854182666,MAP_PMU,141,0.0005326458367363451
2,UPFC_Vsh,5-15,1.1045617530340335,17,1.1056731534264512,MAP_PMU,141,0.0011114003924177496
3,UPFC_tsh,5-15,-0.2284682223221995,17,-0.22849412252952392,MAP_PMU,141,2.590020732443077e-05
4,UPFC_Vse,5-15,0.060434919159413646,17,0.06081571906829592,MAP_PMU,141,0.0003807999088822761
5,UPFC_tse,5-15,-2.152175144496183,17,-2.1498074184872142,MAP_PMU,141,0.002367726008968951
0,x_tcsc,1-14,-0.13586940372387027,18,-0.13580661068184674,MAP_PMU,141,6.279304202352898e-05
1,B_svc,2,0.2816141133712256,18,0.2813444854182666,MAP_PMU,141,0.000269627952958984
2,UPFC_Vsh,5-15,1.1043224306715105,18,1.1056731534264512,MAP_PMU,141,0.0013507227549407474
3,UPFC_tsh,5-15,-0.22850481834992398,18,-0.22849412252952392,MAP_PMU,141,1.0695820400058453e-05
4,UPFC_Vse,5-15,0.06067012951783377,18,0.06081571906829592,MAP_PMU,141,0.0001455895504621496
5,UPFC_tse,5-15,-2.146512879139558,18,-2.1498074184872142,MAP_PMU,141,0.0032945393476562224
0,x_tcsc,1-14,-0.13590869838328828,19,-0.13580661068184674,MAP_PMU,141,0.00010208770144154444
1,B_svc,2,0.2814033392506268,19,0.2813444854182666,MAP_PMU,141,5.885383236020614e-05
2,UPFC_Vsh,5-15,1.1041345143741963,19,1.1056731534264512,MAP_PMU,141,0.001538639052254931
3,UPFC_tsh,5-15,-0.22857442071136155,19,-0.22849412252952392,MAP_PMU,141,8.029818183763471e-05
4,UPFC_Vse,5-15,0.06039864987628209,19,0.06081571906829592,MAP_PMU,141,0.00041706919201383447
5,UPFC_tse,5-15,-2.149999289807221,19,-2.1498074184872142,MAP_PMU,141,0.00019187132000686447
0,x_tcsc,1-14,-0.1359039310801322,20,-0.13580661068184674,MAP_PMU,141,9.732039828547201e-05
1,B_svc,2,0.28182963804564465,20,0.2813444854182666,MAP_PMU,141,0.0004851526273780271
2,UPFC_Vsh,5-15,1.1044353225248835,20,1.1056731534264512,MAP_PMU,141,0.0012378309015677047
3,UPFC_tsh,5-15,-0.22844409733045545,20,-0.22849412252952392,MAP_PMU,141,5.0025199068465254e-05
4,UPFC_Vse,5-15,0.060295149653821746,20,0.06081571906829592,MAP_PMU,141,0.0005205694144741757
5,UPFC_tse,5-15,-2.1395126651803436,20,-2.1498074184872142,MAP_PMU,141,0.010294753306870685
0,x_tcsc,1-14,-0.13587163639130104,21,-0.13580661068184674,MAP_PMU,141,6.50257094542972e-05
1,B_svc,2,0.2815667220836679,21,0.2813444854182666,MAP_PMU,141,0.0002222366654012764
2,UPFC_Vsh,5-15,1.1044707810729142,21,1.1056731534264512,MAP_PMU,141,0.00120237235353704
3,UPFC_tsh,5-15,-0.22848165684190708,21,-0.22849412252952392,MAP_PMU,141,1.2465687616841636e-05
4,UPFC_Vse,5-15,0.06056624540550371,21,0.06081571906829592,MAP_PMU,141,0.00024947366279221006
5,UPFC_tse,5-15,-2.14707538656554,21,-2.1498074184872142,MAP_PMU,141,0.0027320319216741495
0,x_tcsc,1-14,-0.1358746905255932,22,-0.13580661068184674,MAP_PMU,141,6.807984374646026e-05
1,B_svc,2,0.2816747529427417,22,0.2813444854182666,MAP_PMU,141,0.0003302675244750697
2,UPFC_Vsh,5-15,1.1043498209483118,22,1.1056731534264512,MAP_PMU,141,0.0013233324781394273
3,UPFC_tsh,5-15,-0.22845861272993429,22,-0.22849412252952392,MAP_PMU,141,3.550979958963363e-05
4,UPFC_Vse,5-15,0.06006236535561995,22,0.06081571906829592,MAP_PMU,141,0.0007533537126759721
5,UPFC_tse,5-15,-2.154065779559331,22,-2.1498074184872142,MAP_PMU,141,0.004258361072116745
0,x_tcsc,1-14,-0.13587225668583147,23,-0.13580661068184674,MAP_PMU,141,6.564600398473175e-05
1,B_svc,2,0.28157661345392715,23,0.2813444854182666,MAP_PMU,141,0.0002321280356605282
2,UPFC_Vsh,5-15,1.1042395177234714,23,1.1056731534264512,MAP_PMU,141,0.0014336357029798297
3,UPFC_tsh,5-15,-0.22857963791030472,23,-0.22849412252952392,MAP_PMU,141,8.5515380780804e-05
4,UPFC_Vse,5-15,0.06035550414247636,23,0.06081571906829592,MAP_PMU,141,0.00046021492581956036
5,UPFC_tse,5-15,-2.151020092317106,23,-2.1498074184872142,MAP_PMU,141,0.0012126738298916528
0,x_tcsc,1-14,-0.135873228750411,24,-0.13580661068184674,MAP_PMU,141,6.66180685642559e-05
1,B_svc,2,0.28161705211427857,24,0.2813444854182666,MAP_PMU,141,0.0002725666960119444
2,UPFC_Vsh,5-15,1.1039618237622204,24,1.1056731534264512,MAP_PMU,141,0.0017113296642308207
3,UPFC_tsh,5-15,-0.22853117168265166,24,-0.22849412252952392,MAP_PMU,141,3.704915312774393e-05
4,UPFC_Vse,5-15,0.060618568116657216,24,0.06081571906829592,MAP_PMU,141,0.00019715095163870544
5,UPFC_tse,5-15,-2.155498729677857,24,-2.1498074184872142,MAP_PMU,141,0.0056913111906427005
0,x_tcsc,1-14,-0.1358625686261891,25,-0.13580661068184674,MAP_PMU,141,5.5957944342349686e-05
1,B_svc,2,0.2809279325110365,25,0.2813444854182666,MAP_PMU,141,0.0004165529072301388
2,UPFC_Vsh,5-15,1.1042026623361167,25,1.1056731534264512,MAP_PMU,141,0.0014704910903344803
3,UPFC_tsh,5-15,-0.22859117222503483,25,-0.22849412252952392,MAP_PMU,141,9.704969551091458e-05
4,UPFC_Vse,5-15,0.060552872436337064,25,0.06081571906829592,MAP_PMU,141,0.0002628466319588574
5,UPFC_tse,5-15,-2.156269206805203,25,-2.1498074184872142,MAP_PMU,141,0.006461788317988937
0,x_tcsc,1-14,-0.13588746162851836,26,-0.13580661068184674,MAP_PMU,141,8.08509466716234e-05
1,B_svc,2,0.28113471323867495,26,0.2813444854182666,MAP_PMU,141,0.00020977217959167183
2,UPFC_Vsh,5-15,1.104449361433953,26,1.1056731534264512,MAP_PMU,141,0.0012237919924982243
3,UPFC_tsh,5-15,-0.22856021960790548,26,-0.22849412252952392,MAP_PMU,141,6.60970783815662e-05
4,UPFC_Vse,5-15,0.060292433246488336,26,0.06081571906829592,MAP_PMU,141,0.0005232858218075856
5,UPFC_tse,5-15,-2.144568184638896,26,-2.1498074184872142,MAP_PMU,141,0.005239233848318037
0,x_tcsc,1-14,-0.13584377267607292,27,-0.13580661068184674,MAP_PMU,141,3.716199422618138e-05
1,B_svc,2,0.2815652541476597,27,0.2813444854182666,MAP_PMU,141,0.00022076872939308378
2,UPFC_Vsh,5-15,1.1040089210801398,27,1.1056731534264512,MAP_PMU,141,0.0016642323463114117
3,UPFC_tsh,5-15,-0.22853761965734729,27,-0.22849412252952392,MAP_PMU,141,4.3497127823366455e-05
4,UPFC_Vse,5-15,0.060146022952955104,27,0.06081571906829592,MAP_PMU,141,0.0006696961153408176
5,UPFC_tse,5-15,-2.1568605209327707,27,-2.1498074184872142,MAP_PMU,141,0.007053102445556458
0,x_tcsc,1-14,-0.13584781750712607,28,-0.13580661068184674,MAP_PMU,141,4.120682527933295e-05
1,B_svc,2,0.2814511731235114,28,0.2813444854182666,MAP_PMU,141,0.0001066877052448012
2,UPFC_Vsh,5-15,1.1041814556662461,28,1.1056731534264512,MAP_PMU,141,0.0014916977602050796
3,UPFC_tsh,5-15,-0.22850583955555476,28,-0.22849412252952392,MAP_PMU,141,1.1717026030838573e-05
4,UPFC_Vse,5-15,0.060616617485776216,28,0.06081571906829592,MAP_PMU,141,0.00019910158251970622
5,UPFC_tse,5-15,-2.145697924459633,28,-2.1498074184872142,MAP_PMU,141,0.004109494027581206
0,x_tcsc,1-14,-0.135894299301301,29,-0.13580661068184674,MAP_PMU,141,8.768861945426809e-05
1,B_svc,2,0.2816691985810145,29,0.2813444854182666,MAP_PMU,141,0.00032471316274790274
2,UPFC_Vsh,5-15,1.1046225885516623,29,1.1056731534264512,MAP_PMU,141,0.0010505648747889396
3,UPFC_tsh,5-15,-0.2284703986512823,29,-0.22849412252952392,MAP_PMU,141,2.3723878241621588e-05
4,UPFC_Vse,5-15,0.06015409669757849,29,0.06081571906829592,MAP_PMU,141,0.0006616223707174296
5,UPFC_tse,5-15,-2.145541496708755,29,-2.1498074184872142,MAP_PMU,141,0.004265921778459081
0,x_tcsc,1-14,-0.1358869185720503,30,-0.13580661068184674,MAP_PMU,141,8.030789020355145e-05
1,B_svc,2,0.2814984253647123,30,0.2813444854182666,MAP_PMU,141,0.00015393994644569142
2,UPFC_Vsh,5-15,1.104625793504608,30,1.1056731534264512,MAP_PMU,141,0.0010473599218432383
3,UPFC_tsh,5-15,-0.22848277764753055,30,-0.22849412252952392,MAP_PMU,141,1.1344881993363698e-05
4,UPFC_Vse,5-15,0.0602105995814428,30,0.06081571906829592,MAP_PMU,141,0.0006051194868531215
5,UPFC_tse,5-15,-2.157622725759551,30,-2.1498074184872142,MAP_PMU,141,0.007815307272336813
0,x_tcsc,1-14,-0.1358857163887166,31,-0.13580661068184674,MAP_PMU,141,7.910570686986418e-05
1,B_svc,2,0.28117511714601967,31,0.2813444854182666,MAP_PMU,141,0.00016936827224695028
2,UPFC_Vsh,5-15,1.1043394498513228,31,1.1056731534264512,MAP_PMU,141,0.0013337035751284088
3,UPFC_tsh,5-15,-0.22854578205100196,31,-0.22849412252952392,MAP_PMU,141,5.1659521478036874e-05
4,UPFC_Vse,5-15,0.060797109088174185,31,0.06081571906829592,MAP_PMU,141,1.8609980121736536e-05
5,UPFC_tse,5-15,-2.161412956957139,31,-2.1498074184872142,MAP_PMU,141,0.011605538469924959
0,x_tcsc,1-14,-0.13586779589549264,32,-0.13580661068184674,MAP_PMU,141,6.118521364589791e-05
1,B_svc,2,0.28140522288849035,32,0.2813444854182666,MAP_PMU,141,6.073747022372622e-05
2,UPFC_Vsh,5-15,1.104444244988675,32,1.1056731534264512,MAP_PMU,141,0.0012289084377761217
3,UPFC_tsh,5-15,-0.2285224322536386,32,-0.22849412252952392,MAP_PMU,141,2.8309724114689017e-05
4,UPFC_Vse,5-15,0.060477080257451535,32,0.06081571906829592,MAP_PMU,141,0.0003386388108443869
5,UPFC_tse,5-15,-2.1486135457912354,32,-2.1498074184872142,MAP_PMU,141,0.0011938726959788148
0,x_tcsc,1-14,-0.1358961650101508,33,-0.13580661068184674,MAP_PMU,141,8.955432830407006e-05
1,B_svc,2,0.2813159768517492,33,0.2813444854182666,MAP_PMU,141,2.8508566517426726e-05
2,UPFC_Vsh,5-15,1.1044319069998592,33,1.1056731534264512,MAP_PMU,141,0.0012412464265920686
3,UPFC_tsh,5-15,-0.2285549626076832,33,-0.22849412252952392,MAP_PMU,141,6.0840078159291044e-05
4,UPFC_Vse,5-15,0.05994075261795948,33,0.06081571906829592,MAP_PMU,141,0.0008749664503364396
5,UPFC_tse,5-15,-2.15049419425453,33,-2.1498074184872142,MAP_PMU,141,0.0006867757673156838
0,x_tcsc,1-14,-0.13588050311062788,34,-0.13580661068184674,MAP_PMU,141,7.389242878114155e-05
1,B_svc,2,0.28173701304968335,34,0.2813444854182666,MAP_PMU,141,0.0003925276314167281
2,UPFC_Vsh,5-15,1.104667975097208,34,1.1056731534264512,MAP_PMU,141,0.0010051783292432948
3,UPFC_tsh,5-15,-0.22844140261505724,34,-0.22849412252952392,MAP_PMU,141,5.271991446667568e-05
4,UPFC_Vse,5-15,0.059924235236499014,34,0.06081571906829592,MAP_PMU,141,0.0008914838317969076
5,UPFC_tse,5-15,-2.144898101635265,34,-2.1498074184872142,MAP_PMU,141,0.004909316851949175
0,x_tcsc,1-14,-0.1358480986299632,35,-0.13580661068184674,MAP_PMU,141,4.148794811645318e-05
1,B_svc,2,0.28131460753943727,35,0.2813444854182666,MAP_PMU,141,2.987787882935411e-05
2,UPFC_Vsh,5-15,1.1042254916082692,35,1.1056731534264512,MAP_PMU,141,0.0014476618181820111
3,UPFC_tsh,5-15,-0.22848803694118108,35,-0.22849412252952392,MAP_PMU,141,6.085588342835679e-06
4,UPFC_Vse,5-15,0.06022132400523294,35,0.06081571906829592,MAP_PMU,141,0.000594395063062983
5,UPFC_tse,5-15,-2.150535760844645,35,-2.1498074184872142,MAP_PMU,141,0.0007283423574309111
0,x_tcsc,1-14,-0.1359061032127979,36,-0.13580661068184674,MAP_PMU,141,9.949253095115074e-05
1,B_svc,2,0.28141525448652405,36,0.2813444854182666,MAP_PMU,141,7.07690682574258e-05
2,UPFC_Vsh,5-15,1.1043093186497746,36,1.1056731534264512,MAP_PMU,141,0.0013638347766766756
3,UPFC_tsh,5-15,-0.22849294711253315,36,-0.22849412252952392,MAP_PMU,141,1.1754169907673973e-06
4,UPFC_Vse,5-15,0.059854551684092004,36,0.06081571906829592,MAP_PMU,141,0.0009611673842039176
5,UPFC_tse,5-15,-2.1530190526345394,36,-2.1498074184872142,MAP_PMU,141,0.003211634147325171
0,x_tcsc,1-14,-0.1358761443581522,37,-0.13580661068184674,MAP_PMU,141,6.953367630546659e-05
1,B_svc,2,0.2812946266771344,37,0.2813444854182666,MAP_PMU,141,4.985874113222488e-05
2,UPFC_Vsh,5-15,1.1041134882508503,37,1.1056731534264512,MAP_PMU,141,0.0015596651756009106
3,UPFC_tsh,5-15,-0.22853001319343702,37,-0.22849412252952392,MAP_PMU,141,3.5890663913101806e-05
4,UPFC_Vse,5-15,0.06022538639972308,37,0.06081571906829592,MAP_PMU,141,0.0005903326685728419
5,UPFC_tse,5-15,-2.1473225795880833,37,-2.1498074184872142,MAP_PMU,141,0.002484838899130981
0,x_tcsc,1-14,-0.13587257158632549,38,-0.13580661068184674,MAP_PMU,141,6.59609044787457e-05
1,B_svc,2,0.2812859522094797,38,0.2813444854182666,MAP_PMU,141,5.8533208786903934e-05
2,UPFC_Vsh,5-15,1.1044229703768853,38,1.1056731534264512,MAP_PMU,141,0.0012501830495659227
3,UPFC_tsh,5-15,-0.22851372478983722,38,-0.22849412252952392,MAP_PMU,141,1.960226031330614e-05
4,UPFC_Vse,5-15,0.060639074050433665,38,0.06081571906829592,MAP_PMU,141,0.0001766450178622564
5,UPFC_tse,5-15,-2.159545784919593,38,-2.1498074184872142,MAP_PMU,141,0.009738366432378687
0,x_tcsc,1-14,-0.13588717804949732,39,-0.13580661068184674,MAP_PMU,141,8.056736765058026e-05
1,B_svc,2,0.2807597915572233,39,0.2813444854182666,MAP_PMU,141,0.0005846938610433172
2,UPFC_Vsh,5-15,1.104632794142197,39,1.1056731534264512,MAP_PMU,141,0.0010403592842542775
3,UPFC_tsh,5-15,-0.22850539259004116,39,-0.22849412252952392,MAP_PMU,141,1.1270060517237779e-05
4,UPFC_Vse,5-15,0.060281248685042865,39,0.06081571906829592,MAP_PMU,141,0.0005344703832530565
5,UPFC_tse,5-15,-2.149037787592202,39,-2.1498074184872142,MAP_PMU,141,0.0007696308950122521
0,x_tcsc,1-14,-0.13585720548818617,40,-0.13580661068184674,MAP_PMU,141,5.059480633942681e-05
1,B_svc,2,0.2813616117957028,40,0.2813444854182666,MAP_PMU,141,1.7126377436171847e-05
2,UPFC_Vsh,5-15,1.1042329230527446,40,1.1056731534264512,MAP_PMU,141,0.0014402303737066635
3,UPFC_tsh,5-15,-0.22853109009842199,40,-0.22849412252952392,MAP_PMU,141,3.6967568898066405e-05
4,UPFC_Vse,5-15,0.060470490351956896,40,0.06081571906829592,MAP_PMU,141,0.0003452287163390258
5,UPFC_tse,5-15,-2.144059623844939,40,-2.1498074184872142,MAP_PMU,141,0.005747794642275039
0,x_tcsc,1-14,-0.13585568810406115,41,-0.13580661068184674,MAP_PMU,141,4.9077422214410804e-05
1,B_svc,2,0.2814573271040741,41,0.2813444854182666,MAP_PMU,141,0.00011284168580749654
2,UPFC_Vsh,5-15,1.1046312917607486,41,1.1056731534264512,MAP_PMU,141,0.001041861665702637
3,UPFC_tsh,5-15,-0.22847826065846608,41,-0.22849412252952392,MAP_PMU,141,1.586187105784287e-05
4,UPFC_Vse,5-15,0.060003041755797355,41,0.06081571906829592,MAP_PMU,141,0.0008126773124985665
5,UPFC_tse,5-15,-2.150058584106834,41,-2.1498074184872142,MAP_PMU,141,0.00025116561961979755
0,x_tcsc,1-14,-0.13589164346661867,42,-0.13580661068184674,MAP_PMU,141,8.503278477192677e-05
1,B_svc,2,0.28132485984784167,42,0.2813444854182666,MAP_PMU,141,1.962557042495261e-05
2,UPFC_Vsh,5-15,1.1044429976005914,42,1.1056731534264512,MAP_PMU,141,0.0012301558258598355
3,UPFC_tsh,5-15,-0.22854872737065232,42,-0.22849412252952392,MAP_PMU,141,5.4604841128402803e-05
4,UPFC_Vse,5-15,0.060428916110443445,42,0.06081571906829592,MAP_PMU,141,0.0003868029578524765
5,UPFC_tse,5-15,-2.150865037728837,42,-2.1498074184872142,MAP_PMU,141,0.0010576192416227315
0,x_tcsc,1-14,-0.1358756933339755,43,-0.13580661068184674,MAP_PMU,141,6.908265212876574e-05
1,B_svc,2,0.2818042949227555,43,0.2813444854182666,MAP_PMU,141,0.0004598095044888728
2,UPFC_Vsh,5-15,1.1043440461241625,43,1.1056731534264512,MAP_PMU,141,0.0013291073022887456
3,UPFC_tsh,5-15,-0.2284789325255458,43,-0.22849412252952392,MAP_PMU,141,1.5190003978121647e-05
4,UPFC_Vse,5-15,0.05978758730848647,43,0.06081571906829592,MAP_PMU,141,0.001028131759809453
5,UPFC_tse,5-15,-2.1414579645375906,43,-2.1498074184872142,MAP_PMU,141,0.008349453949623609
0,x_tcsc,1-14,-0.13590867146823205,44,-0.13580661068184674,MAP_PMU,141,0.00010206078638530514
1,B_svc,2,0.2814637727460227,44,0.2813444854182666,MAP_PMU,141,0.00011928732775606798
2,UPFC_Vsh,5-15,1.104365717415844,44,1.1056731534264512,MAP_PMU,141,0.0013074360106071214
3,UPFC_tsh,5-15,-0.2284316934555784,44,-0.22849412252952392,MAP_PMU,141,6.242907394551911e-05
4,UPFC_Vse,5-15,0.06024753135877657,44,0.06081571906829592,MAP_PMU,141,0.0005681877095193508
5,UPFC_tse,5-15,-2.1514415678910517,44,-2.1498074184872142,MAP_PMU,141,0.0016341494038374371
0,x_tcsc,1-14,-0.1359327127076171,45,-0.13580661068184674,MAP_PMU,141,0.00012610202577034713
1,B_svc,2,0.2812906199316437,45,0.2813444854182666,MAP_PMU,141,5.386548662289492e-05
2,UPFC_Vsh,5-15,1.10466970220004,45,1.1056731534264512,MAP_PMU,141,0.0010034512264112116
3,UPFC_tsh,5-15,-0.22847977484988263,45,-0.22849412252952392,MAP_PMU,141,1.4347679641285582e-05
4,UPFC_Vse,5-15,0.05984424645746035,45,0.06081571906829592,MAP_PMU,141,0.0009714726108355706
5,UPFC_tse,5-15,-2.141215382689081,45,-2.1498074184872142,MAP_PMU,141,0.008592035798133058
0,x_tcsc,1-14,-0.13586740901897731,46,-0.13580661068184674,MAP_PMU,141,6.0798337130574254e-05
1,B_svc,2,0.2811792101264138,46,0.2813444854182666,MAP_PMU,141,0.00016527529185283996
2,UPFC_Vsh,5-15,1.1043374771993657,46,1.1056731534264512,MAP_PMU,141,0.001335676227085525
3,UPFC_tsh,5-15,-0.22845424089587807,46,-0.22849412252952392,MAP_PMU,141,3.9881633645849623e-05
4,UPFC_Vse,5-15,0.060338947317079165,46,0.06081571906829592,MAP_PMU,141,0.0004767717512167563
5,UPFC_tse,5-15,-2.1460360003002834,46,-2.1498074184872142,MAP_PMU,141,0.0037714181869308305
0,x_tcsc,1-14,-0.1358898249452624,47,-0.13580661068184674,MAP_PMU,141,8.321426341564853e-05
1,B_svc,2,0.28172262092167577,47,0.2813444854182666,MAP_PMU,141,0.00037813550340914936
2,UPFC_Vsh,5-15,1.1041755202254238,47,1.1056731534264512,MAP_PMU,141,0.0014976332010274707
3,UPFC_tsh,5-15,-0.2285426696166924,47,-0.22849412252952392,MAP_PMU,141,4.854708716847678e-05
4,UPFC_Vse,5-15,0.059843538328731134,47,0.06081571906829592,MAP_PMU,141,0.0009721807395647875
5,UPFC_tse,5-15,-2.1531020142606603,47,-2.1498074184872142,MAP_PMU,141,0.0032945957734460407
0,x_tcsc,1-14,-0.13587403973519896,48,-0.13580661068184674,MAP_PMU,141,6.742905335221927e-05
1,B_svc,2,0.28157218221816477,48,0.2813444854182666,MAP_PMU,141,0.00022769679989814717
2,UPFC_Vsh,5-15,1.1044937603512042,48,1.1056731534264512,MAP_PMU,141,0.0011793930752470594
3,UPFC_tsh,5-15,-0.22850680414950494,48,-0.22849412252952392,MAP_PMU,141,1.268161998102535e-05
4,UPFC_Vse,5-15,0.060617988969585056,48,0.06081571906829592,MAP_PMU,141,0.000197730098710866
5,UPFC_tse,5-15,-2.148028272957844,48,-2.1498074184872142,MAP_PMU,141,0.0017791455293703073
0,x_tcsc,1-14,-0.13582237141819184,49,-0.13580661068184674,MAP_PMU,141,1.5760736345099557e-05
1,B_svc,2,0.281004712014404,49,0.2813444854182666,MAP_PMU,141,0.0003397734038625977
2,UPFC_Vsh,5-15,1.1040757767222182,49,1.1056731534264512,MAP_PMU,141,0.001597376704232989
3,UPFC_tsh,5-15,-0.22846561261798048,49,-0.22849412252952392,MAP_PMU,141,2.8509911543433963e-05
4,UPFC_Vse,5-15,0.060616869245788546,49,0.06081571906829592,MAP_PMU,141,0.00019884982250737565
5,UPFC_tse,5-15,-2.1587285837150922,49,-2.1498074184872142,MAP_PMU,141,0.008921165227878003
0,x_tcsc,1-14,-0.1358537066594665,50,-0.13580661068184674,MAP_PMU,141,4.709597761975992e-05
1,B_svc,2,0.28168220739853983,50,0.2813444854182666,MAP_PMU,141,0.000337721980273209
2,UPFC_Vsh,5-15,1.1042182527783342,50,1.1056731534264512,MAP_PMU,141,0.0014549006481170412
3,UPFC_tsh,5-15,-0.2285178104232125,50,-0.22849412252952392,MAP_PMU,141,2.3687893688589812e-05
4,UPFC_Vse,5-15,0.06052691205172156,50,0.06081571906829592,MAP_PMU,141,0.000288807016574362
5,UPFC_tse,5-15,-2.148783323952697,50,-2.1498074184872142,MAP_PMU,141,0.0010240945345172392
0,x_tcsc,1-14,-0.13587709794254166,51,-0.13580661068184674,MAP_PMU,141,7.048726069491806e-05
1,B_svc,2,0.2813675629537098,51,0.2813444854182666,MAP_PMU,141,2.307753544317226e-05
2,UPFC_Vsh,5-15,1.104256436547526,51,1.1056731534264512,MAP_PMU,141,0.001416716878925195
3,UPFC_tsh,5-15,-0.22851888126653744,51,-0.22849412252952392,MAP_PMU,141,2.4758737013519383e-05
4,UPFC_Vse,5-15,0.060443020982755676,51,0.06081571906829592,MAP_PMU,141,0.0003726980855402462
5,UPFC_tse,5-15,-2.146895546040622,51,-2.1498074184872142,MAP_PMU,141,0.0029118724465924117
0,x_tcsc,1-14,-0.13588649399508165,52,-0.13580661068184674,MAP_PMU,141,7.988331323491304e-05
1,B_svc,2,0.28184739471038867,52,0.2813444854182666,MAP_PMU,141,0.0005029092921220446
2,UPFC_Vsh,5-15,1.104604693568525,52,1.1056731534264512,MAP_PMU,141,0.0010684598579262516
3,UPFC_tsh,5-15,-0.22852925420839357,52,-0.22849412252952392,MAP_PMU,141,3.513167886964874e-05
4,UPFC_Vse,5-15,0.06011040541015417,52,0.06081571906829592,MAP_PMU,141,0.0007053136581417485
5,UPFC_tse,5-15,-2.149558815219801,52,-2.1498074184872142,MAP_PMU,141,0.0002486032674133831
0,x_tcsc,1-14,-0.1358479789807609,53,-0.13580661068184674,MAP_PMU,141,4.1368298914157275e-05
1,B_svc,2,0.28146082394465755,53,0.2813444854182666,MAP_PMU,141,0.00011633852639092446
2,UPFC_Vsh,5-15,1.1043907459178899,53,1.1056731534264512,MAP_PMU,141,0.0012824075085613451
3,UPFC_tsh,5-15,-0.22852603377714276,53,-0.22849412252952392,MAP_PMU,141,3.191124761883768e-05
4,UPFC_Vse,5-15,0.06019503163210747,53,0.06081571906829592,MAP_PMU,141,0.0006206874361884551
5,UPFC_tse,5-15,-2.156827716140317,53,-2.1498074184872142,MAP_PMU,141,0.007020297653102858
0,x_tcsc,1-14,-0.13586158519771982,54,-0.13580661068184674,MAP_PMU,141,5.4974515873079666e-05
1,B_svc,2,0.2815739024486969,54,0.2813444854182666,MAP_PMU,141,0.00022941703043027895
2,UPFC_Vsh,5-15,1.1045417775218211,54,1.1056731534264512,MAP_PMU,141,0.001131375904630083
3,UPFC_tsh,5-15,-0.2284316184516773,54,-0.22849412252952392,MAP_PMU,141,6.250407784660905e-05
4,UPFC_Vse,5-15,0.06030991697497109,54,0.06081571906829592,MAP_PMU,141,0.0005058020933248336
5,UPFC_tse,5-15,-2.140685930282799,54,-2.1498074184872142,MAP_PMU,141,0.009121488204415051
0,x_tcsc,1-14,-0.135893452602454,55,-0.13580661068184674,MAP_PMU,141,8.684192060726126e-05
1,B_svc,2,0.2814283338565694,55,0.2813444854182666,MAP_PMU,141,8.384843830278044e-05
2,UPFC_Vsh,5-15,1.1044628839648487,55,1.1056731534264512,MAP_PMU,141,0.00121026946160252
3,UPFC_tsh,5-15,-0.22848837066254382,55,-0.22849412252952392,MAP_PMU,141,5.751866980097109e-06
4,UPFC_Vse,5-15,0.06029214892959922,55,0.06081571906829592,MAP_PMU,141,0.0005235701386967009
5,UPFC_tse,5-15,-2.149197348731094,55,-2.1498074184872142,MAP_PMU,141,0.0006100697561204349
0,x_tcsc,1-14,-0.13586582012344392,56,-0.13580661068184674,MAP_PMU,141,5.920944159718e-05
1,B_svc,2,0.28132910622619006,56,0.2813444854182666,MAP_PMU,141,1.5379192076558912e-05
2,UPFC_Vsh,5-15,1.1045234992060053,56,1.1056731534264512,MAP_PMU,141,0.0011496542204458837
3,UPFC_tsh,5-15,-0.22842436466630298,56,-0.22849412252952392,MAP_PMU,141,6.97578632209428e-05
4,UPFC_Vse,5-15,0.06016595584831872,56,0.06081571906829592,MAP_PMU,141,0.0006497632199772008
5,UPFC_tse,5-15,-2.140130651129853,56,-2.1498074184872142,MAP_PMU,141,0.009676767357361449
0,x_tcsc,1-14,-0.1358455408558041,57,-0.13580661068184674,MAP_PMU,141,3.893017395736886e-05
1,B_svc,2,0.2817060307558217,57,0.2813444854182666,MAP_PMU,141,0.00036154533755505813
2,UPFC_Vsh,5-15,1.1043047931716983,57,1.1056731534264512,MAP_PMU,141,0.0013683602547529539
3,UPFC_tsh,5-15,-0.22847189770974968,57,-0.22849412252952392,MAP_PMU,141,2.222481977423585e-05
4,UPFC_Vse,5-15,0.06031494693452714,57,0.06081571906829592,MAP_PMU,141,0.0005007721337687843
5,UPFC_tse,5-15,-2.1378804771934345,57,-2.1498074184872142,MAP_PMU,141,0.011926941293779691
0,x_tcsc,1-14,-0.13590814769676485,58,-0.13580661068184674,MAP_PMU,141,0.00010153701491810718
1,B_svc,2,0.28102148015123796,58,0.2813444854182666,MAP_PMU,141,0.0003230052670286643
2,UPFC_Vsh,5-15,1.1043184533266792,58,1.1056731534264512,MAP_PMU,141,0.0013547000997720104
3,UPFC_tsh,5-15,-0.22849493286629496,58,-0.22849412252952392,MAP_PMU,141,8.103367710454723e-07
4,UPFC_Vse,5-15,0.0599340467745909,58,0.06081571906829592,MAP_PMU,141,0.0008816722937050187
5,UPFC_tse,5-15,-2.159770733351397,58,-2.1498074184872142,MAP_PMU,141,0.00996331486418267
0,x_tcsc,1-14,-0.1358594847444682,59,-0.13580661068184674,MAP_PMU,141,5.2874062621471873e-05
1,B_svc,2,0.28164348082776264,59,0.2813444854182666,MAP_PMU,141,0.0002989954094960168
2,UPFC_Vsh,5-15,1.104499595360629,59,1.1056731534264512,MAP_PMU,141,0.001173558065822311
3,UPFC_tsh,5-15,-0.22850196972963205,59,-0.22849412252952392,MAP_PMU,141,7.847200108129782e-06
4,UPFC_Vse,5-15,0.060321504084758455,59,0.06081571906829592,MAP_PMU,141,0.0004942149835374665
5,UPFC_tse,5-15,-2.1429434829435734,59,-2.1498074184872142,MAP_PMU,141,0.006863935543640842
0,x_tcsc,1-14,-0.13583946523776752,60,-0.13580661068184674,MAP_PMU,141,3.285455592078046e-05
1,B_svc,2,0.28117630049944076,60,0.2813444854182666,MAP_PMU,141,0.0001681849188258644
2,UPFC_Vsh,5-15,1.1048665364848689,60,1.1056731534264512,MAP_PMU,141,0.0008066169415823499
3,UPFC_tsh,5-15,-0.22846509493038952,60,-0.22849412252952392,MAP_PMU,141,2.9027599134395787e-05
4,UPFC_Vse,5-15,0.06021188273914029,60,0.06081571906829592,MAP_PMU,141,0.0006038363291556298
5,UPFC_tse,5-15,-2.15704184192821,60,-2.1498074184872142,MAP_PMU,141,0.007234423440995563
0,x_tcsc,1-14,-0.13591558772396783,61,-0.13580661068184674,MAP_PMU,141,0.00010897704212109449
1,B_svc,2,0.28154915488787835,61,0.2813444854182666,MAP_PMU,141,0.00020466946961172905
2,UPFC_Vsh,5-15,1.1044451183840598,61,1.1056731534264512,MAP_PMU,141,0.00122803504239144
3,UPFC_tsh,5-15,-0.22844142173403498,61,-0.22849412252952392,MAP_PMU,141,5.2700795488941354e-05
4,UPFC_Vse,5-15,0.0599046607437645,61,0.06081571906829592,MAP_PMU,141,0.0009110583245314219
5,UPFC_tse,5-15,-2.1518187278007446,61,-2.1498074184872142,MAP_PMU,141,0.0020113093135303295
0,x_tcsc,1-14,-0.13589795558798276,62,-0.13580661068184674,MAP_PMU,141,9.134490613602053e-05
1,B_svc,2,0.28142060409172154,62,0.2813444854182666,MAP_PMU,141,7.611867345491685e-05
2,UPFC_Vsh,5-15,1.104558746536962,62,1.1056731534264512,MAP_PMU,141,0.0011144068894892722
3,UPFC_tsh,5-15,-0.22850548535555312,62,-0.22849412252952392,MAP_PMU,141,1.1362826029204243e-05
4,UPFC_Vse,5-15,0.060116544405646455,62,0.06081571906829592,MAP_PMU,141,0.0006991746626494669
5,UPFC_tse,5-15,-2.151976267294679,62,-2.1498074184872142,MAP_PMU,141,0.0021688488074649293
0,x_tcsc,1-14,-0.13586218520637683,63,-0.13580661068184674,MAP_PMU,141,5.557452453008871e-05
1,B_svc,2,0.28151282893388563,63,0.2813444854182666,MAP_PMU,141,0.00016834351561900718
2,UPFC_Vsh,5-15,1.1040763612496765,63,1.1056731534264512,MAP_PMU,141,0.001596792176774775
3,UPFC_tsh,5-15,-0.22852636129416615,63,-0.22849412252952392,MAP_PMU,141,3.223876464222841e-05
4,UPFC_Vse,5-15,0.06069959971399131,63,0.06081571906829592,MAP_PMU,141,0.00011611935430461129
5,UPFC_tse,5-15,-2.156018321474428,63,-2.1498074184872142,MAP_PMU,141,0.006210902987213718
0,x_tcsc,1-14,-0.13590950956764333,64,-0.13580661068184674,MAP_PMU,141,0.0001028988857965929
1,B_svc,2,0.28137963158266516,64,0.2813444854182666,MAP_PMU,141,3.514616439853624e-05
2,UPFC_Vsh,5-15,1.1042999842610761,64,1.1056731534264512,MAP_PMU,141,0.00137316916537511
3,UPFC_tsh,5-15,-0.22848948460971424,64,-0.22849412252952392,MAP_PMU,141,4.637919809674651e-06
4,UPFC_Vse,5-15,0.06037061258466979,64,0.06081571906829592,MAP_PMU,141,0.00044510648362613286
5,UPFC_tse,5-15,-2.149185415467805,64,-2.1498074184872142,MAP_PMU,141,0.0006220030194090675
0,x_tcsc,1-14,-0.13585399271996107,65,-0.13580661068184674,MAP_PMU,141,4.738203811432973e-05
1,B_svc,2,0.2815627125204647,65,0.2813444854182666,MAP_PMU,141,0.0002182271021980986
2,UPFC_Vsh,5-15,1.10447166873382,65,1.1056731534264512,MAP_PMU,141,0.0012014846926311495
3,UPFC_tsh,5-15,-0.2285084731035272,65,-0.22849412252952392,MAP_PMU,141,1.4350574003285654e-05
4,UPFC_Vse,5-15,0.06022501704316408,65,0.06081571906829592,MAP_PMU,141,0.0005907020251318396
5,UPFC_tse,5-15,-2.150705237040287,65,-2.1498074184872142,MAP_PMU,141,0.0008978185530725824
0,x_tcsc,1-14,-0.1358755582682936,66,-0.13580661068184674,MAP_PMU,141,6.894758644684917e-05
1,B_svc,2,0.28194884698922557,66,0.2813444854182666,MAP_PMU,141,0.0006043615709589445
2,UPFC_Vsh,5-15,1.1042988077163642,66,1.1056731534264512,MAP_PMU,141,0.0013743457100869882
3,UPFC_tsh,5-15,-0.22853339018240032,66,-0.22849412252952392,MAP_PMU,141,3.926765287640133e-05
4,UPFC_Vse,5-15,0.059859943261851095,66,0.06081571906829592,MAP_PMU,141,0.0009557758064448266
5,UPFC_tse,5-15,-2.1562757233842365,66,-2.1498074184872142,MAP_PMU,141,0.0064683048970222146
0,x_tcsc,1-14,-0.13586376680215254,67,-0.13580661068184674,MAP_PMU,141,5.7156120305795755e-05
1,B_svc,2,0.28206392081886406,67,0.2813444854182666,MAP_PMU,141,0.0007194354005974346
2,UPFC_Vsh,5-15,1.1043341749053872,67,1.1056731534264512,MAP_PMU,141,0.001338978521064016
3,UPFC_tsh,5-15,-0.22846550015159575,67,-0.22849412252952392,MAP_PMU,141,2.862237792816691e-05
4,UPFC_Vse,5-15,0.060018812443632816,67,0.06081571906829592,MAP_PMU,141,0.000796906624663106
5,UPFC_tse,5-15,-2.148127524646443,67,-2.1498074184872142,MAP_PMU,141,0.0016798938407713848
0,x_tcsc,1-14,-0.13586360120640628,68,-0.13580661068184674,MAP_PMU,141,5.6990524559541456e-05
1,B_svc,2,0.2815975282247785,68,0.2813444854182666,MAP_PMU,141,0.0002530428065118939
2,UPFC_Vsh,5-15,1.104464453980383,68,1.1056731534264512,MAP_PMU,141,0.0012086994460682732
3,UPFC_tsh,5-15,-0.22855143644817147,68,-0.22849412252952392,MAP_PMU,141,5.73139186475502e-05
4,UPFC_Vse,5-15,0.06037450418665827,68,0.06081571906829592,MAP_PMU,141,0.00044121488163765404
5,UPFC_tse,5-15,-2.149373532116963,68,-2.1498074184872142,MAP_PMU,141,0.000433886370251102
0,x_tcsc,1-14,-0.13588608660982146,69,-0.13580661068184674,MAP_PMU,141,7.947592797472036e-05
1,B_svc,2,0.2809810555981721,69,0.2813444854182666,MAP_PMU,141,0.0003634298200945185
2,UPFC_Vsh,5-15,1.104574402195289,69,1.1056731534264512,MAP_PMU,141,0.0010987512311622094
3,UPFC_tsh,5-15,-0.2284907054655969,69,-0.22849412252952392,MAP_PMU,141,3.417063927008135e-06
4,UPFC_Vse,5-15,0.0606106203924116,69,0.06081571906829592,MAP_PMU,141,0.0002050986758843215
5,UPFC_tse,5-15,-2.153420887538125,69,-2.1498074184872142,MAP_PMU,141,0.003613469050910645
0,x_tcsc,1-14,-0.13589642451353318,70,-0.13580661068184674,MAP_PMU,141,8.981383168643609e-05
1,B_svc,2,0.2811680677192721,70,0.2813444854182666,MAP_PMU,141,0.0001764176989945132
2,UPFC_Vsh,5-15,1.1043699930284894,70,1.1056731534264512,MAP_PMU,141,0.0013031603979618556
3,UPFC_tsh,5-15,-0.2285104751945932,70,-0.22849412252952392,MAP_PMU,141,1.6352665069274686e-05
4,UPFC_Vse,5-15,0.05977776617051108,70,0.06081571906829592,MAP_PMU,141,0.0010379528977848412
5,UPFC_tse,5-15,-2.140785025212402,70,-2.1498074184872142,MAP_PMU,141,0.009022393274812135
0,x_tcsc,1-14,-0.13587615570529935,71,-0.13580661068184674,MAP_PMU,141,6.954502345260516e-05
1,B_svc,2,0.28150721875357737,71,0.2813444854182666,MAP_PMU,141,0.00016273333531074963
2,UPFC_Vsh,5-15,1.1044706918131755,71,1.1056731534264512,MAP_PMU,141,0.0012024616132757515
3,UPFC_tsh,5-15,-0.2285584075459235,71,-0.22849412252952392,MAP_PMU,141,6.42850163995734e-05
4,UPFC_Vse,5-15,0.060298309465167774,71,0.06081571906829592,MAP_PMU,141,0.000517409603128148
5,UPFC_tse,5-15,-2.1484021552177555,71,-2.1498074184872142,MAP_PMU,141,0.0014052632694587786
0,x_tcsc,1-14,-0.13589353027100753,72,-0.13580661068184674,MAP_PMU,141,8.691958916079434e-05
1,B_svc,2,0.2815924828344682,72,0.2813444854182666,MAP_PMU,141,0.000247997416201573
2,UPFC_Vsh,5-15,1.1044357819025301,72,1.1056731534264512,MAP_PMU,141,0.0012373715239211158
3,UPFC_tsh,5-15,-0.22848533102999863,72,-0.22849412252952392,MAP_PMU,141,8.791499525290236e-06
4,UPFC_Vse,5-15,0.060156290084437576,72,0.06081571906829592,MAP_PMU,141,0.0006594289838583456
5,UPFC_tse,5-15,-2.1453290656124655,72,-2.1498074184872142,MAP_PMU,141,0.004478352874748737
0,x_tcsc,1-14,-0.1358738137753217,73,-0.13580661068184674,MAP_PMU,141,6.720309347496567e-05
1,B_svc,2,0.28161686769585575,73,0.2813444854182666,MAP_PMU,141,0.0002723822775891338
2,UPFC_Vsh,5-15,1.1041792961834247,73,1.1056731534264512,MAP_PMU,141,0.0014938572430265307
3,UPFC_tsh,5-15,-0.2285261954710716,73,-0.22849412252952392,MAP_PMU,141,3.207294154769502e-05
4,UPFC_Vse,5-15,0.060213101991455194,73,0.06081571906829592,MAP_PMU,141,0.000602617076840728
5,UPFC_tse,5-15,-2.1631308641439193,73,-2.1498074184872142,MAP_PMU,141,0.013323445656705069
0,x_tcsc,1-14,-0.1359411855944732,74,-0.13580661068184674,MAP_PMU,141,0.0001345749126264728
1,B_svc,2,0.28193505700069565,74,0.2813444854182666,MAP_PMU,141,0.0005905715824290336
2,UPFC_Vsh,5-15,1.104183896685438,74,1.1056731534264512,MAP_PMU,141,0.0014892567410131896
3,UPFC_tsh,5-15,-0.2285532164233578,74,-0.22849412252952392,MAP_PMU,141,5.9093893833878086e-05
4,UPFC_Vse,5-15,0.06078875744763802,74,0.06081571906829592,MAP_PMU,141,2.6961620657899033e-05
5,UPFC_tse,5-15,-2.1463472224088314,74,-2.1498074184872142,MAP_PMU,141,0.0034601960783828822
0,x_tcsc,1-14,-0.1358975137199738,75,-0.13580661068184674,MAP_PMU,141,9.090303812706035e-05
1,B_svc,2,0.2814565284508061,75,0.2813444854182666,MAP_PMU,141,0.00011204303253947723
2,UPFC_Vsh,5-15,1.103996592801745,75,1.1056731534264512,MAP_PMU,141,0.0016765606247062248
3,UPFC_tsh,5-15,-0.2285483761497071,75,-0.22849412252952392,MAP_PMU,141,5.425362018318669e-05
4,UPFC_Vse,5-15,0.0607883785193416,75,0.06081571906829592,MAP_PMU,141,2.73405489543202e-05
5,UPFC_tse,5-15,-2.1473611529655945,75,-2.1498074184872142,MAP_PMU,141,0.0024462655216197504
0,x_tcsc,1-14,-0.13587905811687728,76,-0.13580661068184674,MAP_PMU,141,7.244743503054263e-05
1,B_svc,2,0.28170502076693904,76,0.2813444854182666,MAP_PMU,141,0.00036053534867241943
2,UPFC_Vsh,5-15,1.1042371745030477,76,1.1056731534264512,MAP_PMU,141,0.0014359789234035247
3,UPFC_tsh,5-15,-0.2284969865926313,76,-0.22849412252952392,MAP_PMU,141,2.8640631073717504e-06
4,UPFC_Vse,5-15,0.060708142906786965,76,0.06081571906829592,MAP_PMU,141,0.0001075761615089571
5,UPFC_tse,5-15,-2.1601033111752694,76,-2.1498074184872142,MAP_PMU,141,0.010295892688055197
0,x_tcsc,1-14,-0.13586050345686135,77,-0.13580661068184674,MAP_PMU,141,5.3892775014607874e-05
1,B_svc,2,0.2813042433658681,77,0.2813444854182666,MAP_PMU,141,4.0242052398498096e-05
2,UPFC_Vsh,5-15,1.1046697872332405,77,1.1056731534264512,MAP_PMU,141,0.0010033661932107307
3,UPFC_tsh,5-15,-0.22843413277584498,77,-0.22849412252952392,MAP_PMU,141,5.998975367893511e-05
4,UPFC_Vse,5-15,0.059652315543509235,77,0.06081571906829592,MAP_PMU,141,0.0011634035247866867
5,UPFC_tse,5-15,-2.143569366657785,77,-2.1498074184872142,MAP_PMU,141,0.006238051829429381
0,x_tcsc,1-14,-0.13590561869613288,78,-0.13580661068184674,MAP_PMU,141,9.900801428613937e-05
1,B_svc,2,0.28111579077568793,78,0.2813444854182666,MAP_PMU,141,0.00022869464257868621
2,UPFC_Vsh,5-15,1.1043508328678984,78,1.1056731534264512,MAP_PMU,141,0.0013223205585528586
3,UPFC_tsh,5-15,-0.22848610119325743,78,-0.22849412252952392,MAP_PMU,141,8.021336266483825e-06
4,UPFC_Vse,5-15,0.06006213220769182,78,0.06081571906829592,MAP_PMU,141,0.0007535868606041024
5,UPFC_tse,5-15,-2.1501750379696,78,-2.1498074184872142,MAP_PMU,141,0.00036761948238561715
0,x_tcsc,1-14,-0.13587111621188588,79,-0.13580661068184674,MAP_PMU,141,6.450553003914394e-05
1,B_svc,2,0.28107752575012884,79,0.2813444854182666,MAP_PMU,141,0.0002669596681377784
2,UPFC_Vsh,5-15,1.104800510248892,79,1.1056731534264512,MAP_PMU,141,0.0008726431775591958
3,UPFC_tsh,5-15,-0.22857935056710466,79,-0.22849412252952392,MAP_PMU,141,8.522803758073683e-05
4,UPFC_Vse,5-15,0.06028535671703491,79,0.06081571906829592,MAP_PMU,141,0.0005303623512610128
5,UPFC_tse,5-15,-2.1545732306542527,79,-2.1498074184872142,MAP_PMU,141,0.004765812167038419
0,x_tcsc,1-14,-0.1358115003866937,80,-0.13580661068184674,MAP_PMU,141,4.889704846966492e-06
1,B_svc,2,0.2813067025161904,80,0.2813444854182666,MAP_PMU,141,3.778290207623325e-05
2,UPFC_Vsh,5-15,1.1047095756586822,80,1.1056731534264512,MAP_PMU,141,0.0009635777677690083
3,UPFC_tsh,5-15,-0.22852014050862116,80,-0.22849412252952392,MAP_PMU,141,2.601797909723702e-05
4,UPFC_Vse,5-15,0.0601468970350186,80,0.06081571906829592,MAP_PMU,141,0.0006688220332773248
5,UPFC_tse,5-15,-2.1490674620152816,80,-2.1498074184872142,MAP_PMU,141,0.0007399564719325902
0,x_tcsc,1-14,-0.13587098986722862,81,-0.13580661068184674,MAP_PMU,141,6.437918538187981e-05
1,B_svc,2,0.28124045537154,81,0.2813444854182666,MAP_PMU,141,0.00010403004672659977
2,UPFC_Vsh,5-15,1.1043697260986924,81,1.1056731534264512,MAP_PMU,141,0.0013034273277587882
3,UPFC_tsh,5-15,-0.22847100759563727,81,-0.22849412252952392,MAP_PMU,141,2.31149338866532e-05
4,UPFC_Vse,5-15,0.06070466428588791,81,0.06081571906829592,MAP_PMU,141,0.0001110547824080127
5,UPFC_tse,5-15,-2.145367543322121,81,-2.1498074184872142,MAP_PMU,141,0.0044398751650933654
0,x_tcsc,1-14,-0.1358979018167368,82,-0.13580661068184674,MAP_PMU,141,9.129113489006468e-05
1,B_svc,2,0.28159233423261376,82,0.2813444854182666,MAP_PMU,141,0.00024784881434714023
2,UPFC_Vsh,5-15,1.1045282900134428,82,1.1056731534264512,MAP_PMU,141,0.0011448634130084567
3,UPFC_tsh,5-15,-0.22846493426570988,82,-0.22849412252952392,MAP_PMU,141,2.9188263814039495e-05
4,UPFC_Vse,5-15,0.06013635833128979,82,0.06081571906829592,MAP_PMU,141,0.0006793607370061336
5,UPFC_tse,5-15,-2.1425112775475608,82,-2.1498074184872142,MAP_PMU,141,0.007296140939653473
0,x_tcsc,1-14,-0.13586362078420922,83,-0.13580661068184674,MAP_PMU,141,5.7010102362475834e-05
1,B_svc,2,0.28116882411277677,83,0.2813444854182666,MAP_PMU,141,0.00017566130548984926
2,UPFC_Vsh,5-15,1.1043753942760632,83,1.1056731534264512,MAP_PMU,141,0.0012977591503879893
3,UPFC_tsh,5-15,-0.22854207837874962,83,-0.22849412252952392,MAP_PMU,141,4.795584922570595e-05
4,UPFC_Vse,5-15,0.06053776436703247,83,0.06081571906829592,MAP_PMU,141,0.00027795470126345395
5,UPFC_tse,5-15,-2.1563109326746135,83,-2.1498074184872142,MAP_PMU,141,0.006503514187399251
0,x_tcsc,1-14,-0.1358394166136821,84,-0.13580661068184674,MAP_PMU,141,3.280593183535574e-05
1,B_svc,2,0.28160913153072903,84,0.2813444854182666,MAP_PMU,141,0.00026464611246240777
2,UPFC_Vsh,5-15,1.1045045845834782,84,1.1056731534264512,MAP_PMU,141,0.0011685688429730057
3,UPFC_tsh,5-15,-0.22852691566685593,84,-0.22849412252952392,MAP_PMU,141,3.279313733201006e-05
4,UPFC_Vse,5-15,0.06039330804703499,84,0.06081571906829592,MAP_PMU,141,0.000422411021260935
5,UPFC_tse,5-15,-2.1525405874167807,84,-2.1498074184872142,MAP_PMU,141,0.002733168929566432
0,x_tcsc,1-14,-0.13583722346745025,85,-0.13580661068184674,MAP_PMU,141,3.0612785603512105e-05
1,B_svc,2,0.2810522479532015,85,0.2813444854182666,MAP_PMU,141,0.00029223746506512605
2,UPFC_Vsh,5-15,1.1045071825948498,85,1.1056731534264512,MAP_PMU,141,0.001165970831601415
3,UPFC_tsh,5-15,-0.2285010822872803,85,-0.22849412252952392,MAP_PMU,141,6.959757756386242e-06
4,UPFC_Vse,5-15,0.05996311453882706,85,0.06081571906829592,MAP_PMU,141,0.0008526045294688644
5,UPFC_tse,5-15,-2.13751300382727,85,-2.1498074184872142,MAP_PMU,141,0.012294414659944408
0,x_tcsc,1-14,-0.13585796710879067,86,-0.13580661068184674,MAP_PMU,141,5.135642694392706e-05
1,B_svc,2,0.28135197648223437,86,0.2813444854182666,MAP_PMU,141,7.4910639677461255e-06
2,UPFC_Vsh,5-15,1.104916235353129,86,1.1056731534264512,MAP_PMU,141,0.0007569180733222325
3,UPFC_tsh,5-15,-0.22846897231794552,86,-0.22849412252952392,MAP_PMU,141,2.5150211578395254e-05
4,UPFC_Vse,5-15,0.0604207794507141,86,0.06081571906829592,MAP_PMU,141,0.0003949396175818229
5,UPFC_tse,5-15,-2.14023183392969,86,-2.1498074184872142,MAP_PMU,141,0.009575584557524053
0,x_tcsc,1-14,-0.1358842713802728,87,-0.13580661068184674,MAP_PMU,141,7.766069842604639e-05
1,B_svc,2,0.28113720738960724,87,0.2813444854182666,MAP_PMU,141,0.0002072780286593856
2,UPFC_Vsh,5-15,1.104319026714309,87,1.1056731534264512,MAP_PMU,141,0.0013541267121421896
3,UPFC_tsh,5-15,-0.22854680014133513,87,-0.22849412252952392,MAP_PMU,141,5.2677611811213776e-05
4,UPFC_Vse,5-15,0.06037154405606004,87,0.06081571906829592,MAP_PMU,141,0.00044417501223588396
5,UPFC_tse,5-15,-2.1520239292115817,87,-2.1498074184872142,MAP_PMU,141,0.0022165107243674598
0,x_tcsc,1-14,-0.13588404385528463,88,-0.13580661068184674,MAP_PMU,141,7.74331734378908e-05
1,B_svc,2,0.28132721988779186,88,0.2813444854182666,MAP_PMU,141,1.7265530474763757e-05
2,UPFC_Vsh,5-15,1.1044151089617293,88,1.1056731534264512,MAP_PMU,141,0.0012580444647218858
3,UPFC_tsh,5-15,-0.22850862080849274,88,-0.22849412252952392,MAP_PMU,141,1.4498278968821943e-05
4,UPFC_Vse,5-15,0.0600722837598959,88,0.06081571906829592,MAP_PMU,141,0.0007434353084000214
5,UPFC_tse,5-15,-2.147680649268209,88,-2.1498074184872142,MAP_PMU,141,0.0021267692190054532
0,x_tcsc,1-14,-0.13583757712238662,89,-0.13580661068184674,MAP_PMU,141,3.096644053987574e-05
1,B_svc,2,0.28138683427137756,89,0.2813444854182666,MAP_PMU,141,4.234885311094061e-05
2,UPFC_Vsh,5-15,1.104805960076798,89,1.1056731534264512,MAP_PMU,141,0.0008671933496531281
3,UPFC_tsh,5-15,-0.2283978768614399,89,-0.22849412252952392,MAP_PMU,141,9.624566808402735e-05
4,UPFC_Vse,5-15,0.060281753239160955,89,0.06081571906829592,MAP_PMU,141,0.0005339658291349664
5,UPFC_tse,5-15,-2.1432344768850022,89,-2.1498074184872142,MAP_PMU,141,0.006572941602212001
0,x_tcsc,1-14,-0.13588415836855366,90,-0.13580661068184674,MAP_PMU,141,7.754768670692469e-05
1,B_svc,2,0.2814353122545844,90,0.2813444854182666,MAP_PMU,141,9.08268363177811e-05
2,UPFC_Vsh,5-15,1.1044895351490518,90,1.1056731534264512,MAP_PMU,141,0.0011836182773994341
3,UPFC_tsh,5-15,-0.2284576315432208,90,-0.22849412252952392,MAP_PMU,141,3.649098630312264e-05
4,UPFC_Vse,5-15,0.06049290289449232,90,0.06081571906829592,MAP_PMU,141,0.00032281617380360006
5,UPFC_tse,5-15,-2.1504174436732213,90,-2.1498074184872142,MAP_PMU,141,0.0006100251860070571
0,x_tcsc,1-14,-0.13589635743834708,91,-0.13580661068184674,MAP_PMU,141,8.974675650033626e-05
1,B_svc,2,0.281436611144762,91,0.2813444854182666,MAP_PMU,141,9.212572649536233e-05
2,UPFC_Vsh,5-15,1.104096326838117,91,1.1056731534264512,MAP_PMU,141,0.0015768265883342458
3,UPFC_tsh,5-15,-0.22850873323105764,91,-0.22849412252952392,MAP_PMU,141,1.461070153371824e-05
4,UPFC_Vse,5-15,0.060122760496380094,91,0.06081571906829592,MAP_PMU,141,0.0006929585719158277
5,UPFC_tse,5-15,-2.147961881889393,91,-2.1498074184872142,MAP_PMU,141,0.0018455365978211624
0,x_tcsc,1-14,-0.13590835445775284,92,-0.13580661068184674,MAP_PMU,141,0.00010174377590610462
1,B_svc,2,0.2808244598705911,92,0.2813444854182666,MAP_PMU,141,0.0005200255476754956
2,UPFC_Vsh,5-15,1.1041309286253074,92,1.1056731534264512,MAP_PMU,141,0.0015422248011438544
3,UPFC_tsh,5-15,-0.22846078538932868,92,-0.22849412252952392,MAP_PMU,141,3.33371401952387e-05
4,UPFC_Vse,5-15,0.060134986141022105,92,0.06081571906829592,MAP_PMU,141,0.0006807329272738166
5,UPFC_tse,5-15,-2.1496718444587066,92,-2.1498074184872142,MAP_PMU,141,0.00013557402850761235
0,x_tcsc,1-14,-0.13584928549077946,93,-0.13580661068184674,MAP_PMU,141,4.267480893271891e-05
1,B_svc,2,0.28164788902302523,93,0.2813444854182666,MAP_PMU,141,0.00030340360475861194
2,UPFC_Vsh,5-15,1.1047325354106785,93,1.1056731534264512,MAP_PMU,141,0.0009406180157727206
3,UPFC_tsh,5-15,-0.22851191886542938,93,-0.22849412252952392,MAP_PMU,141,1.7796335905456706e-05
4,UPFC_Vse,5-15,0.05992271959554214,93,0.06081571906829592,MAP_PMU,141,0.0008929994727537791
5,UPFC_tse,5-15,-2.140189367689246,93,-2.1498074184872142,MAP_PMU,141,0.00961805079796818
0,x_tcsc,1-14,-0.135906177510036,94,-0.13580661068184674,MAP_PMU,141,9.956682818926255e-05
1,B_svc,2,0.2821447356617031,94,0.2813444854182666,MAP_PMU,141,0.0008002502434364955
2,UPFC_Vsh,5-15,1.1039079336465094,94,1.1056731534264512,MAP_PMU,141,0.0017652197799418179
3,UPFC_tsh,5-15,-0.22860158960788657,94,-0.22849412252952392,MAP_PMU,141,0.00010746707836264968
4,UPFC_Vse,5-15,0.06041659246899016,94,0.06081571906829592,MAP_PMU,141,0.0003991265993057644
5,UPFC_tse,5-15,-2.160495529228018,94,-2.1498074184872142,MAP_PMU,141,0.010688110740803669
0,x_tcsc,1-14,-0.13588827364897466,95,-0.13580661068184674,MAP_PMU,141,8.166296712791565e-05
1,B_svc,2,0.28171810619119586,95,0.2813444854182666,MAP_PMU,141,0.00037362077292923956
2,UPFC_Vsh,5-15,1.1045801980876218,95,1.1056731534264512,MAP_PMU,141,0.001092955338829471
3,UPFC_tsh,5-15,-0.2285096808137702,95,-0.22849412252952392,MAP_PMU,141,1.555828424629202e-05
4,UPFC_Vse,5-15,0.0601669736598482,95,0.06081571906829592,MAP_PMU,141,0.0006487454084477193
5,UPFC_tse,5-15,-2.1365751695592916,95,-2.1498074184872142,MAP_PMU,141,0.01323224892792263
0,x_tcsc,1-14,-0.13586564980431937,96,-0.13580661068184674,MAP_PMU,141,5.9039122472626104e-05
1,B_svc,2,0.28104492917122287,96,0.2813444854182666,MAP_PMU,141,0.00029955624704375294
2,UPFC_Vsh,5-15,1.1044735524714866,96,1.1056731534264512,MAP_PMU,141,0.0011996009549646303
3,UPFC_tsh,5-15,-0.2285278410706116,96,-0.22849412252952392,MAP_PMU,141,3.371854108769057e-05
4,UPFC_Vse,5-15,0.06029355473442983,96,0.06081571906829592,MAP_PMU,141,0.0005221643338660931
5,UPFC_tse,5-15,-2.147881588818948,96,-2.1498074184872142,MAP_PMU,141,0.0019258296682660436
0,x_tcsc,1-14,-0.13592566733712716,97,-0.13580661068184674,MAP_PMU,141,0.00011905665528041953
1,B_svc,2,0.2807062285272484,97,0.2813444854182666,MAP_PMU,141,0.0006382568910182074
2,UPFC_Vsh,5-15,1.1046372159886164,97,1.1056731534264512,MAP_PMU,141,0.0010359374378348107
3,UPFC_tsh,5-15,-0.2284623275343895,97,-0.22849412252952392,MAP_PMU,141,3.179499513442097e-05
4,UPFC_Vse,5-15,0.06041733060836516,97,0.06081571906829592,MAP_PMU,141,0.00039838845993075966
5,UPFC_tse,5-15,-2.1422312846486444,97,-2.1498074184872142,MAP_PMU,141,0.00757613383856981
0,x_tcsc,1-14,-0.13586816507257735,98,-0.13580661068184674,MAP_PMU,141,6.155439073060598e-05
1,B_svc,2,0.2811482145481152,98,0.2813444854182666,MAP_PMU,141,0.00019627087015139377
2,UPFC_Vsh,5-15,1.1042433917961973,98,1.1056731534264512,MAP_PMU,141,0.0014297616302538785
3,UPFC_tsh,5-15,-0.22851561272045864,98,-0.22849412252952392,MAP_PMU,141,2.1490190934725373e-05
4,UPFC_Vse,5-15,0.06031761522800308,98,0.06081571906829592,MAP_PMU,141,0.000498103840292842
5,UPFC_tse,5-15,-2.142611373988649,98,-2.1498074184872142,MAP_PMU,141,0.007196044498565257
0,x_tcsc,1-14,-0.13590821566847175,99,-0.13580661068184674,MAP_PMU,141,0.00010160498662500905
1,B_svc,2,0.28083129422608705,99,0.2813444854182666,MAP_PMU,141,0.000513191192179574
2,UPFC_Vsh,5-15,1.1045258023027993,99,1.1056731534264512,MAP_PMU,141,0.0011473511236519407
3,UPFC_tsh,5-15,-0.22846879918771035,99,-0.22849412252952392,MAP_PMU,141,2.532334181357121e-05
4,UPFC_Vse,5-15,0.06011651021315202,99,0.06081571906829592,MAP_PMU,141,0.0006992088551438999
5,UPFC_tse,5-15,-2.147188124931446,99,-2.1498074184872142,MAP_PMU,141,0.0026192935557682873
0,x_tcsc,1-14,-0.13381654411197885,0,-0.13364542032262494,MAP_PMU,143,0.00017112378935391082
1,B_svc,2,0.2722046299489604,0,0.2721553884124666,MAP_PMU,143,4.92415364937715e-05
2,UPFC_Vsh,5-15,1.1045031853515552,0,1.1069501479929083,MAP_PMU,143,0.002446962641353023
3,UPFC_tsh,5-15,-0.2303583581114775,0,-0.2303785885119013,MAP_PMU,143,2.023040042378743e-05
4,UPFC_Vse,5-15,0.0601842561013484,0,0.06074059081715823,MAP_PMU,143,0.0005563347158098267
5,UPFC_tse,5-15,-2.15386053788259,0,-2.1490655122213376,MAP_PMU,143,0.004795025661252339
0,x_tcsc,1-14,-0.13387829715977803,1,-0.13364542032262494,MAP_PMU,143,0.00023287683715308982
1,B_svc,2,0.272115629450763,1,0.2721553884124666,MAP_PMU,143,3.975896170360649e-05
2,UPFC_Vsh,5-15,1.104109273594152,1,1.1069501479929083,MAP_PMU,143,0.0028408743987562435
3,UPFC_tsh,5-15,-0.23037041811465395,1,-0.2303785885119013,MAP_PMU,143,8.170397247347916e-06
4,UPFC_Vse,5-15,0.05953492476046676,1,0.06074059081715823,MAP_PMU,143,0.001205666056691465
5,UPFC_tse,5-15,-2.148712485768795,1,-2.1490655122213376,MAP_PMU,143,0.0003530264525424265
0,x_tcsc,1-14,-0.13384579128122806,2,-0.13364542032262494,MAP_PMU,143,0.00020037095860311882
1,B_svc,2,0.27270478216045785,2,0.2721553884124666,MAP_PMU,143,0.0005493937479912336
2,UPFC_Vsh,5-15,1.1046180692950687,2,1.1069501479929083,MAP_PMU,143,0.002332078697839579
3,UPFC_tsh,5-15,-0.2304214655192687,2,-0.2303785885119013,MAP_PMU,143,4.287700736740896e-05
4,UPFC_Vse,5-15,0.060504198949351065,2,0.06074059081715823,MAP_PMU,143,0.00023639186780716193
5,UPFC_tse,5-15,-2.14719251588058,2,-2.1490655122213376,MAP_PMU,143,0.001872996340757549
0,x_tcsc,1-14,-0.13377305859668556,3,-0.13364542032262494,MAP_PMU,143,0.00012763827406062078
1,B_svc,2,0.2720694029759992,3,0.2721553884124666,MAP_PMU,143,8.59854364674284e-05
2,UPFC_Vsh,5-15,1.1046607045147623,3,1.1069501479929083,MAP_PMU,143,0.0022894434781459694
3,UPFC_tsh,5-15,-0.2303711177509766,3,-0.2303785885119013,MAP_PMU,143,7.470760924693787e-06
4,UPFC_Vse,5-15,0.06042867837420258,3,0.06074059081715823,MAP_PMU,143,0.00031191244295564885
5,UPFC_tse,5-15,-2.1476733106427424,3,-2.1490655122213376,MAP_PMU,143,0.001392201578595209
0,x_tcsc,1-14,-0.13390283521083138,4,-0.13364542032262494,MAP_PMU,143,0.00025741488820643643
1,B_svc,2,0.27218447437065935,4,0.2721553884124666,MAP_PMU,143,2.908595819273163e-05
2,UPFC_Vsh,5-15,1.1042154641410578,4,1.1069501479929083,MAP_PMU,143,0.0027346838518504946
3,UPFC_tsh,5-15,-0.23045356614409404,4,-0.2303785885119013,MAP_PMU,143,7.497763219274645e-05
4,UPFC_Vse,5-15,0.060431144846683396,4,0.06074059081715823,MAP_PMU,143,0.0003094459704748309
5,UPFC_tse,5-15,-2.156507305250176,4,-2.1490655122213376,MAP_PMU,143,0.007441793028838628
0,x_tcsc,1-14,-0.13380007291455792,5,-0.13364542032262494,MAP_PMU,143,0.00015465259193297998
1,B_svc,2,0.27222058915190456,5,0.2721553884124666,MAP_PMU,143,6.52007394379428e-05
2,UPFC_Vsh,5-15,1.1047375044972436,5,1.1069501479929083,MAP_PMU,143,0.0022126434956646346
3,UPFC_tsh,5-15,-0.23037723657588777,5,-0.2303785885119013,MAP_PMU,143,1.351936013527233e-06
4,UPFC_Vse,5-15,0.06039752178633375,5,0.06074059081715823,MAP_PMU,143,0.0003430690308244763
5,UPFC_tse,5-15,-2.1391756040405685,5,-2.1490655122213376,MAP_PMU,143,0.00988990818076907
0,x_tcsc,1-14,-0.13387591877786867,6,-0.13364542032262494,MAP_PMU,143,0.00023049845524372725
1,B_svc,2,0.2723370167298724,6,0.2721553884124666,MAP_PMU,143,0.0001816283174058131
2,UPFC_Vsh,5-15,1.1044532411855712,6,1.1069501479929083,MAP_PMU,143,0.0024969068073370515
3,UPFC_tsh,5-15,-0.23037695586947948,6,-0.2303785885119013,MAP_PMU,143,1.6326424218116031e-06
4,UPFC_Vse,5-15,0.0600206108025027,6,0.06074059081715823,MAP_PMU,143,0.0007199800146555288
5,UPFC_tse,5-15,-2.151387637190732,6,-2.1490655122213376,MAP_PMU,143,0.0023221249693943236
0,x_tcsc,1-14,-0.1338010315684112,7,-0.13364542032262494,MAP_PMU,143,0.0001556112457862524
1,B_svc,2,0.2722235061008096,7,0.2721553884124666,MAP_PMU,143,6.811768834297238e-05
2,UPFC_Vsh,5-15,1.1043326854836435,7,1.1069501479929083,MAP_PMU,143,0.0026174625092647563
3,UPFC_tsh,5-15,-0.23043302676037689,7,-0.2303785885119013,MAP_PMU,143,5.44382484755912e-05
4,UPFC_Vse,5-15,0.060508989845310446,7,0.06074059081715823,MAP_PMU,143,0.00023160097184778128
5,UPFC_tse,5-15,-2.159032692612884,7,-2.1490655122213376,MAP_PMU,143,0.009967180391546648
0,x_tcsc,1-14,-0.1338072650029999,8,-0.13364542032262494,MAP_PMU,143,0.00016184468037494515
1,B_svc,2,0.2720729343746188,8,0.2721553884124666,MAP_PMU,143,8.245403784779004e-05
2,UPFC_Vsh,5-15,1.104945402518761,8,1.1069501479929083,MAP_PMU,143,0.002004745474147196
3,UPFC_tsh,5-15,-0.23033235413600972,8,-0.2303785885119013,MAP_PMU,143,4.6234375891573976e-05
4,UPFC_Vse,5-15,0.060134688946874695,8,0.06074059081715823,MAP_PMU,143,0.0006059018702835317
5,UPFC_tse,5-15,-2.145973679264943,8,-2.1490655122213376,MAP_PMU,143,0.00309183295639448
0,x_tcsc,1-14,-0.13380972774787706,9,-0.13364542032262494,MAP_PMU,143,0.00016430742525211373
1,B_svc,2,0.2720537083585664,9,0.2721553884124666,MAP_PMU,143,0.00010168005390021051
2,UPFC_Vsh,5-15,1.104315793386308,9,1.1069501479929083,MAP_PMU,143,0.002634354606600331
3,UPFC_tsh,5-15,-0.23037507890514297,9,-0.2303785885119013,MAP_PMU,143,3.509606758322903e-06
4,UPFC_Vse,5-15,0.060445905115666054,9,0.06074059081715823,MAP_PMU,143,0.00029468570149217277
5,UPFC_tse,5-15,-2.1448392564933108,9,-2.1490655122213376,MAP_PMU,143,0.004226255728026818
0,x_tcsc,1-14,-0.13392946199270445,10,-0.13364542032262494,MAP_PMU,143,0.00028404167007950454
1,B_svc,2,0.2729834474672879,10,0.2721553884124666,MAP_PMU,143,0.0008280590548213063
2,UPFC_Vsh,5-15,1.1042477728397557,10,1.1069501479929083,MAP_PMU,143,0.0027023751531525253
3,UPFC_tsh,5-15,-0.23051570689671358,10,-0.2303785885119013,MAP_PMU,143,0.00013711838481228478
4,UPFC_Vse,5-15,0.06068900183750196,10,0.06074059081715823,MAP_PMU,143,5.158897965626408e-05
5,UPFC_tse,5-15,-2.153993081405536,10,-2.1490655122213376,MAP_PMU,143,0.004927569184198344
0,x_tcsc,1-14,-0.13391200233564943,11,-0.13364542032262494,MAP_PMU,143,0.0002665820130244856
1,B_svc,2,0.2721641734909044,11,0.2721553884124666,MAP_PMU,143,8.785078437767435e-06
2,UPFC_Vsh,5-15,1.1044052822317396,11,1.1069501479929083,MAP_PMU,143,0.0025448657611686354
3,UPFC_tsh,5-15,-0.2303892252139735,11,-0.2303785885119013,MAP_PMU,143,1.0636702072214232e-05
4,UPFC_Vse,5-15,0.06047476169298681,11,0.06074059081715823,MAP_PMU,143,0.00026582912417141835
5,UPFC_tse,5-15,-2.1498645062999375,11,-2.1490655122213376,MAP_PMU,143,0.0007989940785999572
0,x_tcsc,1-14,-0.13386402432858968,12,-0.13364542032262494,MAP_PMU,143,0.00021860400596473983
1,B_svc,2,0.27275371646756935,12,0.2721553884124666,MAP_PMU,143,0.000598328055102737
2,UPFC_Vsh,5-15,1.1042940497404858,12,1.1069501479929083,MAP_PMU,143,0.002656098252422412
3,UPFC_tsh,5-15,-0.23035922116491706,12,-0.2303785885119013,MAP_PMU,143,1.9367346984239253e-05
4,UPFC_Vse,5-15,0.05962884306412173,12,0.06074059081715823,MAP_PMU,143,0.0011117477530364975
5,UPFC_tse,5-15,-2.160634102716496,12,-2.1490655122213376,MAP_PMU,143,0.01156859049515857
0,x_tcsc,1-14,-0.13379568460162874,13,-0.13364542032262494,MAP_PMU,143,0.00015026427900380335
1,B_svc,2,0.27282007599027774,13,0.2721553884124666,MAP_PMU,143,0.0006646875778111294
2,UPFC_Vsh,5-15,1.104291680252087,13,1.1069501479929083,MAP_PMU,143,0.0026584677408212354
3,UPFC_tsh,5-15,-0.23039257535158228,13,-0.2303785885119013,MAP_PMU,143,1.398683968098502e-05
4,UPFC_Vse,5-15,0.06000817600299779,13,0.06074059081715823,MAP_PMU,143,0.0007324148141604342
5,UPFC_tse,5-15,-2.150453319001471,13,-2.1490655122213376,MAP_PMU,143,0.0013878067801336158
0,x_tcsc,1-14,-0.13382950206404107,14,-0.13364542032262494,MAP_PMU,143,0.00018408174141612554
1,B_svc,2,0.272253582743598,14,0.2721553884124666,MAP_PMU,143,9.819433113139597e-05
2,UPFC_Vsh,5-15,1.1041627145857449,14,1.1069501479929083,MAP_PMU,143,0.0027874334071633644
3,UPFC_tsh,5-15,-0.2303810294132153,14,-0.2303785885119013,MAP_PMU,143,2.440901314015864e-06
4,UPFC_Vse,5-15,0.060310477746940684,14,0.06074059081715823,MAP_PMU,143,0.0004301130702175429
5,UPFC_tse,5-15,-2.1454913287332844,14,-2.1490655122213376,MAP_PMU,143,0.003574183488053162
0,x_tcsc,1-14,-0.1338697024685199,15,-0.13364542032262494,MAP_PMU,143,0.0002242821458949551
1,B_svc,2,0.27221190173434967,15,0.2721553884124666,MAP_PMU,143,5.651332188305602e-05
2,UPFC_Vsh,5-15,1.1044216264509337,15,1.1069501479929083,MAP_PMU,143,0.002528521541974582
3,UPFC_tsh,5-15,-0.2303839801497243,15,-0.2303785885119013,MAP_PMU,143,5.391637823010109e-06
4,UPFC_Vse,5-15,0.06044332895421661,15,0.06074059081715823,MAP_PMU,143,0.00029726186294161405
5,UPFC_tse,5-15,-2.1506858886862354,15,-2.1490655122213376,MAP_PMU,143,0.001620376464897877
0,x_tcsc,1-14,-0.13376298549717894,16,-0.13364542032262494,MAP_PMU,143,0.00011756517455399629
1,B_svc,2,0.2723379144688598,16,0.2721553884124666,MAP_PMU,143,0.0001825260563931841
2,UPFC_Vsh,5-15,1.1046095847537436,16,1.1069501479929083,MAP_PMU,143,0.0023405632391646503
3,UPFC_tsh,5-15,-0.2303833541564699,16,-0.2303785885119013,MAP_PMU,143,4.765644568610616e-06
4,UPFC_Vse,5-15,0.059984521962679616,16,0.06074059081715823,MAP_PMU,143,0.0007560688544786115
5,UPFC_tse,5-15,-2.151616526732343,16,-2.1490655122213376,MAP_PMU,143,0.0025510145110052562
0,x_tcsc,1-14,-0.13391851224552065,17,-0.13364542032262494,MAP_PMU,143,0.0002730919228957074
1,B_svc,2,0.2726999415702033,17,0.2721553884124666,MAP_PMU,143,0.0005445531577366602
2,UPFC_Vsh,5-15,1.1042942451924442,17,1.1069501479929083,MAP_PMU,143,0.002655902800464016
3,UPFC_tsh,5-15,-0.23038467116977415,17,-0.2303785885119013,MAP_PMU,143,6.082657872857888e-06
4,UPFC_Vse,5-15,0.06016519408472661,17,0.06074059081715823,MAP_PMU,143,0.0005753967324316142
5,UPFC_tse,5-15,-2.1542394674272614,17,-2.1490655122213376,MAP_PMU,143,0.005173955205923786
0,x_tcsc,1-14,-0.1338539080143048,18,-0.13364542032262494,MAP_PMU,143,0.00020848769167985948
1,B_svc,2,0.2727280548627019,18,0.2721553884124666,MAP_PMU,143,0.0005726664502352929
2,UPFC_Vsh,5-15,1.1040656263063318,18,1.1069501479929083,MAP_PMU,143,0.002884521686576491
3,UPFC_tsh,5-15,-0.2304124668311388,18,-0.2303785885119013,MAP_PMU,143,3.38783192375125e-05
4,UPFC_Vse,5-15,0.06070188393823093,18,0.06074059081715823,MAP_PMU,143,3.870687892729846e-05
5,UPFC_tse,5-15,-2.1438187955689325,18,-2.1490655122213376,MAP_PMU,143,0.005246716652405059
0,x_tcsc,1-14,-0.13389729740785455,19,-0.13364542032262494,MAP_PMU,143,0.0002518770852296126
1,B_svc,2,0.2721902257430136,19,0.2721553884124666,MAP_PMU,143,3.4837330546988454e-05
2,UPFC_Vsh,5-15,1.104319721345798,19,1.1069501479929083,MAP_PMU,143,0.002630426647110218
3,UPFC_tsh,5-15,-0.2304090978744142,19,-0.2303785885119013,MAP_PMU,143,3.0509362512892713e-05
4,UPFC_Vse,5-15,0.06049680309471969,19,0.06074059081715823,MAP_PMU,143,0.00024378772243853486
5,UPFC_tse,5-15,-2.1603500615329985,19,-2.1490655122213376,MAP_PMU,143,0.011284549311660896
0,x_tcsc,1-14,-0.1338679454339633,20,-0.13364542032262494,MAP_PMU,143,0.0002225251113383564
1,B_svc,2,0.2729762298980681,20,0.2721553884124666,MAP_PMU,143,0.0008208414856014645
2,UPFC_Vsh,5-15,1.1041175709224795,20,1.1069501479929083,MAP_PMU,143,0.002832577070428721
3,UPFC_tsh,5-15,-0.23043135355035402,20,-0.2303785885119013,MAP_PMU,143,5.27650384527234e-05
4,UPFC_Vse,5-15,0.060762561841499654,20,0.06074059081715823,MAP_PMU,143,2.197102434142728e-05
5,UPFC_tse,5-15,-2.15160253989419,20,-2.1490655122213376,MAP_PMU,143,0.0025370276728522434
0,x_tcsc,1-14,-0.1337963182883887,21,-0.13364542032262494,MAP_PMU,143,0.0001508979657637577
1,B_svc,2,0.27225556796186096,21,0.2721553884124666,MAP_PMU,143,0.00010017954939434137
2,UPFC_Vsh,5-15,1.1046063078444113,21,1.1069501479929083,MAP_PMU,143,0.0023438401484969784
3,UPFC_tsh,5-15,-0.23029677491887499,21,-0.2303785885119013,MAP_PMU,143,8.181359302630864e-05
4,UPFC_Vse,5-15,0.06043634811767328,21,0.06074059081715823,MAP_PMU,143,0.00030424269948494537
5,UPFC_tse,5-15,-2.1434533612178215,21,-2.1490655122213376,MAP_PMU,143,0.005612151003516086
0,x_tcsc,1-14,-0.1338215223279061,22,-0.13364542032262494,MAP_PMU,143,0.00017610200528114794
1,B_svc,2,0.2723590155840653,22,0.2721553884124666,MAP_PMU,143,0.00020362717159866373
2,UPFC_Vsh,5-15,1.104638145524452,22,1.1069501479929083,MAP_PMU,143,0.002312002468456198
3,UPFC_tsh,5-15,-0.23027978675064667,22,-0.2303785885119013,MAP_PMU,143,9.880176125462437e-05
4,UPFC_Vse,5-15,0.059843030930477395,22,0.06074059081715823,MAP_PMU,143,0.0008975598866808321
5,UPFC_tse,5-15,-2.1352768259777886,22,-2.1490655122213376,MAP_PMU,143,0.013788686243549009
0,x_tcsc,1-14,-0.13386339444778425,23,-0.13364542032262494,MAP_PMU,143,0.00021797412515930925
1,B_svc,2,0.27243008368316374,23,0.2721553884124666,MAP_PMU,143,0.00027469527069712285
2,UPFC_Vsh,5-15,1.1043639316690759,23,1.1069501479929083,MAP_PMU,143,0.00258621632383238
3,UPFC_tsh,5-15,-0.2303577905064808,23,-0.2303785885119013,MAP_PMU,143,2.0798005420485932e-05
4,UPFC_Vse,5-15,0.06009196321183445,23,0.06074059081715823,MAP_PMU,143,0.0006486276053237761
5,UPFC_tse,5-15,-2.1352514482009157,23,-2.1490655122213376,MAP_PMU,143,0.013814064020421846
0,x_tcsc,1-14,-0.13384357449340142,24,-0.13364542032262494,MAP_PMU,143,0.00019815417077648223
1,B_svc,2,0.27259493834380827,24,0.2721553884124666,MAP_PMU,143,0.000439549931341654
2,UPFC_Vsh,5-15,1.1042468876732148,24,1.1069501479929083,MAP_PMU,143,0.002703260319693479
3,UPFC_tsh,5-15,-0.23037265187814074,24,-0.2303785885119013,MAP_PMU,143,5.936633760555976e-06
4,UPFC_Vse,5-15,0.06036410238799499,24,0.06074059081715823,MAP_PMU,143,0.00037648842916323394
5,UPFC_tse,5-15,-2.1378114410440543,24,-2.1490655122213376,MAP_PMU,143,0.011254071177283276
0,x_tcsc,1-14,-0.13381842021148113,25,-0.13364542032262494,MAP_PMU,143,0.0001729998888561901
1,B_svc,2,0.27172275747054775,25,0.2721553884124666,MAP_PMU,143,0.00043263094191886564
2,UPFC_Vsh,5-15,1.1045740019812262,25,1.1069501479929083,MAP_PMU,143,0.002376146011682012
3,UPFC_tsh,5-15,-0.23038161226875672,25,-0.2303785885119013,MAP_PMU,143,3.0237568554303262e-06
4,UPFC_Vse,5-15,0.05997672315439009,25,0.06074059081715823,MAP_PMU,143,0.0007638676627681404
5,UPFC_tse,5-15,-2.148550311636748,25,-2.1490655122213376,MAP_PMU,143,0.0005152005845894259
0,x_tcsc,1-14,-0.13385479651812437,26,-0.13364542032262494,MAP_PMU,143,0.00020937619549943332
1,B_svc,2,0.27238014517884274,26,0.2721553884124666,MAP_PMU,143,0.00022475676637612185
2,UPFC_Vsh,5-15,1.1045358100580596,26,1.1069501479929083,MAP_PMU,143,0.002414337934848687
3,UPFC_tsh,5-15,-0.23044013620565737,26,-0.2303785885119013,MAP_PMU,143,6.15476937560755e-05
4,UPFC_Vse,5-15,0.060254960261062966,26,0.06074059081715823,MAP_PMU,143,0.0004856305560952609
5,UPFC_tse,5-15,-2.156255493745331,26,-2.1490655122213376,MAP_PMU,143,0.007189981523993527
0,x_tcsc,1-14,-0.13380699888738376,27,-0.13364542032262494,MAP_PMU,143,0.0001615785647588186
1,B_svc,2,0.2724322086859043,27,0.2721553884124666,MAP_PMU,143,0.00027682027343767235
2,UPFC_Vsh,5-15,1.1040225614180645,27,1.1069501479929083,MAP_PMU,143,0.00292758657484371
3,UPFC_tsh,5-15,-0.2304840728491604,27,-0.2303785885119013,MAP_PMU,143,0.00010548433725909856
4,UPFC_Vse,5-15,0.0602783927038106,27,0.06074059081715823,MAP_PMU,143,0.0004621981133476269
5,UPFC_tse,5-15,-2.1606059930833137,27,-2.1490655122213376,MAP_PMU,143,0.011540480861976121
0,x_tcsc,1-14,-0.1338524064815706,28,-0.13364542032262494,MAP_PMU,143,0.00020698615894565453
1,B_svc,2,0.27227610636989413,28,0.2721553884124666,MAP_PMU,143,0.00012071795742751856
2,UPFC_Vsh,5-15,1.1041698980871524,28,1.1069501479929083,MAP_PMU,143,0.0027802499057558716
3,UPFC_tsh,5-15,-0.23040478592169872,28,-0.2303785885119013,MAP_PMU,143,2.61974097974238e-05
4,UPFC_Vse,5-15,0.060545829494951325,28,0.06074059081715823,MAP_PMU,143,0.00019476132220690168
5,UPFC_tse,5-15,-2.144928882267965,28,-2.1490655122213376,MAP_PMU,143,0.004136629953372495
0,x_tcsc,1-14,-0.13384491970723744,29,-0.13364542032262494,MAP_PMU,143,0.00019949938461250039
1,B_svc,2,0.2725787231882417,29,0.2721553884124666,MAP_PMU,143,0.00042333477577510825
2,UPFC_Vsh,5-15,1.1042527864928209,29,1.1069501479929083,MAP_PMU,143,0.0026973615000873696
3,UPFC_tsh,5-15,-0.23039333268125342,29,-0.2303785885119013,MAP_PMU,143,1.4744169352126635e-05
4,UPFC_Vse,5-15,0.060270518059354725,29,0.06074059081715823,MAP_PMU,143,0.00047007275780350244
5,UPFC_tse,5-15,-2.1547466247271583,29,-2.1490655122213376,MAP_PMU,143,0.005681112505820707
0,x_tcsc,1-14,-0.13385818168795807,30,-0.13364542032262494,MAP_PMU,143,0.00021276136533313061
1,B_svc,2,0.2724246809647905,30,0.2721553884124666,MAP_PMU,143,0.0002692925523238854
2,UPFC_Vsh,5-15,1.1046749816913222,30,1.1069501479929083,MAP_PMU,143,0.0022751663015860846
3,UPFC_tsh,5-15,-0.2303124312878372,30,-0.2303785885119013,MAP_PMU,143,6.615722406408397e-05
4,UPFC_Vse,5-15,0.05991167845928158,30,0.06074059081715823,MAP_PMU,143,0.0008289123578766461
5,UPFC_tse,5-15,-2.148865131536055,30,-2.1490655122213376,MAP_PMU,143,0.0002003806852823864
0,x_tcsc,1-14,-0.13386447721407085,31,-0.13364542032262494,MAP_PMU,143,0.00021905689144591234
1,B_svc,2,0.2721301115603448,31,0.2721553884124666,MAP_PMU,143,2.5276852121836058e-05
2,UPFC_Vsh,5-15,1.1046358739983304,31,1.1069501479929083,MAP_PMU,143,0.0023142739945778423
3,UPFC_tsh,5-15,-0.23039578001356822,31,-0.2303785885119013,MAP_PMU,143,1.7191501666929954e-05
4,UPFC_Vse,5-15,0.06056964377234568,31,0.06074059081715823,MAP_PMU,143,0.0001709470448125472
5,UPFC_tse,5-15,-2.149105027900256,31,-2.1490655122213376,MAP_PMU,143,3.9515678918355945e-05
0,x_tcsc,1-14,-0.1337734982169262,32,-0.13364542032262494,MAP_PMU,143,0.00012807789430124839
1,B_svc,2,0.2721378054497527,32,0.2721553884124666,MAP_PMU,143,1.7582962713924566e-05
2,UPFC_Vsh,5-15,1.1041533463666222,32,1.1069501479929083,MAP_PMU,143,0.0027968016262860385
3,UPFC_tsh,5-15,-0.23045828400548143,32,-0.2303785885119013,MAP_PMU,143,7.969549358013972e-05
4,UPFC_Vse,5-15,0.060567291747048654,32,0.06074059081715823,MAP_PMU,143,0.00017329907010957268
5,UPFC_tse,5-15,-2.1519746544697598,32,-2.1490655122213376,MAP_PMU,143,0.002909142248422203
0,x_tcsc,1-14,-0.1338878347356883,33,-0.13364542032262494,MAP_PMU,143,0.00024241441306335765
1,B_svc,2,0.2724762176613046,33,0.2721553884124666,MAP_PMU,143,0.0003208292488379727
2,UPFC_Vsh,5-15,1.104336007476534,33,1.1069501479929083,MAP_PMU,143,0.002614140516374208
3,UPFC_tsh,5-15,-0.23038342201276973,33,-0.2303785885119013,MAP_PMU,143,4.8335008684397e-06
4,UPFC_Vse,5-15,0.05975815732361278,33,0.06074059081715823,MAP_PMU,143,0.0009824334935454454
5,UPFC_tse,5-15,-2.146770978464116,33,-2.1490655122213376,MAP_PMU,143,0.0022945337572215507
0,x_tcsc,1-14,-0.1338522278809091,34,-0.13364542032262494,MAP_PMU,143,0.0002068075582841722
1,B_svc,2,0.2728363150096771,34,0.2721553884124666,MAP_PMU,143,0.0006809265972104739
2,UPFC_Vsh,5-15,1.1043125192031102,34,1.1069501479929083,MAP_PMU,143,0.0026376287897980077
3,UPFC_tsh,5-15,-0.23042359928298284,34,-0.2303785885119013,MAP_PMU,143,4.501077108154394e-05
4,UPFC_Vse,5-15,0.06018177338808288,34,0.06074059081715823,MAP_PMU,143,0.0005588174290753478
5,UPFC_tse,5-15,-2.156266345793162,34,-2.1490655122213376,MAP_PMU,143,0.00720083357182455
0,x_tcsc,1-14,-0.1337715365885784,35,-0.13364542032262494,MAP_PMU,143,0.00012611626595346315
1,B_svc,2,0.2724052742884671,35,0.2721553884124666,MAP_PMU,143,0.0002498858760004996
2,UPFC_Vsh,5-15,1.1042022109555039,35,1.1069501479929083,MAP_PMU,143,0.002747937037404391
3,UPFC_tsh,5-15,-0.23035163002278244,35,-0.2303785885119013,MAP_PMU,143,2.6958489118850126e-05
4,UPFC_Vse,5-15,0.06019967303036145,35,0.06074059081715823,MAP_PMU,143,0.0005409177867967754
5,UPFC_tse,5-15,-2.1534941019839806,35,-2.1490655122213376,MAP_PMU,143,0.004428589762643043
0,x_tcsc,1-14,-0.13390795061271663,36,-0.13364542032262494,MAP_PMU,143,0.0002625302900916837
1,B_svc,2,0.2722784051224882,36,0.2721553884124666,MAP_PMU,143,0.00012301671002157288
2,UPFC_Vsh,5-15,1.1043748331863994,36,1.1069501479929083,MAP_PMU,143,0.002575314806508855
3,UPFC_tsh,5-15,-0.23038595690405606,36,-0.2303785885119013,MAP_PMU,143,7.368392154760706e-06
4,UPFC_Vse,5-15,0.05977660029766098,36,0.06074059081715823,MAP_PMU,143,0.0009639905194972487
5,UPFC_tse,5-15,-2.142294652913297,36,-2.1490655122213376,MAP_PMU,143,0.0067708593080406665
0,x_tcsc,1-14,-0.13384001321513206,37,-0.13364542032262494,MAP_PMU,143,0.0001945928925071172
1,B_svc,2,0.2721111005624369,37,0.2721553884124666,MAP_PMU,143,4.428785002968949e-05
2,UPFC_Vsh,5-15,1.104457480999084,37,1.1069501479929083,MAP_PMU,143,0.002492666993824333
3,UPFC_tsh,5-15,-0.23040753739764136,37,-0.2303785885119013,MAP_PMU,143,2.894888574006549e-05
4,UPFC_Vse,5-15,0.060218039237049006,37,0.06074059081715823,MAP_PMU,143,0.0005225515801092206
5,UPFC_tse,5-15,-2.150564208968635,37,-2.1490655122213376,MAP_PMU,143,0.0014986967472974122
0,x_tcsc,1-14,-0.1338245763835287,38,-0.13364542032262494,MAP_PMU,143,0.0001791560609037679
1,B_svc,2,0.27223996445553444,38,0.2721553884124666,MAP_PMU,143,8.457604306782995e-05
2,UPFC_Vsh,5-15,1.1043182129665061,38,1.1069501479929083,MAP_PMU,143,0.0026319350264021324
3,UPFC_tsh,5-15,-0.2303556091047012,38,-0.2303785885119013,MAP_PMU,143,2.297940720008551e-05
4,UPFC_Vse,5-15,0.06023931755299993,38,0.06074059081715823,MAP_PMU,143,0.0005012732641582959
5,UPFC_tse,5-15,-2.147751361484422,38,-2.1490655122213376,MAP_PMU,143,0.0013141507369156535
0,x_tcsc,1-14,-0.13386831202097266,39,-0.13364542032262494,MAP_PMU,143,0.00022289169834771583
1,B_svc,2,0.27177784176514164,39,0.2721553884124666,MAP_PMU,143,0.0003775466473249778
2,UPFC_Vsh,5-15,1.1043789954476069,39,1.1069501479929083,MAP_PMU,143,0.0025711525453013806
3,UPFC_tsh,5-15,-0.2304402854556155,39,-0.2303785885119013,MAP_PMU,143,6.169694371421786e-05
4,UPFC_Vse,5-15,0.06039337517997105,39,0.06074059081715823,MAP_PMU,143,0.00034721563718717596
5,UPFC_tse,5-15,-2.1541062698795055,39,-2.1490655122213376,MAP_PMU,143,0.005040757658167916
0,x_tcsc,1-14,-0.13384467087262245,40,-0.13364542032262494,MAP_PMU,143,0.0001992505499975039
1,B_svc,2,0.272029083098432,40,0.2721553884124666,MAP_PMU,143,0.00012630531403462486
2,UPFC_Vsh,5-15,1.1046605551884412,40,1.1069501479929083,MAP_PMU,143,0.0022895928044670555
3,UPFC_tsh,5-15,-0.23038720797317774,40,-0.2303785885119013,MAP_PMU,143,8.61946127644897e-06
4,UPFC_Vse,5-15,0.06041505699491631,40,0.06074059081715823,MAP_PMU,143,0.0003255338222419163
5,UPFC_tse,5-15,-2.1447790402695426,40,-2.1490655122213376,MAP_PMU,143,0.00428647195179499
0,x_tcsc,1-14,-0.1338103194630852,41,-0.13364542032262494,MAP_PMU,143,0.00016489914046025067
1,B_svc,2,0.2721640748739819,41,0.2721553884124666,MAP_PMU,143,8.686461515305943e-06
2,UPFC_Vsh,5-15,1.1047833818601347,41,1.1069501479929083,MAP_PMU,143,0.0021667661327735566
3,UPFC_tsh,5-15,-0.2302989074756179,41,-0.2303785885119013,MAP_PMU,143,7.968103628339107e-05
4,UPFC_Vse,5-15,0.05990114283822134,41,0.06074059081715823,MAP_PMU,143,0.00083944797893689
5,UPFC_tse,5-15,-2.1440116051377514,41,-2.1490655122213376,MAP_PMU,143,0.005053907083586218
0,x_tcsc,1-14,-0.13390844275981575,42,-0.13364542032262494,MAP_PMU,143,0.000263022437190813
1,B_svc,2,0.27237506570428555,42,0.2721553884124666,MAP_PMU,143,0.00021967729181893159
2,UPFC_Vsh,5-15,1.1045593684247232,42,1.1069501479929083,MAP_PMU,143,0.0023907795681850086
3,UPFC_tsh,5-15,-0.23037170683071717,42,-0.2303785885119013,MAP_PMU,143,6.881681184123245e-06
4,UPFC_Vse,5-15,0.060121139497239864,42,0.06074059081715823,MAP_PMU,143,0.0006194513199183627
5,UPFC_tse,5-15,-2.145029009017805,42,-2.1490655122213376,MAP_PMU,143,0.004036503203532771
0,x_tcsc,1-14,-0.13382417398347315,43,-0.13364542032262494,MAP_PMU,143,0.0001787536608482132
1,B_svc,2,0.2725063436071015,43,0.2721553884124666,MAP_PMU,143,0.00035095519463490543
2,UPFC_Vsh,5-15,1.1043879397383054,43,1.1069501479929083,MAP_PMU,143,0.002562208254602849
3,UPFC_tsh,5-15,-0.23029994745875546,43,-0.2303785885119013,MAP_PMU,143,7.864105314583925e-05
4,UPFC_Vse,5-15,0.05973178134768785,43,0.06074059081715823,MAP_PMU,143,0.0010088094694703786
5,UPFC_tse,5-15,-2.143678583973413,43,-2.1490655122213376,MAP_PMU,143,0.005386928247924416
0,x_tcsc,1-14,-0.1338759278543388,44,-0.13364542032262494,MAP_PMU,143,0.0002305075317138583
1,B_svc,2,0.2723153877290701,44,0.2721553884124666,MAP_PMU,143,0.00015999931660348743
2,UPFC_Vsh,5-15,1.1039396018794243,44,1.1069501479929083,MAP_PMU,143,0.0030105461134839473
3,UPFC_tsh,5-15,-0.23044723569219208,44,-0.2303785885119013,MAP_PMU,143,6.864718029078731e-05
4,UPFC_Vse,5-15,0.06044810888967607,44,0.06074059081715823,MAP_PMU,143,0.00029248192748215773
5,UPFC_tse,5-15,-2.1493930726414687,44,-2.1490655122213376,MAP_PMU,143,0.0003275604201311566
0,x_tcsc,1-14,-0.13393042300823366,45,-0.13364542032262494,MAP_PMU,143,0.0002850026856087151
1,B_svc,2,0.2722150657387765,45,0.2721553884124666,MAP_PMU,143,5.9677326309903744e-05
2,UPFC_Vsh,5-15,1.1039868121718337,45,1.1069501479929083,MAP_PMU,143,0.002963335821074553
3,UPFC_tsh,5-15,-0.2304247018177905,45,-0.2303785885119013,MAP_PMU,143,4.611330588921714e-05
4,UPFC_Vse,5-15,0.06012158817942812,45,0.06074059081715823,MAP_PMU,143,0.0006190026377301053
5,UPFC_tse,5-15,-2.1512176461036794,45,-2.1490655122213376,MAP_PMU,143,0.0021521338823418112
0,x_tcsc,1-14,-0.13385602982496775,46,-0.13364542032262494,MAP_PMU,143,0.00021060950234280673
1,B_svc,2,0.27230078619810444,46,0.2721553884124666,MAP_PMU,143,0.00014539778563782413
2,UPFC_Vsh,5-15,1.104336649347904,46,1.1069501479929083,MAP_PMU,143,0.002613498645004153
3,UPFC_tsh,5-15,-0.23037898612286165,46,-0.2303785885119013,MAP_PMU,143,3.976109603509581e-07
4,UPFC_Vse,5-15,0.06043001887274673,46,0.06074059081715823,MAP_PMU,143,0.000310571944411496
5,UPFC_tse,5-15,-2.156950323704982,46,-2.1490655122213376,MAP_PMU,143,0.007884811483644505
0,x_tcsc,1-14,-0.13383917245363933,47,-0.13364542032262494,MAP_PMU,143,0.00019375213101438526
1,B_svc,2,0.2722094879469353,47,0.2721553884124666,MAP_PMU,143,5.4099534468665667e-05
2,UPFC_Vsh,5-15,1.1050011760009282,47,1.1069501479929083,MAP_PMU,143,0.0019489719919800752
3,UPFC_tsh,5-15,-0.2302992586115741,47,-0.2303785885119013,MAP_PMU,143,7.932990032719078e-05
4,UPFC_Vse,5-15,0.05945282892238529,47,0.06074059081715823,MAP_PMU,143,0.0012877618947729347
5,UPFC_tse,5-15,-2.1389924216084024,47,-2.1490655122213376,MAP_PMU,143,0.010073090612935154
0,x_tcsc,1-14,-0.13383738532482672,48,-0.13364542032262494,MAP_PMU,143,0.0001919650022017827
1,B_svc,2,0.27248959053421934,48,0.2721553884124666,MAP_PMU,143,0.0003342021217527247
2,UPFC_Vsh,5-15,1.104751626095204,48,1.1069501479929083,MAP_PMU,143,0.0021985218977043086
3,UPFC_tsh,5-15,-0.2303819206954522,48,-0.2303785885119013,MAP_PMU,143,3.3321835509192432e-06
4,UPFC_Vse,5-15,0.06058987418010797,48,0.06074059081715823,MAP_PMU,143,0.00015071663705025495
5,UPFC_tse,5-15,-2.1561717910300597,48,-2.1490655122213376,MAP_PMU,143,0.007106278808722166
0,x_tcsc,1-14,-0.13378276765557254,49,-0.13364542032262494,MAP_PMU,143,0.00013734733294759605
1,B_svc,2,0.2719672033138343,49,0.2721553884124666,MAP_PMU,143,0.0001881850986323319
2,UPFC_Vsh,5-15,1.1044546276642127,49,1.1069501479929083,MAP_PMU,143,0.0024955203286955996
3,UPFC_tsh,5-15,-0.2304213128636016,49,-0.2303785885119013,MAP_PMU,143,4.2724351700301755e-05
4,UPFC_Vse,5-15,0.06024428238235308,49,0.06074059081715823,MAP_PMU,143,0.0004963084348051441
5,UPFC_tse,5-15,-2.1420944288604677,49,-2.1490655122213376,MAP_PMU,143,0.006971083360869823
0,x_tcsc,1-14,-0.13380939847839418,50,-0.13364542032262494,MAP_PMU,143,0.0001639781557692399
1,B_svc,2,0.27227642423991993,50,0.2721553884124666,MAP_PMU,143,0.00012103582745331964
2,UPFC_Vsh,5-15,1.1046481188198944,50,1.1069501479929083,MAP_PMU,143,0.0023020291730138087
3,UPFC_tsh,5-15,-0.23033371291539162,50,-0.2303785885119013,MAP_PMU,143,4.4875596509674764e-05
4,UPFC_Vse,5-15,0.06022191353193806,50,0.06074059081715823,MAP_PMU,143,0.000518677285220169
5,UPFC_tse,5-15,-2.1413756473777017,50,-2.1490655122213376,MAP_PMU,143,0.007689864843635874
0,x_tcsc,1-14,-0.13383771765756663,51,-0.13364542032262494,MAP_PMU,143,0.00019229733494169343
1,B_svc,2,0.27228412240388583,51,0.2721553884124666,MAP_PMU,143,0.0001287339914192165
2,UPFC_Vsh,5-15,1.1045977427070912,51,1.1069501479929083,MAP_PMU,143,0.0023524052858170386
3,UPFC_tsh,5-15,-0.23039236516035727,51,-0.2303785885119013,MAP_PMU,143,1.3776648455976481e-05
4,UPFC_Vse,5-15,0.060402332959229574,51,0.06074059081715823,MAP_PMU,143,0.00033825785792865326
5,UPFC_tse,5-15,-2.1379545609737196,51,-2.1490655122213376,MAP_PMU,143,0.011110951247617962
0,x_tcsc,1-14,-0.13384994765925756,52,-0.13364542032262494,MAP_PMU,143,0.00020452733663262057
1,B_svc,2,0.2726558722992395,52,0.2721553884124666,MAP_PMU,143,0.0005004838867728734
2,UPFC_Vsh,5-15,1.1044581817434995,52,1.1069501479929083,MAP_PMU,143,0.002491966249408728
3,UPFC_tsh,5-15,-0.23036959807326926,52,-0.2303785885119013,MAP_PMU,143,8.99043863203386e-06
4,UPFC_Vse,5-15,0.06017839363843686,52,0.06074059081715823,MAP_PMU,143,0.0005621971787213645
5,UPFC_tse,5-15,-2.1504154955059196,52,-2.1490655122213376,MAP_PMU,143,0.0013499832845820237
0,x_tcsc,1-14,-0.13378454768237916,53,-0.13364542032262494,MAP_PMU,143,0.0001391273597542153
1,B_svc,2,0.27229978739390137,53,0.2721553884124666,MAP_PMU,143,0.00014439898143475682
2,UPFC_Vsh,5-15,1.1043194697490017,53,1.1069501479929083,MAP_PMU,143,0.0026306782439065035
3,UPFC_tsh,5-15,-0.23043226630657654,53,-0.2303785885119013,MAP_PMU,143,5.367779467524425e-05
4,UPFC_Vse,5-15,0.06022346827051893,53,0.06074059081715823,MAP_PMU,143,0.0005171225466392981
5,UPFC_tse,5-15,-2.153083619603741,53,-2.1490655122213376,MAP_PMU,143,0.004018107382403269
0,x_tcsc,1-14,-0.1338159575459392,54,-0.13364542032262494,MAP_PMU,143,0.00017053722331425436
1,B_svc,2,0.2724744282187196,54,0.2721553884124666,MAP_PMU,143,0.00031903980625297423
2,UPFC_Vsh,5-15,1.1046588962069668,54,1.1069501479929083,MAP_PMU,143,0.0022912517859414727
3,UPFC_tsh,5-15,-0.23039530903104344,54,-0.2303785885119013,MAP_PMU,143,1.6720519142143786e-05
4,UPFC_Vse,5-15,0.06035159818708488,54,0.06074059081715823,MAP_PMU,143,0.0003889926300733454
5,UPFC_tse,5-15,-2.1437035014667387,54,-2.1490655122213376,MAP_PMU,143,0.005362010754598856
0,x_tcsc,1-14,-0.13384735086611804,55,-0.13364542032262494,MAP_PMU,143,0.0002019305434931007
1,B_svc,2,0.2725538856820157,55,0.2721553884124666,MAP_PMU,143,0.0003984972695491029
2,UPFC_Vsh,5-15,1.1042334170700958,55,1.1069501479929083,MAP_PMU,143,0.002716730922812438
3,UPFC_tsh,5-15,-0.2303968951002339,55,-0.2303785885119013,MAP_PMU,143,1.830658833260057e-05
4,UPFC_Vse,5-15,0.06026677405322218,55,0.06074059081715823,MAP_PMU,143,0.00047381676393604827
5,UPFC_tse,5-15,-2.1534687301839863,55,-2.1490655122213376,MAP_PMU,143,0.004403217962648753
0,x_tcsc,1-14,-0.13383869731756512,56,-0.13364542032262494,MAP_PMU,143,0.00019327699494017803
1,B_svc,2,0.27228250812717697,56,0.2721553884124666,MAP_PMU,143,0.00012711971471035532
2,UPFC_Vsh,5-15,1.104159977399239,56,1.1069501479929083,MAP_PMU,143,0.002790170593669261
3,UPFC_tsh,5-15,-0.23041467537017254,56,-0.2303785885119013,MAP_PMU,143,3.6086858271250355e-05
4,UPFC_Vse,5-15,0.060310385936917635,56,0.06074059081715823,MAP_PMU,143,0.0004302048802405922
5,UPFC_tse,5-15,-2.1555825795676906,56,-2.1490655122213376,MAP_PMU,143,0.006517067346353045
0,x_tcsc,1-14,-0.13381055396087765,57,-0.13364542032262494,MAP_PMU,143,0.00016513363825271243
1,B_svc,2,0.27226722201911646,57,0.2721553884124666,MAP_PMU,143,0.0001118336066498471
2,UPFC_Vsh,5-15,1.1043942901720594,57,1.1069501479929083,MAP_PMU,143,0.0025558578208488836
3,UPFC_tsh,5-15,-0.23043796147054704,57,-0.2303785885119013,MAP_PMU,143,5.93729586457481e-05
4,UPFC_Vse,5-15,0.060282517099119554,57,0.06074059081715823,MAP_PMU,143,0.00045807371803867347
5,UPFC_tse,5-15,-2.1460282275945493,57,-2.1490655122213376,MAP_PMU,143,0.003037284626788317
0,x_tcsc,1-14,-0.13389049819394006,58,-0.13364542032262494,MAP_PMU,143,0.0002450778713151136
1,B_svc,2,0.27197677660372527,58,0.2721553884124666,MAP_PMU,143,0.00017861180874134686
2,UPFC_Vsh,5-15,1.1043641256292158,58,1.1069501479929083,MAP_PMU,143,0.0025860223636924307
3,UPFC_tsh,5-15,-0.23040375593923235,58,-0.2303785885119013,MAP_PMU,143,2.516742733105204e-05
4,UPFC_Vse,5-15,0.05961896301747331,58,0.06074059081715823,MAP_PMU,143,0.0011216277996849155
5,UPFC_tse,5-15,-2.146804786248301,58,-2.1490655122213376,MAP_PMU,143,0.0022607259730365037
0,x_tcsc,1-14,-0.13385672355234407,59,-0.13364542032262494,MAP_PMU,143,0.00021130322971912863
1,B_svc,2,0.2724587009959657,59,0.2721553884124666,MAP_PMU,143,0.0003033125834990824
2,UPFC_Vsh,5-15,1.104852317851803,59,1.1069501479929083,MAP_PMU,143,0.002097830141105206
3,UPFC_tsh,5-15,-0.23034451905205594,59,-0.2303785885119013,MAP_PMU,143,3.406945984535392e-05
4,UPFC_Vse,5-15,0.06003195604171941,59,0.06074059081715823,MAP_PMU,143,0.000708634775438817
5,UPFC_tse,5-15,-2.1435007524490524,59,-2.1490655122213376,MAP_PMU,143,0.0055647597722852105
0,x_tcsc,1-14,-0.13380601848881465,60,-0.13364542032262494,MAP_PMU,143,0.00016059816618971268
1,B_svc,2,0.27216812258917755,60,0.2721553884124666,MAP_PMU,143,1.2734176710937906e-05
2,UPFC_Vsh,5-15,1.104253886254007,60,1.1069501479929083,MAP_PMU,143,0.002696261738901251
3,UPFC_tsh,5-15,-0.230429642778282,60,-0.2303785885119013,MAP_PMU,143,5.105426638071786e-05
4,UPFC_Vse,5-15,0.06040356557021436,60,0.06074059081715823,MAP_PMU,143,0.0003370252469438659
5,UPFC_tse,5-15,-2.1490299471380534,60,-2.1490655122213376,MAP_PMU,143,3.5565083284172516e-05
0,x_tcsc,1-14,-0.13388858582861674,61,-0.13364542032262494,MAP_PMU,143,0.00024316550599179365
1,B_svc,2,0.2725194543328422,61,0.2721553884124666,MAP_PMU,143,0.00036406592037557806
2,UPFC_Vsh,5-15,1.1047475957368065,61,1.1069501479929083,MAP_PMU,143,0.002202552256101775
3,UPFC_tsh,5-15,-0.23026519960166644,61,-0.2303785885119013,MAP_PMU,143,0.00011338891023485176
4,UPFC_Vse,5-15,0.059762322869325334,61,0.06074059081715823,MAP_PMU,143,0.0009782679478328934
5,UPFC_tse,5-15,-2.1460073877460952,61,-2.1490655122213376,MAP_PMU,143,0.003058124475242341
0,x_tcsc,1-14,-0.13390379286280335,62,-0.13364542032262494,MAP_PMU,143,0.0002583725401784087
1,B_svc,2,0.2724455915350697,62,0.2721553884124666,MAP_PMU,143,0.00029020312260308323
2,UPFC_Vsh,5-15,1.1047382247044824,62,1.1069501479929083,MAP_PMU,143,0.002211923288425899
3,UPFC_tsh,5-15,-0.2304308259918389,62,-0.2303785885119013,MAP_PMU,143,5.2237479937600195e-05
4,UPFC_Vse,5-15,0.0602765724245071,62,0.06074059081715823,MAP_PMU,143,0.00046401839265113043
5,UPFC_tse,5-15,-2.1503490521500863,62,-2.1490655122213376,MAP_PMU,143,0.0012835399287487448
0,x_tcsc,1-14,-0.13378594077455688,63,-0.13364542032262494,MAP_PMU,143,0.0001405204519319414
1,B_svc,2,0.2722989315145917,63,0.2721553884124666,MAP_PMU,143,0.0001435431021251099
2,UPFC_Vsh,5-15,1.1039693308836844,63,1.1069501479929083,MAP_PMU,143,0.002980817109223821
3,UPFC_tsh,5-15,-0.23042836881109546,63,-0.2303785885119013,MAP_PMU,143,4.978029919416871e-05
4,UPFC_Vse,5-15,0.06062383513838858,63,0.06074059081715823,MAP_PMU,143,0.00011675567876964776
5,UPFC_tse,5-15,-2.1540309745392054,63,-2.1490655122213376,MAP_PMU,143,0.004965462317867875
0,x_tcsc,1-14,-0.1338894703951912,64,-0.13364542032262494,MAP_PMU,143,0.00024405007256625422
1,B_svc,2,0.2723121463818525,64,0.2721553884124666,MAP_PMU,143,0.00015675796938591224
2,UPFC_Vsh,5-15,1.104400728537555,64,1.1069501479929083,MAP_PMU,143,0.0025494194553532523
3,UPFC_tsh,5-15,-0.23039444889711289,64,-0.2303785885119013,MAP_PMU,143,1.5860385211591277e-05
4,UPFC_Vse,5-15,0.06011201242043215,64,0.06074059081715823,MAP_PMU,143,0.0006285783967260802
5,UPFC_tse,5-15,-2.1418155241627437,64,-2.1490655122213376,MAP_PMU,143,0.0072499880585938925
0,x_tcsc,1-14,-0.13380566503426397,65,-0.13364542032262494,MAP_PMU,143,0.00016024471163902931
1,B_svc,2,0.2725651914554955,65,0.2721553884124666,MAP_PMU,143,0.00040980304302890014
2,UPFC_Vsh,5-15,1.104265642892635,65,1.1069501479929083,MAP_PMU,143,0.0026845051002732934
3,UPFC_tsh,5-15,-0.23045238033878312,65,-0.2303785885119013,MAP_PMU,143,7.37918268818305e-05
4,UPFC_Vse,5-15,0.06021055911679532,65,0.06074059081715823,MAP_PMU,143,0.0005300317003629068
5,UPFC_tse,5-15,-2.15539289606669,65,-2.1490655122213376,MAP_PMU,143,0.0063273838453525855
0,x_tcsc,1-14,-0.13385791359913277,66,-0.13364542032262494,MAP_PMU,143,0.00021249327650782468
1,B_svc,2,0.27283063009718606,66,0.2721553884124666,MAP_PMU,143,0.0006752416847194409
2,UPFC_Vsh,5-15,1.1044716765035885,66,1.1069501479929083,MAP_PMU,143,0.002478471489319789
3,UPFC_tsh,5-15,-0.23025901988713515,66,-0.2303785885119013,MAP_PMU,143,0.00011956862476614205
4,UPFC_Vse,5-15,0.059606157478078306,66,0.06074059081715823,MAP_PMU,143,0.001134433339079921
5,UPFC_tse,5-15,-2.1485941141193803,66,-2.1490655122213376,MAP_PMU,143,0.0004713981019572877
0,x_tcsc,1-14,-0.13383574085967867,67,-0.13364542032262494,MAP_PMU,143,0.00019032053705372864
1,B_svc,2,0.2731517290637997,67,0.2721553884124666,MAP_PMU,143,0.000996340651333083
2,UPFC_Vsh,5-15,1.104025262794922,67,1.1069501479929083,MAP_PMU,143,0.002924885197986171
3,UPFC_tsh,5-15,-0.23050048082702318,67,-0.2303785885119013,MAP_PMU,143,0.00012189231512188536
4,UPFC_Vse,5-15,0.06019938499645128,67,0.06074059081715823,MAP_PMU,143,0.0005412058207069498
5,UPFC_tse,5-15,-2.1491586899480017,67,-2.1490655122213376,MAP_PMU,143,9.317772666417312e-05
0,x_tcsc,1-14,-0.133825461360076,68,-0.13364542032262494,MAP_PMU,143,0.00018004103745106192
1,B_svc,2,0.2725234008013128,68,0.2721553884124666,MAP_PMU,143,0.00036801238884620613
2,UPFC_Vsh,5-15,1.1044692190531042,68,1.1069501479929083,MAP_PMU,143,0.0024809289398040058
3,UPFC_tsh,5-15,-0.23039135570398342,68,-0.2303785885119013,MAP_PMU,143,1.2767192082124845e-05
4,UPFC_Vse,5-15,0.060334727950355084,68,0.06074059081715823,MAP_PMU,143,0.00040586286680314304
5,UPFC_tse,5-15,-2.1522416632636023,68,-2.1490655122213376,MAP_PMU,143,0.003176151042264763
0,x_tcsc,1-14,-0.13386630750426193,69,-0.13364542032262494,MAP_PMU,143,0.00022088718163698617
1,B_svc,2,0.2720160214915563,69,0.2721553884124666,MAP_PMU,143,0.0001393669209103221
2,UPFC_Vsh,5-15,1.1043411241918195,69,1.1069501479929083,MAP_PMU,143,0.002609023801088739
3,UPFC_tsh,5-15,-0.2303982773291193,69,-0.2303785885119013,MAP_PMU,143,1.9688817218005417e-05
4,UPFC_Vse,5-15,0.06056327772469428,69,0.06074059081715823,MAP_PMU,143,0.0001773130924639446
5,UPFC_tse,5-15,-2.152879254875184,69,-2.1490655122213376,MAP_PMU,143,0.003813742653846486
0,x_tcsc,1-14,-0.133849514675751,70,-0.13364542032262494,MAP_PMU,143,0.00020409435312607194
1,B_svc,2,0.272049012515067,70,0.2721553884124666,MAP_PMU,143,0.00010637589739959097
2,UPFC_Vsh,5-15,1.1045185059430058,70,1.1069501479929083,MAP_PMU,143,0.002431642049902427
3,UPFC_tsh,5-15,-0.23032360007197505,70,-0.2303785885119013,MAP_PMU,143,5.498843992624014e-05
4,UPFC_Vse,5-15,0.059718639473053975,70,0.06074059081715823,MAP_PMU,143,0.0010219513441042521
5,UPFC_tse,5-15,-2.149730684085987,70,-2.1490655122213376,MAP_PMU,143,0.0006651718646493165
0,x_tcsc,1-14,-0.13381002185433027,71,-0.13364542032262494,MAP_PMU,143,0.00016460153170533287
1,B_svc,2,0.27230921401874714,71,0.2721553884124666,MAP_PMU,143,0.0001538256062805221
2,UPFC_Vsh,5-15,1.1040699008184707,71,1.1069501479929083,MAP_PMU,143,0.002880247174437578
3,UPFC_tsh,5-15,-0.2304053821708761,71,-0.2303785885119013,MAP_PMU,143,2.6793658974816337e-05
4,UPFC_Vse,5-15,0.06018220618123542,71,0.06074059081715823,MAP_PMU,143,0.0005583846359228095
5,UPFC_tse,5-15,-2.1505774887419857,71,-2.1490655122213376,MAP_PMU,143,0.0015119765206481617
0,x_tcsc,1-14,-0.13389965411598154,72,-0.13364542032262494,MAP_PMU,143,0.00025423379335659524
1,B_svc,2,0.2725120366711271,72,0.2721553884124666,MAP_PMU,143,0.0003566482586604969
2,UPFC_Vsh,5-15,1.1044782142708147,72,1.1069501479929083,MAP_PMU,143,0.0024719337220935333
3,UPFC_tsh,5-15,-0.23042716096023452,72,-0.2303785885119013,MAP_PMU,143,4.857244833322838e-05
4,UPFC_Vse,5-15,0.06027798173493263,72,0.06074059081715823,MAP_PMU,143,0.0004626090822255971
5,UPFC_tse,5-15,-2.1532125949467784,72,-2.1490655122213376,MAP_PMU,143,0.004147082725440843
0,x_tcsc,1-14,-0.13381528307965895,73,-0.13364542032262494,MAP_PMU,143,0.00016986275703401166
1,B_svc,2,0.272419795560087,73,0.2721553884124666,MAP_PMU,143,0.0002644071476203824
2,UPFC_Vsh,5-15,1.1044096284882137,73,1.1069501479929083,MAP_PMU,143,0.0025405195046945828
3,UPFC_tsh,5-15,-0.2303811697663078,73,-0.2303785885119013,MAP_PMU,143,2.5812544064973686e-06
4,UPFC_Vse,5-15,0.06012548670485801,73,0.06074059081715823,MAP_PMU,143,0.000615104112300216
5,UPFC_tse,5-15,-2.1532855454379396,73,-2.1490655122213376,MAP_PMU,143,0.004220033216602026
0,x_tcsc,1-14,-0.1338932562922348,74,-0.13364542032262494,MAP_PMU,143,0.0002478359696098664
1,B_svc,2,0.27286753257014085,74,0.2721553884124666,MAP_PMU,143,0.0007121441576742327
2,UPFC_Vsh,5-15,1.1045356895392129,74,1.1069501479929083,MAP_PMU,143,0.0024144584536953673
3,UPFC_tsh,5-15,-0.23044272112058292,74,-0.2303785885119013,MAP_PMU,143,6.41326086816274e-05
4,UPFC_Vse,5-15,0.06067054114144775,74,0.06074059081715823,MAP_PMU,143,7.004967571047627e-05
5,UPFC_tse,5-15,-2.155284610692672,74,-2.1490655122213376,MAP_PMU,143,0.006219098471334394
0,x_tcsc,1-14,-0.13388321163920372,75,-0.13364542032262494,MAP_PMU,143,0.00023779131657877817
1,B_svc,2,0.2721894840269428,75,0.2721553884124666,MAP_PMU,143,3.4095614476203906e-05
2,UPFC_Vsh,5-15,1.104294248883146,75,1.1069501479929083,MAP_PMU,143,0.002655899109762272
3,UPFC_tsh,5-15,-0.23033166622236878,75,-0.2303785885119013,MAP_PMU,143,4.692228953251387e-05
4,UPFC_Vse,5-15,0.06044879674905471,75,0.06074059081715823,MAP_PMU,143,0.0002917940681035139
5,UPFC_tse,5-15,-2.139001808909036,75,-2.1490655122213376,MAP_PMU,143,0.010063703312301442
0,x_tcsc,1-14,-0.13384871087410383,76,-0.13364542032262494,MAP_PMU,143,0.0002032905514788852
1,B_svc,2,0.2727242262994614,76,0.2721553884124666,MAP_PMU,143,0.0005688378869947996
2,UPFC_Vsh,5-15,1.1045127709052098,76,1.1069501479929083,MAP_PMU,143,0.0024373770876984224
3,UPFC_tsh,5-15,-0.2303937339919866,76,-0.2303785885119013,MAP_PMU,143,1.5145480085299035e-05
4,UPFC_Vse,5-15,0.060450993553913035,76,0.06074059081715823,MAP_PMU,143,0.0002895972632451921
5,UPFC_tse,5-15,-2.1460361511048562,76,-2.1490655122213376,MAP_PMU,143,0.0030293611164813328
0,x_tcsc,1-14,-0.1338224764230543,77,-0.13364542032262494,MAP_PMU,143,0.00017705610042936804
1,B_svc,2,0.2721599720212308,77,0.2721553884124666,MAP_PMU,143,4.583608764208158e-06
2,UPFC_Vsh,5-15,1.1041633025309499,77,1.1069501479929083,MAP_PMU,143,0.0027868454619583982
3,UPFC_tsh,5-15,-0.23039734907833506,77,-0.2303785885119013,MAP_PMU,143,1.8760566433767556e-05
4,UPFC_Vse,5-15,0.059867993837011926,77,0.06074059081715823,MAP_PMU,143,0.0008725969801463007
5,UPFC_tse,5-15,-2.1551525287752784,77,-2.1490655122213376,MAP_PMU,143,0.006087016553940838
0,x_tcsc,1-14,-0.13389911121311657,78,-0.13364542032262494,MAP_PMU,143,0.00025369089049162574
1,B_svc,2,0.2720682249177044,78,0.2721553884124666,MAP_PMU,143,8.71634947622324e-05
2,UPFC_Vsh,5-15,1.104265159604795,78,1.1069501479929083,MAP_PMU,143,0.002684988388113263
3,UPFC_tsh,5-15,-0.2304566297447885,78,-0.2303785885119013,MAP_PMU,143,7.804123288721043e-05
4,UPFC_Vse,5-15,0.060141545190741864,78,0.06074059081715823,MAP_PMU,143,0.0005990456264163627
5,UPFC_tse,5-15,-2.1492858129083072,78,-2.1490655122213376,MAP_PMU,143,0.00022030068696965444
0,x_tcsc,1-14,-0.13382454583201106,79,-0.13364542032262494,MAP_PMU,143,0.00017912550938611882
1,B_svc,2,0.2719609261969163,79,0.2721553884124666,MAP_PMU,143,0.00019446221555030618
2,UPFC_Vsh,5-15,1.104520893881401,79,1.1069501479929083,MAP_PMU,143,0.002429254111507184
3,UPFC_tsh,5-15,-0.2303936157748598,79,-0.2303785885119013,MAP_PMU,143,1.5027262958516863e-05
4,UPFC_Vse,5-15,0.060175595707714476,79,0.06074059081715823,MAP_PMU,143,0.0005649951094437514
5,UPFC_tse,5-15,-2.1595026994637974,79,-2.1490655122213376,MAP_PMU,143,0.010437187242459789
0,x_tcsc,1-14,-0.13378926960771,80,-0.13364542032262494,MAP_PMU,143,0.0001438492850850681
1,B_svc,2,0.27229783872898594,80,0.2721553884124666,MAP_PMU,143,0.00014245031651932694
2,UPFC_Vsh,5-15,1.1045711140196754,80,1.1069501479929083,MAP_PMU,143,0.0023790339732328025
3,UPFC_tsh,5-15,-0.2303630760559004,80,-0.2303785885119013,MAP_PMU,143,1.551245600089901e-05
4,UPFC_Vse,5-15,0.059917283978784784,80,0.06074059081715823,MAP_PMU,143,0.0008233068383734429
5,UPFC_tse,5-15,-2.1461246918402126,80,-2.1490655122213376,MAP_PMU,143,0.0029408203811249756
0,x_tcsc,1-14,-0.13381470062373504,81,-0.13364542032262494,MAP_PMU,143,0.00016928030111010295
1,B_svc,2,0.2721888795042283,81,0.2721553884124666,MAP_PMU,143,3.349109176170595e-05
2,UPFC_Vsh,5-15,1.104368875550725,81,1.1069501479929083,MAP_PMU,143,0.0025812724421832023
3,UPFC_tsh,5-15,-0.23041251977607477,81,-0.2303785885119013,MAP_PMU,143,3.3931264173475695e-05
4,UPFC_Vse,5-15,0.06043759155016979,81,0.06074059081715823,MAP_PMU,143,0.00030299926698843654
5,UPFC_tse,5-15,-2.1468546984886836,81,-2.1490655122213376,MAP_PMU,143,0.002210813732653971
0,x_tcsc,1-14,-0.13386909989051543,82,-0.13364542032262494,MAP_PMU,143,0.00022367956789048904
1,B_svc,2,0.2724257498542913,82,0.2721553884124666,MAP_PMU,143,0.0002703614418246847
2,UPFC_Vsh,5-15,1.1040460042387121,82,1.1069501479929083,MAP_PMU,143,0.00290414375419612
3,UPFC_tsh,5-15,-0.2303923382491759,82,-0.2303785885119013,MAP_PMU,143,1.3749737274609819e-05
4,UPFC_Vse,5-15,0.06038987820684276,82,0.06074059081715823,MAP_PMU,143,0.00035071261031546785
5,UPFC_tse,5-15,-2.1606335046129512,82,-2.1490655122213376,MAP_PMU,143,0.011567992391613657
0,x_tcsc,1-14,-0.133798911703512,83,-0.13364542032262494,MAP_PMU,143,0.00015349138088704972
1,B_svc,2,0.2720497807616308,83,0.2721553884124666,MAP_PMU,143,0.00010560765083583723
2,UPFC_Vsh,5-15,1.1043879003027073,83,1.1069501479929083,MAP_PMU,143,0.0025622476902009694
3,UPFC_tsh,5-15,-0.2303799151513307,83,-0.2303785885119013,MAP_PMU,143,1.3266394293942607e-06
4,UPFC_Vse,5-15,0.06026566669168748,83,0.06074059081715823,MAP_PMU,143,0.00047492412547074647
5,UPFC_tse,5-15,-2.152522872364635,83,-2.1490655122213376,MAP_PMU,143,0.00345736014329745
0,x_tcsc,1-14,-0.13374699778741775,84,-0.13364542032262494,MAP_PMU,143,0.00010157746479280694
1,B_svc,2,0.27254983751422646,84,0.2721553884124666,MAP_PMU,143,0.0003944491017598417
2,UPFC_Vsh,5-15,1.1047461459161352,84,1.1069501479929083,MAP_PMU,143,0.0022040020767730706
3,UPFC_tsh,5-15,-0.2304068268833604,84,-0.2303785885119013,MAP_PMU,143,2.8238371459099465e-05
4,UPFC_Vse,5-15,0.060225776129085175,84,0.06074059081715823,MAP_PMU,143,0.0005148146880730523
5,UPFC_tse,5-15,-2.1551954967363027,84,-2.1490655122213376,MAP_PMU,143,0.006129984514965159
0,x_tcsc,1-14,-0.13378122222905436,85,-0.13364542032262494,MAP_PMU,143,0.00013580190642942247
1,B_svc,2,0.2718737519360747,85,0.2721553884124666,MAP_PMU,143,0.0002816364763918999
2,UPFC_Vsh,5-15,1.1047012228714626,85,1.1069501479929083,MAP_PMU,143,0.0022489251214456996
3,UPFC_tsh,5-15,-0.23029646107948779,85,-0.2303785885119013,MAP_PMU,143,8.212743241350906e-05
4,UPFC_Vse,5-15,0.059979245030945434,85,0.06074059081715823,MAP_PMU,143,0.0007613457862127929
5,UPFC_tse,5-15,-2.1471039818053077,85,-2.1490655122213376,MAP_PMU,143,0.0019615304160298663
0,x_tcsc,1-14,-0.13382637508768025,86,-0.13364542032262494,MAP_PMU,143,0.00018095476505530783
1,B_svc,2,0.2724606023823572,86,0.2721553884124666,MAP_PMU,143,0.00030521396989058314
2,UPFC_Vsh,5-15,1.1046683014848901,86,1.1069501479929083,MAP_PMU,143,0.002281846508018104
3,UPFC_tsh,5-15,-0.23030926096225468,86,-0.2303785885119013,MAP_PMU,143,6.932754964661392e-05
4,UPFC_Vse,5-15,0.06049972311540094,86,0.06074059081715823,MAP_PMU,143,0.00024086770175728994
5,UPFC_tse,5-15,-2.1472366921532955,86,-2.1490655122213376,MAP_PMU,143,0.0018288200680420807
0,x_tcsc,1-14,-0.1338423772369864,87,-0.13364542032262494,MAP_PMU,143,0.0001969569143614458
1,B_svc,2,0.27203447625309357,87,0.2721553884124666,MAP_PMU,143,0.00012091215937304334
2,UPFC_Vsh,5-15,1.1044323836952985,87,1.1069501479929083,MAP_PMU,143,0.002517764297609748
3,UPFC_tsh,5-15,-0.2304348730587568,87,-0.2303785885119013,MAP_PMU,143,5.628454685549511e-05
4,UPFC_Vse,5-15,0.06029969628300206,87,0.06074059081715823,MAP_PMU,143,0.0004408945341561679
5,UPFC_tse,5-15,-2.1528154828339234,87,-2.1490655122213376,MAP_PMU,143,0.0037499706125858623
0,x_tcsc,1-14,-0.1338388380431461,88,-0.13364542032262494,MAP_PMU,143,0.0001934177205211718
1,B_svc,2,0.2721917037904328,88,0.2721553884124666,MAP_PMU,143,3.631537796616735e-05
2,UPFC_Vsh,5-15,1.1043532927652988,88,1.1069501479929083,MAP_PMU,143,0.0025968552276094403
3,UPFC_tsh,5-15,-0.23038026748249865,88,-0.2303785885119013,MAP_PMU,143,1.6789705973574431e-06
4,UPFC_Vse,5-15,0.059911919469544155,88,0.06074059081715823,MAP_PMU,143,0.0008286713476140725
5,UPFC_tse,5-15,-2.140994942402786,88,-2.1490655122213376,MAP_PMU,143,0.008070569818551476
0,x_tcsc,1-14,-0.13379759946260247,89,-0.13364542032262494,MAP_PMU,143,0.00015217913997753185
1,B_svc,2,0.27237647802774934,89,0.2721553884124666,MAP_PMU,143,0.0002210896152827213
2,UPFC_Vsh,5-15,1.1044942927601427,89,1.1069501479929083,MAP_PMU,143,0.0024558552327655914
3,UPFC_tsh,5-15,-0.230381361940031,89,-0.2303785885119013,MAP_PMU,143,2.7734281297098207e-06
4,UPFC_Vse,5-15,0.060170145901179015,89,0.06074059081715823,MAP_PMU,143,0.0005704449159792124
5,UPFC_tse,5-15,-2.1522656029511826,89,-2.1490655122213376,MAP_PMU,143,0.003200090729845062
0,x_tcsc,1-14,-0.13386218509580505,90,-0.13364542032262494,MAP_PMU,143,0.00021676477318011145
1,B_svc,2,0.2722996329624337,90,0.2721553884124666,MAP_PMU,143,0.00014424454996708747
2,UPFC_Vsh,5-15,1.104381525399622,90,1.1069501479929083,MAP_PMU,143,0.002568622593286163
3,UPFC_tsh,5-15,-0.23045069196935605,90,-0.2303785885119013,MAP_PMU,143,7.210345745475855e-05
4,UPFC_Vse,5-15,0.06050325411031411,90,0.06074059081715823,MAP_PMU,143,0.00023733670684411567
5,UPFC_tse,5-15,-2.15488680192449,90,-2.1490655122213376,MAP_PMU,143,0.00582128970315221
0,x_tcsc,1-14,-0.13384953984982237,91,-0.13364542032262494,MAP_PMU,143,0.0002041195271974272
1,B_svc,2,0.2720543642944863,91,0.2721553884124666,MAP_PMU,143,0.00010102411798029731
2,UPFC_Vsh,5-15,1.1046921604854048,91,1.1069501479929083,MAP_PMU,143,0.0022579875075035005
3,UPFC_tsh,5-15,-0.23037839867992257,91,-0.2303785885119013,MAP_PMU,143,1.8983197871969004e-07
4,UPFC_Vse,5-15,0.060125304572596,91,0.06074059081715823,MAP_PMU,143,0.0006152862445622242
5,UPFC_tse,5-15,-2.1544505667804117,91,-2.1490655122213376,MAP_PMU,143,0.0053850545590741206
0,x_tcsc,1-14,-0.1338925003785038,92,-0.13364542032262494,MAP_PMU,143,0.0002470800558788677
1,B_svc,2,0.271765990754368,92,0.2721553884124666,MAP_PMU,143,0.00038939765809858917
2,UPFC_Vsh,5-15,1.1044241663849883,92,1.1069501479929083,MAP_PMU,143,0.002525981607919947
3,UPFC_tsh,5-15,-0.23039680256598646,92,-0.2303785885119013,MAP_PMU,143,1.8214054085169407e-05
4,UPFC_Vse,5-15,0.060013957774104405,92,0.06074059081715823,MAP_PMU,143,0.0007266330430538218
5,UPFC_tse,5-15,-2.1594244147569386,92,-2.1490655122213376,MAP_PMU,143,0.010358902535601011
0,x_tcsc,1-14,-0.13380326539773674,93,-0.13364542032262494,MAP_PMU,143,0.00015784507511179546
1,B_svc,2,0.27259457045767665,93,0.2721553884124666,MAP_PMU,143,0.00043918204521004034
2,UPFC_Vsh,5-15,1.1042707472407864,93,1.1069501479929083,MAP_PMU,143,0.0026794007521218077
3,UPFC_tsh,5-15,-0.23047941171821687,93,-0.2303785885119013,MAP_PMU,143,0.00010082320631557562
4,UPFC_Vse,5-15,0.06021801634317696,93,0.06074059081715823,MAP_PMU,143,0.0005225744739812688
5,UPFC_tse,5-15,-2.154826902394099,93,-2.1490655122213376,MAP_PMU,143,0.005761390172761338
0,x_tcsc,1-14,-0.13386622612357787,94,-0.13364542032262494,MAP_PMU,143,0.00022080580095293345
1,B_svc,2,0.2727828825926761,94,0.2721553884124666,MAP_PMU,143,0.0006274941802094647
2,UPFC_Vsh,5-15,1.1044034658533155,94,1.1069501479929083,MAP_PMU,143,0.0025466821395927486
3,UPFC_tsh,5-15,-0.23043512795680246,94,-0.2303785885119013,MAP_PMU,143,5.65394449011658e-05
4,UPFC_Vse,5-15,0.05990276285457579,94,0.06074059081715823,MAP_PMU,143,0.0008378279625824367
5,UPFC_tse,5-15,-2.1546845316328564,94,-2.1490655122213376,MAP_PMU,143,0.005619019411518877
0,x_tcsc,1-14,-0.1338442176003245,95,-0.13364542032262494,MAP_PMU,143,0.00019879727769955835
1,B_svc,2,0.2728150435604985,95,0.2721553884124666,MAP_PMU,143,0.0006596551480319013
2,UPFC_Vsh,5-15,1.1042966729605674,95,1.1069501479929083,MAP_PMU,143,0.002653475032340813
3,UPFC_tsh,5-15,-0.23045196670165102,95,-0.2303785885119013,MAP_PMU,143,7.337818974972876e-05
4,UPFC_Vse,5-15,0.060155823920187,95,0.06074059081715823,MAP_PMU,143,0.0005847668969712269
5,UPFC_tse,5-15,-2.152866945267585,95,-2.1490655122213376,MAP_PMU,143,0.003801433046247471
0,x_tcsc,1-14,-0.1338271264275951,96,-0.13364542032262494,MAP_PMU,143,0.00018170610497014739
1,B_svc,2,0.27190239802901034,96,0.2721553884124666,MAP_PMU,143,0.0002529903834562752
2,UPFC_Vsh,5-15,1.1045245419659806,96,1.1069501479929083,MAP_PMU,143,0.0024256060269276514
3,UPFC_tsh,5-15,-0.23042999100749775,96,-0.2303785885119013,MAP_PMU,143,5.140249559645871e-05
4,UPFC_Vse,5-15,0.05998508467794941,96,0.06074059081715823,MAP_PMU,143,0.0007555061392088142
5,UPFC_tse,5-15,-2.1473518267097744,96,-2.1490655122213376,MAP_PMU,143,0.0017136855115631455
0,x_tcsc,1-14,-0.13390931551550916,97,-0.13364542032262494,MAP_PMU,143,0.0002638951928842226
1,B_svc,2,0.27158965083856634,97,0.2721553884124666,MAP_PMU,143,0.0005657375739002712
2,UPFC_Vsh,5-15,1.1045447766870338,97,1.1069501479929083,MAP_PMU,143,0.002405371305874482
3,UPFC_tsh,5-15,-0.23037106722481238,97,-0.2303785885119013,MAP_PMU,143,7.521287088918527e-06
4,UPFC_Vse,5-15,0.06010396484289667,97,0.06074059081715823,MAP_PMU,143,0.0006366259742615551
5,UPFC_tse,5-15,-2.1436468520792227,97,-2.1490655122213376,MAP_PMU,143,0.005418660142114895
0,x_tcsc,1-14,-0.13381546399243385,98,-0.13364542032262494,MAP_PMU,143,0.0001700436698089114
1,B_svc,2,0.2720831483206267,98,0.2721553884124666,MAP_PMU,143,7.224009183992575e-05
2,UPFC_Vsh,5-15,1.1040881708342452,98,1.1069501479929083,MAP_PMU,143,0.002861977158663098
3,UPFC_tsh,5-15,-0.23037409345705476,98,-0.2303785885119013,MAP_PMU,143,4.4950548465372275e-06
4,UPFC_Vse,5-15,0.06070518184634899,98,0.06074059081715823,MAP_PMU,143,3.5408970809239215e-05
5,UPFC_tse,5-15,-2.151481311465831,98,-2.1490655122213376,MAP_PMU,143,0.0024157992444933107
0,x_tcsc,1-14,-0.13387237541863944,99,-0.13364542032262494,MAP_PMU,143,0.0002269550960145028
1,B_svc,2,0.27167497284094794,99,0.2721553884124666,MAP_PMU,143,0.00048041557151867753
2,UPFC_Vsh,5-15,1.1044054396489469,99,1.1069501479929083,MAP_PMU,143,0.002544708343961366
3,UPFC_tsh,5-15,-0.2303576546722134,99,-0.2303785885119013,MAP_PMU,143,2.09338396879033e-05
4,UPFC_Vse,5-15,0.06005855154073117,99,0.06074059081715823,MAP_PMU,143,0.0006820392764270572
5,UPFC_tse,5-15,-2.1512235824257804,99,-2.1490655122213376,MAP_PMU,143,0.002158070204442808
0,x_tcsc,1-14,-0.13542411509128466,0,-0.13533026318966013,MAP_PMU,145,9.385190162453094e-05
1,B_svc,2,0.2792584902731167,0,0.2792753320852308,MAP_PMU,145,1.6841812114087862e-05
2,UPFC_Vsh,5-15,1.104538926396979,0,1.1062122242676464,MAP_PMU,145,0.0016732978706675006
3,UPFC_tsh,5-15,-0.22891320439663423,0,-0.2288937475894797,MAP_PMU,145,1.945680715453868e-05
4,UPFC_Vse,5-15,0.06038357489921845,0,0.06105957393486992,MAP_PMU,145,0.0006759990356514714
5,UPFC_tse,5-15,-2.1498418888341204,0,-2.1480552309749896,MAP_PMU,145,0.0017866578591307913
0,x_tcsc,1-14,-0.1354651451185032,1,-0.13533026318966013,MAP_PMU,145,0.00013488192884306138
1,B_svc,2,0.279133377975657,1,0.2792753320852308,MAP_PMU,145,0.00014195410957379417
2,UPFC_Vsh,5-15,1.104429053505197,1,1.1062122242676464,MAP_PMU,145,0.001783170762449382
3,UPFC_tsh,5-15,-0.2288652873785992,1,-0.2288937475894797,MAP_PMU,145,2.846021088048767e-05
4,UPFC_Vse,5-15,0.059694954309125456,1,0.06105957393486992,MAP_PMU,145,0.0013646196257444676
5,UPFC_tse,5-15,-2.150036975243357,1,-2.1480552309749896,MAP_PMU,145,0.0019817442683671693
0,x_tcsc,1-14,-0.1354397672491811,2,-0.13533026318966013,MAP_PMU,145,0.00010950405952098174
1,B_svc,2,0.279531412013146,2,0.2792753320852308,MAP_PMU,145,0.0002560799279152093
2,UPFC_Vsh,5-15,1.1045397239380241,2,1.1062122242676464,MAP_PMU,145,0.0016725003296222951
3,UPFC_tsh,5-15,-0.22894124113967243,2,-0.2288937475894797,MAP_PMU,145,4.749355019273427e-05
4,UPFC_Vse,5-15,0.06067368099667429,2,0.06105957393486992,MAP_PMU,145,0.0003858929381956311
5,UPFC_tse,5-15,-2.153607994705227,2,-2.1480552309749896,MAP_PMU,145,0.005552763730237498
0,x_tcsc,1-14,-0.135399718188286,3,-0.13533026318966013,MAP_PMU,145,6.945499862587301e-05
1,B_svc,2,0.279178525495712,3,0.2792753320852308,MAP_PMU,145,9.680658951882748e-05
2,UPFC_Vsh,5-15,1.1043716098831955,3,1.1062122242676464,MAP_PMU,145,0.0018406143844509337
3,UPFC_tsh,5-15,-0.22888042113107662,3,-0.2288937475894797,MAP_PMU,145,1.3326458403073449e-05
4,UPFC_Vse,5-15,0.060760432238750564,3,0.06105957393486992,MAP_PMU,145,0.00029914169611935937
5,UPFC_tse,5-15,-2.1515733537001607,3,-2.1480552309749896,MAP_PMU,145,0.0035181227251710467
0,x_tcsc,1-14,-0.1354534358625681,4,-0.13533026318966013,MAP_PMU,145,0.00012317267290798406
1,B_svc,2,0.2791185416832094,4,0.2792753320852308,MAP_PMU,145,0.0001567904020214339
2,UPFC_Vsh,5-15,1.1043169385206377,4,1.1062122242676464,MAP_PMU,145,0.0018952857470087014
3,UPFC_tsh,5-15,-0.22886694868749152,4,-0.2288937475894797,MAP_PMU,145,2.679890198817314e-05
4,UPFC_Vse,5-15,0.060137221979556156,4,0.06105957393486992,MAP_PMU,145,0.0009223519553137674
5,UPFC_tse,5-15,-2.1398354734532092,4,-2.1480552309749896,MAP_PMU,145,0.008219757521780391
0,x_tcsc,1-14,-0.13539178456521114,5,-0.13533026318966013,MAP_PMU,145,6.152137555101578e-05
1,B_svc,2,0.27924155844146253,5,0.2792753320852308,MAP_PMU,145,3.377364376827563e-05
2,UPFC_Vsh,5-15,1.1044222917789768,5,1.1062122242676464,MAP_PMU,145,0.0017899324886696544
3,UPFC_tsh,5-15,-0.228924496432351,5,-0.2288937475894797,MAP_PMU,145,3.0748842871297644e-05
4,UPFC_Vse,5-15,0.060658647629278535,5,0.06105957393486992,MAP_PMU,145,0.00040092630559138837
5,UPFC_tse,5-15,-2.144412623245837,5,-2.1480552309749896,MAP_PMU,145,0.0036426077291524805
0,x_tcsc,1-14,-0.13545959322328732,6,-0.13533026318966013,MAP_PMU,145,0.0001293300336271952
1,B_svc,2,0.2793023068230387,6,0.2792753320852308,MAP_PMU,145,2.6974737807883287e-05
2,UPFC_Vsh,5-15,1.1045764900398605,6,1.1062122242676464,MAP_PMU,145,0.0016357342277859566
3,UPFC_tsh,5-15,-0.22886282459078822,6,-0.2288937475894797,MAP_PMU,145,3.092299869147941e-05
4,UPFC_Vse,5-15,0.06026670459688825,6,0.06105957393486992,MAP_PMU,145,0.000792869337981672
5,UPFC_tse,5-15,-2.1514130626616006,6,-2.1480552309749896,MAP_PMU,145,0.003357831686610968
0,x_tcsc,1-14,-0.13540448074046602,7,-0.13533026318966013,MAP_PMU,145,7.421755080588843e-05
1,B_svc,2,0.27929624129672687,7,0.2792753320852308,MAP_PMU,145,2.090921149605629e-05
2,UPFC_Vsh,5-15,1.1043700577384568,7,1.1062122242676464,MAP_PMU,145,0.0018421665291896705
3,UPFC_tsh,5-15,-0.22892945945798043,7,-0.2288937475894797,MAP_PMU,145,3.5711868500737376e-05
4,UPFC_Vse,5-15,0.06029909859088157,7,0.06105957393486992,MAP_PMU,145,0.0007604753439883552
5,UPFC_tse,5-15,-2.1432166279903577,7,-2.1480552309749896,MAP_PMU,145,0.004838602984631901
0,x_tcsc,1-14,-0.13540043612074257,8,-0.13533026318966013,MAP_PMU,145,7.01729310824406e-05
1,B_svc,2,0.279376387260012,8,0.2792753320852308,MAP_PMU,145,0.00010105517478120607
2,UPFC_Vsh,5-15,1.1045087984838629,8,1.1062122242676464,MAP_PMU,145,0.0017034257837835742
3,UPFC_tsh,5-15,-0.22894741401538893,8,-0.2288937475894797,MAP_PMU,145,5.366642590923232e-05
4,UPFC_Vse,5-15,0.060477053199707476,8,0.06105957393486992,MAP_PMU,145,0.0005825207351624478
5,UPFC_tse,5-15,-2.150300103148054,8,-2.1480552309749896,MAP_PMU,145,0.0022448721730645715
0,x_tcsc,1-14,-0.13541378847693772,9,-0.13533026318966013,MAP_PMU,145,8.352528727759156e-05
1,B_svc,2,0.2792072929055803,9,0.2792753320852308,MAP_PMU,145,6.803917965053641e-05
2,UPFC_Vsh,5-15,1.1039876048466704,9,1.1062122242676464,MAP_PMU,145,0.0022246194209760706
3,UPFC_tsh,5-15,-0.22893163853134757,9,-0.2288937475894797,MAP_PMU,145,3.789094186787412e-05
4,UPFC_Vse,5-15,0.06063195752132859,9,0.06105957393486992,MAP_PMU,145,0.00042761641354133184
5,UPFC_tse,5-15,-2.1490363161583224,9,-2.1480552309749896,MAP_PMU,145,0.0009810851833327305
0,x_tcsc,1-14,-0.13548744588658146,10,-0.13533026318966013,MAP_PMU,145,0.0001571826969213319
1,B_svc,2,0.27964304180064653,10,0.2792753320852308,MAP_PMU,145,0.0003677097154157205
2,UPFC_Vsh,5-15,1.104491015239042,10,1.1062122242676464,MAP_PMU,145,0.001721209028604509
3,UPFC_tsh,5-15,-0.22885667330020737,10,-0.2288937475894797,MAP_PMU,145,3.7074289272326366e-05
4,UPFC_Vse,5-15,0.06045558469573892,10,0.06105957393486992,MAP_PMU,145,0.0006039892391310059
5,UPFC_tse,5-15,-2.1522251616445582,10,-2.1480552309749896,MAP_PMU,145,0.004169930669568611
0,x_tcsc,1-14,-0.13547062552615086,11,-0.13533026318966013,MAP_PMU,145,0.00014036233649072916
1,B_svc,2,0.27907315040170094,11,0.2792753320852308,MAP_PMU,145,0.00020218168352986732
2,UPFC_Vsh,5-15,1.1047078229563843,11,1.1062122242676464,MAP_PMU,145,0.0015044013112621712
3,UPFC_tsh,5-15,-0.228811628728218,11,-0.2288937475894797,MAP_PMU,145,8.211886126169299e-05
4,UPFC_Vse,5-15,0.06016984967982251,11,0.06105957393486992,MAP_PMU,145,0.0008897242550474152
5,UPFC_tse,5-15,-2.1378242944758004,11,-2.1480552309749896,MAP_PMU,145,0.01023093649918927
0,x_tcsc,1-14,-0.13545072718451717,12,-0.13533026318966013,MAP_PMU,145,0.00012046399485704518
1,B_svc,2,0.27997166247964117,12,0.2792753320852308,MAP_PMU,145,0.0006963303944103605
2,UPFC_Vsh,5-15,1.104224732094333,12,1.1062122242676464,MAP_PMU,145,0.0019874921733133988
3,UPFC_tsh,5-15,-0.2288407258107359,12,-0.2288937475894797,MAP_PMU,145,5.302177874380587e-05
4,UPFC_Vse,5-15,0.05946632968581418,12,0.06105957393486992,MAP_PMU,145,0.001593244249055742
5,UPFC_tse,5-15,-2.142425446265494,12,-2.1480552309749896,MAP_PMU,145,0.005629784709495489
0,x_tcsc,1-14,-0.1353995351484797,13,-0.13533026318966013,MAP_PMU,145,6.927195881956116e-05
1,B_svc,2,0.2795630946851419,13,0.2792753320852308,MAP_PMU,145,0.00028776259991109
2,UPFC_Vsh,5-15,1.1048891379729961,13,1.1062122242676464,MAP_PMU,145,0.0013230862946502775
3,UPFC_tsh,5-15,-0.22891731540787197,13,-0.2288937475894797,MAP_PMU,145,2.3567818392272732e-05
4,UPFC_Vse,5-15,0.05998183932401891,13,0.06105957393486992,MAP_PMU,145,0.0010777346108510125
5,UPFC_tse,5-15,-2.14327206005681,13,-2.1480552309749896,MAP_PMU,145,0.004783170918179813
0,x_tcsc,1-14,-0.1354104523510477,14,-0.13533026318966013,MAP_PMU,145,8.018916138757826e-05
1,B_svc,2,0.2792482788807082,14,0.2792753320852308,MAP_PMU,145,2.7053204522620167e-05
2,UPFC_Vsh,5-15,1.1042971619206108,14,1.1062122242676464,MAP_PMU,145,0.0019150623470356454
3,UPFC_tsh,5-15,-0.228902736658208,14,-0.2288937475894797,MAP_PMU,145,8.989068728315619e-06
4,UPFC_Vse,5-15,0.06044689563304477,14,0.06105957393486992,MAP_PMU,145,0.0006126783018251536
5,UPFC_tse,5-15,-2.1470559218041863,14,-2.1480552309749896,MAP_PMU,145,0.0009993091708033752
0,x_tcsc,1-14,-0.13546182852649935,15,-0.13533026318966013,MAP_PMU,145,0.00013156533683922333
1,B_svc,2,0.27945454200209147,15,0.2792753320852308,MAP_PMU,145,0.00017920991686065646
2,UPFC_Vsh,5-15,1.1040508552351096,15,1.1062122242676464,MAP_PMU,145,0.0021613690325368307
3,UPFC_tsh,5-15,-0.22892550635646344,15,-0.2288937475894797,MAP_PMU,145,3.175876698374713e-05
4,UPFC_Vse,5-15,0.060551874328069626,15,0.06105957393486992,MAP_PMU,145,0.0005076996068002979
5,UPFC_tse,5-15,-2.142751334857178,15,-2.1480552309749896,MAP_PMU,145,0.0053038961178115684
0,x_tcsc,1-14,-0.13536520341619127,16,-0.13533026318966013,MAP_PMU,145,3.494022653113826e-05
1,B_svc,2,0.2795434014735702,16,0.2792753320852308,MAP_PMU,145,0.0002680693883393981
2,UPFC_Vsh,5-15,1.1041152591144467,16,1.1062122242676464,MAP_PMU,145,0.0020969651531996814
3,UPFC_tsh,5-15,-0.2288738011780094,16,-0.2288937475894797,MAP_PMU,145,1.994641147029519e-05
4,UPFC_Vse,5-15,0.06001103846739837,16,0.06105957393486992,MAP_PMU,145,0.0010485354674715508
5,UPFC_tse,5-15,-2.1497145086359386,16,-2.1480552309749896,MAP_PMU,145,0.0016592776609489768
0,x_tcsc,1-14,-0.13548109555774202,17,-0.13533026318966013,MAP_PMU,145,0.00015083236808188794
1,B_svc,2,0.2797853088390716,17,0.2792753320852308,MAP_PMU,145,0.0005099767538407907
2,UPFC_Vsh,5-15,1.1043011074728668,17,1.1062122242676464,MAP_PMU,145,0.0019111167947796215
3,UPFC_tsh,5-15,-0.22882179443389258,17,-0.2288937475894797,MAP_PMU,145,7.195315558711224e-05
4,UPFC_Vse,5-15,0.06017615244418676,17,0.06105957393486992,MAP_PMU,145,0.0008834214906831631
5,UPFC_tse,5-15,-2.1451698190886854,17,-2.1480552309749896,MAP_PMU,145,0.002885411886304201
0,x_tcsc,1-14,-0.1354362346370106,18,-0.13533026318966013,MAP_PMU,145,0.00010597144735047248
1,B_svc,2,0.27959970467630046,18,0.2792753320852308,MAP_PMU,145,0.0003243725910696549
2,UPFC_Vsh,5-15,1.1045367300479916,18,1.1062122242676464,MAP_PMU,145,0.0016754942196548495
3,UPFC_tsh,5-15,-0.22886306825146868,18,-0.2288937475894797,MAP_PMU,145,3.0679338011013746e-05
4,UPFC_Vse,5-15,0.060647772322566615,18,0.06105957393486992,MAP_PMU,145,0.0004118016123033086
5,UPFC_tse,5-15,-2.146870414587632,18,-2.1480552309749896,MAP_PMU,145,0.0011848163873575679
0,x_tcsc,1-14,-0.13545665752095026,19,-0.13533026318966013,MAP_PMU,145,0.0001263943312901361
1,B_svc,2,0.27946439378604504,19,0.2792753320852308,MAP_PMU,145,0.00018906170081423035
2,UPFC_Vsh,5-15,1.1045658252196986,19,1.1062122242676464,MAP_PMU,145,0.001646399047947833
3,UPFC_tsh,5-15,-0.2288140741344334,19,-0.2288937475894797,MAP_PMU,145,7.967345504630852e-05
4,UPFC_Vse,5-15,0.06034880315170343,19,0.06105957393486992,MAP_PMU,145,0.0007107707831664964
5,UPFC_tse,5-15,-2.1446917559067367,19,-2.1480552309749896,MAP_PMU,145,0.0033634750682529635
0,x_tcsc,1-14,-0.1354463317131261,20,-0.13533026318966013,MAP_PMU,145,0.00011606852346596197
1,B_svc,2,0.27990610848897163,20,0.2792753320852308,MAP_PMU,145,0.0006307764037408181
2,UPFC_Vsh,5-15,1.1044269140683283,20,1.1062122242676464,MAP_PMU,145,0.0017853101993181575
3,UPFC_tsh,5-15,-0.22889868894281878,20,-0.2288937475894797,MAP_PMU,145,4.941353339088517e-06
4,UPFC_Vse,5-15,0.06041825871908029,20,0.06105957393486992,MAP_PMU,145,0.0006413152157896326
5,UPFC_tse,5-15,-2.1365407411548425,20,-2.1480552309749896,MAP_PMU,145,0.011514489820147134
0,x_tcsc,1-14,-0.13542370491762218,21,-0.13533026318966013,MAP_PMU,145,9.344172796205141e-05
1,B_svc,2,0.2793563664059264,21,0.2792753320852308,MAP_PMU,145,8.103432069561656e-05
2,UPFC_Vsh,5-15,1.1044566961600548,21,1.1062122242676464,MAP_PMU,145,0.0017555281075916085
3,UPFC_tsh,5-15,-0.2288797920978464,21,-0.2288937475894797,MAP_PMU,145,1.3955491633299566e-05
4,UPFC_Vse,5-15,0.06089416468775777,21,0.06105957393486992,MAP_PMU,145,0.00016540924711215543
5,UPFC_tse,5-15,-2.151798736057378,21,-2.1480552309749896,MAP_PMU,145,0.0037435050823884097
0,x_tcsc,1-14,-0.135404516963552,22,-0.13533026318966013,MAP_PMU,145,7.42537738918636e-05
1,B_svc,2,0.27953437058459185,22,0.2792753320852308,MAP_PMU,145,0.00025903849936104173
2,UPFC_Vsh,5-15,1.104569693828932,22,1.1062122242676464,MAP_PMU,145,0.001642530438714429
3,UPFC_tsh,5-15,-0.22884487753200822,22,-0.2288937475894797,MAP_PMU,145,4.8870057471478434e-05
4,UPFC_Vse,5-15,0.0600340506936222,22,0.06105957393486992,MAP_PMU,145,0.0010255232412477236
5,UPFC_tse,5-15,-2.136618129862142,22,-2.1480552309749896,MAP_PMU,145,0.011437101112847792
0,x_tcsc,1-14,-0.13544111508784482,23,-0.13533026318966013,MAP_PMU,145,0.00011085189818468844
1,B_svc,2,0.2793765525077368,23,0.2792753320852308,MAP_PMU,145,0.00010122042250598762
2,UPFC_Vsh,5-15,1.1045858000746085,23,1.1062122242676464,MAP_PMU,145,0.0016264241930379342
3,UPFC_tsh,5-15,-0.22879135859940994,23,-0.2288937475894797,MAP_PMU,145,0.00010238899006975721
4,UPFC_Vse,5-15,0.060273270655216496,23,0.06105957393486992,MAP_PMU,145,0.0007863032796534275
5,UPFC_tse,5-15,-2.152234372732436,23,-2.1480552309749896,MAP_PMU,145,0.004179141757446381
0,x_tcsc,1-14,-0.13543965691298984,24,-0.13533026318966013,MAP_PMU,145,0.00010939372332971486
1,B_svc,2,0.2795386228789871,24,0.2792753320852308,MAP_PMU,145,0.00026329079375631004
2,UPFC_Vsh,5-15,1.104071443512622,24,1.1062122242676464,MAP_PMU,145,0.0021407807550244407
3,UPFC_tsh,5-15,-0.228931749909095,24,-0.2288937475894797,MAP_PMU,145,3.800231961531564e-05
4,UPFC_Vse,5-15,0.06084559117256493,24,0.06105957393486992,MAP_PMU,145,0.00021398276230499141
5,UPFC_tse,5-15,-2.149169532798717,24,-2.1480552309749896,MAP_PMU,145,0.0011143018237271818
0,x_tcsc,1-14,-0.13541111887184823,25,-0.13533026318966013,MAP_PMU,145,8.085568218810235e-05
1,B_svc,2,0.27876992586041205,25,0.2792753320852308,MAP_PMU,145,0.0005054062248187607
2,UPFC_Vsh,5-15,1.1045447117441018,25,1.1062122242676464,MAP_PMU,145,0.0016675125235445787
3,UPFC_tsh,5-15,-0.22885753385871505,25,-0.2288937475894797,MAP_PMU,145,3.62137307646504e-05
4,UPFC_Vse,5-15,0.06007852474399147,25,0.06105957393486992,MAP_PMU,145,0.0009810491908784566
5,UPFC_tse,5-15,-2.143996422682158,25,-2.1480552309749896,MAP_PMU,145,0.004058808292831451
0,x_tcsc,1-14,-0.1354360945884021,26,-0.13533026318966013,MAP_PMU,145,0.00010583139874198455
1,B_svc,2,0.27932420818455883,26,0.2792753320852308,MAP_PMU,145,4.887609932802128e-05
2,UPFC_Vsh,5-15,1.1042171870395845,26,1.1062122242676464,MAP_PMU,145,0.0019950372280619355
3,UPFC_tsh,5-15,-0.2290122129477027,26,-0.2288937475894797,MAP_PMU,145,0.00011846535822299109
4,UPFC_Vse,5-15,0.06068001281872087,26,0.06105957393486992,MAP_PMU,145,0.00037956111614905613
5,UPFC_tse,5-15,-2.1660353940938997,26,-2.1480552309749896,MAP_PMU,145,0.017980163118910042
0,x_tcsc,1-14,-0.13539101541961868,27,-0.13533026318966013,MAP_PMU,145,6.075222995854945e-05
1,B_svc,2,0.27952248543815283,27,0.2792753320852308,MAP_PMU,145,0.0002471533529220249
2,UPFC_Vsh,5-15,1.1040788892829045,27,1.1062122242676464,MAP_PMU,145,0.002133334984741886
3,UPFC_tsh,5-15,-0.2288667871274853,27,-0.2288937475894797,MAP_PMU,145,2.6960461994407492e-05
4,UPFC_Vse,5-15,0.060152588063578316,27,0.06105957393486992,MAP_PMU,145,0.0009069858712916073
5,UPFC_tse,5-15,-2.1472847995928324,27,-2.1480552309749896,MAP_PMU,145,0.0007704313821572661
0,x_tcsc,1-14,-0.13543078828920002,28,-0.13533026318966013,MAP_PMU,145,0.0001005250995398943
1,B_svc,2,0.27951250988698584,28,0.2792753320852308,MAP_PMU,145,0.00023717780175502856
2,UPFC_Vsh,5-15,1.104038951757042,28,1.1062122242676464,MAP_PMU,145,0.002173272510604507
3,UPFC_tsh,5-15,-0.2289943103170364,28,-0.2288937475894797,MAP_PMU,145,0.00010056272755670781
4,UPFC_Vse,5-15,0.0610258472994043,28,0.06105957393486992,MAP_PMU,145,3.372663546562238e-05
5,UPFC_tse,5-15,-2.1508472614728946,28,-2.1480552309749896,MAP_PMU,145,0.002792030497904996
0,x_tcsc,1-14,-0.1354447377401593,29,-0.13533026318966013,MAP_PMU,145,0.00011447455049917732
1,B_svc,2,0.27967936500305984,29,0.2792753320852308,MAP_PMU,145,0.0004040329178290336
2,UPFC_Vsh,5-15,1.1042662057182608,29,1.1062122242676464,MAP_PMU,145,0.0019460185493855864
3,UPFC_tsh,5-15,-0.22890759061440308,29,-0.2288937475894797,MAP_PMU,145,1.3843024923382297e-05
4,UPFC_Vse,5-15,0.06048092345884401,29,0.06105957393486992,MAP_PMU,145,0.0005786504760259131
5,UPFC_tse,5-15,-2.147896469201648,29,-2.1480552309749896,MAP_PMU,145,0.00015876177334162023
0,x_tcsc,1-14,-0.1354517898029865,30,-0.13533026318966013,MAP_PMU,145,0.0001215266133263726
1,B_svc,2,0.27950818475685235,30,0.2792753320852308,MAP_PMU,145,0.00023285267162154177
2,UPFC_Vsh,5-15,1.1045834666463685,30,1.1062122242676464,MAP_PMU,145,0.0016287576212778987
3,UPFC_tsh,5-15,-0.22885370190907614,30,-0.2288937475894797,MAP_PMU,145,4.0045680403555384e-05
4,UPFC_Vse,5-15,0.06002131616726446,30,0.06105957393486992,MAP_PMU,145,0.001038257767605466
5,UPFC_tse,5-15,-2.1502984293966376,30,-2.1480552309749896,MAP_PMU,145,0.002243198421647996
0,x_tcsc,1-14,-0.13544192404221933,31,-0.13533026318966013,MAP_PMU,145,0.00011166085255920333
1,B_svc,2,0.27932396972786866,31,0.2792753320852308,MAP_PMU,145,4.8637642637849865e-05
2,UPFC_Vsh,5-15,1.1042510863389476,31,1.1062122242676464,MAP_PMU,145,0.0019611379286987862
3,UPFC_tsh,5-15,-0.22896637965960964,31,-0.2288937475894797,MAP_PMU,145,7.263207012994655e-05
4,UPFC_Vse,5-15,0.06087088431197037,31,0.06105957393486992,MAP_PMU,145,0.0001886896228995502
5,UPFC_tse,5-15,-2.152772303571972,31,-2.1480552309749896,MAP_PMU,145,0.004717072596982508
0,x_tcsc,1-14,-0.13539236357725723,32,-0.13533026318966013,MAP_PMU,145,6.210038759710268e-05
1,B_svc,2,0.27931306576983367,32,0.2792753320852308,MAP_PMU,145,3.773368460285864e-05
2,UPFC_Vsh,5-15,1.1043474195745082,32,1.1062122242676464,MAP_PMU,145,0.0018648046931382112
3,UPFC_tsh,5-15,-0.22889808609770884,32,-0.2288937475894797,MAP_PMU,145,4.338508229145832e-06
4,UPFC_Vse,5-15,0.060544250199410454,32,0.06105957393486992,MAP_PMU,145,0.0005153237354594692
5,UPFC_tse,5-15,-2.152489170881652,32,-2.1480552309749896,MAP_PMU,145,0.00443393990666241
0,x_tcsc,1-14,-0.13545696511829924,33,-0.13533026318966013,MAP_PMU,145,0.0001267019286391169
1,B_svc,2,0.27926278546890054,33,0.2792753320852308,MAP_PMU,145,1.2546616330266769e-05
2,UPFC_Vsh,5-15,1.1045294930041831,33,1.1062122242676464,MAP_PMU,145,0.0016827312634632996
3,UPFC_tsh,5-15,-0.2288674616918898,33,-0.2288937475894797,MAP_PMU,145,2.628589758990607e-05
4,UPFC_Vse,5-15,0.059826673712433456,33,0.06105957393486992,MAP_PMU,145,0.0012329002224364671
5,UPFC_tse,5-15,-2.1476787483498905,33,-2.1480552309749896,MAP_PMU,145,0.0003764826250991504
0,x_tcsc,1-14,-0.1354330186004576,34,-0.13533026318966013,MAP_PMU,145,0.00010275541079746153
1,B_svc,2,0.27973044292805455,34,0.2792753320852308,MAP_PMU,145,0.00045511084282373604
2,UPFC_Vsh,5-15,1.1045023428155856,34,1.1062122242676464,MAP_PMU,145,0.0017098814520608574
3,UPFC_tsh,5-15,-0.22889896613094549,34,-0.2288937475894797,MAP_PMU,145,5.21854146579015e-06
4,UPFC_Vse,5-15,0.06020503223975303,34,0.06105957393486992,MAP_PMU,145,0.0008545416951168949
5,UPFC_tse,5-15,-2.1431319149442856,34,-2.1480552309749896,MAP_PMU,145,0.004923316030704061
0,x_tcsc,1-14,-0.13538667301131954,35,-0.13533026318966013,MAP_PMU,145,5.640982165941444e-05
1,B_svc,2,0.2794040204508834,35,0.2792753320852308,MAP_PMU,145,0.00012868836565260722
2,UPFC_Vsh,5-15,1.1041050950888442,35,1.1062122242676464,MAP_PMU,145,0.0021071291788021806
3,UPFC_tsh,5-15,-0.2289468215425137,35,-0.2288937475894797,MAP_PMU,145,5.3073953033999643e-05
4,UPFC_Vse,5-15,0.06033864576397642,35,0.06105957393486992,MAP_PMU,145,0.0007209281708935034
5,UPFC_tse,5-15,-2.149991368745343,35,-2.1480552309749896,MAP_PMU,145,0.0019361377703535076
0,x_tcsc,1-14,-0.13545727248523998,36,-0.13533026318966013,MAP_PMU,145,0.00012700929557984963
1,B_svc,2,0.2793328212465181,36,0.2792753320852308,MAP_PMU,145,5.7489161287282986e-05
2,UPFC_Vsh,5-15,1.1039628279973581,36,1.1062122242676464,MAP_PMU,145,0.0022493962702883064
3,UPFC_tsh,5-15,-0.22893717270567038,36,-0.2288937475894797,MAP_PMU,145,4.342511619068179e-05
4,UPFC_Vse,5-15,0.0602377481243478,36,0.06105957393486992,MAP_PMU,145,0.0008218258105221268
5,UPFC_tse,5-15,-2.160289686778694,36,-2.1480552309749896,MAP_PMU,145,0.012234455803704414
0,x_tcsc,1-14,-0.1354356408229127,37,-0.13533026318966013,MAP_PMU,145,0.0001053776332525791
1,B_svc,2,0.27915117248814497,37,0.2792753320852308,MAP_PMU,145,0.0001241595970858378
2,UPFC_Vsh,5-15,1.1042518923833013,37,1.1062122242676464,MAP_PMU,145,0.001960331884345079
3,UPFC_tsh,5-15,-0.22897172651084016,37,-0.2288937475894797,MAP_PMU,145,7.797892136046647e-05
4,UPFC_Vse,5-15,0.060406625133849604,37,0.06105957393486992,MAP_PMU,145,0.0006529488010203199
5,UPFC_tse,5-15,-2.147699159880828,37,-2.1480552309749896,MAP_PMU,145,0.0003560710941616918
0,x_tcsc,1-14,-0.13541503837575242,38,-0.13533026318966013,MAP_PMU,145,8.477518609228962e-05
1,B_svc,2,0.2794324329362732,38,0.2792753320852308,MAP_PMU,145,0.00015710085104236882
2,UPFC_Vsh,5-15,1.1039592168031156,38,1.1062122242676464,MAP_PMU,145,0.0022530074645308318
3,UPFC_tsh,5-15,-0.2289771942968204,38,-0.2288937475894797,MAP_PMU,145,8.344670734070081e-05
4,UPFC_Vse,5-15,0.060631723379183745,38,0.06105957393486992,MAP_PMU,145,0.0004278505556861781
5,UPFC_tse,5-15,-2.157361066306488,38,-2.1480552309749896,MAP_PMU,145,0.009305835331498535
0,x_tcsc,1-14,-0.13545711946898253,39,-0.13533026318966013,MAP_PMU,145,0.00012685627932240706
1,B_svc,2,0.27889675314554896,39,0.2792753320852308,MAP_PMU,145,0.00037857893968185063
2,UPFC_Vsh,5-15,1.1044459946537968,39,1.1062122242676464,MAP_PMU,145,0.0017662296138496458
3,UPFC_tsh,5-15,-0.22890924729120166,39,-0.2288937475894797,MAP_PMU,145,1.5499701721960468e-05
4,UPFC_Vse,5-15,0.06048634860229603,39,0.06105957393486992,MAP_PMU,145,0.0005732253325738956
5,UPFC_tse,5-15,-2.161364242637755,39,-2.1480552309749896,MAP_PMU,145,0.013309011662765435
0,x_tcsc,1-14,-0.13539274872652463,40,-0.13533026318966013,MAP_PMU,145,6.248553686449831e-05
1,B_svc,2,0.2792324412634004,40,0.2792753320852308,MAP_PMU,145,4.289082183039916e-05
2,UPFC_Vsh,5-15,1.1043214419680576,40,1.1062122242676464,MAP_PMU,145,0.0018907822995888335
3,UPFC_tsh,5-15,-0.22890036377265988,40,-0.2288937475894797,MAP_PMU,145,6.616183180180313e-06
4,UPFC_Vse,5-15,0.060457398083513254,40,0.06105957393486992,MAP_PMU,145,0.0006021758513566691
5,UPFC_tse,5-15,-2.1365539518725942,40,-2.1480552309749896,MAP_PMU,145,0.0115012791023954
0,x_tcsc,1-14,-0.13540459444006342,41,-0.13533026318966013,MAP_PMU,145,7.433125040329225e-05
1,B_svc,2,0.27930368669667544,41,0.2792753320852308,MAP_PMU,145,2.8354611444625366e-05
2,UPFC_Vsh,5-15,1.1041712411740194,41,1.1062122242676464,MAP_PMU,145,0.0020409830936269913
3,UPFC_tsh,5-15,-0.22889234104684653,41,-0.2288937475894797,MAP_PMU,145,1.4065426331699715e-06
4,UPFC_Vse,5-15,0.060192091690249375,41,0.06105957393486992,MAP_PMU,145,0.0008674822446205488
5,UPFC_tse,5-15,-2.152892027116624,41,-2.1480552309749896,MAP_PMU,145,0.0048367961416344585
0,x_tcsc,1-14,-0.13546010948797735,42,-0.13533026318966013,MAP_PMU,145,0.00012984629831722105
1,B_svc,2,0.2794729070866669,42,0.2792753320852308,MAP_PMU,145,0.00019757500143607887
2,UPFC_Vsh,5-15,1.1045022675814755,42,1.1062122242676464,MAP_PMU,145,0.0017099566861709103
3,UPFC_tsh,5-15,-0.22886737174056324,42,-0.2288937475894797,MAP_PMU,145,2.6375848916460054e-05
4,UPFC_Vse,5-15,0.06021894224129708,42,0.06105957393486992,MAP_PMU,145,0.0008406316935728464
5,UPFC_tse,5-15,-2.1395211589206746,42,-2.1480552309749896,MAP_PMU,145,0.008534072054315
0,x_tcsc,1-14,-0.13541699461238832,43,-0.13533026318966013,MAP_PMU,145,8.673142272819234e-05
1,B_svc,2,0.2797844647230515,43,0.2792753320852308,MAP_PMU,145,0.0005091326378207084
2,UPFC_Vsh,5-15,1.1042483486260504,43,1.1062122242676464,MAP_PMU,145,0.001963875641596058
3,UPFC_tsh,5-15,-0.2288101281915838,43,-0.2288937475894797,MAP_PMU,145,8.36193978958899e-05
4,UPFC_Vse,5-15,0.05988078058160677,43,0.06105957393486992,MAP_PMU,145,0.0011787933532631523
5,UPFC_tse,5-15,-2.1457939008846068,43,-2.1480552309749896,MAP_PMU,145,0.0022613300903828737
0,x_tcsc,1-14,-0.13546269048170823,44,-0.13533026318966013,MAP_PMU,145,0.00013242729204809844
1,B_svc,2,0.2794224264416629,44,0.2792753320852308,MAP_PMU,145,0.0001470943564320648
2,UPFC_Vsh,5-15,1.1044537192112605,44,1.1062122242676464,MAP_PMU,145,0.0017585050563859728
3,UPFC_tsh,5-15,-0.2289145069368451,44,-0.2288937475894797,MAP_PMU,145,2.075934736539553e-05
4,UPFC_Vse,5-15,0.06043631618702739,44,0.06105957393486992,MAP_PMU,145,0.000623257747842533
5,UPFC_tse,5-15,-2.1433602415684363,44,-2.1480552309749896,MAP_PMU,145,0.004694989406553329
0,x_tcsc,1-14,-0.13547690303673382,45,-0.13533026318966013,MAP_PMU,145,0.00014663984707369293
1,B_svc,2,0.2790409642019518,45,0.2792753320852308,MAP_PMU,145,0.00023436788327901859
2,UPFC_Vsh,5-15,1.1044554710170533,45,1.1062122242676464,MAP_PMU,145,0.0017567532505931016
3,UPFC_tsh,5-15,-0.228883225835852,45,-0.2288937475894797,MAP_PMU,145,1.0521753627701358e-05
4,UPFC_Vse,5-15,0.06001781329315962,45,0.06105957393486992,MAP_PMU,145,0.0010417606417103056
5,UPFC_tse,5-15,-2.1540140418272244,45,-2.1480552309749896,MAP_PMU,145,0.005958810852234819
0,x_tcsc,1-14,-0.13543625650921973,46,-0.13533026318966013,MAP_PMU,145,0.00010599331955959967
1,B_svc,2,0.27913793983907853,46,0.2792753320852308,MAP_PMU,145,0.00013739224615227918
2,UPFC_Vsh,5-15,1.1043441770658,46,1.1062122242676464,MAP_PMU,145,0.0018680472018464123
3,UPFC_tsh,5-15,-0.2288653772293484,46,-0.2288937475894797,MAP_PMU,145,2.8370360131285688e-05
4,UPFC_Vse,5-15,0.06054323689912355,46,0.06105957393486992,MAP_PMU,145,0.0005163370357463767
5,UPFC_tse,5-15,-2.1431886033157257,46,-2.1480552309749896,MAP_PMU,145,0.0048666276592639335
0,x_tcsc,1-14,-0.13544617000212147,47,-0.13533026318966013,MAP_PMU,145,0.00011590681246134715
1,B_svc,2,0.27950161915507493,47,0.2792753320852308,MAP_PMU,145,0.00022628706984412217
2,UPFC_Vsh,5-15,1.1043914897253266,47,1.1062122242676464,MAP_PMU,145,0.0018207345423197907
3,UPFC_tsh,5-15,-0.2289277713961209,47,-0.2288937475894797,MAP_PMU,145,3.402380664119242e-05
4,UPFC_Vse,5-15,0.059821416067746526,47,0.06105957393486992,MAP_PMU,145,0.0012381578671233975
5,UPFC_tse,5-15,-2.153442598838092,47,-2.1480552309749896,MAP_PMU,145,0.005387367863102455
0,x_tcsc,1-14,-0.13542112219398103,48,-0.13533026318966013,MAP_PMU,145,9.085900432090344e-05
1,B_svc,2,0.2794002180776872,48,0.2792753320852308,MAP_PMU,145,0.00012488599245641385
2,UPFC_Vsh,5-15,1.104554751856473,48,1.1062122242676464,MAP_PMU,145,0.0016574724111735328
3,UPFC_tsh,5-15,-0.22887428588772812,48,-0.2288937475894797,MAP_PMU,145,1.9461701751571914e-05
4,UPFC_Vse,5-15,0.06052942108857312,48,0.06105957393486992,MAP_PMU,145,0.0005301528462968025
5,UPFC_tse,5-15,-2.143422975010838,48,-2.1480552309749896,MAP_PMU,145,0.0046322559641516214
0,x_tcsc,1-14,-0.13536798687930568,49,-0.13533026318966013,MAP_PMU,145,3.7723689645552394e-05
1,B_svc,2,0.2788823479585057,49,0.2792753320852308,MAP_PMU,145,0.0003929841267251155
2,UPFC_Vsh,5-15,1.1042957292066657,49,1.1062122242676464,MAP_PMU,145,0.001916495060980683
3,UPFC_tsh,5-15,-0.2289280509749266,49,-0.2288937475894797,MAP_PMU,145,3.430338544690992e-05
4,UPFC_Vse,5-15,0.060608108579617855,49,0.06105957393486992,MAP_PMU,145,0.00045146535525206893
5,UPFC_tse,5-15,-2.1473695607740195,49,-2.1480552309749896,MAP_PMU,145,0.000685670200970101
0,x_tcsc,1-14,-0.1353925146071473,50,-0.13533026318966013,MAP_PMU,145,6.225141748716911e-05
1,B_svc,2,0.27947420190480277,50,0.2792753320852308,MAP_PMU,145,0.00019886981957195626
2,UPFC_Vsh,5-15,1.104260589430689,50,1.1062122242676464,MAP_PMU,145,0.0019516348369574832
3,UPFC_tsh,5-15,-0.2288855075242195,50,-0.2288937475894797,MAP_PMU,145,8.240065260206597e-06
4,UPFC_Vse,5-15,0.060532370216989005,50,0.06105957393486992,MAP_PMU,145,0.0005272037178809183
5,UPFC_tse,5-15,-2.1522983226926273,50,-2.1480552309749896,MAP_PMU,145,0.004243091717637704
0,x_tcsc,1-14,-0.13541619016606826,51,-0.13533026318966013,MAP_PMU,145,8.592697640813496e-05
1,B_svc,2,0.2794713430237696,51,0.2792753320852308,MAP_PMU,145,0.00019601093853877094
2,UPFC_Vsh,5-15,1.1041510244418025,51,1.1062122242676464,MAP_PMU,145,0.0020611998258439623
3,UPFC_tsh,5-15,-0.22894102813879857,51,-0.2288937475894797,MAP_PMU,145,4.728054931887882e-05
4,UPFC_Vse,5-15,0.06072675777911695,51,0.06105957393486992,MAP_PMU,145,0.0003328161557529727
5,UPFC_tse,5-15,-2.1504874459765673,51,-2.1480552309749896,MAP_PMU,145,0.0024322150015776423
0,x_tcsc,1-14,-0.13543350551143934,52,-0.13533026318966013,MAP_PMU,145,0.00010324232177921777
1,B_svc,2,0.279621066314935,52,0.2792753320852308,MAP_PMU,145,0.00034573422970418655
2,UPFC_Vsh,5-15,1.1046575424148406,52,1.1062122242676464,MAP_PMU,145,0.0015546818528058282
3,UPFC_tsh,5-15,-0.2289129965600639,52,-0.2288937475894797,MAP_PMU,145,1.9248970584195835e-05
4,UPFC_Vse,5-15,0.060259603525139725,52,0.06105957393486992,MAP_PMU,145,0.0007999704097301982
5,UPFC_tse,5-15,-2.152033124297842,52,-2.1480552309749896,MAP_PMU,145,0.003977893322852477
0,x_tcsc,1-14,-0.13535997554309515,53,-0.13533026318966013,MAP_PMU,145,2.9712353435018546e-05
1,B_svc,2,0.2794973618640377,53,0.2792753320852308,MAP_PMU,145,0.0002220297788068648
2,UPFC_Vsh,5-15,1.104323440529102,53,1.1062122242676464,MAP_PMU,145,0.0018887837385443973
3,UPFC_tsh,5-15,-0.22887192047066868,53,-0.2288937475894797,MAP_PMU,145,2.182711881101862e-05
4,UPFC_Vse,5-15,0.060132886118038374,53,0.06105957393486992,MAP_PMU,145,0.0009266878168315493
5,UPFC_tse,5-15,-2.1426826566267176,53,-2.1480552309749896,MAP_PMU,145,0.005372574348271986
0,x_tcsc,1-14,-0.13540377083387686,54,-0.13533026318966013,MAP_PMU,145,7.350764421673595e-05
1,B_svc,2,0.27946044857971436,54,0.2792753320852308,MAP_PMU,145,0.0001851164944835504
2,UPFC_Vsh,5-15,1.1045482544976732,54,1.1062122242676464,MAP_PMU,145,0.0016639697699731837
3,UPFC_tsh,5-15,-0.2289498842315336,54,-0.2288937475894797,MAP_PMU,145,5.613664205389446e-05
4,UPFC_Vse,5-15,0.06052285108256065,54,0.06105957393486992,MAP_PMU,145,0.0005367228523092751
5,UPFC_tse,5-15,-2.1495576459222683,54,-2.1480552309749896,MAP_PMU,145,0.0015024149472786519
0,x_tcsc,1-14,-0.1354220060143727,55,-0.13533026318966013,MAP_PMU,145,9.174282471258177e-05
1,B_svc,2,0.27925746212599845,55,0.2792753320852308,MAP_PMU,145,1.7869959232363897e-05
2,UPFC_Vsh,5-15,1.1049207107922552,55,1.1062122242676464,MAP_PMU,145,0.0012915134753912483
3,UPFC_tsh,5-15,-0.22885612541386408,55,-0.2288937475894797,MAP_PMU,145,3.762217561562031e-05
4,UPFC_Vse,5-15,0.060020786583112315,55,0.06105957393486992,MAP_PMU,145,0.0010387873517576085
5,UPFC_tse,5-15,-2.147338840290938,55,-2.1480552309749896,MAP_PMU,145,0.0007163906840514933
0,x_tcsc,1-14,-0.13540518169642868,56,-0.13533026318966013,MAP_PMU,145,7.491850676855094e-05
1,B_svc,2,0.2792704266279185,56,0.2792753320852308,MAP_PMU,145,4.905457312298633e-06
2,UPFC_Vsh,5-15,1.1040665425610445,56,1.1062122242676464,MAP_PMU,145,0.0021456817066018985
3,UPFC_tsh,5-15,-0.22888594728674228,56,-0.2288937475894797,MAP_PMU,145,7.800302737420717e-06
4,UPFC_Vse,5-15,0.06022746307547737,56,0.06105957393486992,MAP_PMU,145,0.0008321108593925541
5,UPFC_tse,5-15,-2.1403012846827534,56,-2.1480552309749896,MAP_PMU,145,0.007753946292236247
0,x_tcsc,1-14,-0.13539429292599767,57,-0.13533026318966013,MAP_PMU,145,6.402973633753972e-05
1,B_svc,2,0.279402485365381,57,0.2792753320852308,MAP_PMU,145,0.0001271532801501718
2,UPFC_Vsh,5-15,1.1045190995167082,57,1.1062122242676464,MAP_PMU,145,0.0016931247509381908
3,UPFC_tsh,5-15,-0.22889115935933538,57,-0.2288937475894797,MAP_PMU,145,2.588230144318082e-06
4,UPFC_Vse,5-15,0.06040042396019854,57,0.06105957393486992,MAP_PMU,145,0.000659149974671383
5,UPFC_tse,5-15,-2.146793188501913,57,-2.1480552309749896,MAP_PMU,145,0.0012620424730767077
0,x_tcsc,1-14,-0.13546059983530304,58,-0.13533026318966013,MAP_PMU,145,0.00013033664564290892
1,B_svc,2,0.27905456542702844,58,0.2792753320852308,MAP_PMU,145,0.00022076665820236485
2,UPFC_Vsh,5-15,1.104690278885788,58,1.1062122242676464,MAP_PMU,145,0.0015219453818584583
3,UPFC_tsh,5-15,-0.2288857872806411,58,-0.2288937475894797,MAP_PMU,145,7.960308838594887e-06
4,UPFC_Vse,5-15,0.05964104527297018,58,0.06105957393486992,MAP_PMU,145,0.0014185286618997456
5,UPFC_tse,5-15,-2.134072316203638,58,-2.1480552309749896,MAP_PMU,145,0.013982914771351496
0,x_tcsc,1-14,-0.13544129481988995,59,-0.13533026318966013,MAP_PMU,145,0.00011103163022982421
1,B_svc,2,0.2794007166635023,59,0.2792753320852308,MAP_PMU,145,0.0001253845782714924
2,UPFC_Vsh,5-15,1.1045190068483306,59,1.1062122242676464,MAP_PMU,145,0.001693217419315829
3,UPFC_tsh,5-15,-0.22893357189833066,59,-0.2288937475894797,MAP_PMU,145,3.982430885096644e-05
4,UPFC_Vse,5-15,0.06043795013402621,59,0.06105957393486992,MAP_PMU,145,0.0006216238008437125
5,UPFC_tse,5-15,-2.14941308546185,59,-2.1480552309749896,MAP_PMU,145,0.0013578544868604325
0,x_tcsc,1-14,-0.13539044078286114,60,-0.13533026318966013,MAP_PMU,145,6.017759320101068e-05
1,B_svc,2,0.2792329631237489,60,0.2792753320852308,MAP_PMU,145,4.236896148190894e-05
2,UPFC_Vsh,5-15,1.1045491970960197,60,1.1062122242676464,MAP_PMU,145,0.0016630271716266964
3,UPFC_tsh,5-15,-0.22895068606342797,60,-0.2288937475894797,MAP_PMU,145,5.693847394827589e-05
4,UPFC_Vse,5-15,0.0603835870615448,60,0.06105957393486992,MAP_PMU,145,0.000675986873325124
5,UPFC_tse,5-15,-2.1549113516782294,60,-2.1480552309749896,MAP_PMU,145,0.006856120703239821
0,x_tcsc,1-14,-0.135437837776638,61,-0.13533026318966013,MAP_PMU,145,0.00010757458697788214
1,B_svc,2,0.27954924662733516,61,0.2792753320852308,MAP_PMU,145,0.0002739145421043476
2,UPFC_Vsh,5-15,1.1043457568122426,61,1.1062122242676464,MAP_PMU,145,0.001866467455403864
3,UPFC_tsh,5-15,-0.2288347319175346,61,-0.2288937475894797,MAP_PMU,145,5.901567194510626e-05
4,UPFC_Vse,5-15,0.05983471568913318,61,0.06105957393486992,MAP_PMU,145,0.0012248582457367457
5,UPFC_tse,5-15,-2.146912482752171,61,-2.1480552309749896,MAP_PMU,145,0.0011427482228185681
0,x_tcsc,1-14,-0.1354620990528285,62,-0.13533026318966013,MAP_PMU,145,0.00013183586316836693
1,B_svc,2,0.2797223971630781,62,0.2792753320852308,MAP_PMU,145,0.0004470650778473084
2,UPFC_Vsh,5-15,1.104502086291305,62,1.1062122242676464,MAP_PMU,145,0.0017101379763413416
3,UPFC_tsh,5-15,-0.22891246409537325,62,-0.2288937475894797,MAP_PMU,145,1.8716505893551227e-05
4,UPFC_Vse,5-15,0.06024872091038017,62,0.06105957393486992,MAP_PMU,145,0.0008108530244897508
5,UPFC_tse,5-15,-2.148333996648672,62,-2.1480552309749896,MAP_PMU,145,0.0002787656736824573
0,x_tcsc,1-14,-0.1353842663749209,63,-0.13533026318966013,MAP_PMU,145,5.4003185260775854e-05
1,B_svc,2,0.27938488667201977,63,0.2792753320852308,MAP_PMU,145,0.00010955458678896246
2,UPFC_Vsh,5-15,1.1040361856909633,63,1.1062122242676464,MAP_PMU,145,0.002176038576683137
3,UPFC_tsh,5-15,-0.22889700064908983,63,-0.2288937475894797,MAP_PMU,145,3.253059610131004e-06
4,UPFC_Vse,5-15,0.06062195068027966,63,0.06105957393486992,MAP_PMU,145,0.00043762325459026363
5,UPFC_tse,5-15,-2.151823576801763,63,-2.1480552309749896,MAP_PMU,145,0.0037683458267734338
0,x_tcsc,1-14,-0.13544404437043644,64,-0.13533026318966013,MAP_PMU,145,0.00011378118077631783
1,B_svc,2,0.2793937078681816,64,0.2792753320852308,MAP_PMU,145,0.00011837578295076367
2,UPFC_Vsh,5-15,1.104708573222204,64,1.1062122242676464,MAP_PMU,145,0.0015036510454424779
3,UPFC_tsh,5-15,-0.22883835714931,64,-0.2288937475894797,MAP_PMU,145,5.5390440169694743e-05
4,UPFC_Vse,5-15,0.06028671494444936,64,0.06105957393486992,MAP_PMU,145,0.0007728589904205663
5,UPFC_tse,5-15,-2.148524714944779,64,-2.1480552309749896,MAP_PMU,145,0.0004694839697894082
0,x_tcsc,1-14,-0.13539741346935238,65,-0.13533026318966013,MAP_PMU,145,6.71502796922574e-05
1,B_svc,2,0.2795115625934464,65,0.2792753320852308,MAP_PMU,145,0.00023623050821558467
2,UPFC_Vsh,5-15,1.1044730827183942,65,1.1062122242676464,MAP_PMU,145,0.0017391415492522544
3,UPFC_tsh,5-15,-0.22896239507133836,65,-0.2288937475894797,MAP_PMU,145,6.864748185866909e-05
4,UPFC_Vse,5-15,0.060324065830904154,65,0.06105957393486992,MAP_PMU,145,0.0007355081039657693
5,UPFC_tse,5-15,-2.15212064158607,65,-2.1480552309749896,MAP_PMU,145,0.0040654106110804555
0,x_tcsc,1-14,-0.13542645035033982,66,-0.13533026318966013,MAP_PMU,145,9.618716067968935e-05
1,B_svc,2,0.27978308580020733,66,0.2792753320852308,MAP_PMU,145,0.0005077537149765221
2,UPFC_Vsh,5-15,1.1043258653240584,66,1.1062122242676464,MAP_PMU,145,0.001886358943588018
3,UPFC_tsh,5-15,-0.22879592971206228,66,-0.2288937475894797,MAP_PMU,145,9.781787741741654e-05
4,UPFC_Vse,5-15,0.05951808203916591,66,0.06105957393486992,MAP_PMU,145,0.001541491895704017
5,UPFC_tse,5-15,-2.136917584727079,66,-2.1480552309749896,MAP_PMU,145,0.011137646247910471
0,x_tcsc,1-14,-0.13541906664207176,67,-0.13533026318966013,MAP_PMU,145,8.880345241163434e-05
1,B_svc,2,0.28024656488718747,67,0.2792753320852308,MAP_PMU,145,0.0009712328019566563
2,UPFC_Vsh,5-15,1.1042158422678188,67,1.1062122242676464,MAP_PMU,145,0.0019963819998276566
3,UPFC_tsh,5-15,-0.22885521696544825,67,-0.2288937475894797,MAP_PMU,145,3.853062403144647e-05
4,UPFC_Vse,5-15,0.060177694539819616,67,0.06105957393486992,MAP_PMU,145,0.000881879395050307
5,UPFC_tse,5-15,-2.1430280360306413,67,-2.1480552309749896,MAP_PMU,145,0.005027194944348334
0,x_tcsc,1-14,-0.13541295879808027,68,-0.13533026318966013,MAP_PMU,145,8.269560842014134e-05
1,B_svc,2,0.279660577118181,68,0.2792753320852308,MAP_PMU,145,0.00038524503295017665
2,UPFC_Vsh,5-15,1.1046275023767331,68,1.1062122242676464,MAP_PMU,145,0.0015847218909132987
3,UPFC_tsh,5-15,-0.2289242236183552,68,-0.2288937475894797,MAP_PMU,145,3.0476028875514594e-05
4,UPFC_Vse,5-15,0.060309646320996474,68,0.06105957393486992,MAP_PMU,145,0.0007499276138734495
5,UPFC_tse,5-15,-2.1469423419496296,68,-2.1480552309749896,MAP_PMU,145,0.0011128890253599977
0,x_tcsc,1-14,-0.135421410601195,69,-0.13533026318966013,MAP_PMU,145,9.114741153487538e-05
1,B_svc,2,0.2789978891461024,69,0.2792753320852308,MAP_PMU,145,0.0002774429391284028
2,UPFC_Vsh,5-15,1.104585010149393,69,1.1062122242676464,MAP_PMU,145,0.001627214118253395
3,UPFC_tsh,5-15,-0.2288365956548043,69,-0.2288937475894797,MAP_PMU,145,5.715193467539792e-05
4,UPFC_Vse,5-15,0.06052802095155704,69,0.06105957393486992,MAP_PMU,145,0.0005315529833128801
5,UPFC_tse,5-15,-2.149181383652382,69,-2.1480552309749896,MAP_PMU,145,0.0011261526773922448
0,x_tcsc,1-14,-0.13543883348592262,70,-0.13533026318966013,MAP_PMU,145,0.00010857029626248904
1,B_svc,2,0.2791446862674314,70,0.2792753320852308,MAP_PMU,145,0.00013064581779942408
2,UPFC_Vsh,5-15,1.1039811917977997,70,1.1062122242676464,MAP_PMU,145,0.0022310324698466832
3,UPFC_tsh,5-15,-0.22897945210510517,70,-0.2288937475894797,MAP_PMU,145,8.570451562547876e-05
4,UPFC_Vse,5-15,0.06002876990214003,70,0.06105957393486992,MAP_PMU,145,0.0010308040327298915
5,UPFC_tse,5-15,-2.16156083890794,70,-2.1480552309749896,MAP_PMU,145,0.013505607932950525
0,x_tcsc,1-14,-0.13540010194042804,71,-0.13533026318966013,MAP_PMU,145,6.98387507679088e-05
1,B_svc,2,0.279247748521927,71,0.2792753320852308,MAP_PMU,145,2.7583563303790193e-05
2,UPFC_Vsh,5-15,1.1043287487057907,71,1.1062122242676464,MAP_PMU,145,0.001883475561855752
3,UPFC_tsh,5-15,-0.22892244383884072,71,-0.2288937475894797,MAP_PMU,145,2.869624936102655e-05
4,UPFC_Vse,5-15,0.06031941895928115,71,0.06105957393486992,MAP_PMU,145,0.0007401549755887762
5,UPFC_tse,5-15,-2.1452419628343233,71,-2.1480552309749896,MAP_PMU,145,0.002813268140666292
0,x_tcsc,1-14,-0.13545562946004078,72,-0.13533026318966013,MAP_PMU,145,0.00012536627038065018
1,B_svc,2,0.2797687520191731,72,0.2792753320852308,MAP_PMU,145,0.0004934199339423073
2,UPFC_Vsh,5-15,1.104713000507388,72,1.1062122242676464,MAP_PMU,145,0.0014992237602584613
3,UPFC_tsh,5-15,-0.22886037437574572,72,-0.2288937475894797,MAP_PMU,145,3.337321373397817e-05
4,UPFC_Vse,5-15,0.0600808250806503,72,0.06105957393486992,MAP_PMU,145,0.0009787488542196202
5,UPFC_tse,5-15,-2.1453316657848425,72,-2.1480552309749896,MAP_PMU,145,0.002723565190147159
0,x_tcsc,1-14,-0.1354030087658583,73,-0.13533026318966013,MAP_PMU,145,7.274557619818545e-05
1,B_svc,2,0.2794073127030108,73,0.2792753320852308,MAP_PMU,145,0.00013198061777996983
2,UPFC_Vsh,5-15,1.1044037424834754,73,1.1062122242676464,MAP_PMU,145,0.0018084817841710343
3,UPFC_tsh,5-15,-0.22889529856814922,73,-0.2288937475894797,MAP_PMU,145,1.5509786695233618e-06
4,UPFC_Vse,5-15,0.060314489664181764,73,0.06105957393486992,MAP_PMU,145,0.0007450842706881594
5,UPFC_tse,5-15,-2.15546263362067,73,-2.1480552309749896,MAP_PMU,145,0.007407402645680516
0,x_tcsc,1-14,-0.13545104647935743,74,-0.13533026318966013,MAP_PMU,145,0.00012078328969730712
1,B_svc,2,0.2799760401390363,74,0.2792753320852308,MAP_PMU,145,0.0007007080538055099
2,UPFC_Vsh,5-15,1.1041803459136117,74,1.1062122242676464,MAP_PMU,145,0.002031878354034733
3,UPFC_tsh,5-15,-0.22894240178102565,74,-0.2288937475894797,MAP_PMU,145,4.865419154595485e-05
4,UPFC_Vse,5-15,0.06075617195008082,74,0.06105957393486992,MAP_PMU,145,0.0003034019847891062
5,UPFC_tse,5-15,-2.1447735264843457,74,-2.1480552309749896,MAP_PMU,145,0.003281704490643911
0,x_tcsc,1-14,-0.13543363028006256,75,-0.13533026318966013,MAP_PMU,145,0.00010336709040242864
1,B_svc,2,0.2792147218524093,75,0.2792753320852308,MAP_PMU,145,6.06102328215008e-05
2,UPFC_Vsh,5-15,1.1044184077329247,75,1.1062122242676464,MAP_PMU,145,0.0017938165347217705
3,UPFC_tsh,5-15,-0.22884624486840022,75,-0.2288937475894797,MAP_PMU,145,4.750272107947873e-05
4,UPFC_Vse,5-15,0.06053657965430689,75,0.06105957393486992,MAP_PMU,145,0.0005229942805630369
5,UPFC_tse,5-15,-2.1422610697274003,75,-2.1480552309749896,MAP_PMU,145,0.005794161247589358
0,x_tcsc,1-14,-0.13542545801593928,76,-0.13533026318966013,MAP_PMU,145,9.51948262791491e-05
1,B_svc,2,0.2796122596460722,76,0.2792753320852308,MAP_PMU,145,0.00033692756084141573
2,UPFC_Vsh,5-15,1.1045629580505751,76,1.1062122242676464,MAP_PMU,145,0.001649266217071288
3,UPFC_tsh,5-15,-0.2288649696999511,76,-0.2288937475894797,MAP_PMU,145,2.8777889528597278e-05
4,UPFC_Vse,5-15,0.06052798192734721,76,0.06105957393486992,MAP_PMU,145,0.000531592007522716
5,UPFC_tse,5-15,-2.144170080078271,76,-2.1480552309749896,MAP_PMU,145,0.003885150896718592
0,x_tcsc,1-14,-0.13541182053471457,77,-0.13533026318966013,MAP_PMU,145,8.155734505443935e-05
1,B_svc,2,0.2790959439025833,77,0.2792753320852308,MAP_PMU,145,0.00017938818264751077
2,UPFC_Vsh,5-15,1.1045850022214208,77,1.1062122242676464,MAP_PMU,145,0.0016272220462256737
3,UPFC_tsh,5-15,-0.2288358169490025,77,-0.2288937475894797,MAP_PMU,145,5.793064047718288e-05
4,UPFC_Vse,5-15,0.05985071417779891,77,0.06105957393486992,MAP_PMU,145,0.0012088597570710166
5,UPFC_tse,5-15,-2.1417550024742993,77,-2.1480552309749896,MAP_PMU,145,0.006300228500690341
0,x_tcsc,1-14,-0.13546340207017812,78,-0.13533026318966013,MAP_PMU,145,0.00013313888051799672
1,B_svc,2,0.2790924101211035,78,0.2792753320852308,MAP_PMU,145,0.00018292196412733608
2,UPFC_Vsh,5-15,1.1040908545569617,78,1.1062122242676464,MAP_PMU,145,0.002121369710684773
3,UPFC_tsh,5-15,-0.2289010392891184,78,-0.2288937475894797,MAP_PMU,145,7.291699638700688e-06
4,UPFC_Vse,5-15,0.060376129621256665,78,0.06105957393486992,MAP_PMU,145,0.0006834443136132587
5,UPFC_tse,5-15,-2.1539508787433737,78,-2.1480552309749896,MAP_PMU,145,0.005895647768384027
0,x_tcsc,1-14,-0.13542186548459792,79,-0.13533026318966013,MAP_PMU,145,9.16022949377926e-05
1,B_svc,2,0.2791234967498951,79,0.2792753320852308,MAP_PMU,145,0.0001518353353356927
2,UPFC_Vsh,5-15,1.1045521490038153,79,1.1062122242676464,MAP_PMU,145,0.0016600752638311622
3,UPFC_tsh,5-15,-0.2288619146741842,79,-0.2288937475894797,MAP_PMU,145,3.183291529548771e-05
4,UPFC_Vse,5-15,0.06013777598247714,79,0.06105957393486992,MAP_PMU,145,0.0009217979523927847
5,UPFC_tse,5-15,-2.1418488105636864,79,-2.1480552309749896,MAP_PMU,145,0.0062064204113032595
0,x_tcsc,1-14,-0.13537195648503755,80,-0.13533026318966013,MAP_PMU,145,4.1693295377426276e-05
1,B_svc,2,0.27937699929828985,80,0.2792753320852308,MAP_PMU,145,0.00010166721305904236
2,UPFC_Vsh,5-15,1.1043613648906294,80,1.1062122242676464,MAP_PMU,145,0.0018508593770170112
3,UPFC_tsh,5-15,-0.22894095058618566,80,-0.2288937475894797,MAP_PMU,145,4.720299670596395e-05
4,UPFC_Vse,5-15,0.060275444635574174,80,0.06105957393486992,MAP_PMU,145,0.0007841292992957494
5,UPFC_tse,5-15,-2.154781913707932,80,-2.1480552309749896,MAP_PMU,145,0.006726682732942191
0,x_tcsc,1-14,-0.13541005189826907,81,-0.13533026318966013,MAP_PMU,145,7.97887086089466e-05
1,B_svc,2,0.2793022009202664,81,0.2792753320852308,MAP_PMU,145,2.686883503560944e-05
2,UPFC_Vsh,5-15,1.1044310360900418,81,1.1062122242676464,MAP_PMU,145,0.0017811881776046423
3,UPFC_tsh,5-15,-0.2288543238181216,81,-0.2288937475894797,MAP_PMU,145,3.942377135809916e-05
4,UPFC_Vse,5-15,0.06052404181968998,81,0.06105957393486992,MAP_PMU,145,0.0005355321151799403
5,UPFC_tse,5-15,-2.1413597910659754,81,-2.1480552309749896,MAP_PMU,145,0.0066954399090142225
0,x_tcsc,1-14,-0.1354305292543456,82,-0.13533026318966013,MAP_PMU,145,0.00010026606468546695
1,B_svc,2,0.27951151631285387,82,0.2792753320852308,MAP_PMU,145,0.00023618422762305968
2,UPFC_Vsh,5-15,1.104431323770371,82,1.1062122242676464,MAP_PMU,145,0.0017809004972755282
3,UPFC_tsh,5-15,-0.22886242467985626,82,-0.2288937475894797,MAP_PMU,145,3.132290962343243e-05
4,UPFC_Vse,5-15,0.06023002119352592,82,0.06105957393486992,MAP_PMU,145,0.0008295527413440043
5,UPFC_tse,5-15,-2.1433711846325605,82,-2.1480552309749896,MAP_PMU,145,0.004684046342429138
0,x_tcsc,1-14,-0.13538052228859823,83,-0.13533026318966013,MAP_PMU,145,5.025909893810465e-05
1,B_svc,2,0.2791123233312387,83,0.2792753320852308,MAP_PMU,145,0.000163008753992111
2,UPFC_Vsh,5-15,1.1045705232983762,83,1.1062122242676464,MAP_PMU,145,0.0016417009692701878
3,UPFC_tsh,5-15,-0.2288579961535413,83,-0.2288937475894797,MAP_PMU,145,3.5751435938397025e-05
4,UPFC_Vse,5-15,0.06028885760181671,83,0.06105957393486992,MAP_PMU,145,0.0007707163330532146
5,UPFC_tse,5-15,-2.1474154242743757,83,-2.1480552309749896,MAP_PMU,145,0.0006398067006139208
0,x_tcsc,1-14,-0.13537502386835004,84,-0.13533026318966013,MAP_PMU,145,4.4760678689914624e-05
1,B_svc,2,0.2794175849405493,84,0.2792753320852308,MAP_PMU,145,0.00014225285531849208
2,UPFC_Vsh,5-15,1.1041967942405801,84,1.1062122242676464,MAP_PMU,145,0.0020154300270662784
3,UPFC_tsh,5-15,-0.22892449323440212,84,-0.2288937475894797,MAP_PMU,145,3.074564492241971e-05
4,UPFC_Vse,5-15,0.06034881022591528,84,0.06105957393486992,MAP_PMU,145,0.0007107637089546412
5,UPFC_tse,5-15,-2.143243323052951,84,-2.1480552309749896,MAP_PMU,145,0.004811907922038561
0,x_tcsc,1-14,-0.13538241394914263,85,-0.13533026318966013,MAP_PMU,145,5.215075948250547e-05
1,B_svc,2,0.27906016633671343,85,0.2792753320852308,MAP_PMU,145,0.00021516574851737635
2,UPFC_Vsh,5-15,1.1043415434860822,85,1.1062122242676464,MAP_PMU,145,0.0018706807815642712
3,UPFC_tsh,5-15,-0.2289585517021331,85,-0.2288937475894797,MAP_PMU,145,6.480411265341601e-05
4,UPFC_Vse,5-15,0.06028922513084815,85,0.06105957393486992,MAP_PMU,145,0.0007703488040217768
5,UPFC_tse,5-15,-2.155355413787261,85,-2.1480552309749896,MAP_PMU,145,0.007300182812271405
0,x_tcsc,1-14,-0.13542044975326598,86,-0.13533026318966013,MAP_PMU,145,9.018656360584854e-05
1,B_svc,2,0.2794690929872811,86,0.2792753320852308,MAP_PMU,145,0.0001937609020503106
2,UPFC_Vsh,5-15,1.1046583770025402,86,1.1062122242676464,MAP_PMU,145,0.0015538472651062119
3,UPFC_tsh,5-15,-0.22886867408511352,86,-0.2288937475894797,MAP_PMU,145,2.5073504366174282e-05
4,UPFC_Vse,5-15,0.060599238378280657,86,0.06105957393486992,MAP_PMU,145,0.00046033555658926695
5,UPFC_tse,5-15,-2.1453951341749247,86,-2.1480552309749896,MAP_PMU,145,0.0026600968000649594
0,x_tcsc,1-14,-0.13542666129358247,87,-0.13533026318966013,MAP_PMU,145,9.63981039223405e-05
1,B_svc,2,0.27896606703103877,87,0.2792753320852308,MAP_PMU,145,0.00030926505419204275
2,UPFC_Vsh,5-15,1.104351350510982,87,1.1062122242676464,MAP_PMU,145,0.0018608737566643274
3,UPFC_tsh,5-15,-0.2288242073012571,87,-0.2288937475894797,MAP_PMU,145,6.95402882225915e-05
4,UPFC_Vse,5-15,0.060287362039195234,87,0.06105957393486992,MAP_PMU,145,0.000772211895674689
5,UPFC_tse,5-15,-2.1493464408383924,87,-2.1480552309749896,MAP_PMU,145,0.001291209863402809
0,x_tcsc,1-14,-0.13542040819543547,88,-0.13533026318966013,MAP_PMU,145,9.014500577533835e-05
1,B_svc,2,0.27908425476446497,88,0.2792753320852308,MAP_PMU,145,0.00019107732076584227
2,UPFC_Vsh,5-15,1.1047536158339422,88,1.1062122242676464,MAP_PMU,145,0.001458608433704267
3,UPFC_tsh,5-15,-0.22885503144942726,88,-0.2288937475894797,MAP_PMU,145,3.8716140052436065e-05
4,UPFC_Vse,5-15,0.06001727056670102,88,0.06105957393486992,MAP_PMU,145,0.0010423033681689065
5,UPFC_tse,5-15,-2.146544790289038,88,-2.1480552309749896,MAP_PMU,145,0.0015104406859514086
0,x_tcsc,1-14,-0.13538462052216357,89,-0.13533026318966013,MAP_PMU,145,5.435733250344632e-05
1,B_svc,2,0.27959638244883206,89,0.2792753320852308,MAP_PMU,145,0.0003210503636012496
2,UPFC_Vsh,5-15,1.1044434371240035,89,1.1062122242676464,MAP_PMU,145,0.0017687871436429248
3,UPFC_tsh,5-15,-0.2288079993689798,89,-0.2288937475894797,MAP_PMU,145,8.574822049989272e-05
4,UPFC_Vse,5-15,0.06028628423288029,89,0.06105957393486992,MAP_PMU,145,0.0007732897019896365
5,UPFC_tse,5-15,-2.145716147845438,89,-2.1480552309749896,MAP_PMU,145,0.0023390831295517778
0,x_tcsc,1-14,-0.13542666988481686,90,-0.13533026318966013,MAP_PMU,145,9.640669515673106e-05
1,B_svc,2,0.27944619324364417,90,0.2792753320852308,MAP_PMU,145,0.00017086115841336014
2,UPFC_Vsh,5-15,1.1043130878476484,90,1.1062122242676464,MAP_PMU,145,0.0018991364199980598
3,UPFC_tsh,5-15,-0.2288961277074039,90,-0.2288937475894797,MAP_PMU,145,2.380117924194458e-06
4,UPFC_Vse,5-15,0.060530377774003656,90,0.06105957393486992,MAP_PMU,145,0.0005291961608662674
5,UPFC_tse,5-15,-2.1431541243331074,90,-2.1480552309749896,MAP_PMU,145,0.004901106641882258
0,x_tcsc,1-14,-0.1354243734891763,91,-0.13533026318966013,MAP_PMU,145,9.411029951617023e-05
1,B_svc,2,0.27910531080070083,91,0.2792753320852308,MAP_PMU,145,0.00017002128452997534
2,UPFC_Vsh,5-15,1.1044481310262606,91,1.1062122242676464,MAP_PMU,145,0.0017640932413858224
3,UPFC_tsh,5-15,-0.228850759335231,91,-0.2288937475894797,MAP_PMU,145,4.298825424869923e-05
4,UPFC_Vse,5-15,0.060037378387603875,91,0.06105957393486992,MAP_PMU,145,0.0010221955472660485
5,UPFC_tse,5-15,-2.143499977329218,91,-2.1480552309749896,MAP_PMU,145,0.004555253645771806
0,x_tcsc,1-14,-0.13546469633218972,92,-0.13533026318966013,MAP_PMU,145,0.0001344331425295886
1,B_svc,2,0.27877431205884007,92,0.2792753320852308,MAP_PMU,145,0.0005010200263907416
2,UPFC_Vsh,5-15,1.1042078069680308,92,1.1062122242676464,MAP_PMU,145,0.002004417299615646
3,UPFC_tsh,5-15,-0.22893772337571894,92,-0.2288937475894797,MAP_PMU,145,4.397578623924203e-05
4,UPFC_Vse,5-15,0.06002673988001428,92,0.06105957393486992,MAP_PMU,145,0.0010328340548556442
5,UPFC_tse,5-15,-2.145155165998578,92,-2.1480552309749896,MAP_PMU,145,0.0029000649764117092
0,x_tcsc,1-14,-0.13541196095263927,93,-0.13533026318966013,MAP_PMU,145,8.169776297914377e-05
1,B_svc,2,0.2796473794289421,93,0.2792753320852308,MAP_PMU,145,0.00037204734371126813
2,UPFC_Vsh,5-15,1.1044204564030962,93,1.1062122242676464,MAP_PMU,145,0.0017917678645502644
3,UPFC_tsh,5-15,-0.2289426479816036,93,-0.2288937475894797,MAP_PMU,145,4.890039212390729e-05
4,UPFC_Vse,5-15,0.060242121113599015,93,0.06105957393486992,MAP_PMU,145,0.0008174528212709087
5,UPFC_tse,5-15,-2.152762601682502,93,-2.1480552309749896,MAP_PMU,145,0.0047073707075124815
0,x_tcsc,1-14,-0.1354353542154993,94,-0.13533026318966013,MAP_PMU,145,0.00010509102583916574
1,B_svc,2,0.2797482827834431,94,0.2792753320852308,MAP_PMU,145,0.0004729506982122933
2,UPFC_Vsh,5-15,1.1045654024595055,94,1.1062122242676464,MAP_PMU,145,0.001646821808140908
3,UPFC_tsh,5-15,-0.22887064009803038,94,-0.2288937475894797,MAP_PMU,145,2.3107491449320117e-05
4,UPFC_Vse,5-15,0.05988458654935818,94,0.06105957393486992,MAP_PMU,145,0.001174987385511743
5,UPFC_tse,5-15,-2.140632731939325,94,-2.1480552309749896,MAP_PMU,145,0.007422499035664831
0,x_tcsc,1-14,-0.1354308701194286,95,-0.13533026318966013,MAP_PMU,145,0.00010060692976845975
1,B_svc,2,0.2798055515742858,95,0.2792753320852308,MAP_PMU,145,0.0005302194890550171
2,UPFC_Vsh,5-15,1.1042890076155172,95,1.1062122242676464,MAP_PMU,145,0.0019232166521292449
3,UPFC_tsh,5-15,-0.22899160266697396,95,-0.2288937475894797,MAP_PMU,145,9.78550774942688e-05
4,UPFC_Vse,5-15,0.060388855302104576,95,0.06105957393486992,MAP_PMU,145,0.0006707186327653478
5,UPFC_tse,5-15,-2.158594951559526,95,-2.1480552309749896,MAP_PMU,145,0.01053972058453656
0,x_tcsc,1-14,-0.13539847346967065,96,-0.13533026318966013,MAP_PMU,145,6.821028001052776e-05
1,B_svc,2,0.278837905691486,96,0.2792753320852308,MAP_PMU,145,0.00043742639374483305
2,UPFC_Vsh,5-15,1.1048173097717573,96,1.1062122242676464,MAP_PMU,145,0.0013949144958891324
3,UPFC_tsh,5-15,-0.22890155625672307,96,-0.2288937475894797,MAP_PMU,145,7.808667243369705e-06
4,UPFC_Vse,5-15,0.06015485371960426,96,0.06105957393486992,MAP_PMU,145,0.0009047202152656642
5,UPFC_tse,5-15,-2.14931619733045,96,-2.1480552309749896,MAP_PMU,145,0.0012609663554603578
0,x_tcsc,1-14,-0.13548402941684795,97,-0.13533026318966013,MAP_PMU,145,0.00015376622718782373
1,B_svc,2,0.278803473368784,97,0.2792753320852308,MAP_PMU,145,0.00047185871644678246
2,UPFC_Vsh,5-15,1.104426077438252,97,1.1062122242676464,MAP_PMU,145,0.001786146829394486
3,UPFC_tsh,5-15,-0.22890789383420385,97,-0.2288937475894797,MAP_PMU,145,1.414624472415027e-05
4,UPFC_Vse,5-15,0.060374627409959185,97,0.06105957393486992,MAP_PMU,145,0.0006849465249107387
5,UPFC_tse,5-15,-2.136348740223093,97,-2.1480552309749896,MAP_PMU,145,0.01170649075189667
0,x_tcsc,1-14,-0.13540298501053866,98,-0.13533026318966013,MAP_PMU,145,7.272182087852963e-05
1,B_svc,2,0.2790721753601658,98,0.2792753320852308,MAP_PMU,145,0.00020315672506499016
2,UPFC_Vsh,5-15,1.1041544515042645,98,1.1062122242676464,MAP_PMU,145,0.0020577727633819265
3,UPFC_tsh,5-15,-0.22895248724153378,98,-0.2288937475894797,MAP_PMU,145,5.8739652054079494e-05
4,UPFC_Vse,5-15,0.06064377132443112,98,0.06105957393486992,MAP_PMU,145,0.0004158026104388035
5,UPFC_tse,5-15,-2.1465111114989437,98,-2.1480552309749896,MAP_PMU,145,0.0015441194760459354
0,x_tcsc,1-14,-0.13542107176129434,99,-0.13533026318966013,MAP_PMU,145,9.080857163420997e-05
1,B_svc,2,0.2785825872978369,99,0.2792753320852308,MAP_PMU,145,0.0006927447873938952
2,UPFC_Vsh,5-15,1.1048359374396222,99,1.1062122242676464,MAP_PMU,145,0.0013762868280242646
3,UPFC_tsh,5-15,-0.22886207845827106,99,-0.2288937475894797,MAP_PMU,145,3.1669131208639234e-05
4,UPFC_Vse,5-15,0.06000225991867083,99,0.06105957393486992,MAP_PMU,145,0.0010573140161990943
5,UPFC_tse,5-15,-2.151772427677501,99,-2.1480552309749896,MAP_PMU,145,0.0037171967025115826
0,x_tcsc,1-14,-0.13718359628675392,0,-0.13716283505255114,MAP_PMU,147,2.0761234202776313e-05
1,B_svc,2,0.2878940917192695,0,0.28791956504071137,MAP_PMU,147,2.54733214418712e-05
2,UPFC_Vsh,5-15,1.1044841996214319,0,1.1050088222453598,MAP_PMU,147,0.0005246226239279395
3,UPFC_tsh,5-15,-0.22712601890268946,0,-0.22711178619308,MAP_PMU,147,1.4232709609457439e-05
4,UPFC_Vse,5-15,0.06040722758282191,0,0.06117941678335211,MAP_PMU,147,0.0007721892005302031
5,UPFC_tse,5-15,-2.146335910719699,0,-2.1510341493100755,MAP_PMU,147,0.004698238590376658
0,x_tcsc,1-14,-0.13722084791990274,1,-0.13716283505255114,MAP_PMU,147,5.801286735160338e-05
1,B_svc,2,0.28767513839442227,1,0.28791956504071137,MAP_PMU,147,0.0002444266462890976
2,UPFC_Vsh,5-15,1.1041512984718338,1,1.1050088222453598,MAP_PMU,147,0.0008575237735259922
3,UPFC_tsh,5-15,-0.22716466979947555,1,-0.22711178619308,MAP_PMU,147,5.2883606395548455e-05
4,UPFC_Vse,5-15,0.05992783226134225,1,0.06117941678335211,MAP_PMU,147,0.001251584522009866
5,UPFC_tse,5-15,-2.1405137998234243,1,-2.1510341493100755,MAP_PMU,147,0.01052034948665126
0,x_tcsc,1-14,-0.13716115577301555,2,-0.13716283505255114,MAP_PMU,147,1.6792795355935475e-06
1,B_svc,2,0.28811567883751793,2,0.28791956504071137,MAP_PMU,147,0.00019611379680656293
2,UPFC_Vsh,5-15,1.1043862850899477,2,1.1050088222453598,MAP_PMU,147,0.0006225371554120507
3,UPFC_tsh,5-15,-0.22708659757796945,2,-0.22711178619308,MAP_PMU,147,2.5188615110555146e-05
4,UPFC_Vse,5-15,0.06078065500118488,2,0.06117941678335211,MAP_PMU,147,0.00039876178216723124
5,UPFC_tse,5-15,-2.1533894949296353,2,-2.1510341493100755,MAP_PMU,147,0.0023553456195597455
0,x_tcsc,1-14,-0.137178035778783,3,-0.13716283505255114,MAP_PMU,147,1.520072623184543e-05
1,B_svc,2,0.28788128492734116,3,0.28791956504071137,MAP_PMU,147,3.828011337020376e-05
2,UPFC_Vsh,5-15,1.104501655746865,3,1.1050088222453598,MAP_PMU,147,0.0005071664984948043
3,UPFC_tsh,5-15,-0.22709195185521716,3,-0.22711178619308,MAP_PMU,147,1.9834337862845164e-05
4,UPFC_Vse,5-15,0.060721312223319786,3,0.06117941678335211,MAP_PMU,147,0.0004581045600323269
5,UPFC_tse,5-15,-2.1492871293527465,3,-2.1510341493100755,MAP_PMU,147,0.0017470199573290657
0,x_tcsc,1-14,-0.1371983426013799,4,-0.13716283505255114,MAP_PMU,147,3.55075488287504e-05
1,B_svc,2,0.28755014916216853,4,0.28791956504071137,MAP_PMU,147,0.00036941587854283364
2,UPFC_Vsh,5-15,1.1045563742007551,4,1.1050088222453598,MAP_PMU,147,0.0004524480446046475
3,UPFC_tsh,5-15,-0.22714054055127755,4,-0.22711178619308,MAP_PMU,147,2.8754358197546903e-05
4,UPFC_Vse,5-15,0.060263215248304344,4,0.06117941678335211,MAP_PMU,147,0.0009162015350477684
5,UPFC_tse,5-15,-2.153923902270455,4,-2.1510341493100755,MAP_PMU,147,0.0028897529603795213
0,x_tcsc,1-14,-0.13717128790940444,5,-0.13716283505255114,MAP_PMU,147,8.45285685330266e-06
1,B_svc,2,0.288005467707137,5,0.28791956504071137,MAP_PMU,147,8.590266642560795e-05
2,UPFC_Vsh,5-15,1.104270407536242,5,1.1050088222453598,MAP_PMU,147,0.0007384147091178406
3,UPFC_tsh,5-15,-0.22712500223218982,5,-0.22711178619308,MAP_PMU,147,1.3216039109809063e-05
4,UPFC_Vse,5-15,0.060604721952316296,5,0.06117941678335211,MAP_PMU,147,0.0005746948310358171
5,UPFC_tse,5-15,-2.1402919007185326,5,-2.1510341493100755,MAP_PMU,147,0.010742248591542936
0,x_tcsc,1-14,-0.13719832340533472,6,-0.13716283505255114,MAP_PMU,147,3.548835278358031e-05
1,B_svc,2,0.28790215946428027,6,0.28791956504071137,MAP_PMU,147,1.7405576431095415e-05
2,UPFC_Vsh,5-15,1.1043902530990395,6,1.1050088222453598,MAP_PMU,147,0.0006185691463203025
3,UPFC_tsh,5-15,-0.2270886537566726,6,-0.22711178619308,MAP_PMU,147,2.3132436407419243e-05
4,UPFC_Vse,5-15,0.060368288574364055,6,0.06117941678335211,MAP_PMU,147,0.0008111282089880573
5,UPFC_tse,5-15,-2.144592344319517,6,-2.1510341493100755,MAP_PMU,147,0.006441804990558353
0,x_tcsc,1-14,-0.13717716984891756,7,-0.13716283505255114,MAP_PMU,147,1.4334796366421987e-05
1,B_svc,2,0.28810503077772326,7,0.28791956504071137,MAP_PMU,147,0.00018546573701189173
2,UPFC_Vsh,5-15,1.1042298829893809,7,1.1050088222453598,MAP_PMU,147,0.0007789392559789388
3,UPFC_tsh,5-15,-0.22713188058915273,7,-0.22711178619308,MAP_PMU,147,2.009439607272845e-05
4,UPFC_Vse,5-15,0.06061047659772627,7,0.06117941678335211,MAP_PMU,147,0.000568940185625845
5,UPFC_tse,5-15,-2.157219585263275,7,-2.1510341493100755,MAP_PMU,147,0.006185435953199647
0,x_tcsc,1-14,-0.13715636421777838,8,-0.13716283505255114,MAP_PMU,147,6.470834772759337e-06
1,B_svc,2,0.28778038247307186,8,0.28791956504071137,MAP_PMU,147,0.00013918256763950643
2,UPFC_Vsh,5-15,1.1047741246865508,8,1.1050088222453598,MAP_PMU,147,0.000234697558809005
3,UPFC_tsh,5-15,-0.22704213151305258,8,-0.22711178619308,MAP_PMU,147,6.965468002742559e-05
4,UPFC_Vse,5-15,0.06025694638567877,8,0.06117941678335211,MAP_PMU,147,0.0009224703976733403
5,UPFC_tse,5-15,-2.1459061317672647,8,-2.1510341493100755,MAP_PMU,147,0.005128017542810781
0,x_tcsc,1-14,-0.1371728700160806,9,-0.13716283505255114,MAP_PMU,147,1.003496352947053e-05
1,B_svc,2,0.287625407787676,9,0.28791956504071137,MAP_PMU,147,0.00029415725303538753
2,UPFC_Vsh,5-15,1.1044712463495556,9,1.1050088222453598,MAP_PMU,147,0.0005375758958041654
3,UPFC_tsh,5-15,-0.22712055451835175,9,-0.22711178619308,MAP_PMU,147,8.768325271746313e-06
4,UPFC_Vse,5-15,0.06038395944202782,9,0.06117941678335211,MAP_PMU,147,0.0007954573413242946
5,UPFC_tse,5-15,-2.1500276684504493,9,-2.1510341493100755,MAP_PMU,147,0.0010064808596261798
0,x_tcsc,1-14,-0.13720966678156254,10,-0.13716283505255114,MAP_PMU,147,4.683172901140398e-05
1,B_svc,2,0.28832141948031964,10,0.28791956504071137,MAP_PMU,147,0.0004018544396082735
2,UPFC_Vsh,5-15,1.1049529966023521,10,1.1050088222453598,MAP_PMU,147,5.582564300765647e-05
3,UPFC_tsh,5-15,-0.22705830099192137,10,-0.22711178619308,MAP_PMU,147,5.348520115863731e-05
4,UPFC_Vse,5-15,0.06019589654110053,10,0.06117941678335211,MAP_PMU,147,0.0009835202422515815
5,UPFC_tse,5-15,-2.134186963337568,10,-2.1510341493100755,MAP_PMU,147,0.01684718597250745
0,x_tcsc,1-14,-0.13719429785272844,11,-0.13716283505255114,MAP_PMU,147,3.1462800177295414e-05
1,B_svc,2,0.28785154091098736,11,0.28791956504071137,MAP_PMU,147,6.802412972400917e-05
2,UPFC_Vsh,5-15,1.1040715802456045,11,1.1050088222453598,MAP_PMU,147,0.0009372419997553116
3,UPFC_tsh,5-15,-0.2271693444382138,11,-0.22711178619308,MAP_PMU,147,5.755824513378749e-05
4,UPFC_Vse,5-15,0.06057741191827345,11,0.06117941678335211,MAP_PMU,147,0.0006020048650786647
5,UPFC_tse,5-15,-2.1494114165858105,11,-2.1510341493100755,MAP_PMU,147,0.0016227327242650524
0,x_tcsc,1-14,-0.13720930351579716,12,-0.13716283505255114,MAP_PMU,147,4.646846324601883e-05
1,B_svc,2,0.28839896156434774,12,0.28791956504071137,MAP_PMU,147,0.0004793965236363773
2,UPFC_Vsh,5-15,1.1042441397440925,12,1.1050088222453598,MAP_PMU,147,0.0007646825012672664
3,UPFC_tsh,5-15,-0.22711633963729766,12,-0.22711178619308,MAP_PMU,147,4.553444217653135e-06
4,UPFC_Vse,5-15,0.05947245001537539,12,0.06117941678335211,MAP_PMU,147,0.0017069667679767211
5,UPFC_tse,5-15,-2.143435515122781,12,-2.1510341493100755,MAP_PMU,147,0.007598634187294451
0,x_tcsc,1-14,-0.13717382853096635,13,-0.13716283505255114,MAP_PMU,147,1.0993478415211033e-05
1,B_svc,2,0.28831496647262667,13,0.28791956504071137,MAP_PMU,147,0.00039540143191529875
2,UPFC_Vsh,5-15,1.1043703168545114,13,1.1050088222453598,MAP_PMU,147,0.0006385053908484206
3,UPFC_tsh,5-15,-0.227168051105228,13,-0.22711178619308,MAP_PMU,147,5.626491214799634e-05
4,UPFC_Vse,5-15,0.06038853325142377,13,0.06117941678335211,MAP_PMU,147,0.0007908835319283408
5,UPFC_tse,5-15,-2.148895751126821,13,-2.1510341493100755,MAP_PMU,147,0.002138398183254342
0,x_tcsc,1-14,-0.13718405302269432,14,-0.13716283505255114,MAP_PMU,147,2.1217970143178055e-05
1,B_svc,2,0.28788455310676225,14,0.28791956504071137,MAP_PMU,147,3.501193394911395e-05
2,UPFC_Vsh,5-15,1.10414491370544,14,1.1050088222453598,MAP_PMU,147,0.0008639085399197999
3,UPFC_tsh,5-15,-0.22717825707391995,14,-0.22711178619308,MAP_PMU,147,6.647088083994168e-05
4,UPFC_Vse,5-15,0.06059973100288982,14,0.06117941678335211,MAP_PMU,147,0.0005796857804622954
5,UPFC_tse,5-15,-2.1491410965090934,14,-2.1510341493100755,MAP_PMU,147,0.0018930528009821757
0,x_tcsc,1-14,-0.13721517867152308,15,-0.13716283505255114,MAP_PMU,147,5.234361897193951e-05
1,B_svc,2,0.28783861602127836,15,0.28791956504071137,MAP_PMU,147,8.094901943300759e-05
2,UPFC_Vsh,5-15,1.1043114458920058,15,1.1050088222453598,MAP_PMU,147,0.0006973763533539845
3,UPFC_tsh,5-15,-0.22713074654070942,15,-0.22711178619308,MAP_PMU,147,1.896034762940979e-05
4,UPFC_Vse,5-15,0.06059507981428371,15,0.06117941678335211,MAP_PMU,147,0.0005843369690683997
5,UPFC_tse,5-15,-2.144149835167506,15,-2.1510341493100755,MAP_PMU,147,0.006884314142569625
0,x_tcsc,1-14,-0.1371454702555297,16,-0.13716283505255114,MAP_PMU,147,1.736479702144078e-05
1,B_svc,2,0.288280194774595,16,0.28791956504071137,MAP_PMU,147,0.00036062973388362174
2,UPFC_Vsh,5-15,1.1041548268382484,16,1.1050088222453598,MAP_PMU,147,0.0008539954071113964
3,UPFC_tsh,5-15,-0.22711922145014402,16,-0.22711178619308,MAP_PMU,147,7.435257064009049e-06
4,UPFC_Vse,5-15,0.06007788406737462,16,0.06117941678335211,MAP_PMU,147,0.0011015327159774949
5,UPFC_tse,5-15,-2.1506527861240676,16,-2.1510341493100755,MAP_PMU,147,0.0003813631860078992
0,x_tcsc,1-14,-0.1372153853756567,17,-0.13716283505255114,MAP_PMU,147,5.255032310555463e-05
1,B_svc,2,0.28823561862886105,17,0.28791956504071137,MAP_PMU,147,0.00031605358814967843
2,UPFC_Vsh,5-15,1.1042717671999214,17,1.1050088222453598,MAP_PMU,147,0.0007370550454384173
3,UPFC_tsh,5-15,-0.22718193659229247,17,-0.22711178619308,MAP_PMU,147,7.015039921245969e-05
4,UPFC_Vse,5-15,0.06048430267037971,17,0.06117941678335211,MAP_PMU,147,0.0006951141129724059
5,UPFC_tse,5-15,-2.142499227247272,17,-2.1510341493100755,MAP_PMU,147,0.008534922062803485
0,x_tcsc,1-14,-0.13719720481520808,18,-0.13716283505255114,MAP_PMU,147,3.4369762656943914e-05
1,B_svc,2,0.28830866411089817,18,0.28791956504071137,MAP_PMU,147,0.0003890990701868047
2,UPFC_Vsh,5-15,1.1042957895556118,18,1.1050088222453598,MAP_PMU,147,0.0007130326897479833
3,UPFC_tsh,5-15,-0.2271160228291698,18,-0.22711178619308,MAP_PMU,147,4.236636089782753e-06
4,UPFC_Vse,5-15,0.06085993492461603,18,0.06117941678335211,MAP_PMU,147,0.00031948185873608564
5,UPFC_tse,5-15,-2.1499624993281574,18,-2.1510341493100755,MAP_PMU,147,0.0010716499819181102
0,x_tcsc,1-14,-0.13719250872358613,19,-0.13716283505255114,MAP_PMU,147,2.9673671034985416e-05
1,B_svc,2,0.28783445410921205,19,0.28791956504071137,MAP_PMU,147,8.511093149932147e-05
2,UPFC_Vsh,5-15,1.1047456329779322,19,1.1050088222453598,MAP_PMU,147,0.0002631892674276326
3,UPFC_tsh,5-15,-0.227023084903235,19,-0.22711178619308,MAP_PMU,147,8.870128984500569e-05
4,UPFC_Vse,5-15,0.06023148471476347,19,0.06117941678335211,MAP_PMU,147,0.0009479320685886403
5,UPFC_tse,5-15,-2.1399226238462346,19,-2.1510341493100755,MAP_PMU,147,0.011111525463840977
0,x_tcsc,1-14,-0.1371994478625794,20,-0.13716283505255114,MAP_PMU,147,3.6612810028258114e-05
1,B_svc,2,0.2883170650227463,20,0.28791956504071137,MAP_PMU,147,0.0003974999820349212
2,UPFC_Vsh,5-15,1.1045233981540978,20,1.1050088222453598,MAP_PMU,147,0.0004854240912619545
3,UPFC_tsh,5-15,-0.22703966648243853,20,-0.22711178619308,MAP_PMU,147,7.211971064147171e-05
4,UPFC_Vse,5-15,0.06059750416081961,20,0.06117941678335211,MAP_PMU,147,0.0005819126225325016
5,UPFC_tse,5-15,-2.1412885469968965,20,-2.1510341493100755,MAP_PMU,147,0.009745602313179003
0,x_tcsc,1-14,-0.13718568606849202,21,-0.13716283505255114,MAP_PMU,147,2.2851015940877906e-05
1,B_svc,2,0.2879592262148579,21,0.28791956504071137,MAP_PMU,147,3.966117414655468e-05
2,UPFC_Vsh,5-15,1.1043256179321468,21,1.1050088222453598,MAP_PMU,147,0.0006832043132130039
3,UPFC_tsh,5-15,-0.22709582282929944,21,-0.22711178619308,MAP_PMU,147,1.596336378056895e-05
4,UPFC_Vse,5-15,0.06073032280984846,21,0.06117941678335211,MAP_PMU,147,0.0004490939735036503
5,UPFC_tse,5-15,-2.1471357667942255,21,-2.1510341493100755,MAP_PMU,147,0.003898382515850063
0,x_tcsc,1-14,-0.1371720581230614,22,-0.13716283505255114,MAP_PMU,147,9.22307051026694e-06
1,B_svc,2,0.2880818039850661,22,0.28791956504071137,MAP_PMU,147,0.0001622389443547423
2,UPFC_Vsh,5-15,1.1044150522518894,22,1.1050088222453598,MAP_PMU,147,0.0005937699934703833
3,UPFC_tsh,5-15,-0.22710879985036433,22,-0.22711178619308,MAP_PMU,147,2.9863427156717748e-06
4,UPFC_Vse,5-15,0.06023731800957942,22,0.06117941678335211,MAP_PMU,147,0.0009420987737726941
5,UPFC_tse,5-15,-2.1556915139146415,22,-2.1510341493100755,MAP_PMU,147,0.0046573646045660055
0,x_tcsc,1-14,-0.13718424087152997,23,-0.13716283505255114,MAP_PMU,147,2.1405818978831315e-05
1,B_svc,2,0.28812903713953436,23,0.28791956504071137,MAP_PMU,147,0.00020947209882299367
2,UPFC_Vsh,5-15,1.1043478574992502,23,1.1050088222453598,MAP_PMU,147,0.0006609647461095491
3,UPFC_tsh,5-15,-0.22700465810695003,23,-0.22711178619308,MAP_PMU,147,0.00010712808612997615
4,UPFC_Vse,5-15,0.06012371598363696,23,0.06117941678335211,MAP_PMU,147,0.001055700799715155
5,UPFC_tse,5-15,-2.1462281413487627,23,-2.1510341493100755,MAP_PMU,147,0.004806007961312808
0,x_tcsc,1-14,-0.13720868094754501,24,-0.13716283505255114,MAP_PMU,147,4.584589499387337e-05
1,B_svc,2,0.2879590383700241,24,0.28791956504071137,MAP_PMU,147,3.947332931275582e-05
2,UPFC_Vsh,5-15,1.1044273567807041,24,1.1050088222453598,MAP_PMU,147,0.0005814654646556505
3,UPFC_tsh,5-15,-0.22709097876423143,24,-0.22711178619308,MAP_PMU,147,2.0807428848579335e-05
4,UPFC_Vse,5-15,0.0606171772921814,24,0.06117941678335211,MAP_PMU,147,0.0005622394911707143
5,UPFC_tse,5-15,-2.141212785390668,24,-2.1510341493100755,MAP_PMU,147,0.009821363919407577
0,x_tcsc,1-14,-0.13718666529014978,25,-0.13716283505255114,MAP_PMU,147,2.383023759863767e-05
1,B_svc,2,0.28738738232264205,25,0.28791956504071137,MAP_PMU,147,0.0005321827180693184
2,UPFC_Vsh,5-15,1.1045264208649959,25,1.1050088222453598,MAP_PMU,147,0.0004824013803639282
3,UPFC_tsh,5-15,-0.22707691007882322,25,-0.22711178619308,MAP_PMU,147,3.4876114256787716e-05
4,UPFC_Vse,5-15,0.0602652462732872,25,0.06117941678335211,MAP_PMU,147,0.0009141705100649128
5,UPFC_tse,5-15,-2.145683741895683,25,-2.1510341493100755,MAP_PMU,147,0.005350407414392411
0,x_tcsc,1-14,-0.13717639336291218,26,-0.13716283505255114,MAP_PMU,147,1.3558310361039272e-05
1,B_svc,2,0.2877107390701737,26,0.28791956504071137,MAP_PMU,147,0.00020882597053767382
2,UPFC_Vsh,5-15,1.1045737279432795,26,1.1050088222453598,MAP_PMU,147,0.00043509430208032995
3,UPFC_tsh,5-15,-0.22708725340949318,26,-0.22711178619308,MAP_PMU,147,2.453278358682809e-05
4,UPFC_Vse,5-15,0.06018607184611374,26,0.06117941678335211,MAP_PMU,147,0.0009933449372383704
5,UPFC_tse,5-15,-2.1422090135770735,26,-2.1510341493100755,MAP_PMU,147,0.008825135733002032
0,x_tcsc,1-14,-0.13718759211972503,27,-0.13716283505255114,MAP_PMU,147,2.47570671738917e-05
1,B_svc,2,0.2880501983753745,27,0.28791956504071137,MAP_PMU,147,0.00013063333466312166
2,UPFC_Vsh,5-15,1.1043235107564842,27,1.1050088222453598,MAP_PMU,147,0.0006853114888756284
3,UPFC_tsh,5-15,-0.22716181069421862,27,-0.22711178619308,MAP_PMU,147,5.0024501138612454e-05
4,UPFC_Vse,5-15,0.06016805141214064,27,0.06117941678335211,MAP_PMU,147,0.0010113653712114715
5,UPFC_tse,5-15,-2.1494526682778514,27,-2.1510341493100755,MAP_PMU,147,0.001581481032224108
0,x_tcsc,1-14,-0.13717751343538012,28,-0.13716283505255114,MAP_PMU,147,1.467838282898093e-05
1,B_svc,2,0.2879327241631239,28,0.28791956504071137,MAP_PMU,147,1.3159122412509383e-05
2,UPFC_Vsh,5-15,1.1042036189214466,28,1.1050088222453598,MAP_PMU,147,0.0008052033239132061
3,UPFC_tsh,5-15,-0.22709304515554785,28,-0.22711178619308,MAP_PMU,147,1.874103753216061e-05
4,UPFC_Vse,5-15,0.06070988471611552,28,0.06117941678335211,MAP_PMU,147,0.00046953206723659296
5,UPFC_tse,5-15,-2.143053482981532,28,-2.1510341493100755,MAP_PMU,147,0.007980666328543329
0,x_tcsc,1-14,-0.13718631137966766,29,-0.13716283505255114,MAP_PMU,147,2.347632711652281e-05
1,B_svc,2,0.288068245062381,29,0.28791956504071137,MAP_PMU,147,0.00014868002166962269
2,UPFC_Vsh,5-15,1.1042351944294009,29,1.1050088222453598,MAP_PMU,147,0.0007736278159589105
3,UPFC_tsh,5-15,-0.2272233498088289,29,-0.22711178619308,MAP_PMU,147,0.00011156361574890528
4,UPFC_Vse,5-15,0.06070904994827328,29,0.06117941678335211,MAP_PMU,147,0.0004703668350788323
5,UPFC_tse,5-15,-2.1551642510648934,29,-2.1510341493100755,MAP_PMU,147,0.004130101754817872
0,x_tcsc,1-14,-0.1371935837471879,30,-0.13716283505255114,MAP_PMU,147,3.0748694636761886e-05
1,B_svc,2,0.2881788749334162,30,0.28791956504071137,MAP_PMU,147,0.00025930989270483984
2,UPFC_Vsh,5-15,1.10439508720995,30,1.1050088222453598,MAP_PMU,147,0.0006137350354098459
3,UPFC_tsh,5-15,-0.22703919269556821,30,-0.22711178619308,MAP_PMU,147,7.259349751179145e-05
4,UPFC_Vse,5-15,0.06019399688477053,30,0.06117941678335211,MAP_PMU,147,0.0009854198985815854
5,UPFC_tse,5-15,-2.1467371791577015,30,-2.1510341493100755,MAP_PMU,147,0.004296970152374069
0,x_tcsc,1-14,-0.13718825254359127,31,-0.13716283505255114,MAP_PMU,147,2.541749104012503e-05
1,B_svc,2,0.2877561372877212,31,0.28791956504071137,MAP_PMU,147,0.000163427752990164
2,UPFC_Vsh,5-15,1.1043405937196382,31,1.1050088222453598,MAP_PMU,147,0.0006682285257215703
3,UPFC_tsh,5-15,-0.22710588751410363,31,-0.22711178619308,MAP_PMU,147,5.898678976379301e-06
4,UPFC_Vse,5-15,0.060595391326698875,31,0.06117941678335211,MAP_PMU,147,0.000584025456653238
5,UPFC_tse,5-15,-2.1586595329482994,31,-2.1510341493100755,MAP_PMU,147,0.007625383638223848
0,x_tcsc,1-14,-0.13718510007418167,32,-0.13716283505255114,MAP_PMU,147,2.226502163052424e-05
1,B_svc,2,0.2879034682606395,32,0.28791956504071137,MAP_PMU,147,1.609678007186144e-05
2,UPFC_Vsh,5-15,1.1041582663671283,32,1.1050088222453598,MAP_PMU,147,0.0008505558782314626
3,UPFC_tsh,5-15,-0.22713846924263004,32,-0.22711178619308,MAP_PMU,147,2.6683049550030313e-05
4,UPFC_Vse,5-15,0.060808922568018044,32,0.06117941678335211,MAP_PMU,147,0.000370494215334069
5,UPFC_tse,5-15,-2.152071673581661,32,-2.1510341493100755,MAP_PMU,147,0.0010375242715854327
0,x_tcsc,1-14,-0.13719970273340742,33,-0.13716283505255114,MAP_PMU,147,3.6867680856284e-05
1,B_svc,2,0.2877732735850922,33,0.28791956504071137,MAP_PMU,147,0.00014629145561917412
2,UPFC_Vsh,5-15,1.10436767119114,33,1.1050088222453598,MAP_PMU,147,0.0006411510542196908
3,UPFC_tsh,5-15,-0.22707350452721156,33,-0.22711178619308,MAP_PMU,147,3.8281665868444836e-05
4,UPFC_Vse,5-15,0.06011479710930689,33,0.06117941678335211,MAP_PMU,147,0.0010646196740452252
5,UPFC_tse,5-15,-2.1506562036398873,33,-2.1510341493100755,MAP_PMU,147,0.0003779456701882289
0,x_tcsc,1-14,-0.1371711854594118,34,-0.13716283505255114,MAP_PMU,147,8.350406860646586e-06
1,B_svc,2,0.28840138107791474,34,0.28791956504071137,MAP_PMU,147,0.0004818160372033753
2,UPFC_Vsh,5-15,1.104346223377881,34,1.1050088222453598,MAP_PMU,147,0.0006625988674788807
3,UPFC_tsh,5-15,-0.2271407611380173,34,-0.22711178619308,MAP_PMU,147,2.8974944937282254e-05
4,UPFC_Vse,5-15,0.06057848267756843,34,0.06117941678335211,MAP_PMU,147,0.0006009341057836848
5,UPFC_tse,5-15,-2.1565706356859295,34,-2.1510341493100755,MAP_PMU,147,0.005536486375854022
0,x_tcsc,1-14,-0.1371695499180023,35,-0.13716283505255114,MAP_PMU,147,6.71486545114619e-06
1,B_svc,2,0.2878437577437405,35,0.28791956504071137,MAP_PMU,147,7.580729697087563e-05
2,UPFC_Vsh,5-15,1.1040120010747192,35,1.1050088222453598,MAP_PMU,147,0.0009968211706405938
3,UPFC_tsh,5-15,-0.22713254048926018,35,-0.22711178619308,MAP_PMU,147,2.0754296180175436e-05
4,UPFC_Vse,5-15,0.060180927248265605,35,0.06117941678335211,MAP_PMU,147,0.000998489535086508
5,UPFC_tse,5-15,-2.148922670858192,35,-2.1510341493100755,MAP_PMU,147,0.0021114784518836416
0,x_tcsc,1-14,-0.13719084004417362,36,-0.13716283505255114,MAP_PMU,147,2.8004991622476716e-05
1,B_svc,2,0.28789546925966764,36,0.28791956504071137,MAP_PMU,147,2.4095781043731446e-05
2,UPFC_Vsh,5-15,1.104574097362244,36,1.1050088222453598,MAP_PMU,147,0.00043472488311580015
3,UPFC_tsh,5-15,-0.2270032536730885,36,-0.22711178619308,MAP_PMU,147,0.00010853251999151659
4,UPFC_Vse,5-15,0.05996241220178702,36,0.06117941678335211,MAP_PMU,147,0.0012170045815650954
5,UPFC_tse,5-15,-2.147944986130694,36,-2.1510341493100755,MAP_PMU,147,0.003089163179381682
0,x_tcsc,1-14,-0.13718919584628309,37,-0.13716283505255114,MAP_PMU,147,2.6360793731944332e-05
1,B_svc,2,0.287531168265522,37,0.28791956504071137,MAP_PMU,147,0.0003883967751893702
2,UPFC_Vsh,5-15,1.1047681533496814,37,1.1050088222453598,MAP_PMU,147,0.00024066889567841976
3,UPFC_tsh,5-15,-0.22705253436558143,37,-0.22711178619308,MAP_PMU,147,5.925182749857982e-05
4,UPFC_Vse,5-15,0.06038892596964544,37,0.06117941678335211,MAP_PMU,147,0.0007904908137066693
5,UPFC_tse,5-15,-2.1434568856819505,37,-2.1510341493100755,MAP_PMU,147,0.007577263628125053
0,x_tcsc,1-14,-0.1371761220983891,38,-0.13716283505255114,MAP_PMU,147,1.3287045837973022e-05
1,B_svc,2,0.28785077051942837,38,0.28791956504071137,MAP_PMU,147,6.87945212829999e-05
2,UPFC_Vsh,5-15,1.104078547056956,38,1.1050088222453598,MAP_PMU,147,0.0009302751884037175
3,UPFC_tsh,5-15,-0.2270970707305446,38,-0.22711178619308,MAP_PMU,147,1.471546253539735e-05
4,UPFC_Vse,5-15,0.06056755712332395,38,0.06117941678335211,MAP_PMU,147,0.0006118596600281634
5,UPFC_tse,5-15,-2.1525479198770205,38,-2.1510341493100755,MAP_PMU,147,0.0015137705669450163
0,x_tcsc,1-14,-0.13719327251453717,39,-0.13716283505255114,MAP_PMU,147,3.0437461986027037e-05
1,B_svc,2,0.2873795217956117,39,0.28791956504071137,MAP_PMU,147,0.0005400432450996528
2,UPFC_Vsh,5-15,1.1042540288935156,39,1.1050088222453598,MAP_PMU,147,0.0007547933518441408
3,UPFC_tsh,5-15,-0.2271428917661542,39,-0.22711178619308,MAP_PMU,147,3.11055730742027e-05
4,UPFC_Vse,5-15,0.06071027379065055,39,0.06117941678335211,MAP_PMU,147,0.00046914299270156556
5,UPFC_tse,5-15,-2.1558916256330707,39,-2.1510341493100755,MAP_PMU,147,0.004857476322995158
0,x_tcsc,1-14,-0.13717583063933803,40,-0.13716283505255114,MAP_PMU,147,1.2995586786884727e-05
1,B_svc,2,0.28779725830426034,40,0.28791956504071137,MAP_PMU,147,0.00012230673645102774
2,UPFC_Vsh,5-15,1.1044926416326648,40,1.1050088222453598,MAP_PMU,147,0.0005161806126949831
3,UPFC_tsh,5-15,-0.2271065497278762,40,-0.22711178619308,MAP_PMU,147,5.236465203811713e-06
4,UPFC_Vse,5-15,0.060582390788326085,40,0.06117941678335211,MAP_PMU,147,0.0005970259950260279
5,UPFC_tse,5-15,-2.1402841011712526,40,-2.1510341493100755,MAP_PMU,147,0.010750048138822965
0,x_tcsc,1-14,-0.13717245839318112,41,-0.13716283505255114,MAP_PMU,147,9.623340629982824e-06
1,B_svc,2,0.28793433964990756,41,0.28791956504071137,MAP_PMU,147,1.477460919618867e-05
2,UPFC_Vsh,5-15,1.104608518457498,41,1.1050088222453598,MAP_PMU,147,0.00040030378786171106
3,UPFC_tsh,5-15,-0.22703652486160683,41,-0.22711178619308,MAP_PMU,147,7.526133147317537e-05
4,UPFC_Vse,5-15,0.060101703687788874,41,0.06117941678335211,MAP_PMU,147,0.0010777130955632389
5,UPFC_tse,5-15,-2.145752939266853,41,-2.1510341493100755,MAP_PMU,147,0.005281210043222462
0,x_tcsc,1-14,-0.13721133547262118,42,-0.13716283505255114,MAP_PMU,147,4.8500420070041184e-05
1,B_svc,2,0.2879476242848705,42,0.28791956504071137,MAP_PMU,147,2.8059244159106544e-05
2,UPFC_Vsh,5-15,1.1042088901574307,42,1.1050088222453598,MAP_PMU,147,0.0007999320879290561
3,UPFC_tsh,5-15,-0.22715713012664163,42,-0.22711178619308,MAP_PMU,147,4.534393356162014e-05
4,UPFC_Vse,5-15,0.060447153570797725,42,0.06117941678335211,MAP_PMU,147,0.0007322632125543876
5,UPFC_tse,5-15,-2.1449230818232756,42,-2.1510341493100755,MAP_PMU,147,0.006111067486799904
0,x_tcsc,1-14,-0.13719120244626778,43,-0.13716283505255114,MAP_PMU,147,2.8367393716643985e-05
1,B_svc,2,0.2882963564494546,43,0.28791956504071137,MAP_PMU,147,0.0003767914087432489
2,UPFC_Vsh,5-15,1.1041684113458847,43,1.1050088222453598,MAP_PMU,147,0.0008404108994750636
3,UPFC_tsh,5-15,-0.22717509036365913,43,-0.22711178619308,MAP_PMU,147,6.330417057912041e-05
4,UPFC_Vse,5-15,0.060228482061847714,43,0.06117941678335211,MAP_PMU,147,0.0009509347215043984
5,UPFC_tse,5-15,-2.159315880149753,43,-2.1510341493100755,MAP_PMU,147,0.008281730839677426
0,x_tcsc,1-14,-0.13719795400725604,44,-0.13716283505255114,MAP_PMU,147,3.511895470489912e-05
1,B_svc,2,0.287799165662286,44,0.28791956504071137,MAP_PMU,147,0.00012039937842533988
2,UPFC_Vsh,5-15,1.1043536390151374,44,1.1050088222453598,MAP_PMU,147,0.0006551832302224003
3,UPFC_tsh,5-15,-0.2270533404247895,44,-0.22711178619308,MAP_PMU,147,5.844576829050485e-05
4,UPFC_Vse,5-15,0.060257822991429684,44,0.06117941678335211,MAP_PMU,147,0.0009215937919224287
5,UPFC_tse,5-15,-2.1326451495824412,44,-2.1510341493100755,MAP_PMU,147,0.018388999727634303
0,x_tcsc,1-14,-0.1372274227037449,45,-0.13716283505255114,MAP_PMU,147,6.458765119377041e-05
1,B_svc,2,0.28769750074001177,45,0.28791956504071137,MAP_PMU,147,0.00022206430069959815
2,UPFC_Vsh,5-15,1.1044806724260745,45,1.1050088222453598,MAP_PMU,147,0.000528149819285284
3,UPFC_tsh,5-15,-0.22710401115759632,45,-0.22711178619308,MAP_PMU,147,7.775035483686965e-06
4,UPFC_Vse,5-15,0.060007559406047295,45,0.06117941678335211,MAP_PMU,147,0.0011718573773048177
5,UPFC_tse,5-15,-2.1478132370269383,45,-2.1510341493100755,MAP_PMU,147,0.003220912283137256
0,x_tcsc,1-14,-0.13719684515088362,46,-0.13716283505255114,MAP_PMU,147,3.401009833248203e-05
1,B_svc,2,0.2877729416947851,46,0.28791956504071137,MAP_PMU,147,0.00014662334592624449
2,UPFC_Vsh,5-15,1.1041673064762618,46,1.1050088222453598,MAP_PMU,147,0.0008415157690979669
3,UPFC_tsh,5-15,-0.2270640342500947,46,-0.22711178619308,MAP_PMU,147,4.775194298531349e-05
4,UPFC_Vse,5-15,0.06066081827229634,46,0.06117941678335211,MAP_PMU,147,0.0005185985110557761
5,UPFC_tse,5-15,-2.1462010127557365,46,-2.1510341493100755,MAP_PMU,147,0.004833136554339035
0,x_tcsc,1-14,-0.13720207888003633,47,-0.13716283505255114,MAP_PMU,147,3.9243827485185845e-05
1,B_svc,2,0.28811092622393525,47,0.28791956504071137,MAP_PMU,147,0.00019136118322388151
2,UPFC_Vsh,5-15,1.1046578605755364,47,1.1050088222453598,MAP_PMU,147,0.00035096166982340193
3,UPFC_tsh,5-15,-0.2270862367501187,47,-0.22711178619308,MAP_PMU,147,2.5549442961320112e-05
4,UPFC_Vse,5-15,0.05967125132089929,47,0.06117941678335211,MAP_PMU,147,0.0015081654624528248
5,UPFC_tse,5-15,-2.1400294329122693,47,-2.1510341493100755,MAP_PMU,147,0.011004716397806202
0,x_tcsc,1-14,-0.1371861403241656,48,-0.13716283505255114,MAP_PMU,147,2.3305271614454393e-05
1,B_svc,2,0.288142211898767,48,0.28791956504071137,MAP_PMU,147,0.00022264685805561957
2,UPFC_Vsh,5-15,1.1045797766916037,48,1.1050088222453598,MAP_PMU,147,0.0004290455537561133
3,UPFC_tsh,5-15,-0.2271193115989897,48,-0.22711178619308,MAP_PMU,147,7.525405909702965e-06
4,UPFC_Vse,5-15,0.06068002647137564,48,0.06117941678335211,MAP_PMU,147,0.0004993903119764748
5,UPFC_tse,5-15,-2.1398413479631766,48,-2.1510341493100755,MAP_PMU,147,0.011192801346898928
0,x_tcsc,1-14,-0.13715006848401531,49,-0.13716283505255114,MAP_PMU,147,1.2766568535826917e-05
1,B_svc,2,0.28756952234190114,49,0.28791956504071137,MAP_PMU,147,0.00035004269881022676
2,UPFC_Vsh,5-15,1.104296907959597,49,1.1050088222453598,MAP_PMU,147,0.0007119142857627825
3,UPFC_tsh,5-15,-0.22714731853611977,49,-0.22711178619308,MAP_PMU,147,3.5532343039768044e-05
4,UPFC_Vse,5-15,0.06059752048424105,49,0.06117941678335211,MAP_PMU,147,0.0005818962991110607
5,UPFC_tse,5-15,-2.1507033669051,49,-2.1510341493100755,MAP_PMU,147,0.000330782404975416
0,x_tcsc,1-14,-0.13718954388220672,50,-0.13716283505255114,MAP_PMU,147,2.6708829655580635e-05
1,B_svc,2,0.28810927327120817,50,0.28791956504071137,MAP_PMU,147,0.00018970823049679897
2,UPFC_Vsh,5-15,1.1041795683706779,50,1.1050088222453598,MAP_PMU,147,0.0008292538746819123
3,UPFC_tsh,5-15,-0.22713891852145046,50,-0.22711178619308,MAP_PMU,147,2.7132328370454983e-05
4,UPFC_Vse,5-15,0.06065970373109993,50,0.06117941678335211,MAP_PMU,147,0.0005197130522521798
5,UPFC_tse,5-15,-2.157114575901684,50,-2.1510341493100755,MAP_PMU,147,0.006080426591608568
0,x_tcsc,1-14,-0.13717448482229147,51,-0.13716283505255114,MAP_PMU,147,1.1649769740329496e-05
1,B_svc,2,0.2880989236607529,51,0.28791956504071137,MAP_PMU,147,0.00017935862004153647
2,UPFC_Vsh,5-15,1.1041513092719117,51,1.1050088222453598,MAP_PMU,147,0.0008575129734480491
3,UPFC_tsh,5-15,-0.2270461267602891,51,-0.22711178619308,MAP_PMU,147,6.565943279090991e-05
4,UPFC_Vse,5-15,0.060642702493437346,51,0.06117941678335211,MAP_PMU,147,0.0005367142899147664
5,UPFC_tse,5-15,-2.1522174659913094,51,-2.1510341493100755,MAP_PMU,147,0.001183316681233837
0,x_tcsc,1-14,-0.1372058495528693,52,-0.13716283505255114,MAP_PMU,147,4.30145003181559e-05
1,B_svc,2,0.28845252143939454,52,0.28791956504071137,MAP_PMU,147,0.0005329563986831709
2,UPFC_Vsh,5-15,1.1043671351565765,52,1.1050088222453598,MAP_PMU,147,0.0006416870887833159
3,UPFC_tsh,5-15,-0.22712738058108647,52,-0.22711178619308,MAP_PMU,147,1.5594388006467952e-05
4,UPFC_Vse,5-15,0.0604705233221095,52,0.06117941678335211,MAP_PMU,147,0.0007088934612426157
5,UPFC_tse,5-15,-2.152610131084257,52,-2.1510341493100755,MAP_PMU,147,0.0015759817741813897
0,x_tcsc,1-14,-0.1371793617369759,53,-0.13716283505255114,MAP_PMU,147,1.65266844247558e-05
1,B_svc,2,0.28795602692664574,53,0.28791956504071137,MAP_PMU,147,3.6461885934369054e-05
2,UPFC_Vsh,5-15,1.1042895449290295,53,1.1050088222453598,MAP_PMU,147,0.0007192773163302579
3,UPFC_tsh,5-15,-0.22711434709343026,53,-0.22711178619308,MAP_PMU,147,2.5609003502513605e-06
4,UPFC_Vse,5-15,0.06045387541264076,53,0.06117941678335211,MAP_PMU,147,0.0007255413707113537
5,UPFC_tse,5-15,-2.149763633131287,53,-2.1510341493100755,MAP_PMU,147,0.0012705161787884833
0,x_tcsc,1-14,-0.1371935217224457,54,-0.13716283505255114,MAP_PMU,147,3.068666989455848e-05
1,B_svc,2,0.2881508762322211,54,0.28791956504071137,MAP_PMU,147,0.0002313111915097088
2,UPFC_Vsh,5-15,1.1042004438460387,54,1.1050088222453598,MAP_PMU,147,0.0008083783993211302
3,UPFC_tsh,5-15,-0.22712128697314318,54,-0.22711178619308,MAP_PMU,147,9.50078006317634e-06
4,UPFC_Vse,5-15,0.06077198202945902,54,0.06117941678335211,MAP_PMU,147,0.00040743475389309197
5,UPFC_tse,5-15,-2.152836161712533,54,-2.1510341493100755,MAP_PMU,147,0.0018020124024573647
0,x_tcsc,1-14,-0.1371765328057453,55,-0.13716283505255114,MAP_PMU,147,1.3697753194152895e-05
1,B_svc,2,0.28805437455107125,55,0.28791956504071137,MAP_PMU,147,0.00013480951035987898
2,UPFC_Vsh,5-15,1.1041984935905251,55,1.1050088222453598,MAP_PMU,147,0.0008103286548346578
3,UPFC_tsh,5-15,-0.22707031979475012,55,-0.22711178619308,MAP_PMU,147,4.1466398329886855e-05
4,UPFC_Vse,5-15,0.0604964603449135,55,0.06117941678335211,MAP_PMU,147,0.0006829564384386103
5,UPFC_tse,5-15,-2.151811649837298,55,-2.1510341493100755,MAP_PMU,147,0.0007775005272225854
0,x_tcsc,1-14,-0.1371769716762101,56,-0.13716283505255114,MAP_PMU,147,1.4136623658955738e-05
1,B_svc,2,0.2878163748392265,56,0.28791956504071137,MAP_PMU,147,0.00010319020148485958
2,UPFC_Vsh,5-15,1.1040342520936604,56,1.1050088222453598,MAP_PMU,147,0.0009745701516994387
3,UPFC_tsh,5-15,-0.22709531326171667,56,-0.22711178619308,MAP_PMU,147,1.6472931363337162e-05
4,UPFC_Vse,5-15,0.06053291922498061,56,0.06117941678335211,MAP_PMU,147,0.0006464975583715046
5,UPFC_tse,5-15,-2.154835185511826,56,-2.1510341493100755,MAP_PMU,147,0.0038010362017506516
0,x_tcsc,1-14,-0.13715587024459433,57,-0.13716283505255114,MAP_PMU,147,6.964807956810759e-06
1,B_svc,2,0.28804949006723596,57,0.28791956504071137,MAP_PMU,147,0.00012992502652459104
2,UPFC_Vsh,5-15,1.1042486193401748,57,1.1050088222453598,MAP_PMU,147,0.0007602029051849701
3,UPFC_tsh,5-15,-0.22715384725272017,57,-0.22711178619308,MAP_PMU,147,4.206105964016382e-05
4,UPFC_Vse,5-15,0.060573871536530384,57,0.06117941678335211,MAP_PMU,147,0.0006055452468217287
5,UPFC_tse,5-15,-2.1439182162247885,57,-2.1510341493100755,MAP_PMU,147,0.007115933085287018
0,x_tcsc,1-14,-0.13718770613948728,58,-0.13716283505255114,MAP_PMU,147,2.48710869361346e-05
1,B_svc,2,0.2876893235422522,58,0.28791956504071137,MAP_PMU,147,0.00023024149845918274
2,UPFC_Vsh,5-15,1.1043892669217588,58,1.1050088222453598,MAP_PMU,147,0.0006195553236010287
3,UPFC_tsh,5-15,-0.22705051945293195,58,-0.22711178619308,MAP_PMU,147,6.126674014805822e-05
4,UPFC_Vse,5-15,0.059976759485495794,58,0.06117941678335211,MAP_PMU,147,0.0012026572978563188
5,UPFC_tse,5-15,-2.1504494437275334,58,-2.1510341493100755,MAP_PMU,147,0.0005847055825420888
0,x_tcsc,1-14,-0.13721369202974895,59,-0.13716283505255114,MAP_PMU,147,5.085697719781068e-05
1,B_svc,2,0.28828059951434165,59,0.28791956504071137,MAP_PMU,147,0.00036103447363028396
2,UPFC_Vsh,5-15,1.1045042939690441,59,1.1050088222453598,MAP_PMU,147,0.0005045282763156411
3,UPFC_tsh,5-15,-0.22709966695312814,59,-0.22711178619308,MAP_PMU,147,1.211923995186881e-05
4,UPFC_Vse,5-15,0.060416565324114414,59,0.06117941678335211,MAP_PMU,147,0.0007628514592376984
5,UPFC_tse,5-15,-2.146330854275317,59,-2.1510341493100755,MAP_PMU,147,0.004703295034758526
0,x_tcsc,1-14,-0.13718293184518218,60,-0.13716283505255114,MAP_PMU,147,2.009679263104136e-05
1,B_svc,2,0.2877950981418417,60,0.28791956504071137,MAP_PMU,147,0.00012446689886969065
2,UPFC_Vsh,5-15,1.1044004696893368,60,1.1050088222453598,MAP_PMU,147,0.0006083525560229841
3,UPFC_tsh,5-15,-0.22708786669651373,60,-0.22711178619308,MAP_PMU,147,2.391949656627146e-05
4,UPFC_Vse,5-15,0.06053725511408353,60,0.06117941678335211,MAP_PMU,147,0.0006421616692685803
5,UPFC_tse,5-15,-2.141337840741353,60,-2.1510341493100755,MAP_PMU,147,0.0096963085687225
0,x_tcsc,1-14,-0.13720916122484103,61,-0.13716283505255114,MAP_PMU,147,4.632617228989e-05
1,B_svc,2,0.2880975459652787,61,0.28791956504071137,MAP_PMU,147,0.0001779809245673336
2,UPFC_Vsh,5-15,1.1042636376714081,61,1.1050088222453598,MAP_PMU,147,0.0007451845739516738
3,UPFC_tsh,5-15,-0.22714060613722173,61,-0.22711178619308,MAP_PMU,147,2.881994414172251e-05
4,UPFC_Vse,5-15,0.06011571753255968,61,0.06117941678335211,MAP_PMU,147,0.0010636992507924298
5,UPFC_tse,5-15,-2.1485334283824917,61,-2.1510341493100755,MAP_PMU,147,0.0025007209275837994
0,x_tcsc,1-14,-0.1371911145465204,62,-0.13716283505255114,MAP_PMU,147,2.827949396924656e-05
1,B_svc,2,0.2881357751184559,62,0.28791956504071137,MAP_PMU,147,0.0002162100777445275
2,UPFC_Vsh,5-15,1.104440319744921,62,1.1050088222453598,MAP_PMU,147,0.0005685025004387168
3,UPFC_tsh,5-15,-0.2271055811377848,62,-0.22711178619308,MAP_PMU,147,6.205055295194217e-06
4,UPFC_Vse,5-15,0.06020953512260187,62,0.06117941678335211,MAP_PMU,147,0.000969881660750245
5,UPFC_tse,5-15,-2.1485229955790692,62,-2.1510341493100755,MAP_PMU,147,0.0025111537310062992
0,x_tcsc,1-14,-0.13718585255327623,63,-0.13716283505255114,MAP_PMU,147,2.301750072508657e-05
1,B_svc,2,0.28795269467812096,63,0.28791956504071137,MAP_PMU,147,3.3129637409590185e-05
2,UPFC_Vsh,5-15,1.10443828761344,63,1.1050088222453598,MAP_PMU,147,0.0005705346319198057
3,UPFC_tsh,5-15,-0.2271335198016081,63,-0.22711178619308,MAP_PMU,147,2.1733608528085036e-05
4,UPFC_Vse,5-15,0.060858578702729496,63,0.06117941678335211,MAP_PMU,147,0.0003208380806226166
5,UPFC_tse,5-15,-2.1498034696225994,63,-2.1510341493100755,MAP_PMU,147,0.0012306796874761439
0,x_tcsc,1-14,-0.13718407386762885,64,-0.13716283505255114,MAP_PMU,147,2.123881507770653e-05
1,B_svc,2,0.2880673195225565,64,0.28791956504071137,MAP_PMU,147,0.0001477544818451193
2,UPFC_Vsh,5-15,1.1043240571098116,64,1.1050088222453598,MAP_PMU,147,0.0006847651355481599
3,UPFC_tsh,5-15,-0.22716245804853355,64,-0.22711178619308,MAP_PMU,147,5.067185545354347e-05
4,UPFC_Vse,5-15,0.06061983307491805,64,0.06117941678335211,MAP_PMU,147,0.0005595837084340638
5,UPFC_tse,5-15,-2.1489613834029937,64,-2.1510341493100755,MAP_PMU,147,0.0020727659070818305
0,x_tcsc,1-14,-0.13717968712936462,65,-0.13716283505255114,MAP_PMU,147,1.6852076813483885e-05
1,B_svc,2,0.2881222716576697,65,0.28791956504071137,MAP_PMU,147,0.0002027066169583147
2,UPFC_Vsh,5-15,1.1042904853844566,65,1.1050088222453598,MAP_PMU,147,0.0007183368609031682
3,UPFC_tsh,5-15,-0.22718144446290975,65,-0.22711178619308,MAP_PMU,147,6.96582698297421e-05
4,UPFC_Vse,5-15,0.06045236244208379,65,0.06117941678335211,MAP_PMU,147,0.0007270543412683239
5,UPFC_tse,5-15,-2.158931959756684,65,-2.1510341493100755,MAP_PMU,147,0.007897810446608311
0,x_tcsc,1-14,-0.13717676208553603,66,-0.13716283505255114,MAP_PMU,147,1.3927032984889509e-05
1,B_svc,2,0.2885339842641518,66,0.28791956504071137,MAP_PMU,147,0.00061441922344041
2,UPFC_Vsh,5-15,1.1042738641530638,66,1.1050088222453598,MAP_PMU,147,0.0007349580922959564
3,UPFC_tsh,5-15,-0.22711352209964564,66,-0.22711178619308,MAP_PMU,147,1.7359065656308292e-06
4,UPFC_Vse,5-15,0.059993316800776804,66,0.06117941678335211,MAP_PMU,147,0.0011860999825753088
5,UPFC_tse,5-15,-2.1508990033960766,66,-2.1510341493100755,MAP_PMU,147,0.00013514591399887976
0,x_tcsc,1-14,-0.13718937332881662,67,-0.13716283505255114,MAP_PMU,147,2.6538276265475336e-05
1,B_svc,2,0.28879138432851864,67,0.28791956504071137,MAP_PMU,147,0.0008718192878072739
2,UPFC_Vsh,5-15,1.1039353037742097,67,1.1050088222453598,MAP_PMU,147,0.0010735184711501145
3,UPFC_tsh,5-15,-0.22715078841685743,67,-0.22711178619308,MAP_PMU,147,3.900222377742346e-05
4,UPFC_Vse,5-15,0.06047904559305069,67,0.06117941678335211,MAP_PMU,147,0.0007003711903014256
5,UPFC_tse,5-15,-2.147054306084337,67,-2.1510341493100755,MAP_PMU,147,0.003979843225738744
0,x_tcsc,1-14,-0.1371856723678742,68,-0.13716283505255114,MAP_PMU,147,2.2837315323070984e-05
1,B_svc,2,0.2882318724033284,68,0.28791956504071137,MAP_PMU,147,0.00031230736261705916
2,UPFC_Vsh,5-15,1.1041965756289505,68,1.1050088222453598,MAP_PMU,147,0.0008122466164093289
3,UPFC_tsh,5-15,-0.22712925850155344,68,-0.22711178619308,MAP_PMU,147,1.747230847343184e-05
4,UPFC_Vse,5-15,0.06054981439311825,68,0.06117941678335211,MAP_PMU,147,0.000629602390233866
5,UPFC_tse,5-15,-2.157374830605681,68,-2.1510341493100755,MAP_PMU,147,0.006340681295605499
0,x_tcsc,1-14,-0.13719523674265482,69,-0.13716283505255114,MAP_PMU,147,3.240169010368388e-05
1,B_svc,2,0.2877184755449174,69,0.28791956504071137,MAP_PMU,147,0.00020108949579394908
2,UPFC_Vsh,5-15,1.1043370773183117,69,1.1050088222453598,MAP_PMU,147,0.0006717449270481346
3,UPFC_tsh,5-15,-0.22715774707752254,69,-0.22711178619308,MAP_PMU,147,4.596088444253077e-05
4,UPFC_Vse,5-15,0.06089607670348812,69,0.06117941678335211,MAP_PMU,147,0.0002833400798639904
5,UPFC_tse,5-15,-2.143162435056584,69,-2.1510341493100755,MAP_PMU,147,0.007871714253491646
0,x_tcsc,1-14,-0.13717452855462753,70,-0.13716283505255114,MAP_PMU,147,1.169350207638753e-05
1,B_svc,2,0.2877299080576499,70,0.28791956504071137,MAP_PMU,147,0.00018965698306144807
2,UPFC_Vsh,5-15,1.10394983655769,70,1.1050088222453598,MAP_PMU,147,0.0010589856876697112
3,UPFC_tsh,5-15,-0.2270935434051317,70,-0.22711178619308,MAP_PMU,147,1.824278794831935e-05
4,UPFC_Vse,5-15,0.060159828192286685,70,0.06117941678335211,MAP_PMU,147,0.0010195885910654276
5,UPFC_tse,5-15,-2.1600390583031466,70,-2.1510341493100755,MAP_PMU,147,0.009004908993071048
0,x_tcsc,1-14,-0.1371943020253422,71,-0.13716283505255114,MAP_PMU,147,3.146697279104993e-05
1,B_svc,2,0.28794430208591854,71,0.28791956504071137,MAP_PMU,147,2.473704520716824e-05
2,UPFC_Vsh,5-15,1.104289938045844,71,1.1050088222453598,MAP_PMU,147,0.0007188841995158235
3,UPFC_tsh,5-15,-0.2271008182936633,71,-0.22711178619308,MAP_PMU,147,1.0967899416708393e-05
4,UPFC_Vse,5-15,0.060353523435495285,71,0.06117941678335211,MAP_PMU,147,0.0008258933478568278
5,UPFC_tse,5-15,-2.146966903000235,71,-2.1510341493100755,MAP_PMU,147,0.0040672463098405665
0,x_tcsc,1-14,-0.13721514947988278,72,-0.13716283505255114,MAP_PMU,147,5.2314427331640045e-05
1,B_svc,2,0.2881566599413429,72,0.28791956504071137,MAP_PMU,147,0.00023709490063150707
2,UPFC_Vsh,5-15,1.1045362590052012,72,1.1050088222453598,MAP_PMU,147,0.0004725632401585411
3,UPFC_tsh,5-15,-0.22712712171890334,72,-0.22711178619308,MAP_PMU,147,1.5335525823334528e-05
4,UPFC_Vse,5-15,0.0603709249179692,72,0.06117941678335211,MAP_PMU,147,0.0008084918653829126
5,UPFC_tse,5-15,-2.1495589968023743,72,-2.1510341493100755,MAP_PMU,147,0.0014751525077012495
0,x_tcsc,1-14,-0.13718499859856356,73,-0.13716283505255114,MAP_PMU,147,2.216354601242143e-05
1,B_svc,2,0.2879134576425563,73,0.28791956504071137,MAP_PMU,147,6.10739815504191e-06
2,UPFC_Vsh,5-15,1.1046832906153154,73,1.1050088222453598,MAP_PMU,147,0.00032553163004434005
3,UPFC_tsh,5-15,-0.22709197785890772,73,-0.22711178619308,MAP_PMU,147,1.9808334172283226e-05
4,UPFC_Vse,5-15,0.060214202738282964,73,0.06117941678335211,MAP_PMU,147,0.0009652140450691488
5,UPFC_tse,5-15,-2.1500268354705607,73,-2.1510341493100755,MAP_PMU,147,0.0010073138395148007
0,x_tcsc,1-14,-0.13719804845006303,74,-0.13716283505255114,MAP_PMU,147,3.5213397511890676e-05
1,B_svc,2,0.28870210735720103,74,0.28791956504071137,MAP_PMU,147,0.000782542316489665
2,UPFC_Vsh,5-15,1.1038684427381613,74,1.1050088222453598,MAP_PMU,147,0.0011403795071984746
3,UPFC_tsh,5-15,-0.22716894857050865,74,-0.22711178619308,MAP_PMU,147,5.7162377428643385e-05
4,UPFC_Vse,5-15,0.06097907417163556,74,0.06117941678335211,MAP_PMU,147,0.0002003426117165516
5,UPFC_tse,5-15,-2.1579820347701353,74,-2.1510341493100755,MAP_PMU,147,0.006947885460059755
0,x_tcsc,1-14,-0.1371985489689854,75,-0.13716283505255114,MAP_PMU,147,3.571391643425459e-05
1,B_svc,2,0.2878090279625755,75,0.28791956504071137,MAP_PMU,147,0.00011053707813585278
2,UPFC_Vsh,5-15,1.1041450450056813,75,1.1050088222453598,MAP_PMU,147,0.0008637772396784538
3,UPFC_tsh,5-15,-0.22712719514001603,75,-0.22711178619308,MAP_PMU,147,1.5408946936024126e-05
4,UPFC_Vse,5-15,0.06063742446555511,75,0.06117941678335211,MAP_PMU,147,0.0005419923177970021
5,UPFC_tse,5-15,-2.1455666433602443,75,-2.1510341493100755,MAP_PMU,147,0.005467505949831253
0,x_tcsc,1-14,-0.13718387741270252,76,-0.13716283505255114,MAP_PMU,147,2.1042360151379835e-05
1,B_svc,2,0.28808937449452576,76,0.28791956504071137,MAP_PMU,147,0.00016980945381439572
2,UPFC_Vsh,5-15,1.104377384100101,76,1.1050088222453598,MAP_PMU,147,0.0006314381452587892
3,UPFC_tsh,5-15,-0.22710605385116409,76,-0.22711178619308,MAP_PMU,147,5.732341915920536e-06
4,UPFC_Vse,5-15,0.06065280041624039,76,0.06117941678335211,MAP_PMU,147,0.0005266163671117235
5,UPFC_tse,5-15,-2.14705184976762,76,-2.1510341493100755,MAP_PMU,147,0.003982299542455436
0,x_tcsc,1-14,-0.1371748457620633,77,-0.13716283505255114,MAP_PMU,147,1.201070951215022e-05
1,B_svc,2,0.2878005912168197,77,0.28791956504071137,MAP_PMU,147,0.00011897382389164379
2,UPFC_Vsh,5-15,1.1043739977200964,77,1.1050088222453598,MAP_PMU,147,0.0006348245252634221
3,UPFC_tsh,5-15,-0.22712025483323353,77,-0.22711178619308,MAP_PMU,147,8.468640153524998e-06
4,UPFC_Vse,5-15,0.06020297947334888,77,0.06117941678335211,MAP_PMU,147,0.000976437310003235
5,UPFC_tse,5-15,-2.1513305294240364,77,-2.1510341493100755,MAP_PMU,147,0.00029638011396082575
0,x_tcsc,1-14,-0.13719722746895496,78,-0.13716283505255114,MAP_PMU,147,3.439241640382229e-05
1,B_svc,2,0.28758636469351845,78,0.28791956504071137,MAP_PMU,147,0.000333200347192919
2,UPFC_Vsh,5-15,1.1045088599735788,78,1.1050088222453598,MAP_PMU,147,0.0004999622717809515
3,UPFC_tsh,5-15,-0.2271004061788594,78,-0.22711178619308,MAP_PMU,147,1.1380014220602197e-05
4,UPFC_Vse,5-15,0.06026884939654257,78,0.06117941678335211,MAP_PMU,147,0.0009105673868095437
5,UPFC_tse,5-15,-2.1479005301699665,78,-2.1510341493100755,MAP_PMU,147,0.003133619140109012
0,x_tcsc,1-14,-0.13717713214675084,79,-0.13716283505255114,MAP_PMU,147,1.4297094199700044e-05
1,B_svc,2,0.2877440638171268,79,0.28791956504071137,MAP_PMU,147,0.0001755012235845621
2,UPFC_Vsh,5-15,1.104652682276192,79,1.1050088222453598,MAP_PMU,147,0.00035613996916783464
3,UPFC_tsh,5-15,-0.22702050411562602,79,-0.22711178619308,MAP_PMU,147,9.128207745398575e-05
4,UPFC_Vse,5-15,0.060127798809842876,79,0.06117941678335211,MAP_PMU,147,0.0010516179735092362
5,UPFC_tse,5-15,-2.1453581664900523,79,-2.1510341493100755,MAP_PMU,147,0.00567598282002324
0,x_tcsc,1-14,-0.13717160609522025,80,-0.13716283505255114,MAP_PMU,147,8.771042669108997e-06
1,B_svc,2,0.2879706307920049,80,0.28791956504071137,MAP_PMU,147,5.106575129354418e-05
2,UPFC_Vsh,5-15,1.1044685150302822,80,1.1050088222453598,MAP_PMU,147,0.0005403072150775845
3,UPFC_tsh,5-15,-0.2271174935034584,80,-0.22711178619308,MAP_PMU,147,5.707310378383346e-06
4,UPFC_Vse,5-15,0.060209443199152474,80,0.06117941678335211,MAP_PMU,147,0.000969973584199639
5,UPFC_tse,5-15,-2.157189093230416,80,-2.1510341493100755,MAP_PMU,147,0.00615494392034055
0,x_tcsc,1-14,-0.13715755949147235,81,-0.13716283505255114,MAP_PMU,147,5.275561078793567e-06
1,B_svc,2,0.28782542513637405,81,0.28791956504071137,MAP_PMU,147,9.413990433732033e-05
2,UPFC_Vsh,5-15,1.1043147216935254,81,1.1050088222453598,MAP_PMU,147,0.0006941005518343868
3,UPFC_tsh,5-15,-0.22710933835386127,81,-0.22711178619308,MAP_PMU,147,2.447839218738812e-06
4,UPFC_Vse,5-15,0.06073606886245245,81,0.06117941678335211,MAP_PMU,147,0.00044334792089966574
5,UPFC_tse,5-15,-2.141366185702404,81,-2.1510341493100755,MAP_PMU,147,0.009667963607671748
0,x_tcsc,1-14,-0.13720438142441788,82,-0.13716283505255114,MAP_PMU,147,4.1546371866735265e-05
1,B_svc,2,0.2882008468359297,82,0.28791956504071137,MAP_PMU,147,0.0002812817952183577
2,UPFC_Vsh,5-15,1.1041463476934217,82,1.1050088222453598,MAP_PMU,147,0.0008624745519381083
3,UPFC_tsh,5-15,-0.22714863634355945,82,-0.22711178619308,MAP_PMU,147,3.68501504794394e-05
4,UPFC_Vse,5-15,0.06049404886456809,82,0.06117941678335211,MAP_PMU,147,0.0006853679187840203
5,UPFC_tse,5-15,-2.1510708575096356,82,-2.1510341493100755,MAP_PMU,147,3.6708199560031574e-05
0,x_tcsc,1-14,-0.13718441536188203,83,-0.13716283505255114,MAP_PMU,147,2.1580309330887504e-05
1,B_svc,2,0.28778095396310105,83,0.28791956504071137,MAP_PMU,147,0.00013861107761031777
2,UPFC_Vsh,5-15,1.1044735377740331,83,1.1050088222453598,MAP_PMU,147,0.0005352844713266691
3,UPFC_tsh,5-15,-0.22706792762594788,83,-0.22711178619308,MAP_PMU,147,4.385856713212677e-05
4,UPFC_Vse,5-15,0.0602779490888276,83,0.06117941678335211,MAP_PMU,147,0.0009014676945245104
5,UPFC_tse,5-15,-2.1387771409536986,83,-2.1510341493100755,MAP_PMU,147,0.012257008356376886
0,x_tcsc,1-14,-0.13714897115701055,84,-0.13716283505255114,MAP_PMU,147,1.3863895540588977e-05
1,B_svc,2,0.28807337766188423,84,0.28791956504071137,MAP_PMU,147,0.00015381262117286632
2,UPFC_Vsh,5-15,1.1045722283161754,84,1.1050088222453598,MAP_PMU,147,0.0004365939291843812
3,UPFC_tsh,5-15,-0.22713242231634315,84,-0.22711178619308,MAP_PMU,147,2.0636123263140238e-05
4,UPFC_Vse,5-15,0.06020618547129894,84,0.06117941678335211,MAP_PMU,147,0.000973231312053173
5,UPFC_tse,5-15,-2.14447158707086,84,-2.1510341493100755,MAP_PMU,147,0.006562562239215364
0,x_tcsc,1-14,-0.13715766726746684,85,-0.13716283505255114,MAP_PMU,147,5.167785084303489e-06
1,B_svc,2,0.2876011435766001,85,0.28791956504071137,MAP_PMU,147,0.0003184214641112626
2,UPFC_Vsh,5-15,1.1042506886041208,85,1.1050088222453598,MAP_PMU,147,0.0007581336412390005
3,UPFC_tsh,5-15,-0.22713867147727002,85,-0.22711178619308,MAP_PMU,147,2.688528419000913e-05
4,UPFC_Vse,5-15,0.06041037678309356,85,0.06117941678335211,MAP_PMU,147,0.0007690400002585557
5,UPFC_tse,5-15,-2.145904702437837,85,-2.1510341493100755,MAP_PMU,147,0.005129446872238486
0,x_tcsc,1-14,-0.13717736614004175,86,-0.13716283505255114,MAP_PMU,147,1.4531087490610162e-05
1,B_svc,2,0.2879376379436621,86,0.28791956504071137,MAP_PMU,147,1.8072902950749814e-05
2,UPFC_Vsh,5-15,1.1045519003081004,86,1.1050088222453598,MAP_PMU,147,0.00045692193725943575
3,UPFC_tsh,5-15,-0.22716067473531157,86,-0.22711178619308,MAP_PMU,147,4.888854223156214e-05
4,UPFC_Vse,5-15,0.06096188616710161,86,0.06117941678335211,MAP_PMU,147,0.00021753061625050252
5,UPFC_tse,5-15,-2.1502219965626646,86,-2.1510341493100755,MAP_PMU,147,0.0008121527474109769
0,x_tcsc,1-14,-0.13719141687437858,87,-0.13716283505255114,MAP_PMU,147,2.858182182743918e-05
1,B_svc,2,0.2876244397176534,87,0.28791956504071137,MAP_PMU,147,0.00029512532305797645
2,UPFC_Vsh,5-15,1.1043859457403014,87,1.1050088222453598,MAP_PMU,147,0.000622876505058434
3,UPFC_tsh,5-15,-0.2270823381937936,87,-0.22711178619308,MAP_PMU,147,2.944799928641939e-05
4,UPFC_Vse,5-15,0.060399289283300434,87,0.06117941678335211,MAP_PMU,147,0.0007801275000516791
5,UPFC_tse,5-15,-2.143228334874435,87,-2.1510341493100755,MAP_PMU,147,0.007805814435640546
0,x_tcsc,1-14,-0.13717746439578885,88,-0.13716283505255114,MAP_PMU,147,1.4629343237704262e-05
1,B_svc,2,0.2877859160269313,88,0.28791956504071137,MAP_PMU,147,0.00013364901378004612
2,UPFC_Vsh,5-15,1.1042139838471698,88,1.1050088222453598,MAP_PMU,147,0.0007948383981899454
3,UPFC_tsh,5-15,-0.22706329337446327,88,-0.22711178619308,MAP_PMU,147,4.849281861674104e-05
4,UPFC_Vse,5-15,0.060254291701307035,88,0.06117941678335211,MAP_PMU,147,0.0009251250820450779
5,UPFC_tse,5-15,-2.141838987630348,88,-2.1510341493100755,MAP_PMU,147,0.009195161679727448
0,x_tcsc,1-14,-0.13716815891440673,89,-0.13716283505255114,MAP_PMU,147,5.323861855588419e-06
1,B_svc,2,0.2880773464067349,89,0.28791956504071137,MAP_PMU,147,0.00015778136602351278
2,UPFC_Vsh,5-15,1.1043642660650674,89,1.1050088222453598,MAP_PMU,147,0.000644556180292355
3,UPFC_tsh,5-15,-0.22709193430895938,89,-0.22711178619308,MAP_PMU,147,1.985188412062522e-05
4,UPFC_Vse,5-15,0.06024573848161341,89,0.06117941678335211,MAP_PMU,147,0.0009336783017387038
5,UPFC_tse,5-15,-2.1399668206766713,89,-2.1510341493100755,MAP_PMU,147,0.011067328633404205
0,x_tcsc,1-14,-0.13718722430925862,90,-0.13716283505255114,MAP_PMU,147,2.4389256707474383e-05
1,B_svc,2,0.28795076055387975,90,0.28791956504071137,MAP_PMU,147,3.119551316838054e-05
2,UPFC_Vsh,5-15,1.104170359688804,90,1.1050088222453598,MAP_PMU,147,0.0008384625565558412
3,UPFC_tsh,5-15,-0.22707566780408722,90,-0.22711178619308,MAP_PMU,147,3.611838899278408e-05
4,UPFC_Vse,5-15,0.060696641502865835,90,0.06117941678335211,MAP_PMU,147,0.0004827752804862778
5,UPFC_tse,5-15,-2.1495524976410776,90,-2.1510341493100755,MAP_PMU,147,0.0014816516689979409
0,x_tcsc,1-14,-0.13719912223338038,91,-0.13716283505255114,MAP_PMU,147,3.628718082923643e-05
1,B_svc,2,0.2877350344387025,91,0.28791956504071137,MAP_PMU,147,0.00018453060200884774
2,UPFC_Vsh,5-15,1.1041168126313115,91,1.1050088222453598,MAP_PMU,147,0.0008920096140483391
3,UPFC_tsh,5-15,-0.22721688058540476,91,-0.22711178619308,MAP_PMU,147,0.00010509439232475604
4,UPFC_Vse,5-15,0.06025766795844608,91,0.06117941678335211,MAP_PMU,147,0.0009217488249060324
5,UPFC_tse,5-15,-2.1594436142237097,91,-2.1510341493100755,MAP_PMU,147,0.008409464913634146
0,x_tcsc,1-14,-0.1372152786618553,92,-0.13716283505255114,MAP_PMU,147,5.244360930414804e-05
1,B_svc,2,0.2873650945531503,92,0.28791956504071137,MAP_PMU,147,0.0005544704875610762
2,UPFC_Vsh,5-15,1.1043332464264664,92,1.1050088222453598,MAP_PMU,147,0.0006755758188934369
3,UPFC_tsh,5-15,-0.22705217896496008,92,-0.22711178619308,MAP_PMU,147,5.960722811992891e-05
4,UPFC_Vse,5-15,0.059903791079979035,92,0.06117941678335211,MAP_PMU,147,0.0012756257033730775
5,UPFC_tse,5-15,-2.1474917836018603,92,-2.1510341493100755,MAP_PMU,147,0.0035423657082152005
0,x_tcsc,1-14,-0.1371854449614553,93,-0.13716283505255114,MAP_PMU,147,2.2609908904153153e-05
1,B_svc,2,0.2879202532962199,93,0.28791956504071137,MAP_PMU,147,6.882555085296893e-07
2,UPFC_Vsh,5-15,1.1046601953747213,93,1.1050088222453598,MAP_PMU,147,0.00034862687063852427
3,UPFC_tsh,5-15,-0.22703267293350465,93,-0.22711178619308,MAP_PMU,147,7.911325957535298e-05
4,UPFC_Vse,5-15,0.06011397431927017,93,0.06117941678335211,MAP_PMU,147,0.0010654424640819393
5,UPFC_tse,5-15,-2.150162178616805,93,-2.1510341493100755,MAP_PMU,147,0.0008719706932707183
0,x_tcsc,1-14,-0.1372025067175171,94,-0.13716283505255114,MAP_PMU,147,3.9671664965962306e-05
1,B_svc,2,0.28855284918997415,94,0.28791956504071137,MAP_PMU,147,0.0006332841492627805
2,UPFC_Vsh,5-15,1.1041473883894726,94,1.1050088222453598,MAP_PMU,147,0.000861433855887217
3,UPFC_tsh,5-15,-0.22710960664587185,94,-0.22711178619308,MAP_PMU,147,2.1795472081587164e-06
4,UPFC_Vse,5-15,0.06049100856170812,94,0.06117941678335211,MAP_PMU,147,0.0006884082216439893
5,UPFC_tse,5-15,-2.1564959731277025,94,-2.1510341493100755,MAP_PMU,147,0.005461823817626943
0,x_tcsc,1-14,-0.1371848608536293,95,-0.13716283505255114,MAP_PMU,147,2.2025801078157103e-05
1,B_svc,2,0.288400200727855,95,0.28791956504071137,MAP_PMU,147,0.0004806356871436268
2,UPFC_Vsh,5-15,1.10449979607533,95,1.1050088222453598,MAP_PMU,147,0.0005090261700297916
3,UPFC_tsh,5-15,-0.22710964685403018,95,-0.22711178619308,MAP_PMU,147,2.139339049828104e-06
4,UPFC_Vse,5-15,0.060134750520867586,95,0.06117941678335211,MAP_PMU,147,0.0010446662624845268
5,UPFC_tse,5-15,-2.146794029902873,95,-2.1510341493100755,MAP_PMU,147,0.004240119407202592
0,x_tcsc,1-14,-0.13717940565819503,96,-0.13716283505255114,MAP_PMU,147,1.657060564388968e-05
1,B_svc,2,0.2875438674109842,96,0.28791956504071137,MAP_PMU,147,0.00037569762972716747
2,UPFC_Vsh,5-15,1.104450956768099,96,1.1050088222453598,MAP_PMU,147,0.0005578654772608882
3,UPFC_tsh,5-15,-0.2271014104723966,96,-0.22711178619308,MAP_PMU,147,1.0375720683408751e-05
4,UPFC_Vse,5-15,0.06032526710871399,96,0.06117941678335211,MAP_PMU,147,0.0008541496746381216
5,UPFC_tse,5-15,-2.153496831575036,96,-2.1510341493100755,MAP_PMU,147,0.002462682264960492
0,x_tcsc,1-14,-0.13720765882644323,97,-0.13716283505255114,MAP_PMU,147,4.482377389208869e-05
1,B_svc,2,0.28731026872487725,97,0.28791956504071137,MAP_PMU,147,0.000609296315834118
2,UPFC_Vsh,5-15,1.104001357381631,97,1.1050088222453598,MAP_PMU,147,0.0010074648637288242
3,UPFC_tsh,5-15,-0.22723277689258572,97,-0.22711178619308,MAP_PMU,147,0.00012099069950571861
4,UPFC_Vse,5-15,0.06080157915898124,97,0.06117941678335211,MAP_PMU,147,0.00037783762437087337
5,UPFC_tse,5-15,-2.154770184040714,97,-2.1510341493100755,MAP_PMU,147,0.003736034730638327
0,x_tcsc,1-14,-0.13719298278549866,98,-0.13716283505255114,MAP_PMU,147,3.014773294751638e-05
1,B_svc,2,0.28765938606760705,98,0.28791956504071137,MAP_PMU,147,0.00026017897310431914
2,UPFC_Vsh,5-15,1.1043743641060655,98,1.1050088222453598,MAP_PMU,147,0.0006344581392943027
3,UPFC_tsh,5-15,-0.22712963586597915,98,-0.22711178619308,MAP_PMU,147,1.7849672899139524e-05
4,UPFC_Vse,5-15,0.06055132126208843,98,0.06117941678335211,MAP_PMU,147,0.0006280955212636802
5,UPFC_tse,5-15,-2.143918867235163,98,-2.1510341493100755,MAP_PMU,147,0.007115282074912521
0,x_tcsc,1-14,-0.1372045685708718,99,-0.13716283505255114,MAP_PMU,147,4.173351832065242e-05
1,B_svc,2,0.2874356312152988,99,0.28791956504071137,MAP_PMU,147,0.0004839338254125636
2,UPFC_Vsh,5-15,1.1043536786817543,99,1.1050088222453598,MAP_PMU,147,0.0006551435636055203
3,UPFC_tsh,5-15,-0.22715714865025366,99,-0.22711178619308,MAP_PMU,147,4.536245717365328e-05
4,UPFC_Vse,5-15,0.060389962032505545,99,0.06117941678335211,MAP_PMU,147,0.0007894547508465674
5,UPFC_tse,5-15,-2.1521033626212507,99,-2.1510341493100755,MAP_PMU,147,0.0010692133111751545
0,x_tcsc,1-14,-0.13893694046859925,0,-0.13892526450872753,MAP_PMU,149,1.1675959871726427e-05
1,B_svc,2,0.2964846959132793,0,0.2967760944150117,MAP_PMU,149,0.00029139850173237614
2,UPFC_Vsh,5-15,1.1043874430613523,0,1.1056299415067286,MAP_PMU,149,0.0012424984453762722
3,UPFC_tsh,5-15,-0.22665561026813158,0,-0.22669776368492817,MAP_PMU,149,4.215341679658646e-05
4,UPFC_Vse,5-15,0.05990359370304631,0,0.05931217972465815,MAP_PMU,149,0.0005914139783881542
5,UPFC_tse,5-15,-2.1446771432155356,0,-2.1341749635969207,MAP_PMU,149,0.010502179618614882
0,x_tcsc,1-14,-0.1389137072970464,1,-0.13892526450872753,MAP_PMU,149,1.1557211681112456e-05
1,B_svc,2,0.29654294405844916,1,0.2967760944150117,MAP_PMU,149,0.00023315035656251704
2,UPFC_Vsh,5-15,1.1041074220427036,1,1.1056299415067286,MAP_PMU,149,0.0015225194640249295
3,UPFC_tsh,5-15,-0.22674841999276565,1,-0.22669776368492817,MAP_PMU,149,5.065630783748776e-05
4,UPFC_Vse,5-15,0.05930269666619111,1,0.05931217972465815,MAP_PMU,149,9.483058467041339e-06
5,UPFC_tse,5-15,-2.147769370307426,1,-2.1341749635969207,MAP_PMU,149,0.013594406710505158
0,x_tcsc,1-14,-0.13894251061106105,2,-0.13892526450872753,MAP_PMU,149,1.724610233352908e-05
1,B_svc,2,0.2971356735801377,2,0.2967760944150117,MAP_PMU,149,0.0003595791651260227
2,UPFC_Vsh,5-15,1.104365134499719,2,1.1056299415067286,MAP_PMU,149,0.001264807007009594
3,UPFC_tsh,5-15,-0.22682504574603243,2,-0.22669776368492817,MAP_PMU,149,0.00012728206110426687
4,UPFC_Vse,5-15,0.060137730879996076,2,0.05931217972465815,MAP_PMU,149,0.0008255511553379238
5,UPFC_tse,5-15,-2.1434807605098696,2,-2.1341749635969207,MAP_PMU,149,0.00930579691294886
0,x_tcsc,1-14,-0.13894075378076737,3,-0.13892526450872753,MAP_PMU,149,1.5489272039842517e-05
1,B_svc,2,0.29648159531422325,3,0.2967760944150117,MAP_PMU,149,0.0002944991007884368
2,UPFC_Vsh,5-15,1.1048623632204266,3,1.1056299415067286,MAP_PMU,149,0.0007675782863019176
3,UPFC_tsh,5-15,-0.2266493681529962,3,-0.22669776368492817,MAP_PMU,149,4.839553193197732e-05
4,UPFC_Vse,5-15,0.0599734833834905,3,0.05931217972465815,MAP_PMU,149,0.0006613036588323448
5,UPFC_tse,5-15,-2.1473351807605763,3,-2.1341749635969207,MAP_PMU,149,0.013160217163655563
0,x_tcsc,1-14,-0.13895267862086705,4,-0.13892526450872753,MAP_PMU,149,2.7414112139523272e-05
1,B_svc,2,0.29651279519479895,4,0.2967760944150117,MAP_PMU,149,0.00026329922021273156
2,UPFC_Vsh,5-15,1.10452245353751,4,1.1056299415067286,MAP_PMU,149,0.0011074879692185569
3,UPFC_tsh,5-15,-0.22665815713600182,4,-0.22669776368492817,MAP_PMU,149,3.960654892634641e-05
4,UPFC_Vse,5-15,0.05970411269551591,4,0.05931217972465815,MAP_PMU,149,0.00039193297085775985
5,UPFC_tse,5-15,-2.1491129038901113,4,-2.1341749635969207,MAP_PMU,149,0.014937940293190621
0,x_tcsc,1-14,-0.13891516645531904,5,-0.13892526450872753,MAP_PMU,149,1.0098053408486019e-05
1,B_svc,2,0.2967771472839442,5,0.2967760944150117,MAP_PMU,149,1.05286893253842e-06
2,UPFC_Vsh,5-15,1.1041136843695438,5,1.1056299415067286,MAP_PMU,149,0.0015162571371847289
3,UPFC_tsh,5-15,-0.22680694908553106,5,-0.22669776368492817,MAP_PMU,149,0.00010918540060289583
4,UPFC_Vse,5-15,0.06031056593144156,5,0.05931217972465815,MAP_PMU,149,0.0009983862067834068
5,UPFC_tse,5-15,-2.1440746379756654,5,-2.1341749635969207,MAP_PMU,149,0.009899674378744727
0,x_tcsc,1-14,-0.13893366103992505,6,-0.13892526450872753,MAP_PMU,149,8.39653119752426e-06
1,B_svc,2,0.29663413670036115,6,0.2967760944150117,MAP_PMU,149,0.0001419577146505313
2,UPFC_Vsh,5-15,1.1048162870638765,6,1.1056299415067286,MAP_PMU,149,0.0008136544428520853
3,UPFC_tsh,5-15,-0.22674323005087665,6,-0.22669776368492817,MAP_PMU,149,4.546636594848774e-05
4,UPFC_Vse,5-15,0.05972737862928752,6,0.05931217972465815,MAP_PMU,149,0.00041519890462937
5,UPFC_tse,5-15,-2.142218725501324,6,-2.1341749635969207,MAP_PMU,149,0.008043761904403368
0,x_tcsc,1-14,-0.13892780494025728,7,-0.13892526450872753,MAP_PMU,149,2.5404315297516966e-06
1,B_svc,2,0.29680954817120664,7,0.2967760944150117,MAP_PMU,149,3.345375619495661e-05
2,UPFC_Vsh,5-15,1.1042817156727176,7,1.1056299415067286,MAP_PMU,149,0.001348225834010952
3,UPFC_tsh,5-15,-0.2267596086860719,7,-0.22669776368492817,MAP_PMU,149,6.184500114372882e-05
4,UPFC_Vse,5-15,0.059831975815582764,7,0.05931217972465815,MAP_PMU,149,0.000519796090924611
5,UPFC_tse,5-15,-2.1475032093085744,7,-2.1341749635969207,MAP_PMU,149,0.013328245711653697
0,x_tcsc,1-14,-0.138934421126635,8,-0.13892526450872753,MAP_PMU,149,9.156617907485343e-06
1,B_svc,2,0.2966737701988008,8,0.2967760944150117,MAP_PMU,149,0.00010232421621086951
2,UPFC_Vsh,5-15,1.1045036516499536,8,1.1056299415067286,MAP_PMU,149,0.0011262898567749868
3,UPFC_tsh,5-15,-0.22677887946972716,8,-0.22669776368492817,MAP_PMU,149,8.111578479899628e-05
4,UPFC_Vse,5-15,0.0599440466661331,8,0.05931217972465815,MAP_PMU,149,0.0006318669414749484
5,UPFC_tse,5-15,-2.151611155144079,8,-2.1341749635969207,MAP_PMU,149,0.017436191547158142
0,x_tcsc,1-14,-0.13893411892334914,9,-0.13892526450872753,MAP_PMU,149,8.854414621617401e-06
1,B_svc,2,0.2964518002781826,9,0.2967760944150117,MAP_PMU,149,0.00032429413682910635
2,UPFC_Vsh,5-15,1.1041584417040726,9,1.1056299415067286,MAP_PMU,149,0.001471499802655929
3,UPFC_tsh,5-15,-0.22676293221350133,9,-0.22669776368492817,MAP_PMU,149,6.51685285731618e-05
4,UPFC_Vse,5-15,0.060174870439579094,9,0.05931217972465815,MAP_PMU,149,0.0008626907149209412
5,UPFC_tse,5-15,-2.151827759864973,9,-2.1341749635969207,MAP_PMU,149,0.017652796268052384
0,x_tcsc,1-14,-0.1389353861379422,10,-0.13892526450872753,MAP_PMU,149,1.0121629214682182e-05
1,B_svc,2,0.2970421788522695,10,0.2967760944150117,MAP_PMU,149,0.0002660844372578408
2,UPFC_Vsh,5-15,1.1044207281479193,10,1.1056299415067286,MAP_PMU,149,0.0012092133588093024
3,UPFC_tsh,5-15,-0.22675400425323478,10,-0.22669776368492817,MAP_PMU,149,5.624056830660917e-05
4,UPFC_Vse,5-15,0.06022931606611099,10,0.05931217972465815,MAP_PMU,149,0.0009171363414528372
5,UPFC_tse,5-15,-2.1514486272953,10,-2.1341749635969207,MAP_PMU,149,0.017273663698379238
0,x_tcsc,1-14,-0.13892961120759423,11,-0.13892526450872753,MAP_PMU,149,4.346698866702914e-06
1,B_svc,2,0.2966492943613776,11,0.2967760944150117,MAP_PMU,149,0.00012680005363407965
2,UPFC_Vsh,5-15,1.1040916245953323,11,1.1056299415067286,MAP_PMU,149,0.0015383169113962758
3,UPFC_tsh,5-15,-0.22679050762120656,11,-0.22669776368492817,MAP_PMU,149,9.274393627839439e-05
4,UPFC_Vse,5-15,0.06009723484407381,11,0.05931217972465815,MAP_PMU,149,0.0007850551194156577
5,UPFC_tse,5-15,-2.151116540758599,11,-2.1341749635969207,MAP_PMU,149,0.0169415771616781
0,x_tcsc,1-14,-0.13892191493987363,12,-0.13892526450872753,MAP_PMU,149,3.349568853894258e-06
1,B_svc,2,0.2971432042716,12,0.2967760944150117,MAP_PMU,149,0.0003671098565883324
2,UPFC_Vsh,5-15,1.1043008819047988,12,1.1056299415067286,MAP_PMU,149,0.0013290596019297496
3,UPFC_tsh,5-15,-0.22671031888205234,12,-0.22669776368492817,MAP_PMU,149,1.2555197124175521e-05
4,UPFC_Vse,5-15,0.05937071265380152,12,0.05931217972465815,MAP_PMU,149,5.853292914336644e-05
5,UPFC_tse,5-15,-2.1561671837897656,12,-2.1341749635969207,MAP_PMU,149,0.021992220192844858
0,x_tcsc,1-14,-0.13893245776580634,13,-0.13892526450872753,MAP_PMU,149,7.193257078819126e-06
1,B_svc,2,0.29724389522471767,13,0.2967760944150117,MAP_PMU,149,0.00046780080970598714
2,UPFC_Vsh,5-15,1.1049345957607983,13,1.1056299415067286,MAP_PMU,149,0.0006953457459302204
3,UPFC_tsh,5-15,-0.22674747506904783,13,-0.22669776368492817,MAP_PMU,149,4.9711384119660584e-05
4,UPFC_Vse,5-15,0.059573232064161014,13,0.05931217972465815,MAP_PMU,149,0.00026105233950286105
5,UPFC_tse,5-15,-2.1427595829536923,13,-2.1341749635969207,MAP_PMU,149,0.008584619356771572
0,x_tcsc,1-14,-0.1389349578321597,14,-0.13892526450872753,MAP_PMU,149,9.693323432174994e-06
1,B_svc,2,0.29681248786304004,14,0.2967760944150117,MAP_PMU,149,3.639344802836009e-05
2,UPFC_Vsh,5-15,1.1040647097769536,14,1.1056299415067286,MAP_PMU,149,0.001565231729774963
3,UPFC_tsh,5-15,-0.22683130588611963,14,-0.22669776368492817,MAP_PMU,149,0.00013354220119146665
4,UPFC_Vse,5-15,0.06007097200180764,14,0.05931217972465815,MAP_PMU,149,0.0007587922771494851
5,UPFC_tse,5-15,-2.1446068454641,14,-2.1341749635969207,MAP_PMU,149,0.01043188186717936
0,x_tcsc,1-14,-0.1389144470581994,15,-0.13892526450872753,MAP_PMU,149,1.0817450528138872e-05
1,B_svc,2,0.296649378341192,15,0.2967760944150117,MAP_PMU,149,0.0001267160738196993
2,UPFC_Vsh,5-15,1.1041955655747389,15,1.1056299415067286,MAP_PMU,149,0.0014343759319896954
3,UPFC_tsh,5-15,-0.22677305580665458,15,-0.22669776368492817,MAP_PMU,149,7.529212172641131e-05
4,UPFC_Vse,5-15,0.060024942767243,15,0.05931217972465815,MAP_PMU,149,0.0007127630425848505
5,UPFC_tse,5-15,-2.1467068142381587,15,-2.1341749635969207,MAP_PMU,149,0.012531850641237963
0,x_tcsc,1-14,-0.13890006002473546,16,-0.13892526450872753,MAP_PMU,149,2.5204483992069537e-05
1,B_svc,2,0.29718237090372596,16,0.2967760944150117,MAP_PMU,149,0.00040627648871427446
2,UPFC_Vsh,5-15,1.1040795884906174,16,1.1056299415067286,MAP_PMU,149,0.0015503530161111723
3,UPFC_tsh,5-15,-0.22674995620960578,16,-0.22669776368492817,MAP_PMU,149,5.219252467761337e-05
4,UPFC_Vse,5-15,0.05969102234224556,16,0.05931217972465815,MAP_PMU,149,0.00037884261758740906
5,UPFC_tse,5-15,-2.1547677197932895,16,-2.1341749635969207,MAP_PMU,149,0.0205927561963688
0,x_tcsc,1-14,-0.13893075389600112,17,-0.13892526450872753,MAP_PMU,149,5.489387273599489e-06
1,B_svc,2,0.2972395164568253,17,0.2967760944150117,MAP_PMU,149,0.00046342204181359925
2,UPFC_Vsh,5-15,1.104141102133186,17,1.1056299415067286,MAP_PMU,149,0.0014888393735426053
3,UPFC_tsh,5-15,-0.22674888113880304,17,-0.22669776368492817,MAP_PMU,149,5.1117453874871543e-05
4,UPFC_Vse,5-15,0.05996511442519253,17,0.05931217972465815,MAP_PMU,149,0.0006529347005343744
5,UPFC_tse,5-15,-2.149923748299117,17,-2.1341749635969207,MAP_PMU,149,0.015748784702196428
0,x_tcsc,1-14,-0.13893102323305936,18,-0.13892526450872753,MAP_PMU,149,5.758724331839105e-06
1,B_svc,2,0.29715603370103505,18,0.2967760944150117,MAP_PMU,149,0.00037993928602336746
2,UPFC_Vsh,5-15,1.1045530661729037,18,1.1056299415067286,MAP_PMU,149,0.0010768753338248338
3,UPFC_tsh,5-15,-0.22671212092801193,18,-0.22669776368492817,MAP_PMU,149,1.4357243083767957e-05
4,UPFC_Vse,5-15,0.06026490323803853,18,0.05931217972465815,MAP_PMU,149,0.0009527235133803755
5,UPFC_tse,5-15,-2.143882724331695,18,-2.1341749635969207,MAP_PMU,149,0.009707760734774418
0,x_tcsc,1-14,-0.13893051541048765,19,-0.13892526450872753,MAP_PMU,149,5.250901760123217e-06
1,B_svc,2,0.296835585968995,19,0.2967760944150117,MAP_PMU,149,5.9491553983326284e-05
2,UPFC_Vsh,5-15,1.1045368693905426,19,1.1056299415067286,MAP_PMU,149,0.0010930721161859225
3,UPFC_tsh,5-15,-0.2267390616917831,19,-0.22669776368492817,MAP_PMU,149,4.129800685492846e-05
4,UPFC_Vse,5-15,0.05993468014640642,19,0.05931217972465815,MAP_PMU,149,0.0006225004217482663
5,UPFC_tse,5-15,-2.148682999907629,19,-2.1341749635969207,MAP_PMU,149,0.014508036310708405
0,x_tcsc,1-14,-0.13891970515233693,20,-0.13892526450872753,MAP_PMU,149,5.55935639059979e-06
1,B_svc,2,0.29708276489172186,20,0.2967760944150117,MAP_PMU,149,0.0003066704767101802
2,UPFC_Vsh,5-15,1.104389886485947,20,1.1056299415067286,MAP_PMU,149,0.0012400550207816163
3,UPFC_tsh,5-15,-0.22674133743367025,20,-0.22669776368492817,MAP_PMU,149,4.3573748742087304e-05
4,UPFC_Vse,5-15,0.06020358158553911,20,0.05931217972465815,MAP_PMU,149,0.0008914018608809568
5,UPFC_tse,5-15,-2.15394518370271,20,-2.1341749635969207,MAP_PMU,149,0.019770220105789438
0,x_tcsc,1-14,-0.13892934062375495,21,-0.13892526450872753,MAP_PMU,149,4.076115027423777e-06
1,B_svc,2,0.29688447553775316,21,0.2967760944150117,MAP_PMU,149,0.00010838112274147438
2,UPFC_Vsh,5-15,1.1044976471246069,21,1.1056299415067286,MAP_PMU,149,0.0011322943821217013
3,UPFC_tsh,5-15,-0.22677091049858858,21,-0.22669776368492817,MAP_PMU,149,7.314681366041298e-05
4,UPFC_Vse,5-15,0.06041206357028675,21,0.05931217972465815,MAP_PMU,149,0.0010998838456285978
5,UPFC_tse,5-15,-2.154353275551229,21,-2.1341749635969207,MAP_PMU,149,0.020178311954308192
0,x_tcsc,1-14,-0.13893618361772672,22,-0.13892526450872753,MAP_PMU,149,1.091910899919668e-05
1,B_svc,2,0.29699557665046905,22,0.2967760944150117,MAP_PMU,149,0.0002194822354573689
2,UPFC_Vsh,5-15,1.1043406860537655,22,1.1056299415067286,MAP_PMU,149,0.0012892554529631006
3,UPFC_tsh,5-15,-0.2268387561264706,22,-0.22669776368492817,MAP_PMU,149,0.0001409924415424202
4,UPFC_Vse,5-15,0.059707062795953184,22,0.05931217972465815,MAP_PMU,149,0.00039488307129503103
5,UPFC_tse,5-15,-2.1438657786019917,22,-2.1341749635969207,MAP_PMU,149,0.009690815005070963
0,x_tcsc,1-14,-0.13893813527252427,23,-0.13892526450872753,MAP_PMU,149,1.2870763796746232e-05
1,B_svc,2,0.2968326595600028,23,0.2967760944150117,MAP_PMU,149,5.656514499113863e-05
2,UPFC_Vsh,5-15,1.104539979804722,23,1.1056299415067286,MAP_PMU,149,0.0010899617020065921
3,UPFC_tsh,5-15,-0.2266675726932746,23,-0.22669776368492817,MAP_PMU,149,3.019099165357808e-05
4,UPFC_Vse,5-15,0.05977099037632847,23,0.05931217972465815,MAP_PMU,149,0.00045881065167031887
5,UPFC_tse,5-15,-2.1329644374284054,23,-2.1341749635969207,MAP_PMU,149,0.0012105261685153579
0,x_tcsc,1-14,-0.13893119145550165,24,-0.13892526450872753,MAP_PMU,149,5.926946774120756e-06
1,B_svc,2,0.296949154000594,24,0.2967760944150117,MAP_PMU,149,0.0001730595855823358
2,UPFC_Vsh,5-15,1.1042485630252497,24,1.1056299415067286,MAP_PMU,149,0.001381378481478901
3,UPFC_tsh,5-15,-0.2267176308762851,24,-0.22669776368492817,MAP_PMU,149,1.9867191356937042e-05
4,UPFC_Vse,5-15,0.06016389815748203,24,0.05931217972465815,MAP_PMU,149,0.0008517184328238753
5,UPFC_tse,5-15,-2.143630032138709,24,-2.1341749635969207,MAP_PMU,149,0.009455068541788236
0,x_tcsc,1-14,-0.13891214844893288,25,-0.13892526450872753,MAP_PMU,149,1.3116059794648915e-05
1,B_svc,2,0.29632259937858607,25,0.2967760944150117,MAP_PMU,149,0.00045349503642561073
2,UPFC_Vsh,5-15,1.1039308956484741,25,1.1056299415067286,MAP_PMU,149,0.0016990458582544221
3,UPFC_tsh,5-15,-0.22685960225794657,25,-0.22669776368492817,MAP_PMU,149,0.00016183857301840798
4,UPFC_Vse,5-15,0.060040347175017564,25,0.05931217972465815,MAP_PMU,149,0.0007281674503594113
5,UPFC_tse,5-15,-2.1578082243690133,25,-2.1341749635969207,MAP_PMU,149,0.0236332607720926
0,x_tcsc,1-14,-0.13894365606379824,26,-0.13892526450872753,MAP_PMU,149,1.8391555070718102e-05
1,B_svc,2,0.2966662371025805,26,0.2967760944150117,MAP_PMU,149,0.00010985731243118302
2,UPFC_Vsh,5-15,1.1044431454818533,26,1.1056299415067286,MAP_PMU,149,0.0011867960248752585
3,UPFC_tsh,5-15,-0.22675208028193353,26,-0.22669776368492817,MAP_PMU,149,5.431659700536051e-05
4,UPFC_Vse,5-15,0.059909221520500114,26,0.05931217972465815,MAP_PMU,149,0.0005970417958419613
5,UPFC_tse,5-15,-2.1372991018864225,26,-2.1341749635969207,MAP_PMU,149,0.0031241382895017544
0,x_tcsc,1-14,-0.1389139581284883,27,-0.13892526450872753,MAP_PMU,149,1.1306380239217706e-05
1,B_svc,2,0.29685949474127915,27,0.2967760944150117,MAP_PMU,149,8.340032626746874e-05
2,UPFC_Vsh,5-15,1.1043480106486008,27,1.1056299415067286,MAP_PMU,149,0.0012819308581277777
3,UPFC_tsh,5-15,-0.22668308692841313,27,-0.22669776368492817,MAP_PMU,149,1.4676756515036304e-05
4,UPFC_Vse,5-15,0.05956035547244304,27,0.05931217972465815,MAP_PMU,149,0.0002481757477848859
5,UPFC_tse,5-15,-2.135950244506308,27,-2.1341749635969207,MAP_PMU,149,0.0017752809093871669
0,x_tcsc,1-14,-0.1389292463398235,28,-0.13892526450872753,MAP_PMU,149,3.981831095983823e-06
1,B_svc,2,0.2967941634308853,28,0.2967760944150117,MAP_PMU,149,1.8069015873645178e-05
2,UPFC_Vsh,5-15,1.1044736386598752,28,1.1056299415067286,MAP_PMU,149,0.0011563028468533076
3,UPFC_tsh,5-15,-0.22665668316215393,28,-0.22669776368492817,MAP_PMU,149,4.108052277423946e-05
4,UPFC_Vse,5-15,0.05998951908326505,28,0.05931217972465815,MAP_PMU,149,0.0006773393586069001
5,UPFC_tse,5-15,-2.1394443768739158,28,-2.1341749635969207,MAP_PMU,149,0.005269413276995039
0,x_tcsc,1-14,-0.13891566306291434,29,-0.13892526450872753,MAP_PMU,149,9.60144581318989e-06
1,B_svc,2,0.2968678863072173,29,0.2967760944150117,MAP_PMU,149,9.179189220559492e-05
2,UPFC_Vsh,5-15,1.1041936085368003,29,1.1056299415067286,MAP_PMU,149,0.001436332969928289
3,UPFC_tsh,5-15,-0.22678844036075163,29,-0.22669776368492817,MAP_PMU,149,9.06766758234645e-05
4,UPFC_Vse,5-15,0.059885862356284354,29,0.05931217972465815,MAP_PMU,149,0.0005736826316262017
5,UPFC_tse,5-15,-2.146618768435015,29,-2.1341749635969207,MAP_PMU,149,0.012443804838094152
0,x_tcsc,1-14,-0.13892884310095532,30,-0.13892526450872753,MAP_PMU,149,3.5785922277986604e-06
1,B_svc,2,0.29711701616923375,30,0.2967760944150117,MAP_PMU,149,0.0003409217542220677
2,UPFC_Vsh,5-15,1.1045171801178786,30,1.1056299415067286,MAP_PMU,149,0.0011127613888499699
3,UPFC_tsh,5-15,-0.22675107772715236,30,-0.22669776368492817,MAP_PMU,149,5.331404222419511e-05
4,UPFC_Vse,5-15,0.05973200891732389,30,0.05931217972465815,MAP_PMU,149,0.0004198291926657341
5,UPFC_tse,5-15,-2.146660242343083,30,-2.1341749635969207,MAP_PMU,149,0.012485278746162454
0,x_tcsc,1-14,-0.13892745110264715,31,-0.13892526450872753,MAP_PMU,149,2.186593919623059e-06
1,B_svc,2,0.2966035932357958,31,0.2967760944150117,MAP_PMU,149,0.00017250117921585595
2,UPFC_Vsh,5-15,1.1045652436344577,31,1.1056299415067286,MAP_PMU,149,0.0010646978722708145
3,UPFC_tsh,5-15,-0.22667571235286052,31,-0.22669776368492817,MAP_PMU,149,2.2051332067646312e-05
4,UPFC_Vse,5-15,0.05997622876132263,31,0.05931217972465815,MAP_PMU,149,0.0006640490366644769
5,UPFC_tse,5-15,-2.1405567721827854,31,-2.1341749635969207,MAP_PMU,149,0.006381808585864679
0,x_tcsc,1-14,-0.1389070739330778,32,-0.13892526450872753,MAP_PMU,149,1.8190575649723595e-05
1,B_svc,2,0.29668651030450993,32,0.2967760944150117,MAP_PMU,149,8.95841105017503e-05
2,UPFC_Vsh,5-15,1.1042684857660359,32,1.1056299415067286,MAP_PMU,149,0.0013614557406926853
3,UPFC_tsh,5-15,-0.22673511805379948,32,-0.22669776368492817,MAP_PMU,149,3.735436887131183e-05
4,UPFC_Vse,5-15,0.059929085067222776,32,0.05931217972465815,MAP_PMU,149,0.0006169053425646234
5,UPFC_tse,5-15,-2.142591708297605,32,-2.1341749635969207,MAP_PMU,149,0.008416744700684209
0,x_tcsc,1-14,-0.13892763516669482,33,-0.13892526450872753,MAP_PMU,149,2.3706579672932993e-06
1,B_svc,2,0.296923199215482,33,0.2967760944150117,MAP_PMU,149,0.00014710480047031016
2,UPFC_Vsh,5-15,1.1038178143570425,33,1.1056299415067286,MAP_PMU,149,0.001812127149686038
3,UPFC_tsh,5-15,-0.22677144523349624,33,-0.22669776368492817,MAP_PMU,149,7.368154856807196e-05
4,UPFC_Vse,5-15,0.0599054418046097,33,0.05931217972465815,MAP_PMU,149,0.0005932620799515495
5,UPFC_tse,5-15,-2.1599393624854613,33,-2.1341749635969207,MAP_PMU,149,0.02576439888854054
0,x_tcsc,1-14,-0.1389123689037298,34,-0.13892526450872753,MAP_PMU,149,1.2895604997731347e-05
1,B_svc,2,0.2969701997351661,34,0.2967760944150117,MAP_PMU,149,0.00019410532015440296
2,UPFC_Vsh,5-15,1.104650475412816,34,1.1056299415067286,MAP_PMU,149,0.0009794660939126398
3,UPFC_tsh,5-15,-0.22662197429741313,34,-0.22669776368492817,MAP_PMU,149,7.578938751504061e-05
4,UPFC_Vse,5-15,0.05967946405687295,34,0.05931217972465815,MAP_PMU,149,0.0003672843322147998
5,UPFC_tse,5-15,-2.146587777637677,34,-2.1341749635969207,MAP_PMU,149,0.012412814040756448
0,x_tcsc,1-14,-0.1389391988768065,35,-0.13892526450872753,MAP_PMU,149,1.3934368078977188e-05
1,B_svc,2,0.2969153552775164,35,0.2967760944150117,MAP_PMU,149,0.0001392608625047087
2,UPFC_Vsh,5-15,1.104135690150186,35,1.1056299415067286,MAP_PMU,149,0.0014942513565425752
3,UPFC_tsh,5-15,-0.2267711385191636,35,-0.22669776368492817,MAP_PMU,149,7.337483423544566e-05
4,UPFC_Vse,5-15,0.05977926846212673,35,0.05931217972465815,MAP_PMU,149,0.0004670887374685767
5,UPFC_tse,5-15,-2.148665608396665,35,-2.1341749635969207,MAP_PMU,149,0.014490644799744157
0,x_tcsc,1-14,-0.1389180585362608,36,-0.13892526450872753,MAP_PMU,149,7.205972466728383e-06
1,B_svc,2,0.2967109243233647,36,0.2967760944150117,MAP_PMU,149,6.517009164697107e-05
2,UPFC_Vsh,5-15,1.1043533557267964,36,1.1056299415067286,MAP_PMU,149,0.0012765857799321711
3,UPFC_tsh,5-15,-0.22671755993299883,36,-0.22669776368492817,MAP_PMU,149,1.9796248070663713e-05
4,UPFC_Vse,5-15,0.059437454224758074,36,0.05931217972465815,MAP_PMU,149,0.00012527450009992142
5,UPFC_tse,5-15,-2.1450582680897954,36,-2.1341749635969207,MAP_PMU,149,0.010883304492874668
0,x_tcsc,1-14,-0.13891783187492118,37,-0.13892526450872753,MAP_PMU,149,7.4326338063424036e-06
1,B_svc,2,0.2965240118143573,37,0.2967760944150117,MAP_PMU,149,0.0002520826006544019
2,UPFC_Vsh,5-15,1.1043248702845188,37,1.1056299415067286,MAP_PMU,149,0.001305071222209797
3,UPFC_tsh,5-15,-0.22685024675814766,37,-0.22669776368492817,MAP_PMU,149,0.00015248307321949484
4,UPFC_Vse,5-15,0.060221743458616236,37,0.05931217972465815,MAP_PMU,149,0.0009095637339580839
5,UPFC_tse,5-15,-2.1540541722132147,37,-2.1341749635969207,MAP_PMU,149,0.019879208616293997
0,x_tcsc,1-14,-0.13892586364659765,38,-0.13892526450872753,MAP_PMU,149,5.991378701220018e-07
1,B_svc,2,0.29678443053237613,38,0.2967760944150117,MAP_PMU,149,8.33611736444917e-06
2,UPFC_Vsh,5-15,1.1042809183236904,38,1.1056299415067286,MAP_PMU,149,0.0013490231830382005
3,UPFC_tsh,5-15,-0.22670689062516486,38,-0.22669776368492817,MAP_PMU,149,9.12694023669225e-06
4,UPFC_Vse,5-15,0.059888761825337304,38,0.05931217972465815,MAP_PMU,149,0.0005765821006791516
5,UPFC_tse,5-15,-2.148201370497618,38,-2.1341749635969207,MAP_PMU,149,0.014026406900697452
0,x_tcsc,1-14,-0.13893119794453862,39,-0.13892526450872753,MAP_PMU,149,5.933435811095178e-06
1,B_svc,2,0.2961666544697218,39,0.2967760944150117,MAP_PMU,149,0.0006094399452898913
2,UPFC_Vsh,5-15,1.104636708055837,39,1.1056299415067286,MAP_PMU,149,0.0009932334508915286
3,UPFC_tsh,5-15,-0.22672834852352627,39,-0.22669776368492817,MAP_PMU,149,3.058483859810779e-05
4,UPFC_Vse,5-15,0.05969467858711882,39,0.05931217972465815,MAP_PMU,149,0.00038249886246066733
5,UPFC_tse,5-15,-2.147371029363081,39,-2.1341749635969207,MAP_PMU,149,0.013196065766160281
0,x_tcsc,1-14,-0.138938828502751,40,-0.13892526450872753,MAP_PMU,149,1.3563994023468862e-05
1,B_svc,2,0.2967398614913639,40,0.2967760944150117,MAP_PMU,149,3.623292364779429e-05
2,UPFC_Vsh,5-15,1.1041566217618946,40,1.1056299415067286,MAP_PMU,149,0.0014733197448340007
3,UPFC_tsh,5-15,-0.22677592807841063,40,-0.22669776368492817,MAP_PMU,149,7.816439348246051e-05
4,UPFC_Vse,5-15,0.0600710128665901,40,0.05931217972465815,MAP_PMU,149,0.0007588331419319458
5,UPFC_tse,5-15,-2.147103532708246,40,-2.1341749635969207,MAP_PMU,149,0.012928569111325228
0,x_tcsc,1-14,-0.13892478538809264,41,-0.13892526450872753,MAP_PMU,149,4.791206348886412e-07
1,B_svc,2,0.2969252498614122,41,0.2967760944150117,MAP_PMU,149,0.00014915544640053957
2,UPFC_Vsh,5-15,1.1043338361745396,41,1.1056299415067286,MAP_PMU,149,0.0012961053321889349
3,UPFC_tsh,5-15,-0.2267522217858596,41,-0.22669776368492817,MAP_PMU,149,5.4458100931437103e-05
4,UPFC_Vse,5-15,0.05973465267486088,41,0.05931217972465815,MAP_PMU,149,0.0004224729502027291
5,UPFC_tse,5-15,-2.1435987626484465,41,-2.1341749635969207,MAP_PMU,149,0.009423799051525794
0,x_tcsc,1-14,-0.13893274186757879,42,-0.13892526450872753,MAP_PMU,149,7.4773588512599964e-06
1,B_svc,2,0.29672322802300416,42,0.2967760944150117,MAP_PMU,149,5.28663920075223e-05
2,UPFC_Vsh,5-15,1.1045037886401514,42,1.1056299415067286,MAP_PMU,149,0.0011261528665771348
3,UPFC_tsh,5-15,-0.22670822967481113,42,-0.22669776368492817,MAP_PMU,149,1.046598988296843e-05
4,UPFC_Vse,5-15,0.06002780285390596,42,0.05931217972465815,MAP_PMU,149,0.0007156231292478055
5,UPFC_tse,5-15,-2.142450451060266,42,-2.1341749635969207,MAP_PMU,149,0.008275487463345499
0,x_tcsc,1-14,-0.13893902808039713,43,-0.13892526450872753,MAP_PMU,149,1.3763571669600516e-05
1,B_svc,2,0.29707674789390515,43,0.2967760944150117,MAP_PMU,149,0.0003006534788934645
2,UPFC_Vsh,5-15,1.1043654993753296,43,1.1056299415067286,MAP_PMU,149,0.0012644421313989795
3,UPFC_tsh,5-15,-0.22666800320007352,43,-0.22669776368492817,MAP_PMU,149,2.976048485464622e-05
4,UPFC_Vse,5-15,0.05939815500050378,43,0.05931217972465815,MAP_PMU,149,8.597527584562614e-05
5,UPFC_tse,5-15,-2.134380226413683,43,-2.1341749635969207,MAP_PMU,149,0.0002052628167623638
0,x_tcsc,1-14,-0.13892060330094558,44,-0.13892526450872753,MAP_PMU,149,4.661207781947452e-06
1,B_svc,2,0.2967295259129787,44,0.2967760944150117,MAP_PMU,149,4.656850203299534e-05
2,UPFC_Vsh,5-15,1.1046957853772412,44,1.1056299415067286,MAP_PMU,149,0.0009341561294873291
3,UPFC_tsh,5-15,-0.22667308111881912,44,-0.22669776368492817,MAP_PMU,149,2.4682566109046622e-05
4,UPFC_Vse,5-15,0.06002879033157063,44,0.05931217972465815,MAP_PMU,149,0.0007166106069124781
5,UPFC_tse,5-15,-2.143648628952885,44,-2.1341749635969207,MAP_PMU,149,0.009473665355964389
0,x_tcsc,1-14,-0.13892953450055426,45,-0.13892526450872753,MAP_PMU,149,4.269991826733044e-06
1,B_svc,2,0.2965428323756702,45,0.2967760944150117,MAP_PMU,149,0.00023326203934148637
2,UPFC_Vsh,5-15,1.1044516756396148,45,1.1056299415067286,MAP_PMU,149,0.0011782658671137813
3,UPFC_tsh,5-15,-0.22666856931908497,45,-0.22669776368492817,MAP_PMU,149,2.9194365843199233e-05
4,UPFC_Vse,5-15,0.05970976834589007,45,0.05931217972465815,MAP_PMU,149,0.0003975886212319174
5,UPFC_tse,5-15,-2.1525317013909393,45,-2.1341749635969207,MAP_PMU,149,0.018356737794018585
0,x_tcsc,1-14,-0.1389259803951204,46,-0.13892526450872753,MAP_PMU,149,7.158863928879988e-07
1,B_svc,2,0.296581212196799,46,0.2967760944150117,MAP_PMU,149,0.00019488221821267748
2,UPFC_Vsh,5-15,1.1046828400522495,46,1.1056299415067286,MAP_PMU,149,0.0009471014544790712
3,UPFC_tsh,5-15,-0.22671866145751088,46,-0.22669776368492817,MAP_PMU,149,2.089777258271197e-05
4,UPFC_Vse,5-15,0.05993937900299099,46,0.05931217972465815,MAP_PMU,149,0.0006271992783328378
5,UPFC_tse,5-15,-2.1353835020577074,46,-2.1341749635969207,MAP_PMU,149,0.0012085384607867233
0,x_tcsc,1-14,-0.1389472710807192,47,-0.13892526450872753,MAP_PMU,149,2.2006571991667334e-05
1,B_svc,2,0.29682273799558073,47,0.2967760944150117,MAP_PMU,149,4.664358056905016e-05
2,UPFC_Vsh,5-15,1.1045641166275322,47,1.1056299415067286,MAP_PMU,149,0.0010658248791963754
3,UPFC_tsh,5-15,-0.2266718099637789,47,-0.22669776368492817,MAP_PMU,149,2.595372114927441e-05
4,UPFC_Vse,5-15,0.0592830327323828,47,0.05931217972465815,MAP_PMU,149,2.914699227535289e-05
5,UPFC_tse,5-15,-2.1445198690395597,47,-2.1341749635969207,MAP_PMU,149,0.010344905442638996
0,x_tcsc,1-14,-0.1389495310708786,48,-0.13892526450872753,MAP_PMU,149,2.4266562151070703e-05
1,B_svc,2,0.2969743354780372,48,0.2967760944150117,MAP_PMU,149,0.00019824106302551714
2,UPFC_Vsh,5-15,1.1044491579490738,48,1.1056299415067286,MAP_PMU,149,0.0011807835576547188
3,UPFC_tsh,5-15,-0.22673583449006232,48,-0.22669776368492817,MAP_PMU,149,3.807080513415495e-05
4,UPFC_Vse,5-15,0.06018001159813455,48,0.05931217972465815,MAP_PMU,149,0.0008678318734763948
5,UPFC_tse,5-15,-2.1546624326567834,48,-2.1341749635969207,MAP_PMU,149,0.02048746905986265
0,x_tcsc,1-14,-0.1389121366759915,49,-0.13892526450872753,MAP_PMU,149,1.3127832736020695e-05
1,B_svc,2,0.29649277306371863,49,0.2967760944150117,MAP_PMU,149,0.00028332135129305325
2,UPFC_Vsh,5-15,1.1042630257191555,49,1.1056299415067286,MAP_PMU,149,0.0013669157875730864
3,UPFC_tsh,5-15,-0.22671454233677799,49,-0.22669776368492817,MAP_PMU,149,1.6778651849819193e-05
4,UPFC_Vse,5-15,0.05975621747651088,49,0.05931217972465815,MAP_PMU,149,0.0004440377518527272
5,UPFC_tse,5-15,-2.1341219100392568,49,-2.1341749635969207,MAP_PMU,149,5.3053557663940154e-05
0,x_tcsc,1-14,-0.13891450328227287,50,-0.13892526450872753,MAP_PMU,149,1.0761226454658601e-05
1,B_svc,2,0.29711699747236214,50,0.2967760944150117,MAP_PMU,149,0.0003409030573504612
2,UPFC_Vsh,5-15,1.1043506570094674,50,1.1056299415067286,MAP_PMU,149,0.0012792844972611128
3,UPFC_tsh,5-15,-0.22676411144237862,50,-0.22669776368492817,MAP_PMU,149,6.634775745045784e-05
4,UPFC_Vse,5-15,0.06021847510747233,50,0.05931217972465815,MAP_PMU,149,0.0009062953828141776
5,UPFC_tse,5-15,-2.1568712976849707,50,-2.1341749635969207,MAP_PMU,149,0.02269633408804994
0,x_tcsc,1-14,-0.13893605336110415,51,-0.13892526450872753,MAP_PMU,149,1.0788852376625302e-05
1,B_svc,2,0.2968126775453327,51,0.2967760944150117,MAP_PMU,149,3.658313032101068e-05
2,UPFC_Vsh,5-15,1.10408573226913,51,1.1056299415067286,MAP_PMU,149,0.0015442092375985705
3,UPFC_tsh,5-15,-0.2267270885964443,51,-0.22669776368492817,MAP_PMU,149,2.9324911516137586e-05
4,UPFC_Vse,5-15,0.060098053497062105,51,0.05931217972465815,MAP_PMU,149,0.0007858737724039527
5,UPFC_tse,5-15,-2.152477442675728,51,-2.1341749635969207,MAP_PMU,149,0.01830247907880711
0,x_tcsc,1-14,-0.1389342755031619,52,-0.13892526450872753,MAP_PMU,149,9.010994434371922e-06
1,B_svc,2,0.29724519013601014,52,0.2967760944150117,MAP_PMU,149,0.0004690957209984581
2,UPFC_Vsh,5-15,1.1047353725233502,52,1.1056299415067286,MAP_PMU,149,0.0008945689833783632
3,UPFC_tsh,5-15,-0.22675380311523938,52,-0.22669776368492817,MAP_PMU,149,5.603943031121106e-05
4,UPFC_Vse,5-15,0.059760085910938364,52,0.05931217972465815,MAP_PMU,149,0.0004479061862802114
5,UPFC_tse,5-15,-2.155938539049043,52,-2.1341749635969207,MAP_PMU,149,0.021763575452122375
0,x_tcsc,1-14,-0.1389418851072609,53,-0.13892526450872753,MAP_PMU,149,1.662059853338449e-05
1,B_svc,2,0.2967562103077068,53,0.2967760944150117,MAP_PMU,149,1.9884107304857235e-05
2,UPFC_Vsh,5-15,1.1043414791453268,53,1.1056299415067286,MAP_PMU,149,0.0012884623614017876
3,UPFC_tsh,5-15,-0.2267629309831401,53,-0.22669776368492817,MAP_PMU,149,6.516729821193223e-05
4,UPFC_Vse,5-15,0.059826375286971704,53,0.05931217972465815,MAP_PMU,149,0.0005141955623135519
5,UPFC_tse,5-15,-2.142703286238683,53,-2.1341749635969207,MAP_PMU,149,0.008528322641762287
0,x_tcsc,1-14,-0.13892166780602813,54,-0.13892526450872753,MAP_PMU,149,3.5967026993932727e-06
1,B_svc,2,0.2970486320894936,54,0.2967760944150117,MAP_PMU,149,0.0002725376744819319
2,UPFC_Vsh,5-15,1.1044951790671107,54,1.1056299415067286,MAP_PMU,149,0.0011347624396178535
3,UPFC_tsh,5-15,-0.2267687798861513,54,-0.22669776368492817,MAP_PMU,149,7.101620122312857e-05
4,UPFC_Vse,5-15,0.06015953181385757,54,0.05931217972465815,MAP_PMU,149,0.0008473520891994143
5,UPFC_tse,5-15,-2.145594527426502,54,-2.1341749635969207,MAP_PMU,149,0.011419563829581314
0,x_tcsc,1-14,-0.13889228288766145,55,-0.13892526450872753,MAP_PMU,149,3.298162106607494e-05
1,B_svc,2,0.29700252289497764,55,0.2967760944150117,MAP_PMU,149,0.0002264284799659566
2,UPFC_Vsh,5-15,1.1044689732063906,55,1.1056299415067286,MAP_PMU,149,0.0011609683003379612
3,UPFC_tsh,5-15,-0.22673256548186094,55,-0.22669776368492817,MAP_PMU,149,3.4801796932770745e-05
4,UPFC_Vse,5-15,0.059661389789732136,55,0.05931217972465815,MAP_PMU,149,0.0003492100650739835
5,UPFC_tse,5-15,-2.140168938566948,55,-2.1341749635969207,MAP_PMU,149,0.005993974970027072
0,x_tcsc,1-14,-0.1389238397436611,56,-0.13892526450872753,MAP_PMU,149,1.4247650664267475e-06
1,B_svc,2,0.2967713393995914,56,0.2967760944150117,MAP_PMU,149,4.755015420299102e-06
2,UPFC_Vsh,5-15,1.1044962035146582,56,1.1056299415067286,MAP_PMU,149,0.0011337379920703938
3,UPFC_tsh,5-15,-0.22671989924490443,56,-0.22669776368492817,MAP_PMU,149,2.213555997626626e-05
4,UPFC_Vse,5-15,0.05963038136533286,56,0.05931217972465815,MAP_PMU,149,0.00031820164067470486
5,UPFC_tse,5-15,-2.1344581778369447,56,-2.1341749635969207,MAP_PMU,149,0.00028321424002397677
0,x_tcsc,1-14,-0.13892745214348956,57,-0.13892526450872753,MAP_PMU,149,2.1876347620353176e-06
1,B_svc,2,0.29700831582381954,57,0.2967760944150117,MAP_PMU,149,0.00023222140880785336
2,UPFC_Vsh,5-15,1.1043735291244579,57,1.1056299415067286,MAP_PMU,149,0.0012564123822706996
3,UPFC_tsh,5-15,-0.22674975518270413,57,-0.22669776368492817,MAP_PMU,149,5.199149777596057e-05
4,UPFC_Vse,5-15,0.06002762978657585,57,0.05931217972465815,MAP_PMU,149,0.0007154500619176996
5,UPFC_tse,5-15,-2.1415376753472946,57,-2.1341749635969207,MAP_PMU,149,0.00736271175037384
0,x_tcsc,1-14,-0.1389308407835639,58,-0.13892526450872753,MAP_PMU,149,5.576274836383011e-06
1,B_svc,2,0.29645593388039193,58,0.2967760944150117,MAP_PMU,149,0.00032016053461975114
2,UPFC_Vsh,5-15,1.1045818971391477,58,1.1056299415067286,MAP_PMU,149,0.0010480443675808804
3,UPFC_tsh,5-15,-0.22665190802638058,58,-0.22669776368492817,MAP_PMU,149,4.5855658547588884e-05
4,UPFC_Vse,5-15,0.05932016334278823,58,0.05931217972465815,MAP_PMU,149,7.983618130077974e-06
5,UPFC_tse,5-15,-2.1420621475346233,58,-2.1341749635969207,MAP_PMU,149,0.007887183937702602
0,x_tcsc,1-14,-0.13890186253657666,59,-0.13892526450872753,MAP_PMU,149,2.3401972150866035e-05
1,B_svc,2,0.29702120190367554,59,0.2967760944150117,MAP_PMU,149,0.0002451074886638538
2,UPFC_Vsh,5-15,1.104613307214909,59,1.1056299415067286,MAP_PMU,149,0.0010166342918196403
3,UPFC_tsh,5-15,-0.22671558496002925,59,-0.22669776368492817,MAP_PMU,149,1.7821275101082e-05
4,UPFC_Vse,5-15,0.060031470128308013,59,0.05931217972465815,MAP_PMU,149,0.000719290403649861
5,UPFC_tse,5-15,-2.1493232258483883,59,-2.1341749635969207,MAP_PMU,149,0.015148262251467592
0,x_tcsc,1-14,-0.13891850948996468,60,-0.13892526450872753,MAP_PMU,149,6.755018762849563e-06
1,B_svc,2,0.296688931259709,60,0.2967760944150117,MAP_PMU,149,8.716315530266083e-05
2,UPFC_Vsh,5-15,1.1048673489411982,60,1.1056299415067286,MAP_PMU,149,0.0007625925655303512
3,UPFC_tsh,5-15,-0.2266581896320701,60,-0.22669776368492817,MAP_PMU,149,3.95740528580657e-05
4,UPFC_Vse,5-15,0.059556917839285885,60,0.05931217972465815,MAP_PMU,149,0.0002447381146277322
5,UPFC_tse,5-15,-2.138533281520999,60,-2.1341749635969207,MAP_PMU,149,0.004358317924078481
0,x_tcsc,1-14,-0.13892245444297333,61,-0.13892526450872753,MAP_PMU,149,2.81006575419962e-06
1,B_svc,2,0.29676480230542873,61,0.2967760944150117,MAP_PMU,149,1.1292109582949905e-05
2,UPFC_Vsh,5-15,1.1046250072499295,61,1.1056299415067286,MAP_PMU,149,0.0010049342567990394
3,UPFC_tsh,5-15,-0.2266933441953969,61,-0.22669776368492817,MAP_PMU,149,4.4194895312543725e-06
4,UPFC_Vse,5-15,0.0593486372674022,61,0.05931217972465815,MAP_PMU,149,3.645754274404778e-05
5,UPFC_tse,5-15,-2.140039155434612,61,-2.1341749635969207,MAP_PMU,149,0.005864191837691379
0,x_tcsc,1-14,-0.1389271303866872,62,-0.13892526450872753,MAP_PMU,149,1.8658779596669728e-06
1,B_svc,2,0.29714878025336744,62,0.2967760944150117,MAP_PMU,149,0.0003726858383557574
2,UPFC_Vsh,5-15,1.104141074352932,62,1.1056299415067286,MAP_PMU,149,0.0014888671537964804
3,UPFC_tsh,5-15,-0.2268032715331954,62,-0.22669776368492817,MAP_PMU,149,0.00010550784826723891
4,UPFC_Vse,5-15,0.05988095700321739,62,0.05931217972465815,MAP_PMU,149,0.0005687772785592377
5,UPFC_tse,5-15,-2.1551942880380075,62,-2.1341749635969207,MAP_PMU,149,0.021019324441086784
0,x_tcsc,1-14,-0.138943417453728,63,-0.13892526450872753,MAP_PMU,149,1.815294500048803e-05
1,B_svc,2,0.2967353768163713,63,0.2967760944150117,MAP_PMU,149,4.0717598640382935e-05
2,UPFC_Vsh,5-15,1.1042730189957786,63,1.1056299415067286,MAP_PMU,149,0.0013569225109499872
3,UPFC_tsh,5-15,-0.22674500956960897,63,-0.22669776368492817,MAP_PMU,149,4.724588468080215e-05
4,UPFC_Vse,5-15,0.06012797075750751,63,0.05931217972465815,MAP_PMU,149,0.0008157910328493584
5,UPFC_tse,5-15,-2.1428020242287933,63,-2.1341749635969207,MAP_PMU,149,0.008627060631872574
0,x_tcsc,1-14,-0.13895084887811346,64,-0.13892526450872753,MAP_PMU,149,2.558436938593367e-05
1,B_svc,2,0.2969886436297801,64,0.2967760944150117,MAP_PMU,149,0.00021254921476843158
2,UPFC_Vsh,5-15,1.104526477079894,64,1.1056299415067286,MAP_PMU,149,0.0011034644268346216
3,UPFC_tsh,5-15,-0.22671590654167031,64,-0.22669776368492817,MAP_PMU,149,1.8142856742148217e-05
4,UPFC_Vse,5-15,0.059664971196077984,64,0.05931217972465815,MAP_PMU,149,0.00035279147141983186
5,UPFC_tse,5-15,-2.13731152572379,64,-2.1341749635969207,MAP_PMU,149,0.00313656212686908
0,x_tcsc,1-14,-0.13891278359165582,65,-0.13892526450872753,MAP_PMU,149,1.248091707170551e-05
1,B_svc,2,0.29714850252534736,65,0.2967760944150117,MAP_PMU,149,0.0003724081103356758
2,UPFC_Vsh,5-15,1.1042406990868467,65,1.1056299415067286,MAP_PMU,149,0.0013892424198818087
3,UPFC_tsh,5-15,-0.22675191024606908,65,-0.22669776368492817,MAP_PMU,149,5.414656114091643e-05
4,UPFC_Vse,5-15,0.060033646259063,65,0.05931217972465815,MAP_PMU,149,0.0007214665344048507
5,UPFC_tse,5-15,-2.1473444711746903,65,-2.1341749635969207,MAP_PMU,149,0.01316950757776958
0,x_tcsc,1-14,-0.1389319751694362,66,-0.13892526450872753,MAP_PMU,149,6.71066070867532e-06
1,B_svc,2,0.2972280095913125,66,0.2967760944150117,MAP_PMU,149,0.0004519151763008322
2,UPFC_Vsh,5-15,1.1045408321601464,66,1.1056299415067286,MAP_PMU,149,0.0010891093465821289
3,UPFC_tsh,5-15,-0.22675870185669622,66,-0.22669776368492817,MAP_PMU,149,6.0938171768054605e-05
4,UPFC_Vse,5-15,0.059336694997924745,66,0.05931217972465815,MAP_PMU,149,2.451527326659264e-05
5,UPFC_tse,5-15,-2.1495999290468717,66,-2.1341749635969207,MAP_PMU,149,0.015424965449950978
0,x_tcsc,1-14,-0.13893892627846002,67,-0.13892526450872753,MAP_PMU,149,1.3661769732498108e-05
1,B_svc,2,0.2976570378510237,67,0.2967760944150117,MAP_PMU,149,0.0008809434360120272
2,UPFC_Vsh,5-15,1.1042233307376612,67,1.1056299415067286,MAP_PMU,149,0.0014066107690673402
3,UPFC_tsh,5-15,-0.22664948810382157,67,-0.22669776368492817,MAP_PMU,149,4.82755811065938e-05
4,UPFC_Vse,5-15,0.05961842657542742,67,0.05931217972465815,MAP_PMU,149,0.0003062468507692706
5,UPFC_tse,5-15,-2.144904743019085,67,-2.1341749635969207,MAP_PMU,149,0.010729779422164132
0,x_tcsc,1-14,-0.13893287547324384,68,-0.13892526450872753,MAP_PMU,149,7.610964516319152e-06
1,B_svc,2,0.297022748062686,68,0.2967760944150117,MAP_PMU,149,0.00024665364767434417
2,UPFC_Vsh,5-15,1.1043198125408393,68,1.1056299415067286,MAP_PMU,149,0.0013101289658892235
3,UPFC_tsh,5-15,-0.22674434198624244,68,-0.22669776368492817,MAP_PMU,149,4.6578301314270654e-05
4,UPFC_Vse,5-15,0.05997345270142814,68,0.05931217972465815,MAP_PMU,149,0.0006612729767699888
5,UPFC_tse,5-15,-2.1440327605379834,68,-2.1341749635969207,MAP_PMU,149,0.009857796941062702
0,x_tcsc,1-14,-0.13893307800868931,69,-0.13892526450872753,MAP_PMU,149,7.813499961789594e-06
1,B_svc,2,0.2964195511090053,69,0.2967760944150117,MAP_PMU,149,0.00035654330600637385
2,UPFC_Vsh,5-15,1.1043415321879124,69,1.1056299415067286,MAP_PMU,149,0.0012884093188161305
3,UPFC_tsh,5-15,-0.22674769252380403,69,-0.22669776368492817,MAP_PMU,149,4.99288388758623e-05
4,UPFC_Vse,5-15,0.060266867538031565,69,0.05931217972465815,MAP_PMU,149,0.000954687813373413
5,UPFC_tse,5-15,-2.152101927502936,69,-2.1341749635969207,MAP_PMU,149,0.017926963906015114
0,x_tcsc,1-14,-0.13892588096411776,70,-0.13892526450872753,MAP_PMU,149,6.164553902343606e-07
1,B_svc,2,0.2964947567149823,70,0.2967760944150117,MAP_PMU,149,0.0002813377000293604
2,UPFC_Vsh,5-15,1.1041312769871232,70,1.1056299415067286,MAP_PMU,149,0.0014986645196053416
3,UPFC_tsh,5-15,-0.22672478859401946,70,-0.22669776368492817,MAP_PMU,149,2.702490909128885e-05
4,UPFC_Vse,5-15,0.059669843291333395,70,0.05931217972465815,MAP_PMU,149,0.00035766356667524257
5,UPFC_tse,5-15,-2.150096337161487,70,-2.1341749635969207,MAP_PMU,149,0.015921373564566466
0,x_tcsc,1-14,-0.13891844727719438,71,-0.13892526450872753,MAP_PMU,149,6.817231533146062e-06
1,B_svc,2,0.2967456371478001,71,0.2967760944150117,MAP_PMU,149,3.045726721156994e-05
2,UPFC_Vsh,5-15,1.1043005350760606,71,1.1056299415067286,MAP_PMU,149,0.0013294064306679232
3,UPFC_tsh,5-15,-0.2267826601255693,71,-0.22669776368492817,MAP_PMU,149,8.489644064113566e-05
4,UPFC_Vse,5-15,0.059948569614923244,71,0.05931217972465815,MAP_PMU,149,0.0006363898902650919
5,UPFC_tse,5-15,-2.1414749622357183,71,-2.1341749635969207,MAP_PMU,149,0.0072999986387976
0,x_tcsc,1-14,-0.138935961060387,72,-0.13892526450872753,MAP_PMU,149,1.0696551659472586e-05
1,B_svc,2,0.29707357254972605,72,0.2967760944150117,MAP_PMU,149,0.00029747813471436846
2,UPFC_Vsh,5-15,1.1044614130761363,72,1.1056299415067286,MAP_PMU,149,0.0011685284305922305
3,UPFC_tsh,5-15,-0.22676765239747954,72,-0.22669776368492817,MAP_PMU,149,6.988871255136919e-05
4,UPFC_Vse,5-15,0.06001793071614216,72,0.05931217972465815,MAP_PMU,149,0.000705750991484004
5,UPFC_tse,5-15,-2.155346760011267,72,-2.1341749635969207,MAP_PMU,149,0.0211717964143463
0,x_tcsc,1-14,-0.13891665314092022,73,-0.13892526450872753,MAP_PMU,149,8.611367807304093e-06
1,B_svc,2,0.2966137188895536,73,0.2967760944150117,MAP_PMU,149,0.00016237552545805833
2,UPFC_Vsh,5-15,1.1044009195093942,73,1.1056299415067286,MAP_PMU,149,0.001229021997334323
3,UPFC_tsh,5-15,-0.226711467268117,73,-0.22669776368492817,MAP_PMU,149,1.3703583188834356e-05
4,UPFC_Vse,5-15,0.05955411738493834,73,0.05931217972465815,MAP_PMU,149,0.00024193766028018926
5,UPFC_tse,5-15,-2.1437506554446992,73,-2.1341749635969207,MAP_PMU,149,0.009575691847778511
0,x_tcsc,1-14,-0.13892818337170884,74,-0.13892526450872753,MAP_PMU,149,2.9188629813159395e-06
1,B_svc,2,0.2972246093207572,74,0.2967760944150117,MAP_PMU,149,0.0004485149057455451
2,UPFC_Vsh,5-15,1.10408816733776,74,1.1056299415067286,MAP_PMU,149,0.0015417741689685016
3,UPFC_tsh,5-15,-0.22676434780223992,74,-0.22669776368492817,MAP_PMU,149,6.658411731175207e-05
4,UPFC_Vse,5-15,0.060316818140927375,74,0.05931217972465815,MAP_PMU,149,0.0010046384162692226
5,UPFC_tse,5-15,-2.1515250155211465,74,-2.1341749635969207,MAP_PMU,149,0.017350051924225784
0,x_tcsc,1-14,-0.13892256582972146,75,-0.13892526450872753,MAP_PMU,149,2.6986790060690158e-06
1,B_svc,2,0.2967187158355572,75,0.2967760944150117,MAP_PMU,149,5.7378579454481216e-05
2,UPFC_Vsh,5-15,1.1042101390648087,75,1.1056299415067286,MAP_PMU,149,0.0014198024419198596
3,UPFC_tsh,5-15,-0.22677262619357702,75,-0.22669776368492817,MAP_PMU,149,7.486250864885413e-05
4,UPFC_Vse,5-15,0.06039710749342202,75,0.05931217972465815,MAP_PMU,149,0.0010849277687638645
5,UPFC_tse,5-15,-2.1439886019903307,75,-2.1341749635969207,MAP_PMU,149,0.009813638393409985
0,x_tcsc,1-14,-0.13892069477071614,76,-0.13892526450872753,MAP_PMU,149,4.56973801138405e-06
1,B_svc,2,0.29717326469729927,76,0.2967760944150117,MAP_PMU,149,0.00039717028228758444
2,UPFC_Vsh,5-15,1.1043463425407138,76,1.1056299415067286,MAP_PMU,149,0.0012835989660147096
3,UPFC_tsh,5-15,-0.22676143881789018,76,-0.22669776368492817,MAP_PMU,149,6.367513296201555e-05
4,UPFC_Vse,5-15,0.0602983999602538,76,0.05931217972465815,MAP_PMU,149,0.00098622023559565
5,UPFC_tse,5-15,-2.1471691791776113,76,-2.1341749635969207,MAP_PMU,149,0.012994215580690582
0,x_tcsc,1-14,-0.13893359752735784,77,-0.13892526450872753,MAP_PMU,149,8.333018630318767e-06
1,B_svc,2,0.29641706122882105,77,0.2967760944150117,MAP_PMU,149,0.0003590331861906271
2,UPFC_Vsh,5-15,1.104486714968342,77,1.1056299415067286,MAP_PMU,149,0.0011432265383866103
3,UPFC_tsh,5-15,-0.22676489169992275,77,-0.22669776368492817,MAP_PMU,149,6.712801499458854e-05
4,UPFC_Vse,5-15,0.05957601450807207,77,0.05931217972465815,MAP_PMU,149,0.0002638347834139146
5,UPFC_tse,5-15,-2.1469167227202273,77,-2.1341749635969207,MAP_PMU,149,0.01274175912330655
0,x_tcsc,1-14,-0.1389467776067643,78,-0.13892526450872753,MAP_PMU,149,2.1513098036773926e-05
1,B_svc,2,0.29649979351949296,78,0.2967760944150117,MAP_PMU,149,0.00027630089551872183
2,UPFC_Vsh,5-15,1.1046217591347687,78,1.1056299415067286,MAP_PMU,149,0.001008182371959876
3,UPFC_tsh,5-15,-0.22671175166233715,78,-0.22669776368492817,MAP_PMU,149,1.3987977408980168e-05
4,UPFC_Vse,5-15,0.05946816333451254,78,0.05931217972465815,MAP_PMU,149,0.00015598360985438764
5,UPFC_tse,5-15,-2.1453552429799028,78,-2.1341749635969207,MAP_PMU,149,0.01118027938298205
0,x_tcsc,1-14,-0.1389150697880775,79,-0.13892526450872753,MAP_PMU,149,1.0194720650030797e-05
1,B_svc,2,0.29634730223998584,79,0.2967760944150117,MAP_PMU,149,0.00042879217502583833
2,UPFC_Vsh,5-15,1.1047453013536364,79,1.1056299415067286,MAP_PMU,149,0.0008846401530921977
3,UPFC_tsh,5-15,-0.2267598624506245,79,-0.22669776368492817,MAP_PMU,149,6.209876569632233e-05
4,UPFC_Vse,5-15,0.05999440338893094,79,0.05931217972465815,MAP_PMU,149,0.0006822236642727852
5,UPFC_tse,5-15,-2.151782628755961,79,-2.1341749635969207,MAP_PMU,149,0.01760766515904022
0,x_tcsc,1-14,-0.13892497718492602,80,-0.13892526450872753,MAP_PMU,149,2.873238015010937e-07
1,B_svc,2,0.29664891767422746,80,0.2967760944150117,MAP_PMU,149,0.00012717674078421837
2,UPFC_Vsh,5-15,1.1044991313828474,80,1.1056299415067286,MAP_PMU,149,0.0011308101238811652
3,UPFC_tsh,5-15,-0.2267786740370046,80,-0.22669776368492817,MAP_PMU,149,8.091035207644093e-05
4,UPFC_Vse,5-15,0.059722560199496115,80,0.05931217972465815,MAP_PMU,149,0.00041038047483796247
5,UPFC_tse,5-15,-2.151401673290355,80,-2.1341749635969207,MAP_PMU,149,0.017226709693434206
0,x_tcsc,1-14,-0.13890216226697089,81,-0.13892526450872753,MAP_PMU,149,2.3102241756639552e-05
1,B_svc,2,0.29664546270939174,81,0.2967760944150117,MAP_PMU,149,0.00013063170561994353
2,UPFC_Vsh,5-15,1.103919404059196,81,1.1056299415067286,MAP_PMU,149,0.0017105374475325785
3,UPFC_tsh,5-15,-0.22672729371089378,81,-0.22669776368492817,MAP_PMU,149,2.953002596561838e-05
4,UPFC_Vse,5-15,0.06026783601749601,81,0.05931217972465815,MAP_PMU,149,0.0009556562928378573
5,UPFC_tse,5-15,-2.1453211419103866,81,-2.1341749635969207,MAP_PMU,149,0.011146178313465871
0,x_tcsc,1-14,-0.1389235585737506,82,-0.13892526450872753,MAP_PMU,149,1.7059349769199539e-06
1,B_svc,2,0.2969142442603491,82,0.2967760944150117,MAP_PMU,149,0.000138149845337443
2,UPFC_Vsh,5-15,1.1042939958477922,82,1.1056299415067286,MAP_PMU,149,0.001335945658936355
3,UPFC_tsh,5-15,-0.2267337370440349,82,-0.22669776368492817,MAP_PMU,149,3.5973359106739045e-05
4,UPFC_Vse,5-15,0.059872747428138556,82,0.05931217972465815,MAP_PMU,149,0.0005605677034804038
5,UPFC_tse,5-15,-2.1437930663060953,82,-2.1341749635969207,MAP_PMU,149,0.009618102709174625
0,x_tcsc,1-14,-0.13892319953706642,83,-0.13892526450872753,MAP_PMU,149,2.06497166110875e-06
1,B_svc,2,0.2966639138707811,83,0.2967760944150117,MAP_PMU,149,0.00011218054423056678
2,UPFC_Vsh,5-15,1.1042845248307673,83,1.1056299415067286,MAP_PMU,149,0.0013454166759612196
3,UPFC_tsh,5-15,-0.2267761164909215,83,-0.22669776368492817,MAP_PMU,149,7.835280599333139e-05
4,UPFC_Vse,5-15,0.05977855521736652,83,0.05931217972465815,MAP_PMU,149,0.0004663754927083652
5,UPFC_tse,5-15,-2.1431310853083247,83,-2.1341749635969207,MAP_PMU,149,0.00895612171140403
0,x_tcsc,1-14,-0.13896931546508634,84,-0.13892526450872753,MAP_PMU,149,4.4050956358815396e-05
1,B_svc,2,0.2969033890583451,84,0.2967760944150117,MAP_PMU,149,0.0001272946433334421
2,UPFC_Vsh,5-15,1.1043804757705296,84,1.1056299415067286,MAP_PMU,149,0.0012494657361989958
3,UPFC_tsh,5-15,-0.22678189068454943,84,-0.22669776368492817,MAP_PMU,149,8.412699962126458e-05
4,UPFC_Vse,5-15,0.05986526441699165,84,0.05931217972465815,MAP_PMU,149,0.0005530846923334984
5,UPFC_tse,5-15,-2.143578189386069,84,-2.1341749635969207,MAP_PMU,149,0.009403225789148095
0,x_tcsc,1-14,-0.13890002420033948,85,-0.13892526450872753,MAP_PMU,149,2.5240308388047028e-05
1,B_svc,2,0.2963686433220296,85,0.2967760944150117,MAP_PMU,149,0.0004074510929820696
2,UPFC_Vsh,5-15,1.104534864359741,85,1.1056299415067286,MAP_PMU,149,0.0010950771469875331
3,UPFC_tsh,5-15,-0.22671922293745225,85,-0.22669776368492817,MAP_PMU,149,2.1459252524086425e-05
4,UPFC_Vse,5-15,0.05966462841442707,85,0.05931217972465815,MAP_PMU,149,0.0003524486897689208
5,UPFC_tse,5-15,-2.155332042121465,85,-2.1341749635969207,MAP_PMU,149,0.021157078524544293
0,x_tcsc,1-14,-0.13892574617289477,86,-0.13892526450872753,MAP_PMU,149,4.81664167245599e-07
1,B_svc,2,0.29687429002282795,86,0.2967760944150117,MAP_PMU,149,9.819560781626491e-05
2,UPFC_Vsh,5-15,1.1042728684445342,86,1.1056299415067286,MAP_PMU,149,0.0013570730621943472
3,UPFC_tsh,5-15,-0.22673302329666875,86,-0.22669776368492817,MAP_PMU,149,3.525961174058456e-05
4,UPFC_Vse,5-15,0.06040693922570834,86,0.05931217972465815,MAP_PMU,149,0.0010947595010501882
5,UPFC_tse,5-15,-2.14735267650916,86,-2.1341749635969207,MAP_PMU,149,0.013177712912239237
0,x_tcsc,1-14,-0.13891467996649545,87,-0.13892526450872753,MAP_PMU,149,1.0584542232072724e-05
1,B_svc,2,0.29645747362521435,87,0.2967760944150117,MAP_PMU,149,0.00031862078979733033
2,UPFC_Vsh,5-15,1.1039751826278772,87,1.1056299415067286,MAP_PMU,149,0.001654758878851359
3,UPFC_tsh,5-15,-0.2267492204906196,87,-0.22669776368492817,MAP_PMU,149,5.1456805691435514e-05
4,UPFC_Vse,5-15,0.05989829567250399,87,0.05931217972465815,MAP_PMU,149,0.0005861159478458347
5,UPFC_tse,5-15,-2.146281869280499,87,-2.1341749635969207,MAP_PMU,149,0.012106905683578084
0,x_tcsc,1-14,-0.13891850546607842,88,-0.13892526450872753,MAP_PMU,149,6.759042649101543e-06
1,B_svc,2,0.2966210215844503,88,0.2967760944150117,MAP_PMU,149,0.00015507283056137577
2,UPFC_Vsh,5-15,1.104460181437732,88,1.1056299415067286,MAP_PMU,149,0.001169760068996606
3,UPFC_tsh,5-15,-0.22672998183585621,88,-0.22669776368492817,MAP_PMU,149,3.221815092804836e-05
4,UPFC_Vse,5-15,0.05963682968278858,88,0.05931217972465815,MAP_PMU,149,0.00032464995813042546
5,UPFC_tse,5-15,-2.139345646728651,88,-2.1341749635969207,MAP_PMU,149,0.005170683131730414
0,x_tcsc,1-14,-0.13891693250380244,89,-0.13892526450872753,MAP_PMU,149,8.332004925087899e-06
1,B_svc,2,0.29697084820053454,89,0.2967760944150117,MAP_PMU,149,0.00019475378552286093
2,UPFC_Vsh,5-15,1.1042844578947355,89,1.1056299415067286,MAP_PMU,149,0.001345483611993048
3,UPFC_tsh,5-15,-0.22676095214933586,89,-0.22669776368492817,MAP_PMU,149,6.318846440769854e-05
4,UPFC_Vse,5-15,0.06013230855429339,89,0.05931217972465815,MAP_PMU,149,0.0008201288296352388
5,UPFC_tse,5-15,-2.1529625228007525,89,-2.1341749635969207,MAP_PMU,149,0.018787559203831794
0,x_tcsc,1-14,-0.13890689493133138,90,-0.13892526450872753,MAP_PMU,149,1.8369577396148973e-05
1,B_svc,2,0.29686698725248406,90,0.2967760944150117,MAP_PMU,149,9.089283747237831e-05
2,UPFC_Vsh,5-15,1.104362543743532,90,1.1056299415067286,MAP_PMU,149,0.0012673977631965094
3,UPFC_tsh,5-15,-0.22676499885114396,90,-0.22669776368492817,MAP_PMU,149,6.723516621578995e-05
4,UPFC_Vse,5-15,0.060318544204081566,90,0.05931217972465815,MAP_PMU,149,0.0010063644794234133
5,UPFC_tse,5-15,-2.1440590825365864,90,-2.1341749635969207,MAP_PMU,149,0.009884118939665676
0,x_tcsc,1-14,-0.13893283581581822,91,-0.13892526450872753,MAP_PMU,149,7.571307090697976e-06
1,B_svc,2,0.29679882417665976,91,0.2967760944150117,MAP_PMU,149,2.272976164807705e-05
2,UPFC_Vsh,5-15,1.104153180979404,91,1.1056299415067286,MAP_PMU,149,0.0014767605273244833
3,UPFC_tsh,5-15,-0.22673514808508888,91,-0.22669776368492817,MAP_PMU,149,3.738440016071154e-05
4,UPFC_Vse,5-15,0.05964174127013327,91,0.05931217972465815,MAP_PMU,149,0.0003295615454751155
5,UPFC_tse,5-15,-2.151017479766218,91,-2.1341749635969207,MAP_PMU,149,0.016842516169297106
0,x_tcsc,1-14,-0.13892902472593358,92,-0.13892526450872753,MAP_PMU,149,3.7602172060502426e-06
1,B_svc,2,0.29602768663792794,92,0.2967760944150117,MAP_PMU,149,0.0007484077770837372
2,UPFC_Vsh,5-15,1.1044785897704372,92,1.1056299415067286,MAP_PMU,149,0.0011513517362913284
3,UPFC_tsh,5-15,-0.2266677249514918,92,-0.22669776368492817,MAP_PMU,149,3.0038733436377196e-05
4,UPFC_Vse,5-15,0.05953247048790238,92,0.05931217972465815,MAP_PMU,149,0.0002202907632442297
5,UPFC_tse,5-15,-2.140598007928186,92,-2.1341749635969207,MAP_PMU,149,0.006423044331265171
0,x_tcsc,1-14,-0.13892512515737593,93,-0.13892526450872753,MAP_PMU,149,1.39351351596817e-07
1,B_svc,2,0.2971476425418851,93,0.2967760944150117,MAP_PMU,149,0.0003715481268734
2,UPFC_Vsh,5-15,1.1044525533396883,93,1.1056299415067286,MAP_PMU,149,0.001177388167040272
3,UPFC_tsh,5-15,-0.22668425822200217,93,-0.22669776368492817,MAP_PMU,149,1.3505462926000078e-05
4,UPFC_Vse,5-15,0.0597292379492195,93,0.05931217972465815,MAP_PMU,149,0.0004170582245613466
5,UPFC_tse,5-15,-2.147999067612947,93,-2.1341749635969207,MAP_PMU,149,0.013824104016026073
0,x_tcsc,1-14,-0.13889817780181576,94,-0.13892526450872753,MAP_PMU,149,2.708670691176085e-05
1,B_svc,2,0.2971050895987702,94,0.2967760944150117,MAP_PMU,149,0.000328995183758507
2,UPFC_Vsh,5-15,1.1046024780360844,94,1.1056299415067286,MAP_PMU,149,0.0010274634706441965
3,UPFC_tsh,5-15,-0.22664836628831286,94,-0.22669776368492817,MAP_PMU,149,4.9397396615302736e-05
4,UPFC_Vse,5-15,0.05939686589504069,94,0.05931217972465815,MAP_PMU,149,8.468617038253495e-05
5,UPFC_tse,5-15,-2.141086888384878,94,-2.1341749635969207,MAP_PMU,149,0.006911924787957435
0,x_tcsc,1-14,-0.13891334915583614,95,-0.13892526450872753,MAP_PMU,149,1.1915352891384012e-05
1,B_svc,2,0.29691735702039523,95,0.2967760944150117,MAP_PMU,149,0.00014126260538355195
2,UPFC_Vsh,5-15,1.1043868307748688,95,1.1056299415067286,MAP_PMU,149,0.0012431107318597867
3,UPFC_tsh,5-15,-0.22675645007232131,95,-0.22669776368492817,MAP_PMU,149,5.8686387393147577e-05
4,UPFC_Vse,5-15,0.05979920674125186,95,0.05931217972465815,MAP_PMU,149,0.00048702701659370656
5,UPFC_tse,5-15,-2.1543417558603517,95,-2.1341749635969207,MAP_PMU,149,0.020166792263430988
0,x_tcsc,1-14,-0.13893760901357527,96,-0.13892526450872753,MAP_PMU,149,1.2344504847744409e-05
1,B_svc,2,0.29643886907306977,96,0.2967760944150117,MAP_PMU,149,0.0003372253419419158
2,UPFC_Vsh,5-15,1.104231593067107,96,1.1056299415067286,MAP_PMU,149,0.0013983484396216106
3,UPFC_tsh,5-15,-0.22675155503995664,96,-0.22669776368492817,MAP_PMU,149,5.379135502847632e-05
4,UPFC_Vse,5-15,0.05971503798412759,96,0.05931217972465815,MAP_PMU,149,0.000402858259469438
5,UPFC_tse,5-15,-2.154445204804688,96,-2.1341749635969207,MAP_PMU,149,0.020270241207767103
0,x_tcsc,1-14,-0.13892606432895643,97,-0.13892526450872753,MAP_PMU,149,7.998202289083434e-07
1,B_svc,2,0.2961796335765722,97,0.2967760944150117,MAP_PMU,149,0.0005964608384395054
2,UPFC_Vsh,5-15,1.1042538790779814,97,1.1056299415067286,MAP_PMU,149,0.0013760624287471046
3,UPFC_tsh,5-15,-0.22676880559746304,97,-0.22669776368492817,MAP_PMU,149,7.104191253487491e-05
4,UPFC_Vse,5-15,0.05991603474236139,97,0.05931217972465815,MAP_PMU,149,0.0006038550177032351
5,UPFC_tse,5-15,-2.143979522161945,97,-2.1341749635969207,MAP_PMU,149,0.00980455856502438
0,x_tcsc,1-14,-0.138935086032776,98,-0.13892526450872753,MAP_PMU,149,9.82152404846448e-06
1,B_svc,2,0.296493534010557,98,0.2967760944150117,MAP_PMU,149,0.0002825604044546792
2,UPFC_Vsh,5-15,1.1043732360996257,98,1.1056299415067286,MAP_PMU,149,0.001256705407102876
3,UPFC_tsh,5-15,-0.22672076292727827,98,-0.22669776368492817,MAP_PMU,149,2.2999242350107973e-05
4,UPFC_Vse,5-15,0.059898283079995944,98,0.05931217972465815,MAP_PMU,149,0.0005861033553377915
5,UPFC_tse,5-15,-2.135137721791582,98,-2.1341749635969207,MAP_PMU,149,0.0009627581946611841
0,x_tcsc,1-14,-0.13892211214465433,99,-0.13892526450872753,MAP_PMU,149,3.1523640731945246e-06
1,B_svc,2,0.2962089995369939,99,0.2967760944150117,MAP_PMU,149,0.0005670948780177598
2,UPFC_Vsh,5-15,1.104533591206271,99,1.1056299415067286,MAP_PMU,149,0.001096350300457516
3,UPFC_tsh,5-15,-0.22674947058070796,99,-0.22669776368492817,MAP_PMU,149,5.170689577979615e-05
4,UPFC_Vse,5-15,0.059571578368679545,99,0.05931217972465815,MAP_PMU,149,0.00025939864402139273
5,UPFC_tse,5-15,-2.143824661799251,99,-2.1341749635969207,MAP_PMU,149,0.009649698202330192
0,x_tcsc,1-14,-0.13739582575400278,0,-0.13739222511450724,MAP_PMU,151,3.600639495532354e-06
1,B_svc,2,0.2889557310231817,0,0.2891647730129281,MAP_PMU,151,0.00020904198974641686
2,UPFC_Vsh,5-15,1.1045343089396369,0,1.1061187971273359,MAP_PMU,151,0.0015844881876989625
3,UPFC_tsh,5-15,-0.22777578202850737,0,-0.22775076519667356,MAP_PMU,151,2.501683183381287e-05
4,UPFC_Vse,5-15,0.059826690699034096,0,0.059584928542038354,MAP_PMU,151,0.00024176215699574233
5,UPFC_tse,5-15,-2.1395156680202785,0,-2.1375234122586417,MAP_PMU,151,0.001992255761636752
0,x_tcsc,1-14,-0.13746103657917616,1,-0.13739222511450724,MAP_PMU,151,6.881146466891641e-05
1,B_svc,2,0.28911365781081755,1,0.2891647730129281,MAP_PMU,151,5.111520211054099e-05
2,UPFC_Vsh,5-15,1.104315914671624,1,1.1061187971273359,MAP_PMU,151,0.0018028824557119183
3,UPFC_tsh,5-15,-0.2277846843019747,1,-0.22775076519667356,MAP_PMU,151,3.3919105301150054e-05
4,UPFC_Vse,5-15,0.0593625464076676,1,0.059584928542038354,MAP_PMU,151,0.00022238213437075077
5,UPFC_tse,5-15,-2.1521104839692233,1,-2.1375234122586417,MAP_PMU,151,0.0145870717105816
0,x_tcsc,1-14,-0.13742090876283122,2,-0.13739222511450724,MAP_PMU,151,2.8683648323979405e-05
1,B_svc,2,0.2893802195778666,2,0.2891647730129281,MAP_PMU,151,0.0002154465649384929
2,UPFC_Vsh,5-15,1.1045267592933037,2,1.1061187971273359,MAP_PMU,151,0.0015920378340321673
3,UPFC_tsh,5-15,-0.22773802720686603,2,-0.22775076519667356,MAP_PMU,151,1.2737989807526384e-05
4,UPFC_Vse,5-15,0.06036040742744019,2,0.059584928542038354,MAP_PMU,151,0.0007754788854018382
5,UPFC_tse,5-15,-2.1572518984794082,2,-2.1375234122586417,MAP_PMU,151,0.019728486220766506
0,x_tcsc,1-14,-0.13737718015982212,3,-0.13739222511450724,MAP_PMU,151,1.5044954685128342e-05
1,B_svc,2,0.28915487329863976,3,0.2891647730129281,MAP_PMU,151,9.899714288330586e-06
2,UPFC_Vsh,5-15,1.1044100188166528,3,1.1061187971273359,MAP_PMU,151,0.0017087783106830567
3,UPFC_tsh,5-15,-0.22781918387671893,3,-0.22775076519667356,MAP_PMU,151,6.841868004536789e-05
4,UPFC_Vse,5-15,0.06026826815068105,3,0.059584928542038354,MAP_PMU,151,0.0006833396086426968
5,UPFC_tse,5-15,-2.1507090477027613,3,-2.1375234122586417,MAP_PMU,151,0.013185635444119548
0,x_tcsc,1-14,-0.13742338116712696,4,-0.13739222511450724,MAP_PMU,151,3.1156052619718544e-05
1,B_svc,2,0.2889071245486811,4,0.2891647730129281,MAP_PMU,151,0.0002576484642469734
2,UPFC_Vsh,5-15,1.1043846336197596,4,1.1061187971273359,MAP_PMU,151,0.0017341635075762696
3,UPFC_tsh,5-15,-0.2277775798930617,4,-0.22775076519667356,MAP_PMU,151,2.6814696388127723e-05
4,UPFC_Vse,5-15,0.059927537778358284,4,0.059584928542038354,MAP_PMU,151,0.00034260923631992957
5,UPFC_tse,5-15,-2.14807887981592,4,-2.1375234122586417,MAP_PMU,151,0.01055546755727832
0,x_tcsc,1-14,-0.1374019552066519,5,-0.13739222511450724,MAP_PMU,151,9.730092144666358e-06
1,B_svc,2,0.2893096720140272,5,0.2891647730129281,MAP_PMU,151,0.00014489900109909692
2,UPFC_Vsh,5-15,1.1040662065546216,5,1.1061187971273359,MAP_PMU,151,0.00205259057271423
3,UPFC_tsh,5-15,-0.2278088185380449,5,-0.22775076519667356,MAP_PMU,151,5.805334137135021e-05
4,UPFC_Vse,5-15,0.0603687600772625,5,0.059584928542038354,MAP_PMU,151,0.0007838315352241484
5,UPFC_tse,5-15,-2.1450209142511016,5,-2.1375234122586417,MAP_PMU,151,0.0074975019924599096
0,x_tcsc,1-14,-0.13742188182744788,6,-0.13739222511450724,MAP_PMU,151,2.9656712940639984e-05
1,B_svc,2,0.28910774068768685,6,0.2891647730129281,MAP_PMU,151,5.703232524123525e-05
2,UPFC_Vsh,5-15,1.1047551037205388,6,1.1061187971273359,MAP_PMU,151,0.0013636934067970952
3,UPFC_tsh,5-15,-0.22771355908347762,6,-0.22775076519667356,MAP_PMU,151,3.7206113195936696e-05
4,UPFC_Vse,5-15,0.05971482527120597,6,0.059584928542038354,MAP_PMU,151,0.00012989672916761258
5,UPFC_tse,5-15,-2.142755154342929,6,-2.1375234122586417,MAP_PMU,151,0.0052317420842871165
0,x_tcsc,1-14,-0.1373793069352868,7,-0.13739222511450724,MAP_PMU,151,1.2918179220444692e-05
1,B_svc,2,0.2893018284612896,7,0.2891647730129281,MAP_PMU,151,0.00013705544836151162
2,UPFC_Vsh,5-15,1.1040409012987793,7,1.1061187971273359,MAP_PMU,151,0.002077895828556553
3,UPFC_tsh,5-15,-0.227852688338416,7,-0.22775076519667356,MAP_PMU,151,0.00010192314174242711
4,UPFC_Vse,5-15,0.06016332917417498,7,0.059584928542038354,MAP_PMU,151,0.0005784006321366275
5,UPFC_tse,5-15,-2.1676199727269134,7,-2.1375234122586417,MAP_PMU,151,0.030096560468271694
0,x_tcsc,1-14,-0.13739959222529058,8,-0.13739222511450724,MAP_PMU,151,7.3671107833350735e-06
1,B_svc,2,0.2888742479425027,8,0.2891647730129281,MAP_PMU,151,0.0002905250704253737
2,UPFC_Vsh,5-15,1.1050199420776197,8,1.1061187971273359,MAP_PMU,151,0.0010988550497161853
3,UPFC_tsh,5-15,-0.22765543973236158,8,-0.22775076519667356,MAP_PMU,151,9.532546431198496e-05
4,UPFC_Vse,5-15,0.05965863290151863,8,0.059584928542038354,MAP_PMU,151,7.370435948027276e-05
5,UPFC_tse,5-15,-2.1390509740221932,8,-2.1375234122586417,MAP_PMU,151,0.0015275617635515104
0,x_tcsc,1-14,-0.13740145622129507,9,-0.13739222511450724,MAP_PMU,151,9.231106787827015e-06
1,B_svc,2,0.2888876136970028,9,0.2891647730129281,MAP_PMU,151,0.00027715931592531273
2,UPFC_Vsh,5-15,1.1045574570844814,9,1.1061187971273359,MAP_PMU,151,0.0015613400428544644
3,UPFC_tsh,5-15,-0.22774866784042644,9,-0.22775076519667356,MAP_PMU,151,2.0973562471215956e-06
4,UPFC_Vse,5-15,0.06001411524444222,9,0.059584928542038354,MAP_PMU,151,0.00042918670240386925
5,UPFC_tse,5-15,-2.142450365418499,9,-2.1375234122586417,MAP_PMU,151,0.004926953159857472
0,x_tcsc,1-14,-0.13742272257241714,10,-0.13739222511450724,MAP_PMU,151,3.0497457909894887e-05
1,B_svc,2,0.2894219156942702,10,0.2891647730129281,MAP_PMU,151,0.00025714268134213736
2,UPFC_Vsh,5-15,1.1046906018680782,10,1.1061187971273359,MAP_PMU,151,0.0014281952592576364
3,UPFC_tsh,5-15,-0.22783283998850967,10,-0.22775076519667356,MAP_PMU,151,8.2074791836112e-05
4,UPFC_Vse,5-15,0.06004062248027501,10,0.059584928542038354,MAP_PMU,151,0.0004556939382366551
5,UPFC_tse,5-15,-2.1466725260025337,10,-2.1375234122586417,MAP_PMU,151,0.009149113743891935
0,x_tcsc,1-14,-0.1374149226733929,11,-0.13739222511450724,MAP_PMU,151,2.2697558885648172e-05
1,B_svc,2,0.28889807069191,11,0.2891647730129281,MAP_PMU,151,0.00026670232101810853
2,UPFC_Vsh,5-15,1.1045861163699073,11,1.1061187971273359,MAP_PMU,151,0.0015326807574285173
3,UPFC_tsh,5-15,-0.22772263282578598,11,-0.22775076519667356,MAP_PMU,151,2.813237088758469e-05
4,UPFC_Vse,5-15,0.059849053708227386,11,0.059584928542038354,MAP_PMU,151,0.00026412516618903176
5,UPFC_tse,5-15,-2.145744752724161,11,-2.1375234122586417,MAP_PMU,151,0.008221340465519145
0,x_tcsc,1-14,-0.13742239368231077,12,-0.13739222511450724,MAP_PMU,151,3.0168567803523505e-05
1,B_svc,2,0.28981927814904584,12,0.2891647730129281,MAP_PMU,151,0.0006545051361177556
2,UPFC_Vsh,5-15,1.1042128600578887,12,1.1061187971273359,MAP_PMU,151,0.0019059370694471944
3,UPFC_tsh,5-15,-0.2277115797704577,12,-0.22775076519667356,MAP_PMU,151,3.918542621586529e-05
4,UPFC_Vse,5-15,0.059356115008193204,12,0.059584928542038354,MAP_PMU,151,0.00022881353384514996
5,UPFC_tse,5-15,-2.149952151070736,12,-2.1375234122586417,MAP_PMU,151,0.012428738812094053
0,x_tcsc,1-14,-0.13740006380169742,13,-0.13739222511450724,MAP_PMU,151,7.838687190175886e-06
1,B_svc,2,0.2895362500127583,13,0.2891647730129281,MAP_PMU,151,0.00037147699983020033
2,UPFC_Vsh,5-15,1.104600117411995,13,1.1061187971273359,MAP_PMU,151,0.0015186797153408094
3,UPFC_tsh,5-15,-0.22774996655011168,13,-0.22775076519667356,MAP_PMU,151,7.986465618836647e-07
4,UPFC_Vse,5-15,0.059573232335010176,13,0.059584928542038354,MAP_PMU,151,1.1696207028177863e-05
5,UPFC_tse,5-15,-2.1437098710636073,13,-2.1375234122586417,MAP_PMU,151,0.0061864588049656
0,x_tcsc,1-14,-0.13740613349930647,14,-0.13739222511450724,MAP_PMU,151,1.390838479922718e-05
1,B_svc,2,0.2890518267250857,14,0.2891647730129281,MAP_PMU,151,0.00011294628784236371
2,UPFC_Vsh,5-15,1.104226794851893,14,1.1061187971273359,MAP_PMU,151,0.00189200227544295
3,UPFC_tsh,5-15,-0.22777123245721545,14,-0.22775076519667356,MAP_PMU,151,2.0467260541889853e-05
4,UPFC_Vse,5-15,0.06004073926414563,14,0.059584928542038354,MAP_PMU,151,0.0004558107221072777
5,UPFC_tse,5-15,-2.1378217518340263,14,-2.1375234122586417,MAP_PMU,151,0.00029833957538460965
0,x_tcsc,1-14,-0.13742183667361704,15,-0.13739222511450724,MAP_PMU,151,2.9611559109798957e-05
1,B_svc,2,0.28915520527457267,15,0.2891647730129281,MAP_PMU,151,9.567738355420463e-06
2,UPFC_Vsh,5-15,1.1045543398392776,15,1.1061187971273359,MAP_PMU,151,0.0015644572880582075
3,UPFC_tsh,5-15,-0.2277525335553502,15,-0.22775076519667356,MAP_PMU,151,1.768358676629278e-06
4,UPFC_Vse,5-15,0.05988498868922527,15,0.059584928542038354,MAP_PMU,151,0.00030006014718691326
5,UPFC_tse,5-15,-2.1366073906814345,15,-2.1375234122586417,MAP_PMU,151,0.0009160215772072711
0,x_tcsc,1-14,-0.13738121658378782,16,-0.13739222511450724,MAP_PMU,151,1.1008530719419651e-05
1,B_svc,2,0.2894736620548302,16,0.2891647730129281,MAP_PMU,151,0.0003088890419021273
2,UPFC_Vsh,5-15,1.1043372654216475,16,1.1061187971273359,MAP_PMU,151,0.0017815317056883995
3,UPFC_tsh,5-15,-0.22787291044779423,16,-0.22775076519667356,MAP_PMU,151,0.00012214525112066998
4,UPFC_Vse,5-15,0.05985247959229593,16,0.059584928542038354,MAP_PMU,151,0.0002675510502575737
5,UPFC_tse,5-15,-2.15793142391116,16,-2.1375234122586417,MAP_PMU,151,0.020408011652518265
0,x_tcsc,1-14,-0.1374286695591996,17,-0.13739222511450724,MAP_PMU,151,3.6444444692362854e-05
1,B_svc,2,0.2894890708303647,17,0.2891647730129281,MAP_PMU,151,0.0003242978174365918
2,UPFC_Vsh,5-15,1.1044420313670877,17,1.1061187971273359,MAP_PMU,151,0.0016767657602481112
3,UPFC_tsh,5-15,-0.2277058547956043,17,-0.22775076519667356,MAP_PMU,151,4.4910401069270245e-05
4,UPFC_Vse,5-15,0.059696748469642534,17,0.059584928542038354,MAP_PMU,151,0.00011181992760418008
5,UPFC_tse,5-15,-2.142459199784919,17,-2.1375234122586417,MAP_PMU,151,0.004935787526277213
0,x_tcsc,1-14,-0.13741359828767288,18,-0.13739222511450724,MAP_PMU,151,2.1373173165639692e-05
1,B_svc,2,0.28945788142988266,18,0.2891647730129281,MAP_PMU,151,0.00029310841695456835
2,UPFC_Vsh,5-15,1.1041240313583214,18,1.1061187971273359,MAP_PMU,151,0.0019947657690144727
3,UPFC_tsh,5-15,-0.22778523184544772,18,-0.22775076519667356,MAP_PMU,151,3.446664877415628e-05
4,UPFC_Vse,5-15,0.060372762852420846,18,0.059584928542038354,MAP_PMU,151,0.0007878343103824917
5,UPFC_tse,5-15,-2.144697955321513,18,-2.1375234122586417,MAP_PMU,151,0.00717454306287113
0,x_tcsc,1-14,-0.13741164599341377,19,-0.13739222511450724,MAP_PMU,151,1.942087890652311e-05
1,B_svc,2,0.28929116506102426,19,0.2891647730129281,MAP_PMU,151,0.00012639204809616889
2,UPFC_Vsh,5-15,1.104248475255259,19,1.1061187971273359,MAP_PMU,151,0.0018703218720768078
3,UPFC_tsh,5-15,-0.2277389713154024,19,-0.22775076519667356,MAP_PMU,151,1.1793881271149331e-05
4,UPFC_Vse,5-15,0.05991890230103052,19,0.059584928542038354,MAP_PMU,151,0.000333973758992169
5,UPFC_tse,5-15,-2.140822191515319,19,-2.1375234122586417,MAP_PMU,151,0.003298779256677431
0,x_tcsc,1-14,-0.13741789491794995,20,-0.13739222511450724,MAP_PMU,151,2.5669803442707195e-05
1,B_svc,2,0.28943967735722,20,0.2891647730129281,MAP_PMU,151,0.00027490434429189303
2,UPFC_Vsh,5-15,1.1043635292526965,20,1.1061187971273359,MAP_PMU,151,0.0017552678746393102
3,UPFC_tsh,5-15,-0.22781710604540395,20,-0.22775076519667356,MAP_PMU,151,6.634084873038959e-05
4,UPFC_Vse,5-15,0.06013561656872654,20,0.059584928542038354,MAP_PMU,151,0.000550688026688187
5,UPFC_tse,5-15,-2.1441367200483548,20,-2.1375234122586417,MAP_PMU,151,0.00661330778971303
0,x_tcsc,1-14,-0.13740696306798134,21,-0.13739222511450724,MAP_PMU,151,1.4737953474092125e-05
1,B_svc,2,0.28910921535706446,21,0.2891647730129281,MAP_PMU,151,5.5557655863625044e-05
2,UPFC_Vsh,5-15,1.1046200434240727,21,1.1061187971273359,MAP_PMU,151,0.0014987537032631337
3,UPFC_tsh,5-15,-0.22775684307710645,21,-0.22775076519667356,MAP_PMU,151,6.077880432886484e-06
4,UPFC_Vse,5-15,0.06018528123427851,21,0.059584928542038354,MAP_PMU,151,0.0006003526922401595
5,UPFC_tse,5-15,-2.142442229991319,21,-2.1375234122586417,MAP_PMU,151,0.004918817732677105
0,x_tcsc,1-14,-0.13738896000120768,22,-0.13739222511450724,MAP_PMU,151,3.265113299566469e-06
1,B_svc,2,0.28939006804475487,22,0.2891647730129281,MAP_PMU,151,0.00022529503182677768
2,UPFC_Vsh,5-15,1.1042868744577834,22,1.1061187971273359,MAP_PMU,151,0.0018319226695524549
3,UPFC_tsh,5-15,-0.22782347712063564,22,-0.22775076519667356,MAP_PMU,151,7.27119239620766e-05
4,UPFC_Vse,5-15,0.05978650403134224,22,0.059584928542038354,MAP_PMU,151,0.00020157548930388458
5,UPFC_tse,5-15,-2.1462453041392227,22,-2.1375234122586417,MAP_PMU,151,0.008721891880580923
0,x_tcsc,1-14,-0.13743313390484044,23,-0.13739222511450724,MAP_PMU,151,4.0908790333193945e-05
1,B_svc,2,0.2894339174709129,23,0.2891647730129281,MAP_PMU,151,0.0002691444579848157
2,UPFC_Vsh,5-15,1.1044036280474248,23,1.1061187971273359,MAP_PMU,151,0.0017151690799110941
3,UPFC_tsh,5-15,-0.2278304035279145,23,-0.22775076519667356,MAP_PMU,151,7.963833124094433e-05
4,UPFC_Vse,5-15,0.05995569817665946,23,0.059584928542038354,MAP_PMU,151,0.0003707696346211056
5,UPFC_tse,5-15,-2.1434122786136767,23,-2.1375234122586417,MAP_PMU,151,0.0058888663550349385
0,x_tcsc,1-14,-0.13740918116055342,24,-0.13739222511450724,MAP_PMU,151,1.6956046046179285e-05
1,B_svc,2,0.2896002630409399,24,0.2891647730129281,MAP_PMU,151,0.0004354900280117979
2,UPFC_Vsh,5-15,1.1041197126276474,24,1.1061187971273359,MAP_PMU,151,0.0019990844996884416
3,UPFC_tsh,5-15,-0.22772504107915031,24,-0.22775076519667356,MAP_PMU,151,2.5724117523245882e-05
4,UPFC_Vse,5-15,0.05992018001148658,24,0.059584928542038354,MAP_PMU,151,0.00033525146944822504
5,UPFC_tse,5-15,-2.1361353488925796,24,-2.1375234122586417,MAP_PMU,151,0.00138806336606212
0,x_tcsc,1-14,-0.13740754367400707,25,-0.13739222511450724,MAP_PMU,151,1.531855949982175e-05
1,B_svc,2,0.2884513915230508,25,0.2891647730129281,MAP_PMU,151,0.0007133814898772628
2,UPFC_Vsh,5-15,1.1046583603169209,25,1.1061187971273359,MAP_PMU,151,0.0014604368104149668
3,UPFC_tsh,5-15,-0.22773118652446667,25,-0.22775076519667356,MAP_PMU,151,1.9578672206893577e-05
4,UPFC_Vse,5-15,0.05971439868597103,25,0.059584928542038354,MAP_PMU,151,0.00012947014393267786
5,UPFC_tse,5-15,-2.149664905594025,25,-2.1375234122586417,MAP_PMU,151,0.012141493335383391
0,x_tcsc,1-14,-0.1374082352036034,26,-0.13739222511450724,MAP_PMU,151,1.6010089096157865e-05
1,B_svc,2,0.28925579318713324,26,0.2891647730129281,MAP_PMU,151,9.102017420514752e-05
2,UPFC_Vsh,5-15,1.104403365939244,26,1.1061187971273359,MAP_PMU,151,0.0017154311880918094
3,UPFC_tsh,5-15,-0.22772332421897243,26,-0.22775076519667356,MAP_PMU,151,2.7440977701131963e-05
4,UPFC_Vse,5-15,0.06003683554597886,26,0.059584928542038354,MAP_PMU,151,0.00045190700394050903
5,UPFC_tse,5-15,-2.1494252296920817,26,-2.1375234122586417,MAP_PMU,151,0.011901817433439987
0,x_tcsc,1-14,-0.13741702554640717,27,-0.13739222511450724,MAP_PMU,151,2.480043189992398e-05
1,B_svc,2,0.28928284162829654,27,0.2891647730129281,MAP_PMU,151,0.00011806861536844959
2,UPFC_Vsh,5-15,1.1044775418919677,27,1.1061187971273359,MAP_PMU,151,0.0016412552353681775
3,UPFC_tsh,5-15,-0.2277812852039713,27,-0.22775076519667356,MAP_PMU,151,3.052000729775184e-05
4,UPFC_Vse,5-15,0.05964070559755581,27,0.059584928542038354,MAP_PMU,151,5.5777055517458596e-05
5,UPFC_tse,5-15,-2.1497640766816337,27,-2.1375234122586417,MAP_PMU,151,0.012240664422991987
0,x_tcsc,1-14,-0.13741690238370372,28,-0.13739222511450724,MAP_PMU,151,2.4677269196471396e-05
1,B_svc,2,0.28922051224706014,28,0.2891647730129281,MAP_PMU,151,5.573923413204618e-05
2,UPFC_Vsh,5-15,1.1041011229834494,28,1.1061187971273359,MAP_PMU,151,0.0020176741438864276
3,UPFC_tsh,5-15,-0.22789359704079995,28,-0.22775076519667356,MAP_PMU,151,0.00014283184412638983
4,UPFC_Vse,5-15,0.06042433744744915,28,0.059584928542038354,MAP_PMU,151,0.0008394089054107948
5,UPFC_tse,5-15,-2.14326189544346,28,-2.1375234122586417,MAP_PMU,151,0.005738483184818399
0,x_tcsc,1-14,-0.137408237176123,29,-0.13739222511450724,MAP_PMU,151,1.6012061615749973e-05
1,B_svc,2,0.28944225852308414,29,0.2891647730129281,MAP_PMU,151,0.0002774855101560503
2,UPFC_Vsh,5-15,1.104092916685286,29,1.1061187971273359,MAP_PMU,151,0.0020258804420498766
3,UPFC_tsh,5-15,-0.22778463475994892,29,-0.22775076519667356,MAP_PMU,151,3.3869563275362724e-05
4,UPFC_Vse,5-15,0.06015375292683916,29,0.059584928542038354,MAP_PMU,151,0.0005688243848008048
5,UPFC_tse,5-15,-2.141989759502686,29,-2.1375234122586417,MAP_PMU,151,0.0044663472440444885
0,x_tcsc,1-14,-0.13741445547542944,30,-0.13739222511450724,MAP_PMU,151,2.2230360922192993e-05
1,B_svc,2,0.2892192640221184,30,0.2891647730129281,MAP_PMU,151,5.449100919030503e-05
2,UPFC_Vsh,5-15,1.104928013263598,30,1.1061187971273359,MAP_PMU,151,0.001190783863737943
3,UPFC_tsh,5-15,-0.22769575913968218,30,-0.22775076519667356,MAP_PMU,151,5.500605699138017e-05
4,UPFC_Vse,5-15,0.0596345867122036,30,0.059584928542038354,MAP_PMU,151,4.965817016524404e-05
5,UPFC_tse,5-15,-2.133121130730059,30,-2.1375234122586417,MAP_PMU,151,0.0044022815285829076
0,x_tcsc,1-14,-0.1374212849292147,31,-0.13739222511450724,MAP_PMU,151,2.9059814707466103e-05
1,B_svc,2,0.2889236611939231,31,0.2891647730129281,MAP_PMU,151,0.000241111819004991
2,UPFC_Vsh,5-15,1.1041663328007798,31,1.1061187971273359,MAP_PMU,151,0.001952464326556047
3,UPFC_tsh,5-15,-0.2277774016062077,31,-0.22775076519667356,MAP_PMU,151,2.6636409534153138e-05
4,UPFC_Vse,5-15,0.06022744000231879,31,0.059584928542038354,MAP_PMU,151,0.0006425114602804372
5,UPFC_tse,5-15,-2.155723881989744,31,-2.1375234122586417,MAP_PMU,151,0.01820046973110223
0,x_tcsc,1-14,-0.13741530419964493,32,-0.13739222511450724,MAP_PMU,151,2.3079085137683863e-05
1,B_svc,2,0.2891311877575411,32,0.2891647730129281,MAP_PMU,151,3.3585255386991975e-05
2,UPFC_Vsh,5-15,1.1045826326126806,32,1.1061187971273359,MAP_PMU,151,0.0015361645146552139
3,UPFC_tsh,5-15,-0.22776999569780668,32,-0.22775076519667356,MAP_PMU,151,1.9230501133116196e-05
4,UPFC_Vse,5-15,0.06006796859473255,32,0.059584928542038354,MAP_PMU,151,0.0004830400526941933
5,UPFC_tse,5-15,-2.1427839627266634,32,-2.1375234122586417,MAP_PMU,151,0.005260550468021652
0,x_tcsc,1-14,-0.13740599224542493,33,-0.13739222511450724,MAP_PMU,151,1.3767130917691217e-05
1,B_svc,2,0.28901009864245986,33,0.2891647730129281,MAP_PMU,151,0.00015467437046823296
2,UPFC_Vsh,5-15,1.104551018278118,33,1.1061187971273359,MAP_PMU,151,0.0015677788492178824
3,UPFC_tsh,5-15,-0.2278382296865622,33,-0.22775076519667356,MAP_PMU,151,8.746448988863897e-05
4,UPFC_Vse,5-15,0.059883105787149754,33,0.059584928542038354,MAP_PMU,151,0.0002981772451114001
5,UPFC_tse,5-15,-2.152059583608872,33,-2.1375234122586417,MAP_PMU,151,0.01453617135023011
0,x_tcsc,1-14,-0.13741873746035724,34,-0.13739222511450724,MAP_PMU,151,2.6512345849993846e-05
1,B_svc,2,0.28970453258323875,34,0.2891647730129281,MAP_PMU,151,0.0005397595703106606
2,UPFC_Vsh,5-15,1.1042007657136101,34,1.1061187971273359,MAP_PMU,151,0.001918031413725707
3,UPFC_tsh,5-15,-0.22774459662136556,34,-0.22775076519667356,MAP_PMU,151,6.168575307996527e-06
4,UPFC_Vse,5-15,0.059621716118753436,34,0.059584928542038354,MAP_PMU,151,3.678757671508187e-05
5,UPFC_tse,5-15,-2.1383766276233556,34,-2.1375234122586417,MAP_PMU,151,0.000853215364713833
0,x_tcsc,1-14,-0.13737287314886984,35,-0.13739222511450724,MAP_PMU,151,1.9351965637404156e-05
1,B_svc,2,0.2890963092552716,35,0.2891647730129281,MAP_PMU,151,6.846375765651169e-05
2,UPFC_Vsh,5-15,1.104202826897544,35,1.1061187971273359,MAP_PMU,151,0.0019159702297919523
3,UPFC_tsh,5-15,-0.22776414425846475,35,-0.22775076519667356,MAP_PMU,151,1.3379061791191083e-05
4,UPFC_Vse,5-15,0.05996654268668676,35,0.059584928542038354,MAP_PMU,151,0.0003816141446484067
5,UPFC_tse,5-15,-2.1502709147217876,35,-2.1375234122586417,MAP_PMU,151,0.012747502463145821
0,x_tcsc,1-14,-0.1374349912502604,36,-0.13739222511450724,MAP_PMU,151,4.276613575315835e-05
1,B_svc,2,0.28901248085320097,36,0.2891647730129281,MAP_PMU,151,0.00015229215972711874
2,UPFC_Vsh,5-15,1.1045285507961156,36,1.1061187971273359,MAP_PMU,151,0.0015902463312202908
3,UPFC_tsh,5-15,-0.22767621087554388,36,-0.22775076519667356,MAP_PMU,151,7.455432112968285e-05
4,UPFC_Vse,5-15,0.05932602962988956,36,0.059584928542038354,MAP_PMU,151,0.00025889891214879446
5,UPFC_tse,5-15,-2.1461217411398543,36,-2.1375234122586417,MAP_PMU,151,0.008598328881212591
0,x_tcsc,1-14,-0.13739727555774,37,-0.13739222511450724,MAP_PMU,151,5.0504432327624915e-06
1,B_svc,2,0.28897418917825923,37,0.2891647730129281,MAP_PMU,151,0.00019058383466885598
2,UPFC_Vsh,5-15,1.1046496183777348,37,1.1061187971273359,MAP_PMU,151,0.0014691787496010633
3,UPFC_tsh,5-15,-0.22775805158774518,37,-0.22775076519667356,MAP_PMU,151,7.286391071614773e-06
4,UPFC_Vse,5-15,0.05996974903178203,37,0.059584928542038354,MAP_PMU,151,0.00038482048974367716
5,UPFC_tse,5-15,-2.148007456098023,37,-2.1375234122586417,MAP_PMU,151,0.010484043839381396
0,x_tcsc,1-14,-0.13740582988406355,38,-0.13739222511450724,MAP_PMU,151,1.360476955630796e-05
1,B_svc,2,0.2892095120695805,38,0.2891647730129281,MAP_PMU,151,4.473905665242084e-05
2,UPFC_Vsh,5-15,1.1041925933055199,38,1.1061187971273359,MAP_PMU,151,0.0019262038218159638
3,UPFC_tsh,5-15,-0.22781533142901791,38,-0.22775076519667356,MAP_PMU,151,6.45662323443541e-05
4,UPFC_Vse,5-15,0.06019552892503058,38,0.059584928542038354,MAP_PMU,151,0.0006106003829922241
5,UPFC_tse,5-15,-2.148122250674642,38,-2.1375234122586417,MAP_PMU,151,0.010598838416000067
0,x_tcsc,1-14,-0.13743400986867346,39,-0.13739222511450724,MAP_PMU,151,4.178475416621863e-05
1,B_svc,2,0.28879192910768203,39,0.2891647730129281,MAP_PMU,151,0.0003728439052460564
2,UPFC_Vsh,5-15,1.104071078340104,39,1.1061187971273359,MAP_PMU,151,0.002047718787231867
3,UPFC_tsh,5-15,-0.22786165219954763,39,-0.22775076519667356,MAP_PMU,151,0.00011088700287406605
4,UPFC_Vse,5-15,0.06018841413498032,39,0.059584928542038354,MAP_PMU,151,0.0006034855929419672
5,UPFC_tse,5-15,-2.159529555755945,39,-2.1375234122586417,MAP_PMU,151,0.02200614349730312
0,x_tcsc,1-14,-0.13739518778670537,40,-0.13739222511450724,MAP_PMU,151,2.9626721981257376e-06
1,B_svc,2,0.2889419255561832,40,0.2891647730129281,MAP_PMU,151,0.00022284745674489015
2,UPFC_Vsh,5-15,1.1044604972368954,40,1.1061187971273359,MAP_PMU,151,0.0016582998904404178
3,UPFC_tsh,5-15,-0.2277907473683207,40,-0.22775076519667356,MAP_PMU,151,3.998217164713491e-05
4,UPFC_Vse,5-15,0.06012289194470354,40,0.059584928542038354,MAP_PMU,151,0.0005379634026651883
5,UPFC_tse,5-15,-2.13270485387497,40,-2.1375234122586417,MAP_PMU,151,0.004818558383671512
0,x_tcsc,1-14,-0.13742499944623507,41,-0.13739222511450724,MAP_PMU,151,3.277433172782507e-05
1,B_svc,2,0.28933401875380393,41,0.2891647730129281,MAP_PMU,151,0.0001692457408758452
2,UPFC_Vsh,5-15,1.1041490471906992,41,1.1061187971273359,MAP_PMU,151,0.0019697499366366777
3,UPFC_tsh,5-15,-0.22787049366425713,41,-0.22775076519667356,MAP_PMU,151,0.00011972846758356859
4,UPFC_Vse,5-15,0.060049218079272076,41,0.059584928542038354,MAP_PMU,151,0.00046428953723372246
5,UPFC_tse,5-15,-2.1579978486810294,41,-2.1375234122586417,MAP_PMU,151,0.020474436422387665
0,x_tcsc,1-14,-0.13744106320206972,42,-0.13739222511450724,MAP_PMU,151,4.883808756248054e-05
1,B_svc,2,0.2894247068004124,42,0.2891647730129281,MAP_PMU,151,0.00025993378748428997
2,UPFC_Vsh,5-15,1.1040509020381601,42,1.1061187971273359,MAP_PMU,151,0.0020678950891757086
3,UPFC_tsh,5-15,-0.22787894778648354,42,-0.22775076519667356,MAP_PMU,151,0.0001281825898099831
4,UPFC_Vse,5-15,0.060322010628546495,42,0.059584928542038354,MAP_PMU,151,0.0007370820865081409
5,UPFC_tse,5-15,-2.1517247270743587,42,-2.1375234122586417,MAP_PMU,151,0.014201314815716959
0,x_tcsc,1-14,-0.1374118164474705,43,-0.13739222511450724,MAP_PMU,151,1.959133296325355e-05
1,B_svc,2,0.28970173402224947,43,0.2891647730129281,MAP_PMU,151,0.0005369610093213795
2,UPFC_Vsh,5-15,1.1045620280032509,43,1.1061187971273359,MAP_PMU,151,0.001556769124084978
3,UPFC_tsh,5-15,-0.22777966538632907,43,-0.22775076519667356,MAP_PMU,151,2.8900189655511888e-05
4,UPFC_Vse,5-15,0.05940677884063367,43,0.059584928542038354,MAP_PMU,151,0.00017814970140468678
5,UPFC_tse,5-15,-2.1452489736821474,43,-2.1375234122586417,MAP_PMU,151,0.007725561423505667
0,x_tcsc,1-14,-0.13743995666513206,44,-0.13739222511450724,MAP_PMU,151,4.773155062481882e-05
1,B_svc,2,0.28930630331819934,44,0.2891647730129281,MAP_PMU,151,0.00014153030527125354
2,UPFC_Vsh,5-15,1.1043078935338453,44,1.1061187971273359,MAP_PMU,151,0.0018109035934905648
3,UPFC_tsh,5-15,-0.22778835440220047,44,-0.22775076519667356,MAP_PMU,151,3.758920552690559e-05
4,UPFC_Vse,5-15,0.06013262475423452,44,0.059584928542038354,MAP_PMU,151,0.0005476962121961637
5,UPFC_tse,5-15,-2.147637251871358,44,-2.1375234122586417,MAP_PMU,151,0.01011383961271628
0,x_tcsc,1-14,-0.1374506251873542,45,-0.13739222511450724,MAP_PMU,151,5.840007284696469e-05
1,B_svc,2,0.2890526162296732,45,0.2891647730129281,MAP_PMU,151,0.00011215678325487977
2,UPFC_Vsh,5-15,1.1041308841631943,45,1.1061187971273359,MAP_PMU,151,0.0019879129641415805
3,UPFC_tsh,5-15,-0.22778377878892078,45,-0.22775076519667356,MAP_PMU,151,3.301359224722189e-05
4,UPFC_Vse,5-15,0.05986710640873797,45,0.059584928542038354,MAP_PMU,151,0.00028217786669961636
5,UPFC_tse,5-15,-2.1520527837793626,45,-2.1375234122586417,MAP_PMU,151,0.014529371520720868
0,x_tcsc,1-14,-0.1373946354613706,46,-0.13739222511450724,MAP_PMU,151,2.410346863351842e-06
1,B_svc,2,0.28923762166557054,46,0.2891647730129281,MAP_PMU,151,7.284865264245433e-05
2,UPFC_Vsh,5-15,1.1044201905875841,46,1.1061187971273359,MAP_PMU,151,0.0016986065397517347
3,UPFC_tsh,5-15,-0.2277867681788622,46,-0.22775076519667356,MAP_PMU,151,3.600298218864317e-05
4,UPFC_Vse,5-15,0.06015321549713537,46,0.059584928542038354,MAP_PMU,151,0.0005682869550970165
5,UPFC_tse,5-15,-2.1382809749267393,46,-2.1375234122586417,MAP_PMU,151,0.0007575626680975667
0,x_tcsc,1-14,-0.13741094584386293,47,-0.13739222511450724,MAP_PMU,151,1.8720729355686805e-05
1,B_svc,2,0.28933927424432104,47,0.2891647730129281,MAP_PMU,151,0.00017450123139295393
2,UPFC_Vsh,5-15,1.1046405028760213,47,1.1061187971273359,MAP_PMU,151,0.0014782942513145159
3,UPFC_tsh,5-15,-0.22771579580088142,47,-0.22775076519667356,MAP_PMU,151,3.4969395792144864e-05
4,UPFC_Vse,5-15,0.05931714488808862,47,0.059584928542038354,MAP_PMU,151,0.00026778365394973525
5,UPFC_tse,5-15,-2.1429290681671493,47,-2.1375234122586417,MAP_PMU,151,0.005405655908507612
0,x_tcsc,1-14,-0.1373994311152631,48,-0.13739222511450724,MAP_PMU,151,7.206000755849429e-06
1,B_svc,2,0.2893451543807269,48,0.2891647730129281,MAP_PMU,151,0.00018038136779879865
2,UPFC_Vsh,5-15,1.1045417541329394,48,1.1061187971273359,MAP_PMU,151,0.001577042994396427
3,UPFC_tsh,5-15,-0.22779888227623368,48,-0.22775076519667356,MAP_PMU,151,4.811707956012268e-05
4,UPFC_Vse,5-15,0.060269247819091105,48,0.059584928542038354,MAP_PMU,151,0.0006843192770527515
5,UPFC_tse,5-15,-2.149223260369888,48,-2.1375234122586417,MAP_PMU,151,0.011699848111246247
0,x_tcsc,1-14,-0.13738024278805505,49,-0.13739222511450724,MAP_PMU,151,1.1982326452192327e-05
1,B_svc,2,0.28871767501938206,49,0.2891647730129281,MAP_PMU,151,0.00044709799354603064
2,UPFC_Vsh,5-15,1.104528544519508,49,1.1061187971273359,MAP_PMU,151,0.0015902526078277468
3,UPFC_tsh,5-15,-0.227692794120443,49,-0.22775076519667356,MAP_PMU,151,5.797107623056741e-05
4,UPFC_Vse,5-15,0.05995992774500361,49,0.059584928542038354,MAP_PMU,151,0.00037499920296525657
5,UPFC_tse,5-15,-2.1450826897094557,49,-2.1375234122586417,MAP_PMU,151,0.007559277450813973
0,x_tcsc,1-14,-0.13738819246385983,50,-0.13739222511450724,MAP_PMU,151,4.032650647411984e-06
1,B_svc,2,0.28928025343749436,50,0.2891647730129281,MAP_PMU,151,0.00011548042456627217
2,UPFC_Vsh,5-15,1.1044931426921434,50,1.1061187971273359,MAP_PMU,151,0.0016256544351924695
3,UPFC_tsh,5-15,-0.22782605076807644,50,-0.22775076519667356,MAP_PMU,151,7.528557140287773e-05
4,UPFC_Vse,5-15,0.06012653783420345,50,0.059584928542038354,MAP_PMU,151,0.0005416092921650961
5,UPFC_tse,5-15,-2.15204995806738,50,-2.1375234122586417,MAP_PMU,151,0.014526545808738245
0,x_tcsc,1-14,-0.13740447015732515,51,-0.13739222511450724,MAP_PMU,151,1.2245042817909946e-05
1,B_svc,2,0.28911542671421,51,0.2891647730129281,MAP_PMU,151,4.934629871811147e-05
2,UPFC_Vsh,5-15,1.1046260150518281,51,1.1061187971273359,MAP_PMU,151,0.001492782075507737
3,UPFC_tsh,5-15,-0.2276892580054658,51,-0.22775076519667356,MAP_PMU,151,6.150719120776027e-05
4,UPFC_Vse,5-15,0.05988891449990706,51,0.059584928542038354,MAP_PMU,151,0.00030398595786870763
5,UPFC_tse,5-15,-2.146781305676199,51,-2.1375234122586417,MAP_PMU,151,0.009257893417557117
0,x_tcsc,1-14,-0.1374097965368986,52,-0.13739222511450724,MAP_PMU,151,1.7571422391365887e-05
1,B_svc,2,0.2894179881813863,52,0.2891647730129281,MAP_PMU,151,0.0002532151684582207
2,UPFC_Vsh,5-15,1.1050751440781466,52,1.1061187971273359,MAP_PMU,151,0.001043653049189297
3,UPFC_tsh,5-15,-0.22776553079685258,52,-0.22775076519667356,MAP_PMU,151,1.4765600179017513e-05
4,UPFC_Vse,5-15,0.05968832048469511,52,0.059584928542038354,MAP_PMU,151,0.00010339194265675256
5,UPFC_tse,5-15,-2.1340767918519976,52,-2.1375234122586417,MAP_PMU,151,0.0034466204066441186
0,x_tcsc,1-14,-0.1373855986964505,53,-0.13739222511450724,MAP_PMU,151,6.626418056737693e-06
1,B_svc,2,0.289242331903809,53,0.2891647730129281,MAP_PMU,151,7.755889088090218e-05
2,UPFC_Vsh,5-15,1.10419036987459,53,1.1061187971273359,MAP_PMU,151,0.001928427252745779
3,UPFC_tsh,5-15,-0.22788413447331773,53,-0.22775076519667356,MAP_PMU,151,0.00013336927664417408
4,UPFC_Vse,5-15,0.05998573667930036,53,0.059584928542038354,MAP_PMU,151,0.00040080813726200287
5,UPFC_tse,5-15,-2.1533913545877135,53,-2.1375234122586417,MAP_PMU,151,0.015867942329071738
0,x_tcsc,1-14,-0.13740171305820628,54,-0.13739222511450724,MAP_PMU,151,9.487943699038048e-06
1,B_svc,2,0.2892158559484955,54,0.2891647730129281,MAP_PMU,151,5.108293556743693e-05
2,UPFC_Vsh,5-15,1.1046392448626383,54,1.1061187971273359,MAP_PMU,151,0.0014795522646975368
3,UPFC_tsh,5-15,-0.22778311680935348,54,-0.22775076519667356,MAP_PMU,151,3.2351612679920594e-05
4,UPFC_Vse,5-15,0.06022305703291388,54,0.059584928542038354,MAP_PMU,151,0.0006381284908755294
5,UPFC_tse,5-15,-2.1555531370519985,54,-2.1375234122586417,MAP_PMU,151,0.01802972479335674
0,x_tcsc,1-14,-0.13740184184169144,55,-0.13739222511450724,MAP_PMU,151,9.61672718419182e-06
1,B_svc,2,0.28916630986932135,55,0.2891647730129281,MAP_PMU,151,1.5368563932582902e-06
2,UPFC_Vsh,5-15,1.10454940763386,55,1.1061187971273359,MAP_PMU,151,0.0015693894934758479
3,UPFC_tsh,5-15,-0.22773506634645396,55,-0.22775076519667356,MAP_PMU,151,1.5698850219597604e-05
4,UPFC_Vse,5-15,0.059688583441853314,55,0.059584928542038354,MAP_PMU,151,0.00010365489981496029
5,UPFC_tse,5-15,-2.141780821130388,55,-2.1375234122586417,MAP_PMU,151,0.004257408871746193
0,x_tcsc,1-14,-0.13740183300025863,56,-0.13739222511450724,MAP_PMU,151,9.607885751383716e-06
1,B_svc,2,0.2890574569413294,56,0.2891647730129281,MAP_PMU,151,0.00010731607159869538
2,UPFC_Vsh,5-15,1.1043451808227234,56,1.1061187971273359,MAP_PMU,151,0.0017736163046124798
3,UPFC_tsh,5-15,-0.2278107239767816,56,-0.22775076519667356,MAP_PMU,151,5.995878010803257e-05
4,UPFC_Vse,5-15,0.059908108837085895,56,0.059584928542038354,MAP_PMU,151,0.00032318029504754126
5,UPFC_tse,5-15,-2.146721721666562,56,-2.1375234122586417,MAP_PMU,151,0.009198309407920213
0,x_tcsc,1-14,-0.1373993336798108,57,-0.13739222511450724,MAP_PMU,151,7.108565303559633e-06
1,B_svc,2,0.2893892404694362,57,0.2891647730129281,MAP_PMU,151,0.00022446745650811506
2,UPFC_Vsh,5-15,1.1041452740095927,57,1.1061187971273359,MAP_PMU,151,0.0019735231177431256
3,UPFC_tsh,5-15,-0.22777544050532078,57,-0.22775076519667356,MAP_PMU,151,2.4675308647220673e-05
4,UPFC_Vse,5-15,0.06015568571884479,57,0.059584928542038354,MAP_PMU,151,0.0005707571768064357
5,UPFC_tse,5-15,-2.1523921064099363,57,-2.1375234122586417,MAP_PMU,151,0.014868694151294548
0,x_tcsc,1-14,-0.13742393676674483,58,-0.13739222511450724,MAP_PMU,151,3.1711652237587096e-05
1,B_svc,2,0.2889139150720852,58,0.2891647730129281,MAP_PMU,151,0.0002508579408428968
2,UPFC_Vsh,5-15,1.1046869335714324,58,1.1061187971273359,MAP_PMU,151,0.001431863555903412
3,UPFC_tsh,5-15,-0.22778735208145423,58,-0.22775076519667356,MAP_PMU,151,3.6586884780670514e-05
4,UPFC_Vse,5-15,0.059554220595141275,58,0.059584928542038354,MAP_PMU,151,3.070794689707945e-05
5,UPFC_tse,5-15,-2.15262796206777,58,-2.1375234122586417,MAP_PMU,151,0.015104549809128454
0,x_tcsc,1-14,-0.1374038806800835,59,-0.13739222511450724,MAP_PMU,151,1.1655565576251803e-05
1,B_svc,2,0.28916743950802204,59,0.2891647730129281,MAP_PMU,151,2.6664950939503385e-06
2,UPFC_Vsh,5-15,1.1050894746434443,59,1.1061187971273359,MAP_PMU,151,0.0010293224838915371
3,UPFC_tsh,5-15,-0.227710979342918,59,-0.22775076519667356,MAP_PMU,151,3.978585375555288e-05
4,UPFC_Vse,5-15,0.060068724554176646,59,0.059584928542038354,MAP_PMU,151,0.000483796012138292
5,UPFC_tse,5-15,-2.156049946786384,59,-2.1375234122586417,MAP_PMU,151,0.01852653452774211
0,x_tcsc,1-14,-0.13739358726362727,60,-0.13739222511450724,MAP_PMU,151,1.3621491200266345e-06
1,B_svc,2,0.28906425592974105,60,0.2891647730129281,MAP_PMU,151,0.000100517083187035
2,UPFC_Vsh,5-15,1.1047009927319476,60,1.1061187971273359,MAP_PMU,151,0.0014178043953883002
3,UPFC_tsh,5-15,-0.2277993948555861,60,-0.22775076519667356,MAP_PMU,151,4.862965891253013e-05
4,UPFC_Vse,5-15,0.05997316052395568,60,0.059584928542038354,MAP_PMU,151,0.000388231981917328
5,UPFC_tse,5-15,-2.1449285890611223,60,-2.1375234122586417,MAP_PMU,151,0.00740517680248054
0,x_tcsc,1-14,-0.13740113458227377,61,-0.13739222511450724,MAP_PMU,151,8.90946776652135e-06
1,B_svc,2,0.2892825746605341,61,0.2891647730129281,MAP_PMU,151,0.00011780164760599732
2,UPFC_Vsh,5-15,1.1045410358283536,61,1.1061187971273359,MAP_PMU,151,0.0015777612989822387
3,UPFC_tsh,5-15,-0.22777038763285012,61,-0.22775076519667356,MAP_PMU,151,1.9622436176564007e-05
4,UPFC_Vse,5-15,0.05971815294059049,61,0.059584928542038354,MAP_PMU,151,0.00013322439855213697
5,UPFC_tse,5-15,-2.1523799896653295,61,-2.1375234122586417,MAP_PMU,151,0.014856577406687776
0,x_tcsc,1-14,-0.1374254576804337,62,-0.13739222511450724,MAP_PMU,151,3.3232565926466506e-05
1,B_svc,2,0.28914963882968303,62,0.2891647730129281,MAP_PMU,151,1.5134183245057997e-05
2,UPFC_Vsh,5-15,1.1048948126173155,62,1.1061187971273359,MAP_PMU,151,0.0012239845100203706
3,UPFC_tsh,5-15,-0.22763587195241372,62,-0.22775076519667356,MAP_PMU,151,0.00011489324425983938
4,UPFC_Vse,5-15,0.05931026553737884,62,0.059584928542038354,MAP_PMU,151,0.0002746630046595172
5,UPFC_tse,5-15,-2.128256055061986,62,-2.1375234122586417,MAP_PMU,151,0.009267357196655723
0,x_tcsc,1-14,-0.13738744273493295,63,-0.13739222511450724,MAP_PMU,151,4.782379574297391e-06
1,B_svc,2,0.28917473820358996,63,0.2891647730129281,MAP_PMU,151,9.965190661875845e-06
2,UPFC_Vsh,5-15,1.104773611635314,63,1.1061187971273359,MAP_PMU,151,0.0013451854920218942
3,UPFC_tsh,5-15,-0.2277226835653383,63,-0.22775076519667356,MAP_PMU,151,2.8081631335247215e-05
4,UPFC_Vse,5-15,0.05983686925968933,63,0.059584928542038354,MAP_PMU,151,0.0002519407176509794
5,UPFC_tse,5-15,-2.1403753859195143,63,-2.1375234122586417,MAP_PMU,151,0.002851973660872531
0,x_tcsc,1-14,-0.1374111362216767,64,-0.13739222511450724,MAP_PMU,151,1.8911107169450325e-05
1,B_svc,2,0.28921038810711336,64,0.2891647730129281,MAP_PMU,151,4.5615094185269545e-05
2,UPFC_Vsh,5-15,1.1042045415128037,64,1.1061187971273359,MAP_PMU,151,0.0019142556145321787
3,UPFC_tsh,5-15,-0.22779252954809065,64,-0.22775076519667356,MAP_PMU,151,4.176435141708956e-05
4,UPFC_Vse,5-15,0.060068345864654885,64,0.059584928542038354,MAP_PMU,151,0.0004834173226165306
5,UPFC_tse,5-15,-2.148731848149352,64,-2.1375234122586417,MAP_PMU,151,0.011208435890710078
0,x_tcsc,1-14,-0.13740861578776883,65,-0.13739222511450724,MAP_PMU,151,1.6390673261590383e-05
1,B_svc,2,0.289281097353128,65,0.2891647730129281,MAP_PMU,151,0.00011632434019992477
2,UPFC_Vsh,5-15,1.1046632237772442,65,1.1061187971273359,MAP_PMU,151,0.0014555733500916102
3,UPFC_tsh,5-15,-0.22780840583619122,65,-0.22775076519667356,MAP_PMU,151,5.764063951765874e-05
4,UPFC_Vse,5-15,0.059747499567873855,65,0.059584928542038354,MAP_PMU,151,0.00016257102583550065
5,UPFC_tse,5-15,-2.147780707695393,65,-2.1375234122586417,MAP_PMU,151,0.010257295436751246
0,x_tcsc,1-14,-0.13741120624239528,66,-0.13739222511450724,MAP_PMU,151,1.8981127888034743e-05
1,B_svc,2,0.2898373926859906,66,0.2891647730129281,MAP_PMU,151,0.0006726196730625356
2,UPFC_Vsh,5-15,1.1041136159882632,66,1.1061187971273359,MAP_PMU,151,0.002005181139072665
3,UPFC_tsh,5-15,-0.2277503047565867,66,-0.22775076519667356,MAP_PMU,151,4.604400868635228e-07
4,UPFC_Vse,5-15,0.05941108974996336,66,0.059584928542038354,MAP_PMU,151,0.00017383879207499148
5,UPFC_tse,5-15,-2.148835258107054,66,-2.1375234122586417,MAP_PMU,151,0.011311845848412272
0,x_tcsc,1-14,-0.13740017114862596,67,-0.13739222511450724,MAP_PMU,151,7.946034118716527e-06
1,B_svc,2,0.28996925344491326,67,0.2891647730129281,MAP_PMU,151,0.0008044804319851662
2,UPFC_Vsh,5-15,1.1041422827756406,67,1.1061187971273359,MAP_PMU,151,0.0019765143516952133
3,UPFC_tsh,5-15,-0.22777979818741342,67,-0.22775076519667356,MAP_PMU,151,2.903299073986343e-05
4,UPFC_Vse,5-15,0.05978613847053754,67,0.059584928542038354,MAP_PMU,151,0.00020120992849918806
5,UPFC_tse,5-15,-2.144962330616869,67,-2.1375234122586417,MAP_PMU,151,0.007438918358227298
0,x_tcsc,1-14,-0.1373956673104418,68,-0.13739222511450724,MAP_PMU,151,3.4421959345665165e-06
1,B_svc,2,0.2894476966085547,68,0.2891647730129281,MAP_PMU,151,0.0002829235956265941
2,UPFC_Vsh,5-15,1.104753773049702,68,1.1061187971273359,MAP_PMU,151,0.0013650240776339473
3,UPFC_tsh,5-15,-0.22771940527604856,68,-0.22775076519667356,MAP_PMU,151,3.135992062500148e-05
4,UPFC_Vse,5-15,0.059975017576168306,68,0.059584928542038354,MAP_PMU,151,0.00039008903412995205
5,UPFC_tse,5-15,-2.1424816206702566,68,-2.1375234122586417,MAP_PMU,151,0.004958208411614873
0,x_tcsc,1-14,-0.13739320460072393,69,-0.13739222511450724,MAP_PMU,151,9.794862166900842e-07
1,B_svc,2,0.288693220486931,69,0.2891647730129281,MAP_PMU,151,0.00047155252599706543
2,UPFC_Vsh,5-15,1.1044392432512138,69,1.1061187971273359,MAP_PMU,151,0.001679553876122064
3,UPFC_tsh,5-15,-0.22777834689691495,69,-0.22775076519667356,MAP_PMU,151,2.7581700241391394e-05
4,UPFC_Vse,5-15,0.06028969881721136,69,0.059584928542038354,MAP_PMU,151,0.0007047702751730028
5,UPFC_tse,5-15,-2.1580388522965923,69,-2.1375234122586417,MAP_PMU,151,0.020515440037950583
0,x_tcsc,1-14,-0.13740950263252766,70,-0.13739222511450724,MAP_PMU,151,1.727751802041433e-05
1,B_svc,2,0.2889795289422075,70,0.2891647730129281,MAP_PMU,151,0.00018524407072056936
2,UPFC_Vsh,5-15,1.1042770134655513,70,1.1061187971273359,MAP_PMU,151,0.0018417836617845573
3,UPFC_tsh,5-15,-0.22779554906477292,70,-0.22775076519667356,MAP_PMU,151,4.4783868099362856e-05
4,UPFC_Vse,5-15,0.05959682309470614,70,0.059584928542038354,MAP_PMU,151,1.1894552667784941e-05
5,UPFC_tse,5-15,-2.1514770350584342,70,-2.1375234122586417,MAP_PMU,151,0.013953622799792509
0,x_tcsc,1-14,-0.13741328721771343,71,-0.13739222511450724,MAP_PMU,151,2.106210320618196e-05
1,B_svc,2,0.28903457642296165,71,0.2891647730129281,MAP_PMU,151,0.0001301965899664359
2,UPFC_Vsh,5-15,1.1047156348221352,71,1.1061187971273359,MAP_PMU,151,0.0014031623052006559
3,UPFC_tsh,5-15,-0.22774110664499972,71,-0.22775076519667356,MAP_PMU,151,9.65855167384122e-06
4,UPFC_Vse,5-15,0.05965982837453231,71,0.059584928542038354,MAP_PMU,151,7.489983249395898e-05
5,UPFC_tse,5-15,-2.1369928697829557,71,-2.1375234122586417,MAP_PMU,151,0.0005305424756860688
0,x_tcsc,1-14,-0.13743114543660281,72,-0.13739222511450724,MAP_PMU,151,3.892032209557028e-05
1,B_svc,2,0.2894865018147611,72,0.2891647730129281,MAP_PMU,151,0.00032172880183301
2,UPFC_Vsh,5-15,1.1042488966657793,72,1.1061187971273359,MAP_PMU,151,0.0018699004615565507
3,UPFC_tsh,5-15,-0.22779534972651472,72,-0.22775076519667356,MAP_PMU,151,4.458452984115735e-05
4,UPFC_Vse,5-15,0.05996621145898162,72,0.059584928542038354,MAP_PMU,151,0.000381282916943268
5,UPFC_tse,5-15,-2.1498919352445016,72,-2.1375234122586417,MAP_PMU,151,0.012368522985859887
0,x_tcsc,1-14,-0.13740734961077233,73,-0.13739222511450724,MAP_PMU,151,1.5124496265089826e-05
1,B_svc,2,0.2891980466615541,73,0.2891647730129281,MAP_PMU,151,3.3273648625986585e-05
2,UPFC_Vsh,5-15,1.1040459431220644,73,1.1061187971273359,MAP_PMU,151,0.002072854005271463
3,UPFC_tsh,5-15,-0.22781456092256033,73,-0.22775076519667356,MAP_PMU,151,6.379572588677274e-05
4,UPFC_Vse,5-15,0.05990403507443632,73,0.059584928542038354,MAP_PMU,151,0.00031910653239796555
5,UPFC_tse,5-15,-2.151972362534014,73,-2.1375234122586417,MAP_PMU,151,0.014448950275372408
0,x_tcsc,1-14,-0.13742626057994003,74,-0.13739222511450724,MAP_PMU,151,3.4035465432791234e-05
1,B_svc,2,0.28961480831219605,74,0.2891647730129281,MAP_PMU,151,0.00045003529926795904
2,UPFC_Vsh,5-15,1.1046811921232689,74,1.1061187971273359,MAP_PMU,151,0.0014376050040669774
3,UPFC_tsh,5-15,-0.22776776840045304,74,-0.22775076519667356,MAP_PMU,151,1.7003203779480947e-05
4,UPFC_Vse,5-15,0.060050268512051315,74,0.059584928542038354,MAP_PMU,151,0.00046533997001296096
5,UPFC_tse,5-15,-2.1346022872397072,74,-2.1375234122586417,MAP_PMU,151,0.0029211250189344895
0,x_tcsc,1-14,-0.13742217999386647,75,-0.13739222511450724,MAP_PMU,151,2.995487935922303e-05
1,B_svc,2,0.2891788066628945,75,0.2891647730129281,MAP_PMU,151,1.403364996643841e-05
2,UPFC_Vsh,5-15,1.1042666635406138,75,1.1061187971273359,MAP_PMU,151,0.0018521335867220934
3,UPFC_tsh,5-15,-0.22778714264040625,75,-0.22775076519667356,MAP_PMU,151,3.637744373269358e-05
4,UPFC_Vse,5-15,0.0603051022751717,75,0.059584928542038354,MAP_PMU,151,0.0007201737331333433
5,UPFC_tse,5-15,-2.1428664319017208,75,-2.1375234122586417,MAP_PMU,151,0.005343019643079039
0,x_tcsc,1-14,-0.13742767707990763,76,-0.13739222511450724,MAP_PMU,151,3.545196540039042e-05
1,B_svc,2,0.28940665014014333,76,0.2891647730129281,MAP_PMU,151,0.0002418771272152398
2,UPFC_Vsh,5-15,1.104287345694975,76,1.1061187971273359,MAP_PMU,151,0.0018314514323607423
3,UPFC_tsh,5-15,-0.2277641429820376,76,-0.22775076519667356,MAP_PMU,151,1.3377785364032668e-05
4,UPFC_Vse,5-15,0.0602108889658383,76,0.059584928542038354,MAP_PMU,151,0.0006259604237999483
5,UPFC_tse,5-15,-2.1428950631896937,76,-2.1375234122586417,MAP_PMU,151,0.005371650931051963
0,x_tcsc,1-14,-0.13738459252646099,77,-0.13739222511450724,MAP_PMU,151,7.632588046257993e-06
1,B_svc,2,0.2890037704838603,77,0.2891647730129281,MAP_PMU,151,0.00016100252906781076
2,UPFC_Vsh,5-15,1.1042822562449943,77,1.1061187971273359,MAP_PMU,151,0.0018365408823415308
3,UPFC_tsh,5-15,-0.2278435999860016,77,-0.22775076519667356,MAP_PMU,151,9.283478932803346e-05
4,UPFC_Vse,5-15,0.059724549734931555,77,0.059584928542038354,MAP_PMU,151,0.0001396211928932009
5,UPFC_tse,5-15,-2.151138270096459,77,-2.1375234122586417,MAP_PMU,151,0.01361485783781724
0,x_tcsc,1-14,-0.13742655898904904,78,-0.13739222511450724,MAP_PMU,151,3.433387454179759e-05
1,B_svc,2,0.2889793749705465,78,0.2891647730129281,MAP_PMU,151,0.0001853980423816015
2,UPFC_Vsh,5-15,1.1044387590418348,78,1.1061187971273359,MAP_PMU,151,0.001680038085501101
3,UPFC_tsh,5-15,-0.22784799636817535,78,-0.22775076519667356,MAP_PMU,151,9.723117150178817e-05
4,UPFC_Vse,5-15,0.05972909298663918,78,0.059584928542038354,MAP_PMU,151,0.00014416444460082362
5,UPFC_tse,5-15,-2.153914465441546,78,-2.1375234122586417,MAP_PMU,151,0.016391053182904347
0,x_tcsc,1-14,-0.13738658847283203,79,-0.13739222511450724,MAP_PMU,151,5.6366416752162696e-06
1,B_svc,2,0.2889192178184006,79,0.2891647730129281,MAP_PMU,151,0.0002455551945275136
2,UPFC_Vsh,5-15,1.1044007129320177,79,1.1061187971273359,MAP_PMU,151,0.0017180841953181591
3,UPFC_tsh,5-15,-0.2278056273053331,79,-0.22775076519667356,MAP_PMU,151,5.486210865954244e-05
4,UPFC_Vse,5-15,0.06008729076692638,79,0.059584928542038354,MAP_PMU,151,0.0005023622248880241
5,UPFC_tse,5-15,-2.1526315664611264,79,-2.1375234122586417,MAP_PMU,151,0.01510815420248468
0,x_tcsc,1-14,-0.13739532233062549,80,-0.13739222511450724,MAP_PMU,151,3.0972161182418745e-06
1,B_svc,2,0.2891683023919432,80,0.2891647730129281,MAP_PMU,151,3.529379015099199e-06
2,UPFC_Vsh,5-15,1.1043408987837022,80,1.1061187971273359,MAP_PMU,151,0.0017778983436336215
3,UPFC_tsh,5-15,-0.22785067706677642,80,-0.22775076519667356,MAP_PMU,151,9.991187010285896e-05
4,UPFC_Vse,5-15,0.05976763402893135,80,0.059584928542038354,MAP_PMU,151,0.00018270548689299643
5,UPFC_tse,5-15,-2.1539614572585926,80,-2.1375234122586417,MAP_PMU,151,0.01643804499995083
0,x_tcsc,1-14,-0.13741311322633418,81,-0.13739222511450724,MAP_PMU,151,2.0888111826933287e-05
1,B_svc,2,0.289035122423719,81,0.2891647730129281,MAP_PMU,151,0.0001296505892091071
2,UPFC_Vsh,5-15,1.1041776540771255,81,1.1061187971273359,MAP_PMU,151,0.0019411430502103144
3,UPFC_tsh,5-15,-0.22775148076866653,81,-0.22775076519667356,MAP_PMU,151,7.15571992965236e-07
4,UPFC_Vse,5-15,0.06045017152359525,81,0.059584928542038354,MAP_PMU,151,0.0008652429815568935
5,UPFC_tse,5-15,-2.140884748533775,81,-2.1375234122586417,MAP_PMU,151,0.003361336275133464
0,x_tcsc,1-14,-0.13742025634691765,82,-0.13739222511450724,MAP_PMU,151,2.803123241040817e-05
1,B_svc,2,0.28922984582621314,82,0.2891647730129281,MAP_PMU,151,6.507281328504977e-05
2,UPFC_Vsh,5-15,1.104757984056832,82,1.1061187971273359,MAP_PMU,151,0.0013608130705038413
3,UPFC_tsh,5-15,-0.22768938119844653,82,-0.22775076519667356,MAP_PMU,151,6.1383998227027e-05
4,UPFC_Vse,5-15,0.05957267445799011,82,0.059584928542038354,MAP_PMU,151,1.2254084048243796e-05
5,UPFC_tse,5-15,-2.140559203611031,82,-2.1375234122586417,MAP_PMU,151,0.0030357913523890723
0,x_tcsc,1-14,-0.13737622646260805,83,-0.13739222511450724,MAP_PMU,151,1.5998651899190586e-05
1,B_svc,2,0.2889801832664704,83,0.2891647730129281,MAP_PMU,151,0.00018458974645768622
2,UPFC_Vsh,5-15,1.104140406826431,83,1.1061187971273359,MAP_PMU,151,0.001978390300904742
3,UPFC_tsh,5-15,-0.2277918481944191,83,-0.22775076519667356,MAP_PMU,151,4.108299774555069e-05
4,UPFC_Vse,5-15,0.06003779824741729,83,0.059584928542038354,MAP_PMU,151,0.0004528697053789374
5,UPFC_tse,5-15,-2.146704023153754,83,-2.1375234122586417,MAP_PMU,151,0.009180610895112462
0,x_tcsc,1-14,-0.13741125422533118,84,-0.13739222511450724,MAP_PMU,151,1.90291108239371e-05
1,B_svc,2,0.2895343901305051,84,0.2891647730129281,MAP_PMU,151,0.00036961711757699245
2,UPFC_Vsh,5-15,1.104326668173934,84,1.1061187971273359,MAP_PMU,151,0.0017921289534017504
3,UPFC_tsh,5-15,-0.22777280384625087,84,-0.22775076519667356,MAP_PMU,151,2.203864957731061e-05
4,UPFC_Vse,5-15,0.05992360009944654,84,0.059584928542038354,MAP_PMU,151,0.0003386715574081878
5,UPFC_tse,5-15,-2.1511860734427364,84,-2.1375234122586417,MAP_PMU,151,0.013662661184094649
0,x_tcsc,1-14,-0.13739609923260282,85,-0.13739222511450724,MAP_PMU,151,3.874118095575918e-06
1,B_svc,2,0.2889784466682949,85,0.2891647730129281,MAP_PMU,151,0.00018632634463316977
2,UPFC_Vsh,5-15,1.1042827503426744,85,1.1061187971273359,MAP_PMU,151,0.001836046784661427
3,UPFC_tsh,5-15,-0.22783567011691755,85,-0.22775076519667356,MAP_PMU,151,8.490492024398888e-05
4,UPFC_Vse,5-15,0.05978628265259971,85,0.059584928542038354,MAP_PMU,151,0.00020135411056135255
5,UPFC_tse,5-15,-2.15199314363244,85,-2.1375234122586417,MAP_PMU,151,0.014469731373798478
0,x_tcsc,1-14,-0.13740470164370022,86,-0.13739222511450724,MAP_PMU,151,1.247652919297848e-05
1,B_svc,2,0.28930094355111574,86,0.2891647730129281,MAP_PMU,151,0.00013617053818765212
2,UPFC_Vsh,5-15,1.1045989550068573,86,1.1061187971273359,MAP_PMU,151,0.0015198421204785095
3,UPFC_tsh,5-15,-0.2277856093192416,86,-0.22775076519667356,MAP_PMU,151,3.4844122568045144e-05
4,UPFC_Vse,5-15,0.06043317158823664,86,0.059584928542038354,MAP_PMU,151,0.0008482430461982868
5,UPFC_tse,5-15,-2.142027762108485,86,-2.1375234122586417,MAP_PMU,151,0.004504349849843159
0,x_tcsc,1-14,-0.13742189735067634,87,-0.13739222511450724,MAP_PMU,151,2.9672236169092647e-05
1,B_svc,2,0.28879377223096503,87,0.2891647730129281,MAP_PMU,151,0.0003710007819630601
2,UPFC_Vsh,5-15,1.1041186224057498,87,1.1061187971273359,MAP_PMU,151,0.00200017472158609
3,UPFC_tsh,5-15,-0.22778223609744103,87,-0.22775076519667356,MAP_PMU,151,3.147090076746628e-05
4,UPFC_Vse,5-15,0.06004525333815864,87,0.059584928542038354,MAP_PMU,151,0.0004603247961202858
5,UPFC_tse,5-15,-2.1477320556128956,87,-2.1375234122586417,MAP_PMU,151,0.010208643354253866
0,x_tcsc,1-14,-0.13741654031904538,88,-0.13739222511450724,MAP_PMU,151,2.4315204538133406e-05
1,B_svc,2,0.28885196643790306,88,0.2891647730129281,MAP_PMU,151,0.0003128065750250264
2,UPFC_Vsh,5-15,1.1048321954340905,88,1.1061187971273359,MAP_PMU,151,0.0012866016932453483
3,UPFC_tsh,5-15,-0.22774174742596814,88,-0.22775076519667356,MAP_PMU,151,9.017770705416206e-06
4,UPFC_Vse,5-15,0.059549709166331455,88,0.059584928542038354,MAP_PMU,151,3.521937570689915e-05
5,UPFC_tse,5-15,-2.1352603480592465,88,-2.1375234122586417,MAP_PMU,151,0.0022630641993952594
0,x_tcsc,1-14,-0.1373907767622123,89,-0.13739222511450724,MAP_PMU,151,1.448352294930455e-06
1,B_svc,2,0.28935218171484434,89,0.2891647730129281,MAP_PMU,151,0.00018740870191624737
2,UPFC_Vsh,5-15,1.1039532228495808,89,1.1061187971273359,MAP_PMU,151,0.0021655742777551
3,UPFC_tsh,5-15,-0.22789314591976503,89,-0.22775076519667356,MAP_PMU,151,0.0001423807230914731
4,UPFC_Vse,5-15,0.060364260336874156,89,0.059584928542038354,MAP_PMU,151,0.0007793317948358025
5,UPFC_tse,5-15,-2.1503286565108697,89,-2.1375234122586417,MAP_PMU,151,0.012805244252227954
0,x_tcsc,1-14,-0.1373943884783735,90,-0.13739222511450724,MAP_PMU,151,2.1633638662699184e-06
1,B_svc,2,0.2891055225128722,90,0.2891647730129281,MAP_PMU,151,5.925050005589627e-05
2,UPFC_Vsh,5-15,1.1044847722321556,90,1.1061187971273359,MAP_PMU,151,0.001634024895180275
3,UPFC_tsh,5-15,-0.2277367199358439,90,-0.22775076519667356,MAP_PMU,151,1.4045260829653738e-05
4,UPFC_Vse,5-15,0.06007429214012855,90,0.059584928542038354,MAP_PMU,151,0.000489363598090195
5,UPFC_tse,5-15,-2.1416084552401915,90,-2.1375234122586417,MAP_PMU,151,0.004085042981549769
0,x_tcsc,1-14,-0.13742614721868873,91,-0.13739222511450724,MAP_PMU,151,3.3922104181488555e-05
1,B_svc,2,0.2889316572062312,91,0.2891647730129281,MAP_PMU,151,0.00023311580669688192
2,UPFC_Vsh,5-15,1.1043482969127896,91,1.1061187971273359,MAP_PMU,151,0.0017705002145462778
3,UPFC_tsh,5-15,-0.2277899200481523,91,-0.22775076519667356,MAP_PMU,151,3.915485147873432e-05
4,UPFC_Vse,5-15,0.05978750952481009,91,0.059584928542038354,MAP_PMU,151,0.00020258098277173286
5,UPFC_tse,5-15,-2.1570208514046234,91,-2.1375234122586417,MAP_PMU,151,0.019497439145981676
0,x_tcsc,1-14,-0.13742072896767327,92,-0.13739222511450724,MAP_PMU,151,2.8503853166023108e-05
1,B_svc,2,0.2883377766175516,92,0.2891647730129281,MAP_PMU,151,0.0008269963953764781
2,UPFC_Vsh,5-15,1.1043862541013223,92,1.1061187971273359,MAP_PMU,151,0.0017325430260135555
3,UPFC_tsh,5-15,-0.22773768541062744,92,-0.22775076519667356,MAP_PMU,151,1.307978604611626e-05
4,UPFC_Vse,5-15,0.05945493978678664,92,0.059584928542038354,MAP_PMU,151,0.00012998875525171288
5,UPFC_tse,5-15,-2.132111058784214,92,-2.1375234122586417,MAP_PMU,151,0.0054123534744277
0,x_tcsc,1-14,-0.13739366039289597,93,-0.13739222511450724,MAP_PMU,151,1.435278388722816e-06
1,B_svc,2,0.2893831762767747,93,0.2891647730129281,MAP_PMU,151,0.00021840326384658937
2,UPFC_Vsh,5-15,1.1045698660449836,93,1.1061187971273359,MAP_PMU,151,0.0015489310823522118
3,UPFC_tsh,5-15,-0.22777931802292029,93,-0.22775076519667356,MAP_PMU,151,2.855282624672495e-05
4,UPFC_Vse,5-15,0.059657777958763064,93,0.059584928542038354,MAP_PMU,151,7.284941672471013e-05
5,UPFC_tse,5-15,-2.1457272967389733,93,-2.1375234122586417,MAP_PMU,151,0.008203884480331602
0,x_tcsc,1-14,-0.13742535511502432,94,-0.13739222511450724,MAP_PMU,151,3.3130000517078706e-05
1,B_svc,2,0.28957722497204386,94,0.2891647730129281,MAP_PMU,151,0.00041245195911576715
2,UPFC_Vsh,5-15,1.104812206329709,94,1.1061187971273359,MAP_PMU,151,0.0013065907976268498
3,UPFC_tsh,5-15,-0.22776011833178375,94,-0.22775076519667356,MAP_PMU,151,9.353135110190536e-06
4,UPFC_Vse,5-15,0.05954249965524146,94,0.059584928542038354,MAP_PMU,151,4.2428886796896936e-05
5,UPFC_tse,5-15,-2.1503204717643785,94,-2.1375234122586417,MAP_PMU,151,0.01279705950573673
0,x_tcsc,1-14,-0.13740162103767556,95,-0.13739222511450724,MAP_PMU,151,9.395923168314946e-06
1,B_svc,2,0.2895336095265919,95,0.2891647730129281,MAP_PMU,151,0.0003688365136638172
2,UPFC_Vsh,5-15,1.1041200159044247,95,1.1061187971273359,MAP_PMU,151,0.0019987812229111945
3,UPFC_tsh,5-15,-0.22780977896788365,95,-0.22775076519667356,MAP_PMU,151,5.9013771210092436e-05
4,UPFC_Vse,5-15,0.059979173811051,95,0.059584928542038354,MAP_PMU,151,0.0003942452690126469
5,UPFC_tse,5-15,-2.1532142824615574,95,-2.1375234122586417,MAP_PMU,151,0.015690870202915708
0,x_tcsc,1-14,-0.13740970998990243,96,-0.13739222511450724,MAP_PMU,151,1.7484875395185062e-05
1,B_svc,2,0.28867042614825666,96,0.2891647730129281,MAP_PMU,151,0.0004943468646714244
2,UPFC_Vsh,5-15,1.104425679592704,96,1.1061187971273359,MAP_PMU,151,0.0016931175346317495
3,UPFC_tsh,5-15,-0.227763919995415,96,-0.22775076519667356,MAP_PMU,151,1.3154798741449314e-05
4,UPFC_Vse,5-15,0.059912609181214826,96,0.059584928542038354,MAP_PMU,151,0.0003276806391764725
5,UPFC_tse,5-15,-2.1531698714421896,96,-2.1375234122586417,MAP_PMU,151,0.0156464591835479
0,x_tcsc,1-14,-0.13744503998561688,97,-0.13739222511450724,MAP_PMU,151,5.2814871109641004e-05
1,B_svc,2,0.28859405320970827,97,0.2891647730129281,MAP_PMU,151,0.0005707198032198213
2,UPFC_Vsh,5-15,1.1042590646239863,97,1.1061187971273359,MAP_PMU,151,0.001859732503349587
3,UPFC_tsh,5-15,-0.22777781200964808,97,-0.22775076519667356,MAP_PMU,151,2.7046812974523826e-05
4,UPFC_Vse,5-15,0.0600575282713832,97,0.059584928542038354,MAP_PMU,151,0.00047259972934484556
5,UPFC_tse,5-15,-2.154513763320212,97,-2.1375234122586417,MAP_PMU,151,0.01699035106157032
0,x_tcsc,1-14,-0.13739274689720962,98,-0.13739222511450724,MAP_PMU,151,5.217827023784594e-07
1,B_svc,2,0.28883494841988633,98,0.2891647730129281,MAP_PMU,151,0.00032982459304176093
2,UPFC_Vsh,5-15,1.1043865306915845,98,1.1061187971273359,MAP_PMU,151,0.0017322664357513062
3,UPFC_tsh,5-15,-0.22781085881798074,98,-0.22775076519667356,MAP_PMU,151,6.009362130718343e-05
4,UPFC_Vse,5-15,0.060194059116385014,98,0.059584928542038354,MAP_PMU,151,0.0006091305743466599
5,UPFC_tse,5-15,-2.1481880196368297,98,-2.1375234122586417,MAP_PMU,151,0.010664607378187974
0,x_tcsc,1-14,-0.13743654191066493,99,-0.13739222511450724,MAP_PMU,151,4.4316796157684024e-05
1,B_svc,2,0.28859829870724574,99,0.2891647730129281,MAP_PMU,151,0.0005664743056823518
2,UPFC_Vsh,5-15,1.1046062609378693,99,1.1061187971273359,MAP_PMU,151,0.0015125361894665623
3,UPFC_tsh,5-15,-0.22774854129633165,99,-0.22775076519667356,MAP_PMU,151,2.2239003419077807e-06
4,UPFC_Vse,5-15,0.05957522593344529,99,0.059584928542038354,MAP_PMU,151,9.702608593065154e-06
5,UPFC_tse,5-15,-2.1487135718920847,99,-2.1375234122586417,MAP_PMU,151,0.011190159633442942
0,x_tcsc,1-14,-0.13986441319027296,0,-0.13985838782808235,MAP_PMU,153,6.025362190603678e-06
1,B_svc,2,0.30121192924419765,0,0.3014592819457357,MAP_PMU,153,0.00024735270153802835
2,UPFC_Vsh,5-15,1.1048505707109697,0,1.1047704921768118,MAP_PMU,153,8.007853415792354e-05
3,UPFC_tsh,5-15,-0.22616447964966652,0,-0.22619865019323943,MAP_PMU,153,3.417054357290894e-05
4,UPFC_Vse,5-15,0.059508311353279414,0,0.05833418409060813,MAP_PMU,153,0.0011741272626712845
5,UPFC_tse,5-15,-2.1405504459228673,0,-2.134175248315018,MAP_PMU,153,0.0063751976078494366
0,x_tcsc,1-14,-0.13987241827826752,1,-0.13985838782808235,MAP_PMU,153,1.4030450185165133e-05
1,B_svc,2,0.3013978095840939,1,0.3014592819457357,MAP_PMU,153,6.147236164177894e-05
2,UPFC_Vsh,5-15,1.1047561022627987,1,1.1047704921768118,MAP_PMU,153,1.4389914013035465e-05
3,UPFC_tsh,5-15,-0.22621052165271927,1,-0.22619865019323943,MAP_PMU,153,1.1871459479839697e-05
4,UPFC_Vse,5-15,0.05872780920259782,1,0.05833418409060813,MAP_PMU,153,0.00039362511198968997
5,UPFC_tse,5-15,-2.1352712639674274,1,-2.134175248315018,MAP_PMU,153,0.0010960156524095765
0,x_tcsc,1-14,-0.1398841639833817,2,-0.13985838782808235,MAP_PMU,153,2.577615529933408e-05
1,B_svc,2,0.3016863755149417,2,0.3014592819457357,MAP_PMU,153,0.0002270935692060272
2,UPFC_Vsh,5-15,1.104565929461554,2,1.1047704921768118,MAP_PMU,153,0.00020456271525781666
3,UPFC_tsh,5-15,-0.2262706201107571,2,-0.22619865019323943,MAP_PMU,153,7.1969917517678e-05
4,UPFC_Vse,5-15,0.059910951941085616,2,0.05833418409060813,MAP_PMU,153,0.0015767678504774868
5,UPFC_tse,5-15,-2.1424697936815007,2,-2.134175248315018,MAP_PMU,153,0.008294545366482886
0,x_tcsc,1-14,-0.13987939743167438,3,-0.13985838782808235,MAP_PMU,153,2.100960359202597e-05
1,B_svc,2,0.30135907838129905,3,0.3014592819457357,MAP_PMU,153,0.00010020356443662948
2,UPFC_Vsh,5-15,1.104528006776445,3,1.1047704921768118,MAP_PMU,153,0.00024248540036686528
3,UPFC_tsh,5-15,-0.22621495721112256,3,-0.22619865019323943,MAP_PMU,153,1.6307017883132602e-05
4,UPFC_Vse,5-15,0.060124751857245154,3,0.05833418409060813,MAP_PMU,153,0.0017905677666370245
5,UPFC_tse,5-15,-2.148228595081312,3,-2.134175248315018,MAP_PMU,153,0.014053346766293995
0,x_tcsc,1-14,-0.1398587390659923,4,-0.13985838782808235,MAP_PMU,153,3.5123790995128523e-07
1,B_svc,2,0.30098641811031795,4,0.3014592819457357,MAP_PMU,153,0.00047286383541772503
2,UPFC_Vsh,5-15,1.1047757995675755,4,1.1047704921768118,MAP_PMU,153,5.30739076376463e-06
3,UPFC_tsh,5-15,-0.22626141950021056,4,-0.22619865019323943,MAP_PMU,153,6.276930697113325e-05
4,UPFC_Vse,5-15,0.059691489488433176,4,0.05833418409060813,MAP_PMU,153,0.0013573053978250468
5,UPFC_tse,5-15,-2.144804403869055,4,-2.134175248315018,MAP_PMU,153,0.010629155554036984
0,x_tcsc,1-14,-0.1398520349766427,5,-0.13985838782808235,MAP_PMU,153,6.3528514396560265e-06
1,B_svc,2,0.30127323126629757,5,0.3014592819457357,MAP_PMU,153,0.00018605067943811004
2,UPFC_Vsh,5-15,1.104777023318117,5,1.1047704921768118,MAP_PMU,153,6.531141305110566e-06
3,UPFC_tsh,5-15,-0.2262279392450279,5,-0.22619865019323943,MAP_PMU,153,2.928905178847807e-05
4,UPFC_Vse,5-15,0.05989618309457702,5,0.05833418409060813,MAP_PMU,153,0.0015619990039688891
5,UPFC_tse,5-15,-2.131311335862023,5,-2.134175248315018,MAP_PMU,153,0.002863912452994999
0,x_tcsc,1-14,-0.13987629952446537,6,-0.13985838782808235,MAP_PMU,153,1.791169638301615e-05
1,B_svc,2,0.3015726740178217,6,0.3014592819457357,MAP_PMU,153,0.00011339207208599378
2,UPFC_Vsh,5-15,1.1046069960108207,6,1.1047704921768118,MAP_PMU,153,0.00016349616599109495
3,UPFC_tsh,5-15,-0.22620207903499043,6,-0.22619865019323943,MAP_PMU,153,3.4288417510019986e-06
4,UPFC_Vse,5-15,0.05961658988981281,6,0.05833418409060813,MAP_PMU,153,0.001282405799204682
5,UPFC_tse,5-15,-2.1499787988868855,6,-2.134175248315018,MAP_PMU,153,0.015803550571867664
0,x_tcsc,1-14,-0.13986220327615653,7,-0.13985838782808235,MAP_PMU,153,3.815448074179217e-06
1,B_svc,2,0.30148653833837485,7,0.3014592819457357,MAP_PMU,153,2.7256392639174454e-05
2,UPFC_Vsh,5-15,1.1044256437995303,7,1.1047704921768118,MAP_PMU,153,0.000344848377281437
3,UPFC_tsh,5-15,-0.22621086322951298,7,-0.22619865019323943,MAP_PMU,153,1.2213036273550637e-05
4,UPFC_Vse,5-15,0.05966246887006321,7,0.05833418409060813,MAP_PMU,153,0.0013282847794550828
5,UPFC_tse,5-15,-2.1508848400618126,7,-2.134175248315018,MAP_PMU,153,0.01670959174679476
0,x_tcsc,1-14,-0.13987279717325019,8,-0.13985838782808235,MAP_PMU,153,1.4409345167831766e-05
1,B_svc,2,0.30143948016419764,8,0.3014592819457357,MAP_PMU,153,1.9801781538042462e-05
2,UPFC_Vsh,5-15,1.104736457149285,8,1.1047704921768118,MAP_PMU,153,3.4035027526746475e-05
3,UPFC_tsh,5-15,-0.22621667531808562,8,-0.22619865019323943,MAP_PMU,153,1.8025124846193785e-05
4,UPFC_Vse,5-15,0.059526288524277285,8,0.05833418409060813,MAP_PMU,153,0.0011921044336691555
5,UPFC_tse,5-15,-2.1406758281265437,8,-2.134175248315018,MAP_PMU,153,0.006500579811525853
0,x_tcsc,1-14,-0.13989821863272936,9,-0.13985838782808235,MAP_PMU,153,3.983080464700639e-05
1,B_svc,2,0.3012125026545892,9,0.3014592819457357,MAP_PMU,153,0.00024677929114647057
2,UPFC_Vsh,5-15,1.1047504472113003,9,1.1047704921768118,MAP_PMU,153,2.0044965511445412e-05
3,UPFC_tsh,5-15,-0.22625430448974074,9,-0.22619865019323943,MAP_PMU,153,5.565429650131182e-05
4,UPFC_Vse,5-15,0.05974212040933924,9,0.05833418409060813,MAP_PMU,153,0.0014079363187311095
5,UPFC_tse,5-15,-2.1521276498860415,9,-2.134175248315018,MAP_PMU,153,0.017952401571023735
0,x_tcsc,1-14,-0.13984335222215363,10,-0.13985838782808235,MAP_PMU,153,1.5035605928720441e-05
1,B_svc,2,0.3015131443037603,10,0.3014592819457357,MAP_PMU,153,5.386235802462558e-05
2,UPFC_Vsh,5-15,1.1050123716296538,10,1.1047704921768118,MAP_PMU,153,0.00024187945284204204
3,UPFC_tsh,5-15,-0.22622140344927394,10,-0.22619865019323943,MAP_PMU,153,2.275325603451339e-05
4,UPFC_Vse,5-15,0.05970678349023392,10,0.05833418409060813,MAP_PMU,153,0.001372599399625793
5,UPFC_tse,5-15,-2.1470152845310673,10,-2.134175248315018,MAP_PMU,153,0.012840036216049455
0,x_tcsc,1-14,-0.13985431332295817,11,-0.13985838782808235,MAP_PMU,153,4.074505124185279e-06
1,B_svc,2,0.3012457085393366,11,0.3014592819457357,MAP_PMU,153,0.0002135734063991035
2,UPFC_Vsh,5-15,1.1044105601833956,11,1.1047704921768118,MAP_PMU,153,0.0003599319934162182
3,UPFC_tsh,5-15,-0.22620982753441235,11,-0.22619865019323943,MAP_PMU,153,1.1177341172924349e-05
4,UPFC_Vse,5-15,0.05960458195822859,11,0.05833418409060813,MAP_PMU,153,0.001270397867620461
5,UPFC_tse,5-15,-2.14141612285236,11,-2.134175248315018,MAP_PMU,153,0.0072408745373420125
0,x_tcsc,1-14,-0.1398614006745885,12,-0.13985838782808235,MAP_PMU,153,3.0128465061396437e-06
1,B_svc,2,0.3022104049795286,12,0.3014592819457357,MAP_PMU,153,0.0007511230337929331
2,UPFC_Vsh,5-15,1.1043061055903878,12,1.1047704921768118,MAP_PMU,153,0.00046438658642400377
3,UPFC_tsh,5-15,-0.22629812013104503,12,-0.22619865019323943,MAP_PMU,153,9.946993780560187e-05
4,UPFC_Vse,5-15,0.05898517437680708,12,0.05833418409060813,MAP_PMU,153,0.0006509902861989506
5,UPFC_tse,5-15,-2.146760460700573,12,-2.134175248315018,MAP_PMU,153,0.012585212385554989
0,x_tcsc,1-14,-0.13985513611655132,13,-0.13985838782808235,MAP_PMU,153,3.251711531038204e-06
1,B_svc,2,0.30187199649929886,13,0.3014592819457357,MAP_PMU,153,0.000412714553563176
2,UPFC_Vsh,5-15,1.104823805874919,13,1.1047704921768118,MAP_PMU,153,5.331369810712694e-05
3,UPFC_tsh,5-15,-0.2262961552298643,13,-0.22619865019323943,MAP_PMU,153,9.750503662486754e-05
4,UPFC_Vse,5-15,0.05966493552846092,13,0.05833418409060813,MAP_PMU,153,0.0013307514378527938
5,UPFC_tse,5-15,-2.1520129484567962,13,-2.134175248315018,MAP_PMU,153,0.017837700141778434
0,x_tcsc,1-14,-0.1398540837902405,14,-0.13985838782808235,MAP_PMU,153,4.304037841851294e-06
1,B_svc,2,0.30149261515580955,14,0.3014592819457357,MAP_PMU,153,3.3333210073871467e-05
2,UPFC_Vsh,5-15,1.1040704801849315,14,1.1047704921768118,MAP_PMU,153,0.0007000119918803005
3,UPFC_tsh,5-15,-0.2262245323314368,14,-0.22619865019323943,MAP_PMU,153,2.588213819737506e-05
4,UPFC_Vse,5-15,0.05968931951020026,14,0.05833418409060813,MAP_PMU,153,0.0013551354195921322
5,UPFC_tse,5-15,-2.1355919865875674,14,-2.134175248315018,MAP_PMU,153,0.0014167382725496225
0,x_tcsc,1-14,-0.13985704081421518,15,-0.13985838782808235,MAP_PMU,153,1.347013867170066e-06
1,B_svc,2,0.3012830596375154,15,0.3014592819457357,MAP_PMU,153,0.00017622230822028628
2,UPFC_Vsh,5-15,1.1041029269454274,15,1.1047704921768118,MAP_PMU,153,0.0006675652313843372
3,UPFC_tsh,5-15,-0.2262712376002245,15,-0.22619865019323943,MAP_PMU,153,7.25874069850696e-05
4,UPFC_Vse,5-15,0.059779544295452104,15,0.05833418409060813,MAP_PMU,153,0.0014453602048439748
5,UPFC_tse,5-15,-2.147154836874562,15,-2.134175248315018,MAP_PMU,153,0.012979588559544286
0,x_tcsc,1-14,-0.13984911746483772,16,-0.13985838782808235,MAP_PMU,153,9.270363244634483e-06
1,B_svc,2,0.3016874212549433,16,0.3014592819457357,MAP_PMU,153,0.00022813930920762004
2,UPFC_Vsh,5-15,1.104524164758988,16,1.1047704921768118,MAP_PMU,153,0.0002463274178237107
3,UPFC_tsh,5-15,-0.22620915839787295,16,-0.22619865019323943,MAP_PMU,153,1.0508204633524754e-05
4,UPFC_Vse,5-15,0.05929961993148086,16,0.05833418409060813,MAP_PMU,153,0.0009654358408727332
5,UPFC_tse,5-15,-2.151833384180458,16,-2.134175248315018,MAP_PMU,153,0.017658135865440183
0,x_tcsc,1-14,-0.1398402178533802,17,-0.13985838782808235,MAP_PMU,153,1.8169974702164637e-05
1,B_svc,2,0.301697000096998,17,0.3014592819457357,MAP_PMU,153,0.00023771815126233387
2,UPFC_Vsh,5-15,1.1044675605406729,17,1.1047704921768118,MAP_PMU,153,0.0003029316361389256
3,UPFC_tsh,5-15,-0.22622988821589327,17,-0.22619865019323943,MAP_PMU,153,3.1238022653840014e-05
4,UPFC_Vse,5-15,0.059429836324718745,17,0.05833418409060813,MAP_PMU,153,0.0010956522341106154
5,UPFC_tse,5-15,-2.1497574038177416,17,-2.134175248315018,MAP_PMU,153,0.015582155502723793
0,x_tcsc,1-14,-0.13987473443209608,18,-0.13985838782808235,MAP_PMU,153,1.634660401372834e-05
1,B_svc,2,0.30167945061463236,18,0.3014592819457357,MAP_PMU,153,0.00022016866889668085
2,UPFC_Vsh,5-15,1.1044115280337332,18,1.1047704921768118,MAP_PMU,153,0.00035896414307856617
3,UPFC_tsh,5-15,-0.22623423230630382,18,-0.22619865019323943,MAP_PMU,153,3.55821130643974e-05
4,UPFC_Vse,5-15,0.060108884801685775,18,0.05833418409060813,MAP_PMU,153,0.0017747007110776453
5,UPFC_tse,5-15,-2.1480155215645538,18,-2.134175248315018,MAP_PMU,153,0.013840273249535961
0,x_tcsc,1-14,-0.13984659934156954,19,-0.13985838782808235,MAP_PMU,153,1.1788486512814833e-05
1,B_svc,2,0.3013886125881239,19,0.3014592819457357,MAP_PMU,153,7.066935761179671e-05
2,UPFC_Vsh,5-15,1.104628530148875,19,1.1047704921768118,MAP_PMU,153,0.000141962027936815
3,UPFC_tsh,5-15,-0.22621339511393207,19,-0.22619865019323943,MAP_PMU,153,1.4744920692644214e-05
4,UPFC_Vse,5-15,0.05952649045791701,19,0.05833418409060813,MAP_PMU,153,0.0011923063673088818
5,UPFC_tse,5-15,-2.1407100565044628,19,-2.134175248315018,MAP_PMU,153,0.006534808189444963
0,x_tcsc,1-14,-0.13986184823208225,20,-0.13985838782808235,MAP_PMU,153,3.460403999899775e-06
1,B_svc,2,0.3019592754016752,20,0.3014592819457357,MAP_PMU,153,0.0004999934559395403
2,UPFC_Vsh,5-15,1.1044715962177587,20,1.1047704921768118,MAP_PMU,153,0.0002988959590530804
3,UPFC_tsh,5-15,-0.22628479217350575,20,-0.22619865019323943,MAP_PMU,153,8.614198026632436e-05
4,UPFC_Vse,5-15,0.0599513293509736,20,0.05833418409060813,MAP_PMU,153,0.0016171452603654726
5,UPFC_tse,5-15,-2.1477337349133885,20,-2.134175248315018,MAP_PMU,153,0.013558486598370667
0,x_tcsc,1-14,-0.13985592271720831,21,-0.13985838782808235,MAP_PMU,153,2.4651108740392225e-06
1,B_svc,2,0.3014234697499923,21,0.3014592819457357,MAP_PMU,153,3.5812195743389896e-05
2,UPFC_Vsh,5-15,1.1047054107744347,21,1.1047704921768118,MAP_PMU,153,6.508140237704296e-05
3,UPFC_tsh,5-15,-0.22622726539657168,21,-0.22619865019323943,MAP_PMU,153,2.861520333224954e-05
4,UPFC_Vse,5-15,0.060042542596864215,21,0.05833418409060813,MAP_PMU,153,0.0017083585062560858
5,UPFC_tse,5-15,-2.1453585422194084,21,-2.134175248315018,MAP_PMU,153,0.011183293904390545
0,x_tcsc,1-14,-0.1398730774549804,22,-0.13985838782808235,MAP_PMU,153,1.4689626898045649e-05
1,B_svc,2,0.30163895811844105,22,0.3014592819457357,MAP_PMU,153,0.0001796761727053675
2,UPFC_Vsh,5-15,1.1045217162817222,22,1.1047704921768118,MAP_PMU,153,0.0002487758950895369
3,UPFC_tsh,5-15,-0.22623656856265167,22,-0.22619865019323943,MAP_PMU,153,3.791836941224869e-05
4,UPFC_Vse,5-15,0.05929724883834017,22,0.05833418409060813,MAP_PMU,153,0.0009630647477320425
5,UPFC_tse,5-15,-2.1373503486205605,22,-2.134175248315018,MAP_PMU,153,0.0031751003055426885
0,x_tcsc,1-14,-0.13987267929111152,23,-0.13985838782808235,MAP_PMU,153,1.429146302917017e-05
1,B_svc,2,0.30160226965429315,23,0.3014592819457357,MAP_PMU,153,0.00014298770855747378
2,UPFC_Vsh,5-15,1.1044938280871115,23,1.1047704921768118,MAP_PMU,153,0.0002766640897002848
3,UPFC_tsh,5-15,-0.2263223975385584,23,-0.22619865019323943,MAP_PMU,153,0.00012374734531897524
4,UPFC_Vse,5-15,0.05964840508197295,23,0.05833418409060813,MAP_PMU,153,0.0013142209913648215
5,UPFC_tse,5-15,-2.1427876369023315,23,-2.134175248315018,MAP_PMU,153,0.008612388587313724
0,x_tcsc,1-14,-0.13985926198696977,24,-0.13985838782808235,MAP_PMU,153,8.741588874150441e-07
1,B_svc,2,0.30162720777289526,24,0.3014592819457357,MAP_PMU,153,0.00016792582715957627
2,UPFC_Vsh,5-15,1.1042382928979162,24,1.1047704921768118,MAP_PMU,153,0.0005321992788955843
3,UPFC_tsh,5-15,-0.2262615973842154,24,-0.22619865019323943,MAP_PMU,153,6.29471909759649e-05
4,UPFC_Vse,5-15,0.05988671831015357,24,0.05833418409060813,MAP_PMU,153,0.0015525342195454386
5,UPFC_tse,5-15,-2.144588274052334,24,-2.134175248315018,MAP_PMU,153,0.010413025737316062
0,x_tcsc,1-14,-0.13984276303835216,25,-0.13985838782808235,MAP_PMU,153,1.562478973018977e-05
1,B_svc,2,0.3009261339595224,25,0.3014592819457357,MAP_PMU,153,0.0005331479862132893
2,UPFC_Vsh,5-15,1.1043921797716783,25,1.1047704921768118,MAP_PMU,153,0.0003783124051335296
3,UPFC_tsh,5-15,-0.22622515783106037,25,-0.22619865019323943,MAP_PMU,153,2.6507637820943897e-05
4,UPFC_Vse,5-15,0.05951685707999984,25,0.05833418409060813,MAP_PMU,153,0.0011826729893917101
5,UPFC_tse,5-15,-2.14673631544986,25,-2.134175248315018,MAP_PMU,153,0.012561067134842396
0,x_tcsc,1-14,-0.13986639406885334,26,-0.13985838782808235,MAP_PMU,153,8.006240770991324e-06
1,B_svc,2,0.30126038403097033,26,0.3014592819457357,MAP_PMU,153,0.00019889791476535024
2,UPFC_Vsh,5-15,1.1044054182774932,26,1.1047704921768118,MAP_PMU,153,0.0003650738993186131
3,UPFC_tsh,5-15,-0.22621955164759633,26,-0.22619865019323943,MAP_PMU,153,2.090145435690305e-05
4,UPFC_Vse,5-15,0.059474628244273645,26,0.05833418409060813,MAP_PMU,153,0.0011404441536655152
5,UPFC_tse,5-15,-2.1444682420690553,26,-2.134175248315018,MAP_PMU,153,0.010292993754037472
0,x_tcsc,1-14,-0.13984658493722543,27,-0.13985838782808235,MAP_PMU,153,1.1802890856921211e-05
1,B_svc,2,0.30147394204413847,27,0.3014592819457357,MAP_PMU,153,1.4660098402785593e-05
2,UPFC_Vsh,5-15,1.1042969778465428,27,1.1047704921768118,MAP_PMU,153,0.00047351433026898704
3,UPFC_tsh,5-15,-0.2261536332870087,27,-0.22619865019323943,MAP_PMU,153,4.5016906230738174e-05
4,UPFC_Vse,5-15,0.05923587350188851,27,0.05833418409060813,MAP_PMU,153,0.0009016894112803819
5,UPFC_tse,5-15,-2.143888069711177,27,-2.134175248315018,MAP_PMU,153,0.009712821396159033
0,x_tcsc,1-14,-0.13987068573879605,28,-0.13985838782808235,MAP_PMU,153,1.229791071369335e-05
1,B_svc,2,0.3015117515787302,28,0.3014592819457357,MAP_PMU,153,5.24696329945451e-05
2,UPFC_Vsh,5-15,1.1042549704261666,28,1.1047704921768118,MAP_PMU,153,0.0005155217506451759
3,UPFC_tsh,5-15,-0.22626684665143712,28,-0.22619865019323943,MAP_PMU,153,6.81964581976946e-05
4,UPFC_Vse,5-15,0.05993066248577249,28,0.05833418409060813,MAP_PMU,153,0.001596478395164358
5,UPFC_tse,5-15,-2.1469646337623445,28,-2.134175248315018,MAP_PMU,153,0.012789385447326662
0,x_tcsc,1-14,-0.13986039896777513,29,-0.13985838782808235,MAP_PMU,153,2.0111396927813274e-06
1,B_svc,2,0.30154679172133636,29,0.3014592819457357,MAP_PMU,153,8.75097756006804e-05
2,UPFC_Vsh,5-15,1.1042656057985571,29,1.1047704921768118,MAP_PMU,153,0.000504886378254632
3,UPFC_tsh,5-15,-0.226198205646919,29,-0.22619865019323943,MAP_PMU,153,4.445463204216793e-07
4,UPFC_Vse,5-15,0.05967360045962823,29,0.05833418409060813,MAP_PMU,153,0.0013394163690201022
5,UPFC_tse,5-15,-2.1498192268940475,29,-2.134175248315018,MAP_PMU,153,0.01564397857902966
0,x_tcsc,1-14,-0.13987847548750174,30,-0.13985838782808235,MAP_PMU,153,2.0087659419382176e-05
1,B_svc,2,0.3018465026404007,30,0.3014592819457357,MAP_PMU,153,0.00038722069466501363
2,UPFC_Vsh,5-15,1.1043758658584841,30,1.1047704921768118,MAP_PMU,153,0.00039462631832765105
3,UPFC_tsh,5-15,-0.22623363482854103,30,-0.22619865019323943,MAP_PMU,153,3.498463530160478e-05
4,UPFC_Vse,5-15,0.05927979582292467,30,0.05833418409060813,MAP_PMU,153,0.0009456117323165397
5,UPFC_tse,5-15,-2.144867889984499,30,-2.134175248315018,MAP_PMU,153,0.010692641669481251
0,x_tcsc,1-14,-0.13985484037401302,31,-0.13985838782808235,MAP_PMU,153,3.5474540693303247e-06
1,B_svc,2,0.30127435112549594,31,0.3014592819457357,MAP_PMU,153,0.00018493082023973706
2,UPFC_Vsh,5-15,1.1043137771989007,31,1.1047704921768118,MAP_PMU,153,0.00045671497791111015
3,UPFC_tsh,5-15,-0.2262806679119009,31,-0.22619865019323943,MAP_PMU,153,8.201771866148122e-05
4,UPFC_Vse,5-15,0.05998964219592263,31,0.05833418409060813,MAP_PMU,153,0.0016554581053144987
5,UPFC_tse,5-15,-2.1506546587601485,31,-2.134175248315018,MAP_PMU,153,0.016479410445130682
0,x_tcsc,1-14,-0.13987614024900982,32,-0.13985838782808235,MAP_PMU,153,1.7752420927469315e-05
1,B_svc,2,0.30147179368364646,32,0.3014592819457357,MAP_PMU,153,1.2511737910780862e-05
2,UPFC_Vsh,5-15,1.104374474751877,32,1.1047704921768118,MAP_PMU,153,0.0003960174249346693
3,UPFC_tsh,5-15,-0.22625604024627904,32,-0.22619865019323943,MAP_PMU,153,5.739005303961875e-05
4,UPFC_Vse,5-15,0.05965957285524855,32,0.05833418409060813,MAP_PMU,153,0.0013253887646404172
5,UPFC_tse,5-15,-2.1441488284489636,32,-2.134175248315018,MAP_PMU,153,0.00997358013394578
0,x_tcsc,1-14,-0.13984579423560659,33,-0.13985838782808235,MAP_PMU,153,1.2593592475768078e-05
1,B_svc,2,0.30131638039496506,33,0.3014592819457357,MAP_PMU,153,0.00014290155077062439
2,UPFC_Vsh,5-15,1.1041846838516398,33,1.1047704921768118,MAP_PMU,153,0.0005858083251719659
3,UPFC_tsh,5-15,-0.22631449442929844,33,-0.22619865019323943,MAP_PMU,153,0.00011584423605900951
4,UPFC_Vse,5-15,0.05963655216083896,33,0.05833418409060813,MAP_PMU,153,0.0013023680702308332
5,UPFC_tse,5-15,-2.153689889496841,33,-2.134175248315018,MAP_PMU,153,0.019514641181823222
0,x_tcsc,1-14,-0.13986042225422546,34,-0.13985838782808235,MAP_PMU,153,2.034426143104895e-06
1,B_svc,2,0.3018367098804768,34,0.3014592819457357,MAP_PMU,153,0.0003774279347411036
2,UPFC_Vsh,5-15,1.104342324465793,34,1.1047704921768118,MAP_PMU,153,0.0004281677110187232
3,UPFC_tsh,5-15,-0.226268467631515,34,-0.22619865019323943,MAP_PMU,153,6.981743827558229e-05
4,UPFC_Vse,5-15,0.059604987619196644,34,0.05833418409060813,MAP_PMU,153,0.0012708035285885141
5,UPFC_tse,5-15,-2.1558018530590988,34,-2.134175248315018,MAP_PMU,153,0.021626604744080957
0,x_tcsc,1-14,-0.13988804491249188,35,-0.13985838782808235,MAP_PMU,153,2.9657084409523415e-05
1,B_svc,2,0.3016086246980212,35,0.3014592819457357,MAP_PMU,153,0.00014934275228550842
2,UPFC_Vsh,5-15,1.1043780472341145,35,1.1047704921768118,MAP_PMU,153,0.0003924449426973009
3,UPFC_tsh,5-15,-0.22621268905894906,35,-0.22619865019323943,MAP_PMU,153,1.403886570963686e-05
4,UPFC_Vse,5-15,0.059422502758082474,35,0.05833418409060813,MAP_PMU,153,0.0010883186674743445
5,UPFC_tse,5-15,-2.1452443660403686,35,-2.134175248315018,MAP_PMU,153,0.011069117725350797
0,x_tcsc,1-14,-0.1398357905777075,36,-0.13985838782808235,MAP_PMU,153,2.2597250374845057e-05
1,B_svc,2,0.301421181286613,36,0.3014592819457357,MAP_PMU,153,3.810065912268623e-05
2,UPFC_Vsh,5-15,1.1041079927825184,36,1.1047704921768118,MAP_PMU,153,0.0006624993942934143
3,UPFC_tsh,5-15,-0.2262837363254298,36,-0.22619865019323943,MAP_PMU,153,8.508613219038175e-05
4,UPFC_Vse,5-15,0.05946995129694444,36,0.05833418409060813,MAP_PMU,153,0.001135767206336312
5,UPFC_tse,5-15,-2.157128120401723,36,-2.134175248315018,MAP_PMU,153,0.022952872086705156
0,x_tcsc,1-14,-0.13986523765840458,37,-0.13985838782808235,MAP_PMU,153,6.849830322230854e-06
1,B_svc,2,0.301119352452729,37,0.3014592819457357,MAP_PMU,153,0.0003399294930066521
2,UPFC_Vsh,5-15,1.104416647487518,37,1.1047704921768118,MAP_PMU,153,0.00035384468929366975
3,UPFC_tsh,5-15,-0.22628300643056257,37,-0.22619865019323943,MAP_PMU,153,8.435623732314101e-05
4,UPFC_Vse,5-15,0.05955111847047394,37,0.05833418409060813,MAP_PMU,153,0.0012169343798658083
5,UPFC_tse,5-15,-2.143515451458804,37,-2.134175248315018,MAP_PMU,153,0.009340203143786141
0,x_tcsc,1-14,-0.13987477715973376,38,-0.13985838782808235,MAP_PMU,153,1.6389331651406325e-05
1,B_svc,2,0.3015352567329642,38,0.3014592819457357,MAP_PMU,153,7.597478722853879e-05
2,UPFC_Vsh,5-15,1.1043183760341118,38,1.1047704921768118,MAP_PMU,153,0.0004521161427000209
3,UPFC_tsh,5-15,-0.2262257316114873,38,-0.22619865019323943,MAP_PMU,153,2.708141824786514e-05
4,UPFC_Vse,5-15,0.0596759083400193,38,0.05833418409060813,MAP_PMU,153,0.0013417242494111678
5,UPFC_tse,5-15,-2.1513243265601405,38,-2.134175248315018,MAP_PMU,153,0.017149078245122684
0,x_tcsc,1-14,-0.13984230568001185,39,-0.13985838782808235,MAP_PMU,153,1.60821480705009e-05
1,B_svc,2,0.30093033394700947,39,0.3014592819457357,MAP_PMU,153,0.0005289479987262147
2,UPFC_Vsh,5-15,1.1044858790306307,39,1.1047704921768118,MAP_PMU,153,0.0002846131461811119
3,UPFC_tsh,5-15,-0.22625259938217349,39,-0.22619865019323943,MAP_PMU,153,5.394918893406042e-05
4,UPFC_Vse,5-15,0.05948195555176554,39,0.05833418409060813,MAP_PMU,153,0.0011477714611574097
5,UPFC_tse,5-15,-2.1462497290874287,39,-2.134175248315018,MAP_PMU,153,0.012074480772410912
0,x_tcsc,1-14,-0.13984792262595053,40,-0.13985838782808235,MAP_PMU,153,1.0465202131826334e-05
1,B_svc,2,0.3013680251964275,40,0.3014592819457357,MAP_PMU,153,9.125674930815508e-05
2,UPFC_Vsh,5-15,1.1046648098101464,40,1.1047704921768118,MAP_PMU,153,0.00010568236666541608
3,UPFC_tsh,5-15,-0.22622686382429996,40,-0.22619865019323943,MAP_PMU,153,2.8213631060536315e-05
4,UPFC_Vse,5-15,0.059658618280820294,40,0.05833418409060813,MAP_PMU,153,0.0013244341902121648
5,UPFC_tse,5-15,-2.138741683182928,40,-2.134175248315018,MAP_PMU,153,0.004566434867910196
0,x_tcsc,1-14,-0.13988091328579375,41,-0.13985838782808235,MAP_PMU,153,2.2525457711392027e-05
1,B_svc,2,0.3014629066420969,41,0.3014592819457357,MAP_PMU,153,3.6246963612263094e-06
2,UPFC_Vsh,5-15,1.1046520475206745,41,1.1047704921768118,MAP_PMU,153,0.00011844465613730648
3,UPFC_tsh,5-15,-0.22627035355806038,41,-0.22619865019323943,MAP_PMU,153,7.170336482095752e-05
4,UPFC_Vse,5-15,0.059603508883266015,41,0.05833418409060813,MAP_PMU,153,0.001269324792657886
5,UPFC_tse,5-15,-2.1520444231722604,41,-2.134175248315018,MAP_PMU,153,0.017869174857242598
0,x_tcsc,1-14,-0.13988559531729247,42,-0.13985838782808235,MAP_PMU,153,2.7207489210118174e-05
1,B_svc,2,0.30150836659752234,42,0.3014592819457357,MAP_PMU,153,4.908465178665722e-05
2,UPFC_Vsh,5-15,1.1045673790617767,42,1.1047704921768118,MAP_PMU,153,0.00020311311503506957
3,UPFC_tsh,5-15,-0.2261950122104886,42,-0.22619865019323943,MAP_PMU,153,3.637982750825941e-06
4,UPFC_Vse,5-15,0.05974867256229316,42,0.05833418409060813,MAP_PMU,153,0.0014144884716850298
5,UPFC_tse,5-15,-2.1437890338112386,42,-2.134175248315018,MAP_PMU,153,0.009613785496220828
0,x_tcsc,1-14,-0.13986869098277008,43,-0.13985838782808235,MAP_PMU,153,1.0303154687724136e-05
1,B_svc,2,0.30193970707552126,43,0.3014592819457357,MAP_PMU,153,0.0004804251297855777
2,UPFC_Vsh,5-15,1.1044050505445717,43,1.1047704921768118,MAP_PMU,153,0.00036544163224006
3,UPFC_tsh,5-15,-0.22622614905323252,43,-0.22619865019323943,MAP_PMU,153,2.749885999309143e-05
4,UPFC_Vse,5-15,0.05933709541722293,43,0.05833418409060813,MAP_PMU,153,0.0010029113266147999
5,UPFC_tse,5-15,-2.146711661201426,43,-2.134175248315018,MAP_PMU,153,0.012536412886408055
0,x_tcsc,1-14,-0.13984377668387316,44,-0.13985838782808235,MAP_PMU,153,1.4611144209197846e-05
1,B_svc,2,0.30151026871637326,44,0.3014592819457357,MAP_PMU,153,5.098677063758439e-05
2,UPFC_Vsh,5-15,1.1039972332112733,44,1.1047704921768118,MAP_PMU,153,0.0007732589655384814
3,UPFC_tsh,5-15,-0.22628120381796293,44,-0.22619865019323943,MAP_PMU,153,8.255362472350813e-05
4,UPFC_Vse,5-15,0.05977113404171301,44,0.05833418409060813,MAP_PMU,153,0.0014369499511048822
5,UPFC_tse,5-15,-2.1460145150368355,44,-2.134175248315018,MAP_PMU,153,0.011839266721817676
0,x_tcsc,1-14,-0.13986701860338732,45,-0.13985838782808235,MAP_PMU,153,8.630775304968585e-06
1,B_svc,2,0.30133948424743834,45,0.3014592819457357,MAP_PMU,153,0.00011979769829734144
2,UPFC_Vsh,5-15,1.1044414586490834,45,1.1047704921768118,MAP_PMU,153,0.0003290335277283951
3,UPFC_tsh,5-15,-0.22626430843050802,45,-0.22619865019323943,MAP_PMU,153,6.565823726858988e-05
4,UPFC_Vse,5-15,0.05939787354462207,45,0.05833418409060813,MAP_PMU,153,0.0010636894540139372
5,UPFC_tse,5-15,-2.1528683339162002,45,-2.134175248315018,MAP_PMU,153,0.018693085601182435
0,x_tcsc,1-14,-0.1398669434464668,46,-0.13985838782808235,MAP_PMU,153,8.555618384448183e-06
1,B_svc,2,0.3015040052703016,46,0.3014592819457357,MAP_PMU,153,4.472332456589845e-05
2,UPFC_Vsh,5-15,1.104467173545172,46,1.1047704921768118,MAP_PMU,153,0.00030331863163968187
3,UPFC_tsh,5-15,-0.2262560474125197,46,-0.22619865019323943,MAP_PMU,153,5.739721928027519e-05
4,UPFC_Vse,5-15,0.05988010734687954,46,0.05833418409060813,MAP_PMU,153,0.0015459232562714115
5,UPFC_tse,5-15,-2.146956213178927,46,-2.134175248315018,MAP_PMU,153,0.012780964863909006
0,x_tcsc,1-14,-0.13987200890187101,47,-0.13985838782808235,MAP_PMU,153,1.3621073788661064e-05
1,B_svc,2,0.301754821347609,47,0.3014592819457357,MAP_PMU,153,0.0002955394018733237
2,UPFC_Vsh,5-15,1.1044600924334695,47,1.1047704921768118,MAP_PMU,153,0.00031039974334223785
3,UPFC_tsh,5-15,-0.2262120444156811,47,-0.22619865019323943,MAP_PMU,153,1.3394222441676096e-05
4,UPFC_Vse,5-15,0.059058042171299376,47,0.05833418409060813,MAP_PMU,153,0.0007238580806912462
5,UPFC_tse,5-15,-2.149132288720746,47,-2.134175248315018,MAP_PMU,153,0.014957040405727984
0,x_tcsc,1-14,-0.13987619979679658,48,-0.13985838782808235,MAP_PMU,153,1.781196871422641e-05
1,B_svc,2,0.3015801098284923,48,0.3014592819457357,MAP_PMU,153,0.00012082788275663559
2,UPFC_Vsh,5-15,1.104588179746208,48,1.1047704921768118,MAP_PMU,153,0.00018231243060373714
3,UPFC_tsh,5-15,-0.22622082001221128,48,-0.22619865019323943,MAP_PMU,153,2.2169818971851107e-05
4,UPFC_Vse,5-15,0.059836097677473055,48,0.05833418409060813,MAP_PMU,153,0.0015019135868649253
5,UPFC_tse,5-15,-2.1484795488721753,48,-2.134175248315018,MAP_PMU,153,0.014304300557157479
0,x_tcsc,1-14,-0.1398685097290564,49,-0.13985838782808235,MAP_PMU,153,1.0121900974047193e-05
1,B_svc,2,0.301363085293655,49,0.3014592819457357,MAP_PMU,153,9.619665208066008e-05
2,UPFC_Vsh,5-15,1.1041592127666426,49,1.1047704921768118,MAP_PMU,153,0.000611279410169141
3,UPFC_tsh,5-15,-0.22620283482350262,49,-0.22619865019323943,MAP_PMU,153,4.1846302631931565e-06
4,UPFC_Vse,5-15,0.059682065179842876,49,0.05833418409060813,MAP_PMU,153,0.0013478810892347468
5,UPFC_tse,5-15,-2.1444560053099453,49,-2.134175248315018,MAP_PMU,153,0.010280756994927476
0,x_tcsc,1-14,-0.1398830522659214,50,-0.13985838782808235,MAP_PMU,153,2.4664437839050368e-05
1,B_svc,2,0.3017982594662894,50,0.3014592819457357,MAP_PMU,153,0.0003389775205537293
2,UPFC_Vsh,5-15,1.1043597757878159,50,1.1047704921768118,MAP_PMU,153,0.0004107163889959242
3,UPFC_tsh,5-15,-0.2263052510347155,50,-0.22619865019323943,MAP_PMU,153,0.00010660084147606774
4,UPFC_Vse,5-15,0.06002207831479759,50,0.05833418409060813,MAP_PMU,153,0.001687894224189461
5,UPFC_tse,5-15,-2.1560673120180254,50,-2.134175248315018,MAP_PMU,153,0.021892063703007558
0,x_tcsc,1-14,-0.13983813235810613,51,-0.13985838782808235,MAP_PMU,153,2.0255469976221407e-05
1,B_svc,2,0.30126176503528174,51,0.3014592819457357,MAP_PMU,153,0.00019751691045394315
2,UPFC_Vsh,5-15,1.1044107642834076,51,1.1047704921768118,MAP_PMU,153,0.00035972789340421585
3,UPFC_tsh,5-15,-0.22623422443624758,51,-0.22619865019323943,MAP_PMU,153,3.557424300815182e-05
4,UPFC_Vse,5-15,0.0596224007628123,51,0.05833418409060813,MAP_PMU,153,0.001288216672204169
5,UPFC_tse,5-15,-2.1399227530541425,51,-2.134175248315018,MAP_PMU,153,0.005747504739124665
0,x_tcsc,1-14,-0.1398774574273128,52,-0.13985838782808235,MAP_PMU,153,1.9069599230453482e-05
1,B_svc,2,0.30196291690003574,52,0.3014592819457357,MAP_PMU,153,0.0005036349543000584
2,UPFC_Vsh,5-15,1.1045467595329044,52,1.1047704921768118,MAP_PMU,153,0.00022373264390740388
3,UPFC_tsh,5-15,-0.22623314595853308,52,-0.22619865019323943,MAP_PMU,153,3.449576529365728e-05
4,UPFC_Vse,5-15,0.05952548313531915,52,0.05833418409060813,MAP_PMU,153,0.0011912990447110194
5,UPFC_tse,5-15,-2.1453231524573413,52,-2.134175248315018,MAP_PMU,153,0.011147904142323473
0,x_tcsc,1-14,-0.13985809137211752,53,-0.13985838782808235,MAP_PMU,153,2.964559648321874e-07
1,B_svc,2,0.301692629671564,53,0.3014592819457357,MAP_PMU,153,0.00023334772582833674
2,UPFC_Vsh,5-15,1.1040479399495278,53,1.1047704921768118,MAP_PMU,153,0.0007225522272840124
3,UPFC_tsh,5-15,-0.22628263425479334,53,-0.22619865019323943,MAP_PMU,153,8.398406155391003e-05
4,UPFC_Vse,5-15,0.059687906011979056,53,0.05833418409060813,MAP_PMU,153,0.0013537219213709262
5,UPFC_tse,5-15,-2.1538310480029215,53,-2.134175248315018,MAP_PMU,153,0.019655799687903652
0,x_tcsc,1-14,-0.13986654379209695,54,-0.13985838782808235,MAP_PMU,153,8.155964014600059e-06
1,B_svc,2,0.30175920341792306,54,0.3014592819457357,MAP_PMU,153,0.0002999214721873811
2,UPFC_Vsh,5-15,1.1043809118983805,54,1.1047704921768118,MAP_PMU,153,0.0003895802784312785
3,UPFC_tsh,5-15,-0.22633144605253117,54,-0.22619865019323943,MAP_PMU,153,0.00013279585929173998
4,UPFC_Vse,5-15,0.05998194362076602,54,0.05833418409060813,MAP_PMU,153,0.0016477595301578885
5,UPFC_tse,5-15,-2.1542949779750855,54,-2.134175248315018,MAP_PMU,153,0.020119729660067698
0,x_tcsc,1-14,-0.13984907067029906,55,-0.13985838782808235,MAP_PMU,153,9.317157783295116e-06
1,B_svc,2,0.30141705933550056,55,0.3014592819457357,MAP_PMU,153,4.222261023512086e-05
2,UPFC_Vsh,5-15,1.1044127127941776,55,1.1047704921768118,MAP_PMU,153,0.0003577793826341491
3,UPFC_tsh,5-15,-0.22623670885415953,55,-0.22619865019323943,MAP_PMU,153,3.8058660920103904e-05
4,UPFC_Vse,5-15,0.05956661225532695,55,0.05833418409060813,MAP_PMU,153,0.0012324281647188226
5,UPFC_tse,5-15,-2.1487469294985067,55,-2.134175248315018,MAP_PMU,153,0.014571681183488838
0,x_tcsc,1-14,-0.13986236346558079,56,-0.13985838782808235,MAP_PMU,153,3.975637498432327e-06
1,B_svc,2,0.3013869213424824,56,0.3014592819457357,MAP_PMU,153,7.23606032532742e-05
2,UPFC_Vsh,5-15,1.104879831085842,56,1.1047704921768118,MAP_PMU,153,0.00010933890903030985
3,UPFC_tsh,5-15,-0.22615834163268891,56,-0.22619865019323943,MAP_PMU,153,4.0308560550511574e-05
4,UPFC_Vse,5-15,0.05928826722802547,56,0.05833418409060813,MAP_PMU,153,0.0009540831374173428
5,UPFC_tse,5-15,-2.1359300231085085,56,-2.134175248315018,MAP_PMU,153,0.001754774793490732
0,x_tcsc,1-14,-0.13987891369701333,57,-0.13985838782808235,MAP_PMU,153,2.0525868930976188e-05
1,B_svc,2,0.3014788530063612,57,0.3014592819457357,MAP_PMU,153,1.9571060625500625e-05
2,UPFC_Vsh,5-15,1.1040002141644463,57,1.1047704921768118,MAP_PMU,153,0.0007702780123655106
3,UPFC_tsh,5-15,-0.22627376514342248,57,-0.22619865019323943,MAP_PMU,153,7.511495018305836e-05
4,UPFC_Vse,5-15,0.05985498011346162,57,0.05833418409060813,MAP_PMU,153,0.0015207960228534878
5,UPFC_tse,5-15,-2.1522786055448093,57,-2.134175248315018,MAP_PMU,153,0.018103357229791506
0,x_tcsc,1-14,-0.13985486520917154,58,-0.13985838782808235,MAP_PMU,153,3.522618910817288e-06
1,B_svc,2,0.30110750568106975,58,0.3014592819457357,MAP_PMU,153,0.00035177626466592615
2,UPFC_Vsh,5-15,1.1047010587706347,58,1.1047704921768118,MAP_PMU,153,6.943340617704408e-05
3,UPFC_tsh,5-15,-0.22619370868373417,58,-0.22619865019323943,MAP_PMU,153,4.941509505251851e-06
4,UPFC_Vse,5-15,0.059119378040188866,58,0.05833418409060813,MAP_PMU,153,0.000785193949580737
5,UPFC_tse,5-15,-2.1503663394242714,58,-2.134175248315018,MAP_PMU,153,0.01619109110925354
0,x_tcsc,1-14,-0.13987607068670008,59,-0.13985838782808235,MAP_PMU,153,1.7682858617723562e-05
1,B_svc,2,0.30173752689891875,59,0.3014592819457357,MAP_PMU,153,0.0002782449531830711
2,UPFC_Vsh,5-15,1.1045009284877356,59,1.1047704921768118,MAP_PMU,153,0.0002695636890761577
3,UPFC_tsh,5-15,-0.2263237030897161,59,-0.22619865019323943,MAP_PMU,153,0.00012505289647668505
4,UPFC_Vse,5-15,0.0598877095240947,59,0.05833418409060813,MAP_PMU,153,0.001553525433486573
5,UPFC_tse,5-15,-2.1568078238583657,59,-2.134175248315018,MAP_PMU,153,0.022632575543347855
0,x_tcsc,1-14,-0.13987890945566814,60,-0.13985838782808235,MAP_PMU,153,2.0521627585784463e-05
1,B_svc,2,0.30147683275974324,60,0.3014592819457357,MAP_PMU,153,1.7550814007560867e-05
2,UPFC_Vsh,5-15,1.104637204468064,60,1.1047704921768118,MAP_PMU,153,0.00013328770874787566
3,UPFC_tsh,5-15,-0.2262688889512583,60,-0.22619865019323943,MAP_PMU,153,7.023875801887014e-05
4,UPFC_Vse,5-15,0.05966680859704825,60,0.05833418409060813,MAP_PMU,153,0.0013326245064401235
5,UPFC_tse,5-15,-2.1487423730636754,60,-2.134175248315018,MAP_PMU,153,0.014567124748657623
0,x_tcsc,1-14,-0.1398570801369417,61,-0.13985838782808235,MAP_PMU,153,1.3076911406506575e-06
1,B_svc,2,0.3016843025404857,61,0.3014592819457357,MAP_PMU,153,0.0002250205947500472
2,UPFC_Vsh,5-15,1.1043809936391065,61,1.1047704921768118,MAP_PMU,153,0.00038949853770531284
3,UPFC_tsh,5-15,-0.22623844896254103,61,-0.22619865019323943,MAP_PMU,153,3.97987693016022e-05
4,UPFC_Vse,5-15,0.059208583298473026,61,0.05833418409060813,MAP_PMU,153,0.0008743992078648968
5,UPFC_tse,5-15,-2.1446973828936002,61,-2.134175248315018,MAP_PMU,153,0.01052213457858242
0,x_tcsc,1-14,-0.13985194395799228,62,-0.13985838782808235,MAP_PMU,153,6.443870090078185e-06
1,B_svc,2,0.30157180058161137,62,0.3014592819457357,MAP_PMU,153,0.00011251863587569133
2,UPFC_Vsh,5-15,1.104217689561073,62,1.1047704921768118,MAP_PMU,153,0.0005528026157388677
3,UPFC_tsh,5-15,-0.22626011502648408,62,-0.22619865019323943,MAP_PMU,153,6.146483324465102e-05
4,UPFC_Vse,5-15,0.05959122101868685,62,0.05833418409060813,MAP_PMU,153,0.001257036928078721
5,UPFC_tse,5-15,-2.151268329301643,62,-2.134175248315018,MAP_PMU,153,0.017093080986624987
0,x_tcsc,1-14,-0.13990187881111138,63,-0.13985838782808235,MAP_PMU,153,4.349098302902643e-05
1,B_svc,2,0.301411155373923,63,0.3014592819457357,MAP_PMU,153,4.812657181268998e-05
2,UPFC_Vsh,5-15,1.1046085885005466,63,1.1047704921768118,MAP_PMU,153,0.00016190367626522928
3,UPFC_tsh,5-15,-0.22623336911805997,63,-0.22619865019323943,MAP_PMU,153,3.471892482054262e-05
4,UPFC_Vse,5-15,0.05979271839718158,63,0.05833418409060813,MAP_PMU,153,0.0014585343065734516
5,UPFC_tse,5-15,-2.1389318568508475,63,-2.134175248315018,MAP_PMU,153,0.0047566085358297094
0,x_tcsc,1-14,-0.13987980433385394,64,-0.13985838782808235,MAP_PMU,153,2.1416505771587602e-05
1,B_svc,2,0.3015407819181334,64,0.3014592819457357,MAP_PMU,153,8.149997239770279e-05
2,UPFC_Vsh,5-15,1.1042346273335373,64,1.1047704921768118,MAP_PMU,153,0.0005358648432745028
3,UPFC_tsh,5-15,-0.2262183891548075,64,-0.22619865019323943,MAP_PMU,153,1.9738961568066538e-05
4,UPFC_Vse,5-15,0.059612950185001845,64,0.05833418409060813,MAP_PMU,153,0.0012787660943937157
5,UPFC_tse,5-15,-2.1487412071425664,64,-2.134175248315018,MAP_PMU,153,0.01456595882754863
0,x_tcsc,1-14,-0.13985757858447728,65,-0.13985838782808235,MAP_PMU,153,8.092436050710639e-07
1,B_svc,2,0.30183159714644203,65,0.3014592819457357,MAP_PMU,153,0.0003723152007063524
2,UPFC_Vsh,5-15,1.1043930393998898,65,1.1047704921768118,MAP_PMU,153,0.00037745277692202706
3,UPFC_tsh,5-15,-0.2261872608920521,65,-0.22619865019323943,MAP_PMU,153,1.1389301187325618e-05
4,UPFC_Vse,5-15,0.05935022513340368,65,0.05833418409060813,MAP_PMU,153,0.001016041042795554
5,UPFC_tse,5-15,-2.1357050493018175,65,-2.134175248315018,MAP_PMU,153,0.0015298009867996676
0,x_tcsc,1-14,-0.13984948194758434,66,-0.13985838782808235,MAP_PMU,153,8.905880498011332e-06
1,B_svc,2,0.30202515298144933,66,0.3014592819457357,MAP_PMU,153,0.0005658710357136498
2,UPFC_Vsh,5-15,1.1041838364045709,66,1.1047704921768118,MAP_PMU,153,0.0005866557722409294
3,UPFC_tsh,5-15,-0.22620781681960273,66,-0.22619865019323943,MAP_PMU,153,9.166626363299457e-06
4,UPFC_Vse,5-15,0.05908180893710943,66,0.05833418409060813,MAP_PMU,153,0.0007476248465013019
5,UPFC_tse,5-15,-2.1428881351322007,66,-2.134175248315018,MAP_PMU,153,0.008712886817182852
0,x_tcsc,1-14,-0.1398612994427628,67,-0.13985838782808235,MAP_PMU,153,2.911614680439767e-06
1,B_svc,2,0.3019126245812957,67,0.3014592819457357,MAP_PMU,153,0.00045334263556001675
2,UPFC_Vsh,5-15,1.1046588295691289,67,1.1047704921768118,MAP_PMU,153,0.00011166260768291636
3,UPFC_tsh,5-15,-0.22616888757465742,67,-0.22619865019323943,MAP_PMU,153,2.9762618582007683e-05
4,UPFC_Vse,5-15,0.05943475860685931,67,0.05833418409060813,MAP_PMU,153,0.0011005745162511807
5,UPFC_tse,5-15,-2.148768452891994,67,-2.134175248315018,MAP_PMU,153,0.014593204576976326
0,x_tcsc,1-14,-0.1398764389684775,68,-0.13985838782808235,MAP_PMU,153,1.805114039515887e-05
1,B_svc,2,0.3016941261951453,68,0.3014592819457357,MAP_PMU,153,0.0002348442494096159
2,UPFC_Vsh,5-15,1.104655096683475,68,1.1047704921768118,MAP_PMU,153,0.00011539549333683397
3,UPFC_tsh,5-15,-0.22622893223606974,68,-0.22619865019323943,MAP_PMU,153,3.0282042830315214e-05
4,UPFC_Vse,5-15,0.05966189537359509,68,0.05833418409060813,MAP_PMU,153,0.0013277112829869625
5,UPFC_tse,5-15,-2.1442211466126144,68,-2.134175248315018,MAP_PMU,153,0.010045898297596612
0,x_tcsc,1-14,-0.13987242259914806,69,-0.13985838782808235,MAP_PMU,153,1.4034771065707385e-05
1,B_svc,2,0.3012526994299517,69,0.3014592819457357,MAP_PMU,153,0.0002065825157839818
2,UPFC_Vsh,5-15,1.1045922215957664,69,1.1047704921768118,MAP_PMU,153,0.00017827058104535887
3,UPFC_tsh,5-15,-0.22625825788894777,69,-0.22619865019323943,MAP_PMU,153,5.9607695708341346e-05
4,UPFC_Vse,5-15,0.05990900654926957,69,0.05833418409060813,MAP_PMU,153,0.0015748224586614387
5,UPFC_tse,5-15,-2.141162673417942,69,-2.134175248315018,MAP_PMU,153,0.00698742510292405
0,x_tcsc,1-14,-0.13985301564738903,70,-0.13985838782808235,MAP_PMU,153,5.372180693324902e-06
1,B_svc,2,0.3014042702375146,70,0.3014592819457357,MAP_PMU,153,5.5011708221086586e-05
2,UPFC_Vsh,5-15,1.1042924915096342,70,1.1047704921768118,MAP_PMU,153,0.0004780006671776249
3,UPFC_tsh,5-15,-0.2261841964972544,70,-0.22619865019323943,MAP_PMU,153,1.4453695985017223e-05
4,UPFC_Vse,5-15,0.05914264393331102,70,0.05833418409060813,MAP_PMU,153,0.0008084598427028911
5,UPFC_tse,5-15,-2.142226556109676,70,-2.134175248315018,MAP_PMU,153,0.008051307794658236
0,x_tcsc,1-14,-0.139857451682312,71,-0.13985838782808235,MAP_PMU,153,9.361457703471743e-07
1,B_svc,2,0.30144103956469404,71,0.3014592819457357,MAP_PMU,153,1.824238104164433e-05
2,UPFC_Vsh,5-15,1.1043674808433075,71,1.1047704921768118,MAP_PMU,153,0.0004030113335042884
3,UPFC_tsh,5-15,-0.2262285099807397,71,-0.22619865019323943,MAP_PMU,153,2.98597875002804e-05
4,UPFC_Vse,5-15,0.05958960374071568,71,0.05833418409060813,MAP_PMU,153,0.0012554196501075518
5,UPFC_tse,5-15,-2.1508531630480805,71,-2.134175248315018,MAP_PMU,153,0.016677914733062682
0,x_tcsc,1-14,-0.13984641463085884,72,-0.13985838782808235,MAP_PMU,153,1.1973197223513754e-05
1,B_svc,2,0.30183433836499884,72,0.3014592819457357,MAP_PMU,153,0.00037505641926316446
2,UPFC_Vsh,5-15,1.1043099760688007,72,1.1047704921768118,MAP_PMU,153,0.00046051610801112197
3,UPFC_tsh,5-15,-0.2262778911365779,72,-0.22619865019323943,MAP_PMU,153,7.924094333847109e-05
4,UPFC_Vse,5-15,0.05982911353670647,72,0.05833418409060813,MAP_PMU,153,0.0014949294460983378
5,UPFC_tse,5-15,-2.149130088261705,72,-2.134175248315018,MAP_PMU,153,0.014954839946687226
0,x_tcsc,1-14,-0.13984036884861373,73,-0.13985838782808235,MAP_PMU,153,1.801897946862585e-05
1,B_svc,2,0.3012380126561599,73,0.3014592819457357,MAP_PMU,153,0.00022126928957577618
2,UPFC_Vsh,5-15,1.1045361247982663,73,1.1047704921768118,MAP_PMU,153,0.00023436737854543033
3,UPFC_tsh,5-15,-0.2262434805327667,73,-0.22619865019323943,MAP_PMU,153,4.483033952726312e-05
4,UPFC_Vse,5-15,0.05928121779523739,73,0.05833418409060813,MAP_PMU,153,0.0009470337046292576
5,UPFC_tse,5-15,-2.1431684764805183,73,-2.134175248315018,MAP_PMU,153,0.008993228165500522
0,x_tcsc,1-14,-0.13986907120943212,74,-0.13985838782808235,MAP_PMU,153,1.068338134976865e-05
1,B_svc,2,0.3020770244288036,74,0.3014592819457357,MAP_PMU,153,0.0006177424830678957
2,UPFC_Vsh,5-15,1.104344721481304,74,1.1047704921768118,MAP_PMU,153,0.0004257706955077545
3,UPFC_tsh,5-15,-0.2262455819808199,74,-0.22619865019323943,MAP_PMU,153,4.6931787580473117e-05
4,UPFC_Vse,5-15,0.059973502359243605,74,0.05833418409060813,MAP_PMU,153,0.0016393182686354757
5,UPFC_tse,5-15,-2.144958586792109,74,-2.134175248315018,MAP_PMU,153,0.010783338477091231
0,x_tcsc,1-14,-0.1398716840856786,75,-0.13985838782808235,MAP_PMU,153,1.3296257596245864e-05
1,B_svc,2,0.3015663817615948,75,0.3014592819457357,MAP_PMU,153,0.00010709981585910189
2,UPFC_Vsh,5-15,1.1042575646664352,75,1.1047704921768118,MAP_PMU,153,0.0005129275103765707
3,UPFC_tsh,5-15,-0.22620463221346476,75,-0.22619865019323943,MAP_PMU,153,5.982020225336893e-06
4,UPFC_Vse,5-15,0.05980125003447444,75,0.05833418409060813,MAP_PMU,153,0.001467065943866308
5,UPFC_tse,5-15,-2.1312934673872803,75,-2.134175248315018,MAP_PMU,153,0.0028817809277374984
0,x_tcsc,1-14,-0.13986305885718672,76,-0.13985838782808235,MAP_PMU,153,4.671029104369451e-06
1,B_svc,2,0.3018579307562989,76,0.3014592819457357,MAP_PMU,153,0.0003986488105632291
2,UPFC_Vsh,5-15,1.1043734624767176,76,1.1047704921768118,MAP_PMU,153,0.0003970297000941425
3,UPFC_tsh,5-15,-0.2261870666675345,76,-0.22619865019323943,MAP_PMU,153,1.1583525704933484e-05
4,UPFC_Vse,5-15,0.0597959011606749,76,0.05833418409060813,MAP_PMU,153,0.001461717070066773
5,UPFC_tse,5-15,-2.1385072965482657,76,-2.134175248315018,MAP_PMU,153,0.004332048233247843
0,x_tcsc,1-14,-0.13986734192503117,77,-0.13985838782808235,MAP_PMU,153,8.954096948815549e-06
1,B_svc,2,0.30123602659031345,77,0.3014592819457357,MAP_PMU,153,0.00022325535542222497
2,UPFC_Vsh,5-15,1.1042477772181278,77,1.1047704921768118,MAP_PMU,153,0.0005227149586839452
3,UPFC_tsh,5-15,-0.22620137464809806,77,-0.22619865019323943,MAP_PMU,153,2.7244548586324857e-06
4,UPFC_Vse,5-15,0.059253916706088906,77,0.05833418409060813,MAP_PMU,153,0.000919732615480777
5,UPFC_tse,5-15,-2.1431317127458804,77,-2.134175248315018,MAP_PMU,153,0.00895646443086262
0,x_tcsc,1-14,-0.13985335831153797,78,-0.13985838782808235,MAP_PMU,153,5.02951654438033e-06
1,B_svc,2,0.3011220877389057,78,0.3014592819457357,MAP_PMU,153,0.0003371942068299827
2,UPFC_Vsh,5-15,1.1047815089499402,78,1.1047704921768118,MAP_PMU,153,1.1016773128424973e-05
3,UPFC_tsh,5-15,-0.22618309198981668,78,-0.22619865019323943,MAP_PMU,153,1.5558203422749717e-05
4,UPFC_Vse,5-15,0.059411944278308426,78,0.05833418409060813,MAP_PMU,153,0.0010777601877002968
5,UPFC_tse,5-15,-2.145719687128835,78,-2.134175248315018,MAP_PMU,153,0.01154443881381706
0,x_tcsc,1-14,-0.13986124732626545,79,-0.13985838782808235,MAP_PMU,153,2.859498183099829e-06
1,B_svc,2,0.3012908304584162,79,0.3014592819457357,MAP_PMU,153,0.00016845148731947646
2,UPFC_Vsh,5-15,1.1043049028638785,79,1.1047704921768118,MAP_PMU,153,0.0004655893129332789
3,UPFC_tsh,5-15,-0.22620731202419994,79,-0.22619865019323943,MAP_PMU,153,8.66183096051576e-06
4,UPFC_Vse,5-15,0.05966062280260325,79,0.05833418409060813,MAP_PMU,153,0.0013264387119951218
5,UPFC_tse,5-15,-2.1489815334998643,79,-2.134175248315018,MAP_PMU,153,0.014806285184846502
0,x_tcsc,1-14,-0.1398689996746844,80,-0.13985838782808235,MAP_PMU,153,1.0611846602059938e-05
1,B_svc,2,0.3013232796036993,80,0.3014592819457357,MAP_PMU,153,0.00013600234203636763
2,UPFC_Vsh,5-15,1.1044470629330128,80,1.1047704921768118,MAP_PMU,153,0.0003234292437990227
3,UPFC_tsh,5-15,-0.22626836933559674,80,-0.22619865019323943,MAP_PMU,153,6.971914235731624e-05
4,UPFC_Vse,5-15,0.059542833670492616,80,0.05833418409060813,MAP_PMU,153,0.0012086495798844868
5,UPFC_tse,5-15,-2.1573145598527694,80,-2.134175248315018,MAP_PMU,153,0.023139311537751617
0,x_tcsc,1-14,-0.13984931512285614,81,-0.13985838782808235,MAP_PMU,153,9.07270522620962e-06
1,B_svc,2,0.30133178992607035,81,0.3014592819457357,MAP_PMU,153,0.00012749201966533175
2,UPFC_Vsh,5-15,1.10425326942596,81,1.1047704921768118,MAP_PMU,153,0.0005172227508518645
3,UPFC_tsh,5-15,-0.22624169103751263,81,-0.22619865019323943,MAP_PMU,153,4.3040844273201095e-05
4,UPFC_Vse,5-15,0.059973045284127474,81,0.05833418409060813,MAP_PMU,153,0.0016388611935193448
5,UPFC_tse,5-15,-2.146364770843003,81,-2.134175248315018,MAP_PMU,153,0.012189522527985108
0,x_tcsc,1-14,-0.13986671725874206,82,-0.13985838782808235,MAP_PMU,153,8.329430659703707e-06
1,B_svc,2,0.30153227790094234,82,0.3014592819457357,MAP_PMU,153,7.299595520665614e-05
2,UPFC_Vsh,5-15,1.1042484305907998,82,1.1047704921768118,MAP_PMU,153,0.0005220615860119793
3,UPFC_tsh,5-15,-0.22631943413393493,82,-0.22619865019323943,MAP_PMU,153,0.00012078394069550691
4,UPFC_Vse,5-15,0.05974209858450283,82,0.05833418409060813,MAP_PMU,153,0.0014079144938946991
5,UPFC_tse,5-15,-2.1543386631575387,82,-2.134175248315018,MAP_PMU,153,0.020163414842520933
0,x_tcsc,1-14,-0.13987433825672438,83,-0.13985838782808235,MAP_PMU,153,1.5950428642025338e-05
1,B_svc,2,0.3013944201166451,83,0.3014592819457357,MAP_PMU,153,6.486182909060112e-05
2,UPFC_Vsh,5-15,1.1043589041981428,83,1.1047704921768118,MAP_PMU,153,0.00041158797866902574
3,UPFC_tsh,5-15,-0.22624057144059143,83,-0.22619865019323943,MAP_PMU,153,4.192124735200031e-05
4,UPFC_Vse,5-15,0.059436647352853804,83,0.05833418409060813,MAP_PMU,153,0.0011024632622456745
5,UPFC_tse,5-15,-2.142283438938521,83,-2.134175248315018,MAP_PMU,153,0.008108190623503209
0,x_tcsc,1-14,-0.13989489533793398,84,-0.13985838782808235,MAP_PMU,153,3.650750985162432e-05
1,B_svc,2,0.30162942281121163,84,0.3014592819457357,MAP_PMU,153,0.00017014086547595397
2,UPFC_Vsh,5-15,1.10444364029605,84,1.1047704921768118,MAP_PMU,153,0.0003268518807617582
3,UPFC_tsh,5-15,-0.22620778006864883,84,-0.22619865019323943,MAP_PMU,153,9.129875409408239e-06
4,UPFC_Vse,5-15,0.05940158549826855,84,0.05833418409060813,MAP_PMU,153,0.0010674014076604219
5,UPFC_tse,5-15,-2.135630989230015,84,-2.134175248315018,MAP_PMU,153,0.0014557409149973388
0,x_tcsc,1-14,-0.1398676926935938,85,-0.13985838782808235,MAP_PMU,153,9.304865511455818e-06
1,B_svc,2,0.3011246339762041,85,0.3014592819457357,MAP_PMU,153,0.0003346479695315874
2,UPFC_Vsh,5-15,1.1046435479663137,85,1.1047704921768118,MAP_PMU,153,0.00012694421049808113
3,UPFC_tsh,5-15,-0.22623215433306904,85,-0.22619865019323943,MAP_PMU,153,3.350413982960987e-05
4,UPFC_Vse,5-15,0.05931085911966831,85,0.05833418409060813,MAP_PMU,153,0.0009766750290601811
5,UPFC_tse,5-15,-2.145130685630541,85,-2.134175248315018,MAP_PMU,153,0.010955437315523398
0,x_tcsc,1-14,-0.13985087241974273,86,-0.13985838782808235,MAP_PMU,153,7.515408339625607e-06
1,B_svc,2,0.3015277474274663,86,0.3014592819457357,MAP_PMU,153,6.84654817306174e-05
2,UPFC_Vsh,5-15,1.1044436422112152,86,1.1047704921768118,MAP_PMU,153,0.0003268499655966206
3,UPFC_tsh,5-15,-0.22625477425149082,86,-0.22619865019323943,MAP_PMU,153,5.612405825139444e-05
4,UPFC_Vse,5-15,0.06026840661223272,86,0.05833418409060813,MAP_PMU,153,0.00193422252162459
5,UPFC_tse,5-15,-2.1540697494989045,86,-2.134175248315018,MAP_PMU,153,0.019894501183886693
0,x_tcsc,1-14,-0.1398417619338329,87,-0.13985838782808235,MAP_PMU,153,1.6625894249444606e-05
1,B_svc,2,0.3011087165598422,87,0.3014592819457357,MAP_PMU,153,0.0003505653858934532
2,UPFC_Vsh,5-15,1.1045909192636303,87,1.1047704921768118,MAP_PMU,153,0.0001795729131814916
3,UPFC_tsh,5-15,-0.22618774060526645,87,-0.22619865019323943,MAP_PMU,153,1.0909587972979251e-05
4,UPFC_Vse,5-15,0.05953970886500678,87,0.05833418409060813,MAP_PMU,153,0.0012055247743986489
5,UPFC_tse,5-15,-2.1435184964203753,87,-2.134175248315018,MAP_PMU,153,0.009343248105357471
0,x_tcsc,1-14,-0.1398567570141036,88,-0.13985838782808235,MAP_PMU,153,1.6308139787479803e-06
1,B_svc,2,0.3012161934288669,88,0.3014592819457357,MAP_PMU,153,0.00024308851686877242
2,UPFC_Vsh,5-15,1.1045197875661563,88,1.1047704921768118,MAP_PMU,153,0.0002507046106554611
3,UPFC_tsh,5-15,-0.22613107956832443,88,-0.22619865019323943,MAP_PMU,153,6.757062491499766e-05
4,UPFC_Vse,5-15,0.059134767688166785,88,0.05833418409060813,MAP_PMU,153,0.0008005835975586559
5,UPFC_tse,5-15,-2.14286310149788,88,-2.134175248315018,MAP_PMU,153,0.008687853182862249
0,x_tcsc,1-14,-0.13985074415202803,89,-0.13985838782808235,MAP_PMU,153,7.643676054325255e-06
1,B_svc,2,0.3013639534608055,89,0.3014592819457357,MAP_PMU,153,9.532848493015722e-05
2,UPFC_Vsh,5-15,1.1046130057183874,89,1.1047704921768118,MAP_PMU,153,0.00015748645842439402
3,UPFC_tsh,5-15,-0.22618408929006098,89,-0.22619865019323943,MAP_PMU,153,1.4560903178445495e-05
4,UPFC_Vse,5-15,0.059415588745421445,89,0.05833418409060813,MAP_PMU,153,0.0010814046548133158
5,UPFC_tse,5-15,-2.137892432523898,89,-2.134175248315018,MAP_PMU,153,0.00371718420888012
0,x_tcsc,1-14,-0.13983929597019598,90,-0.13985838782808235,MAP_PMU,153,1.909185788637191e-05
1,B_svc,2,0.30147413771364207,90,0.3014592819457357,MAP_PMU,153,1.4855767906385431e-05
2,UPFC_Vsh,5-15,1.1043751462191165,90,1.1047704921768118,MAP_PMU,153,0.00039534595769530334
3,UPFC_tsh,5-15,-0.22621813495331347,90,-0.22619865019323943,MAP_PMU,153,1.9484760074045537e-05
4,UPFC_Vse,5-15,0.06003913592336919,90,0.05833418409060813,MAP_PMU,153,0.0017049518327610577
5,UPFC_tse,5-15,-2.150369177900923,90,-2.134175248315018,MAP_PMU,153,0.016193929585905043
0,x_tcsc,1-14,-0.13985186089839607,91,-0.13985838782808235,MAP_PMU,153,6.526929686279104e-06
1,B_svc,2,0.301319768256304,91,0.3014592819457357,MAP_PMU,153,0.00013951368943165843
2,UPFC_Vsh,5-15,1.1044173799874206,91,1.1047704921768118,MAP_PMU,153,0.0003531121893911582
3,UPFC_tsh,5-15,-0.2262637121855548,91,-0.22619865019323943,MAP_PMU,153,6.50619923153739e-05
4,UPFC_Vse,5-15,0.05937205445791276,91,0.05833418409060813,MAP_PMU,153,0.0010378703673046275
5,UPFC_tse,5-15,-2.140465876558837,91,-2.134175248315018,MAP_PMU,153,0.006290628243819096
0,x_tcsc,1-14,-0.13986920246718573,92,-0.13985838782808235,MAP_PMU,153,1.0814639103379209e-05
1,B_svc,2,0.30076598133140403,92,0.3014592819457357,MAP_PMU,153,0.0006933006143316489
2,UPFC_Vsh,5-15,1.104426590181193,92,1.1047704921768118,MAP_PMU,153,0.00034390199561884494
3,UPFC_tsh,5-15,-0.22624723607214597,92,-0.22619865019323943,MAP_PMU,153,4.858587890654853e-05
4,UPFC_Vse,5-15,0.059292568100295893,92,0.05833418409060813,MAP_PMU,153,0.0009583840096877641
5,UPFC_tse,5-15,-2.1456389685863395,92,-2.134175248315018,MAP_PMU,153,0.011463720271321698
0,x_tcsc,1-14,-0.139863414785845,93,-0.13985838782808235,MAP_PMU,153,5.026957762638284e-06
1,B_svc,2,0.3017885115382652,93,0.3014592819457357,MAP_PMU,153,0.0003292295925295119
2,UPFC_Vsh,5-15,1.1047205783936267,93,1.1047704921768118,MAP_PMU,153,4.991378318508488e-05
3,UPFC_tsh,5-15,-0.22619951972384555,93,-0.22619865019323943,MAP_PMU,153,8.695306061290431e-07
4,UPFC_Vse,5-15,0.05940633431650645,93,0.05833418409060813,MAP_PMU,153,0.0010721502258983218
5,UPFC_tse,5-15,-2.1424011677397856,93,-2.134175248315018,MAP_PMU,153,0.008225919424767802
0,x_tcsc,1-14,-0.13986947321122306,94,-0.13985838782808235,MAP_PMU,153,1.1085383140707616e-05
1,B_svc,2,0.3020853929943066,94,0.3014592819457357,MAP_PMU,153,0.0006261110485709098
2,UPFC_Vsh,5-15,1.1040912156672826,94,1.1047704921768118,MAP_PMU,153,0.0006792765095291475
3,UPFC_tsh,5-15,-0.22626323432886045,94,-0.22619865019323943,MAP_PMU,153,6.458413562102083e-05
4,UPFC_Vse,5-15,0.05947772517826443,94,0.05833418409060813,MAP_PMU,153,0.0011435410876563037
5,UPFC_tse,5-15,-2.151686734785203,94,-2.134175248315018,MAP_PMU,153,0.0175114864701853
0,x_tcsc,1-14,-0.13987124465823667,95,-0.13985838782808235,MAP_PMU,153,1.2856830154311938e-05
1,B_svc,2,0.30183232289219625,95,0.3014592819457357,MAP_PMU,153,0.00037304094646056773
2,UPFC_Vsh,5-15,1.104252247265262,95,1.1047704921768118,MAP_PMU,153,0.0005182449115497256
3,UPFC_tsh,5-15,-0.22625401973549583,95,-0.22619865019323943,MAP_PMU,153,5.5369542256406e-05
4,UPFC_Vse,5-15,0.05939142431783918,95,0.05833418409060813,MAP_PMU,153,0.0010572402272310474
5,UPFC_tse,5-15,-2.1438750450989694,95,-2.134175248315018,MAP_PMU,153,0.009699796783951609
0,x_tcsc,1-14,-0.13986502888835695,96,-0.13985838782808235,MAP_PMU,153,6.641060274592547e-06
1,B_svc,2,0.30115143541672534,96,0.3014592819457357,MAP_PMU,153,0.00030784652901033605
2,UPFC_Vsh,5-15,1.1042323164962415,96,1.1047704921768118,MAP_PMU,153,0.0005381756805702409
3,UPFC_tsh,5-15,-0.22626125264878744,96,-0.22619865019323943,MAP_PMU,153,6.260245554801092e-05
4,UPFC_Vse,5-15,0.05929386146187234,96,0.05833418409060813,MAP_PMU,153,0.0009596773712642129
5,UPFC_tse,5-15,-2.1463845698584074,96,-2.134175248315018,MAP_PMU,153,0.012209321543389606
0,x_tcsc,1-14,-0.13985892158935034,97,-0.13985838782808235,MAP_PMU,153,5.33761267990096e-07
1,B_svc,2,0.3006138384857207,97,0.3014592819457357,MAP_PMU,153,0.0008454434600149718
2,UPFC_Vsh,5-15,1.104249407101199,97,1.1047704921768118,MAP_PMU,153,0.0005210850756127705
3,UPFC_tsh,5-15,-0.22620904456888855,97,-0.22619865019323943,MAP_PMU,153,1.0394375649119825e-05
4,UPFC_Vse,5-15,0.05975619441436104,97,0.05833418409060813,MAP_PMU,153,0.0014220103237529078
5,UPFC_tse,5-15,-2.1512359755172916,97,-2.134175248315018,MAP_PMU,153,0.017060727202273807
0,x_tcsc,1-14,-0.13986292003235626,98,-0.13985838782808235,MAP_PMU,153,4.532204273904883e-06
1,B_svc,2,0.30134210290495345,98,0.3014592819457357,MAP_PMU,153,0.00011717904078223373
2,UPFC_Vsh,5-15,1.1043224043457143,98,1.1047704921768118,MAP_PMU,153,0.00044808783109751005
3,UPFC_tsh,5-15,-0.2262627007708916,98,-0.22619865019323943,MAP_PMU,153,6.405057765218602e-05
4,UPFC_Vse,5-15,0.05987440220916912,98,0.05833418409060813,MAP_PMU,153,0.0015402181185609903
5,UPFC_tse,5-15,-2.1464448013298383,98,-2.134175248315018,MAP_PMU,153,0.012269553014820467
0,x_tcsc,1-14,-0.13987457139261453,99,-0.13985838782808235,MAP_PMU,153,1.6183564532173955e-05
1,B_svc,2,0.30094832307215696,99,0.3014592819457357,MAP_PMU,153,0.0005109588735787152
2,UPFC_Vsh,5-15,1.1047253756553828,99,1.1047704921768118,MAP_PMU,153,4.511652142902278e-05
3,UPFC_tsh,5-15,-0.22616826197684212,99,-0.22619865019323943,MAP_PMU,153,3.0388216397309042e-05
4,UPFC_Vse,5-15,0.05945917275599567,99,0.05833418409060813,MAP_PMU,153,0.001124988665387544
5,UPFC_tse,5-15,-2.1555365825107886,99,-2.134175248315018,MAP_PMU,153,0.021361334195770798
0,x_tcsc,1-14,-0.14023757835625084,0,-0.14022937543990158,MAP_PMU,155,8.202916349259182e-06
1,B_svc,2,0.3034300413305038,0,0.30342516789828244,MAP_PMU,155,4.873432221330631e-06
2,UPFC_Vsh,5-15,1.1047969100041306,0,1.104214483283727,MAP_PMU,155,0.0005824267204035394
3,UPFC_tsh,5-15,-0.22606375652992375,0,-0.22599573002054105,MAP_PMU,155,6.80265093827015e-05
4,UPFC_Vse,5-15,0.05956970654230826,0,0.05791566213151965,MAP_PMU,155,0.0016540444107886118
5,UPFC_tse,5-15,-2.150318346976107,0,-2.1368171684030264,MAP_PMU,155,0.01350117857308053
0,x_tcsc,1-14,-0.14022798552047488,1,-0.14022937543990158,MAP_PMU,155,1.3899194266919768e-06
1,B_svc,2,0.3033132156138412,1,0.30342516789828244,MAP_PMU,155,0.00011195228444121907
2,UPFC_Vsh,5-15,1.1040592697783171,1,1.104214483283727,MAP_PMU,155,0.0001552135054099235
3,UPFC_tsh,5-15,-0.22607600772100334,1,-0.22599573002054105,MAP_PMU,155,8.027770046228899e-05
4,UPFC_Vse,5-15,0.05907189100494409,1,0.05791566213151965,MAP_PMU,155,0.0011562288734244391
5,UPFC_tse,5-15,-2.159157103111241,1,-2.1368171684030264,MAP_PMU,155,0.022339934708214493
0,x_tcsc,1-14,-0.1402406558414728,2,-0.14022937543990158,MAP_PMU,155,1.128040157122312e-05
1,B_svc,2,0.3037015403739494,2,0.30342516789828244,MAP_PMU,155,0.000276372475666975
2,UPFC_Vsh,5-15,1.1043885232256083,2,1.104214483283727,MAP_PMU,155,0.00017403994188125438
3,UPFC_tsh,5-15,-0.2260219413975199,2,-0.22599573002054105,MAP_PMU,155,2.6211376978863e-05
4,UPFC_Vse,5-15,0.059852760065630395,2,0.05791566213151965,MAP_PMU,155,0.0019370979341107458
5,UPFC_tse,5-15,-2.1567702042552064,2,-2.1368171684030264,MAP_PMU,155,0.01995303585218
0,x_tcsc,1-14,-0.14026466327034925,3,-0.14022937543990158,MAP_PMU,155,3.5287830447677804e-05
1,B_svc,2,0.3033427200123796,3,0.30342516789828244,MAP_PMU,155,8.244788590283658e-05
2,UPFC_Vsh,5-15,1.1044655356525517,3,1.104214483283727,MAP_PMU,155,0.00025105236882461135
3,UPFC_tsh,5-15,-0.22606630288256915,3,-0.22599573002054105,MAP_PMU,155,7.057286202810653e-05
4,UPFC_Vse,5-15,0.05990248641143308,3,0.05791566213151965,MAP_PMU,155,0.001986824279913431
5,UPFC_tse,5-15,-2.149301419048402,3,-2.1368171684030264,MAP_PMU,155,0.012484250645375727
0,x_tcsc,1-14,-0.14025158944478022,4,-0.14022937543990158,MAP_PMU,155,2.2214004878645666e-05
1,B_svc,2,0.30305814014056404,4,0.30342516789828244,MAP_PMU,155,0.0003670277577184078
2,UPFC_Vsh,5-15,1.1046209418466395,4,1.104214483283727,MAP_PMU,155,0.0004064585629124373
3,UPFC_tsh,5-15,-0.2260111972266179,4,-0.22599573002054105,MAP_PMU,155,1.5467206076841267e-05
4,UPFC_Vse,5-15,0.05930646720512971,4,0.05791566213151965,MAP_PMU,155,0.0013908050736100644
5,UPFC_tse,5-15,-2.146202636245919,4,-2.1368171684030264,MAP_PMU,155,0.009385467842892403
0,x_tcsc,1-14,-0.14023278367817293,5,-0.14022937543990158,MAP_PMU,155,3.408238271357389e-06
1,B_svc,2,0.30354034102249605,5,0.30342516789828244,MAP_PMU,155,0.00011517312421360781
2,UPFC_Vsh,5-15,1.1043364493221264,5,1.104214483283727,MAP_PMU,155,0.00012196603839931264
3,UPFC_tsh,5-15,-0.22600909562728305,5,-0.22599573002054105,MAP_PMU,155,1.3365606742005154e-05
4,UPFC_Vse,5-15,0.05977892337230007,5,0.05791566213151965,MAP_PMU,155,0.0018632612407804214
5,UPFC_tse,5-15,-2.1373237683899546,5,-2.1368171684030264,MAP_PMU,155,0.0005065999869282578
0,x_tcsc,1-14,-0.14023135521505736,6,-0.14022937543990158,MAP_PMU,155,1.9797751557859566e-06
1,B_svc,2,0.30348884065940673,6,0.30342516789828244,MAP_PMU,155,6.367276112428932e-05
2,UPFC_Vsh,5-15,1.1046110834071372,6,1.104214483283727,MAP_PMU,155,0.00039660012341014017
3,UPFC_tsh,5-15,-0.22600891029248749,6,-0.22599573002054105,MAP_PMU,155,1.3180271946439115e-05
4,UPFC_Vse,5-15,0.05956960691437053,6,0.05791566213151965,MAP_PMU,155,0.0016539447828508788
5,UPFC_tse,5-15,-2.1542158630924497,6,-2.1368171684030264,MAP_PMU,155,0.017398694689423344
0,x_tcsc,1-14,-0.14027196849143456,7,-0.14022937543990158,MAP_PMU,155,4.2593051532979764e-05
1,B_svc,2,0.3035426046499325,7,0.30342516789828244,MAP_PMU,155,0.0001174367516500463
2,UPFC_Vsh,5-15,1.1043096000166068,7,1.104214483283727,MAP_PMU,155,9.511673287976308e-05
3,UPFC_tsh,5-15,-0.2260959235883271,7,-0.22599573002054105,MAP_PMU,155,0.00010019356778606658
4,UPFC_Vse,5-15,0.05970944822545155,7,0.05791566213151965,MAP_PMU,155,0.0017937860939319025
5,UPFC_tse,5-15,-2.1493078569682864,7,-2.1368171684030264,MAP_PMU,155,0.012490688565260033
0,x_tcsc,1-14,-0.14020709929079928,8,-0.14022937543990158,MAP_PMU,155,2.227614910230158e-05
1,B_svc,2,0.3032966068704263,8,0.30342516789828244,MAP_PMU,155,0.00012856102785613333
2,UPFC_Vsh,5-15,1.1046818623111365,8,1.104214483283727,MAP_PMU,155,0.0004673790274094536
3,UPFC_tsh,5-15,-0.22605811339733434,8,-0.22599573002054105,MAP_PMU,155,6.23833767932902e-05
4,UPFC_Vse,5-15,0.05957488124800507,8,0.05791566213151965,MAP_PMU,155,0.001659219116485422
5,UPFC_tse,5-15,-2.1472894450852564,8,-2.1368171684030264,MAP_PMU,155,0.010472276682230053
0,x_tcsc,1-14,-0.1402461574079012,9,-0.14022937543990158,MAP_PMU,155,1.6781967999618397e-05
1,B_svc,2,0.3033145085175758,9,0.30342516789828244,MAP_PMU,155,0.00011065938070664583
2,UPFC_Vsh,5-15,1.1039624426955459,9,1.104214483283727,MAP_PMU,155,0.00025204058818117936
3,UPFC_tsh,5-15,-0.22607435863937217,9,-0.22599573002054105,MAP_PMU,155,7.862861883112249e-05
4,UPFC_Vse,5-15,0.05990477924401694,9,0.05791566213151965,MAP_PMU,155,0.001989117112497288
5,UPFC_tse,5-15,-2.14923134799215,9,-2.1368171684030264,MAP_PMU,155,0.01241417958912372
0,x_tcsc,1-14,-0.14021886036995682,10,-0.14022937543990158,MAP_PMU,155,1.0515069944760924e-05
1,B_svc,2,0.3038233143669327,10,0.30342516789828244,MAP_PMU,155,0.00039814646865027337
2,UPFC_Vsh,5-15,1.1045359440529583,10,1.104214483283727,MAP_PMU,155,0.0003214607692312299
3,UPFC_tsh,5-15,-0.22601617552177605,10,-0.22599573002054105,MAP_PMU,155,2.044550123500577e-05
4,UPFC_Vse,5-15,0.059738744673303285,10,0.05791566213151965,MAP_PMU,155,0.0018230825417836355
5,UPFC_tse,5-15,-2.1563927760683814,10,-2.1368171684030264,MAP_PMU,155,0.019575607665355044
0,x_tcsc,1-14,-0.14024314779985064,11,-0.14022937543990158,MAP_PMU,155,1.3772359949065782e-05
1,B_svc,2,0.3032708206175932,11,0.30342516789828244,MAP_PMU,155,0.00015434728068924874
2,UPFC_Vsh,5-15,1.1047551296148324,11,1.104214483283727,MAP_PMU,155,0.0005406463311052878
3,UPFC_tsh,5-15,-0.2260240721263968,11,-0.22599573002054105,MAP_PMU,155,2.8342105855755362e-05
4,UPFC_Vse,5-15,0.05968321856794781,11,0.05791566213151965,MAP_PMU,155,0.001767556436428161
5,UPFC_tse,5-15,-2.1487948613285086,11,-2.1368171684030264,MAP_PMU,155,0.01197769292548223
0,x_tcsc,1-14,-0.1402221057194405,12,-0.14022937543990158,MAP_PMU,155,7.269720461083873e-06
1,B_svc,2,0.30400596095306975,12,0.30342516789828244,MAP_PMU,155,0.0005807930547873097
2,UPFC_Vsh,5-15,1.1044462748702701,12,1.104214483283727,MAP_PMU,155,0.00023179158654307308
3,UPFC_tsh,5-15,-0.22603347483916927,12,-0.22599573002054105,MAP_PMU,155,3.7744818628226984e-05
4,UPFC_Vse,5-15,0.05889465433291745,12,0.05791566213151965,MAP_PMU,155,0.0009789922013977992
5,UPFC_tse,5-15,-2.147712281330341,12,-2.1368171684030264,MAP_PMU,155,0.01089511292731471
0,x_tcsc,1-14,-0.14024628666715103,13,-0.14022937543990158,MAP_PMU,155,1.6911227249449823e-05
1,B_svc,2,0.3038158717266732,13,0.30342516789828244,MAP_PMU,155,0.00039070382839073714
2,UPFC_Vsh,5-15,1.1044711410786738,13,1.104214483283727,MAP_PMU,155,0.00025665779494676855
3,UPFC_tsh,5-15,-0.22605465404205055,13,-0.22599573002054105,MAP_PMU,155,5.8924021509504376e-05
4,UPFC_Vse,5-15,0.05939943058915146,13,0.05791566213151965,MAP_PMU,155,0.0014837684576318108
5,UPFC_tse,5-15,-2.152461300131793,13,-2.1368171684030264,MAP_PMU,155,0.015644131728766553
0,x_tcsc,1-14,-0.14024344480996598,14,-0.14022937543990158,MAP_PMU,155,1.4069370064401232e-05
1,B_svc,2,0.30334414061696374,14,0.30342516789828244,MAP_PMU,155,8.102728131870185e-05
2,UPFC_Vsh,5-15,1.1045073629421138,14,1.104214483283727,MAP_PMU,155,0.00029287965838675767
3,UPFC_tsh,5-15,-0.22593410079073606,14,-0.22599573002054105,MAP_PMU,155,6.162922980498808e-05
4,UPFC_Vse,5-15,0.05937650497451188,14,0.05791566213151965,MAP_PMU,155,0.0014608428429922285
5,UPFC_tse,5-15,-2.147447717521389,14,-2.1368171684030264,MAP_PMU,155,0.010630549118362698
0,x_tcsc,1-14,-0.14022534381787477,15,-0.14022937543990158,MAP_PMU,155,4.031622026806625e-06
1,B_svc,2,0.3033234412009661,15,0.30342516789828244,MAP_PMU,155,0.00010172669731633999
2,UPFC_Vsh,5-15,1.1041521217425945,15,1.104214483283727,MAP_PMU,155,6.236154113259396e-05
3,UPFC_tsh,5-15,-0.22605746685780298,15,-0.22599573002054105,MAP_PMU,155,6.173683726193313e-05
4,UPFC_Vse,5-15,0.05944413478983899,15,0.05791566213151965,MAP_PMU,155,0.0015284726583193395
5,UPFC_tse,5-15,-2.1481612436672024,15,-2.1368171684030264,MAP_PMU,155,0.011344075264176023
0,x_tcsc,1-14,-0.1402559707527109,16,-0.14022937543990158,MAP_PMU,155,2.6595312809324367e-05
1,B_svc,2,0.30374315842729965,16,0.30342516789828244,MAP_PMU,155,0.00031799052901720914
2,UPFC_Vsh,5-15,1.1044835053509459,16,1.104214483283727,MAP_PMU,155,0.00026902206721879374
3,UPFC_tsh,5-15,-0.2260152986212212,16,-0.22599573002054105,MAP_PMU,155,1.95686006801421e-05
4,UPFC_Vse,5-15,0.05915239292096353,16,0.05791566213151965,MAP_PMU,155,0.0012367307894438836
5,UPFC_tse,5-15,-2.148459291172275,16,-2.1368171684030264,MAP_PMU,155,0.011642122769248697
0,x_tcsc,1-14,-0.14024769611082327,17,-0.14022937543990158,MAP_PMU,155,1.8320670921695426e-05
1,B_svc,2,0.30376992793905294,17,0.30342516789828244,MAP_PMU,155,0.0003447600407704976
2,UPFC_Vsh,5-15,1.1045034708427155,17,1.104214483283727,MAP_PMU,155,0.00028898755898842943
3,UPFC_tsh,5-15,-0.2260562429384948,17,-0.22599573002054105,MAP_PMU,155,6.0512917953753353e-05
4,UPFC_Vse,5-15,0.059451109298967554,17,0.05791566213151965,MAP_PMU,155,0.001535447167447905
5,UPFC_tse,5-15,-2.158197382293377,17,-2.1368171684030264,MAP_PMU,155,0.021380213890350497
0,x_tcsc,1-14,-0.14025938784324476,18,-0.14022937543990158,MAP_PMU,155,3.001240334318811e-05
1,B_svc,2,0.3038095777304149,18,0.30342516789828244,MAP_PMU,155,0.0003844098321324485
2,UPFC_Vsh,5-15,1.1045589775842288,18,1.104214483283727,MAP_PMU,155,0.0003444943005017631
3,UPFC_tsh,5-15,-0.2260317095928624,18,-0.22599573002054105,MAP_PMU,155,3.597957232134852e-05
4,UPFC_Vse,5-15,0.05992882746729268,18,0.05791566213151965,MAP_PMU,155,0.0020131653357730317
5,UPFC_tse,5-15,-2.143484570208139,18,-2.1368171684030264,MAP_PMU,155,0.006667401805112494
0,x_tcsc,1-14,-0.1402314388508299,19,-0.14022937543990158,MAP_PMU,155,2.0634109283157454e-06
1,B_svc,2,0.3034858777681277,19,0.30342516789828244,MAP_PMU,155,6.0709869845243514e-05
2,UPFC_Vsh,5-15,1.1041273571095727,19,1.104214483283727,MAP_PMU,155,8.712617415440604e-05
3,UPFC_tsh,5-15,-0.22602292704165855,19,-0.22599573002054105,MAP_PMU,155,2.7197021117503217e-05
4,UPFC_Vse,5-15,0.05959978622296701,19,0.05791566213151965,MAP_PMU,155,0.0016841240914473588
5,UPFC_tse,5-15,-2.1506200239454816,19,-2.1368171684030264,MAP_PMU,155,0.013802855542455195
0,x_tcsc,1-14,-0.14024184867116402,20,-0.14022937543990158,MAP_PMU,155,1.2473231262438711e-05
1,B_svc,2,0.30367860853112716,20,0.30342516789828244,MAP_PMU,155,0.00025344063284471474
2,UPFC_Vsh,5-15,1.104343239042374,20,1.104214483283727,MAP_PMU,155,0.00012875575864690347
3,UPFC_tsh,5-15,-0.22604141952214077,20,-0.22599573002054105,MAP_PMU,155,4.568950159972163e-05
4,UPFC_Vse,5-15,0.05983649650856123,20,0.05791566213151965,MAP_PMU,155,0.0019208343770415817
5,UPFC_tse,5-15,-2.1487635022446945,20,-2.1368171684030264,MAP_PMU,155,0.0119463338416681
0,x_tcsc,1-14,-0.1402376285582239,21,-0.14022937543990158,MAP_PMU,155,8.253118322310016e-06
1,B_svc,2,0.3036198901163345,21,0.30342516789828244,MAP_PMU,155,0.00019472221805205692
2,UPFC_Vsh,5-15,1.1041235034626014,21,1.104214483283727,MAP_PMU,155,9.097982112571401e-05
3,UPFC_tsh,5-15,-0.22600658075607002,21,-0.22599573002054105,MAP_PMU,155,1.085073552897775e-05
4,UPFC_Vse,5-15,0.05987435723965805,21,0.05791566213151965,MAP_PMU,155,0.0019586951081384044
5,UPFC_tse,5-15,-2.1474804694560983,21,-2.1368171684030264,MAP_PMU,155,0.010663301053071894
0,x_tcsc,1-14,-0.1402591303195465,22,-0.14022937543990158,MAP_PMU,155,2.9754879644933174e-05
1,B_svc,2,0.30369125606649444,22,0.30342516789828244,MAP_PMU,155,0.00026608816821199754
2,UPFC_Vsh,5-15,1.1041070211018844,22,1.104214483283727,MAP_PMU,155,0.00010746218184265466
3,UPFC_tsh,5-15,-0.22601320202410158,22,-0.22599573002054105,MAP_PMU,155,1.7472003560531357e-05
4,UPFC_Vse,5-15,0.059159964907325446,22,0.05791566213151965,MAP_PMU,155,0.0012443027758057973
5,UPFC_tse,5-15,-2.1520821228235225,22,-2.1368171684030264,MAP_PMU,155,0.015264954420496135
0,x_tcsc,1-14,-0.14023635722248146,23,-0.14022937543990158,MAP_PMU,155,6.981782579879026e-06
1,B_svc,2,0.30370537147873383,23,0.30342516789828244,MAP_PMU,155,0.00028020358045138805
2,UPFC_Vsh,5-15,1.1042794125789732,23,1.104214483283727,MAP_PMU,155,6.492929524615221e-05
3,UPFC_tsh,5-15,-0.2260094387378798,23,-0.22599573002054105,MAP_PMU,155,1.3708717338745124e-05
4,UPFC_Vse,5-15,0.05954867868407423,23,0.05791566213151965,MAP_PMU,155,0.0016330165525545795
5,UPFC_tse,5-15,-2.146539142822666,23,-2.1368171684030264,MAP_PMU,155,0.009721974419639512
0,x_tcsc,1-14,-0.14023299799501643,24,-0.14022937543990158,MAP_PMU,155,3.6225551148516555e-06
1,B_svc,2,0.3037560834875944,24,0.30342516789828244,MAP_PMU,155,0.0003309155893119753
2,UPFC_Vsh,5-15,1.104023597380348,24,1.104214483283727,MAP_PMU,155,0.00019088590337901223
3,UPFC_tsh,5-15,-0.22601152814822686,24,-0.22599573002054105,MAP_PMU,155,1.5798127685817676e-05
4,UPFC_Vse,5-15,0.059784370246311905,24,0.05791566213151965,MAP_PMU,155,0.0018687081147922557
5,UPFC_tse,5-15,-2.146077153774335,24,-2.1368171684030264,MAP_PMU,155,0.009259985371308677
0,x_tcsc,1-14,-0.1402216519270053,25,-0.14022937543990158,MAP_PMU,155,7.72351289626827e-06
1,B_svc,2,0.3026970178447801,25,0.30342516789828244,MAP_PMU,155,0.0007281500535023522
2,UPFC_Vsh,5-15,1.1045290393975855,25,1.104214483283727,MAP_PMU,155,0.00031455611385844406
3,UPFC_tsh,5-15,-0.22594319984294584,25,-0.22599573002054105,MAP_PMU,155,5.253017759521139e-05
4,UPFC_Vse,5-15,0.059186052839322704,25,0.05791566213151965,MAP_PMU,155,0.0012703907078030555
5,UPFC_tse,5-15,-2.1446425584336786,25,-2.1368171684030264,MAP_PMU,155,0.00782539003065219
0,x_tcsc,1-14,-0.14024918543154363,26,-0.14022937543990158,MAP_PMU,155,1.980999164205577e-05
1,B_svc,2,0.30339374327945334,26,0.30342516789828244,MAP_PMU,155,3.142461882910119e-05
2,UPFC_Vsh,5-15,1.1045799389186808,26,1.104214483283727,MAP_PMU,155,0.00036545563495371525
3,UPFC_tsh,5-15,-0.225999991510562,26,-0.22599573002054105,MAP_PMU,155,4.261490020945891e-06
4,UPFC_Vse,5-15,0.059622910045557045,26,0.05791566213151965,MAP_PMU,155,0.0017072479140373964
5,UPFC_tse,5-15,-2.144610838776491,26,-2.1368171684030264,MAP_PMU,155,0.007793670373464678
0,x_tcsc,1-14,-0.1402248007961522,27,-0.14022937543990158,MAP_PMU,155,4.574643749366558e-06
1,B_svc,2,0.3035073187159906,27,0.30342516789828244,MAP_PMU,155,8.2150817708182e-05
2,UPFC_Vsh,5-15,1.1043175692318596,27,1.104214483283727,MAP_PMU,155,0.00010308594813257521
3,UPFC_tsh,5-15,-0.2260418637534754,27,-0.22599573002054105,MAP_PMU,155,4.613373293435585e-05
4,UPFC_Vse,5-15,0.059308576833565496,27,0.05791566213151965,MAP_PMU,155,0.0013929147020458471
5,UPFC_tse,5-15,-2.1577153303042453,27,-2.1368171684030264,MAP_PMU,155,0.02089816190121896
0,x_tcsc,1-14,-0.1402268129267054,28,-0.14022937543990158,MAP_PMU,155,2.5625131961637404e-06
1,B_svc,2,0.3033742416833477,28,0.30342516789828244,MAP_PMU,155,5.0926214934743363e-05
2,UPFC_Vsh,5-15,1.104251890609855,28,1.104214483283727,MAP_PMU,155,3.7407326128002794e-05
3,UPFC_tsh,5-15,-0.22603694141859385,28,-0.22599573002054105,MAP_PMU,155,4.121139805279839e-05
4,UPFC_Vse,5-15,0.059930675539213565,28,0.05791566213151965,MAP_PMU,155,0.0020150134076939163
5,UPFC_tse,5-15,-2.1501193032117913,28,-2.1368171684030264,MAP_PMU,155,0.013302134808764965
0,x_tcsc,1-14,-0.14026848890995777,29,-0.14022937543990158,MAP_PMU,155,3.91134700561957e-05
1,B_svc,2,0.30343838314016375,29,0.30342516789828244,MAP_PMU,155,1.321524188130363e-05
2,UPFC_Vsh,5-15,1.1041889909919755,29,1.104214483283727,MAP_PMU,155,2.5492291751527674e-05
3,UPFC_tsh,5-15,-0.2260573334949438,29,-0.22599573002054105,MAP_PMU,155,6.160347440276048e-05
4,UPFC_Vse,5-15,0.05977709063646808,29,0.05791566213151965,MAP_PMU,155,0.0018614285049484286
5,UPFC_tse,5-15,-2.1505313335982565,29,-2.1368171684030264,MAP_PMU,155,0.013714165195230166
0,x_tcsc,1-14,-0.14023526393581506,30,-0.14022937543990158,MAP_PMU,155,5.888495913486391e-06
1,B_svc,2,0.30364913138964333,30,0.30342516789828244,MAP_PMU,155,0.0002239634913608901
2,UPFC_Vsh,5-15,1.1045993147940394,30,1.104214483283727,MAP_PMU,155,0.0003848315103123223
3,UPFC_tsh,5-15,-0.22598512266131504,30,-0.22599573002054105,MAP_PMU,155,1.0607359226005864e-05
4,UPFC_Vse,5-15,0.05937712644640375,30,0.05791566213151965,MAP_PMU,155,0.0014614643148841006
5,UPFC_tse,5-15,-2.1505534164685183,30,-2.1368171684030264,MAP_PMU,155,0.013736248065491896
0,x_tcsc,1-14,-0.1402221063271496,31,-0.14022937543990158,MAP_PMU,155,7.2691127519786125e-06
1,B_svc,2,0.30335463013153974,31,0.30342516789828244,MAP_PMU,155,7.053776674270651e-05
2,UPFC_Vsh,5-15,1.1045365862570764,31,1.104214483283727,MAP_PMU,155,0.00032210297334933635
3,UPFC_tsh,5-15,-0.2260582225782064,31,-0.22599573002054105,MAP_PMU,155,6.249255766535566e-05
4,UPFC_Vse,5-15,0.05983068238744119,31,0.05791566213151965,MAP_PMU,155,0.0019150202559215443
5,UPFC_tse,5-15,-2.149154716860215,31,-2.1368171684030264,MAP_PMU,155,0.012337548457188596
0,x_tcsc,1-14,-0.14022376225085556,32,-0.14022937543990158,MAP_PMU,155,5.613189046016487e-06
1,B_svc,2,0.30338351888830106,32,0.30342516789828244,MAP_PMU,155,4.1649009981381546e-05
2,UPFC_Vsh,5-15,1.104383541033743,32,1.104214483283727,MAP_PMU,155,0.00016905775001596623
3,UPFC_tsh,5-15,-0.22593339164869927,32,-0.22599573002054105,MAP_PMU,155,6.233837184177471e-05
4,UPFC_Vse,5-15,0.05943980478370571,32,0.05791566213151965,MAP_PMU,155,0.0015241426521860613
5,UPFC_tse,5-15,-2.142627263154968,32,-2.1368171684030264,MAP_PMU,155,0.005810094751941719
0,x_tcsc,1-14,-0.14021803339259115,33,-0.14022937543990158,MAP_PMU,155,1.134204731043087e-05
1,B_svc,2,0.3032079260368735,33,0.30342516789828244,MAP_PMU,155,0.00021724186140892332
2,UPFC_Vsh,5-15,1.1046520915474063,33,1.104214483283727,MAP_PMU,155,0.00043760826367922334
3,UPFC_tsh,5-15,-0.2259990950735378,33,-0.22599573002054105,MAP_PMU,155,3.36505299675105e-06
4,UPFC_Vse,5-15,0.059138285863158745,33,0.05791566213151965,MAP_PMU,155,0.0012226237316390956
5,UPFC_tse,5-15,-2.1439344026669254,33,-2.1368171684030264,MAP_PMU,155,0.007117234263898986
0,x_tcsc,1-14,-0.1402370832961027,34,-0.14022937543990158,MAP_PMU,155,7.707856201133456e-06
1,B_svc,2,0.30397008759015887,34,0.30342516789828244,MAP_PMU,155,0.0005449196918764221
2,UPFC_Vsh,5-15,1.104093322122507,34,1.104214483283727,MAP_PMU,155,0.00012116116121996257
3,UPFC_tsh,5-15,-0.22605592998607937,34,-0.22599573002054105,MAP_PMU,155,6.019996553832674e-05
4,UPFC_Vse,5-15,0.059643921109884375,34,0.05791566213151965,MAP_PMU,155,0.001728258978364726
5,UPFC_tse,5-15,-2.150679075199408,34,-2.1368171684030264,MAP_PMU,155,0.01386190679638144
0,x_tcsc,1-14,-0.14025250482044457,35,-0.14022937543990158,MAP_PMU,155,2.3129380542996625e-05
1,B_svc,2,0.3033328679484648,35,0.30342516789828244,MAP_PMU,155,9.229994981763134e-05
2,UPFC_Vsh,5-15,1.104225881499917,35,1.104214483283727,MAP_PMU,155,1.1398216190006139e-05
3,UPFC_tsh,5-15,-0.22611904044561398,35,-0.22599573002054105,MAP_PMU,155,0.00012331042507293666
4,UPFC_Vse,5-15,0.059601917588855725,35,0.05791566213151965,MAP_PMU,155,0.0016862554573360763
5,UPFC_tse,5-15,-2.154406693653802,35,-2.1368171684030264,MAP_PMU,155,0.01758952525077584
0,x_tcsc,1-14,-0.14021900846888913,36,-0.14022937543990158,MAP_PMU,155,1.0366971012448767e-05
1,B_svc,2,0.3033743336373974,36,0.30342516789828244,MAP_PMU,155,5.08342608850354e-05
2,UPFC_Vsh,5-15,1.1043949615469466,36,1.104214483283727,MAP_PMU,155,0.0001804782632195412
3,UPFC_tsh,5-15,-0.2260470207831345,36,-0.22599573002054105,MAP_PMU,155,5.129076259344223e-05
4,UPFC_Vse,5-15,0.05924209415508486,36,0.05791566213151965,MAP_PMU,155,0.0013264320235652077
5,UPFC_tse,5-15,-2.1469498019994644,36,-2.1368171684030264,MAP_PMU,155,0.010132633596438012
0,x_tcsc,1-14,-0.140245778186931,37,-0.14022937543990158,MAP_PMU,155,1.6402747029437004e-05
1,B_svc,2,0.30318672736955166,37,0.30342516789828244,MAP_PMU,155,0.0002384405287307878
2,UPFC_Vsh,5-15,1.1045137875890105,37,1.104214483283727,MAP_PMU,155,0.0002993043052834654
3,UPFC_tsh,5-15,-0.2260264899113715,37,-0.22599573002054105,MAP_PMU,155,3.075989083045627e-05
4,UPFC_Vse,5-15,0.05939105987889946,37,0.05791566213151965,MAP_PMU,155,0.001475397747379814
5,UPFC_tse,5-15,-2.1431095979316668,37,-2.1368171684030264,MAP_PMU,155,0.0062924295286403975
0,x_tcsc,1-14,-0.1402634152251599,38,-0.14022937543990158,MAP_PMU,155,3.40397852583163e-05
1,B_svc,2,0.3036467758403321,38,0.30342516789828244,MAP_PMU,155,0.00022160794204967305
2,UPFC_Vsh,5-15,1.1043512208274209,38,1.104214483283727,MAP_PMU,155,0.00013673754369381008
3,UPFC_tsh,5-15,-0.22607046656997923,38,-0.22599573002054105,MAP_PMU,155,7.473654943818131e-05
4,UPFC_Vse,5-15,0.05967000157505178,38,0.05791566213151965,MAP_PMU,155,0.0017543394435321283
5,UPFC_tse,5-15,-2.1459974124478998,38,-2.1368171684030264,MAP_PMU,155,0.009180244044873387
0,x_tcsc,1-14,-0.14024488530802895,39,-0.14022937543990158,MAP_PMU,155,1.5509868127372428e-05
1,B_svc,2,0.3029679379561522,39,0.30342516789828244,MAP_PMU,155,0.00045722994213026613
2,UPFC_Vsh,5-15,1.1044693059148283,39,1.104214483283727,MAP_PMU,155,0.0002548226311012147
3,UPFC_tsh,5-15,-0.2261184354531393,39,-0.22599573002054105,MAP_PMU,155,0.0001227054325982635
4,UPFC_Vse,5-15,0.059653400328831714,39,0.05791566213151965,MAP_PMU,155,0.001737738197312065
5,UPFC_tse,5-15,-2.145763563350093,39,-2.1368171684030264,MAP_PMU,155,0.008946394947066505
0,x_tcsc,1-14,-0.14025026910781413,40,-0.14022937543990158,MAP_PMU,155,2.089366791255265e-05
1,B_svc,2,0.30342583950759944,40,0.30342516789828244,MAP_PMU,155,6.716093169933934e-07
2,UPFC_Vsh,5-15,1.1040204628370116,40,1.104214483283727,MAP_PMU,155,0.00019402044671545937
3,UPFC_tsh,5-15,-0.2260555675222611,40,-0.22599573002054105,MAP_PMU,155,5.9837501720061415e-05
4,UPFC_Vse,5-15,0.05990127264091592,40,0.05791566213151965,MAP_PMU,155,0.001985610509396274
5,UPFC_tse,5-15,-2.145084680263627,40,-2.1368171684030264,MAP_PMU,155,0.008267511860600596
0,x_tcsc,1-14,-0.1402431196343154,41,-0.14022937543990158,MAP_PMU,155,1.3744194413828348e-05
1,B_svc,2,0.3034570201779681,41,0.30342516789828244,MAP_PMU,155,3.18522796856624e-05
2,UPFC_Vsh,5-15,1.1047276285255263,41,1.104214483283727,MAP_PMU,155,0.0005131452417992399
3,UPFC_tsh,5-15,-0.22591334119830006,41,-0.22599573002054105,MAP_PMU,155,8.238882224098631e-05
4,UPFC_Vse,5-15,0.05896056457678476,41,0.05791566213151965,MAP_PMU,155,0.0010449024452651098
5,UPFC_tse,5-15,-2.1409924435085577,41,-2.1368171684030264,MAP_PMU,155,0.004175275105531284
0,x_tcsc,1-14,-0.14020511987030634,42,-0.14022937543990158,MAP_PMU,155,2.4255569595232895e-05
1,B_svc,2,0.3035357235864501,42,0.30342516789828244,MAP_PMU,155,0.00011055568816764616
2,UPFC_Vsh,5-15,1.104463380004733,42,1.104214483283727,MAP_PMU,155,0.0002488967210059201
3,UPFC_tsh,5-15,-0.2260334965686532,42,-0.22599573002054105,MAP_PMU,155,3.77665481121614e-05
4,UPFC_Vse,5-15,0.05960001912610434,42,0.05791566213151965,MAP_PMU,155,0.0016843569945846903
5,UPFC_tse,5-15,-2.1461612402890586,42,-2.1368171684030264,MAP_PMU,155,0.009344071886032257
0,x_tcsc,1-14,-0.14025483286462226,43,-0.14022937543990158,MAP_PMU,155,2.5457424720681798e-05
1,B_svc,2,0.3037617166490414,43,0.30342516789828244,MAP_PMU,155,0.0003365487507589471
2,UPFC_Vsh,5-15,1.1044294412182465,43,1.104214483283727,MAP_PMU,155,0.0002149579345194219
3,UPFC_tsh,5-15,-0.2260366780181111,43,-0.22599573002054105,MAP_PMU,155,4.0947997570039973e-05
4,UPFC_Vse,5-15,0.05917749927928908,43,0.05791566213151965,MAP_PMU,155,0.0012618371477694304
5,UPFC_tse,5-15,-2.1431164576441253,43,-2.1368171684030264,MAP_PMU,155,0.006299289241098904
0,x_tcsc,1-14,-0.14024457004864163,44,-0.14022937543990158,MAP_PMU,155,1.5194608740054516e-05
1,B_svc,2,0.30345479823826343,44,0.30342516789828244,MAP_PMU,155,2.9630339980990517e-05
2,UPFC_Vsh,5-15,1.1044375239730382,44,1.104214483283727,MAP_PMU,155,0.00022304068931111587
3,UPFC_tsh,5-15,-0.22602632270436082,44,-0.22599573002054105,MAP_PMU,155,3.0592683819774535e-05
4,UPFC_Vse,5-15,0.05938176076825075,44,0.05791566213151965,MAP_PMU,155,0.0014660986367311044
5,UPFC_tse,5-15,-2.1415468845748595,44,-2.1368171684030264,MAP_PMU,155,0.004729716171833154
0,x_tcsc,1-14,-0.1402248415416,45,-0.14022937543990158,MAP_PMU,155,4.533898301573025e-06
1,B_svc,2,0.3032712572460196,45,0.30342516789828244,MAP_PMU,155,0.00015391065226283418
2,UPFC_Vsh,5-15,1.1045928220746495,45,1.104214483283727,MAP_PMU,155,0.00037833879092241673
3,UPFC_tsh,5-15,-0.22605094320465488,45,-0.22599573002054105,MAP_PMU,155,5.521318411383369e-05
4,UPFC_Vse,5-15,0.059080071675401594,45,0.05791566213151965,MAP_PMU,155,0.0011644095438819446
5,UPFC_tse,5-15,-2.153481645280304,45,-2.1368171684030264,MAP_PMU,155,0.01666447687727768
0,x_tcsc,1-14,-0.14025037491240774,46,-0.14022937543990158,MAP_PMU,155,2.099947250616685e-05
1,B_svc,2,0.30344123977928505,46,0.30342516789828244,MAP_PMU,155,1.607188100261059e-05
2,UPFC_Vsh,5-15,1.1044184552195364,46,1.104214483283727,MAP_PMU,155,0.00020397193580934392
3,UPFC_tsh,5-15,-0.22606654203793397,46,-0.22599573002054105,MAP_PMU,155,7.081201739292386e-05
4,UPFC_Vse,5-15,0.059672919753251376,46,0.05791566213151965,MAP_PMU,155,0.0017572576217317268
5,UPFC_tse,5-15,-2.1341296207547753,46,-2.1368171684030264,MAP_PMU,155,0.0026875476482510763
0,x_tcsc,1-14,-0.1402326776506537,47,-0.14022937543990158,MAP_PMU,155,3.302210752120782e-06
1,B_svc,2,0.30360298153711096,47,0.30342516789828244,MAP_PMU,155,0.00017781363882851675
2,UPFC_Vsh,5-15,1.1042857857713966,47,1.104214483283727,MAP_PMU,155,7.13024876695112e-05
3,UPFC_tsh,5-15,-0.22610248499845614,47,-0.22599573002054105,MAP_PMU,155,0.0001067549779150967
4,UPFC_Vse,5-15,0.05895183458422995,47,0.05791566213151965,MAP_PMU,155,0.0010361724527103017
5,UPFC_tse,5-15,-2.1518265416843616,47,-2.1368171684030264,MAP_PMU,155,0.015009373281335225
0,x_tcsc,1-14,-0.14025776042470034,48,-0.14022937543990158,MAP_PMU,155,2.8384984798762725e-05
1,B_svc,2,0.30370274408751774,48,0.30342516789828244,MAP_PMU,155,0.0002775761892352957
2,UPFC_Vsh,5-15,1.1043768712820377,48,1.104214483283727,MAP_PMU,155,0.00016238799831058692
3,UPFC_tsh,5-15,-0.22609234827040867,48,-0.22599573002054105,MAP_PMU,155,9.661824986761935e-05
4,UPFC_Vse,5-15,0.059760294102496975,48,0.05791566213151965,MAP_PMU,155,0.0018446319709773257
5,UPFC_tse,5-15,-2.1578789319351572,48,-2.1368171684030264,MAP_PMU,155,0.02106176353213085
0,x_tcsc,1-14,-0.14025589746458494,49,-0.14022937543990158,MAP_PMU,155,2.6522024683367507e-05
1,B_svc,2,0.30315506530265424,49,0.30342516789828244,MAP_PMU,155,0.0002701025956282077
2,UPFC_Vsh,5-15,1.104482155209152,49,1.104214483283727,MAP_PMU,155,0.0002676719254248727
3,UPFC_tsh,5-15,-0.22596661868813314,49,-0.22599573002054105,MAP_PMU,155,2.911133240790509e-05
4,UPFC_Vse,5-15,0.05959083714729393,49,0.05791566213151965,MAP_PMU,155,0.0016751750157742787
5,UPFC_tse,5-15,-2.1380775313385016,49,-2.1368171684030264,MAP_PMU,155,0.0012603629354752677
0,x_tcsc,1-14,-0.14024275708822032,50,-0.14022937543990158,MAP_PMU,155,1.3381648318738781e-05
1,B_svc,2,0.30364682741708465,50,0.30342516789828244,MAP_PMU,155,0.00022165951880220858
2,UPFC_Vsh,5-15,1.1043833785462631,50,1.104214483283727,MAP_PMU,155,0.0001688952625360507
3,UPFC_tsh,5-15,-0.22601803311669272,50,-0.22599573002054105,MAP_PMU,155,2.2303096151671253e-05
4,UPFC_Vse,5-15,0.05974256811496598,50,0.05791566213151965,MAP_PMU,155,0.001826905983446328
5,UPFC_tse,5-15,-2.1503809991681435,50,-2.1368171684030264,MAP_PMU,155,0.013563830765117135
0,x_tcsc,1-14,-0.14026352144272183,51,-0.14022937543990158,MAP_PMU,155,3.4146002820256705e-05
1,B_svc,2,0.3036250954748501,51,0.30342516789828244,MAP_PMU,155,0.00019992757656767113
2,UPFC_Vsh,5-15,1.1043713564085524,51,1.104214483283727,MAP_PMU,155,0.00015687312482537408
3,UPFC_tsh,5-15,-0.22605237690782296,51,-0.22599573002054105,MAP_PMU,155,5.664688728190814e-05
4,UPFC_Vse,5-15,0.05962163912134961,51,0.05791566213151965,MAP_PMU,155,0.001705976989829959
5,UPFC_tse,5-15,-2.14964598863155,51,-2.1368171684030264,MAP_PMU,155,0.012828820228523607
0,x_tcsc,1-14,-0.1402457192279511,52,-0.14022937543990158,MAP_PMU,155,1.6343788049516528e-05
1,B_svc,2,0.30385013164012725,52,0.30342516789828244,MAP_PMU,155,0.00042496374184480823
2,UPFC_Vsh,5-15,1.1044144849558863,52,1.104214483283727,MAP_PMU,155,0.0002000016721592779
3,UPFC_tsh,5-15,-0.22600887091207497,52,-0.22599573002054105,MAP_PMU,155,1.3140891533924837e-05
4,UPFC_Vse,5-15,0.0593721889381874,52,0.05791566213151965,MAP_PMU,155,0.001456526806667753
5,UPFC_tse,5-15,-2.1578046079284774,52,-2.1368171684030264,MAP_PMU,155,0.020987439525451013
0,x_tcsc,1-14,-0.1402520086308815,53,-0.14022937543990158,MAP_PMU,155,2.2633190979920448e-05
1,B_svc,2,0.3035136807205756,53,0.30342516789828244,MAP_PMU,155,8.851282229316304e-05
2,UPFC_Vsh,5-15,1.1044287414679401,53,1.104214483283727,MAP_PMU,155,0.00021425818421305642
3,UPFC_tsh,5-15,-0.2260295103092325,53,-0.22599573002054105,MAP_PMU,155,3.3780288691442895e-05
4,UPFC_Vse,5-15,0.059257881516805944,53,0.05791566213151965,MAP_PMU,155,0.0013422193852862946
5,UPFC_tse,5-15,-2.1476667619958136,53,-2.1368171684030264,MAP_PMU,155,0.010849593592787254
0,x_tcsc,1-14,-0.14025093784302375,54,-0.14022937543990158,MAP_PMU,155,2.1562403122177276e-05
1,B_svc,2,0.30370410196378755,54,0.30342516789828244,MAP_PMU,155,0.0002789340655051098
2,UPFC_Vsh,5-15,1.1046017518069176,54,1.104214483283727,MAP_PMU,155,0.0003872685231904871
3,UPFC_tsh,5-15,-0.22602741442473778,54,-0.22599573002054105,MAP_PMU,155,3.168440419673568e-05
4,UPFC_Vse,5-15,0.05951014073897294,54,0.05791566213151965,MAP_PMU,155,0.0015944786074532924
5,UPFC_tse,5-15,-2.1401028799621677,54,-2.1368171684030264,MAP_PMU,155,0.003285711559141369
0,x_tcsc,1-14,-0.1402375468933571,55,-0.14022937543990158,MAP_PMU,155,8.171453455524391e-06
1,B_svc,2,0.3035117763179786,55,0.30342516789828244,MAP_PMU,155,8.660841969615474e-05
2,UPFC_Vsh,5-15,1.104508046562104,55,1.104214483283727,MAP_PMU,155,0.0002935632783769293
3,UPFC_tsh,5-15,-0.22605767437614935,55,-0.22599573002054105,MAP_PMU,155,6.194435560830103e-05
4,UPFC_Vse,5-15,0.05949483785302625,55,0.05791566213151965,MAP_PMU,155,0.0015791757215065996
5,UPFC_tse,5-15,-2.1515210011725836,55,-2.1368171684030264,MAP_PMU,155,0.014703832769557224
0,x_tcsc,1-14,-0.14024011286777235,56,-0.14022937543990158,MAP_PMU,155,1.073742787077725e-05
1,B_svc,2,0.3034059551449686,56,0.30342516789828244,MAP_PMU,155,1.921275331384642e-05
2,UPFC_Vsh,5-15,1.1042795578477562,56,1.104214483283727,MAP_PMU,155,6.507456402915501e-05
3,UPFC_tsh,5-15,-0.2260295020218991,56,-0.22599573002054105,MAP_PMU,155,3.377200135804004e-05
4,UPFC_Vse,5-15,0.0593040720420132,56,0.05791566213151965,MAP_PMU,155,0.0013884099104935488
5,UPFC_tse,5-15,-2.141044372619514,56,-2.1368171684030264,MAP_PMU,155,0.004227204216487479
0,x_tcsc,1-14,-0.14023614488584174,57,-0.14022937543990158,MAP_PMU,155,6.769445940163488e-06
1,B_svc,2,0.30367017076735403,57,0.30342516789828244,MAP_PMU,155,0.00024500286907158664
2,UPFC_Vsh,5-15,1.1042945735816958,57,1.104214483283727,MAP_PMU,155,8.00902979687379e-05
3,UPFC_tsh,5-15,-0.22605944849455809,57,-0.22599573002054105,MAP_PMU,155,6.371847401703823e-05
4,UPFC_Vse,5-15,0.059502143137462105,57,0.05791566213151965,MAP_PMU,155,0.0015864810059424556
5,UPFC_tse,5-15,-2.1370431404550376,57,-2.1368171684030264,MAP_PMU,155,0.00022597205201124737
0,x_tcsc,1-14,-0.14022488273439154,58,-0.14022937543990158,MAP_PMU,155,4.492705510034112e-06
1,B_svc,2,0.3032902152752671,58,0.30342516789828244,MAP_PMU,155,0.0001349526230153275
2,UPFC_Vsh,5-15,1.104311479233435,58,1.104214483283727,MAP_PMU,155,9.699594970791203e-05
3,UPFC_tsh,5-15,-0.22605946243966898,58,-0.22599573002054105,MAP_PMU,155,6.373241912793759e-05
4,UPFC_Vse,5-15,0.05926398818416232,58,0.05791566213151965,MAP_PMU,155,0.0013483260526426719
5,UPFC_tse,5-15,-2.152256334919878,58,-2.1368171684030264,MAP_PMU,155,0.015439166516851621
0,x_tcsc,1-14,-0.14023322347478692,59,-0.14022937543990158,MAP_PMU,155,3.848034885345353e-06
1,B_svc,2,0.3037502055333281,59,0.30342516789828244,MAP_PMU,155,0.0003250376350456552
2,UPFC_Vsh,5-15,1.1048311338186114,59,1.104214483283727,MAP_PMU,155,0.0006166505348843554
3,UPFC_tsh,5-15,-0.22602354403620023,59,-0.22599573002054105,MAP_PMU,155,2.781401565918329e-05
4,UPFC_Vse,5-15,0.05956922179809082,59,0.05791566213151965,MAP_PMU,155,0.0016535596665711721
5,UPFC_tse,5-15,-2.14758555093163,59,-2.1368171684030264,MAP_PMU,155,0.01076838252860357
0,x_tcsc,1-14,-0.14024617507494477,60,-0.14022937543990158,MAP_PMU,155,1.679963504319648e-05
1,B_svc,2,0.3032869315442153,60,0.30342516789828244,MAP_PMU,155,0.00013823635406712276
2,UPFC_Vsh,5-15,1.1045072494087123,60,1.104214483283727,MAP_PMU,155,0.0002927661249851887
3,UPFC_tsh,5-15,-0.22608714483625614,60,-0.22599573002054105,MAP_PMU,155,9.141481571509069e-05
4,UPFC_Vse,5-15,0.059607109318619816,60,0.05791566213151965,MAP_PMU,155,0.0016914471871001674
5,UPFC_tse,5-15,-2.1601983206807946,60,-2.1368171684030264,MAP_PMU,155,0.02338115227776827
0,x_tcsc,1-14,-0.14025213013560892,61,-0.14022937543990158,MAP_PMU,155,2.275469570733879e-05
1,B_svc,2,0.30363145323843327,61,0.30342516789828244,MAP_PMU,155,0.00020628534015082467
2,UPFC_Vsh,5-15,1.10449553744395,61,1.104214483283727,MAP_PMU,155,0.0002810541602229488
3,UPFC_tsh,5-15,-0.2259595555764183,61,-0.22599573002054105,MAP_PMU,155,3.6174444122738514e-05
4,UPFC_Vse,5-15,0.05910170338297063,61,0.05791566213151965,MAP_PMU,155,0.0011860412514509838
5,UPFC_tse,5-15,-2.1537753468008076,61,-2.1368171684030264,MAP_PMU,155,0.016958178397781243
0,x_tcsc,1-14,-0.140234476733144,62,-0.14022937543990158,MAP_PMU,155,5.101293242409932e-06
1,B_svc,2,0.3038342505577127,62,0.30342516789828244,MAP_PMU,155,0.0004090826594302377
2,UPFC_Vsh,5-15,1.1043460921480726,62,1.104214483283727,MAP_PMU,155,0.00013160886434548935
3,UPFC_tsh,5-15,-0.22601608811560092,62,-0.22599573002054105,MAP_PMU,155,2.0358095059874737e-05
4,UPFC_Vse,5-15,0.05946402212825028,62,0.05791566213151965,MAP_PMU,155,0.0015483599967306277
5,UPFC_tse,5-15,-2.1484541400992803,62,-2.1368171684030264,MAP_PMU,155,0.011636971696253884
0,x_tcsc,1-14,-0.1402662275330012,63,-0.14022937543990158,MAP_PMU,155,3.6852093099615235e-05
1,B_svc,2,0.3034988602068823,63,0.30342516789828244,MAP_PMU,155,7.369230859988196e-05
2,UPFC_Vsh,5-15,1.104640618318571,63,1.104214483283727,MAP_PMU,155,0.0004261350348440107
3,UPFC_tsh,5-15,-0.2259830681127185,63,-0.22599573002054105,MAP_PMU,155,1.2661907822536511e-05
4,UPFC_Vse,5-15,0.0596716004510722,63,0.05791566213151965,MAP_PMU,155,0.0017559383195525496
5,UPFC_tse,5-15,-2.1435723388958796,63,-2.1368171684030264,MAP_PMU,155,0.006755170492853235
0,x_tcsc,1-14,-0.14024465267281008,64,-0.14022937543990158,MAP_PMU,155,1.5277232908506022e-05
1,B_svc,2,0.30360071483892015,64,0.30342516789828244,MAP_PMU,155,0.00017554694063770526
2,UPFC_Vsh,5-15,1.1045061148598572,64,1.104214483283727,MAP_PMU,155,0.0002916315761301025
3,UPFC_tsh,5-15,-0.22594954907184928,64,-0.22599573002054105,MAP_PMU,155,4.618094869177081e-05
4,UPFC_Vse,5-15,0.05955208165326171,64,0.05791566213151965,MAP_PMU,155,0.0016364195217420593
5,UPFC_tse,5-15,-2.136771627953875,64,-2.1368171684030264,MAP_PMU,155,4.55404491512823e-05
0,x_tcsc,1-14,-0.14024622662296293,65,-0.14022937543990158,MAP_PMU,155,1.6851183061356023e-05
1,B_svc,2,0.30374880722677516,65,0.30342516789828244,MAP_PMU,155,0.0003236393284927197
2,UPFC_Vsh,5-15,1.1044273328435081,65,1.104214483283727,MAP_PMU,155,0.00021284955978106979
3,UPFC_tsh,5-15,-0.2260907382589307,65,-0.22599573002054105,MAP_PMU,155,9.500823838964889e-05
4,UPFC_Vse,5-15,0.05953161706783834,65,0.05791566213151965,MAP_PMU,155,0.001615954936318692
5,UPFC_tse,5-15,-2.156122227023228,65,-2.1368171684030264,MAP_PMU,155,0.01930505862020171
0,x_tcsc,1-14,-0.14022809129288616,66,-0.14022937543990158,MAP_PMU,155,1.2841470154179024e-06
1,B_svc,2,0.30399515529908827,66,0.30342516789828244,MAP_PMU,155,0.000569987400805827
2,UPFC_Vsh,5-15,1.104278300021552,66,1.104214483283727,MAP_PMU,155,6.381673782485109e-05
3,UPFC_tsh,5-15,-0.22604478453787305,66,-0.22599573002054105,MAP_PMU,155,4.905451733200339e-05
4,UPFC_Vse,5-15,0.05912756148157672,66,0.05791566213151965,MAP_PMU,155,0.001211899350057069
5,UPFC_tse,5-15,-2.14638558693876,66,-2.1368171684030264,MAP_PMU,155,0.009568418535733425
0,x_tcsc,1-14,-0.14026057349877408,67,-0.14022937543990158,MAP_PMU,155,3.119805887250027e-05
1,B_svc,2,0.30390708904009184,67,0.30342516789828244,MAP_PMU,155,0.0004819211418093938
2,UPFC_Vsh,5-15,1.104441400186151,67,1.104214483283727,MAP_PMU,155,0.00022691690242382379
3,UPFC_tsh,5-15,-0.22599530666499248,67,-0.22599573002054105,MAP_PMU,155,4.233555485622098e-07
4,UPFC_Vse,5-15,0.05920227536601491,67,0.05791566213151965,MAP_PMU,155,0.0012866132344952624
5,UPFC_tse,5-15,-2.13898832940608,67,-2.1368171684030264,MAP_PMU,155,0.002171161003053701
0,x_tcsc,1-14,-0.14022563565758678,68,-0.14022937543990158,MAP_PMU,155,3.7397823147988785e-06
1,B_svc,2,0.30341622690821163,68,0.30342516789828244,MAP_PMU,155,8.940990070815946e-06
2,UPFC_Vsh,5-15,1.105020955975137,68,1.104214483283727,MAP_PMU,155,0.0008064726914098763
3,UPFC_tsh,5-15,-0.2259301219908764,68,-0.22599573002054105,MAP_PMU,155,6.56080296646544e-05
4,UPFC_Vse,5-15,0.05929445438823141,68,0.05791566213151965,MAP_PMU,155,0.0013787922567117597
5,UPFC_tse,5-15,-2.144248804351602,68,-2.1368171684030264,MAP_PMU,155,0.0074316359485755434
0,x_tcsc,1-14,-0.14023936141253332,69,-0.14022937543990158,MAP_PMU,155,9.985972631743056e-06
1,B_svc,2,0.30322261017847874,69,0.30342516789828244,MAP_PMU,155,0.00020255771980370874
2,UPFC_Vsh,5-15,1.1043608099102928,69,1.104214483283727,MAP_PMU,155,0.00014632662656577367
3,UPFC_tsh,5-15,-0.22612518995027867,69,-0.22599573002054105,MAP_PMU,155,0.00012945992973761866
4,UPFC_Vse,5-15,0.05990742211303938,69,0.05791566213151965,MAP_PMU,155,0.0019917599815197293
5,UPFC_tse,5-15,-2.1513644221546713,69,-2.1368171684030264,MAP_PMU,155,0.014547253751644895
0,x_tcsc,1-14,-0.14024252267880863,70,-0.14022937543990158,MAP_PMU,155,1.3147238907051939e-05
1,B_svc,2,0.3031887758704713,70,0.30342516789828244,MAP_PMU,155,0.00023639202781111646
2,UPFC_Vsh,5-15,1.1040969226908806,70,1.104214483283727,MAP_PMU,155,0.00011756059284651066
3,UPFC_tsh,5-15,-0.2260664986417756,70,-0.22599573002054105,MAP_PMU,155,7.076862123456262e-05
4,UPFC_Vse,5-15,0.05925185352745195,70,0.05791566213151965,MAP_PMU,155,0.0013361913959323013
5,UPFC_tse,5-15,-2.1601693560201687,70,-2.1368171684030264,MAP_PMU,155,0.023352187617142306
0,x_tcsc,1-14,-0.14025303145097837,71,-0.14022937543990158,MAP_PMU,155,2.3656011076789163e-05
1,B_svc,2,0.30347993858529243,71,0.30342516789828244,MAP_PMU,155,5.477068700998622e-05
2,UPFC_Vsh,5-15,1.1041668237411866,71,1.104214483283727,MAP_PMU,155,4.765954254049021e-05
3,UPFC_tsh,5-15,-0.22604547775916597,71,-0.22599573002054105,MAP_PMU,155,4.974773862492787e-05
4,UPFC_Vse,5-15,0.05930698762167739,71,0.05791566213151965,MAP_PMU,155,0.0013913254901577396
5,UPFC_tse,5-15,-2.147072871351037,71,-2.1368171684030264,MAP_PMU,155,0.010255702948010814
0,x_tcsc,1-14,-0.1402082657194608,72,-0.14022937543990158,MAP_PMU,155,2.1109720440781743e-05
1,B_svc,2,0.30368492946365455,72,0.30342516789828244,MAP_PMU,155,0.0002597615653721075
2,UPFC_Vsh,5-15,1.1044603362924066,72,1.104214483283727,MAP_PMU,155,0.00024585300867951965
3,UPFC_tsh,5-15,-0.22594047303492285,72,-0.22599573002054105,MAP_PMU,155,5.525698561820169e-05
4,UPFC_Vse,5-15,0.05941718152002076,72,0.05791566213151965,MAP_PMU,155,0.001501519388501113
5,UPFC_tse,5-15,-2.1433822252330352,72,-2.1368171684030264,MAP_PMU,155,0.006565056830008853
0,x_tcsc,1-14,-0.14022678971600122,73,-0.14022937543990158,MAP_PMU,155,2.5857239003557186e-06
1,B_svc,2,0.303320673019832,73,0.30342516789828244,MAP_PMU,155,0.00010449487845043404
2,UPFC_Vsh,5-15,1.1046545946431632,73,1.104214483283727,MAP_PMU,155,0.0004401113594361128
3,UPFC_tsh,5-15,-0.22603788837922023,73,-0.22599573002054105,MAP_PMU,155,4.215835867918405e-05
4,UPFC_Vse,5-15,0.05954256014184997,73,0.05791566213151965,MAP_PMU,155,0.0016268980103303216
5,UPFC_tse,5-15,-2.1581176161886453,73,-2.1368171684030264,MAP_PMU,155,0.021300447785618903
0,x_tcsc,1-14,-0.14025061126390798,74,-0.14022937543990158,MAP_PMU,155,2.123582400639923e-05
1,B_svc,2,0.30385128718741855,74,0.30342516789828244,MAP_PMU,155,0.00042611928913610653
2,UPFC_Vsh,5-15,1.1044342749124372,74,1.104214483283727,MAP_PMU,155,0.0002197916287101087
3,UPFC_tsh,5-15,-0.22600521507382756,74,-0.22599573002054105,MAP_PMU,155,9.485053286517608e-06
4,UPFC_Vse,5-15,0.05999732531309266,74,0.05791566213151965,MAP_PMU,155,0.002081663181573011
5,UPFC_tse,5-15,-2.1490240704678,74,-2.1368171684030264,MAP_PMU,155,0.012206902064773484
0,x_tcsc,1-14,-0.1402189561273776,75,-0.14022937543990158,MAP_PMU,155,1.041931252399042e-05
1,B_svc,2,0.30331853908889445,75,0.30342516789828244,MAP_PMU,155,0.00010662880938799857
2,UPFC_Vsh,5-15,1.1042427364304819,75,1.104214483283727,MAP_PMU,155,2.825314675480861e-05
3,UPFC_tsh,5-15,-0.22597940980353812,75,-0.22599573002054105,MAP_PMU,155,1.6320217002929738e-05
4,UPFC_Vse,5-15,0.05977682619195642,75,0.05791566213151965,MAP_PMU,155,0.0018611640604367721
5,UPFC_tse,5-15,-2.143253108503933,75,-2.1368171684030264,MAP_PMU,155,0.006435940100906645
0,x_tcsc,1-14,-0.14023334965189424,76,-0.14022937543990158,MAP_PMU,155,3.974211992663346e-06
1,B_svc,2,0.303736438853976,76,0.30342516789828244,MAP_PMU,155,0.00031127095569355445
2,UPFC_Vsh,5-15,1.1041871350012966,76,1.104214483283727,MAP_PMU,155,2.734828243045051e-05
3,UPFC_tsh,5-15,-0.2260315929355836,76,-0.22599573002054105,MAP_PMU,155,3.5862915042539356e-05
4,UPFC_Vse,5-15,0.05986750101027949,76,0.05791566213151965,MAP_PMU,155,0.00195183887875984
5,UPFC_tse,5-15,-2.149913741148552,76,-2.1368171684030264,MAP_PMU,155,0.01309657274552567
0,x_tcsc,1-14,-0.14024901158223746,77,-0.14022937543990158,MAP_PMU,155,1.9636142335882623e-05
1,B_svc,2,0.3034190718059459,77,0.30342516789828244,MAP_PMU,155,6.096092336538295e-06
2,UPFC_Vsh,5-15,1.1043948463241862,77,1.104214483283727,MAP_PMU,155,0.00018036304045909723
3,UPFC_tsh,5-15,-0.22600798360697444,77,-0.22599573002054105,MAP_PMU,155,1.2253586433391694e-05
4,UPFC_Vse,5-15,0.05923933330482689,77,0.05791566213151965,MAP_PMU,155,0.001323671173307242
5,UPFC_tse,5-15,-2.1508118339870994,77,-2.1368171684030264,MAP_PMU,155,0.01399466558407303
0,x_tcsc,1-14,-0.14024962126569504,78,-0.14022937543990158,MAP_PMU,155,2.0245825793463457e-05
1,B_svc,2,0.3030926454526865,78,0.30342516789828244,MAP_PMU,155,0.0003325224455959508
2,UPFC_Vsh,5-15,1.104560804206443,78,1.104214483283727,MAP_PMU,155,0.00034632092271591475
3,UPFC_tsh,5-15,-0.22603742311670616,78,-0.22599573002054105,MAP_PMU,155,4.1693096165112964e-05
4,UPFC_Vse,5-15,0.059374519582464515,78,0.05791566213151965,MAP_PMU,155,0.0014588574509448657
5,UPFC_tse,5-15,-2.145466317648757,78,-2.1368171684030264,MAP_PMU,155,0.00864914924573057
0,x_tcsc,1-14,-0.14022742055669155,79,-0.14022937543990158,MAP_PMU,155,1.954883210031344e-06
1,B_svc,2,0.3032187439892041,79,0.30342516789828244,MAP_PMU,155,0.00020642390907832375
2,UPFC_Vsh,5-15,1.1047320592114183,79,1.104214483283727,MAP_PMU,155,0.000517575927691194
3,UPFC_tsh,5-15,-0.22602940241567876,79,-0.22599573002054105,MAP_PMU,155,3.3672395137712696e-05
4,UPFC_Vse,5-15,0.05938770138939975,79,0.05791566213151965,MAP_PMU,155,0.0014720392578801006
5,UPFC_tse,5-15,-2.1480585001505084,79,-2.1368171684030264,MAP_PMU,155,0.011241331747481986
0,x_tcsc,1-14,-0.14023428566640722,80,-0.14022937543990158,MAP_PMU,155,4.910226505644433e-06
1,B_svc,2,0.303296785458364,80,0.30342516789828244,MAP_PMU,155,0.00012838243991841747
2,UPFC_Vsh,5-15,1.1045285519426846,80,1.104214483283727,MAP_PMU,155,0.00031406865895755587
3,UPFC_tsh,5-15,-0.2260255767463264,80,-0.22599573002054105,MAP_PMU,155,2.9846725785348527e-05
4,UPFC_Vse,5-15,0.05936622724740758,80,0.05791566213151965,MAP_PMU,155,0.001450565115887932
5,UPFC_tse,5-15,-2.155797575211367,80,-2.1368171684030264,MAP_PMU,155,0.01898040680834079
0,x_tcsc,1-14,-0.14025129978455678,81,-0.14022937543990158,MAP_PMU,155,2.1924344655199768e-05
1,B_svc,2,0.30327108789374735,81,0.30342516789828244,MAP_PMU,155,0.0001540800045350954
2,UPFC_Vsh,5-15,1.1044657324550278,81,1.104214483283727,MAP_PMU,155,0.0002512491713007048
3,UPFC_tsh,5-15,-0.22603953895513204,81,-0.22599573002054105,MAP_PMU,155,4.380893459099422e-05
4,UPFC_Vse,5-15,0.059834996284619676,81,0.05791566213151965,MAP_PMU,155,0.0019193341531000274
5,UPFC_tse,5-15,-2.1418880615769362,81,-2.1368171684030264,MAP_PMU,155,0.005070893173909852
0,x_tcsc,1-14,-0.14020799658992492,82,-0.14022937543990158,MAP_PMU,155,2.1378849976660952e-05
1,B_svc,2,0.3032563781048836,82,0.30342516789828244,MAP_PMU,155,0.00016878979339884914
2,UPFC_Vsh,5-15,1.1048163594898834,82,1.104214483283727,MAP_PMU,155,0.0006018762061563709
3,UPFC_tsh,5-15,-0.2259102293403963,82,-0.22599573002054105,MAP_PMU,155,8.550068014473444e-05
4,UPFC_Vse,5-15,0.05923094622285447,82,0.05791566213151965,MAP_PMU,155,0.0013152840913348215
5,UPFC_tse,5-15,-2.1326022483402722,82,-2.1368171684030264,MAP_PMU,155,0.004214920062754146
0,x_tcsc,1-14,-0.14024859990621016,83,-0.14022937543990158,MAP_PMU,155,1.9224466308587207e-05
1,B_svc,2,0.3032999734121743,83,0.30342516789828244,MAP_PMU,155,0.00012519448610814887
2,UPFC_Vsh,5-15,1.1042825008971384,83,1.104214483283727,MAP_PMU,155,6.801761341135304e-05
3,UPFC_tsh,5-15,-0.22609925489661298,83,-0.22599573002054105,MAP_PMU,155,0.00010352487607193095
4,UPFC_Vse,5-15,0.05960279532494569,83,0.05791566213151965,MAP_PMU,155,0.0016871331934260395
5,UPFC_tse,5-15,-2.15469153010814,83,-2.1368171684030264,MAP_PMU,155,0.017874361705113806
0,x_tcsc,1-14,-0.14027356125706866,84,-0.14022937543990158,MAP_PMU,155,4.418581716708614e-05
1,B_svc,2,0.3036012626232359,84,0.30342516789828244,MAP_PMU,155,0.00017609472495344614
2,UPFC_Vsh,5-15,1.1042958184549783,84,1.104214483283727,MAP_PMU,155,8.13351712511956e-05
3,UPFC_tsh,5-15,-0.22609119200489838,84,-0.22599573002054105,MAP_PMU,155,9.546198435733677e-05
4,UPFC_Vse,5-15,0.05946111154886571,84,0.05791566213151965,MAP_PMU,155,0.0015454494173460578
5,UPFC_tse,5-15,-2.1417619314985843,84,-2.1368171684030264,MAP_PMU,155,0.004944763095557914
0,x_tcsc,1-14,-0.1402444510483404,85,-0.14022937543990158,MAP_PMU,155,1.5075608438830379e-05
1,B_svc,2,0.30316379821440287,85,0.30342516789828244,MAP_PMU,155,0.0002613696838795754
2,UPFC_Vsh,5-15,1.1044799949759507,85,1.104214483283727,MAP_PMU,155,0.00026551169222366333
3,UPFC_tsh,5-15,-0.22596251033411574,85,-0.22599573002054105,MAP_PMU,155,3.321968642530648e-05
4,UPFC_Vse,5-15,0.05920413565925489,85,0.05791566213151965,MAP_PMU,155,0.0012884735277352427
5,UPFC_tse,5-15,-2.1480628694339248,85,-2.1368171684030264,MAP_PMU,155,0.011245701030898392
0,x_tcsc,1-14,-0.1402232675356771,86,-0.14022937543990158,MAP_PMU,155,6.107904224478267e-06
1,B_svc,2,0.303464765330972,86,0.30342516789828244,MAP_PMU,155,3.959743268955318e-05
2,UPFC_Vsh,5-15,1.1044537081313395,86,1.104214483283727,MAP_PMU,155,0.00023922484761240703
3,UPFC_tsh,5-15,-0.22595331686234188,86,-0.22599573002054105,MAP_PMU,155,4.2413158199167134e-05
4,UPFC_Vse,5-15,0.059867453172366525,86,0.05791566213151965,MAP_PMU,155,0.0019517910408468758
5,UPFC_tse,5-15,-2.1456087884298722,86,-2.1368171684030264,MAP_PMU,155,0.008791620026845859
0,x_tcsc,1-14,-0.14023706093315955,87,-0.14022937543990158,MAP_PMU,155,7.685493257969522e-06
1,B_svc,2,0.30315445126724144,87,0.30342516789828244,MAP_PMU,155,0.0002707166310410014
2,UPFC_Vsh,5-15,1.1042901158844338,87,1.104214483283727,MAP_PMU,155,7.563260070675426e-05
3,UPFC_tsh,5-15,-0.2259971137388653,87,-0.22599573002054105,MAP_PMU,155,1.383718324254879e-06
4,UPFC_Vse,5-15,0.05968253856004549,87,0.05791566213151965,MAP_PMU,155,0.0017668764285258404
5,UPFC_tse,5-15,-2.148288397641995,87,-2.1368171684030264,MAP_PMU,155,0.011471229238968483
0,x_tcsc,1-14,-0.1402232225756206,88,-0.14022937543990158,MAP_PMU,155,6.1528642809893785e-06
1,B_svc,2,0.30337072132349135,88,0.30342516789828244,MAP_PMU,155,5.4446574791089386e-05
2,UPFC_Vsh,5-15,1.10431004716306,88,1.104214483283727,MAP_PMU,155,9.556387933296051e-05
3,UPFC_tsh,5-15,-0.2260718104014019,88,-0.22599573002054105,MAP_PMU,155,7.6080380860849e-05
4,UPFC_Vse,5-15,0.05932620906936438,88,0.05791566213151965,MAP_PMU,155,0.001410546937844731
5,UPFC_tse,5-15,-2.1407648973844995,88,-2.1368171684030264,MAP_PMU,155,0.003947728981473109
0,x_tcsc,1-14,-0.1402321079107437,89,-0.14022937543990158,MAP_PMU,155,2.7324708421205823e-06
1,B_svc,2,0.30340706013280894,89,0.30342516789828244,MAP_PMU,155,1.8107765473507342e-05
2,UPFC_Vsh,5-15,1.104772153591579,89,1.104214483283727,MAP_PMU,155,0.0005576703078520318
3,UPFC_tsh,5-15,-0.2260412452813287,89,-0.22599573002054105,MAP_PMU,155,4.551526078766521e-05
4,UPFC_Vse,5-15,0.05955552762208999,89,0.05791566213151965,MAP_PMU,155,0.0016398654905703386
5,UPFC_tse,5-15,-2.1445724272322586,89,-2.1368171684030264,MAP_PMU,155,0.0077552588292322255
0,x_tcsc,1-14,-0.1402204123485105,90,-0.14022937543990158,MAP_PMU,155,8.963091391089861e-06
1,B_svc,2,0.30338517009812604,90,0.30342516789828244,MAP_PMU,155,3.999780015639942e-05
2,UPFC_Vsh,5-15,1.1046189167765783,90,1.104214483283727,MAP_PMU,155,0.00040443349285124164
3,UPFC_tsh,5-15,-0.22603391014082513,90,-0.22599573002054105,MAP_PMU,155,3.8180120284087016e-05
4,UPFC_Vse,5-15,0.05961246840827293,90,0.05791566213151965,MAP_PMU,155,0.001696806276753282
5,UPFC_tse,5-15,-2.1416768948676586,90,-2.1368171684030264,MAP_PMU,155,0.004859726464632175
0,x_tcsc,1-14,-0.1402403747239328,91,-0.14022937543990158,MAP_PMU,155,1.0999284031226741e-05
1,B_svc,2,0.30340637467180204,91,0.30342516789828244,MAP_PMU,155,1.8793226480406933e-05
2,UPFC_Vsh,5-15,1.104536220814544,91,1.104214483283727,MAP_PMU,155,0.00032173753081687906
3,UPFC_tsh,5-15,-0.22602426368682565,91,-0.22599573002054105,MAP_PMU,155,2.8533666284608072e-05
4,UPFC_Vse,5-15,0.059335092686981145,91,0.05791566213151965,MAP_PMU,155,0.0014194305554614955
5,UPFC_tse,5-15,-2.153738858712394,91,-2.1368171684030264,MAP_PMU,155,0.01692169030936741
0,x_tcsc,1-14,-0.14024904459092866,92,-0.14022937543990158,MAP_PMU,155,1.9669151027079668e-05
1,B_svc,2,0.30288591102472745,92,0.30342516789828244,MAP_PMU,155,0.0005392568735549941
2,UPFC_Vsh,5-15,1.1042276236094581,92,1.104214483283727,MAP_PMU,155,1.314032573107582e-05
3,UPFC_tsh,5-15,-0.22608268293532258,92,-0.22599573002054105,MAP_PMU,155,8.695291478152956e-05
4,UPFC_Vse,5-15,0.059389343605743015,92,0.05791566213151965,MAP_PMU,155,0.0014736814742233664
5,UPFC_tse,5-15,-2.155734821907034,92,-2.1368171684030264,MAP_PMU,155,0.018917653504007426
0,x_tcsc,1-14,-0.1402552833158688,93,-0.14022937543990158,MAP_PMU,155,2.5907875967234872e-05
1,B_svc,2,0.3037395293909419,93,0.30342516789828244,MAP_PMU,155,0.000314361492659454
2,UPFC_Vsh,5-15,1.1044356166514353,93,1.104214483283727,MAP_PMU,155,0.00022113336770823722
3,UPFC_tsh,5-15,-0.225997801998519,93,-0.22599573002054105,MAP_PMU,155,2.0719779779410086e-06
4,UPFC_Vse,5-15,0.05927596664811118,93,0.05791566213151965,MAP_PMU,155,0.0013603045165915331
5,UPFC_tse,5-15,-2.1598113367346543,93,-2.1368171684030264,MAP_PMU,155,0.02299416833162793
0,x_tcsc,1-14,-0.14023518605132404,94,-0.14022937543990158,MAP_PMU,155,5.810611422463197e-06
1,B_svc,2,0.304064635018735,94,0.30342516789828244,MAP_PMU,155,0.0006394671204525415
2,UPFC_Vsh,5-15,1.1043551464631438,94,1.104214483283727,MAP_PMU,155,0.00014066317941674455
3,UPFC_tsh,5-15,-0.22605736425668868,94,-0.22599573002054105,MAP_PMU,155,6.163423614763408e-05
4,UPFC_Vse,5-15,0.05930083314980939,94,0.05791566213151965,MAP_PMU,155,0.0013851710182897423
5,UPFC_tse,5-15,-2.146721845829545,94,-2.1368171684030264,MAP_PMU,155,0.009904677426518571
0,x_tcsc,1-14,-0.14024367889183229,95,-0.14022937543990158,MAP_PMU,155,1.4303451930708366e-05
1,B_svc,2,0.303747464668461,95,0.30342516789828244,MAP_PMU,155,0.00032229677017853176
2,UPFC_Vsh,5-15,1.1044079343459285,95,1.104214483283727,MAP_PMU,155,0.00019345106220147734
3,UPFC_tsh,5-15,-0.22604767174572915,95,-0.22599573002054105,MAP_PMU,155,5.1941725188103804e-05
4,UPFC_Vse,5-15,0.05940697816940317,95,0.05791566213151965,MAP_PMU,155,0.0014913160378835222
5,UPFC_tse,5-15,-2.1508569985099,95,-2.1368171684030264,MAP_PMU,155,0.014039830106873818
0,x_tcsc,1-14,-0.14024640912707814,96,-0.14022937543990158,MAP_PMU,155,1.7033687176565282e-05
1,B_svc,2,0.3030440023792863,96,0.30342516789828244,MAP_PMU,155,0.0003811655189961405
2,UPFC_Vsh,5-15,1.1042212307771346,96,1.104214483283727,MAP_PMU,155,6.747493407566196e-06
3,UPFC_tsh,5-15,-0.22607018542991997,96,-0.22599573002054105,MAP_PMU,155,7.44554093789207e-05
4,UPFC_Vse,5-15,0.059599037598350044,96,0.05791566213151965,MAP_PMU,155,0.0016833754668303946
5,UPFC_tse,5-15,-2.1563536500776816,96,-2.1368171684030264,MAP_PMU,155,0.01953648167465527
0,x_tcsc,1-14,-0.14021363216567256,97,-0.14022937543990158,MAP_PMU,155,1.5743274229013116e-05
1,B_svc,2,0.3026552136835173,97,0.30342516789828244,MAP_PMU,155,0.0007699542147651672
2,UPFC_Vsh,5-15,1.1046041573975622,97,1.104214483283727,MAP_PMU,155,0.00038967411383517003
3,UPFC_tsh,5-15,-0.2260625124240822,97,-0.22599573002054105,MAP_PMU,155,6.678240354116016e-05
4,UPFC_Vse,5-15,0.05970402387812998,97,0.05791566213151965,MAP_PMU,155,0.0017883617466103313
5,UPFC_tse,5-15,-2.157105798371286,97,-2.1368171684030264,MAP_PMU,155,0.02028862996825964
0,x_tcsc,1-14,-0.14026017435057297,98,-0.14022937543990158,MAP_PMU,155,3.079891067139795e-05
1,B_svc,2,0.3031990489797543,98,0.30342516789828244,MAP_PMU,155,0.0002261189185281398
2,UPFC_Vsh,5-15,1.1043524061566692,98,1.104214483283727,MAP_PMU,155,0.00013792287294212002
3,UPFC_tsh,5-15,-0.22605715742656865,98,-0.22599573002054105,MAP_PMU,155,6.142740602760322e-05
4,UPFC_Vse,5-15,0.059731450810148815,98,0.05791566213151965,MAP_PMU,155,0.0018157886786291655
5,UPFC_tse,5-15,-2.1463205159239997,98,-2.1368171684030264,MAP_PMU,155,0.009503347520973371
0,x_tcsc,1-14,-0.14023647560690497,99,-0.14022937543990158,MAP_PMU,155,7.100167003393221e-06
1,B_svc,2,0.30289181233090373,99,0.30342516789828244,MAP_PMU,155,0.0005333555673787127
2,UPFC_Vsh,5-15,1.1042279413168454,99,1.104214483283727,MAP_PMU,155,1.3458033118363133e-05
3,UPFC_tsh,5-15,-0.2260539320823631,99,-0.22599573002054105,MAP_PMU,155,5.8202061822054674e-05
4,UPFC_Vse,5-15,0.059523129024775176,99,0.05791566213151965,MAP_PMU,155,0.001607466893255527
5,UPFC_tse,5-15,-2.1539224890648914,99,-2.1368171684030264,MAP_PMU,155,0.017105320661864987
0,x_tcsc,1-14,-0.14434381317216158,0,-0.14413183442542815,MAP_PMU,157,0.00021197874673342665
1,B_svc,2,0.3266285184255213,0,0.32660811448032484,MAP_PMU,157,2.0403945196478812e-05
2,UPFC_Vsh,5-15,1.1041889234511497,0,1.103017122316905,MAP_PMU,157,0.0011718011342447543
3,UPFC_tsh,5-15,-0.22351409635783015,0,-0.2234493237565558,MAP_PMU,157,6.477260127435436e-05
4,UPFC_Vse,5-15,0.05925865102152426,0,0.05686545194196378,MAP_PMU,157,0.002393199079560475
5,UPFC_tse,5-15,-2.1384639866568946,0,-2.1278941958816198,MAP_PMU,157,0.010569790775274868
0,x_tcsc,1-14,-0.14427734654959606,1,-0.14413183442542815,MAP_PMU,157,0.00014551212416791248
1,B_svc,2,0.32650680297991264,1,0.32660811448032484,MAP_PMU,157,0.00010131150041220449
2,UPFC_Vsh,5-15,1.1045434453804814,1,1.103017122316905,MAP_PMU,157,0.0015263230635764735
3,UPFC_tsh,5-15,-0.22349298940848225,1,-0.2234493237565558,MAP_PMU,157,4.366565192645555e-05
4,UPFC_Vse,5-15,0.058458978493644106,1,0.05686545194196378,MAP_PMU,157,0.0015935265516803243
5,UPFC_tse,5-15,-2.1497815403096103,1,-2.1278941958816198,MAP_PMU,157,0.021887344427990563
0,x_tcsc,1-14,-0.14434431211099572,2,-0.14413183442542815,MAP_PMU,157,0.00021247768556756363
1,B_svc,2,0.3271473028854055,2,0.32660811448032484,MAP_PMU,157,0.0005391884050806595
2,UPFC_Vsh,5-15,1.1045195402956802,2,1.103017122316905,MAP_PMU,157,0.0015024179787752612
3,UPFC_tsh,5-15,-0.22355557763408745,2,-0.2234493237565558,MAP_PMU,157,0.00010625387753165905
4,UPFC_Vse,5-15,0.05965981561842764,2,0.05686545194196378,MAP_PMU,157,0.0027943636764638582
5,UPFC_tse,5-15,-2.1398263518002376,2,-2.1278941958816198,MAP_PMU,157,0.011932155918617848
0,x_tcsc,1-14,-0.1443967161576448,3,-0.14413183442542815,MAP_PMU,157,0.000264881732216643
1,B_svc,2,0.32663073993437364,3,0.32660811448032484,MAP_PMU,157,2.26254540487969e-05
2,UPFC_Vsh,5-15,1.1044141090162656,3,1.103017122316905,MAP_PMU,157,0.001396986699360614
3,UPFC_tsh,5-15,-0.22356888498368027,3,-0.2234493237565558,MAP_PMU,157,0.00011956122712447614
4,UPFC_Vse,5-15,0.05973309814827441,3,0.05686545194196378,MAP_PMU,157,0.0028676462063106298
5,UPFC_tse,5-15,-2.147224295508584,3,-2.1278941958816198,MAP_PMU,157,0.01933009962696408
0,x_tcsc,1-14,-0.14429177383012579,4,-0.14413183442542815,MAP_PMU,157,0.00015993940469763435
1,B_svc,2,0.3265914624884863,4,0.32660811448032484,MAP_PMU,157,1.6651991838534386e-05
2,UPFC_Vsh,5-15,1.1044550709447043,4,1.103017122316905,MAP_PMU,157,0.0014379486277993347
3,UPFC_tsh,5-15,-0.22356956358009142,4,-0.2234493237565558,MAP_PMU,157,0.00012023982353562279
4,UPFC_Vse,5-15,0.05944326207161702,4,0.05686545194196378,MAP_PMU,157,0.0025778101296532394
5,UPFC_tse,5-15,-2.1616064722257957,4,-2.1278941958816198,MAP_PMU,157,0.03371227634417595
0,x_tcsc,1-14,-0.14435787852585968,5,-0.14413183442542815,MAP_PMU,157,0.00022604410043153278
1,B_svc,2,0.3270734443280437,5,0.32660811448032484,MAP_PMU,157,0.0004653298477188539
2,UPFC_Vsh,5-15,1.104270273860858,5,1.103017122316905,MAP_PMU,157,0.0012531515439531127
3,UPFC_tsh,5-15,-0.2235879436293552,5,-0.2234493237565558,MAP_PMU,157,0.0001386198727993948
4,UPFC_Vse,5-15,0.05955732831285781,5,0.05686545194196378,MAP_PMU,157,0.0026918763708940266
5,UPFC_tse,5-15,-2.142224056675759,5,-2.1278941958816198,MAP_PMU,157,0.014329860794139115
0,x_tcsc,1-14,-0.14431309329770783,6,-0.14413183442542815,MAP_PMU,157,0.00018125887227968263
1,B_svc,2,0.3265998547411471,6,0.32660811448032484,MAP_PMU,157,8.259739177729486e-06
2,UPFC_Vsh,5-15,1.1045660771945998,6,1.103017122316905,MAP_PMU,157,0.001548954877694797
3,UPFC_tsh,5-15,-0.2235016057768952,6,-0.2234493237565558,MAP_PMU,157,5.228202033941143e-05
4,UPFC_Vse,5-15,0.059158459038376285,6,0.05686545194196378,MAP_PMU,157,0.0022930070964125027
5,UPFC_tse,5-15,-2.1434960220452313,6,-2.1278941958816198,MAP_PMU,157,0.015601826163611499
0,x_tcsc,1-14,-0.1443927185331942,7,-0.14413183442542815,MAP_PMU,157,0.0002608841077660351
1,B_svc,2,0.3266631806629174,7,0.32660811448032484,MAP_PMU,157,5.50661825925447e-05
2,UPFC_Vsh,5-15,1.1046574510018452,7,1.103017122316905,MAP_PMU,157,0.0016403286849402399
3,UPFC_tsh,5-15,-0.22354246295434946,7,-0.2234493237565558,MAP_PMU,157,9.313919779366242e-05
4,UPFC_Vse,5-15,0.05922764150752012,7,0.05686545194196378,MAP_PMU,157,0.0023621895655563385
5,UPFC_tse,5-15,-2.148487182022999,7,-2.1278941958816198,MAP_PMU,157,0.020592986141379388
0,x_tcsc,1-14,-0.14436323223869282,8,-0.14413183442542815,MAP_PMU,157,0.00023139781326467213
1,B_svc,2,0.32670459006929975,8,0.32660811448032484,MAP_PMU,157,9.647558897490915e-05
2,UPFC_Vsh,5-15,1.1047021414232052,8,1.103017122316905,MAP_PMU,157,0.0016850191063002562
3,UPFC_tsh,5-15,-0.22345899618447604,8,-0.2234493237565558,MAP_PMU,157,9.672427920243143e-06
4,UPFC_Vse,5-15,0.05913363039818247,8,0.05686545194196378,MAP_PMU,157,0.0022681784562186905
5,UPFC_tse,5-15,-2.1420343224037213,8,-2.1278941958816198,MAP_PMU,157,0.014140126522101504
0,x_tcsc,1-14,-0.144357760587367,9,-0.14413183442542815,MAP_PMU,157,0.00022592616193883863
1,B_svc,2,0.3266136011628616,9,0.32660811448032484,MAP_PMU,157,5.486682536748333e-06
2,UPFC_Vsh,5-15,1.10431081212746,9,1.103017122316905,MAP_PMU,157,0.0012936898105551098
3,UPFC_tsh,5-15,-0.22355340319986997,9,-0.2234493237565558,MAP_PMU,157,0.00010407944331417007
4,UPFC_Vse,5-15,0.05938064481042449,9,0.05686545194196378,MAP_PMU,157,0.0025151928684607056
5,UPFC_tse,5-15,-2.138673769657693,9,-2.1278941958816198,MAP_PMU,157,0.010779573776073192
0,x_tcsc,1-14,-0.14423220436650053,10,-0.14413183442542815,MAP_PMU,157,0.00010036994107237573
1,B_svc,2,0.32695037846621694,10,0.32660811448032484,MAP_PMU,157,0.0003422639858920995
2,UPFC_Vsh,5-15,1.1046678188695627,10,1.103017122316905,MAP_PMU,157,0.0016506965526577044
3,UPFC_tsh,5-15,-0.22353283390946654,10,-0.2234493237565558,MAP_PMU,157,8.351015291074848e-05
4,UPFC_Vse,5-15,0.05934250042071449,10,0.05686545194196378,MAP_PMU,157,0.0024770484787507083
5,UPFC_tse,5-15,-2.14534031567206,10,-2.1278941958816198,MAP_PMU,157,0.017446119790440306
0,x_tcsc,1-14,-0.14428972083364938,11,-0.14413183442542815,MAP_PMU,157,0.00015788640822123057
1,B_svc,2,0.32658130396890367,11,0.32660811448032484,MAP_PMU,157,2.6810511421171412e-05
2,UPFC_Vsh,5-15,1.1045043421505742,11,1.103017122316905,MAP_PMU,157,0.0014872198336692843
3,UPFC_tsh,5-15,-0.22346125292907396,11,-0.2234493237565558,MAP_PMU,157,1.192917251816028e-05
4,UPFC_Vse,5-15,0.059150211597285826,11,0.05686545194196378,MAP_PMU,157,0.002284759655322044
5,UPFC_tse,5-15,-2.1438766074444406,11,-2.1278941958816198,MAP_PMU,157,0.015982411562820875
0,x_tcsc,1-14,-0.14430231416555747,12,-0.14413183442542815,MAP_PMU,157,0.0001704797401293201
1,B_svc,2,0.32740981634086475,12,0.32660811448032484,MAP_PMU,157,0.0008017018605399051
2,UPFC_Vsh,5-15,1.1039175994154342,12,1.103017122316905,MAP_PMU,157,0.000900477098529251
3,UPFC_tsh,5-15,-0.22354341897260055,12,-0.2234493237565558,MAP_PMU,157,9.40952160447539e-05
4,UPFC_Vse,5-15,0.05872875829924139,12,0.05686545194196378,MAP_PMU,157,0.0018633063572776054
5,UPFC_tse,5-15,-2.1537271787884795,12,-2.1278941958816198,MAP_PMU,157,0.02583298290685976
0,x_tcsc,1-14,-0.14438604738825464,13,-0.14413183442542815,MAP_PMU,157,0.00025421296282648886
1,B_svc,2,0.3273938696329239,13,0.32660811448032484,MAP_PMU,157,0.0007857551525990436
2,UPFC_Vsh,5-15,1.104356008664025,13,1.103017122316905,MAP_PMU,157,0.001338886347119983
3,UPFC_tsh,5-15,-0.22356541005627015,13,-0.2234493237565558,MAP_PMU,157,0.00011608629971435191
4,UPFC_Vse,5-15,0.05920126926064323,13,0.05686545194196378,MAP_PMU,157,0.002335817318679448
5,UPFC_tse,5-15,-2.1508058977333997,13,-2.1278941958816198,MAP_PMU,157,0.02291170185177993
0,x_tcsc,1-14,-0.14436411805427876,14,-0.14413183442542815,MAP_PMU,157,0.00023228362885061027
1,B_svc,2,0.326725252686828,14,0.32660811448032484,MAP_PMU,157,0.00011713820650316453
2,UPFC_Vsh,5-15,1.1042420259800831,14,1.103017122316905,MAP_PMU,157,0.0012249036631781784
3,UPFC_tsh,5-15,-0.223470018283988,14,-0.2234493237565558,MAP_PMU,157,2.0694527432196796e-05
4,UPFC_Vse,5-15,0.0592111878628739,14,0.05686545194196378,MAP_PMU,157,0.0023457359209101206
5,UPFC_tse,5-15,-2.141573358945164,14,-2.1278941958816198,MAP_PMU,157,0.01367916306354422
0,x_tcsc,1-14,-0.1442751439078873,15,-0.14413183442542815,MAP_PMU,157,0.00014330948245913633
1,B_svc,2,0.3263290533700442,15,0.32660811448032484,MAP_PMU,157,0.00027906111028064284
2,UPFC_Vsh,5-15,1.1043826397081977,15,1.103017122316905,MAP_PMU,157,0.0013655173912927587
3,UPFC_tsh,5-15,-0.22350119870751384,15,-0.2234493237565558,MAP_PMU,157,5.187495095804184e-05
4,UPFC_Vse,5-15,0.059553411815735736,15,0.05686545194196378,MAP_PMU,157,0.0026879598737719543
5,UPFC_tse,5-15,-2.1483787757168367,15,-2.1278941958816198,MAP_PMU,157,0.0204845798352169
0,x_tcsc,1-14,-0.1444127751502206,16,-0.14413183442542815,MAP_PMU,157,0.0002809407247924556
1,B_svc,2,0.32709377371045656,16,0.32660811448032484,MAP_PMU,157,0.00048565923013171863
2,UPFC_Vsh,5-15,1.1042195824467993,16,1.103017122316905,MAP_PMU,157,0.0012024601298943338
3,UPFC_tsh,5-15,-0.22357352934454255,16,-0.2234493237565558,MAP_PMU,157,0.00012420558798675874
4,UPFC_Vse,5-15,0.05923620178848653,16,0.05686545194196378,MAP_PMU,157,0.002370749846522746
5,UPFC_tse,5-15,-2.144275203175114,16,-2.1278941958816198,MAP_PMU,157,0.016381007293494232
0,x_tcsc,1-14,-0.14426540108082475,17,-0.14413183442542815,MAP_PMU,157,0.00013356665539659973
1,B_svc,2,0.32700258603818233,17,0.32660811448032484,MAP_PMU,157,0.0003944715578574898
2,UPFC_Vsh,5-15,1.1044895346601253,17,1.103017122316905,MAP_PMU,157,0.001472412343220375
3,UPFC_tsh,5-15,-0.22349676358099319,17,-0.2234493237565558,MAP_PMU,157,4.74398244373897e-05
4,UPFC_Vse,5-15,0.059049521712509996,17,0.05686545194196378,MAP_PMU,157,0.002184069770546214
5,UPFC_tse,5-15,-2.1386426500291513,17,-2.1278941958816198,MAP_PMU,157,0.010748454147531561
0,x_tcsc,1-14,-0.144356484826895,18,-0.14413183442542815,MAP_PMU,157,0.00022465040146685267
1,B_svc,2,0.3272268524553314,18,0.32660811448032484,MAP_PMU,157,0.0006187379750065558
2,UPFC_Vsh,5-15,1.104408120750499,18,1.103017122316905,MAP_PMU,157,0.0013909984335940262
3,UPFC_tsh,5-15,-0.22353967890491142,18,-0.2234493237565558,MAP_PMU,157,9.035514835561975e-05
4,UPFC_Vse,5-15,0.05981281558144804,18,0.05686545194196378,MAP_PMU,157,0.0029473636394842587
5,UPFC_tse,5-15,-2.1547505181019257,18,-2.1278941958816198,MAP_PMU,157,0.026856322220305984
0,x_tcsc,1-14,-0.14431087572910536,19,-0.14413183442542815,MAP_PMU,157,0.00017904130367721316
1,B_svc,2,0.32687609523670147,19,0.32660811448032484,MAP_PMU,157,0.000267980756376629
2,UPFC_Vsh,5-15,1.1044664463373466,19,1.103017122316905,MAP_PMU,157,0.0014493240204416225
3,UPFC_tsh,5-15,-0.223565175294326,19,-0.2234493237565558,MAP_PMU,157,0.0001158515377702174
4,UPFC_Vse,5-15,0.05937631788726006,19,0.05686545194196378,MAP_PMU,157,0.0025108659452962798
5,UPFC_tse,5-15,-2.154806869050658,19,-2.1278941958816198,MAP_PMU,157,0.026912673169038115
0,x_tcsc,1-14,-0.1442892333406141,20,-0.14413183442542815,MAP_PMU,157,0.00015739891518595783
1,B_svc,2,0.32696168855419144,20,0.32660811448032484,MAP_PMU,157,0.00035357407386660267
2,UPFC_Vsh,5-15,1.1045609908537586,20,1.103017122316905,MAP_PMU,157,0.001543868536853621
3,UPFC_tsh,5-15,-0.22356479982198973,20,-0.2234493237565558,MAP_PMU,157,0.00011547606543393929
4,UPFC_Vse,5-15,0.05948359041701972,20,0.05686545194196378,MAP_PMU,157,0.002618138475055938
5,UPFC_tse,5-15,-2.135459548094703,20,-2.1278941958816198,MAP_PMU,157,0.007565352213083187
0,x_tcsc,1-14,-0.14439027497065932,21,-0.14413183442542815,MAP_PMU,157,0.00025844054523116444
1,B_svc,2,0.32662105280983894,21,0.32660811448032484,MAP_PMU,157,1.2938329514100566e-05
2,UPFC_Vsh,5-15,1.1045386552720033,21,1.103017122316905,MAP_PMU,157,0.0015215329550983814
3,UPFC_tsh,5-15,-0.22354654020778333,21,-0.2234493237565558,MAP_PMU,157,9.721645122753864e-05
4,UPFC_Vse,5-15,0.059803834837344895,21,0.05686545194196378,MAP_PMU,157,0.002938382895381113
5,UPFC_tse,5-15,-2.1473554229926255,21,-2.1278941958816198,MAP_PMU,157,0.01946122711100573
0,x_tcsc,1-14,-0.1443497504977058,22,-0.14413183442542815,MAP_PMU,157,0.00021791607227764076
1,B_svc,2,0.3268715393785608,22,0.32660811448032484,MAP_PMU,157,0.0002634248982359422
2,UPFC_Vsh,5-15,1.104704139360595,22,1.103017122316905,MAP_PMU,157,0.001687017043690009
3,UPFC_tsh,5-15,-0.22353121531095504,22,-0.2234493237565558,MAP_PMU,157,8.189155439924933e-05
4,UPFC_Vse,5-15,0.05895009200216341,22,0.05686545194196378,MAP_PMU,157,0.0020846400601996287
5,UPFC_tse,5-15,-2.141368290256487,22,-2.1278941958816198,MAP_PMU,157,0.013474094374867018
0,x_tcsc,1-14,-0.144282306568204,23,-0.14413183442542815,MAP_PMU,157,0.0001504721427758593
1,B_svc,2,0.32697663308119007,23,0.32660811448032484,MAP_PMU,157,0.0003685186008652308
2,UPFC_Vsh,5-15,1.104279123583453,23,1.103017122316905,MAP_PMU,157,0.001262001266548074
3,UPFC_tsh,5-15,-0.22348971255918804,23,-0.2234493237565558,MAP_PMU,157,4.038880263224076e-05
4,UPFC_Vse,5-15,0.05920797951619549,23,0.05686545194196378,MAP_PMU,157,0.002342527574231708
5,UPFC_tse,5-15,-2.141292073385284,23,-2.1278941958816198,MAP_PMU,157,0.01339787750366428
0,x_tcsc,1-14,-0.14432619046178596,24,-0.14413183442542815,MAP_PMU,157,0.0001943560363578123
1,B_svc,2,0.3271842197468183,24,0.32660811448032484,MAP_PMU,157,0.0005761052664934319
2,UPFC_Vsh,5-15,1.104341074576305,24,1.103017122316905,MAP_PMU,157,0.001323952259399963
3,UPFC_tsh,5-15,-0.2235922193281959,24,-0.2234493237565558,MAP_PMU,157,0.00014289557164010036
4,UPFC_Vse,5-15,0.059346519238909635,24,0.05686545194196378,MAP_PMU,157,0.0024810672969458533
5,UPFC_tse,5-15,-2.130969375809852,24,-2.1278941958816198,MAP_PMU,157,0.0030751799282322523
0,x_tcsc,1-14,-0.14432779299366544,25,-0.14413183442542815,MAP_PMU,157,0.00019595856823728663
1,B_svc,2,0.3260452450983325,25,0.32660811448032484,MAP_PMU,157,0.000562869381992348
2,UPFC_Vsh,5-15,1.1043678276299624,25,1.103017122316905,MAP_PMU,157,0.0013507053130574764
3,UPFC_tsh,5-15,-0.22348635359080912,25,-0.2234493237565558,MAP_PMU,157,3.7029834253327065e-05
4,UPFC_Vse,5-15,0.05915902938088929,25,0.05686545194196378,MAP_PMU,157,0.002293577438925505
5,UPFC_tse,5-15,-2.1426461981636264,25,-2.1278941958816198,MAP_PMU,157,0.014752002282006682
0,x_tcsc,1-14,-0.14431882639169935,26,-0.14413183442542815,MAP_PMU,157,0.0001869919662711994
1,B_svc,2,0.3267997563972743,26,0.32660811448032484,MAP_PMU,157,0.00019164191694948096
2,UPFC_Vsh,5-15,1.1044918063365639,26,1.103017122316905,MAP_PMU,157,0.0014746840196588895
3,UPFC_tsh,5-15,-0.2235116472837017,26,-0.2234493237565558,MAP_PMU,157,6.232352714591327e-05
4,UPFC_Vse,5-15,0.05921650622508592,26,0.05686545194196378,MAP_PMU,157,0.002351054283122135
5,UPFC_tse,5-15,-2.144223726288725,26,-2.1278941958816198,MAP_PMU,157,0.016329530407105164
0,x_tcsc,1-14,-0.14437750753351694,27,-0.14413183442542815,MAP_PMU,157,0.0002456731080887897
1,B_svc,2,0.3270462271672244,27,0.32660811448032484,MAP_PMU,157,0.00043811268689958327
2,UPFC_Vsh,5-15,1.1041630506891476,27,1.103017122316905,MAP_PMU,157,0.0011459283722425884
3,UPFC_tsh,5-15,-0.22351296818758715,27,-0.2234493237565558,MAP_PMU,157,6.364443103135109e-05
4,UPFC_Vse,5-15,0.05901579003681951,27,0.05686545194196378,MAP_PMU,157,0.002150338094855729
5,UPFC_tse,5-15,-2.137590039796693,27,-2.1278941958816198,MAP_PMU,157,0.009695843915073166
0,x_tcsc,1-14,-0.14434180595752355,28,-0.14413183442542815,MAP_PMU,157,0.00020997153209539876
1,B_svc,2,0.326564829711894,28,0.32660811448032484,MAP_PMU,157,4.328476843085127e-05
2,UPFC_Vsh,5-15,1.1043239236164024,28,1.103017122316905,MAP_PMU,157,0.001306801299497451
3,UPFC_tsh,5-15,-0.22346626137003595,28,-0.2234493237565558,MAP_PMU,157,1.6937613480150215e-05
4,UPFC_Vse,5-15,0.05974456858192041,28,0.05686545194196378,MAP_PMU,157,0.0028791166399566304
5,UPFC_tse,5-15,-2.1510197073407564,28,-2.1278941958816198,MAP_PMU,157,0.02312551145913666
0,x_tcsc,1-14,-0.14434377146280483,29,-0.14413183442542815,MAP_PMU,157,0.00021193703737668046
1,B_svc,2,0.3269732611165457,29,0.32660811448032484,MAP_PMU,157,0.00036514663622083665
2,UPFC_Vsh,5-15,1.104299919523369,29,1.103017122316905,MAP_PMU,157,0.0012827972064639592
3,UPFC_tsh,5-15,-0.22352139874198654,29,-0.2234493237565558,MAP_PMU,157,7.207498543074231e-05
4,UPFC_Vse,5-15,0.059394971790861936,29,0.05686545194196378,MAP_PMU,157,0.002529519848898154
5,UPFC_tse,5-15,-2.1367136421514616,29,-2.1278941958816198,MAP_PMU,157,0.00881944626984188
0,x_tcsc,1-14,-0.14430128574597542,30,-0.14413183442542815,MAP_PMU,157,0.0001694513205472703
1,B_svc,2,0.32707410992616065,30,0.32660811448032484,MAP_PMU,157,0.00046599544583580954
2,UPFC_Vsh,5-15,1.1044854933413373,30,1.103017122316905,MAP_PMU,157,0.0014683710244323134
3,UPFC_tsh,5-15,-0.2234368886068067,30,-0.2234493237565558,MAP_PMU,157,1.2435149749107088e-05
4,UPFC_Vse,5-15,0.059127736285628875,30,0.05686545194196378,MAP_PMU,157,0.0022622843436650927
5,UPFC_tse,5-15,-2.147046944336386,30,-2.1278941958816198,MAP_PMU,157,0.019152748454766222
0,x_tcsc,1-14,-0.14429480154596652,31,-0.14413183442542815,MAP_PMU,157,0.00016296712053837092
1,B_svc,2,0.3264455964573464,31,0.32660811448032484,MAP_PMU,157,0.00016251802297845286
2,UPFC_Vsh,5-15,1.104640603304428,31,1.103017122316905,MAP_PMU,157,0.0016234809875230738
3,UPFC_tsh,5-15,-0.22347015616724625,31,-0.2234493237565558,MAP_PMU,157,2.0832410690452274e-05
4,UPFC_Vse,5-15,0.059394274830170506,31,0.05686545194196378,MAP_PMU,157,0.0025288228882067235
5,UPFC_tse,5-15,-2.1388464661576156,31,-2.1278941958816198,MAP_PMU,157,0.010952270275995879
0,x_tcsc,1-14,-0.1444005746400163,32,-0.14413183442542815,MAP_PMU,157,0.00026874021458814235
1,B_svc,2,0.3267714432488818,32,0.32660811448032484,MAP_PMU,157,0.00016332876855695844
2,UPFC_Vsh,5-15,1.104429973160882,32,1.103017122316905,MAP_PMU,157,0.0014128508439770204
3,UPFC_tsh,5-15,-0.2235849866221467,32,-0.2234493237565558,MAP_PMU,157,0.00013566286559091312
4,UPFC_Vse,5-15,0.05948830671911428,32,0.05686545194196378,MAP_PMU,157,0.0026228547771504976
5,UPFC_tse,5-15,-2.140322343916258,32,-2.1278941958816198,MAP_PMU,157,0.012428148034638209
0,x_tcsc,1-14,-0.1442605144813953,33,-0.14413183442542815,MAP_PMU,157,0.00012868005596713972
1,B_svc,2,0.3266091208484681,33,0.32660811448032484,MAP_PMU,157,1.006368143263714e-06
2,UPFC_Vsh,5-15,1.1043841952800342,33,1.103017122316905,MAP_PMU,157,0.0013670729631292122
3,UPFC_tsh,5-15,-0.22352394849305113,33,-0.2234493237565558,MAP_PMU,157,7.46247364953323e-05
4,UPFC_Vse,5-15,0.05927058541112815,33,0.05686545194196378,MAP_PMU,157,0.002405133469164371
5,UPFC_tse,5-15,-2.1478938976200146,33,-2.1278941958816198,MAP_PMU,157,0.019999701738394826
0,x_tcsc,1-14,-0.14432858312339808,34,-0.14413183442542815,MAP_PMU,157,0.00019674869796992844
1,B_svc,2,0.32702752191912,34,0.32660811448032484,MAP_PMU,157,0.00041940743879514963
2,UPFC_Vsh,5-15,1.104511271551792,34,1.103017122316905,MAP_PMU,157,0.001494149234886999
3,UPFC_tsh,5-15,-0.2234547364024196,34,-0.2234493237565558,MAP_PMU,157,5.412645863817067e-06
4,UPFC_Vse,5-15,0.059140388173555575,34,0.05686545194196378,MAP_PMU,157,0.0022749362315917926
5,UPFC_tse,5-15,-2.1457984193278303,34,-2.1278941958816198,MAP_PMU,157,0.017904223446210565
0,x_tcsc,1-14,-0.14442456042995724,35,-0.14413183442542815,MAP_PMU,157,0.0002927260045290925
1,B_svc,2,0.32680016490312563,35,0.32660811448032484,MAP_PMU,157,0.00019205042280079354
2,UPFC_Vsh,5-15,1.104174607867862,35,1.103017122316905,MAP_PMU,157,0.0011574855509570714
3,UPFC_tsh,5-15,-0.22359253735448203,35,-0.2234493237565558,MAP_PMU,157,0.00014321359792623944
4,UPFC_Vse,5-15,0.05940569284712722,35,0.05686545194196378,MAP_PMU,157,0.0025402409051634364
5,UPFC_tse,5-15,-2.1568620883749077,35,-2.1278941958816198,MAP_PMU,157,0.028967892493287906
0,x_tcsc,1-14,-0.14428067016985047,36,-0.14413183442542815,MAP_PMU,157,0.0001488357444223154
1,B_svc,2,0.3267027842629956,36,0.32660811448032484,MAP_PMU,157,9.466978267075321e-05
2,UPFC_Vsh,5-15,1.1043194633063922,36,1.103017122316905,MAP_PMU,157,0.0013023409894872273
3,UPFC_tsh,5-15,-0.22350093019832087,36,-0.2234493237565558,MAP_PMU,157,5.160644176507856e-05
4,UPFC_Vse,5-15,0.05892959563969988,36,0.05686545194196378,MAP_PMU,157,0.0020641436977360955
5,UPFC_tse,5-15,-2.1475614320768757,36,-2.1278941958816198,MAP_PMU,157,0.0196672361952559
0,x_tcsc,1-14,-0.14433620986654916,37,-0.14413183442542815,MAP_PMU,157,0.00020437544112100747
1,B_svc,2,0.32642307301027385,37,0.32660811448032484,MAP_PMU,157,0.00018504147005099503
2,UPFC_Vsh,5-15,1.1044380907712803,37,1.103017122316905,MAP_PMU,157,0.0014209684543753376
3,UPFC_tsh,5-15,-0.22354251562417085,37,-0.2234493237565558,MAP_PMU,157,9.31918676150556e-05
4,UPFC_Vse,5-15,0.0595293863291617,37,0.05686545194196378,MAP_PMU,157,0.0026639343871979193
5,UPFC_tse,5-15,-2.1470284796064973,37,-2.1278941958816198,MAP_PMU,157,0.019134283724877577
0,x_tcsc,1-14,-0.14432605808408674,38,-0.14413183442542815,MAP_PMU,157,0.00019422365865859326
1,B_svc,2,0.3265215474165129,38,0.32660811448032484,MAP_PMU,157,8.656706381193757e-05
2,UPFC_Vsh,5-15,1.1043940649646435,38,1.103017122316905,MAP_PMU,157,0.001376942647738577
3,UPFC_tsh,5-15,-0.22356398106015116,38,-0.2234493237565558,MAP_PMU,157,0.0001146573035953613
4,UPFC_Vse,5-15,0.059447249800260206,38,0.05686545194196378,MAP_PMU,157,0.0025817978582964238
5,UPFC_tse,5-15,-2.1407782161359212,38,-2.1278941958816198,MAP_PMU,157,0.012884020254301465
0,x_tcsc,1-14,-0.14430176723991678,39,-0.14413183442542815,MAP_PMU,157,0.00016993281448862696
1,B_svc,2,0.32643541799457504,39,0.32660811448032484,MAP_PMU,157,0.00017269648574980145
2,UPFC_Vsh,5-15,1.104597663091694,39,1.103017122316905,MAP_PMU,157,0.0015805407747890854
3,UPFC_tsh,5-15,-0.22352325448419577,39,-0.2234493237565558,MAP_PMU,157,7.393072763997588e-05
4,UPFC_Vse,5-15,0.05925955544416001,39,0.05686545194196378,MAP_PMU,157,0.0023941035021962306
5,UPFC_tse,5-15,-2.1414556875884125,39,-2.1278941958816198,MAP_PMU,157,0.013561491706792772
0,x_tcsc,1-14,-0.14433873481483472,40,-0.14413183442542815,MAP_PMU,157,0.0002069003894065724
1,B_svc,2,0.3266672106095141,40,0.32660811448032484,MAP_PMU,157,5.909612918925111e-05
2,UPFC_Vsh,5-15,1.1041863142958082,40,1.103017122316905,MAP_PMU,157,0.0011691919789031946
3,UPFC_tsh,5-15,-0.22352246937849393,40,-0.2234493237565558,MAP_PMU,157,7.314562193813656e-05
4,UPFC_Vse,5-15,0.059606580732730154,40,0.05686545194196378,MAP_PMU,157,0.0027411287907663714
5,UPFC_tse,5-15,-2.1483143058082055,40,-2.1278941958816198,MAP_PMU,157,0.020420109926585717
0,x_tcsc,1-14,-0.14438695411849914,41,-0.14413183442542815,MAP_PMU,157,0.0002551196930709876
1,B_svc,2,0.32679286351678405,41,0.32660811448032484,MAP_PMU,157,0.0001847490364592086
2,UPFC_Vsh,5-15,1.1048775048801833,41,1.103017122316905,MAP_PMU,157,0.0018603825632783622
3,UPFC_tsh,5-15,-0.2235351487911899,41,-0.2234493237565558,MAP_PMU,157,8.582503463411273e-05
4,UPFC_Vse,5-15,0.05907609292521009,41,0.05686545194196378,MAP_PMU,157,0.0022106409832463106
5,UPFC_tse,5-15,-2.1374211495773823,41,-2.1278941958816198,MAP_PMU,157,0.009526953695762508
0,x_tcsc,1-14,-0.14426963847814975,42,-0.14413183442542815,MAP_PMU,157,0.00013780405272159624
1,B_svc,2,0.32676012156694423,42,0.32660811448032484,MAP_PMU,157,0.0001520070866193879
2,UPFC_Vsh,5-15,1.1045420572993352,42,1.103017122316905,MAP_PMU,157,0.001524934982430226
3,UPFC_tsh,5-15,-0.22355410782588186,42,-0.2234493237565558,MAP_PMU,157,0.00010478406932606932
4,UPFC_Vse,5-15,0.05927857949327242,42,0.05686545194196378,MAP_PMU,157,0.0024131275513086387
5,UPFC_tse,5-15,-2.140041819169133,42,-2.1278941958816198,MAP_PMU,157,0.012147623287513287
0,x_tcsc,1-14,-0.14433194584261386,43,-0.14413183442542815,MAP_PMU,157,0.00020011141718570546
1,B_svc,2,0.327194165885811,43,0.32660811448032484,MAP_PMU,157,0.0005860514054861765
2,UPFC_Vsh,5-15,1.1043614004069047,43,1.103017122316905,MAP_PMU,157,0.0013442780899997064
3,UPFC_tsh,5-15,-0.22352305184093835,43,-0.2234493237565558,MAP_PMU,157,7.372808438255163e-05
4,UPFC_Vse,5-15,0.05875033574110189,43,0.05686545194196378,MAP_PMU,157,0.0018848837991381068
5,UPFC_tse,5-15,-2.145663159647778,43,-2.1278941958816198,MAP_PMU,157,0.01776896376615822
0,x_tcsc,1-14,-0.1443021636448443,44,-0.14413183442542815,MAP_PMU,157,0.00017032921941614876
1,B_svc,2,0.3269446486221328,44,0.32660811448032484,MAP_PMU,157,0.0003365341418079537
2,UPFC_Vsh,5-15,1.1040324716952459,44,1.103017122316905,MAP_PMU,157,0.0010153493783409129
3,UPFC_tsh,5-15,-0.22353992863020805,44,-0.2234493237565558,MAP_PMU,157,9.060487365225578e-05
4,UPFC_Vse,5-15,0.05945017968889687,44,0.05686545194196378,MAP_PMU,157,0.0025847277469330868
5,UPFC_tse,5-15,-2.1472981305651984,44,-2.1278941958816198,MAP_PMU,157,0.019403934683578594
0,x_tcsc,1-14,-0.1442452690993237,45,-0.14413183442542815,MAP_PMU,157,0.00011343467389554607
1,B_svc,2,0.32641968356267553,45,0.32660811448032484,MAP_PMU,157,0.00018843091764930708
2,UPFC_Vsh,5-15,1.1047340702764645,45,1.103017122316905,MAP_PMU,157,0.0017169479595595671
3,UPFC_tsh,5-15,-0.22353087930447627,45,-0.2234493237565558,MAP_PMU,157,8.155554792046993e-05
4,UPFC_Vse,5-15,0.059049779015290016,45,0.05686545194196378,MAP_PMU,157,0.0021843270733262338
5,UPFC_tse,5-15,-2.13968084497906,45,-2.1278941958816198,MAP_PMU,157,0.011786649097440094
0,x_tcsc,1-14,-0.14433694271614467,46,-0.14413183442542815,MAP_PMU,157,0.00020510829071651582
1,B_svc,2,0.32658210873329474,46,0.32660811448032484,MAP_PMU,157,2.6005747030100057e-05
2,UPFC_Vsh,5-15,1.10456908678365,46,1.103017122316905,MAP_PMU,157,0.0015519644667449928
3,UPFC_tsh,5-15,-0.22351884834751146,46,-0.2234493237565558,MAP_PMU,157,6.952459095566077e-05
4,UPFC_Vse,5-15,0.05932347191434957,46,0.05686545194196378,MAP_PMU,157,0.0024580199723857887
5,UPFC_tse,5-15,-2.1393650755660416,46,-2.1278941958816198,MAP_PMU,157,0.011470879684421842
0,x_tcsc,1-14,-0.1443428595635363,47,-0.14413183442542815,MAP_PMU,157,0.0002110251381081396
1,B_svc,2,0.32706644903800813,47,0.32660811448032484,MAP_PMU,157,0.0004583345576832931
2,UPFC_Vsh,5-15,1.1044129601443053,47,1.103017122316905,MAP_PMU,157,0.0013958378274003813
3,UPFC_tsh,5-15,-0.22349735946993576,47,-0.2234493237565558,MAP_PMU,157,4.803571337996804e-05
4,UPFC_Vse,5-15,0.05879818877842391,47,0.05686545194196378,MAP_PMU,157,0.0019327368364601277
5,UPFC_tse,5-15,-2.1485439726366913,47,-2.1278941958816198,MAP_PMU,157,0.020649776755071514
0,x_tcsc,1-14,-0.14432813653643978,48,-0.14413183442542815,MAP_PMU,157,0.00019630211101162587
1,B_svc,2,0.326999556126695,48,0.32660811448032484,MAP_PMU,157,0.000391441646370172
2,UPFC_Vsh,5-15,1.1042135324096727,48,1.103017122316905,MAP_PMU,157,0.001196410092767719
3,UPFC_tsh,5-15,-0.2235716861140973,48,-0.2234493237565558,MAP_PMU,157,0.00012236235754151115
4,UPFC_Vse,5-15,0.0596399712356127,48,0.05686545194196378,MAP_PMU,157,0.0027745192936489207
5,UPFC_tse,5-15,-2.1531571043789266,48,-2.1278941958816198,MAP_PMU,157,0.025262908497306835
0,x_tcsc,1-14,-0.1444110220860847,49,-0.14413183442542815,MAP_PMU,157,0.00027918766065654355
1,B_svc,2,0.32635496203016573,49,0.32660811448032484,MAP_PMU,157,0.0002531524501591109
2,UPFC_Vsh,5-15,1.1045039668416674,49,1.103017122316905,MAP_PMU,157,0.0014868445247624429
3,UPFC_tsh,5-15,-0.2235629947179344,49,-0.2234493237565558,MAP_PMU,157,0.000113670961378598
4,UPFC_Vse,5-15,0.05936034694942674,49,0.05686545194196378,MAP_PMU,157,0.0024948950074629578
5,UPFC_tse,5-15,-2.140796425063695,49,-2.1278941958816198,MAP_PMU,157,0.012902229182075065
0,x_tcsc,1-14,-0.14437496152597226,50,-0.14413183442542815,MAP_PMU,157,0.00024312710054411046
1,B_svc,2,0.32711025586711656,50,0.32660811448032484,MAP_PMU,157,0.0005021413867917213
2,UPFC_Vsh,5-15,1.1043786708166947,50,1.103017122316905,MAP_PMU,157,0.0013615484997897553
3,UPFC_tsh,5-15,-0.22359454146267424,50,-0.2234493237565558,MAP_PMU,157,0.00014521770611844453
4,UPFC_Vse,5-15,0.05942035121962731,50,0.05686545194196378,MAP_PMU,157,0.0025548992776635304
5,UPFC_tse,5-15,-2.149957867071668,50,-2.1278941958816198,MAP_PMU,157,0.02206367119004815
0,x_tcsc,1-14,-0.14433158705135157,51,-0.14413183442542815,MAP_PMU,157,0.0001997526259234217
1,B_svc,2,0.3266403142856067,51,0.32660811448032484,MAP_PMU,157,3.2199805281851734e-05
2,UPFC_Vsh,5-15,1.1041001281272107,51,1.103017122316905,MAP_PMU,157,0.0010830058103057372
3,UPFC_tsh,5-15,-0.22356152945084148,51,-0.2234493237565558,MAP_PMU,157,0.0001122056942856886
4,UPFC_Vse,5-15,0.05957258431675233,51,0.05686545194196378,MAP_PMU,157,0.0027071323747885484
5,UPFC_tse,5-15,-2.145378002744635,51,-2.1278941958816198,MAP_PMU,157,0.017483806863015428
0,x_tcsc,1-14,-0.1443365198467915,52,-0.14413183442542815,MAP_PMU,157,0.0002046854213633431
1,B_svc,2,0.3270503179436224,52,0.32660811448032484,MAP_PMU,157,0.00044220346329754134
2,UPFC_Vsh,5-15,1.1046513961764288,52,1.103017122316905,MAP_PMU,157,0.0016342738595238604
3,UPFC_tsh,5-15,-0.22353724909489905,52,-0.2234493237565558,MAP_PMU,157,8.792533834325877e-05
4,UPFC_Vse,5-15,0.05918500137680766,52,0.05686545194196378,MAP_PMU,157,0.0023195494348438803
5,UPFC_tse,5-15,-2.160237334991212,52,-2.1278941958816198,MAP_PMU,157,0.0323431391095923
0,x_tcsc,1-14,-0.14443197421764714,53,-0.14413183442542815,MAP_PMU,157,0.0003001397922189897
1,B_svc,2,0.3268121987398052,53,0.32660811448032484,MAP_PMU,157,0.0002040842594803749
2,UPFC_Vsh,5-15,1.1043453062068984,53,1.103017122316905,MAP_PMU,157,0.0013281838899934506
3,UPFC_tsh,5-15,-0.2235464093028915,53,-0.2234493237565558,MAP_PMU,157,9.708554633569566e-05
4,UPFC_Vse,5-15,0.0594376539437871,53,0.05686545194196378,MAP_PMU,157,0.002572202001823315
5,UPFC_tse,5-15,-2.1537359099902336,53,-2.1278941958816198,MAP_PMU,157,0.0258417141086138
0,x_tcsc,1-14,-0.14436369296518772,54,-0.14413183442542815,MAP_PMU,157,0.00023185853975957182
1,B_svc,2,0.3268552642919504,54,0.32660811448032484,MAP_PMU,157,0.0002471498116255466
2,UPFC_Vsh,5-15,1.1048436054765867,54,1.103017122316905,MAP_PMU,157,0.0018264831596817022
3,UPFC_tsh,5-15,-0.22342410074945845,54,-0.2234493237565558,MAP_PMU,157,2.5223007097341377e-05
4,UPFC_Vse,5-15,0.05929615206836552,54,0.05686545194196378,MAP_PMU,157,0.002430700126401737
5,UPFC_tse,5-15,-2.1417674719249566,54,-2.1278941958816198,MAP_PMU,157,0.01387327604333688
0,x_tcsc,1-14,-0.1443433359147192,55,-0.14413183442542815,MAP_PMU,157,0.00021150148929105494
1,B_svc,2,0.3267789587339435,55,0.32660811448032484,MAP_PMU,157,0.00017084425361868494
2,UPFC_Vsh,5-15,1.1045210030202823,55,1.103017122316905,MAP_PMU,157,0.0015038807033773693
3,UPFC_tsh,5-15,-0.22359225713103584,55,-0.2234493237565558,MAP_PMU,157,0.00014293337448004206
4,UPFC_Vse,5-15,0.05950425465020074,55,0.05686545194196378,MAP_PMU,157,0.002638802708236958
5,UPFC_tse,5-15,-2.1535577353224435,55,-2.1278941958816198,MAP_PMU,157,0.02566353944082378
0,x_tcsc,1-14,-0.14435575057538785,56,-0.14413183442542815,MAP_PMU,157,0.000223916149959702
1,B_svc,2,0.32678219754436666,56,0.32660811448032484,MAP_PMU,157,0.00017408306404181895
2,UPFC_Vsh,5-15,1.1044202724685002,56,1.103017122316905,MAP_PMU,157,0.0014031501515952005
3,UPFC_tsh,5-15,-0.22350079191259803,56,-0.2234493237565558,MAP_PMU,157,5.146815604223365e-05
4,UPFC_Vse,5-15,0.05932461234383744,56,0.05686545194196378,MAP_PMU,157,0.0024591604018736613
5,UPFC_tse,5-15,-2.144701593700225,56,-2.1278941958816198,MAP_PMU,157,0.016807397818605185
0,x_tcsc,1-14,-0.14439427437870264,57,-0.14413183442542815,MAP_PMU,157,0.0002624399532744903
1,B_svc,2,0.3266235979547541,57,0.32660811448032484,MAP_PMU,157,1.548347442925646e-05
2,UPFC_Vsh,5-15,1.1042861686035352,57,1.103017122316905,MAP_PMU,157,0.001269046286630271
3,UPFC_tsh,5-15,-0.22356491278034527,57,-0.2234493237565558,MAP_PMU,157,0.00011558902378946967
4,UPFC_Vse,5-15,0.05947110469196793,57,0.05686545194196378,MAP_PMU,157,0.002605652750004149
5,UPFC_tse,5-15,-2.1410739307308733,57,-2.1278941958816198,MAP_PMU,157,0.0131797348492535
0,x_tcsc,1-14,-0.14429343759229754,58,-0.14413183442542815,MAP_PMU,157,0.00016160316686938958
1,B_svc,2,0.3263859971512051,58,0.32660811448032484,MAP_PMU,157,0.00022211732911975313
2,UPFC_Vsh,5-15,1.104365771843571,58,1.103017122316905,MAP_PMU,157,0.0013486495266661347
3,UPFC_tsh,5-15,-0.2235548600994724,58,-0.2234493237565558,MAP_PMU,157,0.00010553634291660119
4,UPFC_Vse,5-15,0.0588822006428704,58,0.05686545194196378,MAP_PMU,157,0.0020167487009066162
5,UPFC_tse,5-15,-2.151555026278131,58,-2.1278941958816198,MAP_PMU,157,0.023660830396511123
0,x_tcsc,1-14,-0.14431697093669968,59,-0.14413183442542815,MAP_PMU,157,0.00018513651127152753
1,B_svc,2,0.3268520241483749,59,0.32660811448032484,MAP_PMU,157,0.00024390966805004632
2,UPFC_Vsh,5-15,1.1048769095086999,59,1.103017122316905,MAP_PMU,157,0.001859787191794915
3,UPFC_tsh,5-15,-0.22346686551002964,59,-0.2234493237565558,MAP_PMU,157,1.7541753473848676e-05
4,UPFC_Vse,5-15,0.059487954376646945,59,0.05686545194196378,MAP_PMU,157,0.0026225024346831632
5,UPFC_tse,5-15,-2.1440356796389293,59,-2.1278941958816198,MAP_PMU,157,0.016141483757309505
0,x_tcsc,1-14,-0.14436208483487306,60,-0.14413183442542815,MAP_PMU,157,0.00023025040944490982
1,B_svc,2,0.3267499581652929,60,0.32660811448032484,MAP_PMU,157,0.0001418436849680571
2,UPFC_Vsh,5-15,1.1041326822918438,60,1.103017122316905,MAP_PMU,157,0.00111555997493884
3,UPFC_tsh,5-15,-0.22352854497146818,60,-0.2234493237565558,MAP_PMU,157,7.922121491238387e-05
4,UPFC_Vse,5-15,0.059371723746713574,60,0.05686545194196378,MAP_PMU,157,0.002506271804749792
5,UPFC_tse,5-15,-2.1493406518480085,60,-2.1278941958816198,MAP_PMU,157,0.021446455966388722
0,x_tcsc,1-14,-0.1442895185662976,61,-0.14413183442542815,MAP_PMU,157,0.00015768414086944627
1,B_svc,2,0.3268338714302196,61,0.32660811448032484,MAP_PMU,157,0.00022575694989473982
2,UPFC_Vsh,5-15,1.10446641537902,61,1.103017122316905,MAP_PMU,157,0.0014492930621150535
3,UPFC_tsh,5-15,-0.22352001854738687,61,-0.2234493237565558,MAP_PMU,157,7.069479083107733e-05
4,UPFC_Vse,5-15,0.05870397238953259,61,0.05686545194196378,MAP_PMU,157,0.0018385204475688047
5,UPFC_tse,5-15,-2.1368663118275744,61,-2.1278941958816198,MAP_PMU,157,0.008972115945954595
0,x_tcsc,1-14,-0.14429645566359442,62,-0.14413183442542815,MAP_PMU,157,0.00016462123816626817
1,B_svc,2,0.32671327540763556,62,0.32660811448032484,MAP_PMU,157,0.00010516092731072124
2,UPFC_Vsh,5-15,1.104567268908829,62,1.103017122316905,MAP_PMU,157,0.0015501465919240953
3,UPFC_tsh,5-15,-0.22358539810368633,62,-0.2234493237565558,MAP_PMU,157,0.00013607434713053257
4,UPFC_Vse,5-15,0.05922514443818128,62,0.05686545194196378,MAP_PMU,157,0.002359692496217501
5,UPFC_tse,5-15,-2.1415098903861787,62,-2.1278941958816198,MAP_PMU,157,0.013615694504558906
0,x_tcsc,1-14,-0.14439927521016568,63,-0.14413183442542815,MAP_PMU,157,0.00026744078473753263
1,B_svc,2,0.32677275793002253,63,0.32660811448032484,MAP_PMU,157,0.00016464344969768785
2,UPFC_Vsh,5-15,1.1043060042861874,63,1.103017122316905,MAP_PMU,157,0.0012888819692824516
3,UPFC_tsh,5-15,-0.22352579636336403,63,-0.2234493237565558,MAP_PMU,157,7.647260680823664e-05
4,UPFC_Vse,5-15,0.059563861646689066,63,0.05686545194196378,MAP_PMU,157,0.002698409704725284
5,UPFC_tse,5-15,-2.143194932741653,63,-2.1278941958816198,MAP_PMU,157,0.015300736860033304
0,x_tcsc,1-14,-0.14431258586680873,64,-0.14413183442542815,MAP_PMU,157,0.00018075144138057775
1,B_svc,2,0.32696973611021224,64,0.32660811448032484,MAP_PMU,157,0.00036162162988739865
2,UPFC_Vsh,5-15,1.104630391216929,64,1.103017122316905,MAP_PMU,157,0.0016132689000241118
3,UPFC_tsh,5-15,-0.2235381231375513,64,-0.2234493237565558,MAP_PMU,157,8.879938099551343e-05
4,UPFC_Vse,5-15,0.05932418262731211,64,0.05686545194196378,MAP_PMU,157,0.002458730685348326
5,UPFC_tse,5-15,-2.139420266076771,64,-2.1278941958816198,MAP_PMU,157,0.011526070195151394
0,x_tcsc,1-14,-0.14437562857303893,65,-0.14413183442542815,MAP_PMU,157,0.00024379414761077634
1,B_svc,2,0.32714129820750804,65,0.32660811448032484,MAP_PMU,157,0.0005331837271831952
2,UPFC_Vsh,5-15,1.1045177212766433,65,1.103017122316905,MAP_PMU,157,0.0015005989597383085
3,UPFC_tsh,5-15,-0.22349819060417173,65,-0.2234493237565558,MAP_PMU,157,4.886684761593041e-05
4,UPFC_Vse,5-15,0.05923904521348798,65,0.05686545194196378,MAP_PMU,157,0.002373593271524199
5,UPFC_tse,5-15,-2.137428749925802,65,-2.1278941958816198,MAP_PMU,157,0.00953455404418202
0,x_tcsc,1-14,-0.1443271858519927,66,-0.14413183442542815,MAP_PMU,157,0.00019535142656454396
1,B_svc,2,0.3271860469552415,66,0.32660811448032484,MAP_PMU,157,0.0005779324749166648
2,UPFC_Vsh,5-15,1.104240065115214,66,1.103017122316905,MAP_PMU,157,0.0012229427983090346
3,UPFC_tsh,5-15,-0.22356678348237194,66,-0.2234493237565558,MAP_PMU,157,0.00011745972581614361
4,UPFC_Vse,5-15,0.05892388310136842,66,0.05686545194196378,MAP_PMU,157,0.0020584311594046348
5,UPFC_tse,5-15,-2.148145503843947,66,-2.1278941958816198,MAP_PMU,157,0.020251307962327214
0,x_tcsc,1-14,-0.14434272371368337,67,-0.14413183442542815,MAP_PMU,157,0.00021088928825521713
1,B_svc,2,0.3275379787859036,67,0.32660811448032484,MAP_PMU,157,0.000929864305578787
2,UPFC_Vsh,5-15,1.1041653448002775,67,1.103017122316905,MAP_PMU,157,0.0011482224833725407
3,UPFC_tsh,5-15,-0.22355197380328468,67,-0.2234493237565558,MAP_PMU,157,0.00010265004672888045
4,UPFC_Vse,5-15,0.059282317987110714,67,0.05686545194196378,MAP_PMU,157,0.0024168660451469315
5,UPFC_tse,5-15,-2.152712925165486,67,-2.1278941958816198,MAP_PMU,157,0.024818729283866414
0,x_tcsc,1-14,-0.14430996249168102,68,-0.14413183442542815,MAP_PMU,157,0.00017812806625286393
1,B_svc,2,0.32683589854289435,68,0.32660811448032484,MAP_PMU,157,0.00022778406256951378
2,UPFC_Vsh,5-15,1.10470231015782,68,1.103017122316905,MAP_PMU,157,0.0016851878409149812
3,UPFC_tsh,5-15,-0.22354331325733792,68,-0.2234493237565558,MAP_PMU,157,9.398950078212676e-05
4,UPFC_Vse,5-15,0.059492585522831286,68,0.05686545194196378,MAP_PMU,157,0.0026271335808675036
5,UPFC_tse,5-15,-2.1472576071460647,68,-2.1278941958816198,MAP_PMU,157,0.019363411264444963
0,x_tcsc,1-14,-0.14432927387641473,69,-0.14413183442542815,MAP_PMU,157,0.00019743945098657512
1,B_svc,2,0.3263918317669155,69,0.32660811448032484,MAP_PMU,157,0.00021628271340934369
2,UPFC_Vsh,5-15,1.1045182480193265,69,1.103017122316905,MAP_PMU,157,0.0015011257024215574
3,UPFC_tsh,5-15,-0.22354711597045035,69,-0.2234493237565558,MAP_PMU,157,9.779221389455417e-05
4,UPFC_Vse,5-15,0.05959090789989904,69,0.05686545194196378,MAP_PMU,157,0.0027254559579352605
5,UPFC_tse,5-15,-2.1454105493004945,69,-2.1278941958816198,MAP_PMU,157,0.017516353418874697
0,x_tcsc,1-14,-0.14429938227490796,70,-0.14413183442542815,MAP_PMU,157,0.00016754784947980994
1,B_svc,2,0.326393909807884,70,0.32660811448032484,MAP_PMU,157,0.00021420467244082086
2,UPFC_Vsh,5-15,1.1047211103581434,70,1.103017122316905,MAP_PMU,157,0.0017039880412383912
3,UPFC_tsh,5-15,-0.22351493688114166,70,-0.2234493237565558,MAP_PMU,157,6.561312458586155e-05
4,UPFC_Vse,5-15,0.05884601000880449,70,0.05686545194196378,MAP_PMU,157,0.001980558066840707
5,UPFC_tse,5-15,-2.1421976283540216,70,-2.1278941958816198,MAP_PMU,157,0.014303432472401845
0,x_tcsc,1-14,-0.14435222283953061,71,-0.14413183442542815,MAP_PMU,157,0.00022038841410246257
1,B_svc,2,0.3267441003799585,71,0.32660811448032484,MAP_PMU,157,0.0001359858996336505
2,UPFC_Vsh,5-15,1.1042525755524053,71,1.103017122316905,MAP_PMU,157,0.001235453235500339
3,UPFC_tsh,5-15,-0.22353799477874092,71,-0.2234493237565558,MAP_PMU,157,8.867102218512724e-05
4,UPFC_Vse,5-15,0.05920547298557755,71,0.05686545194196378,MAP_PMU,157,0.00234002104361377
5,UPFC_tse,5-15,-2.144859099235775,71,-2.1278941958816198,MAP_PMU,157,0.016964903354155236
0,x_tcsc,1-14,-0.14427951572797829,72,-0.14413183442542815,MAP_PMU,157,0.00014768130255013445
1,B_svc,2,0.3270312938051934,72,0.32660811448032484,MAP_PMU,157,0.00042317932486857224
2,UPFC_Vsh,5-15,1.104133354782856,72,1.103017122316905,MAP_PMU,157,0.0011162324659510503
3,UPFC_tsh,5-15,-0.22355345385413608,72,-0.2234493237565558,MAP_PMU,157,0.00010413009758028502
4,UPFC_Vse,5-15,0.059315155444418274,72,0.05686545194196378,MAP_PMU,157,0.002449703502454492
5,UPFC_tse,5-15,-2.1500531628801434,72,-2.1278941958816198,MAP_PMU,157,0.0221589669985236
0,x_tcsc,1-14,-0.1443598576884676,73,-0.14413183442542815,MAP_PMU,157,0.0002280232630394452
1,B_svc,2,0.32660837102685647,73,0.32660811448032484,MAP_PMU,157,2.5654653162954233e-07
2,UPFC_Vsh,5-15,1.104479017883976,73,1.103017122316905,MAP_PMU,157,0.0014618955670711031
3,UPFC_tsh,5-15,-0.22352302615242273,73,-0.2234493237565558,MAP_PMU,157,7.370239586693139e-05
4,UPFC_Vse,5-15,0.05891148691778553,73,0.05686545194196378,MAP_PMU,157,0.002046034975821745
5,UPFC_tse,5-15,-2.141568000855097,73,-2.1278941958816198,MAP_PMU,157,0.013673804973477033
0,x_tcsc,1-14,-0.14429668150840003,74,-0.14413183442542815,MAP_PMU,157,0.00016484708297187511
1,B_svc,2,0.3270684504315668,74,0.32660811448032484,MAP_PMU,157,0.0004603359512419525
2,UPFC_Vsh,5-15,1.104240684545611,74,1.103017122316905,MAP_PMU,157,0.00122356222870601
3,UPFC_tsh,5-15,-0.2235276993789619,74,-0.2234493237565558,MAP_PMU,157,7.837562240611828e-05
4,UPFC_Vse,5-15,0.059459851059741935,74,0.05686545194196378,MAP_PMU,157,0.0025943991177781525
5,UPFC_tse,5-15,-2.1385554612072712,74,-2.1278941958816198,MAP_PMU,157,0.010661265325651481
0,x_tcsc,1-14,-0.1442962324960512,75,-0.14413183442542815,MAP_PMU,157,0.00016439807062304523
1,B_svc,2,0.32688484205245555,75,0.32660811448032484,MAP_PMU,157,0.0002767275721307083
2,UPFC_Vsh,5-15,1.1040117264248548,75,1.103017122316905,MAP_PMU,157,0.0009946041079498258
3,UPFC_tsh,5-15,-0.22353335135378624,75,-0.2234493237565558,MAP_PMU,157,8.402759723044606e-05
4,UPFC_Vse,5-15,0.059897169112438885,75,0.05686545194196378,MAP_PMU,157,0.0030317171704751025
5,UPFC_tse,5-15,-2.144555029882421,75,-2.1278941958816198,MAP_PMU,157,0.016660834000801206
0,x_tcsc,1-14,-0.14433805176858414,76,-0.14413183442542815,MAP_PMU,157,0.0002062173431559844
1,B_svc,2,0.3271494961167011,76,0.32660811448032484,MAP_PMU,157,0.0005413816363762369
2,UPFC_Vsh,5-15,1.1040681400004935,76,1.103017122316905,MAP_PMU,157,0.0010510176835885066
3,UPFC_tsh,5-15,-0.22355606608282155,76,-0.2234493237565558,MAP_PMU,157,0.00010674232626575741
4,UPFC_Vse,5-15,0.059668138075863124,76,0.05686545194196378,MAP_PMU,157,0.0028026861338993417
5,UPFC_tse,5-15,-2.1534446501964153,76,-2.1278941958816198,MAP_PMU,157,0.025550454314795523
0,x_tcsc,1-14,-0.14437809885932706,77,-0.14413183442542815,MAP_PMU,157,0.00024626443389891284
1,B_svc,2,0.3266482729801445,77,0.32660811448032484,MAP_PMU,157,4.015849981964248e-05
2,UPFC_Vsh,5-15,1.1045625939529207,77,1.103017122316905,MAP_PMU,157,0.001545471636015705
3,UPFC_tsh,5-15,-0.22351198679972364,77,-0.2234493237565558,MAP_PMU,157,6.266304316784876e-05
4,UPFC_Vse,5-15,0.05900574923714679,77,0.05686545194196378,MAP_PMU,157,0.0021402972951830093
5,UPFC_tse,5-15,-2.1416714766971774,77,-2.1278941958816198,MAP_PMU,157,0.013777280815557624
0,x_tcsc,1-14,-0.14430109175439448,78,-0.14413183442542815,MAP_PMU,157,0.0001692573289663324
1,B_svc,2,0.32667329178953386,78,0.32660811448032484,MAP_PMU,157,6.51773092090191e-05
2,UPFC_Vsh,5-15,1.1044622123054764,78,1.103017122316905,MAP_PMU,157,0.001445089988571402
3,UPFC_tsh,5-15,-0.223540276131226,78,-0.2234493237565558,MAP_PMU,157,9.095237467021677e-05
4,UPFC_Vse,5-15,0.05919006136255585,78,0.05686545194196378,MAP_PMU,157,0.0023246094205920664
5,UPFC_tse,5-15,-2.150863988365462,78,-2.1278941958816198,MAP_PMU,157,0.022969792483842344
0,x_tcsc,1-14,-0.1443496845823418,79,-0.14413183442542815,MAP_PMU,157,0.0002178501569136404
1,B_svc,2,0.3266098404209415,79,0.32660811448032484,MAP_PMU,157,1.7259406166481028e-06
2,UPFC_Vsh,5-15,1.104408151747568,79,1.103017122316905,MAP_PMU,157,0.0013910294306629378
3,UPFC_tsh,5-15,-0.22355072782340216,79,-0.2234493237565558,MAP_PMU,157,0.00010140406684636116
4,UPFC_Vse,5-15,0.059248221403927,79,0.05686545194196378,MAP_PMU,157,0.0023827694619632175
5,UPFC_tse,5-15,-2.142053393129597,79,-2.1278941958816198,MAP_PMU,157,0.014159197247977318
0,x_tcsc,1-14,-0.14439437785438292,80,-0.14413183442542815,MAP_PMU,157,0.00026254342895476457
1,B_svc,2,0.3269316666688758,80,0.32660811448032484,MAP_PMU,157,0.00032355218855095735
2,UPFC_Vsh,5-15,1.1041797354221745,80,1.103017122316905,MAP_PMU,157,0.0011626131052695499
3,UPFC_tsh,5-15,-0.2236946753239067,80,-0.2234493237565558,MAP_PMU,157,0.00024535156735089325
4,UPFC_Vse,5-15,0.059407328237175934,80,0.05686545194196378,MAP_PMU,157,0.002541876295212152
5,UPFC_tse,5-15,-2.1598020090790415,80,-2.1278941958816198,MAP_PMU,157,0.03190781319742175
0,x_tcsc,1-14,-0.1443469385565653,81,-0.14413183442542815,MAP_PMU,157,0.00021510413113715043
1,B_svc,2,0.32655994419935974,81,0.32660811448032484,MAP_PMU,157,4.8170280965098566e-05
2,UPFC_Vsh,5-15,1.104575903739811,81,1.103017122316905,MAP_PMU,157,0.001558781422906108
3,UPFC_tsh,5-15,-0.2235273584831304,81,-0.2234493237565558,MAP_PMU,157,7.803472657461064e-05
4,UPFC_Vse,5-15,0.05949986698726537,81,0.05686545194196378,MAP_PMU,157,0.00263441504530159
5,UPFC_tse,5-15,-2.1340059783197254,81,-2.1278941958816198,MAP_PMU,157,0.006111782438105617
0,x_tcsc,1-14,-0.14429808701081248,82,-0.14413183442542815,MAP_PMU,157,0.00016625258538432997
1,B_svc,2,0.3268163958902012,82,0.32660811448032484,MAP_PMU,157,0.00020828140987633192
2,UPFC_Vsh,5-15,1.104192602061847,82,1.103017122316905,MAP_PMU,157,0.0011754797449421428
3,UPFC_tsh,5-15,-0.2235815494357983,82,-0.2234493237565558,MAP_PMU,157,0.00013222567924250916
4,UPFC_Vse,5-15,0.059504971056757616,82,0.05686545194196378,MAP_PMU,157,0.002639519114793834
5,UPFC_tse,5-15,-2.1587854093600325,82,-2.1278941958816198,MAP_PMU,157,0.030891213478412727
0,x_tcsc,1-14,-0.14437091205918628,83,-0.14413183442542815,MAP_PMU,157,0.0002390776337581335
1,B_svc,2,0.32683074036462256,83,0.32660811448032484,MAP_PMU,157,0.00022262588429772245
2,UPFC_Vsh,5-15,1.1044226008581965,83,1.103017122316905,MAP_PMU,157,0.0014054785412915827
3,UPFC_tsh,5-15,-0.22356471206087628,83,-0.2234493237565558,MAP_PMU,157,0.00011538830432047953
4,UPFC_Vse,5-15,0.05935779484260918,83,0.05686545194196378,MAP_PMU,157,0.0024923429006454
5,UPFC_tse,5-15,-2.139712589862555,83,-2.1278941958816198,MAP_PMU,157,0.011818393980935316
0,x_tcsc,1-14,-0.14447447656382784,84,-0.14413183442542815,MAP_PMU,157,0.0003426421383996847
1,B_svc,2,0.3267916437045043,84,0.32660811448032484,MAP_PMU,157,0.00018352922417946838
2,UPFC_Vsh,5-15,1.104205099285115,84,1.103017122316905,MAP_PMU,157,0.0011879769682099361
3,UPFC_tsh,5-15,-0.22355083450396612,84,-0.2234493237565558,MAP_PMU,157,0.00010151074741032717
4,UPFC_Vse,5-15,0.059141853051554116,84,0.05686545194196378,MAP_PMU,157,0.002276401109590334
5,UPFC_tse,5-15,-2.143117968440372,84,-2.1278941958816198,MAP_PMU,157,0.015223772558752291
0,x_tcsc,1-14,-0.14440172963498452,85,-0.14413183442542815,MAP_PMU,157,0.0002698952095563645
1,B_svc,2,0.3266634945797014,85,0.32660811448032484,MAP_PMU,157,5.53800993765563e-05
2,UPFC_Vsh,5-15,1.1041765664620276,85,1.103017122316905,MAP_PMU,157,0.00115944414512259
3,UPFC_tsh,5-15,-0.2235982217877617,85,-0.2234493237565558,MAP_PMU,157,0.0001488980312059074
4,UPFC_Vse,5-15,0.05931014164692639,85,0.05686545194196378,MAP_PMU,157,0.002444689704962609
5,UPFC_tse,5-15,-2.148324132260299,85,-2.1278941958816198,MAP_PMU,157,0.02042993637867907
0,x_tcsc,1-14,-0.14435812298894563,86,-0.14413183442542815,MAP_PMU,157,0.00022628856351747384
1,B_svc,2,0.32698233709766006,86,0.32660811448032484,MAP_PMU,157,0.0003742226173352181
2,UPFC_Vsh,5-15,1.104423537150983,86,1.103017122316905,MAP_PMU,157,0.0014064148340779958
3,UPFC_tsh,5-15,-0.22363328074431074,86,-0.2234493237565558,MAP_PMU,157,0.0001839569877549463
4,UPFC_Vse,5-15,0.059952851002658056,86,0.05686545194196378,MAP_PMU,157,0.0030873990606942736
5,UPFC_tse,5-15,-2.153617911196515,86,-2.1278941958816198,MAP_PMU,157,0.025723715314895035
0,x_tcsc,1-14,-0.14434336145564353,87,-0.14413183442542815,MAP_PMU,157,0.0002115270302153749
1,B_svc,2,0.32674269487695323,87,0.32660811448032484,MAP_PMU,157,0.00013458039662839205
2,UPFC_Vsh,5-15,1.1041027206730782,87,1.103017122316905,MAP_PMU,157,0.0010855983561732785
3,UPFC_tsh,5-15,-0.2235364913661528,87,-0.2234493237565558,MAP_PMU,157,8.716760959701086e-05
4,UPFC_Vse,5-15,0.059179170194280296,87,0.05686545194196378,MAP_PMU,157,0.0023137182523165142
5,UPFC_tse,5-15,-2.1380754479750186,87,-2.1278941958816198,MAP_PMU,157,0.010181252093398818
0,x_tcsc,1-14,-0.14433670589578323,88,-0.14413183442542815,MAP_PMU,157,0.00020487147035508357
1,B_svc,2,0.32651431930404967,88,0.32660811448032484,MAP_PMU,157,9.379517627516876e-05
2,UPFC_Vsh,5-15,1.1042946416362112,88,1.103017122316905,MAP_PMU,157,0.0012775193193061973
3,UPFC_tsh,5-15,-0.22356395858305345,88,-0.2234493237565558,MAP_PMU,157,0.00011463482649765044
4,UPFC_Vse,5-15,0.05928580608036358,88,0.05686545194196378,MAP_PMU,157,0.002420354138399798
5,UPFC_tse,5-15,-2.14684899575822,88,-2.1278941958816198,MAP_PMU,157,0.018954799876600426
0,x_tcsc,1-14,-0.14438262988987458,89,-0.14413183442542815,MAP_PMU,157,0.00025079546444642387
1,B_svc,2,0.32703145214733353,89,0.32660811448032484,MAP_PMU,157,0.00042333766700869413
2,UPFC_Vsh,5-15,1.1041075842264363,89,1.103017122316905,MAP_PMU,157,0.0010904619095313262
3,UPFC_tsh,5-15,-0.22355304984222815,89,-0.2234493237565558,MAP_PMU,157,0.00010372608567235653
4,UPFC_Vse,5-15,0.05943064763029655,89,0.05686545194196378,MAP_PMU,157,0.002565195688332765
5,UPFC_tse,5-15,-2.1439111260983204,89,-2.1278941958816198,MAP_PMU,157,0.016016930216700587
0,x_tcsc,1-14,-0.14429319378982644,90,-0.14413183442542815,MAP_PMU,157,0.00016135936439828913
1,B_svc,2,0.32673374154968027,90,0.32660811448032484,MAP_PMU,157,0.00012562706935542733
2,UPFC_Vsh,5-15,1.10444659977679,90,1.103017122316905,MAP_PMU,157,0.0014294774598850868
3,UPFC_tsh,5-15,-0.22346688583625487,90,-0.2234493237565558,MAP_PMU,157,1.7562079699079414e-05
4,UPFC_Vse,5-15,0.05925299512141671,90,0.05686545194196378,MAP_PMU,157,0.0023875431794529306
5,UPFC_tse,5-15,-2.1438840426339962,90,-2.1278941958816198,MAP_PMU,157,0.01598984675237647
0,x_tcsc,1-14,-0.14432293436268812,91,-0.14413183442542815,MAP_PMU,157,0.00019109993725996421
1,B_svc,2,0.32661750050073546,91,0.32660811448032484,MAP_PMU,157,9.386020410617757e-06
2,UPFC_Vsh,5-15,1.1043039485538981,91,1.103017122316905,MAP_PMU,157,0.001286826236993166
3,UPFC_tsh,5-15,-0.22352498576230284,91,-0.2234493237565558,MAP_PMU,157,7.566200574704585e-05
4,UPFC_Vse,5-15,0.05917232116601047,91,0.05686545194196378,MAP_PMU,157,0.002306869224046687
5,UPFC_tse,5-15,-2.1433596248425273,91,-2.1278941958816198,MAP_PMU,157,0.015465428960907524
0,x_tcsc,1-14,-0.14427317648779242,92,-0.14413183442542815,MAP_PMU,157,0.00014134206236426916
1,B_svc,2,0.32609604178419305,92,0.32660811448032484,MAP_PMU,157,0.0005120726961317934
2,UPFC_Vsh,5-15,1.1041666928507594,92,1.103017122316905,MAP_PMU,157,0.0011495705338544493
3,UPFC_tsh,5-15,-0.22354568939304476,92,-0.2234493237565558,MAP_PMU,157,9.63656364889598e-05
4,UPFC_Vse,5-15,0.05919075456175864,92,0.05686545194196378,MAP_PMU,157,0.0023253026197948556
5,UPFC_tse,5-15,-2.142208745764341,92,-2.1278941958816198,MAP_PMU,157,0.014314549882721295
0,x_tcsc,1-14,-0.14436278190380017,93,-0.14413183442542815,MAP_PMU,157,0.0002309474783720178
1,B_svc,2,0.32697248619357844,93,0.32660811448032484,MAP_PMU,157,0.0003643717132535973
2,UPFC_Vsh,5-15,1.1043881825953161,93,1.103017122316905,MAP_PMU,157,0.0013710602784111625
3,UPFC_tsh,5-15,-0.22356807496181896,93,-0.2234493237565558,MAP_PMU,157,0.00011875120526316785
4,UPFC_Vse,5-15,0.059379688701001,93,0.05686545194196378,MAP_PMU,157,0.002514236759037218
5,UPFC_tse,5-15,-2.153214815332966,93,-2.1278941958816198,MAP_PMU,157,0.02532061945134645
0,x_tcsc,1-14,-0.14430989433203345,94,-0.14413183442542815,MAP_PMU,157,0.00017805990660529902
1,B_svc,2,0.3269842561767979,94,0.32660811448032484,MAP_PMU,157,0.0003761416964730424
2,UPFC_Vsh,5-15,1.1047025952462537,94,1.103017122316905,MAP_PMU,157,0.0016854729293487303
3,UPFC_tsh,5-15,-0.22344118730296617,94,-0.2234493237565558,MAP_PMU,157,8.13645358963e-06
4,UPFC_Vse,5-15,0.058769012315154016,94,0.05686545194196378,MAP_PMU,157,0.0019035603731902342
5,UPFC_tse,5-15,-2.147355358822707,94,-2.1278941958816198,MAP_PMU,157,0.019461162941087018
0,x_tcsc,1-14,-0.1443097274828988,95,-0.14413183442542815,MAP_PMU,157,0.00017789305747065165
1,B_svc,2,0.32702340204106894,95,0.32660811448032484,MAP_PMU,157,0.0004152875607441042
2,UPFC_Vsh,5-15,1.104095069516626,95,1.103017122316905,MAP_PMU,157,0.0010779471997210965
3,UPFC_tsh,5-15,-0.2235806070635602,95,-0.2234493237565558,MAP_PMU,157,0.00013128330700440394
4,UPFC_Vse,5-15,0.059432305169561814,95,0.05686545194196378,MAP_PMU,157,0.0025668532275980316
5,UPFC_tse,5-15,-2.15739425764762,95,-2.1278941958816198,MAP_PMU,157,0.029500061766000396
0,x_tcsc,1-14,-0.14435780121395828,96,-0.14413183442542815,MAP_PMU,157,0.0002259667885301242
1,B_svc,2,0.3262138162137171,96,0.32660811448032484,MAP_PMU,157,0.000394298266607751
2,UPFC_Vsh,5-15,1.1045014342626507,96,1.103017122316905,MAP_PMU,157,0.00148431194574572
3,UPFC_tsh,5-15,-0.2234641584165517,96,-0.2234493237565558,MAP_PMU,157,1.4834659995910382e-05
4,UPFC_Vse,5-15,0.0587243115284659,96,0.05686545194196378,MAP_PMU,157,0.0018588595865021151
5,UPFC_tse,5-15,-2.142069862265583,96,-2.1278941958816198,MAP_PMU,157,0.014175666383963392
0,x_tcsc,1-14,-0.1442729256955555,97,-0.14413183442542815,MAP_PMU,157,0.000141091270127347
1,B_svc,2,0.32601798165689805,97,0.32660811448032484,MAP_PMU,157,0.0005901328234267922
2,UPFC_Vsh,5-15,1.104340036026314,97,1.103017122316905,MAP_PMU,157,0.0013229137094090682
3,UPFC_tsh,5-15,-0.22353025947440835,97,-0.2234493237565558,MAP_PMU,157,8.093571785255937e-05
4,UPFC_Vse,5-15,0.059298926563453785,97,0.05686545194196378,MAP_PMU,157,0.0024334746214900033
5,UPFC_tse,5-15,-2.147190233258491,97,-2.1278941958816198,MAP_PMU,157,0.019296037376871134
0,x_tcsc,1-14,-0.14436771775130225,98,-0.14413183442542815,MAP_PMU,157,0.00023588332587409777
1,B_svc,2,0.3263712653891383,98,0.32660811448032484,MAP_PMU,157,0.00023684909118654174
2,UPFC_Vsh,5-15,1.1047192607540444,98,1.103017122316905,MAP_PMU,157,0.0017021384371394
3,UPFC_tsh,5-15,-0.22349504232971262,98,-0.2234493237565558,MAP_PMU,157,4.57185731568277e-05
4,UPFC_Vse,5-15,0.05942741477352871,98,0.05686545194196378,MAP_PMU,157,0.002561962831564929
5,UPFC_tse,5-15,-2.1369041245725393,98,-2.1278941958816198,MAP_PMU,157,0.009009928690919544
0,x_tcsc,1-14,-0.14429837313371116,99,-0.14413183442542815,MAP_PMU,157,0.00016653870828300943
1,B_svc,2,0.32619652816017686,99,0.32660811448032484,MAP_PMU,157,0.000411586320147983
2,UPFC_Vsh,5-15,1.104883531392966,99,1.103017122316905,MAP_PMU,157,0.0018664090760609486
3,UPFC_tsh,5-15,-0.2234980376750549,99,-0.2234493237565558,MAP_PMU,157,4.871391849911588e-05
4,UPFC_Vse,5-15,0.059003617733832434,99,0.05686545194196378,MAP_PMU,157,0.0021381657918686514
5,UPFC_tse,5-15,-2.1477801623477832,99,-2.1278941958816198,MAP_PMU,157,0.019885966466163474
0,x_tcsc,1-14,-0.14199018104788463,0,-0.14191979616827272,MAP_PMU,159,7.038487961191775e-05
1,B_svc,2,0.3126025076459877,0,0.31257628507214474,MAP_PMU,159,2.6222573842937802e-05
2,UPFC_Vsh,5-15,1.1044469194810955,0,1.1030683456881902,MAP_PMU,159,0.001378573792905291
3,UPFC_tsh,5-15,-0.2249318326158656,0,-0.22486483916471098,MAP_PMU,159,6.699345115462885e-05
4,UPFC_Vse,5-15,0.05940521242644487,0,0.05765285394190859,MAP_PMU,159,0.0017523584845362816
5,UPFC_tse,5-15,-2.1445174568917444,0,-2.139987991865396,MAP_PMU,159,0.004529465026348323
0,x_tcsc,1-14,-0.14194883958191584,1,-0.14191979616827272,MAP_PMU,159,2.9043413643126126e-05
1,B_svc,2,0.31248071258028687,1,0.31257628507214474,MAP_PMU,159,9.557249185787597e-05
2,UPFC_Vsh,5-15,1.1040841793009315,1,1.1030683456881902,MAP_PMU,159,0.0010158336127412682
3,UPFC_tsh,5-15,-0.2249677248994417,1,-0.22486483916471098,MAP_PMU,159,0.00010288573473071772
4,UPFC_Vse,5-15,0.05912058698101765,1,0.05765285394190859,MAP_PMU,159,0.001467733039109062
5,UPFC_tse,5-15,-2.1581586372117063,1,-2.139987991865396,MAP_PMU,159,0.018170645346310188
0,x_tcsc,1-14,-0.1419743177471897,2,-0.14191979616827272,MAP_PMU,159,5.4521578916971736e-05
1,B_svc,2,0.31283767246859706,2,0.31257628507214474,MAP_PMU,159,0.00026138739645231723
2,UPFC_Vsh,5-15,1.1045884775544812,2,1.1030683456881902,MAP_PMU,159,0.0015201318662909635
3,UPFC_tsh,5-15,-0.22489071541616618,2,-0.22486483916471098,MAP_PMU,159,2.5876251455198007e-05
4,UPFC_Vse,5-15,0.05967062078710876,2,0.05765285394190859,MAP_PMU,159,0.002017766845200171
5,UPFC_tse,5-15,-2.1504104896603167,2,-2.139987991865396,MAP_PMU,159,0.010422497794920549
0,x_tcsc,1-14,-0.14203606920030584,3,-0.14191979616827272,MAP_PMU,159,0.00011627303203312622
1,B_svc,2,0.3124377799307089,3,0.31257628507214474,MAP_PMU,159,0.0001385051414358185
2,UPFC_Vsh,5-15,1.104439505342847,3,1.1030683456881902,MAP_PMU,159,0.0013711596546568394
3,UPFC_tsh,5-15,-0.22491110648628176,3,-0.22486483916471098,MAP_PMU,159,4.62673215707865e-05
4,UPFC_Vse,5-15,0.05980057822150013,3,0.05765285394190859,MAP_PMU,159,0.002147724279591541
5,UPFC_tse,5-15,-2.141070594478943,3,-2.139987991865396,MAP_PMU,159,0.001082602613546868
0,x_tcsc,1-14,-0.14194501580648974,4,-0.14191979616827272,MAP_PMU,159,2.5219638217027773e-05
1,B_svc,2,0.31235248442003577,4,0.31257628507214474,MAP_PMU,159,0.00022380065210897415
2,UPFC_Vsh,5-15,1.1042843163930245,4,1.1030683456881902,MAP_PMU,159,0.0012159707048342572
3,UPFC_tsh,5-15,-0.22489233902789352,4,-0.22486483916471098,MAP_PMU,159,2.7499863182539608e-05
4,UPFC_Vse,5-15,0.05944562926379601,4,0.05765285394190859,MAP_PMU,159,0.0017927753218874229
5,UPFC_tse,5-15,-2.1491436967311945,4,-2.139987991865396,MAP_PMU,159,0.00915570486579842
0,x_tcsc,1-14,-0.14200003454040766,5,-0.14191979616827272,MAP_PMU,159,8.023837213494422e-05
1,B_svc,2,0.3128253868331553,5,0.31257628507214474,MAP_PMU,159,0.0002491017610105617
2,UPFC_Vsh,5-15,1.1041507604173397,5,1.1030683456881902,MAP_PMU,159,0.0010824147291494945
3,UPFC_tsh,5-15,-0.2249172079704573,5,-0.22486483916471098,MAP_PMU,159,5.236880574632785e-05
4,UPFC_Vse,5-15,0.05987503077378332,5,0.05765285394190859,MAP_PMU,159,0.002222176831874728
5,UPFC_tse,5-15,-2.1416725613568013,5,-2.139987991865396,MAP_PMU,159,0.0016845694914051634
0,x_tcsc,1-14,-0.14196830169305064,6,-0.14191979616827272,MAP_PMU,159,4.8505524777919806e-05
1,B_svc,2,0.31236449803195643,6,0.31257628507214474,MAP_PMU,159,0.00021178704018831596
2,UPFC_Vsh,5-15,1.104703644366999,6,1.1030683456881902,MAP_PMU,159,0.0016352986788088497
3,UPFC_tsh,5-15,-0.22481949008905236,6,-0.22486483916471098,MAP_PMU,159,4.534907565861834e-05
4,UPFC_Vse,5-15,0.0595514007077803,6,0.05765285394190859,MAP_PMU,159,0.0018985467658717073
5,UPFC_tse,5-15,-2.1598628220187783,6,-2.139987991865396,MAP_PMU,159,0.019874830153382206
0,x_tcsc,1-14,-0.14200037066496635,7,-0.14191979616827272,MAP_PMU,159,8.057449669363059e-05
1,B_svc,2,0.3125426928239148,7,0.31257628507214474,MAP_PMU,159,3.359224822996332e-05
2,UPFC_Vsh,5-15,1.1043535581297244,7,1.1030683456881902,MAP_PMU,159,0.0012852124415341226
3,UPFC_tsh,5-15,-0.22493689256902383,7,-0.22486483916471098,MAP_PMU,159,7.205340431284957e-05
4,UPFC_Vse,5-15,0.05973970188281561,7,0.05765285394190859,MAP_PMU,159,0.0020868479409070217
5,UPFC_tse,5-15,-2.1545787474320766,7,-2.139987991865396,MAP_PMU,159,0.014590755566680436
0,x_tcsc,1-14,-0.14198883521346461,8,-0.14191979616827272,MAP_PMU,159,6.903904519189874e-05
1,B_svc,2,0.31286014339375573,8,0.31257628507214474,MAP_PMU,159,0.0002838583216109858
2,UPFC_Vsh,5-15,1.1043023945311377,8,1.1030683456881902,MAP_PMU,159,0.0012340488429474217
3,UPFC_tsh,5-15,-0.2249385683151025,8,-0.22486483916471098,MAP_PMU,159,7.372915039152717e-05
4,UPFC_Vse,5-15,0.059702083188634035,8,0.05765285394190859,MAP_PMU,159,0.0020492292467254453
5,UPFC_tse,5-15,-2.1587837569590578,8,-2.139987991865396,MAP_PMU,159,0.018795765093661654
0,x_tcsc,1-14,-0.14200281316685184,9,-0.14191979616827272,MAP_PMU,159,8.301699857912737e-05
1,B_svc,2,0.31238373101021244,9,0.31257628507214474,MAP_PMU,159,0.00019255406193230407
2,UPFC_Vsh,5-15,1.104169972827236,9,1.1030683456881902,MAP_PMU,159,0.0011016271390458243
3,UPFC_tsh,5-15,-0.2249392152843058,9,-0.22486483916471098,MAP_PMU,159,7.437611959482116e-05
4,UPFC_Vse,5-15,0.05977292952600838,9,0.05765285394190859,MAP_PMU,159,0.0021200755840997884
5,UPFC_tse,5-15,-2.1544157766237433,9,-2.139987991865396,MAP_PMU,159,0.014427784758347162
0,x_tcsc,1-14,-0.141936469106418,10,-0.14191979616827272,MAP_PMU,159,1.6672938145279037e-05
1,B_svc,2,0.31282690529497803,10,0.31257628507214474,MAP_PMU,159,0.00025062022283328655
2,UPFC_Vsh,5-15,1.1046237187434158,10,1.1030683456881902,MAP_PMU,159,0.001555373055225573
3,UPFC_tsh,5-15,-0.22492383654577464,10,-0.22486483916471098,MAP_PMU,159,5.899738106365793e-05
4,UPFC_Vse,5-15,0.059728500259432486,10,0.05765285394190859,MAP_PMU,159,0.0020756463175238965
5,UPFC_tse,5-15,-2.1635629550336386,10,-2.139987991865396,MAP_PMU,159,0.02357496316824248
0,x_tcsc,1-14,-0.1419720415159788,11,-0.14191979616827272,MAP_PMU,159,5.224534770609246e-05
1,B_svc,2,0.3124030055715475,11,0.31257628507214474,MAP_PMU,159,0.0001732795005972565
2,UPFC_Vsh,5-15,1.1044072649368897,11,1.1030683456881902,MAP_PMU,159,0.001338919248699444
3,UPFC_tsh,5-15,-0.224897272319354,11,-0.22486483916471098,MAP_PMU,159,3.243315464301899e-05
4,UPFC_Vse,5-15,0.059597006516230074,11,0.05765285394190859,MAP_PMU,159,0.0019441525743214838
5,UPFC_tse,5-15,-2.1549273565921903,11,-2.139987991865396,MAP_PMU,159,0.014939364726794135
0,x_tcsc,1-14,-0.14195065298507695,12,-0.14191979616827272,MAP_PMU,159,3.0856816804231135e-05
1,B_svc,2,0.31307837928707677,12,0.31257628507214474,MAP_PMU,159,0.0005020942149320251
2,UPFC_Vsh,5-15,1.1043189699459621,12,1.1030683456881902,MAP_PMU,159,0.001250624257771893
3,UPFC_tsh,5-15,-0.2248807661269566,12,-0.22486483916471098,MAP_PMU,159,1.592696224561596e-05
4,UPFC_Vse,5-15,0.05879886839549862,12,0.05765285394190859,MAP_PMU,159,0.0011460144535900274
5,UPFC_tse,5-15,-2.152176793987765,12,-2.139987991865396,MAP_PMU,159,0.012188802122369058
0,x_tcsc,1-14,-0.1420280120703872,13,-0.14191979616827272,MAP_PMU,159,0.00010821590211448906
1,B_svc,2,0.31318898834568876,13,0.31257628507214474,MAP_PMU,159,0.000612703273544013
2,UPFC_Vsh,5-15,1.1042898782685162,13,1.1030683456881902,MAP_PMU,159,0.0012215325803259791
3,UPFC_tsh,5-15,-0.22498739580509688,13,-0.22486483916471098,MAP_PMU,159,0.00012255664038590686
4,UPFC_Vse,5-15,0.05936694295744092,13,0.05765285394190859,MAP_PMU,159,0.0017140890155323274
5,UPFC_tse,5-15,-2.152394617211363,13,-2.139987991865396,MAP_PMU,159,0.012406625345966926
0,x_tcsc,1-14,-0.14198112570257237,14,-0.14191979616827272,MAP_PMU,159,6.132953429965893e-05
1,B_svc,2,0.31230833961565285,14,0.31257628507214474,MAP_PMU,159,0.0002679454564918915
2,UPFC_Vsh,5-15,1.104186342523421,14,1.1030683456881902,MAP_PMU,159,0.001117996835230839
3,UPFC_tsh,5-15,-0.2248886807655761,14,-0.22486483916471098,MAP_PMU,159,2.3841600865132095e-05
4,UPFC_Vse,5-15,0.059821389090985076,14,0.05765285394190859,MAP_PMU,159,0.0021685351490764865
5,UPFC_tse,5-15,-2.156516454192803,14,-2.139987991865396,MAP_PMU,159,0.01652846232740668
0,x_tcsc,1-14,-0.14196229181275055,15,-0.14191979616827272,MAP_PMU,159,4.2495644477835715e-05
1,B_svc,2,0.31243434111322627,15,0.31257628507214474,MAP_PMU,159,0.00014194395891847789
2,UPFC_Vsh,5-15,1.1042691930366317,15,1.1030683456881902,MAP_PMU,159,0.0012008473484415028
3,UPFC_tsh,5-15,-0.22483274480103205,15,-0.22486483916471098,MAP_PMU,159,3.209436367893059e-05
4,UPFC_Vse,5-15,0.05960929222015055,15,0.05765285394190859,MAP_PMU,159,0.001956438278241962
5,UPFC_tse,5-15,-2.1473605472547237,15,-2.139987991865396,MAP_PMU,159,0.007372555389327573
0,x_tcsc,1-14,-0.14202174029382794,16,-0.14191979616827272,MAP_PMU,159,0.00010194412555522558
1,B_svc,2,0.31294826667707215,16,0.31257628507214474,MAP_PMU,159,0.00037198160492740717
2,UPFC_Vsh,5-15,1.1045346569257812,16,1.1030683456881902,MAP_PMU,159,0.0014663112375910003
3,UPFC_tsh,5-15,-0.2248797221052357,16,-0.22486483916471098,MAP_PMU,159,1.4882940524735266e-05
4,UPFC_Vse,5-15,0.059250226163964505,16,0.05765285394190859,MAP_PMU,159,0.001597372222055915
5,UPFC_tse,5-15,-2.144748419995925,16,-2.139987991865396,MAP_PMU,159,0.004760428130528904
0,x_tcsc,1-14,-0.1419182409889354,17,-0.14191979616827272,MAP_PMU,159,1.5551793373091982e-06
1,B_svc,2,0.3129328693262176,17,0.31257628507214474,MAP_PMU,159,0.000356584254072867
2,UPFC_Vsh,5-15,1.1044345140030665,17,1.1030683456881902,MAP_PMU,159,0.0013661683148762371
3,UPFC_tsh,5-15,-0.2248514856101789,17,-0.22486483916471098,MAP_PMU,159,1.3353554532080647e-05
4,UPFC_Vse,5-15,0.05944233706559194,17,0.05765285394190859,MAP_PMU,159,0.0017894831236833497
5,UPFC_tse,5-15,-2.1474569875214007,17,-2.139987991865396,MAP_PMU,159,0.007468995656004562
0,x_tcsc,1-14,-0.14197891410286567,18,-0.14191979616827272,MAP_PMU,159,5.9117934592956e-05
1,B_svc,2,0.312892250834768,18,0.31257628507214474,MAP_PMU,159,0.0003159657626232715
2,UPFC_Vsh,5-15,1.1047103319276734,18,1.1030683456881902,MAP_PMU,159,0.0016419862394831952
3,UPFC_tsh,5-15,-0.2248633402689031,18,-0.22486483916471098,MAP_PMU,159,1.498895807888756e-06
4,UPFC_Vse,5-15,0.05971590233218356,18,0.05765285394190859,MAP_PMU,159,0.00206304839027497
5,UPFC_tse,5-15,-2.1401839399295106,18,-2.139987991865396,MAP_PMU,159,0.00019594806411449284
0,x_tcsc,1-14,-0.14196877522201035,19,-0.14191979616827272,MAP_PMU,159,4.897905373763001e-05
1,B_svc,2,0.31274035831284985,19,0.31257628507214474,MAP_PMU,159,0.0001640732407051093
2,UPFC_Vsh,5-15,1.1043442819360305,19,1.1030683456881902,MAP_PMU,159,0.0012759362478402814
3,UPFC_tsh,5-15,-0.22497489905813572,19,-0.22486483916471098,MAP_PMU,159,0.00011005989342474654
4,UPFC_Vse,5-15,0.05963164356991042,19,0.05765285394190859,MAP_PMU,159,0.0019787896280018327
5,UPFC_tse,5-15,-2.162386966827702,19,-2.139987991865396,MAP_PMU,159,0.022398974962305918
0,x_tcsc,1-14,-0.14197971669845968,20,-0.14191979616827272,MAP_PMU,159,5.9920530186968746e-05
1,B_svc,2,0.3129042908159712,20,0.31257628507214474,MAP_PMU,159,0.00032800574382646497
2,UPFC_Vsh,5-15,1.1045301162463677,20,1.1030683456881902,MAP_PMU,159,0.001461770558177422
3,UPFC_tsh,5-15,-0.22481623353595145,20,-0.22486483916471098,MAP_PMU,159,4.860562875952379e-05
4,UPFC_Vse,5-15,0.05940889220325178,20,0.05765285394190859,MAP_PMU,159,0.0017560382613431916
5,UPFC_tse,5-15,-2.1398142178816872,20,-2.139987991865396,MAP_PMU,159,0.0001737739837088803
0,x_tcsc,1-14,-0.14200784049231158,21,-0.14191979616827272,MAP_PMU,159,8.804432403886064e-05
1,B_svc,2,0.31271893684498947,21,0.31257628507214474,MAP_PMU,159,0.0001426517728447263
2,UPFC_Vsh,5-15,1.1044652920664222,21,1.1030683456881902,MAP_PMU,159,0.0013969463782319558
3,UPFC_tsh,5-15,-0.22488800521745067,21,-0.22486483916471098,MAP_PMU,159,2.3166052739692633e-05
4,UPFC_Vse,5-15,0.05967824845790806,21,0.05765285394190859,MAP_PMU,159,0.002025394515999472
5,UPFC_tse,5-15,-2.147722321896105,21,-2.139987991865396,MAP_PMU,159,0.007734330030708669
0,x_tcsc,1-14,-0.1419955890559255,22,-0.14191979616827272,MAP_PMU,159,7.579288765277581e-05
1,B_svc,2,0.31309282880605294,22,0.31257628507214474,MAP_PMU,159,0.0005165437339081924
2,UPFC_Vsh,5-15,1.1039251544733553,22,1.1030683456881902,MAP_PMU,159,0.0008568087851650308
3,UPFC_tsh,5-15,-0.22493770401178145,22,-0.22486483916471098,MAP_PMU,159,7.286484707047514e-05
4,UPFC_Vse,5-15,0.059668077446616535,22,0.05765285394190859,MAP_PMU,159,0.0020152235047079456
5,UPFC_tse,5-15,-2.1585519893644705,22,-2.139987991865396,MAP_PMU,159,0.018563997499074336
0,x_tcsc,1-14,-0.1419531291574829,23,-0.14191979616827272,MAP_PMU,159,3.333298921018302e-05
1,B_svc,2,0.31284712976010054,23,0.31257628507214474,MAP_PMU,159,0.00027084468795579575
2,UPFC_Vsh,5-15,1.1041610521325316,23,1.1030683456881902,MAP_PMU,159,0.0010927064443413403
3,UPFC_tsh,5-15,-0.22486032975457396,23,-0.22486483916471098,MAP_PMU,159,4.50941013702133e-06
4,UPFC_Vse,5-15,0.059551520907713325,23,0.05765285394190859,MAP_PMU,159,0.001898666965804735
5,UPFC_tse,5-15,-2.1488533565132397,23,-2.139987991865396,MAP_PMU,159,0.008865364647843599
0,x_tcsc,1-14,-0.14196758657638206,24,-0.14191979616827272,MAP_PMU,159,4.7790408109343874e-05
1,B_svc,2,0.31287125247997744,24,0.31257628507214474,MAP_PMU,159,0.0002949674078326914
2,UPFC_Vsh,5-15,1.1043674343587453,24,1.1030683456881902,MAP_PMU,159,0.0012990886705550597
3,UPFC_tsh,5-15,-0.2248792817100363,24,-0.22486483916471098,MAP_PMU,159,1.444254532531608e-05
4,UPFC_Vse,5-15,0.059768047423791146,24,0.05765285394190859,MAP_PMU,159,0.002115193481882556
5,UPFC_tse,5-15,-2.1493683760630296,24,-2.139987991865396,MAP_PMU,159,0.009380384197633429
0,x_tcsc,1-14,-0.1420095872917003,25,-0.14191979616827272,MAP_PMU,159,8.979112342757944e-05
1,B_svc,2,0.31202933191480603,25,0.31257628507214474,MAP_PMU,159,0.0005469531573387143
2,UPFC_Vsh,5-15,1.1044563170969581,25,1.1030683456881902,MAP_PMU,159,0.0013879714087678963
3,UPFC_tsh,5-15,-0.22491985490875643,25,-0.22486483916471098,MAP_PMU,159,5.501574404545573e-05
4,UPFC_Vse,5-15,0.05943614685668349,25,0.05765285394190859,MAP_PMU,159,0.0017832929147749005
5,UPFC_tse,5-15,-2.161478104330481,25,-2.139987991865396,MAP_PMU,159,0.02149011246508481
0,x_tcsc,1-14,-0.14197384919299322,26,-0.14191979616827272,MAP_PMU,159,5.4053024720501774e-05
1,B_svc,2,0.31270728473175624,26,0.31257628507214474,MAP_PMU,159,0.00013099965961149707
2,UPFC_Vsh,5-15,1.104504814596001,26,1.1030683456881902,MAP_PMU,159,0.001436468907810795
3,UPFC_tsh,5-15,-0.22492991117890293,26,-0.22486483916471098,MAP_PMU,159,6.507201419195252e-05
4,UPFC_Vse,5-15,0.05950879643578053,26,0.05765285394190859,MAP_PMU,159,0.0018559424938719427
5,UPFC_tse,5-15,-2.1531599010877205,26,-2.139987991865396,MAP_PMU,159,0.013171909222324363
0,x_tcsc,1-14,-0.14201028682360695,27,-0.14191979616827272,MAP_PMU,159,9.049065533422995e-05
1,B_svc,2,0.3129640856786825,27,0.31257628507214474,MAP_PMU,159,0.00038780060653775816
2,UPFC_Vsh,5-15,1.1043269377793603,27,1.1030683456881902,MAP_PMU,159,0.0012585920911700743
3,UPFC_tsh,5-15,-0.2249462114406451,27,-0.22486483916471098,MAP_PMU,159,8.137227593413288e-05
4,UPFC_Vse,5-15,0.05953392551982507,27,0.05765285394190859,MAP_PMU,159,0.0018810715779164836
5,UPFC_tse,5-15,-2.152808694529215,27,-2.139987991865396,MAP_PMU,159,0.01282070266381874
0,x_tcsc,1-14,-0.1420033298162398,28,-0.14191979616827272,MAP_PMU,159,8.35336479670934e-05
1,B_svc,2,0.31290983710149933,28,0.31257628507214474,MAP_PMU,159,0.00033355202935458905
2,UPFC_Vsh,5-15,1.1040225500076202,28,1.1030683456881902,MAP_PMU,159,0.000954204319429941
3,UPFC_tsh,5-15,-0.2249195667922042,28,-0.22486483916471098,MAP_PMU,159,5.472762749322846e-05
4,UPFC_Vse,5-15,0.05990817473704985,28,0.05765285394190859,MAP_PMU,159,0.0022553207951412635
5,UPFC_tse,5-15,-2.1475067834061314,28,-2.139987991865396,MAP_PMU,159,0.0075187915407353145
0,x_tcsc,1-14,-0.1419802608759938,29,-0.14191979616827272,MAP_PMU,159,6.046470772108625e-05
1,B_svc,2,0.3128973785527224,29,0.31257628507214474,MAP_PMU,159,0.0003210934805776833
2,UPFC_Vsh,5-15,1.104076517815484,29,1.1030683456881902,MAP_PMU,159,0.0010081721272938715
3,UPFC_tsh,5-15,-0.22492821102015276,29,-0.22486483916471098,MAP_PMU,159,6.337185544177948e-05
4,UPFC_Vse,5-15,0.05970763144846763,29,0.05765285394190859,MAP_PMU,159,0.0020547775065590385
5,UPFC_tse,5-15,-2.156020038941209,29,-2.139987991865396,MAP_PMU,159,0.016032047075813072
0,x_tcsc,1-14,-0.1419870033585564,30,-0.14191979616827272,MAP_PMU,159,6.720719028369126e-05
1,B_svc,2,0.3128714900483744,30,0.31257628507214474,MAP_PMU,159,0.00029520497622964603
2,UPFC_Vsh,5-15,1.1045069267437246,30,1.1030683456881902,MAP_PMU,159,0.0014385810555344047
3,UPFC_tsh,5-15,-0.2249018782475508,30,-0.22486483916471098,MAP_PMU,159,3.7039082839834814e-05
4,UPFC_Vse,5-15,0.059423502322369016,30,0.05765285394190859,MAP_PMU,159,0.0017706483804604267
5,UPFC_tse,5-15,-2.1489323393129425,30,-2.139987991865396,MAP_PMU,159,0.008944347447546352
0,x_tcsc,1-14,-0.14195829687741254,31,-0.14191979616827272,MAP_PMU,159,3.850070913982706e-05
1,B_svc,2,0.3125748929333329,31,0.31257628507214474,MAP_PMU,159,1.3921388118398603e-06
2,UPFC_Vsh,5-15,1.104491194950664,31,1.1030683456881902,MAP_PMU,159,0.0014228492624737132
3,UPFC_tsh,5-15,-0.22489913263513273,31,-0.22486483916471098,MAP_PMU,159,3.429347042174791e-05
4,UPFC_Vse,5-15,0.059675319503010436,31,0.05765285394190859,MAP_PMU,159,0.0020224655611018466
5,UPFC_tse,5-15,-2.147775520943844,31,-2.139987991865396,MAP_PMU,159,0.007787529078447708
0,x_tcsc,1-14,-0.14202299965971646,32,-0.14191979616827272,MAP_PMU,159,0.00010320349144374297
1,B_svc,2,0.3123427983317909,32,0.31257628507214474,MAP_PMU,159,0.00023348674035383876
2,UPFC_Vsh,5-15,1.1045722946402228,32,1.1030683456881902,MAP_PMU,159,0.001503948952032541
3,UPFC_tsh,5-15,-0.2249371482606806,32,-0.22486483916471098,MAP_PMU,159,7.230909596961377e-05
4,UPFC_Vse,5-15,0.05978262351395931,32,0.05765285394190859,MAP_PMU,159,0.002129769572050723
5,UPFC_tse,5-15,-2.1583747925266272,32,-2.139987991865396,MAP_PMU,159,0.018386800661231106
0,x_tcsc,1-14,-0.14194845089303781,33,-0.14191979616827272,MAP_PMU,159,2.8654724765098116e-05
1,B_svc,2,0.312475482949388,33,0.31257628507214474,MAP_PMU,159,0.00010080212275676015
2,UPFC_Vsh,5-15,1.1044876782317934,33,1.1030683456881902,MAP_PMU,159,0.0014193325436031579
3,UPFC_tsh,5-15,-0.22487379587805528,33,-0.22486483916471098,MAP_PMU,159,8.956713344304701e-06
4,UPFC_Vse,5-15,0.059131519311432776,33,0.05765285394190859,MAP_PMU,159,0.001478665369524186
5,UPFC_tse,5-15,-2.145416723312714,33,-2.139987991865396,MAP_PMU,159,0.005428731447318036
0,x_tcsc,1-14,-0.141966771444904,34,-0.14191979616827272,MAP_PMU,159,4.6975276631278096e-05
1,B_svc,2,0.3130418811262432,34,0.31257628507214474,MAP_PMU,159,0.0004655960540984605
2,UPFC_Vsh,5-15,1.1041152961878427,34,1.1030683456881902,MAP_PMU,159,0.0010469504996524215
3,UPFC_tsh,5-15,-0.22490879352097337,34,-0.22486483916471098,MAP_PMU,159,4.395435626239341e-05
4,UPFC_Vse,5-15,0.05939805063957263,34,0.05765285394190859,MAP_PMU,159,0.001745196697664042
5,UPFC_tse,5-15,-2.1527875906944542,34,-2.139987991865396,MAP_PMU,159,0.012799598829058123
0,x_tcsc,1-14,-0.1420328165817609,35,-0.14191979616827272,MAP_PMU,159,0.0001130204134881796
1,B_svc,2,0.3126006334433522,35,0.31257628507214474,MAP_PMU,159,2.4348371207461028e-05
2,UPFC_Vsh,5-15,1.1042600457101166,35,1.1030683456881902,MAP_PMU,159,0.0011917000219263674
3,UPFC_tsh,5-15,-0.22494309405382132,35,-0.22486483916471098,MAP_PMU,159,7.825488911034073e-05
4,UPFC_Vse,5-15,0.059495889801696775,35,0.05765285394190859,MAP_PMU,159,0.001843035859788185
5,UPFC_tse,5-15,-2.1583266985320613,35,-2.139987991865396,MAP_PMU,159,0.01833870666666515
0,x_tcsc,1-14,-0.14196389628855047,36,-0.14191979616827272,MAP_PMU,159,4.410012027775134e-05
1,B_svc,2,0.31280532552970225,36,0.31257628507214474,MAP_PMU,159,0.00022904045755750557
2,UPFC_Vsh,5-15,1.1045580034688387,36,1.1030683456881902,MAP_PMU,159,0.0014896577806484679
3,UPFC_tsh,5-15,-0.22485287841857135,36,-0.22486483916471098,MAP_PMU,159,1.196074613962761e-05
4,UPFC_Vse,5-15,0.05898734113876784,36,0.05765285394190859,MAP_PMU,159,0.0013344871968592534
5,UPFC_tse,5-15,-2.1420842011700523,36,-2.139987991865396,MAP_PMU,159,0.002096209304656149
0,x_tcsc,1-14,-0.14201555925762385,37,-0.14191979616827272,MAP_PMU,159,9.576308935113631e-05
1,B_svc,2,0.3124264552152531,37,0.31257628507214474,MAP_PMU,159,0.00014982985689165895
2,UPFC_Vsh,5-15,1.1045740596969844,37,1.1030683456881902,MAP_PMU,159,0.001505714008794179
3,UPFC_tsh,5-15,-0.22484997737881038,37,-0.22486483916471098,MAP_PMU,159,1.48617859005995e-05
4,UPFC_Vse,5-15,0.059549723195407064,37,0.05765285394190859,MAP_PMU,159,0.0018968692534984746
5,UPFC_tse,5-15,-2.1413466222325583,37,-2.139987991865396,MAP_PMU,159,0.0013586303671622169
0,x_tcsc,1-14,-0.1420041696028695,38,-0.14191979616827272,MAP_PMU,159,8.437343459677393e-05
1,B_svc,2,0.31255162868714575,38,0.31257628507214474,MAP_PMU,159,2.4656384998988923e-05
2,UPFC_Vsh,5-15,1.1043668332645205,38,1.1030683456881902,MAP_PMU,159,0.0012984875763302206
3,UPFC_tsh,5-15,-0.2249645978267247,38,-0.22486483916471098,MAP_PMU,159,9.975866201372696e-05
4,UPFC_Vse,5-15,0.05968788375949266,38,0.05765285394190859,MAP_PMU,159,0.0020350298175840706
5,UPFC_tse,5-15,-2.14792130685882,38,-2.139987991865396,MAP_PMU,159,0.007933314993423757
0,x_tcsc,1-14,-0.14195041043967274,39,-0.14191979616827272,MAP_PMU,159,3.0614271400025705e-05
1,B_svc,2,0.31221091691740843,39,0.31257628507214474,MAP_PMU,159,0.0003653681547363119
2,UPFC_Vsh,5-15,1.1044398190314193,39,1.1030683456881902,MAP_PMU,159,0.0013714733432290682
3,UPFC_tsh,5-15,-0.2249552865769066,39,-0.22486483916471098,MAP_PMU,159,9.044741219563224e-05
4,UPFC_Vse,5-15,0.05955374373048872,39,0.05765285394190859,MAP_PMU,159,0.0019008897885801276
5,UPFC_tse,5-15,-2.1586212774426663,39,-2.139987991865396,MAP_PMU,159,0.018633285577270176
0,x_tcsc,1-14,-0.14199297954883566,40,-0.14191979616827272,MAP_PMU,159,7.318338056294671e-05
1,B_svc,2,0.31265443479999305,40,0.31257628507214474,MAP_PMU,159,7.814972784830898e-05
2,UPFC_Vsh,5-15,1.1044517260244946,40,1.1030683456881902,MAP_PMU,159,0.0013833803363043629
3,UPFC_tsh,5-15,-0.22483501870256262,40,-0.22486483916471098,MAP_PMU,159,2.9820462148361093e-05
4,UPFC_Vse,5-15,0.05961730906101467,40,0.05765285394190859,MAP_PMU,159,0.001964455119106083
5,UPFC_tse,5-15,-2.14569174559368,40,-2.139987991865396,MAP_PMU,159,0.0057037537282838
0,x_tcsc,1-14,-0.14201679409529383,41,-0.14191979616827272,MAP_PMU,159,9.69979270211141e-05
1,B_svc,2,0.31270154433708247,41,0.31257628507214474,MAP_PMU,159,0.0001252592649377271
2,UPFC_Vsh,5-15,1.1046157302042936,41,1.1030683456881902,MAP_PMU,159,0.0015473845161033672
3,UPFC_tsh,5-15,-0.22490590303013694,41,-0.22486483916471098,MAP_PMU,159,4.1063865425960966e-05
4,UPFC_Vse,5-15,0.059441866896093515,41,0.05765285394190859,MAP_PMU,159,0.001789012954184925
5,UPFC_tse,5-15,-2.1499072738696587,41,-2.139987991865396,MAP_PMU,159,0.00991928200426262
0,x_tcsc,1-14,-0.14197455108788376,42,-0.14191979616827272,MAP_PMU,159,5.475491961104417e-05
1,B_svc,2,0.3124593142369117,42,0.31257628507214474,MAP_PMU,159,0.00011697083523304341
2,UPFC_Vsh,5-15,1.1045978730498938,42,1.1030683456881902,MAP_PMU,159,0.001529527361703531
3,UPFC_tsh,5-15,-0.22481433024688507,42,-0.22486483916471098,MAP_PMU,159,5.050891782590328e-05
4,UPFC_Vse,5-15,0.05944739962019766,42,0.05765285394190859,MAP_PMU,159,0.0017945456782890723
5,UPFC_tse,5-15,-2.1412682259173725,42,-2.139987991865396,MAP_PMU,159,0.0012802340519764144
0,x_tcsc,1-14,-0.14200493672043762,43,-0.14191979616827272,MAP_PMU,159,8.514055216490846e-05
1,B_svc,2,0.3126912321924257,43,0.31257628507214474,MAP_PMU,159,0.00011494712028098375
2,UPFC_Vsh,5-15,1.1047849422202622,43,1.1030683456881902,MAP_PMU,159,0.0017165965320720122
3,UPFC_tsh,5-15,-0.2248069644285846,43,-0.22486483916471098,MAP_PMU,159,5.787473612636762e-05
4,UPFC_Vse,5-15,0.05886335711275527,43,0.05765285394190859,MAP_PMU,159,0.0012105031708466787
5,UPFC_tse,5-15,-2.143309865701244,43,-2.139987991865396,MAP_PMU,159,0.0033218738358478106
0,x_tcsc,1-14,-0.141974181883946,44,-0.14191979616827272,MAP_PMU,159,5.438571567328854e-05
1,B_svc,2,0.31261816354686955,44,0.31257628507214474,MAP_PMU,159,4.187847472481021e-05
2,UPFC_Vsh,5-15,1.104467002229528,44,1.1030683456881902,MAP_PMU,159,0.0013986565413377505
3,UPFC_tsh,5-15,-0.22483003011274105,44,-0.22486483916471098,MAP_PMU,159,3.480905196992512e-05
4,UPFC_Vse,5-15,0.05937003087879635,44,0.05765285394190859,MAP_PMU,159,0.0017171769368877626
5,UPFC_tse,5-15,-2.138648630573451,44,-2.139987991865396,MAP_PMU,159,0.001339361291945007
0,x_tcsc,1-14,-0.14192536300921185,45,-0.14191979616827272,MAP_PMU,159,5.566840939136286e-06
1,B_svc,2,0.31238910326426056,45,0.31257628507214474,MAP_PMU,159,0.0001871818078841847
2,UPFC_Vsh,5-15,1.104624380084787,45,1.1030683456881902,MAP_PMU,159,0.0015560343965967949
3,UPFC_tsh,5-15,-0.22490200406161986,45,-0.22486483916471098,MAP_PMU,159,3.716489690888669e-05
4,UPFC_Vse,5-15,0.059226039082662545,45,0.05765285394190859,MAP_PMU,159,0.0015731851407539549
5,UPFC_tse,5-15,-2.1515487432864178,45,-2.139987991865396,MAP_PMU,159,0.011560751421021642
0,x_tcsc,1-14,-0.14196554151315083,46,-0.14191979616827272,MAP_PMU,159,4.574534487811199e-05
1,B_svc,2,0.31242104474473803,46,0.31257628507214474,MAP_PMU,159,0.00015524032740671379
2,UPFC_Vsh,5-15,1.1045027067620745,46,1.1030683456881902,MAP_PMU,159,0.0014343610738842827
3,UPFC_tsh,5-15,-0.2248743313067409,46,-0.22486483916471098,MAP_PMU,159,9.49214202991544e-06
4,UPFC_Vse,5-15,0.059632711947469955,46,0.05765285394190859,MAP_PMU,159,0.001979858005561365
5,UPFC_tse,5-15,-2.141705646730276,46,-2.139987991865396,MAP_PMU,159,0.0017176548648798473
0,x_tcsc,1-14,-0.1419594208955655,47,-0.14191979616827272,MAP_PMU,159,3.9624727292797424e-05
1,B_svc,2,0.31280740271516144,47,0.31257628507214474,MAP_PMU,159,0.00023111764301669835
2,UPFC_Vsh,5-15,1.1044574597284034,47,1.1030683456881902,MAP_PMU,159,0.0013891140402131352
3,UPFC_tsh,5-15,-0.2248855531236781,47,-0.22486483916471098,MAP_PMU,159,2.071395896713346e-05
4,UPFC_Vse,5-15,0.05878173657176848,47,0.05765285394190859,MAP_PMU,159,0.0011288826298598911
5,UPFC_tse,5-15,-2.147831607880695,47,-2.139987991865396,MAP_PMU,159,0.007843616015299038
0,x_tcsc,1-14,-0.1419655810498935,48,-0.14191979616827272,MAP_PMU,159,4.57848816207973e-05
1,B_svc,2,0.31277290873942315,48,0.31257628507214474,MAP_PMU,159,0.00019662366727840608
2,UPFC_Vsh,5-15,1.1047404723310492,48,1.1030683456881902,MAP_PMU,159,0.0016721266428589843
3,UPFC_tsh,5-15,-0.2248806642923578,48,-0.22486483916471098,MAP_PMU,159,1.5825127646834636e-05
4,UPFC_Vse,5-15,0.05978183312717598,48,0.05765285394190859,MAP_PMU,159,0.002128979185267388
5,UPFC_tse,5-15,-2.145993411993891,48,-2.139987991865396,MAP_PMU,159,0.006005420128494698
0,x_tcsc,1-14,-0.14203610414205858,49,-0.14191979616827272,MAP_PMU,159,0.00011630797378586744
1,B_svc,2,0.31232505383883186,49,0.31257628507214474,MAP_PMU,159,0.00025123123331288744
2,UPFC_Vsh,5-15,1.1043818660824276,49,1.1030683456881902,MAP_PMU,159,0.0013135203942373774
3,UPFC_tsh,5-15,-0.2249795834935985,49,-0.22486483916471098,MAP_PMU,159,0.00011474432888752828
4,UPFC_Vse,5-15,0.059988211492896924,49,0.05765285394190859,MAP_PMU,159,0.0023353575509883345
5,UPFC_tse,5-15,-2.1534469809313586,49,-2.139987991865396,MAP_PMU,159,0.013458989065962434
0,x_tcsc,1-14,-0.14199890572828358,50,-0.14191979616827272,MAP_PMU,159,7.910956001086489e-05
1,B_svc,2,0.3129318678410316,50,0.31257628507214474,MAP_PMU,159,0.000355582768886864
2,UPFC_Vsh,5-15,1.104126659865722,50,1.1030683456881902,MAP_PMU,159,0.0010583141775317717
3,UPFC_tsh,5-15,-0.2249449219877168,50,-0.22486483916471098,MAP_PMU,159,8.008282300581149e-05
4,UPFC_Vse,5-15,0.059691778827945276,50,0.05765285394190859,MAP_PMU,159,0.002038924886036686
5,UPFC_tse,5-15,-2.15291514144606,50,-2.139987991865396,MAP_PMU,159,0.012927149580663766
0,x_tcsc,1-14,-0.1419857398040042,51,-0.14191979616827272,MAP_PMU,159,6.594363573148021e-05
1,B_svc,2,0.31258811248675555,51,0.31257628507214474,MAP_PMU,159,1.1827414610809939e-05
2,UPFC_Vsh,5-15,1.10436495564653,51,1.1030683456881902,MAP_PMU,159,0.0012966099583398005
3,UPFC_tsh,5-15,-0.22490068499848662,51,-0.22486483916471098,MAP_PMU,159,3.5845833775638436e-05
4,UPFC_Vse,5-15,0.059529016808048396,51,0.05765285394190859,MAP_PMU,159,0.0018761628661398064
5,UPFC_tse,5-15,-2.139825428949294,51,-2.139987991865396,MAP_PMU,159,0.00016256291610217133
0,x_tcsc,1-14,-0.14199481205496092,52,-0.14191979616827272,MAP_PMU,159,7.501588668820669e-05
1,B_svc,2,0.31300557746962193,52,0.31257628507214474,MAP_PMU,159,0.00042929239747718784
2,UPFC_Vsh,5-15,1.1045594257408,52,1.1030683456881902,MAP_PMU,159,0.0014910800526097834
3,UPFC_tsh,5-15,-0.22487971568517773,52,-0.22486483916471098,MAP_PMU,159,1.4876520466750032e-05
4,UPFC_Vse,5-15,0.059429194313923225,52,0.05765285394190859,MAP_PMU,159,0.0017763403720146356
5,UPFC_tse,5-15,-2.144224277558607,52,-2.139987991865396,MAP_PMU,159,0.004236285693210995
0,x_tcsc,1-14,-0.14202866532912964,53,-0.14191979616827272,MAP_PMU,159,0.00010886916085692255
1,B_svc,2,0.31250579209845036,53,0.31257628507214474,MAP_PMU,159,7.049297369438046e-05
2,UPFC_Vsh,5-15,1.104684941372588,53,1.1030683456881902,MAP_PMU,159,0.0016165956843978702
3,UPFC_tsh,5-15,-0.22486434412192946,53,-0.22486483916471098,MAP_PMU,159,4.95042781517574e-07
4,UPFC_Vse,5-15,0.059172528231588056,53,0.05765285394190859,MAP_PMU,159,0.0015196742896794666
5,UPFC_tse,5-15,-2.149672672754274,53,-2.139987991865396,MAP_PMU,159,0.00968468088887775
0,x_tcsc,1-14,-0.14199603288357693,54,-0.14191979616827272,MAP_PMU,159,7.623671530421205e-05
1,B_svc,2,0.31269262299665684,54,0.31257628507214474,MAP_PMU,159,0.0001163379245120999
2,UPFC_Vsh,5-15,1.104530273849006,54,1.1030683456881902,MAP_PMU,159,0.0014619281608156953
3,UPFC_tsh,5-15,-0.2249636294208457,54,-0.22486483916471098,MAP_PMU,159,9.879025613471204e-05
4,UPFC_Vse,5-15,0.05971642023787137,54,0.05765285394190859,MAP_PMU,159,0.002063566295962778
5,UPFC_tse,5-15,-2.1510194104801363,54,-2.139987991865396,MAP_PMU,159,0.011031418614740218
0,x_tcsc,1-14,-0.14199601889363309,55,-0.14191979616827272,MAP_PMU,159,7.622272536036978e-05
1,B_svc,2,0.3127694507778817,55,0.31257628507214474,MAP_PMU,159,0.000193165705736964
2,UPFC_Vsh,5-15,1.1046224476441329,55,1.1030683456881902,MAP_PMU,159,0.0015541019559426328
3,UPFC_tsh,5-15,-0.22495604477563289,55,-0.22486483916471098,MAP_PMU,159,9.120561092190727e-05
4,UPFC_Vse,5-15,0.05942821904476564,55,0.05765285394190859,MAP_PMU,159,0.0017753651028570502
5,UPFC_tse,5-15,-2.151715224321115,55,-2.139987991865396,MAP_PMU,159,0.011727232455718717
0,x_tcsc,1-14,-0.14197587160585584,56,-0.14191979616827272,MAP_PMU,159,5.6075437583125165e-05
1,B_svc,2,0.3125220446570674,56,0.31257628507214474,MAP_PMU,159,5.424041507734456e-05
2,UPFC_Vsh,5-15,1.104415418785388,56,1.1030683456881902,MAP_PMU,159,0.0013470730971978373
3,UPFC_tsh,5-15,-0.22481655003690063,56,-0.22486483916471098,MAP_PMU,159,4.828912781035255e-05
4,UPFC_Vse,5-15,0.05929899057912452,56,0.05765285394190859,MAP_PMU,159,0.0016461366372159322
5,UPFC_tse,5-15,-2.14109505400389,56,-2.139987991865396,MAP_PMU,159,0.001107062138494097
0,x_tcsc,1-14,-0.14200365145715962,57,-0.14191979616827272,MAP_PMU,159,8.385528888690819e-05
1,B_svc,2,0.3128114389654917,57,0.31257628507214474,MAP_PMU,159,0.00023515389334693992
2,UPFC_Vsh,5-15,1.104280737021355,57,1.1030683456881902,MAP_PMU,159,0.001212391333164753
3,UPFC_tsh,5-15,-0.22495832190674614,57,-0.22486483916471098,MAP_PMU,159,9.348274203516138e-05
4,UPFC_Vse,5-15,0.05972559651635072,57,0.05765285394190859,MAP_PMU,159,0.0020727425744421282
5,UPFC_tse,5-15,-2.1544174817273722,57,-2.139987991865396,MAP_PMU,159,0.01442948986197612
0,x_tcsc,1-14,-0.14196329150504686,58,-0.14191979616827272,MAP_PMU,159,4.349533677414086e-05
1,B_svc,2,0.3123234204251473,58,0.31257628507214474,MAP_PMU,159,0.0002528646469974194
2,UPFC_Vsh,5-15,1.1048012001694485,58,1.1030683456881902,MAP_PMU,159,0.0017328544812582614
3,UPFC_tsh,5-15,-0.2247750432321465,58,-0.22486483916471098,MAP_PMU,159,8.979593256447371e-05
4,UPFC_Vse,5-15,0.05868063612306547,58,0.05765285394190859,MAP_PMU,159,0.001027782181156879
5,UPFC_tse,5-15,-2.1413700877971484,58,-2.139987991865396,MAP_PMU,159,0.001382095931752314
0,x_tcsc,1-14,-0.1419865185002194,59,-0.14191979616827272,MAP_PMU,159,6.672233194668364e-05
1,B_svc,2,0.3130287684359011,59,0.31257628507214474,MAP_PMU,159,0.0004524833637563619
2,UPFC_Vsh,5-15,1.1046968305472833,59,1.1030683456881902,MAP_PMU,159,0.00162848485909306
3,UPFC_tsh,5-15,-0.22489654845872722,59,-0.22486483916471098,MAP_PMU,159,3.170929401624667e-05
4,UPFC_Vse,5-15,0.059768738034436296,59,0.05765285394190859,MAP_PMU,159,0.002115884092527706
5,UPFC_tse,5-15,-2.16037665842146,59,-2.139987991865396,MAP_PMU,159,0.02038866655606375
0,x_tcsc,1-14,-0.1420026223706632,60,-0.14191979616827272,MAP_PMU,159,8.282620239047356e-05
1,B_svc,2,0.3123972627379984,60,0.31257628507214474,MAP_PMU,159,0.00017902233414635038
2,UPFC_Vsh,5-15,1.1044917287957345,60,1.1030683456881902,MAP_PMU,159,0.001423383107544307
3,UPFC_tsh,5-15,-0.22484128342782628,60,-0.22486483916471098,MAP_PMU,159,2.3555736884700584e-05
4,UPFC_Vse,5-15,0.059631800884717465,60,0.05765285394190859,MAP_PMU,159,0.001978946942808875
5,UPFC_tse,5-15,-2.1565841461864443,60,-2.139987991865396,MAP_PMU,159,0.016596154321048218
0,x_tcsc,1-14,-0.1419573819939902,61,-0.14191979616827272,MAP_PMU,159,3.7585825717473265e-05
1,B_svc,2,0.3126337161526339,61,0.31257628507214474,MAP_PMU,159,5.743108048916756e-05
2,UPFC_Vsh,5-15,1.1046834700874175,61,1.1030683456881902,MAP_PMU,159,0.0016151243992272857
3,UPFC_tsh,5-15,-0.2248510884511913,61,-0.22486483916471098,MAP_PMU,159,1.3750713519666835e-05
4,UPFC_Vse,5-15,0.05888623690274226,61,0.05765285394190859,MAP_PMU,159,0.0012333829608336677
5,UPFC_tse,5-15,-2.140725773528349,61,-2.139987991865396,MAP_PMU,159,0.0007377816629530187
0,x_tcsc,1-14,-0.14196956705687314,62,-0.14191979616827272,MAP_PMU,159,4.9770888600420005e-05
1,B_svc,2,0.31283800094986164,62,0.31257628507214474,MAP_PMU,159,0.00026171587771689486
2,UPFC_Vsh,5-15,1.1044027420163127,62,1.1030683456881902,MAP_PMU,159,0.001334396328122489
3,UPFC_tsh,5-15,-0.22487923945708904,62,-0.22486483916471098,MAP_PMU,159,1.440029237806395e-05
4,UPFC_Vse,5-15,0.05929546262395479,62,0.05765285394190859,MAP_PMU,159,0.001642608682046201
5,UPFC_tse,5-15,-2.142246880091397,62,-2.139987991865396,MAP_PMU,159,0.0022588882260010656
0,x_tcsc,1-14,-0.14201828426125976,63,-0.14191979616827272,MAP_PMU,159,9.848809298704242e-05
1,B_svc,2,0.31261764655555346,63,0.31257628507214474,MAP_PMU,159,4.136148340871948e-05
2,UPFC_Vsh,5-15,1.104283731880189,63,1.1030683456881902,MAP_PMU,159,0.0012153861919987907
3,UPFC_tsh,5-15,-0.22491787261182375,63,-0.22486483916471098,MAP_PMU,159,5.303344711277136e-05
4,UPFC_Vse,5-15,0.05981278763303502,63,0.05765285394190859,MAP_PMU,159,0.0021599336911264297
5,UPFC_tse,5-15,-2.1534875137194276,63,-2.139987991865396,MAP_PMU,159,0.013499521854031471
0,x_tcsc,1-14,-0.14196247474332555,64,-0.14191979616827272,MAP_PMU,159,4.2678575052829126e-05
1,B_svc,2,0.3129250054327684,64,0.31257628507214474,MAP_PMU,159,0.0003487203606236666
2,UPFC_Vsh,5-15,1.1044755986250963,64,1.1030683456881902,MAP_PMU,159,0.0014072529369060227
3,UPFC_tsh,5-15,-0.22487625520248627,64,-0.22486483916471098,MAP_PMU,159,1.1416037775296983e-05
4,UPFC_Vse,5-15,0.059633828861816736,64,0.05765285394190859,MAP_PMU,159,0.001980974919908146
5,UPFC_tse,5-15,-2.146621922544911,64,-2.139987991865396,MAP_PMU,159,0.006633930679514677
0,x_tcsc,1-14,-0.14198772423574185,65,-0.14191979616827272,MAP_PMU,159,6.792806746913627e-05
1,B_svc,2,0.31284668482506556,65,0.31257628507214474,MAP_PMU,159,0.00027039975292081353
2,UPFC_Vsh,5-15,1.104313536001687,65,1.1030683456881902,MAP_PMU,159,0.0012451903134966802
3,UPFC_tsh,5-15,-0.22492294636261678,65,-0.22486483916471098,MAP_PMU,159,5.810719790580454e-05
4,UPFC_Vse,5-15,0.05959202509596453,65,0.05765285394190859,MAP_PMU,159,0.001939171154055938
5,UPFC_tse,5-15,-2.1558318751289223,65,-2.139987991865396,MAP_PMU,159,0.01584388326352615
0,x_tcsc,1-14,-0.14197177769977803,66,-0.14191979616827272,MAP_PMU,159,5.198153150531848e-05
1,B_svc,2,0.3130565716861205,66,0.31257628507214474,MAP_PMU,159,0.00048028661397575556
2,UPFC_Vsh,5-15,1.1044110840680583,66,1.1030683456881902,MAP_PMU,159,0.0013427383798680914
3,UPFC_tsh,5-15,-0.2249172306717344,66,-0.22486483916471098,MAP_PMU,159,5.239150702343598e-05
4,UPFC_Vse,5-15,0.05907655466031185,66,0.05765285394190859,MAP_PMU,159,0.0014237007184032605
5,UPFC_tse,5-15,-2.1480817330168964,66,-2.139987991865396,MAP_PMU,159,0.0080937411515003
0,x_tcsc,1-14,-0.14200368842414707,67,-0.14191979616827272,MAP_PMU,159,8.389225587435156e-05
1,B_svc,2,0.31324496072534924,67,0.31257628507214474,MAP_PMU,159,0.000668675653204498
2,UPFC_Vsh,5-15,1.1044142150826661,67,1.1030683456881902,MAP_PMU,159,0.001345869394475896
3,UPFC_tsh,5-15,-0.22487955820659622,67,-0.22486483916471098,MAP_PMU,159,1.4719041885241646e-05
4,UPFC_Vse,5-15,0.05939781071989181,67,0.05765285394190859,MAP_PMU,159,0.0017449567779832184
5,UPFC_tse,5-15,-2.147101983952796,67,-2.139987991865396,MAP_PMU,159,0.007113992087399712
0,x_tcsc,1-14,-0.14198154473646166,68,-0.14191979616827272,MAP_PMU,159,6.17485681889407e-05
1,B_svc,2,0.31284463045272864,68,0.31257628507214474,MAP_PMU,159,0.0002683453805839009
2,UPFC_Vsh,5-15,1.1045551294901852,68,1.1030683456881902,MAP_PMU,159,0.001486783801994962
3,UPFC_tsh,5-15,-0.22492353510321836,68,-0.22486483916471098,MAP_PMU,159,5.869593850738042e-05
4,UPFC_Vse,5-15,0.05960622752244155,68,0.05765285394190859,MAP_PMU,159,0.0019533735805329633
5,UPFC_tse,5-15,-2.1502419516068696,68,-2.139987991865396,MAP_PMU,159,0.010253959741473473
0,x_tcsc,1-14,-0.14198816083934598,69,-0.14191979616827272,MAP_PMU,159,6.836467107326771e-05
1,B_svc,2,0.3122963812489176,69,0.31257628507214474,MAP_PMU,159,0.00027990382322712337
2,UPFC_Vsh,5-15,1.1045100016875644,69,1.1030683456881902,MAP_PMU,159,0.0014416559993741807
3,UPFC_tsh,5-15,-0.2249912383985497,69,-0.22486483916471098,MAP_PMU,159,0.00012639923383872542
4,UPFC_Vse,5-15,0.059908476491357776,69,0.05765285394190859,MAP_PMU,159,0.0022556225494491863
5,UPFC_tse,5-15,-2.1559100873683454,69,-2.139987991865396,MAP_PMU,159,0.01592209550294932
0,x_tcsc,1-14,-0.14195762994766337,70,-0.14191979616827272,MAP_PMU,159,3.7833779390650246e-05
1,B_svc,2,0.3123011675786957,70,0.31257628507214474,MAP_PMU,159,0.0002751174934490508
2,UPFC_Vsh,5-15,1.1045191801316958,70,1.1030683456881902,MAP_PMU,159,0.0014508344435055776
3,UPFC_tsh,5-15,-0.224933412902907,70,-0.22486483916471098,MAP_PMU,159,6.857373819602053e-05
4,UPFC_Vse,5-15,0.05922819304587164,70,0.05765285394190859,MAP_PMU,159,0.0015753391039630485
5,UPFC_tse,5-15,-2.146293258655468,70,-2.139987991865396,MAP_PMU,159,0.006305266790072039
0,x_tcsc,1-14,-0.14198023574063118,71,-0.14191979616827272,MAP_PMU,159,6.0439572358461646e-05
1,B_svc,2,0.3126346580818003,71,0.31257628507214474,MAP_PMU,159,5.8373009655554586e-05
2,UPFC_Vsh,5-15,1.10439864736639,71,1.1030683456881902,MAP_PMU,159,0.0013303016781998078
3,UPFC_tsh,5-15,-0.22488771710706842,71,-0.22486483916471098,MAP_PMU,159,2.2877942357446557e-05
4,UPFC_Vse,5-15,0.059423225524272906,71,0.05765285394190859,MAP_PMU,159,0.0017703715823643162
5,UPFC_tse,5-15,-2.140242231299828,71,-2.139987991865396,MAP_PMU,159,0.0002542394344318133
0,x_tcsc,1-14,-0.14195917997455582,72,-0.14191979616827272,MAP_PMU,159,3.938380628309979e-05
1,B_svc,2,0.3129740278209356,72,0.31257628507214474,MAP_PMU,159,0.00039774274879084137
2,UPFC_Vsh,5-15,1.1045628868645565,72,1.1030683456881902,MAP_PMU,159,0.0014945411763662708
3,UPFC_tsh,5-15,-0.2248412667756815,72,-0.22486483916471098,MAP_PMU,159,2.3572389029474783e-05
4,UPFC_Vse,5-15,0.05919391357663419,72,0.05765285394190859,MAP_PMU,159,0.0015410596347256028
5,UPFC_tse,5-15,-2.1355551094510723,72,-2.139987991865396,MAP_PMU,159,0.004432882414323824
0,x_tcsc,1-14,-0.14200049641112406,73,-0.14191979616827272,MAP_PMU,159,8.070024285133925e-05
1,B_svc,2,0.3124937650221154,73,0.31257628507214474,MAP_PMU,159,8.252005002934437e-05
2,UPFC_Vsh,5-15,1.1043618864736298,73,1.1030683456881902,MAP_PMU,159,0.0012935407854395287
3,UPFC_tsh,5-15,-0.22485504002173062,73,-0.22486483916471098,MAP_PMU,159,9.799142980354558e-06
4,UPFC_Vse,5-15,0.059206390423675835,73,0.05765285394190859,MAP_PMU,159,0.0015535364817672453
5,UPFC_tse,5-15,-2.152386545970539,73,-2.139987991865396,MAP_PMU,159,0.01239855410514279
0,x_tcsc,1-14,-0.14198255314894412,74,-0.14191979616827272,MAP_PMU,159,6.275698067140234e-05
1,B_svc,2,0.3131998983362655,74,0.31257628507214474,MAP_PMU,159,0.0006236132641207481
2,UPFC_Vsh,5-15,1.1040925200332357,74,1.1030683456881902,MAP_PMU,159,0.0010241743450454255
3,UPFC_tsh,5-15,-0.22501240240811293,74,-0.22486483916471098,MAP_PMU,159,0.0001475632434019547
4,UPFC_Vse,5-15,0.060061621627222936,74,0.05765285394190859,MAP_PMU,159,0.002408767685314346
5,UPFC_tse,5-15,-2.1609045972694476,74,-2.139987991865396,MAP_PMU,159,0.02091660540405149
0,x_tcsc,1-14,-0.1419599786641836,75,-0.14191979616827272,MAP_PMU,159,4.01824959108954e-05
1,B_svc,2,0.31247642713740076,75,0.31257628507214474,MAP_PMU,159,9.985793474398541e-05
2,UPFC_Vsh,5-15,1.104399573313394,75,1.1030683456881902,MAP_PMU,159,0.001331227625203768
3,UPFC_tsh,5-15,-0.22485001347494177,75,-0.22486483916471098,MAP_PMU,159,1.482568976921006e-05
4,UPFC_Vse,5-15,0.0597323768350219,75,0.05765285394190859,MAP_PMU,159,0.002079522893113313
5,UPFC_tse,5-15,-2.1474560046894005,75,-2.139987991865396,MAP_PMU,159,0.007468012824004333
0,x_tcsc,1-14,-0.142002472227794,76,-0.14191979616827272,MAP_PMU,159,8.267605952128054e-05
1,B_svc,2,0.312774252221128,76,0.31257628507214474,MAP_PMU,159,0.00019796714898323575
2,UPFC_Vsh,5-15,1.1043338384311054,76,1.1030683456881902,MAP_PMU,159,0.0012654927429152085
3,UPFC_tsh,5-15,-0.2248831917309003,76,-0.22486483916471098,MAP_PMU,159,1.835256618931691e-05
4,UPFC_Vse,5-15,0.059886361934584596,76,0.05765285394190859,MAP_PMU,159,0.0022335079926760065
5,UPFC_tse,5-15,-2.1520945685457993,76,-2.139987991865396,MAP_PMU,159,0.012106576680403158
0,x_tcsc,1-14,-0.1419874513811238,77,-0.14191979616827272,MAP_PMU,159,6.765521285109766e-05
1,B_svc,2,0.3125883430094865,77,0.31257628507214474,MAP_PMU,159,1.205793734176952e-05
2,UPFC_Vsh,5-15,1.1045134918726922,77,1.1030683456881902,MAP_PMU,159,0.0014451461845019775
3,UPFC_tsh,5-15,-0.22489942644155403,77,-0.22486483916471098,MAP_PMU,159,3.4587276843051074e-05
4,UPFC_Vse,5-15,0.059123702325962146,77,0.05765285394190859,MAP_PMU,159,0.0014708483840535566
5,UPFC_tse,5-15,-2.149567701811496,77,-2.139987991865396,MAP_PMU,159,0.00957970994609969
0,x_tcsc,1-14,-0.14196338085868873,78,-0.14191979616827272,MAP_PMU,159,4.3584690416015315e-05
1,B_svc,2,0.31221574939137836,78,0.31257628507214474,MAP_PMU,159,0.00036053568076638287
2,UPFC_Vsh,5-15,1.1043816339851276,78,1.1030683456881902,MAP_PMU,159,0.0013132882969373316
3,UPFC_tsh,5-15,-0.22494973725896297,78,-0.22486483916471098,MAP_PMU,159,8.489809425199502e-05
4,UPFC_Vse,5-15,0.05945202558430305,78,0.05765285394190859,MAP_PMU,159,0.0017991716423944593
5,UPFC_tse,5-15,-2.153020475362532,78,-2.139987991865396,MAP_PMU,159,0.013032483497136038
0,x_tcsc,1-14,-0.14199755607407213,79,-0.14191979616827272,MAP_PMU,159,7.775990579941827e-05
1,B_svc,2,0.3124011421047483,79,0.31257628507214474,MAP_PMU,159,0.00017514296739645774
2,UPFC_Vsh,5-15,1.1045563872303057,79,1.1030683456881902,MAP_PMU,159,0.0014880415421154591
3,UPFC_tsh,5-15,-0.22489899923981865,79,-0.22486483916471098,MAP_PMU,159,3.416007510767538e-05
4,UPFC_Vse,5-15,0.05940179687130143,79,0.05765285394190859,MAP_PMU,159,0.0017489429293928369
5,UPFC_tse,5-15,-2.1543177410148737,79,-2.139987991865396,MAP_PMU,159,0.0143297491494776
0,x_tcsc,1-14,-0.1420135594531123,80,-0.14191979616827272,MAP_PMU,159,9.376328483959306e-05
1,B_svc,2,0.3126199592986094,80,0.31257628507214474,MAP_PMU,159,4.367422646467389e-05
2,UPFC_Vsh,5-15,1.1040759520654684,80,1.1030683456881902,MAP_PMU,159,0.0010076063772781474
3,UPFC_tsh,5-15,-0.2249419310957385,80,-0.22486483916471098,MAP_PMU,159,7.70919310275342e-05
4,UPFC_Vse,5-15,0.0593645390092251,80,0.05765285394190859,MAP_PMU,159,0.001711685067316511
5,UPFC_tse,5-15,-2.151911044234755,80,-2.139987991865396,MAP_PMU,159,0.011923052369358977
0,x_tcsc,1-14,-0.14199425515937178,81,-0.14191979616827272,MAP_PMU,159,7.44589910990634e-05
1,B_svc,2,0.3126250256161196,81,0.31257628507214474,MAP_PMU,159,4.874054397485672e-05
2,UPFC_Vsh,5-15,1.104032608990212,81,1.1030683456881902,MAP_PMU,159,0.0009642633020217062
3,UPFC_tsh,5-15,-0.22493741347676457,81,-0.22486483916471098,MAP_PMU,159,7.25743120535971e-05
4,UPFC_Vse,5-15,0.05998036908673991,81,0.05765285394190859,MAP_PMU,159,0.0023275151448313228
5,UPFC_tse,5-15,-2.148912240312674,81,-2.139987991865396,MAP_PMU,159,0.008924248447277794
0,x_tcsc,1-14,-0.1419700606236095,82,-0.14191979616827272,MAP_PMU,159,5.026445533679036e-05
1,B_svc,2,0.31255279301161054,82,0.31257628507214474,MAP_PMU,159,2.3492060534202608e-05
2,UPFC_Vsh,5-15,1.1049352197455462,82,1.1030683456881902,MAP_PMU,159,0.0018668740573559717
3,UPFC_tsh,5-15,-0.22490287474154763,82,-0.22486483916471098,MAP_PMU,159,3.8035576836653595e-05
4,UPFC_Vse,5-15,0.0592361716056653,82,0.05765285394190859,MAP_PMU,159,0.00158331766375671
5,UPFC_tse,5-15,-2.1465724793004624,82,-2.139987991865396,MAP_PMU,159,0.006584487435066233
0,x_tcsc,1-14,-0.14199497842468914,83,-0.14191979616827272,MAP_PMU,159,7.518225641642284e-05
1,B_svc,2,0.3124653421218448,83,0.31257628507214474,MAP_PMU,159,0.0001109429502999526
2,UPFC_Vsh,5-15,1.1041742239982093,83,1.1030683456881902,MAP_PMU,159,0.0011058783100190706
3,UPFC_tsh,5-15,-0.22497059784644033,83,-0.22486483916471098,MAP_PMU,159,0.00010575868172935099
4,UPFC_Vse,5-15,0.05947878338533433,83,0.05765285394190859,MAP_PMU,159,0.0018259294434257375
5,UPFC_tse,5-15,-2.139674076238203,83,-2.139987991865396,MAP_PMU,159,0.0003139156271929622
0,x_tcsc,1-14,-0.14206021324715554,84,-0.14191979616827272,MAP_PMU,159,0.00014041707888282073
1,B_svc,2,0.3126818881118403,84,0.31257628507214474,MAP_PMU,159,0.0001056030396955343
2,UPFC_Vsh,5-15,1.1047524342234907,84,1.1030683456881902,MAP_PMU,159,0.0016840885353004431
3,UPFC_tsh,5-15,-0.22483179269849293,84,-0.22486483916471098,MAP_PMU,159,3.304646621804519e-05
4,UPFC_Vse,5-15,0.05941670368563088,84,0.05765285394190859,MAP_PMU,159,0.00176384974372229
5,UPFC_tse,5-15,-2.1394310106105756,84,-2.139987991865396,MAP_PMU,159,0.00055698125482051
0,x_tcsc,1-14,-0.142017330238031,85,-0.14191979616827272,MAP_PMU,159,9.753406975829271e-05
1,B_svc,2,0.31242635129285473,85,0.31257628507214474,MAP_PMU,159,0.0001499337792900124
2,UPFC_Vsh,5-15,1.1045803239307255,85,1.1030683456881902,MAP_PMU,159,0.001511978242535239
3,UPFC_tsh,5-15,-0.2249198302214193,85,-0.22486483916471098,MAP_PMU,159,5.499105670830895e-05
4,UPFC_Vse,5-15,0.05931800090225603,85,0.05765285394190859,MAP_PMU,159,0.0016651469603474398
5,UPFC_tse,5-15,-2.1494004070891988,85,-2.139987991865396,MAP_PMU,159,0.00941241522380265
0,x_tcsc,1-14,-0.14198288420882274,86,-0.14191979616827272,MAP_PMU,159,6.308804055002448e-05
1,B_svc,2,0.31281412500879446,86,0.31257628507214474,MAP_PMU,159,0.0002378399366497197
2,UPFC_Vsh,5-15,1.104417813194958,86,1.1030683456881902,MAP_PMU,159,0.0013494675067677875
3,UPFC_tsh,5-15,-0.2248430571283736,86,-0.22486483916471098,MAP_PMU,159,2.178203633737552e-05
4,UPFC_Vse,5-15,0.05977053065006678,86,0.05765285394190859,MAP_PMU,159,0.0021176767081581907
5,UPFC_tse,5-15,-2.147301615525219,86,-2.139987991865396,MAP_PMU,159,0.007313623659822799
0,x_tcsc,1-14,-0.14199005504342913,87,-0.14191979616827272,MAP_PMU,159,7.025887515640927e-05
1,B_svc,2,0.3122906567799669,87,0.31257628507214474,MAP_PMU,159,0.0002856282921778197
2,UPFC_Vsh,5-15,1.1047269880760036,87,1.1030683456881902,MAP_PMU,159,0.001658642387813325
3,UPFC_tsh,5-15,-0.22483400002925932,87,-0.22486483916471098,MAP_PMU,159,3.083913545165462e-05
4,UPFC_Vse,5-15,0.05933716118977988,87,0.05765285394190859,MAP_PMU,159,0.001684307247871289
5,UPFC_tse,5-15,-2.1448990157604344,87,-2.139987991865396,MAP_PMU,159,0.00491102389503828
0,x_tcsc,1-14,-0.14196591812074436,88,-0.14191979616827272,MAP_PMU,159,4.6121952471639416e-05
1,B_svc,2,0.3124256182254635,88,0.31257628507214474,MAP_PMU,159,0.00015066684668124664
2,UPFC_Vsh,5-15,1.1042450269337687,88,1.1030683456881902,MAP_PMU,159,0.0011766812455784592
3,UPFC_tsh,5-15,-0.22490839547461025,88,-0.22486483916471098,MAP_PMU,159,4.355630989927306e-05
4,UPFC_Vse,5-15,0.05924164418749738,88,0.05765285394190859,MAP_PMU,159,0.001588790245588792
5,UPFC_tse,5-15,-2.150399438665322,88,-2.139987991865396,MAP_PMU,159,0.010411446799925894
0,x_tcsc,1-14,-0.14200348426581325,89,-0.14191979616827272,MAP_PMU,159,8.368809754052964e-05
1,B_svc,2,0.31277269715705924,89,0.31257628507214474,MAP_PMU,159,0.00019641208491449902
2,UPFC_Vsh,5-15,1.1045361818376849,89,1.1030683456881902,MAP_PMU,159,0.001467836149494639
3,UPFC_tsh,5-15,-0.22492764935780915,89,-0.22486483916471098,MAP_PMU,159,6.281019309817282e-05
4,UPFC_Vse,5-15,0.05959089214756249,89,0.05765285394190859,MAP_PMU,159,0.0019380382056538997
5,UPFC_tse,5-15,-2.1528280017355015,89,-2.139987991865396,MAP_PMU,159,0.012840009870105362
0,x_tcsc,1-14,-0.1419309490067869,90,-0.14191979616827272,MAP_PMU,159,1.1152838514189023e-05
1,B_svc,2,0.3125627573853052,90,0.31257628507214474,MAP_PMU,159,1.3527686839542863e-05
2,UPFC_Vsh,5-15,1.104048129004038,90,1.1030683456881902,MAP_PMU,159,0.0009797833158478042
3,UPFC_tsh,5-15,-0.2249885329918116,90,-0.22486483916471098,MAP_PMU,159,0.00012369382710061827
4,UPFC_Vse,5-15,0.06017353032385771,90,0.05765285394190859,MAP_PMU,159,0.0025206763819491176
5,UPFC_tse,5-15,-2.1595308817916927,90,-2.139987991865396,MAP_PMU,159,0.019542889926296603
0,x_tcsc,1-14,-0.14198174148033052,91,-0.14191979616827272,MAP_PMU,159,6.194531205780396e-05
1,B_svc,2,0.31238506221240897,91,0.31257628507214474,MAP_PMU,159,0.00019122285973577346
2,UPFC_Vsh,5-15,1.1044340475801644,91,1.1030683456881902,MAP_PMU,159,0.0013657018919741581
3,UPFC_tsh,5-15,-0.22494342015734314,91,-0.22486483916471098,MAP_PMU,159,7.858099263216567e-05
4,UPFC_Vse,5-15,0.05937089090688176,91,0.05765285394190859,MAP_PMU,159,0.00171803696497317
5,UPFC_tse,5-15,-2.151166110360059,91,-2.139987991865396,MAP_PMU,159,0.011178118494662659
0,x_tcsc,1-14,-0.14194428265272566,92,-0.14191979616827272,MAP_PMU,159,2.4486484452940216e-05
1,B_svc,2,0.3119849338351067,92,0.31257628507214474,MAP_PMU,159,0.0005913512370380181
2,UPFC_Vsh,5-15,1.1043186310602993,92,1.1030683456881902,MAP_PMU,159,0.001250285372109028
3,UPFC_tsh,5-15,-0.22485143549224781,92,-0.22486483916471098,MAP_PMU,159,1.3403672463163652e-05
4,UPFC_Vse,5-15,0.05888632550992056,92,0.05765285394190859,MAP_PMU,159,0.0012334715680119707
5,UPFC_tse,5-15,-2.1419877905273372,92,-2.139987991865396,MAP_PMU,159,0.00199979866194111
0,x_tcsc,1-14,-0.14201259864356075,93,-0.14191979616827272,MAP_PMU,159,9.280247528803409e-05
1,B_svc,2,0.3128977411345759,93,0.31257628507214474,MAP_PMU,159,0.0003214560624311691
2,UPFC_Vsh,5-15,1.1047836929374872,93,1.1030683456881902,MAP_PMU,159,0.0017153472492970057
3,UPFC_tsh,5-15,-0.22493118585940847,93,-0.22486483916471098,MAP_PMU,159,6.634669469748888e-05
4,UPFC_Vse,5-15,0.059526352047601504,93,0.05765285394190859,MAP_PMU,159,0.001873498105692914
5,UPFC_tse,5-15,-2.1503748194409313,93,-2.139987991865396,MAP_PMU,159,0.010386827575535218
0,x_tcsc,1-14,-0.14196752175910865,94,-0.14191979616827272,MAP_PMU,159,4.7725590835934195e-05
1,B_svc,2,0.3131707692668174,94,0.31257628507214474,MAP_PMU,159,0.0005944841946726731
2,UPFC_Vsh,5-15,1.1044643318964218,94,1.1030683456881902,MAP_PMU,159,0.0013959862082315588
3,UPFC_tsh,5-15,-0.22496085886165582,94,-0.22486483916471098,MAP_PMU,159,9.601969694483792e-05
4,UPFC_Vse,5-15,0.05937310609073327,94,0.05765285394190859,MAP_PMU,159,0.0017202521488246802
5,UPFC_tse,5-15,-2.1584520099376134,94,-2.139987991865396,MAP_PMU,159,0.018464018072217314
0,x_tcsc,1-14,-0.14200212237448598,95,-0.14191979616827272,MAP_PMU,159,8.232620621326237e-05
1,B_svc,2,0.31306147325273254,95,0.31257628507214474,MAP_PMU,159,0.00048518818058779223
2,UPFC_Vsh,5-15,1.1042310531369006,95,1.1030683456881902,MAP_PMU,159,0.0011627074487103872
3,UPFC_tsh,5-15,-0.2249031823487857,95,-0.22486483916471098,MAP_PMU,159,3.8343184074723924e-05
4,UPFC_Vse,5-15,0.059308872242999154,95,0.05765285394190859,MAP_PMU,159,0.0016560183010905644
5,UPFC_tse,5-15,-2.156519543605087,95,-2.139987991865396,MAP_PMU,159,0.016531551739690897
0,x_tcsc,1-14,-0.14201712013495196,96,-0.14191979616827272,MAP_PMU,159,9.732396667924692e-05
1,B_svc,2,0.3122327601845315,96,0.31257628507214474,MAP_PMU,159,0.0003435248876132446
2,UPFC_Vsh,5-15,1.1046511734461655,96,1.1030683456881902,MAP_PMU,159,0.001582827757975247
3,UPFC_tsh,5-15,-0.22488587272881763,96,-0.22486483916471098,MAP_PMU,159,2.1033564106653913e-05
4,UPFC_Vse,5-15,0.05898558886295623,96,0.05765285394190859,MAP_PMU,159,0.001332734921047643
5,UPFC_tse,5-15,-2.137901926543616,96,-2.139987991865396,MAP_PMU,159,0.0020860653217802394
0,x_tcsc,1-14,-0.14194746414066914,97,-0.14191979616827272,MAP_PMU,159,2.766797239642238e-05
1,B_svc,2,0.3119485521617816,97,0.31257628507214474,MAP_PMU,159,0.0006277329103631657
2,UPFC_Vsh,5-15,1.1043407388294393,97,1.1030683456881902,MAP_PMU,159,0.0012723931412490508
3,UPFC_tsh,5-15,-0.22494171727379114,97,-0.22486483916471098,MAP_PMU,159,7.687810908016401e-05
4,UPFC_Vse,5-15,0.059699671706218316,97,0.05765285394190859,MAP_PMU,159,0.002046817764309726
5,UPFC_tse,5-15,-2.1534636279014405,97,-2.139987991865396,MAP_PMU,159,0.013475636036044403
0,x_tcsc,1-14,-0.1420107523141043,98,-0.14191979616827272,MAP_PMU,159,9.095614583157219e-05
1,B_svc,2,0.31236678928370964,98,0.31257628507214474,MAP_PMU,159,0.00020949578843509897
2,UPFC_Vsh,5-15,1.1045628233060925,98,1.1030683456881902,MAP_PMU,159,0.0014944776179022234
3,UPFC_tsh,5-15,-0.22484154419790073,98,-0.22486483916471098,MAP_PMU,159,2.3294966810250006e-05
4,UPFC_Vse,5-15,0.05939637414624806,98,0.05765285394190859,MAP_PMU,159,0.0017435202043394674
5,UPFC_tse,5-15,-2.140770504483984,98,-2.139987991865396,MAP_PMU,159,0.0007825126185880826
0,x_tcsc,1-14,-0.1419655354188589,99,-0.14191979616827272,MAP_PMU,159,4.573925058617978e-05
1,B_svc,2,0.3121005381802207,99,0.31257628507214474,MAP_PMU,159,0.00047574689192403374
2,UPFC_Vsh,5-15,1.104303179880976,99,1.1030683456881902,MAP_PMU,159,0.0012348341927856943
3,UPFC_tsh,5-15,-0.22489197091722346,99,-0.22486483916471098,MAP_PMU,159,2.7131752512482565e-05
4,UPFC_Vse,5-15,0.05948511504716251,99,0.05765285394190859,MAP_PMU,159,0.0018322611052539184
5,UPFC_tse,5-15,-2.163332658442002,99,-2.139987991865396,MAP_PMU,159,0.02334466657660572
